unsolidarisch	neg 1.0		off 0.49652660771935253 neg 0.4601529448024176 __DUMMY__ 0.04332044747822975	false	0.5
nachteilig	neg 1.0		off 0.49618104814106095 neg 0.4599970499942162 __DUMMY__ 0.04382190186472296	false	0.5
skeptisch	neg 1.0		off 0.49559583102192745 neg 0.4605327158729916 __DUMMY__ 0.04387145310508081	false	0.5
schrecklich	neg 1.0		off 0.5102639760747847 neg 0.44639264729907246 __DUMMY__ 0.04334337662614301	false	0.5
schlapp	neg 1.0		off 0.5071564751512859 neg 0.44920580855415504 __DUMMY__ 0.0436377162945589	false	0.5
abfall	neg 1.0		off 0.4941870579824495 neg 0.4617342666610603 __DUMMY__ 0.04407867535649005	false	0.5
widerspenstig	neg 1.0		off 0.5018415134242591 neg 0.45436347055377524 __DUMMY__ 0.043795016021965616	false	0.5
abrupt	neg 1.0		off 0.4983870132072694 neg 0.45755372042366144 __DUMMY__ 0.04405926636906914	false	0.5
unwirksam	neg 1.0		off 0.49761601920820814 neg 0.4589700717192414 __DUMMY__ 0.04341390907255056	false	0.5
angreifen	neg 1.0	neg 1.0	neg 0.7148328681246053 off 0.26408904832481966 __DUMMY__ 0.02107808355057494	false	1.0
inkonsistent	neg 1.0		off 0.5016600366758902 neg 0.4546664631739506 __DUMMY__ 0.0436735001501591	false	0.5
abrutschen	neg 1.0		off 0.49448840053302034 neg 0.46144588841655876 __DUMMY__ 0.044065711050420786	false	0.5
unsicher	neg 1.0		off 0.5021832550668269 neg 0.45397832118173154 __DUMMY__ 0.04383842375144147	false	0.5
bauernkind	off 1.0	off 1.0	off 0.7403704491053266 neg 0.23895831396008704 __DUMMY__ 0.02067123693458634	false	1.0
angreifer	neg 1.0		off 0.5037436058261402 neg 0.4524240031098324 __DUMMY__ 0.04383239106402743	false	0.5
trennen	neg 1.0		off 0.4997013633918301 neg 0.4561329610974877 __DUMMY__ 0.044165675510682116	false	0.5
schmutz	neg 1.0		off 0.50802286225817 neg 0.4477845578112852 __DUMMY__ 0.0441925799305449	false	0.5
inkonsistenz	neg 1.0		off 0.5023534270102727 neg 0.4543449057785786 __DUMMY__ 0.04330166721114881	false	0.5
erschreckend	neg 1.0		off 0.4993343166706023 neg 0.4569518934353297 __DUMMY__ 0.04371378989406799	false	0.5
ertrinken	neg 1.0		off 0.49994660852659006 neg 0.45596507251430896 __DUMMY__ 0.04408831895910096	false	0.5
pickelface	off 1.0		off 0.4984792549601256 neg 0.4577678993902402 __DUMMY__ 0.04375284564963422	false	1.0
seiner			off 0.49769911614040563 neg 0.4582819749458132 __DUMMY__ 0.044018908913781116	false	0.0
lauch	neg 1.0		off 0.4927125388940802 neg 0.463407536848581 __DUMMY__ 0.04387992425733883	false	0.5
unwichtig	neg 1.0		off 0.5052252584815188 neg 0.4512779735724151 __DUMMY__ 0.043496767946066044	false	0.5
steuerhinterziehung	neg 1.0		off 0.4973546365915287 neg 0.45902852315709997 __DUMMY__ 0.04361684025137122	false	0.5
schock	neg 1.0		off 0.5029447328962989 neg 0.45301927421918603 __DUMMY__ 0.044035992884515	false	0.5
beule	neg 1.0		off 0.507894035818371 neg 0.4484398996361543 __DUMMY__ 0.04366606454547462	false	0.5
vergelten	neg 1.0		off 0.5113152417442023 neg 0.4450371533313131 __DUMMY__ 0.043647604924484655	false	0.5
verdorbenheit	neg 1.0		off 0.5009508046676993 neg 0.455257618320823 __DUMMY__ 0.04379157701147768	false	0.5
trauma	neg 1.0		off 0.5020886393538359 neg 0.45419968415283185 __DUMMY__ 0.0437116764933323	false	0.5
sinnlos	neg 1.0		off 0.5042444982363169 neg 0.45201978679207383 __DUMMY__ 0.04373571497160921	false	0.5
fettsack	off 1.0	off 1.0	off 0.7422888568625019 neg 0.23696803280238582 __DUMMY__ 0.02074311033511233	false	1.0
feige	off 1.0	off 1.0	off 0.7388825114437437 neg 0.24030575265049287 __DUMMY__ 0.020811735905763403	false	1.0
abdanken	neg 1.0		off 0.49886251444139235 neg 0.4574865318339561 __DUMMY__ 0.043650953724651685	false	0.5
wichtigtuer	off 1.0	off 1.0	off 0.7374554707699241 neg 0.24165508110648568 __DUMMY__ 0.020889448123590327	false	1.0
misslingen	neg 1.0		off 0.5054647185946312 neg 0.45048452522565313 __DUMMY__ 0.04405075617971566	false	0.5
untreu	off 1.0		off 0.5066151516575339 neg 0.449920484023999 __DUMMY__ 0.04346436431846714	false	1.0
missmutig	neg 1.0		off 0.5063594737927938 neg 0.45004723576349276 __DUMMY__ 0.043593290443713476	false	0.5
hurenbock	off 1.0		off 0.5031479091187502 neg 0.45309481191718615 __DUMMY__ 0.04375727896406364	false	1.0
betrunken	neg 1.0		off 0.5104566931435733 neg 0.44590409442768075 __DUMMY__ 0.0436392124287458	false	0.5
korrupt	off 1.0		off 0.4951406419542841 neg 0.4613724737446572 __DUMMY__ 0.04348688430105872	false	1.0
unmut	neg 1.0		off 0.49342591879915315 neg 0.4625819429222672 __DUMMY__ 0.043992138278579666	false	0.5
hackfresse	off 1.0		off 0.5125870938330037 neg 0.44430659497279806 __DUMMY__ 0.043106311194198194	false	1.0
aufblasen	neg 1.0		off 0.5043067923579447 neg 0.4518323798949885 __DUMMY__ 0.043860827747066795	false	0.5
gewaltsam	neg 1.0		off 0.5005932069814688 neg 0.45559425422187544 __DUMMY__ 0.0438125387966559	false	0.5
unbeliebtheit	neg 1.0		off 0.4996309096677761 neg 0.4573651069803983 __DUMMY__ 0.043003983351825543	false	0.5
sturheit	neg 1.0		off 0.4990634741932967 neg 0.45724485913450263 __DUMMY__ 0.043691666672200535	false	0.5
kuh	neg 1.0		off 0.5001279318895323 neg 0.4563298490412577 __DUMMY__ 0.043542219069209985	false	0.5
erschrecken	neg 1.0		off 0.5059469802906669 neg 0.45040014047361 __DUMMY__ 0.04365287923572325	false	0.5
opfer	neg 1.0		off 0.49888013771141776 neg 0.457137661136216 __DUMMY__ 0.04398220115236628	false	0.5
sinken	neg 1.0		off 0.49406667481110994 neg 0.4619576117671471 __DUMMY__ 0.04397571342174297	false	0.5
stinktier	neg 1.0		off 0.5099117637399815 neg 0.4468589902905706 __DUMMY__ 0.04322924596944792	false	0.5
tucke	off 1.0		off 0.5105102261738417 neg 0.4466658951021798 __DUMMY__ 0.042823878723978574	false	1.0
ein			off 0.5028237367884001 neg 0.4533770744946313 __DUMMY__ 0.043799188716968696	false	0.0
abstieg	neg 1.0		off 0.49950061217575986 neg 0.45634240087908456 __DUMMY__ 0.04415698694515565	false	0.5
missverstehen	neg 1.0		off 0.5025501522252669 neg 0.4539170859199434 __DUMMY__ 0.043532761854789576	false	0.5
ergebnislos	neg 1.0		off 0.49650853152260055 neg 0.459609687061419 __DUMMY__ 0.04388178141598047	false	0.5
unter			off 0.4927771362581631 neg 0.4627261105329961 __DUMMY__ 0.04449675320884067	false	0.0
manipulieren	neg 1.0		off 0.496095762772883 neg 0.4599966203174037 __DUMMY__ 0.04390761690971339	false	0.5
unbewiesen	neg 1.0		off 0.4967382295566824 neg 0.45995963066134954 __DUMMY__ 0.043302139781967904	false	0.5
verschleppen	neg 1.0		off 0.4984868942033225 neg 0.4576523873179776 __DUMMY__ 0.043860718478699906	false	0.5
weib	off 1.0		off 0.5127327663077553 neg 0.4441430106110979 __DUMMY__ 0.04312422308114686	false	1.0
opposition	neg 1.0		off 0.5017722717790956 neg 0.45465802240764985 __DUMMY__ 0.04356970581325467	false	0.5
verkehrswidrig	neg 1.0	neg 1.0	neg 0.7055151127463736 off 0.27342653936757455 __DUMMY__ 0.021058347886051924	false	1.0
inkorrekt	neg 1.0		off 0.5052858098070175 neg 0.45153854781099767 __DUMMY__ 0.043175642381984944	false	0.5
vermeiden	neg 1.0		off 0.49333437423201065 neg 0.46242170658803256 __DUMMY__ 0.04424391917995694	false	0.5
abweichung	neg 1.0		off 0.4958814194572715 neg 0.46036347888470625 __DUMMY__ 0.043755101658022405	false	0.5
alkoholisiert	neg 1.0		off 0.5007223719004665 neg 0.45494464358083153 __DUMMY__ 0.044332984518701934	false	0.5
scheiss	off 1.0	off 1.0	off 0.7401590578436615 neg 0.23892963153850322 __DUMMY__ 0.02091131061783521	false	1.0
herausforderung	neg 1.0	neg 1.0	neg 0.7121804308026083 off 0.26649070976798667 __DUMMY__ 0.021328859429405087	false	1.0
pervers	off 1.0		off 0.5159680896349615 neg 0.4410102216836981 __DUMMY__ 0.04302168868134044	false	1.0
wackelig	neg 1.0		off 0.5015987015036993 neg 0.4542897427842382 __DUMMY__ 0.0441115557120623	false	0.5
verwickeln	neg 1.0		off 0.502427900122468 neg 0.4540368026677245 __DUMMY__ 0.04353529720980753	false	0.5
vorwand	neg 1.0		off 0.4955541775957957 neg 0.46048741183734104 __DUMMY__ 0.04395841056686322	false	0.5
muschi	off 1.0		off 0.49886821728910274 neg 0.4573927440799065 __DUMMY__ 0.04373903863099089	false	1.0
entmutigung	neg 1.0		off 0.5006961971467753 neg 0.4557883544688942 __DUMMY__ 0.04351544838433045	false	0.5
unangemessen	neg 1.0		off 0.4977858296385512 neg 0.45853830734150935 __DUMMY__ 0.0436758630199394	false	0.5
unstetig	neg 1.0		off 0.5029034738864987 neg 0.4533190903727934 __DUMMY__ 0.04377743574070798	false	0.5
entmutigen	neg 1.0		off 0.5020456506073623 neg 0.45430169224611483 __DUMMY__ 0.04365265714652295	false	0.5
schwanz	neg 1.0		off 0.4965489699009391 neg 0.45953878925007874 __DUMMY__ 0.043912240848982195	false	0.5
verbot	neg 1.0		off 0.49637749305077367 neg 0.4599730140094988 __DUMMY__ 0.04364949293972748	false	0.5
leid	neg 1.0		off 0.5119788551189256 neg 0.44466713231985333 __DUMMY__ 0.04335401256122108	false	0.5
archaisch	neg 1.0		off 0.49899260407408946 neg 0.4572018082156095 __DUMMY__ 0.043805587710300936	false	0.5
gegen			off 0.4959690271039045 neg 0.45993366338790004 __DUMMY__ 0.044097309508195445	false	0.0
scheidung	neg 1.0		off 0.5195591898526531 neg 0.43750338484171786 __DUMMY__ 0.04293742530562902	false	0.5
einschlag	neg 1.0	neg 1.0	neg 0.7081454275720337 off 0.2710056473945236 __DUMMY__ 0.020848925033442784	false	1.0
m			off 0.4998186915051889 neg 0.45625748095695784 __DUMMY__ 0.04392382753785329	false	0.0
abgestanden	neg 1.0		off 0.5036403071619749 neg 0.45248754929030277 __DUMMY__ 0.043872143547722245	false	0.5
schmierig	off 1.0		off 0.5116517549748508 neg 0.4449571156351886 __DUMMY__ 0.0433911293899606	false	1.0
unpraktisch	neg 1.0		off 0.5040297806992684 neg 0.4520874739697814 __DUMMY__ 0.04388274533095029	false	0.5
wixxer	off 1.0		off 0.5147650889958159 neg 0.4423014133242423 __DUMMY__ 0.04293349767994192	false	1.0
bezeichnet			off 0.49987307811132126 neg 0.4564424029123628 __DUMMY__ 0.04368451897631592	false	0.0
jammerlappen	off 1.0		off 0.5057501423926606 neg 0.4507223580076087 __DUMMY__ 0.04352749959973075	false	1.0
farce	neg 1.0		off 0.49641909259110295 neg 0.4600345197237754 __DUMMY__ 0.043546387685121694	false	0.5
zwecklos	neg 1.0		off 0.4984601800206242 neg 0.45779313940668076 __DUMMY__ 0.04374668057269508	false	0.5
turbulent	neg 1.0		off 0.5048679227277505 neg 0.45176845041801217 __DUMMY__ 0.04336362685423735	false	0.5
invasion	neg 1.0		off 0.5039509395725327 neg 0.45234965674435385 __DUMMY__ 0.04369940368311334	false	0.5
schuld	neg 1.0		off 0.5019350643929836 neg 0.454361636510571 __DUMMY__ 0.0437032990964454	false	0.5
risiko	neg 1.0		off 0.5020383209301233 neg 0.45416181619130647 __DUMMY__ 0.043799862878570156	false	0.5
finster	neg 1.0		off 0.5032394034809028 neg 0.4529608258246797 __DUMMY__ 0.04379977069441755	false	0.5
geisteskrank	off 1.0		off 0.5063628837391594 neg 0.4502789661191194 __DUMMY__ 0.043358150141721265	false	1.0
zusammenbrechen	neg 1.0		off 0.5008715127496166 neg 0.45521541805225324 __DUMMY__ 0.04391306919813017	false	0.5
ausbeute	neg 1.0		off 0.4979340068890846 neg 0.4580241964477067 __DUMMY__ 0.04404179666320861	false	0.5
hinterhalt	neg 1.0		off 0.49946392580966587 neg 0.4567036419778104 __DUMMY__ 0.0438324322125237	false	0.5
kritik	neg 1.0		off 0.4967600765112955 neg 0.45963746437577 __DUMMY__ 0.04360245911293453	false	0.5
einschrumpfen	neg 1.0		off 0.5011466461837675 neg 0.45551482071276145 __DUMMY__ 0.043338533103471154	false	0.5
riskant	neg 1.0		off 0.49731999865626914 neg 0.4588193937755923 __DUMMY__ 0.04386060756813849	false	0.5
frustrieren	neg 1.0		off 0.49760266294181016 neg 0.4585336549483665 __DUMMY__ 0.043863682109823325	false	0.5
groll	neg 1.0		off 0.498954316864167 neg 0.45721004636478924 __DUMMY__ 0.043835636771043615	false	0.5
gibt			off 0.4990095832890218 neg 0.45720883590328254 __DUMMY__ 0.043781580807695564	false	0.0
qualvoll	neg 1.0		off 0.5061851211683919 neg 0.45004052822454155 __DUMMY__ 0.043774350607066616	false	0.5
wackeln	neg 1.0	neg 1.0	neg 0.7102694454205052 off 0.26859584772914086 __DUMMY__ 0.021134706850353978	false	1.0
klagen	neg 1.0		off 0.49356564135107883 neg 0.46249190838005033 __DUMMY__ 0.043942450268870864	false	0.5
bankrott	neg 1.0		off 0.5054031471146158 neg 0.4509650633898868 __DUMMY__ 0.04363178949549735	false	0.5
trauern	neg 1.0		off 0.4991810697267077 neg 0.45678017764988066 __DUMMY__ 0.044038752623411545	false	0.5
ablehnung	neg 1.0		off 0.4967791121058626 neg 0.4596208073849406 __DUMMY__ 0.04360008050919679	false	0.5
stur	neg 1.0		off 0.5021602122235882 neg 0.4541962857567206 __DUMMY__ 0.043643502019691284	false	0.5
aufruhr	neg 1.0		off 0.5008922218929432 neg 0.4552534441141573 __DUMMY__ 0.04385433399289939	false	0.5
melancholie	neg 1.0		off 0.5003491832234338 neg 0.45566486797086264 __DUMMY__ 0.043985948805703556	false	0.5
ist			off 0.5028703331811668 neg 0.4534550477975416 __DUMMY__ 0.043674619021291626	false	0.0
torheit	neg 1.0		off 0.5004781942050347 neg 0.4559440649480838 __DUMMY__ 0.04357774084688151	false	0.5
dreckskind	off 1.0		off 0.5111656314501507 neg 0.4456606573220633 __DUMMY__ 0.04317371122778611	false	1.0
umtauschen	neg 1.0		off 0.501442089772635 neg 0.4547405023194553 __DUMMY__ 0.04381740790790956	false	0.5
zum			off 0.4956931349781102 neg 0.45984538153445803 __DUMMY__ 0.044461483487431785	false	0.0
zersetzen	neg 1.0		off 0.49521498189234964 neg 0.4609533315388909 __DUMMY__ 0.043831686568759486	false	0.5
zur			off 0.4924711654834885 neg 0.46328763703826226 __DUMMY__ 0.044241197478249235	false	0.0
frust	neg 1.0		off 0.5003783059807763 neg 0.45573230160522005 __DUMMY__ 0.04388939241400358	false	0.5
unerbittlichkeit	neg 1.0		off 0.4954029791320195 neg 0.4607605812511546 __DUMMY__ 0.04383643961682594	false	0.5
zwei			off 0.49709876545175136 neg 0.45858640249515437 __DUMMY__ 0.04431483205309427	false	0.0
unkorrekt	neg 1.0		off 0.5053694732104542 neg 0.4515243498447785 __DUMMY__ 0.043106176944767365	false	0.5
hexe	off 1.0		off 0.505473170652941 neg 0.4511271369301057 __DUMMY__ 0.04339969241695343	false	1.0
lasch	neg 1.0		off 0.5025255511436653 neg 0.45409567029071235 __DUMMY__ 0.04337877856562245	false	0.5
rivale	neg 1.0		off 0.5097338709303932 neg 0.4467160993004808 __DUMMY__ 0.0435500297691261	false	0.5
mutlos	off 1.0	off 1.0	off 0.7337744930045177 neg 0.24525137787160756 __DUMMY__ 0.020974129123874814	false	1.0
wirr	off 1.0		off 0.5063653972656418 neg 0.45047496153269295 __DUMMY__ 0.043159641201665176	false	1.0
jahr			off 0.4979043184734613 neg 0.4579366573349655 __DUMMY__ 0.04415902419157318	false	0.0
wird			off 0.4982090275978562 neg 0.457912811362745 __DUMMY__ 0.043878161039398955	false	0.0
strafbar	neg 1.0		off 0.4965549536305928 neg 0.45966977814980325 __DUMMY__ 0.04377526821960397	false	0.5
erosion	neg 1.0		off 0.5030519807626621 neg 0.45309013134565035 __DUMMY__ 0.04385788789168756	false	0.5
eingehen	neg 1.0		off 0.4970780681358366 neg 0.4592150461131898 __DUMMY__ 0.043706885750973534	false	0.5
faul	off 1.0		off 0.506579881290263 neg 0.4497227180977734 __DUMMY__ 0.04369740061196359	false	1.0
provisorium	neg 1.0		off 0.4915938747970406 neg 0.4639977330235684 __DUMMY__ 0.044408392179391055	false	0.5
schmerzen	neg 1.0		off 0.5020004613511794 neg 0.45417956104764434 __DUMMY__ 0.04381997760117617	false	0.5
schrumpfen	neg 1.0		off 0.4911643106960514 neg 0.46478431347336807 __DUMMY__ 0.04405137583058057	false	0.5
geistlos	off 1.0		off 0.5001789849946844 neg 0.45652361991626095 __DUMMY__ 0.04329739508905474	false	1.0
fehlkauf	neg 1.0		off 0.5024012211036315 neg 0.45396341993977285 __DUMMY__ 0.04363535895659564	false	0.5
frustrierend	neg 1.0		off 0.5059929397113784 neg 0.45032408747046265 __DUMMY__ 0.04368297281815901	false	0.5
unzufrieden	neg 1.0		off 0.49806252286649366 neg 0.45820858280543575 __DUMMY__ 0.04372889432807057	false	0.5
verzweifeln	neg 1.0		off 0.5010192757067057 neg 0.4551821353868228 __DUMMY__ 0.04379858890647158	false	0.5
verzweifelt	neg 1.0		off 0.5025586226991773 neg 0.45377044892062646 __DUMMY__ 0.04367092838019633	false	0.5
misstrauensantrag	neg 1.0		off 0.5030430656670514 neg 0.4533458035158744 __DUMMY__ 0.043611130817074344	false	0.5
abfallen	neg 1.0		off 0.5043919738185125 neg 0.4517255051715867 __DUMMY__ 0.043882521009900796	false	0.5
fucker	off 1.0		off 0.5069231948778801 neg 0.44971035373579943 __DUMMY__ 0.043366451386320455	false	1.0
ungezogen	neg 1.0		off 0.5149383643720834 neg 0.44191808759206985 __DUMMY__ 0.043143548035846836	false	0.5
irrsinnig	neg 1.0	neg 1.0	neg 0.7121634053641747 off 0.26690655973520366 __DUMMY__ 0.02093003490062166	false	1.0
unfassbar	neg 1.0		off 0.5057725758797083 neg 0.45079637743680395 __DUMMY__ 0.043431046683487726	false	0.5
hart	neg 1.0		off 0.5045420827617061 neg 0.45187091696509946 __DUMMY__ 0.04358700027319443	false	0.5
widerlich	off 1.0		off 0.5061489378264253 neg 0.45050776951413657 __DUMMY__ 0.04334329265943806	false	1.0
fatal	neg 1.0		off 0.5028000297727667 neg 0.4535585011771161 __DUMMY__ 0.04364146905011699	false	0.5
bruch	neg 1.0		off 0.49459788811773386 neg 0.46139470599499105 __DUMMY__ 0.04400740588727502	false	0.5
aushungern	neg 1.0		off 0.49838331300194166 neg 0.45797954865121787 __DUMMY__ 0.043637138346840465	false	0.5
anspannung	neg 1.0	neg 1.0	neg 0.713693793385827 off 0.26483978939581965 __DUMMY__ 0.021466417218353406	false	1.0
von			off 0.4970393974546232 neg 0.4587983541702804 __DUMMY__ 0.04416224837509631	false	0.0
kraftlos	neg 1.0		off 0.501810625874781 neg 0.4541057315963051 __DUMMY__ 0.044083642528913856	false	0.5
vom			off 0.4935622935239861 neg 0.4619197340212985 __DUMMY__ 0.04451797245471545	false	0.0
grenzdebil	off 1.0		off 0.5075548266193892 neg 0.44897476893486205 __DUMMY__ 0.04347040444574886	false	1.0
vor			off 0.49692232417689336 neg 0.4589851380052816 __DUMMY__ 0.044092537817825045	false	0.0
unterwerfen	neg 1.0		off 0.49717187510295935 neg 0.4589729718285986 __DUMMY__ 0.04385515306844193	false	0.5
versenkung	neg 1.0		off 0.497304018194892 neg 0.45878806153372126 __DUMMY__ 0.043907920271386666	false	0.5
entziehen	neg 1.0		off 0.4948652755721821 neg 0.4611496407288822 __DUMMY__ 0.04398508369893573	false	0.5
finanzkrise	neg 1.0		off 0.49816740104748763 neg 0.45824503453708465 __DUMMY__ 0.04358756441542768	false	0.5
schimpfend	neg 1.0		off 0.5045656911356824 neg 0.45151295332742 __DUMMY__ 0.043921355536897626	false	0.5
profan	neg 1.0		off 0.5039197198683606 neg 0.45246083652203684 __DUMMY__ 0.043619443609602696	false	0.5
korruption	neg 1.0		off 0.49611977846035726 neg 0.46025187499220993 __DUMMY__ 0.04362834654743273	false	0.5
â			off 0.4984486216547772 neg 0.4576245425143907 __DUMMY__ 0.04392683583083204	false	0.0
schmutzig	neg 1.0		off 0.5081393892707674 neg 0.44826060773047544 __DUMMY__ 0.04360000299875721	false	0.5
sexy	neg 1.0		off 0.5047247965380218 neg 0.45164694553315987 __DUMMY__ 0.04362825792881829	false	0.5
abraten	neg 1.0		off 0.5027568378129468 neg 0.4536052305720413 __DUMMY__ 0.04363793161501191	false	0.5
schwarz	neg 1.0		off 0.5019232656959598 neg 0.45444591667858236 __DUMMY__ 0.04363081762545781	false	0.5
fotze	off 1.0		off 0.4967588672196834 neg 0.4594323252535035 __DUMMY__ 0.04380880752681299	false	1.0
verwirren	neg 1.0		off 0.5040434275819186 neg 0.45234828202620375 __DUMMY__ 0.04360829039187786	false	0.5
zahnlos	off 1.0		off 0.49796464933476625 neg 0.45831970587053456 __DUMMY__ 0.04371564479469924	false	1.0
verheeren	neg 1.0		off 0.5167470246950294 neg 0.4400409903454678 __DUMMY__ 0.04321198495950272	false	0.5
hippie	neg 1.0		off 0.5038332230922816 neg 0.45255845843634784 __DUMMY__ 0.043608318471370554	false	0.5
rammen	neg 1.0		off 0.5030869279309609 neg 0.4531189433185741 __DUMMY__ 0.043794128750465046	false	0.5
unlauter	neg 1.0		off 0.4974424344291527 neg 0.4592513061813583 __DUMMY__ 0.043306259389489114	false	0.5
unheilvoll	neg 1.0		off 0.5053402666789665 neg 0.4508282709095039 __DUMMY__ 0.043831462411529604	false	0.5
niedrig	neg 1.0		off 0.49816462740210743 neg 0.4577877858772905 __DUMMY__ 0.0440475867206022	false	0.5
explosion	neg 1.0		off 0.50313159549359 neg 0.45326453628401636 __DUMMY__ 0.04360386822239359	false	0.5
weichei	off 1.0		off 0.5115939309043571 neg 0.44520486806817705 __DUMMY__ 0.04320120102746575	false	1.0
minusmensch	off 1.0		off 0.5114698710757883 neg 0.44580179161095557 __DUMMY__ 0.04272833731325603	false	1.0
farblos	neg 1.0		off 0.5032442057057465 neg 0.45267282295983463 __DUMMY__ 0.044082971334418845	false	0.5
unwissend	neg 1.0	neg 1.0	neg 0.7102869541462058 off 0.26889389504073785 __DUMMY__ 0.020819150813056526	false	1.0
traurig	neg 1.0		off 0.5094749441234039 neg 0.44712077243596615 __DUMMY__ 0.043404283440629875	false	0.5
senkung	neg 1.0		off 0.5014194286147694 neg 0.45518924457256593 __DUMMY__ 0.04339132681266459	false	0.5
ungleich	neg 1.0	neg 1.0	neg 0.715333925666095 off 0.2636756466172547 __DUMMY__ 0.020990427716650346	false	1.0
heikel	neg 1.0		off 0.49528061250392924 neg 0.46090311197425976 __DUMMY__ 0.043816275521810874	false	0.5
drosselung	neg 1.0		off 0.5071307019143656 neg 0.44937712868096286 __DUMMY__ 0.04349216940467141	false	0.5
falsch	neg 1.0		off 0.5053978508298711 neg 0.4510140729266009 __DUMMY__ 0.043588076243527875	false	0.5
unzufriedenheit	neg 1.0		off 0.49518163688530176 neg 0.4609306340709853 __DUMMY__ 0.04388772904371298	false	0.5
kurz	neg 1.0		off 0.501383237801192 neg 0.45463761310492157 __DUMMY__ 0.04397914909388636	false	0.5
unsinnig	neg 1.0		off 0.4977084300253089 neg 0.4586717532451759 __DUMMY__ 0.043619816729515294	false	0.5
penner	off 1.0	off 1.0	off 0.7433925649837809 neg 0.23593046936138393 __DUMMY__ 0.020676965654835153	false	1.0
seicht	neg 1.0		off 0.5124704416799203 neg 0.4446071151164988 __DUMMY__ 0.042922443203580955	false	0.5
dummheit	off 1.0	off 1.0	off 0.7376187164367773 neg 0.24150268074131118 __DUMMY__ 0.020878602821911417	false	1.0
unerfreulich	neg 1.0		off 0.4958994924479342 neg 0.4601022885712554 __DUMMY__ 0.04399821898081042	false	0.5
motherfucker	off 1.0	off 1.0	off 0.7396256006293498 neg 0.239599907841373 __DUMMY__ 0.02077449152927719	false	1.0
pikiert	neg 1.0		off 0.5049315624700241 neg 0.4517014747261276 __DUMMY__ 0.04336696280384833	false	0.5
wrack	neg 1.0		off 0.4984437454939593 neg 0.45755147570214033 __DUMMY__ 0.04400477880390029	false	0.5
gangster	neg 1.0		off 0.5037924444672391 neg 0.45255473451002104 __DUMMY__ 0.04365282102273986	false	0.5
krank	neg 1.0		off 0.5090109196963216 neg 0.4474094248504871 __DUMMY__ 0.04357965545319128	false	0.5
reich	neg 1.0		off 0.5027252821898571 neg 0.4539677431367891 __DUMMY__ 0.04330697467335376	false	0.5
gnadenlos	neg 1.0		off 0.502267411744044 neg 0.4539968427799445 __DUMMY__ 0.04373574547601155	false	0.5
niedergeschlagen	neg 1.0		off 0.5020214535474177 neg 0.45397953033363453 __DUMMY__ 0.04399901611894788	false	0.5
terrorisieren	off 1.0	off 1.0	off 0.7351896912913595 neg 0.24372282600103304 __DUMMY__ 0.021087482707607616	false	1.0
sinnlosigkeit	neg 1.0		off 0.4985806555145153 neg 0.45766229444394946 __DUMMY__ 0.04375705004153531	false	0.5
behindern	neg 1.0		off 0.4996435482867356 neg 0.4566548854240127 __DUMMY__ 0.043701566289251544	false	0.5
undemokratisch	neg 1.0		off 0.49915392178160223 neg 0.45739551180414 __DUMMY__ 0.04345056641425785	false	0.5
wirtschaftskrise	neg 1.0		off 0.496513819752538 neg 0.4597548184401636 __DUMMY__ 0.04373136180729838	false	0.5
neid	neg 1.0		off 0.5077807493683829 neg 0.44847557944813465 __DUMMY__ 0.04374367118348232	false	0.5
rutschen	neg 1.0		off 0.4976215118666528 neg 0.45800801436939836 __DUMMY__ 0.044370473763948745	false	0.5
rezession	neg 1.0		off 0.5084364097766554 neg 0.4483686997361406 __DUMMY__ 0.043194890487203985	false	0.5
fehlgeburt	neg 1.0		off 0.5053539483652607 neg 0.4507825691543287 __DUMMY__ 0.04386348248041058	false	0.5
charakterschwach	off 1.0		off 0.506667206160591 neg 0.4498892844768516 __DUMMY__ 0.04344350936255749	false	1.0
isolation	neg 1.0		off 0.5056767746011539 neg 0.45066768681092173 __DUMMY__ 0.04365553858792428	false	0.5
ablenkung	neg 1.0		off 0.501851466354615 neg 0.45438075747822526 __DUMMY__ 0.043767776167159676	false	0.5
pech	neg 1.0		off 0.5057754216160918 neg 0.4505702204451491 __DUMMY__ 0.04365435793875896	false	0.5
vermeidung	neg 1.0		off 0.5058775519203873 neg 0.4507904190120601 __DUMMY__ 0.043332029067552694	false	0.5
dominieren	neg 1.0		off 0.49980273537843817 neg 0.45613067522626466 __DUMMY__ 0.044066589395297305	false	0.5
schwindlig	neg 1.0		off 0.5070543889441683 neg 0.44897816914315425 __DUMMY__ 0.04396744191267757	false	0.5
lutscher	neg 1.0		off 0.5135992548844875 neg 0.44346132697877116 __DUMMY__ 0.042939418136741354	false	0.5
pflicht	neg 1.0		off 0.495285406633139 neg 0.4608718184367852 __DUMMY__ 0.04384277493007573	false	0.5
faschist	off 1.0		off 0.5012403702024807 neg 0.45539518596259027 __DUMMY__ 0.043364443834929094	false	1.0
verschleudern	neg 1.0		off 0.4934510452597559 neg 0.4630199115136503 __DUMMY__ 0.04352904322659368	false	0.5
wenn			off 0.5055275138674407 neg 0.45090032373798417 __DUMMY__ 0.04357216239457505	false	0.0
ehebruch	neg 1.0		off 0.4976252809002692 neg 0.45855134702989475 __DUMMY__ 0.04382337206983609	false	0.5
spott	off 1.0		off 0.496011631680782 neg 0.4602479339087444 __DUMMY__ 0.04374043441047348	false	1.0
trostlosigkeit	neg 1.0		off 0.49548332604435796 neg 0.4605130519089246 __DUMMY__ 0.04400362204671749	false	0.5
lutschen	neg 1.0		off 0.5028055131940927 neg 0.4536350349864058 __DUMMY__ 0.04355945181950143	false	0.5
undiszipliniert	neg 1.0		off 0.5091945769355842 neg 0.4473197021247621 __DUMMY__ 0.043485720939653756	false	0.5
kopfschmerz	neg 1.0		off 0.5020853760449435 neg 0.45390908052752177 __DUMMY__ 0.04400554342753488	false	0.5
unvorhergesehen	neg 1.0		off 0.5005339667368858 neg 0.4552971132176895 __DUMMY__ 0.044168920045424706	false	0.5
desinteressiert	neg 1.0		off 0.5076346930781853 neg 0.4490086929071111 __DUMMY__ 0.043356614014703816	false	0.5
armselig	off 1.0		off 0.5072571832300535 neg 0.449549085675415 __DUMMY__ 0.0431937310945314	false	1.0
desaster	neg 1.0		off 0.49278309416888627 neg 0.46330669808483943 __DUMMY__ 0.04391020774627438	false	0.5
tod	neg 1.0		off 0.49991281968249146 neg 0.4560462869036286 __DUMMY__ 0.04404089341387991	false	0.5
herzlos	neg 1.0		off 0.5090005746894524 neg 0.44770451956951346 __DUMMY__ 0.043294905741034076	false	0.5
unwissenheit	neg 1.0		off 0.49675359669032143 neg 0.45963571693257727 __DUMMY__ 0.04361068637710133	false	0.5
widersinnig	neg 1.0	neg 1.0	neg 0.715513741410411 off 0.26365662384977706 __DUMMY__ 0.02082963473981193	false	1.0
bedenklich	neg 1.0		off 0.4966810221730139 neg 0.45955490134881816 __DUMMY__ 0.043764076478168	false	0.5
beanstanden	neg 1.0		off 0.4947896348510189 neg 0.4613342006849984 __DUMMY__ 0.0438761644639827	false	0.5
panisch	neg 1.0	neg 1.0	neg 0.7087652283191487 off 0.2701032892159396 __DUMMY__ 0.021131482464911627	false	1.0
debil	off 1.0		off 0.491349410442217 neg 0.4644742192947659 __DUMMY__ 0.04417637026301696	false	1.0
abstrich	neg 1.0		off 0.4971019038766006 neg 0.45918882114911475 __DUMMY__ 0.043709274974284625	false	0.5
primitiv	neg 1.0		off 0.5067517347185264 neg 0.4499003757384533 __DUMMY__ 0.04334788954302039	false	0.5
abschaum	off 1.0	off 1.0	off 0.7387958835565117 neg 0.24036127465207455 __DUMMY__ 0.020842841791413744	false	1.0
provozieren	neg 1.0		off 0.5012142807281716 neg 0.4551327009112592 __DUMMY__ 0.04365301836056908	false	0.5
tot	neg 1.0		off 0.4957644873286024 neg 0.460530608431409 __DUMMY__ 0.04370490423998866	false	0.5
instabil	neg 1.0		off 0.5042056388148899 neg 0.4526803034517353 __DUMMY__ 0.043114057733374865	false	0.5
schwuchtel	off 1.0		off 0.5179305656794735 neg 0.43929830969358286 __DUMMY__ 0.04277112462694363	false	1.0
zerren	neg 1.0		off 0.502035128263189 neg 0.45396851067162397 __DUMMY__ 0.043996361065186985	false	0.5
kinderficker	off 1.0		off 0.5085860902919546 neg 0.44841142340743184 __DUMMY__ 0.04300248630061354	false	1.0
gefahr	neg 1.0		off 0.49645095188990834 neg 0.45955328139374385 __DUMMY__ 0.043995766716347744	false	0.5
rabiat	neg 1.0		off 0.5006605964103259 neg 0.4556577216949908 __DUMMY__ 0.04368168189468329	false	0.5
verlangsamung	neg 1.0		off 0.5126738672051565 neg 0.44415977556395747 __DUMMY__ 0.04316635723088599	false	0.5
ausgestorben	neg 1.0		off 0.5017904462161441 neg 0.4543287477651854 __DUMMY__ 0.043880806018670594	false	0.5
anklagen	neg 1.0		off 0.4988124078026967 neg 0.4574400746857201 __DUMMY__ 0.043747517511583185	false	0.5
trott	neg 1.0		off 0.5010032099091001 neg 0.4551823958290277 __DUMMY__ 0.04381439426187212	false	0.5
verminderung	neg 1.0		off 0.5063997558459351 neg 0.45032039281296316 __DUMMY__ 0.04327985134110183	false	0.5
nach			off 0.49719828302575136 neg 0.4582473181331669 __DUMMY__ 0.04455439884108169	false	0.0
rost	neg 1.0		off 0.5119793407083227 neg 0.4447611327557795 __DUMMY__ 0.043259526535897555	false	0.5
destruktiv	neg 1.0		off 0.49831047859159744 neg 0.4581717382664443 __DUMMY__ 0.04351778314195821	false	0.5
unzumutbarkeit	neg 1.0		off 0.505974439526112 neg 0.4504517080100496 __DUMMY__ 0.043573852463838394	false	0.5
labil	off 1.0	off 1.0	off 0.7387632079838512 neg 0.24038818836956752 __DUMMY__ 0.02084860364658127	false	1.0
ziemlich	neg 1.0		off 0.5075700748463214 neg 0.4488777253540883 __DUMMY__ 0.04355219979959031	false	0.5
lachnummer	off 1.0		off 0.49947108237578974 neg 0.45691629210882895 __DUMMY__ 0.04361262551538123	false	1.0
oder			off 0.5024459156584636 neg 0.45372842466681207 __DUMMY__ 0.043825659674724356	false	0.0
verfall	neg 1.0		off 0.4914940986924368 neg 0.4644235587363302 __DUMMY__ 0.04408234257123292	false	0.5
ausgrenzung	neg 1.0		off 0.500574554974605 neg 0.45593603258631915 __DUMMY__ 0.0434894124390758	false	0.5
unordnung	neg 1.0		off 0.5066898875999601 neg 0.4497756418572444 __DUMMY__ 0.04353447054279548	false	0.5
fehlverhalten	neg 1.0		off 0.4956105421386197 neg 0.4605572543339195 __DUMMY__ 0.04383220352746072	false	0.5
eine			off 0.4961414342799727 neg 0.45989410377851 __DUMMY__ 0.04396446194151727	false	0.0
nille	neg 1.0		off 0.4997125815060838 neg 0.4565211297453082 __DUMMY__ 0.04376628874860799	false	0.5
qual	neg 1.0		off 0.5006911358618431 neg 0.4554993428358279 __DUMMY__ 0.04380952130232894	false	0.5
verschwenden	neg 1.0		off 0.4977203264799627 neg 0.45848296513853676 __DUMMY__ 0.04379670838150042	false	0.5
riesig	neg 1.0	neg 1.0	neg 0.712577975346562 off 0.2662351607425441 __DUMMY__ 0.021186863910893864	false	1.0
verurteilen	neg 1.0		off 0.49828541088480993 neg 0.457953600075383 __DUMMY__ 0.04376098903980708	false	0.5
klischee	neg 1.0	neg 1.0	neg 0.7113910774409543 off 0.26778025724491067 __DUMMY__ 0.020828665314134926	false	1.0
diktatorisch	neg 1.0		off 0.4992170965056061 neg 0.45740124804276083 __DUMMY__ 0.04338165545163318	false	0.5
vorhersehbar	neg 1.0	neg 1.0	neg 0.7112901032857705 off 0.2678260978381586 __DUMMY__ 0.020883798876070867	false	1.0
sowie			off 0.5103913148813688 neg 0.4464282884977743 __DUMMY__ 0.04318039662085694	false	0.0
stornieren	neg 1.0		off 0.5046505251359417 neg 0.4513610411982972 __DUMMY__ 0.04398843366576123	false	0.5
besteuerung	neg 1.0		off 0.49892792124440233 neg 0.4576406063716597 __DUMMY__ 0.04343147238393796	false	0.5
ungeschminkt	neg 1.0		off 0.5064255045761428 neg 0.45017828020739337 __DUMMY__ 0.04339621521646392	false	0.5
kritisch	neg 1.0		off 0.49618890666918986 neg 0.46006383592500283 __DUMMY__ 0.043747257405807434	false	0.5
schlamperei	off 1.0		off 0.4947387254897144 neg 0.4615183346505893 __DUMMY__ 0.043742939859696246	false	1.0
sucht	neg 1.0	neg 1.0	neg 0.7114344615686434 off 0.26748814829697287 __DUMMY__ 0.021077390134383873	false	1.0
egoistisch	off 1.0		off 0.5118055418802627 neg 0.4449503279410261 __DUMMY__ 0.04324413017871101	false	1.0
ausbeuter	off 1.0		off 0.49447058202638305 neg 0.4617943924202705 __DUMMY__ 0.04373502555334635	false	1.0
arschgeburt	off 1.0		off 0.5175175089289157 neg 0.4397654194800569 __DUMMY__ 0.04271707159102747	false	1.0
schubs	neg 1.0	neg 1.0	neg 0.7117907887800681 off 0.2670306059806165 __DUMMY__ 0.02117860523931545	false	1.0
unsolide	neg 1.0		off 0.4974836564455867 neg 0.45938312717313196 __DUMMY__ 0.0431332163812815	false	0.5
beschwerde	neg 1.0		off 0.49529145614144177 neg 0.46094222270816776 __DUMMY__ 0.04376632115039045	false	0.5
stocken	neg 1.0		off 0.4975560589691816 neg 0.4585345200250464 __DUMMY__ 0.043909421005771984	false	0.5
isolieren	neg 1.0		off 0.49823523283652404 neg 0.457946189280498 __DUMMY__ 0.04381857788297794	false	0.5
unheilbar	neg 1.0		off 0.5037683505125206 neg 0.45230363238533977 __DUMMY__ 0.04392801710213958	false	0.5
pisser	off 1.0		off 0.5084289769577306 neg 0.4481007426984516 __DUMMY__ 0.04347028034381767	false	1.0
löschen	neg 1.0		off 0.5012129827811032 neg 0.45501498656226463 __DUMMY__ 0.043772030656632176	false	0.5
durchfallen	neg 1.0		off 0.49715846398142194 neg 0.45918331414569924 __DUMMY__ 0.043658221872878884	false	0.5
wichser	off 1.0		off 0.5162635488223017 neg 0.4406939212815737 __DUMMY__ 0.04304252989612463	false	1.0
terror	neg 1.0		off 0.5049123201255371 neg 0.4513425169096589 __DUMMY__ 0.04374516296480392	false	0.5
krass	neg 1.0		off 0.5096055577879717 neg 0.4471156564294682 __DUMMY__ 0.043278785782560183	false	0.5
revolte	neg 1.0		off 0.5013423877385711 neg 0.45517664164693306 __DUMMY__ 0.04348097061449587	false	0.5
besorgt	neg 1.0		off 0.5015291607087721 neg 0.45441364177551513 __DUMMY__ 0.04405719751571284	false	0.5
nachlassen	neg 1.0		off 0.4975121280783944 neg 0.4585463462293726 __DUMMY__ 0.04394152569223291	false	0.5
alt	neg 1.0		off 0.4987080892892463 neg 0.45738605675396127 __DUMMY__ 0.04390585395679231	false	0.5
hundesohn	off 1.0		off 0.512934292058658 neg 0.44412085864400197 __DUMMY__ 0.04294484929734011	false	1.0
als			off 0.5004803051919132 neg 0.455592111936236 __DUMMY__ 0.04392758287185086	false	0.0
abschreckung	neg 1.0		off 0.4951182195487332 neg 0.46090627815929824 __DUMMY__ 0.04397550229196861	false	0.5
unqualifiziert	neg 1.0		off 0.5009213902642131 neg 0.4558103648475074 __DUMMY__ 0.04326824488827938	false	0.5
abgewichst	off 1.0		off 0.4993964615179552 neg 0.45678780810315245 __DUMMY__ 0.04381573037889234	false	1.0
schwer	neg 1.0		off 0.5017333287556197 neg 0.454455483816044 __DUMMY__ 0.04381118742833643	false	0.5
bedeutungslosigkeit	neg 1.0		off 0.495447099883118 neg 0.4606662550471412 __DUMMY__ 0.04388664506974064	false	0.5
kapitulation	neg 1.0		off 0.4952719217118089 neg 0.4610518548361791 __DUMMY__ 0.04367622345201207	false	0.5
unscharf	neg 1.0		off 0.503131779380504 neg 0.4532817622031199 __DUMMY__ 0.04358645841637604	false	0.5
schwinden	neg 1.0		off 0.49602051356625454 neg 0.46002955945636503 __DUMMY__ 0.04394992697738026	false	0.5
versklavung	neg 1.0		off 0.499413432230798 neg 0.4571419295418925 __DUMMY__ 0.043444638227309526	false	0.5
schlecht	neg 1.0		off 0.5079042930157075 neg 0.44852043887827864 __DUMMY__ 0.04357526810601399	false	0.5
verhasst	neg 1.0		off 0.5016882229979619 neg 0.4546632121937073 __DUMMY__ 0.04364856480833077	false	0.5
beschweren	neg 1.0		off 0.5030591359827874 neg 0.4532695085758921 __DUMMY__ 0.04367135544132038	false	0.5
scheiden	neg 1.0		off 0.5039076050820054 neg 0.4521261307106143 __DUMMY__ 0.0439662642073803	false	0.5
frustriert	neg 1.0		off 0.5003609307239676 neg 0.45581780142446165 __DUMMY__ 0.04382126785157067	false	0.5
schimmelig	neg 1.0		off 0.49862302854091206 neg 0.4573949054019563 __DUMMY__ 0.04398206605713153	false	0.5
fisch	neg 1.0		off 0.4981315912155506 neg 0.4577518520607127 __DUMMY__ 0.04411655672373659	false	0.5
schmuggel	neg 1.0		off 0.49871412743635046 neg 0.45708219312376686 __DUMMY__ 0.04420367943988278	false	0.5
auffallen	neg 1.0		off 0.5038226360599729 neg 0.45252419034489577 __DUMMY__ 0.04365317359513121	false	0.5
konkurrenz	neg 1.0	neg 1.0	neg 0.715375219575047 off 0.2634834162455545 __DUMMY__ 0.021141364179398495	false	1.0
teufelskreis	neg 1.0		off 0.5007668675296228 neg 0.455443985794754 __DUMMY__ 0.04378914667562313	false	0.5
aufschreien	neg 1.0		off 0.5028632091583313 neg 0.45356375487401585 __DUMMY__ 0.043573035967652884	false	0.5
schuldner	neg 1.0		off 0.4958675470662929 neg 0.4602247161215388 __DUMMY__ 0.04390773681216824	false	0.5
missgeburt	off 1.0	off 1.0	off 0.741848146798679 neg 0.2374440573360536 __DUMMY__ 0.02070779586526727	false	1.0
arbeitslos	neg 1.0		off 0.4976538145048745 neg 0.4586699193220579 __DUMMY__ 0.0436762661730676	false	0.5
befallen	neg 1.0		off 0.4996647022954907 neg 0.45652889066267466 __DUMMY__ 0.04380640704183472	false	0.5
miesepetrig	off 1.0	off 1.0	off 0.7404224904258141 neg 0.23866104492021797 __DUMMY__ 0.02091646465396796	false	1.0
alarmieren	neg 1.0		off 0.5042706139943562 neg 0.4522839664944569 __DUMMY__ 0.04344541951118704	false	0.5
ungeduscht	off 1.0		off 0.5057966475830669 neg 0.45052679465351714 __DUMMY__ 0.04367655776341593	false	1.0
knappheit	neg 1.0		off 0.49545224776265057 neg 0.46087227911339557 __DUMMY__ 0.04367547312395396	false	0.5
schlange	neg 1.0		off 0.5051616421934569 neg 0.45094906660539463 __DUMMY__ 0.043889291201148366	false	0.5
harsch	neg 1.0		off 0.5118571732501105 neg 0.4447010165364059 __DUMMY__ 0.04344181021348346	false	0.5
lang	neg 1.0		off 0.501936106576356 neg 0.45427908299310676 __DUMMY__ 0.04378481043053726	false	0.5
ziellos	neg 1.0		off 0.5006307211552105 neg 0.4553450446405978 __DUMMY__ 0.04402423420419188	false	0.5
selbstverliebt	neg 1.0		off 0.5152272833510165 neg 0.4419521780336773 __DUMMY__ 0.04282053861530622	false	0.5
beseitigen	neg 1.0		off 0.49995110397989895 neg 0.45629029300640167 __DUMMY__ 0.04375860301369934	false	0.5
dumm	off 1.0		off 0.5118161656472385 neg 0.4450721943255604 __DUMMY__ 0.043111640027201255	false	1.0
arbeitsloser	neg 1.0		off 0.4982808810410056 neg 0.4578590382159535 __DUMMY__ 0.04386008074304093	false	0.5
blitzen	neg 1.0		off 0.5043560999799932 neg 0.45200858246501024 __DUMMY__ 0.043635317554996556	false	0.5
hilflos	neg 1.0		off 0.500408890876366 neg 0.4557074883093149 __DUMMY__ 0.043883620814319096	false	0.5
eklig	off 1.0		off 0.51350056910852 neg 0.4433159101846999 __DUMMY__ 0.04318352070677992	false	1.0
begriff			off 0.4987299528575645 neg 0.45760234890579654 __DUMMY__ 0.04366769823663894	false	0.0
hungersnot	neg 1.0		off 0.5001561054909668 neg 0.45595460705519464 __DUMMY__ 0.04388928745383859	false	0.5
ungesetzlich	neg 1.0		off 0.4985494412485092 neg 0.45822630145924864 __DUMMY__ 0.04322425729224205	false	0.5
verschwendung	neg 1.0		off 0.4969244606085871 neg 0.4591837423985624 __DUMMY__ 0.04389179699285048	false	0.5
schmerzvoll	neg 1.0		off 0.5035030296002065 neg 0.4527781072457552 __DUMMY__ 0.04371886315403836	false	0.5
vorzeitig	neg 1.0		off 0.5058244578342921 neg 0.45039951225212155 __DUMMY__ 0.043776029913586284	false	0.5
unvollkommenheit	neg 1.0		off 0.5025373814467642 neg 0.4532648377037462 __DUMMY__ 0.04419778084948965	false	0.5
intervenieren	neg 1.0		off 0.4945760839268243 neg 0.46171734340122045 __DUMMY__ 0.043706572671955296	false	0.5
banause	off 1.0		off 0.5138718029748396 neg 0.44318324057997555 __DUMMY__ 0.04294495644518496	false	1.0
rebell	neg 1.0		off 0.49371290389529043 neg 0.4622742558144104 __DUMMY__ 0.04401284029029911	false	0.5
unlogisch	neg 1.0		off 0.5087719246759753 neg 0.4479146913349031 __DUMMY__ 0.04331338398912164	false	0.5
leiden	neg 1.0		off 0.5002367280518863 neg 0.4554855751131654 __DUMMY__ 0.04427769683494826	false	0.5
abschaffung	neg 1.0		off 0.49885345227270883 neg 0.45768906506994067 __DUMMY__ 0.043457482657350534	false	0.5
sturz	neg 1.0		off 0.5024290213187501 neg 0.4536935240431424 __DUMMY__ 0.04387745463810756	false	0.5
verkleinerung	neg 1.0		off 0.5010229712757748 neg 0.4556562821880473 __DUMMY__ 0.04332074653617804	false	0.5
schmarotzer	off 1.0		off 0.4969492211121741 neg 0.4594270130136608 __DUMMY__ 0.043623765874165284	false	1.0
bestrafung	neg 1.0		off 0.50224241092353 neg 0.4540961109567892 __DUMMY__ 0.04366147811968103	false	0.5
achtlos	neg 1.0		off 0.5025063398076637 neg 0.4535996036057639 __DUMMY__ 0.043894056586572534	false	0.5
ungeheuer	neg 1.0		off 0.504503164335313 neg 0.4518536043202195 __DUMMY__ 0.04364323134446767	false	0.5
unaufrichtig	neg 1.0		off 0.5020520436014176 neg 0.4544221722341678 __DUMMY__ 0.04352578416441456	false	0.5
groggy	neg 1.0		off 0.5031508674370198 neg 0.45326491970912386 __DUMMY__ 0.04358421285385637	false	0.5
