unsolidarisch	neg 1.0		__DUMMY__ 0.9313741927695756 neg 0.03482333696642231 off 0.03380247026400221	false	1.0
nachteilig	neg 1.0		__DUMMY__ 0.9374881496128116 neg 0.032035759819974835 off 0.030476090567213614	false	1.0
skeptisch	neg 1.0		__DUMMY__ 0.9377626190559548 neg 0.032224001058152006 off 0.0300133798858932	false	1.0
schrecklich	neg 1.0		__DUMMY__ 0.9318335718850005 off 0.04043945440928326 neg 0.027726973705716338	false	0.5
schlapp	neg 1.0		__DUMMY__ 0.9355124184843008 off 0.03675206051707152 neg 0.027735520998627822	false	0.5
abfall	neg 1.0		__DUMMY__ 0.9402050415138753 neg 0.03179197006927027 off 0.02800298841685446	false	1.0
widerspenstig	neg 1.0		__DUMMY__ 0.9372416650104011 off 0.03317726826683632 neg 0.029581066722762655	false	0.5
abrupt	neg 1.0		__DUMMY__ 0.9404121271740955 off 0.029881923876149654 neg 0.02970594894975487	false	0.5
unwirksam	neg 1.0		__DUMMY__ 0.9326941844227609 neg 0.03399376491377685 off 0.03331205066346225	false	1.0
angreifen	neg 1.0	neg 1.0	neg 0.4989846849577221 __DUMMY__ 0.4734190367257922 off 0.027596278316485746	false	1.0
inkonsistent	neg 1.0		__DUMMY__ 0.9360721636261187 off 0.033732438974948875 neg 0.030195397398932455	false	0.5
abrutschen	neg 1.0		__DUMMY__ 0.9399255421682835 neg 0.03180277701687271 off 0.028271680814843776	false	1.0
unsicher	neg 1.0		__DUMMY__ 0.9373728531913563 off 0.033611023130835714 neg 0.02901612367780797	false	0.5
bauernkind	off 1.0	off 1.0	off 0.506384743335094 __DUMMY__ 0.46603039580156175 neg 0.027584860863344284	false	1.0
angreifer	neg 1.0		__DUMMY__ 0.9376381929317791 off 0.03449686667738183 neg 0.0278649403908391	false	0.5
trennen	neg 1.0		__DUMMY__ 0.9412421439047004 off 0.030348095336844433 neg 0.02840976075845514	false	0.5
schmutz	neg 1.0		__DUMMY__ 0.9425501978904018 off 0.034257022947770374 neg 0.023192779161827767	false	0.5
inkonsistenz	neg 1.0		__DUMMY__ 0.9314068379320091 off 0.03671742922650468 neg 0.03187573284148625	false	0.5
erschreckend	neg 1.0		__DUMMY__ 0.9358549607102363 off 0.03290493934183884 neg 0.03124009994792476	false	0.5
ertrinken	neg 1.0		__DUMMY__ 0.9402989540279004 off 0.030979212015070378 neg 0.028721833957029205	false	0.5
pickelface	off 1.0		__DUMMY__ 0.9367142244980061 off 0.03196136397090165 neg 0.03132441153109224	false	1.0
seiner			__DUMMY__ 0.9394671406269766 neg 0.03027852777128658 off 0.030254331601736826	false	0.0
lauch	neg 1.0		__DUMMY__ 0.938080624778029 neg 0.03385582874910533 off 0.02806354647286577	false	1.0
unwichtig	neg 1.0		__DUMMY__ 0.9335394073283632 off 0.037070435674560843 neg 0.029390156997075947	false	0.5
steuerhinterziehung	neg 1.0		__DUMMY__ 0.9350254509979384 neg 0.03252132333160632 off 0.03245322567045526	false	1.0
schock	neg 1.0		__DUMMY__ 0.9397811816824906 off 0.03277314951760597 neg 0.02744566879990351	false	0.5
beule	neg 1.0		__DUMMY__ 0.9360743487357182 off 0.03685509609888317 neg 0.02707055516539869	false	0.5
vergelten	neg 1.0		__DUMMY__ 0.935862005939806 off 0.039567121486336856 neg 0.024570872573857164	false	0.5
verdorbenheit	neg 1.0		__DUMMY__ 0.9372676937683078 off 0.03260603186085861 neg 0.030126274370833647	false	0.5
trauma	neg 1.0		__DUMMY__ 0.9359158092819826 off 0.034210363315443186 neg 0.02987382740257421	false	0.5
sinnlos	neg 1.0		__DUMMY__ 0.9362704502259525 off 0.035246179838432 neg 0.0284833699356156	false	0.5
fettsack	off 1.0	off 1.0	off 0.5076603413298852 __DUMMY__ 0.4673985583510591 neg 0.024941100319055744	false	1.0
feige	off 1.0	off 1.0	off 0.5043537259918529 __DUMMY__ 0.46834301653996085 neg 0.027303257468186192	false	1.0
abdanken	neg 1.0		__DUMMY__ 0.9353484910022579 off 0.03326987987616462 neg 0.031381629121577576	false	0.5
wichtigtuer	off 1.0	off 1.0	off 0.5023183290653632 __DUMMY__ 0.4698691512531161 neg 0.027812519681520577	false	1.0
misslingen	neg 1.0		__DUMMY__ 0.9406890206140576 off 0.033785411107336905 neg 0.02552556827860551	false	0.5
untreu	off 1.0		__DUMMY__ 0.9330953100674522 off 0.03794184848034204 neg 0.02896284145220581	false	1.0
missmutig	neg 1.0		__DUMMY__ 0.9347264731963051 off 0.03695197081398417 neg 0.028321555989710766	false	0.5
hurenbock	off 1.0		__DUMMY__ 0.9370733875721065 off 0.03411856636552475 neg 0.028808046062368836	false	1.0
betrunken	neg 1.0		__DUMMY__ 0.9355197441599044 off 0.03864545662127301 neg 0.02583479921882267	false	0.5
korrupt	off 1.0		__DUMMY__ 0.9333402293775643 neg 0.03453698437083565 off 0.03212278625160003	false	0.5
unmut	neg 1.0		__DUMMY__ 0.9392155855294573 neg 0.03253215771095109 off 0.028252256759591646	false	1.0
hackfresse	off 1.0		__DUMMY__ 0.9291723620020022 off 0.04295407054434945 neg 0.02787356745364841	false	1.0
aufblasen	neg 1.0		__DUMMY__ 0.9378725244211279 off 0.03428291129280652 neg 0.027844564286065587	false	0.5
gewaltsam	neg 1.0		__DUMMY__ 0.937359627781282 off 0.03286219364198909 neg 0.02977817857672892	false	0.5
unbeliebtheit	neg 1.0		__DUMMY__ 0.9278148558372942 off 0.0369642374200261 neg 0.03522090674267979	false	0.5
sturheit	neg 1.0		__DUMMY__ 0.9356990310227699 off 0.03303492537039666 neg 0.031266043606833556	false	0.5
kuh	neg 1.0		__DUMMY__ 0.9347558873620184 off 0.033341197158063 neg 0.031902915479918546	false	0.5
erschrecken	neg 1.0		__DUMMY__ 0.9353132988147572 off 0.03646117022265263 neg 0.02822553096259007	false	0.5
opfer	neg 1.0		__DUMMY__ 0.9391831829037547 off 0.031174390537003303 neg 0.02964242655924202	false	0.5
sinken	neg 1.0		__DUMMY__ 0.9391818756859631 neg 0.032359422681299016 off 0.028458701632737882	false	1.0
stinktier	neg 1.0		__DUMMY__ 0.9307866046725088 off 0.040782402039226194 neg 0.028430993288264966	false	0.5
tucke	off 1.0		__DUMMY__ 0.9260466773673239 off 0.04321762248250867 neg 0.030735700150167456	false	1.0
ein			__DUMMY__ 0.9372331875323716 off 0.033725054570901136 neg 0.029041757896727197	false	0.0
abstieg	neg 1.0		__DUMMY__ 0.9414899343251587 off 0.03045000792443186 neg 0.028060057750409366	false	0.5
missverstehen	neg 1.0		__DUMMY__ 0.9339118352405703 off 0.03553961167665903 neg 0.03054855308277058	false	0.5
ergebnislos	neg 1.0		__DUMMY__ 0.9380155776421959 neg 0.0315288143315308 off 0.03045560802627332	false	1.0
unter			__DUMMY__ 0.9452123373143596 neg 0.030096242810203917 off 0.024691419875436525	false	0.0
manipulieren	neg 1.0		__DUMMY__ 0.938331340765014 neg 0.03152573103919716 off 0.0301429281957889	false	1.0
unbewiesen	neg 1.0		__DUMMY__ 0.9311468106782268 neg 0.03477801723804693 off 0.034075172083726325	false	1.0
verschleppen	neg 1.0		__DUMMY__ 0.9379064435465196 off 0.031707550959162174 neg 0.03038600549431811	false	0.5
weib	off 1.0		__DUMMY__ 0.9295122115977189 off 0.042939193670293994 neg 0.02754859473198707	false	1.0
opposition	neg 1.0		__DUMMY__ 0.9345387108486464 off 0.03458031289308971 neg 0.03088097625826389	false	0.5
verkehrswidrig	neg 1.0	neg 1.0	neg 0.49043556877794037 __DUMMY__ 0.4739656910339404 off 0.03559874018811928	false	1.0
inkorrekt	neg 1.0		__DUMMY__ 0.9299378809682532 off 0.03906789851716938 neg 0.030994220514577345	false	0.5
vermeiden	neg 1.0		__DUMMY__ 0.9424923326630639 neg 0.031192617227789387 off 0.026315050109146684	false	1.0
abweichung	neg 1.0		__DUMMY__ 0.9367870769579616 neg 0.0325329699327662 off 0.03067995310927223	false	1.0
alkoholisiert	neg 1.0		__DUMMY__ 0.944182471424178 off 0.029187485812897117 neg 0.026630042762924907	false	0.5
scheiss	off 1.0	off 1.0	off 0.503699374316815 __DUMMY__ 0.4709053111744475 neg 0.02539531450873749	false	1.0
herausforderung	neg 1.0	neg 1.0	neg 0.4939129356783767 __DUMMY__ 0.47892298367415465 off 0.027164080647468652	false	1.0
pervers	off 1.0		__DUMMY__ 0.9283316757139249 off 0.04527237967420957 neg 0.02639594461186536	false	1.0
wackelig	neg 1.0		__DUMMY__ 0.9408839191187001 off 0.031292915525238496 neg 0.027823165356061448	false	0.5
verwickeln	neg 1.0		__DUMMY__ 0.933869813564675 off 0.03551243164306266 neg 0.030617754792262232	false	0.5
vorwand	neg 1.0		__DUMMY__ 0.9388647002911285 neg 0.03162356161645338 off 0.029511738092418218	false	1.0
muschi	off 1.0		__DUMMY__ 0.936409980605902 off 0.03237119595277189 neg 0.031218823441326118	false	1.0
entmutigung	neg 1.0		__DUMMY__ 0.9339017589285808 off 0.034901345781260425 neg 0.031196895290158743	false	0.5
unangemessen	neg 1.0		__DUMMY__ 0.9355493373161682 off 0.032359582567663865 neg 0.03209108011616795	false	0.5
unstetig	neg 1.0		__DUMMY__ 0.9374860698371847 off 0.03374576594545114 neg 0.02876816421736411	false	0.5
entmutigen	neg 1.0		__DUMMY__ 0.9353538135750616 off 0.034516186239004924 neg 0.030130000185933457	false	0.5
schwanz	neg 1.0		__DUMMY__ 0.9387226334964299 neg 0.03145566239047681 off 0.029821704113093348	false	1.0
verbot	neg 1.0		__DUMMY__ 0.9353292072282852 neg 0.03280353383257834 off 0.03186725893913651	false	1.0
leid	neg 1.0		__DUMMY__ 0.9321901548007067 off 0.04115393868879178 neg 0.02665590651050156	false	0.5
archaisch	neg 1.0		__DUMMY__ 0.9371668121951983 off 0.03203662133473379 neg 0.030796566470067968	false	0.5
gegen			__DUMMY__ 0.9404342878360461 neg 0.030399471417895035 off 0.02916624074605891	false	0.0
scheidung	neg 1.0		__DUMMY__ 0.9273457153667162 off 0.048125945996801645 neg 0.024528338636482155	false	0.5
einschlag	neg 1.0	neg 1.0	neg 0.49482077665889707 __DUMMY__ 0.4694307624604402 off 0.03574846088066278	false	1.0
m			__DUMMY__ 0.9384343018634763 off 0.031684428758644245 neg 0.029881269377879514	false	0.0
abgestanden	neg 1.0		__DUMMY__ 0.9386829005136477 off 0.033184334224371365 neg 0.028132765261981038	false	0.5
schmierig	off 1.0		__DUMMY__ 0.9325585033851781 off 0.04082514055623491 neg 0.02661635605858698	false	1.0
unpraktisch	neg 1.0		__DUMMY__ 0.9383243776237019 off 0.03380195510394133 neg 0.027873667272356843	false	0.5
wixxer	off 1.0		__DUMMY__ 0.92727189305506 off 0.0451140652077895 neg 0.02761404173715062	false	1.0
bezeichnet			__DUMMY__ 0.9356642030187905 off 0.03332890004477777 neg 0.031006896936431685	false	0.0
jammerlappen	off 1.0		__DUMMY__ 0.9338291074124211 off 0.037179048603909776 neg 0.028991843983669222	false	1.0
farce	neg 1.0		__DUMMY__ 0.9341624131461344 neg 0.033440616676097 off 0.0323969701777686	false	1.0
zwecklos	neg 1.0		__DUMMY__ 0.9362752153738632 off 0.03228345482711122 neg 0.031441329799025586	false	0.5
turbulent	neg 1.0		__DUMMY__ 0.9325718036483982 off 0.03733932436135972 neg 0.030088871990242176	false	0.5
invasion	neg 1.0		__DUMMY__ 0.9358658170100017 off 0.03523781653993971 neg 0.028896366450058622	false	0.5
schuld	neg 1.0		__DUMMY__ 0.9358172518188139 off 0.03429656232058883 neg 0.029886185860597214	false	0.5
risiko	neg 1.0		__DUMMY__ 0.9375138276600283 off 0.03361744020360432 neg 0.028868732136367356	false	0.5
finster	neg 1.0		__DUMMY__ 0.9374707531346166 off 0.03355262750226211 neg 0.028976619363121403	false	0.5
geisteskrank	off 1.0		__DUMMY__ 0.9319624275855714 off 0.03853078076433736 neg 0.029506791650091378	false	1.0
zusammenbrechen	neg 1.0		__DUMMY__ 0.9381726764161419 off 0.03253711857633773 neg 0.029290205007520415	false	0.5
ausbeute	neg 1.0		__DUMMY__ 0.9404070950286567 neg 0.03008552619659104 off 0.029507378774752253	false	1.0
hinterhalt	neg 1.0		__DUMMY__ 0.9378505359995063 off 0.0317835995650598 neg 0.030365864435433907	false	0.5
kritik	neg 1.0		__DUMMY__ 0.9348111983632896 neg 0.03288990126137891 off 0.0322989003753315	false	1.0
einschrumpfen	neg 1.0		__DUMMY__ 0.9317590752775408 off 0.03574129587090479 neg 0.032499628851554475	false	0.5
riskant	neg 1.0		__DUMMY__ 0.9375078574442813 neg 0.031456905120742965 off 0.031035237434975715	false	1.0
frustrieren	neg 1.0		__DUMMY__ 0.9376539205965885 neg 0.031240059659360393 off 0.031106019744051198	false	1.0
groll	neg 1.0		__DUMMY__ 0.9374651313214053 off 0.03206410088219833 neg 0.030470767796396372	false	0.5
gibt			__DUMMY__ 0.9365185523361542 off 0.03237517671489498 neg 0.031106270948950864	false	0.0
qualvoll	neg 1.0		__DUMMY__ 0.9368307101427307 off 0.03581334513623446 neg 0.027355944721034912	false	0.5
wackeln	neg 1.0	neg 1.0	neg 0.49442164934290783 __DUMMY__ 0.47479303854288407 off 0.030785312114208093	false	1.0
klagen	neg 1.0		__DUMMY__ 0.938763686140359 neg 0.03266110387465281 off 0.028575209984988248	false	1.0
bankrott	neg 1.0		__DUMMY__ 0.9351724801846505 off 0.036119940831995156 neg 0.028707578983354267	false	0.5
trauern	neg 1.0		__DUMMY__ 0.9399514254040421 off 0.030931408953409012 neg 0.029117165642548903	false	0.5
ablehnung	neg 1.0		__DUMMY__ 0.9347616124404551 neg 0.03285401390748154 off 0.03238437365206339	false	1.0
stur	neg 1.0		__DUMMY__ 0.9351154458012252 off 0.034728717838116416 neg 0.030155836360658404	false	0.5
aufruhr	neg 1.0		__DUMMY__ 0.9378600625030727 off 0.0328873153936019 neg 0.029252622103325358	false	0.5
melancholie	neg 1.0		__DUMMY__ 0.9394961704525981 off 0.031242835804472697 neg 0.029260993742929085	false	0.5
ist			__DUMMY__ 0.9354331786954114 off 0.034817945969742255 neg 0.029748875334846273	false	0.0
torheit	neg 1.0		__DUMMY__ 0.9345901229504913 off 0.03433137078292193 neg 0.031078506266586866	false	0.5
dreckskind	off 1.0		__DUMMY__ 0.9300862826555546 off 0.0418659175521582 neg 0.02804779979228717	false	1.0
umtauschen	neg 1.0		__DUMMY__ 0.9375712063998094 off 0.03261265154042 neg 0.029816142059770664	false	0.5
zum			__DUMMY__ 0.9449274177963521 neg 0.028788251209133812 off 0.02628433099451404	false	0.0
zersetzen	neg 1.0		__DUMMY__ 0.9373380277393975 neg 0.03262545404907463 off 0.030036518211527957	false	1.0
zur			__DUMMY__ 0.942243655521912 neg 0.031620561239605584 off 0.02613578323848234	false	0.0
frust	neg 1.0		__DUMMY__ 0.9378236517920211 off 0.03248876404417734 neg 0.029687584163801576	false	0.5
unerbittlichkeit	neg 1.0		__DUMMY__ 0.9374565614044323 neg 0.03242915085038298 off 0.030114287745184716	false	1.0
zwei			__DUMMY__ 0.9430225207916233 neg 0.029076992093805498 off 0.02790048711457129	false	0.0
unkorrekt	neg 1.0		__DUMMY__ 0.9292030547282387 off 0.03934661455590416 neg 0.03145033071585712	false	0.5
hexe	off 1.0		__DUMMY__ 0.9327671823229018 off 0.037261362095580924 neg 0.02997145558151723	false	1.0
lasch	neg 1.0		__DUMMY__ 0.9321088389396535 off 0.03642312097321195 neg 0.03146804008713462	false	0.5
rivale	neg 1.0		__DUMMY__ 0.9346019026897499 off 0.03893797371304025 neg 0.026460123597209895	false	0.5
mutlos	off 1.0	off 1.0	off 0.49834883619308024 __DUMMY__ 0.47148140702047303 neg 0.03016975678644674	false	1.0
wirr	off 1.0		__DUMMY__ 0.9297966009733177 off 0.039430548396260125 neg 0.030772850630422132	false	1.0
jahr			__DUMMY__ 0.9414313087021589 neg 0.02942143197918019 off 0.029147259318660974	false	0.0
wird			__DUMMY__ 0.937754227219054 off 0.031214541549128373 neg 0.03103123123181766	false	0.0
strafbar	neg 1.0		__DUMMY__ 0.9367920856890283 neg 0.03200863165494181 off 0.03119928265602986	false	1.0
erosion	neg 1.0		__DUMMY__ 0.9377466864653413 off 0.033749182705684076 neg 0.028504130828974586	false	0.5
eingehen	neg 1.0		__DUMMY__ 0.9356630638853383 neg 0.032500133195489396 off 0.03183680291917233	false	1.0
faul	off 1.0		__DUMMY__ 0.9362063370333844 off 0.03613846774744582 neg 0.02765519521916978	false	1.0
provisorium	neg 1.0		__DUMMY__ 0.9441919906898678 neg 0.03142220317949868 off 0.024385806130633465	false	1.0
schmerzen	neg 1.0		__DUMMY__ 0.9375741794661385 off 0.03291212450456137 neg 0.029513696029300183	false	0.5
schrumpfen	neg 1.0		__DUMMY__ 0.9399342825563862 neg 0.03351421713200347 off 0.026551500311610375	false	1.0
geistlos	off 1.0		__DUMMY__ 0.9311567785313112 off 0.03581146803934323 neg 0.0330317534293455	false	1.0
fehlkauf	neg 1.0		__DUMMY__ 0.9352133933510337 off 0.03477328500028729 neg 0.030013321648678995	false	0.5
frustrierend	neg 1.0		__DUMMY__ 0.935686310199069 off 0.036416904371709594 neg 0.027896785429221378	false	0.5
unzufrieden	neg 1.0		__DUMMY__ 0.9359480437392806 off 0.032216285548025615 neg 0.03183567071269368	false	0.5
verzweifeln	neg 1.0		__DUMMY__ 0.9368179041455318 off 0.03327057658947359 neg 0.029911519264994607	false	0.5
verzweifelt	neg 1.0		__DUMMY__ 0.935318822082398 off 0.03475768978786009 neg 0.029923488129741948	false	0.5
misstrauensantrag	neg 1.0		__DUMMY__ 0.9350145647876454 off 0.03501148320235678 neg 0.02997395200999782	false	0.5
abfallen	neg 1.0		__DUMMY__ 0.9382239403004665 off 0.034022150602547103 neg 0.02775390909698644	false	0.5
fucker	off 1.0		__DUMMY__ 0.9317833759314854 off 0.0388669801803547 neg 0.029349643888159912	false	1.0
ungezogen	neg 1.0		__DUMMY__ 0.9297768800051767 off 0.04393830182131108 neg 0.026284818173512307	false	0.5
irrsinnig	neg 1.0	neg 1.0	neg 0.49808687573293015 __DUMMY__ 0.47051431076230577 off 0.031398813504764055	false	1.0
unfassbar	neg 1.0		__DUMMY__ 0.9327029694762877 off 0.037658378016962285 neg 0.02963865250674996	false	0.5
hart	neg 1.0		__DUMMY__ 0.9352383528719568 off 0.0357616503239452 neg 0.028999996804097993	false	0.5
widerlich	off 1.0		__DUMMY__ 0.9317808060050917 off 0.038387179774420695 neg 0.029832014220487604	false	1.0
fatal	neg 1.0		__DUMMY__ 0.9350766777289032 off 0.03505117683570764 neg 0.029872145435389106	false	0.5
bruch	neg 1.0		__DUMMY__ 0.939508372033775 neg 0.0317021378787743 off 0.028789490087450662	false	1.0
aushungern	neg 1.0		__DUMMY__ 0.9351479187537483 off 0.03315506141648882 neg 0.03169701982976288	false	0.5
anspannung	neg 1.0	neg 1.0	neg 0.4942411676233053 __DUMMY__ 0.481475980316677 off 0.024282852060017648	false	1.0
von			__DUMMY__ 0.9415658294075637 neg 0.029731630442560747 off 0.028702540149875416	false	0.0
kraftlos	neg 1.0		__DUMMY__ 0.9404292976803199 off 0.03184442815706943 neg 0.02772627416261072	false	0.5
vom			__DUMMY__ 0.9455690911571306 neg 0.029708081282916972 off 0.024722827559952344	false	0.0
grenzdebil	off 1.0		__DUMMY__ 0.933276995176518 off 0.03831675305891409 neg 0.028406251764567923	false	1.0
vor			__DUMMY__ 0.9402239226643949 neg 0.030353551778888842 off 0.029422525556716247	false	0.0
unterwerfen	neg 1.0		__DUMMY__ 0.9377868731226743 neg 0.031276707001950135 off 0.03093641987537568	false	1.0
versenkung	neg 1.0		__DUMMY__ 0.9380629585800901 neg 0.031087381578734353 off 0.03084965984117555	false	1.0
entziehen	neg 1.0		__DUMMY__ 0.939132072478949 neg 0.031835693893106455 off 0.029032233627944565	false	1.0
finanzkrise	neg 1.0		__DUMMY__ 0.934738817522079 off 0.032842643056291594 neg 0.03241853942162945	false	0.5
schimpfend	neg 1.0		__DUMMY__ 0.9389568597734447 off 0.0336977069816243 neg 0.027345433244931005	false	0.5
profan	neg 1.0		__DUMMY__ 0.9349339966888913 off 0.03558383020006432 neg 0.02948217311104444	false	0.5
korruption	neg 1.0		__DUMMY__ 0.935118662582068 neg 0.03313650327960017 off 0.03174483413833176	false	1.0
â			__DUMMY__ 0.9384883272878638 off 0.030894208958753656 neg 0.030617463753382586	false	0.0
schmutzig	neg 1.0		__DUMMY__ 0.9348188391951154 off 0.03785987771986223 neg 0.02732128308502233	false	0.5
sexy	neg 1.0		__DUMMY__ 0.9349497381342191 off 0.03606408379312414 neg 0.02898617807265673	false	0.5
abraten	neg 1.0		__DUMMY__ 0.9352121583095285 off 0.03477092107251828 neg 0.03001692061795327	false	0.5
schwarz	neg 1.0		__DUMMY__ 0.934974491894371 off 0.0345768241189593 neg 0.030448683986669656	false	0.5
fotze	off 1.0		__DUMMY__ 0.9372647303706376 neg 0.03199126278964521 off 0.03074400683971725	false	0.5
verwirren	neg 1.0		__DUMMY__ 0.9347174412800466 off 0.035813601424707145 neg 0.029468957295246217	false	0.5
zahnlos	off 1.0		__DUMMY__ 0.9358849430703878 off 0.03223982925802937 neg 0.031875227671582795	false	1.0
verheeren	neg 1.0		__DUMMY__ 0.9305426083671031 off 0.04490169402920479 neg 0.02455569760369202	false	0.5
hippie	neg 1.0		__DUMMY__ 0.9346550628301116 off 0.03577958460825822 neg 0.029565352561630256	false	0.5
rammen	neg 1.0		__DUMMY__ 0.9375756843997071 off 0.033563680899738275 neg 0.028860634700554683	false	0.5
unlauter	neg 1.0		__DUMMY__ 0.9314153581032325 neg 0.03457081323483797 off 0.03401382866192946	false	1.0
unheilvoll	neg 1.0		__DUMMY__ 0.9378372292341994 off 0.034826050377026366 neg 0.027336720388774216	false	0.5
niedrig	neg 1.0		__DUMMY__ 0.9405003428170076 off 0.029917052726607354 neg 0.029582604456385126	false	0.5
explosion	neg 1.0		__DUMMY__ 0.9348076436248217 off 0.035260641928484576 neg 0.029931714446693698	false	0.5
weichei	off 1.0		__DUMMY__ 0.9303067621091988 off 0.04178275970429123 neg 0.027910478186509904	false	1.0
minusmensch	off 1.0		__DUMMY__ 0.924459790493252 off 0.04514520403388076 neg 0.030395005472867134	false	1.0
farblos	neg 1.0		__DUMMY__ 0.9413467274169368 off 0.032063919249918825 neg 0.026589353333144362	false	0.5
unwissend	neg 1.0	neg 1.0	neg 0.4973965114429186 __DUMMY__ 0.46848699363010643 off 0.034116494926974966	false	1.0
traurig	neg 1.0		__DUMMY__ 0.9325463867319591 off 0.039692097071890385 neg 0.027761516196150547	false	0.5
senkung	neg 1.0		__DUMMY__ 0.9324433234037766 off 0.035410159810253486 neg 0.0321465167859699	false	0.5
ungleich	neg 1.0	neg 1.0	neg 0.5001371878793059 __DUMMY__ 0.4718695712614747 off 0.02799324085921922	false	1.0
heikel	neg 1.0		__DUMMY__ 0.9371364139878589 neg 0.03275092705321767 off 0.03011265895892354	false	1.0
drosselung	neg 1.0		__DUMMY__ 0.9338202969216634 off 0.037766063291421716 neg 0.028413639786914954	false	0.5
falsch	neg 1.0		__DUMMY__ 0.9346770952107837 off 0.03655743299120776 neg 0.028765471798008535	false	0.5
unzufriedenheit	neg 1.0		__DUMMY__ 0.9379545348657629 neg 0.03225267467898365 off 0.029792790455253505	false	1.0
kurz	neg 1.0		__DUMMY__ 0.939142694188687 off 0.03206154540695633 neg 0.028795760404356593	false	0.5
unsinnig	neg 1.0		__DUMMY__ 0.9348103954978685 neg 0.03262772315454148 off 0.03256188134759011	false	1.0
penner	off 1.0	off 1.0	off 0.5095378850087989 __DUMMY__ 0.46571979193100216 neg 0.024742323060198867	false	1.0
seicht	neg 1.0		__DUMMY__ 0.9269345518662954 off 0.04422458979411738 neg 0.028840858339587185	false	0.5
dummheit	off 1.0	off 1.0	off 0.502543284012311 __DUMMY__ 0.46962203699291316 neg 0.027834678994775867	false	1.0
unerfreulich	neg 1.0		__DUMMY__ 0.9393666718724026 neg 0.031372101702052534 off 0.029261226425544743	false	1.0
motherfucker	off 1.0	off 1.0	off 0.5054715529252455 __DUMMY__ 0.4674132819739564 neg 0.02711516510079816	false	1.0
pikiert	neg 1.0		__DUMMY__ 0.9320520170638683 off 0.0375996319237284 neg 0.030348351012403275	false	0.5
wrack	neg 1.0		__DUMMY__ 0.9400544123773538 off 0.030087310441528077 neg 0.02985827718111826	false	0.5
gangster	neg 1.0		__DUMMY__ 0.9352557250034549 off 0.03541181728208752 neg 0.0293324577144576	false	0.5
krank	neg 1.0		__DUMMY__ 0.934760137640334 off 0.03823888668742425 neg 0.02700097567224176	false	0.5
reich	neg 1.0		__DUMMY__ 0.9317066337507073 off 0.03654356580338959 neg 0.03174980044590309	false	0.5
gnadenlos	neg 1.0		__DUMMY__ 0.9360977314094853 off 0.03431826562689424 neg 0.029584002963620508	false	0.5
niedergeschlagen	neg 1.0		__DUMMY__ 0.9394286850531166 off 0.03244381381869172 neg 0.02812750112819167	false	0.5
terrorisieren	off 1.0	off 1.0	off 0.4985458251590546 __DUMMY__ 0.47374841389908495 neg 0.027705760941860447	false	1.0
sinnlosigkeit	neg 1.0		__DUMMY__ 0.936376115271704 off 0.032247173027052184 neg 0.031376711701243815	false	0.5
behindern	neg 1.0		__DUMMY__ 0.9358638562307235 off 0.03278676993609067 neg 0.031349373833185847	false	0.5
undemokratisch	neg 1.0		__DUMMY__ 0.9330698304854049 off 0.034481599505125506 neg 0.032448570009469595	false	0.5
wirtschaftskrise	neg 1.0		__DUMMY__ 0.9363561752247608 neg 0.03238492767029067 off 0.03125889710494859	false	1.0
neid	neg 1.0		__DUMMY__ 0.9367133127237591 off 0.036761108543697525 neg 0.026525578732543423	false	0.5
rutschen	neg 1.0		__DUMMY__ 0.9437648943180721 neg 0.028423241787918066 off 0.027811863894009872	false	1.0
rezession	neg 1.0		__DUMMY__ 0.9300735094117271 off 0.04057125460757292 neg 0.029355235980699945	false	0.5
fehlgeburt	neg 1.0		__DUMMY__ 0.938523750632378 off 0.03474380967588897 neg 0.02673243969173292	false	0.5
charakterschwach	off 1.0		__DUMMY__ 0.9330462560875981 off 0.03821028772739106 neg 0.028743456185010896	false	1.0
isolation	neg 1.0		__DUMMY__ 0.9354464002461534 off 0.0362761652423986 neg 0.028277434511447996	false	0.5
ablenkung	neg 1.0		__DUMMY__ 0.9365404425873503 off 0.033713932935340134 neg 0.029745624477309707	false	0.5
pech	neg 1.0		__DUMMY__ 0.9358241953926605 off 0.035846231507378874 neg 0.028329573099960703	false	0.5
vermeidung	neg 1.0		__DUMMY__ 0.9316552572711105 off 0.03809447187998549 neg 0.030250270848904075	false	0.5
dominieren	neg 1.0		__DUMMY__ 0.9404686709276313 off 0.0309285962173094 neg 0.028602732855059206	false	0.5
schwindlig	neg 1.0		__DUMMY__ 0.9395467034825764 off 0.034729792056680385 neg 0.025723504460743167	false	0.5
lutscher	neg 1.0		__DUMMY__ 0.9273017717770653 off 0.04448130053026141 neg 0.028216927692673293	false	0.5
pflicht	neg 1.0		__DUMMY__ 0.9372678732204964 neg 0.032545161584590865 off 0.03018696519491267	false	1.0
faschist	off 1.0		__DUMMY__ 0.9321008909257231 off 0.03605608662001368 neg 0.031843022454263174	false	1.0
verschleudern	neg 1.0		__DUMMY__ 0.9338904004494967 neg 0.035366544785530224 off 0.030743054764973063	false	1.0
wenn			__DUMMY__ 0.9343282625808651 off 0.03675792043785869 neg 0.028913816981276215	false	0.0
ehebruch	neg 1.0		__DUMMY__ 0.9373973799012357 off 0.03144147731285652 neg 0.031161142785907755	false	0.5
spott	off 1.0		__DUMMY__ 0.9363357353046209 neg 0.03256199725515576 off 0.031102267440223347	false	0.5
trostlosigkeit	neg 1.0		__DUMMY__ 0.9394885896944075 neg 0.031409902361948516 off 0.02910150794364399	false	1.0
lutschen	neg 1.0		__DUMMY__ 0.934515343438694 off 0.03534594589281709 neg 0.030138710668488847	false	0.5
undiszipliniert	neg 1.0		__DUMMY__ 0.9336568926053215 off 0.0390084759364811 neg 0.02733463145819732	false	0.5
kopfschmerz	neg 1.0		__DUMMY__ 0.9398632321548741 off 0.031884990503606055 neg 0.028251777341519846	false	0.5
unvorhergesehen	neg 1.0		__DUMMY__ 0.9417353034231015 off 0.030233687239813147 neg 0.028031009337085324	false	0.5
desinteressiert	neg 1.0		__DUMMY__ 0.9319627165133529 off 0.03903810732096285 neg 0.028999176165684145	false	0.5
armselig	off 1.0		__DUMMY__ 0.9299799260068629 off 0.03991222236872894 neg 0.03010785162440821	false	1.0
desaster	neg 1.0		__DUMMY__ 0.9382124722987754 neg 0.03336872838479699 off 0.02841879931642763	false	1.0
tod	neg 1.0		__DUMMY__ 0.9404456367668883 off 0.03084069540538387 neg 0.028713667827727846	false	0.5
herzlos	neg 1.0		__DUMMY__ 0.9312058969334565 off 0.040122741073460026 neg 0.028671361993083604	false	0.5
unwissenheit	neg 1.0		__DUMMY__ 0.9347545902631723 neg 0.03309603976533583 off 0.032149369971491946	false	1.0
widersinnig	neg 1.0	neg 1.0	neg 0.5016935483898057 __DUMMY__ 0.4686042174660837 off 0.029702234144110506	false	1.0
bedenklich	neg 1.0		__DUMMY__ 0.9364979227391017 neg 0.03229799685602454 off 0.031204080404873727	false	1.0
beanstanden	neg 1.0		__DUMMY__ 0.9378452243986642 neg 0.03250227212775045 off 0.029652503473585327	false	1.0
panisch	neg 1.0	neg 1.0	neg 0.493074208787517 __DUMMY__ 0.4749289218875516 off 0.0319968693249315	false	1.0
debil	off 1.0		__DUMMY__ 0.9416577117361397 neg 0.03275657002659891 off 0.025585718237261443	false	0.5
abstrich	neg 1.0		__DUMMY__ 0.9369441359326098 neg 0.032811686907221596 off 0.030244177160168546	false	1.0
primitiv	neg 1.0		__DUMMY__ 0.9318519803395305 off 0.03872752189187254 neg 0.02942049776859692	false	0.5
abschaum	off 1.0	off 1.0	off 0.5040320521294139 __DUMMY__ 0.46899325583541124 neg 0.026974692035174885	false	1.0
provozieren	neg 1.0		__DUMMY__ 0.9352380142923025 off 0.03419631451468304 neg 0.030565671193014468	false	0.5
tot	neg 1.0		__DUMMY__ 0.9365527333262433 neg 0.033229805090199536 off 0.030217461583557124	false	1.0
instabil	neg 1.0		__DUMMY__ 0.9292310811952995 off 0.038549846375411305 neg 0.032219072429289126	false	0.5
schwuchtel	off 1.0		__DUMMY__ 0.9251799251852899 off 0.04813940020435153 neg 0.026680674610358564	false	1.0
zerren	neg 1.0		__DUMMY__ 0.9392390694279649 off 0.032660853305300705 neg 0.028100077266734354	false	0.5
kinderficker	off 1.0		__DUMMY__ 0.9279459697486295 off 0.04178492736616628 neg 0.030269102885204128	false	1.0
gefahr	neg 1.0		__DUMMY__ 0.9393510871741384 neg 0.030751119629693 off 0.02989779319616854	false	1.0
rabiat	neg 1.0		__DUMMY__ 0.9354526520888989 off 0.033718888156103105 neg 0.030828459754997938	false	0.5
verlangsamung	neg 1.0		__DUMMY__ 0.9299728152934675 off 0.04305074502285263 neg 0.026976439683679854	false	0.5
ausgestorben	neg 1.0		__DUMMY__ 0.9379378594654676 off 0.033100953796313067 neg 0.028961186738219413	false	0.5
anklagen	neg 1.0		__DUMMY__ 0.9365632736608442 off 0.03249531716087489 neg 0.03094140917828083	false	0.5
trott	neg 1.0		__DUMMY__ 0.9371422400968902 off 0.03293631978626292 neg 0.02992144011684682	false	0.5
verminderung	neg 1.0		__DUMMY__ 0.9310790393685277 off 0.0386243420604466 neg 0.030296618571025745	false	0.5
nach			__DUMMY__ 0.9459591959220668 neg 0.027379618625176676 off 0.02666118545275652	false	0.0
rost	neg 1.0		__DUMMY__ 0.9313899342124548 off 0.04182691219250015 neg 0.02678315359504508	false	0.5
destruktiv	neg 1.0		__DUMMY__ 0.9337139233048724 off 0.033459366710623155 neg 0.032826709984504515	false	0.5
unzumutbarkeit	neg 1.0		__DUMMY__ 0.9348304116508998 off 0.03678026996508175 neg 0.02838931838401853	false	0.5
labil	off 1.0	off 1.0	off 0.5040051490547472 __DUMMY__ 0.4689144051658384 neg 0.027080445779414347	false	1.0
ziemlich	neg 1.0		__DUMMY__ 0.9342216292326183 off 0.03787531354107634 neg 0.027903057226305397	false	0.5
lachnummer	off 1.0		__DUMMY__ 0.9346895737945595 off 0.03373227670618996 neg 0.03157814949925047	false	1.0
oder			__DUMMY__ 0.9373752065294549 off 0.03347313290573482 neg 0.02915166056481022	false	0.0
verfall	neg 1.0		__DUMMY__ 0.9403294924716867 neg 0.03313673232103147 off 0.0265337752072818	false	1.0
ausgrenzung	neg 1.0		__DUMMY__ 0.9335682882598827 off 0.03499288785395524 neg 0.03143882388616206	false	0.5
unordnung	neg 1.0		__DUMMY__ 0.9346502721174422 off 0.0373064927447856 neg 0.028043235137772102	false	0.5
fehlverhalten	neg 1.0		__DUMMY__ 0.9373444297419931 neg 0.03223659615030632 off 0.0304189741077007	false	1.0
eine			__DUMMY__ 0.9387514312293433 neg 0.03164480918165284 off 0.029603759589003728	false	0.0
nille	neg 1.0		__DUMMY__ 0.936633852415179 off 0.03278503433635986 neg 0.030581113248461123	false	0.5
qual	neg 1.0		__DUMMY__ 0.93708143486595 off 0.03284041229215486 neg 0.03007815284189519	false	0.5
verschwenden	neg 1.0		__DUMMY__ 0.936852124011728 neg 0.03174529355244876 off 0.031402582435823306	false	1.0
riesig	neg 1.0	neg 1.0	neg 0.49570458540952345 __DUMMY__ 0.47627677856121875 off 0.02801863602925777	false	1.0
verurteilen	neg 1.0		__DUMMY__ 0.9366439268212438 off 0.03222507941555514 neg 0.031130993763201015	false	0.5
klischee	neg 1.0	neg 1.0	neg 0.4983175175956135 __DUMMY__ 0.4685094550637198 off 0.033173027340666676	false	1.0
diktatorisch	neg 1.0		__DUMMY__ 0.9322568527824978 off 0.034973786698214056 neg 0.03276936051928807	false	0.5
vorhersehbar	neg 1.0	neg 1.0	neg 0.4975263339146896 __DUMMY__ 0.46971183202125427 off 0.03276183406405605	false	1.0
sowie			__DUMMY__ 0.9299411057673851 off 0.04159168604586893 neg 0.028467208186746005	false	0.0
stornieren	neg 1.0		__DUMMY__ 0.9397515559669631 off 0.03375188602935469 neg 0.026496558003682117	false	0.5
besteuerung	neg 1.0		__DUMMY__ 0.932957492267411 off 0.03382518261293692 neg 0.033217325119652044	false	0.5
ungeschminkt	neg 1.0		__DUMMY__ 0.9327740261583706 off 0.03773710909257884 neg 0.029488864749050672	false	0.5
kritisch	neg 1.0		__DUMMY__ 0.9363219294098476 neg 0.032529055931977746 off 0.03114901465817469	false	1.0
schlamperei	off 1.0		__DUMMY__ 0.9364292903622109 neg 0.033194456374053216 off 0.03037625326373584	false	0.5
sucht	neg 1.0	neg 1.0	neg 0.4957810601078559 __DUMMY__ 0.4742578059207355 off 0.029961133971408555	false	1.0
egoistisch	off 1.0		__DUMMY__ 0.9307763130370772 off 0.041916690796418354 neg 0.02730699616650448	false	1.0
ausbeuter	off 1.0		__DUMMY__ 0.9362351724973096 neg 0.03343504192373121 off 0.03032978557895923	false	0.5
arschgeburt	off 1.0		__DUMMY__ 0.9244475256517354 off 0.048445219330207435 neg 0.027107255018057132	false	1.0
schubs	neg 1.0	neg 1.0	neg 0.49540483655178247 __DUMMY__ 0.47614121157544703 off 0.028453951872770545	false	1.0
unsolide	neg 1.0		__DUMMY__ 0.9292450560354901 neg 0.03546741901763504 off 0.035287524946874746	false	1.0
beschwerde	neg 1.0		__DUMMY__ 0.9367677873794591 neg 0.03280361177372894 off 0.030428600846811923	false	1.0
stocken	neg 1.0		__DUMMY__ 0.9383590395463709 off 0.030844465436326483 neg 0.03079649501730256	false	0.5
isolieren	neg 1.0		__DUMMY__ 0.9374884216583717 off 0.031680104686273705 neg 0.030831473655354685	false	0.5
unheilbar	neg 1.0		__DUMMY__ 0.9386871750745883 off 0.0340327008991625 neg 0.027280124026249172	false	0.5
pisser	off 1.0		__DUMMY__ 0.9336001570745094 off 0.03886040710261008 neg 0.027539435822880588	false	1.0
löschen	neg 1.0		__DUMMY__ 0.9366789567552102 off 0.0333835062741771 neg 0.02993753697061269	false	0.5
durchfallen	neg 1.0		__DUMMY__ 0.9352291309044918 neg 0.03271233249223425 off 0.032058536603274	false	1.0
wichser	off 1.0		__DUMMY__ 0.9284013873360155 off 0.04543854124717208 neg 0.02616007141681238	false	1.0
terror	neg 1.0		__DUMMY__ 0.9365509071389866 off 0.03522315060811666 neg 0.028225942252896836	false	0.5
krass	neg 1.0		__DUMMY__ 0.93139027730762 off 0.040128508930674094 neg 0.028481213761705863	false	0.5
revolte	neg 1.0		__DUMMY__ 0.9333728287274241 off 0.03536893588657496 neg 0.031258235386000914	false	0.5
besorgt	neg 1.0		__DUMMY__ 0.9401518027637887 off 0.0319285978579284 neg 0.0279195993782829	false	0.5
nachlassen	neg 1.0		__DUMMY__ 0.9389280237797305 neg 0.030836364852173663 off 0.030235611368095803	false	1.0
alt	neg 1.0		__DUMMY__ 0.9390110172956623 off 0.030563984473076997 neg 0.03042499823126077	false	0.5
hundesohn	off 1.0		__DUMMY__ 0.9271217149222208 off 0.04472166469857279 neg 0.028156620379206437	false	1.0
als			__DUMMY__ 0.9385345396054255 off 0.0321409205306318 neg 0.02932453986394261	false	0.0
abschreckung	neg 1.0		__DUMMY__ 0.9391793371382662 neg 0.03152470189359267 off 0.02929596096814122	false	1.0
unqualifiziert	neg 1.0		__DUMMY__ 0.9308004479776667 off 0.0363163440260938 neg 0.03288320799623944	false	0.5
abgewichst	off 1.0		__DUMMY__ 0.9372756622205217 off 0.03216529763492273 neg 0.03055904014455554	false	1.0
schwer	neg 1.0		__DUMMY__ 0.9369633914386709 off 0.0335129866841626 neg 0.02952362187716649	false	0.5
bedeutungslosigkeit	neg 1.0		__DUMMY__ 0.9379870623258757 neg 0.03204904451385572 off 0.029963893160268634	false	1.0
kapitulation	neg 1.0		__DUMMY__ 0.9356198567242638 neg 0.03329563066770703 off 0.031084512608029073	false	1.0
unscharf	neg 1.0		__DUMMY__ 0.9351323835946979 off 0.0346616370003946 neg 0.03020597940490752	false	0.5
schwinden	neg 1.0		__DUMMY__ 0.9388504500863692 neg 0.03137742869562861 off 0.02977212121800208	false	1.0
versklavung	neg 1.0		__DUMMY__ 0.9329312835601822 off 0.0345816017409228 neg 0.03248711469889495	false	0.5
schlecht	neg 1.0		__DUMMY__ 0.9344386732932937 off 0.038021442220043764 neg 0.027539884486662555	false	0.5
verhasst	neg 1.0		__DUMMY__ 0.9352466373959151 off 0.03447729436355784 neg 0.030276068240527042	false	0.5
beschweren	neg 1.0		__DUMMY__ 0.9354307099689474 off 0.034986140728107455 neg 0.029583149302945068	false	0.5
scheiden	neg 1.0		__DUMMY__ 0.9396434649314365 off 0.03322710297705859 neg 0.027129432091505045	false	0.5
frustriert	neg 1.0		__DUMMY__ 0.9371044085388027 off 0.03278698373112595 neg 0.030108607730071273	false	0.5
schimmelig	neg 1.0		__DUMMY__ 0.9400094784363345 neg 0.03011081023890194 off 0.029879711324763556	false	1.0
fisch	neg 1.0		__DUMMY__ 0.9418347443273951 neg 0.029337256338675694 off 0.028827999333929166	false	1.0
schmuggel	neg 1.0		__DUMMY__ 0.9420541204848373 off 0.029673232314255654 neg 0.028272647200907053	false	0.5
auffallen	neg 1.0		__DUMMY__ 0.935267637240183 off 0.03541769408597962 neg 0.02931466867383739	false	0.5
konkurrenz	neg 1.0	neg 1.0	neg 0.4987764388804348 __DUMMY__ 0.474690392744744 off 0.026533168374821177	false	1.0
teufelskreis	neg 1.0		__DUMMY__ 0.9367369006038088 off 0.03323901036016058 neg 0.03002408903603059	false	0.5
aufschreien	neg 1.0		__DUMMY__ 0.9343809236163342 off 0.03539494029165325 neg 0.030224136092012587	false	0.5
schuldner	neg 1.0		__DUMMY__ 0.9385460661372192 neg 0.031519429858925495 off 0.02993450400385525	false	1.0
missgeburt	off 1.0	off 1.0	off 0.5078530154080665 __DUMMY__ 0.4666246699599014 neg 0.025522314632032188	false	1.0
arbeitslos	neg 1.0		__DUMMY__ 0.9353258563648492 neg 0.03236195838951331 off 0.03231218524563741	false	1.0
befallen	neg 1.0		__DUMMY__ 0.9373861710336672 off 0.03241767715641596 neg 0.030196151809916798	false	0.5
miesepetrig	off 1.0	off 1.0	off 0.5042225055309592 __DUMMY__ 0.47070986211363236 neg 0.025067632355408487	false	1.0
alarmieren	neg 1.0		__DUMMY__ 0.9329055850161088 off 0.03718681285998183 neg 0.029907602123909464	false	0.5
ungeduscht	off 1.0		__DUMMY__ 0.9362046152365149 off 0.03554023226764301 neg 0.02825515249584204	false	1.0
knappheit	neg 1.0		__DUMMY__ 0.9358043947586964 neg 0.033308139241566836 off 0.030887465999736862	false	1.0
schlange	neg 1.0		__DUMMY__ 0.9381180623412844 off 0.03467432353422827 neg 0.027207614124487363	false	0.5
harsch	neg 1.0		__DUMMY__ 0.9329747876049267 off 0.04081990022918099 neg 0.02620531216589233	false	0.5
lang	neg 1.0		__DUMMY__ 0.9368029617103844 off 0.03369837680815499 neg 0.029498661481460662	false	0.5
ziellos	neg 1.0		__DUMMY__ 0.9395107937948893 off 0.03170400690038598 neg 0.028785199304724684	false	0.5
selbstverliebt	neg 1.0		__DUMMY__ 0.9256872303547563 off 0.0462860363472609 neg 0.028026733297982796	false	0.5
beseitigen	neg 1.0		__DUMMY__ 0.9368555230320146 off 0.03269664016925315 neg 0.030447836798732197	false	0.5
dumm	off 1.0		__DUMMY__ 0.9291698289004215 off 0.04260858942896056 neg 0.028221581670617998	false	1.0
arbeitsloser	neg 1.0		__DUMMY__ 0.9376698500934694 off 0.03170502020286326 neg 0.03062512970366738	false	0.5
blitzen	neg 1.0		__DUMMY__ 0.9352118478282712 off 0.03588793575953973 neg 0.02890021641218907	false	0.5
hilflos	neg 1.0		__DUMMY__ 0.9379485545219723 off 0.03235502857524532 neg 0.02969641690278226	false	0.5
eklig	off 1.0		__DUMMY__ 0.9301214159287918 off 0.042988732351875295 neg 0.026889851719332905	false	1.0
begriff			__DUMMY__ 0.9355126142984819 off 0.032781024112764345 neg 0.03170636158875381	false	0.0
hungersnot	neg 1.0		__DUMMY__ 0.9383763725295062 off 0.032304491227229594 neg 0.029319136243264193	false	0.5
ungesetzlich	neg 1.0		__DUMMY__ 0.9301688110458863 off 0.03571639673689232 neg 0.034114792217221274	false	0.5
verschwendung	neg 1.0		__DUMMY__ 0.9379825972092345 neg 0.031456450572268285 off 0.030560952218497254	false	1.0
schmerzvoll	neg 1.0		__DUMMY__ 0.9360123606987457 off 0.03487023279508076 neg 0.029117406506173504	false	0.5
vorzeitig	neg 1.0		__DUMMY__ 0.9371303456435296 off 0.03571604508007641 neg 0.02715360927639396	false	0.5
unvollkommenheit	neg 1.0		__DUMMY__ 0.9423512958013516 off 0.03143301720315267 neg 0.02621568699549584	false	0.5
intervenieren	neg 1.0		__DUMMY__ 0.9359516904556209 neg 0.0334906536013491 off 0.03055765594303003	false	1.0
banause	off 1.0		__DUMMY__ 0.9273118241772884 off 0.04456548051088818 neg 0.028122695311823518	false	1.0
rebell	neg 1.0		__DUMMY__ 0.9399742688064572 neg 0.032401990852741445 off 0.027623740340801416	false	1.0
unlogisch	neg 1.0		__DUMMY__ 0.931505593992912 off 0.03986121072860844 neg 0.028633195278479486	false	0.5
leiden	neg 1.0		__DUMMY__ 0.9431717607426598 off 0.029518081114752386 neg 0.02731015814258777	false	0.5
abschaffung	neg 1.0		__DUMMY__ 0.9331876498379786 off 0.03399536419779834 neg 0.03281698596422308	false	0.5
sturz	neg 1.0		__DUMMY__ 0.9381756743917498 off 0.03341727542982451 neg 0.028407050178425743	false	0.5
verkleinerung	neg 1.0		__DUMMY__ 0.9315838183243786 off 0.03590851692320801 neg 0.03250766475241329	false	0.5
schmarotzer	off 1.0		__DUMMY__ 0.9348749975899491 neg 0.03290131085798847 off 0.03222369155206247	false	0.5
bestrafung	neg 1.0		__DUMMY__ 0.9354284966348844 off 0.034725809535101876 neg 0.02984569383001365	false	0.5
achtlos	neg 1.0		__DUMMY__ 0.9380574337367497 off 0.03336594797564792 neg 0.028576618287602423	false	0.5
