unsolidarisch	neg 1.0		__DUMMY__ 0.4822789975855912 off 0.2673708735435479 neg 0.2503501288708608	false	0.5
nachteilig	neg 1.0		__DUMMY__ 0.48749867557156673 off 0.26453780086178974 neg 0.24796352356664356	false	0.5
skeptisch	neg 1.0		__DUMMY__ 0.4879439488126917 off 0.26378404559410545 neg 0.2482720055932029	false	0.5
schrecklich	neg 1.0		__DUMMY__ 0.4825233371237064 off 0.27979949553415817 neg 0.23767716734213548	false	0.5
schlapp	neg 1.0		__DUMMY__ 0.48560986270865625 off 0.27540574363846687 neg 0.23898439365287696	false	0.5
abfall	neg 1.0		__DUMMY__ 0.4901331217077415 off 0.2614257026194242 neg 0.2484411756728342	false	0.5
widerspenstig	neg 1.0		__DUMMY__ 0.48723524664222123 off 0.26976246333804127 neg 0.24300229001973753	false	0.5
abrupt	neg 1.0		__DUMMY__ 0.4900617645104939 off 0.26525773317603835 neg 0.24468050231346783	false	0.5
unwirksam	neg 1.0		__DUMMY__ 0.4832952066749122 off 0.26777289476720806 neg 0.2489318985578797	false	0.5
angreifen	neg 1.0	neg 1.0	neg 0.6106828005481598 __DUMMY__ 0.23922917436802488 off 0.1500880250838154	false	1.0
inkonsistent	neg 1.0		__DUMMY__ 0.48604170865818624 off 0.2701844362072303 neg 0.2437738551345835	false	0.5
abrutschen	neg 1.0		__DUMMY__ 0.48995371105244456 off 0.26178180041822396 neg 0.2482644885293315	false	0.5
unsicher	neg 1.0		__DUMMY__ 0.48761314113042237 off 0.26998472357384806 neg 0.24240213529572963	false	0.5
bauernkind	off 1.0	off 1.0	off 0.6282737811784751 __DUMMY__ 0.23480697441675558 neg 0.13691924440476935	false	1.0
angreifer	neg 1.0		__DUMMY__ 0.48766492983407606 off 0.27145448168784825 neg 0.24088058847807564	false	0.5
trennen	neg 1.0		__DUMMY__ 0.4910268159220358 off 0.26606480203402216 neg 0.24290838204394213	false	0.5
schmutz	neg 1.0		__DUMMY__ 0.4915170751653323 off 0.2735447285753618 neg 0.23493819625930587	false	0.5
inkonsistenz	neg 1.0		__DUMMY__ 0.48212810862691596 off 0.27277109729725874 neg 0.2451007940758253	false	0.5
erschreckend	neg 1.0		__DUMMY__ 0.48630094319510914 off 0.2680007162244805 neg 0.24569834058041018	false	0.5
ertrinken	neg 1.0		__DUMMY__ 0.4902251407126628 off 0.26668295648876217 neg 0.24309190279857493	false	0.5
pickelface	off 1.0		__DUMMY__ 0.4867864165368711 off 0.2669692413823213 neg 0.24624434208080762	false	1.0
seiner			__DUMMY__ 0.4894769304796273 off 0.2649865053661681 neg 0.2455365641542046	false	0.0
lauch	neg 1.0		__DUMMY__ 0.48809128739695784 off 0.2609848484613193 neg 0.2509238641417229	false	0.5
unwichtig	neg 1.0		__DUMMY__ 0.48408788644143447 off 0.2744546983716478 neg 0.24145741518691774	false	0.5
steuerhinterziehung	neg 1.0		__DUMMY__ 0.485388862381122 off 0.2666612323316601 neg 0.2479499052872179	false	0.5
schock	neg 1.0		__DUMMY__ 0.48970315462566083 off 0.26968065059478424 neg 0.24061619477955504	false	0.5
beule	neg 1.0		__DUMMY__ 0.48594276098839256 off 0.27592738104649783 neg 0.23812985796510952	false	0.5
vergelten	neg 1.0		__DUMMY__ 0.4858246816000016 off 0.2793556451327734 neg 0.2348196732672251	false	0.5
verdorbenheit	neg 1.0		__DUMMY__ 0.48720588423893574 off 0.26893239775798444 neg 0.24386171800307987	false	0.5
trauma	neg 1.0		__DUMMY__ 0.48626882429175533 off 0.27052231898956625 neg 0.24320885671867848	false	0.5
sinnlos	neg 1.0		__DUMMY__ 0.48654856505477606 off 0.2723920390362917 neg 0.24105939590893224	false	0.5
fettsack	off 1.0	off 1.0	off 0.6298267768870535 __DUMMY__ 0.23558814083852614 neg 0.13458508227442037	false	1.0
feige	off 1.0	off 1.0	off 0.6261790166318943 __DUMMY__ 0.2363031628876309 neg 0.13751782048047467	false	1.0
abdanken	neg 1.0		__DUMMY__ 0.4857385469726588 off 0.2679366313557892 neg 0.2463248216715522	false	0.5
wichtigtuer	off 1.0	off 1.0	off 0.6243708573805539 __DUMMY__ 0.23715792538956382 neg 0.13847121722988232	false	1.0
misslingen	neg 1.0		__DUMMY__ 0.48997934654162545 off 0.2719099522680751 neg 0.2381107011902994	false	0.5
untreu	off 1.0		__DUMMY__ 0.48375266238278136 off 0.27586968957778457 neg 0.2403776480394341	false	1.0
missmutig	neg 1.0		__DUMMY__ 0.4851321093731214 off 0.2749629643990227 neg 0.2399049262278559	false	0.5
hurenbock	off 1.0		__DUMMY__ 0.48695517692377993 off 0.27114251646725435 neg 0.2419023066089656	false	1.0
betrunken	neg 1.0		__DUMMY__ 0.4856186805647244 off 0.27848645437773023 neg 0.23589486505754542	false	0.5
korrupt	off 1.0		__DUMMY__ 0.48399802732677005 off 0.265285924551264 neg 0.25071604812196596	false	1.0
unmut	neg 1.0		__DUMMY__ 0.4892080100869673 off 0.2612148476885808 neg 0.24957714222445207	false	0.5
hackfresse	off 1.0		__DUMMY__ 0.48008953638699753 off 0.28309065120657484 neg 0.23681981240642777	false	1.0
aufblasen	neg 1.0		__DUMMY__ 0.4878866901545176 off 0.2717531563482762 neg 0.24036015349720619	false	0.5
gewaltsam	neg 1.0		__DUMMY__ 0.4874488445192708 off 0.2686267349856018 neg 0.24392442049512725	false	0.5
unbeliebtheit	neg 1.0		__DUMMY__ 0.47909052712591654 off 0.2716738912481596 neg 0.2492355816259239	false	0.5
sturheit	neg 1.0		__DUMMY__ 0.4861016571310291 off 0.2679035320889906 neg 0.2459948107799803	false	0.5
kuh	neg 1.0		__DUMMY__ 0.4847235089674131 off 0.2693369497168017 neg 0.24593954131578516	false	0.5
erschrecken	neg 1.0		__DUMMY__ 0.48570423722549766 off 0.2743156251467232 neg 0.2399801376277792	false	0.5
opfer	neg 1.0		__DUMMY__ 0.4891205019114415 off 0.26629035691164743 neg 0.24458914117691105	false	0.5
sinken	neg 1.0		__DUMMY__ 0.48911931559487487 off 0.26179952704941745 neg 0.24908115735570768	false	0.5
stinktier	neg 1.0		__DUMMY__ 0.4814120295511864 off 0.28000972852894607 neg 0.23857824191986757	false	0.5
tucke	off 1.0		__DUMMY__ 0.4772468197114036 off 0.2824767309573316 neg 0.2402764493312648	false	1.0
ein			__DUMMY__ 0.48730773481993184 off 0.27063486590855085 neg 0.24205739927151748	false	0.0
abstieg	neg 1.0		__DUMMY__ 0.49103340154846714 off 0.26597256330418095 neg 0.242994035147352	false	0.5
missverstehen	neg 1.0		__DUMMY__ 0.48445628928323065 off 0.2718343078004576 neg 0.24370940291631174	false	0.5
ergebnislos	neg 1.0		__DUMMY__ 0.4881220972292218 off 0.264563814859567 neg 0.2473140879112113	false	0.5
unter			__DUMMY__ 0.4944666847443849 off 0.25804327218962037 neg 0.2474900430659948	false	0.0
manipulieren	neg 1.0		__DUMMY__ 0.48836429328235414 off 0.26408507080165033 neg 0.24755063591599544	false	0.5
unbewiesen	neg 1.0		__DUMMY__ 0.48210342100694553 off 0.26766161992775783 neg 0.25023495906529664	false	0.5
verschleppen	neg 1.0		__DUMMY__ 0.4879267972564237 off 0.26652269592578975 neg 0.24555050681778665	false	0.5
weib	off 1.0		__DUMMY__ 0.48031404172932596 off 0.283140564226326 neg 0.236545394044348	false	1.0
opposition	neg 1.0		__DUMMY__ 0.48489533493396464 off 0.2708395293303985 neg 0.24426513573563668	false	0.5
verkehrswidrig	neg 1.0	neg 1.0	neg 0.6015963363563407 __DUMMY__ 0.2391013712444971 off 0.15930229239916222	false	1.0
inkorrekt	neg 1.0		__DUMMY__ 0.48082509338251916 off 0.27611350437636695 neg 0.2430614022411138	false	0.5
vermeiden	neg 1.0		__DUMMY__ 0.49187998817084505 off 0.2597828666442382 neg 0.24833714518491684	false	0.5
abweichung	neg 1.0		__DUMMY__ 0.4868449008712926 off 0.26457524052307013 neg 0.24857985860563714	false	0.5
alkoholisiert	neg 1.0		__DUMMY__ 0.4929713886824687 off 0.2660169857980866 neg 0.2410116255194446	false	0.5
scheiss	off 1.0	off 1.0	off 0.6267951248352415 __DUMMY__ 0.23745189388379992 neg 0.13575298128095856	false	1.0
herausforderung	neg 1.0	neg 1.0	neg 0.6068226844690442 __DUMMY__ 0.24204602525866611 off 0.15113129027228972	false	1.0
pervers	off 1.0		__DUMMY__ 0.4792494593490873 off 0.28663860339417313 neg 0.2341119372567395	false	1.0
wackelig	neg 1.0		__DUMMY__ 0.49049755241781384 off 0.2679973598432172 neg 0.24150508773896892	false	0.5
verwickeln	neg 1.0		__DUMMY__ 0.4844797858415542 off 0.2717138879728479 neg 0.243806326185598	false	0.5
vorwand	neg 1.0		__DUMMY__ 0.48885782322447774 off 0.26333141343574606 neg 0.24781076333977606	false	0.5
muschi	off 1.0		__DUMMY__ 0.48662028624157666 off 0.26741928669987874 neg 0.24596042705854462	false	1.0
entmutigung	neg 1.0		__DUMMY__ 0.4843575972324141 off 0.2702666465246853 neg 0.24537575624290067	false	0.5
unangemessen	neg 1.0		__DUMMY__ 0.4859320697944926 off 0.2667855019876731 neg 0.24728242821783433	false	0.5
unstetig	neg 1.0		__DUMMY__ 0.48718649284148574 off 0.2707987610285124 neg 0.24201474613000168	false	0.5
entmutigen	neg 1.0		__DUMMY__ 0.48572661532706063 off 0.27075098243839407 neg 0.2435224022345453	false	0.5
schwanz	neg 1.0		__DUMMY__ 0.48845992181052933 off 0.26435972829828913 neg 0.2471803498911815	false	0.5
verbot	neg 1.0		__DUMMY__ 0.48570423123754913 off 0.26563503449735354 neg 0.24866073426509736	false	0.5
leid	neg 1.0		__DUMMY__ 0.4826678227524115 off 0.28131034021003387 neg 0.23602183703755464	false	0.5
archaisch	neg 1.0		__DUMMY__ 0.4873069090585708 off 0.2671978337329919 neg 0.24549525720843735	false	0.5
gegen			__DUMMY__ 0.49032820449945147 off 0.26307212268675656 neg 0.24659967281379191	false	0.0
scheidung	neg 1.0		__DUMMY__ 0.4784800916079812 off 0.2904322511120056 neg 0.2310876572800132	false	0.5
einschlag	neg 1.0	neg 1.0	neg 0.6051927416233898 __DUMMY__ 0.2367546724157273 off 0.15805258596088284	false	1.0
m			__DUMMY__ 0.48846755572108713 off 0.2673628665235062 neg 0.24416957775540674	false	0.0
abgestanden	neg 1.0		__DUMMY__ 0.48813392221450813 off 0.2709307051487307 neg 0.24093537263676124	false	0.5
schmierig	off 1.0		__DUMMY__ 0.48304291170062313 off 0.28083514622751754 neg 0.23612194207185944	false	1.0
unpraktisch	neg 1.0		__DUMMY__ 0.48813420941192737 off 0.27135098655686435 neg 0.2405148040312082	false	0.5
wixxer	off 1.0		__DUMMY__ 0.47833668305636345 off 0.28595088937292884 neg 0.23571242757070754	false	1.0
bezeichnet			__DUMMY__ 0.486019904184623 off 0.26864736631888747 neg 0.24533272949648963	false	0.0
jammerlappen	off 1.0		__DUMMY__ 0.48439788408163287 off 0.27478262637670664 neg 0.2408194895416606	false	1.0
farce	neg 1.0		__DUMMY__ 0.4846424448283312 off 0.26615846778291835 neg 0.24919908738875046	false	0.5
zwecklos	neg 1.0		__DUMMY__ 0.4866516091139784 off 0.2670427882629587 neg 0.24630560262306295	false	0.5
turbulent	neg 1.0		__DUMMY__ 0.4829147686538195 off 0.2746732172531365 neg 0.24241201409304391	false	0.5
invasion	neg 1.0		__DUMMY__ 0.4861664259116984 off 0.272290762491485 neg 0.2415428115968168	false	0.5
schuld	neg 1.0		__DUMMY__ 0.48619877663330746 off 0.27044623779315374 neg 0.24335498557353868	false	0.5
risiko	neg 1.0		__DUMMY__ 0.48735730389583376 off 0.2700147062693054 neg 0.2426279898348608	false	0.5
finster	neg 1.0		__DUMMY__ 0.48732383104805754 off 0.27093549364464037 neg 0.24174067530730214	false	0.5
geisteskrank	off 1.0		__DUMMY__ 0.48265884101996054 off 0.2762074382870469 neg 0.24113372069299263	false	1.0
zusammenbrechen	neg 1.0		__DUMMY__ 0.48837106416482284 off 0.26842086401408277 neg 0.2432080718210944	false	0.5
ausbeute	neg 1.0		__DUMMY__ 0.48987627560102615 off 0.2648952015712655 neg 0.24522852282770843	false	0.5
hinterhalt	neg 1.0		__DUMMY__ 0.4877270031566786 off 0.2673820004582654 neg 0.24489099638505596	false	0.5
kritik	neg 1.0		__DUMMY__ 0.4852183132229788 off 0.26621124210798125 neg 0.2485704446690399	false	0.5
einschrumpfen	neg 1.0		__DUMMY__ 0.48248273551958143 off 0.27144645912624155 neg 0.24607080535417683	false	0.5
riskant	neg 1.0		__DUMMY__ 0.4878165577504036 off 0.2654274968378561 neg 0.24675594541174026	false	0.5
frustrieren	neg 1.0		__DUMMY__ 0.48786401723182776 off 0.2656636591732344 neg 0.24647232359493787	false	0.5
groll	neg 1.0		__DUMMY__ 0.4875996474935313 off 0.26708098068793773 neg 0.24531937181853083	false	0.5
gibt			__DUMMY__ 0.48700015285191045 off 0.26735683569311247 neg 0.24564301145497708	false	0.0
qualvoll	neg 1.0		__DUMMY__ 0.48700768946224093 off 0.2739087027845412 neg 0.23908360775321788	false	0.5
wackeln	neg 1.0	neg 1.0	neg 0.6059502626886306 __DUMMY__ 0.23987650845823935 off 0.15417322885313	false	1.0
klagen	neg 1.0		__DUMMY__ 0.4887221533808626 off 0.26158124171957714 neg 0.24969660489956041	false	0.5
bankrott	neg 1.0		__DUMMY__ 0.48550477426988536 off 0.27387688883117467 neg 0.24061833689894005	false	0.5
trauern	neg 1.0		__DUMMY__ 0.48975234559415176 off 0.26625844553327205 neg 0.24398920887257625	false	0.5
ablehnung	neg 1.0		__DUMMY__ 0.4851830185527451 off 0.26625973900044697 neg 0.24855724244680796	false	0.5
stur	neg 1.0		__DUMMY__ 0.4855872041077079 off 0.2709337164626484 neg 0.2434790794296438	false	0.5
aufruhr	neg 1.0		__DUMMY__ 0.4878649397606123 off 0.2687363483106543 neg 0.2433987119287334	false	0.5
melancholie	neg 1.0		__DUMMY__ 0.4892298964568273 off 0.26742859849391193 neg 0.2433415050492607	false	0.5
ist			__DUMMY__ 0.4859095369834752 off 0.2713949614749738 neg 0.24269550154155087	false	0.0
torheit	neg 1.0		__DUMMY__ 0.48498747098802897 off 0.26973589816545207 neg 0.24527663084651904	false	0.5
dreckskind	off 1.0		__DUMMY__ 0.4808194604590922 off 0.28146978969013375 neg 0.23771074985077406	false	1.0
umtauschen	neg 1.0		__DUMMY__ 0.4874823521010148 off 0.26922090018631367 neg 0.2432967477126714	false	0.5
zum			__DUMMY__ 0.4941447161232474 off 0.2608550934379719 neg 0.2450001904387806	false	0.0
zersetzen	neg 1.0		__DUMMY__ 0.4875468535793244 off 0.26362643803529856 neg 0.24882670838537713	false	0.5
zur			__DUMMY__ 0.4918281457499065 off 0.25905509896823126 neg 0.24911675528186217	false	0.0
frust	neg 1.0		__DUMMY__ 0.48812425872942616 off 0.2680937885835052 neg 0.24378195268706862	false	0.5
unerbittlichkeit	neg 1.0		__DUMMY__ 0.4876081191110007 off 0.26378267369845454 neg 0.24860920719054475	false	0.5
zwei			__DUMMY__ 0.49259611374007 off 0.2628665847817447 neg 0.24453730147818548	false	0.0
unkorrekt	neg 1.0		__DUMMY__ 0.48013373847887386 off 0.2764827143362884 neg 0.2433835471848377	false	0.5
hexe	off 1.0		__DUMMY__ 0.48320166511694596 off 0.2750095189160392 neg 0.24178881596701496	false	1.0
lasch	neg 1.0		__DUMMY__ 0.48288142981474447 off 0.272560459835064 neg 0.24455811035019148	false	0.5
rivale	neg 1.0		__DUMMY__ 0.484748790635659 off 0.27829628831210523 neg 0.2369549210522356	false	0.5
mutlos	off 1.0	off 1.0	off 0.6203348653386698 __DUMMY__ 0.23809194728194324 neg 0.14157318737938698	false	1.0
wirr	off 1.0		__DUMMY__ 0.4807085773723202 off 0.2770834064774053 neg 0.24220801615027449	false	1.0
jahr			__DUMMY__ 0.4910440052518511 off 0.2643535153911509 neg 0.24460247935699808	false	0.0
wird			__DUMMY__ 0.48800372426641825 off 0.26610892944334064 neg 0.24588734629024106	false	0.0
strafbar	neg 1.0		__DUMMY__ 0.48698397396949167 off 0.26518087332485685 neg 0.2478351527056515	false	0.5
erosion	neg 1.0		__DUMMY__ 0.4878173951467486 off 0.27065469877918563 neg 0.24152790607406588	false	0.5
eingehen	neg 1.0		__DUMMY__ 0.4862273775832448 off 0.2659625932332212 neg 0.247810029183534	false	0.5
faul	off 1.0		__DUMMY__ 0.48622037210213015 off 0.274594918046897 neg 0.2391847098509727	false	1.0
provisorium	neg 1.0		__DUMMY__ 0.4935555874245717 off 0.25733364143985965 neg 0.24911077113556865	false	0.5
schmerzen	neg 1.0		__DUMMY__ 0.48750386278369995 off 0.26972815820094664 neg 0.24276797901535335	false	0.5
schrumpfen	neg 1.0		__DUMMY__ 0.4898588050125228 off 0.2587760088708156 neg 0.2513651861166616	false	0.5
geistlos	off 1.0		__DUMMY__ 0.48205741581708755 off 0.2708347889024027 neg 0.24710779528050975	false	1.0
fehlkauf	neg 1.0		__DUMMY__ 0.48552594701321666 off 0.2711790028885808 neg 0.24329505009820251	false	0.5
frustrierend	neg 1.0		__DUMMY__ 0.48602207285895876 off 0.2742385210473235 neg 0.2397394060937177	false	0.5
unzufrieden	neg 1.0		__DUMMY__ 0.4864552541297298 off 0.2667622614189147 neg 0.24678248445135562	false	0.5
verzweifeln	neg 1.0		__DUMMY__ 0.4871816107152186 off 0.2691182661945165 neg 0.24370012309026481	false	0.5
verzweifelt	neg 1.0		__DUMMY__ 0.4858594858519442 off 0.271146130980724 neg 0.24299438316733193	false	0.5
misstrauensantrag	neg 1.0		__DUMMY__ 0.48531716660830704 off 0.27180820654075494 neg 0.24287462685093816	false	0.5
abfallen	neg 1.0		__DUMMY__ 0.4881175224596938 off 0.2716859971322261 neg 0.24019648040808014	false	0.5
fucker	off 1.0		__DUMMY__ 0.48270141869028094 off 0.27668512060454603 neg 0.24061346070517303	false	1.0
ungezogen	neg 1.0		__DUMMY__ 0.48051306104912134 off 0.28506779662742415 neg 0.23441914232345443	false	0.5
irrsinnig	neg 1.0	neg 1.0	neg 0.6088020884286053 __DUMMY__ 0.23759755965812804 off 0.1536003519132666	false	1.0
unfassbar	neg 1.0		__DUMMY__ 0.4834128416012653 off 0.27524509078795545 neg 0.24134206761077934	false	0.5
hart	neg 1.0		__DUMMY__ 0.48518183080567073 off 0.27327852428917726 neg 0.24153964490515195	false	0.5
widerlich	off 1.0		__DUMMY__ 0.48250589901790003 off 0.27604668191749 neg 0.24144741906460984	false	1.0
fatal	neg 1.0		__DUMMY__ 0.48554055885964614 off 0.27153793873607723 neg 0.24292150240427654	false	0.5
bruch	neg 1.0		__DUMMY__ 0.4894361586718918 off 0.2622003164198137 neg 0.24836352490829464	false	0.5
aushungern	neg 1.0		__DUMMY__ 0.4855835543590656 off 0.26757931210901054 neg 0.24683713353192388	false	0.5
anspannung	neg 1.0	neg 1.0	neg 0.6076795437785948 __DUMMY__ 0.24354936519723236 off 0.14877109102417288	false	1.0
von			__DUMMY__ 0.4911146241483845 off 0.2635454540895503 neg 0.24533992176206512	false	0.0
kraftlos	neg 1.0		__DUMMY__ 0.49018487958370843 off 0.268403467560525 neg 0.24141165285576646	false	0.5
vom			__DUMMY__ 0.4947306240857292 off 0.2585816693487444 neg 0.2466877065655263	false	0.0
grenzdebil	off 1.0		__DUMMY__ 0.48382436813542345 off 0.2766921557724992 neg 0.23948347609207743	false	1.0
vor			__DUMMY__ 0.49022643547693306 off 0.2638986918440093 neg 0.24587487267905758	false	0.0
unterwerfen	neg 1.0		__DUMMY__ 0.487816306667789 off 0.26532818328880153 neg 0.24685551004340947	false	0.5
versenkung	neg 1.0		__DUMMY__ 0.4883269598523571 off 0.26519592667053177 neg 0.24647711347711115	false	0.5
entziehen	neg 1.0		__DUMMY__ 0.4891249563260518 off 0.26257424520684775 neg 0.2483007984671005	false	0.5
finanzkrise	neg 1.0		__DUMMY__ 0.4850900780122002 off 0.26750133509796914 neg 0.24740858688983072	false	0.5
schimpfend	neg 1.0		__DUMMY__ 0.4886100081075358 off 0.2715966985439156 neg 0.23979329334854854	false	0.5
profan	neg 1.0		__DUMMY__ 0.48536727818571646 off 0.2726097320834775 neg 0.24202298973080605	false	0.5
korruption	neg 1.0		__DUMMY__ 0.4854828309064409 off 0.26547842279659967 neg 0.2490387462969594	false	0.5
â			__DUMMY__ 0.4885026430538439 off 0.26607324578783187 neg 0.2454241111583242	false	0.0
schmutzig	neg 1.0		__DUMMY__ 0.48517815715936774 off 0.2765839476663333 neg 0.23823789517429897	false	0.5
sexy	neg 1.0		__DUMMY__ 0.48541159838224374 off 0.27335232816163096 neg 0.24123607345612527	false	0.5
abraten	neg 1.0		__DUMMY__ 0.4855717429842602 off 0.2714237899125434 neg 0.24300446710319643	false	0.5
schwarz	neg 1.0		__DUMMY__ 0.4854414725031829 off 0.27075995079760545 neg 0.24379857669921165	false	0.5
fotze	off 1.0		__DUMMY__ 0.4873502374961725 off 0.2651040074950694 neg 0.247545755008758	false	1.0
verwirren	neg 1.0		__DUMMY__ 0.48522599759972973 off 0.27280803312920254 neg 0.2419659692710676	false	0.5
zahnlos	off 1.0		__DUMMY__ 0.4863251872039458 off 0.2667485477862244 neg 0.2469262650098298	false	1.0
verheeren	neg 1.0		__DUMMY__ 0.4812630252239721 off 0.28648060915467594 neg 0.23225636562135202	false	0.5
hippie	neg 1.0		__DUMMY__ 0.48519565606425824 off 0.27264494042018045 neg 0.24215940351556148	false	0.5
rammen	neg 1.0		__DUMMY__ 0.48732558255661934 off 0.27083497854530775 neg 0.24183943889807294	false	0.5
unlauter	neg 1.0		__DUMMY__ 0.48219124077218667 off 0.2681820266356682 neg 0.24962673259214518	false	0.5
unheilvoll	neg 1.0		__DUMMY__ 0.4876463023043979 off 0.27281807448197987 neg 0.23953562321362226	false	0.5
niedrig	neg 1.0		__DUMMY__ 0.48994087154635707 off 0.26516989759264603 neg 0.24488923086099704	false	0.5
explosion	neg 1.0		__DUMMY__ 0.4851918464324442 off 0.2719793593474149 neg 0.24282879422014092	false	0.5
weichei	off 1.0		__DUMMY__ 0.48107719601704124 off 0.28168088784019096 neg 0.23724191614276785	false	1.0
minusmensch	off 1.0		__DUMMY__ 0.4762017259017622 off 0.2840326820368564 neg 0.23976559206138146	false	1.0
farblos	neg 1.0		__DUMMY__ 0.4903720241694576 off 0.26961948499198163 neg 0.24000849083856074	false	0.5
unwissend	neg 1.0	neg 1.0	neg 0.6074966547569701 __DUMMY__ 0.2363850420346525 off 0.1561183032083774	false	1.0
traurig	neg 1.0		__DUMMY__ 0.4831505937146816 off 0.27878182959135567 neg 0.23806757669396275	false	0.5
senkung	neg 1.0		__DUMMY__ 0.4830574537964272 off 0.2713797404676458 neg 0.245562805735927	false	0.5
ungleich	neg 1.0	neg 1.0	neg 0.6115881640734139 __DUMMY__ 0.23827634469730016 off 0.15013549122928596	false	1.0
heikel	neg 1.0		__DUMMY__ 0.48737673529791503 off 0.26375049892002395 neg 0.2488727657820611	false	0.5
drosselung	neg 1.0		__DUMMY__ 0.4841421015489583 off 0.27613405647848865 neg 0.23972384197255317	false	0.5
falsch	neg 1.0		__DUMMY__ 0.4850386763395716 off 0.27414998542389885 neg 0.24081133823652964	false	0.5
unzufriedenheit	neg 1.0		__DUMMY__ 0.48812259274657366 off 0.26334477081097796 neg 0.24853263644244838	false	0.5
kurz	neg 1.0		__DUMMY__ 0.48909190906610017 off 0.26847377412592155 neg 0.24243431680797828	false	0.5
unsinnig	neg 1.0		__DUMMY__ 0.4853432649397727 off 0.26695680968489355 neg 0.24769992537533375	false	0.5
penner	off 1.0	off 1.0	off 0.6312787109453281 __DUMMY__ 0.23482749458637736 neg 0.1338937944682947	false	1.0
seicht	neg 1.0		__DUMMY__ 0.478193793202852 off 0.28394678227017267 neg 0.23785942452697545	false	0.5
dummheit	off 1.0	off 1.0	off 0.624580638013536 __DUMMY__ 0.2370372786652216 neg 0.13838208332124247	false	1.0
unerfreulich	neg 1.0		__DUMMY__ 0.48928725655970373 off 0.26338924112460343 neg 0.24732350231569292	false	0.5
motherfucker	off 1.0	off 1.0	off 0.6271049819972172 __DUMMY__ 0.2358815114660287 neg 0.13701350653675398	false	1.0
pikiert	neg 1.0		__DUMMY__ 0.4827570477263151 off 0.2748038504704206 neg 0.24243910180326436	false	0.5
wrack	neg 1.0		__DUMMY__ 0.48952593567749 off 0.2655705213133189 neg 0.24490354300919123	false	0.5
gangster	neg 1.0		__DUMMY__ 0.48566491541168544 off 0.2723717438172717 neg 0.24196334077104292	false	0.5
krank	neg 1.0		__DUMMY__ 0.4849963833898474 off 0.2774438636380401 neg 0.2375597529721126	false	0.5
reich	neg 1.0		__DUMMY__ 0.4823316118716131 off 0.2729460203660197 neg 0.2447223677623671	false	0.5
gnadenlos	neg 1.0		__DUMMY__ 0.4865276895044404 off 0.27058942569086714 neg 0.24288288480469244	false	0.5
niedergeschlagen	neg 1.0		__DUMMY__ 0.489323797535647 off 0.2690081553050849 neg 0.24166804715926818	false	0.5
terrorisieren	off 1.0	off 1.0	off 0.6211384383182746 __DUMMY__ 0.23934288924203323 neg 0.1395186724396921	false	1.0
sinnlosigkeit	neg 1.0		__DUMMY__ 0.48676040183734925 off 0.26708734666602196 neg 0.24615225149662884	false	0.5
behindern	neg 1.0		__DUMMY__ 0.48618385641989675 off 0.2682646181533347 neg 0.24555152542676856	false	0.5
undemokratisch	neg 1.0		__DUMMY__ 0.4836555084507565 off 0.2691737410779565 neg 0.24717075047128698	false	0.5
wirtschaftskrise	neg 1.0		__DUMMY__ 0.4865691230705521 off 0.2653018937977409 neg 0.24812898313170684	false	0.5
neid	neg 1.0		__DUMMY__ 0.48670175566624335 off 0.2755409939893332 neg 0.23775725034442347	false	0.5
rutschen	neg 1.0		__DUMMY__ 0.4931700861784845 off 0.26307488681517915 neg 0.2437550270063364	false	0.5
rezession	neg 1.0		__DUMMY__ 0.4810343976473465 off 0.27888345260041014 neg 0.2400821497522434	false	0.5
fehlgeburt	neg 1.0		__DUMMY__ 0.4881072230903636 off 0.2726796229057859 neg 0.2392131540038506	false	0.5
charakterschwach	off 1.0		__DUMMY__ 0.48357438091101196 off 0.2760658909310767 neg 0.2403597281579114	false	1.0
isolation	neg 1.0		__DUMMY__ 0.4857405006785451 off 0.27405943512793207 neg 0.24020006419352274	false	0.5
ablenkung	neg 1.0		__DUMMY__ 0.48687854188720286 off 0.26999059719748003 neg 0.24313086091531697	false	0.5
pech	neg 1.0		__DUMMY__ 0.485828025584725 off 0.27402409373185116 neg 0.24014788068342377	false	0.5
vermeidung	neg 1.0		__DUMMY__ 0.48243499500129966 off 0.27576497166932745 neg 0.2418000333293729	false	0.5
dominieren	neg 1.0		__DUMMY__ 0.49009872110577246 off 0.26664126029177226 neg 0.2432600186024553	false	0.5
schwindlig	neg 1.0		__DUMMY__ 0.4890365452953946 off 0.27369303262717815 neg 0.23727042207742724	false	0.5
lutscher	neg 1.0		__DUMMY__ 0.4783949397798756 off 0.2848481458533325 neg 0.23675691436679183	false	0.5
pflicht	neg 1.0		__DUMMY__ 0.48764020685258047 off 0.26366666395354904 neg 0.24869312919387032	false	0.5
faschist	off 1.0		__DUMMY__ 0.48277765804038086 off 0.2715149355157514 neg 0.24570740644386777	false	1.0
verschleudern	neg 1.0		__DUMMY__ 0.48448522422121976 off 0.2634316203068121 neg 0.2520831554719681	false	0.5
wenn			__DUMMY__ 0.4848584855436183 off 0.27434087433007204 neg 0.2408006401263095	false	0.0
ehebruch	neg 1.0		__DUMMY__ 0.4875026849602142 off 0.26591630335549715 neg 0.24658101168428853	false	0.5
spott	off 1.0		__DUMMY__ 0.48661884936251154 off 0.2648450985266214 neg 0.24853605211086713	false	1.0
trostlosigkeit	neg 1.0		__DUMMY__ 0.4893796714052071 off 0.262997668316937 neg 0.24762266027785587	false	0.5
lutschen	neg 1.0		__DUMMY__ 0.4848107296253049 off 0.27189519558814806 neg 0.243294074786547	false	0.5
undiszipliniert	neg 1.0		__DUMMY__ 0.4840266875192921 off 0.27811117677531816 neg 0.23786213570538975	false	0.5
kopfschmerz	neg 1.0		__DUMMY__ 0.489469573233626 off 0.26888556692117915 neg 0.24164485984519496	false	0.5
unvorhergesehen	neg 1.0		__DUMMY__ 0.49115298810313873 off 0.2666825579520827 neg 0.2421644539447785	false	0.5
desinteressiert	neg 1.0		__DUMMY__ 0.4826483471501852 off 0.2773347442055441 neg 0.24001690864427075	false	0.5
armselig	off 1.0		__DUMMY__ 0.4809535126131307 off 0.27781958885301145 neg 0.24122689853385781	false	1.0
desaster	neg 1.0		__DUMMY__ 0.4883709893601766 off 0.2610210972147895 neg 0.2506079134250338	false	0.5
tod	neg 1.0		__DUMMY__ 0.48990115431447157 off 0.26679304660505815 neg 0.24330579908047023	false	0.5
herzlos	neg 1.0		__DUMMY__ 0.4820089496314143 off 0.27889343242592995 neg 0.2390976179426558	false	0.5
unwissenheit	neg 1.0		__DUMMY__ 0.48526255917507216 off 0.26613657320896106 neg 0.24860086761596678	false	0.5
widersinnig	neg 1.0	neg 1.0	neg 0.6125191949260906 __DUMMY__ 0.2365015299060163 off 0.15097927516789303	false	1.0
bedenklich	neg 1.0		__DUMMY__ 0.48682855404647185 off 0.2653117487195656 neg 0.24785969723396267	false	0.5
beanstanden	neg 1.0		__DUMMY__ 0.48801375256541857 off 0.2630370931652718 neg 0.24894915426930958	false	0.5
panisch	neg 1.0	neg 1.0	neg 0.6044938101407662 __DUMMY__ 0.23985270131480158 off 0.15565348854443217	false	1.0
debil	off 1.0		__DUMMY__ 0.49118918460704136 off 0.2582586337741174 neg 0.25055218161884124	false	1.0
abstrich	neg 1.0		__DUMMY__ 0.48654477129658963 off 0.26556462798952796 neg 0.24789060071388233	false	0.5
primitiv	neg 1.0		__DUMMY__ 0.4825536633415866 off 0.27659688332101834 neg 0.2408494533373952	false	0.5
abschaum	off 1.0	off 1.0	off 0.6259441449760748 __DUMMY__ 0.23664850000858112 neg 0.1374073550153441	false	1.0
provozieren	neg 1.0		__DUMMY__ 0.4856823042744757 off 0.2700271625054523 neg 0.2442905332200722	false	0.5
tot	neg 1.0		__DUMMY__ 0.4864364256595331 off 0.2645159974834638 neg 0.24904757685700304	false	0.5
instabil	neg 1.0		__DUMMY__ 0.4802642053029324 off 0.27529280664341904 neg 0.2444429880536486	false	0.5
schwuchtel	off 1.0		__DUMMY__ 0.4766384992339324 off 0.2897625336635961 neg 0.23359896710247158	false	1.0
zerren	neg 1.0		__DUMMY__ 0.4892432463066064 off 0.26909083558580177 neg 0.24166591810759183	false	0.5
kinderficker	off 1.0		__DUMMY__ 0.4790380068379368 off 0.28000313225080875 neg 0.24095886091125443	false	1.0
gefahr	neg 1.0		__DUMMY__ 0.48929281439944633 off 0.2639927699661547 neg 0.24671441563439897	false	0.5
rabiat	neg 1.0		__DUMMY__ 0.48599555161588465 off 0.26934183910271914 neg 0.2446626092813962	false	0.5
verlangsamung	neg 1.0		__DUMMY__ 0.4807942910121355 off 0.28295422970358136 neg 0.23625147928428308	false	0.5
ausgestorben	neg 1.0		__DUMMY__ 0.4880604691828227 off 0.2694055749739638 neg 0.24253395584321344	false	0.5
anklagen	neg 1.0		__DUMMY__ 0.4867425326452374 off 0.26737232229005203 neg 0.24588514506471046	false	0.5
trott	neg 1.0		__DUMMY__ 0.4873332709689985 off 0.2689897917443221 neg 0.24367693728667958	false	0.5
verminderung	neg 1.0		__DUMMY__ 0.481893570291148 off 0.2764952551753206 neg 0.24161117453353145	false	0.5
nach			__DUMMY__ 0.4950733709539378 off 0.2618306517405639 neg 0.24309597730549823	false	0.0
rost	neg 1.0		__DUMMY__ 0.48180244170957537 off 0.2817979576589583 neg 0.23639960063146628	false	0.5
destruktiv	neg 1.0		__DUMMY__ 0.4843060498083709 off 0.26801696913704354 neg 0.24767698105458558	false	0.5
unzumutbarkeit	neg 1.0		__DUMMY__ 0.48499975437770965 off 0.27469423551667466 neg 0.24030601010561575	false	0.5
labil	off 1.0	off 1.0	off 0.6258786139730759 __DUMMY__ 0.2366992199454937 neg 0.13742216608143035	false	1.0
ziemlich	neg 1.0		__DUMMY__ 0.4846771288428983 off 0.276303295766259 neg 0.23901957539084276	false	0.5
lachnummer	off 1.0		__DUMMY__ 0.4852687178421597 off 0.26866813818332125 neg 0.24606314397451903	false	1.0
oder			__DUMMY__ 0.4875025823407293 off 0.2702013504772958 neg 0.24229606718197497	false	0.0
verfall	neg 1.0		__DUMMY__ 0.49015259943799855 off 0.25894632669928525 neg 0.2509010738627162	false	0.5
ausgrenzung	neg 1.0		__DUMMY__ 0.4840610144128856 off 0.27029317966149874 neg 0.24564580592561555	false	0.5
unordnung	neg 1.0		__DUMMY__ 0.48468081218422304 off 0.2755238546142703 neg 0.23979533320150653	false	0.5
fehlverhalten	neg 1.0		__DUMMY__ 0.4875521161096402 off 0.26403888834710826 neg 0.24840899554325163	false	0.5
eine			__DUMMY__ 0.4889106366662558 off 0.2637650013651932 neg 0.24732436196855104	false	0.0
nille	neg 1.0		__DUMMY__ 0.48688409143243055 off 0.2680935893933011 neg 0.24502231917426834	false	0.5
qual	neg 1.0		__DUMMY__ 0.48728204506447764 off 0.2687378371928032 neg 0.2439801177427191	false	0.5
verschwenden	neg 1.0		__DUMMY__ 0.48718177716955546 off 0.26604806720625 neg 0.2467701556241945	false	0.5
riesig	neg 1.0	neg 1.0	neg 0.6079245115511106 __DUMMY__ 0.24049420579640235 off 0.15158128265248696	false	1.0
verurteilen	neg 1.0		__DUMMY__ 0.48683895220377466 off 0.26685682002712763 neg 0.2463042277690976	false	0.5
klischee	neg 1.0	neg 1.0	neg 0.608529979544637 __DUMMY__ 0.23647937653617127 off 0.15499064391919168	false	1.0
diktatorisch	neg 1.0		__DUMMY__ 0.48294768481196965 off 0.2695846540697613 neg 0.247467661118269	false	0.5
vorhersehbar	neg 1.0	neg 1.0	neg 0.6081367852251982 __DUMMY__ 0.23709531737616668 off 0.15476789739863508	false	1.0
sowie			__DUMMY__ 0.4808574757902185 off 0.2807515300843907 neg 0.23839099412539094	false	0.0
stornieren	neg 1.0		__DUMMY__ 0.4893226092056122 off 0.2714484494411283 neg 0.2392289413532595	false	0.5
besteuerung	neg 1.0		__DUMMY__ 0.48347519107319853 off 0.26888244030244457 neg 0.24764236862435696	false	0.5
ungeschminkt	neg 1.0		__DUMMY__ 0.4831288004639935 off 0.2759215280785146 neg 0.240949671457492	false	0.5
kritisch	neg 1.0		__DUMMY__ 0.4866655631066909 off 0.26496872554300477 neg 0.24836571135030452	false	0.5
schlamperei	off 1.0		__DUMMY__ 0.4866801554019819 off 0.2636389078348942 neg 0.2496809367631239	false	1.0
sucht	neg 1.0	neg 1.0	neg 0.6073501670095608 __DUMMY__ 0.23930625540709113 off 0.15334357758334805	false	1.0
egoistisch	off 1.0		__DUMMY__ 0.4815166872883471 off 0.2817408779057917 neg 0.23674243480586113	false	1.0
ausbeuter	off 1.0		__DUMMY__ 0.4865548547193216 off 0.26345195087356943 neg 0.24999319440710893	false	1.0
arschgeburt	off 1.0		__DUMMY__ 0.47608274432806374 off 0.2896896657143196 neg 0.23422758995761658	false	1.0
schubs	neg 1.0	neg 1.0	neg 0.60725425061343 __DUMMY__ 0.2404010730195145 off 0.15234467636705562	false	1.0
unsolide	neg 1.0		__DUMMY__ 0.48040468740638204 off 0.2691181322995876 neg 0.25047718029403027	false	0.5
beschwerde	neg 1.0		__DUMMY__ 0.48693640866970167 off 0.2640045128627512 neg 0.24905907846754713	false	0.5
stocken	neg 1.0		__DUMMY__ 0.48840846560969997 off 0.2653924804216125 neg 0.2461990539686876	false	0.5
isolieren	neg 1.0		__DUMMY__ 0.48750297339857934 off 0.26646076529626506 neg 0.24603626130515557	false	0.5
unheilbar	neg 1.0		__DUMMY__ 0.48860613184806 off 0.2710424437362013 neg 0.24035142441573865	false	0.5
pisser	off 1.0		__DUMMY__ 0.4839090124509686 off 0.2775310646471516 neg 0.23855992290187972	false	1.0
löschen	neg 1.0		__DUMMY__ 0.4869141004083493 off 0.26941241514925224 neg 0.24367348444239842	false	0.5
durchfallen	neg 1.0		__DUMMY__ 0.4857471884884141 off 0.26625486485954214 neg 0.2479979466520439	false	0.5
wichser	off 1.0		__DUMMY__ 0.479434235752267 off 0.28683329449812006 neg 0.2337324697496129	false	1.0
terror	neg 1.0		__DUMMY__ 0.4866832345744007 off 0.27287710465168863 neg 0.24043966077391074	false	0.5
krass	neg 1.0		__DUMMY__ 0.48191207909720474 off 0.2794360366227998 neg 0.2386518842799955	false	0.5
revolte	neg 1.0		__DUMMY__ 0.4839831058587721 off 0.27100229994324787 neg 0.24501459419798005	false	0.5
besorgt	neg 1.0		__DUMMY__ 0.48993844904783196 off 0.2682884305528973 neg 0.2417731203992707	false	0.5
nachlassen	neg 1.0		__DUMMY__ 0.48877703438468684 off 0.26509027727740353 neg 0.24613268833790966	false	0.5
alt	neg 1.0		__DUMMY__ 0.4884758040992039 off 0.26626772778420826 neg 0.245256468116588	false	0.5
hundesohn	off 1.0		__DUMMY__ 0.4784378230371041 off 0.2843545596275597 neg 0.23720761733533624	false	1.0
als			__DUMMY__ 0.48856269430515237 off 0.2679665616395148 neg 0.2434707440553328	false	0.0
abschreckung	neg 1.0		__DUMMY__ 0.4890640954145079 off 0.2628804472820735 neg 0.24805545730341855	false	0.5
unqualifiziert	neg 1.0		__DUMMY__ 0.4817369086240752 off 0.2716511325560623 neg 0.2466119588198626	false	0.5
abgewichst	off 1.0		__DUMMY__ 0.4873911705130086 off 0.2675238948813102 neg 0.24508493460568134	false	1.0
schwer	neg 1.0		__DUMMY__ 0.48731808332666654 off 0.26969371585497426 neg 0.24298820081835926	false	0.5
bedeutungslosigkeit	neg 1.0		__DUMMY__ 0.48811324766577563 off 0.26360742015468663 neg 0.24827933217953774	false	0.5
kapitulation	neg 1.0		__DUMMY__ 0.48597286236414744 off 0.2644748357481432 neg 0.24955230188770935	false	0.5
unscharf	neg 1.0		__DUMMY__ 0.4851392677970208 off 0.27188210937098356 neg 0.2429786228319957	false	0.5
schwinden	neg 1.0		__DUMMY__ 0.4888294147023459 off 0.2637727328372214 neg 0.24739785246043272	false	0.5
versklavung	neg 1.0		__DUMMY__ 0.483598707272332 off 0.2694108208507682 neg 0.24699047187689985	false	0.5
schlecht	neg 1.0		__DUMMY__ 0.48490601188288535 off 0.27652413296417366 neg 0.23856985515294105	false	0.5
verhasst	neg 1.0		__DUMMY__ 0.48565065137660646 off 0.27048922537298514 neg 0.24386012325040854	false	0.5
beschweren	neg 1.0		__DUMMY__ 0.48587830045489233 off 0.27160352226435047 neg 0.24251817728075703	false	0.5
scheiden	neg 1.0		__DUMMY__ 0.4891220803098477 off 0.27080891464538503 neg 0.24006900504476728	false	0.5
frustriert	neg 1.0		__DUMMY__ 0.48741547316222156 off 0.26840336897848127 neg 0.24418115785929717	false	0.5
schimmelig	neg 1.0		__DUMMY__ 0.48926993953459214 off 0.26577334177902584 neg 0.244956718686382	false	0.5
fisch	neg 1.0		__DUMMY__ 0.4907270701418772 off 0.264655940688318 neg 0.24461698916980482	false	0.5
schmuggel	neg 1.0		__DUMMY__ 0.49154703769693875 off 0.2649806240444183 neg 0.243472338258643	false	0.5
auffallen	neg 1.0		__DUMMY__ 0.4857001024970126 off 0.2723761776742042 neg 0.24192371982878322	false	0.5
konkurrenz	neg 1.0	neg 1.0	neg 0.6108872232092669 __DUMMY__ 0.23994079543569108 off 0.14917198135504195	false	1.0
teufelskreis	neg 1.0		__DUMMY__ 0.4870942842566335 off 0.26894591985965227 neg 0.24395979588371416	false	0.5
aufschreien	neg 1.0		__DUMMY__ 0.48486573703132446 off 0.2719059656697368 neg 0.24322829729893858	false	0.5
schuldner	neg 1.0		__DUMMY__ 0.48840347383244315 off 0.2638631454117103 neg 0.24773338075584658	false	0.5
missgeburt	off 1.0	off 1.0	off 0.6296142876268321 __DUMMY__ 0.23520198717085372 neg 0.1351837252023142	false	1.0
arbeitslos	neg 1.0		__DUMMY__ 0.48591243167935966 off 0.26664506075738265 neg 0.2474425075632578	false	0.5
befallen	neg 1.0		__DUMMY__ 0.4874182015951305 off 0.2677983453914338 neg 0.24478345301343565	false	0.5
miesepetrig	off 1.0	off 1.0	off 0.6270682832757092 __DUMMY__ 0.23748417933031296 neg 0.13544753739397783	false	1.0
alarmieren	neg 1.0		__DUMMY__ 0.4836207528593649 off 0.2738811143059544 neg 0.24249813283468072	false	0.5
ungeduscht	off 1.0		__DUMMY__ 0.48604430848348606 off 0.2739090535080532 neg 0.2400466380084607	false	1.0
knappheit	neg 1.0		__DUMMY__ 0.4860148880132809 off 0.26455897204186757 neg 0.24942613994485147	false	0.5
schlange	neg 1.0		__DUMMY__ 0.48817589801087913 off 0.2724200992854061 neg 0.23940400270371479	false	0.5
harsch	neg 1.0		__DUMMY__ 0.4836049795935163 off 0.28077728051436873 neg 0.2356177398921149	false	0.5
lang	neg 1.0		__DUMMY__ 0.48703545071327675 off 0.27001936734115434 neg 0.242945181945569	false	0.5
ziellos	neg 1.0		__DUMMY__ 0.48954419799087534 off 0.26762730843248383 neg 0.24282849357664066	false	0.5
selbstverliebt	neg 1.0		__DUMMY__ 0.4771273527631601 off 0.28699045676003515 neg 0.23588219047680492	false	0.5
beseitigen	neg 1.0		__DUMMY__ 0.48691189039728 off 0.26826333193777907 neg 0.24482477766494085	false	0.5
dumm	off 1.0		__DUMMY__ 0.48013141319842834 off 0.28237734884680166 neg 0.23749123795477	false	1.0
arbeitsloser	neg 1.0		__DUMMY__ 0.4878702076320164 off 0.26635583148272934 neg 0.2457739608852542	false	0.5
blitzen	neg 1.0		__DUMMY__ 0.4855212969670255 off 0.2730054722533634 neg 0.24147323077961125	false	0.5
hilflos	neg 1.0		__DUMMY__ 0.4880704866292051 off 0.26812783921782646 neg 0.24380167415296825	false	0.5
eklig	off 1.0		__DUMMY__ 0.48090149738380006 off 0.28355168031842204 neg 0.23554682229777796	false	1.0
begriff			__DUMMY__ 0.48585819334988806 off 0.26766340498622554 neg 0.24647840166388635	false	0.0
hungersnot	neg 1.0		__DUMMY__ 0.4882476888833045 off 0.26789373108590153 neg 0.2438585800307939	false	0.5
ungesetzlich	neg 1.0		__DUMMY__ 0.48130131173196067 off 0.26976605897672007 neg 0.24893262929131912	false	0.5
verschwendung	neg 1.0		__DUMMY__ 0.48814783125602496 off 0.26489905186694035 neg 0.24695311687703456	false	0.5
schmerzvoll	neg 1.0		__DUMMY__ 0.48637354384904835 off 0.27175973574625867 neg 0.24186672040469295	false	0.5
vorzeitig	neg 1.0		__DUMMY__ 0.4870957365263564 off 0.2736053338017944 neg 0.23929892967184904	false	0.5
unvollkommenheit	neg 1.0		__DUMMY__ 0.49148881505962094 off 0.2685021197710403 neg 0.24000906516933893	false	0.5
intervenieren	neg 1.0		__DUMMY__ 0.4862734686625039 off 0.2636914793750903 neg 0.2500350519624059	false	0.5
banause	off 1.0		__DUMMY__ 0.4784509244458393 off 0.285054619028653 neg 0.23649445652550766	false	1.0
rebell	neg 1.0		__DUMMY__ 0.4895378430901703 off 0.2612092192965855 neg 0.24925293761324416	false	0.5
unlogisch	neg 1.0		__DUMMY__ 0.48221519535421165 off 0.27858566320344597 neg 0.2391991414423424	false	0.5
leiden	neg 1.0		__DUMMY__ 0.49227856346035914 off 0.26592345986968746 neg 0.24179797666995334	false	0.5
abschaffung	neg 1.0		__DUMMY__ 0.48372985152799847 off 0.2687850096608116 neg 0.24748513881118994	false	0.5
sturz	neg 1.0		__DUMMY__ 0.48813752502221985 off 0.2699860191343171 neg 0.24187645584346323	false	0.5
verkleinerung	neg 1.0		__DUMMY__ 0.4823527712199302 off 0.2714281543567387 neg 0.2462190744233309	false	0.5
schmarotzer	off 1.0		__DUMMY__ 0.4853909186111562 off 0.2662631859481608 neg 0.24834589544068303	false	1.0
bestrafung	neg 1.0		__DUMMY__ 0.485805513383936 off 0.27093765123889446 neg 0.2432568353771695	false	0.5
achtlos	neg 1.0		__DUMMY__ 0.48819970452744627 off 0.26998227162941807 neg 0.24181802384313564	false	0.5
ungeheuer	neg 1.0		__DUMMY__ 0.4856866340478189 off 0.2729998322086638 neg 0.2413135337435173	false	0.5
unaufrichtig	neg 1.0		__DUMMY__ 0.48446451248160577 off 0.2714241644021214 neg 0.24411132311627284	false	0.5
groggy	neg 1.0		__DUMMY__ 0.48496575956165955 off 0.2721934320655406 neg 0.2428408083727998	false	0.5
verletzlich	neg 1.0		__DUMMY__ 0.4835967372024534 off 0.27746314113516685 neg 0.2389401216623798	false	0.5
