unsolidarisch	neg 1.0		off 0.4821645299092936 neg 0.447003579016482 __DUMMY__ 0.07083189107422445	false	0.5
nachteilig	neg 1.0		off 0.48165269423871154 neg 0.4466978724192297 __DUMMY__ 0.07164943334205864	false	0.5
skeptisch	neg 1.0		off 0.48105319527401413 neg 0.4472171331797198 __DUMMY__ 0.07172967154626607	false	0.5
schrecklich	neg 1.0		off 0.49583892276597774 neg 0.43329180195704936 __DUMMY__ 0.07086927527697298	false	0.5
schlapp	neg 1.0		off 0.49264215139671363 neg 0.43600851875747637 __DUMMY__ 0.07134932984580983	false	0.5
abfall	neg 1.0		off 0.4795799132975592 neg 0.4483522617053568 __DUMMY__ 0.07206782499708402	false	0.5
widerspenstig	neg 1.0		off 0.4872957589209423 neg 0.44109851626252955 __DUMMY__ 0.07160572481652827	false	0.5
abrupt	neg 1.0		off 0.483767254122611 neg 0.44419550765826143 __DUMMY__ 0.07203723821912773	false	0.5
unwirksam	neg 1.0		off 0.4832131091809653 neg 0.4458022865122627 __DUMMY__ 0.07098460430677193	false	0.5
angreifen	neg 1.0	neg 1.0	neg 0.7084229956041077 off 0.25707750763152637 __DUMMY__ 0.03449949676436596	false	1.0
inkonsistent	neg 1.0		off 0.4871561157675164 neg 0.44143571321202735 __DUMMY__ 0.07140817102045614	false	0.5
abrutschen	neg 1.0		off 0.47988420033783263 neg 0.4480694788659456 __DUMMY__ 0.07204632079622157	false	0.5
unsicher	neg 1.0		off 0.48762630617155184 neg 0.44069775985398907 __DUMMY__ 0.07167593397445898	false	0.5
bauernkind	off 1.0	off 1.0	off 0.7334845666379186 neg 0.23268048425593993 __DUMMY__ 0.033834949106141425	false	1.0
angreifer	neg 1.0		off 0.48918563757257855 neg 0.43914732461669986 __DUMMY__ 0.07166703781072165	false	0.5
trennen	neg 1.0		off 0.4850446253397676 neg 0.44274581118711787 __DUMMY__ 0.07220956347311451	false	0.5
schmutz	neg 1.0		off 0.4933289996099108 neg 0.43441594237112485 __DUMMY__ 0.07225505801896431	false	0.5
inkonsistenz	neg 1.0		off 0.48797438786250574 neg 0.4412240067253188 __DUMMY__ 0.07080160541217544	false	0.5
erschreckend	neg 1.0		off 0.4848298330711739 neg 0.443697561963608 __DUMMY__ 0.07147260496521811	false	0.5
ertrinken	neg 1.0		off 0.4853151257971922 neg 0.4426013969745124 __DUMMY__ 0.07208347722829524	false	0.5
pickelface	off 1.0		off 0.48396424504282626 neg 0.44449886712641834 __DUMMY__ 0.07153688783075551	false	1.0
seiner			off 0.4830997515177171 neg 0.4449301666610232 __DUMMY__ 0.07197008182125951	false	0.0
lauch	neg 1.0		off 0.47817389278920575 neg 0.450082151148821 __DUMMY__ 0.0717439560619732	false	0.5
unwichtig	neg 1.0		off 0.49076986348591406 neg 0.4381110252989281 __DUMMY__ 0.07111911121515788	false	0.5
steuerhinterziehung	neg 1.0		off 0.48289176145289764 neg 0.4457929157796455 __DUMMY__ 0.07131532276745672	false	0.5
schock	neg 1.0		off 0.4883190186894356 neg 0.43968264083415337 __DUMMY__ 0.07199834047641102	false	0.5
beule	neg 1.0		off 0.49336764482974466 neg 0.4352365254605134 __DUMMY__ 0.07139582970974206	false	0.5
vergelten	neg 1.0		off 0.4967932686175981 neg 0.43184033673869276 __DUMMY__ 0.07136639464370911	false	0.5
verdorbenheit	neg 1.0		off 0.48640826741246657 neg 0.4419915759279512 __DUMMY__ 0.07160015665958219	false	0.5
trauma	neg 1.0		off 0.48757335992885226 neg 0.44095759573751203 __DUMMY__ 0.07146904433363556	false	0.5
sinnlos	neg 1.0		off 0.4897141718084152 neg 0.43877734314515304 __DUMMY__ 0.07150848504643184	false	0.5
fettsack	off 1.0	off 1.0	off 0.7353794323574167 neg 0.23066822901047326 __DUMMY__ 0.03395233863211005	false	1.0
feige	off 1.0	off 1.0	off 0.7319549604883605 neg 0.23398081910014365 __DUMMY__ 0.03406422041149591	false	1.0
abdanken	neg 1.0		off 0.48438549644611484 neg 0.44424358657031987 __DUMMY__ 0.07137091698356522	false	0.5
wichtigtuer	off 1.0	off 1.0	off 0.7305033206606482 neg 0.2353054562323717 __DUMMY__ 0.03419122310698013	false	1.0
misslingen	neg 1.0		off 0.4908267412459233 neg 0.43714993829069476 __DUMMY__ 0.07202332046338189	false	0.5
untreu	off 1.0		off 0.4921641774082191 neg 0.43676950968297595 __DUMMY__ 0.07106631290880484	false	1.0
missmutig	neg 1.0		off 0.49186593168504117 neg 0.436857241042575 __DUMMY__ 0.07127682727238392	false	0.5
hurenbock	off 1.0		off 0.48861181807311593 neg 0.4398430479428718 __DUMMY__ 0.07154513398401238	false	1.0
betrunken	neg 1.0		off 0.4959321185611377 neg 0.43271617017656955 __DUMMY__ 0.07135171126229278	false	0.5
korrupt	off 1.0		off 0.48072903056529037 neg 0.4481678327627495 __DUMMY__ 0.07110313667196014	false	1.0
unmut	neg 1.0		off 0.4788527642811608 neg 0.4492207300485688 __DUMMY__ 0.07192650567027047	false	0.5
hackfresse	off 1.0		off 0.4982316941556721 neg 0.4312852839855273 __DUMMY__ 0.07048302185880065	false	1.0
aufblasen	neg 1.0		off 0.48973178575964676 neg 0.4385554516254054 __DUMMY__ 0.07171276261494793	false	0.5
gewaltsam	neg 1.0		off 0.4860518892686929 neg 0.44231351350367215 __DUMMY__ 0.07163459722763497	false	0.5
unbeliebtheit	neg 1.0		off 0.4853584231668908 neg 0.4443247648456196 __DUMMY__ 0.0703168119874895	false	0.5
sturheit	neg 1.0		off 0.4845701159088013 neg 0.4439930976966123 __DUMMY__ 0.07143678639458632	false	0.5
kuh	neg 1.0		off 0.48566985084450914 neg 0.4431356519299914 __DUMMY__ 0.0711944972254994	false	0.5
erschrecken	neg 1.0		off 0.49143553672932694 neg 0.4371908823610597 __DUMMY__ 0.07137358090961343	false	0.5
opfer	neg 1.0		off 0.48429090934302876 neg 0.4437986661902472 __DUMMY__ 0.07191042446672412	false	0.5
sinken	neg 1.0		off 0.4794940629414505 neg 0.44860551585733643 __DUMMY__ 0.07190042120121301	false	0.5
stinktier	neg 1.0		off 0.4955259689390559 neg 0.43379022971453757 __DUMMY__ 0.07068380134640662	false	0.5
tucke	off 1.0		off 0.4962530626883402 neg 0.43372358895609525 __DUMMY__ 0.07002334835556458	false	1.0
ein			off 0.48827302778097925 neg 0.4401141677016039 __DUMMY__ 0.0716128045174169	false	0.0
abstieg	neg 1.0		off 0.48485209256122763 neg 0.4429517296642024 __DUMMY__ 0.07219617777457006	false	0.5
missverstehen	neg 1.0		off 0.4880935297759626 neg 0.440728715254764 __DUMMY__ 0.07117775496927335	false	0.5
ergebnislos	neg 1.0		off 0.48196020935102224 neg 0.44629268026844127 __DUMMY__ 0.07174711038053655	false	0.5
unter			off 0.4780356978301952 neg 0.4492150072264666 __DUMMY__ 0.07274929494333829	false	0.0
manipulieren	neg 1.0		off 0.4815412613805299 neg 0.446669746517067 __DUMMY__ 0.07178899210240317	false	0.5
unbewiesen	neg 1.0		off 0.4823820098191754 neg 0.44681581181565294 __DUMMY__ 0.07080217836517154	false	0.5
verschleppen	neg 1.0		off 0.48394047662711115 neg 0.4443465766661857 __DUMMY__ 0.07171294670670324	false	0.5
weib	off 1.0		off 0.4983719702103257 neg 0.43111549663910537 __DUMMY__ 0.07051253315056892	false	1.0
opposition	neg 1.0		off 0.48730270610625026 neg 0.4414588674254128 __DUMMY__ 0.07123842646833689	false	0.5
verkehrswidrig	neg 1.0	neg 1.0	neg 0.6991192669485111 off 0.26641288609296637 __DUMMY__ 0.034467846958522515	false	1.0
inkorrekt	neg 1.0		off 0.49093886568019474 neg 0.438464931536846 __DUMMY__ 0.07059620278295928	false	0.5
vermeiden	neg 1.0		off 0.4786743271898346 neg 0.4489882736150498 __DUMMY__ 0.07233739919511575	false	0.5
abweichung	neg 1.0		off 0.4813762995904352 neg 0.44708283156423606 __DUMMY__ 0.07154086884532873	false	0.5
alkoholisiert	neg 1.0		off 0.4860031304735683 neg 0.44151294657842943 __DUMMY__ 0.07248392294800227	false	0.5
scheiss	off 1.0	off 1.0	off 0.7331931128359193 neg 0.23257957975903568 __DUMMY__ 0.03422730740504505	false	1.0
herausforderung	neg 1.0	neg 1.0	neg 0.7056952313582172 off 0.25939503754651 __DUMMY__ 0.03490973109527275	false	1.0
pervers	off 1.0		off 0.5016300245721147 neg 0.4280246020412274 __DUMMY__ 0.07034537338665797	false	1.0
wackelig	neg 1.0		off 0.4869496049462001 neg 0.44092883930108484 __DUMMY__ 0.07212155575271506	false	0.5
verwickeln	neg 1.0		off 0.4879710387231772 neg 0.44084707931265005 __DUMMY__ 0.07118188196417266	false	0.5
vorwand	neg 1.0		off 0.48098392948723995 neg 0.44714456042610357 __DUMMY__ 0.0718715100866563	false	0.5
muschi	off 1.0		off 0.48435700569135387 neg 0.44412878296246955 __DUMMY__ 0.07151421134617653	false	1.0
entmutigung	neg 1.0		off 0.4862565146811628 neg 0.4425932783218311 __DUMMY__ 0.07115020699700601	false	0.5
unangemessen	neg 1.0		off 0.4833012755116592 neg 0.4452877600726575 __DUMMY__ 0.07141096441568341	false	0.5
unstetig	neg 1.0		off 0.48836116652513945 neg 0.44006068574262536 __DUMMY__ 0.07157814773223523	false	0.5
entmutigen	neg 1.0		off 0.48755040937799854 neg 0.4410761600171762 __DUMMY__ 0.0713734306048252	false	0.5
schwanz	neg 1.0		off 0.48198645435908954 neg 0.44621667785238606 __DUMMY__ 0.07179686778852443	false	0.5
verbot	neg 1.0		off 0.48190860069538616 neg 0.44672303565082305 __DUMMY__ 0.0713683636537909	false	0.5
leid	neg 1.0		off 0.4975440234851176 neg 0.43156911604063286 __DUMMY__ 0.07088686047424948	false	0.5
archaisch	neg 1.0		off 0.4844584336504129 neg 0.4439188963907011 __DUMMY__ 0.07162266995888594	false	0.5
gegen			off 0.48135410332213735 neg 0.4465476813754548 __DUMMY__ 0.07209821530240781	false	0.0
scheidung	neg 1.0		off 0.5052415754116891 neg 0.4245494770649397 __DUMMY__ 0.07020894752337128	false	0.5
einschlag	neg 1.0	neg 1.0	neg 0.7018106348445323 off 0.26406406846770736 __DUMMY__ 0.03412529668776031	false	1.0
m			off 0.48524035070483523 neg 0.44294479483911486 __DUMMY__ 0.0718148544560499	false	0.0
abgestanden	neg 1.0		off 0.48905932953426073 neg 0.4392084728344814 __DUMMY__ 0.07173219763125792	false	0.5
schmierig	off 1.0		off 0.4972060459586975 neg 0.4318466606227319 __DUMMY__ 0.07094729341857048	false	1.0
unpraktisch	neg 1.0		off 0.4894470712160952 neg 0.4388043074143931 __DUMMY__ 0.07174862136951175	false	0.5
wixxer	off 1.0		off 0.5004598939854932 neg 0.42933847108317214 __DUMMY__ 0.07020163493133474	false	1.0
bezeichnet			off 0.4853771492416804 neg 0.44319779701777995 __DUMMY__ 0.07142505374053965	false	0.0
jammerlappen	off 1.0		off 0.4912822701462735 neg 0.43754858269172064 __DUMMY__ 0.071169147162006	false	1.0
farce	neg 1.0		off 0.4819831662928233 neg 0.4468164879148003 __DUMMY__ 0.07120034579237633	false	0.5
zwecklos	neg 1.0		off 0.48394867826461585 neg 0.4445250235780929 __DUMMY__ 0.07152629815729131	false	0.5
turbulent	neg 1.0		off 0.49045698226805373 neg 0.4386392349810727 __DUMMY__ 0.07090378275087351	false	0.5
invasion	neg 1.0		off 0.4894331065678108 neg 0.4391176565065535 __DUMMY__ 0.07144923692563576	false	0.5
schuld	neg 1.0		off 0.48742465807714574 neg 0.4411198008991769 __DUMMY__ 0.07145554102367738	false	0.5
risiko	neg 1.0		off 0.48749648732153944 neg 0.4408892990817993 __DUMMY__ 0.07161421359666133	false	0.5
finster	neg 1.0		off 0.4886833160972395 neg 0.4397029026842945 __DUMMY__ 0.07161378121846598	false	0.5
geisteskrank	off 1.0		off 0.4919504737532281 neg 0.4371563134427218 __DUMMY__ 0.07089321280405003	false	1.0
zusammenbrechen	neg 1.0		off 0.4862949145696172 neg 0.4419075965004233 __DUMMY__ 0.07179748892995944	false	0.5
ausbeute	neg 1.0		off 0.4833200860712624 neg 0.44467124372311556 __DUMMY__ 0.07200867020562218	false	0.5
hinterhalt	neg 1.0		off 0.4849163949918044 neg 0.44341600208408327 __DUMMY__ 0.07166760292411223	false	0.5
kritik	neg 1.0		off 0.48230499339537897 neg 0.4464033058991758 __DUMMY__ 0.07129170070544523	false	0.5
einschrumpfen	neg 1.0		off 0.48675767093618105 neg 0.4423808579499833 __DUMMY__ 0.07086147111383573	false	0.5
riskant	neg 1.0		off 0.4827744236306437 neg 0.445513686017126 __DUMMY__ 0.07171189035223038	false	0.5
frustrieren	neg 1.0		off 0.48305493953012374 neg 0.4452280468435438 __DUMMY__ 0.07171701362633238	false	0.5
groll	neg 1.0		off 0.48441325425817916 neg 0.44391524682245465 __DUMMY__ 0.07167149891936628	false	0.5
gibt			off 0.4844832109550846 neg 0.4439336778487718 __DUMMY__ 0.0715831111961436	false	0.0
qualvoll	neg 1.0		off 0.4916322264633952 neg 0.4367958117603404 __DUMMY__ 0.0715719617762644	false	0.5
wackeln	neg 1.0	neg 1.0	neg 0.7038476182735349 off 0.2615601835422374 __DUMMY__ 0.03459219818422759	false	1.0
klagen	neg 1.0		off 0.47900869555466763 neg 0.4491455663069317 __DUMMY__ 0.07184573813840073	false	0.5
bankrott	neg 1.0		off 0.49089903365732757 neg 0.4377616200968201 __DUMMY__ 0.07133934624585231	false	0.5
trauern	neg 1.0		off 0.4845715082430979 neg 0.4434255022318153 __DUMMY__ 0.0720029895250868	false	0.5
ablehnung	neg 1.0		off 0.48232546563322765 neg 0.44638680034763284 __DUMMY__ 0.07128773401913943	false	0.5
stur	neg 1.0		off 0.48766821096116436 neg 0.4409736473051962 __DUMMY__ 0.07135814173363925	false	0.5
aufruhr	neg 1.0		off 0.4863376076151245 neg 0.44195982228131936 __DUMMY__ 0.07170257010355607	false	0.5
melancholie	neg 1.0		off 0.48574511708450313 neg 0.44233778922416384 __DUMMY__ 0.07191709369133306	false	0.5
ist			off 0.48836346060529534 neg 0.44022766570830524 __DUMMY__ 0.07140887368639948	false	0.0
torheit	neg 1.0		off 0.48601723030705013 neg 0.44273115161872534 __DUMMY__ 0.07125161807422459	false	0.5
dreckskind	off 1.0		off 0.49679484870927054 neg 0.4326120141713818 __DUMMY__ 0.07059313711934782	false	1.0
umtauschen	neg 1.0		off 0.486887554129345 neg 0.44147010433165673 __DUMMY__ 0.07164234153899837	false	0.5
zum			off 0.48095130341425985 neg 0.4463565361169986 __DUMMY__ 0.07269216046874145	false	0.0
zersetzen	neg 1.0		off 0.4806870824492798 neg 0.4476479434709059 __DUMMY__ 0.0716649740798143	false	0.5
zur			off 0.4778173016815826 neg 0.4498498910633021 __DUMMY__ 0.07233280725511528	false	0.0
frust	neg 1.0		off 0.4858118113712244 neg 0.44242928828598044 __DUMMY__ 0.07175890034279517	false	0.5
unerbittlichkeit	neg 1.0		off 0.48087342423481305 neg 0.44745376220278227 __DUMMY__ 0.0716728135624048	false	0.5
zwei			off 0.48239940012823235 neg 0.44514770048991287 __DUMMY__ 0.0724528993818547	false	0.0
unkorrekt	neg 1.0		off 0.4910433409173213 neg 0.4384734539085827 __DUMMY__ 0.07048320517409597	false	0.5
hexe	off 1.0		off 0.49104404459561196 neg 0.43799410442119224 __DUMMY__ 0.07096185098319574	false	1.0
lasch	neg 1.0		off 0.48811990370528885 neg 0.44095315422973513 __DUMMY__ 0.07092694206497596	false	0.5
rivale	neg 1.0		off 0.49524441063877883 neg 0.43354879770028354 __DUMMY__ 0.07120679166093766	false	0.5
mutlos	off 1.0	off 1.0	off 0.7267983976913799 neg 0.23887195913011117 __DUMMY__ 0.03432964317850896	false	1.0
wirr	off 1.0		off 0.49201575226141614 neg 0.4374136997146842 __DUMMY__ 0.07057054802389967	false	1.0
jahr			off 0.4832537771702892 neg 0.44454679772460176 __DUMMY__ 0.07219942510510897	false	0.0
wird			off 0.48365199288549243 neg 0.44460746807197793 __DUMMY__ 0.07174053904252951	false	0.0
strafbar	neg 1.0		off 0.4820434123111066 neg 0.44638341202482457 __DUMMY__ 0.07157317566406883	false	0.5
erosion	neg 1.0		off 0.4884838429498414 neg 0.4398085116173209 __DUMMY__ 0.07170764543283784	false	0.5
eingehen	neg 1.0		off 0.4825843082772412 neg 0.4459543301901283 __DUMMY__ 0.07146136153263037	false	0.5
faul	off 1.0		off 0.4920484599117133 neg 0.43650499208288907 __DUMMY__ 0.07144654800539742	false	1.0
provisorium	neg 1.0		off 0.4768833381153784 neg 0.4505113632882026 __DUMMY__ 0.07260529859641886	false	0.5
schmerzen	neg 1.0		off 0.4874432214438729 neg 0.44091028750171396 __DUMMY__ 0.07164649105441323	false	0.5
schrumpfen	neg 1.0		off 0.4765774026248432 neg 0.45139920709414627 __DUMMY__ 0.07202339028101057	false	0.5
geistlos	off 1.0		off 0.48581094326940216 neg 0.4433946007673811 __DUMMY__ 0.07079445596321676	false	1.0
fehlkauf	neg 1.0		off 0.48791075249910093 neg 0.4407442230404996 __DUMMY__ 0.07134502446039952	false	0.5
frustrierend	neg 1.0		off 0.4914729243445555 neg 0.43710439198081447 __DUMMY__ 0.07142268367462994	false	0.5
unzufrieden	neg 1.0		off 0.48355797094685077 neg 0.444944801071002 __DUMMY__ 0.07149722798214729	false	0.5
verzweifeln	neg 1.0		off 0.48647980201223906 neg 0.4419093421640598 __DUMMY__ 0.07161085582370123	false	0.5
verzweifelt	neg 1.0		off 0.4880548505461957 neg 0.44054237890492737 __DUMMY__ 0.07140277054887707	false	0.5
misstrauensantrag	neg 1.0		off 0.48855511929264456 neg 0.4401389937973847 __DUMMY__ 0.07130588690997076	false	0.5
abfallen	neg 1.0		off 0.48980771058733075 neg 0.4384441370339319 __DUMMY__ 0.07174815237873733	false	0.5
fucker	off 1.0		off 0.49250512690506654 neg 0.43658845001848373 __DUMMY__ 0.07090642307644972	false	1.0
ungezogen	neg 1.0		off 0.500562668969904 neg 0.4288933182343247 __DUMMY__ 0.07054401279577117	false	0.5
irrsinnig	neg 1.0	neg 1.0	neg 0.7058021397865045 off 0.2599403423751829 __DUMMY__ 0.034257517838312594	false	1.0
unfassbar	neg 1.0		off 0.49133517164536655 neg 0.437652774945191 __DUMMY__ 0.07101205340944254	false	0.5
hart	neg 1.0		off 0.4900577756837222 neg 0.43867477236634533 __DUMMY__ 0.07126745194993234	false	0.5
widerlich	off 1.0		off 0.49174039397390523 neg 0.4373906014467302 __DUMMY__ 0.0708690045793646	false	1.0
fatal	neg 1.0		off 0.48830608254924907 neg 0.4403393167502239 __DUMMY__ 0.07135460070052699	false	0.5
bruch	neg 1.0		off 0.4800159781900496 neg 0.4480320313670637 __DUMMY__ 0.07195199044288667	false	0.5
aushungern	neg 1.0		off 0.4839131390647301 neg 0.44473856015057295 __DUMMY__ 0.07134830078469685	false	0.5
anspannung	neg 1.0	neg 1.0	neg 0.7071667576003983 off 0.25769876264835034 __DUMMY__ 0.035134479751251335	false	1.0
von			off 0.482391974469079 neg 0.4454030351948897 __DUMMY__ 0.07220499033603123	false	0.0
kraftlos	neg 1.0		off 0.48717312620762576 neg 0.44075099416293173 __DUMMY__ 0.07207587962944234	false	0.5
vom			off 0.47880795238929513 neg 0.4484077973108588 __DUMMY__ 0.07278425029984613	false	0.0
grenzdebil	off 1.0		off 0.49309797745064277 neg 0.4358258111424098 __DUMMY__ 0.07107621140694739	false	1.0
vor			off 0.4823006382244386 neg 0.44560935578104094 __DUMMY__ 0.07209000599452038	false	0.0
unterwerfen	neg 1.0		off 0.4826304276135839 neg 0.4456661557546633 __DUMMY__ 0.07170341663175292	false	0.5
versenkung	neg 1.0		off 0.4827440776880363 neg 0.4454667286207065 __DUMMY__ 0.07178919369125719	false	0.5
entziehen	neg 1.0		off 0.4802889425247903 neg 0.4477961406329926 __DUMMY__ 0.07191491684221711	false	0.5
finanzkrise	neg 1.0		off 0.4837087438986617 neg 0.44502362847665156 __DUMMY__ 0.07126762762468677	false	0.5
schimpfend	neg 1.0		off 0.4899670437696506 neg 0.4382207645779499 __DUMMY__ 0.07181219165239955	false	0.5
profan	neg 1.0		off 0.48942675566226446 neg 0.43925408260352156 __DUMMY__ 0.07131916173421393	false	0.5
korruption	neg 1.0		off 0.4816576213001362 neg 0.44700851492085514 __DUMMY__ 0.07133386377900872	false	0.5
â			off 0.4838737271190171 neg 0.4443064842505804 __DUMMY__ 0.07181978863040248	false	0.0
schmutzig	neg 1.0		off 0.49363735847679674 neg 0.4350750883257679 __DUMMY__ 0.07128755319743536	false	0.5
sexy	neg 1.0		off 0.49022720657251245 neg 0.43843966434046927 __DUMMY__ 0.07133312908701814	false	0.5
abraten	neg 1.0		off 0.48826109560624037 neg 0.4403895061134531 __DUMMY__ 0.07134939828030652	false	0.5
schwarz	neg 1.0		off 0.48743514536521765 neg 0.44122752067907034 __DUMMY__ 0.071337333955712	false	0.5
fotze	off 1.0		off 0.4822309947980338 neg 0.44614101440019654 __DUMMY__ 0.07162799080176963	false	1.0
verwirren	neg 1.0		off 0.4895546060541997 neg 0.4391446206747558 __DUMMY__ 0.07130077327104457	false	0.5
zahnlos	off 1.0		off 0.483465571234983 neg 0.44505875626041896 __DUMMY__ 0.07147567250459802	false	1.0
verheeren	neg 1.0		off 0.5023471071633997 neg 0.42699695138378485 __DUMMY__ 0.07065594145281535	false	0.5
hippie	neg 1.0		off 0.4893460395686859 neg 0.4393534011933074 __DUMMY__ 0.07130055923800678	false	0.5
rammen	neg 1.0		off 0.4885351817988436 neg 0.4398597373574524 __DUMMY__ 0.07160508084370398	false	0.5
unlauter	neg 1.0		off 0.48307791817344325 neg 0.4461128429331755 __DUMMY__ 0.07080923889338116	false	0.5
unheilvoll	neg 1.0		off 0.4907710830924889 neg 0.4375635275269313 __DUMMY__ 0.07166538938057976	false	0.5
niedrig	neg 1.0		off 0.4835525438293682 neg 0.4444293134239934 __DUMMY__ 0.07201814274663847	false	0.5
explosion	neg 1.0		off 0.48864731871343375 neg 0.4400590492347668 __DUMMY__ 0.07129363205179942	false	0.5
weichei	off 1.0		off 0.4972094849114788 neg 0.43215278560816284 __DUMMY__ 0.0706377294803584	false	1.0
minusmensch	off 1.0		off 0.49724953350764306 neg 0.43288322724903144 __DUMMY__ 0.06986723924332562	false	1.0
farblos	neg 1.0		off 0.48860070772755193 neg 0.4393230055223224 __DUMMY__ 0.07207628675012571	false	0.5
unwissend	neg 1.0	neg 1.0	neg 0.7039613354102398 off 0.2619623242065515 __DUMMY__ 0.03407634038320872	false	1.0
traurig	neg 1.0		off 0.49503299784938776 neg 0.4339984802420695 __DUMMY__ 0.07096852190854266	false	0.5
senkung	neg 1.0		off 0.4870096792087197 neg 0.442042564459709 __DUMMY__ 0.07094775633157124	false	0.5
ungleich	neg 1.0	neg 1.0	neg 0.7089501593259898 off 0.2566935290821845 __DUMMY__ 0.03435631159182561	false	1.0
heikel	neg 1.0		off 0.4807567264475403 neg 0.4476035085414092 __DUMMY__ 0.07163976501105056	false	0.5
drosselung	neg 1.0		off 0.4926672344959786 neg 0.43622032679884454 __DUMMY__ 0.07111243870517671	false	0.5
falsch	neg 1.0		off 0.4909110443334991 neg 0.43782098404953285 __DUMMY__ 0.07126797161696807	false	0.5
unzufriedenheit	neg 1.0		off 0.4806364617119008 neg 0.4476072468238193 __DUMMY__ 0.07175629146427985	false	0.5
kurz	neg 1.0		off 0.4867791049663352 neg 0.4413154202142453 __DUMMY__ 0.07190547481941947	false	0.5
unsinnig	neg 1.0		off 0.48324083070805074 neg 0.4454396146954642 __DUMMY__ 0.07131955459648502	false	0.5
penner	off 1.0	off 1.0	off 0.7365044660376618 neg 0.2296515139725302 __DUMMY__ 0.033844019989807975	false	1.0
seicht	neg 1.0		off 0.4981793355482043 neg 0.43163724772624035 __DUMMY__ 0.07018341672555535	false	0.5
dummheit	off 1.0	off 1.0	off 0.7306696586471986 neg 0.23515684899709602 __DUMMY__ 0.03417349235570537	false	1.0
unerfreulich	neg 1.0		off 0.48131197609194065 neg 0.4467514831228992 __DUMMY__ 0.07193654078516014	false	0.5
motherfucker	off 1.0	off 1.0	off 0.7327095746245954 neg 0.23328714216180932 __DUMMY__ 0.034003283213595345	false	1.0
pikiert	neg 1.0		off 0.4905195136157218 neg 0.4385728438176938 __DUMMY__ 0.0709076425665843	false	0.5
wrack	neg 1.0		off 0.4838421095596028 neg 0.44420928409520904 __DUMMY__ 0.07194860634518822	false	0.5
gangster	neg 1.0		off 0.4892900694460597 neg 0.43933677776976787 __DUMMY__ 0.0713731527841724	false	0.5
krank	neg 1.0		off 0.4945109668496786 neg 0.4342344325719655 __DUMMY__ 0.07125460057835584	false	0.5
reich	neg 1.0		off 0.48833929109984925 neg 0.4408491866469624 __DUMMY__ 0.07081152225318833	false	0.5
gnadenlos	neg 1.0		off 0.4877447257986385 neg 0.44074688454801836 __DUMMY__ 0.07150838965334323	false	0.5
niedergeschlagen	neg 1.0		off 0.4874112285331054 neg 0.44065069112873545 __DUMMY__ 0.07193808033815918	false	0.5
terrorisieren	off 1.0	off 1.0	off 0.7281752141978195 neg 0.2373098636138837 __DUMMY__ 0.0345149221882967	false	1.0
sinnlosigkeit	neg 1.0		off 0.4840645486983852 neg 0.44439223364120756 __DUMMY__ 0.07154321766040717	false	0.5
behindern	neg 1.0		off 0.48513819367562805 neg 0.4434090816093886 __DUMMY__ 0.07145272471498344	false	0.5
undemokratisch	neg 1.0		off 0.4847410508188354 neg 0.44421475073556876 __DUMMY__ 0.07104419844559592	false	0.5
wirtschaftskrise	neg 1.0		off 0.482014979896192 neg 0.44648307611016924 __DUMMY__ 0.07150194399363861	false	0.5
neid	neg 1.0		off 0.49323306629049546 neg 0.435244935216035 __DUMMY__ 0.07152199849346956	false	0.5
rutschen	neg 1.0		off 0.4829018256232045 neg 0.44455462379242766 __DUMMY__ 0.07254355058436786	false	0.5
rezession	neg 1.0		off 0.4940699412461043 neg 0.4353023738500302 __DUMMY__ 0.07062768490386558	false	0.5
fehlgeburt	neg 1.0		off 0.4907772549534838 neg 0.4375040840104049 __DUMMY__ 0.07171866103611135	false	0.5
charakterschwach	off 1.0		off 0.4922260475766038 neg 0.43674134407441373 __DUMMY__ 0.07103260834898242	false	1.0
isolation	neg 1.0		off 0.49116594793917817 neg 0.43745608519455825 __DUMMY__ 0.07137796686626358	false	0.5
ablenkung	neg 1.0		off 0.48731722632472996 neg 0.4411220205664569 __DUMMY__ 0.07156075310881309	false	0.5
pech	neg 1.0		off 0.49126025564714815 neg 0.4373629074550506 __DUMMY__ 0.07137683689780117	false	0.5
vermeidung	neg 1.0		off 0.49147034504604675 neg 0.43767860454721236 __DUMMY__ 0.07085105040674089	false	0.5
dominieren	neg 1.0		off 0.48518032677483697 neg 0.4427708391809024 __DUMMY__ 0.07204883404426062	false	0.5
schwindlig	neg 1.0		off 0.49243191095269306 neg 0.4356812466361249 __DUMMY__ 0.07188684241118212	false	0.5
lutscher	neg 1.0		off 0.4992962858031575 neg 0.4304924462978233 __DUMMY__ 0.07021126789901916	false	0.5
pflicht	neg 1.0		off 0.480754567492528 neg 0.44756252543195346 __DUMMY__ 0.07168290707551864	false	0.5
faschist	off 1.0		off 0.48684849621856086 neg 0.44224756726859743 __DUMMY__ 0.07090393651284164	false	1.0
verschleudern	neg 1.0		off 0.4790282099679647 neg 0.44979949700146415 __DUMMY__ 0.07117229303057106	false	0.5
wenn			off 0.4910447892927054 neg 0.4377132751974414 __DUMMY__ 0.07124193550985326	false	0.0
ehebruch	neg 1.0		off 0.48309373124769206 neg 0.44525451087503765 __DUMMY__ 0.07165175787727023	false	0.5
spott	off 1.0		off 0.4815131639833332 neg 0.4469704656674411 __DUMMY__ 0.07151637034922559	false	1.0
trostlosigkeit	neg 1.0		off 0.4808972589338305 neg 0.44715708092731243 __DUMMY__ 0.07194566013885706	false	0.5
lutschen	neg 1.0		off 0.48833874276781 neg 0.4404393747152434 __DUMMY__ 0.0712218825169466	false	0.5
undiszipliniert	neg 1.0		off 0.49472686985037984 neg 0.43417161302093654 __DUMMY__ 0.07110151712868364	false	0.5
kopfschmerz	neg 1.0		off 0.4874670284159075 neg 0.44058364639608777 __DUMMY__ 0.07194932518800477	false	0.5
unvorhergesehen	neg 1.0		off 0.4858685447663377 neg 0.4419158913600534 __DUMMY__ 0.07221556387360907	false	0.5
desinteressiert	neg 1.0		off 0.49321569203097104 neg 0.4358935567611886 __DUMMY__ 0.07089075120784032	false	0.5
armselig	off 1.0		off 0.49289477353258165 neg 0.4364800241062081 __DUMMY__ 0.0706252023612103	false	1.0
desaster	neg 1.0		off 0.47823935465961176 neg 0.4499675718312306 __DUMMY__ 0.07179307350915759	false	0.5
tod	neg 1.0		off 0.48529625131091425 neg 0.44269625824076364 __DUMMY__ 0.07200749044832203	false	0.5
herzlos	neg 1.0		off 0.4945968378007019 neg 0.43461298932093323 __DUMMY__ 0.07079017287836482	false	0.5
unwissenheit	neg 1.0		off 0.4822935309501675 neg 0.4464016849971307 __DUMMY__ 0.07130478405270174	false	0.5
widersinnig	neg 1.0	neg 1.0	neg 0.7091777886689563 off 0.2567287149022376 __DUMMY__ 0.034093496428806096	false	1.0
bedenklich	neg 1.0		off 0.4821698508030507 neg 0.44627552950455673 __DUMMY__ 0.07155461969239248	false	0.5
beanstanden	neg 1.0		off 0.48024975813396603 neg 0.4480127091179534 __DUMMY__ 0.07173753274808067	false	0.5
panisch	neg 1.0	neg 1.0	neg 0.7023461004462513 off 0.2630669026188843 __DUMMY__ 0.034586996934864375	false	1.0
debil	off 1.0		off 0.4767177298508981 neg 0.4510548866932734 __DUMMY__ 0.07222738345582841	false	1.0
abstrich	neg 1.0		off 0.4825935084259895 neg 0.44593893745524515 __DUMMY__ 0.07146755411876536	false	0.5
primitiv	neg 1.0		off 0.49234036554784827 neg 0.43678313973731747 __DUMMY__ 0.07087649471483438	false	0.5
abschaum	off 1.0	off 1.0	off 0.7318587611383457 neg 0.2340261621689289 __DUMMY__ 0.0341150766927254	false	1.0
provozieren	neg 1.0		off 0.4867230950303432 neg 0.4419032848125282 __DUMMY__ 0.07137362015712852	false	0.5
tot	neg 1.0		off 0.48126898805523516 neg 0.44727105983635834 __DUMMY__ 0.07145995210840644	false	0.5
instabil	neg 1.0		off 0.4898781992747107 neg 0.43962529788357335 __DUMMY__ 0.07049650284171588	false	0.5
schwuchtel	off 1.0		off 0.5036719472525328 neg 0.42639118426956096 __DUMMY__ 0.0699368684779062	false	1.0
zerren	neg 1.0		off 0.4874273898860838 neg 0.44063929332715696 __DUMMY__ 0.07193331678675924	false	0.5
kinderficker	off 1.0		off 0.49428442660763905 neg 0.4354015674999638 __DUMMY__ 0.07031400589239711	false	1.0
gefahr	neg 1.0		off 0.481867077405907 neg 0.4462001039010912 __DUMMY__ 0.0719328186930017	false	0.5
rabiat	neg 1.0		off 0.486160562850714 neg 0.44241891762629826 __DUMMY__ 0.07142051952298764	false	0.5
verlangsamung	neg 1.0		off 0.4983039648766437 neg 0.4311144227719624 __DUMMY__ 0.07058161235139394	false	0.5
ausgestorben	neg 1.0		off 0.4872206835591528 neg 0.4410342414982219 __DUMMY__ 0.07174507494262523	false	0.5
anklagen	neg 1.0		off 0.484301616740865 neg 0.444170056553096 __DUMMY__ 0.07152832670603886	false	0.5
trott	neg 1.0		off 0.48645658601504366 neg 0.4419069408318244 __DUMMY__ 0.07163647315313192	false	0.5
verminderung	neg 1.0		off 0.492007512189189 neg 0.4372265051053309 __DUMMY__ 0.07076598270547999	false	0.5
nach			off 0.48242186136616244 neg 0.444734814177814 __DUMMY__ 0.07284332445602357	false	0.0
rost	neg 1.0		off 0.4975793020278031 neg 0.43168691515338986 __DUMMY__ 0.07073378281880709	false	0.5
destruktiv	neg 1.0		off 0.48387504152926913 neg 0.4449715681082225 __DUMMY__ 0.07115339036250823	false	0.5
unzumutbarkeit	neg 1.0		off 0.4914897601855987 neg 0.4372645659483587 __DUMMY__ 0.07124567386604251	false	0.5
labil	off 1.0	off 1.0	off 0.7318237592167784 neg 0.2340518235905275 __DUMMY__ 0.034124417192694066	false	1.0
ziemlich	neg 1.0		off 0.49308620754907007 neg 0.43570420130504944 __DUMMY__ 0.0712095911458805	false	0.5
lachnummer	off 1.0		off 0.4850020477338622 neg 0.44369010938784115 __DUMMY__ 0.07130784287829664	false	1.0
oder			off 0.4878883413203147 neg 0.4404563764742755 __DUMMY__ 0.07165528220540988	false	0.0
verfall	neg 1.0		off 0.4768961556650782 neg 0.451030228208399 __DUMMY__ 0.07207361612652279	false	0.5
ausgrenzung	neg 1.0		off 0.48614385691855855 neg 0.4427486088436876 __DUMMY__ 0.0711075342377538	false	0.5
unordnung	neg 1.0		off 0.4922164389639303 neg 0.43660135344774764 __DUMMY__ 0.07118220758832207	false	0.5
fehlverhalten	neg 1.0		off 0.48108354661635283 neg 0.4472506371166132 __DUMMY__ 0.07166581626703393	false	0.5
eine			off 0.48156293566392494 neg 0.4465557333536914 __DUMMY__ 0.07188133098238368	false	0.0
nille	neg 1.0		off 0.48519039795863345 neg 0.4432511133094828 __DUMMY__ 0.07155848873188382	false	0.5
qual	neg 1.0		off 0.48614781473392554 neg 0.4422236605805619 __DUMMY__ 0.0716285246855126	false	0.5
verschwenden	neg 1.0		off 0.48319188643303174 neg 0.445200161088507 __DUMMY__ 0.0716079524784611	false	0.5
riesig	neg 1.0	neg 1.0	neg 0.7061371763682168 off 0.2591850859028352 __DUMMY__ 0.03467773772894791	false	1.0
verurteilen	neg 1.0		off 0.483772955409103 neg 0.44467712331219944 __DUMMY__ 0.07154992127869761	false	0.5
klischee	neg 1.0	neg 1.0	neg 0.7050612017191933 off 0.26084697003624874 __DUMMY__ 0.034091828244557885	false	1.0
diktatorisch	neg 1.0		off 0.4848275815214341 neg 0.4442404901658619 __DUMMY__ 0.07093192831270394	false	0.5
vorhersehbar	neg 1.0	neg 1.0	neg 0.7049423635526375 off 0.2608756443689403 __DUMMY__ 0.03418199207842214	false	1.0
sowie			off 0.49602179181561307 neg 0.4333743970837299 __DUMMY__ 0.07060381110065708	false	0.0
stornieren	neg 1.0		off 0.49003491224650214 neg 0.4380434014036547 __DUMMY__ 0.07192168634984307	false	0.5
besteuerung	neg 1.0		off 0.48451378060267214 neg 0.4444730191014342 __DUMMY__ 0.07101320029589354	false	0.5
ungeschminkt	neg 1.0		off 0.491994203228459 neg 0.4370499564511071 __DUMMY__ 0.070955840320434	false	0.5
kritisch	neg 1.0		off 0.4816866904657308 neg 0.4467860092869751 __DUMMY__ 0.07152730024729408	false	0.5
schlamperei	off 1.0		off 0.48024375530061963 neg 0.4482354914960656 __DUMMY__ 0.07152075320331482	false	1.0
sucht	neg 1.0	neg 1.0	neg 0.705029295552183 off 0.2604717629297065 __DUMMY__ 0.03449894151811061	false	1.0
egoistisch	off 1.0		off 0.49740982155153995 neg 0.43188251079102513 __DUMMY__ 0.07070766765743497	false	1.0
ausbeuter	off 1.0		off 0.4799793079071015 neg 0.4485132005395584 __DUMMY__ 0.07150749155334014	false	1.0
arschgeburt	off 1.0		off 0.50328038898733 neg 0.4268707865380799 __DUMMY__ 0.06984882447459011	false	1.0
schubs	neg 1.0	neg 1.0	neg 0.7053560738643191 off 0.259979710012712 __DUMMY__ 0.034664216122968876	false	1.0
unsolide	neg 1.0		off 0.4831786066585163 neg 0.4462941252210264 __DUMMY__ 0.07052726812045729	false	0.5
beschwerde	neg 1.0		off 0.48078563149271475 neg 0.4476553950122968 __DUMMY__ 0.07155897349498841	false	0.5
stocken	neg 1.0		off 0.48299476391457324 neg 0.4452130775167623 __DUMMY__ 0.07179215856866449	false	0.5
isolieren	neg 1.0		off 0.48370205465020344 neg 0.4446535938362083 __DUMMY__ 0.0716443515135883	false	0.5
unheilbar	neg 1.0		off 0.48917938175938835 neg 0.4389981310370463 __DUMMY__ 0.07182248720356535	false	0.5
pisser	off 1.0		off 0.4939725624645331 neg 0.43495074181163984 __DUMMY__ 0.0710766957238271	false	1.0
löschen	neg 1.0		off 0.4866810633615159 neg 0.44175134834913393 __DUMMY__ 0.07156758828935002	false	0.5
durchfallen	neg 1.0		off 0.48267997032360543 neg 0.44593781131987115 __DUMMY__ 0.07138221835652334	false	0.5
wichser	off 1.0		off 0.5019180561743674 neg 0.4277028320555065 __DUMMY__ 0.07037911177012598	false	1.0
terror	neg 1.0		off 0.49037311452909293 neg 0.43810271542595547 __DUMMY__ 0.07152417004495158	false	0.5
krass	neg 1.0		off 0.49520185122032906 neg 0.4340337197788122 __DUMMY__ 0.07076442900085873	false	0.5
revolte	neg 1.0		off 0.486909923482313 neg 0.44199619286391484 __DUMMY__ 0.07109388365377227	false	0.5
besorgt	neg 1.0		off 0.48690272378127497 neg 0.4410642624468396 __DUMMY__ 0.07203301377188549	false	0.5
nachlassen	neg 1.0		off 0.48293602287148335 neg 0.4452192138567912 __DUMMY__ 0.07184476327172551	false	0.5
alt	neg 1.0		off 0.4841360522100238 neg 0.4440768486308989 __DUMMY__ 0.07178709915907736	false	0.5
hundesohn	off 1.0		off 0.4986388391797969 neg 0.431141095889912 __DUMMY__ 0.07022006493029102	false	1.0
als			off 0.4859001234371158 neg 0.44227840841477095 __DUMMY__ 0.07182146814811328	false	0.0
abschreckung	neg 1.0		off 0.48054627652401377 neg 0.4475541207366814 __DUMMY__ 0.07189960273930493	false	0.5
unqualifiziert	neg 1.0		off 0.48655931851653744 neg 0.44269390312252827 __DUMMY__ 0.07074677836093421	false	0.5
abgewichst	off 1.0		off 0.4848572411098894 neg 0.4435037418608865 __DUMMY__ 0.07163901702922414	false	1.0
schwer	neg 1.0		off 0.4871862182681489 neg 0.4411823361924852 __DUMMY__ 0.07163144553936596	false	0.5
bedeutungslosigkeit	neg 1.0		off 0.48090199862944794 neg 0.44734347108402106 __DUMMY__ 0.07175453028653103	false	0.5
kapitulation	neg 1.0		off 0.4807975387305141 neg 0.44779059446030367 __DUMMY__ 0.07141186680918217	false	0.5
unscharf	neg 1.0		off 0.48864699523192673 neg 0.44008674160054045 __DUMMY__ 0.07126626316753269	false	0.5
schwinden	neg 1.0		off 0.48145115022061147 neg 0.4466906577408893 __DUMMY__ 0.0718581920384993	false	0.5
versklavung	neg 1.0		off 0.4850001374429713 neg 0.4439652689950235 __DUMMY__ 0.07103459356200527	false	0.5
schlecht	neg 1.0		off 0.49341267598168337 neg 0.4353402077596539 __DUMMY__ 0.07124711625866277	false	0.5
verhasst	neg 1.0		off 0.48719728528970263 neg 0.44143623942581894 __DUMMY__ 0.0713664752844785	false	0.5
beschweren	neg 1.0		off 0.48855364081582525 neg 0.44004279075804403 __DUMMY__ 0.07140356842613071	false	0.5
scheiden	neg 1.0		off 0.4892994933031174 neg 0.43881473327328424 __DUMMY__ 0.0718857734235984	false	0.5
frustriert	neg 1.0		off 0.48581649852942327 neg 0.44253569337871324 __DUMMY__ 0.07164780809186355	false	0.5
schimmelig	neg 1.0		off 0.484024207948751 neg 0.4440644525556739 __DUMMY__ 0.07191133949557503	false	0.5
fisch	neg 1.0		off 0.48349133075002937 neg 0.44437759755324785 __DUMMY__ 0.07213107169672271	false	0.5
schmuggel	neg 1.0		off 0.4840518148290091 neg 0.4436756333546892 __DUMMY__ 0.07227255181630164	false	0.5
auffallen	neg 1.0		off 0.48931959465934305 neg 0.43930639590720844 __DUMMY__ 0.07137400943344852	false	0.5
konkurrenz	neg 1.0	neg 1.0	neg 0.708944815468993 off 0.25645214700005703 __DUMMY__ 0.034603037530950086	false	1.0
teufelskreis	neg 1.0		off 0.4862323516853043 neg 0.44217209650672284 __DUMMY__ 0.0715955518079727	false	0.5
aufschreien	neg 1.0		off 0.4883910479250192 neg 0.44036561853451844 __DUMMY__ 0.07124333354046232	false	0.5
schuldner	neg 1.0		off 0.48131413852308275 neg 0.44689638957753136 __DUMMY__ 0.07178947189938596	false	0.5
missgeburt	off 1.0	off 1.0	off 0.7349525094902694 neg 0.23115283452471944 __DUMMY__ 0.033894655985011304	false	1.0
arbeitslos	neg 1.0		off 0.48316821244628516 neg 0.4454203215540037 __DUMMY__ 0.07141146599971115	false	0.5
befallen	neg 1.0		off 0.4851293065298297 neg 0.4432458206455127 __DUMMY__ 0.07162487282465771	false	0.5
miesepetrig	off 1.0	off 1.0	off 0.7334560061939797 neg 0.23230842414460792 __DUMMY__ 0.03423556966141238	false	1.0
alarmieren	neg 1.0		off 0.4898396784053264 neg 0.43912432097718634 __DUMMY__ 0.07103600061748712	false	0.5
ungeduscht	off 1.0		off 0.4912725640631688 neg 0.43731456806894314 __DUMMY__ 0.07141286786788785	false	1.0
knappheit	neg 1.0		off 0.48097425610665157 neg 0.4476147045157293 __DUMMY__ 0.07141103937761914	false	0.5
schlange	neg 1.0		off 0.4905749557997744 neg 0.43766591358778884 __DUMMY__ 0.07175913061243686	false	0.5
harsch	neg 1.0		off 0.4973948218942958 neg 0.4315748985841452 __DUMMY__ 0.07103027952155914	false	0.5
lang	neg 1.0		off 0.4873972771821413 neg 0.44101439569237744 __DUMMY__ 0.07158832712548124	false	0.5
ziellos	neg 1.0		off 0.48601748314501325 neg 0.4420036427344515 __DUMMY__ 0.07197887412053532	false	0.5
selbstverliebt	neg 1.0		off 0.5009597365364802 neg 0.42902303704152644 __DUMMY__ 0.07001722642199336	false	0.5
beseitigen	neg 1.0		off 0.4854285267794302 neg 0.4430246296766236 __DUMMY__ 0.07154684354394612	false	0.5
dumm	off 1.0		off 0.49746265575296245 neg 0.43204573844393496 __DUMMY__ 0.07049160580310258	false	1.0
arbeitsloser	neg 1.0		off 0.4837352926091904 neg 0.44455318740429484 __DUMMY__ 0.07171151998651465	false	0.5
blitzen	neg 1.0		off 0.4898597110489344 neg 0.4387953697750634 __DUMMY__ 0.07134491917600215	false	0.5
hilflos	neg 1.0		off 0.48584326560939145 neg 0.44240723758190736 __DUMMY__ 0.07174949680870119	false	0.5
eklig	off 1.0		off 0.4991165630311928 neg 0.4302744660800519 __DUMMY__ 0.07060897088875527	false	1.0
begriff			off 0.4842433149200271 neg 0.4443589491826477 __DUMMY__ 0.07139773589732522	false	0.0
hungersnot	neg 1.0		off 0.4855934402407409 neg 0.4426468566645713 __DUMMY__ 0.07175970309468792	false	0.5
ungesetzlich	neg 1.0		off 0.4842150737544496 neg 0.4451096390541038 __DUMMY__ 0.07067528719144675	false	0.5
verschwendung	neg 1.0		off 0.4823696908126248 neg 0.4458675343013779 __DUMMY__ 0.0717627748859974	false	0.5
schmerzvoll	neg 1.0		off 0.4889793527772252 neg 0.43953961966712063 __DUMMY__ 0.07148102755565428	false	0.5
vorzeitig	neg 1.0		off 0.4912757350751667 neg 0.4371490048013662 __DUMMY__ 0.071575260123467	false	0.5
unvollkommenheit	neg 1.0		off 0.48786177702816486 neg 0.4398753565299419 __DUMMY__ 0.07226286644189328	false	0.5
intervenieren	neg 1.0		off 0.4800942364365971 neg 0.4484445438873732 __DUMMY__ 0.07146121967602963	false	0.5
banause	off 1.0		off 0.4995650961849189 neg 0.4302146067257363 __DUMMY__ 0.0702202970893448	false	1.0
rebell	neg 1.0		off 0.47912607591543765 neg 0.44891277531691626 __DUMMY__ 0.0719611487676461	false	0.5
unlogisch	neg 1.0		off 0.49436291915825414 neg 0.4348166765314542 __DUMMY__ 0.07082040431029173	false	0.5
leiden	neg 1.0		off 0.4855389526835999 neg 0.442068227310778 __DUMMY__ 0.07239282000562199	false	0.5
abschaffung	neg 1.0		off 0.48443558283497495 neg 0.4445089320205055 __DUMMY__ 0.07105548514451958	false	0.5
sturz	neg 1.0		off 0.4878592986878642 neg 0.44040015913141894 __DUMMY__ 0.07174054218071675	false	0.5
verkleinerung	neg 1.0		off 0.4866418423846524 neg 0.44252520178015026 __DUMMY__ 0.07083295583519737	false	0.5
schmarotzer	off 1.0		off 0.48248448669766686 neg 0.44618946465701914 __DUMMY__ 0.07132604864531393	false	1.0
bestrafung	neg 1.0		off 0.487745708495343 neg 0.44086658543204016 __DUMMY__ 0.07138770607261691	false	0.5
achtlos	neg 1.0		off 0.4879287526464384 neg 0.4403045477519209 __DUMMY__ 0.07176669960164062	false	0.5
ungeheuer	neg 1.0		off 0.49000027643180305 neg 0.438641171209292 __DUMMY__ 0.07135855235890486	false	0.5
unaufrichtig	neg 1.0		off 0.48760200673031495 neg 0.44123095002375917 __DUMMY__ 0.07116704324592588	false	0.5
groggy	neg 1.0		off 0.4886774532572481 neg 0.4400610903274174 __DUMMY__ 0.07126145641533443	false	0.5
