unsolidarisch	neg 1.0		off 0.5152799894318897 neg 0.47732311739191174 __DUMMY__ 0.007396893176198593	false	0.5
nachteilig	neg 1.0		off 0.515152961661186 neg 0.47736421206566243 __DUMMY__ 0.007482826273151473	false	0.5
skeptisch	neg 1.0		off 0.5145869525077316 neg 0.47792165671283987 __DUMMY__ 0.007491390779428547	false	0.5
schrecklich	neg 1.0		off 0.5290972049167261 neg 0.4635019722822047 __DUMMY__ 0.007400822801069344	false	0.5
schlapp	neg 1.0		off 0.5261073899398083 neg 0.46644137103022815 __DUMMY__ 0.007451239029963398	false	0.5
abfall	neg 1.0		off 0.5132630084913085 neg 0.47921013171310667 __DUMMY__ 0.00752685979558498	false	0.5
widerspenstig	neg 1.0		off 0.5208348640931562 neg 0.4716869335842557 __DUMMY__ 0.007478202322588228	false	0.5
abrupt	neg 1.0		off 0.5174779305834687 neg 0.474998677215926 __DUMMY__ 0.007523392200605353	false	0.5
unwirksam	neg 1.0		off 0.5164223909184507 neg 0.4761647448418553 __DUMMY__ 0.007412864239694109	false	0.5
angreifen	neg 1.0	neg 1.0	neg 0.7231831942228286 off 0.27322247688567863 __DUMMY__ 0.0035943288914928565	false	1.0
inkonsistent	neg 1.0		off 0.520598148801939 neg 0.47194454738051805 __DUMMY__ 0.007457303817543007	false	0.5
abrutschen	neg 1.0		off 0.5135606296993663 neg 0.47891468277434784 __DUMMY__ 0.007524687526285984	false	0.5
unsicher	neg 1.0		off 0.521191783688283 neg 0.4713225007230977 __DUMMY__ 0.007485715588619387	false	0.5
bauernkind	off 1.0	off 1.0	off 0.7493389874189645 neg 0.2471362399929969 __DUMMY__ 0.0035247725880385825	false	1.0
angreifer	neg 1.0		off 0.5227527220687115 neg 0.46976272211531395 __DUMMY__ 0.00748455581597459	false	0.5
trennen	neg 1.0		off 0.5188414462643656 neg 0.47361677125001744 __DUMMY__ 0.007541782485616953	false	0.5
schmutz	neg 1.0		off 0.5272092289620508 neg 0.465244595636515 __DUMMY__ 0.007546175401434155	false	0.5
inkonsistenz	neg 1.0		off 0.5211276758395647 neg 0.4714786935177544 __DUMMY__ 0.007393630642680813	false	0.5
erschreckend	neg 1.0		off 0.5182745607525349 neg 0.4742610638798493 __DUMMY__ 0.00746437536761588	false	0.5
ertrinken	neg 1.0		off 0.5190534543877043 neg 0.47341802378537934 __DUMMY__ 0.0075285218269163096	false	0.5
pickelface	off 1.0		off 0.5174330989299846 neg 0.47509591396029 __DUMMY__ 0.007470987109725493	false	1.0
seiner			off 0.516764366635495 neg 0.47571897461349427 __DUMMY__ 0.007516658751010682	false	0.0
lauch	neg 1.0		off 0.5116985293605679 neg 0.48080869156217 __DUMMY__ 0.007492779077262107	false	0.5
unwichtig	neg 1.0		off 0.5240995838833635 neg 0.4684732744476908 __DUMMY__ 0.007427141668945703	false	0.5
steuerhinterziehung	neg 1.0		off 0.5162402199946236 neg 0.4763121229375443 __DUMMY__ 0.007447657067832042	false	0.5
schock	neg 1.0		off 0.5220432803706377 neg 0.47043718779665683 __DUMMY__ 0.007519531832705608	false	0.5
beule	neg 1.0		off 0.5268604945893867 neg 0.46568344595555583 __DUMMY__ 0.00745605945505758	false	0.5
vergelten	neg 1.0		off 0.5302753114365193 neg 0.46227188173028005 __DUMMY__ 0.007452806833200675	false	0.5
verdorbenheit	neg 1.0		off 0.5199400247872266 neg 0.4725823672263536 __DUMMY__ 0.007477607986419801	false	0.5
trauma	neg 1.0		off 0.5210425353888424 neg 0.47149343557802914 __DUMMY__ 0.007464029033128393	false	0.5
sinnlos	neg 1.0		off 0.5232176381695862 neg 0.4693142469760882 __DUMMY__ 0.007468114854325592	false	0.5
fettsack	off 1.0	off 1.0	off 0.7512882247088972 neg 0.2451747135681764 __DUMMY__ 0.0035370617229263223	false	1.0
feige	off 1.0	off 1.0	off 0.747905945429451 neg 0.24854523239522025 __DUMMY__ 0.003548822175328807	false	1.0
abdanken	neg 1.0		off 0.5177665186577812 neg 0.474779975593137 __DUMMY__ 0.007453505749081604	false	0.5
wichtigtuer	off 1.0	off 1.0	off 0.7465111144260547 neg 0.24992678612830796 __DUMMY__ 0.003562099445637404	false	1.0
misslingen	neg 1.0		off 0.5245784255419806 neg 0.46789963366946724 __DUMMY__ 0.0075219407885520305	false	0.5
untreu	off 1.0		off 0.5254833235483581 neg 0.4670950920052639 __DUMMY__ 0.00742158444637785	false	1.0
missmutig	neg 1.0		off 0.5252834156377885 neg 0.46727294931696395 __DUMMY__ 0.00744363504524756	false	0.5
hurenbock	off 1.0		off 0.5221278354912713 neg 0.47040055441565737 __DUMMY__ 0.0074716100930713	false	1.0
betrunken	neg 1.0		off 0.5294205688217307 neg 0.46312792797767793 __DUMMY__ 0.007451503200591486	false	0.5
korrupt	off 1.0		off 0.5139594770573886 neg 0.47861509408391223 __DUMMY__ 0.0074254288586991825	false	1.0
unmut	neg 1.0		off 0.5124575942143086 neg 0.4800303438011859 __DUMMY__ 0.007512061984505529	false	0.5
hackfresse	off 1.0		off 0.5313281610854333 neg 0.46131167384483873 __DUMMY__ 0.007360165069728064	false	1.0
aufblasen	neg 1.0		off 0.5233383310868501 neg 0.46917215421906955 __DUMMY__ 0.007489514694080374	false	0.5
gewaltsam	neg 1.0		off 0.5195810353585049 neg 0.47293780089441906 __DUMMY__ 0.0074811637470761335	false	0.5
unbeliebtheit	neg 1.0		off 0.5182652548520059 neg 0.4743921998173914 __DUMMY__ 0.0073425453306027256	false	0.5
sturheit	neg 1.0		off 0.517989121892115 neg 0.47455032740746 __DUMMY__ 0.007460550700425093	false	0.5
kuh	neg 1.0		off 0.5190057383382308 neg 0.4735595029185438 __DUMMY__ 0.007434758743225247	false	0.5
erschrecken	neg 1.0		off 0.5248947814584995 neg 0.4676513186971421 __DUMMY__ 0.007453899844358264	false	0.5
opfer	neg 1.0		off 0.5179318213357004 neg 0.4745578355045036 __DUMMY__ 0.007510343159796112	false	0.5
sinken	neg 1.0		off 0.5130969905222584 neg 0.47939385545841084 __DUMMY__ 0.007509154019330651	false	0.5
stinktier	neg 1.0		off 0.5286931127643686 neg 0.4639257025863428 __DUMMY__ 0.007381184649288723	false	0.5
tucke	off 1.0		off 0.5291219937584013 neg 0.4635663465784241 __DUMMY__ 0.007311659663174576	false	1.0
ein			off 0.5218232472302979 neg 0.4706978729841127 __DUMMY__ 0.0074788797855892585	false	0.0
abstieg	neg 1.0		off 0.5186296675982404 neg 0.4738301432309264 __DUMMY__ 0.007540189170833228	false	0.5
missverstehen	neg 1.0		off 0.521426677444924 neg 0.4711400076675703 __DUMMY__ 0.007433314887505817	false	0.5
ergebnislos	neg 1.0		off 0.5155066357165645 neg 0.4770002843207941 __DUMMY__ 0.007493079962641241	false	0.5
unter			off 0.5120298967459609 neg 0.4803715797444171 __DUMMY__ 0.007598523509622009	false	0.0
manipulieren	neg 1.0		off 0.5151022517472648 neg 0.4774002086231733 __DUMMY__ 0.007497539629561832	false	0.5
unbewiesen	neg 1.0		off 0.5154838164552715 neg 0.4771224459880055 __DUMMY__ 0.00739373755672301	false	0.5
verschleppen	neg 1.0		off 0.5174820978526432 neg 0.47502845506433417 __DUMMY__ 0.007489447083022564	false	0.5
weib	off 1.0		off 0.5314807586761077 neg 0.4611560481093782 __DUMMY__ 0.007363193214514253	false	1.0
opposition	neg 1.0		off 0.5206655422809688 neg 0.4718948707868762 __DUMMY__ 0.00743958693215505	false	0.5
verkehrswidrig	neg 1.0	neg 1.0	neg 0.7138471455751397 off 0.28256197678901135 __DUMMY__ 0.0035908776358488195	false	1.0
inkorrekt	neg 1.0		off 0.5240173140901367 neg 0.46861065989585887 __DUMMY__ 0.007372026014004477	false	0.5
vermeiden	neg 1.0		off 0.5124798576707231 neg 0.4799649872895255 __DUMMY__ 0.007555155039751372	false	0.5
abweichung	neg 1.0		off 0.5148226538561586 neg 0.47770601325944695 __DUMMY__ 0.007471332884394428	false	0.5
alkoholisiert	neg 1.0		off 0.5199432976247179 neg 0.47248646064713945 __DUMMY__ 0.0075702417281427355	false	0.5
scheiss	off 1.0	off 1.0	off 0.7492322249676071 neg 0.24720198694914855 __DUMMY__ 0.0035657880832443956	false	1.0
herausforderung	neg 1.0	neg 1.0	neg 0.7206290432437679 off 0.2757338348704349 __DUMMY__ 0.00363712188579711	false	1.0
pervers	off 1.0		off 0.534685596976595 neg 0.4579687815585169 __DUMMY__ 0.007345621464888071	false	1.0
wackelig	neg 1.0		off 0.5207280890551479 neg 0.4717394325063612 __DUMMY__ 0.007532478438491024	false	0.5
verwickeln	neg 1.0		off 0.5213047752415091 neg 0.47126147473520763 __DUMMY__ 0.007433750023283278	false	0.5
vorwand	neg 1.0		off 0.5145815998920592 neg 0.4779121167211536 __DUMMY__ 0.007506283386787342	false	0.5
muschi	off 1.0		off 0.5178171235349164 neg 0.47471423334005025 __DUMMY__ 0.007468643125033413	false	1.0
entmutigung	neg 1.0		off 0.5195506127920518 neg 0.47301913047998845 __DUMMY__ 0.00743025672795987	false	0.5
unangemessen	neg 1.0		off 0.5167001430803103 neg 0.47584200667665155 __DUMMY__ 0.00745785024303816	false	0.5
unstetig	neg 1.0		off 0.5218915062780896 neg 0.4706334493935599 __DUMMY__ 0.0074750443283505726	false	0.5
entmutigen	neg 1.0		off 0.5209728756969767 neg 0.4715732910405013 __DUMMY__ 0.007453833262522068	false	0.5
schwanz	neg 1.0		off 0.5155654816607669 neg 0.47693623087581744 __DUMMY__ 0.007498287463415696	false	0.5
verbot	neg 1.0		off 0.5152713447151197 neg 0.4772753766431473 __DUMMY__ 0.0074532786417331855	false	0.5
leid	neg 1.0		off 0.5308244496885042 neg 0.4617729373187954 __DUMMY__ 0.007402612992700476	false	0.5
archaisch	neg 1.0		off 0.517971665518352 neg 0.4745482818753937 __DUMMY__ 0.007480052606254303	false	0.5
gegen			off 0.5150550591464416 neg 0.4774148891567402 __DUMMY__ 0.007530051696818154	false	0.0
scheidung	neg 1.0		off 0.5382488105205158 neg 0.454420136610144 __DUMMY__ 0.007331052869340194	false	0.5
einschlag	neg 1.0	neg 1.0	neg 0.7163976973392491 off 0.280047166177986 __DUMMY__ 0.0035551364827648164	false	1.0
m			off 0.5188559032780435 neg 0.47364370275407763 __DUMMY__ 0.00750039396787874	false	0.0
abgestanden	neg 1.0		off 0.5226790224898802 neg 0.4698296550252068 __DUMMY__ 0.00749132248491307	false	0.5
schmierig	off 1.0		off 0.5305117698921819 neg 0.4620792458823767 __DUMMY__ 0.007408984225441315	false	1.0
unpraktisch	neg 1.0		off 0.5230713562116347 neg 0.4694353895600853 __DUMMY__ 0.007493254228279939	false	0.5
wixxer	off 1.0		off 0.5334395743757137 neg 0.4592299230305565 __DUMMY__ 0.007330502593730062	false	1.0
bezeichnet			off 0.5188019042503496 neg 0.47373875903775076 __DUMMY__ 0.0074593367118996655	false	0.0
jammerlappen	off 1.0		off 0.524640787432702 neg 0.4679267956478236 __DUMMY__ 0.007432416919474482	false	1.0
farce	neg 1.0		off 0.5152695180825696 neg 0.47729488259897834 __DUMMY__ 0.0074355993184520046	false	0.5
zwecklos	neg 1.0		off 0.5174098064895929 neg 0.47512019117466553 __DUMMY__ 0.007470002335741654	false	0.5
turbulent	neg 1.0		off 0.5236828182174754 neg 0.4689130890939694 __DUMMY__ 0.007404092688555162	false	0.5
invasion	neg 1.0		off 0.5229077165902061 neg 0.469630384484394 __DUMMY__ 0.007461898925399793	false	0.5
schuld	neg 1.0		off 0.5208825630908329 neg 0.4716548644204735 __DUMMY__ 0.007462572488693667	false	0.5
risiko	neg 1.0		off 0.5210264093935343 neg 0.4714946363822174 __DUMMY__ 0.0074789542242481985	false	0.5
finster	neg 1.0		off 0.5222457200567195 neg 0.4702753034872183 __DUMMY__ 0.007478976456062104	false	0.5
geisteskrank	off 1.0		off 0.5251804872111123 neg 0.4674161384067346 __DUMMY__ 0.007403374382153082	false	1.0
zusammenbrechen	neg 1.0		off 0.5199062186344018 neg 0.4725952549896934 __DUMMY__ 0.007498526375904781	false	0.5
ausbeute	neg 1.0		off 0.5170173157936843 neg 0.47546227345957026 __DUMMY__ 0.007520410746745503	false	0.5
hinterhalt	neg 1.0		off 0.5184596387765515 neg 0.47405586506253466 __DUMMY__ 0.007484496160913635	false	0.5
kritik	neg 1.0		off 0.5156356770831704 neg 0.47691910666203674 __DUMMY__ 0.007445216254793004	false	0.5
einschrumpfen	neg 1.0		off 0.5199342348175872 neg 0.4726657849518491 __DUMMY__ 0.007399980230563683	false	0.5
riskant	neg 1.0		off 0.5163146956157052 neg 0.4761957591084436 __DUMMY__ 0.007489545275851113	false	0.5
frustrieren	neg 1.0		off 0.5166000579014917 neg 0.4759098845979756 __DUMMY__ 0.007490057500532689	false	0.5
groll	neg 1.0		off 0.5179426662101052 neg 0.4745721101498253 __DUMMY__ 0.00748522364006953	false	0.5
gibt			off 0.5179786441375989 neg 0.4745453616049523 __DUMMY__ 0.007475994257448706	false	0.0
qualvoll	neg 1.0		off 0.5251871334589118 neg 0.4673381964142929 __DUMMY__ 0.007474670126795367	false	0.5
wackeln	neg 1.0	neg 1.0	neg 0.7186355449189079 off 0.27776047349364674 __DUMMY__ 0.0036039815874452383	false	1.0
klagen	neg 1.0		off 0.5125758555529165 neg 0.47992062949881786 __DUMMY__ 0.0075035149482657	false	0.5
bankrott	neg 1.0		off 0.5243412570880684 neg 0.46820847693503825 __DUMMY__ 0.007450265976893255	false	0.5
trauern	neg 1.0		off 0.5182591783906969 neg 0.4742208367078264 __DUMMY__ 0.007519984901476712	false	0.5
ablehnung	neg 1.0		off 0.5156529060222181 neg 0.4769022734066003 __DUMMY__ 0.007444820571181565	false	0.5
stur	neg 1.0		off 0.5210833997882068 neg 0.4714642871556262 __DUMMY__ 0.007452313056166999	false	0.5
aufruhr	neg 1.0		off 0.5198976401081633 neg 0.47261401116677065 __DUMMY__ 0.007488348725065921	false	0.5
melancholie	neg 1.0		off 0.5194193910923004 neg 0.4730696983088758 __DUMMY__ 0.00751091059882384	false	0.5
ist			off 0.5218128425652335 neg 0.4707295121725368 __DUMMY__ 0.007457645262229736	false	0.0
torheit	neg 1.0		off 0.5193606437291783 neg 0.4731984049780388 __DUMMY__ 0.0074409512927830004	false	0.5
dreckskind	off 1.0		off 0.5299271298188418 neg 0.46270118575996033 __DUMMY__ 0.007371684421197876	false	1.0
umtauschen	neg 1.0		off 0.5204468715536789 neg 0.4720711036094603 __DUMMY__ 0.0074820248368607685	false	0.5
zum			off 0.5149455623932898 neg 0.4774620074087485 __DUMMY__ 0.007592430197961664	false	0.0
zersetzen	neg 1.0		off 0.514186736834325 neg 0.4783287052443876 __DUMMY__ 0.007484557921287431	false	0.5
zur			off 0.5116088777173429 neg 0.48083641338718025 __DUMMY__ 0.007554708895476843	false	0.0
frust	neg 1.0		off 0.5193998435878152 neg 0.4731056893659181 __DUMMY__ 0.007494467046266765	false	0.5
unerbittlichkeit	neg 1.0		off 0.5143768437785977 neg 0.4781377958270569 __DUMMY__ 0.007485360394345545	false	0.5
zwei			off 0.5162951643738335 neg 0.4761375142234796 __DUMMY__ 0.007567321402686987	false	0.0
unkorrekt	neg 1.0		off 0.5240733735278323 neg 0.4685665387054929 __DUMMY__ 0.007360087766674795	false	0.5
hexe	off 1.0		off 0.5243121072223883 neg 0.468277521507759 __DUMMY__ 0.0074103712698526695	false	1.0
lasch	neg 1.0		off 0.5213349445120121 neg 0.47125815960042894 __DUMMY__ 0.00740689588755896	false	0.5
rivale	neg 1.0		off 0.5286515821645111 neg 0.46391226185866724 __DUMMY__ 0.007436155976821534	false	0.5
mutlos	off 1.0	off 1.0	off 0.7428616084985682 neg 0.2535618280539891 __DUMMY__ 0.003576563447442734	false	1.0
wirr	off 1.0		off 0.5250998033830252 neg 0.46753097099058605 __DUMMY__ 0.007369225626388781	false	1.0
jahr			off 0.5170360775515201 neg 0.47542337438154036 __DUMMY__ 0.0075405480669395245	false	0.0
wird			off 0.517218488551037 neg 0.475288962093457 __DUMMY__ 0.007492549355506016	false	0.0
strafbar	neg 1.0		off 0.5155049518123045 neg 0.4770201828585327 __DUMMY__ 0.007474865329162948	false	0.5
erosion	neg 1.0		off 0.522074982554323 neg 0.4704359629748685 __DUMMY__ 0.007489054470808444	false	0.5
eingehen	neg 1.0		off 0.5160046637400014 neg 0.47653214607076677 __DUMMY__ 0.007463190189231963	false	0.5
faul	off 1.0		off 0.5255534556933417 neg 0.4669850655528101 __DUMMY__ 0.007461478753848173	false	1.0
provisorium	neg 1.0		off 0.5108060989024892 neg 0.48161052807449006 __DUMMY__ 0.007583373023020693	false	0.5
schmerzen	neg 1.0		off 0.5210087181546115 neg 0.47150881132222466 __DUMMY__ 0.007482470523163789	false	0.5
schrumpfen	neg 1.0		off 0.5102142186308072 neg 0.4822636095062224 __DUMMY__ 0.007522171862970369	false	0.5
geistlos	off 1.0		off 0.5189393880628529 neg 0.47366768903966167 __DUMMY__ 0.00739292289748549	false	1.0
fehlkauf	neg 1.0		off 0.5213222356337334 neg 0.47122686763207267 __DUMMY__ 0.007450896734194056	false	0.5
frustrierend	neg 1.0		off 0.5249520439520057 neg 0.4675889045191757 __DUMMY__ 0.00745905152881863	false	0.5
unzufrieden	neg 1.0		off 0.5170031214175699 neg 0.47552991474976786 __DUMMY__ 0.0074669638326621685	false	0.5
verzweifeln	neg 1.0		off 0.5200051455221383 neg 0.4725159474185959 __DUMMY__ 0.0074789070592658205	false	0.5
verzweifelt	neg 1.0		off 0.5214972009846888 neg 0.4710457747726912 __DUMMY__ 0.007457024242619949	false	0.5
misstrauensantrag	neg 1.0		off 0.5219602895109885 neg 0.4705930143919822 __DUMMY__ 0.00744669609702925	false	0.5
abfallen	neg 1.0		off 0.5234355691779637 neg 0.46907120136231667 __DUMMY__ 0.007493229459719567	false	0.5
fucker	off 1.0		off 0.5257482840432511 neg 0.466846876044265 __DUMMY__ 0.007404839912483694	false	1.0
ungezogen	neg 1.0		off 0.5337055033610179 neg 0.4589279880640278 __DUMMY__ 0.007366508574954402	false	0.5
irrsinnig	neg 1.0	neg 1.0	neg 0.7204503730189172 off 0.2759805887604441 __DUMMY__ 0.003569038220638555	false	1.0
unfassbar	neg 1.0		off 0.5246230196931988 neg 0.46796111345840496 __DUMMY__ 0.007415866848396192	false	0.5
hart	neg 1.0		off 0.5234537328584583 neg 0.4691038272314185 __DUMMY__ 0.0074424399101232315	false	0.5
widerlich	off 1.0		off 0.5249614150731222 neg 0.467637758595287 __DUMMY__ 0.007400826331590639	false	1.0
fatal	neg 1.0		off 0.5217257696526112 neg 0.47082223506199555 __DUMMY__ 0.007451995285393339	false	0.5
bruch	neg 1.0		off 0.5136405154786599 neg 0.47884488606433934 __DUMMY__ 0.00751459845700085	false	0.5
aushungern	neg 1.0		off 0.5172784949291724 neg 0.47527035442860854 __DUMMY__ 0.007451150642219006	false	0.5
anspannung	neg 1.0	neg 1.0	neg 0.7221971205885247 off 0.27414224803666726 __DUMMY__ 0.0036606313748080615	false	1.0
von			off 0.5161670881722707 neg 0.4762918527071674 __DUMMY__ 0.007541059120561868	false	0.0
kraftlos	neg 1.0		off 0.5209249669107907 neg 0.4715473156907789 __DUMMY__ 0.0075277173984302686	false	0.5
vom			off 0.5128315104352562 neg 0.47956637823845244 __DUMMY__ 0.007602111326291446	false	0.0
grenzdebil	off 1.0		off 0.5264304864888034 neg 0.46614690056016655 __DUMMY__ 0.007422612951030056	false	1.0
vor			off 0.5160171003136156 neg 0.47645360801690567 __DUMMY__ 0.007529291669478743	false	0.0
unterwerfen	neg 1.0		off 0.516161001036815 neg 0.4763504440608027 __DUMMY__ 0.007488554902382451	false	0.5
versenkung	neg 1.0		off 0.5163175546825824 neg 0.4761848148854473 __DUMMY__ 0.007497630431970244	false	0.5
entziehen	neg 1.0		off 0.5139008877932542 neg 0.4785882473134749 __DUMMY__ 0.007510864893271035	false	0.5
finanzkrise	neg 1.0		off 0.517047150081248 neg 0.475510214232115 __DUMMY__ 0.007442635686637108	false	0.5
schimpfend	neg 1.0		off 0.5236276842481343 neg 0.468872528672047 __DUMMY__ 0.007499787079818602	false	0.5
profan	neg 1.0		off 0.5228435764042247 neg 0.46970826594322324 __DUMMY__ 0.007448157652552002	false	0.5
korruption	neg 1.0		off 0.5150047887461093 neg 0.47754555303244883 __DUMMY__ 0.007449658221441733	false	0.5
â			off 0.517481529276767 neg 0.4750175651889909 __DUMMY__ 0.007500905534242112	false	0.0
schmutzig	neg 1.0		off 0.5270742806596947 neg 0.4654809044811863 __DUMMY__ 0.007444814859119125	false	0.5
sexy	neg 1.0		off 0.5236548650154761 neg 0.46889541261053336 __DUMMY__ 0.00744972237399052	false	0.5
abraten	neg 1.0		off 0.5216844769488385 neg 0.47086420981621524 __DUMMY__ 0.007451313234946428	false	0.5
schwarz	neg 1.0		off 0.5208414202064067 neg 0.4717084230863399 __DUMMY__ 0.007450156707253337	false	0.5
fotze	off 1.0		off 0.5157300074515961 neg 0.4767893976375564 __DUMMY__ 0.007480594910847459	false	1.0
verwirren	neg 1.0		off 0.5229619763166098 neg 0.46959174986939156 __DUMMY__ 0.007446273813998628	false	0.5
zahnlos	off 1.0		off 0.5168980756730406 neg 0.4756372369506414 __DUMMY__ 0.007464687376317898	false	1.0
verheeren	neg 1.0		off 0.5355456611418906 neg 0.45707615030833104 __DUMMY__ 0.007378188549778479	false	0.5
hippie	neg 1.0		off 0.5227498504133473 neg 0.46980383600326947 __DUMMY__ 0.007446313583383184	false	0.5
rammen	neg 1.0		off 0.522087355448206 neg 0.47043470175366764 __DUMMY__ 0.007477942798126461	false	0.5
unlauter	neg 1.0		off 0.5161983914089896 neg 0.47640721092273847 __DUMMY__ 0.00739439766827193	false	0.5
unheilvoll	neg 1.0		off 0.524363640094821 neg 0.4681519444483891 __DUMMY__ 0.007484415456789923	false	0.5
niedrig	neg 1.0		off 0.5172456614056847 neg 0.47523293997962596 __DUMMY__ 0.007521398614689223	false	0.5
explosion	neg 1.0		off 0.5220442951567016 neg 0.4705101976644866 __DUMMY__ 0.007445507178811778	false	0.5
weichei	off 1.0		off 0.5303733100872865 neg 0.4622502644842445 __DUMMY__ 0.00737642542846901	false	1.0
minusmensch	off 1.0		off 0.5300336447979215 neg 0.4626710230044296 __DUMMY__ 0.007295332197648838	false	1.0
farblos	neg 1.0		off 0.5223652010665107 neg 0.4701073968151157 __DUMMY__ 0.007527402118373636	false	0.5
unwissend	neg 1.0	neg 1.0	neg 0.71852739713995 off 0.27792251409568075 __DUMMY__ 0.0035500887643692774	false	1.0
traurig	neg 1.0		off 0.5283305763729391 neg 0.46425815638177936 __DUMMY__ 0.007411267245281566	false	0.5
senkung	neg 1.0		off 0.5202340447536621 neg 0.4723569565839587 __DUMMY__ 0.007408998662379157	false	0.5
ungleich	neg 1.0	neg 1.0	neg 0.7236500669339907 off 0.272770589162949 __DUMMY__ 0.0035793439030603683	false	1.0
heikel	neg 1.0		off 0.5142470936337937 neg 0.47827097810976305 __DUMMY__ 0.007481928256443247	false	0.5
drosselung	neg 1.0		off 0.5260146559862098 neg 0.46655910084157914 __DUMMY__ 0.007426243172211133	false	0.5
falsch	neg 1.0		off 0.5243134034284123 neg 0.46824380707707114 __DUMMY__ 0.007442789494516502	false	0.5
unzufriedenheit	neg 1.0		off 0.514176184056052 neg 0.47832964744756135 __DUMMY__ 0.00749416849638663	false	0.5
kurz	neg 1.0		off 0.5204537141571884 neg 0.4720364692265286 __DUMMY__ 0.007509816616282918	false	0.5
unsinnig	neg 1.0		off 0.5166004163792683 neg 0.47595133329622025 __DUMMY__ 0.007448250324511268	false	0.5
penner	off 1.0	off 1.0	off 0.7523641624552209 neg 0.24411004781420123 __DUMMY__ 0.003525789730577876	false	1.0
seicht	neg 1.0		off 0.5311270690068237 neg 0.46154429694587945 __DUMMY__ 0.007328634047296863	false	0.5
dummheit	off 1.0	off 1.0	off 0.7466702989886917 neg 0.24976945367109343 __DUMMY__ 0.003560247340214776	false	1.0
unerfreulich	neg 1.0		off 0.514949344727673 neg 0.47753756742925585 __DUMMY__ 0.007513087843071136	false	0.5
motherfucker	off 1.0	off 1.0	off 0.7486339754409158 neg 0.2478235566270584 __DUMMY__ 0.003542467932025883	false	1.0
pikiert	neg 1.0		off 0.5237488496473947 neg 0.46884627420565955 __DUMMY__ 0.007404876146945789	false	0.5
wrack	neg 1.0		off 0.517510719110104 neg 0.4749752524404386 __DUMMY__ 0.007514028449457313	false	0.5
gangster	neg 1.0		off 0.5227289939905265 neg 0.4698170712500029 __DUMMY__ 0.007453934759470525	false	0.5
krank	neg 1.0		off 0.5279427110082833 neg 0.46461599035322076 __DUMMY__ 0.00744129863849607	false	0.5
reich	neg 1.0		off 0.5215076779210408 neg 0.47109795201391824 __DUMMY__ 0.00739437006504117	false	0.5
gnadenlos	neg 1.0		off 0.5212310019032619 neg 0.47130085890447077 __DUMMY__ 0.007468139192267392	false	0.5
niedergeschlagen	neg 1.0		off 0.5210998023607115 neg 0.4713870054797755 __DUMMY__ 0.0075131921595129325	false	0.5
terrorisieren	off 1.0	off 1.0	off 0.7443269264605082 neg 0.25207714721757546 __DUMMY__ 0.003595926321916344	false	1.0
sinnlosigkeit	neg 1.0		off 0.5175362706413051 neg 0.4749919519530706 __DUMMY__ 0.00747177740562415	false	0.5
behindern	neg 1.0		off 0.5185846789452487 neg 0.47395304647732445 __DUMMY__ 0.0074622745774268785	false	0.5
undemokratisch	neg 1.0		off 0.5179735270627722 neg 0.4746073040872225 __DUMMY__ 0.0074191688500052245	false	0.5
wirtschaftskrise	neg 1.0		off 0.5154468354173036 neg 0.477085870507878 __DUMMY__ 0.007467294074818402	false	0.5
neid	neg 1.0		off 0.5267756032771927 neg 0.46575499070917736 __DUMMY__ 0.007469406013629971	false	0.5
rutschen	neg 1.0		off 0.5168445559988423 neg 0.47557857858133823 __DUMMY__ 0.007576865419819511	false	0.5
rezession	neg 1.0		off 0.5271928308251349 neg 0.46543185855663366 __DUMMY__ 0.007375310618231438	false	0.5
fehlgeburt	neg 1.0		off 0.5243866915497567 neg 0.468123549298998 __DUMMY__ 0.007489759151245394	false	0.5
charakterschwach	off 1.0		off 0.5255224254224837 neg 0.46705960344999525 __DUMMY__ 0.007417971127520943	false	1.0
isolation	neg 1.0		off 0.5246238067608573 neg 0.46792184416506677 __DUMMY__ 0.007454349074075924	false	0.5
ablenkung	neg 1.0		off 0.5208301314914152 neg 0.471696259390971 __DUMMY__ 0.00747360911761389	false	0.5
pech	neg 1.0		off 0.5247274719650773 neg 0.4678184876135362 __DUMMY__ 0.007454040421386444	false	0.5
vermeidung	neg 1.0		off 0.5246879366341819 neg 0.46791322251282624 __DUMMY__ 0.0073988408529917955	false	0.5
dominieren	neg 1.0		off 0.5188972760655424 neg 0.4735780305076216 __DUMMY__ 0.007524693426835965	false	0.5
schwindlig	neg 1.0		off 0.5261475242776857 neg 0.4663447251465887 __DUMMY__ 0.007507750575725527	false	0.5
lutscher	neg 1.0		off 0.532271051704382 neg 0.46039742862589994 __DUMMY__ 0.007331519669718181	false	0.5
pflicht	neg 1.0		off 0.5142611436528608 neg 0.4782523792601102 __DUMMY__ 0.007486477087028866	false	0.5
faschist	off 1.0		off 0.5200318837571047 neg 0.4725637257240064 __DUMMY__ 0.0074043905188887526	false	1.0
verschleudern	neg 1.0		off 0.5122845636109044 neg 0.4802828398951302 __DUMMY__ 0.007432596493965292	false	0.5
wenn			off 0.524437701800758 neg 0.4681222239550746 __DUMMY__ 0.007440074244167297	false	0.0
ehebruch	neg 1.0		off 0.5166012611109824 neg 0.47591565121079604 __DUMMY__ 0.007483087678221452	false	0.5
spott	off 1.0		off 0.5149445412048099 neg 0.47758656102172253 __DUMMY__ 0.007468897773467704	false	1.0
trostlosigkeit	neg 1.0		off 0.514531242610184 neg 0.4779547854563197 __DUMMY__ 0.007513971933496392	false	0.5
lutschen	neg 1.0		off 0.5216949387949593 neg 0.4708672546610599 __DUMMY__ 0.007437806543980687	false	0.5
undiszipliniert	neg 1.0		off 0.5280839944883429 neg 0.46449081247474977 __DUMMY__ 0.007425193036907455	false	0.5
kopfschmerz	neg 1.0		off 0.5211737815672117 neg 0.4713119881567547 __DUMMY__ 0.007514230276033595	false	0.5
unvorhergesehen	neg 1.0		off 0.519684676274798 neg 0.4727730799732222 __DUMMY__ 0.007542243751979754	false	0.5
desinteressiert	neg 1.0		off 0.5264605794370999 neg 0.466136315136118 __DUMMY__ 0.007403105426782143	false	0.5
armselig	off 1.0		off 0.5260088196701989 neg 0.4666159886041262 __DUMMY__ 0.007375191725674813	false	1.0
desaster	neg 1.0		off 0.5117761506768349 neg 0.4807258468823759 __DUMMY__ 0.00749800244078939	false	0.5
tod	neg 1.0		off 0.518999233617848 neg 0.47348054984531357 __DUMMY__ 0.007520216536838459	false	0.5
herzlos	neg 1.0		off 0.5278061086622362 neg 0.4648013644159807 __DUMMY__ 0.007392526921783107	false	0.5
unwissenheit	neg 1.0		off 0.5156358418061782 neg 0.47691748791995425 __DUMMY__ 0.007446670273867619	false	0.5
widersinnig	neg 1.0	neg 1.0	neg 0.723767356153472 off 0.2726807670420234 __DUMMY__ 0.003551876804504619	false	1.0
bedenklich	neg 1.0		off 0.5156305680901454 neg 0.4768964430736865 __DUMMY__ 0.007472988836168109	false	0.5
beanstanden	neg 1.0		off 0.5137772419466273 neg 0.4787305841745514 __DUMMY__ 0.007492173878821292	false	0.5
panisch	neg 1.0	neg 1.0	neg 0.7171278419044356 off 0.2792687362334236 __DUMMY__ 0.0036034218621407766	false	1.0
debil	off 1.0		off 0.5104578756919508 neg 0.48199856014587966 __DUMMY__ 0.007543564162169516	false	1.0
abstrich	neg 1.0		off 0.5160457451867434 neg 0.4764909620650812 __DUMMY__ 0.007463292748175488	false	0.5
primitiv	neg 1.0		off 0.5255678478542701 neg 0.46703053742721123 __DUMMY__ 0.00740161471851862	false	0.5
abschaum	off 1.0	off 1.0	off 0.7478318499472102 neg 0.24861401611749115 __DUMMY__ 0.003554133935298635	false	1.0
provozieren	neg 1.0		off 0.5201366234603675 neg 0.472409427749346 __DUMMY__ 0.0074539487902865395	false	0.5
tot	neg 1.0		off 0.5146922212308165 neg 0.4778451716356668 __DUMMY__ 0.007462607133516849	false	0.5
instabil	neg 1.0		off 0.5229110947059397 neg 0.4697275279162502 __DUMMY__ 0.007361377377809927	false	0.5
schwuchtel	off 1.0		off 0.5365434376550918 neg 0.4561538797958112 __DUMMY__ 0.007302682549097155	false	1.0
zerren	neg 1.0		off 0.5211105405157973 neg 0.47137666396776984 __DUMMY__ 0.007512795516432769	false	0.5
kinderficker	off 1.0		off 0.5272573711562668 neg 0.4654002902842496 __DUMMY__ 0.007342338559483555	false	1.0
gefahr	neg 1.0		off 0.5154959545094087 neg 0.47699141515974885 __DUMMY__ 0.007512630330842459	false	0.5
rabiat	neg 1.0		off 0.5195945182813093 neg 0.47294664402518366 __DUMMY__ 0.007458837693506931	false	0.5
verlangsamung	neg 1.0		off 0.5314338212382349 neg 0.46119581745051064 __DUMMY__ 0.00737036131125453	false	0.5
ausgestorben	neg 1.0		off 0.5208158548407534 neg 0.47169117234627816 __DUMMY__ 0.007492972812968396	false	0.5
anklagen	neg 1.0		off 0.5177607334348115 neg 0.47476920974683107 __DUMMY__ 0.007470056818357263	false	0.5
trott	neg 1.0		off 0.5199984776182948 neg 0.47251988600204914 __DUMMY__ 0.007481636379656101	false	0.5
verminderung	neg 1.0		off 0.5251903545718238 neg 0.46741974595916774 __DUMMY__ 0.007389899469008454	false	0.5
nach			off 0.5164961359738783 neg 0.47589546818462514 __DUMMY__ 0.007608395841496469	false	0.0
rost	neg 1.0		off 0.5307787874943599 neg 0.461834921032105 __DUMMY__ 0.007386291473535072	false	0.5
destruktiv	neg 1.0		off 0.5171599901112497 neg 0.4754092694728329 __DUMMY__ 0.00743074041591746	false	0.5
unzumutbarkeit	neg 1.0		off 0.5248865335817481 neg 0.4676732340057034 __DUMMY__ 0.0074402324125485055	false	0.5
labil	off 1.0	off 1.0	off 0.7478022442176538 neg 0.24864262758000505 __DUMMY__ 0.0035551282023411875	false	1.0
ziemlich	neg 1.0		off 0.5264812335786413 neg 0.46608213995896763 __DUMMY__ 0.007436626462391124	false	0.5
lachnummer	off 1.0		off 0.5183647165303845 neg 0.47418826727771024 __DUMMY__ 0.007447016191905353	false	1.0
oder			off 0.5214549491527255 neg 0.4710615434983258 __DUMMY__ 0.00748350734894876	false	0.0
verfall	neg 1.0		off 0.5105586136955695 neg 0.481913872467343 __DUMMY__ 0.007527513837087413	false	0.5
ausgrenzung	neg 1.0		off 0.5194173178395244 neg 0.4731568567471204 __DUMMY__ 0.007425825413355292	false	0.5
unordnung	neg 1.0		off 0.5255866725114928 neg 0.46697994300701734 __DUMMY__ 0.0074333844814897035	false	0.5
fehlverhalten	neg 1.0		off 0.5145811424245955 neg 0.4779342109840553 __DUMMY__ 0.007484646591349187	false	0.5
eine			off 0.5151794354926041 neg 0.477313238559832 __DUMMY__ 0.00750732594756371	false	0.0
nille	neg 1.0		off 0.5186758822037392 neg 0.47385078497308286 __DUMMY__ 0.007473332823177981	false	0.5
qual	neg 1.0		off 0.519682150315683 neg 0.4728370478562479 __DUMMY__ 0.007480801828069202	false	0.5
verschwenden	neg 1.0		off 0.5166921719570456 neg 0.4758292650569952 __DUMMY__ 0.007478562985959051	false	0.5
riesig	neg 1.0	neg 1.0	neg 0.720968575248496 off 0.27541857165864114 __DUMMY__ 0.00361285309286295	false	1.0
verurteilen	neg 1.0		off 0.5172362840726735 neg 0.4752913009673715 __DUMMY__ 0.007472414959955043	false	0.5
klischee	neg 1.0	neg 1.0	neg 0.7196370554421131 off 0.2768112222669954 __DUMMY__ 0.003551722290891543	false	1.0
diktatorisch	neg 1.0		off 0.5180059803868681 neg 0.47458667039104413 __DUMMY__ 0.00740734922208767	false	0.5
vorhersehbar	neg 1.0	neg 1.0	neg 0.7195593485308999 off 0.27687951744513567 __DUMMY__ 0.003561134023964494	false	1.0
sowie			off 0.529151476930608 neg 0.46347566315420474 __DUMMY__ 0.007372859915187134	false	0.0
stornieren	neg 1.0		off 0.5237349645924751 neg 0.4687537715302738 __DUMMY__ 0.0075112638772510155	false	0.5
besteuerung	neg 1.0		off 0.5177487911971087 neg 0.4748353294666124 __DUMMY__ 0.007415879336278958	false	0.5
ungeschminkt	neg 1.0		off 0.5252673173908706 neg 0.4673228608896454 __DUMMY__ 0.007409821719483932	false	0.5
kritisch	neg 1.0		off 0.5151267894748363 neg 0.47740311756558773 __DUMMY__ 0.007470092959575978	false	0.5
schlamperei	off 1.0		off 0.5136670973714332 neg 0.47886361559992163 __DUMMY__ 0.007469287028645214	false	1.0
sucht	neg 1.0	neg 1.0	neg 0.7197785297098767 off 0.2766273359566021 __DUMMY__ 0.003594134333521368	false	1.0
egoistisch	off 1.0		off 0.5305998888298177 neg 0.46201632234332746 __DUMMY__ 0.007383788826854872	false	1.0
ausbeuter	off 1.0		off 0.5133943669760133 neg 0.4791376540693926 __DUMMY__ 0.0074679789545940845	false	1.0
arschgeburt	off 1.0		off 0.5361022530752023 neg 0.4566043384817393 __DUMMY__ 0.007293408443058324	false	1.0
schubs	neg 1.0	neg 1.0	neg 0.7201736091163294 off 0.2762149454153883 __DUMMY__ 0.003611445468282143	false	1.0
unsolide	neg 1.0		off 0.5161614656352801 neg 0.47647381096005176 __DUMMY__ 0.007364723404668049	false	0.5
beschwerde	neg 1.0		off 0.5142338786611277 neg 0.47829284096935515 __DUMMY__ 0.007473280369517208	false	0.5
stocken	neg 1.0		off 0.5165710186357654 neg 0.4759311629810123 __DUMMY__ 0.007497818383222399	false	0.5
isolieren	neg 1.0		off 0.5172129530317114 neg 0.4753048358002232 __DUMMY__ 0.007482211168065258	false	0.5
unheilbar	neg 1.0		off 0.5228185091051155 neg 0.46968048688311204 __DUMMY__ 0.007501004011772344	false	0.5
pisser	off 1.0		off 0.527303635975914 neg 0.46527386421566314 __DUMMY__ 0.007422499808422776	false	1.0
löschen	neg 1.0		off 0.5201888387716513 neg 0.4723368091021556 __DUMMY__ 0.007474352126193126	false	0.5
durchfallen	neg 1.0		off 0.5160648393618197 neg 0.4764803358490874 __DUMMY__ 0.007454824789092888	false	0.5
wichser	off 1.0		off 0.5349909302414313 neg 0.4576598448965658 __DUMMY__ 0.007349224862003051	false	1.0
terror	neg 1.0		off 0.5238966836090075 neg 0.4686336200130146 __DUMMY__ 0.0074696963779778795	false	0.5
krass	neg 1.0		off 0.5284104743345917 neg 0.4641998326838085 __DUMMY__ 0.007389692981599848	false	0.5
revolte	neg 1.0		off 0.52018717534546 neg 0.47238846136397256 __DUMMY__ 0.007424363290567524	false	0.5
besorgt	neg 1.0		off 0.5206289250313723 neg 0.47184792288365435 __DUMMY__ 0.007523152084973441	false	0.5
nachlassen	neg 1.0		off 0.5165462134081942 neg 0.475950501553957 __DUMMY__ 0.00750328503784872	false	0.5
alt	neg 1.0		off 0.5177361443186049 neg 0.4747667487435885 __DUMMY__ 0.007497106937806595	false	0.5
hundesohn	off 1.0		off 0.531596680919692 neg 0.46107086163096966 __DUMMY__ 0.007332457449338423	false	1.0
als			off 0.5195195992443753 neg 0.472979429526934 __DUMMY__ 0.007500971228690788	false	0.0
abschreckung	neg 1.0		off 0.5141479228023369 neg 0.47834289526232654 __DUMMY__ 0.007509181935336697	false	0.5
unqualifiziert	neg 1.0		off 0.5196738532449535 neg 0.47293819860901054 __DUMMY__ 0.007387948146036092	false	0.5
abgewichst	off 1.0		off 0.5183821809318724 neg 0.4741360028137975 __DUMMY__ 0.007481816254330173	false	1.0
schwer	neg 1.0		off 0.5207290274269557 neg 0.47178991329032144 __DUMMY__ 0.0074810592827229145	false	0.5
bedeutungslosigkeit	neg 1.0		off 0.5144415242518108 neg 0.47806449370327514 __DUMMY__ 0.007493982044913979	false	0.5
kapitulation	neg 1.0		off 0.5141732199912217 neg 0.4783689103545664 __DUMMY__ 0.007457869654211774	false	0.5
unscharf	neg 1.0		off 0.5220442618252523 neg 0.4705133501305861 __DUMMY__ 0.007442388044161468	false	0.5
schwinden	neg 1.0		off 0.5150463690110025 neg 0.4774488705079621 __DUMMY__ 0.007504760481035283	false	0.5
versklavung	neg 1.0		off 0.5182334425557652 neg 0.47434841279824796 __DUMMY__ 0.007418144645986928	false	0.5
schlecht	neg 1.0		off 0.5268256705401858 neg 0.4657337386505016 __DUMMY__ 0.007440590809312543	false	0.5
verhasst	neg 1.0		off 0.5206100994651114 neg 0.47193673043403006 __DUMMY__ 0.007453170100858673	false	0.5
beschweren	neg 1.0		off 0.5219998317738409 neg 0.47054308422925967 __DUMMY__ 0.007457083996899331	false	0.5
scheiden	neg 1.0		off 0.5229820790002052 neg 0.46951048701038745 __DUMMY__ 0.007507433989407383	false	0.5
frustriert	neg 1.0		off 0.5193534646910701 neg 0.4731637387857798 __DUMMY__ 0.007482796523150103	false	0.5
schimmelig	neg 1.0		off 0.5176862227865162 neg 0.47480360821437273 __DUMMY__ 0.007510168999110973	false	0.5
fisch	neg 1.0		off 0.5172491272134931 neg 0.47521771895171544 __DUMMY__ 0.007533153834791468	false	0.5
schmuggel	neg 1.0		off 0.5178612617751722 neg 0.4745905811889714 __DUMMY__ 0.007548157035856221	false	0.5
auffallen	neg 1.0		off 0.5227598740596183 neg 0.4697861688557711 __DUMMY__ 0.0074539570846104556	false	0.5
konkurrenz	neg 1.0	neg 1.0	neg 0.7237522559087108 off 0.27264262003083556 __DUMMY__ 0.0036051240604535097	false	1.0
teufelskreis	neg 1.0		off 0.5197462557237266 neg 0.47277646739250095 __DUMMY__ 0.007477276883772373	false	0.5
aufschreien	neg 1.0		off 0.5217600974860586 neg 0.4707996749187513 __DUMMY__ 0.007440227595190341	false	0.5
schuldner	neg 1.0		off 0.5148724860472852 neg 0.477629991578261 __DUMMY__ 0.007497522374453763	false	0.5
missgeburt	off 1.0	off 1.0	off 0.7508295668436601 neg 0.24563940922475955 __DUMMY__ 0.003531023931580279	false	1.0
arbeitslos	neg 1.0		off 0.5165695653334981 neg 0.4759724949438272 __DUMMY__ 0.007457939722674826	false	0.5
befallen	neg 1.0		off 0.5186447940572774 neg 0.47387512952992866 __DUMMY__ 0.007480076412793817	false	0.5
miesepetrig	off 1.0	off 1.0	off 0.7494965142737677 neg 0.24693679596790982 __DUMMY__ 0.0035666897583223572	false	1.0
alarmieren	neg 1.0		off 0.5231127954268705 neg 0.4694689441559219 __DUMMY__ 0.0074182604172075665	false	0.5
ungeduscht	off 1.0		off 0.5247604401885747 neg 0.4677816927724283 __DUMMY__ 0.00745786703899685	false	1.0
knappheit	neg 1.0		off 0.5143578823784742 neg 0.47818442948536155 __DUMMY__ 0.007457688136164293	false	0.5
schlange	neg 1.0		off 0.5242084243153013 neg 0.46829717854482245 __DUMMY__ 0.007494397139876126	false	0.5
harsch	neg 1.0		off 0.5307388497867495 neg 0.4618435300200382 __DUMMY__ 0.007417620193212351	false	0.5
lang	neg 1.0		off 0.5209209585666111 neg 0.47160248630320317 __DUMMY__ 0.007476555130185734	false	0.5
ziellos	neg 1.0		off 0.5197135101387054 neg 0.47276893347712984 __DUMMY__ 0.007517556384164821	false	0.5
selbstverliebt	neg 1.0		off 0.5338524328356185 neg 0.45883638938793564 __DUMMY__ 0.007311177776446058	false	0.5
beseitigen	neg 1.0		off 0.5189142636201868 neg 0.47361383938759954 __DUMMY__ 0.007471896992213785	false	0.5
dumm	off 1.0		off 0.5305549994808113 neg 0.4620839084212053 __DUMMY__ 0.007361092097983358	false	1.0
arbeitsloser	neg 1.0		off 0.5172752618120389 neg 0.4752353487681576 __DUMMY__ 0.007489389419803485	false	0.5
blitzen	neg 1.0		off 0.5232845882315972 neg 0.4692645170211575 __DUMMY__ 0.007450894747245187	false	0.5
hilflos	neg 1.0		off 0.5194292300192608 neg 0.4730772922609928 __DUMMY__ 0.007493477719746418	false	0.5
eklig	off 1.0		off 0.5322790249495247 neg 0.4603475883367101 __DUMMY__ 0.007373386713765303	false	1.0
begriff			off 0.5176467117698414 neg 0.47489684818027733 __DUMMY__ 0.007456440049881225	false	0.0
hungersnot	neg 1.0		off 0.5191721980506544 neg 0.4733334829300969 __DUMMY__ 0.007494319019248723	false	0.5
ungesetzlich	neg 1.0		off 0.5172660241916758 neg 0.4753535962231827 __DUMMY__ 0.0073803795851414495	false	0.5
verschwendung	neg 1.0		off 0.5159312826242825 neg 0.4765738317091994 __DUMMY__ 0.007494885666518157	false	0.5
schmerzvoll	neg 1.0		off 0.5224674935609946 neg 0.4700672818544735 __DUMMY__ 0.007465224584531663	false	0.5
vorzeitig	neg 1.0		off 0.5248208702375479 neg 0.4677042468109667 __DUMMY__ 0.007474882951485488	false	0.5
unvollkommenheit	neg 1.0		off 0.5217012187847956 neg 0.47075162462395875 __DUMMY__ 0.007547156591245768	false	0.5
intervenieren	neg 1.0		off 0.5134874075966758 neg 0.47904950485687015 __DUMMY__ 0.007463087546454027	false	0.5
banause	off 1.0		off 0.5325484215482827 neg 0.4601191098418612 __DUMMY__ 0.007332468609856021	false	1.0
rebell	neg 1.0		off 0.5127617054029243 neg 0.47972280399072864 __DUMMY__ 0.007515490606347053	false	0.5
unlogisch	neg 1.0		off 0.5275843670472129 neg 0.465019953510241 __DUMMY__ 0.007395679442546167	false	0.5
leiden	neg 1.0		off 0.5194301751894883 neg 0.4730089281242005 __DUMMY__ 0.007560896686311363	false	0.5
abschaffung	neg 1.0		off 0.5176795118742201 neg 0.4749001354042213 __DUMMY__ 0.007420352721558672	false	0.5
sturz	neg 1.0		off 0.521453748770076 neg 0.47105397778978897 __DUMMY__ 0.007492273440134984	false	0.5
verkleinerung	neg 1.0		off 0.5198000576288122 neg 0.4728030753315712 __DUMMY__ 0.007396867039616412	false	0.5
schmarotzer	off 1.0		off 0.515837617377244 neg 0.4767134630241372 __DUMMY__ 0.0074489195986187405	false	1.0
bestrafung	neg 1.0		off 0.5211716742001057 neg 0.4713729667300849 __DUMMY__ 0.007455359069809617	false	0.5
achtlos	neg 1.0		off 0.5215418437305346 neg 0.47096291578176736 __DUMMY__ 0.007495240487698034	false	0.5
ungeheuer	neg 1.0		off 0.5234395922933123 neg 0.4691082554684674 __DUMMY__ 0.007452152238220373	false	0.5
