unsolidarisch	neg 1.0		__DUMMY__ 0.8898870866113453 neg 0.0550675703305932 off 0.0550453430580614	false	1.0
nachteilig	neg 1.0		__DUMMY__ 0.8969666445315334 neg 0.05182549868978294 off 0.05120785677868369	false	1.0
skeptisch	neg 1.0		__DUMMY__ 0.8973527966976143 neg 0.05202571676584191 off 0.0506214865365438	false	1.0
schrecklich	neg 1.0		__DUMMY__ 0.8903413645183176 off 0.063410952751459 neg 0.046247682730223436	false	0.5
schlapp	neg 1.0		__DUMMY__ 0.8945873417476279 off 0.05908137072531633 neg 0.046331287527055794	false	0.5
abfall	neg 1.0		__DUMMY__ 0.9002637395761706 neg 0.05152884554208407 off 0.048207414881745375	false	1.0
widerspenstig	neg 1.0		__DUMMY__ 0.8966647034448403 off 0.05467284572485398 neg 0.04866245083030576	false	0.5
abrupt	neg 1.0		__DUMMY__ 0.9004586351725 off 0.050627845188983285 neg 0.04891351963851675	false	0.5
unwirksam	neg 1.0		__DUMMY__ 0.8913873581743272 off 0.05463694359565346 neg 0.05397569823001927	false	0.5
angreifen	neg 1.0	neg 1.0	neg 0.5090816024579533 __DUMMY__ 0.45228934410090876 off 0.038629053441137956	false	1.0
inkonsistent	neg 1.0		__DUMMY__ 0.8952521340143533 off 0.05532106771880149 neg 0.04942679826684521	false	0.5
abrutschen	neg 1.0		__DUMMY__ 0.8999416412181751 neg 0.051520130181266124 off 0.048538228600558744	false	1.0
unsicher	neg 1.0		__DUMMY__ 0.896913596511822 off 0.05505649634306979 neg 0.04802990714510815	false	0.5
bauernkind	off 1.0	off 1.0	off 0.5177139955449812 __DUMMY__ 0.44489403511777775 neg 0.03739196933724115	false	1.0
angreifer	neg 1.0		__DUMMY__ 0.897206185573146 off 0.05610478831309946 neg 0.046689026113754556	false	0.5
trennen	neg 1.0		__DUMMY__ 0.9014614870003052 off 0.051154899426845646 neg 0.04738361357284912	false	0.5
schmutz	neg 1.0		__DUMMY__ 0.9027746800304441 off 0.05607025334963424 neg 0.041155066619921736	false	0.5
inkonsistenz	neg 1.0		__DUMMY__ 0.8898557176565222 off 0.058724657940283254 neg 0.0514196244031945	false	0.5
erschreckend	neg 1.0		__DUMMY__ 0.8951351670513307 off 0.05412843901195773 neg 0.05073639393671162	false	0.5
ertrinken	neg 1.0		__DUMMY__ 0.9003742496622256 off 0.051885712672436884 neg 0.047740037665337555	false	0.5
pickelface	off 1.0		__DUMMY__ 0.896047308381281 off 0.05306597056159244 neg 0.05088672105712658	false	1.0
seiner			__DUMMY__ 0.8993695733546009 off 0.05096956708879384 neg 0.049660859556605305	false	0.0
lauch	neg 1.0		__DUMMY__ 0.8976951268507849 neg 0.05397034532674719 off 0.04833452782246801	false	1.0
unwichtig	neg 1.0		__DUMMY__ 0.8923536449830455 off 0.0592593863131254 neg 0.04838696870382917	false	0.5
steuerhinterziehung	neg 1.0		__DUMMY__ 0.8941304570372163 off 0.0535017412718265 neg 0.05236780169095724	false	0.5
schock	neg 1.0		__DUMMY__ 0.89974558040031 off 0.054108365378897946 neg 0.04614605422079196	false	0.5
beule	neg 1.0		__DUMMY__ 0.8951829663501074 off 0.05926193601982411 neg 0.045555097630068445	false	0.5
vergelten	neg 1.0		__DUMMY__ 0.895027574961618 off 0.062283855999819886 neg 0.04268856903856208	false	0.5
verdorbenheit	neg 1.0		__DUMMY__ 0.896671595880223 off 0.054011299854708456 neg 0.0493171042650684	false	0.5
trauma	neg 1.0		__DUMMY__ 0.8951520161327495 off 0.05580804969910288 neg 0.049039934168147656	false	0.5
sinnlos	neg 1.0		__DUMMY__ 0.8955705674220077 off 0.057066404814513326 neg 0.04736302776347889	false	0.5
fettsack	off 1.0	off 1.0	off 0.518993696864944 __DUMMY__ 0.4462355033430901 neg 0.03477079979196596	false	1.0
feige	off 1.0	off 1.0	off 0.5155060006065024 __DUMMY__ 0.4472576862510829 neg 0.037236313142414657	false	1.0
abdanken	neg 1.0		__DUMMY__ 0.8945407247309687 off 0.05444501135709051 neg 0.05101426391194081	false	0.5
wichtigtuer	off 1.0	off 1.0	off 0.513448201334278 __DUMMY__ 0.4487527982031324 neg 0.037799000462589535	false	1.0
misslingen	neg 1.0		__DUMMY__ 0.900602961713428 off 0.05544481409291377 neg 0.04395222419365821	false	0.5
untreu	off 1.0		__DUMMY__ 0.8918663176564321 off 0.06032966302727681 neg 0.04780401931629108	false	1.0
missmutig	neg 1.0		__DUMMY__ 0.8937749007885374 off 0.059173355154884574 neg 0.04705174405657804	false	0.5
hurenbock	off 1.0		__DUMMY__ 0.8964767647641809 off 0.05576459883167384 neg 0.04775863640414533	false	1.0
betrunken	neg 1.0		__DUMMY__ 0.894592384403879 off 0.06136785092920467 neg 0.044039764666916406	false	0.5
korrupt	off 1.0		__DUMMY__ 0.8921762674985314 neg 0.05478958501173735 off 0.0530341474897313	false	0.5
unmut	neg 1.0		__DUMMY__ 0.8990536074016299 neg 0.052484538996020264 off 0.048461853602349905	false	1.0
hackfresse	off 1.0		__DUMMY__ 0.8871924768117939 off 0.0664587583459357 neg 0.046348764842270455	false	1.0
aufblasen	neg 1.0		__DUMMY__ 0.8974355149257022 off 0.05599715350618789 neg 0.04656733156810988	false	0.5
gewaltsam	neg 1.0		__DUMMY__ 0.8968885189178345 off 0.05411535631948386 neg 0.04899612476268158	false	0.5
unbeliebtheit	neg 1.0		__DUMMY__ 0.8857613401939218 off 0.058888631548062655 neg 0.05535002825801543	false	0.5
sturheit	neg 1.0		__DUMMY__ 0.8949386209947273 off 0.05422890024075862 neg 0.050832478764514064	false	0.5
kuh	neg 1.0		__DUMMY__ 0.8936532845207324 off 0.0549078182902217 neg 0.05143889718904591	false	0.5
erschrecken	neg 1.0		__DUMMY__ 0.8944603997341138 off 0.058580413665360015 neg 0.04695918660052621	false	0.5
opfer	neg 1.0		__DUMMY__ 0.8989939803172354 off 0.05206773827057295 neg 0.04893828141219155	false	0.5
sinken	neg 1.0		__DUMMY__ 0.8990417635315748 neg 0.05221310776409426 off 0.0487451287043309	false	1.0
stinktier	neg 1.0		__DUMMY__ 0.8890621827431173 off 0.0638285824117451 neg 0.04710923484513761	false	0.5
tucke	off 1.0		__DUMMY__ 0.8835459852203298 off 0.06674503087438813 neg 0.04970898390528211	false	1.0
ein			__DUMMY__ 0.8967205663626675 off 0.05530244738526455 neg 0.04797698625206796	false	0.0
abstieg	neg 1.0		__DUMMY__ 0.901702209983487 off 0.051206464366955126 neg 0.04709132564955784	false	0.5
missverstehen	neg 1.0		__DUMMY__ 0.8928086844622042 off 0.057352733119122604 neg 0.049838582418673213	false	0.5
ergebnislos	neg 1.0		__DUMMY__ 0.8976764465348999 neg 0.05119109833492517 off 0.051132455130174996	false	1.0
unter			__DUMMY__ 0.906081646074553 neg 0.04958853034551708 off 0.04432982357992992	false	0.0
manipulieren	neg 1.0		__DUMMY__ 0.8980061942734596 neg 0.05123870072317678 off 0.05075510500336345	false	1.0
unbewiesen	neg 1.0		__DUMMY__ 0.8896456567951074 off 0.05534516126122649 neg 0.05500918194366609	false	0.5
verschleppen	neg 1.0		__DUMMY__ 0.897510054443908 off 0.052641405735641196 neg 0.04984853982045086	false	0.5
weib	off 1.0		__DUMMY__ 0.8875776036159215 off 0.06643291029348267 neg 0.0459894860905958	false	1.0
opposition	neg 1.0		__DUMMY__ 0.8935224355394582 off 0.05627537076573484 neg 0.050202193694806906	false	0.5
verkehrswidrig	neg 1.0	neg 1.0	neg 0.5003864731490144 __DUMMY__ 0.45259441933139155 off 0.04701910751959394	false	1.0
inkorrekt	neg 1.0		__DUMMY__ 0.8881337326687357 off 0.06155457529296268 neg 0.05031169203830162	false	0.5
vermeiden	neg 1.0		__DUMMY__ 0.9028149271115119 neg 0.05088869343950796 off 0.04629637944898019	false	1.0
abweichung	neg 1.0		__DUMMY__ 0.896154464421159 neg 0.05241837197170625 off 0.05142716360713478	false	1.0
alkoholisiert	neg 1.0		__DUMMY__ 0.9046930598006824 off 0.050004265942968376 neg 0.04530267425634915	false	0.5
scheiss	off 1.0	off 1.0	off 0.515122503619207 __DUMMY__ 0.4496094299151493 neg 0.03526806646564379	false	1.0
herausforderung	neg 1.0	neg 1.0	neg 0.5041099345256389 __DUMMY__ 0.45754442491194486 off 0.038345640562416246	false	1.0
pervers	off 1.0		__DUMMY__ 0.8861802558023083 off 0.06926772371125388 neg 0.04455202048643777	false	1.0
wackelig	neg 1.0		__DUMMY__ 0.9009461102399092 off 0.05243261526995132 neg 0.046621274490139364	false	0.5
verwickeln	neg 1.0		__DUMMY__ 0.8927910950020038 off 0.05729559815533381 neg 0.04991330684266234	false	0.5
vorwand	neg 1.0		__DUMMY__ 0.8986194279922535 neg 0.05135234362334824 off 0.050028228384398306	false	1.0
muschi	off 1.0		__DUMMY__ 0.895732173312611 off 0.053521280340441416 neg 0.050746546346947544	false	1.0
entmutigung	neg 1.0		__DUMMY__ 0.8928057484254555 off 0.0564492855819866 neg 0.05074496599255799	false	0.5
unangemessen	neg 1.0		__DUMMY__ 0.8947377115491889 off 0.0534284224209978 neg 0.051833866029813234	false	0.5
unstetig	neg 1.0		__DUMMY__ 0.8968999631307768 off 0.055362974219856274 neg 0.04773706264936686	false	0.5
entmutigen	neg 1.0		__DUMMY__ 0.8945171078880391 off 0.05613679847114274 neg 0.04934609364081821	false	0.5
schwanz	neg 1.0		__DUMMY__ 0.8983606482509525 neg 0.05108985613548954 off 0.050549495613557906	false	1.0
verbot	neg 1.0		__DUMMY__ 0.8944949197569747 off 0.0527589394230105 neg 0.052746140820014824	false	0.5
leid	neg 1.0		__DUMMY__ 0.8906874794928139 off 0.06434688585457374 neg 0.044965634652612364	false	0.5
archaisch	neg 1.0		__DUMMY__ 0.896625911353823 off 0.05313414858422012 neg 0.05023994006195695	false	0.5
gegen			__DUMMY__ 0.9005289939789054 neg 0.04992875228981619 off 0.049542253731278386	false	0.0
scheidung	neg 1.0		__DUMMY__ 0.8851608834872116 off 0.07252169250053042 neg 0.042317424012258006	false	0.5
einschlag	neg 1.0	neg 1.0	neg 0.5047568431990804 __DUMMY__ 0.4482511212412734 off 0.04699203555964612	false	1.0
m			__DUMMY__ 0.8980893008060991 off 0.05280237694954862 neg 0.04910832224435233	false	0.0
abgestanden	neg 1.0		__DUMMY__ 0.8982166449143879 off 0.054871486816630656 neg 0.04691186826898139	false	0.5
schmierig	off 1.0		__DUMMY__ 0.891141072989382 off 0.06392984284360471 neg 0.04492908416701322	false	1.0
unpraktisch	neg 1.0		__DUMMY__ 0.8978947738070678 off 0.05549109935021764 neg 0.046614126842714446	false	0.5
wixxer	off 1.0		__DUMMY__ 0.8849520342612941 off 0.06904994085419106 neg 0.04599802488451486	false	1.0
bezeichnet			__DUMMY__ 0.8948633438055127 off 0.054658697609901705 neg 0.05047795858458568	false	0.0
jammerlappen	off 1.0		__DUMMY__ 0.8927178424993083 off 0.05939679149415125 neg 0.047885366006540406	false	1.0
farce	neg 1.0		__DUMMY__ 0.8931151917079264 neg 0.05347850664688067 off 0.053406301645193034	false	1.0
zwecklos	neg 1.0		__DUMMY__ 0.895622734420309 off 0.053361936240697266 neg 0.0510153293389936	false	0.5
turbulent	neg 1.0		__DUMMY__ 0.8911926801754562 off 0.05957937495662346 neg 0.04922794486792048	false	0.5
invasion	neg 1.0		__DUMMY__ 0.8950789273958665 off 0.05707288268055051 neg 0.047848189923583036	false	0.5
schuld	neg 1.0		__DUMMY__ 0.8950570058471418 off 0.0558610838436429 neg 0.04908191030921539	false	0.5
risiko	neg 1.0		__DUMMY__ 0.8969698586093298 off 0.055071315008024695 neg 0.04795882638264556	false	0.5
finster	neg 1.0		__DUMMY__ 0.896899279872344 off 0.055239199288549035 neg 0.047861520839107004	false	0.5
geisteskrank	off 1.0		__DUMMY__ 0.8904896861146198 off 0.06099774563337076 neg 0.048512568252009544	false	1.0
zusammenbrechen	neg 1.0		__DUMMY__ 0.8978685785562713 off 0.05374350955278751 neg 0.048387911890941215	false	0.5
ausbeute	neg 1.0		__DUMMY__ 0.9003472756086881 off 0.050269010457837424 neg 0.04938371393347436	false	0.5
hinterhalt	neg 1.0		__DUMMY__ 0.8974294145266561 off 0.052891651272224456 neg 0.049678934201119365	false	0.5
kritik	neg 1.0		__DUMMY__ 0.8938731587587595 off 0.05329201102707002 neg 0.052834830214170556	false	0.5
einschrumpfen	neg 1.0		__DUMMY__ 0.8902750236331172 off 0.0575845430617343 neg 0.05214043330514867	false	0.5
riskant	neg 1.0		__DUMMY__ 0.8970991600763848 off 0.05185494960259776 neg 0.051045890321017466	false	0.5
frustrieren	neg 1.0		__DUMMY__ 0.8972356185322586 off 0.051965850842690474 neg 0.05079853062505083	false	0.5
groll	neg 1.0		__DUMMY__ 0.8969774855595009 off 0.05311402415460569 neg 0.049908490285893496	false	0.5
gibt			__DUMMY__ 0.8959747734468024 off 0.053470390038396466 neg 0.05055483651480105	false	0.0
qualvoll	neg 1.0		__DUMMY__ 0.8962504666761633 off 0.05782865230583178 neg 0.04592088101800494	false	0.5
wackeln	neg 1.0	neg 1.0	neg 0.5044098334406797 __DUMMY__ 0.45357108431389415 off 0.042019082245426304	false	1.0
klagen	neg 1.0		__DUMMY__ 0.8984968589141303 neg 0.05265205907838535 off 0.048851082007484246	false	1.0
bankrott	neg 1.0		__DUMMY__ 0.8942678904567845 off 0.058212347267405755 neg 0.047519762275809854	false	0.5
trauern	neg 1.0		__DUMMY__ 0.899901771851139 off 0.05179199652291435 neg 0.04830623162594678	false	0.5
ablehnung	neg 1.0		__DUMMY__ 0.8938116354797208 off 0.0533806229863778 neg 0.05280774153390151	false	0.5
stur	neg 1.0		__DUMMY__ 0.8942452149555952 off 0.05637790628682038 neg 0.049376878757584466	false	0.5
aufruhr	neg 1.0		__DUMMY__ 0.8974477796150663 off 0.054136154538557274 neg 0.04841606584637657	false	0.5
melancholie	neg 1.0		__DUMMY__ 0.8993207729964204 off 0.052356144527956415 neg 0.0483230824756232	false	0.5
ist			__DUMMY__ 0.8946421442890569 off 0.05652399733471857 neg 0.048833858376224594	false	0.0
torheit	neg 1.0		__DUMMY__ 0.8936125183911204 off 0.0558065829045669 neg 0.0505808987043126	false	0.5
dreckskind	off 1.0		__DUMMY__ 0.8882432421397717 off 0.06512014465842333 neg 0.04663661320180499	false	1.0
umtauschen	neg 1.0		__DUMMY__ 0.8970378422390176 off 0.05405349996312693 neg 0.04890865779785555	false	0.5
zum			__DUMMY__ 0.9057402799322924 neg 0.04794443329796762 off 0.046315286769740026	false	0.0
zersetzen	neg 1.0		__DUMMY__ 0.8968537067496412 neg 0.05251228347667591 off 0.050634009773682986	false	1.0
zur			__DUMMY__ 0.9026004562324718 neg 0.05142070773585504 off 0.04597883603167315	false	0.0
frust	neg 1.0		__DUMMY__ 0.8974930430416654 off 0.05364284359593516 neg 0.04886411336239929	false	0.5
unerbittlichkeit	neg 1.0		__DUMMY__ 0.8969766313802916 neg 0.052292503886543294 off 0.05073086473316509	false	1.0
zwei			__DUMMY__ 0.9035634062706824 off 0.048245923929867714 neg 0.04819066979944992	false	0.0
unkorrekt	neg 1.0		__DUMMY__ 0.887270195906918 off 0.06192006984799022 neg 0.0508097342450917	false	0.5
hexe	off 1.0		__DUMMY__ 0.891422964786398 off 0.05958712914899534 neg 0.048989906064606625	false	1.0
lasch	neg 1.0		__DUMMY__ 0.8907202883855981 off 0.05837384709674196 neg 0.05090586451765987	false	0.5
rivale	neg 1.0		__DUMMY__ 0.8935246072569345 off 0.06162498245236889 neg 0.0448504102906966	false	0.5
mutlos	off 1.0	off 1.0	off 0.5093544289352553 __DUMMY__ 0.45035839522100046 neg 0.0402871758437442	false	1.0
wirr	off 1.0		__DUMMY__ 0.8880109314971519 off 0.06206623719072685 neg 0.049922831312121344	false	1.0
jahr			__DUMMY__ 0.9016614502595159 off 0.04974043611554907 neg 0.04859811362493499	false	0.0
wird			__DUMMY__ 0.8973754670744902 off 0.05214370285155762 neg 0.050480830073952244	false	0.0
strafbar	neg 1.0		__DUMMY__ 0.896183713985794 off 0.05200548114632112 neg 0.051810804867884884	false	0.5
erosion	neg 1.0		__DUMMY__ 0.8972834213941044 off 0.055321397055467854 neg 0.04739518155042764	false	0.5
eingehen	neg 1.0		__DUMMY__ 0.8949629341334572 off 0.05276793034551655 neg 0.052269135521026196	false	0.5
faul	off 1.0		__DUMMY__ 0.8953932987316529 off 0.058338720213159494 neg 0.046267981055187694	false	1.0
provisorium	neg 1.0		__DUMMY__ 0.9048842640895594 neg 0.05113138952297258 off 0.04398434638746798	false	1.0
schmerzen	neg 1.0		__DUMMY__ 0.8970485327109702 off 0.05441858567129984 neg 0.04853288161773002	false	0.5
schrumpfen	neg 1.0		__DUMMY__ 0.8999323517416944 neg 0.053652729444517766 off 0.046414918813787905	false	1.0
geistlos	off 1.0		__DUMMY__ 0.889628468049687 off 0.05752836533003981 neg 0.0528431666202732	false	1.0
fehlkauf	neg 1.0		__DUMMY__ 0.8942944680853846 off 0.056483225042179896 neg 0.049222306872435485	false	0.5
frustrierend	neg 1.0		__DUMMY__ 0.8948950460672143 off 0.0584988720643814 neg 0.04660608186840433	false	0.5
unzufrieden	neg 1.0		__DUMMY__ 0.895283176436433 off 0.053251773535537464 neg 0.05146505002802953	false	0.5
verzweifeln	neg 1.0		__DUMMY__ 0.8962827722698616 off 0.054611468482178085 neg 0.04910575924796028	false	0.5
verzweifelt	neg 1.0		__DUMMY__ 0.8945279721678911 off 0.05642181990534008 neg 0.049050207926768744	false	0.5
misstrauensantrag	neg 1.0		__DUMMY__ 0.8940754727749514 off 0.05682459909555149 neg 0.04909992812949703	false	0.5
abfallen	neg 1.0		__DUMMY__ 0.8978070204260234 off 0.055750834868096066 neg 0.046442144705880484	false	0.5
fucker	off 1.0		__DUMMY__ 0.8903638255963539 off 0.06137613774130895 neg 0.048260036662337205	false	1.0
ungezogen	neg 1.0		__DUMMY__ 0.8878671836367218 off 0.0676938451212179 neg 0.044438971242060275	false	0.5
irrsinnig	neg 1.0	neg 1.0	neg 0.5080456113294148 __DUMMY__ 0.4494378977669178 off 0.04251649090366746	false	1.0
unfassbar	neg 1.0		__DUMMY__ 0.891413812247361 off 0.05997505989316891 neg 0.04861112785947011	false	0.5
hart	neg 1.0		__DUMMY__ 0.8942329298227186 off 0.0577913274804994 neg 0.047975742696781995	false	0.5
widerlich	off 1.0		__DUMMY__ 0.8902826443662964 off 0.060849661416957745 neg 0.04886769421674589	false	1.0
fatal	neg 1.0		__DUMMY__ 0.8941752944986493 off 0.05679989670951495 neg 0.049024808791835656	false	0.5
bruch	neg 1.0		__DUMMY__ 0.8994309097393937 neg 0.051477192531448925 off 0.04909189772915737	false	1.0
aushungern	neg 1.0		__DUMMY__ 0.894309842981752 off 0.05428190159295702 neg 0.05140825542529101	false	0.5
anspannung	neg 1.0	neg 1.0	neg 0.5044513769734413 __DUMMY__ 0.46009018470857943 off 0.03545843831797928	false	1.0
von			__DUMMY__ 0.9018182677634066 off 0.049171041780699115 neg 0.04901069045589439	false	0.0
kraftlos	neg 1.0		__DUMMY__ 0.9004456448416642 off 0.05301395331477707 neg 0.04654040184355869	false	0.5
vom			__DUMMY__ 0.9065033828959617 neg 0.049051995996128896 off 0.04444462110790939	false	0.0
grenzdebil	off 1.0		__DUMMY__ 0.8920360332953429 off 0.06082868780260537 neg 0.04713527890205178	false	1.0
vor			__DUMMY__ 0.9002931035933405 off 0.04996126534522278 neg 0.04974563106143676	false	0.0
unterwerfen	neg 1.0		__DUMMY__ 0.8973270457955832 off 0.05175582124224644 neg 0.05091713296217039	false	0.5
versenkung	neg 1.0		__DUMMY__ 0.8977748509702612 off 0.05159648905666579 neg 0.050628659973073004	false	0.5
entziehen	neg 1.0		__DUMMY__ 0.8989436287053785 neg 0.05162244947197873 off 0.04943392182264274	false	1.0
finanzkrise	neg 1.0		__DUMMY__ 0.8937727877424839 off 0.054044503156256335 neg 0.05218270910125973	false	0.5
schimpfend	neg 1.0		__DUMMY__ 0.8986434351489561 off 0.055401973212766395 neg 0.045954591638277566	false	0.5
profan	neg 1.0		__DUMMY__ 0.8940215612973139 off 0.057482940056745785 neg 0.04849549864594035	false	0.5
korruption	neg 1.0		__DUMMY__ 0.8942267443227782 neg 0.05313002408970524 off 0.052643231587516645	false	1.0
â			__DUMMY__ 0.8981481194733366 off 0.051845692147956 neg 0.050006188378707336	false	0.0
schmutzig	neg 1.0		__DUMMY__ 0.8938471044959451 off 0.06030760734775704 neg 0.04584528815629791	false	0.5
sexy	neg 1.0		__DUMMY__ 0.8940236602025263 off 0.05806674056732254 neg 0.04790959923015116	false	0.5
abraten	neg 1.0		__DUMMY__ 0.8943331606487313 off 0.056516210416702066 neg 0.04915062893456662	false	0.5
schwarz	neg 1.0		__DUMMY__ 0.8940587278986966 off 0.05623107258426391 neg 0.049710199517039436	false	0.5
fotze	off 1.0		__DUMMY__ 0.8967247975472623 neg 0.0516998399288296 off 0.05157536252390804	false	0.5
verwirren	neg 1.0		__DUMMY__ 0.893776966545899 off 0.05773723102033495 neg 0.048485802433766025	false	0.5
zahnlos	off 1.0		__DUMMY__ 0.8951718008921214 off 0.05328517129446232 neg 0.051543027813416194	false	1.0
verheeren	neg 1.0		__DUMMY__ 0.8888377011287661 off 0.06873429777346558 neg 0.0424280010977682	false	0.5
hippie	neg 1.0		__DUMMY__ 0.8936963443789145 off 0.0576848238086945 neg 0.04861883181239104	false	0.5
rammen	neg 1.0		__DUMMY__ 0.8970146804431367 off 0.055213063638985135 neg 0.0477722559178781	false	0.5
unlauter	neg 1.0		__DUMMY__ 0.8899112630365468 off 0.055398926672580034 neg 0.054689810290873234	false	0.5
unheilvoll	neg 1.0		__DUMMY__ 0.8973227000591244 off 0.05671233322152696 neg 0.04596496671934854	false	0.5
niedrig	neg 1.0		__DUMMY__ 0.9004500762595953 off 0.05066846408044876 neg 0.04888145965995589	false	0.5
explosion	neg 1.0		__DUMMY__ 0.89382766876765 off 0.05709687537206169 neg 0.04907545586028838	false	0.5
weichei	off 1.0		__DUMMY__ 0.8885174227073463 off 0.06507764651008775 neg 0.04640493078256586	false	1.0
minusmensch	off 1.0		__DUMMY__ 0.8818467245370643 off 0.06878090335048224 neg 0.04937237211245348	false	1.0
farblos	neg 1.0		__DUMMY__ 0.9013117054184577 off 0.05345168435923951 neg 0.045236610222302825	false	0.5
unwissend	neg 1.0	neg 1.0	neg 0.5072887433284917 __DUMMY__ 0.4474009993738148 off 0.04531025729769349	false	1.0
traurig	neg 1.0		__DUMMY__ 0.891172191398099 off 0.0625069906831238 neg 0.04632081791877712	false	0.5
senkung	neg 1.0		__DUMMY__ 0.8910821558770529 off 0.05723271555497957 neg 0.051685128567967656	false	0.5
ungleich	neg 1.0	neg 1.0	neg 0.5102543752088636 __DUMMY__ 0.4507196822789808 off 0.039025942512155534	false	1.0
heikel	neg 1.0		__DUMMY__ 0.8966145325737479 neg 0.05264386404829804 off 0.05074160337795397	false	1.0
drosselung	neg 1.0		__DUMMY__ 0.8926514881156156 off 0.06019581505309917 neg 0.04715269683128532	false	0.5
falsch	neg 1.0		__DUMMY__ 0.893659856029542 off 0.05868759619861321 neg 0.047652547771844724	false	0.5
unzufriedenheit	neg 1.0		__DUMMY__ 0.8975900910408887 neg 0.05209041115999197 off 0.05031949779911933	false	1.0
kurz	neg 1.0		__DUMMY__ 0.8989555259030112 off 0.053297573777526815 neg 0.04774690031946204	false	0.5
unsinnig	neg 1.0		__DUMMY__ 0.8939028520600866 off 0.05367799482710954 neg 0.0524191531128038	false	0.5
penner	off 1.0	off 1.0	off 0.520814433049207 __DUMMY__ 0.44469179104122036 neg 0.03449377590957249	false	1.0
seicht	neg 1.0		__DUMMY__ 0.88462214173338 off 0.06785775479918853 neg 0.04752010346743147	false	0.5
dummheit	off 1.0	off 1.0	off 0.5136794503335761 __DUMMY__ 0.4485230462570755 neg 0.037797503409348406	false	1.0
unerfreulich	neg 1.0		__DUMMY__ 0.8992135205722869 neg 0.05099838231309084 off 0.049788097114622266	false	1.0
motherfucker	off 1.0	off 1.0	off 0.5166014144923882 __DUMMY__ 0.4464093317030006 neg 0.036989253804611225	false	1.0
pikiert	neg 1.0		__DUMMY__ 0.8906110094119638 off 0.05988615481113429 neg 0.04950283577690195	false	0.5
wrack	neg 1.0		__DUMMY__ 0.899936823420673 off 0.050927981658485263 neg 0.049135194920841674	false	0.5
gangster	neg 1.0		__DUMMY__ 0.8943714477541143 off 0.057281032504252864 neg 0.04834751974163298	false	0.5
krank	neg 1.0		__DUMMY__ 0.893725818463717 off 0.06083738236442453 neg 0.04543679917185849	false	0.5
reich	neg 1.0		__DUMMY__ 0.8902853307324184 off 0.05854582421495073 neg 0.05116884505263083	false	0.5
gnadenlos	neg 1.0		__DUMMY__ 0.8954267615156034 off 0.05587835776922407 neg 0.048694880715172605	false	0.5
niedergeschlagen	neg 1.0		__DUMMY__ 0.8992965563208224 off 0.05371726454635853 neg 0.04698617913281913	false	0.5
terrorisieren	off 1.0	off 1.0	off 0.5096023376369444 __DUMMY__ 0.45256935255844943 neg 0.037828309804606115	false	1.0
sinnlosigkeit	neg 1.0		__DUMMY__ 0.8957535588233693 off 0.053329848044406374 neg 0.050916593132224325	false	0.5
behindern	neg 1.0		__DUMMY__ 0.895083566302281 off 0.05410641999176998 neg 0.05081001370594903	false	0.5
undemokratisch	neg 1.0		__DUMMY__ 0.8918271937268082 off 0.05591316803461244 neg 0.052259638238579376	false	0.5
wirtschaftskrise	neg 1.0		__DUMMY__ 0.8956870750858298 neg 0.05220993655498624 off 0.05210298835918389	false	1.0
neid	neg 1.0		__DUMMY__ 0.8960068050832466 off 0.05903422068810896 neg 0.044958974228644505	false	0.5
rutschen	neg 1.0		__DUMMY__ 0.904385799132802 off 0.04818002759793238 neg 0.04743417326926563	false	0.5
rezession	neg 1.0		__DUMMY__ 0.8883546316504977 off 0.06340506151015646 neg 0.048240306839345985	false	0.5
fehlgeburt	neg 1.0		__DUMMY__ 0.8981397185866781 off 0.05654072229407291 neg 0.04531955911924899	false	0.5
charakterschwach	off 1.0		__DUMMY__ 0.8917593831310109 off 0.06061483502689202 neg 0.04762578184209704	false	1.0
isolation	neg 1.0		__DUMMY__ 0.8945774010505342 off 0.05837118390872449 neg 0.04705141504074123	false	0.5
ablenkung	neg 1.0		__DUMMY__ 0.8959371981283715 off 0.05520312254142246 neg 0.04885967933020608	false	0.5
pech	neg 1.0		__DUMMY__ 0.8949534258546937 off 0.05798192044450767 neg 0.047064653700798556	false	0.5
vermeidung	neg 1.0		__DUMMY__ 0.8901946205008103 off 0.060519815388183816 neg 0.049285564111005965	false	0.5
dominieren	neg 1.0		__DUMMY__ 0.9004886302477868 off 0.05183436637475304 neg 0.047677003377460184	false	0.5
schwindlig	neg 1.0		__DUMMY__ 0.8992452799617158 off 0.05673607464629986 neg 0.0440186453919844	false	0.5
lutscher	neg 1.0		__DUMMY__ 0.8850028735774494 off 0.06826326512972773 neg 0.04673386129282281	false	0.5
pflicht	neg 1.0		__DUMMY__ 0.8968433532050312 neg 0.0524031392480105 off 0.05075350754695832	false	1.0
faschist	off 1.0		__DUMMY__ 0.8906887774402736 off 0.05783313041601778 neg 0.05147809214370859	false	1.0
verschleudern	neg 1.0		__DUMMY__ 0.8928599126068012 neg 0.055744122355762094 off 0.051395965037436826	false	1.0
wenn			__DUMMY__ 0.8933126823715437 off 0.05890442980692438 neg 0.047782887821532005	false	0.0
ehebruch	neg 1.0		__DUMMY__ 0.896898977008106 off 0.05232975208317214 neg 0.050771270908721924	false	0.5
spott	off 1.0		__DUMMY__ 0.8956670650173014 neg 0.05245639835734961 off 0.05187653662534902	false	0.5
trostlosigkeit	neg 1.0		__DUMMY__ 0.8993740544704035 neg 0.051077545763971555 off 0.049548399765624924	false	1.0
lutschen	neg 1.0		__DUMMY__ 0.8934735962074015 off 0.05716562553351858 neg 0.04936077825907986	false	0.5
undiszipliniert	neg 1.0		__DUMMY__ 0.8924380959907254 off 0.061710517906728775 neg 0.04585138610254581	false	0.5
kopfschmerz	neg 1.0		__DUMMY__ 0.8997315371464689 off 0.05319677767618646 neg 0.047071685177344676	false	0.5
unvorhergesehen	neg 1.0		__DUMMY__ 0.9019332943466591 off 0.051181684008186124 neg 0.04688502164515478	false	0.5
desinteressiert	neg 1.0		__DUMMY__ 0.8904893145687788 off 0.0616745201237991 neg 0.047836165307422115	false	0.5
armselig	off 1.0		__DUMMY__ 0.8881915294888953 off 0.06265092017302236 neg 0.04915755033808236	false	1.0
desaster	neg 1.0		__DUMMY__ 0.897914777247983 neg 0.053471392567313994 off 0.04861383018470299	false	1.0
tod	neg 1.0		__DUMMY__ 0.9004140866250203 off 0.051801720790358476 neg 0.04778419258462113	false	0.5
herzlos	neg 1.0		__DUMMY__ 0.8896190395569719 off 0.06298421103875818 neg 0.04739674940426998	false	0.5
unwissenheit	neg 1.0		__DUMMY__ 0.8938291919255014 off 0.05315383378795543 neg 0.05301697428654324	false	0.5
widersinnig	neg 1.0	neg 1.0	neg 0.5117875294000793 __DUMMY__ 0.4475550649848954 off 0.040657405615025365	false	1.0
bedenklich	neg 1.0		__DUMMY__ 0.895870033029931 neg 0.052075142763952524 off 0.05205482420611648	false	1.0
beanstanden	neg 1.0		__DUMMY__ 0.8974629525107447 neg 0.052400283432176606 off 0.05013676405707872	false	1.0
panisch	neg 1.0	neg 1.0	neg 0.5030367856810487 __DUMMY__ 0.4536409508304098 off 0.043322263488541506	false	1.0
debil	off 1.0		__DUMMY__ 0.90187096630888 neg 0.052739838931456985 off 0.04538919475966306	false	0.5
abstrich	neg 1.0		__DUMMY__ 0.8962211667030183 neg 0.05248940692922033 off 0.05128942636776135	false	1.0
primitiv	neg 1.0		__DUMMY__ 0.8903573237174224 off 0.06125832343239217 neg 0.04838435285018538	false	0.5
abschaum	off 1.0	off 1.0	off 0.5151755733671481 __DUMMY__ 0.4478836152539221 neg 0.036940811378929794	false	1.0
provozieren	neg 1.0		__DUMMY__ 0.8943781901986556 off 0.055723605800820086 neg 0.04989820400052433	false	0.5
tot	neg 1.0		__DUMMY__ 0.8958504539309878 neg 0.05311403659522342 off 0.05103550947378877	false	1.0
instabil	neg 1.0		__DUMMY__ 0.8874006094414838 off 0.060937766089171196 neg 0.05166162446934489	false	0.5
schwuchtel	off 1.0		__DUMMY__ 0.882573504168487 off 0.07257460541964246 neg 0.044851890411870564	false	1.0
zerren	neg 1.0		__DUMMY__ 0.89908529145129 off 0.05393419284842143 neg 0.04698051570028854	false	0.5
kinderficker	off 1.0		__DUMMY__ 0.8857889638022205 off 0.06485702962332204 neg 0.04935400657445753	false	1.0
gefahr	neg 1.0		__DUMMY__ 0.8992281853383216 off 0.05044796488819945 neg 0.05032384977347895	false	0.5
rabiat	neg 1.0		__DUMMY__ 0.8947118328899626 off 0.05512279472179342 neg 0.05016537238824394	false	0.5
verlangsamung	neg 1.0		__DUMMY__ 0.8881919697448276 off 0.06641663643014763 neg 0.045391393825024724	false	0.5
ausgestorben	neg 1.0		__DUMMY__ 0.897551971907487 off 0.054465766279129066 neg 0.04798226181338384	false	0.5
anklagen	neg 1.0		__DUMMY__ 0.8959297708937008 off 0.05359220625621854 neg 0.05047802285008067	false	0.5
trott	neg 1.0		__DUMMY__ 0.8965788849891511 off 0.05430987859478706 neg 0.04911123641606193	false	0.5
verminderung	neg 1.0		__DUMMY__ 0.8895003897149565 off 0.06117607667058898 neg 0.0493235336144546	false	0.5
nach			__DUMMY__ 0.906934513138432 off 0.04679162879499901 neg 0.04627385806656911	false	0.0
rost	neg 1.0		__DUMMY__ 0.8897450966670569 off 0.06506183383381471 neg 0.04519306949912843	false	0.5
destruktiv	neg 1.0		__DUMMY__ 0.892593444572791 off 0.054753873211303324 neg 0.05265268221590568	false	0.5
unzumutbarkeit	neg 1.0		__DUMMY__ 0.8938229371593059 off 0.05897345975501086 neg 0.047203603085683124	false	0.5
labil	off 1.0	off 1.0	off 0.5151231419155169 __DUMMY__ 0.44786486453951996 neg 0.03701199354496311	false	1.0
ziemlich	neg 1.0		__DUMMY__ 0.8931574801907973 off 0.0602969107102737 neg 0.04654560909892894	false	0.5
lachnummer	off 1.0		__DUMMY__ 0.893778468303664 off 0.05505099494369945 neg 0.05117053675263653	false	1.0
oder			__DUMMY__ 0.896869702782323 off 0.05500020685814008 neg 0.04813009035953696	false	0.0
verfall	neg 1.0		__DUMMY__ 0.9003443023802843 neg 0.05322174911085046 off 0.046433948508865286	false	1.0
ausgrenzung	neg 1.0		__DUMMY__ 0.8923942451087774 off 0.05656551243454588 neg 0.05104024245667675	false	0.5
unordnung	neg 1.0		__DUMMY__ 0.8935856759455352 off 0.05961310461310605 neg 0.04680121944135883	false	0.5
fehlverhalten	neg 1.0		__DUMMY__ 0.896860492898429 neg 0.05209103588958773 off 0.05104847121198327	false	1.0
eine			__DUMMY__ 0.8985675218946091 neg 0.05124881880430914 off 0.05018365930108187	false	0.0
nille	neg 1.0		__DUMMY__ 0.8960178617026492 off 0.05400026040161263 neg 0.049981877895738124	false	0.5
qual	neg 1.0		__DUMMY__ 0.8965082528734706 off 0.054176990673929705 neg 0.0493147564525998	false	0.5
verschwenden	neg 1.0		__DUMMY__ 0.896320109756402 off 0.052346682460427445 neg 0.05133320778317056	false	0.5
riesig	neg 1.0	neg 1.0	neg 0.5058421199755384 __DUMMY__ 0.4549084843521173 off 0.039249395672344166	false	1.0
verurteilen	neg 1.0		__DUMMY__ 0.8960043821344266 off 0.05325779233788747 neg 0.05073782552768603	false	0.5
klischee	neg 1.0	neg 1.0	neg 0.5082307855007889 __DUMMY__ 0.44747368310977126 off 0.0442955313894398	false	1.0
diktatorisch	neg 1.0		__DUMMY__ 0.890884589864272 off 0.05647245742572718 neg 0.05264295271000094	false	0.5
vorhersehbar	neg 1.0	neg 1.0	neg 0.5075033551902325 __DUMMY__ 0.4486184563350115 off 0.043878188474755934	false	1.0
sowie			__DUMMY__ 0.888144866399515 off 0.06471657976929153 neg 0.04713855383119361	false	0.0
stornieren	neg 1.0		__DUMMY__ 0.8995940728777683 off 0.05534883655032701 neg 0.04505709057190472	false	0.5
besteuerung	neg 1.0		__DUMMY__ 0.8916648277854168 off 0.05530945873673687 neg 0.05302571347784637	false	0.5
ungeschminkt	neg 1.0		__DUMMY__ 0.8913595012791139 off 0.0602236723794464 neg 0.048416826341439574	false	0.5
kritisch	neg 1.0		__DUMMY__ 0.8956673565531714 neg 0.05239182812487392 off 0.05194081532195471	false	1.0
schlamperei	off 1.0		__DUMMY__ 0.8957919711025456 neg 0.05323109534514321 off 0.05097693355231119	false	0.5
sucht	neg 1.0	neg 1.0	neg 0.5058343242100446 __DUMMY__ 0.4529057995110059 off 0.04125987627894957	false	1.0
egoistisch	off 1.0		__DUMMY__ 0.8890767955394874 off 0.0651705904084232 neg 0.04575261405208933	false	1.0
ausbeuter	off 1.0		__DUMMY__ 0.8955577871217759 neg 0.05352409441259861 off 0.05091811846562551	false	0.5
arschgeburt	off 1.0		__DUMMY__ 0.8817697792677255 off 0.07284752419526137 neg 0.04538269653701306	false	1.0
schubs	neg 1.0	neg 1.0	neg 0.5054437907981594 __DUMMY__ 0.45476142280108073 off 0.039794786400759855	false	1.0
unsolide	neg 1.0		__DUMMY__ 0.8874452211908329 off 0.05680649636879519 neg 0.055748282440372006	false	0.5
beschwerde	neg 1.0		__DUMMY__ 0.8961755617257227 neg 0.05274413916383819 off 0.05108029911043917	false	1.0
stocken	neg 1.0		__DUMMY__ 0.8980694231093671 off 0.05162306481800385 neg 0.05030751207262899	false	0.5
isolieren	neg 1.0		__DUMMY__ 0.8969985410184148 off 0.05263632864084674 neg 0.05036513034073835	false	0.5
unheilbar	neg 1.0		__DUMMY__ 0.8984055168837619 off 0.055565509896823205 neg 0.04602897321941481	false	0.5
pisser	off 1.0		__DUMMY__ 0.8923646649400228 off 0.06145973748673034 neg 0.04617559757324692	false	1.0
löschen	neg 1.0		__DUMMY__ 0.896044495278859 off 0.05480786487379735 neg 0.04914763984734359	false	0.5
durchfallen	neg 1.0		__DUMMY__ 0.8944170757689845 off 0.05305853703375844 neg 0.052524387197257105	false	0.5
wichser	off 1.0		__DUMMY__ 0.8863078236297216 off 0.06943492188236679 neg 0.044257254487911665	false	1.0
terror	neg 1.0		__DUMMY__ 0.8958636704355994 off 0.05714286271699356 neg 0.04699346684740709	false	0.5
krass	neg 1.0		__DUMMY__ 0.889740348561758 off 0.06311934734522594 neg 0.04714030409301615	false	0.5
revolte	neg 1.0		__DUMMY__ 0.8922264021857167 off 0.05703512304630214 neg 0.05073847476798115	false	0.5
besorgt	neg 1.0		__DUMMY__ 0.9001386522877697 off 0.05306943003231724 neg 0.046791917679913135	false	0.5
nachlassen	neg 1.0		__DUMMY__ 0.8986862994272409 off 0.051013800160743875 neg 0.050299900412015354	false	0.5
alt	neg 1.0		__DUMMY__ 0.8986238404887072 off 0.05159323333173598 neg 0.0497829261795568	false	0.5
hundesohn	off 1.0		__DUMMY__ 0.8848951025431612 off 0.06833524510788407 neg 0.04676965234895473	false	1.0
als			__DUMMY__ 0.8982497823534483 off 0.05329091749622344 neg 0.04845930015032817	false	0.0
abschreckung	neg 1.0		__DUMMY__ 0.8989687934212275 neg 0.05130535518492778 off 0.04972585139384481	false	1.0
unqualifiziert	neg 1.0		__DUMMY__ 0.8891939738994733 off 0.0581672775994807 neg 0.052638748501046044	false	0.5
abgewichst	off 1.0		__DUMMY__ 0.896732768006769 off 0.05331891827412444 neg 0.04994831371910662	false	1.0
schwer	neg 1.0		__DUMMY__ 0.8964622258994065 off 0.054931145759572156 neg 0.04860662834102137	false	0.5
bedeutungslosigkeit	neg 1.0		__DUMMY__ 0.8976076149188273 neg 0.05186595240072519 off 0.050526432680447424	false	1.0
kapitulation	neg 1.0		__DUMMY__ 0.8948357743041145 neg 0.053342032651543525 off 0.051822193044341894	false	1.0
unscharf	neg 1.0		__DUMMY__ 0.8941103603954256 off 0.05656304377328301 neg 0.0493265958312914	false	0.5
schwinden	neg 1.0		__DUMMY__ 0.8986384288566465 neg 0.05103634334973801 off 0.050325227793615465	false	1.0
versklavung	neg 1.0		__DUMMY__ 0.8917061830577677 off 0.05604757800735132 neg 0.05224623893488092	false	0.5
schlecht	neg 1.0		__DUMMY__ 0.8934252890172544 off 0.06045145701928124 neg 0.04612325396346442	false	0.5
verhasst	neg 1.0		__DUMMY__ 0.894376508018709 off 0.05606519037261985 neg 0.04955830160867113	false	0.5
beschweren	neg 1.0		__DUMMY__ 0.8946241994442614 off 0.056717411051010164 neg 0.048658389504728464	false	0.5
scheiden	neg 1.0		__DUMMY__ 0.8994279876399626 off 0.054781706933501886 neg 0.0457903054265356	false	0.5
frustriert	neg 1.0		__DUMMY__ 0.8966066498803201 off 0.05402889023280972 neg 0.04936445988687011	false	0.5
schimmelig	neg 1.0		__DUMMY__ 0.8997484754502523 off 0.050852169012191875 neg 0.049399355537555804	false	0.5
fisch	neg 1.0		__DUMMY__ 0.9018452139276734 off 0.04959115253997043 neg 0.04856363353235631	false	0.5
schmuggel	neg 1.0		__DUMMY__ 0.9023935626807424 off 0.05027813400079297 neg 0.0473283033184646	false	0.5
auffallen	neg 1.0		__DUMMY__ 0.8944216653204371 off 0.05726684002463079 neg 0.04831149465493219	false	0.5
konkurrenz	neg 1.0	neg 1.0	neg 0.5089237319903406 __DUMMY__ 0.45355222120486144 off 0.03752404680479794	false	1.0
teufelskreis	neg 1.0		__DUMMY__ 0.8961861612318672 off 0.0545520692132899 neg 0.049261769554842925	false	0.5
aufschreien	neg 1.0		__DUMMY__ 0.893349851022807 off 0.05721804554788681 neg 0.04943210342930622	false	0.5
schuldner	neg 1.0		__DUMMY__ 0.8982013512296999 neg 0.05127036964775741 off 0.050528279122542666	false	1.0
missgeburt	off 1.0	off 1.0	off 0.519099072034765 __DUMMY__ 0.4455149971055113 neg 0.03538593085972373	false	1.0
arbeitslos	neg 1.0		__DUMMY__ 0.8945595661100286 off 0.05334769254004164 neg 0.05209274134992976	false	0.5
befallen	neg 1.0		__DUMMY__ 0.8969122115300754 off 0.05354824927791164 neg 0.04953953919201301	false	0.5
miesepetrig	off 1.0	off 1.0	off 0.5155577649185848 __DUMMY__ 0.4494999308989059 neg 0.034942304182509314	false	1.0
alarmieren	neg 1.0		__DUMMY__ 0.8917120605747239 off 0.059230263646356245 neg 0.04905767577891989	false	0.5
ungeduscht	off 1.0		__DUMMY__ 0.8953226340308157 off 0.057700788273988765 neg 0.046976577695195545	false	1.0
knappheit	neg 1.0		__DUMMY__ 0.8950211662715022 neg 0.05331781859549068 off 0.051661015133007165	false	1.0
schlange	neg 1.0		__DUMMY__ 0.8977598632192699 off 0.05644822775064902 neg 0.04579190903008108	false	0.5
harsch	neg 1.0		__DUMMY__ 0.891768152949929 off 0.06383070490953527 neg 0.0444011421405358	false	0.5
lang	neg 1.0		__DUMMY__ 0.8961883787775512 off 0.05520232808473258 neg 0.048609293137716156	false	0.5
ziellos	neg 1.0		__DUMMY__ 0.8994471089587833 off 0.05276398543245026 neg 0.04778890560876632	false	0.5
selbstverliebt	neg 1.0		__DUMMY__ 0.8831736412253659 off 0.07035954322869369 neg 0.04646681554594035	false	0.5
beseitigen	neg 1.0		__DUMMY__ 0.8962617265557564 off 0.05393333146687084 neg 0.04980494197737264	false	0.5
dumm	off 1.0		__DUMMY__ 0.8872041217276133 off 0.06600538450146475 neg 0.04679049377092191	false	1.0
arbeitsloser	neg 1.0		__DUMMY__ 0.8972804828458427 off 0.05261031809747425 neg 0.05010919905668307	false	0.5
blitzen	neg 1.0		__DUMMY__ 0.8942878928524669 off 0.057833198636212724 neg 0.04787890851132034	false	0.5
hilflos	neg 1.0		__DUMMY__ 0.8975510706086481 off 0.053559568341729605 neg 0.048889361049622285	false	0.5
eklig	off 1.0		__DUMMY__ 0.8882995159914473 off 0.06652437860843972 neg 0.04517610540011296	false	1.0
begriff			__DUMMY__ 0.8946796592296842 off 0.053985692865547476 neg 0.051334647904768306	false	0.0
hungersnot	neg 1.0		__DUMMY__ 0.8980260537900738 off 0.05342624128072655 neg 0.04854770492919957	false	0.5
ungesetzlich	neg 1.0		__DUMMY__ 0.8885383685700361 off 0.057251912387291146 neg 0.05420971904267283	false	0.5
verschwendung	neg 1.0		__DUMMY__ 0.8976115404038589 off 0.051318206984034886 neg 0.05107025261210628	false	0.5
schmerzvoll	neg 1.0		__DUMMY__ 0.8952980434154841 off 0.05661659525614737 neg 0.048085361328368395	false	0.5
vorzeitig	neg 1.0		__DUMMY__ 0.8965539388680223 off 0.05766446903632899 neg 0.045781592095648804	false	0.5
unvollkommenheit	neg 1.0		__DUMMY__ 0.9025643669417956 off 0.052584209139771056 neg 0.04485142391843317	false	0.5
intervenieren	neg 1.0		__DUMMY__ 0.8952181152083865 neg 0.053598526065569904 off 0.051183358726043564	false	1.0
banause	off 1.0		__DUMMY__ 0.8850402903388062 off 0.0683701844942937 neg 0.046589525166900056	false	1.0
rebell	neg 1.0		__DUMMY__ 0.8998378674593401 neg 0.052265968490834 off 0.04789616404982599	false	1.0
unlogisch	neg 1.0		__DUMMY__ 0.8899479708440141 off 0.0626780547167815 neg 0.04737397443920433	false	0.5
leiden	neg 1.0		__DUMMY__ 0.903533486722556 off 0.05034010834683162 neg 0.04612640493061247	false	0.5
abschaffung	neg 1.0		__DUMMY__ 0.8919517970883234 off 0.055411941006561466 neg 0.05263626190511521	false	0.5
sturz	neg 1.0		__DUMMY__ 0.8978383687097505 off 0.05482913136768855 neg 0.04733249992256094	false	0.5
verkleinerung	neg 1.0		__DUMMY__ 0.8901245854302406 off 0.05770301597920148 neg 0.05217239859055786	false	0.5
schmarotzer	off 1.0		__DUMMY__ 0.8939772063588698 off 0.05323427297032283 neg 0.05278852067080733	false	1.0
bestrafung	neg 1.0		__DUMMY__ 0.8946013155462257 off 0.056354790425023116 neg 0.04904389402875118	false	0.5
achtlos	neg 1.0		__DUMMY__ 0.897713304505369 off 0.05480184686842836 neg 0.04748484862620253	false	0.5
ungeheuer	neg 1.0		__DUMMY__ 0.8945431171558279 off 0.05762612648308238 neg 0.047830756361089785	false	0.5
