unsolidarisch	neg 1.0		off 0.5152799894318895 neg 0.4773231173919118 __DUMMY__ 0.007396893176198591	false	0.5
nachteilig	neg 1.0		off 0.5151529616611861 neg 0.4773642120656623 __DUMMY__ 0.007482826273151458	false	0.5
skeptisch	neg 1.0		off 0.5145869525077317 neg 0.4779216567128398 __DUMMY__ 0.007491390779428537	false	0.5
schrecklich	neg 1.0		off 0.5290972049167258 neg 0.46350197228220474 __DUMMY__ 0.007400822801069346	false	0.5
schlapp	neg 1.0		off 0.5261073899398085 neg 0.4664413710302279 __DUMMY__ 0.0074512390299633895	false	0.5
abfall	neg 1.0		off 0.5132630084913087 neg 0.4792101317131063 __DUMMY__ 0.007526859795584973	false	0.5
widerspenstig	neg 1.0		off 0.5208348640931556 neg 0.4716869335842561 __DUMMY__ 0.007478202322588212	false	0.5
abrupt	neg 1.0		off 0.5174779305834694 neg 0.4749986772159253 __DUMMY__ 0.007523392200605342	false	0.5
unwirksam	neg 1.0		off 0.5164223909184505 neg 0.4761647448418553 __DUMMY__ 0.00741286423969412	false	0.5
angreifen	neg 1.0	neg 1.0	neg 0.7231831942228288 off 0.2732224768856783 __DUMMY__ 0.0035943288914928677	false	1.0
inkonsistent	neg 1.0		off 0.5205981488019391 neg 0.4719445473805178 __DUMMY__ 0.007457303817543007	false	0.5
abrutschen	neg 1.0		off 0.5135606296993657 neg 0.47891468277434845 __DUMMY__ 0.007524687526285997	false	0.5
unsicher	neg 1.0		off 0.5211917836882831 neg 0.47132250072309756 __DUMMY__ 0.007485715588619391	false	0.5
bauernkind	off 1.0	off 1.0	off 0.7493389874189645 neg 0.24713623999299697 __DUMMY__ 0.003524772588038581	false	1.0
angreifer	neg 1.0		off 0.5227527220687119 neg 0.4697627221153136 __DUMMY__ 0.007484555815974571	false	0.5
trennen	neg 1.0		off 0.5188414462643658 neg 0.4736167712500173 __DUMMY__ 0.007541782485616955	false	0.5
schmutz	neg 1.0		off 0.5272092289620511 neg 0.4652445956365147 __DUMMY__ 0.007546175401434152	false	0.5
inkonsistenz	neg 1.0		off 0.5211276758395644 neg 0.4714786935177547 __DUMMY__ 0.007393630642680824	false	0.5
erschreckend	neg 1.0		off 0.518274560752535 neg 0.4742610638798492 __DUMMY__ 0.007464375367615872	false	0.5
ertrinken	neg 1.0		off 0.5190534543877044 neg 0.47341802378537906 __DUMMY__ 0.007528521826916313	false	0.5
pickelface	off 1.0		off 0.5174330989299846 neg 0.47509591396028994 __DUMMY__ 0.0074709871097254875	false	1.0
seiner			off 0.5167643666354952 neg 0.4757189746134942 __DUMMY__ 0.00751665875101068	false	0.0
lauch	neg 1.0		off 0.5116985293605677 neg 0.4808086915621702 __DUMMY__ 0.007492779077262104	false	0.5
unwichtig	neg 1.0		off 0.5240995838833639 neg 0.4684732744476905 __DUMMY__ 0.0074271416689457095	false	0.5
steuerhinterziehung	neg 1.0		off 0.5162402199946236 neg 0.4763121229375445 __DUMMY__ 0.007447657067832038	false	0.5
schock	neg 1.0		off 0.522043280370638 neg 0.47043718779665644 __DUMMY__ 0.007519531832705601	false	0.5
beule	neg 1.0		off 0.526860494589387 neg 0.4656834459555555 __DUMMY__ 0.007456059455057573	false	0.5
vergelten	neg 1.0		off 0.5302753114365192 neg 0.46227188173028005 __DUMMY__ 0.007452806833200659	false	0.5
verdorbenheit	neg 1.0		off 0.5199400247872268 neg 0.47258236722635333 __DUMMY__ 0.0074776079864197955	false	0.5
trauma	neg 1.0		off 0.5210425353888428 neg 0.47149343557802875 __DUMMY__ 0.0074640290331283825	false	0.5
sinnlos	neg 1.0		off 0.5232176381695858 neg 0.4693142469760887 __DUMMY__ 0.007468114854325598	false	0.5
fettsack	off 1.0	off 1.0	off 0.7512882247088971 neg 0.2451747135681765 __DUMMY__ 0.0035370617229263184	false	1.0
feige	off 1.0	off 1.0	off 0.747905945429451 neg 0.24854523239522028 __DUMMY__ 0.003548822175328804	false	1.0
abdanken	neg 1.0		off 0.5177665186577812 neg 0.474779975593137 __DUMMY__ 0.0074535057490816075	false	0.5
wichtigtuer	off 1.0	off 1.0	off 0.7465111144260546 neg 0.24992678612830807 __DUMMY__ 0.0035620994456374054	false	1.0
misslingen	neg 1.0		off 0.5245784255419811 neg 0.46789963366946674 __DUMMY__ 0.007521940788552029	false	0.5
untreu	off 1.0		off 0.5254833235483576 neg 0.4670950920052645 __DUMMY__ 0.0074215844463778385	false	1.0
missmutig	neg 1.0		off 0.525283415637789 neg 0.4672729493169634 __DUMMY__ 0.007443635045247563	false	0.5
hurenbock	off 1.0		off 0.5221278354912714 neg 0.4704005544156573 __DUMMY__ 0.007471610093071299	false	1.0
betrunken	neg 1.0		off 0.5294205688217304 neg 0.4631279279776782 __DUMMY__ 0.007451503200591486	false	0.5
korrupt	off 1.0		off 0.5139594770573889 neg 0.47861509408391184 __DUMMY__ 0.007425428858699172	false	1.0
unmut	neg 1.0		off 0.5124575942143083 neg 0.48003034380118614 __DUMMY__ 0.007512061984505543	false	0.5
hackfresse	off 1.0		off 0.5313281610854331 neg 0.4613116738448389 __DUMMY__ 0.0073601650697280654	false	1.0
aufblasen	neg 1.0		off 0.5233383310868502 neg 0.46917215421906944 __DUMMY__ 0.007489514694080381	false	0.5
gewaltsam	neg 1.0		off 0.5195810353585051 neg 0.4729378008944188 __DUMMY__ 0.007481163747076137	false	0.5
unbeliebtheit	neg 1.0		off 0.5182652548520059 neg 0.4743921998173914 __DUMMY__ 0.007342545330602718	false	0.5
sturheit	neg 1.0		off 0.5179891218921148 neg 0.47455032740746017 __DUMMY__ 0.007460550700425103	false	0.5
kuh	neg 1.0		off 0.5190057383382307 neg 0.47355950291854404 __DUMMY__ 0.007434758743225244	false	0.5
erschrecken	neg 1.0		off 0.5248947814584998 neg 0.4676513186971418 __DUMMY__ 0.007453899844358271	false	0.5
opfer	neg 1.0		off 0.5179318213357 neg 0.47455783550450376 __DUMMY__ 0.007510343159796101	false	0.5
sinken	neg 1.0		off 0.5130969905222592 neg 0.4793938554584101 __DUMMY__ 0.0075091540193306505	false	0.5
stinktier	neg 1.0		off 0.5286931127643688 neg 0.4639257025863425 __DUMMY__ 0.007381184649288718	false	0.5
tucke	off 1.0		off 0.5291219937584009 neg 0.46356634657842455 __DUMMY__ 0.00731165966317458	false	1.0
ein			off 0.5218232472302977 neg 0.4706978729841131 __DUMMY__ 0.007478879785589267	false	0.0
abstieg	neg 1.0		off 0.5186296675982405 neg 0.47383014323092637 __DUMMY__ 0.00754018917083323	false	0.5
missverstehen	neg 1.0		off 0.5214266774449232 neg 0.4711400076675709 __DUMMY__ 0.007433314887505804	false	0.5
ergebnislos	neg 1.0		off 0.5155066357165646 neg 0.477000284320794 __DUMMY__ 0.007493079962641252	false	0.5
unter			off 0.5120298967459616 neg 0.4803715797444165 __DUMMY__ 0.007598523509622018	false	0.0
manipulieren	neg 1.0		off 0.5151022517472645 neg 0.47740020862317356 __DUMMY__ 0.007497539629561848	false	0.5
unbewiesen	neg 1.0		off 0.5154838164552717 neg 0.4771224459880052 __DUMMY__ 0.007393737556723008	false	0.5
verschleppen	neg 1.0		off 0.5174820978526427 neg 0.4750284550643348 __DUMMY__ 0.007489447083022547	false	0.5
weib	off 1.0		off 0.5314807586761081 neg 0.4611560481093776 __DUMMY__ 0.007363193214514243	false	1.0
opposition	neg 1.0		off 0.5206655422809684 neg 0.4718948707868765 __DUMMY__ 0.007439586932155048	false	0.5
verkehrswidrig	neg 1.0	neg 1.0	neg 0.7138471455751397 off 0.28256197678901146 __DUMMY__ 0.003590877635848822	false	1.0
inkorrekt	neg 1.0		off 0.5240173140901367 neg 0.4686106598958587 __DUMMY__ 0.0073720260140044645	false	0.5
vermeiden	neg 1.0		off 0.5124798576707235 neg 0.4799649872895252 __DUMMY__ 0.0075551550397513715	false	0.5
abweichung	neg 1.0		off 0.5148226538561587 neg 0.4777060132594469 __DUMMY__ 0.007471332884394417	false	0.5
alkoholisiert	neg 1.0		off 0.5199432976247185 neg 0.47248646064713884 __DUMMY__ 0.007570241728142732	false	0.5
scheiss	off 1.0	off 1.0	off 0.7492322249676068 neg 0.24720198694914888 __DUMMY__ 0.0035657880832443887	false	1.0
herausforderung	neg 1.0	neg 1.0	neg 0.7206290432437681 off 0.2757338348704348 __DUMMY__ 0.003637121885797115	false	1.0
pervers	off 1.0		off 0.5346855969765945 neg 0.4579687815585175 __DUMMY__ 0.007345621464888057	false	1.0
wackelig	neg 1.0		off 0.5207280890551479 neg 0.4717394325063612 __DUMMY__ 0.007532478438491028	false	0.5
verwickeln	neg 1.0		off 0.5213047752415088 neg 0.47126147473520796 __DUMMY__ 0.007433750023283286	false	0.5
vorwand	neg 1.0		off 0.5145815998920591 neg 0.47791211672115347 __DUMMY__ 0.007506283386787349	false	0.5
muschi	off 1.0		off 0.5178171235349167 neg 0.47471423334005 __DUMMY__ 0.007468643125033399	false	1.0
entmutigung	neg 1.0		off 0.5195506127920516 neg 0.47301913047998867 __DUMMY__ 0.007430256727959875	false	0.5
unangemessen	neg 1.0		off 0.5167001430803103 neg 0.4758420066766516 __DUMMY__ 0.007457850243038158	false	0.5
unstetig	neg 1.0		off 0.5218915062780894 neg 0.4706334493935599 __DUMMY__ 0.007475044328350579	false	0.5
entmutigen	neg 1.0		off 0.5209728756969763 neg 0.4715732910405017 __DUMMY__ 0.007453833262522067	false	0.5
schwanz	neg 1.0		off 0.5155654816607665 neg 0.47693623087581777 __DUMMY__ 0.0074982874634157105	false	0.5
verbot	neg 1.0		off 0.5152713447151198 neg 0.4772753766431471 __DUMMY__ 0.007453278641733184	false	0.5
leid	neg 1.0		off 0.5308244496885046 neg 0.46177293731879493 __DUMMY__ 0.007402612992700469	false	0.5
archaisch	neg 1.0		off 0.5179716655183519 neg 0.4745482818753938 __DUMMY__ 0.0074800526062543185	false	0.5
gegen			off 0.5150550591464415 neg 0.47741488915674035 __DUMMY__ 0.007530051696818154	false	0.0
scheidung	neg 1.0		off 0.5382488105205161 neg 0.4544201366101437 __DUMMY__ 0.007331052869340188	false	0.5
einschlag	neg 1.0	neg 1.0	neg 0.7163976973392492 off 0.280047166177986 __DUMMY__ 0.003555136482764823	false	1.0
m			off 0.5188559032780439 neg 0.4736437027540773 __DUMMY__ 0.007500393967878725	false	0.0
abgestanden	neg 1.0		off 0.5226790224898802 neg 0.46982965502520685 __DUMMY__ 0.007491322484913069	false	0.5
schmierig	off 1.0		off 0.5305117698921819 neg 0.4620792458823768 __DUMMY__ 0.007408984225441313	false	1.0
unpraktisch	neg 1.0		off 0.5230713562116347 neg 0.4694353895600853 __DUMMY__ 0.007493254228279932	false	0.5
wixxer	off 1.0		off 0.5334395743757138 neg 0.4592299230305562 __DUMMY__ 0.007330502593730053	false	1.0
bezeichnet			off 0.5188019042503499 neg 0.47373875903775053 __DUMMY__ 0.007459336711899659	false	0.0
jammerlappen	off 1.0		off 0.5246407874327026 neg 0.467926795647823 __DUMMY__ 0.007432416919474476	false	1.0
farce	neg 1.0		off 0.515269518082569 neg 0.47729488259897895 __DUMMY__ 0.007435599318452014	false	0.5
zwecklos	neg 1.0		off 0.5174098064895927 neg 0.4751201911746658 __DUMMY__ 0.007470002335741654	false	0.5
turbulent	neg 1.0		off 0.5236828182174756 neg 0.4689130890939692 __DUMMY__ 0.007404092688555166	false	0.5
invasion	neg 1.0		off 0.5229077165902063 neg 0.46963038448439387 __DUMMY__ 0.007461898925399784	false	0.5
schuld	neg 1.0		off 0.5208825630908331 neg 0.4716548644204732 __DUMMY__ 0.00746257248869367	false	0.5
risiko	neg 1.0		off 0.5210264093935345 neg 0.4714946363822172 __DUMMY__ 0.007478954224248216	false	0.5
finster	neg 1.0		off 0.52224572005672 neg 0.47027530348721786 __DUMMY__ 0.007478976456062092	false	0.5
geisteskrank	off 1.0		off 0.5251804872111131 neg 0.46741613840673385 __DUMMY__ 0.007403374382153091	false	1.0
zusammenbrechen	neg 1.0		off 0.5199062186344012 neg 0.47259525498969396 __DUMMY__ 0.007498526375904796	false	0.5
ausbeute	neg 1.0		off 0.5170173157936848 neg 0.47546227345956976 __DUMMY__ 0.007520410746745501	false	0.5
hinterhalt	neg 1.0		off 0.5184596387765518 neg 0.4740558650625345 __DUMMY__ 0.007484496160913642	false	0.5
kritik	neg 1.0		off 0.5156356770831706 neg 0.47691910666203646 __DUMMY__ 0.0074452162547929985	false	0.5
einschrumpfen	neg 1.0		off 0.5199342348175869 neg 0.47266578495184935 __DUMMY__ 0.007399980230563687	false	0.5
riskant	neg 1.0		off 0.5163146956157058 neg 0.47619575910844303 __DUMMY__ 0.007489545275851132	false	0.5
frustrieren	neg 1.0		off 0.516600057901492 neg 0.47590988459797534 __DUMMY__ 0.0074900575005326896	false	0.5
groll	neg 1.0		off 0.5179426662101047 neg 0.4745721101498257 __DUMMY__ 0.007485223640069527	false	0.5
gibt			off 0.5179786441375991 neg 0.4745453616049521 __DUMMY__ 0.0074759942574487105	false	0.0
qualvoll	neg 1.0		off 0.5251871334589128 neg 0.467338196414292 __DUMMY__ 0.007474670126795363	false	0.5
wackeln	neg 1.0	neg 1.0	neg 0.7186355449189078 off 0.27776047349364696 __DUMMY__ 0.0036039815874452366	false	1.0
klagen	neg 1.0		off 0.5125758555529165 neg 0.4799206294988177 __DUMMY__ 0.0075035149482657135	false	0.5
bankrott	neg 1.0		off 0.5243412570880691 neg 0.46820847693503775 __DUMMY__ 0.00745026597689326	false	0.5
trauern	neg 1.0		off 0.5182591783906971 neg 0.4742208367078261 __DUMMY__ 0.0075199849014767105	false	0.5
ablehnung	neg 1.0		off 0.5156529060222182 neg 0.4769022734066001 __DUMMY__ 0.0074448205711815756	false	0.5
stur	neg 1.0		off 0.5210833997882072 neg 0.4714642871556259 __DUMMY__ 0.007452313056167013	false	0.5
aufruhr	neg 1.0		off 0.519897640108163 neg 0.472614011166771 __DUMMY__ 0.007488348725065919	false	0.5
melancholie	neg 1.0		off 0.5194193910923002 neg 0.4730696983088761 __DUMMY__ 0.007510910598823852	false	0.5
ist			off 0.521812842565233 neg 0.47072951217253733 __DUMMY__ 0.007457645262229753	false	0.0
torheit	neg 1.0		off 0.5193606437291779 neg 0.4731984049780392 __DUMMY__ 0.007440951292782996	false	0.5
dreckskind	off 1.0		off 0.5299271298188412 neg 0.462701185759961 __DUMMY__ 0.0073716844211978655	false	1.0
umtauschen	neg 1.0		off 0.5204468715536789 neg 0.4720711036094603 __DUMMY__ 0.007482024836860774	false	0.5
zum			off 0.5149455623932899 neg 0.47746200740874845 __DUMMY__ 0.007592430197961674	false	0.0
zersetzen	neg 1.0		off 0.5141867368343254 neg 0.4783287052443872 __DUMMY__ 0.007484557921287435	false	0.5
zur			off 0.5116088777173429 neg 0.48083641338718036 __DUMMY__ 0.007554708895476844	false	0.0
frust	neg 1.0		off 0.5193998435878153 neg 0.47310568936591796 __DUMMY__ 0.0074944670462667555	false	0.5
unerbittlichkeit	neg 1.0		off 0.5143768437785975 neg 0.478137795827057 __DUMMY__ 0.00748536039434555	false	0.5
zwei			off 0.5162951643738334 neg 0.4761375142234797 __DUMMY__ 0.0075673214026869915	false	0.0
unkorrekt	neg 1.0		off 0.5240733735278326 neg 0.46856653870549253 __DUMMY__ 0.0073600877666748	false	0.5
hexe	off 1.0		off 0.524312107222388 neg 0.4682775215077594 __DUMMY__ 0.007410371269852667	false	1.0
lasch	neg 1.0		off 0.5213349445120123 neg 0.4712581596004288 __DUMMY__ 0.00740689588755896	false	0.5
rivale	neg 1.0		off 0.5286515821645109 neg 0.46391226185866763 __DUMMY__ 0.00743615597682153	false	0.5
mutlos	off 1.0	off 1.0	off 0.7428616084985687 neg 0.2535618280539885 __DUMMY__ 0.0035765634474427357	false	1.0
wirr	off 1.0		off 0.5250998033830254 neg 0.46753097099058577 __DUMMY__ 0.0073692256263887925	false	1.0
jahr			off 0.5170360775515204 neg 0.4754233743815401 __DUMMY__ 0.007540548066939506	false	0.0
wird			off 0.5172184885510366 neg 0.47528896209345745 __DUMMY__ 0.007492549355506023	false	0.0
strafbar	neg 1.0		off 0.5155049518123042 neg 0.4770201828585329 __DUMMY__ 0.007474865329162946	false	0.5
erosion	neg 1.0		off 0.5220749825543232 neg 0.47043596297486834 __DUMMY__ 0.00748905447080844	false	0.5
eingehen	neg 1.0		off 0.5160046637400021 neg 0.47653214607076594 __DUMMY__ 0.007463190189231957	false	0.5
faul	off 1.0		off 0.525553455693341 neg 0.4669850655528108 __DUMMY__ 0.007461478753848187	false	1.0
provisorium	neg 1.0		off 0.5108060989024897 neg 0.4816105280744896 __DUMMY__ 0.007583373023020685	false	0.5
schmerzen	neg 1.0		off 0.5210087181546114 neg 0.47150881132222494 __DUMMY__ 0.007482470523163777	false	0.5
schrumpfen	neg 1.0		off 0.5102142186308073 neg 0.48226360950622227 __DUMMY__ 0.007522171862970369	false	0.5
geistlos	off 1.0		off 0.5189393880628534 neg 0.47366768903966094 __DUMMY__ 0.007392922897485489	false	1.0
fehlkauf	neg 1.0		off 0.5213222356337334 neg 0.4712268676320726 __DUMMY__ 0.007450896734194055	false	0.5
frustrierend	neg 1.0		off 0.5249520439520057 neg 0.4675889045191758 __DUMMY__ 0.007459051528818631	false	0.5
unzufrieden	neg 1.0		off 0.517003121417569 neg 0.4755299147497688 __DUMMY__ 0.007466963832662147	false	0.5
verzweifeln	neg 1.0		off 0.5200051455221386 neg 0.47251594741859565 __DUMMY__ 0.007478907059265802	false	0.5
verzweifelt	neg 1.0		off 0.5214972009846883 neg 0.4710457747726917 __DUMMY__ 0.007457024242619953	false	0.5
misstrauensantrag	neg 1.0		off 0.5219602895109884 neg 0.4705930143919823 __DUMMY__ 0.0074466960970292415	false	0.5
abfallen	neg 1.0		off 0.5234355691779636 neg 0.46907120136231695 __DUMMY__ 0.007493229459719568	false	0.5
fucker	off 1.0		off 0.525748284043251 neg 0.4668468760442651 __DUMMY__ 0.007404839912483697	false	1.0
ungezogen	neg 1.0		off 0.5337055033610175 neg 0.45892798806402807 __DUMMY__ 0.007366508574954403	false	0.5
irrsinnig	neg 1.0	neg 1.0	neg 0.7204503730189177 off 0.27598058876044385 __DUMMY__ 0.003569038220638556	false	1.0
unfassbar	neg 1.0		off 0.5246230196931988 neg 0.467961113458405 __DUMMY__ 0.007415866848396187	false	0.5
hart	neg 1.0		off 0.5234537328584582 neg 0.46910382723141864 __DUMMY__ 0.007442439910123235	false	0.5
widerlich	off 1.0		off 0.524961415073122 neg 0.4676377585952874 __DUMMY__ 0.00740082633159064	false	1.0
fatal	neg 1.0		off 0.5217257696526109 neg 0.4708222350619959 __DUMMY__ 0.007451995285393357	false	0.5
bruch	neg 1.0		off 0.5136405154786593 neg 0.4788448860643398 __DUMMY__ 0.00751459845700084	false	0.5
aushungern	neg 1.0		off 0.5172784949291718 neg 0.4752703544286092 __DUMMY__ 0.007451150642219024	false	0.5
anspannung	neg 1.0	neg 1.0	neg 0.7221971205885249 off 0.2741422480366671 __DUMMY__ 0.003660631374808068	false	1.0
von			off 0.5161670881722709 neg 0.4762918527071673 __DUMMY__ 0.007541059120561863	false	0.0
kraftlos	neg 1.0		off 0.5209249669107905 neg 0.4715473156907791 __DUMMY__ 0.007527717398430258	false	0.5
vom			off 0.5128315104352562 neg 0.47956637823845233 __DUMMY__ 0.007602111326291448	false	0.0
grenzdebil	off 1.0		off 0.5264304864888038 neg 0.46614690056016633 __DUMMY__ 0.007422612951030076	false	1.0
vor			off 0.5160171003136161 neg 0.47645360801690523 __DUMMY__ 0.007529291669478748	false	0.0
unterwerfen	neg 1.0		off 0.5161610010368148 neg 0.4763504440608028 __DUMMY__ 0.007488554902382454	false	0.5
versenkung	neg 1.0		off 0.5163175546825819 neg 0.4761848148854479 __DUMMY__ 0.007497630431970241	false	0.5
entziehen	neg 1.0		off 0.5139008877932539 neg 0.47858824731347505 __DUMMY__ 0.007510864893271037	false	0.5
finanzkrise	neg 1.0		off 0.5170471500812476 neg 0.4755102142321153 __DUMMY__ 0.007442635686637101	false	0.5
schimpfend	neg 1.0		off 0.5236276842481343 neg 0.46887252867204704 __DUMMY__ 0.007499787079818602	false	0.5
profan	neg 1.0		off 0.5228435764042247 neg 0.46970826594322335 __DUMMY__ 0.0074481576525519955	false	0.5
korruption	neg 1.0		off 0.5150047887461087 neg 0.4775455530324496 __DUMMY__ 0.007449658221441724	false	0.5
â			off 0.5174815292767669 neg 0.4750175651889909 __DUMMY__ 0.007500905534242107	false	0.0
schmutzig	neg 1.0		off 0.5270742806596947 neg 0.4654809044811863 __DUMMY__ 0.007444814859119108	false	0.5
sexy	neg 1.0		off 0.5236548650154762 neg 0.4688954126105333 __DUMMY__ 0.007449722373990529	false	0.5
abraten	neg 1.0		off 0.5216844769488381 neg 0.47086420981621546 __DUMMY__ 0.007451313234946421	false	0.5
schwarz	neg 1.0		off 0.520841420206407 neg 0.47170842308633965 __DUMMY__ 0.00745015670725333	false	0.5
fotze	off 1.0		off 0.5157300074515965 neg 0.476789397637556 __DUMMY__ 0.007480594910847441	false	1.0
verwirren	neg 1.0		off 0.5229619763166097 neg 0.46959174986939173 __DUMMY__ 0.0074462738139986296	false	0.5
zahnlos	off 1.0		off 0.516898075673041 neg 0.47563723695064114 __DUMMY__ 0.007464687376317891	false	1.0
verheeren	neg 1.0		off 0.5355456611418911 neg 0.4570761503083304 __DUMMY__ 0.007378188549778489	false	0.5
hippie	neg 1.0		off 0.5227498504133474 neg 0.46980383600326925 __DUMMY__ 0.007446313583383191	false	0.5
rammen	neg 1.0		off 0.522087355448206 neg 0.47043470175366753 __DUMMY__ 0.007477942798126465	false	0.5
unlauter	neg 1.0		off 0.5161983914089896 neg 0.4764072109227384 __DUMMY__ 0.007394397668271938	false	0.5
unheilvoll	neg 1.0		off 0.524363640094821 neg 0.4681519444483892 __DUMMY__ 0.007484415456789916	false	0.5
niedrig	neg 1.0		off 0.5172456614056848 neg 0.475232939979626 __DUMMY__ 0.007521398614689228	false	0.5
explosion	neg 1.0		off 0.5220442951567018 neg 0.4705101976644865 __DUMMY__ 0.007445507178811796	false	0.5
weichei	off 1.0		off 0.530373310087286 neg 0.462250264484245 __DUMMY__ 0.007376425428469007	false	1.0
minusmensch	off 1.0		off 0.5300336447979214 neg 0.4626710230044297 __DUMMY__ 0.007295332197648855	false	1.0
farblos	neg 1.0		off 0.5223652010665102 neg 0.47010739681511615 __DUMMY__ 0.007527402118373636	false	0.5
unwissend	neg 1.0	neg 1.0	neg 0.7185273971399501 off 0.2779225140956806 __DUMMY__ 0.0035500887643692804	false	1.0
traurig	neg 1.0		off 0.5283305763729399 neg 0.4642581563817784 __DUMMY__ 0.0074112672452815685	false	0.5
senkung	neg 1.0		off 0.5202340447536623 neg 0.47235695658395854 __DUMMY__ 0.007408998662379172	false	0.5
ungleich	neg 1.0	neg 1.0	neg 0.7236500669339904 off 0.27277058916294933 __DUMMY__ 0.0035793439030603618	false	1.0
heikel	neg 1.0		off 0.5142470936337928 neg 0.47827097810976393 __DUMMY__ 0.007481928256443259	false	0.5
drosselung	neg 1.0		off 0.5260146559862097 neg 0.4665591008415792 __DUMMY__ 0.007426243172211142	false	0.5
falsch	neg 1.0		off 0.5243134034284127 neg 0.46824380707707075 __DUMMY__ 0.007442789494516496	false	0.5
unzufriedenheit	neg 1.0		off 0.5141761840560523 neg 0.47832964744756107 __DUMMY__ 0.007494168496386639	false	0.5
kurz	neg 1.0		off 0.5204537141571894 neg 0.47203646922652764 __DUMMY__ 0.007509816616282914	false	0.5
unsinnig	neg 1.0		off 0.5166004163792687 neg 0.47595133329622 __DUMMY__ 0.007448250324511263	false	0.5
penner	off 1.0	off 1.0	off 0.7523641624552208 neg 0.24411004781420143 __DUMMY__ 0.00352578973057788	false	1.0
seicht	neg 1.0		off 0.5311270690068235 neg 0.4615442969458796 __DUMMY__ 0.007328634047296872	false	0.5
dummheit	off 1.0	off 1.0	off 0.746670298988692 neg 0.2497694536710931 __DUMMY__ 0.0035602473402147707	false	1.0
unerfreulich	neg 1.0		off 0.5149493447276727 neg 0.47753756742925607 __DUMMY__ 0.0075130878430711276	false	0.5
motherfucker	off 1.0	off 1.0	off 0.7486339754409151 neg 0.247823556627059 __DUMMY__ 0.0035424679320258997	false	1.0
pikiert	neg 1.0		off 0.5237488496473943 neg 0.4688462742056599 __DUMMY__ 0.007404876146945784	false	0.5
wrack	neg 1.0		off 0.5175107191101043 neg 0.4749752524404385 __DUMMY__ 0.007514028449457306	false	0.5
gangster	neg 1.0		off 0.5227289939905269 neg 0.4698170712500025 __DUMMY__ 0.007453934759470522	false	0.5
krank	neg 1.0		off 0.5279427110082827 neg 0.4646159903532212 __DUMMY__ 0.007441298638496061	false	0.5
reich	neg 1.0		off 0.5215076779210407 neg 0.47109795201391813 __DUMMY__ 0.007394370065041175	false	0.5
gnadenlos	neg 1.0		off 0.5212310019032623 neg 0.47130085890447015 __DUMMY__ 0.0074681391922673986	false	0.5
niedergeschlagen	neg 1.0		off 0.5210998023607113 neg 0.47138700547977574 __DUMMY__ 0.007513192159512936	false	0.5
terrorisieren	off 1.0	off 1.0	off 0.7443269264605084 neg 0.25207714721757535 __DUMMY__ 0.0035959263219163392	false	1.0
sinnlosigkeit	neg 1.0		off 0.5175362706413056 neg 0.4749919519530703 __DUMMY__ 0.007471777405624166	false	0.5
behindern	neg 1.0		off 0.5185846789452497 neg 0.4739530464773235 __DUMMY__ 0.007462274577426883	false	0.5
undemokratisch	neg 1.0		off 0.5179735270627719 neg 0.4746073040872229 __DUMMY__ 0.007419168850005214	false	0.5
wirtschaftskrise	neg 1.0		off 0.5154468354173037 neg 0.4770858705078778 __DUMMY__ 0.007467294074818388	false	0.5
neid	neg 1.0		off 0.5267756032771927 neg 0.4657549907091772 __DUMMY__ 0.0074694060136299735	false	0.5
rutschen	neg 1.0		off 0.5168445559988423 neg 0.47557857858133823 __DUMMY__ 0.007576865419819516	false	0.5
rezession	neg 1.0		off 0.527192830825135 neg 0.46543185855663355 __DUMMY__ 0.007375310618231433	false	0.5
fehlgeburt	neg 1.0		off 0.5243866915497566 neg 0.4681235492989979 __DUMMY__ 0.007489759151245411	false	0.5
charakterschwach	off 1.0		off 0.5255224254224841 neg 0.467059603449995 __DUMMY__ 0.007417971127520936	false	1.0
isolation	neg 1.0		off 0.5246238067608565 neg 0.4679218441650675 __DUMMY__ 0.007454349074075927	false	0.5
ablenkung	neg 1.0		off 0.520830131491415 neg 0.47169625939097115 __DUMMY__ 0.007473609117613879	false	0.5
pech	neg 1.0		off 0.5247274719650774 neg 0.4678184876135362 __DUMMY__ 0.00745404042138645	false	0.5
vermeidung	neg 1.0		off 0.5246879366341819 neg 0.4679132225128264 __DUMMY__ 0.007398840852991798	false	0.5
dominieren	neg 1.0		off 0.5188972760655427 neg 0.4735780305076212 __DUMMY__ 0.007524693426835972	false	0.5
schwindlig	neg 1.0		off 0.5261475242776861 neg 0.46634472514658837 __DUMMY__ 0.007507750575725542	false	0.5
lutscher	neg 1.0		off 0.5322710517043813 neg 0.4603974286259008 __DUMMY__ 0.007331519669718179	false	0.5
pflicht	neg 1.0		off 0.514261143652861 neg 0.47825237926011005 __DUMMY__ 0.007486477087028868	false	0.5
faschist	off 1.0		off 0.5200318837571046 neg 0.4725637257240066 __DUMMY__ 0.0074043905188887656	false	1.0
verschleudern	neg 1.0		off 0.5122845636109042 neg 0.4802828398951303 __DUMMY__ 0.007432596493965299	false	0.5
wenn			off 0.5244377018007575 neg 0.468122223955075 __DUMMY__ 0.007440074244167319	false	0.0
ehebruch	neg 1.0		off 0.5166012611109821 neg 0.47591565121079643 __DUMMY__ 0.0074830876782214515	false	0.5
spott	off 1.0		off 0.5149445412048098 neg 0.47758656102172264 __DUMMY__ 0.007468897773467704	false	1.0
trostlosigkeit	neg 1.0		off 0.5145312426101843 neg 0.47795478545631925 __DUMMY__ 0.007513971933496388	false	0.5
lutschen	neg 1.0		off 0.5216949387949592 neg 0.47086725466106005 __DUMMY__ 0.007437806543980694	false	0.5
undiszipliniert	neg 1.0		off 0.5280839944883431 neg 0.46449081247474944 __DUMMY__ 0.007425193036907438	false	0.5
kopfschmerz	neg 1.0		off 0.5211737815672122 neg 0.47131198815675435 __DUMMY__ 0.0075142302760335886	false	0.5
unvorhergesehen	neg 1.0		off 0.519684676274798 neg 0.47277307997322227 __DUMMY__ 0.007542243751979765	false	0.5
desinteressiert	neg 1.0		off 0.5264605794371 neg 0.4661363151361179 __DUMMY__ 0.007403105426782151	false	0.5
armselig	off 1.0		off 0.5260088196701987 neg 0.4666159886041263 __DUMMY__ 0.0073751917256748185	false	1.0
desaster	neg 1.0		off 0.5117761506768352 neg 0.4807258468823755 __DUMMY__ 0.007498002440789383	false	0.5
tod	neg 1.0		off 0.5189992336178478 neg 0.47348054984531385 __DUMMY__ 0.007520216536838451	false	0.5
herzlos	neg 1.0		off 0.5278061086622367 neg 0.4648013644159802 __DUMMY__ 0.007392526921783113	false	0.5
unwissenheit	neg 1.0		off 0.5156358418061784 neg 0.4769174879199541 __DUMMY__ 0.007446670273867619	false	0.5
widersinnig	neg 1.0	neg 1.0	neg 0.7237673561534722 off 0.27268076704202315 __DUMMY__ 0.0035518768045046238	false	1.0
bedenklich	neg 1.0		off 0.5156305680901454 neg 0.47689644307368645 __DUMMY__ 0.00747298883616811	false	0.5
beanstanden	neg 1.0		off 0.5137772419466272 neg 0.47873058417455167 __DUMMY__ 0.007492173878821306	false	0.5
panisch	neg 1.0	neg 1.0	neg 0.7171278419044357 off 0.2792687362334235 __DUMMY__ 0.0036034218621407753	false	1.0
debil	off 1.0		off 0.5104578756919509 neg 0.48199856014587955 __DUMMY__ 0.007543564162169497	false	1.0
abstrich	neg 1.0		off 0.5160457451867432 neg 0.4764909620650813 __DUMMY__ 0.007463292748175481	false	0.5
primitiv	neg 1.0		off 0.5255678478542697 neg 0.46703053742721173 __DUMMY__ 0.00740161471851861	false	0.5
abschaum	off 1.0	off 1.0	off 0.7478318499472103 neg 0.24861401611749107 __DUMMY__ 0.0035541339352986425	false	1.0
provozieren	neg 1.0		off 0.5201366234603675 neg 0.47240942774934586 __DUMMY__ 0.007453948790286546	false	0.5
tot	neg 1.0		off 0.5146922212308161 neg 0.47784517163566714 __DUMMY__ 0.007462607133516843	false	0.5
instabil	neg 1.0		off 0.5229110947059395 neg 0.46972752791625044 __DUMMY__ 0.0073613773778099315	false	0.5
schwuchtel	off 1.0		off 0.536543437655092 neg 0.4561538797958107 __DUMMY__ 0.007302682549097148	false	1.0
zerren	neg 1.0		off 0.5211105405157967 neg 0.47137666396777045 __DUMMY__ 0.007512795516432776	false	0.5
kinderficker	off 1.0		off 0.5272573711562669 neg 0.46540029028424945 __DUMMY__ 0.0073423385594835406	false	1.0
gefahr	neg 1.0		off 0.5154959545094092 neg 0.47699141515974847 __DUMMY__ 0.0075126303308424396	false	0.5
rabiat	neg 1.0		off 0.5195945182813096 neg 0.4729466440251833 __DUMMY__ 0.007458837693506917	false	0.5
verlangsamung	neg 1.0		off 0.5314338212382347 neg 0.46119581745051086 __DUMMY__ 0.007370361311254531	false	0.5
ausgestorben	neg 1.0		off 0.5208158548407532 neg 0.4716911723462782 __DUMMY__ 0.007492972812968407	false	0.5
anklagen	neg 1.0		off 0.5177607334348114 neg 0.4747692097468313 __DUMMY__ 0.007470056818357251	false	0.5
trott	neg 1.0		off 0.5199984776182951 neg 0.4725198860020488 __DUMMY__ 0.00748163637965612	false	0.5
verminderung	neg 1.0		off 0.5251903545718243 neg 0.46741974595916735 __DUMMY__ 0.007389899469008456	false	0.5
nach			off 0.5164961359738782 neg 0.47589546818462514 __DUMMY__ 0.007608395841496472	false	0.0
rost	neg 1.0		off 0.5307787874943601 neg 0.4618349210321047 __DUMMY__ 0.007386291473535072	false	0.5
destruktiv	neg 1.0		off 0.5171599901112499 neg 0.4754092694728327 __DUMMY__ 0.007430740415917466	false	0.5
unzumutbarkeit	neg 1.0		off 0.5248865335817482 neg 0.4676732340057033 __DUMMY__ 0.007440232412548506	false	0.5
labil	off 1.0	off 1.0	off 0.7478022442176543 neg 0.2486426275800046 __DUMMY__ 0.0035551282023411884	false	1.0
ziemlich	neg 1.0		off 0.5264812335786411 neg 0.4660821399589678 __DUMMY__ 0.007436626462391132	false	0.5
lachnummer	off 1.0		off 0.5183647165303842 neg 0.4741882672777105 __DUMMY__ 0.007447016191905356	false	1.0
oder			off 0.5214549491527253 neg 0.47106154349832585 __DUMMY__ 0.00748350734894876	false	0.0
verfall	neg 1.0		off 0.5105586136955699 neg 0.48191387246734285 __DUMMY__ 0.007527513837087397	false	0.5
ausgrenzung	neg 1.0		off 0.5194173178395245 neg 0.4731568567471202 __DUMMY__ 0.007425825413355297	false	0.5
unordnung	neg 1.0		off 0.5255866725114932 neg 0.4669799430070171 __DUMMY__ 0.0074333844814897165	false	0.5
fehlverhalten	neg 1.0		off 0.5145811424245952 neg 0.47793421098405553 __DUMMY__ 0.007484646591349199	false	0.5
eine			off 0.5151794354926045 neg 0.4773132385598319 __DUMMY__ 0.007507325947563727	false	0.0
nille	neg 1.0		off 0.5186758822037386 neg 0.4738507849730834 __DUMMY__ 0.007473332823177988	false	0.5
qual	neg 1.0		off 0.5196821503156821 neg 0.47283704785624875 __DUMMY__ 0.007480801828069195	false	0.5
verschwenden	neg 1.0		off 0.5166921719570451 neg 0.47582926505699585 __DUMMY__ 0.007478562985959053	false	0.5
riesig	neg 1.0	neg 1.0	neg 0.7209685752484959 off 0.27541857165864125 __DUMMY__ 0.003612853092862948	false	1.0
verurteilen	neg 1.0		off 0.5172362840726729 neg 0.47529130096737204 __DUMMY__ 0.007472414959955049	false	0.5
klischee	neg 1.0	neg 1.0	neg 0.7196370554421129 off 0.2768112222669955 __DUMMY__ 0.0035517222908915402	false	1.0
diktatorisch	neg 1.0		off 0.5180059803868683 neg 0.4745866703910441 __DUMMY__ 0.00740734922208768	false	0.5
vorhersehbar	neg 1.0	neg 1.0	neg 0.7195593485309 off 0.2768795174451356 __DUMMY__ 0.003561134023964497	false	1.0
sowie			off 0.5291514769306073 neg 0.4634756631542056 __DUMMY__ 0.007372859915187149	false	0.0
stornieren	neg 1.0		off 0.5237349645924753 neg 0.46875377153027376 __DUMMY__ 0.007511263877251007	false	0.5
besteuerung	neg 1.0		off 0.5177487911971085 neg 0.47483532946661244 __DUMMY__ 0.0074158793362789485	false	0.5
ungeschminkt	neg 1.0		off 0.5252673173908702 neg 0.467322860889646 __DUMMY__ 0.00740982171948393	false	0.5
kritisch	neg 1.0		off 0.5151267894748361 neg 0.47740311756558784 __DUMMY__ 0.00747009295957599	false	0.5
schlamperei	off 1.0		off 0.5136670973714336 neg 0.47886361559992124 __DUMMY__ 0.007469287028645207	false	1.0
sucht	neg 1.0	neg 1.0	neg 0.7197785297098767 off 0.27662733595660205 __DUMMY__ 0.0035941343335213704	false	1.0
egoistisch	off 1.0		off 0.5305998888298179 neg 0.46201632234332707 __DUMMY__ 0.007383788826854867	false	1.0
ausbeuter	off 1.0		off 0.5133943669760133 neg 0.4791376540693925 __DUMMY__ 0.007467978954594088	false	1.0
arschgeburt	off 1.0		off 0.5361022530752018 neg 0.4566043384817398 __DUMMY__ 0.007293408443058337	false	1.0
schubs	neg 1.0	neg 1.0	neg 0.7201736091163294 off 0.2762149454153883 __DUMMY__ 0.0036114454682821457	false	1.0
unsolide	neg 1.0		off 0.5161614656352803 neg 0.47647381096005165 __DUMMY__ 0.007364723404668043	false	0.5
beschwerde	neg 1.0		off 0.5142338786611277 neg 0.4782928409693551 __DUMMY__ 0.007473280369517204	false	0.5
stocken	neg 1.0		off 0.5165710186357652 neg 0.47593116298101246 __DUMMY__ 0.007497818383222409	false	0.5
isolieren	neg 1.0		off 0.5172129530317112 neg 0.4753048358002235 __DUMMY__ 0.007482211168065253	false	0.5
unheilbar	neg 1.0		off 0.522818509105115 neg 0.4696804868831125 __DUMMY__ 0.007501004011772339	false	0.5
pisser	off 1.0		off 0.5273036359759141 neg 0.46527386421566314 __DUMMY__ 0.007422499808422788	false	1.0
löschen	neg 1.0		off 0.5201888387716507 neg 0.47233680910215614 __DUMMY__ 0.00747435212619313	false	0.5
durchfallen	neg 1.0		off 0.5160648393618201 neg 0.4764803358490871 __DUMMY__ 0.007454824789092889	false	0.5
wichser	off 1.0		off 0.5349909302414317 neg 0.45765984489656525 __DUMMY__ 0.007349224862003032	false	1.0
terror	neg 1.0		off 0.523896683609008 neg 0.4686336200130141 __DUMMY__ 0.007469696377977897	false	0.5
krass	neg 1.0		off 0.5284104743345911 neg 0.46419983268380904 __DUMMY__ 0.007389692981599869	false	0.5
revolte	neg 1.0		off 0.5201871753454602 neg 0.47238846136397233 __DUMMY__ 0.007424363290567524	false	0.5
besorgt	neg 1.0		off 0.5206289250313725 neg 0.47184792288365396 __DUMMY__ 0.007523152084973458	false	0.5
nachlassen	neg 1.0		off 0.5165462134081947 neg 0.47595050155395674 __DUMMY__ 0.0075032850378487104	false	0.5
alt	neg 1.0		off 0.5177361443186047 neg 0.4747667487435887 __DUMMY__ 0.0074971069378066005	false	0.5
hundesohn	off 1.0		off 0.5315966809196917 neg 0.46107086163097 __DUMMY__ 0.007332457449338419	false	1.0
als			off 0.5195195992443756 neg 0.4729794295269338 __DUMMY__ 0.007500971228690796	false	0.0
abschreckung	neg 1.0		off 0.5141479228023363 neg 0.478342895262327 __DUMMY__ 0.007509181935336684	false	0.5
unqualifiziert	neg 1.0		off 0.5196738532449532 neg 0.4729381986090109 __DUMMY__ 0.007387948146036083	false	0.5
abgewichst	off 1.0		off 0.5183821809318724 neg 0.47413600281379736 __DUMMY__ 0.007481816254330171	false	1.0
schwer	neg 1.0		off 0.5207290274269556 neg 0.4717899132903214 __DUMMY__ 0.007481059282722915	false	0.5
bedeutungslosigkeit	neg 1.0		off 0.5144415242518098 neg 0.47806449370327614 __DUMMY__ 0.007493982044913978	false	0.5
kapitulation	neg 1.0		off 0.514173219991222 neg 0.4783689103545661 __DUMMY__ 0.007457869654211765	false	0.5
unscharf	neg 1.0		off 0.5220442618252523 neg 0.4705133501305862 __DUMMY__ 0.007442388044161468	false	0.5
schwinden	neg 1.0		off 0.5150463690110026 neg 0.477448870507962 __DUMMY__ 0.007504760481035284	false	0.5
versklavung	neg 1.0		off 0.5182334425557649 neg 0.4743484127982483 __DUMMY__ 0.007418144645986939	false	0.5
schlecht	neg 1.0		off 0.5268256705401863 neg 0.46573373865050116 __DUMMY__ 0.0074405908093125445	false	0.5
verhasst	neg 1.0		off 0.5206100994651115 neg 0.4719367304340298 __DUMMY__ 0.007453170100858682	false	0.5
beschweren	neg 1.0		off 0.5219998317738415 neg 0.4705430842292592 __DUMMY__ 0.007457083996899333	false	0.5
scheiden	neg 1.0		off 0.5229820790002055 neg 0.4695104870103871 __DUMMY__ 0.0075074339894073885	false	0.5
frustriert	neg 1.0		off 0.5193534646910702 neg 0.47316373878577955 __DUMMY__ 0.007482796523150095	false	0.5
schimmelig	neg 1.0		off 0.517686222786516 neg 0.474803608214373 __DUMMY__ 0.007510168999110963	false	0.5
fisch	neg 1.0		off 0.5172491272134935 neg 0.475217718951715 __DUMMY__ 0.007533153834791476	false	0.5
schmuggel	neg 1.0		off 0.5178612617751727 neg 0.47459058118897113 __DUMMY__ 0.007548157035856216	false	0.5
auffallen	neg 1.0		off 0.5227598740596179 neg 0.46978616885577174 __DUMMY__ 0.0074539570846104755	false	0.5
konkurrenz	neg 1.0	neg 1.0	neg 0.7237522559087106 off 0.27264262003083584 __DUMMY__ 0.003605124060453518	false	1.0
teufelskreis	neg 1.0		off 0.5197462557237263 neg 0.4727764673925013 __DUMMY__ 0.00747727688377239	false	0.5
aufschreien	neg 1.0		off 0.5217600974860584 neg 0.47079967491875124 __DUMMY__ 0.007440227595190337	false	0.5
schuldner	neg 1.0		off 0.5148724860472857 neg 0.4776299915782604 __DUMMY__ 0.007497522374453766	false	0.5
missgeburt	off 1.0	off 1.0	off 0.7508295668436599 neg 0.24563940922475977 __DUMMY__ 0.0035310239315802803	false	1.0
arbeitslos	neg 1.0		off 0.5165695653334982 neg 0.475972494943827 __DUMMY__ 0.007457939722674821	false	0.5
befallen	neg 1.0		off 0.5186447940572776 neg 0.47387512952992844 __DUMMY__ 0.007480076412793822	false	0.5
miesepetrig	off 1.0	off 1.0	off 0.7494965142737675 neg 0.2469367959679101 __DUMMY__ 0.0035666897583223546	false	1.0
alarmieren	neg 1.0		off 0.5231127954268703 neg 0.46946894415592216 __DUMMY__ 0.007418260417207559	false	0.5
ungeduscht	off 1.0		off 0.5247604401885745 neg 0.46778169277242854 __DUMMY__ 0.007457867038996854	false	1.0
knappheit	neg 1.0		off 0.5143578823784748 neg 0.47818442948536094 __DUMMY__ 0.0074576881361642896	false	0.5
schlange	neg 1.0		off 0.524208424315301 neg 0.4682971785448228 __DUMMY__ 0.007494397139876123	false	0.5
harsch	neg 1.0		off 0.5307388497867495 neg 0.46184353002003825 __DUMMY__ 0.007417620193212349	false	0.5
lang	neg 1.0		off 0.5209209585666107 neg 0.4716024863032035 __DUMMY__ 0.007476555130185743	false	0.5
ziellos	neg 1.0		off 0.5197135101387056 neg 0.47276893347712956 __DUMMY__ 0.00751755638416483	false	0.5
selbstverliebt	neg 1.0		off 0.5338524328356189 neg 0.45883638938793503 __DUMMY__ 0.007311177776446064	false	0.5
beseitigen	neg 1.0		off 0.5189142636201866 neg 0.4736138393875996 __DUMMY__ 0.007471896992213783	false	0.5
dumm	off 1.0		off 0.530554999480811 neg 0.4620839084212056 __DUMMY__ 0.00736109209798335	false	1.0
arbeitsloser	neg 1.0		off 0.517275261812039 neg 0.4752353487681576 __DUMMY__ 0.007489389419803494	false	0.5
blitzen	neg 1.0		off 0.5232845882315976 neg 0.4692645170211571 __DUMMY__ 0.007450894747245181	false	0.5
hilflos	neg 1.0		off 0.5194292300192608 neg 0.4730772922609928 __DUMMY__ 0.007493477719746415	false	0.5
eklig	off 1.0		off 0.5322790249495244 neg 0.46034758833671013 __DUMMY__ 0.007373386713765319	false	1.0
begriff			off 0.5176467117698412 neg 0.4748968481802775 __DUMMY__ 0.007456440049881238	false	0.0
hungersnot	neg 1.0		off 0.5191721980506543 neg 0.4733334829300969 __DUMMY__ 0.007494319019248726	false	0.5
ungesetzlich	neg 1.0		off 0.5172660241916762 neg 0.4753535962231822 __DUMMY__ 0.007380379585141462	false	0.5
verschwendung	neg 1.0		off 0.5159312826242828 neg 0.47657383170919915 __DUMMY__ 0.007494885666518149	false	0.5
schmerzvoll	neg 1.0		off 0.5224674935609948 neg 0.47006728185447355 __DUMMY__ 0.007465224584531667	false	0.5
vorzeitig	neg 1.0		off 0.524820870237548 neg 0.46770424681096645 __DUMMY__ 0.007474882951485483	false	0.5
unvollkommenheit	neg 1.0		off 0.5217012187847959 neg 0.4707516246239584 __DUMMY__ 0.007547156591245756	false	0.5
intervenieren	neg 1.0		off 0.5134874075966763 neg 0.47904950485686976 __DUMMY__ 0.007463087546454023	false	0.5
banause	off 1.0		off 0.5325484215482833 neg 0.46011910984186066 __DUMMY__ 0.007332468609856034	false	1.0
rebell	neg 1.0		off 0.5127617054029243 neg 0.4797228039907285 __DUMMY__ 0.00751549060634705	false	0.5
unlogisch	neg 1.0		off 0.5275843670472119 neg 0.46501995351024183 __DUMMY__ 0.00739567944254617	false	0.5
leiden	neg 1.0		off 0.5194301751894879 neg 0.47300892812420076 __DUMMY__ 0.007560896686311367	false	0.5
abschaffung	neg 1.0		off 0.5176795118742201 neg 0.4749001354042212 __DUMMY__ 0.007420352721558673	false	0.5
sturz	neg 1.0		off 0.5214537487700759 neg 0.471053977789789 __DUMMY__ 0.007492273440134982	false	0.5
verkleinerung	neg 1.0		off 0.5198000576288121 neg 0.47280307533157145 __DUMMY__ 0.007396867039616414	false	0.5
schmarotzer	off 1.0		off 0.5158376173772441 neg 0.4767134630241371 __DUMMY__ 0.007448919598618725	false	1.0
bestrafung	neg 1.0		off 0.5211716742001057 neg 0.4713729667300848 __DUMMY__ 0.007455359069809619	false	0.5
achtlos	neg 1.0		off 0.521541843730535 neg 0.47096291578176697 __DUMMY__ 0.007495240487698038	false	0.5
ungeheuer	neg 1.0		off 0.5234395922933123 neg 0.46910825546846724 __DUMMY__ 0.007452152238220371	false	0.5
