unsolidarisch	neg 1.0		off 0.4821645299092937 neg 0.4470035790164819 __DUMMY__ 0.07083189107422448	false	0.5
nachteilig	neg 1.0		off 0.48165269423871143 neg 0.44669787241922987 __DUMMY__ 0.07164943334205875	false	0.5
skeptisch	neg 1.0		off 0.48105319527401397 neg 0.44721713317972006 __DUMMY__ 0.07172967154626597	false	0.5
schrecklich	neg 1.0		off 0.4958389227659778 neg 0.4332918019570493 __DUMMY__ 0.07086927527697298	false	0.5
schlapp	neg 1.0		off 0.49264215139671397 neg 0.43600851875747615 __DUMMY__ 0.07134932984581004	false	0.5
abfall	neg 1.0		off 0.47957991329755933 neg 0.44835226170535675 __DUMMY__ 0.07206782499708407	false	0.5
widerspenstig	neg 1.0		off 0.48729575892094257 neg 0.441098516262529 __DUMMY__ 0.07160572481652845	false	0.5
abrupt	neg 1.0		off 0.483767254122611 neg 0.44419550765826127 __DUMMY__ 0.07203723821912766	false	0.5
unwirksam	neg 1.0		off 0.48321310918096505 neg 0.4458022865122629 __DUMMY__ 0.07098460430677205	false	0.5
angreifen	neg 1.0	neg 1.0	neg 0.7084229956041079 off 0.25707750763152615 __DUMMY__ 0.03449949676436599	false	1.0
inkonsistent	neg 1.0		off 0.4871561157675161 neg 0.44143571321202757 __DUMMY__ 0.07140817102045625	false	0.5
abrutschen	neg 1.0		off 0.47988420033783286 neg 0.44806947886594534 __DUMMY__ 0.07204632079622168	false	0.5
unsicher	neg 1.0		off 0.4876263061715519 neg 0.4406977598539893 __DUMMY__ 0.07167593397445891	false	0.5
bauernkind	off 1.0	off 1.0	off 0.7334845666379187 neg 0.23268048425593993 __DUMMY__ 0.0338349491061414	false	1.0
angreifer	neg 1.0		off 0.48918563757257894 neg 0.4391473246166994 __DUMMY__ 0.07166703781072169	false	0.5
trennen	neg 1.0		off 0.4850446253397675 neg 0.44274581118711787 __DUMMY__ 0.07220956347311458	false	0.5
schmutz	neg 1.0		off 0.49332899960991056 neg 0.434415942371125 __DUMMY__ 0.07225505801896441	false	0.5
inkonsistenz	neg 1.0		off 0.4879743878625061 neg 0.4412240067253187 __DUMMY__ 0.07080160541217533	false	0.5
erschreckend	neg 1.0		off 0.4848298330711743 neg 0.44369756196360755 __DUMMY__ 0.07147260496521823	false	0.5
ertrinken	neg 1.0		off 0.48531512579719266 neg 0.442601396974512 __DUMMY__ 0.07208347722829528	false	0.5
pickelface	off 1.0		off 0.4839642450428263 neg 0.4444988671264183 __DUMMY__ 0.07153688783075537	false	1.0
seiner			off 0.4830997515177169 neg 0.4449301666610234 __DUMMY__ 0.07197008182125961	false	0.0
lauch	neg 1.0		off 0.4781738927892062 neg 0.4500821511488207 __DUMMY__ 0.07174395606197326	false	0.5
unwichtig	neg 1.0		off 0.4907698634859141 neg 0.4381110252989278 __DUMMY__ 0.07111911121515806	false	0.5
steuerhinterziehung	neg 1.0		off 0.48289176145289736 neg 0.445792915779646 __DUMMY__ 0.07131532276745668	false	0.5
schock	neg 1.0		off 0.4883190186894356 neg 0.4396826408341532 __DUMMY__ 0.07199834047641103	false	0.5
beule	neg 1.0		off 0.49336764482974454 neg 0.43523652546051317 __DUMMY__ 0.07139582970974213	false	0.5
vergelten	neg 1.0		off 0.496793268617598 neg 0.4318403367386928 __DUMMY__ 0.0713663946437091	false	0.5
verdorbenheit	neg 1.0		off 0.4864082674124663 neg 0.4419915759279516 __DUMMY__ 0.07160015665958223	false	0.5
trauma	neg 1.0		off 0.48757335992885226 neg 0.44095759573751214 __DUMMY__ 0.07146904433363563	false	0.5
sinnlos	neg 1.0		off 0.48971417180841537 neg 0.4387773431451527 __DUMMY__ 0.07150848504643185	false	0.5
fettsack	off 1.0	off 1.0	off 0.7353794323574165 neg 0.2306682290104734 __DUMMY__ 0.03395233863211006	false	1.0
feige	off 1.0	off 1.0	off 0.7319549604883605 neg 0.23398081910014382 __DUMMY__ 0.03406422041149575	false	1.0
abdanken	neg 1.0		off 0.4843854964461147 neg 0.44424358657032004 __DUMMY__ 0.07137091698356524	false	0.5
wichtigtuer	off 1.0	off 1.0	off 0.7305033206606482 neg 0.23530545623237173 __DUMMY__ 0.03419122310698019	false	1.0
misslingen	neg 1.0		off 0.49082674124592335 neg 0.43714993829069476 __DUMMY__ 0.07202332046338189	false	0.5
untreu	off 1.0		off 0.4921641774082188 neg 0.43676950968297634 __DUMMY__ 0.07106631290880493	false	1.0
missmutig	neg 1.0		off 0.49186593168504117 neg 0.43685724104257506 __DUMMY__ 0.07127682727238391	false	0.5
hurenbock	off 1.0		off 0.48861181807311616 neg 0.4398430479428716 __DUMMY__ 0.07154513398401234	false	1.0
betrunken	neg 1.0		off 0.4959321185611374 neg 0.4327161701765699 __DUMMY__ 0.07135171126229278	false	0.5
korrupt	off 1.0		off 0.48072903056529004 neg 0.4481678327627497 __DUMMY__ 0.0711031366719602	false	1.0
unmut	neg 1.0		off 0.478852764281161 neg 0.44922073004856844 __DUMMY__ 0.0719265056702704	false	0.5
hackfresse	off 1.0		off 0.49823169415567103 neg 0.4312852839855284 __DUMMY__ 0.07048302185880052	false	1.0
aufblasen	neg 1.0		off 0.4897317857596475 neg 0.43855545162540477 __DUMMY__ 0.07171276261494777	false	0.5
gewaltsam	neg 1.0		off 0.486051889268693 neg 0.4423135135036721 __DUMMY__ 0.07163459722763489	false	0.5
unbeliebtheit	neg 1.0		off 0.4853584231668907 neg 0.4443247648456198 __DUMMY__ 0.07031681198748962	false	0.5
sturheit	neg 1.0		off 0.48457011590880106 neg 0.4439930976966127 __DUMMY__ 0.07143678639458624	false	0.5
kuh	neg 1.0		off 0.4856698508445091 neg 0.4431356519299915 __DUMMY__ 0.07119449722549935	false	0.5
erschrecken	neg 1.0		off 0.4914355367293272 neg 0.43719088236105924 __DUMMY__ 0.07137358090961352	false	0.5
opfer	neg 1.0		off 0.48429090934302926 neg 0.44379866619024677 __DUMMY__ 0.07191042446672403	false	0.5
sinken	neg 1.0		off 0.47949406294145047 neg 0.44860551585733655 __DUMMY__ 0.07190042120121293	false	0.5
stinktier	neg 1.0		off 0.49552596893905615 neg 0.4337902297145372 __DUMMY__ 0.07068380134640675	false	0.5
tucke	off 1.0		off 0.49625306268834046 neg 0.43372358895609514 __DUMMY__ 0.0700233483555645	false	1.0
ein			off 0.4882730277809797 neg 0.44011416770160355 __DUMMY__ 0.07161280451741683	false	0.0
abstieg	neg 1.0		off 0.48485209256122785 neg 0.44295172966420204 __DUMMY__ 0.07219617777457016	false	0.5
missverstehen	neg 1.0		off 0.4880935297759629 neg 0.4407287152547638 __DUMMY__ 0.07117775496927344	false	0.5
ergebnislos	neg 1.0		off 0.4819602093510215 neg 0.44629268026844193 __DUMMY__ 0.0717471103805366	false	0.5
unter			off 0.4780356978301957 neg 0.449215007226466 __DUMMY__ 0.07274929494333822	false	0.0
manipulieren	neg 1.0		off 0.4815412613805306 neg 0.44666974651706653 __DUMMY__ 0.071788992102403	false	0.5
unbewiesen	neg 1.0		off 0.4823820098191749 neg 0.4468158118156538 __DUMMY__ 0.07080217836517147	false	0.5
verschleppen	neg 1.0		off 0.48394047662711126 neg 0.44434657666618554 __DUMMY__ 0.0717129467067032	false	0.5
weib	off 1.0		off 0.4983719702103258 neg 0.43111549663910526 __DUMMY__ 0.07051253315056899	false	1.0
opposition	neg 1.0		off 0.4873027061062504 neg 0.4414588674254128 __DUMMY__ 0.0712384264683368	false	0.5
verkehrswidrig	neg 1.0	neg 1.0	neg 0.6991192669485111 off 0.26641288609296637 __DUMMY__ 0.03446784695852249	false	1.0
inkorrekt	neg 1.0		off 0.4909388656801948 neg 0.4384649315368458 __DUMMY__ 0.07059620278295937	false	0.5
vermeiden	neg 1.0		off 0.4786743271898348 neg 0.4489882736150495 __DUMMY__ 0.07233739919511559	false	0.5
abweichung	neg 1.0		off 0.4813762995904355 neg 0.4470828315642356 __DUMMY__ 0.07154086884532886	false	0.5
alkoholisiert	neg 1.0		off 0.48600313047356847 neg 0.4415129465784294 __DUMMY__ 0.07248392294800231	false	0.5
scheiss	off 1.0	off 1.0	off 0.7331931128359191 neg 0.23257957975903587 __DUMMY__ 0.03422730740504509	false	1.0
herausforderung	neg 1.0	neg 1.0	neg 0.7056952313582171 off 0.2593950375465101 __DUMMY__ 0.034909731095272706	false	1.0
pervers	off 1.0		off 0.5016300245721151 neg 0.42802460204122705 __DUMMY__ 0.07034537338665794	false	1.0
wackelig	neg 1.0		off 0.48694960494619977 neg 0.44092883930108523 __DUMMY__ 0.07212155575271499	false	0.5
verwickeln	neg 1.0		off 0.4879710387231772 neg 0.4408470793126502 __DUMMY__ 0.0711818819641726	false	0.5
vorwand	neg 1.0		off 0.4809839294872401 neg 0.44714456042610345 __DUMMY__ 0.07187151008665651	false	0.5
muschi	off 1.0		off 0.48435700569135354 neg 0.44412878296247005 __DUMMY__ 0.07151421134617647	false	1.0
entmutigung	neg 1.0		off 0.48625651468116343 neg 0.44259327832183065 __DUMMY__ 0.07115020699700599	false	0.5
unangemessen	neg 1.0		off 0.4833012755116595 neg 0.4452877600726572 __DUMMY__ 0.07141096441568338	false	0.5
unstetig	neg 1.0		off 0.4883611665251397 neg 0.44006068574262497 __DUMMY__ 0.07157814773223524	false	0.5
entmutigen	neg 1.0		off 0.48755040937799854 neg 0.4410761600171763 __DUMMY__ 0.07137343060482522	false	0.5
schwanz	neg 1.0		off 0.48198645435908943 neg 0.44621667785238595 __DUMMY__ 0.07179686778852452	false	0.5
verbot	neg 1.0		off 0.481908600695386 neg 0.4467230356508234 __DUMMY__ 0.07136836365379075	false	0.5
leid	neg 1.0		off 0.49754402348511784 neg 0.43156911604063264 __DUMMY__ 0.07088686047424948	false	0.5
archaisch	neg 1.0		off 0.48445843365041286 neg 0.44391889639070115 __DUMMY__ 0.07162266995888593	false	0.5
gegen			off 0.48135410332213696 neg 0.44654768137545536 __DUMMY__ 0.07209821530240779	false	0.0
scheidung	neg 1.0		off 0.5052415754116893 neg 0.42454947706493945 __DUMMY__ 0.07020894752337131	false	0.5
einschlag	neg 1.0	neg 1.0	neg 0.7018106348445324 off 0.2640640684677073 __DUMMY__ 0.034125296687760265	false	1.0
m			off 0.48524035070483507 neg 0.4429447948391151 __DUMMY__ 0.07181485445604972	false	0.0
abgestanden	neg 1.0		off 0.489059329534261 neg 0.4392084728344812 __DUMMY__ 0.07173219763125786	false	0.5
schmierig	off 1.0		off 0.4972060459586984 neg 0.43184666062273136 __DUMMY__ 0.07094729341857034	false	1.0
unpraktisch	neg 1.0		off 0.48944707121609615 neg 0.43880430741439225 __DUMMY__ 0.07174862136951163	false	0.5
wixxer	off 1.0		off 0.5004598939854933 neg 0.42933847108317197 __DUMMY__ 0.0702016349313347	false	1.0
bezeichnet			off 0.4853771492416803 neg 0.4431977970177799 __DUMMY__ 0.0714250537405398	false	0.0
jammerlappen	off 1.0		off 0.491282270146274 neg 0.43754858269172026 __DUMMY__ 0.07116914716200588	false	1.0
farce	neg 1.0		off 0.48198316629282273 neg 0.446816487914801 __DUMMY__ 0.07120034579237626	false	0.5
zwecklos	neg 1.0		off 0.4839486782646165 neg 0.4445250235780925 __DUMMY__ 0.0715262981572911	false	0.5
turbulent	neg 1.0		off 0.49045698226805373 neg 0.4386392349810727 __DUMMY__ 0.0709037827508734	false	0.5
invasion	neg 1.0		off 0.48943310656780986 neg 0.43911765650655427 __DUMMY__ 0.0714492369256358	false	0.5
schuld	neg 1.0		off 0.4874246580771458 neg 0.44111980089917685 __DUMMY__ 0.0714555410236774	false	0.5
risiko	neg 1.0		off 0.48749648732153866 neg 0.4408892990817999 __DUMMY__ 0.07161421359666134	false	0.5
finster	neg 1.0		off 0.4886833160972399 neg 0.4397029026842942 __DUMMY__ 0.07161378121846597	false	0.5
geisteskrank	off 1.0		off 0.49195047375322903 neg 0.43715631344272105 __DUMMY__ 0.07089321280404981	false	1.0
zusammenbrechen	neg 1.0		off 0.48629491456961726 neg 0.4419075965004234 __DUMMY__ 0.07179748892995944	false	0.5
ausbeute	neg 1.0		off 0.4833200860712622 neg 0.4446712437231156 __DUMMY__ 0.07200867020562214	false	0.5
hinterhalt	neg 1.0		off 0.48491639499180433 neg 0.44341600208408355 __DUMMY__ 0.0716676029241122	false	0.5
kritik	neg 1.0		off 0.48230499339537874 neg 0.4464033058991761 __DUMMY__ 0.07129170070544516	false	0.5
einschrumpfen	neg 1.0		off 0.48675767093618083 neg 0.4423808579499834 __DUMMY__ 0.07086147111383581	false	0.5
riskant	neg 1.0		off 0.4827744236306443 neg 0.44551368601712554 __DUMMY__ 0.07171189035223029	false	0.5
frustrieren	neg 1.0		off 0.4830549395301237 neg 0.44522804684354383 __DUMMY__ 0.07171701362633241	false	0.5
groll	neg 1.0		off 0.484413254258179 neg 0.44391524682245487 __DUMMY__ 0.07167149891936618	false	0.5
gibt			off 0.4844832109550848 neg 0.44393367784877186 __DUMMY__ 0.07158311119614341	false	0.0
qualvoll	neg 1.0		off 0.4916322264633953 neg 0.43679581176034027 __DUMMY__ 0.07157196177626429	false	0.5
wackeln	neg 1.0	neg 1.0	neg 0.7038476182735348 off 0.26156018354223753 __DUMMY__ 0.03459219818422763	false	1.0
klagen	neg 1.0		off 0.47900869555466763 neg 0.44914556630693164 __DUMMY__ 0.07184573813840078	false	0.5
bankrott	neg 1.0		off 0.490899033657328 neg 0.4377616200968196 __DUMMY__ 0.07133934624585227	false	0.5
trauern	neg 1.0		off 0.48457150824309825 neg 0.44342550223181515 __DUMMY__ 0.07200298952508676	false	0.5
ablehnung	neg 1.0		off 0.482325465633227 neg 0.44638680034763384 __DUMMY__ 0.07128773401913929	false	0.5
stur	neg 1.0		off 0.48766821096116414 neg 0.4409736473051966 __DUMMY__ 0.07135814173363933	false	0.5
aufruhr	neg 1.0		off 0.4863376076151247 neg 0.44195982228131936 __DUMMY__ 0.071702570103556	false	0.5
melancholie	neg 1.0		off 0.4857451170845032 neg 0.4423377892241638 __DUMMY__ 0.07191709369133306	false	0.5
ist			off 0.48836346060529506 neg 0.4402276657083055 __DUMMY__ 0.07140887368639945	false	0.0
torheit	neg 1.0		off 0.48601723030704974 neg 0.44273115161872567 __DUMMY__ 0.07125161807422464	false	0.5
dreckskind	off 1.0		off 0.4967948487092703 neg 0.43261201417138173 __DUMMY__ 0.07059313711934788	false	1.0
umtauschen	neg 1.0		off 0.4868875541293452 neg 0.4414701043316564 __DUMMY__ 0.0716423415389983	false	0.5
zum			off 0.4809513034142601 neg 0.4463565361169986 __DUMMY__ 0.07269216046874143	false	0.0
zersetzen	neg 1.0		off 0.4806870824492795 neg 0.4476479434709062 __DUMMY__ 0.07166497407981431	false	0.5
zur			off 0.4778173016815829 neg 0.4498498910633019 __DUMMY__ 0.07233280725511525	false	0.0
frust	neg 1.0		off 0.4858118113712242 neg 0.44242928828598066 __DUMMY__ 0.07175890034279511	false	0.5
unerbittlichkeit	neg 1.0		off 0.48087342423481233 neg 0.4474537622027828 __DUMMY__ 0.07167281356240478	false	0.5
zwei			off 0.4823994001282322 neg 0.44514770048991315 __DUMMY__ 0.07245289938185467	false	0.0
unkorrekt	neg 1.0		off 0.49104334091732155 neg 0.43847345390858244 __DUMMY__ 0.070483205174096	false	0.5
hexe	off 1.0		off 0.49104404459561163 neg 0.4379941044211926 __DUMMY__ 0.07096185098319581	false	1.0
lasch	neg 1.0		off 0.488119903705289 neg 0.44095315422973497 __DUMMY__ 0.07092694206497602	false	0.5
rivale	neg 1.0		off 0.4952444106387789 neg 0.4335487977002833 __DUMMY__ 0.07120679166093771	false	0.5
mutlos	off 1.0	off 1.0	off 0.7267983976913801 neg 0.238871959130111 __DUMMY__ 0.034329643178508916	false	1.0
wirr	off 1.0		off 0.4920157522614161 neg 0.43741369971468425 __DUMMY__ 0.07057054802389962	false	1.0
jahr			off 0.4832537771702886 neg 0.4445467977246025 __DUMMY__ 0.07219942510510903	false	0.0
wird			off 0.4836519928854929 neg 0.44460746807197776 __DUMMY__ 0.07174053904252944	false	0.0
strafbar	neg 1.0		off 0.4820434123111065 neg 0.4463834120248247 __DUMMY__ 0.07157317566406873	false	0.5
erosion	neg 1.0		off 0.4884838429498421 neg 0.43980851161732 __DUMMY__ 0.07170764543283775	false	0.5
eingehen	neg 1.0		off 0.4825843082772411 neg 0.4459543301901287 __DUMMY__ 0.0714613615326302	false	0.5
faul	off 1.0		off 0.4920484599117125 neg 0.43650499208289006 __DUMMY__ 0.07144654800539751	false	1.0
provisorium	neg 1.0		off 0.4768833381153788 neg 0.45051136328820235 __DUMMY__ 0.07260529859641879	false	0.5
schmerzen	neg 1.0		off 0.487443221443872 neg 0.44091028750171485 __DUMMY__ 0.07164649105441316	false	0.5
schrumpfen	neg 1.0		off 0.47657740262484344 neg 0.4513992070941461 __DUMMY__ 0.07202339028101046	false	0.5
geistlos	off 1.0		off 0.48581094326940255 neg 0.4433946007673807 __DUMMY__ 0.0707944559632167	false	1.0
fehlkauf	neg 1.0		off 0.48791075249910143 neg 0.44074422304049904 __DUMMY__ 0.07134502446039948	false	0.5
frustrierend	neg 1.0		off 0.4914729243445554 neg 0.43710439198081463 __DUMMY__ 0.07142268367462996	false	0.5
unzufrieden	neg 1.0		off 0.4835579709468509 neg 0.4449448010710018 __DUMMY__ 0.07149722798214725	false	0.5
verzweifeln	neg 1.0		off 0.48647980201223845 neg 0.44190934216406064 __DUMMY__ 0.07161085582370107	false	0.5
verzweifelt	neg 1.0		off 0.4880548505461959 neg 0.44054237890492703 __DUMMY__ 0.07140277054887705	false	0.5
misstrauensantrag	neg 1.0		off 0.4885551192926437 neg 0.44013899379738536 __DUMMY__ 0.07130588690997078	false	0.5
abfallen	neg 1.0		off 0.4898077105873305 neg 0.4384441370339323 __DUMMY__ 0.07174815237873719	false	0.5
fucker	off 1.0		off 0.4925051269050661 neg 0.43658845001848406 __DUMMY__ 0.0709064230764498	false	1.0
ungezogen	neg 1.0		off 0.5005626689699044 neg 0.42889331823432447 __DUMMY__ 0.07054401279577106	false	0.5
irrsinnig	neg 1.0	neg 1.0	neg 0.7058021397865044 off 0.259940342375183 __DUMMY__ 0.03425751783831267	false	1.0
unfassbar	neg 1.0		off 0.4913351716453666 neg 0.4376527749451909 __DUMMY__ 0.07101205340944267	false	0.5
hart	neg 1.0		off 0.49005777568372244 neg 0.43867477236634517 __DUMMY__ 0.07126745194993231	false	0.5
widerlich	off 1.0		off 0.4917403939739056 neg 0.43739060144672975 __DUMMY__ 0.07086900457936465	false	1.0
fatal	neg 1.0		off 0.48830608254924923 neg 0.44033931675022403 __DUMMY__ 0.07135460070052689	false	0.5
bruch	neg 1.0		off 0.4800159781900501 neg 0.44803203136706343 __DUMMY__ 0.07195199044288653	false	0.5
aushungern	neg 1.0		off 0.4839131390647303 neg 0.4447385601505729 __DUMMY__ 0.07134830078469681	false	0.5
anspannung	neg 1.0	neg 1.0	neg 0.7071667576003984 off 0.2576987626483502 __DUMMY__ 0.03513447975125133	false	1.0
von			off 0.48239197446907806 neg 0.44540303519489066 __DUMMY__ 0.07220499033603124	false	0.0
kraftlos	neg 1.0		off 0.4871731262076255 neg 0.4407509941629323 __DUMMY__ 0.07207587962944231	false	0.5
vom			off 0.4788079523892954 neg 0.4484077973108585 __DUMMY__ 0.07278425029984618	false	0.0
grenzdebil	off 1.0		off 0.4930979774506427 neg 0.4358258111424098 __DUMMY__ 0.07107621140694742	false	1.0
vor			off 0.4823006382244384 neg 0.4456093557810412 __DUMMY__ 0.0720900059945204	false	0.0
unterwerfen	neg 1.0		off 0.48263042761358416 neg 0.44566615575466295 __DUMMY__ 0.07170341663175296	false	0.5
versenkung	neg 1.0		off 0.48274407768803623 neg 0.4454667286207065 __DUMMY__ 0.07178919369125716	false	0.5
entziehen	neg 1.0		off 0.4802889425247901 neg 0.4477961406329928 __DUMMY__ 0.07191491684221714	false	0.5
finanzkrise	neg 1.0		off 0.48370874389866153 neg 0.44502362847665183 __DUMMY__ 0.07126762762468664	false	0.5
schimpfend	neg 1.0		off 0.4899670437696511 neg 0.43822076457794923 __DUMMY__ 0.07181219165239962	false	0.5
profan	neg 1.0		off 0.48942675566226485 neg 0.43925408260352117 __DUMMY__ 0.07131916173421389	false	0.5
korruption	neg 1.0		off 0.48165762130013606 neg 0.4470085149208552 __DUMMY__ 0.07133386377900879	false	0.5
â			off 0.48387372711901755 neg 0.4443064842505802 __DUMMY__ 0.07181978863040236	false	0.0
schmutzig	neg 1.0		off 0.49363735847679635 neg 0.43507508832576836 __DUMMY__ 0.07128755319743525	false	0.5
sexy	neg 1.0		off 0.49022720657251223 neg 0.43843966434046944 __DUMMY__ 0.07133312908701833	false	0.5
abraten	neg 1.0		off 0.48826109560624004 neg 0.4403895061134535 __DUMMY__ 0.07134939828030641	false	0.5
schwarz	neg 1.0		off 0.48743514536521765 neg 0.44122752067907045 __DUMMY__ 0.07133733395571203	false	0.5
fotze	off 1.0		off 0.4822309947980338 neg 0.4461410144001966 __DUMMY__ 0.07162799080176957	false	1.0
verwirren	neg 1.0		off 0.4895546060541996 neg 0.43914462067475596 __DUMMY__ 0.07130077327104452	false	0.5
zahnlos	off 1.0		off 0.4834655712349835 neg 0.44505875626041813 __DUMMY__ 0.0714756725045982	false	1.0
verheeren	neg 1.0		off 0.5023471071633991 neg 0.42699695138378546 __DUMMY__ 0.07065594145281542	false	0.5
hippie	neg 1.0		off 0.48934603956868616 neg 0.43935340119330735 __DUMMY__ 0.07130055923800649	false	0.5
rammen	neg 1.0		off 0.4885351817988435 neg 0.4398597373574526 __DUMMY__ 0.07160508084370401	false	0.5
unlauter	neg 1.0		off 0.4830779181734431 neg 0.4461128429331757 __DUMMY__ 0.0708092388933812	false	0.5
unheilvoll	neg 1.0		off 0.4907710830924885 neg 0.4375635275269318 __DUMMY__ 0.07166538938057976	false	0.5
niedrig	neg 1.0		off 0.48355254382936813 neg 0.4444293134239933 __DUMMY__ 0.07201814274663851	false	0.5
explosion	neg 1.0		off 0.48864731871343303 neg 0.44005904923476746 __DUMMY__ 0.0712936320517995	false	0.5
weichei	off 1.0		off 0.4972094849114786 neg 0.43215278560816295 __DUMMY__ 0.07063772948035839	false	1.0
minusmensch	off 1.0		off 0.49724953350764284 neg 0.4328832272490315 __DUMMY__ 0.06986723924332564	false	1.0
farblos	neg 1.0		off 0.48860070772755204 neg 0.43932300552232223 __DUMMY__ 0.07207628675012567	false	0.5
unwissend	neg 1.0	neg 1.0	neg 0.7039613354102402 off 0.26196232420655113 __DUMMY__ 0.03407634038320879	false	1.0
traurig	neg 1.0		off 0.4950329978493878 neg 0.4339984802420694 __DUMMY__ 0.07096852190854284	false	0.5
senkung	neg 1.0		off 0.4870096792087195 neg 0.44204256445970913 __DUMMY__ 0.07094775633157124	false	0.5
ungleich	neg 1.0	neg 1.0	neg 0.7089501593259895 off 0.25669352908218485 __DUMMY__ 0.0343563115918256	false	1.0
heikel	neg 1.0		off 0.48075672644754036 neg 0.44760350854140885 __DUMMY__ 0.07163976501105068	false	0.5
drosselung	neg 1.0		off 0.4926672344959785 neg 0.43622032679884476 __DUMMY__ 0.07111243870517678	false	0.5
falsch	neg 1.0		off 0.49091104433349914 neg 0.43782098404953274 __DUMMY__ 0.07126797161696807	false	0.5
unzufriedenheit	neg 1.0		off 0.480636461711901 neg 0.4476072468238191 __DUMMY__ 0.07175629146427985	false	0.5
kurz	neg 1.0		off 0.48677910496633586 neg 0.44131542021424464 __DUMMY__ 0.07190547481941947	false	0.5
unsinnig	neg 1.0		off 0.48324083070805046 neg 0.4454396146954644 __DUMMY__ 0.07131955459648508	false	0.5
penner	off 1.0	off 1.0	off 0.736504466037662 neg 0.22965151397253 __DUMMY__ 0.03384401998980794	false	1.0
seicht	neg 1.0		off 0.49817933554820487 neg 0.4316372477262398 __DUMMY__ 0.0701834167255553	false	0.5
dummheit	off 1.0	off 1.0	off 0.7306696586471982 neg 0.2351568489970963 __DUMMY__ 0.03417349235570534	false	1.0
unerfreulich	neg 1.0		off 0.48131197609194093 neg 0.4467514831228988 __DUMMY__ 0.07193654078516015	false	0.5
motherfucker	off 1.0	off 1.0	off 0.7327095746245954 neg 0.23328714216180918 __DUMMY__ 0.03400328321359539	false	1.0
pikiert	neg 1.0		off 0.49051951361572105 neg 0.43857284381769474 __DUMMY__ 0.07090764256658422	false	0.5
wrack	neg 1.0		off 0.48384210955960283 neg 0.44420928409520904 __DUMMY__ 0.07194860634518824	false	0.5
gangster	neg 1.0		off 0.4892900694460594 neg 0.4393367777697682 __DUMMY__ 0.07137315278417242	false	0.5
krank	neg 1.0		off 0.4945109668496788 neg 0.4342344325719654 __DUMMY__ 0.07125460057835593	false	0.5
reich	neg 1.0		off 0.48833929109984914 neg 0.44084918664696243 __DUMMY__ 0.07081152225318833	false	0.5
gnadenlos	neg 1.0		off 0.48774472579863726 neg 0.44074688454801947 __DUMMY__ 0.0715083896533432	false	0.5
niedergeschlagen	neg 1.0		off 0.48741122853310564 neg 0.44065069112873506 __DUMMY__ 0.07193808033815925	false	0.5
terrorisieren	off 1.0	off 1.0	off 0.7281752141978197 neg 0.2373098636138835 __DUMMY__ 0.03451492218829675	false	1.0
sinnlosigkeit	neg 1.0		off 0.4840645486983859 neg 0.444392233641207 __DUMMY__ 0.0715432176604072	false	0.5
behindern	neg 1.0		off 0.4851381936756272 neg 0.44340908160938924 __DUMMY__ 0.07145272471498347	false	0.5
undemokratisch	neg 1.0		off 0.4847410508188354 neg 0.44421475073556876 __DUMMY__ 0.07104419844559581	false	0.5
wirtschaftskrise	neg 1.0		off 0.482014979896192 neg 0.44648307611016935 __DUMMY__ 0.07150194399363867	false	0.5
neid	neg 1.0		off 0.4932330662904955 neg 0.4352449352160349 __DUMMY__ 0.07152199849346969	false	0.5
rutschen	neg 1.0		off 0.4829018256232037 neg 0.4445546237924284 __DUMMY__ 0.07254355058436786	false	0.5
rezession	neg 1.0		off 0.49406994124610454 neg 0.43530237385003 __DUMMY__ 0.07062768490386544	false	0.5
fehlgeburt	neg 1.0		off 0.4907772549534837 neg 0.4375040840104048 __DUMMY__ 0.07171866103611145	false	0.5
charakterschwach	off 1.0		off 0.49222604757660376 neg 0.43674134407441373 __DUMMY__ 0.07103260834898253	false	1.0
isolation	neg 1.0		off 0.4911659479391782 neg 0.4374560851945582 __DUMMY__ 0.0713779668662636	false	0.5
ablenkung	neg 1.0		off 0.48731722632472985 neg 0.44112202056645716 __DUMMY__ 0.07156075310881305	false	0.5
pech	neg 1.0		off 0.4912602556471482 neg 0.43736290745505063 __DUMMY__ 0.07137683689780114	false	0.5
vermeidung	neg 1.0		off 0.4914703450460466 neg 0.43767860454721247 __DUMMY__ 0.07085105040674089	false	0.5
dominieren	neg 1.0		off 0.4851803267748371 neg 0.44277083918090243 __DUMMY__ 0.0720488340442605	false	0.5
schwindlig	neg 1.0		off 0.49243191095269395 neg 0.4356812466361239 __DUMMY__ 0.07188684241118208	false	0.5
lutscher	neg 1.0		off 0.49929628580315794 neg 0.43049244629782296 __DUMMY__ 0.07021126789901908	false	0.5
pflicht	neg 1.0		off 0.48075456749252776 neg 0.44756252543195363 __DUMMY__ 0.07168290707551868	false	0.5
faschist	off 1.0		off 0.4868484962185607 neg 0.44224756726859754 __DUMMY__ 0.07090393651284169	false	1.0
verschleudern	neg 1.0		off 0.4790282099679646 neg 0.4497994970014644 __DUMMY__ 0.07117229303057113	false	0.5
wenn			off 0.4910447892927049 neg 0.4377132751974419 __DUMMY__ 0.07124193550985318	false	0.0
ehebruch	neg 1.0		off 0.4830937312476926 neg 0.44525451087503737 __DUMMY__ 0.07165175787727002	false	0.5
spott	off 1.0		off 0.4815131639833336 neg 0.4469704656674408 __DUMMY__ 0.07151637034922564	false	1.0
trostlosigkeit	neg 1.0		off 0.48089725893383084 neg 0.44715708092731193 __DUMMY__ 0.07194566013885714	false	0.5
lutschen	neg 1.0		off 0.48833874276781003 neg 0.44043937471524336 __DUMMY__ 0.07122188251694662	false	0.5
undiszipliniert	neg 1.0		off 0.49472686985038006 neg 0.4341716130209363 __DUMMY__ 0.07110151712868354	false	0.5
kopfschmerz	neg 1.0		off 0.4874670284159073 neg 0.4405836463960881 __DUMMY__ 0.07194932518800473	false	0.5
unvorhergesehen	neg 1.0		off 0.48586854476633784 neg 0.44191589136005305 __DUMMY__ 0.0722155638736091	false	0.5
desinteressiert	neg 1.0		off 0.4932156920309711 neg 0.43589355676118896 __DUMMY__ 0.07089075120784005	false	0.5
armselig	off 1.0		off 0.4928947735325817 neg 0.43648002410620806 __DUMMY__ 0.07062520236121027	false	1.0
desaster	neg 1.0		off 0.4782393546596112 neg 0.4499675718312312 __DUMMY__ 0.07179307350915766	false	0.5
tod	neg 1.0		off 0.48529625131091425 neg 0.44269625824076375 __DUMMY__ 0.07200749044832201	false	0.5
herzlos	neg 1.0		off 0.4945968378007013 neg 0.4346129893209339 __DUMMY__ 0.0707901728783649	false	0.5
unwissenheit	neg 1.0		off 0.48229353095016775 neg 0.44640168499713045 __DUMMY__ 0.07130478405270171	false	0.5
widersinnig	neg 1.0	neg 1.0	neg 0.7091777886689566 off 0.2567287149022372 __DUMMY__ 0.03409349642880612	false	1.0
bedenklich	neg 1.0		off 0.4821698508030506 neg 0.4462755295045571 __DUMMY__ 0.07155461969239243	false	0.5
beanstanden	neg 1.0		off 0.48024975813396537 neg 0.44801270911795393 __DUMMY__ 0.07173753274808069	false	0.5
panisch	neg 1.0	neg 1.0	neg 0.7023461004462515 off 0.2630669026188841 __DUMMY__ 0.034586996934864424	false	1.0
debil	off 1.0		off 0.4767177298508981 neg 0.4510548866932735 __DUMMY__ 0.07222738345582844	false	1.0
abstrich	neg 1.0		off 0.4825935084259898 neg 0.44593893745524477 __DUMMY__ 0.07146755411876535	false	0.5
primitiv	neg 1.0		off 0.49234036554784855 neg 0.4367831397373171 __DUMMY__ 0.07087649471483441	false	0.5
abschaum	off 1.0	off 1.0	off 0.7318587611383459 neg 0.23402616216892858 __DUMMY__ 0.03411507669272544	false	1.0
provozieren	neg 1.0		off 0.4867230950303425 neg 0.441903284812529 __DUMMY__ 0.07137362015712845	false	0.5
tot	neg 1.0		off 0.4812689880552351 neg 0.4472710598363584 __DUMMY__ 0.07145995210840657	false	0.5
instabil	neg 1.0		off 0.4898781992747112 neg 0.43962529788357296 __DUMMY__ 0.07049650284171594	false	0.5
schwuchtel	off 1.0		off 0.5036719472525334 neg 0.42639118426956063 __DUMMY__ 0.06993686847790603	false	1.0
zerren	neg 1.0		off 0.48742738988608364 neg 0.440639293327157 __DUMMY__ 0.07193331678675935	false	0.5
kinderficker	off 1.0		off 0.4942844266076396 neg 0.43540156749996317 __DUMMY__ 0.07031400589239709	false	1.0
gefahr	neg 1.0		off 0.48186707740590706 neg 0.44620010390109127 __DUMMY__ 0.07193281869300171	false	0.5
rabiat	neg 1.0		off 0.48616056285071435 neg 0.442418917626298 __DUMMY__ 0.07142051952298764	false	0.5
verlangsamung	neg 1.0		off 0.49830396487664347 neg 0.4311144227719627 __DUMMY__ 0.07058161235139399	false	0.5
ausgestorben	neg 1.0		off 0.48722068355915293 neg 0.4410342414982218 __DUMMY__ 0.07174507494262518	false	0.5
anklagen	neg 1.0		off 0.4843016167408656 neg 0.4441700565530956 __DUMMY__ 0.07152832670603888	false	0.5
trott	neg 1.0		off 0.48645658601504355 neg 0.44190694083182436 __DUMMY__ 0.07163647315313197	false	0.5
verminderung	neg 1.0		off 0.492007512189189 neg 0.43722650510533084 __DUMMY__ 0.07076598270548012	false	0.5
nach			off 0.4824218613661629 neg 0.4447348141778135 __DUMMY__ 0.07284332445602358	false	0.0
rost	neg 1.0		off 0.49757930202780365 neg 0.43168691515338925 __DUMMY__ 0.07073378281880704	false	0.5
destruktiv	neg 1.0		off 0.4838750415292694 neg 0.4449715681082226 __DUMMY__ 0.07115339036250812	false	0.5
unzumutbarkeit	neg 1.0		off 0.49148976018559914 neg 0.4372645659483583 __DUMMY__ 0.07124567386604252	false	0.5
labil	off 1.0	off 1.0	off 0.7318237592167782 neg 0.23405182359052754 __DUMMY__ 0.03412441719269409	false	1.0
ziemlich	neg 1.0		off 0.49308620754907 neg 0.43570420130504933 __DUMMY__ 0.07120959114588053	false	0.5
lachnummer	off 1.0		off 0.48500204773386185 neg 0.4436901093878416 __DUMMY__ 0.07130784287829658	false	1.0
oder			off 0.4878883413203152 neg 0.44045637647427505 __DUMMY__ 0.07165528220540987	false	0.0
verfall	neg 1.0		off 0.47689615566507865 neg 0.45103022820839866 __DUMMY__ 0.07207361612652276	false	0.5
ausgrenzung	neg 1.0		off 0.4861438569185583 neg 0.44274860884368783 __DUMMY__ 0.07110753423775386	false	0.5
unordnung	neg 1.0		off 0.49221643896393047 neg 0.4366013534477473 __DUMMY__ 0.0711822075883221	false	0.5
fehlverhalten	neg 1.0		off 0.48108354661635294 neg 0.44725063711661334 __DUMMY__ 0.0716658162670339	false	0.5
eine			off 0.4815629356639251 neg 0.4465557333536912 __DUMMY__ 0.07188133098238358	false	0.0
nille	neg 1.0		off 0.4851903979586329 neg 0.4432511133094834 __DUMMY__ 0.07155848873188372	false	0.5
qual	neg 1.0		off 0.4861478147339251 neg 0.4422236605805621 __DUMMY__ 0.07162852468551278	false	0.5
verschwenden	neg 1.0		off 0.48319188643303174 neg 0.445200161088507 __DUMMY__ 0.07160795247846113	false	0.5
riesig	neg 1.0	neg 1.0	neg 0.7061371763682165 off 0.25918508590283557 __DUMMY__ 0.03467773772894791	false	1.0
verurteilen	neg 1.0		off 0.4837729554091028 neg 0.4446771233121994 __DUMMY__ 0.07154992127869776	false	0.5
klischee	neg 1.0	neg 1.0	neg 0.7050612017191931 off 0.26084697003624907 __DUMMY__ 0.034091828244557934	false	1.0
diktatorisch	neg 1.0		off 0.4848275815214348 neg 0.4442404901658613 __DUMMY__ 0.07093192831270392	false	0.5
vorhersehbar	neg 1.0	neg 1.0	neg 0.7049423635526376 off 0.2608756443689402 __DUMMY__ 0.03418199207842213	false	1.0
sowie			off 0.49602179181561334 neg 0.43337439708372943 __DUMMY__ 0.07060381110065722	false	0.0
stornieren	neg 1.0		off 0.490034912246502 neg 0.4380434014036549 __DUMMY__ 0.07192168634984307	false	0.5
besteuerung	neg 1.0		off 0.48451378060267225 neg 0.4444730191014341 __DUMMY__ 0.0710132002958937	false	0.5
ungeschminkt	neg 1.0		off 0.4919942032284587 neg 0.4370499564511072 __DUMMY__ 0.07095584032043396	false	0.5
kritisch	neg 1.0		off 0.48168669046573154 neg 0.4467860092869743 __DUMMY__ 0.07152730024729397	false	0.5
schlamperei	off 1.0		off 0.48024375530061963 neg 0.44823549149606556 __DUMMY__ 0.07152075320331484	false	1.0
sucht	neg 1.0	neg 1.0	neg 0.7050292955521832 off 0.26047176292970614 __DUMMY__ 0.034498941518110685	false	1.0
egoistisch	off 1.0		off 0.49740982155154007 neg 0.43188251079102496 __DUMMY__ 0.07070766765743491	false	1.0
ausbeuter	off 1.0		off 0.4799793079071007 neg 0.44851320053955906 __DUMMY__ 0.07150749155334009	false	1.0
arschgeburt	off 1.0		off 0.5032803889873301 neg 0.4268707865380797 __DUMMY__ 0.06984882447459016	false	1.0
schubs	neg 1.0	neg 1.0	neg 0.7053560738643188 off 0.25997971001271236 __DUMMY__ 0.03466421612296888	false	1.0
unsolide	neg 1.0		off 0.4831786066585169 neg 0.44629412522102585 __DUMMY__ 0.07052726812045727	false	0.5
beschwerde	neg 1.0		off 0.4807856314927156 neg 0.447655395012296 __DUMMY__ 0.07155897349498837	false	0.5
stocken	neg 1.0		off 0.48299476391457236 neg 0.4452130775167631 __DUMMY__ 0.07179215856866457	false	0.5
isolieren	neg 1.0		off 0.48370205465020355 neg 0.4446535938362082 __DUMMY__ 0.07164435151358835	false	0.5
unheilbar	neg 1.0		off 0.48917938175938785 neg 0.4389981310370468 __DUMMY__ 0.0718224872035653	false	0.5
pisser	off 1.0		off 0.493972562464533 neg 0.4349507418116401 __DUMMY__ 0.071076695723827	false	1.0
löschen	neg 1.0		off 0.48668106336151595 neg 0.44175134834913393 __DUMMY__ 0.07156758828935	false	0.5
durchfallen	neg 1.0		off 0.48267997032360616 neg 0.44593781131987037 __DUMMY__ 0.07138221835652342	false	0.5
wichser	off 1.0		off 0.5019180561743668 neg 0.42770283205550724 __DUMMY__ 0.07037911177012592	false	1.0
terror	neg 1.0		off 0.490373114529093 neg 0.43810271542595547 __DUMMY__ 0.0715241700449515	false	0.5
krass	neg 1.0		off 0.4952018512203292 neg 0.434033719778812 __DUMMY__ 0.07076442900085872	false	0.5
revolte	neg 1.0		off 0.48690992348231266 neg 0.4419961928639151 __DUMMY__ 0.07109388365377223	false	0.5
besorgt	neg 1.0		off 0.486902723781275 neg 0.4410642624468394 __DUMMY__ 0.07203301377188558	false	0.5
nachlassen	neg 1.0		off 0.4829360228714837 neg 0.44521921385679086 __DUMMY__ 0.07184476327172547	false	0.5
alt	neg 1.0		off 0.4841360522100242 neg 0.4440768486308985 __DUMMY__ 0.07178709915907724	false	0.5
hundesohn	off 1.0		off 0.4986388391797968 neg 0.4311410958899122 __DUMMY__ 0.070220064930291	false	1.0
als			off 0.4859001234371153 neg 0.4422784084147714 __DUMMY__ 0.07182146814811331	false	0.0
abschreckung	neg 1.0		off 0.48054627652401405 neg 0.447554120736681 __DUMMY__ 0.07189960273930485	false	0.5
unqualifiziert	neg 1.0		off 0.4865593185165371 neg 0.44269390312252854 __DUMMY__ 0.0707467783609343	false	0.5
abgewichst	off 1.0		off 0.4848572411098894 neg 0.44350374186088637 __DUMMY__ 0.0716390170292242	false	1.0
schwer	neg 1.0		off 0.48718621826814884 neg 0.44118233619248526 __DUMMY__ 0.07163144553936598	false	0.5
bedeutungslosigkeit	neg 1.0		off 0.4809019986294478 neg 0.4473434710840212 __DUMMY__ 0.07175453028653103	false	0.5
kapitulation	neg 1.0		off 0.48079753873051395 neg 0.4477905944603039 __DUMMY__ 0.07141186680918214	false	0.5
unscharf	neg 1.0		off 0.48864699523192656 neg 0.4400867416005406 __DUMMY__ 0.07126626316753269	false	0.5
schwinden	neg 1.0		off 0.48145115022061163 neg 0.44669065774088906 __DUMMY__ 0.07185819203849922	false	0.5
versklavung	neg 1.0		off 0.48500013744297105 neg 0.4439652689950237 __DUMMY__ 0.07103459356200516	false	0.5
schlecht	neg 1.0		off 0.4934126759816828 neg 0.4353402077596544 __DUMMY__ 0.07124711625866288	false	0.5
verhasst	neg 1.0		off 0.4871972852897018 neg 0.4414362394258195 __DUMMY__ 0.07136647528447859	false	0.5
beschweren	neg 1.0		off 0.48855364081582564 neg 0.4400427907580437 __DUMMY__ 0.07140356842613078	false	0.5
scheiden	neg 1.0		off 0.4892994933031171 neg 0.4388147332732844 __DUMMY__ 0.07188577342359845	false	0.5
frustriert	neg 1.0		off 0.48581649852942316 neg 0.4425356933787133 __DUMMY__ 0.07164780809186357	false	0.5
schimmelig	neg 1.0		off 0.4840242079487508 neg 0.44406445255567395 __DUMMY__ 0.07191133949557518	false	0.5
fisch	neg 1.0		off 0.48349133075002904 neg 0.4443775975532483 __DUMMY__ 0.07213107169672273	false	0.5
schmuggel	neg 1.0		off 0.48405181482900944 neg 0.44367563335468885 __DUMMY__ 0.07227255181630161	false	0.5
auffallen	neg 1.0		off 0.48931959465934255 neg 0.43930639590720905 __DUMMY__ 0.0713740094334485	false	0.5
konkurrenz	neg 1.0	neg 1.0	neg 0.7089448154689931 off 0.2564521470000569 __DUMMY__ 0.03460303753095007	false	1.0
teufelskreis	neg 1.0		off 0.48623235168530426 neg 0.44217209650672296 __DUMMY__ 0.07159555180797274	false	0.5
aufschreien	neg 1.0		off 0.48839104792501914 neg 0.44036561853451855 __DUMMY__ 0.07124333354046229	false	0.5
schuldner	neg 1.0		off 0.4813141385230825 neg 0.4468963895775316 __DUMMY__ 0.07178947189938593	false	0.5
missgeburt	off 1.0	off 1.0	off 0.7349525094902692 neg 0.2311528345247194 __DUMMY__ 0.033894655985011346	false	1.0
arbeitslos	neg 1.0		off 0.4831682124462846 neg 0.44542032155400424 __DUMMY__ 0.07141146599971113	false	0.5
befallen	neg 1.0		off 0.4851293065298293 neg 0.4432458206455128 __DUMMY__ 0.07162487282465778	false	0.5
miesepetrig	off 1.0	off 1.0	off 0.7334560061939797 neg 0.23230842414460795 __DUMMY__ 0.03423556966141238	false	1.0
alarmieren	neg 1.0		off 0.48983967840532655 neg 0.43912432097718623 __DUMMY__ 0.07103600061748717	false	0.5
ungeduscht	off 1.0		off 0.49127256406316955 neg 0.43731456806894276 __DUMMY__ 0.0714128678678878	false	1.0
knappheit	neg 1.0		off 0.4809742561066514 neg 0.44761470451572943 __DUMMY__ 0.07141103937761918	false	0.5
schlange	neg 1.0		off 0.49057495579977417 neg 0.43766591358778906 __DUMMY__ 0.07175913061243681	false	0.5
harsch	neg 1.0		off 0.497394821894296 neg 0.4315748985841449 __DUMMY__ 0.07103027952155912	false	0.5
lang	neg 1.0		off 0.4873972771821414 neg 0.4410143956923772 __DUMMY__ 0.0715883271254814	false	0.5
ziellos	neg 1.0		off 0.4860174831450136 neg 0.44200364273445103 __DUMMY__ 0.07197887412053523	false	0.5
selbstverliebt	neg 1.0		off 0.5009597365364798 neg 0.4290230370415268 __DUMMY__ 0.07001722642199333	false	0.5
beseitigen	neg 1.0		off 0.4854285267794307 neg 0.44302462967662337 __DUMMY__ 0.07154684354394597	false	0.5
dumm	off 1.0		off 0.497462655752963 neg 0.4320457384439344 __DUMMY__ 0.07049160580310256	false	1.0
arbeitsloser	neg 1.0		off 0.4837352926091908 neg 0.4445531874042945 __DUMMY__ 0.0717115199865147	false	0.5
blitzen	neg 1.0		off 0.4898597110489345 neg 0.43879536977506334 __DUMMY__ 0.07134491917600205	false	0.5
hilflos	neg 1.0		off 0.4858432656093909 neg 0.442407237581908 __DUMMY__ 0.07174949680870123	false	0.5
eklig	off 1.0		off 0.499116563031193 neg 0.4302744660800518 __DUMMY__ 0.07060897088875522	false	1.0
begriff			off 0.48424331492002826 neg 0.44435894918264657 __DUMMY__ 0.07139773589732527	false	0.0
hungersnot	neg 1.0		off 0.4855934402407406 neg 0.44264685666457165 __DUMMY__ 0.07175970309468781	false	0.5
ungesetzlich	neg 1.0		off 0.48421507375444994 neg 0.44510963905410345 __DUMMY__ 0.07067528719144678	false	0.5
verschwendung	neg 1.0		off 0.48236969081262493 neg 0.44586753430137777 __DUMMY__ 0.07176277488599732	false	0.5
schmerzvoll	neg 1.0		off 0.4889793527772251 neg 0.4395396196671206 __DUMMY__ 0.07148102755565446	false	0.5
vorzeitig	neg 1.0		off 0.49127573507516664 neg 0.4371490048013665 __DUMMY__ 0.07157526012346695	false	0.5
unvollkommenheit	neg 1.0		off 0.4878617770281646 neg 0.43987535652994214 __DUMMY__ 0.0722628664418932	false	0.5
intervenieren	neg 1.0		off 0.48009423643659704 neg 0.4484445438873734 __DUMMY__ 0.07146121967602961	false	0.5
banause	off 1.0		off 0.49956509618491857 neg 0.43021460672573664 __DUMMY__ 0.07022029708934477	false	1.0
rebell	neg 1.0		off 0.4791260759154378 neg 0.448912775316916 __DUMMY__ 0.07196114876764616	false	0.5
unlogisch	neg 1.0		off 0.4943629191582539 neg 0.43481667653145445 __DUMMY__ 0.07082040431029166	false	0.5
leiden	neg 1.0		off 0.48553895268360014 neg 0.44206822731077805 __DUMMY__ 0.07239282000562189	false	0.5
abschaffung	neg 1.0		off 0.48443558283497506 neg 0.4445089320205054 __DUMMY__ 0.07105548514451958	false	0.5
sturz	neg 1.0		off 0.4878592986878648 neg 0.44040015913141844 __DUMMY__ 0.07174054218071668	false	0.5
verkleinerung	neg 1.0		off 0.4866418423846517 neg 0.44252520178015103 __DUMMY__ 0.0708329558351974	false	0.5
schmarotzer	off 1.0		off 0.482484486697666 neg 0.44618946465702003 __DUMMY__ 0.07132604864531386	false	1.0
bestrafung	neg 1.0		off 0.48774570849534304 neg 0.44086658543204 __DUMMY__ 0.07138770607261682	false	0.5
achtlos	neg 1.0		off 0.4879287526464383 neg 0.4403045477519212 __DUMMY__ 0.07176669960164049	false	0.5
ungeheuer	neg 1.0		off 0.4900002764318037 neg 0.4386411712092913 __DUMMY__ 0.07135855235890488	false	0.5
unaufrichtig	neg 1.0		off 0.48760200673031484 neg 0.44123095002375934 __DUMMY__ 0.07116704324592592	false	0.5
groggy	neg 1.0		off 0.48867745325724804 neg 0.4400610903274176 __DUMMY__ 0.0712614564153344	false	0.5
