unsolidarisch	neg 1.0		__DUMMY__ 0.8898870866113453 neg 0.05506757033059324 off 0.055045343058061434	false	1.0
nachteilig	neg 1.0		__DUMMY__ 0.8969666445315335 neg 0.05182549868978284 off 0.05120785677868367	false	1.0
skeptisch	neg 1.0		__DUMMY__ 0.8973527966976145 neg 0.05202571676584189 off 0.05062148653654371	false	1.0
schrecklich	neg 1.0		__DUMMY__ 0.8903413645183176 off 0.06341095275145894 neg 0.04624768273022343	false	0.5
schlapp	neg 1.0		__DUMMY__ 0.8945873417476278 off 0.059081370725316495 neg 0.04633128752705586	false	0.5
abfall	neg 1.0		__DUMMY__ 0.9002637395761706 neg 0.05152884554208407 off 0.04820741488174533	false	1.0
widerspenstig	neg 1.0		__DUMMY__ 0.8966647034448403 off 0.05467284572485393 neg 0.04866245083030571	false	0.5
abrupt	neg 1.0		__DUMMY__ 0.9004586351725 off 0.050627845188983285 neg 0.04891351963851668	false	0.5
unwirksam	neg 1.0		__DUMMY__ 0.8913873581743271 off 0.054636943595653575 neg 0.05397569823001936	false	0.5
angreifen	neg 1.0	neg 1.0	neg 0.5090816024579532 __DUMMY__ 0.45228934410090893 off 0.03862905344113791	false	1.0
inkonsistent	neg 1.0		__DUMMY__ 0.8952521340143533 off 0.05532106771880153 neg 0.04942679826684513	false	0.5
abrutschen	neg 1.0		__DUMMY__ 0.899941641218175 neg 0.05152013018126621 off 0.04853822860055875	false	1.0
unsicher	neg 1.0		__DUMMY__ 0.896913596511822 off 0.05505649634306981 neg 0.04802990714510816	false	0.5
bauernkind	off 1.0	off 1.0	off 0.5177139955449812 __DUMMY__ 0.4448940351177777 neg 0.037391969337241135	false	1.0
angreifer	neg 1.0		__DUMMY__ 0.897206185573146 off 0.05610478831309933 neg 0.04668902611375455	false	0.5
trennen	neg 1.0		__DUMMY__ 0.9014614870003052 off 0.051154899426845646 neg 0.0473836135728491	false	0.5
schmutz	neg 1.0		__DUMMY__ 0.9027746800304439 off 0.05607025334963431 neg 0.041155066619921715	false	0.5
inkonsistenz	neg 1.0		__DUMMY__ 0.8898557176565224 off 0.05872465794028322 neg 0.05141962440319443	false	0.5
erschreckend	neg 1.0		__DUMMY__ 0.8951351670513306 off 0.05412843901195777 neg 0.050736393936711616	false	0.5
ertrinken	neg 1.0		__DUMMY__ 0.9003742496622256 off 0.051885712672436864 neg 0.04774003766533751	false	0.5
pickelface	off 1.0		__DUMMY__ 0.8960473083812807 off 0.05306597056159259 neg 0.050886721057126626	false	1.0
seiner			__DUMMY__ 0.8993695733546011 off 0.050969567088793764 neg 0.049660859556605194	false	0.0
lauch	neg 1.0		__DUMMY__ 0.8976951268507849 neg 0.0539703453267471 off 0.048334527822467964	false	1.0
unwichtig	neg 1.0		__DUMMY__ 0.8923536449830454 off 0.059259386313125426 neg 0.04838696870382923	false	0.5
steuerhinterziehung	neg 1.0		__DUMMY__ 0.8941304570372162 off 0.05350174127182649 neg 0.05236780169095732	false	0.5
schock	neg 1.0		__DUMMY__ 0.8997455804003102 off 0.05410836537889788 neg 0.046146054220791995	false	0.5
beule	neg 1.0		__DUMMY__ 0.8951829663501074 off 0.05926193601982413 neg 0.04555509763006847	false	0.5
vergelten	neg 1.0		__DUMMY__ 0.895027574961618 off 0.06228385599981991 neg 0.042688569038562024	false	0.5
verdorbenheit	neg 1.0		__DUMMY__ 0.896671595880223 off 0.05401129985470842 neg 0.04931710426506847	false	0.5
trauma	neg 1.0		__DUMMY__ 0.8951520161327499 off 0.05580804969910275 neg 0.049039934168147475	false	0.5
sinnlos	neg 1.0		__DUMMY__ 0.8955705674220076 off 0.05706640481451339 neg 0.04736302776347896	false	0.5
fettsack	off 1.0	off 1.0	off 0.5189936968649439 __DUMMY__ 0.44623550334309003 neg 0.03477079979196604	false	1.0
feige	off 1.0	off 1.0	off 0.5155060006065025 __DUMMY__ 0.4472576862510828 neg 0.037236313142414657	false	1.0
abdanken	neg 1.0		__DUMMY__ 0.8945407247309687 off 0.054445011357090525 neg 0.05101426391194076	false	0.5
wichtigtuer	off 1.0	off 1.0	off 0.513448201334278 __DUMMY__ 0.4487527982031324 neg 0.03779900046258949	false	1.0
misslingen	neg 1.0		__DUMMY__ 0.9006029617134279 off 0.055444814092913776 neg 0.043952224193658254	false	0.5
untreu	off 1.0		__DUMMY__ 0.8918663176564321 off 0.06032966302727682 neg 0.047804019316291045	false	1.0
missmutig	neg 1.0		__DUMMY__ 0.8937749007885373 off 0.05917335515488467 neg 0.047051744056578054	false	0.5
hurenbock	off 1.0		__DUMMY__ 0.8964767647641809 off 0.05576459883167388 neg 0.04775863640414533	false	1.0
betrunken	neg 1.0		__DUMMY__ 0.894592384403879 off 0.0613678509292046 neg 0.04403976466691634	false	0.5
korrupt	off 1.0		__DUMMY__ 0.8921762674985314 neg 0.0547895850117374 off 0.05303414748973123	false	0.5
unmut	neg 1.0		__DUMMY__ 0.8990536074016298 neg 0.05248453899602029 off 0.04846185360234995	false	1.0
hackfresse	off 1.0		__DUMMY__ 0.8871924768117939 off 0.06645875834593572 neg 0.04634876484227041	false	1.0
aufblasen	neg 1.0		__DUMMY__ 0.8974355149257022 off 0.05599715350618788 neg 0.046567331568109924	false	0.5
gewaltsam	neg 1.0		__DUMMY__ 0.8968885189178346 off 0.05411535631948386 neg 0.04899612476268149	false	0.5
unbeliebtheit	neg 1.0		__DUMMY__ 0.8857613401939217 off 0.05888863154806272 neg 0.055350028258015556	false	0.5
sturheit	neg 1.0		__DUMMY__ 0.8949386209947274 off 0.05422890024075856 neg 0.050832478764514	false	0.5
kuh	neg 1.0		__DUMMY__ 0.8936532845207324 off 0.05490781829022173 neg 0.051438897189045894	false	0.5
erschrecken	neg 1.0		__DUMMY__ 0.8944603997341134 off 0.05858041366536027 neg 0.046959186600526344	false	0.5
opfer	neg 1.0		__DUMMY__ 0.8989939803172357 off 0.05206773827057297 neg 0.04893828141219151	false	0.5
sinken	neg 1.0		__DUMMY__ 0.8990417635315748 neg 0.05221310776409429 off 0.04874512870433091	false	1.0
stinktier	neg 1.0		__DUMMY__ 0.8890621827431171 off 0.06382858241174527 neg 0.04710923484513774	false	0.5
tucke	off 1.0		__DUMMY__ 0.8835459852203297 off 0.06674503087438816 neg 0.04970898390528215	false	1.0
ein			__DUMMY__ 0.8967205663626676 off 0.055302447385264415 neg 0.047976986252067894	false	0.0
abstieg	neg 1.0		__DUMMY__ 0.9017022099834869 off 0.051206464366955216 neg 0.04709132564955785	false	0.5
missverstehen	neg 1.0		__DUMMY__ 0.8928086844622043 off 0.05735273311912253 neg 0.0498385824186732	false	0.5
ergebnislos	neg 1.0		__DUMMY__ 0.8976764465348998 neg 0.051191098334925245 off 0.051132455130175065	false	1.0
unter			__DUMMY__ 0.906081646074553 neg 0.04958853034551704 off 0.04432982357992991	false	0.0
manipulieren	neg 1.0		__DUMMY__ 0.8980061942734596 neg 0.05123870072317676 off 0.05075510500336351	false	1.0
unbewiesen	neg 1.0		__DUMMY__ 0.8896456567951073 off 0.05534516126122661 neg 0.05500918194366612	false	0.5
verschleppen	neg 1.0		__DUMMY__ 0.8975100544439079 off 0.05264140573564122 neg 0.04984853982045089	false	0.5
weib	off 1.0		__DUMMY__ 0.8875776036159214 off 0.06643291029348287 neg 0.045989486090595826	false	1.0
opposition	neg 1.0		__DUMMY__ 0.8935224355394582 off 0.05627537076573485 neg 0.050202193694806906	false	0.5
verkehrswidrig	neg 1.0	neg 1.0	neg 0.5003864731490144 __DUMMY__ 0.45259441933139155 off 0.04701910751959399	false	1.0
inkorrekt	neg 1.0		__DUMMY__ 0.8881337326687357 off 0.06155457529296266 neg 0.05031169203830158	false	0.5
vermeiden	neg 1.0		__DUMMY__ 0.9028149271115119 neg 0.05088869343950798 off 0.046296379448980206	false	1.0
abweichung	neg 1.0		__DUMMY__ 0.896154464421159 neg 0.05241837197170622 off 0.05142716360713484	false	1.0
alkoholisiert	neg 1.0		__DUMMY__ 0.9046930598006824 off 0.0500042659429684 neg 0.045302674256349165	false	0.5
scheiss	off 1.0	off 1.0	off 0.515122503619207 __DUMMY__ 0.4496094299151493 neg 0.0352680664656438	false	1.0
herausforderung	neg 1.0	neg 1.0	neg 0.5041099345256389 __DUMMY__ 0.4575444249119448 off 0.03834564056241629	false	1.0
pervers	off 1.0		__DUMMY__ 0.8861802558023082 off 0.06926772371125396 neg 0.044552020486437915	false	1.0
wackelig	neg 1.0		__DUMMY__ 0.9009461102399092 off 0.05243261526995141 neg 0.046621274490139364	false	0.5
verwickeln	neg 1.0		__DUMMY__ 0.8927910950020038 off 0.05729559815533376 neg 0.04991330684266241	false	0.5
vorwand	neg 1.0		__DUMMY__ 0.8986194279922534 neg 0.05135234362334843 off 0.050028228384398354	false	1.0
muschi	off 1.0		__DUMMY__ 0.8957321733126112 off 0.053521280340441374 neg 0.050746546346947474	false	1.0
entmutigung	neg 1.0		__DUMMY__ 0.8928057484254552 off 0.05644928558198662 neg 0.05074496599255806	false	0.5
unangemessen	neg 1.0		__DUMMY__ 0.8947377115491888 off 0.053428422420997955 neg 0.05183386602981323	false	0.5
unstetig	neg 1.0		__DUMMY__ 0.8968999631307769 off 0.05536297421985619 neg 0.047737062649366814	false	0.5
entmutigen	neg 1.0		__DUMMY__ 0.8945171078880391 off 0.05613679847114275 neg 0.049346093640818274	false	0.5
schwanz	neg 1.0		__DUMMY__ 0.8983606482509525 neg 0.051089856135489574 off 0.05054949561355792	false	1.0
verbot	neg 1.0		__DUMMY__ 0.8944949197569746 off 0.052758939423010555 neg 0.0527461408200149	false	0.5
leid	neg 1.0		__DUMMY__ 0.8906874794928137 off 0.06434688585457375 neg 0.04496563465261249	false	0.5
archaisch	neg 1.0		__DUMMY__ 0.8966259113538227 off 0.0531341485842202 neg 0.05023994006195701	false	0.5
gegen			__DUMMY__ 0.9005289939789055 neg 0.049928752289816115 off 0.04954225373127832	false	0.0
scheidung	neg 1.0		__DUMMY__ 0.8851608834872117 off 0.07252169250053037 neg 0.04231742401225799	false	0.5
einschlag	neg 1.0	neg 1.0	neg 0.5047568431990804 __DUMMY__ 0.4482511212412734 off 0.04699203555964608	false	1.0
m			__DUMMY__ 0.8980893008060991 off 0.05280237694954864 neg 0.04910832224435221	false	0.0
abgestanden	neg 1.0		__DUMMY__ 0.8982166449143881 off 0.054871486816630594 neg 0.0469118682689813	false	0.5
schmierig	off 1.0		__DUMMY__ 0.891141072989382 off 0.06392984284360477 neg 0.044929084167013196	false	1.0
unpraktisch	neg 1.0		__DUMMY__ 0.8978947738070681 off 0.0554910993502176 neg 0.04661412684271437	false	0.5
wixxer	off 1.0		__DUMMY__ 0.8849520342612941 off 0.06904994085419115 neg 0.04599802488451485	false	1.0
bezeichnet			__DUMMY__ 0.8948633438055125 off 0.05465869760990179 neg 0.05047795858458566	false	0.0
jammerlappen	off 1.0		__DUMMY__ 0.892717842499308 off 0.05939679149415131 neg 0.047885366006540614	false	1.0
farce	neg 1.0		__DUMMY__ 0.8931151917079262 neg 0.05347850664688077 off 0.05340630164519305	false	1.0
zwecklos	neg 1.0		__DUMMY__ 0.895622734420309 off 0.053361936240697246 neg 0.05101532933899365	false	0.5
turbulent	neg 1.0		__DUMMY__ 0.8911926801754562 off 0.05957937495662346 neg 0.04922794486792042	false	0.5
invasion	neg 1.0		__DUMMY__ 0.8950789273958665 off 0.057072882680550496 neg 0.047848189923583	false	0.5
schuld	neg 1.0		__DUMMY__ 0.8950570058471418 off 0.05586108384364297 neg 0.049081910309215326	false	0.5
risiko	neg 1.0		__DUMMY__ 0.8969698586093297 off 0.05507131500802473 neg 0.04795882638264556	false	0.5
finster	neg 1.0		__DUMMY__ 0.896899279872344 off 0.05523919928854901 neg 0.04786152083910705	false	0.5
geisteskrank	off 1.0		__DUMMY__ 0.8904896861146196 off 0.06099774563337078 neg 0.04851256825200963	false	1.0
zusammenbrechen	neg 1.0		__DUMMY__ 0.8978685785562711 off 0.053743509552787595 neg 0.04838791189094123	false	0.5
ausbeute	neg 1.0		__DUMMY__ 0.9003472756086883 off 0.05026901045783734 neg 0.049383713933474356	false	0.5
hinterhalt	neg 1.0		__DUMMY__ 0.8974294145266563 off 0.05289165127222446 neg 0.049678934201119296	false	0.5
kritik	neg 1.0		__DUMMY__ 0.8938731587587595 off 0.05329201102706995 neg 0.05283483021417051	false	0.5
einschrumpfen	neg 1.0		__DUMMY__ 0.890275023633117 off 0.05758454306173425 neg 0.052140433305148746	false	0.5
riskant	neg 1.0		__DUMMY__ 0.897099160076385 off 0.051854949602597636 neg 0.05104589032101745	false	0.5
frustrieren	neg 1.0		__DUMMY__ 0.8972356185322586 off 0.05196585084269053 neg 0.05079853062505086	false	0.5
groll	neg 1.0		__DUMMY__ 0.8969774855595009 off 0.05311402415460569 neg 0.049908490285893524	false	0.5
gibt			__DUMMY__ 0.8959747734468025 off 0.05347039003839644 neg 0.05055483651480099	false	0.0
qualvoll	neg 1.0		__DUMMY__ 0.8962504666761633 off 0.05782865230583175 neg 0.045920881018004914	false	0.5
wackeln	neg 1.0	neg 1.0	neg 0.5044098334406797 __DUMMY__ 0.4535710843138941 off 0.04201908224542628	false	1.0
klagen	neg 1.0		__DUMMY__ 0.8984968589141303 neg 0.05265205907838533 off 0.048851082007484344	false	1.0
bankrott	neg 1.0		__DUMMY__ 0.8942678904567845 off 0.05821234726740574 neg 0.04751976227580983	false	0.5
trauern	neg 1.0		__DUMMY__ 0.899901771851139 off 0.05179199652291435 neg 0.04830623162594672	false	0.5
ablehnung	neg 1.0		__DUMMY__ 0.8938116354797205 off 0.05338062298637782 neg 0.05280774153390156	false	0.5
stur	neg 1.0		__DUMMY__ 0.8942452149555952 off 0.056377906286820406 neg 0.0493768787575845	false	0.5
aufruhr	neg 1.0		__DUMMY__ 0.8974477796150663 off 0.0541361545385572 neg 0.0484160658463766	false	0.5
melancholie	neg 1.0		__DUMMY__ 0.8993207729964202 off 0.052356144527956464 neg 0.04832308247562328	false	0.5
ist			__DUMMY__ 0.8946421442890568 off 0.056523997334718565 neg 0.04883385837622468	false	0.0
torheit	neg 1.0		__DUMMY__ 0.8936125183911204 off 0.05580658290456693 neg 0.050580898704312635	false	0.5
dreckskind	off 1.0		__DUMMY__ 0.8882432421397717 off 0.06512014465842333 neg 0.04663661320180503	false	1.0
umtauschen	neg 1.0		__DUMMY__ 0.8970378422390174 off 0.05405349996312695 neg 0.04890865779785556	false	0.5
zum			__DUMMY__ 0.9057402799322922 neg 0.047944433297967624 off 0.04631528676974005	false	0.0
zersetzen	neg 1.0		__DUMMY__ 0.8968537067496412 neg 0.052512283476675886 off 0.05063400977368297	false	1.0
zur			__DUMMY__ 0.9026004562324719 neg 0.05142070773585505 off 0.0459788360316731	false	0.0
frust	neg 1.0		__DUMMY__ 0.8974930430416654 off 0.05364284359593524 neg 0.048864113362399327	false	0.5
unerbittlichkeit	neg 1.0		__DUMMY__ 0.8969766313802916 neg 0.052292503886543294 off 0.05073086473316508	false	1.0
zwei			__DUMMY__ 0.9035634062706824 off 0.04824592392986768 neg 0.04819066979944989	false	0.0
unkorrekt	neg 1.0		__DUMMY__ 0.8872701959069182 off 0.061920069847990124 neg 0.050809734245091685	false	0.5
hexe	off 1.0		__DUMMY__ 0.8914229647863979 off 0.059587129148995395 neg 0.0489899060646067	false	1.0
lasch	neg 1.0		__DUMMY__ 0.8907202883855979 off 0.058373847096742044 neg 0.05090586451765998	false	0.5
rivale	neg 1.0		__DUMMY__ 0.8935246072569343 off 0.06162498245236897 neg 0.04485041029069668	false	0.5
mutlos	off 1.0	off 1.0	off 0.5093544289352553 __DUMMY__ 0.45035839522100063 neg 0.040287175843744145	false	1.0
wirr	off 1.0		__DUMMY__ 0.8880109314971517 off 0.06206623719072686 neg 0.04992283131212143	false	1.0
jahr			__DUMMY__ 0.9016614502595159 off 0.049740436115549076 neg 0.048598113624935005	false	0.0
wird			__DUMMY__ 0.8973754670744903 off 0.05214370285155748 neg 0.05048083007395217	false	0.0
strafbar	neg 1.0		__DUMMY__ 0.8961837139857939 off 0.05200548114632118 neg 0.051810804867884905	false	0.5
erosion	neg 1.0		__DUMMY__ 0.8972834213941044 off 0.05532139705546789 neg 0.04739518155042774	false	0.5
eingehen	neg 1.0		__DUMMY__ 0.8949629341334572 off 0.052767930345516564 neg 0.05226913552102621	false	0.5
faul	off 1.0		__DUMMY__ 0.8953932987316527 off 0.05833872021315951 neg 0.04626798105518776	false	1.0
provisorium	neg 1.0		__DUMMY__ 0.9048842640895594 neg 0.051131389522972547 off 0.043984346387467996	false	1.0
schmerzen	neg 1.0		__DUMMY__ 0.8970485327109703 off 0.05441858567129975 neg 0.04853288161773002	false	0.5
schrumpfen	neg 1.0		__DUMMY__ 0.8999323517416942 neg 0.05365272944451782 off 0.046414918813787905	false	1.0
geistlos	off 1.0		__DUMMY__ 0.889628468049687 off 0.057528365330039806 neg 0.05284316662027313	false	1.0
fehlkauf	neg 1.0		__DUMMY__ 0.8942944680853846 off 0.056483225042179966 neg 0.04922230687243546	false	0.5
frustrierend	neg 1.0		__DUMMY__ 0.8948950460672143 off 0.05849887206438136 neg 0.046606081868404266	false	0.5
unzufrieden	neg 1.0		__DUMMY__ 0.8952831764364331 off 0.05325177353553744 neg 0.05146505002802953	false	0.5
verzweifeln	neg 1.0		__DUMMY__ 0.8962827722698615 off 0.05461146848217814 neg 0.04910575924796037	false	0.5
verzweifelt	neg 1.0		__DUMMY__ 0.8945279721678909 off 0.05642181990534009 neg 0.04905020792676884	false	0.5
misstrauensantrag	neg 1.0		__DUMMY__ 0.8940754727749514 off 0.056824599095551535 neg 0.049099928129497136	false	0.5
abfallen	neg 1.0		__DUMMY__ 0.8978070204260234 off 0.05575083486809595 neg 0.046442144705880595	false	0.5
fucker	off 1.0		__DUMMY__ 0.8903638255963537 off 0.06137613774130907 neg 0.048260036662337226	false	1.0
ungezogen	neg 1.0		__DUMMY__ 0.8878671836367217 off 0.06769384512121797 neg 0.04443897124206036	false	0.5
irrsinnig	neg 1.0	neg 1.0	neg 0.5080456113294147 __DUMMY__ 0.4494378977669178 off 0.042516490903667443	false	1.0
unfassbar	neg 1.0		__DUMMY__ 0.891413812247361 off 0.05997505989316883 neg 0.0486111278594702	false	0.5
hart	neg 1.0		__DUMMY__ 0.8942329298227186 off 0.05779132748049944 neg 0.047975742696782016	false	0.5
widerlich	off 1.0		__DUMMY__ 0.8902826443662961 off 0.06084966141695801 neg 0.048867694216745965	false	1.0
fatal	neg 1.0		__DUMMY__ 0.8941752944986496 off 0.05679989670951486 neg 0.04902480879183558	false	0.5
bruch	neg 1.0		__DUMMY__ 0.899430909739394 neg 0.05147719253144883 off 0.0490918977291573	false	1.0
aushungern	neg 1.0		__DUMMY__ 0.894309842981752 off 0.054281901592957045 neg 0.051408255425291004	false	0.5
anspannung	neg 1.0	neg 1.0	neg 0.5044513769734413 __DUMMY__ 0.46009018470857943 off 0.03545843831797926	false	1.0
von			__DUMMY__ 0.9018182677634065 off 0.0491710417806991 neg 0.04901069045589445	false	0.0
kraftlos	neg 1.0		__DUMMY__ 0.9004456448416641 off 0.053013953314777026 neg 0.04654040184355881	false	0.5
vom			__DUMMY__ 0.9065033828959618 neg 0.04905199599612884 off 0.04444462110790941	false	0.0
grenzdebil	off 1.0		__DUMMY__ 0.8920360332953425 off 0.06082868780260553 neg 0.047135278902051846	false	1.0
vor			__DUMMY__ 0.9002931035933404 off 0.04996126534522285 neg 0.04974563106143674	false	0.0
unterwerfen	neg 1.0		__DUMMY__ 0.8973270457955831 off 0.051755821242246466 neg 0.05091713296217038	false	0.5
versenkung	neg 1.0		__DUMMY__ 0.897774850970261 off 0.05159648905666577 neg 0.050628659973073094	false	0.5
entziehen	neg 1.0		__DUMMY__ 0.8989436287053785 neg 0.051622449471978735 off 0.04943392182264274	false	1.0
finanzkrise	neg 1.0		__DUMMY__ 0.8937727877424839 off 0.05404450315625637 neg 0.05218270910125973	false	0.5
schimpfend	neg 1.0		__DUMMY__ 0.8986434351489561 off 0.055401973212766444 neg 0.045954591638277587	false	0.5
profan	neg 1.0		__DUMMY__ 0.8940215612973139 off 0.057482940056745785 neg 0.04849549864594027	false	0.5
korruption	neg 1.0		__DUMMY__ 0.8942267443227785 neg 0.05313002408970512 off 0.05264323158751644	false	1.0
â			__DUMMY__ 0.8981481194733368 off 0.05184569214795603 neg 0.05000618837870724	false	0.0
schmutzig	neg 1.0		__DUMMY__ 0.8938471044959452 off 0.06030760734775695 neg 0.0458452881562979	false	0.5
sexy	neg 1.0		__DUMMY__ 0.8940236602025263 off 0.05806674056732254 neg 0.047909599230151104	false	0.5
abraten	neg 1.0		__DUMMY__ 0.8943331606487311 off 0.056516210416702135 neg 0.049150628934566634	false	0.5
schwarz	neg 1.0		__DUMMY__ 0.8940587278986967 off 0.05623107258426395 neg 0.049710199517039394	false	0.5
fotze	off 1.0		__DUMMY__ 0.8967247975472623 neg 0.0516998399288296 off 0.05157536252390804	false	0.5
verwirren	neg 1.0		__DUMMY__ 0.893776966545899 off 0.05773723102033489 neg 0.04848580243376605	false	0.5
zahnlos	off 1.0		__DUMMY__ 0.8951718008921214 off 0.0532851712944624 neg 0.05154302781341613	false	1.0
verheeren	neg 1.0		__DUMMY__ 0.8888377011287661 off 0.06873429777346562 neg 0.042428001097768266	false	0.5
hippie	neg 1.0		__DUMMY__ 0.8936963443789145 off 0.0576848238086945 neg 0.048618831812390975	false	0.5
rammen	neg 1.0		__DUMMY__ 0.8970146804431367 off 0.055213063638985115 neg 0.047772255917878065	false	0.5
unlauter	neg 1.0		__DUMMY__ 0.8899112630365468 off 0.05539892667258007 neg 0.054689810290873206	false	0.5
unheilvoll	neg 1.0		__DUMMY__ 0.8973227000591244 off 0.05671233322152693 neg 0.045964966719348604	false	0.5
niedrig	neg 1.0		__DUMMY__ 0.9004500762595956 off 0.050668464080448616 neg 0.04888145965995582	false	0.5
explosion	neg 1.0		__DUMMY__ 0.8938276687676502 off 0.057096875372061553 neg 0.049075455860288365	false	0.5
weichei	off 1.0		__DUMMY__ 0.8885174227073463 off 0.06507764651008778 neg 0.046404930782565836	false	1.0
minusmensch	off 1.0		__DUMMY__ 0.881846724537064 off 0.0687809033504824 neg 0.04937237211245359	false	1.0
farblos	neg 1.0		__DUMMY__ 0.9013117054184577 off 0.05345168435923948 neg 0.045236610222302874	false	0.5
unwissend	neg 1.0	neg 1.0	neg 0.5072887433284917 __DUMMY__ 0.4474009993738147 off 0.045310257297693515	false	1.0
traurig	neg 1.0		__DUMMY__ 0.8911721913980991 off 0.06250699068312385 neg 0.04632081791877708	false	0.5
senkung	neg 1.0		__DUMMY__ 0.8910821558770529 off 0.057232715554979594 neg 0.05168512856796762	false	0.5
ungleich	neg 1.0	neg 1.0	neg 0.5102543752088637 __DUMMY__ 0.4507196822789809 off 0.03902594251215548	false	1.0
heikel	neg 1.0		__DUMMY__ 0.8966145325737479 neg 0.05264386404829813 off 0.050741603377953894	false	1.0
drosselung	neg 1.0		__DUMMY__ 0.8926514881156156 off 0.0601958150530992 neg 0.04715269683128527	false	0.5
falsch	neg 1.0		__DUMMY__ 0.8936598560295419 off 0.05868759619861331 neg 0.0476525477718448	false	0.5
unzufriedenheit	neg 1.0		__DUMMY__ 0.8975900910408893 neg 0.05209041115999171 off 0.05031949779911906	false	1.0
kurz	neg 1.0		__DUMMY__ 0.8989555259030111 off 0.053297573777526926 neg 0.047746900319462014	false	0.5
unsinnig	neg 1.0		__DUMMY__ 0.8939028520600868 off 0.05367799482710954 neg 0.0524191531128037	false	0.5
penner	off 1.0	off 1.0	off 0.520814433049207 __DUMMY__ 0.44469179104122036 neg 0.0344937759095725	false	1.0
seicht	neg 1.0		__DUMMY__ 0.8846221417333798 off 0.06785775479918862 neg 0.04752010346743157	false	0.5
dummheit	off 1.0	off 1.0	off 0.513679450333576 __DUMMY__ 0.4485230462570756 neg 0.037797503409348426	false	1.0
unerfreulich	neg 1.0		__DUMMY__ 0.8992135205722869 neg 0.05099838231309088 off 0.04978809711462232	false	1.0
motherfucker	off 1.0	off 1.0	off 0.5166014144923883 __DUMMY__ 0.4464093317030004 neg 0.03698925380461131	false	1.0
pikiert	neg 1.0		__DUMMY__ 0.8906110094119639 off 0.05988615481113418 neg 0.04950283577690195	false	0.5
wrack	neg 1.0		__DUMMY__ 0.8999368234206728 off 0.05092798165848531 neg 0.04913519492084176	false	0.5
gangster	neg 1.0		__DUMMY__ 0.8943714477541144 off 0.05728103250425279 neg 0.04834751974163291	false	0.5
krank	neg 1.0		__DUMMY__ 0.8937258184637169 off 0.060837382364424625 neg 0.04543679917185849	false	0.5
reich	neg 1.0		__DUMMY__ 0.8902853307324184 off 0.058545824214950755 neg 0.051168845052630856	false	0.5
gnadenlos	neg 1.0		__DUMMY__ 0.8954267615156031 off 0.05587835776922408 neg 0.04869488071517277	false	0.5
niedergeschlagen	neg 1.0		__DUMMY__ 0.8992965563208225 off 0.05371726454635832 neg 0.04698617913281912	false	0.5
terrorisieren	off 1.0	off 1.0	off 0.5096023376369444 __DUMMY__ 0.45256935255844954 neg 0.03782830980460604	false	1.0
sinnlosigkeit	neg 1.0		__DUMMY__ 0.8957535588233693 off 0.0533298480444064 neg 0.05091659313222432	false	0.5
behindern	neg 1.0		__DUMMY__ 0.8950835663022808 off 0.05410641999177 neg 0.05081001370594905	false	0.5
undemokratisch	neg 1.0		__DUMMY__ 0.8918271937268082 off 0.05591316803461243 neg 0.052259638238579334	false	0.5
wirtschaftskrise	neg 1.0		__DUMMY__ 0.8956870750858298 neg 0.05220993655498626 off 0.05210298835918391	false	1.0
neid	neg 1.0		__DUMMY__ 0.8960068050832467 off 0.05903422068810886 neg 0.04495897422864443	false	0.5
rutschen	neg 1.0		__DUMMY__ 0.904385799132802 off 0.04818002759793238 neg 0.04743417326926561	false	0.5
rezession	neg 1.0		__DUMMY__ 0.8883546316504977 off 0.06340506151015649 neg 0.04824030683934595	false	0.5
fehlgeburt	neg 1.0		__DUMMY__ 0.8981397185866781 off 0.05654072229407287 neg 0.04531955911924898	false	0.5
charakterschwach	off 1.0		__DUMMY__ 0.8917593831310112 off 0.06061483502689183 neg 0.04762578184209696	false	1.0
isolation	neg 1.0		__DUMMY__ 0.8945774010505343 off 0.05837118390872443 neg 0.04705141504074125	false	0.5
ablenkung	neg 1.0		__DUMMY__ 0.8959371981283715 off 0.05520312254142245 neg 0.04885967933020608	false	0.5
pech	neg 1.0		__DUMMY__ 0.8949534258546937 off 0.0579819204445077 neg 0.047064653700798535	false	0.5
vermeidung	neg 1.0		__DUMMY__ 0.8901946205008103 off 0.06051981538818373 neg 0.049285564111005924	false	0.5
dominieren	neg 1.0		__DUMMY__ 0.9004886302477868 off 0.05183436637475297 neg 0.04767700337746016	false	0.5
schwindlig	neg 1.0		__DUMMY__ 0.8992452799617158 off 0.056736074646299865 neg 0.04401864539198446	false	0.5
lutscher	neg 1.0		__DUMMY__ 0.8850028735774494 off 0.06826326512972769 neg 0.04673386129282286	false	0.5
pflicht	neg 1.0		__DUMMY__ 0.8968433532050311 neg 0.05240313924801057 off 0.05075350754695832	false	1.0
faschist	off 1.0		__DUMMY__ 0.8906887774402737 off 0.05783313041601775 neg 0.051478092143708534	false	1.0
verschleudern	neg 1.0		__DUMMY__ 0.8928599126068012 neg 0.05574412235576207 off 0.0513959650374368	false	1.0
wenn			__DUMMY__ 0.8933126823715435 off 0.05890442980692436 neg 0.047782887821532075	false	0.0
ehebruch	neg 1.0		__DUMMY__ 0.8968989770081061 off 0.05232975208317212 neg 0.05077127090872191	false	0.5
spott	off 1.0		__DUMMY__ 0.8956670650173014 neg 0.05245639835734966 off 0.05187653662534896	false	0.5
trostlosigkeit	neg 1.0		__DUMMY__ 0.8993740544704035 neg 0.05107754576397152 off 0.049548399765624924	false	1.0
lutschen	neg 1.0		__DUMMY__ 0.8934735962074014 off 0.057165625533518685 neg 0.049360778259079835	false	0.5
undiszipliniert	neg 1.0		__DUMMY__ 0.8924380959907252 off 0.06171051790672891 neg 0.04585138610254597	false	0.5
kopfschmerz	neg 1.0		__DUMMY__ 0.8997315371464687 off 0.05319677767618655 neg 0.04707168517734475	false	0.5
unvorhergesehen	neg 1.0		__DUMMY__ 0.9019332943466591 off 0.051181684008186096 neg 0.04688502164515471	false	0.5
desinteressiert	neg 1.0		__DUMMY__ 0.8904893145687788 off 0.06167452012379911 neg 0.04783616530742207	false	0.5
armselig	off 1.0		__DUMMY__ 0.888191529488895 off 0.06265092017302243 neg 0.04915755033808246	false	1.0
desaster	neg 1.0		__DUMMY__ 0.8979147772479831 neg 0.053471392567313994 off 0.04861383018470294	false	1.0
tod	neg 1.0		__DUMMY__ 0.9004140866250203 off 0.05180172079035844 neg 0.04778419258462116	false	0.5
herzlos	neg 1.0		__DUMMY__ 0.8896190395569716 off 0.06298421103875827 neg 0.04739674940427005	false	0.5
unwissenheit	neg 1.0		__DUMMY__ 0.8938291919255015 off 0.053153833787955455 neg 0.05301697428654313	false	0.5
widersinnig	neg 1.0	neg 1.0	neg 0.5117875294000792 __DUMMY__ 0.44755506498489533 off 0.040657405615025385	false	1.0
bedenklich	neg 1.0		__DUMMY__ 0.8958700330299312 neg 0.05207514276395246 off 0.052054824206116436	false	1.0
beanstanden	neg 1.0		__DUMMY__ 0.8974629525107446 neg 0.052400283432176675 off 0.05013676405707873	false	1.0
panisch	neg 1.0	neg 1.0	neg 0.5030367856810488 __DUMMY__ 0.4536409508304098 off 0.04332226348854149	false	1.0
debil	off 1.0		__DUMMY__ 0.9018709663088798 neg 0.052739838931457096 off 0.04538919475966318	false	0.5
abstrich	neg 1.0		__DUMMY__ 0.8962211667030183 neg 0.05248940692922035 off 0.05128942636776137	false	1.0
primitiv	neg 1.0		__DUMMY__ 0.8903573237174225 off 0.06125832343239213 neg 0.0483843528501853	false	0.5
abschaum	off 1.0	off 1.0	off 0.5151755733671481 __DUMMY__ 0.4478836152539221 neg 0.0369408113789298	false	1.0
provozieren	neg 1.0		__DUMMY__ 0.8943781901986556 off 0.055723605800820135 neg 0.04989820400052429	false	0.5
tot	neg 1.0		__DUMMY__ 0.8958504539309879 neg 0.05311403659522334 off 0.05103550947378874	false	1.0
instabil	neg 1.0		__DUMMY__ 0.8874006094414838 off 0.06093776608917132 neg 0.05166162446934489	false	0.5
schwuchtel	off 1.0		__DUMMY__ 0.882573504168487 off 0.07257460541964234 neg 0.04485189041187063	false	1.0
zerren	neg 1.0		__DUMMY__ 0.8990852914512901 off 0.05393419284842143 neg 0.046980515700288425	false	0.5
kinderficker	off 1.0		__DUMMY__ 0.8857889638022204 off 0.06485702962332207 neg 0.04935400657445751	false	1.0
gefahr	neg 1.0		__DUMMY__ 0.8992281853383217 off 0.05044796488819937 neg 0.050323849773478875	false	0.5
rabiat	neg 1.0		__DUMMY__ 0.8947118328899627 off 0.0551227947217933 neg 0.05016537238824388	false	0.5
verlangsamung	neg 1.0		__DUMMY__ 0.8881919697448278 off 0.0664166364301475 neg 0.045391393825024696	false	0.5
ausgestorben	neg 1.0		__DUMMY__ 0.8975519719074873 off 0.054465766279128906 neg 0.047982261813383824	false	0.5
anklagen	neg 1.0		__DUMMY__ 0.8959297708937005 off 0.05359220625621863 neg 0.05047802285008072	false	0.5
trott	neg 1.0		__DUMMY__ 0.8965788849891512 off 0.054309878594786976 neg 0.049111236416061896	false	0.5
verminderung	neg 1.0		__DUMMY__ 0.8895003897149565 off 0.061176076670588934 neg 0.04932353361445462	false	0.5
nach			__DUMMY__ 0.906934513138432 off 0.046791628794998937 neg 0.04627385806656914	false	0.0
rost	neg 1.0		__DUMMY__ 0.8897450966670569 off 0.06506183383381464 neg 0.04519306949912843	false	0.5
destruktiv	neg 1.0		__DUMMY__ 0.892593444572791 off 0.05475387321130336 neg 0.05265268221590567	false	0.5
unzumutbarkeit	neg 1.0		__DUMMY__ 0.8938229371593058 off 0.05897345975501091 neg 0.04720360308568322	false	0.5
labil	off 1.0	off 1.0	off 0.515123141915517 __DUMMY__ 0.44786486453951985 neg 0.037011993544963144	false	1.0
ziemlich	neg 1.0		__DUMMY__ 0.8931574801907971 off 0.06029691071027385 neg 0.04654560909892906	false	0.5
lachnummer	off 1.0		__DUMMY__ 0.893778468303664 off 0.0550509949436994 neg 0.051170536752636504	false	1.0
oder			__DUMMY__ 0.896869702782323 off 0.05500020685814011 neg 0.048130090359536894	false	0.0
verfall	neg 1.0		__DUMMY__ 0.9003443023802843 neg 0.05322174911085042 off 0.04643394850886539	false	1.0
ausgrenzung	neg 1.0		__DUMMY__ 0.8923942451087773 off 0.05656551243454587 neg 0.05104024245667681	false	0.5
unordnung	neg 1.0		__DUMMY__ 0.8935856759455352 off 0.05961310461310605 neg 0.04680121944135881	false	0.5
fehlverhalten	neg 1.0		__DUMMY__ 0.8968604928984291 neg 0.052091035889587745 off 0.051048471211983165	false	1.0
eine			__DUMMY__ 0.8985675218946091 neg 0.051248818804309086 off 0.0501836593010819	false	0.0
nille	neg 1.0		__DUMMY__ 0.8960178617026494 off 0.05400026040161256 neg 0.049981877895738026	false	0.5
qual	neg 1.0		__DUMMY__ 0.8965082528734706 off 0.05417699067392972 neg 0.04931475645259976	false	0.5
verschwenden	neg 1.0		__DUMMY__ 0.896320109756402 off 0.05234668246042749 neg 0.051333207783170534	false	0.5
riesig	neg 1.0	neg 1.0	neg 0.5058421199755385 __DUMMY__ 0.4549084843521173 off 0.039249395672344166	false	1.0
verurteilen	neg 1.0		__DUMMY__ 0.8960043821344265 off 0.05325779233788747 neg 0.050737825527686055	false	0.5
klischee	neg 1.0	neg 1.0	neg 0.5082307855007888 __DUMMY__ 0.44747368310977137 off 0.044295531389439785	false	1.0
diktatorisch	neg 1.0		__DUMMY__ 0.8908845898642719 off 0.05647245742572722 neg 0.052642952710000905	false	0.5
vorhersehbar	neg 1.0	neg 1.0	neg 0.5075033551902325 __DUMMY__ 0.44861845633501163 off 0.043878188474755955	false	1.0
sowie			__DUMMY__ 0.888144866399515 off 0.06471657976929153 neg 0.04713855383119355	false	0.0
stornieren	neg 1.0		__DUMMY__ 0.899594072877768 off 0.05534883655032706 neg 0.04505709057190478	false	0.5
besteuerung	neg 1.0		__DUMMY__ 0.8916648277854168 off 0.055309458736736816 neg 0.05302571347784641	false	0.5
ungeschminkt	neg 1.0		__DUMMY__ 0.8913595012791139 off 0.060223672379446466 neg 0.04841682634143961	false	0.5
kritisch	neg 1.0		__DUMMY__ 0.8956673565531715 neg 0.052391828124873904 off 0.051940815321954555	false	1.0
schlamperei	off 1.0		__DUMMY__ 0.8957919711025456 neg 0.053231095345143184 off 0.05097693355231115	false	0.5
sucht	neg 1.0	neg 1.0	neg 0.5058343242100446 __DUMMY__ 0.4529057995110059 off 0.04125987627894956	false	1.0
egoistisch	off 1.0		__DUMMY__ 0.8890767955394874 off 0.0651705904084233 neg 0.04575261405208937	false	1.0
ausbeuter	off 1.0		__DUMMY__ 0.8955577871217761 neg 0.053524094412598526 off 0.050918118465625425	false	0.5
arschgeburt	off 1.0		__DUMMY__ 0.8817697792677258 off 0.07284752419526115 neg 0.045382696537013	false	1.0
schubs	neg 1.0	neg 1.0	neg 0.5054437907981594 __DUMMY__ 0.4547614228010806 off 0.03979478640075988	false	1.0
unsolide	neg 1.0		__DUMMY__ 0.8874452211908329 off 0.05680649636879508 neg 0.05574828244037197	false	0.5
beschwerde	neg 1.0		__DUMMY__ 0.8961755617257225 neg 0.05274413916383819 off 0.05108029911043924	false	1.0
stocken	neg 1.0		__DUMMY__ 0.8980694231093671 off 0.05162306481800393 neg 0.05030751207262897	false	0.5
isolieren	neg 1.0		__DUMMY__ 0.8969985410184148 off 0.05263632864084669 neg 0.050365130340738425	false	0.5
unheilbar	neg 1.0		__DUMMY__ 0.8984055168837621 off 0.0555655098968232 neg 0.04602897321941477	false	0.5
pisser	off 1.0		__DUMMY__ 0.8923646649400229 off 0.06145973748673027 neg 0.04617559757324692	false	1.0
löschen	neg 1.0		__DUMMY__ 0.896044495278859 off 0.05480786487379733 neg 0.049147639847343695	false	0.5
durchfallen	neg 1.0		__DUMMY__ 0.8944170757689845 off 0.053058537033758464 neg 0.05252438719725701	false	0.5
wichser	off 1.0		__DUMMY__ 0.8863078236297213 off 0.06943492188236687 neg 0.044257254487911776	false	1.0
terror	neg 1.0		__DUMMY__ 0.8958636704355996 off 0.05714286271699335 neg 0.046993466847407135	false	0.5
krass	neg 1.0		__DUMMY__ 0.889740348561758 off 0.06311934734522599 neg 0.047140304093016144	false	0.5
revolte	neg 1.0		__DUMMY__ 0.8922264021857167 off 0.05703512304630225 neg 0.05073847476798112	false	0.5
besorgt	neg 1.0		__DUMMY__ 0.9001386522877697 off 0.053069430032317164 neg 0.04679191767991308	false	0.5
nachlassen	neg 1.0		__DUMMY__ 0.8986862994272407 off 0.05101380016074393 neg 0.05029990041201535	false	0.5
alt	neg 1.0		__DUMMY__ 0.8986238404887074 off 0.0515932333317359 neg 0.04978292617955674	false	0.5
hundesohn	off 1.0		__DUMMY__ 0.8848951025431614 off 0.06833524510788393 neg 0.04676965234895473	false	1.0
als			__DUMMY__ 0.8982497823534483 off 0.05329091749622351 neg 0.048459300150328094	false	0.0
abschreckung	neg 1.0		__DUMMY__ 0.8989687934212273 neg 0.05130535518492778 off 0.04972585139384488	false	1.0
unqualifiziert	neg 1.0		__DUMMY__ 0.8891939738994732 off 0.05816727759948079 neg 0.052638748501046	false	0.5
abgewichst	off 1.0		__DUMMY__ 0.8967327680067688 off 0.053318918274124556 neg 0.049948313719106574	false	1.0
schwer	neg 1.0		__DUMMY__ 0.8964622258994065 off 0.05493114575957222 neg 0.04860662834102124	false	0.5
bedeutungslosigkeit	neg 1.0		__DUMMY__ 0.8976076149188276 neg 0.05186595240072518 off 0.05052643268044727	false	1.0
kapitulation	neg 1.0		__DUMMY__ 0.8948357743041144 neg 0.053342032651543546 off 0.051822193044341956	false	1.0
unscharf	neg 1.0		__DUMMY__ 0.8941103603954257 off 0.0565630437732829 neg 0.04932659583129137	false	0.5
schwinden	neg 1.0		__DUMMY__ 0.8986384288566466 neg 0.051036343349737966 off 0.050325227793615396	false	1.0
versklavung	neg 1.0		__DUMMY__ 0.8917061830577676 off 0.05604757800735136 neg 0.052246238934880986	false	0.5
schlecht	neg 1.0		__DUMMY__ 0.8934252890172545 off 0.06045145701928122 neg 0.046123253963464325	false	0.5
verhasst	neg 1.0		__DUMMY__ 0.894376508018709 off 0.05606519037261981 neg 0.04955830160867115	false	0.5
beschweren	neg 1.0		__DUMMY__ 0.8946241994442615 off 0.056717411051010115 neg 0.04865838950472845	false	0.5
scheiden	neg 1.0		__DUMMY__ 0.8994279876399626 off 0.05478170693350191 neg 0.04579030542653561	false	0.5
frustriert	neg 1.0		__DUMMY__ 0.8966066498803202 off 0.05402889023280971 neg 0.04936445988687003	false	0.5
schimmelig	neg 1.0		__DUMMY__ 0.8997484754502523 off 0.05085216901219183 neg 0.04939935553755587	false	0.5
fisch	neg 1.0		__DUMMY__ 0.9018452139276731 off 0.04959115253997046 neg 0.04856363353235636	false	0.5
schmuggel	neg 1.0		__DUMMY__ 0.9023935626807424 off 0.05027813400079293 neg 0.047328303318464535	false	0.5
auffallen	neg 1.0		__DUMMY__ 0.8944216653204369 off 0.05726684002463086 neg 0.048311494654932216	false	0.5
konkurrenz	neg 1.0	neg 1.0	neg 0.5089237319903405 __DUMMY__ 0.4535522212048616 off 0.03752404680479795	false	1.0
teufelskreis	neg 1.0		__DUMMY__ 0.896186161231867 off 0.05455206921329002 neg 0.049261769554842925	false	0.5
aufschreien	neg 1.0		__DUMMY__ 0.8933498510228071 off 0.05721804554788679 neg 0.04943210342930611	false	0.5
schuldner	neg 1.0		__DUMMY__ 0.8982013512296999 neg 0.05127036964775738 off 0.050528279122542666	false	1.0
missgeburt	off 1.0	off 1.0	off 0.519099072034765 __DUMMY__ 0.44551499710551135 neg 0.0353859308597237	false	1.0
arbeitslos	neg 1.0		__DUMMY__ 0.8945595661100284 off 0.05334769254004168 neg 0.052092741349929875	false	0.5
befallen	neg 1.0		__DUMMY__ 0.8969122115300752 off 0.053548249277911686 neg 0.04953953919201308	false	0.5
miesepetrig	off 1.0	off 1.0	off 0.515557764918585 __DUMMY__ 0.4494999308989058 neg 0.03494230418250929	false	1.0
alarmieren	neg 1.0		__DUMMY__ 0.891712060574724 off 0.059230263646356175 neg 0.04905767577891984	false	0.5
ungeduscht	off 1.0		__DUMMY__ 0.8953226340308157 off 0.05770078827398881 neg 0.046976577695195525	false	1.0
knappheit	neg 1.0		__DUMMY__ 0.8950211662715021 neg 0.05331781859549078 off 0.051661015133007235	false	1.0
schlange	neg 1.0		__DUMMY__ 0.8977598632192699 off 0.05644822775064899 neg 0.04579190903008108	false	0.5
harsch	neg 1.0		__DUMMY__ 0.891768152949929 off 0.06383070490953524 neg 0.044401142140535796	false	0.5
lang	neg 1.0		__DUMMY__ 0.8961883787775512 off 0.055202328084732584 neg 0.04860929313771615	false	0.5
ziellos	neg 1.0		__DUMMY__ 0.8994471089587832 off 0.05276398543245039 neg 0.047788905608766426	false	0.5
selbstverliebt	neg 1.0		__DUMMY__ 0.883173641225366 off 0.07035954322869353 neg 0.046466815545940496	false	0.5
beseitigen	neg 1.0		__DUMMY__ 0.8962617265557565 off 0.05393333146687084 neg 0.04980494197737266	false	0.5
dumm	off 1.0		__DUMMY__ 0.8872041217276133 off 0.0660053845014648 neg 0.04679049377092195	false	1.0
arbeitsloser	neg 1.0		__DUMMY__ 0.8972804828458426 off 0.052610318097474434 neg 0.05010919905668303	false	0.5
blitzen	neg 1.0		__DUMMY__ 0.894287892852467 off 0.057833198636212675 neg 0.04787890851132035	false	0.5
hilflos	neg 1.0		__DUMMY__ 0.8975510706086484 off 0.053559568341729466 neg 0.04888936104962227	false	0.5
eklig	off 1.0		__DUMMY__ 0.8882995159914474 off 0.06652437860843963 neg 0.04517610540011294	false	1.0
begriff			__DUMMY__ 0.8946796592296843 off 0.05398569286554748 neg 0.05133464790476824	false	0.0
hungersnot	neg 1.0		__DUMMY__ 0.8980260537900738 off 0.05342624128072656 neg 0.048547704929199596	false	0.5
ungesetzlich	neg 1.0		__DUMMY__ 0.888538368570036 off 0.05725191238729113 neg 0.05420971904267285	false	0.5
verschwendung	neg 1.0		__DUMMY__ 0.8976115404038587 off 0.0513182069840349 neg 0.05107025261210627	false	0.5
schmerzvoll	neg 1.0		__DUMMY__ 0.8952980434154842 off 0.056616595256147345 neg 0.04808536132836834	false	0.5
vorzeitig	neg 1.0		__DUMMY__ 0.8965539388680223 off 0.05766446903632898 neg 0.0457815920956487	false	0.5
unvollkommenheit	neg 1.0		__DUMMY__ 0.9025643669417956 off 0.052584209139771104 neg 0.04485142391843315	false	0.5
intervenieren	neg 1.0		__DUMMY__ 0.8952181152083866 neg 0.053598526065569765 off 0.05118335872604354	false	1.0
banause	off 1.0		__DUMMY__ 0.8850402903388064 off 0.06837018449429363 neg 0.04658952516689997	false	1.0
rebell	neg 1.0		__DUMMY__ 0.8998378674593401 neg 0.05226596849083405 off 0.04789616404982594	false	1.0
unlogisch	neg 1.0		__DUMMY__ 0.8899479708440142 off 0.06267805471678138 neg 0.04737397443920432	false	0.5
leiden	neg 1.0		__DUMMY__ 0.9035334867225558 off 0.05034010834683168 neg 0.04612640493061249	false	0.5
abschaffung	neg 1.0		__DUMMY__ 0.8919517970883234 off 0.05541194100656139 neg 0.052636261905115195	false	0.5
sturz	neg 1.0		__DUMMY__ 0.8978383687097505 off 0.05482913136768844 neg 0.047332499922560944	false	0.5
verkleinerung	neg 1.0		__DUMMY__ 0.8901245854302405 off 0.057703015979201466 neg 0.052172398590557896	false	0.5
schmarotzer	off 1.0		__DUMMY__ 0.89397720635887 off 0.0532342729703228 neg 0.05278852067080725	false	1.0
bestrafung	neg 1.0		__DUMMY__ 0.8946013155462258 off 0.05635479042502301 neg 0.049043894028751145	false	0.5
achtlos	neg 1.0		__DUMMY__ 0.897713304505369 off 0.054801846868428365 neg 0.047484848626202544	false	0.5
ungeheuer	neg 1.0		__DUMMY__ 0.8945431171558279 off 0.05762612648308238 neg 0.04783075636108973	false	0.5
