unsolidarisch	neg 1.0		off 0.4821645299092937 neg 0.44700357901648174 __DUMMY__ 0.0708318910742246	false	0.5
nachteilig	neg 1.0		off 0.4816526942387115 neg 0.44669787241922976 __DUMMY__ 0.07164943334205874	false	0.5
skeptisch	neg 1.0		off 0.4810531952740142 neg 0.4472171331797199 __DUMMY__ 0.07172967154626594	false	0.5
schrecklich	neg 1.0		off 0.49583892276597824 neg 0.4332918019570487 __DUMMY__ 0.07086927527697298	false	0.5
schlapp	neg 1.0		off 0.4926421513967145 neg 0.43600851875747554 __DUMMY__ 0.07134932984580983	false	0.5
abfall	neg 1.0		off 0.4795799132975588 neg 0.44835226170535697 __DUMMY__ 0.07206782499708414	false	0.5
widerspenstig	neg 1.0		off 0.48729575892094246 neg 0.4410985162625292 __DUMMY__ 0.07160572481652838	false	0.5
abrupt	neg 1.0		off 0.48376725412261057 neg 0.4441955076582619 __DUMMY__ 0.0720372382191277	false	0.5
unwirksam	neg 1.0		off 0.4832131091809649 neg 0.4458022865122631 __DUMMY__ 0.07098460430677206	false	0.5
angreifen	neg 1.0	neg 1.0	neg 0.7084229956041078 off 0.25707750763152626 __DUMMY__ 0.03449949676436599	false	1.0
inkonsistent	neg 1.0		off 0.4871561157675161 neg 0.4414357132120277 __DUMMY__ 0.0714081710204562	false	0.5
abrutschen	neg 1.0		off 0.4798842003378326 neg 0.44806947886594567 __DUMMY__ 0.0720463207962216	false	0.5
unsicher	neg 1.0		off 0.48762630617155134 neg 0.4406977598539899 __DUMMY__ 0.07167593397445887	false	0.5
bauernkind	off 1.0	off 1.0	off 0.7334845666379186 neg 0.23268048425594012 __DUMMY__ 0.033834949106141404	false	1.0
angreifer	neg 1.0		off 0.48918563757257844 neg 0.43914732461670003 __DUMMY__ 0.0716670378107216	false	0.5
trennen	neg 1.0		off 0.48504462533976794 neg 0.4427458111871174 __DUMMY__ 0.07220956347311461	false	0.5
schmutz	neg 1.0		off 0.49332899960991095 neg 0.4344159423711247 __DUMMY__ 0.0722550580189643	false	0.5
inkonsistenz	neg 1.0		off 0.4879743878625056 neg 0.44122400672531903 __DUMMY__ 0.07080160541217538	false	0.5
erschreckend	neg 1.0		off 0.48482983307117444 neg 0.44369756196360755 __DUMMY__ 0.07147260496521816	false	0.5
ertrinken	neg 1.0		off 0.48531512579719277 neg 0.44260139697451206 __DUMMY__ 0.07208347722829525	false	0.5
pickelface	off 1.0		off 0.48396424504282654 neg 0.4444988671264181 __DUMMY__ 0.07153688783075543	false	1.0
seiner			off 0.4830997515177171 neg 0.44493016666102336 __DUMMY__ 0.0719700818212596	false	0.0
lauch	neg 1.0		off 0.4781738927892067 neg 0.45008215114882005 __DUMMY__ 0.07174395606197319	false	0.5
unwichtig	neg 1.0		off 0.4907698634859147 neg 0.4381110252989273 __DUMMY__ 0.07111911121515795	false	0.5
steuerhinterziehung	neg 1.0		off 0.4828917614528978 neg 0.44579291577964547 __DUMMY__ 0.07131532276745661	false	0.5
schock	neg 1.0		off 0.48831901868943595 neg 0.43968264083415287 __DUMMY__ 0.07199834047641103	false	0.5
beule	neg 1.0		off 0.4933676448297452 neg 0.4352365254605126 __DUMMY__ 0.07139582970974213	false	0.5
vergelten	neg 1.0		off 0.4967932686175981 neg 0.43184033673869293 __DUMMY__ 0.07136639464370904	false	0.5
verdorbenheit	neg 1.0		off 0.4864082674124665 neg 0.4419915759279514 __DUMMY__ 0.0716001566595822	false	0.5
trauma	neg 1.0		off 0.4875733599288521 neg 0.4409575957375123 __DUMMY__ 0.07146904433363555	false	0.5
sinnlos	neg 1.0		off 0.4897141718084152 neg 0.4387773431451531 __DUMMY__ 0.07150848504643169	false	0.5
fettsack	off 1.0	off 1.0	off 0.7353794323574165 neg 0.23066822901047349 __DUMMY__ 0.033952338632110036	false	1.0
feige	off 1.0	off 1.0	off 0.7319549604883607 neg 0.23398081910014348 __DUMMY__ 0.034064220411495844	false	1.0
abdanken	neg 1.0		off 0.4843854964461153 neg 0.44424358657031965 __DUMMY__ 0.07137091698356511	false	0.5
wichtigtuer	off 1.0	off 1.0	off 0.7305033206606482 neg 0.2353054562323716 __DUMMY__ 0.03419122310698021	false	1.0
misslingen	neg 1.0		off 0.4908267412459236 neg 0.43714993829069465 __DUMMY__ 0.07202332046338179	false	0.5
untreu	off 1.0		off 0.49216417740821905 neg 0.4367695096829762 __DUMMY__ 0.07106631290880479	false	1.0
missmutig	neg 1.0		off 0.49186593168504117 neg 0.43685724104257484 __DUMMY__ 0.07127682727238398	false	0.5
hurenbock	off 1.0		off 0.4886118180731161 neg 0.4398430479428714 __DUMMY__ 0.0715451339840124	false	1.0
betrunken	neg 1.0		off 0.4959321185611375 neg 0.4327161701765696 __DUMMY__ 0.07135171126229288	false	0.5
korrupt	off 1.0		off 0.48072903056528965 neg 0.4481678327627504 __DUMMY__ 0.0711031366719601	false	1.0
unmut	neg 1.0		off 0.47885276428116064 neg 0.4492207300485689 __DUMMY__ 0.07192650567027034	false	0.5
hackfresse	off 1.0		off 0.4982316941556713 neg 0.4312852839855281 __DUMMY__ 0.07048302185880057	false	1.0
aufblasen	neg 1.0		off 0.4897317857596479 neg 0.43855545162540427 __DUMMY__ 0.07171276261494787	false	0.5
gewaltsam	neg 1.0		off 0.48605188926869297 neg 0.44231351350367193 __DUMMY__ 0.07163459722763493	false	0.5
unbeliebtheit	neg 1.0		off 0.4853584231668907 neg 0.4443247648456197 __DUMMY__ 0.07031681198748953	false	0.5
sturheit	neg 1.0		off 0.48457011590880134 neg 0.4439930976966123 __DUMMY__ 0.0714367863945863	false	0.5
kuh	neg 1.0		off 0.48566985084450887 neg 0.44313565192999177 __DUMMY__ 0.07119449722549935	false	0.5
erschrecken	neg 1.0		off 0.4914355367293269 neg 0.4371908823610595 __DUMMY__ 0.07137358090961349	false	0.5
opfer	neg 1.0		off 0.48429090934302943 neg 0.44379866619024644 __DUMMY__ 0.07191042446672409	false	0.5
sinken	neg 1.0		off 0.4794940629414504 neg 0.44860551585733666 __DUMMY__ 0.07190042120121296	false	0.5
stinktier	neg 1.0		off 0.49552596893905615 neg 0.4337902297145374 __DUMMY__ 0.0706838013464065	false	0.5
tucke	off 1.0		off 0.4962530626883399 neg 0.4337235889560954 __DUMMY__ 0.07002334835556456	false	1.0
ein			off 0.48827302778097925 neg 0.4401141677016037 __DUMMY__ 0.07161280451741688	false	0.0
abstieg	neg 1.0		off 0.4848520925612279 neg 0.44295172966420193 __DUMMY__ 0.07219617777457019	false	0.5
missverstehen	neg 1.0		off 0.4880935297759629 neg 0.44072871525476376 __DUMMY__ 0.07117775496927338	false	0.5
ergebnislos	neg 1.0		off 0.48196020935102185 neg 0.4462926802684416 __DUMMY__ 0.07174711038053663	false	0.5
unter			off 0.47803569783019556 neg 0.4492150072264662 __DUMMY__ 0.07274929494333822	false	0.0
manipulieren	neg 1.0		off 0.48154126138053044 neg 0.44666974651706637 __DUMMY__ 0.0717889921024031	false	0.5
unbewiesen	neg 1.0		off 0.48238200981917567 neg 0.4468158118156528 __DUMMY__ 0.07080217836517153	false	0.5
verschleppen	neg 1.0		off 0.4839404766271107 neg 0.4443465766661861 __DUMMY__ 0.07171294670670329	false	0.5
weib	off 1.0		off 0.49837197021032614 neg 0.4311154966391049 __DUMMY__ 0.07051253315056893	false	1.0
opposition	neg 1.0		off 0.48730270610625015 neg 0.441458867425413 __DUMMY__ 0.07123842646833688	false	0.5
verkehrswidrig	neg 1.0	neg 1.0	neg 0.6991192669485113 off 0.26641288609296615 __DUMMY__ 0.0344678469585225	false	1.0
inkorrekt	neg 1.0		off 0.490938865680195 neg 0.4384649315368457 __DUMMY__ 0.07059620278295932	false	0.5
vermeiden	neg 1.0		off 0.4786743271898346 neg 0.4489882736150498 __DUMMY__ 0.07233739919511567	false	0.5
abweichung	neg 1.0		off 0.4813762995904355 neg 0.4470828315642358 __DUMMY__ 0.07154086884532881	false	0.5
alkoholisiert	neg 1.0		off 0.4860031304735685 neg 0.4415129465784293 __DUMMY__ 0.07248392294800225	false	0.5
scheiss	off 1.0	off 1.0	off 0.7331931128359195 neg 0.23257957975903548 __DUMMY__ 0.03422730740504508	false	1.0
herausforderung	neg 1.0	neg 1.0	neg 0.7056952313582173 off 0.25939503754650994 __DUMMY__ 0.034909731095272734	false	1.0
pervers	off 1.0		off 0.5016300245721146 neg 0.42802460204122733 __DUMMY__ 0.07034537338665801	false	1.0
wackelig	neg 1.0		off 0.4869496049462004 neg 0.4409288393010846 __DUMMY__ 0.07212155575271502	false	0.5
verwickeln	neg 1.0		off 0.4879710387231776 neg 0.4408470793126499 __DUMMY__ 0.07118188196417258	false	0.5
vorwand	neg 1.0		off 0.4809839294872401 neg 0.4471445604261035 __DUMMY__ 0.07187151008665651	false	0.5
muschi	off 1.0		off 0.48435700569135315 neg 0.44412878296247016 __DUMMY__ 0.07151421134617653	false	1.0
entmutigung	neg 1.0		off 0.4862565146811629 neg 0.4425932783218311 __DUMMY__ 0.07115020699700605	false	0.5
unangemessen	neg 1.0		off 0.4833012755116594 neg 0.445287760072657 __DUMMY__ 0.07141096441568344	false	0.5
unstetig	neg 1.0		off 0.4883611665251396 neg 0.44006068574262525 __DUMMY__ 0.07157814773223518	false	0.5
entmutigen	neg 1.0		off 0.4875504093779985 neg 0.4410761600171764 __DUMMY__ 0.07137343060482514	false	0.5
schwanz	neg 1.0		off 0.48198645435908977 neg 0.44621667785238567 __DUMMY__ 0.07179686778852448	false	0.5
verbot	neg 1.0		off 0.4819086006953856 neg 0.44672303565082355 __DUMMY__ 0.07136836365379075	false	0.5
leid	neg 1.0		off 0.4975440234851176 neg 0.43156911604063275 __DUMMY__ 0.07088686047424958	false	0.5
archaisch	neg 1.0		off 0.48445843365041286 neg 0.443918896390701 __DUMMY__ 0.07162266995888604	false	0.5
gegen			off 0.48135410332213746 neg 0.44654768137545475 __DUMMY__ 0.07209821530240779	false	0.0
scheidung	neg 1.0		off 0.5052415754116892 neg 0.4245494770649396 __DUMMY__ 0.0702089475233713	false	0.5
einschlag	neg 1.0	neg 1.0	neg 0.7018106348445322 off 0.2640640684677075 __DUMMY__ 0.034125296687760306	false	1.0
m			off 0.4852403507048346 neg 0.44294479483911553 __DUMMY__ 0.07181485445604995	false	0.0
abgestanden	neg 1.0		off 0.48905932953426046 neg 0.4392084728344816 __DUMMY__ 0.07173219763125792	false	0.5
schmierig	off 1.0		off 0.49720604595869816 neg 0.4318466606227314 __DUMMY__ 0.07094729341857046	false	1.0
unpraktisch	neg 1.0		off 0.48944707121609565 neg 0.43880430741439264 __DUMMY__ 0.07174862136951175	false	0.5
wixxer	off 1.0		off 0.5004598939854932 neg 0.4293384710831719 __DUMMY__ 0.07020163493133479	false	1.0
bezeichnet			off 0.4853771492416806 neg 0.44319779701777967 __DUMMY__ 0.07142505374053956	false	0.0
jammerlappen	off 1.0		off 0.4912822701462741 neg 0.43754858269172003 __DUMMY__ 0.07116914716200588	false	1.0
farce	neg 1.0		off 0.4819831662928233 neg 0.4468164879148003 __DUMMY__ 0.07120034579237643	false	0.5
zwecklos	neg 1.0		off 0.48394867826461613 neg 0.44452502357809287 __DUMMY__ 0.07152629815729118	false	0.5
turbulent	neg 1.0		off 0.4904569822680541 neg 0.4386392349810723 __DUMMY__ 0.0709037827508735	false	0.5
invasion	neg 1.0		off 0.48943310656781086 neg 0.4391176565065533 __DUMMY__ 0.07144923692563572	false	0.5
schuld	neg 1.0		off 0.4874246580771454 neg 0.4411198008991772 __DUMMY__ 0.07145554102367757	false	0.5
risiko	neg 1.0		off 0.48749648732153866 neg 0.4408892990817999 __DUMMY__ 0.07161421359666134	false	0.5
finster	neg 1.0		off 0.48868331609723925 neg 0.43970290268429474 __DUMMY__ 0.07161378121846594	false	0.5
geisteskrank	off 1.0		off 0.4919504737532288 neg 0.43715631344272116 __DUMMY__ 0.07089321280404996	false	1.0
zusammenbrechen	neg 1.0		off 0.48629491456961677 neg 0.4419075965004237 __DUMMY__ 0.07179748892995946	false	0.5
ausbeute	neg 1.0		off 0.48332008607126226 neg 0.4446712437231154 __DUMMY__ 0.07200867020562222	false	0.5
hinterhalt	neg 1.0		off 0.4849163949918046 neg 0.44341600208408327 __DUMMY__ 0.07166760292411217	false	0.5
kritik	neg 1.0		off 0.48230499339537847 neg 0.44640330589917626 __DUMMY__ 0.07129170070544524	false	0.5
einschrumpfen	neg 1.0		off 0.4867576709361808 neg 0.4423808579499838 __DUMMY__ 0.07086147111383556	false	0.5
riskant	neg 1.0		off 0.48277442363064393 neg 0.44551368601712593 __DUMMY__ 0.07171189035223016	false	0.5
frustrieren	neg 1.0		off 0.4830549395301238 neg 0.445228046843544 __DUMMY__ 0.07171701362633229	false	0.5
groll	neg 1.0		off 0.48441325425817944 neg 0.4439152468224545 __DUMMY__ 0.07167149891936611	false	0.5
gibt			off 0.48448321095508484 neg 0.44393367784877164 __DUMMY__ 0.07158311119614355	false	0.0
qualvoll	neg 1.0		off 0.49163222646339555 neg 0.4367958117603402 __DUMMY__ 0.07157196177626421	false	0.5
wackeln	neg 1.0	neg 1.0	neg 0.7038476182735349 off 0.2615601835422375 __DUMMY__ 0.03459219818422762	false	1.0
klagen	neg 1.0		off 0.47900869555466796 neg 0.44914556630693125 __DUMMY__ 0.07184573813840066	false	0.5
bankrott	neg 1.0		off 0.49089903365732834 neg 0.43776162009681957 __DUMMY__ 0.0713393462458522	false	0.5
trauern	neg 1.0		off 0.4845715082430981 neg 0.44342550223181504 __DUMMY__ 0.07200298952508681	false	0.5
ablehnung	neg 1.0		off 0.48232546563322776 neg 0.4463868003476328 __DUMMY__ 0.07128773401913942	false	0.5
stur	neg 1.0		off 0.4876682109611641 neg 0.4409736473051966 __DUMMY__ 0.07135814173363932	false	0.5
aufruhr	neg 1.0		off 0.4863376076151242 neg 0.44195982228131975 __DUMMY__ 0.07170257010355603	false	0.5
melancholie	neg 1.0		off 0.4857451170845029 neg 0.44233778922416395 __DUMMY__ 0.07191709369133306	false	0.5
ist			off 0.4883634606052959 neg 0.4402276657083047 __DUMMY__ 0.07140887368639949	false	0.0
torheit	neg 1.0		off 0.4860172303070496 neg 0.4427311516187259 __DUMMY__ 0.07125161807422457	false	0.5
dreckskind	off 1.0		off 0.49679484870927043 neg 0.43261201417138173 __DUMMY__ 0.07059313711934778	false	1.0
umtauschen	neg 1.0		off 0.4868875541293455 neg 0.4414701043316563 __DUMMY__ 0.0716423415389982	false	0.5
zum			off 0.4809513034142593 neg 0.4463565361169992 __DUMMY__ 0.07269216046874154	false	0.0
zersetzen	neg 1.0		off 0.48068708244927955 neg 0.4476479434709062 __DUMMY__ 0.07166497407981429	false	0.5
zur			off 0.4778173016815829 neg 0.4498498910633021 __DUMMY__ 0.07233280725511515	false	0.0
frust	neg 1.0		off 0.4858118113712241 neg 0.4424292882859807 __DUMMY__ 0.07175890034279514	false	0.5
unerbittlichkeit	neg 1.0		off 0.4808734242348126 neg 0.4474537622027827 __DUMMY__ 0.07167281356240475	false	0.5
zwei			off 0.48239940012823235 neg 0.44514770048991287 __DUMMY__ 0.07245289938185474	false	0.0
unkorrekt	neg 1.0		off 0.49104334091732144 neg 0.43847345390858256 __DUMMY__ 0.07048320517409601	false	0.5
hexe	off 1.0		off 0.49104404459561146 neg 0.4379941044211927 __DUMMY__ 0.07096185098319578	false	1.0
lasch	neg 1.0		off 0.4881199037052889 neg 0.4409531542297353 __DUMMY__ 0.07092694206497592	false	0.5
rivale	neg 1.0		off 0.49524441063877905 neg 0.4335487977002832 __DUMMY__ 0.0712067916609378	false	0.5
mutlos	off 1.0	off 1.0	off 0.7267983976913802 neg 0.23887195913011092 __DUMMY__ 0.03432964317850887	false	1.0
wirr	off 1.0		off 0.4920157522614157 neg 0.4374136997146846 __DUMMY__ 0.0705705480238996	false	1.0
jahr			off 0.4832537771702887 neg 0.44454679772460226 __DUMMY__ 0.07219942510510902	false	0.0
wird			off 0.4836519928854926 neg 0.44460746807197804 __DUMMY__ 0.0717405390425294	false	0.0
strafbar	neg 1.0		off 0.4820434123111064 neg 0.4463834120248246 __DUMMY__ 0.0715731756640689	false	0.5
erosion	neg 1.0		off 0.48848384294984143 neg 0.4398085116173207 __DUMMY__ 0.07170764543283772	false	0.5
eingehen	neg 1.0		off 0.48258430827724125 neg 0.4459543301901286 __DUMMY__ 0.07146136153263019	false	0.5
faul	off 1.0		off 0.49204845991171287 neg 0.4365049920828895 __DUMMY__ 0.07144654800539751	false	1.0
provisorium	neg 1.0		off 0.47688333811537886 neg 0.45051136328820235 __DUMMY__ 0.07260529859641877	false	0.5
schmerzen	neg 1.0		off 0.4874432214438726 neg 0.440910287501714 __DUMMY__ 0.07164649105441327	false	0.5
schrumpfen	neg 1.0		off 0.4765774026248432 neg 0.45139920709414627 __DUMMY__ 0.07202339028101054	false	0.5
geistlos	off 1.0		off 0.48581094326940244 neg 0.44339460076738074 __DUMMY__ 0.07079445596321673	false	1.0
fehlkauf	neg 1.0		off 0.48791075249910115 neg 0.4407442230404996 __DUMMY__ 0.07134502446039935	false	0.5
frustrierend	neg 1.0		off 0.49147292434455575 neg 0.43710439198081436 __DUMMY__ 0.07142268367462995	false	0.5
unzufrieden	neg 1.0		off 0.4835579709468505 neg 0.44494480107100215 __DUMMY__ 0.0714972279821473	false	0.5
verzweifeln	neg 1.0		off 0.4864798020122392 neg 0.4419093421640597 __DUMMY__ 0.07161085582370104	false	0.5
verzweifelt	neg 1.0		off 0.488054850546196 neg 0.4405423789049269 __DUMMY__ 0.0714027705488771	false	0.5
misstrauensantrag	neg 1.0		off 0.4885551192926443 neg 0.44013899379738486 __DUMMY__ 0.07130588690997078	false	0.5
abfallen	neg 1.0		off 0.48980771058733036 neg 0.4384441370339325 __DUMMY__ 0.07174815237873733	false	0.5
fucker	off 1.0		off 0.49250512690506654 neg 0.4365884500184836 __DUMMY__ 0.07090642307644977	false	1.0
ungezogen	neg 1.0		off 0.5005626689699045 neg 0.42889331823432436 __DUMMY__ 0.07054401279577112	false	0.5
irrsinnig	neg 1.0	neg 1.0	neg 0.7058021397865044 off 0.2599403423751829 __DUMMY__ 0.03425751783831264	false	1.0
unfassbar	neg 1.0		off 0.4913351716453661 neg 0.43765277494519117 __DUMMY__ 0.07101205340944271	false	0.5
hart	neg 1.0		off 0.490057775683722 neg 0.43867477236634556 __DUMMY__ 0.07126745194993231	false	0.5
widerlich	off 1.0		off 0.4917403939739055 neg 0.4373906014467299 __DUMMY__ 0.07086900457936464	false	1.0
fatal	neg 1.0		off 0.4883060825492492 neg 0.44033931675022425 __DUMMY__ 0.07135460070052665	false	0.5
bruch	neg 1.0		off 0.4800159781900496 neg 0.4480320313670638 __DUMMY__ 0.07195199044288661	false	0.5
aushungern	neg 1.0		off 0.48391313906473066 neg 0.44473856015057256 __DUMMY__ 0.07134830078469673	false	0.5
anspannung	neg 1.0	neg 1.0	neg 0.7071667576003983 off 0.2576987626483504 __DUMMY__ 0.03513447975125137	false	1.0
von			off 0.48239197446907817 neg 0.4454030351948907 __DUMMY__ 0.07220499033603124	false	0.0
kraftlos	neg 1.0		off 0.48717312620762576 neg 0.44075099416293195 __DUMMY__ 0.07207587962944224	false	0.5
vom			off 0.47880795238929513 neg 0.44840779731085856 __DUMMY__ 0.07278425029984624	false	0.0
grenzdebil	off 1.0		off 0.4930979774506424 neg 0.43582581114241015 __DUMMY__ 0.07107621140694745	false	1.0
vor			off 0.48230063822443875 neg 0.44560935578104094 __DUMMY__ 0.07209000599452037	false	0.0
unterwerfen	neg 1.0		off 0.48263042761358393 neg 0.4456661557546631 __DUMMY__ 0.07170341663175286	false	0.5
versenkung	neg 1.0		off 0.4827440776880365 neg 0.4454667286207062 __DUMMY__ 0.07178919369125716	false	0.5
entziehen	neg 1.0		off 0.48028894252479004 neg 0.44779614063299283 __DUMMY__ 0.07191491684221704	false	0.5
finanzkrise	neg 1.0		off 0.4837087438986621 neg 0.44502362847665117 __DUMMY__ 0.0712676276246867	false	0.5
schimpfend	neg 1.0		off 0.4899670437696512 neg 0.4382207645779494 __DUMMY__ 0.07181219165239958	false	0.5
profan	neg 1.0		off 0.489426755662265 neg 0.43925408260352117 __DUMMY__ 0.07131916173421396	false	0.5
korruption	neg 1.0		off 0.4816576213001357 neg 0.4470085149208555 __DUMMY__ 0.07133386377900873	false	0.5
â			off 0.48387372711901755 neg 0.44430648425058017 __DUMMY__ 0.07181978863040217	false	0.0
schmutzig	neg 1.0		off 0.4936373584767966 neg 0.4350750883257681 __DUMMY__ 0.07128755319743531	false	0.5
sexy	neg 1.0		off 0.4902272065725128 neg 0.43843966434046894 __DUMMY__ 0.07133312908701818	false	0.5
abraten	neg 1.0		off 0.4882610956062399 neg 0.4403895061134536 __DUMMY__ 0.07134939828030645	false	0.5
schwarz	neg 1.0		off 0.4874351453652189 neg 0.4412275206790692 __DUMMY__ 0.07133733395571194	false	0.5
fotze	off 1.0		off 0.4822309947980339 neg 0.4461410144001965 __DUMMY__ 0.07162799080176956	false	1.0
verwirren	neg 1.0		off 0.48955460605419954 neg 0.43914462067475585 __DUMMY__ 0.07130077327104457	false	0.5
zahnlos	off 1.0		off 0.4834655712349827 neg 0.44505875626041913 __DUMMY__ 0.07147567250459819	false	1.0
verheeren	neg 1.0		off 0.5023471071633996 neg 0.4269969513837849 __DUMMY__ 0.07065594145281544	false	0.5
hippie	neg 1.0		off 0.48934603956868644 neg 0.43935340119330685 __DUMMY__ 0.07130055923800668	false	0.5
rammen	neg 1.0		off 0.48853518179884375 neg 0.43985973735745226 __DUMMY__ 0.07160508084370408	false	0.5
unlauter	neg 1.0		off 0.4830779181734436 neg 0.44611284293317516 __DUMMY__ 0.07080923889338116	false	0.5
unheilvoll	neg 1.0		off 0.4907710830924886 neg 0.43756352752693156 __DUMMY__ 0.07166538938057976	false	0.5
niedrig	neg 1.0		off 0.4835525438293678 neg 0.4444293134239938 __DUMMY__ 0.07201814274663845	false	0.5
explosion	neg 1.0		off 0.48864731871343353 neg 0.4400590492347671 __DUMMY__ 0.07129363205179942	false	0.5
weichei	off 1.0		off 0.4972094849114785 neg 0.4321527856081632 __DUMMY__ 0.07063772948035837	false	1.0
minusmensch	off 1.0		off 0.4972495335076425 neg 0.43288322724903183 __DUMMY__ 0.06986723924332566	false	1.0
farblos	neg 1.0		off 0.4886007077275522 neg 0.43932300552232206 __DUMMY__ 0.07207628675012578	false	0.5
unwissend	neg 1.0	neg 1.0	neg 0.7039613354102401 off 0.26196232420655124 __DUMMY__ 0.03407634038320876	false	1.0
traurig	neg 1.0		off 0.49503299784938726 neg 0.4339984802420701 __DUMMY__ 0.07096852190854255	false	0.5
senkung	neg 1.0		off 0.48700967920871985 neg 0.4420425644597088 __DUMMY__ 0.07094775633157131	false	0.5
ungleich	neg 1.0	neg 1.0	neg 0.7089501593259896 off 0.2566935290821847 __DUMMY__ 0.034356311591825665	false	1.0
heikel	neg 1.0		off 0.48075672644754025 neg 0.44760350854140946 __DUMMY__ 0.0716397650110504	false	0.5
drosselung	neg 1.0		off 0.49266723449597866 neg 0.43622032679884465 __DUMMY__ 0.07111243870517664	false	0.5
falsch	neg 1.0		off 0.49091104433349947 neg 0.4378209840495324 __DUMMY__ 0.07126797161696807	false	0.5
unzufriedenheit	neg 1.0		off 0.4806364617119007 neg 0.44760724682381936 __DUMMY__ 0.07175629146427993	false	0.5
kurz	neg 1.0		off 0.48677910496633586 neg 0.4413154202142448 __DUMMY__ 0.07190547481941947	false	0.5
unsinnig	neg 1.0		off 0.48324083070805063 neg 0.44543961469546445 __DUMMY__ 0.07131955459648485	false	0.5
penner	off 1.0	off 1.0	off 0.7365044660376621 neg 0.22965151397252995 __DUMMY__ 0.03384401998980793	false	1.0
seicht	neg 1.0		off 0.49817933554820487 neg 0.4316372477262398 __DUMMY__ 0.0701834167255553	false	0.5
dummheit	off 1.0	off 1.0	off 0.7306696586471984 neg 0.2351568489970962 __DUMMY__ 0.034173492355705375	false	1.0
unerfreulich	neg 1.0		off 0.4813119760919403 neg 0.4467514831228994 __DUMMY__ 0.07193654078516014	false	0.5
motherfucker	off 1.0	off 1.0	off 0.7327095746245954 neg 0.23328714216180915 __DUMMY__ 0.03400328321359547	false	1.0
pikiert	neg 1.0		off 0.4905195136157212 neg 0.4385728438176945 __DUMMY__ 0.07090764256658434	false	0.5
wrack	neg 1.0		off 0.4838421095596028 neg 0.444209284095209 __DUMMY__ 0.07194860634518821	false	0.5
gangster	neg 1.0		off 0.4892900694460593 neg 0.43933677776976837 __DUMMY__ 0.07137315278417238	false	0.5
krank	neg 1.0		off 0.4945109668496788 neg 0.4342344325719653 __DUMMY__ 0.07125460057835589	false	0.5
reich	neg 1.0		off 0.4883392910998492 neg 0.44084918664696254 __DUMMY__ 0.07081152225318833	false	0.5
gnadenlos	neg 1.0		off 0.487744725798638 neg 0.4407468845480189 __DUMMY__ 0.07150838965334312	false	0.5
niedergeschlagen	neg 1.0		off 0.48741122853310603 neg 0.4406506911287347 __DUMMY__ 0.07193808033815925	false	0.5
terrorisieren	off 1.0	off 1.0	off 0.7281752141978197 neg 0.23730986361388348 __DUMMY__ 0.03451492218829676	false	1.0
sinnlosigkeit	neg 1.0		off 0.4840645486983855 neg 0.4443922336412074 __DUMMY__ 0.07154321766040717	false	0.5
behindern	neg 1.0		off 0.48513819367562777 neg 0.44340908160938874 __DUMMY__ 0.07145272471498335	false	0.5
undemokratisch	neg 1.0		off 0.4847410508188355 neg 0.4442147507355687 __DUMMY__ 0.07104419844559585	false	0.5
wirtschaftskrise	neg 1.0		off 0.48201497989619196 neg 0.44648307611016935 __DUMMY__ 0.07150194399363856	false	0.5
neid	neg 1.0		off 0.49323306629049535 neg 0.43524493521603513 __DUMMY__ 0.07152199849346959	false	0.5
rutschen	neg 1.0		off 0.4829018256232042 neg 0.44455462379242777 __DUMMY__ 0.07254355058436791	false	0.5
rezession	neg 1.0		off 0.49406994124610476 neg 0.4353023738500297 __DUMMY__ 0.0706276849038655	false	0.5
fehlgeburt	neg 1.0		off 0.49077725495348373 neg 0.43750408401040475 __DUMMY__ 0.0717186610361114	false	0.5
charakterschwach	off 1.0		off 0.4922260475766037 neg 0.4367413440744139 __DUMMY__ 0.07103260834898247	false	1.0
isolation	neg 1.0		off 0.491165947939178 neg 0.4374560851945583 __DUMMY__ 0.07137796686626369	false	0.5
ablenkung	neg 1.0		off 0.48731722632472985 neg 0.44112202056645705 __DUMMY__ 0.07156075310881302	false	0.5
pech	neg 1.0		off 0.49126025564714837 neg 0.4373629074550505 __DUMMY__ 0.07137683689780111	false	0.5
vermeidung	neg 1.0		off 0.49147034504604675 neg 0.43767860454721236 __DUMMY__ 0.07085105040674093	false	0.5
dominieren	neg 1.0		off 0.48518032677483697 neg 0.4427708391809024 __DUMMY__ 0.07204883404426056	false	0.5
schwindlig	neg 1.0		off 0.49243191095269456 neg 0.4356812466361235 __DUMMY__ 0.07188684241118198	false	0.5
lutscher	neg 1.0		off 0.4992962858031576 neg 0.4304924462978232 __DUMMY__ 0.0702112678990192	false	0.5
pflicht	neg 1.0		off 0.4807545674925276 neg 0.4475625254319537 __DUMMY__ 0.07168290707551864	false	0.5
faschist	off 1.0		off 0.4868484962185603 neg 0.44224756726859804 __DUMMY__ 0.07090393651284174	false	1.0
verschleudern	neg 1.0		off 0.4790282099679648 neg 0.44979949700146404 __DUMMY__ 0.07117229303057103	false	0.5
wenn			off 0.49104478929270556 neg 0.4377132751974412 __DUMMY__ 0.07124193550985326	false	0.0
ehebruch	neg 1.0		off 0.48309373124769256 neg 0.4452545108750374 __DUMMY__ 0.07165175787727007	false	0.5
spott	off 1.0		off 0.4815131639833334 neg 0.44697046566744086 __DUMMY__ 0.0715163703492257	false	1.0
trostlosigkeit	neg 1.0		off 0.4808972589338304 neg 0.44715708092731254 __DUMMY__ 0.07194566013885706	false	0.5
lutschen	neg 1.0		off 0.4883387427678104 neg 0.4404393747152431 __DUMMY__ 0.07122188251694657	false	0.5
undiszipliniert	neg 1.0		off 0.4947268698503801 neg 0.43417161302093626 __DUMMY__ 0.07110151712868364	false	0.5
kopfschmerz	neg 1.0		off 0.4874670284159071 neg 0.44058364639608805 __DUMMY__ 0.07194932518800481	false	0.5
unvorhergesehen	neg 1.0		off 0.48586854476633773 neg 0.44191589136005316 __DUMMY__ 0.07221556387360918	false	0.5
desinteressiert	neg 1.0		off 0.4932156920309715 neg 0.43589355676118824 __DUMMY__ 0.07089075120784019	false	0.5
armselig	off 1.0		off 0.49289477353258226 neg 0.43648002410620756 __DUMMY__ 0.0706252023612103	false	1.0
desaster	neg 1.0		off 0.478239354659612 neg 0.44996757183123026 __DUMMY__ 0.07179307350915767	false	0.5
tod	neg 1.0		off 0.4852962513109142 neg 0.44269625824076386 __DUMMY__ 0.07200749044832203	false	0.5
herzlos	neg 1.0		off 0.49459683780070207 neg 0.434612989320933 __DUMMY__ 0.07079017287836478	false	0.5
unwissenheit	neg 1.0		off 0.4822935309501675 neg 0.4464016849971307 __DUMMY__ 0.07130478405270183	false	0.5
widersinnig	neg 1.0	neg 1.0	neg 0.7091777886689566 off 0.2567287149022372 __DUMMY__ 0.034093496428806096	false	1.0
bedenklich	neg 1.0		off 0.48216985080305086 neg 0.4462755295045568 __DUMMY__ 0.07155461969239243	false	0.5
beanstanden	neg 1.0		off 0.480249758133965 neg 0.4480127091179542 __DUMMY__ 0.07173753274808077	false	0.5
panisch	neg 1.0	neg 1.0	neg 0.7023461004462516 off 0.263066902618884 __DUMMY__ 0.03458699693486443	false	1.0
debil	off 1.0		off 0.476717729850898 neg 0.4510548866932736 __DUMMY__ 0.07222738345582841	false	1.0
abstrich	neg 1.0		off 0.4825935084259897 neg 0.445938937455245 __DUMMY__ 0.07146755411876539	false	0.5
primitiv	neg 1.0		off 0.49234036554784893 neg 0.4367831397373168 __DUMMY__ 0.07087649471483433	false	0.5
abschaum	off 1.0	off 1.0	off 0.7318587611383457 neg 0.23402616216892902 __DUMMY__ 0.034115076692725385	false	1.0
provozieren	neg 1.0		off 0.48672309503034267 neg 0.44190328481252883 __DUMMY__ 0.07137362015712843	false	0.5
tot	neg 1.0		off 0.4812689880552349 neg 0.44727105983635873 __DUMMY__ 0.07145995210840646	false	0.5
instabil	neg 1.0		off 0.4898781992747108 neg 0.43962529788357324 __DUMMY__ 0.07049650284171584	false	0.5
schwuchtel	off 1.0		off 0.5036719472525331 neg 0.42639118426956063 __DUMMY__ 0.0699368684779061	false	1.0
zerren	neg 1.0		off 0.48742738988608386 neg 0.44063929332715684 __DUMMY__ 0.07193331678675927	false	0.5
kinderficker	off 1.0		off 0.49428442660763966 neg 0.43540156749996317 __DUMMY__ 0.07031400589239716	false	1.0
gefahr	neg 1.0		off 0.48186707740590656 neg 0.44620010390109177 __DUMMY__ 0.0719328186930017	false	0.5
rabiat	neg 1.0		off 0.4861605628507144 neg 0.4424189176262979 __DUMMY__ 0.0714205195229877	false	0.5
verlangsamung	neg 1.0		off 0.49830396487664336 neg 0.4311144227719626 __DUMMY__ 0.07058161235139401	false	0.5
ausgestorben	neg 1.0		off 0.48722068355915277 neg 0.44103424149822207 __DUMMY__ 0.07174507494262516	false	0.5
anklagen	neg 1.0		off 0.4843016167408651 neg 0.44417005655309594 __DUMMY__ 0.07152832670603886	false	0.5
trott	neg 1.0		off 0.48645658601504294 neg 0.4419069408318252 __DUMMY__ 0.07163647315313194	false	0.5
verminderung	neg 1.0		off 0.4920075121891889 neg 0.43722650510533106 __DUMMY__ 0.0707659827054801	false	0.5
nach			off 0.48242186136616283 neg 0.4447348141778136 __DUMMY__ 0.07284332445602357	false	0.0
rost	neg 1.0		off 0.49757930202780365 neg 0.43168691515338925 __DUMMY__ 0.07073378281880711	false	0.5
destruktiv	neg 1.0		off 0.4838750415292688 neg 0.44497156810822314 __DUMMY__ 0.071153390362508	false	0.5
unzumutbarkeit	neg 1.0		off 0.49148976018559914 neg 0.43726456594835844 __DUMMY__ 0.07124567386604246	false	0.5
labil	off 1.0	off 1.0	off 0.7318237592167784 neg 0.23405182359052742 __DUMMY__ 0.03412441719269408	false	1.0
ziemlich	neg 1.0		off 0.4930862075490696 neg 0.4357042013050499 __DUMMY__ 0.07120959114588046	false	0.5
lachnummer	off 1.0		off 0.48500204773386224 neg 0.4436901093878411 __DUMMY__ 0.07130784287829654	false	1.0
oder			off 0.4878883413203148 neg 0.4404563764742755 __DUMMY__ 0.07165528220540987	false	0.0
verfall	neg 1.0		off 0.47689615566507815 neg 0.45103022820839916 __DUMMY__ 0.07207361612652273	false	0.5
ausgrenzung	neg 1.0		off 0.4861438569185584 neg 0.4427486088436878 __DUMMY__ 0.07110753423775386	false	0.5
unordnung	neg 1.0		off 0.49221643896393047 neg 0.4366013534477476 __DUMMY__ 0.07118220758832206	false	0.5
fehlverhalten	neg 1.0		off 0.4810835466163532 neg 0.44725063711661295 __DUMMY__ 0.07166581626703387	false	0.5
eine			off 0.4815629356639252 neg 0.4465557333536912 __DUMMY__ 0.07188133098238364	false	0.0
nille	neg 1.0		off 0.48519039795863367 neg 0.4432511133094825 __DUMMY__ 0.07155848873188378	false	0.5
qual	neg 1.0		off 0.4861478147339254 neg 0.44222366058056206 __DUMMY__ 0.07162852468551259	false	0.5
verschwenden	neg 1.0		off 0.4831918864330316 neg 0.4452001610885072 __DUMMY__ 0.07160795247846109	false	0.5
riesig	neg 1.0	neg 1.0	neg 0.7061371763682166 off 0.2591850859028355 __DUMMY__ 0.03467773772894789	false	1.0
verurteilen	neg 1.0		off 0.48377295540910276 neg 0.4446771233121996 __DUMMY__ 0.07154992127869762	false	0.5
klischee	neg 1.0	neg 1.0	neg 0.7050612017191932 off 0.26084697003624885 __DUMMY__ 0.034091828244557934	false	1.0
diktatorisch	neg 1.0		off 0.48482758152143507 neg 0.444240490165861 __DUMMY__ 0.07093192831270385	false	0.5
vorhersehbar	neg 1.0	neg 1.0	neg 0.7049423635526378 off 0.2608756443689401 __DUMMY__ 0.0341819920784221	false	1.0
sowie			off 0.49602179181561334 neg 0.43337439708372955 __DUMMY__ 0.07060381110065708	false	0.0
stornieren	neg 1.0		off 0.49003491224650175 neg 0.43804340140365505 __DUMMY__ 0.07192168634984308	false	0.5
besteuerung	neg 1.0		off 0.4845137806026721 neg 0.44447301910143433 __DUMMY__ 0.07101320029589361	false	0.5
ungeschminkt	neg 1.0		off 0.49199420322845866 neg 0.43704995645110734 __DUMMY__ 0.0709558403204341	false	0.5
kritisch	neg 1.0		off 0.48168669046573115 neg 0.44678600928697504 __DUMMY__ 0.07152730024729387	false	0.5
schlamperei	off 1.0		off 0.4802437553006201 neg 0.448235491496065 __DUMMY__ 0.07152075320331491	false	1.0
sucht	neg 1.0	neg 1.0	neg 0.7050292955521832 off 0.2604717629297062 __DUMMY__ 0.03449894151811061	false	1.0
egoistisch	off 1.0		off 0.49740982155154007 neg 0.4318825107910251 __DUMMY__ 0.07070766765743497	false	1.0
ausbeuter	off 1.0		off 0.4799793079071013 neg 0.4485132005395588 __DUMMY__ 0.07150749155334006	false	1.0
arschgeburt	off 1.0		off 0.50328038898733 neg 0.4268707865380801 __DUMMY__ 0.06984882447459008	false	1.0
schubs	neg 1.0	neg 1.0	neg 0.7053560738643191 off 0.25997971001271203 __DUMMY__ 0.03466421612296889	false	1.0
unsolide	neg 1.0		off 0.4831786066585163 neg 0.44629412522102646 __DUMMY__ 0.07052726812045726	false	0.5
beschwerde	neg 1.0		off 0.48078563149271475 neg 0.44765539501229706 __DUMMY__ 0.07155897349498833	false	0.5
stocken	neg 1.0		off 0.4829947639145736 neg 0.445213077516762 __DUMMY__ 0.07179215856866447	false	0.5
isolieren	neg 1.0		off 0.4837020546502037 neg 0.4446535938362079 __DUMMY__ 0.07164435151358832	false	0.5
unheilbar	neg 1.0		off 0.48917938175938785 neg 0.4389981310370467 __DUMMY__ 0.0718224872035653	false	0.5
pisser	off 1.0		off 0.4939725624645335 neg 0.43495074181163956 __DUMMY__ 0.07107669572382695	false	1.0
löschen	neg 1.0		off 0.48668106336151595 neg 0.44175134834913404 __DUMMY__ 0.07156758828935007	false	0.5
durchfallen	neg 1.0		off 0.4826799703236056 neg 0.445937811319871 __DUMMY__ 0.07138221835652334	false	0.5
wichser	off 1.0		off 0.5019180561743671 neg 0.427702832055507 __DUMMY__ 0.07037911177012592	false	1.0
terror	neg 1.0		off 0.49037311452909316 neg 0.4381027154259552 __DUMMY__ 0.07152417004495157	false	0.5
krass	neg 1.0		off 0.49520185122032934 neg 0.43403371977881205 __DUMMY__ 0.07076442900085855	false	0.5
revolte	neg 1.0		off 0.48690992348231266 neg 0.4419961928639149 __DUMMY__ 0.07109388365377232	false	0.5
besorgt	neg 1.0		off 0.4869027237812749 neg 0.44106426244683966 __DUMMY__ 0.07203301377188548	false	0.5
nachlassen	neg 1.0		off 0.48293602287148324 neg 0.44521921385679136 __DUMMY__ 0.07184476327172538	false	0.5
alt	neg 1.0		off 0.48413605221002437 neg 0.4440768486308984 __DUMMY__ 0.0717870991590772	false	0.5
hundesohn	off 1.0		off 0.49863883917979657 neg 0.4311410958899124 __DUMMY__ 0.070220064930291	false	1.0
als			off 0.4859001234371166 neg 0.4422784084147702 __DUMMY__ 0.07182146814811326	false	0.0
abschreckung	neg 1.0		off 0.4805462765240138 neg 0.4475541207366814 __DUMMY__ 0.0718996027393048	false	0.5
unqualifiziert	neg 1.0		off 0.4865593185165372 neg 0.44269390312252854 __DUMMY__ 0.07074677836093426	false	0.5
abgewichst	off 1.0		off 0.48485724110988976 neg 0.443503741860886 __DUMMY__ 0.07163901702922422	false	1.0
schwer	neg 1.0		off 0.4871862182681488 neg 0.4411823361924853 __DUMMY__ 0.07163144553936583	false	0.5
bedeutungslosigkeit	neg 1.0		off 0.4809019986294475 neg 0.4473434710840214 __DUMMY__ 0.07175453028653099	false	0.5
kapitulation	neg 1.0		off 0.4807975387305142 neg 0.4477905944603036 __DUMMY__ 0.07141186680918223	false	0.5
unscharf	neg 1.0		off 0.48864699523192645 neg 0.4400867416005409 __DUMMY__ 0.0712662631675327	false	0.5
schwinden	neg 1.0		off 0.4814511502206109 neg 0.4466906577408896 __DUMMY__ 0.07185819203849933	false	0.5
versklavung	neg 1.0		off 0.4850001374429711 neg 0.44396526899502375 __DUMMY__ 0.07103459356200527	false	0.5
schlecht	neg 1.0		off 0.4934126759816835 neg 0.43534020775965365 __DUMMY__ 0.07124711625866285	false	0.5
verhasst	neg 1.0		off 0.4871972852897019 neg 0.4414362394258195 __DUMMY__ 0.07136647528447854	false	0.5
beschweren	neg 1.0		off 0.488553640815825 neg 0.4400427907580445 __DUMMY__ 0.07140356842613059	false	0.5
scheiden	neg 1.0		off 0.489299493303117 neg 0.4388147332732846 __DUMMY__ 0.07188577342359842	false	0.5
frustriert	neg 1.0		off 0.48581649852942305 neg 0.44253569337871346 __DUMMY__ 0.07164780809186358	false	0.5
schimmelig	neg 1.0		off 0.4840242079487508 neg 0.4440644525556741 __DUMMY__ 0.07191133949557518	false	0.5
fisch	neg 1.0		off 0.4834913307500295 neg 0.4443775975532479 __DUMMY__ 0.0721310716967227	false	0.5
schmuggel	neg 1.0		off 0.4840518148290089 neg 0.4436756333546895 __DUMMY__ 0.07227255181630166	false	0.5
auffallen	neg 1.0		off 0.48931959465934294 neg 0.43930639590720866 __DUMMY__ 0.0713740094334484	false	0.5
konkurrenz	neg 1.0	neg 1.0	neg 0.7089448154689931 off 0.25645214700005686 __DUMMY__ 0.03460303753095007	false	1.0
teufelskreis	neg 1.0		off 0.4862323516853043 neg 0.44217209650672307 __DUMMY__ 0.07159555180797267	false	0.5
aufschreien	neg 1.0		off 0.4883910479250193 neg 0.44036561853451833 __DUMMY__ 0.07124333354046232	false	0.5
schuldner	neg 1.0		off 0.4813141385230819 neg 0.4468963895775322 __DUMMY__ 0.0717894718993859	false	0.5
missgeburt	off 1.0	off 1.0	off 0.7349525094902694 neg 0.23115283452471944 __DUMMY__ 0.03389465598501128	false	1.0
arbeitslos	neg 1.0		off 0.48316821244628505 neg 0.4454203215540038 __DUMMY__ 0.07141146599971109	false	0.5
befallen	neg 1.0		off 0.48512930652982966 neg 0.44324582064551266 __DUMMY__ 0.07162487282465772	false	0.5
miesepetrig	off 1.0	off 1.0	off 0.7334560061939801 neg 0.23230842414460756 __DUMMY__ 0.03423556966141232	false	1.0
alarmieren	neg 1.0		off 0.4898396784053267 neg 0.43912432097718623 __DUMMY__ 0.07103600061748706	false	0.5
ungeduscht	off 1.0		off 0.4912725640631695 neg 0.4373145680689428 __DUMMY__ 0.07141286786788778	false	1.0
knappheit	neg 1.0		off 0.4809742561066513 neg 0.4476147045157295 __DUMMY__ 0.07141103937761917	false	0.5
schlange	neg 1.0		off 0.4905749557997742 neg 0.43766591358778906 __DUMMY__ 0.07175913061243683	false	0.5
harsch	neg 1.0		off 0.497394821894296 neg 0.431574898584145 __DUMMY__ 0.07103027952155908	false	0.5
lang	neg 1.0		off 0.48739727718214165 neg 0.4410143956923771 __DUMMY__ 0.07158832712548117	false	0.5
ziellos	neg 1.0		off 0.4860174831450133 neg 0.4420036427344515 __DUMMY__ 0.07197887412053529	false	0.5
selbstverliebt	neg 1.0		off 0.5009597365364801 neg 0.4290230370415265 __DUMMY__ 0.07001722642199334	false	0.5
beseitigen	neg 1.0		off 0.48542852677943044 neg 0.44302462967662354 __DUMMY__ 0.07154684354394607	false	0.5
dumm	off 1.0		off 0.4974626557529629 neg 0.4320457384439345 __DUMMY__ 0.07049160580310265	false	1.0
arbeitsloser	neg 1.0		off 0.4837352926091901 neg 0.44455318740429506 __DUMMY__ 0.07171151998651486	false	0.5
blitzen	neg 1.0		off 0.48985971104893494 neg 0.43879536977506306 __DUMMY__ 0.0713449191760021	false	0.5
hilflos	neg 1.0		off 0.48584326560939095 neg 0.44240723758190786 __DUMMY__ 0.07174949680870116	false	0.5
eklig	off 1.0		off 0.4991165630311929 neg 0.43027446608005177 __DUMMY__ 0.07060897088875515	false	1.0
begriff			off 0.4842433149200278 neg 0.444358949182647 __DUMMY__ 0.07139773589732527	false	0.0
hungersnot	neg 1.0		off 0.4855934402407405 neg 0.44264685666457154 __DUMMY__ 0.07175970309468788	false	0.5
ungesetzlich	neg 1.0		off 0.48421507375445 neg 0.4451096390541034 __DUMMY__ 0.07067528719144663	false	0.5
verschwendung	neg 1.0		off 0.4823696908126249 neg 0.44586753430137765 __DUMMY__ 0.07176277488599747	false	0.5
schmerzvoll	neg 1.0		off 0.488979352777225 neg 0.43953961966712074 __DUMMY__ 0.07148102755565428	false	0.5
vorzeitig	neg 1.0		off 0.4912757350751668 neg 0.43714900480136626 __DUMMY__ 0.07157526012346704	false	0.5
unvollkommenheit	neg 1.0		off 0.48786177702816497 neg 0.43987535652994186 __DUMMY__ 0.0722628664418932	false	0.5
intervenieren	neg 1.0		off 0.48009423643659743 neg 0.4484445438873728 __DUMMY__ 0.07146121967602961	false	0.5
banause	off 1.0		off 0.499565096184919 neg 0.43021460672573636 __DUMMY__ 0.07022029708934473	false	1.0
rebell	neg 1.0		off 0.47912607591543743 neg 0.44891277531691615 __DUMMY__ 0.07196114876764631	false	0.5
unlogisch	neg 1.0		off 0.49436291915825376 neg 0.4348166765314548 __DUMMY__ 0.07082040431029162	false	0.5
leiden	neg 1.0		off 0.4855389526836 neg 0.44206822731077805 __DUMMY__ 0.07239282000562208	false	0.5
abschaffung	neg 1.0		off 0.48443558283497523 neg 0.4445089320205052 __DUMMY__ 0.07105548514451952	false	0.5
sturz	neg 1.0		off 0.48785929868786454 neg 0.44040015913141867 __DUMMY__ 0.07174054218071681	false	0.5
verkleinerung	neg 1.0		off 0.48664184238465197 neg 0.4425252017801508 __DUMMY__ 0.07083295583519732	false	0.5
schmarotzer	off 1.0		off 0.4824844866976661 neg 0.4461894646570201 __DUMMY__ 0.0713260486453138	false	1.0
bestrafung	neg 1.0		off 0.48774570849534293 neg 0.44086658543204016 __DUMMY__ 0.0713877060726169	false	0.5
achtlos	neg 1.0		off 0.48792875264643804 neg 0.4403045477519215 __DUMMY__ 0.07176669960164053	false	0.5
ungeheuer	neg 1.0		off 0.4900002764318037 neg 0.4386411712092913 __DUMMY__ 0.07135855235890488	false	0.5
unaufrichtig	neg 1.0		off 0.4876020067303149 neg 0.44123095002375917 __DUMMY__ 0.07116704324592585	false	0.5
groggy	neg 1.0		off 0.48867745325724793 neg 0.4400610903274179 __DUMMY__ 0.07126145641533425	false	0.5
