unsolidarisch	neg 1.0		off 0.4821645299092935 neg 0.4470035790164821 __DUMMY__ 0.0708318910742245	false	0.5
nachteilig	neg 1.0		off 0.4816526942387112 neg 0.44669787241923004 __DUMMY__ 0.07164943334205875	false	0.5
skeptisch	neg 1.0		off 0.4810531952740147 neg 0.4472171331797195 __DUMMY__ 0.07172967154626594	false	0.5
schrecklich	neg 1.0		off 0.4958389227659778 neg 0.43329180195704947 __DUMMY__ 0.07086927527697284	false	0.5
schlapp	neg 1.0		off 0.4926421513967143 neg 0.43600851875747587 __DUMMY__ 0.07134932984580983	false	0.5
abfall	neg 1.0		off 0.4795799132975591 neg 0.4483522617053569 __DUMMY__ 0.07206782499708408	false	0.5
widerspenstig	neg 1.0		off 0.4872957589209425 neg 0.4410985162625291 __DUMMY__ 0.07160572481652838	false	0.5
abrupt	neg 1.0		off 0.48376725412261107 neg 0.4441955076582614 __DUMMY__ 0.0720372382191277	false	0.5
unwirksam	neg 1.0		off 0.48321310918096444 neg 0.4458022865122637 __DUMMY__ 0.07098460430677188	false	0.5
angreifen	neg 1.0	neg 1.0	neg 0.7084229956041078 off 0.25707750763152626 __DUMMY__ 0.034499496764365985	false	1.0
inkonsistent	neg 1.0		off 0.487156115767516 neg 0.4414357132120278 __DUMMY__ 0.07140817102045623	false	0.5
abrutschen	neg 1.0		off 0.47988420033783286 neg 0.4480694788659456 __DUMMY__ 0.07204632079622147	false	0.5
unsicher	neg 1.0		off 0.48762630617155195 neg 0.44069775985398935 __DUMMY__ 0.07167593397445873	false	0.5
bauernkind	off 1.0	off 1.0	off 0.7334845666379186 neg 0.23268048425593996 __DUMMY__ 0.03383494910614135	false	1.0
angreifer	neg 1.0		off 0.48918563757257827 neg 0.43914732461670003 __DUMMY__ 0.07166703781072163	false	0.5
trennen	neg 1.0		off 0.4850446253397673 neg 0.44274581118711814 __DUMMY__ 0.0722095634731146	false	0.5
schmutz	neg 1.0		off 0.49332899960991067 neg 0.4344159423711249 __DUMMY__ 0.07225505801896435	false	0.5
inkonsistenz	neg 1.0		off 0.4879743878625059 neg 0.4412240067253187 __DUMMY__ 0.0708016054121753	false	0.5
erschreckend	neg 1.0		off 0.4848298330711738 neg 0.4436975619636081 __DUMMY__ 0.07147260496521818	false	0.5
ertrinken	neg 1.0		off 0.48531512579719255 neg 0.4426013969745121 __DUMMY__ 0.07208347722829528	false	0.5
pickelface	off 1.0		off 0.4839642450428264 neg 0.4444988671264181 __DUMMY__ 0.07153688783075536	false	1.0
seiner			off 0.48309975151771706 neg 0.4449301666610233 __DUMMY__ 0.07197008182125955	false	0.0
lauch	neg 1.0		off 0.47817389278920597 neg 0.4500821511488207 __DUMMY__ 0.0717439560619733	false	0.5
unwichtig	neg 1.0		off 0.49076986348591445 neg 0.4381110252989277 __DUMMY__ 0.07111911121515793	false	0.5
steuerhinterziehung	neg 1.0		off 0.48289176145289797 neg 0.4457929157796454 __DUMMY__ 0.0713153227674567	false	0.5
schock	neg 1.0		off 0.48831901868943556 neg 0.4396826408341533 __DUMMY__ 0.0719983404764111	false	0.5
beule	neg 1.0		off 0.4933676448297445 neg 0.4352365254605132 __DUMMY__ 0.07139582970974213	false	0.5
vergelten	neg 1.0		off 0.4967932686175984 neg 0.43184033673869254 __DUMMY__ 0.07136639464370906	false	0.5
verdorbenheit	neg 1.0		off 0.486408267412466 neg 0.44199157592795185 __DUMMY__ 0.07160015665958214	false	0.5
trauma	neg 1.0		off 0.48757335992885276 neg 0.44095759573751175 __DUMMY__ 0.0714690443336355	false	0.5
sinnlos	neg 1.0		off 0.48971417180841537 neg 0.43877734314515277 __DUMMY__ 0.07150848504643179	false	0.5
fettsack	off 1.0	off 1.0	off 0.7353794323574168 neg 0.23066822901047324 __DUMMY__ 0.03395233863211013	false	1.0
feige	off 1.0	off 1.0	off 0.7319549604883605 neg 0.23398081910014368 __DUMMY__ 0.03406422041149586	false	1.0
abdanken	neg 1.0		off 0.48438549644611517 neg 0.44424358657031954 __DUMMY__ 0.07137091698356518	false	0.5
wichtigtuer	off 1.0	off 1.0	off 0.7305033206606482 neg 0.23530545623237165 __DUMMY__ 0.034191223106980195	false	1.0
misslingen	neg 1.0		off 0.49082674124592346 neg 0.4371499382906947 __DUMMY__ 0.0720233204633819	false	0.5
untreu	off 1.0		off 0.4921641774082193 neg 0.43676950968297584 __DUMMY__ 0.07106631290880482	false	1.0
missmutig	neg 1.0		off 0.491865931685041 neg 0.43685724104257506 __DUMMY__ 0.0712768272723839	false	0.5
hurenbock	off 1.0		off 0.48861181807311593 neg 0.43984304794287166 __DUMMY__ 0.0715451339840124	false	1.0
betrunken	neg 1.0		off 0.495932118561137 neg 0.4327161701765701 __DUMMY__ 0.07135171126229277	false	0.5
korrupt	off 1.0		off 0.4807290305652898 neg 0.4481678327627501 __DUMMY__ 0.07110313667196015	false	1.0
unmut	neg 1.0		off 0.4788527642811608 neg 0.4492207300485687 __DUMMY__ 0.07192650567027051	false	0.5
hackfresse	off 1.0		off 0.49823169415567187 neg 0.4312852839855276 __DUMMY__ 0.07048302185880051	false	1.0
aufblasen	neg 1.0		off 0.4897317857596472 neg 0.43855545162540477 __DUMMY__ 0.0717127626149479	false	0.5
gewaltsam	neg 1.0		off 0.4860518892686929 neg 0.4423135135036722 __DUMMY__ 0.07163459722763489	false	0.5
unbeliebtheit	neg 1.0		off 0.48535842316689076 neg 0.4443247648456198 __DUMMY__ 0.07031681198748953	false	0.5
sturheit	neg 1.0		off 0.48457011590880095 neg 0.4439930976966129 __DUMMY__ 0.07143678639458623	false	0.5
kuh	neg 1.0		off 0.48566985084450903 neg 0.4431356519299915 __DUMMY__ 0.07119449722549934	false	0.5
erschrecken	neg 1.0		off 0.491435536729327 neg 0.4371908823610595 __DUMMY__ 0.07137358090961354	false	0.5
opfer	neg 1.0		off 0.48429090934302904 neg 0.4437986661902468 __DUMMY__ 0.07191042446672417	false	0.5
sinken	neg 1.0		off 0.4794940629414508 neg 0.44860551585733627 __DUMMY__ 0.07190042120121302	false	0.5
stinktier	neg 1.0		off 0.49552596893905604 neg 0.43379022971453735 __DUMMY__ 0.07068380134640653	false	0.5
tucke	off 1.0		off 0.4962530626883404 neg 0.4337235889560949 __DUMMY__ 0.07002334835556459	false	1.0
ein			off 0.48827302778097936 neg 0.4401141677016037 __DUMMY__ 0.0716128045174169	false	0.0
abstieg	neg 1.0		off 0.48485209256122763 neg 0.4429517296642022 __DUMMY__ 0.07219617777457012	false	0.5
missverstehen	neg 1.0		off 0.48809352977596326 neg 0.44072871525476326 __DUMMY__ 0.07117775496927344	false	0.5
ergebnislos	neg 1.0		off 0.4819602093510221 neg 0.4462926802684414 __DUMMY__ 0.07174711038053654	false	0.5
unter			off 0.478035697830195 neg 0.4492150072264667 __DUMMY__ 0.0727492949433383	false	0.0
manipulieren	neg 1.0		off 0.4815412613805303 neg 0.4466697465170668 __DUMMY__ 0.071788992102403	false	0.5
unbewiesen	neg 1.0		off 0.48238200981917545 neg 0.44681581181565305 __DUMMY__ 0.07080217836517144	false	0.5
verschleppen	neg 1.0		off 0.4839404766271107 neg 0.444346576666186 __DUMMY__ 0.07171294670670315	false	0.5
weib	off 1.0		off 0.49837197021032614 neg 0.43111549663910476 __DUMMY__ 0.07051253315056907	false	1.0
opposition	neg 1.0		off 0.4873027061062502 neg 0.44145886742541296 __DUMMY__ 0.07123842646833692	false	0.5
verkehrswidrig	neg 1.0	neg 1.0	neg 0.6991192669485111 off 0.26641288609296637 __DUMMY__ 0.034467846958522515	false	1.0
inkorrekt	neg 1.0		off 0.4909388656801949 neg 0.4384649315368459 __DUMMY__ 0.07059620278295924	false	0.5
vermeiden	neg 1.0		off 0.47867432718983477 neg 0.44898827361504967 __DUMMY__ 0.07233739919511559	false	0.5
abweichung	neg 1.0		off 0.4813762995904355 neg 0.4470828315642358 __DUMMY__ 0.07154086884532873	false	0.5
alkoholisiert	neg 1.0		off 0.48600313047356813 neg 0.44151294657842954 __DUMMY__ 0.07248392294800227	false	0.5
scheiss	off 1.0	off 1.0	off 0.7331931128359191 neg 0.23257957975903584 __DUMMY__ 0.03422730740504509	false	1.0
herausforderung	neg 1.0	neg 1.0	neg 0.7056952313582171 off 0.25939503754651017 __DUMMY__ 0.034909731095272734	false	1.0
pervers	off 1.0		off 0.5016300245721139 neg 0.428024602041228 __DUMMY__ 0.07034537338665814	false	1.0
wackelig	neg 1.0		off 0.4869496049462004 neg 0.4409288393010847 __DUMMY__ 0.07212155575271495	false	0.5
verwickeln	neg 1.0		off 0.48797103872317665 neg 0.4408470793126507 __DUMMY__ 0.0711818819641726	false	0.5
vorwand	neg 1.0		off 0.48098392948723984 neg 0.4471445604261035 __DUMMY__ 0.07187151008665661	false	0.5
muschi	off 1.0		off 0.48435700569135337 neg 0.4441287829624702 __DUMMY__ 0.07151421134617644	false	1.0
entmutigung	neg 1.0		off 0.4862565146811628 neg 0.44259327832183104 __DUMMY__ 0.0711502069970061	false	0.5
unangemessen	neg 1.0		off 0.48330127551166 neg 0.4452877600726567 __DUMMY__ 0.07141096441568338	false	0.5
unstetig	neg 1.0		off 0.4883611665251396 neg 0.44006068574262514 __DUMMY__ 0.07157814773223538	false	0.5
entmutigen	neg 1.0		off 0.4875504093779986 neg 0.44107616001717626 __DUMMY__ 0.07137343060482518	false	0.5
schwanz	neg 1.0		off 0.48198645435908954 neg 0.44621667785238617 __DUMMY__ 0.0717968677885243	false	0.5
verbot	neg 1.0		off 0.481908600695386 neg 0.4467230356508234 __DUMMY__ 0.07136836365379072	false	0.5
leid	neg 1.0		off 0.4975440234851176 neg 0.43156911604063314 __DUMMY__ 0.0708868604742494	false	0.5
archaisch	neg 1.0		off 0.484458433650413 neg 0.44391889639070103 __DUMMY__ 0.07162266995888592	false	0.5
gegen			off 0.48135410332213696 neg 0.4465476813754551 __DUMMY__ 0.07209821530240786	false	0.0
scheidung	neg 1.0		off 0.5052415754116889 neg 0.4245494770649399 __DUMMY__ 0.07020894752337134	false	0.5
einschlag	neg 1.0	neg 1.0	neg 0.7018106348445323 off 0.26406406846770736 __DUMMY__ 0.03412529668776028	false	1.0
m			off 0.4852403507048344 neg 0.4429447948391159 __DUMMY__ 0.07181485445604982	false	0.0
abgestanden	neg 1.0		off 0.4890593295342612 neg 0.43920847283448083 __DUMMY__ 0.07173219763125789	false	0.5
schmierig	off 1.0		off 0.4972060459586984 neg 0.4318466606227313 __DUMMY__ 0.07094729341857046	false	1.0
unpraktisch	neg 1.0		off 0.4894470712160952 neg 0.43880430741439297 __DUMMY__ 0.07174862136951171	false	0.5
wixxer	off 1.0		off 0.5004598939854927 neg 0.42933847108317247 __DUMMY__ 0.07020163493133479	false	1.0
bezeichnet			off 0.4853771492416801 neg 0.44319779701778017 __DUMMY__ 0.07142505374053969	false	0.0
jammerlappen	off 1.0		off 0.49128227014627346 neg 0.4375485826917206 __DUMMY__ 0.07116914716200597	false	1.0
farce	neg 1.0		off 0.48198316629282323 neg 0.44681648791480055 __DUMMY__ 0.07120034579237629	false	0.5
zwecklos	neg 1.0		off 0.4839486782646157 neg 0.44452502357809304 __DUMMY__ 0.0715262981572913	false	0.5
turbulent	neg 1.0		off 0.4904569822680542 neg 0.43863923498107243 __DUMMY__ 0.07090378275087347	false	0.5
invasion	neg 1.0		off 0.48943310656781097 neg 0.4391176565065533 __DUMMY__ 0.0714492369256358	false	0.5
schuld	neg 1.0		off 0.48742465807714586 neg 0.4411198008991769 __DUMMY__ 0.07145554102367735	false	0.5
risiko	neg 1.0		off 0.48749648732153916 neg 0.4408892990817995 __DUMMY__ 0.07161421359666131	false	0.5
finster	neg 1.0		off 0.48868331609723903 neg 0.4397029026842951 __DUMMY__ 0.07161378121846591	false	0.5
geisteskrank	off 1.0		off 0.49195047375322914 neg 0.43715631344272093 __DUMMY__ 0.07089321280405002	false	1.0
zusammenbrechen	neg 1.0		off 0.48629491456961715 neg 0.44190759650042344 __DUMMY__ 0.07179748892995944	false	0.5
ausbeute	neg 1.0		off 0.4833200860712623 neg 0.4446712437231155 __DUMMY__ 0.07200867020562211	false	0.5
hinterhalt	neg 1.0		off 0.4849163949918046 neg 0.4434160020840833 __DUMMY__ 0.0716676029241122	false	0.5
kritik	neg 1.0		off 0.4823049933953786 neg 0.4464033058991764 __DUMMY__ 0.07129170070544509	false	0.5
einschrumpfen	neg 1.0		off 0.48675767093618133 neg 0.442380857949983 __DUMMY__ 0.07086147111383567	false	0.5
riskant	neg 1.0		off 0.48277442363064377 neg 0.4455136860171261 __DUMMY__ 0.07171189035223023	false	0.5
frustrieren	neg 1.0		off 0.483054939530124 neg 0.4452280468435437 __DUMMY__ 0.07171701362633233	false	0.5
groll	neg 1.0		off 0.4844132542581793 neg 0.4439152468224545 __DUMMY__ 0.07167149891936633	false	0.5
gibt			off 0.48448321095508456 neg 0.4439336778487719 __DUMMY__ 0.07158311119614351	false	0.0
qualvoll	neg 1.0		off 0.49163222646339505 neg 0.43679581176034066 __DUMMY__ 0.07157196177626425	false	0.5
wackeln	neg 1.0	neg 1.0	neg 0.7038476182735346 off 0.2615601835422378 __DUMMY__ 0.03459219818422766	false	1.0
klagen	neg 1.0		off 0.4790086955546679 neg 0.4491455663069314 __DUMMY__ 0.0718457381384008	false	0.5
bankrott	neg 1.0		off 0.49089903365732757 neg 0.43776162009682007 __DUMMY__ 0.07133934624585228	false	0.5
trauern	neg 1.0		off 0.4845715082430984 neg 0.4434255022318149 __DUMMY__ 0.07200298952508676	false	0.5
ablehnung	neg 1.0		off 0.4823254656332275 neg 0.44638680034763323 __DUMMY__ 0.07128773401913924	false	0.5
stur	neg 1.0		off 0.48766821096116425 neg 0.4409736473051961 __DUMMY__ 0.0713581417336395	false	0.5
aufruhr	neg 1.0		off 0.4863376076151248 neg 0.4419598222813192 __DUMMY__ 0.07170257010355598	false	0.5
melancholie	neg 1.0		off 0.48574511708450324 neg 0.4423377892241638 __DUMMY__ 0.07191709369133295	false	0.5
ist			off 0.4883634606052955 neg 0.440227665708305 __DUMMY__ 0.0714088736863995	false	0.0
torheit	neg 1.0		off 0.48601723030704974 neg 0.44273115161872567 __DUMMY__ 0.07125161807422468	false	0.5
dreckskind	off 1.0		off 0.49679484870927043 neg 0.4326120141713816 __DUMMY__ 0.07059313711934785	false	1.0
umtauschen	neg 1.0		off 0.4868875541293455 neg 0.4414701043316561 __DUMMY__ 0.07164234153899839	false	0.5
zum			off 0.48095130341425985 neg 0.44635653611699877 __DUMMY__ 0.0726921604687414	false	0.0
zersetzen	neg 1.0		off 0.48068708244927927 neg 0.4476479434709065 __DUMMY__ 0.07166497407981429	false	0.5
zur			off 0.47781730168158276 neg 0.449849891063302 __DUMMY__ 0.07233280725511522	false	0.0
frust	neg 1.0		off 0.4858118113712238 neg 0.4424292882859808 __DUMMY__ 0.0717589003427953	false	0.5
unerbittlichkeit	neg 1.0		off 0.4808734242348127 neg 0.4474537622027825 __DUMMY__ 0.0716728135624047	false	0.5
zwei			off 0.48239940012823196 neg 0.44514770048991326 __DUMMY__ 0.07245289938185466	false	0.0
unkorrekt	neg 1.0		off 0.4910433409173215 neg 0.4384734539085826 __DUMMY__ 0.07048320517409598	false	0.5
hexe	off 1.0		off 0.49104404459561146 neg 0.43799410442119274 __DUMMY__ 0.07096185098319577	false	1.0
lasch	neg 1.0		off 0.4881199037052888 neg 0.4409531542297353 __DUMMY__ 0.07092694206497593	false	0.5
rivale	neg 1.0		off 0.4952444106387791 neg 0.4335487977002832 __DUMMY__ 0.07120679166093771	false	0.5
mutlos	off 1.0	off 1.0	off 0.72679839769138 neg 0.23887195913011097 __DUMMY__ 0.03432964317850895	false	1.0
wirr	off 1.0		off 0.49201575226141614 neg 0.4374136997146842 __DUMMY__ 0.07057054802389959	false	1.0
jahr			off 0.48325377717028867 neg 0.4445467977246023 __DUMMY__ 0.07219942510510899	false	0.0
wird			off 0.48365199288549265 neg 0.4446074680719778 __DUMMY__ 0.07174053904252942	false	0.0
strafbar	neg 1.0		off 0.4820434123111066 neg 0.44638341202482457 __DUMMY__ 0.07157317566406875	false	0.5
erosion	neg 1.0		off 0.4884838429498413 neg 0.4398085116173209 __DUMMY__ 0.07170764543283788	false	0.5
eingehen	neg 1.0		off 0.4825843082772415 neg 0.44595433019012826 __DUMMY__ 0.07146136153263026	false	0.5
faul	off 1.0		off 0.4920484599117127 neg 0.4365049920828899 __DUMMY__ 0.07144654800539729	false	1.0
provisorium	neg 1.0		off 0.47688333811537886 neg 0.45051136328820235 __DUMMY__ 0.07260529859641866	false	0.5
schmerzen	neg 1.0		off 0.48744322144387253 neg 0.44091028750171424 __DUMMY__ 0.07164649105441333	false	0.5
schrumpfen	neg 1.0		off 0.47657740262484327 neg 0.4513992070941461 __DUMMY__ 0.07202339028101051	false	0.5
geistlos	off 1.0		off 0.4858109432694023 neg 0.44339460076738096 __DUMMY__ 0.0707944559632166	false	1.0
fehlkauf	neg 1.0		off 0.4879107524991004 neg 0.44074422304050015 __DUMMY__ 0.07134502446039948	false	0.5
frustrierend	neg 1.0		off 0.49147292434455564 neg 0.4371043919808147 __DUMMY__ 0.07142268367462973	false	0.5
unzufrieden	neg 1.0		off 0.4835579709468508 neg 0.4449448010710019 __DUMMY__ 0.07149722798214728	false	0.5
verzweifeln	neg 1.0		off 0.48647980201223884 neg 0.4419093421640599 __DUMMY__ 0.07161085582370114	false	0.5
verzweifelt	neg 1.0		off 0.4880548505461963 neg 0.4405423789049267 __DUMMY__ 0.07140277054887698	false	0.5
misstrauensantrag	neg 1.0		off 0.48855511929264434 neg 0.440138993797385 __DUMMY__ 0.07130588690997074	false	0.5
abfallen	neg 1.0		off 0.4898077105873308 neg 0.43844413703393204 __DUMMY__ 0.07174815237873723	false	0.5
fucker	off 1.0		off 0.49250512690506665 neg 0.4365884500184837 __DUMMY__ 0.07090642307644969	false	1.0
ungezogen	neg 1.0		off 0.5005626689699045 neg 0.4288933182343243 __DUMMY__ 0.07054401279577108	false	0.5
irrsinnig	neg 1.0	neg 1.0	neg 0.7058021397865043 off 0.259940342375183 __DUMMY__ 0.034257517838312636	false	1.0
unfassbar	neg 1.0		off 0.49133517164536655 neg 0.43765277494519095 __DUMMY__ 0.07101205340944264	false	0.5
hart	neg 1.0		off 0.49005777568372216 neg 0.4386747723663456 __DUMMY__ 0.07126745194993228	false	0.5
widerlich	off 1.0		off 0.4917403939739056 neg 0.4373906014467297 __DUMMY__ 0.07086900457936465	false	1.0
fatal	neg 1.0		off 0.48830608254924934 neg 0.4403393167502236 __DUMMY__ 0.07135460070052693	false	0.5
bruch	neg 1.0		off 0.48001597819004993 neg 0.44803203136706354 __DUMMY__ 0.07195199044288657	false	0.5
aushungern	neg 1.0		off 0.4839131390647299 neg 0.44473856015057334 __DUMMY__ 0.07134830078469674	false	0.5
anspannung	neg 1.0	neg 1.0	neg 0.7071667576003984 off 0.25769876264835034 __DUMMY__ 0.03513447975125131	false	1.0
von			off 0.48239197446907844 neg 0.44540303519489033 __DUMMY__ 0.07220499033603121	false	0.0
kraftlos	neg 1.0		off 0.4871731262076251 neg 0.44075099416293256 __DUMMY__ 0.07207587962944233	false	0.5
vom			off 0.4788079523892957 neg 0.4484077973108581 __DUMMY__ 0.07278425029984618	false	0.0
grenzdebil	off 1.0		off 0.49309797745064254 neg 0.4358258111424099 __DUMMY__ 0.07107621140694749	false	1.0
vor			off 0.48230063822443847 neg 0.44560935578104105 __DUMMY__ 0.07209000599452038	false	0.0
unterwerfen	neg 1.0		off 0.48263042761358393 neg 0.4456661557546633 __DUMMY__ 0.07170341663175282	false	0.5
versenkung	neg 1.0		off 0.48274407768803657 neg 0.4454667286207062 __DUMMY__ 0.07178919369125727	false	0.5
entziehen	neg 1.0		off 0.4802889425247902 neg 0.4477961406329926 __DUMMY__ 0.07191491684221708	false	0.5
finanzkrise	neg 1.0		off 0.483708743898662 neg 0.44502362847665133 __DUMMY__ 0.07126762762468662	false	0.5
schimpfend	neg 1.0		off 0.48996704376965095 neg 0.4382207645779495 __DUMMY__ 0.07181219165239952	false	0.5
profan	neg 1.0		off 0.4894267556622648 neg 0.4392540826035213 __DUMMY__ 0.07131916173421393	false	0.5
korruption	neg 1.0		off 0.4816576213001357 neg 0.44700851492085547 __DUMMY__ 0.07133386377900867	false	0.5
â			off 0.4838737271190174 neg 0.4443064842505804 __DUMMY__ 0.07181978863040235	false	0.0
schmutzig	neg 1.0		off 0.4936373584767962 neg 0.43507508832576836 __DUMMY__ 0.07128755319743539	false	0.5
sexy	neg 1.0		off 0.49022720657251323 neg 0.43843966434046855 __DUMMY__ 0.07133312908701818	false	0.5
abraten	neg 1.0		off 0.4882610956062402 neg 0.4403895061134533 __DUMMY__ 0.07134939828030647	false	0.5
schwarz	neg 1.0		off 0.48743514536521765 neg 0.4412275206790703 __DUMMY__ 0.07133733395571203	false	0.5
fotze	off 1.0		off 0.48223099479803416 neg 0.44614101440019627 __DUMMY__ 0.07162799080176956	false	1.0
verwirren	neg 1.0		off 0.48955460605419954 neg 0.43914462067475596 __DUMMY__ 0.0713007732710445	false	0.5
zahnlos	off 1.0		off 0.48346557123498324 neg 0.44505875626041863 __DUMMY__ 0.07147567250459813	false	1.0
verheeren	neg 1.0		off 0.5023471071633995 neg 0.426996951383785 __DUMMY__ 0.07065594145281537	false	0.5
hippie	neg 1.0		off 0.48934603956868644 neg 0.439353401193307 __DUMMY__ 0.0713005592380066	false	0.5
rammen	neg 1.0		off 0.4885351817988437 neg 0.4398597373574523 __DUMMY__ 0.07160508084370402	false	0.5
unlauter	neg 1.0		off 0.48307791817344353 neg 0.44611284293317527 __DUMMY__ 0.07080923889338117	false	0.5
unheilvoll	neg 1.0		off 0.49077108309248874 neg 0.43756352752693134 __DUMMY__ 0.07166538938057977	false	0.5
niedrig	neg 1.0		off 0.4835525438293676 neg 0.4444293134239939 __DUMMY__ 0.07201814274663845	false	0.5
explosion	neg 1.0		off 0.48864731871343325 neg 0.44005904923476724 __DUMMY__ 0.07129363205179938	false	0.5
weichei	off 1.0		off 0.4972094849114788 neg 0.4321527856081628 __DUMMY__ 0.0706377294803584	false	1.0
minusmensch	off 1.0		off 0.4972495335076427 neg 0.4328832272490316 __DUMMY__ 0.06986723924332558	false	1.0
farblos	neg 1.0		off 0.48860070772755215 neg 0.43932300552232223 __DUMMY__ 0.07207628675012571	false	0.5
unwissend	neg 1.0	neg 1.0	neg 0.7039613354102398 off 0.2619623242065514 __DUMMY__ 0.03407634038320878	false	1.0
traurig	neg 1.0		off 0.4950329978493882 neg 0.43399848024206916 __DUMMY__ 0.07096852190854268	false	0.5
senkung	neg 1.0		off 0.48700967920871974 neg 0.44204256445970924 __DUMMY__ 0.07094775633157109	false	0.5
ungleich	neg 1.0	neg 1.0	neg 0.7089501593259894 off 0.25669352908218507 __DUMMY__ 0.034356311591825665	false	1.0
heikel	neg 1.0		off 0.48075672644753975 neg 0.4476035085414098 __DUMMY__ 0.07163976501105054	false	0.5
drosselung	neg 1.0		off 0.4926672344959789 neg 0.4362203267988444 __DUMMY__ 0.07111243870517679	false	0.5
falsch	neg 1.0		off 0.49091104433349947 neg 0.43782098404953246 __DUMMY__ 0.07126797161696805	false	0.5
unzufriedenheit	neg 1.0		off 0.48063646171190083 neg 0.44760724682381925 __DUMMY__ 0.07175629146427982	false	0.5
kurz	neg 1.0		off 0.4867791049663356 neg 0.44131542021424486 __DUMMY__ 0.07190547481941954	false	0.5
unsinnig	neg 1.0		off 0.4832408307080509 neg 0.4454396146954641 __DUMMY__ 0.07131955459648498	false	0.5
penner	off 1.0	off 1.0	off 0.7365044660376618 neg 0.2296515139725302 __DUMMY__ 0.03384401998980792	false	1.0
seicht	neg 1.0		off 0.498179335548205 neg 0.43163724772623985 __DUMMY__ 0.07018341672555531	false	0.5
dummheit	off 1.0	off 1.0	off 0.7306696586471986 neg 0.235156848997096 __DUMMY__ 0.03417349235570535	false	1.0
unerfreulich	neg 1.0		off 0.4813119760919402 neg 0.4467514831228996 __DUMMY__ 0.07193654078516017	false	0.5
motherfucker	off 1.0	off 1.0	off 0.7327095746245958 neg 0.2332871421618088 __DUMMY__ 0.03400328321359543	false	1.0
pikiert	neg 1.0		off 0.4905195136157207 neg 0.438572843817695 __DUMMY__ 0.07090764256658427	false	0.5
wrack	neg 1.0		off 0.4838421095596029 neg 0.44420928409520877 __DUMMY__ 0.07194860634518827	false	0.5
gangster	neg 1.0		off 0.4892900694460593 neg 0.4393367777697682 __DUMMY__ 0.07137315278417243	false	0.5
krank	neg 1.0		off 0.49451096684967916 neg 0.4342344325719651 __DUMMY__ 0.07125460057835585	false	0.5
reich	neg 1.0		off 0.48833929109984925 neg 0.4408491866469624 __DUMMY__ 0.07081152225318832	false	0.5
gnadenlos	neg 1.0		off 0.4877447257986378 neg 0.4407468845480192 __DUMMY__ 0.07150838965334312	false	0.5
niedergeschlagen	neg 1.0		off 0.48741122853310587 neg 0.4406506911287351 __DUMMY__ 0.07193808033815914	false	0.5
terrorisieren	off 1.0	off 1.0	off 0.7281752141978196 neg 0.2373098636138838 __DUMMY__ 0.03451492218829661	false	1.0
sinnlosigkeit	neg 1.0		off 0.4840645486983854 neg 0.4443922336412077 __DUMMY__ 0.071543217660407	false	0.5
behindern	neg 1.0		off 0.48513819367562766 neg 0.44340908160938897 __DUMMY__ 0.07145272471498336	false	0.5
undemokratisch	neg 1.0		off 0.4847410508188357 neg 0.4442147507355685 __DUMMY__ 0.07104419844559592	false	0.5
wirtschaftskrise	neg 1.0		off 0.48201497989619246 neg 0.44648307611016913 __DUMMY__ 0.0715019439936386	false	0.5
neid	neg 1.0		off 0.4932330662904957 neg 0.43524493521603463 __DUMMY__ 0.07152199849346956	false	0.5
rutschen	neg 1.0		off 0.48290182562320405 neg 0.4445546237924279 __DUMMY__ 0.072543550584368	false	0.5
rezession	neg 1.0		off 0.49406994124610437 neg 0.4353023738500302 __DUMMY__ 0.07062768490386545	false	0.5
fehlgeburt	neg 1.0		off 0.4907772549534835 neg 0.4375040840104052 __DUMMY__ 0.07171866103611135	false	0.5
charakterschwach	off 1.0		off 0.4922260475766036 neg 0.43674134407441384 __DUMMY__ 0.07103260834898256	false	1.0
isolation	neg 1.0		off 0.4911659479391772 neg 0.4374560851945592 __DUMMY__ 0.0713779668662636	false	0.5
ablenkung	neg 1.0		off 0.4873172263247298 neg 0.44112202056645705 __DUMMY__ 0.07156075310881312	false	0.5
pech	neg 1.0		off 0.49126025564714876 neg 0.43736290745505 __DUMMY__ 0.0713768368978013	false	0.5
vermeidung	neg 1.0		off 0.4914703450460472 neg 0.43767860454721186 __DUMMY__ 0.07085105040674096	false	0.5
dominieren	neg 1.0		off 0.4851803267748369 neg 0.4427708391809026 __DUMMY__ 0.07204883404426055	false	0.5
schwindlig	neg 1.0		off 0.49243191095269406 neg 0.43568124663612384 __DUMMY__ 0.071886842411182	false	0.5
lutscher	neg 1.0		off 0.49929628580315727 neg 0.4304924462978235 __DUMMY__ 0.07021126789901913	false	0.5
pflicht	neg 1.0		off 0.48075456749252826 neg 0.4475625254319532 __DUMMY__ 0.07168290707551864	false	0.5
faschist	off 1.0		off 0.4868484962185609 neg 0.44224756726859765 __DUMMY__ 0.0709039365128416	false	1.0
verschleudern	neg 1.0		off 0.47902820996796475 neg 0.44979949700146415 __DUMMY__ 0.07117229303057111	false	0.5
wenn			off 0.49104478929270534 neg 0.4377132751974414 __DUMMY__ 0.0712419355098534	false	0.0
ehebruch	neg 1.0		off 0.4830937312476926 neg 0.4452545108750373 __DUMMY__ 0.07165175787727011	false	0.5
spott	off 1.0		off 0.4815131639833337 neg 0.4469704656674407 __DUMMY__ 0.0715163703492256	false	1.0
trostlosigkeit	neg 1.0		off 0.4808972589338304 neg 0.4471570809273123 __DUMMY__ 0.0719456601388572	false	0.5
lutschen	neg 1.0		off 0.48833874276781075 neg 0.4404393747152428 __DUMMY__ 0.07122188251694651	false	0.5
undiszipliniert	neg 1.0		off 0.4947268698503797 neg 0.43417161302093665 __DUMMY__ 0.07110151712868358	false	0.5
kopfschmerz	neg 1.0		off 0.48746702841590744 neg 0.4405836463960879 __DUMMY__ 0.07194932518800469	false	0.5
unvorhergesehen	neg 1.0		off 0.4858685447663381 neg 0.44191589136005277 __DUMMY__ 0.07221556387360913	false	0.5
desinteressiert	neg 1.0		off 0.49321569203097143 neg 0.43589355676118846 __DUMMY__ 0.07089075120784016	false	0.5
armselig	off 1.0		off 0.492894773532582 neg 0.43648002410620756 __DUMMY__ 0.07062520236121032	false	1.0
desaster	neg 1.0		off 0.47823935465961187 neg 0.4499675718312305 __DUMMY__ 0.07179307350915774	false	0.5
tod	neg 1.0		off 0.48529625131091425 neg 0.4426962582407637 __DUMMY__ 0.07200749044832207	false	0.5
herzlos	neg 1.0		off 0.4945968378007015 neg 0.4346129893209338 __DUMMY__ 0.07079017287836478	false	0.5
unwissenheit	neg 1.0		off 0.4822935309501675 neg 0.4464016849971304 __DUMMY__ 0.07130478405270196	false	0.5
widersinnig	neg 1.0	neg 1.0	neg 0.7091777886689563 off 0.2567287149022375 __DUMMY__ 0.03409349642880614	false	1.0
bedenklich	neg 1.0		off 0.48216985080305064 neg 0.44627552950455673 __DUMMY__ 0.07155461969239248	false	0.5
beanstanden	neg 1.0		off 0.48024975813396525 neg 0.4480127091179541 __DUMMY__ 0.07173753274808069	false	0.5
panisch	neg 1.0	neg 1.0	neg 0.7023461004462517 off 0.2630669026188839 __DUMMY__ 0.03458699693486447	false	1.0
debil	off 1.0		off 0.47671772985089833 neg 0.45105488669327315 __DUMMY__ 0.07222738345582853	false	1.0
abstrich	neg 1.0		off 0.4825935084259896 neg 0.44593893745524515 __DUMMY__ 0.07146755411876542	false	0.5
primitiv	neg 1.0		off 0.4923403655478482 neg 0.43678313973731725 __DUMMY__ 0.07087649471483459	false	0.5
abschaum	off 1.0	off 1.0	off 0.7318587611383459 neg 0.23402616216892858 __DUMMY__ 0.03411507669272542	false	1.0
provozieren	neg 1.0		off 0.48672309503034317 neg 0.4419032848125284 __DUMMY__ 0.07137362015712839	false	0.5
tot	neg 1.0		off 0.48126898805523516 neg 0.44727105983635823 __DUMMY__ 0.0714599521084065	false	0.5
instabil	neg 1.0		off 0.48987819927471116 neg 0.4396252978835729 __DUMMY__ 0.07049650284171588	false	0.5
schwuchtel	off 1.0		off 0.5036719472525326 neg 0.4263911842695611 __DUMMY__ 0.06993686847790612	false	1.0
zerren	neg 1.0		off 0.48742738988608375 neg 0.44063929332715696 __DUMMY__ 0.07193331678675924	false	0.5
kinderficker	off 1.0		off 0.49428442660763927 neg 0.43540156749996356 __DUMMY__ 0.07031400589239706	false	1.0
gefahr	neg 1.0		off 0.4818670774059067 neg 0.44620010390109166 __DUMMY__ 0.07193281869300171	false	0.5
rabiat	neg 1.0		off 0.48616056285071413 neg 0.4424189176262982 __DUMMY__ 0.0714205195229877	false	0.5
verlangsamung	neg 1.0		off 0.49830396487664325 neg 0.43111442277196266 __DUMMY__ 0.07058161235139397	false	0.5
ausgestorben	neg 1.0		off 0.4872206835591527 neg 0.4410342414982221 __DUMMY__ 0.0717450749426251	false	0.5
anklagen	neg 1.0		off 0.4843016167408653 neg 0.44417005655309577 __DUMMY__ 0.07152832670603887	false	0.5
trott	neg 1.0		off 0.4864565860150431 neg 0.4419069408318249 __DUMMY__ 0.07163647315313199	false	0.5
verminderung	neg 1.0		off 0.49200751218918903 neg 0.437226505105331 __DUMMY__ 0.07076598270548008	false	0.5
nach			off 0.4824218613661626 neg 0.44473481417781374 __DUMMY__ 0.07284332445602354	false	0.0
rost	neg 1.0		off 0.4975793020278034 neg 0.43168691515338947 __DUMMY__ 0.0707337828188071	false	0.5
destruktiv	neg 1.0		off 0.483875041529269 neg 0.4449715681082229 __DUMMY__ 0.07115339036250815	false	0.5
unzumutbarkeit	neg 1.0		off 0.491489760185599 neg 0.4372645659483585 __DUMMY__ 0.07124567386604255	false	0.5
labil	off 1.0	off 1.0	off 0.731823759216779 neg 0.23405182359052706 __DUMMY__ 0.034124417192694066	false	1.0
ziemlich	neg 1.0		off 0.49308620754907007 neg 0.43570420130504933 __DUMMY__ 0.0712095911458806	false	0.5
lachnummer	off 1.0		off 0.4850020477338623 neg 0.44369010938784126 __DUMMY__ 0.07130784287829649	false	1.0
oder			off 0.48788834132031494 neg 0.44045637647427516 __DUMMY__ 0.07165528220540993	false	0.0
verfall	neg 1.0		off 0.47689615566507837 neg 0.4510302282083989 __DUMMY__ 0.07207361612652277	false	0.5
ausgrenzung	neg 1.0		off 0.4861438569185584 neg 0.4427486088436877 __DUMMY__ 0.07110753423775384	false	0.5
unordnung	neg 1.0		off 0.4922164389639302 neg 0.43660135344774775 __DUMMY__ 0.07118220758832207	false	0.5
fehlverhalten	neg 1.0		off 0.4810835466163532 neg 0.44725063711661295 __DUMMY__ 0.07166581626703389	false	0.5
eine			off 0.481562935663925 neg 0.44655573335369125 __DUMMY__ 0.07188133098238372	false	0.0
nille	neg 1.0		off 0.48519039795863345 neg 0.4432511133094828 __DUMMY__ 0.07155848873188377	false	0.5
qual	neg 1.0		off 0.4861478147339251 neg 0.4422236605805623 __DUMMY__ 0.07162852468551262	false	0.5
verschwenden	neg 1.0		off 0.483191886433032 neg 0.44520016108850685 __DUMMY__ 0.07160795247846116	false	0.5
riesig	neg 1.0	neg 1.0	neg 0.7061371763682164 off 0.25918508590283573 __DUMMY__ 0.034677737728947874	false	1.0
verurteilen	neg 1.0		off 0.4837729554091029 neg 0.4446771233121994 __DUMMY__ 0.07154992127869762	false	0.5
klischee	neg 1.0	neg 1.0	neg 0.7050612017191931 off 0.260846970036249 __DUMMY__ 0.03409182824455794	false	1.0
diktatorisch	neg 1.0		off 0.4848275815214344 neg 0.44424049016586165 __DUMMY__ 0.07093192831270392	false	0.5
vorhersehbar	neg 1.0	neg 1.0	neg 0.7049423635526377 off 0.2608756443689403 __DUMMY__ 0.03418199207842212	false	1.0
sowie			off 0.49602179181561346 neg 0.4333743970837295 __DUMMY__ 0.0706038111006571	false	0.0
stornieren	neg 1.0		off 0.4900349122465019 neg 0.438043401403655 __DUMMY__ 0.07192168634984318	false	0.5
besteuerung	neg 1.0		off 0.4845137806026719 neg 0.4444730191014344 __DUMMY__ 0.07101320029589366	false	0.5
ungeschminkt	neg 1.0		off 0.4919942032284588 neg 0.4370499564511071 __DUMMY__ 0.07095584032043413	false	0.5
kritisch	neg 1.0		off 0.48168669046573054 neg 0.4467860092869754 __DUMMY__ 0.07152730024729394	false	0.5
schlamperei	off 1.0		off 0.48024375530061936 neg 0.44823549149606584 __DUMMY__ 0.07152075320331484	false	1.0
sucht	neg 1.0	neg 1.0	neg 0.7050292955521832 off 0.2604717629297063 __DUMMY__ 0.03449894151811062	false	1.0
egoistisch	off 1.0		off 0.4974098215515395 neg 0.43188251079102546 __DUMMY__ 0.07070766765743489	false	1.0
ausbeuter	off 1.0		off 0.4799793079071012 neg 0.44851320053955884 __DUMMY__ 0.07150749155333998	false	1.0
arschgeburt	off 1.0		off 0.5032803889873303 neg 0.42687078653807947 __DUMMY__ 0.06984882447459011	false	1.0
schubs	neg 1.0	neg 1.0	neg 0.7053560738643189 off 0.2599797100127122 __DUMMY__ 0.03466421612296892	false	1.0
unsolide	neg 1.0		off 0.4831786066585162 neg 0.4462941252210267 __DUMMY__ 0.07052726812045723	false	0.5
beschwerde	neg 1.0		off 0.48078563149271497 neg 0.4476553950122966 __DUMMY__ 0.07155897349498837	false	0.5
stocken	neg 1.0		off 0.48299476391457313 neg 0.44521307751676237 __DUMMY__ 0.07179215856866443	false	0.5
isolieren	neg 1.0		off 0.48370205465020344 neg 0.4446535938362082 __DUMMY__ 0.0716443515135883	false	0.5
unheilbar	neg 1.0		off 0.48917938175938774 neg 0.4389981310370468 __DUMMY__ 0.07182248720356532	false	0.5
pisser	off 1.0		off 0.4939725624645327 neg 0.43495074181164023 __DUMMY__ 0.07107669572382706	false	1.0
löschen	neg 1.0		off 0.4866810633615159 neg 0.44175134834913415 __DUMMY__ 0.07156758828934998	false	0.5
durchfallen	neg 1.0		off 0.4826799703236052 neg 0.44593781131987137 __DUMMY__ 0.07138221835652334	false	0.5
wichser	off 1.0		off 0.501918056174368 neg 0.4277028320555059 __DUMMY__ 0.07037911177012603	false	1.0
terror	neg 1.0		off 0.4903731145290938 neg 0.4381027154259547 __DUMMY__ 0.0715241700449514	false	0.5
krass	neg 1.0		off 0.49520185122032884 neg 0.4340337197788124 __DUMMY__ 0.07076442900085869	false	0.5
revolte	neg 1.0		off 0.4869099234823129 neg 0.44199619286391495 __DUMMY__ 0.07109388365377224	false	0.5
besorgt	neg 1.0		off 0.48690272378127486 neg 0.4410642624468395 __DUMMY__ 0.0720330137718856	false	0.5
nachlassen	neg 1.0		off 0.48293602287148335 neg 0.44521921385679125 __DUMMY__ 0.07184476327172547	false	0.5
alt	neg 1.0		off 0.48413605221002387 neg 0.4440768486308988 __DUMMY__ 0.07178709915907727	false	0.5
hundesohn	off 1.0		off 0.4986388391797969 neg 0.431141095889912 __DUMMY__ 0.07022006493029108	false	1.0
als			off 0.485900123437116 neg 0.4422784084147706 __DUMMY__ 0.07182146814811331	false	0.0
abschreckung	neg 1.0		off 0.4805462765240139 neg 0.4475541207366812 __DUMMY__ 0.07189960273930492	false	0.5
unqualifiziert	neg 1.0		off 0.48655931851653705 neg 0.4426939031225287 __DUMMY__ 0.07074677836093425	false	0.5
abgewichst	off 1.0		off 0.4848572411098893 neg 0.4435037418608866 __DUMMY__ 0.07163901702922416	false	1.0
schwer	neg 1.0		off 0.4871862182681488 neg 0.4411823361924853 __DUMMY__ 0.07163144553936593	false	0.5
bedeutungslosigkeit	neg 1.0		off 0.48090199862944794 neg 0.44734347108402106 __DUMMY__ 0.07175453028653099	false	0.5
kapitulation	neg 1.0		off 0.48079753873051423 neg 0.44779059446030367 __DUMMY__ 0.07141186680918216	false	0.5
unscharf	neg 1.0		off 0.4886469952319267 neg 0.44008674160054073 __DUMMY__ 0.07126626316753269	false	0.5
schwinden	neg 1.0		off 0.4814511502206113 neg 0.4466906577408895 __DUMMY__ 0.07185819203849927	false	0.5
versklavung	neg 1.0		off 0.48500013744297177 neg 0.4439652689950231 __DUMMY__ 0.07103459356200523	false	0.5
schlecht	neg 1.0		off 0.4934126759816838 neg 0.43534020775965315 __DUMMY__ 0.07124711625866288	false	0.5
verhasst	neg 1.0		off 0.4871972852897023 neg 0.4414362394258192 __DUMMY__ 0.07136647528447841	false	0.5
beschweren	neg 1.0		off 0.48855364081582475 neg 0.4400427907580446 __DUMMY__ 0.07140356842613062	false	0.5
scheiden	neg 1.0		off 0.4892994933031169 neg 0.4388147332732846 __DUMMY__ 0.07188577342359845	false	0.5
frustriert	neg 1.0		off 0.4858164985294229 neg 0.44253569337871357 __DUMMY__ 0.07164780809186361	false	0.5
schimmelig	neg 1.0		off 0.48402420794875106 neg 0.4440644525556738 __DUMMY__ 0.07191133949557516	false	0.5
fisch	neg 1.0		off 0.48349133075002926 neg 0.44437759755324807 __DUMMY__ 0.07213107169672264	false	0.5
schmuggel	neg 1.0		off 0.484051814829009 neg 0.4436756333546893 __DUMMY__ 0.07227255181630163	false	0.5
auffallen	neg 1.0		off 0.4893195946593433 neg 0.43930639590720827 __DUMMY__ 0.07137400943344853	false	0.5
konkurrenz	neg 1.0	neg 1.0	neg 0.7089448154689931 off 0.25645214700005675 __DUMMY__ 0.0346030375309501	false	1.0
teufelskreis	neg 1.0		off 0.48623235168530415 neg 0.442172096506723 __DUMMY__ 0.0715955518079727	false	0.5
aufschreien	neg 1.0		off 0.48839104792501903 neg 0.4403656185345187 __DUMMY__ 0.07124333354046225	false	0.5
schuldner	neg 1.0		off 0.48131413852308225 neg 0.44689638957753197 __DUMMY__ 0.0717894718993858	false	0.5
missgeburt	off 1.0	off 1.0	off 0.734952509490269 neg 0.2311528345247196 __DUMMY__ 0.03389465598501133	false	1.0
arbeitslos	neg 1.0		off 0.48316821244628533 neg 0.4454203215540036 __DUMMY__ 0.07141146599971118	false	0.5
befallen	neg 1.0		off 0.48512930652982955 neg 0.4432458206455127 __DUMMY__ 0.07162487282465782	false	0.5
miesepetrig	off 1.0	off 1.0	off 0.7334560061939797 neg 0.2323084241446079 __DUMMY__ 0.034235569661412384	false	1.0
alarmieren	neg 1.0		off 0.4898396784053269 neg 0.439124320977186 __DUMMY__ 0.07103600061748713	false	0.5
ungeduscht	off 1.0		off 0.4912725640631698 neg 0.43731456806894237 __DUMMY__ 0.07141286786788784	false	1.0
knappheit	neg 1.0		off 0.4809742561066513 neg 0.44761470451572966 __DUMMY__ 0.07141103937761914	false	0.5
schlange	neg 1.0		off 0.4905749557997748 neg 0.4376659135877885 __DUMMY__ 0.07175913061243687	false	0.5
harsch	neg 1.0		off 0.4973948218942959 neg 0.43157489858414505 __DUMMY__ 0.07103027952155912	false	0.5
lang	neg 1.0		off 0.48739727718214154 neg 0.44101439569237705 __DUMMY__ 0.07158832712548131	false	0.5
ziellos	neg 1.0		off 0.48601748314501353 neg 0.44200364273445114 __DUMMY__ 0.07197887412053527	false	0.5
selbstverliebt	neg 1.0		off 0.5009597365364801 neg 0.4290230370415265 __DUMMY__ 0.07001722642199337	false	0.5
beseitigen	neg 1.0		off 0.48542852677943094 neg 0.4430246296766232 __DUMMY__ 0.07154684354394597	false	0.5
dumm	off 1.0		off 0.4974626557529628 neg 0.4320457384439347 __DUMMY__ 0.07049160580310257	false	1.0
arbeitsloser	neg 1.0		off 0.4837352926091907 neg 0.4445531874042946 __DUMMY__ 0.07171151998651473	false	0.5
blitzen	neg 1.0		off 0.48985971104893444 neg 0.4387953697750635 __DUMMY__ 0.071344919176002	false	0.5
hilflos	neg 1.0		off 0.4858432656093912 neg 0.44240723758190775 __DUMMY__ 0.07174949680870124	false	0.5
eklig	off 1.0		off 0.4991165630311929 neg 0.43027446608005193 __DUMMY__ 0.07060897088875524	false	1.0
begriff			off 0.4842433149200279 neg 0.4443589491826468 __DUMMY__ 0.07139773589732522	false	0.0
hungersnot	neg 1.0		off 0.48559344024074047 neg 0.4426468566645716 __DUMMY__ 0.07175970309468795	false	0.5
ungesetzlich	neg 1.0		off 0.4842150737544497 neg 0.44510963905410367 __DUMMY__ 0.07067528719144668	false	0.5
verschwendung	neg 1.0		off 0.4823696908126244 neg 0.4458675343013782 __DUMMY__ 0.07176277488599742	false	0.5
schmerzvoll	neg 1.0		off 0.4889793527772249 neg 0.43953961966712046 __DUMMY__ 0.07148102755565451	false	0.5
vorzeitig	neg 1.0		off 0.4912757350751665 neg 0.4371490048013665 __DUMMY__ 0.07157526012346697	false	0.5
unvollkommenheit	neg 1.0		off 0.48786177702816447 neg 0.43987535652994236 __DUMMY__ 0.07226286644189317	false	0.5
intervenieren	neg 1.0		off 0.48009423643659777 neg 0.44844454388737265 __DUMMY__ 0.07146121967602954	false	0.5
banause	off 1.0		off 0.49956509618491934 neg 0.430214606725736 __DUMMY__ 0.0702202970893448	false	1.0
rebell	neg 1.0		off 0.4791260759154373 neg 0.44891277531691653 __DUMMY__ 0.07196114876764621	false	0.5
unlogisch	neg 1.0		off 0.49436291915825364 neg 0.4348166765314546 __DUMMY__ 0.0708204043102918	false	0.5
leiden	neg 1.0		off 0.4855389526836003 neg 0.4420682273107776 __DUMMY__ 0.07239282000562197	false	0.5
abschaffung	neg 1.0		off 0.484435582834975 neg 0.44450893202050545 __DUMMY__ 0.07105548514451955	false	0.5
sturz	neg 1.0		off 0.48785929868786443 neg 0.44040015913141894 __DUMMY__ 0.07174054218071672	false	0.5
verkleinerung	neg 1.0		off 0.48664184238465175 neg 0.442525201780151 __DUMMY__ 0.07083295583519729	false	0.5
schmarotzer	off 1.0		off 0.48248448669766597 neg 0.4461894646570202 __DUMMY__ 0.0713260486453139	false	1.0
bestrafung	neg 1.0		off 0.48774570849534277 neg 0.44086658543204027 __DUMMY__ 0.0713877060726169	false	0.5
achtlos	neg 1.0		off 0.48792875264643804 neg 0.4403045477519214 __DUMMY__ 0.07176669960164053	false	0.5
ungeheuer	neg 1.0		off 0.4900002764318033 neg 0.43864117120929175 __DUMMY__ 0.07135855235890486	false	0.5
unaufrichtig	neg 1.0		off 0.4876020067303151 neg 0.44123095002375906 __DUMMY__ 0.07116704324592595	false	0.5
groggy	neg 1.0		off 0.48867745325724843 neg 0.440061090327417 __DUMMY__ 0.07126145641533445	false	0.5
verletzlich	neg 1.0		off 0.49382325707084246 neg 0.4351421602077857 __DUMMY__ 0.07103458272137193	false	0.5
