unsolidarisch	neg 1.0		off 0.5152799894318892 neg 0.47732311739191213 __DUMMY__ 0.007396893176198582	false	0.5
nachteilig	neg 1.0		off 0.5151529616611858 neg 0.4773642120656626 __DUMMY__ 0.007482826273151473	false	0.5
skeptisch	neg 1.0		off 0.5145869525077318 neg 0.47792165671283954 __DUMMY__ 0.007491390779428555	false	0.5
schrecklich	neg 1.0		off 0.5290972049167264 neg 0.4635019722822043 __DUMMY__ 0.007400822801069332	false	0.5
schlapp	neg 1.0		off 0.5261073899398089 neg 0.46644137103022776 __DUMMY__ 0.007451239029963395	false	0.5
abfall	neg 1.0		off 0.5132630084913082 neg 0.47921013171310683 __DUMMY__ 0.007526859795584976	false	0.5
widerspenstig	neg 1.0		off 0.5208348640931558 neg 0.47168693358425595 __DUMMY__ 0.007478202322588221	false	0.5
abrupt	neg 1.0		off 0.5174779305834689 neg 0.47499867721592576 __DUMMY__ 0.007523392200605339	false	0.5
unwirksam	neg 1.0		off 0.5164223909184503 neg 0.47616474484185567 __DUMMY__ 0.007412864239694128	false	0.5
angreifen	neg 1.0	neg 1.0	neg 0.7231831942228288 off 0.2732224768856784 __DUMMY__ 0.0035943288914928578	false	1.0
inkonsistent	neg 1.0		off 0.5205981488019396 neg 0.4719445473805173 __DUMMY__ 0.007457303817543013	false	0.5
abrutschen	neg 1.0		off 0.5135606296993656 neg 0.4789146827743486 __DUMMY__ 0.007524687526285985	false	0.5
unsicher	neg 1.0		off 0.5211917836882827 neg 0.4713225007230979 __DUMMY__ 0.007485715588619396	false	0.5
bauernkind	off 1.0	off 1.0	off 0.7493389874189644 neg 0.24713623999299708 __DUMMY__ 0.003524772588038585	false	1.0
angreifer	neg 1.0		off 0.5227527220687118 neg 0.46976272211531356 __DUMMY__ 0.007484555815974582	false	0.5
trennen	neg 1.0		off 0.5188414462643652 neg 0.47361677125001783 __DUMMY__ 0.0075417824856169515	false	0.5
schmutz	neg 1.0		off 0.5272092289620511 neg 0.4652445956365146 __DUMMY__ 0.007546175401434165	false	0.5
inkonsistenz	neg 1.0		off 0.5211276758395643 neg 0.47147869351775473 __DUMMY__ 0.0073936306426808105	false	0.5
erschreckend	neg 1.0		off 0.5182745607525352 neg 0.47426106387984895 __DUMMY__ 0.007464375367615879	false	0.5
ertrinken	neg 1.0		off 0.5190534543877046 neg 0.473418023785379 __DUMMY__ 0.007528521826916313	false	0.5
pickelface	off 1.0		off 0.5174330989299846 neg 0.47509591396029 __DUMMY__ 0.007470987109725495	false	1.0
seiner			off 0.5167643666354944 neg 0.4757189746134949 __DUMMY__ 0.0075166587510106875	false	0.0
lauch	neg 1.0		off 0.5116985293605678 neg 0.48080869156217 __DUMMY__ 0.007492779077262099	false	0.5
unwichtig	neg 1.0		off 0.5240995838833634 neg 0.46847327444769077 __DUMMY__ 0.007427141668945695	false	0.5
steuerhinterziehung	neg 1.0		off 0.5162402199946236 neg 0.47631212293754444 __DUMMY__ 0.007447657067832036	false	0.5
schock	neg 1.0		off 0.5220432803706382 neg 0.47043718779665633 __DUMMY__ 0.007519531832705607	false	0.5
beule	neg 1.0		off 0.5268604945893869 neg 0.4656834459555556 __DUMMY__ 0.007456059455057575	false	0.5
vergelten	neg 1.0		off 0.5302753114365193 neg 0.46227188173028 __DUMMY__ 0.007452806833200658	false	0.5
verdorbenheit	neg 1.0		off 0.5199400247872272 neg 0.47258236722635305 __DUMMY__ 0.007477607986419793	false	0.5
trauma	neg 1.0		off 0.5210425353888428 neg 0.4714934355780288 __DUMMY__ 0.007464029033128384	false	0.5
sinnlos	neg 1.0		off 0.5232176381695856 neg 0.4693142469760889 __DUMMY__ 0.007468114854325594	false	0.5
fettsack	off 1.0	off 1.0	off 0.7512882247088971 neg 0.24517471356817655 __DUMMY__ 0.003537061722926324	false	1.0
feige	off 1.0	off 1.0	off 0.7479059454294512 neg 0.24854523239522003 __DUMMY__ 0.0035488221753288	false	1.0
abdanken	neg 1.0		off 0.5177665186577811 neg 0.4747799755931372 __DUMMY__ 0.0074535057490816	false	0.5
wichtigtuer	off 1.0	off 1.0	off 0.7465111144260548 neg 0.24992678612830782 __DUMMY__ 0.003562099445637398	false	1.0
misslingen	neg 1.0		off 0.5245784255419808 neg 0.46789963366946724 __DUMMY__ 0.007521940788552036	false	0.5
untreu	off 1.0		off 0.5254833235483577 neg 0.46709509200526445 __DUMMY__ 0.007421584446377838	false	1.0
missmutig	neg 1.0		off 0.5252834156377888 neg 0.46727294931696384 __DUMMY__ 0.0074436350452475476	false	0.5
hurenbock	off 1.0		off 0.5221278354912712 neg 0.4704005544156574 __DUMMY__ 0.007471610093071297	false	1.0
betrunken	neg 1.0		off 0.5294205688217307 neg 0.46312792797767793 __DUMMY__ 0.0074515032005914835	false	0.5
korrupt	off 1.0		off 0.513959477057389 neg 0.4786150940839119 __DUMMY__ 0.007425428858699169	false	1.0
unmut	neg 1.0		off 0.5124575942143081 neg 0.4800303438011862 __DUMMY__ 0.007512061984505555	false	0.5
hackfresse	off 1.0		off 0.5313281610854332 neg 0.46131167384483873 __DUMMY__ 0.007360165069728062	false	1.0
aufblasen	neg 1.0		off 0.5233383310868499 neg 0.4691721542190699 __DUMMY__ 0.007489514694080383	false	0.5
gewaltsam	neg 1.0		off 0.5195810353585048 neg 0.47293780089441917 __DUMMY__ 0.00748116374707613	false	0.5
unbeliebtheit	neg 1.0		off 0.5182652548520059 neg 0.47439219981739145 __DUMMY__ 0.007342545330602733	false	0.5
sturheit	neg 1.0		off 0.5179891218921147 neg 0.4745503274074602 __DUMMY__ 0.0074605507004251075	false	0.5
kuh	neg 1.0		off 0.5190057383382308 neg 0.4735595029185438 __DUMMY__ 0.007434758743225247	false	0.5
erschrecken	neg 1.0		off 0.5248947814584995 neg 0.4676513186971423 __DUMMY__ 0.00745389984435825	false	0.5
opfer	neg 1.0		off 0.5179318213356999 neg 0.47455783550450387 __DUMMY__ 0.007510343159796108	false	0.5
sinken	neg 1.0		off 0.513096990522259 neg 0.47939385545841035 __DUMMY__ 0.0075091540193306505	false	0.5
stinktier	neg 1.0		off 0.5286931127643689 neg 0.4639257025863424 __DUMMY__ 0.007381184649288737	false	0.5
tucke	off 1.0		off 0.5291219937584009 neg 0.4635663465784244 __DUMMY__ 0.007311659663174589	false	1.0
ein			off 0.5218232472302977 neg 0.47069787298411303 __DUMMY__ 0.007478879785589274	false	0.0
abstieg	neg 1.0		off 0.5186296675982405 neg 0.4738301432309265 __DUMMY__ 0.007540189170833231	false	0.5
missverstehen	neg 1.0		off 0.5214266774449229 neg 0.4711400076675714 __DUMMY__ 0.007433314887505824	false	0.5
ergebnislos	neg 1.0		off 0.5155066357165642 neg 0.4770002843207945 __DUMMY__ 0.007493079962641256	false	0.5
unter			off 0.5120298967459607 neg 0.4803715797444173 __DUMMY__ 0.007598523509622007	false	0.0
manipulieren	neg 1.0		off 0.5151022517472649 neg 0.47740020862317334 __DUMMY__ 0.007497539629561833	false	0.5
unbewiesen	neg 1.0		off 0.5154838164552716 neg 0.47712244598800524 __DUMMY__ 0.0073937375567230115	false	0.5
verschleppen	neg 1.0		off 0.5174820978526424 neg 0.4750284550643349 __DUMMY__ 0.007489447083022555	false	0.5
weib	off 1.0		off 0.5314807586761077 neg 0.46115604810937805 __DUMMY__ 0.007363193214514237	false	1.0
opposition	neg 1.0		off 0.5206655422809683 neg 0.47189487078687664 __DUMMY__ 0.007439586932155037	false	0.5
verkehrswidrig	neg 1.0	neg 1.0	neg 0.7138471455751396 off 0.2825619767890115 __DUMMY__ 0.003590877635848824	false	1.0
inkorrekt	neg 1.0		off 0.5240173140901367 neg 0.4686106598958588 __DUMMY__ 0.007372026014004475	false	0.5
vermeiden	neg 1.0		off 0.5124798576707236 neg 0.47996498728952514 __DUMMY__ 0.007555155039751377	false	0.5
abweichung	neg 1.0		off 0.5148226538561584 neg 0.4777060132594472 __DUMMY__ 0.007471332884394422	false	0.5
alkoholisiert	neg 1.0		off 0.519943297624718 neg 0.47248646064713923 __DUMMY__ 0.0075702417281427285	false	0.5
scheiss	off 1.0	off 1.0	off 0.7492322249676067 neg 0.24720198694914897 __DUMMY__ 0.0035657880832444025	false	1.0
herausforderung	neg 1.0	neg 1.0	neg 0.720629043243768 off 0.2757338348704349 __DUMMY__ 0.0036371218857971124	false	1.0
pervers	off 1.0		off 0.5346855969765953 neg 0.4579687815585166 __DUMMY__ 0.0073456214648880535	false	1.0
wackelig	neg 1.0		off 0.5207280890551479 neg 0.471739432506361 __DUMMY__ 0.007532478438491028	false	0.5
verwickeln	neg 1.0		off 0.5213047752415092 neg 0.4712614747352075 __DUMMY__ 0.007433750023283292	false	0.5
vorwand	neg 1.0		off 0.5145815998920586 neg 0.4779121167211538 __DUMMY__ 0.007506283386787349	false	0.5
muschi	off 1.0		off 0.5178171235349165 neg 0.47471423334005 __DUMMY__ 0.00746864312503341	false	1.0
entmutigung	neg 1.0		off 0.5195506127920515 neg 0.4730191304799887 __DUMMY__ 0.007430256727959884	false	0.5
unangemessen	neg 1.0		off 0.5167001430803096 neg 0.4758420066766521 __DUMMY__ 0.007457850243038165	false	0.5
unstetig	neg 1.0		off 0.5218915062780896 neg 0.47063344939355983 __DUMMY__ 0.007475044328350577	false	0.5
entmutigen	neg 1.0		off 0.5209728756969764 neg 0.47157329104050155 __DUMMY__ 0.007453833262522055	false	0.5
schwanz	neg 1.0		off 0.5155654816607667 neg 0.47693623087581766 __DUMMY__ 0.007498287463415707	false	0.5
verbot	neg 1.0		off 0.5152713447151193 neg 0.4772753766431476 __DUMMY__ 0.00745327864173319	false	0.5
leid	neg 1.0		off 0.5308244496885044 neg 0.46177293731879515 __DUMMY__ 0.007402612992700464	false	0.5
archaisch	neg 1.0		off 0.5179716655183519 neg 0.47454828187539366 __DUMMY__ 0.007480052606254308	false	0.5
gegen			off 0.5150550591464417 neg 0.4774148891567402 __DUMMY__ 0.007530051696818148	false	0.0
scheidung	neg 1.0		off 0.5382488105205158 neg 0.4544201366101439 __DUMMY__ 0.007331052869340193	false	0.5
einschlag	neg 1.0	neg 1.0	neg 0.7163976973392491 off 0.280047166177986 __DUMMY__ 0.0035551364827648264	false	1.0
m			off 0.5188559032780435 neg 0.47364370275407763 __DUMMY__ 0.007500393967878737	false	0.0
abgestanden	neg 1.0		off 0.522679022489881 neg 0.46982965502520607 __DUMMY__ 0.007491322484913072	false	0.5
schmierig	off 1.0		off 0.5305117698921825 neg 0.462079245882376 __DUMMY__ 0.007408984225441314	false	1.0
unpraktisch	neg 1.0		off 0.5230713562116344 neg 0.4694353895600856 __DUMMY__ 0.0074932542282799336	false	0.5
wixxer	off 1.0		off 0.5334395743757132 neg 0.45922992303055676 __DUMMY__ 0.007330502593730062	false	1.0
bezeichnet			off 0.5188019042503488 neg 0.47373875903775164 __DUMMY__ 0.007459336711899663	false	0.0
jammerlappen	off 1.0		off 0.5246407874327023 neg 0.4679267956478233 __DUMMY__ 0.007432416919474476	false	1.0
farce	neg 1.0		off 0.5152695180825697 neg 0.47729488259897834 __DUMMY__ 0.007435599318452011	false	0.5
zwecklos	neg 1.0		off 0.5174098064895922 neg 0.47512019117466625 __DUMMY__ 0.0074700023357416575	false	0.5
turbulent	neg 1.0		off 0.5236828182174753 neg 0.4689130890939695 __DUMMY__ 0.0074040926885551635	false	0.5
invasion	neg 1.0		off 0.5229077165902067 neg 0.4696303844843935 __DUMMY__ 0.007461898925399767	false	0.5
schuld	neg 1.0		off 0.5208825630908328 neg 0.47165486442047344 __DUMMY__ 0.007462572488693679	false	0.5
risiko	neg 1.0		off 0.5210264093935347 neg 0.47149463638221695 __DUMMY__ 0.007478954224248212	false	0.5
finster	neg 1.0		off 0.5222457200567201 neg 0.4702753034872178 __DUMMY__ 0.007478976456062089	false	0.5
geisteskrank	off 1.0		off 0.5251804872111133 neg 0.46741613840673363 __DUMMY__ 0.007403374382153102	false	1.0
zusammenbrechen	neg 1.0		off 0.5199062186344016 neg 0.47259525498969357 __DUMMY__ 0.007498526375904788	false	0.5
ausbeute	neg 1.0		off 0.5170173157936845 neg 0.47546227345957004 __DUMMY__ 0.0075204107467455065	false	0.5
hinterhalt	neg 1.0		off 0.5184596387765519 neg 0.4740558650625345 __DUMMY__ 0.007484496160913636	false	0.5
kritik	neg 1.0		off 0.5156356770831705 neg 0.4769191066620366 __DUMMY__ 0.007445216254792999	false	0.5
einschrumpfen	neg 1.0		off 0.5199342348175873 neg 0.4726657849518489 __DUMMY__ 0.007399980230563691	false	0.5
riskant	neg 1.0		off 0.5163146956157049 neg 0.4761957591084439 __DUMMY__ 0.007489545275851116	false	0.5
frustrieren	neg 1.0		off 0.5166000579014928 neg 0.47590988459797456 __DUMMY__ 0.007490057500532697	false	0.5
groll	neg 1.0		off 0.5179426662101048 neg 0.47457211014982564 __DUMMY__ 0.0074852236400695495	false	0.5
gibt			off 0.5179786441375986 neg 0.4745453616049526 __DUMMY__ 0.0074759942574487166	false	0.0
qualvoll	neg 1.0		off 0.525187133458912 neg 0.4673381964142926 __DUMMY__ 0.007474670126795372	false	0.5
wackeln	neg 1.0	neg 1.0	neg 0.7186355449189077 off 0.2777604734936471 __DUMMY__ 0.0036039815874452366	false	1.0
klagen	neg 1.0		off 0.5125758555529167 neg 0.47992062949881753 __DUMMY__ 0.007503514948265694	false	0.5
bankrott	neg 1.0		off 0.5243412570880691 neg 0.46820847693503764 __DUMMY__ 0.007450265976893261	false	0.5
trauern	neg 1.0		off 0.5182591783906972 neg 0.4742208367078261 __DUMMY__ 0.007519984901476716	false	0.5
ablehnung	neg 1.0		off 0.5156529060222184 neg 0.47690227340660013 __DUMMY__ 0.007444820571181584	false	0.5
stur	neg 1.0		off 0.5210833997882065 neg 0.4714642871556266 __DUMMY__ 0.007452313056167012	false	0.5
aufruhr	neg 1.0		off 0.5198976401081631 neg 0.47261401116677093 __DUMMY__ 0.007488348725065916	false	0.5
melancholie	neg 1.0		off 0.5194193910923001 neg 0.4730696983088761 __DUMMY__ 0.007510910598823842	false	0.5
ist			off 0.5218128425652333 neg 0.470729512172537 __DUMMY__ 0.0074576452622297515	false	0.0
torheit	neg 1.0		off 0.5193606437291781 neg 0.47319840497803894 __DUMMY__ 0.007440951292782997	false	0.5
dreckskind	off 1.0		off 0.5299271298188416 neg 0.46270118575996055 __DUMMY__ 0.0073716844211978655	false	1.0
umtauschen	neg 1.0		off 0.5204468715536786 neg 0.47207110360946064 __DUMMY__ 0.00748202483686077	false	0.5
zum			off 0.51494556239329 neg 0.4774620074087482 __DUMMY__ 0.0075924301979616625	false	0.0
zersetzen	neg 1.0		off 0.5141867368343245 neg 0.47832870524438803 __DUMMY__ 0.0074845579212874215	false	0.5
zur			off 0.5116088777173421 neg 0.480836413387181 __DUMMY__ 0.007554708895476853	false	0.0
frust	neg 1.0		off 0.5193998435878155 neg 0.4731056893659178 __DUMMY__ 0.007494467046266753	false	0.5
unerbittlichkeit	neg 1.0		off 0.5143768437785975 neg 0.478137795827057 __DUMMY__ 0.00748536039434554	false	0.5
zwei			off 0.5162951643738336 neg 0.4761375142234794 __DUMMY__ 0.0075673214026869915	false	0.0
unkorrekt	neg 1.0		off 0.5240733735278321 neg 0.46856653870549303 __DUMMY__ 0.007360087766674796	false	0.5
hexe	off 1.0		off 0.5243121072223882 neg 0.46827752150775914 __DUMMY__ 0.0074103712698526565	false	1.0
lasch	neg 1.0		off 0.5213349445120113 neg 0.47125815960042966 __DUMMY__ 0.007406895887558949	false	0.5
rivale	neg 1.0		off 0.5286515821645115 neg 0.4639122618586671 __DUMMY__ 0.007436155976821526	false	0.5
mutlos	off 1.0	off 1.0	off 0.7428616084985685 neg 0.2535618280539888 __DUMMY__ 0.0035765634474427357	false	1.0
wirr	off 1.0		off 0.5250998033830244 neg 0.46753097099058677 __DUMMY__ 0.007369225626388782	false	1.0
jahr			off 0.5170360775515206 neg 0.47542337438153986 __DUMMY__ 0.007540548066939523	false	0.0
wird			off 0.5172184885510368 neg 0.4752889620934573 __DUMMY__ 0.007492549355506016	false	0.0
strafbar	neg 1.0		off 0.5155049518123043 neg 0.4770201828585329 __DUMMY__ 0.007474865329162944	false	0.5
erosion	neg 1.0		off 0.5220749825543229 neg 0.4704359629748687 __DUMMY__ 0.007489054470808428	false	0.5
eingehen	neg 1.0		off 0.5160046637400015 neg 0.47653214607076666 __DUMMY__ 0.007463190189231955	false	0.5
faul	off 1.0		off 0.5255534556933414 neg 0.4669850655528104 __DUMMY__ 0.00746147875384818	false	1.0
provisorium	neg 1.0		off 0.5108060989024894 neg 0.48161052807448995 __DUMMY__ 0.007583373023020675	false	0.5
schmerzen	neg 1.0		off 0.5210087181546119 neg 0.4715088113222243 __DUMMY__ 0.0074824705231637655	false	0.5
schrumpfen	neg 1.0		off 0.5102142186308081 neg 0.4822636095062216 __DUMMY__ 0.007522171862970371	false	0.5
geistlos	off 1.0		off 0.5189393880628539 neg 0.4736676890396607 __DUMMY__ 0.007392922897485486	false	1.0
fehlkauf	neg 1.0		off 0.5213222356337334 neg 0.47122686763207267 __DUMMY__ 0.007450896734194045	false	0.5
frustrierend	neg 1.0		off 0.5249520439520059 neg 0.4675889045191755 __DUMMY__ 0.0074590515288186195	false	0.5
unzufrieden	neg 1.0		off 0.5170031214175693 neg 0.4755299147497686 __DUMMY__ 0.007466963832662158	false	0.5
verzweifeln	neg 1.0		off 0.5200051455221387 neg 0.4725159474185955 __DUMMY__ 0.0074789070592658135	false	0.5
verzweifelt	neg 1.0		off 0.5214972009846883 neg 0.47104577477269166 __DUMMY__ 0.007457024242619946	false	0.5
misstrauensantrag	neg 1.0		off 0.521960289510988 neg 0.4705930143919827 __DUMMY__ 0.0074466960970292345	false	0.5
abfallen	neg 1.0		off 0.5234355691779636 neg 0.4690712013623168 __DUMMY__ 0.007493229459719564	false	0.5
fucker	off 1.0		off 0.525748284043251 neg 0.4668468760442652 __DUMMY__ 0.007404839912483705	false	1.0
ungezogen	neg 1.0		off 0.5337055033610179 neg 0.4589279880640277 __DUMMY__ 0.0073665085749544	false	0.5
irrsinnig	neg 1.0	neg 1.0	neg 0.7204503730189173 off 0.2759805887604441 __DUMMY__ 0.003569038220638556	false	1.0
unfassbar	neg 1.0		off 0.5246230196931986 neg 0.4679611134584054 __DUMMY__ 0.00741586684839618	false	0.5
hart	neg 1.0		off 0.5234537328584578 neg 0.469103827231419 __DUMMY__ 0.007442439910123247	false	0.5
widerlich	off 1.0		off 0.5249614150731226 neg 0.4676377585952867 __DUMMY__ 0.007400826331590634	false	1.0
fatal	neg 1.0		off 0.5217257696526113 neg 0.47082223506199544 __DUMMY__ 0.00745199528539333	false	0.5
bruch	neg 1.0		off 0.5136405154786594 neg 0.4788448860643398 __DUMMY__ 0.007514598457000847	false	0.5
aushungern	neg 1.0		off 0.5172784949291718 neg 0.4752703544286094 __DUMMY__ 0.007451150642219013	false	0.5
anspannung	neg 1.0	neg 1.0	neg 0.7221971205885251 off 0.2741422480366668 __DUMMY__ 0.0036606313748080684	false	1.0
von			off 0.5161670881722709 neg 0.4762918527071673 __DUMMY__ 0.0075410591205618644	false	0.0
kraftlos	neg 1.0		off 0.5209249669107903 neg 0.47154731569077946 __DUMMY__ 0.007527717398430258	false	0.5
vom			off 0.5128315104352563 neg 0.47956637823845233 __DUMMY__ 0.007602111326291445	false	0.0
grenzdebil	off 1.0		off 0.5264304864888036 neg 0.4661469005601663 __DUMMY__ 0.007422612951030057	false	1.0
vor			off 0.5160171003136164 neg 0.47645360801690495 __DUMMY__ 0.007529291669478748	false	0.0
unterwerfen	neg 1.0		off 0.5161610010368144 neg 0.47635044406080307 __DUMMY__ 0.007488554902382452	false	0.5
versenkung	neg 1.0		off 0.5163175546825827 neg 0.47618481488544706 __DUMMY__ 0.00749763043197024	false	0.5
entziehen	neg 1.0		off 0.5139008877932539 neg 0.47858824731347516 __DUMMY__ 0.007510864893271039	false	0.5
finanzkrise	neg 1.0		off 0.5170471500812477 neg 0.47551021423211526 __DUMMY__ 0.007442635686637102	false	0.5
schimpfend	neg 1.0		off 0.5236276842481346 neg 0.4688725286720469 __DUMMY__ 0.007499787079818598	false	0.5
profan	neg 1.0		off 0.5228435764042251 neg 0.469708265943223 __DUMMY__ 0.007448157652552011	false	0.5
korruption	neg 1.0		off 0.5150047887461084 neg 0.4775455530324498 __DUMMY__ 0.007449658221441731	false	0.5
â			off 0.5174815292767667 neg 0.47501756518899113 __DUMMY__ 0.007500905534242117	false	0.0
schmutzig	neg 1.0		off 0.5270742806596949 neg 0.4654809044811861 __DUMMY__ 0.007444814859119121	false	0.5
sexy	neg 1.0		off 0.5236548650154753 neg 0.4688954126105343 __DUMMY__ 0.007449722373990504	false	0.5
abraten	neg 1.0		off 0.5216844769488379 neg 0.47086420981621563 __DUMMY__ 0.007451313234946422	false	0.5
schwarz	neg 1.0		off 0.5208414202064067 neg 0.4717084230863399 __DUMMY__ 0.007450156707253331	false	0.5
fotze	off 1.0		off 0.5157300074515966 neg 0.4767893976375559 __DUMMY__ 0.007480594910847439	false	1.0
verwirren	neg 1.0		off 0.5229619763166101 neg 0.46959174986939123 __DUMMY__ 0.007446273813998625	false	0.5
zahnlos	off 1.0		off 0.5168980756730399 neg 0.4756372369506422 __DUMMY__ 0.007464687376317906	false	1.0
verheeren	neg 1.0		off 0.5355456611418906 neg 0.45707615030833093 __DUMMY__ 0.007378188549778491	false	0.5
hippie	neg 1.0		off 0.5227498504133476 neg 0.4698038360032691 __DUMMY__ 0.007446313583383171	false	0.5
rammen	neg 1.0		off 0.5220873554482054 neg 0.47043470175366825 __DUMMY__ 0.007477942798126469	false	0.5
unlauter	neg 1.0		off 0.5161983914089896 neg 0.4764072109227385 __DUMMY__ 0.007394397668271935	false	0.5
unheilvoll	neg 1.0		off 0.524363640094821 neg 0.46815194444838915 __DUMMY__ 0.007484415456789926	false	0.5
niedrig	neg 1.0		off 0.517245661405685 neg 0.4752329399796259 __DUMMY__ 0.007521398614689214	false	0.5
explosion	neg 1.0		off 0.5220442951567024 neg 0.4705101976644858 __DUMMY__ 0.007445507178811801	false	0.5
weichei	off 1.0		off 0.5303733100872865 neg 0.46225026448424456 __DUMMY__ 0.007376425428469008	false	1.0
minusmensch	off 1.0		off 0.5300336447979219 neg 0.4626710230044292 __DUMMY__ 0.007295332197648851	false	1.0
farblos	neg 1.0		off 0.5223652010665106 neg 0.4701073968151157 __DUMMY__ 0.007527402118373642	false	0.5
unwissend	neg 1.0	neg 1.0	neg 0.7185273971399504 off 0.2779225140956804 __DUMMY__ 0.003550088764369275	false	1.0
traurig	neg 1.0		off 0.5283305763729397 neg 0.4642581563817787 __DUMMY__ 0.007411267245281562	false	0.5
senkung	neg 1.0		off 0.5202340447536621 neg 0.4723569565839588 __DUMMY__ 0.007408998662379171	false	0.5
ungleich	neg 1.0	neg 1.0	neg 0.7236500669339905 off 0.2727705891629491 __DUMMY__ 0.003579343903060364	false	1.0
heikel	neg 1.0		off 0.5142470936337936 neg 0.478270978109763 __DUMMY__ 0.007481928256443242	false	0.5
drosselung	neg 1.0		off 0.5260146559862093 neg 0.4665591008415795 __DUMMY__ 0.007426243172211142	false	0.5
falsch	neg 1.0		off 0.524313403428412 neg 0.46824380707707125 __DUMMY__ 0.007442789494516515	false	0.5
unzufriedenheit	neg 1.0		off 0.5141761840560527 neg 0.47832964744756074 __DUMMY__ 0.007494168496386629	false	0.5
kurz	neg 1.0		off 0.5204537141571888 neg 0.4720364692265283 __DUMMY__ 0.007509816616282913	false	0.5
unsinnig	neg 1.0		off 0.5166004163792691 neg 0.4759513332962195 __DUMMY__ 0.007448250324511276	false	0.5
penner	off 1.0	off 1.0	off 0.752364162455221 neg 0.24411004781420112 __DUMMY__ 0.003525789730577878	false	1.0
seicht	neg 1.0		off 0.5311270690068235 neg 0.4615442969458796 __DUMMY__ 0.00732863404729687	false	0.5
dummheit	off 1.0	off 1.0	off 0.7466702989886917 neg 0.24976945367109338 __DUMMY__ 0.0035602473402147755	false	1.0
unerfreulich	neg 1.0		off 0.514949344727673 neg 0.47753756742925585 __DUMMY__ 0.007513087843071141	false	0.5
motherfucker	off 1.0	off 1.0	off 0.7486339754409148 neg 0.24782355662705915 __DUMMY__ 0.0035424679320258867	false	1.0
pikiert	neg 1.0		off 0.523748849647395 neg 0.46884627420565933 __DUMMY__ 0.007404876146945791	false	0.5
wrack	neg 1.0		off 0.5175107191101039 neg 0.4749752524404389 __DUMMY__ 0.007514028449457319	false	0.5
gangster	neg 1.0		off 0.5227289939905266 neg 0.46981707125000277 __DUMMY__ 0.0074539347594705235	false	0.5
krank	neg 1.0		off 0.5279427110082826 neg 0.4646159903532214 __DUMMY__ 0.007441298638496065	false	0.5
reich	neg 1.0		off 0.5215076779210407 neg 0.4710979520139182 __DUMMY__ 0.007394370065041174	false	0.5
gnadenlos	neg 1.0		off 0.5212310019032624 neg 0.4713008589044701 __DUMMY__ 0.007468139192267397	false	0.5
niedergeschlagen	neg 1.0		off 0.5210998023607113 neg 0.47138700547977574 __DUMMY__ 0.007513192159512928	false	0.5
terrorisieren	off 1.0	off 1.0	off 0.7443269264605084 neg 0.2520771472175753 __DUMMY__ 0.00359592632191634	false	1.0
sinnlosigkeit	neg 1.0		off 0.517536270641305 neg 0.4749919519530708 __DUMMY__ 0.007471777405624158	false	0.5
behindern	neg 1.0		off 0.5185846789452491 neg 0.4739530464773241 __DUMMY__ 0.007462274577426857	false	0.5
undemokratisch	neg 1.0		off 0.5179735270627718 neg 0.474607304087223 __DUMMY__ 0.007419168850005226	false	0.5
wirtschaftskrise	neg 1.0		off 0.5154468354173039 neg 0.4770858705078778 __DUMMY__ 0.007467294074818388	false	0.5
neid	neg 1.0		off 0.5267756032771926 neg 0.4657549907091774 __DUMMY__ 0.007469406013629978	false	0.5
rutschen	neg 1.0		off 0.5168445559988422 neg 0.47557857858133834 __DUMMY__ 0.007576865419819522	false	0.5
rezession	neg 1.0		off 0.527192830825135 neg 0.46543185855663366 __DUMMY__ 0.007375310618231435	false	0.5
fehlgeburt	neg 1.0		off 0.5243866915497566 neg 0.46812354929899797 __DUMMY__ 0.007489759151245402	false	0.5
charakterschwach	off 1.0		off 0.5255224254224834 neg 0.46705960344999564 __DUMMY__ 0.007417971127520939	false	1.0
isolation	neg 1.0		off 0.5246238067608568 neg 0.4679218441650672 __DUMMY__ 0.007454349074075917	false	0.5
ablenkung	neg 1.0		off 0.5208301314914151 neg 0.4716962593909711 __DUMMY__ 0.00747360911761388	false	0.5
pech	neg 1.0		off 0.5247274719650771 neg 0.4678184876135364 __DUMMY__ 0.0074540404213864495	false	0.5
vermeidung	neg 1.0		off 0.5246879366341821 neg 0.4679132225128261 __DUMMY__ 0.007398840852991799	false	0.5
dominieren	neg 1.0		off 0.5188972760655421 neg 0.4735780305076218 __DUMMY__ 0.007524693426835972	false	0.5
schwindlig	neg 1.0		off 0.5261475242776857 neg 0.4663447251465887 __DUMMY__ 0.007507750575725548	false	0.5
lutscher	neg 1.0		off 0.5322710517043814 neg 0.4603974286259005 __DUMMY__ 0.007331519669718181	false	0.5
pflicht	neg 1.0		off 0.5142611436528608 neg 0.4782523792601103 __DUMMY__ 0.007486477087028844	false	0.5
faschist	off 1.0		off 0.5200318837571049 neg 0.47256372572400634 __DUMMY__ 0.007404390518888766	false	1.0
verschleudern	neg 1.0		off 0.5122845636109045 neg 0.48028283989513015 __DUMMY__ 0.007432596493965301	false	0.5
wenn			off 0.5244377018007575 neg 0.4681222239550751 __DUMMY__ 0.0074400742441673075	false	0.0
ehebruch	neg 1.0		off 0.5166012611109816 neg 0.4759156512107969 __DUMMY__ 0.007483087678221458	false	0.5
spott	off 1.0		off 0.5149445412048096 neg 0.47758656102172276 __DUMMY__ 0.007468897773467715	false	1.0
trostlosigkeit	neg 1.0		off 0.5145312426101849 neg 0.47795478545631886 __DUMMY__ 0.007513971933496368	false	0.5
lutschen	neg 1.0		off 0.5216949387949594 neg 0.4708672546610597 __DUMMY__ 0.0074378065439806886	false	0.5
undiszipliniert	neg 1.0		off 0.5280839944883431 neg 0.46449081247474955 __DUMMY__ 0.00742519303690743	false	0.5
kopfschmerz	neg 1.0		off 0.5211737815672123 neg 0.4713119881567543 __DUMMY__ 0.007514230276033595	false	0.5
unvorhergesehen	neg 1.0		off 0.5196846762747976 neg 0.47277307997322254 __DUMMY__ 0.007542243751979748	false	0.5
desinteressiert	neg 1.0		off 0.5264605794370998 neg 0.46613631513611803 __DUMMY__ 0.007403105426782146	false	0.5
armselig	off 1.0		off 0.5260088196701985 neg 0.4666159886041266 __DUMMY__ 0.0073751917256748255	false	1.0
desaster	neg 1.0		off 0.5117761506768352 neg 0.4807258468823754 __DUMMY__ 0.007498002440789384	false	0.5
tod	neg 1.0		off 0.5189992336178482 neg 0.47348054984531346 __DUMMY__ 0.007520216536838459	false	0.5
herzlos	neg 1.0		off 0.5278061086622363 neg 0.46480136441598063 __DUMMY__ 0.007392526921783099	false	0.5
unwissenheit	neg 1.0		off 0.5156358418061779 neg 0.47691748791995436 __DUMMY__ 0.007446670273867615	false	0.5
widersinnig	neg 1.0	neg 1.0	neg 0.723767356153472 off 0.2726807670420234 __DUMMY__ 0.0035518768045046173	false	1.0
bedenklich	neg 1.0		off 0.5156305680901452 neg 0.4768964430736866 __DUMMY__ 0.007472988836168106	false	0.5
beanstanden	neg 1.0		off 0.5137772419466269 neg 0.4787305841745519 __DUMMY__ 0.007492173878821303	false	0.5
panisch	neg 1.0	neg 1.0	neg 0.7171278419044355 off 0.27926873623342374 __DUMMY__ 0.0036034218621407736	false	1.0
debil	off 1.0		off 0.5104578756919512 neg 0.4819985601458793 __DUMMY__ 0.007543564162169515	false	1.0
abstrich	neg 1.0		off 0.5160457451867437 neg 0.47649096206508074 __DUMMY__ 0.007463292748175476	false	0.5
primitiv	neg 1.0		off 0.5255678478542702 neg 0.467030537427211 __DUMMY__ 0.007401614718518608	false	0.5
abschaum	off 1.0	off 1.0	off 0.7478318499472103 neg 0.2486140161174911 __DUMMY__ 0.003554133935298641	false	1.0
provozieren	neg 1.0		off 0.5201366234603674 neg 0.472409427749346 __DUMMY__ 0.007453948790286545	false	0.5
tot	neg 1.0		off 0.5146922212308164 neg 0.47784517163566687 __DUMMY__ 0.00746260713351685	false	0.5
instabil	neg 1.0		off 0.5229110947059398 neg 0.4697275279162502 __DUMMY__ 0.007361377377809926	false	0.5
schwuchtel	off 1.0		off 0.5365434376550916 neg 0.4561538797958113 __DUMMY__ 0.007302682549097155	false	1.0
zerren	neg 1.0		off 0.521110540515797 neg 0.47137666396777017 __DUMMY__ 0.007512795516432758	false	0.5
kinderficker	off 1.0		off 0.5272573711562668 neg 0.4654002902842496 __DUMMY__ 0.007342338559483554	false	1.0
gefahr	neg 1.0		off 0.5154959545094092 neg 0.47699141515974847 __DUMMY__ 0.007512630330842447	false	0.5
rabiat	neg 1.0		off 0.519594518281309 neg 0.47294664402518416 __DUMMY__ 0.007458837693506924	false	0.5
verlangsamung	neg 1.0		off 0.5314338212382343 neg 0.4611958174505111 __DUMMY__ 0.007370361311254529	false	0.5
ausgestorben	neg 1.0		off 0.5208158548407531 neg 0.4716911723462785 __DUMMY__ 0.0074929728129684145	false	0.5
anklagen	neg 1.0		off 0.5177607334348117 neg 0.4747692097468311 __DUMMY__ 0.007470056818357266	false	0.5
trott	neg 1.0		off 0.5199984776182942 neg 0.47251988600204975 __DUMMY__ 0.007481636379656107	false	0.5
verminderung	neg 1.0		off 0.5251903545718243 neg 0.4674197459591673 __DUMMY__ 0.007389899469008457	false	0.5
nach			off 0.5164961359738786 neg 0.47589546818462497 __DUMMY__ 0.007608395841496478	false	0.0
rost	neg 1.0		off 0.5307787874943602 neg 0.4618349210321046 __DUMMY__ 0.0073862914735350615	false	0.5
destruktiv	neg 1.0		off 0.5171599901112496 neg 0.4754092694728331 __DUMMY__ 0.0074307404159174575	false	0.5
unzumutbarkeit	neg 1.0		off 0.5248865335817482 neg 0.4676732340057032 __DUMMY__ 0.0074402324125485055	false	0.5
labil	off 1.0	off 1.0	off 0.7478022442176542 neg 0.24864262758000466 __DUMMY__ 0.00355512820234119	false	1.0
ziemlich	neg 1.0		off 0.5264812335786411 neg 0.46608213995896774 __DUMMY__ 0.007436626462391127	false	0.5
lachnummer	off 1.0		off 0.5183647165303846 neg 0.47418826727771013 __DUMMY__ 0.0074470161919053535	false	1.0
oder			off 0.5214549491527253 neg 0.47106154349832585 __DUMMY__ 0.007483507348948764	false	0.0
verfall	neg 1.0		off 0.5105586136955692 neg 0.48191387246734324 __DUMMY__ 0.007527513837087415	false	0.5
ausgrenzung	neg 1.0		off 0.5194173178395247 neg 0.4731568567471201 __DUMMY__ 0.0074258254133552914	false	0.5
unordnung	neg 1.0		off 0.5255866725114925 neg 0.46697994300701773 __DUMMY__ 0.007433384481489707	false	0.5
fehlverhalten	neg 1.0		off 0.5145811424245958 neg 0.47793421098405503 __DUMMY__ 0.007484646591349203	false	0.5
eine			off 0.5151794354926045 neg 0.4773132385598318 __DUMMY__ 0.007507325947563717	false	0.0
nille	neg 1.0		off 0.5186758822037395 neg 0.47385078497308264 __DUMMY__ 0.007473332823178001	false	0.5
qual	neg 1.0		off 0.5196821503156821 neg 0.47283704785624864 __DUMMY__ 0.007480801828069193	false	0.5
verschwenden	neg 1.0		off 0.5166921719570454 neg 0.4758292650569956 __DUMMY__ 0.00747856298595905	false	0.5
riesig	neg 1.0	neg 1.0	neg 0.720968575248496 off 0.27541857165864114 __DUMMY__ 0.0036128530928629552	false	1.0
verurteilen	neg 1.0		off 0.5172362840726731 neg 0.4752913009673718 __DUMMY__ 0.007472414959955035	false	0.5
klischee	neg 1.0	neg 1.0	neg 0.7196370554421129 off 0.2768112222669956 __DUMMY__ 0.0035517222908915467	false	1.0
diktatorisch	neg 1.0		off 0.5180059803868683 neg 0.47458667039104396 __DUMMY__ 0.0074073492220876795	false	0.5
vorhersehbar	neg 1.0	neg 1.0	neg 0.7195593485308999 off 0.2768795174451357 __DUMMY__ 0.0035611340239644976	false	1.0
sowie			off 0.5291514769306074 neg 0.46347566315420535 __DUMMY__ 0.0073728599151871585	false	0.0
stornieren	neg 1.0		off 0.5237349645924754 neg 0.4687537715302737 __DUMMY__ 0.00751126387725101	false	0.5
besteuerung	neg 1.0		off 0.5177487911971081 neg 0.47483532946661294 __DUMMY__ 0.007415879336278966	false	0.5
ungeschminkt	neg 1.0		off 0.5252673173908705 neg 0.46732286088964564 __DUMMY__ 0.007409821719483941	false	0.5
kritisch	neg 1.0		off 0.5151267894748359 neg 0.4774031175655881 __DUMMY__ 0.007470092959575992	false	0.5
schlamperei	off 1.0		off 0.513667097371433 neg 0.47886361559992174 __DUMMY__ 0.007469287028645204	false	1.0
sucht	neg 1.0	neg 1.0	neg 0.7197785297098768 off 0.27662733595660194 __DUMMY__ 0.00359413433352137	false	1.0
egoistisch	off 1.0		off 0.5305998888298179 neg 0.46201632234332707 __DUMMY__ 0.007383788826854866	false	1.0
ausbeuter	off 1.0		off 0.513394366976013 neg 0.4791376540693929 __DUMMY__ 0.0074679789545940775	false	1.0
arschgeburt	off 1.0		off 0.5361022530752019 neg 0.45660433848173976 __DUMMY__ 0.0072934084430583326	false	1.0
schubs	neg 1.0	neg 1.0	neg 0.7201736091163295 off 0.27621494541538827 __DUMMY__ 0.0036114454682821457	false	1.0
unsolide	neg 1.0		off 0.5161614656352802 neg 0.47647381096005187 __DUMMY__ 0.007364723404668036	false	0.5
beschwerde	neg 1.0		off 0.5142338786611281 neg 0.47829284096935465 __DUMMY__ 0.007473280369517205	false	0.5
stocken	neg 1.0		off 0.5165710186357653 neg 0.4759311629810124 __DUMMY__ 0.007497818383222395	false	0.5
isolieren	neg 1.0		off 0.5172129530317111 neg 0.4753048358002237 __DUMMY__ 0.00748221116806525	false	0.5
unheilbar	neg 1.0		off 0.5228185091051153 neg 0.46968048688311237 __DUMMY__ 0.0075010040117723265	false	0.5
pisser	off 1.0		off 0.527303635975914 neg 0.4652738642156633 __DUMMY__ 0.007422499808422782	false	1.0
löschen	neg 1.0		off 0.520188838771651 neg 0.4723368091021558 __DUMMY__ 0.007474352126193125	false	0.5
durchfallen	neg 1.0		off 0.5160648393618198 neg 0.4764803358490874 __DUMMY__ 0.007454824789092891	false	0.5
wichser	off 1.0		off 0.5349909302414314 neg 0.45765984489656564 __DUMMY__ 0.00734922486200304	false	1.0
terror	neg 1.0		off 0.5238966836090078 neg 0.4686336200130144 __DUMMY__ 0.007469696377977876	false	0.5
krass	neg 1.0		off 0.5284104743345913 neg 0.46419983268380893 __DUMMY__ 0.007389692981599863	false	0.5
revolte	neg 1.0		off 0.5201871753454602 neg 0.4723884613639723 __DUMMY__ 0.007424363290567523	false	0.5
besorgt	neg 1.0		off 0.520628925031372 neg 0.4718479228836545 __DUMMY__ 0.0075231520849734475	false	0.5
nachlassen	neg 1.0		off 0.516546213408194 neg 0.47595050155395724 __DUMMY__ 0.007503285037848714	false	0.5
alt	neg 1.0		off 0.5177361443186048 neg 0.47476674874358843 __DUMMY__ 0.00749710693780659	false	0.5
hundesohn	off 1.0		off 0.5315966809196913 neg 0.4610708616309704 __DUMMY__ 0.0073324574493384255	false	1.0
als			off 0.5195195992443757 neg 0.47297942952693356 __DUMMY__ 0.007500971228690785	false	0.0
abschreckung	neg 1.0		off 0.5141479228023365 neg 0.478342895262327 __DUMMY__ 0.007509181935336693	false	0.5
unqualifiziert	neg 1.0		off 0.5196738532449532 neg 0.4729381986090109 __DUMMY__ 0.007387948146036089	false	0.5
abgewichst	off 1.0		off 0.5183821809318728 neg 0.4741360028137969 __DUMMY__ 0.007481816254330167	false	1.0
schwer	neg 1.0		off 0.5207290274269557 neg 0.47178991329032127 __DUMMY__ 0.007481059282722909	false	0.5
bedeutungslosigkeit	neg 1.0		off 0.5144415242518097 neg 0.47806449370327625 __DUMMY__ 0.007493982044913978	false	0.5
kapitulation	neg 1.0		off 0.5141732199912219 neg 0.4783689103545662 __DUMMY__ 0.007457869654211765	false	0.5
unscharf	neg 1.0		off 0.522044261825252 neg 0.4705133501305864 __DUMMY__ 0.007442388044161466	false	0.5
schwinden	neg 1.0		off 0.5150463690110025 neg 0.4774488705079621 __DUMMY__ 0.007504760481035264	false	0.5
versklavung	neg 1.0		off 0.518233442555765 neg 0.4743484127982482 __DUMMY__ 0.007418144645986937	false	0.5
schlecht	neg 1.0		off 0.5268256705401866 neg 0.46573373865050083 __DUMMY__ 0.0074405908093125445	false	0.5
verhasst	neg 1.0		off 0.5206100994651115 neg 0.47193673043402984 __DUMMY__ 0.007453170100858673	false	0.5
beschweren	neg 1.0		off 0.5219998317738407 neg 0.47054308422926017 __DUMMY__ 0.007457083996899318	false	0.5
scheiden	neg 1.0		off 0.522982079000205 neg 0.46951048701038767 __DUMMY__ 0.007507433989407391	false	0.5
frustriert	neg 1.0		off 0.5193534646910702 neg 0.4731637387857795 __DUMMY__ 0.007482796523150099	false	0.5
schimmelig	neg 1.0		off 0.5176862227865162 neg 0.474803608214373 __DUMMY__ 0.0075101689991109565	false	0.5
fisch	neg 1.0		off 0.5172491272134935 neg 0.475217718951715 __DUMMY__ 0.007533153834791469	false	0.5
schmuggel	neg 1.0		off 0.5178612617751722 neg 0.4745905811889715 __DUMMY__ 0.00754815703585622	false	0.5
auffallen	neg 1.0		off 0.522759874059618 neg 0.4697861688557716 __DUMMY__ 0.007453957084610453	false	0.5
konkurrenz	neg 1.0	neg 1.0	neg 0.7237522559087107 off 0.2726426200308358 __DUMMY__ 0.0036051240604535128	false	1.0
teufelskreis	neg 1.0		off 0.5197462557237261 neg 0.4727764673925014 __DUMMY__ 0.007477276883772384	false	0.5
aufschreien	neg 1.0		off 0.5217600974860582 neg 0.4707996749187515 __DUMMY__ 0.007440227595190339	false	0.5
schuldner	neg 1.0		off 0.5148724860472853 neg 0.47762999157826086 __DUMMY__ 0.00749752237445378	false	0.5
missgeburt	off 1.0	off 1.0	off 0.7508295668436601 neg 0.24563940922475966 __DUMMY__ 0.0035310239315802746	false	1.0
arbeitslos	neg 1.0		off 0.5165695653334976 neg 0.4759724949438277 __DUMMY__ 0.007457939722674827	false	0.5
befallen	neg 1.0		off 0.5186447940572776 neg 0.47387512952992844 __DUMMY__ 0.007480076412793817	false	0.5
miesepetrig	off 1.0	off 1.0	off 0.7494965142737675 neg 0.24693679596791004 __DUMMY__ 0.0035666897583223564	false	1.0
alarmieren	neg 1.0		off 0.52311279542687 neg 0.46946894415592244 __DUMMY__ 0.007418260417207549	false	0.5
ungeduscht	off 1.0		off 0.5247604401885748 neg 0.4677816927724283 __DUMMY__ 0.007457867038996859	false	1.0
knappheit	neg 1.0		off 0.5143578823784748 neg 0.47818442948536105 __DUMMY__ 0.007457688136164288	false	0.5
schlange	neg 1.0		off 0.5242084243153007 neg 0.46829717854482317 __DUMMY__ 0.007494397139876125	false	0.5
harsch	neg 1.0		off 0.5307388497867487 neg 0.4618435300200391 __DUMMY__ 0.00741762019321234	false	0.5
lang	neg 1.0		off 0.5209209585666112 neg 0.4716024863032031 __DUMMY__ 0.007476555130185741	false	0.5
ziellos	neg 1.0		off 0.519713510138706 neg 0.4727689334771292 __DUMMY__ 0.007517556384164817	false	0.5
selbstverliebt	neg 1.0		off 0.5338524328356183 neg 0.45883638938793564 __DUMMY__ 0.007311177776446059	false	0.5
beseitigen	neg 1.0		off 0.5189142636201868 neg 0.4736138393875995 __DUMMY__ 0.007471896992213784	false	0.5
dumm	off 1.0		off 0.530554999480812 neg 0.4620839084212046 __DUMMY__ 0.007361092097983353	false	1.0
arbeitsloser	neg 1.0		off 0.5172752618120385 neg 0.47523534876815804 __DUMMY__ 0.007489389419803482	false	0.5
blitzen	neg 1.0		off 0.5232845882315977 neg 0.46926451702115696 __DUMMY__ 0.007450894747245191	false	0.5
hilflos	neg 1.0		off 0.5194292300192604 neg 0.4730772922609931 __DUMMY__ 0.007493477719746418	false	0.5
eklig	off 1.0		off 0.5322790249495242 neg 0.4603475883367106 __DUMMY__ 0.007373386713765305	false	1.0
begriff			off 0.5176467117698411 neg 0.4748968481802776 __DUMMY__ 0.007456440049881219	false	0.0
hungersnot	neg 1.0		off 0.519172198050654 neg 0.47333348293009736 __DUMMY__ 0.007494319019248723	false	0.5
ungesetzlich	neg 1.0		off 0.5172660241916757 neg 0.4753535962231829 __DUMMY__ 0.007380379585141451	false	0.5
verschwendung	neg 1.0		off 0.5159312826242828 neg 0.4765738317091991 __DUMMY__ 0.007494885666518158	false	0.5
schmerzvoll	neg 1.0		off 0.5224674935609944 neg 0.4700672818544737 __DUMMY__ 0.007465224584531685	false	0.5
vorzeitig	neg 1.0		off 0.5248208702375478 neg 0.46770424681096673 __DUMMY__ 0.007474882951485492	false	0.5
unvollkommenheit	neg 1.0		off 0.5217012187847958 neg 0.4707516246239586 __DUMMY__ 0.007547156591245778	false	0.5
intervenieren	neg 1.0		off 0.5134874075966763 neg 0.4790495048568697 __DUMMY__ 0.0074630875464540185	false	0.5
banause	off 1.0		off 0.5325484215482831 neg 0.460119109841861 __DUMMY__ 0.0073324686098560216	false	1.0
rebell	neg 1.0		off 0.5127617054029245 neg 0.4797228039907283 __DUMMY__ 0.007515490606347058	false	0.5
unlogisch	neg 1.0		off 0.5275843670472122 neg 0.4650199535102417 __DUMMY__ 0.007395679442546174	false	0.5
leiden	neg 1.0		off 0.5194301751894882 neg 0.4730089281242004 __DUMMY__ 0.007560896686311372	false	0.5
abschaffung	neg 1.0		off 0.5176795118742202 neg 0.47490013540422116 __DUMMY__ 0.007420352721558673	false	0.5
sturz	neg 1.0		off 0.5214537487700756 neg 0.47105397778978947 __DUMMY__ 0.00749227344013498	false	0.5
verkleinerung	neg 1.0		off 0.5198000576288115 neg 0.47280307533157184 __DUMMY__ 0.007396867039616411	false	0.5
schmarotzer	off 1.0		off 0.515837617377244 neg 0.4767134630241372 __DUMMY__ 0.007448919598618741	false	1.0
bestrafung	neg 1.0		off 0.5211716742001058 neg 0.4713729667300846 __DUMMY__ 0.00745535906980962	false	0.5
achtlos	neg 1.0		off 0.5215418437305351 neg 0.4709629157817667 __DUMMY__ 0.007495240487698021	false	0.5
ungeheuer	neg 1.0		off 0.5234395922933124 neg 0.4691082554684672 __DUMMY__ 0.007452152238220354	false	0.5
