unsolidarisch	neg 1.0		__DUMMY__ 0.8898870866113454 neg 0.055067570330593195 off 0.05504534305806134	false	1.0
nachteilig	neg 1.0		__DUMMY__ 0.8969666445315332 neg 0.051825498689783 off 0.0512078567786837	false	1.0
skeptisch	neg 1.0		__DUMMY__ 0.8973527966976145 neg 0.05202571676584189 off 0.050621486536543726	false	1.0
schrecklich	neg 1.0		__DUMMY__ 0.8903413645183175 off 0.06341095275145903 neg 0.046247682730223574	false	0.5
schlapp	neg 1.0		__DUMMY__ 0.8945873417476279 off 0.05908137072531628 neg 0.04633128752705578	false	0.5
abfall	neg 1.0		__DUMMY__ 0.9002637395761705 neg 0.05152884554208412 off 0.04820741488174541	false	1.0
widerspenstig	neg 1.0		__DUMMY__ 0.8966647034448402 off 0.054672845724854 neg 0.048662450830305765	false	0.5
abrupt	neg 1.0		__DUMMY__ 0.9004586351725 off 0.05062784518898333 neg 0.048913519638516735	false	0.5
unwirksam	neg 1.0		__DUMMY__ 0.8913873581743271 off 0.0546369435956536 neg 0.05397569823001931	false	0.5
angreifen	neg 1.0	neg 1.0	neg 0.5090816024579532 __DUMMY__ 0.4522893441009088 off 0.03862905344113785	false	1.0
inkonsistent	neg 1.0		__DUMMY__ 0.8952521340143532 off 0.05532106771880159 neg 0.04942679826684521	false	0.5
abrutschen	neg 1.0		__DUMMY__ 0.8999416412181749 neg 0.05152013018126627 off 0.04853822860055886	false	1.0
unsicher	neg 1.0		__DUMMY__ 0.896913596511822 off 0.055056496343069805 neg 0.048029907145108124	false	0.5
bauernkind	off 1.0	off 1.0	off 0.5177139955449812 __DUMMY__ 0.4448940351177777 neg 0.03739196933724113	false	1.0
angreifer	neg 1.0		__DUMMY__ 0.8972061855731461 off 0.05610478831309938 neg 0.04668902611375453	false	0.5
trennen	neg 1.0		__DUMMY__ 0.9014614870003052 off 0.05115489942684567 neg 0.04738361357284908	false	0.5
schmutz	neg 1.0		__DUMMY__ 0.9027746800304439 off 0.05607025334963427 neg 0.04115506661992179	false	0.5
inkonsistenz	neg 1.0		__DUMMY__ 0.8898557176565223 off 0.058724657940283295 neg 0.051419624403194475	false	0.5
erschreckend	neg 1.0		__DUMMY__ 0.8951351670513307 off 0.0541284390119577 neg 0.05073639393671158	false	0.5
ertrinken	neg 1.0		__DUMMY__ 0.9003742496622255 off 0.051885712672436926 neg 0.04774003766533759	false	0.5
pickelface	off 1.0		__DUMMY__ 0.896047308381281 off 0.05306597056159243 neg 0.0508867210571266	false	1.0
seiner			__DUMMY__ 0.8993695733546009 off 0.050969567088793875 neg 0.049660859556605194	false	0.0
lauch	neg 1.0		__DUMMY__ 0.8976951268507849 neg 0.05397034532674709 off 0.04833452782246799	false	1.0
unwichtig	neg 1.0		__DUMMY__ 0.8923536449830453 off 0.05925938631312547 neg 0.0483869687038293	false	0.5
steuerhinterziehung	neg 1.0		__DUMMY__ 0.894130457037216 off 0.05350174127182659 neg 0.05236780169095737	false	0.5
schock	neg 1.0		__DUMMY__ 0.8997455804003102 off 0.054108365378897925 neg 0.046146054220791884	false	0.5
beule	neg 1.0		__DUMMY__ 0.8951829663501074 off 0.05926193601982415 neg 0.0455550976300685	false	0.5
vergelten	neg 1.0		__DUMMY__ 0.8950275749616181 off 0.0622838559998199 neg 0.04268856903856206	false	0.5
verdorbenheit	neg 1.0		__DUMMY__ 0.8966715958802233 off 0.054011299854708365 neg 0.04931710426506847	false	0.5
trauma	neg 1.0		__DUMMY__ 0.8951520161327496 off 0.05580804969910278 neg 0.04903993416814762	false	0.5
sinnlos	neg 1.0		__DUMMY__ 0.8955705674220077 off 0.05706640481451338 neg 0.04736302776347892	false	0.5
fettsack	off 1.0	off 1.0	off 0.5189936968649439 __DUMMY__ 0.44623550334309003 neg 0.034770799791966046	false	1.0
feige	off 1.0	off 1.0	off 0.5155060006065025 __DUMMY__ 0.44725768625108286 neg 0.037236313142414636	false	1.0
abdanken	neg 1.0		__DUMMY__ 0.8945407247309685 off 0.05444501135709062 neg 0.05101426391194078	false	0.5
wichtigtuer	off 1.0	off 1.0	off 0.513448201334278 __DUMMY__ 0.4487527982031326 neg 0.03779900046258945	false	1.0
misslingen	neg 1.0		__DUMMY__ 0.900602961713428 off 0.055444814092913776 neg 0.043952224193658206	false	0.5
untreu	off 1.0		__DUMMY__ 0.8918663176564321 off 0.06032966302727687 neg 0.0478040193162911	false	1.0
missmutig	neg 1.0		__DUMMY__ 0.8937749007885372 off 0.05917335515488472 neg 0.047051744056578096	false	0.5
hurenbock	off 1.0		__DUMMY__ 0.8964767647641807 off 0.05576459883167392 neg 0.04775863640414531	false	1.0
betrunken	neg 1.0		__DUMMY__ 0.8945923844038791 off 0.061367850929204555 neg 0.04403976466691635	false	0.5
korrupt	off 1.0		__DUMMY__ 0.8921762674985312 neg 0.0547895850117374 off 0.05303414748973139	false	0.5
unmut	neg 1.0		__DUMMY__ 0.8990536074016298 neg 0.052484538996020284 off 0.04846185360234997	false	1.0
hackfresse	off 1.0		__DUMMY__ 0.887192476811794 off 0.06645875834593558 neg 0.046348764842270476	false	1.0
aufblasen	neg 1.0		__DUMMY__ 0.8974355149257024 off 0.05599715350618784 neg 0.04656733156810986	false	0.5
gewaltsam	neg 1.0		__DUMMY__ 0.8968885189178345 off 0.05411535631948388 neg 0.04899612476268156	false	0.5
unbeliebtheit	neg 1.0		__DUMMY__ 0.8857613401939218 off 0.0588886315480627 neg 0.05535002825801553	false	0.5
sturheit	neg 1.0		__DUMMY__ 0.8949386209947274 off 0.05422890024075853 neg 0.05083247876451397	false	0.5
kuh	neg 1.0		__DUMMY__ 0.8936532845207322 off 0.05490781829022183 neg 0.05143889718904591	false	0.5
erschrecken	neg 1.0		__DUMMY__ 0.8944603997341135 off 0.05858041366536014 neg 0.04695918660052638	false	0.5
opfer	neg 1.0		__DUMMY__ 0.8989939803172354 off 0.052067738270572976 neg 0.04893828141219161	false	0.5
sinken	neg 1.0		__DUMMY__ 0.8990417635315746 neg 0.05221310776409443 off 0.048745128704330946	false	1.0
stinktier	neg 1.0		__DUMMY__ 0.8890621827431171 off 0.06382858241174517 neg 0.04710923484513768	false	0.5
tucke	off 1.0		__DUMMY__ 0.8835459852203298 off 0.06674503087438799 neg 0.04970898390528212	false	1.0
ein			__DUMMY__ 0.8967205663626675 off 0.05530244738526451 neg 0.04797698625206796	false	0.0
abstieg	neg 1.0		__DUMMY__ 0.9017022099834869 off 0.05120646436695525 neg 0.04709132564955783	false	0.5
missverstehen	neg 1.0		__DUMMY__ 0.8928086844622043 off 0.0573527331191225 neg 0.04983858241867315	false	0.5
ergebnislos	neg 1.0		__DUMMY__ 0.8976764465348996 neg 0.051191098334925224 off 0.051132455130175114	false	1.0
unter			__DUMMY__ 0.9060816460745531 neg 0.049588530345517044 off 0.04432982357992987	false	0.0
manipulieren	neg 1.0		__DUMMY__ 0.8980061942734596 neg 0.051238700723176794 off 0.05075510500336355	false	1.0
unbewiesen	neg 1.0		__DUMMY__ 0.8896456567951073 off 0.055345161261226634 neg 0.055009181943666136	false	0.5
verschleppen	neg 1.0		__DUMMY__ 0.897510054443908 off 0.05264140573564116 neg 0.049848539820450746	false	0.5
weib	off 1.0		__DUMMY__ 0.8875776036159214 off 0.06643291029348285 neg 0.0459894860905958	false	1.0
opposition	neg 1.0		__DUMMY__ 0.8935224355394581 off 0.056275370765734904 neg 0.050202193694807044	false	0.5
verkehrswidrig	neg 1.0	neg 1.0	neg 0.5003864731490144 __DUMMY__ 0.45259441933139166 off 0.04701910751959394	false	1.0
inkorrekt	neg 1.0		__DUMMY__ 0.8881337326687357 off 0.06155457529296275 neg 0.05031169203830157	false	0.5
vermeiden	neg 1.0		__DUMMY__ 0.902814927111512 neg 0.05088869343950781 off 0.04629637944898014	false	1.0
abweichung	neg 1.0		__DUMMY__ 0.896154464421159 neg 0.0524183719717063 off 0.05142716360713479	false	1.0
alkoholisiert	neg 1.0		__DUMMY__ 0.9046930598006826 off 0.050004265942968334 neg 0.045302674256349144	false	0.5
scheiss	off 1.0	off 1.0	off 0.515122503619207 __DUMMY__ 0.4496094299151494 neg 0.03526806646564372	false	1.0
herausforderung	neg 1.0	neg 1.0	neg 0.5041099345256389 __DUMMY__ 0.4575444249119449 off 0.03834564056241625	false	1.0
pervers	off 1.0		__DUMMY__ 0.8861802558023082 off 0.06926772371125392 neg 0.04455202048643789	false	1.0
wackelig	neg 1.0		__DUMMY__ 0.9009461102399092 off 0.05243261526995133 neg 0.04662127449013938	false	0.5
verwickeln	neg 1.0		__DUMMY__ 0.892791095002004 off 0.057295598155333805 neg 0.04991330684266229	false	0.5
vorwand	neg 1.0		__DUMMY__ 0.8986194279922535 neg 0.051352343623348264 off 0.05002822838439827	false	1.0
muschi	off 1.0		__DUMMY__ 0.8957321733126109 off 0.05352128034044144 neg 0.05074654634694768	false	1.0
entmutigung	neg 1.0		__DUMMY__ 0.8928057484254555 off 0.05644928558198656 neg 0.05074496599255806	false	0.5
unangemessen	neg 1.0		__DUMMY__ 0.8947377115491889 off 0.05342842242099785 neg 0.051833866029813255	false	0.5
unstetig	neg 1.0		__DUMMY__ 0.8968999631307769 off 0.05536297421985619 neg 0.04773706264936682	false	0.5
entmutigen	neg 1.0		__DUMMY__ 0.8945171078880391 off 0.056136798471142696 neg 0.04934609364081829	false	0.5
schwanz	neg 1.0		__DUMMY__ 0.8983606482509526 neg 0.051089856135489546 off 0.05054949561355784	false	1.0
verbot	neg 1.0		__DUMMY__ 0.8944949197569747 off 0.052758939423010534 neg 0.05274614082001477	false	0.5
leid	neg 1.0		__DUMMY__ 0.8906874794928139 off 0.06434688585457381 neg 0.04496563465261238	false	0.5
archaisch	neg 1.0		__DUMMY__ 0.896625911353823 off 0.053134148584220144 neg 0.05023994006195695	false	0.5
gegen			__DUMMY__ 0.9005289939789055 neg 0.049928752289816136 off 0.049542253731278275	false	0.0
scheidung	neg 1.0		__DUMMY__ 0.8851608834872114 off 0.07252169250053042 neg 0.04231742401225802	false	0.5
einschlag	neg 1.0	neg 1.0	neg 0.5047568431990805 __DUMMY__ 0.4482511212412734 off 0.04699203555964614	false	1.0
m			__DUMMY__ 0.8980893008060994 off 0.05280237694954852 neg 0.049108322244352166	false	0.0
abgestanden	neg 1.0		__DUMMY__ 0.8982166449143881 off 0.054871486816630614 neg 0.04691186826898135	false	0.5
schmierig	off 1.0		__DUMMY__ 0.8911410729893822 off 0.06392984284360462 neg 0.04492908416701314	false	1.0
unpraktisch	neg 1.0		__DUMMY__ 0.897894773807068 off 0.055491099350217524 neg 0.04661412684271445	false	0.5
wixxer	off 1.0		__DUMMY__ 0.8849520342612941 off 0.06904994085419103 neg 0.04599802488451494	false	1.0
bezeichnet			__DUMMY__ 0.8948633438055125 off 0.054658697609901774 neg 0.050477958584585696	false	0.0
jammerlappen	off 1.0		__DUMMY__ 0.8927178424993082 off 0.05939679149415128 neg 0.04788536600654054	false	1.0
farce	neg 1.0		__DUMMY__ 0.8931151917079261 neg 0.053478506646880745 off 0.05340630164519312	false	1.0
zwecklos	neg 1.0		__DUMMY__ 0.895622734420309 off 0.05336193624069726 neg 0.05101532933899367	false	0.5
turbulent	neg 1.0		__DUMMY__ 0.8911926801754562 off 0.05957937495662344 neg 0.049227944867920446	false	0.5
invasion	neg 1.0		__DUMMY__ 0.8950789273958664 off 0.057072882680550635 neg 0.047848189923583015	false	0.5
schuld	neg 1.0		__DUMMY__ 0.8950570058471415 off 0.055861083843642974 neg 0.04908191030921543	false	0.5
risiko	neg 1.0		__DUMMY__ 0.8969698586093297 off 0.055071315008024715 neg 0.04795882638264557	false	0.5
finster	neg 1.0		__DUMMY__ 0.896899279872344 off 0.05523919928854908 neg 0.04786152083910702	false	0.5
geisteskrank	off 1.0		__DUMMY__ 0.8904896861146196 off 0.060997745633370744 neg 0.04851256825200955	false	1.0
zusammenbrechen	neg 1.0		__DUMMY__ 0.8978685785562711 off 0.053743509552787665 neg 0.04838791189094114	false	0.5
ausbeute	neg 1.0		__DUMMY__ 0.9003472756086881 off 0.0502690104578375 neg 0.04938371393347444	false	0.5
hinterhalt	neg 1.0		__DUMMY__ 0.8974294145266561 off 0.052891651272224505 neg 0.04967893420111931	false	0.5
kritik	neg 1.0		__DUMMY__ 0.8938731587587594 off 0.05329201102707003 neg 0.052834830214170576	false	0.5
einschrumpfen	neg 1.0		__DUMMY__ 0.8902750236331172 off 0.05758454306173425 neg 0.05214043330514862	false	0.5
riskant	neg 1.0		__DUMMY__ 0.897099160076385 off 0.051854949602597636 neg 0.05104589032101744	false	0.5
frustrieren	neg 1.0		__DUMMY__ 0.8972356185322585 off 0.05196585084269058 neg 0.050798530625050874	false	0.5
groll	neg 1.0		__DUMMY__ 0.8969774855595007 off 0.05311402415460577 neg 0.04990849028589359	false	0.5
gibt			__DUMMY__ 0.8959747734468025 off 0.05347039003839644 neg 0.05055483651480105	false	0.0
qualvoll	neg 1.0		__DUMMY__ 0.8962504666761634 off 0.05782865230583167 neg 0.04592088101800487	false	0.5
wackeln	neg 1.0	neg 1.0	neg 0.5044098334406796 __DUMMY__ 0.45357108431389415 off 0.042019082245426234	false	1.0
klagen	neg 1.0		__DUMMY__ 0.8984968589141302 neg 0.052652059078385445 off 0.048851082007484295	false	1.0
bankrott	neg 1.0		__DUMMY__ 0.8942678904567845 off 0.058212347267405685 neg 0.047519762275809826	false	0.5
trauern	neg 1.0		__DUMMY__ 0.8999017718511391 off 0.05179199652291419 neg 0.048306231625946744	false	0.5
ablehnung	neg 1.0		__DUMMY__ 0.8938116354797205 off 0.053380622986377864 neg 0.052807741533901595	false	0.5
stur	neg 1.0		__DUMMY__ 0.8942452149555952 off 0.05637790628682035 neg 0.049376878757584515	false	0.5
aufruhr	neg 1.0		__DUMMY__ 0.8974477796150663 off 0.05413615453855718 neg 0.048416065846376484	false	0.5
melancholie	neg 1.0		__DUMMY__ 0.8993207729964203 off 0.052356144527956484 neg 0.048323082475623225	false	0.5
ist			__DUMMY__ 0.894642144289057 off 0.05652399733471845 neg 0.04883385837622457	false	0.0
torheit	neg 1.0		__DUMMY__ 0.8936125183911204 off 0.055806582904566915 neg 0.050580898704312545	false	0.5
dreckskind	off 1.0		__DUMMY__ 0.8882432421397716 off 0.06512014465842339 neg 0.046636613201805	false	1.0
umtauschen	neg 1.0		__DUMMY__ 0.8970378422390177 off 0.05405349996312686 neg 0.04890865779785548	false	0.5
zum			__DUMMY__ 0.9057402799322922 neg 0.04794443329796765 off 0.04631528676974012	false	0.0
zersetzen	neg 1.0		__DUMMY__ 0.896853706749641 neg 0.052512283476675914 off 0.05063400977368303	false	1.0
zur			__DUMMY__ 0.9026004562324719 neg 0.05142070773585503 off 0.045978836031673104	false	0.0
frust	neg 1.0		__DUMMY__ 0.8974930430416654 off 0.053642843595935304 neg 0.048864113362399306	false	0.5
unerbittlichkeit	neg 1.0		__DUMMY__ 0.8969766313802917 neg 0.052292503886543225 off 0.050730864733165064	false	1.0
zwei			__DUMMY__ 0.9035634062706825 off 0.048245923929867617 neg 0.04819066979944989	false	0.0
unkorrekt	neg 1.0		__DUMMY__ 0.887270195906918 off 0.061920069847990214 neg 0.05080973424509172	false	0.5
hexe	off 1.0		__DUMMY__ 0.8914229647863979 off 0.05958712914899537 neg 0.04898990606460666	false	1.0
lasch	neg 1.0		__DUMMY__ 0.890720288385598 off 0.05837384709674202 neg 0.05090586451765986	false	0.5
rivale	neg 1.0		__DUMMY__ 0.8935246072569345 off 0.06162498245236887 neg 0.044850410290696606	false	0.5
mutlos	off 1.0	off 1.0	off 0.5093544289352553 __DUMMY__ 0.45035839522100063 neg 0.04028717584374415	false	1.0
wirr	off 1.0		__DUMMY__ 0.8880109314971517 off 0.06206623719072688 neg 0.04992283131212136	false	1.0
jahr			__DUMMY__ 0.9016614502595159 off 0.04974043611554911 neg 0.048598113624934984	false	0.0
wird			__DUMMY__ 0.8973754670744902 off 0.05214370285155754 neg 0.05048083007395223	false	0.0
strafbar	neg 1.0		__DUMMY__ 0.896183713985794 off 0.05200548114632116 neg 0.051810804867884884	false	0.5
erosion	neg 1.0		__DUMMY__ 0.8972834213941044 off 0.05532139705546783 neg 0.04739518155042777	false	0.5
eingehen	neg 1.0		__DUMMY__ 0.8949629341334572 off 0.05276793034551652 neg 0.05226913552102622	false	0.5
faul	off 1.0		__DUMMY__ 0.895393298731653 off 0.058338720213159445 neg 0.046267981055187694	false	1.0
provisorium	neg 1.0		__DUMMY__ 0.9048842640895594 neg 0.05113138952297266 off 0.04398434638746803	false	1.0
schmerzen	neg 1.0		__DUMMY__ 0.8970485327109702 off 0.054418585671299834 neg 0.04853288161773	false	0.5
schrumpfen	neg 1.0		__DUMMY__ 0.8999323517416942 neg 0.05365272944451786 off 0.04641491881378803	false	1.0
geistlos	off 1.0		__DUMMY__ 0.889628468049687 off 0.05752836533003989 neg 0.05284316662027318	false	1.0
fehlkauf	neg 1.0		__DUMMY__ 0.8942944680853845 off 0.056483225042180035 neg 0.0492223068724355	false	0.5
frustrierend	neg 1.0		__DUMMY__ 0.8948950460672142 off 0.058498872064381535 neg 0.04660608186840425	false	0.5
unzufrieden	neg 1.0		__DUMMY__ 0.8952831764364328 off 0.05325177353553755 neg 0.051465050028029605	false	0.5
verzweifeln	neg 1.0		__DUMMY__ 0.8962827722698616 off 0.05461146848217802 neg 0.04910575924796032	false	0.5
verzweifelt	neg 1.0		__DUMMY__ 0.8945279721678913 off 0.05642181990533995 neg 0.049050207926768744	false	0.5
misstrauensantrag	neg 1.0		__DUMMY__ 0.8940754727749514 off 0.05682459909555158 neg 0.0490999281294971	false	0.5
abfallen	neg 1.0		__DUMMY__ 0.8978070204260234 off 0.05575083486809597 neg 0.04644214470588056	false	0.5
fucker	off 1.0		__DUMMY__ 0.8903638255963536 off 0.06137613774130906 neg 0.048260036662337226	false	1.0
ungezogen	neg 1.0		__DUMMY__ 0.8878671836367215 off 0.06769384512121814 neg 0.04443897124206038	false	0.5
irrsinnig	neg 1.0	neg 1.0	neg 0.5080456113294147 __DUMMY__ 0.4494378977669179 off 0.04251649090366741	false	1.0
unfassbar	neg 1.0		__DUMMY__ 0.891413812247361 off 0.05997505989316888 neg 0.04861112785947015	false	0.5
hart	neg 1.0		__DUMMY__ 0.8942329298227186 off 0.0577913274804994 neg 0.047975742696782044	false	0.5
widerlich	off 1.0		__DUMMY__ 0.8902826443662964 off 0.0608496614169578 neg 0.04886769421674583	false	1.0
fatal	neg 1.0		__DUMMY__ 0.8941752944986496 off 0.05679989670951475 neg 0.0490248087918356	false	0.5
bruch	neg 1.0		__DUMMY__ 0.8994309097393938 neg 0.05147719253144888 off 0.0490918977291573	false	1.0
aushungern	neg 1.0		__DUMMY__ 0.8943098429817521 off 0.05428190159295701 neg 0.051408255425290914	false	0.5
anspannung	neg 1.0	neg 1.0	neg 0.5044513769734413 __DUMMY__ 0.4600901847085793 off 0.03545843831797929	false	1.0
von			__DUMMY__ 0.9018182677634066 off 0.04917104178069905 neg 0.049010690455894346	false	0.0
kraftlos	neg 1.0		__DUMMY__ 0.9004456448416641 off 0.05301395331477711 neg 0.046540401843558774	false	0.5
vom			__DUMMY__ 0.9065033828959618 neg 0.04905199599612886 off 0.04444462110790943	false	0.0
grenzdebil	off 1.0		__DUMMY__ 0.8920360332953429 off 0.06082868780260547 neg 0.047135278902051686	false	1.0
vor			__DUMMY__ 0.9002931035933405 off 0.04996126534522275 neg 0.049745631061436764	false	0.0
unterwerfen	neg 1.0		__DUMMY__ 0.8973270457955832 off 0.05175582124224642 neg 0.0509171329621703	false	0.5
versenkung	neg 1.0		__DUMMY__ 0.8977748509702613 off 0.05159648905666564 neg 0.05062865997307308	false	0.5
entziehen	neg 1.0		__DUMMY__ 0.8989436287053783 neg 0.05162244947197886 off 0.04943392182264286	false	1.0
finanzkrise	neg 1.0		__DUMMY__ 0.8937727877424839 off 0.05404450315625634 neg 0.05218270910125968	false	0.5
schimpfend	neg 1.0		__DUMMY__ 0.8986434351489562 off 0.05540197321276632 neg 0.045954591638277545	false	0.5
profan	neg 1.0		__DUMMY__ 0.8940215612973137 off 0.05748294005674586 neg 0.048495498645940334	false	0.5
korruption	neg 1.0		__DUMMY__ 0.8942267443227784 neg 0.05313002408970512 off 0.05264323158751652	false	1.0
â			__DUMMY__ 0.8981481194733365 off 0.05184569214795609 neg 0.05000618837870731	false	0.0
schmutzig	neg 1.0		__DUMMY__ 0.8938471044959452 off 0.06030760734775694 neg 0.04584528815629786	false	0.5
sexy	neg 1.0		__DUMMY__ 0.8940236602025263 off 0.058066740567322604 neg 0.04790959923015113	false	0.5
abraten	neg 1.0		__DUMMY__ 0.8943331606487311 off 0.05651621041670218 neg 0.04915062893456669	false	0.5
schwarz	neg 1.0		__DUMMY__ 0.8940587278986968 off 0.05623107258426388 neg 0.049710199517039394	false	0.5
fotze	off 1.0		__DUMMY__ 0.8967247975472622 neg 0.05169983992882967 off 0.05157536252390813	false	0.5
verwirren	neg 1.0		__DUMMY__ 0.8937769665458989 off 0.057737231020335046 neg 0.0484858024337661	false	0.5
zahnlos	off 1.0		__DUMMY__ 0.8951718008921214 off 0.05328517129446239 neg 0.05154302781341619	false	1.0
verheeren	neg 1.0		__DUMMY__ 0.8888377011287664 off 0.06873429777346547 neg 0.04242800109776821	false	0.5
hippie	neg 1.0		__DUMMY__ 0.8936963443789144 off 0.057684823808694496 neg 0.04861883181239102	false	0.5
rammen	neg 1.0		__DUMMY__ 0.8970146804431367 off 0.055213063638985156 neg 0.04777225591787807	false	0.5
unlauter	neg 1.0		__DUMMY__ 0.8899112630365467 off 0.055398926672579986 neg 0.054689810290873296	false	0.5
unheilvoll	neg 1.0		__DUMMY__ 0.8973227000591244 off 0.05671233322152695 neg 0.04596496671934862	false	0.5
niedrig	neg 1.0		__DUMMY__ 0.9004500762595955 off 0.05066846408044867 neg 0.04888145965995593	false	0.5
explosion	neg 1.0		__DUMMY__ 0.8938276687676502 off 0.057096875372061505 neg 0.049075455860288365	false	0.5
weichei	off 1.0		__DUMMY__ 0.8885174227073465 off 0.06507764651008775 neg 0.04640493078256582	false	1.0
minusmensch	off 1.0		__DUMMY__ 0.8818467245370644 off 0.06878090335048222 neg 0.04937237211245349	false	1.0
farblos	neg 1.0		__DUMMY__ 0.9013117054184577 off 0.05345168435923951 neg 0.04523661022230285	false	0.5
unwissend	neg 1.0	neg 1.0	neg 0.5072887433284916 __DUMMY__ 0.4474009993738147 off 0.04531025729769355	false	1.0
traurig	neg 1.0		__DUMMY__ 0.8911721913980991 off 0.06250699068312376 neg 0.046320817918777055	false	0.5
senkung	neg 1.0		__DUMMY__ 0.8910821558770529 off 0.0572327155549795 neg 0.05168512856796756	false	0.5
ungleich	neg 1.0	neg 1.0	neg 0.5102543752088636 __DUMMY__ 0.4507196822789808 off 0.03902594251215549	false	1.0
heikel	neg 1.0		__DUMMY__ 0.8966145325737482 neg 0.05264386404829797 off 0.0507416033779538	false	1.0
drosselung	neg 1.0		__DUMMY__ 0.8926514881156155 off 0.060195815053099115 neg 0.04715269683128539	false	0.5
falsch	neg 1.0		__DUMMY__ 0.893659856029542 off 0.058687596198613225 neg 0.04765254777184479	false	0.5
unzufriedenheit	neg 1.0		__DUMMY__ 0.8975900910408892 neg 0.05209041115999175 off 0.05031949779911911	false	1.0
kurz	neg 1.0		__DUMMY__ 0.898955525903011 off 0.053297573777526926 neg 0.04774690031946208	false	0.5
unsinnig	neg 1.0		__DUMMY__ 0.8939028520600869 off 0.053677994827109526 neg 0.05241915311280366	false	0.5
penner	off 1.0	off 1.0	off 0.5208144330492069 __DUMMY__ 0.4446917910412205 neg 0.03449377590957246	false	1.0
seicht	neg 1.0		__DUMMY__ 0.8846221417333798 off 0.06785775479918862 neg 0.04752010346743145	false	0.5
dummheit	off 1.0	off 1.0	off 0.513679450333576 __DUMMY__ 0.44852304625707573 neg 0.03779750340934836	false	1.0
unerfreulich	neg 1.0		__DUMMY__ 0.8992135205722868 neg 0.0509983823130909 off 0.049788097114622315	false	1.0
motherfucker	off 1.0	off 1.0	off 0.5166014144923883 __DUMMY__ 0.4464093317030004 neg 0.03698925380461135	false	1.0
pikiert	neg 1.0		__DUMMY__ 0.8906110094119639 off 0.05988615481113418 neg 0.0495028357769019	false	0.5
wrack	neg 1.0		__DUMMY__ 0.899936823420673 off 0.05092798165848524 neg 0.04913519492084169	false	0.5
gangster	neg 1.0		__DUMMY__ 0.8943714477541144 off 0.057281032504252836 neg 0.048347519741632865	false	0.5
krank	neg 1.0		__DUMMY__ 0.893725818463717 off 0.060837382364424555 neg 0.04543679917185846	false	0.5
reich	neg 1.0		__DUMMY__ 0.8902853307324184 off 0.05854582421495066 neg 0.0511688450526308	false	0.5
gnadenlos	neg 1.0		__DUMMY__ 0.8954267615156032 off 0.05587835776922408 neg 0.048694880715172716	false	0.5
niedergeschlagen	neg 1.0		__DUMMY__ 0.8992965563208222 off 0.05371726454635856 neg 0.04698617913281922	false	0.5
terrorisieren	off 1.0	off 1.0	off 0.5096023376369444 __DUMMY__ 0.45256935255844943 neg 0.03782830980460612	false	1.0
sinnlosigkeit	neg 1.0		__DUMMY__ 0.8957535588233693 off 0.05332984804440641 neg 0.05091659313222429	false	0.5
behindern	neg 1.0		__DUMMY__ 0.895083566302281 off 0.05410641999176997 neg 0.050810013705949016	false	0.5
undemokratisch	neg 1.0		__DUMMY__ 0.8918271937268082 off 0.05591316803461247 neg 0.052259638238579376	false	0.5
wirtschaftskrise	neg 1.0		__DUMMY__ 0.89568707508583 neg 0.052209936554986174 off 0.05210298835918388	false	1.0
neid	neg 1.0		__DUMMY__ 0.8960068050832466 off 0.05903422068810896 neg 0.0449589742286445	false	0.5
rutschen	neg 1.0		__DUMMY__ 0.9043857991328019 off 0.048180027597932384 neg 0.04743417326926571	false	0.5
rezession	neg 1.0		__DUMMY__ 0.8883546316504974 off 0.06340506151015655 neg 0.048240306839345985	false	0.5
fehlgeburt	neg 1.0		__DUMMY__ 0.8981397185866781 off 0.05654072229407287 neg 0.045319559119249	false	0.5
charakterschwach	off 1.0		__DUMMY__ 0.8917593831310111 off 0.06061483502689184 neg 0.047625781842097016	false	1.0
isolation	neg 1.0		__DUMMY__ 0.8945774010505342 off 0.05837118390872454 neg 0.04705141504074126	false	0.5
ablenkung	neg 1.0		__DUMMY__ 0.8959371981283712 off 0.05520312254142261 neg 0.04885967933020611	false	0.5
pech	neg 1.0		__DUMMY__ 0.8949534258546935 off 0.05798192044450778 neg 0.04706465370079866	false	0.5
vermeidung	neg 1.0		__DUMMY__ 0.8901946205008104 off 0.060519815388183726 neg 0.04928556411100588	false	0.5
dominieren	neg 1.0		__DUMMY__ 0.9004886302477868 off 0.051834366374752985 neg 0.04767700337746023	false	0.5
schwindlig	neg 1.0		__DUMMY__ 0.8992452799617159 off 0.05673607464629977 neg 0.0440186453919844	false	0.5
lutscher	neg 1.0		__DUMMY__ 0.8850028735774494 off 0.06826326512972784 neg 0.046733861292822816	false	0.5
pflicht	neg 1.0		__DUMMY__ 0.8968433532050312 neg 0.052403139248010405 off 0.050753507546958315	false	1.0
faschist	off 1.0		__DUMMY__ 0.8906887774402736 off 0.05783313041601779 neg 0.05147809214370855	false	1.0
verschleudern	neg 1.0		__DUMMY__ 0.8928599126068012 neg 0.05574412235576203 off 0.05139596503743677	false	1.0
wenn			__DUMMY__ 0.8933126823715437 off 0.05890442980692435 neg 0.04778288782153208	false	0.0
ehebruch	neg 1.0		__DUMMY__ 0.8968989770081058 off 0.05232975208317214 neg 0.050771270908722	false	0.5
spott	off 1.0		__DUMMY__ 0.8956670650173015 neg 0.05245639835734957 off 0.05187653662534895	false	0.5
trostlosigkeit	neg 1.0		__DUMMY__ 0.8993740544704035 neg 0.05107754576397153 off 0.04954839976562488	false	1.0
lutschen	neg 1.0		__DUMMY__ 0.8934735962074014 off 0.05716562553351868 neg 0.04936077825907987	false	0.5
undiszipliniert	neg 1.0		__DUMMY__ 0.8924380959907253 off 0.061710517906728754 neg 0.04585138610254596	false	0.5
kopfschmerz	neg 1.0		__DUMMY__ 0.8997315371464689 off 0.05319677767618648 neg 0.04707168517734464	false	0.5
unvorhergesehen	neg 1.0		__DUMMY__ 0.901933294346659 off 0.051181684008186186 neg 0.04688502164515478	false	0.5
desinteressiert	neg 1.0		__DUMMY__ 0.8904893145687788 off 0.06167452012379911 neg 0.04783616530742209	false	0.5
armselig	off 1.0		__DUMMY__ 0.8881915294888953 off 0.06265092017302233 neg 0.04915755033808234	false	1.0
desaster	neg 1.0		__DUMMY__ 0.897914777247983 neg 0.05347139256731407 off 0.04861383018470292	false	1.0
tod	neg 1.0		__DUMMY__ 0.9004140866250203 off 0.051801720790358406 neg 0.047784192584621174	false	0.5
herzlos	neg 1.0		__DUMMY__ 0.8896190395569715 off 0.06298421103875837 neg 0.04739674940427018	false	0.5
unwissenheit	neg 1.0		__DUMMY__ 0.8938291919255014 off 0.05315383378795549 neg 0.05301697428654323	false	0.5
widersinnig	neg 1.0	neg 1.0	neg 0.5117875294000793 __DUMMY__ 0.44755506498489533 off 0.04065740561502535	false	1.0
bedenklich	neg 1.0		__DUMMY__ 0.895870033029931 neg 0.05207514276395257 off 0.05205482420611638	false	1.0
beanstanden	neg 1.0		__DUMMY__ 0.8974629525107444 neg 0.0524002834321768 off 0.050136764057078786	false	1.0
panisch	neg 1.0	neg 1.0	neg 0.5030367856810487 __DUMMY__ 0.4536409508304098 off 0.04332226348854152	false	1.0
debil	off 1.0		__DUMMY__ 0.9018709663088799 neg 0.052739838931457034 off 0.04538919475966313	false	0.5
abstrich	neg 1.0		__DUMMY__ 0.8962211667030183 neg 0.052489406929220286 off 0.05128942636776135	false	1.0
primitiv	neg 1.0		__DUMMY__ 0.8903573237174227 off 0.0612583234323921 neg 0.04838435285018527	false	0.5
abschaum	off 1.0	off 1.0	off 0.5151755733671481 __DUMMY__ 0.4478836152539221 neg 0.03694081137892984	false	1.0
provozieren	neg 1.0		__DUMMY__ 0.8943781901986556 off 0.05572360580082013 neg 0.0498982040005243	false	0.5
tot	neg 1.0		__DUMMY__ 0.8958504539309879 neg 0.05311403659522334 off 0.05103550947378871	false	1.0
instabil	neg 1.0		__DUMMY__ 0.8874006094414838 off 0.060937766089171265 neg 0.05166162446934487	false	0.5
schwuchtel	off 1.0		__DUMMY__ 0.8825735041684868 off 0.07257460541964253 neg 0.04485189041187061	false	1.0
zerren	neg 1.0		__DUMMY__ 0.8990852914512901 off 0.0539341928484214 neg 0.04698051570028851	false	0.5
kinderficker	off 1.0		__DUMMY__ 0.8857889638022204 off 0.0648570296233221 neg 0.049354006574457564	false	1.0
gefahr	neg 1.0		__DUMMY__ 0.8992281853383216 off 0.05044796488819944 neg 0.050323849773478875	false	0.5
rabiat	neg 1.0		__DUMMY__ 0.8947118328899629 off 0.055122794721793315 neg 0.05016537238824381	false	0.5
verlangsamung	neg 1.0		__DUMMY__ 0.8881919697448276 off 0.06641663643014756 neg 0.045391393825024835	false	0.5
ausgestorben	neg 1.0		__DUMMY__ 0.897551971907487 off 0.05446576627912904 neg 0.04798226181338385	false	0.5
anklagen	neg 1.0		__DUMMY__ 0.8959297708937007 off 0.05359220625621854 neg 0.050478022850080705	false	0.5
trott	neg 1.0		__DUMMY__ 0.8965788849891512 off 0.0543098785947869 neg 0.04911123641606189	false	0.5
verminderung	neg 1.0		__DUMMY__ 0.8895003897149564 off 0.06117607667058898 neg 0.04932353361445461	false	0.5
nach			__DUMMY__ 0.9069345131384318 off 0.046791628794999034 neg 0.04627385806656918	false	0.0
rost	neg 1.0		__DUMMY__ 0.8897450966670569 off 0.06506183383381466 neg 0.04519306949912843	false	0.5
destruktiv	neg 1.0		__DUMMY__ 0.892593444572791 off 0.054753873211303296 neg 0.05265268221590569	false	0.5
unzumutbarkeit	neg 1.0		__DUMMY__ 0.8938229371593059 off 0.05897345975501082 neg 0.04720360308568325	false	0.5
labil	off 1.0	off 1.0	off 0.5151231419155171 __DUMMY__ 0.44786486453951985 neg 0.03701199354496309	false	1.0
ziemlich	neg 1.0		__DUMMY__ 0.8931574801907972 off 0.060296910710273835 neg 0.04654560909892897	false	0.5
lachnummer	off 1.0		__DUMMY__ 0.8937784683036639 off 0.05505099494369945 neg 0.05117053675263668	false	1.0
oder			__DUMMY__ 0.896869702782323 off 0.05500020685814013 neg 0.048130090359536894	false	0.0
verfall	neg 1.0		__DUMMY__ 0.9003443023802843 neg 0.053221749110850446 off 0.04643394850886524	false	1.0
ausgrenzung	neg 1.0		__DUMMY__ 0.8923942451087774 off 0.05656551243454589 neg 0.05104024245667675	false	0.5
unordnung	neg 1.0		__DUMMY__ 0.8935856759455352 off 0.059613104613106024 neg 0.046801219441358836	false	0.5
fehlverhalten	neg 1.0		__DUMMY__ 0.8968604928984291 neg 0.05209103588958776 off 0.051048471211983255	false	1.0
eine			__DUMMY__ 0.8985675218946089 neg 0.05124881880430914 off 0.050183659301081894	false	0.0
nille	neg 1.0		__DUMMY__ 0.8960178617026495 off 0.05400026040161251 neg 0.049981877895738075	false	0.5
qual	neg 1.0		__DUMMY__ 0.8965082528734706 off 0.0541769906739297 neg 0.049314756452599674	false	0.5
verschwenden	neg 1.0		__DUMMY__ 0.8963201097564019 off 0.052346682460427583 neg 0.051333207783170624	false	0.5
riesig	neg 1.0	neg 1.0	neg 0.5058421199755385 __DUMMY__ 0.4549084843521173 off 0.039249395672344145	false	1.0
verurteilen	neg 1.0		__DUMMY__ 0.8960043821344266 off 0.05325779233788742 neg 0.050737825527686034	false	0.5
klischee	neg 1.0	neg 1.0	neg 0.5082307855007889 __DUMMY__ 0.4474736831097712 off 0.044295531389439875	false	1.0
diktatorisch	neg 1.0		__DUMMY__ 0.8908845898642717 off 0.056472457425727283 neg 0.05264295271000098	false	0.5
vorhersehbar	neg 1.0	neg 1.0	neg 0.5075033551902325 __DUMMY__ 0.4486184563350116 off 0.04387818847475589	false	1.0
sowie			__DUMMY__ 0.8881448663995147 off 0.06471657976929168 neg 0.047138553831193565	false	0.0
stornieren	neg 1.0		__DUMMY__ 0.8995940728777683 off 0.05534883655032704 neg 0.04505709057190479	false	0.5
besteuerung	neg 1.0		__DUMMY__ 0.891664827785417 off 0.05530945873673667 neg 0.05302571347784634	false	0.5
ungeschminkt	neg 1.0		__DUMMY__ 0.8913595012791141 off 0.06022367237944636 neg 0.048416826341439526	false	0.5
kritisch	neg 1.0		__DUMMY__ 0.8956673565531715 neg 0.05239182812487379 off 0.05194081532195461	false	1.0
schlamperei	off 1.0		__DUMMY__ 0.8957919711025456 neg 0.053231095345143246 off 0.050976933552311206	false	0.5
sucht	neg 1.0	neg 1.0	neg 0.5058343242100446 __DUMMY__ 0.4529057995110058 off 0.041259876278949656	false	1.0
egoistisch	off 1.0		__DUMMY__ 0.8890767955394874 off 0.06517059040842324 neg 0.045752614052089316	false	1.0
ausbeuter	off 1.0		__DUMMY__ 0.8955577871217759 neg 0.053524094412598526 off 0.05091811846562548	false	0.5
arschgeburt	off 1.0		__DUMMY__ 0.8817697792677256 off 0.07284752419526125 neg 0.045382696537013045	false	1.0
schubs	neg 1.0	neg 1.0	neg 0.5054437907981594 __DUMMY__ 0.4547614228010806 off 0.0397947864007599	false	1.0
unsolide	neg 1.0		__DUMMY__ 0.8874452211908327 off 0.056806496368795215 neg 0.055748282440372	false	0.5
beschwerde	neg 1.0		__DUMMY__ 0.8961755617257225 neg 0.05274413916383824 off 0.051080299110439265	false	1.0
stocken	neg 1.0		__DUMMY__ 0.8980694231093671 off 0.05162306481800392 neg 0.05030751207262903	false	0.5
isolieren	neg 1.0		__DUMMY__ 0.896998541018415 off 0.05263632864084669 neg 0.050365130340738334	false	0.5
unheilbar	neg 1.0		__DUMMY__ 0.8984055168837619 off 0.05556550989682324 neg 0.04602897321941476	false	0.5
pisser	off 1.0		__DUMMY__ 0.8923646649400228 off 0.06145973748673041 neg 0.046175597573246886	false	1.0
löschen	neg 1.0		__DUMMY__ 0.8960444952788589 off 0.05480786487379737 neg 0.04914763984734377	false	0.5
durchfallen	neg 1.0		__DUMMY__ 0.8944170757689845 off 0.053058537033758464 neg 0.05252438719725708	false	0.5
wichser	off 1.0		__DUMMY__ 0.8863078236297213 off 0.06943492188236695 neg 0.04425725448791171	false	1.0
terror	neg 1.0		__DUMMY__ 0.8958636704355996 off 0.05714286271699341 neg 0.04699346684740705	false	0.5
krass	neg 1.0		__DUMMY__ 0.889740348561758 off 0.063119347345226 neg 0.047140304093016096	false	0.5
revolte	neg 1.0		__DUMMY__ 0.8922264021857166 off 0.05703512304630227 neg 0.050738474767981115	false	0.5
besorgt	neg 1.0		__DUMMY__ 0.9001386522877696 off 0.05306943003231723 neg 0.04679191767991321	false	0.5
nachlassen	neg 1.0		__DUMMY__ 0.8986862994272409 off 0.051013800160743826 neg 0.05029990041201532	false	0.5
alt	neg 1.0		__DUMMY__ 0.8986238404887075 off 0.05159323333173593 neg 0.04978292617955672	false	0.5
hundesohn	off 1.0		__DUMMY__ 0.8848951025431613 off 0.06833524510788398 neg 0.04676965234895475	false	1.0
als			__DUMMY__ 0.8982497823534485 off 0.05329091749622334 neg 0.04845930015032811	false	0.0
abschreckung	neg 1.0		__DUMMY__ 0.8989687934212273 neg 0.05130535518492787 off 0.0497258513938449	false	1.0
unqualifiziert	neg 1.0		__DUMMY__ 0.8891939738994732 off 0.058167277599480725 neg 0.052638748501046065	false	0.5
abgewichst	off 1.0		__DUMMY__ 0.8967327680067692 off 0.053318918274124404 neg 0.04994831371910649	false	1.0
schwer	neg 1.0		__DUMMY__ 0.8964622258994064 off 0.05493114575957224 neg 0.048606628341021384	false	0.5
bedeutungslosigkeit	neg 1.0		__DUMMY__ 0.8976076149188276 neg 0.051865952400725085 off 0.05052643268044732	false	1.0
kapitulation	neg 1.0		__DUMMY__ 0.8948357743041148 neg 0.05334203265154346 off 0.05182219304434177	false	1.0
unscharf	neg 1.0		__DUMMY__ 0.8941103603954257 off 0.05656304377328295 neg 0.0493265958312914	false	0.5
schwinden	neg 1.0		__DUMMY__ 0.8986384288566466 neg 0.051036343349738035 off 0.050325227793615396	false	1.0
versklavung	neg 1.0		__DUMMY__ 0.8917061830577679 off 0.05604757800735125 neg 0.05224623893488088	false	0.5
schlecht	neg 1.0		__DUMMY__ 0.8934252890172544 off 0.060451457019281236 neg 0.04612325396346437	false	0.5
verhasst	neg 1.0		__DUMMY__ 0.8943765080187092 off 0.05606519037261973 neg 0.04955830160867108	false	0.5
beschweren	neg 1.0		__DUMMY__ 0.8946241994442613 off 0.056717411051010184 neg 0.048658389504728505	false	0.5
scheiden	neg 1.0		__DUMMY__ 0.8994279876399625 off 0.05478170693350194 neg 0.04579030542653564	false	0.5
frustriert	neg 1.0		__DUMMY__ 0.8966066498803202 off 0.05402889023280974 neg 0.04936445988687003	false	0.5
schimmelig	neg 1.0		__DUMMY__ 0.8997484754502523 off 0.05085216901219192 neg 0.04939935553755581	false	0.5
fisch	neg 1.0		__DUMMY__ 0.9018452139276734 off 0.04959115253997036 neg 0.04856363353235636	false	0.5
schmuggel	neg 1.0		__DUMMY__ 0.9023935626807424 off 0.05027813400079302 neg 0.04732830331846456	false	0.5
auffallen	neg 1.0		__DUMMY__ 0.8944216653204369 off 0.057266840024630845 neg 0.04831149465493231	false	0.5
konkurrenz	neg 1.0	neg 1.0	neg 0.5089237319903404 __DUMMY__ 0.45355222120486177 off 0.037524046804797886	false	1.0
teufelskreis	neg 1.0		__DUMMY__ 0.896186161231867 off 0.05455206921329002 neg 0.049261769554842925	false	0.5
aufschreien	neg 1.0		__DUMMY__ 0.893349851022807 off 0.05721804554788686 neg 0.04943210342930621	false	0.5
schuldner	neg 1.0		__DUMMY__ 0.8982013512297 neg 0.051270369647757365 off 0.05052827912254268	false	1.0
missgeburt	off 1.0	off 1.0	off 0.519099072034765 __DUMMY__ 0.44551499710551123 neg 0.035385930859723747	false	1.0
arbeitslos	neg 1.0		__DUMMY__ 0.8945595661100286 off 0.0533476925400417 neg 0.05209274134992973	false	0.5
befallen	neg 1.0		__DUMMY__ 0.8969122115300753 off 0.05354824927791166 neg 0.04953953919201303	false	0.5
miesepetrig	off 1.0	off 1.0	off 0.5155577649185848 __DUMMY__ 0.4494999308989058 neg 0.03494230418250927	false	1.0
alarmieren	neg 1.0		__DUMMY__ 0.891712060574724 off 0.05923026364635618 neg 0.04905767577891988	false	0.5
ungeduscht	off 1.0		__DUMMY__ 0.8953226340308157 off 0.057700788273988876 neg 0.04697657769519552	false	1.0
knappheit	neg 1.0		__DUMMY__ 0.8950211662715021 neg 0.05331781859549069 off 0.051661015133007165	false	1.0
schlange	neg 1.0		__DUMMY__ 0.8977598632192701 off 0.05644822775064897 neg 0.045791909030080964	false	0.5
harsch	neg 1.0		__DUMMY__ 0.8917681529499291 off 0.06383070490953523 neg 0.044401142140535754	false	0.5
lang	neg 1.0		__DUMMY__ 0.8961883787775512 off 0.05520232808473259 neg 0.04860929313771624	false	0.5
ziellos	neg 1.0		__DUMMY__ 0.8994471089587832 off 0.052763985432450394 neg 0.047788905608766426	false	0.5
selbstverliebt	neg 1.0		__DUMMY__ 0.883173641225366 off 0.07035954322869369 neg 0.04646681554594035	false	0.5
beseitigen	neg 1.0		__DUMMY__ 0.8962617265557566 off 0.053933331466870786 neg 0.049804941977372584	false	0.5
dumm	off 1.0		__DUMMY__ 0.887204121727613 off 0.0660053845014649 neg 0.04679049377092207	false	1.0
arbeitsloser	neg 1.0		__DUMMY__ 0.8972804828458426 off 0.05261031809747436 neg 0.050109199056683096	false	0.5
blitzen	neg 1.0		__DUMMY__ 0.8942878928524671 off 0.057833198636212606 neg 0.0478789085113203	false	0.5
hilflos	neg 1.0		__DUMMY__ 0.8975510706086481 off 0.05355956834172958 neg 0.04888936104962227	false	0.5
eklig	off 1.0		__DUMMY__ 0.8882995159914473 off 0.0665243786084397 neg 0.045176105400112944	false	1.0
begriff			__DUMMY__ 0.8946796592296842 off 0.05398569286554756 neg 0.05133464790476823	false	0.0
hungersnot	neg 1.0		__DUMMY__ 0.8980260537900737 off 0.05342624128072665 neg 0.048547704929199624	false	0.5
ungesetzlich	neg 1.0		__DUMMY__ 0.888538368570036 off 0.05725191238729119 neg 0.05420971904267287	false	0.5
verschwendung	neg 1.0		__DUMMY__ 0.897611540403859 off 0.05131820698403483 neg 0.05107025261210619	false	0.5
schmerzvoll	neg 1.0		__DUMMY__ 0.8952980434154842 off 0.056616595256147345 neg 0.048085361328368326	false	0.5
vorzeitig	neg 1.0		__DUMMY__ 0.8965539388680224 off 0.05766446903632887 neg 0.0457815920956487	false	0.5
unvollkommenheit	neg 1.0		__DUMMY__ 0.9025643669417959 off 0.052584209139771076 neg 0.04485142391843311	false	0.5
intervenieren	neg 1.0		__DUMMY__ 0.8952181152083866 neg 0.05359852606556985 off 0.051183358726043536	false	1.0
banause	off 1.0		__DUMMY__ 0.8850402903388065 off 0.06837018449429358 neg 0.04658952516689998	false	1.0
rebell	neg 1.0		__DUMMY__ 0.8998378674593401 neg 0.052265968490833994 off 0.04789616404982601	false	1.0
unlogisch	neg 1.0		__DUMMY__ 0.8899479708440142 off 0.06267805471678145 neg 0.04737397443920432	false	0.5
leiden	neg 1.0		__DUMMY__ 0.903533486722556 off 0.05034010834683166 neg 0.04612640493061244	false	0.5
abschaffung	neg 1.0		__DUMMY__ 0.8919517970883235 off 0.05541194100656139 neg 0.05263626190511514	false	0.5
sturz	neg 1.0		__DUMMY__ 0.8978383687097504 off 0.05482913136768849 neg 0.04733249992256099	false	0.5
verkleinerung	neg 1.0		__DUMMY__ 0.8901245854302406 off 0.05770301597920143 neg 0.05217239859055784	false	0.5
schmarotzer	off 1.0		__DUMMY__ 0.89397720635887 off 0.05323427297032274 neg 0.052788520670807186	false	1.0
bestrafung	neg 1.0		__DUMMY__ 0.8946013155462258 off 0.05635479042502309 neg 0.049043894028751193	false	0.5
achtlos	neg 1.0		__DUMMY__ 0.8977133045053692 off 0.05480184686842829 neg 0.04748484862620254	false	0.5
ungeheuer	neg 1.0		__DUMMY__ 0.8945431171558279 off 0.057626126483082386 neg 0.04783075636108974	false	0.5
