unsolidarisch	neg 1.0		off 0.48216452990929365 neg 0.4470035790164818 __DUMMY__ 0.07083189107422456	false	0.5
nachteilig	neg 1.0		off 0.4816526942387115 neg 0.4466978724192298 __DUMMY__ 0.07164943334205878	false	0.5
skeptisch	neg 1.0		off 0.48105319527401474 neg 0.4472171331797192 __DUMMY__ 0.07172967154626603	false	0.5
schrecklich	neg 1.0		off 0.49583892276597763 neg 0.4332918019570493 __DUMMY__ 0.070869275276973	false	0.5
schlapp	neg 1.0		off 0.4926421513967144 neg 0.43600851875747565 __DUMMY__ 0.07134932984580994	false	0.5
abfall	neg 1.0		off 0.47957991329755906 neg 0.4483522617053567 __DUMMY__ 0.07206782499708421	false	0.5
widerspenstig	neg 1.0		off 0.48729575892094235 neg 0.4410985162625294 __DUMMY__ 0.0716057248165284	false	0.5
abrupt	neg 1.0		off 0.4837672541226106 neg 0.44419550765826177 __DUMMY__ 0.07203723821912755	false	0.5
unwirksam	neg 1.0		off 0.4832131091809654 neg 0.4458022865122627 __DUMMY__ 0.07098460430677196	false	0.5
angreifen	neg 1.0	neg 1.0	neg 0.7084229956041076 off 0.2570775076315263 __DUMMY__ 0.03449949676436602	false	1.0
inkonsistent	neg 1.0		off 0.4871561157675161 neg 0.4414357132120275 __DUMMY__ 0.07140817102045627	false	0.5
abrutschen	neg 1.0		off 0.479884200337833 neg 0.44806947886594534 __DUMMY__ 0.07204632079622166	false	0.5
unsicher	neg 1.0		off 0.4876263061715519 neg 0.4406977598539892 __DUMMY__ 0.07167593397445884	false	0.5
bauernkind	off 1.0	off 1.0	off 0.7334845666379185 neg 0.23268048425594023 __DUMMY__ 0.03383494910614138	false	1.0
angreifer	neg 1.0		off 0.4891856375725784 neg 0.4391473246166999 __DUMMY__ 0.07166703781072166	false	0.5
trennen	neg 1.0		off 0.4850446253397677 neg 0.4427458111871177 __DUMMY__ 0.07220956347311461	false	0.5
schmutz	neg 1.0		off 0.49332899960991067 neg 0.434415942371125 __DUMMY__ 0.0722550580189643	false	0.5
inkonsistenz	neg 1.0		off 0.4879743878625061 neg 0.4412240067253186 __DUMMY__ 0.07080160541217537	false	0.5
erschreckend	neg 1.0		off 0.4848298330711743 neg 0.4436975619636075 __DUMMY__ 0.07147260496521828	false	0.5
ertrinken	neg 1.0		off 0.4853151257971925 neg 0.4426013969745123 __DUMMY__ 0.0720834772282952	false	0.5
pickelface	off 1.0		off 0.4839642450428254 neg 0.4444988671264192 __DUMMY__ 0.07153688783075549	false	1.0
seiner			off 0.483099751517717 neg 0.44493016666102336 __DUMMY__ 0.07197008182125965	false	0.0
lauch	neg 1.0		off 0.4781738927892058 neg 0.45008215114882094 __DUMMY__ 0.07174395606197334	false	0.5
unwichtig	neg 1.0		off 0.4907698634859147 neg 0.43811102529892737 __DUMMY__ 0.071119111215158	false	0.5
steuerhinterziehung	neg 1.0		off 0.48289176145289764 neg 0.44579291577964564 __DUMMY__ 0.07131532276745674	false	0.5
schock	neg 1.0		off 0.4883190186894355 neg 0.43968264083415365 __DUMMY__ 0.07199834047641103	false	0.5
beule	neg 1.0		off 0.49336764482974493 neg 0.4352365254605129 __DUMMY__ 0.07139582970974212	false	0.5
vergelten	neg 1.0		off 0.49679326861759854 neg 0.43184033673869227 __DUMMY__ 0.07136639464370914	false	0.5
verdorbenheit	neg 1.0		off 0.4864082674124666 neg 0.44199157592795135 __DUMMY__ 0.07160015665958208	false	0.5
trauma	neg 1.0		off 0.48757335992885237 neg 0.44095759573751203 __DUMMY__ 0.07146904433363566	false	0.5
sinnlos	neg 1.0		off 0.4897141718084159 neg 0.4387773431451523 __DUMMY__ 0.07150848504643184	false	0.5
fettsack	off 1.0	off 1.0	off 0.7353794323574167 neg 0.23066822901047326 __DUMMY__ 0.03395233863211005	false	1.0
feige	off 1.0	off 1.0	off 0.7319549604883604 neg 0.23398081910014373 __DUMMY__ 0.03406422041149587	false	1.0
abdanken	neg 1.0		off 0.48438549644611534 neg 0.4442435865703194 __DUMMY__ 0.07137091698356526	false	0.5
wichtigtuer	off 1.0	off 1.0	off 0.7305033206606482 neg 0.23530545623237165 __DUMMY__ 0.034191223106980195	false	1.0
misslingen	neg 1.0		off 0.4908267412459234 neg 0.43714993829069465 __DUMMY__ 0.07202332046338188	false	0.5
untreu	off 1.0		off 0.49216417740821894 neg 0.4367695096829762 __DUMMY__ 0.07106631290880482	false	1.0
missmutig	neg 1.0		off 0.49186593168504117 neg 0.4368572410425748 __DUMMY__ 0.07127682727238395	false	0.5
hurenbock	off 1.0		off 0.48861181807311616 neg 0.4398430479428716 __DUMMY__ 0.0715451339840124	false	1.0
betrunken	neg 1.0		off 0.4959321185611379 neg 0.4327161701765694 __DUMMY__ 0.07135171126229278	false	0.5
korrupt	off 1.0		off 0.4807290305652897 neg 0.4481678327627501 __DUMMY__ 0.07110313667196015	false	1.0
unmut	neg 1.0		off 0.4788527642811607 neg 0.4492207300485689 __DUMMY__ 0.07192650567027054	false	0.5
hackfresse	off 1.0		off 0.4982316941556713 neg 0.43128528398552823 __DUMMY__ 0.07048302185880045	false	1.0
aufblasen	neg 1.0		off 0.4897317857596473 neg 0.43855545162540494 __DUMMY__ 0.07171276261494779	false	0.5
gewaltsam	neg 1.0		off 0.4860518892686926 neg 0.4423135135036723 __DUMMY__ 0.07163459722763495	false	0.5
unbeliebtheit	neg 1.0		off 0.48535842316689065 neg 0.4443247648456197 __DUMMY__ 0.07031681198748957	false	0.5
sturheit	neg 1.0		off 0.4845701159088014 neg 0.4439930976966125 __DUMMY__ 0.0714367863945862	false	0.5
kuh	neg 1.0		off 0.48566985084450953 neg 0.4431356519299911 __DUMMY__ 0.07119449722549934	false	0.5
erschrecken	neg 1.0		off 0.49143553672932644 neg 0.43719088236105996 __DUMMY__ 0.07137358090961345	false	0.5
opfer	neg 1.0		off 0.48429090934302926 neg 0.4437986661902468 __DUMMY__ 0.07191042446672403	false	0.5
sinken	neg 1.0		off 0.47949406294145064 neg 0.4486055158573363 __DUMMY__ 0.07190042120121296	false	0.5
stinktier	neg 1.0		off 0.4955259689390561 neg 0.4337902297145373 __DUMMY__ 0.07068380134640646	false	0.5
tucke	off 1.0		off 0.4962530626883407 neg 0.43372358895609475 __DUMMY__ 0.07002334835556458	false	1.0
ein			off 0.4882730277809793 neg 0.4401141677016038 __DUMMY__ 0.07161280451741689	false	0.0
abstieg	neg 1.0		off 0.4848520925612276 neg 0.44295172966420215 __DUMMY__ 0.07219617777457014	false	0.5
missverstehen	neg 1.0		off 0.4880935297759627 neg 0.44072871525476387 __DUMMY__ 0.07117775496927348	false	0.5
ergebnislos	neg 1.0		off 0.4819602093510217 neg 0.4462926802684418 __DUMMY__ 0.07174711038053665	false	0.5
unter			off 0.47803569783019595 neg 0.4492150072264658 __DUMMY__ 0.07274929494333832	false	0.0
manipulieren	neg 1.0		off 0.48154126138052983 neg 0.446669746517067 __DUMMY__ 0.07178899210240315	false	0.5
unbewiesen	neg 1.0		off 0.4823820098191756 neg 0.4468158118156529 __DUMMY__ 0.07080217836517153	false	0.5
verschleppen	neg 1.0		off 0.48394047662711087 neg 0.4443465766661858 __DUMMY__ 0.07171294670670317	false	0.5
weib	off 1.0		off 0.49837197021032625 neg 0.43111549663910476 __DUMMY__ 0.07051253315056907	false	1.0
opposition	neg 1.0		off 0.4873027061062502 neg 0.44145886742541296 __DUMMY__ 0.07123842646833675	false	0.5
verkehrswidrig	neg 1.0	neg 1.0	neg 0.6991192669485111 off 0.2664128860929664 __DUMMY__ 0.03446784695852256	false	1.0
inkorrekt	neg 1.0		off 0.49093886568019485 neg 0.43846493153684585 __DUMMY__ 0.07059620278295921	false	0.5
vermeiden	neg 1.0		off 0.4786743271898345 neg 0.4489882736150498 __DUMMY__ 0.07233739919511568	false	0.5
abweichung	neg 1.0		off 0.4813762995904356 neg 0.44708283156423556 __DUMMY__ 0.07154086884532888	false	0.5
alkoholisiert	neg 1.0		off 0.4860031304735687 neg 0.441512946578429 __DUMMY__ 0.07248392294800234	false	0.5
scheiss	off 1.0	off 1.0	off 0.7331931128359191 neg 0.23257957975903584 __DUMMY__ 0.03422730740504506	false	1.0
herausforderung	neg 1.0	neg 1.0	neg 0.7056952313582172 off 0.25939503754651005 __DUMMY__ 0.03490973109527269	false	1.0
pervers	off 1.0		off 0.5016300245721147 neg 0.4280246020412271 __DUMMY__ 0.07034537338665814	false	1.0
wackelig	neg 1.0		off 0.48694960494619965 neg 0.44092883930108523 __DUMMY__ 0.07212155575271512	false	0.5
verwickeln	neg 1.0		off 0.48797103872317765 neg 0.4408470793126498 __DUMMY__ 0.07118188196417262	false	0.5
vorwand	neg 1.0		off 0.48098392948724017 neg 0.44714456042610334 __DUMMY__ 0.0718715100866564	false	0.5
muschi	off 1.0		off 0.48435700569135337 neg 0.44412878296247005 __DUMMY__ 0.07151421134617651	false	1.0
entmutigung	neg 1.0		off 0.48625651468116265 neg 0.4425932783218312 __DUMMY__ 0.07115020699700601	false	0.5
unangemessen	neg 1.0		off 0.4833012755116595 neg 0.4452877600726569 __DUMMY__ 0.07141096441568347	false	0.5
unstetig	neg 1.0		off 0.48836116652514017 neg 0.44006068574262475 __DUMMY__ 0.0715781477322352	false	0.5
entmutigen	neg 1.0		off 0.4875504093779992 neg 0.44107616001717564 __DUMMY__ 0.07137343060482515	false	0.5
schwanz	neg 1.0		off 0.4819864543590899 neg 0.4462166778523859 __DUMMY__ 0.07179686778852432	false	0.5
verbot	neg 1.0		off 0.481908600695386 neg 0.44672303565082316 __DUMMY__ 0.07136836365379076	false	0.5
leid	neg 1.0		off 0.4975440234851177 neg 0.4315691160406328 __DUMMY__ 0.0708868604742494	false	0.5
archaisch	neg 1.0		off 0.48445843365041363 neg 0.44391889639070037 __DUMMY__ 0.0716226699588859	false	0.5
gegen			off 0.48135410332213735 neg 0.446547681375455 __DUMMY__ 0.07209821530240784	false	0.0
scheidung	neg 1.0		off 0.5052415754116891 neg 0.42454947706493956 __DUMMY__ 0.07020894752337133	false	0.5
einschlag	neg 1.0	neg 1.0	neg 0.7018106348445323 off 0.26406406846770747 __DUMMY__ 0.034125296687760265	false	1.0
m			off 0.48524035070483473 neg 0.44294479483911553 __DUMMY__ 0.07181485445604975	false	0.0
abgestanden	neg 1.0		off 0.48905932953426107 neg 0.439208472834481 __DUMMY__ 0.07173219763125782	false	0.5
schmierig	off 1.0		off 0.49720604595869794 neg 0.4318466606227316 __DUMMY__ 0.07094729341857053	false	1.0
unpraktisch	neg 1.0		off 0.4894470712160957 neg 0.4388043074143927 __DUMMY__ 0.07174862136951156	false	0.5
wixxer	off 1.0		off 0.500459893985493 neg 0.4293384710831722 __DUMMY__ 0.0702016349313348	false	1.0
bezeichnet			off 0.48537714924168085 neg 0.4431977970177795 __DUMMY__ 0.0714250537405397	false	0.0
jammerlappen	off 1.0		off 0.4912822701462739 neg 0.4375485826917202 __DUMMY__ 0.07116914716200595	false	1.0
farce	neg 1.0		off 0.4819831662928233 neg 0.4468164879148003 __DUMMY__ 0.07120034579237634	false	0.5
zwecklos	neg 1.0		off 0.48394867826461546 neg 0.44452502357809326 __DUMMY__ 0.07152629815729122	false	0.5
turbulent	neg 1.0		off 0.49045698226805395 neg 0.4386392349810725 __DUMMY__ 0.0709037827508735	false	0.5
invasion	neg 1.0		off 0.48943310656781047 neg 0.439117656506554 __DUMMY__ 0.07144923692563568	false	0.5
schuld	neg 1.0		off 0.4874246580771455 neg 0.44111980089917696 __DUMMY__ 0.0714555410236774	false	0.5
risiko	neg 1.0		off 0.4874964873215389 neg 0.44088929908179986 __DUMMY__ 0.07161421359666142	false	0.5
finster	neg 1.0		off 0.4886833160972395 neg 0.43970290268429457 __DUMMY__ 0.07161378121846591	false	0.5
geisteskrank	off 1.0		off 0.49195047375322887 neg 0.4371563134427211 __DUMMY__ 0.07089321280404998	false	1.0
zusammenbrechen	neg 1.0		off 0.486294914569617 neg 0.4419075965004235 __DUMMY__ 0.0717974889299595	false	0.5
ausbeute	neg 1.0		off 0.4833200860712622 neg 0.44467124372311545 __DUMMY__ 0.0720086702056222	false	0.5
hinterhalt	neg 1.0		off 0.48491639499180417 neg 0.4434160020840836 __DUMMY__ 0.07166760292411221	false	0.5
kritik	neg 1.0		off 0.48230499339537863 neg 0.4464033058991762 __DUMMY__ 0.07129170070544516	false	0.5
einschrumpfen	neg 1.0		off 0.4867576709361805 neg 0.4423808579499837 __DUMMY__ 0.07086147111383569	false	0.5
riskant	neg 1.0		off 0.48277442363064355 neg 0.4455136860171262 __DUMMY__ 0.07171189035223018	false	0.5
frustrieren	neg 1.0		off 0.4830549395301233 neg 0.4452280468435444 __DUMMY__ 0.07171701362633234	false	0.5
groll	neg 1.0		off 0.48441325425817955 neg 0.4439152468224543 __DUMMY__ 0.07167149891936621	false	0.5
gibt			off 0.4844832109550849 neg 0.44393367784877164 __DUMMY__ 0.07158311119614348	false	0.0
qualvoll	neg 1.0		off 0.49163222646339483 neg 0.43679581176034094 __DUMMY__ 0.07157196177626429	false	0.5
wackeln	neg 1.0	neg 1.0	neg 0.7038476182735348 off 0.2615601835422375 __DUMMY__ 0.034592198184227645	false	1.0
klagen	neg 1.0		off 0.4790086955546679 neg 0.4491455663069315 __DUMMY__ 0.07184573813840071	false	0.5
bankrott	neg 1.0		off 0.49089903365732823 neg 0.4377616200968195 __DUMMY__ 0.07133934624585224	false	0.5
trauern	neg 1.0		off 0.48457150824309786 neg 0.4434255022318153 __DUMMY__ 0.07200298952508684	false	0.5
ablehnung	neg 1.0		off 0.48232546563322776 neg 0.44638680034763273 __DUMMY__ 0.07128773401913943	false	0.5
stur	neg 1.0		off 0.48766821096116414 neg 0.44097364730519656 __DUMMY__ 0.07135814173363936	false	0.5
aufruhr	neg 1.0		off 0.48633760761512457 neg 0.4419598222813194 __DUMMY__ 0.07170257010355593	false	0.5
melancholie	neg 1.0		off 0.4857451170845035 neg 0.4423377892241634 __DUMMY__ 0.07191709369133296	false	0.5
ist			off 0.4883634606052959 neg 0.4402276657083047 __DUMMY__ 0.07140887368639942	false	0.0
torheit	neg 1.0		off 0.48601723030704996 neg 0.4427311516187254 __DUMMY__ 0.07125161807422466	false	0.5
dreckskind	off 1.0		off 0.4967948487092703 neg 0.43261201417138173 __DUMMY__ 0.07059313711934785	false	1.0
umtauschen	neg 1.0		off 0.48688755412934515 neg 0.44147010433165657 __DUMMY__ 0.07164234153899825	false	0.5
zum			off 0.4809513034142597 neg 0.44635653611699877 __DUMMY__ 0.07269216046874147	false	0.0
zersetzen	neg 1.0		off 0.4806870824492795 neg 0.44764794347090625 __DUMMY__ 0.07166497407981431	false	0.5
zur			off 0.47781730168158276 neg 0.44984989106330225 __DUMMY__ 0.07233280725511511	false	0.0
frust	neg 1.0		off 0.485811811371224 neg 0.4424292882859809 __DUMMY__ 0.07175890034279517	false	0.5
unerbittlichkeit	neg 1.0		off 0.48087342423481266 neg 0.44745376220278266 __DUMMY__ 0.07167281356240478	false	0.5
zwei			off 0.4823994001282323 neg 0.4451477004899129 __DUMMY__ 0.07245289938185466	false	0.0
unkorrekt	neg 1.0		off 0.4910433409173213 neg 0.43847345390858267 __DUMMY__ 0.07048320517409594	false	0.5
hexe	off 1.0		off 0.49104404459561163 neg 0.4379941044211926 __DUMMY__ 0.07096185098319582	false	1.0
lasch	neg 1.0		off 0.4881199037052882 neg 0.4409531542297359 __DUMMY__ 0.0709269420649759	false	0.5
rivale	neg 1.0		off 0.495244410638779 neg 0.4335487977002832 __DUMMY__ 0.07120679166093774	false	0.5
mutlos	off 1.0	off 1.0	off 0.72679839769138 neg 0.23887195913011117 __DUMMY__ 0.03432964317850893	false	1.0
wirr	off 1.0		off 0.49201575226141625 neg 0.4374136997146841 __DUMMY__ 0.07057054802389967	false	1.0
jahr			off 0.48325377717028867 neg 0.44454679772460226 __DUMMY__ 0.07219942510510893	false	0.0
wird			off 0.4836519928854923 neg 0.4446074680719784 __DUMMY__ 0.07174053904252937	false	0.0
strafbar	neg 1.0		off 0.4820434123111064 neg 0.44638341202482473 __DUMMY__ 0.07157317566406882	false	0.5
erosion	neg 1.0		off 0.4884838429498409 neg 0.4398085116173212 __DUMMY__ 0.07170764543283775	false	0.5
eingehen	neg 1.0		off 0.4825843082772407 neg 0.4459543301901291 __DUMMY__ 0.07146136153263025	false	0.5
faul	off 1.0		off 0.4920484599117127 neg 0.43650499208288984 __DUMMY__ 0.07144654800539738	false	1.0
provisorium	neg 1.0		off 0.4768833381153787 neg 0.45051136328820246 __DUMMY__ 0.07260529859641873	false	0.5
schmerzen	neg 1.0		off 0.4874432214438729 neg 0.44091028750171385 __DUMMY__ 0.0716464910544132	false	0.5
schrumpfen	neg 1.0		off 0.4765774026248435 neg 0.45139920709414594 __DUMMY__ 0.07202339028101062	false	0.5
geistlos	off 1.0		off 0.4858109432694019 neg 0.44339460076738135 __DUMMY__ 0.07079445596321662	false	1.0
fehlkauf	neg 1.0		off 0.4879107524991009 neg 0.4407442230404996 __DUMMY__ 0.07134502446039948	false	0.5
frustrierend	neg 1.0		off 0.4914729243445557 neg 0.43710439198081447 __DUMMY__ 0.07142268367462987	false	0.5
unzufrieden	neg 1.0		off 0.4835579709468505 neg 0.44494480107100237 __DUMMY__ 0.0714972279821472	false	0.5
verzweifeln	neg 1.0		off 0.48647980201223956 neg 0.4419093421640595 __DUMMY__ 0.07161085582370105	false	0.5
verzweifelt	neg 1.0		off 0.48805485054619596 neg 0.4405423789049269 __DUMMY__ 0.0714027705488772	false	0.5
misstrauensantrag	neg 1.0		off 0.48855511929264384 neg 0.44013899379738536 __DUMMY__ 0.07130588690997076	false	0.5
abfallen	neg 1.0		off 0.48980771058733097 neg 0.43844413703393187 __DUMMY__ 0.07174815237873722	false	0.5
fucker	off 1.0		off 0.49250512690506654 neg 0.4365884500184837 __DUMMY__ 0.07090642307644966	false	1.0
ungezogen	neg 1.0		off 0.5005626689699039 neg 0.428893318234325 __DUMMY__ 0.07054401279577108	false	0.5
irrsinnig	neg 1.0	neg 1.0	neg 0.7058021397865046 off 0.2599403423751826 __DUMMY__ 0.03425751783831264	false	1.0
unfassbar	neg 1.0		off 0.4913351716453663 neg 0.43765277494519117 __DUMMY__ 0.07101205340944254	false	0.5
hart	neg 1.0		off 0.4900577756837225 neg 0.43867477236634506 __DUMMY__ 0.07126745194993232	false	0.5
widerlich	off 1.0		off 0.49174039397390534 neg 0.4373906014467301 __DUMMY__ 0.0708690045793647	false	1.0
fatal	neg 1.0		off 0.4883060825492498 neg 0.44033931675022336 __DUMMY__ 0.0713546007005268	false	0.5
bruch	neg 1.0		off 0.48001597819005 neg 0.4480320313670635 __DUMMY__ 0.07195199044288667	false	0.5
aushungern	neg 1.0		off 0.4839131390647304 neg 0.4447385601505728 __DUMMY__ 0.07134830078469685	false	0.5
anspannung	neg 1.0	neg 1.0	neg 0.7071667576003982 off 0.25769876264835045 __DUMMY__ 0.035134479751251356	false	1.0
von			off 0.4823919744690783 neg 0.4454030351948903 __DUMMY__ 0.0722049903360313	false	0.0
kraftlos	neg 1.0		off 0.4871731262076252 neg 0.44075099416293245 __DUMMY__ 0.07207587962944242	false	0.5
vom			off 0.47880795238929563 neg 0.4484077973108583 __DUMMY__ 0.07278425029984618	false	0.0
grenzdebil	off 1.0		off 0.4930979774506427 neg 0.4358258111424098 __DUMMY__ 0.07107621140694742	false	1.0
vor			off 0.48230063822443875 neg 0.44560935578104094 __DUMMY__ 0.07209000599452034	false	0.0
unterwerfen	neg 1.0		off 0.4826304276135838 neg 0.4456661557546632 __DUMMY__ 0.07170341663175293	false	0.5
versenkung	neg 1.0		off 0.4827440776880367 neg 0.44546672862070624 __DUMMY__ 0.07178919369125712	false	0.5
entziehen	neg 1.0		off 0.4802889425247902 neg 0.4477961406329926 __DUMMY__ 0.07191491684221715	false	0.5
finanzkrise	neg 1.0		off 0.48370874389866214 neg 0.44502362847665117 __DUMMY__ 0.07126762762468672	false	0.5
schimpfend	neg 1.0		off 0.48996704376965106 neg 0.43822076457794945 __DUMMY__ 0.07181219165239952	false	0.5
profan	neg 1.0		off 0.4894267556622648 neg 0.4392540826035212 __DUMMY__ 0.07131916173421392	false	0.5
korruption	neg 1.0		off 0.48165762130013584 neg 0.4470085149208554 __DUMMY__ 0.07133386377900876	false	0.5
â			off 0.4838737271190177 neg 0.4443064842505799 __DUMMY__ 0.07181978863040238	false	0.0
schmutzig	neg 1.0		off 0.4936373584767964 neg 0.4350750883257683 __DUMMY__ 0.07128755319743525	false	0.5
sexy	neg 1.0		off 0.4902272065725132 neg 0.4384396643404687 __DUMMY__ 0.07133312908701818	false	0.5
abraten	neg 1.0		off 0.48826109560624054 neg 0.44038950611345307 __DUMMY__ 0.0713493982803064	false	0.5
schwarz	neg 1.0		off 0.487435145365218 neg 0.44122752067906995 __DUMMY__ 0.07133733395571216	false	0.5
fotze	off 1.0		off 0.48223099479803383 neg 0.4461410144001966 __DUMMY__ 0.07162799080176954	false	1.0
verwirren	neg 1.0		off 0.4895546060541993 neg 0.43914462067475596 __DUMMY__ 0.0713007732710447	false	0.5
zahnlos	off 1.0		off 0.48346557123498307 neg 0.4450587562604188 __DUMMY__ 0.07147567250459806	false	1.0
verheeren	neg 1.0		off 0.5023471071633994 neg 0.42699695138378524 __DUMMY__ 0.07065594145281545	false	0.5
hippie	neg 1.0		off 0.489346039568687 neg 0.4393534011933063 __DUMMY__ 0.07130055923800677	false	0.5
rammen	neg 1.0		off 0.48853518179884287 neg 0.43985973735745304 __DUMMY__ 0.07160508084370405	false	0.5
unlauter	neg 1.0		off 0.48307791817344314 neg 0.4461128429331755 __DUMMY__ 0.07080923889338125	false	0.5
unheilvoll	neg 1.0		off 0.4907710830924884 neg 0.4375635275269319 __DUMMY__ 0.0716653893805797	false	0.5
niedrig	neg 1.0		off 0.48355254382936796 neg 0.44442931342399344 __DUMMY__ 0.07201814274663855	false	0.5
explosion	neg 1.0		off 0.4886473187134336 neg 0.4400590492347669 __DUMMY__ 0.07129363205179938	false	0.5
weichei	off 1.0		off 0.4972094849114788 neg 0.4321527856081629 __DUMMY__ 0.0706377294803584	false	1.0
minusmensch	off 1.0		off 0.49724953350764284 neg 0.4328832272490316 __DUMMY__ 0.06986723924332562	false	1.0
farblos	neg 1.0		off 0.4886007077275524 neg 0.43932300552232184 __DUMMY__ 0.07207628675012578	false	0.5
unwissend	neg 1.0	neg 1.0	neg 0.7039613354102401 off 0.26196232420655113 __DUMMY__ 0.03407634038320881	false	1.0
traurig	neg 1.0		off 0.49503299784938753 neg 0.43399848024206966 __DUMMY__ 0.07096852190854272	false	0.5
senkung	neg 1.0		off 0.48700967920872024 neg 0.4420425644597085 __DUMMY__ 0.07094775633157123	false	0.5
ungleich	neg 1.0	neg 1.0	neg 0.7089501593259897 off 0.25669352908218473 __DUMMY__ 0.03435631159182561	false	1.0
heikel	neg 1.0		off 0.48075672644754025 neg 0.44760350854140923 __DUMMY__ 0.07163976501105059	false	0.5
drosselung	neg 1.0		off 0.49266723449597893 neg 0.4362203267988444 __DUMMY__ 0.07111243870517665	false	0.5
falsch	neg 1.0		off 0.490911044333499 neg 0.4378209840495328 __DUMMY__ 0.07126797161696811	false	0.5
unzufriedenheit	neg 1.0		off 0.48063646171190033 neg 0.44760724682381986 __DUMMY__ 0.07175629146427982	false	0.5
kurz	neg 1.0		off 0.48677910496633564 neg 0.441315420214245 __DUMMY__ 0.07190547481941945	false	0.5
unsinnig	neg 1.0		off 0.4832408307080507 neg 0.4454396146954642 __DUMMY__ 0.07131955459648505	false	0.5
penner	off 1.0	off 1.0	off 0.7365044660376618 neg 0.2296515139725302 __DUMMY__ 0.03384401998980797	false	1.0
seicht	neg 1.0		off 0.498179335548205 neg 0.4316372477262398 __DUMMY__ 0.07018341672555542	false	0.5
dummheit	off 1.0	off 1.0	off 0.7306696586471986 neg 0.23515684899709607 __DUMMY__ 0.034173492355705416	false	1.0
unerfreulich	neg 1.0		off 0.4813119760919409 neg 0.446751483122899 __DUMMY__ 0.07193654078516022	false	0.5
motherfucker	off 1.0	off 1.0	off 0.7327095746245955 neg 0.23328714216180915 __DUMMY__ 0.03400328321359533	false	1.0
pikiert	neg 1.0		off 0.49051951361572094 neg 0.43857284381769496 __DUMMY__ 0.07090764256658419	false	0.5
wrack	neg 1.0		off 0.4838421095596031 neg 0.4442092840952086 __DUMMY__ 0.07194860634518817	false	0.5
gangster	neg 1.0		off 0.4892900694460597 neg 0.439336777769768 __DUMMY__ 0.0713731527841724	false	0.5
krank	neg 1.0		off 0.494510966849679 neg 0.43423443257196526 __DUMMY__ 0.07125460057835586	false	0.5
reich	neg 1.0		off 0.4883392910998492 neg 0.4408491866469624 __DUMMY__ 0.07081152225318835	false	0.5
gnadenlos	neg 1.0		off 0.48774472579863765 neg 0.4407468845480191 __DUMMY__ 0.07150838965334312	false	0.5
niedergeschlagen	neg 1.0		off 0.4874112285331055 neg 0.4406506911287353 __DUMMY__ 0.07193808033815924	false	0.5
terrorisieren	off 1.0	off 1.0	off 0.7281752141978197 neg 0.23730986361388356 __DUMMY__ 0.03451492218829665	false	1.0
sinnlosigkeit	neg 1.0		off 0.48406454869838594 neg 0.44439223364120695 __DUMMY__ 0.07154321766040711	false	0.5
behindern	neg 1.0		off 0.485138193675627 neg 0.44340908160938974 __DUMMY__ 0.07145272471498325	false	0.5
undemokratisch	neg 1.0		off 0.4847410508188355 neg 0.44421475073556843 __DUMMY__ 0.07104419844559594	false	0.5
wirtschaftskrise	neg 1.0		off 0.4820149798961922 neg 0.44648307611016913 __DUMMY__ 0.07150194399363874	false	0.5
neid	neg 1.0		off 0.4932330662904953 neg 0.4352449352160351 __DUMMY__ 0.07152199849346959	false	0.5
rutschen	neg 1.0		off 0.48290182562320355 neg 0.44455462379242855 __DUMMY__ 0.072543550584368	false	0.5
rezession	neg 1.0		off 0.4940699412461042 neg 0.43530237385003034 __DUMMY__ 0.07062768490386546	false	0.5
fehlgeburt	neg 1.0		off 0.4907772549534835 neg 0.4375040840104051 __DUMMY__ 0.07171866103611142	false	0.5
charakterschwach	off 1.0		off 0.49222604757660365 neg 0.4367413440744139 __DUMMY__ 0.0710326083489825	false	1.0
isolation	neg 1.0		off 0.4911659479391781 neg 0.43745608519455825 __DUMMY__ 0.07137796686626358	false	0.5
ablenkung	neg 1.0		off 0.4873172263247298 neg 0.441122020566457 __DUMMY__ 0.07156075310881316	false	0.5
pech	neg 1.0		off 0.4912602556471487 neg 0.43736290745505 __DUMMY__ 0.0713768368978012	false	0.5
vermeidung	neg 1.0		off 0.4914703450460467 neg 0.4376786045472124 __DUMMY__ 0.07085105040674089	false	0.5
dominieren	neg 1.0		off 0.4851803267748375 neg 0.4427708391809018 __DUMMY__ 0.0720488340442605	false	0.5
schwindlig	neg 1.0		off 0.49243191095269423 neg 0.4356812466361237 __DUMMY__ 0.071886842411182	false	0.5
lutscher	neg 1.0		off 0.49929628580315805 neg 0.4304924462978228 __DUMMY__ 0.07021126789901921	false	0.5
pflicht	neg 1.0		off 0.4807545674925281 neg 0.44756252543195313 __DUMMY__ 0.07168290707551875	false	0.5
faschist	off 1.0		off 0.48684849621856063 neg 0.44224756726859754 __DUMMY__ 0.07090393651284173	false	1.0
verschleudern	neg 1.0		off 0.47902820996796475 neg 0.4497994970014642 __DUMMY__ 0.07117229303057114	false	0.5
wenn			off 0.49104478929270523 neg 0.4377132751974415 __DUMMY__ 0.07124193550985329	false	0.0
ehebruch	neg 1.0		off 0.48309373124769267 neg 0.4452545108750372 __DUMMY__ 0.07165175787727014	false	0.5
spott	off 1.0		off 0.48151316398333366 neg 0.4469704656674407 __DUMMY__ 0.07151637034922563	false	1.0
trostlosigkeit	neg 1.0		off 0.48089725893383084 neg 0.44715708092731205 __DUMMY__ 0.07194566013885716	false	0.5
lutschen	neg 1.0		off 0.48833874276781064 neg 0.44043937471524286 __DUMMY__ 0.0712218825169466	false	0.5
undiszipliniert	neg 1.0		off 0.49472686985038006 neg 0.43417161302093643 __DUMMY__ 0.0711015171286835	false	0.5
kopfschmerz	neg 1.0		off 0.4874670284159073 neg 0.4405836463960881 __DUMMY__ 0.0719493251880047	false	0.5
unvorhergesehen	neg 1.0		off 0.48586854476633795 neg 0.44191589136005294 __DUMMY__ 0.07221556387360907	false	0.5
desinteressiert	neg 1.0		off 0.4932156920309711 neg 0.43589355676118874 __DUMMY__ 0.07089075120784011	false	0.5
armselig	off 1.0		off 0.49289477353258226 neg 0.4364800241062074 __DUMMY__ 0.07062520236121028	false	1.0
desaster	neg 1.0		off 0.47823935465961165 neg 0.4499675718312308 __DUMMY__ 0.07179307350915755	false	0.5
tod	neg 1.0		off 0.4852962513109152 neg 0.44269625824076286 __DUMMY__ 0.07200749044832205	false	0.5
herzlos	neg 1.0		off 0.49459683780070157 neg 0.4346129893209337 __DUMMY__ 0.0707901728783648	false	0.5
unwissenheit	neg 1.0		off 0.482293530950168 neg 0.4464016849971301 __DUMMY__ 0.0713047840527018	false	0.5
widersinnig	neg 1.0	neg 1.0	neg 0.7091777886689566 off 0.2567287149022373 __DUMMY__ 0.03409349642880608	false	1.0
bedenklich	neg 1.0		off 0.48216985080305036 neg 0.4462755295045571 __DUMMY__ 0.07155461969239252	false	0.5
beanstanden	neg 1.0		off 0.48024975813396525 neg 0.448012709117954 __DUMMY__ 0.0717375327480807	false	0.5
panisch	neg 1.0	neg 1.0	neg 0.7023461004462516 off 0.26306690261888405 __DUMMY__ 0.03458699693486442	false	1.0
debil	off 1.0		off 0.47671772985089805 neg 0.45105488669327354 __DUMMY__ 0.07222738345582835	false	1.0
abstrich	neg 1.0		off 0.48259350842598964 neg 0.445938937455245 __DUMMY__ 0.07146755411876542	false	0.5
primitiv	neg 1.0		off 0.4923403655478487 neg 0.436783139737317 __DUMMY__ 0.07087649471483422	false	0.5
abschaum	off 1.0	off 1.0	off 0.7318587611383457 neg 0.23402616216892883 __DUMMY__ 0.03411507669272542	false	1.0
provozieren	neg 1.0		off 0.4867230950303427 neg 0.44190328481252894 __DUMMY__ 0.0713736201571284	false	0.5
tot	neg 1.0		off 0.48126898805523505 neg 0.4472710598363584 __DUMMY__ 0.0714599521084065	false	0.5
instabil	neg 1.0		off 0.4898781992747111 neg 0.4396252978835731 __DUMMY__ 0.07049650284171585	false	0.5
schwuchtel	off 1.0		off 0.5036719472525334 neg 0.4263911842695606 __DUMMY__ 0.06993686847790606	false	1.0
zerren	neg 1.0		off 0.48742738988608403 neg 0.44063929332715673 __DUMMY__ 0.07193331678675925	false	0.5
kinderficker	off 1.0		off 0.4942844266076392 neg 0.4354015674999636 __DUMMY__ 0.07031400589239709	false	1.0
gefahr	neg 1.0		off 0.48186707740590684 neg 0.4462001039010915 __DUMMY__ 0.0719328186930017	false	0.5
rabiat	neg 1.0		off 0.48616056285071485 neg 0.44241891762629754 __DUMMY__ 0.0714205195229876	false	0.5
verlangsamung	neg 1.0		off 0.49830396487664347 neg 0.43111442277196255 __DUMMY__ 0.070581612351394	false	0.5
ausgestorben	neg 1.0		off 0.48722068355915205 neg 0.4410342414982227 __DUMMY__ 0.07174507494262512	false	0.5
anklagen	neg 1.0		off 0.4843016167408651 neg 0.44417005655309616 __DUMMY__ 0.07152832670603874	false	0.5
trott	neg 1.0		off 0.48645658601504277 neg 0.44190694083182536 __DUMMY__ 0.07163647315313179	false	0.5
verminderung	neg 1.0		off 0.4920075121891888 neg 0.4372265051053311 __DUMMY__ 0.07076598270548004	false	0.5
nach			off 0.4824218613661631 neg 0.44473481417781335 __DUMMY__ 0.07284332445602355	false	0.0
rost	neg 1.0		off 0.49757930202780354 neg 0.43168691515338936 __DUMMY__ 0.07073378281880713	false	0.5
destruktiv	neg 1.0		off 0.4838750415292694 neg 0.44497156810822236 __DUMMY__ 0.07115339036250815	false	0.5
unzumutbarkeit	neg 1.0		off 0.4914897601855992 neg 0.4372645659483584 __DUMMY__ 0.07124567386604248	false	0.5
labil	off 1.0	off 1.0	off 0.7318237592167781 neg 0.23405182359052765 __DUMMY__ 0.03412441719269411	false	1.0
ziemlich	neg 1.0		off 0.4930862075490703 neg 0.43570420130504905 __DUMMY__ 0.07120959114588062	false	0.5
lachnummer	off 1.0		off 0.48500204773386224 neg 0.4436901093878412 __DUMMY__ 0.07130784287829654	false	1.0
oder			off 0.48788834132031456 neg 0.44045637647427566 __DUMMY__ 0.07165528220540983	false	0.0
verfall	neg 1.0		off 0.4768961556650787 neg 0.4510302282083985 __DUMMY__ 0.0720736161265228	false	0.5
ausgrenzung	neg 1.0		off 0.4861438569185581 neg 0.4427486088436882 __DUMMY__ 0.0711075342377538	false	0.5
unordnung	neg 1.0		off 0.49221643896393025 neg 0.4366013534477477 __DUMMY__ 0.07118220758832208	false	0.5
fehlverhalten	neg 1.0		off 0.48108354661635294 neg 0.4472506371166131 __DUMMY__ 0.07166581626703392	false	0.5
eine			off 0.48156293566392466 neg 0.44655573335369164 __DUMMY__ 0.07188133098238365	false	0.0
nille	neg 1.0		off 0.48519039795863356 neg 0.44325111330948275 __DUMMY__ 0.07155848873188381	false	0.5
qual	neg 1.0		off 0.48614781473392515 neg 0.4422236605805621 __DUMMY__ 0.07162852468551265	false	0.5
verschwenden	neg 1.0		off 0.4831918864330316 neg 0.44520016108850713 __DUMMY__ 0.07160795247846119	false	0.5
riesig	neg 1.0	neg 1.0	neg 0.7061371763682166 off 0.2591850859028355 __DUMMY__ 0.034677737728947944	false	1.0
verurteilen	neg 1.0		off 0.483772955409103 neg 0.44467712331219933 __DUMMY__ 0.07154992127869766	false	0.5
klischee	neg 1.0	neg 1.0	neg 0.7050612017191936 off 0.2608469700362485 __DUMMY__ 0.034091828244557906	false	1.0
diktatorisch	neg 1.0		off 0.4848275815214344 neg 0.4442404901658616 __DUMMY__ 0.0709319283127039	false	0.5
vorhersehbar	neg 1.0	neg 1.0	neg 0.7049423635526376 off 0.2608756443689402 __DUMMY__ 0.03418199207842214	false	1.0
sowie			off 0.4960217918156132 neg 0.4333743970837298 __DUMMY__ 0.0706038111006571	false	0.0
stornieren	neg 1.0		off 0.49003491224650236 neg 0.43804340140365444 __DUMMY__ 0.07192168634984307	false	0.5
besteuerung	neg 1.0		off 0.4845137806026724 neg 0.44447301910143394 __DUMMY__ 0.0710132002958937	false	0.5
ungeschminkt	neg 1.0		off 0.49199420322845894 neg 0.437049956451107 __DUMMY__ 0.07095584032043405	false	0.5
kritisch	neg 1.0		off 0.4816866904657309 neg 0.44678600928697493 __DUMMY__ 0.07152730024729399	false	0.5
schlamperei	off 1.0		off 0.48024375530061963 neg 0.4482354914960654 __DUMMY__ 0.07152075320331491	false	1.0
sucht	neg 1.0	neg 1.0	neg 0.7050292955521832 off 0.26047176292970625 __DUMMY__ 0.03449894151811061	false	1.0
egoistisch	off 1.0		off 0.49740982155153973 neg 0.4318825107910254 __DUMMY__ 0.07070766765743493	false	1.0
ausbeuter	off 1.0		off 0.4799793079071011 neg 0.4485132005395587 __DUMMY__ 0.07150749155334007	false	1.0
arschgeburt	off 1.0		off 0.5032803889873299 neg 0.42687078653808 __DUMMY__ 0.06984882447459019	false	1.0
schubs	neg 1.0	neg 1.0	neg 0.7053560738643188 off 0.25997971001271225 __DUMMY__ 0.03466421612296893	false	1.0
unsolide	neg 1.0		off 0.48317860665851614 neg 0.44629412522102635 __DUMMY__ 0.07052726812045736	false	0.5
beschwerde	neg 1.0		off 0.4807856314927149 neg 0.44765539501229656 __DUMMY__ 0.07155897349498838	false	0.5
stocken	neg 1.0		off 0.4829947639145734 neg 0.4452130775167621 __DUMMY__ 0.07179215856866442	false	0.5
isolieren	neg 1.0		off 0.48370205465020344 neg 0.4446535938362083 __DUMMY__ 0.07164435151358833	false	0.5
unheilbar	neg 1.0		off 0.4891793817593878 neg 0.43899813103704693 __DUMMY__ 0.07182248720356532	false	0.5
pisser	off 1.0		off 0.49397256246453275 neg 0.4349507418116404 __DUMMY__ 0.07107669572382695	false	1.0
löschen	neg 1.0		off 0.4866810633615164 neg 0.44175134834913354 __DUMMY__ 0.07156758828935	false	0.5
durchfallen	neg 1.0		off 0.4826799703236059 neg 0.44593781131987076 __DUMMY__ 0.07138221835652343	false	0.5
wichser	off 1.0		off 0.5019180561743672 neg 0.4277028320555067 __DUMMY__ 0.07037911177012601	false	1.0
terror	neg 1.0		off 0.4903731145290932 neg 0.43810271542595514 __DUMMY__ 0.07152417004495157	false	0.5
krass	neg 1.0		off 0.49520185122032895 neg 0.4340337197788123 __DUMMY__ 0.0707644290008587	false	0.5
revolte	neg 1.0		off 0.48690992348231305 neg 0.44199619286391445 __DUMMY__ 0.07109388365377237	false	0.5
besorgt	neg 1.0		off 0.4869027237812752 neg 0.44106426244683933 __DUMMY__ 0.07203301377188552	false	0.5
nachlassen	neg 1.0		off 0.48293602287148346 neg 0.4452192138567911 __DUMMY__ 0.07184476327172547	false	0.5
alt	neg 1.0		off 0.4841360522100241 neg 0.4440768486308986 __DUMMY__ 0.0717870991590773	false	0.5
hundesohn	off 1.0		off 0.4986388391797971 neg 0.43114109588991184 __DUMMY__ 0.07022006493029094	false	1.0
als			off 0.48590012343711636 neg 0.4422784084147704 __DUMMY__ 0.07182146814811331	false	0.0
abschreckung	neg 1.0		off 0.4805462765240138 neg 0.4475541207366814 __DUMMY__ 0.07189960273930489	false	0.5
unqualifiziert	neg 1.0		off 0.48655931851653694 neg 0.4426939031225287 __DUMMY__ 0.07074677836093426	false	0.5
abgewichst	off 1.0		off 0.4848572411098898 neg 0.44350374186088615 __DUMMY__ 0.07163901702922407	false	1.0
schwer	neg 1.0		off 0.487186218268149 neg 0.4411823361924849 __DUMMY__ 0.07163144553936604	false	0.5
bedeutungslosigkeit	neg 1.0		off 0.48090199862944766 neg 0.44734347108402145 __DUMMY__ 0.07175453028653099	false	0.5
kapitulation	neg 1.0		off 0.48079753873051445 neg 0.4477905944603036 __DUMMY__ 0.0714118668091821	false	0.5
unscharf	neg 1.0		off 0.4886469952319268 neg 0.44008674160054045 __DUMMY__ 0.07126626316753279	false	0.5
schwinden	neg 1.0		off 0.4814511502206113 neg 0.44669065774088934 __DUMMY__ 0.07185819203849934	false	0.5
versklavung	neg 1.0		off 0.48500013744297155 neg 0.44396526899502337 __DUMMY__ 0.0710345935620051	false	0.5
schlecht	neg 1.0		off 0.49341267598168326 neg 0.43534020775965393 __DUMMY__ 0.07124711625866281	false	0.5
verhasst	neg 1.0		off 0.4871972852897022 neg 0.4414362394258194 __DUMMY__ 0.07136647528447855	false	0.5
beschweren	neg 1.0		off 0.48855364081582514 neg 0.4400427907580442 __DUMMY__ 0.07140356842613067	false	0.5
scheiden	neg 1.0		off 0.4892994933031168 neg 0.43881473327328463 __DUMMY__ 0.07188577342359845	false	0.5
frustriert	neg 1.0		off 0.4858164985294229 neg 0.44253569337871357 __DUMMY__ 0.07164780809186365	false	0.5
schimmelig	neg 1.0		off 0.48402420794875145 neg 0.44406445255567323 __DUMMY__ 0.07191133949557528	false	0.5
fisch	neg 1.0		off 0.48349133075002954 neg 0.44437759755324785 __DUMMY__ 0.07213107169672271	false	0.5
schmuggel	neg 1.0		off 0.4840518148290093 neg 0.44367563335468896 __DUMMY__ 0.07227255181630166	false	0.5
auffallen	neg 1.0		off 0.4893195946593427 neg 0.4393063959072087 __DUMMY__ 0.07137400943344845	false	0.5
konkurrenz	neg 1.0	neg 1.0	neg 0.7089448154689927 off 0.2564521470000572 __DUMMY__ 0.0346030375309501	false	1.0
teufelskreis	neg 1.0		off 0.48623235168530443 neg 0.4421720965067229 __DUMMY__ 0.07159555180797263	false	0.5
aufschreien	neg 1.0		off 0.4883910479250194 neg 0.4403656185345184 __DUMMY__ 0.07124333354046221	false	0.5
schuldner	neg 1.0		off 0.48131413852308297 neg 0.4468963895775313 __DUMMY__ 0.07178947189938585	false	0.5
missgeburt	off 1.0	off 1.0	off 0.7349525094902692 neg 0.2311528345247195 __DUMMY__ 0.033894655985011325	false	1.0
arbeitslos	neg 1.0		off 0.48316821244628466 neg 0.44542032155400413 __DUMMY__ 0.07141146599971124	false	0.5
befallen	neg 1.0		off 0.48512930652982955 neg 0.44324582064551266 __DUMMY__ 0.07162487282465776	false	0.5
miesepetrig	off 1.0	off 1.0	off 0.7334560061939799 neg 0.2323084241446077 __DUMMY__ 0.0342355696614124	false	1.0
alarmieren	neg 1.0		off 0.489839678405327 neg 0.4391243209771858 __DUMMY__ 0.07103600061748712	false	0.5
ungeduscht	off 1.0		off 0.49127256406316927 neg 0.43731456806894287 __DUMMY__ 0.07141286786788777	false	1.0
knappheit	neg 1.0		off 0.48097425610665123 neg 0.4476147045157297 __DUMMY__ 0.07141103937761906	false	0.5
schlange	neg 1.0		off 0.490574955799774 neg 0.4376659135877891 __DUMMY__ 0.0717591306124368	false	0.5
harsch	neg 1.0		off 0.49739482189429624 neg 0.4315748985841448 __DUMMY__ 0.0710302795215591	false	0.5
lang	neg 1.0		off 0.4873972771821421 neg 0.4410143956923767 __DUMMY__ 0.07158832712548127	false	0.5
ziellos	neg 1.0		off 0.48601748314501353 neg 0.44200364273445103 __DUMMY__ 0.07197887412053536	false	0.5
selbstverliebt	neg 1.0		off 0.50095973653648 neg 0.4290230370415266 __DUMMY__ 0.07001722642199344	false	0.5
beseitigen	neg 1.0		off 0.4854285267794307 neg 0.44302462967662326 __DUMMY__ 0.07154684354394601	false	0.5
dumm	off 1.0		off 0.4974626557529629 neg 0.4320457384439345 __DUMMY__ 0.07049160580310265	false	1.0
arbeitsloser	neg 1.0		off 0.4837352926091908 neg 0.4445531874042945 __DUMMY__ 0.0717115199865147	false	0.5
blitzen	neg 1.0		off 0.4898597110489345 neg 0.43879536977506345 __DUMMY__ 0.07134491917600203	false	0.5
hilflos	neg 1.0		off 0.4858432656093909 neg 0.44240723758190775 __DUMMY__ 0.0717494968087013	false	0.5
eklig	off 1.0		off 0.499116563031193 neg 0.4302744660800518 __DUMMY__ 0.07060897088875524	false	1.0
begriff			off 0.4842433149200279 neg 0.44435894918264685 __DUMMY__ 0.07139773589732534	false	0.0
hungersnot	neg 1.0		off 0.4855934402407405 neg 0.44264685666457143 __DUMMY__ 0.07175970309468793	false	0.5
ungesetzlich	neg 1.0		off 0.4842150737544499 neg 0.44510963905410345 __DUMMY__ 0.07067528719144664	false	0.5
verschwendung	neg 1.0		off 0.48236969081262454 neg 0.4458675343013779 __DUMMY__ 0.07176277488599749	false	0.5
schmerzvoll	neg 1.0		off 0.48897935277722465 neg 0.4395396196671208 __DUMMY__ 0.0714810275556545	false	0.5
vorzeitig	neg 1.0		off 0.49127573507516675 neg 0.4371490048013663 __DUMMY__ 0.07157526012346706	false	0.5
unvollkommenheit	neg 1.0		off 0.48786177702816497 neg 0.4398753565299418 __DUMMY__ 0.07226286644189328	false	0.5
intervenieren	neg 1.0		off 0.48009423643659754 neg 0.44844454388737276 __DUMMY__ 0.07146121967602964	false	0.5
banause	off 1.0		off 0.4995650961849188 neg 0.4302146067257366 __DUMMY__ 0.07022029708934467	false	1.0
rebell	neg 1.0		off 0.47912607591543777 neg 0.44891277531691615 __DUMMY__ 0.07196114876764616	false	0.5
unlogisch	neg 1.0		off 0.4943629191582542 neg 0.43481667653145417 __DUMMY__ 0.07082040431029173	false	0.5
leiden	neg 1.0		off 0.4855389526836005 neg 0.44206822731077766 __DUMMY__ 0.07239282000562194	false	0.5
abschaffung	neg 1.0		off 0.4844355828349752 neg 0.4445089320205054 __DUMMY__ 0.07105548514451944	false	0.5
sturz	neg 1.0		off 0.4878592986878647 neg 0.4404001591314186 __DUMMY__ 0.07174054218071672	false	0.5
verkleinerung	neg 1.0		off 0.4866418423846518 neg 0.4425252017801509 __DUMMY__ 0.07083295583519737	false	0.5
schmarotzer	off 1.0		off 0.4824844866976663 neg 0.44618946465701975 __DUMMY__ 0.07132604864531386	false	1.0
bestrafung	neg 1.0		off 0.4877457084953429 neg 0.4408665854320402 __DUMMY__ 0.07138770607261694	false	0.5
achtlos	neg 1.0		off 0.4879287526464384 neg 0.44030454775192107 __DUMMY__ 0.07176669960164045	false	0.5
ungeheuer	neg 1.0		off 0.49000027643180344 neg 0.4386411712092917 __DUMMY__ 0.0713585523589048	false	0.5
unaufrichtig	neg 1.0		off 0.487602006730315 neg 0.44123095002375895 __DUMMY__ 0.071167043245926	false	0.5
groggy	neg 1.0		off 0.48867745325724893 neg 0.44006109032741664 __DUMMY__ 0.07126145641533432	false	0.5
verletzlich	neg 1.0		off 0.49382325707084257 neg 0.4351421602077855 __DUMMY__ 0.07103458272137195	false	0.5
