unsolidarisch	neg 1.0		__DUMMY__ 0.9313741927695756 neg 0.03482333696642233 off 0.0338024702640022	false	1.0
nachteilig	neg 1.0		__DUMMY__ 0.9374881496128116 neg 0.032035759819974786 off 0.030476090567213565	false	1.0
skeptisch	neg 1.0		__DUMMY__ 0.9377626190559548 neg 0.032224001058152034 off 0.030013379885893227	false	1.0
schrecklich	neg 1.0		__DUMMY__ 0.9318335718850005 off 0.04043945440928327 neg 0.02772697370571634	false	0.5
schlapp	neg 1.0		__DUMMY__ 0.9355124184843008 off 0.03675206051707147 neg 0.027735520998627788	false	0.5
abfall	neg 1.0		__DUMMY__ 0.9402050415138753 neg 0.03179197006927026 off 0.028002988416854464	false	1.0
widerspenstig	neg 1.0		__DUMMY__ 0.9372416650104011 off 0.03317726826683631 neg 0.029581066722762655	false	0.5
abrupt	neg 1.0		__DUMMY__ 0.9404121271740955 off 0.029881923876149616 neg 0.02970594894975486	false	0.5
unwirksam	neg 1.0		__DUMMY__ 0.9326941844227609 neg 0.03399376491377681 off 0.03331205066346223	false	1.0
angreifen	neg 1.0	neg 1.0	neg 0.4989846849577221 __DUMMY__ 0.4734190367257922 off 0.02759627831648574	false	1.0
inkonsistent	neg 1.0		__DUMMY__ 0.9360721636261187 off 0.03373243897494886 neg 0.030195397398932452	false	0.5
abrutschen	neg 1.0		__DUMMY__ 0.9399255421682833 neg 0.03180277701687277 off 0.02827168081484384	false	1.0
unsicher	neg 1.0		__DUMMY__ 0.9373728531913563 off 0.033611023130835686 neg 0.029016123677807943	false	0.5
bauernkind	off 1.0	off 1.0	off 0.506384743335094 __DUMMY__ 0.46603039580156175 neg 0.027584860863344274	false	1.0
angreifer	neg 1.0		__DUMMY__ 0.9376381929317792 off 0.03449686667738174 neg 0.027864940390839064	false	0.5
trennen	neg 1.0		__DUMMY__ 0.9412421439047003 off 0.030348095336844495 neg 0.028409760758455145	false	0.5
schmutz	neg 1.0		__DUMMY__ 0.942550197890402 off 0.034257022947770326 neg 0.02319277916182771	false	0.5
inkonsistenz	neg 1.0		__DUMMY__ 0.9314068379320091 off 0.03671742922650468 neg 0.03187573284148623	false	0.5
erschreckend	neg 1.0		__DUMMY__ 0.9358549607102364 off 0.032904939341838836 neg 0.031240099947924732	false	0.5
ertrinken	neg 1.0		__DUMMY__ 0.9402989540279004 off 0.03097921201507038 neg 0.028721833957029194	false	0.5
pickelface	off 1.0		__DUMMY__ 0.9367142244980061 off 0.03196136397090166 neg 0.03132441153109224	false	1.0
seiner			__DUMMY__ 0.9394671406269767 neg 0.03027852777128658 off 0.03025433160173678	false	0.0
lauch	neg 1.0		__DUMMY__ 0.9380806247780289 neg 0.033855828749105324 off 0.028063546472865766	false	1.0
unwichtig	neg 1.0		__DUMMY__ 0.9335394073283632 off 0.037070435674560885 neg 0.02939015699707593	false	0.5
steuerhinterziehung	neg 1.0		__DUMMY__ 0.9350254509979382 neg 0.032521323331606365 off 0.03245322567045538	false	1.0
schock	neg 1.0		__DUMMY__ 0.9397811816824905 off 0.03277314951760595 neg 0.02744566879990357	false	0.5
beule	neg 1.0		__DUMMY__ 0.936074348735718 off 0.036855096098883176 neg 0.02707055516539868	false	0.5
vergelten	neg 1.0		__DUMMY__ 0.9358620059398061 off 0.03956712148633682 neg 0.024570872573857136	false	0.5
verdorbenheit	neg 1.0		__DUMMY__ 0.9372676937683077 off 0.032606031860858614 neg 0.03012627437083371	false	0.5
trauma	neg 1.0		__DUMMY__ 0.9359158092819826 off 0.034210363315443186 neg 0.029873827402574233	false	0.5
sinnlos	neg 1.0		__DUMMY__ 0.9362704502259526 off 0.035246179838431965 neg 0.028483369935615503	false	0.5
fettsack	off 1.0	off 1.0	off 0.5076603413298852 __DUMMY__ 0.467398558351059 neg 0.024941100319055755	false	1.0
feige	off 1.0	off 1.0	off 0.5043537259918529 __DUMMY__ 0.4683430165399608 neg 0.0273032574681862	false	1.0
abdanken	neg 1.0		__DUMMY__ 0.9353484910022579 off 0.0332698798761646 neg 0.03138162912157755	false	0.5
wichtigtuer	off 1.0	off 1.0	off 0.5023183290653633 __DUMMY__ 0.4698691512531162 neg 0.027812519681520532	false	1.0
misslingen	neg 1.0		__DUMMY__ 0.9406890206140576 off 0.03378541110733687 neg 0.02552556827860551	false	0.5
untreu	off 1.0		__DUMMY__ 0.933095310067452 off 0.03794184848034207 neg 0.028962841452205883	false	1.0
missmutig	neg 1.0		__DUMMY__ 0.9347264731963051 off 0.03695197081398409 neg 0.028321555989710753	false	0.5
hurenbock	off 1.0		__DUMMY__ 0.9370733875721065 off 0.034118566365524704 neg 0.02880804606236884	false	1.0
betrunken	neg 1.0		__DUMMY__ 0.9355197441599044 off 0.038645456621273055 neg 0.025834799218822674	false	0.5
korrupt	off 1.0		__DUMMY__ 0.9333402293775644 neg 0.03453698437083561 off 0.03212278625160002	false	0.5
unmut	neg 1.0		__DUMMY__ 0.9392155855294573 neg 0.03253215771095114 off 0.028252256759591626	false	1.0
hackfresse	off 1.0		__DUMMY__ 0.9291723620020022 off 0.0429540705443494 neg 0.027873567453648405	false	1.0
aufblasen	neg 1.0		__DUMMY__ 0.9378725244211279 off 0.034282911292806535 neg 0.02784456428606557	false	0.5
gewaltsam	neg 1.0		__DUMMY__ 0.937359627781282 off 0.03286219364198907 neg 0.02977817857672894	false	0.5
unbeliebtheit	neg 1.0		__DUMMY__ 0.9278148558372941 off 0.036964237420026164 neg 0.035220906742679824	false	0.5
sturheit	neg 1.0		__DUMMY__ 0.9356990310227699 off 0.03303492537039666 neg 0.031266043606833535	false	0.5
kuh	neg 1.0		__DUMMY__ 0.9347558873620186 off 0.03334119715806293 neg 0.03190291547991852	false	0.5
erschrecken	neg 1.0		__DUMMY__ 0.9353132988147572 off 0.03646117022265264 neg 0.028225530962590038	false	0.5
opfer	neg 1.0		__DUMMY__ 0.9391831829037547 off 0.03117439053700328 neg 0.02964242655924204	false	0.5
sinken	neg 1.0		__DUMMY__ 0.939181875685963 neg 0.03235942268129904 off 0.028458701632737952	false	1.0
stinktier	neg 1.0		__DUMMY__ 0.9307866046725088 off 0.04078240203922615 neg 0.028430993288264927	false	0.5
tucke	off 1.0		__DUMMY__ 0.926046677367324 off 0.04321762248250855 neg 0.030735700150167387	false	1.0
ein			__DUMMY__ 0.9372331875323716 off 0.03372505457090117 neg 0.02904175789672725	false	0.0
abstieg	neg 1.0		__DUMMY__ 0.9414899343251588 off 0.03045000792443181 neg 0.02806005775040935	false	0.5
missverstehen	neg 1.0		__DUMMY__ 0.9339118352405703 off 0.03553961167665909 neg 0.030548553082770543	false	0.5
ergebnislos	neg 1.0		__DUMMY__ 0.9380155776421959 neg 0.03152881433153078 off 0.030455608026273347	false	1.0
unter			__DUMMY__ 0.9452123373143596 neg 0.030096242810203847 off 0.02469141987543651	false	0.0
manipulieren	neg 1.0		__DUMMY__ 0.9383313407650138 neg 0.03152573103919724 off 0.030142928195788964	false	1.0
unbewiesen	neg 1.0		__DUMMY__ 0.9311468106782268 neg 0.034778017238046896 off 0.0340751720837263	false	1.0
verschleppen	neg 1.0		__DUMMY__ 0.9379064435465196 off 0.0317075509591622 neg 0.030386005494318188	false	0.5
weib	off 1.0		__DUMMY__ 0.9295122115977189 off 0.04293919367029401 neg 0.027548594731987078	false	1.0
opposition	neg 1.0		__DUMMY__ 0.9345387108486464 off 0.03458031289308969 neg 0.030880976258263873	false	0.5
verkehrswidrig	neg 1.0	neg 1.0	neg 0.4904355687779404 __DUMMY__ 0.4739656910339404 off 0.03559874018811928	false	1.0
inkorrekt	neg 1.0		__DUMMY__ 0.9299378809682534 off 0.039067898517169346 neg 0.030994220514577304	false	0.5
vermeiden	neg 1.0		__DUMMY__ 0.942492332663064 neg 0.031192617227789373 off 0.02631505010914665	false	1.0
abweichung	neg 1.0		__DUMMY__ 0.9367870769579616 neg 0.0325329699327662 off 0.030679953109272275	false	1.0
alkoholisiert	neg 1.0		__DUMMY__ 0.944182471424178 off 0.02918748581289715 neg 0.026630042762924903	false	0.5
scheiss	off 1.0	off 1.0	off 0.5036993743168151 __DUMMY__ 0.47090531117444745 neg 0.025395314508737478	false	1.0
herausforderung	neg 1.0	neg 1.0	neg 0.4939129356783767 __DUMMY__ 0.4789229836741547 off 0.027164080647468652	false	1.0
pervers	off 1.0		__DUMMY__ 0.9283316757139249 off 0.045272379674209634 neg 0.026395944611865382	false	1.0
wackelig	neg 1.0		__DUMMY__ 0.9408839191187003 off 0.0312929155252384 neg 0.0278231653560614	false	0.5
verwickeln	neg 1.0		__DUMMY__ 0.9338698135646751 off 0.03551243164306267 neg 0.030617754792262208	false	0.5
vorwand	neg 1.0		__DUMMY__ 0.9388647002911282 neg 0.03162356161645342 off 0.029511738092418256	false	1.0
muschi	off 1.0		__DUMMY__ 0.936409980605902 off 0.03237119595277183 neg 0.031218823441326125	false	1.0
entmutigung	neg 1.0		__DUMMY__ 0.9339017589285808 off 0.034901345781260446 neg 0.031196895290158715	false	0.5
unangemessen	neg 1.0		__DUMMY__ 0.9355493373161682 off 0.03235958256766387 neg 0.03209108011616798	false	0.5
unstetig	neg 1.0		__DUMMY__ 0.9374860698371847 off 0.033745765945451166 neg 0.028768164217364122	false	0.5
entmutigen	neg 1.0		__DUMMY__ 0.9353538135750616 off 0.03451618623900491 neg 0.03013000018593347	false	0.5
schwanz	neg 1.0		__DUMMY__ 0.9387226334964299 neg 0.03145566239047684 off 0.029821704113093307	false	1.0
verbot	neg 1.0		__DUMMY__ 0.9353292072282852 neg 0.03280353383257834 off 0.03186725893913646	false	1.0
leid	neg 1.0		__DUMMY__ 0.9321901548007068 off 0.041153938688791726 neg 0.026655906510501537	false	0.5
archaisch	neg 1.0		__DUMMY__ 0.9371668121951982 off 0.03203662133473377 neg 0.030796566470067992	false	0.5
gegen			__DUMMY__ 0.9404342878360461 neg 0.03039947141789503 off 0.0291662407460589	false	0.0
scheidung	neg 1.0		__DUMMY__ 0.9273457153667163 off 0.048125945996801624 neg 0.024528338636482152	false	0.5
einschlag	neg 1.0	neg 1.0	neg 0.494820776658897 __DUMMY__ 0.4694307624604402 off 0.03574846088066276	false	1.0
m			__DUMMY__ 0.9384343018634763 off 0.031684428758644204 neg 0.029881269377879497	false	0.0
abgestanden	neg 1.0		__DUMMY__ 0.9386829005136477 off 0.033184334224371344 neg 0.028132765261981035	false	0.5
schmierig	off 1.0		__DUMMY__ 0.9325585033851781 off 0.04082514055623488 neg 0.02661635605858702	false	1.0
unpraktisch	neg 1.0		__DUMMY__ 0.9383243776237018 off 0.03380195510394136 neg 0.02787366727235688	false	0.5
wixxer	off 1.0		__DUMMY__ 0.92727189305506 off 0.045114065207789496 neg 0.027614041737150603	false	1.0
bezeichnet			__DUMMY__ 0.9356642030187906 off 0.03332890004477774 neg 0.031006896936431685	false	0.0
jammerlappen	off 1.0		__DUMMY__ 0.933829107412421 off 0.03717904860390979 neg 0.02899184398366922	false	1.0
farce	neg 1.0		__DUMMY__ 0.9341624131461344 neg 0.03344061667609706 off 0.03239697017776863	false	1.0
zwecklos	neg 1.0		__DUMMY__ 0.9362752153738634 off 0.03228345482711114 neg 0.031441329799025426	false	0.5
turbulent	neg 1.0		__DUMMY__ 0.9325718036483981 off 0.03733932436135973 neg 0.030088871990242187	false	0.5
invasion	neg 1.0		__DUMMY__ 0.9358658170100016 off 0.035237816539939716 neg 0.028896366450058667	false	0.5
schuld	neg 1.0		__DUMMY__ 0.9358172518188139 off 0.03429656232058886 neg 0.029886185860597186	false	0.5
risiko	neg 1.0		__DUMMY__ 0.9375138276600283 off 0.03361744020360431 neg 0.028868732136367384	false	0.5
finster	neg 1.0		__DUMMY__ 0.9374707531346166 off 0.033552627502262 neg 0.028976619363121427	false	0.5
geisteskrank	off 1.0		__DUMMY__ 0.9319624275855711 off 0.038530780764337455 neg 0.029506791650091412	false	1.0
zusammenbrechen	neg 1.0		__DUMMY__ 0.938172676416142 off 0.03253711857633769 neg 0.029290205007520363	false	0.5
ausbeute	neg 1.0		__DUMMY__ 0.9404070950286567 neg 0.030085526196591012 off 0.029507378774752225	false	1.0
hinterhalt	neg 1.0		__DUMMY__ 0.9378505359995062 off 0.03178359956505977 neg 0.030365864435433976	false	0.5
kritik	neg 1.0		__DUMMY__ 0.9348111983632897 neg 0.032889901261378834 off 0.0322989003753314	false	1.0
einschrumpfen	neg 1.0		__DUMMY__ 0.9317590752775408 off 0.035741295870904764 neg 0.03249962885155448	false	0.5
riskant	neg 1.0		__DUMMY__ 0.9375078574442813 neg 0.03145690512074298 off 0.031035237434975722	false	1.0
frustrieren	neg 1.0		__DUMMY__ 0.9376539205965886 neg 0.031240059659360348 off 0.03110601974405113	false	1.0
groll	neg 1.0		__DUMMY__ 0.9374651313214052 off 0.03206410088219835 neg 0.03047076779639647	false	0.5
gibt			__DUMMY__ 0.9365185523361543 off 0.032375176714894864 neg 0.03110627094895085	false	0.0
qualvoll	neg 1.0		__DUMMY__ 0.9368307101427307 off 0.03581334513623447 neg 0.027355944721034895	false	0.5
wackeln	neg 1.0	neg 1.0	neg 0.49442164934290783 __DUMMY__ 0.4747930385428841 off 0.030785312114208083	false	1.0
klagen	neg 1.0		__DUMMY__ 0.9387636861403591 neg 0.032661103874652736 off 0.028575209984988203	false	1.0
bankrott	neg 1.0		__DUMMY__ 0.9351724801846504 off 0.03611994083199527 neg 0.028707578983354326	false	0.5
trauern	neg 1.0		__DUMMY__ 0.9399514254040421 off 0.030931408953408998 neg 0.029117165642548938	false	0.5
ablehnung	neg 1.0		__DUMMY__ 0.9347616124404551 neg 0.03285401390748154 off 0.032384373652063383	false	1.0
stur	neg 1.0		__DUMMY__ 0.9351154458012253 off 0.034728717838116395 neg 0.03015583636065833	false	0.5
aufruhr	neg 1.0		__DUMMY__ 0.9378600625030727 off 0.03288731539360185 neg 0.029252622103325392	false	0.5
melancholie	neg 1.0		__DUMMY__ 0.9394961704525983 off 0.031242835804472683 neg 0.02926099374292906	false	0.5
ist			__DUMMY__ 0.9354331786954114 off 0.034817945969742255 neg 0.029748875334846263	false	0.0
torheit	neg 1.0		__DUMMY__ 0.9345901229504913 off 0.034331370782921915 neg 0.03107850626658684	false	0.5
dreckskind	off 1.0		__DUMMY__ 0.9300862826555547 off 0.04186591755215814 neg 0.028047799792287123	false	1.0
umtauschen	neg 1.0		__DUMMY__ 0.9375712063998094 off 0.03261265154042002 neg 0.02981614205977063	false	0.5
zum			__DUMMY__ 0.9449274177963523 neg 0.02878825120913378 off 0.026284330994514025	false	0.0
zersetzen	neg 1.0		__DUMMY__ 0.9373380277393975 neg 0.03262545404907462 off 0.030036518211527953	false	1.0
zur			__DUMMY__ 0.942243655521912 neg 0.03162056123960559 off 0.02613578323848234	false	0.0
frust	neg 1.0		__DUMMY__ 0.937823651792021 off 0.03248876404417739 neg 0.02968758416380161	false	0.5
unerbittlichkeit	neg 1.0		__DUMMY__ 0.9374565614044323 neg 0.032429150850383004 off 0.03011428774518469	false	1.0
zwei			__DUMMY__ 0.9430225207916232 neg 0.02907699209380553 off 0.02790048711457129	false	0.0
unkorrekt	neg 1.0		__DUMMY__ 0.9292030547282387 off 0.039346614555904165 neg 0.03145033071585716	false	0.5
hexe	off 1.0		__DUMMY__ 0.9327671823229017 off 0.03726136209558094 neg 0.029971455581517276	false	1.0
lasch	neg 1.0		__DUMMY__ 0.9321088389396535 off 0.03642312097321189 neg 0.031468040087134636	false	0.5
rivale	neg 1.0		__DUMMY__ 0.93460190268975 off 0.03893797371304017 neg 0.02646012359720985	false	0.5
mutlos	off 1.0	off 1.0	off 0.49834883619308024 __DUMMY__ 0.4714814070204731 neg 0.030169756786446705	false	1.0
wirr	off 1.0		__DUMMY__ 0.9297966009733177 off 0.03943054839626017 neg 0.030772850630422104	false	1.0
jahr			__DUMMY__ 0.9414313087021587 neg 0.029421431979180207 off 0.029147259318661013	false	0.0
wird			__DUMMY__ 0.937754227219054 off 0.03121454154912838 neg 0.031031231231817568	false	0.0
strafbar	neg 1.0		__DUMMY__ 0.9367920856890283 neg 0.032008631654941805 off 0.031199282656029864	false	1.0
erosion	neg 1.0		__DUMMY__ 0.9377466864653413 off 0.033749182705684104 neg 0.028504130828974572	false	0.5
eingehen	neg 1.0		__DUMMY__ 0.9356630638853383 neg 0.032500133195489424 off 0.03183680291917228	false	1.0
faul	off 1.0		__DUMMY__ 0.9362063370333845 off 0.03613846774744582 neg 0.02765519521916973	false	1.0
provisorium	neg 1.0		__DUMMY__ 0.9441919906898679 neg 0.03142220317949864 off 0.02438580613063349	false	1.0
schmerzen	neg 1.0		__DUMMY__ 0.9375741794661385 off 0.032912124504561324 neg 0.029513696029300155	false	0.5
schrumpfen	neg 1.0		__DUMMY__ 0.9399342825563862 neg 0.03351421713200347 off 0.026551500311610368	false	1.0
geistlos	off 1.0		__DUMMY__ 0.9311567785313112 off 0.03581146803934329 neg 0.03303175342934554	false	1.0
fehlkauf	neg 1.0		__DUMMY__ 0.9352133933510337 off 0.03477328500028724 neg 0.030013321648678995	false	0.5
frustrierend	neg 1.0		__DUMMY__ 0.9356863101990692 off 0.0364169043717095 neg 0.027896785429221346	false	0.5
unzufrieden	neg 1.0		__DUMMY__ 0.9359480437392808 off 0.03221628554802558 neg 0.031835670712693664	false	0.5
verzweifeln	neg 1.0		__DUMMY__ 0.9368179041455318 off 0.03327057658947358 neg 0.029911519264994624	false	0.5
verzweifelt	neg 1.0		__DUMMY__ 0.935318822082398 off 0.03475768978786005 neg 0.02992348812974195	false	0.5
misstrauensantrag	neg 1.0		__DUMMY__ 0.9350145647876456 off 0.03501148320235673 neg 0.029973952009997782	false	0.5
abfallen	neg 1.0		__DUMMY__ 0.9382239403004665 off 0.03402215060254709 neg 0.02775390909698643	false	0.5
fucker	off 1.0		__DUMMY__ 0.9317833759314852 off 0.03886698018035481 neg 0.029349643888159943	false	1.0
ungezogen	neg 1.0		__DUMMY__ 0.9297768800051767 off 0.04393830182131103 neg 0.026284818173512293	false	0.5
irrsinnig	neg 1.0	neg 1.0	neg 0.4980868757329302 __DUMMY__ 0.4705143107623057 off 0.03139881350476406	false	1.0
unfassbar	neg 1.0		__DUMMY__ 0.9327029694762877 off 0.03765837801696232 neg 0.029638652506749956	false	0.5
hart	neg 1.0		__DUMMY__ 0.9352383528719569 off 0.03576165032394519 neg 0.028999996804098	false	0.5
widerlich	off 1.0		__DUMMY__ 0.9317808060050917 off 0.038387179774420695 neg 0.029832014220487563	false	1.0
fatal	neg 1.0		__DUMMY__ 0.9350766777289032 off 0.035051176835707694 neg 0.02987214543538917	false	0.5
bruch	neg 1.0		__DUMMY__ 0.9395083720337751 neg 0.031702137878774315 off 0.028789490087450617	false	1.0
aushungern	neg 1.0		__DUMMY__ 0.9351479187537483 off 0.033155061416488836 neg 0.0316970198297629	false	0.5
anspannung	neg 1.0	neg 1.0	neg 0.4942411676233053 __DUMMY__ 0.481475980316677 off 0.024282852060017637	false	1.0
von			__DUMMY__ 0.941565829407564 neg 0.02973163044256073 off 0.028702540149875395	false	0.0
kraftlos	neg 1.0		__DUMMY__ 0.9404292976803199 off 0.03184442815706938 neg 0.027726274162610712	false	0.5
vom			__DUMMY__ 0.9455690911571306 neg 0.029708081282916986 off 0.024722827559952393	false	0.0
grenzdebil	off 1.0		__DUMMY__ 0.9332769951765181 off 0.03831675305891402 neg 0.028406251764567923	false	1.0
vor			__DUMMY__ 0.9402239226643949 neg 0.03035355177888882 off 0.02942252555671626	false	0.0
unterwerfen	neg 1.0		__DUMMY__ 0.9377868731226743 neg 0.031276707001950114 off 0.030936419875375674	false	1.0
versenkung	neg 1.0		__DUMMY__ 0.9380629585800901 neg 0.031087381578734297 off 0.030849659841175516	false	1.0
entziehen	neg 1.0		__DUMMY__ 0.9391320724789488 neg 0.03183569389310647 off 0.02903223362794464	false	1.0
finanzkrise	neg 1.0		__DUMMY__ 0.9347388175220789 off 0.032842643056291615 neg 0.032418539421629554	false	0.5
schimpfend	neg 1.0		__DUMMY__ 0.9389568597734449 off 0.033697706981624234 neg 0.027345433244930977	false	0.5
profan	neg 1.0		__DUMMY__ 0.9349339966888911 off 0.035583830200064365 neg 0.02948217311104451	false	0.5
korruption	neg 1.0		__DUMMY__ 0.935118662582068 neg 0.03313650327960019 off 0.0317448341383318	false	1.0
â			__DUMMY__ 0.9384883272878638 off 0.030894208958753704 neg 0.030617463753382562	false	0.0
schmutzig	neg 1.0		__DUMMY__ 0.9348188391951155 off 0.0378598777198622 neg 0.027321283085022324	false	0.5
sexy	neg 1.0		__DUMMY__ 0.9349497381342191 off 0.03606408379312414 neg 0.02898617807265674	false	0.5
abraten	neg 1.0		__DUMMY__ 0.9352121583095285 off 0.03477092107251831 neg 0.030016920617953222	false	0.5
schwarz	neg 1.0		__DUMMY__ 0.934974491894371 off 0.034576824118959286 neg 0.030448683986669667	false	0.5
fotze	off 1.0		__DUMMY__ 0.9372647303706375 neg 0.031991262789645245 off 0.03074400683971724	false	0.5
verwirren	neg 1.0		__DUMMY__ 0.9347174412800465 off 0.03581360142470718 neg 0.029468957295246276	false	0.5
zahnlos	off 1.0		__DUMMY__ 0.9358849430703877 off 0.0322398292580294 neg 0.031875227671582795	false	1.0
verheeren	neg 1.0		__DUMMY__ 0.9305426083671031 off 0.04490169402920488 neg 0.02455569760369202	false	0.5
hippie	neg 1.0		__DUMMY__ 0.9346550628301116 off 0.03577958460825818 neg 0.029565352561630252	false	0.5
rammen	neg 1.0		__DUMMY__ 0.9375756843997071 off 0.033563680899738275 neg 0.02886063470055466	false	0.5
unlauter	neg 1.0		__DUMMY__ 0.9314153581032327 neg 0.0345708132348379 off 0.034013828661929396	false	1.0
unheilvoll	neg 1.0		__DUMMY__ 0.9378372292341994 off 0.03482605037702637 neg 0.0273367203887742	false	0.5
niedrig	neg 1.0		__DUMMY__ 0.9405003428170077 off 0.029917052726607333 neg 0.029582604456385095	false	0.5
explosion	neg 1.0		__DUMMY__ 0.9348076436248215 off 0.035260641928484736 neg 0.029931714446693788	false	0.5
weichei	off 1.0		__DUMMY__ 0.9303067621091987 off 0.04178275970429129 neg 0.027910478186509914	false	1.0
minusmensch	off 1.0		__DUMMY__ 0.9244597904932522 off 0.04514520403388077 neg 0.030395005472867123	false	1.0
farblos	neg 1.0		__DUMMY__ 0.9413467274169368 off 0.032063919249918804 neg 0.02658935333314437	false	0.5
unwissend	neg 1.0	neg 1.0	neg 0.49739651144291863 __DUMMY__ 0.46848699363010654 off 0.03411649492697492	false	1.0
traurig	neg 1.0		__DUMMY__ 0.9325463867319591 off 0.039692097071890385 neg 0.027761516196150516	false	0.5
senkung	neg 1.0		__DUMMY__ 0.9324433234037767 off 0.035410159810253465 neg 0.03214651678596987	false	0.5
ungleich	neg 1.0	neg 1.0	neg 0.5001371878793059 __DUMMY__ 0.4718695712614747 off 0.027993240859219233	false	1.0
heikel	neg 1.0		__DUMMY__ 0.9371364139878589 neg 0.03275092705321768 off 0.030112658958923483	false	1.0
drosselung	neg 1.0		__DUMMY__ 0.9338202969216634 off 0.03776606329142176 neg 0.028413639786914923	false	0.5
falsch	neg 1.0		__DUMMY__ 0.9346770952107837 off 0.03655743299120774 neg 0.02876547179800852	false	0.5
unzufriedenheit	neg 1.0		__DUMMY__ 0.9379545348657629 neg 0.03225267467898363 off 0.02979279045525346	false	1.0
kurz	neg 1.0		__DUMMY__ 0.939142694188687 off 0.032061545406956334 neg 0.028795760404356573	false	0.5
unsinnig	neg 1.0		__DUMMY__ 0.9348103954978684 neg 0.032627723154541516 off 0.03256188134759016	false	1.0
penner	off 1.0	off 1.0	off 0.509537885008799 __DUMMY__ 0.46571979193100216 neg 0.024742323060198832	false	1.0
seicht	neg 1.0		__DUMMY__ 0.9269345518662955 off 0.04422458979411726 neg 0.028840858339587216	false	0.5
dummheit	off 1.0	off 1.0	off 0.502543284012311 __DUMMY__ 0.46962203699291316 neg 0.027834678994775916	false	1.0
unerfreulich	neg 1.0		__DUMMY__ 0.9393666718724026 neg 0.03137210170205263 off 0.029261226425544767	false	1.0
motherfucker	off 1.0	off 1.0	off 0.5054715529252456 __DUMMY__ 0.46741328197395615 neg 0.027115165100798245	false	1.0
pikiert	neg 1.0		__DUMMY__ 0.9320520170638683 off 0.03759963192372838 neg 0.030348351012403327	false	0.5
wrack	neg 1.0		__DUMMY__ 0.9400544123773538 off 0.030087310441528056 neg 0.029858277181118224	false	0.5
gangster	neg 1.0		__DUMMY__ 0.9352557250034549 off 0.03541181728208756 neg 0.0293324577144576	false	0.5
krank	neg 1.0		__DUMMY__ 0.9347601376403339 off 0.03823888668742433 neg 0.027000975672241762	false	0.5
reich	neg 1.0		__DUMMY__ 0.9317066337507075 off 0.03654356580338952 neg 0.031749800445903024	false	0.5
gnadenlos	neg 1.0		__DUMMY__ 0.9360977314094854 off 0.03431826562689414 neg 0.029584002963620418	false	0.5
niedergeschlagen	neg 1.0		__DUMMY__ 0.9394286850531166 off 0.03244381381869171 neg 0.02812750112819171	false	0.5
terrorisieren	off 1.0	off 1.0	off 0.4985458251590546 __DUMMY__ 0.47374841389908495 neg 0.02770576094186042	false	1.0
sinnlosigkeit	neg 1.0		__DUMMY__ 0.936376115271704 off 0.032247173027052205 neg 0.03137671170124376	false	0.5
behindern	neg 1.0		__DUMMY__ 0.9358638562307235 off 0.03278676993609065 neg 0.0313493738331858	false	0.5
undemokratisch	neg 1.0		__DUMMY__ 0.9330698304854048 off 0.03448159950512555 neg 0.03244857000946961	false	0.5
wirtschaftskrise	neg 1.0		__DUMMY__ 0.9363561752247608 neg 0.03238492767029061 off 0.03125889710494856	false	1.0
neid	neg 1.0		__DUMMY__ 0.936713312723759 off 0.03676110854369755 neg 0.02652557873254345	false	0.5
rutschen	neg 1.0		__DUMMY__ 0.9437648943180721 neg 0.028423241787918118 off 0.027811863894009907	false	1.0
rezession	neg 1.0		__DUMMY__ 0.9300735094117272 off 0.04057125460757289 neg 0.02935523598069995	false	0.5
fehlgeburt	neg 1.0		__DUMMY__ 0.938523750632378 off 0.03474380967588901 neg 0.02673243969173296	false	0.5
charakterschwach	off 1.0		__DUMMY__ 0.9330462560875982 off 0.03821028772739099 neg 0.028743456185010837	false	1.0
isolation	neg 1.0		__DUMMY__ 0.9354464002461533 off 0.03627616524239864 neg 0.02827743451144802	false	0.5
ablenkung	neg 1.0		__DUMMY__ 0.9365404425873499 off 0.0337139329353402 neg 0.029745624477309773	false	0.5
pech	neg 1.0		__DUMMY__ 0.9358241953926604 off 0.03584623150737888 neg 0.02832957309996072	false	0.5
vermeidung	neg 1.0		__DUMMY__ 0.9316552572711105 off 0.03809447187998545 neg 0.030250270848904026	false	0.5
dominieren	neg 1.0		__DUMMY__ 0.9404686709276313 off 0.030928596217309402 neg 0.028602732855059237	false	0.5
schwindlig	neg 1.0		__DUMMY__ 0.9395467034825764 off 0.03472979205668037 neg 0.025723504460743136	false	0.5
lutscher	neg 1.0		__DUMMY__ 0.9273017717770653 off 0.04448130053026145 neg 0.0282169276926733	false	0.5
pflicht	neg 1.0		__DUMMY__ 0.9372678732204964 neg 0.03254516158459091 off 0.0301869651949126	false	1.0
faschist	off 1.0		__DUMMY__ 0.9321008909257231 off 0.03605608662001361 neg 0.03184302245426324	false	1.0
verschleudern	neg 1.0		__DUMMY__ 0.9338904004494967 neg 0.03536654478553024 off 0.030743054764973056	false	1.0
wenn			__DUMMY__ 0.9343282625808652 off 0.03675792043785858 neg 0.028913816981276156	false	0.0
ehebruch	neg 1.0		__DUMMY__ 0.9373973799012357 off 0.03144147731285654 neg 0.031161142785907717	false	0.5
spott	off 1.0		__DUMMY__ 0.9363357353046209 neg 0.032561997255155725 off 0.031102267440223368	false	0.5
trostlosigkeit	neg 1.0		__DUMMY__ 0.9394885896944075 neg 0.03140990236194852 off 0.02910150794364402	false	1.0
lutschen	neg 1.0		__DUMMY__ 0.934515343438694 off 0.03534594589281705 neg 0.030138710668488868	false	0.5
undiszipliniert	neg 1.0		__DUMMY__ 0.9336568926053217 off 0.039008475936481074 neg 0.027334631458197332	false	0.5
kopfschmerz	neg 1.0		__DUMMY__ 0.9398632321548741 off 0.03188499050360602 neg 0.028251777341519846	false	0.5
unvorhergesehen	neg 1.0		__DUMMY__ 0.9417353034231015 off 0.030233687239813147 neg 0.02803100933708533	false	0.5
desinteressiert	neg 1.0		__DUMMY__ 0.9319627165133529 off 0.03903810732096297 neg 0.028999176165684155	false	0.5
armselig	off 1.0		__DUMMY__ 0.9299799260068627 off 0.03991222236872899 neg 0.03010785162440822	false	1.0
desaster	neg 1.0		__DUMMY__ 0.9382124722987754 neg 0.033368728384797 off 0.028418799316427542	false	1.0
tod	neg 1.0		__DUMMY__ 0.9404456367668883 off 0.030840695405383905 neg 0.028713667827727857	false	0.5
herzlos	neg 1.0		__DUMMY__ 0.9312058969334565 off 0.040122741073460005 neg 0.028671361993083587	false	0.5
unwissenheit	neg 1.0		__DUMMY__ 0.9347545902631723 neg 0.03309603976533583 off 0.03214936997149193	false	1.0
widersinnig	neg 1.0	neg 1.0	neg 0.5016935483898057 __DUMMY__ 0.4686042174660837 off 0.029702234144110523	false	1.0
bedenklich	neg 1.0		__DUMMY__ 0.9364979227391016 neg 0.0322979968560246 off 0.031204080404873734	false	1.0
beanstanden	neg 1.0		__DUMMY__ 0.9378452243986642 neg 0.03250227212775048 off 0.02965250347358529	false	1.0
panisch	neg 1.0	neg 1.0	neg 0.4930742087875169 __DUMMY__ 0.4749289218875516 off 0.03199686932493151	false	1.0
debil	off 1.0		__DUMMY__ 0.9416577117361397 neg 0.03275657002659887 off 0.0255857182372615	false	0.5
abstrich	neg 1.0		__DUMMY__ 0.93694413593261 neg 0.03281168690722158 off 0.030244177160168542	false	1.0
primitiv	neg 1.0		__DUMMY__ 0.9318519803395305 off 0.03872752189187256 neg 0.029420497768596954	false	0.5
abschaum	off 1.0	off 1.0	off 0.504032052129414 __DUMMY__ 0.46899325583541107 neg 0.026974692035174868	false	1.0
provozieren	neg 1.0		__DUMMY__ 0.9352380142923026 off 0.03419631451468295 neg 0.030565671193014413	false	0.5
tot	neg 1.0		__DUMMY__ 0.9365527333262433 neg 0.033229805090199585 off 0.030217461583557165	false	1.0
instabil	neg 1.0		__DUMMY__ 0.9292310811952995 off 0.03854984637541129 neg 0.03221907242928909	false	0.5
schwuchtel	off 1.0		__DUMMY__ 0.9251799251852899 off 0.048139400204351514 neg 0.026680674610358553	false	1.0
zerren	neg 1.0		__DUMMY__ 0.9392390694279649 off 0.032660853305300774 neg 0.02810007726673436	false	0.5
kinderficker	off 1.0		__DUMMY__ 0.9279459697486298 off 0.041784927366166146 neg 0.030269102885204135	false	1.0
gefahr	neg 1.0		__DUMMY__ 0.9393510871741385 neg 0.030751119629693038 off 0.029897793196168487	false	1.0
rabiat	neg 1.0		__DUMMY__ 0.935452652088899 off 0.03371888815610308 neg 0.030828459754997904	false	0.5
verlangsamung	neg 1.0		__DUMMY__ 0.9299728152934676 off 0.04305074502285256 neg 0.026976439683679868	false	0.5
ausgestorben	neg 1.0		__DUMMY__ 0.9379378594654675 off 0.033100953796313094 neg 0.028961186738219468	false	0.5
anklagen	neg 1.0		__DUMMY__ 0.9365632736608442 off 0.03249531716087493 neg 0.03094140917828088	false	0.5
trott	neg 1.0		__DUMMY__ 0.9371422400968901 off 0.032936319786263 neg 0.02992144011684692	false	0.5
verminderung	neg 1.0		__DUMMY__ 0.9310790393685277 off 0.03862434206044659 neg 0.030296618571025734	false	0.5
nach			__DUMMY__ 0.9459591959220668 neg 0.027379618625176693 off 0.0266611854527565	false	0.0
rost	neg 1.0		__DUMMY__ 0.9313899342124548 off 0.04182691219250017 neg 0.02678315359504509	false	0.5
destruktiv	neg 1.0		__DUMMY__ 0.9337139233048722 off 0.03345936671062319 neg 0.032826709984504564	false	0.5
unzumutbarkeit	neg 1.0		__DUMMY__ 0.9348304116508996 off 0.03678026996508181 neg 0.028389318384018578	false	0.5
labil	off 1.0	off 1.0	off 0.5040051490547471 __DUMMY__ 0.4689144051658384 neg 0.027080445779414382	false	1.0
ziemlich	neg 1.0		__DUMMY__ 0.9342216292326183 off 0.03787531354107631 neg 0.02790305722630533	false	0.5
lachnummer	off 1.0		__DUMMY__ 0.9346895737945596 off 0.03373227670618992 neg 0.0315781494992504	false	1.0
oder			__DUMMY__ 0.9373752065294549 off 0.033473132905734816 neg 0.0291516605648102	false	0.0
verfall	neg 1.0		__DUMMY__ 0.940329492471687 neg 0.033136732321031405 off 0.026533775207281694	false	1.0
ausgrenzung	neg 1.0		__DUMMY__ 0.9335682882598827 off 0.034992887853955296 neg 0.03143882388616209	false	0.5
unordnung	neg 1.0		__DUMMY__ 0.9346502721174422 off 0.03730649274478559 neg 0.0280432351377721	false	0.5
fehlverhalten	neg 1.0		__DUMMY__ 0.9373444297419928 neg 0.03223659615030638 off 0.030418974107700763	false	1.0
eine			__DUMMY__ 0.9387514312293433 neg 0.03164480918165285 off 0.02960375958900378	false	0.0
nille	neg 1.0		__DUMMY__ 0.936633852415179 off 0.032785034336359854 neg 0.030581113248461148	false	0.5
qual	neg 1.0		__DUMMY__ 0.9370814348659502 off 0.0328404122921548 neg 0.03007815284189512	false	0.5
verschwenden	neg 1.0		__DUMMY__ 0.9368521240117279 neg 0.03174529355244877 off 0.03140258243582338	false	1.0
riesig	neg 1.0	neg 1.0	neg 0.4957045854095235 __DUMMY__ 0.4762767785612187 off 0.028018636029257818	false	1.0
verurteilen	neg 1.0		__DUMMY__ 0.9366439268212436 off 0.032225079415555274 neg 0.03113099376320106	false	0.5
klischee	neg 1.0	neg 1.0	neg 0.49831751759561355 __DUMMY__ 0.46850945506371977 off 0.03317302734066675	false	1.0
diktatorisch	neg 1.0		__DUMMY__ 0.9322568527824979 off 0.03497378669821402 neg 0.03276936051928809	false	0.5
vorhersehbar	neg 1.0	neg 1.0	neg 0.4975263339146896 __DUMMY__ 0.46971183202125427 off 0.032761834064056	false	1.0
sowie			__DUMMY__ 0.9299411057673851 off 0.04159168604586892 neg 0.028467208186746022	false	0.0
stornieren	neg 1.0		__DUMMY__ 0.9397515559669631 off 0.03375188602935465 neg 0.026496558003682162	false	0.5
besteuerung	neg 1.0		__DUMMY__ 0.9329574922674109 off 0.03382518261293702 neg 0.03321732511965209	false	0.5
ungeschminkt	neg 1.0		__DUMMY__ 0.9327740261583706 off 0.03773710909257887 neg 0.029488864749050627	false	0.5
kritisch	neg 1.0		__DUMMY__ 0.9363219294098476 neg 0.032529055931977774 off 0.031149014658174722	false	1.0
schlamperei	off 1.0		__DUMMY__ 0.9364292903622109 neg 0.033194456374053244 off 0.030376253263735838	false	0.5
sucht	neg 1.0	neg 1.0	neg 0.49578106010785594 __DUMMY__ 0.47425780592073546 off 0.02996113397140855	false	1.0
egoistisch	off 1.0		__DUMMY__ 0.9307763130370772 off 0.04191669079641831 neg 0.02730699616650451	false	1.0
ausbeuter	off 1.0		__DUMMY__ 0.9362351724973096 neg 0.033435041923731236 off 0.03032978557895916	false	0.5
arschgeburt	off 1.0		__DUMMY__ 0.9244475256517354 off 0.04844521933020742 neg 0.027107255018057108	false	1.0
schubs	neg 1.0	neg 1.0	neg 0.49540483655178247 __DUMMY__ 0.476141211575447 off 0.0284539518727706	false	1.0
unsolide	neg 1.0		__DUMMY__ 0.9292450560354902 neg 0.03546741901763497 off 0.03528752494687477	false	1.0
beschwerde	neg 1.0		__DUMMY__ 0.9367677873794591 neg 0.03280361177372895 off 0.030428600846811975	false	1.0
stocken	neg 1.0		__DUMMY__ 0.938359039546371 off 0.030844465436326456 neg 0.03079649501730256	false	0.5
isolieren	neg 1.0		__DUMMY__ 0.9374884216583717 off 0.031680104686273705 neg 0.030831473655354675	false	0.5
unheilbar	neg 1.0		__DUMMY__ 0.9386871750745883 off 0.034032700899162466 neg 0.027280124026249165	false	0.5
pisser	off 1.0		__DUMMY__ 0.9336001570745093 off 0.03886040710261014 neg 0.027539435822880605	false	1.0
löschen	neg 1.0		__DUMMY__ 0.9366789567552101 off 0.03338350627417718 neg 0.029937536970612657	false	0.5
durchfallen	neg 1.0		__DUMMY__ 0.9352291309044917 neg 0.032712332492234264 off 0.032058536603274006	false	1.0
wichser	off 1.0		__DUMMY__ 0.9284013873360154 off 0.04543854124717214 neg 0.026160071416812463	false	1.0
terror	neg 1.0		__DUMMY__ 0.9365509071389864 off 0.03522315060811669 neg 0.028225942252896877	false	0.5
krass	neg 1.0		__DUMMY__ 0.9313902773076201 off 0.04012850893067407 neg 0.02848121376170578	false	0.5
revolte	neg 1.0		__DUMMY__ 0.9333728287274241 off 0.035368935886574984 neg 0.03125823538600092	false	0.5
besorgt	neg 1.0		__DUMMY__ 0.9401518027637887 off 0.031928597857928405 neg 0.027919599378282905	false	0.5
nachlassen	neg 1.0		__DUMMY__ 0.9389280237797305 neg 0.03083636485217369 off 0.030235611368095737	false	1.0
alt	neg 1.0		__DUMMY__ 0.9390110172956622 off 0.030563984473077028 neg 0.030424998231260828	false	0.5
hundesohn	off 1.0		__DUMMY__ 0.9271217149222207 off 0.04472166469857286 neg 0.02815662037920644	false	1.0
als			__DUMMY__ 0.9385345396054255 off 0.032140920530631764 neg 0.029324539863942643	false	0.0
abschreckung	neg 1.0		__DUMMY__ 0.9391793371382661 neg 0.03152470189359271 off 0.029295960968141268	false	1.0
unqualifiziert	neg 1.0		__DUMMY__ 0.9308004479776668 off 0.036316344026093746 neg 0.03288320799623944	false	0.5
abgewichst	off 1.0		__DUMMY__ 0.9372756622205217 off 0.032165297634922735 neg 0.03055904014455557	false	1.0
schwer	neg 1.0		__DUMMY__ 0.936963391438671 off 0.03351298668416253 neg 0.02952362187716648	false	0.5
bedeutungslosigkeit	neg 1.0		__DUMMY__ 0.9379870623258756 neg 0.032049044513855804 off 0.029963893160268647	false	1.0
kapitulation	neg 1.0		__DUMMY__ 0.9356198567242641 neg 0.03329563066770701 off 0.031084512608029025	false	1.0
unscharf	neg 1.0		__DUMMY__ 0.9351323835946977 off 0.0346616370003946 neg 0.030205979404907553	false	0.5
schwinden	neg 1.0		__DUMMY__ 0.9388504500863694 neg 0.03137742869562853 off 0.029772121218002063	false	1.0
versklavung	neg 1.0		__DUMMY__ 0.9329312835601822 off 0.03458160174092279 neg 0.032487114698895016	false	0.5
schlecht	neg 1.0		__DUMMY__ 0.9344386732932939 off 0.03802144222004367 neg 0.027539884486662464	false	0.5
verhasst	neg 1.0		__DUMMY__ 0.9352466373959151 off 0.03447729436355777 neg 0.030276068240527084	false	0.5
beschweren	neg 1.0		__DUMMY__ 0.9354307099689474 off 0.034986140728107434 neg 0.02958314930294511	false	0.5
scheiden	neg 1.0		__DUMMY__ 0.9396434649314365 off 0.03322710297705859 neg 0.027129432091505024	false	0.5
frustriert	neg 1.0		__DUMMY__ 0.9371044085388028 off 0.032786983731125915 neg 0.030108607730071214	false	0.5
schimmelig	neg 1.0		__DUMMY__ 0.9400094784363345 neg 0.030110810238901914 off 0.029879711324763542	false	1.0
fisch	neg 1.0		__DUMMY__ 0.9418347443273951 neg 0.029337256338675708 off 0.028827999333929155	false	1.0
schmuggel	neg 1.0		__DUMMY__ 0.9420541204848373 off 0.02967323231425568 neg 0.028272647200907063	false	0.5
auffallen	neg 1.0		__DUMMY__ 0.9352676372401829 off 0.03541769408597967 neg 0.029314668673837446	false	0.5
konkurrenz	neg 1.0	neg 1.0	neg 0.4987764388804349 __DUMMY__ 0.474690392744744 off 0.026533168374821187	false	1.0
teufelskreis	neg 1.0		__DUMMY__ 0.9367369006038088 off 0.03323901036016057 neg 0.03002408903603065	false	0.5
aufschreien	neg 1.0		__DUMMY__ 0.9343809236163342 off 0.03539494029165328 neg 0.03022413609201264	false	0.5
schuldner	neg 1.0		__DUMMY__ 0.9385460661372191 neg 0.031519429858925536 off 0.0299345040038553	false	1.0
missgeburt	off 1.0	off 1.0	off 0.5078530154080666 __DUMMY__ 0.4666246699599014 neg 0.025522314632032198	false	1.0
arbeitslos	neg 1.0		__DUMMY__ 0.9353258563648491 neg 0.03236195838951337 off 0.03231218524563749	false	1.0
befallen	neg 1.0		__DUMMY__ 0.9373861710336672 off 0.03241767715641598 neg 0.030196151809916857	false	0.5
miesepetrig	off 1.0	off 1.0	off 0.5042225055309593 __DUMMY__ 0.47070986211363236 neg 0.025067632355408466	false	1.0
alarmieren	neg 1.0		__DUMMY__ 0.9329055850161088 off 0.03718681285998184 neg 0.029907602123909464	false	0.5
ungeduscht	off 1.0		__DUMMY__ 0.9362046152365149 off 0.03554023226764296 neg 0.028255152495842078	false	1.0
knappheit	neg 1.0		__DUMMY__ 0.9358043947586963 neg 0.03330813924156688 off 0.030887465999736942	false	1.0
schlange	neg 1.0		__DUMMY__ 0.9381180623412844 off 0.034674323534228245 neg 0.02720761412448737	false	0.5
harsch	neg 1.0		__DUMMY__ 0.9329747876049267 off 0.040819900229181014 neg 0.02620531216589234	false	0.5
lang	neg 1.0		__DUMMY__ 0.9368029617103844 off 0.03369837680815491 neg 0.02949866148146065	false	0.5
ziellos	neg 1.0		__DUMMY__ 0.9395107937948892 off 0.03170400690038598 neg 0.028785199304724726	false	0.5
selbstverliebt	neg 1.0		__DUMMY__ 0.9256872303547563 off 0.04628603634726085 neg 0.028026733297982786	false	0.5
beseitigen	neg 1.0		__DUMMY__ 0.9368555230320147 off 0.03269664016925308 neg 0.030447836798732177	false	0.5
dumm	off 1.0		__DUMMY__ 0.9291698289004213 off 0.04260858942896056 neg 0.028221581670618008	false	1.0
arbeitsloser	neg 1.0		__DUMMY__ 0.9376698500934694 off 0.03170502020286324 neg 0.03062512970366738	false	0.5
blitzen	neg 1.0		__DUMMY__ 0.935211847828271 off 0.035887935759539795 neg 0.028900216412189175	false	0.5
hilflos	neg 1.0		__DUMMY__ 0.9379485545219726 off 0.03235502857524526 neg 0.029696416902782175	false	0.5
eklig	off 1.0		__DUMMY__ 0.9301214159287918 off 0.042988732351875295 neg 0.026889851719332853	false	1.0
begriff			__DUMMY__ 0.9355126142984818 off 0.03278102411276436 neg 0.031706361588753874	false	0.0
hungersnot	neg 1.0		__DUMMY__ 0.9383763725295063 off 0.03230449122722955 neg 0.029319136243264172	false	0.5
ungesetzlich	neg 1.0		__DUMMY__ 0.9301688110458863 off 0.03571639673689233 neg 0.03411479221722129	false	0.5
verschwendung	neg 1.0		__DUMMY__ 0.9379825972092346 neg 0.03145645057226822 off 0.030560952218497216	false	1.0
schmerzvoll	neg 1.0		__DUMMY__ 0.9360123606987457 off 0.03487023279508075 neg 0.029117406506173466	false	0.5
vorzeitig	neg 1.0		__DUMMY__ 0.9371303456435296 off 0.035716045080076406 neg 0.027153609276393934	false	0.5
unvollkommenheit	neg 1.0		__DUMMY__ 0.9423512958013517 off 0.031433017203152565 neg 0.026215686995495743	false	0.5
intervenieren	neg 1.0		__DUMMY__ 0.9359516904556209 neg 0.033490653601349084 off 0.030557655943030088	false	1.0
banause	off 1.0		__DUMMY__ 0.9273118241772883 off 0.04456548051088821 neg 0.028122695311823563	false	1.0
rebell	neg 1.0		__DUMMY__ 0.9399742688064572 neg 0.03240199085274141 off 0.027623740340801384	false	1.0
unlogisch	neg 1.0		__DUMMY__ 0.9315055939929118 off 0.03986121072860862 neg 0.028633195278479583	false	0.5
leiden	neg 1.0		__DUMMY__ 0.94317176074266 off 0.02951808111475233 neg 0.027310158142587724	false	0.5
abschaffung	neg 1.0		__DUMMY__ 0.9331876498379786 off 0.033995364197798326 neg 0.03281698596422301	false	0.5
sturz	neg 1.0		__DUMMY__ 0.9381756743917499 off 0.0334172754298245 neg 0.028407050178425677	false	0.5
verkleinerung	neg 1.0		__DUMMY__ 0.9315838183243788 off 0.03590851692320799 neg 0.03250766475241324	false	0.5
schmarotzer	off 1.0		__DUMMY__ 0.9348749975899491 neg 0.03290131085798848 off 0.03222369155206248	false	0.5
bestrafung	neg 1.0		__DUMMY__ 0.9354284966348843 off 0.03472580953510202 neg 0.029845693830013696	false	0.5
achtlos	neg 1.0		__DUMMY__ 0.9380574337367495 off 0.03336594797564799 neg 0.028576618287602426	false	0.5
