unsolidarisch	neg 1.0		off 0.49652660771935253 neg 0.4601529448024177 __DUMMY__ 0.04332044747822973	false	0.5
nachteilig	neg 1.0		off 0.49618104814106134 neg 0.4599970499942158 __DUMMY__ 0.04382190186472294	false	0.5
skeptisch	neg 1.0		off 0.49559583102192767 neg 0.4605327158729913 __DUMMY__ 0.04387145310508092	false	0.5
schrecklich	neg 1.0		off 0.5102639760747846 neg 0.4463926472990724 __DUMMY__ 0.04334337662614303	false	0.5
schlapp	neg 1.0		off 0.5071564751512855 neg 0.44920580855415554 __DUMMY__ 0.04363771629455888	false	0.5
abfall	neg 1.0		off 0.4941870579824492 neg 0.4617342666610608 __DUMMY__ 0.044078675356490016	false	0.5
widerspenstig	neg 1.0		off 0.5018415134242589 neg 0.4543634705537755 __DUMMY__ 0.04379501602196555	false	0.5
abrupt	neg 1.0		off 0.4983870132072691 neg 0.4575537204236616 __DUMMY__ 0.04405926636906919	false	0.5
unwirksam	neg 1.0		off 0.4976160192082083 neg 0.45897007171924126 __DUMMY__ 0.04341390907255053	false	0.5
angreifen	neg 1.0	neg 1.0	neg 0.7148328681246052 off 0.2640890483248199 __DUMMY__ 0.021078083550574958	false	1.0
inkonsistent	neg 1.0		off 0.5016600366758904 neg 0.45466646317395026 __DUMMY__ 0.04367350015015917	false	0.5
abrutschen	neg 1.0		off 0.4944884005330202 neg 0.4614458884165589 __DUMMY__ 0.04406571105042083	false	0.5
unsicher	neg 1.0		off 0.5021832550668268 neg 0.4539783211817316 __DUMMY__ 0.0438384237514415	false	0.5
bauernkind	off 1.0	off 1.0	off 0.7403704491053267 neg 0.23895831396008702 __DUMMY__ 0.020671236934586317	false	1.0
angreifer	neg 1.0		off 0.5037436058261406 neg 0.4524240031098318 __DUMMY__ 0.043832391064027504	false	0.5
trennen	neg 1.0		off 0.4997013633918302 neg 0.4561329610974878 __DUMMY__ 0.04416567551068211	false	0.5
schmutz	neg 1.0		off 0.50802286225817 neg 0.4477845578112851 __DUMMY__ 0.044192579930544894	false	0.5
inkonsistenz	neg 1.0		off 0.5023534270102731 neg 0.45434490577857806 __DUMMY__ 0.04330166721114885	false	0.5
erschreckend	neg 1.0		off 0.49933431667060163 neg 0.4569518934353302 __DUMMY__ 0.04371378989406809	false	0.5
ertrinken	neg 1.0		off 0.49994660852658995 neg 0.4559650725143092 __DUMMY__ 0.044088318959100974	false	0.5
pickelface	off 1.0		off 0.498479254960125 neg 0.4577678993902409 __DUMMY__ 0.04375284564963416	false	1.0
seiner			off 0.49769911614040613 neg 0.4582819749458129 __DUMMY__ 0.04401890891378105	false	0.0
lauch	neg 1.0		off 0.4927125388940795 neg 0.46340753684858166 __DUMMY__ 0.043879924257338825	false	0.5
unwichtig	neg 1.0		off 0.505225258481519 neg 0.4512779735724151 __DUMMY__ 0.04349676794606601	false	0.5
steuerhinterziehung	neg 1.0		off 0.4973546365915285 neg 0.4590285231571002 __DUMMY__ 0.043616840251371226	false	0.5
schock	neg 1.0		off 0.5029447328962994 neg 0.45301927421918564 __DUMMY__ 0.044035992884515006	false	0.5
beule	neg 1.0		off 0.507894035818372 neg 0.44843989963615344 __DUMMY__ 0.04366606454547458	false	0.5
vergelten	neg 1.0		off 0.5113152417442021 neg 0.4450371533313133 __DUMMY__ 0.04364760492448458	false	0.5
verdorbenheit	neg 1.0		off 0.5009508046677001 neg 0.4552576183208222 __DUMMY__ 0.04379157701147767	false	0.5
trauma	neg 1.0		off 0.5020886393538354 neg 0.45419968415283224 __DUMMY__ 0.04371167649333229	false	0.5
sinnlos	neg 1.0		off 0.5042444982363163 neg 0.45201978679207433 __DUMMY__ 0.043735714971609184	false	0.5
fettsack	off 1.0	off 1.0	off 0.7422888568625018 neg 0.2369680328023859 __DUMMY__ 0.020743110335112343	false	1.0
feige	off 1.0	off 1.0	off 0.7388825114437435 neg 0.24030575265049306 __DUMMY__ 0.020811735905763393	false	1.0
abdanken	neg 1.0		off 0.49886251444139157 neg 0.45748653183395693 __DUMMY__ 0.043650953724651616	false	0.5
wichtigtuer	off 1.0	off 1.0	off 0.7374554707699238 neg 0.2416550811064858 __DUMMY__ 0.0208894481235904	false	1.0
misslingen	neg 1.0		off 0.5054647185946313 neg 0.45048452522565297 __DUMMY__ 0.04405075617971566	false	0.5
untreu	off 1.0		off 0.5066151516575337 neg 0.4499204840239991 __DUMMY__ 0.0434643643184672	false	1.0
missmutig	neg 1.0		off 0.5063594737927934 neg 0.45004723576349304 __DUMMY__ 0.043593290443713476	false	0.5
hurenbock	off 1.0		off 0.5031479091187505 neg 0.453094811917186 __DUMMY__ 0.04375727896406359	false	1.0
betrunken	neg 1.0		off 0.510456693143574 neg 0.44590409442768014 __DUMMY__ 0.0436392124287458	false	0.5
korrupt	off 1.0		off 0.4951406419542842 neg 0.46137247374465734 __DUMMY__ 0.04348688430105866	false	1.0
unmut	neg 1.0		off 0.4934259187991532 neg 0.4625819429222671 __DUMMY__ 0.04399213827857973	false	0.5
hackfresse	off 1.0		off 0.5125870938330033 neg 0.44430659497279856 __DUMMY__ 0.0431063111941982	false	1.0
aufblasen	neg 1.0		off 0.5043067923579444 neg 0.4518323798949888 __DUMMY__ 0.04386082774706677	false	0.5
gewaltsam	neg 1.0		off 0.5005932069814684 neg 0.45559425422187555 __DUMMY__ 0.043812538796655934	false	0.5
unbeliebtheit	neg 1.0		off 0.49963090966777624 neg 0.45736510698039823 __DUMMY__ 0.04300398335182554	false	0.5
sturheit	neg 1.0		off 0.49906347419329694 neg 0.4572448591345026 __DUMMY__ 0.04369166667220049	false	0.5
kuh	neg 1.0		off 0.500127931889532 neg 0.45632984904125806 __DUMMY__ 0.04354221906920999	false	0.5
erschrecken	neg 1.0		off 0.5059469802906672 neg 0.45040014047360966 __DUMMY__ 0.04365287923572319	false	0.5
opfer	neg 1.0		off 0.498880137711418 neg 0.45713766113621584 __DUMMY__ 0.04398220115236626	false	0.5
sinken	neg 1.0		off 0.49406667481110994 neg 0.46195761176714706 __DUMMY__ 0.043975713421742973	false	0.5
stinktier	neg 1.0		off 0.5099117637399811 neg 0.44685899029057086 __DUMMY__ 0.04322924596944801	false	0.5
tucke	off 1.0		off 0.5105102261738411 neg 0.4466658951021804 __DUMMY__ 0.04282387872397849	false	1.0
ein			off 0.5028237367883999 neg 0.45337707449463144 __DUMMY__ 0.043799188716968626	false	0.0
abstieg	neg 1.0		off 0.49950061217575986 neg 0.45634240087908456 __DUMMY__ 0.04415698694515562	false	0.5
missverstehen	neg 1.0		off 0.5025501522252664 neg 0.453917085919944 __DUMMY__ 0.04353276185478949	false	0.5
ergebnislos	neg 1.0		off 0.4965085315226007 neg 0.45960968706141886 __DUMMY__ 0.04388178141598047	false	0.5
unter			off 0.49277713625816283 neg 0.4627261105329965 __DUMMY__ 0.04449675320884073	false	0.0
manipulieren	neg 1.0		off 0.49609576277288264 neg 0.45999662031740396 __DUMMY__ 0.043907616909713364	false	0.5
unbewiesen	neg 1.0		off 0.49673822955668273 neg 0.4599596306613492 __DUMMY__ 0.0433021397819679	false	0.5
verschleppen	neg 1.0		off 0.49848689420332204 neg 0.4576523873179781 __DUMMY__ 0.04386071847869986	false	0.5
weib	off 1.0		off 0.5127327663077558 neg 0.44414301061109734 __DUMMY__ 0.04312422308114685	false	1.0
opposition	neg 1.0		off 0.5017722717790952 neg 0.45465802240765 __DUMMY__ 0.043569705813254644	false	0.5
verkehrswidrig	neg 1.0	neg 1.0	neg 0.7055151127463737 off 0.2734265393675744 __DUMMY__ 0.021058347886051938	false	1.0
inkorrekt	neg 1.0		off 0.5052858098070175 neg 0.45153854781099767 __DUMMY__ 0.0431756423819849	false	0.5
vermeiden	neg 1.0		off 0.4933343742320112 neg 0.46242170658803194 __DUMMY__ 0.04424391917995691	false	0.5
abweichung	neg 1.0		off 0.49588141945727143 neg 0.4603634788847063 __DUMMY__ 0.04375510165802233	false	0.5
alkoholisiert	neg 1.0		off 0.5007223719004662 neg 0.45494464358083186 __DUMMY__ 0.044332984518701934	false	0.5
scheiss	off 1.0	off 1.0	off 0.7401590578436616 neg 0.23892963153850308 __DUMMY__ 0.020911310617835223	false	1.0
herausforderung	neg 1.0	neg 1.0	neg 0.7121804308026083 off 0.26649070976798667 __DUMMY__ 0.021328859429405107	false	1.0
pervers	off 1.0		off 0.5159680896349612 neg 0.44101022168369836 __DUMMY__ 0.04302168868134039	false	1.0
wackelig	neg 1.0		off 0.5015987015036991 neg 0.4542897427842386 __DUMMY__ 0.04411155571206231	false	0.5
verwickeln	neg 1.0		off 0.5024279001224677 neg 0.45403680266772495 __DUMMY__ 0.04353529720980755	false	0.5
vorwand	neg 1.0		off 0.4955541775957955 neg 0.4604874118373414 __DUMMY__ 0.04395841056686316	false	0.5
muschi	off 1.0		off 0.4988682172891021 neg 0.4573927440799071 __DUMMY__ 0.04373903863099088	false	1.0
entmutigung	neg 1.0		off 0.5006961971467756 neg 0.4557883544688939 __DUMMY__ 0.04351544838433044	false	0.5
unangemessen	neg 1.0		off 0.49778582963855156 neg 0.45853830734150913 __DUMMY__ 0.04367586301993935	false	0.5
unstetig	neg 1.0		off 0.5029034738864986 neg 0.45331909037279344 __DUMMY__ 0.04377743574070798	false	0.5
entmutigen	neg 1.0		off 0.502045650607362 neg 0.4543016922461151 __DUMMY__ 0.043652657146522986	false	0.5
schwanz	neg 1.0		off 0.49654896990093905 neg 0.45953878925007874 __DUMMY__ 0.043912240848982216	false	0.5
verbot	neg 1.0		off 0.4963774930507738 neg 0.45997301400949886 __DUMMY__ 0.0436494929397275	false	0.5
leid	neg 1.0		off 0.5119788551189258 neg 0.4446671323198531 __DUMMY__ 0.04335401256122106	false	0.5
archaisch	neg 1.0		off 0.4989926040740899 neg 0.457201808215609 __DUMMY__ 0.043805587710300915	false	0.5
gegen			off 0.4959690271039048 neg 0.45993366338789987 __DUMMY__ 0.044097309508195404	false	0.0
scheidung	neg 1.0		off 0.5195591898526527 neg 0.43750338484171825 __DUMMY__ 0.04293742530562905	false	0.5
einschlag	neg 1.0	neg 1.0	neg 0.7081454275720336 off 0.27100564739452376 __DUMMY__ 0.020848925033442788	false	1.0
m			off 0.4998186915051882 neg 0.45625748095695834 __DUMMY__ 0.0439238275378533	false	0.0
abgestanden	neg 1.0		off 0.503640307161975 neg 0.4524875492903027 __DUMMY__ 0.043872143547722266	false	0.5
schmierig	off 1.0		off 0.5116517549748506 neg 0.4449571156351888 __DUMMY__ 0.04339112938996072	false	1.0
unpraktisch	neg 1.0		off 0.5040297806992687 neg 0.4520874739697811 __DUMMY__ 0.0438827453309503	false	0.5
wixxer	off 1.0		off 0.5147650889958155 neg 0.44230141332424255 __DUMMY__ 0.042933497679942006	false	1.0
bezeichnet			off 0.49987307811132137 neg 0.45644240291236293 __DUMMY__ 0.0436845189763158	false	0.0
jammerlappen	off 1.0		off 0.5057501423926604 neg 0.4507223580076089 __DUMMY__ 0.043527499599730665	false	1.0
farce	neg 1.0		off 0.4964190925911025 neg 0.4600345197237758 __DUMMY__ 0.04354638768512173	false	0.5
zwecklos	neg 1.0		off 0.498460180020624 neg 0.4577931394066809 __DUMMY__ 0.043746680572695075	false	0.5
turbulent	neg 1.0		off 0.5048679227277505 neg 0.451768450418012 __DUMMY__ 0.04336362685423729	false	0.5
invasion	neg 1.0		off 0.5039509395725329 neg 0.4523496567443537 __DUMMY__ 0.043699403683113355	false	0.5
schuld	neg 1.0		off 0.5019350643929827 neg 0.4543616365105718 __DUMMY__ 0.043703299096445464	false	0.5
risiko	neg 1.0		off 0.502038320930123 neg 0.45416181619130674 __DUMMY__ 0.04379986287857009	false	0.5
finster	neg 1.0		off 0.5032394034809026 neg 0.4529608258246798 __DUMMY__ 0.04379977069441759	false	0.5
geisteskrank	off 1.0		off 0.5063628837391599 neg 0.45027896611911883 __DUMMY__ 0.04335815014172132	false	1.0
zusammenbrechen	neg 1.0		off 0.5008715127496167 neg 0.455215418052253 __DUMMY__ 0.0439130691981303	false	0.5
ausbeute	neg 1.0		off 0.49793400688908473 neg 0.45802419644770676 __DUMMY__ 0.04404179666320861	false	0.5
hinterhalt	neg 1.0		off 0.49946392580966587 neg 0.45670364197781055 __DUMMY__ 0.04383243221252367	false	0.5
kritik	neg 1.0		off 0.49676007651129545 neg 0.45963746437577 __DUMMY__ 0.04360245911293452	false	0.5
einschrumpfen	neg 1.0		off 0.5011466461837668 neg 0.4555148207127619 __DUMMY__ 0.04333853310347124	false	0.5
riskant	neg 1.0		off 0.4973199986562685 neg 0.4588193937755928 __DUMMY__ 0.043860607568138574	false	0.5
frustrieren	neg 1.0		off 0.49760266294181 neg 0.4585336549483668 __DUMMY__ 0.04386368210982332	false	0.5
groll	neg 1.0		off 0.4989543168641668 neg 0.45721004636478957 __DUMMY__ 0.043835636771043573	false	0.5
gibt			off 0.4990095832890218 neg 0.4572088359032825 __DUMMY__ 0.04378158080769563	false	0.0
qualvoll	neg 1.0		off 0.506185121168392 neg 0.4500405282245414 __DUMMY__ 0.04377435060706662	false	0.5
wackeln	neg 1.0	neg 1.0	neg 0.7102694454205054 off 0.26859584772914064 __DUMMY__ 0.021134706850353967	false	1.0
klagen	neg 1.0		off 0.49356564135107894 neg 0.4624919083800503 __DUMMY__ 0.043942450268870815	false	0.5
bankrott	neg 1.0		off 0.5054031471146168 neg 0.4509650633898861 __DUMMY__ 0.04363178949549716	false	0.5
trauern	neg 1.0		off 0.4991810697267077 neg 0.4567801776498807 __DUMMY__ 0.04403875262341153	false	0.5
ablehnung	neg 1.0		off 0.49677911210586273 neg 0.45962080738494043 __DUMMY__ 0.04360008050919686	false	0.5
stur	neg 1.0		off 0.5021602122235878 neg 0.4541962857567211 __DUMMY__ 0.04364350201969122	false	0.5
aufruhr	neg 1.0		off 0.5008922218929429 neg 0.45525344411415775 __DUMMY__ 0.0438543339928993	false	0.5
melancholie	neg 1.0		off 0.5003491832234338 neg 0.4556648679708626 __DUMMY__ 0.04398594880570356	false	0.5
ist			off 0.5028703331811668 neg 0.4534550477975416 __DUMMY__ 0.04367461902129162	false	0.0
torheit	neg 1.0		off 0.5004781942050344 neg 0.45594406494808404 __DUMMY__ 0.04357774084688155	false	0.5
dreckskind	off 1.0		off 0.5111656314501504 neg 0.44566065732206367 __DUMMY__ 0.04317371122778604	false	1.0
umtauschen	neg 1.0		off 0.5014420897726348 neg 0.4547405023194555 __DUMMY__ 0.04381740790790952	false	0.5
zum			off 0.49569313497811085 neg 0.4598453815344573 __DUMMY__ 0.04446148348743181	false	0.0
zersetzen	neg 1.0		off 0.4952149818923501 neg 0.46095333153889045 __DUMMY__ 0.04383168656875944	false	0.5
zur			off 0.49247116548348896 neg 0.46328763703826176 __DUMMY__ 0.04424119747824922	false	0.0
frust	neg 1.0		off 0.5003783059807763 neg 0.45573230160522016 __DUMMY__ 0.04388939241400357	false	0.5
unerbittlichkeit	neg 1.0		off 0.4954029791320198 neg 0.4607605812511542 __DUMMY__ 0.04383643961682592	false	0.5
zwei			off 0.49709876545175147 neg 0.45858640249515426 __DUMMY__ 0.04431483205309428	false	0.0
unkorrekt	neg 1.0		off 0.5053694732104546 neg 0.4515243498447781 __DUMMY__ 0.04310617694476735	false	0.5
hexe	off 1.0		off 0.5054731706529413 neg 0.45112713693010514 __DUMMY__ 0.04339969241695343	false	1.0
lasch	neg 1.0		off 0.5025255511436657 neg 0.4540956702907118 __DUMMY__ 0.043378778565622444	false	0.5
rivale	neg 1.0		off 0.5097338709303934 neg 0.44671609930048056 __DUMMY__ 0.04355002976912603	false	0.5
mutlos	off 1.0	off 1.0	off 0.7337744930045179 neg 0.24525137787160725 __DUMMY__ 0.020974129123874804	false	1.0
wirr	off 1.0		off 0.5063653972656419 neg 0.4504749615326928 __DUMMY__ 0.043159641201665204	false	1.0
jahr			off 0.49790431847346106 neg 0.4579366573349658 __DUMMY__ 0.04415902419157318	false	0.0
wird			off 0.49820902759785596 neg 0.4579128113627451 __DUMMY__ 0.043878161039398914	false	0.0
strafbar	neg 1.0		off 0.4965549536305932 neg 0.45966977814980275 __DUMMY__ 0.04377526821960401	false	0.5
erosion	neg 1.0		off 0.5030519807626616 neg 0.453090131345651 __DUMMY__ 0.0438578878916875	false	0.5
eingehen	neg 1.0		off 0.4970780681358372 neg 0.45921504611318925 __DUMMY__ 0.043706885750973604	false	0.5
faul	off 1.0		off 0.5065798812902628 neg 0.4497227180977736 __DUMMY__ 0.043697400611963595	false	1.0
provisorium	neg 1.0		off 0.49159387479704075 neg 0.46399773302356817 __DUMMY__ 0.04440839217939113	false	0.5
schmerzen	neg 1.0		off 0.5020004613511797 neg 0.45417956104764423 __DUMMY__ 0.04381997760117612	false	0.5
schrumpfen	neg 1.0		off 0.4911643106960518 neg 0.4647843134733677 __DUMMY__ 0.04405137583058048	false	0.5
geistlos	off 1.0		off 0.5001789849946843 neg 0.456523619916261 __DUMMY__ 0.0432973950890547	false	1.0
fehlkauf	neg 1.0		off 0.5024012211036318 neg 0.45396341993977257 __DUMMY__ 0.04363535895659557	false	0.5
frustrierend	neg 1.0		off 0.5059929397113785 neg 0.4503240874704626 __DUMMY__ 0.04368297281815902	false	0.5
unzufrieden	neg 1.0		off 0.49806252286649433 neg 0.45820858280543525 __DUMMY__ 0.04372889432807055	false	0.5
verzweifeln	neg 1.0		off 0.5010192757067057 neg 0.4551821353868228 __DUMMY__ 0.04379858890647172	false	0.5
verzweifelt	neg 1.0		off 0.5025586226991775 neg 0.4537704489206263 __DUMMY__ 0.043670928380196275	false	0.5
misstrauensantrag	neg 1.0		off 0.5030430656670514 neg 0.45334580351587433 __DUMMY__ 0.04361113081707432	false	0.5
abfallen	neg 1.0		off 0.5043919738185128 neg 0.4517255051715865 __DUMMY__ 0.04388252100990077	false	0.5
fucker	off 1.0		off 0.5069231948778796 neg 0.4497103537358 __DUMMY__ 0.043366451386320434	false	1.0
ungezogen	neg 1.0		off 0.5149383643720833 neg 0.44191808759206996 __DUMMY__ 0.0431435480358468	false	0.5
irrsinnig	neg 1.0	neg 1.0	neg 0.7121634053641746 off 0.26690655973520383 __DUMMY__ 0.020930034900621643	false	1.0
unfassbar	neg 1.0		off 0.5057725758797076 neg 0.4507963774368044 __DUMMY__ 0.04343104668348781	false	0.5
hart	neg 1.0		off 0.5045420827617065 neg 0.451870916965099 __DUMMY__ 0.04358700027319446	false	0.5
widerlich	off 1.0		off 0.5061489378264258 neg 0.45050776951413607 __DUMMY__ 0.043343292659438	false	1.0
fatal	neg 1.0		off 0.5028000297727662 neg 0.45355850117711705 __DUMMY__ 0.04364146905011694	false	0.5
bruch	neg 1.0		off 0.4945978881177342 neg 0.46139470599499083 __DUMMY__ 0.04400740588727506	false	0.5
aushungern	neg 1.0		off 0.49838331300194166 neg 0.4579795486512179 __DUMMY__ 0.043637138346840416	false	0.5
anspannung	neg 1.0	neg 1.0	neg 0.7136937933858267 off 0.26483978939581987 __DUMMY__ 0.021466417218353396	false	1.0
von			off 0.4970393974546236 neg 0.45879835417028014 __DUMMY__ 0.04416224837509628	false	0.0
kraftlos	neg 1.0		off 0.5018106258747812 neg 0.45410573159630496 __DUMMY__ 0.04408364252891378	false	0.5
vom			off 0.4935622935239864 neg 0.4619197340212981 __DUMMY__ 0.044517972454715525	false	0.0
grenzdebil	off 1.0		off 0.5075548266193896 neg 0.44897476893486166 __DUMMY__ 0.043470404445748824	false	1.0
vor			off 0.4969223241768937 neg 0.45898513800528123 __DUMMY__ 0.04409253781782501	false	0.0
unterwerfen	neg 1.0		off 0.49717187510295924 neg 0.4589729718285988 __DUMMY__ 0.043855153068441954	false	0.5
versenkung	neg 1.0		off 0.4973040181948923 neg 0.45878806153372115 __DUMMY__ 0.04390792027138665	false	0.5
entziehen	neg 1.0		off 0.4948652755721813 neg 0.46114964072888304 __DUMMY__ 0.043985083698935765	false	0.5
finanzkrise	neg 1.0		off 0.4981674010474884 neg 0.4582450345370839 __DUMMY__ 0.043587564415427806	false	0.5
schimpfend	neg 1.0		off 0.504565691135682 neg 0.4515129533274205 __DUMMY__ 0.043921355536897605	false	0.5
profan	neg 1.0		off 0.5039197198683596 neg 0.4524608365220378 __DUMMY__ 0.04361944360960268	false	0.5
korruption	neg 1.0		off 0.49611977846035726 neg 0.46025187499221 __DUMMY__ 0.04362834654743272	false	0.5
â			off 0.4984486216547779 neg 0.45762454251439016 __DUMMY__ 0.04392683583083197	false	0.0
schmutzig	neg 1.0		off 0.5081393892707674 neg 0.44826060773047527 __DUMMY__ 0.04360000299875723	false	0.5
sexy	neg 1.0		off 0.5047247965380219 neg 0.4516469455331599 __DUMMY__ 0.043628257928818255	false	0.5
abraten	neg 1.0		off 0.5027568378129471 neg 0.453605230572041 __DUMMY__ 0.043637931615012	false	0.5
schwarz	neg 1.0		off 0.5019232656959609 neg 0.45444591667858136 __DUMMY__ 0.043630817625457834	false	0.5
fotze	off 1.0		off 0.496758867219683 neg 0.4594323252535041 __DUMMY__ 0.043808807526813	false	1.0
verwirren	neg 1.0		off 0.5040434275819182 neg 0.4523482820262039 __DUMMY__ 0.043608290391877844	false	0.5
zahnlos	off 1.0		off 0.4979646493347668 neg 0.45831970587053394 __DUMMY__ 0.04371564479469929	false	1.0
verheeren	neg 1.0		off 0.5167470246950293 neg 0.440040990345468 __DUMMY__ 0.04321198495950265	false	0.5
hippie	neg 1.0		off 0.5038332230922812 neg 0.45255845843634834 __DUMMY__ 0.04360831847137047	false	0.5
rammen	neg 1.0		off 0.5030869279309607 neg 0.45311894331857433 __DUMMY__ 0.043794128750465004	false	0.5
unlauter	neg 1.0		off 0.49744243442915237 neg 0.4592513061813586 __DUMMY__ 0.04330625938948912	false	0.5
unheilvoll	neg 1.0		off 0.5053402666789674 neg 0.45082827090950306 __DUMMY__ 0.043831462411529666	false	0.5
niedrig	neg 1.0		off 0.49816462740210754 neg 0.4577877858772903 __DUMMY__ 0.044047586720602196	false	0.5
explosion	neg 1.0		off 0.503131595493589 neg 0.4532645362840174 __DUMMY__ 0.043603868222393545	false	0.5
weichei	off 1.0		off 0.5115939309043573 neg 0.4452048680681768 __DUMMY__ 0.043201201027465816	false	1.0
minusmensch	off 1.0		off 0.5114698710757887 neg 0.44580179161095534 __DUMMY__ 0.04272833731325602	false	1.0
farblos	neg 1.0		off 0.5032442057057466 neg 0.4526728229598347 __DUMMY__ 0.04408297133441881	false	0.5
unwissend	neg 1.0	neg 1.0	neg 0.7102869541462059 off 0.2688938950407377 __DUMMY__ 0.0208191508130565	false	1.0
traurig	neg 1.0		off 0.5094749441234036 neg 0.4471207724359665 __DUMMY__ 0.04340428344062987	false	0.5
senkung	neg 1.0		off 0.5014194286147691 neg 0.4551892445725664 __DUMMY__ 0.04339132681266455	false	0.5
ungleich	neg 1.0	neg 1.0	neg 0.7153339256660949 off 0.2636756466172548 __DUMMY__ 0.020990427716650353	false	1.0
heikel	neg 1.0		off 0.4952806125039287 neg 0.46090311197426037 __DUMMY__ 0.04381627552181098	false	0.5
drosselung	neg 1.0		off 0.5071307019143659 neg 0.4493771286809626 __DUMMY__ 0.043492169404671384	false	0.5
falsch	neg 1.0		off 0.5053978508298712 neg 0.4510140729266009 __DUMMY__ 0.043588076243527875	false	0.5
unzufriedenheit	neg 1.0		off 0.49518163688530176 neg 0.4609306340709854 __DUMMY__ 0.043887729043712936	false	0.5
kurz	neg 1.0		off 0.5013832378011928 neg 0.454637613104921 __DUMMY__ 0.043979149093886324	false	0.5
unsinnig	neg 1.0		off 0.4977084300253087 neg 0.45867175324517595 __DUMMY__ 0.043619816729515336	false	0.5
penner	off 1.0	off 1.0	off 0.7433925649837813 neg 0.23593046936138373 __DUMMY__ 0.02067696565483513	false	1.0
seicht	neg 1.0		off 0.5124704416799201 neg 0.4446071151164989 __DUMMY__ 0.04292244320358098	false	0.5
dummheit	off 1.0	off 1.0	off 0.7376187164367771 neg 0.2415026807413115 __DUMMY__ 0.020878602821911386	false	1.0
unerfreulich	neg 1.0		off 0.4958994924479343 neg 0.46010228857125524 __DUMMY__ 0.04399821898081043	false	0.5
motherfucker	off 1.0	off 1.0	off 0.7396256006293501 neg 0.2395999078413727 __DUMMY__ 0.020774491529277156	false	1.0
pikiert	neg 1.0		off 0.5049315624700234 neg 0.4517014747261285 __DUMMY__ 0.04336696280384822	false	0.5
wrack	neg 1.0		off 0.49844374549395876 neg 0.45755147570214083 __DUMMY__ 0.04400477880390028	false	0.5
gangster	neg 1.0		off 0.5037924444672389 neg 0.4525547345100212 __DUMMY__ 0.04365282102273984	false	0.5
krank	neg 1.0		off 0.509010919696322 neg 0.4474094248504867 __DUMMY__ 0.043579655453191306	false	0.5
reich	neg 1.0		off 0.5027252821898568 neg 0.4539677431367895 __DUMMY__ 0.043306974673353746	false	0.5
gnadenlos	neg 1.0		off 0.5022674117440444 neg 0.453996842779944 __DUMMY__ 0.04373574547601159	false	0.5
niedergeschlagen	neg 1.0		off 0.5020214535474178 neg 0.4539795303336345 __DUMMY__ 0.04399901611894783	false	0.5
terrorisieren	off 1.0	off 1.0	off 0.7351896912913595 neg 0.2437228260010329 __DUMMY__ 0.02108748270760759	false	1.0
sinnlosigkeit	neg 1.0		off 0.4985806555145152 neg 0.4576622944439495 __DUMMY__ 0.04375705004153531	false	0.5
behindern	neg 1.0		off 0.4996435482867356 neg 0.456654885424013 __DUMMY__ 0.043701566289251426	false	0.5
undemokratisch	neg 1.0		off 0.4991539217816021 neg 0.4573955118041401 __DUMMY__ 0.043450566414257846	false	0.5
wirtschaftskrise	neg 1.0		off 0.49651381975253844 neg 0.45975481844016325 __DUMMY__ 0.0437313618072983	false	0.5
neid	neg 1.0		off 0.5077807493683824 neg 0.4484755794481353 __DUMMY__ 0.043743671183482366	false	0.5
rutschen	neg 1.0		off 0.4976215118666525 neg 0.4580080143693987 __DUMMY__ 0.0443704737639487	false	0.5
rezession	neg 1.0		off 0.5084364097766549 neg 0.4483686997361411 __DUMMY__ 0.04319489048720402	false	0.5
fehlgeburt	neg 1.0		off 0.5053539483652607 neg 0.45078256915432874 __DUMMY__ 0.043863482480410616	false	0.5
charakterschwach	off 1.0		off 0.5066672061605914 neg 0.44988928447685117 __DUMMY__ 0.043443509362557566	false	1.0
isolation	neg 1.0		off 0.505676774601154 neg 0.4506676868109219 __DUMMY__ 0.043655538587924245	false	0.5
ablenkung	neg 1.0		off 0.501851466354615 neg 0.4543807574782254 __DUMMY__ 0.04376777616715967	false	0.5
pech	neg 1.0		off 0.505775421616092 neg 0.450570220445149 __DUMMY__ 0.04365435793875894	false	0.5
vermeidung	neg 1.0		off 0.505877551920387 neg 0.4507904190120603 __DUMMY__ 0.043332029067552694	false	0.5
dominieren	neg 1.0		off 0.4998027353784374 neg 0.45613067522626527 __DUMMY__ 0.044066589395297326	false	0.5
schwindlig	neg 1.0		off 0.5070543889441681 neg 0.4489781691431543 __DUMMY__ 0.04396744191267766	false	0.5
lutscher	neg 1.0		off 0.513599254884487 neg 0.4434613269787718 __DUMMY__ 0.04293941813674135	false	0.5
pflicht	neg 1.0		off 0.49528540663313825 neg 0.46087181843678593 __DUMMY__ 0.043842774930075726	false	0.5
faschist	off 1.0		off 0.5012403702024809 neg 0.4553951859625901 __DUMMY__ 0.043364443834929024	false	1.0
verschleudern	neg 1.0		off 0.4934510452597561 neg 0.46301991151365013 __DUMMY__ 0.04352904322659373	false	0.5
wenn			off 0.5055275138674411 neg 0.45090032373798367 __DUMMY__ 0.04357216239457512	false	0.0
ehebruch	neg 1.0		off 0.49762528090026864 neg 0.45855134702989525 __DUMMY__ 0.04382337206983608	false	0.5
spott	off 1.0		off 0.49601163168078144 neg 0.4602479339087453 __DUMMY__ 0.043740434410473414	false	1.0
trostlosigkeit	neg 1.0		off 0.49548332604435824 neg 0.4605130519089243 __DUMMY__ 0.04400362204671751	false	0.5
lutschen	neg 1.0		off 0.5028055131940936 neg 0.453635034986405 __DUMMY__ 0.04355945181950136	false	0.5
undiszipliniert	neg 1.0		off 0.5091945769355836 neg 0.44731970212476263 __DUMMY__ 0.04348572093965374	false	0.5
kopfschmerz	neg 1.0		off 0.5020853760449433 neg 0.45390908052752177 __DUMMY__ 0.04400554342753489	false	0.5
unvorhergesehen	neg 1.0		off 0.5005339667368859 neg 0.4552971132176894 __DUMMY__ 0.04416892004542474	false	0.5
desinteressiert	neg 1.0		off 0.5076346930781855 neg 0.4490086929071108 __DUMMY__ 0.04335661401470381	false	0.5
armselig	off 1.0		off 0.5072571832300534 neg 0.44954908567541507 __DUMMY__ 0.04319373109453134	false	1.0
desaster	neg 1.0		off 0.4927830941688863 neg 0.4633066980848393 __DUMMY__ 0.04391020774627435	false	0.5
tod	neg 1.0		off 0.4999128196824917 neg 0.45604628690362836 __DUMMY__ 0.04404089341387989	false	0.5
herzlos	neg 1.0		off 0.5090005746894527 neg 0.4477045195695133 __DUMMY__ 0.043294905741034055	false	0.5
unwissenheit	neg 1.0		off 0.4967535966903215 neg 0.4596357169325773 __DUMMY__ 0.04361068637710126	false	0.5
widersinnig	neg 1.0	neg 1.0	neg 0.715513741410411 off 0.26365662384977706 __DUMMY__ 0.020829634739811947	false	1.0
bedenklich	neg 1.0		off 0.49668102217301396 neg 0.4595549013488181 __DUMMY__ 0.043764076478167935	false	0.5
beanstanden	neg 1.0		off 0.4947896348510187 neg 0.4613342006849987 __DUMMY__ 0.043876164463982716	false	0.5
panisch	neg 1.0	neg 1.0	neg 0.7087652283191489 off 0.2701032892159395 __DUMMY__ 0.021131482464911592	false	1.0
debil	off 1.0		off 0.49134941044221686 neg 0.464474219294766 __DUMMY__ 0.04417637026301706	false	1.0
abstrich	neg 1.0		off 0.4971019038766008 neg 0.45918882114911447 __DUMMY__ 0.04370927497428463	false	0.5
primitiv	neg 1.0		off 0.5067517347185262 neg 0.4499003757384534 __DUMMY__ 0.04334788954302042	false	0.5
abschaum	off 1.0	off 1.0	off 0.7387958835565117 neg 0.24036127465207452 __DUMMY__ 0.020842841791413727	false	1.0
provozieren	neg 1.0		off 0.5012142807281719 neg 0.45513270091125896 __DUMMY__ 0.04365301836056908	false	0.5
tot	neg 1.0		off 0.49576448732860207 neg 0.46053060843140925 __DUMMY__ 0.04370490423998868	false	0.5
instabil	neg 1.0		off 0.5042056388148901 neg 0.452680303451735 __DUMMY__ 0.04311405773337486	false	0.5
schwuchtel	off 1.0		off 0.5179305656794729 neg 0.4392983096935834 __DUMMY__ 0.04277112462694358	false	1.0
zerren	neg 1.0		off 0.5020351282631887 neg 0.45396851067162425 __DUMMY__ 0.04399636106518689	false	0.5
kinderficker	off 1.0		off 0.5085860902919549 neg 0.44841142340743156 __DUMMY__ 0.04300248630061352	false	1.0
gefahr	neg 1.0		off 0.49645095188990834 neg 0.4595532813937438 __DUMMY__ 0.0439957667163477	false	0.5
rabiat	neg 1.0		off 0.5006605964103259 neg 0.45565772169499075 __DUMMY__ 0.04368168189468328	false	0.5
verlangsamung	neg 1.0		off 0.5126738672051565 neg 0.4441597755639574 __DUMMY__ 0.04316635723088601	false	0.5
ausgestorben	neg 1.0		off 0.5017904462161444 neg 0.454328747765185 __DUMMY__ 0.04388080601867049	false	0.5
anklagen	neg 1.0		off 0.4988124078026969 neg 0.4574400746857199 __DUMMY__ 0.04374751751158319	false	0.5
trott	neg 1.0		off 0.5010032099090989 neg 0.455182395829029 __DUMMY__ 0.04381439426187223	false	0.5
verminderung	neg 1.0		off 0.5063997558459342 neg 0.4503203928129639 __DUMMY__ 0.043279851341101926	false	0.5
nach			off 0.4971982830257519 neg 0.4582473181331664 __DUMMY__ 0.04455439884108167	false	0.0
rost	neg 1.0		off 0.5119793407083232 neg 0.44476113275577933 __DUMMY__ 0.043259526535897604	false	0.5
destruktiv	neg 1.0		off 0.49831047859159755 neg 0.45817173826644425 __DUMMY__ 0.04351778314195824	false	0.5
unzumutbarkeit	neg 1.0		off 0.5059744395261119 neg 0.45045170801004986 __DUMMY__ 0.0435738524638384	false	0.5
labil	off 1.0	off 1.0	off 0.7387632079838521 neg 0.24038818836956669 __DUMMY__ 0.02084860364658128	false	1.0
ziemlich	neg 1.0		off 0.5075700748463216 neg 0.4488777253540881 __DUMMY__ 0.04355219979959031	false	0.5
lachnummer	off 1.0		off 0.4994710823757895 neg 0.4569162921088291 __DUMMY__ 0.04361262551538126	false	1.0
oder			off 0.5024459156584633 neg 0.45372842466681235 __DUMMY__ 0.04382565967472438	false	0.0
verfall	neg 1.0		off 0.4914940986924368 neg 0.46442355873633007 __DUMMY__ 0.044082342571233	false	0.5
ausgrenzung	neg 1.0		off 0.500574554974605 neg 0.4559360325863192 __DUMMY__ 0.04348941243907572	false	0.5
unordnung	neg 1.0		off 0.50668988759996 neg 0.4497756418572445 __DUMMY__ 0.04353447054279548	false	0.5
fehlverhalten	neg 1.0		off 0.4956105421386197 neg 0.4605572543339196 __DUMMY__ 0.04383220352746072	false	0.5
eine			off 0.49614143427997265 neg 0.45989410377851003 __DUMMY__ 0.04396446194151735	false	0.0
nille	neg 1.0		off 0.4997125815060838 neg 0.45652112974530823 __DUMMY__ 0.0437662887486079	false	0.5
qual	neg 1.0		off 0.5006911358618431 neg 0.45549934283582794 __DUMMY__ 0.0438095213023289	false	0.5
verschwenden	neg 1.0		off 0.4977203264799625 neg 0.45848296513853715 __DUMMY__ 0.04379670838150034	false	0.5
riesig	neg 1.0	neg 1.0	neg 0.7125779753465619 off 0.2662351607425443 __DUMMY__ 0.021186863910893916	false	1.0
verurteilen	neg 1.0		off 0.4982854108848106 neg 0.4579536000753823 __DUMMY__ 0.04376098903980707	false	0.5
klischee	neg 1.0	neg 1.0	neg 0.7113910774409548 off 0.2677802572449103 __DUMMY__ 0.020828665314134923	false	1.0
diktatorisch	neg 1.0		off 0.49921709650560564 neg 0.457401248042761 __DUMMY__ 0.04338165545163322	false	0.5
vorhersehbar	neg 1.0	neg 1.0	neg 0.7112901032857704 off 0.2678260978381588 __DUMMY__ 0.020883798876070864	false	1.0
sowie			off 0.5103913148813687 neg 0.4464282884977745 __DUMMY__ 0.04318039662085691	false	0.0
stornieren	neg 1.0		off 0.5046505251359417 neg 0.45136104119829706 __DUMMY__ 0.043988433665761155	false	0.5
besteuerung	neg 1.0		off 0.49892792124440166 neg 0.4576406063716602 __DUMMY__ 0.043431472383938075	false	0.5
ungeschminkt	neg 1.0		off 0.5064255045761427 neg 0.4501782802073935 __DUMMY__ 0.043396215216463946	false	0.5
kritisch	neg 1.0		off 0.4961889066691891 neg 0.4600638359250036 __DUMMY__ 0.04374725740580738	false	0.5
schlamperei	off 1.0		off 0.49473872548971437 neg 0.46151833465058945 __DUMMY__ 0.043742939859696184	false	1.0
sucht	neg 1.0	neg 1.0	neg 0.7114344615686434 off 0.26748814829697276 __DUMMY__ 0.021077390134383846	false	1.0
egoistisch	off 1.0		off 0.5118055418802624 neg 0.4449503279410268 __DUMMY__ 0.043244130178710954	false	1.0
ausbeuter	off 1.0		off 0.494470582026383 neg 0.46179439242027065 __DUMMY__ 0.04373502555334627	false	1.0
arschgeburt	off 1.0		off 0.517517508928916 neg 0.4397654194800567 __DUMMY__ 0.04271707159102745	false	1.0
schubs	neg 1.0	neg 1.0	neg 0.7117907887800681 off 0.2670306059806165 __DUMMY__ 0.021178605239315418	false	1.0
unsolide	neg 1.0		off 0.49748365644558623 neg 0.4593831271731323 __DUMMY__ 0.04313321638128147	false	0.5
beschwerde	neg 1.0		off 0.49529145614144177 neg 0.4609422227081677 __DUMMY__ 0.04376632115039039	false	0.5
stocken	neg 1.0		off 0.49755605896918076 neg 0.4585345200250473 __DUMMY__ 0.04390942100577189	false	0.5
isolieren	neg 1.0		off 0.4982352328365244 neg 0.4579461892804978 __DUMMY__ 0.04381857788297789	false	0.5
unheilbar	neg 1.0		off 0.5037683505125206 neg 0.45230363238533977 __DUMMY__ 0.04392801710213958	false	0.5
pisser	off 1.0		off 0.5084289769577301 neg 0.4481007426984521 __DUMMY__ 0.04347028034381769	false	1.0
löschen	neg 1.0		off 0.501212982781103 neg 0.45501498656226474 __DUMMY__ 0.04377203065663219	false	0.5
durchfallen	neg 1.0		off 0.49715846398142194 neg 0.45918331414569913 __DUMMY__ 0.043658221872878954	false	0.5
wichser	off 1.0		off 0.5162635488223012 neg 0.44069392128157414 __DUMMY__ 0.043042529896124795	false	1.0
terror	neg 1.0		off 0.504912320125537 neg 0.45134251690965904 __DUMMY__ 0.04374516296480385	false	0.5
krass	neg 1.0		off 0.5096055577879712 neg 0.4471156564294685 __DUMMY__ 0.04327878578256014	false	0.5
revolte	neg 1.0		off 0.5013423877385713 neg 0.4551766416469328 __DUMMY__ 0.04348097061449589	false	0.5
besorgt	neg 1.0		off 0.5015291607087722 neg 0.4544136417755151 __DUMMY__ 0.04405719751571276	false	0.5
nachlassen	neg 1.0		off 0.4975121280783943 neg 0.4585463462293728 __DUMMY__ 0.043941525692232884	false	0.5
alt	neg 1.0		off 0.4987080892892457 neg 0.457386056753962 __DUMMY__ 0.04390585395679227	false	0.5
hundesohn	off 1.0		off 0.5129342920586577 neg 0.4441208586440023 __DUMMY__ 0.04294484929734008	false	1.0
als			off 0.5004803051919133 neg 0.45559211193623583 __DUMMY__ 0.04392758287185085	false	0.0
abschreckung	neg 1.0		off 0.49511821954873336 neg 0.4609062781592981 __DUMMY__ 0.043975502291968546	false	0.5
unqualifiziert	neg 1.0		off 0.5009213902642133 neg 0.4558103648475073 __DUMMY__ 0.04326824488827933	false	0.5
abgewichst	off 1.0		off 0.4993964615179551 neg 0.45678780810315256 __DUMMY__ 0.04381573037889233	false	1.0
schwer	neg 1.0		off 0.5017333287556196 neg 0.45445548381604395 __DUMMY__ 0.04381118742833632	false	0.5
bedeutungslosigkeit	neg 1.0		off 0.49544709988311797 neg 0.46066625504714154 __DUMMY__ 0.04388664506974059	false	0.5
kapitulation	neg 1.0		off 0.4952719217118083 neg 0.4610518548361796 __DUMMY__ 0.04367622345201214	false	0.5
unscharf	neg 1.0		off 0.5031317793805041 neg 0.4532817622031199 __DUMMY__ 0.04358645841637605	false	0.5
schwinden	neg 1.0		off 0.4960205135662549 neg 0.4600295594563647 __DUMMY__ 0.04394992697738027	false	0.5
versklavung	neg 1.0		off 0.499413432230798 neg 0.4571419295418925 __DUMMY__ 0.04344463822730957	false	0.5
schlecht	neg 1.0		off 0.5079042930157068 neg 0.4485204388782794 __DUMMY__ 0.04357526810601388	false	0.5
verhasst	neg 1.0		off 0.5016882229979623 neg 0.454663212193707 __DUMMY__ 0.043648564808330785	false	0.5
beschweren	neg 1.0		off 0.5030591359827876 neg 0.4532695085758919 __DUMMY__ 0.04367135544132043	false	0.5
scheiden	neg 1.0		off 0.5039076050820053 neg 0.4521261307106144 __DUMMY__ 0.04396626420738034	false	0.5
frustriert	neg 1.0		off 0.500360930723968 neg 0.45581780142446143 __DUMMY__ 0.04382126785157056	false	0.5
schimmelig	neg 1.0		off 0.49862302854091206 neg 0.45739490540195643 __DUMMY__ 0.04398206605713152	false	0.5
fisch	neg 1.0		off 0.4981315912155503 neg 0.4577518520607132 __DUMMY__ 0.04411655672373665	false	0.5
schmuggel	neg 1.0		off 0.49871412743635 neg 0.4570821931237672 __DUMMY__ 0.044203679439882786	false	0.5
auffallen	neg 1.0		off 0.5038226360599726 neg 0.4525241903448962 __DUMMY__ 0.04365317359513126	false	0.5
konkurrenz	neg 1.0	neg 1.0	neg 0.7153752195750471 off 0.26348341624555444 __DUMMY__ 0.021141364179398495	false	1.0
teufelskreis	neg 1.0		off 0.500766867529623 neg 0.45544398579475404 __DUMMY__ 0.043789146675623114	false	0.5
aufschreien	neg 1.0		off 0.5028632091583313 neg 0.45356375487401585 __DUMMY__ 0.04357303596765286	false	0.5
schuldner	neg 1.0		off 0.4958675470662933 neg 0.4602247161215383 __DUMMY__ 0.043907736812168266	false	0.5
missgeburt	off 1.0	off 1.0	off 0.7418481467986792 neg 0.2374440573360537 __DUMMY__ 0.020707795865267255	false	1.0
arbeitslos	neg 1.0		off 0.4976538145048746 neg 0.4586699193220577 __DUMMY__ 0.043676266173067656	false	0.5
befallen	neg 1.0		off 0.4996647022954905 neg 0.45652889066267477 __DUMMY__ 0.043806407041834694	false	0.5
miesepetrig	off 1.0	off 1.0	off 0.7404224904258142 neg 0.23866104492021797 __DUMMY__ 0.020916464653967886	false	1.0
alarmieren	neg 1.0		off 0.5042706139943551 neg 0.452283966494458 __DUMMY__ 0.04344541951118707	false	0.5
ungeduscht	off 1.0		off 0.5057966475830676 neg 0.45052679465351664 __DUMMY__ 0.043676557763415814	false	1.0
knappheit	neg 1.0		off 0.4954522477626503 neg 0.4608722791133957 __DUMMY__ 0.043675473123954	false	0.5
schlange	neg 1.0		off 0.5051616421934564 neg 0.45094906660539513 __DUMMY__ 0.04388929120114837	false	0.5
harsch	neg 1.0		off 0.5118571732501112 neg 0.4447010165364054 __DUMMY__ 0.04344181021348346	false	0.5
lang	neg 1.0		off 0.5019361065763555 neg 0.45427908299310726 __DUMMY__ 0.043784810430537315	false	0.5
ziellos	neg 1.0		off 0.5006307211552103 neg 0.45534504464059794 __DUMMY__ 0.04402423420419178	false	0.5
selbstverliebt	neg 1.0		off 0.5152272833510163 neg 0.44195217803367753 __DUMMY__ 0.04282053861530608	false	0.5
beseitigen	neg 1.0		off 0.4999511039798993 neg 0.4562902930064014 __DUMMY__ 0.043758603013699375	false	0.5
dumm	off 1.0		off 0.5118161656472378 neg 0.445072194325561 __DUMMY__ 0.043111640027201234	false	1.0
arbeitsloser	neg 1.0		off 0.4982808810410056 neg 0.45785903821595364 __DUMMY__ 0.04386008074304089	false	0.5
blitzen	neg 1.0		off 0.5043560999799931 neg 0.4520085824650106 __DUMMY__ 0.04363531755499653	false	0.5
hilflos	neg 1.0		off 0.500408890876367 neg 0.4557074883093139 __DUMMY__ 0.04388362081431909	false	0.5
eklig	off 1.0		off 0.5135005691085197 neg 0.4433159101847003 __DUMMY__ 0.043183520706779915	false	1.0
begriff			off 0.4987299528575647 neg 0.4576023489057964 __DUMMY__ 0.04366769823663886	false	0.0
hungersnot	neg 1.0		off 0.500156105490967 neg 0.45595460705519447 __DUMMY__ 0.04388928745383861	false	0.5
ungesetzlich	neg 1.0		off 0.4985494412485094 neg 0.4582263014592485 __DUMMY__ 0.043224257292242024	false	0.5
verschwendung	neg 1.0		off 0.496924460608586 neg 0.4591837423985634 __DUMMY__ 0.04389179699285046	false	0.5
schmerzvoll	neg 1.0		off 0.5035030296002062 neg 0.45277810724575535 __DUMMY__ 0.04371886315403842	false	0.5
vorzeitig	neg 1.0		off 0.5058244578342919 neg 0.4503995122521217 __DUMMY__ 0.043776029913586346	false	0.5
unvollkommenheit	neg 1.0		off 0.5025373814467639 neg 0.4532648377037465 __DUMMY__ 0.04419778084948966	false	0.5
intervenieren	neg 1.0		off 0.49457608392682434 neg 0.46171734340122045 __DUMMY__ 0.04370657267195517	false	0.5
banause	off 1.0		off 0.513871802974839 neg 0.4431832405799761 __DUMMY__ 0.04294495644518499	false	1.0
rebell	neg 1.0		off 0.4937129038952905 neg 0.4622742558144105 __DUMMY__ 0.04401284029029903	false	0.5
unlogisch	neg 1.0		off 0.5087719246759752 neg 0.4479146913349032 __DUMMY__ 0.0433133839891216	false	0.5
leiden	neg 1.0		off 0.5002367280518865 neg 0.4554855751131651 __DUMMY__ 0.0442776968349483	false	0.5
abschaffung	neg 1.0		off 0.4988534522727096 neg 0.45768906506993984 __DUMMY__ 0.04345748265735042	false	0.5
sturz	neg 1.0		off 0.50242902131875 neg 0.45369352404314245 __DUMMY__ 0.043877454638107556	false	0.5
verkleinerung	neg 1.0		off 0.5010229712757744 neg 0.45565628218804755 __DUMMY__ 0.043320746536178074	false	0.5
schmarotzer	off 1.0		off 0.496949221112173 neg 0.45942701301366173 __DUMMY__ 0.04362376587416534	false	1.0
bestrafung	neg 1.0		off 0.5022424109235294 neg 0.4540961109567894 __DUMMY__ 0.04366147811968117	false	0.5
achtlos	neg 1.0		off 0.502506339807664 neg 0.4535996036057635 __DUMMY__ 0.04389405658657251	false	0.5
ungeheuer	neg 1.0		off 0.5045031643353132 neg 0.4518536043202192 __DUMMY__ 0.04364323134446768	false	0.5
unaufrichtig	neg 1.0		off 0.5020520436014173 neg 0.4544221722341681 __DUMMY__ 0.04352578416441451	false	0.5
groggy	neg 1.0		off 0.5031508674370198 neg 0.45326491970912397 __DUMMY__ 0.04358421285385638	false	0.5
