unsolidarisch	neg 1.0		__DUMMY__ 0.8898870866113454 neg 0.05506757033059313 off 0.05504534305806141	false	1.0
nachteilig	neg 1.0		__DUMMY__ 0.8969666445315335 neg 0.05182549868978282 off 0.05120785677868363	false	1.0
skeptisch	neg 1.0		__DUMMY__ 0.8973527966976141 neg 0.05202571676584197 off 0.050621486536543844	false	1.0
schrecklich	neg 1.0		__DUMMY__ 0.8903413645183175 off 0.0634109527514591 neg 0.04624768273022353	false	0.5
schlapp	neg 1.0		__DUMMY__ 0.8945873417476278 off 0.05908137072531642 neg 0.046331287527055794	false	0.5
abfall	neg 1.0		__DUMMY__ 0.9002637395761707 neg 0.05152884554208398 off 0.04820741488174527	false	1.0
widerspenstig	neg 1.0		__DUMMY__ 0.8966647034448405 off 0.05467284572485388 neg 0.0486624508303057	false	0.5
abrupt	neg 1.0		__DUMMY__ 0.9004586351725 off 0.05062784518898326 neg 0.048913519638516714	false	0.5
unwirksam	neg 1.0		__DUMMY__ 0.8913873581743271 off 0.05463694359565354 neg 0.05397569823001936	false	0.5
angreifen	neg 1.0	neg 1.0	neg 0.5090816024579532 __DUMMY__ 0.4522893441009088 off 0.038629053441137935	false	1.0
inkonsistent	neg 1.0		__DUMMY__ 0.8952521340143534 off 0.055321067718801506 neg 0.04942679826684516	false	0.5
abrutschen	neg 1.0		__DUMMY__ 0.899941641218175 neg 0.051520130181266215 off 0.04853822860055878	false	1.0
unsicher	neg 1.0		__DUMMY__ 0.8969135965118219 off 0.05505649634306985 neg 0.04802990714510828	false	0.5
bauernkind	off 1.0	off 1.0	off 0.5177139955449812 __DUMMY__ 0.44489403511777764 neg 0.037391969337241183	false	1.0
angreifer	neg 1.0		__DUMMY__ 0.897206185573146 off 0.056104788313099355 neg 0.0466890261137545	false	0.5
trennen	neg 1.0		__DUMMY__ 0.9014614870003052 off 0.0511548994268457 neg 0.04738361357284909	false	0.5
schmutz	neg 1.0		__DUMMY__ 0.9027746800304439 off 0.056070253349634294 neg 0.04115506661992176	false	0.5
inkonsistenz	neg 1.0		__DUMMY__ 0.8898557176565224 off 0.05872465794028318 neg 0.05141962440319441	false	0.5
erschreckend	neg 1.0		__DUMMY__ 0.8951351670513309 off 0.0541284390119577 neg 0.05073639393671152	false	0.5
ertrinken	neg 1.0		__DUMMY__ 0.9003742496622256 off 0.05188571267243686 neg 0.04774003766533751	false	0.5
pickelface	off 1.0		__DUMMY__ 0.8960473083812809 off 0.05306597056159249 neg 0.050886721057126605	false	1.0
seiner			__DUMMY__ 0.8993695733546011 off 0.05096956708879365 neg 0.04966085955660523	false	0.0
lauch	neg 1.0		__DUMMY__ 0.8976951268507849 neg 0.053970345326747146 off 0.04833452782246804	false	1.0
unwichtig	neg 1.0		__DUMMY__ 0.8923536449830454 off 0.05925938631312538 neg 0.04838696870382932	false	0.5
steuerhinterziehung	neg 1.0		__DUMMY__ 0.8941304570372162 off 0.053501741271826504 neg 0.05236780169095731	false	0.5
schock	neg 1.0		__DUMMY__ 0.8997455804003102 off 0.054108365378897925 neg 0.046146054220791904	false	0.5
beule	neg 1.0		__DUMMY__ 0.8951829663501074 off 0.0592619360198241 neg 0.045555097630068556	false	0.5
vergelten	neg 1.0		__DUMMY__ 0.8950275749616181 off 0.06228385599981984 neg 0.04268856903856206	false	0.5
verdorbenheit	neg 1.0		__DUMMY__ 0.896671595880223 off 0.05401129985470851 neg 0.04931710426506842	false	0.5
trauma	neg 1.0		__DUMMY__ 0.8951520161327495 off 0.0558080496991028 neg 0.04903993416814761	false	0.5
sinnlos	neg 1.0		__DUMMY__ 0.8955705674220077 off 0.057066404814513326 neg 0.04736302776347895	false	0.5
fettsack	off 1.0	off 1.0	off 0.5189936968649439 __DUMMY__ 0.44623550334309 neg 0.03477079979196602	false	1.0
feige	off 1.0	off 1.0	off 0.5155060006065025 __DUMMY__ 0.44725768625108286 neg 0.037236313142414615	false	1.0
abdanken	neg 1.0		__DUMMY__ 0.8945407247309685 off 0.054445011357090574 neg 0.05101426391194084	false	0.5
wichtigtuer	off 1.0	off 1.0	off 0.513448201334278 __DUMMY__ 0.4487527982031325 neg 0.037799000462589445	false	1.0
misslingen	neg 1.0		__DUMMY__ 0.9006029617134279 off 0.05544481409291387 neg 0.04395222419365828	false	0.5
untreu	off 1.0		__DUMMY__ 0.8918663176564321 off 0.0603296630272768 neg 0.0478040193162911	false	1.0
missmutig	neg 1.0		__DUMMY__ 0.8937749007885374 off 0.059173355154884574 neg 0.047051744056577985	false	0.5
hurenbock	off 1.0		__DUMMY__ 0.8964767647641807 off 0.05576459883167389 neg 0.04775863640414533	false	1.0
betrunken	neg 1.0		__DUMMY__ 0.8945923844038791 off 0.06136785092920455 neg 0.04403976466691636	false	0.5
korrupt	off 1.0		__DUMMY__ 0.8921762674985314 neg 0.054789585011737335 off 0.05303414748973125	false	0.5
unmut	neg 1.0		__DUMMY__ 0.8990536074016297 neg 0.05248453899602031 off 0.04846185360235	false	1.0
hackfresse	off 1.0		__DUMMY__ 0.8871924768117937 off 0.06645875834593572 neg 0.04634876484227052	false	1.0
aufblasen	neg 1.0		__DUMMY__ 0.8974355149257023 off 0.05599715350618785 neg 0.04656733156810991	false	0.5
gewaltsam	neg 1.0		__DUMMY__ 0.8968885189178346 off 0.05411535631948384 neg 0.04899612476268152	false	0.5
unbeliebtheit	neg 1.0		__DUMMY__ 0.8857613401939218 off 0.05888863154806275 neg 0.05535002825801547	false	0.5
sturheit	neg 1.0		__DUMMY__ 0.8949386209947273 off 0.05422890024075854 neg 0.050832478764514084	false	0.5
kuh	neg 1.0		__DUMMY__ 0.8936532845207324 off 0.054907818290221684 neg 0.05143889718904583	false	0.5
erschrecken	neg 1.0		__DUMMY__ 0.8944603997341135 off 0.05858041366536016 neg 0.046959186600526365	false	0.5
opfer	neg 1.0		__DUMMY__ 0.8989939803172357 off 0.05206773827057292 neg 0.04893828141219147	false	0.5
sinken	neg 1.0		__DUMMY__ 0.8990417635315748 neg 0.05221310776409428 off 0.04874512870433087	false	1.0
stinktier	neg 1.0		__DUMMY__ 0.8890621827431171 off 0.06382858241174523 neg 0.047109234845137654	false	0.5
tucke	off 1.0		__DUMMY__ 0.88354598522033 off 0.06674503087438796 neg 0.04970898390528205	false	1.0
ein			__DUMMY__ 0.8967205663626675 off 0.05530244738526445 neg 0.04797698625206798	false	0.0
abstieg	neg 1.0		__DUMMY__ 0.901702209983487 off 0.0512064643669552 neg 0.04709132564955783	false	0.5
missverstehen	neg 1.0		__DUMMY__ 0.8928086844622043 off 0.057352733119122555 neg 0.04983858241867313	false	0.5
ergebnislos	neg 1.0		__DUMMY__ 0.8976764465348999 neg 0.05119109833492519 off 0.051132455130175	false	1.0
unter			__DUMMY__ 0.906081646074553 neg 0.04958853034551708 off 0.04432982357992995	false	0.0
manipulieren	neg 1.0		__DUMMY__ 0.8980061942734596 neg 0.05123870072317678 off 0.0507551050033635	false	1.0
unbewiesen	neg 1.0		__DUMMY__ 0.8896456567951072 off 0.055345161261226634 neg 0.055009181943666136	false	0.5
verschleppen	neg 1.0		__DUMMY__ 0.8975100544439077 off 0.0526414057356413 neg 0.04984853982045092	false	0.5
weib	off 1.0		__DUMMY__ 0.8875776036159214 off 0.06643291029348278 neg 0.045989486090595846	false	1.0
opposition	neg 1.0		__DUMMY__ 0.8935224355394582 off 0.05627537076573495 neg 0.05020219369480689	false	0.5
verkehrswidrig	neg 1.0	neg 1.0	neg 0.5003864731490144 __DUMMY__ 0.45259441933139155 off 0.04701910751959392	false	1.0
inkorrekt	neg 1.0		__DUMMY__ 0.8881337326687357 off 0.06155457529296266 neg 0.050311692038301555	false	0.5
vermeiden	neg 1.0		__DUMMY__ 0.9028149271115119 neg 0.05088869343950796 off 0.046296379448980275	false	1.0
abweichung	neg 1.0		__DUMMY__ 0.896154464421159 neg 0.0524183719717062 off 0.051427163607134875	false	1.0
alkoholisiert	neg 1.0		__DUMMY__ 0.9046930598006824 off 0.050004265942968314 neg 0.045302674256349214	false	0.5
scheiss	off 1.0	off 1.0	off 0.515122503619207 __DUMMY__ 0.44960942991514935 neg 0.03526806646564373	false	1.0
herausforderung	neg 1.0	neg 1.0	neg 0.5041099345256388 __DUMMY__ 0.4575444249119449 off 0.038345640562416246	false	1.0
pervers	off 1.0		__DUMMY__ 0.8861802558023082 off 0.06926772371125395 neg 0.044552020486437895	false	1.0
wackelig	neg 1.0		__DUMMY__ 0.9009461102399091 off 0.052432615269951424 neg 0.04662127449013946	false	0.5
verwickeln	neg 1.0		__DUMMY__ 0.8927910950020038 off 0.05729559815533381 neg 0.04991330684266238	false	0.5
vorwand	neg 1.0		__DUMMY__ 0.8986194279922531 neg 0.05135234362334843 off 0.05002822838439831	false	1.0
muschi	off 1.0		__DUMMY__ 0.895732173312611 off 0.0535212803404414 neg 0.05074654634694762	false	1.0
entmutigung	neg 1.0		__DUMMY__ 0.8928057484254555 off 0.05644928558198651 neg 0.050744965992558094	false	0.5
unangemessen	neg 1.0		__DUMMY__ 0.8947377115491889 off 0.0534284224209979 neg 0.05183386602981314	false	0.5
unstetig	neg 1.0		__DUMMY__ 0.8968999631307769 off 0.055362974219856226 neg 0.04773706264936682	false	0.5
entmutigen	neg 1.0		__DUMMY__ 0.8945171078880391 off 0.056136798471142765 neg 0.049346093640818205	false	0.5
schwanz	neg 1.0		__DUMMY__ 0.8983606482509526 neg 0.0510898561354895 off 0.050549495613557885	false	1.0
verbot	neg 1.0		__DUMMY__ 0.8944949197569745 off 0.052758939423010534 neg 0.05274614082001489	false	0.5
leid	neg 1.0		__DUMMY__ 0.8906874794928139 off 0.0643468858545738 neg 0.044965634652612343	false	0.5
archaisch	neg 1.0		__DUMMY__ 0.896625911353823 off 0.05313414858422023 neg 0.05023994006195689	false	0.5
gegen			__DUMMY__ 0.9005289939789054 neg 0.04992875228981624 off 0.0495422537312784	false	0.0
scheidung	neg 1.0		__DUMMY__ 0.8851608834872117 off 0.07252169250053038 neg 0.04231742401225801	false	0.5
einschlag	neg 1.0	neg 1.0	neg 0.5047568431990805 __DUMMY__ 0.4482511212412734 off 0.046992035559646136	false	1.0
m			__DUMMY__ 0.8980893008060994 off 0.05280237694954852 neg 0.049108322244352166	false	0.0
abgestanden	neg 1.0		__DUMMY__ 0.8982166449143881 off 0.054871486816630614 neg 0.046911868268981305	false	0.5
schmierig	off 1.0		__DUMMY__ 0.891141072989382 off 0.06392984284360476 neg 0.044929084167013265	false	1.0
unpraktisch	neg 1.0		__DUMMY__ 0.897894773807068 off 0.0554910993502176 neg 0.04661412684271443	false	0.5
wixxer	off 1.0		__DUMMY__ 0.8849520342612941 off 0.06904994085419118 neg 0.045998024884514814	false	1.0
bezeichnet			__DUMMY__ 0.8948633438055125 off 0.054658697609901746 neg 0.05047795858458565	false	0.0
jammerlappen	off 1.0		__DUMMY__ 0.8927178424993085 off 0.059396791494151134 neg 0.04788536600654047	false	1.0
farce	neg 1.0		__DUMMY__ 0.8931151917079261 neg 0.05347850664688077 off 0.05340630164519309	false	1.0
zwecklos	neg 1.0		__DUMMY__ 0.895622734420309 off 0.053361936240697336 neg 0.051015329338993644	false	0.5
turbulent	neg 1.0		__DUMMY__ 0.8911926801754562 off 0.05957937495662338 neg 0.04922794486792041	false	0.5
invasion	neg 1.0		__DUMMY__ 0.8950789273958665 off 0.057072882680550496 neg 0.047848189923583036	false	0.5
schuld	neg 1.0		__DUMMY__ 0.8950570058471418 off 0.05586108384364287 neg 0.04908191030921543	false	0.5
risiko	neg 1.0		__DUMMY__ 0.8969698586093297 off 0.05507131500802473 neg 0.04795882638264556	false	0.5
finster	neg 1.0		__DUMMY__ 0.8968992798723437 off 0.0552391992885491 neg 0.047861520839107045	false	0.5
geisteskrank	off 1.0		__DUMMY__ 0.8904896861146199 off 0.06099774563337059 neg 0.04851256825200956	false	1.0
zusammenbrechen	neg 1.0		__DUMMY__ 0.8978685785562713 off 0.0537435095527875 neg 0.04838791189094125	false	0.5
ausbeute	neg 1.0		__DUMMY__ 0.9003472756086881 off 0.050269010457837424 neg 0.049383713933474405	false	0.5
hinterhalt	neg 1.0		__DUMMY__ 0.8974294145266563 off 0.05289165127222446 neg 0.04967893420111931	false	0.5
kritik	neg 1.0		__DUMMY__ 0.8938731587587592 off 0.0532920110270701 neg 0.05283483021417061	false	0.5
einschrumpfen	neg 1.0		__DUMMY__ 0.890275023633117 off 0.05758454306173432 neg 0.05214043330514864	false	0.5
riskant	neg 1.0		__DUMMY__ 0.897099160076385 off 0.05185494960259758 neg 0.05104589032101738	false	0.5
frustrieren	neg 1.0		__DUMMY__ 0.8972356185322585 off 0.05196585084269056 neg 0.050798530625050894	false	0.5
groll	neg 1.0		__DUMMY__ 0.8969774855595009 off 0.05311402415460565 neg 0.049908490285893524	false	0.5
gibt			__DUMMY__ 0.8959747734468025 off 0.053470390038396445 neg 0.05055483651480103	false	0.0
qualvoll	neg 1.0		__DUMMY__ 0.8962504666761634 off 0.057828652305831736 neg 0.04592088101800487	false	0.5
wackeln	neg 1.0	neg 1.0	neg 0.5044098334406796 __DUMMY__ 0.45357108431389404 off 0.042019082245426304	false	1.0
klagen	neg 1.0		__DUMMY__ 0.8984968589141302 neg 0.05265205907838542 off 0.04885108200748433	false	1.0
bankrott	neg 1.0		__DUMMY__ 0.8942678904567845 off 0.05821234726740569 neg 0.04751976227580985	false	0.5
trauern	neg 1.0		__DUMMY__ 0.899901771851139 off 0.05179199652291429 neg 0.04830623162594678	false	0.5
ablehnung	neg 1.0		__DUMMY__ 0.8938116354797205 off 0.05338062298637785 neg 0.052807741533901616	false	0.5
stur	neg 1.0		__DUMMY__ 0.8942452149555952 off 0.05637790628682043 neg 0.04937687875758448	false	0.5
aufruhr	neg 1.0		__DUMMY__ 0.8974477796150663 off 0.05413615453855723 neg 0.04841606584637656	false	0.5
melancholie	neg 1.0		__DUMMY__ 0.8993207729964204 off 0.05235614452795646 neg 0.048323082475623114	false	0.5
ist			__DUMMY__ 0.8946421442890569 off 0.056523997334718475 neg 0.04883385837622465	false	0.0
torheit	neg 1.0		__DUMMY__ 0.8936125183911204 off 0.055806582904566894 neg 0.0505808987043126	false	0.5
dreckskind	off 1.0		__DUMMY__ 0.8882432421397717 off 0.06512014465842333 neg 0.04663661320180496	false	1.0
umtauschen	neg 1.0		__DUMMY__ 0.8970378422390176 off 0.05405349996312689 neg 0.04890865779785557	false	0.5
zum			__DUMMY__ 0.9057402799322926 neg 0.04794443329796755 off 0.04631528676973996	false	0.0
zersetzen	neg 1.0		__DUMMY__ 0.8968537067496413 neg 0.05251228347667581 off 0.0506340097736829	false	1.0
zur			__DUMMY__ 0.9026004562324718 neg 0.05142070773585512 off 0.045978836031673145	false	0.0
frust	neg 1.0		__DUMMY__ 0.8974930430416654 off 0.05364284359593518 neg 0.04886411336239933	false	0.5
unerbittlichkeit	neg 1.0		__DUMMY__ 0.8969766313802919 neg 0.052292503886543155 off 0.05073086473316498	false	1.0
zwei			__DUMMY__ 0.9035634062706825 off 0.048245923929867617 neg 0.04819066979944981	false	0.0
unkorrekt	neg 1.0		__DUMMY__ 0.8872701959069182 off 0.06192006984799017 neg 0.05080973424509169	false	0.5
hexe	off 1.0		__DUMMY__ 0.891422964786398 off 0.05958712914899535 neg 0.048989906064606605	false	1.0
lasch	neg 1.0		__DUMMY__ 0.890720288385598 off 0.05837384709674204 neg 0.05090586451765995	false	0.5
rivale	neg 1.0		__DUMMY__ 0.8935246072569345 off 0.061624982452368915 neg 0.04485041029069657	false	0.5
mutlos	off 1.0	off 1.0	off 0.5093544289352552 __DUMMY__ 0.45035839522100074 neg 0.040287175843744145	false	1.0
wirr	off 1.0		__DUMMY__ 0.8880109314971517 off 0.062066237190726854 neg 0.04992283131212133	false	1.0
jahr			__DUMMY__ 0.901661450259516 off 0.04974043611554903 neg 0.04859811362493496	false	0.0
wird			__DUMMY__ 0.8973754670744902 off 0.05214370285155749 neg 0.05048083007395223	false	0.0
strafbar	neg 1.0		__DUMMY__ 0.896183713985794 off 0.05200548114632111 neg 0.051810804867884884	false	0.5
erosion	neg 1.0		__DUMMY__ 0.8972834213941044 off 0.0553213970554679 neg 0.0473951815504277	false	0.5
eingehen	neg 1.0		__DUMMY__ 0.8949629341334574 off 0.0527679303455165 neg 0.052269135521026154	false	0.5
faul	off 1.0		__DUMMY__ 0.8953932987316527 off 0.05833872021315952 neg 0.04626798105518777	false	1.0
provisorium	neg 1.0		__DUMMY__ 0.9048842640895594 neg 0.0511313895229726 off 0.04398434638746802	false	1.0
schmerzen	neg 1.0		__DUMMY__ 0.8970485327109702 off 0.05441858567129981 neg 0.04853288161773002	false	0.5
schrumpfen	neg 1.0		__DUMMY__ 0.8999323517416944 neg 0.053652729444517794 off 0.046414918813787925	false	1.0
geistlos	off 1.0		__DUMMY__ 0.889628468049687 off 0.05752836533003981 neg 0.052843166620273135	false	1.0
fehlkauf	neg 1.0		__DUMMY__ 0.8942944680853846 off 0.05648322504217996 neg 0.049222306872435485	false	0.5
frustrierend	neg 1.0		__DUMMY__ 0.8948950460672143 off 0.0584988720643814 neg 0.046606081868404245	false	0.5
unzufrieden	neg 1.0		__DUMMY__ 0.8952831764364328 off 0.053251773535537575 neg 0.051465050028029556	false	0.5
verzweifeln	neg 1.0		__DUMMY__ 0.8962827722698616 off 0.054611468482178085 neg 0.049105759247960276	false	0.5
verzweifelt	neg 1.0		__DUMMY__ 0.8945279721678915 off 0.05642181990533992 neg 0.049050207926768626	false	0.5
misstrauensantrag	neg 1.0		__DUMMY__ 0.8940754727749514 off 0.056824599095551515 neg 0.04909992812949713	false	0.5
abfallen	neg 1.0		__DUMMY__ 0.8978070204260234 off 0.05575083486809596 neg 0.04644214470588059	false	0.5
fucker	off 1.0		__DUMMY__ 0.8903638255963536 off 0.06137613774130911 neg 0.048260036662337254	false	1.0
ungezogen	neg 1.0		__DUMMY__ 0.8878671836367217 off 0.06769384512121795 neg 0.04443897124206033	false	0.5
irrsinnig	neg 1.0	neg 1.0	neg 0.5080456113294147 __DUMMY__ 0.44943789776691784 off 0.042516490903667464	false	1.0
unfassbar	neg 1.0		__DUMMY__ 0.891413812247361 off 0.059975059893168856 neg 0.04861112785947014	false	0.5
hart	neg 1.0		__DUMMY__ 0.8942329298227185 off 0.057791327480499394 neg 0.047975742696782064	false	0.5
widerlich	off 1.0		__DUMMY__ 0.8902826443662964 off 0.0608496614169578 neg 0.04886769421674579	false	1.0
fatal	neg 1.0		__DUMMY__ 0.8941752944986494 off 0.05679989670951491 neg 0.04902480879183559	false	0.5
bruch	neg 1.0		__DUMMY__ 0.8994309097393938 neg 0.05147719253144886 off 0.049091897729157306	false	1.0
aushungern	neg 1.0		__DUMMY__ 0.8943098429817521 off 0.05428190159295694 neg 0.051408255425291	false	0.5
anspannung	neg 1.0	neg 1.0	neg 0.5044513769734413 __DUMMY__ 0.46009018470857943 off 0.03545843831797926	false	1.0
von			__DUMMY__ 0.9018182677634067 off 0.04917104178069908 neg 0.04901069045589429	false	0.0
kraftlos	neg 1.0		__DUMMY__ 0.9004456448416642 off 0.053013953314777054 neg 0.04654040184355876	false	0.5
vom			__DUMMY__ 0.9065033828959617 neg 0.04905199599612887 off 0.04444462110790944	false	0.0
grenzdebil	off 1.0		__DUMMY__ 0.8920360332953428 off 0.06082868780260546 neg 0.0471352789020518	false	1.0
vor			__DUMMY__ 0.9002931035933406 off 0.04996126534522267 neg 0.04974563106143676	false	0.0
unterwerfen	neg 1.0		__DUMMY__ 0.8973270457955831 off 0.05175582124224654 neg 0.05091713296217033	false	0.5
versenkung	neg 1.0		__DUMMY__ 0.8977748509702613 off 0.05159648905666571 neg 0.05062865997307303	false	0.5
entziehen	neg 1.0		__DUMMY__ 0.8989436287053785 neg 0.05162244947197885 off 0.04943392182264278	false	1.0
finanzkrise	neg 1.0		__DUMMY__ 0.8937727877424839 off 0.05404450315625624 neg 0.052182709101259744	false	0.5
schimpfend	neg 1.0		__DUMMY__ 0.8986434351489562 off 0.05540197321276629 neg 0.04595459163827752	false	0.5
profan	neg 1.0		__DUMMY__ 0.894021561297314 off 0.05748294005674569 neg 0.048495498645940244	false	0.5
korruption	neg 1.0		__DUMMY__ 0.8942267443227785 neg 0.053130024089705075 off 0.05264323158751643	false	1.0
â			__DUMMY__ 0.8981481194733366 off 0.05184569214795604 neg 0.05000618837870728	false	0.0
schmutzig	neg 1.0		__DUMMY__ 0.8938471044959452 off 0.06030760734775689 neg 0.045845288156297924	false	0.5
sexy	neg 1.0		__DUMMY__ 0.8940236602025263 off 0.05806674056732262 neg 0.04790959923015112	false	0.5
abraten	neg 1.0		__DUMMY__ 0.8943331606487313 off 0.056516210416702156 neg 0.04915062893456665	false	0.5
schwarz	neg 1.0		__DUMMY__ 0.8940587278986968 off 0.056231072584263894 neg 0.04971019951703935	false	0.5
fotze	off 1.0		__DUMMY__ 0.8967247975472623 neg 0.0516998399288296 off 0.051575362523908104	false	0.5
verwirren	neg 1.0		__DUMMY__ 0.8937769665458991 off 0.05773723102033493 neg 0.04848580243376606	false	0.5
zahnlos	off 1.0		__DUMMY__ 0.8951718008921214 off 0.053285171294462357 neg 0.05154302781341611	false	1.0
verheeren	neg 1.0		__DUMMY__ 0.8888377011287661 off 0.06873429777346564 neg 0.0424280010977683	false	0.5
hippie	neg 1.0		__DUMMY__ 0.8936963443789145 off 0.05768482380869455 neg 0.048618831812390996	false	0.5
rammen	neg 1.0		__DUMMY__ 0.8970146804431367 off 0.055213063638985115 neg 0.04777225591787809	false	0.5
unlauter	neg 1.0		__DUMMY__ 0.8899112630365469 off 0.05539892667257993 neg 0.0546898102908732	false	0.5
unheilvoll	neg 1.0		__DUMMY__ 0.8973227000591244 off 0.05671233322152699 neg 0.04596496671934862	false	0.5
niedrig	neg 1.0		__DUMMY__ 0.9004500762595953 off 0.050668464080448755 neg 0.048881459659955905	false	0.5
explosion	neg 1.0		__DUMMY__ 0.8938276687676499 off 0.05709687537206165 neg 0.049075455860288594	false	0.5
weichei	off 1.0		__DUMMY__ 0.8885174227073462 off 0.06507764651008781 neg 0.04640493078256596	false	1.0
minusmensch	off 1.0		__DUMMY__ 0.8818467245370643 off 0.06878090335048222 neg 0.04937237211245354	false	1.0
farblos	neg 1.0		__DUMMY__ 0.9013117054184575 off 0.05345168435923953 neg 0.04523661022230289	false	0.5
unwissend	neg 1.0	neg 1.0	neg 0.5072887433284917 __DUMMY__ 0.4474009993738147 off 0.04531025729769351	false	1.0
traurig	neg 1.0		__DUMMY__ 0.8911721913980991 off 0.0625069906831238 neg 0.04632081791877704	false	0.5
senkung	neg 1.0		__DUMMY__ 0.8910821558770529 off 0.05723271555497956 neg 0.05168512856796758	false	0.5
ungleich	neg 1.0	neg 1.0	neg 0.5102543752088636 __DUMMY__ 0.4507196822789808 off 0.03902594251215555	false	1.0
heikel	neg 1.0		__DUMMY__ 0.896614532573748 neg 0.05264386404829799 off 0.050741603377953894	false	1.0
drosselung	neg 1.0		__DUMMY__ 0.8926514881156153 off 0.06019581505309921 neg 0.04715269683128543	false	0.5
falsch	neg 1.0		__DUMMY__ 0.8936598560295421 off 0.05868759619861317 neg 0.047652547771844724	false	0.5
unzufriedenheit	neg 1.0		__DUMMY__ 0.897590091040889 neg 0.05209041115999179 off 0.05031949779911923	false	1.0
kurz	neg 1.0		__DUMMY__ 0.8989555259030111 off 0.05329757377752685 neg 0.047746900319462	false	0.5
unsinnig	neg 1.0		__DUMMY__ 0.8939028520600869 off 0.05367799482710952 neg 0.05241915311280364	false	0.5
penner	off 1.0	off 1.0	off 0.5208144330492072 __DUMMY__ 0.44469179104122036 neg 0.03449377590957252	false	1.0
seicht	neg 1.0		__DUMMY__ 0.8846221417333798 off 0.06785775479918858 neg 0.04752010346743159	false	0.5
dummheit	off 1.0	off 1.0	off 0.513679450333576 __DUMMY__ 0.4485230462570757 neg 0.03779750340934836	false	1.0
unerfreulich	neg 1.0		__DUMMY__ 0.8992135205722869 neg 0.05099838231309085 off 0.049788097114622315	false	1.0
motherfucker	off 1.0	off 1.0	off 0.5166014144923883 __DUMMY__ 0.4464093317030004 neg 0.03698925380461132	false	1.0
pikiert	neg 1.0		__DUMMY__ 0.8906110094119638 off 0.05988615481113428 neg 0.04950283577690201	false	0.5
wrack	neg 1.0		__DUMMY__ 0.899936823420673 off 0.05092798165848534 neg 0.04913519492084172	false	0.5
gangster	neg 1.0		__DUMMY__ 0.8943714477541143 off 0.05728103250425289 neg 0.048347519741632955	false	0.5
krank	neg 1.0		__DUMMY__ 0.8937258184637169 off 0.060837382364424646 neg 0.04543679917185848	false	0.5
reich	neg 1.0		__DUMMY__ 0.8902853307324184 off 0.0585458242149507 neg 0.05116884505263087	false	0.5
gnadenlos	neg 1.0		__DUMMY__ 0.8954267615156032 off 0.055878357769224125 neg 0.0486948807151727	false	0.5
niedergeschlagen	neg 1.0		__DUMMY__ 0.8992965563208225 off 0.053717264546358466 neg 0.04698617913281905	false	0.5
terrorisieren	off 1.0	off 1.0	off 0.5096023376369444 __DUMMY__ 0.45256935255844954 neg 0.03782830980460603	false	1.0
sinnlosigkeit	neg 1.0		__DUMMY__ 0.8957535588233692 off 0.05332984804440645 neg 0.050916593132224366	false	0.5
behindern	neg 1.0		__DUMMY__ 0.8950835663022808 off 0.054106419991770016 neg 0.05081001370594911	false	0.5
undemokratisch	neg 1.0		__DUMMY__ 0.8918271937268082 off 0.05591316803461238 neg 0.05225963823857931	false	0.5
wirtschaftskrise	neg 1.0		__DUMMY__ 0.8956870750858298 neg 0.05220993655498623 off 0.05210298835918393	false	1.0
neid	neg 1.0		__DUMMY__ 0.8960068050832467 off 0.05903422068810886 neg 0.04495897422864444	false	0.5
rutschen	neg 1.0		__DUMMY__ 0.904385799132802 off 0.04818002759793236 neg 0.047434173269265606	false	0.5
rezession	neg 1.0		__DUMMY__ 0.8883546316504974 off 0.06340506151015646 neg 0.04824030683934605	false	0.5
fehlgeburt	neg 1.0		__DUMMY__ 0.8981397185866781 off 0.05654072229407285 neg 0.045319559119248974	false	0.5
charakterschwach	off 1.0		__DUMMY__ 0.8917593831310111 off 0.06061483502689196 neg 0.047625781842096974	false	1.0
isolation	neg 1.0		__DUMMY__ 0.8945774010505344 off 0.0583711839087244 neg 0.047051415040741174	false	0.5
ablenkung	neg 1.0		__DUMMY__ 0.8959371981283716 off 0.055203122541422414 neg 0.04885967933020607	false	0.5
pech	neg 1.0		__DUMMY__ 0.8949534258546936 off 0.05798192044450776 neg 0.04706465370079862	false	0.5
vermeidung	neg 1.0		__DUMMY__ 0.8901946205008103 off 0.0605198153881837 neg 0.049285564111005896	false	0.5
dominieren	neg 1.0		__DUMMY__ 0.9004886302477868 off 0.05183436637475297 neg 0.04767700337746023	false	0.5
schwindlig	neg 1.0		__DUMMY__ 0.8992452799617155 off 0.056736074646299914 neg 0.04401864539198442	false	0.5
lutscher	neg 1.0		__DUMMY__ 0.8850028735774494 off 0.06826326512972769 neg 0.046733861292822886	false	0.5
pflicht	neg 1.0		__DUMMY__ 0.8968433532050312 neg 0.052403139248010475 off 0.05075350754695835	false	1.0
faschist	off 1.0		__DUMMY__ 0.8906887774402737 off 0.05783313041601773 neg 0.05147809214370852	false	1.0
verschleudern	neg 1.0		__DUMMY__ 0.8928599126068012 neg 0.055744122355762066 off 0.05139596503743678	false	1.0
wenn			__DUMMY__ 0.8933126823715435 off 0.05890442980692438 neg 0.047782887821532075	false	0.0
ehebruch	neg 1.0		__DUMMY__ 0.896898977008106 off 0.05232975208317219 neg 0.05077127090872191	false	0.5
spott	off 1.0		__DUMMY__ 0.8956670650173014 neg 0.0524563983573496 off 0.05187653662534896	false	0.5
trostlosigkeit	neg 1.0		__DUMMY__ 0.8993740544704035 neg 0.05107754576397148 off 0.04954839976562493	false	1.0
lutschen	neg 1.0		__DUMMY__ 0.8934735962074014 off 0.05716562553351863 neg 0.04936077825907985	false	0.5
undiszipliniert	neg 1.0		__DUMMY__ 0.8924380959907253 off 0.061710517906728796 neg 0.045851386102545834	false	0.5
kopfschmerz	neg 1.0		__DUMMY__ 0.8997315371464687 off 0.05319677767618654 neg 0.047071685177344766	false	0.5
unvorhergesehen	neg 1.0		__DUMMY__ 0.9019332943466591 off 0.05118168400818612 neg 0.046885021645154734	false	0.5
desinteressiert	neg 1.0		__DUMMY__ 0.8904893145687787 off 0.06167452012379918 neg 0.04783616530742208	false	0.5
armselig	off 1.0		__DUMMY__ 0.8881915294888953 off 0.06265092017302232 neg 0.049157550338082355	false	1.0
desaster	neg 1.0		__DUMMY__ 0.897914777247983 neg 0.05347139256731402 off 0.04861383018470294	false	1.0
tod	neg 1.0		__DUMMY__ 0.9004140866250203 off 0.0518017207903585 neg 0.04778419258462114	false	0.5
herzlos	neg 1.0		__DUMMY__ 0.8896190395569716 off 0.06298421103875831 neg 0.047396749404270085	false	0.5
unwissenheit	neg 1.0		__DUMMY__ 0.8938291919255014 off 0.053153833787955476 neg 0.05301697428654324	false	0.5
widersinnig	neg 1.0	neg 1.0	neg 0.5117875294000793 __DUMMY__ 0.4475550649848952 off 0.04065740561502545	false	1.0
bedenklich	neg 1.0		__DUMMY__ 0.895870033029931 neg 0.05207514276395256 off 0.05205482420611634	false	1.0
beanstanden	neg 1.0		__DUMMY__ 0.8974629525107447 neg 0.052400283432176585 off 0.05013676405707878	false	1.0
panisch	neg 1.0	neg 1.0	neg 0.5030367856810486 __DUMMY__ 0.45364095083040984 off 0.04332226348854152	false	1.0
debil	off 1.0		__DUMMY__ 0.9018709663088798 neg 0.052739838931457096 off 0.04538919475966316	false	0.5
abstrich	neg 1.0		__DUMMY__ 0.8962211667030183 neg 0.052489406929220335 off 0.05128942636776135	false	1.0
primitiv	neg 1.0		__DUMMY__ 0.8903573237174225 off 0.06125832343239203 neg 0.04838435285018544	false	0.5
abschaum	off 1.0	off 1.0	off 0.5151755733671481 __DUMMY__ 0.4478836152539222 neg 0.03694081137892972	false	1.0
provozieren	neg 1.0		__DUMMY__ 0.8943781901986555 off 0.05572360580082014 neg 0.049898204000524284	false	0.5
tot	neg 1.0		__DUMMY__ 0.8958504539309879 neg 0.05311403659522334 off 0.05103550947378866	false	1.0
instabil	neg 1.0		__DUMMY__ 0.8874006094414838 off 0.06093776608917127 neg 0.05166162446934488	false	0.5
schwuchtel	off 1.0		__DUMMY__ 0.8825735041684871 off 0.07257460541964234 neg 0.04485189041187054	false	1.0
zerren	neg 1.0		__DUMMY__ 0.89908529145129 off 0.05393419284842153 neg 0.04698051570028854	false	0.5
kinderficker	off 1.0		__DUMMY__ 0.8857889638022204 off 0.06485702962332206 neg 0.04935400657445761	false	1.0
gefahr	neg 1.0		__DUMMY__ 0.8992281853383217 off 0.05044796488819935 neg 0.05032384977347888	false	0.5
rabiat	neg 1.0		__DUMMY__ 0.8947118328899627 off 0.05512279472179338 neg 0.05016537238824384	false	0.5
verlangsamung	neg 1.0		__DUMMY__ 0.8881919697448276 off 0.06641663643014754 neg 0.04539139382502479	false	0.5
ausgestorben	neg 1.0		__DUMMY__ 0.8975519719074873 off 0.05446576627912899 neg 0.04798226181338379	false	0.5
anklagen	neg 1.0		__DUMMY__ 0.8959297708937007 off 0.05359220625621857 neg 0.05047802285008067	false	0.5
trott	neg 1.0		__DUMMY__ 0.8965788849891512 off 0.054309878594787024 neg 0.049111236416061875	false	0.5
verminderung	neg 1.0		__DUMMY__ 0.8895003897149564 off 0.06117607667058901 neg 0.04932353361445465	false	0.5
nach			__DUMMY__ 0.9069345131384318 off 0.04679162879499908 neg 0.04627385806656916	false	0.0
rost	neg 1.0		__DUMMY__ 0.8897450966670567 off 0.06506183383381481 neg 0.04519306949912849	false	0.5
destruktiv	neg 1.0		__DUMMY__ 0.8925934445727909 off 0.054753873211303414 neg 0.052652682215905744	false	0.5
unzumutbarkeit	neg 1.0		__DUMMY__ 0.8938229371593058 off 0.05897345975501093 neg 0.04720360308568323	false	0.5
labil	off 1.0	off 1.0	off 0.5151231419155171 __DUMMY__ 0.44786486453951985 neg 0.03701199354496312	false	1.0
ziemlich	neg 1.0		__DUMMY__ 0.8931574801907971 off 0.060296910710273856 neg 0.046545609098929075	false	0.5
lachnummer	off 1.0		__DUMMY__ 0.893778468303664 off 0.055050994943699395 neg 0.05117053675263655	false	1.0
oder			__DUMMY__ 0.896869702782323 off 0.05500020685814005 neg 0.04813009035953697	false	0.0
verfall	neg 1.0		__DUMMY__ 0.9003443023802844 neg 0.05322174911085042 off 0.04643394850886522	false	1.0
ausgrenzung	neg 1.0		__DUMMY__ 0.8923942451087773 off 0.05656551243454592 neg 0.05104024245667681	false	0.5
unordnung	neg 1.0		__DUMMY__ 0.8935856759455352 off 0.05961310461310601 neg 0.04680121944135886	false	0.5
fehlverhalten	neg 1.0		__DUMMY__ 0.8968604928984291 neg 0.052091035889587696 off 0.05104847121198315	false	1.0
eine			__DUMMY__ 0.8985675218946089 neg 0.05124881880430919 off 0.050183659301081894	false	0.0
nille	neg 1.0		__DUMMY__ 0.8960178617026494 off 0.054000260401612606 neg 0.04998187789573799	false	0.5
qual	neg 1.0		__DUMMY__ 0.8965082528734706 off 0.054176990673929726 neg 0.04931475645259978	false	0.5
verschwenden	neg 1.0		__DUMMY__ 0.896320109756402 off 0.05234668246042755 neg 0.05133320778317053	false	0.5
riesig	neg 1.0	neg 1.0	neg 0.5058421199755384 __DUMMY__ 0.45490848435211734 off 0.03924939567234415	false	1.0
verurteilen	neg 1.0		__DUMMY__ 0.8960043821344265 off 0.053257792337887536 neg 0.050737825527686096	false	0.5
klischee	neg 1.0	neg 1.0	neg 0.5082307855007889 __DUMMY__ 0.4474736831097714 off 0.044295531389439695	false	1.0
diktatorisch	neg 1.0		__DUMMY__ 0.8908845898642719 off 0.05647245742572717 neg 0.052642952710001	false	0.5
vorhersehbar	neg 1.0	neg 1.0	neg 0.5075033551902325 __DUMMY__ 0.4486184563350115 off 0.04387818847475599	false	1.0
sowie			__DUMMY__ 0.888144866399515 off 0.06471657976929152 neg 0.04713855383119358	false	0.0
stornieren	neg 1.0		__DUMMY__ 0.899594072877768 off 0.05534883655032709 neg 0.04505709057190481	false	0.5
besteuerung	neg 1.0		__DUMMY__ 0.8916648277854168 off 0.055309458736736816 neg 0.05302571347784637	false	0.5
ungeschminkt	neg 1.0		__DUMMY__ 0.8913595012791141 off 0.060223672379446445 neg 0.04841682634143951	false	0.5
kritisch	neg 1.0		__DUMMY__ 0.8956673565531715 neg 0.05239182812487394 off 0.05194081532195456	false	1.0
schlamperei	off 1.0		__DUMMY__ 0.8957919711025456 neg 0.0532310953451432 off 0.05097693355231122	false	0.5
sucht	neg 1.0	neg 1.0	neg 0.5058343242100445 __DUMMY__ 0.4529057995110059 off 0.041259876278949593	false	1.0
egoistisch	off 1.0		__DUMMY__ 0.8890767955394874 off 0.06517059040842316 neg 0.04575261405208941	false	1.0
ausbeuter	off 1.0		__DUMMY__ 0.8955577871217761 neg 0.05352409441259838 off 0.050918118465625446	false	0.5
arschgeburt	off 1.0		__DUMMY__ 0.8817697792677259 off 0.07284752419526107 neg 0.04538269653701295	false	1.0
schubs	neg 1.0	neg 1.0	neg 0.5054437907981595 __DUMMY__ 0.45476142280108073 off 0.039794786400759834	false	1.0
unsolide	neg 1.0		__DUMMY__ 0.8874452211908327 off 0.05680649636879519 neg 0.055748282440372096	false	0.5
beschwerde	neg 1.0		__DUMMY__ 0.8961755617257227 neg 0.05274413916383814 off 0.05108029911043918	false	1.0
stocken	neg 1.0		__DUMMY__ 0.898069423109367 off 0.051623064818003925 neg 0.05030751207262906	false	0.5
isolieren	neg 1.0		__DUMMY__ 0.8969985410184148 off 0.052636328640846705 neg 0.0503651303407384	false	0.5
unheilbar	neg 1.0		__DUMMY__ 0.8984055168837619 off 0.05556550989682328 neg 0.046028973219414814	false	0.5
pisser	off 1.0		__DUMMY__ 0.8923646649400228 off 0.061459737486730386 neg 0.046175597573246824	false	1.0
löschen	neg 1.0		__DUMMY__ 0.8960444952788591 off 0.05480786487379722 neg 0.04914763984734369	false	0.5
durchfallen	neg 1.0		__DUMMY__ 0.8944170757689845 off 0.05305853703375846 neg 0.05252438719725708	false	0.5
wichser	off 1.0		__DUMMY__ 0.8863078236297213 off 0.06943492188236684 neg 0.04425725448791186	false	1.0
terror	neg 1.0		__DUMMY__ 0.8958636704355994 off 0.05714286271699348 neg 0.046993466847407135	false	0.5
krass	neg 1.0		__DUMMY__ 0.8897403485617578 off 0.063119347345226 neg 0.04714030409301618	false	0.5
revolte	neg 1.0		__DUMMY__ 0.8922264021857165 off 0.057035123046302295 neg 0.05073847476798122	false	0.5
besorgt	neg 1.0		__DUMMY__ 0.9001386522877698 off 0.05306943003231712 neg 0.04679191767991308	false	0.5
nachlassen	neg 1.0		__DUMMY__ 0.8986862994272409 off 0.051013800160743895 neg 0.050299900412015305	false	0.5
alt	neg 1.0		__DUMMY__ 0.8986238404887072 off 0.05159323333173598 neg 0.04978292617955682	false	0.5
hundesohn	off 1.0		__DUMMY__ 0.8848951025431612 off 0.06833524510788407 neg 0.04676965234895468	false	1.0
als			__DUMMY__ 0.8982497823534487 off 0.053290917496223326 neg 0.04845930015032806	false	0.0
abschreckung	neg 1.0		__DUMMY__ 0.8989687934212273 neg 0.05130535518492781 off 0.04972585139384479	false	1.0
unqualifiziert	neg 1.0		__DUMMY__ 0.8891939738994733 off 0.058167277599480725 neg 0.05263874850104605	false	0.5
abgewichst	off 1.0		__DUMMY__ 0.8967327680067687 off 0.05331891827412458 neg 0.04994831371910667	false	1.0
schwer	neg 1.0		__DUMMY__ 0.8964622258994065 off 0.05493114575957227 neg 0.04860662834102127	false	0.5
bedeutungslosigkeit	neg 1.0		__DUMMY__ 0.8976076149188275 neg 0.05186595240072521 off 0.05052643268044731	false	1.0
kapitulation	neg 1.0		__DUMMY__ 0.8948357743041148 neg 0.053342032651543365 off 0.05182219304434182	false	1.0
unscharf	neg 1.0		__DUMMY__ 0.8941103603954257 off 0.05656304377328295 neg 0.04932659583129136	false	0.5
schwinden	neg 1.0		__DUMMY__ 0.8986384288566465 neg 0.05103634334973804 off 0.05032522779361547	false	1.0
versklavung	neg 1.0		__DUMMY__ 0.8917061830577676 off 0.05604757800735136 neg 0.052246238934881	false	0.5
schlecht	neg 1.0		__DUMMY__ 0.8934252890172542 off 0.06045145701928137 neg 0.04612325396346449	false	0.5
verhasst	neg 1.0		__DUMMY__ 0.8943765080187092 off 0.05606519037261978 neg 0.04955830160867104	false	0.5
beschweren	neg 1.0		__DUMMY__ 0.8946241994442616 off 0.056717411051010025 neg 0.04865838950472838	false	0.5
scheiden	neg 1.0		__DUMMY__ 0.8994279876399623 off 0.054781706933501914 neg 0.04579030542653568	false	0.5
frustriert	neg 1.0		__DUMMY__ 0.8966066498803202 off 0.05402889023280969 neg 0.04936445988687004	false	0.5
schimmelig	neg 1.0		__DUMMY__ 0.8997484754502524 off 0.050852169012191854 neg 0.04939935553755581	false	0.5
fisch	neg 1.0		__DUMMY__ 0.9018452139276734 off 0.04959115253997038 neg 0.048563633532356335	false	0.5
schmuggel	neg 1.0		__DUMMY__ 0.9023935626807424 off 0.050278134000792986 neg 0.047328303318464514	false	0.5
auffallen	neg 1.0		__DUMMY__ 0.8944216653204368 off 0.057266840024630936 neg 0.04831149465493235	false	0.5
konkurrenz	neg 1.0	neg 1.0	neg 0.5089237319903405 __DUMMY__ 0.4535522212048617 off 0.03752404680479791	false	1.0
teufelskreis	neg 1.0		__DUMMY__ 0.8961861612318672 off 0.054552069213289964 neg 0.04926176955484288	false	0.5
aufschreien	neg 1.0		__DUMMY__ 0.8933498510228071 off 0.05721804554788682 neg 0.04943210342930609	false	0.5
schuldner	neg 1.0		__DUMMY__ 0.8982013512297 neg 0.051270369647757254 off 0.050528279122542666	false	1.0
missgeburt	off 1.0	off 1.0	off 0.519099072034765 __DUMMY__ 0.4455149971055113 neg 0.035385930859723705	false	1.0
arbeitslos	neg 1.0		__DUMMY__ 0.8945595661100284 off 0.05334769254004172 neg 0.052092741349929805	false	0.5
befallen	neg 1.0		__DUMMY__ 0.8969122115300753 off 0.053548249277911686 neg 0.049539539192013	false	0.5
miesepetrig	off 1.0	off 1.0	off 0.515557764918585 __DUMMY__ 0.4494999308989058 neg 0.03494230418250934	false	1.0
alarmieren	neg 1.0		__DUMMY__ 0.891712060574724 off 0.05923026364635621 neg 0.04905767577891982	false	0.5
ungeduscht	off 1.0		__DUMMY__ 0.8953226340308157 off 0.057700788273988717 neg 0.04697657769519554	false	1.0
knappheit	neg 1.0		__DUMMY__ 0.8950211662715021 neg 0.05331781859549068 off 0.05166101513300723	false	1.0
schlange	neg 1.0		__DUMMY__ 0.8977598632192699 off 0.05644822775064907 neg 0.04579190903008099	false	0.5
harsch	neg 1.0		__DUMMY__ 0.891768152949929 off 0.06383070490953521 neg 0.04440114214053579	false	0.5
lang	neg 1.0		__DUMMY__ 0.8961883787775512 off 0.055202328084732695 neg 0.04860929313771624	false	0.5
ziellos	neg 1.0		__DUMMY__ 0.899447108958783 off 0.05276398543245045 neg 0.04778890560876643	false	0.5
selbstverliebt	neg 1.0		__DUMMY__ 0.883173641225366 off 0.07035954322869356 neg 0.04646681554594037	false	0.5
beseitigen	neg 1.0		__DUMMY__ 0.8962617265557565 off 0.05393333146687085 neg 0.04980494197737261	false	0.5
dumm	off 1.0		__DUMMY__ 0.8872041217276132 off 0.06600538450146486 neg 0.046790493770921884	false	1.0
arbeitsloser	neg 1.0		__DUMMY__ 0.8972804828458424 off 0.052610318097474434 neg 0.05010919905668308	false	0.5
blitzen	neg 1.0		__DUMMY__ 0.894287892852467 off 0.05783319863621264 neg 0.04787890851132048	false	0.5
hilflos	neg 1.0		__DUMMY__ 0.8975510706086481 off 0.05355956834172953 neg 0.04888936104962227	false	0.5
eklig	off 1.0		__DUMMY__ 0.8882995159914476 off 0.06652437860843957 neg 0.045176105400112895	false	1.0
begriff			__DUMMY__ 0.8946796592296842 off 0.053985692865547566 neg 0.05133464790476836	false	0.0
hungersnot	neg 1.0		__DUMMY__ 0.8980260537900738 off 0.0534262412807266 neg 0.04854770492919962	false	0.5
ungesetzlich	neg 1.0		__DUMMY__ 0.888538368570036 off 0.05725191238729114 neg 0.05420971904267293	false	0.5
verschwendung	neg 1.0		__DUMMY__ 0.8976115404038586 off 0.05131820698403507 neg 0.051070252612106286	false	0.5
schmerzvoll	neg 1.0		__DUMMY__ 0.8952980434154841 off 0.05661659525614756 neg 0.0480853613283684	false	0.5
vorzeitig	neg 1.0		__DUMMY__ 0.8965539388680224 off 0.05766446903632887 neg 0.045781592095648714	false	0.5
unvollkommenheit	neg 1.0		__DUMMY__ 0.9025643669417959 off 0.052584209139771035 neg 0.04485142391843318	false	0.5
intervenieren	neg 1.0		__DUMMY__ 0.8952181152083865 neg 0.05359852606556994 off 0.05118335872604364	false	1.0
banause	off 1.0		__DUMMY__ 0.8850402903388064 off 0.06837018449429365 neg 0.046589525166899945	false	1.0
rebell	neg 1.0		__DUMMY__ 0.8998378674593399 neg 0.05226596849083402 off 0.04789616404982598	false	1.0
unlogisch	neg 1.0		__DUMMY__ 0.8899479708440142 off 0.06267805471678145 neg 0.0473739744392043	false	0.5
leiden	neg 1.0		__DUMMY__ 0.903533486722556 off 0.050340108346831565 neg 0.046126404930612486	false	0.5
abschaffung	neg 1.0		__DUMMY__ 0.8919517970883234 off 0.05541194100656148 neg 0.05263626190511517	false	0.5
sturz	neg 1.0		__DUMMY__ 0.8978383687097505 off 0.05482913136768846 neg 0.04733249992256092	false	0.5
verkleinerung	neg 1.0		__DUMMY__ 0.8901245854302409 off 0.0577030159792014 neg 0.05217239859055781	false	0.5
schmarotzer	off 1.0		__DUMMY__ 0.8939772063588697 off 0.053234272970322905 neg 0.052788520670807346	false	1.0
bestrafung	neg 1.0		__DUMMY__ 0.8946013155462258 off 0.05635479042502308 neg 0.04904389402875117	false	0.5
achtlos	neg 1.0		__DUMMY__ 0.8977133045053692 off 0.054801846868428275 neg 0.04748484862620254	false	0.5
ungeheuer	neg 1.0		__DUMMY__ 0.8945431171558276 off 0.057626126483082483 neg 0.04783075636108986	false	0.5
