unsolidarisch	neg 1.0		off 0.3417924268301119 __DUMMY__ 0.33971731373444036 neg 0.3184902594354478	false	0.5
nachteilig	neg 1.0		__DUMMY__ 0.3434998412042959 off 0.3397187029407279 neg 0.3167814558549762	false	0.5
skeptisch	neg 1.0		__DUMMY__ 0.3438422208238221 off 0.33900315658560676 neg 0.31715462259057114	false	0.5
schrecklich	neg 1.0		off 0.354738713472658 __DUMMY__ 0.3398917169150217 neg 0.3053695696123204	false	0.5
schlapp	neg 1.0		off 0.3507211914964057 __DUMMY__ 0.34212216837517745 neg 0.3071566401284169	false	0.5
abfall	neg 1.0		__DUMMY__ 0.3454212000214948 off 0.33692843057515004 neg 0.31765036940335506	false	0.5
widerspenstig	neg 1.0		off 0.34513237000722286 __DUMMY__ 0.3433042797346693 neg 0.31156335025810794	false	0.5
abrupt	neg 1.0		__DUMMY__ 0.34533405810754664 off 0.3409274685059341 neg 0.3137384733865193	false	0.5
unwirksam	neg 1.0		off 0.34242784192398146 __DUMMY__ 0.34044167329893693 neg 0.3171304847770816	false	0.5
angreifen	neg 1.0	neg 1.0	neg 0.644999987159762 off 0.1876713786451897 __DUMMY__ 0.1673286341950483	false	1.0
inkonsistent	neg 1.0		off 0.3453760283349982 __DUMMY__ 0.3424195579592007 neg 0.3122044137058012	false	0.5
abrutschen	neg 1.0		__DUMMY__ 0.3453030285535692 off 0.33726540622373535 neg 0.31743156522269556	false	0.5
unsicher	neg 1.0		off 0.3453770472742951 __DUMMY__ 0.34359913971137673 neg 0.3110238130143282	false	0.5
bauernkind	off 1.0	off 1.0	off 0.6652689285047599 neg 0.17054926101828943 __DUMMY__ 0.16418181047695063	false	1.0
angreifer	neg 1.0		off 0.3468962481291885 __DUMMY__ 0.34360592682544394 neg 0.3094978250453675	false	0.5
trennen	neg 1.0		__DUMMY__ 0.3460719205701962 off 0.3418779057149783 neg 0.31205017371482546	false	0.5
schmutz	neg 1.0		off 0.34970319793715143 __DUMMY__ 0.34636844021147667 neg 0.30392836185137184	false	0.5
inkonsistenz	neg 1.0		off 0.34737778484264675 __DUMMY__ 0.33959515884827324 neg 0.31302705630908	false	0.5
erschreckend	neg 1.0		off 0.3431037268965286 __DUMMY__ 0.3426519350532881 neg 0.31424433805018315	false	0.5
ertrinken	neg 1.0		__DUMMY__ 0.3454900873055739 off 0.3423837190907377 neg 0.3121261936036884	false	0.5
pickelface	off 1.0		__DUMMY__ 0.34298157661725187 off 0.3421308134575864 neg 0.31488760992516174	false	1.0
seiner			__DUMMY__ 0.3449542055352994 off 0.3404972154448091 neg 0.31454857901989164	false	0.0
lauch	neg 1.0		__DUMMY__ 0.34393283121850693 off 0.33616904009167864 neg 0.3198981286898144	false	0.5
unwichtig	neg 1.0		off 0.34944040715235675 __DUMMY__ 0.3410345907580243 neg 0.30952500208961903	false	0.5
steuerhinterziehung	neg 1.0		__DUMMY__ 0.34196450432501285 off 0.3415611682328919 neg 0.3164743274420952	false	0.5
schock	neg 1.0		off 0.3454090618858633 __DUMMY__ 0.34510539596386614 neg 0.3094855421502706	false	0.5
beule	neg 1.0		off 0.3513195891385281 __DUMMY__ 0.3423525579790257 neg 0.3063278528824462	false	0.5
vergelten	neg 1.0		off 0.35476293644155166 __DUMMY__ 0.3422484860875442 neg 0.3029885774709041	false	0.5
verdorbenheit	neg 1.0		off 0.3442797165962062 __DUMMY__ 0.34328091505341235 neg 0.31243936835038133	false	0.5
trauma	neg 1.0		off 0.34571981488509057 __DUMMY__ 0.3426305545393501 neg 0.3116496305755593	false	0.5
sinnlos	neg 1.0		off 0.34769580680321016 __DUMMY__ 0.34282554996599846 neg 0.3094786432307914	false	0.5
fettsack	off 1.0	off 1.0	off 0.666937646117163 neg 0.16832488985339783 __DUMMY__ 0.1647374640294391	false	1.0
feige	off 1.0	off 1.0	off 0.6633541041039155 neg 0.1713906747127883 __DUMMY__ 0.16525522118329622	false	1.0
abdanken	neg 1.0		off 0.3429142904604664 __DUMMY__ 0.342219917738497 neg 0.31486579180103663	false	0.5
wichtigtuer	off 1.0	off 1.0	off 0.6616662549315067 neg 0.17247325856379989 __DUMMY__ 0.16586048650469343	false	1.0
misslingen	neg 1.0		off 0.3477599388277474 __DUMMY__ 0.34527027269213656 neg 0.30696978848011597	false	0.5
untreu	off 1.0		off 0.3508606862791543 __DUMMY__ 0.3407914635635931 neg 0.30834785015725275	false	1.0
missmutig	neg 1.0		off 0.35015625657060506 __DUMMY__ 0.3417814084733771 neg 0.30806233495601787	false	0.5
hurenbock	off 1.0		off 0.3465101741739539 __DUMMY__ 0.34307131895993337 neg 0.31041850686611266	false	1.0
betrunken	neg 1.0		off 0.35389050314287407 __DUMMY__ 0.3421303087672652 neg 0.3039791880898609	false	0.5
korrupt	off 1.0		__DUMMY__ 0.34096680886330216 off 0.3399076038300393 neg 0.3191255873066585	false	1.0
unmut	neg 1.0		__DUMMY__ 0.3447564400569867 off 0.3365371937775669 neg 0.31870636616544634	false	0.5
hackfresse	off 1.0		off 0.35775772802565503 __DUMMY__ 0.3381180999198187 neg 0.30412417205452624	false	1.0
aufblasen	neg 1.0		off 0.3472804853920602 __DUMMY__ 0.3437858241844402 neg 0.3089336904234996	false	0.5
gewaltsam	neg 1.0		off 0.34394644701614385 __DUMMY__ 0.3434519408370979 neg 0.3126016121467583	false	0.5
unbeliebtheit	neg 1.0		off 0.3457724553725991 __DUMMY__ 0.3373783999027265 neg 0.31684914472467435	false	0.5
sturheit	neg 1.0		off 0.3429506856284985 __DUMMY__ 0.3424990924797476 neg 0.314550221891754	false	0.5
kuh	neg 1.0		off 0.34431905961529885 __DUMMY__ 0.3414503979526766 neg 0.31423054243202464	false	0.5
erschrecken	neg 1.0		off 0.3495711313644255 __DUMMY__ 0.3422088775796829 neg 0.3082199910558916	false	0.5
opfer	neg 1.0		__DUMMY__ 0.34468847406641323 off 0.3417726084078189 neg 0.31353891752576785	false	0.5
sinken	neg 1.0		__DUMMY__ 0.3446705886066382 off 0.3371574365895618 neg 0.3181719748038	false	0.5
stinktier	neg 1.0		off 0.354783846953631 __DUMMY__ 0.3390650326032382 neg 0.3061511204431308	false	0.5
tucke	off 1.0		off 0.3566970772710106 __DUMMY__ 0.33603180522220893 neg 0.3072711175067805	false	1.0
ein			off 0.3460486990027988 __DUMMY__ 0.34335000404312094 neg 0.3106012969540804	false	0.0
abstieg	neg 1.0		__DUMMY__ 0.34605025786772503 off 0.34175537880923035 neg 0.31219436332304473	false	0.5
missverstehen	neg 1.0		off 0.3467798404908992 __DUMMY__ 0.341303564531323 neg 0.31191659497777774	false	0.5
ergebnislos	neg 1.0		__DUMMY__ 0.3439529087823865 off 0.3398371319312092 neg 0.31620995928640444	false	0.5
unter			__DUMMY__ 0.3485667265919184 off 0.3341367007360526 neg 0.3172965726720288	false	0.0
manipulieren	neg 1.0		__DUMMY__ 0.344135079534459 off 0.3393708703201699 neg 0.3164940501453712	false	0.5
unbewiesen	neg 1.0		off 0.34206130704181203 __DUMMY__ 0.33958637190271673 neg 0.3183523210554713	false	0.5
verschleppen	neg 1.0		__DUMMY__ 0.3438044402194082 off 0.34181717888575225 neg 0.3143783808948397	false	0.5
weib	off 1.0		off 0.35784093586472715 __DUMMY__ 0.33827050034466605 neg 0.30388856379060686	false	1.0
opposition	neg 1.0		off 0.34585742117493457 __DUMMY__ 0.34160694408112385 neg 0.31253563474394147	false	0.5
verkehrswidrig	neg 1.0	neg 1.0	neg 0.6358355023212342 off 0.19695214081641238 __DUMMY__ 0.16721235686235345	false	1.0
inkorrekt	neg 1.0		off 0.3506175575549284 __DUMMY__ 0.33864826634348355 neg 0.31073417610158793	false	0.5
vermeiden	neg 1.0		__DUMMY__ 0.3466786223854844 off 0.33552628628598297 neg 0.3177950913285327	false	0.5
abweichung	neg 1.0		__DUMMY__ 0.3430149781150165 off 0.3396556511514919 neg 0.31732937073349166	false	0.5
alkoholisiert	neg 1.0		__DUMMY__ 0.3474246691621185 off 0.3421955128119901 neg 0.3103798180258912	false	0.5
scheiss	off 1.0	off 1.0	off 0.664198863247492 neg 0.16974811495302478 __DUMMY__ 0.1660530217994832	false	1.0
herausforderung	neg 1.0	neg 1.0	neg 0.6415334043367872 off 0.18916013719611433 __DUMMY__ 0.16930645846709844	false	1.0
pervers	off 1.0		off 0.36128380273504734 __DUMMY__ 0.3374979017655266 neg 0.301218295499426	false	1.0
wackelig	neg 1.0		__DUMMY__ 0.34567787581563564 off 0.3438248072669991 neg 0.31049731691736526	false	0.5
verwickeln	neg 1.0		off 0.34665700432244373 __DUMMY__ 0.34132180904044707 neg 0.3120211866371093	false	0.5
vorwand	neg 1.0		__DUMMY__ 0.34450204489926883 off 0.33867520933413786 neg 0.3168227457665933	false	0.5
muschi	off 1.0		__DUMMY__ 0.3428676473623039 off 0.3425611827421186 neg 0.31457116989557743	false	1.0
entmutigung	neg 1.0		off 0.3451124334845528 __DUMMY__ 0.34121044642241477 neg 0.31367712009303245	false	0.5
unangemessen	neg 1.0		__DUMMY__ 0.34237717967644765 off 0.34177516648390543 neg 0.31584765383964697	false	0.5
unstetig	neg 1.0		off 0.34619854528724703 __DUMMY__ 0.3432325355021328 neg 0.3105689192106202	false	0.5
entmutigen	neg 1.0		off 0.34587278220613876 __DUMMY__ 0.34221870882243655 neg 0.3119085089714247	false	0.5
schwanz	neg 1.0		__DUMMY__ 0.34419029806171525 off 0.3397181939366918 neg 0.31609150800159297	false	0.5
verbot	neg 1.0		__DUMMY__ 0.3421997911654212 off 0.3405373080117754 neg 0.3172629008228034	false	0.5
leid	neg 1.0		off 0.3563300280435231 __DUMMY__ 0.33998654047292837 neg 0.30368343148354854	false	0.5
archaisch	neg 1.0		__DUMMY__ 0.3433671286645869 off 0.3424460685434594 neg 0.31418680279195366	false	0.5
gegen			__DUMMY__ 0.3455622968332238 off 0.33862261061407023 neg 0.31581509255270585	false	0.0
scheidung	neg 1.0		off 0.3650459230185521 __DUMMY__ 0.3369132422592849 neg 0.29804083472216314	false	0.5
einschlag	neg 1.0	neg 1.0	neg 0.6391209444075577 off 0.195316053965996 __DUMMY__ 0.16556300162644627	false	1.0
m			__DUMMY__ 0.34422671887472844 off 0.3428146302069017 neg 0.3129586509183699	false	0.0
abgestanden	neg 1.0		off 0.34652476496949625 __DUMMY__ 0.3439283413935116 neg 0.30954689363699217	false	0.5
schmierig	off 1.0		off 0.3558954597459386 __DUMMY__ 0.34026168928962064 neg 0.3038428509644407	false	1.0
unpraktisch	neg 1.0		off 0.34691957441587806 __DUMMY__ 0.3439591423452639 neg 0.309121283238858	false	0.5
wixxer	off 1.0		off 0.3604310398166298 __DUMMY__ 0.33683505358049937 neg 0.3027339066028708	false	1.0
bezeichnet			off 0.3437236766095173 __DUMMY__ 0.34244132894714424 neg 0.3138349944433387	false	0.0
jammerlappen	off 1.0		off 0.3498318305588192 __DUMMY__ 0.34126224669352173 neg 0.308905922747659	false	1.0
farce	neg 1.0		__DUMMY__ 0.3414268997237642 off 0.34091714276488755 neg 0.31765595751134834	false	0.5
zwecklos	neg 1.0		__DUMMY__ 0.34290387479846873 off 0.34216437907377645 neg 0.3149317461277548	false	0.5
turbulent	neg 1.0		off 0.34950701089773084 __DUMMY__ 0.3401272162594077 neg 0.3103657728428615	false	0.5
invasion	neg 1.0		off 0.347534323016583 __DUMMY__ 0.34254938618537495 neg 0.30991629079804195	false	0.5
schuld	neg 1.0		off 0.34561812573959105 __DUMMY__ 0.34257554981762306 neg 0.3118063244427859	false	0.5
risiko	neg 1.0		off 0.3453673819415425 __DUMMY__ 0.34337351449984227 neg 0.3112591035586153	false	0.5
finster	neg 1.0		off 0.34639576896060825 __DUMMY__ 0.3433575832406276 neg 0.3102466477987641	false	0.5
geisteskrank	off 1.0		off 0.3510142964208407 __DUMMY__ 0.3399948486835311 neg 0.30899085489562816	false	1.0
zusammenbrechen	neg 1.0		__DUMMY__ 0.34415384688463885 off 0.343876992242788 neg 0.31196916087257315	false	0.5
ausbeute	neg 1.0		__DUMMY__ 0.3451991678930545 off 0.3405369422999556 neg 0.31426388980698994	false	0.5
hinterhalt	neg 1.0		__DUMMY__ 0.3436341841636756 off 0.3427425006873183 neg 0.3136233151490061	false	0.5
kritik	neg 1.0		__DUMMY__ 0.34184638001179846 off 0.3410586029591499 neg 0.3170950170290517	false	0.5
einschrumpfen	neg 1.0		off 0.3460797800588589 __DUMMY__ 0.33985996765101434 neg 0.3140602522901268	false	0.5
riskant	neg 1.0		__DUMMY__ 0.34375429861003126 off 0.34068317996729147 neg 0.3155625214226772	false	0.5
frustrieren	neg 1.0		__DUMMY__ 0.34378413390219437 off 0.3409379783397663 neg 0.31527788775803944	false	0.5
groll	neg 1.0		__DUMMY__ 0.3435847204421189 off 0.342345872333773 neg 0.3140694072241081	false	0.5
gibt			__DUMMY__ 0.3431612930845488 off 0.34255431278922593 neg 0.31428439412622516	false	0.0
qualvoll	neg 1.0		off 0.3493680435404942 __DUMMY__ 0.34314350534727134 neg 0.3074884511122346	false	0.5
wackeln	neg 1.0	neg 1.0	neg 0.6403156794010463 off 0.191904440657502 __DUMMY__ 0.16777987994145174	false	1.0
klagen	neg 1.0		__DUMMY__ 0.3443955338658129 off 0.33683894741116316 neg 0.31876551872302405	false	0.5
bankrott	neg 1.0		off 0.34910142073582534 __DUMMY__ 0.34205855194781404 neg 0.30884002731636057	false	0.5
trauern	neg 1.0		__DUMMY__ 0.3451350880455343 off 0.3418503839233333 neg 0.3130145280311326	false	0.5
ablehnung	neg 1.0		__DUMMY__ 0.3418235679972177 off 0.3410958390332303 neg 0.3170805929695521	false	0.5
stur	neg 1.0		off 0.3460294122227655 __DUMMY__ 0.342129485342983 neg 0.31184110243425156	false	0.5
aufruhr	neg 1.0		off 0.3441114576027817 __DUMMY__ 0.3437582428145403 neg 0.31213029958267796	false	0.5
melancholie	neg 1.0		__DUMMY__ 0.3447484155685432 off 0.3430450446765956 neg 0.3122065397548613	false	0.5
ist			off 0.34657491869434814 __DUMMY__ 0.3423638359393471 neg 0.3110612453663048	false	0.0
torheit	neg 1.0		off 0.34467565891243146 __DUMMY__ 0.3416719932521298 neg 0.3136523478354389	false	0.5
dreckskind	off 1.0		off 0.3561873236366883 __DUMMY__ 0.338639387265186 neg 0.3051732890981257	false	1.0
umtauschen	neg 1.0		off 0.3446372566896206 __DUMMY__ 0.3434794667487092 neg 0.31188327656167036	false	0.5
zum			__DUMMY__ 0.3483212169255472 off 0.3370108949742623 neg 0.3146678881001905	false	0.0
zersetzen	neg 1.0		__DUMMY__ 0.34354987906555357 off 0.33877615267594186 neg 0.3176739682585044	false	0.5
zur			__DUMMY__ 0.3466483383665392 off 0.33474357193920456 neg 0.31860808969425625	false	0.0
frust	neg 1.0		__DUMMY__ 0.34397548830148583 off 0.3434942345576314 neg 0.3125302771408827	false	0.5
unerbittlichkeit	neg 1.0		__DUMMY__ 0.343590951801103 off 0.3389441715030541 neg 0.31746487669584295	false	0.5
zwei			__DUMMY__ 0.347205235643257 off 0.33884722320491123 neg 0.3139475411518318	false	0.0
unkorrekt	neg 1.0		off 0.35090714203743845 __DUMMY__ 0.33813862413054846 neg 0.3109542338320131	false	0.5
hexe	off 1.0		off 0.34992629659391367 __DUMMY__ 0.34035872778393794 neg 0.3097149756221483	false	1.0
lasch	neg 1.0		off 0.34727992508214256 __DUMMY__ 0.3401548972800167 neg 0.3125651776378408	false	0.5
rivale	neg 1.0		off 0.35353417170230395 __DUMMY__ 0.3414842516441793 neg 0.30498157665351683	false	0.5
mutlos	off 1.0	off 1.0	off 0.6577372017738745 neg 0.1757413824562062 __DUMMY__ 0.16652141576991927	false	1.0
wirr	off 1.0		off 0.3516416675980493 __DUMMY__ 0.33855098478186296 neg 0.3098073476200877	false	1.0
jahr			__DUMMY__ 0.34606111656624056 off 0.3401406079444427 neg 0.3137982754893169	false	0.0
wird			__DUMMY__ 0.34388858635622993 off 0.34143947341623915 neg 0.3146719402275309	false	0.0
strafbar	neg 1.0		__DUMMY__ 0.3431349978188111 off 0.34027460576827745 neg 0.31659039641291137	false	0.5
erosion	neg 1.0		off 0.34611807994288235 __DUMMY__ 0.3437458104201188 neg 0.3101361096369988	false	0.5
eingehen	neg 1.0		__DUMMY__ 0.3425997630880086 off 0.340980191906563 neg 0.3164200450054284	false	0.5
faul	off 1.0		off 0.3499752077257331 __DUMMY__ 0.34256747880786403 neg 0.30745731346640276	false	1.0
provisorium	neg 1.0		__DUMMY__ 0.3479039412107267 off 0.3332785922096043 neg 0.31881746657966903	false	0.5
schmerzen	neg 1.0		off 0.345163650835028 __DUMMY__ 0.34349653655664 neg 0.311339812608332	false	0.5
schrumpfen	neg 1.0		__DUMMY__ 0.34521956783111407 off 0.33414208789350375 neg 0.32063834427538207	false	0.5
geistlos	off 1.0		off 0.34534542573657956 __DUMMY__ 0.3395517495832463 neg 0.31510282468017425	false	1.0
fehlkauf	neg 1.0		off 0.34627922723630167 __DUMMY__ 0.34207791887017613 neg 0.31164285389352225	false	0.5
frustrierend	neg 1.0		off 0.34952987391574414 __DUMMY__ 0.3424380299214937 neg 0.3080320961627622	false	0.5
unzufrieden	neg 1.0		__DUMMY__ 0.3427650913296058 off 0.3418438761336816 neg 0.3153910325367125	false	0.5
verzweifeln	neg 1.0		off 0.3444084789317736 __DUMMY__ 0.3432910753781145 neg 0.31230044569011195	false	0.5
verzweifelt	neg 1.0		off 0.3463017853439261 __DUMMY__ 0.34233092383089164 neg 0.3113672908251824	false	0.5
misstrauensantrag	neg 1.0		off 0.34692727604563217 __DUMMY__ 0.3419151509817681 neg 0.3111575729725997	false	0.5
abfallen	neg 1.0		off 0.34726430587510276 __DUMMY__ 0.34395126886515537 neg 0.3087844252597419	false	0.5
fucker	off 1.0		off 0.35151710748456433 __DUMMY__ 0.3400383827820371 neg 0.3084445097333986	false	1.0
ungezogen	neg 1.0		off 0.35987113140349414 __DUMMY__ 0.33841506163804025 neg 0.3017138069584655	false	0.5
irrsinnig	neg 1.0	neg 1.0	neg 0.6428592019318071 off 0.19096675266583016 __DUMMY__ 0.16617404540236275	false	1.0
unfassbar	neg 1.0		off 0.3501645104342334 __DUMMY__ 0.3405433931845374 neg 0.3092920963812293	false	0.5
hart	neg 1.0		off 0.3484310287363285 __DUMMY__ 0.34178488198301227 neg 0.3097840892806593	false	0.5
widerlich	off 1.0		off 0.3508386567680175 __DUMMY__ 0.33988357271191505 neg 0.30927777052006755	false	1.0
fatal	neg 1.0		off 0.3466473515989394 __DUMMY__ 0.342102069196809 neg 0.3112505792042514	false	0.5
bruch	neg 1.0		__DUMMY__ 0.344903862416899 off 0.3375956340847876 neg 0.3175005034983133	false	0.5
aushungern	neg 1.0		off 0.34251377038179615 __DUMMY__ 0.3421105837643112 neg 0.31537564585389255	false	0.5
anspannung	neg 1.0	neg 1.0	neg 0.642600128574691 off 0.18702589310427475 __DUMMY__ 0.17037397832103415	false	1.0
von			__DUMMY__ 0.3461024749934759 off 0.3393110561909244 neg 0.3145864688155997	false	0.0
kraftlos	neg 1.0		__DUMMY__ 0.3454575664879309 off 0.34416548683539777 neg 0.31037694667667126	false	0.5
vom			__DUMMY__ 0.34874663781695603 off 0.3347665204504217 neg 0.3164868417326223	false	0.0
grenzdebil	off 1.0		off 0.3517283800349327 __DUMMY__ 0.3408405081513992 neg 0.30743111181366817	false	1.0
vor			__DUMMY__ 0.34550245882181013 off 0.3394970760378726 neg 0.31500046514031727	false	0.0
unterwerfen	neg 1.0		__DUMMY__ 0.3437378111744188 off 0.34057242248714736 neg 0.3156897663384338	false	0.5
versenkung	neg 1.0		__DUMMY__ 0.3441198873067411 off 0.3405170720419687 neg 0.3153630406512902	false	0.5
entziehen	neg 1.0		__DUMMY__ 0.34469861609930535 off 0.33793173231852297 neg 0.3173696515821718	false	0.5
finanzkrise	neg 1.0		off 0.342404337875373 __DUMMY__ 0.34174602350259353 neg 0.3158496386220335	false	0.5
schimpfend	neg 1.0		off 0.34726862802644687 __DUMMY__ 0.3442845355907192 neg 0.3084468363828338	false	0.5
profan	neg 1.0		off 0.34775240179722977 __DUMMY__ 0.34196176249699234 neg 0.3102858357057778	false	0.5
korruption	neg 1.0		__DUMMY__ 0.3420393494208656 off 0.34034984046762906 neg 0.3176108101115052	false	0.5
â			__DUMMY__ 0.3442510990962453 off 0.3414910523770848 neg 0.31425784852667	false	0.0
schmutzig	neg 1.0		off 0.35183683297938306 __DUMMY__ 0.3418205930965453 neg 0.3063425739240717	false	0.5
sexy	neg 1.0		off 0.34851321263110846 __DUMMY__ 0.3420062424246715 neg 0.30948054494422006	false	0.5
abraten	neg 1.0		off 0.3465672691732733 __DUMMY__ 0.34210660842205903 neg 0.31132612240466767	false	0.5
schwarz	neg 1.0		off 0.34583513971481744 __DUMMY__ 0.3420271567001846 neg 0.3121377035849981	false	0.5
fotze	off 1.0		__DUMMY__ 0.3433956659908052 off 0.34029466616588844 neg 0.31630966784330633	false	1.0
verwirren	neg 1.0		off 0.3479244703955312 __DUMMY__ 0.3418661780400779 neg 0.31020935156439083	false	0.5
zahnlos	off 1.0		__DUMMY__ 0.3426682537304945 off 0.3418038024403194 neg 0.3155279438291861	false	1.0
verheeren	neg 1.0		off 0.36141444922045396 __DUMMY__ 0.33894960155781706 neg 0.299635949221729	false	0.5
hippie	neg 1.0		off 0.3477405593830662 __DUMMY__ 0.3418521885482426 neg 0.31040725206869113	false	0.5
rammen	neg 1.0		off 0.3462822652015412 __DUMMY__ 0.343342681912167 neg 0.31037505288629175	false	0.5
unlauter	neg 1.0		off 0.3426560604703003 __DUMMY__ 0.3396373381610055 neg 0.3177066013686942	false	0.5
unheilvoll	neg 1.0		off 0.3483526028608012 __DUMMY__ 0.34359326823165565 neg 0.30805412890754313	false	0.5
niedrig	neg 1.0		__DUMMY__ 0.34524474852049 off 0.34079298564902466 neg 0.31396226583048553	false	0.5
explosion	neg 1.0		off 0.34706556492796703 __DUMMY__ 0.3418375016055554 neg 0.3110969334664776	false	0.5
weichei	off 1.0		off 0.35646925738832613 __DUMMY__ 0.338833972867051 neg 0.30469676974462295	false	1.0
minusmensch	off 1.0		off 0.3580571562861938 __DUMMY__ 0.3352898502168969 neg 0.3066529934969092	false	1.0
farblos	neg 1.0		__DUMMY__ 0.34553879449154484 off 0.3454856091831996 neg 0.3089755963252554	false	0.5
unwissend	neg 1.0	neg 1.0	neg 0.6413676911637894 off 0.19331920370202454 __DUMMY__ 0.1653131051341861	false	1.0
traurig	neg 1.0		off 0.35378324022064417 __DUMMY__ 0.340348145747444 neg 0.30586861403191196	false	0.5
senkung	neg 1.0		off 0.3461251713860901 __DUMMY__ 0.3402698716066883 neg 0.3136049570072217	false	0.5
ungleich	neg 1.0	neg 1.0	neg 0.6457777586455508 off 0.18757179958050663 __DUMMY__ 0.16665044177394253	false	1.0
heikel	neg 1.0		__DUMMY__ 0.34342909498687496 off 0.3388831160410906 neg 0.31768778897203453	false	0.5
drosselung	neg 1.0		off 0.35122036563001685 __DUMMY__ 0.3410461862206576 neg 0.3077334481493256	false	0.5
falsch	neg 1.0		off 0.34928382208337566 __DUMMY__ 0.3417233407507353 neg 0.30899283716588904	false	0.5
unzufriedenheit	neg 1.0		__DUMMY__ 0.3439694317417455 off 0.338567144764757 neg 0.31746342349349754	false	0.5
kurz	neg 1.0		__DUMMY__ 0.3446669116921081 off 0.34408432552117374 neg 0.31124876278671804	false	0.5
unsinnig	neg 1.0		__DUMMY__ 0.34195218255215243 off 0.3418720591899956 neg 0.3161757582578519	false	0.5
penner	off 1.0	off 1.0	off 0.6682742777704673 neg 0.16751721983965018 __DUMMY__ 0.1642085023898824	false	1.0
seicht	neg 1.0		off 0.3583129303764876 __DUMMY__ 0.3367398005866251 neg 0.3049472690368874	false	0.5
dummheit	off 1.0	off 1.0	off 0.6618617547291535 neg 0.17236272822269713 __DUMMY__ 0.1657755170481494	false	1.0
unerfreulich	neg 1.0		__DUMMY__ 0.34480935202210744 off 0.33882963282964307 neg 0.31636101514824955	false	0.5
motherfucker	off 1.0	off 1.0	off 0.6642209436057108 neg 0.17081865065896865 __DUMMY__ 0.1649604057353206	false	1.0
pikiert	neg 1.0		off 0.3495947115527293 __DUMMY__ 0.3400645111382403 neg 0.3103407773090305	false	0.5
wrack	neg 1.0		__DUMMY__ 0.3449359331902853 off 0.3411668553454815 neg 0.3138972114642331	false	0.5
gangster	neg 1.0		off 0.34753992589252347 __DUMMY__ 0.34219036443288314 neg 0.3102697096745935	false	0.5
krank	neg 1.0		off 0.3527135662022803 __DUMMY__ 0.3416801630448321 neg 0.3056062707528877	false	0.5
reich	neg 1.0		off 0.3476386349972261 __DUMMY__ 0.3397041106719966 neg 0.31265725433077746	false	0.5
gnadenlos	neg 1.0		off 0.34582075497019404 __DUMMY__ 0.3428168414003378 neg 0.31136240362946815	false	0.5
niedergeschlagen	neg 1.0		__DUMMY__ 0.34482847034688147 off 0.3446539675990279 neg 0.31051756205409065	false	0.5
terrorisieren	off 1.0	off 1.0	off 0.6587391161081411 neg 0.17385484897336273 __DUMMY__ 0.16740603491849612	false	1.0
sinnlosigkeit	neg 1.0		__DUMMY__ 0.3429826563171061 off 0.342234246820279 neg 0.31478309686261496	false	0.5
behindern	neg 1.0		off 0.3433918323941489 __DUMMY__ 0.3425634736757606 neg 0.3140446939300904	false	0.5
undemokratisch	neg 1.0		off 0.3438674948115652 __DUMMY__ 0.3407085884415497 neg 0.3154239167468851	false	0.5
wirtschaftskrise	neg 1.0		__DUMMY__ 0.34282318747442625 off 0.3403539801325058 neg 0.3168228323930679	false	0.5
neid	neg 1.0		off 0.35100278206951174 __DUMMY__ 0.34291678904904904 neg 0.30608042888143916	false	0.5
rutschen	neg 1.0		__DUMMY__ 0.34762202954503385 off 0.3391552248314838 neg 0.31322274562348223	false	0.5
rezession	neg 1.0		off 0.3535316158051735 __DUMMY__ 0.3387982603095353 neg 0.3076701238852912	false	0.5
fehlgeburt	neg 1.0		off 0.34827040737165577 __DUMMY__ 0.3438936042258485 neg 0.30783598840249576	false	0.5
charakterschwach	off 1.0		off 0.351013259250587 __DUMMY__ 0.340651295935064 neg 0.30833544481434905	false	1.0
isolation	neg 1.0		off 0.3493091782158185 __DUMMY__ 0.34223234085212945 neg 0.3084584809320521	false	0.5
ablenkung	neg 1.0		off 0.34528047266728695 __DUMMY__ 0.34306640033079516 neg 0.311653127001918	false	0.5
pech	neg 1.0		off 0.34933474744041254 __DUMMY__ 0.34226838865167025 neg 0.3083968639079172	false	0.5
vermeidung	neg 1.0		off 0.35056830607183265 __DUMMY__ 0.33982051936912666 neg 0.30961117455904075	false	0.5
dominieren	neg 1.0		__DUMMY__ 0.345370826853223 off 0.3423198025999364 neg 0.3123093705468407	false	0.5
schwindlig	neg 1.0		off 0.34949807077186684 __DUMMY__ 0.34460662321435176 neg 0.3058953060137815	false	0.5
lutscher	neg 1.0		off 0.3592994291930396 __DUMMY__ 0.33687838537246 neg 0.3038221854345003	false	0.5
pflicht	neg 1.0		__DUMMY__ 0.34362437417475217 off 0.33882131419062356 neg 0.3175543116346243	false	0.5
faschist	off 1.0		off 0.3461496811381752 __DUMMY__ 0.3400673127430517 neg 0.3137830061187732	false	1.0
verschleudern	neg 1.0		__DUMMY__ 0.3413075704094101 off 0.33810098474487676 neg 0.320591444845713	false	0.5
wenn			off 0.34945595125292983 __DUMMY__ 0.3415973863192198 neg 0.3089466624278503	false	0.0
ehebruch	neg 1.0		__DUMMY__ 0.34350629279713124 off 0.34112322392836797 neg 0.3153704832745007	false	0.5
spott	off 1.0		__DUMMY__ 0.34287125133708396 off 0.33987158899985664 neg 0.3172571596630593	false	1.0
trostlosigkeit	neg 1.0		__DUMMY__ 0.3448669746214486 off 0.3384287307085017 neg 0.3167042946700498	false	0.5
lutschen	neg 1.0		off 0.3469122343739883 __DUMMY__ 0.34153949354960506 neg 0.3115482720764065	false	0.5
undiszipliniert	neg 1.0		off 0.353232772411214 __DUMMY__ 0.3409751804969909 neg 0.3057920470917952	false	0.5
kopfschmerz	neg 1.0		__DUMMY__ 0.344912336968267 off 0.344607552590853 neg 0.31048011044088003	false	0.5
unvorhergesehen	neg 1.0		__DUMMY__ 0.3461373661582097 off 0.3425867715116217 neg 0.3112758623301686	false	0.5
desinteressiert	neg 1.0		off 0.35220026347009226 __DUMMY__ 0.3399857146348253 neg 0.30781402189508245	false	0.5
armselig	off 1.0		off 0.3524168115934816 __DUMMY__ 0.33875737806835576 neg 0.3088258103381626	false	1.0
desaster	neg 1.0		__DUMMY__ 0.3441459765384077 off 0.33620292899845095 neg 0.31965109446314127	false	0.5
tod	neg 1.0		__DUMMY__ 0.34520830581920686 off 0.3424721151666837 neg 0.31231957901410956	false	0.5
herzlos	neg 1.0		off 0.35371141978939213 __DUMMY__ 0.33952166277197915 neg 0.30676691743862866	false	0.5
unwissenheit	neg 1.0		__DUMMY__ 0.3418897886806943 off 0.3410034446639688 neg 0.31710676665533677	false	0.5
widersinnig	neg 1.0	neg 1.0	neg 0.6464683369685691 off 0.18813602050266823 __DUMMY__ 0.16539564252876268	false	1.0
bedenklich	neg 1.0		__DUMMY__ 0.343033058145535 off 0.3404048908226203 neg 0.3165620510318447	false	0.5
beanstanden	neg 1.0		__DUMMY__ 0.34388748744593 off 0.33823181780853756 neg 0.31788069474553243	false	0.5
panisch	neg 1.0	neg 1.0	neg 0.6388423146235602 off 0.1933983139913927 __DUMMY__ 0.16775937138504718	false	1.0
debil	off 1.0		__DUMMY__ 0.34617500235857823 off 0.3338492399621248 neg 0.3199757576792969	false	1.0
abstrich	neg 1.0		__DUMMY__ 0.3427487131636118 off 0.3407700936993906 neg 0.31648119313699763	false	0.5
primitiv	neg 1.0		off 0.3514083293265385 __DUMMY__ 0.3399181144070947 neg 0.30867355626636694	false	0.5
abschaum	off 1.0	off 1.0	off 0.6631660031651858 neg 0.17133518339645964 __DUMMY__ 0.1654988134383546	false	1.0
provozieren	neg 1.0		off 0.34510225512656073 __DUMMY__ 0.342199358093837 neg 0.3126983867796024	false	0.5
tot	neg 1.0		__DUMMY__ 0.34268805943105457 off 0.33960374438723195 neg 0.31770819618171353	false	0.5
instabil	neg 1.0		off 0.3497254566035245 __DUMMY__ 0.3382215200920594 neg 0.312053023304416	false	0.5
schwuchtel	off 1.0		off 0.3640618458045334 __DUMMY__ 0.33560718051588434 neg 0.3003309736795823	false	1.0
zerren	neg 1.0		__DUMMY__ 0.3447842661424959 off 0.34470663190312323 neg 0.31050910195438086	false	0.5
kinderficker	off 1.0		off 0.3543554705780935 __DUMMY__ 0.33734863662701287 neg 0.30829589279489367	false	1.0
gefahr	neg 1.0		__DUMMY__ 0.34480558103299636 off 0.3394173498438919 neg 0.31577706912311193	false	0.5
rabiat	neg 1.0		off 0.34445597332947286 __DUMMY__ 0.34242354361991345 neg 0.31312048305061374	false	0.5
verlangsamung	neg 1.0		off 0.3576894368893188 __DUMMY__ 0.33860848552573974 neg 0.30370207758494144	false	0.5
ausgestorben	neg 1.0		off 0.3448529972072951 __DUMMY__ 0.3439214636065029 neg 0.31122553918620216	false	0.5
anklagen	neg 1.0		__DUMMY__ 0.3429474564464328 off 0.34250991635598427 neg 0.31454262719758297	false	0.5
trott	neg 1.0		off 0.34431677721306436 __DUMMY__ 0.3434032667869473 neg 0.3122799559999883	false	0.5
verminderung	neg 1.0		off 0.35124023688507783 __DUMMY__ 0.3394273506771255 neg 0.30933241243779686	false	0.5
nach			__DUMMY__ 0.34900440748259076 off 0.3381530485595657 neg 0.3128425439578435	false	0.0
rost	neg 1.0		off 0.3566771585290441 __DUMMY__ 0.33932770005843865 neg 0.3039951414125172	false	0.5
destruktiv	neg 1.0		off 0.34279944523919154 __DUMMY__ 0.3411934055522159 neg 0.3160071492085927	false	0.5
unzumutbarkeit	neg 1.0		off 0.34985610877042284 __DUMMY__ 0.3416657893917901 neg 0.30847810183778707	false	0.5
labil	off 1.0	off 1.0	off 0.6631098246789996 neg 0.17135154149407741 __DUMMY__ 0.1655386338269229	false	1.0
ziemlich	neg 1.0		off 0.3514626751368429 __DUMMY__ 0.34145848108637156 neg 0.3070788437767855	false	0.5
lachnummer	off 1.0		off 0.34360868214403134 __DUMMY__ 0.3418983307905217 neg 0.3144929870654469	false	1.0
oder			off 0.34561910747001134 __DUMMY__ 0.3435124036709308 neg 0.3108684888590578	false	0.0
verfall	neg 1.0		__DUMMY__ 0.3454394463972998 off 0.33436025706352573 neg 0.32020029653917453	false	0.5
ausgrenzung	neg 1.0		off 0.3450900441286329 __DUMMY__ 0.34100198245411273 neg 0.31390797341725435	false	0.5
unordnung	neg 1.0		off 0.35066624853143297 __DUMMY__ 0.34141009411407003 neg 0.307923657354497	false	0.5
fehlverhalten	neg 1.0		__DUMMY__ 0.34355373255548066 off 0.33918248394185685 neg 0.31726378350266254	false	0.5
eine			__DUMMY__ 0.3445440375332269 off 0.3391650483921812 neg 0.31629091407459176	false	0.0
nille	neg 1.0		off 0.34328967299568636 __DUMMY__ 0.3430644757955241 neg 0.31364585120878946	false	0.5
qual	neg 1.0		off 0.3440430571623406 __DUMMY__ 0.34336628592373425 neg 0.31259065691392524	false	0.5
verschwenden	neg 1.0		__DUMMY__ 0.34328591802078323 off 0.3412474094821506 neg 0.3154666724970661	false	0.5
riesig	neg 1.0	neg 1.0	neg 0.6424077022807471 off 0.18938765228173207 __DUMMY__ 0.16820464543752078	false	1.0
verurteilen	neg 1.0		__DUMMY__ 0.3430288330405302 off 0.3419803393126523 neg 0.31499082764681735	false	0.5
klischee	neg 1.0	neg 1.0	neg 0.6424248696666996 off 0.19219202520639375 __DUMMY__ 0.1653831051269066	false	1.0
diktatorisch	neg 1.0		off 0.34417259904957137 __DUMMY__ 0.34019312587371686 neg 0.31563427507671177	false	0.5
vorhersehbar	neg 1.0	neg 1.0	neg 0.6421287301489157 off 0.19205485426184302 __DUMMY__ 0.16581641558924126	false	1.0
sowie			off 0.3554403438709103 __DUMMY__ 0.33867626250457544 neg 0.3058833936245144	false	0.0
stornieren	neg 1.0		off 0.34718462074096623 __DUMMY__ 0.34479750053645536 neg 0.3080178787225783	false	0.5
besteuerung	neg 1.0		off 0.34361041843240914 __DUMMY__ 0.34057247770651383 neg 0.315817103861077	false	0.5
ungeschminkt	neg 1.0		off 0.3508544287102882 __DUMMY__ 0.3403147102631521 neg 0.3088308610265598	false	0.5
kritisch	neg 1.0		__DUMMY__ 0.34291176307600624 off 0.3400112575720086 neg 0.3170769793519851	false	0.5
schlamperei	off 1.0		__DUMMY__ 0.34290646905198974 off 0.33863947184416443 neg 0.3184540591038459	false	1.0
sucht	neg 1.0	neg 1.0	neg 0.6416481646197627 off 0.1909929390844661 __DUMMY__ 0.16735889629577108	false	1.0
egoistisch	off 1.0		off 0.3565703018884286 __DUMMY__ 0.33915466981787196 neg 0.30427502829369935	false	1.0
ausbeuter	off 1.0		__DUMMY__ 0.3428270069634392 off 0.338420450913746 neg 0.3187525421228147	false	1.0
arschgeburt	off 1.0		off 0.3638788153123205 __DUMMY__ 0.335203223298364 neg 0.30091796138931554	false	1.0
schubs	neg 1.0	neg 1.0	neg 0.6416935684272186 off 0.19016731123551384 __DUMMY__ 0.16813912033726758	false	1.0
unsolide	neg 1.0		off 0.3433167402558981 __DUMMY__ 0.33833947317041074 neg 0.31834378657369106	false	0.5
beschwerde	neg 1.0		__DUMMY__ 0.3430885920524203 off 0.33906986975746206 neg 0.3178415381901177	false	0.5
stocken	neg 1.0		__DUMMY__ 0.3441607151546322 off 0.34074064715162616 neg 0.3150986376937415	false	0.5
isolieren	neg 1.0		__DUMMY__ 0.3434929970047974 off 0.34169972228668277 neg 0.31480728070851977	false	0.5
unheilbar	neg 1.0		off 0.34661024430317017 __DUMMY__ 0.34430226865235686 neg 0.30908748704447303	false	0.5
pisser	off 1.0		off 0.3525899147060159 __DUMMY__ 0.3408783349257189 neg 0.30653175036826513	false	1.0
löschen	neg 1.0		off 0.3446762482344099 __DUMMY__ 0.34309375265529646 neg 0.31222999911029375	false	0.5
durchfallen	neg 1.0		__DUMMY__ 0.34224418927485756 off 0.34121268817234623 neg 0.31654312255279615	false	0.5
wichser	off 1.0		off 0.36150642045374415 __DUMMY__ 0.33764103855649064 neg 0.30085254098976516	false	1.0
terror	neg 1.0		off 0.3482519298042769 __DUMMY__ 0.3429129811983308 neg 0.30883508899739226	false	0.5
krass	neg 1.0		off 0.35429201695657553 __DUMMY__ 0.339431302763299 neg 0.3062766802801255	false	0.5
revolte	neg 1.0		off 0.3458268427914708 __DUMMY__ 0.3409436432799215 neg 0.3132295139286077	false	0.5
besorgt	neg 1.0		__DUMMY__ 0.34527155958279077 off 0.3439986180866194 neg 0.31072982233058977	false	0.5
nachlassen	neg 1.0		__DUMMY__ 0.3444180954913217 off 0.3405283222144616 neg 0.31505358229421676	false	0.5
alt	neg 1.0		__DUMMY__ 0.3441789154565787 off 0.3417361187377333 neg 0.314084965805688	false	0.5
hundesohn	off 1.0		off 0.35873459799143226 __DUMMY__ 0.3369145139295684 neg 0.3043508880789991	false	1.0
als			__DUMMY__ 0.3442814351243674 off 0.3434442417269445 neg 0.31227432314868814	false	0.0
abschreckung	neg 1.0		__DUMMY__ 0.3446437797491802 off 0.33822502095761775 neg 0.31713119929320194	false	0.5
unqualifiziert	neg 1.0		off 0.3461446168804343 __DUMMY__ 0.33932374293268963 neg 0.3145316401868761	false	0.5
abgewichst	off 1.0		__DUMMY__ 0.3434335462895698 off 0.34279723968277415 neg 0.31376921402765595	false	1.0
schwer	neg 1.0		off 0.34503385665860375 __DUMMY__ 0.34338869796957894 neg 0.3115774453718172	false	0.5
bedeutungslosigkeit	neg 1.0		__DUMMY__ 0.3439618872447182 off 0.338832010356993 neg 0.3172061023982887	false	0.5
kapitulation	neg 1.0		__DUMMY__ 0.34239708905372745 off 0.33938510072185674 neg 0.3182178102244157	false	0.5
unscharf	neg 1.0		off 0.34702418966832377 __DUMMY__ 0.34176387430413535 neg 0.31121193602754094	false	0.5
schwinden	neg 1.0		__DUMMY__ 0.3444659568926647 off 0.33913485539068416 neg 0.3163991877166511	false	0.5
versklavung	neg 1.0		off 0.34411621097521533 __DUMMY__ 0.34066662175507034 neg 0.3152171672697142	false	0.5
schlecht	neg 1.0		off 0.3517175260534736 __DUMMY__ 0.34162756459740706 neg 0.30665490934911943	false	0.5
verhasst	neg 1.0		off 0.3455727042946982 __DUMMY__ 0.3421723567923118 neg 0.31225493891299005	false	0.5
beschweren	neg 1.0		off 0.34677778301723594 __DUMMY__ 0.342340287795636 neg 0.31088192918712804	false	0.5
scheiden	neg 1.0		off 0.34651574915744593 __DUMMY__ 0.3446436351396168 neg 0.3088406157029373	false	0.5
frustriert	neg 1.0		off 0.34370527795577455 __DUMMY__ 0.34346103368794917 neg 0.3128336883562762	false	0.5
schimmelig	neg 1.0		__DUMMY__ 0.34475370553813023 off 0.3413695765025961 neg 0.31387671795927374	false	0.5
fisch	neg 1.0		__DUMMY__ 0.34579422476381083 off 0.3404439919102103 neg 0.3137617833259789	false	0.5
schmuggel	neg 1.0		__DUMMY__ 0.34641565400882046 off 0.34082494572130234 neg 0.31275940026987714	false	0.5
auffallen	neg 1.0		off 0.3475562970273656 __DUMMY__ 0.34220800760700715 neg 0.31023569536562723	false	0.5
konkurrenz	neg 1.0	neg 1.0	neg 0.6453170039560056 off 0.18685447777547415 __DUMMY__ 0.16782851826852033	false	1.0
teufelskreis	neg 1.0		off 0.34420959080075897 __DUMMY__ 0.343224857547477 neg 0.312565551651764	false	0.5
aufschreien	neg 1.0		off 0.34692826436209145 __DUMMY__ 0.3416028489907845 neg 0.311468886647124	false	0.5
schuldner	neg 1.0		__DUMMY__ 0.344152613723963 off 0.3391497067531543 neg 0.3166976795228827	false	0.5
missgeburt	off 1.0	off 1.0	off 0.6666483612702624 neg 0.16888785992508232 __DUMMY__ 0.16446377880465538	false	1.0
arbeitslos	neg 1.0		__DUMMY__ 0.3423703624929159 off 0.34163499963662125 neg 0.3159946378704628	false	0.5
befallen	neg 1.0		__DUMMY__ 0.34342084276371654 off 0.3430830336917543 neg 0.31349612354452927	false	0.5
miesepetrig	off 1.0	off 1.0	off 0.6644634230343051 neg 0.16945352967306104 __DUMMY__ 0.16608304729263376	false	1.0
alarmieren	neg 1.0		off 0.3487436923969673 __DUMMY__ 0.3406793593083297 neg 0.310576948294703	false	0.5
ungeduscht	off 1.0		off 0.3492629515763285 __DUMMY__ 0.342428040345894 neg 0.3083090080777774	false	1.0
knappheit	neg 1.0		__DUMMY__ 0.3424138501976692 off 0.3395110192161102 neg 0.31807513058622067	false	0.5
schlange	neg 1.0		off 0.3480090128433663 __DUMMY__ 0.3439978335446118 neg 0.30799315361202206	false	0.5
harsch	neg 1.0		off 0.3559209964045024 __DUMMY__ 0.34066169133092633 neg 0.3034173122645713	false	0.5
lang	neg 1.0		off 0.3453230590851568 __DUMMY__ 0.34318480166497045 neg 0.3114921392498728	false	0.5
ziellos	neg 1.0		__DUMMY__ 0.3450001177151436 off 0.3432530951287533 neg 0.3117467871561031	false	0.5
selbstverliebt	neg 1.0		off 0.36129032806960726 __DUMMY__ 0.3359684125814357 neg 0.3027412593489572	false	0.5
beseitigen	neg 1.0		off 0.3434980664186254 __DUMMY__ 0.3430557385801425 neg 0.3134461950012321	false	0.5
dumm	off 1.0		off 0.3570176511147574 __DUMMY__ 0.3381522855110001 neg 0.30483006337424257	false	1.0
arbeitsloser	neg 1.0		__DUMMY__ 0.3437774066958001 off 0.3416306387319538 neg 0.3145919545722461	false	0.5
blitzen	neg 1.0		off 0.34815791209300817 __DUMMY__ 0.34207559929793685 neg 0.3097664886090551	false	0.5
hilflos	neg 1.0		__DUMMY__ 0.34393366195450714 off 0.34353061929121875 neg 0.3125357187542741	false	0.5
eklig	off 1.0		off 0.3583645567981837 __DUMMY__ 0.338704363618042 neg 0.30293107958377435	false	1.0
begriff			off 0.3426843388039055 __DUMMY__ 0.34232045292777935 neg 0.3149952082683151	false	0.0
hungersnot	neg 1.0		__DUMMY__ 0.3440303230517015 off 0.34329656472676945 neg 0.31267311222152905	false	0.5
ungesetzlich	neg 1.0		off 0.3440868462762133 __DUMMY__ 0.3390031597352236 neg 0.31690999398856323	false	0.5
verschwendung	neg 1.0		__DUMMY__ 0.3439920934641752 off 0.34019386282129005 neg 0.3158140437145347	false	0.5
schmerzvoll	neg 1.0		off 0.347026822859323 __DUMMY__ 0.3426989609325633 neg 0.31027421620811363	false	0.5
vorzeitig	neg 1.0		off 0.349047591435406 __DUMMY__ 0.3431879177243436 neg 0.30776449084025037	false	0.5
unvollkommenheit	neg 1.0		__DUMMY__ 0.3463701834510661 off 0.34447258827770094 neg 0.3091572282712328	false	0.5
intervenieren	neg 1.0		__DUMMY__ 0.34261899878559743 off 0.338621050314451 neg 0.31875995089995157	false	0.5
banause	off 1.0		off 0.3595291846002663 __DUMMY__ 0.33691974824557025 neg 0.30355106715416347	false	1.0
rebell	neg 1.0		__DUMMY__ 0.3449636166958453 off 0.3366468628472606 neg 0.3183895204568941	false	0.5
unlogisch	neg 1.0		off 0.353427672220921 __DUMMY__ 0.33966717595944523 neg 0.3069051518196338	false	0.5
leiden	neg 1.0		__DUMMY__ 0.3469539947759495 off 0.34196219488137364 neg 0.31108381034267685	false	0.5
abschaffung	neg 1.0		off 0.34350990264786285 __DUMMY__ 0.3407616180100337 neg 0.31572847934210346	false	0.5
sturz	neg 1.0		off 0.34546746911020576 __DUMMY__ 0.3439476191798887 neg 0.3105849117099057	false	0.5
verkleinerung	neg 1.0		off 0.3460316334287239 __DUMMY__ 0.33975177059889083 neg 0.31421659597238527	false	0.5
schmarotzer	off 1.0		__DUMMY__ 0.3419850068401888 off 0.34115100172437796 neg 0.3168639914354332	false	1.0
bestrafung	neg 1.0		off 0.3460591499831928 __DUMMY__ 0.3422793518105967 neg 0.3116614982062105	false	0.5
achtlos	neg 1.0		off 0.34547912432411226 __DUMMY__ 0.3440222941278949 neg 0.31049858154799265	false	0.5
ungeheuer	neg 1.0		off 0.348214120054251 __DUMMY__ 0.3421744609376272 neg 0.30961141900812184	false	0.5
unaufrichtig	neg 1.0		off 0.34634449963682057 __DUMMY__ 0.341287870748578 neg 0.31236762961460135	false	0.5
groggy	neg 1.0		off 0.34720998220421034 __DUMMY__ 0.341680595682003 neg 0.31110942211378656	false	0.5
verletzlich	neg 1.0		off 0.35249422571259104 __DUMMY__ 0.3406648036780546 neg 0.30684097060935445	false	0.5
ablehnen	neg 1.0		__DUMMY__ 0.3429104044981783 off 0.34078394511115945 neg 0.3163056503906622	false	0.5
