unsolidarisch	neg 1.0		__DUMMY__ 0.9313741927695757 neg 0.03482333696642223 off 0.0338024702640022	false	1.0
nachteilig	neg 1.0		__DUMMY__ 0.9374881496128116 neg 0.03203575981997483 off 0.030476090567213544	false	1.0
skeptisch	neg 1.0		__DUMMY__ 0.9377626190559548 neg 0.03222400105815204 off 0.03001337988589323	false	1.0
schrecklich	neg 1.0		__DUMMY__ 0.9318335718850005 off 0.04043945440928321 neg 0.02772697370571628	false	0.5
schlapp	neg 1.0		__DUMMY__ 0.9355124184843008 off 0.03675206051707147 neg 0.027735520998627763	false	0.5
abfall	neg 1.0		__DUMMY__ 0.9402050415138753 neg 0.03179197006927027 off 0.02800298841685443	false	1.0
widerspenstig	neg 1.0		__DUMMY__ 0.937241665010401 off 0.03317726826683629 neg 0.02958106672276269	false	0.5
abrupt	neg 1.0		__DUMMY__ 0.9404121271740955 off 0.029881923876149654 neg 0.029705948949754927	false	0.5
unwirksam	neg 1.0		__DUMMY__ 0.9326941844227609 neg 0.033993764913776814 off 0.03331205066346227	false	1.0
angreifen	neg 1.0	neg 1.0	neg 0.498984684957722 __DUMMY__ 0.4734190367257922 off 0.027596278316485708	false	1.0
inkonsistent	neg 1.0		__DUMMY__ 0.9360721636261188 off 0.03373243897494889 neg 0.030195397398932396	false	0.5
abrutschen	neg 1.0		__DUMMY__ 0.9399255421682835 neg 0.03180277701687275 off 0.02827168081484378	false	1.0
unsicher	neg 1.0		__DUMMY__ 0.9373728531913564 off 0.03361102313083561 neg 0.02901612367780789	false	0.5
bauernkind	off 1.0	off 1.0	off 0.506384743335094 __DUMMY__ 0.4660303958015618 neg 0.027584860863344246	false	1.0
angreifer	neg 1.0		__DUMMY__ 0.9376381929317792 off 0.03449686667738181 neg 0.027864940390839043	false	0.5
trennen	neg 1.0		__DUMMY__ 0.9412421439047004 off 0.030348095336844447 neg 0.028409760758455166	false	0.5
schmutz	neg 1.0		__DUMMY__ 0.9425501978904018 off 0.03425702294777034 neg 0.023192779161827756	false	0.5
inkonsistenz	neg 1.0		__DUMMY__ 0.9314068379320091 off 0.03671742922650479 neg 0.03187573284148621	false	0.5
erschreckend	neg 1.0		__DUMMY__ 0.9358549607102364 off 0.0329049393418388 neg 0.031240099947924704	false	0.5
ertrinken	neg 1.0		__DUMMY__ 0.9402989540279004 off 0.030979212015070416 neg 0.028721833957029153	false	0.5
pickelface	off 1.0		__DUMMY__ 0.9367142244980061 off 0.03196136397090166 neg 0.03132441153109222	false	1.0
seiner			__DUMMY__ 0.9394671406269767 neg 0.030278527771286593 off 0.030254331601736784	false	0.0
lauch	neg 1.0		__DUMMY__ 0.938080624778029 neg 0.033855828749105345 off 0.028063546472865755	false	1.0
unwichtig	neg 1.0		__DUMMY__ 0.9335394073283632 off 0.037070435674560885 neg 0.029390156997075943	false	0.5
steuerhinterziehung	neg 1.0		__DUMMY__ 0.9350254509979384 neg 0.03252132333160633 off 0.03245322567045531	false	1.0
schock	neg 1.0		__DUMMY__ 0.9397811816824906 off 0.03277314951760593 neg 0.02744566879990352	false	0.5
beule	neg 1.0		__DUMMY__ 0.9360743487357182 off 0.03685509609888313 neg 0.027070555165398625	false	0.5
vergelten	neg 1.0		__DUMMY__ 0.9358620059398061 off 0.039567121486336856 neg 0.024570872573857136	false	0.5
verdorbenheit	neg 1.0		__DUMMY__ 0.9372676937683078 off 0.03260603186085856 neg 0.030126274370833653	false	0.5
trauma	neg 1.0		__DUMMY__ 0.9359158092819825 off 0.034210363315443186 neg 0.02987382740257424	false	0.5
sinnlos	neg 1.0		__DUMMY__ 0.9362704502259523 off 0.035246179838432035 neg 0.028483369935615618	false	0.5
fettsack	off 1.0	off 1.0	off 0.5076603413298854 __DUMMY__ 0.467398558351059 neg 0.024941100319055786	false	1.0
feige	off 1.0	off 1.0	off 0.504353725991853 __DUMMY__ 0.46834301653996085 neg 0.02730325746818616	false	1.0
abdanken	neg 1.0		__DUMMY__ 0.9353484910022579 off 0.033269879876164574 neg 0.031381629121577555	false	0.5
wichtigtuer	off 1.0	off 1.0	off 0.5023183290653633 __DUMMY__ 0.469869151253116 neg 0.027812519681520632	false	1.0
misslingen	neg 1.0		__DUMMY__ 0.9406890206140576 off 0.03378541110733687 neg 0.025525568278605557	false	0.5
untreu	off 1.0		__DUMMY__ 0.9330953100674522 off 0.03794184848034208 neg 0.028962841452205797	false	1.0
missmutig	neg 1.0		__DUMMY__ 0.9347264731963052 off 0.036951970813984096 neg 0.028321555989710742	false	0.5
hurenbock	off 1.0		__DUMMY__ 0.9370733875721063 off 0.03411856636552473 neg 0.028808046062368857	false	1.0
betrunken	neg 1.0		__DUMMY__ 0.9355197441599042 off 0.03864545662127306 neg 0.02583479921882268	false	0.5
korrupt	off 1.0		__DUMMY__ 0.9333402293775643 neg 0.034536984370835674 off 0.03212278625159999	false	0.5
unmut	neg 1.0		__DUMMY__ 0.9392155855294573 neg 0.03253215771095118 off 0.028252256759591622	false	1.0
hackfresse	off 1.0		__DUMMY__ 0.9291723620020022 off 0.042954070544349396 neg 0.027873567453648433	false	1.0
aufblasen	neg 1.0		__DUMMY__ 0.9378725244211278 off 0.034282911292806625 neg 0.027844564286065594	false	0.5
gewaltsam	neg 1.0		__DUMMY__ 0.9373596277812819 off 0.032862193641989126 neg 0.029778178576728948	false	0.5
unbeliebtheit	neg 1.0		__DUMMY__ 0.9278148558372942 off 0.03696423742002607 neg 0.03522090674267974	false	0.5
sturheit	neg 1.0		__DUMMY__ 0.93569903102277 off 0.03303492537039663 neg 0.031266043606833493	false	0.5
kuh	neg 1.0		__DUMMY__ 0.9347558873620184 off 0.03334119715806298 neg 0.03190291547991853	false	0.5
erschrecken	neg 1.0		__DUMMY__ 0.9353132988147572 off 0.03646117022265265 neg 0.02822553096259003	false	0.5
opfer	neg 1.0		__DUMMY__ 0.9391831829037547 off 0.03117439053700333 neg 0.029642426559242006	false	0.5
sinken	neg 1.0		__DUMMY__ 0.9391818756859632 neg 0.03235942268129896 off 0.02845870163273789	false	1.0
stinktier	neg 1.0		__DUMMY__ 0.9307866046725088 off 0.04078240203922622 neg 0.028430993288264927	false	0.5
tucke	off 1.0		__DUMMY__ 0.926046677367324 off 0.04321762248250862 neg 0.030735700150167435	false	1.0
ein			__DUMMY__ 0.9372331875323715 off 0.03372505457090117 neg 0.029041757896727284	false	0.0
abstieg	neg 1.0		__DUMMY__ 0.9414899343251587 off 0.03045000792443184 neg 0.028060057750409373	false	0.5
missverstehen	neg 1.0		__DUMMY__ 0.9339118352405704 off 0.03553961167665903 neg 0.030548553082770533	false	0.5
ergebnislos	neg 1.0		__DUMMY__ 0.9380155776421959 neg 0.0315288143315308 off 0.030455608026273347	false	1.0
unter			__DUMMY__ 0.9452123373143596 neg 0.030096242810203865 off 0.024691419875436535	false	0.0
manipulieren	neg 1.0		__DUMMY__ 0.9383313407650138 neg 0.031525731039197265 off 0.030142928195788985	false	1.0
unbewiesen	neg 1.0		__DUMMY__ 0.9311468106782268 neg 0.0347780172380469 off 0.034075172083726284	false	1.0
verschleppen	neg 1.0		__DUMMY__ 0.9379064435465196 off 0.031707550959162174 neg 0.03038600549431816	false	0.5
weib	off 1.0		__DUMMY__ 0.9295122115977189 off 0.042939193670293925 neg 0.027548594731987085	false	1.0
opposition	neg 1.0		__DUMMY__ 0.9345387108486464 off 0.03458031289308967 neg 0.030880976258263925	false	0.5
verkehrswidrig	neg 1.0	neg 1.0	neg 0.49043556877794037 __DUMMY__ 0.4739656910339403 off 0.03559874018811931	false	1.0
inkorrekt	neg 1.0		__DUMMY__ 0.9299378809682534 off 0.039067898517169346 neg 0.030994220514577328	false	0.5
vermeiden	neg 1.0		__DUMMY__ 0.9424923326630639 neg 0.031192617227789408 off 0.026315050109146698	false	1.0
abweichung	neg 1.0		__DUMMY__ 0.9367870769579615 neg 0.032532969932766234 off 0.03067995310927229	false	1.0
alkoholisiert	neg 1.0		__DUMMY__ 0.944182471424178 off 0.02918748581289714 neg 0.026630042762924903	false	0.5
scheiss	off 1.0	off 1.0	off 0.5036993743168151 __DUMMY__ 0.4709053111744474 neg 0.025395314508737495	false	1.0
herausforderung	neg 1.0	neg 1.0	neg 0.4939129356783767 __DUMMY__ 0.47892298367415465 off 0.027164080647468666	false	1.0
pervers	off 1.0		__DUMMY__ 0.9283316757139248 off 0.04527237967420973 neg 0.026395944611865386	false	1.0
wackelig	neg 1.0		__DUMMY__ 0.9408839191187001 off 0.031292915525238475 neg 0.027823165356061434	false	0.5
verwickeln	neg 1.0		__DUMMY__ 0.933869813564675 off 0.035512431643062656 neg 0.030617754792262256	false	0.5
vorwand	neg 1.0		__DUMMY__ 0.9388647002911285 neg 0.03162356161645334 off 0.029511738092418204	false	1.0
muschi	off 1.0		__DUMMY__ 0.936409980605902 off 0.032371195952771895 neg 0.031218823441326083	false	1.0
entmutigung	neg 1.0		__DUMMY__ 0.9339017589285808 off 0.03490134578126041 neg 0.031196895290158733	false	0.5
unangemessen	neg 1.0		__DUMMY__ 0.9355493373161683 off 0.032359582567663886 neg 0.032091080116167896	false	0.5
unstetig	neg 1.0		__DUMMY__ 0.9374860698371847 off 0.033745765945451194 neg 0.02876816421736409	false	0.5
entmutigen	neg 1.0		__DUMMY__ 0.9353538135750618 off 0.034516186239004834 neg 0.03013000018593346	false	0.5
schwanz	neg 1.0		__DUMMY__ 0.9387226334964297 neg 0.03145566239047684 off 0.029821704113093365	false	1.0
verbot	neg 1.0		__DUMMY__ 0.935329207228285 neg 0.03280353383257844 off 0.03186725893913658	false	1.0
leid	neg 1.0		__DUMMY__ 0.9321901548007068 off 0.041153938688791726 neg 0.02665590651050154	false	0.5
archaisch	neg 1.0		__DUMMY__ 0.9371668121951983 off 0.03203662133473374 neg 0.03079656647006796	false	0.5
gegen			__DUMMY__ 0.9404342878360461 neg 0.03039947141789506 off 0.02916624074605891	false	0.0
scheidung	neg 1.0		__DUMMY__ 0.9273457153667163 off 0.04812594599680162 neg 0.02452833863648211	false	0.5
einschlag	neg 1.0	neg 1.0	neg 0.4948207766588971 __DUMMY__ 0.4694307624604402 off 0.03574846088066277	false	1.0
m			__DUMMY__ 0.9384343018634764 off 0.03168442875864417 neg 0.029881269377879424	false	0.0
abgestanden	neg 1.0		__DUMMY__ 0.9386829005136476 off 0.03318433422437142 neg 0.028132765261981017	false	0.5
schmierig	off 1.0		__DUMMY__ 0.932558503385178 off 0.040825140556234915 neg 0.026616356058587098	false	1.0
unpraktisch	neg 1.0		__DUMMY__ 0.9383243776237018 off 0.03380195510394132 neg 0.02787366727235687	false	0.5
wixxer	off 1.0		__DUMMY__ 0.92727189305506 off 0.04511406520778947 neg 0.027614041737150586	false	1.0
bezeichnet			__DUMMY__ 0.9356642030187906 off 0.033328900044777746 neg 0.03100689693643167	false	0.0
jammerlappen	off 1.0		__DUMMY__ 0.933829107412421 off 0.03717904860390978 neg 0.02899184398366922	false	1.0
farce	neg 1.0		__DUMMY__ 0.9341624131461344 neg 0.03344061667609705 off 0.032396970177768575	false	1.0
zwecklos	neg 1.0		__DUMMY__ 0.9362752153738635 off 0.0322834548271111 neg 0.03144132979902545	false	0.5
turbulent	neg 1.0		__DUMMY__ 0.9325718036483981 off 0.03733932436135971 neg 0.03008887199024217	false	0.5
invasion	neg 1.0		__DUMMY__ 0.9358658170100015 off 0.035237816539939744 neg 0.028896366450058695	false	0.5
schuld	neg 1.0		__DUMMY__ 0.9358172518188139 off 0.03429656232058884 neg 0.029886185860597245	false	0.5
risiko	neg 1.0		__DUMMY__ 0.9375138276600283 off 0.033617440203604305 neg 0.02886873213636734	false	0.5
finster	neg 1.0		__DUMMY__ 0.9374707531346166 off 0.03355262750226204 neg 0.028976619363121382	false	0.5
geisteskrank	off 1.0		__DUMMY__ 0.931962427585571 off 0.03853078076433749 neg 0.02950679165009139	false	1.0
zusammenbrechen	neg 1.0		__DUMMY__ 0.9381726764161419 off 0.03253711857633772 neg 0.029290205007520363	false	0.5
ausbeute	neg 1.0		__DUMMY__ 0.9404070950286567 neg 0.030085526196591 off 0.02950737877475226	false	1.0
hinterhalt	neg 1.0		__DUMMY__ 0.9378505359995062 off 0.0317835995650598 neg 0.030365864435433938	false	0.5
kritik	neg 1.0		__DUMMY__ 0.9348111983632896 neg 0.03288990126137891 off 0.032298900375331424	false	1.0
einschrumpfen	neg 1.0		__DUMMY__ 0.9317590752775408 off 0.035741295870904764 neg 0.0324996288515545	false	0.5
riskant	neg 1.0		__DUMMY__ 0.9375078574442814 neg 0.03145690512074289 off 0.03103523743497569	false	1.0
frustrieren	neg 1.0		__DUMMY__ 0.9376539205965885 neg 0.031240059659360386 off 0.03110601974405112	false	1.0
groll	neg 1.0		__DUMMY__ 0.9374651313214053 off 0.03206410088219832 neg 0.03047076779639634	false	0.5
gibt			__DUMMY__ 0.9365185523361543 off 0.03237517671489492 neg 0.03110627094895082	false	0.0
qualvoll	neg 1.0		__DUMMY__ 0.9368307101427306 off 0.0358133451362345 neg 0.02735594472103494	false	0.5
wackeln	neg 1.0	neg 1.0	neg 0.49442164934290783 __DUMMY__ 0.4747930385428841 off 0.03078531211420802	false	1.0
klagen	neg 1.0		__DUMMY__ 0.9387636861403591 neg 0.032661103874652736 off 0.02857520998498819	false	1.0
bankrott	neg 1.0		__DUMMY__ 0.9351724801846505 off 0.03611994083199522 neg 0.02870757898335428	false	0.5
trauern	neg 1.0		__DUMMY__ 0.9399514254040421 off 0.03093140895340895 neg 0.029117165642548893	false	0.5
ablehnung	neg 1.0		__DUMMY__ 0.934761612440455 neg 0.03285401390748161 off 0.0323843736520634	false	1.0
stur	neg 1.0		__DUMMY__ 0.9351154458012252 off 0.03472871783811641 neg 0.030155836360658352	false	0.5
aufruhr	neg 1.0		__DUMMY__ 0.9378600625030727 off 0.0328873153936019 neg 0.029252622103325424	false	0.5
melancholie	neg 1.0		__DUMMY__ 0.9394961704525983 off 0.03124283580447269 neg 0.029260993742929082	false	0.5
ist			__DUMMY__ 0.9354331786954114 off 0.034817945969742255 neg 0.029748875334846315	false	0.0
torheit	neg 1.0		__DUMMY__ 0.9345901229504913 off 0.034331370782921894 neg 0.031078506266586852	false	0.5
dreckskind	off 1.0		__DUMMY__ 0.9300862826555547 off 0.041865917552158106 neg 0.028047799792287133	false	1.0
umtauschen	neg 1.0		__DUMMY__ 0.9375712063998093 off 0.0326126515404201 neg 0.02981614205977063	false	0.5
zum			__DUMMY__ 0.9449274177963521 neg 0.028788251209133794 off 0.026284330994514053	false	0.0
zersetzen	neg 1.0		__DUMMY__ 0.9373380277393973 neg 0.03262545404907473 off 0.03003651821152798	false	1.0
zur			__DUMMY__ 0.942243655521912 neg 0.031620561239605605 off 0.026135783238482344	false	0.0
frust	neg 1.0		__DUMMY__ 0.937823651792021 off 0.03248876404417741 neg 0.02968758416380165	false	0.5
unerbittlichkeit	neg 1.0		__DUMMY__ 0.9374565614044323 neg 0.03242915085038298 off 0.030114287745184654	false	1.0
zwei			__DUMMY__ 0.9430225207916232 neg 0.029076992093805577 off 0.027900487114571288	false	0.0
unkorrekt	neg 1.0		__DUMMY__ 0.9292030547282387 off 0.03934661455590412 neg 0.03145033071585711	false	0.5
hexe	off 1.0		__DUMMY__ 0.9327671823229018 off 0.03726136209558094 neg 0.029971455581517276	false	1.0
lasch	neg 1.0		__DUMMY__ 0.9321088389396536 off 0.036423120973211855 neg 0.031468040087134594	false	0.5
rivale	neg 1.0		__DUMMY__ 0.93460190268975 off 0.038937973713040225 neg 0.02646012359720983	false	0.5
mutlos	off 1.0	off 1.0	off 0.4983488361930802 __DUMMY__ 0.47148140702047303 neg 0.030169756786446716	false	1.0
wirr	off 1.0		__DUMMY__ 0.9297966009733176 off 0.0394305483962602 neg 0.03077285063042218	false	1.0
jahr			__DUMMY__ 0.9414313087021587 neg 0.029421431979180197 off 0.029147259318661047	false	0.0
wird			__DUMMY__ 0.937754227219054 off 0.03121454154912838 neg 0.031031231231817637	false	0.0
strafbar	neg 1.0		__DUMMY__ 0.9367920856890283 neg 0.03200863165494182 off 0.031199282656029934	false	1.0
erosion	neg 1.0		__DUMMY__ 0.9377466864653412 off 0.03374918270568413 neg 0.02850413082897463	false	0.5
eingehen	neg 1.0		__DUMMY__ 0.9356630638853384 neg 0.032500133195489354 off 0.03183680291917226	false	1.0
faul	off 1.0		__DUMMY__ 0.9362063370333846 off 0.036138467747445724 neg 0.027655195219169683	false	1.0
provisorium	neg 1.0		__DUMMY__ 0.9441919906898679 neg 0.03142220317949865 off 0.02438580613063349	false	1.0
schmerzen	neg 1.0		__DUMMY__ 0.9375741794661384 off 0.03291212450456136 neg 0.029513696029300207	false	0.5
schrumpfen	neg 1.0		__DUMMY__ 0.9399342825563861 neg 0.03351421713200352 off 0.02655150031161041	false	1.0
geistlos	off 1.0		__DUMMY__ 0.9311567785313113 off 0.035811468039343285 neg 0.033031753429345445	false	1.0
fehlkauf	neg 1.0		__DUMMY__ 0.9352133933510337 off 0.03477328500028725 neg 0.03001332164867903	false	0.5
frustrierend	neg 1.0		__DUMMY__ 0.9356863101990692 off 0.036416904371709524 neg 0.027896785429221343	false	0.5
unzufrieden	neg 1.0		__DUMMY__ 0.9359480437392806 off 0.032216285548025636 neg 0.031835670712693706	false	0.5
verzweifeln	neg 1.0		__DUMMY__ 0.9368179041455318 off 0.03327057658947356 neg 0.029911519264994607	false	0.5
verzweifelt	neg 1.0		__DUMMY__ 0.935318822082398 off 0.03475768978786007 neg 0.02992348812974193	false	0.5
misstrauensantrag	neg 1.0		__DUMMY__ 0.9350145647876454 off 0.03501148320235673 neg 0.029973952009997782	false	0.5
abfallen	neg 1.0		__DUMMY__ 0.9382239403004665 off 0.03402215060254703 neg 0.027753909096986423	false	0.5
fucker	off 1.0		__DUMMY__ 0.9317833759314854 off 0.03886698018035466 neg 0.029349643888159867	false	1.0
ungezogen	neg 1.0		__DUMMY__ 0.9297768800051766 off 0.04393830182131116 neg 0.02628481817351226	false	0.5
irrsinnig	neg 1.0	neg 1.0	neg 0.49808687573293015 __DUMMY__ 0.47051431076230577 off 0.03139881350476404	false	1.0
unfassbar	neg 1.0		__DUMMY__ 0.9327029694762877 off 0.037658378016962375 neg 0.02963865250674997	false	0.5
hart	neg 1.0		__DUMMY__ 0.9352383528719568 off 0.035761650323945196 neg 0.028999996804098035	false	0.5
widerlich	off 1.0		__DUMMY__ 0.9317808060050917 off 0.038387179774420785 neg 0.029832014220487556	false	1.0
fatal	neg 1.0		__DUMMY__ 0.9350766777289032 off 0.035051176835707604 neg 0.029872145435389137	false	0.5
bruch	neg 1.0		__DUMMY__ 0.939508372033775 neg 0.03170213787877432 off 0.02878949008745065	false	1.0
aushungern	neg 1.0		__DUMMY__ 0.9351479187537481 off 0.033155061416488836 neg 0.03169701982976298	false	0.5
anspannung	neg 1.0	neg 1.0	neg 0.4942411676233053 __DUMMY__ 0.481475980316677 off 0.02428285206001766	false	1.0
von			__DUMMY__ 0.941565829407564 neg 0.02973163044256069 off 0.02870254014987541	false	0.0
kraftlos	neg 1.0		__DUMMY__ 0.9404292976803199 off 0.03184442815706936 neg 0.02772627416261071	false	0.5
vom			__DUMMY__ 0.9455690911571306 neg 0.029708081282916958 off 0.024722827559952375	false	0.0
grenzdebil	off 1.0		__DUMMY__ 0.933276995176518 off 0.03831675305891406 neg 0.028406251764567944	false	1.0
vor			__DUMMY__ 0.9402239226643948 neg 0.030353551778888876 off 0.029422525556716282	false	0.0
unterwerfen	neg 1.0		__DUMMY__ 0.9377868731226741 neg 0.03127670700195018 off 0.03093641987537575	false	1.0
versenkung	neg 1.0		__DUMMY__ 0.93806295858009 neg 0.031087381578734374 off 0.030849659841175606	false	1.0
entziehen	neg 1.0		__DUMMY__ 0.9391320724789488 neg 0.031835693893106504 off 0.029032233627944614	false	1.0
finanzkrise	neg 1.0		__DUMMY__ 0.9347388175220788 off 0.03284264305629171 neg 0.03241853942162952	false	0.5
schimpfend	neg 1.0		__DUMMY__ 0.9389568597734449 off 0.033697706981624276 neg 0.027345433244930932	false	0.5
profan	neg 1.0		__DUMMY__ 0.9349339966888911 off 0.03558383020006436 neg 0.02948217311104447	false	0.5
korruption	neg 1.0		__DUMMY__ 0.935118662582068 neg 0.033136503279600216 off 0.031744834138331804	false	1.0
â			__DUMMY__ 0.9384883272878639 off 0.030894208958753614 neg 0.030617463753382465	false	0.0
schmutzig	neg 1.0		__DUMMY__ 0.9348188391951153 off 0.03785987771986225 neg 0.027321283085022414	false	0.5
sexy	neg 1.0		__DUMMY__ 0.9349497381342191 off 0.03606408379312417 neg 0.02898617807265676	false	0.5
abraten	neg 1.0		__DUMMY__ 0.9352121583095285 off 0.03477092107251828 neg 0.030016920617953215	false	0.5
schwarz	neg 1.0		__DUMMY__ 0.9349744918943711 off 0.03457682411895926 neg 0.03044868398666967	false	0.5
fotze	off 1.0		__DUMMY__ 0.9372647303706375 neg 0.031991262789645245 off 0.03074400683971721	false	0.5
verwirren	neg 1.0		__DUMMY__ 0.9347174412800465 off 0.03581360142470723 neg 0.02946895729524629	false	0.5
zahnlos	off 1.0		__DUMMY__ 0.9358849430703877 off 0.032239829258029463 neg 0.03187522767158282	false	1.0
verheeren	neg 1.0		__DUMMY__ 0.9305426083671031 off 0.044901694029204825 neg 0.02455569760369203	false	0.5
hippie	neg 1.0		__DUMMY__ 0.9346550628301116 off 0.035779584608258176 neg 0.029565352561630225	false	0.5
rammen	neg 1.0		__DUMMY__ 0.937575684399707 off 0.03356368089973831 neg 0.02886063470055472	false	0.5
unlauter	neg 1.0		__DUMMY__ 0.9314153581032326 neg 0.03457081323483795 off 0.03401382866192945	false	1.0
unheilvoll	neg 1.0		__DUMMY__ 0.9378372292341995 off 0.03482605037702634 neg 0.02733672038877419	false	0.5
niedrig	neg 1.0		__DUMMY__ 0.9405003428170076 off 0.029917052726607374 neg 0.029582604456385126	false	0.5
explosion	neg 1.0		__DUMMY__ 0.9348076436248216 off 0.035260641928484625 neg 0.029931714446693746	false	0.5
weichei	off 1.0		__DUMMY__ 0.9303067621091988 off 0.04178275970429125 neg 0.02791047818650995	false	1.0
minusmensch	off 1.0		__DUMMY__ 0.924459790493252 off 0.04514520403388077 neg 0.030395005472867144	false	1.0
farblos	neg 1.0		__DUMMY__ 0.9413467274169367 off 0.03206391924991882 neg 0.02658935333314438	false	0.5
unwissend	neg 1.0	neg 1.0	neg 0.4973965114429186 __DUMMY__ 0.46848699363010643 off 0.03411649492697489	false	1.0
traurig	neg 1.0		__DUMMY__ 0.9325463867319591 off 0.03969209707189038 neg 0.027761516196150547	false	0.5
senkung	neg 1.0		__DUMMY__ 0.9324433234037766 off 0.03541015981025349 neg 0.03214651678596993	false	0.5
ungleich	neg 1.0	neg 1.0	neg 0.5001371878793059 __DUMMY__ 0.4718695712614748 off 0.027993240859219223	false	1.0
heikel	neg 1.0		__DUMMY__ 0.9371364139878589 neg 0.0327509270532177 off 0.03011265895892354	false	1.0
drosselung	neg 1.0		__DUMMY__ 0.9338202969216634 off 0.03776606329142165 neg 0.028413639786914927	false	0.5
falsch	neg 1.0		__DUMMY__ 0.9346770952107837 off 0.036557432991207735 neg 0.028765471798008636	false	0.5
unzufriedenheit	neg 1.0		__DUMMY__ 0.9379545348657629 neg 0.03225267467898361 off 0.029792790455253466	false	1.0
kurz	neg 1.0		__DUMMY__ 0.9391426941886871 off 0.03206154540695628 neg 0.028795760404356566	false	0.5
unsinnig	neg 1.0		__DUMMY__ 0.9348103954978684 neg 0.03262772315454149 off 0.03256188134759013	false	1.0
penner	off 1.0	off 1.0	off 0.5095378850087992 __DUMMY__ 0.465719791931002 neg 0.024742323060198877	false	1.0
seicht	neg 1.0		__DUMMY__ 0.9269345518662955 off 0.044224589794117274 neg 0.028840858339587192	false	0.5
dummheit	off 1.0	off 1.0	off 0.5025432840123109 __DUMMY__ 0.46962203699291327 neg 0.02783467899477581	false	1.0
unerfreulich	neg 1.0		__DUMMY__ 0.9393666718724027 neg 0.031372101702052534 off 0.02926122642554473	false	1.0
motherfucker	off 1.0	off 1.0	off 0.5054715529252457 __DUMMY__ 0.46741328197395615 neg 0.0271151651007982	false	1.0
pikiert	neg 1.0		__DUMMY__ 0.9320520170638682 off 0.03759963192372842 neg 0.030348351012403345	false	0.5
wrack	neg 1.0		__DUMMY__ 0.9400544123773538 off 0.03008731044152807 neg 0.02985827718111819	false	0.5
gangster	neg 1.0		__DUMMY__ 0.9352557250034547 off 0.035411817282087595 neg 0.02933245771445764	false	0.5
krank	neg 1.0		__DUMMY__ 0.934760137640334 off 0.038238886687424235 neg 0.02700097567224173	false	0.5
reich	neg 1.0		__DUMMY__ 0.9317066337507073 off 0.036543565803389556 neg 0.03174980044590305	false	0.5
gnadenlos	neg 1.0		__DUMMY__ 0.9360977314094854 off 0.03431826562689418 neg 0.029584002963620452	false	0.5
niedergeschlagen	neg 1.0		__DUMMY__ 0.9394286850531166 off 0.03244381381869168 neg 0.028127501128191713	false	0.5
terrorisieren	off 1.0	off 1.0	off 0.49854582515905466 __DUMMY__ 0.4737484138990849 neg 0.027705760941860513	false	1.0
sinnlosigkeit	neg 1.0		__DUMMY__ 0.936376115271704 off 0.032247173027052184 neg 0.03137671170124378	false	0.5
behindern	neg 1.0		__DUMMY__ 0.9358638562307233 off 0.032786769936090754 neg 0.03134937383318585	false	0.5
undemokratisch	neg 1.0		__DUMMY__ 0.9330698304854048 off 0.03448159950512554 neg 0.032448570009469636	false	0.5
wirtschaftskrise	neg 1.0		__DUMMY__ 0.9363561752247608 neg 0.03238492767029063 off 0.03125889710494856	false	1.0
neid	neg 1.0		__DUMMY__ 0.936713312723759 off 0.03676110854369755 neg 0.02652557873254344	false	0.5
rutschen	neg 1.0		__DUMMY__ 0.9437648943180721 neg 0.028423241787918073 off 0.027811863894009806	false	1.0
rezession	neg 1.0		__DUMMY__ 0.9300735094117271 off 0.04057125460757286 neg 0.029355235980700004	false	0.5
fehlgeburt	neg 1.0		__DUMMY__ 0.938523750632378 off 0.03474380967588905 neg 0.026732439691732945	false	0.5
charakterschwach	off 1.0		__DUMMY__ 0.9330462560875982 off 0.03821028772739106 neg 0.028743456185010844	false	1.0
isolation	neg 1.0		__DUMMY__ 0.9354464002461534 off 0.036276165242398635 neg 0.02827743451144796	false	0.5
ablenkung	neg 1.0		__DUMMY__ 0.93654044258735 off 0.03371393293534016 neg 0.029745624477309735	false	0.5
pech	neg 1.0		__DUMMY__ 0.9358241953926605 off 0.035846231507378805 neg 0.028329573099960693	false	0.5
vermeidung	neg 1.0		__DUMMY__ 0.9316552572711105 off 0.038094471879985464 neg 0.030250270848904106	false	0.5
dominieren	neg 1.0		__DUMMY__ 0.9404686709276314 off 0.03092859621730937 neg 0.028602732855059206	false	0.5
schwindlig	neg 1.0		__DUMMY__ 0.9395467034825763 off 0.034729792056680496 neg 0.025723504460743226	false	0.5
lutscher	neg 1.0		__DUMMY__ 0.9273017717770652 off 0.04448130053026142 neg 0.028216927692673345	false	0.5
pflicht	neg 1.0		__DUMMY__ 0.9372678732204964 neg 0.032545161584590886 off 0.030186965194912634	false	1.0
faschist	off 1.0		__DUMMY__ 0.9321008909257231 off 0.03605608662001364 neg 0.03184302245426321	false	1.0
verschleudern	neg 1.0		__DUMMY__ 0.9338904004494968 neg 0.035366544785530155 off 0.030743054764972993	false	1.0
wenn			__DUMMY__ 0.9343282625808652 off 0.036757920437858645 neg 0.028913816981276166	false	0.0
ehebruch	neg 1.0		__DUMMY__ 0.9373973799012357 off 0.031441477312856556 neg 0.031161142785907724	false	0.5
spott	off 1.0		__DUMMY__ 0.9363357353046209 neg 0.03256199725515571 off 0.03110226744022339	false	0.5
trostlosigkeit	neg 1.0		__DUMMY__ 0.9394885896944075 neg 0.03140990236194855 off 0.029101507943643995	false	1.0
lutschen	neg 1.0		__DUMMY__ 0.934515343438694 off 0.035345945892817136 neg 0.030138710668488815	false	0.5
undiszipliniert	neg 1.0		__DUMMY__ 0.9336568926053215 off 0.039008475936481095 neg 0.02733463145819738	false	0.5
kopfschmerz	neg 1.0		__DUMMY__ 0.9398632321548741 off 0.031884990503606055 neg 0.028251777341519874	false	0.5
unvorhergesehen	neg 1.0		__DUMMY__ 0.9417353034231015 off 0.030233687239813175 neg 0.028031009337085362	false	0.5
desinteressiert	neg 1.0		__DUMMY__ 0.9319627165133529 off 0.03903810732096293 neg 0.028999176165684162	false	0.5
armselig	off 1.0		__DUMMY__ 0.9299799260068626 off 0.039912222368729086 neg 0.030107851624408308	false	1.0
desaster	neg 1.0		__DUMMY__ 0.9382124722987752 neg 0.03336872838479707 off 0.028418799316427698	false	1.0
tod	neg 1.0		__DUMMY__ 0.9404456367668883 off 0.030840695405383856 neg 0.02871366782772786	false	0.5
herzlos	neg 1.0		__DUMMY__ 0.9312058969334565 off 0.04012274107346002 neg 0.02867136199308358	false	0.5
unwissenheit	neg 1.0		__DUMMY__ 0.9347545902631722 neg 0.03309603976533587 off 0.03214936997149196	false	1.0
widersinnig	neg 1.0	neg 1.0	neg 0.5016935483898057 __DUMMY__ 0.46860421746608383 off 0.029702234144110495	false	1.0
bedenklich	neg 1.0		__DUMMY__ 0.9364979227391017 neg 0.03229799685602458 off 0.031204080404873682	false	1.0
beanstanden	neg 1.0		__DUMMY__ 0.9378452243986641 neg 0.032502272127750476 off 0.029652503473585373	false	1.0
panisch	neg 1.0	neg 1.0	neg 0.493074208787517 __DUMMY__ 0.4749289218875515 off 0.03199686932493155	false	1.0
debil	off 1.0		__DUMMY__ 0.9416577117361395 neg 0.032756570026598944 off 0.02558571823726148	false	0.5
abstrich	neg 1.0		__DUMMY__ 0.9369441359326098 neg 0.03281168690722161 off 0.03024417716016856	false	1.0
primitiv	neg 1.0		__DUMMY__ 0.9318519803395305 off 0.03872752189187255 neg 0.029420497768596936	false	0.5
abschaum	off 1.0	off 1.0	off 0.5040320521294139 __DUMMY__ 0.46899325583541107 neg 0.026974692035174927	false	1.0
provozieren	neg 1.0		__DUMMY__ 0.9352380142923025 off 0.03419631451468305 neg 0.030565671193014426	false	0.5
tot	neg 1.0		__DUMMY__ 0.9365527333262433 neg 0.03322980509019956 off 0.030217461583557145	false	1.0
instabil	neg 1.0		__DUMMY__ 0.9292310811952995 off 0.03854984637541135 neg 0.03221907242928912	false	0.5
schwuchtel	off 1.0		__DUMMY__ 0.92517992518529 off 0.048139400204351444 neg 0.026680674610358526	false	1.0
zerren	neg 1.0		__DUMMY__ 0.939239069427965 off 0.032660853305300705 neg 0.028100077266734323	false	0.5
kinderficker	off 1.0		__DUMMY__ 0.9279459697486298 off 0.04178492736616617 neg 0.030269102885204093	false	1.0
gefahr	neg 1.0		__DUMMY__ 0.9393510871741383 neg 0.030751119629693117 off 0.02989779319616857	false	1.0
rabiat	neg 1.0		__DUMMY__ 0.9354526520888989 off 0.0337188881561031 neg 0.030828459754997935	false	0.5
verlangsamung	neg 1.0		__DUMMY__ 0.9299728152934675 off 0.0430507450228526 neg 0.026976439683679885	false	0.5
ausgestorben	neg 1.0		__DUMMY__ 0.9379378594654675 off 0.03310095379631317 neg 0.028961186738219444	false	0.5
anklagen	neg 1.0		__DUMMY__ 0.9365632736608444 off 0.032495317160874886 neg 0.0309414091782808	false	0.5
trott	neg 1.0		__DUMMY__ 0.9371422400968902 off 0.03293631978626293 neg 0.029921440116846904	false	0.5
verminderung	neg 1.0		__DUMMY__ 0.9310790393685277 off 0.038624342060446626 neg 0.030296618571025717	false	0.5
nach			__DUMMY__ 0.9459591959220668 neg 0.02737961862517667 off 0.026661185452756555	false	0.0
rost	neg 1.0		__DUMMY__ 0.9313899342124548 off 0.04182691219250012 neg 0.026783153595045055	false	0.5
destruktiv	neg 1.0		__DUMMY__ 0.9337139233048724 off 0.033459366710623176 neg 0.032826709984504515	false	0.5
unzumutbarkeit	neg 1.0		__DUMMY__ 0.9348304116508996 off 0.03678026996508181 neg 0.028389318384018553	false	0.5
labil	off 1.0	off 1.0	off 0.5040051490547472 __DUMMY__ 0.46891440516583843 neg 0.027080445779414354	false	1.0
ziemlich	neg 1.0		__DUMMY__ 0.9342216292326183 off 0.037875313541076365 neg 0.02790305722630539	false	0.5
lachnummer	off 1.0		__DUMMY__ 0.9346895737945596 off 0.03373227670618996 neg 0.031578149499250405	false	1.0
oder			__DUMMY__ 0.937375206529455 off 0.03347313290573477 neg 0.029151660564810184	false	0.0
verfall	neg 1.0		__DUMMY__ 0.9403294924716868 neg 0.033136732321031384 off 0.026533775207281736	false	1.0
ausgrenzung	neg 1.0		__DUMMY__ 0.9335682882598828 off 0.034992887853955185 neg 0.03143882388616206	false	0.5
unordnung	neg 1.0		__DUMMY__ 0.9346502721174424 off 0.03730649274478558 neg 0.028043235137772092	false	0.5
fehlverhalten	neg 1.0		__DUMMY__ 0.9373444297419928 neg 0.032236596150306385 off 0.030418974107700756	false	1.0
eine			__DUMMY__ 0.9387514312293433 neg 0.03164480918165286 off 0.029603759589003787	false	0.0
nille	neg 1.0		__DUMMY__ 0.9366338524151792 off 0.032785034336359764 neg 0.030581113248461092	false	0.5
qual	neg 1.0		__DUMMY__ 0.9370814348659499 off 0.032840412292154904 neg 0.03007815284189515	false	0.5
verschwenden	neg 1.0		__DUMMY__ 0.9368521240117279 neg 0.03174529355244881 off 0.03140258243582336	false	1.0
riesig	neg 1.0	neg 1.0	neg 0.4957045854095235 __DUMMY__ 0.4762767785612187 off 0.028018636029257818	false	1.0
verurteilen	neg 1.0		__DUMMY__ 0.9366439268212438 off 0.03222507941555521 neg 0.031130993763201015	false	0.5
klischee	neg 1.0	neg 1.0	neg 0.4983175175956135 __DUMMY__ 0.4685094550637199 off 0.033173027340666676	false	1.0
diktatorisch	neg 1.0		__DUMMY__ 0.9322568527824978 off 0.03497378669821411 neg 0.03276936051928807	false	0.5
vorhersehbar	neg 1.0	neg 1.0	neg 0.49752633391468964 __DUMMY__ 0.46971183202125416 off 0.03276183406405609	false	1.0
sowie			__DUMMY__ 0.9299411057673851 off 0.04159168604586893 neg 0.028467208186746012	false	0.0
stornieren	neg 1.0		__DUMMY__ 0.9397515559669631 off 0.033751886029354645 neg 0.026496558003682138	false	0.5
besteuerung	neg 1.0		__DUMMY__ 0.932957492267411 off 0.03382518261293699 neg 0.03321732511965207	false	0.5
ungeschminkt	neg 1.0		__DUMMY__ 0.9327740261583704 off 0.037737109092578915 neg 0.02948886474905063	false	0.5
kritisch	neg 1.0		__DUMMY__ 0.9363219294098476 neg 0.03252905593197778 off 0.031149014658174674	false	1.0
schlamperei	off 1.0		__DUMMY__ 0.936429290362211 neg 0.03319445637405319 off 0.030376253263735817	false	0.5
sucht	neg 1.0	neg 1.0	neg 0.495781060107856 __DUMMY__ 0.4742578059207354 off 0.029961133971408607	false	1.0
egoistisch	off 1.0		__DUMMY__ 0.9307763130370772 off 0.04191669079641834 neg 0.0273069961665045	false	1.0
ausbeuter	off 1.0		__DUMMY__ 0.9362351724973095 neg 0.03343504192373133 off 0.03032978557895924	false	0.5
arschgeburt	off 1.0		__DUMMY__ 0.9244475256517355 off 0.04844521933020742 neg 0.02710725501805711	false	1.0
schubs	neg 1.0	neg 1.0	neg 0.49540483655178247 __DUMMY__ 0.476141211575447 off 0.02845395187277058	false	1.0
unsolide	neg 1.0		__DUMMY__ 0.9292450560354901 neg 0.03546741901763501 off 0.035287524946874795	false	1.0
beschwerde	neg 1.0		__DUMMY__ 0.9367677873794591 neg 0.032803611773728904 off 0.03042860084681194	false	1.0
stocken	neg 1.0		__DUMMY__ 0.9383590395463709 off 0.030844465436326452 neg 0.030796495017302566	false	0.5
isolieren	neg 1.0		__DUMMY__ 0.9374884216583718 off 0.03168010468627371 neg 0.030831473655354637	false	0.5
unheilbar	neg 1.0		__DUMMY__ 0.9386871750745883 off 0.034032700899162466 neg 0.027280124026249155	false	0.5
pisser	off 1.0		__DUMMY__ 0.9336001570745094 off 0.038860407102610045 neg 0.02753943582288054	false	1.0
löschen	neg 1.0		__DUMMY__ 0.9366789567552101 off 0.033383506274177126 neg 0.029937536970612726	false	0.5
durchfallen	neg 1.0		__DUMMY__ 0.9352291309044917 neg 0.032712332492234264 off 0.03205853660327402	false	1.0
wichser	off 1.0		__DUMMY__ 0.9284013873360155 off 0.0454385412471721 neg 0.02616007141681243	false	1.0
terror	neg 1.0		__DUMMY__ 0.9365509071389866 off 0.03522315060811663 neg 0.02822594225289686	false	0.5
krass	neg 1.0		__DUMMY__ 0.93139027730762 off 0.040128508930674066 neg 0.028481213761705825	false	0.5
revolte	neg 1.0		__DUMMY__ 0.9333728287274243 off 0.035368935886574894 neg 0.031258235386000845	false	0.5
besorgt	neg 1.0		__DUMMY__ 0.9401518027637888 off 0.031928597857928356 neg 0.02791959937828287	false	0.5
nachlassen	neg 1.0		__DUMMY__ 0.9389280237797305 neg 0.03083636485217365 off 0.030235611368095792	false	1.0
alt	neg 1.0		__DUMMY__ 0.9390110172956622 off 0.03056398447307706 neg 0.030424998231260825	false	0.5
hundesohn	off 1.0		__DUMMY__ 0.9271217149222207 off 0.04472166469857289 neg 0.028156620379206455	false	1.0
als			__DUMMY__ 0.9385345396054257 off 0.03214092053063171 neg 0.02932453986394257	false	0.0
abschreckung	neg 1.0		__DUMMY__ 0.9391793371382661 neg 0.03152470189359266 off 0.02929596096814126	false	1.0
unqualifiziert	neg 1.0		__DUMMY__ 0.9308004479776668 off 0.03631634402609371 neg 0.03288320799623944	false	0.5
abgewichst	off 1.0		__DUMMY__ 0.9372756622205217 off 0.03216529763492276 neg 0.030559040144555502	false	1.0
schwer	neg 1.0		__DUMMY__ 0.9369633914386708 off 0.03351298668416263 neg 0.02952362187716649	false	0.5
bedeutungslosigkeit	neg 1.0		__DUMMY__ 0.9379870623258757 neg 0.03204904451385573 off 0.02996389316026863	false	1.0
kapitulation	neg 1.0		__DUMMY__ 0.9356198567242638 neg 0.03329563066770704 off 0.031084512608029097	false	1.0
unscharf	neg 1.0		__DUMMY__ 0.935132383594698 off 0.03466163700039454 neg 0.03020597940490752	false	0.5
schwinden	neg 1.0		__DUMMY__ 0.9388504500863694 neg 0.031377428695628554 off 0.02977212121800213	false	1.0
versklavung	neg 1.0		__DUMMY__ 0.9329312835601822 off 0.0345816017409228 neg 0.032487114698894995	false	0.5
schlecht	neg 1.0		__DUMMY__ 0.9344386732932938 off 0.038021442220043646 neg 0.02753988448666249	false	0.5
verhasst	neg 1.0		__DUMMY__ 0.9352466373959151 off 0.03447729436355784 neg 0.03027606824052708	false	0.5
beschweren	neg 1.0		__DUMMY__ 0.9354307099689474 off 0.03498614072810744 neg 0.029583149302945127	false	0.5
scheiden	neg 1.0		__DUMMY__ 0.9396434649314365 off 0.03322710297705855 neg 0.027129432091504962	false	0.5
frustriert	neg 1.0		__DUMMY__ 0.9371044085388027 off 0.03278698373112598 neg 0.030108607730071266	false	0.5
schimmelig	neg 1.0		__DUMMY__ 0.9400094784363344 neg 0.030110810238901973 off 0.029879711324763608	false	1.0
fisch	neg 1.0		__DUMMY__ 0.9418347443273952 neg 0.029337256338675677 off 0.028827999333929148	false	1.0
schmuggel	neg 1.0		__DUMMY__ 0.9420541204848374 off 0.029673232314255595 neg 0.028272647200907	false	0.5
auffallen	neg 1.0		__DUMMY__ 0.935267637240183 off 0.03541769408597963 neg 0.029314668673837405	false	0.5
konkurrenz	neg 1.0	neg 1.0	neg 0.4987764388804348 __DUMMY__ 0.474690392744744 off 0.026533168374821166	false	1.0
teufelskreis	neg 1.0		__DUMMY__ 0.9367369006038088 off 0.033239010360160526 neg 0.030024089036030637	false	0.5
aufschreien	neg 1.0		__DUMMY__ 0.9343809236163342 off 0.0353949402916533 neg 0.03022413609201259	false	0.5
schuldner	neg 1.0		__DUMMY__ 0.9385460661372191 neg 0.03151942985892558 off 0.02993450400385531	false	1.0
missgeburt	off 1.0	off 1.0	off 0.5078530154080665 __DUMMY__ 0.4666246699599014 neg 0.025522314632032174	false	1.0
arbeitslos	neg 1.0		__DUMMY__ 0.9353258563648492 neg 0.032361958389513286 off 0.03231218524563744	false	1.0
befallen	neg 1.0		__DUMMY__ 0.9373861710336671 off 0.032417677156416025 neg 0.03019615180991685	false	0.5
miesepetrig	off 1.0	off 1.0	off 0.5042225055309593 __DUMMY__ 0.4707098621136323 neg 0.025067632355408497	false	1.0
alarmieren	neg 1.0		__DUMMY__ 0.9329055850161088 off 0.03718681285998181 neg 0.0299076021239094	false	0.5
ungeduscht	off 1.0		__DUMMY__ 0.936204615236515 off 0.03554023226764297 neg 0.028255152495842043	false	1.0
knappheit	neg 1.0		__DUMMY__ 0.9358043947586963 neg 0.03330813924156687 off 0.030887465999736952	false	1.0
schlange	neg 1.0		__DUMMY__ 0.9381180623412844 off 0.0346743235342283 neg 0.027207614124487342	false	0.5
harsch	neg 1.0		__DUMMY__ 0.9329747876049267 off 0.040819900229181076 neg 0.026205312165892322	false	0.5
lang	neg 1.0		__DUMMY__ 0.9368029617103844 off 0.03369837680815492 neg 0.029498661481460655	false	0.5
ziellos	neg 1.0		__DUMMY__ 0.9395107937948893 off 0.031704006900386 neg 0.028785199304724722	false	0.5
selbstverliebt	neg 1.0		__DUMMY__ 0.9256872303547563 off 0.046286036347260896 neg 0.028026733297982734	false	0.5
beseitigen	neg 1.0		__DUMMY__ 0.9368555230320147 off 0.03269664016925311 neg 0.03044783679873221	false	0.5
dumm	off 1.0		__DUMMY__ 0.9291698289004215 off 0.0426085894289605 neg 0.028221581670618022	false	1.0
arbeitsloser	neg 1.0		__DUMMY__ 0.9376698500934694 off 0.03170502020286331 neg 0.03062512970366738	false	0.5
blitzen	neg 1.0		__DUMMY__ 0.935211847828271 off 0.035887935759539795 neg 0.028900216412189133	false	0.5
hilflos	neg 1.0		__DUMMY__ 0.9379485545219723 off 0.03235502857524536 neg 0.02969641690278227	false	0.5
eklig	off 1.0		__DUMMY__ 0.9301214159287917 off 0.04298873235187536 neg 0.026889851719332912	false	1.0
begriff			__DUMMY__ 0.9355126142984819 off 0.03278102411276434 neg 0.03170636158875379	false	0.0
hungersnot	neg 1.0		__DUMMY__ 0.9383763725295062 off 0.032304491227229615 neg 0.02931913624326415	false	0.5
ungesetzlich	neg 1.0		__DUMMY__ 0.9301688110458863 off 0.03571639673689235 neg 0.034114792217221294	false	0.5
verschwendung	neg 1.0		__DUMMY__ 0.9379825972092344 neg 0.03145645057226832 off 0.03056095221849727	false	1.0
schmerzvoll	neg 1.0		__DUMMY__ 0.9360123606987457 off 0.034870232795080766 neg 0.029117406506173515	false	0.5
vorzeitig	neg 1.0		__DUMMY__ 0.9371303456435296 off 0.035716045080076426 neg 0.027153609276393976	false	0.5
unvollkommenheit	neg 1.0		__DUMMY__ 0.9423512958013515 off 0.031433017203152676 neg 0.026215686995495844	false	0.5
intervenieren	neg 1.0		__DUMMY__ 0.935951690455621 neg 0.03349065360134906 off 0.03055765594303004	false	1.0
banause	off 1.0		__DUMMY__ 0.9273118241772881 off 0.04456548051088826 neg 0.02812269531182359	false	1.0
rebell	neg 1.0		__DUMMY__ 0.939974268806457 neg 0.032401990852741494 off 0.027623740340801457	false	1.0
unlogisch	neg 1.0		__DUMMY__ 0.931505593992912 off 0.039861210728608515 neg 0.02863319527847951	false	0.5
leiden	neg 1.0		__DUMMY__ 0.9431717607426598 off 0.029518081114752386 neg 0.027310158142587745	false	0.5
abschaffung	neg 1.0		__DUMMY__ 0.9331876498379787 off 0.033995364197798326 neg 0.032816985964222986	false	0.5
sturz	neg 1.0		__DUMMY__ 0.9381756743917499 off 0.03341727542982446 neg 0.028407050178425704	false	0.5
verkleinerung	neg 1.0		__DUMMY__ 0.9315838183243788 off 0.03590851692320801 neg 0.03250766475241327	false	0.5
schmarotzer	off 1.0		__DUMMY__ 0.9348749975899491 neg 0.03290131085798854 off 0.03222369155206239	false	0.5
bestrafung	neg 1.0		__DUMMY__ 0.9354284966348841 off 0.03472580953510204 neg 0.029845693830013738	false	0.5
achtlos	neg 1.0		__DUMMY__ 0.9380574337367495 off 0.03336594797564796 neg 0.02857661828760248	false	0.5
