unsolidarisch	neg 1.0		__DUMMY__ 0.9313741927695757 neg 0.03482333696642226 off 0.03380247026400215	false	1.0
nachteilig	neg 1.0		__DUMMY__ 0.9374881496128116 neg 0.03203575981997483 off 0.03047609056721356	false	1.0
skeptisch	neg 1.0		__DUMMY__ 0.9377626190559546 neg 0.03222400105815214 off 0.030013379885893223	false	1.0
schrecklich	neg 1.0		__DUMMY__ 0.9318335718850006 off 0.04043945440928314 neg 0.027726973705716303	false	0.5
schlapp	neg 1.0		__DUMMY__ 0.9355124184843008 off 0.03675206051707151 neg 0.02773552099862782	false	0.5
abfall	neg 1.0		__DUMMY__ 0.9402050415138752 neg 0.031791970069270314 off 0.028002988416854495	false	1.0
widerspenstig	neg 1.0		__DUMMY__ 0.9372416650104011 off 0.03317726826683631 neg 0.02958106672276265	false	0.5
abrupt	neg 1.0		__DUMMY__ 0.9404121271740955 off 0.029881923876149658 neg 0.02970594894975486	false	0.5
unwirksam	neg 1.0		__DUMMY__ 0.9326941844227609 neg 0.033993764913776835 off 0.03331205066346228	false	1.0
angreifen	neg 1.0	neg 1.0	neg 0.498984684957722 __DUMMY__ 0.4734190367257923 off 0.02759627831648571	false	1.0
inkonsistent	neg 1.0		__DUMMY__ 0.9360721636261188 off 0.03373243897494879 neg 0.030195397398932452	false	0.5
abrutschen	neg 1.0		__DUMMY__ 0.9399255421682835 neg 0.03180277701687268 off 0.028271680814843804	false	1.0
unsicher	neg 1.0		__DUMMY__ 0.9373728531913564 off 0.03361102313083566 neg 0.029016123677807922	false	0.5
bauernkind	off 1.0	off 1.0	off 0.506384743335094 __DUMMY__ 0.46603039580156164 neg 0.02758486086334427	false	1.0
angreifer	neg 1.0		__DUMMY__ 0.9376381929317792 off 0.034496866677381784 neg 0.027864940390839064	false	0.5
trennen	neg 1.0		__DUMMY__ 0.9412421439047004 off 0.030348095336844433 neg 0.028409760758455138	false	0.5
schmutz	neg 1.0		__DUMMY__ 0.942550197890402 off 0.03425702294777031 neg 0.023192779161827697	false	0.5
inkonsistenz	neg 1.0		__DUMMY__ 0.9314068379320091 off 0.03671742922650469 neg 0.03187573284148626	false	0.5
erschreckend	neg 1.0		__DUMMY__ 0.9358549607102363 off 0.032904939341838836 neg 0.03124009994792473	false	0.5
ertrinken	neg 1.0		__DUMMY__ 0.9402989540279003 off 0.030979212015070454 neg 0.028721833957029166	false	0.5
pickelface	off 1.0		__DUMMY__ 0.9367142244980061 off 0.03196136397090165 neg 0.03132441153109219	false	1.0
seiner			__DUMMY__ 0.9394671406269766 neg 0.030278527771286617 off 0.030254331601736777	false	0.0
lauch	neg 1.0		__DUMMY__ 0.938080624778029 neg 0.033855828749105275 off 0.02806354647286579	false	1.0
unwichtig	neg 1.0		__DUMMY__ 0.9335394073283632 off 0.03707043567456083 neg 0.02939015699707595	false	0.5
steuerhinterziehung	neg 1.0		__DUMMY__ 0.9350254509979384 neg 0.032521323331606344 off 0.032453225670455305	false	1.0
schock	neg 1.0		__DUMMY__ 0.9397811816824906 off 0.03277314951760594 neg 0.027445668799903535	false	0.5
beule	neg 1.0		__DUMMY__ 0.9360743487357182 off 0.036855096098883176 neg 0.02707055516539863	false	0.5
vergelten	neg 1.0		__DUMMY__ 0.935862005939806 off 0.039567121486336884 neg 0.024570872573857132	false	0.5
verdorbenheit	neg 1.0		__DUMMY__ 0.9372676937683078 off 0.03260603186085856 neg 0.03012627437083363	false	0.5
trauma	neg 1.0		__DUMMY__ 0.9359158092819825 off 0.03421036331544325 neg 0.02987382740257429	false	0.5
sinnlos	neg 1.0		__DUMMY__ 0.9362704502259526 off 0.03524617983843201 neg 0.02848336993561544	false	0.5
fettsack	off 1.0	off 1.0	off 0.5076603413298852 __DUMMY__ 0.46739855835105903 neg 0.024941100319055772	false	1.0
feige	off 1.0	off 1.0	off 0.5043537259918529 __DUMMY__ 0.46834301653996097 neg 0.027303257468186147	false	1.0
abdanken	neg 1.0		__DUMMY__ 0.9353484910022577 off 0.03326987987616467 neg 0.03138162912157759	false	0.5
wichtigtuer	off 1.0	off 1.0	off 0.5023183290653633 __DUMMY__ 0.4698691512531162 neg 0.02781251968152053	false	1.0
misslingen	neg 1.0		__DUMMY__ 0.9406890206140576 off 0.033785411107336905 neg 0.02552556827860551	false	0.5
untreu	off 1.0		__DUMMY__ 0.9330953100674522 off 0.03794184848034204 neg 0.028962841452205856	false	1.0
missmutig	neg 1.0		__DUMMY__ 0.9347264731963051 off 0.0369519708139841 neg 0.02832155598971075	false	0.5
hurenbock	off 1.0		__DUMMY__ 0.9370733875721063 off 0.03411856636552479 neg 0.028808046062368847	false	1.0
betrunken	neg 1.0		__DUMMY__ 0.9355197441599042 off 0.03864545662127311 neg 0.025834799218822684	false	0.5
korrupt	off 1.0		__DUMMY__ 0.9333402293775644 neg 0.03453698437083563 off 0.03212278625160002	false	0.5
unmut	neg 1.0		__DUMMY__ 0.9392155855294574 neg 0.032532157710951096 off 0.028252256759591556	false	1.0
hackfresse	off 1.0		__DUMMY__ 0.9291723620020022 off 0.04295407054434942 neg 0.027873567453648388	false	1.0
aufblasen	neg 1.0		__DUMMY__ 0.9378725244211279 off 0.03428291129280654 neg 0.0278445642860656	false	0.5
gewaltsam	neg 1.0		__DUMMY__ 0.937359627781282 off 0.03286219364198907 neg 0.029778178576728886	false	0.5
unbeliebtheit	neg 1.0		__DUMMY__ 0.9278148558372941 off 0.036964237420026164 neg 0.035220906742679754	false	0.5
sturheit	neg 1.0		__DUMMY__ 0.9356990310227699 off 0.033034925370396685 neg 0.03126604360683353	false	0.5
kuh	neg 1.0		__DUMMY__ 0.9347558873620186 off 0.03334119715806292 neg 0.03190291547991851	false	0.5
erschrecken	neg 1.0		__DUMMY__ 0.9353132988147572 off 0.03646117022265265 neg 0.028225530962590076	false	0.5
opfer	neg 1.0		__DUMMY__ 0.9391831829037547 off 0.03117439053700331 neg 0.029642426559242017	false	0.5
sinken	neg 1.0		__DUMMY__ 0.9391818756859632 neg 0.03235942268129893 off 0.028458701632737834	false	1.0
stinktier	neg 1.0		__DUMMY__ 0.9307866046725088 off 0.04078240203922621 neg 0.02843099328826496	false	0.5
tucke	off 1.0		__DUMMY__ 0.926046677367324 off 0.0432176224825086 neg 0.030735700150167435	false	1.0
ein			__DUMMY__ 0.9372331875323716 off 0.03372505457090116 neg 0.029041757896727246	false	0.0
abstieg	neg 1.0		__DUMMY__ 0.9414899343251588 off 0.030450007924431848 neg 0.028060057750409345	false	0.5
missverstehen	neg 1.0		__DUMMY__ 0.9339118352405704 off 0.035539611676659005 neg 0.030548553082770512	false	0.5
ergebnislos	neg 1.0		__DUMMY__ 0.9380155776421959 neg 0.03152881433153078 off 0.030455608026273326	false	1.0
unter			__DUMMY__ 0.9452123373143596 neg 0.03009624281020392 off 0.024691419875436518	false	0.0
manipulieren	neg 1.0		__DUMMY__ 0.9383313407650138 neg 0.031525731039197306 off 0.03014292819578897	false	1.0
unbewiesen	neg 1.0		__DUMMY__ 0.9311468106782268 neg 0.03477801723804689 off 0.03407517208372627	false	1.0
verschleppen	neg 1.0		__DUMMY__ 0.9379064435465196 off 0.031707550959162153 neg 0.030386005494318143	false	0.5
weib	off 1.0		__DUMMY__ 0.9295122115977189 off 0.04293919367029399 neg 0.0275485947319871	false	1.0
opposition	neg 1.0		__DUMMY__ 0.9345387108486464 off 0.034580312893089674 neg 0.030880976258263883	false	0.5
verkehrswidrig	neg 1.0	neg 1.0	neg 0.49043556877794037 __DUMMY__ 0.47396569103394026 off 0.03559874018811934	false	1.0
inkorrekt	neg 1.0		__DUMMY__ 0.9299378809682531 off 0.03906789851716943 neg 0.030994220514577363	false	0.5
vermeiden	neg 1.0		__DUMMY__ 0.9424923326630639 neg 0.031192617227789383 off 0.026315050109146674	false	1.0
abweichung	neg 1.0		__DUMMY__ 0.9367870769579616 neg 0.032532969932766186 off 0.030679953109272205	false	1.0
alkoholisiert	neg 1.0		__DUMMY__ 0.9441824714241781 off 0.02918748581289708 neg 0.02663004276292488	false	0.5
scheiss	off 1.0	off 1.0	off 0.503699374316815 __DUMMY__ 0.4709053111744474 neg 0.02539531450873754	false	1.0
herausforderung	neg 1.0	neg 1.0	neg 0.4939129356783767 __DUMMY__ 0.47892298367415465 off 0.027164080647468666	false	1.0
pervers	off 1.0		__DUMMY__ 0.9283316757139249 off 0.04527237967420961 neg 0.026395944611865393	false	1.0
wackelig	neg 1.0		__DUMMY__ 0.9408839191187001 off 0.03129291552523842 neg 0.027823165356061403	false	0.5
verwickeln	neg 1.0		__DUMMY__ 0.933869813564675 off 0.03551243164306267 neg 0.030617754792262242	false	0.5
vorwand	neg 1.0		__DUMMY__ 0.9388647002911286 neg 0.03162356161645332 off 0.02951173809241817	false	1.0
muschi	off 1.0		__DUMMY__ 0.936409980605902 off 0.032371195952771874 neg 0.031218823441326097	false	1.0
entmutigung	neg 1.0		__DUMMY__ 0.9339017589285808 off 0.034901345781260404 neg 0.031196895290158764	false	0.5
unangemessen	neg 1.0		__DUMMY__ 0.9355493373161683 off 0.03235958256766379 neg 0.03209108011616795	false	0.5
unstetig	neg 1.0		__DUMMY__ 0.9374860698371847 off 0.03374576594545116 neg 0.028768164217364136	false	0.5
entmutigen	neg 1.0		__DUMMY__ 0.9353538135750616 off 0.0345161862390049 neg 0.03013000018593344	false	0.5
schwanz	neg 1.0		__DUMMY__ 0.9387226334964299 neg 0.03145566239047683 off 0.029821704113093334	false	1.0
verbot	neg 1.0		__DUMMY__ 0.9353292072282852 neg 0.032803533832578356 off 0.03186725893913648	false	1.0
leid	neg 1.0		__DUMMY__ 0.9321901548007068 off 0.04115393868879174 neg 0.026655906510501558	false	0.5
archaisch	neg 1.0		__DUMMY__ 0.9371668121951983 off 0.03203662133473375 neg 0.030796566470067985	false	0.5
gegen			__DUMMY__ 0.9404342878360461 neg 0.03039947141789504 off 0.029166240746058912	false	0.0
scheidung	neg 1.0		__DUMMY__ 0.9273457153667163 off 0.0481259459968016 neg 0.0245283386364821	false	0.5
einschlag	neg 1.0	neg 1.0	neg 0.4948207766588971 __DUMMY__ 0.4694307624604402 off 0.03574846088066279	false	1.0
m			__DUMMY__ 0.9384343018634763 off 0.031684428758644266 neg 0.02988126937787946	false	0.0
abgestanden	neg 1.0		__DUMMY__ 0.9386829005136477 off 0.03318433422437134 neg 0.02813276526198104	false	0.5
schmierig	off 1.0		__DUMMY__ 0.9325585033851781 off 0.040825140556234894 neg 0.02661635605858706	false	1.0
unpraktisch	neg 1.0		__DUMMY__ 0.9383243776237019 off 0.033801955103941295 neg 0.027873667272356868	false	0.5
wixxer	off 1.0		__DUMMY__ 0.92727189305506 off 0.04511406520778949 neg 0.027614041737150537	false	1.0
bezeichnet			__DUMMY__ 0.9356642030187906 off 0.03332890004477771 neg 0.031006896936431667	false	0.0
jammerlappen	off 1.0		__DUMMY__ 0.933829107412421 off 0.03717904860390983 neg 0.02899184398366925	false	1.0
farce	neg 1.0		__DUMMY__ 0.9341624131461344 neg 0.03344061667609709 off 0.03239697017776859	false	1.0
zwecklos	neg 1.0		__DUMMY__ 0.9362752153738634 off 0.03228345482711118 neg 0.03144132979902542	false	0.5
turbulent	neg 1.0		__DUMMY__ 0.9325718036483982 off 0.03733932436135973 neg 0.03008887199024215	false	0.5
invasion	neg 1.0		__DUMMY__ 0.9358658170100015 off 0.03523781653993981 neg 0.02889636645005867	false	0.5
schuld	neg 1.0		__DUMMY__ 0.9358172518188138 off 0.03429656232058884 neg 0.02988618586059727	false	0.5
risiko	neg 1.0		__DUMMY__ 0.9375138276600283 off 0.03361744020360434 neg 0.02886873213636736	false	0.5
finster	neg 1.0		__DUMMY__ 0.9374707531346166 off 0.03355262750226204 neg 0.028976619363121386	false	0.5
geisteskrank	off 1.0		__DUMMY__ 0.931962427585571 off 0.03853078076433745 neg 0.02950679165009143	false	1.0
zusammenbrechen	neg 1.0		__DUMMY__ 0.938172676416142 off 0.032537118576337724 neg 0.02929020500752034	false	0.5
ausbeute	neg 1.0		__DUMMY__ 0.9404070950286567 neg 0.030085526196591036 off 0.029507378774752246	false	1.0
hinterhalt	neg 1.0		__DUMMY__ 0.9378505359995061 off 0.03178359956505986 neg 0.030365864435434008	false	0.5
kritik	neg 1.0		__DUMMY__ 0.9348111983632896 neg 0.0328899012613789 off 0.03229890037533143	false	1.0
einschrumpfen	neg 1.0		__DUMMY__ 0.9317590752775408 off 0.0357412958709048 neg 0.03249962885155452	false	0.5
riskant	neg 1.0		__DUMMY__ 0.9375078574442812 neg 0.03145690512074303 off 0.03103523743497578	false	1.0
frustrieren	neg 1.0		__DUMMY__ 0.9376539205965885 neg 0.03124005965936038 off 0.031106019744051156	false	1.0
groll	neg 1.0		__DUMMY__ 0.9374651313214053 off 0.032064100882198354 neg 0.030470767796396393	false	0.5
gibt			__DUMMY__ 0.9365185523361542 off 0.03237517671489494 neg 0.031106270948950875	false	0.0
qualvoll	neg 1.0		__DUMMY__ 0.9368307101427307 off 0.03581334513623444 neg 0.027355944721034912	false	0.5
wackeln	neg 1.0	neg 1.0	neg 0.4944216493429078 __DUMMY__ 0.4747930385428842 off 0.030785312114208034	false	1.0
klagen	neg 1.0		__DUMMY__ 0.938763686140359 neg 0.032661103874652805 off 0.028575209984988238	false	1.0
bankrott	neg 1.0		__DUMMY__ 0.9351724801846505 off 0.03611994083199518 neg 0.028707578983354277	false	0.5
trauern	neg 1.0		__DUMMY__ 0.9399514254040421 off 0.030931408953408963 neg 0.029117165642548907	false	0.5
ablehnung	neg 1.0		__DUMMY__ 0.9347616124404551 neg 0.032854013907481466 off 0.032384373652063383	false	1.0
stur	neg 1.0		__DUMMY__ 0.9351154458012253 off 0.03472871783811636 neg 0.030155836360658314	false	0.5
aufruhr	neg 1.0		__DUMMY__ 0.9378600625030727 off 0.032887315393601874 neg 0.029252622103325368	false	0.5
melancholie	neg 1.0		__DUMMY__ 0.9394961704525983 off 0.03124283580447269 neg 0.029260993742929058	false	0.5
ist			__DUMMY__ 0.9354331786954115 off 0.03481794596974223 neg 0.029748875334846263	false	0.0
torheit	neg 1.0		__DUMMY__ 0.9345901229504913 off 0.03433137078292194 neg 0.03107850626658688	false	0.5
dreckskind	off 1.0		__DUMMY__ 0.9300862826555547 off 0.04186591755215811 neg 0.028047799792287123	false	1.0
umtauschen	neg 1.0		__DUMMY__ 0.9375712063998093 off 0.032612651540420035 neg 0.029816142059770647	false	0.5
zum			__DUMMY__ 0.9449274177963521 neg 0.028788251209133798 off 0.026284330994514046	false	0.0
zersetzen	neg 1.0		__DUMMY__ 0.9373380277393975 neg 0.03262545404907465 off 0.0300365182115279	false	1.0
zur			__DUMMY__ 0.942243655521912 neg 0.03162056123960554 off 0.026135783238482344	false	0.0
frust	neg 1.0		__DUMMY__ 0.9378236517920211 off 0.03248876404417733 neg 0.02968758416380152	false	0.5
unerbittlichkeit	neg 1.0		__DUMMY__ 0.9374565614044323 neg 0.03242915085038294 off 0.030114287745184667	false	1.0
zwei			__DUMMY__ 0.9430225207916232 neg 0.02907699209380555 off 0.027900487114571295	false	0.0
unkorrekt	neg 1.0		__DUMMY__ 0.9292030547282387 off 0.039346614555904165 neg 0.03145033071585713	false	0.5
hexe	off 1.0		__DUMMY__ 0.9327671823229017 off 0.03726136209558099 neg 0.02997145558151725	false	1.0
lasch	neg 1.0		__DUMMY__ 0.9321088389396536 off 0.036423120973211834 neg 0.031468040087134545	false	0.5
rivale	neg 1.0		__DUMMY__ 0.93460190268975 off 0.038937973713040204 neg 0.02646012359720988	false	0.5
mutlos	off 1.0	off 1.0	off 0.4983488361930802 __DUMMY__ 0.47148140702047303 neg 0.030169756786446737	false	1.0
wirr	off 1.0		__DUMMY__ 0.9297966009733177 off 0.03943054839626014 neg 0.030772850630422097	false	1.0
jahr			__DUMMY__ 0.9414313087021587 neg 0.02942143197918021 off 0.02914725931866104	false	0.0
wird			__DUMMY__ 0.937754227219054 off 0.031214541549128352 neg 0.031031231231817624	false	0.0
strafbar	neg 1.0		__DUMMY__ 0.9367920856890283 neg 0.032008631654941784 off 0.031199282656029885	false	1.0
erosion	neg 1.0		__DUMMY__ 0.9377466864653413 off 0.03374918270568411 neg 0.028504130828974617	false	0.5
eingehen	neg 1.0		__DUMMY__ 0.9356630638853384 neg 0.03250013319548933 off 0.031836802919172236	false	1.0
faul	off 1.0		__DUMMY__ 0.9362063370333844 off 0.03613846774744582 neg 0.027655195219169787	false	1.0
provisorium	neg 1.0		__DUMMY__ 0.9441919906898679 neg 0.03142220317949864 off 0.02438580613063346	false	1.0
schmerzen	neg 1.0		__DUMMY__ 0.9375741794661385 off 0.03291212450456136 neg 0.0295136960293002	false	0.5
schrumpfen	neg 1.0		__DUMMY__ 0.9399342825563862 neg 0.03351421713200343 off 0.026551500311610337	false	1.0
geistlos	off 1.0		__DUMMY__ 0.9311567785313112 off 0.03581146803934325 neg 0.033031753429345515	false	1.0
fehlkauf	neg 1.0		__DUMMY__ 0.9352133933510338 off 0.03477328500028719 neg 0.030013321648679026	false	0.5
frustrierend	neg 1.0		__DUMMY__ 0.9356863101990692 off 0.03641690437170952 neg 0.02789678542922133	false	0.5
unzufrieden	neg 1.0		__DUMMY__ 0.935948043739281 off 0.03221628554802553 neg 0.03183567071269361	false	0.5
verzweifeln	neg 1.0		__DUMMY__ 0.9368179041455318 off 0.03327057658947355 neg 0.029911519264994607	false	0.5
verzweifelt	neg 1.0		__DUMMY__ 0.935318822082398 off 0.034757689787860084 neg 0.029923488129741948	false	0.5
misstrauensantrag	neg 1.0		__DUMMY__ 0.9350145647876454 off 0.03501148320235675 neg 0.02997395200999783	false	0.5
abfallen	neg 1.0		__DUMMY__ 0.9382239403004666 off 0.034022150602547055 neg 0.027753909096986367	false	0.5
fucker	off 1.0		__DUMMY__ 0.9317833759314853 off 0.03886698018035473 neg 0.02934964388815992	false	1.0
ungezogen	neg 1.0		__DUMMY__ 0.9297768800051767 off 0.04393830182131106 neg 0.02628481817351233	false	0.5
irrsinnig	neg 1.0	neg 1.0	neg 0.4980868757329302 __DUMMY__ 0.4705143107623057 off 0.03139881350476406	false	1.0
unfassbar	neg 1.0		__DUMMY__ 0.9327029694762878 off 0.037658378016962285 neg 0.029638652506749914	false	0.5
hart	neg 1.0		__DUMMY__ 0.9352383528719568 off 0.035761650323945196 neg 0.028999996804098024	false	0.5
widerlich	off 1.0		__DUMMY__ 0.9317808060050917 off 0.038387179774420736 neg 0.029832014220487577	false	1.0
fatal	neg 1.0		__DUMMY__ 0.9350766777289032 off 0.03505117683570774 neg 0.029872145435389106	false	0.5
bruch	neg 1.0		__DUMMY__ 0.939508372033775 neg 0.03170213787877432 off 0.02878949008745067	false	1.0
aushungern	neg 1.0		__DUMMY__ 0.9351479187537481 off 0.03315506141648884 neg 0.031697019829762994	false	0.5
anspannung	neg 1.0	neg 1.0	neg 0.4942411676233053 __DUMMY__ 0.48147598031667704 off 0.024282852060017675	false	1.0
von			__DUMMY__ 0.941565829407564 neg 0.029731630442560702 off 0.028702540149875395	false	0.0
kraftlos	neg 1.0		__DUMMY__ 0.9404292976803199 off 0.031844428157069386 neg 0.027726274162610715	false	0.5
vom			__DUMMY__ 0.9455690911571306 neg 0.02970808128291699 off 0.0247228275599524	false	0.0
grenzdebil	off 1.0		__DUMMY__ 0.9332769951765182 off 0.03831675305891398 neg 0.02840625176456789	false	1.0
vor			__DUMMY__ 0.9402239226643948 neg 0.030353551778888925 off 0.029422525556716265	false	0.0
unterwerfen	neg 1.0		__DUMMY__ 0.9377868731226741 neg 0.03127670700195018 off 0.03093641987537575	false	1.0
versenkung	neg 1.0		__DUMMY__ 0.9380629585800903 neg 0.031087381578734273 off 0.03084965984117551	false	1.0
entziehen	neg 1.0		__DUMMY__ 0.9391320724789488 neg 0.031835693893106476 off 0.029032233627944614	false	1.0
finanzkrise	neg 1.0		__DUMMY__ 0.9347388175220789 off 0.03284264305629163 neg 0.03241853942162956	false	0.5
schimpfend	neg 1.0		__DUMMY__ 0.9389568597734447 off 0.03369770698162426 neg 0.02734543324493099	false	0.5
profan	neg 1.0		__DUMMY__ 0.9349339966888911 off 0.03558383020006438 neg 0.029482173111044445	false	0.5
korruption	neg 1.0		__DUMMY__ 0.935118662582068 neg 0.033136503279600216 off 0.03174483413833182	false	1.0
â			__DUMMY__ 0.9384883272878639 off 0.030894208958753597 neg 0.03061746375338253	false	0.0
schmutzig	neg 1.0		__DUMMY__ 0.9348188391951154 off 0.037859877719862274 neg 0.027321283085022356	false	0.5
sexy	neg 1.0		__DUMMY__ 0.9349497381342189 off 0.03606408379312425 neg 0.028986178072656823	false	0.5
abraten	neg 1.0		__DUMMY__ 0.9352121583095285 off 0.034770921072518224 neg 0.030016920617953243	false	0.5
schwarz	neg 1.0		__DUMMY__ 0.9349744918943712 off 0.03457682411895922 neg 0.03044868398666954	false	0.5
fotze	off 1.0		__DUMMY__ 0.9372647303706375 neg 0.03199126278964528 off 0.030744006839717238	false	0.5
verwirren	neg 1.0		__DUMMY__ 0.9347174412800466 off 0.03581360142470715 neg 0.029468957295246272	false	0.5
zahnlos	off 1.0		__DUMMY__ 0.9358849430703876 off 0.032239829258029463 neg 0.03187522767158287	false	1.0
verheeren	neg 1.0		__DUMMY__ 0.9305426083671032 off 0.04490169402920474 neg 0.02455569760369201	false	0.5
hippie	neg 1.0		__DUMMY__ 0.9346550628301115 off 0.03577958460825826 neg 0.029565352561630245	false	0.5
rammen	neg 1.0		__DUMMY__ 0.9375756843997071 off 0.033563680899738296 neg 0.028860634700554673	false	0.5
unlauter	neg 1.0		__DUMMY__ 0.9314153581032326 neg 0.03457081323483793 off 0.034013828661929466	false	1.0
unheilvoll	neg 1.0		__DUMMY__ 0.9378372292341994 off 0.03482605037702639 neg 0.027336720388774213	false	0.5
niedrig	neg 1.0		__DUMMY__ 0.9405003428170076 off 0.02991705272660735 neg 0.02958260445638511	false	0.5
explosion	neg 1.0		__DUMMY__ 0.9348076436248215 off 0.0352606419284847 neg 0.02993171444669378	false	0.5
weichei	off 1.0		__DUMMY__ 0.9303067621091988 off 0.04178275970429125 neg 0.027910478186509893	false	1.0
minusmensch	off 1.0		__DUMMY__ 0.9244597904932522 off 0.04514520403388077 neg 0.0303950054728671	false	1.0
farblos	neg 1.0		__DUMMY__ 0.9413467274169368 off 0.0320639192499188 neg 0.026589353333144355	false	0.5
unwissend	neg 1.0	neg 1.0	neg 0.4973965114429185 __DUMMY__ 0.46848699363010654 off 0.03411649492697485	false	1.0
traurig	neg 1.0		__DUMMY__ 0.9325463867319591 off 0.03969209707189037 neg 0.027761516196150537	false	0.5
senkung	neg 1.0		__DUMMY__ 0.9324433234037766 off 0.03541015981025349 neg 0.03214651678596992	false	0.5
ungleich	neg 1.0	neg 1.0	neg 0.5001371878793059 __DUMMY__ 0.47186957126147466 off 0.027993240859219275	false	1.0
heikel	neg 1.0		__DUMMY__ 0.9371364139878587 neg 0.03275092705321772 off 0.03011265895892355	false	1.0
drosselung	neg 1.0		__DUMMY__ 0.9338202969216634 off 0.037766063291421695 neg 0.028413639786914968	false	0.5
falsch	neg 1.0		__DUMMY__ 0.9346770952107837 off 0.0365574329912077 neg 0.028765471798008625	false	0.5
unzufriedenheit	neg 1.0		__DUMMY__ 0.9379545348657629 neg 0.03225267467898365 off 0.029792790455253505	false	1.0
kurz	neg 1.0		__DUMMY__ 0.9391426941886871 off 0.032061545406956354 neg 0.028795760404356524	false	0.5
unsinnig	neg 1.0		__DUMMY__ 0.9348103954978684 neg 0.032627723154541495 off 0.03256188134759019	false	1.0
penner	off 1.0	off 1.0	off 0.509537885008799 __DUMMY__ 0.4657197919310021 neg 0.024742323060198843	false	1.0
seicht	neg 1.0		__DUMMY__ 0.9269345518662954 off 0.04422458979411733 neg 0.0288408583395872	false	0.5
dummheit	off 1.0	off 1.0	off 0.5025432840123109 __DUMMY__ 0.46962203699291327 neg 0.027834678994775812	false	1.0
unerfreulich	neg 1.0		__DUMMY__ 0.9393666718724027 neg 0.03137210170205254 off 0.029261226425544698	false	1.0
motherfucker	off 1.0	off 1.0	off 0.5054715529252456 __DUMMY__ 0.46741328197395615 neg 0.02711516510079822	false	1.0
pikiert	neg 1.0		__DUMMY__ 0.9320520170638684 off 0.037599631923728394 neg 0.03034835101240324	false	0.5
wrack	neg 1.0		__DUMMY__ 0.9400544123773538 off 0.03008731044152808 neg 0.029858277181118234	false	0.5
gangster	neg 1.0		__DUMMY__ 0.9352557250034547 off 0.03541181728208762 neg 0.029332457714457673	false	0.5
krank	neg 1.0		__DUMMY__ 0.934760137640334 off 0.03823888668742428 neg 0.02700097567224172	false	0.5
reich	neg 1.0		__DUMMY__ 0.9317066337507075 off 0.03654356580338955 neg 0.031749800445903045	false	0.5
gnadenlos	neg 1.0		__DUMMY__ 0.9360977314094853 off 0.03431826562689424 neg 0.02958400296362048	false	0.5
niedergeschlagen	neg 1.0		__DUMMY__ 0.9394286850531166 off 0.03244381381869174 neg 0.028127501128191713	false	0.5
terrorisieren	off 1.0	off 1.0	off 0.49854582515905466 __DUMMY__ 0.47374841389908484 neg 0.027705760941860478	false	1.0
sinnlosigkeit	neg 1.0		__DUMMY__ 0.936376115271704 off 0.0322471730270522 neg 0.03137671170124383	false	0.5
behindern	neg 1.0		__DUMMY__ 0.9358638562307235 off 0.032786769936090664 neg 0.03134937383318588	false	0.5
undemokratisch	neg 1.0		__DUMMY__ 0.9330698304854049 off 0.0344815995051255 neg 0.03244857000946958	false	0.5
wirtschaftskrise	neg 1.0		__DUMMY__ 0.9363561752247609 neg 0.032384927670290574 off 0.03125889710494852	false	1.0
neid	neg 1.0		__DUMMY__ 0.9367133127237591 off 0.036761108543697546 neg 0.026525578732543423	false	0.5
rutschen	neg 1.0		__DUMMY__ 0.9437648943180721 neg 0.028423241787918108 off 0.027811863894009893	false	1.0
rezession	neg 1.0		__DUMMY__ 0.9300735094117272 off 0.04057125460757287 neg 0.029355235980699976	false	0.5
fehlgeburt	neg 1.0		__DUMMY__ 0.938523750632378 off 0.034743809675889005 neg 0.026732439691732945	false	0.5
charakterschwach	off 1.0		__DUMMY__ 0.9330462560875981 off 0.03821028772739109 neg 0.028743456185010882	false	1.0
isolation	neg 1.0		__DUMMY__ 0.9354464002461534 off 0.03627616524239856 neg 0.028277434511447975	false	0.5
ablenkung	neg 1.0		__DUMMY__ 0.93654044258735 off 0.033713932935340175 neg 0.029745624477309766	false	0.5
pech	neg 1.0		__DUMMY__ 0.9358241953926604 off 0.03584623150737887 neg 0.028329573099960693	false	0.5
vermeidung	neg 1.0		__DUMMY__ 0.9316552572711105 off 0.03809447187998545 neg 0.030250270848904127	false	0.5
dominieren	neg 1.0		__DUMMY__ 0.9404686709276314 off 0.030928596217309368 neg 0.028602732855059196	false	0.5
schwindlig	neg 1.0		__DUMMY__ 0.9395467034825764 off 0.034729792056680364 neg 0.02572350446074317	false	0.5
lutscher	neg 1.0		__DUMMY__ 0.9273017717770652 off 0.044481300530261496 neg 0.028216927692673335	false	0.5
pflicht	neg 1.0		__DUMMY__ 0.9372678732204964 neg 0.03254516158459091 off 0.030186965194912645	false	1.0
faschist	off 1.0		__DUMMY__ 0.9321008909257231 off 0.03605608662001366 neg 0.03184302245426325	false	1.0
verschleudern	neg 1.0		__DUMMY__ 0.9338904004494966 neg 0.03536654478553027 off 0.030743054764973115	false	1.0
wenn			__DUMMY__ 0.9343282625808652 off 0.03675792043785866 neg 0.028913816981276184	false	0.0
ehebruch	neg 1.0		__DUMMY__ 0.9373973799012357 off 0.03144147731285654 neg 0.031161142785907727	false	0.5
spott	off 1.0		__DUMMY__ 0.936335735304621 neg 0.032561997255155656 off 0.031102267440223343	false	0.5
trostlosigkeit	neg 1.0		__DUMMY__ 0.9394885896944075 neg 0.03140990236194851 off 0.029101507943643988	false	1.0
lutschen	neg 1.0		__DUMMY__ 0.934515343438694 off 0.035345945892817164 neg 0.030138710668488815	false	0.5
undiszipliniert	neg 1.0		__DUMMY__ 0.9336568926053217 off 0.03900847593648105 neg 0.027334631458197336	false	0.5
kopfschmerz	neg 1.0		__DUMMY__ 0.9398632321548741 off 0.03188499050360607 neg 0.028251777341519853	false	0.5
unvorhergesehen	neg 1.0		__DUMMY__ 0.9417353034231016 off 0.030233687239813102 neg 0.028031009337085324	false	0.5
desinteressiert	neg 1.0		__DUMMY__ 0.9319627165133529 off 0.03903810732096289 neg 0.0289991761656842	false	0.5
armselig	off 1.0		__DUMMY__ 0.9299799260068627 off 0.03991222236872899 neg 0.03010785162440825	false	1.0
desaster	neg 1.0		__DUMMY__ 0.9382124722987752 neg 0.033368728384797035 off 0.028418799316427622	false	1.0
tod	neg 1.0		__DUMMY__ 0.9404456367668883 off 0.03084069540538393 neg 0.028713667827727857	false	0.5
herzlos	neg 1.0		__DUMMY__ 0.9312058969334565 off 0.040122741073459936 neg 0.0286713619930836	false	0.5
unwissenheit	neg 1.0		__DUMMY__ 0.9347545902631722 neg 0.033096039765335886 off 0.032149369971491995	false	1.0
widersinnig	neg 1.0	neg 1.0	neg 0.5016935483898057 __DUMMY__ 0.46860421746608383 off 0.02970223414411043	false	1.0
bedenklich	neg 1.0		__DUMMY__ 0.9364979227391016 neg 0.032297996856024594 off 0.031204080404873727	false	1.0
beanstanden	neg 1.0		__DUMMY__ 0.9378452243986641 neg 0.032502272127750496 off 0.02965250347358535	false	1.0
panisch	neg 1.0	neg 1.0	neg 0.493074208787517 __DUMMY__ 0.4749289218875516 off 0.031996869324931516	false	1.0
debil	off 1.0		__DUMMY__ 0.9416577117361395 neg 0.03275657002659895 off 0.025585718237261457	false	0.5
abstrich	neg 1.0		__DUMMY__ 0.9369441359326098 neg 0.03281168690722161 off 0.030244177160168532	false	1.0
primitiv	neg 1.0		__DUMMY__ 0.9318519803395304 off 0.038727521891872604 neg 0.029420497768596936	false	0.5
abschaum	off 1.0	off 1.0	off 0.5040320521294139 __DUMMY__ 0.46899325583541107 neg 0.02697469203517496	false	1.0
provozieren	neg 1.0		__DUMMY__ 0.9352380142923024 off 0.03419631451468311 neg 0.030565671193014537	false	0.5
tot	neg 1.0		__DUMMY__ 0.9365527333262433 neg 0.033229805090199585 off 0.030217461583557138	false	1.0
instabil	neg 1.0		__DUMMY__ 0.9292310811952997 off 0.03854984637541127 neg 0.0322190724292891	false	0.5
schwuchtel	off 1.0		__DUMMY__ 0.9251799251852899 off 0.048139400204351535 neg 0.02668067461035857	false	1.0
zerren	neg 1.0		__DUMMY__ 0.9392390694279648 off 0.032660853305300774 neg 0.028100077266734403	false	0.5
kinderficker	off 1.0		__DUMMY__ 0.9279459697486298 off 0.04178492736616626 neg 0.03026910288520406	false	1.0
gefahr	neg 1.0		__DUMMY__ 0.9393510871741384 neg 0.030751119629693048 off 0.029897793196168542	false	1.0
rabiat	neg 1.0		__DUMMY__ 0.935452652088899 off 0.03371888815610304 neg 0.030828459754997897	false	0.5
verlangsamung	neg 1.0		__DUMMY__ 0.9299728152934675 off 0.043050745022852645 neg 0.02697643968367989	false	0.5
ausgestorben	neg 1.0		__DUMMY__ 0.9379378594654675 off 0.03310095379631308 neg 0.02896118673821947	false	0.5
anklagen	neg 1.0		__DUMMY__ 0.9365632736608444 off 0.032495317160874886 neg 0.030941409178280806	false	0.5
trott	neg 1.0		__DUMMY__ 0.9371422400968902 off 0.03293631978626294 neg 0.029921440116846915	false	0.5
verminderung	neg 1.0		__DUMMY__ 0.9310790393685277 off 0.03862434206044662 neg 0.030296618571025717	false	0.5
nach			__DUMMY__ 0.9459591959220668 neg 0.027379618625176672 off 0.026661185452756513	false	0.0
rost	neg 1.0		__DUMMY__ 0.9313899342124548 off 0.04182691219250013 neg 0.026783153595045087	false	0.5
destruktiv	neg 1.0		__DUMMY__ 0.9337139233048724 off 0.03345936671062315 neg 0.03282670998450454	false	0.5
unzumutbarkeit	neg 1.0		__DUMMY__ 0.9348304116508996 off 0.03678026996508175 neg 0.028389318384018588	false	0.5
labil	off 1.0	off 1.0	off 0.5040051490547471 __DUMMY__ 0.46891440516583854 neg 0.027080445779414243	false	1.0
ziemlich	neg 1.0		__DUMMY__ 0.9342216292326182 off 0.037875313541076344 neg 0.02790305722630543	false	0.5
lachnummer	off 1.0		__DUMMY__ 0.9346895737945596 off 0.033732276706189966 neg 0.03157814949925042	false	1.0
oder			__DUMMY__ 0.937375206529455 off 0.03347313290573483 neg 0.02915166056481017	false	0.0
verfall	neg 1.0		__DUMMY__ 0.9403294924716868 neg 0.03313673232103142 off 0.026533775207281715	false	1.0
ausgrenzung	neg 1.0		__DUMMY__ 0.9335682882598827 off 0.03499288785395529 neg 0.03143882388616211	false	0.5
unordnung	neg 1.0		__DUMMY__ 0.9346502721174424 off 0.03730649274478558 neg 0.02804323513777206	false	0.5
fehlverhalten	neg 1.0		__DUMMY__ 0.9373444297419927 neg 0.032236596150306475 off 0.030418974107700815	false	1.0
eine			__DUMMY__ 0.9387514312293432 neg 0.03164480918165291 off 0.029603759589003825	false	0.0
nille	neg 1.0		__DUMMY__ 0.936633852415179 off 0.03278503433635983 neg 0.030581113248461127	false	0.5
qual	neg 1.0		__DUMMY__ 0.93708143486595 off 0.032840412292154876 neg 0.030078152841895103	false	0.5
verschwenden	neg 1.0		__DUMMY__ 0.9368521240117279 neg 0.03174529355244881 off 0.03140258243582336	false	1.0
riesig	neg 1.0	neg 1.0	neg 0.4957045854095235 __DUMMY__ 0.47627677856121864 off 0.02801863602925782	false	1.0
verurteilen	neg 1.0		__DUMMY__ 0.9366439268212438 off 0.03222507941555527 neg 0.031130993763200995	false	0.5
klischee	neg 1.0	neg 1.0	neg 0.4983175175956135 __DUMMY__ 0.4685094550637199 off 0.03317302734066662	false	1.0
diktatorisch	neg 1.0		__DUMMY__ 0.9322568527824978 off 0.03497378669821408 neg 0.03276936051928807	false	0.5
vorhersehbar	neg 1.0	neg 1.0	neg 0.4975263339146896 __DUMMY__ 0.46971183202125427 off 0.03276183406405605	false	1.0
sowie			__DUMMY__ 0.9299411057673851 off 0.04159168604586893 neg 0.028467208186746015	false	0.0
stornieren	neg 1.0		__DUMMY__ 0.9397515559669631 off 0.03375188602935469 neg 0.02649655800368215	false	0.5
besteuerung	neg 1.0		__DUMMY__ 0.9329574922674109 off 0.033825182612936995 neg 0.033217325119652134	false	0.5
ungeschminkt	neg 1.0		__DUMMY__ 0.9327740261583704 off 0.03773710909257895 neg 0.029488864749050672	false	0.5
kritisch	neg 1.0		__DUMMY__ 0.9363219294098476 neg 0.03252905593197774 off 0.031149014658174667	false	1.0
schlamperei	off 1.0		__DUMMY__ 0.9364292903622109 neg 0.033194456374053244 off 0.03037625326373585	false	0.5
sucht	neg 1.0	neg 1.0	neg 0.49578106010785594 __DUMMY__ 0.4742578059207355 off 0.029961133971408545	false	1.0
egoistisch	off 1.0		__DUMMY__ 0.9307763130370772 off 0.0419166907964183 neg 0.027306996166504487	false	1.0
ausbeuter	off 1.0		__DUMMY__ 0.9362351724973095 neg 0.0334350419237313 off 0.03032978557895922	false	0.5
arschgeburt	off 1.0		__DUMMY__ 0.9244475256517354 off 0.04844521933020744 neg 0.027107255018057098	false	1.0
schubs	neg 1.0	neg 1.0	neg 0.4954048365517824 __DUMMY__ 0.476141211575447 off 0.028453951872770604	false	1.0
unsolide	neg 1.0		__DUMMY__ 0.9292450560354902 neg 0.035467419017635005 off 0.03528752494687475	false	1.0
beschwerde	neg 1.0		__DUMMY__ 0.9367677873794591 neg 0.03280361177372892 off 0.030428600846811968	false	1.0
stocken	neg 1.0		__DUMMY__ 0.938359039546371 off 0.03084446543632643 neg 0.03079649501730253	false	0.5
isolieren	neg 1.0		__DUMMY__ 0.9374884216583715 off 0.031680104686273726 neg 0.03083147365535468	false	0.5
unheilbar	neg 1.0		__DUMMY__ 0.9386871750745883 off 0.034032700899162514 neg 0.027280124026249165	false	0.5
pisser	off 1.0		__DUMMY__ 0.9336001570745094 off 0.038860407102610024 neg 0.02753943582288054	false	1.0
löschen	neg 1.0		__DUMMY__ 0.9366789567552101 off 0.033383506274177174 neg 0.02993753697061274	false	0.5
durchfallen	neg 1.0		__DUMMY__ 0.9352291309044917 neg 0.03271233249223427 off 0.03205853660327403	false	1.0
wichser	off 1.0		__DUMMY__ 0.9284013873360154 off 0.045438541247172094 neg 0.026160071416812435	false	1.0
terror	neg 1.0		__DUMMY__ 0.9365509071389866 off 0.03522315060811668 neg 0.02822594225289683	false	0.5
krass	neg 1.0		__DUMMY__ 0.93139027730762 off 0.040128508930674135 neg 0.028481213761705836	false	0.5
revolte	neg 1.0		__DUMMY__ 0.9333728287274241 off 0.035368935886574984 neg 0.0312582353860009	false	0.5
besorgt	neg 1.0		__DUMMY__ 0.9401518027637887 off 0.03192859785792839 neg 0.02791959937828288	false	0.5
nachlassen	neg 1.0		__DUMMY__ 0.9389280237797305 neg 0.030836364852173653 off 0.030235611368095737	false	1.0
alt	neg 1.0		__DUMMY__ 0.9390110172956623 off 0.03056398447307697 neg 0.0304249982312608	false	0.5
hundesohn	off 1.0		__DUMMY__ 0.9271217149222205 off 0.04472166469857297 neg 0.028156620379206444	false	1.0
als			__DUMMY__ 0.9385345396054257 off 0.03214092053063175 neg 0.029324539863942563	false	0.0
abschreckung	neg 1.0		__DUMMY__ 0.9391793371382662 neg 0.03152470189359266 off 0.029295960968141202	false	1.0
unqualifiziert	neg 1.0		__DUMMY__ 0.9308004479776667 off 0.036316344026093746 neg 0.03288320799623947	false	0.5
abgewichst	off 1.0		__DUMMY__ 0.9372756622205217 off 0.032165297634922735 neg 0.03055904014455555	false	1.0
schwer	neg 1.0		__DUMMY__ 0.9369633914386709 off 0.03351298668416264 neg 0.02952362187716646	false	0.5
bedeutungslosigkeit	neg 1.0		__DUMMY__ 0.9379870623258756 neg 0.03204904451385574 off 0.02996389316026864	false	1.0
kapitulation	neg 1.0		__DUMMY__ 0.9356198567242641 neg 0.03329563066770705 off 0.03108451260802899	false	1.0
unscharf	neg 1.0		__DUMMY__ 0.9351323835946977 off 0.03466163700039459 neg 0.03020597940490759	false	0.5
schwinden	neg 1.0		__DUMMY__ 0.9388504500863692 neg 0.031377428695628665 off 0.02977212121800212	false	1.0
versklavung	neg 1.0		__DUMMY__ 0.9329312835601822 off 0.03458160174092281 neg 0.03248711469889495	false	0.5
schlecht	neg 1.0		__DUMMY__ 0.9344386732932939 off 0.038021442220043625 neg 0.027539884486662444	false	0.5
verhasst	neg 1.0		__DUMMY__ 0.935246637395915 off 0.03447729436355788 neg 0.030276068240527122	false	0.5
beschweren	neg 1.0		__DUMMY__ 0.9354307099689476 off 0.03498614072810745 neg 0.029583149302945047	false	0.5
scheiden	neg 1.0		__DUMMY__ 0.9396434649314365 off 0.033227102977058554 neg 0.027129432091505028	false	0.5
frustriert	neg 1.0		__DUMMY__ 0.9371044085388027 off 0.03278698373112596 neg 0.030108607730071308	false	0.5
schimmelig	neg 1.0		__DUMMY__ 0.9400094784363345 neg 0.030110810238901987 off 0.029879711324763556	false	1.0
fisch	neg 1.0		__DUMMY__ 0.9418347443273952 neg 0.029337256338675698 off 0.028827999333929148	false	1.0
schmuggel	neg 1.0		__DUMMY__ 0.9420541204848373 off 0.029673232314255657 neg 0.028272647200907077	false	0.5
auffallen	neg 1.0		__DUMMY__ 0.9352676372401829 off 0.03541769408597966 neg 0.02931466867383743	false	0.5
konkurrenz	neg 1.0	neg 1.0	neg 0.4987764388804348 __DUMMY__ 0.474690392744744 off 0.02653316837482113	false	1.0
teufelskreis	neg 1.0		__DUMMY__ 0.9367369006038087 off 0.03323901036016066 neg 0.03002408903603064	false	0.5
aufschreien	neg 1.0		__DUMMY__ 0.934380923616334 off 0.03539494029165333 neg 0.030224136092012667	false	0.5
schuldner	neg 1.0		__DUMMY__ 0.9385460661372191 neg 0.03151942985892554 off 0.029934504003855292	false	1.0
missgeburt	off 1.0	off 1.0	off 0.5078530154080666 __DUMMY__ 0.46662466995990115 neg 0.02552231463203224	false	1.0
arbeitslos	neg 1.0		__DUMMY__ 0.9353258563648492 neg 0.0323619583895133 off 0.03231218524563739	false	1.0
befallen	neg 1.0		__DUMMY__ 0.9373861710336671 off 0.03241767715641601 neg 0.030196151809916857	false	0.5
miesepetrig	off 1.0	off 1.0	off 0.5042225055309593 __DUMMY__ 0.4707098621136323 neg 0.025067632355408456	false	1.0
alarmieren	neg 1.0		__DUMMY__ 0.9329055850161088 off 0.03718681285998182 neg 0.02990760212390946	false	0.5
ungeduscht	off 1.0		__DUMMY__ 0.936204615236515 off 0.03554023226764296 neg 0.028255152495842033	false	1.0
knappheit	neg 1.0		__DUMMY__ 0.9358043947586963 neg 0.03330813924156687 off 0.030887465999736848	false	1.0
schlange	neg 1.0		__DUMMY__ 0.9381180623412845 off 0.034674323534228224 neg 0.027207614124487335	false	0.5
harsch	neg 1.0		__DUMMY__ 0.9329747876049267 off 0.04081990022918101 neg 0.02620531216589231	false	0.5
lang	neg 1.0		__DUMMY__ 0.9368029617103847 off 0.03369837680815483 neg 0.02949866148146056	false	0.5
ziellos	neg 1.0		__DUMMY__ 0.9395107937948893 off 0.03170400690038592 neg 0.0287851993047247	false	0.5
selbstverliebt	neg 1.0		__DUMMY__ 0.9256872303547563 off 0.046286036347260855 neg 0.028026733297982748	false	0.5
beseitigen	neg 1.0		__DUMMY__ 0.9368555230320146 off 0.03269664016925312 neg 0.030447836798732215	false	0.5
dumm	off 1.0		__DUMMY__ 0.9291698289004215 off 0.042608589428960564 neg 0.028221581670617994	false	1.0
arbeitsloser	neg 1.0		__DUMMY__ 0.9376698500934694 off 0.03170502020286324 neg 0.030625129703667403	false	0.5
blitzen	neg 1.0		__DUMMY__ 0.935211847828271 off 0.035887935759539795 neg 0.028900216412189136	false	0.5
hilflos	neg 1.0		__DUMMY__ 0.9379485545219726 off 0.032355028575245255 neg 0.02969641690278216	false	0.5
eklig	off 1.0		__DUMMY__ 0.9301214159287918 off 0.04298873235187535 neg 0.026889851719332874	false	1.0
begriff			__DUMMY__ 0.935512614298482 off 0.0327810241127643 neg 0.03170636158875382	false	0.0
hungersnot	neg 1.0		__DUMMY__ 0.9383763725295062 off 0.03230449122722955 neg 0.029319136243264196	false	0.5
ungesetzlich	neg 1.0		__DUMMY__ 0.9301688110458863 off 0.03571639673689232 neg 0.0341147922172213	false	0.5
verschwendung	neg 1.0		__DUMMY__ 0.9379825972092345 neg 0.03145645057226824 off 0.03056095221849723	false	1.0
schmerzvoll	neg 1.0		__DUMMY__ 0.9360123606987458 off 0.03487023279508072 neg 0.02911740650617349	false	0.5
vorzeitig	neg 1.0		__DUMMY__ 0.9371303456435297 off 0.03571604508007632 neg 0.027153609276393913	false	0.5
unvollkommenheit	neg 1.0		__DUMMY__ 0.9423512958013516 off 0.03143301720315263 neg 0.026215686995495792	false	0.5
intervenieren	neg 1.0		__DUMMY__ 0.9359516904556209 neg 0.03349065360134907 off 0.030557655943030084	false	1.0
banause	off 1.0		__DUMMY__ 0.9273118241772883 off 0.04456548051088824 neg 0.028122695311823542	false	1.0
rebell	neg 1.0		__DUMMY__ 0.9399742688064572 neg 0.03240199085274138 off 0.027623740340801475	false	1.0
unlogisch	neg 1.0		__DUMMY__ 0.931505593992912 off 0.039861210728608515 neg 0.028633195278479507	false	0.5
leiden	neg 1.0		__DUMMY__ 0.9431717607426598 off 0.029518081114752376 neg 0.027310158142587724	false	0.5
abschaffung	neg 1.0		__DUMMY__ 0.9331876498379787 off 0.033995364197798285 neg 0.03281698596422302	false	0.5
sturz	neg 1.0		__DUMMY__ 0.9381756743917499 off 0.03341727542982443 neg 0.028407050178425697	false	0.5
verkleinerung	neg 1.0		__DUMMY__ 0.9315838183243786 off 0.03590851692320804 neg 0.03250766475241327	false	0.5
schmarotzer	off 1.0		__DUMMY__ 0.934874997589949 neg 0.0329013108579885 off 0.03222369155206246	false	0.5
bestrafung	neg 1.0		__DUMMY__ 0.9354284966348841 off 0.03472580953510207 neg 0.02984569383001373	false	0.5
achtlos	neg 1.0		__DUMMY__ 0.9380574337367497 off 0.03336594797564796 neg 0.028576618287602388	false	0.5
