unsolidarisch	neg 1.0		__DUMMY__ 0.4822789975855913 off 0.2673708735435479 neg 0.25035012887086083	false	0.5
nachteilig	neg 1.0		__DUMMY__ 0.48749867557156684 off 0.2645378008617897 neg 0.24796352356664345	false	0.5
skeptisch	neg 1.0		__DUMMY__ 0.4879439488126917 off 0.26378404559410523 neg 0.24827200559320306	false	0.5
schrecklich	neg 1.0		__DUMMY__ 0.48252333712370615 off 0.27979949553415795 neg 0.23767716734213584	false	0.5
schlapp	neg 1.0		__DUMMY__ 0.4856098627086566 off 0.2754057436384668 neg 0.23898439365287655	false	0.5
abfall	neg 1.0		__DUMMY__ 0.49013312170774226 off 0.26142570261942377 neg 0.248441175672834	false	0.5
widerspenstig	neg 1.0		__DUMMY__ 0.4872352466422214 off 0.2697624633380411 neg 0.24300229001973753	false	0.5
abrupt	neg 1.0		__DUMMY__ 0.4900617645104941 off 0.265257733176038 neg 0.24468050231346772	false	0.5
unwirksam	neg 1.0		__DUMMY__ 0.4832952066749121 off 0.2677728947672082 neg 0.24893189855787975	false	0.5
angreifen	neg 1.0	neg 1.0	neg 0.61068280054816 __DUMMY__ 0.23922917436802482 off 0.15008802508381514	false	1.0
inkonsistent	neg 1.0		__DUMMY__ 0.48604170865818613 off 0.2701844362072302 neg 0.24377385513458372	false	0.5
abrutschen	neg 1.0		__DUMMY__ 0.48995371105244495 off 0.2617818004182233 neg 0.24826448852933172	false	0.5
unsicher	neg 1.0		__DUMMY__ 0.48761314113042264 off 0.2699847235738478 neg 0.24240213529572968	false	0.5
bauernkind	off 1.0	off 1.0	off 0.628273781178475 __DUMMY__ 0.2348069744167557 neg 0.13691924440476935	false	1.0
angreifer	neg 1.0		__DUMMY__ 0.48766492983407594 off 0.2714544816878483 neg 0.24088058847807564	false	0.5
trennen	neg 1.0		__DUMMY__ 0.49102681592203595 off 0.2660648020340221 neg 0.24290838204394205	false	0.5
schmutz	neg 1.0		__DUMMY__ 0.4915170751653324 off 0.27354472857536183 neg 0.23493819625930576	false	0.5
inkonsistenz	neg 1.0		__DUMMY__ 0.4821281086269163 off 0.27277109729725874 neg 0.24510079407582505	false	0.5
erschreckend	neg 1.0		__DUMMY__ 0.48630094319510975 off 0.26800071622448013 neg 0.24569834058041004	false	0.5
ertrinken	neg 1.0		__DUMMY__ 0.4902251407126628 off 0.2666829564887619 neg 0.24309190279857512	false	0.5
pickelface	off 1.0		__DUMMY__ 0.48678641653687105 off 0.26696924138232125 neg 0.24624434208080784	false	1.0
seiner			__DUMMY__ 0.4894769304796271 off 0.2649865053661678 neg 0.24553656415420502	false	0.0
lauch	neg 1.0		__DUMMY__ 0.4880912873969574 off 0.2609848484613194 neg 0.250923864141723	false	0.5
unwichtig	neg 1.0		__DUMMY__ 0.48408788644143436 off 0.27445469837164765 neg 0.241457415186918	false	0.5
steuerhinterziehung	neg 1.0		__DUMMY__ 0.4853888623811218 off 0.26666123233166017 neg 0.24794990528721794	false	0.5
schock	neg 1.0		__DUMMY__ 0.4897031546256606 off 0.2696806505947845 neg 0.24061619477955473	false	0.5
beule	neg 1.0		__DUMMY__ 0.4859427609883929 off 0.27592738104649744 neg 0.23812985796510958	false	0.5
vergelten	neg 1.0		__DUMMY__ 0.485824681600002 off 0.2793556451327731 neg 0.23481967326722478	false	0.5
verdorbenheit	neg 1.0		__DUMMY__ 0.4872058842389358 off 0.26893239775798433 neg 0.24386171800307993	false	0.5
trauma	neg 1.0		__DUMMY__ 0.48626882429175555 off 0.2705223189895658 neg 0.24320885671867884	false	0.5
sinnlos	neg 1.0		__DUMMY__ 0.48654856505477645 off 0.27239203903629167 neg 0.24105939590893177	false	0.5
fettsack	off 1.0	off 1.0	off 0.6298267768870531 __DUMMY__ 0.23558814083852647 neg 0.13458508227442045	false	1.0
feige	off 1.0	off 1.0	off 0.6261790166318943 __DUMMY__ 0.236303162887631 neg 0.13751782048047462	false	1.0
abdanken	neg 1.0		__DUMMY__ 0.48573854697265856 off 0.267936631355789 neg 0.24632482167155245	false	0.5
wichtigtuer	off 1.0	off 1.0	off 0.6243708573805541 __DUMMY__ 0.2371579253895635 neg 0.1384712172298824	false	1.0
misslingen	neg 1.0		__DUMMY__ 0.48997934654162556 off 0.2719099522680751 neg 0.2381107011902994	false	0.5
untreu	off 1.0		__DUMMY__ 0.48375266238278136 off 0.27586968957778457 neg 0.24037764803943415	false	1.0
missmutig	neg 1.0		__DUMMY__ 0.4851321093731212 off 0.27496296439902296 neg 0.23990492622785575	false	0.5
hurenbock	off 1.0		__DUMMY__ 0.48695517692377976 off 0.2711425164672545 neg 0.24190230660896572	false	1.0
betrunken	neg 1.0		__DUMMY__ 0.48561868056472457 off 0.27848645437773034 neg 0.23589486505754514	false	0.5
korrupt	off 1.0		__DUMMY__ 0.4839980273267697 off 0.2652859245512642 neg 0.250716048121966	false	1.0
unmut	neg 1.0		__DUMMY__ 0.4892080100869672 off 0.2612148476885807 neg 0.24957714222445218	false	0.5
hackfresse	off 1.0		__DUMMY__ 0.48008953638699714 off 0.2830906512065747 neg 0.23681981240642813	false	1.0
aufblasen	neg 1.0		__DUMMY__ 0.48788669015451785 off 0.271753156348276 neg 0.24036015349720613	false	0.5
gewaltsam	neg 1.0		__DUMMY__ 0.4874488445192708 off 0.26862673498560197 neg 0.24392442049512725	false	0.5
unbeliebtheit	neg 1.0		__DUMMY__ 0.4790905271259169 off 0.27167389124815927 neg 0.24923558162592374	false	0.5
sturheit	neg 1.0		__DUMMY__ 0.4861016571310292 off 0.26790353208899037 neg 0.24599481077998045	false	0.5
kuh	neg 1.0		__DUMMY__ 0.48472350896741334 off 0.26933694971680183 neg 0.24593954131578483	false	0.5
erschrecken	neg 1.0		__DUMMY__ 0.4857042372254973 off 0.2743156251467232 neg 0.2399801376277795	false	0.5
opfer	neg 1.0		__DUMMY__ 0.48912050191144113 off 0.26629035691164754 neg 0.24458914117691136	false	0.5
sinken	neg 1.0		__DUMMY__ 0.48911931559487526 off 0.2617995270494173 neg 0.24908115735570752	false	0.5
stinktier	neg 1.0		__DUMMY__ 0.48141202955118656 off 0.2800097285289457 neg 0.23857824191986776	false	0.5
tucke	off 1.0		__DUMMY__ 0.4772468197114037 off 0.2824767309573316 neg 0.24027644933126469	false	1.0
ein			__DUMMY__ 0.4873077348199316 off 0.2706348659085506 neg 0.24205739927151768	false	0.0
abstieg	neg 1.0		__DUMMY__ 0.49103340154846703 off 0.265972563304181 neg 0.242994035147352	false	0.5
missverstehen	neg 1.0		__DUMMY__ 0.4844562892832302 off 0.2718343078004576 neg 0.2437094029163122	false	0.5
ergebnislos	neg 1.0		__DUMMY__ 0.48812209722922156 off 0.264563814859567 neg 0.24731408791121146	false	0.5
unter			__DUMMY__ 0.49446668474438477 off 0.2580432721896205 neg 0.24749004306599473	false	0.0
manipulieren	neg 1.0		__DUMMY__ 0.4883642932823546 off 0.2640850708016502 neg 0.24755063591599513	false	0.5
unbewiesen	neg 1.0		__DUMMY__ 0.48210342100694553 off 0.26766161992775783 neg 0.25023495906529664	false	0.5
verschleppen	neg 1.0		__DUMMY__ 0.487926797256424 off 0.26652269592578937 neg 0.24555050681778676	false	0.5
weib	off 1.0		__DUMMY__ 0.4803140417293258 off 0.28314056422632605 neg 0.2365453940443482	false	1.0
opposition	neg 1.0		__DUMMY__ 0.48489533493396425 off 0.2708395293303987 neg 0.24426513573563693	false	0.5
verkehrswidrig	neg 1.0	neg 1.0	neg 0.6015963363563407 __DUMMY__ 0.23910137124449696 off 0.1593022923991623	false	1.0
inkorrekt	neg 1.0		__DUMMY__ 0.48082509338251916 off 0.2761135043763667 neg 0.2430614022411141	false	0.5
vermeiden	neg 1.0		__DUMMY__ 0.4918799881708453 off 0.2597828666442378 neg 0.24833714518491695	false	0.5
abweichung	neg 1.0		__DUMMY__ 0.4868449008712919 off 0.2645752405230707 neg 0.2485798586056375	false	0.5
alkoholisiert	neg 1.0		__DUMMY__ 0.4929713886824688 off 0.2660169857980866 neg 0.24101162551944466	false	0.5
scheiss	off 1.0	off 1.0	off 0.6267951248352417 __DUMMY__ 0.23745189388379986 neg 0.13575298128095842	false	1.0
herausforderung	neg 1.0	neg 1.0	neg 0.6068226844690444 __DUMMY__ 0.24204602525866592 off 0.1511312902722897	false	1.0
pervers	off 1.0		__DUMMY__ 0.479249459349087 off 0.28663860339417324 neg 0.23411193725673962	false	1.0
wackelig	neg 1.0		__DUMMY__ 0.49049755241781395 off 0.2679973598432173 neg 0.2415050877389687	false	0.5
verwickeln	neg 1.0		__DUMMY__ 0.4844797858415542 off 0.2717138879728482 neg 0.24380632618559753	false	0.5
vorwand	neg 1.0		__DUMMY__ 0.48885782322447763 off 0.2633314134357464 neg 0.24781076333977606	false	0.5
muschi	off 1.0		__DUMMY__ 0.4866202862415762 off 0.26741928669987897 neg 0.24596042705854468	false	1.0
entmutigung	neg 1.0		__DUMMY__ 0.4843575972324139 off 0.27026664652468513 neg 0.2453757562429009	false	0.5
unangemessen	neg 1.0		__DUMMY__ 0.4859320697944923 off 0.2667855019876734 neg 0.24728242821783444	false	0.5
unstetig	neg 1.0		__DUMMY__ 0.48718649284148596 off 0.2707987610285123 neg 0.24201474613000173	false	0.5
entmutigen	neg 1.0		__DUMMY__ 0.48572661532706063 off 0.27075098243839407 neg 0.24352240223454533	false	0.5
schwanz	neg 1.0		__DUMMY__ 0.4884599218105291 off 0.26435972829828935 neg 0.2471803498911814	false	0.5
verbot	neg 1.0		__DUMMY__ 0.48570423123754913 off 0.2656350344973535 neg 0.2486607342650973	false	0.5
leid	neg 1.0		__DUMMY__ 0.4826678227524115 off 0.2813103402100337 neg 0.2360218370375547	false	0.5
archaisch	neg 1.0		__DUMMY__ 0.4873069090585708 off 0.267197833732992 neg 0.24549525720843704	false	0.5
gegen			__DUMMY__ 0.4903282044994516 off 0.2630721226867562 neg 0.24659967281379208	false	0.0
scheidung	neg 1.0		__DUMMY__ 0.47848009160798194 off 0.2904322511120053 neg 0.23108765728001282	false	0.5
einschlag	neg 1.0	neg 1.0	neg 0.6051927416233898 __DUMMY__ 0.2367546724157272 off 0.15805258596088292	false	1.0
m			__DUMMY__ 0.4884675557210875 off 0.26736286652350627 neg 0.24416957775540607	false	0.0
abgestanden	neg 1.0		__DUMMY__ 0.48813392221450813 off 0.2709307051487305 neg 0.24093537263676135	false	0.5
schmierig	off 1.0		__DUMMY__ 0.4830429117006235 off 0.2808351462275173 neg 0.23612194207185933	false	1.0
unpraktisch	neg 1.0		__DUMMY__ 0.48813420941192853 off 0.27135098655686374 neg 0.2405148040312076	false	0.5
wixxer	off 1.0		__DUMMY__ 0.4783366830563642 off 0.2859508893729283 neg 0.23571242757070754	false	1.0
bezeichnet			__DUMMY__ 0.4860199041846234 off 0.26864736631888725 neg 0.2453327294964894	false	0.0
jammerlappen	off 1.0		__DUMMY__ 0.4843978840816325 off 0.27478262637670686 neg 0.24081948954166066	false	1.0
farce	neg 1.0		__DUMMY__ 0.48464244482833096 off 0.26615846778291835 neg 0.24919908738875063	false	0.5
zwecklos	neg 1.0		__DUMMY__ 0.4866516091139782 off 0.2670427882629587 neg 0.24630560262306303	false	0.5
turbulent	neg 1.0		__DUMMY__ 0.4829147686538194 off 0.2746732172531364 neg 0.24241201409304405	false	0.5
invasion	neg 1.0		__DUMMY__ 0.48616642591169806 off 0.27229076249148504 neg 0.241542811596817	false	0.5
schuld	neg 1.0		__DUMMY__ 0.4861987766333082 off 0.27044623779315324 neg 0.24335498557353857	false	0.5
risiko	neg 1.0		__DUMMY__ 0.48735730389583376 off 0.27001470626930546 neg 0.24262798983486086	false	0.5
finster	neg 1.0		__DUMMY__ 0.48732383104805727 off 0.2709354936446406 neg 0.2417406753073021	false	0.5
geisteskrank	off 1.0		__DUMMY__ 0.48265884101996065 off 0.27620743828704664 neg 0.2411337206929927	false	1.0
zusammenbrechen	neg 1.0		__DUMMY__ 0.4883710641648226 off 0.26842086401408316 neg 0.24320807182109422	false	0.5
ausbeute	neg 1.0		__DUMMY__ 0.4898762756010263 off 0.26489520157126517 neg 0.2452285228277085	false	0.5
hinterhalt	neg 1.0		__DUMMY__ 0.4877270031566783 off 0.2673820004582656 neg 0.24489099638505601	false	0.5
kritik	neg 1.0		__DUMMY__ 0.4852183132229792 off 0.2662112421079811 neg 0.2485704446690397	false	0.5
einschrumpfen	neg 1.0		__DUMMY__ 0.4824827355195819 off 0.27144645912624116 neg 0.246070805354177	false	0.5
riskant	neg 1.0		__DUMMY__ 0.4878165577504041 off 0.265427496837856 neg 0.24675594541173995	false	0.5
frustrieren	neg 1.0		__DUMMY__ 0.48786401723182765 off 0.26566365917323426 neg 0.2464723235949381	false	0.5
groll	neg 1.0		__DUMMY__ 0.48759964749353174 off 0.26708098068793745 neg 0.24531937181853083	false	0.5
gibt			__DUMMY__ 0.48700015285191073 off 0.26735683569311236 neg 0.24564301145497688	false	0.0
qualvoll	neg 1.0		__DUMMY__ 0.48700768946224154 off 0.27390870278454094 neg 0.23908360775321763	false	0.5
wackeln	neg 1.0	neg 1.0	neg 0.6059502626886308 __DUMMY__ 0.23987650845823918 off 0.15417322885313	false	1.0
klagen	neg 1.0		__DUMMY__ 0.488722153380862 off 0.2615812417195771 neg 0.24969660489956078	false	0.5
bankrott	neg 1.0		__DUMMY__ 0.48550477426988475 off 0.2738768888311751 neg 0.24061833689894024	false	0.5
trauern	neg 1.0		__DUMMY__ 0.48975234559415187 off 0.26625844553327194 neg 0.24398920887257608	false	0.5
ablehnung	neg 1.0		__DUMMY__ 0.4851830185527448 off 0.26625973900044714 neg 0.24855724244680802	false	0.5
stur	neg 1.0		__DUMMY__ 0.4855872041077075 off 0.27093371646264847 neg 0.24347907942964395	false	0.5
aufruhr	neg 1.0		__DUMMY__ 0.4878649397606122 off 0.2687363483106541 neg 0.24339871192873372	false	0.5
melancholie	neg 1.0		__DUMMY__ 0.4892298964568274 off 0.2674285984939113 neg 0.24334150504926122	false	0.5
ist			__DUMMY__ 0.4859095369834752 off 0.27139496147497366 neg 0.24269550154155098	false	0.0
torheit	neg 1.0		__DUMMY__ 0.4849874709880291 off 0.2697358981654516 neg 0.24527663084651935	false	0.5
dreckskind	off 1.0		__DUMMY__ 0.48081946045909174 off 0.28146978969013386 neg 0.23771074985077426	false	1.0
umtauschen	neg 1.0		__DUMMY__ 0.4874823521010148 off 0.2692209001863137 neg 0.2432967477126714	false	0.5
zum			__DUMMY__ 0.49414471612324773 off 0.2608550934379718 neg 0.24500019043878035	false	0.0
zersetzen	neg 1.0		__DUMMY__ 0.48754685357932476 off 0.26362643803529856 neg 0.24882670838537677	false	0.5
zur			__DUMMY__ 0.49182814574990635 off 0.25905509896823153 neg 0.24911675528186217	false	0.0
frust	neg 1.0		__DUMMY__ 0.48812425872942616 off 0.26809378858350535 neg 0.24378195268706843	false	0.5
unerbittlichkeit	neg 1.0		__DUMMY__ 0.4876081191110006 off 0.2637826736984542 neg 0.2486092071905451	false	0.5
zwei			__DUMMY__ 0.49259611374007 off 0.2628665847817444 neg 0.24453730147818561	false	0.0
unkorrekt	neg 1.0		__DUMMY__ 0.4801337384788737 off 0.2764827143362885 neg 0.24338354718483765	false	0.5
hexe	off 1.0		__DUMMY__ 0.48320166511694607 off 0.27500951891603925 neg 0.24178881596701476	false	1.0
lasch	neg 1.0		__DUMMY__ 0.48288142981474425 off 0.27256045983506433 neg 0.24455811035019137	false	0.5
rivale	neg 1.0		__DUMMY__ 0.48474879063565934 off 0.2782962883121052 neg 0.23695492105223548	false	0.5
mutlos	off 1.0	off 1.0	off 0.6203348653386697 __DUMMY__ 0.23809194728194316 neg 0.14157318737938704	false	1.0
wirr	off 1.0		__DUMMY__ 0.48070857737232 off 0.2770834064774053 neg 0.24220801615027468	false	1.0
jahr			__DUMMY__ 0.491044005251851 off 0.2643535153911504 neg 0.24460247935699855	false	0.0
wird			__DUMMY__ 0.48800372426641775 off 0.2661089294433405 neg 0.24588734629024167	false	0.0
strafbar	neg 1.0		__DUMMY__ 0.48698397396949133 off 0.2651808733248574 neg 0.24783515270565135	false	0.5
erosion	neg 1.0		__DUMMY__ 0.4878173951467492 off 0.270654698779185 neg 0.24152790607406582	false	0.5
eingehen	neg 1.0		__DUMMY__ 0.4862273775832441 off 0.2659625932332219 neg 0.2478100291835339	false	0.5
faul	off 1.0		__DUMMY__ 0.4862203721021298 off 0.27459491804689695 neg 0.23918470985097318	false	1.0
provisorium	neg 1.0		__DUMMY__ 0.4935555874245717 off 0.2573336414398595 neg 0.24911077113556873	false	0.5
schmerzen	neg 1.0		__DUMMY__ 0.4875038627836997 off 0.2697281582009469 neg 0.2427679790153533	false	0.5
schrumpfen	neg 1.0		__DUMMY__ 0.4898588050125232 off 0.2587760088708157 neg 0.2513651861166609	false	0.5
geistlos	off 1.0		__DUMMY__ 0.4820574158170879 off 0.2708347889024022 neg 0.24710779528050994	false	1.0
fehlkauf	neg 1.0		__DUMMY__ 0.48552594701321583 off 0.2711790028885811 neg 0.24329505009820293	false	0.5
frustrierend	neg 1.0		__DUMMY__ 0.4860220728589584 off 0.2742385210473238 neg 0.23973940609371774	false	0.5
unzufrieden	neg 1.0		__DUMMY__ 0.4864552541297305 off 0.2667622614189145 neg 0.24678248445135517	false	0.5
verzweifeln	neg 1.0		__DUMMY__ 0.48718161071521776 off 0.26911826619451684 neg 0.24370012309026529	false	0.5
verzweifelt	neg 1.0		__DUMMY__ 0.48585948585194355 off 0.27114613098072377 neg 0.24299438316733277	false	0.5
misstrauensantrag	neg 1.0		__DUMMY__ 0.48531716660830704 off 0.27180820654075466 neg 0.24287462685093825	false	0.5
abfallen	neg 1.0		__DUMMY__ 0.4881175224596941 off 0.27168599713222547 neg 0.24019648040808037	false	0.5
fucker	off 1.0		__DUMMY__ 0.4827014186902812 off 0.2766851206045459 neg 0.2406134607051729	false	1.0
ungezogen	neg 1.0		__DUMMY__ 0.48051306104912145 off 0.28506779662742404 neg 0.2344191423234544	false	0.5
irrsinnig	neg 1.0	neg 1.0	neg 0.6088020884286054 __DUMMY__ 0.23759755965812795 off 0.15360035191326665	false	1.0
unfassbar	neg 1.0		__DUMMY__ 0.4834128416012653 off 0.27524509078795545 neg 0.2413420676107792	false	0.5
hart	neg 1.0		__DUMMY__ 0.485181830805671 off 0.2732785242891773 neg 0.24153964490515162	false	0.5
widerlich	off 1.0		__DUMMY__ 0.48250589901790053 off 0.27604668191748927 neg 0.2414474190646101	false	1.0
fatal	neg 1.0		__DUMMY__ 0.485540558859646 off 0.2715379387360779 neg 0.24292150240427618	false	0.5
bruch	neg 1.0		__DUMMY__ 0.4894361586718923 off 0.262200316419813 neg 0.24836352490829475	false	0.5
aushungern	neg 1.0		__DUMMY__ 0.4855835543590655 off 0.26757931210901015 neg 0.2468371335319243	false	0.5
anspannung	neg 1.0	neg 1.0	neg 0.6076795437785949 __DUMMY__ 0.24354936519723228 off 0.14877109102417285	false	1.0
von			__DUMMY__ 0.4911146241483843 off 0.26354545408955055 neg 0.24533992176206512	false	0.0
kraftlos	neg 1.0		__DUMMY__ 0.49018487958370854 off 0.26840346756052497 neg 0.24141165285576635	false	0.5
vom			__DUMMY__ 0.4947306240857292 off 0.25858166934874466 neg 0.246687706565526	false	0.0
grenzdebil	off 1.0		__DUMMY__ 0.48382436813542246 off 0.27669215577249967 neg 0.23948347609207776	false	1.0
vor			__DUMMY__ 0.49022643547693345 off 0.2638986918440092 neg 0.24587487267905722	false	0.0
unterwerfen	neg 1.0		__DUMMY__ 0.4878163066677893 off 0.2653281832888015 neg 0.2468555100434092	false	0.5
versenkung	neg 1.0		__DUMMY__ 0.4883269598523574 off 0.2651959266705316 neg 0.24647711347711085	false	0.5
entziehen	neg 1.0		__DUMMY__ 0.48912495632605135 off 0.26257424520684797 neg 0.2483007984671006	false	0.5
finanzkrise	neg 1.0		__DUMMY__ 0.4850900780122002 off 0.2675013350979687 neg 0.24740858688983114	false	0.5
schimpfend	neg 1.0		__DUMMY__ 0.4886100081075363 off 0.2715966985439153 neg 0.2397932933485485	false	0.5
profan	neg 1.0		__DUMMY__ 0.48536727818571634 off 0.27260973208347733 neg 0.24202298973080635	false	0.5
korruption	neg 1.0		__DUMMY__ 0.4854828309064407 off 0.2654784227965996 neg 0.2490387462969597	false	0.5
â			__DUMMY__ 0.488502643053844 off 0.2660732457878318 neg 0.24542411115832402	false	0.0
schmutzig	neg 1.0		__DUMMY__ 0.4851781571593682 off 0.27658394766633326 neg 0.23823789517429855	false	0.5
sexy	neg 1.0		__DUMMY__ 0.48541159838224457 off 0.27335232816163074 neg 0.24123607345612472	false	0.5
abraten	neg 1.0		__DUMMY__ 0.4855717429842601 off 0.27142378991254323 neg 0.24300446710319665	false	0.5
schwarz	neg 1.0		__DUMMY__ 0.48544147250318265 off 0.2707599507976054 neg 0.24379857669921193	false	0.5
fotze	off 1.0		__DUMMY__ 0.48735023749617296 off 0.26510400749506935 neg 0.2475457550087576	false	1.0
verwirren	neg 1.0		__DUMMY__ 0.4852259975997296 off 0.2728080331292027 neg 0.2419659692710677	false	0.5
zahnlos	off 1.0		__DUMMY__ 0.48632518720394596 off 0.26674854778622414 neg 0.2469262650098299	false	1.0
verheeren	neg 1.0		__DUMMY__ 0.48126302522397185 off 0.2864806091546758 neg 0.23225636562135218	false	0.5
hippie	neg 1.0		__DUMMY__ 0.4851956560642583 off 0.27264494042018034 neg 0.24215940351556148	false	0.5
rammen	neg 1.0		__DUMMY__ 0.48732558255661934 off 0.27083497854530775 neg 0.24183943889807283	false	0.5
unlauter	neg 1.0		__DUMMY__ 0.48219124077218667 off 0.2681820266356681 neg 0.2496267325921452	false	0.5
unheilvoll	neg 1.0		__DUMMY__ 0.48764630230439804 off 0.2728180744819796 neg 0.23953562321362254	false	0.5
niedrig	neg 1.0		__DUMMY__ 0.4899408715463573 off 0.265169897592646 neg 0.24488923086099687	false	0.5
explosion	neg 1.0		__DUMMY__ 0.48519184643244456 off 0.2719793593474142 neg 0.2428287942201411	false	0.5
weichei	off 1.0		__DUMMY__ 0.48107719601704096 off 0.2816808878401912 neg 0.23724191614276774	false	1.0
minusmensch	off 1.0		__DUMMY__ 0.4762017259017623 off 0.28403268203685644 neg 0.23976559206138123	false	1.0
farblos	neg 1.0		__DUMMY__ 0.4903720241694578 off 0.2696194849919814 neg 0.24000849083856085	false	0.5
unwissend	neg 1.0	neg 1.0	neg 0.6074966547569699 __DUMMY__ 0.23638504203465283 off 0.15611830320837736	false	1.0
traurig	neg 1.0		__DUMMY__ 0.4831505937146815 off 0.27878182959135517 neg 0.23806757669396336	false	0.5
senkung	neg 1.0		__DUMMY__ 0.48305745379642756 off 0.27137974046764535 neg 0.2455628057359271	false	0.5
ungleich	neg 1.0	neg 1.0	neg 0.6115881640734137 __DUMMY__ 0.23827634469730005 off 0.1501354912292863	false	1.0
heikel	neg 1.0		__DUMMY__ 0.48737673529791503 off 0.2637504989200236 neg 0.24887276578206136	false	0.5
drosselung	neg 1.0		__DUMMY__ 0.4841421015489589 off 0.27613405647848843 neg 0.23972384197255267	false	0.5
falsch	neg 1.0		__DUMMY__ 0.4850386763395716 off 0.2741499854238985 neg 0.24081133823652992	false	0.5
unzufriedenheit	neg 1.0		__DUMMY__ 0.4881225927465738 off 0.26334477081097774 neg 0.24853263644244847	false	0.5
kurz	neg 1.0		__DUMMY__ 0.4890919090660997 off 0.268473774125922 neg 0.24243431680797833	false	0.5
unsinnig	neg 1.0		__DUMMY__ 0.4853432649397727 off 0.26695680968489316 neg 0.24769992537533403	false	0.5
penner	off 1.0	off 1.0	off 0.6312787109453281 __DUMMY__ 0.23482749458637708 neg 0.13389379446829477	false	1.0
seicht	neg 1.0		__DUMMY__ 0.4781937932028516 off 0.28394678227017256 neg 0.23785942452697567	false	0.5
dummheit	off 1.0	off 1.0	off 0.6245806380135364 __DUMMY__ 0.23703727866522098 neg 0.1383820833212427	false	1.0
unerfreulich	neg 1.0		__DUMMY__ 0.4892872565597036 off 0.26338924112460343 neg 0.24732350231569297	false	0.5
motherfucker	off 1.0	off 1.0	off 0.6271049819972171 __DUMMY__ 0.23588151146602887 neg 0.13701350653675412	false	1.0
pikiert	neg 1.0		__DUMMY__ 0.48275704772631467 off 0.2748038504704209 neg 0.24243910180326436	false	0.5
wrack	neg 1.0		__DUMMY__ 0.4895259356774901 off 0.2655705213133187 neg 0.24490354300919134	false	0.5
gangster	neg 1.0		__DUMMY__ 0.4856649154116859 off 0.272371743817271 neg 0.24196334077104298	false	0.5
krank	neg 1.0		__DUMMY__ 0.4849963833898475 off 0.2774438636380401 neg 0.2375597529721123	false	0.5
reich	neg 1.0		__DUMMY__ 0.4823316118716131 off 0.2729460203660198 neg 0.244722367762367	false	0.5
gnadenlos	neg 1.0		__DUMMY__ 0.4865276895044398 off 0.2705894256908672 neg 0.24288288480469297	false	0.5
niedergeschlagen	neg 1.0		__DUMMY__ 0.48932379753564653 off 0.2690081553050853 neg 0.24166804715926804	false	0.5
terrorisieren	off 1.0	off 1.0	off 0.6211384383182745 __DUMMY__ 0.23934288924203329 neg 0.13951867243969213	false	1.0
sinnlosigkeit	neg 1.0		__DUMMY__ 0.4867604018373494 off 0.2670873466660222 neg 0.24615225149662842	false	0.5
behindern	neg 1.0		__DUMMY__ 0.486183856419897 off 0.2682646181533348 neg 0.2455515254267682	false	0.5
undemokratisch	neg 1.0		__DUMMY__ 0.483655508450757 off 0.2691737410779565 neg 0.24717075047128653	false	0.5
wirtschaftskrise	neg 1.0		__DUMMY__ 0.486569123070552 off 0.26530189379774094 neg 0.24812898313170698	false	0.5
neid	neg 1.0		__DUMMY__ 0.4867017556662438 off 0.2755409939893329 neg 0.23775725034442333	false	0.5
rutschen	neg 1.0		__DUMMY__ 0.493170086178484 off 0.26307488681517915 neg 0.24375502700633678	false	0.5
rezession	neg 1.0		__DUMMY__ 0.4810343976473464 off 0.27888345260040986 neg 0.24008214975224376	false	0.5
fehlgeburt	neg 1.0		__DUMMY__ 0.4881072230903636 off 0.27267962290578573 neg 0.23921315400385065	false	0.5
charakterschwach	off 1.0		__DUMMY__ 0.48357438091101185 off 0.2760658909310768 neg 0.2403597281579113	false	1.0
isolation	neg 1.0		__DUMMY__ 0.4857405006785454 off 0.27405943512793246 neg 0.24020006419352213	false	0.5
ablenkung	neg 1.0		__DUMMY__ 0.48687854188720237 off 0.26999059719748036 neg 0.24313086091531733	false	0.5
pech	neg 1.0		__DUMMY__ 0.4858280255847252 off 0.27402409373185105 neg 0.24014788068342383	false	0.5
vermeidung	neg 1.0		__DUMMY__ 0.4824349950012994 off 0.2757649716693275 neg 0.24180003332937308	false	0.5
dominieren	neg 1.0		__DUMMY__ 0.49009872110577213 off 0.26664126029177254 neg 0.24326001860245522	false	0.5
schwindlig	neg 1.0		__DUMMY__ 0.48903654529539436 off 0.27369303262717865 neg 0.23727042207742713	false	0.5
lutscher	neg 1.0		__DUMMY__ 0.478394939779876 off 0.28484814585333224 neg 0.2367569143667918	false	0.5
pflicht	neg 1.0		__DUMMY__ 0.48764020685258025 off 0.26366666395354926 neg 0.24869312919387052	false	0.5
faschist	off 1.0		__DUMMY__ 0.4827776580403811 off 0.2715149355157514 neg 0.24570740644386757	false	1.0
verschleudern	neg 1.0		__DUMMY__ 0.4844852242212201 off 0.2634316203068118 neg 0.25208315547196813	false	0.5
wenn			__DUMMY__ 0.48485848554361877 off 0.2743408743300722 neg 0.24080064012630903	false	0.0
ehebruch	neg 1.0		__DUMMY__ 0.4875026849602142 off 0.26591630335549704 neg 0.24658101168428864	false	0.5
spott	off 1.0		__DUMMY__ 0.4866188493625111 off 0.2648450985266217 neg 0.24853605211086713	false	1.0
trostlosigkeit	neg 1.0		__DUMMY__ 0.4893796714052077 off 0.2629976683169368 neg 0.24762266027785562	false	0.5
lutschen	neg 1.0		__DUMMY__ 0.48481072962530525 off 0.2718951955881479 neg 0.24329407478654694	false	0.5
undiszipliniert	neg 1.0		__DUMMY__ 0.48402668751929195 off 0.2781111767753183 neg 0.23786213570538975	false	0.5
kopfschmerz	neg 1.0		__DUMMY__ 0.48946957323362555 off 0.2688855669211792 neg 0.24164485984519524	false	0.5
unvorhergesehen	neg 1.0		__DUMMY__ 0.49115298810313873 off 0.26668255795208273 neg 0.24216445394477845	false	0.5
desinteressiert	neg 1.0		__DUMMY__ 0.48264834715018473 off 0.2773347442055445 neg 0.2400169086442708	false	0.5
armselig	off 1.0		__DUMMY__ 0.48095351261313085 off 0.2778195888530111 neg 0.24122689853385798	false	1.0
desaster	neg 1.0		__DUMMY__ 0.4883709893601762 off 0.26102109721478983 neg 0.2506079134250341	false	0.5
tod	neg 1.0		__DUMMY__ 0.4899011543144718 off 0.26679304660505787 neg 0.24330579908047023	false	0.5
herzlos	neg 1.0		__DUMMY__ 0.48200894963141455 off 0.27889343242592946 neg 0.23909761794265585	false	0.5
unwissenheit	neg 1.0		__DUMMY__ 0.48526255917507255 off 0.26613657320896095 neg 0.24860086761596661	false	0.5
widersinnig	neg 1.0	neg 1.0	neg 0.6125191949260906 __DUMMY__ 0.23650152990601647 off 0.15097927516789297	false	1.0
bedenklich	neg 1.0		__DUMMY__ 0.486828554046471 off 0.26531174871956625 neg 0.24785969723396287	false	0.5
beanstanden	neg 1.0		__DUMMY__ 0.488013752565418 off 0.2630370931652721 neg 0.24894915426930989	false	0.5
panisch	neg 1.0	neg 1.0	neg 0.6044938101407661 __DUMMY__ 0.239852701314802 off 0.15565348854443195	false	1.0
debil	off 1.0		__DUMMY__ 0.49118918460704164 off 0.2582586337741173 neg 0.250552181618841	false	1.0
abstrich	neg 1.0		__DUMMY__ 0.48654477129658974 off 0.26556462798952796 neg 0.24789060071388244	false	0.5
primitiv	neg 1.0		__DUMMY__ 0.4825536633415861 off 0.2765968833210185 neg 0.2408494533373955	false	0.5
abschaum	off 1.0	off 1.0	off 0.6259441449760745 __DUMMY__ 0.23664850000858134 neg 0.13740735501534407	false	1.0
provozieren	neg 1.0		__DUMMY__ 0.48568230427447523 off 0.27002716250545233 neg 0.24429053322007233	false	0.5
tot	neg 1.0		__DUMMY__ 0.48643642565953293 off 0.26451599748346405 neg 0.24904757685700288	false	0.5
instabil	neg 1.0		__DUMMY__ 0.4802642053029326 off 0.2752928066434188 neg 0.24444298805364867	false	0.5
schwuchtel	off 1.0		__DUMMY__ 0.47663849923393264 off 0.28976253366359617 neg 0.23359896710247127	false	1.0
zerren	neg 1.0		__DUMMY__ 0.489243246306606 off 0.269090835585802 neg 0.24166591810759203	false	0.5
kinderficker	off 1.0		__DUMMY__ 0.4790380068379368 off 0.28000313225080886 neg 0.24095886091125418	false	1.0
gefahr	neg 1.0		__DUMMY__ 0.4892928143994462 off 0.2639927699661544 neg 0.24671441563439944	false	0.5
rabiat	neg 1.0		__DUMMY__ 0.4859955516158844 off 0.2693418391027192 neg 0.24466260928139646	false	0.5
verlangsamung	neg 1.0		__DUMMY__ 0.4807942910121359 off 0.28295422970358114 neg 0.23625147928428297	false	0.5
ausgestorben	neg 1.0		__DUMMY__ 0.4880604691828225 off 0.2694055749739636 neg 0.24253395584321402	false	0.5
anklagen	neg 1.0		__DUMMY__ 0.4867425326452373 off 0.26737232229005187 neg 0.24588514506471065	false	0.5
trott	neg 1.0		__DUMMY__ 0.4873332709689986 off 0.2689897917443213 neg 0.2436769372866802	false	0.5
verminderung	neg 1.0		__DUMMY__ 0.48189357029114727 off 0.27649525517532064 neg 0.24161117453353215	false	0.5
nach			__DUMMY__ 0.4950733709539381 off 0.2618306517405637 neg 0.24309597730549806	false	0.0
rost	neg 1.0		__DUMMY__ 0.4818024417095756 off 0.28179795765895777 neg 0.2363996006314667	false	0.5
destruktiv	neg 1.0		__DUMMY__ 0.48430604980837066 off 0.26801696913704415 neg 0.24767698105458516	false	0.5
unzumutbarkeit	neg 1.0		__DUMMY__ 0.48499975437770954 off 0.27469423551667466 neg 0.24030601010561575	false	0.5
labil	off 1.0	off 1.0	off 0.6258786139730758 __DUMMY__ 0.23669921994549387 neg 0.13742216608143037	false	1.0
ziemlich	neg 1.0		__DUMMY__ 0.4846771288428981 off 0.2763032957662593 neg 0.23901957539084265	false	0.5
lachnummer	off 1.0		__DUMMY__ 0.48526871784215986 off 0.2686681381833212 neg 0.24606314397451884	false	1.0
oder			__DUMMY__ 0.48750258234072963 off 0.27020135047729565 neg 0.24229606718197477	false	0.0
verfall	neg 1.0		__DUMMY__ 0.49015259943799866 off 0.25894632669928536 neg 0.25090107386271593	false	0.5
ausgrenzung	neg 1.0		__DUMMY__ 0.48406101441288535 off 0.2702931796614985 neg 0.24564580592561597	false	0.5
unordnung	neg 1.0		__DUMMY__ 0.4846808121842233 off 0.2755238546142702 neg 0.23979533320150653	false	0.5
fehlverhalten	neg 1.0		__DUMMY__ 0.4875521161096401 off 0.2640388883471086 neg 0.24840899554325133	false	0.5
eine			__DUMMY__ 0.488910636666256 off 0.2637650013651933 neg 0.24732436196855068	false	0.0
nille	neg 1.0		__DUMMY__ 0.4868840914324308 off 0.26809358939330086 neg 0.2450223191742685	false	0.5
qual	neg 1.0		__DUMMY__ 0.48728204506447714 off 0.26873783719280375 neg 0.2439801177427191	false	0.5
verschwenden	neg 1.0		__DUMMY__ 0.48718177716955563 off 0.2660480672062498 neg 0.24677015562419455	false	0.5
riesig	neg 1.0	neg 1.0	neg 0.6079245115511107 __DUMMY__ 0.24049420579640243 off 0.15158128265248694	false	1.0
verurteilen	neg 1.0		__DUMMY__ 0.48683895220377443 off 0.2668568200271278 neg 0.24630422776909777	false	0.5
klischee	neg 1.0	neg 1.0	neg 0.6085299795446368 __DUMMY__ 0.23647937653617143 off 0.15499064391919176	false	1.0
diktatorisch	neg 1.0		__DUMMY__ 0.48294768481196954 off 0.26958465406976106 neg 0.24746766111826937	false	0.5
vorhersehbar	neg 1.0	neg 1.0	neg 0.6081367852251981 __DUMMY__ 0.2370953173761667 off 0.15476789739863533	false	1.0
sowie			__DUMMY__ 0.4808574757902186 off 0.2807515300843907 neg 0.23839099412539078	false	0.0
stornieren	neg 1.0		__DUMMY__ 0.4893226092056122 off 0.27144844944112845 neg 0.23922894135325945	false	0.5
besteuerung	neg 1.0		__DUMMY__ 0.48347519107319875 off 0.2688824403024448 neg 0.24764236862435654	false	0.5
ungeschminkt	neg 1.0		__DUMMY__ 0.4831288004639936 off 0.2759215280785145 neg 0.24094967145749188	false	0.5
kritisch	neg 1.0		__DUMMY__ 0.486665563106691 off 0.2649687255430049 neg 0.24836571135030416	false	0.5
schlamperei	off 1.0		__DUMMY__ 0.4866801554019815 off 0.2636389078348945 neg 0.249680936763124	false	1.0
sucht	neg 1.0	neg 1.0	neg 0.6073501670095609 __DUMMY__ 0.23930625540709122 off 0.15334357758334782	false	1.0
egoistisch	off 1.0		__DUMMY__ 0.48151668728834685 off 0.2817408779057917 neg 0.23674243480586135	false	1.0
ausbeuter	off 1.0		__DUMMY__ 0.4865548547193217 off 0.26345195087356954 neg 0.24999319440710863	false	1.0
arschgeburt	off 1.0		__DUMMY__ 0.4760827443280639 off 0.2896896657143196 neg 0.23422758995761653	false	1.0
schubs	neg 1.0	neg 1.0	neg 0.6072542506134296 __DUMMY__ 0.24040107301951452 off 0.15234467636705576	false	1.0
unsolide	neg 1.0		__DUMMY__ 0.48040468740638265 off 0.2691181322995872 neg 0.25047718029403	false	0.5
beschwerde	neg 1.0		__DUMMY__ 0.486936408669702 off 0.26400451286275095 neg 0.24905907846754696	false	0.5
stocken	neg 1.0		__DUMMY__ 0.4884084656097001 off 0.2653924804216121 neg 0.2461990539686878	false	0.5
isolieren	neg 1.0		__DUMMY__ 0.4875029733985791 off 0.26646076529626533 neg 0.24603626130515563	false	0.5
unheilbar	neg 1.0		__DUMMY__ 0.48860613184806034 off 0.27104244373620145 neg 0.24035142441573823	false	0.5
pisser	off 1.0		__DUMMY__ 0.4839090124509684 off 0.2775310646471516 neg 0.23855992290188002	false	1.0
löschen	neg 1.0		__DUMMY__ 0.4869141004083494 off 0.2694124151492521 neg 0.24367348444239842	false	0.5
durchfallen	neg 1.0		__DUMMY__ 0.485747188488414 off 0.2662548648595421 neg 0.247997946652044	false	0.5
wichser	off 1.0		__DUMMY__ 0.4794342357522665 off 0.2868332944981206 neg 0.23373246974961293	false	1.0
terror	neg 1.0		__DUMMY__ 0.48668323457440055 off 0.2728771046516885 neg 0.2404396607739109	false	0.5
krass	neg 1.0		__DUMMY__ 0.48191207909720524 off 0.27943603662279953 neg 0.23865188427999529	false	0.5
revolte	neg 1.0		__DUMMY__ 0.4839831058587716 off 0.2710022999432482 neg 0.24501459419798016	false	0.5
besorgt	neg 1.0		__DUMMY__ 0.48993844904783257 off 0.26828843055289675 neg 0.2417731203992707	false	0.5
nachlassen	neg 1.0		__DUMMY__ 0.48877703438468684 off 0.26509027727740325 neg 0.24613268833790986	false	0.5
alt	neg 1.0		__DUMMY__ 0.4884758040992041 off 0.266267727784208 neg 0.24525646811658788	false	0.5
hundesohn	off 1.0		__DUMMY__ 0.47843782303710364 off 0.28435455962755957 neg 0.23720761733533666	false	1.0
als			__DUMMY__ 0.4885626943051519 off 0.26796656163951493 neg 0.24347074405533295	false	0.0
abschreckung	neg 1.0		__DUMMY__ 0.4890640954145082 off 0.26288044728207327 neg 0.24805545730341855	false	0.5
unqualifiziert	neg 1.0		__DUMMY__ 0.4817369086240752 off 0.27165113255606216 neg 0.2466119588198626	false	0.5
abgewichst	off 1.0		__DUMMY__ 0.487391170513009 off 0.2675238948813097 neg 0.24508493460568145	false	1.0
schwer	neg 1.0		__DUMMY__ 0.4873180833266667 off 0.2696937158549744 neg 0.2429882008183589	false	0.5
bedeutungslosigkeit	neg 1.0		__DUMMY__ 0.4881132476657759 off 0.26360742015468647 neg 0.24827933217953763	false	0.5
kapitulation	neg 1.0		__DUMMY__ 0.48597286236414733 off 0.26447483574814323 neg 0.24955230188770955	false	0.5
unscharf	neg 1.0		__DUMMY__ 0.4851392677970206 off 0.2718821093709833 neg 0.24297862283199595	false	0.5
schwinden	neg 1.0		__DUMMY__ 0.48882941470234625 off 0.2637727328372216 neg 0.2473978524604323	false	0.5
versklavung	neg 1.0		__DUMMY__ 0.483598707272332 off 0.26941082085076784 neg 0.2469904718769002	false	0.5
schlecht	neg 1.0		__DUMMY__ 0.48490601188288474 off 0.2765241329641743 neg 0.23856985515294094	false	0.5
verhasst	neg 1.0		__DUMMY__ 0.4856506513766063 off 0.2704892253729852 neg 0.2438601232504086	false	0.5
beschweren	neg 1.0		__DUMMY__ 0.4858783004548929 off 0.27160352226435025 neg 0.24251817728075692	false	0.5
scheiden	neg 1.0		__DUMMY__ 0.4891220803098478 off 0.2708089146453851 neg 0.2400690050447671	false	0.5
frustriert	neg 1.0		__DUMMY__ 0.48741547316222195 off 0.2684033689784808 neg 0.2441811578592973	false	0.5
schimmelig	neg 1.0		__DUMMY__ 0.48926993953459225 off 0.2657733417790256 neg 0.24495671868638216	false	0.5
fisch	neg 1.0		__DUMMY__ 0.49072707014187733 off 0.26465594068831827 neg 0.2446169891698043	false	0.5
schmuggel	neg 1.0		__DUMMY__ 0.49154703769693875 off 0.2649806240444184 neg 0.2434723382586429	false	0.5
auffallen	neg 1.0		__DUMMY__ 0.48570010249701245 off 0.2723761776742045 neg 0.24192371982878302	false	0.5
konkurrenz	neg 1.0	neg 1.0	neg 0.6108872232092669 __DUMMY__ 0.2399407954356912 off 0.14917198135504187	false	1.0
teufelskreis	neg 1.0		__DUMMY__ 0.48709428425663326 off 0.2689459198596527 neg 0.24395979588371405	false	0.5
aufschreien	neg 1.0		__DUMMY__ 0.484865737031325 off 0.27190596566973646 neg 0.24322829729893852	false	0.5
schuldner	neg 1.0		__DUMMY__ 0.48840347383244315 off 0.2638631454117102 neg 0.2477333807558467	false	0.5
missgeburt	off 1.0	off 1.0	off 0.6296142876268318 __DUMMY__ 0.23520198717085386 neg 0.13518372520231425	false	1.0
arbeitslos	neg 1.0		__DUMMY__ 0.4859124316793601 off 0.26664506075738237 neg 0.2474425075632577	false	0.5
befallen	neg 1.0		__DUMMY__ 0.4874182015951304 off 0.26779834539143393 neg 0.24478345301343574	false	0.5
miesepetrig	off 1.0	off 1.0	off 0.6270682832757095 __DUMMY__ 0.23748417933031266 neg 0.13544753739397794	false	1.0
alarmieren	neg 1.0		__DUMMY__ 0.48362075285936545 off 0.2738811143059542 neg 0.24249813283468047	false	0.5
ungeduscht	off 1.0		__DUMMY__ 0.48604430848348573 off 0.2739090535080533 neg 0.24004663800846102	false	1.0
knappheit	neg 1.0		__DUMMY__ 0.48601488801328124 off 0.2645589720418674 neg 0.24942613994485147	false	0.5
schlange	neg 1.0		__DUMMY__ 0.4881758980108796 off 0.27242009928540567 neg 0.23940400270371467	false	0.5
harsch	neg 1.0		__DUMMY__ 0.48360497959351606 off 0.2807772805143688 neg 0.23561773989211504	false	0.5
lang	neg 1.0		__DUMMY__ 0.4870354507132777 off 0.2700193673411548 neg 0.2429451819455676	false	0.5
ziellos	neg 1.0		__DUMMY__ 0.4895441979908752 off 0.267627308432484 neg 0.2428284935766409	false	0.5
selbstverliebt	neg 1.0		__DUMMY__ 0.4771273527631599 off 0.2869904567600355 neg 0.2358821904768048	false	0.5
beseitigen	neg 1.0		__DUMMY__ 0.4869118903972801 off 0.2682633319377791 neg 0.24482477766494085	false	0.5
dumm	off 1.0		__DUMMY__ 0.4801314131984278 off 0.2823773488468019 neg 0.23749123795477037	false	1.0
arbeitsloser	neg 1.0		__DUMMY__ 0.4878702076320167 off 0.26635583148272945 neg 0.24577396088525383	false	0.5
blitzen	neg 1.0		__DUMMY__ 0.4855212969670255 off 0.27300547225336347 neg 0.24147323077961086	false	0.5
hilflos	neg 1.0		__DUMMY__ 0.4880704866292053 off 0.26812783921782685 neg 0.24380167415296783	false	0.5
eklig	off 1.0		__DUMMY__ 0.4809014973837995 off 0.283551680318423 neg 0.23554682229777768	false	1.0
begriff			__DUMMY__ 0.48585819334988745 off 0.267663404986226 neg 0.24647840166388651	false	0.0
hungersnot	neg 1.0		__DUMMY__ 0.4882476888833047 off 0.2678937310859014 neg 0.24385858003079394	false	0.5
ungesetzlich	neg 1.0		__DUMMY__ 0.48130131173196056 off 0.26976605897672035 neg 0.24893262929131915	false	0.5
verschwendung	neg 1.0		__DUMMY__ 0.48814783125602496 off 0.2648990518669403 neg 0.24695311687703467	false	0.5
schmerzvoll	neg 1.0		__DUMMY__ 0.4863735438490486 off 0.27175973574625834 neg 0.24186672040469312	false	0.5
vorzeitig	neg 1.0		__DUMMY__ 0.4870957365263556 off 0.27360533380179514 neg 0.23929892967184913	false	0.5
unvollkommenheit	neg 1.0		__DUMMY__ 0.4914888150596205 off 0.26850211977104055 neg 0.24000906516933895	false	0.5
intervenieren	neg 1.0		__DUMMY__ 0.4862734686625033 off 0.26369147937509035 neg 0.25003505196240644	false	0.5
banause	off 1.0		__DUMMY__ 0.47845092444583937 off 0.28505461902865253 neg 0.23649445652550802	false	1.0
rebell	neg 1.0		__DUMMY__ 0.4895378430901702 off 0.2612092192965856 neg 0.2492529376132442	false	0.5
unlogisch	neg 1.0		__DUMMY__ 0.4822151953542108 off 0.2785856632034457 neg 0.23919914144234342	false	0.5
leiden	neg 1.0		__DUMMY__ 0.49227856346035914 off 0.2659234598696877 neg 0.2417979766699531	false	0.5
abschaffung	neg 1.0		__DUMMY__ 0.48372985152799836 off 0.2687850096608117 neg 0.24748513881118994	false	0.5
sturz	neg 1.0		__DUMMY__ 0.4881375250222197 off 0.26998601913431713 neg 0.2418764558434633	false	0.5
verkleinerung	neg 1.0		__DUMMY__ 0.48235277121993025 off 0.271428154356739 neg 0.2462190744233306	false	0.5
schmarotzer	off 1.0		__DUMMY__ 0.48539091861115713 off 0.2662631859481605 neg 0.2483458954406824	false	1.0
bestrafung	neg 1.0		__DUMMY__ 0.48580551338393585 off 0.2709376512388946 neg 0.24325683537716963	false	0.5
achtlos	neg 1.0		__DUMMY__ 0.48819970452744677 off 0.26998227162941774 neg 0.24181802384313553	false	0.5
ungeheuer	neg 1.0		__DUMMY__ 0.48568663404781875 off 0.2729998322086637 neg 0.2413135337435174	false	0.5
unaufrichtig	neg 1.0		__DUMMY__ 0.48446451248160627 off 0.2714241644021211 neg 0.2441113231162725	false	0.5
groggy	neg 1.0		__DUMMY__ 0.4849657595616598 off 0.2721934320655402 neg 0.24284080837280006	false	0.5
verletzlich	neg 1.0		__DUMMY__ 0.48359673720245316 off 0.27746314113516696 neg 0.23894012166237988	false	0.5
