unsolidarisch	neg 1.0		off 0.4821645299092938 neg 0.4470035790164815 __DUMMY__ 0.07083189107422451	false	0.5
nachteilig	neg 1.0		off 0.48165269423871165 neg 0.44669787241922976 __DUMMY__ 0.07164943334205867	false	0.5
skeptisch	neg 1.0		off 0.48105319527401474 neg 0.4472171331797191 __DUMMY__ 0.07172967154626599	false	0.5
schrecklich	neg 1.0		off 0.4958389227659778 neg 0.43329180195704925 __DUMMY__ 0.07086927527697298	false	0.5
schlapp	neg 1.0		off 0.4926421513967144 neg 0.4360085187574757 __DUMMY__ 0.07134932984580984	false	0.5
abfall	neg 1.0		off 0.47957991329755884 neg 0.448352261705357 __DUMMY__ 0.07206782499708415	false	0.5
widerspenstig	neg 1.0		off 0.4872957589209426 neg 0.441098516262529 __DUMMY__ 0.07160572481652831	false	0.5
abrupt	neg 1.0		off 0.48376725412261123 neg 0.44419550765826127 __DUMMY__ 0.07203723821912762	false	0.5
unwirksam	neg 1.0		off 0.48321310918096555 neg 0.44580228651226256 __DUMMY__ 0.07098460430677199	false	0.5
angreifen	neg 1.0	neg 1.0	neg 0.7084229956041076 off 0.2570775076315263 __DUMMY__ 0.03449949676436602	false	1.0
inkonsistent	neg 1.0		off 0.48715611576751616 neg 0.4414357132120276 __DUMMY__ 0.07140817102045627	false	0.5
abrutschen	neg 1.0		off 0.47988420033783297 neg 0.44806947886594545 __DUMMY__ 0.07204632079622166	false	0.5
unsicher	neg 1.0		off 0.48762630617155167 neg 0.44069775985398923 __DUMMY__ 0.07167593397445898	false	0.5
bauernkind	off 1.0	off 1.0	off 0.7334845666379185 neg 0.23268048425594018 __DUMMY__ 0.033834949106141404	false	1.0
angreifer	neg 1.0		off 0.489185637572578 neg 0.4391473246167004 __DUMMY__ 0.07166703781072162	false	0.5
trennen	neg 1.0		off 0.4850446253397678 neg 0.44274581118711764 __DUMMY__ 0.07220956347311461	false	0.5
schmutz	neg 1.0		off 0.49332899960991056 neg 0.434415942371125 __DUMMY__ 0.0722550580189644	false	0.5
inkonsistenz	neg 1.0		off 0.4879743878625056 neg 0.44122400672531903 __DUMMY__ 0.07080160541217537	false	0.5
erschreckend	neg 1.0		off 0.48482983307117405 neg 0.44369756196360793 __DUMMY__ 0.07147260496521811	false	0.5
ertrinken	neg 1.0		off 0.4853151257971923 neg 0.44260139697451245 __DUMMY__ 0.07208347722829529	false	0.5
pickelface	off 1.0		off 0.4839642450428261 neg 0.44449886712641845 __DUMMY__ 0.07153688783075543	false	1.0
seiner			off 0.48309975151771684 neg 0.44493016666102353 __DUMMY__ 0.07197008182125962	false	0.0
lauch	neg 1.0		off 0.4781738927892061 neg 0.45008215114882083 __DUMMY__ 0.07174395606197322	false	0.5
unwichtig	neg 1.0		off 0.49076986348591406 neg 0.438111025298928 __DUMMY__ 0.07111911121515803	false	0.5
steuerhinterziehung	neg 1.0		off 0.48289176145289814 neg 0.4457929157796453 __DUMMY__ 0.07131532276745664	false	0.5
schock	neg 1.0		off 0.4883190186894353 neg 0.43968264083415365 __DUMMY__ 0.07199834047641109	false	0.5
beule	neg 1.0		off 0.4933676448297444 neg 0.43523652546051333 __DUMMY__ 0.0713958297097421	false	0.5
vergelten	neg 1.0		off 0.4967932686175982 neg 0.4318403367386926 __DUMMY__ 0.07136639464370914	false	0.5
verdorbenheit	neg 1.0		off 0.4864082674124669 neg 0.441991575927951 __DUMMY__ 0.0716001566595821	false	0.5
trauma	neg 1.0		off 0.4875733599288522 neg 0.4409575957375124 __DUMMY__ 0.07146904433363555	false	0.5
sinnlos	neg 1.0		off 0.489714171808415 neg 0.43877734314515326 __DUMMY__ 0.07150848504643184	false	0.5
fettsack	off 1.0	off 1.0	off 0.7353794323574164 neg 0.2306682290104735 __DUMMY__ 0.03395233863211002	false	1.0
feige	off 1.0	off 1.0	off 0.7319549604883606 neg 0.23398081910014357 __DUMMY__ 0.03406422041149582	false	1.0
abdanken	neg 1.0		off 0.484385496446115 neg 0.44424358657031976 __DUMMY__ 0.07137091698356518	false	0.5
wichtigtuer	off 1.0	off 1.0	off 0.7305033206606484 neg 0.23530545623237145 __DUMMY__ 0.0341912231069802	false	1.0
misslingen	neg 1.0		off 0.49082674124592307 neg 0.437149938290695 __DUMMY__ 0.07202332046338188	false	0.5
untreu	off 1.0		off 0.4921641774082189 neg 0.43676950968297645 __DUMMY__ 0.07106631290880472	false	1.0
missmutig	neg 1.0		off 0.4918659316850412 neg 0.4368572410425747 __DUMMY__ 0.07127682727238403	false	0.5
hurenbock	off 1.0		off 0.4886118180731161 neg 0.43984304794287166 __DUMMY__ 0.07154513398401235	false	1.0
betrunken	neg 1.0		off 0.49593211856113784 neg 0.4327161701765694 __DUMMY__ 0.07135171126229274	false	0.5
korrupt	off 1.0		off 0.48072903056528987 neg 0.4481678327627498 __DUMMY__ 0.07110313667196023	false	1.0
unmut	neg 1.0		off 0.4788527642811606 neg 0.449220730048569 __DUMMY__ 0.07192650567027038	false	0.5
hackfresse	off 1.0		off 0.49823169415567153 neg 0.4312852839855279 __DUMMY__ 0.07048302185880057	false	1.0
aufblasen	neg 1.0		off 0.4897317857596467 neg 0.4385554516254052 __DUMMY__ 0.07171276261494798	false	0.5
gewaltsam	neg 1.0		off 0.4860518892686934 neg 0.44231351350367165 __DUMMY__ 0.07163459722763496	false	0.5
unbeliebtheit	neg 1.0		off 0.4853584231668908 neg 0.44432476484561967 __DUMMY__ 0.07031681198748957	false	0.5
sturheit	neg 1.0		off 0.48457011590880095 neg 0.44399309769661277 __DUMMY__ 0.07143678639458634	false	0.5
kuh	neg 1.0		off 0.4856698508445088 neg 0.44313565192999194 __DUMMY__ 0.07119449722549932	false	0.5
erschrecken	neg 1.0		off 0.4914355367293268 neg 0.4371908823610597 __DUMMY__ 0.07137358090961349	false	0.5
opfer	neg 1.0		off 0.48429090934302926 neg 0.44379866619024655 __DUMMY__ 0.07191042446672413	false	0.5
sinken	neg 1.0		off 0.47949406294145036 neg 0.4486055158573367 __DUMMY__ 0.07190042120121305	false	0.5
stinktier	neg 1.0		off 0.49552596893905587 neg 0.43379022971453746 __DUMMY__ 0.07068380134640666	false	0.5
tucke	off 1.0		off 0.4962530626883407 neg 0.43372358895609486 __DUMMY__ 0.07002334835556447	false	1.0
ein			off 0.48827302778097936 neg 0.4401141677016039 __DUMMY__ 0.07161280451741689	false	0.0
abstieg	neg 1.0		off 0.4848520925612277 neg 0.442951729664202 __DUMMY__ 0.07219617777457024	false	0.5
missverstehen	neg 1.0		off 0.48809352977596343 neg 0.4407287152547631 __DUMMY__ 0.07117775496927344	false	0.5
ergebnislos	neg 1.0		off 0.48196020935102196 neg 0.4462926802684414 __DUMMY__ 0.07174711038053659	false	0.5
unter			off 0.47803569783019506 neg 0.4492150072264667 __DUMMY__ 0.07274929494333827	false	0.0
manipulieren	neg 1.0		off 0.4815412613805303 neg 0.44666974651706653 __DUMMY__ 0.07178899210240298	false	0.5
unbewiesen	neg 1.0		off 0.4823820098191753 neg 0.44681581181565316 __DUMMY__ 0.07080217836517153	false	0.5
verschleppen	neg 1.0		off 0.483940476627111 neg 0.4443465766661857 __DUMMY__ 0.07171294670670317	false	0.5
weib	off 1.0		off 0.4983719702103257 neg 0.4311154966391052 __DUMMY__ 0.07051253315056895	false	1.0
opposition	neg 1.0		off 0.48730270610625087 neg 0.44145886742541224 __DUMMY__ 0.0712384264683369	false	0.5
verkehrswidrig	neg 1.0	neg 1.0	neg 0.6991192669485111 off 0.2664128860929664 __DUMMY__ 0.03446784695852244	false	1.0
inkorrekt	neg 1.0		off 0.4909388656801952 neg 0.43846493153684546 __DUMMY__ 0.07059620278295942	false	0.5
vermeiden	neg 1.0		off 0.4786743271898344 neg 0.44898827361504995 __DUMMY__ 0.0723373991951158	false	0.5
abweichung	neg 1.0		off 0.4813762995904354 neg 0.44708283156423584 __DUMMY__ 0.07154086884532876	false	0.5
alkoholisiert	neg 1.0		off 0.48600313047356847 neg 0.44151294657842927 __DUMMY__ 0.07248392294800225	false	0.5
scheiss	off 1.0	off 1.0	off 0.7331931128359195 neg 0.23257957975903543 __DUMMY__ 0.03422730740504508	false	1.0
herausforderung	neg 1.0	neg 1.0	neg 0.7056952313582172 off 0.2593950375465101 __DUMMY__ 0.03490973109527269	false	1.0
pervers	off 1.0		off 0.5016300245721149 neg 0.42802460204122694 __DUMMY__ 0.07034537338665801	false	1.0
wackelig	neg 1.0		off 0.4869496049462002 neg 0.44092883930108473 __DUMMY__ 0.07212155575271512	false	0.5
verwickeln	neg 1.0		off 0.48797103872317726 neg 0.4408470793126501 __DUMMY__ 0.07118188196417265	false	0.5
vorwand	neg 1.0		off 0.48098392948723956 neg 0.44714456042610407 __DUMMY__ 0.07187151008665639	false	0.5
muschi	off 1.0		off 0.48435700569135365 neg 0.4441287829624699 __DUMMY__ 0.0715142113461765	false	1.0
entmutigung	neg 1.0		off 0.4862565146811631 neg 0.4425932783218309 __DUMMY__ 0.07115020699700604	false	0.5
unangemessen	neg 1.0		off 0.4833012755116598 neg 0.4452877600726569 __DUMMY__ 0.0714109644156834	false	0.5
unstetig	neg 1.0		off 0.4883611665251396 neg 0.44006068574262514 __DUMMY__ 0.07157814773223528	false	0.5
entmutigen	neg 1.0		off 0.48755040937799815 neg 0.4410761600171768 __DUMMY__ 0.07137343060482516	false	0.5
schwanz	neg 1.0		off 0.4819864543590893 neg 0.44621667785238617 __DUMMY__ 0.0717968677885245	false	0.5
verbot	neg 1.0		off 0.48190860069538605 neg 0.4467230356508231 __DUMMY__ 0.07136836365379076	false	0.5
leid	neg 1.0		off 0.4975440234851174 neg 0.4315691160406331 __DUMMY__ 0.0708868604742495	false	0.5
archaisch	neg 1.0		off 0.4844584336504129 neg 0.4439188963907011 __DUMMY__ 0.07162266995888592	false	0.5
gegen			off 0.481354103322137 neg 0.44654768137545525 __DUMMY__ 0.07209821530240781	false	0.0
scheidung	neg 1.0		off 0.5052415754116892 neg 0.4245494770649396 __DUMMY__ 0.07020894752337126	false	0.5
einschlag	neg 1.0	neg 1.0	neg 0.7018106348445321 off 0.2640640684677077 __DUMMY__ 0.034125296687760244	false	1.0
m			off 0.48524035070483484 neg 0.44294479483911536 __DUMMY__ 0.07181485445604982	false	0.0
abgestanden	neg 1.0		off 0.48905932953426046 neg 0.43920847283448156 __DUMMY__ 0.07173219763125795	false	0.5
schmierig	off 1.0		off 0.4972060459586983 neg 0.43184666062273136 __DUMMY__ 0.07094729341857041	false	1.0
unpraktisch	neg 1.0		off 0.48944707121609565 neg 0.43880430741439275 __DUMMY__ 0.07174862136951161	false	0.5
wixxer	off 1.0		off 0.5004598939854932 neg 0.429338471083172 __DUMMY__ 0.07020163493133477	false	1.0
bezeichnet			off 0.48537714924168024 neg 0.4431977970177804 __DUMMY__ 0.07142505374053958	false	0.0
jammerlappen	off 1.0		off 0.4912822701462739 neg 0.43754858269172014 __DUMMY__ 0.07116914716200598	false	1.0
farce	neg 1.0		off 0.48198316629282306 neg 0.44681648791480066 __DUMMY__ 0.07120034579237632	false	0.5
zwecklos	neg 1.0		off 0.48394867826461574 neg 0.44452502357809315 __DUMMY__ 0.07152629815729115	false	0.5
turbulent	neg 1.0		off 0.49045698226805406 neg 0.4386392349810724 __DUMMY__ 0.07090378275087347	false	0.5
invasion	neg 1.0		off 0.4894331065678104 neg 0.4391176565065538 __DUMMY__ 0.07144923692563576	false	0.5
schuld	neg 1.0		off 0.4874246580771449 neg 0.44111980089917757 __DUMMY__ 0.0714555410236774	false	0.5
risiko	neg 1.0		off 0.4874964873215388 neg 0.4408892990817999 __DUMMY__ 0.07161421359666133	false	0.5
finster	neg 1.0		off 0.48868331609724 neg 0.4397029026842941 __DUMMY__ 0.07161378121846596	false	0.5
geisteskrank	off 1.0		off 0.4919504737532288 neg 0.43715631344272116 __DUMMY__ 0.07089321280404998	false	1.0
zusammenbrechen	neg 1.0		off 0.4862949145696171 neg 0.44190759650042344 __DUMMY__ 0.07179748892995931	false	0.5
ausbeute	neg 1.0		off 0.48332008607126176 neg 0.4446712437231161 __DUMMY__ 0.07200867020562218	false	0.5
hinterhalt	neg 1.0		off 0.4849163949918046 neg 0.4434160020840832 __DUMMY__ 0.07166760292411221	false	0.5
kritik	neg 1.0		off 0.48230499339537863 neg 0.4464033058991761 __DUMMY__ 0.0712917007054452	false	0.5
einschrumpfen	neg 1.0		off 0.486757670936181 neg 0.4423808579499834 __DUMMY__ 0.07086147111383574	false	0.5
riskant	neg 1.0		off 0.48277442363064343 neg 0.4455136860171264 __DUMMY__ 0.07171189035223029	false	0.5
frustrieren	neg 1.0		off 0.48305493953012374 neg 0.4452280468435438 __DUMMY__ 0.07171701362633248	false	0.5
groll	neg 1.0		off 0.484413254258179 neg 0.44391524682245476 __DUMMY__ 0.07167149891936628	false	0.5
gibt			off 0.4844832109550847 neg 0.44393367784877175 __DUMMY__ 0.0715831111961436	false	0.0
qualvoll	neg 1.0		off 0.49163222646339505 neg 0.43679581176034055 __DUMMY__ 0.07157196177626429	false	0.5
wackeln	neg 1.0	neg 1.0	neg 0.7038476182735347 off 0.2615601835422377 __DUMMY__ 0.034592198184227624	false	1.0
klagen	neg 1.0		off 0.4790086955546679 neg 0.4491455663069313 __DUMMY__ 0.07184573813840067	false	0.5
bankrott	neg 1.0		off 0.490899033657328 neg 0.43776162009681957 __DUMMY__ 0.07133934624585223	false	0.5
trauern	neg 1.0		off 0.484571508243098 neg 0.44342550223181537 __DUMMY__ 0.07200298952508669	false	0.5
ablehnung	neg 1.0		off 0.4823254656332275 neg 0.4463868003476332 __DUMMY__ 0.07128773401913935	false	0.5
stur	neg 1.0		off 0.487668210961164 neg 0.4409736473051967 __DUMMY__ 0.07135814173363934	false	0.5
aufruhr	neg 1.0		off 0.48633760761512473 neg 0.44195982228131914 __DUMMY__ 0.0717025701035561	false	0.5
melancholie	neg 1.0		off 0.48574511708450346 neg 0.44233778922416345 __DUMMY__ 0.07191709369133295	false	0.5
ist			off 0.4883634606052955 neg 0.44022766570830507 __DUMMY__ 0.07140887368639934	false	0.0
torheit	neg 1.0		off 0.48601723030704996 neg 0.4427311516187252 __DUMMY__ 0.07125161807422471	false	0.5
dreckskind	off 1.0		off 0.49679484870927043 neg 0.43261201417138173 __DUMMY__ 0.07059313711934792	false	1.0
umtauschen	neg 1.0		off 0.486887554129345 neg 0.44147010433165684 __DUMMY__ 0.07164234153899827	false	0.5
zum			off 0.4809513034142597 neg 0.4463565361169988 __DUMMY__ 0.07269216046874152	false	0.0
zersetzen	neg 1.0		off 0.4806870824492799 neg 0.4476479434709058 __DUMMY__ 0.07166497407981445	false	0.5
zur			off 0.4778173016815824 neg 0.4498498910633024 __DUMMY__ 0.07233280725511522	false	0.0
frust	neg 1.0		off 0.48581181137122365 neg 0.44242928828598105 __DUMMY__ 0.07175890034279522	false	0.5
unerbittlichkeit	neg 1.0		off 0.4808734242348127 neg 0.4474537622027825 __DUMMY__ 0.07167281356240479	false	0.5
zwei			off 0.4823994001282323 neg 0.44514770048991303 __DUMMY__ 0.07245289938185473	false	0.0
unkorrekt	neg 1.0		off 0.49104334091732177 neg 0.43847345390858233 __DUMMY__ 0.070483205174096	false	0.5
hexe	off 1.0		off 0.4910440445956119 neg 0.43799410442119235 __DUMMY__ 0.07096185098319574	false	1.0
lasch	neg 1.0		off 0.4881199037052887 neg 0.4409531542297352 __DUMMY__ 0.07092694206497607	false	0.5
rivale	neg 1.0		off 0.4952444106387788 neg 0.43354879770028343 __DUMMY__ 0.0712067916609378	false	0.5
mutlos	off 1.0	off 1.0	off 0.7267983976913801 neg 0.23887195913011103 __DUMMY__ 0.034329643178508916	false	1.0
wirr	off 1.0		off 0.4920157522614162 neg 0.43741369971468413 __DUMMY__ 0.07057054802389963	false	1.0
jahr			off 0.48325377717028895 neg 0.4445467977246021 __DUMMY__ 0.07219942510510896	false	0.0
wird			off 0.48365199288549277 neg 0.4446074680719778 __DUMMY__ 0.07174053904252943	false	0.0
strafbar	neg 1.0		off 0.4820434123111066 neg 0.4463834120248245 __DUMMY__ 0.07157317566406887	false	0.5
erosion	neg 1.0		off 0.4884838429498417 neg 0.4398085116173206 __DUMMY__ 0.07170764543283771	false	0.5
eingehen	neg 1.0		off 0.48258430827724097 neg 0.44595433019012876 __DUMMY__ 0.07146136153263023	false	0.5
faul	off 1.0		off 0.49204845991171253 neg 0.43650499208289 __DUMMY__ 0.07144654800539751	false	1.0
provisorium	neg 1.0		off 0.4768833381153788 neg 0.4505113632882024 __DUMMY__ 0.0726052985964187	false	0.5
schmerzen	neg 1.0		off 0.4874432214438723 neg 0.44091028750171435 __DUMMY__ 0.07164649105441324	false	0.5
schrumpfen	neg 1.0		off 0.4765774026248435 neg 0.451399207094146 __DUMMY__ 0.07202339028101055	false	0.5
geistlos	off 1.0		off 0.48581094326940255 neg 0.4433946007673809 __DUMMY__ 0.0707944559632166	false	1.0
fehlkauf	neg 1.0		off 0.48791075249910104 neg 0.44074422304049937 __DUMMY__ 0.07134502446039966	false	0.5
frustrierend	neg 1.0		off 0.4914729243445558 neg 0.4371043919808144 __DUMMY__ 0.07142268367462977	false	0.5
unzufrieden	neg 1.0		off 0.4835579709468507 neg 0.4449448010710022 __DUMMY__ 0.0714972279821472	false	0.5
verzweifeln	neg 1.0		off 0.4864798020122387 neg 0.44190934216405997 __DUMMY__ 0.07161085582370116	false	0.5
verzweifelt	neg 1.0		off 0.48805485054619524 neg 0.4405423789049276 __DUMMY__ 0.07140277054887711	false	0.5
misstrauensantrag	neg 1.0		off 0.48855511929264456 neg 0.44013899379738475 __DUMMY__ 0.07130588690997075	false	0.5
abfallen	neg 1.0		off 0.4898077105873304 neg 0.43844413703393226 __DUMMY__ 0.0717481523787373	false	0.5
fucker	off 1.0		off 0.49250512690506687 neg 0.4365884500184833 __DUMMY__ 0.0709064230764498	false	1.0
ungezogen	neg 1.0		off 0.5005626689699045 neg 0.42889331823432447 __DUMMY__ 0.07054401279577106	false	0.5
irrsinnig	neg 1.0	neg 1.0	neg 0.7058021397865044 off 0.259940342375183 __DUMMY__ 0.03425751783831269	false	1.0
unfassbar	neg 1.0		off 0.4913351716453666 neg 0.43765277494519084 __DUMMY__ 0.0710120534094426	false	0.5
hart	neg 1.0		off 0.4900577756837223 neg 0.43867477236634533 __DUMMY__ 0.07126745194993231	false	0.5
widerlich	off 1.0		off 0.49174039397390534 neg 0.43739060144673003 __DUMMY__ 0.0708690045793647	false	1.0
fatal	neg 1.0		off 0.4883060825492496 neg 0.4403393167502237 __DUMMY__ 0.07135460070052675	false	0.5
bruch	neg 1.0		off 0.48001597819005015 neg 0.4480320313670633 __DUMMY__ 0.07195199044288655	false	0.5
aushungern	neg 1.0		off 0.48391313906473027 neg 0.44473856015057295 __DUMMY__ 0.07134830078469684	false	0.5
anspannung	neg 1.0	neg 1.0	neg 0.7071667576003982 off 0.2576987626483504 __DUMMY__ 0.03513447975125134	false	1.0
von			off 0.4823919744690786 neg 0.44540303519489016 __DUMMY__ 0.07220499033603119	false	0.0
kraftlos	neg 1.0		off 0.4871731262076256 neg 0.44075099416293206 __DUMMY__ 0.07207587962944234	false	0.5
vom			off 0.4788079523892953 neg 0.44840779731085845 __DUMMY__ 0.07278425029984623	false	0.0
grenzdebil	off 1.0		off 0.4930979774506429 neg 0.4358258111424097 __DUMMY__ 0.0710762114069474	false	1.0
vor			off 0.48230063822443886 neg 0.44560935578104083 __DUMMY__ 0.07209000599452037	false	0.0
unterwerfen	neg 1.0		off 0.48263042761358416 neg 0.44566615575466284 __DUMMY__ 0.0717034166317529	false	0.5
versenkung	neg 1.0		off 0.48274407768803673 neg 0.445466728620706 __DUMMY__ 0.07178919369125723	false	0.5
entziehen	neg 1.0		off 0.4802889425247898 neg 0.44779614063299295 __DUMMY__ 0.0719149168422172	false	0.5
finanzkrise	neg 1.0		off 0.48370874389866225 neg 0.44502362847665117 __DUMMY__ 0.07126762762468666	false	0.5
schimpfend	neg 1.0		off 0.4899670437696513 neg 0.4382207645779493 __DUMMY__ 0.07181219165239948	false	0.5
profan	neg 1.0		off 0.48942675566226485 neg 0.43925408260352133 __DUMMY__ 0.07131916173421399	false	0.5
korruption	neg 1.0		off 0.4816576213001359 neg 0.4470085149208552 __DUMMY__ 0.0713338637790088	false	0.5
â			off 0.48387372711901755 neg 0.44430648425058017 __DUMMY__ 0.07181978863040225	false	0.0
schmutzig	neg 1.0		off 0.49363735847679696 neg 0.4350750883257679 __DUMMY__ 0.07128755319743528	false	0.5
sexy	neg 1.0		off 0.4902272065725128 neg 0.43843966434046905 __DUMMY__ 0.0713331290870183	false	0.5
abraten	neg 1.0		off 0.4882610956062404 neg 0.4403895061134531 __DUMMY__ 0.07134939828030637	false	0.5
schwarz	neg 1.0		off 0.4874351453652184 neg 0.4412275206790696 __DUMMY__ 0.071337333955712	false	0.5
fotze	off 1.0		off 0.4822309947980338 neg 0.4461410144001966 __DUMMY__ 0.07162799080176956	false	1.0
verwirren	neg 1.0		off 0.4895546060541997 neg 0.43914462067475546 __DUMMY__ 0.07130077327104468	false	0.5
zahnlos	off 1.0		off 0.4834655712349833 neg 0.4450587562604186 __DUMMY__ 0.07147567250459809	false	1.0
verheeren	neg 1.0		off 0.5023471071633997 neg 0.42699695138378485 __DUMMY__ 0.07065594145281535	false	0.5
hippie	neg 1.0		off 0.4893460395686862 neg 0.4393534011933072 __DUMMY__ 0.07130055923800657	false	0.5
rammen	neg 1.0		off 0.48853518179884314 neg 0.4398597373574529 __DUMMY__ 0.07160508084370408	false	0.5
unlauter	neg 1.0		off 0.4830779181734431 neg 0.44611284293317566 __DUMMY__ 0.0708092388933812	false	0.5
unheilvoll	neg 1.0		off 0.4907710830924884 neg 0.43756352752693173 __DUMMY__ 0.07166538938057979	false	0.5
niedrig	neg 1.0		off 0.4835525438293679 neg 0.4444293134239934 __DUMMY__ 0.07201814274663859	false	0.5
explosion	neg 1.0		off 0.4886473187134337 neg 0.44005904923476696 __DUMMY__ 0.07129363205179935	false	0.5
weichei	off 1.0		off 0.49720948491147904 neg 0.43215278560816256 __DUMMY__ 0.07063772948035836	false	1.0
minusmensch	off 1.0		off 0.49724953350764284 neg 0.4328832272490315 __DUMMY__ 0.06986723924332562	false	1.0
farblos	neg 1.0		off 0.4886007077275521 neg 0.4393230055223223 __DUMMY__ 0.07207628675012565	false	0.5
unwissend	neg 1.0	neg 1.0	neg 0.70396133541024 off 0.2619623242065513 __DUMMY__ 0.034076340383208746	false	1.0
traurig	neg 1.0		off 0.49503299784938715 neg 0.4339984802420699 __DUMMY__ 0.07096852190854287	false	0.5
senkung	neg 1.0		off 0.48700967920871974 neg 0.4420425644597091 __DUMMY__ 0.07094775633157126	false	0.5
ungleich	neg 1.0	neg 1.0	neg 0.7089501593259895 off 0.25669352908218485 __DUMMY__ 0.034356311591825686	false	1.0
heikel	neg 1.0		off 0.4807567264475401 neg 0.44760350854140946 __DUMMY__ 0.07163976501105049	false	0.5
drosselung	neg 1.0		off 0.4926672344959795 neg 0.436220326798844 __DUMMY__ 0.0711124387051767	false	0.5
falsch	neg 1.0		off 0.4909110443334994 neg 0.4378209840495324 __DUMMY__ 0.07126797161696807	false	0.5
unzufriedenheit	neg 1.0		off 0.4806364617119006 neg 0.4476072468238195 __DUMMY__ 0.07175629146427995	false	0.5
kurz	neg 1.0		off 0.4867791049663362 neg 0.4413154202142444 __DUMMY__ 0.07190547481941949	false	0.5
unsinnig	neg 1.0		off 0.48324083070805063 neg 0.44543961469546445 __DUMMY__ 0.07131955459648498	false	0.5
penner	off 1.0	off 1.0	off 0.7365044660376621 neg 0.22965151397252997 __DUMMY__ 0.03384401998980797	false	1.0
seicht	neg 1.0		off 0.49817933554820476 neg 0.43163724772624 __DUMMY__ 0.07018341672555532	false	0.5
dummheit	off 1.0	off 1.0	off 0.7306696586471987 neg 0.23515684899709594 __DUMMY__ 0.03417349235570535	false	1.0
unerfreulich	neg 1.0		off 0.4813119760919406 neg 0.4467514831228992 __DUMMY__ 0.07193654078516021	false	0.5
motherfucker	off 1.0	off 1.0	off 0.7327095746245956 neg 0.23328714216180904 __DUMMY__ 0.03400328321359536	false	1.0
pikiert	neg 1.0		off 0.490519513615721 neg 0.4385728438176948 __DUMMY__ 0.07090764256658424	false	0.5
wrack	neg 1.0		off 0.48384210955960266 neg 0.44420928409520904 __DUMMY__ 0.07194860634518817	false	0.5
gangster	neg 1.0		off 0.48929006944605985 neg 0.439336777769768 __DUMMY__ 0.07137315278417228	false	0.5
krank	neg 1.0		off 0.4945109668496795 neg 0.4342344325719647 __DUMMY__ 0.07125460057835578	false	0.5
reich	neg 1.0		off 0.48833929109984914 neg 0.4408491866469626 __DUMMY__ 0.07081152225318837	false	0.5
gnadenlos	neg 1.0		off 0.48774472579863765 neg 0.4407468845480193 __DUMMY__ 0.07150838965334308	false	0.5
niedergeschlagen	neg 1.0		off 0.4874112285331051 neg 0.44065069112873567 __DUMMY__ 0.07193808033815928	false	0.5
terrorisieren	off 1.0	off 1.0	off 0.72817521419782 neg 0.23730986361388332 __DUMMY__ 0.0345149221882967	false	1.0
sinnlosigkeit	neg 1.0		off 0.4840645486983853 neg 0.4443922336412076 __DUMMY__ 0.07154321766040714	false	0.5
behindern	neg 1.0		off 0.4851381936756277 neg 0.443409081609389 __DUMMY__ 0.07145272471498333	false	0.5
undemokratisch	neg 1.0		off 0.4847410508188355 neg 0.44421475073556854 __DUMMY__ 0.07104419844559597	false	0.5
wirtschaftskrise	neg 1.0		off 0.4820149798961916 neg 0.44648307611016974 __DUMMY__ 0.07150194399363863	false	0.5
neid	neg 1.0		off 0.4932330662904953 neg 0.43524493521603513 __DUMMY__ 0.07152199849346962	false	0.5
rutschen	neg 1.0		off 0.482901825623204 neg 0.4445546237924281 __DUMMY__ 0.07254355058436793	false	0.5
rezession	neg 1.0		off 0.49406994124610454 neg 0.43530237385003007 __DUMMY__ 0.07062768490386544	false	0.5
fehlgeburt	neg 1.0		off 0.4907772549534839 neg 0.4375040840104047 __DUMMY__ 0.07171866103611138	false	0.5
charakterschwach	off 1.0		off 0.4922260475766032 neg 0.4367413440744142 __DUMMY__ 0.07103260834898255	false	1.0
isolation	neg 1.0		off 0.49116594793917767 neg 0.43745608519455875 __DUMMY__ 0.07137796686626366	false	0.5
ablenkung	neg 1.0		off 0.4873172263247301 neg 0.44112202056645683 __DUMMY__ 0.07156075310881309	false	0.5
pech	neg 1.0		off 0.49126025564714826 neg 0.4373629074550506 __DUMMY__ 0.07137683689780125	false	0.5
vermeidung	neg 1.0		off 0.4914703450460467 neg 0.4376786045472124 __DUMMY__ 0.07085105040674086	false	0.5
dominieren	neg 1.0		off 0.4851803267748368 neg 0.4427708391809027 __DUMMY__ 0.07204883404426056	false	0.5
schwindlig	neg 1.0		off 0.4924319109526942 neg 0.43568124663612384 __DUMMY__ 0.07188684241118214	false	0.5
lutscher	neg 1.0		off 0.49929628580315716 neg 0.4304924462978237 __DUMMY__ 0.07021126789901913	false	0.5
pflicht	neg 1.0		off 0.4807545674925277 neg 0.4475625254319534 __DUMMY__ 0.0716829070755188	false	0.5
faschist	off 1.0		off 0.4868484962185606 neg 0.44224756726859793 __DUMMY__ 0.0709039365128416	false	1.0
verschleudern	neg 1.0		off 0.4790282099679652 neg 0.4497994970014637 __DUMMY__ 0.07117229303057107	false	0.5
wenn			off 0.49104478929270523 neg 0.4377132751974416 __DUMMY__ 0.07124193550985325	false	0.0
ehebruch	neg 1.0		off 0.48309373124769256 neg 0.4452545108750374 __DUMMY__ 0.07165175787727006	false	0.5
spott	off 1.0		off 0.48151316398333366 neg 0.44697046566744075 __DUMMY__ 0.07151637034922571	false	1.0
trostlosigkeit	neg 1.0		off 0.48089725893383056 neg 0.4471570809273125 __DUMMY__ 0.07194566013885707	false	0.5
lutschen	neg 1.0		off 0.48833874276781064 neg 0.44043937471524286 __DUMMY__ 0.07122188251694662	false	0.5
undiszipliniert	neg 1.0		off 0.4947268698503794 neg 0.434171613020937 __DUMMY__ 0.07110151712868358	false	0.5
kopfschmerz	neg 1.0		off 0.48746702841590706 neg 0.44058364639608827 __DUMMY__ 0.07194932518800473	false	0.5
unvorhergesehen	neg 1.0		off 0.48586854476633806 neg 0.441915891360053 __DUMMY__ 0.07221556387360901	false	0.5
desinteressiert	neg 1.0		off 0.493215692030971 neg 0.435893556761189 __DUMMY__ 0.07089075120784011	false	0.5
armselig	off 1.0		off 0.4928947735325814 neg 0.43648002410620834 __DUMMY__ 0.07062520236121028	false	1.0
desaster	neg 1.0		off 0.4782393546596113 neg 0.449967571831231 __DUMMY__ 0.07179307350915769	false	0.5
tod	neg 1.0		off 0.4852962513109144 neg 0.44269625824076353 __DUMMY__ 0.07200749044832201	false	0.5
herzlos	neg 1.0		off 0.4945968378007017 neg 0.43461298932093345 __DUMMY__ 0.07079017287836484	false	0.5
unwissenheit	neg 1.0		off 0.48229353095016725 neg 0.446401684997131 __DUMMY__ 0.07130478405270183	false	0.5
widersinnig	neg 1.0	neg 1.0	neg 0.7091777886689564 off 0.2567287149022375 __DUMMY__ 0.034093496428806117	false	1.0
bedenklich	neg 1.0		off 0.48216985080305047 neg 0.44627552950455707 __DUMMY__ 0.07155461969239252	false	0.5
beanstanden	neg 1.0		off 0.48024975813396564 neg 0.4480127091179536 __DUMMY__ 0.07173753274808062	false	0.5
panisch	neg 1.0	neg 1.0	neg 0.7023461004462515 off 0.2630669026188842 __DUMMY__ 0.03458699693486439	false	1.0
debil	off 1.0		off 0.47671772985089816 neg 0.4510548866932734 __DUMMY__ 0.07222738345582838	false	1.0
abstrich	neg 1.0		off 0.4825935084259895 neg 0.44593893745524504 __DUMMY__ 0.07146755411876536	false	0.5
primitiv	neg 1.0		off 0.49234036554784855 neg 0.43678313973731697 __DUMMY__ 0.0708764947148344	false	0.5
abschaum	off 1.0	off 1.0	off 0.7318587611383459 neg 0.23402616216892858 __DUMMY__ 0.034115076692725406	false	1.0
provozieren	neg 1.0		off 0.4867230950303426 neg 0.441903284812529 __DUMMY__ 0.07137362015712839	false	0.5
tot	neg 1.0		off 0.481268988055235 neg 0.44727105983635845 __DUMMY__ 0.07145995210840644	false	0.5
instabil	neg 1.0		off 0.48987819927471105 neg 0.4396252978835732 __DUMMY__ 0.07049650284171582	false	0.5
schwuchtel	off 1.0		off 0.5036719472525335 neg 0.42639118426956024 __DUMMY__ 0.06993686847790609	false	1.0
zerren	neg 1.0		off 0.4874273898860836 neg 0.44063929332715707 __DUMMY__ 0.0719333167867593	false	0.5
kinderficker	off 1.0		off 0.4942844266076394 neg 0.4354015674999636 __DUMMY__ 0.070314005892397	false	1.0
gefahr	neg 1.0		off 0.4818670774059072 neg 0.44620010390109116 __DUMMY__ 0.07193281869300172	false	0.5
rabiat	neg 1.0		off 0.4861605628507142 neg 0.44241891762629815 __DUMMY__ 0.0714205195229876	false	0.5
verlangsamung	neg 1.0		off 0.498303964876643 neg 0.4311144227719629 __DUMMY__ 0.07058161235139405	false	0.5
ausgestorben	neg 1.0		off 0.4872206835591521 neg 0.4410342414982228 __DUMMY__ 0.0717450749426252	false	0.5
anklagen	neg 1.0		off 0.4843016167408652 neg 0.4441700565530958 __DUMMY__ 0.07152832670603886	false	0.5
trott	neg 1.0		off 0.4864565860150429 neg 0.441906940831825 __DUMMY__ 0.071636473153132	false	0.5
verminderung	neg 1.0		off 0.4920075121891888 neg 0.4372265051053311 __DUMMY__ 0.07076598270548	false	0.5
nach			off 0.4824218613661629 neg 0.4447348141778134 __DUMMY__ 0.07284332445602357	false	0.0
rost	neg 1.0		off 0.4975793020278033 neg 0.4316869151533897 __DUMMY__ 0.07073378281880709	false	0.5
destruktiv	neg 1.0		off 0.4838750415292695 neg 0.4449715681082224 __DUMMY__ 0.07115339036250806	false	0.5
unzumutbarkeit	neg 1.0		off 0.49148976018559926 neg 0.4372645659483582 __DUMMY__ 0.07124567386604254	false	0.5
labil	off 1.0	off 1.0	off 0.731823759216778 neg 0.23405182359052798 __DUMMY__ 0.03412441719269408	false	1.0
ziemlich	neg 1.0		off 0.49308620754906923 neg 0.43570420130504994 __DUMMY__ 0.07120959114588064	false	0.5
lachnummer	off 1.0		off 0.48500204773386263 neg 0.4436901093878409 __DUMMY__ 0.0713078428782965	false	1.0
oder			off 0.48788834132031494 neg 0.4404563764742753 __DUMMY__ 0.07165528220540979	false	0.0
verfall	neg 1.0		off 0.47689615566507876 neg 0.4510302282083985 __DUMMY__ 0.07207361612652277	false	0.5
ausgrenzung	neg 1.0		off 0.4861438569185586 neg 0.44274860884368744 __DUMMY__ 0.0711075342377539	false	0.5
unordnung	neg 1.0		off 0.4922164389639303 neg 0.4366013534477477 __DUMMY__ 0.07118220758832203	false	0.5
fehlverhalten	neg 1.0		off 0.48108354661635344 neg 0.4472506371166127 __DUMMY__ 0.07166581626703387	false	0.5
eine			off 0.4815629356639255 neg 0.4465557333536909 __DUMMY__ 0.07188133098238364	false	0.0
nille	neg 1.0		off 0.48519039795863333 neg 0.44325111330948275 __DUMMY__ 0.07155848873188386	false	0.5
qual	neg 1.0		off 0.4861478147339245 neg 0.442223660580563 __DUMMY__ 0.0716285246855126	false	0.5
verschwenden	neg 1.0		off 0.48319188643303146 neg 0.4452001610885073 __DUMMY__ 0.07160795247846127	false	0.5
riesig	neg 1.0	neg 1.0	neg 0.7061371763682166 off 0.2591850859028355 __DUMMY__ 0.034677737728947874	false	1.0
verurteilen	neg 1.0		off 0.48377295540910265 neg 0.4446771233121998 __DUMMY__ 0.07154992127869764	false	0.5
klischee	neg 1.0	neg 1.0	neg 0.7050612017191934 off 0.26084697003624874 __DUMMY__ 0.03409182824455791	false	1.0
diktatorisch	neg 1.0		off 0.48482758152143474 neg 0.44424049016586126 __DUMMY__ 0.07093192831270394	false	0.5
vorhersehbar	neg 1.0	neg 1.0	neg 0.704942363552638 off 0.26087564436893995 __DUMMY__ 0.03418199207842212	false	1.0
sowie			off 0.49602179181561334 neg 0.43337439708372966 __DUMMY__ 0.07060381110065704	false	0.0
stornieren	neg 1.0		off 0.4900349122465022 neg 0.4380434014036546 __DUMMY__ 0.07192168634984306	false	0.5
besteuerung	neg 1.0		off 0.48451378060267214 neg 0.4444730191014343 __DUMMY__ 0.07101320029589357	false	0.5
ungeschminkt	neg 1.0		off 0.49199420322845855 neg 0.43704995645110745 __DUMMY__ 0.07095584032043402	false	0.5
kritisch	neg 1.0		off 0.4816866904657303 neg 0.44678600928697576 __DUMMY__ 0.07152730024729391	false	0.5
schlamperei	off 1.0		off 0.48024375530062 neg 0.4482354914960652 __DUMMY__ 0.0715207532033148	false	1.0
sucht	neg 1.0	neg 1.0	neg 0.705029295552183 off 0.26047176292970636 __DUMMY__ 0.03449894151811062	false	1.0
egoistisch	off 1.0		off 0.49740982155153995 neg 0.43188251079102524 __DUMMY__ 0.07070766765743484	false	1.0
ausbeuter	off 1.0		off 0.47997930790710086 neg 0.44851320053955895 __DUMMY__ 0.0715074915533401	false	1.0
arschgeburt	off 1.0		off 0.5032803889873306 neg 0.4268707865380794 __DUMMY__ 0.06984882447459005	false	1.0
schubs	neg 1.0	neg 1.0	neg 0.705356073864319 off 0.2599797100127121 __DUMMY__ 0.0346642161229689	false	1.0
unsolide	neg 1.0		off 0.4831786066585163 neg 0.44629412522102646 __DUMMY__ 0.07052726812045726	false	0.5
beschwerde	neg 1.0		off 0.4807856314927149 neg 0.44765539501229656 __DUMMY__ 0.07155897349498842	false	0.5
stocken	neg 1.0		off 0.4829947639145728 neg 0.4452130775167626 __DUMMY__ 0.07179215856866449	false	0.5
isolieren	neg 1.0		off 0.4837020546502032 neg 0.4446535938362086 __DUMMY__ 0.07164435151358829	false	0.5
unheilbar	neg 1.0		off 0.48917938175938785 neg 0.4389981310370467 __DUMMY__ 0.07182248720356531	false	0.5
pisser	off 1.0		off 0.49397256246453247 neg 0.43495074181164034 __DUMMY__ 0.07107669572382708	false	1.0
löschen	neg 1.0		off 0.4866810633615158 neg 0.44175134834913404 __DUMMY__ 0.07156758828935011	false	0.5
durchfallen	neg 1.0		off 0.48267997032360593 neg 0.44593781131987065 __DUMMY__ 0.07138221835652335	false	0.5
wichser	off 1.0		off 0.5019180561743672 neg 0.42770283205550674 __DUMMY__ 0.07037911177012598	false	1.0
terror	neg 1.0		off 0.49037311452909377 neg 0.4381027154259546 __DUMMY__ 0.07152417004495157	false	0.5
krass	neg 1.0		off 0.495201851220329 neg 0.4340337197788123 __DUMMY__ 0.07076442900085864	false	0.5
revolte	neg 1.0		off 0.4869099234823128 neg 0.44199619286391484 __DUMMY__ 0.07109388365377223	false	0.5
besorgt	neg 1.0		off 0.48690272378127536 neg 0.4410642624468392 __DUMMY__ 0.07203301377188548	false	0.5
nachlassen	neg 1.0		off 0.48293602287148313 neg 0.4452192138567916 __DUMMY__ 0.07184476327172547	false	0.5
alt	neg 1.0		off 0.48413605221002415 neg 0.4440768486308987 __DUMMY__ 0.07178709915907726	false	0.5
hundesohn	off 1.0		off 0.4986388391797968 neg 0.4311410958899122 __DUMMY__ 0.07022006493029108	false	1.0
als			off 0.4859001234371159 neg 0.44227840841477073 __DUMMY__ 0.0718214681481134	false	0.0
abschreckung	neg 1.0		off 0.4805462765240139 neg 0.4475541207366812 __DUMMY__ 0.07189960273930485	false	0.5
unqualifiziert	neg 1.0		off 0.4865593185165368 neg 0.442693903122529 __DUMMY__ 0.07074677836093426	false	0.5
abgewichst	off 1.0		off 0.48485724110988937 neg 0.4435037418608865 __DUMMY__ 0.07163901702922412	false	1.0
schwer	neg 1.0		off 0.4871862182681482 neg 0.4411823361924858 __DUMMY__ 0.07163144553936597	false	0.5
bedeutungslosigkeit	neg 1.0		off 0.48090199862944755 neg 0.4473434710840214 __DUMMY__ 0.07175453028653095	false	0.5
kapitulation	neg 1.0		off 0.4807975387305141 neg 0.4477905944603036 __DUMMY__ 0.07141186680918228	false	0.5
unscharf	neg 1.0		off 0.48864699523192656 neg 0.4400867416005407 __DUMMY__ 0.0712662631675328	false	0.5
schwinden	neg 1.0		off 0.4814511502206114 neg 0.4466906577408894 __DUMMY__ 0.07185819203849929	false	0.5
versklavung	neg 1.0		off 0.4850001374429718 neg 0.44396526899502287 __DUMMY__ 0.0710345935620052	false	0.5
schlecht	neg 1.0		off 0.49341267598168304 neg 0.4353402077596541 __DUMMY__ 0.07124711625866285	false	0.5
verhasst	neg 1.0		off 0.487197285289702 neg 0.4414362394258195 __DUMMY__ 0.07136647528447854	false	0.5
beschweren	neg 1.0		off 0.48855364081582486 neg 0.4400427907580443 __DUMMY__ 0.07140356842613076	false	0.5
scheiden	neg 1.0		off 0.48929949330311723 neg 0.43881473327328446 __DUMMY__ 0.07188577342359842	false	0.5
frustriert	neg 1.0		off 0.4858164985294238 neg 0.44253569337871257 __DUMMY__ 0.0716478080918635	false	0.5
schimmelig	neg 1.0		off 0.48402420794875145 neg 0.4440644525556733 __DUMMY__ 0.07191133949557517	false	0.5
fisch	neg 1.0		off 0.48349133075002926 neg 0.444377597553248 __DUMMY__ 0.07213107169672262	false	0.5
schmuggel	neg 1.0		off 0.48405181482900944 neg 0.4436756333546889 __DUMMY__ 0.07227255181630166	false	0.5
auffallen	neg 1.0		off 0.4893195946593433 neg 0.43930639590720816 __DUMMY__ 0.07137400943344857	false	0.5
konkurrenz	neg 1.0	neg 1.0	neg 0.7089448154689929 off 0.256452147000057 __DUMMY__ 0.0346030375309501	false	1.0
teufelskreis	neg 1.0		off 0.48623235168530404 neg 0.4421720965067233 __DUMMY__ 0.07159555180797274	false	0.5
aufschreien	neg 1.0		off 0.48839104792501953 neg 0.44036561853451817 __DUMMY__ 0.0712433335404622	false	0.5
schuldner	neg 1.0		off 0.4813141385230824 neg 0.44689638957753147 __DUMMY__ 0.07178947189938602	false	0.5
missgeburt	off 1.0	off 1.0	off 0.7349525094902691 neg 0.23115283452471955 __DUMMY__ 0.0338946559850113	false	1.0
arbeitslos	neg 1.0		off 0.48316821244628494 neg 0.44542032155400385 __DUMMY__ 0.07141146599971117	false	0.5
befallen	neg 1.0		off 0.48512930652982966 neg 0.4432458206455126 __DUMMY__ 0.07162487282465788	false	0.5
miesepetrig	off 1.0	off 1.0	off 0.7334560061939799 neg 0.23230842414460784 __DUMMY__ 0.03423556966141236	false	1.0
alarmieren	neg 1.0		off 0.4898396784053271 neg 0.43912432097718573 __DUMMY__ 0.07103600061748715	false	0.5
ungeduscht	off 1.0		off 0.4912725640631692 neg 0.437314568068943 __DUMMY__ 0.07141286786788782	false	1.0
knappheit	neg 1.0		off 0.48097425610665145 neg 0.44761470451572943 __DUMMY__ 0.07141103937761917	false	0.5
schlange	neg 1.0		off 0.4905749557997742 neg 0.43766591358778895 __DUMMY__ 0.0717591306124368	false	0.5
harsch	neg 1.0		off 0.49739482189429546 neg 0.4315748985841455 __DUMMY__ 0.07103027952155912	false	0.5
lang	neg 1.0		off 0.48739727718214215 neg 0.4410143956923767 __DUMMY__ 0.07158832712548124	false	0.5
ziellos	neg 1.0		off 0.4860174831450132 neg 0.4420036427344517 __DUMMY__ 0.07197887412053511	false	0.5
selbstverliebt	neg 1.0		off 0.5009597365364802 neg 0.4290230370415264 __DUMMY__ 0.07001722642199344	false	0.5
beseitigen	neg 1.0		off 0.4854285267794306 neg 0.4430246296766234 __DUMMY__ 0.07154684354394598	false	0.5
dumm	off 1.0		off 0.49746265575296245 neg 0.4320457384439349 __DUMMY__ 0.07049160580310254	false	1.0
arbeitsloser	neg 1.0		off 0.48373529260919046 neg 0.44455318740429495 __DUMMY__ 0.07171151998651468	false	0.5
blitzen	neg 1.0		off 0.489859711048935 neg 0.4387953697750632 __DUMMY__ 0.07134491917600187	false	0.5
hilflos	neg 1.0		off 0.4858432656093916 neg 0.4424072375819073 __DUMMY__ 0.07174949680870109	false	0.5
eklig	off 1.0		off 0.4991165630311931 neg 0.43027446608005165 __DUMMY__ 0.0706089708887553	false	1.0
begriff			off 0.4842433149200276 neg 0.4443589491826472 __DUMMY__ 0.0713977358973253	false	0.0
hungersnot	neg 1.0		off 0.48559344024074075 neg 0.4426468566645712 __DUMMY__ 0.07175970309468789	false	0.5
ungesetzlich	neg 1.0		off 0.4842150737544498 neg 0.4451096390541035 __DUMMY__ 0.07067528719144661	false	0.5
verschwendung	neg 1.0		off 0.4823696908126248 neg 0.4458675343013778 __DUMMY__ 0.07176277488599733	false	0.5
schmerzvoll	neg 1.0		off 0.48897935277722515 neg 0.4395396196671206 __DUMMY__ 0.07148102755565437	false	0.5
vorzeitig	neg 1.0		off 0.4912757350751668 neg 0.4371490048013661 __DUMMY__ 0.07157526012346699	false	0.5
unvollkommenheit	neg 1.0		off 0.48786177702816474 neg 0.43987535652994214 __DUMMY__ 0.07226286644189317	false	0.5
intervenieren	neg 1.0		off 0.4800942364365975 neg 0.4484445438873729 __DUMMY__ 0.07146121967602972	false	0.5
banause	off 1.0		off 0.4995650961849188 neg 0.4302146067257365 __DUMMY__ 0.07022029708934471	false	1.0
rebell	neg 1.0		off 0.47912607591543793 neg 0.44891277531691587 __DUMMY__ 0.07196114876764616	false	0.5
unlogisch	neg 1.0		off 0.4943629191582541 neg 0.4348166765314542 __DUMMY__ 0.0708204043102917	false	0.5
leiden	neg 1.0		off 0.4855389526835999 neg 0.4420682273107781 __DUMMY__ 0.072392820005622	false	0.5
abschaffung	neg 1.0		off 0.48443558283497484 neg 0.44450893202050556 __DUMMY__ 0.07105548514451947	false	0.5
sturz	neg 1.0		off 0.48785929868786526 neg 0.4404001591314181 __DUMMY__ 0.07174054218071674	false	0.5
verkleinerung	neg 1.0		off 0.48664184238465164 neg 0.4425252017801511 __DUMMY__ 0.07083295583519737	false	0.5
schmarotzer	off 1.0		off 0.4824844866976659 neg 0.44618946465702036 __DUMMY__ 0.0713260486453138	false	1.0
bestrafung	neg 1.0		off 0.48774570849534316 neg 0.4408665854320398 __DUMMY__ 0.0713877060726171	false	0.5
achtlos	neg 1.0		off 0.48792875264643826 neg 0.4403045477519213 __DUMMY__ 0.07176669960164046	false	0.5
ungeheuer	neg 1.0		off 0.4900002764318035 neg 0.4386411712092917 __DUMMY__ 0.0713585523589048	false	0.5
unaufrichtig	neg 1.0		off 0.4876020067303154 neg 0.44123095002375873 __DUMMY__ 0.0711670432459259	false	0.5
groggy	neg 1.0		off 0.48867745325724793 neg 0.44006109032741786 __DUMMY__ 0.0712614564153343	false	0.5
verletzlich	neg 1.0		off 0.49382325707084246 neg 0.4351421602077856 __DUMMY__ 0.07103458272137196	false	0.5
