unsolidarisch	neg 1.0		__DUMMY__ 0.9313741927695756 neg 0.03482333696642227 off 0.03380247026400223	false	1.0
nachteilig	neg 1.0		__DUMMY__ 0.9374881496128116 neg 0.03203575981997484 off 0.030476090567213548	false	1.0
skeptisch	neg 1.0		__DUMMY__ 0.9377626190559546 neg 0.032224001058152096 off 0.03001337988589319	false	1.0
schrecklich	neg 1.0		__DUMMY__ 0.9318335718850005 off 0.04043945440928319 neg 0.027726973705716317	false	0.5
schlapp	neg 1.0		__DUMMY__ 0.9355124184843007 off 0.03675206051707153 neg 0.02773552099862781	false	0.5
abfall	neg 1.0		__DUMMY__ 0.9402050415138752 neg 0.03179197006927028 off 0.028002988416854478	false	1.0
widerspenstig	neg 1.0		__DUMMY__ 0.9372416650104011 off 0.03317726826683633 neg 0.029581066722762648	false	0.5
abrupt	neg 1.0		__DUMMY__ 0.9404121271740955 off 0.02988192387614963 neg 0.029705948949754885	false	0.5
unwirksam	neg 1.0		__DUMMY__ 0.9326941844227609 neg 0.033993764913776855 off 0.03331205066346223	false	1.0
angreifen	neg 1.0	neg 1.0	neg 0.498984684957722 __DUMMY__ 0.4734190367257922 off 0.02759627831648573	false	1.0
inkonsistent	neg 1.0		__DUMMY__ 0.9360721636261188 off 0.033732438974948785 neg 0.030195397398932438	false	0.5
abrutschen	neg 1.0		__DUMMY__ 0.9399255421682836 neg 0.03180277701687268 off 0.02827168081484374	false	1.0
unsicher	neg 1.0		__DUMMY__ 0.9373728531913564 off 0.03361102313083565 neg 0.029016123677807922	false	0.5
bauernkind	off 1.0	off 1.0	off 0.506384743335094 __DUMMY__ 0.46603039580156186 neg 0.027584860863344243	false	1.0
angreifer	neg 1.0		__DUMMY__ 0.9376381929317792 off 0.03449686667738183 neg 0.027864940390839046	false	0.5
trennen	neg 1.0		__DUMMY__ 0.9412421439047003 off 0.030348095336844516 neg 0.02840976075845516	false	0.5
schmutz	neg 1.0		__DUMMY__ 0.9425501978904018 off 0.034257022947770374 neg 0.023192779161827742	false	0.5
inkonsistenz	neg 1.0		__DUMMY__ 0.9314068379320091 off 0.03671742922650473 neg 0.03187573284148625	false	0.5
erschreckend	neg 1.0		__DUMMY__ 0.9358549607102363 off 0.03290493934183882 neg 0.031240099947924795	false	0.5
ertrinken	neg 1.0		__DUMMY__ 0.9402989540279004 off 0.03097921201507035 neg 0.02872183395702916	false	0.5
pickelface	off 1.0		__DUMMY__ 0.936714224498006 off 0.03196136397090168 neg 0.03132441153109225	false	1.0
seiner			__DUMMY__ 0.9394671406269766 neg 0.030278527771286617 off 0.030254331601736816	false	0.0
lauch	neg 1.0		__DUMMY__ 0.9380806247780291 neg 0.03385582874910524 off 0.028063546472865734	false	1.0
unwichtig	neg 1.0		__DUMMY__ 0.9335394073283632 off 0.037070435674560906 neg 0.029390156997075905	false	0.5
steuerhinterziehung	neg 1.0		__DUMMY__ 0.9350254509979383 neg 0.03252132333160637 off 0.03245322567045538	false	1.0
schock	neg 1.0		__DUMMY__ 0.9397811816824906 off 0.03277314951760593 neg 0.02744566879990354	false	0.5
beule	neg 1.0		__DUMMY__ 0.9360743487357182 off 0.036855096098883114 neg 0.027070555165398635	false	0.5
vergelten	neg 1.0		__DUMMY__ 0.9358620059398061 off 0.03956712148633681 neg 0.02457087257385713	false	0.5
verdorbenheit	neg 1.0		__DUMMY__ 0.9372676937683078 off 0.032606031860858496 neg 0.030126274370833688	false	0.5
trauma	neg 1.0		__DUMMY__ 0.9359158092819826 off 0.03421036331544314 neg 0.029873827402574236	false	0.5
sinnlos	neg 1.0		__DUMMY__ 0.9362704502259525 off 0.03524617983843203 neg 0.02848336993561555	false	0.5
fettsack	off 1.0	off 1.0	off 0.5076603413298852 __DUMMY__ 0.46739855835105903 neg 0.024941100319055783	false	1.0
feige	off 1.0	off 1.0	off 0.504353725991853 __DUMMY__ 0.4683430165399608 neg 0.02730325746818615	false	1.0
abdanken	neg 1.0		__DUMMY__ 0.9353484910022577 off 0.03326987987616468 neg 0.031381629121577596	false	0.5
wichtigtuer	off 1.0	off 1.0	off 0.5023183290653633 __DUMMY__ 0.46986915125311607 neg 0.02781251968152056	false	1.0
misslingen	neg 1.0		__DUMMY__ 0.9406890206140575 off 0.03378541110733695 neg 0.02552556827860554	false	0.5
untreu	off 1.0		__DUMMY__ 0.933095310067452 off 0.03794184848034207 neg 0.02896284145220583	false	1.0
missmutig	neg 1.0		__DUMMY__ 0.9347264731963051 off 0.0369519708139841 neg 0.028321555989710725	false	0.5
hurenbock	off 1.0		__DUMMY__ 0.9370733875721065 off 0.034118566365524725 neg 0.02880804606236883	false	1.0
betrunken	neg 1.0		__DUMMY__ 0.9355197441599042 off 0.0386454566212731 neg 0.025834799218822698	false	0.5
korrupt	off 1.0		__DUMMY__ 0.9333402293775643 neg 0.03453698437083568 off 0.032122786251599984	false	0.5
unmut	neg 1.0		__DUMMY__ 0.9392155855294573 neg 0.03253215771095113 off 0.028252256759591577	false	1.0
hackfresse	off 1.0		__DUMMY__ 0.9291723620020023 off 0.042954070544349375 neg 0.027873567453648364	false	1.0
aufblasen	neg 1.0		__DUMMY__ 0.9378725244211278 off 0.034282911292806556 neg 0.02784456428606561	false	0.5
gewaltsam	neg 1.0		__DUMMY__ 0.9373596277812819 off 0.032862193641989106 neg 0.02977817857672894	false	0.5
unbeliebtheit	neg 1.0		__DUMMY__ 0.9278148558372942 off 0.0369642374200261 neg 0.03522090674267978	false	0.5
sturheit	neg 1.0		__DUMMY__ 0.9356990310227699 off 0.03303492537039666 neg 0.03126604360683356	false	0.5
kuh	neg 1.0		__DUMMY__ 0.9347558873620186 off 0.03334119715806294 neg 0.03190291547991849	false	0.5
erschrecken	neg 1.0		__DUMMY__ 0.9353132988147574 off 0.03646117022265253 neg 0.02822553096259004	false	0.5
opfer	neg 1.0		__DUMMY__ 0.9391831829037546 off 0.03117439053700336 neg 0.02964242655924203	false	0.5
sinken	neg 1.0		__DUMMY__ 0.9391818756859631 neg 0.03235942268129901 off 0.028458701632737907	false	1.0
stinktier	neg 1.0		__DUMMY__ 0.930786604672509 off 0.04078240203922614 neg 0.02843099328826492	false	0.5
tucke	off 1.0		__DUMMY__ 0.9260466773673239 off 0.04321762248250863 neg 0.030735700150167442	false	1.0
ein			__DUMMY__ 0.9372331875323716 off 0.03372505457090117 neg 0.029041757896727218	false	0.0
abstieg	neg 1.0		__DUMMY__ 0.9414899343251588 off 0.030450007924431848 neg 0.02806005775040933	false	0.5
missverstehen	neg 1.0		__DUMMY__ 0.9339118352405704 off 0.035539611676658985 neg 0.03054855308277057	false	0.5
ergebnislos	neg 1.0		__DUMMY__ 0.9380155776421959 neg 0.03152881433153078 off 0.030455608026273315	false	1.0
unter			__DUMMY__ 0.9452123373143596 neg 0.030096242810203885 off 0.02469141987543652	false	0.0
manipulieren	neg 1.0		__DUMMY__ 0.9383313407650138 neg 0.03152573103919722 off 0.03014292819578898	false	1.0
unbewiesen	neg 1.0		__DUMMY__ 0.9311468106782268 neg 0.03477801723804694 off 0.03407517208372624	false	1.0
verschleppen	neg 1.0		__DUMMY__ 0.9379064435465196 off 0.0317075509591622 neg 0.030386005494318188	false	0.5
weib	off 1.0		__DUMMY__ 0.929512211597719 off 0.04293919367029391 neg 0.027548594731987074	false	1.0
opposition	neg 1.0		__DUMMY__ 0.9345387108486464 off 0.03458031289308968 neg 0.030880976258263925	false	0.5
verkehrswidrig	neg 1.0	neg 1.0	neg 0.49043556877794037 __DUMMY__ 0.4739656910339403 off 0.03559874018811933	false	1.0
inkorrekt	neg 1.0		__DUMMY__ 0.9299378809682531 off 0.03906789851716941 neg 0.030994220514577377	false	0.5
vermeiden	neg 1.0		__DUMMY__ 0.942492332663064 neg 0.031192617227789335 off 0.02631505010914666	false	1.0
abweichung	neg 1.0		__DUMMY__ 0.9367870769579616 neg 0.032532969932766144 off 0.030679953109272254	false	1.0
alkoholisiert	neg 1.0		__DUMMY__ 0.944182471424178 off 0.029187485812897138 neg 0.026630042762924924	false	0.5
scheiss	off 1.0	off 1.0	off 0.5036993743168151 __DUMMY__ 0.47090531117444745 neg 0.02539531450873749	false	1.0
herausforderung	neg 1.0	neg 1.0	neg 0.4939129356783767 __DUMMY__ 0.4789229836741547 off 0.027164080647468676	false	1.0
pervers	off 1.0		__DUMMY__ 0.9283316757139252 off 0.0452723796742096 neg 0.02639594461186533	false	1.0
wackelig	neg 1.0		__DUMMY__ 0.9408839191187001 off 0.03129291552523844 neg 0.02782316535606144	false	0.5
verwickeln	neg 1.0		__DUMMY__ 0.933869813564675 off 0.03551243164306273 neg 0.030617754792262288	false	0.5
vorwand	neg 1.0		__DUMMY__ 0.9388647002911285 neg 0.031623561616453334 off 0.029511738092418242	false	1.0
muschi	off 1.0		__DUMMY__ 0.9364099806059021 off 0.03237119595277184 neg 0.03121882344132606	false	1.0
entmutigung	neg 1.0		__DUMMY__ 0.9339017589285808 off 0.03490134578126039 neg 0.031196895290158698	false	0.5
unangemessen	neg 1.0		__DUMMY__ 0.935549337316168 off 0.03235958256766395 neg 0.03209108011616803	false	0.5
unstetig	neg 1.0		__DUMMY__ 0.9374860698371847 off 0.033745765945451145 neg 0.02876816421736413	false	0.5
entmutigen	neg 1.0		__DUMMY__ 0.9353538135750616 off 0.034516186239004924 neg 0.030130000185933474	false	0.5
schwanz	neg 1.0		__DUMMY__ 0.9387226334964299 neg 0.03145566239047681 off 0.029821704113093348	false	1.0
verbot	neg 1.0		__DUMMY__ 0.935329207228285 neg 0.03280353383257838 off 0.031867258939136535	false	1.0
leid	neg 1.0		__DUMMY__ 0.9321901548007068 off 0.04115393868879171 neg 0.026655906510501558	false	0.5
archaisch	neg 1.0		__DUMMY__ 0.9371668121951983 off 0.03203662133473374 neg 0.030796566470068024	false	0.5
gegen			__DUMMY__ 0.9404342878360461 neg 0.030399471417895035 off 0.02916624074605891	false	0.0
scheidung	neg 1.0		__DUMMY__ 0.9273457153667162 off 0.04812594599680164 neg 0.024528338636482155	false	0.5
einschlag	neg 1.0	neg 1.0	neg 0.49482077665889707 __DUMMY__ 0.4694307624604402 off 0.035748460880662775	false	1.0
m			__DUMMY__ 0.9384343018634764 off 0.03168442875864415 neg 0.02988126937787943	false	0.0
abgestanden	neg 1.0		__DUMMY__ 0.9386829005136477 off 0.03318433422437134 neg 0.028132765261981035	false	0.5
schmierig	off 1.0		__DUMMY__ 0.9325585033851781 off 0.040825140556234873 neg 0.026616356058587035	false	1.0
unpraktisch	neg 1.0		__DUMMY__ 0.9383243776237019 off 0.03380195510394131 neg 0.027873667272356857	false	0.5
wixxer	off 1.0		__DUMMY__ 0.9272718930550599 off 0.04511406520778952 neg 0.027614041737150624	false	1.0
bezeichnet			__DUMMY__ 0.9356642030187906 off 0.03332890004477772 neg 0.03100689693643167	false	0.0
jammerlappen	off 1.0		__DUMMY__ 0.933829107412421 off 0.037179048603909776 neg 0.028991843983669274	false	1.0
farce	neg 1.0		__DUMMY__ 0.9341624131461344 neg 0.03344061667609705 off 0.03239697017776858	false	1.0
zwecklos	neg 1.0		__DUMMY__ 0.9362752153738633 off 0.0322834548271112 neg 0.031441329799025475	false	0.5
turbulent	neg 1.0		__DUMMY__ 0.9325718036483982 off 0.03733932436135968 neg 0.030088871990242166	false	0.5
invasion	neg 1.0		__DUMMY__ 0.9358658170100017 off 0.035237816539939654 neg 0.02889636645005868	false	0.5
schuld	neg 1.0		__DUMMY__ 0.9358172518188139 off 0.03429656232058884 neg 0.02988618586059723	false	0.5
risiko	neg 1.0		__DUMMY__ 0.9375138276600282 off 0.03361744020360434 neg 0.02886873213636738	false	0.5
finster	neg 1.0		__DUMMY__ 0.9374707531346166 off 0.03355262750226204 neg 0.028976619363121396	false	0.5
geisteskrank	off 1.0		__DUMMY__ 0.9319624275855709 off 0.038530780764337524 neg 0.02950679165009151	false	1.0
zusammenbrechen	neg 1.0		__DUMMY__ 0.9381726764161419 off 0.03253711857633779 neg 0.02929020500752037	false	0.5
ausbeute	neg 1.0		__DUMMY__ 0.9404070950286567 neg 0.030085526196590984 off 0.02950737877475226	false	1.0
hinterhalt	neg 1.0		__DUMMY__ 0.9378505359995062 off 0.03178359956505981 neg 0.030365864435433966	false	0.5
kritik	neg 1.0		__DUMMY__ 0.9348111983632897 neg 0.03288990126137881 off 0.03229890037533141	false	1.0
einschrumpfen	neg 1.0		__DUMMY__ 0.9317590752775408 off 0.03574129587090476 neg 0.032499628851554566	false	0.5
riskant	neg 1.0		__DUMMY__ 0.9375078574442813 neg 0.031456905120742944 off 0.031035237434975767	false	1.0
frustrieren	neg 1.0		__DUMMY__ 0.9376539205965885 neg 0.03124005965936032 off 0.03110601974405118	false	1.0
groll	neg 1.0		__DUMMY__ 0.9374651313214052 off 0.03206410088219836 neg 0.030470767796396417	false	0.5
gibt			__DUMMY__ 0.9365185523361542 off 0.03237517671489499 neg 0.031106270948950878	false	0.0
qualvoll	neg 1.0		__DUMMY__ 0.9368307101427307 off 0.0358133451362345 neg 0.027355944721034895	false	0.5
wackeln	neg 1.0	neg 1.0	neg 0.4944216493429078 __DUMMY__ 0.4747930385428841 off 0.030785312114208048	false	1.0
klagen	neg 1.0		__DUMMY__ 0.938763686140359 neg 0.03266110387465278 off 0.028575209984988227	false	1.0
bankrott	neg 1.0		__DUMMY__ 0.9351724801846505 off 0.03611994083199524 neg 0.028707578983354267	false	0.5
trauern	neg 1.0		__DUMMY__ 0.9399514254040421 off 0.030931408953408974 neg 0.02911716564254887	false	0.5
ablehnung	neg 1.0		__DUMMY__ 0.9347616124404551 neg 0.03285401390748152 off 0.03238437365206339	false	1.0
stur	neg 1.0		__DUMMY__ 0.9351154458012252 off 0.03472871783811642 neg 0.03015583636065835	false	0.5
aufruhr	neg 1.0		__DUMMY__ 0.9378600625030727 off 0.03288731539360188 neg 0.029252622103325417	false	0.5
melancholie	neg 1.0		__DUMMY__ 0.9394961704525981 off 0.031242835804472693 neg 0.029260993742929082	false	0.5
ist			__DUMMY__ 0.9354331786954114 off 0.034817945969742296 neg 0.029748875334846284	false	0.0
torheit	neg 1.0		__DUMMY__ 0.9345901229504914 off 0.03433137078292188 neg 0.03107850626658682	false	0.5
dreckskind	off 1.0		__DUMMY__ 0.9300862826555546 off 0.041865917552158224 neg 0.028047799792287158	false	1.0
umtauschen	neg 1.0		__DUMMY__ 0.9375712063998094 off 0.03261265154042003 neg 0.02981614205977062	false	0.5
zum			__DUMMY__ 0.9449274177963521 neg 0.028788251209133794 off 0.02628433099451405	false	0.0
zersetzen	neg 1.0		__DUMMY__ 0.9373380277393975 neg 0.03262545404907462 off 0.030036518211527932	false	1.0
zur			__DUMMY__ 0.942243655521912 neg 0.031620561239605605 off 0.02613578323848232	false	0.0
frust	neg 1.0		__DUMMY__ 0.937823651792021 off 0.03248876404417742 neg 0.029687584163801607	false	0.5
unerbittlichkeit	neg 1.0		__DUMMY__ 0.9374565614044322 neg 0.03242915085038302 off 0.030114287745184733	false	1.0
zwei			__DUMMY__ 0.9430225207916231 neg 0.02907699209380561 off 0.02790048711457132	false	0.0
unkorrekt	neg 1.0		__DUMMY__ 0.9292030547282387 off 0.039346614555904165 neg 0.031450330715857094	false	0.5
hexe	off 1.0		__DUMMY__ 0.9327671823229017 off 0.03726136209558102 neg 0.02997145558151734	false	1.0
lasch	neg 1.0		__DUMMY__ 0.9321088389396536 off 0.036423120973211855 neg 0.0314680400871346	false	0.5
rivale	neg 1.0		__DUMMY__ 0.93460190268975 off 0.03893797371304021 neg 0.026460123597209877	false	0.5
mutlos	off 1.0	off 1.0	off 0.4983488361930802 __DUMMY__ 0.47148140702047314 neg 0.03016975678644669	false	1.0
wirr	off 1.0		__DUMMY__ 0.9297966009733177 off 0.039430548396260125 neg 0.030772850630422132	false	1.0
jahr			__DUMMY__ 0.9414313087021589 neg 0.029421431979180228 off 0.029147259318660995	false	0.0
wird			__DUMMY__ 0.9377542272190539 off 0.031214541549128408 neg 0.031031231231817648	false	0.0
strafbar	neg 1.0		__DUMMY__ 0.9367920856890284 neg 0.032008631654941756 off 0.031199282656029843	false	1.0
erosion	neg 1.0		__DUMMY__ 0.9377466864653413 off 0.03374918270568409 neg 0.028504130828974607	false	0.5
eingehen	neg 1.0		__DUMMY__ 0.9356630638853384 neg 0.03250013319548937 off 0.031836802919172257	false	1.0
faul	off 1.0		__DUMMY__ 0.9362063370333845 off 0.03613846774744576 neg 0.027655195219169676	false	1.0
provisorium	neg 1.0		__DUMMY__ 0.9441919906898678 neg 0.0314222031794987 off 0.024385806130633524	false	1.0
schmerzen	neg 1.0		__DUMMY__ 0.9375741794661385 off 0.03291212450456134 neg 0.02951369602930019	false	0.5
schrumpfen	neg 1.0		__DUMMY__ 0.9399342825563862 neg 0.03351421713200348 off 0.02655150031161035	false	1.0
geistlos	off 1.0		__DUMMY__ 0.9311567785313112 off 0.035811468039343264 neg 0.033031753429345535	false	1.0
fehlkauf	neg 1.0		__DUMMY__ 0.9352133933510337 off 0.034773285000287237 neg 0.030013321648679005	false	0.5
frustrierend	neg 1.0		__DUMMY__ 0.935686310199069 off 0.036416904371709545 neg 0.027896785429221374	false	0.5
unzufrieden	neg 1.0		__DUMMY__ 0.9359480437392808 off 0.03221628554802556 neg 0.03183567071269365	false	0.5
verzweifeln	neg 1.0		__DUMMY__ 0.9368179041455317 off 0.03327057658947365 neg 0.029911519264994645	false	0.5
verzweifelt	neg 1.0		__DUMMY__ 0.935318822082398 off 0.03475768978786008 neg 0.029923488129741972	false	0.5
misstrauensantrag	neg 1.0		__DUMMY__ 0.9350145647876456 off 0.035011483202356676 neg 0.029973952009997723	false	0.5
abfallen	neg 1.0		__DUMMY__ 0.9382239403004664 off 0.034022150602547103 neg 0.027753909096986478	false	0.5
fucker	off 1.0		__DUMMY__ 0.9317833759314853 off 0.03886698018035475 neg 0.029349643888159933	false	1.0
ungezogen	neg 1.0		__DUMMY__ 0.9297768800051767 off 0.04393830182131103 neg 0.02628481817351227	false	0.5
irrsinnig	neg 1.0	neg 1.0	neg 0.49808687573293015 __DUMMY__ 0.47051431076230577 off 0.03139881350476405	false	1.0
unfassbar	neg 1.0		__DUMMY__ 0.9327029694762877 off 0.037658378016962375 neg 0.02963865250674998	false	0.5
hart	neg 1.0		__DUMMY__ 0.9352383528719568 off 0.035761650323945196 neg 0.02899999680409801	false	0.5
widerlich	off 1.0		__DUMMY__ 0.9317808060050917 off 0.03838717977442078 neg 0.02983201422048752	false	1.0
fatal	neg 1.0		__DUMMY__ 0.935076677728903 off 0.035051176835707694 neg 0.029872145435389186	false	0.5
bruch	neg 1.0		__DUMMY__ 0.939508372033775 neg 0.03170213787877437 off 0.02878949008745061	false	1.0
aushungern	neg 1.0		__DUMMY__ 0.9351479187537481 off 0.03315506141648886 neg 0.031697019829762925	false	0.5
anspannung	neg 1.0	neg 1.0	neg 0.4942411676233053 __DUMMY__ 0.481475980316677 off 0.024282852060017637	false	1.0
von			__DUMMY__ 0.941565829407564 neg 0.02973163044256068 off 0.028702540149875406	false	0.0
kraftlos	neg 1.0		__DUMMY__ 0.9404292976803199 off 0.03184442815706942 neg 0.027726274162610705	false	0.5
vom			__DUMMY__ 0.9455690911571306 neg 0.029708081282916958 off 0.024722827559952358	false	0.0
grenzdebil	off 1.0		__DUMMY__ 0.9332769951765181 off 0.038316753058913994 neg 0.028406251764567885	false	1.0
vor			__DUMMY__ 0.9402239226643949 neg 0.03035355177888884 off 0.02942252555671624	false	0.0
unterwerfen	neg 1.0		__DUMMY__ 0.9377868731226742 neg 0.03127670700195017 off 0.030936419875375716	false	1.0
versenkung	neg 1.0		__DUMMY__ 0.9380629585800901 neg 0.0310873815787343 off 0.030849659841175568	false	1.0
entziehen	neg 1.0		__DUMMY__ 0.9391320724789488 neg 0.03183569389310648 off 0.02903223362794462	false	1.0
finanzkrise	neg 1.0		__DUMMY__ 0.9347388175220789 off 0.03284264305629166 neg 0.03241853942162954	false	0.5
schimpfend	neg 1.0		__DUMMY__ 0.9389568597734447 off 0.03369770698162427 neg 0.02734543324493095	false	0.5
profan	neg 1.0		__DUMMY__ 0.9349339966888911 off 0.035583830200064365 neg 0.029482173111044497	false	0.5
korruption	neg 1.0		__DUMMY__ 0.935118662582068 neg 0.033136503279600174 off 0.031744834138331776	false	1.0
â			__DUMMY__ 0.9384883272878638 off 0.03089420895875361 neg 0.030617463753382586	false	0.0
schmutzig	neg 1.0		__DUMMY__ 0.9348188391951154 off 0.03785987771986223 neg 0.027321283085022356	false	0.5
sexy	neg 1.0		__DUMMY__ 0.9349497381342192 off 0.0360640837931241 neg 0.028986178072656764	false	0.5
abraten	neg 1.0		__DUMMY__ 0.9352121583095285 off 0.0347709210725183 neg 0.030016920617953247	false	0.5
schwarz	neg 1.0		__DUMMY__ 0.9349744918943711 off 0.03457682411895923 neg 0.03044868398666963	false	0.5
fotze	off 1.0		__DUMMY__ 0.9372647303706375 neg 0.031991262789645286 off 0.03074400683971723	false	0.5
verwirren	neg 1.0		__DUMMY__ 0.9347174412800465 off 0.035813601424707166 neg 0.029468957295246293	false	0.5
zahnlos	off 1.0		__DUMMY__ 0.9358849430703876 off 0.03223982925802952 neg 0.031875227671582844	false	1.0
verheeren	neg 1.0		__DUMMY__ 0.9305426083671031 off 0.04490169402920479 neg 0.024555697603692018	false	0.5
hippie	neg 1.0		__DUMMY__ 0.9346550628301116 off 0.03577958460825823 neg 0.029565352561630256	false	0.5
rammen	neg 1.0		__DUMMY__ 0.937575684399707 off 0.0335636808997383 neg 0.028860634700554687	false	0.5
unlauter	neg 1.0		__DUMMY__ 0.9314153581032326 neg 0.03457081323483794 off 0.03401382866192943	false	1.0
unheilvoll	neg 1.0		__DUMMY__ 0.9378372292341994 off 0.03482605037702639 neg 0.027336720388774206	false	0.5
niedrig	neg 1.0		__DUMMY__ 0.9405003428170076 off 0.02991705272660731 neg 0.029582604456385126	false	0.5
explosion	neg 1.0		__DUMMY__ 0.9348076436248215 off 0.03526064192848467 neg 0.02993171444669379	false	0.5
weichei	off 1.0		__DUMMY__ 0.9303067621091987 off 0.04178275970429126 neg 0.02791047818650996	false	1.0
minusmensch	off 1.0		__DUMMY__ 0.9244597904932521 off 0.04514520403388073 neg 0.030395005472867165	false	1.0
farblos	neg 1.0		__DUMMY__ 0.9413467274169368 off 0.03206391924991877 neg 0.026589353333144338	false	0.5
unwissend	neg 1.0	neg 1.0	neg 0.49739651144291863 __DUMMY__ 0.46848699363010643 off 0.03411649492697493	false	1.0
traurig	neg 1.0		__DUMMY__ 0.9325463867319591 off 0.03969209707189031 neg 0.027761516196150537	false	0.5
senkung	neg 1.0		__DUMMY__ 0.9324433234037766 off 0.035410159810253486 neg 0.03214651678596991	false	0.5
ungleich	neg 1.0	neg 1.0	neg 0.5001371878793059 __DUMMY__ 0.4718695712614748 off 0.027993240859219223	false	1.0
heikel	neg 1.0		__DUMMY__ 0.9371364139878589 neg 0.032750927053217666 off 0.030112658958923493	false	1.0
drosselung	neg 1.0		__DUMMY__ 0.9338202969216634 off 0.037766063291421716 neg 0.028413639786914933	false	0.5
falsch	neg 1.0		__DUMMY__ 0.9346770952107837 off 0.03655743299120775 neg 0.028765471798008552	false	0.5
unzufriedenheit	neg 1.0		__DUMMY__ 0.9379545348657627 neg 0.03225267467898368 off 0.02979279045525355	false	1.0
kurz	neg 1.0		__DUMMY__ 0.9391426941886871 off 0.0320615454069563 neg 0.028795760404356562	false	0.5
unsinnig	neg 1.0		__DUMMY__ 0.9348103954978685 neg 0.03262772315454144 off 0.03256188134759012	false	1.0
penner	off 1.0	off 1.0	off 0.509537885008799 __DUMMY__ 0.4657197919310021 neg 0.024742323060198884	false	1.0
seicht	neg 1.0		__DUMMY__ 0.9269345518662955 off 0.0442245897941173 neg 0.028840858339587203	false	0.5
dummheit	off 1.0	off 1.0	off 0.5025432840123107 __DUMMY__ 0.46962203699291327 neg 0.027834678994775867	false	1.0
unerfreulich	neg 1.0		__DUMMY__ 0.9393666718724027 neg 0.031372101702052485 off 0.029261226425544715	false	1.0
motherfucker	off 1.0	off 1.0	off 0.5054715529252455 __DUMMY__ 0.46741328197395643 neg 0.02711516510079815	false	1.0
pikiert	neg 1.0		__DUMMY__ 0.9320520170638683 off 0.037599631923728415 neg 0.030348351012403314	false	0.5
wrack	neg 1.0		__DUMMY__ 0.9400544123773538 off 0.030087310441528035 neg 0.029858277181118217	false	0.5
gangster	neg 1.0		__DUMMY__ 0.935255725003455 off 0.03541181728208749 neg 0.029332457714457597	false	0.5
krank	neg 1.0		__DUMMY__ 0.934760137640334 off 0.038238886687424256 neg 0.027000975672241675	false	0.5
reich	neg 1.0		__DUMMY__ 0.9317066337507075 off 0.036543565803389556 neg 0.031749800445903066	false	0.5
gnadenlos	neg 1.0		__DUMMY__ 0.9360977314094854 off 0.034318265626894155 neg 0.02958400296362042	false	0.5
niedergeschlagen	neg 1.0		__DUMMY__ 0.9394286850531166 off 0.03244381381869169 neg 0.028127501128191637	false	0.5
terrorisieren	off 1.0	off 1.0	off 0.49854582515905466 __DUMMY__ 0.47374841389908484 neg 0.02770576094186049	false	1.0
sinnlosigkeit	neg 1.0		__DUMMY__ 0.936376115271704 off 0.03224717302705219 neg 0.03137671170124376	false	0.5
behindern	neg 1.0		__DUMMY__ 0.9358638562307237 off 0.032786769936090664 neg 0.031349373833185756	false	0.5
undemokratisch	neg 1.0		__DUMMY__ 0.9330698304854048 off 0.034481599505125575 neg 0.032448570009469685	false	0.5
wirtschaftskrise	neg 1.0		__DUMMY__ 0.9363561752247608 neg 0.03238492767029063 off 0.03125889710494861	false	1.0
neid	neg 1.0		__DUMMY__ 0.9367133127237591 off 0.03676110854369756 neg 0.02652557873254339	false	0.5
rutschen	neg 1.0		__DUMMY__ 0.9437648943180721 neg 0.028423241787918094 off 0.027811863894009838	false	1.0
rezession	neg 1.0		__DUMMY__ 0.9300735094117271 off 0.0405712546075729 neg 0.029355235980699973	false	0.5
fehlgeburt	neg 1.0		__DUMMY__ 0.938523750632378 off 0.03474380967588901 neg 0.02673243969173296	false	0.5
charakterschwach	off 1.0		__DUMMY__ 0.9330462560875981 off 0.03821028772739108 neg 0.028743456185010976	false	1.0
isolation	neg 1.0		__DUMMY__ 0.9354464002461533 off 0.03627616524239864 neg 0.02827743451144799	false	0.5
ablenkung	neg 1.0		__DUMMY__ 0.93654044258735 off 0.033713932935340224 neg 0.029745624477309725	false	0.5
pech	neg 1.0		__DUMMY__ 0.9358241953926605 off 0.035846231507378826 neg 0.02832957309996068	false	0.5
vermeidung	neg 1.0		__DUMMY__ 0.9316552572711103 off 0.03809447187998555 neg 0.030250270848904078	false	0.5
dominieren	neg 1.0		__DUMMY__ 0.9404686709276313 off 0.030928596217309392 neg 0.028602732855059217	false	0.5
schwindlig	neg 1.0		__DUMMY__ 0.9395467034825764 off 0.03472979205668038 neg 0.025723504460743143	false	0.5
lutscher	neg 1.0		__DUMMY__ 0.9273017717770653 off 0.04448130053026147 neg 0.028216927692673324	false	0.5
pflicht	neg 1.0		__DUMMY__ 0.9372678732204964 neg 0.032545161584590906 off 0.030186965194912607	false	1.0
faschist	off 1.0		__DUMMY__ 0.9321008909257231 off 0.03605608662001365 neg 0.031843022454263216	false	1.0
verschleudern	neg 1.0		__DUMMY__ 0.9338904004494968 neg 0.03536654478553018 off 0.030743054764973052	false	1.0
wenn			__DUMMY__ 0.9343282625808652 off 0.036757920437858665 neg 0.028913816981276187	false	0.0
ehebruch	neg 1.0		__DUMMY__ 0.9373973799012357 off 0.03144147731285649 neg 0.031161142785907675	false	0.5
spott	off 1.0		__DUMMY__ 0.936335735304621 neg 0.03256199725515564 off 0.031102267440223333	false	0.5
trostlosigkeit	neg 1.0		__DUMMY__ 0.9394885896944074 neg 0.031409902361948565 off 0.029101507943644026	false	1.0
lutschen	neg 1.0		__DUMMY__ 0.934515343438694 off 0.03534594589281712 neg 0.03013871066848888	false	0.5
undiszipliniert	neg 1.0		__DUMMY__ 0.9336568926053214 off 0.039008475936481164 neg 0.02733463145819738	false	0.5
kopfschmerz	neg 1.0		__DUMMY__ 0.939863232154874 off 0.03188499050360609 neg 0.028251777341519888	false	0.5
unvorhergesehen	neg 1.0		__DUMMY__ 0.9417353034231015 off 0.030233687239813126 neg 0.02803100933708531	false	0.5
desinteressiert	neg 1.0		__DUMMY__ 0.9319627165133529 off 0.039038107320962835 neg 0.02899917616568418	false	0.5
armselig	off 1.0		__DUMMY__ 0.9299799260068627 off 0.03991222236872907 neg 0.030107851624408256	false	1.0
desaster	neg 1.0		__DUMMY__ 0.9382124722987752 neg 0.0333687283847971 off 0.028418799316427677	false	1.0
tod	neg 1.0		__DUMMY__ 0.9404456367668883 off 0.03084069540538389 neg 0.028713667827727874	false	0.5
herzlos	neg 1.0		__DUMMY__ 0.9312058969334562 off 0.0401227410734601 neg 0.02867136199308362	false	0.5
unwissenheit	neg 1.0		__DUMMY__ 0.9347545902631722 neg 0.03309603976533582 off 0.03214936997149197	false	1.0
widersinnig	neg 1.0	neg 1.0	neg 0.5016935483898057 __DUMMY__ 0.4686042174660838 off 0.02970223414411048	false	1.0
bedenklich	neg 1.0		__DUMMY__ 0.9364979227391016 neg 0.03229799685602465 off 0.031204080404873796	false	1.0
beanstanden	neg 1.0		__DUMMY__ 0.9378452243986641 neg 0.03250227212775048 off 0.029652503473585355	false	1.0
panisch	neg 1.0	neg 1.0	neg 0.4930742087875169 __DUMMY__ 0.47492892188755154 off 0.03199686932493156	false	1.0
debil	off 1.0		__DUMMY__ 0.9416577117361395 neg 0.03275657002659899 off 0.025585718237261492	false	0.5
abstrich	neg 1.0		__DUMMY__ 0.9369441359326098 neg 0.032811686907221596 off 0.030244177160168553	false	1.0
primitiv	neg 1.0		__DUMMY__ 0.9318519803395305 off 0.03872752189187252 neg 0.029420497768596923	false	0.5
abschaum	off 1.0	off 1.0	off 0.5040320521294139 __DUMMY__ 0.4689932558354111 neg 0.026974692035174937	false	1.0
provozieren	neg 1.0		__DUMMY__ 0.9352380142923026 off 0.03419631451468299 neg 0.030565671193014458	false	0.5
tot	neg 1.0		__DUMMY__ 0.9365527333262433 neg 0.03322980509019959 off 0.030217461583557165	false	1.0
instabil	neg 1.0		__DUMMY__ 0.9292310811952995 off 0.038549846375411326 neg 0.03221907242928911	false	0.5
schwuchtel	off 1.0		__DUMMY__ 0.9251799251852899 off 0.04813940020435155 neg 0.02668067461035855	false	1.0
zerren	neg 1.0		__DUMMY__ 0.9392390694279649 off 0.03266085330530077 neg 0.028100077266734386	false	0.5
kinderficker	off 1.0		__DUMMY__ 0.9279459697486298 off 0.041784927366166166 neg 0.03026910288520407	false	1.0
gefahr	neg 1.0		__DUMMY__ 0.9393510871741384 neg 0.030751119629693093 off 0.029897793196168556	false	1.0
rabiat	neg 1.0		__DUMMY__ 0.9354526520888989 off 0.03371888815610308 neg 0.030828459754997935	false	0.5
verlangsamung	neg 1.0		__DUMMY__ 0.9299728152934675 off 0.04305074502285265 neg 0.026976439683679864	false	0.5
ausgestorben	neg 1.0		__DUMMY__ 0.9379378594654675 off 0.03310095379631312 neg 0.028961186738219433	false	0.5
anklagen	neg 1.0		__DUMMY__ 0.9365632736608442 off 0.032495317160874865 neg 0.030941409178280862	false	0.5
trott	neg 1.0		__DUMMY__ 0.9371422400968902 off 0.03293631978626297 neg 0.029921440116846894	false	0.5
verminderung	neg 1.0		__DUMMY__ 0.9310790393685277 off 0.03862434206044661 neg 0.030296618571025738	false	0.5
nach			__DUMMY__ 0.9459591959220669 neg 0.027379618625176644 off 0.02666118545275647	false	0.0
rost	neg 1.0		__DUMMY__ 0.9313899342124548 off 0.04182691219250014 neg 0.026783153595045073	false	0.5
destruktiv	neg 1.0		__DUMMY__ 0.9337139233048722 off 0.033459366710623176 neg 0.03282670998450457	false	0.5
unzumutbarkeit	neg 1.0		__DUMMY__ 0.9348304116508996 off 0.03678026996508184 neg 0.028389318384018584	false	0.5
labil	off 1.0	off 1.0	off 0.5040051490547472 __DUMMY__ 0.4689144051658384 neg 0.02708044577941437	false	1.0
ziemlich	neg 1.0		__DUMMY__ 0.9342216292326183 off 0.03787531354107633 neg 0.027903057226305424	false	0.5
lachnummer	off 1.0		__DUMMY__ 0.9346895737945595 off 0.03373227670619002 neg 0.03157814949925045	false	1.0
oder			__DUMMY__ 0.9373752065294549 off 0.03347313290573483 neg 0.029151660564810195	false	0.0
verfall	neg 1.0		__DUMMY__ 0.9403294924716868 neg 0.03313673232103145 off 0.026533775207281795	false	1.0
ausgrenzung	neg 1.0		__DUMMY__ 0.9335682882598827 off 0.03499288785395524 neg 0.03143882388616209	false	0.5
unordnung	neg 1.0		__DUMMY__ 0.9346502721174424 off 0.03730649274478556 neg 0.02804323513777209	false	0.5
fehlverhalten	neg 1.0		__DUMMY__ 0.9373444297419927 neg 0.03223659615030644 off 0.03041897410770082	false	1.0
eine			__DUMMY__ 0.9387514312293433 neg 0.03164480918165282 off 0.029603759589003836	false	0.0
nille	neg 1.0		__DUMMY__ 0.936633852415179 off 0.03278503433635987 neg 0.030581113248461148	false	0.5
qual	neg 1.0		__DUMMY__ 0.93708143486595 off 0.032840412292154855 neg 0.03007815284189515	false	0.5
verschwenden	neg 1.0		__DUMMY__ 0.936852124011728 neg 0.03174529355244875 off 0.03140258243582332	false	1.0
riesig	neg 1.0	neg 1.0	neg 0.4957045854095235 __DUMMY__ 0.4762767785612187 off 0.02801863602925778	false	1.0
verurteilen	neg 1.0		__DUMMY__ 0.9366439268212436 off 0.032225079415555226 neg 0.03113099376320104	false	0.5
klischee	neg 1.0	neg 1.0	neg 0.49831751759561355 __DUMMY__ 0.4685094550637198 off 0.03317302734066667	false	1.0
diktatorisch	neg 1.0		__DUMMY__ 0.9322568527824978 off 0.03497378669821402 neg 0.0327693605192881	false	0.5
vorhersehbar	neg 1.0	neg 1.0	neg 0.49752633391468976 __DUMMY__ 0.46971183202125427 off 0.03276183406405606	false	1.0
sowie			__DUMMY__ 0.9299411057673851 off 0.04159168604586888 neg 0.02846720818674602	false	0.0
stornieren	neg 1.0		__DUMMY__ 0.9397515559669631 off 0.033751886029354694 neg 0.026496558003682173	false	0.5
besteuerung	neg 1.0		__DUMMY__ 0.9329574922674108 off 0.03382518261293707 neg 0.033217325119652155	false	0.5
ungeschminkt	neg 1.0		__DUMMY__ 0.9327740261583706 off 0.037737109092578894 neg 0.029488864749050634	false	0.5
kritisch	neg 1.0		__DUMMY__ 0.9363219294098476 neg 0.03252905593197776 off 0.03114901465817469	false	1.0
schlamperei	off 1.0		__DUMMY__ 0.9364292903622109 neg 0.03319445637405325 off 0.030376253263735862	false	0.5
sucht	neg 1.0	neg 1.0	neg 0.49578106010785594 __DUMMY__ 0.4742578059207355 off 0.02996113397140849	false	1.0
egoistisch	off 1.0		__DUMMY__ 0.9307763130370772 off 0.041916690796418306 neg 0.02730699616650448	false	1.0
ausbeuter	off 1.0		__DUMMY__ 0.9362351724973096 neg 0.03343504192373125 off 0.030329785578959205	false	0.5
arschgeburt	off 1.0		__DUMMY__ 0.9244475256517354 off 0.04844521933020742 neg 0.02710725501805715	false	1.0
schubs	neg 1.0	neg 1.0	neg 0.4954048365517824 __DUMMY__ 0.47614121157544703 off 0.028453951872770583	false	1.0
unsolide	neg 1.0		__DUMMY__ 0.9292450560354902 neg 0.03546741901763499 off 0.03528752494687478	false	1.0
beschwerde	neg 1.0		__DUMMY__ 0.9367677873794591 neg 0.03280361177372897 off 0.03042860084681199	false	1.0
stocken	neg 1.0		__DUMMY__ 0.938359039546371 off 0.030844465436326438 neg 0.030796495017302524	false	0.5
isolieren	neg 1.0		__DUMMY__ 0.9374884216583718 off 0.0316801046862737 neg 0.030831473655354644	false	0.5
unheilbar	neg 1.0		__DUMMY__ 0.9386871750745883 off 0.03403270089916251 neg 0.02728012402624914	false	0.5
pisser	off 1.0		__DUMMY__ 0.9336001570745094 off 0.03886040710261003 neg 0.027539435822880588	false	1.0
löschen	neg 1.0		__DUMMY__ 0.9366789567552101 off 0.033383506274177126 neg 0.02993753697061273	false	0.5
durchfallen	neg 1.0		__DUMMY__ 0.9352291309044916 neg 0.03271233249223429 off 0.03205853660327407	false	1.0
wichser	off 1.0		__DUMMY__ 0.9284013873360155 off 0.045438541247172025 neg 0.0261600714168124	false	1.0
terror	neg 1.0		__DUMMY__ 0.9365509071389866 off 0.03522315060811661 neg 0.02822594225289686	false	0.5
krass	neg 1.0		__DUMMY__ 0.93139027730762 off 0.04012850893067411 neg 0.02848121376170585	false	0.5
revolte	neg 1.0		__DUMMY__ 0.9333728287274242 off 0.035368935886574936 neg 0.03125823538600088	false	0.5
besorgt	neg 1.0		__DUMMY__ 0.9401518027637888 off 0.031928597857928356 neg 0.027919599378282874	false	0.5
nachlassen	neg 1.0		__DUMMY__ 0.9389280237797305 neg 0.030836364852173663 off 0.03023561136809577	false	1.0
alt	neg 1.0		__DUMMY__ 0.9390110172956622 off 0.030563984473077028 neg 0.030424998231260873	false	0.5
hundesohn	off 1.0		__DUMMY__ 0.9271217149222208 off 0.044721664698572826 neg 0.028156620379206396	false	1.0
als			__DUMMY__ 0.9385345396054257 off 0.032140920530631764 neg 0.02932453986394257	false	0.0
abschreckung	neg 1.0		__DUMMY__ 0.9391793371382662 neg 0.03152470189359263 off 0.02929596096814124	false	1.0
unqualifiziert	neg 1.0		__DUMMY__ 0.9308004479776668 off 0.03631634402609374 neg 0.032883207996239394	false	0.5
abgewichst	off 1.0		__DUMMY__ 0.9372756622205217 off 0.03216529763492278 neg 0.03055904014455557	false	1.0
schwer	neg 1.0		__DUMMY__ 0.9369633914386709 off 0.03351298668416259 neg 0.029523621877166478	false	0.5
bedeutungslosigkeit	neg 1.0		__DUMMY__ 0.9379870623258756 neg 0.03204904451385572 off 0.029963893160268675	false	1.0
kapitulation	neg 1.0		__DUMMY__ 0.9356198567242638 neg 0.03329563066770707 off 0.031084512608029094	false	1.0
unscharf	neg 1.0		__DUMMY__ 0.9351323835946977 off 0.03466163700039458 neg 0.030205979404907577	false	0.5
schwinden	neg 1.0		__DUMMY__ 0.9388504500863694 neg 0.03137742869562858 off 0.02977212121800204	false	1.0
versklavung	neg 1.0		__DUMMY__ 0.9329312835601823 off 0.034581601740922785 neg 0.032487114698894974	false	0.5
schlecht	neg 1.0		__DUMMY__ 0.9344386732932939 off 0.038021442220043646 neg 0.027539884486662457	false	0.5
verhasst	neg 1.0		__DUMMY__ 0.9352466373959151 off 0.034477294363557856 neg 0.03027606824052708	false	0.5
beschweren	neg 1.0		__DUMMY__ 0.9354307099689476 off 0.034986140728107414 neg 0.029583149302945044	false	0.5
scheiden	neg 1.0		__DUMMY__ 0.9396434649314364 off 0.033227102977058595 neg 0.02712943209150504	false	0.5
frustriert	neg 1.0		__DUMMY__ 0.9371044085388028 off 0.032786983731125895 neg 0.03010860773007127	false	0.5
schimmelig	neg 1.0		__DUMMY__ 0.9400094784363345 neg 0.030110810238901956 off 0.02987971132476359	false	1.0
fisch	neg 1.0		__DUMMY__ 0.9418347443273951 neg 0.029337256338675732 off 0.028827999333929186	false	1.0
schmuggel	neg 1.0		__DUMMY__ 0.9420541204848373 off 0.029673232314255647 neg 0.02827264720090705	false	0.5
auffallen	neg 1.0		__DUMMY__ 0.9352676372401831 off 0.03541769408597952 neg 0.02931466867383736	false	0.5
konkurrenz	neg 1.0	neg 1.0	neg 0.4987764388804347 __DUMMY__ 0.47469039274474406 off 0.026533168374821153	false	1.0
teufelskreis	neg 1.0		__DUMMY__ 0.9367369006038088 off 0.03323901036016059 neg 0.03002408903603069	false	0.5
aufschreien	neg 1.0		__DUMMY__ 0.934380923616334 off 0.03539494029165337 neg 0.030224136092012632	false	0.5
schuldner	neg 1.0		__DUMMY__ 0.9385460661372192 neg 0.031519429858925495 off 0.029934504003855264	false	1.0
missgeburt	off 1.0	off 1.0	off 0.5078530154080665 __DUMMY__ 0.4666246699599014 neg 0.025522314632032157	false	1.0
arbeitslos	neg 1.0		__DUMMY__ 0.9353258563648491 neg 0.03236195838951333 off 0.03231218524563754	false	1.0
befallen	neg 1.0		__DUMMY__ 0.9373861710336671 off 0.032417677156416025 neg 0.030196151809916857	false	0.5
miesepetrig	off 1.0	off 1.0	off 0.5042225055309592 __DUMMY__ 0.4707098621136323 neg 0.025067632355408487	false	1.0
alarmieren	neg 1.0		__DUMMY__ 0.9329055850161088 off 0.037186812859981794 neg 0.029907602123909395	false	0.5
ungeduscht	off 1.0		__DUMMY__ 0.936204615236515 off 0.03554023226764298 neg 0.02825515249584202	false	1.0
knappheit	neg 1.0		__DUMMY__ 0.9358043947586963 neg 0.03330813924156686 off 0.03088746599973691	false	1.0
schlange	neg 1.0		__DUMMY__ 0.9381180623412844 off 0.0346743235342283 neg 0.027207614124487307	false	0.5
harsch	neg 1.0		__DUMMY__ 0.9329747876049266 off 0.04081990022918107 neg 0.026205312165892367	false	0.5
lang	neg 1.0		__DUMMY__ 0.9368029617103844 off 0.03369837680815494 neg 0.029498661481460627	false	0.5
ziellos	neg 1.0		__DUMMY__ 0.9395107937948893 off 0.03170400690038595 neg 0.028785199304724715	false	0.5
selbstverliebt	neg 1.0		__DUMMY__ 0.9256872303547563 off 0.04628603634726089 neg 0.028026733297982723	false	0.5
beseitigen	neg 1.0		__DUMMY__ 0.9368555230320146 off 0.03269664016925309 neg 0.030447836798732246	false	0.5
dumm	off 1.0		__DUMMY__ 0.9291698289004213 off 0.04260858942896053 neg 0.028221581670618053	false	1.0
arbeitsloser	neg 1.0		__DUMMY__ 0.9376698500934694 off 0.03170502020286329 neg 0.030625129703667358	false	0.5
blitzen	neg 1.0		__DUMMY__ 0.935211847828271 off 0.035887935759539795 neg 0.02890021641218915	false	0.5
hilflos	neg 1.0		__DUMMY__ 0.9379485545219726 off 0.03235502857524531 neg 0.02969641690278219	false	0.5
eklig	off 1.0		__DUMMY__ 0.9301214159287918 off 0.04298873235187533 neg 0.026889851719332888	false	1.0
begriff			__DUMMY__ 0.935512614298482 off 0.032781024112764234 neg 0.031706361588753784	false	0.0
hungersnot	neg 1.0		__DUMMY__ 0.9383763725295062 off 0.03230449122722959 neg 0.029319136243264175	false	0.5
ungesetzlich	neg 1.0		__DUMMY__ 0.9301688110458863 off 0.03571639673689238 neg 0.034114792217221246	false	0.5
verschwendung	neg 1.0		__DUMMY__ 0.9379825972092345 neg 0.03145645057226825 off 0.030560952218497237	false	1.0
schmerzvoll	neg 1.0		__DUMMY__ 0.9360123606987458 off 0.034870232795080676 neg 0.029117406506173477	false	0.5
vorzeitig	neg 1.0		__DUMMY__ 0.9371303456435296 off 0.03571604508007642 neg 0.02715360927639395	false	0.5
unvollkommenheit	neg 1.0		__DUMMY__ 0.9423512958013516 off 0.031433017203152676 neg 0.026215686995495834	false	0.5
intervenieren	neg 1.0		__DUMMY__ 0.935951690455621 neg 0.03349065360134905 off 0.030557655943030046	false	1.0
banause	off 1.0		__DUMMY__ 0.9273118241772883 off 0.04456548051088823 neg 0.028122695311823577	false	1.0
rebell	neg 1.0		__DUMMY__ 0.939974268806457 neg 0.03240199085274146 off 0.027623740340801495	false	1.0
unlogisch	neg 1.0		__DUMMY__ 0.931505593992912 off 0.03986121072860846 neg 0.0286331952784795	false	0.5
leiden	neg 1.0		__DUMMY__ 0.9431717607426598 off 0.02951808111475245 neg 0.02731015814258774	false	0.5
abschaffung	neg 1.0		__DUMMY__ 0.9331876498379786 off 0.03399536419779831 neg 0.03281698596422307	false	0.5
sturz	neg 1.0		__DUMMY__ 0.9381756743917499 off 0.033417275429824485 neg 0.028407050178425725	false	0.5
verkleinerung	neg 1.0		__DUMMY__ 0.9315838183243786 off 0.035908516923208046 neg 0.0325076647524133	false	0.5
schmarotzer	off 1.0		__DUMMY__ 0.9348749975899491 neg 0.03290131085798847 off 0.03222369155206251	false	0.5
bestrafung	neg 1.0		__DUMMY__ 0.9354284966348841 off 0.034725809535102035 neg 0.029845693830013734	false	0.5
achtlos	neg 1.0		__DUMMY__ 0.9380574337367495 off 0.033365947975648 neg 0.028576618287602426	false	0.5
