unsolidarisch	neg 1.0		off 0.5152799894318898 neg 0.4773231173919117 __DUMMY__ 0.007396893176198584	false	0.5
nachteilig	neg 1.0		off 0.5151529616611862 neg 0.47736421206566226 __DUMMY__ 0.0074828262731514664	false	0.5
skeptisch	neg 1.0		off 0.5145869525077312 neg 0.4779216567128402 __DUMMY__ 0.007491390779428545	false	0.5
schrecklich	neg 1.0		off 0.5290972049167256 neg 0.46350197228220485 __DUMMY__ 0.007400822801069349	false	0.5
schlapp	neg 1.0		off 0.5261073899398081 neg 0.4664413710302285 __DUMMY__ 0.007451239029963393	false	0.5
abfall	neg 1.0		off 0.5132630084913081 neg 0.47921013171310683 __DUMMY__ 0.007526859795584979	false	0.5
widerspenstig	neg 1.0		off 0.520834864093156 neg 0.4716869335842558 __DUMMY__ 0.007478202322588223	false	0.5
abrupt	neg 1.0		off 0.5174779305834692 neg 0.4749986772159254 __DUMMY__ 0.007523392200605337	false	0.5
unwirksam	neg 1.0		off 0.5164223909184501 neg 0.4761647448418557 __DUMMY__ 0.007412864239694125	false	0.5
angreifen	neg 1.0	neg 1.0	neg 0.7231831942228288 off 0.2732224768856784 __DUMMY__ 0.0035943288914928643	false	1.0
inkonsistent	neg 1.0		off 0.5205981488019389 neg 0.47194454738051805 __DUMMY__ 0.007457303817543011	false	0.5
abrutschen	neg 1.0		off 0.5135606296993657 neg 0.4789146827743484 __DUMMY__ 0.007524687526285986	false	0.5
unsicher	neg 1.0		off 0.5211917836882832 neg 0.4713225007230975 __DUMMY__ 0.007485715588619406	false	0.5
bauernkind	off 1.0	off 1.0	off 0.7493389874189645 neg 0.24713623999299691 __DUMMY__ 0.0035247725880385825	false	1.0
angreifer	neg 1.0		off 0.5227527220687123 neg 0.46976272211531306 __DUMMY__ 0.007484555815974589	false	0.5
trennen	neg 1.0		off 0.5188414462643659 neg 0.4736167712500171 __DUMMY__ 0.00754178248561695	false	0.5
schmutz	neg 1.0		off 0.5272092289620507 neg 0.46524459563651516 __DUMMY__ 0.007546175401434162	false	0.5
inkonsistenz	neg 1.0		off 0.5211276758395643 neg 0.47147869351775484 __DUMMY__ 0.00739363064268082	false	0.5
erschreckend	neg 1.0		off 0.5182745607525351 neg 0.4742610638798491 __DUMMY__ 0.00746437536761588	false	0.5
ertrinken	neg 1.0		off 0.5190534543877047 neg 0.47341802378537884 __DUMMY__ 0.007528521826916304	false	0.5
pickelface	off 1.0		off 0.5174330989299847 neg 0.47509591396028994 __DUMMY__ 0.007470987109725477	false	1.0
seiner			off 0.5167643666354946 neg 0.4757189746134947 __DUMMY__ 0.007516658751010688	false	0.0
lauch	neg 1.0		off 0.5116985293605674 neg 0.4808086915621705 __DUMMY__ 0.007492779077262086	false	0.5
unwichtig	neg 1.0		off 0.5240995838833634 neg 0.4684732744476908 __DUMMY__ 0.007427141668945711	false	0.5
steuerhinterziehung	neg 1.0		off 0.5162402199946241 neg 0.47631212293754377 __DUMMY__ 0.0074476570678320446	false	0.5
schock	neg 1.0		off 0.5220432803706386 neg 0.4704371877966559 __DUMMY__ 0.007519531832705607	false	0.5
beule	neg 1.0		off 0.5268604945893871 neg 0.46568344595555544 __DUMMY__ 0.007456059455057565	false	0.5
vergelten	neg 1.0		off 0.5302753114365193 neg 0.46227188173028 __DUMMY__ 0.00745280683320066	false	0.5
verdorbenheit	neg 1.0		off 0.5199400247872267 neg 0.47258236722635355 __DUMMY__ 0.007477607986419792	false	0.5
trauma	neg 1.0		off 0.5210425353888428 neg 0.4714934355780288 __DUMMY__ 0.007464029033128393	false	0.5
sinnlos	neg 1.0		off 0.5232176381695853 neg 0.46931424697608914 __DUMMY__ 0.007468114854325596	false	0.5
fettsack	off 1.0	off 1.0	off 0.7512882247088972 neg 0.24517471356817647 __DUMMY__ 0.0035370617229263253	false	1.0
feige	off 1.0	off 1.0	off 0.7479059454294515 neg 0.2485452323952197 __DUMMY__ 0.003548822175328804	false	1.0
abdanken	neg 1.0		off 0.5177665186577814 neg 0.47477997559313695 __DUMMY__ 0.007453505749081618	false	0.5
wichtigtuer	off 1.0	off 1.0	off 0.7465111144260546 neg 0.2499267861283081 __DUMMY__ 0.0035620994456374037	false	1.0
misslingen	neg 1.0		off 0.5245784255419814 neg 0.4678996336694665 __DUMMY__ 0.007521940788552024	false	0.5
untreu	off 1.0		off 0.5254833235483575 neg 0.46709509200526456 __DUMMY__ 0.007421584446377853	false	1.0
missmutig	neg 1.0		off 0.5252834156377888 neg 0.4672729493169636 __DUMMY__ 0.007443635045247563	false	0.5
hurenbock	off 1.0		off 0.5221278354912712 neg 0.4704005544156574 __DUMMY__ 0.007471610093071304	false	1.0
betrunken	neg 1.0		off 0.5294205688217302 neg 0.4631279279776783 __DUMMY__ 0.007451503200591479	false	0.5
korrupt	off 1.0		off 0.5139594770573883 neg 0.47861509408391245 __DUMMY__ 0.007425428858699155	false	1.0
unmut	neg 1.0		off 0.5124575942143084 neg 0.48003034380118614 __DUMMY__ 0.007512061984505536	false	0.5
hackfresse	off 1.0		off 0.5313281610854336 neg 0.4613116738448384 __DUMMY__ 0.007360165069728074	false	1.0
aufblasen	neg 1.0		off 0.5233383310868495 neg 0.46917215421907005 __DUMMY__ 0.007489514694080388	false	0.5
gewaltsam	neg 1.0		off 0.5195810353585048 neg 0.472937800894419 __DUMMY__ 0.007481163747076137	false	0.5
unbeliebtheit	neg 1.0		off 0.5182652548520059 neg 0.47439219981739134 __DUMMY__ 0.007342545330602731	false	0.5
sturheit	neg 1.0		off 0.5179891218921144 neg 0.47455032740746056 __DUMMY__ 0.0074605507004251075	false	0.5
kuh	neg 1.0		off 0.5190057383382307 neg 0.47355950291854404 __DUMMY__ 0.0074347587432252405	false	0.5
erschrecken	neg 1.0		off 0.5248947814584997 neg 0.4676513186971421 __DUMMY__ 0.007453899844358252	false	0.5
opfer	neg 1.0		off 0.5179318213357004 neg 0.4745578355045034 __DUMMY__ 0.0075103431597960965	false	0.5
sinken	neg 1.0		off 0.5130969905222589 neg 0.47939385545841046 __DUMMY__ 0.007509154019330653	false	0.5
stinktier	neg 1.0		off 0.5286931127643696 neg 0.4639257025863417 __DUMMY__ 0.007381184649288722	false	0.5
tucke	off 1.0		off 0.5291219937584011 neg 0.4635663465784245 __DUMMY__ 0.007311659663174575	false	1.0
ein			off 0.5218232472302975 neg 0.4706978729841132 __DUMMY__ 0.007478879785589261	false	0.0
abstieg	neg 1.0		off 0.5186296675982404 neg 0.4738301432309266 __DUMMY__ 0.0075401891708332305	false	0.5
missverstehen	neg 1.0		off 0.5214266774449234 neg 0.4711400076675708 __DUMMY__ 0.007433314887505816	false	0.5
ergebnislos	neg 1.0		off 0.5155066357165647 neg 0.477000284320794 __DUMMY__ 0.007493079962641255	false	0.5
unter			off 0.5120298967459606 neg 0.4803715797444174 __DUMMY__ 0.007598523509622011	false	0.0
manipulieren	neg 1.0		off 0.5151022517472648 neg 0.47740020862317345 __DUMMY__ 0.0074975396295618325	false	0.5
unbewiesen	neg 1.0		off 0.515483816455272 neg 0.4771224459880049 __DUMMY__ 0.0073937375567230115	false	0.5
verschleppen	neg 1.0		off 0.5174820978526429 neg 0.4750284550643345 __DUMMY__ 0.0074894470830225495	false	0.5
weib	off 1.0		off 0.5314807586761081 neg 0.46115604810937777 __DUMMY__ 0.0073631932145142385	false	1.0
opposition	neg 1.0		off 0.520665542280969 neg 0.471894870786876 __DUMMY__ 0.007439586932155056	false	0.5
verkehrswidrig	neg 1.0	neg 1.0	neg 0.7138471455751396 off 0.28256197678901157 __DUMMY__ 0.0035908776358488156	false	1.0
inkorrekt	neg 1.0		off 0.5240173140901367 neg 0.4686106598958588 __DUMMY__ 0.007372026014004462	false	0.5
vermeiden	neg 1.0		off 0.5124798576707235 neg 0.47996498728952525 __DUMMY__ 0.007555155039751386	false	0.5
abweichung	neg 1.0		off 0.5148226538561587 neg 0.477706013259447 __DUMMY__ 0.007471332884394429	false	0.5
alkoholisiert	neg 1.0		off 0.5199432976247182 neg 0.4724864606471391 __DUMMY__ 0.007570241728142734	false	0.5
scheiss	off 1.0	off 1.0	off 0.7492322249676064 neg 0.2472019869491492 __DUMMY__ 0.0035657880832444004	false	1.0
herausforderung	neg 1.0	neg 1.0	neg 0.7206290432437681 off 0.27573383487043485 __DUMMY__ 0.003637121885797112	false	1.0
pervers	off 1.0		off 0.5346855969765946 neg 0.4579687815585173 __DUMMY__ 0.0073456214648880535	false	1.0
wackelig	neg 1.0		off 0.5207280890551486 neg 0.4717394325063605 __DUMMY__ 0.007532478438491023	false	0.5
verwickeln	neg 1.0		off 0.5213047752415093 neg 0.4712614747352073 __DUMMY__ 0.007433750023283282	false	0.5
vorwand	neg 1.0		off 0.5145815998920598 neg 0.4779121167211529 __DUMMY__ 0.007506283386787342	false	0.5
muschi	off 1.0		off 0.5178171235349174 neg 0.4747142333400492 __DUMMY__ 0.007468643125033412	false	1.0
entmutigung	neg 1.0		off 0.5195506127920514 neg 0.4730191304799887 __DUMMY__ 0.007430256727959871	false	0.5
unangemessen	neg 1.0		off 0.5167001430803099 neg 0.47584200667665205 __DUMMY__ 0.0074578502430381515	false	0.5
unstetig	neg 1.0		off 0.5218915062780893 neg 0.47063344939356 __DUMMY__ 0.007475044328350576	false	0.5
entmutigen	neg 1.0		off 0.5209728756969767 neg 0.4715732910405012 __DUMMY__ 0.007453833262522059	false	0.5
schwanz	neg 1.0		off 0.5155654816607671 neg 0.47693623087581705 __DUMMY__ 0.007498287463415711	false	0.5
verbot	neg 1.0		off 0.51527134471512 neg 0.4772753766431469 __DUMMY__ 0.007453278641733174	false	0.5
leid	neg 1.0		off 0.5308244496885043 neg 0.46177293731879526 __DUMMY__ 0.007402612992700477	false	0.5
archaisch	neg 1.0		off 0.5179716655183524 neg 0.47454828187539333 __DUMMY__ 0.007480052606254316	false	0.5
gegen			off 0.5150550591464419 neg 0.47741488915673996 __DUMMY__ 0.007530051696818157	false	0.0
scheidung	neg 1.0		off 0.5382488105205162 neg 0.45442013661014347 __DUMMY__ 0.007331052869340193	false	0.5
einschlag	neg 1.0	neg 1.0	neg 0.7163976973392496 off 0.2800471661779856 __DUMMY__ 0.003555136482764825	false	1.0
m			off 0.5188559032780442 neg 0.473643702754077 __DUMMY__ 0.007500393967878732	false	0.0
abgestanden	neg 1.0		off 0.5226790224898807 neg 0.4698296550252062 __DUMMY__ 0.007491322484913068	false	0.5
schmierig	off 1.0		off 0.5305117698921821 neg 0.46207924588237653 __DUMMY__ 0.007408984225441312	false	1.0
unpraktisch	neg 1.0		off 0.5230713562116346 neg 0.4694353895600854 __DUMMY__ 0.007493254228279932	false	0.5
wixxer	off 1.0		off 0.533439574375714 neg 0.4592299230305561 __DUMMY__ 0.007330502593730051	false	1.0
bezeichnet			off 0.5188019042503502 neg 0.47373875903775003 __DUMMY__ 0.0074593367118996725	false	0.0
jammerlappen	off 1.0		off 0.5246407874327025 neg 0.46792679564782297 __DUMMY__ 0.007432416919474476	false	1.0
farce	neg 1.0		off 0.5152695180825697 neg 0.47729488259897834 __DUMMY__ 0.0074355993184520245	false	0.5
zwecklos	neg 1.0		off 0.5174098064895924 neg 0.47512019117466586 __DUMMY__ 0.0074700023357416505	false	0.5
turbulent	neg 1.0		off 0.5236828182174749 neg 0.46891308909397 __DUMMY__ 0.007404092688555165	false	0.5
invasion	neg 1.0		off 0.5229077165902066 neg 0.4696303844843936 __DUMMY__ 0.007461898925399784	false	0.5
schuld	neg 1.0		off 0.5208825630908333 neg 0.471654864420473 __DUMMY__ 0.007462572488693677	false	0.5
risiko	neg 1.0		off 0.5210264093935343 neg 0.4714946363822174 __DUMMY__ 0.007478954224248202	false	0.5
finster	neg 1.0		off 0.5222457200567198 neg 0.4702753034872182 __DUMMY__ 0.007478976456062102	false	0.5
geisteskrank	off 1.0		off 0.5251804872111131 neg 0.4674161384067338 __DUMMY__ 0.007403374382153089	false	1.0
zusammenbrechen	neg 1.0		off 0.5199062186344023 neg 0.47259525498969296 __DUMMY__ 0.007498526375904775	false	0.5
ausbeute	neg 1.0		off 0.5170173157936845 neg 0.47546227345957004 __DUMMY__ 0.007520410746745511	false	0.5
hinterhalt	neg 1.0		off 0.5184596387765513 neg 0.4740558650625351 __DUMMY__ 0.0074844961609136324	false	0.5
kritik	neg 1.0		off 0.5156356770831706 neg 0.4769191066620364 __DUMMY__ 0.007445216254793	false	0.5
einschrumpfen	neg 1.0		off 0.5199342348175872 neg 0.472665784951849 __DUMMY__ 0.007399980230563684	false	0.5
riskant	neg 1.0		off 0.5163146956157051 neg 0.47619575910844386 __DUMMY__ 0.007489545275851125	false	0.5
frustrieren	neg 1.0		off 0.5166000579014921 neg 0.4759098845979751 __DUMMY__ 0.0074900575005326835	false	0.5
groll	neg 1.0		off 0.5179426662101053 neg 0.47457211014982514 __DUMMY__ 0.007485223640069536	false	0.5
gibt			off 0.5179786441375992 neg 0.474545361604952 __DUMMY__ 0.007475994257448711	false	0.0
qualvoll	neg 1.0		off 0.5251871334589121 neg 0.4673381964142925 __DUMMY__ 0.0074746701267953755	false	0.5
wackeln	neg 1.0	neg 1.0	neg 0.7186355449189078 off 0.27776047349364696 __DUMMY__ 0.0036039815874452418	false	1.0
klagen	neg 1.0		off 0.5125758555529161 neg 0.47992062949881825 __DUMMY__ 0.007503514948265717	false	0.5
bankrott	neg 1.0		off 0.5243412570880687 neg 0.4682084769350382 __DUMMY__ 0.0074502659768932505	false	0.5
trauern	neg 1.0		off 0.5182591783906972 neg 0.4742208367078261 __DUMMY__ 0.007519984901476712	false	0.5
ablehnung	neg 1.0		off 0.5156529060222182 neg 0.47690227340660024 __DUMMY__ 0.00744482057118156	false	0.5
stur	neg 1.0		off 0.5210833997882066 neg 0.47146428715562644 __DUMMY__ 0.007452313056167004	false	0.5
aufruhr	neg 1.0		off 0.519897640108163 neg 0.4726140111667711 __DUMMY__ 0.0074883487250659245	false	0.5
melancholie	neg 1.0		off 0.5194193910923004 neg 0.47306969830887574 __DUMMY__ 0.007510910598823845	false	0.5
ist			off 0.5218128425652333 neg 0.4707295121725369 __DUMMY__ 0.007457645262229744	false	0.0
torheit	neg 1.0		off 0.5193606437291779 neg 0.4731984049780392 __DUMMY__ 0.007440951292782988	false	0.5
dreckskind	off 1.0		off 0.529927129818841 neg 0.46270118575996105 __DUMMY__ 0.007371684421197864	false	1.0
umtauschen	neg 1.0		off 0.520446871553679 neg 0.47207110360946025 __DUMMY__ 0.007482024836860772	false	0.5
zum			off 0.51494556239329 neg 0.47746200740874817 __DUMMY__ 0.007592430197961663	false	0.0
zersetzen	neg 1.0		off 0.5141867368343248 neg 0.4783287052443877 __DUMMY__ 0.007484557921287441	false	0.5
zur			off 0.5116088777173429 neg 0.48083641338718036 __DUMMY__ 0.007554708895476851	false	0.0
frust	neg 1.0		off 0.5193998435878152 neg 0.4731056893659182 __DUMMY__ 0.007494467046266759	false	0.5
unerbittlichkeit	neg 1.0		off 0.5143768437785979 neg 0.47813779582705657 __DUMMY__ 0.0074853603943455605	false	0.5
zwei			off 0.5162951643738334 neg 0.4761375142234797 __DUMMY__ 0.007567321402686986	false	0.0
unkorrekt	neg 1.0		off 0.5240733735278322 neg 0.46856653870549303 __DUMMY__ 0.0073600877666747935	false	0.5
hexe	off 1.0		off 0.5243121072223882 neg 0.4682775215077591 __DUMMY__ 0.007410371269852656	false	1.0
lasch	neg 1.0		off 0.5213349445120125 neg 0.47125815960042855 __DUMMY__ 0.0074068958875589475	false	0.5
rivale	neg 1.0		off 0.5286515821645112 neg 0.4639122618586673 __DUMMY__ 0.0074361559768215246	false	0.5
mutlos	off 1.0	off 1.0	off 0.7428616084985685 neg 0.2535618280539888 __DUMMY__ 0.00357656344744274	false	1.0
wirr	off 1.0		off 0.5250998033830253 neg 0.46753097099058605 __DUMMY__ 0.007369225626388782	false	1.0
jahr			off 0.5170360775515204 neg 0.4754233743815401 __DUMMY__ 0.0075405480669395175	false	0.0
wird			off 0.5172184885510371 neg 0.4752889620934569 __DUMMY__ 0.007492549355506027	false	0.0
strafbar	neg 1.0		off 0.515504951812304 neg 0.4770201828585331 __DUMMY__ 0.007474865329162946	false	0.5
erosion	neg 1.0		off 0.5220749825543227 neg 0.4704359629748689 __DUMMY__ 0.007489054470808448	false	0.5
eingehen	neg 1.0		off 0.5160046637400019 neg 0.4765321460707663 __DUMMY__ 0.007463190189231969	false	0.5
faul	off 1.0		off 0.5255534556933414 neg 0.4669850655528105 __DUMMY__ 0.007461478753848167	false	1.0
provisorium	neg 1.0		off 0.5108060989024892 neg 0.48161052807449023 __DUMMY__ 0.007583373023020686	false	0.5
schmerzen	neg 1.0		off 0.5210087181546117 neg 0.47150881132222466 __DUMMY__ 0.007482470523163767	false	0.5
schrumpfen	neg 1.0		off 0.5102142186308075 neg 0.4822636095062221 __DUMMY__ 0.007522171862970369	false	0.5
geistlos	off 1.0		off 0.5189393880628534 neg 0.47366768903966117 __DUMMY__ 0.007392922897485486	false	1.0
fehlkauf	neg 1.0		off 0.5213222356337331 neg 0.47122686763207283 __DUMMY__ 0.007450896734194052	false	0.5
frustrierend	neg 1.0		off 0.524952043952006 neg 0.46758890451917534 __DUMMY__ 0.007459051528818629	false	0.5
unzufrieden	neg 1.0		off 0.5170031214175697 neg 0.47552991474976813 __DUMMY__ 0.007466963832662161	false	0.5
verzweifeln	neg 1.0		off 0.520005145522139 neg 0.4725159474185953 __DUMMY__ 0.0074789070592658075	false	0.5
verzweifelt	neg 1.0		off 0.5214972009846884 neg 0.4710457747726915 __DUMMY__ 0.007457024242619947	false	0.5
misstrauensantrag	neg 1.0		off 0.5219602895109882 neg 0.47059301439198253 __DUMMY__ 0.00744669609702925	false	0.5
abfallen	neg 1.0		off 0.5234355691779636 neg 0.4690712013623168 __DUMMY__ 0.007493229459719562	false	0.5
fucker	off 1.0		off 0.5257482840432517 neg 0.4668468760442645 __DUMMY__ 0.007404839912483702	false	1.0
ungezogen	neg 1.0		off 0.5337055033610183 neg 0.4589279880640274 __DUMMY__ 0.007366508574954406	false	0.5
irrsinnig	neg 1.0	neg 1.0	neg 0.7204503730189171 off 0.27598058876044423 __DUMMY__ 0.0035690382206385544	false	1.0
unfassbar	neg 1.0		off 0.524623019693199 neg 0.46796111345840496 __DUMMY__ 0.007415866848396174	false	0.5
hart	neg 1.0		off 0.5234537328584581 neg 0.46910382723141864 __DUMMY__ 0.007442439910123242	false	0.5
widerlich	off 1.0		off 0.5249614150731226 neg 0.4676377585952867 __DUMMY__ 0.00740082633159065	false	1.0
fatal	neg 1.0		off 0.5217257696526121 neg 0.4708222350619945 __DUMMY__ 0.007451995285393349	false	0.5
bruch	neg 1.0		off 0.5136405154786595 neg 0.4788448860643395 __DUMMY__ 0.0075145984570008555	false	0.5
aushungern	neg 1.0		off 0.5172784949291721 neg 0.4752703544286088 __DUMMY__ 0.007451150642219021	false	0.5
anspannung	neg 1.0	neg 1.0	neg 0.722197120588525 off 0.2741422480366669 __DUMMY__ 0.0036606313748080645	false	1.0
von			off 0.5161670881722711 neg 0.47629185270716706 __DUMMY__ 0.007541059120561859	false	0.0
kraftlos	neg 1.0		off 0.5209249669107906 neg 0.47154731569077896 __DUMMY__ 0.007527717398430262	false	0.5
vom			off 0.5128315104352564 neg 0.4795663782384523 __DUMMY__ 0.007602111326291442	false	0.0
grenzdebil	off 1.0		off 0.5264304864888041 neg 0.466146900560166 __DUMMY__ 0.007422612951030076	false	1.0
vor			off 0.5160171003136167 neg 0.4764536080169047 __DUMMY__ 0.007529291669478738	false	0.0
unterwerfen	neg 1.0		off 0.5161610010368147 neg 0.47635044406080274 __DUMMY__ 0.007488554902382452	false	0.5
versenkung	neg 1.0		off 0.5163175546825824 neg 0.47618481488544734 __DUMMY__ 0.007497630431970234	false	0.5
entziehen	neg 1.0		off 0.5139008877932539 neg 0.47858824731347516 __DUMMY__ 0.007510864893271038	false	0.5
finanzkrise	neg 1.0		off 0.5170471500812482 neg 0.47551021423211476 __DUMMY__ 0.007442635686637097	false	0.5
schimpfend	neg 1.0		off 0.5236276842481347 neg 0.4688725286720467 __DUMMY__ 0.007499787079818597	false	0.5
profan	neg 1.0		off 0.5228435764042249 neg 0.4697082659432232 __DUMMY__ 0.007448157652551997	false	0.5
korruption	neg 1.0		off 0.5150047887461091 neg 0.47754555303244917 __DUMMY__ 0.007449658221441734	false	0.5
â			off 0.517481529276767 neg 0.4750175651889909 __DUMMY__ 0.0075009055342421015	false	0.0
schmutzig	neg 1.0		off 0.5270742806596951 neg 0.4654809044811859 __DUMMY__ 0.007444814859119134	false	0.5
sexy	neg 1.0		off 0.523654865015476 neg 0.46889541261053347 __DUMMY__ 0.007449722373990518	false	0.5
abraten	neg 1.0		off 0.5216844769488388 neg 0.4708642098162148 __DUMMY__ 0.007451313234946433	false	0.5
schwarz	neg 1.0		off 0.5208414202064062 neg 0.4717084230863405 __DUMMY__ 0.0074501567072533395	false	0.5
fotze	off 1.0		off 0.5157300074515956 neg 0.476789397637557 __DUMMY__ 0.007480594910847458	false	1.0
verwirren	neg 1.0		off 0.5229619763166098 neg 0.4695917498693916 __DUMMY__ 0.007446273813998621	false	0.5
zahnlos	off 1.0		off 0.5168980756730407 neg 0.4756372369506414 __DUMMY__ 0.0074646873763178955	false	1.0
verheeren	neg 1.0		off 0.5355456611418906 neg 0.4570761503083308 __DUMMY__ 0.007378188549778487	false	0.5
hippie	neg 1.0		off 0.5227498504133478 neg 0.4698038360032691 __DUMMY__ 0.007446313583383182	false	0.5
rammen	neg 1.0		off 0.5220873554482054 neg 0.47043470175366814 __DUMMY__ 0.007477942798126451	false	0.5
unlauter	neg 1.0		off 0.516198391408989 neg 0.4764072109227389 __DUMMY__ 0.007394397668271935	false	0.5
unheilvoll	neg 1.0		off 0.5243636400948202 neg 0.46815194444839 __DUMMY__ 0.007484415456789929	false	0.5
niedrig	neg 1.0		off 0.5172456614056847 neg 0.4752329399796261 __DUMMY__ 0.007521398614689228	false	0.5
explosion	neg 1.0		off 0.5220442951567021 neg 0.47051019766448604 __DUMMY__ 0.007445507178811797	false	0.5
weichei	off 1.0		off 0.5303733100872866 neg 0.46225026448424433 __DUMMY__ 0.007376425428469001	false	1.0
minusmensch	off 1.0		off 0.5300336447979213 neg 0.4626710230044298 __DUMMY__ 0.007295332197648841	false	1.0
farblos	neg 1.0		off 0.5223652010665102 neg 0.4701073968151163 __DUMMY__ 0.007527402118373626	false	0.5
unwissend	neg 1.0	neg 1.0	neg 0.71852739713995 off 0.2779225140956807 __DUMMY__ 0.003550088764369273	false	1.0
traurig	neg 1.0		off 0.5283305763729397 neg 0.4642581563817788 __DUMMY__ 0.00741126724528156	false	0.5
senkung	neg 1.0		off 0.5202340447536624 neg 0.4723569565839585 __DUMMY__ 0.007408998662379176	false	0.5
ungleich	neg 1.0	neg 1.0	neg 0.7236500669339907 off 0.27277058916294894 __DUMMY__ 0.0035793439030603605	false	1.0
heikel	neg 1.0		off 0.5142470936337931 neg 0.4782709781097636 __DUMMY__ 0.007481928256443249	false	0.5
drosselung	neg 1.0		off 0.5260146559862094 neg 0.4665591008415794 __DUMMY__ 0.0074262431722111385	false	0.5
falsch	neg 1.0		off 0.5243134034284126 neg 0.46824380707707075 __DUMMY__ 0.007442789494516501	false	0.5
unzufriedenheit	neg 1.0		off 0.5141761840560523 neg 0.4783296474475612 __DUMMY__ 0.007494168496386632	false	0.5
kurz	neg 1.0		off 0.5204537141571888 neg 0.4720364692265283 __DUMMY__ 0.007509816616282914	false	0.5
unsinnig	neg 1.0		off 0.5166004163792691 neg 0.4759513332962196 __DUMMY__ 0.007448250324511263	false	0.5
penner	off 1.0	off 1.0	off 0.7523641624552206 neg 0.24411004781420143 __DUMMY__ 0.003525789730577876	false	1.0
seicht	neg 1.0		off 0.531127069006824 neg 0.4615442969458791 __DUMMY__ 0.007328634047296867	false	0.5
dummheit	off 1.0	off 1.0	off 0.7466702989886919 neg 0.24976945367109327 __DUMMY__ 0.003560247340214776	false	1.0
unerfreulich	neg 1.0		off 0.514949344727673 neg 0.47753756742925585 __DUMMY__ 0.0075130878430711345	false	0.5
motherfucker	off 1.0	off 1.0	off 0.7486339754409154 neg 0.24782355662705868 __DUMMY__ 0.0035424679320258923	false	1.0
pikiert	neg 1.0		off 0.5237488496473944 neg 0.4688462742056599 __DUMMY__ 0.007404876146945782	false	0.5
wrack	neg 1.0		off 0.5175107191101042 neg 0.4749752524404384 __DUMMY__ 0.007514028449457314	false	0.5
gangster	neg 1.0		off 0.5227289939905273 neg 0.4698170712500022 __DUMMY__ 0.007453934759470532	false	0.5
krank	neg 1.0		off 0.5279427110082835 neg 0.46461599035322043 __DUMMY__ 0.007441298638496059	false	0.5
reich	neg 1.0		off 0.5215076779210405 neg 0.47109795201391824 __DUMMY__ 0.0073943700650411755	false	0.5
gnadenlos	neg 1.0		off 0.5212310019032623 neg 0.4713008589044703 __DUMMY__ 0.007468139192267383	false	0.5
niedergeschlagen	neg 1.0		off 0.5210998023607115 neg 0.4713870054797755 __DUMMY__ 0.00751319215951293	false	0.5
terrorisieren	off 1.0	off 1.0	off 0.7443269264605085 neg 0.25207714721757524 __DUMMY__ 0.0035959263219163457	false	1.0
sinnlosigkeit	neg 1.0		off 0.5175362706413053 neg 0.47499195195307065 __DUMMY__ 0.00747177740562417	false	0.5
behindern	neg 1.0		off 0.5185846789452488 neg 0.4739530464773242 __DUMMY__ 0.007462274577426861	false	0.5
undemokratisch	neg 1.0		off 0.5179735270627719 neg 0.47460730408722296 __DUMMY__ 0.0074191688500052175	false	0.5
wirtschaftskrise	neg 1.0		off 0.5154468354173039 neg 0.47708587050787765 __DUMMY__ 0.007467294074818394	false	0.5
neid	neg 1.0		off 0.5267756032771921 neg 0.4657549907091779 __DUMMY__ 0.00746940601362997	false	0.5
rutschen	neg 1.0		off 0.5168445559988422 neg 0.4755785785813383 __DUMMY__ 0.007576865419819524	false	0.5
rezession	neg 1.0		off 0.5271928308251348 neg 0.4654318585566338 __DUMMY__ 0.007375310618231431	false	0.5
fehlgeburt	neg 1.0		off 0.5243866915497564 neg 0.46812354929899813 __DUMMY__ 0.007489759151245416	false	0.5
charakterschwach	off 1.0		off 0.5255224254224842 neg 0.46705960344999486 __DUMMY__ 0.0074179711275209346	false	1.0
isolation	neg 1.0		off 0.5246238067608564 neg 0.46792184416506777 __DUMMY__ 0.007454349074075924	false	0.5
ablenkung	neg 1.0		off 0.520830131491415 neg 0.4716962593909711 __DUMMY__ 0.0074736091176138926	false	0.5
pech	neg 1.0		off 0.5247274719650771 neg 0.4678184876135364 __DUMMY__ 0.007454040421386471	false	0.5
vermeidung	neg 1.0		off 0.5246879366341819 neg 0.4679132225128264 __DUMMY__ 0.007398840852991795	false	0.5
dominieren	neg 1.0		off 0.5188972760655428 neg 0.4735780305076211 __DUMMY__ 0.007524693426835975	false	0.5
schwindlig	neg 1.0		off 0.5261475242776859 neg 0.4663447251465886 __DUMMY__ 0.007507750575725531	false	0.5
lutscher	neg 1.0		off 0.532271051704382 neg 0.4603974286259 __DUMMY__ 0.007331519669718177	false	0.5
pflicht	neg 1.0		off 0.5142611436528606 neg 0.47825237926011055 __DUMMY__ 0.00748647708702887	false	0.5
faschist	off 1.0		off 0.520031883757105 neg 0.47256372572400634 __DUMMY__ 0.007404390518888765	false	1.0
verschleudern	neg 1.0		off 0.5122845636109042 neg 0.4802828398951303 __DUMMY__ 0.007432596493965306	false	0.5
wenn			off 0.5244377018007579 neg 0.46812222395507475 __DUMMY__ 0.007440074244167306	false	0.0
ehebruch	neg 1.0		off 0.5166012611109819 neg 0.4759156512107966 __DUMMY__ 0.007483087678221448	false	0.5
spott	off 1.0		off 0.5149445412048097 neg 0.4775865610217226 __DUMMY__ 0.007468897773467702	false	1.0
trostlosigkeit	neg 1.0		off 0.5145312426101842 neg 0.4779547854563194 __DUMMY__ 0.007513971933496385	false	0.5
lutschen	neg 1.0		off 0.5216949387949595 neg 0.47086725466105955 __DUMMY__ 0.007437806543980682	false	0.5
undiszipliniert	neg 1.0		off 0.528083994488343 neg 0.4644908124747495 __DUMMY__ 0.007425193036907431	false	0.5
kopfschmerz	neg 1.0		off 0.521173781567212 neg 0.47131198815675457 __DUMMY__ 0.007514230276033596	false	0.5
unvorhergesehen	neg 1.0		off 0.5196846762747976 neg 0.47277307997322265 __DUMMY__ 0.007542243751979768	false	0.5
desinteressiert	neg 1.0		off 0.5264605794370996 neg 0.46613631513611836 __DUMMY__ 0.007403105426782156	false	0.5
armselig	off 1.0		off 0.5260088196701991 neg 0.466615988604126 __DUMMY__ 0.007375191725674827	false	1.0
desaster	neg 1.0		off 0.5117761506768348 neg 0.4807258468823759 __DUMMY__ 0.007498002440789388	false	0.5
tod	neg 1.0		off 0.5189992336178479 neg 0.47348054984531357 __DUMMY__ 0.007520216536838452	false	0.5
herzlos	neg 1.0		off 0.5278061086622365 neg 0.46480136441598036 __DUMMY__ 0.007392526921783094	false	0.5
unwissenheit	neg 1.0		off 0.5156358418061785 neg 0.4769174879199539 __DUMMY__ 0.007446670273867615	false	0.5
widersinnig	neg 1.0	neg 1.0	neg 0.7237673561534723 off 0.2726807670420231 __DUMMY__ 0.003551876804504625	false	1.0
bedenklich	neg 1.0		off 0.5156305680901451 neg 0.47689644307368667 __DUMMY__ 0.007472988836168099	false	0.5
beanstanden	neg 1.0		off 0.5137772419466272 neg 0.47873058417455155 __DUMMY__ 0.007492173878821293	false	0.5
panisch	neg 1.0	neg 1.0	neg 0.7171278419044356 off 0.27926873623342363 __DUMMY__ 0.0036034218621407753	false	1.0
debil	off 1.0		off 0.5104578756919508 neg 0.48199856014587955 __DUMMY__ 0.007543564162169511	false	1.0
abstrich	neg 1.0		off 0.5160457451867436 neg 0.47649096206508085 __DUMMY__ 0.007463292748175476	false	0.5
primitiv	neg 1.0		off 0.5255678478542698 neg 0.46703053742721146 __DUMMY__ 0.00740161471851863	false	0.5
abschaum	off 1.0	off 1.0	off 0.7478318499472104 neg 0.248614016117491 __DUMMY__ 0.0035541339352986446	false	1.0
provozieren	neg 1.0		off 0.5201366234603676 neg 0.47240942774934597 __DUMMY__ 0.007453948790286538	false	0.5
tot	neg 1.0		off 0.514692221230816 neg 0.47784517163566725 __DUMMY__ 0.007462607133516852	false	0.5
instabil	neg 1.0		off 0.5229110947059393 neg 0.46972752791625066 __DUMMY__ 0.007361377377809929	false	0.5
schwuchtel	off 1.0		off 0.536543437655092 neg 0.45615387979581073 __DUMMY__ 0.007302682549097145	false	1.0
zerren	neg 1.0		off 0.5211105405157972 neg 0.47137666396776995 __DUMMY__ 0.0075127955164327395	false	0.5
kinderficker	off 1.0		off 0.5272573711562668 neg 0.46540029028424973 __DUMMY__ 0.00734233855948355	false	1.0
gefahr	neg 1.0		off 0.5154959545094094 neg 0.47699141515974824 __DUMMY__ 0.007512630330842454	false	0.5
rabiat	neg 1.0		off 0.51959451828131 neg 0.47294664402518305 __DUMMY__ 0.007458837693506922	false	0.5
verlangsamung	neg 1.0		off 0.5314338212382342 neg 0.46119581745051114 __DUMMY__ 0.007370361311254528	false	0.5
ausgestorben	neg 1.0		off 0.5208158548407538 neg 0.4716911723462777 __DUMMY__ 0.0074929728129684205	false	0.5
anklagen	neg 1.0		off 0.5177607334348113 neg 0.47476920974683146 __DUMMY__ 0.0074700568183572605	false	0.5
trott	neg 1.0		off 0.5199984776182937 neg 0.4725198860020502 __DUMMY__ 0.007481636379656125	false	0.5
verminderung	neg 1.0		off 0.525190354571824 neg 0.4674197459591677 __DUMMY__ 0.007389899469008444	false	0.5
nach			off 0.5164961359738791 neg 0.4758954681846244 __DUMMY__ 0.007608395841496479	false	0.0
rost	neg 1.0		off 0.5307787874943605 neg 0.4618349210321044 __DUMMY__ 0.007386291473535074	false	0.5
destruktiv	neg 1.0		off 0.5171599901112496 neg 0.475409269472833 __DUMMY__ 0.0074307404159174575	false	0.5
unzumutbarkeit	neg 1.0		off 0.5248865335817485 neg 0.46767323400570304 __DUMMY__ 0.007440232412548514	false	0.5
labil	off 1.0	off 1.0	off 0.7478022442176543 neg 0.24864262758000466 __DUMMY__ 0.0035551282023411814	false	1.0
ziemlich	neg 1.0		off 0.5264812335786406 neg 0.46608213995896824 __DUMMY__ 0.007436626462391126	false	0.5
lachnummer	off 1.0		off 0.5183647165303845 neg 0.4741882672777102 __DUMMY__ 0.007447016191905352	false	1.0
oder			off 0.5214549491527247 neg 0.4710615434983264 __DUMMY__ 0.007483507348948764	false	0.0
verfall	neg 1.0		off 0.510558613695569 neg 0.48191387246734363 __DUMMY__ 0.007527513837087411	false	0.5
ausgrenzung	neg 1.0		off 0.5194173178395248 neg 0.47315685674711994 __DUMMY__ 0.0074258254133553	false	0.5
unordnung	neg 1.0		off 0.5255866725114928 neg 0.46697994300701745 __DUMMY__ 0.007433384481489702	false	0.5
fehlverhalten	neg 1.0		off 0.5145811424245952 neg 0.47793421098405553 __DUMMY__ 0.007484646591349205	false	0.5
eine			off 0.5151794354926048 neg 0.4773132385598315 __DUMMY__ 0.007507325947563731	false	0.0
nille	neg 1.0		off 0.5186758822037394 neg 0.4738507849730827 __DUMMY__ 0.007473332823177984	false	0.5
qual	neg 1.0		off 0.5196821503156824 neg 0.47283704785624836 __DUMMY__ 0.007480801828069205	false	0.5
verschwenden	neg 1.0		off 0.5166921719570453 neg 0.4758292650569957 __DUMMY__ 0.007478562985959058	false	0.5
riesig	neg 1.0	neg 1.0	neg 0.7209685752484959 off 0.27541857165864125 __DUMMY__ 0.003612853092862947	false	1.0
verurteilen	neg 1.0		off 0.5172362840726739 neg 0.475291300967371 __DUMMY__ 0.0074724149599550435	false	0.5
klischee	neg 1.0	neg 1.0	neg 0.7196370554421129 off 0.2768112222669955 __DUMMY__ 0.0035517222908915407	false	1.0
diktatorisch	neg 1.0		off 0.5180059803868676 neg 0.4745866703910447 __DUMMY__ 0.007407349222087664	false	0.5
vorhersehbar	neg 1.0	neg 1.0	neg 0.7195593485309001 off 0.2768795174451355 __DUMMY__ 0.0035611340239644976	false	1.0
sowie			off 0.5291514769306076 neg 0.4634756631542052 __DUMMY__ 0.007372859915187156	false	0.0
stornieren	neg 1.0		off 0.5237349645924751 neg 0.4687537715302738 __DUMMY__ 0.007511263877251014	false	0.5
besteuerung	neg 1.0		off 0.5177487911971087 neg 0.4748353294666124 __DUMMY__ 0.007415879336278963	false	0.5
ungeschminkt	neg 1.0		off 0.5252673173908711 neg 0.4673228608896449 __DUMMY__ 0.007409821719483932	false	0.5
kritisch	neg 1.0		off 0.5151267894748363 neg 0.4774031175655877 __DUMMY__ 0.007470092959575995	false	0.5
schlamperei	off 1.0		off 0.5136670973714335 neg 0.47886361559992136 __DUMMY__ 0.007469287028645213	false	1.0
sucht	neg 1.0	neg 1.0	neg 0.7197785297098769 off 0.2766273359566019 __DUMMY__ 0.003594134333521376	false	1.0
egoistisch	off 1.0		off 0.530599888829818 neg 0.4620163223433272 __DUMMY__ 0.007383788826854873	false	1.0
ausbeuter	off 1.0		off 0.513394366976013 neg 0.4791376540693929 __DUMMY__ 0.007467978954594087	false	1.0
arschgeburt	off 1.0		off 0.5361022530752023 neg 0.45660433848173937 __DUMMY__ 0.007293408443058341	false	1.0
schubs	neg 1.0	neg 1.0	neg 0.7201736091163295 off 0.27621494541538827 __DUMMY__ 0.0036114454682821375	false	1.0
unsolide	neg 1.0		off 0.5161614656352808 neg 0.4764738109600512 __DUMMY__ 0.007364723404668044	false	0.5
beschwerde	neg 1.0		off 0.5142338786611275 neg 0.47829284096935526 __DUMMY__ 0.007473280369517203	false	0.5
stocken	neg 1.0		off 0.5165710186357652 neg 0.47593116298101235 __DUMMY__ 0.007497818383222404	false	0.5
isolieren	neg 1.0		off 0.5172129530317112 neg 0.4753048358002235 __DUMMY__ 0.007482211168065255	false	0.5
unheilbar	neg 1.0		off 0.5228185091051157 neg 0.4696804868831117 __DUMMY__ 0.0075010040117723395	false	0.5
pisser	off 1.0		off 0.5273036359759146 neg 0.46527386421566275 __DUMMY__ 0.007422499808422788	false	1.0
löschen	neg 1.0		off 0.5201888387716503 neg 0.47233680910215653 __DUMMY__ 0.007474352126193123	false	0.5
durchfallen	neg 1.0		off 0.51606483936182 neg 0.47648033584908717 __DUMMY__ 0.0074548247890928905	false	0.5
wichser	off 1.0		off 0.5349909302414317 neg 0.45765984489656525 __DUMMY__ 0.007349224862003046	false	1.0
terror	neg 1.0		off 0.523896683609008 neg 0.46863362001301423 __DUMMY__ 0.0074696963779778795	false	0.5
krass	neg 1.0		off 0.5284104743345915 neg 0.46419983268380866 __DUMMY__ 0.007389692981599872	false	0.5
revolte	neg 1.0		off 0.5201871753454602 neg 0.4723884613639721 __DUMMY__ 0.007424363290567537	false	0.5
besorgt	neg 1.0		off 0.5206289250313729 neg 0.47184792288365357 __DUMMY__ 0.007523152084973444	false	0.5
nachlassen	neg 1.0		off 0.5165462134081944 neg 0.47595050155395696 __DUMMY__ 0.007503285037848706	false	0.5
alt	neg 1.0		off 0.5177361443186046 neg 0.4747667487435887 __DUMMY__ 0.007497106937806609	false	0.5
hundesohn	off 1.0		off 0.5315966809196917 neg 0.4610708616309699 __DUMMY__ 0.007332457449338415	false	1.0
als			off 0.5195195992443759 neg 0.4729794295269335 __DUMMY__ 0.007500971228690803	false	0.0
abschreckung	neg 1.0		off 0.5141479228023366 neg 0.4783428952623269 __DUMMY__ 0.007509181935336686	false	0.5
unqualifiziert	neg 1.0		off 0.5196738532449531 neg 0.47293819860901093 __DUMMY__ 0.007387948146036084	false	0.5
abgewichst	off 1.0		off 0.5183821809318725 neg 0.47413600281379725 __DUMMY__ 0.007481816254330182	false	1.0
schwer	neg 1.0		off 0.5207290274269561 neg 0.47178991329032083 __DUMMY__ 0.007481059282722926	false	0.5
bedeutungslosigkeit	neg 1.0		off 0.5144415242518104 neg 0.4780644937032757 __DUMMY__ 0.007493982044913962	false	0.5
kapitulation	neg 1.0		off 0.5141732199912222 neg 0.4783689103545659 __DUMMY__ 0.007457869654211774	false	0.5
unscharf	neg 1.0		off 0.5220442618252525 neg 0.47051335013058593 __DUMMY__ 0.0074423880441614725	false	0.5
schwinden	neg 1.0		off 0.5150463690110025 neg 0.4774488705079622 __DUMMY__ 0.0075047604810352785	false	0.5
versklavung	neg 1.0		off 0.5182334425557644 neg 0.4743484127982487 __DUMMY__ 0.0074181446459869365	false	0.5
schlecht	neg 1.0		off 0.5268256705401866 neg 0.465733738650501 __DUMMY__ 0.007440590809312543	false	0.5
verhasst	neg 1.0		off 0.5206100994651115 neg 0.47193673043402984 __DUMMY__ 0.0074531701008586715	false	0.5
beschweren	neg 1.0		off 0.5219998317738407 neg 0.47054308422925994 __DUMMY__ 0.007457083996899319	false	0.5
scheiden	neg 1.0		off 0.522982079000205 neg 0.4695104870103875 __DUMMY__ 0.0075074339894073885	false	0.5
frustriert	neg 1.0		off 0.5193534646910697 neg 0.4731637387857802 __DUMMY__ 0.007482796523150094	false	0.5
schimmelig	neg 1.0		off 0.5176862227865159 neg 0.4748036082143733 __DUMMY__ 0.007510168999110976	false	0.5
fisch	neg 1.0		off 0.5172491272134935 neg 0.4752177189517151 __DUMMY__ 0.007533153834791461	false	0.5
schmuggel	neg 1.0		off 0.5178612617751724 neg 0.47459058118897135 __DUMMY__ 0.00754815703585622	false	0.5
auffallen	neg 1.0		off 0.5227598740596181 neg 0.4697861688557714 __DUMMY__ 0.007453957084610457	false	0.5
konkurrenz	neg 1.0	neg 1.0	neg 0.7237522559087106 off 0.2726426200308359 __DUMMY__ 0.003605124060453514	false	1.0
teufelskreis	neg 1.0		off 0.5197462557237266 neg 0.472776467392501 __DUMMY__ 0.007477276883772389	false	0.5
aufschreien	neg 1.0		off 0.5217600974860584 neg 0.4707996749187513 __DUMMY__ 0.007440227595190325	false	0.5
schuldner	neg 1.0		off 0.514872486047285 neg 0.47762999157826114 __DUMMY__ 0.007497522374453768	false	0.5
missgeburt	off 1.0	off 1.0	off 0.7508295668436601 neg 0.24563940922475955 __DUMMY__ 0.003531023931580274	false	1.0
arbeitslos	neg 1.0		off 0.5165695653334973 neg 0.475972494943828 __DUMMY__ 0.007457939722674853	false	0.5
befallen	neg 1.0		off 0.5186447940572774 neg 0.4738751295299288 __DUMMY__ 0.007480076412793829	false	0.5
miesepetrig	off 1.0	off 1.0	off 0.7494965142737674 neg 0.2469367959679102 __DUMMY__ 0.0035666897583223572	false	1.0
alarmieren	neg 1.0		off 0.5231127954268701 neg 0.4694689441559225 __DUMMY__ 0.007418260417207552	false	0.5
ungeduscht	off 1.0		off 0.5247604401885745 neg 0.46778169277242854 __DUMMY__ 0.007457867038996849	false	1.0
knappheit	neg 1.0		off 0.5143578823784748 neg 0.4781844294853609 __DUMMY__ 0.007457688136164287	false	0.5
schlange	neg 1.0		off 0.524208424315301 neg 0.46829717854482283 __DUMMY__ 0.007494397139876131	false	0.5
harsch	neg 1.0		off 0.5307388497867492 neg 0.46184353002003836 __DUMMY__ 0.0074176201932123435	false	0.5
lang	neg 1.0		off 0.520920958566611 neg 0.47160248630320334 __DUMMY__ 0.007476555130185732	false	0.5
ziellos	neg 1.0		off 0.5197135101387051 neg 0.47276893347713006 __DUMMY__ 0.007517556384164824	false	0.5
selbstverliebt	neg 1.0		off 0.5338524328356185 neg 0.45883638938793553 __DUMMY__ 0.007311177776446059	false	0.5
beseitigen	neg 1.0		off 0.5189142636201864 neg 0.4736138393875997 __DUMMY__ 0.007471896992213786	false	0.5
dumm	off 1.0		off 0.5305549994808118 neg 0.4620839084212049 __DUMMY__ 0.0073610920979833554	false	1.0
arbeitsloser	neg 1.0		off 0.5172752618120393 neg 0.4752353487681573 __DUMMY__ 0.007489389419803494	false	0.5
blitzen	neg 1.0		off 0.5232845882315975 neg 0.46926451702115723 __DUMMY__ 0.007450894747245193	false	0.5
hilflos	neg 1.0		off 0.5194292300192613 neg 0.47307729226099227 __DUMMY__ 0.007493477719746422	false	0.5
eklig	off 1.0		off 0.5322790249495244 neg 0.4603475883367103 __DUMMY__ 0.00737338671376531	false	1.0
begriff			off 0.5176467117698407 neg 0.4748968481802781 __DUMMY__ 0.007456440049881243	false	0.0
hungersnot	neg 1.0		off 0.5191721980506542 neg 0.47333348293009714 __DUMMY__ 0.007494319019248727	false	0.5
ungesetzlich	neg 1.0		off 0.517266024191676 neg 0.4753535962231826 __DUMMY__ 0.007380379585141443	false	0.5
verschwendung	neg 1.0		off 0.515931282624283 neg 0.4765738317091989 __DUMMY__ 0.007494885666518167	false	0.5
schmerzvoll	neg 1.0		off 0.5224674935609941 neg 0.47006728185447405 __DUMMY__ 0.007465224584531687	false	0.5
vorzeitig	neg 1.0		off 0.5248208702375479 neg 0.46770424681096656 __DUMMY__ 0.007474882951485484	false	0.5
unvollkommenheit	neg 1.0		off 0.5217012187847958 neg 0.47075162462395853 __DUMMY__ 0.007547156591245765	false	0.5
intervenieren	neg 1.0		off 0.5134874075966759 neg 0.4790495048568702 __DUMMY__ 0.007463087546454009	false	0.5
banause	off 1.0		off 0.5325484215482823 neg 0.4601191098418618 __DUMMY__ 0.007332468609856033	false	1.0
rebell	neg 1.0		off 0.5127617054029245 neg 0.4797228039907283 __DUMMY__ 0.007515490606347055	false	0.5
unlogisch	neg 1.0		off 0.5275843670472125 neg 0.4650199535102414 __DUMMY__ 0.007395679442546173	false	0.5
leiden	neg 1.0		off 0.5194301751894881 neg 0.47300892812420053 __DUMMY__ 0.0075608966863113716	false	0.5
abschaffung	neg 1.0		off 0.5176795118742196 neg 0.47490013540422177 __DUMMY__ 0.007420352721558678	false	0.5
sturz	neg 1.0		off 0.5214537487700759 neg 0.47105397778978914 __DUMMY__ 0.007492273440134983	false	0.5
verkleinerung	neg 1.0		off 0.5198000576288114 neg 0.47280307533157195 __DUMMY__ 0.007396867039616415	false	0.5
schmarotzer	off 1.0		off 0.515837617377244 neg 0.4767134630241371 __DUMMY__ 0.007448919598618739	false	1.0
bestrafung	neg 1.0		off 0.5211716742001057 neg 0.47137296673008455 __DUMMY__ 0.007455359069809632	false	0.5
achtlos	neg 1.0		off 0.5215418437305346 neg 0.47096291578176724 __DUMMY__ 0.00749524048769803	false	0.5
ungeheuer	neg 1.0		off 0.5234395922933125 neg 0.4691082554684672 __DUMMY__ 0.007452152238220363	false	0.5
