unsolidarisch	neg 1.0		off 0.5152799894318899 neg 0.47732311739191136 __DUMMY__ 0.007396893176198586	false	0.5
nachteilig	neg 1.0		off 0.5151529616611863 neg 0.47736421206566215 __DUMMY__ 0.007482826273151476	false	0.5
skeptisch	neg 1.0		off 0.5145869525077318 neg 0.4779216567128396 __DUMMY__ 0.007491390779428535	false	0.5
schrecklich	neg 1.0		off 0.5290972049167261 neg 0.4635019722822046 __DUMMY__ 0.007400822801069341	false	0.5
schlapp	neg 1.0		off 0.5261073899398081 neg 0.4664413710302285 __DUMMY__ 0.0074512390299633895	false	0.5
abfall	neg 1.0		off 0.5132630084913087 neg 0.4792101317131064 __DUMMY__ 0.007526859795584977	false	0.5
widerspenstig	neg 1.0		off 0.5208348640931557 neg 0.47168693358425595 __DUMMY__ 0.007478202322588233	false	0.5
abrupt	neg 1.0		off 0.517477930583469 neg 0.4749986772159257 __DUMMY__ 0.007523392200605339	false	0.5
unwirksam	neg 1.0		off 0.5164223909184507 neg 0.4761647448418553 __DUMMY__ 0.007412864239694117	false	0.5
angreifen	neg 1.0	neg 1.0	neg 0.723183194222829 off 0.2732224768856782 __DUMMY__ 0.00359432889149286	false	1.0
inkonsistent	neg 1.0		off 0.5205981488019388 neg 0.47194454738051805 __DUMMY__ 0.007457303817543016	false	0.5
abrutschen	neg 1.0		off 0.513560629699366 neg 0.47891468277434807 __DUMMY__ 0.007524687526285989	false	0.5
unsicher	neg 1.0		off 0.5211917836882829 neg 0.4713225007230977 __DUMMY__ 0.007485715588619395	false	0.5
bauernkind	off 1.0	off 1.0	off 0.7493389874189645 neg 0.24713623999299697 __DUMMY__ 0.003524772588038582	false	1.0
angreifer	neg 1.0		off 0.522752722068712 neg 0.4697627221153133 __DUMMY__ 0.007484555815974583	false	0.5
trennen	neg 1.0		off 0.5188414462643656 neg 0.4736167712500176 __DUMMY__ 0.007541782485616971	false	0.5
schmutz	neg 1.0		off 0.5272092289620512 neg 0.4652445956365146 __DUMMY__ 0.007546175401434167	false	0.5
inkonsistenz	neg 1.0		off 0.5211276758395648 neg 0.4714786935177543 __DUMMY__ 0.00739363064268082	false	0.5
erschreckend	neg 1.0		off 0.5182745607525349 neg 0.4742610638798492 __DUMMY__ 0.007464375367615872	false	0.5
ertrinken	neg 1.0		off 0.5190534543877047 neg 0.4734180237853789 __DUMMY__ 0.007528521826916322	false	0.5
pickelface	off 1.0		off 0.5174330989299846 neg 0.47509591396029 __DUMMY__ 0.007470987109725483	false	1.0
seiner			off 0.5167643666354954 neg 0.4757189746134939 __DUMMY__ 0.007516658751010691	false	0.0
lauch	neg 1.0		off 0.5116985293605674 neg 0.48080869156217054 __DUMMY__ 0.007492779077262098	false	0.5
unwichtig	neg 1.0		off 0.5240995838833635 neg 0.46847327444769077 __DUMMY__ 0.007427141668945711	false	0.5
steuerhinterziehung	neg 1.0		off 0.5162402199946236 neg 0.4763121229375443 __DUMMY__ 0.007447657067832056	false	0.5
schock	neg 1.0		off 0.5220432803706374 neg 0.4704371877966571 __DUMMY__ 0.007519531832705608	false	0.5
beule	neg 1.0		off 0.5268604945893867 neg 0.4656834459555558 __DUMMY__ 0.007456059455057569	false	0.5
vergelten	neg 1.0		off 0.5302753114365194 neg 0.4622718817302799 __DUMMY__ 0.007452806833200656	false	0.5
verdorbenheit	neg 1.0		off 0.5199400247872261 neg 0.472582367226354 __DUMMY__ 0.0074776079864197886	false	0.5
trauma	neg 1.0		off 0.5210425353888432 neg 0.4714934355780285 __DUMMY__ 0.007464029033128398	false	0.5
sinnlos	neg 1.0		off 0.5232176381695851 neg 0.4693142469760893 __DUMMY__ 0.007468114854325592	false	0.5
fettsack	off 1.0	off 1.0	off 0.7512882247088971 neg 0.24517471356817647 __DUMMY__ 0.003537061722926318	false	1.0
feige	off 1.0	off 1.0	off 0.747905945429451 neg 0.24854523239522017 __DUMMY__ 0.0035488221753288006	false	1.0
abdanken	neg 1.0		off 0.5177665186577816 neg 0.4747799755931367 __DUMMY__ 0.007453505749081611	false	0.5
wichtigtuer	off 1.0	off 1.0	off 0.7465111144260546 neg 0.24992678612830813 __DUMMY__ 0.0035620994456374007	false	1.0
misslingen	neg 1.0		off 0.5245784255419812 neg 0.4678996336694668 __DUMMY__ 0.007521940788552029	false	0.5
untreu	off 1.0		off 0.5254833235483579 neg 0.46709509200526417 __DUMMY__ 0.00742158444637784	false	1.0
missmutig	neg 1.0		off 0.5252834156377889 neg 0.4672729493169636 __DUMMY__ 0.007443635045247567	false	0.5
hurenbock	off 1.0		off 0.5221278354912708 neg 0.4704005544156579 __DUMMY__ 0.0074716100930713	false	1.0
betrunken	neg 1.0		off 0.5294205688217302 neg 0.4631279279776784 __DUMMY__ 0.0074515032005914765	false	0.5
korrupt	off 1.0		off 0.5139594770573881 neg 0.4786150940839126 __DUMMY__ 0.007425428858699158	false	1.0
unmut	neg 1.0		off 0.5124575942143084 neg 0.48003034380118614 __DUMMY__ 0.007512061984505543	false	0.5
hackfresse	off 1.0		off 0.5313281610854335 neg 0.4613116738448385 __DUMMY__ 0.007360165069728063	false	1.0
aufblasen	neg 1.0		off 0.5233383310868494 neg 0.4691721542190702 __DUMMY__ 0.007489514694080386	false	0.5
gewaltsam	neg 1.0		off 0.5195810353585051 neg 0.4729378008944187 __DUMMY__ 0.0074811637470761335	false	0.5
unbeliebtheit	neg 1.0		off 0.5182652548520058 neg 0.4743921998173915 __DUMMY__ 0.007342545330602729	false	0.5
sturheit	neg 1.0		off 0.5179891218921144 neg 0.47455032740746056 __DUMMY__ 0.007460550700425098	false	0.5
kuh	neg 1.0		off 0.5190057383382303 neg 0.4735595029185445 __DUMMY__ 0.007434758743225247	false	0.5
erschrecken	neg 1.0		off 0.5248947814584993 neg 0.4676513186971424 __DUMMY__ 0.007453899844358262	false	0.5
opfer	neg 1.0		off 0.5179318213356997 neg 0.4745578355045041 __DUMMY__ 0.007510343159796119	false	0.5
sinken	neg 1.0		off 0.513096990522259 neg 0.47939385545841023 __DUMMY__ 0.007509154019330654	false	0.5
stinktier	neg 1.0		off 0.5286931127643689 neg 0.4639257025863424 __DUMMY__ 0.007381184649288725	false	0.5
tucke	off 1.0		off 0.5291219937584012 neg 0.4635663465784243 __DUMMY__ 0.007311659663174579	false	1.0
ein			off 0.5218232472302974 neg 0.4706978729841134 __DUMMY__ 0.007478879785589264	false	0.0
abstieg	neg 1.0		off 0.5186296675982404 neg 0.4738301432309266 __DUMMY__ 0.0075401891708332235	false	0.5
missverstehen	neg 1.0		off 0.5214266774449231 neg 0.4711400076675711 __DUMMY__ 0.007433314887505823	false	0.5
ergebnislos	neg 1.0		off 0.5155066357165646 neg 0.477000284320794 __DUMMY__ 0.007493079962641263	false	0.5
unter			off 0.5120298967459607 neg 0.48037157974441747 __DUMMY__ 0.007598523509622015	false	0.0
manipulieren	neg 1.0		off 0.5151022517472648 neg 0.47740020862317334 __DUMMY__ 0.007497539629561834	false	0.5
unbewiesen	neg 1.0		off 0.5154838164552722 neg 0.47712244598800474 __DUMMY__ 0.007393737556723009	false	0.5
verschleppen	neg 1.0		off 0.5174820978526429 neg 0.4750284550643345 __DUMMY__ 0.007489447083022546	false	0.5
weib	off 1.0		off 0.5314807586761078 neg 0.461156048109378 __DUMMY__ 0.007363193214514242	false	1.0
opposition	neg 1.0		off 0.5206655422809684 neg 0.4718948707868766 __DUMMY__ 0.007439586932155044	false	0.5
verkehrswidrig	neg 1.0	neg 1.0	neg 0.7138471455751397 off 0.28256197678901146 __DUMMY__ 0.003590877635848822	false	1.0
inkorrekt	neg 1.0		off 0.5240173140901365 neg 0.4686106598958589 __DUMMY__ 0.007372026014004469	false	0.5
vermeiden	neg 1.0		off 0.5124798576707233 neg 0.4799649872895252 __DUMMY__ 0.007555155039751377	false	0.5
abweichung	neg 1.0		off 0.5148226538561586 neg 0.47770601325944695 __DUMMY__ 0.007471332884394427	false	0.5
alkoholisiert	neg 1.0		off 0.5199432976247182 neg 0.47248646064713895 __DUMMY__ 0.007570241728142725	false	0.5
scheiss	off 1.0	off 1.0	off 0.7492322249676067 neg 0.24720198694914897 __DUMMY__ 0.0035657880832443947	false	1.0
herausforderung	neg 1.0	neg 1.0	neg 0.7206290432437679 off 0.275733834870435 __DUMMY__ 0.0036371218857971115	false	1.0
pervers	off 1.0		off 0.5346855969765947 neg 0.4579687815585172 __DUMMY__ 0.007345621464888071	false	1.0
wackelig	neg 1.0		off 0.5207280890551487 neg 0.4717394325063604 __DUMMY__ 0.007532478438491025	false	0.5
verwickeln	neg 1.0		off 0.5213047752415088 neg 0.4712614747352079 __DUMMY__ 0.007433750023283289	false	0.5
vorwand	neg 1.0		off 0.5145815998920593 neg 0.4779121167211533 __DUMMY__ 0.007506283386787342	false	0.5
muschi	off 1.0		off 0.517817123534917 neg 0.47471423334004964 __DUMMY__ 0.007468643125033397	false	1.0
entmutigung	neg 1.0		off 0.5195506127920516 neg 0.4730191304799885 __DUMMY__ 0.007430256727959878	false	0.5
unangemessen	neg 1.0		off 0.5167001430803096 neg 0.4758420066766523 __DUMMY__ 0.007457850243038155	false	0.5
unstetig	neg 1.0		off 0.5218915062780896 neg 0.4706334493935599 __DUMMY__ 0.007475044328350576	false	0.5
entmutigen	neg 1.0		off 0.5209728756969761 neg 0.4715732910405018 __DUMMY__ 0.007453833262522062	false	0.5
schwanz	neg 1.0		off 0.5155654816607669 neg 0.47693623087581755 __DUMMY__ 0.0074982874634157036	false	0.5
verbot	neg 1.0		off 0.5152713447151194 neg 0.47727537664314745 __DUMMY__ 0.007453278641733182	false	0.5
leid	neg 1.0		off 0.530824449688504 neg 0.46177293731879565 __DUMMY__ 0.007402612992700459	false	0.5
archaisch	neg 1.0		off 0.5179716655183526 neg 0.474548281875393 __DUMMY__ 0.007480052606254312	false	0.5
gegen			off 0.5150550591464417 neg 0.47741488915674013 __DUMMY__ 0.0075300516968181495	false	0.0
scheidung	neg 1.0		off 0.5382488105205158 neg 0.45442013661014397 __DUMMY__ 0.007331052869340197	false	0.5
einschlag	neg 1.0	neg 1.0	neg 0.7163976973392495 off 0.28004716617798564 __DUMMY__ 0.003555136482764823	false	1.0
m			off 0.5188559032780441 neg 0.47364370275407713 __DUMMY__ 0.0075003939678787365	false	0.0
abgestanden	neg 1.0		off 0.5226790224898802 neg 0.46982965502520674 __DUMMY__ 0.007491322484913063	false	0.5
schmierig	off 1.0		off 0.530511769892182 neg 0.46207924588237664 __DUMMY__ 0.007408984225441317	false	1.0
unpraktisch	neg 1.0		off 0.523071356211635 neg 0.4694353895600851 __DUMMY__ 0.007493254228279934	false	0.5
wixxer	off 1.0		off 0.5334395743757141 neg 0.45922992303055593 __DUMMY__ 0.007330502593730064	false	1.0
bezeichnet			off 0.5188019042503497 neg 0.47373875903775076 __DUMMY__ 0.007459336711899679	false	0.0
jammerlappen	off 1.0		off 0.5246407874327033 neg 0.4679267956478223 __DUMMY__ 0.007432416919474477	false	1.0
farce	neg 1.0		off 0.5152695180825689 neg 0.47729488259897895 __DUMMY__ 0.007435599318452006	false	0.5
zwecklos	neg 1.0		off 0.5174098064895922 neg 0.4751201911746661 __DUMMY__ 0.007470002335741648	false	0.5
turbulent	neg 1.0		off 0.5236828182174751 neg 0.4689130890939697 __DUMMY__ 0.007404092688555168	false	0.5
invasion	neg 1.0		off 0.5229077165902063 neg 0.46963038448439387 __DUMMY__ 0.007461898925399787	false	0.5
schuld	neg 1.0		off 0.5208825630908331 neg 0.4716548644204733 __DUMMY__ 0.007462572488693669	false	0.5
risiko	neg 1.0		off 0.5210264093935344 neg 0.47149463638221734 __DUMMY__ 0.0074789542242482	false	0.5
finster	neg 1.0		off 0.5222457200567198 neg 0.47027530348721813 __DUMMY__ 0.007478976456062097	false	0.5
geisteskrank	off 1.0		off 0.5251804872111132 neg 0.46741613840673363 __DUMMY__ 0.0074033743821530894	false	1.0
zusammenbrechen	neg 1.0		off 0.5199062186344021 neg 0.4725952549896931 __DUMMY__ 0.007498526375904787	false	0.5
ausbeute	neg 1.0		off 0.5170173157936845 neg 0.4754622734595701 __DUMMY__ 0.0075204107467454935	false	0.5
hinterhalt	neg 1.0		off 0.5184596387765513 neg 0.47405586506253494 __DUMMY__ 0.007484496160913641	false	0.5
kritik	neg 1.0		off 0.5156356770831705 neg 0.47691910666203663 __DUMMY__ 0.007445216254793003	false	0.5
einschrumpfen	neg 1.0		off 0.5199342348175875 neg 0.47266578495184886 __DUMMY__ 0.0073999802305636945	false	0.5
riskant	neg 1.0		off 0.5163146956157055 neg 0.47619575910844336 __DUMMY__ 0.007489545275851121	false	0.5
frustrieren	neg 1.0		off 0.5166000579014921 neg 0.4759098845979751 __DUMMY__ 0.007490057500532698	false	0.5
groll	neg 1.0		off 0.5179426662101049 neg 0.47457211014982564 __DUMMY__ 0.007485223640069537	false	0.5
gibt			off 0.5179786441375989 neg 0.4745453616049525 __DUMMY__ 0.007475994257448703	false	0.0
qualvoll	neg 1.0		off 0.5251871334589124 neg 0.4673381964142922 __DUMMY__ 0.007474670126795363	false	0.5
wackeln	neg 1.0	neg 1.0	neg 0.718635544918908 off 0.27776047349364663 __DUMMY__ 0.0036039815874452374	false	1.0
klagen	neg 1.0		off 0.5125758555529164 neg 0.47992062949881786 __DUMMY__ 0.0075035149482657205	false	0.5
bankrott	neg 1.0		off 0.5243412570880689 neg 0.468208476935038 __DUMMY__ 0.007450265976893256	false	0.5
trauern	neg 1.0		off 0.5182591783906971 neg 0.47422083670782617 __DUMMY__ 0.007519984901476705	false	0.5
ablehnung	neg 1.0		off 0.5156529060222187 neg 0.47690227340659974 __DUMMY__ 0.007444820571181569	false	0.5
stur	neg 1.0		off 0.5210833997882067 neg 0.47146428715562627 __DUMMY__ 0.007452313056167025	false	0.5
aufruhr	neg 1.0		off 0.5198976401081628 neg 0.47261401116677126 __DUMMY__ 0.0074883487250659245	false	0.5
melancholie	neg 1.0		off 0.5194193910923003 neg 0.473069698308876 __DUMMY__ 0.007510910598823836	false	0.5
ist			off 0.5218128425652333 neg 0.4707295121725369 __DUMMY__ 0.007457645262229746	false	0.0
torheit	neg 1.0		off 0.5193606437291781 neg 0.47319840497803883 __DUMMY__ 0.007440951292782984	false	0.5
dreckskind	off 1.0		off 0.5299271298188419 neg 0.4627011857599603 __DUMMY__ 0.0073716844211978725	false	1.0
umtauschen	neg 1.0		off 0.5204468715536792 neg 0.47207110360946 __DUMMY__ 0.007482024836860765	false	0.5
zum			off 0.5149455623932896 neg 0.4774620074087486 __DUMMY__ 0.007592430197961657	false	0.0
zersetzen	neg 1.0		off 0.5141867368343247 neg 0.47832870524438786 __DUMMY__ 0.00748455792128745	false	0.5
zur			off 0.5116088777173431 neg 0.48083641338718003 __DUMMY__ 0.007554708895476838	false	0.0
frust	neg 1.0		off 0.5193998435878155 neg 0.4731056893659178 __DUMMY__ 0.00749446704626677	false	0.5
unerbittlichkeit	neg 1.0		off 0.5143768437785976 neg 0.47813779582705696 __DUMMY__ 0.007485360394345541	false	0.5
zwei			off 0.5162951643738329 neg 0.4761375142234801 __DUMMY__ 0.0075673214026869785	false	0.0
unkorrekt	neg 1.0		off 0.5240733735278326 neg 0.4685665387054927 __DUMMY__ 0.007360087766674796	false	0.5
hexe	off 1.0		off 0.5243121072223879 neg 0.4682775215077594 __DUMMY__ 0.007410371269852658	false	1.0
lasch	neg 1.0		off 0.5213349445120119 neg 0.47125815960042927 __DUMMY__ 0.007406895887558953	false	0.5
rivale	neg 1.0		off 0.5286515821645111 neg 0.4639122618586672 __DUMMY__ 0.007436155976821524	false	0.5
mutlos	off 1.0	off 1.0	off 0.7428616084985684 neg 0.25356182805398886 __DUMMY__ 0.0035765634474427357	false	1.0
wirr	off 1.0		off 0.5250998033830253 neg 0.467530970990586 __DUMMY__ 0.007369225626388786	false	1.0
jahr			off 0.5170360775515201 neg 0.47542337438154036 __DUMMY__ 0.00754054806693952	false	0.0
wird			off 0.5172184885510366 neg 0.4752889620934574 __DUMMY__ 0.007492549355506034	false	0.0
strafbar	neg 1.0		off 0.515504951812304 neg 0.477020182858533 __DUMMY__ 0.007474865329162951	false	0.5
erosion	neg 1.0		off 0.522074982554323 neg 0.4704359629748686 __DUMMY__ 0.007489054470808431	false	0.5
eingehen	neg 1.0		off 0.5160046637400021 neg 0.47653214607076594 __DUMMY__ 0.007463190189231967	false	0.5
faul	off 1.0		off 0.5255534556933413 neg 0.4669850655528106 __DUMMY__ 0.007461478753848177	false	1.0
provisorium	neg 1.0		off 0.5108060989024894 neg 0.48161052807448984 __DUMMY__ 0.007583373023020691	false	0.5
schmerzen	neg 1.0		off 0.5210087181546115 neg 0.4715088113222248 __DUMMY__ 0.007482470523163769	false	0.5
schrumpfen	neg 1.0		off 0.5102142186308077 neg 0.48226360950622194 __DUMMY__ 0.007522171862970379	false	0.5
geistlos	off 1.0		off 0.5189393880628533 neg 0.47366768903966106 __DUMMY__ 0.007392922897485487	false	1.0
fehlkauf	neg 1.0		off 0.5213222356337336 neg 0.4712268676320724 __DUMMY__ 0.00745089673419404	false	0.5
frustrierend	neg 1.0		off 0.5249520439520056 neg 0.4675889045191758 __DUMMY__ 0.007459051528818632	false	0.5
unzufrieden	neg 1.0		off 0.5170031214175694 neg 0.47552991474976847 __DUMMY__ 0.007466963832662158	false	0.5
verzweifeln	neg 1.0		off 0.5200051455221385 neg 0.47251594741859576 __DUMMY__ 0.00747890705926581	false	0.5
verzweifelt	neg 1.0		off 0.5214972009846881 neg 0.471045774772692 __DUMMY__ 0.007457024242619954	false	0.5
misstrauensantrag	neg 1.0		off 0.5219602895109886 neg 0.4705930143919822 __DUMMY__ 0.007446696097029236	false	0.5
abfallen	neg 1.0		off 0.5234355691779637 neg 0.4690712013623168 __DUMMY__ 0.007493229459719566	false	0.5
fucker	off 1.0		off 0.5257482840432509 neg 0.4668468760442652 __DUMMY__ 0.007404839912483708	false	1.0
ungezogen	neg 1.0		off 0.5337055033610181 neg 0.4589279880640276 __DUMMY__ 0.007366508574954402	false	0.5
irrsinnig	neg 1.0	neg 1.0	neg 0.7204503730189172 off 0.2759805887604442 __DUMMY__ 0.0035690382206385535	false	1.0
unfassbar	neg 1.0		off 0.5246230196931994 neg 0.4679611134584046 __DUMMY__ 0.007415866848396199	false	0.5
hart	neg 1.0		off 0.5234537328584576 neg 0.46910382723141913 __DUMMY__ 0.007442439910123238	false	0.5
widerlich	off 1.0		off 0.5249614150731224 neg 0.4676377585952869 __DUMMY__ 0.007400826331590648	false	1.0
fatal	neg 1.0		off 0.5217257696526123 neg 0.47082223506199444 __DUMMY__ 0.0074519952853933395	false	0.5
bruch	neg 1.0		off 0.5136405154786592 neg 0.4788448860643399 __DUMMY__ 0.00751459845700085	false	0.5
aushungern	neg 1.0		off 0.5172784949291722 neg 0.47527035442860877 __DUMMY__ 0.007451150642219015	false	0.5
anspannung	neg 1.0	neg 1.0	neg 0.722197120588525 off 0.274142248036667 __DUMMY__ 0.003660631374808066	false	1.0
von			off 0.5161670881722704 neg 0.4762918527071677 __DUMMY__ 0.007541059120561866	false	0.0
kraftlos	neg 1.0		off 0.5209249669107903 neg 0.47154731569077935 __DUMMY__ 0.0075277173984302686	false	0.5
vom			off 0.5128315104352561 neg 0.4795663782384525 __DUMMY__ 0.0076021113262914435	false	0.0
grenzdebil	off 1.0		off 0.5264304864888038 neg 0.4661469005601663 __DUMMY__ 0.007422612951030077	false	1.0
vor			off 0.5160171003136158 neg 0.4764536080169054 __DUMMY__ 0.007529291669478739	false	0.0
unterwerfen	neg 1.0		off 0.5161610010368147 neg 0.47635044406080274 __DUMMY__ 0.007488554902382456	false	0.5
versenkung	neg 1.0		off 0.5163175546825824 neg 0.4761848148854474 __DUMMY__ 0.0074976304319702486	false	0.5
entziehen	neg 1.0		off 0.5139008877932538 neg 0.4785882473134751 __DUMMY__ 0.007510864893271032	false	0.5
finanzkrise	neg 1.0		off 0.5170471500812477 neg 0.47551021423211515 __DUMMY__ 0.007442635686637121	false	0.5
schimpfend	neg 1.0		off 0.5236276842481343 neg 0.46887252867204715 __DUMMY__ 0.0074997870798186065	false	0.5
profan	neg 1.0		off 0.5228435764042245 neg 0.46970826594322346 __DUMMY__ 0.007448157652552001	false	0.5
korruption	neg 1.0		off 0.5150047887461089 neg 0.47754555303244933 __DUMMY__ 0.007449658221441733	false	0.5
â			off 0.5174815292767669 neg 0.47501756518899096 __DUMMY__ 0.007500905534242122	false	0.0
schmutzig	neg 1.0		off 0.5270742806596947 neg 0.46548090448118623 __DUMMY__ 0.0074448148591191214	false	0.5
sexy	neg 1.0		off 0.5236548650154758 neg 0.4688954126105338 __DUMMY__ 0.007449722373990524	false	0.5
abraten	neg 1.0		off 0.5216844769488383 neg 0.47086420981621535 __DUMMY__ 0.007451313234946422	false	0.5
schwarz	neg 1.0		off 0.5208414202064063 neg 0.47170842308634037 __DUMMY__ 0.00745015670725332	false	0.5
fotze	off 1.0		off 0.515730007451596 neg 0.4767893976375565 __DUMMY__ 0.007480594910847441	false	1.0
verwirren	neg 1.0		off 0.52296197631661 neg 0.4695917498693914 __DUMMY__ 0.007446273813998618	false	0.5
zahnlos	off 1.0		off 0.5168980756730407 neg 0.47563723695064136 __DUMMY__ 0.007464687376317902	false	1.0
verheeren	neg 1.0		off 0.5355456611418906 neg 0.4570761503083309 __DUMMY__ 0.007378188549778482	false	0.5
hippie	neg 1.0		off 0.5227498504133469 neg 0.46980383600326997 __DUMMY__ 0.007446313583383187	false	0.5
rammen	neg 1.0		off 0.522087355448206 neg 0.4704347017536676 __DUMMY__ 0.007477942798126462	false	0.5
unlauter	neg 1.0		off 0.5161983914089895 neg 0.47640721092273847 __DUMMY__ 0.0073943976682719305	false	0.5
unheilvoll	neg 1.0		off 0.5243636400948204 neg 0.46815194444838965 __DUMMY__ 0.007484415456789928	false	0.5
niedrig	neg 1.0		off 0.5172456614056844 neg 0.4752329399796264 __DUMMY__ 0.007521398614689219	false	0.5
explosion	neg 1.0		off 0.5220442951567015 neg 0.47051019766448665 __DUMMY__ 0.0074455071788117775	false	0.5
weichei	off 1.0		off 0.5303733100872869 neg 0.462250264484244 __DUMMY__ 0.0073764254284690136	false	1.0
minusmensch	off 1.0		off 0.5300336447979213 neg 0.46267102300442975 __DUMMY__ 0.007295332197648851	false	1.0
farblos	neg 1.0		off 0.5223652010665104 neg 0.47010739681511604 __DUMMY__ 0.00752740211837363	false	0.5
unwissend	neg 1.0	neg 1.0	neg 0.7185273971399502 off 0.2779225140956805 __DUMMY__ 0.003550088764369284	false	1.0
traurig	neg 1.0		off 0.5283305763729397 neg 0.46425815638177886 __DUMMY__ 0.007411267245281558	false	0.5
senkung	neg 1.0		off 0.5202340447536625 neg 0.4723569565839584 __DUMMY__ 0.007408998662379175	false	0.5
ungleich	neg 1.0	neg 1.0	neg 0.7236500669339906 off 0.2727705891629491 __DUMMY__ 0.003579343903060367	false	1.0
heikel	neg 1.0		off 0.5142470936337933 neg 0.4782709781097634 __DUMMY__ 0.007481928256443236	false	0.5
drosselung	neg 1.0		off 0.5260146559862094 neg 0.4665591008415795 __DUMMY__ 0.0074262431722111315	false	0.5
falsch	neg 1.0		off 0.5243134034284119 neg 0.46824380707707147 __DUMMY__ 0.0074427894945165085	false	0.5
unzufriedenheit	neg 1.0		off 0.514176184056052 neg 0.4783296474475613 __DUMMY__ 0.0074941684963866365	false	0.5
kurz	neg 1.0		off 0.5204537141571889 neg 0.4720364692265282 __DUMMY__ 0.007509816616282918	false	0.5
unsinnig	neg 1.0		off 0.5166004163792689 neg 0.47595133329621986 __DUMMY__ 0.007448250324511262	false	0.5
penner	off 1.0	off 1.0	off 0.7523641624552205 neg 0.2441100478142016 __DUMMY__ 0.0035257897305778774	false	1.0
seicht	neg 1.0		off 0.5311270690068235 neg 0.4615442969458797 __DUMMY__ 0.007328634047296865	false	0.5
dummheit	off 1.0	off 1.0	off 0.746670298988692 neg 0.2497694536710932 __DUMMY__ 0.003560247340214774	false	1.0
unerfreulich	neg 1.0		off 0.5149493447276724 neg 0.47753756742925646 __DUMMY__ 0.0075130878430711276	false	0.5
motherfucker	off 1.0	off 1.0	off 0.7486339754409153 neg 0.24782355662705888 __DUMMY__ 0.0035424679320258915	false	1.0
pikiert	neg 1.0		off 0.5237488496473947 neg 0.46884627420565955 __DUMMY__ 0.007404876146945786	false	0.5
wrack	neg 1.0		off 0.5175107191101043 neg 0.4749752524404384 __DUMMY__ 0.007514028449457324	false	0.5
gangster	neg 1.0		off 0.5227289939905267 neg 0.46981707125000266 __DUMMY__ 0.007453934759470525	false	0.5
krank	neg 1.0		off 0.5279427110082828 neg 0.46461599035322104 __DUMMY__ 0.007441298638496063	false	0.5
reich	neg 1.0		off 0.5215076779210408 neg 0.47109795201391796 __DUMMY__ 0.007394370065041172	false	0.5
gnadenlos	neg 1.0		off 0.521231001903262 neg 0.47130085890447054 __DUMMY__ 0.0074681391922673986	false	0.5
niedergeschlagen	neg 1.0		off 0.5210998023607114 neg 0.47138700547977563 __DUMMY__ 0.0075131921595129264	false	0.5
terrorisieren	off 1.0	off 1.0	off 0.7443269264605084 neg 0.25207714721757535 __DUMMY__ 0.00359592632191634	false	1.0
sinnlosigkeit	neg 1.0		off 0.5175362706413049 neg 0.474991951953071 __DUMMY__ 0.007471777405624159	false	0.5
behindern	neg 1.0		off 0.518584678945249 neg 0.4739530464773241 __DUMMY__ 0.007462274577426856	false	0.5
undemokratisch	neg 1.0		off 0.517973527062772 neg 0.47460730408722274 __DUMMY__ 0.007419168850005221	false	0.5
wirtschaftskrise	neg 1.0		off 0.515446835417304 neg 0.4770858705078776 __DUMMY__ 0.007467294074818398	false	0.5
neid	neg 1.0		off 0.5267756032771922 neg 0.46575499070917775 __DUMMY__ 0.007469406013629972	false	0.5
rutschen	neg 1.0		off 0.5168445559988423 neg 0.4755785785813383 __DUMMY__ 0.007576865419819517	false	0.5
rezession	neg 1.0		off 0.5271928308251355 neg 0.46543185855663327 __DUMMY__ 0.007375310618231441	false	0.5
fehlgeburt	neg 1.0		off 0.5243866915497564 neg 0.4681235492989981 __DUMMY__ 0.007489759151245409	false	0.5
charakterschwach	off 1.0		off 0.5255224254224838 neg 0.4670596034499951 __DUMMY__ 0.007417971127520937	false	1.0
isolation	neg 1.0		off 0.5246238067608565 neg 0.4679218441650675 __DUMMY__ 0.00745434907407592	false	0.5
ablenkung	neg 1.0		off 0.5208301314914145 neg 0.4716962593909716 __DUMMY__ 0.007473609117613881	false	0.5
pech	neg 1.0		off 0.5247274719650772 neg 0.4678184876135364 __DUMMY__ 0.007454040421386445	false	0.5
vermeidung	neg 1.0		off 0.5246879366341818 neg 0.46791322251282635 __DUMMY__ 0.0073988408529917895	false	0.5
dominieren	neg 1.0		off 0.5188972760655425 neg 0.47357803050762154 __DUMMY__ 0.007524693426835979	false	0.5
schwindlig	neg 1.0		off 0.526147524277686 neg 0.4663447251465886 __DUMMY__ 0.007507750575725532	false	0.5
lutscher	neg 1.0		off 0.5322710517043817 neg 0.4603974286259002 __DUMMY__ 0.007331519669718177	false	0.5
pflicht	neg 1.0		off 0.5142611436528608 neg 0.4782523792601104 __DUMMY__ 0.007486477087028867	false	0.5
faschist	off 1.0		off 0.5200318837571052 neg 0.47256372572400607 __DUMMY__ 0.007404390518888756	false	1.0
verschleudern	neg 1.0		off 0.5122845636109047 neg 0.4802828398951299 __DUMMY__ 0.007432596493965306	false	0.5
wenn			off 0.5244377018007581 neg 0.4681222239550745 __DUMMY__ 0.007440074244167305	false	0.0
ehebruch	neg 1.0		off 0.5166012611109818 neg 0.4759156512107966 __DUMMY__ 0.00748308767822145	false	0.5
spott	off 1.0		off 0.5149445412048095 neg 0.47758656102172287 __DUMMY__ 0.00746889777346772	false	1.0
trostlosigkeit	neg 1.0		off 0.5145312426101846 neg 0.4779547854563192 __DUMMY__ 0.00751397193349638	false	0.5
lutschen	neg 1.0		off 0.5216949387949591 neg 0.47086725466106005 __DUMMY__ 0.007437806543980693	false	0.5
undiszipliniert	neg 1.0		off 0.5280839944883431 neg 0.46449081247474944 __DUMMY__ 0.007425193036907427	false	0.5
kopfschmerz	neg 1.0		off 0.5211737815672115 neg 0.4713119881567549 __DUMMY__ 0.007514230276033585	false	0.5
unvorhergesehen	neg 1.0		off 0.5196846762747984 neg 0.47277307997322193 __DUMMY__ 0.007542243751979756	false	0.5
desinteressiert	neg 1.0		off 0.5264605794371 neg 0.4661363151361178 __DUMMY__ 0.007403105426782151	false	0.5
armselig	off 1.0		off 0.5260088196701984 neg 0.4666159886041267 __DUMMY__ 0.007375191725674824	false	1.0
desaster	neg 1.0		off 0.5117761506768352 neg 0.4807258468823755 __DUMMY__ 0.007498002440789384	false	0.5
tod	neg 1.0		off 0.5189992336178477 neg 0.47348054984531385 __DUMMY__ 0.0075202165368384675	false	0.5
herzlos	neg 1.0		off 0.5278061086622361 neg 0.46480136441598086 __DUMMY__ 0.007392526921783092	false	0.5
unwissenheit	neg 1.0		off 0.5156358418061784 neg 0.476917487919954 __DUMMY__ 0.007446670273867612	false	0.5
widersinnig	neg 1.0	neg 1.0	neg 0.723767356153472 off 0.2726807670420233 __DUMMY__ 0.003551876804504615	false	1.0
bedenklich	neg 1.0		off 0.5156305680901451 neg 0.47689644307368667 __DUMMY__ 0.0074729888361681025	false	0.5
beanstanden	neg 1.0		off 0.5137772419466268 neg 0.47873058417455194 __DUMMY__ 0.007492173878821307	false	0.5
panisch	neg 1.0	neg 1.0	neg 0.7171278419044359 off 0.2792687362334233 __DUMMY__ 0.0036034218621407766	false	1.0
debil	off 1.0		off 0.5104578756919509 neg 0.48199856014587944 __DUMMY__ 0.00754356416216952	false	1.0
abstrich	neg 1.0		off 0.5160457451867432 neg 0.47649096206508135 __DUMMY__ 0.007463292748175478	false	0.5
primitiv	neg 1.0		off 0.52556784785427 neg 0.46703053742721135 __DUMMY__ 0.007401614718518614	false	0.5
abschaum	off 1.0	off 1.0	off 0.7478318499472101 neg 0.2486140161174913 __DUMMY__ 0.0035541339352986438	false	1.0
provozieren	neg 1.0		off 0.5201366234603676 neg 0.4724094277493458 __DUMMY__ 0.007453948790286539	false	0.5
tot	neg 1.0		off 0.5146922212308163 neg 0.477845171635667 __DUMMY__ 0.007462607133516852	false	0.5
instabil	neg 1.0		off 0.5229110947059397 neg 0.46972752791625033 __DUMMY__ 0.007361377377809935	false	0.5
schwuchtel	off 1.0		off 0.5365434376550914 neg 0.45615387979581135 __DUMMY__ 0.007302682549097157	false	1.0
zerren	neg 1.0		off 0.5211105405157973 neg 0.4713766639677698 __DUMMY__ 0.007512795516432761	false	0.5
kinderficker	off 1.0		off 0.5272573711562669 neg 0.46540029028424945 __DUMMY__ 0.007342338559483548	false	1.0
gefahr	neg 1.0		off 0.5154959545094091 neg 0.4769914151597486 __DUMMY__ 0.0075126303308424465	false	0.5
rabiat	neg 1.0		off 0.5195945182813098 neg 0.4729466440251833 __DUMMY__ 0.00745883769350693	false	0.5
verlangsamung	neg 1.0		off 0.5314338212382343 neg 0.461195817450511 __DUMMY__ 0.007370361311254535	false	0.5
ausgestorben	neg 1.0		off 0.5208158548407537 neg 0.4716911723462778 __DUMMY__ 0.007492972812968411	false	0.5
anklagen	neg 1.0		off 0.5177607334348115 neg 0.47476920974683107 __DUMMY__ 0.007470056818357261	false	0.5
trott	neg 1.0		off 0.5199984776182949 neg 0.47251988600204897 __DUMMY__ 0.0074816363796561	false	0.5
verminderung	neg 1.0		off 0.5251903545718236 neg 0.467419745959168 __DUMMY__ 0.00738989946900846	false	0.5
nach			off 0.5164961359738788 neg 0.47589546818462464 __DUMMY__ 0.007608395841496477	false	0.0
rost	neg 1.0		off 0.53077878749436 neg 0.4618349210321048 __DUMMY__ 0.0073862914735350685	false	0.5
destruktiv	neg 1.0		off 0.5171599901112492 neg 0.47540926947283335 __DUMMY__ 0.007430740415917455	false	0.5
unzumutbarkeit	neg 1.0		off 0.5248865335817482 neg 0.4676732340057033 __DUMMY__ 0.007440232412548512	false	0.5
labil	off 1.0	off 1.0	off 0.7478022442176542 neg 0.24864262758000477 __DUMMY__ 0.003555128202341192	false	1.0
ziemlich	neg 1.0		off 0.5264812335786413 neg 0.46608213995896747 __DUMMY__ 0.007436626462391121	false	0.5
lachnummer	off 1.0		off 0.5183647165303843 neg 0.4741882672777104 __DUMMY__ 0.0074470161919053595	false	1.0
oder			off 0.5214549491527255 neg 0.47106154349832574 __DUMMY__ 0.00748350734894877	false	0.0
verfall	neg 1.0		off 0.5105586136955693 neg 0.4819138724673433 __DUMMY__ 0.007527513837087413	false	0.5
ausgrenzung	neg 1.0		off 0.5194173178395248 neg 0.47315685674711994 __DUMMY__ 0.0074258254133553045	false	0.5
unordnung	neg 1.0		off 0.5255866725114929 neg 0.46697994300701723 __DUMMY__ 0.007433384481489715	false	0.5
fehlverhalten	neg 1.0		off 0.5145811424245954 neg 0.4779342109840553 __DUMMY__ 0.007484646591349192	false	0.5
eine			off 0.5151794354926048 neg 0.47731323855983154 __DUMMY__ 0.007507325947563724	false	0.0
nille	neg 1.0		off 0.518675882203739 neg 0.47385078497308325 __DUMMY__ 0.007473332823177997	false	0.5
qual	neg 1.0		off 0.5196821503156819 neg 0.47283704785624886 __DUMMY__ 0.007480801828069202	false	0.5
verschwenden	neg 1.0		off 0.5166921719570454 neg 0.4758292650569954 __DUMMY__ 0.007478562985959049	false	0.5
riesig	neg 1.0	neg 1.0	neg 0.720968575248496 off 0.27541857165864114 __DUMMY__ 0.003612853092862954	false	1.0
verurteilen	neg 1.0		off 0.517236284072673 neg 0.4752913009673719 __DUMMY__ 0.007472414959955044	false	0.5
klischee	neg 1.0	neg 1.0	neg 0.7196370554421126 off 0.2768112222669958 __DUMMY__ 0.0035517222908915476	false	1.0
diktatorisch	neg 1.0		off 0.5180059803868674 neg 0.4745866703910449 __DUMMY__ 0.007407349222087668	false	0.5
vorhersehbar	neg 1.0	neg 1.0	neg 0.7195593485309001 off 0.2768795174451355 __DUMMY__ 0.0035611340239644945	false	1.0
sowie			off 0.5291514769306074 neg 0.4634756631542053 __DUMMY__ 0.0073728599151871585	false	0.0
stornieren	neg 1.0		off 0.5237349645924749 neg 0.4687537715302741 __DUMMY__ 0.007511263877251009	false	0.5
besteuerung	neg 1.0		off 0.517748791197109 neg 0.474835329466612 __DUMMY__ 0.007415879336278965	false	0.5
ungeschminkt	neg 1.0		off 0.5252673173908708 neg 0.4673228608896453 __DUMMY__ 0.007409821719483935	false	0.5
kritisch	neg 1.0		off 0.515126789474836 neg 0.47740311756558806 __DUMMY__ 0.007470092959575988	false	0.5
schlamperei	off 1.0		off 0.513667097371433 neg 0.4788636155999218 __DUMMY__ 0.007469287028645217	false	1.0
sucht	neg 1.0	neg 1.0	neg 0.7197785297098768 off 0.276627335956602 __DUMMY__ 0.003594134333521371	false	1.0
egoistisch	off 1.0		off 0.5305998888298179 neg 0.46201632234332735 __DUMMY__ 0.0073837888268548655	false	1.0
ausbeuter	off 1.0		off 0.5133943669760127 neg 0.47913765406939307 __DUMMY__ 0.007467978954594091	false	1.0
arschgeburt	off 1.0		off 0.5361022530752019 neg 0.4566043384817397 __DUMMY__ 0.007293408443058337	false	1.0
schubs	neg 1.0	neg 1.0	neg 0.7201736091163295 off 0.2762149454153883 __DUMMY__ 0.0036114454682821427	false	1.0
unsolide	neg 1.0		off 0.5161614656352804 neg 0.47647381096005154 __DUMMY__ 0.007364723404668038	false	0.5
beschwerde	neg 1.0		off 0.5142338786611282 neg 0.4782928409693545 __DUMMY__ 0.007473280369517208	false	0.5
stocken	neg 1.0		off 0.5165710186357655 neg 0.47593116298101207 __DUMMY__ 0.007497818383222411	false	0.5
isolieren	neg 1.0		off 0.5172129530317107 neg 0.4753048358002241 __DUMMY__ 0.007482211168065253	false	0.5
unheilbar	neg 1.0		off 0.5228185091051156 neg 0.4696804868831119 __DUMMY__ 0.00750100401177234	false	0.5
pisser	off 1.0		off 0.5273036359759138 neg 0.46527386421566347 __DUMMY__ 0.007422499808422797	false	1.0
löschen	neg 1.0		off 0.5201888387716501 neg 0.47233680910215675 __DUMMY__ 0.007474352126193135	false	0.5
durchfallen	neg 1.0		off 0.5160648393618202 neg 0.47648033584908683 __DUMMY__ 0.00745482478909289	false	0.5
wichser	off 1.0		off 0.5349909302414313 neg 0.45765984489656586 __DUMMY__ 0.007349224862003034	false	1.0
terror	neg 1.0		off 0.5238966836090078 neg 0.4686336200130144 __DUMMY__ 0.0074696963779778865	false	0.5
krass	neg 1.0		off 0.5284104743345919 neg 0.4641998326838083 __DUMMY__ 0.007389692981599858	false	0.5
revolte	neg 1.0		off 0.5201871753454603 neg 0.4723884613639721 __DUMMY__ 0.007424363290567523	false	0.5
besorgt	neg 1.0		off 0.520628925031372 neg 0.47184792288365457 __DUMMY__ 0.007523152084973458	false	0.5
nachlassen	neg 1.0		off 0.5165462134081944 neg 0.4759505015539569 __DUMMY__ 0.00750328503784871	false	0.5
alt	neg 1.0		off 0.5177361443186052 neg 0.4747667487435882 __DUMMY__ 0.007497106937806604	false	0.5
hundesohn	off 1.0		off 0.531596680919691 neg 0.4610708616309705 __DUMMY__ 0.007332457449338415	false	1.0
als			off 0.5195195992443759 neg 0.47297942952693356 __DUMMY__ 0.007500971228690794	false	0.0
abschreckung	neg 1.0		off 0.5141479228023365 neg 0.478342895262327 __DUMMY__ 0.0075091819353366755	false	0.5
unqualifiziert	neg 1.0		off 0.5196738532449533 neg 0.47293819860901076 __DUMMY__ 0.007387948146036085	false	0.5
abgewichst	off 1.0		off 0.5183821809318724 neg 0.4741360028137973 __DUMMY__ 0.007481816254330182	false	1.0
schwer	neg 1.0		off 0.5207290274269561 neg 0.471789913290321 __DUMMY__ 0.007481059282722896	false	0.5
bedeutungslosigkeit	neg 1.0		off 0.5144415242518107 neg 0.47806449370327536 __DUMMY__ 0.0074939820449139655	false	0.5
kapitulation	neg 1.0		off 0.5141732199912222 neg 0.478368910354566 __DUMMY__ 0.007457869654211775	false	0.5
unscharf	neg 1.0		off 0.522044261825252 neg 0.4705133501305865 __DUMMY__ 0.0074423880441614855	false	0.5
schwinden	neg 1.0		off 0.5150463690110026 neg 0.477448870507962 __DUMMY__ 0.007504760481035284	false	0.5
versklavung	neg 1.0		off 0.5182334425557646 neg 0.47434841279824835 __DUMMY__ 0.007418144645986938	false	0.5
schlecht	neg 1.0		off 0.5268256705401858 neg 0.46573373865050166 __DUMMY__ 0.007440590809312558	false	0.5
verhasst	neg 1.0		off 0.5206100994651116 neg 0.4719367304340297 __DUMMY__ 0.007453170100858662	false	0.5
beschweren	neg 1.0		off 0.5219998317738409 neg 0.4705430842292598 __DUMMY__ 0.007457083996899322	false	0.5
scheiden	neg 1.0		off 0.5229820790002051 neg 0.4695104870103875 __DUMMY__ 0.007507433989407383	false	0.5
frustriert	neg 1.0		off 0.5193534646910702 neg 0.4731637387857795 __DUMMY__ 0.007482796523150092	false	0.5
schimmelig	neg 1.0		off 0.5176862227865159 neg 0.47480360821437334 __DUMMY__ 0.007510168999110958	false	0.5
fisch	neg 1.0		off 0.5172491272134937 neg 0.47521771895171483 __DUMMY__ 0.007533153834791469	false	0.5
schmuggel	neg 1.0		off 0.5178612617751721 neg 0.4745905811889716 __DUMMY__ 0.007548157035856221	false	0.5
auffallen	neg 1.0		off 0.522759874059618 neg 0.4697861688557716 __DUMMY__ 0.007453957084610454	false	0.5
konkurrenz	neg 1.0	neg 1.0	neg 0.7237522559087108 off 0.27264262003083567 __DUMMY__ 0.003605124060453523	false	1.0
teufelskreis	neg 1.0		off 0.5197462557237259 neg 0.4727764673925016 __DUMMY__ 0.007477276883772387	false	0.5
aufschreien	neg 1.0		off 0.5217600974860587 neg 0.47079967491875113 __DUMMY__ 0.007440227595190342	false	0.5
schuldner	neg 1.0		off 0.5148724860472851 neg 0.477629991578261 __DUMMY__ 0.007497522374453771	false	0.5
missgeburt	off 1.0	off 1.0	off 0.7508295668436601 neg 0.24563940922475963 __DUMMY__ 0.0035310239315802694	false	1.0
arbeitslos	neg 1.0		off 0.5165695653334975 neg 0.47597249494382776 __DUMMY__ 0.007457939722674848	false	0.5
befallen	neg 1.0		off 0.5186447940572771 neg 0.4738751295299289 __DUMMY__ 0.007480076412793826	false	0.5
miesepetrig	off 1.0	off 1.0	off 0.7494965142737674 neg 0.24693679596791018 __DUMMY__ 0.00356668975832236	false	1.0
alarmieren	neg 1.0		off 0.5231127954268708 neg 0.46946894415592155 __DUMMY__ 0.007418260417207571	false	0.5
ungeduscht	off 1.0		off 0.524760440188574 neg 0.46778169277242904 __DUMMY__ 0.007457867038996857	false	1.0
knappheit	neg 1.0		off 0.5143578823784749 neg 0.4781844294853609 __DUMMY__ 0.007457688136164294	false	0.5
schlange	neg 1.0		off 0.5242084243153011 neg 0.46829717854482283 __DUMMY__ 0.007494397139876125	false	0.5
harsch	neg 1.0		off 0.5307388497867492 neg 0.4618435300200384 __DUMMY__ 0.007417620193212344	false	0.5
lang	neg 1.0		off 0.5209209585666111 neg 0.4716024863032031 __DUMMY__ 0.007476555130185739	false	0.5
ziellos	neg 1.0		off 0.5197135101387051 neg 0.47276893347713 __DUMMY__ 0.0075175563841648274	false	0.5
selbstverliebt	neg 1.0		off 0.5338524328356185 neg 0.45883638938793564 __DUMMY__ 0.007311177776446052	false	0.5
beseitigen	neg 1.0		off 0.5189142636201866 neg 0.4736138393875997 __DUMMY__ 0.007471896992213789	false	0.5
dumm	off 1.0		off 0.5305549994808112 neg 0.46208390842120556 __DUMMY__ 0.007361092097983344	false	1.0
arbeitsloser	neg 1.0		off 0.5172752618120383 neg 0.4752353487681582 __DUMMY__ 0.0074893894198034905	false	0.5
blitzen	neg 1.0		off 0.5232845882315983 neg 0.4692645170211565 __DUMMY__ 0.007450894747245198	false	0.5
hilflos	neg 1.0		off 0.5194292300192609 neg 0.47307729226099277 __DUMMY__ 0.007493477719746419	false	0.5
eklig	off 1.0		off 0.5322790249495241 neg 0.46034758833671063 __DUMMY__ 0.007373386713765302	false	1.0
begriff			off 0.517646711769841 neg 0.4748968481802777 __DUMMY__ 0.007456440049881229	false	0.0
hungersnot	neg 1.0		off 0.5191721980506545 neg 0.4733334829300967 __DUMMY__ 0.007494319019248723	false	0.5
ungesetzlich	neg 1.0		off 0.5172660241916758 neg 0.4753535962231827 __DUMMY__ 0.007380379585141452	false	0.5
verschwendung	neg 1.0		off 0.5159312826242829 neg 0.47657383170919904 __DUMMY__ 0.007494885666518168	false	0.5
schmerzvoll	neg 1.0		off 0.5224674935609943 neg 0.470067281854474 __DUMMY__ 0.0074652245845316855	false	0.5
vorzeitig	neg 1.0		off 0.5248208702375481 neg 0.4677042468109664 __DUMMY__ 0.0074748829514854915	false	0.5
unvollkommenheit	neg 1.0		off 0.5217012187847959 neg 0.4707516246239585 __DUMMY__ 0.007547156591245774	false	0.5
intervenieren	neg 1.0		off 0.5134874075966763 neg 0.47904950485686965 __DUMMY__ 0.007463087546454013	false	0.5
banause	off 1.0		off 0.5325484215482829 neg 0.4601191098418612 __DUMMY__ 0.007332468609856029	false	1.0
rebell	neg 1.0		off 0.5127617054029247 neg 0.47972280399072825 __DUMMY__ 0.007515490606347063	false	0.5
unlogisch	neg 1.0		off 0.5275843670472121 neg 0.46501995351024183 __DUMMY__ 0.007395679442546185	false	0.5
leiden	neg 1.0		off 0.519430175189488 neg 0.4730089281242006 __DUMMY__ 0.007560896686311368	false	0.5
abschaffung	neg 1.0		off 0.5176795118742203 neg 0.4749001354042211 __DUMMY__ 0.007420352721558676	false	0.5
sturz	neg 1.0		off 0.5214537487700757 neg 0.4710539777897892 __DUMMY__ 0.007492273440134981	false	0.5
verkleinerung	neg 1.0		off 0.5198000576288111 neg 0.47280307533157245 __DUMMY__ 0.00739686703961642	false	0.5
schmarotzer	off 1.0		off 0.5158376173772439 neg 0.4767134630241372 __DUMMY__ 0.007448919598618734	false	1.0
bestrafung	neg 1.0		off 0.5211716742001058 neg 0.47137296673008455 __DUMMY__ 0.00745535906980963	false	0.5
achtlos	neg 1.0		off 0.5215418437305348 neg 0.470962915781767 __DUMMY__ 0.0074952404876980315	false	0.5
ungeheuer	neg 1.0		off 0.5234395922933125 neg 0.4691082554684672 __DUMMY__ 0.00745215223822036	false	0.5
