unsolidarisch	neg 1.0		off 0.49652660771935253 neg 0.46015294480241775 __DUMMY__ 0.04332044747822972	false	0.5
nachteilig	neg 1.0		off 0.4961810481410613 neg 0.45999704999421587 __DUMMY__ 0.04382190186472299	false	0.5
skeptisch	neg 1.0		off 0.49559583102192745 neg 0.46053271587299155 __DUMMY__ 0.043871453105080914	false	0.5
schrecklich	neg 1.0		off 0.5102639760747847 neg 0.4463926472990723 __DUMMY__ 0.043343376626143036	false	0.5
schlapp	neg 1.0		off 0.5071564751512854 neg 0.4492058085541557 __DUMMY__ 0.043637716294558995	false	0.5
abfall	neg 1.0		off 0.4941870579824487 neg 0.4617342666610612 __DUMMY__ 0.044078675356490044	false	0.5
widerspenstig	neg 1.0		off 0.5018415134242585 neg 0.4543634705537758 __DUMMY__ 0.043795016021965644	false	0.5
abrupt	neg 1.0		off 0.4983870132072694 neg 0.4575537204236614 __DUMMY__ 0.04405926636906918	false	0.5
unwirksam	neg 1.0		off 0.4976160192082083 neg 0.45897007171924126 __DUMMY__ 0.043413909072550515	false	0.5
angreifen	neg 1.0	neg 1.0	neg 0.7148328681246051 off 0.26408904832481994 __DUMMY__ 0.021078083550574972	false	1.0
inkonsistent	neg 1.0		off 0.5016600366758902 neg 0.45466646317395065 __DUMMY__ 0.043673500150159146	false	0.5
abrutschen	neg 1.0		off 0.4944884005330208 neg 0.4614458884165583 __DUMMY__ 0.0440657110504208	false	0.5
unsicher	neg 1.0		off 0.5021832550668265 neg 0.45397832118173204 __DUMMY__ 0.04383842375144152	false	0.5
bauernkind	off 1.0	off 1.0	off 0.7403704491053267 neg 0.2389583139600869 __DUMMY__ 0.02067123693458636	false	1.0
angreifer	neg 1.0		off 0.5037436058261405 neg 0.45242400310983194 __DUMMY__ 0.04383239106402749	false	0.5
trennen	neg 1.0		off 0.49970136339182997 neg 0.45613296109748797 __DUMMY__ 0.04416567551068216	false	0.5
schmutz	neg 1.0		off 0.5080228622581701 neg 0.4477845578112852 __DUMMY__ 0.04419257993054488	false	0.5
inkonsistenz	neg 1.0		off 0.5023534270102727 neg 0.4543449057785785 __DUMMY__ 0.04330166721114881	false	0.5
erschreckend	neg 1.0		off 0.49933431667060163 neg 0.4569518934353304 __DUMMY__ 0.04371378989406805	false	0.5
ertrinken	neg 1.0		off 0.49994660852658973 neg 0.4559650725143092 __DUMMY__ 0.044088318959100994	false	0.5
pickelface	off 1.0		off 0.4984792549601249 neg 0.4577678993902408 __DUMMY__ 0.04375284564963418	false	1.0
seiner			off 0.4976991161404061 neg 0.4582819749458128 __DUMMY__ 0.044018908913781074	false	0.0
lauch	neg 1.0		off 0.4927125388940803 neg 0.463407536848581 __DUMMY__ 0.04387992425733874	false	0.5
unwichtig	neg 1.0		off 0.5052252584815184 neg 0.45127797357241534 __DUMMY__ 0.043496767946066064	false	0.5
steuerhinterziehung	neg 1.0		off 0.49735463659152823 neg 0.4590285231571005 __DUMMY__ 0.04361684025137124	false	0.5
schock	neg 1.0		off 0.5029447328962994 neg 0.45301927421918575 __DUMMY__ 0.044035992884515006	false	0.5
beule	neg 1.0		off 0.5078940358183716 neg 0.4484398996361538 __DUMMY__ 0.043666064545474545	false	0.5
vergelten	neg 1.0		off 0.5113152417442018 neg 0.44503715333131344 __DUMMY__ 0.04364760492448465	false	0.5
verdorbenheit	neg 1.0		off 0.5009508046676995 neg 0.4552576183208228 __DUMMY__ 0.04379157701147769	false	0.5
trauma	neg 1.0		off 0.5020886393538356 neg 0.4541996841528321 __DUMMY__ 0.04371167649333225	false	0.5
sinnlos	neg 1.0		off 0.5042444982363163 neg 0.4520197867920745 __DUMMY__ 0.043735714971609115	false	0.5
fettsack	off 1.0	off 1.0	off 0.7422888568625019 neg 0.23696803280238585 __DUMMY__ 0.020743110335112343	false	1.0
feige	off 1.0	off 1.0	off 0.7388825114437438 neg 0.24030575265049267 __DUMMY__ 0.020811735905763434	false	1.0
abdanken	neg 1.0		off 0.49886251444139135 neg 0.45748653183395693 __DUMMY__ 0.04365095372465166	false	0.5
wichtigtuer	off 1.0	off 1.0	off 0.7374554707699235 neg 0.24165508110648612 __DUMMY__ 0.020889448123590403	false	1.0
misslingen	neg 1.0		off 0.5054647185946308 neg 0.45048452522565346 __DUMMY__ 0.04405075617971566	false	0.5
untreu	off 1.0		off 0.5066151516575333 neg 0.4499204840239995 __DUMMY__ 0.04346436431846721	false	1.0
missmutig	neg 1.0		off 0.5063594737927937 neg 0.45004723576349287 __DUMMY__ 0.04359329044371352	false	0.5
hurenbock	off 1.0		off 0.5031479091187501 neg 0.4530948119171863 __DUMMY__ 0.04375727896406357	false	1.0
betrunken	neg 1.0		off 0.5104566931435733 neg 0.44590409442768075 __DUMMY__ 0.04363921242874578	false	0.5
korrupt	off 1.0		off 0.495140641954284 neg 0.46137247374465734 __DUMMY__ 0.04348688430105876	false	1.0
unmut	neg 1.0		off 0.4934259187991534 neg 0.462581942922267 __DUMMY__ 0.04399213827857965	false	0.5
hackfresse	off 1.0		off 0.5125870938330034 neg 0.44430659497279834 __DUMMY__ 0.04310631119419821	false	1.0
aufblasen	neg 1.0		off 0.5043067923579443 neg 0.4518323798949888 __DUMMY__ 0.0438608277470668	false	0.5
gewaltsam	neg 1.0		off 0.5005932069814686 neg 0.4555942542218755 __DUMMY__ 0.04381253879665588	false	0.5
unbeliebtheit	neg 1.0		off 0.499630909667776 neg 0.45736510698039834 __DUMMY__ 0.043003983351825516	false	0.5
sturheit	neg 1.0		off 0.4990634741932963 neg 0.45724485913450336 __DUMMY__ 0.043691666672200466	false	0.5
kuh	neg 1.0		off 0.5001279318895323 neg 0.45632984904125756 __DUMMY__ 0.043542219069209985	false	0.5
erschrecken	neg 1.0		off 0.5059469802906672 neg 0.45040014047360966 __DUMMY__ 0.043652879235723197	false	0.5
opfer	neg 1.0		off 0.498880137711418 neg 0.4571376611362158 __DUMMY__ 0.043982201152366264	false	0.5
sinken	neg 1.0		off 0.49406667481111005 neg 0.4619576117671471 __DUMMY__ 0.043975713421742946	false	0.5
stinktier	neg 1.0		off 0.5099117637399814 neg 0.44685899029057075 __DUMMY__ 0.04322924596944791	false	0.5
tucke	off 1.0		off 0.5105102261738415 neg 0.44666589510218 __DUMMY__ 0.04282387872397853	false	1.0
ein			off 0.5028237367883998 neg 0.4533770744946317 __DUMMY__ 0.04379918871696864	false	0.0
abstieg	neg 1.0		off 0.49950061217575964 neg 0.4563424008790848 __DUMMY__ 0.04415698694515566	false	0.5
missverstehen	neg 1.0		off 0.5025501522252666 neg 0.4539170859199439 __DUMMY__ 0.04353276185478962	false	0.5
ergebnislos	neg 1.0		off 0.496508531522601 neg 0.45960968706141875 __DUMMY__ 0.043881781415980405	false	0.5
unter			off 0.49277713625816283 neg 0.4627261105329965 __DUMMY__ 0.04449675320884064	false	0.0
manipulieren	neg 1.0		off 0.4960957627728826 neg 0.459996620317404 __DUMMY__ 0.04390761690971341	false	0.5
unbewiesen	neg 1.0		off 0.49673822955668223 neg 0.45995963066134976 __DUMMY__ 0.043302139781967924	false	0.5
verschleppen	neg 1.0		off 0.49848689420332204 neg 0.4576523873179782 __DUMMY__ 0.04386071847869991	false	0.5
weib	off 1.0		off 0.5127327663077557 neg 0.44414301061109757 __DUMMY__ 0.04312422308114683	false	1.0
opposition	neg 1.0		off 0.5017722717790959 neg 0.4546580224076494 __DUMMY__ 0.043569705813254596	false	0.5
verkehrswidrig	neg 1.0	neg 1.0	neg 0.7055151127463737 off 0.2734265393675744 __DUMMY__ 0.02105834788605194	false	1.0
inkorrekt	neg 1.0		off 0.5052858098070173 neg 0.4515385478109979 __DUMMY__ 0.04317564238198491	false	0.5
vermeiden	neg 1.0		off 0.49333437423201143 neg 0.4624217065880316 __DUMMY__ 0.044243919179956896	false	0.5
abweichung	neg 1.0		off 0.49588141945727154 neg 0.46036347888470625 __DUMMY__ 0.04375510165802238	false	0.5
alkoholisiert	neg 1.0		off 0.5007223719004663 neg 0.4549446435808317 __DUMMY__ 0.04433298451870191	false	0.5
scheiss	off 1.0	off 1.0	off 0.7401590578436619 neg 0.23892963153850294 __DUMMY__ 0.020911310617835226	false	1.0
herausforderung	neg 1.0	neg 1.0	neg 0.7121804308026084 off 0.26649070976798656 __DUMMY__ 0.02132885942940511	false	1.0
pervers	off 1.0		off 0.5159680896349617 neg 0.44101022168369786 __DUMMY__ 0.043021688681340424	false	1.0
wackelig	neg 1.0		off 0.5015987015036989 neg 0.4542897427842388 __DUMMY__ 0.04411155571206225	false	0.5
verwickeln	neg 1.0		off 0.5024279001224674 neg 0.45403680266772495 __DUMMY__ 0.04353529720980754	false	0.5
vorwand	neg 1.0		off 0.495554177595796 neg 0.4604874118373408 __DUMMY__ 0.04395841056686324	false	0.5
muschi	off 1.0		off 0.4988682172891023 neg 0.45739274407990693 __DUMMY__ 0.04373903863099095	false	1.0
entmutigung	neg 1.0		off 0.500696197146775 neg 0.4557883544688946 __DUMMY__ 0.043515448384330364	false	0.5
unangemessen	neg 1.0		off 0.4977858296385518 neg 0.45853830734150886 __DUMMY__ 0.043675863019939414	false	0.5
unstetig	neg 1.0		off 0.5029034738864988 neg 0.4533190903727933 __DUMMY__ 0.043777435740707915	false	0.5
entmutigen	neg 1.0		off 0.5020456506073616 neg 0.4543016922461155 __DUMMY__ 0.04365265714652293	false	0.5
schwanz	neg 1.0		off 0.49654896990093916 neg 0.4595387892500786 __DUMMY__ 0.0439122408489822	false	0.5
verbot	neg 1.0		off 0.49637749305077383 neg 0.45997301400949864 __DUMMY__ 0.04364949293972749	false	0.5
leid	neg 1.0		off 0.5119788551189255 neg 0.4446671323198534 __DUMMY__ 0.043354012561221074	false	0.5
archaisch	neg 1.0		off 0.4989926040740899 neg 0.4572018082156092 __DUMMY__ 0.04380558771030101	false	0.5
gegen			off 0.49596902710390456 neg 0.4599336633878999 __DUMMY__ 0.04409730950819547	false	0.0
scheidung	neg 1.0		off 0.5195591898526529 neg 0.437503384841718 __DUMMY__ 0.04293742530562906	false	0.5
einschlag	neg 1.0	neg 1.0	neg 0.7081454275720332 off 0.27100564739452393 __DUMMY__ 0.02084892503344278	false	1.0
m			off 0.4998186915051881 neg 0.4562574809569586 __DUMMY__ 0.043923827537853274	false	0.0
abgestanden	neg 1.0		off 0.5036403071619748 neg 0.452487549290303 __DUMMY__ 0.043872143547722196	false	0.5
schmierig	off 1.0		off 0.5116517549748506 neg 0.4449571156351887 __DUMMY__ 0.04339112938996065	false	1.0
unpraktisch	neg 1.0		off 0.5040297806992686 neg 0.4520874739697812 __DUMMY__ 0.04388274533095031	false	0.5
wixxer	off 1.0		off 0.5147650889958157 neg 0.44230141332424233 __DUMMY__ 0.042933497679941944	false	1.0
bezeichnet			off 0.4998730781113218 neg 0.45644240291236227 __DUMMY__ 0.043684518976315895	false	0.0
jammerlappen	off 1.0		off 0.5057501423926607 neg 0.4507223580076086 __DUMMY__ 0.043527499599730755	false	1.0
farce	neg 1.0		off 0.49641909259110245 neg 0.46003451972377607 __DUMMY__ 0.04354638768512159	false	0.5
zwecklos	neg 1.0		off 0.4984601800206242 neg 0.4577931394066807 __DUMMY__ 0.04374668057269506	false	0.5
turbulent	neg 1.0		off 0.5048679227277505 neg 0.4517684504180123 __DUMMY__ 0.04336362685423726	false	0.5
invasion	neg 1.0		off 0.503950939572533 neg 0.4523496567443537 __DUMMY__ 0.04369940368311333	false	0.5
schuld	neg 1.0		off 0.501935064392983 neg 0.45436163651057165 __DUMMY__ 0.04370329909644539	false	0.5
risiko	neg 1.0		off 0.5020383209301225 neg 0.45416181619130735 __DUMMY__ 0.04379986287857013	false	0.5
finster	neg 1.0		off 0.5032394034809025 neg 0.45296082582467984 __DUMMY__ 0.043799770694417574	false	0.5
geisteskrank	off 1.0		off 0.5063628837391594 neg 0.4502789661191193 __DUMMY__ 0.04335815014172129	false	1.0
zusammenbrechen	neg 1.0		off 0.5008715127496166 neg 0.455215418052253 __DUMMY__ 0.04391306919813022	false	0.5
ausbeute	neg 1.0		off 0.4979340068890843 neg 0.4580241964477073 __DUMMY__ 0.04404179666320854	false	0.5
hinterhalt	neg 1.0		off 0.4994639258096653 neg 0.45670364197781094 __DUMMY__ 0.04383243221252369	false	0.5
kritik	neg 1.0		off 0.49676007651129567 neg 0.4596374643757698 __DUMMY__ 0.043602459112934505	false	0.5
einschrumpfen	neg 1.0		off 0.501146646183767 neg 0.4555148207127618 __DUMMY__ 0.04333853310347115	false	0.5
riskant	neg 1.0		off 0.4973199986562696 neg 0.458819393775592 __DUMMY__ 0.04386060756813843	false	0.5
frustrieren	neg 1.0		off 0.4976026629418098 neg 0.4585336549483668 __DUMMY__ 0.04386368210982337	false	0.5
groll	neg 1.0		off 0.4989543168641667 neg 0.4572100463647898 __DUMMY__ 0.043835636771043546	false	0.5
gibt			off 0.49900958328902156 neg 0.4572088359032827 __DUMMY__ 0.04378158080769557	false	0.0
qualvoll	neg 1.0		off 0.5061851211683916 neg 0.45004052822454166 __DUMMY__ 0.04377435060706663	false	0.5
wackeln	neg 1.0	neg 1.0	neg 0.7102694454205053 off 0.26859584772914075 __DUMMY__ 0.02113470685035396	false	1.0
klagen	neg 1.0		off 0.49356564135107833 neg 0.4624919083800508 __DUMMY__ 0.043942450268870774	false	0.5
bankrott	neg 1.0		off 0.5054031471146161 neg 0.4509650633898866 __DUMMY__ 0.04363178949549727	false	0.5
trauern	neg 1.0		off 0.4991810697267076 neg 0.45678017764988077 __DUMMY__ 0.04403875262341162	false	0.5
ablehnung	neg 1.0		off 0.4967791121058623 neg 0.45962080738494077 __DUMMY__ 0.04360008050919686	false	0.5
stur	neg 1.0		off 0.5021602122235875 neg 0.4541962857567213 __DUMMY__ 0.04364350201969121	false	0.5
aufruhr	neg 1.0		off 0.5008922218929431 neg 0.45525344411415763 __DUMMY__ 0.043854333992899286	false	0.5
melancholie	neg 1.0		off 0.5003491832234338 neg 0.45566486797086253 __DUMMY__ 0.043985948805703556	false	0.5
ist			off 0.5028703331811674 neg 0.4534550477975411 __DUMMY__ 0.04367461902129172	false	0.0
torheit	neg 1.0		off 0.5004781942050341 neg 0.45594406494808426 __DUMMY__ 0.04357774084688154	false	0.5
dreckskind	off 1.0		off 0.5111656314501504 neg 0.4456606573220636 __DUMMY__ 0.04317371122778607	false	1.0
umtauschen	neg 1.0		off 0.5014420897726348 neg 0.4547405023194555 __DUMMY__ 0.043817407907909584	false	0.5
zum			off 0.49569313497811057 neg 0.45984538153445764 __DUMMY__ 0.044461483487431806	false	0.0
zersetzen	neg 1.0		off 0.49521498189235 neg 0.4609533315388905 __DUMMY__ 0.0438316865687595	false	0.5
zur			off 0.49247116548348824 neg 0.4632876370382626 __DUMMY__ 0.044241197478249304	false	0.0
frust	neg 1.0		off 0.5003783059807765 neg 0.4557323016052198 __DUMMY__ 0.0438893924140036	false	0.5
unerbittlichkeit	neg 1.0		off 0.49540297913201975 neg 0.4607605812511542 __DUMMY__ 0.04383643961682596	false	0.5
zwei			off 0.49709876545175113 neg 0.4585864024951546 __DUMMY__ 0.04431483205309429	false	0.0
unkorrekt	neg 1.0		off 0.5053694732104548 neg 0.45152434984477785 __DUMMY__ 0.04310617694476735	false	0.5
hexe	off 1.0		off 0.5054731706529417 neg 0.4511271369301048 __DUMMY__ 0.04339969241695347	false	1.0
lasch	neg 1.0		off 0.5025255511436658 neg 0.45409567029071174 __DUMMY__ 0.04337877856562245	false	0.5
rivale	neg 1.0		off 0.5097338709303934 neg 0.44671609930048045 __DUMMY__ 0.04355002976912612	false	0.5
mutlos	off 1.0	off 1.0	off 0.7337744930045176 neg 0.24525137787160764 __DUMMY__ 0.02097412912387481	false	1.0
wirr	off 1.0		off 0.5063653972656419 neg 0.45047496153269284 __DUMMY__ 0.043159641201665225	false	1.0
jahr			off 0.4979043184734613 neg 0.45793665733496547 __DUMMY__ 0.04415902419157318	false	0.0
wird			off 0.4982090275978563 neg 0.45791281136274486 __DUMMY__ 0.0438781610393989	false	0.0
strafbar	neg 1.0		off 0.49655495363059315 neg 0.45966977814980287 __DUMMY__ 0.043775268219604035	false	0.5
erosion	neg 1.0		off 0.5030519807626619 neg 0.45309013134565046 __DUMMY__ 0.0438578878916876	false	0.5
eingehen	neg 1.0		off 0.497078068135837 neg 0.45921504611318953 __DUMMY__ 0.04370688575097346	false	0.5
faul	off 1.0		off 0.5065798812902624 neg 0.44972271809777403 __DUMMY__ 0.04369740061196359	false	1.0
provisorium	neg 1.0		off 0.4915938747970405 neg 0.46399773302356845 __DUMMY__ 0.04440839217939112	false	0.5
schmerzen	neg 1.0		off 0.5020004613511795 neg 0.45417956104764434 __DUMMY__ 0.04381997760117617	false	0.5
schrumpfen	neg 1.0		off 0.4911643106960516 neg 0.464784313473368 __DUMMY__ 0.044051375830580365	false	0.5
geistlos	off 1.0		off 0.5001789849946842 neg 0.456523619916261 __DUMMY__ 0.04329739508905473	false	1.0
fehlkauf	neg 1.0		off 0.5024012211036321 neg 0.4539634199397723 __DUMMY__ 0.043635358956595566	false	0.5
frustrierend	neg 1.0		off 0.5059929397113788 neg 0.4503240874704624 __DUMMY__ 0.04368297281815901	false	0.5
unzufrieden	neg 1.0		off 0.498062522866494 neg 0.45820858280543547 __DUMMY__ 0.04372889432807062	false	0.5
verzweifeln	neg 1.0		off 0.5010192757067065 neg 0.45518213538682206 __DUMMY__ 0.04379858890647163	false	0.5
verzweifelt	neg 1.0		off 0.5025586226991771 neg 0.45377044892062657 __DUMMY__ 0.04367092838019631	false	0.5
misstrauensantrag	neg 1.0		off 0.5030430656670515 neg 0.4533458035158741 __DUMMY__ 0.04361113081707429	false	0.5
abfallen	neg 1.0		off 0.5043919738185129 neg 0.45172550517158633 __DUMMY__ 0.0438825210099008	false	0.5
fucker	off 1.0		off 0.5069231948778803 neg 0.44971035373579915 __DUMMY__ 0.04336645138632056	false	1.0
ungezogen	neg 1.0		off 0.5149383643720833 neg 0.4419180875920701 __DUMMY__ 0.04314354803584683	false	0.5
irrsinnig	neg 1.0	neg 1.0	neg 0.712163405364175 off 0.26690655973520344 __DUMMY__ 0.02093003490062165	false	1.0
unfassbar	neg 1.0		off 0.5057725758797074 neg 0.45079637743680473 __DUMMY__ 0.0434310466834878	false	0.5
hart	neg 1.0		off 0.5045420827617064 neg 0.45187091696509907 __DUMMY__ 0.04358700027319445	false	0.5
widerlich	off 1.0		off 0.5061489378264257 neg 0.4505077695141363 __DUMMY__ 0.04334329265943804	false	1.0
fatal	neg 1.0		off 0.502800029772766 neg 0.4535585011771169 __DUMMY__ 0.0436414690501171	false	0.5
bruch	neg 1.0		off 0.49459788811773425 neg 0.46139470599499066 __DUMMY__ 0.04400740588727507	false	0.5
aushungern	neg 1.0		off 0.49838331300194133 neg 0.45797954865121815 __DUMMY__ 0.04363713834684042	false	0.5
anspannung	neg 1.0	neg 1.0	neg 0.7136937933858268 off 0.2648397893958198 __DUMMY__ 0.0214664172183534	false	1.0
von			off 0.49703939745462306 neg 0.45879835417028053 __DUMMY__ 0.044162248375096295	false	0.0
kraftlos	neg 1.0		off 0.5018106258747816 neg 0.4541057315963046 __DUMMY__ 0.04408364252891382	false	0.5
vom			off 0.49356229352398606 neg 0.4619197340212984 __DUMMY__ 0.04451797245471551	false	0.0
grenzdebil	off 1.0		off 0.5075548266193893 neg 0.44897476893486193 __DUMMY__ 0.04347040444574885	false	1.0
vor			off 0.49692232417689364 neg 0.45898513800528135 __DUMMY__ 0.04409253781782504	false	0.0
unterwerfen	neg 1.0		off 0.4971718751029595 neg 0.4589729718285987 __DUMMY__ 0.04385515306844189	false	0.5
versenkung	neg 1.0		off 0.49730401819489256 neg 0.4587880615337209 __DUMMY__ 0.0439079202713866	false	0.5
entziehen	neg 1.0		off 0.4948652755721815 neg 0.4611496407288828 __DUMMY__ 0.04398508369893578	false	0.5
finanzkrise	neg 1.0		off 0.4981674010474881 neg 0.4582450345370841 __DUMMY__ 0.04358756441542771	false	0.5
schimpfend	neg 1.0		off 0.504565691135682 neg 0.45151295332742036 __DUMMY__ 0.04392135553689757	false	0.5
profan	neg 1.0		off 0.50391971986836 neg 0.45246083652203717 __DUMMY__ 0.04361944360960272	false	0.5
korruption	neg 1.0		off 0.4961197784603571 neg 0.46025187499221015 __DUMMY__ 0.043628346547432736	false	0.5
â			off 0.4984486216547771 neg 0.457624542514391 __DUMMY__ 0.043926835830831956	false	0.0
schmutzig	neg 1.0		off 0.5081393892707673 neg 0.4482606077304755 __DUMMY__ 0.04360000299875718	false	0.5
sexy	neg 1.0		off 0.504724796538022 neg 0.4516469455331598 __DUMMY__ 0.04362825792881826	false	0.5
abraten	neg 1.0		off 0.5027568378129469 neg 0.45360523057204133 __DUMMY__ 0.04363793161501191	false	0.5
schwarz	neg 1.0		off 0.5019232656959605 neg 0.45444591667858164 __DUMMY__ 0.043630817625457875	false	0.5
fotze	off 1.0		off 0.4967588672196835 neg 0.4594323252535036 __DUMMY__ 0.043808807526812966	false	1.0
verwirren	neg 1.0		off 0.5040434275819183 neg 0.4523482820262037 __DUMMY__ 0.04360829039187793	false	0.5
zahnlos	off 1.0		off 0.49796464933476625 neg 0.4583197058705345 __DUMMY__ 0.043715644794699304	false	1.0
verheeren	neg 1.0		off 0.516747024695029 neg 0.44004099034546823 __DUMMY__ 0.043211984959502674	false	0.5
hippie	neg 1.0		off 0.5038332230922807 neg 0.4525584584363487 __DUMMY__ 0.04360831847137055	false	0.5
rammen	neg 1.0		off 0.5030869279309607 neg 0.45311894331857416 __DUMMY__ 0.043794128750465046	false	0.5
unlauter	neg 1.0		off 0.49744243442915265 neg 0.45925130618135823 __DUMMY__ 0.04330625938948917	false	0.5
unheilvoll	neg 1.0		off 0.505340266678967 neg 0.45082827090950317 __DUMMY__ 0.043831462411529694	false	0.5
niedrig	neg 1.0		off 0.49816462740210765 neg 0.45778778587729035 __DUMMY__ 0.04404758672060214	false	0.5
explosion	neg 1.0		off 0.5031315954935891 neg 0.45326453628401736 __DUMMY__ 0.04360386822239353	false	0.5
weichei	off 1.0		off 0.5115939309043569 neg 0.4452048680681774 __DUMMY__ 0.0432012010274658	false	1.0
minusmensch	off 1.0		off 0.5114698710757886 neg 0.44580179161095546 __DUMMY__ 0.04272833731325602	false	1.0
farblos	neg 1.0		off 0.5032442057057468 neg 0.45267282295983446 __DUMMY__ 0.044082971334418845	false	0.5
unwissend	neg 1.0	neg 1.0	neg 0.7102869541462058 off 0.26889389504073785 __DUMMY__ 0.020819150813056513	false	1.0
traurig	neg 1.0		off 0.5094749441234037 neg 0.44712077243596654 __DUMMY__ 0.04340428344062981	false	0.5
senkung	neg 1.0		off 0.5014194286147693 neg 0.45518924457256615 __DUMMY__ 0.043391326812664485	false	0.5
ungleich	neg 1.0	neg 1.0	neg 0.7153339256660951 off 0.2636756466172546 __DUMMY__ 0.02099042771665034	false	1.0
heikel	neg 1.0		off 0.49528061250392896 neg 0.46090311197426004 __DUMMY__ 0.04381627552181091	false	0.5
drosselung	neg 1.0		off 0.5071307019143658 neg 0.44937712868096275 __DUMMY__ 0.0434921694046714	false	0.5
falsch	neg 1.0		off 0.5053978508298713 neg 0.4510140729266008 __DUMMY__ 0.043588076243527875	false	0.5
unzufriedenheit	neg 1.0		off 0.4951816368853015 neg 0.4609306340709854 __DUMMY__ 0.04388772904371304	false	0.5
kurz	neg 1.0		off 0.5013832378011923 neg 0.45463761310492135 __DUMMY__ 0.04397914909388638	false	0.5
unsinnig	neg 1.0		off 0.4977084300253086 neg 0.458671753245176 __DUMMY__ 0.04361981672951532	false	0.5
penner	off 1.0	off 1.0	off 0.7433925649837811 neg 0.23593046936138365 __DUMMY__ 0.020676965654835146	false	1.0
seicht	neg 1.0		off 0.5124704416799203 neg 0.44460711511649886 __DUMMY__ 0.04292244320358097	false	0.5
dummheit	off 1.0	off 1.0	off 0.7376187164367771 neg 0.24150268074131134 __DUMMY__ 0.02087860282191143	false	1.0
unerfreulich	neg 1.0		off 0.49589949244793413 neg 0.4601022885712553 __DUMMY__ 0.0439982189808105	false	0.5
motherfucker	off 1.0	off 1.0	off 0.7396256006293498 neg 0.23959990784137297 __DUMMY__ 0.020774491529277142	false	1.0
pikiert	neg 1.0		off 0.5049315624700239 neg 0.4517014747261278 __DUMMY__ 0.04336696280384821	false	0.5
wrack	neg 1.0		off 0.4984437454939592 neg 0.4575514757021405 __DUMMY__ 0.04400477880390027	false	0.5
gangster	neg 1.0		off 0.5037924444672389 neg 0.4525547345100211 __DUMMY__ 0.04365282102273982	false	0.5
krank	neg 1.0		off 0.5090109196963216 neg 0.4474094248504871 __DUMMY__ 0.04357965545319127	false	0.5
reich	neg 1.0		off 0.5027252821898571 neg 0.4539677431367891 __DUMMY__ 0.04330697467335374	false	0.5
gnadenlos	neg 1.0		off 0.5022674117440443 neg 0.4539968427799442 __DUMMY__ 0.04373574547601148	false	0.5
niedergeschlagen	neg 1.0		off 0.5020214535474178 neg 0.45397953033363436 __DUMMY__ 0.04399901611894781	false	0.5
terrorisieren	off 1.0	off 1.0	off 0.7351896912913592 neg 0.2437228260010332 __DUMMY__ 0.021087482707607595	false	1.0
sinnlosigkeit	neg 1.0		off 0.49858065551451497 neg 0.45766229444394974 __DUMMY__ 0.043757050041535336	false	0.5
behindern	neg 1.0		off 0.4996435482867357 neg 0.4566548854240129 __DUMMY__ 0.04370156628925145	false	0.5
undemokratisch	neg 1.0		off 0.4991539217816021 neg 0.4573955118041399 __DUMMY__ 0.043450566414257916	false	0.5
wirtschaftskrise	neg 1.0		off 0.49651381975253805 neg 0.45975481844016364 __DUMMY__ 0.043731361807298405	false	0.5
neid	neg 1.0		off 0.507780749368383 neg 0.4484755794481345 __DUMMY__ 0.043743671183482304	false	0.5
rutschen	neg 1.0		off 0.4976215118666524 neg 0.458008014369399 __DUMMY__ 0.04437047376394872	false	0.5
rezession	neg 1.0		off 0.5084364097766548 neg 0.44836869973614113 __DUMMY__ 0.04319489048720398	false	0.5
fehlgeburt	neg 1.0		off 0.5053539483652605 neg 0.4507825691543289 __DUMMY__ 0.04386348248041059	false	0.5
charakterschwach	off 1.0		off 0.5066672061605918 neg 0.4498892844768508 __DUMMY__ 0.04344350936255746	false	1.0
isolation	neg 1.0		off 0.5056767746011545 neg 0.45066768681092134 __DUMMY__ 0.04365553858792425	false	0.5
ablenkung	neg 1.0		off 0.5018514663546146 neg 0.4543807574782257 __DUMMY__ 0.04376777616715964	false	0.5
pech	neg 1.0		off 0.505775421616092 neg 0.4505702204451489 __DUMMY__ 0.043654357938758964	false	0.5
vermeidung	neg 1.0		off 0.5058775519203869 neg 0.4507904190120604 __DUMMY__ 0.043332029067552666	false	0.5
dominieren	neg 1.0		off 0.49980273537843806 neg 0.45613067522626466 __DUMMY__ 0.04406658939529727	false	0.5
schwindlig	neg 1.0		off 0.5070543889441683 neg 0.44897816914315397 __DUMMY__ 0.04396744191267761	false	0.5
lutscher	neg 1.0		off 0.5135992548844873 neg 0.4434613269787712 __DUMMY__ 0.042939418136741445	false	0.5
pflicht	neg 1.0		off 0.4952854066331392 neg 0.4608718184367852 __DUMMY__ 0.04384277493007563	false	0.5
faschist	off 1.0		off 0.5012403702024808 neg 0.4553951859625901 __DUMMY__ 0.04336444383492911	false	1.0
verschleudern	neg 1.0		off 0.49345104525975575 neg 0.46301991151365046 __DUMMY__ 0.04352904322659371	false	0.5
wenn			off 0.5055275138674412 neg 0.4509003237379837 __DUMMY__ 0.04357216239457516	false	0.0
ehebruch	neg 1.0		off 0.49762528090026886 neg 0.45855134702989503 __DUMMY__ 0.04382337206983607	false	0.5
spott	off 1.0		off 0.4960116316807813 neg 0.46024793390874535 __DUMMY__ 0.04374043441047342	false	1.0
trostlosigkeit	neg 1.0		off 0.495483326044358 neg 0.4605130519089245 __DUMMY__ 0.044003622046717525	false	0.5
lutschen	neg 1.0		off 0.5028055131940936 neg 0.453635034986405 __DUMMY__ 0.043559451819501355	false	0.5
undiszipliniert	neg 1.0		off 0.5091945769355832 neg 0.44731970212476285 __DUMMY__ 0.0434857209396538	false	0.5
kopfschmerz	neg 1.0		off 0.5020853760449431 neg 0.45390908052752205 __DUMMY__ 0.04400554342753484	false	0.5
unvorhergesehen	neg 1.0		off 0.5005339667368857 neg 0.4552971132176896 __DUMMY__ 0.0441689200454247	false	0.5
desinteressiert	neg 1.0		off 0.507634693078185 neg 0.4490086929071113 __DUMMY__ 0.043356614014703816	false	0.5
armselig	off 1.0		off 0.5072571832300535 neg 0.449549085675415 __DUMMY__ 0.043193731094531417	false	1.0
desaster	neg 1.0		off 0.49278309416888655 neg 0.46330669808483915 __DUMMY__ 0.04391020774627432	false	0.5
tod	neg 1.0		off 0.4999128196824919 neg 0.4560462869036283 __DUMMY__ 0.04404089341387994	false	0.5
herzlos	neg 1.0		off 0.5090005746894525 neg 0.4477045195695135 __DUMMY__ 0.04329490574103404	false	0.5
unwissenheit	neg 1.0		off 0.4967535966903211 neg 0.4596357169325777 __DUMMY__ 0.04361068637710128	false	0.5
widersinnig	neg 1.0	neg 1.0	neg 0.7155137414104114 off 0.2636566238497767 __DUMMY__ 0.02082963473981194	false	1.0
bedenklich	neg 1.0		off 0.49668102217301424 neg 0.4595549013488177 __DUMMY__ 0.04376407647816799	false	0.5
beanstanden	neg 1.0		off 0.49478963485101884 neg 0.46133420068499825 __DUMMY__ 0.04387616446398278	false	0.5
panisch	neg 1.0	neg 1.0	neg 0.7087652283191487 off 0.27010328921593973 __DUMMY__ 0.021131482464911602	false	1.0
debil	off 1.0		off 0.49134941044221747 neg 0.46447421929476557 __DUMMY__ 0.04417637026301708	false	1.0
abstrich	neg 1.0		off 0.49710190387660075 neg 0.45918882114911463 __DUMMY__ 0.0437092749742846	false	0.5
primitiv	neg 1.0		off 0.5067517347185262 neg 0.4499003757384535 __DUMMY__ 0.04334788954302035	false	0.5
abschaum	off 1.0	off 1.0	off 0.7387958835565116 neg 0.24036127465207466 __DUMMY__ 0.02084284179141376	false	1.0
provozieren	neg 1.0		off 0.5012142807281713 neg 0.4551327009112594 __DUMMY__ 0.04365301836056911	false	0.5
tot	neg 1.0		off 0.4957644873286022 neg 0.4605306084314092 __DUMMY__ 0.04370490423998859	false	0.5
instabil	neg 1.0		off 0.5042056388148898 neg 0.45268030345173543 __DUMMY__ 0.04311405773337485	false	0.5
schwuchtel	off 1.0		off 0.5179305656794728 neg 0.4392983096935835 __DUMMY__ 0.042771124626943664	false	1.0
zerren	neg 1.0		off 0.5020351282631891 neg 0.4539685106716239 __DUMMY__ 0.04399636106518693	false	0.5
kinderficker	off 1.0		off 0.5085860902919546 neg 0.4484114234074319 __DUMMY__ 0.04300248630061359	false	1.0
gefahr	neg 1.0		off 0.4964509518899083 neg 0.4595532813937438 __DUMMY__ 0.04399576671634772	false	0.5
rabiat	neg 1.0		off 0.5006605964103256 neg 0.4556577216949912 __DUMMY__ 0.04368168189468328	false	0.5
verlangsamung	neg 1.0		off 0.5126738672051564 neg 0.4441597755639576 __DUMMY__ 0.04316635723088601	false	0.5
ausgestorben	neg 1.0		off 0.5017904462161445 neg 0.45432874776518495 __DUMMY__ 0.043880806018670546	false	0.5
anklagen	neg 1.0		off 0.4988124078026966 neg 0.45744007468572023 __DUMMY__ 0.04374751751158315	false	0.5
trott	neg 1.0		off 0.5010032099090993 neg 0.4551823958290286 __DUMMY__ 0.04381439426187217	false	0.5
verminderung	neg 1.0		off 0.5063997558459349 neg 0.45032039281296316 __DUMMY__ 0.04327985134110196	false	0.5
nach			off 0.49719828302575186 neg 0.4582473181331665 __DUMMY__ 0.04455439884108172	false	0.0
rost	neg 1.0		off 0.511979340708323 neg 0.4447611327557794 __DUMMY__ 0.0432595265358976	false	0.5
destruktiv	neg 1.0		off 0.49831047859159744 neg 0.45817173826644425 __DUMMY__ 0.04351778314195823	false	0.5
unzumutbarkeit	neg 1.0		off 0.5059744395261125 neg 0.45045170801004913 __DUMMY__ 0.04357385246383835	false	0.5
labil	off 1.0	off 1.0	off 0.7387632079838514 neg 0.24038818836956732 __DUMMY__ 0.020848603646581282	false	1.0
ziemlich	neg 1.0		off 0.5075700748463219 neg 0.44887772535408793 __DUMMY__ 0.043552199799590297	false	0.5
lachnummer	off 1.0		off 0.49947108237578963 neg 0.45691629210882917 __DUMMY__ 0.043612625515381254	false	1.0
oder			off 0.5024459156584633 neg 0.4537284246668125 __DUMMY__ 0.04382565967472438	false	0.0
verfall	neg 1.0		off 0.49149409869243654 neg 0.4644235587363305 __DUMMY__ 0.04408234257123295	false	0.5
ausgrenzung	neg 1.0		off 0.5005745549746056 neg 0.45593603258631876 __DUMMY__ 0.04348941243907567	false	0.5
unordnung	neg 1.0		off 0.5066898875999599 neg 0.44977564185724456 __DUMMY__ 0.043534470542795446	false	0.5
fehlverhalten	neg 1.0		off 0.49561054213862 neg 0.4605572543339194 __DUMMY__ 0.043832203527460624	false	0.5
eine			off 0.4961414342799725 neg 0.4598941037785102 __DUMMY__ 0.04396446194151734	false	0.0
nille	neg 1.0		off 0.49971258150608366 neg 0.4565211297453085 __DUMMY__ 0.043766288748607905	false	0.5
qual	neg 1.0		off 0.500691135861842 neg 0.4554993428358291 __DUMMY__ 0.043809521302328916	false	0.5
verschwenden	neg 1.0		off 0.49772032647996256 neg 0.45848296513853715 __DUMMY__ 0.043796708381500384	false	0.5
riesig	neg 1.0	neg 1.0	neg 0.712577975346562 off 0.26623516074254405 __DUMMY__ 0.021186863910893937	false	1.0
verurteilen	neg 1.0		off 0.49828541088481104 neg 0.45795360007538183 __DUMMY__ 0.04376098903980714	false	0.5
klischee	neg 1.0	neg 1.0	neg 0.7113910774409549 off 0.2677802572449104 __DUMMY__ 0.020828665314134857	false	1.0
diktatorisch	neg 1.0		off 0.499217096505606 neg 0.4574012480427607 __DUMMY__ 0.043381655451633284	false	0.5
vorhersehbar	neg 1.0	neg 1.0	neg 0.7112901032857706 off 0.2678260978381586 __DUMMY__ 0.020883798876070857	false	1.0
sowie			off 0.5103913148813687 neg 0.44642828849777433 __DUMMY__ 0.04318039662085696	false	0.0
stornieren	neg 1.0		off 0.5046505251359418 neg 0.45136104119829706 __DUMMY__ 0.04398843366576119	false	0.5
besteuerung	neg 1.0		off 0.4989279212444022 neg 0.4576406063716598 __DUMMY__ 0.04343147238393805	false	0.5
ungeschminkt	neg 1.0		off 0.5064255045761421 neg 0.45017828020739403 __DUMMY__ 0.0433962152164639	false	0.5
kritisch	neg 1.0		off 0.49618890666918924 neg 0.46006383592500333 __DUMMY__ 0.04374725740580753	false	0.5
schlamperei	off 1.0		off 0.49473872548971454 neg 0.46151833465058917 __DUMMY__ 0.043742939859696295	false	1.0
sucht	neg 1.0	neg 1.0	neg 0.7114344615686434 off 0.26748814829697276 __DUMMY__ 0.021077390134383867	false	1.0
egoistisch	off 1.0		off 0.5118055418802626 neg 0.44495032794102646 __DUMMY__ 0.043244130178710906	false	1.0
ausbeuter	off 1.0		off 0.4944705820263831 neg 0.4617943924202706 __DUMMY__ 0.04373502555334632	false	1.0
arschgeburt	off 1.0		off 0.517517508928915 neg 0.4397654194800575 __DUMMY__ 0.04271707159102752	false	1.0
schubs	neg 1.0	neg 1.0	neg 0.7117907887800682 off 0.2670306059806163 __DUMMY__ 0.02117860523931544	false	1.0
unsolide	neg 1.0		off 0.49748365644558623 neg 0.45938312717313246 __DUMMY__ 0.043133216381281404	false	0.5
beschwerde	neg 1.0		off 0.49529145614144215 neg 0.4609422227081675 __DUMMY__ 0.04376632115039042	false	0.5
stocken	neg 1.0		off 0.4975560589691813 neg 0.4585345200250468 __DUMMY__ 0.04390942100577196	false	0.5
isolieren	neg 1.0		off 0.49823523283652427 neg 0.4579461892804978 __DUMMY__ 0.04381857788297793	false	0.5
unheilbar	neg 1.0		off 0.5037683505125202 neg 0.45230363238534016 __DUMMY__ 0.04392801710213959	false	0.5
pisser	off 1.0		off 0.5084289769577304 neg 0.44810074269845174 __DUMMY__ 0.04347028034381776	false	1.0
löschen	neg 1.0		off 0.501212982781103 neg 0.4550149865622649 __DUMMY__ 0.043772030656632085	false	0.5
durchfallen	neg 1.0		off 0.49715846398142166 neg 0.4591833141456995 __DUMMY__ 0.04365822187287893	false	0.5
wichser	off 1.0		off 0.5162635488223014 neg 0.440693921281574 __DUMMY__ 0.0430425298961247	false	1.0
terror	neg 1.0		off 0.5049123201255371 neg 0.451342516909659 __DUMMY__ 0.04374516296480387	false	0.5
krass	neg 1.0		off 0.5096055577879717 neg 0.4471156564294681 __DUMMY__ 0.04327878578256026	false	0.5
revolte	neg 1.0		off 0.5013423877385712 neg 0.455176641646933 __DUMMY__ 0.04348097061449593	false	0.5
besorgt	neg 1.0		off 0.5015291607087718 neg 0.4544136417755155 __DUMMY__ 0.044057197515712805	false	0.5
nachlassen	neg 1.0		off 0.49751212807839407 neg 0.45854634622937307 __DUMMY__ 0.04394152569223292	false	0.5
alt	neg 1.0		off 0.49870808928924587 neg 0.4573860567539618 __DUMMY__ 0.04390585395679229	false	0.5
hundesohn	off 1.0		off 0.5129342920586578 neg 0.444120858644002 __DUMMY__ 0.04294484929734013	false	1.0
als			off 0.5004803051919136 neg 0.45559211193623583 __DUMMY__ 0.043927582871850786	false	0.0
abschreckung	neg 1.0		off 0.49511821954873286 neg 0.4609062781592985 __DUMMY__ 0.043975502291968546	false	0.5
unqualifiziert	neg 1.0		off 0.500921390264213 neg 0.4558103648475078 __DUMMY__ 0.043268244888279274	false	0.5
abgewichst	off 1.0		off 0.4993964615179552 neg 0.4567878081031524 __DUMMY__ 0.04381573037889233	false	1.0
schwer	neg 1.0		off 0.5017333287556192 neg 0.4544554838160445 __DUMMY__ 0.04381118742833642	false	0.5
bedeutungslosigkeit	neg 1.0		off 0.4954470998831179 neg 0.46066625504714154 __DUMMY__ 0.04388664506974055	false	0.5
kapitulation	neg 1.0		off 0.4952719217118084 neg 0.4610518548361795 __DUMMY__ 0.04367622345201207	false	0.5
unscharf	neg 1.0		off 0.5031317793805039 neg 0.45328176220312 __DUMMY__ 0.04358645841637605	false	0.5
schwinden	neg 1.0		off 0.49602051356625465 neg 0.4600295594563649 __DUMMY__ 0.04394992697738033	false	0.5
versklavung	neg 1.0		off 0.4994134322307974 neg 0.4571419295418931 __DUMMY__ 0.04344463822730957	false	0.5
schlecht	neg 1.0		off 0.5079042930157074 neg 0.4485204388782787 __DUMMY__ 0.043575268106013955	false	0.5
verhasst	neg 1.0		off 0.501688222997962 neg 0.45466321219370714 __DUMMY__ 0.0436485648083308	false	0.5
beschweren	neg 1.0		off 0.5030591359827872 neg 0.4532695085758923 __DUMMY__ 0.04367135544132044	false	0.5
scheiden	neg 1.0		off 0.5039076050820054 neg 0.45212613071061425 __DUMMY__ 0.043966264207380326	false	0.5
frustriert	neg 1.0		off 0.5003609307239686 neg 0.45581780142446077 __DUMMY__ 0.043821267851570554	false	0.5
schimmelig	neg 1.0		off 0.49862302854091195 neg 0.45739490540195643 __DUMMY__ 0.04398206605713147	false	0.5
fisch	neg 1.0		off 0.49813159121555073 neg 0.4577518520607128 __DUMMY__ 0.044116556723736655	false	0.5
schmuggel	neg 1.0		off 0.49871412743635035 neg 0.45708219312376686 __DUMMY__ 0.044203679439882806	false	0.5
auffallen	neg 1.0		off 0.5038226360599733 neg 0.4525241903448954 __DUMMY__ 0.04365317359513126	false	0.5
konkurrenz	neg 1.0	neg 1.0	neg 0.7153752195750472 off 0.26348341624555427 __DUMMY__ 0.021141364179398513	false	1.0
teufelskreis	neg 1.0		off 0.5007668675296228 neg 0.45544398579475387 __DUMMY__ 0.04378914667562314	false	0.5
aufschreien	neg 1.0		off 0.5028632091583316 neg 0.4535637548740155 __DUMMY__ 0.0435730359676528	false	0.5
schuldner	neg 1.0		off 0.49586754706629316 neg 0.46022471612153854 __DUMMY__ 0.043907736812168294	false	0.5
missgeburt	off 1.0	off 1.0	off 0.7418481467986792 neg 0.23744405733605367 __DUMMY__ 0.020707795865267255	false	1.0
arbeitslos	neg 1.0		off 0.49765381450487445 neg 0.4586699193220579 __DUMMY__ 0.04367626617306761	false	0.5
befallen	neg 1.0		off 0.49966470229549037 neg 0.4565288906626749 __DUMMY__ 0.04380640704183471	false	0.5
miesepetrig	off 1.0	off 1.0	off 0.740422490425814 neg 0.238661044920218 __DUMMY__ 0.020916464653967945	false	1.0
alarmieren	neg 1.0		off 0.5042706139943554 neg 0.4522839664944576 __DUMMY__ 0.04344541951118709	false	0.5
ungeduscht	off 1.0		off 0.5057966475830665 neg 0.45052679465351764 __DUMMY__ 0.043676557763415925	false	1.0
knappheit	neg 1.0		off 0.4954522477626503 neg 0.46087227911339557 __DUMMY__ 0.04367547312395399	false	0.5
schlange	neg 1.0		off 0.5051616421934567 neg 0.4509490666053949 __DUMMY__ 0.043889291201148366	false	0.5
harsch	neg 1.0		off 0.511857173250111 neg 0.44470101653640554 __DUMMY__ 0.043441810213483464	false	0.5
lang	neg 1.0		off 0.5019361065763559 neg 0.454279082993107 __DUMMY__ 0.04378481043053729	false	0.5
ziellos	neg 1.0		off 0.5006307211552108 neg 0.4553450446405974 __DUMMY__ 0.04402423420419184	false	0.5
selbstverliebt	neg 1.0		off 0.5152272833510168 neg 0.4419521780336771 __DUMMY__ 0.04282053861530617	false	0.5
beseitigen	neg 1.0		off 0.49995110397989895 neg 0.45629029300640167 __DUMMY__ 0.04375860301369937	false	0.5
dumm	off 1.0		off 0.5118161656472384 neg 0.44507219432556044 __DUMMY__ 0.043111640027201234	false	1.0
arbeitsloser	neg 1.0		off 0.49828088104100526 neg 0.4578590382159538 __DUMMY__ 0.04386008074304089	false	0.5
blitzen	neg 1.0		off 0.504356099979993 neg 0.4520085824650105 __DUMMY__ 0.04363531755499652	false	0.5
hilflos	neg 1.0		off 0.5004088908763663 neg 0.4557074883093148 __DUMMY__ 0.043883620814319	false	0.5
eklig	off 1.0		off 0.5135005691085197 neg 0.4433159101847003 __DUMMY__ 0.043183520706779936	false	1.0
begriff			off 0.49872995285756516 neg 0.45760234890579604 __DUMMY__ 0.043667698236638824	false	0.0
hungersnot	neg 1.0		off 0.5001561054909667 neg 0.45595460705519475 __DUMMY__ 0.04388928745383861	false	0.5
ungesetzlich	neg 1.0		off 0.49854944124850964 neg 0.4582263014592483 __DUMMY__ 0.043224257292242	false	0.5
verschwendung	neg 1.0		off 0.4969244606085868 neg 0.4591837423985628 __DUMMY__ 0.04389179699285048	false	0.5
schmerzvoll	neg 1.0		off 0.5035030296002064 neg 0.45277810724575507 __DUMMY__ 0.043718863154038404	false	0.5
vorzeitig	neg 1.0		off 0.5058244578342919 neg 0.4503995122521217 __DUMMY__ 0.04377602991358634	false	0.5
unvollkommenheit	neg 1.0		off 0.5025373814467639 neg 0.4532648377037465 __DUMMY__ 0.04419778084948964	false	0.5
intervenieren	neg 1.0		off 0.4945760839268245 neg 0.46171734340122034 __DUMMY__ 0.04370657267195521	false	0.5
banause	off 1.0		off 0.5138718029748394 neg 0.4431832405799757 __DUMMY__ 0.04294495644518491	false	1.0
rebell	neg 1.0		off 0.4937129038952898 neg 0.46227425581441123 __DUMMY__ 0.04401284029029909	false	0.5
unlogisch	neg 1.0		off 0.5087719246759751 neg 0.4479146913349033 __DUMMY__ 0.0433133839891216	false	0.5
leiden	neg 1.0		off 0.5002367280518862 neg 0.45548557511316534 __DUMMY__ 0.0442776968349483	false	0.5
abschaffung	neg 1.0		off 0.49885345227270905 neg 0.45768906506994034 __DUMMY__ 0.04345748265735049	false	0.5
sturz	neg 1.0		off 0.50242902131875 neg 0.45369352404314245 __DUMMY__ 0.04387745463810753	false	0.5
verkleinerung	neg 1.0		off 0.5010229712757748 neg 0.45565628218804716 __DUMMY__ 0.04332074653617805	false	0.5
schmarotzer	off 1.0		off 0.49694922111217404 neg 0.45942701301366085 __DUMMY__ 0.04362376587416524	false	1.0
bestrafung	neg 1.0		off 0.5022424109235297 neg 0.4540961109567892 __DUMMY__ 0.04366147811968108	false	0.5
achtlos	neg 1.0		off 0.5025063398076636 neg 0.45359960360576396 __DUMMY__ 0.04389405658657257	false	0.5
ungeheuer	neg 1.0		off 0.5045031643353127 neg 0.45185360432021965 __DUMMY__ 0.043643231344467674	false	0.5
unaufrichtig	neg 1.0		off 0.5020520436014176 neg 0.4544221722341678 __DUMMY__ 0.04352578416441454	false	0.5
groggy	neg 1.0		off 0.5031508674370199 neg 0.4532649197091237 __DUMMY__ 0.04358421285385639	false	0.5
