unsolidarisch	neg 1.0		__DUMMY__ 0.8898870866113454 neg 0.05506757033059316 off 0.05504534305806134	false	1.0
nachteilig	neg 1.0		__DUMMY__ 0.8969666445315335 neg 0.051825498689782964 off 0.0512078567786836	false	1.0
skeptisch	neg 1.0		__DUMMY__ 0.8973527966976145 neg 0.05202571676584194 off 0.050621486536543685	false	1.0
schrecklich	neg 1.0		__DUMMY__ 0.8903413645183176 off 0.06341095275145893 neg 0.04624768273022351	false	0.5
schlapp	neg 1.0		__DUMMY__ 0.8945873417476278 off 0.0590813707253164 neg 0.046331287527055835	false	0.5
abfall	neg 1.0		__DUMMY__ 0.9002637395761706 neg 0.05152884554208405 off 0.048207414881745424	false	1.0
widerspenstig	neg 1.0		__DUMMY__ 0.8966647034448403 off 0.05467284572485392 neg 0.04866245083030573	false	0.5
abrupt	neg 1.0		__DUMMY__ 0.9004586351725 off 0.05062784518898329 neg 0.04891351963851678	false	0.5
unwirksam	neg 1.0		__DUMMY__ 0.891387358174327 off 0.05463694359565358 neg 0.05397569823001937	false	0.5
angreifen	neg 1.0	neg 1.0	neg 0.5090816024579532 __DUMMY__ 0.45228934410090876 off 0.03862905344113795	false	1.0
inkonsistent	neg 1.0		__DUMMY__ 0.8952521340143534 off 0.05532106771880152 neg 0.04942679826684513	false	0.5
abrutschen	neg 1.0		__DUMMY__ 0.899941641218175 neg 0.05152013018126625 off 0.04853822860055874	false	1.0
unsicher	neg 1.0		__DUMMY__ 0.896913596511822 off 0.05505649634306986 neg 0.04802990714510816	false	0.5
bauernkind	off 1.0	off 1.0	off 0.5177139955449812 __DUMMY__ 0.4448940351177777 neg 0.03739196933724115	false	1.0
angreifer	neg 1.0		__DUMMY__ 0.8972061855731462 off 0.0561047883130993 neg 0.0466890261137545	false	0.5
trennen	neg 1.0		__DUMMY__ 0.9014614870003055 off 0.0511548994268456 neg 0.047383613572848954	false	0.5
schmutz	neg 1.0		__DUMMY__ 0.9027746800304439 off 0.056070253349634364 neg 0.0411550666199218	false	0.5
inkonsistenz	neg 1.0		__DUMMY__ 0.8898557176565224 off 0.058724657940283205 neg 0.05141962440319441	false	0.5
erschreckend	neg 1.0		__DUMMY__ 0.895135167051331 off 0.05412843901195755 neg 0.05073639393671141	false	0.5
ertrinken	neg 1.0		__DUMMY__ 0.9003742496622256 off 0.05188571267243688 neg 0.04774003766533758	false	0.5
pickelface	off 1.0		__DUMMY__ 0.8960473083812809 off 0.05306597056159247 neg 0.05088672105712663	false	1.0
seiner			__DUMMY__ 0.8993695733546009 off 0.0509695670887938 neg 0.0496608595566053	false	0.0
lauch	neg 1.0		__DUMMY__ 0.8976951268507849 neg 0.05397034532674704 off 0.048334527822468026	false	1.0
unwichtig	neg 1.0		__DUMMY__ 0.8923536449830454 off 0.0592593863131254 neg 0.04838696870382923	false	0.5
steuerhinterziehung	neg 1.0		__DUMMY__ 0.8941304570372162 off 0.05350174127182657 neg 0.05236780169095726	false	0.5
schock	neg 1.0		__DUMMY__ 0.8997455804003102 off 0.05410836537889792 neg 0.046146054220791925	false	0.5
beule	neg 1.0		__DUMMY__ 0.8951829663501074 off 0.0592619360198241 neg 0.04555509763006851	false	0.5
vergelten	neg 1.0		__DUMMY__ 0.8950275749616181 off 0.06228385599981989 neg 0.042688569038562024	false	0.5
verdorbenheit	neg 1.0		__DUMMY__ 0.896671595880223 off 0.05401129985470842 neg 0.04931710426506842	false	0.5
trauma	neg 1.0		__DUMMY__ 0.8951520161327496 off 0.05580804969910284 neg 0.04903993416814755	false	0.5
sinnlos	neg 1.0		__DUMMY__ 0.8955705674220077 off 0.05706640481451334 neg 0.04736302776347897	false	0.5
fettsack	off 1.0	off 1.0	off 0.518993696864944 __DUMMY__ 0.44623550334309003 neg 0.034770799791966005	false	1.0
feige	off 1.0	off 1.0	off 0.5155060006065024 __DUMMY__ 0.44725768625108286 neg 0.03723631314241463	false	1.0
abdanken	neg 1.0		__DUMMY__ 0.8945407247309685 off 0.05444501135709065 neg 0.051014263911940826	false	0.5
wichtigtuer	off 1.0	off 1.0	off 0.513448201334278 __DUMMY__ 0.44875279820313246 neg 0.03779900046258951	false	1.0
misslingen	neg 1.0		__DUMMY__ 0.900602961713428 off 0.055444814092913706 neg 0.04395222419365819	false	0.5
untreu	off 1.0		__DUMMY__ 0.8918663176564321 off 0.06032966302727686 neg 0.047804019316291115	false	1.0
missmutig	neg 1.0		__DUMMY__ 0.8937749007885374 off 0.05917335515488459 neg 0.047051744056578054	false	0.5
hurenbock	off 1.0		__DUMMY__ 0.8964767647641809 off 0.05576459883167389 neg 0.04775863640414528	false	1.0
betrunken	neg 1.0		__DUMMY__ 0.8945923844038791 off 0.06136785092920446 neg 0.0440397646669163	false	0.5
korrupt	off 1.0		__DUMMY__ 0.8921762674985314 neg 0.05478958501173738 off 0.05303414748973118	false	0.5
unmut	neg 1.0		__DUMMY__ 0.8990536074016298 neg 0.05248453899602027 off 0.04846185360235001	false	1.0
hackfresse	off 1.0		__DUMMY__ 0.887192476811794 off 0.06645875834593565 neg 0.046348764842270414	false	1.0
aufblasen	neg 1.0		__DUMMY__ 0.8974355149257025 off 0.05599715350618775 neg 0.0465673315681098	false	0.5
gewaltsam	neg 1.0		__DUMMY__ 0.8968885189178345 off 0.054115356319483915 neg 0.04899612476268153	false	0.5
unbeliebtheit	neg 1.0		__DUMMY__ 0.8857613401939218 off 0.05888863154806273 neg 0.05535002825801551	false	0.5
sturheit	neg 1.0		__DUMMY__ 0.8949386209947274 off 0.05422890024075854 neg 0.05083247876451402	false	0.5
kuh	neg 1.0		__DUMMY__ 0.8936532845207324 off 0.05490781829022171 neg 0.051438897189045915	false	0.5
erschrecken	neg 1.0		__DUMMY__ 0.8944603997341135 off 0.05858041366536018 neg 0.04695918660052631	false	0.5
opfer	neg 1.0		__DUMMY__ 0.8989939803172354 off 0.05206773827057297 neg 0.04893828141219152	false	0.5
sinken	neg 1.0		__DUMMY__ 0.8990417635315746 neg 0.05221310776409443 off 0.0487451287043309	false	1.0
stinktier	neg 1.0		__DUMMY__ 0.8890621827431171 off 0.06382858241174523 neg 0.04710923484513771	false	0.5
tucke	off 1.0		__DUMMY__ 0.8835459852203298 off 0.06674503087438813 neg 0.04970898390528204	false	1.0
ein			__DUMMY__ 0.8967205663626675 off 0.05530244738526447 neg 0.04797698625206797	false	0.0
abstieg	neg 1.0		__DUMMY__ 0.9017022099834869 off 0.051206464366955265 neg 0.04709132564955783	false	0.5
missverstehen	neg 1.0		__DUMMY__ 0.8928086844622043 off 0.05735273311912251 neg 0.04983858241867323	false	0.5
ergebnislos	neg 1.0		__DUMMY__ 0.8976764465348996 neg 0.051191098334925245 off 0.0511324551301751	false	1.0
unter			__DUMMY__ 0.9060816460745531 neg 0.04958853034551703 off 0.044329823579929865	false	0.0
manipulieren	neg 1.0		__DUMMY__ 0.8980061942734596 neg 0.051238700723176794 off 0.05075510500336345	false	1.0
unbewiesen	neg 1.0		__DUMMY__ 0.8896456567951074 off 0.055345161261226565 neg 0.05500918194366598	false	0.5
verschleppen	neg 1.0		__DUMMY__ 0.8975100544439079 off 0.05264140573564124 neg 0.04984853982045083	false	0.5
weib	off 1.0		__DUMMY__ 0.8875776036159212 off 0.06643291029348296 neg 0.0459894860905959	false	1.0
opposition	neg 1.0		__DUMMY__ 0.8935224355394582 off 0.05627537076573484 neg 0.05020219369480694	false	0.5
verkehrswidrig	neg 1.0	neg 1.0	neg 0.5003864731490144 __DUMMY__ 0.45259441933139155 off 0.047019107519593935	false	1.0
inkorrekt	neg 1.0		__DUMMY__ 0.8881337326687356 off 0.061554575292962745 neg 0.05031169203830161	false	0.5
vermeiden	neg 1.0		__DUMMY__ 0.9028149271115119 neg 0.05088869343950793 off 0.046296379448980234	false	1.0
abweichung	neg 1.0		__DUMMY__ 0.896154464421159 neg 0.05241837197170624 off 0.05142716360713478	false	1.0
alkoholisiert	neg 1.0		__DUMMY__ 0.9046930598006824 off 0.050004265942968355 neg 0.04530267425634918	false	0.5
scheiss	off 1.0	off 1.0	off 0.515122503619207 __DUMMY__ 0.4496094299151493 neg 0.03526806646564382	false	1.0
herausforderung	neg 1.0	neg 1.0	neg 0.5041099345256389 __DUMMY__ 0.45754442491194486 off 0.03834564056241626	false	1.0
pervers	off 1.0		__DUMMY__ 0.8861802558023082 off 0.06926772371125392 neg 0.04455202048643791	false	1.0
wackelig	neg 1.0		__DUMMY__ 0.9009461102399092 off 0.052432615269951396 neg 0.04662127449013939	false	0.5
verwickeln	neg 1.0		__DUMMY__ 0.8927910950020038 off 0.057295598155333784 neg 0.04991330684266238	false	0.5
vorwand	neg 1.0		__DUMMY__ 0.898619427992253 neg 0.05135234362334848 off 0.05002822838439845	false	1.0
muschi	off 1.0		__DUMMY__ 0.895732173312611 off 0.05352128034044139 neg 0.05074654634694753	false	1.0
entmutigung	neg 1.0		__DUMMY__ 0.8928057484254555 off 0.056449285581986586 neg 0.05074496599255807	false	0.5
unangemessen	neg 1.0		__DUMMY__ 0.8947377115491889 off 0.05342842242099789 neg 0.05183386602981321	false	0.5
unstetig	neg 1.0		__DUMMY__ 0.8968999631307769 off 0.05536297421985622 neg 0.04773706264936687	false	0.5
entmutigen	neg 1.0		__DUMMY__ 0.894517107888039 off 0.056136798471142765 neg 0.049346093640818274	false	0.5
schwanz	neg 1.0		__DUMMY__ 0.8983606482509525 neg 0.05108985613548957 off 0.050549495613557906	false	1.0
verbot	neg 1.0		__DUMMY__ 0.8944949197569746 off 0.0527589394230105 neg 0.05274614082001489	false	0.5
leid	neg 1.0		__DUMMY__ 0.8906874794928137 off 0.06434688585457386 neg 0.04496563465261239	false	0.5
archaisch	neg 1.0		__DUMMY__ 0.896625911353823 off 0.05313414858422012 neg 0.050239940061956916	false	0.5
gegen			__DUMMY__ 0.9005289939789055 neg 0.049928752289816136 off 0.04954225373127827	false	0.0
scheidung	neg 1.0		__DUMMY__ 0.8851608834872116 off 0.07252169250053041 neg 0.04231742401225801	false	0.5
einschlag	neg 1.0	neg 1.0	neg 0.5047568431990804 __DUMMY__ 0.4482511212412734 off 0.04699203555964613	false	1.0
m			__DUMMY__ 0.8980893008060991 off 0.05280237694954866 neg 0.04910832224435228	false	0.0
abgestanden	neg 1.0		__DUMMY__ 0.8982166449143879 off 0.054871486816630684 neg 0.04691186826898135	false	0.5
schmierig	off 1.0		__DUMMY__ 0.8911410729893822 off 0.06392984284360463 neg 0.0449290841670132	false	1.0
unpraktisch	neg 1.0		__DUMMY__ 0.897894773807068 off 0.05549109935021758 neg 0.046614126842714446	false	0.5
wixxer	off 1.0		__DUMMY__ 0.884952034261294 off 0.0690499408541912 neg 0.04599802488451489	false	1.0
bezeichnet			__DUMMY__ 0.8948633438055125 off 0.054658697609901795 neg 0.050477958584585605	false	0.0
jammerlappen	off 1.0		__DUMMY__ 0.8927178424993083 off 0.059396791494151245 neg 0.0478853660065405	false	1.0
farce	neg 1.0		__DUMMY__ 0.8931151917079262 neg 0.0534785066468807 off 0.05340630164519304	false	1.0
zwecklos	neg 1.0		__DUMMY__ 0.8956227344203094 off 0.05336193624069714 neg 0.05101532933899351	false	0.5
turbulent	neg 1.0		__DUMMY__ 0.8911926801754562 off 0.0595793749566234 neg 0.04922794486792045	false	0.5
invasion	neg 1.0		__DUMMY__ 0.8950789273958661 off 0.05707288268055066 neg 0.04784818992358315	false	0.5
schuld	neg 1.0		__DUMMY__ 0.8950570058471415 off 0.055861083843642946 neg 0.04908191030921545	false	0.5
risiko	neg 1.0		__DUMMY__ 0.8969698586093297 off 0.05507131500802473 neg 0.04795882638264557	false	0.5
finster	neg 1.0		__DUMMY__ 0.896899279872344 off 0.055239199288549 neg 0.0478615208391071	false	0.5
geisteskrank	off 1.0		__DUMMY__ 0.8904896861146194 off 0.06099774563337089 neg 0.04851256825200958	false	1.0
zusammenbrechen	neg 1.0		__DUMMY__ 0.8978685785562711 off 0.05374350955278765 neg 0.048387911890941174	false	0.5
ausbeute	neg 1.0		__DUMMY__ 0.900347275608688 off 0.05026901045783749 neg 0.049383713933474516	false	0.5
hinterhalt	neg 1.0		__DUMMY__ 0.8974294145266563 off 0.05289165127222439 neg 0.049678934201119296	false	0.5
kritik	neg 1.0		__DUMMY__ 0.8938731587587595 off 0.05329201102707003 neg 0.052834830214170486	false	0.5
einschrumpfen	neg 1.0		__DUMMY__ 0.8902750236331172 off 0.05758454306173423 neg 0.052140433305148705	false	0.5
riskant	neg 1.0		__DUMMY__ 0.897099160076385 off 0.05185494960259761 neg 0.05104589032101738	false	0.5
frustrieren	neg 1.0		__DUMMY__ 0.8972356185322585 off 0.05196585084269056 neg 0.050798530625050894	false	0.5
groll	neg 1.0		__DUMMY__ 0.8969774855595007 off 0.053114024154605775 neg 0.049908490285893545	false	0.5
gibt			__DUMMY__ 0.8959747734468028 off 0.05347039003839636 neg 0.05055483651480088	false	0.0
qualvoll	neg 1.0		__DUMMY__ 0.8962504666761634 off 0.05782865230583173 neg 0.04592088101800491	false	0.5
wackeln	neg 1.0	neg 1.0	neg 0.5044098334406796 __DUMMY__ 0.45357108431389415 off 0.042019082245426234	false	1.0
klagen	neg 1.0		__DUMMY__ 0.8984968589141302 neg 0.05265205907838542 off 0.04885108200748433	false	1.0
bankrott	neg 1.0		__DUMMY__ 0.8942678904567842 off 0.05821234726740586 neg 0.0475197622758099	false	0.5
trauern	neg 1.0		__DUMMY__ 0.8999017718511391 off 0.05179199652291423 neg 0.04830623162594671	false	0.5
ablehnung	neg 1.0		__DUMMY__ 0.8938116354797208 off 0.05338062298637772 neg 0.05280774153390154	false	0.5
stur	neg 1.0		__DUMMY__ 0.8942452149555952 off 0.05637790628682031 neg 0.049376878757584466	false	0.5
aufruhr	neg 1.0		__DUMMY__ 0.897447779615066 off 0.05413615453855729 neg 0.04841606584637659	false	0.5
melancholie	neg 1.0		__DUMMY__ 0.8993207729964204 off 0.052356144527956464 neg 0.04832308247562317	false	0.5
ist			__DUMMY__ 0.894642144289057 off 0.05652399733471845 neg 0.04883385837622459	false	0.0
torheit	neg 1.0		__DUMMY__ 0.8936125183911204 off 0.05580658290456694 neg 0.05058089870431256	false	0.5
dreckskind	off 1.0		__DUMMY__ 0.8882432421397716 off 0.06512014465842343 neg 0.04663661320180495	false	1.0
umtauschen	neg 1.0		__DUMMY__ 0.8970378422390176 off 0.05405349996312692 neg 0.04890865779785547	false	0.5
zum			__DUMMY__ 0.9057402799322922 neg 0.047944433297967666 off 0.046315286769740054	false	0.0
zersetzen	neg 1.0		__DUMMY__ 0.896853706749641 neg 0.052512283476675914 off 0.050634009773683084	false	1.0
zur			__DUMMY__ 0.9026004562324718 neg 0.05142070773585506 off 0.04597883603167313	false	0.0
frust	neg 1.0		__DUMMY__ 0.8974930430416653 off 0.05364284359593528 neg 0.048864113362399327	false	0.5
unerbittlichkeit	neg 1.0		__DUMMY__ 0.8969766313802917 neg 0.05229250388654324 off 0.05073086473316506	false	1.0
zwei			__DUMMY__ 0.9035634062706824 off 0.04824592392986765 neg 0.04819066979944993	false	0.0
unkorrekt	neg 1.0		__DUMMY__ 0.8872701959069182 off 0.06192006984799022 neg 0.05080973424509161	false	0.5
hexe	off 1.0		__DUMMY__ 0.891422964786398 off 0.059587129148995346 neg 0.04898990606460665	false	1.0
lasch	neg 1.0		__DUMMY__ 0.8907202883855979 off 0.05837384709674216 neg 0.05090586451765995	false	0.5
rivale	neg 1.0		__DUMMY__ 0.8935246072569345 off 0.061624982452368866 neg 0.044850410290696606	false	0.5
mutlos	off 1.0	off 1.0	off 0.5093544289352552 __DUMMY__ 0.4503583952210005 neg 0.0402871758437442	false	1.0
wirr	off 1.0		__DUMMY__ 0.8880109314971519 off 0.062066237190726736 neg 0.04992283131212135	false	1.0
jahr			__DUMMY__ 0.9016614502595159 off 0.04974043611554904 neg 0.04859811362493499	false	0.0
wird			__DUMMY__ 0.8973754670744903 off 0.05214370285155745 neg 0.05048083007395219	false	0.0
strafbar	neg 1.0		__DUMMY__ 0.896183713985794 off 0.05200548114632117 neg 0.051810804867884815	false	0.5
erosion	neg 1.0		__DUMMY__ 0.8972834213941044 off 0.05532139705546788 neg 0.047395181550427753	false	0.5
eingehen	neg 1.0		__DUMMY__ 0.8949629341334572 off 0.052767930345516585 neg 0.05226913552102616	false	0.5
faul	off 1.0		__DUMMY__ 0.8953932987316527 off 0.058338720213159515 neg 0.04626798105518771	false	1.0
provisorium	neg 1.0		__DUMMY__ 0.9048842640895592 neg 0.05113138952297274 off 0.043984346387468044	false	1.0
schmerzen	neg 1.0		__DUMMY__ 0.8970485327109702 off 0.054418585671299806 neg 0.048532881617730034	false	0.5
schrumpfen	neg 1.0		__DUMMY__ 0.8999323517416944 neg 0.053652729444517766 off 0.046414918813787974	false	1.0
geistlos	off 1.0		__DUMMY__ 0.889628468049687 off 0.057528365330039785 neg 0.05284316662027315	false	1.0
fehlkauf	neg 1.0		__DUMMY__ 0.8942944680853846 off 0.056483225042179966 neg 0.049222306872435374	false	0.5
frustrierend	neg 1.0		__DUMMY__ 0.8948950460672143 off 0.05849887206438142 neg 0.04660608186840437	false	0.5
unzufrieden	neg 1.0		__DUMMY__ 0.895283176436433 off 0.05325177353553757 neg 0.05146505002802954	false	0.5
verzweifeln	neg 1.0		__DUMMY__ 0.8962827722698615 off 0.05461146848217803 neg 0.049105759247960366	false	0.5
verzweifelt	neg 1.0		__DUMMY__ 0.8945279721678913 off 0.05642181990533992 neg 0.04905020792676872	false	0.5
misstrauensantrag	neg 1.0		__DUMMY__ 0.8940754727749514 off 0.05682459909555155 neg 0.049099928129497115	false	0.5
abfallen	neg 1.0		__DUMMY__ 0.8978070204260234 off 0.05575083486809602 neg 0.046442144705880616	false	0.5
fucker	off 1.0		__DUMMY__ 0.8903638255963535 off 0.061376137741309116 neg 0.04826003666233735	false	1.0
ungezogen	neg 1.0		__DUMMY__ 0.8878671836367215 off 0.06769384512121819 neg 0.04443897124206026	false	0.5
irrsinnig	neg 1.0	neg 1.0	neg 0.5080456113294147 __DUMMY__ 0.44943789776691767 off 0.04251649090366752	false	1.0
unfassbar	neg 1.0		__DUMMY__ 0.8914138122473609 off 0.0599750598931689 neg 0.04861112785947022	false	0.5
hart	neg 1.0		__DUMMY__ 0.8942329298227186 off 0.05779132748049938 neg 0.047975742696782064	false	0.5
widerlich	off 1.0		__DUMMY__ 0.8902826443662961 off 0.06084966141695791 neg 0.04886769421674595	false	1.0
fatal	neg 1.0		__DUMMY__ 0.8941752944986494 off 0.05679989670951488 neg 0.04902480879183565	false	0.5
bruch	neg 1.0		__DUMMY__ 0.899430909739394 neg 0.05147719253144874 off 0.04909189772915727	false	1.0
aushungern	neg 1.0		__DUMMY__ 0.8943098429817519 off 0.054281901592957094 neg 0.051408255425291025	false	0.5
anspannung	neg 1.0	neg 1.0	neg 0.5044513769734412 __DUMMY__ 0.4600901847085795 off 0.03545843831797928	false	1.0
von			__DUMMY__ 0.9018182677634066 off 0.049171041780699136 neg 0.04901069045589434	false	0.0
kraftlos	neg 1.0		__DUMMY__ 0.9004456448416641 off 0.05301395331477714 neg 0.04654040184355878	false	0.5
vom			__DUMMY__ 0.9065033828959617 neg 0.049051995996128896 off 0.044444621107909484	false	0.0
grenzdebil	off 1.0		__DUMMY__ 0.8920360332953428 off 0.06082868780260547 neg 0.04713527890205175	false	1.0
vor			__DUMMY__ 0.9002931035933404 off 0.04996126534522285 neg 0.04974563106143677	false	0.0
unterwerfen	neg 1.0		__DUMMY__ 0.8973270457955832 off 0.051755821242246446 neg 0.05091713296217035	false	0.5
versenkung	neg 1.0		__DUMMY__ 0.8977748509702612 off 0.05159648905666575 neg 0.05062865997307307	false	0.5
entziehen	neg 1.0		__DUMMY__ 0.8989436287053783 neg 0.05162244947197884 off 0.04943392182264289	false	1.0
finanzkrise	neg 1.0		__DUMMY__ 0.8937727877424838 off 0.05404450315625634 neg 0.05218270910125982	false	0.5
schimpfend	neg 1.0		__DUMMY__ 0.8986434351489561 off 0.05540197321276639 neg 0.045954591638277587	false	0.5
profan	neg 1.0		__DUMMY__ 0.8940215612973139 off 0.05748294005674583 neg 0.04849549864594032	false	0.5
korruption	neg 1.0		__DUMMY__ 0.8942267443227785 neg 0.053130024089705054 off 0.05264323158751653	false	1.0
â			__DUMMY__ 0.8981481194733366 off 0.051845692147956084 neg 0.05000618837870736	false	0.0
schmutzig	neg 1.0		__DUMMY__ 0.8938471044959451 off 0.06030760734775704 neg 0.045845288156297875	false	0.5
sexy	neg 1.0		__DUMMY__ 0.8940236602025265 off 0.05806674056732242 neg 0.04790959923015099	false	0.5
abraten	neg 1.0		__DUMMY__ 0.8943331606487311 off 0.056516210416702205 neg 0.0491506289345666	false	0.5
schwarz	neg 1.0		__DUMMY__ 0.8940587278986966 off 0.056231072584264 neg 0.04971019951703939	false	0.5
fotze	off 1.0		__DUMMY__ 0.8967247975472623 neg 0.0516998399288296 off 0.05157536252390803	false	0.5
verwirren	neg 1.0		__DUMMY__ 0.893776966545899 off 0.05773723102033497 neg 0.048485802433766045	false	0.5
zahnlos	off 1.0		__DUMMY__ 0.8951718008921214 off 0.05328517129446239 neg 0.051543027813416124	false	1.0
verheeren	neg 1.0		__DUMMY__ 0.8888377011287661 off 0.0687342977734656 neg 0.0424280010977683	false	0.5
hippie	neg 1.0		__DUMMY__ 0.8936963443789147 off 0.05768482380869435 neg 0.04861883181239094	false	0.5
rammen	neg 1.0		__DUMMY__ 0.8970146804431367 off 0.05521306363898518 neg 0.047772255917878086	false	0.5
unlauter	neg 1.0		__DUMMY__ 0.8899112630365468 off 0.055398926672579965 neg 0.0546898102908732	false	0.5
unheilvoll	neg 1.0		__DUMMY__ 0.8973227000591244 off 0.056712333221526925 neg 0.045964966719348584	false	0.5
niedrig	neg 1.0		__DUMMY__ 0.9004500762595953 off 0.05066846408044869 neg 0.04888145965995596	false	0.5
explosion	neg 1.0		__DUMMY__ 0.8938276687676502 off 0.057096875372061526 neg 0.049075455860288365	false	0.5
weichei	off 1.0		__DUMMY__ 0.8885174227073462 off 0.06507764651008786 neg 0.046404930782565884	false	1.0
minusmensch	off 1.0		__DUMMY__ 0.881846724537064 off 0.0687809033504824 neg 0.04937237211245353	false	1.0
farblos	neg 1.0		__DUMMY__ 0.9013117054184577 off 0.05345168435923948 neg 0.04523661022230283	false	0.5
unwissend	neg 1.0	neg 1.0	neg 0.5072887433284917 __DUMMY__ 0.44740099937381483 off 0.045310257297693494	false	1.0
traurig	neg 1.0		__DUMMY__ 0.8911721913980991 off 0.06250699068312375 neg 0.04632081791877709	false	0.5
senkung	neg 1.0		__DUMMY__ 0.8910821558770529 off 0.05723271555497955 neg 0.05168512856796765	false	0.5
ungleich	neg 1.0	neg 1.0	neg 0.5102543752088637 __DUMMY__ 0.4507196822789807 off 0.039025942512155555	false	1.0
heikel	neg 1.0		__DUMMY__ 0.8966145325737479 neg 0.05264386404829812 off 0.05074160337795394	false	1.0
drosselung	neg 1.0		__DUMMY__ 0.8926514881156156 off 0.06019581505309909 neg 0.047152696831285354	false	0.5
falsch	neg 1.0		__DUMMY__ 0.893659856029542 off 0.05868759619861317 neg 0.0476525477718448	false	0.5
unzufriedenheit	neg 1.0		__DUMMY__ 0.897590091040889 neg 0.052090411159991835 off 0.050319497799119164	false	1.0
kurz	neg 1.0		__DUMMY__ 0.8989555259030111 off 0.053297573777526974 neg 0.04774690031946201	false	0.5
unsinnig	neg 1.0		__DUMMY__ 0.8939028520600868 off 0.05367799482710945 neg 0.05241915311280376	false	0.5
penner	off 1.0	off 1.0	off 0.520814433049207 __DUMMY__ 0.4446917910412204 neg 0.03449377590957249	false	1.0
seicht	neg 1.0		__DUMMY__ 0.8846221417333797 off 0.06785775479918871 neg 0.04752010346743148	false	0.5
dummheit	off 1.0	off 1.0	off 0.5136794503335761 __DUMMY__ 0.4485230462570754 neg 0.03779750340934848	false	1.0
unerfreulich	neg 1.0		__DUMMY__ 0.8992135205722867 neg 0.05099838231309099 off 0.049788097114622336	false	1.0
motherfucker	off 1.0	off 1.0	off 0.5166014144923883 __DUMMY__ 0.4464093317030005 neg 0.03698925380461128	false	1.0
pikiert	neg 1.0		__DUMMY__ 0.8906110094119638 off 0.059886154811134185 neg 0.04950283577690197	false	0.5
wrack	neg 1.0		__DUMMY__ 0.899936823420673 off 0.050927981658485284 neg 0.04913519492084167	false	0.5
gangster	neg 1.0		__DUMMY__ 0.8943714477541143 off 0.05728103250425291 neg 0.04834751974163295	false	0.5
krank	neg 1.0		__DUMMY__ 0.8937258184637169 off 0.06083738236442455 neg 0.04543679917185849	false	0.5
reich	neg 1.0		__DUMMY__ 0.8902853307324184 off 0.058545824214950755 neg 0.05116884505263087	false	0.5
gnadenlos	neg 1.0		__DUMMY__ 0.8954267615156032 off 0.055878357769224125 neg 0.0486948807151727	false	0.5
niedergeschlagen	neg 1.0		__DUMMY__ 0.8992965563208224 off 0.05371726454635851 neg 0.046986179132819175	false	0.5
terrorisieren	off 1.0	off 1.0	off 0.5096023376369444 __DUMMY__ 0.4525693525584495 neg 0.03782830980460612	false	1.0
sinnlosigkeit	neg 1.0		__DUMMY__ 0.8957535588233692 off 0.05332984804440652 neg 0.050916593132224346	false	0.5
behindern	neg 1.0		__DUMMY__ 0.8950835663022808 off 0.054106419991770044 neg 0.050810013705949016	false	0.5
undemokratisch	neg 1.0		__DUMMY__ 0.8918271937268084 off 0.05591316803461235 neg 0.052259638238579285	false	0.5
wirtschaftskrise	neg 1.0		__DUMMY__ 0.8956870750858298 neg 0.05220993655498626 off 0.05210298835918395	false	1.0
neid	neg 1.0		__DUMMY__ 0.8960068050832466 off 0.05903422068810898 neg 0.04495897422864449	false	0.5
rutschen	neg 1.0		__DUMMY__ 0.904385799132802 off 0.048180027597932294 neg 0.04743417326926563	false	0.5
rezession	neg 1.0		__DUMMY__ 0.8883546316504973 off 0.06340506151015655 neg 0.0482403068393461	false	0.5
fehlgeburt	neg 1.0		__DUMMY__ 0.8981397185866783 off 0.056540722294072844 neg 0.04531955911924898	false	0.5
charakterschwach	off 1.0		__DUMMY__ 0.8917593831310111 off 0.06061483502689192 neg 0.04762578184209702	false	1.0
isolation	neg 1.0		__DUMMY__ 0.8945774010505343 off 0.05837118390872443 neg 0.04705141504074121	false	0.5
ablenkung	neg 1.0		__DUMMY__ 0.8959371981283714 off 0.0552031225414225 neg 0.04885967933020609	false	0.5
pech	neg 1.0		__DUMMY__ 0.8949534258546937 off 0.057981920444507694 neg 0.047064653700798605	false	0.5
vermeidung	neg 1.0		__DUMMY__ 0.8901946205008103 off 0.060519815388183726 neg 0.04928556411100596	false	0.5
dominieren	neg 1.0		__DUMMY__ 0.900488630247787 off 0.051834366374752944 neg 0.04767700337746014	false	0.5
schwindlig	neg 1.0		__DUMMY__ 0.8992452799617158 off 0.05673607464629986 neg 0.044018645391984364	false	0.5
lutscher	neg 1.0		__DUMMY__ 0.8850028735774494 off 0.06826326512972775 neg 0.0467338612928229	false	0.5
pflicht	neg 1.0		__DUMMY__ 0.8968433532050312 neg 0.05240313924801048 off 0.05075350754695824	false	1.0
faschist	off 1.0		__DUMMY__ 0.8906887774402739 off 0.05783313041601773 neg 0.051478092143708444	false	1.0
verschleudern	neg 1.0		__DUMMY__ 0.8928599126068012 neg 0.05574412235576203 off 0.051395965037436854	false	1.0
wenn			__DUMMY__ 0.8933126823715435 off 0.05890442980692441 neg 0.047782887821532075	false	0.0
ehebruch	neg 1.0		__DUMMY__ 0.8968989770081057 off 0.05232975208317221 neg 0.050771270908721966	false	0.5
spott	off 1.0		__DUMMY__ 0.8956670650173014 neg 0.05245639835734965 off 0.05187653662534897	false	0.5
trostlosigkeit	neg 1.0		__DUMMY__ 0.8993740544704035 neg 0.05107754576397152 off 0.049548399765624924	false	1.0
lutschen	neg 1.0		__DUMMY__ 0.8934735962074014 off 0.05716562553351866 neg 0.04936077825907992	false	0.5
undiszipliniert	neg 1.0		__DUMMY__ 0.8924380959907252 off 0.061710517906728844 neg 0.04585138610254591	false	0.5
kopfschmerz	neg 1.0		__DUMMY__ 0.8997315371464687 off 0.05319677767618659 neg 0.047071685177344724	false	0.5
unvorhergesehen	neg 1.0		__DUMMY__ 0.9019332943466591 off 0.05118168400818617 neg 0.046885021645154734	false	0.5
desinteressiert	neg 1.0		__DUMMY__ 0.8904893145687788 off 0.061674520123799106 neg 0.047836165307422095	false	0.5
armselig	off 1.0		__DUMMY__ 0.8881915294888953 off 0.06265092017302233 neg 0.04915755033808229	false	1.0
desaster	neg 1.0		__DUMMY__ 0.8979147772479831 neg 0.05347139256731402 off 0.0486138301847029	false	1.0
tod	neg 1.0		__DUMMY__ 0.9004140866250202 off 0.0518017207903585 neg 0.047784192584621236	false	0.5
herzlos	neg 1.0		__DUMMY__ 0.8896190395569715 off 0.06298421103875836 neg 0.047396749404270105	false	0.5
unwissenheit	neg 1.0		__DUMMY__ 0.8938291919255013 off 0.053153833787955525 neg 0.05301697428654329	false	0.5
widersinnig	neg 1.0	neg 1.0	neg 0.5117875294000792 __DUMMY__ 0.4475550649848954 off 0.04065740561502535	false	1.0
bedenklich	neg 1.0		__DUMMY__ 0.895870033029931 neg 0.05207514276395254 off 0.052054824206116485	false	1.0
beanstanden	neg 1.0		__DUMMY__ 0.8974629525107447 neg 0.052400283432176654 off 0.05013676405707873	false	1.0
panisch	neg 1.0	neg 1.0	neg 0.5030367856810487 __DUMMY__ 0.4536409508304099 off 0.043322263488541464	false	1.0
debil	off 1.0		__DUMMY__ 0.9018709663088798 neg 0.05273983893145706 off 0.04538919475966316	false	0.5
abstrich	neg 1.0		__DUMMY__ 0.8962211667030183 neg 0.052489406929220384 off 0.05128942636776136	false	1.0
primitiv	neg 1.0		__DUMMY__ 0.8903573237174225 off 0.06125832343239207 neg 0.04838435285018539	false	0.5
abschaum	off 1.0	off 1.0	off 0.5151755733671481 __DUMMY__ 0.4478836152539219 neg 0.036940811378929836	false	1.0
provozieren	neg 1.0		__DUMMY__ 0.8943781901986554 off 0.05572360580082024 neg 0.04989820400052436	false	0.5
tot	neg 1.0		__DUMMY__ 0.8958504539309879 neg 0.05311403659522337 off 0.05103550947378874	false	1.0
instabil	neg 1.0		__DUMMY__ 0.8874006094414837 off 0.06093776608917135 neg 0.051661624469345	false	0.5
schwuchtel	off 1.0		__DUMMY__ 0.8825735041684869 off 0.07257460541964243 neg 0.04485189041187065	false	1.0
zerren	neg 1.0		__DUMMY__ 0.8990852914512899 off 0.053934192848421464 neg 0.04698051570028857	false	0.5
kinderficker	off 1.0		__DUMMY__ 0.8857889638022205 off 0.06485702962332193 neg 0.04935400657445759	false	1.0
gefahr	neg 1.0		__DUMMY__ 0.8992281853383218 off 0.05044796488819938 neg 0.05032384977347881	false	0.5
rabiat	neg 1.0		__DUMMY__ 0.8947118328899627 off 0.05512279472179342 neg 0.05016537238824389	false	0.5
verlangsamung	neg 1.0		__DUMMY__ 0.8881919697448276 off 0.06641663643014753 neg 0.04539139382502474	false	0.5
ausgestorben	neg 1.0		__DUMMY__ 0.897551971907487 off 0.054465766279129094 neg 0.04798226181338387	false	0.5
anklagen	neg 1.0		__DUMMY__ 0.8959297708937008 off 0.05359220625621848 neg 0.0504780228500807	false	0.5
trott	neg 1.0		__DUMMY__ 0.8965788849891511 off 0.05430987859478706 neg 0.04911123641606194	false	0.5
verminderung	neg 1.0		__DUMMY__ 0.8895003897149564 off 0.06117607667058894 neg 0.04932353361445463	false	0.5
nach			__DUMMY__ 0.906934513138432 off 0.046791628794998937 neg 0.04627385806656911	false	0.0
rost	neg 1.0		__DUMMY__ 0.8897450966670569 off 0.06506183383381471 neg 0.04519306949912843	false	0.5
destruktiv	neg 1.0		__DUMMY__ 0.892593444572791 off 0.05475387321130329 neg 0.05265268221590559	false	0.5
unzumutbarkeit	neg 1.0		__DUMMY__ 0.8938229371593058 off 0.05897345975501088 neg 0.047203603085683256	false	0.5
labil	off 1.0	off 1.0	off 0.5151231419155171 __DUMMY__ 0.44786486453951985 neg 0.03701199354496316	false	1.0
ziemlich	neg 1.0		__DUMMY__ 0.893157480190797 off 0.06029691071027395 neg 0.04654560909892913	false	0.5
lachnummer	off 1.0		__DUMMY__ 0.8937784683036639 off 0.05505099494369945 neg 0.05117053675263668	false	1.0
oder			__DUMMY__ 0.896869702782323 off 0.05500020685814009 neg 0.048130090359536935	false	0.0
verfall	neg 1.0		__DUMMY__ 0.9003443023802843 neg 0.05322174911085041 off 0.046433948508865265	false	1.0
ausgrenzung	neg 1.0		__DUMMY__ 0.8923942451087774 off 0.05656551243454589 neg 0.05104024245667674	false	0.5
unordnung	neg 1.0		__DUMMY__ 0.8935856759455352 off 0.05961310461310603 neg 0.046801219441358816	false	0.5
fehlverhalten	neg 1.0		__DUMMY__ 0.8968604928984291 neg 0.052091035889587786 off 0.05104847121198314	false	1.0
eine			__DUMMY__ 0.8985675218946091 neg 0.05124881880430912 off 0.05018365930108188	false	0.0
nille	neg 1.0		__DUMMY__ 0.8960178617026493 off 0.054000260401612515 neg 0.04998187789573807	false	0.5
qual	neg 1.0		__DUMMY__ 0.8965082528734705 off 0.05417699067392979 neg 0.04931475645259978	false	0.5
verschwenden	neg 1.0		__DUMMY__ 0.8963201097564019 off 0.052346682460427556 neg 0.05133320778317057	false	0.5
riesig	neg 1.0	neg 1.0	neg 0.5058421199755386 __DUMMY__ 0.45490848435211717 off 0.03924939567234424	false	1.0
verurteilen	neg 1.0		__DUMMY__ 0.8960043821344266 off 0.053257792337887445 neg 0.05073782552768602	false	0.5
klischee	neg 1.0	neg 1.0	neg 0.5082307855007889 __DUMMY__ 0.44747368310977126 off 0.04429553138943986	false	1.0
diktatorisch	neg 1.0		__DUMMY__ 0.8908845898642719 off 0.0564724574257272 neg 0.05264295271000096	false	0.5
vorhersehbar	neg 1.0	neg 1.0	neg 0.5075033551902325 __DUMMY__ 0.4486184563350115 off 0.043878188474756004	false	1.0
sowie			__DUMMY__ 0.8881448663995151 off 0.06471657976929139 neg 0.0471385538311935	false	0.0
stornieren	neg 1.0		__DUMMY__ 0.899594072877768 off 0.055348836550327074 neg 0.0450570905719048	false	0.5
besteuerung	neg 1.0		__DUMMY__ 0.8916648277854168 off 0.055309458736736844 neg 0.05302571347784636	false	0.5
ungeschminkt	neg 1.0		__DUMMY__ 0.8913595012791139 off 0.06022367237944642 neg 0.04841682634143959	false	0.5
kritisch	neg 1.0		__DUMMY__ 0.8956673565531719 neg 0.05239182812487373 off 0.051940815321954506	false	1.0
schlamperei	off 1.0		__DUMMY__ 0.8957919711025457 neg 0.05323109534514314 off 0.05097693355231115	false	0.5
sucht	neg 1.0	neg 1.0	neg 0.5058343242100445 __DUMMY__ 0.45290579951100585 off 0.04125987627894958	false	1.0
egoistisch	off 1.0		__DUMMY__ 0.8890767955394874 off 0.06517059040842321 neg 0.045752614052089344	false	1.0
ausbeuter	off 1.0		__DUMMY__ 0.8955577871217761 neg 0.053524094412598436 off 0.05091811846562548	false	0.5
arschgeburt	off 1.0		__DUMMY__ 0.8817697792677257 off 0.0728475241952613 neg 0.04538269653701299	false	1.0
schubs	neg 1.0	neg 1.0	neg 0.5054437907981595 __DUMMY__ 0.45476142280108073 off 0.03979478640075987	false	1.0
unsolide	neg 1.0		__DUMMY__ 0.8874452211908329 off 0.05680649636879514 neg 0.05574828244037202	false	0.5
beschwerde	neg 1.0		__DUMMY__ 0.8961755617257227 neg 0.05274413916383814 off 0.05108029911043913	false	1.0
stocken	neg 1.0		__DUMMY__ 0.8980694231093671 off 0.051623064818003876 neg 0.050307512072628964	false	0.5
isolieren	neg 1.0		__DUMMY__ 0.8969985410184148 off 0.05263632864084675 neg 0.050365130340738466	false	0.5
unheilbar	neg 1.0		__DUMMY__ 0.8984055168837621 off 0.05556550989682319 neg 0.046028973219414696	false	0.5
pisser	off 1.0		__DUMMY__ 0.8923646649400229 off 0.06145973748673037 neg 0.04617559757324678	false	1.0
löschen	neg 1.0		__DUMMY__ 0.8960444952788592 off 0.054807864873797324 neg 0.04914763984734358	false	0.5
durchfallen	neg 1.0		__DUMMY__ 0.8944170757689845 off 0.05305853703375848 neg 0.052524387197257064	false	0.5
wichser	off 1.0		__DUMMY__ 0.8863078236297213 off 0.06943492188236694 neg 0.04425725448791176	false	1.0
terror	neg 1.0		__DUMMY__ 0.8958636704355996 off 0.057142862716993384 neg 0.04699346684740703	false	0.5
krass	neg 1.0		__DUMMY__ 0.8897403485617578 off 0.06311934734522603 neg 0.047140304093016165	false	0.5
revolte	neg 1.0		__DUMMY__ 0.8922264021857167 off 0.057035123046302295 neg 0.05073847476798109	false	0.5
besorgt	neg 1.0		__DUMMY__ 0.9001386522877697 off 0.05306943003231717 neg 0.04679191767991309	false	0.5
nachlassen	neg 1.0		__DUMMY__ 0.8986862994272407 off 0.051013800160743944 neg 0.0502999004120154	false	0.5
alt	neg 1.0		__DUMMY__ 0.8986238404887075 off 0.051593233331735926 neg 0.049782926179556715	false	0.5
hundesohn	off 1.0		__DUMMY__ 0.8848951025431614 off 0.0683352451078839 neg 0.04676965234895475	false	1.0
als			__DUMMY__ 0.8982497823534485 off 0.05329091749622339 neg 0.0484593001503281	false	0.0
abschreckung	neg 1.0		__DUMMY__ 0.8989687934212273 neg 0.05130535518492785 off 0.04972585139384488	false	1.0
unqualifiziert	neg 1.0		__DUMMY__ 0.8891939738994732 off 0.058167277599480705 neg 0.05263874850104614	false	0.5
abgewichst	off 1.0		__DUMMY__ 0.8967327680067687 off 0.05331891827412453 neg 0.049948313719106706	false	1.0
schwer	neg 1.0		__DUMMY__ 0.8964622258994065 off 0.05493114575957225 neg 0.04860662834102129	false	0.5
bedeutungslosigkeit	neg 1.0		__DUMMY__ 0.8976076149188275 neg 0.05186595240072519 off 0.05052643268044738	false	1.0
kapitulation	neg 1.0		__DUMMY__ 0.8948357743041149 neg 0.053342032651543386 off 0.05182219304434176	false	1.0
unscharf	neg 1.0		__DUMMY__ 0.8941103603954257 off 0.05656304377328294 neg 0.04932659583129141	false	0.5
schwinden	neg 1.0		__DUMMY__ 0.8986384288566465 neg 0.05103634334973807 off 0.05032522779361552	false	1.0
versklavung	neg 1.0		__DUMMY__ 0.8917061830577676 off 0.05604757800735136 neg 0.05224623893488099	false	0.5
schlecht	neg 1.0		__DUMMY__ 0.8934252890172542 off 0.06045145701928132 neg 0.04612325396346448	false	0.5
verhasst	neg 1.0		__DUMMY__ 0.8943765080187092 off 0.0560651903726198 neg 0.049558301608671064	false	0.5
beschweren	neg 1.0		__DUMMY__ 0.8946241994442615 off 0.05671741105101011 neg 0.04865838950472845	false	0.5
scheiden	neg 1.0		__DUMMY__ 0.8994279876399623 off 0.05478170693350196 neg 0.0457903054265357	false	0.5
frustriert	neg 1.0		__DUMMY__ 0.8966066498803202 off 0.05402889023280969 neg 0.04936445988687008	false	0.5
schimmelig	neg 1.0		__DUMMY__ 0.8997484754502523 off 0.05085216901219184 neg 0.04939935553755585	false	0.5
fisch	neg 1.0		__DUMMY__ 0.9018452139276734 off 0.04959115253997033 neg 0.04856363353235631	false	0.5
schmuggel	neg 1.0		__DUMMY__ 0.9023935626807424 off 0.050278134000793034 neg 0.04732830331846456	false	0.5
auffallen	neg 1.0		__DUMMY__ 0.8944216653204369 off 0.05726684002463075 neg 0.048311494654932355	false	0.5
konkurrenz	neg 1.0	neg 1.0	neg 0.5089237319903405 __DUMMY__ 0.4535522212048616 off 0.03752404680479795	false	1.0
teufelskreis	neg 1.0		__DUMMY__ 0.8961861612318672 off 0.05455206921329002 neg 0.04926176955484285	false	0.5
aufschreien	neg 1.0		__DUMMY__ 0.8933498510228073 off 0.05721804554788677 neg 0.04943210342930605	false	0.5
schuldner	neg 1.0		__DUMMY__ 0.8982013512297 neg 0.05127036964775731 off 0.05052827912254263	false	1.0
missgeburt	off 1.0	off 1.0	off 0.5190990720347651 __DUMMY__ 0.4455149971055111 neg 0.035385930859723774	false	1.0
arbeitslos	neg 1.0		__DUMMY__ 0.8945595661100284 off 0.05334769254004169 neg 0.05209274134992981	false	0.5
befallen	neg 1.0		__DUMMY__ 0.8969122115300754 off 0.053548249277911644 neg 0.04953953919201299	false	0.5
miesepetrig	off 1.0	off 1.0	off 0.515557764918585 __DUMMY__ 0.4494999308989059 neg 0.03494230418250927	false	1.0
alarmieren	neg 1.0		__DUMMY__ 0.8917120605747239 off 0.059230263646356196 neg 0.04905767577891989	false	0.5
ungeduscht	off 1.0		__DUMMY__ 0.8953226340308157 off 0.057700788273988814 neg 0.04697657769519555	false	1.0
knappheit	neg 1.0		__DUMMY__ 0.8950211662715021 neg 0.0533178185954908 off 0.051661015133007165	false	1.0
schlange	neg 1.0		__DUMMY__ 0.8977598632192699 off 0.05644822775064902 neg 0.045791909030081054	false	0.5
harsch	neg 1.0		__DUMMY__ 0.891768152949929 off 0.06383070490953531 neg 0.044401142140535754	false	0.5
lang	neg 1.0		__DUMMY__ 0.8961883787775512 off 0.05520232808473263 neg 0.04860929313771626	false	0.5
ziellos	neg 1.0		__DUMMY__ 0.8994471089587833 off 0.05276398543245026 neg 0.04778890560876635	false	0.5
selbstverliebt	neg 1.0		__DUMMY__ 0.8831736412253659 off 0.07035954322869366 neg 0.04646681554594045	false	0.5
beseitigen	neg 1.0		__DUMMY__ 0.8962617265557564 off 0.05393333146687094 neg 0.04980494197737263	false	0.5
dumm	off 1.0		__DUMMY__ 0.887204121727613 off 0.06600538450146497 neg 0.04679049377092199	false	1.0
arbeitsloser	neg 1.0		__DUMMY__ 0.8972804828458427 off 0.05261031809747429 neg 0.05010919905668303	false	0.5
blitzen	neg 1.0		__DUMMY__ 0.8942878928524668 off 0.057833198636212745 neg 0.047878908511320366	false	0.5
hilflos	neg 1.0		__DUMMY__ 0.8975510706086481 off 0.053559568341729556 neg 0.04888936104962235	false	0.5
eklig	off 1.0		__DUMMY__ 0.8882995159914474 off 0.06652437860843964 neg 0.045176105400112916	false	1.0
begriff			__DUMMY__ 0.8946796592296845 off 0.05398569286554744 neg 0.05133464790476813	false	0.0
hungersnot	neg 1.0		__DUMMY__ 0.8980260537900737 off 0.053426241280726684 neg 0.04854770492919966	false	0.5
ungesetzlich	neg 1.0		__DUMMY__ 0.8885383685700361 off 0.05725191238729107 neg 0.054209719042672876	false	0.5
verschwendung	neg 1.0		__DUMMY__ 0.8976115404038589 off 0.05131820698403491 neg 0.05107025261210623	false	0.5
schmerzvoll	neg 1.0		__DUMMY__ 0.8952980434154842 off 0.056616595256147324 neg 0.04808536132836837	false	0.5
vorzeitig	neg 1.0		__DUMMY__ 0.8965539388680224 off 0.05766446903632883 neg 0.045781592095648756	false	0.5
unvollkommenheit	neg 1.0		__DUMMY__ 0.9025643669417959 off 0.0525842091397711 neg 0.044851423918433136	false	0.5
intervenieren	neg 1.0		__DUMMY__ 0.8952181152083868 neg 0.0535985260655697 off 0.05118335872604361	false	1.0
banause	off 1.0		__DUMMY__ 0.8850402903388064 off 0.06837018449429366 neg 0.04658952516689997	false	1.0
rebell	neg 1.0		__DUMMY__ 0.8998378674593402 neg 0.05226596849083392 off 0.04789616404982587	false	1.0
unlogisch	neg 1.0		__DUMMY__ 0.8899479708440142 off 0.06267805471678142 neg 0.047373974439204346	false	0.5
leiden	neg 1.0		__DUMMY__ 0.9035334867225558 off 0.05034010834683164 neg 0.04612640493061246	false	0.5
abschaffung	neg 1.0		__DUMMY__ 0.8919517970883232 off 0.0554119410065616 neg 0.05263626190511521	false	0.5
sturz	neg 1.0		__DUMMY__ 0.8978383687097505 off 0.05482913136768851 neg 0.04733249992256097	false	0.5
verkleinerung	neg 1.0		__DUMMY__ 0.8901245854302406 off 0.057703015979201494 neg 0.052172398590557875	false	0.5
schmarotzer	off 1.0		__DUMMY__ 0.8939772063588698 off 0.053234272970322856 neg 0.052788520670807214	false	1.0
bestrafung	neg 1.0		__DUMMY__ 0.8946013155462257 off 0.056354790425023185 neg 0.04904389402875125	false	0.5
achtlos	neg 1.0		__DUMMY__ 0.8977133045053689 off 0.05480184686842842 neg 0.047484848626202655	false	0.5
ungeheuer	neg 1.0		__DUMMY__ 0.8945431171558279 off 0.057626126483082345 neg 0.04783075636108978	false	0.5
