unsolidarisch	neg 1.0		off 0.34179242683011196 __DUMMY__ 0.33971731373444064 neg 0.31849025943544734	false	0.5
nachteilig	neg 1.0		__DUMMY__ 0.3434998412042955 off 0.339718702940728 neg 0.3167814558549766	false	0.5
skeptisch	neg 1.0		__DUMMY__ 0.3438422208238222 off 0.3390031565856066 neg 0.31715462259057103	false	0.5
schrecklich	neg 1.0		off 0.3547387134726574 __DUMMY__ 0.33989171691502224 neg 0.3053695696123205	false	0.5
schlapp	neg 1.0		off 0.35072119149640585 __DUMMY__ 0.3421221683751779 neg 0.30715664012841637	false	0.5
abfall	neg 1.0		__DUMMY__ 0.34542120002149473 off 0.33692843057514976 neg 0.31765036940335556	false	0.5
widerspenstig	neg 1.0		off 0.34513237000722263 __DUMMY__ 0.3433042797346693 neg 0.3115633502581081	false	0.5
abrupt	neg 1.0		__DUMMY__ 0.34533405810754675 off 0.34092746850593386 neg 0.3137384733865193	false	0.5
unwirksam	neg 1.0		off 0.3424278419239816 __DUMMY__ 0.34044167329893715 neg 0.31713048477708133	false	0.5
angreifen	neg 1.0	neg 1.0	neg 0.6449999871597621 off 0.18767137864518954 __DUMMY__ 0.16732863419504837	false	1.0
inkonsistent	neg 1.0		off 0.34537602833499875 __DUMMY__ 0.3424195579592003 neg 0.31220441370580093	false	0.5
abrutschen	neg 1.0		__DUMMY__ 0.3453030285535687 off 0.33726540622373663 neg 0.3174315652226948	false	0.5
unsicher	neg 1.0		off 0.34537704727429464 __DUMMY__ 0.3435991397113772 neg 0.31102381301432813	false	0.5
bauernkind	off 1.0	off 1.0	off 0.6652689285047599 neg 0.17054926101828935 __DUMMY__ 0.16418181047695066	false	1.0
angreifer	neg 1.0		off 0.3468962481291886 __DUMMY__ 0.34360592682544405 neg 0.30949782504536727	false	0.5
trennen	neg 1.0		__DUMMY__ 0.34607192057019587 off 0.34187790571497806 neg 0.31205017371482596	false	0.5
schmutz	neg 1.0		off 0.3497031979371515 __DUMMY__ 0.3463684402114764 neg 0.30392836185137206	false	0.5
inkonsistenz	neg 1.0		off 0.3473777848426468 __DUMMY__ 0.339595158848273 neg 0.3130270563090802	false	0.5
erschreckend	neg 1.0		off 0.3431037268965286 __DUMMY__ 0.3426519350532883 neg 0.3142443380501831	false	0.5
ertrinken	neg 1.0		__DUMMY__ 0.3454900873055737 off 0.34238371909073767 neg 0.3121261936036886	false	0.5
pickelface	off 1.0		__DUMMY__ 0.3429815766172517 off 0.34213081345758656 neg 0.3148876099251617	false	1.0
seiner			__DUMMY__ 0.34495420553529976 off 0.34049721544480854 neg 0.31454857901989164	false	0.0
lauch	neg 1.0		__DUMMY__ 0.34393283121850715 off 0.336169040091679 neg 0.3198981286898138	false	0.5
unwichtig	neg 1.0		off 0.3494404071523562 __DUMMY__ 0.34103459075802445 neg 0.30952500208961925	false	0.5
steuerhinterziehung	neg 1.0		__DUMMY__ 0.3419645043250126 off 0.34156116823289195 neg 0.3164743274420954	false	0.5
schock	neg 1.0		off 0.345409061885863 __DUMMY__ 0.3451053959638665 neg 0.30948554215027035	false	0.5
beule	neg 1.0		off 0.3513195891385281 __DUMMY__ 0.34235255797902553 neg 0.30632785288244624	false	0.5
vergelten	neg 1.0		off 0.35476293644155166 __DUMMY__ 0.3422484860875443 neg 0.30298857747090413	false	0.5
verdorbenheit	neg 1.0		off 0.34427971659620643 __DUMMY__ 0.3432809150534122 neg 0.31243936835038133	false	0.5
trauma	neg 1.0		off 0.34571981488509046 __DUMMY__ 0.34263055453934976 neg 0.3116496305755598	false	0.5
sinnlos	neg 1.0		off 0.34769580680321016 __DUMMY__ 0.3428255499659981 neg 0.3094786432307917	false	0.5
fettsack	off 1.0	off 1.0	off 0.6669376461171631 neg 0.1683248898533978 __DUMMY__ 0.16473746402943915	false	1.0
feige	off 1.0	off 1.0	off 0.6633541041039154 neg 0.1713906747127881 __DUMMY__ 0.16525522118329655	false	1.0
abdanken	neg 1.0		off 0.34291429046046634 __DUMMY__ 0.3422199177384969 neg 0.31486579180103674	false	0.5
wichtigtuer	off 1.0	off 1.0	off 0.661666254931507 neg 0.17247325856379972 __DUMMY__ 0.16586048650469326	false	1.0
misslingen	neg 1.0		off 0.3477599388277477 __DUMMY__ 0.3452702726921366 neg 0.30696978848011575	false	0.5
untreu	off 1.0		off 0.35086068627915423 __DUMMY__ 0.3407914635635932 neg 0.3083478501572526	false	1.0
missmutig	neg 1.0		off 0.35015625657060506 __DUMMY__ 0.3417814084733774 neg 0.3080623349560177	false	0.5
hurenbock	off 1.0		off 0.3465101741739538 __DUMMY__ 0.34307131895993354 neg 0.3104185068661126	false	1.0
betrunken	neg 1.0		off 0.35389050314287407 __DUMMY__ 0.3421303087672649 neg 0.3039791880898611	false	0.5
korrupt	off 1.0		__DUMMY__ 0.34096680886330255 off 0.339907603830039 neg 0.31912558730665846	false	1.0
unmut	neg 1.0		__DUMMY__ 0.34475644005698663 off 0.3365371937775668 neg 0.31870636616544645	false	0.5
hackfresse	off 1.0		off 0.3577577280256555 __DUMMY__ 0.3381180999198185 neg 0.30412417205452597	false	1.0
aufblasen	neg 1.0		off 0.34728048539206025 __DUMMY__ 0.34378582418444037 neg 0.30893369042349933	false	0.5
gewaltsam	neg 1.0		off 0.3439464470161435 __DUMMY__ 0.3434519408370981 neg 0.31260161214675836	false	0.5
unbeliebtheit	neg 1.0		off 0.34577245537259876 __DUMMY__ 0.3373783999027265 neg 0.3168491447246748	false	0.5
sturheit	neg 1.0		off 0.3429506856284995 __DUMMY__ 0.34249909247974686 neg 0.3145502218917536	false	0.5
kuh	neg 1.0		off 0.34431905961529863 __DUMMY__ 0.34145039795267657 neg 0.31423054243202486	false	0.5
erschrecken	neg 1.0		off 0.34957113136442586 __DUMMY__ 0.342208877579683 neg 0.30821999105589126	false	0.5
opfer	neg 1.0		__DUMMY__ 0.344688474066413 off 0.3417726084078193 neg 0.31353891752576774	false	0.5
sinken	neg 1.0		__DUMMY__ 0.34467058860663785 off 0.3371574365895618 neg 0.3181719748038003	false	0.5
stinktier	neg 1.0		off 0.3547838469536312 __DUMMY__ 0.33906503260323795 neg 0.3061511204431309	false	0.5
tucke	off 1.0		off 0.3566970772710107 __DUMMY__ 0.33603180522220877 neg 0.3072711175067804	false	1.0
ein			off 0.3460486990027988 __DUMMY__ 0.3433500040431207 neg 0.3106012969540806	false	0.0
abstieg	neg 1.0		__DUMMY__ 0.3460502578677252 off 0.34175537880923 neg 0.3121943633230448	false	0.5
missverstehen	neg 1.0		off 0.34677984049089927 __DUMMY__ 0.3413035645313228 neg 0.3119165949777779	false	0.5
ergebnislos	neg 1.0		__DUMMY__ 0.34395290878238677 off 0.3398371319312092 neg 0.3162099592864041	false	0.5
unter			__DUMMY__ 0.34856672659191856 off 0.3341367007360526 neg 0.317296572672029	false	0.0
manipulieren	neg 1.0		__DUMMY__ 0.3441350795344586 off 0.3393708703201699 neg 0.31649405014537146	false	0.5
unbewiesen	neg 1.0		off 0.34206130704181176 __DUMMY__ 0.33958637190271695 neg 0.31835232105547123	false	0.5
verschleppen	neg 1.0		__DUMMY__ 0.3438044402194077 off 0.3418171788857524 neg 0.3143783808948397	false	0.5
weib	off 1.0		off 0.35784093586472715 __DUMMY__ 0.338270500344666 neg 0.30388856379060697	false	1.0
opposition	neg 1.0		off 0.3458574211749346 __DUMMY__ 0.34160694408112396 neg 0.3125356347439413	false	0.5
verkehrswidrig	neg 1.0	neg 1.0	neg 0.635835502321234 off 0.1969521408164123 __DUMMY__ 0.16721235686235375	false	1.0
inkorrekt	neg 1.0		off 0.350617557554928 __DUMMY__ 0.3386482663434835 neg 0.31073417610158854	false	0.5
vermeiden	neg 1.0		__DUMMY__ 0.3466786223854844 off 0.33552628628598274 neg 0.31779509132853284	false	0.5
abweichung	neg 1.0		__DUMMY__ 0.3430149781150164 off 0.3396556511514919 neg 0.31732937073349166	false	0.5
alkoholisiert	neg 1.0		__DUMMY__ 0.3474246691621189 off 0.34219551281198984 neg 0.31037981802589126	false	0.5
scheiss	off 1.0	off 1.0	off 0.6641988632474921 neg 0.1697481149530244 __DUMMY__ 0.16605302179948342	false	1.0
herausforderung	neg 1.0	neg 1.0	neg 0.6415334043367871 off 0.18916013719611438 __DUMMY__ 0.16930645846709846	false	1.0
pervers	off 1.0		off 0.3612838027350468 __DUMMY__ 0.33749790176552685 neg 0.30121829549942636	false	1.0
wackelig	neg 1.0		__DUMMY__ 0.3456778758156353 off 0.34382480726699954 neg 0.31049731691736504	false	0.5
verwickeln	neg 1.0		off 0.34665700432244384 __DUMMY__ 0.34132180904044696 neg 0.3120211866371092	false	0.5
vorwand	neg 1.0		__DUMMY__ 0.344502044899269 off 0.33867520933413836 neg 0.31682274576659275	false	0.5
muschi	off 1.0		__DUMMY__ 0.3428676473623035 off 0.34256118274211816 neg 0.31457116989557843	false	1.0
entmutigung	neg 1.0		off 0.345112433484553 __DUMMY__ 0.34121044642241466 neg 0.3136771200930325	false	0.5
unangemessen	neg 1.0		__DUMMY__ 0.34237717967644793 off 0.34177516648390505 neg 0.3158476538396471	false	0.5
unstetig	neg 1.0		off 0.3461985452872468 __DUMMY__ 0.34323253550213306 neg 0.31056891921062013	false	0.5
entmutigen	neg 1.0		off 0.3458727822061389 __DUMMY__ 0.3422187088224366 neg 0.3119085089714246	false	0.5
schwanz	neg 1.0		__DUMMY__ 0.34419029806171486 off 0.3397181939366915 neg 0.31609150800159364	false	0.5
verbot	neg 1.0		__DUMMY__ 0.34219979116542115 off 0.3405373080117758 neg 0.3172629008228031	false	0.5
leid	neg 1.0		off 0.356330028043524 __DUMMY__ 0.33998654047292814 neg 0.303683431483548	false	0.5
archaisch	neg 1.0		__DUMMY__ 0.34336712866458713 off 0.34244606854345955 neg 0.3141868027919534	false	0.5
gegen			__DUMMY__ 0.3455622968332238 off 0.3386226106140703 neg 0.31581509255270585	false	0.0
scheidung	neg 1.0		off 0.3650459230185521 __DUMMY__ 0.33691324225928454 neg 0.29804083472216336	false	0.5
einschlag	neg 1.0	neg 1.0	neg 0.6391209444075577 off 0.19531605396599588 __DUMMY__ 0.16556300162644638	false	1.0
m			__DUMMY__ 0.34422671887472833 off 0.34281463020690184 neg 0.3129586509183699	false	0.0
abgestanden	neg 1.0		off 0.34652476496949614 __DUMMY__ 0.34392834139351147 neg 0.30954689363699256	false	0.5
schmierig	off 1.0		off 0.3558954597459385 __DUMMY__ 0.34026168928962086 neg 0.30384285096444064	false	1.0
unpraktisch	neg 1.0		off 0.34691957441587806 __DUMMY__ 0.3439591423452634 neg 0.30912128323885835	false	0.5
wixxer	off 1.0		off 0.3604310398166296 __DUMMY__ 0.33683505358049953 neg 0.30273390660287086	false	1.0
bezeichnet			off 0.34372367660951686 __DUMMY__ 0.34244132894714474 neg 0.31383499444333823	false	0.0
jammerlappen	off 1.0		off 0.3498318305588192 __DUMMY__ 0.3412622466935216 neg 0.308905922747659	false	1.0
farce	neg 1.0		__DUMMY__ 0.3414268997237643 off 0.3409171427648874 neg 0.31765595751134834	false	0.5
zwecklos	neg 1.0		__DUMMY__ 0.34290387479846873 off 0.34216437907377656 neg 0.3149317461277547	false	0.5
turbulent	neg 1.0		off 0.34950701089773084 __DUMMY__ 0.34012721625940767 neg 0.31036577284286154	false	0.5
invasion	neg 1.0		off 0.3475343230165828 __DUMMY__ 0.3425493861853747 neg 0.3099162907980425	false	0.5
schuld	neg 1.0		off 0.3456181257395909 __DUMMY__ 0.342575549817623 neg 0.3118063244427861	false	0.5
risiko	neg 1.0		off 0.3453673819415424 __DUMMY__ 0.3433735144998419 neg 0.3112591035586158	false	0.5
finster	neg 1.0		off 0.346395768960608 __DUMMY__ 0.34335758324062793 neg 0.31024664779876415	false	0.5
geisteskrank	off 1.0		off 0.3510142964208406 __DUMMY__ 0.3399948486835314 neg 0.30899085489562816	false	1.0
zusammenbrechen	neg 1.0		__DUMMY__ 0.3441538468846393 off 0.3438769922427873 neg 0.3119691608725733	false	0.5
ausbeute	neg 1.0		__DUMMY__ 0.3451991678930544 off 0.34053694229995574 neg 0.31426388980699	false	0.5
hinterhalt	neg 1.0		__DUMMY__ 0.34363418416367597 off 0.3427425006873178 neg 0.31362331514900615	false	0.5
kritik	neg 1.0		__DUMMY__ 0.34184638001179846 off 0.3410586029591502 neg 0.3170950170290514	false	0.5
einschrumpfen	neg 1.0		off 0.34607978005885914 __DUMMY__ 0.339859967651014 neg 0.3140602522901268	false	0.5
riskant	neg 1.0		__DUMMY__ 0.3437542986100315 off 0.34068317996729214 neg 0.31556252142267643	false	0.5
frustrieren	neg 1.0		__DUMMY__ 0.3437841339021945 off 0.340937978339766 neg 0.31527788775803944	false	0.5
groll	neg 1.0		__DUMMY__ 0.34358472044211885 off 0.34234587233377317 neg 0.3140694072241079	false	0.5
gibt			__DUMMY__ 0.3431612930845485 off 0.3425543127892259 neg 0.31428439412622555	false	0.0
qualvoll	neg 1.0		off 0.3493680435404948 __DUMMY__ 0.34314350534727117 neg 0.30748845111223416	false	0.5
wackeln	neg 1.0	neg 1.0	neg 0.6403156794010462 off 0.19190444065750195 __DUMMY__ 0.16777987994145183	false	1.0
klagen	neg 1.0		__DUMMY__ 0.3443955338658125 off 0.3368389474111641 neg 0.31876551872302344	false	0.5
bankrott	neg 1.0		off 0.34910142073582545 __DUMMY__ 0.3420585519478138 neg 0.3088400273163607	false	0.5
trauern	neg 1.0		__DUMMY__ 0.3451350880455347 off 0.34185038392333295 neg 0.31301452803113233	false	0.5
ablehnung	neg 1.0		__DUMMY__ 0.3418235679972175 off 0.34109583903322954 neg 0.317080592969553	false	0.5
stur	neg 1.0		off 0.34602941222276595 __DUMMY__ 0.3421294853429828 neg 0.3118411024342511	false	0.5
aufruhr	neg 1.0		off 0.3441114576027817 __DUMMY__ 0.3437582428145404 neg 0.3121302995826779	false	0.5
melancholie	neg 1.0		__DUMMY__ 0.3447484155685431 off 0.3430450446765959 neg 0.3122065397548611	false	0.5
ist			off 0.34657491869434776 __DUMMY__ 0.34236383593934727 neg 0.311061245366305	false	0.0
torheit	neg 1.0		off 0.34467565891243135 __DUMMY__ 0.3416719932521297 neg 0.31365234783543877	false	0.5
dreckskind	off 1.0		off 0.3561873236366882 __DUMMY__ 0.33863938726518605 neg 0.30517328909812574	false	1.0
umtauschen	neg 1.0		off 0.3446372566896208 __DUMMY__ 0.343479466748709 neg 0.3118832765616701	false	0.5
zum			__DUMMY__ 0.348321216925547 off 0.33701089497426234 neg 0.3146678881001907	false	0.0
zersetzen	neg 1.0		__DUMMY__ 0.34354987906555373 off 0.3387761526759417 neg 0.3176739682585045	false	0.5
zur			__DUMMY__ 0.3466483383665389 off 0.3347435719392043 neg 0.3186080896942567	false	0.0
frust	neg 1.0		__DUMMY__ 0.34397548830148555 off 0.3434942345576316 neg 0.3125302771408828	false	0.5
unerbittlichkeit	neg 1.0		__DUMMY__ 0.34359095180110294 off 0.3389441715030541 neg 0.31746487669584295	false	0.5
zwei			__DUMMY__ 0.3472052356432575 off 0.338847223204911 neg 0.3139475411518315	false	0.0
unkorrekt	neg 1.0		off 0.3509071420374385 __DUMMY__ 0.33813862413054807 neg 0.3109542338320135	false	0.5
hexe	off 1.0		off 0.3499262965939138 __DUMMY__ 0.34035872778393783 neg 0.30971497562214845	false	1.0
lasch	neg 1.0		off 0.3472799250821426 __DUMMY__ 0.34015489728001636 neg 0.3125651776378411	false	0.5
rivale	neg 1.0		off 0.353534171702304 __DUMMY__ 0.34148425164417906 neg 0.30498157665351705	false	0.5
mutlos	off 1.0	off 1.0	off 0.6577372017738745 neg 0.17574138245620619 __DUMMY__ 0.16652141576991933	false	1.0
wirr	off 1.0		off 0.35164166759804943 __DUMMY__ 0.33855098478186274 neg 0.30980734762008794	false	1.0
jahr			__DUMMY__ 0.34606111656624033 off 0.34014060794444273 neg 0.3137982754893168	false	0.0
wird			__DUMMY__ 0.34388858635623043 off 0.34143947341623876 neg 0.314671940227531	false	0.0
strafbar	neg 1.0		__DUMMY__ 0.34313499781881157 off 0.34027460576827673 neg 0.3165903964129116	false	0.5
erosion	neg 1.0		off 0.3461180799428823 __DUMMY__ 0.3437458104201188 neg 0.31013610963699895	false	0.5
eingehen	neg 1.0		__DUMMY__ 0.3425997630880085 off 0.34098019190656337 neg 0.3164200450054281	false	0.5
faul	off 1.0		off 0.3499752077257333 __DUMMY__ 0.34256747880786403 neg 0.3074573134664026	false	1.0
provisorium	neg 1.0		__DUMMY__ 0.34790394121072693 off 0.33327859220960426 neg 0.31881746657966875	false	0.5
schmerzen	neg 1.0		off 0.34516365083502804 __DUMMY__ 0.3434965365566398 neg 0.3113398126083321	false	0.5
schrumpfen	neg 1.0		__DUMMY__ 0.345219567831114 off 0.3341420878935035 neg 0.3206383442753825	false	0.5
geistlos	off 1.0		off 0.34534542573657956 __DUMMY__ 0.3395517495832461 neg 0.3151028246801744	false	1.0
fehlkauf	neg 1.0		off 0.3462792272363022 __DUMMY__ 0.34207791887017613 neg 0.31164285389352164	false	0.5
frustrierend	neg 1.0		off 0.3495298739157435 __DUMMY__ 0.3424380299214938 neg 0.30803209616276256	false	0.5
unzufrieden	neg 1.0		__DUMMY__ 0.34276509132960525 off 0.3418438761336816 neg 0.315391032536713	false	0.5
verzweifeln	neg 1.0		off 0.34440847893177395 __DUMMY__ 0.3432910753781143 neg 0.3123004456901118	false	0.5
verzweifelt	neg 1.0		off 0.3463017853439256 __DUMMY__ 0.34233092383089153 neg 0.31136729082518294	false	0.5
misstrauensantrag	neg 1.0		off 0.3469272760456322 __DUMMY__ 0.3419151509817679 neg 0.3111575729725999	false	0.5
abfallen	neg 1.0		off 0.34726430587510243 __DUMMY__ 0.3439512688651557 neg 0.30878442525974187	false	0.5
fucker	off 1.0		off 0.3515171074845646 __DUMMY__ 0.3400383827820367 neg 0.30844450973339865	false	1.0
ungezogen	neg 1.0		off 0.35987113140349475 __DUMMY__ 0.3384150616380398 neg 0.30171380695846556	false	0.5
irrsinnig	neg 1.0	neg 1.0	neg 0.642859201931807 off 0.1909667526658302 __DUMMY__ 0.1661740454023628	false	1.0
unfassbar	neg 1.0		off 0.35016451043423324 __DUMMY__ 0.3405433931845376 neg 0.30929209638122923	false	0.5
hart	neg 1.0		off 0.3484310287363287 __DUMMY__ 0.3417848819830122 neg 0.3097840892806591	false	0.5
widerlich	off 1.0		off 0.35083865676801684 __DUMMY__ 0.3398835727119156 neg 0.3092777705200675	false	1.0
fatal	neg 1.0		off 0.34664735159893956 __DUMMY__ 0.3421020691968089 neg 0.31125057920425153	false	0.5
bruch	neg 1.0		__DUMMY__ 0.344903862416899 off 0.3375956340847875 neg 0.3175005034983136	false	0.5
aushungern	neg 1.0		off 0.3425137703817965 __DUMMY__ 0.34211058376431086 neg 0.31537564585389266	false	0.5
anspannung	neg 1.0	neg 1.0	neg 0.642600128574691 off 0.18702589310427478 __DUMMY__ 0.17037397832103415	false	1.0
von			__DUMMY__ 0.3461024749934761 off 0.3393110561909243 neg 0.3145864688155995	false	0.0
kraftlos	neg 1.0		__DUMMY__ 0.34545756648793097 off 0.3441654868353977 neg 0.3103769466766713	false	0.5
vom			__DUMMY__ 0.34874663781695586 off 0.33476652045042166 neg 0.3164868417326226	false	0.0
grenzdebil	off 1.0		off 0.3517283800349326 __DUMMY__ 0.34084050815139944 neg 0.3074311118136679	false	1.0
vor			__DUMMY__ 0.34550245882181013 off 0.3394970760378722 neg 0.3150004651403176	false	0.0
unterwerfen	neg 1.0		__DUMMY__ 0.3437378111744192 off 0.34057242248714703 neg 0.3156897663384338	false	0.5
versenkung	neg 1.0		__DUMMY__ 0.34411988730674087 off 0.34051707204196896 neg 0.3153630406512901	false	0.5
entziehen	neg 1.0		__DUMMY__ 0.3446986160993058 off 0.33793173231852225 neg 0.317369651582172	false	0.5
finanzkrise	neg 1.0		off 0.3424043378753733 __DUMMY__ 0.3417460235025933 neg 0.31584963862203336	false	0.5
schimpfend	neg 1.0		off 0.3472686280264469 __DUMMY__ 0.3442845355907191 neg 0.308446836382834	false	0.5
profan	neg 1.0		off 0.3477524017972298 __DUMMY__ 0.34196176249699245 neg 0.3102858357057776	false	0.5
korruption	neg 1.0		__DUMMY__ 0.3420393494208659 off 0.34034984046762906 neg 0.31761081011150505	false	0.5
â			__DUMMY__ 0.3442510990962447 off 0.34149105237708505 neg 0.3142578485266702	false	0.0
schmutzig	neg 1.0		off 0.3518368329793836 __DUMMY__ 0.34182059309654483 neg 0.30634257392407166	false	0.5
sexy	neg 1.0		off 0.34851321263110785 __DUMMY__ 0.3420062424246726 neg 0.30948054494421967	false	0.5
abraten	neg 1.0		off 0.34656726917327335 __DUMMY__ 0.3421066084220588 neg 0.31132612240466784	false	0.5
schwarz	neg 1.0		off 0.3458351397148172 __DUMMY__ 0.34202715670018485 neg 0.31213770358499787	false	0.5
fotze	off 1.0		__DUMMY__ 0.34339566599080557 off 0.3402946661658887 neg 0.31630966784330583	false	1.0
verwirren	neg 1.0		off 0.34792447039553176 __DUMMY__ 0.34186617804007763 neg 0.31020935156439056	false	0.5
zahnlos	off 1.0		__DUMMY__ 0.34266825373049464 off 0.3418038024403199 neg 0.3155279438291856	false	1.0
verheeren	neg 1.0		off 0.36141444922045385 __DUMMY__ 0.3389496015578173 neg 0.2996359492217287	false	0.5
hippie	neg 1.0		off 0.3477405593830661 __DUMMY__ 0.3418521885482427 neg 0.3104072520686913	false	0.5
rammen	neg 1.0		off 0.3462822652015415 __DUMMY__ 0.34334268191216694 neg 0.3103750528862916	false	0.5
unlauter	neg 1.0		off 0.34265606047030045 __DUMMY__ 0.33963733816100533 neg 0.31770660136869433	false	0.5
unheilvoll	neg 1.0		off 0.3483526028608014 __DUMMY__ 0.34359326823165504 neg 0.3080541289075434	false	0.5
niedrig	neg 1.0		__DUMMY__ 0.34524474852049003 off 0.3407929856490244 neg 0.31396226583048553	false	0.5
explosion	neg 1.0		off 0.3470655649279669 __DUMMY__ 0.3418375016055552 neg 0.3110969334664778	false	0.5
weichei	off 1.0		off 0.35646925738832613 __DUMMY__ 0.33883397286705097 neg 0.30469676974462295	false	1.0
minusmensch	off 1.0		off 0.35805715628619383 __DUMMY__ 0.33528985021689706 neg 0.3066529934969091	false	1.0
farblos	neg 1.0		__DUMMY__ 0.34553879449154445 off 0.34548560918319987 neg 0.3089755963252557	false	0.5
unwissend	neg 1.0	neg 1.0	neg 0.6413676911637894 off 0.19331920370202452 __DUMMY__ 0.16531310513418593	false	1.0
traurig	neg 1.0		off 0.3537832402206443 __DUMMY__ 0.3403481457474442 neg 0.30586861403191157	false	0.5
senkung	neg 1.0		off 0.34612517138608995 __DUMMY__ 0.3402698716066884 neg 0.31360495700722163	false	0.5
ungleich	neg 1.0	neg 1.0	neg 0.6457777586455512 off 0.1875717995805062 __DUMMY__ 0.16665044177394267	false	1.0
heikel	neg 1.0		__DUMMY__ 0.343429094986875 off 0.338883116041091 neg 0.317687788972034	false	0.5
drosselung	neg 1.0		off 0.3512203656300172 __DUMMY__ 0.34104618622065747 neg 0.30773344814932546	false	0.5
falsch	neg 1.0		off 0.3492838220833755 __DUMMY__ 0.3417233407507353 neg 0.3089928371658892	false	0.5
unzufriedenheit	neg 1.0		__DUMMY__ 0.34396943174174544 off 0.33856714476475747 neg 0.317463423493497	false	0.5
kurz	neg 1.0		__DUMMY__ 0.3446669116921083 off 0.3440843255211735 neg 0.3112487627867183	false	0.5
unsinnig	neg 1.0		__DUMMY__ 0.3419521825521526 off 0.3418720591899953 neg 0.31617575825785216	false	0.5
penner	off 1.0	off 1.0	off 0.6682742777704673 neg 0.16751721983965018 __DUMMY__ 0.16420850238988238	false	1.0
seicht	neg 1.0		off 0.3583129303764873 __DUMMY__ 0.3367398005866251 neg 0.3049472690368876	false	0.5
dummheit	off 1.0	off 1.0	off 0.6618617547291533 neg 0.1723627282226971 __DUMMY__ 0.16577551704814944	false	1.0
unerfreulich	neg 1.0		__DUMMY__ 0.3448093520221076 off 0.3388296328296427 neg 0.31636101514824966	false	0.5
motherfucker	off 1.0	off 1.0	off 0.6642209436057109 neg 0.17081865065896865 __DUMMY__ 0.16496040573532042	false	1.0
pikiert	neg 1.0		off 0.3495947115527289 __DUMMY__ 0.3400645111382405 neg 0.31034077730903065	false	0.5
wrack	neg 1.0		__DUMMY__ 0.3449359331902855 off 0.34116685534548136 neg 0.3138972114642331	false	0.5
gangster	neg 1.0		off 0.3475399258925235 __DUMMY__ 0.3421903644328828 neg 0.3102697096745936	false	0.5
krank	neg 1.0		off 0.3527135662022802 __DUMMY__ 0.34168016304483184 neg 0.30560627075288777	false	0.5
reich	neg 1.0		off 0.3476386349972261 __DUMMY__ 0.3397041106719967 neg 0.31265725433077723	false	0.5
gnadenlos	neg 1.0		off 0.34582075497019427 __DUMMY__ 0.3428168414003382 neg 0.3113624036294676	false	0.5
niedergeschlagen	neg 1.0		__DUMMY__ 0.34482847034688113 off 0.3446539675990277 neg 0.3105175620540913	false	0.5
terrorisieren	off 1.0	off 1.0	off 0.6587391161081411 neg 0.1738548489733627 __DUMMY__ 0.16740603491849623	false	1.0
sinnlosigkeit	neg 1.0		__DUMMY__ 0.3429826563171064 off 0.34223424682027886 neg 0.3147830968626147	false	0.5
behindern	neg 1.0		off 0.3433918323941495 __DUMMY__ 0.34256347367576023 neg 0.3140446939300903	false	0.5
undemokratisch	neg 1.0		off 0.3438674948115656 __DUMMY__ 0.3407085884415494 neg 0.3154239167468852	false	0.5
wirtschaftskrise	neg 1.0		__DUMMY__ 0.3428231874744263 off 0.3403539801325062 neg 0.3168228323930676	false	0.5
neid	neg 1.0		off 0.3510027820695117 __DUMMY__ 0.34291678904904915 neg 0.30608042888143927	false	0.5
rutschen	neg 1.0		__DUMMY__ 0.34762202954503374 off 0.3391552248314841 neg 0.31322274562348223	false	0.5
rezession	neg 1.0		off 0.3535316158051735 __DUMMY__ 0.3387982603095354 neg 0.3076701238852911	false	0.5
fehlgeburt	neg 1.0		off 0.3482704073716558 __DUMMY__ 0.3438936042258483 neg 0.3078359884024958	false	0.5
charakterschwach	off 1.0		off 0.35101325925058763 __DUMMY__ 0.3406512959350636 neg 0.30833544481434877	false	1.0
isolation	neg 1.0		off 0.34930917821581847 __DUMMY__ 0.34223234085213006 neg 0.3084584809320515	false	0.5
ablenkung	neg 1.0		off 0.3452804726672872 __DUMMY__ 0.34306640033079505 neg 0.3116531270019178	false	0.5
pech	neg 1.0		off 0.34933474744041276 __DUMMY__ 0.34226838865167025 neg 0.30839686390791704	false	0.5
vermeidung	neg 1.0		off 0.3505683060718323 __DUMMY__ 0.3398205193691269 neg 0.30961117455904086	false	0.5
dominieren	neg 1.0		__DUMMY__ 0.34537082685322273 off 0.3423198025999362 neg 0.312309370546841	false	0.5
schwindlig	neg 1.0		off 0.34949807077186645 __DUMMY__ 0.3446066232143518 neg 0.30589530601378173	false	0.5
lutscher	neg 1.0		off 0.3592994291930397 __DUMMY__ 0.3368783853724601 neg 0.3038221854345002	false	0.5
pflicht	neg 1.0		__DUMMY__ 0.3436243741747519 off 0.33882131419062356 neg 0.3175543116346245	false	0.5
faschist	off 1.0		off 0.3461496811381749 __DUMMY__ 0.34006731274305185 neg 0.31378300611877324	false	1.0
verschleudern	neg 1.0		__DUMMY__ 0.3413075704094097 off 0.3381009847448771 neg 0.3205914448457132	false	0.5
wenn			off 0.34945595125292966 __DUMMY__ 0.34159738631921965 neg 0.3089466624278505	false	0.0
ehebruch	neg 1.0		__DUMMY__ 0.3435062927971312 off 0.3411232239283686 neg 0.31537048327450024	false	0.5
spott	off 1.0		__DUMMY__ 0.34287125133708357 off 0.3398715889998568 neg 0.31725715966305973	false	1.0
trostlosigkeit	neg 1.0		__DUMMY__ 0.3448669746214485 off 0.33842873070850205 neg 0.31670429467004946	false	0.5
lutschen	neg 1.0		off 0.346912234373988 __DUMMY__ 0.34153949354960456 neg 0.3115482720764075	false	0.5
undiszipliniert	neg 1.0		off 0.35323277241121376 __DUMMY__ 0.3409751804969909 neg 0.30579204709179525	false	0.5
kopfschmerz	neg 1.0		__DUMMY__ 0.344912336968267 off 0.344607552590853 neg 0.31048011044088003	false	0.5
unvorhergesehen	neg 1.0		__DUMMY__ 0.34613736615820995 off 0.3425867715116216 neg 0.3112758623301684	false	0.5
desinteressiert	neg 1.0		off 0.35220026347009226 __DUMMY__ 0.3399857146348249 neg 0.3078140218950828	false	0.5
armselig	off 1.0		off 0.3524168115934817 __DUMMY__ 0.3387573780683557 neg 0.3088258103381625	false	1.0
desaster	neg 1.0		__DUMMY__ 0.34414597653840723 off 0.33620292899845144 neg 0.3196510944631415	false	0.5
tod	neg 1.0		__DUMMY__ 0.34520830581920686 off 0.3424721151666836 neg 0.31231957901410956	false	0.5
herzlos	neg 1.0		off 0.35371141978939236 __DUMMY__ 0.3395216627719789 neg 0.3067669174386288	false	0.5
unwissenheit	neg 1.0		__DUMMY__ 0.3418897886806948 off 0.34100344466396865 neg 0.31710676665533644	false	0.5
widersinnig	neg 1.0	neg 1.0	neg 0.646468336968569 off 0.1881360205026682 __DUMMY__ 0.1653956425287628	false	1.0
bedenklich	neg 1.0		__DUMMY__ 0.3430330581455349 off 0.34040489082262043 neg 0.31656205103184476	false	0.5
beanstanden	neg 1.0		__DUMMY__ 0.34388748744592973 off 0.3382318178085376 neg 0.3178806947455326	false	0.5
panisch	neg 1.0	neg 1.0	neg 0.6388423146235603 off 0.1933983139913925 __DUMMY__ 0.1677593713850471	false	1.0
debil	off 1.0		__DUMMY__ 0.3461750023585782 off 0.3338492399621244 neg 0.31997575767929737	false	1.0
abstrich	neg 1.0		__DUMMY__ 0.34274871316361183 off 0.34077009369939076 neg 0.3164811931369973	false	0.5
primitiv	neg 1.0		off 0.35140832932653804 __DUMMY__ 0.3399181144070943 neg 0.3086735562663677	false	0.5
abschaum	off 1.0	off 1.0	off 0.6631660031651859 neg 0.17133518339645964 __DUMMY__ 0.16549881343835438	false	1.0
provozieren	neg 1.0		off 0.3451022551265609 __DUMMY__ 0.34219935809383706 neg 0.3126983867796021	false	0.5
tot	neg 1.0		__DUMMY__ 0.34268805943105474 off 0.33960374438723184 neg 0.3177081961817134	false	0.5
instabil	neg 1.0		off 0.3497254566035243 __DUMMY__ 0.3382215200920594 neg 0.31205302330441625	false	0.5
schwuchtel	off 1.0		off 0.36406184580453343 __DUMMY__ 0.3356071805158843 neg 0.3003309736795822	false	1.0
zerren	neg 1.0		__DUMMY__ 0.3447842661424961 off 0.34470663190312334 neg 0.3105091019543807	false	0.5
kinderficker	off 1.0		off 0.3543554705780937 __DUMMY__ 0.3373486366270126 neg 0.30829589279489383	false	1.0
gefahr	neg 1.0		__DUMMY__ 0.344805581032996 off 0.3394173498438913 neg 0.3157770691231126	false	0.5
rabiat	neg 1.0		off 0.34445597332947275 __DUMMY__ 0.3424235436199133 neg 0.3131204830506141	false	0.5
verlangsamung	neg 1.0		off 0.3576894368893186 __DUMMY__ 0.33860848552573997 neg 0.30370207758494133	false	0.5
ausgestorben	neg 1.0		off 0.3448529972072952 __DUMMY__ 0.3439214636065025 neg 0.3112255391862023	false	0.5
anklagen	neg 1.0		__DUMMY__ 0.34294745644643276 off 0.34250991635598427 neg 0.31454262719758297	false	0.5
trott	neg 1.0		off 0.3443167772130644 __DUMMY__ 0.34340326678694727 neg 0.3122799559999884	false	0.5
verminderung	neg 1.0		off 0.35124023688507733 __DUMMY__ 0.33942735067712604 neg 0.30933241243779663	false	0.5
nach			__DUMMY__ 0.3490044074825908 off 0.3381530485595663 neg 0.31284254395784294	false	0.0
rost	neg 1.0		off 0.35667715852904397 __DUMMY__ 0.33932770005843843 neg 0.30399514141251766	false	0.5
destruktiv	neg 1.0		off 0.3427994452391913 __DUMMY__ 0.341193405552216 neg 0.31600714920859263	false	0.5
unzumutbarkeit	neg 1.0		off 0.3498561087704231 __DUMMY__ 0.3416657893917902 neg 0.3084781018377868	false	0.5
labil	off 1.0	off 1.0	off 0.6631098246789996 neg 0.17135154149407741 __DUMMY__ 0.16553863382692285	false	1.0
ziemlich	neg 1.0		off 0.3514626751368423 __DUMMY__ 0.3414584810863719 neg 0.3070788437767858	false	0.5
lachnummer	off 1.0		off 0.3436086821440321 __DUMMY__ 0.34189833079052123 neg 0.31449298706544676	false	1.0
oder			off 0.34561910747001146 __DUMMY__ 0.343512403670931 neg 0.3108684888590574	false	0.0
verfall	neg 1.0		__DUMMY__ 0.3454394463973003 off 0.3343602570635254 neg 0.32020029653917426	false	0.5
ausgrenzung	neg 1.0		off 0.34509004412863303 __DUMMY__ 0.34100198245411295 neg 0.31390797341725407	false	0.5
unordnung	neg 1.0		off 0.350666248531433 __DUMMY__ 0.34141009411406986 neg 0.30792365735449706	false	0.5
fehlverhalten	neg 1.0		__DUMMY__ 0.34355373255548033 off 0.339182483941857 neg 0.3172637835026625	false	0.5
eine			__DUMMY__ 0.3445440375332267 off 0.3391650483921812 neg 0.316290914074592	false	0.0
nille	neg 1.0		off 0.34328967299568636 __DUMMY__ 0.34306447579552435 neg 0.31364585120878924	false	0.5
qual	neg 1.0		off 0.3440430571623407 __DUMMY__ 0.3433662859237345 neg 0.3125906569139247	false	0.5
verschwenden	neg 1.0		__DUMMY__ 0.3432859180207833 off 0.34124740948215077 neg 0.31546667249706606	false	0.5
riesig	neg 1.0	neg 1.0	neg 0.642407702280747 off 0.1893876522817324 __DUMMY__ 0.1682046454375206	false	1.0
verurteilen	neg 1.0		__DUMMY__ 0.3430288330405304 off 0.3419803393126523 neg 0.31499082764681724	false	0.5
klischee	neg 1.0	neg 1.0	neg 0.6424248696666995 off 0.19219202520639403 __DUMMY__ 0.16538310512690643	false	1.0
diktatorisch	neg 1.0		off 0.34417259904957137 __DUMMY__ 0.3401931258737166 neg 0.31563427507671193	false	0.5
vorhersehbar	neg 1.0	neg 1.0	neg 0.6421287301489159 off 0.1920548542618429 __DUMMY__ 0.16581641558924115	false	1.0
sowie			off 0.3554403438709107 __DUMMY__ 0.33867626250457483 neg 0.30588339362451455	false	0.0
stornieren	neg 1.0		off 0.347184620740966 __DUMMY__ 0.3447975005364555 neg 0.30801787872257846	false	0.5
besteuerung	neg 1.0		off 0.3436104184324093 __DUMMY__ 0.34057247770651367 neg 0.315817103861077	false	0.5
ungeschminkt	neg 1.0		off 0.35085442871028777 __DUMMY__ 0.34031471026315224 neg 0.30883086102656004	false	0.5
kritisch	neg 1.0		__DUMMY__ 0.342911763076006 off 0.34001125757200845 neg 0.3170769793519854	false	0.5
schlamperei	off 1.0		__DUMMY__ 0.3429064690519899 off 0.3386394718441644 neg 0.3184540591038457	false	1.0
sucht	neg 1.0	neg 1.0	neg 0.6416481646197628 off 0.19099293908446602 __DUMMY__ 0.16735889629577116	false	1.0
egoistisch	off 1.0		off 0.35657030188842853 __DUMMY__ 0.3391546698178722 neg 0.30427502829369923	false	1.0
ausbeuter	off 1.0		__DUMMY__ 0.34282700696343915 off 0.3384204509137459 neg 0.31875254212281495	false	1.0
arschgeburt	off 1.0		off 0.3638788153123205 __DUMMY__ 0.3352032232983641 neg 0.3009179613893155	false	1.0
schubs	neg 1.0	neg 1.0	neg 0.6416935684272186 off 0.19016731123551386 __DUMMY__ 0.1681391203372676	false	1.0
unsolide	neg 1.0		off 0.34331674025589864 __DUMMY__ 0.3383394731704105 neg 0.3183437865736908	false	0.5
beschwerde	neg 1.0		__DUMMY__ 0.3430885920524207 off 0.3390698697574616 neg 0.31784153819011784	false	0.5
stocken	neg 1.0		__DUMMY__ 0.344160715154632 off 0.3407406471516263 neg 0.31509863769374175	false	0.5
isolieren	neg 1.0		__DUMMY__ 0.34349299700479735 off 0.34169972228668255 neg 0.31480728070852027	false	0.5
unheilbar	neg 1.0		off 0.34661024430317 __DUMMY__ 0.34430226865235686 neg 0.3090874870444731	false	0.5
pisser	off 1.0		off 0.3525899147060163 __DUMMY__ 0.34087833492571884 neg 0.3065317503682649	false	1.0
löschen	neg 1.0		off 0.34467624823440973 __DUMMY__ 0.34309375265529646 neg 0.31222999911029375	false	0.5
durchfallen	neg 1.0		__DUMMY__ 0.3422441892748573 off 0.34121268817234635 neg 0.31654312255279643	false	0.5
wichser	off 1.0		off 0.3615064204537445 __DUMMY__ 0.33764103855649064 neg 0.30085254098976494	false	1.0
terror	neg 1.0		off 0.34825192980427727 __DUMMY__ 0.34291298119833064 neg 0.30883508899739226	false	0.5
krass	neg 1.0		off 0.3542920169565757 __DUMMY__ 0.33943130276329925 neg 0.3062766802801249	false	0.5
revolte	neg 1.0		off 0.3458268427914704 __DUMMY__ 0.34094364327992166 neg 0.3132295139286079	false	0.5
besorgt	neg 1.0		__DUMMY__ 0.345271559582791 off 0.3439986180866192 neg 0.3107298223305898	false	0.5
nachlassen	neg 1.0		__DUMMY__ 0.3444180954913214 off 0.3405283222144616 neg 0.3150535822942169	false	0.5
alt	neg 1.0		__DUMMY__ 0.34417891545657864 off 0.34173611873773313 neg 0.31408496580568823	false	0.5
hundesohn	off 1.0		off 0.358734597991432 __DUMMY__ 0.3369145139295687 neg 0.30435088807899935	false	1.0
als			__DUMMY__ 0.34428143512436765 off 0.34344424172694377 neg 0.3122743231486885	false	0.0
abschreckung	neg 1.0		__DUMMY__ 0.34464377974918026 off 0.3382250209576177 neg 0.3171311992932021	false	0.5
unqualifiziert	neg 1.0		off 0.3461446168804342 __DUMMY__ 0.3393237429326893 neg 0.31453164018687657	false	0.5
abgewichst	off 1.0		__DUMMY__ 0.34343354628956957 off 0.34279723968277415 neg 0.3137692140276563	false	1.0
schwer	neg 1.0		off 0.34503385665860375 __DUMMY__ 0.34338869796957894 neg 0.3115774453718173	false	0.5
bedeutungslosigkeit	neg 1.0		__DUMMY__ 0.3439618872447181 off 0.3388320103569925 neg 0.3172061023982894	false	0.5
kapitulation	neg 1.0		__DUMMY__ 0.342397089053727 off 0.33938510072185724 neg 0.31821781022441586	false	0.5
unscharf	neg 1.0		off 0.34702418966832405 __DUMMY__ 0.34176387430413513 neg 0.3112119360275408	false	0.5
schwinden	neg 1.0		__DUMMY__ 0.34446595689266474 off 0.33913485539068416 neg 0.31639918771665104	false	0.5
versklavung	neg 1.0		off 0.3441162109752154 __DUMMY__ 0.3406666217550704 neg 0.31521716726971416	false	0.5
schlecht	neg 1.0		off 0.3517175260534734 __DUMMY__ 0.3416275645974069 neg 0.3066549093491197	false	0.5
verhasst	neg 1.0		off 0.34557270429469794 __DUMMY__ 0.34217235679231167 neg 0.31225493891299044	false	0.5
beschweren	neg 1.0		off 0.34677778301723583 __DUMMY__ 0.3423402877956364 neg 0.3108819291871278	false	0.5
scheiden	neg 1.0		off 0.34651574915744593 __DUMMY__ 0.3446436351396168 neg 0.3088406157029373	false	0.5
frustriert	neg 1.0		off 0.34370527795577466 __DUMMY__ 0.34346103368794895 neg 0.31283368835627634	false	0.5
schimmelig	neg 1.0		__DUMMY__ 0.34475370553813023 off 0.3413695765025961 neg 0.3138767179592737	false	0.5
fisch	neg 1.0		__DUMMY__ 0.34579422476381066 off 0.34044399191021035 neg 0.3137617833259789	false	0.5
schmuggel	neg 1.0		__DUMMY__ 0.3464156540088203 off 0.3408249457213025 neg 0.3127594002698771	false	0.5
auffallen	neg 1.0		off 0.3475562970273658 __DUMMY__ 0.34220800760700676 neg 0.31023569536562734	false	0.5
konkurrenz	neg 1.0	neg 1.0	neg 0.6453170039560057 off 0.18685447777547393 __DUMMY__ 0.16782851826852035	false	1.0
teufelskreis	neg 1.0		off 0.3442095908007594 __DUMMY__ 0.343224857547477 neg 0.3125655516517636	false	0.5
aufschreien	neg 1.0		off 0.3469282643620912 __DUMMY__ 0.34160284899078475 neg 0.3114688866471242	false	0.5
schuldner	neg 1.0		__DUMMY__ 0.3441526137239627 off 0.33914970675315437 neg 0.316697679522883	false	0.5
missgeburt	off 1.0	off 1.0	off 0.6666483612702621 neg 0.1688878599250825 __DUMMY__ 0.1644637788046553	false	1.0
arbeitslos	neg 1.0		__DUMMY__ 0.3423703624929163 off 0.34163499963662103 neg 0.3159946378704625	false	0.5
befallen	neg 1.0		__DUMMY__ 0.34342084276371615 off 0.34308303369175497 neg 0.3134961235445288	false	0.5
miesepetrig	off 1.0	off 1.0	off 0.6644634230343051 neg 0.16945352967306093 __DUMMY__ 0.1660830472926341	false	1.0
alarmieren	neg 1.0		off 0.3487436923969668 __DUMMY__ 0.34067935930833004 neg 0.3105769482947031	false	0.5
ungeduscht	off 1.0		off 0.3492629515763286 __DUMMY__ 0.34242804034589386 neg 0.3083090080777776	false	1.0
knappheit	neg 1.0		__DUMMY__ 0.34241385019766934 off 0.33951101921611027 neg 0.31807513058622033	false	0.5
schlange	neg 1.0		off 0.3480090128433656 __DUMMY__ 0.343997833544612 neg 0.3079931536120224	false	0.5
harsch	neg 1.0		off 0.3559209964045028 __DUMMY__ 0.3406616913309263 neg 0.3034173122645709	false	0.5
lang	neg 1.0		off 0.34532305908515676 __DUMMY__ 0.34318480166497023 neg 0.3114921392498732	false	0.5
ziellos	neg 1.0		__DUMMY__ 0.345000117715144 off 0.3432530951287529 neg 0.31174678715610304	false	0.5
selbstverliebt	neg 1.0		off 0.361290328069607 __DUMMY__ 0.3359684125814358 neg 0.3027412593489572	false	0.5
beseitigen	neg 1.0		off 0.3434980664186255 __DUMMY__ 0.3430557385801425 neg 0.313446195001232	false	0.5
dumm	off 1.0		off 0.35701765111475753 __DUMMY__ 0.3381522855109999 neg 0.3048300633742427	false	1.0
arbeitsloser	neg 1.0		__DUMMY__ 0.34377740669580015 off 0.34163063873195404 neg 0.31459195457224576	false	0.5
blitzen	neg 1.0		off 0.34815791209300845 __DUMMY__ 0.34207559929793674 neg 0.30976648860905487	false	0.5
hilflos	neg 1.0		__DUMMY__ 0.34393366195450725 off 0.3435306192912189 neg 0.31253571875427383	false	0.5
eklig	off 1.0		off 0.3583645567981836 __DUMMY__ 0.33870436361804235 neg 0.3029310795837741	false	1.0
begriff			off 0.34268433880390586 __DUMMY__ 0.34232045292777963 neg 0.31499520826831445	false	0.0
hungersnot	neg 1.0		__DUMMY__ 0.34403032305170167 off 0.3432965647267698 neg 0.3126731122215286	false	0.5
ungesetzlich	neg 1.0		off 0.3440868462762138 __DUMMY__ 0.33900315973522327 neg 0.3169099939885631	false	0.5
verschwendung	neg 1.0		__DUMMY__ 0.3439920934641752 off 0.3401938628212898 neg 0.31581404371453503	false	0.5
schmerzvoll	neg 1.0		off 0.3470268228593233 __DUMMY__ 0.342698960932563 neg 0.31027421620811374	false	0.5
vorzeitig	neg 1.0		off 0.3490475914354059 __DUMMY__ 0.3431879177243436 neg 0.30776449084025054	false	0.5
unvollkommenheit	neg 1.0		__DUMMY__ 0.3463701834510665 off 0.3444725882777009 neg 0.3091572282712326	false	0.5
intervenieren	neg 1.0		__DUMMY__ 0.34261899878559704 off 0.33862105031445117 neg 0.3187599508999517	false	0.5
banause	off 1.0		off 0.35952918460026634 __DUMMY__ 0.33691974824557025 neg 0.30355106715416336	false	1.0
rebell	neg 1.0		__DUMMY__ 0.3449636166958455 off 0.3366468628472606 neg 0.31838952045689384	false	0.5
unlogisch	neg 1.0		off 0.35342767222092125 __DUMMY__ 0.33966717595944523 neg 0.30690515181963346	false	0.5
leiden	neg 1.0		__DUMMY__ 0.3469539947759494 off 0.34196219488137386 neg 0.31108381034267674	false	0.5
abschaffung	neg 1.0		off 0.3435099026478633 __DUMMY__ 0.3407616180100329 neg 0.31572847934210385	false	0.5
sturz	neg 1.0		off 0.34546746911020565 __DUMMY__ 0.34394761917988836 neg 0.31058491170990615	false	0.5
verkleinerung	neg 1.0		off 0.34603163342872373 __DUMMY__ 0.3397517705988908 neg 0.31421659597238555	false	0.5
schmarotzer	off 1.0		__DUMMY__ 0.3419850068401889 off 0.34115100172437796 neg 0.31686399143543326	false	1.0
bestrafung	neg 1.0		off 0.34605914998319276 __DUMMY__ 0.34227935181059627 neg 0.31166149820621114	false	0.5
achtlos	neg 1.0		off 0.3454791243241122 __DUMMY__ 0.3440222941278951 neg 0.3104985815479927	false	0.5
ungeheuer	neg 1.0		off 0.3482141200542513 __DUMMY__ 0.34217446093762716 neg 0.3096114190081217	false	0.5
unaufrichtig	neg 1.0		off 0.3463444996368204 __DUMMY__ 0.34128787074857836 neg 0.3123676296146013	false	0.5
groggy	neg 1.0		off 0.34720998220421057 __DUMMY__ 0.3416805956820026 neg 0.31110942211378684	false	0.5
verletzlich	neg 1.0		off 0.35249422571259054 __DUMMY__ 0.3406648036780545 neg 0.3068409706093549	false	0.5
ablehnen	neg 1.0		__DUMMY__ 0.3429104044981772 off 0.34078394511116045 neg 0.3163056503906623	false	0.5
