unsolidarisch	neg 1.0		off 0.34179242683011185 __DUMMY__ 0.33971731373444036 neg 0.31849025943544773	false	0.5
nachteilig	neg 1.0		__DUMMY__ 0.34349984120429544 off 0.3397187029407282 neg 0.31678145585497625	false	0.5
skeptisch	neg 1.0		__DUMMY__ 0.3438422208238225 off 0.3390031565856062 neg 0.31715462259057126	false	0.5
schrecklich	neg 1.0		off 0.35473871347265784 __DUMMY__ 0.3398917169150218 neg 0.30536956961232037	false	0.5
schlapp	neg 1.0		off 0.3507211914964062 __DUMMY__ 0.34212216837517767 neg 0.30715664012841615	false	0.5
abfall	neg 1.0		__DUMMY__ 0.3454212000214948 off 0.33692843057514993 neg 0.3176503694033553	false	0.5
widerspenstig	neg 1.0		off 0.34513237000722286 __DUMMY__ 0.3433042797346696 neg 0.3115633502581077	false	0.5
abrupt	neg 1.0		__DUMMY__ 0.34533405810754675 off 0.3409274685059339 neg 0.3137384733865194	false	0.5
unwirksam	neg 1.0		off 0.34242784192398124 __DUMMY__ 0.34044167329893704 neg 0.31713048477708167	false	0.5
angreifen	neg 1.0	neg 1.0	neg 0.6449999871597618 off 0.18767137864518965 __DUMMY__ 0.16732863419504845	false	1.0
inkonsistent	neg 1.0		off 0.3453760283349983 __DUMMY__ 0.3424195579592003 neg 0.31220441370580143	false	0.5
abrutschen	neg 1.0		__DUMMY__ 0.3453030285535687 off 0.3372654062237364 neg 0.31743156522269494	false	0.5
unsicher	neg 1.0		off 0.3453770472742948 __DUMMY__ 0.34359913971137696 neg 0.31102381301432813	false	0.5
bauernkind	off 1.0	off 1.0	off 0.6652689285047598 neg 0.1705492610182894 __DUMMY__ 0.16418181047695077	false	1.0
angreifer	neg 1.0		off 0.34689624812918873 __DUMMY__ 0.34360592682544416 neg 0.30949782504536716	false	0.5
trennen	neg 1.0		__DUMMY__ 0.3460719205701959 off 0.34187790571497806 neg 0.31205017371482596	false	0.5
schmutz	neg 1.0		off 0.3497031979371514 __DUMMY__ 0.3463684402114765 neg 0.3039283618513722	false	0.5
inkonsistenz	neg 1.0		off 0.3473777848426464 __DUMMY__ 0.3395951588482733 neg 0.3130270563090803	false	0.5
erschreckend	neg 1.0		off 0.3431037268965288 __DUMMY__ 0.3426519350532882 neg 0.31424433805018304	false	0.5
ertrinken	neg 1.0		__DUMMY__ 0.34549008730557385 off 0.34238371909073806 neg 0.31212619360368815	false	0.5
pickelface	off 1.0		__DUMMY__ 0.342981576617252 off 0.34213081345758667 neg 0.31488760992516124	false	1.0
seiner			__DUMMY__ 0.3449542055352992 off 0.340497215444809 neg 0.3145485790198917	false	0.0
lauch	neg 1.0		__DUMMY__ 0.343932831218507 off 0.3361690400916784 neg 0.3198981286898146	false	0.5
unwichtig	neg 1.0		off 0.3494404071523566 __DUMMY__ 0.3410345907580242 neg 0.30952500208961925	false	0.5
steuerhinterziehung	neg 1.0		__DUMMY__ 0.341964504325013 off 0.34156116823289184 neg 0.316474327442095	false	0.5
schock	neg 1.0		off 0.3454090618858628 __DUMMY__ 0.3451053959638664 neg 0.30948554215027063	false	0.5
beule	neg 1.0		off 0.3513195891385284 __DUMMY__ 0.3423525579790252 neg 0.3063278528824464	false	0.5
vergelten	neg 1.0		off 0.35476293644155166 __DUMMY__ 0.34224848608754405 neg 0.3029885774709043	false	0.5
verdorbenheit	neg 1.0		off 0.34427971659620626 __DUMMY__ 0.34328091505341213 neg 0.31243936835038155	false	0.5
trauma	neg 1.0		off 0.34571981488508996 __DUMMY__ 0.34263055453935076 neg 0.3116496305755593	false	0.5
sinnlos	neg 1.0		off 0.34769580680321016 __DUMMY__ 0.3428255499659983 neg 0.30947864323079155	false	0.5
fettsack	off 1.0	off 1.0	off 0.6669376461171631 neg 0.16832488985339783 __DUMMY__ 0.1647374640294392	false	1.0
feige	off 1.0	off 1.0	off 0.6633541041039153 neg 0.17139067471278827 __DUMMY__ 0.16525522118329647	false	1.0
abdanken	neg 1.0		off 0.3429142904604659 __DUMMY__ 0.3422199177384971 neg 0.3148657918010369	false	0.5
wichtigtuer	off 1.0	off 1.0	off 0.6616662549315071 neg 0.17247325856379955 __DUMMY__ 0.16586048650469337	false	1.0
misslingen	neg 1.0		off 0.3477599388277471 __DUMMY__ 0.3452702726921367 neg 0.3069697884801161	false	0.5
untreu	off 1.0		off 0.3508606862791541 __DUMMY__ 0.34079146356359324 neg 0.30834785015725263	false	1.0
missmutig	neg 1.0		off 0.35015625657060445 __DUMMY__ 0.3417814084733776 neg 0.308062334956018	false	0.5
hurenbock	off 1.0		off 0.3465101741739542 __DUMMY__ 0.3430713189599334 neg 0.31041850686611244	false	1.0
betrunken	neg 1.0		off 0.3538905031428739 __DUMMY__ 0.34213030876726486 neg 0.3039791880898613	false	0.5
korrupt	off 1.0		__DUMMY__ 0.34096680886330216 off 0.33990760383003904 neg 0.3191255873066588	false	1.0
unmut	neg 1.0		__DUMMY__ 0.3447564400569862 off 0.33653719377756713 neg 0.31870636616544656	false	0.5
hackfresse	off 1.0		off 0.3577577280256545 __DUMMY__ 0.3381180999198185 neg 0.304124172054527	false	1.0
aufblasen	neg 1.0		off 0.34728048539206063 __DUMMY__ 0.34378582418444 neg 0.30893369042349933	false	0.5
gewaltsam	neg 1.0		off 0.3439464470161436 __DUMMY__ 0.3434519408370979 neg 0.3126016121467585	false	0.5
unbeliebtheit	neg 1.0		off 0.3457724553725991 __DUMMY__ 0.3373783999027267 neg 0.3168491447246743	false	0.5
sturheit	neg 1.0		off 0.3429506856284991 __DUMMY__ 0.342499092479747 neg 0.3145502218917539	false	0.5
kuh	neg 1.0		off 0.3443190596152987 __DUMMY__ 0.3414503979526766 neg 0.3142305424320247	false	0.5
erschrecken	neg 1.0		off 0.34957113136442564 __DUMMY__ 0.34220887757968266 neg 0.3082199910558916	false	0.5
opfer	neg 1.0		__DUMMY__ 0.3446884740664132 off 0.341772608407819 neg 0.313538917525768	false	0.5
sinken	neg 1.0		__DUMMY__ 0.34467058860663824 off 0.33715743658956193 neg 0.31817197480379994	false	0.5
stinktier	neg 1.0		off 0.35478384695363135 __DUMMY__ 0.3390650326032378 neg 0.306151120443131	false	0.5
tucke	off 1.0		off 0.35669707727101085 __DUMMY__ 0.3360318052222085 neg 0.3072711175067806	false	1.0
ein			off 0.3460486990027988 __DUMMY__ 0.3433500040431208 neg 0.3106012969540805	false	0.0
abstieg	neg 1.0		__DUMMY__ 0.34605025786772514 off 0.3417553788092301 neg 0.31219436332304484	false	0.5
missverstehen	neg 1.0		off 0.34677984049089855 __DUMMY__ 0.3413035645313235 neg 0.311916594977778	false	0.5
ergebnislos	neg 1.0		__DUMMY__ 0.34395290878238655 off 0.3398371319312095 neg 0.31620995928640394	false	0.5
unter			__DUMMY__ 0.3485667265919187 off 0.33413670073605267 neg 0.3172965726720288	false	0.0
manipulieren	neg 1.0		__DUMMY__ 0.3441350795344588 off 0.33937087032017005 neg 0.3164940501453712	false	0.5
unbewiesen	neg 1.0		off 0.3420613070418124 __DUMMY__ 0.3395863719027168 neg 0.31835232105547084	false	0.5
verschleppen	neg 1.0		__DUMMY__ 0.3438044402194078 off 0.34181717888575225 neg 0.31437838089483994	false	0.5
weib	off 1.0		off 0.3578409358647273 __DUMMY__ 0.3382705003446659 neg 0.3038885637906067	false	1.0
opposition	neg 1.0		off 0.3458574211749347 __DUMMY__ 0.3416069440811242 neg 0.3125356347439413	false	0.5
verkehrswidrig	neg 1.0	neg 1.0	neg 0.635835502321234 off 0.19695214081641246 __DUMMY__ 0.16721235686235353	false	1.0
inkorrekt	neg 1.0		off 0.35061755755492824 __DUMMY__ 0.3386482663434837 neg 0.310734176101588	false	0.5
vermeiden	neg 1.0		__DUMMY__ 0.3466786223854842 off 0.33552628628598297 neg 0.31779509132853284	false	0.5
abweichung	neg 1.0		__DUMMY__ 0.34301497811501636 off 0.3396556511514919 neg 0.31732937073349166	false	0.5
alkoholisiert	neg 1.0		__DUMMY__ 0.34742466916211867 off 0.34219551281198995 neg 0.3103798180258913	false	0.5
scheiss	off 1.0	off 1.0	off 0.6641988632474921 neg 0.1697481149530245 __DUMMY__ 0.1660530217994833	false	1.0
herausforderung	neg 1.0	neg 1.0	neg 0.6415334043367872 off 0.1891601371961143 __DUMMY__ 0.16930645846709846	false	1.0
pervers	off 1.0		off 0.3612838027350466 __DUMMY__ 0.33749790176552696 neg 0.3012182954994263	false	1.0
wackelig	neg 1.0		__DUMMY__ 0.3456778758156355 off 0.3438248072669991 neg 0.31049731691736543	false	0.5
verwickeln	neg 1.0		off 0.3466570043224436 __DUMMY__ 0.3413218090404472 neg 0.31202118663710915	false	0.5
vorwand	neg 1.0		__DUMMY__ 0.3445020448992684 off 0.3386752093341384 neg 0.31682274576659314	false	0.5
muschi	off 1.0		__DUMMY__ 0.3428676473623037 off 0.34256118274211866 neg 0.3145711698955777	false	1.0
entmutigung	neg 1.0		off 0.34511243348455284 __DUMMY__ 0.34121044642241427 neg 0.313677120093033	false	0.5
unangemessen	neg 1.0		__DUMMY__ 0.3423771796764481 off 0.34177516648390505 neg 0.31584765383964686	false	0.5
unstetig	neg 1.0		off 0.3461985452872469 __DUMMY__ 0.34323253550213334 neg 0.3105689192106198	false	0.5
entmutigen	neg 1.0		off 0.345872782206139 __DUMMY__ 0.3422187088224366 neg 0.31190850897142447	false	0.5
schwanz	neg 1.0		__DUMMY__ 0.3441902980617151 off 0.33971819393669206 neg 0.31609150800159286	false	0.5
verbot	neg 1.0		__DUMMY__ 0.34219979116542093 off 0.34053730801177545 neg 0.3172629008228035	false	0.5
leid	neg 1.0		off 0.35633002804352326 __DUMMY__ 0.3399865404729287 neg 0.30368343148354815	false	0.5
archaisch	neg 1.0		__DUMMY__ 0.34336712866458685 off 0.34244606854345944 neg 0.31418680279195366	false	0.5
gegen			__DUMMY__ 0.34556229683322376 off 0.3386226106140702 neg 0.31581509255270607	false	0.0
scheidung	neg 1.0		off 0.3650459230185518 __DUMMY__ 0.3369132422592847 neg 0.2980408347221635	false	0.5
einschlag	neg 1.0	neg 1.0	neg 0.6391209444075576 off 0.19531605396599627 __DUMMY__ 0.1655630016264461	false	1.0
m			__DUMMY__ 0.34422671887472894 off 0.3428146302069021 neg 0.3129586509183689	false	0.0
abgestanden	neg 1.0		off 0.34652476496949575 __DUMMY__ 0.34392834139351175 neg 0.30954689363699256	false	0.5
schmierig	off 1.0		off 0.3558954597459384 __DUMMY__ 0.34026168928962097 neg 0.3038428509644407	false	1.0
unpraktisch	neg 1.0		off 0.3469195744158779 __DUMMY__ 0.34395914234526387 neg 0.3091212832388581	false	0.5
wixxer	off 1.0		off 0.3604310398166293 __DUMMY__ 0.3368350535804995 neg 0.30273390660287114	false	1.0
bezeichnet			off 0.3437236766095173 __DUMMY__ 0.34244132894714396 neg 0.31383499444333873	false	0.0
jammerlappen	off 1.0		off 0.3498318305588195 __DUMMY__ 0.3412622466935217 neg 0.30890592274765877	false	1.0
farce	neg 1.0		__DUMMY__ 0.34142689972376405 off 0.34091714276488777 neg 0.3176559575113482	false	0.5
zwecklos	neg 1.0		__DUMMY__ 0.3429038747984689 off 0.3421643790737764 neg 0.3149317461277546	false	0.5
turbulent	neg 1.0		off 0.34950701089773095 __DUMMY__ 0.3401272162594077 neg 0.3103657728428615	false	0.5
invasion	neg 1.0		off 0.3475343230165829 __DUMMY__ 0.34254938618537456 neg 0.3099162907980424	false	0.5
schuld	neg 1.0		off 0.3456181257395905 __DUMMY__ 0.3425755498176233 neg 0.31180632444278616	false	0.5
risiko	neg 1.0		off 0.3453673819415424 __DUMMY__ 0.3433735144998421 neg 0.31125910355861547	false	0.5
finster	neg 1.0		off 0.34639576896060836 __DUMMY__ 0.3433575832406277 neg 0.310246647798764	false	0.5
geisteskrank	off 1.0		off 0.3510142964208408 __DUMMY__ 0.3399948486835313 neg 0.3089908548956278	false	1.0
zusammenbrechen	neg 1.0		__DUMMY__ 0.34415384688463896 off 0.3438769922427881 neg 0.311969160872573	false	0.5
ausbeute	neg 1.0		__DUMMY__ 0.3451991678930545 off 0.34053694229995557 neg 0.3142638898069901	false	0.5
hinterhalt	neg 1.0		__DUMMY__ 0.34363418416367536 off 0.34274250068731815 neg 0.31362331514900643	false	0.5
kritik	neg 1.0		__DUMMY__ 0.34184638001179807 off 0.34105860295915025 neg 0.31709501702905163	false	0.5
einschrumpfen	neg 1.0		off 0.3460797800588593 __DUMMY__ 0.339859967651014 neg 0.3140602522901266	false	0.5
riskant	neg 1.0		__DUMMY__ 0.34375429861003115 off 0.34068317996729175 neg 0.3155625214226771	false	0.5
frustrieren	neg 1.0		__DUMMY__ 0.3437841339021943 off 0.3409379783397663 neg 0.3152778877580393	false	0.5
groll	neg 1.0		__DUMMY__ 0.3435847204421193 off 0.342345872333773 neg 0.31406940722410776	false	0.5
gibt			__DUMMY__ 0.34316129308454785 off 0.3425543127892265 neg 0.3142843941262256	false	0.0
qualvoll	neg 1.0		off 0.34936804354049406 __DUMMY__ 0.3431435053472715 neg 0.30748845111223433	false	0.5
wackeln	neg 1.0	neg 1.0	neg 0.6403156794010463 off 0.1919044406575019 __DUMMY__ 0.1677798799414518	false	1.0
klagen	neg 1.0		__DUMMY__ 0.3443955338658128 off 0.33683894741116366 neg 0.3187655187230236	false	0.5
bankrott	neg 1.0		off 0.34910142073582495 __DUMMY__ 0.34205855194781415 neg 0.30884002731636084	false	0.5
trauern	neg 1.0		__DUMMY__ 0.3451350880455348 off 0.3418503839233329 neg 0.31301452803113244	false	0.5
ablehnung	neg 1.0		__DUMMY__ 0.3418235679972176 off 0.34109583903322976 neg 0.31708059296955254	false	0.5
stur	neg 1.0		off 0.3460294122227652 __DUMMY__ 0.3421294853429834 neg 0.31184110243425145	false	0.5
aufruhr	neg 1.0		off 0.3441114576027812 __DUMMY__ 0.3437582428145404 neg 0.3121302995826784	false	0.5
melancholie	neg 1.0		__DUMMY__ 0.3447484155685434 off 0.34304504467659547 neg 0.31220653975486107	false	0.5
ist			off 0.34657491869434764 __DUMMY__ 0.3423638359393471 neg 0.31106124536630525	false	0.0
torheit	neg 1.0		off 0.34467565891243124 __DUMMY__ 0.34167199325213005 neg 0.3136523478354387	false	0.5
dreckskind	off 1.0		off 0.35618732363668854 __DUMMY__ 0.3386393872651858 neg 0.3051732890981257	false	1.0
umtauschen	neg 1.0		off 0.3446372566896207 __DUMMY__ 0.3434794667487091 neg 0.31188327656167014	false	0.5
zum			__DUMMY__ 0.34832121692554735 off 0.33701089497426223 neg 0.31466788810019036	false	0.0
zersetzen	neg 1.0		__DUMMY__ 0.34354987906555384 off 0.3387761526759418 neg 0.31767396825850436	false	0.5
zur			__DUMMY__ 0.346648338366539 off 0.3347435719392043 neg 0.3186080896942567	false	0.0
frust	neg 1.0		__DUMMY__ 0.3439754883014852 off 0.34349423455763173 neg 0.31253027714088294	false	0.5
unerbittlichkeit	neg 1.0		__DUMMY__ 0.343590951801103 off 0.3389441715030539 neg 0.31746487669584306	false	0.5
zwei			__DUMMY__ 0.347205235643257 off 0.3388472232049112 neg 0.31394754115183177	false	0.0
unkorrekt	neg 1.0		off 0.3509071420374386 __DUMMY__ 0.3381386241305482 neg 0.3109542338320133	false	0.5
hexe	off 1.0		off 0.3499262965939136 __DUMMY__ 0.34035872778393805 neg 0.3097149756221484	false	1.0
lasch	neg 1.0		off 0.34727992508214284 __DUMMY__ 0.3401548972800166 neg 0.3125651776378406	false	0.5
rivale	neg 1.0		off 0.3535341717023042 __DUMMY__ 0.34148425164417906 neg 0.30498157665351666	false	0.5
mutlos	off 1.0	off 1.0	off 0.6577372017738742 neg 0.17574138245620624 __DUMMY__ 0.16652141576991958	false	1.0
wirr	off 1.0		off 0.3516416675980497 __DUMMY__ 0.3385509847818625 neg 0.30980734762008777	false	1.0
jahr			__DUMMY__ 0.34606111656624033 off 0.3401406079444428 neg 0.31379827548931694	false	0.0
wird			__DUMMY__ 0.3438885863562304 off 0.3414394734162385 neg 0.3146719402275311	false	0.0
strafbar	neg 1.0		__DUMMY__ 0.3431349978188114 off 0.3402746057682767 neg 0.31659039641291203	false	0.5
erosion	neg 1.0		off 0.3461180799428819 __DUMMY__ 0.3437458104201188 neg 0.31013610963699934	false	0.5
eingehen	neg 1.0		__DUMMY__ 0.3425997630880086 off 0.34098019190656287 neg 0.3164200450054286	false	0.5
faul	off 1.0		off 0.34997520772573376 __DUMMY__ 0.3425674788078638 neg 0.3074573134664025	false	1.0
provisorium	neg 1.0		__DUMMY__ 0.34790394121072715 off 0.33327859220960454 neg 0.3188174665796684	false	0.5
schmerzen	neg 1.0		off 0.34516365083502815 __DUMMY__ 0.34349653655663986 neg 0.31133981260833193	false	0.5
schrumpfen	neg 1.0		__DUMMY__ 0.34521956783111446 off 0.33414208789350336 neg 0.3206383442753822	false	0.5
geistlos	off 1.0		off 0.34534542573657945 __DUMMY__ 0.3395517495832463 neg 0.31510282468017425	false	1.0
fehlkauf	neg 1.0		off 0.34627922723630217 __DUMMY__ 0.3420779188701761 neg 0.3116428538935218	false	0.5
frustrierend	neg 1.0		off 0.3495298739157437 __DUMMY__ 0.34243802992149436 neg 0.308032096162762	false	0.5
unzufrieden	neg 1.0		__DUMMY__ 0.3427650913296058 off 0.34184387613368106 neg 0.315391032536713	false	0.5
verzweifeln	neg 1.0		off 0.34440847893177384 __DUMMY__ 0.34329107537811465 neg 0.31230044569011145	false	0.5
verzweifelt	neg 1.0		off 0.34630178534392575 __DUMMY__ 0.34233092383089136 neg 0.3113672908251829	false	0.5
misstrauensantrag	neg 1.0		off 0.34692727604563256 __DUMMY__ 0.3419151509817676 neg 0.3111575729725999	false	0.5
abfallen	neg 1.0		off 0.3472643058751021 __DUMMY__ 0.34395126886515576 neg 0.30878442525974215	false	0.5
fucker	off 1.0		off 0.35151710748456466 __DUMMY__ 0.34003838278203674 neg 0.3084445097333986	false	1.0
ungezogen	neg 1.0		off 0.3598711314034948 __DUMMY__ 0.3384150616380399 neg 0.3017138069584652	false	0.5
irrsinnig	neg 1.0	neg 1.0	neg 0.6428592019318072 off 0.19096675266582985 __DUMMY__ 0.16617404540236286	false	1.0
unfassbar	neg 1.0		off 0.3501645104342334 __DUMMY__ 0.3405433931845374 neg 0.3092920963812293	false	0.5
hart	neg 1.0		off 0.34843102873632836 __DUMMY__ 0.34178488198301255 neg 0.309784089280659	false	0.5
widerlich	off 1.0		off 0.3508386567680169 __DUMMY__ 0.33988357271191555 neg 0.30927777052006744	false	1.0
fatal	neg 1.0		off 0.3466473515989398 __DUMMY__ 0.3421020691968085 neg 0.31125057920425164	false	0.5
bruch	neg 1.0		__DUMMY__ 0.34490386241689897 off 0.3375956340847874 neg 0.31750050349831355	false	0.5
aushungern	neg 1.0		off 0.3425137703817963 __DUMMY__ 0.3421105837643115 neg 0.3153756458538923	false	0.5
anspannung	neg 1.0	neg 1.0	neg 0.6426001285746912 off 0.18702589310427487 __DUMMY__ 0.170373978321034	false	1.0
von			__DUMMY__ 0.34610247499347624 off 0.3393110561909242 neg 0.31458646881559954	false	0.0
kraftlos	neg 1.0		__DUMMY__ 0.34545756648793113 off 0.3441654868353975 neg 0.3103769466766713	false	0.5
vom			__DUMMY__ 0.3487466378169558 off 0.3347665204504214 neg 0.316486841732623	false	0.0
grenzdebil	off 1.0		off 0.3517283800349324 __DUMMY__ 0.34084050815139955 neg 0.30743111181366795	false	1.0
vor			__DUMMY__ 0.3455024588218097 off 0.33949707603787294 neg 0.3150004651403173	false	0.0
unterwerfen	neg 1.0		__DUMMY__ 0.3437378111744192 off 0.34057242248714675 neg 0.3156897663384341	false	0.5
versenkung	neg 1.0		__DUMMY__ 0.3441198873067411 off 0.3405170720419685 neg 0.3153630406512903	false	0.5
entziehen	neg 1.0		__DUMMY__ 0.3446986160993058 off 0.33793173231852275 neg 0.3173696515821714	false	0.5
finanzkrise	neg 1.0		off 0.3424043378753733 __DUMMY__ 0.34174602350259375 neg 0.3158496386220329	false	0.5
schimpfend	neg 1.0		off 0.34726862802644703 __DUMMY__ 0.34428453559071925 neg 0.30844683638283377	false	0.5
profan	neg 1.0		off 0.34775240179722977 __DUMMY__ 0.34196176249699234 neg 0.3102858357057779	false	0.5
korruption	neg 1.0		__DUMMY__ 0.34203934942086583 off 0.34034984046762906 neg 0.317610810111505	false	0.5
â			__DUMMY__ 0.3442510990962449 off 0.3414910523770854 neg 0.3142578485266697	false	0.0
schmutzig	neg 1.0		off 0.3518368329793831 __DUMMY__ 0.34182059309654483 neg 0.3063425739240721	false	0.5
sexy	neg 1.0		off 0.3485132126311081 __DUMMY__ 0.342006242424672 neg 0.3094805449442199	false	0.5
abraten	neg 1.0		off 0.34656726917327324 __DUMMY__ 0.3421066084220587 neg 0.31132612240466795	false	0.5
schwarz	neg 1.0		off 0.34583513971481755 __DUMMY__ 0.3420271567001844 neg 0.312137703584998	false	0.5
fotze	off 1.0		__DUMMY__ 0.34339566599080534 off 0.3402946661658886 neg 0.31630966784330605	false	1.0
verwirren	neg 1.0		off 0.347924470395531 __DUMMY__ 0.341866178040078 neg 0.310209351564391	false	0.5
zahnlos	off 1.0		__DUMMY__ 0.3426682537304941 off 0.3418038024403196 neg 0.31552794382918625	false	1.0
verheeren	neg 1.0		off 0.36141444922045407 __DUMMY__ 0.3389496015578168 neg 0.29963594922172904	false	0.5
hippie	neg 1.0		off 0.3477405593830664 __DUMMY__ 0.3418521885482425 neg 0.310407252068691	false	0.5
rammen	neg 1.0		off 0.3462822652015413 __DUMMY__ 0.34334268191216716 neg 0.31037505288629147	false	0.5
unlauter	neg 1.0		off 0.34265606047030084 __DUMMY__ 0.33963733816100533 neg 0.31770660136869383	false	0.5
unheilvoll	neg 1.0		off 0.3483526028608017 __DUMMY__ 0.3435932682316552 neg 0.308054128907543	false	0.5
niedrig	neg 1.0		__DUMMY__ 0.34524474852049 off 0.34079298564902477 neg 0.31396226583048537	false	0.5
explosion	neg 1.0		off 0.3470655649279667 __DUMMY__ 0.3418375016055557 neg 0.31109693346647754	false	0.5
weichei	off 1.0		off 0.3564692573883261 __DUMMY__ 0.33883397286705114 neg 0.30469676974462295	false	1.0
minusmensch	off 1.0		off 0.35805715628619417 __DUMMY__ 0.33528985021689706 neg 0.3066529934969088	false	1.0
farblos	neg 1.0		__DUMMY__ 0.3455387944915448 off 0.34548560918319976 neg 0.30897559632525556	false	0.5
unwissend	neg 1.0	neg 1.0	neg 0.6413676911637896 off 0.1933192037020246 __DUMMY__ 0.1653131051341859	false	1.0
traurig	neg 1.0		off 0.35378324022064433 __DUMMY__ 0.3403481457474441 neg 0.3058686140319117	false	0.5
senkung	neg 1.0		off 0.34612517138609067 __DUMMY__ 0.34026987160668787 neg 0.3136049570072215	false	0.5
ungleich	neg 1.0	neg 1.0	neg 0.6457777586455512 off 0.1875717995805062 __DUMMY__ 0.16665044177394267	false	1.0
heikel	neg 1.0		__DUMMY__ 0.34342909498687507 off 0.3388831160410907 neg 0.31768778897203437	false	0.5
drosselung	neg 1.0		off 0.351220365630017 __DUMMY__ 0.34104618622065735 neg 0.3077334481493257	false	0.5
falsch	neg 1.0		off 0.34928382208337605 __DUMMY__ 0.34172334075073524 neg 0.3089928371658888	false	0.5
unzufriedenheit	neg 1.0		__DUMMY__ 0.3439694317417459 off 0.3385671447647565 neg 0.3174634234934976	false	0.5
kurz	neg 1.0		__DUMMY__ 0.34466691169210806 off 0.34408432552117374 neg 0.31124876278671826	false	0.5
unsinnig	neg 1.0		__DUMMY__ 0.3419521825521525 off 0.3418720591899954 neg 0.31617575825785216	false	0.5
penner	off 1.0	off 1.0	off 0.6682742777704674 neg 0.16751721983965012 __DUMMY__ 0.16420850238988235	false	1.0
seicht	neg 1.0		off 0.3583129303764873 __DUMMY__ 0.3367398005866252 neg 0.30494726903688746	false	0.5
dummheit	off 1.0	off 1.0	off 0.6618617547291535 neg 0.17236272822269724 __DUMMY__ 0.16577551704814925	false	1.0
unerfreulich	neg 1.0		__DUMMY__ 0.34480935202210733 off 0.33882963282964307 neg 0.3163610151482496	false	0.5
motherfucker	off 1.0	off 1.0	off 0.6642209436057109 neg 0.17081865065896845 __DUMMY__ 0.16496040573532056	false	1.0
pikiert	neg 1.0		off 0.3495947115527289 __DUMMY__ 0.34006451113824054 neg 0.31034077730903054	false	0.5
wrack	neg 1.0		__DUMMY__ 0.3449359331902851 off 0.34116685534548136 neg 0.31389721146423355	false	0.5
gangster	neg 1.0		off 0.34753992589252347 __DUMMY__ 0.3421903644328829 neg 0.3102697096745936	false	0.5
krank	neg 1.0		off 0.3527135662022798 __DUMMY__ 0.3416801630448325 neg 0.3056062707528878	false	0.5
reich	neg 1.0		off 0.347638634997226 __DUMMY__ 0.3397041106719966 neg 0.31265725433077757	false	0.5
gnadenlos	neg 1.0		off 0.3458207549701943 __DUMMY__ 0.34281684140033775 neg 0.3113624036294679	false	0.5
niedergeschlagen	neg 1.0		__DUMMY__ 0.3448284703468812 off 0.3446539675990281 neg 0.3105175620540908	false	0.5
terrorisieren	off 1.0	off 1.0	off 0.658739116108141 neg 0.17385484897336292 __DUMMY__ 0.1674060349184961	false	1.0
sinnlosigkeit	neg 1.0		__DUMMY__ 0.34298265631710595 off 0.34223424682027936 neg 0.3147830968626146	false	0.5
behindern	neg 1.0		off 0.3433918323941488 __DUMMY__ 0.3425634736757604 neg 0.3140446939300908	false	0.5
undemokratisch	neg 1.0		off 0.3438674948115649 __DUMMY__ 0.3407085884415495 neg 0.3154239167468855	false	0.5
wirtschaftskrise	neg 1.0		__DUMMY__ 0.34282318747442614 off 0.34035398013250556 neg 0.3168228323930683	false	0.5
neid	neg 1.0		off 0.3510027820695118 __DUMMY__ 0.34291678904904904 neg 0.3060804288814393	false	0.5
rutschen	neg 1.0		__DUMMY__ 0.3476220295450342 off 0.33915522483148375 neg 0.3132227456234822	false	0.5
rezession	neg 1.0		off 0.35353161580517345 __DUMMY__ 0.3387982603095352 neg 0.30767012388529125	false	0.5
fehlgeburt	neg 1.0		off 0.34827040737165593 __DUMMY__ 0.3438936042258484 neg 0.3078359884024956	false	0.5
charakterschwach	off 1.0		off 0.35101325925058713 __DUMMY__ 0.3406512959350639 neg 0.30833544481434894	false	1.0
isolation	neg 1.0		off 0.3493091782158182 __DUMMY__ 0.3422323408521298 neg 0.30845848093205214	false	0.5
ablenkung	neg 1.0		off 0.3452804726672872 __DUMMY__ 0.34306640033079483 neg 0.31165312700191794	false	0.5
pech	neg 1.0		off 0.3493347474404126 __DUMMY__ 0.34226838865167014 neg 0.3083968639079173	false	0.5
vermeidung	neg 1.0		off 0.3505683060718325 __DUMMY__ 0.3398205193691268 neg 0.30961117455904075	false	0.5
dominieren	neg 1.0		__DUMMY__ 0.3453708268532226 off 0.3423198025999365 neg 0.3123093705468409	false	0.5
schwindlig	neg 1.0		off 0.3494980707718667 __DUMMY__ 0.34460662321435176 neg 0.30589530601378156	false	0.5
lutscher	neg 1.0		off 0.35929942919303953 __DUMMY__ 0.3368783853724601 neg 0.30382218543450035	false	0.5
pflicht	neg 1.0		__DUMMY__ 0.3436243741747518 off 0.33882131419062367 neg 0.3175543116346246	false	0.5
faschist	off 1.0		off 0.34614968113817524 __DUMMY__ 0.34006731274305163 neg 0.3137830061187731	false	1.0
verschleudern	neg 1.0		__DUMMY__ 0.3413075704094099 off 0.3381009847448767 neg 0.3205914448457133	false	0.5
wenn			off 0.3494559512529296 __DUMMY__ 0.3415973863192195 neg 0.3089466624278509	false	0.0
ehebruch	neg 1.0		__DUMMY__ 0.34350629279713124 off 0.34112322392836814 neg 0.3153704832745006	false	0.5
spott	off 1.0		__DUMMY__ 0.3428712513370831 off 0.3398715889998566 neg 0.3172571596630602	false	1.0
trostlosigkeit	neg 1.0		__DUMMY__ 0.3448669746214485 off 0.33842873070850177 neg 0.3167042946700497	false	0.5
lutschen	neg 1.0		off 0.3469122343739881 __DUMMY__ 0.3415394935496045 neg 0.31154827207640734	false	0.5
undiszipliniert	neg 1.0		off 0.35323277241121426 __DUMMY__ 0.34097518049699044 neg 0.30579204709179536	false	0.5
kopfschmerz	neg 1.0		__DUMMY__ 0.3449123369682669 off 0.34460755259085313 neg 0.31048011044088003	false	0.5
unvorhergesehen	neg 1.0		__DUMMY__ 0.34613736615821 off 0.34258677151162154 neg 0.31127586233016846	false	0.5
desinteressiert	neg 1.0		off 0.35220026347009203 __DUMMY__ 0.3399857146348252 neg 0.30781402189508283	false	0.5
armselig	off 1.0		off 0.35241681159348104 __DUMMY__ 0.3387573780683563 neg 0.3088258103381627	false	1.0
desaster	neg 1.0		__DUMMY__ 0.34414597653840767 off 0.33620292899845106 neg 0.3196510944631414	false	0.5
tod	neg 1.0		__DUMMY__ 0.3452083058192068 off 0.3424721151666835 neg 0.31231957901410956	false	0.5
herzlos	neg 1.0		off 0.35371141978939225 __DUMMY__ 0.33952166277197937 neg 0.30676691743862833	false	0.5
unwissenheit	neg 1.0		__DUMMY__ 0.3418897886806947 off 0.34100344466396876 neg 0.3171067666553366	false	0.5
widersinnig	neg 1.0	neg 1.0	neg 0.6464683369685691 off 0.18813602050266817 __DUMMY__ 0.1653956425287628	false	1.0
bedenklich	neg 1.0		__DUMMY__ 0.34303305814553514 off 0.3404048908226194 neg 0.3165620510318454	false	0.5
beanstanden	neg 1.0		__DUMMY__ 0.3438874874459297 off 0.33823181780853784 neg 0.31788069474553254	false	0.5
panisch	neg 1.0	neg 1.0	neg 0.6388423146235602 off 0.19339831399139262 __DUMMY__ 0.16775937138504707	false	1.0
debil	off 1.0		__DUMMY__ 0.3461750023585779 off 0.3338492399621245 neg 0.3199757576792975	false	1.0
abstrich	neg 1.0		__DUMMY__ 0.3427487131636117 off 0.34077009369939065 neg 0.31648119313699763	false	0.5
primitiv	neg 1.0		off 0.3514083293265385 __DUMMY__ 0.33991811440709435 neg 0.3086735562663672	false	0.5
abschaum	off 1.0	off 1.0	off 0.6631660031651859 neg 0.1713351833964595 __DUMMY__ 0.16549881343835457	false	1.0
provozieren	neg 1.0		off 0.34510225512656123 __DUMMY__ 0.34219935809383684 neg 0.31269838677960204	false	0.5
tot	neg 1.0		__DUMMY__ 0.342688059431055 off 0.33960374438723184 neg 0.3177081961817132	false	0.5
instabil	neg 1.0		off 0.3497254566035244 __DUMMY__ 0.3382215200920596 neg 0.31205302330441603	false	0.5
schwuchtel	off 1.0		off 0.3640618458045336 __DUMMY__ 0.33560718051588434 neg 0.3003309736795821	false	1.0
zerren	neg 1.0		__DUMMY__ 0.34478426614249635 off 0.34470663190312273 neg 0.310509101954381	false	0.5
kinderficker	off 1.0		off 0.35435547057809336 __DUMMY__ 0.3373486366270125 neg 0.30829589279489406	false	1.0
gefahr	neg 1.0		__DUMMY__ 0.34480558103299636 off 0.3394173498438918 neg 0.315777069123112	false	0.5
rabiat	neg 1.0		off 0.3444559733294724 __DUMMY__ 0.3424235436199137 neg 0.313120483050614	false	0.5
verlangsamung	neg 1.0		off 0.35768943688931876 __DUMMY__ 0.33860848552573974 neg 0.3037020775849414	false	0.5
ausgestorben	neg 1.0		off 0.3448529972072951 __DUMMY__ 0.3439214636065027 neg 0.31122553918620227	false	0.5
anklagen	neg 1.0		__DUMMY__ 0.3429474564464328 off 0.3425099163559843 neg 0.3145426271975828	false	0.5
trott	neg 1.0		off 0.34431677721306353 __DUMMY__ 0.3434032667869478 neg 0.3122799559999886	false	0.5
verminderung	neg 1.0		off 0.3512402368850775 __DUMMY__ 0.339427350677126 neg 0.3093324124377967	false	0.5
nach			__DUMMY__ 0.3490044074825904 off 0.33815304855956607 neg 0.3128425439578435	false	0.0
rost	neg 1.0		off 0.35667715852904386 __DUMMY__ 0.3393277000584388 neg 0.30399514141251727	false	0.5
destruktiv	neg 1.0		off 0.34279944523919115 __DUMMY__ 0.34119340555221633 neg 0.3160071492085927	false	0.5
unzumutbarkeit	neg 1.0		off 0.3498561087704227 __DUMMY__ 0.34166578939178993 neg 0.3084781018377874	false	0.5
labil	off 1.0	off 1.0	off 0.6631098246789995 neg 0.17135154149407755 __DUMMY__ 0.16553863382692297	false	1.0
ziemlich	neg 1.0		off 0.35146267513684243 __DUMMY__ 0.34145848108637145 neg 0.307078843776786	false	0.5
lachnummer	off 1.0		off 0.3436086821440323 __DUMMY__ 0.3418983307905214 neg 0.3144929870654463	false	1.0
oder			off 0.3456191074700119 __DUMMY__ 0.343512403670931 neg 0.3108684888590571	false	0.0
verfall	neg 1.0		__DUMMY__ 0.3454394463972993 off 0.3343602570635262 neg 0.3202002965391744	false	0.5
ausgrenzung	neg 1.0		off 0.3450900441286325 __DUMMY__ 0.3410019824541131 neg 0.3139079734172544	false	0.5
unordnung	neg 1.0		off 0.35066624853143324 __DUMMY__ 0.3414100941140697 neg 0.307923657354497	false	0.5
fehlverhalten	neg 1.0		__DUMMY__ 0.34355373255548033 off 0.3391824839418567 neg 0.3172637835026631	false	0.5
eine			__DUMMY__ 0.34454403753322693 off 0.3391650483921817 neg 0.31629091407459137	false	0.0
nille	neg 1.0		off 0.34328967299568613 __DUMMY__ 0.3430644757955242 neg 0.3136458512087898	false	0.5
qual	neg 1.0		off 0.3440430571623407 __DUMMY__ 0.3433662859237341 neg 0.31259065691392535	false	0.5
verschwenden	neg 1.0		__DUMMY__ 0.34328591802078334 off 0.34124740948215077 neg 0.31546667249706584	false	0.5
riesig	neg 1.0	neg 1.0	neg 0.6424077022807472 off 0.18938765228173216 __DUMMY__ 0.16820464543752064	false	1.0
verurteilen	neg 1.0		__DUMMY__ 0.3430288330405306 off 0.3419803393126521 neg 0.31499082764681724	false	0.5
klischee	neg 1.0	neg 1.0	neg 0.6424248696666995 off 0.19219202520639384 __DUMMY__ 0.1653831051269066	false	1.0
diktatorisch	neg 1.0		off 0.34417259904957115 __DUMMY__ 0.340193125873717 neg 0.3156342750767118	false	0.5
vorhersehbar	neg 1.0	neg 1.0	neg 0.6421287301489159 off 0.192054854261843 __DUMMY__ 0.16581641558924107	false	1.0
sowie			off 0.3554403438709106 __DUMMY__ 0.3386762625045751 neg 0.30588339362451433	false	0.0
stornieren	neg 1.0		off 0.3471846207409664 __DUMMY__ 0.3447975005364553 neg 0.3080178787225785	false	0.5
besteuerung	neg 1.0		off 0.34361041843240864 __DUMMY__ 0.34057247770651394 neg 0.3158171038610775	false	0.5
ungeschminkt	neg 1.0		off 0.3508544287102882 __DUMMY__ 0.34031471026315224 neg 0.30883086102655954	false	0.5
kritisch	neg 1.0		__DUMMY__ 0.342911763076006 off 0.340011257572009 neg 0.3170769793519849	false	0.5
schlamperei	off 1.0		__DUMMY__ 0.34290646905198946 off 0.33863947184416454 neg 0.318454059103846	false	1.0
sucht	neg 1.0	neg 1.0	neg 0.6416481646197629 off 0.19099293908446593 __DUMMY__ 0.16735889629577108	false	1.0
egoistisch	off 1.0		off 0.35657030188842875 __DUMMY__ 0.3391546698178722 neg 0.30427502829369907	false	1.0
ausbeuter	off 1.0		__DUMMY__ 0.34282700696343954 off 0.33842045091374595 neg 0.31875254212281445	false	1.0
arschgeburt	off 1.0		off 0.36387881531232086 __DUMMY__ 0.3352032232983639 neg 0.3009179613893152	false	1.0
schubs	neg 1.0	neg 1.0	neg 0.6416935684272186 off 0.1901673112355139 __DUMMY__ 0.1681391203372675	false	1.0
unsolide	neg 1.0		off 0.3433167402558983 __DUMMY__ 0.33833947317041063 neg 0.318343786573691	false	0.5
beschwerde	neg 1.0		__DUMMY__ 0.3430885920524205 off 0.339069869757462 neg 0.31784153819011746	false	0.5
stocken	neg 1.0		__DUMMY__ 0.34416071515463187 off 0.34074064715162683 neg 0.3150986376937413	false	0.5
isolieren	neg 1.0		__DUMMY__ 0.3434929970047976 off 0.3416997222866827 neg 0.31480728070851977	false	0.5
unheilbar	neg 1.0		off 0.34661024430317 __DUMMY__ 0.34430226865235725 neg 0.3090874870444727	false	0.5
pisser	off 1.0		off 0.3525899147060161 __DUMMY__ 0.340878334925719 neg 0.306531750368265	false	1.0
löschen	neg 1.0		off 0.3446762482344097 __DUMMY__ 0.3430937526552966 neg 0.31222999911029353	false	0.5
durchfallen	neg 1.0		__DUMMY__ 0.3422441892748573 off 0.34121268817234596 neg 0.31654312255279676	false	0.5
wichser	off 1.0		off 0.3615064204537443 __DUMMY__ 0.3376410385564905 neg 0.3008525409897652	false	1.0
terror	neg 1.0		off 0.34825192980427705 __DUMMY__ 0.34291298119833097 neg 0.3088350889973919	false	0.5
krass	neg 1.0		off 0.3542920169565757 __DUMMY__ 0.3394313027632992 neg 0.30627668028012506	false	0.5
revolte	neg 1.0		off 0.34582684279147063 __DUMMY__ 0.34094364327992166 neg 0.31322951392860776	false	0.5
besorgt	neg 1.0		__DUMMY__ 0.34527155958279077 off 0.3439986180866197 neg 0.3107298223305897	false	0.5
nachlassen	neg 1.0		__DUMMY__ 0.3444180954913214 off 0.34052832221446183 neg 0.31505358229421676	false	0.5
alt	neg 1.0		__DUMMY__ 0.3441789154565786 off 0.3417361187377333 neg 0.31408496580568823	false	0.5
hundesohn	off 1.0		off 0.35873459799143204 __DUMMY__ 0.33691451392956856 neg 0.30435088807899935	false	1.0
als			__DUMMY__ 0.34428143512436726 off 0.34344424172694443 neg 0.3122743231486883	false	0.0
abschreckung	neg 1.0		__DUMMY__ 0.34464377974918015 off 0.3382250209576178 neg 0.317131199293202	false	0.5
unqualifiziert	neg 1.0		off 0.34614461688043385 __DUMMY__ 0.33932374293269 neg 0.3145316401868761	false	0.5
abgewichst	off 1.0		__DUMMY__ 0.3434335462895695 off 0.34279723968277387 neg 0.31376921402765656	false	1.0
schwer	neg 1.0		off 0.34503385665860387 __DUMMY__ 0.343388697969579 neg 0.3115774453718171	false	0.5
bedeutungslosigkeit	neg 1.0		__DUMMY__ 0.34396188724471843 off 0.33883201035699273 neg 0.31720610239828895	false	0.5
kapitulation	neg 1.0		__DUMMY__ 0.34239708905372696 off 0.33938510072185724 neg 0.3182178102244158	false	0.5
unscharf	neg 1.0		off 0.347024189668324 __DUMMY__ 0.3417638743041352 neg 0.31121193602754077	false	0.5
schwinden	neg 1.0		__DUMMY__ 0.34446595689266457 off 0.33913485539068416 neg 0.3163991877166512	false	0.5
versklavung	neg 1.0		off 0.3441162109752149 __DUMMY__ 0.3406666217550707 neg 0.3152171672697143	false	0.5
schlecht	neg 1.0		off 0.3517175260534729 __DUMMY__ 0.34162756459740706 neg 0.30665490934912	false	0.5
verhasst	neg 1.0		off 0.3455727042946981 __DUMMY__ 0.342172356792312 neg 0.31225493891298983	false	0.5
beschweren	neg 1.0		off 0.34677778301723605 __DUMMY__ 0.34234028779563574 neg 0.31088192918712826	false	0.5
scheiden	neg 1.0		off 0.34651574915744554 __DUMMY__ 0.34464363513961704 neg 0.3088406157029374	false	0.5
frustriert	neg 1.0		off 0.343705277955775 __DUMMY__ 0.34346103368794917 neg 0.31283368835627584	false	0.5
schimmelig	neg 1.0		__DUMMY__ 0.3447537055381303 off 0.3413695765025957 neg 0.31387671795927413	false	0.5
fisch	neg 1.0		__DUMMY__ 0.3457942247638113 off 0.3404439919102101 neg 0.31376178332597854	false	0.5
schmuggel	neg 1.0		__DUMMY__ 0.3464156540088204 off 0.34082494572130245 neg 0.3127594002698771	false	0.5
auffallen	neg 1.0		off 0.3475562970273656 __DUMMY__ 0.34220800760700676 neg 0.3102356953656276	false	0.5
konkurrenz	neg 1.0	neg 1.0	neg 0.6453170039560054 off 0.18685447777547423 __DUMMY__ 0.16782851826852033	false	1.0
teufelskreis	neg 1.0		off 0.3442095908007588 __DUMMY__ 0.34322485754747717 neg 0.31256555165176414	false	0.5
aufschreien	neg 1.0		off 0.3469282643620917 __DUMMY__ 0.34160284899078425 neg 0.3114688866471241	false	0.5
schuldner	neg 1.0		__DUMMY__ 0.3441526137239627 off 0.33914970675315426 neg 0.3166976795228831	false	0.5
missgeburt	off 1.0	off 1.0	off 0.6666483612702622 neg 0.16888785992508248 __DUMMY__ 0.16446377880465532	false	1.0
arbeitslos	neg 1.0		__DUMMY__ 0.3423703624929159 off 0.341634999636621 neg 0.315994637870463	false	0.5
befallen	neg 1.0		__DUMMY__ 0.34342084276371637 off 0.34308303369175464 neg 0.3134961235445291	false	0.5
miesepetrig	off 1.0	off 1.0	off 0.664463423034305 neg 0.1694535296730614 __DUMMY__ 0.16608304729263362	false	1.0
alarmieren	neg 1.0		off 0.348743692396967 __DUMMY__ 0.34067935930833 neg 0.31057694829470295	false	0.5
ungeduscht	off 1.0		off 0.34926295157632864 __DUMMY__ 0.3424280403458936 neg 0.3083090080777777	false	1.0
knappheit	neg 1.0		__DUMMY__ 0.342413850197669 off 0.3395110192161103 neg 0.3180751305862206	false	0.5
schlange	neg 1.0		off 0.34800901284336566 __DUMMY__ 0.34399783354461155 neg 0.30799315361202284	false	0.5
harsch	neg 1.0		off 0.3559209964045026 __DUMMY__ 0.3406616913309262 neg 0.3034173122645711	false	0.5
lang	neg 1.0		off 0.34532305908515665 __DUMMY__ 0.3431848016649704 neg 0.31149213924987296	false	0.5
ziellos	neg 1.0		__DUMMY__ 0.3450001177151439 off 0.34325309512875274 neg 0.31174678715610327	false	0.5
selbstverliebt	neg 1.0		off 0.36129032806960687 __DUMMY__ 0.335968412581436 neg 0.30274125934895724	false	0.5
beseitigen	neg 1.0		off 0.3434980664186256 __DUMMY__ 0.3430557385801426 neg 0.3134461950012317	false	0.5
dumm	off 1.0		off 0.3570176511147572 __DUMMY__ 0.33815228551099996 neg 0.30483006337424273	false	1.0
arbeitsloser	neg 1.0		__DUMMY__ 0.3437774066958001 off 0.34163063873195404 neg 0.314591954572246	false	0.5
blitzen	neg 1.0		off 0.34815791209300845 __DUMMY__ 0.34207559929793674 neg 0.30976648860905487	false	0.5
hilflos	neg 1.0		__DUMMY__ 0.3439336619545074 off 0.34353061929121903 neg 0.31253571875427366	false	0.5
eklig	off 1.0		off 0.35836455679818363 __DUMMY__ 0.3387043636180424 neg 0.30293107958377397	false	1.0
begriff			off 0.34268433880390575 __DUMMY__ 0.3423204529277794 neg 0.31499520826831484	false	0.0
hungersnot	neg 1.0		__DUMMY__ 0.3440303230517016 off 0.3432965647267695 neg 0.3126731122215289	false	0.5
ungesetzlich	neg 1.0		off 0.34408684627621355 __DUMMY__ 0.3390031597352233 neg 0.31690999398856295	false	0.5
verschwendung	neg 1.0		__DUMMY__ 0.3439920934641751 off 0.34019386282129005 neg 0.315814043714535	false	0.5
schmerzvoll	neg 1.0		off 0.34702682285932324 __DUMMY__ 0.3426989609325633 neg 0.31027421620811346	false	0.5
vorzeitig	neg 1.0		off 0.3490475914354061 __DUMMY__ 0.3431879177243439 neg 0.30776449084025015	false	0.5
unvollkommenheit	neg 1.0		__DUMMY__ 0.3463701834510664 off 0.34447258827770094 neg 0.30915722827123265	false	0.5
intervenieren	neg 1.0		__DUMMY__ 0.3426189987855968 off 0.3386210503144515 neg 0.31875995089995174	false	0.5
banause	off 1.0		off 0.3595291846002663 __DUMMY__ 0.3369197482455701 neg 0.30355106715416363	false	1.0
rebell	neg 1.0		__DUMMY__ 0.34496361669584513 off 0.3366468628472606 neg 0.31838952045689434	false	0.5
unlogisch	neg 1.0		off 0.353427672220921 __DUMMY__ 0.33966717595944546 neg 0.3069051518196335	false	0.5
leiden	neg 1.0		__DUMMY__ 0.34695399477594957 off 0.3419621948813739 neg 0.3110838103426766	false	0.5
abschaffung	neg 1.0		off 0.3435099026478631 __DUMMY__ 0.34076161801003324 neg 0.31572847934210374	false	0.5
sturz	neg 1.0		off 0.3454674691102054 __DUMMY__ 0.3439476191798885 neg 0.31058491170990626	false	0.5
verkleinerung	neg 1.0		off 0.3460316334287236 __DUMMY__ 0.339751770598891 neg 0.31421659597238544	false	0.5
schmarotzer	off 1.0		__DUMMY__ 0.3419850068401891 off 0.34115100172437807 neg 0.31686399143543287	false	1.0
bestrafung	neg 1.0		off 0.34605914998319287 __DUMMY__ 0.3422793518105967 neg 0.31166149820621064	false	0.5
achtlos	neg 1.0		off 0.3454791243241121 __DUMMY__ 0.3440222941278954 neg 0.3104985815479923	false	0.5
ungeheuer	neg 1.0		off 0.3482141200542512 __DUMMY__ 0.3421744609376269 neg 0.30961141900812184	false	0.5
unaufrichtig	neg 1.0		off 0.3463444996368202 __DUMMY__ 0.3412878707485782 neg 0.3123676296146017	false	0.5
groggy	neg 1.0		off 0.34720998220420984 __DUMMY__ 0.3416805956820028 neg 0.3111094221137874	false	0.5
verletzlich	neg 1.0		off 0.35249422571259087 __DUMMY__ 0.3406648036780546 neg 0.3068409706093546	false	0.5
ablehnen	neg 1.0		__DUMMY__ 0.34291040449817795 off 0.3407839451111597 neg 0.31630565039066244	false	0.5
