unsolidarisch	neg 1.0		off 0.5152799894318897 neg 0.47732311739191163 __DUMMY__ 0.007396893176198593	false	0.5
nachteilig	neg 1.0		off 0.5151529616611857 neg 0.4773642120656627 __DUMMY__ 0.007482826273151471	false	0.5
skeptisch	neg 1.0		off 0.5145869525077318 neg 0.47792165671283954 __DUMMY__ 0.007491390779428545	false	0.5
schrecklich	neg 1.0		off 0.5290972049167265 neg 0.46350197228220413 __DUMMY__ 0.007400822801069337	false	0.5
schlapp	neg 1.0		off 0.5261073899398082 neg 0.4664413710302283 __DUMMY__ 0.007451239029963386	false	0.5
abfall	neg 1.0		off 0.5132630084913086 neg 0.4792101317131064 __DUMMY__ 0.007526859795584965	false	0.5
widerspenstig	neg 1.0		off 0.5208348640931566 neg 0.4716869335842552 __DUMMY__ 0.007478202322588208	false	0.5
abrupt	neg 1.0		off 0.5174779305834688 neg 0.47499867721592587 __DUMMY__ 0.00752339220060534	false	0.5
unwirksam	neg 1.0		off 0.5164223909184501 neg 0.47616474484185556 __DUMMY__ 0.0074128642396941325	false	0.5
angreifen	neg 1.0	neg 1.0	neg 0.723183194222829 off 0.27322247688567824 __DUMMY__ 0.003594328891492872	false	1.0
inkonsistent	neg 1.0		off 0.5205981488019394 neg 0.47194454738051755 __DUMMY__ 0.007457303817543007	false	0.5
abrutschen	neg 1.0		off 0.5135606296993657 neg 0.47891468277434834 __DUMMY__ 0.007524687526285983	false	0.5
unsicher	neg 1.0		off 0.5211917836882829 neg 0.4713225007230977 __DUMMY__ 0.007485715588619388	false	0.5
bauernkind	off 1.0	off 1.0	off 0.7493389874189643 neg 0.24713623999299705 __DUMMY__ 0.003524772588038587	false	1.0
angreifer	neg 1.0		off 0.5227527220687122 neg 0.46976272211531317 __DUMMY__ 0.007484555815974582	false	0.5
trennen	neg 1.0		off 0.5188414462643656 neg 0.47361677125001755 __DUMMY__ 0.007541782485616963	false	0.5
schmutz	neg 1.0		off 0.5272092289620511 neg 0.46524459563651466 __DUMMY__ 0.0075461754014341555	false	0.5
inkonsistenz	neg 1.0		off 0.5211276758395643 neg 0.4714786935177548 __DUMMY__ 0.007393630642680826	false	0.5
erschreckend	neg 1.0		off 0.5182745607525351 neg 0.47426106387984907 __DUMMY__ 0.007464375367615878	false	0.5
ertrinken	neg 1.0		off 0.519053454387705 neg 0.47341802378537867 __DUMMY__ 0.007528521826916301	false	0.5
pickelface	off 1.0		off 0.5174330989299843 neg 0.4750959139602902 __DUMMY__ 0.007470987109725487	false	1.0
seiner			off 0.5167643666354949 neg 0.47571897461349455 __DUMMY__ 0.00751665875101068	false	0.0
lauch	neg 1.0		off 0.5116985293605678 neg 0.48080869156217015 __DUMMY__ 0.007492779077262111	false	0.5
unwichtig	neg 1.0		off 0.5240995838833636 neg 0.46847327444769055 __DUMMY__ 0.007427141668945698	false	0.5
steuerhinterziehung	neg 1.0		off 0.516240219994624 neg 0.4763121229375439 __DUMMY__ 0.007447657067832029	false	0.5
schock	neg 1.0		off 0.5220432803706385 neg 0.47043718779665605 __DUMMY__ 0.007519531832705598	false	0.5
beule	neg 1.0		off 0.5268604945893874 neg 0.4656834459555551 __DUMMY__ 0.007456059455057565	false	0.5
vergelten	neg 1.0		off 0.5302753114365191 neg 0.46227188173028017 __DUMMY__ 0.007452806833200665	false	0.5
verdorbenheit	neg 1.0		off 0.5199400247872265 neg 0.47258236722635383 __DUMMY__ 0.007477607986419788	false	0.5
trauma	neg 1.0		off 0.5210425353888425 neg 0.4714934355780291 __DUMMY__ 0.007464029033128393	false	0.5
sinnlos	neg 1.0		off 0.5232176381695859 neg 0.46931424697608853 __DUMMY__ 0.007468114854325603	false	0.5
fettsack	off 1.0	off 1.0	off 0.7512882247088969 neg 0.24517471356817672 __DUMMY__ 0.003537061722926325	false	1.0
feige	off 1.0	off 1.0	off 0.747905945429451 neg 0.24854523239522017 __DUMMY__ 0.0035488221753287997	false	1.0
abdanken	neg 1.0		off 0.5177665186577814 neg 0.47477997559313695 __DUMMY__ 0.007453505749081603	false	0.5
wichtigtuer	off 1.0	off 1.0	off 0.7465111144260547 neg 0.249926786128308 __DUMMY__ 0.0035620994456374024	false	1.0
misslingen	neg 1.0		off 0.524578425541981 neg 0.46789963366946685 __DUMMY__ 0.007521940788552023	false	0.5
untreu	off 1.0		off 0.5254833235483582 neg 0.4670950920052638 __DUMMY__ 0.0074215844463778385	false	1.0
missmutig	neg 1.0		off 0.525283415637789 neg 0.46727294931696356 __DUMMY__ 0.007443635045247558	false	0.5
hurenbock	off 1.0		off 0.5221278354912714 neg 0.47040055441565737 __DUMMY__ 0.007471610093071297	false	1.0
betrunken	neg 1.0		off 0.5294205688217303 neg 0.4631279279776784 __DUMMY__ 0.007451503200591483	false	0.5
korrupt	off 1.0		off 0.5139594770573886 neg 0.4786150940839121 __DUMMY__ 0.00742542885869917	false	1.0
unmut	neg 1.0		off 0.5124575942143083 neg 0.48003034380118614 __DUMMY__ 0.007512061984505534	false	0.5
hackfresse	off 1.0		off 0.5313281610854333 neg 0.4613116738448388 __DUMMY__ 0.0073601650697280654	false	1.0
aufblasen	neg 1.0		off 0.5233383310868496 neg 0.4691721542190702 __DUMMY__ 0.00748951469408037	false	0.5
gewaltsam	neg 1.0		off 0.5195810353585048 neg 0.47293780089441906 __DUMMY__ 0.007481163747076147	false	0.5
unbeliebtheit	neg 1.0		off 0.5182652548520064 neg 0.47439219981739095 __DUMMY__ 0.007342545330602728	false	0.5
sturheit	neg 1.0		off 0.5179891218921144 neg 0.47455032740746045 __DUMMY__ 0.0074605507004250945	false	0.5
kuh	neg 1.0		off 0.5190057383382313 neg 0.4735595029185435 __DUMMY__ 0.00743475874322524	false	0.5
erschrecken	neg 1.0		off 0.5248947814585001 neg 0.4676513186971416 __DUMMY__ 0.007453899844358267	false	0.5
opfer	neg 1.0		off 0.517931821335701 neg 0.4745578355045029 __DUMMY__ 0.007510343159796105	false	0.5
sinken	neg 1.0		off 0.5130969905222587 neg 0.4793938554584107 __DUMMY__ 0.007509154019330646	false	0.5
stinktier	neg 1.0		off 0.528693112764369 neg 0.4639257025863422 __DUMMY__ 0.0073811846492887094	false	0.5
tucke	off 1.0		off 0.5291219937584013 neg 0.46356634657842427 __DUMMY__ 0.007311659663174579	false	1.0
ein			off 0.5218232472302978 neg 0.4706978729841128 __DUMMY__ 0.007478879785589269	false	0.0
abstieg	neg 1.0		off 0.5186296675982405 neg 0.4738301432309265 __DUMMY__ 0.007540189170833225	false	0.5
missverstehen	neg 1.0		off 0.5214266774449238 neg 0.4711400076675705 __DUMMY__ 0.007433314887505803	false	0.5
ergebnislos	neg 1.0		off 0.5155066357165643 neg 0.4770002843207944 __DUMMY__ 0.007493079962641243	false	0.5
unter			off 0.5120298967459608 neg 0.48037157974441735 __DUMMY__ 0.007598523509622006	false	0.0
manipulieren	neg 1.0		off 0.5151022517472644 neg 0.4774002086231736 __DUMMY__ 0.007497539629561836	false	0.5
unbewiesen	neg 1.0		off 0.5154838164552722 neg 0.4771224459880048 __DUMMY__ 0.007393737556723002	false	0.5
verschleppen	neg 1.0		off 0.5174820978526428 neg 0.47502845506433466 __DUMMY__ 0.00748944708302255	false	0.5
weib	off 1.0		off 0.5314807586761078 neg 0.46115604810937794 __DUMMY__ 0.007363193214514246	false	1.0
opposition	neg 1.0		off 0.5206655422809683 neg 0.47189487078687664 __DUMMY__ 0.007439586932155048	false	0.5
verkehrswidrig	neg 1.0	neg 1.0	neg 0.7138471455751395 off 0.2825619767890117 __DUMMY__ 0.003590877635848822	false	1.0
inkorrekt	neg 1.0		off 0.5240173140901366 neg 0.4686106598958589 __DUMMY__ 0.007372026014004479	false	0.5
vermeiden	neg 1.0		off 0.512479857670723 neg 0.4799649872895256 __DUMMY__ 0.007555155039751367	false	0.5
abweichung	neg 1.0		off 0.5148226538561584 neg 0.47770601325944706 __DUMMY__ 0.007471332884394417	false	0.5
alkoholisiert	neg 1.0		off 0.5199432976247182 neg 0.472486460647139 __DUMMY__ 0.007570241728142728	false	0.5
scheiss	off 1.0	off 1.0	off 0.7492322249676068 neg 0.24720198694914883 __DUMMY__ 0.003565788083244392	false	1.0
herausforderung	neg 1.0	neg 1.0	neg 0.7206290432437682 off 0.2757338348704347 __DUMMY__ 0.0036371218857971137	false	1.0
pervers	off 1.0		off 0.5346855969765945 neg 0.45796878155851733 __DUMMY__ 0.007345621464888058	false	1.0
wackelig	neg 1.0		off 0.5207280890551481 neg 0.47173943250636086 __DUMMY__ 0.007532478438491025	false	0.5
verwickeln	neg 1.0		off 0.5213047752415095 neg 0.47126147473520713 __DUMMY__ 0.00743375002328329	false	0.5
vorwand	neg 1.0		off 0.5145815998920592 neg 0.47791211672115336 __DUMMY__ 0.0075062833867873486	false	0.5
muschi	off 1.0		off 0.5178171235349167 neg 0.4747142333400498 __DUMMY__ 0.0074686431250334095	false	1.0
entmutigung	neg 1.0		off 0.5195506127920514 neg 0.47301913047998884 __DUMMY__ 0.00743025672795987	false	0.5
unangemessen	neg 1.0		off 0.5167001430803104 neg 0.4758420066766515 __DUMMY__ 0.00745785024303816	false	0.5
unstetig	neg 1.0		off 0.5218915062780896 neg 0.47063344939355983 __DUMMY__ 0.007475044328350572	false	0.5
entmutigen	neg 1.0		off 0.5209728756969765 neg 0.47157329104050133 __DUMMY__ 0.0074538332625220674	false	0.5
schwanz	neg 1.0		off 0.5155654816607672 neg 0.4769362308758172 __DUMMY__ 0.007498287463415709	false	0.5
verbot	neg 1.0		off 0.5152713447151192 neg 0.4772753766431478 __DUMMY__ 0.00745327864173318	false	0.5
leid	neg 1.0		off 0.5308244496885041 neg 0.4617729373187956 __DUMMY__ 0.00740261299270048	false	0.5
archaisch	neg 1.0		off 0.5179716655183519 neg 0.4745482818753938 __DUMMY__ 0.0074800526062543055	false	0.5
gegen			off 0.5150550591464417 neg 0.4774148891567402 __DUMMY__ 0.007530051696818165	false	0.0
scheidung	neg 1.0		off 0.5382488105205161 neg 0.4544201366101436 __DUMMY__ 0.007331052869340199	false	0.5
einschlag	neg 1.0	neg 1.0	neg 0.7163976973392491 off 0.2800471661779862 __DUMMY__ 0.0035551364827648324	false	1.0
m			off 0.5188559032780438 neg 0.4736437027540775 __DUMMY__ 0.0075003939678787305	false	0.0
abgestanden	neg 1.0		off 0.5226790224898802 neg 0.4698296550252068 __DUMMY__ 0.00749132248491307	false	0.5
schmierig	off 1.0		off 0.5305117698921821 neg 0.46207924588237653 __DUMMY__ 0.007408984225441318	false	1.0
unpraktisch	neg 1.0		off 0.523071356211634 neg 0.46943538956008607 __DUMMY__ 0.007493254228279934	false	0.5
wixxer	off 1.0		off 0.5334395743757139 neg 0.4592299230305561 __DUMMY__ 0.007330502593730052	false	1.0
bezeichnet			off 0.5188019042503494 neg 0.4737387590377509 __DUMMY__ 0.007459336711899682	false	0.0
jammerlappen	off 1.0		off 0.524640787432703 neg 0.46792679564782247 __DUMMY__ 0.007432416919474474	false	1.0
farce	neg 1.0		off 0.5152695180825692 neg 0.47729488259897873 __DUMMY__ 0.007435599318452025	false	0.5
zwecklos	neg 1.0		off 0.5174098064895923 neg 0.4751201911746661 __DUMMY__ 0.007470002335741656	false	0.5
turbulent	neg 1.0		off 0.5236828182174752 neg 0.4689130890939696 __DUMMY__ 0.007404092688555165	false	0.5
invasion	neg 1.0		off 0.5229077165902063 neg 0.46963038448439387 __DUMMY__ 0.0074618989253997774	false	0.5
schuld	neg 1.0		off 0.5208825630908325 neg 0.4716548644204739 __DUMMY__ 0.007462572488693684	false	0.5
risiko	neg 1.0		off 0.5210264093935344 neg 0.47149463638221745 __DUMMY__ 0.00747895422424821	false	0.5
finster	neg 1.0		off 0.5222457200567193 neg 0.4702753034872185 __DUMMY__ 0.007478976456062098	false	0.5
geisteskrank	off 1.0		off 0.5251804872111133 neg 0.46741613840673363 __DUMMY__ 0.007403374382153089	false	1.0
zusammenbrechen	neg 1.0		off 0.5199062186344016 neg 0.4725952549896936 __DUMMY__ 0.00749852637590478	false	0.5
ausbeute	neg 1.0		off 0.5170173157936844 neg 0.47546227345957015 __DUMMY__ 0.007520410746745501	false	0.5
hinterhalt	neg 1.0		off 0.5184596387765515 neg 0.4740558650625347 __DUMMY__ 0.007484496160913633	false	0.5
kritik	neg 1.0		off 0.5156356770831712 neg 0.47691910666203585 __DUMMY__ 0.007445216254793007	false	0.5
einschrumpfen	neg 1.0		off 0.5199342348175876 neg 0.4726657849518487 __DUMMY__ 0.0073999802305636814	false	0.5
riskant	neg 1.0		off 0.5163146956157056 neg 0.47619575910844325 __DUMMY__ 0.007489545275851114	false	0.5
frustrieren	neg 1.0		off 0.5166000579014925 neg 0.47590988459797484 __DUMMY__ 0.007490057500532698	false	0.5
groll	neg 1.0		off 0.5179426662101051 neg 0.47457211014982525 __DUMMY__ 0.007485223640069529	false	0.5
gibt			off 0.5179786441375985 neg 0.4745453616049527 __DUMMY__ 0.007475994257448709	false	0.0
qualvoll	neg 1.0		off 0.5251871334589122 neg 0.46733819641429236 __DUMMY__ 0.00747467012679537	false	0.5
wackeln	neg 1.0	neg 1.0	neg 0.718635544918908 off 0.27776047349364674 __DUMMY__ 0.0036039815874452426	false	1.0
klagen	neg 1.0		off 0.5125758555529167 neg 0.47992062949881764 __DUMMY__ 0.007503514948265708	false	0.5
bankrott	neg 1.0		off 0.5243412570880687 neg 0.4682084769350382 __DUMMY__ 0.007450265976893262	false	0.5
trauern	neg 1.0		off 0.5182591783906972 neg 0.4742208367078261 __DUMMY__ 0.007519984901476712	false	0.5
ablehnung	neg 1.0		off 0.5156529060222184 neg 0.47690227340660013 __DUMMY__ 0.007444820571181577	false	0.5
stur	neg 1.0		off 0.5210833997882074 neg 0.47146428715562566 __DUMMY__ 0.007452313056167022	false	0.5
aufruhr	neg 1.0		off 0.519897640108163 neg 0.47261401116677104 __DUMMY__ 0.007488348725065914	false	0.5
melancholie	neg 1.0		off 0.5194193910923003 neg 0.473069698308876 __DUMMY__ 0.007510910598823841	false	0.5
ist			off 0.5218128425652333 neg 0.47072951217253706 __DUMMY__ 0.007457645262229734	false	0.0
torheit	neg 1.0		off 0.5193606437291777 neg 0.4731984049780393 __DUMMY__ 0.007440951292782987	false	0.5
dreckskind	off 1.0		off 0.5299271298188413 neg 0.46270118575996083 __DUMMY__ 0.007371684421197862	false	1.0
umtauschen	neg 1.0		off 0.5204468715536791 neg 0.47207110360946014 __DUMMY__ 0.007482024836860767	false	0.5
zum			off 0.51494556239329 neg 0.47746200740874833 __DUMMY__ 0.007592430197961675	false	0.0
zersetzen	neg 1.0		off 0.514186736834325 neg 0.4783287052443876 __DUMMY__ 0.007484557921287434	false	0.5
zur			off 0.5116088777173429 neg 0.48083641338718025 __DUMMY__ 0.007554708895476838	false	0.0
frust	neg 1.0		off 0.5193998435878149 neg 0.47310568936591846 __DUMMY__ 0.007494467046266748	false	0.5
unerbittlichkeit	neg 1.0		off 0.5143768437785976 neg 0.4781377958270569 __DUMMY__ 0.007485360394345543	false	0.5
zwei			off 0.5162951643738334 neg 0.4761375142234798 __DUMMY__ 0.007567321402686988	false	0.0
unkorrekt	neg 1.0		off 0.5240733735278325 neg 0.4685665387054927 __DUMMY__ 0.007360087766674802	false	0.5
hexe	off 1.0		off 0.5243121072223885 neg 0.46827752150775886 __DUMMY__ 0.007410371269852652	false	1.0
lasch	neg 1.0		off 0.5213349445120116 neg 0.47125815960042944 __DUMMY__ 0.007406895887558951	false	0.5
rivale	neg 1.0		off 0.5286515821645118 neg 0.46391226185866663 __DUMMY__ 0.007436155976821528	false	0.5
mutlos	off 1.0	off 1.0	off 0.7428616084985684 neg 0.2535618280539888 __DUMMY__ 0.0035765634474427296	false	1.0
wirr	off 1.0		off 0.5250998033830254 neg 0.4675309709905858 __DUMMY__ 0.0073692256263887925	false	1.0
jahr			off 0.5170360775515204 neg 0.4754233743815401 __DUMMY__ 0.007540548066939516	false	0.0
wird			off 0.5172184885510364 neg 0.47528896209345756 __DUMMY__ 0.007492549355506019	false	0.0
strafbar	neg 1.0		off 0.5155049518123038 neg 0.47702018285853337 __DUMMY__ 0.0074748653291629484	false	0.5
erosion	neg 1.0		off 0.5220749825543232 neg 0.47043596297486834 __DUMMY__ 0.007489054470808439	false	0.5
eingehen	neg 1.0		off 0.5160046637400018 neg 0.47653214607076627 __DUMMY__ 0.007463190189231961	false	0.5
faul	off 1.0		off 0.5255534556933419 neg 0.4669850655528099 __DUMMY__ 0.007461478753848181	false	1.0
provisorium	neg 1.0		off 0.5108060989024894 neg 0.48161052807448984 __DUMMY__ 0.007583373023020677	false	0.5
schmerzen	neg 1.0		off 0.5210087181546118 neg 0.4715088113222244 __DUMMY__ 0.007482470523163777	false	0.5
schrumpfen	neg 1.0		off 0.5102142186308076 neg 0.48226360950622205 __DUMMY__ 0.007522171862970376	false	0.5
geistlos	off 1.0		off 0.518939388062853 neg 0.4736676890396614 __DUMMY__ 0.007392922897485487	false	1.0
fehlkauf	neg 1.0		off 0.5213222356337339 neg 0.4712268676320721 __DUMMY__ 0.007450896734194056	false	0.5
frustrierend	neg 1.0		off 0.5249520439520061 neg 0.46758890451917523 __DUMMY__ 0.0074590515288186264	false	0.5
unzufrieden	neg 1.0		off 0.5170031214175695 neg 0.4755299147497683 __DUMMY__ 0.007466963832662164	false	0.5
verzweifeln	neg 1.0		off 0.5200051455221387 neg 0.4725159474185955 __DUMMY__ 0.007478907059265797	false	0.5
verzweifelt	neg 1.0		off 0.5214972009846885 neg 0.4710457747726915 __DUMMY__ 0.007457024242619944	false	0.5
misstrauensantrag	neg 1.0		off 0.5219602895109882 neg 0.4705930143919825 __DUMMY__ 0.007446696097029243	false	0.5
abfallen	neg 1.0		off 0.5234355691779637 neg 0.46907120136231684 __DUMMY__ 0.0074932294597195815	false	0.5
fucker	off 1.0		off 0.5257482840432507 neg 0.4668468760442655 __DUMMY__ 0.007404839912483705	false	1.0
ungezogen	neg 1.0		off 0.5337055033610183 neg 0.4589279880640273 __DUMMY__ 0.0073665085749544095	false	0.5
irrsinnig	neg 1.0	neg 1.0	neg 0.7204503730189173 off 0.27598058876044407 __DUMMY__ 0.003569038220638558	false	1.0
unfassbar	neg 1.0		off 0.5246230196931989 neg 0.46796111345840496 __DUMMY__ 0.007415866848396181	false	0.5
hart	neg 1.0		off 0.523453732858458 neg 0.4691038272314188 __DUMMY__ 0.007442439910123233	false	0.5
widerlich	off 1.0		off 0.5249614150731223 neg 0.467637758595287 __DUMMY__ 0.007400826331590641	false	1.0
fatal	neg 1.0		off 0.5217257696526112 neg 0.4708222350619954 __DUMMY__ 0.00745199528539335	false	0.5
bruch	neg 1.0		off 0.5136405154786594 neg 0.4788448860643398 __DUMMY__ 0.00751459845700085	false	0.5
aushungern	neg 1.0		off 0.5172784949291725 neg 0.4752703544286084 __DUMMY__ 0.007451150642219019	false	0.5
anspannung	neg 1.0	neg 1.0	neg 0.7221971205885249 off 0.27414224803666704 __DUMMY__ 0.0036606313748080597	false	1.0
von			off 0.5161670881722709 neg 0.47629185270716723 __DUMMY__ 0.00754105912056186	false	0.0
kraftlos	neg 1.0		off 0.5209249669107906 neg 0.47154731569077896 __DUMMY__ 0.007527717398430265	false	0.5
vom			off 0.5128315104352564 neg 0.4795663782384522 __DUMMY__ 0.0076021113262914565	false	0.0
grenzdebil	off 1.0		off 0.5264304864888032 neg 0.4661469005601668 __DUMMY__ 0.0074226129510300675	false	1.0
vor			off 0.5160171003136156 neg 0.47645360801690567 __DUMMY__ 0.0075292916694787515	false	0.0
unterwerfen	neg 1.0		off 0.5161610010368146 neg 0.4763504440608029 __DUMMY__ 0.007488554902382452	false	0.5
versenkung	neg 1.0		off 0.5163175546825822 neg 0.4761848148854475 __DUMMY__ 0.007497630431970226	false	0.5
entziehen	neg 1.0		off 0.513900887793254 neg 0.478588247313475 __DUMMY__ 0.00751086489327103	false	0.5
finanzkrise	neg 1.0		off 0.5170471500812478 neg 0.47551021423211515 __DUMMY__ 0.00744263568663711	false	0.5
schimpfend	neg 1.0		off 0.5236276842481344 neg 0.46887252867204693 __DUMMY__ 0.007499787079818607	false	0.5
profan	neg 1.0		off 0.522843576404225 neg 0.4697082659432232 __DUMMY__ 0.007448157652552002	false	0.5
korruption	neg 1.0		off 0.5150047887461092 neg 0.47754555303244894 __DUMMY__ 0.007449658221441736	false	0.5
â			off 0.5174815292767668 neg 0.4750175651889911 __DUMMY__ 0.0075009055342421084	false	0.0
schmutzig	neg 1.0		off 0.5270742806596951 neg 0.4654809044811858 __DUMMY__ 0.007444814859119132	false	0.5
sexy	neg 1.0		off 0.5236548650154761 neg 0.4688954126105335 __DUMMY__ 0.007449722373990504	false	0.5
abraten	neg 1.0		off 0.5216844769488382 neg 0.4708642098162153 __DUMMY__ 0.007451313234946422	false	0.5
schwarz	neg 1.0		off 0.5208414202064069 neg 0.4717084230863397 __DUMMY__ 0.007450156707253346	false	0.5
fotze	off 1.0		off 0.5157300074515964 neg 0.4767893976375562 __DUMMY__ 0.0074805949108474505	false	1.0
verwirren	neg 1.0		off 0.5229619763166096 neg 0.4695917498693919 __DUMMY__ 0.007446273813998616	false	0.5
zahnlos	off 1.0		off 0.5168980756730409 neg 0.47563723695064114 __DUMMY__ 0.007464687376317889	false	1.0
verheeren	neg 1.0		off 0.5355456611418908 neg 0.45707615030833054 __DUMMY__ 0.007378188549778482	false	0.5
hippie	neg 1.0		off 0.5227498504133476 neg 0.469803836003269 __DUMMY__ 0.007446313583383176	false	0.5
rammen	neg 1.0		off 0.5220873554482058 neg 0.47043470175366775 __DUMMY__ 0.0074779427981264595	false	0.5
unlauter	neg 1.0		off 0.5161983914089896 neg 0.47640721092273847 __DUMMY__ 0.007394397668271915	false	0.5
unheilvoll	neg 1.0		off 0.524363640094821 neg 0.4681519444483892 __DUMMY__ 0.007484415456789926	false	0.5
niedrig	neg 1.0		off 0.5172456614056848 neg 0.475232939979626 __DUMMY__ 0.007521398614689217	false	0.5
explosion	neg 1.0		off 0.5220442951567017 neg 0.4705101976644866 __DUMMY__ 0.0074455071788117975	false	0.5
weichei	off 1.0		off 0.5303733100872867 neg 0.4622502644842444 __DUMMY__ 0.007376425428468996	false	1.0
minusmensch	off 1.0		off 0.5300336447979216 neg 0.4626710230044294 __DUMMY__ 0.0072953321976488485	false	1.0
farblos	neg 1.0		off 0.5223652010665107 neg 0.47010739681511565 __DUMMY__ 0.0075274021183736346	false	0.5
unwissend	neg 1.0	neg 1.0	neg 0.71852739713995 off 0.27792251409568075 __DUMMY__ 0.0035500887643692813	false	1.0
traurig	neg 1.0		off 0.5283305763729392 neg 0.46425815638177914 __DUMMY__ 0.007411267245281554	false	0.5
senkung	neg 1.0		off 0.5202340447536626 neg 0.4723569565839581 __DUMMY__ 0.007408998662379159	false	0.5
ungleich	neg 1.0	neg 1.0	neg 0.7236500669339908 off 0.2727705891629489 __DUMMY__ 0.003579343903060359	false	1.0
heikel	neg 1.0		off 0.5142470936337935 neg 0.4782709781097632 __DUMMY__ 0.007481928256443254	false	0.5
drosselung	neg 1.0		off 0.52601465598621 neg 0.466559100841579 __DUMMY__ 0.007426243172211138	false	0.5
falsch	neg 1.0		off 0.5243134034284124 neg 0.46824380707707103 __DUMMY__ 0.007442789494516517	false	0.5
unzufriedenheit	neg 1.0		off 0.5141761840560521 neg 0.47832964744756123 __DUMMY__ 0.007494168496386629	false	0.5
kurz	neg 1.0		off 0.5204537141571888 neg 0.47203646922652837 __DUMMY__ 0.007509816616282907	false	0.5
unsinnig	neg 1.0		off 0.5166004163792689 neg 0.47595133329621986 __DUMMY__ 0.007448250324511272	false	0.5
penner	off 1.0	off 1.0	off 0.752364162455221 neg 0.24411004781420118 __DUMMY__ 0.003525789730577884	false	1.0
seicht	neg 1.0		off 0.5311270690068242 neg 0.4615442969458789 __DUMMY__ 0.007328634047296861	false	0.5
dummheit	off 1.0	off 1.0	off 0.7466702989886924 neg 0.24976945367109285 __DUMMY__ 0.0035602473402147694	false	1.0
unerfreulich	neg 1.0		off 0.5149493447276722 neg 0.4775375674292568 __DUMMY__ 0.007513087843071128	false	0.5
motherfucker	off 1.0	off 1.0	off 0.7486339754409151 neg 0.24782355662705896 __DUMMY__ 0.0035424679320258845	false	1.0
pikiert	neg 1.0		off 0.5237488496473947 neg 0.46884627420565966 __DUMMY__ 0.007404876146945774	false	0.5
wrack	neg 1.0		off 0.5175107191101044 neg 0.4749752524404385 __DUMMY__ 0.007514028449457313	false	0.5
gangster	neg 1.0		off 0.5227289939905275 neg 0.4698170712500018 __DUMMY__ 0.0074539347594705235	false	0.5
krank	neg 1.0		off 0.527942711008283 neg 0.4646159903532208 __DUMMY__ 0.007441298638496058	false	0.5
reich	neg 1.0		off 0.5215076779210408 neg 0.47109795201391824 __DUMMY__ 0.007394370065041169	false	0.5
gnadenlos	neg 1.0		off 0.5212310019032621 neg 0.47130085890447054 __DUMMY__ 0.007468139192267386	false	0.5
niedergeschlagen	neg 1.0		off 0.5210998023607112 neg 0.47138700547977586 __DUMMY__ 0.00751319215951293	false	0.5
terrorisieren	off 1.0	off 1.0	off 0.7443269264605082 neg 0.25207714721757546 __DUMMY__ 0.0035959263219163358	false	1.0
sinnlosigkeit	neg 1.0		off 0.5175362706413051 neg 0.4749919519530707 __DUMMY__ 0.007471777405624174	false	0.5
behindern	neg 1.0		off 0.5185846789452485 neg 0.4739530464773247 __DUMMY__ 0.007462274577426868	false	0.5
undemokratisch	neg 1.0		off 0.5179735270627719 neg 0.4746073040872229 __DUMMY__ 0.007419168850005207	false	0.5
wirtschaftskrise	neg 1.0		off 0.515446835417304 neg 0.4770858705078776 __DUMMY__ 0.0074672940748184	false	0.5
neid	neg 1.0		off 0.5267756032771926 neg 0.4657549907091775 __DUMMY__ 0.007469406013629968	false	0.5
rutschen	neg 1.0		off 0.5168445559988426 neg 0.4755785785813379 __DUMMY__ 0.00757686541981952	false	0.5
rezession	neg 1.0		off 0.5271928308251346 neg 0.46543185855663416 __DUMMY__ 0.007375310618231444	false	0.5
fehlgeburt	neg 1.0		off 0.5243866915497564 neg 0.4681235492989981 __DUMMY__ 0.007489759151245409	false	0.5
charakterschwach	off 1.0		off 0.5255224254224842 neg 0.4670596034499949 __DUMMY__ 0.007417971127520936	false	1.0
isolation	neg 1.0		off 0.5246238067608565 neg 0.4679218441650675 __DUMMY__ 0.007454349074075927	false	0.5
ablenkung	neg 1.0		off 0.5208301314914145 neg 0.4716962593909716 __DUMMY__ 0.007473609117613887	false	0.5
pech	neg 1.0		off 0.5247274719650772 neg 0.46781848761353634 __DUMMY__ 0.007454040421386444	false	0.5
vermeidung	neg 1.0		off 0.5246879366341813 neg 0.4679132225128269 __DUMMY__ 0.00739884085299179	false	0.5
dominieren	neg 1.0		off 0.5188972760655427 neg 0.4735780305076213 __DUMMY__ 0.0075246934268359805	false	0.5
schwindlig	neg 1.0		off 0.5261475242776859 neg 0.4663447251465887 __DUMMY__ 0.007507750575725536	false	0.5
lutscher	neg 1.0		off 0.5322710517043818 neg 0.46039742862590016 __DUMMY__ 0.007331519669718176	false	0.5
pflicht	neg 1.0		off 0.5142611436528607 neg 0.47825237926011044 __DUMMY__ 0.007486477087028862	false	0.5
faschist	off 1.0		off 0.5200318837571045 neg 0.4725637257240068 __DUMMY__ 0.007404390518888753	false	1.0
verschleudern	neg 1.0		off 0.5122845636109041 neg 0.4802828398951304 __DUMMY__ 0.007432596493965292	false	0.5
wenn			off 0.5244377018007582 neg 0.46812222395507447 __DUMMY__ 0.0074400742441673075	false	0.0
ehebruch	neg 1.0		off 0.5166012611109818 neg 0.47591565121079665 __DUMMY__ 0.007483087678221451	false	0.5
spott	off 1.0		off 0.5149445412048093 neg 0.47758656102172303 __DUMMY__ 0.007468897773467698	false	1.0
trostlosigkeit	neg 1.0		off 0.5145312426101845 neg 0.4779547854563193 __DUMMY__ 0.007513971933496384	false	0.5
lutschen	neg 1.0		off 0.5216949387949592 neg 0.47086725466106 __DUMMY__ 0.007437806543980682	false	0.5
undiszipliniert	neg 1.0		off 0.5280839944883425 neg 0.46449081247475 __DUMMY__ 0.0074251930369074425	false	0.5
kopfschmerz	neg 1.0		off 0.521173781567212 neg 0.4713119881567545 __DUMMY__ 0.007514230276033597	false	0.5
unvorhergesehen	neg 1.0		off 0.5196846762747981 neg 0.47277307997322227 __DUMMY__ 0.007542243751979761	false	0.5
desinteressiert	neg 1.0		off 0.5264605794371 neg 0.466136315136118 __DUMMY__ 0.007403105426782152	false	0.5
armselig	off 1.0		off 0.5260088196701994 neg 0.4666159886041258 __DUMMY__ 0.0073751917256748125	false	1.0
desaster	neg 1.0		off 0.511776150676835 neg 0.4807258468823758 __DUMMY__ 0.007498002440789379	false	0.5
tod	neg 1.0		off 0.5189992336178476 neg 0.4734805498453139 __DUMMY__ 0.007520216536838457	false	0.5
herzlos	neg 1.0		off 0.5278061086622363 neg 0.46480136441598047 __DUMMY__ 0.007392526921783116	false	0.5
unwissenheit	neg 1.0		off 0.5156358418061782 neg 0.47691748791995414 __DUMMY__ 0.007446670273867628	false	0.5
widersinnig	neg 1.0	neg 1.0	neg 0.7237673561534721 off 0.2726807670420233 __DUMMY__ 0.003551876804504615	false	1.0
bedenklich	neg 1.0		off 0.5156305680901455 neg 0.4768964430736862 __DUMMY__ 0.007472988836168101	false	0.5
beanstanden	neg 1.0		off 0.5137772419466268 neg 0.47873058417455205 __DUMMY__ 0.007492173878821295	false	0.5
panisch	neg 1.0	neg 1.0	neg 0.7171278419044356 off 0.27926873623342363 __DUMMY__ 0.0036034218621407736	false	1.0
debil	off 1.0		off 0.5104578756919509 neg 0.4819985601458796 __DUMMY__ 0.007543564162169522	false	1.0
abstrich	neg 1.0		off 0.5160457451867436 neg 0.4764909620650809 __DUMMY__ 0.007463292748175481	false	0.5
primitiv	neg 1.0		off 0.5255678478542701 neg 0.4670305374272112 __DUMMY__ 0.007401614718518611	false	0.5
abschaum	off 1.0	off 1.0	off 0.7478318499472103 neg 0.2486140161174911 __DUMMY__ 0.003554133935298642	false	1.0
provozieren	neg 1.0		off 0.5201366234603673 neg 0.47240942774934597 __DUMMY__ 0.007453948790286538	false	0.5
tot	neg 1.0		off 0.5146922212308166 neg 0.47784517163566653 __DUMMY__ 0.007462607133516849	false	0.5
instabil	neg 1.0		off 0.5229110947059395 neg 0.4697275279162504 __DUMMY__ 0.007361377377809929	false	0.5
schwuchtel	off 1.0		off 0.5365434376550918 neg 0.45615387979581096 __DUMMY__ 0.007302682549097145	false	1.0
zerren	neg 1.0		off 0.521110540515797 neg 0.47137666396777017 __DUMMY__ 0.007512795516432747	false	0.5
kinderficker	off 1.0		off 0.5272573711562665 neg 0.4654002902842499 __DUMMY__ 0.007342338559483547	false	1.0
gefahr	neg 1.0		off 0.5154959545094088 neg 0.4769914151597488 __DUMMY__ 0.007512630330842449	false	0.5
rabiat	neg 1.0		off 0.5195945182813095 neg 0.4729466440251836 __DUMMY__ 0.007458837693506925	false	0.5
verlangsamung	neg 1.0		off 0.5314338212382347 neg 0.4611958174505107 __DUMMY__ 0.0073703613112545245	false	0.5
ausgestorben	neg 1.0		off 0.5208158548407535 neg 0.47169117234627794 __DUMMY__ 0.007492972812968394	false	0.5
anklagen	neg 1.0		off 0.5177607334348115 neg 0.4747692097468312 __DUMMY__ 0.007470056818357267	false	0.5
trott	neg 1.0		off 0.5199984776182945 neg 0.47251988600204947 __DUMMY__ 0.007481636379656103	false	0.5
verminderung	neg 1.0		off 0.5251903545718243 neg 0.46741974595916735 __DUMMY__ 0.00738989946900845	false	0.5
nach			off 0.5164961359738781 neg 0.4758954681846254 __DUMMY__ 0.0076083958414964814	false	0.0
rost	neg 1.0		off 0.5307787874943599 neg 0.46183492103210505 __DUMMY__ 0.007386291473535072	false	0.5
destruktiv	neg 1.0		off 0.5171599901112497 neg 0.47540926947283296 __DUMMY__ 0.007430740415917454	false	0.5
unzumutbarkeit	neg 1.0		off 0.5248865335817481 neg 0.4676732340057035 __DUMMY__ 0.007440232412548525	false	0.5
labil	off 1.0	off 1.0	off 0.7478022442176544 neg 0.24864262758000455 __DUMMY__ 0.003555128202341189	false	1.0
ziemlich	neg 1.0		off 0.5264812335786415 neg 0.4660821399589674 __DUMMY__ 0.0074366264623911185	false	0.5
lachnummer	off 1.0		off 0.5183647165303847 neg 0.4741882672777099 __DUMMY__ 0.007447016191905335	false	1.0
oder			off 0.5214549491527254 neg 0.4710615434983259 __DUMMY__ 0.007483507348948765	false	0.0
verfall	neg 1.0		off 0.510558613695569 neg 0.4819138724673436 __DUMMY__ 0.007527513837087421	false	0.5
ausgrenzung	neg 1.0		off 0.5194173178395246 neg 0.47315685674712016 __DUMMY__ 0.007425825413355295	false	0.5
unordnung	neg 1.0		off 0.525586672511493 neg 0.4669799430070172 __DUMMY__ 0.007433384481489712	false	0.5
fehlverhalten	neg 1.0		off 0.5145811424245958 neg 0.4779342109840549 __DUMMY__ 0.007484646591349198	false	0.5
eine			off 0.5151794354926043 neg 0.47731323855983193 __DUMMY__ 0.0075073259475637154	false	0.0
nille	neg 1.0		off 0.5186758822037392 neg 0.473850784973083 __DUMMY__ 0.007473332823177991	false	0.5
qual	neg 1.0		off 0.5196821503156819 neg 0.47283704785624886 __DUMMY__ 0.007480801828069178	false	0.5
verschwenden	neg 1.0		off 0.5166921719570454 neg 0.47582926505699547 __DUMMY__ 0.007478562985959054	false	0.5
riesig	neg 1.0	neg 1.0	neg 0.7209685752484961 off 0.275418571658641 __DUMMY__ 0.0036128530928629435	false	1.0
verurteilen	neg 1.0		off 0.5172362840726732 neg 0.47529130096737177 __DUMMY__ 0.007472414959955046	false	0.5
klischee	neg 1.0	neg 1.0	neg 0.7196370554421128 off 0.2768112222669957 __DUMMY__ 0.003551722290891537	false	1.0
diktatorisch	neg 1.0		off 0.518005980386868 neg 0.4745866703910443 __DUMMY__ 0.007407349222087672	false	0.5
vorhersehbar	neg 1.0	neg 1.0	neg 0.7195593485308999 off 0.27687951744513567 __DUMMY__ 0.0035611340239644954	false	1.0
sowie			off 0.5291514769306075 neg 0.4634756631542053 __DUMMY__ 0.007372859915187146	false	0.0
stornieren	neg 1.0		off 0.5237349645924751 neg 0.468753771530274 __DUMMY__ 0.0075112638772510155	false	0.5
besteuerung	neg 1.0		off 0.5177487911971086 neg 0.4748353294666125 __DUMMY__ 0.007415879336278971	false	0.5
ungeschminkt	neg 1.0		off 0.5252673173908708 neg 0.46732286088964536 __DUMMY__ 0.0074098217194839295	false	0.5
kritisch	neg 1.0		off 0.5151267894748363 neg 0.47740311756558773 __DUMMY__ 0.0074700929595759935	false	0.5
schlamperei	off 1.0		off 0.5136670973714335 neg 0.4788636155999213 __DUMMY__ 0.007469287028645204	false	1.0
sucht	neg 1.0	neg 1.0	neg 0.7197785297098767 off 0.27662733595660205 __DUMMY__ 0.0035941343335213725	false	1.0
egoistisch	off 1.0		off 0.5305998888298181 neg 0.462016322343327 __DUMMY__ 0.0073837888268548785	false	1.0
ausbeuter	off 1.0		off 0.5133943669760134 neg 0.4791376540693924 __DUMMY__ 0.00746797895459409	false	1.0
arschgeburt	off 1.0		off 0.5361022530752017 neg 0.4566043384817399 __DUMMY__ 0.007293408443058335	false	1.0
schubs	neg 1.0	neg 1.0	neg 0.7201736091163295 off 0.2762149454153882 __DUMMY__ 0.0036114454682821457	false	1.0
unsolide	neg 1.0		off 0.5161614656352802 neg 0.47647381096005165 __DUMMY__ 0.007364723404668047	false	0.5
beschwerde	neg 1.0		off 0.5142338786611276 neg 0.47829284096935526 __DUMMY__ 0.0074732803695171995	false	0.5
stocken	neg 1.0		off 0.516571018635765 neg 0.4759311629810126 __DUMMY__ 0.007497818383222405	false	0.5
isolieren	neg 1.0		off 0.5172129530317113 neg 0.47530483580022337 __DUMMY__ 0.007482211168065252	false	0.5
unheilbar	neg 1.0		off 0.5228185091051156 neg 0.46968048688311187 __DUMMY__ 0.007501004011772337	false	0.5
pisser	off 1.0		off 0.5273036359759142 neg 0.46527386421566297 __DUMMY__ 0.007422499808422792	false	1.0
löschen	neg 1.0		off 0.5201888387716507 neg 0.4723368091021562 __DUMMY__ 0.0074743521261931185	false	0.5
durchfallen	neg 1.0		off 0.5160648393618198 neg 0.4764803358490873 __DUMMY__ 0.007454824789092883	false	0.5
wichser	off 1.0		off 0.5349909302414313 neg 0.4576598448965658 __DUMMY__ 0.007349224862003046	false	1.0
terror	neg 1.0		off 0.5238966836090079 neg 0.46863362001301423 __DUMMY__ 0.007469696377977874	false	0.5
krass	neg 1.0		off 0.5284104743345915 neg 0.4641998326838086 __DUMMY__ 0.007389692981599854	false	0.5
revolte	neg 1.0		off 0.5201871753454598 neg 0.47238846136397267 __DUMMY__ 0.0074243632905675325	false	0.5
besorgt	neg 1.0		off 0.520628925031372 neg 0.47184792288365457 __DUMMY__ 0.007523152084973442	false	0.5
nachlassen	neg 1.0		off 0.5165462134081945 neg 0.47595050155395663 __DUMMY__ 0.0075032850378487104	false	0.5
alt	neg 1.0		off 0.5177361443186049 neg 0.47476674874358843 __DUMMY__ 0.0074971069378066005	false	0.5
hundesohn	off 1.0		off 0.5315966809196917 neg 0.4610708616309699 __DUMMY__ 0.007332457449338428	false	1.0
als			off 0.5195195992443754 neg 0.4729794295269339 __DUMMY__ 0.00750097122869079	false	0.0
abschreckung	neg 1.0		off 0.514147922802336 neg 0.47834289526232726 __DUMMY__ 0.007509181935336693	false	0.5
unqualifiziert	neg 1.0		off 0.5196738532449535 neg 0.47293819860901043 __DUMMY__ 0.007387948146036078	false	0.5
abgewichst	off 1.0		off 0.5183821809318727 neg 0.47413600281379703 __DUMMY__ 0.007481816254330164	false	1.0
schwer	neg 1.0		off 0.520729027426956 neg 0.471789913290321 __DUMMY__ 0.007481059282722908	false	0.5
bedeutungslosigkeit	neg 1.0		off 0.5144415242518098 neg 0.4780644937032762 __DUMMY__ 0.007493982044913983	false	0.5
kapitulation	neg 1.0		off 0.5141732199912222 neg 0.4783689103545659 __DUMMY__ 0.007457869654211776	false	0.5
unscharf	neg 1.0		off 0.5220442618252524 neg 0.470513350130586 __DUMMY__ 0.0074423880441614595	false	0.5
schwinden	neg 1.0		off 0.5150463690110025 neg 0.4774488705079621 __DUMMY__ 0.00750476048103528	false	0.5
versklavung	neg 1.0		off 0.5182334425557655 neg 0.47434841279824747 __DUMMY__ 0.007418144645986939	false	0.5
schlecht	neg 1.0		off 0.5268256705401859 neg 0.46573373865050155 __DUMMY__ 0.0074405908093125445	false	0.5
verhasst	neg 1.0		off 0.5206100994651113 neg 0.47193673043403 __DUMMY__ 0.007453170100858669	false	0.5
beschweren	neg 1.0		off 0.5219998317738408 neg 0.4705430842292599 __DUMMY__ 0.007457083996899315	false	0.5
scheiden	neg 1.0		off 0.5229820790002055 neg 0.469510487010387 __DUMMY__ 0.007507433989407392	false	0.5
frustriert	neg 1.0		off 0.5193534646910702 neg 0.47316373878577955 __DUMMY__ 0.007482796523150097	false	0.5
schimmelig	neg 1.0		off 0.5176862227865162 neg 0.47480360821437273 __DUMMY__ 0.00751016899911097	false	0.5
fisch	neg 1.0		off 0.5172491272134938 neg 0.4752177189517147 __DUMMY__ 0.007533153834791468	false	0.5
schmuggel	neg 1.0		off 0.5178612617751722 neg 0.4745905811889714 __DUMMY__ 0.007548157035856221	false	0.5
auffallen	neg 1.0		off 0.5227598740596181 neg 0.46978616885577146 __DUMMY__ 0.007453957084610482	false	0.5
konkurrenz	neg 1.0	neg 1.0	neg 0.7237522559087104 off 0.27264262003083606 __DUMMY__ 0.003605124060453517	false	1.0
teufelskreis	neg 1.0		off 0.5197462557237261 neg 0.4727764673925015 __DUMMY__ 0.007477276883772397	false	0.5
aufschreien	neg 1.0		off 0.5217600974860582 neg 0.47079967491875163 __DUMMY__ 0.007440227595190347	false	0.5
schuldner	neg 1.0		off 0.514872486047285 neg 0.4776299915782612 __DUMMY__ 0.007497522374453758	false	0.5
missgeburt	off 1.0	off 1.0	off 0.75082956684366 neg 0.24563940922475977 __DUMMY__ 0.0035310239315802768	false	1.0
arbeitslos	neg 1.0		off 0.5165695653334972 neg 0.47597249494382815 __DUMMY__ 0.007457939722674831	false	0.5
befallen	neg 1.0		off 0.5186447940572778 neg 0.47387512952992833 __DUMMY__ 0.007480076412793817	false	0.5
miesepetrig	off 1.0	off 1.0	off 0.7494965142737675 neg 0.24693679596791 __DUMMY__ 0.003566689758322357	false	1.0
alarmieren	neg 1.0		off 0.5231127954268705 neg 0.46946894415592194 __DUMMY__ 0.007418260417207561	false	0.5
ungeduscht	off 1.0		off 0.5247604401885744 neg 0.46778169277242865 __DUMMY__ 0.007457867038996851	false	1.0
knappheit	neg 1.0		off 0.5143578823784748 neg 0.47818442948536105 __DUMMY__ 0.007457688136164284	false	0.5
schlange	neg 1.0		off 0.5242084243153012 neg 0.46829717854482267 __DUMMY__ 0.007494397139876135	false	0.5
harsch	neg 1.0		off 0.5307388497867496 neg 0.46184353002003803 __DUMMY__ 0.007417620193212342	false	0.5
lang	neg 1.0		off 0.5209209585666112 neg 0.471602486303203 __DUMMY__ 0.007476555130185743	false	0.5
ziellos	neg 1.0		off 0.5197135101387053 neg 0.47276893347713 __DUMMY__ 0.007517556384164825	false	0.5
selbstverliebt	neg 1.0		off 0.533852432835619 neg 0.4588363893879351 __DUMMY__ 0.0073111777764460545	false	0.5
beseitigen	neg 1.0		off 0.5189142636201867 neg 0.47361383938759966 __DUMMY__ 0.0074718969922137855	false	0.5
dumm	off 1.0		off 0.5305549994808111 neg 0.4620839084212056 __DUMMY__ 0.007361092097983356	false	1.0
arbeitsloser	neg 1.0		off 0.5172752618120386 neg 0.4752353487681579 __DUMMY__ 0.007489389419803482	false	0.5
blitzen	neg 1.0		off 0.5232845882315976 neg 0.46926451702115707 __DUMMY__ 0.007450894747245205	false	0.5
hilflos	neg 1.0		off 0.5194292300192612 neg 0.4730772922609925 __DUMMY__ 0.007493477719746424	false	0.5
eklig	off 1.0		off 0.532279024949524 neg 0.46034758833671086 __DUMMY__ 0.007373386713765297	false	1.0
begriff			off 0.5176467117698416 neg 0.4748968481802772 __DUMMY__ 0.0074564400498812414	false	0.0
hungersnot	neg 1.0		off 0.5191721980506544 neg 0.47333348293009686 __DUMMY__ 0.007494319019248725	false	0.5
ungesetzlich	neg 1.0		off 0.5172660241916759 neg 0.4753535962231826 __DUMMY__ 0.007380379585141452	false	0.5
verschwendung	neg 1.0		off 0.5159312826242826 neg 0.47657383170919937 __DUMMY__ 0.007494885666518173	false	0.5
schmerzvoll	neg 1.0		off 0.5224674935609943 neg 0.47006728185447383 __DUMMY__ 0.00746522458453168	false	0.5
vorzeitig	neg 1.0		off 0.5248208702375482 neg 0.46770424681096634 __DUMMY__ 0.007474882951485484	false	0.5
unvollkommenheit	neg 1.0		off 0.5217012187847959 neg 0.4707516246239585 __DUMMY__ 0.0075471565912457695	false	0.5
intervenieren	neg 1.0		off 0.5134874075966759 neg 0.47904950485687015 __DUMMY__ 0.007463087546454026	false	0.5
banause	off 1.0		off 0.5325484215482826 neg 0.4601191098418614 __DUMMY__ 0.007332468609856028	false	1.0
rebell	neg 1.0		off 0.5127617054029249 neg 0.4797228039907281 __DUMMY__ 0.00751549060634705	false	0.5
unlogisch	neg 1.0		off 0.5275843670472125 neg 0.46501995351024145 __DUMMY__ 0.007395679442546171	false	0.5
leiden	neg 1.0		off 0.5194301751894883 neg 0.4730089281242002 __DUMMY__ 0.0075608966863113716	false	0.5
abschaffung	neg 1.0		off 0.5176795118742202 neg 0.47490013540422105 __DUMMY__ 0.007420352721558676	false	0.5
sturz	neg 1.0		off 0.5214537487700754 neg 0.4710539777897894 __DUMMY__ 0.00749227344013498	false	0.5
verkleinerung	neg 1.0		off 0.5198000576288113 neg 0.47280307533157223 __DUMMY__ 0.007396867039616412	false	0.5
schmarotzer	off 1.0		off 0.5158376173772443 neg 0.4767134630241368 __DUMMY__ 0.007448919598618735	false	1.0
bestrafung	neg 1.0		off 0.5211716742001056 neg 0.4713729667300847 __DUMMY__ 0.007455359069809639	false	0.5
achtlos	neg 1.0		off 0.521541843730535 neg 0.4709629157817668 __DUMMY__ 0.00749524048769804	false	0.5
ungeheuer	neg 1.0		off 0.5234395922933124 neg 0.4691082554684673 __DUMMY__ 0.007452152238220364	false	0.5
