unsolidarisch	neg 1.0		__DUMMY__ 0.4822789975855916 off 0.26737087354354777 neg 0.2503501288708607	false	0.5
nachteilig	neg 1.0		__DUMMY__ 0.4874986755715666 off 0.2645378008617895 neg 0.24796352356664386	false	0.5
skeptisch	neg 1.0		__DUMMY__ 0.48794394881269215 off 0.26378404559410534 neg 0.24827200559320248	false	0.5
schrecklich	neg 1.0		__DUMMY__ 0.48252333712370593 off 0.27979949553415817 neg 0.23767716734213584	false	0.5
schlapp	neg 1.0		__DUMMY__ 0.4856098627086567 off 0.27540574363846665 neg 0.23898439365287674	false	0.5
abfall	neg 1.0		__DUMMY__ 0.49013312170774204 off 0.2614257026194242 neg 0.24844117567283389	false	0.5
widerspenstig	neg 1.0		__DUMMY__ 0.4872352466422215 off 0.26976246333804105 neg 0.24300229001973725	false	0.5
abrupt	neg 1.0		__DUMMY__ 0.4900617645104941 off 0.26525773317603807 neg 0.24468050231346777	false	0.5
unwirksam	neg 1.0		__DUMMY__ 0.4832952066749121 off 0.2677728947672082 neg 0.24893189855787964	false	0.5
angreifen	neg 1.0	neg 1.0	neg 0.6106828005481599 __DUMMY__ 0.23922917436802502 off 0.1500880250838151	false	1.0
inkonsistent	neg 1.0		__DUMMY__ 0.48604170865818613 off 0.2701844362072303 neg 0.24377385513458355	false	0.5
abrutschen	neg 1.0		__DUMMY__ 0.48995371105244456 off 0.2617818004182233 neg 0.24826448852933208	false	0.5
unsicher	neg 1.0		__DUMMY__ 0.4876131411304225 off 0.2699847235738479 neg 0.2424021352957297	false	0.5
bauernkind	off 1.0	off 1.0	off 0.628273781178475 __DUMMY__ 0.23480697441675566 neg 0.13691924440476946	false	1.0
angreifer	neg 1.0		__DUMMY__ 0.48766492983407594 off 0.27145448168784847 neg 0.24088058847807553	false	0.5
trennen	neg 1.0		__DUMMY__ 0.4910268159220362 off 0.266064802034022 neg 0.24290838204394194	false	0.5
schmutz	neg 1.0		__DUMMY__ 0.4915170751653323 off 0.27354472857536205 neg 0.23493819625930581	false	0.5
inkonsistenz	neg 1.0		__DUMMY__ 0.48212810862691585 off 0.27277109729725874 neg 0.2451007940758254	false	0.5
erschreckend	neg 1.0		__DUMMY__ 0.4863009431951096 off 0.26800071622448013 neg 0.24569834058041015	false	0.5
ertrinken	neg 1.0		__DUMMY__ 0.4902251407126626 off 0.2666829564887622 neg 0.2430919027985751	false	0.5
pickelface	off 1.0		__DUMMY__ 0.4867864165368711 off 0.26696924138232125 neg 0.24624434208080762	false	1.0
seiner			__DUMMY__ 0.4894769304796273 off 0.2649865053661679 neg 0.2455365641542047	false	0.0
lauch	neg 1.0		__DUMMY__ 0.48809128739695823 off 0.26098484846131903 neg 0.25092386414172263	false	0.5
unwichtig	neg 1.0		__DUMMY__ 0.48408788644143436 off 0.2744546983716479 neg 0.2414574151869179	false	0.5
steuerhinterziehung	neg 1.0		__DUMMY__ 0.48538886238112117 off 0.26666123233166045 neg 0.24794990528721825	false	0.5
schock	neg 1.0		__DUMMY__ 0.4897031546256609 off 0.2696806505947844 neg 0.24061619477955473	false	0.5
beule	neg 1.0		__DUMMY__ 0.4859427609883928 off 0.27592738104649744 neg 0.23812985796510966	false	0.5
vergelten	neg 1.0		__DUMMY__ 0.48582468160000175 off 0.2793556451327731 neg 0.23481967326722505	false	0.5
verdorbenheit	neg 1.0		__DUMMY__ 0.48720588423893574 off 0.26893239775798466 neg 0.24386171800307968	false	0.5
trauma	neg 1.0		__DUMMY__ 0.48626882429175544 off 0.27052231898956547 neg 0.2432088567186792	false	0.5
sinnlos	neg 1.0		__DUMMY__ 0.48654856505477645 off 0.27239203903629156 neg 0.2410593959089319	false	0.5
fettsack	off 1.0	off 1.0	off 0.629826776887053 __DUMMY__ 0.23558814083852642 neg 0.13458508227442048	false	1.0
feige	off 1.0	off 1.0	off 0.6261790166318945 __DUMMY__ 0.2363031628876309 neg 0.13751782048047462	false	1.0
abdanken	neg 1.0		__DUMMY__ 0.48573854697265856 off 0.267936631355789 neg 0.24632482167155262	false	0.5
wichtigtuer	off 1.0	off 1.0	off 0.6243708573805538 __DUMMY__ 0.2371579253895639 neg 0.13847121722988237	false	1.0
misslingen	neg 1.0		__DUMMY__ 0.48997934654162556 off 0.27190995226807513 neg 0.2381107011902994	false	0.5
untreu	off 1.0		__DUMMY__ 0.48375266238278114 off 0.2758696895777845 neg 0.24037764803943432	false	1.0
missmutig	neg 1.0		__DUMMY__ 0.4851321093731214 off 0.27496296439902274 neg 0.23990492622785584	false	0.5
hurenbock	off 1.0		__DUMMY__ 0.4869551769237799 off 0.2711425164672544 neg 0.24190230660896578	false	1.0
betrunken	neg 1.0		__DUMMY__ 0.4856186805647243 off 0.27848645437773023 neg 0.23589486505754542	false	0.5
korrupt	off 1.0		__DUMMY__ 0.48399802732676983 off 0.2652859245512641 neg 0.25071604812196624	false	1.0
unmut	neg 1.0		__DUMMY__ 0.4892080100869672 off 0.26121484768858033 neg 0.2495771422244526	false	0.5
hackfresse	off 1.0		__DUMMY__ 0.4800895363869973 off 0.28309065120657456 neg 0.2368198124064282	false	1.0
aufblasen	neg 1.0		__DUMMY__ 0.48788669015451747 off 0.2717531563482762 neg 0.24036015349720635	false	0.5
gewaltsam	neg 1.0		__DUMMY__ 0.4874488445192708 off 0.2686267349856019 neg 0.24392442049512714	false	0.5
unbeliebtheit	neg 1.0		__DUMMY__ 0.47909052712591665 off 0.2716738912481596 neg 0.24923558162592374	false	0.5
sturheit	neg 1.0		__DUMMY__ 0.48610165713102876 off 0.26790353208899054 neg 0.24599481077998073	false	0.5
kuh	neg 1.0		__DUMMY__ 0.484723508967413 off 0.2693369497168017 neg 0.24593954131578524	false	0.5
erschrecken	neg 1.0		__DUMMY__ 0.48570423722549744 off 0.27431562514672325 neg 0.2399801376277794	false	0.5
opfer	neg 1.0		__DUMMY__ 0.4891205019114413 off 0.2662903569116474 neg 0.2445891411769113	false	0.5
sinken	neg 1.0		__DUMMY__ 0.48911931559487504 off 0.2617995270494174 neg 0.2490811573557075	false	0.5
stinktier	neg 1.0		__DUMMY__ 0.48141202955118645 off 0.280009728528946 neg 0.23857824191986746	false	0.5
tucke	off 1.0		__DUMMY__ 0.4772468197114036 off 0.28247673095733167 neg 0.2402764493312648	false	1.0
ein			__DUMMY__ 0.4873077348199317 off 0.2706348659085504 neg 0.2420573992715178	false	0.0
abstieg	neg 1.0		__DUMMY__ 0.49103340154846714 off 0.2659725633041809 neg 0.24299403514735188	false	0.5
missverstehen	neg 1.0		__DUMMY__ 0.4844562892832299 off 0.27183430780045786 neg 0.24370940291631216	false	0.5
ergebnislos	neg 1.0		__DUMMY__ 0.48812209722922156 off 0.26456381485956715 neg 0.2473140879112113	false	0.5
unter			__DUMMY__ 0.4944666847443849 off 0.2580432721896203 neg 0.24749004306599487	false	0.0
manipulieren	neg 1.0		__DUMMY__ 0.48836429328235437 off 0.26408507080165033 neg 0.24755063591599527	false	0.5
unbewiesen	neg 1.0		__DUMMY__ 0.4821034210069458 off 0.2676616199277572 neg 0.2502349590652971	false	0.5
verschleppen	neg 1.0		__DUMMY__ 0.4879267972564239 off 0.2665226959257895 neg 0.24555050681778665	false	0.5
weib	off 1.0		__DUMMY__ 0.48031404172932557 off 0.2831405642263262 neg 0.23654539404434816	false	1.0
opposition	neg 1.0		__DUMMY__ 0.48489533493396425 off 0.2708395293303987 neg 0.24426513573563693	false	0.5
verkehrswidrig	neg 1.0	neg 1.0	neg 0.6015963363563406 __DUMMY__ 0.239101371244497 off 0.15930229239916224	false	1.0
inkorrekt	neg 1.0		__DUMMY__ 0.4808250933825192 off 0.27611350437636695 neg 0.24306140224111375	false	0.5
vermeiden	neg 1.0		__DUMMY__ 0.49187998817084505 off 0.2597828666442384 neg 0.2483371451849167	false	0.5
abweichung	neg 1.0		__DUMMY__ 0.4868449008712923 off 0.26457524052307063 neg 0.24857985860563714	false	0.5
alkoholisiert	neg 1.0		__DUMMY__ 0.4929713886824688 off 0.2660169857980866 neg 0.2410116255194446	false	0.5
scheiss	off 1.0	off 1.0	off 0.6267951248352415 __DUMMY__ 0.2374518938838001 neg 0.13575298128095845	false	1.0
herausforderung	neg 1.0	neg 1.0	neg 0.6068226844690445 __DUMMY__ 0.24204602525866584 off 0.15113129027228958	false	1.0
pervers	off 1.0		__DUMMY__ 0.47924945934908714 off 0.2866386033941735 neg 0.2341119372567395	false	1.0
wackelig	neg 1.0		__DUMMY__ 0.49049755241781406 off 0.2679973598432174 neg 0.24150508773896864	false	0.5
verwickeln	neg 1.0		__DUMMY__ 0.4844797858415542 off 0.27171388797284796 neg 0.24380632618559794	false	0.5
vorwand	neg 1.0		__DUMMY__ 0.4888578232244781 off 0.26333141343574573 neg 0.24781076333977606	false	0.5
muschi	off 1.0		__DUMMY__ 0.4866202862415761 off 0.26741928669987874 neg 0.24596042705854504	false	1.0
entmutigung	neg 1.0		__DUMMY__ 0.4843575972324144 off 0.27026664652468485 neg 0.24537575624290073	false	0.5
unangemessen	neg 1.0		__DUMMY__ 0.485932069794492 off 0.2667855019876733 neg 0.2472824282178347	false	0.5
unstetig	neg 1.0		__DUMMY__ 0.4871864928414861 off 0.2707987610285123 neg 0.24201474613000157	false	0.5
entmutigen	neg 1.0		__DUMMY__ 0.485726615327061 off 0.270750982438394 neg 0.24352240223454502	false	0.5
schwanz	neg 1.0		__DUMMY__ 0.4884599218105292 off 0.2643597282982893 neg 0.2471803498911815	false	0.5
verbot	neg 1.0		__DUMMY__ 0.48570423123754913 off 0.26563503449735354 neg 0.2486607342650973	false	0.5
leid	neg 1.0		__DUMMY__ 0.4826678227524116 off 0.281310340210034 neg 0.23602183703755433	false	0.5
archaisch	neg 1.0		__DUMMY__ 0.48730690905857066 off 0.26719783373299205 neg 0.2454952572084373	false	0.5
gegen			__DUMMY__ 0.49032820449945147 off 0.2630721226867566 neg 0.24659967281379183	false	0.0
scheidung	neg 1.0		__DUMMY__ 0.47848009160798155 off 0.2904322511120054 neg 0.2310876572800131	false	0.5
einschlag	neg 1.0	neg 1.0	neg 0.6051927416233895 __DUMMY__ 0.23675467241572737 off 0.15805258596088298	false	1.0
m			__DUMMY__ 0.48846755572108724 off 0.26736286652350655 neg 0.24416957775540613	false	0.0
abgestanden	neg 1.0		__DUMMY__ 0.48813392221450813 off 0.2709307051487305 neg 0.24093537263676135	false	0.5
schmierig	off 1.0		__DUMMY__ 0.4830429117006234 off 0.2808351462275174 neg 0.23612194207185933	false	1.0
unpraktisch	neg 1.0		__DUMMY__ 0.4881342094119279 off 0.271350986556864 neg 0.24051480403120795	false	0.5
wixxer	off 1.0		__DUMMY__ 0.4783366830563639 off 0.28595088937292856 neg 0.23571242757070737	false	1.0
bezeichnet			__DUMMY__ 0.48601990418462315 off 0.26864736631888725 neg 0.24533272949648974	false	0.0
jammerlappen	off 1.0		__DUMMY__ 0.48439788408163237 off 0.2747826263767069 neg 0.24081948954166085	false	1.0
farce	neg 1.0		__DUMMY__ 0.4846424448283308 off 0.26615846778291835 neg 0.249199087388751	false	0.5
zwecklos	neg 1.0		__DUMMY__ 0.48665160911397864 off 0.26704278826295863 neg 0.24630560262306278	false	0.5
turbulent	neg 1.0		__DUMMY__ 0.4829147686538196 off 0.27467321725313615 neg 0.24241201409304416	false	0.5
invasion	neg 1.0		__DUMMY__ 0.48616642591169795 off 0.27229076249148504 neg 0.2415428115968171	false	0.5
schuld	neg 1.0		__DUMMY__ 0.48619877663330746 off 0.27044623779315374 neg 0.24335498557353868	false	0.5
risiko	neg 1.0		__DUMMY__ 0.48735730389583415 off 0.27001470626930507 neg 0.24262798983486086	false	0.5
finster	neg 1.0		__DUMMY__ 0.48732383104805765 off 0.27093549364464 neg 0.24174067530730223	false	0.5
geisteskrank	off 1.0		__DUMMY__ 0.4826588410199604 off 0.27620743828704686 neg 0.24113372069299274	false	1.0
zusammenbrechen	neg 1.0		__DUMMY__ 0.48837106416482295 off 0.26842086401408255 neg 0.24320807182109436	false	0.5
ausbeute	neg 1.0		__DUMMY__ 0.4898762756010259 off 0.26489520157126545 neg 0.24522852282770857	false	0.5
hinterhalt	neg 1.0		__DUMMY__ 0.48772700315667816 off 0.2673820004582656 neg 0.2448909963850561	false	0.5
kritik	neg 1.0		__DUMMY__ 0.4852183132229787 off 0.2662112421079815 neg 0.2485704446690398	false	0.5
einschrumpfen	neg 1.0		__DUMMY__ 0.48248273551958143 off 0.27144645912624155 neg 0.24607080535417694	false	0.5
riskant	neg 1.0		__DUMMY__ 0.48781655775040395 off 0.2654274968378562 neg 0.2467559454117399	false	0.5
frustrieren	neg 1.0		__DUMMY__ 0.48786401723182754 off 0.26566365917323437 neg 0.24647232359493812	false	0.5
groll	neg 1.0		__DUMMY__ 0.487599647493531 off 0.26708098068793784 neg 0.2453193718185311	false	0.5
gibt			__DUMMY__ 0.48700015285191045 off 0.26735683569311247 neg 0.24564301145497713	false	0.0
qualvoll	neg 1.0		__DUMMY__ 0.4870076894622411 off 0.27390870278454066 neg 0.23908360775321824	false	0.5
wackeln	neg 1.0	neg 1.0	neg 0.6059502626886306 __DUMMY__ 0.2398765084582394 off 0.15417322885312995	false	1.0
klagen	neg 1.0		__DUMMY__ 0.4887221533808625 off 0.2615812417195772 neg 0.24969660489956036	false	0.5
bankrott	neg 1.0		__DUMMY__ 0.48550477426988503 off 0.27387688883117495 neg 0.2406183368989401	false	0.5
trauern	neg 1.0		__DUMMY__ 0.48975234559415165 off 0.26625844553327194 neg 0.2439892088725763	false	0.5
ablehnung	neg 1.0		__DUMMY__ 0.4851830185527449 off 0.2662597390004471 neg 0.2485572424468081	false	0.5
stur	neg 1.0		__DUMMY__ 0.4855872041077074 off 0.2709337164626485 neg 0.24347907942964406	false	0.5
aufruhr	neg 1.0		__DUMMY__ 0.4878649397606123 off 0.26873634831065446 neg 0.2433987119287333	false	0.5
melancholie	neg 1.0		__DUMMY__ 0.48922989645682746 off 0.26742859849391165 neg 0.24334150504926091	false	0.5
ist			__DUMMY__ 0.48590953698347544 off 0.27139496147497405 neg 0.24269550154155056	false	0.0
torheit	neg 1.0		__DUMMY__ 0.48498747098802897 off 0.26973589816545185 neg 0.2452766308465191	false	0.5
dreckskind	off 1.0		__DUMMY__ 0.4808194604590922 off 0.2814697896901336 neg 0.23771074985077414	false	1.0
umtauschen	neg 1.0		__DUMMY__ 0.48748235210101537 off 0.26922090018631334 neg 0.2432967477126712	false	0.5
zum			__DUMMY__ 0.4941447161232474 off 0.2608550934379719 neg 0.24500019043878055	false	0.0
zersetzen	neg 1.0		__DUMMY__ 0.4875468535793244 off 0.2636264380352984 neg 0.24882670838537727	false	0.5
zur			__DUMMY__ 0.49182814574990685 off 0.2590550989682311 neg 0.2491167552818621	false	0.0
frust	neg 1.0		__DUMMY__ 0.4881242587294264 off 0.2680937885835052 neg 0.24378195268706848	false	0.5
unerbittlichkeit	neg 1.0		__DUMMY__ 0.4876081191110005 off 0.26378267369845454 neg 0.24860920719054502	false	0.5
zwei			__DUMMY__ 0.49259611374007023 off 0.26286658478174435 neg 0.24453730147818542	false	0.0
unkorrekt	neg 1.0		__DUMMY__ 0.48013373847887336 off 0.27648271433628874 neg 0.24338354718483782	false	0.5
hexe	off 1.0		__DUMMY__ 0.4832016651169462 off 0.2750095189160393 neg 0.24178881596701451	false	1.0
lasch	neg 1.0		__DUMMY__ 0.48288142981474447 off 0.27256045983506383 neg 0.24455811035019173	false	0.5
rivale	neg 1.0		__DUMMY__ 0.484748790635659 off 0.2782962883121053 neg 0.23695492105223573	false	0.5
mutlos	off 1.0	off 1.0	off 0.6203348653386697 __DUMMY__ 0.2380919472819434 neg 0.1415731873793869	false	1.0
wirr	off 1.0		__DUMMY__ 0.48070857737232037 off 0.2770834064774052 neg 0.2422080161502746	false	1.0
jahr			__DUMMY__ 0.4910440052518511 off 0.2643535153911505 neg 0.24460247935699833	false	0.0
wird			__DUMMY__ 0.48800372426641764 off 0.2661089294433409 neg 0.24588734629024137	false	0.0
strafbar	neg 1.0		__DUMMY__ 0.4869839739694919 off 0.26518087332485685 neg 0.24783515270565135	false	0.5
erosion	neg 1.0		__DUMMY__ 0.4878173951467485 off 0.27065469877918547 neg 0.24152790607406613	false	0.5
eingehen	neg 1.0		__DUMMY__ 0.4862273775832446 off 0.2659625932332214 neg 0.2478100291835339	false	0.5
faul	off 1.0		__DUMMY__ 0.48622037210213026 off 0.2745949180468969 neg 0.23918470985097282	false	1.0
provisorium	neg 1.0		__DUMMY__ 0.4935555874245717 off 0.25733364143985943 neg 0.2491107711355689	false	0.5
schmerzen	neg 1.0		__DUMMY__ 0.4875038627836997 off 0.269728158200947 neg 0.24276797901535335	false	0.5
schrumpfen	neg 1.0		__DUMMY__ 0.4898588050125232 off 0.25877600887081564 neg 0.25136518611666114	false	0.5
geistlos	off 1.0		__DUMMY__ 0.48205741581708755 off 0.2708347889024028 neg 0.2471077952805098	false	1.0
fehlkauf	neg 1.0		__DUMMY__ 0.4855259470132165 off 0.2711790028885807 neg 0.24329505009820276	false	0.5
frustrierend	neg 1.0		__DUMMY__ 0.48602207285895876 off 0.2742385210473236 neg 0.23973940609371774	false	0.5
unzufrieden	neg 1.0		__DUMMY__ 0.4864552541297299 off 0.26676226141891446 neg 0.24678248445135567	false	0.5
verzweifeln	neg 1.0		__DUMMY__ 0.48718161071521826 off 0.26911826619451673 neg 0.24370012309026498	false	0.5
verzweifelt	neg 1.0		__DUMMY__ 0.485859485851944 off 0.27114613098072393 neg 0.24299438316733213	false	0.5
misstrauensantrag	neg 1.0		__DUMMY__ 0.4853171666083074 off 0.27180820654075455 neg 0.242874626850938	false	0.5
abfallen	neg 1.0		__DUMMY__ 0.4881175224596938 off 0.27168599713222596 neg 0.24019648040808014	false	0.5
fucker	off 1.0		__DUMMY__ 0.4827014186902806 off 0.27668512060454564 neg 0.24061346070517375	false	1.0
ungezogen	neg 1.0		__DUMMY__ 0.4805130610491213 off 0.2850677966274245 neg 0.2344191423234543	false	0.5
irrsinnig	neg 1.0	neg 1.0	neg 0.6088020884286052 __DUMMY__ 0.23759755965812784 off 0.15360035191326685	false	1.0
unfassbar	neg 1.0		__DUMMY__ 0.4834128416012658 off 0.2752450907879552 neg 0.2413420676107791	false	0.5
hart	neg 1.0		__DUMMY__ 0.485181830805671 off 0.27327852428917754 neg 0.24153964490515156	false	0.5
widerlich	off 1.0		__DUMMY__ 0.48250589901790064 off 0.2760466819174896 neg 0.24144741906460973	false	1.0
fatal	neg 1.0		__DUMMY__ 0.4855405588596465 off 0.2715379387360773 neg 0.24292150240427632	false	0.5
bruch	neg 1.0		__DUMMY__ 0.4894361586718924 off 0.26220031641981306 neg 0.24836352490829444	false	0.5
aushungern	neg 1.0		__DUMMY__ 0.4855835543590658 off 0.26757931210901026 neg 0.24683713353192388	false	0.5
anspannung	neg 1.0	neg 1.0	neg 0.6076795437785948 __DUMMY__ 0.24354936519723255 off 0.14877109102417263	false	1.0
von			__DUMMY__ 0.4911146241483844 off 0.26354545408955027 neg 0.24533992176206543	false	0.0
kraftlos	neg 1.0		__DUMMY__ 0.4901848795837083 off 0.2684034675605251 neg 0.24141165285576666	false	0.5
vom			__DUMMY__ 0.4947306240857296 off 0.25858166934874416 neg 0.24668770656552616	false	0.0
grenzdebil	off 1.0		__DUMMY__ 0.4838243681354232 off 0.27669215577249934 neg 0.23948347609207737	false	1.0
vor			__DUMMY__ 0.49022643547693345 off 0.26389869184400944 neg 0.245874872679057	false	0.0
unterwerfen	neg 1.0		__DUMMY__ 0.48781630666778913 off 0.26532818328880176 neg 0.24685551004340925	false	0.5
versenkung	neg 1.0		__DUMMY__ 0.4883269598523566 off 0.26519592667053193 neg 0.2464771134771114	false	0.5
entziehen	neg 1.0		__DUMMY__ 0.4891249563260518 off 0.262574245206848 neg 0.24830079846710007	false	0.5
finanzkrise	neg 1.0		__DUMMY__ 0.4850900780122002 off 0.2675013350979689 neg 0.24740858688983094	false	0.5
schimpfend	neg 1.0		__DUMMY__ 0.4886100081075359 off 0.2715966985439153 neg 0.2397932933485486	false	0.5
profan	neg 1.0		__DUMMY__ 0.48536727818571634 off 0.2726097320834774 neg 0.24202298973080622	false	0.5
korruption	neg 1.0		__DUMMY__ 0.48548283090644123 off 0.2654784227965995 neg 0.2490387462969594	false	0.5
â			__DUMMY__ 0.48850264305384367 off 0.2660732457878322 neg 0.24542411115832413	false	0.0
schmutzig	neg 1.0		__DUMMY__ 0.4851781571593683 off 0.2765839476663331 neg 0.23823789517429866	false	0.5
sexy	neg 1.0		__DUMMY__ 0.4854115983822441 off 0.2733523281616308 neg 0.24123607345612513	false	0.5
abraten	neg 1.0		__DUMMY__ 0.4855717429842604 off 0.27142378991254307 neg 0.2430044671031966	false	0.5
schwarz	neg 1.0		__DUMMY__ 0.48544147250318254 off 0.27075995079760523 neg 0.24379857669921223	false	0.5
fotze	off 1.0		__DUMMY__ 0.4873502374961724 off 0.2651040074950697 neg 0.2475457550087578	false	1.0
verwirren	neg 1.0		__DUMMY__ 0.4852259975997293 off 0.2728080331292028 neg 0.2419659692710678	false	0.5
zahnlos	off 1.0		__DUMMY__ 0.4863251872039457 off 0.2667485477862246 neg 0.2469262650098299	false	1.0
verheeren	neg 1.0		__DUMMY__ 0.4812630252239723 off 0.28648060915467577 neg 0.23225636562135188	false	0.5
hippie	neg 1.0		__DUMMY__ 0.48519565606425863 off 0.2726449404201796 neg 0.24215940351556184	false	0.5
rammen	neg 1.0		__DUMMY__ 0.48732558255661906 off 0.270834978545308 neg 0.241839438898073	false	0.5
unlauter	neg 1.0		__DUMMY__ 0.48219124077218634 off 0.2681820266356683 neg 0.24962673259214543	false	0.5
unheilvoll	neg 1.0		__DUMMY__ 0.4876463023043979 off 0.27281807448197964 neg 0.23953562321362243	false	0.5
niedrig	neg 1.0		__DUMMY__ 0.48994087154635685 off 0.265169897592646 neg 0.2448892308609972	false	0.5
explosion	neg 1.0		__DUMMY__ 0.4851918464324442 off 0.2719793593474147 neg 0.24282879422014103	false	0.5
weichei	off 1.0		__DUMMY__ 0.48107719601704096 off 0.28168088784019085 neg 0.23724191614276816	false	1.0
minusmensch	off 1.0		__DUMMY__ 0.4762017259017626 off 0.2840326820368563 neg 0.2397655920613811	false	1.0
farblos	neg 1.0		__DUMMY__ 0.4903720241694574 off 0.2696194849919817 neg 0.2400084908385608	false	0.5
unwissend	neg 1.0	neg 1.0	neg 0.60749665475697 __DUMMY__ 0.2363850420346527 off 0.15611830320837727	false	1.0
traurig	neg 1.0		__DUMMY__ 0.4831505937146817 off 0.27878182959135556 neg 0.2380675766939628	false	0.5
senkung	neg 1.0		__DUMMY__ 0.4830574537964271 off 0.27137974046764585 neg 0.2455628057359272	false	0.5
ungleich	neg 1.0	neg 1.0	neg 0.6115881640734139 __DUMMY__ 0.23827634469730005 off 0.15013549122928602	false	1.0
heikel	neg 1.0		__DUMMY__ 0.4873767352979147 off 0.263750498920024 neg 0.24887276578206136	false	0.5
drosselung	neg 1.0		__DUMMY__ 0.4841421015489585 off 0.27613405647848843 neg 0.23972384197255303	false	0.5
falsch	neg 1.0		__DUMMY__ 0.4850386763395719 off 0.27414998542389846 neg 0.24081133823652975	false	0.5
unzufriedenheit	neg 1.0		__DUMMY__ 0.48812259274657416 off 0.2633447708109776 neg 0.24853263644244827	false	0.5
kurz	neg 1.0		__DUMMY__ 0.4890919090660998 off 0.26847377412592155 neg 0.24243431680797856	false	0.5
unsinnig	neg 1.0		__DUMMY__ 0.48534326493977265 off 0.26695680968489355 neg 0.2476999253753338	false	0.5
penner	off 1.0	off 1.0	off 0.631278710945328 __DUMMY__ 0.23482749458637728 neg 0.13389379446829475	false	1.0
seicht	neg 1.0		__DUMMY__ 0.47819379320285177 off 0.28394678227017267 neg 0.2378594245269755	false	0.5
dummheit	off 1.0	off 1.0	off 0.6245806380135362 __DUMMY__ 0.23703727866522115 neg 0.13838208332124252	false	1.0
unerfreulich	neg 1.0		__DUMMY__ 0.48928725655970373 off 0.26338924112460327 neg 0.247323502315693	false	0.5
motherfucker	off 1.0	off 1.0	off 0.6271049819972171 __DUMMY__ 0.23588151146602895 neg 0.1370135065367539	false	1.0
pikiert	neg 1.0		__DUMMY__ 0.4827570477263156 off 0.27480385047042044 neg 0.24243910180326403	false	0.5
wrack	neg 1.0		__DUMMY__ 0.4895259356774901 off 0.2655705213133186 neg 0.24490354300919123	false	0.5
gangster	neg 1.0		__DUMMY__ 0.48566491541168555 off 0.2723717438172719 neg 0.2419633407710425	false	0.5
krank	neg 1.0		__DUMMY__ 0.48499638338984696 off 0.2774438636380404 neg 0.23755975297211276	false	0.5
reich	neg 1.0		__DUMMY__ 0.482331611871613 off 0.2729460203660198 neg 0.2447223677623671	false	0.5
gnadenlos	neg 1.0		__DUMMY__ 0.48652768950444003 off 0.2705894256908671 neg 0.24288288480469286	false	0.5
niedergeschlagen	neg 1.0		__DUMMY__ 0.4893237975356464 off 0.269008155305085 neg 0.24166804715926857	false	0.5
terrorisieren	off 1.0	off 1.0	off 0.6211384383182745 __DUMMY__ 0.2393428892420332 neg 0.13951867243969224	false	1.0
sinnlosigkeit	neg 1.0		__DUMMY__ 0.48676040183734953 off 0.267087346666022 neg 0.24615225149662842	false	0.5
behindern	neg 1.0		__DUMMY__ 0.4861838564198974 off 0.26826461815333424 neg 0.24555152542676828	false	0.5
undemokratisch	neg 1.0		__DUMMY__ 0.48365550845075617 off 0.2691737410779565 neg 0.2471707504712874	false	0.5
wirtschaftskrise	neg 1.0		__DUMMY__ 0.48656912307055233 off 0.2653018937977408 neg 0.2481289831317071	false	0.5
neid	neg 1.0		__DUMMY__ 0.4867017556662436 off 0.275540993989333 neg 0.2377572503444234	false	0.5
rutschen	neg 1.0		__DUMMY__ 0.49317008617848435 off 0.2630748868151792 neg 0.24375502700633636	false	0.5
rezession	neg 1.0		__DUMMY__ 0.4810343976473464 off 0.27888345260041003 neg 0.24008214975224362	false	0.5
fehlgeburt	neg 1.0		__DUMMY__ 0.4881072230903636 off 0.27267962290578573 neg 0.23921315400385076	false	0.5
charakterschwach	off 1.0		__DUMMY__ 0.48357438091101174 off 0.2760658909310768 neg 0.24035972815791135	false	1.0
isolation	neg 1.0		__DUMMY__ 0.4857405006785454 off 0.2740594351279322 neg 0.2402000641935223	false	0.5
ablenkung	neg 1.0		__DUMMY__ 0.48687854188720275 off 0.26999059719748 neg 0.2431308609153172	false	0.5
pech	neg 1.0		__DUMMY__ 0.4858280255847253 off 0.274024093731851 neg 0.24014788068342377	false	0.5
vermeidung	neg 1.0		__DUMMY__ 0.48243499500129905 off 0.2757649716693277 neg 0.2418000333293732	false	0.5
dominieren	neg 1.0		__DUMMY__ 0.49009872110577224 off 0.26664126029177254 neg 0.2432600186024551	false	0.5
schwindlig	neg 1.0		__DUMMY__ 0.4890365452953945 off 0.2736930326271786 neg 0.237270422077427	false	0.5
lutscher	neg 1.0		__DUMMY__ 0.478394939779876 off 0.2848481458533324 neg 0.23675691436679164	false	0.5
pflicht	neg 1.0		__DUMMY__ 0.48764020685258 off 0.2636666639535493 neg 0.24869312919387077	false	0.5
faschist	off 1.0		__DUMMY__ 0.48277765804038075 off 0.2715149355157511 neg 0.24570740644386801	false	1.0
verschleudern	neg 1.0		__DUMMY__ 0.48448522422121965 off 0.2634316203068116 neg 0.2520831554719686	false	0.5
wenn			__DUMMY__ 0.48485848554361854 off 0.2743408743300724 neg 0.24080064012630903	false	0.0
ehebruch	neg 1.0		__DUMMY__ 0.4875026849602145 off 0.26591630335549676 neg 0.24658101168428878	false	0.5
spott	off 1.0		__DUMMY__ 0.486618849362511 off 0.26484509852662186 neg 0.24853605211086713	false	1.0
trostlosigkeit	neg 1.0		__DUMMY__ 0.48937967140520783 off 0.2629976683169368 neg 0.2476226602778553	false	0.5
lutschen	neg 1.0		__DUMMY__ 0.4848107296253054 off 0.2718951955881478 neg 0.24329407478654683	false	0.5
undiszipliniert	neg 1.0		__DUMMY__ 0.48402668751929234 off 0.27811117677531805 neg 0.23786213570538964	false	0.5
kopfschmerz	neg 1.0		__DUMMY__ 0.48946957323362567 off 0.2688855669211792 neg 0.24164485984519507	false	0.5
unvorhergesehen	neg 1.0		__DUMMY__ 0.4911529881031392 off 0.2666825579520826 neg 0.2421644539447782	false	0.5
desinteressiert	neg 1.0		__DUMMY__ 0.4826483471501846 off 0.27733474420554427 neg 0.24001690864427117	false	0.5
armselig	off 1.0		__DUMMY__ 0.4809535126131307 off 0.2778195888530114 neg 0.24122689853385793	false	1.0
desaster	neg 1.0		__DUMMY__ 0.4883709893601764 off 0.2610210972147897 neg 0.2506079134250338	false	0.5
tod	neg 1.0		__DUMMY__ 0.48990115431447145 off 0.26679304660505815 neg 0.24330579908047034	false	0.5
herzlos	neg 1.0		__DUMMY__ 0.4820089496314148 off 0.2788934324259294 neg 0.23909761794265585	false	0.5
unwissenheit	neg 1.0		__DUMMY__ 0.4852625591750724 off 0.26613657320896117 neg 0.24860086761596648	false	0.5
widersinnig	neg 1.0	neg 1.0	neg 0.6125191949260906 __DUMMY__ 0.2365015299060164 off 0.15097927516789297	false	1.0
bedenklich	neg 1.0		__DUMMY__ 0.4868285540464714 off 0.26531174871956587 neg 0.24785969723396267	false	0.5
beanstanden	neg 1.0		__DUMMY__ 0.48801375256541835 off 0.26303709316527196 neg 0.24894915426930958	false	0.5
panisch	neg 1.0	neg 1.0	neg 0.6044938101407662 __DUMMY__ 0.23985270131480196 off 0.1556534885444319	false	1.0
debil	off 1.0		__DUMMY__ 0.49118918460704153 off 0.25825863377411706 neg 0.25055218161884146	false	1.0
abstrich	neg 1.0		__DUMMY__ 0.4865447712965895 off 0.2655646279895281 neg 0.2478906007138824	false	0.5
primitiv	neg 1.0		__DUMMY__ 0.4825536633415864 off 0.27659688332101845 neg 0.24084945333739508	false	0.5
abschaum	off 1.0	off 1.0	off 0.6259441449760745 __DUMMY__ 0.23664850000858142 neg 0.1374073550153441	false	1.0
provozieren	neg 1.0		__DUMMY__ 0.485682304274475 off 0.2700271625054522 neg 0.24429053322007285	false	0.5
tot	neg 1.0		__DUMMY__ 0.48643642565953293 off 0.2645159974834638 neg 0.2490475768570031	false	0.5
instabil	neg 1.0		__DUMMY__ 0.4802642053029325 off 0.2752928066434189 neg 0.24444298805364859	false	0.5
schwuchtel	off 1.0		__DUMMY__ 0.47663849923393253 off 0.28976253366359617 neg 0.23359896710247138	false	1.0
zerren	neg 1.0		__DUMMY__ 0.48924324630660654 off 0.2690908355858016 neg 0.2416659181075919	false	0.5
kinderficker	off 1.0		__DUMMY__ 0.4790380068379364 off 0.28000313225080875 neg 0.2409588609112548	false	1.0
gefahr	neg 1.0		__DUMMY__ 0.4892928143994458 off 0.26399276996615473 neg 0.24671441563439933	false	0.5
rabiat	neg 1.0		__DUMMY__ 0.4859955516158842 off 0.269341839102719 neg 0.24466260928139671	false	0.5
verlangsamung	neg 1.0		__DUMMY__ 0.48079429101213567 off 0.2829542297035813 neg 0.23625147928428292	false	0.5
ausgestorben	neg 1.0		__DUMMY__ 0.4880604691828231 off 0.2694055749739638 neg 0.24253395584321308	false	0.5
anklagen	neg 1.0		__DUMMY__ 0.4867425326452372 off 0.2673723222900521 neg 0.24588514506471057	false	0.5
trott	neg 1.0		__DUMMY__ 0.4873332709689981 off 0.268989791744322 neg 0.24367693728667983	false	0.5
verminderung	neg 1.0		__DUMMY__ 0.481893570291148 off 0.2764952551753205 neg 0.24161117453353162	false	0.5
nach			__DUMMY__ 0.4950733709539381 off 0.2618306517405638 neg 0.243095977305498	false	0.0
rost	neg 1.0		__DUMMY__ 0.48180244170957526 off 0.2817979576589584 neg 0.2363996006314664	false	0.5
destruktiv	neg 1.0		__DUMMY__ 0.48430604980837066 off 0.26801696913704376 neg 0.24767698105458547	false	0.5
unzumutbarkeit	neg 1.0		__DUMMY__ 0.4849997543777099 off 0.2746942355166745 neg 0.2403060101056155	false	0.5
labil	off 1.0	off 1.0	off 0.625878613973076 __DUMMY__ 0.23669921994549373 neg 0.1374221660814302	false	1.0
ziemlich	neg 1.0		__DUMMY__ 0.48467712884289843 off 0.2763032957662589 neg 0.23901957539084276	false	0.5
lachnummer	off 1.0		__DUMMY__ 0.4852687178421596 off 0.2686681381833216 neg 0.2460631439745189	false	1.0
oder			__DUMMY__ 0.48750258234072924 off 0.27020135047729593 neg 0.24229606718197483	false	0.0
verfall	neg 1.0		__DUMMY__ 0.4901525994379978 off 0.2589463266992858 neg 0.2509010738627163	false	0.5
ausgrenzung	neg 1.0		__DUMMY__ 0.48406101441288535 off 0.27029317966149874 neg 0.24564580592561597	false	0.5
unordnung	neg 1.0		__DUMMY__ 0.4846808121842228 off 0.2755238546142705 neg 0.2397953332015066	false	0.5
fehlverhalten	neg 1.0		__DUMMY__ 0.48755211610964033 off 0.26403888834710815 neg 0.2484089955432517	false	0.5
eine			__DUMMY__ 0.4889106366662561 off 0.263765001365193 neg 0.2473243619685508	false	0.0
nille	neg 1.0		__DUMMY__ 0.48688409143243044 off 0.26809358939330086 neg 0.24502231917426875	false	0.5
qual	neg 1.0		__DUMMY__ 0.48728204506447753 off 0.26873783719280303 neg 0.2439801177427193	false	0.5
verschwenden	neg 1.0		__DUMMY__ 0.4871817771695555 off 0.2660480672062499 neg 0.2467701556241946	false	0.5
riesig	neg 1.0	neg 1.0	neg 0.6079245115511108 __DUMMY__ 0.24049420579640243 off 0.15158128265248683	false	1.0
verurteilen	neg 1.0		__DUMMY__ 0.48683895220377443 off 0.2668568200271278 neg 0.24630422776909772	false	0.5
klischee	neg 1.0	neg 1.0	neg 0.6085299795446371 __DUMMY__ 0.2364793765361711 off 0.15499064391919176	false	1.0
diktatorisch	neg 1.0		__DUMMY__ 0.48294768481196987 off 0.26958465406976095 neg 0.24746766111826923	false	0.5
vorhersehbar	neg 1.0	neg 1.0	neg 0.608136785225198 __DUMMY__ 0.23709531737616715 off 0.15476789739863475	false	1.0
sowie			__DUMMY__ 0.4808574757902188 off 0.28075153008439063 neg 0.23839099412539053	false	0.0
stornieren	neg 1.0		__DUMMY__ 0.4893226092056122 off 0.2714484494411286 neg 0.23922894135325923	false	0.5
besteuerung	neg 1.0		__DUMMY__ 0.48347519107319836 off 0.26888244030244507 neg 0.24764236862435665	false	0.5
ungeschminkt	neg 1.0		__DUMMY__ 0.4831288004639935 off 0.2759215280785144 neg 0.24094967145749224	false	0.5
kritisch	neg 1.0		__DUMMY__ 0.4866655631066913 off 0.2649687255430046 neg 0.24836571135030405	false	0.5
schlamperei	off 1.0		__DUMMY__ 0.48668015540198173 off 0.2636389078348946 neg 0.24968093676312383	false	1.0
sucht	neg 1.0	neg 1.0	neg 0.6073501670095611 __DUMMY__ 0.23930625540709133 off 0.15334357758334766	false	1.0
egoistisch	off 1.0		__DUMMY__ 0.4815166872883471 off 0.2817408779057914 neg 0.23674243480586135	false	1.0
ausbeuter	off 1.0		__DUMMY__ 0.4865548547193217 off 0.2634519508735694 neg 0.24999319440710893	false	1.0
arschgeburt	off 1.0		__DUMMY__ 0.47608274432806374 off 0.28968966571431964 neg 0.23422758995761653	false	1.0
schubs	neg 1.0	neg 1.0	neg 0.6072542506134297 __DUMMY__ 0.24040107301951455 off 0.15234467636705568	false	1.0
unsolide	neg 1.0		__DUMMY__ 0.48040468740638254 off 0.2691181322995873 neg 0.25047718029403016	false	0.5
beschwerde	neg 1.0		__DUMMY__ 0.486936408669702 off 0.26400451286275106 neg 0.24905907846754702	false	0.5
stocken	neg 1.0		__DUMMY__ 0.4884084656097001 off 0.26539248042161256 neg 0.2461990539686873	false	0.5
isolieren	neg 1.0		__DUMMY__ 0.4875029733985791 off 0.26646076529626506 neg 0.24603626130515585	false	0.5
unheilbar	neg 1.0		__DUMMY__ 0.48860613184806023 off 0.27104244373620134 neg 0.24035142441573829	false	0.5
pisser	off 1.0		__DUMMY__ 0.48390901245096873 off 0.2775310646471515 neg 0.2385599229018798	false	1.0
löschen	neg 1.0		__DUMMY__ 0.48691410040834915 off 0.26941241514925224 neg 0.2436734844423987	false	0.5
durchfallen	neg 1.0		__DUMMY__ 0.4857471884884141 off 0.266254864859542 neg 0.2479979466520439	false	0.5
wichser	off 1.0		__DUMMY__ 0.4794342357522669 off 0.28683329449812 neg 0.2337324697496132	false	1.0
terror	neg 1.0		__DUMMY__ 0.4866832345744001 off 0.27287710465168874 neg 0.24043966077391127	false	0.5
krass	neg 1.0		__DUMMY__ 0.48191207909720524 off 0.27943603662279937 neg 0.23865188427999545	false	0.5
revolte	neg 1.0		__DUMMY__ 0.4839831058587718 off 0.27100229994324826 neg 0.24501459419798005	false	0.5
besorgt	neg 1.0		__DUMMY__ 0.4899384490478321 off 0.2682884305528971 neg 0.24177312039927076	false	0.5
nachlassen	neg 1.0		__DUMMY__ 0.4887770343846867 off 0.2650902772774036 neg 0.24613268833790966	false	0.5
alt	neg 1.0		__DUMMY__ 0.48847580409920366 off 0.2662677277842084 neg 0.245256468116588	false	0.5
hundesohn	off 1.0		__DUMMY__ 0.47843782303710375 off 0.28435455962755923 neg 0.23720761733533688	false	1.0
als			__DUMMY__ 0.48856269430515226 off 0.26796656163951516 neg 0.24347074405533253	false	0.0
abschreckung	neg 1.0		__DUMMY__ 0.4890640954145083 off 0.2628804472820733 neg 0.2480554573034184	false	0.5
unqualifiziert	neg 1.0		__DUMMY__ 0.4817369086240743 off 0.27165113255606244 neg 0.24661195881986328	false	0.5
abgewichst	off 1.0		__DUMMY__ 0.4873911705130086 off 0.26752389488131006 neg 0.2450849346056813	false	1.0
schwer	neg 1.0		__DUMMY__ 0.4873180833266667 off 0.2696937158549743 neg 0.2429882008183589	false	0.5
bedeutungslosigkeit	neg 1.0		__DUMMY__ 0.488113247665776 off 0.26360742015468663 neg 0.24827933217953732	false	0.5
kapitulation	neg 1.0		__DUMMY__ 0.48597286236414733 off 0.2644748357481433 neg 0.24955230188770935	false	0.5
unscharf	neg 1.0		__DUMMY__ 0.4851392677970207 off 0.27188210937098345 neg 0.24297862283199578	false	0.5
schwinden	neg 1.0		__DUMMY__ 0.4888294147023454 off 0.2637727328372215 neg 0.24739785246043303	false	0.5
versklavung	neg 1.0		__DUMMY__ 0.4835987072723318 off 0.269410820850768 neg 0.2469904718769002	false	0.5
schlecht	neg 1.0		__DUMMY__ 0.48490601188288535 off 0.2765241329641738 neg 0.23856985515294088	false	0.5
verhasst	neg 1.0		__DUMMY__ 0.4856506513766067 off 0.2704892253729849 neg 0.24386012325040854	false	0.5
beschweren	neg 1.0		__DUMMY__ 0.4858783004548929 off 0.2716035222643502 neg 0.24251817728075692	false	0.5
scheiden	neg 1.0		__DUMMY__ 0.4891220803098479 off 0.2708089146453849 neg 0.24006900504476722	false	0.5
frustriert	neg 1.0		__DUMMY__ 0.48741547316222145 off 0.26840336897848105 neg 0.24418115785929748	false	0.5
schimmelig	neg 1.0		__DUMMY__ 0.4892699395345926 off 0.2657733417790255 neg 0.24495671868638205	false	0.5
fisch	neg 1.0		__DUMMY__ 0.49072707014187733 off 0.26465594068831816 neg 0.2446169891698044	false	0.5
schmuggel	neg 1.0		__DUMMY__ 0.4915470376969385 off 0.2649806240444186 neg 0.2434723382586429	false	0.5
auffallen	neg 1.0		__DUMMY__ 0.4857001024970126 off 0.2723761776742045 neg 0.2419237198287829	false	0.5
konkurrenz	neg 1.0	neg 1.0	neg 0.6108872232092669 __DUMMY__ 0.23994079543569113 off 0.14917198135504195	false	1.0
teufelskreis	neg 1.0		__DUMMY__ 0.487094284256633 off 0.26894591985965277 neg 0.24395979588371428	false	0.5
aufschreien	neg 1.0		__DUMMY__ 0.484865737031325 off 0.2719059656697365 neg 0.24322829729893847	false	0.5
schuldner	neg 1.0		__DUMMY__ 0.4884034738324428 off 0.26386314541171024 neg 0.24773338075584694	false	0.5
missgeburt	off 1.0	off 1.0	off 0.6296142876268318 __DUMMY__ 0.23520198717085378 neg 0.1351837252023144	false	1.0
arbeitslos	neg 1.0		__DUMMY__ 0.48591243167936 off 0.26664506075738226 neg 0.24744250756325775	false	0.5
befallen	neg 1.0		__DUMMY__ 0.4874182015951301 off 0.2677983453914341 neg 0.2447834530134357	false	0.5
miesepetrig	off 1.0	off 1.0	off 0.6270682832757091 __DUMMY__ 0.23748417933031288 neg 0.13544753739397797	false	1.0
alarmieren	neg 1.0		__DUMMY__ 0.4836207528593651 off 0.27388111430595424 neg 0.24249813283468064	false	0.5
ungeduscht	off 1.0		__DUMMY__ 0.48604430848348595 off 0.27390905350805295 neg 0.24004663800846107	false	1.0
knappheit	neg 1.0		__DUMMY__ 0.4860148880132813 off 0.2645589720418673 neg 0.24942613994485135	false	0.5
schlange	neg 1.0		__DUMMY__ 0.4881758980108794 off 0.27242009928540595 neg 0.23940400270371467	false	0.5
harsch	neg 1.0		__DUMMY__ 0.4836049795935158 off 0.2807772805143691 neg 0.23561773989211496	false	0.5
lang	neg 1.0		__DUMMY__ 0.487035450713277 off 0.27001936734115517 neg 0.24294518194556786	false	0.5
ziellos	neg 1.0		__DUMMY__ 0.48954419799087484 off 0.26762730843248417 neg 0.24282849357664085	false	0.5
selbstverliebt	neg 1.0		__DUMMY__ 0.4771273527631595 off 0.2869904567600355 neg 0.23588219047680511	false	0.5
beseitigen	neg 1.0		__DUMMY__ 0.48691189039728033 off 0.2682633319377789 neg 0.24482477766494085	false	0.5
dumm	off 1.0		__DUMMY__ 0.4801314131984281 off 0.28237734884680177 neg 0.2374912379547701	false	1.0
arbeitsloser	neg 1.0		__DUMMY__ 0.4878702076320164 off 0.2663558314827294 neg 0.2457739608852542	false	0.5
blitzen	neg 1.0		__DUMMY__ 0.4855212969670255 off 0.2730054722533637 neg 0.2414732307796108	false	0.5
hilflos	neg 1.0		__DUMMY__ 0.488070486629205 off 0.2681278392178268 neg 0.2438016741529682	false	0.5
eklig	off 1.0		__DUMMY__ 0.4809014973837995 off 0.28355168031842254 neg 0.2355468222977779	false	1.0
begriff			__DUMMY__ 0.48585819334988756 off 0.2676634049862258 neg 0.24647840166388665	false	0.0
hungersnot	neg 1.0		__DUMMY__ 0.48824768888330494 off 0.2678937310859014 neg 0.24385858003079372	false	0.5
ungesetzlich	neg 1.0		__DUMMY__ 0.48130131173196067 off 0.26976605897672007 neg 0.24893262929131932	false	0.5
verschwendung	neg 1.0		__DUMMY__ 0.48814783125602507 off 0.2648990518669402 neg 0.24695311687703486	false	0.5
schmerzvoll	neg 1.0		__DUMMY__ 0.48637354384904796 off 0.27175973574625917 neg 0.24186672040469281	false	0.5
vorzeitig	neg 1.0		__DUMMY__ 0.487095736526356 off 0.273605333801795 neg 0.23929892967184904	false	0.5
unvollkommenheit	neg 1.0		__DUMMY__ 0.49148881505962044 off 0.26850211977104066 neg 0.24000906516933893	false	0.5
intervenieren	neg 1.0		__DUMMY__ 0.4862734686625034 off 0.2636914793750901 neg 0.2500350519624065	false	0.5
banause	off 1.0		__DUMMY__ 0.4784509244458391 off 0.2850546190286529 neg 0.23649445652550802	false	1.0
rebell	neg 1.0		__DUMMY__ 0.4895378430901704 off 0.2612092192965856 neg 0.24925293761324405	false	0.5
unlogisch	neg 1.0		__DUMMY__ 0.48221519535421137 off 0.27858566320344585 neg 0.2391991414423428	false	0.5
leiden	neg 1.0		__DUMMY__ 0.49227856346035914 off 0.2659234598696877 neg 0.24179797666995315	false	0.5
abschaffung	neg 1.0		__DUMMY__ 0.48372985152799847 off 0.2687850096608117 neg 0.24748513881118978	false	0.5
sturz	neg 1.0		__DUMMY__ 0.48813752502221996 off 0.26998601913431697 neg 0.24187645584346307	false	0.5
verkleinerung	neg 1.0		__DUMMY__ 0.4823527712199305 off 0.2714281543567387 neg 0.24621907442333077	false	0.5
schmarotzer	off 1.0		__DUMMY__ 0.4853909186111563 off 0.2662631859481607 neg 0.2483458954406831	false	1.0
bestrafung	neg 1.0		__DUMMY__ 0.48580551338393585 off 0.2709376512388944 neg 0.24325683537716974	false	0.5
achtlos	neg 1.0		__DUMMY__ 0.48819970452744665 off 0.26998227162941757 neg 0.2418180238431358	false	0.5
ungeheuer	neg 1.0		__DUMMY__ 0.48568663404781864 off 0.2729998322086639 neg 0.24131353374351755	false	0.5
unaufrichtig	neg 1.0		__DUMMY__ 0.48446451248160616 off 0.27142416440212136 neg 0.24411132311627257	false	0.5
groggy	neg 1.0		__DUMMY__ 0.48496575956165994 off 0.2721934320655403 neg 0.2428408083727999	false	0.5
verletzlich	neg 1.0		__DUMMY__ 0.48359673720245316 off 0.27746314113516707 neg 0.23894012166237968	false	0.5
