unsolidarisch	neg 1.0		__DUMMY__ 0.4822789975855914 off 0.2673708735435479 neg 0.2503501288708606	false	0.5
nachteilig	neg 1.0		__DUMMY__ 0.4874986755715665 off 0.2645378008617896 neg 0.24796352356664392	false	0.5
skeptisch	neg 1.0		__DUMMY__ 0.48794394881269193 off 0.2637840455941051 neg 0.248272005593203	false	0.5
schrecklich	neg 1.0		__DUMMY__ 0.48252333712370554 off 0.27979949553415834 neg 0.237677167342136	false	0.5
schlapp	neg 1.0		__DUMMY__ 0.4856098627086567 off 0.27540574363846676 neg 0.2389843936528767	false	0.5
abfall	neg 1.0		__DUMMY__ 0.49013312170774215 off 0.26142570261942416 neg 0.24844117567283378	false	0.5
widerspenstig	neg 1.0		__DUMMY__ 0.4872352466422216 off 0.2697624633380408 neg 0.24300229001973753	false	0.5
abrupt	neg 1.0		__DUMMY__ 0.4900617645104939 off 0.2652577331760384 neg 0.24468050231346777	false	0.5
unwirksam	neg 1.0		__DUMMY__ 0.4832952066749122 off 0.26777289476720795 neg 0.24893189855787987	false	0.5
angreifen	neg 1.0	neg 1.0	neg 0.6106828005481599 __DUMMY__ 0.23922917436802474 off 0.15008802508381536	false	1.0
inkonsistent	neg 1.0		__DUMMY__ 0.48604170865818636 off 0.27018443620723004 neg 0.2437738551345836	false	0.5
abrutschen	neg 1.0		__DUMMY__ 0.48995371105244434 off 0.2617818004182237 neg 0.24826448852933192	false	0.5
unsicher	neg 1.0		__DUMMY__ 0.48761314113042276 off 0.26998472357384773 neg 0.24240213529572957	false	0.5
bauernkind	off 1.0	off 1.0	off 0.6282737811784747 __DUMMY__ 0.2348069744167559 neg 0.13691924440476938	false	1.0
angreifer	neg 1.0		__DUMMY__ 0.48766492983407583 off 0.27145448168784847 neg 0.24088058847807575	false	0.5
trennen	neg 1.0		__DUMMY__ 0.49102681592203606 off 0.26606480203402205 neg 0.242908382043942	false	0.5
schmutz	neg 1.0		__DUMMY__ 0.4915170751653324 off 0.27354472857536183 neg 0.23493819625930576	false	0.5
inkonsistenz	neg 1.0		__DUMMY__ 0.4821281086269166 off 0.27277109729725874 neg 0.24510079407582475	false	0.5
erschreckend	neg 1.0		__DUMMY__ 0.4863009431951096 off 0.26800071622448 neg 0.24569834058041035	false	0.5
ertrinken	neg 1.0		__DUMMY__ 0.4902251407126631 off 0.2666829564887616 neg 0.24309190279857518	false	0.5
pickelface	off 1.0		__DUMMY__ 0.48678641653687105 off 0.26696924138232114 neg 0.24624434208080784	false	1.0
seiner			__DUMMY__ 0.4894769304796272 off 0.26498650536616775 neg 0.24553656415420502	false	0.0
lauch	neg 1.0		__DUMMY__ 0.48809128739695784 off 0.26098484846131925 neg 0.2509238641417228	false	0.5
unwichtig	neg 1.0		__DUMMY__ 0.48408788644143436 off 0.27445469837164765 neg 0.2414574151869181	false	0.5
steuerhinterziehung	neg 1.0		__DUMMY__ 0.485388862381122 off 0.26666123233166 neg 0.24794990528721803	false	0.5
schock	neg 1.0		__DUMMY__ 0.4897031546256605 off 0.26968065059478435 neg 0.24061619477955515	false	0.5
beule	neg 1.0		__DUMMY__ 0.48594276098839306 off 0.2759273810464975 neg 0.23812985796510935	false	0.5
vergelten	neg 1.0		__DUMMY__ 0.48582468160000175 off 0.2793556451327731 neg 0.23481967326722505	false	0.5
verdorbenheit	neg 1.0		__DUMMY__ 0.4872058842389355 off 0.2689323977579849 neg 0.24386171800307968	false	0.5
trauma	neg 1.0		__DUMMY__ 0.4862688242917551 off 0.27052231898956614 neg 0.24320885671867884	false	0.5
sinnlos	neg 1.0		__DUMMY__ 0.48654856505477645 off 0.2723920390362916 neg 0.24105939590893197	false	0.5
fettsack	off 1.0	off 1.0	off 0.629826776887053 __DUMMY__ 0.23558814083852644 neg 0.13458508227442056	false	1.0
feige	off 1.0	off 1.0	off 0.6261790166318946 __DUMMY__ 0.23630316288763067 neg 0.13751782048047473	false	1.0
abdanken	neg 1.0		__DUMMY__ 0.48573854697265834 off 0.2679366313557893 neg 0.2463248216715525	false	0.5
wichtigtuer	off 1.0	off 1.0	off 0.6243708573805538 __DUMMY__ 0.23715792538956407 neg 0.13847121722988215	false	1.0
misslingen	neg 1.0		__DUMMY__ 0.48997934654162584 off 0.2719099522680751 neg 0.23811070119029917	false	0.5
untreu	off 1.0		__DUMMY__ 0.4837526623827811 off 0.27586968957778485 neg 0.2403776480394341	false	1.0
missmutig	neg 1.0		__DUMMY__ 0.4851321093731215 off 0.27496296439902307 neg 0.23990492622785542	false	0.5
hurenbock	off 1.0		__DUMMY__ 0.48695517692377976 off 0.2711425164672548 neg 0.24190230660896545	false	1.0
betrunken	neg 1.0		__DUMMY__ 0.4856186805647242 off 0.27848645437773034 neg 0.23589486505754548	false	0.5
korrupt	off 1.0		__DUMMY__ 0.48399802732677005 off 0.2652859245512642 neg 0.25071604812196596	false	1.0
unmut	neg 1.0		__DUMMY__ 0.48920801008696685 off 0.2612148476885808 neg 0.24957714222445232	false	0.5
hackfresse	off 1.0		__DUMMY__ 0.4800895363869974 off 0.28309065120657484 neg 0.23681981240642772	false	1.0
aufblasen	neg 1.0		__DUMMY__ 0.48788669015451797 off 0.271753156348276 neg 0.24036015349720605	false	0.5
gewaltsam	neg 1.0		__DUMMY__ 0.4874488445192711 off 0.26862673498560186 neg 0.24392442049512694	false	0.5
unbeliebtheit	neg 1.0		__DUMMY__ 0.47909052712591665 off 0.2716738912481596 neg 0.24923558162592363	false	0.5
sturheit	neg 1.0		__DUMMY__ 0.48610165713102865 off 0.2679035320889906 neg 0.24599481077998075	false	0.5
kuh	neg 1.0		__DUMMY__ 0.4847235089674131 off 0.2693369497168016 neg 0.2459395413157851	false	0.5
erschrecken	neg 1.0		__DUMMY__ 0.48570423722549777 off 0.2743156251467228 neg 0.23998013762777945	false	0.5
opfer	neg 1.0		__DUMMY__ 0.489120501911441 off 0.2662903569116478 neg 0.2445891411769111	false	0.5
sinken	neg 1.0		__DUMMY__ 0.48911931559487504 off 0.2617995270494174 neg 0.24908115735570763	false	0.5
stinktier	neg 1.0		__DUMMY__ 0.481412029551187 off 0.28000972852894557 neg 0.2385782419198675	false	0.5
tucke	off 1.0		__DUMMY__ 0.4772468197114038 off 0.28247673095733183 neg 0.24027644933126444	false	1.0
ein			__DUMMY__ 0.48730773481993195 off 0.27063486590855046 neg 0.24205739927151754	false	0.0
abstieg	neg 1.0		__DUMMY__ 0.49103340154846753 off 0.26597256330418073 neg 0.24299403514735185	false	0.5
missverstehen	neg 1.0		__DUMMY__ 0.4844562892832307 off 0.27183430780045736 neg 0.243709402916312	false	0.5
ergebnislos	neg 1.0		__DUMMY__ 0.4881220972292213 off 0.2645638148595671 neg 0.24731408791121165	false	0.5
unter			__DUMMY__ 0.4944666847443853 off 0.2580432721896199 neg 0.24749004306599479	false	0.0
manipulieren	neg 1.0		__DUMMY__ 0.48836429328235437 off 0.2640850708016506 neg 0.24755063591599502	false	0.5
unbewiesen	neg 1.0		__DUMMY__ 0.4821034210069454 off 0.2676616199277576 neg 0.25023495906529697	false	0.5
verschleppen	neg 1.0		__DUMMY__ 0.4879267972564236 off 0.2665226959257896 neg 0.24555050681778687	false	0.5
weib	off 1.0		__DUMMY__ 0.4803140417293257 off 0.28314056422632594 neg 0.2365453940443484	false	1.0
opposition	neg 1.0		__DUMMY__ 0.48489533493396486 off 0.27083952933039873 neg 0.24426513573563643	false	0.5
verkehrswidrig	neg 1.0	neg 1.0	neg 0.6015963363563409 __DUMMY__ 0.23910137124449693 off 0.15930229239916224	false	1.0
inkorrekt	neg 1.0		__DUMMY__ 0.48082509338251916 off 0.27611350437636717 neg 0.2430614022411136	false	0.5
vermeiden	neg 1.0		__DUMMY__ 0.49187998817084455 off 0.2597828666442383 neg 0.24833714518491706	false	0.5
abweichung	neg 1.0		__DUMMY__ 0.4868449008712923 off 0.26457524052307063 neg 0.24857985860563697	false	0.5
alkoholisiert	neg 1.0		__DUMMY__ 0.4929713886824692 off 0.26601698579808636 neg 0.24101162551944438	false	0.5
scheiss	off 1.0	off 1.0	off 0.6267951248352415 __DUMMY__ 0.23745189388380009 neg 0.13575298128095842	false	1.0
herausforderung	neg 1.0	neg 1.0	neg 0.6068226844690441 __DUMMY__ 0.24204602525866623 off 0.15113129027228964	false	1.0
pervers	off 1.0		__DUMMY__ 0.479249459349087 off 0.2866386033941736 neg 0.23411193725673937	false	1.0
wackelig	neg 1.0		__DUMMY__ 0.49049755241781384 off 0.2679973598432173 neg 0.24150508773896892	false	0.5
verwickeln	neg 1.0		__DUMMY__ 0.4844797858415537 off 0.2717138879728481 neg 0.24380632618559825	false	0.5
vorwand	neg 1.0		__DUMMY__ 0.4888578232244775 off 0.2633314134357463 neg 0.24781076333977609	false	0.5
muschi	off 1.0		__DUMMY__ 0.486620286241576 off 0.26741928669987874 neg 0.24596042705854515	false	1.0
entmutigung	neg 1.0		__DUMMY__ 0.4843575972324141 off 0.2702666465246853 neg 0.24537575624290053	false	0.5
unangemessen	neg 1.0		__DUMMY__ 0.48593206979449244 off 0.26678550198767353 neg 0.2472824282178341	false	0.5
unstetig	neg 1.0		__DUMMY__ 0.48718649284148574 off 0.2707987610285123 neg 0.24201474613000182	false	0.5
entmutigen	neg 1.0		__DUMMY__ 0.4857266153270604 off 0.2707509824383944 neg 0.2435224022345452	false	0.5
schwanz	neg 1.0		__DUMMY__ 0.48845992181052933 off 0.264359728298289 neg 0.2471803498911815	false	0.5
verbot	neg 1.0		__DUMMY__ 0.48570423123754924 off 0.2656350344973532 neg 0.24866073426509752	false	0.5
leid	neg 1.0		__DUMMY__ 0.4826678227524119 off 0.2813103402100335 neg 0.23602183703755458	false	0.5
archaisch	neg 1.0		__DUMMY__ 0.48730690905857094 off 0.2671978337329918 neg 0.2454952572084372	false	0.5
gegen			__DUMMY__ 0.4903282044994512 off 0.2630721226867569 neg 0.24659967281379178	false	0.0
scheidung	neg 1.0		__DUMMY__ 0.4784800916079818 off 0.2904322511120052 neg 0.231087657280013	false	0.5
einschlag	neg 1.0	neg 1.0	neg 0.6051927416233895 __DUMMY__ 0.2367546724157273 off 0.1580525859608831	false	1.0
m			__DUMMY__ 0.4884675557210874 off 0.2673628665235065 neg 0.24416957775540607	false	0.0
abgestanden	neg 1.0		__DUMMY__ 0.4881339222145079 off 0.2709307051487307 neg 0.24093537263676137	false	0.5
schmierig	off 1.0		__DUMMY__ 0.4830429117006233 off 0.2808351462275173 neg 0.23612194207185944	false	1.0
unpraktisch	neg 1.0		__DUMMY__ 0.4881342094119283 off 0.2713509865568639 neg 0.24051480403120765	false	0.5
wixxer	off 1.0		__DUMMY__ 0.47833668305636357 off 0.2859508893729286 neg 0.2357124275707078	false	1.0
bezeichnet			__DUMMY__ 0.4860199041846237 off 0.2686473663188869 neg 0.24533272949648946	false	0.0
jammerlappen	off 1.0		__DUMMY__ 0.48439788408163287 off 0.2747826263767067 neg 0.24081948954166055	false	1.0
farce	neg 1.0		__DUMMY__ 0.4846424448283311 off 0.26615846778291824 neg 0.24919908738875063	false	0.5
zwecklos	neg 1.0		__DUMMY__ 0.4866516091139782 off 0.2670427882629587 neg 0.24630560262306309	false	0.5
turbulent	neg 1.0		__DUMMY__ 0.4829147686538191 off 0.27467321725313665 neg 0.24241201409304422	false	0.5
invasion	neg 1.0		__DUMMY__ 0.48616642591169795 off 0.27229076249148504 neg 0.241542811596817	false	0.5
schuld	neg 1.0		__DUMMY__ 0.48619877663330757 off 0.2704462377931536 neg 0.2433549855735388	false	0.5
risiko	neg 1.0		__DUMMY__ 0.48735730389583387 off 0.27001470626930524 neg 0.24262798983486092	false	0.5
finster	neg 1.0		__DUMMY__ 0.48732383104805754 off 0.2709354936446404 neg 0.24174067530730203	false	0.5
geisteskrank	off 1.0		__DUMMY__ 0.48265884101996054 off 0.2762074382870467 neg 0.2411337206929927	false	1.0
zusammenbrechen	neg 1.0		__DUMMY__ 0.48837106416482234 off 0.268420864014083 neg 0.24320807182109472	false	0.5
ausbeute	neg 1.0		__DUMMY__ 0.4898762756010258 off 0.2648952015712657 neg 0.24522852282770843	false	0.5
hinterhalt	neg 1.0		__DUMMY__ 0.4877270031566785 off 0.26738200045826543 neg 0.2448909963850561	false	0.5
kritik	neg 1.0		__DUMMY__ 0.4852183132229792 off 0.26621124210798125 neg 0.24857044466903952	false	0.5
einschrumpfen	neg 1.0		__DUMMY__ 0.4824827355195812 off 0.2714464591262413 neg 0.24607080535417752	false	0.5
riskant	neg 1.0		__DUMMY__ 0.4878165577504037 off 0.26542749683785627 neg 0.24675594541173984	false	0.5
frustrieren	neg 1.0		__DUMMY__ 0.48786401723182765 off 0.26566365917323426 neg 0.24647232359493804	false	0.5
groll	neg 1.0		__DUMMY__ 0.4875996474935312 off 0.2670809806879379 neg 0.24531937181853083	false	0.5
gibt			__DUMMY__ 0.48700015285191084 off 0.2673568356931123 neg 0.24564301145497688	false	0.0
qualvoll	neg 1.0		__DUMMY__ 0.4870076894622412 off 0.27390870278454094 neg 0.23908360775321785	false	0.5
wackeln	neg 1.0	neg 1.0	neg 0.6059502626886308 __DUMMY__ 0.23987650845823916 off 0.15417322885313003	false	1.0
klagen	neg 1.0		__DUMMY__ 0.48872215338086217 off 0.2615812417195773 neg 0.2496966048995606	false	0.5
bankrott	neg 1.0		__DUMMY__ 0.4855047742698851 off 0.2738768888311749 neg 0.24061833689894005	false	0.5
trauern	neg 1.0		__DUMMY__ 0.48975234559415143 off 0.2662584455332723 neg 0.24398920887257614	false	0.5
ablehnung	neg 1.0		__DUMMY__ 0.4851830185527453 off 0.26625973900044664 neg 0.2485572424468081	false	0.5
stur	neg 1.0		__DUMMY__ 0.4855872041077075 off 0.2709337164626482 neg 0.24347907942964417	false	0.5
aufruhr	neg 1.0		__DUMMY__ 0.4878649397606124 off 0.26873634831065446 neg 0.2433987119287332	false	0.5
melancholie	neg 1.0		__DUMMY__ 0.4892298964568272 off 0.26742859849391165 neg 0.24334150504926116	false	0.5
ist			__DUMMY__ 0.48590953698347533 off 0.27139496147497394 neg 0.24269550154155067	false	0.0
torheit	neg 1.0		__DUMMY__ 0.4849874709880294 off 0.26973589816545124 neg 0.24527663084651927	false	0.5
dreckskind	off 1.0		__DUMMY__ 0.48081946045909196 off 0.28146978969013403 neg 0.2377107498507739	false	1.0
umtauschen	neg 1.0		__DUMMY__ 0.48748235210101454 off 0.26922090018631367 neg 0.24329674771267173	false	0.5
zum			__DUMMY__ 0.4941447161232475 off 0.260855093437972 neg 0.24500019043878038	false	0.0
zersetzen	neg 1.0		__DUMMY__ 0.4875468535793241 off 0.2636264380352988 neg 0.24882670838537713	false	0.5
zur			__DUMMY__ 0.49182814574990613 off 0.25905509896823153 neg 0.2491167552818623	false	0.0
frust	neg 1.0		__DUMMY__ 0.4881242587294265 off 0.2680937885835051 neg 0.24378195268706843	false	0.5
unerbittlichkeit	neg 1.0		__DUMMY__ 0.4876081191110008 off 0.26378267369845443 neg 0.2486092071905447	false	0.5
zwei			__DUMMY__ 0.4925961137400701 off 0.2628665847817446 neg 0.24453730147818536	false	0.0
unkorrekt	neg 1.0		__DUMMY__ 0.4801337384788737 off 0.2764827143362887 neg 0.2433835471848377	false	0.5
hexe	off 1.0		__DUMMY__ 0.48320166511694607 off 0.275009518916039 neg 0.24178881596701493	false	1.0
lasch	neg 1.0		__DUMMY__ 0.482881429814744 off 0.27256045983506416 neg 0.2445581103501918	false	0.5
rivale	neg 1.0		__DUMMY__ 0.48474879063565873 off 0.2782962883121056 neg 0.2369549210522356	false	0.5
mutlos	off 1.0	off 1.0	off 0.6203348653386698 __DUMMY__ 0.23809194728194322 neg 0.141573187379387	false	1.0
wirr	off 1.0		__DUMMY__ 0.4807085773723202 off 0.27708340647740526 neg 0.24220801615027449	false	1.0
jahr			__DUMMY__ 0.4910440052518509 off 0.2643535153911508 neg 0.24460247935699814	false	0.0
wird			__DUMMY__ 0.48800372426641797 off 0.2661089294433408 neg 0.2458873462902413	false	0.0
strafbar	neg 1.0		__DUMMY__ 0.486983973969492 off 0.2651808733248568 neg 0.24783515270565118	false	0.5
erosion	neg 1.0		__DUMMY__ 0.48781739514674877 off 0.27065469877918535 neg 0.24152790607406593	false	0.5
eingehen	neg 1.0		__DUMMY__ 0.4862273775832446 off 0.26596259323322147 neg 0.24781002918353395	false	0.5
faul	off 1.0		__DUMMY__ 0.48622037210213004 off 0.2745949180468971 neg 0.23918470985097282	false	1.0
provisorium	neg 1.0		__DUMMY__ 0.49355558742457206 off 0.2573336414398594 neg 0.2491107711355686	false	0.5
schmerzen	neg 1.0		__DUMMY__ 0.4875038627836997 off 0.2697281582009469 neg 0.24276797901535319	false	0.5
schrumpfen	neg 1.0		__DUMMY__ 0.48985880501252305 off 0.25877600887081587 neg 0.25136518611666114	false	0.5
geistlos	off 1.0		__DUMMY__ 0.4820574158170878 off 0.2708347889024026 neg 0.2471077952805097	false	1.0
fehlkauf	neg 1.0		__DUMMY__ 0.48552594701321666 off 0.2711790028885808 neg 0.24329505009820251	false	0.5
frustrierend	neg 1.0		__DUMMY__ 0.4860220728589584 off 0.2742385210473233 neg 0.23973940609371816	false	0.5
unzufrieden	neg 1.0		__DUMMY__ 0.4864552541297298 off 0.2667622614189149 neg 0.24678248445135537	false	0.5
verzweifeln	neg 1.0		__DUMMY__ 0.487181610715218 off 0.26911826619451684 neg 0.2437001230902651	false	0.5
verzweifelt	neg 1.0		__DUMMY__ 0.48585948585194355 off 0.2711461309807238 neg 0.24299438316733266	false	0.5
misstrauensantrag	neg 1.0		__DUMMY__ 0.48531716660830787 off 0.2718082065407543 neg 0.2428746268509378	false	0.5
abfallen	neg 1.0		__DUMMY__ 0.4881175224596935 off 0.27168599713222613 neg 0.24019648040808025	false	0.5
fucker	off 1.0		__DUMMY__ 0.48270141869028116 off 0.2766851206045456 neg 0.24061346070517334	false	1.0
ungezogen	neg 1.0		__DUMMY__ 0.48051306104912167 off 0.28506779662742393 neg 0.2344191423234544	false	0.5
irrsinnig	neg 1.0	neg 1.0	neg 0.6088020884286052 __DUMMY__ 0.23759755965812798 off 0.15360035191326674	false	1.0
unfassbar	neg 1.0		__DUMMY__ 0.4834128416012651 off 0.2752450907879553 neg 0.2413420676107795	false	0.5
hart	neg 1.0		__DUMMY__ 0.4851818308056709 off 0.2732785242891774 neg 0.24153964490515178	false	0.5
widerlich	off 1.0		__DUMMY__ 0.48250589901790053 off 0.27604668191748977 neg 0.24144741906460968	false	1.0
fatal	neg 1.0		__DUMMY__ 0.485540558859646 off 0.2715379387360778 neg 0.24292150240427626	false	0.5
bruch	neg 1.0		__DUMMY__ 0.48943615867189194 off 0.2622003164198135 neg 0.24836352490829453	false	0.5
aushungern	neg 1.0		__DUMMY__ 0.4855835543590657 off 0.26757931210901037 neg 0.24683713353192394	false	0.5
anspannung	neg 1.0	neg 1.0	neg 0.6076795437785948 __DUMMY__ 0.2435493651972322 off 0.14877109102417288	false	1.0
von			__DUMMY__ 0.4911146241483845 off 0.2635454540895505 neg 0.24533992176206496	false	0.0
kraftlos	neg 1.0		__DUMMY__ 0.4901848795837087 off 0.2684034675605248 neg 0.24141165285576652	false	0.5
vom			__DUMMY__ 0.4947306240857292 off 0.25858166934874444 neg 0.24668770656552627	false	0.0
grenzdebil	off 1.0		__DUMMY__ 0.4838243681354225 off 0.27669215577249967 neg 0.2394834760920778	false	1.0
vor			__DUMMY__ 0.49022643547693273 off 0.2638986918440097 neg 0.24587487267905742	false	0.0
unterwerfen	neg 1.0		__DUMMY__ 0.48781630666778925 off 0.265328183288802 neg 0.24685551004340883	false	0.5
versenkung	neg 1.0		__DUMMY__ 0.488326959852357 off 0.2651959266705318 neg 0.2464771134771112	false	0.5
entziehen	neg 1.0		__DUMMY__ 0.48912495632605185 off 0.262574245206848 neg 0.24830079846710018	false	0.5
finanzkrise	neg 1.0		__DUMMY__ 0.48509007801220055 off 0.2675013350979689 neg 0.24740858688983047	false	0.5
schimpfend	neg 1.0		__DUMMY__ 0.48861000810753613 off 0.27159669854391577 neg 0.23979329334854818	false	0.5
profan	neg 1.0		__DUMMY__ 0.4853672781857169 off 0.27260973208347716 neg 0.24202298973080605	false	0.5
korruption	neg 1.0		__DUMMY__ 0.4854828309064408 off 0.26547842279659956 neg 0.24903874629695957	false	0.5
â			__DUMMY__ 0.4885026430538441 off 0.26607324578783176 neg 0.24542411115832402	false	0.0
schmutzig	neg 1.0		__DUMMY__ 0.4851781571593682 off 0.276583947666333 neg 0.23823789517429877	false	0.5
sexy	neg 1.0		__DUMMY__ 0.48541159838224396 off 0.2733523281616311 neg 0.24123607345612483	false	0.5
abraten	neg 1.0		__DUMMY__ 0.4855717429842598 off 0.2714237899125433 neg 0.2430044671031969	false	0.5
schwarz	neg 1.0		__DUMMY__ 0.48544147250318265 off 0.2707599507976055 neg 0.24379857669921187	false	0.5
fotze	off 1.0		__DUMMY__ 0.48735023749617296 off 0.2651040074950692 neg 0.24754575500875775	false	1.0
verwirren	neg 1.0		__DUMMY__ 0.48522599759972995 off 0.2728080331292022 neg 0.2419659692710677	false	0.5
zahnlos	off 1.0		__DUMMY__ 0.48632518720394546 off 0.2667485477862248 neg 0.24692626500982964	false	1.0
verheeren	neg 1.0		__DUMMY__ 0.48126302522397174 off 0.286480609154676 neg 0.2322563656213522	false	0.5
hippie	neg 1.0		__DUMMY__ 0.4851956560642584 off 0.2726449404201803 neg 0.24215940351556126	false	0.5
rammen	neg 1.0		__DUMMY__ 0.48732558255661934 off 0.27083497854530764 neg 0.24183943889807308	false	0.5
unlauter	neg 1.0		__DUMMY__ 0.48219124077218634 off 0.26818202663566815 neg 0.24962673259214543	false	0.5
unheilvoll	neg 1.0		__DUMMY__ 0.4876463023043979 off 0.27281807448197976 neg 0.23953562321362243	false	0.5
niedrig	neg 1.0		__DUMMY__ 0.4899408715463573 off 0.2651698975926459 neg 0.2448892308609968	false	0.5
explosion	neg 1.0		__DUMMY__ 0.4851918464324442 off 0.2719793593474147 neg 0.24282879422014098	false	0.5
weichei	off 1.0		__DUMMY__ 0.48107719601704124 off 0.28168088784019096 neg 0.23724191614276774	false	1.0
minusmensch	off 1.0		__DUMMY__ 0.4762017259017621 off 0.2840326820368566 neg 0.23976559206138123	false	1.0
farblos	neg 1.0		__DUMMY__ 0.4903720241694574 off 0.26961948499198163 neg 0.24000849083856102	false	0.5
unwissend	neg 1.0	neg 1.0	neg 0.60749665475697 __DUMMY__ 0.23638504203465255 off 0.15611830320837738	false	1.0
traurig	neg 1.0		__DUMMY__ 0.4831505937146818 off 0.27878182959135545 neg 0.23806757669396258	false	0.5
senkung	neg 1.0		__DUMMY__ 0.48305745379642734 off 0.27137974046764546 neg 0.24556280573592715	false	0.5
ungleich	neg 1.0	neg 1.0	neg 0.6115881640734137 __DUMMY__ 0.2382763446973004 off 0.15013549122928593	false	1.0
heikel	neg 1.0		__DUMMY__ 0.48737673529791503 off 0.26375049892002367 neg 0.2488727657820612	false	0.5
drosselung	neg 1.0		__DUMMY__ 0.4841421015489586 off 0.2761340564784883 neg 0.2397238419725531	false	0.5
falsch	neg 1.0		__DUMMY__ 0.48503867633957126 off 0.2741499854238985 neg 0.24081133823653023	false	0.5
unzufriedenheit	neg 1.0		__DUMMY__ 0.48812259274657366 off 0.26334477081097796 neg 0.2485326364424484	false	0.5
kurz	neg 1.0		__DUMMY__ 0.48909190906610017 off 0.2684737741259216 neg 0.24243431680797822	false	0.5
unsinnig	neg 1.0		__DUMMY__ 0.48534326493977337 off 0.26695680968489294 neg 0.2476999253753336	false	0.5
penner	off 1.0	off 1.0	off 0.6312787109453283 __DUMMY__ 0.23482749458637686 neg 0.13389379446829489	false	1.0
seicht	neg 1.0		__DUMMY__ 0.4781937932028521 off 0.2839467822701726 neg 0.23785942452697542	false	0.5
dummheit	off 1.0	off 1.0	off 0.6245806380135361 __DUMMY__ 0.23703727866522137 neg 0.13838208332124258	false	1.0
unerfreulich	neg 1.0		__DUMMY__ 0.48928725655970373 off 0.26338924112460355 neg 0.24732350231569275	false	0.5
motherfucker	off 1.0	off 1.0	off 0.627104981997217 __DUMMY__ 0.235881511466029 neg 0.137013506536754	false	1.0
pikiert	neg 1.0		__DUMMY__ 0.4827570477263148 off 0.2748038504704209 neg 0.24243910180326425	false	0.5
wrack	neg 1.0		__DUMMY__ 0.4895259356774901 off 0.2655705213133188 neg 0.24490354300919104	false	0.5
gangster	neg 1.0		__DUMMY__ 0.48566491541168577 off 0.27237174381727136 neg 0.24196334077104287	false	0.5
krank	neg 1.0		__DUMMY__ 0.4849963833898476 off 0.27744386363804 neg 0.2375597529721124	false	0.5
reich	neg 1.0		__DUMMY__ 0.4823316118716131 off 0.2729460203660198 neg 0.244722367762367	false	0.5
gnadenlos	neg 1.0		__DUMMY__ 0.4865276895044402 off 0.27058942569086686 neg 0.24288288480469292	false	0.5
niedergeschlagen	neg 1.0		__DUMMY__ 0.48932379753564686 off 0.269008155305085 neg 0.24166804715926815	false	0.5
terrorisieren	off 1.0	off 1.0	off 0.6211384383182745 __DUMMY__ 0.23934288924203326 neg 0.13951867243969218	false	1.0
sinnlosigkeit	neg 1.0		__DUMMY__ 0.4867604018373494 off 0.2670873466660219 neg 0.2461522514966287	false	0.5
behindern	neg 1.0		__DUMMY__ 0.4861838564198967 off 0.2682646181533349 neg 0.2455515254267684	false	0.5
undemokratisch	neg 1.0		__DUMMY__ 0.4836555084507567 off 0.26917374107795633 neg 0.24717075047128698	false	0.5
wirtschaftskrise	neg 1.0		__DUMMY__ 0.48656912307055233 off 0.2653018937977408 neg 0.24812898313170698	false	0.5
neid	neg 1.0		__DUMMY__ 0.48670175566624346 off 0.27554099398933296 neg 0.23775725034442352	false	0.5
rutschen	neg 1.0		__DUMMY__ 0.493170086178484 off 0.26307488681517927 neg 0.24375502700633672	false	0.5
rezession	neg 1.0		__DUMMY__ 0.4810343976473464 off 0.2788834526004099 neg 0.24008214975224368	false	0.5
fehlgeburt	neg 1.0		__DUMMY__ 0.48810722309036375 off 0.2726796229057859 neg 0.2392131540038503	false	0.5
charakterschwach	off 1.0		__DUMMY__ 0.4835743809110116 off 0.27606589093107686 neg 0.2403597281579115	false	1.0
isolation	neg 1.0		__DUMMY__ 0.4857405006785452 off 0.2740594351279323 neg 0.2402000641935225	false	0.5
ablenkung	neg 1.0		__DUMMY__ 0.48687854188720275 off 0.26999059719747986 neg 0.24313086091531727	false	0.5
pech	neg 1.0		__DUMMY__ 0.4858280255847249 off 0.2740240937318513 neg 0.24014788068342377	false	0.5
vermeidung	neg 1.0		__DUMMY__ 0.4824349950012988 off 0.27576497166932784 neg 0.24180003332937325	false	0.5
dominieren	neg 1.0		__DUMMY__ 0.49009872110577224 off 0.26664126029177254 neg 0.24326001860245516	false	0.5
schwindlig	neg 1.0		__DUMMY__ 0.4890365452953945 off 0.2736930326271785 neg 0.23727042207742713	false	0.5
lutscher	neg 1.0		__DUMMY__ 0.47839493977987624 off 0.28484814585333235 neg 0.23675691436679153	false	0.5
pflicht	neg 1.0		__DUMMY__ 0.4876402068525801 off 0.2636666639535494 neg 0.24869312919387046	false	0.5
faschist	off 1.0		__DUMMY__ 0.4827776580403812 off 0.2715149355157516 neg 0.24570740644386724	false	1.0
verschleudern	neg 1.0		__DUMMY__ 0.48448522422121937 off 0.26343162030681233 neg 0.25208315547196836	false	0.5
wenn			__DUMMY__ 0.4848584855436178 off 0.27434087433007287 neg 0.2408006401263092	false	0.0
ehebruch	neg 1.0		__DUMMY__ 0.4875026849602142 off 0.265916303355497 neg 0.24658101168428884	false	0.5
spott	off 1.0		__DUMMY__ 0.48661884936251093 off 0.2648450985266221 neg 0.24853605211086702	false	1.0
trostlosigkeit	neg 1.0		__DUMMY__ 0.48937967140520766 off 0.26299766831693666 neg 0.24762266027785576	false	0.5
lutschen	neg 1.0		__DUMMY__ 0.4848107296253048 off 0.2718951955881479 neg 0.24329407478654735	false	0.5
undiszipliniert	neg 1.0		__DUMMY__ 0.48402668751929223 off 0.27811117677531816 neg 0.23786213570538955	false	0.5
kopfschmerz	neg 1.0		__DUMMY__ 0.4894695732336258 off 0.26888556692117876 neg 0.2416448598451955	false	0.5
unvorhergesehen	neg 1.0		__DUMMY__ 0.49115298810313907 off 0.2666825579520828 neg 0.24216445394477823	false	0.5
desinteressiert	neg 1.0		__DUMMY__ 0.4826483471501852 off 0.27733474420554444 neg 0.24001690864427053	false	0.5
armselig	off 1.0		__DUMMY__ 0.4809535126131313 off 0.2778195888530112 neg 0.24122689853385765	false	1.0
desaster	neg 1.0		__DUMMY__ 0.48837098936017587 off 0.2610210972147897 neg 0.2506079134250344	false	0.5
tod	neg 1.0		__DUMMY__ 0.4899011543144718 off 0.26679304660505804 neg 0.24330579908047023	false	0.5
herzlos	neg 1.0		__DUMMY__ 0.4820089496314144 off 0.27889343242592973 neg 0.23909761794265574	false	0.5
unwissenheit	neg 1.0		__DUMMY__ 0.4852625591750718 off 0.26613657320896156 neg 0.24860086761596653	false	0.5
widersinnig	neg 1.0	neg 1.0	neg 0.6125191949260905 __DUMMY__ 0.23650152990601647 off 0.15097927516789297	false	1.0
bedenklich	neg 1.0		__DUMMY__ 0.48682855404647185 off 0.2653117487195658 neg 0.2478596972339625	false	0.5
beanstanden	neg 1.0		__DUMMY__ 0.4880137525654186 off 0.26303709316527174 neg 0.2489491542693096	false	0.5
panisch	neg 1.0	neg 1.0	neg 0.6044938101407662 __DUMMY__ 0.23985270131480152 off 0.15565348854443217	false	1.0
debil	off 1.0		__DUMMY__ 0.4911891846070421 off 0.2582586337741169 neg 0.25055218161884113	false	1.0
abstrich	neg 1.0		__DUMMY__ 0.48654477129658963 off 0.2655646279895278 neg 0.2478906007138825	false	0.5
primitiv	neg 1.0		__DUMMY__ 0.4825536633415864 off 0.2765968833210184 neg 0.2408494533373953	false	0.5
abschaum	off 1.0	off 1.0	off 0.6259441449760744 __DUMMY__ 0.23664850000858148 neg 0.13740735501534415	false	1.0
provozieren	neg 1.0		__DUMMY__ 0.4856823042744751 off 0.27002716250545206 neg 0.2442905332200727	false	0.5
tot	neg 1.0		__DUMMY__ 0.4864364256595331 off 0.26451599748346366 neg 0.24904757685700304	false	0.5
instabil	neg 1.0		__DUMMY__ 0.4802642053029322 off 0.275292806643419 neg 0.2444429880536489	false	0.5
schwuchtel	off 1.0		__DUMMY__ 0.4766384992339321 off 0.28976253366359633 neg 0.2335989671024716	false	1.0
zerren	neg 1.0		__DUMMY__ 0.4892432463066062 off 0.26909083558580177 neg 0.24166591810759208	false	0.5
kinderficker	off 1.0		__DUMMY__ 0.4790380068379362 off 0.28000313225080903 neg 0.24095886091125465	false	1.0
gefahr	neg 1.0		__DUMMY__ 0.489292814399446 off 0.2639927699661549 neg 0.24671441563439908	false	0.5
rabiat	neg 1.0		__DUMMY__ 0.4859955516158844 off 0.26934183910271914 neg 0.2446626092813964	false	0.5
verlangsamung	neg 1.0		__DUMMY__ 0.48079429101213567 off 0.28295422970358164 neg 0.23625147928428272	false	0.5
ausgestorben	neg 1.0		__DUMMY__ 0.4880604691828227 off 0.2694055749739635 neg 0.24253395584321386	false	0.5
anklagen	neg 1.0		__DUMMY__ 0.4867425326452374 off 0.26737232229005214 neg 0.2458851450647104	false	0.5
trott	neg 1.0		__DUMMY__ 0.4873332709689988 off 0.26898979174432147 neg 0.24367693728667983	false	0.5
verminderung	neg 1.0		__DUMMY__ 0.4818935702911473 off 0.27649525517532064 neg 0.24161117453353192	false	0.5
nach			__DUMMY__ 0.4950733709539378 off 0.261830651740564 neg 0.24309597730549817	false	0.0
rost	neg 1.0		__DUMMY__ 0.48180244170957537 off 0.2817979576589584 neg 0.23639960063146628	false	0.5
destruktiv	neg 1.0		__DUMMY__ 0.48430604980837066 off 0.268016969137044 neg 0.24767698105458535	false	0.5
unzumutbarkeit	neg 1.0		__DUMMY__ 0.48499975437770965 off 0.27469423551667466 neg 0.2403060101056157	false	0.5
labil	off 1.0	off 1.0	off 0.6258786139730763 __DUMMY__ 0.23669921994549348 neg 0.1374221660814303	false	1.0
ziemlich	neg 1.0		__DUMMY__ 0.48467712884289865 off 0.2763032957662587 neg 0.2390195753908427	false	0.5
lachnummer	off 1.0		__DUMMY__ 0.48526871784215997 off 0.2686681381833209 neg 0.24606314397451903	false	1.0
oder			__DUMMY__ 0.487502582340729 off 0.270201350477296 neg 0.24229606718197502	false	0.0
verfall	neg 1.0		__DUMMY__ 0.4901525994379982 off 0.25894632669928536 neg 0.2509010738627164	false	0.5
ausgrenzung	neg 1.0		__DUMMY__ 0.48406101441288524 off 0.27029317966149896 neg 0.2456458059256157	false	0.5
unordnung	neg 1.0		__DUMMY__ 0.48468081218422315 off 0.27552385461427026 neg 0.2397953332015066	false	0.5
fehlverhalten	neg 1.0		__DUMMY__ 0.4875521161096401 off 0.2640388883471081 neg 0.2484089955432517	false	0.5
eine			__DUMMY__ 0.48891063666625567 off 0.2637650013651935 neg 0.2473243619685508	false	0.0
nille	neg 1.0		__DUMMY__ 0.48688409143243033 off 0.26809358939330097 neg 0.24502231917426867	false	0.5
qual	neg 1.0		__DUMMY__ 0.4872820450644774 off 0.2687378371928037 neg 0.2439801177427188	false	0.5
verschwenden	neg 1.0		__DUMMY__ 0.48718177716955535 off 0.2660480672062501 neg 0.24677015562419455	false	0.5
riesig	neg 1.0	neg 1.0	neg 0.6079245115511108 __DUMMY__ 0.2404942057964024 off 0.15158128265248685	false	1.0
verurteilen	neg 1.0		__DUMMY__ 0.48683895220377466 off 0.26685682002712735 neg 0.2463042277690979	false	0.5
klischee	neg 1.0	neg 1.0	neg 0.608529979544637 __DUMMY__ 0.23647937653617135 off 0.15499064391919168	false	1.0
diktatorisch	neg 1.0		__DUMMY__ 0.48294768481196987 off 0.2695846540697611 neg 0.24746766111826907	false	0.5
vorhersehbar	neg 1.0	neg 1.0	neg 0.6081367852251981 __DUMMY__ 0.23709531737616688 off 0.15476789739863506	false	1.0
sowie			__DUMMY__ 0.4808574757902183 off 0.2807515300843906 neg 0.23839099412539108	false	0.0
stornieren	neg 1.0		__DUMMY__ 0.4893226092056122 off 0.2714484494411283 neg 0.2392289413532596	false	0.5
besteuerung	neg 1.0		__DUMMY__ 0.48347519107319836 off 0.2688824403024449 neg 0.2476423686243568	false	0.5
ungeschminkt	neg 1.0		__DUMMY__ 0.4831288004639938 off 0.2759215280785147 neg 0.24094967145749147	false	0.5
kritisch	neg 1.0		__DUMMY__ 0.4866655631066907 off 0.26496872554300516 neg 0.24836571135030425	false	0.5
schlamperei	off 1.0		__DUMMY__ 0.4866801554019814 off 0.26363890783489435 neg 0.2496809367631242	false	1.0
sucht	neg 1.0	neg 1.0	neg 0.607350167009561 __DUMMY__ 0.23930625540709122 off 0.15334357758334785	false	1.0
egoistisch	off 1.0		__DUMMY__ 0.48151668728834707 off 0.28174087790579166 neg 0.23674243480586124	false	1.0
ausbeuter	off 1.0		__DUMMY__ 0.48655485471932153 off 0.26345195087356993 neg 0.24999319440710846	false	1.0
arschgeburt	off 1.0		__DUMMY__ 0.47608274432806413 off 0.28968966571431937 neg 0.23422758995761642	false	1.0
schubs	neg 1.0	neg 1.0	neg 0.6072542506134301 __DUMMY__ 0.24040107301951427 off 0.15234467636705562	false	1.0
unsolide	neg 1.0		__DUMMY__ 0.48040468740638226 off 0.26911813229958764 neg 0.2504771802940303	false	0.5
beschwerde	neg 1.0		__DUMMY__ 0.4869364086697022 off 0.2640045128627508 neg 0.24905907846754713	false	0.5
stocken	neg 1.0		__DUMMY__ 0.4884084656097003 off 0.2653924804216122 neg 0.2461990539686875	false	0.5
isolieren	neg 1.0		__DUMMY__ 0.48750297339857934 off 0.2664607652962655 neg 0.2460362613051551	false	0.5
unheilbar	neg 1.0		__DUMMY__ 0.4886061318480604 off 0.27104244373620096 neg 0.24035142441573865	false	0.5
pisser	off 1.0		__DUMMY__ 0.48390901245096873 off 0.27753106464715155 neg 0.2385599229018796	false	1.0
löschen	neg 1.0		__DUMMY__ 0.4869141004083493 off 0.26941241514925246 neg 0.24367348444239817	false	0.5
durchfallen	neg 1.0		__DUMMY__ 0.485747188488414 off 0.26625486485954214 neg 0.2479979466520439	false	0.5
wichser	off 1.0		__DUMMY__ 0.4794342357522667 off 0.2868332944981204 neg 0.23373246974961298	false	1.0
terror	neg 1.0		__DUMMY__ 0.4866832345744002 off 0.27287710465168835 neg 0.24043966077391138	false	0.5
krass	neg 1.0		__DUMMY__ 0.48191207909720524 off 0.2794360366227994 neg 0.23865188427999529	false	0.5
revolte	neg 1.0		__DUMMY__ 0.4839831058587718 off 0.2710022999432483 neg 0.2450145941979799	false	0.5
besorgt	neg 1.0		__DUMMY__ 0.4899384490478321 off 0.26828843055289703 neg 0.24177312039927076	false	0.5
nachlassen	neg 1.0		__DUMMY__ 0.48877703438468695 off 0.2650902772774035 neg 0.24613268833790966	false	0.5
alt	neg 1.0		__DUMMY__ 0.48847580409920416 off 0.26626772778420793 neg 0.245256468116588	false	0.5
hundesohn	off 1.0		__DUMMY__ 0.47843782303710386 off 0.2843545596275595 neg 0.23720761733533666	false	1.0
als			__DUMMY__ 0.48856269430515226 off 0.26796656163951466 neg 0.243470744055333	false	0.0
abschreckung	neg 1.0		__DUMMY__ 0.48906409541450874 off 0.2628804472820731 neg 0.2480554573034182	false	0.5
unqualifiziert	neg 1.0		__DUMMY__ 0.48173690862407514 off 0.2716511325560625 neg 0.2466119588198624	false	0.5
abgewichst	off 1.0		__DUMMY__ 0.4873911705130086 off 0.26752389488131006 neg 0.24508493460568148	false	1.0
schwer	neg 1.0		__DUMMY__ 0.4873180833266666 off 0.2696937158549745 neg 0.24298820081835895	false	0.5
bedeutungslosigkeit	neg 1.0		__DUMMY__ 0.4881132476657759 off 0.2636074201546865 neg 0.24827933217953757	false	0.5
kapitulation	neg 1.0		__DUMMY__ 0.48597286236414733 off 0.2644748357481432 neg 0.24955230188770955	false	0.5
unscharf	neg 1.0		__DUMMY__ 0.4851392677970208 off 0.2718821093709833 neg 0.24297862283199573	false	0.5
schwinden	neg 1.0		__DUMMY__ 0.4888294147023459 off 0.26377273283722136 neg 0.2473978524604328	false	0.5
versklavung	neg 1.0		__DUMMY__ 0.48359870727233223 off 0.26941082085076756 neg 0.2469904718769001	false	0.5
schlecht	neg 1.0		__DUMMY__ 0.4849060118828845 off 0.2765241329641743 neg 0.23856985515294118	false	0.5
verhasst	neg 1.0		__DUMMY__ 0.4856506513766069 off 0.27048922537298487 neg 0.24386012325040823	false	0.5
beschweren	neg 1.0		__DUMMY__ 0.48587830045489294 off 0.27160352226435047 neg 0.2425181772807566	false	0.5
scheiden	neg 1.0		__DUMMY__ 0.4891220803098475 off 0.2708089146453855 neg 0.24006900504476722	false	0.5
frustriert	neg 1.0		__DUMMY__ 0.48741547316222206 off 0.26840336897848077 neg 0.2441811578592973	false	0.5
schimmelig	neg 1.0		__DUMMY__ 0.4892699395345926 off 0.26577334177902523 neg 0.2449567186863821	false	0.5
fisch	neg 1.0		__DUMMY__ 0.49072707014187783 off 0.26465594068831805 neg 0.24461698916980423	false	0.5
schmuggel	neg 1.0		__DUMMY__ 0.49154703769693886 off 0.26498062404441824 neg 0.24347233825864303	false	0.5
auffallen	neg 1.0		__DUMMY__ 0.4857001024970126 off 0.27237617767420425 neg 0.24192371982878313	false	0.5
konkurrenz	neg 1.0	neg 1.0	neg 0.6108872232092669 __DUMMY__ 0.23994079543569133 off 0.14917198135504184	false	1.0
teufelskreis	neg 1.0		__DUMMY__ 0.48709428425663326 off 0.2689459198596525 neg 0.24395979588371422	false	0.5
aufschreien	neg 1.0		__DUMMY__ 0.4848657370313249 off 0.2719059656697367 neg 0.24322829729893833	false	0.5
schuldner	neg 1.0		__DUMMY__ 0.48840347383244276 off 0.2638631454117107 neg 0.24773338075584664	false	0.5
missgeburt	off 1.0	off 1.0	off 0.6296142876268316 __DUMMY__ 0.23520198717085392 neg 0.13518372520231442	false	1.0
arbeitslos	neg 1.0		__DUMMY__ 0.4859124316793602 off 0.26664506075738226 neg 0.24744250756325756	false	0.5
befallen	neg 1.0		__DUMMY__ 0.4874182015951304 off 0.267798345391434 neg 0.2447834530134355	false	0.5
miesepetrig	off 1.0	off 1.0	off 0.6270682832757092 __DUMMY__ 0.23748417933031296 neg 0.13544753739397788	false	1.0
alarmieren	neg 1.0		__DUMMY__ 0.48362075285936534 off 0.27388111430595413 neg 0.24249813283468047	false	0.5
ungeduscht	off 1.0		__DUMMY__ 0.4860443084834863 off 0.273909053508053 neg 0.24004663800846074	false	1.0
knappheit	neg 1.0		__DUMMY__ 0.4860148880132808 off 0.2645589720418674 neg 0.24942613994485177	false	0.5
schlange	neg 1.0		__DUMMY__ 0.48817589801087913 off 0.27242009928540606 neg 0.23940400270371479	false	0.5
harsch	neg 1.0		__DUMMY__ 0.48360497959351606 off 0.28077728051436884 neg 0.2356177398921151	false	0.5
lang	neg 1.0		__DUMMY__ 0.48703545071327725 off 0.27001936734115445 neg 0.24294518194556822	false	0.5
ziellos	neg 1.0		__DUMMY__ 0.48954419799087534 off 0.2676273084324836 neg 0.24282849357664107	false	0.5
selbstverliebt	neg 1.0		__DUMMY__ 0.4771273527631595 off 0.2869904567600353 neg 0.23588219047680528	false	0.5
beseitigen	neg 1.0		__DUMMY__ 0.48691189039728033 off 0.2682633319377791 neg 0.24482477766494062	false	0.5
dumm	off 1.0		__DUMMY__ 0.48013141319842834 off 0.2823773488468019 neg 0.23749123795476978	false	1.0
arbeitsloser	neg 1.0		__DUMMY__ 0.4878702076320167 off 0.26635583148272995 neg 0.2457739608852534	false	0.5
blitzen	neg 1.0		__DUMMY__ 0.4855212969670253 off 0.27300547225336336 neg 0.24147323077961125	false	0.5
hilflos	neg 1.0		__DUMMY__ 0.48807048662920555 off 0.2681278392178263 neg 0.24380167415296825	false	0.5
eklig	off 1.0		__DUMMY__ 0.48090149738379984 off 0.2835516803184222 neg 0.23554682229777799	false	1.0
begriff			__DUMMY__ 0.48585819334988745 off 0.267663404986226 neg 0.24647840166388654	false	0.0
hungersnot	neg 1.0		__DUMMY__ 0.4882476888833042 off 0.2678937310859016 neg 0.2438585800307943	false	0.5
ungesetzlich	neg 1.0		__DUMMY__ 0.48130131173196106 off 0.2697660589767203 neg 0.2489326292913188	false	0.5
verschwendung	neg 1.0		__DUMMY__ 0.4881478312560253 off 0.26489905186694024 neg 0.24695311687703467	false	0.5
schmerzvoll	neg 1.0		__DUMMY__ 0.4863735438490487 off 0.27175973574625845 neg 0.24186672040469276	false	0.5
vorzeitig	neg 1.0		__DUMMY__ 0.487095736526356 off 0.2736053338017948 neg 0.23929892967184907	false	0.5
unvollkommenheit	neg 1.0		__DUMMY__ 0.4914888150596207 off 0.26850211977104044 neg 0.240009065169339	false	0.5
intervenieren	neg 1.0		__DUMMY__ 0.48627346866250365 off 0.26369147937509013 neg 0.2500350519624063	false	0.5
banause	off 1.0		__DUMMY__ 0.4784509244458393 off 0.28505461902865264 neg 0.23649445652550802	false	1.0
rebell	neg 1.0		__DUMMY__ 0.4895378430901704 off 0.26120921929658525 neg 0.24925293761324435	false	0.5
unlogisch	neg 1.0		__DUMMY__ 0.48221519535421187 off 0.2785856632034456 neg 0.23919914144234258	false	0.5
leiden	neg 1.0		__DUMMY__ 0.49227856346035925 off 0.26592345986968763 neg 0.24179797666995304	false	0.5
abschaffung	neg 1.0		__DUMMY__ 0.48372985152799847 off 0.2687850096608117 neg 0.24748513881118978	false	0.5
sturz	neg 1.0		__DUMMY__ 0.4881375250222201 off 0.269986019134317 neg 0.24187645584346307	false	0.5
verkleinerung	neg 1.0		__DUMMY__ 0.4823527712199306 off 0.2714281543567387 neg 0.2462190744233307	false	0.5
schmarotzer	off 1.0		__DUMMY__ 0.48539091861115663 off 0.26626318594816056 neg 0.2483458954406828	false	1.0
bestrafung	neg 1.0		__DUMMY__ 0.485805513383936 off 0.2709376512388944 neg 0.2432568353771695	false	0.5
achtlos	neg 1.0		__DUMMY__ 0.48819970452744643 off 0.2699822716294182 neg 0.24181802384313528	false	0.5
ungeheuer	neg 1.0		__DUMMY__ 0.4856866340478188 off 0.27299983220866403 neg 0.24131353374351713	false	0.5
unaufrichtig	neg 1.0		__DUMMY__ 0.4844645124816066 off 0.2714241644021214 neg 0.24411132311627207	false	0.5
groggy	neg 1.0		__DUMMY__ 0.4849657595616593 off 0.2721934320655401 neg 0.2428408083728006	false	0.5
verletzlich	neg 1.0		__DUMMY__ 0.48359673720245344 off 0.2774631411351669 neg 0.23894012166237957	false	0.5
