unsolidarisch	neg 1.0		off 0.4965266077193525 neg 0.4601529448024177 __DUMMY__ 0.04332044747822977	false	0.5
nachteilig	neg 1.0		off 0.4961810481410612 neg 0.45999704999421587 __DUMMY__ 0.04382190186472297	false	0.5
skeptisch	neg 1.0		off 0.4955958310219276 neg 0.4605327158729915 __DUMMY__ 0.043871453105080796	false	0.5
schrecklich	neg 1.0		off 0.5102639760747844 neg 0.44639264729907274 __DUMMY__ 0.043343376626143	false	0.5
schlapp	neg 1.0		off 0.5071564751512857 neg 0.4492058085541555 __DUMMY__ 0.043637716294558926	false	0.5
abfall	neg 1.0		off 0.4941870579824493 neg 0.4617342666610608 __DUMMY__ 0.04407867535649	false	0.5
widerspenstig	neg 1.0		off 0.5018415134242586 neg 0.45436347055377585 __DUMMY__ 0.04379501602196556	false	0.5
abrupt	neg 1.0		off 0.4983870132072695 neg 0.4575537204236613 __DUMMY__ 0.044059266369069226	false	0.5
unwirksam	neg 1.0		off 0.4976160192082087 neg 0.45897007171924076 __DUMMY__ 0.04341390907255053	false	0.5
angreifen	neg 1.0	neg 1.0	neg 0.7148328681246053 off 0.2640890483248197 __DUMMY__ 0.02107808355057496	false	1.0
inkonsistent	neg 1.0		off 0.5016600366758902 neg 0.45466646317395065 __DUMMY__ 0.04367350015015919	false	0.5
abrutschen	neg 1.0		off 0.4944884005330205 neg 0.4614458884165587 __DUMMY__ 0.04406571105042078	false	0.5
unsicher	neg 1.0		off 0.5021832550668266 neg 0.4539783211817318 __DUMMY__ 0.04383842375144149	false	0.5
bauernkind	off 1.0	off 1.0	off 0.7403704491053265 neg 0.23895831396008715 __DUMMY__ 0.020671236934586328	false	1.0
angreifer	neg 1.0		off 0.5037436058261402 neg 0.4524240031098324 __DUMMY__ 0.043832391064027455	false	0.5
trennen	neg 1.0		off 0.4997013633918304 neg 0.4561329610974875 __DUMMY__ 0.044165675510682116	false	0.5
schmutz	neg 1.0		off 0.50802286225817 neg 0.44778455781128523 __DUMMY__ 0.04419257993054488	false	0.5
inkonsistenz	neg 1.0		off 0.5023534270102729 neg 0.4543449057785783 __DUMMY__ 0.043301667211148864	false	0.5
erschreckend	neg 1.0		off 0.4993343166706014 neg 0.4569518934353306 __DUMMY__ 0.04371378989406798	false	0.5
ertrinken	neg 1.0		off 0.4999466085265895 neg 0.4559650725143094 __DUMMY__ 0.044088318959101036	false	0.5
pickelface	off 1.0		off 0.49847925496012513 neg 0.45776789939024065 __DUMMY__ 0.043752845649634164	false	1.0
seiner			off 0.4976991161404056 neg 0.45828197494581335 __DUMMY__ 0.04401890891378106	false	0.0
lauch	neg 1.0		off 0.4927125388940805 neg 0.4634075368485805 __DUMMY__ 0.043879924257338804	false	0.5
unwichtig	neg 1.0		off 0.5052252584815187 neg 0.45127797357241545 __DUMMY__ 0.043496767946066	false	0.5
steuerhinterziehung	neg 1.0		off 0.49735463659152834 neg 0.45902852315710047 __DUMMY__ 0.043616840251371185	false	0.5
schock	neg 1.0		off 0.5029447328962994 neg 0.4530192742191857 __DUMMY__ 0.04403599288451494	false	0.5
beule	neg 1.0		off 0.5078940358183719 neg 0.44843989963615366 __DUMMY__ 0.04366606454547458	false	0.5
vergelten	neg 1.0		off 0.511315241744202 neg 0.44503715333131344 __DUMMY__ 0.04364760492448465	false	0.5
verdorbenheit	neg 1.0		off 0.5009508046676995 neg 0.45525761832082273 __DUMMY__ 0.04379157701147773	false	0.5
trauma	neg 1.0		off 0.5020886393538351 neg 0.45419968415283263 __DUMMY__ 0.04371167649333227	false	0.5
sinnlos	neg 1.0		off 0.5042444982363163 neg 0.45201978679207444 __DUMMY__ 0.043735714971609156	false	0.5
fettsack	off 1.0	off 1.0	off 0.7422888568625017 neg 0.23696803280238596 __DUMMY__ 0.020743110335112377	false	1.0
feige	off 1.0	off 1.0	off 0.7388825114437438 neg 0.24030575265049278 __DUMMY__ 0.02081173590576339	false	1.0
abdanken	neg 1.0		off 0.4988625144413918 neg 0.4574865318339566 __DUMMY__ 0.04365095372465167	false	0.5
wichtigtuer	off 1.0	off 1.0	off 0.7374554707699239 neg 0.2416550811064858 __DUMMY__ 0.020889448123590344	false	1.0
misslingen	neg 1.0		off 0.5054647185946312 neg 0.45048452522565324 __DUMMY__ 0.044050756179715676	false	0.5
untreu	off 1.0		off 0.5066151516575337 neg 0.44992048402399903 __DUMMY__ 0.043464364318467216	false	1.0
missmutig	neg 1.0		off 0.5063594737927931 neg 0.45004723576349326 __DUMMY__ 0.04359329044371351	false	0.5
hurenbock	off 1.0		off 0.5031479091187498 neg 0.45309481191718654 __DUMMY__ 0.04375727896406358	false	1.0
betrunken	neg 1.0		off 0.5104566931435734 neg 0.44590409442768075 __DUMMY__ 0.04363921242874582	false	0.5
korrupt	off 1.0		off 0.4951406419542842 neg 0.46137247374465706 __DUMMY__ 0.04348688430105868	false	1.0
unmut	neg 1.0		off 0.49342591879915293 neg 0.4625819429222674 __DUMMY__ 0.043992138278579646	false	0.5
hackfresse	off 1.0		off 0.5125870938330036 neg 0.4443065949727982 __DUMMY__ 0.043106311194198194	false	1.0
aufblasen	neg 1.0		off 0.5043067923579443 neg 0.45183237989498876 __DUMMY__ 0.04386082774706687	false	0.5
gewaltsam	neg 1.0		off 0.5005932069814686 neg 0.45559425422187566 __DUMMY__ 0.043812538796655934	false	0.5
unbeliebtheit	neg 1.0		off 0.4996309096677761 neg 0.4573651069803983 __DUMMY__ 0.043003983351825495	false	0.5
sturheit	neg 1.0		off 0.4990634741932966 neg 0.45724485913450286 __DUMMY__ 0.04369166667220056	false	0.5
kuh	neg 1.0		off 0.5001279318895321 neg 0.45632984904125784 __DUMMY__ 0.043542219069209985	false	0.5
erschrecken	neg 1.0		off 0.5059469802906672 neg 0.4504001404736097 __DUMMY__ 0.04365287923572314	false	0.5
opfer	neg 1.0		off 0.4988801377114174 neg 0.45713766113621623 __DUMMY__ 0.04398220115236622	false	0.5
sinken	neg 1.0		off 0.4940666748111096 neg 0.4619576117671473 __DUMMY__ 0.043975713421743015	false	0.5
stinktier	neg 1.0		off 0.5099117637399809 neg 0.44685899029057113 __DUMMY__ 0.043229245969447966	false	0.5
tucke	off 1.0		off 0.510510226173841 neg 0.4466658951021804 __DUMMY__ 0.04282387872397861	false	1.0
ein			off 0.5028237367884002 neg 0.4533770744946313 __DUMMY__ 0.0437991887169686	false	0.0
abstieg	neg 1.0		off 0.49950061217575953 neg 0.4563424008790848 __DUMMY__ 0.04415698694515566	false	0.5
missverstehen	neg 1.0		off 0.5025501522252666 neg 0.45391708591994373 __DUMMY__ 0.043532761854789624	false	0.5
ergebnislos	neg 1.0		off 0.4965085315226006 neg 0.4596096870614189 __DUMMY__ 0.04388178141598041	false	0.5
unter			off 0.49277713625816283 neg 0.4627261105329965 __DUMMY__ 0.044496753208840716	false	0.0
manipulieren	neg 1.0		off 0.4960957627728826 neg 0.45999662031740396 __DUMMY__ 0.043907616909713454	false	0.5
unbewiesen	neg 1.0		off 0.49673822955668234 neg 0.4599596306613497 __DUMMY__ 0.0433021397819679	false	0.5
verschleppen	neg 1.0		off 0.49848689420332204 neg 0.457652387317978 __DUMMY__ 0.043860718478699975	false	0.5
weib	off 1.0		off 0.5127327663077555 neg 0.4441430106110976 __DUMMY__ 0.04312422308114687	false	1.0
opposition	neg 1.0		off 0.5017722717790953 neg 0.4546580224076501 __DUMMY__ 0.043569705813254554	false	0.5
verkehrswidrig	neg 1.0	neg 1.0	neg 0.7055151127463737 off 0.27342653936757444 __DUMMY__ 0.021058347886051963	false	1.0
inkorrekt	neg 1.0		off 0.5052858098070175 neg 0.45153854781099745 __DUMMY__ 0.043175642381984965	false	0.5
vermeiden	neg 1.0		off 0.49333437423201093 neg 0.4624217065880321 __DUMMY__ 0.04424391917995695	false	0.5
abweichung	neg 1.0		off 0.4958814194572713 neg 0.46036347888470636 __DUMMY__ 0.04375510165802234	false	0.5
alkoholisiert	neg 1.0		off 0.5007223719004664 neg 0.4549446435808317 __DUMMY__ 0.044332984518701914	false	0.5
scheiss	off 1.0	off 1.0	off 0.7401590578436616 neg 0.23892963153850308 __DUMMY__ 0.02091131061783523	false	1.0
herausforderung	neg 1.0	neg 1.0	neg 0.712180430802608 off 0.26649070976798694 __DUMMY__ 0.021328859429405107	false	1.0
pervers	off 1.0		off 0.5159680896349611 neg 0.4410102216836986 __DUMMY__ 0.04302168868134038	false	1.0
wackelig	neg 1.0		off 0.5015987015036992 neg 0.4542897427842385 __DUMMY__ 0.04411155571206231	false	0.5
verwickeln	neg 1.0		off 0.5024279001224676 neg 0.4540368026677248 __DUMMY__ 0.04353529720980756	false	0.5
vorwand	neg 1.0		off 0.4955541775957956 neg 0.4604874118373412 __DUMMY__ 0.043958410566863226	false	0.5
muschi	off 1.0		off 0.49886821728910175 neg 0.4573927440799073 __DUMMY__ 0.04373903863099091	false	1.0
entmutigung	neg 1.0		off 0.5006961971467754 neg 0.45578835446889426 __DUMMY__ 0.0435154483843304	false	0.5
unangemessen	neg 1.0		off 0.49778582963855156 neg 0.45853830734150913 __DUMMY__ 0.043675863019939386	false	0.5
unstetig	neg 1.0		off 0.5029034738864986 neg 0.4533190903727934 __DUMMY__ 0.04377743574070794	false	0.5
entmutigen	neg 1.0		off 0.5020456506073614 neg 0.45430169224611583 __DUMMY__ 0.043652657146522916	false	0.5
schwanz	neg 1.0		off 0.4965489699009388 neg 0.45953878925007896 __DUMMY__ 0.043912240848982244	false	0.5
verbot	neg 1.0		off 0.4963774930507738 neg 0.45997301400949875 __DUMMY__ 0.04364949293972746	false	0.5
leid	neg 1.0		off 0.5119788551189254 neg 0.4446671323198535 __DUMMY__ 0.0433540125612211	false	0.5
archaisch	neg 1.0		off 0.49899260407408924 neg 0.4572018082156097 __DUMMY__ 0.043805587710300964	false	0.5
gegen			off 0.4959690271039046 neg 0.45993366338790004 __DUMMY__ 0.04409730950819545	false	0.0
scheidung	neg 1.0		off 0.519559189852653 neg 0.4375033848417181 __DUMMY__ 0.04293742530562905	false	0.5
einschlag	neg 1.0	neg 1.0	neg 0.7081454275720335 off 0.27100564739452365 __DUMMY__ 0.02084892503344278	false	1.0
m			off 0.49981869150518865 neg 0.45625748095695806 __DUMMY__ 0.04392382753785327	false	0.0
abgestanden	neg 1.0		off 0.5036403071619749 neg 0.4524875492903029 __DUMMY__ 0.04387214354772226	false	0.5
schmierig	off 1.0		off 0.5116517549748512 neg 0.44495711563518825 __DUMMY__ 0.04339112938996053	false	1.0
unpraktisch	neg 1.0		off 0.5040297806992688 neg 0.45208747396978094 __DUMMY__ 0.04388274533095028	false	0.5
wixxer	off 1.0		off 0.5147650889958156 neg 0.44230141332424244 __DUMMY__ 0.04293349767994191	false	1.0
bezeichnet			off 0.4998730781113208 neg 0.45644240291236315 __DUMMY__ 0.04368451897631593	false	0.0
jammerlappen	off 1.0		off 0.5057501423926599 neg 0.4507223580076094 __DUMMY__ 0.043527499599730755	false	1.0
farce	neg 1.0		off 0.4964190925911022 neg 0.4600345197237761 __DUMMY__ 0.04354638768512169	false	0.5
zwecklos	neg 1.0		off 0.4984601800206244 neg 0.45779313940668054 __DUMMY__ 0.043746680572695	false	0.5
turbulent	neg 1.0		off 0.5048679227277507 neg 0.45176845041801184 __DUMMY__ 0.043363626854237294	false	0.5
invasion	neg 1.0		off 0.5039509395725325 neg 0.4523496567443541 __DUMMY__ 0.04369940368311338	false	0.5
schuld	neg 1.0		off 0.5019350643929826 neg 0.45436163651057204 __DUMMY__ 0.043703299096445436	false	0.5
risiko	neg 1.0		off 0.5020383209301229 neg 0.454161816191307 __DUMMY__ 0.043799862878570114	false	0.5
finster	neg 1.0		off 0.5032394034809027 neg 0.4529608258246796 __DUMMY__ 0.043799770694417574	false	0.5
geisteskrank	off 1.0		off 0.5063628837391595 neg 0.4502789661191193 __DUMMY__ 0.04335815014172127	false	1.0
zusammenbrechen	neg 1.0		off 0.5008715127496166 neg 0.455215418052253 __DUMMY__ 0.04391306919813028	false	0.5
ausbeute	neg 1.0		off 0.49793400688908473 neg 0.45802419644770664 __DUMMY__ 0.04404179666320863	false	0.5
hinterhalt	neg 1.0		off 0.49946392580966564 neg 0.45670364197781066 __DUMMY__ 0.04383243221252368	false	0.5
kritik	neg 1.0		off 0.4967600765112951 neg 0.45963746437577013 __DUMMY__ 0.043602459112934575	false	0.5
einschrumpfen	neg 1.0		off 0.5011466461837663 neg 0.4555148207127626 __DUMMY__ 0.04333853310347116	false	0.5
riskant	neg 1.0		off 0.497319998656268 neg 0.4588193937755934 __DUMMY__ 0.043860607568138546	false	0.5
frustrieren	neg 1.0		off 0.49760266294181055 neg 0.458533654948366 __DUMMY__ 0.04386368210982347	false	0.5
groll	neg 1.0		off 0.4989543168641666 neg 0.45721004636478974 __DUMMY__ 0.043835636771043615	false	0.5
gibt			off 0.4990095832890219 neg 0.4572088359032826 __DUMMY__ 0.043781580807695536	false	0.0
qualvoll	neg 1.0		off 0.5061851211683914 neg 0.450040528224542 __DUMMY__ 0.043774350607066595	false	0.5
wackeln	neg 1.0	neg 1.0	neg 0.7102694454205052 off 0.2685958477291408 __DUMMY__ 0.02113470685035397	false	1.0
klagen	neg 1.0		off 0.49356564135107833 neg 0.4624919083800509 __DUMMY__ 0.0439424502688708	false	0.5
bankrott	neg 1.0		off 0.5054031471146165 neg 0.45096506338988607 __DUMMY__ 0.04363178949549731	false	0.5
trauern	neg 1.0		off 0.4991810697267076 neg 0.4567801776498808 __DUMMY__ 0.04403875262341162	false	0.5
ablehnung	neg 1.0		off 0.4967791121058631 neg 0.45962080738494027 __DUMMY__ 0.043600080509196795	false	0.5
stur	neg 1.0		off 0.5021602122235876 neg 0.4541962857567211 __DUMMY__ 0.04364350201969125	false	0.5
aufruhr	neg 1.0		off 0.5008922218929428 neg 0.4552534441141578 __DUMMY__ 0.04385433399289933	false	0.5
melancholie	neg 1.0		off 0.5003491832234337 neg 0.45566486797086264 __DUMMY__ 0.043985948805703556	false	0.5
ist			off 0.5028703331811673 neg 0.45345504779754103 __DUMMY__ 0.043674619021291695	false	0.0
torheit	neg 1.0		off 0.5004781942050345 neg 0.45594406494808404 __DUMMY__ 0.04357774084688155	false	0.5
dreckskind	off 1.0		off 0.5111656314501503 neg 0.44566065732206356 __DUMMY__ 0.04317371122778611	false	1.0
umtauschen	neg 1.0		off 0.5014420897726347 neg 0.4547405023194556 __DUMMY__ 0.04381740790790957	false	0.5
zum			off 0.4956931349781107 neg 0.4598453815344574 __DUMMY__ 0.044461483487431896	false	0.0
zersetzen	neg 1.0		off 0.4952149818923494 neg 0.4609533315388912 __DUMMY__ 0.04383168656875951	false	0.5
zur			off 0.4924711654834886 neg 0.46328763703826203 __DUMMY__ 0.04424119747824922	false	0.0
frust	neg 1.0		off 0.500378305980776 neg 0.45573230160522027 __DUMMY__ 0.04388939241400358	false	0.5
unerbittlichkeit	neg 1.0		off 0.4954029791320201 neg 0.4607605812511541 __DUMMY__ 0.04383643961682585	false	0.5
zwei			off 0.4970987654517508 neg 0.4585864024951548 __DUMMY__ 0.04431483205309427	false	0.0
unkorrekt	neg 1.0		off 0.5053694732104547 neg 0.451524349844778 __DUMMY__ 0.043106176944767365	false	0.5
hexe	off 1.0		off 0.5054731706529408 neg 0.4511271369301058 __DUMMY__ 0.04339969241695348	false	1.0
lasch	neg 1.0		off 0.5025255511436656 neg 0.45409567029071213 __DUMMY__ 0.043378778565622306	false	0.5
rivale	neg 1.0		off 0.5097338709303932 neg 0.4467160993004808 __DUMMY__ 0.04355002976912606	false	0.5
mutlos	off 1.0	off 1.0	off 0.7337744930045177 neg 0.24525137787160745 __DUMMY__ 0.020974129123874856	false	1.0
wirr	off 1.0		off 0.5063653972656413 neg 0.45047496153269345 __DUMMY__ 0.04315964120166524	false	1.0
jahr			off 0.4979043184734615 neg 0.4579366573349654 __DUMMY__ 0.04415902419157321	false	0.0
wird			off 0.49820902759785607 neg 0.4579128113627449 __DUMMY__ 0.043878161039399	false	0.0
strafbar	neg 1.0		off 0.49655495363059304 neg 0.45966977814980287 __DUMMY__ 0.043775268219604015	false	0.5
erosion	neg 1.0		off 0.5030519807626621 neg 0.4530901313456503 __DUMMY__ 0.043857887891687604	false	0.5
eingehen	neg 1.0		off 0.4970780681358372 neg 0.45921504611318914 __DUMMY__ 0.04370688575097355	false	0.5
faul	off 1.0		off 0.5065798812902624 neg 0.44972271809777403 __DUMMY__ 0.043697400611963595	false	1.0
provisorium	neg 1.0		off 0.49159387479704025 neg 0.4639977330235686 __DUMMY__ 0.044408392179391146	false	0.5
schmerzen	neg 1.0		off 0.5020004613511795 neg 0.45417956104764456 __DUMMY__ 0.04381997760117605	false	0.5
schrumpfen	neg 1.0		off 0.4911643106960513 neg 0.4647843134733682 __DUMMY__ 0.04405137583058049	false	0.5
geistlos	off 1.0		off 0.5001789849946843 neg 0.4565236199162611 __DUMMY__ 0.04329739508905475	false	1.0
fehlkauf	neg 1.0		off 0.5024012211036316 neg 0.4539634199397728 __DUMMY__ 0.043635358956595566	false	0.5
frustrierend	neg 1.0		off 0.5059929397113786 neg 0.4503240874704626 __DUMMY__ 0.043682972818158985	false	0.5
unzufrieden	neg 1.0		off 0.49806252286649444 neg 0.458208582805435 __DUMMY__ 0.04372889432807062	false	0.5
verzweifeln	neg 1.0		off 0.501019275706706 neg 0.4551821353868225 __DUMMY__ 0.04379858890647162	false	0.5
verzweifelt	neg 1.0		off 0.5025586226991773 neg 0.45377044892062657 __DUMMY__ 0.04367092838019621	false	0.5
misstrauensantrag	neg 1.0		off 0.5030430656670507 neg 0.4533458035158751 __DUMMY__ 0.04361113081707425	false	0.5
abfallen	neg 1.0		off 0.5043919738185123 neg 0.4517255051715868 __DUMMY__ 0.04388252100990084	false	0.5
fucker	off 1.0		off 0.5069231948778804 neg 0.44971035373579915 __DUMMY__ 0.04336645138632034	false	1.0
ungezogen	neg 1.0		off 0.514938364372084 neg 0.44191808759206913 __DUMMY__ 0.043143548035846906	false	0.5
irrsinnig	neg 1.0	neg 1.0	neg 0.7121634053641748 off 0.26690655973520355 __DUMMY__ 0.020930034900621675	false	1.0
unfassbar	neg 1.0		off 0.5057725758797079 neg 0.4507963774368043 __DUMMY__ 0.04343104668348773	false	0.5
hart	neg 1.0		off 0.5045420827617064 neg 0.4518709169650991 __DUMMY__ 0.04358700027319444	false	0.5
widerlich	off 1.0		off 0.5061489378264256 neg 0.4505077695141366 __DUMMY__ 0.04334329265943797	false	1.0
fatal	neg 1.0		off 0.5028000297727656 neg 0.4535585011771175 __DUMMY__ 0.04364146905011703	false	0.5
bruch	neg 1.0		off 0.49459788811773375 neg 0.4613947059949911 __DUMMY__ 0.04400740588727501	false	0.5
aushungern	neg 1.0		off 0.4983833130019419 neg 0.4579795486512176 __DUMMY__ 0.04363713834684044	false	0.5
anspannung	neg 1.0	neg 1.0	neg 0.7136937933858267 off 0.2648397893958198 __DUMMY__ 0.021466417218353403	false	1.0
von			off 0.49703939745462333 neg 0.4587983541702803 __DUMMY__ 0.044162248375096316	false	0.0
kraftlos	neg 1.0		off 0.5018106258747812 neg 0.45410573159630496 __DUMMY__ 0.04408364252891375	false	0.5
vom			off 0.4935622935239864 neg 0.46191973402129827 __DUMMY__ 0.044517972454715456	false	0.0
grenzdebil	off 1.0		off 0.507554826619389 neg 0.4489747689348621 __DUMMY__ 0.04347040444574886	false	1.0
vor			off 0.4969223241768936 neg 0.45898513800528123 __DUMMY__ 0.04409253781782507	false	0.0
unterwerfen	neg 1.0		off 0.4971718751029594 neg 0.45897297182859864 __DUMMY__ 0.04385515306844192	false	0.5
versenkung	neg 1.0		off 0.49730401819489234 neg 0.458788061533721 __DUMMY__ 0.04390792027138661	false	0.5
entziehen	neg 1.0		off 0.494865275572182 neg 0.46114964072888226 __DUMMY__ 0.04398508369893572	false	0.5
finanzkrise	neg 1.0		off 0.4981674010474881 neg 0.4582450345370841 __DUMMY__ 0.04358756441542771	false	0.5
schimpfend	neg 1.0		off 0.5045656911356823 neg 0.45151295332742003 __DUMMY__ 0.04392135553689762	false	0.5
profan	neg 1.0		off 0.5039197198683599 neg 0.4524608365220374 __DUMMY__ 0.04361944360960271	false	0.5
korruption	neg 1.0		off 0.49611977846035715 neg 0.46025187499221015 __DUMMY__ 0.04362834654743277	false	0.5
â			off 0.4984486216547771 neg 0.45762454251439105 __DUMMY__ 0.04392683583083194	false	0.0
schmutzig	neg 1.0		off 0.5081393892707678 neg 0.44826060773047494 __DUMMY__ 0.043600002998757166	false	0.5
sexy	neg 1.0		off 0.5047247965380218 neg 0.45164694553316004 __DUMMY__ 0.043628257928818186	false	0.5
abraten	neg 1.0		off 0.5027568378129472 neg 0.45360523057204094 __DUMMY__ 0.04363793161501189	false	0.5
schwarz	neg 1.0		off 0.5019232656959604 neg 0.4544459166785818 __DUMMY__ 0.04363081762545785	false	0.5
fotze	off 1.0		off 0.4967588672196834 neg 0.45943232525350364 __DUMMY__ 0.043808807526812925	false	1.0
verwirren	neg 1.0		off 0.5040434275819178 neg 0.45234828202620436 __DUMMY__ 0.0436082903918779	false	0.5
zahnlos	off 1.0		off 0.4979646493347669 neg 0.4583197058705338 __DUMMY__ 0.043715644794699235	false	1.0
verheeren	neg 1.0		off 0.5167470246950289 neg 0.4400409903454685 __DUMMY__ 0.04321198495950264	false	0.5
hippie	neg 1.0		off 0.5038332230922808 neg 0.4525584584363486 __DUMMY__ 0.04360831847137054	false	0.5
rammen	neg 1.0		off 0.503086927930961 neg 0.453118943318574 __DUMMY__ 0.043794128750465074	false	0.5
unlauter	neg 1.0		off 0.4974424344291526 neg 0.45925130618135834 __DUMMY__ 0.04330625938948919	false	0.5
unheilvoll	neg 1.0		off 0.505340266678967 neg 0.45082827090950334 __DUMMY__ 0.04383146241152966	false	0.5
niedrig	neg 1.0		off 0.49816462740210754 neg 0.45778778587729024 __DUMMY__ 0.044047586720602196	false	0.5
explosion	neg 1.0		off 0.5031315954935892 neg 0.45326453628401725 __DUMMY__ 0.04360386822239363	false	0.5
weichei	off 1.0		off 0.5115939309043571 neg 0.44520486806817694 __DUMMY__ 0.04320120102746581	false	1.0
minusmensch	off 1.0		off 0.5114698710757879 neg 0.4458017916109561 __DUMMY__ 0.042728337313256	false	1.0
farblos	neg 1.0		off 0.503244205705747 neg 0.45267282295983424 __DUMMY__ 0.044082971334418825	false	0.5
unwissend	neg 1.0	neg 1.0	neg 0.7102869541462058 off 0.26889389504073785 __DUMMY__ 0.020819150813056506	false	1.0
traurig	neg 1.0		off 0.509474944123404 neg 0.4471207724359662 __DUMMY__ 0.04340428344062984	false	0.5
senkung	neg 1.0		off 0.5014194286147695 neg 0.45518924457256604 __DUMMY__ 0.043391326812664506	false	0.5
ungleich	neg 1.0	neg 1.0	neg 0.7153339256660951 off 0.26367564661725457 __DUMMY__ 0.02099042771665031	false	1.0
heikel	neg 1.0		off 0.49528061250392885 neg 0.4609031119742603 __DUMMY__ 0.04381627552181086	false	0.5
drosselung	neg 1.0		off 0.5071307019143659 neg 0.4493771286809627 __DUMMY__ 0.04349216940467139	false	0.5
falsch	neg 1.0		off 0.5053978508298718 neg 0.4510140729266003 __DUMMY__ 0.043588076243527965	false	0.5
unzufriedenheit	neg 1.0		off 0.4951816368853022 neg 0.4609306340709849 __DUMMY__ 0.0438877290437129	false	0.5
kurz	neg 1.0		off 0.5013832378011922 neg 0.45463761310492146 __DUMMY__ 0.04397914909388643	false	0.5
unsinnig	neg 1.0		off 0.497708430025308 neg 0.4586717532451766 __DUMMY__ 0.04361981672951532	false	0.5
penner	off 1.0	off 1.0	off 0.743392564983781 neg 0.2359304693613837 __DUMMY__ 0.020676965654835164	false	1.0
seicht	neg 1.0		off 0.5124704416799203 neg 0.4446071151164988 __DUMMY__ 0.042922443203580886	false	0.5
dummheit	off 1.0	off 1.0	off 0.7376187164367772 neg 0.2415026807413112 __DUMMY__ 0.020878602821911427	false	1.0
unerfreulich	neg 1.0		off 0.4958994924479344 neg 0.4601022885712552 __DUMMY__ 0.04399821898081046	false	0.5
motherfucker	off 1.0	off 1.0	off 0.7396256006293497 neg 0.23959990784137306 __DUMMY__ 0.02077449152927717	false	1.0
pikiert	neg 1.0		off 0.5049315624700239 neg 0.4517014747261279 __DUMMY__ 0.04336696280384821	false	0.5
wrack	neg 1.0		off 0.49844374549395976 neg 0.45755147570214 __DUMMY__ 0.04400477880390022	false	0.5
gangster	neg 1.0		off 0.5037924444672403 neg 0.45255473451001993 __DUMMY__ 0.04365282102273989	false	0.5
krank	neg 1.0		off 0.509010919696322 neg 0.44740942485048657 __DUMMY__ 0.0435796554531913	false	0.5
reich	neg 1.0		off 0.5027252821898568 neg 0.4539677431367895 __DUMMY__ 0.04330697467335377	false	0.5
gnadenlos	neg 1.0		off 0.5022674117440445 neg 0.45399684277994395 __DUMMY__ 0.0437357454760116	false	0.5
niedergeschlagen	neg 1.0		off 0.5020214535474179 neg 0.45397953033363436 __DUMMY__ 0.04399901611894785	false	0.5
terrorisieren	off 1.0	off 1.0	off 0.7351896912913594 neg 0.24372282600103304 __DUMMY__ 0.0210874827076076	false	1.0
sinnlosigkeit	neg 1.0		off 0.4985806555145151 neg 0.4576622944439496 __DUMMY__ 0.04375705004153524	false	0.5
behindern	neg 1.0		off 0.4996435482867358 neg 0.4566548854240127 __DUMMY__ 0.043701566289251426	false	0.5
undemokratisch	neg 1.0		off 0.49915392178160256 neg 0.45739551180413957 __DUMMY__ 0.043450566414257825	false	0.5
wirtschaftskrise	neg 1.0		off 0.496513819752538 neg 0.45975481844016375 __DUMMY__ 0.04373136180729835	false	0.5
neid	neg 1.0		off 0.5077807493683831 neg 0.44847557944813443 __DUMMY__ 0.04374367118348238	false	0.5
rutschen	neg 1.0		off 0.4976215118666524 neg 0.4580080143693988 __DUMMY__ 0.044370473763948676	false	0.5
rezession	neg 1.0		off 0.5084364097766552 neg 0.4483686997361408 __DUMMY__ 0.043194890487204006	false	0.5
fehlgeburt	neg 1.0		off 0.5053539483652606 neg 0.4507825691543288 __DUMMY__ 0.0438634824804106	false	0.5
charakterschwach	off 1.0		off 0.5066672061605915 neg 0.449889284476851 __DUMMY__ 0.04344350936255751	false	1.0
isolation	neg 1.0		off 0.505676774601154 neg 0.45066768681092173 __DUMMY__ 0.04365553858792427	false	0.5
ablenkung	neg 1.0		off 0.5018514663546144 neg 0.454380757478226 __DUMMY__ 0.04376777616715961	false	0.5
pech	neg 1.0		off 0.5057754216160919 neg 0.4505702204451492 __DUMMY__ 0.04365435793875895	false	0.5
vermeidung	neg 1.0		off 0.5058775519203872 neg 0.45079041901206013 __DUMMY__ 0.04333202906755269	false	0.5
dominieren	neg 1.0		off 0.49980273537843817 neg 0.45613067522626466 __DUMMY__ 0.04406658939529736	false	0.5
schwindlig	neg 1.0		off 0.5070543889441684 neg 0.448978169143154 __DUMMY__ 0.04396744191267756	false	0.5
lutscher	neg 1.0		off 0.5135992548844877 neg 0.4434613269787711 __DUMMY__ 0.042939418136741354	false	0.5
pflicht	neg 1.0		off 0.4952854066331383 neg 0.460871818436786 __DUMMY__ 0.04384277493007576	false	0.5
faschist	off 1.0		off 0.5012403702024807 neg 0.4553951859625902 __DUMMY__ 0.04336444383492911	false	1.0
verschleudern	neg 1.0		off 0.49345104525975525 neg 0.463019911513651 __DUMMY__ 0.043529043226593706	false	0.5
wenn			off 0.5055275138674413 neg 0.4509003237379835 __DUMMY__ 0.04357216239457511	false	0.0
ehebruch	neg 1.0		off 0.4976252809002685 neg 0.4585513470298953 __DUMMY__ 0.043823372069836074	false	0.5
spott	off 1.0		off 0.4960116316807806 neg 0.46024793390874597 __DUMMY__ 0.0437404344104734	false	1.0
trostlosigkeit	neg 1.0		off 0.4954833260443583 neg 0.4605130519089242 __DUMMY__ 0.04400362204671752	false	0.5
lutschen	neg 1.0		off 0.5028055131940931 neg 0.4536350349864057 __DUMMY__ 0.043559451819501376	false	0.5
undiszipliniert	neg 1.0		off 0.5091945769355839 neg 0.4473197021247623 __DUMMY__ 0.04348572093965375	false	0.5
kopfschmerz	neg 1.0		off 0.5020853760449433 neg 0.45390908052752194 __DUMMY__ 0.04400554342753488	false	0.5
unvorhergesehen	neg 1.0		off 0.5005339667368861 neg 0.4552971132176891 __DUMMY__ 0.044168920045424644	false	0.5
desinteressiert	neg 1.0		off 0.5076346930781852 neg 0.449008692907111 __DUMMY__ 0.043356614014703816	false	0.5
armselig	off 1.0		off 0.5072571832300535 neg 0.44954908567541496 __DUMMY__ 0.043193731094531444	false	1.0
desaster	neg 1.0		off 0.49278309416888627 neg 0.46330669808483943 __DUMMY__ 0.04391020774627434	false	0.5
tod	neg 1.0		off 0.49991281968249157 neg 0.4560462869036285 __DUMMY__ 0.044040893413879914	false	0.5
herzlos	neg 1.0		off 0.5090005746894525 neg 0.4477045195695134 __DUMMY__ 0.04329490574103409	false	0.5
unwissenheit	neg 1.0		off 0.4967535966903212 neg 0.45963571693257743 __DUMMY__ 0.043610686377101256	false	0.5
widersinnig	neg 1.0	neg 1.0	neg 0.7155137414104111 off 0.2636566238497769 __DUMMY__ 0.02082963473981196	false	1.0
bedenklich	neg 1.0		off 0.4966810221730137 neg 0.4595549013488184 __DUMMY__ 0.04376407647816799	false	0.5
beanstanden	neg 1.0		off 0.4947896348510185 neg 0.4613342006849986 __DUMMY__ 0.043876164463982736	false	0.5
panisch	neg 1.0	neg 1.0	neg 0.7087652283191489 off 0.27010328921593935 __DUMMY__ 0.02113148246491164	false	1.0
debil	off 1.0		off 0.4913494104422172 neg 0.46447421929476573 __DUMMY__ 0.044176370263017024	false	1.0
abstrich	neg 1.0		off 0.4971019038766006 neg 0.45918882114911486 __DUMMY__ 0.04370927497428466	false	0.5
primitiv	neg 1.0		off 0.5067517347185263 neg 0.4499003757384534 __DUMMY__ 0.04334788954302043	false	0.5
abschaum	off 1.0	off 1.0	off 0.7387958835565116 neg 0.24036127465207469 __DUMMY__ 0.020842841791413727	false	1.0
provozieren	neg 1.0		off 0.5012142807281713 neg 0.45513270091125957 __DUMMY__ 0.043653018360569056	false	0.5
tot	neg 1.0		off 0.49576448732860207 neg 0.46053060843140925 __DUMMY__ 0.04370490423998862	false	0.5
instabil	neg 1.0		off 0.5042056388148899 neg 0.45268030345173516 __DUMMY__ 0.04311405773337483	false	0.5
schwuchtel	off 1.0		off 0.5179305656794734 neg 0.4392983096935831 __DUMMY__ 0.04277112462694359	false	1.0
zerren	neg 1.0		off 0.5020351282631892 neg 0.45396851067162397 __DUMMY__ 0.0439963610651869	false	0.5
kinderficker	off 1.0		off 0.5085860902919547 neg 0.4484114234074316 __DUMMY__ 0.04300248630061356	false	1.0
gefahr	neg 1.0		off 0.4964509518899088 neg 0.4595532813937436 __DUMMY__ 0.043995766716347695	false	0.5
rabiat	neg 1.0		off 0.5006605964103261 neg 0.45565772169499075 __DUMMY__ 0.043681681894683265	false	0.5
verlangsamung	neg 1.0		off 0.5126738672051568 neg 0.44415977556395714 __DUMMY__ 0.04316635723088598	false	0.5
ausgestorben	neg 1.0		off 0.5017904462161441 neg 0.45432874776518534 __DUMMY__ 0.04388080601867052	false	0.5
anklagen	neg 1.0		off 0.4988124078026967 neg 0.45744007468572007 __DUMMY__ 0.04374751751158319	false	0.5
trott	neg 1.0		off 0.5010032099090991 neg 0.4551823958290287 __DUMMY__ 0.04381439426187224	false	0.5
verminderung	neg 1.0		off 0.5063997558459346 neg 0.4503203928129636 __DUMMY__ 0.04327985134110189	false	0.5
nach			off 0.4971982830257521 neg 0.4582473181331664 __DUMMY__ 0.04455439884108165	false	0.0
rost	neg 1.0		off 0.5119793407083234 neg 0.44476113275577894 __DUMMY__ 0.04325952653589759	false	0.5
destruktiv	neg 1.0		off 0.4983104785915972 neg 0.4581717382664445 __DUMMY__ 0.04351778314195825	false	0.5
unzumutbarkeit	neg 1.0		off 0.5059744395261117 neg 0.45045170801004975 __DUMMY__ 0.043573852463838464	false	0.5
labil	off 1.0	off 1.0	off 0.7387632079838512 neg 0.24038818836956746 __DUMMY__ 0.02084860364658133	false	1.0
ziemlich	neg 1.0		off 0.507570074846321 neg 0.4488777253540888 __DUMMY__ 0.0435521997995903	false	0.5
lachnummer	off 1.0		off 0.49947108237578974 neg 0.45691629210882906 __DUMMY__ 0.04361262551538121	false	1.0
oder			off 0.5024459156584633 neg 0.4537284246668122 __DUMMY__ 0.04382565967472441	false	0.0
verfall	neg 1.0		off 0.49149409869243654 neg 0.4644235587363305 __DUMMY__ 0.044082342571232926	false	0.5
ausgrenzung	neg 1.0		off 0.5005745549746051 neg 0.45593603258631915 __DUMMY__ 0.043489412439075746	false	0.5
unordnung	neg 1.0		off 0.5066898875999598 neg 0.44977564185724467 __DUMMY__ 0.04353447054279548	false	0.5
fehlverhalten	neg 1.0		off 0.4956105421386201 neg 0.4605572543339194 __DUMMY__ 0.04383220352746061	false	0.5
eine			off 0.49614143427997254 neg 0.4598941037785103 __DUMMY__ 0.043964461941517236	false	0.0
nille	neg 1.0		off 0.49971258150608344 neg 0.45652112974530873 __DUMMY__ 0.04376628874860787	false	0.5
qual	neg 1.0		off 0.500691135861843 neg 0.4554993428358281 __DUMMY__ 0.04380952130232892	false	0.5
verschwenden	neg 1.0		off 0.4977203264799628 neg 0.45848296513853687 __DUMMY__ 0.043796708381500404	false	0.5
riesig	neg 1.0	neg 1.0	neg 0.7125779753465618 off 0.2662351607425444 __DUMMY__ 0.021186863910893854	false	1.0
verurteilen	neg 1.0		off 0.49828541088481015 neg 0.45795360007538266 __DUMMY__ 0.04376098903980712	false	0.5
klischee	neg 1.0	neg 1.0	neg 0.7113910774409545 off 0.2677802572449106 __DUMMY__ 0.020828665314134943	false	1.0
diktatorisch	neg 1.0		off 0.4992170965056061 neg 0.4574012480427606 __DUMMY__ 0.04338165545163334	false	0.5
vorhersehbar	neg 1.0	neg 1.0	neg 0.7112901032857704 off 0.26782609783815864 __DUMMY__ 0.020883798876070933	false	1.0
sowie			off 0.5103913148813684 neg 0.4464282884977748 __DUMMY__ 0.04318039662085687	false	0.0
stornieren	neg 1.0		off 0.5046505251359419 neg 0.4513610411982969 __DUMMY__ 0.04398843366576113	false	0.5
besteuerung	neg 1.0		off 0.498927921244402 neg 0.45764060637165993 __DUMMY__ 0.043431472383938054	false	0.5
ungeschminkt	neg 1.0		off 0.5064255045761421 neg 0.45017828020739403 __DUMMY__ 0.043396215216463946	false	0.5
kritisch	neg 1.0		off 0.4961889066691893 neg 0.4600638359250033 __DUMMY__ 0.04374725740580742	false	0.5
schlamperei	off 1.0		off 0.4947387254897141 neg 0.4615183346505896 __DUMMY__ 0.04374293985969623	false	1.0
sucht	neg 1.0	neg 1.0	neg 0.7114344615686437 off 0.2674881482969726 __DUMMY__ 0.021077390134383863	false	1.0
egoistisch	off 1.0		off 0.5118055418802624 neg 0.44495032794102674 __DUMMY__ 0.043244130178710906	false	1.0
ausbeuter	off 1.0		off 0.494470582026383 neg 0.4617943924202706 __DUMMY__ 0.043735025553346296	false	1.0
arschgeburt	off 1.0		off 0.5175175089289158 neg 0.4397654194800567 __DUMMY__ 0.04271707159102752	false	1.0
schubs	neg 1.0	neg 1.0	neg 0.7117907887800682 off 0.2670306059806164 __DUMMY__ 0.02117860523931542	false	1.0
unsolide	neg 1.0		off 0.4974836564455861 neg 0.4593831271731324 __DUMMY__ 0.043133216381281404	false	0.5
beschwerde	neg 1.0		off 0.49529145614144193 neg 0.4609422227081677 __DUMMY__ 0.04376632115039041	false	0.5
stocken	neg 1.0		off 0.4975560589691807 neg 0.45853452002504735 __DUMMY__ 0.04390942100577196	false	0.5
isolieren	neg 1.0		off 0.4982352328365245 neg 0.45794618928049763 __DUMMY__ 0.043818577882977834	false	0.5
unheilbar	neg 1.0		off 0.5037683505125203 neg 0.4523036323853401 __DUMMY__ 0.043928017102139574	false	0.5
pisser	off 1.0		off 0.5084289769577305 neg 0.4481007426984518 __DUMMY__ 0.043470280343817655	false	1.0
löschen	neg 1.0		off 0.5012129827811036 neg 0.4550149865622643 __DUMMY__ 0.043772030656632106	false	0.5
durchfallen	neg 1.0		off 0.4971584639814216 neg 0.4591833141456994 __DUMMY__ 0.04365822187287891	false	0.5
wichser	off 1.0		off 0.5162635488223019 neg 0.4406939212815735 __DUMMY__ 0.043042529896124684	false	1.0
terror	neg 1.0		off 0.5049123201255372 neg 0.45134251690965904 __DUMMY__ 0.043745162964803845	false	0.5
krass	neg 1.0		off 0.5096055577879713 neg 0.44711565642946854 __DUMMY__ 0.04327878578256016	false	0.5
revolte	neg 1.0		off 0.5013423877385714 neg 0.4551766416469328 __DUMMY__ 0.04348097061449592	false	0.5
besorgt	neg 1.0		off 0.501529160708772 neg 0.4544136417755153 __DUMMY__ 0.04405719751571284	false	0.5
nachlassen	neg 1.0		off 0.4975121280783943 neg 0.45854634622937285 __DUMMY__ 0.04394152569223292	false	0.5
alt	neg 1.0		off 0.4987080892892457 neg 0.4573860567539619 __DUMMY__ 0.04390585395679231	false	0.5
hundesohn	off 1.0		off 0.5129342920586576 neg 0.4441208586440023 __DUMMY__ 0.042944849297340076	false	1.0
als			off 0.5004803051919132 neg 0.455592111936236 __DUMMY__ 0.04392758287185078	false	0.0
abschreckung	neg 1.0		off 0.49511821954873275 neg 0.46090627815929863 __DUMMY__ 0.043975502291968574	false	0.5
unqualifiziert	neg 1.0		off 0.5009213902642136 neg 0.45581036484750714 __DUMMY__ 0.04326824488827927	false	0.5
abgewichst	off 1.0		off 0.4993964615179554 neg 0.45678780810315245 __DUMMY__ 0.043815730378892324	false	1.0
schwer	neg 1.0		off 0.5017333287556196 neg 0.4544554838160441 __DUMMY__ 0.04381118742833638	false	0.5
bedeutungslosigkeit	neg 1.0		off 0.49544709988311786 neg 0.4606662550471416 __DUMMY__ 0.04388664506974059	false	0.5
kapitulation	neg 1.0		off 0.49527192171180845 neg 0.46105185483617944 __DUMMY__ 0.043676223452012095	false	0.5
unscharf	neg 1.0		off 0.5031317793805041 neg 0.45328176220311983 __DUMMY__ 0.04358645841637611	false	0.5
schwinden	neg 1.0		off 0.4960205135662546 neg 0.46002955945636503 __DUMMY__ 0.04394992697738032	false	0.5
versklavung	neg 1.0		off 0.49941343223079754 neg 0.45714192954189287 __DUMMY__ 0.04344463822730954	false	0.5
schlecht	neg 1.0		off 0.5079042930157075 neg 0.4485204388782785 __DUMMY__ 0.04357526810601395	false	0.5
verhasst	neg 1.0		off 0.5016882229979619 neg 0.45466321219370726 __DUMMY__ 0.04364856480833075	false	0.5
beschweren	neg 1.0		off 0.5030591359827876 neg 0.45326950857589204 __DUMMY__ 0.0436713554413204	false	0.5
scheiden	neg 1.0		off 0.5039076050820052 neg 0.4521261307106146 __DUMMY__ 0.04396626420738034	false	0.5
frustriert	neg 1.0		off 0.5003609307239677 neg 0.45581780142446165 __DUMMY__ 0.04382126785157057	false	0.5
schimmelig	neg 1.0		off 0.49862302854091217 neg 0.4573949054019564 __DUMMY__ 0.043982066057131515	false	0.5
fisch	neg 1.0		off 0.4981315912155502 neg 0.4577518520607132 __DUMMY__ 0.0441165567237366	false	0.5
schmuggel	neg 1.0		off 0.49871412743635024 neg 0.45708219312376697 __DUMMY__ 0.04420367943988281	false	0.5
auffallen	neg 1.0		off 0.5038226360599727 neg 0.45252419034489605 __DUMMY__ 0.04365317359513119	false	0.5
konkurrenz	neg 1.0	neg 1.0	neg 0.7153752195750469 off 0.2634834162455546 __DUMMY__ 0.021141364179398502	false	1.0
teufelskreis	neg 1.0		off 0.5007668675296233 neg 0.4554439857947536 __DUMMY__ 0.043789146675623086	false	0.5
aufschreien	neg 1.0		off 0.5028632091583312 neg 0.45356375487401596 __DUMMY__ 0.04357303596765287	false	0.5
schuldner	neg 1.0		off 0.49586754706629294 neg 0.4602247161215387 __DUMMY__ 0.043907736812168245	false	0.5
missgeburt	off 1.0	off 1.0	off 0.7418481467986793 neg 0.23744405733605345 __DUMMY__ 0.020707795865267286	false	1.0
arbeitslos	neg 1.0		off 0.4976538145048745 neg 0.4586699193220577 __DUMMY__ 0.04367626617306771	false	0.5
befallen	neg 1.0		off 0.4996647022954907 neg 0.4565288906626746 __DUMMY__ 0.04380640704183466	false	0.5
miesepetrig	off 1.0	off 1.0	off 0.740422490425814 neg 0.23866104492021806 __DUMMY__ 0.020916464653967935	false	1.0
alarmieren	neg 1.0		off 0.5042706139943554 neg 0.4522839664944576 __DUMMY__ 0.04344541951118704	false	0.5
ungeduscht	off 1.0		off 0.5057966475830672 neg 0.450526794653517 __DUMMY__ 0.043676557763415884	false	1.0
knappheit	neg 1.0		off 0.49545224776265046 neg 0.4608722791133954 __DUMMY__ 0.04367547312395398	false	0.5
schlange	neg 1.0		off 0.5051616421934563 neg 0.45094906660539524 __DUMMY__ 0.04388929120114828	false	0.5
harsch	neg 1.0		off 0.5118571732501106 neg 0.44470101653640587 __DUMMY__ 0.04344181021348345	false	0.5
lang	neg 1.0		off 0.5019361065763563 neg 0.45427908299310643 __DUMMY__ 0.0437848104305373	false	0.5
ziellos	neg 1.0		off 0.5006307211552107 neg 0.4553450446405975 __DUMMY__ 0.044024234204191846	false	0.5
selbstverliebt	neg 1.0		off 0.5152272833510163 neg 0.4419521780336775 __DUMMY__ 0.042820538615306165	false	0.5
beseitigen	neg 1.0		off 0.49995110397989906 neg 0.4562902930064017 __DUMMY__ 0.0437586030136994	false	0.5
dumm	off 1.0		off 0.511816165647238 neg 0.44507219432556094 __DUMMY__ 0.0431116400272012	false	1.0
arbeitsloser	neg 1.0		off 0.4982808810410058 neg 0.45785903821595325 __DUMMY__ 0.04386008074304087	false	0.5
blitzen	neg 1.0		off 0.504356099979993 neg 0.45200858246501063 __DUMMY__ 0.04363531755499648	false	0.5
hilflos	neg 1.0		off 0.5004088908763662 neg 0.4557074883093147 __DUMMY__ 0.04388362081431908	false	0.5
eklig	off 1.0		off 0.5135005691085197 neg 0.4433159101847004 __DUMMY__ 0.04318352070677996	false	1.0
begriff			off 0.4987299528575645 neg 0.45760234890579654 __DUMMY__ 0.04366769823663893	false	0.0
hungersnot	neg 1.0		off 0.5001561054909662 neg 0.4559546070551951 __DUMMY__ 0.04388928745383867	false	0.5
ungesetzlich	neg 1.0		off 0.49854944124850953 neg 0.4582263014592484 __DUMMY__ 0.04322425729224209	false	0.5
verschwendung	neg 1.0		off 0.4969244606085863 neg 0.45918374239856313 __DUMMY__ 0.04389179699285047	false	0.5
schmerzvoll	neg 1.0		off 0.5035030296002064 neg 0.4527781072457552 __DUMMY__ 0.04371886315403848	false	0.5
vorzeitig	neg 1.0		off 0.5058244578342922 neg 0.45039951225212155 __DUMMY__ 0.0437760299135864	false	0.5
unvollkommenheit	neg 1.0		off 0.502537381446764 neg 0.4532648377037465 __DUMMY__ 0.04419778084948963	false	0.5
intervenieren	neg 1.0		off 0.4945760839268248 neg 0.46171734340122006 __DUMMY__ 0.043706572671955206	false	0.5
banause	off 1.0		off 0.5138718029748394 neg 0.44318324057997577 __DUMMY__ 0.04294495644518497	false	1.0
rebell	neg 1.0		off 0.49371290389529043 neg 0.4622742558144106 __DUMMY__ 0.04401284029029908	false	0.5
unlogisch	neg 1.0		off 0.508771924675975 neg 0.4479146913349033 __DUMMY__ 0.04331338398912157	false	0.5
leiden	neg 1.0		off 0.5002367280518863 neg 0.4554855751131653 __DUMMY__ 0.044277696834948276	false	0.5
abschaffung	neg 1.0		off 0.4988534522727096 neg 0.45768906506993995 __DUMMY__ 0.04345748265735049	false	0.5
sturz	neg 1.0		off 0.5024290213187503 neg 0.4536935240431421 __DUMMY__ 0.04387745463810749	false	0.5
verkleinerung	neg 1.0		off 0.5010229712757743 neg 0.4556562821880475 __DUMMY__ 0.04332074653617809	false	0.5
schmarotzer	off 1.0		off 0.4969492211121738 neg 0.4594270130136608 __DUMMY__ 0.0436237658741653	false	1.0
bestrafung	neg 1.0		off 0.5022424109235293 neg 0.4540961109567898 __DUMMY__ 0.043661478119681046	false	0.5
achtlos	neg 1.0		off 0.5025063398076645 neg 0.45359960360576296 __DUMMY__ 0.04389405658657245	false	0.5
ungeheuer	neg 1.0		off 0.5045031643353124 neg 0.45185360432022004 __DUMMY__ 0.04364323134446763	false	0.5
unaufrichtig	neg 1.0		off 0.502052043601417 neg 0.45442217223416825 __DUMMY__ 0.04352578416441458	false	0.5
groggy	neg 1.0		off 0.5031508674370196 neg 0.4532649197091239 __DUMMY__ 0.04358421285385648	false	0.5
