unsolidarisch	neg 1.0		off 0.3417924268301124 __DUMMY__ 0.3397173137344404 neg 0.3184902594354472	false	0.5
nachteilig	neg 1.0		__DUMMY__ 0.34349984120429566 off 0.33971870294072776 neg 0.3167814558549766	false	0.5
skeptisch	neg 1.0		__DUMMY__ 0.34384222082382204 off 0.33900315658560637 neg 0.3171546225905717	false	0.5
schrecklich	neg 1.0		off 0.3547387134726578 __DUMMY__ 0.33989171691502174 neg 0.3053695696123204	false	0.5
schlapp	neg 1.0		off 0.350721191496406 __DUMMY__ 0.34212216837517734 neg 0.3071566401284167	false	0.5
abfall	neg 1.0		__DUMMY__ 0.34542120002149485 off 0.33692843057514954 neg 0.3176503694033556	false	0.5
widerspenstig	neg 1.0		off 0.34513237000722247 __DUMMY__ 0.3433042797346695 neg 0.31156335025810816	false	0.5
abrupt	neg 1.0		__DUMMY__ 0.3453340581075469 off 0.34092746850593386 neg 0.3137384733865193	false	0.5
unwirksam	neg 1.0		off 0.34242784192398185 __DUMMY__ 0.3404416732989372 neg 0.31713048477708106	false	0.5
angreifen	neg 1.0	neg 1.0	neg 0.644999987159762 off 0.18767137864518943 __DUMMY__ 0.1673286341950485	false	1.0
inkonsistent	neg 1.0		off 0.3453760283349986 __DUMMY__ 0.34241955795920054 neg 0.3122044137058009	false	0.5
abrutschen	neg 1.0		__DUMMY__ 0.34530302855356926 off 0.33726540622373563 neg 0.31743156522269506	false	0.5
unsicher	neg 1.0		off 0.345377047274295 __DUMMY__ 0.3435991397113772 neg 0.31102381301432785	false	0.5
bauernkind	off 1.0	off 1.0	off 0.6652689285047598 neg 0.17054926101828946 __DUMMY__ 0.1641818104769507	false	1.0
angreifer	neg 1.0		off 0.34689624812918857 __DUMMY__ 0.34360592682544394 neg 0.30949782504536755	false	0.5
trennen	neg 1.0		__DUMMY__ 0.34607192057019626 off 0.3418779057149779 neg 0.31205017371482574	false	0.5
schmutz	neg 1.0		off 0.34970319793715143 __DUMMY__ 0.3463684402114765 neg 0.30392836185137206	false	0.5
inkonsistenz	neg 1.0		off 0.34737778484264664 __DUMMY__ 0.339595158848273 neg 0.3130270563090804	false	0.5
erschreckend	neg 1.0		off 0.34310372689652935 __DUMMY__ 0.3426519350532883 neg 0.3142443380501824	false	0.5
ertrinken	neg 1.0		__DUMMY__ 0.3454900873055741 off 0.3423837190907373 neg 0.3121261936036885	false	0.5
pickelface	off 1.0		__DUMMY__ 0.3429815766172522 off 0.3421308134575862 neg 0.31488760992516157	false	1.0
seiner			__DUMMY__ 0.34495420553529926 off 0.34049721544480904 neg 0.31454857901989164	false	0.0
lauch	neg 1.0		__DUMMY__ 0.3439328312185067 off 0.336169040091679 neg 0.3198981286898143	false	0.5
unwichtig	neg 1.0		off 0.34944040715235625 __DUMMY__ 0.34103459075802434 neg 0.30952500208961947	false	0.5
steuerhinterziehung	neg 1.0		__DUMMY__ 0.34196450432501296 off 0.3415611682328923 neg 0.31647432744209486	false	0.5
schock	neg 1.0		off 0.34540906188586323 __DUMMY__ 0.3451053959638659 neg 0.3094855421502709	false	0.5
beule	neg 1.0		off 0.3513195891385287 __DUMMY__ 0.34235255797902486 neg 0.30632785288244635	false	0.5
vergelten	neg 1.0		off 0.3547629364415518 __DUMMY__ 0.34224848608754416 neg 0.302988577470904	false	0.5
verdorbenheit	neg 1.0		off 0.3442797165962062 __DUMMY__ 0.3432809150534122 neg 0.31243936835038155	false	0.5
trauma	neg 1.0		off 0.34571981488509035 __DUMMY__ 0.3426305545393499 neg 0.3116496305755598	false	0.5
sinnlos	neg 1.0		off 0.3476958068032106 __DUMMY__ 0.3428255499659982 neg 0.30947864323079116	false	0.5
fettsack	off 1.0	off 1.0	off 0.6669376461171633 neg 0.1683248898533976 __DUMMY__ 0.1647374640294392	false	1.0
feige	off 1.0	off 1.0	off 0.6633541041039156 neg 0.1713906747127882 __DUMMY__ 0.16525522118329625	false	1.0
abdanken	neg 1.0		off 0.3429142904604664 __DUMMY__ 0.3422199177384968 neg 0.3148657918010368	false	0.5
wichtigtuer	off 1.0	off 1.0	off 0.6616662549315071 neg 0.17247325856379978 __DUMMY__ 0.1658604865046932	false	1.0
misslingen	neg 1.0		off 0.3477599388277474 __DUMMY__ 0.34527027269213684 neg 0.3069697884801158	false	0.5
untreu	off 1.0		off 0.3508606862791539 __DUMMY__ 0.34079146356359336 neg 0.3083478501572527	false	1.0
missmutig	neg 1.0		off 0.35015625657060523 __DUMMY__ 0.34178140847337696 neg 0.3080623349560178	false	0.5
hurenbock	off 1.0		off 0.34651017417395424 __DUMMY__ 0.3430713189599333 neg 0.31041850686611233	false	1.0
betrunken	neg 1.0		off 0.35389050314287396 __DUMMY__ 0.34213030876726497 neg 0.30397918808986113	false	0.5
korrupt	off 1.0		__DUMMY__ 0.3409668088633021 off 0.3399076038300389 neg 0.3191255873066591	false	1.0
unmut	neg 1.0		__DUMMY__ 0.3447564400569868 off 0.3365371937775668 neg 0.31870636616544623	false	0.5
hackfresse	off 1.0		off 0.35775772802565536 __DUMMY__ 0.3381180999198185 neg 0.30412417205452613	false	1.0
aufblasen	neg 1.0		off 0.34728048539206036 __DUMMY__ 0.34378582418444004 neg 0.30893369042349955	false	0.5
gewaltsam	neg 1.0		off 0.34394644701614363 __DUMMY__ 0.34345194083709796 neg 0.3126016121467583	false	0.5
unbeliebtheit	neg 1.0		off 0.34577245537259893 __DUMMY__ 0.33737839990272633 neg 0.3168491447246747	false	0.5
sturheit	neg 1.0		off 0.3429506856284993 __DUMMY__ 0.342499092479747 neg 0.3145502218917538	false	0.5
kuh	neg 1.0		off 0.34431905961529863 __DUMMY__ 0.3414503979526764 neg 0.31423054243202503	false	0.5
erschrecken	neg 1.0		off 0.34957113136442575 __DUMMY__ 0.342208877579683 neg 0.3082199910558913	false	0.5
opfer	neg 1.0		__DUMMY__ 0.3446884740664128 off 0.34177260840781926 neg 0.31353891752576796	false	0.5
sinken	neg 1.0		__DUMMY__ 0.34467058860663846 off 0.33715743658956165 neg 0.3181719748037999	false	0.5
stinktier	neg 1.0		off 0.354783846953631 __DUMMY__ 0.33906503260323817 neg 0.30615112044313075	false	0.5
tucke	off 1.0		off 0.3566970772710105 __DUMMY__ 0.3360318052222088 neg 0.3072711175067806	false	1.0
ein			off 0.34604869900279844 __DUMMY__ 0.343350004043121 neg 0.31060129695408034	false	0.0
abstieg	neg 1.0		__DUMMY__ 0.34605025786772553 off 0.34175537880922996 neg 0.31219436332304457	false	0.5
missverstehen	neg 1.0		off 0.346779840490899 __DUMMY__ 0.34130356453132277 neg 0.3119165949777781	false	0.5
ergebnislos	neg 1.0		__DUMMY__ 0.34395290878238655 off 0.33983713193120935 neg 0.31620995928640416	false	0.5
unter			__DUMMY__ 0.34856672659191895 off 0.3341367007360523 neg 0.31729657267202865	false	0.0
manipulieren	neg 1.0		__DUMMY__ 0.34413507953445904 off 0.3393708703201697 neg 0.3164940501453713	false	0.5
unbewiesen	neg 1.0		off 0.34206130704181237 __DUMMY__ 0.3395863719027165 neg 0.3183523210554712	false	0.5
verschleppen	neg 1.0		__DUMMY__ 0.3438044402194077 off 0.34181717888575247 neg 0.3143783808948397	false	0.5
weib	off 1.0		off 0.3578409358647272 __DUMMY__ 0.33827050034466594 neg 0.30388856379060686	false	1.0
opposition	neg 1.0		off 0.34585742117493495 __DUMMY__ 0.34160694408112374 neg 0.3125356347439414	false	0.5
verkehrswidrig	neg 1.0	neg 1.0	neg 0.6358355023212342 off 0.19695214081641235 __DUMMY__ 0.16721235686235356	false	1.0
inkorrekt	neg 1.0		off 0.35061755755492807 __DUMMY__ 0.3386482663434837 neg 0.3107341761015882	false	0.5
vermeiden	neg 1.0		__DUMMY__ 0.34667862238548447 off 0.33552628628598324 neg 0.3177950913285323	false	0.5
abweichung	neg 1.0		__DUMMY__ 0.3430149781150164 off 0.3396556511514918 neg 0.3173293707334918	false	0.5
alkoholisiert	neg 1.0		__DUMMY__ 0.3474246691621185 off 0.3421955128119902 neg 0.31037981802589115	false	0.5
scheiss	off 1.0	off 1.0	off 0.6641988632474921 neg 0.16974811495302458 __DUMMY__ 0.1660530217994833	false	1.0
herausforderung	neg 1.0	neg 1.0	neg 0.6415334043367872 off 0.1891601371961144 __DUMMY__ 0.16930645846709833	false	1.0
pervers	off 1.0		off 0.3612838027350464 __DUMMY__ 0.3374979017655272 neg 0.3012182954994263	false	1.0
wackelig	neg 1.0		__DUMMY__ 0.3456778758156353 off 0.34382480726699927 neg 0.31049731691736526	false	0.5
verwickeln	neg 1.0		off 0.3466570043224435 __DUMMY__ 0.3413218090404473 neg 0.3120211866371093	false	0.5
vorwand	neg 1.0		__DUMMY__ 0.3445020448992689 off 0.33867520933413797 neg 0.3168227457665931	false	0.5
muschi	off 1.0		__DUMMY__ 0.34286764736230363 off 0.3425611827421185 neg 0.3145711698955779	false	1.0
entmutigung	neg 1.0		off 0.3451124334845527 __DUMMY__ 0.34121044642241444 neg 0.31367712009303284	false	0.5
unangemessen	neg 1.0		__DUMMY__ 0.34237717967644765 off 0.3417751664839057 neg 0.3158476538396467	false	0.5
unstetig	neg 1.0		off 0.3461985452872472 __DUMMY__ 0.34323253550213295 neg 0.3105689192106199	false	0.5
entmutigen	neg 1.0		off 0.34587278220613876 __DUMMY__ 0.34221870882243666 neg 0.31190850897142464	false	0.5
schwanz	neg 1.0		__DUMMY__ 0.34419029806171514 off 0.33971819393669145 neg 0.31609150800159347	false	0.5
verbot	neg 1.0		__DUMMY__ 0.34219979116542104 off 0.3405373080117757 neg 0.3172629008228033	false	0.5
leid	neg 1.0		off 0.3563300280435233 __DUMMY__ 0.3399865404729285 neg 0.30368343148354826	false	0.5
archaisch	neg 1.0		__DUMMY__ 0.34336712866458685 off 0.34244606854345916 neg 0.314186802791954	false	0.5
gegen			__DUMMY__ 0.3455622968332238 off 0.33862261061407034 neg 0.31581509255270596	false	0.0
scheidung	neg 1.0		off 0.36504592301855193 __DUMMY__ 0.33691324225928454 neg 0.29804083472216353	false	0.5
einschlag	neg 1.0	neg 1.0	neg 0.6391209444075576 off 0.19531605396599608 __DUMMY__ 0.16556300162644627	false	1.0
m			__DUMMY__ 0.34422671887472855 off 0.3428146302069016 neg 0.3129586509183698	false	0.0
abgestanden	neg 1.0		off 0.3465247649694959 __DUMMY__ 0.34392834139351164 neg 0.30954689363699245	false	0.5
schmierig	off 1.0		off 0.35589545974593895 __DUMMY__ 0.3402616892896206 neg 0.30384285096444047	false	1.0
unpraktisch	neg 1.0		off 0.3469195744158779 __DUMMY__ 0.34395914234526376 neg 0.3091212832388583	false	0.5
wixxer	off 1.0		off 0.36043103981662966 __DUMMY__ 0.3368350535804992 neg 0.30273390660287114	false	1.0
bezeichnet			off 0.34372367660951675 __DUMMY__ 0.34244132894714463 neg 0.31383499444333873	false	0.0
jammerlappen	off 1.0		off 0.34983183055881933 __DUMMY__ 0.3412622466935216 neg 0.30890592274765893	false	1.0
farce	neg 1.0		__DUMMY__ 0.3414268997237636 off 0.3409171427648881 neg 0.31765595751134845	false	0.5
zwecklos	neg 1.0		__DUMMY__ 0.34290387479846823 off 0.34216437907377656 neg 0.31493174612775504	false	0.5
turbulent	neg 1.0		off 0.34950701089773095 __DUMMY__ 0.3401272162594076 neg 0.3103657728428615	false	0.5
invasion	neg 1.0		off 0.3475343230165831 __DUMMY__ 0.34254938618537484 neg 0.309916290798042	false	0.5
schuld	neg 1.0		off 0.345618125739591 __DUMMY__ 0.3425755498176232 neg 0.31180632444278583	false	0.5
risiko	neg 1.0		off 0.3453673819415423 __DUMMY__ 0.34337351449984205 neg 0.31125910355861564	false	0.5
finster	neg 1.0		off 0.34639576896060836 __DUMMY__ 0.34335758324062765 neg 0.31024664779876404	false	0.5
geisteskrank	off 1.0		off 0.3510142964208405 __DUMMY__ 0.3399948486835315 neg 0.30899085489562816	false	1.0
zusammenbrechen	neg 1.0		__DUMMY__ 0.34415384688463907 off 0.3438769922427877 neg 0.3119691608725731	false	0.5
ausbeute	neg 1.0		__DUMMY__ 0.3451991678930547 off 0.3405369422999553 neg 0.31426388980698994	false	0.5
hinterhalt	neg 1.0		__DUMMY__ 0.3436341841636755 off 0.3427425006873182 neg 0.31362331514900615	false	0.5
kritik	neg 1.0		__DUMMY__ 0.3418463800117984 off 0.3410586029591504 neg 0.3170950170290511	false	0.5
einschrumpfen	neg 1.0		off 0.34607978005885925 __DUMMY__ 0.33985996765101417 neg 0.3140602522901267	false	0.5
riskant	neg 1.0		__DUMMY__ 0.34375429861003104 off 0.3406831799672919 neg 0.3155625214226771	false	0.5
frustrieren	neg 1.0		__DUMMY__ 0.3437841339021942 off 0.34093797833976636 neg 0.3152778877580395	false	0.5
groll	neg 1.0		__DUMMY__ 0.3435847204421184 off 0.34234587233377334 neg 0.3140694072241082	false	0.5
gibt			__DUMMY__ 0.3431612930845482 off 0.342554312789226 neg 0.3142843941262257	false	0.0
qualvoll	neg 1.0		off 0.3493680435404944 __DUMMY__ 0.3431435053472713 neg 0.30748845111223433	false	0.5
wackeln	neg 1.0	neg 1.0	neg 0.6403156794010463 off 0.19190444065750187 __DUMMY__ 0.16777987994145183	false	1.0
klagen	neg 1.0		__DUMMY__ 0.3443955338658119 off 0.3368389474111644 neg 0.3187655187230237	false	0.5
bankrott	neg 1.0		off 0.3491014207358253 __DUMMY__ 0.342058551947814 neg 0.3088400273163607	false	0.5
trauern	neg 1.0		__DUMMY__ 0.3451350880455344 off 0.34185038392333317 neg 0.3130145280311326	false	0.5
ablehnung	neg 1.0		__DUMMY__ 0.3418235679972176 off 0.34109583903323015 neg 0.3170805929695523	false	0.5
stur	neg 1.0		off 0.3460294122227655 __DUMMY__ 0.34212948534298304 neg 0.3118411024342512	false	0.5
aufruhr	neg 1.0		off 0.3441114576027817 __DUMMY__ 0.3437582428145403 neg 0.312130299582678	false	0.5
melancholie	neg 1.0		__DUMMY__ 0.34474841556854324 off 0.34304504467659575 neg 0.31220653975486096	false	0.5
ist			off 0.34657491869434787 __DUMMY__ 0.3423638359393477 neg 0.3110612453663043	false	0.0
torheit	neg 1.0		off 0.3446756589124311 __DUMMY__ 0.34167199325213005 neg 0.31365234783543877	false	0.5
dreckskind	off 1.0		off 0.35618732363668837 __DUMMY__ 0.3386393872651858 neg 0.3051732890981258	false	1.0
umtauschen	neg 1.0		off 0.3446372566896208 __DUMMY__ 0.3434794667487089 neg 0.31188327656167025	false	0.5
zum			__DUMMY__ 0.3483212169255472 off 0.33701089497426207 neg 0.31466788810019075	false	0.0
zersetzen	neg 1.0		__DUMMY__ 0.34354987906555357 off 0.3387761526759419 neg 0.3176739682585044	false	0.5
zur			__DUMMY__ 0.34664833836653886 off 0.33474357193920445 neg 0.31860808969425664	false	0.0
frust	neg 1.0		__DUMMY__ 0.34397548830148555 off 0.34349423455763184 neg 0.3125302771408826	false	0.5
unerbittlichkeit	neg 1.0		__DUMMY__ 0.3435909518011031 off 0.33894417150305417 neg 0.3174648766958427	false	0.5
zwei			__DUMMY__ 0.347205235643257 off 0.3388472232049112 neg 0.3139475411518319	false	0.0
unkorrekt	neg 1.0		off 0.350907142037438 __DUMMY__ 0.33813862413054857 neg 0.3109542338320133	false	0.5
hexe	off 1.0		off 0.34992629659391356 __DUMMY__ 0.3403587277839381 neg 0.30971497562214845	false	1.0
lasch	neg 1.0		off 0.3472799250821425 __DUMMY__ 0.3401548972800167 neg 0.3125651776378407	false	0.5
rivale	neg 1.0		off 0.35353417170230395 __DUMMY__ 0.3414842516441791 neg 0.30498157665351694	false	0.5
mutlos	off 1.0	off 1.0	off 0.6577372017738745 neg 0.17574138245620616 __DUMMY__ 0.1665214157699193	false	1.0
wirr	off 1.0		off 0.3516416675980494 __DUMMY__ 0.33855098478186263 neg 0.30980734762008794	false	1.0
jahr			__DUMMY__ 0.34606111656624056 off 0.34014060794444245 neg 0.31379827548931716	false	0.0
wird			__DUMMY__ 0.3438885863562307 off 0.341439473416238 neg 0.3146719402275313	false	0.0
strafbar	neg 1.0		__DUMMY__ 0.34313499781881146 off 0.3402746057682773 neg 0.31659039641291126	false	0.5
erosion	neg 1.0		off 0.34611807994288235 __DUMMY__ 0.3437458104201187 neg 0.310136109636999	false	0.5
eingehen	neg 1.0		__DUMMY__ 0.3425997630880084 off 0.34098019190656337 neg 0.31642004500542814	false	0.5
faul	off 1.0		off 0.3499752077257338 __DUMMY__ 0.3425674788078639 neg 0.3074573134664022	false	1.0
provisorium	neg 1.0		__DUMMY__ 0.34790394121072726 off 0.3332785922096043 neg 0.3188174665796685	false	0.5
schmerzen	neg 1.0		off 0.34516365083502776 __DUMMY__ 0.3434965365566401 neg 0.31133981260833204	false	0.5
schrumpfen	neg 1.0		__DUMMY__ 0.34521956783111446 off 0.33414208789350347 neg 0.3206383442753819	false	0.5
geistlos	off 1.0		off 0.34534542573657984 __DUMMY__ 0.33955174958324597 neg 0.31510282468017425	false	1.0
fehlkauf	neg 1.0		off 0.34627922723630244 __DUMMY__ 0.3420779188701758 neg 0.31164285389352164	false	0.5
frustrierend	neg 1.0		off 0.3495298739157435 __DUMMY__ 0.3424380299214938 neg 0.3080320961627626	false	0.5
unzufrieden	neg 1.0		__DUMMY__ 0.3427650913296058 off 0.3418438761336815 neg 0.31539103253671263	false	0.5
verzweifeln	neg 1.0		off 0.3444084789317743 __DUMMY__ 0.3432910753781144 neg 0.31230044569011145	false	0.5
verzweifelt	neg 1.0		off 0.3463017853439258 __DUMMY__ 0.34233092383089153 neg 0.3113672908251827	false	0.5
misstrauensantrag	neg 1.0		off 0.3469272760456323 __DUMMY__ 0.3419151509817681 neg 0.31115757297259955	false	0.5
abfallen	neg 1.0		off 0.3472643058751022 __DUMMY__ 0.3439512688651558 neg 0.308784425259742	false	0.5
fucker	off 1.0		off 0.35151710748456466 __DUMMY__ 0.34003838278203713 neg 0.3084445097333982	false	1.0
ungezogen	neg 1.0		off 0.3598711314034947 __DUMMY__ 0.33841506163803975 neg 0.3017138069584657	false	0.5
irrsinnig	neg 1.0	neg 1.0	neg 0.6428592019318072 off 0.1909667526658301 __DUMMY__ 0.16617404540236275	false	1.0
unfassbar	neg 1.0		off 0.35016451043423263 __DUMMY__ 0.3405433931845378 neg 0.30929209638122956	false	0.5
hart	neg 1.0		off 0.34843102873632853 __DUMMY__ 0.34178488198301227 neg 0.30978408928065926	false	0.5
widerlich	off 1.0		off 0.350838656768017 __DUMMY__ 0.3398835727119155 neg 0.3092777705200675	false	1.0
fatal	neg 1.0		off 0.3466473515989396 __DUMMY__ 0.34210206919680897 neg 0.3112505792042514	false	0.5
bruch	neg 1.0		__DUMMY__ 0.34490386241689913 off 0.33759563408478765 neg 0.3175005034983134	false	0.5
aushungern	neg 1.0		off 0.3425137703817962 __DUMMY__ 0.3421105837643111 neg 0.31537564585389266	false	0.5
anspannung	neg 1.0	neg 1.0	neg 0.6426001285746911 off 0.18702589310427484 __DUMMY__ 0.1703739783210341	false	1.0
von			__DUMMY__ 0.3461024749934761 off 0.3393110561909242 neg 0.31458646881559965	false	0.0
kraftlos	neg 1.0		__DUMMY__ 0.34545756648793075 off 0.34416548683539744 neg 0.31037694667667176	false	0.5
vom			__DUMMY__ 0.348746637816956 off 0.33476652045042155 neg 0.31648684173262237	false	0.0
grenzdebil	off 1.0		off 0.3517283800349325 __DUMMY__ 0.3408405081513992 neg 0.3074311118136682	false	1.0
vor			__DUMMY__ 0.3455024588218101 off 0.3394970760378722 neg 0.3150004651403177	false	0.0
unterwerfen	neg 1.0		__DUMMY__ 0.34373781117441926 off 0.3405724224871469 neg 0.3156897663384339	false	0.5
versenkung	neg 1.0		__DUMMY__ 0.34411988730674103 off 0.34051707204196824 neg 0.31536304065129067	false	0.5
entziehen	neg 1.0		__DUMMY__ 0.3446986160993056 off 0.33793173231852236 neg 0.3173696515821722	false	0.5
finanzkrise	neg 1.0		off 0.3424043378753732 __DUMMY__ 0.34174602350259375 neg 0.31584963862203314	false	0.5
schimpfend	neg 1.0		off 0.34726862802644676 __DUMMY__ 0.34428453559071903 neg 0.30844683638283416	false	0.5
profan	neg 1.0		off 0.34775240179722955 __DUMMY__ 0.34196176249699256 neg 0.3102858357057779	false	0.5
korruption	neg 1.0		__DUMMY__ 0.34203934942086583 off 0.3403498404676293 neg 0.31761081011150477	false	0.5
â			__DUMMY__ 0.34425109909624463 off 0.34149105237708577 neg 0.3142578485266696	false	0.0
schmutzig	neg 1.0		off 0.35183683297938323 __DUMMY__ 0.3418205930965452 neg 0.30634257392407155	false	0.5
sexy	neg 1.0		off 0.3485132126311077 __DUMMY__ 0.34200624242467254 neg 0.3094805449442197	false	0.5
abraten	neg 1.0		off 0.3465672691732732 __DUMMY__ 0.3421066084220587 neg 0.31132612240466806	false	0.5
schwarz	neg 1.0		off 0.34583513971481744 __DUMMY__ 0.3420271567001843 neg 0.3121377035849982	false	0.5
fotze	off 1.0		__DUMMY__ 0.3433956659908055 off 0.34029466616588844 neg 0.31630966784330616	false	1.0
verwirren	neg 1.0		off 0.34792447039553137 __DUMMY__ 0.341866178040078 neg 0.31020935156439067	false	0.5
zahnlos	off 1.0		__DUMMY__ 0.34266825373049414 off 0.34180380244031955 neg 0.3155279438291863	false	1.0
verheeren	neg 1.0		off 0.36141444922045385 __DUMMY__ 0.33894960155781706 neg 0.2996359492217289	false	0.5
hippie	neg 1.0		off 0.3477405593830658 __DUMMY__ 0.34185218854824245 neg 0.3104072520686918	false	0.5
rammen	neg 1.0		off 0.3462822652015416 __DUMMY__ 0.34334268191216677 neg 0.31037505288629164	false	0.5
unlauter	neg 1.0		off 0.3426560604703003 __DUMMY__ 0.3396373381610055 neg 0.3177066013686943	false	0.5
unheilvoll	neg 1.0		off 0.34835260286080144 __DUMMY__ 0.3435932682316555 neg 0.30805412890754313	false	0.5
niedrig	neg 1.0		__DUMMY__ 0.34524474852048986 off 0.34079298564902516 neg 0.313962265830485	false	0.5
explosion	neg 1.0		off 0.34706556492796614 __DUMMY__ 0.3418375016055559 neg 0.3110969334664779	false	0.5
weichei	off 1.0		off 0.35646925738832624 __DUMMY__ 0.3388339728670508 neg 0.30469676974462295	false	1.0
minusmensch	off 1.0		off 0.35805715628619383 __DUMMY__ 0.3352898502168966 neg 0.3066529934969094	false	1.0
farblos	neg 1.0		__DUMMY__ 0.3455387944915448 off 0.34548560918319965 neg 0.30897559632525556	false	0.5
unwissend	neg 1.0	neg 1.0	neg 0.6413676911637893 off 0.19331920370202466 __DUMMY__ 0.16531310513418612	false	1.0
traurig	neg 1.0		off 0.35378324022064445 __DUMMY__ 0.34034814574744415 neg 0.30586861403191146	false	0.5
senkung	neg 1.0		off 0.34612517138609017 __DUMMY__ 0.3402698716066884 neg 0.3136049570072214	false	0.5
ungleich	neg 1.0	neg 1.0	neg 0.6457777586455511 off 0.18757179958050646 __DUMMY__ 0.1666504417739425	false	1.0
heikel	neg 1.0		__DUMMY__ 0.34342909498687496 off 0.3388831160410907 neg 0.31768778897203437	false	0.5
drosselung	neg 1.0		off 0.3512203656300167 __DUMMY__ 0.3410461862206579 neg 0.3077334481493255	false	0.5
falsch	neg 1.0		off 0.34928382208337583 __DUMMY__ 0.34172334075073496 neg 0.3089928371658892	false	0.5
unzufriedenheit	neg 1.0		__DUMMY__ 0.34396943174174577 off 0.33856714476475674 neg 0.3174634234934975	false	0.5
kurz	neg 1.0		__DUMMY__ 0.3446669116921083 off 0.3440843255211736 neg 0.3112487627867182	false	0.5
unsinnig	neg 1.0		__DUMMY__ 0.3419521825521526 off 0.3418720591899952 neg 0.31617575825785216	false	0.5
penner	off 1.0	off 1.0	off 0.6682742777704674 neg 0.16751721983965012 __DUMMY__ 0.1642085023898824	false	1.0
seicht	neg 1.0		off 0.3583129303764874 __DUMMY__ 0.336739800586625 neg 0.3049472690368877	false	0.5
dummheit	off 1.0	off 1.0	off 0.6618617547291533 neg 0.17236272822269724 __DUMMY__ 0.16577551704814944	false	1.0
unerfreulich	neg 1.0		__DUMMY__ 0.3448093520221071 off 0.33882963282964296 neg 0.3163610151482499	false	0.5
motherfucker	off 1.0	off 1.0	off 0.6642209436057107 neg 0.17081865065896884 __DUMMY__ 0.16496040573532042	false	1.0
pikiert	neg 1.0		off 0.34959471155272887 __DUMMY__ 0.3400645111382404 neg 0.31034077730903076	false	0.5
wrack	neg 1.0		__DUMMY__ 0.34493593319028515 off 0.34116685534548147 neg 0.31389721146423333	false	0.5
gangster	neg 1.0		off 0.34753992589252314 __DUMMY__ 0.3421903644328832 neg 0.3102697096745936	false	0.5
krank	neg 1.0		off 0.35271356620227984 __DUMMY__ 0.34168016304483195 neg 0.30560627075288826	false	0.5
reich	neg 1.0		off 0.347638634997226 __DUMMY__ 0.33970411067199624 neg 0.31265725433077785	false	0.5
gnadenlos	neg 1.0		off 0.3458207549701941 __DUMMY__ 0.342816841400338 neg 0.3113624036294678	false	0.5
niedergeschlagen	neg 1.0		__DUMMY__ 0.3448284703468815 off 0.34465396759902756 neg 0.3105175620540909	false	0.5
terrorisieren	off 1.0	off 1.0	off 0.6587391161081411 neg 0.173854848973363 __DUMMY__ 0.16740603491849593	false	1.0
sinnlosigkeit	neg 1.0		__DUMMY__ 0.3429826563171061 off 0.34223424682027925 neg 0.31478309686261463	false	0.5
behindern	neg 1.0		off 0.343391832394149 __DUMMY__ 0.3425634736757602 neg 0.3140446939300908	false	0.5
undemokratisch	neg 1.0		off 0.3438674948115653 __DUMMY__ 0.3407085884415496 neg 0.3154239167468852	false	0.5
wirtschaftskrise	neg 1.0		__DUMMY__ 0.3428231874744262 off 0.3403539801325059 neg 0.3168228323930679	false	0.5
neid	neg 1.0		off 0.35100278206951147 __DUMMY__ 0.34291678904904926 neg 0.30608042888143927	false	0.5
rutschen	neg 1.0		__DUMMY__ 0.34762202954503385 off 0.3391552248314837 neg 0.31322274562348235	false	0.5
rezession	neg 1.0		off 0.35353161580517356 __DUMMY__ 0.33879826030953514 neg 0.30767012388529125	false	0.5
fehlgeburt	neg 1.0		off 0.3482704073716557 __DUMMY__ 0.3438936042258482 neg 0.30783598840249604	false	0.5
charakterschwach	off 1.0		off 0.3510132592505876 __DUMMY__ 0.34065129593506377 neg 0.30833544481434866	false	1.0
isolation	neg 1.0		off 0.3493091782158187 __DUMMY__ 0.3422323408521298 neg 0.30845848093205164	false	0.5
ablenkung	neg 1.0		off 0.3452804726672871 __DUMMY__ 0.34306640033079494 neg 0.311653127001918	false	0.5
pech	neg 1.0		off 0.3493347474404128 __DUMMY__ 0.34226838865167003 neg 0.3083968639079173	false	0.5
vermeidung	neg 1.0		off 0.3505683060718323 __DUMMY__ 0.3398205193691268 neg 0.30961117455904097	false	0.5
dominieren	neg 1.0		__DUMMY__ 0.3453708268532227 off 0.34231980259993616 neg 0.3123093705468412	false	0.5
schwindlig	neg 1.0		off 0.34949807077186634 __DUMMY__ 0.34460662321435176 neg 0.3058953060137819	false	0.5
lutscher	neg 1.0		off 0.3592994291930394 __DUMMY__ 0.33687838537246023 neg 0.30382218543450024	false	0.5
pflicht	neg 1.0		__DUMMY__ 0.34362437417475183 off 0.3388213141906239 neg 0.3175543116346243	false	0.5
faschist	off 1.0		off 0.3461496811381749 __DUMMY__ 0.34006731274305174 neg 0.3137830061187733	false	1.0
verschleudern	neg 1.0		__DUMMY__ 0.3413075704094101 off 0.3381009847448769 neg 0.32059144484571295	false	0.5
wenn			off 0.3494559512529296 __DUMMY__ 0.3415973863192196 neg 0.3089466624278507	false	0.0
ehebruch	neg 1.0		__DUMMY__ 0.3435062927971308 off 0.3411232239283681 neg 0.315370483274501	false	0.5
spott	off 1.0		__DUMMY__ 0.34287125133708374 off 0.3398715889998564 neg 0.31725715966305973	false	1.0
trostlosigkeit	neg 1.0		__DUMMY__ 0.3448669746214483 off 0.33842873070850205 neg 0.3167042946700497	false	0.5
lutschen	neg 1.0		off 0.3469122343739879 __DUMMY__ 0.34153949354960467 neg 0.3115482720764075	false	0.5
undiszipliniert	neg 1.0		off 0.3532327724112141 __DUMMY__ 0.3409751804969905 neg 0.3057920470917954	false	0.5
kopfschmerz	neg 1.0		__DUMMY__ 0.34491233696826673 off 0.3446075525908534 neg 0.31048011044088	false	0.5
unvorhergesehen	neg 1.0		__DUMMY__ 0.34613736615821 off 0.3425867715116214 neg 0.31127586233016863	false	0.5
desinteressiert	neg 1.0		off 0.3522002634700916 __DUMMY__ 0.3399857146348256 neg 0.3078140218950828	false	0.5
armselig	off 1.0		off 0.3524168115934818 __DUMMY__ 0.33875737806835554 neg 0.30882581033816275	false	1.0
desaster	neg 1.0		__DUMMY__ 0.34414597653840784 off 0.3362029289984511 neg 0.31965109446314094	false	0.5
tod	neg 1.0		__DUMMY__ 0.345208305819207 off 0.34247211516668324 neg 0.3123195790141096	false	0.5
herzlos	neg 1.0		off 0.35371141978939236 __DUMMY__ 0.33952166277197915 neg 0.3067669174386284	false	0.5
unwissenheit	neg 1.0		__DUMMY__ 0.34188978868069453 off 0.3410034446639688 neg 0.31710676665533655	false	0.5
widersinnig	neg 1.0	neg 1.0	neg 0.6464683369685692 off 0.18813602050266795 __DUMMY__ 0.16539564252876285	false	1.0
bedenklich	neg 1.0		__DUMMY__ 0.34303305814553503 off 0.34040489082262 neg 0.3165620510318451	false	0.5
beanstanden	neg 1.0		__DUMMY__ 0.3438874874459298 off 0.3382318178085375 neg 0.3178806947455326	false	0.5
panisch	neg 1.0	neg 1.0	neg 0.6388423146235604 off 0.1933983139913925 __DUMMY__ 0.16775937138504698	false	1.0
debil	off 1.0		__DUMMY__ 0.3461750023585782 off 0.3338492399621243 neg 0.3199757576792975	false	1.0
abstrich	neg 1.0		__DUMMY__ 0.34274871316361205 off 0.3407700936993908 neg 0.3164811931369971	false	0.5
primitiv	neg 1.0		off 0.35140832932653904 __DUMMY__ 0.3399181144070942 neg 0.30867355626636683	false	0.5
abschaum	off 1.0	off 1.0	off 0.6631660031651859 neg 0.17133518339645973 __DUMMY__ 0.16549881343835432	false	1.0
provozieren	neg 1.0		off 0.34510225512656084 __DUMMY__ 0.3421993580938367 neg 0.31269838677960243	false	0.5
tot	neg 1.0		__DUMMY__ 0.34268805943105485 off 0.3396037443872318 neg 0.3177081961817134	false	0.5
instabil	neg 1.0		off 0.3497254566035244 __DUMMY__ 0.33822152009205947 neg 0.3120530233044161	false	0.5
schwuchtel	off 1.0		off 0.36406184580453327 __DUMMY__ 0.3356071805158845 neg 0.3003309736795821	false	1.0
zerren	neg 1.0		__DUMMY__ 0.34478426614249613 off 0.34470663190312295 neg 0.3105091019543809	false	0.5
kinderficker	off 1.0		off 0.35435547057809347 __DUMMY__ 0.3373486366270125 neg 0.3082958927948939	false	1.0
gefahr	neg 1.0		__DUMMY__ 0.3448055810329968 off 0.3394173498438912 neg 0.31577706912311215	false	0.5
rabiat	neg 1.0		off 0.34445597332947314 __DUMMY__ 0.3424235436199132 neg 0.31312048305061374	false	0.5
verlangsamung	neg 1.0		off 0.35768943688931865 __DUMMY__ 0.33860848552573986 neg 0.3037020775849414	false	0.5
ausgestorben	neg 1.0		off 0.3448529972072948 __DUMMY__ 0.3439214636065023 neg 0.3112255391862029	false	0.5
anklagen	neg 1.0		__DUMMY__ 0.342947456446433 off 0.3425099163559842 neg 0.3145426271975828	false	0.5
trott	neg 1.0		off 0.34431677721306414 __DUMMY__ 0.3434032667869468 neg 0.3122799559999891	false	0.5
verminderung	neg 1.0		off 0.3512402368850778 __DUMMY__ 0.3394273506771258 neg 0.30933241243779663	false	0.5
nach			__DUMMY__ 0.3490044074825907 off 0.33815304855956635 neg 0.31284254395784294	false	0.0
rost	neg 1.0		off 0.3566771585290444 __DUMMY__ 0.3393277000584383 neg 0.3039951414125172	false	0.5
destruktiv	neg 1.0		off 0.3427994452391914 __DUMMY__ 0.3411934055522162 neg 0.31600714920859224	false	0.5
unzumutbarkeit	neg 1.0		off 0.3498561087704231 __DUMMY__ 0.34166578939179004 neg 0.30847810183778696	false	0.5
labil	off 1.0	off 1.0	off 0.6631098246789995 neg 0.17135154149407755 __DUMMY__ 0.16553863382692305	false	1.0
ziemlich	neg 1.0		off 0.35146267513684243 __DUMMY__ 0.34145848108637195 neg 0.3070788437767858	false	0.5
lachnummer	off 1.0		off 0.3436086821440322 __DUMMY__ 0.3418983307905213 neg 0.31449298706544654	false	1.0
oder			off 0.34561910747001157 __DUMMY__ 0.3435124036709309 neg 0.31086848885905755	false	0.0
verfall	neg 1.0		__DUMMY__ 0.3454394463972995 off 0.3343602570635262 neg 0.3202002965391744	false	0.5
ausgrenzung	neg 1.0		off 0.3450900441286329 __DUMMY__ 0.34100198245411273 neg 0.3139079734172544	false	0.5
unordnung	neg 1.0		off 0.35066624853143297 __DUMMY__ 0.34141009411406975 neg 0.3079236573544973	false	0.5
fehlverhalten	neg 1.0		__DUMMY__ 0.34355373255548066 off 0.33918248394185685 neg 0.3172637835026625	false	0.5
eine			__DUMMY__ 0.34454403753322677 off 0.3391650483921815 neg 0.31629091407459176	false	0.0
nille	neg 1.0		off 0.34328967299568625 __DUMMY__ 0.34306447579552424 neg 0.3136458512087896	false	0.5
qual	neg 1.0		off 0.3440430571623408 __DUMMY__ 0.34336628592373425 neg 0.312590656913925	false	0.5
verschwenden	neg 1.0		__DUMMY__ 0.3432859180207832 off 0.3412474094821505 neg 0.31546667249706634	false	0.5
riesig	neg 1.0	neg 1.0	neg 0.6424077022807471 off 0.1893876522817323 __DUMMY__ 0.16820464543752064	false	1.0
verurteilen	neg 1.0		__DUMMY__ 0.34302883304053045 off 0.34198033931265187 neg 0.3149908276468177	false	0.5
klischee	neg 1.0	neg 1.0	neg 0.6424248696666994 off 0.192192025206394 __DUMMY__ 0.1653831051269066	false	1.0
diktatorisch	neg 1.0		off 0.3441725990495712 __DUMMY__ 0.34019312587371686 neg 0.315634275076712	false	0.5
vorhersehbar	neg 1.0	neg 1.0	neg 0.6421287301489158 off 0.19205485426184302 __DUMMY__ 0.16581641558924112	false	1.0
sowie			off 0.3554403438709109 __DUMMY__ 0.338676262504575 neg 0.3058833936245141	false	0.0
stornieren	neg 1.0		off 0.34718462074096623 __DUMMY__ 0.34479750053645547 neg 0.30801787872257824	false	0.5
besteuerung	neg 1.0		off 0.34361041843240914 __DUMMY__ 0.3405724777065138 neg 0.3158171038610771	false	0.5
ungeschminkt	neg 1.0		off 0.3508544287102882 __DUMMY__ 0.3403147102631521 neg 0.3088308610265598	false	0.5
kritisch	neg 1.0		__DUMMY__ 0.342911763076006 off 0.3400112575720088 neg 0.3170769793519852	false	0.5
schlamperei	off 1.0		__DUMMY__ 0.34290646905198985 off 0.3386394718441641 neg 0.318454059103846	false	1.0
sucht	neg 1.0	neg 1.0	neg 0.6416481646197629 off 0.19099293908446596 __DUMMY__ 0.1673588962957712	false	1.0
egoistisch	off 1.0		off 0.35657030188842864 __DUMMY__ 0.33915466981787185 neg 0.3042750282936995	false	1.0
ausbeuter	off 1.0		__DUMMY__ 0.3428270069634392 off 0.33842045091374584 neg 0.31875254212281506	false	1.0
arschgeburt	off 1.0		off 0.3638788153123205 __DUMMY__ 0.33520322329836383 neg 0.3009179613893157	false	1.0
schubs	neg 1.0	neg 1.0	neg 0.6416935684272184 off 0.19016731123551409 __DUMMY__ 0.16813912033726747	false	1.0
unsolide	neg 1.0		off 0.34331674025589876 __DUMMY__ 0.3383394731704106 neg 0.3183437865736906	false	0.5
beschwerde	neg 1.0		__DUMMY__ 0.34308859205242065 off 0.33906986975746173 neg 0.3178415381901176	false	0.5
stocken	neg 1.0		__DUMMY__ 0.34416071515463204 off 0.34074064715162633 neg 0.3150986376937416	false	0.5
isolieren	neg 1.0		__DUMMY__ 0.34349299700479724 off 0.34169972228668294 neg 0.3148072807085199	false	0.5
unheilbar	neg 1.0		off 0.34661024430317033 __DUMMY__ 0.34430226865235714 neg 0.3090874870444726	false	0.5
pisser	off 1.0		off 0.3525899147060159 __DUMMY__ 0.34087833492571873 neg 0.3065317503682655	false	1.0
löschen	neg 1.0		off 0.3446762482344102 __DUMMY__ 0.3430937526552966 neg 0.3122299991102933	false	0.5
durchfallen	neg 1.0		__DUMMY__ 0.34224418927485745 off 0.3412126881723461 neg 0.3165431225527965	false	0.5
wichser	off 1.0		off 0.36150642045374437 __DUMMY__ 0.3376410385564903 neg 0.3008525409897654	false	1.0
terror	neg 1.0		off 0.3482519298042773 __DUMMY__ 0.3429129811983307 neg 0.3088350889973919	false	0.5
krass	neg 1.0		off 0.35429201695657575 __DUMMY__ 0.339431302763299 neg 0.3062766802801252	false	0.5
revolte	neg 1.0		off 0.3458268427914704 __DUMMY__ 0.34094364327992177 neg 0.3132295139286078	false	0.5
besorgt	neg 1.0		__DUMMY__ 0.34527155958279077 off 0.3439986180866197 neg 0.3107298223305897	false	0.5
nachlassen	neg 1.0		__DUMMY__ 0.3444180954913215 off 0.3405283222144619 neg 0.3150535822942166	false	0.5
alt	neg 1.0		__DUMMY__ 0.3441789154565785 off 0.3417361187377335 neg 0.31408496580568807	false	0.5
hundesohn	off 1.0		off 0.35873459799143204 __DUMMY__ 0.33691451392956856 neg 0.3043508880789994	false	1.0
als			__DUMMY__ 0.34428143512436726 off 0.34344424172694443 neg 0.31227432314868825	false	0.0
abschreckung	neg 1.0		__DUMMY__ 0.34464377974918053 off 0.33822502095761775 neg 0.31713119929320177	false	0.5
unqualifiziert	neg 1.0		off 0.34614461688043446 __DUMMY__ 0.3393237429326898 neg 0.31453164018687574	false	0.5
abgewichst	off 1.0		__DUMMY__ 0.34343354628956974 off 0.3427972396827739 neg 0.3137692140276563	false	1.0
schwer	neg 1.0		off 0.3450338566586039 __DUMMY__ 0.3433886979695784 neg 0.3115774453718177	false	0.5
bedeutungslosigkeit	neg 1.0		__DUMMY__ 0.3439618872447179 off 0.3388320103569928 neg 0.3172061023982893	false	0.5
kapitulation	neg 1.0		__DUMMY__ 0.34239708905372723 off 0.3393851007218569 neg 0.318217810224416	false	0.5
unscharf	neg 1.0		off 0.3470241896683239 __DUMMY__ 0.341763874304135 neg 0.31121193602754116	false	0.5
schwinden	neg 1.0		__DUMMY__ 0.3444659568926644 off 0.33913485539068455 neg 0.3163991877166511	false	0.5
versklavung	neg 1.0		off 0.3441162109752151 __DUMMY__ 0.34066662175507034 neg 0.3152171672697144	false	0.5
schlecht	neg 1.0		off 0.351717526053473 __DUMMY__ 0.34162756459740684 neg 0.30665490934912004	false	0.5
verhasst	neg 1.0		off 0.3455727042946983 __DUMMY__ 0.3421723567923116 neg 0.31225493891299017	false	0.5
beschweren	neg 1.0		off 0.3467777830172361 __DUMMY__ 0.3423402877956359 neg 0.3108819291871279	false	0.5
scheiden	neg 1.0		off 0.34651574915744604 __DUMMY__ 0.3446436351396169 neg 0.30884061570293714	false	0.5
frustriert	neg 1.0		off 0.34370527795577516 __DUMMY__ 0.34346103368794884 neg 0.31283368835627595	false	0.5
schimmelig	neg 1.0		__DUMMY__ 0.34475370553813006 off 0.3413695765025957 neg 0.3138767179592742	false	0.5
fisch	neg 1.0		__DUMMY__ 0.34579422476381094 off 0.3404439919102101 neg 0.313761783325979	false	0.5
schmuggel	neg 1.0		__DUMMY__ 0.34641565400882046 off 0.3408249457213022 neg 0.3127594002698773	false	0.5
auffallen	neg 1.0		off 0.3475562970273656 __DUMMY__ 0.3422080076070072 neg 0.3102356953656271	false	0.5
konkurrenz	neg 1.0	neg 1.0	neg 0.6453170039560056 off 0.18685447777547395 __DUMMY__ 0.16782851826852052	false	1.0
teufelskreis	neg 1.0		off 0.3442095908007589 __DUMMY__ 0.3432248575474771 neg 0.3125655516517639	false	0.5
aufschreien	neg 1.0		off 0.3469282643620914 __DUMMY__ 0.34160284899078436 neg 0.3114688866471242	false	0.5
schuldner	neg 1.0		__DUMMY__ 0.34415261372396283 off 0.3391497067531546 neg 0.31669767952288264	false	0.5
missgeburt	off 1.0	off 1.0	off 0.6666483612702622 neg 0.1688878599250825 __DUMMY__ 0.16446377880465532	false	1.0
arbeitslos	neg 1.0		__DUMMY__ 0.3423703624929163 off 0.3416349996366209 neg 0.31599463787046284	false	0.5
befallen	neg 1.0		__DUMMY__ 0.34342084276371615 off 0.3430830336917545 neg 0.3134961235445292	false	0.5
miesepetrig	off 1.0	off 1.0	off 0.6644634230343051 neg 0.16945352967306115 __DUMMY__ 0.16608304729263373	false	1.0
alarmieren	neg 1.0		off 0.348743692396967 __DUMMY__ 0.34067935930832993 neg 0.3105769482947031	false	0.5
ungeduscht	off 1.0		off 0.3492629515763286 __DUMMY__ 0.34242804034589414 neg 0.30830900807777717	false	1.0
knappheit	neg 1.0		__DUMMY__ 0.3424138501976696 off 0.3395110192161101 neg 0.3180751305862204	false	0.5
schlange	neg 1.0		off 0.3480090128433657 __DUMMY__ 0.3439978335446119 neg 0.30799315361202245	false	0.5
harsch	neg 1.0		off 0.3559209964045028 __DUMMY__ 0.3406616913309261 neg 0.3034173122645712	false	0.5
lang	neg 1.0		off 0.3453230590851567 __DUMMY__ 0.34318480166497045 neg 0.3114921392498728	false	0.5
ziellos	neg 1.0		__DUMMY__ 0.3450001177151442 off 0.34325309512875274 neg 0.31174678715610304	false	0.5
selbstverliebt	neg 1.0		off 0.3612903280696071 __DUMMY__ 0.33596841258143584 neg 0.3027412593489571	false	0.5
beseitigen	neg 1.0		off 0.34349806641862546 __DUMMY__ 0.34305573858014243 neg 0.31344619500123216	false	0.5
dumm	off 1.0		off 0.3570176511147572 __DUMMY__ 0.33815228551099974 neg 0.30483006337424295	false	1.0
arbeitsloser	neg 1.0		__DUMMY__ 0.34377740669579987 off 0.34163063873195404 neg 0.314591954572246	false	0.5
blitzen	neg 1.0		off 0.3481579120930087 __DUMMY__ 0.34207559929793663 neg 0.30976648860905465	false	0.5
hilflos	neg 1.0		__DUMMY__ 0.3439336619545072 off 0.3435306192912192 neg 0.31253571875427355	false	0.5
eklig	off 1.0		off 0.35836455679818363 __DUMMY__ 0.33870436361804235 neg 0.3029310795837739	false	1.0
begriff			off 0.3426843388039059 __DUMMY__ 0.34232045292777946 neg 0.31499520826831473	false	0.0
hungersnot	neg 1.0		__DUMMY__ 0.3440303230517015 off 0.34329656472676934 neg 0.31267311222152894	false	0.5
ungesetzlich	neg 1.0		off 0.34408684627621333 __DUMMY__ 0.3390031597352235 neg 0.31690999398856334	false	0.5
verschwendung	neg 1.0		__DUMMY__ 0.3439920934641756 off 0.34019386282128966 neg 0.31581404371453486	false	0.5
schmerzvoll	neg 1.0		off 0.3470268228593233 __DUMMY__ 0.3426989609325632 neg 0.3102742162081135	false	0.5
vorzeitig	neg 1.0		off 0.34904759143540637 __DUMMY__ 0.34318791772434337 neg 0.3077644908402503	false	0.5
unvollkommenheit	neg 1.0		__DUMMY__ 0.3463701834510666 off 0.34447258827770083 neg 0.30915722827123265	false	0.5
intervenieren	neg 1.0		__DUMMY__ 0.34261899878559715 off 0.3386210503144514 neg 0.31875995089995135	false	0.5
banause	off 1.0		off 0.359529184600266 __DUMMY__ 0.3369197482455699 neg 0.30355106715416397	false	1.0
rebell	neg 1.0		__DUMMY__ 0.3449636166958455 off 0.3366468628472606 neg 0.31838952045689384	false	0.5
unlogisch	neg 1.0		off 0.3534276722209212 __DUMMY__ 0.33966717595944496 neg 0.30690515181963374	false	0.5
leiden	neg 1.0		__DUMMY__ 0.3469539947759496 off 0.3419621948813738 neg 0.3110838103426767	false	0.5
abschaffung	neg 1.0		off 0.3435099026478631 __DUMMY__ 0.34076161801003296 neg 0.315728479342104	false	0.5
sturz	neg 1.0		off 0.34546746911020554 __DUMMY__ 0.3439476191798885 neg 0.31058491170990615	false	0.5
verkleinerung	neg 1.0		off 0.34603163342872373 __DUMMY__ 0.3397517705988909 neg 0.31421659597238544	false	0.5
schmarotzer	off 1.0		__DUMMY__ 0.3419850068401888 off 0.3411510017243784 neg 0.31686399143543287	false	1.0
bestrafung	neg 1.0		off 0.3460591499831925 __DUMMY__ 0.34227935181059654 neg 0.31166149820621086	false	0.5
achtlos	neg 1.0		off 0.34547912432411254 __DUMMY__ 0.3440222941278949 neg 0.3104985815479924	false	0.5
ungeheuer	neg 1.0		off 0.3482141200542511 __DUMMY__ 0.3421744609376268 neg 0.309611419008122	false	0.5
unaufrichtig	neg 1.0		off 0.3463444996368208 __DUMMY__ 0.34128787074857797 neg 0.31236762961460124	false	0.5
groggy	neg 1.0		off 0.34720998220421095 __DUMMY__ 0.34168059568200243 neg 0.31110942211378656	false	0.5
verletzlich	neg 1.0		off 0.352494225712591 __DUMMY__ 0.3406648036780546 neg 0.3068409706093546	false	0.5
ablehnen	neg 1.0		__DUMMY__ 0.3429104044981777 off 0.34078394511116 neg 0.3163056503906623	false	0.5
