unsolidarisch	neg 1.0		__DUMMY__ 0.48227899758559173 off 0.2673708735435476 neg 0.2503501288708606	false	0.5
nachteilig	neg 1.0		__DUMMY__ 0.4874986755715662 off 0.2645378008617897 neg 0.24796352356664397	false	0.5
skeptisch	neg 1.0		__DUMMY__ 0.48794394881269215 off 0.2637840455941052 neg 0.24827200559320275	false	0.5
schrecklich	neg 1.0		__DUMMY__ 0.4825233371237058 off 0.2797994955341583 neg 0.2376771673421358	false	0.5
schlapp	neg 1.0		__DUMMY__ 0.4856098627086567 off 0.2754057436384667 neg 0.23898439365287674	false	0.5
abfall	neg 1.0		__DUMMY__ 0.4901331217077418 off 0.26142570261942427 neg 0.24844117567283383	false	0.5
widerspenstig	neg 1.0		__DUMMY__ 0.4872352466422215 off 0.2697624633380408 neg 0.24300229001973747	false	0.5
abrupt	neg 1.0		__DUMMY__ 0.4900617645104942 off 0.2652577331760382 neg 0.24468050231346758	false	0.5
unwirksam	neg 1.0		__DUMMY__ 0.4832952066749123 off 0.2677728947672079 neg 0.24893189855787975	false	0.5
angreifen	neg 1.0	neg 1.0	neg 0.6106828005481599 __DUMMY__ 0.2392291743680249 off 0.15008802508381516	false	1.0
inkonsistent	neg 1.0		__DUMMY__ 0.48604170865818613 off 0.2701844362072303 neg 0.24377385513458344	false	0.5
abrutschen	neg 1.0		__DUMMY__ 0.48995371105244473 off 0.26178180041822335 neg 0.24826448852933192	false	0.5
unsicher	neg 1.0		__DUMMY__ 0.48761314113042264 off 0.26998472357384795 neg 0.24240213529572935	false	0.5
bauernkind	off 1.0	off 1.0	off 0.6282737811784748 __DUMMY__ 0.23480697441675574 neg 0.1369192444047694	false	1.0
angreifer	neg 1.0		__DUMMY__ 0.48766492983407617 off 0.2714544816878481 neg 0.24088058847807564	false	0.5
trennen	neg 1.0		__DUMMY__ 0.4910268159220359 off 0.2660648020340221 neg 0.2429083820439422	false	0.5
schmutz	neg 1.0		__DUMMY__ 0.4915170751653325 off 0.27354472857536166 neg 0.23493819625930587	false	0.5
inkonsistenz	neg 1.0		__DUMMY__ 0.4821281086269163 off 0.2727710972972589 neg 0.24510079407582488	false	0.5
erschreckend	neg 1.0		__DUMMY__ 0.48630094319510975 off 0.2680007162244801 neg 0.24569834058041018	false	0.5
ertrinken	neg 1.0		__DUMMY__ 0.49022514071266216 off 0.26668295648876217 neg 0.24309190279857548	false	0.5
pickelface	off 1.0		__DUMMY__ 0.4867864165368712 off 0.2669692413823213 neg 0.24624434208080742	false	1.0
seiner			__DUMMY__ 0.4894769304796277 off 0.2649865053661677 neg 0.24553656415420444	false	0.0
lauch	neg 1.0		__DUMMY__ 0.48809128739695784 off 0.2609848484613192 neg 0.25092386414172285	false	0.5
unwichtig	neg 1.0		__DUMMY__ 0.48408788644143447 off 0.27445469837164765 neg 0.24145741518691785	false	0.5
steuerhinterziehung	neg 1.0		__DUMMY__ 0.48538886238112167 off 0.26666123233166034 neg 0.24794990528721797	false	0.5
schock	neg 1.0		__DUMMY__ 0.4897031546256609 off 0.2696806505947843 neg 0.2406161947795549	false	0.5
beule	neg 1.0		__DUMMY__ 0.4859427609883927 off 0.27592738104649783 neg 0.23812985796510952	false	0.5
vergelten	neg 1.0		__DUMMY__ 0.4858246816000016 off 0.27935564513277333 neg 0.23481967326722514	false	0.5
verdorbenheit	neg 1.0		__DUMMY__ 0.4872058842389359 off 0.2689323977579846 neg 0.24386171800307946	false	0.5
trauma	neg 1.0		__DUMMY__ 0.4862688242917547 off 0.270522318989566 neg 0.24320885671867926	false	0.5
sinnlos	neg 1.0		__DUMMY__ 0.48654856505477606 off 0.27239203903629206 neg 0.24105939590893183	false	0.5
fettsack	off 1.0	off 1.0	off 0.6298267768870531 __DUMMY__ 0.23558814083852636 neg 0.1345850822744205	false	1.0
feige	off 1.0	off 1.0	off 0.6261790166318947 __DUMMY__ 0.23630316288763079 neg 0.13751782048047453	false	1.0
abdanken	neg 1.0		__DUMMY__ 0.48573854697265856 off 0.2679366313557891 neg 0.24632482167155245	false	0.5
wichtigtuer	off 1.0	off 1.0	off 0.6243708573805539 __DUMMY__ 0.23715792538956385 neg 0.13847121722988234	false	1.0
misslingen	neg 1.0		__DUMMY__ 0.48997934654162556 off 0.27190995226807485 neg 0.2381107011902996	false	0.5
untreu	off 1.0		__DUMMY__ 0.4837526623827815 off 0.2758696895777845 neg 0.2403776480394341	false	1.0
missmutig	neg 1.0		__DUMMY__ 0.4851321093731216 off 0.2749629643990227 neg 0.2399049262278557	false	0.5
hurenbock	off 1.0		__DUMMY__ 0.48695517692377993 off 0.27114251646725446 neg 0.24190230660896556	false	1.0
betrunken	neg 1.0		__DUMMY__ 0.48561868056472407 off 0.27848645437773034 neg 0.23589486505754548	false	0.5
korrupt	off 1.0		__DUMMY__ 0.48399802732677005 off 0.26528592455126393 neg 0.2507160481219661	false	1.0
unmut	neg 1.0		__DUMMY__ 0.4892080100869668 off 0.26121484768858094 neg 0.24957714222445226	false	0.5
hackfresse	off 1.0		__DUMMY__ 0.48008953638699714 off 0.28309065120657473 neg 0.23681981240642808	false	1.0
aufblasen	neg 1.0		__DUMMY__ 0.48788669015451785 off 0.2717531563482763 neg 0.240360153497206	false	0.5
gewaltsam	neg 1.0		__DUMMY__ 0.48744884451927034 off 0.26862673498560224 neg 0.2439244204951274	false	0.5
unbeliebtheit	neg 1.0		__DUMMY__ 0.47909052712591677 off 0.27167389124815955 neg 0.24923558162592363	false	0.5
sturheit	neg 1.0		__DUMMY__ 0.4861016571310285 off 0.26790353208899065 neg 0.24599481077998087	false	0.5
kuh	neg 1.0		__DUMMY__ 0.4847235089674131 off 0.2693369497168018 neg 0.24593954131578516	false	0.5
erschrecken	neg 1.0		__DUMMY__ 0.4857042372254978 off 0.27431562514672286 neg 0.23998013762777928	false	0.5
opfer	neg 1.0		__DUMMY__ 0.48912050191144113 off 0.2662903569116475 neg 0.24458914117691147	false	0.5
sinken	neg 1.0		__DUMMY__ 0.4891193155948755 off 0.2617995270494174 neg 0.2490811573557072	false	0.5
stinktier	neg 1.0		__DUMMY__ 0.48141202955118667 off 0.28000972852894573 neg 0.23857824191986757	false	0.5
tucke	off 1.0		__DUMMY__ 0.4772468197114038 off 0.28247673095733156 neg 0.24027644933126469	false	1.0
ein			__DUMMY__ 0.4873077348199316 off 0.27063486590855057 neg 0.24205739927151768	false	0.0
abstieg	neg 1.0		__DUMMY__ 0.49103340154846764 off 0.26597256330418073 neg 0.24299403514735157	false	0.5
missverstehen	neg 1.0		__DUMMY__ 0.4844562892832302 off 0.27183430780045786 neg 0.2437094029163119	false	0.5
ergebnislos	neg 1.0		__DUMMY__ 0.48812209722922134 off 0.26456381485956737 neg 0.2473140879112114	false	0.5
unter			__DUMMY__ 0.49446668474438477 off 0.25804327218962037 neg 0.24749004306599487	false	0.0
manipulieren	neg 1.0		__DUMMY__ 0.4883642932823546 off 0.2640850708016508 neg 0.2475506359159948	false	0.5
unbewiesen	neg 1.0		__DUMMY__ 0.4821034210069452 off 0.2676616199277579 neg 0.2502349590652968	false	0.5
verschleppen	neg 1.0		__DUMMY__ 0.4879267972564239 off 0.2665226959257898 neg 0.24555050681778634	false	0.5
weib	off 1.0		__DUMMY__ 0.4803140417293258 off 0.283140564226326 neg 0.23654539404434832	false	1.0
opposition	neg 1.0		__DUMMY__ 0.4848953349339651 off 0.27083952933039857 neg 0.24426513573563638	false	0.5
verkehrswidrig	neg 1.0	neg 1.0	neg 0.6015963363563408 __DUMMY__ 0.23910137124449707 off 0.15930229239916222	false	1.0
inkorrekt	neg 1.0		__DUMMY__ 0.4808250933825192 off 0.27611350437636695 neg 0.24306140224111392	false	0.5
vermeiden	neg 1.0		__DUMMY__ 0.49187998817084505 off 0.25978286664423783 neg 0.24833714518491706	false	0.5
abweichung	neg 1.0		__DUMMY__ 0.4868449008712923 off 0.26457524052307047 neg 0.24857985860563722	false	0.5
alkoholisiert	neg 1.0		__DUMMY__ 0.492971388682469 off 0.2660169857980864 neg 0.2410116255194445	false	0.5
scheiss	off 1.0	off 1.0	off 0.6267951248352417 __DUMMY__ 0.23745189388379984 neg 0.13575298128095845	false	1.0
herausforderung	neg 1.0	neg 1.0	neg 0.6068226844690444 __DUMMY__ 0.24204602525866598 off 0.15113129027228972	false	1.0
pervers	off 1.0		__DUMMY__ 0.4792494593490874 off 0.28663860339417346 neg 0.23411193725673915	false	1.0
wackelig	neg 1.0		__DUMMY__ 0.49049755241781423 off 0.267997359843217 neg 0.24150508773896864	false	0.5
verwickeln	neg 1.0		__DUMMY__ 0.48447978584155404 off 0.271713887972848 neg 0.2438063261855979	false	0.5
vorwand	neg 1.0		__DUMMY__ 0.48885782322447796 off 0.26333141343574606 neg 0.24781076333977595	false	0.5
muschi	off 1.0		__DUMMY__ 0.48662028624157644 off 0.26741928669987874 neg 0.24596042705854484	false	1.0
entmutigung	neg 1.0		__DUMMY__ 0.4843575972324141 off 0.27026664652468546 neg 0.24537575624290037	false	0.5
unangemessen	neg 1.0		__DUMMY__ 0.485932069794492 off 0.2667855019876738 neg 0.24728242821783417	false	0.5
unstetig	neg 1.0		__DUMMY__ 0.48718649284148585 off 0.27079876102851236 neg 0.24201474613000173	false	0.5
entmutigen	neg 1.0		__DUMMY__ 0.48572661532706063 off 0.2707509824383944 neg 0.24352240223454502	false	0.5
schwanz	neg 1.0		__DUMMY__ 0.4884599218105291 off 0.2643597282982893 neg 0.24718034989118146	false	0.5
verbot	neg 1.0		__DUMMY__ 0.4857042312375494 off 0.2656350344973533 neg 0.24866073426509724	false	0.5
leid	neg 1.0		__DUMMY__ 0.4826678227524115 off 0.28131034021003415 neg 0.23602183703755422	false	0.5
archaisch	neg 1.0		__DUMMY__ 0.48730690905857116 off 0.26719783373299183 neg 0.24549525720843698	false	0.5
gegen			__DUMMY__ 0.49032820449945136 off 0.26307212268675656 neg 0.24659967281379191	false	0.0
scheidung	neg 1.0		__DUMMY__ 0.47848009160798166 off 0.29043225111200544 neg 0.23108765728001304	false	0.5
einschlag	neg 1.0	neg 1.0	neg 0.6051927416233898 __DUMMY__ 0.23675467241572729 off 0.15805258596088298	false	1.0
m			__DUMMY__ 0.4884675557210866 off 0.2673628665235067 neg 0.2441695777554066	false	0.0
abgestanden	neg 1.0		__DUMMY__ 0.4881339222145079 off 0.2709307051487308 neg 0.24093537263676143	false	0.5
schmierig	off 1.0		__DUMMY__ 0.4830429117006233 off 0.2808351462275177 neg 0.23612194207185908	false	1.0
unpraktisch	neg 1.0		__DUMMY__ 0.4881342094119284 off 0.2713509865568639 neg 0.24051480403120767	false	0.5
wixxer	off 1.0		__DUMMY__ 0.4783366830563641 off 0.2859508893729281 neg 0.23571242757070765	false	1.0
bezeichnet			__DUMMY__ 0.48601990418462326 off 0.26864736631888725 neg 0.24533272949648952	false	0.0
jammerlappen	off 1.0		__DUMMY__ 0.4843978840816325 off 0.2747826263767071 neg 0.2408194895416605	false	1.0
farce	neg 1.0		__DUMMY__ 0.4846424448283309 off 0.2661584677829181 neg 0.249199087388751	false	0.5
zwecklos	neg 1.0		__DUMMY__ 0.48665160911397903 off 0.2670427882629584 neg 0.2463056026230626	false	0.5
turbulent	neg 1.0		__DUMMY__ 0.48291476865381916 off 0.2746732172531366 neg 0.24241201409304405	false	0.5
invasion	neg 1.0		__DUMMY__ 0.48616642591169795 off 0.27229076249148554 neg 0.24154281159681665	false	0.5
schuld	neg 1.0		__DUMMY__ 0.48619877663330757 off 0.27044623779315374 neg 0.24335498557353863	false	0.5
risiko	neg 1.0		__DUMMY__ 0.48735730389583354 off 0.2700147062693054 neg 0.242627989834861	false	0.5
finster	neg 1.0		__DUMMY__ 0.48732383104805743 off 0.2709354936446403 neg 0.24174067530730214	false	0.5
geisteskrank	off 1.0		__DUMMY__ 0.48265884101996054 off 0.2762074382870467 neg 0.2411337206929927	false	1.0
zusammenbrechen	neg 1.0		__DUMMY__ 0.48837106416482295 off 0.26842086401408266 neg 0.24320807182109427	false	0.5
ausbeute	neg 1.0		__DUMMY__ 0.48987627560102626 off 0.2648952015712652 neg 0.24522852282770857	false	0.5
hinterhalt	neg 1.0		__DUMMY__ 0.4877270031566783 off 0.2673820004582659 neg 0.24489099638505585	false	0.5
kritik	neg 1.0		__DUMMY__ 0.4852183132229787 off 0.266211242107981 neg 0.2485704446690402	false	0.5
einschrumpfen	neg 1.0		__DUMMY__ 0.48248273551958154 off 0.27144645912624116 neg 0.2460708053541772	false	0.5
riskant	neg 1.0		__DUMMY__ 0.48781655775040395 off 0.2654274968378561 neg 0.24675594541173984	false	0.5
frustrieren	neg 1.0		__DUMMY__ 0.487864017231828 off 0.2656636591732344 neg 0.24647232359493773	false	0.5
groll	neg 1.0		__DUMMY__ 0.48759964749353163 off 0.2670809806879378 neg 0.24531937181853053	false	0.5
gibt			__DUMMY__ 0.48700015285191045 off 0.2673568356931126 neg 0.24564301145497702	false	0.0
qualvoll	neg 1.0		__DUMMY__ 0.48700768946224154 off 0.2739087027845405 neg 0.23908360775321785	false	0.5
wackeln	neg 1.0	neg 1.0	neg 0.6059502626886307 __DUMMY__ 0.23987650845823918 off 0.15417322885313006	false	1.0
klagen	neg 1.0		__DUMMY__ 0.4887221533808625 off 0.2615812417195768 neg 0.24969660489956078	false	0.5
bankrott	neg 1.0		__DUMMY__ 0.48550477426988486 off 0.27387688883117495 neg 0.2406183368989403	false	0.5
trauern	neg 1.0		__DUMMY__ 0.48975234559415187 off 0.26625844553327194 neg 0.24398920887257614	false	0.5
ablehnung	neg 1.0		__DUMMY__ 0.4851830185527448 off 0.26625973900044697 neg 0.24855724244680832	false	0.5
stur	neg 1.0		__DUMMY__ 0.4855872041077079 off 0.2709337164626483 neg 0.24347907942964386	false	0.5
aufruhr	neg 1.0		__DUMMY__ 0.48786493976061207 off 0.26873634831065446 neg 0.2433987119287335	false	0.5
melancholie	neg 1.0		__DUMMY__ 0.48922989645682746 off 0.2674285984939115 neg 0.24334150504926105	false	0.5
ist			__DUMMY__ 0.48590953698347555 off 0.2713949614749734 neg 0.24269550154155098	false	0.0
torheit	neg 1.0		__DUMMY__ 0.4849874709880292 off 0.2697358981654517 neg 0.2452766308465192	false	0.5
dreckskind	off 1.0		__DUMMY__ 0.4808194604590921 off 0.2814697896901336 neg 0.2377107498507743	false	1.0
umtauschen	neg 1.0		__DUMMY__ 0.4874823521010148 off 0.26922090018631345 neg 0.24329674771267162	false	0.5
zum			__DUMMY__ 0.4941447161232475 off 0.2608550934379719 neg 0.2450001904387805	false	0.0
zersetzen	neg 1.0		__DUMMY__ 0.48754685357932476 off 0.2636264380352985 neg 0.2488267083853767	false	0.5
zur			__DUMMY__ 0.49182814574990624 off 0.2590550989682312 neg 0.24911675528186253	false	0.0
frust	neg 1.0		__DUMMY__ 0.4881242587294268 off 0.268093788583505 neg 0.24378195268706826	false	0.5
unerbittlichkeit	neg 1.0		__DUMMY__ 0.48760811911100044 off 0.2637826736984547 neg 0.24860920719054486	false	0.5
zwei			__DUMMY__ 0.4925961137400705 off 0.26286658478174435 neg 0.2445373014781852	false	0.0
unkorrekt	neg 1.0		__DUMMY__ 0.4801337384788736 off 0.2764827143362887 neg 0.24338354718483776	false	0.5
hexe	off 1.0		__DUMMY__ 0.48320166511694573 off 0.2750095189160394 neg 0.24178881596701482	false	1.0
lasch	neg 1.0		__DUMMY__ 0.4828814298147446 off 0.27256045983506394 neg 0.24455811035019157	false	0.5
rivale	neg 1.0		__DUMMY__ 0.48474879063565923 off 0.27829628831210534 neg 0.23695492105223537	false	0.5
mutlos	off 1.0	off 1.0	off 0.6203348653386694 __DUMMY__ 0.23809194728194338 neg 0.14157318737938704	false	1.0
wirr	off 1.0		__DUMMY__ 0.4807085773723205 off 0.277083406477405 neg 0.24220801615027443	false	1.0
jahr			__DUMMY__ 0.4910440052518511 off 0.2643535153911506 neg 0.24460247935699833	false	0.0
wird			__DUMMY__ 0.4880037242664174 off 0.26610892944334125 neg 0.2458873462902413	false	0.0
strafbar	neg 1.0		__DUMMY__ 0.48698397396949217 off 0.26518087332485657 neg 0.2478351527056514	false	0.5
erosion	neg 1.0		__DUMMY__ 0.4878173951467487 off 0.2706546987791854 neg 0.24152790607406602	false	0.5
eingehen	neg 1.0		__DUMMY__ 0.4862273775832443 off 0.26596259323322163 neg 0.2478100291835341	false	0.5
faul	off 1.0		__DUMMY__ 0.48622037210212976 off 0.2745949180468974 neg 0.23918470985097298	false	1.0
provisorium	neg 1.0		__DUMMY__ 0.4935555874245718 off 0.25733364143985904 neg 0.24911077113556912	false	0.5
schmerzen	neg 1.0		__DUMMY__ 0.48750386278369967 off 0.2697281582009471 neg 0.24276797901535324	false	0.5
schrumpfen	neg 1.0		__DUMMY__ 0.4898588050125228 off 0.2587760088708157 neg 0.2513651861166616	false	0.5
geistlos	off 1.0		__DUMMY__ 0.4820574158170878 off 0.27083478890240253 neg 0.24710779528050963	false	1.0
fehlkauf	neg 1.0		__DUMMY__ 0.48552594701321605 off 0.27117900288858116 neg 0.24329505009820276	false	0.5
frustrierend	neg 1.0		__DUMMY__ 0.48602207285895815 off 0.2742385210473238 neg 0.23973940609371786	false	0.5
unzufrieden	neg 1.0		__DUMMY__ 0.48645525412973006 off 0.26676226141891435 neg 0.24678248445135562	false	0.5
verzweifeln	neg 1.0		__DUMMY__ 0.4871816107152185 off 0.2691182661945165 neg 0.24370012309026504	false	0.5
verzweifelt	neg 1.0		__DUMMY__ 0.485859485851944 off 0.27114613098072393 neg 0.242994383167332	false	0.5
misstrauensantrag	neg 1.0		__DUMMY__ 0.4853171666083072 off 0.27180820654075444 neg 0.24287462685093827	false	0.5
abfallen	neg 1.0		__DUMMY__ 0.48811752245969403 off 0.2716859971322261 neg 0.24019648040807995	false	0.5
fucker	off 1.0		__DUMMY__ 0.48270141869028 off 0.2766851206045466 neg 0.24061346070517345	false	1.0
ungezogen	neg 1.0		__DUMMY__ 0.48051306104912134 off 0.28506779662742404 neg 0.23441914232345443	false	0.5
irrsinnig	neg 1.0	neg 1.0	neg 0.6088020884286055 __DUMMY__ 0.23759755965812795 off 0.15360035191326654	false	1.0
unfassbar	neg 1.0		__DUMMY__ 0.4834128416012653 off 0.2752450907879555 neg 0.24134206761077925	false	0.5
hart	neg 1.0		__DUMMY__ 0.4851818308056709 off 0.27327852428917754 neg 0.24153964490515162	false	0.5
widerlich	off 1.0		__DUMMY__ 0.4825058990179005 off 0.2760466819174895 neg 0.24144741906461004	false	1.0
fatal	neg 1.0		__DUMMY__ 0.48554055885964587 off 0.27153793873607773 neg 0.24292150240427654	false	0.5
bruch	neg 1.0		__DUMMY__ 0.48943615867189205 off 0.2622003164198133 neg 0.24836352490829464	false	0.5
aushungern	neg 1.0		__DUMMY__ 0.4855835543590659 off 0.26757931210901026 neg 0.24683713353192369	false	0.5
anspannung	neg 1.0	neg 1.0	neg 0.6076795437785947 __DUMMY__ 0.24354936519723228 off 0.14877109102417294	false	1.0
von			__DUMMY__ 0.49111462414838475 off 0.26354545408955016 neg 0.24533992176206518	false	0.0
kraftlos	neg 1.0		__DUMMY__ 0.4901848795837086 off 0.26840346756052513 neg 0.24141165285576635	false	0.5
vom			__DUMMY__ 0.4947306240857295 off 0.25858166934874405 neg 0.2466877065655263	false	0.0
grenzdebil	off 1.0		__DUMMY__ 0.48382436813542296 off 0.27669215577249945 neg 0.2394834760920776	false	1.0
vor			__DUMMY__ 0.4902264354769331 off 0.2638986918440095 neg 0.24587487267905722	false	0.0
unterwerfen	neg 1.0		__DUMMY__ 0.4878163066677889 off 0.2653281832888018 neg 0.24685551004340942	false	0.5
versenkung	neg 1.0		__DUMMY__ 0.4883269598523566 off 0.26519592667053193 neg 0.2464771134771114	false	0.5
entziehen	neg 1.0		__DUMMY__ 0.4891249563260521 off 0.262574245206848 neg 0.2483007984670999	false	0.5
finanzkrise	neg 1.0		__DUMMY__ 0.4850900780122006 off 0.2675013350979688 neg 0.24740858688983064	false	0.5
schimpfend	neg 1.0		__DUMMY__ 0.4886100081075357 off 0.2715966985439159 neg 0.2397932933485484	false	0.5
profan	neg 1.0		__DUMMY__ 0.4853672781857163 off 0.2726097320834775 neg 0.24202298973080622	false	0.5
korruption	neg 1.0		__DUMMY__ 0.4854828309064411 off 0.2654784227965994 neg 0.24903874629695963	false	0.5
â			__DUMMY__ 0.488502643053844 off 0.26607324578783237 neg 0.24542411115832366	false	0.0
schmutzig	neg 1.0		__DUMMY__ 0.4851781571593682 off 0.2765839476663334 neg 0.23823789517429853	false	0.5
sexy	neg 1.0		__DUMMY__ 0.48541159838224435 off 0.2733523281616309 neg 0.24123607345612472	false	0.5
abraten	neg 1.0		__DUMMY__ 0.48557174298426053 off 0.2714237899125434 neg 0.24300446710319606	false	0.5
schwarz	neg 1.0		__DUMMY__ 0.48544147250318254 off 0.2707599507976054 neg 0.24379857669921207	false	0.5
fotze	off 1.0		__DUMMY__ 0.48735023749617334 off 0.2651040074950691 neg 0.2475457550087575	false	1.0
verwirren	neg 1.0		__DUMMY__ 0.4852259975997299 off 0.2728080331292026 neg 0.2419659692710676	false	0.5
zahnlos	off 1.0		__DUMMY__ 0.48632518720394574 off 0.2667485477862246 neg 0.24692626500982964	false	1.0
verheeren	neg 1.0		__DUMMY__ 0.4812630252239717 off 0.28648060915467594 neg 0.23225636562135235	false	0.5
hippie	neg 1.0		__DUMMY__ 0.4851956560642591 off 0.27264494042018017 neg 0.24215940351556095	false	0.5
rammen	neg 1.0		__DUMMY__ 0.4873255825566192 off 0.27083497854530786 neg 0.24183943889807294	false	0.5
unlauter	neg 1.0		__DUMMY__ 0.48219124077218634 off 0.26818202663566837 neg 0.2496267325921452	false	0.5
unheilvoll	neg 1.0		__DUMMY__ 0.48764630230439804 off 0.27281807448197964 neg 0.2395356232136223	false	0.5
niedrig	neg 1.0		__DUMMY__ 0.4899408715463572 off 0.265169897592646 neg 0.24488923086099693	false	0.5
explosion	neg 1.0		__DUMMY__ 0.4851918464324442 off 0.2719793593474148 neg 0.2428287942201411	false	0.5
weichei	off 1.0		__DUMMY__ 0.4810771960170411 off 0.28168088784019096 neg 0.23724191614276785	false	1.0
minusmensch	off 1.0		__DUMMY__ 0.4762017259017627 off 0.28403268203685617 neg 0.23976559206138118	false	1.0
farblos	neg 1.0		__DUMMY__ 0.4903720241694573 off 0.2696194849919817 neg 0.24000849083856096	false	0.5
unwissend	neg 1.0	neg 1.0	neg 0.6074966547569699 __DUMMY__ 0.23638504203465277 off 0.15611830320837733	false	1.0
traurig	neg 1.0		__DUMMY__ 0.4831505937146816 off 0.2787818295913553 neg 0.23806757669396322	false	0.5
senkung	neg 1.0		__DUMMY__ 0.4830574537964271 off 0.27137974046764557 neg 0.24556280573592726	false	0.5
ungleich	neg 1.0	neg 1.0	neg 0.6115881640734139 __DUMMY__ 0.23827634469730005 off 0.1501354912292862	false	1.0
heikel	neg 1.0		__DUMMY__ 0.48737673529791553 off 0.26375049892002356 neg 0.248872765782061	false	0.5
drosselung	neg 1.0		__DUMMY__ 0.4841421015489585 off 0.27613405647848843 neg 0.23972384197255292	false	0.5
falsch	neg 1.0		__DUMMY__ 0.4850386763395716 off 0.2741499854238986 neg 0.24081133823652975	false	0.5
unzufriedenheit	neg 1.0		__DUMMY__ 0.4881225927465732 off 0.26334477081097796 neg 0.24853263644244883	false	0.5
kurz	neg 1.0		__DUMMY__ 0.48909190906610006 off 0.2684737741259214 neg 0.24243431680797864	false	0.5
unsinnig	neg 1.0		__DUMMY__ 0.48534326493977265 off 0.2669568096848932 neg 0.24769992537533417	false	0.5
penner	off 1.0	off 1.0	off 0.6312787109453281 __DUMMY__ 0.23482749458637725 neg 0.13389379446829464	false	1.0
seicht	neg 1.0		__DUMMY__ 0.4781937932028521 off 0.28394678227017267 neg 0.23785942452697525	false	0.5
dummheit	off 1.0	off 1.0	off 0.6245806380135364 __DUMMY__ 0.2370372786652211 neg 0.1383820833212426	false	1.0
unerfreulich	neg 1.0		__DUMMY__ 0.48928725655970395 off 0.2633892411246033 neg 0.24732350231569275	false	0.5
motherfucker	off 1.0	off 1.0	off 0.6271049819972169 __DUMMY__ 0.23588151146602904 neg 0.13701350653675415	false	1.0
pikiert	neg 1.0		__DUMMY__ 0.4827570477263146 off 0.27480385047042094 neg 0.24243910180326445	false	0.5
wrack	neg 1.0		__DUMMY__ 0.48952593567749 off 0.26557052131331865 neg 0.24490354300919123	false	0.5
gangster	neg 1.0		__DUMMY__ 0.48566491541168555 off 0.27237174381727164 neg 0.2419633407710427	false	0.5
krank	neg 1.0		__DUMMY__ 0.48499638338984696 off 0.2774438636380403 neg 0.23755975297211265	false	0.5
reich	neg 1.0		__DUMMY__ 0.482331611871613 off 0.2729460203660199 neg 0.244722367762367	false	0.5
gnadenlos	neg 1.0		__DUMMY__ 0.4865276895044402 off 0.2705894256908669 neg 0.24288288480469286	false	0.5
niedergeschlagen	neg 1.0		__DUMMY__ 0.489323797535647 off 0.2690081553050848 neg 0.24166804715926823	false	0.5
terrorisieren	off 1.0	off 1.0	off 0.6211384383182748 __DUMMY__ 0.23934288924203323 neg 0.139518672439692	false	1.0
sinnlosigkeit	neg 1.0		__DUMMY__ 0.48676040183734914 off 0.26708734666602196 neg 0.2461522514966289	false	0.5
behindern	neg 1.0		__DUMMY__ 0.4861838564198972 off 0.2682646181533348 neg 0.24555152542676797	false	0.5
undemokratisch	neg 1.0		__DUMMY__ 0.4836555084507565 off 0.26917374107795644 neg 0.24717075047128695	false	0.5
wirtschaftskrise	neg 1.0		__DUMMY__ 0.48656912307055233 off 0.2653018937977408 neg 0.2481289831317069	false	0.5
neid	neg 1.0		__DUMMY__ 0.48670175566624346 off 0.27554099398933307 neg 0.23775725034442335	false	0.5
rutschen	neg 1.0		__DUMMY__ 0.49317008617848435 off 0.2630748868151791 neg 0.24375502700633644	false	0.5
rezession	neg 1.0		__DUMMY__ 0.4810343976473464 off 0.2788834526004099 neg 0.24008214975224373	false	0.5
fehlgeburt	neg 1.0		__DUMMY__ 0.48810722309036375 off 0.2726796229057859 neg 0.2392131540038504	false	0.5
charakterschwach	off 1.0		__DUMMY__ 0.4835743809110116 off 0.2760658909310771 neg 0.2403597281579114	false	1.0
isolation	neg 1.0		__DUMMY__ 0.4857405006785454 off 0.27405943512793224 neg 0.24020006419352238	false	0.5
ablenkung	neg 1.0		__DUMMY__ 0.4868785418872025 off 0.26999059719748 neg 0.24313086091531755	false	0.5
pech	neg 1.0		__DUMMY__ 0.485828025584725 off 0.2740240937318511 neg 0.24014788068342383	false	0.5
vermeidung	neg 1.0		__DUMMY__ 0.48243499500129944 off 0.2757649716693273 neg 0.24180003332937333	false	0.5
dominieren	neg 1.0		__DUMMY__ 0.49009872110577224 off 0.26664126029177254 neg 0.24326001860245522	false	0.5
schwindlig	neg 1.0		__DUMMY__ 0.4890365452953945 off 0.27369303262717837 neg 0.23727042207742718	false	0.5
lutscher	neg 1.0		__DUMMY__ 0.47839493977987574 off 0.2848481458533329 neg 0.23675691436679144	false	0.5
pflicht	neg 1.0		__DUMMY__ 0.48764020685258014 off 0.26366666395354943 neg 0.2486931291938704	false	0.5
faschist	off 1.0		__DUMMY__ 0.482777658040381 off 0.2715149355157516 neg 0.2457074064438674	false	1.0
verschleudern	neg 1.0		__DUMMY__ 0.48448522422121976 off 0.2634316203068121 neg 0.25208315547196813	false	0.5
wenn			__DUMMY__ 0.48485848554361843 off 0.27434087433007287 neg 0.24080064012630878	false	0.0
ehebruch	neg 1.0		__DUMMY__ 0.4875026849602141 off 0.2659163033554968 neg 0.24658101168428911	false	0.5
spott	off 1.0		__DUMMY__ 0.4866188493625113 off 0.26484509852662164 neg 0.24853605211086696	false	1.0
trostlosigkeit	neg 1.0		__DUMMY__ 0.48937967140520744 off 0.2629976683169368 neg 0.24762266027785587	false	0.5
lutschen	neg 1.0		__DUMMY__ 0.4848107296253046 off 0.2718951955881481 neg 0.24329407478654713	false	0.5
undiszipliniert	neg 1.0		__DUMMY__ 0.48402668751929195 off 0.2781111767753186 neg 0.2378621357053895	false	0.5
kopfschmerz	neg 1.0		__DUMMY__ 0.4894695732336258 off 0.26888556692117904 neg 0.24164485984519524	false	0.5
unvorhergesehen	neg 1.0		__DUMMY__ 0.4911529881031392 off 0.26668255795208257 neg 0.24216445394477834	false	0.5
desinteressiert	neg 1.0		__DUMMY__ 0.4826483471501852 off 0.2773347442055443 neg 0.24001690864427053	false	0.5
armselig	off 1.0		__DUMMY__ 0.4809535126131306 off 0.27781958885301133 neg 0.24122689853385798	false	1.0
desaster	neg 1.0		__DUMMY__ 0.4883709893601766 off 0.26102109721478983 neg 0.2506079134250336	false	0.5
tod	neg 1.0		__DUMMY__ 0.4899011543144718 off 0.26679304660505804 neg 0.24330579908047034	false	0.5
herzlos	neg 1.0		__DUMMY__ 0.48200894963141416 off 0.27889343242592957 neg 0.23909761794265616	false	0.5
unwissenheit	neg 1.0		__DUMMY__ 0.48526255917507255 off 0.2661365732089608 neg 0.24860086761596678	false	0.5
widersinnig	neg 1.0	neg 1.0	neg 0.6125191949260905 __DUMMY__ 0.2365015299060165 off 0.15097927516789303	false	1.0
bedenklich	neg 1.0		__DUMMY__ 0.4868285540464714 off 0.2653117487195656 neg 0.24785969723396298	false	0.5
beanstanden	neg 1.0		__DUMMY__ 0.48801375256541857 off 0.26303709316527185 neg 0.2489491542693096	false	0.5
panisch	neg 1.0	neg 1.0	neg 0.6044938101407662 __DUMMY__ 0.23985270131480182 off 0.15565348854443192	false	1.0
debil	off 1.0		__DUMMY__ 0.491189184607042 off 0.25825863377411723 neg 0.2505521816188409	false	1.0
abstrich	neg 1.0		__DUMMY__ 0.48654477129658963 off 0.265564627989528 neg 0.2478906007138825	false	0.5
primitiv	neg 1.0		__DUMMY__ 0.4825536633415863 off 0.2765968833210184 neg 0.24084945333739538	false	0.5
abschaum	off 1.0	off 1.0	off 0.6259441449760746 __DUMMY__ 0.23664850000858137 neg 0.13740735501534404	false	1.0
provozieren	neg 1.0		__DUMMY__ 0.48568230427447573 off 0.2700271625054522 neg 0.24429053322007208	false	0.5
tot	neg 1.0		__DUMMY__ 0.4864364256595333 off 0.2645159974834636 neg 0.24904757685700304	false	0.5
instabil	neg 1.0		__DUMMY__ 0.4802642053029324 off 0.275292806643419 neg 0.24444298805364872	false	0.5
schwuchtel	off 1.0		__DUMMY__ 0.4766384992339328 off 0.28976253366359594 neg 0.23359896710247127	false	1.0
zerren	neg 1.0		__DUMMY__ 0.4892432463066062 off 0.2690908355858022 neg 0.24166591810759153	false	0.5
kinderficker	off 1.0		__DUMMY__ 0.47903800683793657 off 0.2800031322508088 neg 0.24095886091125454	false	1.0
gefahr	neg 1.0		__DUMMY__ 0.4892928143994462 off 0.2639927699661545 neg 0.24671441563439928	false	0.5
rabiat	neg 1.0		__DUMMY__ 0.4859955516158841 off 0.2693418391027192 neg 0.24466260928139677	false	0.5
verlangsamung	neg 1.0		__DUMMY__ 0.4807942910121361 off 0.28295422970358114 neg 0.23625147928428267	false	0.5
ausgestorben	neg 1.0		__DUMMY__ 0.4880604691828228 off 0.26940557497396384 neg 0.24253395584321338	false	0.5
anklagen	neg 1.0		__DUMMY__ 0.4867425326452373 off 0.2673723222900525 neg 0.2458851450647101	false	0.5
trott	neg 1.0		__DUMMY__ 0.4873332709689982 off 0.2689897917443219 neg 0.24367693728668002	false	0.5
verminderung	neg 1.0		__DUMMY__ 0.4818935702911473 off 0.2764952551753209 neg 0.24161117453353162	false	0.5
nach			__DUMMY__ 0.49507337095393766 off 0.26183065174056414 neg 0.24309597730549828	false	0.0
rost	neg 1.0		__DUMMY__ 0.4818024417095758 off 0.28179795765895793 neg 0.23639960063146634	false	0.5
destruktiv	neg 1.0		__DUMMY__ 0.48430604980837044 off 0.26801696913704404 neg 0.24767698105458552	false	0.5
unzumutbarkeit	neg 1.0		__DUMMY__ 0.4849997543777093 off 0.27469423551667466 neg 0.24030601010561597	false	0.5
labil	off 1.0	off 1.0	off 0.625878613973076 __DUMMY__ 0.2366992199454934 neg 0.13742216608143057	false	1.0
ziemlich	neg 1.0		__DUMMY__ 0.48467712884289815 off 0.2763032957662589 neg 0.23901957539084293	false	0.5
lachnummer	off 1.0		__DUMMY__ 0.48526871784215986 off 0.26866813818332114 neg 0.2460631439745189	false	1.0
oder			__DUMMY__ 0.48750258234072924 off 0.27020135047729565 neg 0.242296067181975	false	0.0
verfall	neg 1.0		__DUMMY__ 0.4901525994379983 off 0.2589463266992854 neg 0.25090107386271615	false	0.5
ausgrenzung	neg 1.0		__DUMMY__ 0.48406101441288557 off 0.27029317966149863 neg 0.2456458059256158	false	0.5
unordnung	neg 1.0		__DUMMY__ 0.48468081218422304 off 0.2755238546142703 neg 0.23979533320150662	false	0.5
fehlverhalten	neg 1.0		__DUMMY__ 0.4875521161096402 off 0.2640388883471083 neg 0.24840899554325144	false	0.5
eine			__DUMMY__ 0.4889106366662558 off 0.263765001365193 neg 0.24732436196855104	false	0.0
nille	neg 1.0		__DUMMY__ 0.48688409143243105 off 0.2680935893933006 neg 0.24502231917426834	false	0.5
qual	neg 1.0		__DUMMY__ 0.48728204506447764 off 0.26873783719280364 neg 0.24398011774271883	false	0.5
verschwenden	neg 1.0		__DUMMY__ 0.48718177716955596 off 0.26604806720624985 neg 0.24677015562419424	false	0.5
riesig	neg 1.0	neg 1.0	neg 0.6079245115511107 __DUMMY__ 0.2404942057964025 off 0.15158128265248677	false	1.0
verurteilen	neg 1.0		__DUMMY__ 0.48683895220377466 off 0.2668568200271277 neg 0.24630422776909772	false	0.5
klischee	neg 1.0	neg 1.0	neg 0.6085299795446368 __DUMMY__ 0.23647937653617107 off 0.15499064391919207	false	1.0
diktatorisch	neg 1.0		__DUMMY__ 0.4829476848119695 off 0.26958465406976123 neg 0.24746766111826932	false	0.5
vorhersehbar	neg 1.0	neg 1.0	neg 0.6081367852251981 __DUMMY__ 0.23709531737616682 off 0.15476789739863506	false	1.0
sowie			__DUMMY__ 0.4808574757902189 off 0.28075153008439024 neg 0.2383909941253909	false	0.0
stornieren	neg 1.0		__DUMMY__ 0.489322609205612 off 0.27144844944112867 neg 0.23922894135325945	false	0.5
besteuerung	neg 1.0		__DUMMY__ 0.48347519107319836 off 0.26888244030244485 neg 0.2476423686243568	false	0.5
ungeschminkt	neg 1.0		__DUMMY__ 0.4831288004639938 off 0.2759215280785146 neg 0.2409496714574917	false	0.5
kritisch	neg 1.0		__DUMMY__ 0.4866655631066913 off 0.26496872554300444 neg 0.2483657113503042	false	0.5
schlamperei	off 1.0		__DUMMY__ 0.4866801554019816 off 0.2636389078348946 neg 0.24968093676312383	false	1.0
sucht	neg 1.0	neg 1.0	neg 0.607350167009561 __DUMMY__ 0.2393062554070912 off 0.15334357758334788	false	1.0
egoistisch	off 1.0		__DUMMY__ 0.48151668728834723 off 0.28174087790579133 neg 0.2367424348058614	false	1.0
ausbeuter	off 1.0		__DUMMY__ 0.4865548547193217 off 0.26345195087356943 neg 0.24999319440710888	false	1.0
arschgeburt	off 1.0		__DUMMY__ 0.47608274432806374 off 0.28968966571431964 neg 0.23422758995761664	false	1.0
schubs	neg 1.0	neg 1.0	neg 0.60725425061343 __DUMMY__ 0.24040107301951433 off 0.15234467636705573	false	1.0
unsolide	neg 1.0		__DUMMY__ 0.4804046874063824 off 0.26911813229958753 neg 0.25047718029403	false	0.5
beschwerde	neg 1.0		__DUMMY__ 0.486936408669702 off 0.26400451286275106 neg 0.24905907846754702	false	0.5
stocken	neg 1.0		__DUMMY__ 0.4884084656097003 off 0.26539248042161234 neg 0.2461990539686874	false	0.5
isolieren	neg 1.0		__DUMMY__ 0.48750297339857923 off 0.2664607652962653 neg 0.24603626130515546	false	0.5
unheilbar	neg 1.0		__DUMMY__ 0.4886061318480598 off 0.27104244373620134 neg 0.24035142441573873	false	0.5
pisser	off 1.0		__DUMMY__ 0.48390901245096835 off 0.27753106464715177 neg 0.23855992290187983	false	1.0
löschen	neg 1.0		__DUMMY__ 0.4869141004083486 off 0.26941241514925246 neg 0.24367348444239895	false	0.5
durchfallen	neg 1.0		__DUMMY__ 0.4857471884884139 off 0.266254864859542 neg 0.24799794665204408	false	0.5
wichser	off 1.0		__DUMMY__ 0.4794342357522664 off 0.2868332944981205 neg 0.23373246974961304	false	1.0
terror	neg 1.0		__DUMMY__ 0.4866832345744003 off 0.2728771046516886 neg 0.2404396607739111	false	0.5
krass	neg 1.0		__DUMMY__ 0.48191207909720507 off 0.27943603662279975 neg 0.2386518842799952	false	0.5
revolte	neg 1.0		__DUMMY__ 0.4839831058587716 off 0.27100229994324826 neg 0.24501459419798027	false	0.5
besorgt	neg 1.0		__DUMMY__ 0.4899384490478327 off 0.26828843055289703 neg 0.24177312039927049	false	0.5
nachlassen	neg 1.0		__DUMMY__ 0.4887770343846872 off 0.26509027727740325 neg 0.24613268833790944	false	0.5
alt	neg 1.0		__DUMMY__ 0.4884758040992039 off 0.2662677277842079 neg 0.2452564681165881	false	0.5
hundesohn	off 1.0		__DUMMY__ 0.4784378230371036 off 0.2843545596275599 neg 0.23720761733533646	false	1.0
als			__DUMMY__ 0.48856269430515237 off 0.2679665616395146 neg 0.24347074405533295	false	0.0
abschreckung	neg 1.0		__DUMMY__ 0.4890640954145088 off 0.26288044728207327 neg 0.24805545730341805	false	0.5
unqualifiziert	neg 1.0		__DUMMY__ 0.4817369086240749 off 0.27165113255606216 neg 0.24661195881986292	false	0.5
abgewichst	off 1.0		__DUMMY__ 0.48739117051300884 off 0.2675238948813099 neg 0.2450849346056813	false	1.0
schwer	neg 1.0		__DUMMY__ 0.4873180833266666 off 0.2696937158549746 neg 0.24298820081835884	false	0.5
bedeutungslosigkeit	neg 1.0		__DUMMY__ 0.4881132476657759 off 0.26360742015468663 neg 0.24827933217953754	false	0.5
kapitulation	neg 1.0		__DUMMY__ 0.4859728623641469 off 0.2644748357481438 neg 0.2495523018877094	false	0.5
unscharf	neg 1.0		__DUMMY__ 0.485139267797021 off 0.27188210937098334 neg 0.2429786228319957	false	0.5
schwinden	neg 1.0		__DUMMY__ 0.48882941470234575 off 0.26377273283722147 neg 0.24739785246043275	false	0.5
versklavung	neg 1.0		__DUMMY__ 0.48359870727233234 off 0.26941082085076784 neg 0.2469904718768998	false	0.5
schlecht	neg 1.0		__DUMMY__ 0.48490601188288524 off 0.27652413296417355 neg 0.2385698551529411	false	0.5
verhasst	neg 1.0		__DUMMY__ 0.48565065137660635 off 0.270489225372985 neg 0.24386012325040865	false	0.5
beschweren	neg 1.0		__DUMMY__ 0.4858783004548928 off 0.27160352226435047 neg 0.2425181772807568	false	0.5
scheiden	neg 1.0		__DUMMY__ 0.4891220803098476 off 0.2708089146453853 neg 0.2400690050447671	false	0.5
frustriert	neg 1.0		__DUMMY__ 0.48741547316222167 off 0.2684033689784812 neg 0.24418115785929725	false	0.5
schimmelig	neg 1.0		__DUMMY__ 0.48926993953459225 off 0.26577334177902556 neg 0.24495671868638205	false	0.5
fisch	neg 1.0		__DUMMY__ 0.49072707014187733 off 0.2646559406883181 neg 0.24461698916980448	false	0.5
schmuggel	neg 1.0		__DUMMY__ 0.4915470376969385 off 0.2649806240444184 neg 0.24347233825864315	false	0.5
auffallen	neg 1.0		__DUMMY__ 0.48570010249701273 off 0.27237617767420447 neg 0.24192371982878283	false	0.5
konkurrenz	neg 1.0	neg 1.0	neg 0.6108872232092669 __DUMMY__ 0.2399407954356911 off 0.14917198135504192	false	1.0
teufelskreis	neg 1.0		__DUMMY__ 0.48709428425663326 off 0.26894591985965244 neg 0.24395979588371428	false	0.5
aufschreien	neg 1.0		__DUMMY__ 0.4848657370313247 off 0.2719059656697366 neg 0.24322829729893883	false	0.5
schuldner	neg 1.0		__DUMMY__ 0.4884034738324428 off 0.2638631454117105 neg 0.24773338075584664	false	0.5
missgeburt	off 1.0	off 1.0	off 0.6296142876268318 __DUMMY__ 0.2352019871708536 neg 0.13518372520231448	false	1.0
arbeitslos	neg 1.0		__DUMMY__ 0.4859124316793602 off 0.26664506075738204 neg 0.2474425075632578	false	0.5
befallen	neg 1.0		__DUMMY__ 0.4874182015951305 off 0.2677983453914339 neg 0.24478345301343554	false	0.5
miesepetrig	off 1.0	off 1.0	off 0.6270682832757094 __DUMMY__ 0.2374841793303129 neg 0.1354475373939777	false	1.0
alarmieren	neg 1.0		__DUMMY__ 0.483620752859365 off 0.27388111430595463 neg 0.24249813283468047	false	0.5
ungeduscht	off 1.0		__DUMMY__ 0.4860443084834857 off 0.27390905350805317 neg 0.24004663800846107	false	1.0
knappheit	neg 1.0		__DUMMY__ 0.4860148880132813 off 0.2645589720418673 neg 0.24942613994485152	false	0.5
schlange	neg 1.0		__DUMMY__ 0.4881758980108794 off 0.27242009928540567 neg 0.23940400270371484	false	0.5
harsch	neg 1.0		__DUMMY__ 0.48360497959351617 off 0.28077728051436895 neg 0.23561773989211474	false	0.5
lang	neg 1.0		__DUMMY__ 0.48703545071327664 off 0.27001936734115484 neg 0.24294518194556847	false	0.5
ziellos	neg 1.0		__DUMMY__ 0.48954419799087484 off 0.2676273084324842 neg 0.24282849357664085	false	0.5
selbstverliebt	neg 1.0		__DUMMY__ 0.47712735276316 off 0.286990456760035 neg 0.23588219047680517	false	0.5
beseitigen	neg 1.0		__DUMMY__ 0.4869118903972802 off 0.268263331937779 neg 0.24482477766494073	false	0.5
dumm	off 1.0		__DUMMY__ 0.4801314131984286 off 0.2823773488468017 neg 0.23749123795476973	false	1.0
arbeitsloser	neg 1.0		__DUMMY__ 0.4878702076320168 off 0.26635583148272934 neg 0.24577396088525372	false	0.5
blitzen	neg 1.0		__DUMMY__ 0.4855212969670253 off 0.2730054722533636 neg 0.24147323077961105	false	0.5
hilflos	neg 1.0		__DUMMY__ 0.4880704866292048 off 0.268127839217827 neg 0.2438016741529682	false	0.5
eklig	off 1.0		__DUMMY__ 0.4809014973837996 off 0.2835516803184225 neg 0.23554682229777785	false	1.0
begriff			__DUMMY__ 0.48585819334988745 off 0.2676634049862258 neg 0.24647840166388676	false	0.0
hungersnot	neg 1.0		__DUMMY__ 0.4882476888833045 off 0.26789373108590164 neg 0.24385858003079397	false	0.5
ungesetzlich	neg 1.0		__DUMMY__ 0.4813013117319609 off 0.2697660589767201 neg 0.24893262929131915	false	0.5
verschwendung	neg 1.0		__DUMMY__ 0.4881478312560252 off 0.2648990518669403 neg 0.24695311687703445	false	0.5
schmerzvoll	neg 1.0		__DUMMY__ 0.48637354384904835 off 0.2717597357462586 neg 0.2418667204046929	false	0.5
vorzeitig	neg 1.0		__DUMMY__ 0.4870957365263557 off 0.2736053338017949 neg 0.2392989296718493	false	0.5
unvollkommenheit	neg 1.0		__DUMMY__ 0.49148881505962083 off 0.2685021197710406 neg 0.24000906516933865	false	0.5
intervenieren	neg 1.0		__DUMMY__ 0.48627346866250354 off 0.2636914793750902 neg 0.2500350519624063	false	0.5
banause	off 1.0		__DUMMY__ 0.4784509244458392 off 0.28505461902865303 neg 0.23649445652550768	false	1.0
rebell	neg 1.0		__DUMMY__ 0.4895378430901704 off 0.26120921929658536 neg 0.24925293761324416	false	0.5
unlogisch	neg 1.0		__DUMMY__ 0.4822151953542115 off 0.27858566320344574 neg 0.2391991414423427	false	0.5
leiden	neg 1.0		__DUMMY__ 0.49227856346035903 off 0.26592345986968796 neg 0.2417979766699529	false	0.5
abschaffung	neg 1.0		__DUMMY__ 0.4837298515279986 off 0.2687850096608115 neg 0.24748513881118994	false	0.5
sturz	neg 1.0		__DUMMY__ 0.4881375250222201 off 0.26998601913431686 neg 0.24187645584346296	false	0.5
verkleinerung	neg 1.0		__DUMMY__ 0.4823527712199305 off 0.2714281543567389 neg 0.2462190744233306	false	0.5
schmarotzer	off 1.0		__DUMMY__ 0.4853909186111565 off 0.2662631859481607 neg 0.24834589544068292	false	1.0
bestrafung	neg 1.0		__DUMMY__ 0.485805513383936 off 0.2709376512388942 neg 0.2432568353771698	false	0.5
achtlos	neg 1.0		__DUMMY__ 0.48819970452744665 off 0.2699822716294182 neg 0.24181802384313517	false	0.5
ungeheuer	neg 1.0		__DUMMY__ 0.4856866340478189 off 0.27299983220866403 neg 0.2413135337435171	false	0.5
unaufrichtig	neg 1.0		__DUMMY__ 0.48446451248160627 off 0.271424164402121 neg 0.24411132311627268	false	0.5
groggy	neg 1.0		__DUMMY__ 0.4849657595616593 off 0.2721934320655404 neg 0.2428408083728003	false	0.5
verletzlich	neg 1.0		__DUMMY__ 0.48359673720245316 off 0.27746314113516685 neg 0.23894012166237993	false	0.5
