unsolidarisch	neg 1.0		off 0.341792426830112 __DUMMY__ 0.33971731373444103 neg 0.318490259435447	false	0.5
nachteilig	neg 1.0		__DUMMY__ 0.34349984120429594 off 0.339718702940728 neg 0.316781455854976	false	0.5
skeptisch	neg 1.0		__DUMMY__ 0.34384222082382215 off 0.3390031565856068 neg 0.317154622590571	false	0.5
schrecklich	neg 1.0		off 0.3547387134726578 __DUMMY__ 0.3398917169150218 neg 0.30536956961232053	false	0.5
schlapp	neg 1.0		off 0.3507211914964063 __DUMMY__ 0.34212216837517706 neg 0.3071566401284167	false	0.5
abfall	neg 1.0		__DUMMY__ 0.3454212000214949 off 0.33692843057514976 neg 0.31765036940335545	false	0.5
widerspenstig	neg 1.0		off 0.34513237000722263 __DUMMY__ 0.3433042797346694 neg 0.3115633502581079	false	0.5
abrupt	neg 1.0		__DUMMY__ 0.34533405810754647 off 0.34092746850593425 neg 0.3137384733865193	false	0.5
unwirksam	neg 1.0		off 0.3424278419239817 __DUMMY__ 0.3404416732989372 neg 0.3171304847770813	false	0.5
angreifen	neg 1.0	neg 1.0	neg 0.6449999871597618 off 0.18767137864518965 __DUMMY__ 0.16732863419504848	false	1.0
inkonsistent	neg 1.0		off 0.3453760283349983 __DUMMY__ 0.34241955795920037 neg 0.3122044137058012	false	0.5
abrutschen	neg 1.0		__DUMMY__ 0.34530302855356904 off 0.33726540622373613 neg 0.3174315652226949	false	0.5
unsicher	neg 1.0		off 0.3453770472742952 __DUMMY__ 0.34359913971137696 neg 0.31102381301432797	false	0.5
bauernkind	off 1.0	off 1.0	off 0.66526892850476 neg 0.17054926101828932 __DUMMY__ 0.16418181047695057	false	1.0
angreifer	neg 1.0		off 0.34689624812918857 __DUMMY__ 0.34360592682544416 neg 0.3094978250453672	false	0.5
trennen	neg 1.0		__DUMMY__ 0.3460719205701961 off 0.341877905714978 neg 0.3120501737148258	false	0.5
schmutz	neg 1.0		off 0.34970319793715154 __DUMMY__ 0.34636844021147645 neg 0.303928361851372	false	0.5
inkonsistenz	neg 1.0		off 0.3473777848426468 __DUMMY__ 0.339595158848273 neg 0.3130270563090802	false	0.5
erschreckend	neg 1.0		off 0.3431037268965292 __DUMMY__ 0.3426519350532879 neg 0.31424433805018287	false	0.5
ertrinken	neg 1.0		__DUMMY__ 0.34549008730557407 off 0.3423837190907375 neg 0.31212619360368843	false	0.5
pickelface	off 1.0		__DUMMY__ 0.3429815766172522 off 0.3421308134575863 neg 0.3148876099251615	false	1.0
seiner			__DUMMY__ 0.3449542055352994 off 0.34049721544480915 neg 0.31454857901989147	false	0.0
lauch	neg 1.0		__DUMMY__ 0.3439328312185069 off 0.33616904009167875 neg 0.3198981286898145	false	0.5
unwichtig	neg 1.0		off 0.3494404071523563 __DUMMY__ 0.34103459075802434 neg 0.3095250020896192	false	0.5
steuerhinterziehung	neg 1.0		__DUMMY__ 0.34196450432501296 off 0.34156116823289207 neg 0.3164743274420951	false	0.5
schock	neg 1.0		off 0.3454090618858632 __DUMMY__ 0.34510539596386625 neg 0.30948554215027063	false	0.5
beule	neg 1.0		off 0.3513195891385281 __DUMMY__ 0.34235255797902553 neg 0.30632785288244635	false	0.5
vergelten	neg 1.0		off 0.35476293644155177 __DUMMY__ 0.3422484860875442 neg 0.30298857747090396	false	0.5
verdorbenheit	neg 1.0		off 0.3442797165962057 __DUMMY__ 0.3432809150534128 neg 0.31243936835038133	false	0.5
trauma	neg 1.0		off 0.34571981488509 __DUMMY__ 0.3426305545393503 neg 0.3116496305755596	false	0.5
sinnlos	neg 1.0		off 0.34769580680321005 __DUMMY__ 0.3428255499659982 neg 0.3094786432307918	false	0.5
fettsack	off 1.0	off 1.0	off 0.6669376461171631 neg 0.1683248898533978 __DUMMY__ 0.1647374640294392	false	1.0
feige	off 1.0	off 1.0	off 0.6633541041039155 neg 0.17139067471278802 __DUMMY__ 0.16525522118329652	false	1.0
abdanken	neg 1.0		off 0.3429142904604663 __DUMMY__ 0.34221991773849725 neg 0.31486579180103647	false	0.5
wichtigtuer	off 1.0	off 1.0	off 0.661666254931507 neg 0.1724732585637997 __DUMMY__ 0.16586048650469326	false	1.0
misslingen	neg 1.0		off 0.3477599388277473 __DUMMY__ 0.3452702726921367 neg 0.306969788480116	false	0.5
untreu	off 1.0		off 0.35086068627915423 __DUMMY__ 0.34079146356359324 neg 0.30834785015725263	false	1.0
missmutig	neg 1.0		off 0.350156256570605 __DUMMY__ 0.34178140847337696 neg 0.3080623349560179	false	0.5
hurenbock	off 1.0		off 0.3465101741739541 __DUMMY__ 0.34307131895993337 neg 0.31041850686611255	false	1.0
betrunken	neg 1.0		off 0.353890503142874 __DUMMY__ 0.3421303087672645 neg 0.30397918808986135	false	0.5
korrupt	off 1.0		__DUMMY__ 0.3409668088633026 off 0.3399076038300389 neg 0.31912558730665846	false	1.0
unmut	neg 1.0		__DUMMY__ 0.34475644005698647 off 0.3365371937775672 neg 0.31870636616544634	false	0.5
hackfresse	off 1.0		off 0.35775772802565536 __DUMMY__ 0.3381180999198178 neg 0.3041241720545268	false	1.0
aufblasen	neg 1.0		off 0.3472804853920603 __DUMMY__ 0.3437858241844401 neg 0.30893369042349944	false	0.5
gewaltsam	neg 1.0		off 0.3439464470161437 __DUMMY__ 0.3434519408370979 neg 0.31260161214675836	false	0.5
unbeliebtheit	neg 1.0		off 0.3457724553725992 __DUMMY__ 0.3373783999027268 neg 0.3168491447246741	false	0.5
sturheit	neg 1.0		off 0.3429506856284988 __DUMMY__ 0.3424990924797475 neg 0.3145502218917536	false	0.5
kuh	neg 1.0		off 0.34431905961529824 __DUMMY__ 0.3414503979526767 neg 0.314230542432025	false	0.5
erschrecken	neg 1.0		off 0.3495711313644256 __DUMMY__ 0.342208877579683 neg 0.3082199910558915	false	0.5
opfer	neg 1.0		__DUMMY__ 0.3446884740664134 off 0.341772608407819 neg 0.3135389175257677	false	0.5
sinken	neg 1.0		__DUMMY__ 0.344670588606638 off 0.337157436589562 neg 0.3181719748038001	false	0.5
stinktier	neg 1.0		off 0.3547838469536312 __DUMMY__ 0.33906503260323834 neg 0.3061511204431306	false	0.5
tucke	off 1.0		off 0.3566970772710104 __DUMMY__ 0.33603180522220877 neg 0.30727111750678093	false	1.0
ein			off 0.3460486990027989 __DUMMY__ 0.3433500040431211 neg 0.31060129695408006	false	0.0
abstieg	neg 1.0		__DUMMY__ 0.34605025786772503 off 0.34175537880923024 neg 0.31219436332304473	false	0.5
missverstehen	neg 1.0		off 0.3467798404908985 __DUMMY__ 0.34130356453132316 neg 0.31191659497777824	false	0.5
ergebnislos	neg 1.0		__DUMMY__ 0.34395290878238655 off 0.3398371319312096 neg 0.3162099592864039	false	0.5
unter			__DUMMY__ 0.3485667265919191 off 0.3341367007360524 neg 0.31729657267202843	false	0.0
manipulieren	neg 1.0		__DUMMY__ 0.344135079534459 off 0.33937087032017005 neg 0.3164940501453709	false	0.5
unbewiesen	neg 1.0		off 0.3420613070418124 __DUMMY__ 0.3395863719027167 neg 0.3183523210554709	false	0.5
verschleppen	neg 1.0		__DUMMY__ 0.3438044402194078 off 0.3418171788857523 neg 0.3143783808948397	false	0.5
weib	off 1.0		off 0.35784093586472704 __DUMMY__ 0.3382705003446659 neg 0.30388856379060714	false	1.0
opposition	neg 1.0		off 0.34585742117493473 __DUMMY__ 0.34160694408112413 neg 0.312535634743941	false	0.5
verkehrswidrig	neg 1.0	neg 1.0	neg 0.6358355023212343 off 0.19695214081641205 __DUMMY__ 0.1672123568623537	false	1.0
inkorrekt	neg 1.0		off 0.35061755755492796 __DUMMY__ 0.3386482663434836 neg 0.3107341761015884	false	0.5
vermeiden	neg 1.0		__DUMMY__ 0.3466786223854844 off 0.33552628628598286 neg 0.31779509132853273	false	0.5
abweichung	neg 1.0		__DUMMY__ 0.3430149781150164 off 0.33965565115149193 neg 0.31732937073349166	false	0.5
alkoholisiert	neg 1.0		__DUMMY__ 0.34742466916211834 off 0.3421955128119903 neg 0.3103798180258913	false	0.5
scheiss	off 1.0	off 1.0	off 0.6641988632474922 neg 0.1697481149530244 __DUMMY__ 0.1660530217994834	false	1.0
herausforderung	neg 1.0	neg 1.0	neg 0.6415334043367871 off 0.18916013719611455 __DUMMY__ 0.16930645846709833	false	1.0
pervers	off 1.0		off 0.3612838027350469 __DUMMY__ 0.3374979017655268 neg 0.3012182954994262	false	1.0
wackelig	neg 1.0		__DUMMY__ 0.3456778758156354 off 0.34382480726699965 neg 0.31049731691736493	false	0.5
verwickeln	neg 1.0		off 0.3466570043224435 __DUMMY__ 0.3413218090404475 neg 0.312021186637109	false	0.5
vorwand	neg 1.0		__DUMMY__ 0.34450204489926844 off 0.3386752093341383 neg 0.31682274576659314	false	0.5
muschi	off 1.0		__DUMMY__ 0.3428676473623037 off 0.3425611827421183 neg 0.31457116989557793	false	1.0
entmutigung	neg 1.0		off 0.34511243348455256 __DUMMY__ 0.34121044642241477 neg 0.3136771200930328	false	0.5
unangemessen	neg 1.0		__DUMMY__ 0.3423771796764481 off 0.3417751664839052 neg 0.31584765383964664	false	0.5
unstetig	neg 1.0		off 0.34619854528724675 __DUMMY__ 0.34323253550213306 neg 0.3105689192106201	false	0.5
entmutigen	neg 1.0		off 0.34587278220613893 __DUMMY__ 0.34221870882243605 neg 0.3119085089714249	false	0.5
schwanz	neg 1.0		__DUMMY__ 0.34419029806171525 off 0.33971819393669156 neg 0.3160915080015932	false	0.5
verbot	neg 1.0		__DUMMY__ 0.3421997911654208 off 0.34053730801177584 neg 0.31726290082280323	false	0.5
leid	neg 1.0		off 0.3563300280435234 __DUMMY__ 0.3399865404729285 neg 0.30368343148354815	false	0.5
archaisch	neg 1.0		__DUMMY__ 0.343367128664587 off 0.3424460685434595 neg 0.31418680279195343	false	0.5
gegen			__DUMMY__ 0.34556229683322376 off 0.33862261061407045 neg 0.3158150925527058	false	0.0
scheidung	neg 1.0		off 0.3650459230185522 __DUMMY__ 0.3369132422592846 neg 0.29804083472216325	false	0.5
einschlag	neg 1.0	neg 1.0	neg 0.6391209444075578 off 0.195316053965996 __DUMMY__ 0.1655630016264461	false	1.0
m			__DUMMY__ 0.34422671887472867 off 0.34281463020690117 neg 0.3129586509183702	false	0.0
abgestanden	neg 1.0		off 0.34652476496949614 __DUMMY__ 0.3439283413935115 neg 0.3095468936369923	false	0.5
schmierig	off 1.0		off 0.35589545974593845 __DUMMY__ 0.3402616892896211 neg 0.3038428509644404	false	1.0
unpraktisch	neg 1.0		off 0.3469195744158784 __DUMMY__ 0.34395914234526387 neg 0.30912128323885785	false	0.5
wixxer	off 1.0		off 0.36043103981662916 __DUMMY__ 0.3368350535804992 neg 0.30273390660287147	false	1.0
bezeichnet			off 0.3437236766095171 __DUMMY__ 0.34244132894714485 neg 0.31383499444333823	false	0.0
jammerlappen	off 1.0		off 0.34983183055881906 __DUMMY__ 0.3412622466935216 neg 0.30890592274765927	false	1.0
farce	neg 1.0		__DUMMY__ 0.3414268997237641 off 0.3409171427648879 neg 0.317655957511348	false	0.5
zwecklos	neg 1.0		__DUMMY__ 0.3429038747984688 off 0.34216437907377634 neg 0.3149317461277549	false	0.5
turbulent	neg 1.0		off 0.349507010897731 __DUMMY__ 0.3401272162594079 neg 0.3103657728428611	false	0.5
invasion	neg 1.0		off 0.3475343230165831 __DUMMY__ 0.3425493861853752 neg 0.30991629079804167	false	0.5
schuld	neg 1.0		off 0.34561812573959094 __DUMMY__ 0.3425755498176232 neg 0.31180632444278583	false	0.5
risiko	neg 1.0		off 0.34536738194154276 __DUMMY__ 0.3433735144998419 neg 0.3112591035586154	false	0.5
finster	neg 1.0		off 0.34639576896060825 __DUMMY__ 0.34335758324062776 neg 0.310246647798764	false	0.5
geisteskrank	off 1.0		off 0.3510142964208408 __DUMMY__ 0.3399948486835313 neg 0.308990854895628	false	1.0
zusammenbrechen	neg 1.0		__DUMMY__ 0.34415384688463885 off 0.343876992242788 neg 0.31196916087257326	false	0.5
ausbeute	neg 1.0		__DUMMY__ 0.3451991678930548 off 0.34053694229995535 neg 0.3142638898069898	false	0.5
hinterhalt	neg 1.0		__DUMMY__ 0.3436341841636759 off 0.34274250068731776 neg 0.31362331514900615	false	0.5
kritik	neg 1.0		__DUMMY__ 0.34184638001179807 off 0.34105860295915025 neg 0.31709501702905163	false	0.5
einschrumpfen	neg 1.0		off 0.34607978005885937 __DUMMY__ 0.3398599676510141 neg 0.31406025229012663	false	0.5
riskant	neg 1.0		__DUMMY__ 0.3437542986100313 off 0.34068317996729186 neg 0.3155625214226768	false	0.5
frustrieren	neg 1.0		__DUMMY__ 0.3437841339021944 off 0.3409379783397659 neg 0.3152778877580397	false	0.5
groll	neg 1.0		__DUMMY__ 0.3435847204421187 off 0.3423458723337734 neg 0.3140694072241081	false	0.5
gibt			__DUMMY__ 0.3431612930845487 off 0.34255431278922627 neg 0.3142843941262251	false	0.0
qualvoll	neg 1.0		off 0.3493680435404944 __DUMMY__ 0.3431435053472712 neg 0.3074884511122343	false	0.5
wackeln	neg 1.0	neg 1.0	neg 0.6403156794010465 off 0.19190444065750184 __DUMMY__ 0.1677798799414518	false	1.0
klagen	neg 1.0		__DUMMY__ 0.3443955338658129 off 0.3368389474111635 neg 0.31876551872302367	false	0.5
bankrott	neg 1.0		off 0.34910142073582534 __DUMMY__ 0.3420585519478143 neg 0.3088400273163603	false	0.5
trauern	neg 1.0		__DUMMY__ 0.3451350880455343 off 0.34185038392333306 neg 0.31301452803113267	false	0.5
ablehnung	neg 1.0		__DUMMY__ 0.34182356799721764 off 0.34109583903323004 neg 0.31708059296955243	false	0.5
stur	neg 1.0		off 0.3460294122227656 __DUMMY__ 0.3421294853429832 neg 0.3118411024342511	false	0.5
aufruhr	neg 1.0		off 0.3441114576027818 __DUMMY__ 0.34375824281453987 neg 0.31213029958267835	false	0.5
melancholie	neg 1.0		__DUMMY__ 0.3447484155685431 off 0.34304504467659586 neg 0.3122065397548611	false	0.5
ist			off 0.34657491869434837 __DUMMY__ 0.3423638359393476 neg 0.3110612453663041	false	0.0
torheit	neg 1.0		off 0.3446756589124315 __DUMMY__ 0.34167199325213 neg 0.3136523478354385	false	0.5
dreckskind	off 1.0		off 0.3561873236366882 __DUMMY__ 0.33863938726518644 neg 0.30517328909812547	false	1.0
umtauschen	neg 1.0		off 0.34463725668962075 __DUMMY__ 0.3434794667487093 neg 0.31188327656167003	false	0.5
zum			__DUMMY__ 0.34832121692554746 off 0.337010894974262 neg 0.3146678881001904	false	0.0
zersetzen	neg 1.0		__DUMMY__ 0.343549879065554 off 0.3387761526759419 neg 0.31767396825850414	false	0.5
zur			__DUMMY__ 0.34664833836653886 off 0.33474357193920434 neg 0.3186080896942567	false	0.0
frust	neg 1.0		__DUMMY__ 0.3439754883014854 off 0.34349423455763184 neg 0.31253027714088283	false	0.5
unerbittlichkeit	neg 1.0		__DUMMY__ 0.34359095180110344 off 0.3389441715030537 neg 0.31746487669584295	false	0.5
zwei			__DUMMY__ 0.3472052356432572 off 0.33884722320491145 neg 0.3139475411518314	false	0.0
unkorrekt	neg 1.0		off 0.35090714203743845 __DUMMY__ 0.33813862413054796 neg 0.31095423383201376	false	0.5
hexe	off 1.0		off 0.3499262965939139 __DUMMY__ 0.34035872778393816 neg 0.309714975622148	false	1.0
lasch	neg 1.0		off 0.34727992508214206 __DUMMY__ 0.34015489728001724 neg 0.31256517763784075	false	0.5
rivale	neg 1.0		off 0.3535341717023041 __DUMMY__ 0.34148425164417917 neg 0.3049815766535168	false	0.5
mutlos	off 1.0	off 1.0	off 0.6577372017738742 neg 0.17574138245620635 __DUMMY__ 0.16652141576991938	false	1.0
wirr	off 1.0		off 0.35164166759804977 __DUMMY__ 0.33855098478186246 neg 0.3098073476200877	false	1.0
jahr			__DUMMY__ 0.34606111656624067 off 0.3401406079444427 neg 0.3137982754893167	false	0.0
wird			__DUMMY__ 0.34388858635622993 off 0.3414394734162388 neg 0.3146719402275312	false	0.0
strafbar	neg 1.0		__DUMMY__ 0.3431349978188113 off 0.3402746057682769 neg 0.3165903964129118	false	0.5
erosion	neg 1.0		off 0.3461180799428824 __DUMMY__ 0.34374581042011837 neg 0.3101361096369991	false	0.5
eingehen	neg 1.0		__DUMMY__ 0.3425997630880085 off 0.34098019190656303 neg 0.3164200450054284	false	0.5
faul	off 1.0		off 0.34997520772573343 __DUMMY__ 0.34256747880786403 neg 0.30745731346640254	false	1.0
provisorium	neg 1.0		__DUMMY__ 0.34790394121072693 off 0.3332785922096045 neg 0.31881746657966853	false	0.5
schmerzen	neg 1.0		off 0.3451636508350282 __DUMMY__ 0.34349653655664003 neg 0.31133981260833177	false	0.5
schrumpfen	neg 1.0		__DUMMY__ 0.3452195678311143 off 0.33414208789350336 neg 0.32063834427538235	false	0.5
geistlos	off 1.0		off 0.3453454257365795 __DUMMY__ 0.3395517495832463 neg 0.31510282468017425	false	1.0
fehlkauf	neg 1.0		off 0.3462792272363018 __DUMMY__ 0.34207791887017586 neg 0.3116428538935222	false	0.5
frustrierend	neg 1.0		off 0.34952987391574386 __DUMMY__ 0.3424380299214936 neg 0.3080320961627625	false	0.5
unzufrieden	neg 1.0		__DUMMY__ 0.34276509132960564 off 0.34184387613368133 neg 0.315391032536713	false	0.5
verzweifeln	neg 1.0		off 0.3444084789317738 __DUMMY__ 0.3432910753781147 neg 0.31230044569011156	false	0.5
verzweifelt	neg 1.0		off 0.3463017853439255 __DUMMY__ 0.3423309238308919 neg 0.31136729082518266	false	0.5
misstrauensantrag	neg 1.0		off 0.34692727604563267 __DUMMY__ 0.3419151509817676 neg 0.31115757297259955	false	0.5
abfallen	neg 1.0		off 0.3472643058751027 __DUMMY__ 0.3439512688651557 neg 0.3087844252597416	false	0.5
fucker	off 1.0		off 0.3515171074845647 __DUMMY__ 0.34003838278203663 neg 0.3084445097333987	false	1.0
ungezogen	neg 1.0		off 0.35987113140349464 __DUMMY__ 0.33841506163803975 neg 0.30171380695846556	false	0.5
irrsinnig	neg 1.0	neg 1.0	neg 0.6428592019318071 off 0.19096675266582988 __DUMMY__ 0.1661740454023629	false	1.0
unfassbar	neg 1.0		off 0.3501645104342332 __DUMMY__ 0.3405433931845373 neg 0.30929209638122945	false	0.5
hart	neg 1.0		off 0.3484310287363283 __DUMMY__ 0.3417848819830122 neg 0.3097840892806595	false	0.5
widerlich	off 1.0		off 0.35083865676801734 __DUMMY__ 0.33988357271191527 neg 0.3092777705200674	false	1.0
fatal	neg 1.0		off 0.3466473515989398 __DUMMY__ 0.34210206919680847 neg 0.3112505792042518	false	0.5
bruch	neg 1.0		__DUMMY__ 0.34490386241689897 off 0.33759563408478743 neg 0.3175005034983135	false	0.5
aushungern	neg 1.0		off 0.3425137703817963 __DUMMY__ 0.3421105837643112 neg 0.31537564585389266	false	0.5
anspannung	neg 1.0	neg 1.0	neg 0.642600128574691 off 0.18702589310427498 __DUMMY__ 0.17037397832103401	false	1.0
von			__DUMMY__ 0.34610247499347585 off 0.33931105619092483 neg 0.31458646881559943	false	0.0
kraftlos	neg 1.0		__DUMMY__ 0.3454575664879306 off 0.34416548683539755 neg 0.31037694667667176	false	0.5
vom			__DUMMY__ 0.34874663781695614 off 0.3347665204504216 neg 0.31648684173262226	false	0.0
grenzdebil	off 1.0		off 0.3517283800349324 __DUMMY__ 0.34084050815139916 neg 0.30743111181366845	false	1.0
vor			__DUMMY__ 0.34550245882180963 off 0.33949707603787255 neg 0.3150004651403178	false	0.0
unterwerfen	neg 1.0		__DUMMY__ 0.34373781117441904 off 0.3405724224871475 neg 0.3156897663384336	false	0.5
versenkung	neg 1.0		__DUMMY__ 0.34411988730674126 off 0.3405170720419685 neg 0.3153630406512902	false	0.5
entziehen	neg 1.0		__DUMMY__ 0.3446986160993059 off 0.3379317323185225 neg 0.3173696515821716	false	0.5
finanzkrise	neg 1.0		off 0.3424043378753731 __DUMMY__ 0.34174602350259364 neg 0.31584963862203325	false	0.5
schimpfend	neg 1.0		off 0.34726862802644676 __DUMMY__ 0.34428453559071903 neg 0.30844683638283416	false	0.5
profan	neg 1.0		off 0.3477524017972299 __DUMMY__ 0.3419617624969924 neg 0.31028583570577767	false	0.5
korruption	neg 1.0		__DUMMY__ 0.3420393494208661 off 0.340349840467629 neg 0.31761081011150494	false	0.5
â			__DUMMY__ 0.34425109909624463 off 0.3414910523770854 neg 0.31425784852666994	false	0.0
schmutzig	neg 1.0		off 0.3518368329793831 __DUMMY__ 0.3418205930965451 neg 0.3063425739240718	false	0.5
sexy	neg 1.0		off 0.3485132126311079 __DUMMY__ 0.34200624242467215 neg 0.30948054494422006	false	0.5
abraten	neg 1.0		off 0.34656726917327313 __DUMMY__ 0.3421066084220594 neg 0.3113261224046674	false	0.5
schwarz	neg 1.0		off 0.3458351397148171 __DUMMY__ 0.34202715670018496 neg 0.312137703584998	false	0.5
fotze	off 1.0		__DUMMY__ 0.3433956659908051 off 0.3402946661658884 neg 0.3163096678433066	false	1.0
verwirren	neg 1.0		off 0.3479244703955311 __DUMMY__ 0.34186617804007813 neg 0.3102093515643908	false	0.5
zahnlos	off 1.0		__DUMMY__ 0.3426682537304942 off 0.34180380244032005 neg 0.31552794382918586	false	1.0
verheeren	neg 1.0		off 0.3614144492204536 __DUMMY__ 0.3389496015578173 neg 0.2996359492217292	false	0.5
hippie	neg 1.0		off 0.3477405593830661 __DUMMY__ 0.34185218854824245 neg 0.31040725206869146	false	0.5
rammen	neg 1.0		off 0.3462822652015419 __DUMMY__ 0.3433426819121663 neg 0.3103750528862918	false	0.5
unlauter	neg 1.0		off 0.3426560604703006 __DUMMY__ 0.3396373381610055 neg 0.3177066013686939	false	0.5
unheilvoll	neg 1.0		off 0.3483526028608015 __DUMMY__ 0.34359326823165526 neg 0.30805412890754336	false	0.5
niedrig	neg 1.0		__DUMMY__ 0.34524474852049014 off 0.3407929856490246 neg 0.31396226583048525	false	0.5
explosion	neg 1.0		off 0.3470655649279667 __DUMMY__ 0.34183750160555576 neg 0.31109693346647754	false	0.5
weichei	off 1.0		off 0.35646925738832624 __DUMMY__ 0.33883397286705047 neg 0.3046967697446232	false	1.0
minusmensch	off 1.0		off 0.35805715628619406 __DUMMY__ 0.3352898502168969 neg 0.306652993496909	false	1.0
farblos	neg 1.0		__DUMMY__ 0.3455387944915446 off 0.3454856091831995 neg 0.3089755963252557	false	0.5
unwissend	neg 1.0	neg 1.0	neg 0.6413676911637896 off 0.19331920370202452 __DUMMY__ 0.16531310513418607	false	1.0
traurig	neg 1.0		off 0.35378324022064433 __DUMMY__ 0.3403481457474439 neg 0.3058686140319118	false	0.5
senkung	neg 1.0		off 0.34612517138609034 __DUMMY__ 0.340269871606688 neg 0.31360495700722163	false	0.5
ungleich	neg 1.0	neg 1.0	neg 0.645777758645551 off 0.1875717995805065 __DUMMY__ 0.16665044177394253	false	1.0
heikel	neg 1.0		__DUMMY__ 0.3434290949868752 off 0.33888311604109084 neg 0.317687788972034	false	0.5
drosselung	neg 1.0		off 0.3512203656300166 __DUMMY__ 0.341046186220658 neg 0.30773344814932546	false	0.5
falsch	neg 1.0		off 0.3492838220833757 __DUMMY__ 0.3417233407507357 neg 0.3089928371658886	false	0.5
unzufriedenheit	neg 1.0		__DUMMY__ 0.34396943174174566 off 0.3385671447647567 neg 0.31746342349349765	false	0.5
kurz	neg 1.0		__DUMMY__ 0.3446669116921085 off 0.3440843255211733 neg 0.31124876278671804	false	0.5
unsinnig	neg 1.0		__DUMMY__ 0.3419521825521528 off 0.3418720591899954 neg 0.3161757582578517	false	0.5
penner	off 1.0	off 1.0	off 0.6682742777704673 neg 0.16751721983965015 __DUMMY__ 0.16420850238988252	false	1.0
seicht	neg 1.0		off 0.35831293037648754 __DUMMY__ 0.33673980058662545 neg 0.30494726903688696	false	0.5
dummheit	off 1.0	off 1.0	off 0.6618617547291535 neg 0.1723627282226971 __DUMMY__ 0.16577551704814933	false	1.0
unerfreulich	neg 1.0		__DUMMY__ 0.3448093520221074 off 0.3388296328296432 neg 0.3163610151482494	false	0.5
motherfucker	off 1.0	off 1.0	off 0.6642209436057108 neg 0.17081865065896878 __DUMMY__ 0.16496040573532042	false	1.0
pikiert	neg 1.0		off 0.34959471155272903 __DUMMY__ 0.34006451113824065 neg 0.3103407773090303	false	0.5
wrack	neg 1.0		__DUMMY__ 0.34493593319028537 off 0.3411668553454814 neg 0.3138972114642333	false	0.5
gangster	neg 1.0		off 0.34753992589252386 __DUMMY__ 0.34219036443288275 neg 0.3102697096745934	false	0.5
krank	neg 1.0		off 0.3527135662022799 __DUMMY__ 0.3416801630448322 neg 0.30560627075288804	false	0.5
reich	neg 1.0		off 0.347638634997226 __DUMMY__ 0.3397041106719966 neg 0.3126572543307774	false	0.5
gnadenlos	neg 1.0		off 0.34582075497019404 __DUMMY__ 0.34281684140033764 neg 0.31136240362946815	false	0.5
niedergeschlagen	neg 1.0		__DUMMY__ 0.34482847034688124 off 0.34465396759902767 neg 0.31051756205409115	false	0.5
terrorisieren	off 1.0	off 1.0	off 0.6587391161081411 neg 0.17385484897336284 __DUMMY__ 0.16740603491849612	false	1.0
sinnlosigkeit	neg 1.0		__DUMMY__ 0.34298265631710617 off 0.3422342468202792 neg 0.3147830968626145	false	0.5
behindern	neg 1.0		off 0.34339183239414905 __DUMMY__ 0.34256347367576045 neg 0.3140446939300906	false	0.5
undemokratisch	neg 1.0		off 0.3438674948115655 __DUMMY__ 0.3407085884415496 neg 0.31542391674688486	false	0.5
wirtschaftskrise	neg 1.0		__DUMMY__ 0.34282318747442625 off 0.34035398013250623 neg 0.3168228323930677	false	0.5
neid	neg 1.0		off 0.35100278206951174 __DUMMY__ 0.34291678904904943 neg 0.3060804288814388	false	0.5
rutschen	neg 1.0		__DUMMY__ 0.3476220295450342 off 0.33915522483148397 neg 0.3132227456234819	false	0.5
rezession	neg 1.0		off 0.3535316158051737 __DUMMY__ 0.3387982603095351 neg 0.30767012388529125	false	0.5
fehlgeburt	neg 1.0		off 0.3482704073716558 __DUMMY__ 0.34389360422584836 neg 0.3078359884024958	false	0.5
charakterschwach	off 1.0		off 0.3510132592505873 __DUMMY__ 0.3406512959350637 neg 0.30833544481434894	false	1.0
isolation	neg 1.0		off 0.34930917821581914 __DUMMY__ 0.342232340852129 neg 0.3084584809320518	false	0.5
ablenkung	neg 1.0		off 0.34528047266728734 __DUMMY__ 0.343066400330795 neg 0.3116531270019176	false	0.5
pech	neg 1.0		off 0.34933474744041243 __DUMMY__ 0.3422683886516703 neg 0.30839686390791726	false	0.5
vermeidung	neg 1.0		off 0.3505683060718325 __DUMMY__ 0.33982051936912655 neg 0.309611174559041	false	0.5
dominieren	neg 1.0		__DUMMY__ 0.3453708268532229 off 0.34231980259993633 neg 0.3123093705468408	false	0.5
schwindlig	neg 1.0		off 0.3494980707718667 __DUMMY__ 0.34460662321435176 neg 0.3058953060137817	false	0.5
lutscher	neg 1.0		off 0.3592994291930394 __DUMMY__ 0.33687838537246045 neg 0.30382218543449996	false	0.5
pflicht	neg 1.0		__DUMMY__ 0.34362437417475167 off 0.33882131419062417 neg 0.3175543116346243	false	0.5
faschist	off 1.0		off 0.3461496811381748 __DUMMY__ 0.3400673127430517 neg 0.3137830061187735	false	1.0
verschleudern	neg 1.0		__DUMMY__ 0.3413075704094101 off 0.33810098474487676 neg 0.320591444845713	false	0.5
wenn			off 0.3494559512529296 __DUMMY__ 0.3415973863192198 neg 0.30894666242785074	false	0.0
ehebruch	neg 1.0		__DUMMY__ 0.3435062927971312 off 0.3411232239283679 neg 0.31537048327450096	false	0.5
spott	off 1.0		__DUMMY__ 0.3428712513370838 off 0.33987158899985664 neg 0.31725715966305973	false	1.0
trostlosigkeit	neg 1.0		__DUMMY__ 0.3448669746214483 off 0.33842873070850193 neg 0.3167042946700498	false	0.5
lutschen	neg 1.0		off 0.34691223437398844 __DUMMY__ 0.3415394935496045 neg 0.31154827207640706	false	0.5
undiszipliniert	neg 1.0		off 0.35323277241121376 __DUMMY__ 0.3409751804969909 neg 0.3057920470917954	false	0.5
kopfschmerz	neg 1.0		__DUMMY__ 0.3449123369682668 off 0.34460755259085335 neg 0.3104801104408799	false	0.5
unvorhergesehen	neg 1.0		__DUMMY__ 0.3461373661582099 off 0.3425867715116214 neg 0.31127586233016874	false	0.5
desinteressiert	neg 1.0		off 0.35220026347009226 __DUMMY__ 0.33998571463482524 neg 0.30781402189508256	false	0.5
armselig	off 1.0		off 0.35241681159348154 __DUMMY__ 0.3387573780683557 neg 0.30882581033816264	false	1.0
desaster	neg 1.0		__DUMMY__ 0.34414597653840767 off 0.33620292899845106 neg 0.3196510944631413	false	0.5
tod	neg 1.0		__DUMMY__ 0.34520830581920675 off 0.34247211516668336 neg 0.3123195790141097	false	0.5
herzlos	neg 1.0		off 0.3537114197893929 __DUMMY__ 0.3395216627719788 neg 0.3067669174386283	false	0.5
unwissenheit	neg 1.0		__DUMMY__ 0.3418897886806945 off 0.34100344466396904 neg 0.3171067666553364	false	0.5
widersinnig	neg 1.0	neg 1.0	neg 0.6464683369685691 off 0.18813602050266806 __DUMMY__ 0.16539564252876277	false	1.0
bedenklich	neg 1.0		__DUMMY__ 0.3430330581455356 off 0.34040489082261965 neg 0.31656205103184487	false	0.5
beanstanden	neg 1.0		__DUMMY__ 0.34388748744593 off 0.3382318178085375 neg 0.31788069474553254	false	0.5
panisch	neg 1.0	neg 1.0	neg 0.6388423146235604 off 0.19339831399139265 __DUMMY__ 0.16775937138504685	false	1.0
debil	off 1.0		__DUMMY__ 0.34617500235857807 off 0.33384923996212473 neg 0.31997575767929726	false	1.0
abstrich	neg 1.0		__DUMMY__ 0.3427487131636117 off 0.34077009369939065 neg 0.3164811931369976	false	0.5
primitiv	neg 1.0		off 0.3514083293265386 __DUMMY__ 0.33991811440709424 neg 0.3086735562663672	false	0.5
abschaum	off 1.0	off 1.0	off 0.6631660031651859 neg 0.17133518339645987 __DUMMY__ 0.1654988134383542	false	1.0
provozieren	neg 1.0		off 0.34510225512656084 __DUMMY__ 0.34219935809383706 neg 0.31269838677960204	false	0.5
tot	neg 1.0		__DUMMY__ 0.3426880594310548 off 0.3396037443872317 neg 0.3177081961817136	false	0.5
instabil	neg 1.0		off 0.34972545660352483 __DUMMY__ 0.33822152009205914 neg 0.31205302330441603	false	0.5
schwuchtel	off 1.0		off 0.36406184580453305 __DUMMY__ 0.3356071805158844 neg 0.30033097367958256	false	1.0
zerren	neg 1.0		__DUMMY__ 0.344784266142496 off 0.3447066319031232 neg 0.31050910195438086	false	0.5
kinderficker	off 1.0		off 0.3543554705780933 __DUMMY__ 0.3373486366270129 neg 0.3082958927948938	false	1.0
gefahr	neg 1.0		__DUMMY__ 0.34480558103299624 off 0.33941734984389166 neg 0.315777069123112	false	0.5
rabiat	neg 1.0		off 0.3444559733294728 __DUMMY__ 0.3424235436199138 neg 0.3131204830506133	false	0.5
verlangsamung	neg 1.0		off 0.3576894368893186 __DUMMY__ 0.3386084855257396 neg 0.3037020775849419	false	0.5
ausgestorben	neg 1.0		off 0.34485299720729484 __DUMMY__ 0.34392146360650266 neg 0.3112255391862026	false	0.5
anklagen	neg 1.0		__DUMMY__ 0.34294745644643265 off 0.34250991635598477 neg 0.3145426271975827	false	0.5
trott	neg 1.0		off 0.3443167772130645 __DUMMY__ 0.34340326678694716 neg 0.3122799559999885	false	0.5
verminderung	neg 1.0		off 0.35124023688507716 __DUMMY__ 0.33942735067712626 neg 0.30933241243779663	false	0.5
nach			__DUMMY__ 0.3490044074825909 off 0.3381530485595658 neg 0.31284254395784333	false	0.0
rost	neg 1.0		off 0.3566771585290443 __DUMMY__ 0.33932770005843876 neg 0.30399514141251693	false	0.5
destruktiv	neg 1.0		off 0.3427994452391919 __DUMMY__ 0.34119340555221567 neg 0.3160071492085924	false	0.5
unzumutbarkeit	neg 1.0		off 0.3498561087704229 __DUMMY__ 0.34166578939179004 neg 0.308478101837787	false	0.5
labil	off 1.0	off 1.0	off 0.6631098246789993 neg 0.1713515414940778 __DUMMY__ 0.16553863382692288	false	1.0
ziemlich	neg 1.0		off 0.35146267513684226 __DUMMY__ 0.3414584810863719 neg 0.30707884377678585	false	0.5
lachnummer	off 1.0		off 0.34360868214403245 __DUMMY__ 0.3418983307905213 neg 0.3144929870654462	false	1.0
oder			off 0.34561910747001134 __DUMMY__ 0.3435124036709314 neg 0.31086848885905727	false	0.0
verfall	neg 1.0		__DUMMY__ 0.3454394463972997 off 0.33436025706352607 neg 0.3202002965391743	false	0.5
ausgrenzung	neg 1.0		off 0.3450900441286331 __DUMMY__ 0.3410019824541131 neg 0.31390797341725385	false	0.5
unordnung	neg 1.0		off 0.3506662485314328 __DUMMY__ 0.3414100941140699 neg 0.30792365735449717	false	0.5
fehlverhalten	neg 1.0		__DUMMY__ 0.3435537325554809 off 0.33918248394185674 neg 0.31726378350266243	false	0.5
eine			__DUMMY__ 0.3445440375332268 off 0.3391650483921815 neg 0.31629091407459164	false	0.0
nille	neg 1.0		off 0.3432896729956863 __DUMMY__ 0.34306447579552446 neg 0.3136458512087893	false	0.5
qual	neg 1.0		off 0.3440430571623407 __DUMMY__ 0.34336628592373425 neg 0.3125906569139251	false	0.5
verschwenden	neg 1.0		__DUMMY__ 0.343285918020783 off 0.34124740948215104 neg 0.31546667249706595	false	0.5
riesig	neg 1.0	neg 1.0	neg 0.6424077022807472 off 0.1893876522817324 __DUMMY__ 0.16820464543752037	false	1.0
verurteilen	neg 1.0		__DUMMY__ 0.34302883304053045 off 0.34198033931265187 neg 0.3149908276468176	false	0.5
klischee	neg 1.0	neg 1.0	neg 0.6424248696666995 off 0.19219202520639386 __DUMMY__ 0.16538310512690665	false	1.0
diktatorisch	neg 1.0		off 0.34417259904957115 __DUMMY__ 0.34019312587371675 neg 0.315634275076712	false	0.5
vorhersehbar	neg 1.0	neg 1.0	neg 0.6421287301489157 off 0.19205485426184307 __DUMMY__ 0.16581641558924118	false	1.0
sowie			off 0.3554403438709109 __DUMMY__ 0.338676262504575 neg 0.3058833936245141	false	0.0
stornieren	neg 1.0		off 0.34718462074096607 __DUMMY__ 0.34479750053645536 neg 0.3080178787225784	false	0.5
besteuerung	neg 1.0		off 0.34361041843240925 __DUMMY__ 0.34057247770651367 neg 0.31581710386107703	false	0.5
ungeschminkt	neg 1.0		off 0.35085442871028794 __DUMMY__ 0.34031471026315185 neg 0.3088308610265602	false	0.5
kritisch	neg 1.0		__DUMMY__ 0.342911763076006 off 0.3400112575720085 neg 0.3170769793519855	false	0.5
schlamperei	off 1.0		__DUMMY__ 0.3429064690519894 off 0.33863947184416443 neg 0.3184540591038461	false	1.0
sucht	neg 1.0	neg 1.0	neg 0.6416481646197629 off 0.1909929390844659 __DUMMY__ 0.1673588962957712	false	1.0
egoistisch	off 1.0		off 0.3565703018884288 __DUMMY__ 0.3391546698178725 neg 0.30427502829369857	false	1.0
ausbeuter	off 1.0		__DUMMY__ 0.34282700696343915 off 0.3384204509137458 neg 0.3187525421228149	false	1.0
arschgeburt	off 1.0		off 0.3638788153123203 __DUMMY__ 0.3352032232983641 neg 0.3009179613893156	false	1.0
schubs	neg 1.0	neg 1.0	neg 0.6416935684272186 off 0.19016731123551386 __DUMMY__ 0.16813912033726758	false	1.0
unsolide	neg 1.0		off 0.3433167402558985 __DUMMY__ 0.3383394731704106 neg 0.3183437865736911	false	0.5
beschwerde	neg 1.0		__DUMMY__ 0.3430885920524203 off 0.33906986975746206 neg 0.3178415381901176	false	0.5
stocken	neg 1.0		__DUMMY__ 0.3441607151546317 off 0.34074064715162666 neg 0.3150986376937417	false	0.5
isolieren	neg 1.0		__DUMMY__ 0.34349299700479713 off 0.341699722286683 neg 0.3148072807085199	false	0.5
unheilbar	neg 1.0		off 0.3466102443031703 __DUMMY__ 0.344302268652357 neg 0.30908748704447275	false	0.5
pisser	off 1.0		off 0.3525899147060158 __DUMMY__ 0.3408783349257188 neg 0.30653175036826524	false	1.0
löschen	neg 1.0		off 0.3446762482344098 __DUMMY__ 0.3430937526552964 neg 0.31222999911029387	false	0.5
durchfallen	neg 1.0		__DUMMY__ 0.34224418927485745 off 0.3412126881723462 neg 0.3165431225527963	false	0.5
wichser	off 1.0		off 0.3615064204537442 __DUMMY__ 0.3376410385564904 neg 0.3008525409897654	false	1.0
terror	neg 1.0		off 0.34825192980427694 __DUMMY__ 0.34291298119833064 neg 0.30883508899739226	false	0.5
krass	neg 1.0		off 0.35429201695657586 __DUMMY__ 0.33943130276329914 neg 0.306276680280125	false	0.5
revolte	neg 1.0		off 0.3458268427914706 __DUMMY__ 0.3409436432799218 neg 0.3132295139286076	false	0.5
besorgt	neg 1.0		__DUMMY__ 0.3452715595827909 off 0.34399861808661947 neg 0.31072982233058977	false	0.5
nachlassen	neg 1.0		__DUMMY__ 0.3444180954913216 off 0.3405283222144616 neg 0.3150535822942167	false	0.5
alt	neg 1.0		__DUMMY__ 0.3441789154565787 off 0.34173611873773324 neg 0.3140849658056881	false	0.5
hundesohn	off 1.0		off 0.35873459799143226 __DUMMY__ 0.33691451392956856 neg 0.3043508880789991	false	1.0
als			__DUMMY__ 0.3442814351243676 off 0.3434442417269444 neg 0.312274323148688	false	0.0
abschreckung	neg 1.0		__DUMMY__ 0.3446437797491806 off 0.33822502095761786 neg 0.3171311992932016	false	0.5
unqualifiziert	neg 1.0		off 0.34614461688043435 __DUMMY__ 0.33932374293268963 neg 0.314531640186876	false	0.5
abgewichst	off 1.0		__DUMMY__ 0.3434335462895699 off 0.3427972396827736 neg 0.31376921402765634	false	1.0
schwer	neg 1.0		off 0.34503385665860387 __DUMMY__ 0.34338869796957916 neg 0.3115774453718169	false	0.5
bedeutungslosigkeit	neg 1.0		__DUMMY__ 0.34396188724471793 off 0.3388320103569931 neg 0.317206102398289	false	0.5
kapitulation	neg 1.0		__DUMMY__ 0.3423970890537277 off 0.3393851007218566 neg 0.3182178102244158	false	0.5
unscharf	neg 1.0		off 0.34702418966832393 __DUMMY__ 0.3417638743041354 neg 0.3112119360275406	false	0.5
schwinden	neg 1.0		__DUMMY__ 0.3444659568926648 off 0.3391348553906841 neg 0.31639918771665104	false	0.5
versklavung	neg 1.0		off 0.3441162109752151 __DUMMY__ 0.34066662175507073 neg 0.31521716726971416	false	0.5
schlecht	neg 1.0		off 0.35171752605347334 __DUMMY__ 0.3416275645974069 neg 0.30665490934911965	false	0.5
verhasst	neg 1.0		off 0.3455727042946979 __DUMMY__ 0.342172356792312 neg 0.31225493891299017	false	0.5
beschweren	neg 1.0		off 0.3467777830172363 __DUMMY__ 0.3423402877956356 neg 0.31088192918712804	false	0.5
scheiden	neg 1.0		off 0.3465157491574461 __DUMMY__ 0.344643635139617 neg 0.308840615702937	false	0.5
frustriert	neg 1.0		off 0.3437052779557746 __DUMMY__ 0.34346103368794906 neg 0.3128336883562763	false	0.5
schimmelig	neg 1.0		__DUMMY__ 0.3447537055381307 off 0.3413695765025956 neg 0.3138767179592738	false	0.5
fisch	neg 1.0		__DUMMY__ 0.34579422476381105 off 0.3404439919102103 neg 0.3137617833259786	false	0.5
schmuggel	neg 1.0		__DUMMY__ 0.3464156540088203 off 0.3408249457213023 neg 0.3127594002698773	false	0.5
auffallen	neg 1.0		off 0.34755629702736573 __DUMMY__ 0.34220800760700715 neg 0.3102356953656272	false	0.5
konkurrenz	neg 1.0	neg 1.0	neg 0.6453170039560057 off 0.18685447777547406 __DUMMY__ 0.16782851826852033	false	1.0
teufelskreis	neg 1.0		off 0.3442095908007585 __DUMMY__ 0.3432248575474774 neg 0.3125655516517641	false	0.5
aufschreien	neg 1.0		off 0.3469282643620911 __DUMMY__ 0.3416028489907845 neg 0.3114688866471245	false	0.5
schuldner	neg 1.0		__DUMMY__ 0.34415261372396233 off 0.3391497067531545 neg 0.3166976795228832	false	0.5
missgeburt	off 1.0	off 1.0	off 0.6666483612702621 neg 0.16888785992508254 __DUMMY__ 0.16446377880465546	false	1.0
arbeitslos	neg 1.0		__DUMMY__ 0.3423703624929162 off 0.34163499963662103 neg 0.3159946378704628	false	0.5
befallen	neg 1.0		__DUMMY__ 0.34342084276371637 off 0.34308303369175447 neg 0.31349612354452927	false	0.5
miesepetrig	off 1.0	off 1.0	off 0.6644634230343053 neg 0.16945352967306104 __DUMMY__ 0.16608304729263368	false	1.0
alarmieren	neg 1.0		off 0.34874369239696684 __DUMMY__ 0.34067935930833 neg 0.3105769482947031	false	0.5
ungeduscht	off 1.0		off 0.3492629515763286 __DUMMY__ 0.34242804034589436 neg 0.3083090080777772	false	1.0
knappheit	neg 1.0		__DUMMY__ 0.34241385019766957 off 0.33951101921610977 neg 0.31807513058622067	false	0.5
schlange	neg 1.0		off 0.34800901284336583 __DUMMY__ 0.34399783354461166 neg 0.30799315361202245	false	0.5
harsch	neg 1.0		off 0.35592099640450237 __DUMMY__ 0.3406616913309262 neg 0.30341731226457136	false	0.5
lang	neg 1.0		off 0.3453230590851564 __DUMMY__ 0.3431848016649704 neg 0.31149213924987323	false	0.5
ziellos	neg 1.0		__DUMMY__ 0.34500011771514383 off 0.3432530951287526 neg 0.3117467871561035	false	0.5
selbstverliebt	neg 1.0		off 0.36129032806960715 __DUMMY__ 0.33596841258143584 neg 0.30274125934895696	false	0.5
beseitigen	neg 1.0		off 0.3434980664186256 __DUMMY__ 0.3430557385801424 neg 0.31344619500123194	false	0.5
dumm	off 1.0		off 0.3570176511147571 __DUMMY__ 0.3381522855109998 neg 0.30483006337424295	false	1.0
arbeitsloser	neg 1.0		__DUMMY__ 0.3437774066958001 off 0.341630638731954 neg 0.3145919545722461	false	0.5
blitzen	neg 1.0		off 0.3481579120930087 __DUMMY__ 0.3420755992979364 neg 0.3097664886090549	false	0.5
hilflos	neg 1.0		__DUMMY__ 0.3439336619545074 off 0.343530619291219 neg 0.31253571875427355	false	0.5
eklig	off 1.0		off 0.35836455679818385 __DUMMY__ 0.3387043636180419 neg 0.3029310795837742	false	1.0
begriff			off 0.3426843388039056 __DUMMY__ 0.3423204529277796 neg 0.3149952082683149	false	0.0
hungersnot	neg 1.0		__DUMMY__ 0.3440303230517017 off 0.3432965647267693 neg 0.3126731122215291	false	0.5
ungesetzlich	neg 1.0		off 0.34408684627621344 __DUMMY__ 0.33900315973522327 neg 0.31690999398856345	false	0.5
verschwendung	neg 1.0		__DUMMY__ 0.3439920934641748 off 0.3401938628212907 neg 0.3158140437145345	false	0.5
schmerzvoll	neg 1.0		off 0.34702682285932335 __DUMMY__ 0.34269896093256313 neg 0.3102742162081136	false	0.5
vorzeitig	neg 1.0		off 0.34904759143540637 __DUMMY__ 0.3431879177243434 neg 0.3077644908402502	false	0.5
unvollkommenheit	neg 1.0		__DUMMY__ 0.34637018345106607 off 0.3444725882777012 neg 0.30915722827123276	false	0.5
intervenieren	neg 1.0		__DUMMY__ 0.3426189987855974 off 0.338621050314451 neg 0.3187599508999515	false	0.5
banause	off 1.0		off 0.35952918460026606 __DUMMY__ 0.33691974824556997 neg 0.30355106715416413	false	1.0
rebell	neg 1.0		__DUMMY__ 0.3449636166958454 off 0.3366468628472607 neg 0.31838952045689395	false	0.5
unlogisch	neg 1.0		off 0.3534276722209212 __DUMMY__ 0.33966717595944507 neg 0.3069051518196338	false	0.5
leiden	neg 1.0		__DUMMY__ 0.3469539947759496 off 0.34196219488137375 neg 0.3110838103426767	false	0.5
abschaffung	neg 1.0		off 0.3435099026478632 __DUMMY__ 0.3407616180100334 neg 0.31572847934210335	false	0.5
sturz	neg 1.0		off 0.34546746911020565 __DUMMY__ 0.3439476191798884 neg 0.3105849117099061	false	0.5
verkleinerung	neg 1.0		off 0.3460316334287239 __DUMMY__ 0.33975177059889095 neg 0.3142165959723852	false	0.5
schmarotzer	off 1.0		__DUMMY__ 0.3419850068401888 off 0.341151001724378 neg 0.316863991435433	false	1.0
bestrafung	neg 1.0		off 0.34605914998319287 __DUMMY__ 0.3422793518105962 neg 0.3116614982062109	false	0.5
achtlos	neg 1.0		off 0.3454791243241121 __DUMMY__ 0.34402229412789526 neg 0.31049858154799254	false	0.5
ungeheuer	neg 1.0		off 0.3482141200542511 __DUMMY__ 0.34217446093762716 neg 0.30961141900812184	false	0.5
unaufrichtig	neg 1.0		off 0.3463444996368207 __DUMMY__ 0.3412878707485779 neg 0.3123676296146015	false	0.5
groggy	neg 1.0		off 0.34720998220421073 __DUMMY__ 0.34168059568200304 neg 0.3111094221137862	false	0.5
verletzlich	neg 1.0		off 0.35249422571259087 __DUMMY__ 0.3406648036780548 neg 0.30684097060935445	false	0.5
ablehnen	neg 1.0		__DUMMY__ 0.34291040449817767 off 0.34078394511116034 neg 0.316305650390662	false	0.5
