unsolidarisch	neg 1.0		off 0.4965266077193527 neg 0.4601529448024175 __DUMMY__ 0.04332044747822973	false	0.5
nachteilig	neg 1.0		off 0.4961810481410616 neg 0.45999704999421537 __DUMMY__ 0.043821901864722956	false	0.5
skeptisch	neg 1.0		off 0.49559583102192806 neg 0.46053271587299105 __DUMMY__ 0.04387145310508082	false	0.5
schrecklich	neg 1.0		off 0.5102639760747842 neg 0.44639264729907274 __DUMMY__ 0.04334337662614306	false	0.5
schlapp	neg 1.0		off 0.507156475151286 neg 0.44920580855415504 __DUMMY__ 0.04363771629455893	false	0.5
abfall	neg 1.0		off 0.494187057982449 neg 0.4617342666610608 __DUMMY__ 0.0440786753564901	false	0.5
widerspenstig	neg 1.0		off 0.5018415134242591 neg 0.4543634705537754 __DUMMY__ 0.04379501602196555	false	0.5
abrupt	neg 1.0		off 0.4983870132072694 neg 0.4575537204236614 __DUMMY__ 0.044059266369069185	false	0.5
unwirksam	neg 1.0		off 0.49761601920820836 neg 0.45897007171924104 __DUMMY__ 0.04341390907255053	false	0.5
angreifen	neg 1.0	neg 1.0	neg 0.7148328681246052 off 0.26408904832481983 __DUMMY__ 0.021078083550574972	false	1.0
inkonsistent	neg 1.0		off 0.5016600366758905 neg 0.4546664631739504 __DUMMY__ 0.04367350015015913	false	0.5
abrutschen	neg 1.0		off 0.4944884005330204 neg 0.46144588841655876 __DUMMY__ 0.04406571105042082	false	0.5
unsicher	neg 1.0		off 0.5021832550668264 neg 0.45397832118173204 __DUMMY__ 0.04383842375144147	false	0.5
bauernkind	off 1.0	off 1.0	off 0.7403704491053266 neg 0.23895831396008707 __DUMMY__ 0.020671236934586352	false	1.0
angreifer	neg 1.0		off 0.5037436058261402 neg 0.4524240031098323 __DUMMY__ 0.04383239106402752	false	0.5
trennen	neg 1.0		off 0.4997013633918295 neg 0.4561329610974883 __DUMMY__ 0.044165675510682026	false	0.5
schmutz	neg 1.0		off 0.5080228622581697 neg 0.44778455781128546 __DUMMY__ 0.04419257993054489	false	0.5
inkonsistenz	neg 1.0		off 0.5023534270102724 neg 0.45434490577857867 __DUMMY__ 0.043301667211148816	false	0.5
erschreckend	neg 1.0		off 0.4993343166706014 neg 0.4569518934353306 __DUMMY__ 0.043713789894067885	false	0.5
ertrinken	neg 1.0		off 0.4999466085265902 neg 0.45596507251430896 __DUMMY__ 0.04408831895910095	false	0.5
pickelface	off 1.0		off 0.4984792549601256 neg 0.4577678993902403 __DUMMY__ 0.0437528456496342	false	1.0
seiner			off 0.49769911614040596 neg 0.4582819749458129 __DUMMY__ 0.044018908913781095	false	0.0
lauch	neg 1.0		off 0.49271253889408045 neg 0.4634075368485809 __DUMMY__ 0.04387992425733878	false	0.5
unwichtig	neg 1.0		off 0.5052252584815189 neg 0.45127797357241506 __DUMMY__ 0.04349676794606598	false	0.5
steuerhinterziehung	neg 1.0		off 0.4973546365915281 neg 0.4590285231571006 __DUMMY__ 0.04361684025137121	false	0.5
schock	neg 1.0		off 0.5029447328962988 neg 0.45301927421918625 __DUMMY__ 0.04403599288451501	false	0.5
beule	neg 1.0		off 0.5078940358183719 neg 0.4484398996361536 __DUMMY__ 0.0436660645454746	false	0.5
vergelten	neg 1.0		off 0.5113152417442023 neg 0.4450371533313132 __DUMMY__ 0.04364760492448459	false	0.5
verdorbenheit	neg 1.0		off 0.5009508046676995 neg 0.45525761832082273 __DUMMY__ 0.04379157701147773	false	0.5
trauma	neg 1.0		off 0.5020886393538349 neg 0.45419968415283285 __DUMMY__ 0.04371167649333232	false	0.5
sinnlos	neg 1.0		off 0.5042444982363169 neg 0.45201978679207394 __DUMMY__ 0.04373571497160915	false	0.5
fettsack	off 1.0	off 1.0	off 0.7422888568625017 neg 0.23696803280238599 __DUMMY__ 0.02074311033511236	false	1.0
feige	off 1.0	off 1.0	off 0.738882511443744 neg 0.2403057526504927 __DUMMY__ 0.020811735905763393	false	1.0
abdanken	neg 1.0		off 0.49886251444139157 neg 0.4574865318339568 __DUMMY__ 0.04365095372465166	false	0.5
wichtigtuer	off 1.0	off 1.0	off 0.7374554707699237 neg 0.24165508110648598 __DUMMY__ 0.020889448123590438	false	1.0
misslingen	neg 1.0		off 0.5054647185946314 neg 0.45048452522565297 __DUMMY__ 0.04405075617971565	false	0.5
untreu	off 1.0		off 0.5066151516575337 neg 0.4499204840239991 __DUMMY__ 0.043464364318467265	false	1.0
missmutig	neg 1.0		off 0.5063594737927933 neg 0.45004723576349315 __DUMMY__ 0.043593290443713434	false	0.5
hurenbock	off 1.0		off 0.50314790911875 neg 0.4530948119171865 __DUMMY__ 0.0437572789640636	false	1.0
betrunken	neg 1.0		off 0.5104566931435737 neg 0.44590409442768036 __DUMMY__ 0.04363921242874587	false	0.5
korrupt	off 1.0		off 0.4951406419542839 neg 0.4613724737446574 __DUMMY__ 0.04348688430105871	false	1.0
unmut	neg 1.0		off 0.4934259187991528 neg 0.4625819429222676 __DUMMY__ 0.04399213827857963	false	0.5
hackfresse	off 1.0		off 0.5125870938330029 neg 0.44430659497279873 __DUMMY__ 0.04310631119419824	false	1.0
aufblasen	neg 1.0		off 0.5043067923579447 neg 0.4518323798949883 __DUMMY__ 0.043860827747066844	false	0.5
gewaltsam	neg 1.0		off 0.5005932069814684 neg 0.45559425422187555 __DUMMY__ 0.04381253879665593	false	0.5
unbeliebtheit	neg 1.0		off 0.49963090966777646 neg 0.457365106980398 __DUMMY__ 0.04300398335182552	false	0.5
sturheit	neg 1.0		off 0.4990634741932966 neg 0.45724485913450286 __DUMMY__ 0.043691666672200515	false	0.5
kuh	neg 1.0		off 0.5001279318895325 neg 0.4563298490412576 __DUMMY__ 0.04354221906920998	false	0.5
erschrecken	neg 1.0		off 0.5059469802906672 neg 0.4504001404736095 __DUMMY__ 0.04365287923572324	false	0.5
opfer	neg 1.0		off 0.4988801377114182 neg 0.4571376611362156 __DUMMY__ 0.04398220115236621	false	0.5
sinken	neg 1.0		off 0.49406667481110983 neg 0.4619576117671472 __DUMMY__ 0.04397571342174297	false	0.5
stinktier	neg 1.0		off 0.5099117637399815 neg 0.4468589902905704 __DUMMY__ 0.04322924596944801	false	0.5
tucke	off 1.0		off 0.5105102261738411 neg 0.4466658951021804 __DUMMY__ 0.04282387872397855	false	1.0
ein			off 0.5028237367884001 neg 0.4533770744946312 __DUMMY__ 0.04379918871696865	false	0.0
abstieg	neg 1.0		off 0.49950061217575986 neg 0.4563424008790846 __DUMMY__ 0.04415698694515565	false	0.5
missverstehen	neg 1.0		off 0.5025501522252663 neg 0.4539170859199442 __DUMMY__ 0.04353276185478951	false	0.5
ergebnislos	neg 1.0		off 0.49650853152260055 neg 0.459609687061419 __DUMMY__ 0.04388178141598046	false	0.5
unter			off 0.4927771362581633 neg 0.46272611053299606 __DUMMY__ 0.04449675320884069	false	0.0
manipulieren	neg 1.0		off 0.4960957627728826 neg 0.4599966203174039 __DUMMY__ 0.04390761690971348	false	0.5
unbewiesen	neg 1.0		off 0.4967382295566832 neg 0.45995963066134904 __DUMMY__ 0.043302139781967855	false	0.5
verschleppen	neg 1.0		off 0.49848689420332193 neg 0.4576523873179783 __DUMMY__ 0.04386071847869986	false	0.5
weib	off 1.0		off 0.5127327663077555 neg 0.4441430106110977 __DUMMY__ 0.043124223081146856	false	1.0
opposition	neg 1.0		off 0.5017722717790956 neg 0.45465802240764974 __DUMMY__ 0.04356970581325464	false	0.5
verkehrswidrig	neg 1.0	neg 1.0	neg 0.7055151127463735 off 0.2734265393675746 __DUMMY__ 0.021058347886051952	false	1.0
inkorrekt	neg 1.0		off 0.5052858098070175 neg 0.4515385478109976 __DUMMY__ 0.043175642381984916	false	0.5
vermeiden	neg 1.0		off 0.49333437423201093 neg 0.4624217065880321 __DUMMY__ 0.04424391917995694	false	0.5
abweichung	neg 1.0		off 0.4958814194572715 neg 0.4603634788847062 __DUMMY__ 0.0437551016580223	false	0.5
alkoholisiert	neg 1.0		off 0.5007223719004663 neg 0.45494464358083164 __DUMMY__ 0.044332984518701934	false	0.5
scheiss	off 1.0	off 1.0	off 0.7401590578436616 neg 0.23892963153850308 __DUMMY__ 0.02091131061783521	false	1.0
herausforderung	neg 1.0	neg 1.0	neg 0.7121804308026081 off 0.26649070976798683 __DUMMY__ 0.02132885942940508	false	1.0
pervers	off 1.0		off 0.5159680896349615 neg 0.44101022168369797 __DUMMY__ 0.04302168868134042	false	1.0
wackelig	neg 1.0		off 0.5015987015036991 neg 0.4542897427842386 __DUMMY__ 0.04411155571206228	false	0.5
verwickeln	neg 1.0		off 0.502427900122468 neg 0.4540368026677243 __DUMMY__ 0.043535297209807595	false	0.5
vorwand	neg 1.0		off 0.4955541775957961 neg 0.4604874118373406 __DUMMY__ 0.043958410566863226	false	0.5
muschi	off 1.0		off 0.4988682172891022 neg 0.4573927440799069 __DUMMY__ 0.04373903863099094	false	1.0
entmutigung	neg 1.0		off 0.5006961971467748 neg 0.4557883544688949 __DUMMY__ 0.043515448384330364	false	0.5
unangemessen	neg 1.0		off 0.49778582963855167 neg 0.458538307341509 __DUMMY__ 0.04367586301993936	false	0.5
unstetig	neg 1.0		off 0.5029034738864988 neg 0.4533190903727933 __DUMMY__ 0.04377743574070797	false	0.5
entmutigen	neg 1.0		off 0.5020456506073627 neg 0.4543016922461145 __DUMMY__ 0.0436526571465229	false	0.5
schwanz	neg 1.0		off 0.4965489699009389 neg 0.45953878925007896 __DUMMY__ 0.043912240848982174	false	0.5
verbot	neg 1.0		off 0.49637749305077306 neg 0.45997301400949947 __DUMMY__ 0.04364949293972746	false	0.5
leid	neg 1.0		off 0.5119788551189253 neg 0.44466713231985355 __DUMMY__ 0.043354012561221	false	0.5
archaisch	neg 1.0		off 0.4989926040740898 neg 0.4572018082156093 __DUMMY__ 0.04380558771030093	false	0.5
gegen			off 0.4959690271039045 neg 0.4599336633879001 __DUMMY__ 0.0440973095081955	false	0.0
scheidung	neg 1.0		off 0.519559189852653 neg 0.4375033848417181 __DUMMY__ 0.042937425305629	false	0.5
einschlag	neg 1.0	neg 1.0	neg 0.7081454275720334 off 0.2710056473945239 __DUMMY__ 0.020848925033442784	false	1.0
m			off 0.49981869150518843 neg 0.4562574809569583 __DUMMY__ 0.04392382753785331	false	0.0
abgestanden	neg 1.0		off 0.5036403071619746 neg 0.45248754929030305 __DUMMY__ 0.043872143547722266	false	0.5
schmierig	off 1.0		off 0.511651754974851 neg 0.4449571156351883 __DUMMY__ 0.043391129389960655	false	1.0
unpraktisch	neg 1.0		off 0.5040297806992685 neg 0.4520874739697813 __DUMMY__ 0.04388274533095029	false	0.5
wixxer	off 1.0		off 0.5147650889958153 neg 0.4423014133242426 __DUMMY__ 0.04293349767994198	false	1.0
bezeichnet			off 0.4998730781113216 neg 0.4564424029123625 __DUMMY__ 0.043684518976315895	false	0.0
jammerlappen	off 1.0		off 0.5057501423926606 neg 0.4507223580076088 __DUMMY__ 0.04352749959973068	false	1.0
farce	neg 1.0		off 0.49641909259110223 neg 0.460034519723776 __DUMMY__ 0.043546387685121625	false	0.5
zwecklos	neg 1.0		off 0.49846018002062453 neg 0.45779313940668054 __DUMMY__ 0.043746680572695026	false	0.5
turbulent	neg 1.0		off 0.5048679227277506 neg 0.45176845041801206 __DUMMY__ 0.043363626854237336	false	0.5
invasion	neg 1.0		off 0.5039509395725325 neg 0.45234965674435407 __DUMMY__ 0.04369940368311341	false	0.5
schuld	neg 1.0		off 0.5019350643929827 neg 0.4543616365105718 __DUMMY__ 0.04370329909644535	false	0.5
risiko	neg 1.0		off 0.5020383209301227 neg 0.45416181619130713 __DUMMY__ 0.0437998628785701	false	0.5
finster	neg 1.0		off 0.5032394034809031 neg 0.4529608258246793 __DUMMY__ 0.043799770694417546	false	0.5
geisteskrank	off 1.0		off 0.5063628837391594 neg 0.45027896611911933 __DUMMY__ 0.04335815014172128	false	1.0
zusammenbrechen	neg 1.0		off 0.5008715127496167 neg 0.455215418052253 __DUMMY__ 0.043913069198130227	false	0.5
ausbeute	neg 1.0		off 0.49793400688908485 neg 0.45802419644770664 __DUMMY__ 0.04404179666320863	false	0.5
hinterhalt	neg 1.0		off 0.4994639258096654 neg 0.45670364197781094 __DUMMY__ 0.04383243221252361	false	0.5
kritik	neg 1.0		off 0.49676007651129483 neg 0.4596374643757704 __DUMMY__ 0.043602459112934616	false	0.5
einschrumpfen	neg 1.0		off 0.5011466461837669 neg 0.45551482071276195 __DUMMY__ 0.04333853310347113	false	0.5
riskant	neg 1.0		off 0.497319998656269 neg 0.4588193937755925 __DUMMY__ 0.04386060756813851	false	0.5
frustrieren	neg 1.0		off 0.4976026629418098 neg 0.45853365494836684 __DUMMY__ 0.043863682109823304	false	0.5
groll	neg 1.0		off 0.4989543168641668 neg 0.45721004636478957 __DUMMY__ 0.04383563677104361	false	0.5
gibt			off 0.499009583289022 neg 0.4572088359032825 __DUMMY__ 0.04378158080769554	false	0.0
qualvoll	neg 1.0		off 0.5061851211683921 neg 0.4500405282245412 __DUMMY__ 0.04377435060706663	false	0.5
wackeln	neg 1.0	neg 1.0	neg 0.710269445420505 off 0.26859584772914097 __DUMMY__ 0.021134706850353974	false	1.0
klagen	neg 1.0		off 0.49356564135107805 neg 0.462491908380051 __DUMMY__ 0.04394245026887085	false	0.5
bankrott	neg 1.0		off 0.5054031471146163 neg 0.4509650633898863 __DUMMY__ 0.043631789495497314	false	0.5
trauern	neg 1.0		off 0.4991810697267076 neg 0.45678017764988077 __DUMMY__ 0.04403875262341157	false	0.5
ablehnung	neg 1.0		off 0.4967791121058626 neg 0.4596208073849406 __DUMMY__ 0.04360008050919684	false	0.5
stur	neg 1.0		off 0.5021602122235879 neg 0.45419628575672094 __DUMMY__ 0.0436435020196912	false	0.5
aufruhr	neg 1.0		off 0.5008922218929434 neg 0.45525344411415747 __DUMMY__ 0.04385433399289927	false	0.5
melancholie	neg 1.0		off 0.5003491832234337 neg 0.45566486797086264 __DUMMY__ 0.043985948805703536	false	0.5
ist			off 0.502870333181167 neg 0.4534550477975414 __DUMMY__ 0.04367461902129167	false	0.0
torheit	neg 1.0		off 0.5004781942050344 neg 0.4559440649480842 __DUMMY__ 0.0435777408468815	false	0.5
dreckskind	off 1.0		off 0.5111656314501507 neg 0.4456606573220633 __DUMMY__ 0.043173711227786134	false	1.0
umtauschen	neg 1.0		off 0.5014420897726349 neg 0.45474050231945556 __DUMMY__ 0.04381740790790955	false	0.5
zum			off 0.49569313497811096 neg 0.45984538153445725 __DUMMY__ 0.04446148348743183	false	0.0
zersetzen	neg 1.0		off 0.4952149818923492 neg 0.4609533315388911 __DUMMY__ 0.04383168656875957	false	0.5
zur			off 0.49247116548348835 neg 0.4632876370382624 __DUMMY__ 0.04424119747824926	false	0.0
frust	neg 1.0		off 0.5003783059807763 neg 0.45573230160522 __DUMMY__ 0.04388939241400362	false	0.5
unerbittlichkeit	neg 1.0		off 0.49540297913201925 neg 0.460760581251155 __DUMMY__ 0.04383643961682591	false	0.5
zwei			off 0.4970987654517508 neg 0.45858640249515475 __DUMMY__ 0.044314832053094326	false	0.0
unkorrekt	neg 1.0		off 0.5053694732104549 neg 0.45152434984477785 __DUMMY__ 0.04310617694476732	false	0.5
hexe	off 1.0		off 0.5054731706529412 neg 0.4511271369301053 __DUMMY__ 0.04339969241695346	false	1.0
lasch	neg 1.0		off 0.5025255511436658 neg 0.45409567029071185 __DUMMY__ 0.0433787785656224	false	0.5
rivale	neg 1.0		off 0.5097338709303938 neg 0.44671609930048006 __DUMMY__ 0.043550029769126086	false	0.5
mutlos	off 1.0	off 1.0	off 0.7337744930045178 neg 0.2452513778716073 __DUMMY__ 0.020974129123874804	false	1.0
wirr	off 1.0		off 0.5063653972656414 neg 0.4504749615326932 __DUMMY__ 0.04315964120166527	false	1.0
jahr			off 0.4979043184734613 neg 0.4579366573349656 __DUMMY__ 0.044159024191573165	false	0.0
wird			off 0.4982090275978564 neg 0.4579128113627447 __DUMMY__ 0.04387816103939893	false	0.0
strafbar	neg 1.0		off 0.49655495363059277 neg 0.45966977814980314 __DUMMY__ 0.04377526821960401	false	0.5
erosion	neg 1.0		off 0.5030519807626617 neg 0.4530901313456508 __DUMMY__ 0.04385788789168755	false	0.5
eingehen	neg 1.0		off 0.49707806813583694 neg 0.4592150461131894 __DUMMY__ 0.04370688575097353	false	0.5
faul	off 1.0		off 0.5065798812902624 neg 0.44972271809777403 __DUMMY__ 0.04369740061196361	false	1.0
provisorium	neg 1.0		off 0.49159387479704114 neg 0.4639977330235676 __DUMMY__ 0.04440839217939116	false	0.5
schmerzen	neg 1.0		off 0.502000461351179 neg 0.4541795610476448 __DUMMY__ 0.04381997760117612	false	0.5
schrumpfen	neg 1.0		off 0.49116431069605204 neg 0.4647843134733676 __DUMMY__ 0.044051375830580455	false	0.5
geistlos	off 1.0		off 0.5001789849946843 neg 0.4565236199162611 __DUMMY__ 0.04329739508905467	false	1.0
fehlkauf	neg 1.0		off 0.5024012211036322 neg 0.45396341993977235 __DUMMY__ 0.043635358956595496	false	0.5
frustrierend	neg 1.0		off 0.5059929397113786 neg 0.45032408747046243 __DUMMY__ 0.04368297281815894	false	0.5
unzufrieden	neg 1.0		off 0.49806252286649433 neg 0.4582085828054351 __DUMMY__ 0.043728894328070575	false	0.5
verzweifeln	neg 1.0		off 0.5010192757067061 neg 0.4551821353868223 __DUMMY__ 0.04379858890647163	false	0.5
verzweifelt	neg 1.0		off 0.502558622699177 neg 0.4537704489206269 __DUMMY__ 0.043670928380196254	false	0.5
misstrauensantrag	neg 1.0		off 0.5030430656670515 neg 0.45334580351587433 __DUMMY__ 0.043611130817074274	false	0.5
abfallen	neg 1.0		off 0.5043919738185129 neg 0.4517255051715864 __DUMMY__ 0.043882521009900796	false	0.5
fucker	off 1.0		off 0.5069231948778806 neg 0.4497103537357991 __DUMMY__ 0.04336645138632039	false	1.0
ungezogen	neg 1.0		off 0.5149383643720834 neg 0.44191808759206996 __DUMMY__ 0.043143548035846795	false	0.5
irrsinnig	neg 1.0	neg 1.0	neg 0.7121634053641746 off 0.2669065597352037 __DUMMY__ 0.0209300349006217	false	1.0
unfassbar	neg 1.0		off 0.5057725758797086 neg 0.4507963774368036 __DUMMY__ 0.0434310466834878	false	0.5
hart	neg 1.0		off 0.5045420827617065 neg 0.4518709169650991 __DUMMY__ 0.04358700027319439	false	0.5
widerlich	off 1.0		off 0.5061489378264256 neg 0.45050776951413646 __DUMMY__ 0.04334329265943801	false	1.0
fatal	neg 1.0		off 0.5028000297727658 neg 0.45355850117711716 __DUMMY__ 0.04364146905011704	false	0.5
bruch	neg 1.0		off 0.4945978881177341 neg 0.4613947059949908 __DUMMY__ 0.04400740588727501	false	0.5
aushungern	neg 1.0		off 0.49838331300194133 neg 0.45797954865121826 __DUMMY__ 0.04363713834684039	false	0.5
anspannung	neg 1.0	neg 1.0	neg 0.7136937933858268 off 0.2648397893958197 __DUMMY__ 0.02146641721835341	false	1.0
von			off 0.4970393974546232 neg 0.45879835417028064 __DUMMY__ 0.044162248375096295	false	0.0
kraftlos	neg 1.0		off 0.501810625874781 neg 0.45410573159630535 __DUMMY__ 0.044083642528913794	false	0.5
vom			off 0.49356229352398606 neg 0.46191973402129843 __DUMMY__ 0.044517972454715456	false	0.0
grenzdebil	off 1.0		off 0.5075548266193897 neg 0.4489747689348615 __DUMMY__ 0.04347040444574886	false	1.0
vor			off 0.4969223241768936 neg 0.45898513800528123 __DUMMY__ 0.04409253781782501	false	0.0
unterwerfen	neg 1.0		off 0.4971718751029593 neg 0.4589729718285989 __DUMMY__ 0.04385515306844188	false	0.5
versenkung	neg 1.0		off 0.4973040181948928 neg 0.4587880615337206 __DUMMY__ 0.04390792027138666	false	0.5
entziehen	neg 1.0		off 0.49486527557218196 neg 0.46114964072888226 __DUMMY__ 0.04398508369893568	false	0.5
finanzkrise	neg 1.0		off 0.4981674010474885 neg 0.4582450345370839 __DUMMY__ 0.043587564415427694	false	0.5
schimpfend	neg 1.0		off 0.5045656911356825 neg 0.4515129533274199 __DUMMY__ 0.04392135553689761	false	0.5
profan	neg 1.0		off 0.5039197198683601 neg 0.4524608365220372 __DUMMY__ 0.04361944360960275	false	0.5
korruption	neg 1.0		off 0.4961197784603572 neg 0.4602518749922101 __DUMMY__ 0.043628346547432716	false	0.5
â			off 0.4984486216547773 neg 0.45762454251439066 __DUMMY__ 0.04392683583083191	false	0.0
schmutzig	neg 1.0		off 0.5081393892707674 neg 0.4482606077304755 __DUMMY__ 0.0436000029987572	false	0.5
sexy	neg 1.0		off 0.5047247965380224 neg 0.4516469455331594 __DUMMY__ 0.043628257928818165	false	0.5
abraten	neg 1.0		off 0.5027568378129462 neg 0.45360523057204183 __DUMMY__ 0.04363793161501196	false	0.5
schwarz	neg 1.0		off 0.5019232656959609 neg 0.4544459166785812 __DUMMY__ 0.04363081762545796	false	0.5
fotze	off 1.0		off 0.4967588672196836 neg 0.45943232525350347 __DUMMY__ 0.04380880752681298	false	1.0
verwirren	neg 1.0		off 0.5040434275819182 neg 0.4523482820262039 __DUMMY__ 0.043608290391877955	false	0.5
zahnlos	off 1.0		off 0.4979646493347665 neg 0.45831970587053433 __DUMMY__ 0.04371564479469927	false	1.0
verheeren	neg 1.0		off 0.5167470246950293 neg 0.44004099034546795 __DUMMY__ 0.04321198495950271	false	0.5
hippie	neg 1.0		off 0.5038332230922811 neg 0.4525584584363484 __DUMMY__ 0.043608318471370575	false	0.5
rammen	neg 1.0		off 0.5030869279309612 neg 0.4531189433185737 __DUMMY__ 0.043794128750465046	false	0.5
unlauter	neg 1.0		off 0.49744243442915226 neg 0.4592513061813587 __DUMMY__ 0.04330625938948913	false	0.5
unheilvoll	neg 1.0		off 0.5053402666789669 neg 0.4508282709095033 __DUMMY__ 0.043831462411529715	false	0.5
niedrig	neg 1.0		off 0.49816462740210754 neg 0.45778778587729024 __DUMMY__ 0.0440475867206022	false	0.5
explosion	neg 1.0		off 0.503131595493589 neg 0.45326453628401747 __DUMMY__ 0.04360386822239358	false	0.5
weichei	off 1.0		off 0.511593930904358 neg 0.4452048680681763 __DUMMY__ 0.0432012010274658	false	1.0
minusmensch	off 1.0		off 0.511469871075788 neg 0.44580179161095607 __DUMMY__ 0.042728337313256044	false	1.0
farblos	neg 1.0		off 0.5032442057057468 neg 0.45267282295983446 __DUMMY__ 0.044082971334418804	false	0.5
unwissend	neg 1.0	neg 1.0	neg 0.7102869541462059 off 0.2688938950407377 __DUMMY__ 0.02081915081305649	false	1.0
traurig	neg 1.0		off 0.509474944123404 neg 0.44712077243596615 __DUMMY__ 0.04340428344062989	false	0.5
senkung	neg 1.0		off 0.5014194286147691 neg 0.4551892445725663 __DUMMY__ 0.04339132681266452	false	0.5
ungleich	neg 1.0	neg 1.0	neg 0.7153339256660951 off 0.26367564661725457 __DUMMY__ 0.020990427716650283	false	1.0
heikel	neg 1.0		off 0.4952806125039288 neg 0.4609031119742605 __DUMMY__ 0.04381627552181084	false	0.5
drosselung	neg 1.0		off 0.5071307019143657 neg 0.4493771286809629 __DUMMY__ 0.04349216940467142	false	0.5
falsch	neg 1.0		off 0.5053978508298717 neg 0.4510140729266004 __DUMMY__ 0.04358807624352785	false	0.5
unzufriedenheit	neg 1.0		off 0.49518163688530137 neg 0.4609306340709856 __DUMMY__ 0.04388772904371293	false	0.5
kurz	neg 1.0		off 0.5013832378011921 neg 0.4546376131049216 __DUMMY__ 0.043979149093886345	false	0.5
unsinnig	neg 1.0		off 0.4977084300253089 neg 0.4586717532451758 __DUMMY__ 0.04361981672951532	false	0.5
penner	off 1.0	off 1.0	off 0.7433925649837811 neg 0.2359304693613837 __DUMMY__ 0.02067696565483519	false	1.0
seicht	neg 1.0		off 0.5124704416799204 neg 0.44460711511649875 __DUMMY__ 0.042922443203580886	false	0.5
dummheit	off 1.0	off 1.0	off 0.7376187164367778 neg 0.2415026807413107 __DUMMY__ 0.02087860282191148	false	1.0
unerfreulich	neg 1.0		off 0.495899492447934 neg 0.4601022885712555 __DUMMY__ 0.04399821898081048	false	0.5
motherfucker	off 1.0	off 1.0	off 0.73962560062935 neg 0.23959990784137283 __DUMMY__ 0.020774491529277177	false	1.0
pikiert	neg 1.0		off 0.5049315624700238 neg 0.4517014747261281 __DUMMY__ 0.04336696280384822	false	0.5
wrack	neg 1.0		off 0.4984437454939593 neg 0.4575514757021404 __DUMMY__ 0.044004778803900274	false	0.5
gangster	neg 1.0		off 0.5037924444672394 neg 0.45255473451002065 __DUMMY__ 0.04365282102273983	false	0.5
krank	neg 1.0		off 0.5090109196963217 neg 0.4474094248504868 __DUMMY__ 0.043579655453191285	false	0.5
reich	neg 1.0		off 0.5027252821898569 neg 0.4539677431367894 __DUMMY__ 0.043306974673353794	false	0.5
gnadenlos	neg 1.0		off 0.5022674117440445 neg 0.45399684277994395 __DUMMY__ 0.04373574547601159	false	0.5
niedergeschlagen	neg 1.0		off 0.5020214535474179 neg 0.45397953033363425 __DUMMY__ 0.04399901611894782	false	0.5
terrorisieren	off 1.0	off 1.0	off 0.7351896912913597 neg 0.24372282600103268 __DUMMY__ 0.021087482707607574	false	1.0
sinnlosigkeit	neg 1.0		off 0.4985806555145151 neg 0.4576622944439496 __DUMMY__ 0.043757050041535316	false	0.5
behindern	neg 1.0		off 0.49964354828673624 neg 0.4566548854240123 __DUMMY__ 0.04370156628925149	false	0.5
undemokratisch	neg 1.0		off 0.49915392178160195 neg 0.45739551180414023 __DUMMY__ 0.04345056641425791	false	0.5
wirtschaftskrise	neg 1.0		off 0.49651381975253805 neg 0.4597548184401635 __DUMMY__ 0.04373136180729834	false	0.5
neid	neg 1.0		off 0.5077807493683829 neg 0.4484755794481347 __DUMMY__ 0.0437436711834824	false	0.5
rutschen	neg 1.0		off 0.4976215118666525 neg 0.4580080143693987 __DUMMY__ 0.04437047376394874	false	0.5
rezession	neg 1.0		off 0.5084364097766548 neg 0.4483686997361412 __DUMMY__ 0.04319489048720406	false	0.5
fehlgeburt	neg 1.0		off 0.5053539483652607 neg 0.4507825691543288 __DUMMY__ 0.043863482480410595	false	0.5
charakterschwach	off 1.0		off 0.5066672061605912 neg 0.4498892844768513 __DUMMY__ 0.043443509362557496	false	1.0
isolation	neg 1.0		off 0.5056767746011541 neg 0.4506676868109217 __DUMMY__ 0.04365553858792423	false	0.5
ablenkung	neg 1.0		off 0.5018514663546152 neg 0.45438075747822515 __DUMMY__ 0.04376777616715963	false	0.5
pech	neg 1.0		off 0.5057754216160922 neg 0.45057022044514883 __DUMMY__ 0.04365435793875899	false	0.5
vermeidung	neg 1.0		off 0.5058775519203871 neg 0.4507904190120603 __DUMMY__ 0.04333202906755273	false	0.5
dominieren	neg 1.0		off 0.49980273537843817 neg 0.4561306752262646 __DUMMY__ 0.044066589395297354	false	0.5
schwindlig	neg 1.0		off 0.5070543889441688 neg 0.4489781691431538 __DUMMY__ 0.04396744191267761	false	0.5
lutscher	neg 1.0		off 0.5135992548844877 neg 0.4434613269787711 __DUMMY__ 0.042939418136741396	false	0.5
pflicht	neg 1.0		off 0.4952854066331385 neg 0.4608718184367856 __DUMMY__ 0.04384277493007571	false	0.5
faschist	off 1.0		off 0.501240370202481 neg 0.45539518596258993 __DUMMY__ 0.043364443834929045	false	1.0
verschleudern	neg 1.0		off 0.49345104525975575 neg 0.4630199115136506 __DUMMY__ 0.04352904322659373	false	0.5
wenn			off 0.5055275138674413 neg 0.45090032373798355 __DUMMY__ 0.04357216239457509	false	0.0
ehebruch	neg 1.0		off 0.49762528090026914 neg 0.4585513470298947 __DUMMY__ 0.043823372069836046	false	0.5
spott	off 1.0		off 0.4960116316807814 neg 0.4602479339087452 __DUMMY__ 0.0437404344104734	false	1.0
trostlosigkeit	neg 1.0		off 0.49548332604435846 neg 0.46051305190892405 __DUMMY__ 0.044003622046717504	false	0.5
lutschen	neg 1.0		off 0.5028055131940935 neg 0.4536350349864052 __DUMMY__ 0.04355945181950139	false	0.5
undiszipliniert	neg 1.0		off 0.5091945769355842 neg 0.447319702124762 __DUMMY__ 0.043485720939653756	false	0.5
kopfschmerz	neg 1.0		off 0.5020853760449431 neg 0.4539090805275222 __DUMMY__ 0.04400554342753488	false	0.5
unvorhergesehen	neg 1.0		off 0.5005339667368862 neg 0.4552971132176891 __DUMMY__ 0.044168920045424706	false	0.5
desinteressiert	neg 1.0		off 0.5076346930781853 neg 0.44900869290711093 __DUMMY__ 0.043356614014703775	false	0.5
armselig	off 1.0		off 0.5072571832300534 neg 0.44954908567541524 __DUMMY__ 0.04319373109453129	false	1.0
desaster	neg 1.0		off 0.49278309416888666 neg 0.4633066980848391 __DUMMY__ 0.0439102077462743	false	0.5
tod	neg 1.0		off 0.4999128196824918 neg 0.4560462869036284 __DUMMY__ 0.0440408934138799	false	0.5
herzlos	neg 1.0		off 0.5090005746894527 neg 0.4477045195695134 __DUMMY__ 0.04329490574103403	false	0.5
unwissenheit	neg 1.0		off 0.49675359669032143 neg 0.4596357169325773 __DUMMY__ 0.04361068637710121	false	0.5
widersinnig	neg 1.0	neg 1.0	neg 0.7155137414104111 off 0.2636566238497769 __DUMMY__ 0.020829634739811954	false	1.0
bedenklich	neg 1.0		off 0.49668102217301396 neg 0.45955490134881805 __DUMMY__ 0.043764076478167976	false	0.5
beanstanden	neg 1.0		off 0.4947896348510187 neg 0.4613342006849987 __DUMMY__ 0.0438761644639827	false	0.5
panisch	neg 1.0	neg 1.0	neg 0.7087652283191487 off 0.2701032892159397 __DUMMY__ 0.021131482464911654	false	1.0
debil	off 1.0		off 0.49134941044221725 neg 0.46447421929476573 __DUMMY__ 0.044176370263017024	false	1.0
abstrich	neg 1.0		off 0.49710190387660086 neg 0.4591888211491146 __DUMMY__ 0.04370927497428464	false	0.5
primitiv	neg 1.0		off 0.5067517347185255 neg 0.44990037573845415 __DUMMY__ 0.043347889543020414	false	0.5
abschaum	off 1.0	off 1.0	off 0.7387958835565118 neg 0.24036127465207446 __DUMMY__ 0.020842841791413724	false	1.0
provozieren	neg 1.0		off 0.501214280728172 neg 0.45513270091125885 __DUMMY__ 0.04365301836056913	false	0.5
tot	neg 1.0		off 0.4957644873286021 neg 0.46053060843140925 __DUMMY__ 0.043704904239988636	false	0.5
instabil	neg 1.0		off 0.5042056388148899 neg 0.4526803034517352 __DUMMY__ 0.043114057733374914	false	0.5
schwuchtel	off 1.0		off 0.5179305656794729 neg 0.4392983096935834 __DUMMY__ 0.04277112462694358	false	1.0
zerren	neg 1.0		off 0.5020351282631891 neg 0.4539685106716239 __DUMMY__ 0.04399636106518696	false	0.5
kinderficker	off 1.0		off 0.508586090291955 neg 0.44841142340743145 __DUMMY__ 0.04300248630061354	false	1.0
gefahr	neg 1.0		off 0.49645095188990807 neg 0.4595532813937442 __DUMMY__ 0.0439957667163478	false	0.5
rabiat	neg 1.0		off 0.5006605964103261 neg 0.4556577216949906 __DUMMY__ 0.04368168189468328	false	0.5
verlangsamung	neg 1.0		off 0.5126738672051565 neg 0.4441597755639574 __DUMMY__ 0.04316635723088599	false	0.5
ausgestorben	neg 1.0		off 0.5017904462161443 neg 0.4543287477651852 __DUMMY__ 0.04388080601867051	false	0.5
anklagen	neg 1.0		off 0.4988124078026967 neg 0.4574400746857201 __DUMMY__ 0.04374751751158322	false	0.5
trott	neg 1.0		off 0.501003209909099 neg 0.45518239582902886 __DUMMY__ 0.043814394261872176	false	0.5
verminderung	neg 1.0		off 0.5063997558459341 neg 0.45032039281296404 __DUMMY__ 0.04327985134110186	false	0.5
nach			off 0.49719828302575175 neg 0.4582473181331665 __DUMMY__ 0.04455439884108166	false	0.0
rost	neg 1.0		off 0.511979340708323 neg 0.4447611327557793 __DUMMY__ 0.043259526535897576	false	0.5
destruktiv	neg 1.0		off 0.4983104785915983 neg 0.45817173826644336 __DUMMY__ 0.043517783141958255	false	0.5
unzumutbarkeit	neg 1.0		off 0.5059744395261119 neg 0.4504517080100497 __DUMMY__ 0.04357385246383841	false	0.5
labil	off 1.0	off 1.0	off 0.7387632079838515 neg 0.24038818836956727 __DUMMY__ 0.020848603646581254	false	1.0
ziemlich	neg 1.0		off 0.5075700748463213 neg 0.4488777253540883 __DUMMY__ 0.04355219979959031	false	0.5
lachnummer	off 1.0		off 0.49947108237578974 neg 0.45691629210882906 __DUMMY__ 0.04361262551538129	false	1.0
oder			off 0.5024459156584634 neg 0.45372842466681207 __DUMMY__ 0.043825659674724404	false	0.0
verfall	neg 1.0		off 0.491494098692437 neg 0.46442355873632996 __DUMMY__ 0.044082342571232926	false	0.5
ausgrenzung	neg 1.0		off 0.5005745549746056 neg 0.45593603258631865 __DUMMY__ 0.043489412439075746	false	0.5
unordnung	neg 1.0		off 0.5066898875999604 neg 0.4497756418572441 __DUMMY__ 0.04353447054279547	false	0.5
fehlverhalten	neg 1.0		off 0.49561054213861905 neg 0.4605572543339202 __DUMMY__ 0.04383220352746069	false	0.5
eine			off 0.4961414342799731 neg 0.4598941037785097 __DUMMY__ 0.04396446194151728	false	0.0
nille	neg 1.0		off 0.4997125815060841 neg 0.45652112974530795 __DUMMY__ 0.04376628874860796	false	0.5
qual	neg 1.0		off 0.5006911358618433 neg 0.4554993428358278 __DUMMY__ 0.043809521302328944	false	0.5
verschwenden	neg 1.0		off 0.497720326479963 neg 0.4584829651385367 __DUMMY__ 0.043796708381500335	false	0.5
riesig	neg 1.0	neg 1.0	neg 0.7125779753465618 off 0.26623516074254433 __DUMMY__ 0.021186863910893895	false	1.0
verurteilen	neg 1.0		off 0.49828541088481004 neg 0.4579536000753827 __DUMMY__ 0.04376098903980708	false	0.5
klischee	neg 1.0	neg 1.0	neg 0.7113910774409545 off 0.26778025724491045 __DUMMY__ 0.0208286653141349	false	1.0
diktatorisch	neg 1.0		off 0.49921709650560575 neg 0.45740124804276105 __DUMMY__ 0.04338165545163324	false	0.5
vorhersehbar	neg 1.0	neg 1.0	neg 0.7112901032857704 off 0.26782609783815875 __DUMMY__ 0.02088379887607086	false	1.0
sowie			off 0.5103913148813687 neg 0.4464282884977745 __DUMMY__ 0.04318039662085693	false	0.0
stornieren	neg 1.0		off 0.504650525135942 neg 0.4513610411982969 __DUMMY__ 0.04398843366576117	false	0.5
besteuerung	neg 1.0		off 0.4989279212444019 neg 0.4576406063716601 __DUMMY__ 0.043431472383938075	false	0.5
ungeschminkt	neg 1.0		off 0.5064255045761421 neg 0.4501782802073941 __DUMMY__ 0.04339621521646384	false	0.5
kritisch	neg 1.0		off 0.4961889066691895 neg 0.46006383592500305 __DUMMY__ 0.043747257405807406	false	0.5
schlamperei	off 1.0		off 0.49473872548971426 neg 0.46151833465058956 __DUMMY__ 0.04374293985969623	false	1.0
sucht	neg 1.0	neg 1.0	neg 0.7114344615686433 off 0.26748814829697287 __DUMMY__ 0.021077390134383846	false	1.0
egoistisch	off 1.0		off 0.5118055418802628 neg 0.44495032794102635 __DUMMY__ 0.043244130178710885	false	1.0
ausbeuter	off 1.0		off 0.49447058202638283 neg 0.4617943924202708 __DUMMY__ 0.04373502555334631	false	1.0
arschgeburt	off 1.0		off 0.5175175089289149 neg 0.43976541948005765 __DUMMY__ 0.04271707159102751	false	1.0
schubs	neg 1.0	neg 1.0	neg 0.7117907887800682 off 0.26703060598061634 __DUMMY__ 0.021178605239315477	false	1.0
unsolide	neg 1.0		off 0.4974836564455859 neg 0.4593831271731326 __DUMMY__ 0.04313321638128147	false	0.5
beschwerde	neg 1.0		off 0.4952914561414419 neg 0.46094222270816776 __DUMMY__ 0.04376632115039047	false	0.5
stocken	neg 1.0		off 0.4975560589691811 neg 0.4585345200250469 __DUMMY__ 0.043909421005772	false	0.5
isolieren	neg 1.0		off 0.49823523283652416 neg 0.457946189280498 __DUMMY__ 0.043818577882977904	false	0.5
unheilbar	neg 1.0		off 0.5037683505125207 neg 0.4523036323853396 __DUMMY__ 0.04392801710213961	false	0.5
pisser	off 1.0		off 0.5084289769577309 neg 0.44810074269845135 __DUMMY__ 0.04347028034381771	false	1.0
löschen	neg 1.0		off 0.5012129827811033 neg 0.4550149865622645 __DUMMY__ 0.0437720306566322	false	0.5
durchfallen	neg 1.0		off 0.497158463981422 neg 0.4591833141456992 __DUMMY__ 0.04365822187287891	false	0.5
wichser	off 1.0		off 0.5162635488223013 neg 0.4406939212815739 __DUMMY__ 0.04304252989612474	false	1.0
terror	neg 1.0		off 0.5049123201255368 neg 0.4513425169096592 __DUMMY__ 0.043745162964803845	false	0.5
krass	neg 1.0		off 0.5096055577879719 neg 0.44711565642946793 __DUMMY__ 0.04327878578256021	false	0.5
revolte	neg 1.0		off 0.501342387738571 neg 0.4551766416469331 __DUMMY__ 0.043480970614495906	false	0.5
besorgt	neg 1.0		off 0.5015291607087718 neg 0.4544136417755154 __DUMMY__ 0.04405719751571283	false	0.5
nachlassen	neg 1.0		off 0.49751212807839457 neg 0.45854634622937257 __DUMMY__ 0.04394152569223292	false	0.5
alt	neg 1.0		off 0.4987080892892458 neg 0.45738605675396177 __DUMMY__ 0.043905853956792286	false	0.5
hundesohn	off 1.0		off 0.5129342920586578 neg 0.4441208586440022 __DUMMY__ 0.04294484929734014	false	1.0
als			off 0.500480305191914 neg 0.4555921119362354 __DUMMY__ 0.043927582871850786	false	0.0
abschreckung	neg 1.0		off 0.4951182195487336 neg 0.46090627815929786 __DUMMY__ 0.043975502291968525	false	0.5
unqualifiziert	neg 1.0		off 0.5009213902642133 neg 0.45581036484750737 __DUMMY__ 0.04326824488827933	false	0.5
abgewichst	off 1.0		off 0.49939646151795486 neg 0.4567878081031528 __DUMMY__ 0.043815730378892345	false	1.0
schwer	neg 1.0		off 0.5017333287556198 neg 0.45445548381604384 __DUMMY__ 0.043811187428336416	false	0.5
bedeutungslosigkeit	neg 1.0		off 0.49544709988311775 neg 0.46066625504714154 __DUMMY__ 0.04388664506974066	false	0.5
kapitulation	neg 1.0		off 0.4952719217118082 neg 0.4610518548361797 __DUMMY__ 0.04367622345201208	false	0.5
unscharf	neg 1.0		off 0.5031317793805042 neg 0.4532817622031197 __DUMMY__ 0.043586458416375984	false	0.5
schwinden	neg 1.0		off 0.49602051356625465 neg 0.46002955945636503 __DUMMY__ 0.04394992697738026	false	0.5
versklavung	neg 1.0		off 0.49941343223079765 neg 0.45714192954189276 __DUMMY__ 0.04344463822730951	false	0.5
schlecht	neg 1.0		off 0.507904293015707 neg 0.448520438878279 __DUMMY__ 0.043575268106013934	false	0.5
verhasst	neg 1.0		off 0.5016882229979619 neg 0.4546632121937073 __DUMMY__ 0.04364856480833081	false	0.5
beschweren	neg 1.0		off 0.5030591359827874 neg 0.45326950857589227 __DUMMY__ 0.04367135544132043	false	0.5
scheiden	neg 1.0		off 0.5039076050820056 neg 0.45212613071061414 __DUMMY__ 0.04396626420738036	false	0.5
frustriert	neg 1.0		off 0.5003609307239679 neg 0.45581780142446143 __DUMMY__ 0.043821267851570526	false	0.5
schimmelig	neg 1.0		off 0.49862302854091217 neg 0.4573949054019563 __DUMMY__ 0.04398206605713156	false	0.5
fisch	neg 1.0		off 0.4981315912155506 neg 0.4577518520607128 __DUMMY__ 0.0441165567237366	false	0.5
schmuggel	neg 1.0		off 0.4987141274363507 neg 0.4570821931237666 __DUMMY__ 0.0442036794398828	false	0.5
auffallen	neg 1.0		off 0.5038226360599724 neg 0.45252419034489627 __DUMMY__ 0.043653173595131205	false	0.5
konkurrenz	neg 1.0	neg 1.0	neg 0.7153752195750476 off 0.263483416245554 __DUMMY__ 0.021141364179398506	false	1.0
teufelskreis	neg 1.0		off 0.5007668675296232 neg 0.45544398579475387 __DUMMY__ 0.04378914667562307	false	0.5
aufschreien	neg 1.0		off 0.5028632091583314 neg 0.4535637548740157 __DUMMY__ 0.043573035967652905	false	0.5
schuldner	neg 1.0		off 0.4958675470662932 neg 0.46022471612153854 __DUMMY__ 0.043907736812168224	false	0.5
missgeburt	off 1.0	off 1.0	off 0.7418481467986792 neg 0.2374440573360537 __DUMMY__ 0.020707795865267258	false	1.0
arbeitslos	neg 1.0		off 0.49765381450487484 neg 0.45866991932205764 __DUMMY__ 0.04367626617306764	false	0.5
befallen	neg 1.0		off 0.4996647022954905 neg 0.45652889066267477 __DUMMY__ 0.043806407041834736	false	0.5
miesepetrig	off 1.0	off 1.0	off 0.7404224904258137 neg 0.2386610449202183 __DUMMY__ 0.020916464653967945	false	1.0
alarmieren	neg 1.0		off 0.5042706139943559 neg 0.4522839664944572 __DUMMY__ 0.04344541951118705	false	0.5
ungeduscht	off 1.0		off 0.5057966475830673 neg 0.4505267946535168 __DUMMY__ 0.043676557763415925	false	1.0
knappheit	neg 1.0		off 0.4954522477626512 neg 0.4608722791133949 __DUMMY__ 0.04367547312395396	false	0.5
schlange	neg 1.0		off 0.5051616421934566 neg 0.4509490666053951 __DUMMY__ 0.04388929120114833	false	0.5
harsch	neg 1.0		off 0.5118571732501106 neg 0.444701016536406 __DUMMY__ 0.043441810213483444	false	0.5
lang	neg 1.0		off 0.5019361065763568 neg 0.4542790829931061 __DUMMY__ 0.04378481043053721	false	0.5
ziellos	neg 1.0		off 0.500630721155211 neg 0.45534504464059705 __DUMMY__ 0.0440242342041919	false	0.5
selbstverliebt	neg 1.0		off 0.515227283351017 neg 0.44195217803367687 __DUMMY__ 0.04282053861530619	false	0.5
beseitigen	neg 1.0		off 0.4999511039798993 neg 0.45629029300640145 __DUMMY__ 0.04375860301369934	false	0.5
dumm	off 1.0		off 0.5118161656472384 neg 0.4450721943255604 __DUMMY__ 0.0431116400272012	false	1.0
arbeitsloser	neg 1.0		off 0.4982808810410058 neg 0.4578590382159533 __DUMMY__ 0.04386008074304091	false	0.5
blitzen	neg 1.0		off 0.5043560999799918 neg 0.4520085824650117 __DUMMY__ 0.04363531755499654	false	0.5
hilflos	neg 1.0		off 0.5004088908763663 neg 0.4557074883093146 __DUMMY__ 0.04388362081431907	false	0.5
eklig	off 1.0		off 0.5135005691085203 neg 0.4433159101846997 __DUMMY__ 0.04318352070677997	false	1.0
begriff			off 0.4987299528575647 neg 0.45760234890579654 __DUMMY__ 0.04366769823663888	false	0.0
hungersnot	neg 1.0		off 0.5001561054909667 neg 0.4559546070551947 __DUMMY__ 0.04388928745383863	false	0.5
ungesetzlich	neg 1.0		off 0.49854944124850975 neg 0.45822630145924825 __DUMMY__ 0.043224257292242003	false	0.5
verschwendung	neg 1.0		off 0.4969244606085869 neg 0.45918374239856263 __DUMMY__ 0.043891796992850465	false	0.5
schmerzvoll	neg 1.0		off 0.503503029600206 neg 0.45277810724575557 __DUMMY__ 0.04371886315403845	false	0.5
vorzeitig	neg 1.0		off 0.5058244578342921 neg 0.4503995122521216 __DUMMY__ 0.04377602991358632	false	0.5
unvollkommenheit	neg 1.0		off 0.5025373814467637 neg 0.45326483770374654 __DUMMY__ 0.04419778084948964	false	0.5
intervenieren	neg 1.0		off 0.4945760839268244 neg 0.4617173434012203 __DUMMY__ 0.04370657267195531	false	0.5
banause	off 1.0		off 0.5138718029748395 neg 0.4431832405799756 __DUMMY__ 0.04294495644518497	false	1.0
rebell	neg 1.0		off 0.4937129038952903 neg 0.46227425581441045 __DUMMY__ 0.04401284029029911	false	0.5
unlogisch	neg 1.0		off 0.5087719246759753 neg 0.447914691334903 __DUMMY__ 0.04331338398912164	false	0.5
leiden	neg 1.0		off 0.5002367280518866 neg 0.45548557511316495 __DUMMY__ 0.044277696834948345	false	0.5
abschaffung	neg 1.0		off 0.4988534522727095 neg 0.45768906506993995 __DUMMY__ 0.0434574826573506	false	0.5
sturz	neg 1.0		off 0.5024290213187501 neg 0.45369352404314245 __DUMMY__ 0.04387745463810753	false	0.5
verkleinerung	neg 1.0		off 0.5010229712757749 neg 0.45565628218804727 __DUMMY__ 0.043320746536178005	false	0.5
schmarotzer	off 1.0		off 0.49694922111217404 neg 0.4594270130136608 __DUMMY__ 0.043623765874165256	false	1.0
bestrafung	neg 1.0		off 0.502242410923529 neg 0.45409611095678987 __DUMMY__ 0.04366147811968105	false	0.5
achtlos	neg 1.0		off 0.5025063398076639 neg 0.4535996036057638 __DUMMY__ 0.04389405658657239	false	0.5
ungeheuer	neg 1.0		off 0.5045031643353126 neg 0.45185360432021987 __DUMMY__ 0.04364323134446763	false	0.5
unaufrichtig	neg 1.0		off 0.5020520436014176 neg 0.45442217223416764 __DUMMY__ 0.04352578416441459	false	0.5
groggy	neg 1.0		off 0.5031508674370202 neg 0.4532649197091235 __DUMMY__ 0.0435842128538564	false	0.5
