unsolidarisch	neg 1.0		__DUMMY__ 0.4822789975855914 off 0.26737087354354794 neg 0.2503501288708606	false	0.5
nachteilig	neg 1.0		__DUMMY__ 0.4874986755715666 off 0.26453780086178963 neg 0.24796352356664386	false	0.5
skeptisch	neg 1.0		__DUMMY__ 0.48794394881269193 off 0.2637840455941053 neg 0.24827200559320275	false	0.5
schrecklich	neg 1.0		__DUMMY__ 0.48252333712370593 off 0.27979949553415856 neg 0.23767716734213554	false	0.5
schlapp	neg 1.0		__DUMMY__ 0.4856098627086566 off 0.27540574363846665 neg 0.23898439365287685	false	0.5
abfall	neg 1.0		__DUMMY__ 0.4901331217077423 off 0.261425702619424 neg 0.24844117567283372	false	0.5
widerspenstig	neg 1.0		__DUMMY__ 0.4872352466422211 off 0.269762463338041 neg 0.24300229001973783	false	0.5
abrupt	neg 1.0		__DUMMY__ 0.4900617645104942 off 0.2652577331760379 neg 0.24468050231346788	false	0.5
unwirksam	neg 1.0		__DUMMY__ 0.4832952066749119 off 0.2677728947672081 neg 0.24893189855787998	false	0.5
angreifen	neg 1.0	neg 1.0	neg 0.6106828005481598 __DUMMY__ 0.2392291743680252 off 0.150088025083815	false	1.0
inkonsistent	neg 1.0		__DUMMY__ 0.4860417086581864 off 0.27018443620723004 neg 0.24377385513458366	false	0.5
abrutschen	neg 1.0		__DUMMY__ 0.48995371105244495 off 0.2617818004182233 neg 0.24826448852933167	false	0.5
unsicher	neg 1.0		__DUMMY__ 0.48761314113042276 off 0.26998472357384784 neg 0.2424021352957294	false	0.5
bauernkind	off 1.0	off 1.0	off 0.6282737811784748 __DUMMY__ 0.23480697441675577 neg 0.13691924440476946	false	1.0
angreifer	neg 1.0		__DUMMY__ 0.4876649298340763 off 0.2714544816878486 neg 0.24088058847807528	false	0.5
trennen	neg 1.0		__DUMMY__ 0.4910268159220359 off 0.2660648020340223 neg 0.242908382043942	false	0.5
schmutz	neg 1.0		__DUMMY__ 0.4915170751653324 off 0.27354472857536194 neg 0.23493819625930568	false	0.5
inkonsistenz	neg 1.0		__DUMMY__ 0.4821281086269164 off 0.27277109729725846 neg 0.24510079407582516	false	0.5
erschreckend	neg 1.0		__DUMMY__ 0.48630094319510997 off 0.2680007162244803 neg 0.24569834058040987	false	0.5
ertrinken	neg 1.0		__DUMMY__ 0.4902251407126624 off 0.26668295648876245 neg 0.2430919027985751	false	0.5
pickelface	off 1.0		__DUMMY__ 0.48678641653687155 off 0.2669692413823211 neg 0.24624434208080742	false	1.0
seiner			__DUMMY__ 0.4894769304796274 off 0.2649865053661676 neg 0.24553656415420497	false	0.0
lauch	neg 1.0		__DUMMY__ 0.4880912873969582 off 0.2609848484613191 neg 0.2509238641417227	false	0.5
unwichtig	neg 1.0		__DUMMY__ 0.48408788644143463 off 0.2744546983716473 neg 0.24145741518691816	false	0.5
steuerhinterziehung	neg 1.0		__DUMMY__ 0.4853888623811218 off 0.2666612323316599 neg 0.2479499052872182	false	0.5
schock	neg 1.0		__DUMMY__ 0.48970315462566083 off 0.2696806505947843 neg 0.24061619477955484	false	0.5
beule	neg 1.0		__DUMMY__ 0.4859427609883929 off 0.2759273810464975 neg 0.23812985796510952	false	0.5
vergelten	neg 1.0		__DUMMY__ 0.48582468160000175 off 0.2793556451327731 neg 0.234819673267225	false	0.5
verdorbenheit	neg 1.0		__DUMMY__ 0.48720588423893574 off 0.2689323977579848 neg 0.24386171800307968	false	0.5
trauma	neg 1.0		__DUMMY__ 0.4862688242917556 off 0.2705223189895658 neg 0.2432088567186786	false	0.5
sinnlos	neg 1.0		__DUMMY__ 0.48654856505477584 off 0.272392039036292 neg 0.2410593959089322	false	0.5
fettsack	off 1.0	off 1.0	off 0.6298267768870535 __DUMMY__ 0.2355881408385262 neg 0.13458508227442037	false	1.0
feige	off 1.0	off 1.0	off 0.6261790166318946 __DUMMY__ 0.23630316288763084 neg 0.1375178204804746	false	1.0
abdanken	neg 1.0		__DUMMY__ 0.48573854697265856 off 0.2679366313557893 neg 0.24632482167155206	false	0.5
wichtigtuer	off 1.0	off 1.0	off 0.6243708573805541 __DUMMY__ 0.23715792538956346 neg 0.13847121722988245	false	1.0
misslingen	neg 1.0		__DUMMY__ 0.48997934654162556 off 0.2719099522680749 neg 0.2381107011902994	false	0.5
untreu	off 1.0		__DUMMY__ 0.48375266238278136 off 0.27586968957778457 neg 0.24037764803943404	false	1.0
missmutig	neg 1.0		__DUMMY__ 0.4851321093731214 off 0.2749629643990227 neg 0.23990492622785575	false	0.5
hurenbock	off 1.0		__DUMMY__ 0.48695517692377965 off 0.2711425164672548 neg 0.24190230660896542	false	1.0
betrunken	neg 1.0		__DUMMY__ 0.48561868056472385 off 0.27848645437773034 neg 0.23589486505754573	false	0.5
korrupt	off 1.0		__DUMMY__ 0.4839980273267702 off 0.265285924551264 neg 0.2507160481219659	false	1.0
unmut	neg 1.0		__DUMMY__ 0.4892080100869668 off 0.26121484768858044 neg 0.24957714222445285	false	0.5
hackfresse	off 1.0		__DUMMY__ 0.4800895363869973 off 0.28309065120657473 neg 0.23681981240642802	false	1.0
aufblasen	neg 1.0		__DUMMY__ 0.4878866901545178 off 0.27175315634827635 neg 0.240360153497206	false	0.5
gewaltsam	neg 1.0		__DUMMY__ 0.4874488445192709 off 0.26862673498560175 neg 0.2439244204951273	false	0.5
unbeliebtheit	neg 1.0		__DUMMY__ 0.4790905271259165 off 0.2716738912481596 neg 0.2492355816259239	false	0.5
sturheit	neg 1.0		__DUMMY__ 0.4861016571310289 off 0.26790353208899054 neg 0.24599481077998073	false	0.5
kuh	neg 1.0		__DUMMY__ 0.4847235089674128 off 0.2693369497168017 neg 0.24593954131578535	false	0.5
erschrecken	neg 1.0		__DUMMY__ 0.48570423722549805 off 0.2743156251467227 neg 0.23998013762777934	false	0.5
opfer	neg 1.0		__DUMMY__ 0.4891205019114414 off 0.26629035691164743 neg 0.2445891411769112	false	0.5
sinken	neg 1.0		__DUMMY__ 0.48911931559487526 off 0.26179952704941734 neg 0.24908115735570738	false	0.5
stinktier	neg 1.0		__DUMMY__ 0.48141202955118667 off 0.2800097285289458 neg 0.2385782419198675	false	0.5
tucke	off 1.0		__DUMMY__ 0.4772468197114038 off 0.2824767309573316 neg 0.24027644933126469	false	1.0
ein			__DUMMY__ 0.48730773481993195 off 0.2706348659085506 neg 0.24205739927151748	false	0.0
abstieg	neg 1.0		__DUMMY__ 0.49103340154846714 off 0.2659725633041809 neg 0.24299403514735193	false	0.5
missverstehen	neg 1.0		__DUMMY__ 0.4844562892832301 off 0.2718343078004578 neg 0.2437094029163121	false	0.5
ergebnislos	neg 1.0		__DUMMY__ 0.4881220972292217 off 0.26456381485956715 neg 0.2473140879112113	false	0.5
unter			__DUMMY__ 0.4944666847443851 off 0.2580432721896207 neg 0.24749004306599437	false	0.0
manipulieren	neg 1.0		__DUMMY__ 0.4883642932823546 off 0.2640850708016503 neg 0.24755063591599533	false	0.5
unbewiesen	neg 1.0		__DUMMY__ 0.4821034210069453 off 0.26766161992775783 neg 0.2502349590652969	false	0.5
verschleppen	neg 1.0		__DUMMY__ 0.4879267972564238 off 0.2665226959257895 neg 0.24555050681778665	false	0.5
weib	off 1.0		__DUMMY__ 0.48031404172932607 off 0.28314056422632594 neg 0.2365453940443479	false	1.0
opposition	neg 1.0		__DUMMY__ 0.4848953349339651 off 0.2708395293303984 neg 0.24426513573563657	false	0.5
verkehrswidrig	neg 1.0	neg 1.0	neg 0.6015963363563408 __DUMMY__ 0.23910137124449693 off 0.15930229239916238	false	1.0
inkorrekt	neg 1.0		__DUMMY__ 0.48082509338251916 off 0.27611350437636717 neg 0.24306140224111364	false	0.5
vermeiden	neg 1.0		__DUMMY__ 0.49187998817084466 off 0.2597828666442382 neg 0.24833714518491712	false	0.5
abweichung	neg 1.0		__DUMMY__ 0.486844900871292 off 0.2645752405230705 neg 0.2485798586056375	false	0.5
alkoholisiert	neg 1.0		__DUMMY__ 0.4929713886824688 off 0.2660169857980866 neg 0.2410116255194446	false	0.5
scheiss	off 1.0	off 1.0	off 0.6267951248352416 __DUMMY__ 0.23745189388380009 neg 0.13575298128095833	false	1.0
herausforderung	neg 1.0	neg 1.0	neg 0.6068226844690443 __DUMMY__ 0.24204602525866598 off 0.15113129027228964	false	1.0
pervers	off 1.0		__DUMMY__ 0.47924945934908714 off 0.28663860339417346 neg 0.23411193725673926	false	1.0
wackelig	neg 1.0		__DUMMY__ 0.49049755241781384 off 0.26799735984321726 neg 0.24150508773896875	false	0.5
verwickeln	neg 1.0		__DUMMY__ 0.4844797858415542 off 0.27171388797284785 neg 0.24380632618559794	false	0.5
vorwand	neg 1.0		__DUMMY__ 0.48885782322447796 off 0.26333141343574595 neg 0.24781076333977614	false	0.5
muschi	off 1.0		__DUMMY__ 0.4866202862415763 off 0.2674192866998789 neg 0.24596042705854473	false	1.0
entmutigung	neg 1.0		__DUMMY__ 0.4843575972324139 off 0.2702666465246854 neg 0.24537575624290064	false	0.5
unangemessen	neg 1.0		__DUMMY__ 0.4859320697944916 off 0.2667855019876737 neg 0.24728242821783475	false	0.5
unstetig	neg 1.0		__DUMMY__ 0.48718649284148596 off 0.27079876102851236 neg 0.24201474613000173	false	0.5
entmutigen	neg 1.0		__DUMMY__ 0.4857266153270609 off 0.27075098243839396 neg 0.2435224022345452	false	0.5
schwanz	neg 1.0		__DUMMY__ 0.488459921810529 off 0.2643597282982894 neg 0.24718034989118162	false	0.5
verbot	neg 1.0		__DUMMY__ 0.48570423123754913 off 0.2656350344973532 neg 0.24866073426509752	false	0.5
leid	neg 1.0		__DUMMY__ 0.4826678227524115 off 0.2813103402100337 neg 0.2360218370375547	false	0.5
archaisch	neg 1.0		__DUMMY__ 0.48730690905857105 off 0.2671978337329918 neg 0.24549525720843726	false	0.5
gegen			__DUMMY__ 0.49032820449945136 off 0.2630721226867567 neg 0.24659967281379191	false	0.0
scheidung	neg 1.0		__DUMMY__ 0.47848009160798144 off 0.29043225111200577 neg 0.23108765728001282	false	0.5
einschlag	neg 1.0	neg 1.0	neg 0.6051927416233897 __DUMMY__ 0.23675467241572748 off 0.15805258596088284	false	1.0
m			__DUMMY__ 0.4884675557210874 off 0.2673628665235061 neg 0.24416957775540638	false	0.0
abgestanden	neg 1.0		__DUMMY__ 0.48813392221450813 off 0.27093070514873036 neg 0.24093537263676143	false	0.5
schmierig	off 1.0		__DUMMY__ 0.4830429117006232 off 0.28083514622751743 neg 0.23612194207185927	false	1.0
unpraktisch	neg 1.0		__DUMMY__ 0.4881342094119279 off 0.27135098655686385 neg 0.2405148040312081	false	0.5
wixxer	off 1.0		__DUMMY__ 0.4783366830563637 off 0.2859508893729286 neg 0.2357124275707077	false	1.0
bezeichnet			__DUMMY__ 0.4860199041846238 off 0.268647366318887 neg 0.24533272949648915	false	0.0
jammerlappen	off 1.0		__DUMMY__ 0.48439788408163276 off 0.27478262637670675 neg 0.2408194895416605	false	1.0
farce	neg 1.0		__DUMMY__ 0.4846424448283311 off 0.2661584677829181 neg 0.249199087388751	false	0.5
zwecklos	neg 1.0		__DUMMY__ 0.48665160911397876 off 0.2670427882629587 neg 0.24630560262306259	false	0.5
turbulent	neg 1.0		__DUMMY__ 0.4829147686538195 off 0.2746732172531365 neg 0.24241201409304394	false	0.5
invasion	neg 1.0		__DUMMY__ 0.4861664259116978 off 0.27229076249148537 neg 0.24154281159681684	false	0.5
schuld	neg 1.0		__DUMMY__ 0.4861987766333078 off 0.2704462377931536 neg 0.24335498557353857	false	0.5
risiko	neg 1.0		__DUMMY__ 0.4873573038958342 off 0.2700147062693053 neg 0.2426279898348605	false	0.5
finster	neg 1.0		__DUMMY__ 0.48732383104805754 off 0.2709354936446405 neg 0.24174067530730198	false	0.5
geisteskrank	off 1.0		__DUMMY__ 0.4826588410199609 off 0.27620743828704675 neg 0.24113372069299227	false	1.0
zusammenbrechen	neg 1.0		__DUMMY__ 0.48837106416482273 off 0.2684208640140829 neg 0.24320807182109436	false	0.5
ausbeute	neg 1.0		__DUMMY__ 0.4898762756010263 off 0.26489520157126534 neg 0.24522852282770832	false	0.5
hinterhalt	neg 1.0		__DUMMY__ 0.4877270031566783 off 0.2673820004582655 neg 0.2448909963850562	false	0.5
kritik	neg 1.0		__DUMMY__ 0.48521831322297887 off 0.2662112421079815 neg 0.24857044466903958	false	0.5
einschrumpfen	neg 1.0		__DUMMY__ 0.48248273551958165 off 0.2714464591262411 neg 0.2460708053541771	false	0.5
riskant	neg 1.0		__DUMMY__ 0.4878165577504041 off 0.2654274968378561 neg 0.24675594541173976	false	0.5
frustrieren	neg 1.0		__DUMMY__ 0.4878640172318275 off 0.26566365917323453 neg 0.24647232359493804	false	0.5
groll	neg 1.0		__DUMMY__ 0.4875996474935314 off 0.2670809806879378 neg 0.24531937181853083	false	0.5
gibt			__DUMMY__ 0.4870001528519106 off 0.26735683569311247 neg 0.24564301145497683	false	0.0
qualvoll	neg 1.0		__DUMMY__ 0.4870076894622412 off 0.27390870278454105 neg 0.2390836077532177	false	0.5
wackeln	neg 1.0	neg 1.0	neg 0.6059502626886308 __DUMMY__ 0.23987650845823935 off 0.15417322885312987	false	1.0
klagen	neg 1.0		__DUMMY__ 0.4887221533808625 off 0.2615812417195772 neg 0.2496966048995603	false	0.5
bankrott	neg 1.0		__DUMMY__ 0.48550477426988514 off 0.2738768888311748 neg 0.24061833689894	false	0.5
trauern	neg 1.0		__DUMMY__ 0.48975234559415165 off 0.26625844553327205 neg 0.2439892088725762	false	0.5
ablehnung	neg 1.0		__DUMMY__ 0.485183018552745 off 0.2662597390004469 neg 0.24855724244680805	false	0.5
stur	neg 1.0		__DUMMY__ 0.4855872041077075 off 0.2709337164626487 neg 0.24347907942964375	false	0.5
aufruhr	neg 1.0		__DUMMY__ 0.48786493976061185 off 0.26873634831065435 neg 0.24339871192873372	false	0.5
melancholie	neg 1.0		__DUMMY__ 0.4892298964568279 off 0.26742859849391115 neg 0.24334150504926086	false	0.5
ist			__DUMMY__ 0.48590953698347544 off 0.27139496147497394 neg 0.2426955015415505	false	0.0
torheit	neg 1.0		__DUMMY__ 0.4849874709880288 off 0.2697358981654518 neg 0.2452766308465194	false	0.5
dreckskind	off 1.0		__DUMMY__ 0.4808194604590921 off 0.2814697896901339 neg 0.2377107498507739	false	1.0
umtauschen	neg 1.0		__DUMMY__ 0.4874823521010147 off 0.26922090018631367 neg 0.2432967477126715	false	0.5
zum			__DUMMY__ 0.49414471612324723 off 0.26085509343797203 neg 0.2450001904387807	false	0.0
zersetzen	neg 1.0		__DUMMY__ 0.4875468535793241 off 0.26362643803529895 neg 0.2488267083853769	false	0.5
zur			__DUMMY__ 0.49182814574990624 off 0.25905509896823153 neg 0.2491167552818621	false	0.0
frust	neg 1.0		__DUMMY__ 0.4881242587294269 off 0.2680937885835048 neg 0.24378195268706843	false	0.5
unerbittlichkeit	neg 1.0		__DUMMY__ 0.48760811911100044 off 0.2637826736984545 neg 0.24860920719054516	false	0.5
zwei			__DUMMY__ 0.49259611374007 off 0.26286658478174474 neg 0.2445373014781852	false	0.0
unkorrekt	neg 1.0		__DUMMY__ 0.48013373847887386 off 0.27648271433628846 neg 0.24338354718483765	false	0.5
hexe	off 1.0		__DUMMY__ 0.48320166511694607 off 0.2750095189160391 neg 0.24178881596701493	false	1.0
lasch	neg 1.0		__DUMMY__ 0.48288142981474447 off 0.27256045983506405 neg 0.24455811035019162	false	0.5
rivale	neg 1.0		__DUMMY__ 0.4847487906356589 off 0.2782962883121053 neg 0.2369549210522359	false	0.5
mutlos	off 1.0	off 1.0	off 0.6203348653386695 __DUMMY__ 0.2380919472819432 neg 0.1415731873793872	false	1.0
wirr	off 1.0		__DUMMY__ 0.48070857737232037 off 0.27708340647740515 neg 0.24220801615027454	false	1.0
jahr			__DUMMY__ 0.491044005251851 off 0.2643535153911509 neg 0.24460247935699814	false	0.0
wird			__DUMMY__ 0.48800372426641797 off 0.26610892944334097 neg 0.24588734629024106	false	0.0
strafbar	neg 1.0		__DUMMY__ 0.4869839739694919 off 0.26518087332485674 neg 0.2478351527056514	false	0.5
erosion	neg 1.0		__DUMMY__ 0.48781739514674805 off 0.2706546987791858 neg 0.24152790607406618	false	0.5
eingehen	neg 1.0		__DUMMY__ 0.4862273775832446 off 0.2659625932332216 neg 0.2478100291835338	false	0.5
faul	off 1.0		__DUMMY__ 0.48622037210213015 off 0.27459491804689673 neg 0.23918470985097318	false	1.0
provisorium	neg 1.0		__DUMMY__ 0.4935555874245718 off 0.25733364143985954 neg 0.24911077113556865	false	0.5
schmerzen	neg 1.0		__DUMMY__ 0.4875038627836992 off 0.2697281582009472 neg 0.2427679790153535	false	0.5
schrumpfen	neg 1.0		__DUMMY__ 0.48985880501252316 off 0.2587760088708158 neg 0.25136518611666103	false	0.5
geistlos	off 1.0		__DUMMY__ 0.48205741581708766 off 0.27083478890240265 neg 0.24710779528050975	false	1.0
fehlkauf	neg 1.0		__DUMMY__ 0.48552594701321616 off 0.27117900288858104 neg 0.24329505009820274	false	0.5
frustrierend	neg 1.0		__DUMMY__ 0.4860220728589586 off 0.2742385210473235 neg 0.23973940609371794	false	0.5
unzufrieden	neg 1.0		__DUMMY__ 0.48645525412973 off 0.26676226141891446 neg 0.24678248445135556	false	0.5
verzweifeln	neg 1.0		__DUMMY__ 0.4871816107152181 off 0.26911826619451673 neg 0.24370012309026523	false	0.5
verzweifelt	neg 1.0		__DUMMY__ 0.4858594858519433 off 0.27114613098072443 neg 0.24299438316733235	false	0.5
misstrauensantrag	neg 1.0		__DUMMY__ 0.4853171666083072 off 0.2718082065407548 neg 0.24287462685093805	false	0.5
abfallen	neg 1.0		__DUMMY__ 0.4881175224596936 off 0.2716859971322261 neg 0.24019648040808042	false	0.5
fucker	off 1.0		__DUMMY__ 0.4827014186902808 off 0.276685120604546 neg 0.24061346070517334	false	1.0
ungezogen	neg 1.0		__DUMMY__ 0.4805130610491213 off 0.2850677966274244 neg 0.23441914232345448	false	0.5
irrsinnig	neg 1.0	neg 1.0	neg 0.6088020884286057 __DUMMY__ 0.2375975596581277 off 0.15360035191326663	false	1.0
unfassbar	neg 1.0		__DUMMY__ 0.4834128416012651 off 0.27524509078795534 neg 0.24134206761077961	false	0.5
hart	neg 1.0		__DUMMY__ 0.4851818308056711 off 0.27327852428917726 neg 0.24153964490515153	false	0.5
widerlich	off 1.0		__DUMMY__ 0.48250589901790064 off 0.27604668191748966 neg 0.2414474190646098	false	1.0
fatal	neg 1.0		__DUMMY__ 0.48554055885964564 off 0.2715379387360778 neg 0.24292150240427662	false	0.5
bruch	neg 1.0		__DUMMY__ 0.4894361586718923 off 0.26220031641981334 neg 0.24836352490829444	false	0.5
aushungern	neg 1.0		__DUMMY__ 0.4855835543590658 off 0.26757931210901026 neg 0.24683713353192388	false	0.5
anspannung	neg 1.0	neg 1.0	neg 0.6076795437785947 __DUMMY__ 0.2435493651972323 off 0.14877109102417294	false	1.0
von			__DUMMY__ 0.49111462414838475 off 0.2635454540895501 neg 0.24533992176206518	false	0.0
kraftlos	neg 1.0		__DUMMY__ 0.4901848795837082 off 0.268403467560525 neg 0.24141165285576677	false	0.5
vom			__DUMMY__ 0.4947306240857293 off 0.2585816693487441 neg 0.24668770656552647	false	0.0
grenzdebil	off 1.0		__DUMMY__ 0.48382436813542284 off 0.2766921557724996 neg 0.23948347609207754	false	1.0
vor			__DUMMY__ 0.4902264354769331 off 0.26389869184400977 neg 0.24587487267905717	false	0.0
unterwerfen	neg 1.0		__DUMMY__ 0.4878163066677893 off 0.2653281832888018 neg 0.246855510043409	false	0.5
versenkung	neg 1.0		__DUMMY__ 0.48832695985235647 off 0.2651959266705322 neg 0.24647711347711132	false	0.5
entziehen	neg 1.0		__DUMMY__ 0.4891249563260521 off 0.26257424520684775 neg 0.24830079846710007	false	0.5
finanzkrise	neg 1.0		__DUMMY__ 0.4850900780122002 off 0.2675013350979688 neg 0.24740858688983106	false	0.5
schimpfend	neg 1.0		__DUMMY__ 0.4886100081075363 off 0.2715966985439156 neg 0.23979329334854818	false	0.5
profan	neg 1.0		__DUMMY__ 0.48536727818571657 off 0.27260973208347705 neg 0.2420229897308064	false	0.5
korruption	neg 1.0		__DUMMY__ 0.4854828309064408 off 0.2654784227965995 neg 0.24903874629695963	false	0.5
â			__DUMMY__ 0.4885026430538439 off 0.2660732457878323 neg 0.24542411115832377	false	0.0
schmutzig	neg 1.0		__DUMMY__ 0.4851781571593684 off 0.276583947666333 neg 0.23823789517429866	false	0.5
sexy	neg 1.0		__DUMMY__ 0.48541159838224435 off 0.2733523281616308 neg 0.2412360734561249	false	0.5
abraten	neg 1.0		__DUMMY__ 0.4855717429842596 off 0.27142378991254384 neg 0.24300446710319665	false	0.5
schwarz	neg 1.0		__DUMMY__ 0.48544147250318254 off 0.27075995079760534 neg 0.24379857669921207	false	0.5
fotze	off 1.0		__DUMMY__ 0.48735023749617273 off 0.2651040074950692 neg 0.24754575500875797	false	1.0
verwirren	neg 1.0		__DUMMY__ 0.48522599759973 off 0.2728080331292025 neg 0.2419659692710676	false	0.5
zahnlos	off 1.0		__DUMMY__ 0.4863251872039456 off 0.26674854778622437 neg 0.24692626500983017	false	1.0
verheeren	neg 1.0		__DUMMY__ 0.4812630252239722 off 0.28648060915467566 neg 0.23225636562135213	false	0.5
hippie	neg 1.0		__DUMMY__ 0.4851956560642584 off 0.2726449404201803 neg 0.24215940351556148	false	0.5
rammen	neg 1.0		__DUMMY__ 0.48732558255661923 off 0.2708349785453079 neg 0.24183943889807288	false	0.5
unlauter	neg 1.0		__DUMMY__ 0.48219124077218645 off 0.26818202663566815 neg 0.24962673259214538	false	0.5
unheilvoll	neg 1.0		__DUMMY__ 0.48764630230439804 off 0.2728180744819799 neg 0.23953562321362207	false	0.5
niedrig	neg 1.0		__DUMMY__ 0.4899408715463573 off 0.2651698975926456 neg 0.2448892308609971	false	0.5
explosion	neg 1.0		__DUMMY__ 0.48519184643244395 off 0.27197935934741463 neg 0.24282879422014145	false	0.5
weichei	off 1.0		__DUMMY__ 0.4810771960170405 off 0.2816808878401915 neg 0.23724191614276785	false	1.0
minusmensch	off 1.0		__DUMMY__ 0.4762017259017623 off 0.2840326820368564 neg 0.23976559206138123	false	1.0
farblos	neg 1.0		__DUMMY__ 0.4903720241694576 off 0.26961948499198163 neg 0.24000849083856074	false	0.5
unwissend	neg 1.0	neg 1.0	neg 0.60749665475697 __DUMMY__ 0.2363850420346526 off 0.15611830320837736	false	1.0
traurig	neg 1.0		__DUMMY__ 0.48315059371468116 off 0.2787818295913555 neg 0.23806757669396317	false	0.5
senkung	neg 1.0		__DUMMY__ 0.48305745379642684 off 0.27137974046764574 neg 0.2455628057359275	false	0.5
ungleich	neg 1.0	neg 1.0	neg 0.6115881640734139 __DUMMY__ 0.2382763446973001 off 0.150135491229286	false	1.0
heikel	neg 1.0		__DUMMY__ 0.4873767352979153 off 0.26375049892002345 neg 0.2488727657820613	false	0.5
drosselung	neg 1.0		__DUMMY__ 0.4841421015489585 off 0.2761340564784884 neg 0.23972384197255317	false	0.5
falsch	neg 1.0		__DUMMY__ 0.4850386763395715 off 0.27414998542389846 neg 0.24081133823653011	false	0.5
unzufriedenheit	neg 1.0		__DUMMY__ 0.48812259274657344 off 0.26334477081097796 neg 0.24853263644244863	false	0.5
kurz	neg 1.0		__DUMMY__ 0.4890919090661006 off 0.2684737741259211 neg 0.24243431680797833	false	0.5
unsinnig	neg 1.0		__DUMMY__ 0.48534326493977265 off 0.26695680968489327 neg 0.24769992537533417	false	0.5
penner	off 1.0	off 1.0	off 0.6312787109453281 __DUMMY__ 0.2348274945863773 neg 0.1338937944682946	false	1.0
seicht	neg 1.0		__DUMMY__ 0.4781937932028519 off 0.2839467822701726 neg 0.23785942452697562	false	0.5
dummheit	off 1.0	off 1.0	off 0.6245806380135361 __DUMMY__ 0.23703727866522128 neg 0.13838208332124255	false	1.0
unerfreulich	neg 1.0		__DUMMY__ 0.48928725655970323 off 0.26338924112460355 neg 0.24732350231569317	false	0.5
motherfucker	off 1.0	off 1.0	off 0.6271049819972173 __DUMMY__ 0.23588151146602854 neg 0.13701350653675418	false	1.0
pikiert	neg 1.0		__DUMMY__ 0.48275704772631467 off 0.27480385047042105 neg 0.2424391018032642	false	0.5
wrack	neg 1.0		__DUMMY__ 0.4895259356774901 off 0.26557052131331876 neg 0.24490354300919112	false	0.5
gangster	neg 1.0		__DUMMY__ 0.48566491541168566 off 0.2723717438172713 neg 0.24196334077104292	false	0.5
krank	neg 1.0		__DUMMY__ 0.4849963833898474 off 0.27744386363804024 neg 0.23755975297211235	false	0.5
reich	neg 1.0		__DUMMY__ 0.48233161187161316 off 0.2729460203660199 neg 0.24472236776236686	false	0.5
gnadenlos	neg 1.0		__DUMMY__ 0.4865276895044403 off 0.27058942569086675 neg 0.242882884804693	false	0.5
niedergeschlagen	neg 1.0		__DUMMY__ 0.4893237975356464 off 0.26900815530508504 neg 0.24166804715926854	false	0.5
terrorisieren	off 1.0	off 1.0	off 0.6211384383182748 __DUMMY__ 0.23934288924203315 neg 0.13951867243969218	false	1.0
sinnlosigkeit	neg 1.0		__DUMMY__ 0.48676040183734925 off 0.26708734666602196 neg 0.24615225149662895	false	0.5
behindern	neg 1.0		__DUMMY__ 0.486183856419897 off 0.2682646181533349 neg 0.2455515254267682	false	0.5
undemokratisch	neg 1.0		__DUMMY__ 0.4836555084507564 off 0.2691737410779562 neg 0.2471707504712873	false	0.5
wirtschaftskrise	neg 1.0		__DUMMY__ 0.4865691230705525 off 0.26530189379774066 neg 0.2481289831317069	false	0.5
neid	neg 1.0		__DUMMY__ 0.48670175566624335 off 0.275540993989333 neg 0.23775725034442352	false	0.5
rutschen	neg 1.0		__DUMMY__ 0.49317008617848423 off 0.26307488681517915 neg 0.24375502700633644	false	0.5
rezession	neg 1.0		__DUMMY__ 0.481034397647346 off 0.27888345260041025 neg 0.24008214975224382	false	0.5
fehlgeburt	neg 1.0		__DUMMY__ 0.4881072230903637 off 0.27267962290578585 neg 0.23921315400385051	false	0.5
charakterschwach	off 1.0		__DUMMY__ 0.48357438091101224 off 0.2760658909310767 neg 0.24035972815791104	false	1.0
isolation	neg 1.0		__DUMMY__ 0.485740500678545 off 0.2740594351279325 neg 0.24020006419352238	false	0.5
ablenkung	neg 1.0		__DUMMY__ 0.4868785418872026 off 0.26999059719748014 neg 0.24313086091531724	false	0.5
pech	neg 1.0		__DUMMY__ 0.4858280255847252 off 0.274024093731851 neg 0.24014788068342383	false	0.5
vermeidung	neg 1.0		__DUMMY__ 0.48243499500129916 off 0.2757649716693274 neg 0.24180003332937333	false	0.5
dominieren	neg 1.0		__DUMMY__ 0.49009872110577213 off 0.2666412602917726 neg 0.24326001860245522	false	0.5
schwindlig	neg 1.0		__DUMMY__ 0.4890365452953945 off 0.27369303262717826 neg 0.2372704220774273	false	0.5
lutscher	neg 1.0		__DUMMY__ 0.4783949397798759 off 0.28484814585333257 neg 0.23675691436679158	false	0.5
pflicht	neg 1.0		__DUMMY__ 0.48764020685257997 off 0.2636666639535494 neg 0.24869312919387068	false	0.5
faschist	off 1.0		__DUMMY__ 0.48277765804038086 off 0.27151493551575145 neg 0.2457074064438677	false	1.0
verschleudern	neg 1.0		__DUMMY__ 0.48448522422121976 off 0.2634316203068118 neg 0.2520831554719685	false	0.5
wenn			__DUMMY__ 0.48485848554361793 off 0.27434087433007265 neg 0.24080064012630933	false	0.0
ehebruch	neg 1.0		__DUMMY__ 0.4875026849602143 off 0.265916303355497 neg 0.24658101168428878	false	0.5
spott	off 1.0		__DUMMY__ 0.4866188493625112 off 0.26484509852662147 neg 0.24853605211086727	false	1.0
trostlosigkeit	neg 1.0		__DUMMY__ 0.4893796714052077 off 0.26299766831693666 neg 0.24762266027785565	false	0.5
lutschen	neg 1.0		__DUMMY__ 0.4848107296253053 off 0.2718951955881479 neg 0.24329407478654672	false	0.5
undiszipliniert	neg 1.0		__DUMMY__ 0.48402668751929195 off 0.27811117677531816 neg 0.23786213570538997	false	0.5
kopfschmerz	neg 1.0		__DUMMY__ 0.4894695732336259 off 0.26888556692117926 neg 0.24164485984519501	false	0.5
unvorhergesehen	neg 1.0		__DUMMY__ 0.4911529881031392 off 0.2666825579520826 neg 0.24216445394477829	false	0.5
desinteressiert	neg 1.0		__DUMMY__ 0.4826483471501845 off 0.2773347442055444 neg 0.2400169086442711	false	0.5
armselig	off 1.0		__DUMMY__ 0.4809535126131311 off 0.27781958885301106 neg 0.24122689853385781	false	1.0
desaster	neg 1.0		__DUMMY__ 0.4883709893601762 off 0.2610210972147896 neg 0.2506079134250342	false	0.5
tod	neg 1.0		__DUMMY__ 0.48990115431447145 off 0.26679304660505826 neg 0.2433057990804703	false	0.5
herzlos	neg 1.0		__DUMMY__ 0.48200894963141466 off 0.27889343242592923 neg 0.23909761794265602	false	0.5
unwissenheit	neg 1.0		__DUMMY__ 0.4852625591750724 off 0.2661365732089608 neg 0.24860086761596684	false	0.5
widersinnig	neg 1.0	neg 1.0	neg 0.6125191949260905 __DUMMY__ 0.2365015299060164 off 0.1509792751678931	false	1.0
bedenklich	neg 1.0		__DUMMY__ 0.48682855404647196 off 0.2653117487195652 neg 0.24785969723396287	false	0.5
beanstanden	neg 1.0		__DUMMY__ 0.48801375256541857 off 0.2630370931652716 neg 0.24894915426930972	false	0.5
panisch	neg 1.0	neg 1.0	neg 0.6044938101407663 __DUMMY__ 0.23985270131480182 off 0.15565348854443192	false	1.0
debil	off 1.0		__DUMMY__ 0.4911891846070415 off 0.25825863377411734 neg 0.2505521816188412	false	1.0
abstrich	neg 1.0		__DUMMY__ 0.48654477129658974 off 0.26556462798952796 neg 0.2478906007138824	false	0.5
primitiv	neg 1.0		__DUMMY__ 0.4825536633415864 off 0.2765968833210186 neg 0.24084945333739508	false	0.5
abschaum	off 1.0	off 1.0	off 0.6259441449760745 __DUMMY__ 0.2366485000085814 neg 0.13740735501534407	false	1.0
provozieren	neg 1.0		__DUMMY__ 0.4856823042744751 off 0.270027162505452 neg 0.2442905332200729	false	0.5
tot	neg 1.0		__DUMMY__ 0.4864364256595332 off 0.26451599748346366 neg 0.24904757685700304	false	0.5
instabil	neg 1.0		__DUMMY__ 0.48026420530293207 off 0.27529280664341915 neg 0.24444298805364884	false	0.5
schwuchtel	off 1.0		__DUMMY__ 0.4766384992339323 off 0.2897625336635963 neg 0.23359896710247155	false	1.0
zerren	neg 1.0		__DUMMY__ 0.48924324630660654 off 0.26909083558580155 neg 0.24166591810759194	false	0.5
kinderficker	off 1.0		__DUMMY__ 0.4790380068379365 off 0.28000313225080886 neg 0.24095886091125454	false	1.0
gefahr	neg 1.0		__DUMMY__ 0.489292814399446 off 0.2639927699661546 neg 0.24671441563439944	false	0.5
rabiat	neg 1.0		__DUMMY__ 0.4859955516158841 off 0.2693418391027194 neg 0.24466260928139652	false	0.5
verlangsamung	neg 1.0		__DUMMY__ 0.4807942910121361 off 0.2829542297035813 neg 0.23625147928428256	false	0.5
ausgestorben	neg 1.0		__DUMMY__ 0.4880604691828225 off 0.269405574973964 neg 0.24253395584321344	false	0.5
anklagen	neg 1.0		__DUMMY__ 0.48674253264523776 off 0.267372322290052 neg 0.24588514506471035	false	0.5
trott	neg 1.0		__DUMMY__ 0.4873332709689991 off 0.26898979174432164 neg 0.24367693728667922	false	0.5
verminderung	neg 1.0		__DUMMY__ 0.48189357029114743 off 0.2764952551753208 neg 0.24161117453353168	false	0.5
nach			__DUMMY__ 0.4950733709539379 off 0.2618306517405639 neg 0.24309597730549823	false	0.0
rost	neg 1.0		__DUMMY__ 0.48180244170957526 off 0.281797957658958 neg 0.23639960063146662	false	0.5
destruktiv	neg 1.0		__DUMMY__ 0.4843060498083708 off 0.2680169691370436 neg 0.24767698105458566	false	0.5
unzumutbarkeit	neg 1.0		__DUMMY__ 0.4849997543777094 off 0.2746942355166749 neg 0.24030601010561575	false	0.5
labil	off 1.0	off 1.0	off 0.625878613973076 __DUMMY__ 0.23669921994549353 neg 0.1374221660814305	false	1.0
ziemlich	neg 1.0		__DUMMY__ 0.48467712884289854 off 0.276303295766259 neg 0.23901957539084245	false	0.5
lachnummer	off 1.0		__DUMMY__ 0.48526871784215936 off 0.2686681381833215 neg 0.2460631439745192	false	1.0
oder			__DUMMY__ 0.48750258234072924 off 0.270201350477296 neg 0.2422960671819746	false	0.0
verfall	neg 1.0		__DUMMY__ 0.4901525994379976 off 0.25894632669928574 neg 0.2509010738627165	false	0.5
ausgrenzung	neg 1.0		__DUMMY__ 0.48406101441288574 off 0.27029317966149874 neg 0.24564580592561555	false	0.5
unordnung	neg 1.0		__DUMMY__ 0.48468081218422315 off 0.2755238546142702 neg 0.23979533320150667	false	0.5
fehlverhalten	neg 1.0		__DUMMY__ 0.4875521161096407 off 0.26403888834710815 neg 0.24840899554325122	false	0.5
eine			__DUMMY__ 0.4889106366662558 off 0.2637650013651931 neg 0.247324361968551	false	0.0
nille	neg 1.0		__DUMMY__ 0.48688409143243033 off 0.26809358939330086 neg 0.24502231917426887	false	0.5
qual	neg 1.0		__DUMMY__ 0.48728204506447714 off 0.2687378371928036 neg 0.24398011774271935	false	0.5
verschwenden	neg 1.0		__DUMMY__ 0.48718177716955535 off 0.2660480672062503 neg 0.24677015562419444	false	0.5
riesig	neg 1.0	neg 1.0	neg 0.6079245115511107 __DUMMY__ 0.24049420579640243 off 0.15158128265248683	false	1.0
verurteilen	neg 1.0		__DUMMY__ 0.4868389522037749 off 0.2668568200271274 neg 0.24630422776909777	false	0.5
klischee	neg 1.0	neg 1.0	neg 0.6085299795446368 __DUMMY__ 0.23647937653617113 off 0.15499064391919196	false	1.0
diktatorisch	neg 1.0		__DUMMY__ 0.4829476848119701 off 0.26958465406976073 neg 0.24746766111826923	false	0.5
vorhersehbar	neg 1.0	neg 1.0	neg 0.6081367852251979 __DUMMY__ 0.23709531737616715 off 0.1547678973986349	false	1.0
sowie			__DUMMY__ 0.4808574757902182 off 0.2807515300843908 neg 0.23839099412539108	false	0.0
stornieren	neg 1.0		__DUMMY__ 0.4893226092056122 off 0.2714484494411282 neg 0.2392289413532596	false	0.5
besteuerung	neg 1.0		__DUMMY__ 0.4834751910731984 off 0.2688824403024448 neg 0.24764236862435665	false	0.5
ungeschminkt	neg 1.0		__DUMMY__ 0.48312880046399326 off 0.27592152807851467 neg 0.24094967145749213	false	0.5
kritisch	neg 1.0		__DUMMY__ 0.4866655631066909 off 0.26496872554300477 neg 0.24836571135030436	false	0.5
schlamperei	off 1.0		__DUMMY__ 0.4866801554019814 off 0.26363890783489446 neg 0.24968093676312414	false	1.0
sucht	neg 1.0	neg 1.0	neg 0.607350167009561 __DUMMY__ 0.23930625540709133 off 0.15334357758334777	false	1.0
egoistisch	off 1.0		__DUMMY__ 0.4815166872883471 off 0.28174087790579133 neg 0.2367424348058614	false	1.0
ausbeuter	off 1.0		__DUMMY__ 0.48655485471932153 off 0.26345195087356954 neg 0.24999319440710882	false	1.0
arschgeburt	off 1.0		__DUMMY__ 0.4760827443280639 off 0.28968966571431953 neg 0.23422758995761642	false	1.0
schubs	neg 1.0	neg 1.0	neg 0.60725425061343 __DUMMY__ 0.24040107301951436 off 0.15234467636705568	false	1.0
unsolide	neg 1.0		__DUMMY__ 0.4804046874063824 off 0.26911813229958764 neg 0.2504771802940301	false	0.5
beschwerde	neg 1.0		__DUMMY__ 0.4869364086697019 off 0.26400451286275084 neg 0.24905907846754738	false	0.5
stocken	neg 1.0		__DUMMY__ 0.48840846560969986 off 0.2653924804216125 neg 0.24619905396868771	false	0.5
isolieren	neg 1.0		__DUMMY__ 0.4875029733985791 off 0.26646076529626533 neg 0.24603626130515546	false	0.5
unheilbar	neg 1.0		__DUMMY__ 0.4886061318480604 off 0.2710424437362012 neg 0.24035142441573842	false	0.5
pisser	off 1.0		__DUMMY__ 0.48390901245096896 off 0.2775310646471514 neg 0.23855992290187955	false	1.0
löschen	neg 1.0		__DUMMY__ 0.48691410040834915 off 0.2694124151492524 neg 0.24367348444239842	false	0.5
durchfallen	neg 1.0		__DUMMY__ 0.4857471884884143 off 0.2662548648595423 neg 0.24799794665204353	false	0.5
wichser	off 1.0		__DUMMY__ 0.4794342357522668 off 0.28683329449812 neg 0.2337324697496132	false	1.0
terror	neg 1.0		__DUMMY__ 0.48668323457440044 off 0.2728771046516886 neg 0.240439660773911	false	0.5
krass	neg 1.0		__DUMMY__ 0.48191207909720496 off 0.27943603662279964 neg 0.23865188427999545	false	0.5
revolte	neg 1.0		__DUMMY__ 0.48398310585877136 off 0.2710022999432482 neg 0.24501459419798036	false	0.5
besorgt	neg 1.0		__DUMMY__ 0.48993844904783246 off 0.26828843055289686 neg 0.2417731203992706	false	0.5
nachlassen	neg 1.0		__DUMMY__ 0.48877703438468734 off 0.26509027727740303 neg 0.2461326883379095	false	0.5
alt	neg 1.0		__DUMMY__ 0.4884758040992039 off 0.26626772778420804 neg 0.24525646811658805	false	0.5
hundesohn	off 1.0		__DUMMY__ 0.47843782303710375 off 0.28435455962755973 neg 0.23720761733533655	false	1.0
als			__DUMMY__ 0.48856269430515226 off 0.2679665616395148 neg 0.24347074405533295	false	0.0
abschreckung	neg 1.0		__DUMMY__ 0.4890640954145083 off 0.2628804472820733 neg 0.24805545730341844	false	0.5
unqualifiziert	neg 1.0		__DUMMY__ 0.48173690862407503 off 0.27165113255606266 neg 0.2466119588198625	false	0.5
abgewichst	off 1.0		__DUMMY__ 0.48739117051300884 off 0.26752389488130973 neg 0.2450849346056816	false	1.0
schwer	neg 1.0		__DUMMY__ 0.4873180833266668 off 0.26969371585497415 neg 0.242988200818359	false	0.5
bedeutungslosigkeit	neg 1.0		__DUMMY__ 0.4881132476657758 off 0.2636074201546868 neg 0.24827933217953738	false	0.5
kapitulation	neg 1.0		__DUMMY__ 0.4859728623641474 off 0.26447483574814307 neg 0.24955230188770955	false	0.5
unscharf	neg 1.0		__DUMMY__ 0.4851392677970207 off 0.2718821093709833 neg 0.2429786228319959	false	0.5
schwinden	neg 1.0		__DUMMY__ 0.4888294147023459 off 0.2637727328372214 neg 0.24739785246043272	false	0.5
versklavung	neg 1.0		__DUMMY__ 0.48359870727233223 off 0.26941082085076795 neg 0.24699047187689974	false	0.5
schlecht	neg 1.0		__DUMMY__ 0.4849060118828857 off 0.2765241329641735 neg 0.23856985515294077	false	0.5
verhasst	neg 1.0		__DUMMY__ 0.4856506513766063 off 0.27048922537298525 neg 0.24386012325040846	false	0.5
beschweren	neg 1.0		__DUMMY__ 0.48587830045489305 off 0.27160352226435025 neg 0.24251817728075672	false	0.5
scheiden	neg 1.0		__DUMMY__ 0.4891220803098478 off 0.2708089146453854 neg 0.24006900504476691	false	0.5
frustriert	neg 1.0		__DUMMY__ 0.4874154731622212 off 0.26840336897848116 neg 0.24418115785929753	false	0.5
schimmelig	neg 1.0		__DUMMY__ 0.48926993953459236 off 0.26577334177902573 neg 0.24495671868638194	false	0.5
fisch	neg 1.0		__DUMMY__ 0.49072707014187733 off 0.26465594068831805 neg 0.2446169891698046	false	0.5
schmuggel	neg 1.0		__DUMMY__ 0.49154703769693875 off 0.26498062404441836 neg 0.24347233825864295	false	0.5
auffallen	neg 1.0		__DUMMY__ 0.48570010249701245 off 0.2723761776742043 neg 0.24192371982878327	false	0.5
konkurrenz	neg 1.0	neg 1.0	neg 0.610887223209267 __DUMMY__ 0.23994079543569108 off 0.14917198135504178	false	1.0
teufelskreis	neg 1.0		__DUMMY__ 0.4870942842566335 off 0.2689459198596525 neg 0.24395979588371397	false	0.5
aufschreien	neg 1.0		__DUMMY__ 0.4848657370313252 off 0.2719059656697364 neg 0.24322829729893833	false	0.5
schuldner	neg 1.0		__DUMMY__ 0.48840347383244276 off 0.26386314541171074 neg 0.2477333807558467	false	0.5
missgeburt	off 1.0	off 1.0	off 0.6296142876268319 __DUMMY__ 0.23520198717085358 neg 0.13518372520231445	false	1.0
arbeitslos	neg 1.0		__DUMMY__ 0.4859124316793599 off 0.26664506075738226 neg 0.24744250756325792	false	0.5
befallen	neg 1.0		__DUMMY__ 0.4874182015951304 off 0.26779834539143405 neg 0.24478345301343543	false	0.5
miesepetrig	off 1.0	off 1.0	off 0.6270682832757092 __DUMMY__ 0.2374841793303129 neg 0.1354475373939779	false	1.0
alarmieren	neg 1.0		__DUMMY__ 0.483620752859365 off 0.2738811143059544 neg 0.2424981328346807	false	0.5
ungeduscht	off 1.0		__DUMMY__ 0.48604430848348606 off 0.2739090535080528 neg 0.24004663800846107	false	1.0
knappheit	neg 1.0		__DUMMY__ 0.48601488801328113 off 0.26455897204186735 neg 0.24942613994485152	false	0.5
schlange	neg 1.0		__DUMMY__ 0.4881758980108794 off 0.27242009928540584 neg 0.23940400270371473	false	0.5
harsch	neg 1.0		__DUMMY__ 0.48360497959351617 off 0.2807772805143689 neg 0.23561773989211493	false	0.5
lang	neg 1.0		__DUMMY__ 0.48703545071327686 off 0.2700193673411546 neg 0.24294518194556858	false	0.5
ziellos	neg 1.0		__DUMMY__ 0.48954419799087473 off 0.26762730843248395 neg 0.24282849357664119	false	0.5
selbstverliebt	neg 1.0		__DUMMY__ 0.4771273527631599 off 0.2869904567600351 neg 0.23588219047680486	false	0.5
beseitigen	neg 1.0		__DUMMY__ 0.48691189039728033 off 0.2682633319377789 neg 0.2448247776649408	false	0.5
dumm	off 1.0		__DUMMY__ 0.4801314131984282 off 0.2823773488468017 neg 0.23749123795477006	false	1.0
arbeitsloser	neg 1.0		__DUMMY__ 0.4878702076320167 off 0.26635583148272957 neg 0.24577396088525363	false	0.5
blitzen	neg 1.0		__DUMMY__ 0.4855212969670249 off 0.2730054722533636 neg 0.24147323077961147	false	0.5
hilflos	neg 1.0		__DUMMY__ 0.4880704866292052 off 0.26812783921782674 neg 0.24380167415296805	false	0.5
eklig	off 1.0		__DUMMY__ 0.4809014973838001 off 0.28355168031842215 neg 0.2355468222977778	false	1.0
begriff			__DUMMY__ 0.48585819334988745 off 0.2676634049862255 neg 0.24647840166388707	false	0.0
hungersnot	neg 1.0		__DUMMY__ 0.4882476888833041 off 0.26789373108590153 neg 0.24385858003079433	false	0.5
ungesetzlich	neg 1.0		__DUMMY__ 0.48130131173196106 off 0.26976605897672007 neg 0.248932629291319	false	0.5
verschwendung	neg 1.0		__DUMMY__ 0.4881478312560254 off 0.26489905186694024 neg 0.2469531168770345	false	0.5
schmerzvoll	neg 1.0		__DUMMY__ 0.48637354384904824 off 0.2717597357462586 neg 0.24186672040469306	false	0.5
vorzeitig	neg 1.0		__DUMMY__ 0.4870957365263558 off 0.27360533380179486 neg 0.23929892967184918	false	0.5
unvollkommenheit	neg 1.0		__DUMMY__ 0.4914888150596205 off 0.26850211977104066 neg 0.24000906516933887	false	0.5
intervenieren	neg 1.0		__DUMMY__ 0.48627346866250354 off 0.2636914793750903 neg 0.25003505196240616	false	0.5
banause	off 1.0		__DUMMY__ 0.47845092444583937 off 0.28505461902865264 neg 0.236494456525508	false	1.0
rebell	neg 1.0		__DUMMY__ 0.4895378430901704 off 0.26120921929658547 neg 0.24925293761324405	false	0.5
unlogisch	neg 1.0		__DUMMY__ 0.48221519535421103 off 0.27858566320344585 neg 0.23919914144234306	false	0.5
leiden	neg 1.0		__DUMMY__ 0.492278563460359 off 0.26592345986968785 neg 0.2417979766699531	false	0.5
abschaffung	neg 1.0		__DUMMY__ 0.48372985152799797 off 0.26878500966081204 neg 0.24748513881118997	false	0.5
sturz	neg 1.0		__DUMMY__ 0.48813752502221985 off 0.26998601913431697 neg 0.24187645584346312	false	0.5
verkleinerung	neg 1.0		__DUMMY__ 0.4823527712199305 off 0.2714281543567387 neg 0.24621907442333066	false	0.5
schmarotzer	off 1.0		__DUMMY__ 0.4853909186111564 off 0.2662631859481607 neg 0.24834589544068306	false	1.0
bestrafung	neg 1.0		__DUMMY__ 0.48580551338393574 off 0.2709376512388945 neg 0.2432568353771698	false	0.5
achtlos	neg 1.0		__DUMMY__ 0.48819970452744665 off 0.26998227162941774 neg 0.24181802384313558	false	0.5
ungeheuer	neg 1.0		__DUMMY__ 0.48568663404781864 off 0.27299983220866403 neg 0.24131353374351724	false	0.5
unaufrichtig	neg 1.0		__DUMMY__ 0.48446451248160616 off 0.27142416440212125 neg 0.2441113231162725	false	0.5
groggy	neg 1.0		__DUMMY__ 0.48496575956165955 off 0.27219343206554025 neg 0.24284080837280023	false	0.5
verletzlich	neg 1.0		__DUMMY__ 0.48359673720245305 off 0.2774631411351671 neg 0.23894012166237988	false	0.5
