unsolidarisch	neg 1.0		__DUMMY__ 0.8898870866113453 neg 0.055067570330593237 off 0.05504534305806146	false	1.0
nachteilig	neg 1.0		__DUMMY__ 0.8969666445315335 neg 0.051825498689782874 off 0.05120785677868353	false	1.0
skeptisch	neg 1.0		__DUMMY__ 0.8973527966976141 neg 0.05202571676584205 off 0.05062148653654385	false	1.0
schrecklich	neg 1.0		__DUMMY__ 0.8903413645183176 off 0.06341095275145898 neg 0.04624768273022353	false	0.5
schlapp	neg 1.0		__DUMMY__ 0.8945873417476278 off 0.059081370725316475 neg 0.046331287527055794	false	0.5
abfall	neg 1.0		__DUMMY__ 0.9002637395761706 neg 0.051528845542084124 off 0.04820741488174535	false	1.0
widerspenstig	neg 1.0		__DUMMY__ 0.8966647034448403 off 0.05467284572485393 neg 0.04866245083030571	false	0.5
abrupt	neg 1.0		__DUMMY__ 0.9004586351724998 off 0.05062784518898335 neg 0.04891351963851677	false	0.5
unwirksam	neg 1.0		__DUMMY__ 0.8913873581743272 off 0.054636943595653506 neg 0.05397569823001925	false	0.5
angreifen	neg 1.0	neg 1.0	neg 0.5090816024579533 __DUMMY__ 0.4522893441009087 off 0.038629053441137984	false	1.0
inkonsistent	neg 1.0		__DUMMY__ 0.8952521340143531 off 0.0553210677188016 neg 0.049426798266845276	false	0.5
abrutschen	neg 1.0		__DUMMY__ 0.8999416412181749 neg 0.05152013018126622 off 0.04853822860055887	false	1.0
unsicher	neg 1.0		__DUMMY__ 0.896913596511822 off 0.05505649634306987 neg 0.04802990714510817	false	0.5
bauernkind	off 1.0	off 1.0	off 0.5177139955449812 __DUMMY__ 0.44489403511777764 neg 0.037391969337241114	false	1.0
angreifer	neg 1.0		__DUMMY__ 0.8972061855731462 off 0.05610478831309933 neg 0.0466890261137545	false	0.5
trennen	neg 1.0		__DUMMY__ 0.9014614870003052 off 0.05115489942684569 neg 0.04738361357284907	false	0.5
schmutz	neg 1.0		__DUMMY__ 0.9027746800304439 off 0.05607025334963431 neg 0.041155066619921764	false	0.5
inkonsistenz	neg 1.0		__DUMMY__ 0.889855717656522 off 0.05872465794028338 neg 0.0514196244031945	false	0.5
erschreckend	neg 1.0		__DUMMY__ 0.895135167051331 off 0.054128439011957574 neg 0.05073639393671144	false	0.5
ertrinken	neg 1.0		__DUMMY__ 0.9003742496622255 off 0.05188571267243696 neg 0.04774003766533763	false	0.5
pickelface	off 1.0		__DUMMY__ 0.896047308381281 off 0.053065970561592374 neg 0.050886721057126605	false	1.0
seiner			__DUMMY__ 0.8993695733546009 off 0.0509695670887938 neg 0.04966085955660527	false	0.0
lauch	neg 1.0		__DUMMY__ 0.897695126850785 neg 0.05397034532674709 off 0.04833452782246789	false	1.0
unwichtig	neg 1.0		__DUMMY__ 0.8923536449830455 off 0.059259386313125315 neg 0.048386968703829164	false	0.5
steuerhinterziehung	neg 1.0		__DUMMY__ 0.8941304570372163 off 0.05350174127182652 neg 0.05236780169095719	false	0.5
schock	neg 1.0		__DUMMY__ 0.8997455804003102 off 0.0541083653788979 neg 0.04614605422079189	false	0.5
beule	neg 1.0		__DUMMY__ 0.8951829663501074 off 0.05926193601982411 neg 0.0455550976300685	false	0.5
vergelten	neg 1.0		__DUMMY__ 0.8950275749616181 off 0.06228385599981984 neg 0.042688569038562045	false	0.5
verdorbenheit	neg 1.0		__DUMMY__ 0.8966715958802233 off 0.05401129985470839 neg 0.04931710426506839	false	0.5
trauma	neg 1.0		__DUMMY__ 0.8951520161327495 off 0.05580804969910288 neg 0.049039934168147524	false	0.5
sinnlos	neg 1.0		__DUMMY__ 0.8955705674220076 off 0.05706640481451338 neg 0.04736302776347897	false	0.5
fettsack	off 1.0	off 1.0	off 0.5189936968649439 __DUMMY__ 0.4462355033430901 neg 0.03477079979196601	false	1.0
feige	off 1.0	off 1.0	off 0.5155060006065026 __DUMMY__ 0.44725768625108264 neg 0.0372363131424147	false	1.0
abdanken	neg 1.0		__DUMMY__ 0.8945407247309687 off 0.05444501135709054 neg 0.051014263911940784	false	0.5
wichtigtuer	off 1.0	off 1.0	off 0.513448201334278 __DUMMY__ 0.44875279820313263 neg 0.03779900046258936	false	1.0
misslingen	neg 1.0		__DUMMY__ 0.900602961713428 off 0.05544481409291373 neg 0.04395222419365827	false	0.5
untreu	off 1.0		__DUMMY__ 0.8918663176564322 off 0.06032966302727677 neg 0.04780401931629103	false	1.0
missmutig	neg 1.0		__DUMMY__ 0.8937749007885373 off 0.05917335515488462 neg 0.04705174405657811	false	0.5
hurenbock	off 1.0		__DUMMY__ 0.8964767647641809 off 0.05576459883167382 neg 0.04775863640414528	false	1.0
betrunken	neg 1.0		__DUMMY__ 0.894592384403879 off 0.061367850929204645 neg 0.04403976466691637	false	0.5
korrupt	off 1.0		__DUMMY__ 0.8921762674985312 neg 0.05478958501173745 off 0.05303414748973135	false	0.5
unmut	neg 1.0		__DUMMY__ 0.8990536074016298 neg 0.052484538996020284 off 0.048461853602349926	false	1.0
hackfresse	off 1.0		__DUMMY__ 0.887192476811794 off 0.06645875834593558 neg 0.04634876484227046	false	1.0
aufblasen	neg 1.0		__DUMMY__ 0.8974355149257022 off 0.05599715350618795 neg 0.046567331568109896	false	0.5
gewaltsam	neg 1.0		__DUMMY__ 0.8968885189178345 off 0.05411535631948389 neg 0.048996124762681594	false	0.5
unbeliebtheit	neg 1.0		__DUMMY__ 0.8857613401939218 off 0.05888863154806274 neg 0.05535002825801546	false	0.5
sturheit	neg 1.0		__DUMMY__ 0.8949386209947274 off 0.054228900240758514 neg 0.05083247876451395	false	0.5
kuh	neg 1.0		__DUMMY__ 0.8936532845207324 off 0.05490781829022171 neg 0.05143889718904586	false	0.5
erschrecken	neg 1.0		__DUMMY__ 0.8944603997341135 off 0.05858041366536018 neg 0.04695918660052633	false	0.5
opfer	neg 1.0		__DUMMY__ 0.8989939803172354 off 0.05206773827057294 neg 0.04893828141219159	false	0.5
sinken	neg 1.0		__DUMMY__ 0.8990417635315748 neg 0.052213107764094366 off 0.04874512870433091	false	1.0
stinktier	neg 1.0		__DUMMY__ 0.8890621827431172 off 0.0638285824117451 neg 0.047109234845137626	false	0.5
tucke	off 1.0		__DUMMY__ 0.8835459852203298 off 0.06674503087438814 neg 0.049708983905282035	false	1.0
ein			__DUMMY__ 0.8967205663626676 off 0.05530244738526449 neg 0.04797698625206795	false	0.0
abstieg	neg 1.0		__DUMMY__ 0.901702209983487 off 0.051206464366955154 neg 0.04709132564955775	false	0.5
missverstehen	neg 1.0		__DUMMY__ 0.8928086844622043 off 0.0573527331191225 neg 0.0498385824186732	false	0.5
ergebnislos	neg 1.0		__DUMMY__ 0.8976764465348998 neg 0.05119109833492518 off 0.051132455130175045	false	1.0
unter			__DUMMY__ 0.906081646074553 neg 0.04958853034551702 off 0.04432982357992991	false	0.0
manipulieren	neg 1.0		__DUMMY__ 0.8980061942734595 neg 0.0512387007231769 off 0.05075510500336356	false	1.0
unbewiesen	neg 1.0		__DUMMY__ 0.8896456567951073 off 0.055345161261226586 neg 0.055009181943666156	false	0.5
verschleppen	neg 1.0		__DUMMY__ 0.897510054443908 off 0.05264140573564118 neg 0.0498485398204508	false	0.5
weib	off 1.0		__DUMMY__ 0.8875776036159214 off 0.06643291029348287 neg 0.04598948609059578	false	1.0
opposition	neg 1.0		__DUMMY__ 0.8935224355394582 off 0.05627537076573482 neg 0.05020219369480689	false	0.5
verkehrswidrig	neg 1.0	neg 1.0	neg 0.5003864731490144 __DUMMY__ 0.45259441933139155 off 0.04701910751959396	false	1.0
inkorrekt	neg 1.0		__DUMMY__ 0.8881337326687357 off 0.0615545752929627 neg 0.05031169203830158	false	0.5
vermeiden	neg 1.0		__DUMMY__ 0.9028149271115119 neg 0.050888693439507936 off 0.046296379448980206	false	1.0
abweichung	neg 1.0		__DUMMY__ 0.8961544644211589 neg 0.05241837197170634 off 0.051427163607134854	false	1.0
alkoholisiert	neg 1.0		__DUMMY__ 0.9046930598006824 off 0.050004265942968404 neg 0.04530267425634922	false	0.5
scheiss	off 1.0	off 1.0	off 0.515122503619207 __DUMMY__ 0.4496094299151494 neg 0.03526806646564373	false	1.0
herausforderung	neg 1.0	neg 1.0	neg 0.5041099345256389 __DUMMY__ 0.4575444249119449 off 0.03834564056241623	false	1.0
pervers	off 1.0		__DUMMY__ 0.8861802558023082 off 0.06926772371125392 neg 0.044552020486437846	false	1.0
wackelig	neg 1.0		__DUMMY__ 0.9009461102399092 off 0.052432615269951424 neg 0.0466212744901393	false	0.5
verwickeln	neg 1.0		__DUMMY__ 0.8927910950020037 off 0.05729559815533386 neg 0.04991330684266239	false	0.5
vorwand	neg 1.0		__DUMMY__ 0.8986194279922531 neg 0.051352343623348395 off 0.050028228384398375	false	1.0
muschi	off 1.0		__DUMMY__ 0.895732173312611 off 0.05352128034044136 neg 0.050746546346947544	false	1.0
entmutigung	neg 1.0		__DUMMY__ 0.8928057484254552 off 0.0564492855819866 neg 0.05074496599255811	false	0.5
unangemessen	neg 1.0		__DUMMY__ 0.8947377115491888 off 0.053428422420998004 neg 0.05183386602981322	false	0.5
unstetig	neg 1.0		__DUMMY__ 0.8968999631307769 off 0.055362974219856254 neg 0.04773706264936682	false	0.5
entmutigen	neg 1.0		__DUMMY__ 0.894517107888039 off 0.05613679847114274 neg 0.04934609364081832	false	0.5
schwanz	neg 1.0		__DUMMY__ 0.8983606482509525 neg 0.05108985613548956 off 0.050549495613557864	false	1.0
verbot	neg 1.0		__DUMMY__ 0.8944949197569746 off 0.05275893942301055 neg 0.052746140820014824	false	0.5
leid	neg 1.0		__DUMMY__ 0.8906874794928137 off 0.06434688585457377 neg 0.04496563465261249	false	0.5
archaisch	neg 1.0		__DUMMY__ 0.896625911353823 off 0.053134148584220144 neg 0.050239940061956916	false	0.5
gegen			__DUMMY__ 0.9005289939789055 neg 0.049928752289816164 off 0.049542253731278296	false	0.0
scheidung	neg 1.0		__DUMMY__ 0.8851608834872117 off 0.07252169250053038 neg 0.04231742401225799	false	0.5
einschlag	neg 1.0	neg 1.0	neg 0.5047568431990804 __DUMMY__ 0.4482511212412734 off 0.046992035559646095	false	1.0
m			__DUMMY__ 0.8980893008060992 off 0.05280237694954859 neg 0.0491083222443522	false	0.0
abgestanden	neg 1.0		__DUMMY__ 0.8982166449143881 off 0.054871486816630656 neg 0.046911868268981256	false	0.5
schmierig	off 1.0		__DUMMY__ 0.891141072989382 off 0.06392984284360471 neg 0.044929084167013224	false	1.0
unpraktisch	neg 1.0		__DUMMY__ 0.897894773807068 off 0.05549109935021755 neg 0.04661412684271443	false	0.5
wixxer	off 1.0		__DUMMY__ 0.884952034261294 off 0.06904994085419125 neg 0.04599802488451491	false	1.0
bezeichnet			__DUMMY__ 0.8948633438055127 off 0.05465869760990175 neg 0.05047795858458564	false	0.0
jammerlappen	off 1.0		__DUMMY__ 0.8927178424993083 off 0.05939679149415123 neg 0.047885366006540496	false	1.0
farce	neg 1.0		__DUMMY__ 0.8931151917079262 neg 0.0534785066468807 off 0.05340630164519304	false	1.0
zwecklos	neg 1.0		__DUMMY__ 0.8956227344203093 off 0.05336193624069721 neg 0.05101532933899353	false	0.5
turbulent	neg 1.0		__DUMMY__ 0.8911926801754562 off 0.05957937495662346 neg 0.049227944867920446	false	0.5
invasion	neg 1.0		__DUMMY__ 0.8950789273958666 off 0.057072882680550496 neg 0.04784818992358297	false	0.5
schuld	neg 1.0		__DUMMY__ 0.8950570058471417 off 0.05586108384364304 neg 0.049081910309215306	false	0.5
risiko	neg 1.0		__DUMMY__ 0.8969698586093297 off 0.0550713150080248 neg 0.047958826382645585	false	0.5
finster	neg 1.0		__DUMMY__ 0.896899279872344 off 0.05523919928854901 neg 0.04786152083910707	false	0.5
geisteskrank	off 1.0		__DUMMY__ 0.8904896861146196 off 0.06099774563337076 neg 0.04851256825200962	false	1.0
zusammenbrechen	neg 1.0		__DUMMY__ 0.8978685785562711 off 0.053743509552787644 neg 0.04838791189094123	false	0.5
ausbeute	neg 1.0		__DUMMY__ 0.9003472756086883 off 0.05026901045783731 neg 0.0493837139334744	false	0.5
hinterhalt	neg 1.0		__DUMMY__ 0.8974294145266561 off 0.05289165127222448 neg 0.049678934201119344	false	0.5
kritik	neg 1.0		__DUMMY__ 0.8938731587587595 off 0.05329201102707 neg 0.05283483021417051	false	0.5
einschrumpfen	neg 1.0		__DUMMY__ 0.8902750236331172 off 0.05758454306173423 neg 0.052140433305148615	false	0.5
riskant	neg 1.0		__DUMMY__ 0.897099160076385 off 0.05185494960259756 neg 0.05104589032101743	false	0.5
frustrieren	neg 1.0		__DUMMY__ 0.8972356185322585 off 0.05196585084269048 neg 0.05079853062505093	false	0.5
groll	neg 1.0		__DUMMY__ 0.8969774855595007 off 0.05311402415460577 neg 0.049908490285893566	false	0.5
gibt			__DUMMY__ 0.8959747734468025 off 0.053470390038396425 neg 0.05055483651480099	false	0.0
qualvoll	neg 1.0		__DUMMY__ 0.8962504666761634 off 0.05782865230583173 neg 0.04592088101800494	false	0.5
wackeln	neg 1.0	neg 1.0	neg 0.5044098334406796 __DUMMY__ 0.45357108431389404 off 0.0420190822454263	false	1.0
klagen	neg 1.0		__DUMMY__ 0.8984968589141306 neg 0.05265205907838528 off 0.0488510820074842	false	1.0
bankrott	neg 1.0		__DUMMY__ 0.8942678904567845 off 0.058212347267405706 neg 0.04751976227580983	false	0.5
trauern	neg 1.0		__DUMMY__ 0.899901771851139 off 0.05179199652291434 neg 0.04830623162594671	false	0.5
ablehnung	neg 1.0		__DUMMY__ 0.8938116354797205 off 0.05338062298637778 neg 0.05280774153390165	false	0.5
stur	neg 1.0		__DUMMY__ 0.8942452149555952 off 0.056377906286820385 neg 0.04937687875758453	false	0.5
aufruhr	neg 1.0		__DUMMY__ 0.8974477796150663 off 0.054136154538557274 neg 0.04841606584637652	false	0.5
melancholie	neg 1.0		__DUMMY__ 0.8993207729964203 off 0.05235614452795643 neg 0.04832308247562323	false	0.5
ist			__DUMMY__ 0.8946421442890569 off 0.0565239973347185 neg 0.04883385837622463	false	0.0
torheit	neg 1.0		__DUMMY__ 0.8936125183911204 off 0.055806582904566894 neg 0.05058089870431262	false	0.5
dreckskind	off 1.0		__DUMMY__ 0.8882432421397717 off 0.06512014465842324 neg 0.046636613201805004	false	1.0
umtauschen	neg 1.0		__DUMMY__ 0.8970378422390177 off 0.05405349996312684 neg 0.0489086577978555	false	0.5
zum			__DUMMY__ 0.9057402799322924 neg 0.04794443329796764 off 0.046315286769740005	false	0.0
zersetzen	neg 1.0		__DUMMY__ 0.8968537067496409 neg 0.05251228347667609 off 0.05063400977368311	false	1.0
zur			__DUMMY__ 0.9026004562324718 neg 0.05142070773585506 off 0.045978836031673145	false	0.0
frust	neg 1.0		__DUMMY__ 0.8974930430416654 off 0.05364284359593528 neg 0.048864113362399327	false	0.5
unerbittlichkeit	neg 1.0		__DUMMY__ 0.8969766313802916 neg 0.052292503886543246 off 0.05073086473316514	false	1.0
zwei			__DUMMY__ 0.9035634062706822 off 0.04824592392986771 neg 0.04819066979944994	false	0.0
unkorrekt	neg 1.0		__DUMMY__ 0.8872701959069182 off 0.06192006984799012 neg 0.050809734245091734	false	0.5
hexe	off 1.0		__DUMMY__ 0.891422964786398 off 0.059587129148995326 neg 0.04898990606460669	false	1.0
lasch	neg 1.0		__DUMMY__ 0.890720288385598 off 0.058373847096741996 neg 0.050905864517659924	false	0.5
rivale	neg 1.0		__DUMMY__ 0.8935246072569345 off 0.0616249824523689 neg 0.04485041029069657	false	0.5
mutlos	off 1.0	off 1.0	off 0.5093544289352552 __DUMMY__ 0.4503583952210005 neg 0.04028717584374423	false	1.0
wirr	off 1.0		__DUMMY__ 0.8880109314971517 off 0.06206623719072681 neg 0.0499228313121214	false	1.0
jahr			__DUMMY__ 0.9016614502595159 off 0.04974043611554911 neg 0.04859811362493495	false	0.0
wird			__DUMMY__ 0.89737546707449 off 0.05214370285155757 neg 0.050480830073952355	false	0.0
strafbar	neg 1.0		__DUMMY__ 0.896183713985794 off 0.052005481146321114 neg 0.05181080486788488	false	0.5
erosion	neg 1.0		__DUMMY__ 0.8972834213941044 off 0.055321397055467916 neg 0.047395181550427726	false	0.5
eingehen	neg 1.0		__DUMMY__ 0.8949629341334571 off 0.05276793034551668 neg 0.0522691355210262	false	0.5
faul	off 1.0		__DUMMY__ 0.895393298731653 off 0.05833872021315943 neg 0.0462679810551877	false	1.0
provisorium	neg 1.0		__DUMMY__ 0.9048842640895594 neg 0.05113138952297265 off 0.04398434638746804	false	1.0
schmerzen	neg 1.0		__DUMMY__ 0.8970485327109702 off 0.05441858567129979 neg 0.04853288161773007	false	0.5
schrumpfen	neg 1.0		__DUMMY__ 0.8999323517416944 neg 0.053652729444517745 off 0.04641491881378788	false	1.0
geistlos	off 1.0		__DUMMY__ 0.8896284680496872 off 0.05752836533003974 neg 0.05284316662027308	false	1.0
fehlkauf	neg 1.0		__DUMMY__ 0.8942944680853846 off 0.056483225042179876 neg 0.049222306872435485	false	0.5
frustrierend	neg 1.0		__DUMMY__ 0.8948950460672144 off 0.05849887206438141 neg 0.046606081868404266	false	0.5
unzufrieden	neg 1.0		__DUMMY__ 0.8952831764364328 off 0.0532517735355376 neg 0.051465050028029584	false	0.5
verzweifeln	neg 1.0		__DUMMY__ 0.8962827722698615 off 0.05461146848217809 neg 0.049105759247960325	false	0.5
verzweifelt	neg 1.0		__DUMMY__ 0.8945279721678911 off 0.056421819905340155 neg 0.049050207926768744	false	0.5
misstrauensantrag	neg 1.0		__DUMMY__ 0.8940754727749513 off 0.056824599095551605 neg 0.04909992812949712	false	0.5
abfallen	neg 1.0		__DUMMY__ 0.8978070204260234 off 0.05575083486809599 neg 0.046442144705880616	false	0.5
fucker	off 1.0		__DUMMY__ 0.8903638255963539 off 0.061376137741309046 neg 0.04826003666233715	false	1.0
ungezogen	neg 1.0		__DUMMY__ 0.8878671836367215 off 0.06769384512121811 neg 0.04443897124206034	false	0.5
irrsinnig	neg 1.0	neg 1.0	neg 0.5080456113294147 __DUMMY__ 0.4494378977669177 off 0.04251649090366748	false	1.0
unfassbar	neg 1.0		__DUMMY__ 0.891413812247361 off 0.059975059893168856 neg 0.04861112785947016	false	0.5
hart	neg 1.0		__DUMMY__ 0.8942329298227184 off 0.05779132748049943 neg 0.04797574269678209	false	0.5
widerlich	off 1.0		__DUMMY__ 0.8902826443662962 off 0.060849661416957815 neg 0.048867694216745854	false	1.0
fatal	neg 1.0		__DUMMY__ 0.8941752944986494 off 0.05679989670951483 neg 0.04902480879183564	false	0.5
bruch	neg 1.0		__DUMMY__ 0.899430909739394 neg 0.05147719253144878 off 0.04909189772915721	false	1.0
aushungern	neg 1.0		__DUMMY__ 0.894309842981752 off 0.05428190159295703 neg 0.051408255425291025	false	0.5
anspannung	neg 1.0	neg 1.0	neg 0.5044513769734412 __DUMMY__ 0.46009018470857943 off 0.03545843831797928	false	1.0
von			__DUMMY__ 0.9018182677634066 off 0.04917104178069908 neg 0.04901069045589432	false	0.0
kraftlos	neg 1.0		__DUMMY__ 0.9004456448416641 off 0.0530139533147772 neg 0.04654040184355874	false	0.5
vom			__DUMMY__ 0.9065033828959617 neg 0.04905199599612894 off 0.0444446211079095	false	0.0
grenzdebil	off 1.0		__DUMMY__ 0.8920360332953426 off 0.06082868780260554 neg 0.04713527890205183	false	1.0
vor			__DUMMY__ 0.9002931035933406 off 0.04996126534522272 neg 0.04974563106143667	false	0.0
unterwerfen	neg 1.0		__DUMMY__ 0.8973270457955832 off 0.05175582124224636 neg 0.05091713296217034	false	0.5
versenkung	neg 1.0		__DUMMY__ 0.897774850970261 off 0.05159648905666584 neg 0.05062865997307309	false	0.5
entziehen	neg 1.0		__DUMMY__ 0.8989436287053785 neg 0.051622449471978776 off 0.04943392182264276	false	1.0
finanzkrise	neg 1.0		__DUMMY__ 0.8937727877424839 off 0.054044503156256314 neg 0.05218270910125973	false	0.5
schimpfend	neg 1.0		__DUMMY__ 0.8986434351489561 off 0.05540197321276632 neg 0.0459545916382776	false	0.5
profan	neg 1.0		__DUMMY__ 0.8940215612973139 off 0.05748294005674576 neg 0.04849549864594031	false	0.5
korruption	neg 1.0		__DUMMY__ 0.8942267443227784 neg 0.05313002408970524 off 0.052643231587516486	false	1.0
â			__DUMMY__ 0.8981481194733368 off 0.051845692147956 neg 0.050006188378707274	false	0.0
schmutzig	neg 1.0		__DUMMY__ 0.893847104495945 off 0.060307607347757065 neg 0.0458452881562979	false	0.5
sexy	neg 1.0		__DUMMY__ 0.8940236602025264 off 0.05806674056732257 neg 0.04790959923015105	false	0.5
abraten	neg 1.0		__DUMMY__ 0.8943331606487313 off 0.05651621041670213 neg 0.04915062893456653	false	0.5
schwarz	neg 1.0		__DUMMY__ 0.8940587278986964 off 0.05623107258426398 neg 0.04971019951703948	false	0.5
fotze	off 1.0		__DUMMY__ 0.8967247975472623 neg 0.051699839928829525 off 0.05157536252390806	false	0.5
verwirren	neg 1.0		__DUMMY__ 0.893776966545899 off 0.057737231020334935 neg 0.04848580243376607	false	0.5
zahnlos	off 1.0		__DUMMY__ 0.8951718008921214 off 0.05328517129446242 neg 0.05154302781341615	false	1.0
verheeren	neg 1.0		__DUMMY__ 0.8888377011287664 off 0.06873429777346549 neg 0.04242800109776819	false	0.5
hippie	neg 1.0		__DUMMY__ 0.8936963443789144 off 0.05768482380869444 neg 0.048618831812391135	false	0.5
rammen	neg 1.0		__DUMMY__ 0.8970146804431367 off 0.05521306363898521 neg 0.047772255917878044	false	0.5
unlauter	neg 1.0		__DUMMY__ 0.8899112630365468 off 0.055398926672580034 neg 0.05468981029087328	false	0.5
unheilvoll	neg 1.0		__DUMMY__ 0.8973227000591244 off 0.05671233322152694 neg 0.04596496671934859	false	0.5
niedrig	neg 1.0		__DUMMY__ 0.9004500762595955 off 0.050668464080448714 neg 0.048881459659955835	false	0.5
explosion	neg 1.0		__DUMMY__ 0.8938276687676502 off 0.057096875372061553 neg 0.04907545586028833	false	0.5
weichei	off 1.0		__DUMMY__ 0.8885174227073465 off 0.06507764651008774 neg 0.04640493078256579	false	1.0
minusmensch	off 1.0		__DUMMY__ 0.881846724537064 off 0.06878090335048234 neg 0.0493723721124536	false	1.0
farblos	neg 1.0		__DUMMY__ 0.9013117054184577 off 0.05345168435923948 neg 0.04523661022230285	false	0.5
unwissend	neg 1.0	neg 1.0	neg 0.5072887433284918 __DUMMY__ 0.4474009993738146 off 0.045310257297693585	false	1.0
traurig	neg 1.0		__DUMMY__ 0.8911721913980991 off 0.06250699068312376 neg 0.04632081791877702	false	0.5
senkung	neg 1.0		__DUMMY__ 0.8910821558770529 off 0.057232715554979545 neg 0.05168512856796765	false	0.5
ungleich	neg 1.0	neg 1.0	neg 0.5102543752088636 __DUMMY__ 0.4507196822789807 off 0.039025942512155576	false	1.0
heikel	neg 1.0		__DUMMY__ 0.896614532573748 neg 0.05264386404829803 off 0.050741603377953866	false	1.0
drosselung	neg 1.0		__DUMMY__ 0.8926514881156156 off 0.0601958150530991 neg 0.04715269683128529	false	0.5
falsch	neg 1.0		__DUMMY__ 0.893659856029542 off 0.05868759619861327 neg 0.0476525477718447	false	0.5
unzufriedenheit	neg 1.0		__DUMMY__ 0.897590091040889 neg 0.0520904111599918 off 0.0503194977991192	false	1.0
kurz	neg 1.0		__DUMMY__ 0.8989555259030111 off 0.05329757377752681 neg 0.04774690031946202	false	0.5
unsinnig	neg 1.0		__DUMMY__ 0.8939028520600868 off 0.053677994827109485 neg 0.05241915311280378	false	0.5
penner	off 1.0	off 1.0	off 0.520814433049207 __DUMMY__ 0.44469179104122036 neg 0.034493775909572505	false	1.0
seicht	neg 1.0		__DUMMY__ 0.88462214173338 off 0.06785775479918853 neg 0.04752010346743142	false	0.5
dummheit	off 1.0	off 1.0	off 0.513679450333576 __DUMMY__ 0.4485230462570757 neg 0.037797503409348426	false	1.0
unerfreulich	neg 1.0		__DUMMY__ 0.8992135205722869 neg 0.05099838231309082 off 0.049788097114622294	false	1.0
motherfucker	off 1.0	off 1.0	off 0.5166014144923882 __DUMMY__ 0.4464093317030006 neg 0.036989253804611245	false	1.0
pikiert	neg 1.0		__DUMMY__ 0.8906110094119638 off 0.059886154811134185 neg 0.04950283577690206	false	0.5
wrack	neg 1.0		__DUMMY__ 0.8999368234206732 off 0.050927981658485263 neg 0.04913519492084165	false	0.5
gangster	neg 1.0		__DUMMY__ 0.894371447754114 off 0.05728103250425287 neg 0.04834751974163304	false	0.5
krank	neg 1.0		__DUMMY__ 0.893725818463717 off 0.0608373823644246 neg 0.04543679917185842	false	0.5
reich	neg 1.0		__DUMMY__ 0.8902853307324186 off 0.05854582421495065 neg 0.05116884505263078	false	0.5
gnadenlos	neg 1.0		__DUMMY__ 0.8954267615156031 off 0.05587835776922412 neg 0.04869488071517274	false	0.5
niedergeschlagen	neg 1.0		__DUMMY__ 0.8992965563208224 off 0.053717264546358466 neg 0.04698617913281914	false	0.5
terrorisieren	off 1.0	off 1.0	off 0.5096023376369443 __DUMMY__ 0.4525693525584496 neg 0.03782830980460602	false	1.0
sinnlosigkeit	neg 1.0		__DUMMY__ 0.8957535588233692 off 0.053329848044406505 neg 0.050916593132224436	false	0.5
behindern	neg 1.0		__DUMMY__ 0.8950835663022807 off 0.0541064199917702 neg 0.0508100137059491	false	0.5
undemokratisch	neg 1.0		__DUMMY__ 0.8918271937268082 off 0.05591316803461237 neg 0.05225963823857937	false	0.5
wirtschaftskrise	neg 1.0		__DUMMY__ 0.8956870750858298 neg 0.05220993655498625 off 0.05210298835918383	false	1.0
neid	neg 1.0		__DUMMY__ 0.8960068050832466 off 0.05903422068810894 neg 0.04495897422864447	false	0.5
rutschen	neg 1.0		__DUMMY__ 0.904385799132802 off 0.048180027597932336 neg 0.047434173269265606	false	0.5
rezession	neg 1.0		__DUMMY__ 0.8883546316504973 off 0.06340506151015658 neg 0.04824030683934613	false	0.5
fehlgeburt	neg 1.0		__DUMMY__ 0.898139718586678 off 0.05654072229407294 neg 0.04531955911924903	false	0.5
charakterschwach	off 1.0		__DUMMY__ 0.8917593831310109 off 0.06061483502689196 neg 0.047625781842097065	false	1.0
isolation	neg 1.0		__DUMMY__ 0.8945774010505343 off 0.05837118390872437 neg 0.047051415040741285	false	0.5
ablenkung	neg 1.0		__DUMMY__ 0.8959371981283712 off 0.05520312254142253 neg 0.048859679330206136	false	0.5
pech	neg 1.0		__DUMMY__ 0.8949534258546936 off 0.05798192044450774 neg 0.04706465370079861	false	0.5
vermeidung	neg 1.0		__DUMMY__ 0.8901946205008104 off 0.06051981538818365 neg 0.04928556411100585	false	0.5
dominieren	neg 1.0		__DUMMY__ 0.9004886302477867 off 0.051834366374753055 neg 0.047677003377460205	false	0.5
schwindlig	neg 1.0		__DUMMY__ 0.8992452799617159 off 0.0567360746462998 neg 0.04401864539198441	false	0.5
lutscher	neg 1.0		__DUMMY__ 0.8850028735774492 off 0.06826326512972779 neg 0.04673386129282292	false	0.5
pflicht	neg 1.0		__DUMMY__ 0.8968433532050312 neg 0.052403139248010516 off 0.05075350754695827	false	1.0
faschist	off 1.0		__DUMMY__ 0.8906887774402736 off 0.0578331304160178 neg 0.05147809214370856	false	1.0
verschleudern	neg 1.0		__DUMMY__ 0.8928599126068012 neg 0.05574412235576198 off 0.05139596503743678	false	1.0
wenn			__DUMMY__ 0.8933126823715435 off 0.05890442980692438 neg 0.047782887821532075	false	0.0
ehebruch	neg 1.0		__DUMMY__ 0.896898977008106 off 0.05232975208317214 neg 0.05077127090872191	false	0.5
spott	off 1.0		__DUMMY__ 0.8956670650173014 neg 0.05245639835734965 off 0.051876536625349016	false	0.5
trostlosigkeit	neg 1.0		__DUMMY__ 0.8993740544704035 neg 0.05107754576397153 off 0.049548399765624945	false	1.0
lutschen	neg 1.0		__DUMMY__ 0.8934735962074017 off 0.05716562553351846 neg 0.049360778259079766	false	0.5
undiszipliniert	neg 1.0		__DUMMY__ 0.8924380959907252 off 0.0617105179067289 neg 0.04585138610254594	false	0.5
kopfschmerz	neg 1.0		__DUMMY__ 0.8997315371464687 off 0.053196777676186524 neg 0.04707168517734473	false	0.5
unvorhergesehen	neg 1.0		__DUMMY__ 0.901933294346659 off 0.051181684008186214 neg 0.04688502164515476	false	0.5
desinteressiert	neg 1.0		__DUMMY__ 0.8904893145687787 off 0.06167452012379918 neg 0.04783616530742208	false	0.5
armselig	off 1.0		__DUMMY__ 0.8881915294888953 off 0.06265092017302236 neg 0.049157550338082355	false	1.0
desaster	neg 1.0		__DUMMY__ 0.8979147772479833 neg 0.053471392567313994 off 0.04861383018470281	false	1.0
tod	neg 1.0		__DUMMY__ 0.9004140866250205 off 0.05180172079035842 neg 0.047784192584621105	false	0.5
herzlos	neg 1.0		__DUMMY__ 0.8896190395569716 off 0.06298421103875827 neg 0.04739674940427013	false	0.5
unwissenheit	neg 1.0		__DUMMY__ 0.8938291919255014 off 0.05315383378795545 neg 0.05301697428654325	false	0.5
widersinnig	neg 1.0	neg 1.0	neg 0.5117875294000793 __DUMMY__ 0.4475550649848953 off 0.040657405615025406	false	1.0
bedenklich	neg 1.0		__DUMMY__ 0.8958700330299312 neg 0.052075142763952476 off 0.052054824206116325	false	1.0
beanstanden	neg 1.0		__DUMMY__ 0.8974629525107447 neg 0.05240028343217658 off 0.050136764057078745	false	1.0
panisch	neg 1.0	neg 1.0	neg 0.5030367856810486 __DUMMY__ 0.4536409508304098 off 0.04332226348854152	false	1.0
debil	off 1.0		__DUMMY__ 0.9018709663088799 neg 0.05273983893145697 off 0.04538919475966319	false	0.5
abstrich	neg 1.0		__DUMMY__ 0.8962211667030184 neg 0.052489406929220266 off 0.051289426367761286	false	1.0
primitiv	neg 1.0		__DUMMY__ 0.8903573237174225 off 0.061258323432392084 neg 0.048384352850185317	false	0.5
abschaum	off 1.0	off 1.0	off 0.5151755733671481 __DUMMY__ 0.4478836152539222 neg 0.036940811378929767	false	1.0
provozieren	neg 1.0		__DUMMY__ 0.8943781901986555 off 0.05572360580082019 neg 0.04989820400052429	false	0.5
tot	neg 1.0		__DUMMY__ 0.8958504539309879 neg 0.05311403659522336 off 0.05103550947378877	false	1.0
instabil	neg 1.0		__DUMMY__ 0.8874006094414838 off 0.060937766089171216 neg 0.05166162446934485	false	0.5
schwuchtel	off 1.0		__DUMMY__ 0.882573504168487 off 0.07257460541964243 neg 0.04485189041187055	false	1.0
zerren	neg 1.0		__DUMMY__ 0.8990852914512901 off 0.0539341928484214 neg 0.04698051570028847	false	0.5
kinderficker	off 1.0		__DUMMY__ 0.8857889638022205 off 0.064857029623322 neg 0.049354006574457585	false	1.0
gefahr	neg 1.0		__DUMMY__ 0.8992281853383218 off 0.05044796488819935 neg 0.05032384977347883	false	0.5
rabiat	neg 1.0		__DUMMY__ 0.8947118328899627 off 0.05512279472179337 neg 0.05016537238824387	false	0.5
verlangsamung	neg 1.0		__DUMMY__ 0.8881919697448276 off 0.06641663643014752 neg 0.04539139382502479	false	0.5
ausgestorben	neg 1.0		__DUMMY__ 0.897551971907487 off 0.054465766279128976 neg 0.04798226181338386	false	0.5
anklagen	neg 1.0		__DUMMY__ 0.8959297708937007 off 0.053592206256218584 neg 0.050478022850080725	false	0.5
trott	neg 1.0		__DUMMY__ 0.8965788849891512 off 0.054309878594787066 neg 0.04911123641606184	false	0.5
verminderung	neg 1.0		__DUMMY__ 0.8895003897149565 off 0.06117607667058894 neg 0.04932353361445459	false	0.5
nach			__DUMMY__ 0.9069345131384321 off 0.04679162879499889 neg 0.046273858066568994	false	0.0
rost	neg 1.0		__DUMMY__ 0.8897450966670569 off 0.06506183383381471 neg 0.04519306949912839	false	0.5
destruktiv	neg 1.0		__DUMMY__ 0.892593444572791 off 0.05475387321130329 neg 0.05265268221590567	false	0.5
unzumutbarkeit	neg 1.0		__DUMMY__ 0.8938229371593059 off 0.058973459755010844 neg 0.047203603085683145	false	0.5
labil	off 1.0	off 1.0	off 0.515123141915517 __DUMMY__ 0.44786486453951996 neg 0.037011993544963095	false	1.0
ziemlich	neg 1.0		__DUMMY__ 0.893157480190797 off 0.06029691071027394 neg 0.046545609098929124	false	0.5
lachnummer	off 1.0		__DUMMY__ 0.8937784683036639 off 0.05505099494369947 neg 0.051170536752636636	false	1.0
oder			__DUMMY__ 0.896869702782323 off 0.05500020685814009 neg 0.04813009035953691	false	0.0
verfall	neg 1.0		__DUMMY__ 0.9003443023802843 neg 0.05322174911085044 off 0.04643394850886525	false	1.0
ausgrenzung	neg 1.0		__DUMMY__ 0.8923942451087774 off 0.05656551243454592 neg 0.05104024245667669	false	0.5
unordnung	neg 1.0		__DUMMY__ 0.8935856759455352 off 0.05961310461310598 neg 0.0468012194413588	false	0.5
fehlverhalten	neg 1.0		__DUMMY__ 0.8968604928984291 neg 0.05209103588958767 off 0.05104847121198324	false	1.0
eine			__DUMMY__ 0.8985675218946089 neg 0.05124881880430909 off 0.050183659301081956	false	0.0
nille	neg 1.0		__DUMMY__ 0.8960178617026493 off 0.05400026040161248 neg 0.04998187789573815	false	0.5
qual	neg 1.0		__DUMMY__ 0.8965082528734706 off 0.05417699067392968 neg 0.049314756452599785	false	0.5
verschwenden	neg 1.0		__DUMMY__ 0.896320109756402 off 0.05234668246042754 neg 0.051333207783170486	false	0.5
riesig	neg 1.0	neg 1.0	neg 0.5058421199755385 __DUMMY__ 0.45490848435211717 off 0.0392493956723442	false	1.0
verurteilen	neg 1.0		__DUMMY__ 0.8960043821344265 off 0.053257792337887466 neg 0.05073782552768608	false	0.5
klischee	neg 1.0	neg 1.0	neg 0.5082307855007888 __DUMMY__ 0.4474736831097714 off 0.044295531389439737	false	1.0
diktatorisch	neg 1.0		__DUMMY__ 0.8908845898642719 off 0.05647245742572717 neg 0.05264295271000091	false	0.5
vorhersehbar	neg 1.0	neg 1.0	neg 0.5075033551902325 __DUMMY__ 0.44861845633501146 off 0.04387818847475598	false	1.0
sowie			__DUMMY__ 0.8881448663995151 off 0.06471657976929146 neg 0.04713855383119354	false	0.0
stornieren	neg 1.0		__DUMMY__ 0.899594072877768 off 0.05534883655032709 neg 0.04505709057190487	false	0.5
besteuerung	neg 1.0		__DUMMY__ 0.8916648277854168 off 0.055309458736736844 neg 0.05302571347784637	false	0.5
ungeschminkt	neg 1.0		__DUMMY__ 0.8913595012791139 off 0.06022367237944654 neg 0.04841682634143956	false	0.5
kritisch	neg 1.0		__DUMMY__ 0.8956673565531715 neg 0.0523918281248739 off 0.05194081532195456	false	1.0
schlamperei	off 1.0		__DUMMY__ 0.8957919711025456 neg 0.0532310953451432 off 0.0509769335523112	false	0.5
sucht	neg 1.0	neg 1.0	neg 0.5058343242100445 __DUMMY__ 0.4529057995110059 off 0.041259876278949545	false	1.0
egoistisch	off 1.0		__DUMMY__ 0.8890767955394875 off 0.06517059040842317 neg 0.04575261405208937	false	1.0
ausbeuter	off 1.0		__DUMMY__ 0.8955577871217758 neg 0.0535240944125986 off 0.05091811846562558	false	0.5
arschgeburt	off 1.0		__DUMMY__ 0.8817697792677258 off 0.07284752419526123 neg 0.045382696537013024	false	1.0
schubs	neg 1.0	neg 1.0	neg 0.5054437907981594 __DUMMY__ 0.4547614228010807 off 0.03979478640075988	false	1.0
unsolide	neg 1.0		__DUMMY__ 0.8874452211908329 off 0.05680649636879519 neg 0.05574828244037197	false	0.5
beschwerde	neg 1.0		__DUMMY__ 0.8961755617257223 neg 0.052744139163838286 off 0.0510802991104393	false	1.0
stocken	neg 1.0		__DUMMY__ 0.898069423109367 off 0.05162306481800395 neg 0.050307512072629006	false	0.5
isolieren	neg 1.0		__DUMMY__ 0.896998541018415 off 0.05263632864084669 neg 0.050365130340738376	false	0.5
unheilbar	neg 1.0		__DUMMY__ 0.8984055168837619 off 0.055565509896823254 neg 0.04602897321941477	false	0.5
pisser	off 1.0		__DUMMY__ 0.8923646649400228 off 0.06145973748673037 neg 0.04617559757324687	false	1.0
löschen	neg 1.0		__DUMMY__ 0.8960444952788589 off 0.05480786487379735 neg 0.049147639847343716	false	0.5
durchfallen	neg 1.0		__DUMMY__ 0.8944170757689845 off 0.053058537033758416 neg 0.052524387197257036	false	0.5
wichser	off 1.0		__DUMMY__ 0.8863078236297215 off 0.06943492188236686 neg 0.04425725448791173	false	1.0
terror	neg 1.0		__DUMMY__ 0.8958636704355994 off 0.057142862716993446 neg 0.046993466847407066	false	0.5
krass	neg 1.0		__DUMMY__ 0.889740348561758 off 0.063119347345226 neg 0.047140304093016096	false	0.5
revolte	neg 1.0		__DUMMY__ 0.8922264021857165 off 0.05703512304630228 neg 0.050738474767981184	false	0.5
besorgt	neg 1.0		__DUMMY__ 0.9001386522877697 off 0.05306943003231721 neg 0.0467919176799131	false	0.5
nachlassen	neg 1.0		__DUMMY__ 0.8986862994272407 off 0.051013800160743895 neg 0.05029990041201535	false	0.5
alt	neg 1.0		__DUMMY__ 0.8986238404887071 off 0.0515932333317361 neg 0.049782926179556805	false	0.5
hundesohn	off 1.0		__DUMMY__ 0.8848951025431612 off 0.06833524510788397 neg 0.046769652348954756	false	1.0
als			__DUMMY__ 0.8982497823534483 off 0.05329091749622342 neg 0.048459300150328226	false	0.0
abschreckung	neg 1.0		__DUMMY__ 0.8989687934212273 neg 0.05130535518492787 off 0.049725851393844854	false	1.0
unqualifiziert	neg 1.0		__DUMMY__ 0.8891939738994732 off 0.058167277599480725 neg 0.05263874850104607	false	0.5
abgewichst	off 1.0		__DUMMY__ 0.8967327680067687 off 0.0533189182741247 neg 0.04994831371910659	false	1.0
schwer	neg 1.0		__DUMMY__ 0.8964622258994065 off 0.05493114575957222 neg 0.04860662834102126	false	0.5
bedeutungslosigkeit	neg 1.0		__DUMMY__ 0.8976076149188275 neg 0.05186595240072518 off 0.05052643268044737	false	1.0
kapitulation	neg 1.0		__DUMMY__ 0.8948357743041149 neg 0.05334203265154338 off 0.0518221930443418	false	1.0
unscharf	neg 1.0		__DUMMY__ 0.8941103603954257 off 0.05656304377328294 neg 0.04932659583129138	false	0.5
schwinden	neg 1.0		__DUMMY__ 0.8986384288566466 neg 0.051036343349738035 off 0.05032522779361544	false	1.0
versklavung	neg 1.0		__DUMMY__ 0.8917061830577676 off 0.056047578007351384 neg 0.05224623893488103	false	0.5
schlecht	neg 1.0		__DUMMY__ 0.8934252890172545 off 0.060451457019281146 neg 0.046123253963464374	false	0.5
verhasst	neg 1.0		__DUMMY__ 0.894376508018709 off 0.0560651903726198 neg 0.04955830160867112	false	0.5
beschweren	neg 1.0		__DUMMY__ 0.8946241994442615 off 0.05671741105101011 neg 0.04865838950472838	false	0.5
scheiden	neg 1.0		__DUMMY__ 0.8994279876399623 off 0.05478170693350202 neg 0.04579030542653567	false	0.5
frustriert	neg 1.0		__DUMMY__ 0.8966066498803201 off 0.054028890232809816 neg 0.04936445988687008	false	0.5
schimmelig	neg 1.0		__DUMMY__ 0.8997484754502524 off 0.050852169012191806 neg 0.04939935553755581	false	0.5
fisch	neg 1.0		__DUMMY__ 0.9018452139276734 off 0.049591152539970436 neg 0.048563633532356265	false	0.5
schmuggel	neg 1.0		__DUMMY__ 0.9023935626807424 off 0.05027813400079296 neg 0.047328303318464535	false	0.5
auffallen	neg 1.0		__DUMMY__ 0.8944216653204368 off 0.05726684002463084 neg 0.048311494654932376	false	0.5
konkurrenz	neg 1.0	neg 1.0	neg 0.5089237319903405 __DUMMY__ 0.45355222120486155 off 0.03752404680479794	false	1.0
teufelskreis	neg 1.0		__DUMMY__ 0.896186161231867 off 0.05455206921329 neg 0.049261769554842925	false	0.5
aufschreien	neg 1.0		__DUMMY__ 0.893349851022807 off 0.057218045547886884 neg 0.04943210342930618	false	0.5
schuldner	neg 1.0		__DUMMY__ 0.8982013512296999 neg 0.05127036964775739 off 0.050528279122542645	false	1.0
missgeburt	off 1.0	off 1.0	off 0.519099072034765 __DUMMY__ 0.44551499710551123 neg 0.03538593085972375	false	1.0
arbeitslos	neg 1.0		__DUMMY__ 0.8945595661100286 off 0.05334769254004173 neg 0.05209274134992973	false	0.5
befallen	neg 1.0		__DUMMY__ 0.8969122115300754 off 0.05354824927791164 neg 0.049539539192013045	false	0.5
miesepetrig	off 1.0	off 1.0	off 0.5155577649185851 __DUMMY__ 0.44949993089890566 neg 0.03494230418250939	false	1.0
alarmieren	neg 1.0		__DUMMY__ 0.8917120605747239 off 0.05923026364635631 neg 0.04905767577891987	false	0.5
ungeduscht	off 1.0		__DUMMY__ 0.8953226340308158 off 0.05770078827398875 neg 0.04697657769519547	false	1.0
knappheit	neg 1.0		__DUMMY__ 0.8950211662715021 neg 0.05331781859549069 off 0.05166101513300718	false	1.0
schlange	neg 1.0		__DUMMY__ 0.8977598632192701 off 0.05644822775064892 neg 0.04579190903008101	false	0.5
harsch	neg 1.0		__DUMMY__ 0.891768152949929 off 0.06383070490953528 neg 0.044401142140535844	false	0.5
lang	neg 1.0		__DUMMY__ 0.8961883787775512 off 0.05520232808473268 neg 0.04860929313771626	false	0.5
ziellos	neg 1.0		__DUMMY__ 0.8994471089587832 off 0.05276398543245034 neg 0.04778890560876643	false	0.5
selbstverliebt	neg 1.0		__DUMMY__ 0.883173641225366 off 0.07035954322869362 neg 0.04646681554594035	false	0.5
beseitigen	neg 1.0		__DUMMY__ 0.8962617265557564 off 0.05393333146687087 neg 0.04980494197737265	false	0.5
dumm	off 1.0		__DUMMY__ 0.8872041217276132 off 0.06600538450146475 neg 0.04679049377092203	false	1.0
arbeitsloser	neg 1.0		__DUMMY__ 0.8972804828458426 off 0.052610318097474386 neg 0.05010919905668308	false	0.5
blitzen	neg 1.0		__DUMMY__ 0.8942878928524671 off 0.05783319863621265 neg 0.04787890851132024	false	0.5
hilflos	neg 1.0		__DUMMY__ 0.897551070608648 off 0.053559568341729626 neg 0.048889361049622264	false	0.5
eklig	off 1.0		__DUMMY__ 0.8882995159914473 off 0.0665243786084397 neg 0.04517610540011296	false	1.0
begriff			__DUMMY__ 0.8946796592296843 off 0.053985692865547386 neg 0.051334647904768244	false	0.0
hungersnot	neg 1.0		__DUMMY__ 0.8980260537900738 off 0.053426241280726615 neg 0.0485477049291996	false	0.5
ungesetzlich	neg 1.0		__DUMMY__ 0.8885383685700361 off 0.057251912387291146 neg 0.05420971904267281	false	0.5
verschwendung	neg 1.0		__DUMMY__ 0.8976115404038589 off 0.05131820698403495 neg 0.05107025261210621	false	0.5
schmerzvoll	neg 1.0		__DUMMY__ 0.8952980434154841 off 0.056616595256147435 neg 0.048085361328368346	false	0.5
vorzeitig	neg 1.0		__DUMMY__ 0.8965539388680223 off 0.05766446903632894 neg 0.04578159209564876	false	0.5
unvollkommenheit	neg 1.0		__DUMMY__ 0.9025643669417959 off 0.052584209139771 neg 0.04485142391843308	false	0.5
intervenieren	neg 1.0		__DUMMY__ 0.8952181152083865 neg 0.05359852606556988 off 0.051183358726043626	false	1.0
banause	off 1.0		__DUMMY__ 0.8850402903388065 off 0.0683701844942936 neg 0.04658952516689993	false	1.0
rebell	neg 1.0		__DUMMY__ 0.8998378674593401 neg 0.05226596849083402 off 0.04789616404982596	false	1.0
unlogisch	neg 1.0		__DUMMY__ 0.8899479708440144 off 0.06267805471678134 neg 0.04737397443920429	false	0.5
leiden	neg 1.0		__DUMMY__ 0.903533486722556 off 0.050340108346831565 neg 0.04612640493061244	false	0.5
abschaffung	neg 1.0		__DUMMY__ 0.8919517970883235 off 0.05541194100656141 neg 0.052636261905115125	false	0.5
sturz	neg 1.0		__DUMMY__ 0.8978383687097505 off 0.05482913136768853 neg 0.047332499922560875	false	0.5
verkleinerung	neg 1.0		__DUMMY__ 0.8901245854302405 off 0.057703015979201494 neg 0.052172398590557875	false	0.5
schmarotzer	off 1.0		__DUMMY__ 0.89397720635887 off 0.05323427297032278 neg 0.0527885206708073	false	1.0
bestrafung	neg 1.0		__DUMMY__ 0.8946013155462257 off 0.056354790425023116 neg 0.04904389402875118	false	0.5
achtlos	neg 1.0		__DUMMY__ 0.897713304505369 off 0.05480184686842834 neg 0.04748484862620251	false	0.5
ungeheuer	neg 1.0		__DUMMY__ 0.8945431171558279 off 0.057626126483082386 neg 0.04783075636108978	false	0.5
unaufrichtig	neg 1.0		__DUMMY__ 0.8929726624447846 off 0.05711766139027657 neg 0.0499096761649389	false	0.5
