unsolidarisch	neg 1.0		off 0.341792426830112 __DUMMY__ 0.3397173137344406 neg 0.3184902594354475	false	0.5
nachteilig	neg 1.0		__DUMMY__ 0.3434998412042959 off 0.33971870294072787 neg 0.31678145585497636	false	0.5
skeptisch	neg 1.0		__DUMMY__ 0.34384222082382265 off 0.3390031565856062 neg 0.3171546225905712	false	0.5
schrecklich	neg 1.0		off 0.35473871347265784 __DUMMY__ 0.3398917169150221 neg 0.30536956961232	false	0.5
schlapp	neg 1.0		off 0.3507211914964057 __DUMMY__ 0.3421221683751778 neg 0.30715664012841665	false	0.5
abfall	neg 1.0		__DUMMY__ 0.34542120002149507 off 0.33692843057514954 neg 0.3176503694033552	false	0.5
widerspenstig	neg 1.0		off 0.3451323700072231 __DUMMY__ 0.34330427973466915 neg 0.3115633502581078	false	0.5
abrupt	neg 1.0		__DUMMY__ 0.34533405810754647 off 0.34092746850593403 neg 0.31373847338651945	false	0.5
unwirksam	neg 1.0		off 0.3424278419239815 __DUMMY__ 0.3404416732989369 neg 0.31713048477708167	false	0.5
angreifen	neg 1.0	neg 1.0	neg 0.6449999871597621 off 0.18767137864518957 __DUMMY__ 0.16732863419504843	false	1.0
inkonsistent	neg 1.0		off 0.34537602833499814 __DUMMY__ 0.3424195579592006 neg 0.3122044137058012	false	0.5
abrutschen	neg 1.0		__DUMMY__ 0.34530302855356887 off 0.33726540622373624 neg 0.317431565222695	false	0.5
unsicher	neg 1.0		off 0.3453770472742948 __DUMMY__ 0.34359913971137684 neg 0.3110238130143283	false	0.5
bauernkind	off 1.0	off 1.0	off 0.6652689285047599 neg 0.17054926101828957 __DUMMY__ 0.16418181047695046	false	1.0
angreifer	neg 1.0		off 0.34689624812918857 __DUMMY__ 0.34360592682544405 neg 0.30949782504536727	false	0.5
trennen	neg 1.0		__DUMMY__ 0.34607192057019553 off 0.34187790571497867 neg 0.31205017371482585	false	0.5
schmutz	neg 1.0		off 0.34970319793715127 __DUMMY__ 0.34636844021147667 neg 0.3039283618513721	false	0.5
inkonsistenz	neg 1.0		off 0.34737778484264664 __DUMMY__ 0.33959515884827324 neg 0.31302705630908	false	0.5
erschreckend	neg 1.0		off 0.3431037268965289 __DUMMY__ 0.34265193505328834 neg 0.31424433805018287	false	0.5
ertrinken	neg 1.0		__DUMMY__ 0.3454900873055742 off 0.34238371909073734 neg 0.31212619360368854	false	0.5
pickelface	off 1.0		__DUMMY__ 0.34298157661725204 off 0.3421308134575863 neg 0.3148876099251618	false	1.0
seiner			__DUMMY__ 0.3449542055352995 off 0.34049721544480893 neg 0.31454857901989175	false	0.0
lauch	neg 1.0		__DUMMY__ 0.3439328312185071 off 0.33616904009167864 neg 0.3198981286898144	false	0.5
unwichtig	neg 1.0		off 0.34944040715235675 __DUMMY__ 0.3410345907580247 neg 0.3095250020896187	false	0.5
steuerhinterziehung	neg 1.0		__DUMMY__ 0.3419645043250125 off 0.34156116823289195 neg 0.31647432744209547	false	0.5
schock	neg 1.0		off 0.3454090618858631 __DUMMY__ 0.3451053959638666 neg 0.30948554215027024	false	0.5
beule	neg 1.0		off 0.35131958913852795 __DUMMY__ 0.3423525579790254 neg 0.3063278528824466	false	0.5
vergelten	neg 1.0		off 0.35476293644155193 __DUMMY__ 0.34224848608754416 neg 0.3029885774709039	false	0.5
verdorbenheit	neg 1.0		off 0.34427971659620626 __DUMMY__ 0.3432809150534126 neg 0.312439368350381	false	0.5
trauma	neg 1.0		off 0.3457198148850905 __DUMMY__ 0.34263055453934976 neg 0.3116496305755598	false	0.5
sinnlos	neg 1.0		off 0.3476958068032105 __DUMMY__ 0.34282554996599784 neg 0.30947864323079166	false	0.5
fettsack	off 1.0	off 1.0	off 0.666937646117163 neg 0.16832488985339783 __DUMMY__ 0.16473746402943915	false	1.0
feige	off 1.0	off 1.0	off 0.6633541041039154 neg 0.1713906747127883 __DUMMY__ 0.1652552211832963	false	1.0
abdanken	neg 1.0		off 0.3429142904604662 __DUMMY__ 0.34221991773849736 neg 0.31486579180103635	false	0.5
wichtigtuer	off 1.0	off 1.0	off 0.6616662549315071 neg 0.1724732585637997 __DUMMY__ 0.16586048650469337	false	1.0
misslingen	neg 1.0		off 0.3477599388277474 __DUMMY__ 0.34527027269213706 neg 0.3069697884801154	false	0.5
untreu	off 1.0		off 0.3508606862791542 __DUMMY__ 0.3407914635635934 neg 0.3083478501572524	false	1.0
missmutig	neg 1.0		off 0.35015625657060495 __DUMMY__ 0.34178140847337735 neg 0.3080623349560178	false	0.5
hurenbock	off 1.0		off 0.346510174173954 __DUMMY__ 0.3430713189599334 neg 0.3104185068661126	false	1.0
betrunken	neg 1.0		off 0.35389050314287385 __DUMMY__ 0.3421303087672646 neg 0.3039791880898615	false	0.5
korrupt	off 1.0		__DUMMY__ 0.3409668088633022 off 0.3399076038300388 neg 0.31912558730665885	false	1.0
unmut	neg 1.0		__DUMMY__ 0.34475644005698636 off 0.33653719377756686 neg 0.3187063661654466	false	0.5
hackfresse	off 1.0		off 0.3577577280256549 __DUMMY__ 0.33811809991981867 neg 0.3041241720545264	false	1.0
aufblasen	neg 1.0		off 0.34728048539206047 __DUMMY__ 0.34378582418444026 neg 0.30893369042349933	false	0.5
gewaltsam	neg 1.0		off 0.3439464470161439 __DUMMY__ 0.34345194083709785 neg 0.31260161214675813	false	0.5
unbeliebtheit	neg 1.0		off 0.3457724553725992 __DUMMY__ 0.3373783999027264 neg 0.31684914472467446	false	0.5
sturheit	neg 1.0		off 0.34295068562849856 __DUMMY__ 0.34249909247974736 neg 0.3145502218917542	false	0.5
kuh	neg 1.0		off 0.34431905961529835 __DUMMY__ 0.3414503979526769 neg 0.3142305424320248	false	0.5
erschrecken	neg 1.0		off 0.3495711313644257 __DUMMY__ 0.34220887757968277 neg 0.30821999105589154	false	0.5
opfer	neg 1.0		__DUMMY__ 0.34468847406641295 off 0.3417726084078191 neg 0.31353891752576807	false	0.5
sinken	neg 1.0		__DUMMY__ 0.34467058860663785 off 0.337157436589562 neg 0.3181719748038002	false	0.5
stinktier	neg 1.0		off 0.35478384695363135 __DUMMY__ 0.33906503260323806 neg 0.3061511204431307	false	0.5
tucke	off 1.0		off 0.3566970772710107 __DUMMY__ 0.33603180522220877 neg 0.30727111750678043	false	1.0
ein			off 0.34604869900279867 __DUMMY__ 0.34335000404312077 neg 0.3106012969540805	false	0.0
abstieg	neg 1.0		__DUMMY__ 0.3460502578677254 off 0.34175537880922996 neg 0.31219436332304457	false	0.5
missverstehen	neg 1.0		off 0.3467798404908989 __DUMMY__ 0.3413035645313229 neg 0.3119165949777783	false	0.5
ergebnislos	neg 1.0		__DUMMY__ 0.3439529087823865 off 0.3398371319312091 neg 0.3162099592864043	false	0.5
unter			__DUMMY__ 0.3485667265919189 off 0.3341367007360527 neg 0.3172965726720286	false	0.0
manipulieren	neg 1.0		__DUMMY__ 0.34413507953445904 off 0.33937087032017 neg 0.316494050145371	false	0.5
unbewiesen	neg 1.0		off 0.342061307041812 __DUMMY__ 0.3395863719027165 neg 0.3183523210554716	false	0.5
verschleppen	neg 1.0		__DUMMY__ 0.3438044402194078 off 0.34181717888575225 neg 0.31437838089484	false	0.5
weib	off 1.0		off 0.3578409358647271 __DUMMY__ 0.3382705003446656 neg 0.30388856379060736	false	1.0
opposition	neg 1.0		off 0.3458574211749348 __DUMMY__ 0.341606944081124 neg 0.3125356347439412	false	0.5
verkehrswidrig	neg 1.0	neg 1.0	neg 0.635835502321234 off 0.19695214081641232 __DUMMY__ 0.16721235686235364	false	1.0
inkorrekt	neg 1.0		off 0.3506175575549278 __DUMMY__ 0.33864826634348405 neg 0.3107341761015881	false	0.5
vermeiden	neg 1.0		__DUMMY__ 0.3466786223854845 off 0.3355262862859828 neg 0.31779509132853273	false	0.5
abweichung	neg 1.0		__DUMMY__ 0.3430149781150167 off 0.3396556511514916 neg 0.31732937073349166	false	0.5
alkoholisiert	neg 1.0		__DUMMY__ 0.3474246691621186 off 0.34219551281199007 neg 0.31037981802589115	false	0.5
scheiss	off 1.0	off 1.0	off 0.6641988632474922 neg 0.16974811495302433 __DUMMY__ 0.16605302179948334	false	1.0
herausforderung	neg 1.0	neg 1.0	neg 0.6415334043367873 off 0.1891601371961142 __DUMMY__ 0.1693064584670984	false	1.0
pervers	off 1.0		off 0.36128380273504695 __DUMMY__ 0.33749790176552674 neg 0.30121829549942636	false	1.0
wackelig	neg 1.0		__DUMMY__ 0.34567787581563525 off 0.34382480726699954 neg 0.3104973169173651	false	0.5
verwickeln	neg 1.0		off 0.3466570043224436 __DUMMY__ 0.34132180904044696 neg 0.3120211866371094	false	0.5
vorwand	neg 1.0		__DUMMY__ 0.34450204489926856 off 0.33867520933413825 neg 0.3168227457665931	false	0.5
muschi	off 1.0		__DUMMY__ 0.34286764736230363 off 0.3425611827421182 neg 0.3145711698955782	false	1.0
entmutigung	neg 1.0		off 0.3451124334845523 __DUMMY__ 0.34121044642241466 neg 0.31367712009303306	false	0.5
unangemessen	neg 1.0		__DUMMY__ 0.3423771796764479 off 0.34177516648390543 neg 0.3158476538396467	false	0.5
unstetig	neg 1.0		off 0.34619854528724703 __DUMMY__ 0.34323253550213295 neg 0.31056891921062013	false	0.5
entmutigen	neg 1.0		off 0.3458727822061389 __DUMMY__ 0.34221870882243677 neg 0.3119085089714244	false	0.5
schwanz	neg 1.0		__DUMMY__ 0.3441902980617153 off 0.3397181939366916 neg 0.3160915080015932	false	0.5
verbot	neg 1.0		__DUMMY__ 0.34219979116542104 off 0.3405373080117755 neg 0.31726290082280345	false	0.5
leid	neg 1.0		off 0.3563300280435232 __DUMMY__ 0.33998654047292837 neg 0.3036834314835484	false	0.5
archaisch	neg 1.0		__DUMMY__ 0.34336712866458724 off 0.3424460685434592 neg 0.3141868027919535	false	0.5
gegen			__DUMMY__ 0.3455622968332241 off 0.3386226106140701 neg 0.3158150925527058	false	0.0
scheidung	neg 1.0		off 0.36504592301855204 __DUMMY__ 0.3369132422592847 neg 0.2980408347221633	false	0.5
einschlag	neg 1.0	neg 1.0	neg 0.6391209444075577 off 0.19531605396599605 __DUMMY__ 0.16556300162644627	false	1.0
m			__DUMMY__ 0.34422671887472844 off 0.3428146302069016 neg 0.3129586509183699	false	0.0
abgestanden	neg 1.0		off 0.3465247649694961 __DUMMY__ 0.3439283413935116 neg 0.3095468936369924	false	0.5
schmierig	off 1.0		off 0.3558954597459383 __DUMMY__ 0.34026168928962097 neg 0.3038428509644408	false	1.0
unpraktisch	neg 1.0		off 0.3469195744158782 __DUMMY__ 0.34395914234526387 neg 0.3091212832388579	false	0.5
wixxer	off 1.0		off 0.3604310398166297 __DUMMY__ 0.3368350535804994 neg 0.3027339066028709	false	1.0
bezeichnet			off 0.3437236766095174 __DUMMY__ 0.34244132894714446 neg 0.31383499444333807	false	0.0
jammerlappen	off 1.0		off 0.349831830558819 __DUMMY__ 0.3412622466935217 neg 0.3089059227476593	false	1.0
farce	neg 1.0		__DUMMY__ 0.3414268997237639 off 0.3409171427648882 neg 0.317655957511348	false	0.5
zwecklos	neg 1.0		__DUMMY__ 0.34290387479846834 off 0.3421643790737766 neg 0.31493174612775493	false	0.5
turbulent	neg 1.0		off 0.3495070108977305 __DUMMY__ 0.3401272162594078 neg 0.31036577284286165	false	0.5
invasion	neg 1.0		off 0.34753432301658277 __DUMMY__ 0.3425493861853749 neg 0.30991629079804245	false	0.5
schuld	neg 1.0		off 0.3456181257395907 __DUMMY__ 0.3425755498176233 neg 0.3118063244427859	false	0.5
risiko	neg 1.0		off 0.34536738194154265 __DUMMY__ 0.343373514499842 neg 0.3112591035586153	false	0.5
finster	neg 1.0		off 0.34639576896060803 __DUMMY__ 0.34335758324062776 neg 0.3102466477987643	false	0.5
geisteskrank	off 1.0		off 0.35101429642084014 __DUMMY__ 0.33999484868353164 neg 0.3089908548956284	false	1.0
zusammenbrechen	neg 1.0		__DUMMY__ 0.34415384688463924 off 0.3438769922427874 neg 0.3119691608725732	false	0.5
ausbeute	neg 1.0		__DUMMY__ 0.3451991678930547 off 0.3405369422999557 neg 0.31426388980698966	false	0.5
hinterhalt	neg 1.0		__DUMMY__ 0.34363418416367586 off 0.3427425006873179 neg 0.31362331514900627	false	0.5
kritik	neg 1.0		__DUMMY__ 0.3418463800117983 off 0.34105860295914986 neg 0.3170950170290518	false	0.5
einschrumpfen	neg 1.0		off 0.34607978005885914 __DUMMY__ 0.33985996765101434 neg 0.31406025229012646	false	0.5
riskant	neg 1.0		__DUMMY__ 0.34375429861003143 off 0.34068317996729164 neg 0.3155625214226768	false	0.5
frustrieren	neg 1.0		__DUMMY__ 0.34378413390219453 off 0.3409379783397659 neg 0.31527788775803955	false	0.5
groll	neg 1.0		__DUMMY__ 0.34358472044211863 off 0.3423458723337733 neg 0.3140694072241082	false	0.5
gibt			__DUMMY__ 0.3431612930845483 off 0.3425543127892263 neg 0.3142843941262254	false	0.0
qualvoll	neg 1.0		off 0.34936804354049444 __DUMMY__ 0.34314350534727095 neg 0.3074884511122346	false	0.5
wackeln	neg 1.0	neg 1.0	neg 0.6403156794010463 off 0.19190444065750206 __DUMMY__ 0.16777987994145172	false	1.0
klagen	neg 1.0		__DUMMY__ 0.34439553386581245 off 0.3368389474111641 neg 0.31876551872302356	false	0.5
bankrott	neg 1.0		off 0.34910142073582495 __DUMMY__ 0.3420585519478142 neg 0.3088400273163609	false	0.5
trauern	neg 1.0		__DUMMY__ 0.3451350880455344 off 0.34185038392333317 neg 0.3130145280311326	false	0.5
ablehnung	neg 1.0		__DUMMY__ 0.3418235679972176 off 0.3410958390332299 neg 0.31708059296955254	false	0.5
stur	neg 1.0		off 0.34602941222276595 __DUMMY__ 0.3421294853429827 neg 0.3118411024342512	false	0.5
aufruhr	neg 1.0		off 0.34411145760278194 __DUMMY__ 0.34375824281454015 neg 0.312130299582678	false	0.5
melancholie	neg 1.0		__DUMMY__ 0.34474841556854335 off 0.3430450446765957 neg 0.31220653975486096	false	0.5
ist			off 0.3465749186943479 __DUMMY__ 0.3423638359393475 neg 0.3110612453663046	false	0.0
torheit	neg 1.0		off 0.34467565891243135 __DUMMY__ 0.34167199325212994 neg 0.3136523478354387	false	0.5
dreckskind	off 1.0		off 0.3561873236366883 __DUMMY__ 0.338639387265186 neg 0.30517328909812563	false	1.0
umtauschen	neg 1.0		off 0.344637256689621 __DUMMY__ 0.34347946674870916 neg 0.31188327656166986	false	0.5
zum			__DUMMY__ 0.3483212169255473 off 0.3370108949742621 neg 0.3146678881001906	false	0.0
zersetzen	neg 1.0		__DUMMY__ 0.34354987906555395 off 0.33877615267594197 neg 0.3176739682585041	false	0.5
zur			__DUMMY__ 0.3466483383665387 off 0.33474357193920434 neg 0.3186080896942568	false	0.0
frust	neg 1.0		__DUMMY__ 0.34397548830148567 off 0.34349423455763156 neg 0.3125302771408827	false	0.5
unerbittlichkeit	neg 1.0		__DUMMY__ 0.3435909518011032 off 0.3389441715030537 neg 0.31746487669584306	false	0.5
zwei			__DUMMY__ 0.34720523564325745 off 0.33884722320491095 neg 0.3139475411518316	false	0.0
unkorrekt	neg 1.0		off 0.35090714203743845 __DUMMY__ 0.33813862413054846 neg 0.310954233832013	false	0.5
hexe	off 1.0		off 0.34992629659391367 __DUMMY__ 0.3403587277839383 neg 0.30971497562214817	false	1.0
lasch	neg 1.0		off 0.3472799250821428 __DUMMY__ 0.34015489728001636 neg 0.3125651776378408	false	0.5
rivale	neg 1.0		off 0.3535341717023041 __DUMMY__ 0.3414842516441793 neg 0.30498157665351666	false	0.5
mutlos	off 1.0	off 1.0	off 0.6577372017738742 neg 0.17574138245620632 __DUMMY__ 0.1665214157699194	false	1.0
wirr	off 1.0		off 0.35164166759804966 __DUMMY__ 0.33855098478186274 neg 0.3098073476200875	false	1.0
jahr			__DUMMY__ 0.34606111656624067 off 0.3401406079444423 neg 0.31379827548931716	false	0.0
wird			__DUMMY__ 0.3438885863562303 off 0.34143947341623854 neg 0.3146719402275311	false	0.0
strafbar	neg 1.0		__DUMMY__ 0.3431349978188116 off 0.34027460576827673 neg 0.31659039641291165	false	0.5
erosion	neg 1.0		off 0.3461180799428825 __DUMMY__ 0.34374581042011837 neg 0.31013610963699895	false	0.5
eingehen	neg 1.0		__DUMMY__ 0.3425997630880082 off 0.34098019190656337 neg 0.3164200450054284	false	0.5
faul	off 1.0		off 0.3499752077257336 __DUMMY__ 0.3425674788078638 neg 0.30745731346640254	false	1.0
provisorium	neg 1.0		__DUMMY__ 0.347903941210727 off 0.33327859220960415 neg 0.3188174665796689	false	0.5
schmerzen	neg 1.0		off 0.34516365083502826 __DUMMY__ 0.34349653655663964 neg 0.31133981260833204	false	0.5
schrumpfen	neg 1.0		__DUMMY__ 0.34521956783111424 off 0.3341420878935035 neg 0.3206383442753821	false	0.5
geistlos	off 1.0		off 0.3453454257365797 __DUMMY__ 0.3395517495832459 neg 0.31510282468017425	false	1.0
fehlkauf	neg 1.0		off 0.34627922723630233 __DUMMY__ 0.3420779188701761 neg 0.31164285389352164	false	0.5
frustrierend	neg 1.0		off 0.34952987391574375 __DUMMY__ 0.342438029921494 neg 0.30803209616276217	false	0.5
unzufrieden	neg 1.0		__DUMMY__ 0.3427650913296058 off 0.34184387613368145 neg 0.3153910325367128	false	0.5
verzweifeln	neg 1.0		off 0.34440847893177373 __DUMMY__ 0.3432910753781145 neg 0.3123004456901117	false	0.5
verzweifelt	neg 1.0		off 0.34630178534392525 __DUMMY__ 0.3423309238308916 neg 0.3113672908251832	false	0.5
misstrauensantrag	neg 1.0		off 0.3469272760456324 __DUMMY__ 0.34191515098176783 neg 0.3111575729725997	false	0.5
abfallen	neg 1.0		off 0.34726430587510215 __DUMMY__ 0.3439512688651557 neg 0.3087844252597421	false	0.5
fucker	off 1.0		off 0.35151710748456416 __DUMMY__ 0.34003838278203713 neg 0.30844450973339876	false	1.0
ungezogen	neg 1.0		off 0.3598711314034949 __DUMMY__ 0.33841506163803975 neg 0.3017138069584653	false	0.5
irrsinnig	neg 1.0	neg 1.0	neg 0.6428592019318071 off 0.1909667526658298 __DUMMY__ 0.16617404540236305	false	1.0
unfassbar	neg 1.0		off 0.35016451043423313 __DUMMY__ 0.3405433931845376 neg 0.30929209638122934	false	0.5
hart	neg 1.0		off 0.3484310287363282 __DUMMY__ 0.34178488198301277 neg 0.3097840892806589	false	0.5
widerlich	off 1.0		off 0.3508386567680176 __DUMMY__ 0.33988357271191477 neg 0.30927777052006755	false	1.0
fatal	neg 1.0		off 0.3466473515989395 __DUMMY__ 0.342102069196809 neg 0.3112505792042516	false	0.5
bruch	neg 1.0		__DUMMY__ 0.344903862416899 off 0.3375956340847875 neg 0.31750050349831366	false	0.5
aushungern	neg 1.0		off 0.3425137703817965 __DUMMY__ 0.34211058376431125 neg 0.3153756458538922	false	0.5
anspannung	neg 1.0	neg 1.0	neg 0.6426001285746907 off 0.18702589310427487 __DUMMY__ 0.17037397832103426	false	1.0
von			__DUMMY__ 0.3461024749934763 off 0.3393110561909242 neg 0.3145864688155995	false	0.0
kraftlos	neg 1.0		__DUMMY__ 0.34545756648793086 off 0.3441654868353979 neg 0.31037694667667126	false	0.5
vom			__DUMMY__ 0.348746637816956 off 0.33476652045042193 neg 0.316486841732622	false	0.0
grenzdebil	off 1.0		off 0.35172838003493256 __DUMMY__ 0.34084050815139966 neg 0.30743111181366783	false	1.0
vor			__DUMMY__ 0.34550245882181035 off 0.3394970760378722 neg 0.31500046514031754	false	0.0
unterwerfen	neg 1.0		__DUMMY__ 0.3437378111744194 off 0.34057242248714736 neg 0.31568976633843315	false	0.5
versenkung	neg 1.0		__DUMMY__ 0.3441198873067414 off 0.34051707204196857 neg 0.31536304065129006	false	0.5
entziehen	neg 1.0		__DUMMY__ 0.34469861609930597 off 0.3379317323185223 neg 0.3173696515821718	false	0.5
finanzkrise	neg 1.0		off 0.3424043378753728 __DUMMY__ 0.3417460235025938 neg 0.31584963862203336	false	0.5
schimpfend	neg 1.0		off 0.347268628026447 __DUMMY__ 0.34428453559071925 neg 0.3084468363828338	false	0.5
profan	neg 1.0		off 0.34775240179723 __DUMMY__ 0.34196176249699206 neg 0.31028583570577795	false	0.5
korruption	neg 1.0		__DUMMY__ 0.34203934942086567 off 0.34034984046762934 neg 0.3176108101115049	false	0.5
â			__DUMMY__ 0.34425109909624513 off 0.34149105237708527 neg 0.3142578485266697	false	0.0
schmutzig	neg 1.0		off 0.35183683297938306 __DUMMY__ 0.34182059309654517 neg 0.3063425739240718	false	0.5
sexy	neg 1.0		off 0.3485132126311079 __DUMMY__ 0.34200624242467226 neg 0.30948054494421995	false	0.5
abraten	neg 1.0		off 0.3465672691732732 __DUMMY__ 0.34210660842205864 neg 0.3113261224046681	false	0.5
schwarz	neg 1.0		off 0.3458351397148168 __DUMMY__ 0.342027156700185 neg 0.31213770358499804	false	0.5
fotze	off 1.0		__DUMMY__ 0.3433956659908052 off 0.34029466616588877 neg 0.31630966784330616	false	1.0
verwirren	neg 1.0		off 0.3479244703955315 __DUMMY__ 0.3418661780400779 neg 0.3102093515643906	false	0.5
zahnlos	off 1.0		__DUMMY__ 0.34266825373049425 off 0.3418038024403198 neg 0.315527943829186	false	1.0
verheeren	neg 1.0		off 0.36141444922045407 __DUMMY__ 0.33894960155781706 neg 0.29963594922172887	false	0.5
hippie	neg 1.0		off 0.3477405593830659 __DUMMY__ 0.3418521885482423 neg 0.31040725206869185	false	0.5
rammen	neg 1.0		off 0.34628226520154143 __DUMMY__ 0.34334268191216705 neg 0.3103750528862917	false	0.5
unlauter	neg 1.0		off 0.3426560604703008 __DUMMY__ 0.33963733816100533 neg 0.3177066013686939	false	0.5
unheilvoll	neg 1.0		off 0.3483526028608015 __DUMMY__ 0.34359326823165504 neg 0.3080541289075434	false	0.5
niedrig	neg 1.0		__DUMMY__ 0.34524474852049 off 0.3407929856490249 neg 0.31396226583048525	false	0.5
explosion	neg 1.0		off 0.34706556492796703 __DUMMY__ 0.34183750160555554 neg 0.31109693346647743	false	0.5
weichei	off 1.0		off 0.35646925738832663 __DUMMY__ 0.33883397286705086 neg 0.3046967697446225	false	1.0
minusmensch	off 1.0		off 0.3580571562861939 __DUMMY__ 0.33528985021689683 neg 0.3066529934969091	false	1.0
farblos	neg 1.0		__DUMMY__ 0.34553879449154506 off 0.34548560918319954 neg 0.30897559632525545	false	0.5
unwissend	neg 1.0	neg 1.0	neg 0.6413676911637894 off 0.1933192037020245 __DUMMY__ 0.16531310513418607	false	1.0
traurig	neg 1.0		off 0.3537832402206446 __DUMMY__ 0.34034814574744393 neg 0.30586861403191146	false	0.5
senkung	neg 1.0		off 0.34612517138609 __DUMMY__ 0.34026987160668837 neg 0.31360495700722174	false	0.5
ungleich	neg 1.0	neg 1.0	neg 0.6457777586455512 off 0.1875717995805063 __DUMMY__ 0.16665044177394253	false	1.0
heikel	neg 1.0		__DUMMY__ 0.34342909498687485 off 0.3388831160410907 neg 0.31768778897203453	false	0.5
drosselung	neg 1.0		off 0.3512203656300168 __DUMMY__ 0.3410461862206577 neg 0.30773344814932546	false	0.5
falsch	neg 1.0		off 0.3492838220833759 __DUMMY__ 0.3417233407507349 neg 0.30899283716588927	false	0.5
unzufriedenheit	neg 1.0		__DUMMY__ 0.34396943174174555 off 0.338567144764757 neg 0.3174634234934974	false	0.5
kurz	neg 1.0		__DUMMY__ 0.3446669116921082 off 0.3440843255211736 neg 0.31124876278671826	false	0.5
unsinnig	neg 1.0		__DUMMY__ 0.34195218255215293 off 0.3418720591899951 neg 0.316175758257852	false	0.5
penner	off 1.0	off 1.0	off 0.6682742777704676 neg 0.16751721983964996 __DUMMY__ 0.16420850238988235	false	1.0
seicht	neg 1.0		off 0.3583129303764875 __DUMMY__ 0.33673980058662484 neg 0.3049472690368875	false	0.5
dummheit	off 1.0	off 1.0	off 0.6618617547291534 neg 0.17236272822269694 __DUMMY__ 0.1657755170481496	false	1.0
unerfreulich	neg 1.0		__DUMMY__ 0.3448093520221073 off 0.3388296328296429 neg 0.3163610151482498	false	0.5
motherfucker	off 1.0	off 1.0	off 0.6642209436057106 neg 0.1708186506589688 __DUMMY__ 0.16496040573532056	false	1.0
pikiert	neg 1.0		off 0.34959471155272914 __DUMMY__ 0.3400645111382406 neg 0.31034077730903037	false	0.5
wrack	neg 1.0		__DUMMY__ 0.34493593319028515 off 0.34116685534548136 neg 0.31389721146423344	false	0.5
gangster	neg 1.0		off 0.3475399258925238 __DUMMY__ 0.3421903644328827 neg 0.3102697096745936	false	0.5
krank	neg 1.0		off 0.35271356620228006 __DUMMY__ 0.3416801630448321 neg 0.30560627075288777	false	0.5
reich	neg 1.0		off 0.3476386349972258 __DUMMY__ 0.33970411067199674 neg 0.31265725433077757	false	0.5
gnadenlos	neg 1.0		off 0.3458207549701942 __DUMMY__ 0.3428168414003376 neg 0.31136240362946815	false	0.5
niedergeschlagen	neg 1.0		__DUMMY__ 0.3448284703468812 off 0.34465396759902805 neg 0.3105175620540906	false	0.5
terrorisieren	off 1.0	off 1.0	off 0.6587391161081412 neg 0.17385484897336273 __DUMMY__ 0.1674060349184962	false	1.0
sinnlosigkeit	neg 1.0		__DUMMY__ 0.3429826563171066 off 0.34223424682027886 neg 0.3147830968626144	false	0.5
behindern	neg 1.0		off 0.3433918323941492 __DUMMY__ 0.3425634736757604 neg 0.31404469393009027	false	0.5
undemokratisch	neg 1.0		off 0.3438674948115652 __DUMMY__ 0.3407085884415496 neg 0.3154239167468853	false	0.5
wirtschaftskrise	neg 1.0		__DUMMY__ 0.3428231874744264 off 0.3403539801325059 neg 0.31682283239306763	false	0.5
neid	neg 1.0		off 0.35100278206951196 __DUMMY__ 0.3429167890490488 neg 0.30608042888143927	false	0.5
rutschen	neg 1.0		__DUMMY__ 0.34762202954503396 off 0.3391552248314841 neg 0.3132227456234819	false	0.5
rezession	neg 1.0		off 0.35353161580517345 __DUMMY__ 0.3387982603095351 neg 0.3076701238852916	false	0.5
fehlgeburt	neg 1.0		off 0.3482704073716557 __DUMMY__ 0.3438936042258484 neg 0.3078359884024958	false	0.5
charakterschwach	off 1.0		off 0.3510132592505875 __DUMMY__ 0.340651295935064 neg 0.3083354448143485	false	1.0
isolation	neg 1.0		off 0.34930917821581914 __DUMMY__ 0.34223234085212967 neg 0.30845848093205125	false	0.5
ablenkung	neg 1.0		off 0.34528047266728745 __DUMMY__ 0.34306640033079516 neg 0.31165312700191755	false	0.5
pech	neg 1.0		off 0.3493347474404125 __DUMMY__ 0.3422683886516704 neg 0.3083968639079171	false	0.5
vermeidung	neg 1.0		off 0.35056830607183276 __DUMMY__ 0.33982051936912655 neg 0.3096111745590407	false	0.5
dominieren	neg 1.0		__DUMMY__ 0.3453708268532226 off 0.34231980259993644 neg 0.312309370546841	false	0.5
schwindlig	neg 1.0		off 0.3494980707718664 __DUMMY__ 0.344606623214352 neg 0.30589530601378173	false	0.5
lutscher	neg 1.0		off 0.3592994291930393 __DUMMY__ 0.3368783853724605 neg 0.30382218543450024	false	0.5
pflicht	neg 1.0		__DUMMY__ 0.34362437417475217 off 0.33882131419062356 neg 0.3175543116346242	false	0.5
faschist	off 1.0		off 0.34614968113817507 __DUMMY__ 0.34006731274305146 neg 0.3137830061187735	false	1.0
verschleudern	neg 1.0		__DUMMY__ 0.34130757040941 off 0.3381009847448767 neg 0.32059144484571317	false	0.5
wenn			off 0.34945595125293 __DUMMY__ 0.3415973863192196 neg 0.30894666242785046	false	0.0
ehebruch	neg 1.0		__DUMMY__ 0.34350629279713124 off 0.3411232239283683 neg 0.31537048327450035	false	0.5
spott	off 1.0		__DUMMY__ 0.34287125133708357 off 0.3398715889998567 neg 0.31725715966305984	false	1.0
trostlosigkeit	neg 1.0		__DUMMY__ 0.3448669746214484 off 0.3384287307085017 neg 0.31670429467004985	false	0.5
lutschen	neg 1.0		off 0.34691223437398844 __DUMMY__ 0.34153949354960456 neg 0.3115482720764071	false	0.5
undiszipliniert	neg 1.0		off 0.3532327724112142 __DUMMY__ 0.34097518049699066 neg 0.30579204709179525	false	0.5
kopfschmerz	neg 1.0		__DUMMY__ 0.34491233696826684 off 0.344607552590853 neg 0.31048011044088014	false	0.5
unvorhergesehen	neg 1.0		__DUMMY__ 0.3461373661582099 off 0.3425867715116216 neg 0.31127586233016846	false	0.5
desinteressiert	neg 1.0		off 0.35220026347009253 __DUMMY__ 0.339985714634825 neg 0.3078140218950824	false	0.5
armselig	off 1.0		off 0.3524168115934817 __DUMMY__ 0.33875737806835593 neg 0.3088258103381623	false	1.0
desaster	neg 1.0		__DUMMY__ 0.3441459765384083 off 0.33620292899845106 neg 0.3196510944631406	false	0.5
tod	neg 1.0		__DUMMY__ 0.3452083058192071 off 0.3424721151666836 neg 0.31231957901410945	false	0.5
herzlos	neg 1.0		off 0.3537114197893929 __DUMMY__ 0.33952166277197854 neg 0.3067669174386285	false	0.5
unwissenheit	neg 1.0		__DUMMY__ 0.3418897886806945 off 0.34100344466396887 neg 0.31710676665533655	false	0.5
widersinnig	neg 1.0	neg 1.0	neg 0.6464683369685689 off 0.18813602050266814 __DUMMY__ 0.165395642528763	false	1.0
bedenklich	neg 1.0		__DUMMY__ 0.34303305814553514 off 0.34040489082262 neg 0.3165620510318449	false	0.5
beanstanden	neg 1.0		__DUMMY__ 0.3438874874459294 off 0.33823181780853756 neg 0.31788069474553304	false	0.5
panisch	neg 1.0	neg 1.0	neg 0.6388423146235604 off 0.1933983139913926 __DUMMY__ 0.16775937138504698	false	1.0
debil	off 1.0		__DUMMY__ 0.34617500235857823 off 0.33384923996212484 neg 0.3199757576792968	false	1.0
abstrich	neg 1.0		__DUMMY__ 0.34274871316361155 off 0.34077009369939093 neg 0.3164811931369976	false	0.5
primitiv	neg 1.0		off 0.3514083293265388 __DUMMY__ 0.3399181144070944 neg 0.30867355626636683	false	0.5
abschaum	off 1.0	off 1.0	off 0.6631660031651858 neg 0.17133518339645948 __DUMMY__ 0.1654988134383547	false	1.0
provozieren	neg 1.0		off 0.34510225512656145 __DUMMY__ 0.34219935809383695 neg 0.3126983867796015	false	0.5
tot	neg 1.0		__DUMMY__ 0.342688059431055 off 0.33960374438723157 neg 0.3177081961817134	false	0.5
instabil	neg 1.0		off 0.34972545660352433 __DUMMY__ 0.33822152009205964 neg 0.3120530233044159	false	0.5
schwuchtel	off 1.0		off 0.3640618458045334 __DUMMY__ 0.3356071805158845 neg 0.30033097367958206	false	1.0
zerren	neg 1.0		__DUMMY__ 0.3447842661424958 off 0.3447066319031229 neg 0.31050910195438125	false	0.5
kinderficker	off 1.0		off 0.3543554705780934 __DUMMY__ 0.33734863662701253 neg 0.30829589279489406	false	1.0
gefahr	neg 1.0		__DUMMY__ 0.3448055810329964 off 0.3394173498438917 neg 0.31577706912311193	false	0.5
rabiat	neg 1.0		off 0.34445597332947264 __DUMMY__ 0.3424235436199135 neg 0.31312048305061396	false	0.5
verlangsamung	neg 1.0		off 0.3576894368893182 __DUMMY__ 0.33860848552573997 neg 0.3037020775849418	false	0.5
ausgestorben	neg 1.0		off 0.34485299720729473 __DUMMY__ 0.3439214636065027 neg 0.31122553918620244	false	0.5
anklagen	neg 1.0		__DUMMY__ 0.34294745644643265 off 0.3425099163559845 neg 0.3145426271975828	false	0.5
trott	neg 1.0		off 0.3443167772130633 __DUMMY__ 0.34340326678694744 neg 0.3122799559999892	false	0.5
verminderung	neg 1.0		off 0.35124023688507733 __DUMMY__ 0.33942735067712604 neg 0.30933241243779663	false	0.5
nach			__DUMMY__ 0.34900440748259026 off 0.3381530485595655 neg 0.3128425439578441	false	0.0
rost	neg 1.0		off 0.35667715852904436 __DUMMY__ 0.33932770005843843 neg 0.3039951414125172	false	0.5
destruktiv	neg 1.0		off 0.3427994452391917 __DUMMY__ 0.34119340555221617 neg 0.3160071492085922	false	0.5
unzumutbarkeit	neg 1.0		off 0.3498561087704229 __DUMMY__ 0.34166578939179 neg 0.30847810183778696	false	0.5
labil	off 1.0	off 1.0	off 0.6631098246789994 neg 0.17135154149407752 __DUMMY__ 0.16553863382692313	false	1.0
ziemlich	neg 1.0		off 0.35146267513684276 __DUMMY__ 0.34145848108637167 neg 0.30707884377678546	false	0.5
lachnummer	off 1.0		off 0.3436086821440323 __DUMMY__ 0.3418983307905211 neg 0.3144929870654466	false	1.0
oder			off 0.34561910747001134 __DUMMY__ 0.3435124036709313 neg 0.3108684888590573	false	0.0
verfall	neg 1.0		__DUMMY__ 0.3454394463972998 off 0.33436025706352607 neg 0.3202002965391741	false	0.5
ausgrenzung	neg 1.0		off 0.34509004412863287 __DUMMY__ 0.3410019824541128 neg 0.3139079734172544	false	0.5
unordnung	neg 1.0		off 0.35066624853143274 __DUMMY__ 0.34141009411407003 neg 0.3079236573544972	false	0.5
fehlverhalten	neg 1.0		__DUMMY__ 0.3435537325554809 off 0.3391824839418569 neg 0.3172637835026622	false	0.5
eine			__DUMMY__ 0.34454403753322743 off 0.3391650483921812 neg 0.31629091407459126	false	0.0
nille	neg 1.0		off 0.34328967299568613 __DUMMY__ 0.3430644757955243 neg 0.3136458512087895	false	0.5
qual	neg 1.0		off 0.34404305716234085 __DUMMY__ 0.3433662859237338 neg 0.31259065691392546	false	0.5
verschwenden	neg 1.0		__DUMMY__ 0.34328591802078307 off 0.3412474094821509 neg 0.31546667249706595	false	0.5
riesig	neg 1.0	neg 1.0	neg 0.642407702280747 off 0.18938765228173246 __DUMMY__ 0.16820464543752064	false	1.0
verurteilen	neg 1.0		__DUMMY__ 0.3430288330405305 off 0.34198033931265215 neg 0.31499082764681735	false	0.5
klischee	neg 1.0	neg 1.0	neg 0.6424248696666995 off 0.192192025206394 __DUMMY__ 0.16538310512690646	false	1.0
diktatorisch	neg 1.0		off 0.3441725990495711 __DUMMY__ 0.3401931258737169 neg 0.31563427507671205	false	0.5
vorhersehbar	neg 1.0	neg 1.0	neg 0.6421287301489158 off 0.1920548542618428 __DUMMY__ 0.1658164155892413	false	1.0
sowie			off 0.355440343870911 __DUMMY__ 0.3386762625045751 neg 0.305883393624514	false	0.0
stornieren	neg 1.0		off 0.3471846207409663 __DUMMY__ 0.3447975005364554 neg 0.3080178787225783	false	0.5
besteuerung	neg 1.0		off 0.34361041843240914 __DUMMY__ 0.34057247770651394 neg 0.31581710386107703	false	0.5
ungeschminkt	neg 1.0		off 0.3508544287102879 __DUMMY__ 0.34031471026315246 neg 0.30883086102655966	false	0.5
kritisch	neg 1.0		__DUMMY__ 0.3429117630760061 off 0.3400112575720086 neg 0.31707697935198526	false	0.5
schlamperei	off 1.0		__DUMMY__ 0.34290646905198974 off 0.3386394718441647 neg 0.3184540591038456	false	1.0
sucht	neg 1.0	neg 1.0	neg 0.6416481646197629 off 0.1909929390844658 __DUMMY__ 0.16735889629577122	false	1.0
egoistisch	off 1.0		off 0.35657030188842864 __DUMMY__ 0.3391546698178724 neg 0.3042750282936989	false	1.0
ausbeuter	off 1.0		__DUMMY__ 0.34282700696343915 off 0.3384204509137459 neg 0.318752542122815	false	1.0
arschgeburt	off 1.0		off 0.36387881531232036 __DUMMY__ 0.3352032232983638 neg 0.3009179613893158	false	1.0
schubs	neg 1.0	neg 1.0	neg 0.6416935684272184 off 0.1901673112355142 __DUMMY__ 0.16813912033726736	false	1.0
unsolide	neg 1.0		off 0.3433167402558987 __DUMMY__ 0.3383394731704107 neg 0.3183437865736906	false	0.5
beschwerde	neg 1.0		__DUMMY__ 0.3430885920524201 off 0.3390698697574618 neg 0.317841538190118	false	0.5
stocken	neg 1.0		__DUMMY__ 0.3441607151546317 off 0.3407406471516268 neg 0.3150986376937416	false	0.5
isolieren	neg 1.0		__DUMMY__ 0.3434929970047972 off 0.3416997222866831 neg 0.31480728070851977	false	0.5
unheilbar	neg 1.0		off 0.3466102443031702 __DUMMY__ 0.3443022686523576 neg 0.3090874870444723	false	0.5
pisser	off 1.0		off 0.35258991470601614 __DUMMY__ 0.34087833492571873 neg 0.3065317503682652	false	1.0
löschen	neg 1.0		off 0.3446762482344094 __DUMMY__ 0.3430937526552966 neg 0.31222999911029387	false	0.5
durchfallen	neg 1.0		__DUMMY__ 0.3422441892748574 off 0.3412126881723461 neg 0.3165431225527965	false	0.5
wichser	off 1.0		off 0.3615064204537443 __DUMMY__ 0.3376410385564905 neg 0.3008525409897652	false	1.0
terror	neg 1.0		off 0.3482519298042772 __DUMMY__ 0.3429129811983308 neg 0.3088350889973921	false	0.5
krass	neg 1.0		off 0.354292016956576 __DUMMY__ 0.339431302763299 neg 0.30627668028012495	false	0.5
revolte	neg 1.0		off 0.34582684279147086 __DUMMY__ 0.3409436432799216 neg 0.3132295139286075	false	0.5
besorgt	neg 1.0		__DUMMY__ 0.34527155958279104 off 0.343998618086619 neg 0.31072982233058993	false	0.5
nachlassen	neg 1.0		__DUMMY__ 0.34441809549132146 off 0.3405283222144619 neg 0.3150535822942166	false	0.5
alt	neg 1.0		__DUMMY__ 0.3441789154565789 off 0.34173611873773296 neg 0.3140849658056881	false	0.5
hundesohn	off 1.0		off 0.3587345979914326 __DUMMY__ 0.33691451392956856 neg 0.30435088807899896	false	1.0
als			__DUMMY__ 0.34428143512436704 off 0.34344424172694427 neg 0.31227432314868875	false	0.0
abschreckung	neg 1.0		__DUMMY__ 0.3446437797491803 off 0.33822502095761753 neg 0.31713119929320205	false	0.5
unqualifiziert	neg 1.0		off 0.34614461688043374 __DUMMY__ 0.3393237429326902 neg 0.314531640186876	false	0.5
abgewichst	off 1.0		__DUMMY__ 0.34343354628956885 off 0.3427972396827742 neg 0.31376921402765684	false	1.0
schwer	neg 1.0		off 0.3450338566586034 __DUMMY__ 0.3433886979695794 neg 0.31157744537181703	false	0.5
bedeutungslosigkeit	neg 1.0		__DUMMY__ 0.34396188724471843 off 0.3388320103569927 neg 0.31720610239828895	false	0.5
kapitulation	neg 1.0		__DUMMY__ 0.3423970890537273 off 0.3393851007218568 neg 0.3182178102244158	false	0.5
unscharf	neg 1.0		off 0.347024189668324 __DUMMY__ 0.34176387430413535 neg 0.31121193602754077	false	0.5
schwinden	neg 1.0		__DUMMY__ 0.34446595689266496 off 0.33913485539068405 neg 0.31639918771665093	false	0.5
versklavung	neg 1.0		off 0.3441162109752152 __DUMMY__ 0.3406666217550701 neg 0.3152171672697145	false	0.5
schlecht	neg 1.0		off 0.35171752605347345 __DUMMY__ 0.3416275645974072 neg 0.3066549093491194	false	0.5
verhasst	neg 1.0		off 0.34557270429469805 __DUMMY__ 0.3421723567923117 neg 0.31225493891299017	false	0.5
beschweren	neg 1.0		off 0.34677778301723605 __DUMMY__ 0.34234028779563636 neg 0.31088192918712765	false	0.5
scheiden	neg 1.0		off 0.34651574915744615 __DUMMY__ 0.34464363513961704 neg 0.30884061570293686	false	0.5
frustriert	neg 1.0		off 0.3437052779557748 __DUMMY__ 0.3434610336879494 neg 0.31283368835627595	false	0.5
schimmelig	neg 1.0		__DUMMY__ 0.34475370553813056 off 0.3413695765025956 neg 0.3138767179592738	false	0.5
fisch	neg 1.0		__DUMMY__ 0.3457942247638113 off 0.34044399191021013 neg 0.31376178332597865	false	0.5
schmuggel	neg 1.0		__DUMMY__ 0.3464156540088203 off 0.3408249457213023 neg 0.31275940026987736	false	0.5
auffallen	neg 1.0		off 0.3475562970273655 __DUMMY__ 0.34220800760700687 neg 0.3102356953656277	false	0.5
konkurrenz	neg 1.0	neg 1.0	neg 0.6453170039560054 off 0.18685447777547418 __DUMMY__ 0.16782851826852033	false	1.0
teufelskreis	neg 1.0		off 0.344209590800759 __DUMMY__ 0.3432248575474771 neg 0.3125655516517639	false	0.5
aufschreien	neg 1.0		off 0.346928264362091 __DUMMY__ 0.3416028489907844 neg 0.3114688866471247	false	0.5
schuldner	neg 1.0		__DUMMY__ 0.34415261372396283 off 0.3391497067531542 neg 0.3166976795228831	false	0.5
missgeburt	off 1.0	off 1.0	off 0.666648361270262 neg 0.1688878599250824 __DUMMY__ 0.16446377880465562	false	1.0
arbeitslos	neg 1.0		__DUMMY__ 0.3423703624929163 off 0.3416349996366209 neg 0.31599463787046284	false	0.5
befallen	neg 1.0		__DUMMY__ 0.34342084276371626 off 0.34308303369175464 neg 0.3134961235445292	false	0.5
miesepetrig	off 1.0	off 1.0	off 0.664463423034305 neg 0.16945352967306113 __DUMMY__ 0.16608304729263376	false	1.0
alarmieren	neg 1.0		off 0.3487436923969668 __DUMMY__ 0.34067935930833027 neg 0.31057694829470295	false	0.5
ungeduscht	off 1.0		off 0.3492629515763288 __DUMMY__ 0.3424280403458939 neg 0.3083090080777772	false	1.0
knappheit	neg 1.0		__DUMMY__ 0.34241385019766934 off 0.3395110192161102 neg 0.3180751305862203	false	0.5
schlange	neg 1.0		off 0.3480090128433657 __DUMMY__ 0.3439978335446119 neg 0.30799315361202245	false	0.5
harsch	neg 1.0		off 0.35592099640450225 __DUMMY__ 0.3406616913309264 neg 0.3034173122645713	false	0.5
lang	neg 1.0		off 0.34532305908515626 __DUMMY__ 0.3431848016649704 neg 0.3114921392498734	false	0.5
ziellos	neg 1.0		__DUMMY__ 0.34500011771514333 off 0.34325309512875324 neg 0.3117467871561035	false	0.5
selbstverliebt	neg 1.0		off 0.36129032806960754 __DUMMY__ 0.3359684125814358 neg 0.3027412593489568	false	0.5
beseitigen	neg 1.0		off 0.3434980664186255 __DUMMY__ 0.34305573858014254 neg 0.3134461950012319	false	0.5
dumm	off 1.0		off 0.357017651114757 __DUMMY__ 0.338152285511 neg 0.30483006337424295	false	1.0
arbeitsloser	neg 1.0		__DUMMY__ 0.34377740669580026 off 0.34163063873195393 neg 0.314591954572246	false	0.5
blitzen	neg 1.0		off 0.34815791209300867 __DUMMY__ 0.3420755992979365 neg 0.30976648860905476	false	0.5
hilflos	neg 1.0		__DUMMY__ 0.34393366195450714 off 0.34353061929121925 neg 0.3125357187542736	false	0.5
eklig	off 1.0		off 0.35836455679818335 __DUMMY__ 0.3387043636180423 neg 0.30293107958377447	false	1.0
begriff			off 0.3426843388039057 __DUMMY__ 0.34232045292777946 neg 0.31499520826831495	false	0.0
hungersnot	neg 1.0		__DUMMY__ 0.3440303230517018 off 0.3432965647267697 neg 0.31267311222152855	false	0.5
ungesetzlich	neg 1.0		off 0.34408684627621305 __DUMMY__ 0.33900315973522327 neg 0.31690999398856384	false	0.5
verschwendung	neg 1.0		__DUMMY__ 0.34399209346417514 off 0.34019386282128977 neg 0.3158140437145349	false	0.5
schmerzvoll	neg 1.0		off 0.3470268228593233 __DUMMY__ 0.3426989609325632 neg 0.3102742162081136	false	0.5
vorzeitig	neg 1.0		off 0.3490475914354058 __DUMMY__ 0.3431879177243436 neg 0.3077644908402505	false	0.5
unvollkommenheit	neg 1.0		__DUMMY__ 0.3463701834510665 off 0.3444725882777011 neg 0.30915722827123243	false	0.5
intervenieren	neg 1.0		__DUMMY__ 0.34261899878559676 off 0.3386210503144515 neg 0.3187599508999517	false	0.5
banause	off 1.0		off 0.359529184600266 __DUMMY__ 0.3369197482455698 neg 0.3035510671541642	false	1.0
rebell	neg 1.0		__DUMMY__ 0.3449636166958455 off 0.33664686284726075 neg 0.3183895204568937	false	0.5
unlogisch	neg 1.0		off 0.35342767222092125 __DUMMY__ 0.33966717595944507 neg 0.3069051518196337	false	0.5
leiden	neg 1.0		__DUMMY__ 0.3469539947759498 off 0.3419621948813735 neg 0.31108381034267685	false	0.5
abschaffung	neg 1.0		off 0.3435099026478631 __DUMMY__ 0.3407616180100329 neg 0.315728479342104	false	0.5
sturz	neg 1.0		off 0.3454674691102055 __DUMMY__ 0.34394761917988864 neg 0.3105849117099058	false	0.5
verkleinerung	neg 1.0		off 0.34603163342872373 __DUMMY__ 0.3397517705988906 neg 0.31421659597238555	false	0.5
schmarotzer	off 1.0		__DUMMY__ 0.3419850068401891 off 0.34115100172437784 neg 0.31686399143543315	false	1.0
bestrafung	neg 1.0		off 0.34605914998319276 __DUMMY__ 0.34227935181059654 neg 0.31166149820621064	false	0.5
achtlos	neg 1.0		off 0.3454791243241124 __DUMMY__ 0.3440222941278949 neg 0.31049858154799276	false	0.5
ungeheuer	neg 1.0		off 0.3482141200542512 __DUMMY__ 0.34217446093762727 neg 0.30961141900812156	false	0.5
unaufrichtig	neg 1.0		off 0.3463444996368205 __DUMMY__ 0.34128787074857814 neg 0.31236762961460146	false	0.5
groggy	neg 1.0		off 0.3472099822042103 __DUMMY__ 0.34168059568200276 neg 0.31110942211378684	false	0.5
verletzlich	neg 1.0		off 0.35249422571259087 __DUMMY__ 0.34066480367805474 neg 0.3068409706093545	false	0.5
ablehnen	neg 1.0		__DUMMY__ 0.34291040449817767 off 0.3407839451111602 neg 0.31630565039066205	false	0.5
