unsolidarisch	neg 1.0		off 0.3417924268301121 __DUMMY__ 0.33971731373444053 neg 0.31849025943544734	false	0.5
nachteilig	neg 1.0		__DUMMY__ 0.3434998412042957 off 0.3397187029407277 neg 0.3167814558549766	false	0.5
skeptisch	neg 1.0		__DUMMY__ 0.34384222082382243 off 0.33900315658560665 neg 0.3171546225905708	false	0.5
schrecklich	neg 1.0		off 0.354738713472658 __DUMMY__ 0.33989171691502207 neg 0.30536956961231987	false	0.5
schlapp	neg 1.0		off 0.35072119149640624 __DUMMY__ 0.3421221683751775 neg 0.30715664012841626	false	0.5
abfall	neg 1.0		__DUMMY__ 0.34542120002149496 off 0.3369284305751497 neg 0.3176503694033554	false	0.5
widerspenstig	neg 1.0		off 0.3451323700072228 __DUMMY__ 0.34330427973466926 neg 0.3115633502581079	false	0.5
abrupt	neg 1.0		__DUMMY__ 0.3453340581075465 off 0.3409274685059341 neg 0.31373847338651933	false	0.5
unwirksam	neg 1.0		off 0.3424278419239811 __DUMMY__ 0.3404416732989375 neg 0.31713048477708133	false	0.5
angreifen	neg 1.0	neg 1.0	neg 0.6449999871597619 off 0.1876713786451897 __DUMMY__ 0.16732863419504843	false	1.0
inkonsistent	neg 1.0		off 0.34537602833499853 __DUMMY__ 0.3424195579592006 neg 0.3122044137058009	false	0.5
abrutschen	neg 1.0		__DUMMY__ 0.3453030285535691 off 0.337265406223736 neg 0.3174315652226949	false	0.5
unsicher	neg 1.0		off 0.3453770472742955 __DUMMY__ 0.3435991397113768 neg 0.3110238130143277	false	0.5
bauernkind	off 1.0	off 1.0	off 0.6652689285047599 neg 0.17054926101828938 __DUMMY__ 0.16418181047695066	false	1.0
angreifer	neg 1.0		off 0.3468962481291885 __DUMMY__ 0.343605926825444 neg 0.3094978250453675	false	0.5
trennen	neg 1.0		__DUMMY__ 0.3460719205701962 off 0.3418779057149782 neg 0.3120501737148254	false	0.5
schmutz	neg 1.0		off 0.3497031979371516 __DUMMY__ 0.3463684402114764 neg 0.3039283618513719	false	0.5
inkonsistenz	neg 1.0		off 0.3473777848426467 __DUMMY__ 0.33959515884827324 neg 0.3130270563090801	false	0.5
erschreckend	neg 1.0		off 0.34310372689652874 __DUMMY__ 0.3426519350532881 neg 0.31424433805018304	false	0.5
ertrinken	neg 1.0		__DUMMY__ 0.3454900873055739 off 0.34238371909073756 neg 0.31212619360368854	false	0.5
pickelface	off 1.0		__DUMMY__ 0.34298157661725237 off 0.34213081345758634 neg 0.31488760992516135	false	1.0
seiner			__DUMMY__ 0.3449542055352994 off 0.3404972154448089 neg 0.31454857901989186	false	0.0
lauch	neg 1.0		__DUMMY__ 0.3439328312185067 off 0.3361690400916787 neg 0.31989812868981465	false	0.5
unwichtig	neg 1.0		off 0.3494404071523565 __DUMMY__ 0.3410345907580247 neg 0.30952500208961875	false	0.5
steuerhinterziehung	neg 1.0		__DUMMY__ 0.34196450432501285 off 0.3415611682328921 neg 0.316474327442095	false	0.5
schock	neg 1.0		off 0.3454090618858627 __DUMMY__ 0.3451053959638666 neg 0.30948554215027074	false	0.5
beule	neg 1.0		off 0.3513195891385282 __DUMMY__ 0.34235255797902553 neg 0.30632785288244624	false	0.5
vergelten	neg 1.0		off 0.3547629364415515 __DUMMY__ 0.3422484860875444 neg 0.30298857747090413	false	0.5
verdorbenheit	neg 1.0		off 0.3442797165962063 __DUMMY__ 0.3432809150534122 neg 0.3124393683503814	false	0.5
trauma	neg 1.0		off 0.34571981488509024 __DUMMY__ 0.3426305545393501 neg 0.3116496305755596	false	0.5
sinnlos	neg 1.0		off 0.34769580680321027 __DUMMY__ 0.3428255499659983 neg 0.3094786432307915	false	0.5
fettsack	off 1.0	off 1.0	off 0.6669376461171631 neg 0.16832488985339775 __DUMMY__ 0.16473746402943926	false	1.0
feige	off 1.0	off 1.0	off 0.6633541041039155 neg 0.17139067471278815 __DUMMY__ 0.16525522118329636	false	1.0
abdanken	neg 1.0		off 0.3429142904604664 __DUMMY__ 0.34221991773849714 neg 0.3148657918010364	false	0.5
wichtigtuer	off 1.0	off 1.0	off 0.6616662549315072 neg 0.17247325856379936 __DUMMY__ 0.16586048650469346	false	1.0
misslingen	neg 1.0		off 0.34775993882774764 __DUMMY__ 0.3452702726921364 neg 0.3069697884801158	false	0.5
untreu	off 1.0		off 0.35086068627915434 __DUMMY__ 0.34079146356359324 neg 0.3083478501572524	false	1.0
missmutig	neg 1.0		off 0.3501562565706051 __DUMMY__ 0.3417814084733772 neg 0.30806233495601787	false	0.5
hurenbock	off 1.0		off 0.346510174173954 __DUMMY__ 0.3430713189599332 neg 0.31041850686611266	false	1.0
betrunken	neg 1.0		off 0.35389050314287407 __DUMMY__ 0.34213030876726463 neg 0.3039791880898612	false	0.5
korrupt	off 1.0		__DUMMY__ 0.34096680886330233 off 0.3399076038300388 neg 0.3191255873066588	false	1.0
unmut	neg 1.0		__DUMMY__ 0.34475644005698614 off 0.3365371937775671 neg 0.3187063661654468	false	0.5
hackfresse	off 1.0		off 0.3577577280256554 __DUMMY__ 0.3381180999198184 neg 0.30412417205452613	false	1.0
aufblasen	neg 1.0		off 0.34728048539206063 __DUMMY__ 0.3437858241844401 neg 0.30893369042349933	false	0.5
gewaltsam	neg 1.0		off 0.34394644701614374 __DUMMY__ 0.34345194083709774 neg 0.31260161214675836	false	0.5
unbeliebtheit	neg 1.0		off 0.345772455372599 __DUMMY__ 0.3373783999027268 neg 0.31684914472467435	false	0.5
sturheit	neg 1.0		off 0.34295068562849906 __DUMMY__ 0.342499092479747 neg 0.31455022189175397	false	0.5
kuh	neg 1.0		off 0.3443190596152986 __DUMMY__ 0.3414503979526765 neg 0.31423054243202503	false	0.5
erschrecken	neg 1.0		off 0.3495711313644255 __DUMMY__ 0.3422088775796831 neg 0.30821999105589143	false	0.5
opfer	neg 1.0		__DUMMY__ 0.34468847406641323 off 0.341772608407819 neg 0.313538917525768	false	0.5
sinken	neg 1.0		__DUMMY__ 0.34467058860663774 off 0.3371574365895621 neg 0.3181719748038001	false	0.5
stinktier	neg 1.0		off 0.35478384695363113 __DUMMY__ 0.3390650326032378 neg 0.30615112044313103	false	0.5
tucke	off 1.0		off 0.35669707727101096 __DUMMY__ 0.33603180522220877 neg 0.3072711175067802	false	1.0
ein			off 0.34604869900279844 __DUMMY__ 0.34335000404312116 neg 0.3106012969540805	false	0.0
abstieg	neg 1.0		__DUMMY__ 0.3460502578677252 off 0.34175537880923007 neg 0.31219436332304473	false	0.5
missverstehen	neg 1.0		off 0.3467798404908989 __DUMMY__ 0.34130356453132327 neg 0.3119165949777779	false	0.5
ergebnislos	neg 1.0		__DUMMY__ 0.3439529087823865 off 0.33983713193120935 neg 0.3162099592864041	false	0.5
unter			__DUMMY__ 0.34856672659191906 off 0.3341367007360524 neg 0.3172965726720285	false	0.0
manipulieren	neg 1.0		__DUMMY__ 0.344135079534459 off 0.33937087032016994 neg 0.3164940501453711	false	0.5
unbewiesen	neg 1.0		off 0.34206130704181203 __DUMMY__ 0.3395863719027169 neg 0.31835232105547107	false	0.5
verschleppen	neg 1.0		__DUMMY__ 0.3438044402194078 off 0.3418171788857522 neg 0.3143783808948398	false	0.5
weib	off 1.0		off 0.35784093586472665 __DUMMY__ 0.3382705003446661 neg 0.30388856379060714	false	1.0
opposition	neg 1.0		off 0.3458574211749349 __DUMMY__ 0.3416069440811241 neg 0.312535634743941	false	0.5
verkehrswidrig	neg 1.0	neg 1.0	neg 0.635835502321234 off 0.19695214081641224 __DUMMY__ 0.16721235686235375	false	1.0
inkorrekt	neg 1.0		off 0.3506175575549287 __DUMMY__ 0.3386482663434837 neg 0.3107341761015877	false	0.5
vermeiden	neg 1.0		__DUMMY__ 0.34667862238548464 off 0.3355262862859829 neg 0.3177950913285324	false	0.5
abweichung	neg 1.0		__DUMMY__ 0.34301497811501647 off 0.33965565115149143 neg 0.317329370733492	false	0.5
alkoholisiert	neg 1.0		__DUMMY__ 0.3474246691621184 off 0.3421955128119902 neg 0.3103798180258913	false	0.5
scheiss	off 1.0	off 1.0	off 0.664198863247492 neg 0.16974811495302466 __DUMMY__ 0.1660530217994834	false	1.0
herausforderung	neg 1.0	neg 1.0	neg 0.6415334043367874 off 0.18916013719611446 __DUMMY__ 0.16930645846709821	false	1.0
pervers	off 1.0		off 0.3612838027350469 __DUMMY__ 0.3374979017655267 neg 0.3012182954994264	false	1.0
wackelig	neg 1.0		__DUMMY__ 0.3456778758156355 off 0.34382480726699954 neg 0.31049731691736504	false	0.5
verwickeln	neg 1.0		off 0.34665700432244334 __DUMMY__ 0.3413218090404472 neg 0.3120211866371096	false	0.5
vorwand	neg 1.0		__DUMMY__ 0.3445020448992686 off 0.33867520933413836 neg 0.31682274576659303	false	0.5
muschi	off 1.0		__DUMMY__ 0.3428676473623039 off 0.34256118274211805 neg 0.3145711698955779	false	1.0
entmutigung	neg 1.0		off 0.34511243348455256 __DUMMY__ 0.34121044642241455 neg 0.3136771200930329	false	0.5
unangemessen	neg 1.0		__DUMMY__ 0.3423771796764474 off 0.34177516648390555 neg 0.31584765383964714	false	0.5
unstetig	neg 1.0		off 0.3461985452872469 __DUMMY__ 0.3432325355021331 neg 0.31056891921062	false	0.5
entmutigen	neg 1.0		off 0.3458727822061387 __DUMMY__ 0.3422187088224365 neg 0.31190850897142486	false	0.5
schwanz	neg 1.0		__DUMMY__ 0.344190298061715 off 0.33971819393669145 neg 0.31609150800159347	false	0.5
verbot	neg 1.0		__DUMMY__ 0.34219979116542115 off 0.34053730801177556 neg 0.3172629008228031	false	0.5
leid	neg 1.0		off 0.3563300280435232 __DUMMY__ 0.3399865404729286 neg 0.3036834314835483	false	0.5
archaisch	neg 1.0		__DUMMY__ 0.343367128664587 off 0.3424460685434594 neg 0.3141868027919535	false	0.5
gegen			__DUMMY__ 0.3455622968332238 off 0.3386226106140704 neg 0.3158150925527059	false	0.0
scheidung	neg 1.0		off 0.36504592301855193 __DUMMY__ 0.3369132422592847 neg 0.29804083472216353	false	0.5
einschlag	neg 1.0	neg 1.0	neg 0.6391209444075576 off 0.19531605396599597 __DUMMY__ 0.16556300162644635	false	1.0
m			__DUMMY__ 0.34422671887472855 off 0.34281463020690167 neg 0.3129586509183698	false	0.0
abgestanden	neg 1.0		off 0.3465247649694962 __DUMMY__ 0.3439283413935116 neg 0.30954689363699234	false	0.5
schmierig	off 1.0		off 0.3558954597459383 __DUMMY__ 0.3402616892896212 neg 0.30384285096444047	false	1.0
unpraktisch	neg 1.0		off 0.3469195744158784 __DUMMY__ 0.3439591423452637 neg 0.30912128323885785	false	0.5
wixxer	off 1.0		off 0.36043103981662916 __DUMMY__ 0.33683505358049953 neg 0.30273390660287125	false	1.0
bezeichnet			off 0.3437236766095168 __DUMMY__ 0.34244132894714474 neg 0.31383499444333857	false	0.0
jammerlappen	off 1.0		off 0.3498318305588193 __DUMMY__ 0.34126224669352195 neg 0.3089059227476589	false	1.0
farce	neg 1.0		__DUMMY__ 0.3414268997237639 off 0.34091714276488766 neg 0.31765595751134856	false	0.5
zwecklos	neg 1.0		__DUMMY__ 0.34290387479846846 off 0.34216437907377667 neg 0.31493174612775476	false	0.5
turbulent	neg 1.0		off 0.34950701089773084 __DUMMY__ 0.3401272162594077 neg 0.3103657728428613	false	0.5
invasion	neg 1.0		off 0.3475343230165826 __DUMMY__ 0.34254938618537456 neg 0.3099162907980429	false	0.5
schuld	neg 1.0		off 0.34561812573959066 __DUMMY__ 0.34257554981762334 neg 0.3118063244427859	false	0.5
risiko	neg 1.0		off 0.3453673819415426 __DUMMY__ 0.34337351449984194 neg 0.31125910355861536	false	0.5
finster	neg 1.0		off 0.34639576896060825 __DUMMY__ 0.3433575832406279 neg 0.31024664779876393	false	0.5
geisteskrank	off 1.0		off 0.35101429642084053 __DUMMY__ 0.339994848683531 neg 0.30899085489562844	false	1.0
zusammenbrechen	neg 1.0		__DUMMY__ 0.34415384688463846 off 0.34387699224278795 neg 0.3119691608725735	false	0.5
ausbeute	neg 1.0		__DUMMY__ 0.3451991678930546 off 0.34053694229995574 neg 0.3142638898069897	false	0.5
hinterhalt	neg 1.0		__DUMMY__ 0.3436341841636755 off 0.34274250068731793 neg 0.31362331514900643	false	0.5
kritik	neg 1.0		__DUMMY__ 0.34184638001179807 off 0.3410586029591502 neg 0.31709501702905174	false	0.5
einschrumpfen	neg 1.0		off 0.3460797800588592 __DUMMY__ 0.3398599676510141 neg 0.3140602522901267	false	0.5
riskant	neg 1.0		__DUMMY__ 0.34375429861003093 off 0.3406831799672918 neg 0.3155625214226772	false	0.5
frustrieren	neg 1.0		__DUMMY__ 0.34378413390219453 off 0.34093797833976597 neg 0.31527788775803944	false	0.5
groll	neg 1.0		__DUMMY__ 0.3435847204421188 off 0.34234587233377334 neg 0.3140694072241078	false	0.5
gibt			__DUMMY__ 0.34316129308454796 off 0.3425543127892264 neg 0.3142843941262257	false	0.0
qualvoll	neg 1.0		off 0.3493680435404939 __DUMMY__ 0.34314350534727156 neg 0.3074884511122345	false	0.5
wackeln	neg 1.0	neg 1.0	neg 0.6403156794010462 off 0.1919044406575019 __DUMMY__ 0.16777987994145188	false	1.0
klagen	neg 1.0		__DUMMY__ 0.3443955338658131 off 0.33683894741116366 neg 0.3187655187230232	false	0.5
bankrott	neg 1.0		off 0.3491014207358253 __DUMMY__ 0.3420585519478138 neg 0.30884002731636084	false	0.5
trauern	neg 1.0		__DUMMY__ 0.34513508804553455 off 0.34185038392333306 neg 0.3130145280311322	false	0.5
ablehnung	neg 1.0		__DUMMY__ 0.34182356799721786 off 0.3410958390332296 neg 0.31708059296955254	false	0.5
stur	neg 1.0		off 0.34602941222276595 __DUMMY__ 0.3421294853429831 neg 0.3118411024342509	false	0.5
aufruhr	neg 1.0		off 0.34411145760278183 __DUMMY__ 0.34375824281454026 neg 0.312130299582678	false	0.5
melancholie	neg 1.0		__DUMMY__ 0.3447484155685433 off 0.3430450446765957 neg 0.3122065397548609	false	0.5
ist			off 0.34657491869434776 __DUMMY__ 0.3423638359393473 neg 0.31106124536630503	false	0.0
torheit	neg 1.0		off 0.3446756589124317 __DUMMY__ 0.3416719932521297 neg 0.31365234783543866	false	0.5
dreckskind	off 1.0		off 0.3561873236366887 __DUMMY__ 0.33863938726518583 neg 0.30517328909812547	false	1.0
umtauschen	neg 1.0		off 0.3446372566896204 __DUMMY__ 0.3434794667487091 neg 0.3118832765616703	false	0.5
zum			__DUMMY__ 0.3483212169255473 off 0.3370108949742622 neg 0.3146678881001905	false	0.0
zersetzen	neg 1.0		__DUMMY__ 0.34354987906555384 off 0.338776152675942 neg 0.3176739682585042	false	0.5
zur			__DUMMY__ 0.34664833836653913 off 0.3347435719392041 neg 0.31860808969425664	false	0.0
frust	neg 1.0		__DUMMY__ 0.34397548830148533 off 0.3434942345576313 neg 0.3125302771408832	false	0.5
unerbittlichkeit	neg 1.0		__DUMMY__ 0.343590951801103 off 0.33894417150305434 neg 0.3174648766958428	false	0.5
zwei			__DUMMY__ 0.3472052356432572 off 0.3388472232049114 neg 0.3139475411518313	false	0.0
unkorrekt	neg 1.0		off 0.35090714203743856 __DUMMY__ 0.3381386241305482 neg 0.3109542338320133	false	0.5
hexe	off 1.0		off 0.34992629659391383 __DUMMY__ 0.34035872778393805 neg 0.3097149756221482	false	1.0
lasch	neg 1.0		off 0.3472799250821424 __DUMMY__ 0.3401548972800166 neg 0.3125651776378411	false	0.5
rivale	neg 1.0		off 0.3535341717023039 __DUMMY__ 0.3414842516441792 neg 0.3049815766535168	false	0.5
mutlos	off 1.0	off 1.0	off 0.6577372017738743 neg 0.17574138245620627 __DUMMY__ 0.1665214157699195	false	1.0
wirr	off 1.0		off 0.3516416675980494 __DUMMY__ 0.33855098478186274 neg 0.30980734762008794	false	1.0
jahr			__DUMMY__ 0.3460611165662404 off 0.3401406079444427 neg 0.31379827548931694	false	0.0
wird			__DUMMY__ 0.34388858635622993 off 0.34143947341623876 neg 0.3146719402275313	false	0.0
strafbar	neg 1.0		__DUMMY__ 0.3431349978188112 off 0.34027460576827684 neg 0.31659039641291215	false	0.5
erosion	neg 1.0		off 0.3461180799428821 __DUMMY__ 0.3437458104201188 neg 0.31013610963699906	false	0.5
eingehen	neg 1.0		__DUMMY__ 0.34259976308800816 off 0.3409801919065633 neg 0.3164200450054286	false	0.5
faul	off 1.0		off 0.3499752077257336 __DUMMY__ 0.34256747880786403 neg 0.30745731346640237	false	1.0
provisorium	neg 1.0		__DUMMY__ 0.3479039412107269 off 0.33327859220960443 neg 0.3188174665796686	false	0.5
schmerzen	neg 1.0		off 0.3451636508350282 __DUMMY__ 0.3434965365566397 neg 0.31133981260833193	false	0.5
schrumpfen	neg 1.0		__DUMMY__ 0.3452195678311143 off 0.33414208789350375 neg 0.3206383442753819	false	0.5
geistlos	off 1.0		off 0.34534542573657934 __DUMMY__ 0.33955174958324624 neg 0.3151028246801744	false	1.0
fehlkauf	neg 1.0		off 0.34627922723630256 __DUMMY__ 0.3420779188701756 neg 0.3116428538935219	false	0.5
frustrierend	neg 1.0		off 0.34952987391574386 __DUMMY__ 0.3424380299214937 neg 0.30803209616276245	false	0.5
unzufrieden	neg 1.0		__DUMMY__ 0.3427650913296056 off 0.3418438761336814 neg 0.315391032536713	false	0.5
verzweifeln	neg 1.0		off 0.34440847893177323 __DUMMY__ 0.3432910753781147 neg 0.31230044569011206	false	0.5
verzweifelt	neg 1.0		off 0.34630178534392553 __DUMMY__ 0.3423309238308919 neg 0.3113672908251826	false	0.5
misstrauensantrag	neg 1.0		off 0.3469272760456324 __DUMMY__ 0.3419151509817676 neg 0.3111575729726	false	0.5
abfallen	neg 1.0		off 0.34726430587510226 __DUMMY__ 0.34395126886515553 neg 0.30878442525974215	false	0.5
fucker	off 1.0		off 0.3515171074845644 __DUMMY__ 0.3400383827820365 neg 0.30844450973339904	false	1.0
ungezogen	neg 1.0		off 0.3598711314034948 __DUMMY__ 0.33841506163803975 neg 0.3017138069584654	false	0.5
irrsinnig	neg 1.0	neg 1.0	neg 0.6428592019318071 off 0.19096675266582977 __DUMMY__ 0.16617404540236305	false	1.0
unfassbar	neg 1.0		off 0.35016451043423336 __DUMMY__ 0.3405433931845373 neg 0.3092920963812293	false	0.5
hart	neg 1.0		off 0.34843102873632825 __DUMMY__ 0.34178488198301255 neg 0.3097840892806591	false	0.5
widerlich	off 1.0		off 0.35083865676801707 __DUMMY__ 0.33988357271191544 neg 0.30927777052006744	false	1.0
fatal	neg 1.0		off 0.34664735159893906 __DUMMY__ 0.3421020691968095 neg 0.3112505792042514	false	0.5
bruch	neg 1.0		__DUMMY__ 0.3449038624168991 off 0.3375956340847873 neg 0.3175005034983136	false	0.5
aushungern	neg 1.0		off 0.3425137703817965 __DUMMY__ 0.34211058376431097 neg 0.31537564585389266	false	0.5
anspannung	neg 1.0	neg 1.0	neg 0.642600128574691 off 0.18702589310427484 __DUMMY__ 0.17037397832103413	false	1.0
von			__DUMMY__ 0.3461024749934761 off 0.33931105619092433 neg 0.3145864688155997	false	0.0
kraftlos	neg 1.0		__DUMMY__ 0.345457566487931 off 0.34416548683539755 neg 0.31037694667667143	false	0.5
vom			__DUMMY__ 0.34874663781695575 off 0.3347665204504215 neg 0.31648684173262276	false	0.0
grenzdebil	off 1.0		off 0.35172838003493256 __DUMMY__ 0.3408405081513996 neg 0.3074311118136678	false	1.0
vor			__DUMMY__ 0.3455024588218103 off 0.33949707603787216 neg 0.31500046514031754	false	0.0
unterwerfen	neg 1.0		__DUMMY__ 0.34373781117441937 off 0.34057242248714725 neg 0.3156897663384335	false	0.5
versenkung	neg 1.0		__DUMMY__ 0.3441198873067406 off 0.3405170720419689 neg 0.3153630406512904	false	0.5
entziehen	neg 1.0		__DUMMY__ 0.34469861609930597 off 0.3379317323185222 neg 0.3173696515821719	false	0.5
finanzkrise	neg 1.0		off 0.3424043378753728 __DUMMY__ 0.3417460235025939 neg 0.3158496386220332	false	0.5
schimpfend	neg 1.0		off 0.3472686280264468 __DUMMY__ 0.3442845355907191 neg 0.3084468363828341	false	0.5
profan	neg 1.0		off 0.3477524017972299 __DUMMY__ 0.3419617624969923 neg 0.3102858357057778	false	0.5
korruption	neg 1.0		__DUMMY__ 0.34203934942086595 off 0.3403498404676291 neg 0.317610810111505	false	0.5
â			__DUMMY__ 0.3442510990962445 off 0.3414910523770856 neg 0.31425784852666994	false	0.0
schmutzig	neg 1.0		off 0.35183683297938334 __DUMMY__ 0.34182059309654506 neg 0.30634257392407155	false	0.5
sexy	neg 1.0		off 0.3485132126311078 __DUMMY__ 0.34200624242467237 neg 0.30948054494421984	false	0.5
abraten	neg 1.0		off 0.3465672691732732 __DUMMY__ 0.3421066084220588 neg 0.31132612240466795	false	0.5
schwarz	neg 1.0		off 0.34583513971481716 __DUMMY__ 0.34202715670018485 neg 0.3121377035849979	false	0.5
fotze	off 1.0		__DUMMY__ 0.34339566599080557 off 0.3402946661658881 neg 0.3163096678433062	false	1.0
verwirren	neg 1.0		off 0.3479244703955312 __DUMMY__ 0.341866178040078 neg 0.3102093515643908	false	0.5
zahnlos	off 1.0		__DUMMY__ 0.34266825373049453 off 0.34180380244031977 neg 0.31552794382918575	false	1.0
verheeren	neg 1.0		off 0.3614144492204543 __DUMMY__ 0.33894960155781684 neg 0.29963594922172887	false	0.5
hippie	neg 1.0		off 0.3477405593830664 __DUMMY__ 0.34185218854824223 neg 0.3104072520686914	false	0.5
rammen	neg 1.0		off 0.3462822652015415 __DUMMY__ 0.343342681912167 neg 0.31037505288629136	false	0.5
unlauter	neg 1.0		off 0.3426560604703005 __DUMMY__ 0.3396373381610057 neg 0.3177066013686938	false	0.5
unheilvoll	neg 1.0		off 0.34835260286080144 __DUMMY__ 0.34359326823165515 neg 0.30805412890754336	false	0.5
niedrig	neg 1.0		__DUMMY__ 0.34524474852048986 off 0.3407929856490248 neg 0.3139622658304854	false	0.5
explosion	neg 1.0		off 0.3470655649279672 __DUMMY__ 0.3418375016055559 neg 0.3110969334664769	false	0.5
weichei	off 1.0		off 0.35646925738832613 __DUMMY__ 0.3388339728670511 neg 0.3046967697446229	false	1.0
minusmensch	off 1.0		off 0.35805715628619433 __DUMMY__ 0.33528985021689683 neg 0.30665299349690894	false	1.0
farblos	neg 1.0		__DUMMY__ 0.34553879449154457 off 0.3454856091831997 neg 0.3089755963252558	false	0.5
unwissend	neg 1.0	neg 1.0	neg 0.6413676911637896 off 0.19331920370202446 __DUMMY__ 0.1653131051341859	false	1.0
traurig	neg 1.0		off 0.353783240220644 __DUMMY__ 0.3403481457474438 neg 0.30586861403191223	false	0.5
senkung	neg 1.0		off 0.34612517138609045 __DUMMY__ 0.3402698716066878 neg 0.31360495700722174	false	0.5
ungleich	neg 1.0	neg 1.0	neg 0.645777758645551 off 0.18757179958050646 __DUMMY__ 0.16665044177394261	false	1.0
heikel	neg 1.0		__DUMMY__ 0.34342909498687474 off 0.33888311604109056 neg 0.31768778897203476	false	0.5
drosselung	neg 1.0		off 0.35122036563001696 __DUMMY__ 0.34104618622065747 neg 0.3077334481493255	false	0.5
falsch	neg 1.0		off 0.3492838220833758 __DUMMY__ 0.341723340750735 neg 0.3089928371658892	false	0.5
unzufriedenheit	neg 1.0		__DUMMY__ 0.3439694317417457 off 0.3385671447647567 neg 0.3174634234934975	false	0.5
kurz	neg 1.0		__DUMMY__ 0.3446669116921084 off 0.34408432552117313 neg 0.3112487627867185	false	0.5
unsinnig	neg 1.0		__DUMMY__ 0.3419521825521528 off 0.341872059189995 neg 0.31617575825785216	false	0.5
penner	off 1.0	off 1.0	off 0.6682742777704674 neg 0.16751721983965 __DUMMY__ 0.16420850238988247	false	1.0
seicht	neg 1.0		off 0.35831293037648754 __DUMMY__ 0.336739800586625 neg 0.3049472690368875	false	0.5
dummheit	off 1.0	off 1.0	off 0.6618617547291534 neg 0.17236272822269733 __DUMMY__ 0.16577551704814933	false	1.0
unerfreulich	neg 1.0		__DUMMY__ 0.3448093520221073 off 0.33882963282964296 neg 0.3163610151482497	false	0.5
motherfucker	off 1.0	off 1.0	off 0.6642209436057108 neg 0.17081865065896887 __DUMMY__ 0.16496040573532042	false	1.0
pikiert	neg 1.0		off 0.3495947115527286 __DUMMY__ 0.3400645111382407 neg 0.31034077730903076	false	0.5
wrack	neg 1.0		__DUMMY__ 0.3449359331902856 off 0.34116685534548136 neg 0.3138972114642331	false	0.5
gangster	neg 1.0		off 0.34753992589252347 __DUMMY__ 0.34219036443288314 neg 0.31026970967459344	false	0.5
krank	neg 1.0		off 0.35271356620227995 __DUMMY__ 0.34168016304483184 neg 0.3056062707528881	false	0.5
reich	neg 1.0		off 0.34763863499722625 __DUMMY__ 0.33970411067199635 neg 0.31265725433077746	false	0.5
gnadenlos	neg 1.0		off 0.34582075497019416 __DUMMY__ 0.3428168414003377 neg 0.31136240362946815	false	0.5
niedergeschlagen	neg 1.0		__DUMMY__ 0.3448284703468811 off 0.34465396759902817 neg 0.31051756205409076	false	0.5
terrorisieren	off 1.0	off 1.0	off 0.658739116108141 neg 0.17385484897336298 __DUMMY__ 0.16740603491849615	false	1.0
sinnlosigkeit	neg 1.0		__DUMMY__ 0.3429826563171062 off 0.34223424682027914 neg 0.31478309686261474	false	0.5
behindern	neg 1.0		off 0.3433918323941492 __DUMMY__ 0.34256347367576034 neg 0.3140446939300905	false	0.5
undemokratisch	neg 1.0		off 0.3438674948115652 __DUMMY__ 0.3407085884415493 neg 0.31542391674688536	false	0.5
wirtschaftskrise	neg 1.0		__DUMMY__ 0.34282318747442636 off 0.34035398013250595 neg 0.3168228323930678	false	0.5
neid	neg 1.0		off 0.3510027820695115 __DUMMY__ 0.3429167890490494 neg 0.30608042888143916	false	0.5
rutschen	neg 1.0		__DUMMY__ 0.3476220295450344 off 0.3391552248314835 neg 0.31322274562348196	false	0.5
rezession	neg 1.0		off 0.353531615805174 __DUMMY__ 0.338798260309535 neg 0.3076701238852911	false	0.5
fehlgeburt	neg 1.0		off 0.3482704073716555 __DUMMY__ 0.3438936042258485 neg 0.307835988402496	false	0.5
charakterschwach	off 1.0		off 0.35101325925058746 __DUMMY__ 0.3406512959350639 neg 0.30833544481434877	false	1.0
isolation	neg 1.0		off 0.34930917821581847 __DUMMY__ 0.3422323408521296 neg 0.30845848093205186	false	0.5
ablenkung	neg 1.0		off 0.34528047266728734 __DUMMY__ 0.3430664003307952 neg 0.31165312700191744	false	0.5
pech	neg 1.0		off 0.3493347474404125 __DUMMY__ 0.3422683886516703 neg 0.3083968639079171	false	0.5
vermeidung	neg 1.0		off 0.350568306071832 __DUMMY__ 0.3398205193691269 neg 0.3096111745590411	false	0.5
dominieren	neg 1.0		__DUMMY__ 0.34537082685322257 off 0.3423198025999364 neg 0.31230937054684094	false	0.5
schwindlig	neg 1.0		off 0.3494980707718672 __DUMMY__ 0.3446066232143517 neg 0.3058953060137813	false	0.5
lutscher	neg 1.0		off 0.35929942919303953 __DUMMY__ 0.33687838537246045 neg 0.30382218543449996	false	0.5
pflicht	neg 1.0		__DUMMY__ 0.34362437417475195 off 0.33882131419062295 neg 0.3175543116346251	false	0.5
faschist	off 1.0		off 0.34614968113817535 __DUMMY__ 0.34006731274305163 neg 0.313783006118773	false	1.0
verschleudern	neg 1.0		__DUMMY__ 0.3413075704094099 off 0.33810098474487676 neg 0.3205914448457133	false	0.5
wenn			off 0.3494559512529294 __DUMMY__ 0.34159738631921965 neg 0.30894666242785096	false	0.0
ehebruch	neg 1.0		__DUMMY__ 0.343506292797131 off 0.34112322392836814 neg 0.315370483274501	false	0.5
spott	off 1.0		__DUMMY__ 0.34287125133708396 off 0.33987158899985653 neg 0.31725715966305945	false	1.0
trostlosigkeit	neg 1.0		__DUMMY__ 0.3448669746214485 off 0.3384287307085017 neg 0.3167042946700498	false	0.5
lutschen	neg 1.0		off 0.3469122343739879 __DUMMY__ 0.34153949354960467 neg 0.3115482720764073	false	0.5
undiszipliniert	neg 1.0		off 0.3532327724112143 __DUMMY__ 0.3409751804969904 neg 0.30579204709179536	false	0.5
kopfschmerz	neg 1.0		__DUMMY__ 0.34491233696826695 off 0.34460755259085274 neg 0.3104801104408803	false	0.5
unvorhergesehen	neg 1.0		__DUMMY__ 0.34613736615820956 off 0.3425867715116216 neg 0.3112758623301689	false	0.5
desinteressiert	neg 1.0		off 0.3522002634700916 __DUMMY__ 0.33998571463482563 neg 0.3078140218950827	false	0.5
armselig	off 1.0		off 0.3524168115934817 __DUMMY__ 0.3387573780683557 neg 0.3088258103381626	false	1.0
desaster	neg 1.0		__DUMMY__ 0.34414597653840784 off 0.336202928998451 neg 0.3196510944631411	false	0.5
tod	neg 1.0		__DUMMY__ 0.3452083058192067 off 0.3424721151666836 neg 0.31231957901410956	false	0.5
herzlos	neg 1.0		off 0.3537114197893931 __DUMMY__ 0.33952166277197887 neg 0.3067669174386281	false	0.5
unwissenheit	neg 1.0		__DUMMY__ 0.3418897886806945 off 0.34100344466396887 neg 0.3171067666553366	false	0.5
widersinnig	neg 1.0	neg 1.0	neg 0.6464683369685691 off 0.18813602050266814 __DUMMY__ 0.16539564252876282	false	1.0
bedenklich	neg 1.0		__DUMMY__ 0.3430330581455353 off 0.3404048908226195 neg 0.3165620510318453	false	0.5
beanstanden	neg 1.0		__DUMMY__ 0.34388748744592923 off 0.3382318178085378 neg 0.31788069474553293	false	0.5
panisch	neg 1.0	neg 1.0	neg 0.6388423146235602 off 0.19339831399139254 __DUMMY__ 0.1677593713850472	false	1.0
debil	off 1.0		__DUMMY__ 0.34617500235857845 off 0.33384923996212423 neg 0.31997575767929726	false	1.0
abstrich	neg 1.0		__DUMMY__ 0.34274871316361194 off 0.3407700936993907 neg 0.3164811931369974	false	0.5
primitiv	neg 1.0		off 0.3514083293265385 __DUMMY__ 0.33991811440709435 neg 0.30867355626636706	false	0.5
abschaum	off 1.0	off 1.0	off 0.663166003165186 neg 0.17133518339645942 __DUMMY__ 0.16549881343835446	false	1.0
provozieren	neg 1.0		off 0.34510225512656095 __DUMMY__ 0.3421993580938367 neg 0.31269838677960243	false	0.5
tot	neg 1.0		__DUMMY__ 0.34268805943105496 off 0.3396037443872317 neg 0.31770819618171336	false	0.5
instabil	neg 1.0		off 0.3497254566035246 __DUMMY__ 0.33822152009205925 neg 0.31205302330441614	false	0.5
schwuchtel	off 1.0		off 0.36406184580453327 __DUMMY__ 0.3356071805158844 neg 0.3003309736795822	false	1.0
zerren	neg 1.0		__DUMMY__ 0.3447842661424959 off 0.3447066319031234 neg 0.31050910195438064	false	0.5
kinderficker	off 1.0		off 0.3543554705780933 __DUMMY__ 0.33734863662701214 neg 0.30829589279489455	false	1.0
gefahr	neg 1.0		__DUMMY__ 0.34480558103299597 off 0.33941734984389166 neg 0.3157770691231123	false	0.5
rabiat	neg 1.0		off 0.3444559733294724 __DUMMY__ 0.3424235436199135 neg 0.313120483050614	false	0.5
verlangsamung	neg 1.0		off 0.35768943688931826 __DUMMY__ 0.3386084855257397 neg 0.303702077584942	false	0.5
ausgestorben	neg 1.0		off 0.34485299720729456 __DUMMY__ 0.34392146360650283 neg 0.31122553918620266	false	0.5
anklagen	neg 1.0		__DUMMY__ 0.34294745644643304 off 0.3425099163559842 neg 0.3145426271975827	false	0.5
trott	neg 1.0		off 0.3443167772130643 __DUMMY__ 0.34340326678694777 neg 0.31227995599998787	false	0.5
verminderung	neg 1.0		off 0.3512402368850773 __DUMMY__ 0.3394273506771261 neg 0.3093324124377965	false	0.5
nach			__DUMMY__ 0.3490044074825908 off 0.338153048559566 neg 0.3128425439578433	false	0.0
rost	neg 1.0		off 0.3566771585290442 __DUMMY__ 0.33932770005843865 neg 0.3039951414125171	false	0.5
destruktiv	neg 1.0		off 0.34279944523919165 __DUMMY__ 0.34119340555221606 neg 0.3160071492085923	false	0.5
unzumutbarkeit	neg 1.0		off 0.34985610877042317 __DUMMY__ 0.3416657893917901 neg 0.30847810183778684	false	0.5
labil	off 1.0	off 1.0	off 0.6631098246789995 neg 0.17135154149407744 __DUMMY__ 0.16553863382692308	false	1.0
ziemlich	neg 1.0		off 0.35146267513684254 __DUMMY__ 0.34145848108637183 neg 0.3070788437767857	false	0.5
lachnummer	off 1.0		off 0.34360868214403273 __DUMMY__ 0.34189833079052123 neg 0.314492987065446	false	1.0
oder			off 0.3456191074700118 __DUMMY__ 0.3435124036709307 neg 0.3108684888590575	false	0.0
verfall	neg 1.0		__DUMMY__ 0.3454394463972993 off 0.33436025706352634 neg 0.32020029653917437	false	0.5
ausgrenzung	neg 1.0		off 0.34509004412863287 __DUMMY__ 0.3410019824541128 neg 0.31390797341725435	false	0.5
unordnung	neg 1.0		off 0.3506662485314326 __DUMMY__ 0.34141009411407036 neg 0.30792365735449695	false	0.5
fehlverhalten	neg 1.0		__DUMMY__ 0.34355373255548066 off 0.33918248394185635 neg 0.31726378350266293	false	0.5
eine			__DUMMY__ 0.3445440375332268 off 0.3391650483921815 neg 0.31629091407459164	false	0.0
nille	neg 1.0		off 0.3432896729956859 __DUMMY__ 0.34306447579552407 neg 0.3136458512087899	false	0.5
qual	neg 1.0		off 0.3440430571623405 __DUMMY__ 0.34336628592373436 neg 0.3125906569139251	false	0.5
verschwenden	neg 1.0		__DUMMY__ 0.34328591802078334 off 0.34124740948215065 neg 0.315466672497066	false	0.5
riesig	neg 1.0	neg 1.0	neg 0.6424077022807474 off 0.18938765228173216 __DUMMY__ 0.16820464543752048	false	1.0
verurteilen	neg 1.0		__DUMMY__ 0.3430288330405304 off 0.3419803393126522 neg 0.31499082764681735	false	0.5
klischee	neg 1.0	neg 1.0	neg 0.6424248696666994 off 0.19219202520639408 __DUMMY__ 0.1653831051269065	false	1.0
diktatorisch	neg 1.0		off 0.3441725990495711 __DUMMY__ 0.3401931258737166 neg 0.3156342750767123	false	0.5
vorhersehbar	neg 1.0	neg 1.0	neg 0.6421287301489158 off 0.1920548542618432 __DUMMY__ 0.16581641558924098	false	1.0
sowie			off 0.35544034387091056 __DUMMY__ 0.338676262504575 neg 0.30588339362451444	false	0.0
stornieren	neg 1.0		off 0.34718462074096584 __DUMMY__ 0.3447975005364555 neg 0.3080178787225786	false	0.5
besteuerung	neg 1.0		off 0.34361041843240914 __DUMMY__ 0.3405724777065138 neg 0.31581710386107714	false	0.5
ungeschminkt	neg 1.0		off 0.35085442871028816 __DUMMY__ 0.3403147102631524 neg 0.30883086102655954	false	0.5
kritisch	neg 1.0		__DUMMY__ 0.34291176307600624 off 0.3400112575720089 neg 0.31707697935198487	false	0.5
schlamperei	off 1.0		__DUMMY__ 0.34290646905199007 off 0.33863947184416404 neg 0.31845405910384594	false	1.0
sucht	neg 1.0	neg 1.0	neg 0.6416481646197629 off 0.19099293908446596 __DUMMY__ 0.16735889629577114	false	1.0
egoistisch	off 1.0		off 0.35657030188842864 __DUMMY__ 0.3391546698178725 neg 0.30427502829369896	false	1.0
ausbeuter	off 1.0		__DUMMY__ 0.342827006963439 off 0.338420450913746 neg 0.3187525421228149	false	1.0
arschgeburt	off 1.0		off 0.36387881531232075 __DUMMY__ 0.33520322329836394 neg 0.3009179613893152	false	1.0
schubs	neg 1.0	neg 1.0	neg 0.6416935684272185 off 0.19016731123551403 __DUMMY__ 0.16813912033726755	false	1.0
unsolide	neg 1.0		off 0.34331674025589876 __DUMMY__ 0.3383394731704104 neg 0.3183437865736908	false	0.5
beschwerde	neg 1.0		__DUMMY__ 0.3430885920524204 off 0.33906986975746184 neg 0.31784153819011784	false	0.5
stocken	neg 1.0		__DUMMY__ 0.34416071515463176 off 0.34074064715162683 neg 0.31509863769374136	false	0.5
isolieren	neg 1.0		__DUMMY__ 0.34349299700479713 off 0.34169972228668305 neg 0.31480728070852	false	0.5
unheilbar	neg 1.0		off 0.34661024430317033 __DUMMY__ 0.344302268652357 neg 0.3090874870444727	false	0.5
pisser	off 1.0		off 0.3525899147060162 __DUMMY__ 0.3408783349257189 neg 0.30653175036826485	false	1.0
löschen	neg 1.0		off 0.3446762482344098 __DUMMY__ 0.34309375265529624 neg 0.31222999911029387	false	0.5
durchfallen	neg 1.0		__DUMMY__ 0.34224418927485706 off 0.34121268817234673 neg 0.31654312255279626	false	0.5
wichser	off 1.0		off 0.3615064204537448 __DUMMY__ 0.33764103855648997 neg 0.3008525409897653	false	1.0
terror	neg 1.0		off 0.3482519298042769 __DUMMY__ 0.34291298119833097 neg 0.308835088997392	false	0.5
krass	neg 1.0		off 0.3542920169565763 __DUMMY__ 0.33943130276329897 neg 0.30627668028012484	false	0.5
revolte	neg 1.0		off 0.34582684279147036 __DUMMY__ 0.34094364327992166 neg 0.3132295139286078	false	0.5
besorgt	neg 1.0		__DUMMY__ 0.3452715595827911 off 0.3439986180866192 neg 0.3107298223305897	false	0.5
nachlassen	neg 1.0		__DUMMY__ 0.3444180954913216 off 0.34052832221446205 neg 0.31505358229421626	false	0.5
alt	neg 1.0		__DUMMY__ 0.3441789154565786 off 0.34173611873773363 neg 0.3140849658056879	false	0.5
hundesohn	off 1.0		off 0.35873459799143226 __DUMMY__ 0.3369145139295686 neg 0.3043508880789991	false	1.0
als			__DUMMY__ 0.34428143512436743 off 0.3434442417269443 neg 0.3122743231486882	false	0.0
abschreckung	neg 1.0		__DUMMY__ 0.34464377974918053 off 0.33822502095761764 neg 0.31713119929320194	false	0.5
unqualifiziert	neg 1.0		off 0.3461446168804338 __DUMMY__ 0.3393237429326897 neg 0.3145316401868764	false	0.5
abgewichst	off 1.0		__DUMMY__ 0.3434335462895692 off 0.3427972396827745 neg 0.3137692140276563	false	1.0
schwer	neg 1.0		off 0.345033856658604 __DUMMY__ 0.3433886979695791 neg 0.31157744537181703	false	0.5
bedeutungslosigkeit	neg 1.0		__DUMMY__ 0.34396188724471854 off 0.3388320103569921 neg 0.31720610239828934	false	0.5
kapitulation	neg 1.0		__DUMMY__ 0.34239708905372734 off 0.3393851007218569 neg 0.3182178102244158	false	0.5
unscharf	neg 1.0		off 0.3470241896683241 __DUMMY__ 0.34176387430413513 neg 0.31121193602754077	false	0.5
schwinden	neg 1.0		__DUMMY__ 0.3444659568926648 off 0.3391348553906839 neg 0.3163991877166513	false	0.5
versklavung	neg 1.0		off 0.34411621097521466 __DUMMY__ 0.34066662175507056 neg 0.3152171672697146	false	0.5
schlecht	neg 1.0		off 0.3517175260534734 __DUMMY__ 0.3416275645974068 neg 0.3066549093491198	false	0.5
verhasst	neg 1.0		off 0.34557270429469755 __DUMMY__ 0.34217235679231195 neg 0.31225493891299055	false	0.5
beschweren	neg 1.0		off 0.34677778301723594 __DUMMY__ 0.3423402877956359 neg 0.31088192918712804	false	0.5
scheiden	neg 1.0		off 0.34651574915744593 __DUMMY__ 0.3446436351396169 neg 0.3088406157029372	false	0.5
frustriert	neg 1.0		off 0.34370527795577516 __DUMMY__ 0.34346103368794895 neg 0.31283368835627595	false	0.5
schimmelig	neg 1.0		__DUMMY__ 0.3447537055381301 off 0.3413695765025963 neg 0.31387671795927363	false	0.5
fisch	neg 1.0		__DUMMY__ 0.34579422476381083 off 0.34044399191021035 neg 0.3137617833259789	false	0.5
schmuggel	neg 1.0		__DUMMY__ 0.3464156540088203 off 0.34082494572130245 neg 0.31275940026987714	false	0.5
auffallen	neg 1.0		off 0.34755629702736557 __DUMMY__ 0.34220800760700676 neg 0.3102356953656278	false	0.5
konkurrenz	neg 1.0	neg 1.0	neg 0.6453170039560057 off 0.1868544777754741 __DUMMY__ 0.1678285182685202	false	1.0
teufelskreis	neg 1.0		off 0.34420959080075914 __DUMMY__ 0.34322485754747706 neg 0.31256555165176375	false	0.5
aufschreien	neg 1.0		off 0.34692826436209123 __DUMMY__ 0.34160284899078464 neg 0.31146888664712413	false	0.5
schuldner	neg 1.0		__DUMMY__ 0.34415261372396266 off 0.3391497067531544 neg 0.3166976795228829	false	0.5
missgeburt	off 1.0	off 1.0	off 0.6666483612702622 neg 0.1688878599250824 __DUMMY__ 0.16446377880465532	false	1.0
arbeitslos	neg 1.0		__DUMMY__ 0.3423703624929161 off 0.34163499963662125 neg 0.31599463787046267	false	0.5
befallen	neg 1.0		__DUMMY__ 0.34342084276371593 off 0.3430830336917546 neg 0.3134961235445294	false	0.5
miesepetrig	off 1.0	off 1.0	off 0.6644634230343052 neg 0.16945352967306113 __DUMMY__ 0.16608304729263376	false	1.0
alarmieren	neg 1.0		off 0.34874369239696734 __DUMMY__ 0.3406793593083301 neg 0.31057694829470267	false	0.5
ungeduscht	off 1.0		off 0.3492629515763283 __DUMMY__ 0.34242804034589414 neg 0.3083090080777774	false	1.0
knappheit	neg 1.0		__DUMMY__ 0.3424138501976697 off 0.3395110192161099 neg 0.31807513058622044	false	0.5
schlange	neg 1.0		off 0.34800901284336544 __DUMMY__ 0.34399783354461194 neg 0.3079931536120226	false	0.5
harsch	neg 1.0		off 0.35592099640450287 __DUMMY__ 0.3406616913309261 neg 0.30341731226457114	false	0.5
lang	neg 1.0		off 0.34532305908515654 __DUMMY__ 0.34318480166497006 neg 0.31149213924987346	false	0.5
ziellos	neg 1.0		__DUMMY__ 0.34500011771514355 off 0.3432530951287531 neg 0.3117467871561035	false	0.5
selbstverliebt	neg 1.0		off 0.3612903280696074 __DUMMY__ 0.335968412581436 neg 0.3027412593489567	false	0.5
beseitigen	neg 1.0		off 0.3434980664186256 __DUMMY__ 0.3430557385801425 neg 0.31344619500123183	false	0.5
dumm	off 1.0		off 0.35701765111475736 __DUMMY__ 0.3381522855109999 neg 0.30483006337424284	false	1.0
arbeitsloser	neg 1.0		__DUMMY__ 0.34377740669579976 off 0.3416306387319543 neg 0.31459195457224587	false	0.5
blitzen	neg 1.0		off 0.34815791209300884 __DUMMY__ 0.3420755992979362 neg 0.30976648860905504	false	0.5
hilflos	neg 1.0		__DUMMY__ 0.3439336619545079 off 0.34353061929121864 neg 0.31253571875427333	false	0.5
eklig	off 1.0		off 0.35836455679818385 __DUMMY__ 0.33870436361804196 neg 0.30293107958377413	false	1.0
begriff			off 0.34268433880390564 __DUMMY__ 0.3423204529277796 neg 0.31499520826831456	false	0.0
hungersnot	neg 1.0		__DUMMY__ 0.3440303230517018 off 0.34329656472676934 neg 0.31267311222152877	false	0.5
ungesetzlich	neg 1.0		off 0.34408684627621355 __DUMMY__ 0.3390031597352233 neg 0.3169099939885632	false	0.5
verschwendung	neg 1.0		__DUMMY__ 0.34399209346417525 off 0.34019386282128966 neg 0.3158140437145349	false	0.5
schmerzvoll	neg 1.0		off 0.34702682285932296 __DUMMY__ 0.3426989609325631 neg 0.31027421620811396	false	0.5
vorzeitig	neg 1.0		off 0.34904759143540615 __DUMMY__ 0.3431879177243433 neg 0.30776449084025054	false	0.5
unvollkommenheit	neg 1.0		__DUMMY__ 0.34637018345106635 off 0.34447258827770133 neg 0.3091572282712322	false	0.5
intervenieren	neg 1.0		__DUMMY__ 0.3426189987855972 off 0.33862105031445106 neg 0.3187599508999517	false	0.5
banause	off 1.0		off 0.3595291846002658 __DUMMY__ 0.3369197482455704 neg 0.3035510671541638	false	1.0
rebell	neg 1.0		__DUMMY__ 0.34496361669584547 off 0.3366468628472607 neg 0.3183895204568938	false	0.5
unlogisch	neg 1.0		off 0.3534276722209211 __DUMMY__ 0.33966717595944523 neg 0.3069051518196338	false	0.5
leiden	neg 1.0		__DUMMY__ 0.3469539947759497 off 0.3419621948813741 neg 0.3110838103426763	false	0.5
abschaffung	neg 1.0		off 0.3435099026478634 __DUMMY__ 0.3407616180100329 neg 0.31572847934210374	false	0.5
sturz	neg 1.0		off 0.34546746911020565 __DUMMY__ 0.34394761917988864 neg 0.31058491170990565	false	0.5
verkleinerung	neg 1.0		off 0.34603163342872373 __DUMMY__ 0.33975177059889106 neg 0.31421659597238527	false	0.5
schmarotzer	off 1.0		__DUMMY__ 0.3419850068401888 off 0.341151001724378 neg 0.31686399143543315	false	1.0
bestrafung	neg 1.0		off 0.3460591499831932 __DUMMY__ 0.3422793518105963 neg 0.3116614982062106	false	0.5
achtlos	neg 1.0		off 0.3454791243241125 __DUMMY__ 0.3440222941278948 neg 0.3104985815479926	false	0.5
ungeheuer	neg 1.0		off 0.3482141200542513 __DUMMY__ 0.34217446093762716 neg 0.3096114190081215	false	0.5
unaufrichtig	neg 1.0		off 0.3463444996368204 __DUMMY__ 0.34128787074857814 neg 0.31236762961460146	false	0.5
groggy	neg 1.0		off 0.34720998220421057 __DUMMY__ 0.34168059568200304 neg 0.31110942211378634	false	0.5
verletzlich	neg 1.0		off 0.35249422571259104 __DUMMY__ 0.3406648036780545 neg 0.3068409706093545	false	0.5
ablehnen	neg 1.0		__DUMMY__ 0.3429104044981778 off 0.34078394511116 neg 0.31630565039066216	false	0.5
