unsolidarisch	neg 1.0		__DUMMY__ 0.9313741927695757 neg 0.03482333696642225 off 0.033802470264002134	false	1.0
nachteilig	neg 1.0		__DUMMY__ 0.9374881496128116 neg 0.03203575981997479 off 0.030476090567213534	false	1.0
skeptisch	neg 1.0		__DUMMY__ 0.9377626190559546 neg 0.03222400105815209 off 0.030013379885893227	false	1.0
schrecklich	neg 1.0		__DUMMY__ 0.9318335718850005 off 0.040439454409283204 neg 0.02772697370571626	false	0.5
schlapp	neg 1.0		__DUMMY__ 0.9355124184843008 off 0.03675206051707148 neg 0.02773552099862776	false	0.5
abfall	neg 1.0		__DUMMY__ 0.9402050415138752 neg 0.03179197006927033 off 0.028002988416854533	false	1.0
widerspenstig	neg 1.0		__DUMMY__ 0.9372416650104011 off 0.033177268266836306 neg 0.029581066722762638	false	0.5
abrupt	neg 1.0		__DUMMY__ 0.9404121271740955 off 0.029881923876149668 neg 0.02970594894975487	false	0.5
unwirksam	neg 1.0		__DUMMY__ 0.9326941844227609 neg 0.033993764913776786 off 0.033312050663462274	false	1.0
angreifen	neg 1.0	neg 1.0	neg 0.498984684957722 __DUMMY__ 0.4734190367257923 off 0.02759627831648569	false	1.0
inkonsistent	neg 1.0		__DUMMY__ 0.9360721636261188 off 0.033732438974948854 neg 0.030195397398932424	false	0.5
abrutschen	neg 1.0		__DUMMY__ 0.9399255421682835 neg 0.03180277701687275 off 0.028271680814843814	false	1.0
unsicher	neg 1.0		__DUMMY__ 0.9373728531913563 off 0.03361102313083567 neg 0.029016123677807943	false	0.5
bauernkind	off 1.0	off 1.0	off 0.506384743335094 __DUMMY__ 0.46603039580156175 neg 0.027584860863344263	false	1.0
angreifer	neg 1.0		__DUMMY__ 0.9376381929317791 off 0.0344968666773818 neg 0.02786494039083908	false	0.5
trennen	neg 1.0		__DUMMY__ 0.9412421439047003 off 0.03034809533684454 neg 0.028409760758455162	false	0.5
schmutz	neg 1.0		__DUMMY__ 0.942550197890402 off 0.034257022947770326 neg 0.023192779161827725	false	0.5
inkonsistenz	neg 1.0		__DUMMY__ 0.9314068379320091 off 0.03671742922650471 neg 0.03187573284148627	false	0.5
erschreckend	neg 1.0		__DUMMY__ 0.9358549607102363 off 0.03290493934183885 neg 0.03124009994792475	false	0.5
ertrinken	neg 1.0		__DUMMY__ 0.9402989540279004 off 0.030979212015070406 neg 0.02872183395702919	false	0.5
pickelface	off 1.0		__DUMMY__ 0.9367142244980061 off 0.03196136397090165 neg 0.031324411531092236	false	1.0
seiner			__DUMMY__ 0.9394671406269766 neg 0.030278527771286597 off 0.03025433160173685	false	0.0
lauch	neg 1.0		__DUMMY__ 0.9380806247780288 neg 0.033855828749105366 off 0.0280635464728658	false	1.0
unwichtig	neg 1.0		__DUMMY__ 0.9335394073283633 off 0.037070435674560843 neg 0.029390156997075877	false	0.5
steuerhinterziehung	neg 1.0		__DUMMY__ 0.9350254509979383 neg 0.032521323331606344 off 0.032453225670455346	false	1.0
schock	neg 1.0		__DUMMY__ 0.9397811816824907 off 0.03277314951760588 neg 0.027445668799903476	false	0.5
beule	neg 1.0		__DUMMY__ 0.9360743487357182 off 0.03685509609888316 neg 0.027070555165398653	false	0.5
vergelten	neg 1.0		__DUMMY__ 0.935862005939806 off 0.039567121486336856 neg 0.024570872573857188	false	0.5
verdorbenheit	neg 1.0		__DUMMY__ 0.9372676937683078 off 0.032606031860858566 neg 0.030126274370833612	false	0.5
trauma	neg 1.0		__DUMMY__ 0.9359158092819827 off 0.0342103633154431 neg 0.02987382740257421	false	0.5
sinnlos	neg 1.0		__DUMMY__ 0.9362704502259526 off 0.03524617983843197 neg 0.028483369935615486	false	0.5
fettsack	off 1.0	off 1.0	off 0.5076603413298852 __DUMMY__ 0.467398558351059 neg 0.024941100319055765	false	1.0
feige	off 1.0	off 1.0	off 0.5043537259918529 __DUMMY__ 0.4683430165399609 neg 0.027303257468186164	false	1.0
abdanken	neg 1.0		__DUMMY__ 0.9353484910022577 off 0.033269879876164664 neg 0.03138162912157756	false	0.5
wichtigtuer	off 1.0	off 1.0	off 0.5023183290653633 __DUMMY__ 0.4698691512531162 neg 0.027812519681520535	false	1.0
misslingen	neg 1.0		__DUMMY__ 0.9406890206140576 off 0.033785411107336905 neg 0.025525568278605523	false	0.5
untreu	off 1.0		__DUMMY__ 0.933095310067452 off 0.0379418484803421 neg 0.028962841452205876	false	1.0
missmutig	neg 1.0		__DUMMY__ 0.9347264731963052 off 0.036951970813984034 neg 0.0283215559897107	false	0.5
hurenbock	off 1.0		__DUMMY__ 0.9370733875721065 off 0.034118566365524704 neg 0.028808046062368822	false	1.0
betrunken	neg 1.0		__DUMMY__ 0.9355197441599042 off 0.038645456621273076 neg 0.0258347992188227	false	0.5
korrupt	off 1.0		__DUMMY__ 0.9333402293775644 neg 0.03453698437083565 off 0.0321227862516	false	0.5
unmut	neg 1.0		__DUMMY__ 0.9392155855294574 neg 0.03253215771095106 off 0.028252256759591515	false	1.0
hackfresse	off 1.0		__DUMMY__ 0.9291723620020022 off 0.042954070544349424 neg 0.027873567453648385	false	1.0
aufblasen	neg 1.0		__DUMMY__ 0.9378725244211278 off 0.034282911292806584 neg 0.027844564286065618	false	0.5
gewaltsam	neg 1.0		__DUMMY__ 0.9373596277812819 off 0.03286219364198909 neg 0.029778178576728945	false	0.5
unbeliebtheit	neg 1.0		__DUMMY__ 0.9278148558372941 off 0.03696423742002613 neg 0.03522090674267982	false	0.5
sturheit	neg 1.0		__DUMMY__ 0.9356990310227699 off 0.033034925370396685 neg 0.031266043606833514	false	0.5
kuh	neg 1.0		__DUMMY__ 0.9347558873620186 off 0.03334119715806293 neg 0.03190291547991851	false	0.5
erschrecken	neg 1.0		__DUMMY__ 0.9353132988147574 off 0.03646117022265259 neg 0.028225530962590038	false	0.5
opfer	neg 1.0		__DUMMY__ 0.9391831829037546 off 0.031174390537003382 neg 0.02964242655924209	false	0.5
sinken	neg 1.0		__DUMMY__ 0.9391818756859631 neg 0.03235942268129899 off 0.028458701632737903	false	1.0
stinktier	neg 1.0		__DUMMY__ 0.9307866046725088 off 0.04078240203922621 neg 0.02843099328826494	false	0.5
tucke	off 1.0		__DUMMY__ 0.926046677367324 off 0.043217622482508586 neg 0.030735700150167408	false	1.0
ein			__DUMMY__ 0.9372331875323716 off 0.03372505457090115 neg 0.029041757896727256	false	0.0
abstieg	neg 1.0		__DUMMY__ 0.9414899343251587 off 0.030450007924431845 neg 0.028060057750409387	false	0.5
missverstehen	neg 1.0		__DUMMY__ 0.9339118352405703 off 0.035539611676659054 neg 0.030548553082770564	false	0.5
ergebnislos	neg 1.0		__DUMMY__ 0.9380155776421958 neg 0.031528814331530805 off 0.030455608026273374	false	1.0
unter			__DUMMY__ 0.9452123373143596 neg 0.03009624281020386 off 0.024691419875436552	false	0.0
manipulieren	neg 1.0		__DUMMY__ 0.9383313407650138 neg 0.03152573103919728 off 0.03014292819578899	false	1.0
unbewiesen	neg 1.0		__DUMMY__ 0.9311468106782267 neg 0.03477801723804699 off 0.034075172083726325	false	1.0
verschleppen	neg 1.0		__DUMMY__ 0.9379064435465196 off 0.03170755095916216 neg 0.030386005494318195	false	0.5
weib	off 1.0		__DUMMY__ 0.9295122115977189 off 0.04293919367029401 neg 0.027548594731987123	false	1.0
opposition	neg 1.0		__DUMMY__ 0.9345387108486464 off 0.034580312893089674 neg 0.030880976258263904	false	0.5
verkehrswidrig	neg 1.0	neg 1.0	neg 0.4904355687779403 __DUMMY__ 0.4739656910339404 off 0.03559874018811928	false	1.0
inkorrekt	neg 1.0		__DUMMY__ 0.9299378809682534 off 0.03906789851716935 neg 0.030994220514577342	false	0.5
vermeiden	neg 1.0		__DUMMY__ 0.942492332663064 neg 0.031192617227789345 off 0.026315050109146684	false	1.0
abweichung	neg 1.0		__DUMMY__ 0.9367870769579615 neg 0.032532969932766206 off 0.03067995310927232	false	1.0
alkoholisiert	neg 1.0		__DUMMY__ 0.9441824714241781 off 0.0291874858128971 neg 0.02663004276292488	false	0.5
scheiss	off 1.0	off 1.0	off 0.5036993743168151 __DUMMY__ 0.4709053111744474 neg 0.025395314508737502	false	1.0
herausforderung	neg 1.0	neg 1.0	neg 0.4939129356783767 __DUMMY__ 0.47892298367415465 off 0.027164080647468638	false	1.0
pervers	off 1.0		__DUMMY__ 0.9283316757139249 off 0.04527237967420962 neg 0.02639594461186537	false	1.0
wackelig	neg 1.0		__DUMMY__ 0.9408839191187001 off 0.03129291552523845 neg 0.02782316535606147	false	0.5
verwickeln	neg 1.0		__DUMMY__ 0.933869813564675 off 0.035512431643062704 neg 0.0306177547922623	false	0.5
vorwand	neg 1.0		__DUMMY__ 0.9388647002911285 neg 0.03162356161645334 off 0.029511738092418242	false	1.0
muschi	off 1.0		__DUMMY__ 0.936409980605902 off 0.03237119595277187 neg 0.03121882344132613	false	1.0
entmutigung	neg 1.0		__DUMMY__ 0.9339017589285808 off 0.034901345781260404 neg 0.03119689529015869	false	0.5
unangemessen	neg 1.0		__DUMMY__ 0.9355493373161682 off 0.03235958256766386 neg 0.03209108011616797	false	0.5
unstetig	neg 1.0		__DUMMY__ 0.9374860698371847 off 0.033745765945451166 neg 0.028768164217364105	false	0.5
entmutigen	neg 1.0		__DUMMY__ 0.9353538135750616 off 0.03451618623900489 neg 0.030130000185933425	false	0.5
schwanz	neg 1.0		__DUMMY__ 0.9387226334964299 neg 0.031455662390476764 off 0.02982170411309331	false	1.0
verbot	neg 1.0		__DUMMY__ 0.935329207228285 neg 0.03280353383257841 off 0.03186725893913653	false	1.0
leid	neg 1.0		__DUMMY__ 0.9321901548007068 off 0.04115393868879168 neg 0.026655906510501554	false	0.5
archaisch	neg 1.0		__DUMMY__ 0.9371668121951982 off 0.03203662133473378 neg 0.030796566470068044	false	0.5
gegen			__DUMMY__ 0.9404342878360461 neg 0.03039947141789499 off 0.029166240746058912	false	0.0
scheidung	neg 1.0		__DUMMY__ 0.9273457153667163 off 0.04812594599680163 neg 0.024528338636482145	false	0.5
einschlag	neg 1.0	neg 1.0	neg 0.4948207766588971 __DUMMY__ 0.4694307624604401 off 0.03574846088066284	false	1.0
m			__DUMMY__ 0.9384343018634763 off 0.03168442875864423 neg 0.02988126937787951	false	0.0
abgestanden	neg 1.0		__DUMMY__ 0.9386829005136477 off 0.03318433422437134 neg 0.028132765261980993	false	0.5
schmierig	off 1.0		__DUMMY__ 0.9325585033851781 off 0.04082514055623483 neg 0.02661635605858705	false	1.0
unpraktisch	neg 1.0		__DUMMY__ 0.9383243776237018 off 0.03380195510394135 neg 0.0278736672723569	false	0.5
wixxer	off 1.0		__DUMMY__ 0.9272718930550599 off 0.045114065207789496 neg 0.02761404173715062	false	1.0
bezeichnet			__DUMMY__ 0.9356642030187906 off 0.03332890004477769 neg 0.031006896936431744	false	0.0
jammerlappen	off 1.0		__DUMMY__ 0.933829107412421 off 0.037179048603909776 neg 0.028991843983669222	false	1.0
farce	neg 1.0		__DUMMY__ 0.9341624131461344 neg 0.03344061667609703 off 0.032396970177768616	false	1.0
zwecklos	neg 1.0		__DUMMY__ 0.9362752153738633 off 0.032283454827111244 neg 0.03144132979902554	false	0.5
turbulent	neg 1.0		__DUMMY__ 0.9325718036483982 off 0.03733932436135967 neg 0.030088871990242145	false	0.5
invasion	neg 1.0		__DUMMY__ 0.9358658170100018 off 0.03523781653993964 neg 0.02889636645005863	false	0.5
schuld	neg 1.0		__DUMMY__ 0.9358172518188138 off 0.034296562320588905 neg 0.02988618586059723	false	0.5
risiko	neg 1.0		__DUMMY__ 0.9375138276600283 off 0.03361744020360432 neg 0.0288687321363674	false	0.5
finster	neg 1.0		__DUMMY__ 0.9374707531346166 off 0.03355262750226201 neg 0.028976619363121407	false	0.5
geisteskrank	off 1.0		__DUMMY__ 0.9319624275855711 off 0.03853078076433746 neg 0.02950679165009138	false	1.0
zusammenbrechen	neg 1.0		__DUMMY__ 0.9381726764161419 off 0.032537118576337794 neg 0.029290205007520397	false	0.5
ausbeute	neg 1.0		__DUMMY__ 0.9404070950286566 neg 0.030085526196591023 off 0.029507378774752308	false	1.0
hinterhalt	neg 1.0		__DUMMY__ 0.9378505359995062 off 0.03178359956505982 neg 0.03036586443543397	false	0.5
kritik	neg 1.0		__DUMMY__ 0.9348111983632897 neg 0.03288990126137882 off 0.03229890037533145	false	1.0
einschrumpfen	neg 1.0		__DUMMY__ 0.9317590752775409 off 0.03574129587090473 neg 0.032499628851554406	false	0.5
riskant	neg 1.0		__DUMMY__ 0.9375078574442812 neg 0.03145690512074295 off 0.03103523743497579	false	1.0
frustrieren	neg 1.0		__DUMMY__ 0.9376539205965886 neg 0.031240059659360355 off 0.031106019744051125	false	1.0
groll	neg 1.0		__DUMMY__ 0.9374651313214052 off 0.03206410088219837 neg 0.03047076779639641	false	0.5
gibt			__DUMMY__ 0.9365185523361543 off 0.03237517671489491 neg 0.031106270948950795	false	0.0
qualvoll	neg 1.0		__DUMMY__ 0.9368307101427307 off 0.03581334513623445 neg 0.027355944721034864	false	0.5
wackeln	neg 1.0	neg 1.0	neg 0.49442164934290783 __DUMMY__ 0.4747930385428841 off 0.030785312114208	false	1.0
klagen	neg 1.0		__DUMMY__ 0.938763686140359 neg 0.03266110387465281 off 0.028575209984988262	false	1.0
bankrott	neg 1.0		__DUMMY__ 0.9351724801846505 off 0.03611994083199522 neg 0.028707578983354267	false	0.5
trauern	neg 1.0		__DUMMY__ 0.9399514254040421 off 0.03093140895340897 neg 0.029117165642548886	false	0.5
ablehnung	neg 1.0		__DUMMY__ 0.934761612440455 neg 0.0328540139074816 off 0.03238437365206342	false	1.0
stur	neg 1.0		__DUMMY__ 0.9351154458012252 off 0.034728717838116395 neg 0.030155836360658387	false	0.5
aufruhr	neg 1.0		__DUMMY__ 0.9378600625030727 off 0.032887315393601894 neg 0.029252622103325403	false	0.5
melancholie	neg 1.0		__DUMMY__ 0.9394961704525983 off 0.031242835804472697 neg 0.029260993742929058	false	0.5
ist			__DUMMY__ 0.9354331786954115 off 0.034817945969742255 neg 0.029748875334846235	false	0.0
torheit	neg 1.0		__DUMMY__ 0.9345901229504913 off 0.034331370782921936 neg 0.031078506266586876	false	0.5
dreckskind	off 1.0		__DUMMY__ 0.9300862826555546 off 0.041865917552158224 neg 0.02804779979228713	false	1.0
umtauschen	neg 1.0		__DUMMY__ 0.9375712063998094 off 0.032612651540419986 neg 0.029816142059770616	false	0.5
zum			__DUMMY__ 0.944927417796352 neg 0.02878825120913381 off 0.02628433099451408	false	0.0
zersetzen	neg 1.0		__DUMMY__ 0.9373380277393975 neg 0.03262545404907465 off 0.030036518211527925	false	1.0
zur			__DUMMY__ 0.942243655521912 neg 0.03162056123960564 off 0.026135783238482323	false	0.0
frust	neg 1.0		__DUMMY__ 0.937823651792021 off 0.03248876404417741 neg 0.029687584163801625	false	0.5
unerbittlichkeit	neg 1.0		__DUMMY__ 0.9374565614044325 neg 0.032429150850382914 off 0.03011428774518461	false	1.0
zwei			__DUMMY__ 0.9430225207916232 neg 0.02907699209380555 off 0.0279004871145713	false	0.0
unkorrekt	neg 1.0		__DUMMY__ 0.9292030547282386 off 0.03934661455590419 neg 0.03145033071585719	false	0.5
hexe	off 1.0		__DUMMY__ 0.9327671823229017 off 0.03726136209558101 neg 0.029971455581517304	false	1.0
lasch	neg 1.0		__DUMMY__ 0.9321088389396535 off 0.036423120973211875 neg 0.031468040087134615	false	0.5
rivale	neg 1.0		__DUMMY__ 0.93460190268975 off 0.03893797371304015 neg 0.02646012359720985	false	0.5
mutlos	off 1.0	off 1.0	off 0.49834883619308024 __DUMMY__ 0.4714814070204731 neg 0.03016975678644668	false	1.0
wirr	off 1.0		__DUMMY__ 0.9297966009733177 off 0.039430548396260146 neg 0.03077285063042215	false	1.0
jahr			__DUMMY__ 0.9414313087021587 neg 0.029421431979180228 off 0.029147259318661037	false	0.0
wird			__DUMMY__ 0.9377542272190539 off 0.031214541549128415 neg 0.03103123123181766	false	0.0
strafbar	neg 1.0		__DUMMY__ 0.9367920856890283 neg 0.03200863165494181 off 0.031199282656029864	false	1.0
erosion	neg 1.0		__DUMMY__ 0.9377466864653413 off 0.03374918270568406 neg 0.028504130828974645	false	0.5
eingehen	neg 1.0		__DUMMY__ 0.9356630638853384 neg 0.03250013319548937 off 0.031836802919172257	false	1.0
faul	off 1.0		__DUMMY__ 0.9362063370333845 off 0.036138467747445745 neg 0.027655195219169704	false	1.0
provisorium	neg 1.0		__DUMMY__ 0.9441919906898679 neg 0.03142220317949861 off 0.02438580613063342	false	1.0
schmerzen	neg 1.0		__DUMMY__ 0.9375741794661384 off 0.03291212450456137 neg 0.0295136960293002	false	0.5
schrumpfen	neg 1.0		__DUMMY__ 0.9399342825563862 neg 0.033514217132003456 off 0.026551500311610323	false	1.0
geistlos	off 1.0		__DUMMY__ 0.9311567785313113 off 0.03581146803934322 neg 0.033031753429345515	false	1.0
fehlkauf	neg 1.0		__DUMMY__ 0.9352133933510337 off 0.03477328500028724 neg 0.030013321648679075	false	0.5
frustrierend	neg 1.0		__DUMMY__ 0.9356863101990692 off 0.03641690437170952 neg 0.027896785429221336	false	0.5
unzufrieden	neg 1.0		__DUMMY__ 0.9359480437392806 off 0.03221628554802559 neg 0.03183567071269368	false	0.5
verzweifeln	neg 1.0		__DUMMY__ 0.9368179041455318 off 0.03327057658947356 neg 0.02991151926499461	false	0.5
verzweifelt	neg 1.0		__DUMMY__ 0.935318822082398 off 0.03475768978786009 neg 0.02992348812974198	false	0.5
misstrauensantrag	neg 1.0		__DUMMY__ 0.9350145647876456 off 0.03501148320235673 neg 0.029973952009997747	false	0.5
abfallen	neg 1.0		__DUMMY__ 0.9382239403004665 off 0.034022150602547055 neg 0.02775390909698646	false	0.5
fucker	off 1.0		__DUMMY__ 0.9317833759314853 off 0.038866980180354754 neg 0.02934964388815992	false	1.0
ungezogen	neg 1.0		__DUMMY__ 0.9297768800051767 off 0.0439383018213111 neg 0.026284818173512317	false	0.5
irrsinnig	neg 1.0	neg 1.0	neg 0.49808687573293026 __DUMMY__ 0.4705143107623057 off 0.03139881350476405	false	1.0
unfassbar	neg 1.0		__DUMMY__ 0.9327029694762876 off 0.037658378016962424 neg 0.029638652506749966	false	0.5
hart	neg 1.0		__DUMMY__ 0.9352383528719568 off 0.03576165032394518 neg 0.02899999680409804	false	0.5
widerlich	off 1.0		__DUMMY__ 0.9317808060050916 off 0.038387179774420764 neg 0.029832014220487646	false	1.0
fatal	neg 1.0		__DUMMY__ 0.9350766777289032 off 0.035051176835707666 neg 0.029872145435389203	false	0.5
bruch	neg 1.0		__DUMMY__ 0.939508372033775 neg 0.0317021378787743 off 0.028789490087450634	false	1.0
aushungern	neg 1.0		__DUMMY__ 0.9351479187537483 off 0.03315506141648878 neg 0.031697019829762973	false	0.5
anspannung	neg 1.0	neg 1.0	neg 0.4942411676233052 __DUMMY__ 0.48147598031667704 off 0.024282852060017648	false	1.0
von			__DUMMY__ 0.941565829407564 neg 0.02973163044256068 off 0.028702540149875385	false	0.0
kraftlos	neg 1.0		__DUMMY__ 0.9404292976803199 off 0.031844428157069386 neg 0.0277262741626107	false	0.5
vom			__DUMMY__ 0.9455690911571306 neg 0.029708081282916955 off 0.024722827559952382	false	0.0
grenzdebil	off 1.0		__DUMMY__ 0.9332769951765182 off 0.03831675305891398 neg 0.028406251764567875	false	1.0
vor			__DUMMY__ 0.9402239226643948 neg 0.030353551778888918 off 0.029422525556716327	false	0.0
unterwerfen	neg 1.0		__DUMMY__ 0.9377868731226741 neg 0.03127670700195019 off 0.030936419875375747	false	1.0
versenkung	neg 1.0		__DUMMY__ 0.9380629585800901 neg 0.031087381578734308 off 0.030849659841175558	false	1.0
entziehen	neg 1.0		__DUMMY__ 0.939132072478949 neg 0.03183569389310641 off 0.029032233627944548	false	1.0
finanzkrise	neg 1.0		__DUMMY__ 0.9347388175220789 off 0.03284264305629163 neg 0.032418539421629505	false	0.5
schimpfend	neg 1.0		__DUMMY__ 0.9389568597734449 off 0.03369770698162425 neg 0.027345433244930956	false	0.5
profan	neg 1.0		__DUMMY__ 0.9349339966888913 off 0.0355838302000643 neg 0.029482173111044445	false	0.5
korruption	neg 1.0		__DUMMY__ 0.935118662582068 neg 0.03313650327960019 off 0.03174483413833183	false	1.0
â			__DUMMY__ 0.9384883272878639 off 0.030894208958753687 neg 0.03061746375338247	false	0.0
schmutzig	neg 1.0		__DUMMY__ 0.9348188391951153 off 0.03785987771986232 neg 0.02732128308502235	false	0.5
sexy	neg 1.0		__DUMMY__ 0.9349497381342191 off 0.03606408379312421 neg 0.028986178072656757	false	0.5
abraten	neg 1.0		__DUMMY__ 0.9352121583095285 off 0.034770921072518245 neg 0.030016920617953222	false	0.5
schwarz	neg 1.0		__DUMMY__ 0.9349744918943711 off 0.03457682411895926 neg 0.030448683986669587	false	0.5
fotze	off 1.0		__DUMMY__ 0.9372647303706375 neg 0.03199126278964528 off 0.030744006839717238	false	0.5
verwirren	neg 1.0		__DUMMY__ 0.9347174412800465 off 0.03581360142470721 neg 0.029468957295246293	false	0.5
zahnlos	off 1.0		__DUMMY__ 0.9358849430703877 off 0.03223982925802943 neg 0.03187522767158283	false	1.0
verheeren	neg 1.0		__DUMMY__ 0.9305426083671032 off 0.04490169402920477 neg 0.024555697603692007	false	0.5
hippie	neg 1.0		__DUMMY__ 0.9346550628301117 off 0.035779584608258176 neg 0.02956535256163019	false	0.5
rammen	neg 1.0		__DUMMY__ 0.937575684399707 off 0.03356368089973831 neg 0.028860634700554732	false	0.5
unlauter	neg 1.0		__DUMMY__ 0.9314153581032326 neg 0.03457081323483795 off 0.03401382866192943	false	1.0
unheilvoll	neg 1.0		__DUMMY__ 0.9378372292341992 off 0.034826050377026435 neg 0.027336720388774247	false	0.5
niedrig	neg 1.0		__DUMMY__ 0.9405003428170077 off 0.029917052726607326 neg 0.029582604456385102	false	0.5
explosion	neg 1.0		__DUMMY__ 0.9348076436248216 off 0.035260641928484646 neg 0.029931714446693795	false	0.5
weichei	off 1.0		__DUMMY__ 0.9303067621091988 off 0.041782759704291204 neg 0.02791047818650993	false	1.0
minusmensch	off 1.0		__DUMMY__ 0.9244597904932522 off 0.045145204033880705 neg 0.03039500547286713	false	1.0
farblos	neg 1.0		__DUMMY__ 0.9413467274169368 off 0.03206391924991881 neg 0.026589353333144387	false	0.5
unwissend	neg 1.0	neg 1.0	neg 0.49739651144291863 __DUMMY__ 0.46848699363010643 off 0.03411649492697489	false	1.0
traurig	neg 1.0		__DUMMY__ 0.9325463867319591 off 0.03969209707189035 neg 0.027761516196150526	false	0.5
senkung	neg 1.0		__DUMMY__ 0.9324433234037764 off 0.03541015981025353 neg 0.032146516785970025	false	0.5
ungleich	neg 1.0	neg 1.0	neg 0.5001371878793059 __DUMMY__ 0.4718695712614747 off 0.027993240859219275	false	1.0
heikel	neg 1.0		__DUMMY__ 0.9371364139878589 neg 0.032750927053217686 off 0.030112658958923528	false	1.0
drosselung	neg 1.0		__DUMMY__ 0.9338202969216634 off 0.03776606329142169 neg 0.028413639786914958	false	0.5
falsch	neg 1.0		__DUMMY__ 0.9346770952107837 off 0.036557432991207714 neg 0.028765471798008566	false	0.5
unzufriedenheit	neg 1.0		__DUMMY__ 0.9379545348657629 neg 0.03225267467898365 off 0.029792790455253463	false	1.0
kurz	neg 1.0		__DUMMY__ 0.9391426941886871 off 0.03206154540695631 neg 0.028795760404356545	false	0.5
unsinnig	neg 1.0		__DUMMY__ 0.9348103954978684 neg 0.03262772315454156 off 0.03256188134759019	false	1.0
penner	off 1.0	off 1.0	off 0.509537885008799 __DUMMY__ 0.4657197919310022 neg 0.02474232306019885	false	1.0
seicht	neg 1.0		__DUMMY__ 0.9269345518662955 off 0.04422458979411732 neg 0.028840858339587203	false	0.5
dummheit	off 1.0	off 1.0	off 0.5025432840123109 __DUMMY__ 0.46962203699291327 neg 0.02783467899477586	false	1.0
unerfreulich	neg 1.0		__DUMMY__ 0.9393666718724026 neg 0.03137210170205256 off 0.029261226425544757	false	1.0
motherfucker	off 1.0	off 1.0	off 0.5054715529252455 __DUMMY__ 0.4674132819739565 neg 0.027115165100798127	false	1.0
pikiert	neg 1.0		__DUMMY__ 0.9320520170638682 off 0.03759963192372845 neg 0.03034835101240335	false	0.5
wrack	neg 1.0		__DUMMY__ 0.9400544123773538 off 0.03008731044152805 neg 0.0298582771811182	false	0.5
gangster	neg 1.0		__DUMMY__ 0.9352557250034548 off 0.035411817282087615 neg 0.029332457714457617	false	0.5
krank	neg 1.0		__DUMMY__ 0.9347601376403339 off 0.038238886687424235 neg 0.027000975672241793	false	0.5
reich	neg 1.0		__DUMMY__ 0.9317066337507073 off 0.03654356580338959 neg 0.031749800445903066	false	0.5
gnadenlos	neg 1.0		__DUMMY__ 0.9360977314094853 off 0.03431826562689426 neg 0.029584002963620494	false	0.5
niedergeschlagen	neg 1.0		__DUMMY__ 0.9394286850531166 off 0.032443813818691714 neg 0.028127501128191672	false	0.5
terrorisieren	off 1.0	off 1.0	off 0.49854582515905466 __DUMMY__ 0.47374841389908484 neg 0.027705760941860457	false	1.0
sinnlosigkeit	neg 1.0		__DUMMY__ 0.9363761152717042 off 0.03224717302705209 neg 0.03137671170124372	false	0.5
behindern	neg 1.0		__DUMMY__ 0.9358638562307237 off 0.032786769936090615 neg 0.03134937383318578	false	0.5
undemokratisch	neg 1.0		__DUMMY__ 0.9330698304854048 off 0.03448159950512558 neg 0.03244857000946965	false	0.5
wirtschaftskrise	neg 1.0		__DUMMY__ 0.9363561752247608 neg 0.032384927670290616 off 0.03125889710494858	false	1.0
neid	neg 1.0		__DUMMY__ 0.936713312723759 off 0.03676110854369756 neg 0.02652557873254341	false	0.5
rutschen	neg 1.0		__DUMMY__ 0.9437648943180722 neg 0.02842324178791802 off 0.02781186389400988	false	1.0
rezession	neg 1.0		__DUMMY__ 0.9300735094117271 off 0.04057125460757293 neg 0.029355235980700008	false	0.5
fehlgeburt	neg 1.0		__DUMMY__ 0.938523750632378 off 0.034743809675889 neg 0.026732439691732945	false	0.5
charakterschwach	off 1.0		__DUMMY__ 0.9330462560875982 off 0.03821028772739101 neg 0.028743456185010872	false	1.0
isolation	neg 1.0		__DUMMY__ 0.9354464002461533 off 0.0362761652423986 neg 0.02827743451144806	false	0.5
ablenkung	neg 1.0		__DUMMY__ 0.9365404425873499 off 0.03371393293534022 neg 0.02974562447730977	false	0.5
pech	neg 1.0		__DUMMY__ 0.9358241953926605 off 0.03584623150737879 neg 0.028329573099960703	false	0.5
vermeidung	neg 1.0		__DUMMY__ 0.9316552572711103 off 0.03809447187998553 neg 0.030250270848904116	false	0.5
dominieren	neg 1.0		__DUMMY__ 0.9404686709276314 off 0.030928596217309357 neg 0.02860273285505916	false	0.5
schwindlig	neg 1.0		__DUMMY__ 0.9395467034825764 off 0.0347297920566804 neg 0.025723504460743177	false	0.5
lutscher	neg 1.0		__DUMMY__ 0.9273017717770652 off 0.044481300530261524 neg 0.028216927692673303	false	0.5
pflicht	neg 1.0		__DUMMY__ 0.9372678732204964 neg 0.03254516158459093 off 0.03018696519491267	false	1.0
faschist	off 1.0		__DUMMY__ 0.9321008909257231 off 0.03605608662001361 neg 0.03184302245426322	false	1.0
verschleudern	neg 1.0		__DUMMY__ 0.9338904004494968 neg 0.03536654478553024 off 0.030743054764972997	false	1.0
wenn			__DUMMY__ 0.9343282625808653 off 0.03675792043785862 neg 0.028913816981276114	false	0.0
ehebruch	neg 1.0		__DUMMY__ 0.9373973799012357 off 0.03144147731285653 neg 0.031161142785907724	false	0.5
spott	off 1.0		__DUMMY__ 0.936335735304621 neg 0.032561997255155704 off 0.03110226744022335	false	0.5
trostlosigkeit	neg 1.0		__DUMMY__ 0.9394885896944074 neg 0.03140990236194858 off 0.029101507943644037	false	1.0
lutschen	neg 1.0		__DUMMY__ 0.934515343438694 off 0.03534594589281707 neg 0.030138710668488843	false	0.5
undiszipliniert	neg 1.0		__DUMMY__ 0.9336568926053217 off 0.03900847593648105 neg 0.027334631458197298	false	0.5
kopfschmerz	neg 1.0		__DUMMY__ 0.9398632321548741 off 0.03188499050360604 neg 0.028251777341519846	false	0.5
unvorhergesehen	neg 1.0		__DUMMY__ 0.9417353034231015 off 0.030233687239813126 neg 0.028031009337085324	false	0.5
desinteressiert	neg 1.0		__DUMMY__ 0.9319627165133529 off 0.03903810732096291 neg 0.028999176165684183	false	0.5
armselig	off 1.0		__DUMMY__ 0.9299799260068629 off 0.03991222236872891 neg 0.030107851624408235	false	1.0
desaster	neg 1.0		__DUMMY__ 0.9382124722987754 neg 0.03336872838479694 off 0.02841879931642761	false	1.0
tod	neg 1.0		__DUMMY__ 0.9404456367668883 off 0.030840695405383915 neg 0.028713667827727857	false	0.5
herzlos	neg 1.0		__DUMMY__ 0.9312058969334565 off 0.04012274107346003 neg 0.028671361993083615	false	0.5
unwissenheit	neg 1.0		__DUMMY__ 0.9347545902631722 neg 0.033096039765335906 off 0.03214936997149197	false	1.0
widersinnig	neg 1.0	neg 1.0	neg 0.5016935483898057 __DUMMY__ 0.46860421746608383 off 0.029702234144110492	false	1.0
bedenklich	neg 1.0		__DUMMY__ 0.9364979227391016 neg 0.03229799685602464 off 0.03120408040487372	false	1.0
beanstanden	neg 1.0		__DUMMY__ 0.9378452243986641 neg 0.032502272127750496 off 0.029652503473585348	false	1.0
panisch	neg 1.0	neg 1.0	neg 0.49307420878751684 __DUMMY__ 0.47492892188755154 off 0.03199686932493153	false	1.0
debil	off 1.0		__DUMMY__ 0.9416577117361395 neg 0.03275657002659894 off 0.025585718237261492	false	0.5
abstrich	neg 1.0		__DUMMY__ 0.9369441359326098 neg 0.032811686907221596 off 0.030244177160168577	false	1.0
primitiv	neg 1.0		__DUMMY__ 0.9318519803395305 off 0.038727521891872514 neg 0.02942049776859689	false	0.5
abschaum	off 1.0	off 1.0	off 0.5040320521294139 __DUMMY__ 0.4689932558354112 neg 0.026974692035174875	false	1.0
provozieren	neg 1.0		__DUMMY__ 0.9352380142923025 off 0.03419631451468304 neg 0.030565671193014437	false	0.5
tot	neg 1.0		__DUMMY__ 0.9365527333262433 neg 0.03322980509019955 off 0.030217461583557162	false	1.0
instabil	neg 1.0		__DUMMY__ 0.9292310811952995 off 0.03854984637541135 neg 0.03221907242928908	false	0.5
schwuchtel	off 1.0		__DUMMY__ 0.92517992518529 off 0.04813940020435146 neg 0.026680674610358522	false	1.0
zerren	neg 1.0		__DUMMY__ 0.939239069427965 off 0.03266085330530069 neg 0.028100077266734313	false	0.5
kinderficker	off 1.0		__DUMMY__ 0.9279459697486298 off 0.0417849273661662 neg 0.030269102885204097	false	1.0
gefahr	neg 1.0		__DUMMY__ 0.9393510871741383 neg 0.030751119629693104 off 0.029897793196168556	false	1.0
rabiat	neg 1.0		__DUMMY__ 0.9354526520888989 off 0.03371888815610313 neg 0.030828459754997956	false	0.5
verlangsamung	neg 1.0		__DUMMY__ 0.9299728152934674 off 0.043050745022852666 neg 0.026976439683679864	false	0.5
ausgestorben	neg 1.0		__DUMMY__ 0.9379378594654675 off 0.03310095379631314 neg 0.02896118673821946	false	0.5
anklagen	neg 1.0		__DUMMY__ 0.9365632736608444 off 0.03249531716087484 neg 0.0309414091782808	false	0.5
trott	neg 1.0		__DUMMY__ 0.9371422400968901 off 0.03293631978626294 neg 0.02992144011684695	false	0.5
verminderung	neg 1.0		__DUMMY__ 0.9310790393685275 off 0.03862434206044666 neg 0.03029661857102574	false	0.5
nach			__DUMMY__ 0.9459591959220669 neg 0.027379618625176655 off 0.02666118545275648	false	0.0
rost	neg 1.0		__DUMMY__ 0.9313899342124548 off 0.04182691219250016 neg 0.02678315359504504	false	0.5
destruktiv	neg 1.0		__DUMMY__ 0.9337139233048722 off 0.033459366710623155 neg 0.03282670998450461	false	0.5
unzumutbarkeit	neg 1.0		__DUMMY__ 0.9348304116508995 off 0.03678026996508184 neg 0.028389318384018584	false	0.5
labil	off 1.0	off 1.0	off 0.5040051490547472 __DUMMY__ 0.46891440516583843 neg 0.027080445779414267	false	1.0
ziemlich	neg 1.0		__DUMMY__ 0.9342216292326182 off 0.03787531354107641 neg 0.02790305722630542	false	0.5
lachnummer	off 1.0		__DUMMY__ 0.9346895737945596 off 0.033732276706189925 neg 0.031578149499250446	false	1.0
oder			__DUMMY__ 0.937375206529455 off 0.03347313290573478 neg 0.029151660564810163	false	0.0
verfall	neg 1.0		__DUMMY__ 0.940329492471687 neg 0.03313673232103137 off 0.02653377520728174	false	1.0
ausgrenzung	neg 1.0		__DUMMY__ 0.9335682882598827 off 0.03499288785395523 neg 0.03143882388616211	false	0.5
unordnung	neg 1.0		__DUMMY__ 0.9346502721174424 off 0.037306492744785584 neg 0.02804323513777208	false	0.5
fehlverhalten	neg 1.0		__DUMMY__ 0.9373444297419928 neg 0.03223659615030635 off 0.030418974107700763	false	1.0
eine			__DUMMY__ 0.9387514312293433 neg 0.0316448091816529 off 0.029603759589003752	false	0.0
nille	neg 1.0		__DUMMY__ 0.9366338524151792 off 0.032785034336359827 neg 0.030581113248461095	false	0.5
qual	neg 1.0		__DUMMY__ 0.9370814348659499 off 0.032840412292154834 neg 0.030078152841895207	false	0.5
verschwenden	neg 1.0		__DUMMY__ 0.9368521240117279 neg 0.03174529355244878 off 0.03140258243582339	false	1.0
riesig	neg 1.0	neg 1.0	neg 0.49570458540952356 __DUMMY__ 0.4762767785612187 off 0.028018636029257773	false	1.0
verurteilen	neg 1.0		__DUMMY__ 0.9366439268212438 off 0.03222507941555523 neg 0.03113099376320101	false	0.5
klischee	neg 1.0	neg 1.0	neg 0.4983175175956135 __DUMMY__ 0.4685094550637199 off 0.03317302734066663	false	1.0
diktatorisch	neg 1.0		__DUMMY__ 0.9322568527824978 off 0.034973786698214056 neg 0.03276936051928807	false	0.5
vorhersehbar	neg 1.0	neg 1.0	neg 0.49752633391468964 __DUMMY__ 0.46971183202125427 off 0.03276183406405608	false	1.0
sowie			__DUMMY__ 0.9299411057673852 off 0.04159168604586887 neg 0.02846720818674594	false	0.0
stornieren	neg 1.0		__DUMMY__ 0.9397515559669631 off 0.03375188602935471 neg 0.02649655800368213	false	0.5
besteuerung	neg 1.0		__DUMMY__ 0.9329574922674109 off 0.03382518261293696 neg 0.033217325119652134	false	0.5
ungeschminkt	neg 1.0		__DUMMY__ 0.9327740261583706 off 0.037737109092578894 neg 0.029488864749050596	false	0.5
kritisch	neg 1.0		__DUMMY__ 0.9363219294098477 neg 0.03252905593197769 off 0.031149014658174653	false	1.0
schlamperei	off 1.0		__DUMMY__ 0.936429290362211 neg 0.03319445637405317 off 0.030376253263735827	false	0.5
sucht	neg 1.0	neg 1.0	neg 0.49578106010785594 __DUMMY__ 0.4742578059207355 off 0.029961133971408548	false	1.0
egoistisch	off 1.0		__DUMMY__ 0.9307763130370771 off 0.04191669079641839 neg 0.02730699616650453	false	1.0
ausbeuter	off 1.0		__DUMMY__ 0.9362351724973096 neg 0.033435041923731285 off 0.03032978557895917	false	0.5
arschgeburt	off 1.0		__DUMMY__ 0.9244475256517355 off 0.048445219330207324 neg 0.0271072550180571	false	1.0
schubs	neg 1.0	neg 1.0	neg 0.4954048365517825 __DUMMY__ 0.4761412115754469 off 0.02845395187277062	false	1.0
unsolide	neg 1.0		__DUMMY__ 0.9292450560354902 neg 0.035467419017634984 off 0.035287524946874774	false	1.0
beschwerde	neg 1.0		__DUMMY__ 0.9367677873794591 neg 0.03280361177372889 off 0.03042860084681192	false	1.0
stocken	neg 1.0		__DUMMY__ 0.9383590395463709 off 0.030844465436326463 neg 0.03079649501730261	false	0.5
isolieren	neg 1.0		__DUMMY__ 0.9374884216583715 off 0.031680104686273726 neg 0.03083147365535468	false	0.5
unheilbar	neg 1.0		__DUMMY__ 0.9386871750745883 off 0.03403270089916248 neg 0.027280124026249162	false	0.5
pisser	off 1.0		__DUMMY__ 0.9336001570745094 off 0.03886040710261002 neg 0.027539435822880553	false	1.0
löschen	neg 1.0		__DUMMY__ 0.9366789567552101 off 0.03338350627417718 neg 0.029937536970612664	false	0.5
durchfallen	neg 1.0		__DUMMY__ 0.9352291309044917 neg 0.03271233249223429 off 0.03205853660327405	false	1.0
wichser	off 1.0		__DUMMY__ 0.9284013873360155 off 0.04543854124717205 neg 0.026160071416812387	false	1.0
terror	neg 1.0		__DUMMY__ 0.9365509071389866 off 0.03522315060811665 neg 0.028225942252896853	false	0.5
krass	neg 1.0		__DUMMY__ 0.93139027730762 off 0.040128508930674135 neg 0.028481213761705856	false	0.5
revolte	neg 1.0		__DUMMY__ 0.9333728287274242 off 0.035368935886574894 neg 0.0312582353860009	false	0.5
besorgt	neg 1.0		__DUMMY__ 0.9401518027637888 off 0.03192859785792837 neg 0.027919599378282856	false	0.5
nachlassen	neg 1.0		__DUMMY__ 0.9389280237797305 neg 0.030836364852173673 off 0.03023561136809581	false	1.0
alt	neg 1.0		__DUMMY__ 0.9390110172956622 off 0.030563984473077028 neg 0.030424998231260866	false	0.5
hundesohn	off 1.0		__DUMMY__ 0.9271217149222208 off 0.04472166469857279 neg 0.028156620379206344	false	1.0
als			__DUMMY__ 0.9385345396054255 off 0.032140920530631764 neg 0.02932453986394263	false	0.0
abschreckung	neg 1.0		__DUMMY__ 0.9391793371382661 neg 0.031524701893592674 off 0.02929596096814126	false	1.0
unqualifiziert	neg 1.0		__DUMMY__ 0.9308004479776668 off 0.03631634402609373 neg 0.0328832079962394	false	0.5
abgewichst	off 1.0		__DUMMY__ 0.9372756622205217 off 0.03216529763492277 neg 0.030559040144555575	false	1.0
schwer	neg 1.0		__DUMMY__ 0.9369633914386709 off 0.03351298668416259 neg 0.02952362187716651	false	0.5
bedeutungslosigkeit	neg 1.0		__DUMMY__ 0.9379870623258757 neg 0.03204904451385572 off 0.029963893160268606	false	1.0
kapitulation	neg 1.0		__DUMMY__ 0.9356198567242637 neg 0.0332956306677071 off 0.03108451260802906	false	1.0
unscharf	neg 1.0		__DUMMY__ 0.935132383594698 off 0.03466163700039458 neg 0.03020597940490752	false	0.5
schwinden	neg 1.0		__DUMMY__ 0.9388504500863694 neg 0.031377428695628644 off 0.029772121218002053	false	1.0
versklavung	neg 1.0		__DUMMY__ 0.9329312835601822 off 0.03458160174092278 neg 0.03248711469889501	false	0.5
schlecht	neg 1.0		__DUMMY__ 0.9344386732932938 off 0.0380214422200437 neg 0.02753988448666244	false	0.5
verhasst	neg 1.0		__DUMMY__ 0.9352466373959151 off 0.03447729436355784 neg 0.030276068240527056	false	0.5
beschweren	neg 1.0		__DUMMY__ 0.9354307099689474 off 0.034986140728107476 neg 0.02958314930294512	false	0.5
scheiden	neg 1.0		__DUMMY__ 0.9396434649314364 off 0.0332271029770586 neg 0.02712943209150504	false	0.5
frustriert	neg 1.0		__DUMMY__ 0.9371044085388026 off 0.03278698373112599 neg 0.030108607730071336	false	0.5
schimmelig	neg 1.0		__DUMMY__ 0.9400094784363345 neg 0.030110810238901966 off 0.02987971132476358	false	1.0
fisch	neg 1.0		__DUMMY__ 0.9418347443273951 neg 0.029337256338675708 off 0.028827999333929145	false	1.0
schmuggel	neg 1.0		__DUMMY__ 0.9420541204848374 off 0.029673232314255605 neg 0.028272647200907032	false	0.5
auffallen	neg 1.0		__DUMMY__ 0.935267637240183 off 0.03541769408597958 neg 0.029314668673837408	false	0.5
konkurrenz	neg 1.0	neg 1.0	neg 0.4987764388804349 __DUMMY__ 0.474690392744744 off 0.026533168374821173	false	1.0
teufelskreis	neg 1.0		__DUMMY__ 0.9367369006038087 off 0.03323901036016064 neg 0.03002408903603069	false	0.5
aufschreien	neg 1.0		__DUMMY__ 0.934380923616334 off 0.03539494029165335 neg 0.030224136092012625	false	0.5
schuldner	neg 1.0		__DUMMY__ 0.9385460661372191 neg 0.031519429858925536 off 0.02993450400385529	false	1.0
missgeburt	off 1.0	off 1.0	off 0.5078530154080666 __DUMMY__ 0.4666246699599014 neg 0.0255223146320322	false	1.0
arbeitslos	neg 1.0		__DUMMY__ 0.9353258563648492 neg 0.03236195838951329 off 0.03231218524563744	false	1.0
befallen	neg 1.0		__DUMMY__ 0.9373861710336672 off 0.032417677156416004 neg 0.030196151809916864	false	0.5
miesepetrig	off 1.0	off 1.0	off 0.5042225055309593 __DUMMY__ 0.47070986211363225 neg 0.025067632355408483	false	1.0
alarmieren	neg 1.0		__DUMMY__ 0.9329055850161087 off 0.03718681285998184 neg 0.029907602123909468	false	0.5
ungeduscht	off 1.0		__DUMMY__ 0.9362046152365149 off 0.03554023226764301 neg 0.02825515249584206	false	1.0
knappheit	neg 1.0		__DUMMY__ 0.935804394758696 neg 0.03330813924156691 off 0.03088746599973696	false	1.0
schlange	neg 1.0		__DUMMY__ 0.9381180623412845 off 0.034674323534228245 neg 0.027207614124487335	false	0.5
harsch	neg 1.0		__DUMMY__ 0.9329747876049266 off 0.04081990022918109 neg 0.026205312165892364	false	0.5
lang	neg 1.0		__DUMMY__ 0.9368029617103844 off 0.03369837680815495 neg 0.029498661481460683	false	0.5
ziellos	neg 1.0		__DUMMY__ 0.9395107937948893 off 0.0317040069003859 neg 0.02878519930472469	false	0.5
selbstverliebt	neg 1.0		__DUMMY__ 0.9256872303547563 off 0.046286036347260855 neg 0.028026733297982796	false	0.5
beseitigen	neg 1.0		__DUMMY__ 0.9368555230320147 off 0.032696640169253055 neg 0.03044783679873222	false	0.5
dumm	off 1.0		__DUMMY__ 0.9291698289004213 off 0.04260858942896066 neg 0.028221581670618057	false	1.0
arbeitsloser	neg 1.0		__DUMMY__ 0.9376698500934695 off 0.03170502020286321 neg 0.03062512970366738	false	0.5
blitzen	neg 1.0		__DUMMY__ 0.9352118478282712 off 0.035887935759539795 neg 0.02890021641218908	false	0.5
hilflos	neg 1.0		__DUMMY__ 0.9379485545219726 off 0.03235502857524527 neg 0.02969641690278221	false	0.5
eklig	off 1.0		__DUMMY__ 0.9301214159287918 off 0.042988732351875315 neg 0.026889851719332888	false	1.0
begriff			__DUMMY__ 0.9355126142984819 off 0.03278102411276431 neg 0.03170636158875381	false	0.0
hungersnot	neg 1.0		__DUMMY__ 0.9383763725295062 off 0.0323044912272296 neg 0.029319136243264172	false	0.5
ungesetzlich	neg 1.0		__DUMMY__ 0.9301688110458863 off 0.035716396736892364 neg 0.034114792217221315	false	0.5
verschwendung	neg 1.0		__DUMMY__ 0.9379825972092346 neg 0.03145645057226827 off 0.030560952218497153	false	1.0
schmerzvoll	neg 1.0		__DUMMY__ 0.9360123606987458 off 0.03487023279508068 neg 0.029117406506173428	false	0.5
vorzeitig	neg 1.0		__DUMMY__ 0.9371303456435296 off 0.03571604508007643 neg 0.027153609276393993	false	0.5
unvollkommenheit	neg 1.0		__DUMMY__ 0.9423512958013516 off 0.031433017203152606 neg 0.026215686995495778	false	0.5
intervenieren	neg 1.0		__DUMMY__ 0.935951690455621 neg 0.03349065360134905 off 0.030557655943030053	false	1.0
banause	off 1.0		__DUMMY__ 0.9273118241772881 off 0.04456548051088829 neg 0.02812269531182357	false	1.0
rebell	neg 1.0		__DUMMY__ 0.9399742688064571 neg 0.03240199085274145 off 0.027623740340801485	false	1.0
unlogisch	neg 1.0		__DUMMY__ 0.931505593992912 off 0.03986121072860845 neg 0.02863319527847951	false	0.5
leiden	neg 1.0		__DUMMY__ 0.94317176074266 off 0.029518081114752334 neg 0.027310158142587714	false	0.5
abschaffung	neg 1.0		__DUMMY__ 0.9331876498379787 off 0.03399536419779831 neg 0.03281698596422301	false	0.5
sturz	neg 1.0		__DUMMY__ 0.9381756743917499 off 0.03341727542982443 neg 0.028407050178425722	false	0.5
verkleinerung	neg 1.0		__DUMMY__ 0.9315838183243786 off 0.035908516923208074 neg 0.032507664752413276	false	0.5
schmarotzer	off 1.0		__DUMMY__ 0.9348749975899491 neg 0.03290131085798848 off 0.032223691552062436	false	0.5
bestrafung	neg 1.0		__DUMMY__ 0.9354284966348843 off 0.034725809535102 neg 0.02984569383001366	false	0.5
achtlos	neg 1.0		__DUMMY__ 0.9380574337367495 off 0.03336594797564797 neg 0.028576618287602457	false	0.5
