unsolidarisch	neg 1.0		__DUMMY__ 0.9313741927695756 neg 0.03482333696642229 off 0.033802470264002175	false	1.0
nachteilig	neg 1.0		__DUMMY__ 0.9374881496128115 neg 0.03203575981997487 off 0.030476090567213607	false	1.0
skeptisch	neg 1.0		__DUMMY__ 0.9377626190559548 neg 0.032224001058152006 off 0.03001337988589319	false	1.0
schrecklich	neg 1.0		__DUMMY__ 0.9318335718850005 off 0.04043945440928317 neg 0.027726973705716303	false	0.5
schlapp	neg 1.0		__DUMMY__ 0.9355124184843008 off 0.03675206051707148 neg 0.027735520998627798	false	0.5
abfall	neg 1.0		__DUMMY__ 0.9402050415138752 neg 0.0317919700692703 off 0.02800298841685448	false	1.0
widerspenstig	neg 1.0		__DUMMY__ 0.937241665010401 off 0.033177268266836354 neg 0.029581066722762676	false	0.5
abrupt	neg 1.0		__DUMMY__ 0.9404121271740955 off 0.02988192387614965 neg 0.02970594894975484	false	0.5
unwirksam	neg 1.0		__DUMMY__ 0.9326941844227609 neg 0.033993764913776835 off 0.03331205066346229	false	1.0
angreifen	neg 1.0	neg 1.0	neg 0.498984684957722 __DUMMY__ 0.4734190367257924 off 0.027596278316485628	false	1.0
inkonsistent	neg 1.0		__DUMMY__ 0.9360721636261188 off 0.0337324389749488 neg 0.03019539739893242	false	0.5
abrutschen	neg 1.0		__DUMMY__ 0.9399255421682835 neg 0.0318027770168727 off 0.028271680814843797	false	1.0
unsicher	neg 1.0		__DUMMY__ 0.9373728531913563 off 0.03361102313083571 neg 0.029016123677807995	false	0.5
bauernkind	off 1.0	off 1.0	off 0.506384743335094 __DUMMY__ 0.4660303958015618 neg 0.027584860863344253	false	1.0
angreifer	neg 1.0		__DUMMY__ 0.9376381929317791 off 0.0344968666773818 neg 0.027864940390839067	false	0.5
trennen	neg 1.0		__DUMMY__ 0.9412421439047004 off 0.03034809533684448 neg 0.02840976075845514	false	0.5
schmutz	neg 1.0		__DUMMY__ 0.9425501978904018 off 0.034257022947770395 neg 0.023192779161827767	false	0.5
inkonsistenz	neg 1.0		__DUMMY__ 0.931406837932009 off 0.03671742922650475 neg 0.03187573284148634	false	0.5
erschreckend	neg 1.0		__DUMMY__ 0.9358549607102364 off 0.03290493934183878 neg 0.031240099947924718	false	0.5
ertrinken	neg 1.0		__DUMMY__ 0.9402989540279004 off 0.03097921201507034 neg 0.02872183395702916	false	0.5
pickelface	off 1.0		__DUMMY__ 0.936714224498006 off 0.03196136397090167 neg 0.031324411531092285	false	1.0
seiner			__DUMMY__ 0.9394671406269766 neg 0.030278527771286635 off 0.03025433160173683	false	0.0
lauch	neg 1.0		__DUMMY__ 0.9380806247780288 neg 0.033855828749105366 off 0.028063546472865786	false	1.0
unwichtig	neg 1.0		__DUMMY__ 0.9335394073283632 off 0.037070435674560885 neg 0.029390156997075954	false	0.5
steuerhinterziehung	neg 1.0		__DUMMY__ 0.9350254509979384 neg 0.032521323331606344 off 0.03245322567045531	false	1.0
schock	neg 1.0		__DUMMY__ 0.9397811816824906 off 0.03277314951760594 neg 0.02744566879990351	false	0.5
beule	neg 1.0		__DUMMY__ 0.9360743487357182 off 0.03685509609888315 neg 0.0270705551653987	false	0.5
vergelten	neg 1.0		__DUMMY__ 0.9358620059398061 off 0.0395671214863368 neg 0.024570872573857146	false	0.5
verdorbenheit	neg 1.0		__DUMMY__ 0.9372676937683078 off 0.03260603186085858 neg 0.030126274370833678	false	0.5
trauma	neg 1.0		__DUMMY__ 0.9359158092819825 off 0.03421036331544318 neg 0.02987382740257429	false	0.5
sinnlos	neg 1.0		__DUMMY__ 0.9362704502259525 off 0.035246179838432014 neg 0.02848336993561556	false	0.5
fettsack	off 1.0	off 1.0	off 0.5076603413298852 __DUMMY__ 0.467398558351059 neg 0.02494110031905576	false	1.0
feige	off 1.0	off 1.0	off 0.504353725991853 __DUMMY__ 0.46834301653996085 neg 0.027303257468186175	false	1.0
abdanken	neg 1.0		__DUMMY__ 0.9353484910022579 off 0.03326987987616459 neg 0.03138162912157753	false	0.5
wichtigtuer	off 1.0	off 1.0	off 0.5023183290653633 __DUMMY__ 0.46986915125311607 neg 0.027812519681520573	false	1.0
misslingen	neg 1.0		__DUMMY__ 0.9406890206140576 off 0.03378541110733692 neg 0.025525568278605516	false	0.5
untreu	off 1.0		__DUMMY__ 0.933095310067452 off 0.037941848480342134 neg 0.028962841452205883	false	1.0
missmutig	neg 1.0		__DUMMY__ 0.9347264731963052 off 0.03695197081398408 neg 0.02832155598971074	false	0.5
hurenbock	off 1.0		__DUMMY__ 0.9370733875721063 off 0.034118566365524794 neg 0.028808046062368878	false	1.0
betrunken	neg 1.0		__DUMMY__ 0.9355197441599045 off 0.03864545662127293 neg 0.025834799218822653	false	0.5
korrupt	off 1.0		__DUMMY__ 0.9333402293775641 neg 0.03453698437083572 off 0.03212278625160008	false	0.5
unmut	neg 1.0		__DUMMY__ 0.9392155855294575 neg 0.032532157710951026 off 0.028252256759591532	false	1.0
hackfresse	off 1.0		__DUMMY__ 0.9291723620020023 off 0.042954070544349354 neg 0.027873567453648395	false	1.0
aufblasen	neg 1.0		__DUMMY__ 0.9378725244211278 off 0.03428291129280659 neg 0.02784456428606563	false	0.5
gewaltsam	neg 1.0		__DUMMY__ 0.9373596277812819 off 0.03286219364198912 neg 0.029778178576728945	false	0.5
unbeliebtheit	neg 1.0		__DUMMY__ 0.9278148558372941 off 0.036964237420026094 neg 0.03522090674267982	false	0.5
sturheit	neg 1.0		__DUMMY__ 0.9356990310227699 off 0.033034925370396664 neg 0.031266043606833514	false	0.5
kuh	neg 1.0		__DUMMY__ 0.9347558873620186 off 0.033341197158062934 neg 0.031902915479918505	false	0.5
erschrecken	neg 1.0		__DUMMY__ 0.9353132988147572 off 0.036461170222652654 neg 0.02822553096259009	false	0.5
opfer	neg 1.0		__DUMMY__ 0.9391831829037546 off 0.03117439053700334 neg 0.029642426559242065	false	0.5
sinken	neg 1.0		__DUMMY__ 0.9391818756859631 neg 0.03235942268129902 off 0.028458701632737903	false	1.0
stinktier	neg 1.0		__DUMMY__ 0.9307866046725088 off 0.04078240203922614 neg 0.028430993288264955	false	0.5
tucke	off 1.0		__DUMMY__ 0.9260466773673239 off 0.04321762248250865 neg 0.03073570015016742	false	1.0
ein			__DUMMY__ 0.9372331875323715 off 0.0337250545709012 neg 0.029041757896727263	false	0.0
abstieg	neg 1.0		__DUMMY__ 0.9414899343251587 off 0.030450007924431845 neg 0.02806005775040937	false	0.5
missverstehen	neg 1.0		__DUMMY__ 0.9339118352405703 off 0.03553961167665913 neg 0.0305485530827706	false	0.5
ergebnislos	neg 1.0		__DUMMY__ 0.9380155776421959 neg 0.03152881433153078 off 0.030455608026273343	false	1.0
unter			__DUMMY__ 0.9452123373143595 neg 0.030096242810203913 off 0.024691419875436573	false	0.0
manipulieren	neg 1.0		__DUMMY__ 0.9383313407650138 neg 0.031525731039197244 off 0.030142928195788992	false	1.0
unbewiesen	neg 1.0		__DUMMY__ 0.9311468106782268 neg 0.03477801723804691 off 0.034075172083726256	false	1.0
verschleppen	neg 1.0		__DUMMY__ 0.9379064435465196 off 0.03170755095916215 neg 0.03038600549431822	false	0.5
weib	off 1.0		__DUMMY__ 0.929512211597719 off 0.04293919367029391 neg 0.02754859473198708	false	1.0
opposition	neg 1.0		__DUMMY__ 0.9345387108486464 off 0.03458031289308971 neg 0.030880976258263904	false	0.5
verkehrswidrig	neg 1.0	neg 1.0	neg 0.49043556877794037 __DUMMY__ 0.4739656910339403 off 0.035598740188119295	false	1.0
inkorrekt	neg 1.0		__DUMMY__ 0.9299378809682534 off 0.03906789851716931 neg 0.030994220514577335	false	0.5
vermeiden	neg 1.0		__DUMMY__ 0.9424923326630639 neg 0.031192617227789352 off 0.02631505010914668	false	1.0
abweichung	neg 1.0		__DUMMY__ 0.9367870769579615 neg 0.03253296993276623 off 0.030679953109272275	false	1.0
alkoholisiert	neg 1.0		__DUMMY__ 0.944182471424178 off 0.029187485812897096 neg 0.026630042762924886	false	0.5
scheiss	off 1.0	off 1.0	off 0.5036993743168151 __DUMMY__ 0.4709053111744474 neg 0.025395314508737468	false	1.0
herausforderung	neg 1.0	neg 1.0	neg 0.49391293567837674 __DUMMY__ 0.47892298367415465 off 0.02716408064746867	false	1.0
pervers	off 1.0		__DUMMY__ 0.9283316757139249 off 0.04527237967420961 neg 0.02639594461186536	false	1.0
wackelig	neg 1.0		__DUMMY__ 0.9408839191187001 off 0.03129291552523847 neg 0.02782316535606142	false	0.5
verwickeln	neg 1.0		__DUMMY__ 0.933869813564675 off 0.03551243164306273 neg 0.03061775479226221	false	0.5
vorwand	neg 1.0		__DUMMY__ 0.9388647002911286 neg 0.03162356161645328 off 0.029511738092418232	false	1.0
muschi	off 1.0		__DUMMY__ 0.936409980605902 off 0.032371195952771895 neg 0.031218823441326107	false	1.0
entmutigung	neg 1.0		__DUMMY__ 0.9339017589285808 off 0.03490134578126039 neg 0.031196895290158774	false	0.5
unangemessen	neg 1.0		__DUMMY__ 0.9355493373161682 off 0.03235958256766385 neg 0.032091080116167965	false	0.5
unstetig	neg 1.0		__DUMMY__ 0.9374860698371847 off 0.03374576594545118 neg 0.02876816421736414	false	0.5
entmutigen	neg 1.0		__DUMMY__ 0.9353538135750616 off 0.03451618623900486 neg 0.030130000185933453	false	0.5
schwanz	neg 1.0		__DUMMY__ 0.9387226334964299 neg 0.031455662390476785 off 0.029821704113093386	false	1.0
verbot	neg 1.0		__DUMMY__ 0.935329207228285 neg 0.032803533832578384 off 0.03186725893913658	false	1.0
leid	neg 1.0		__DUMMY__ 0.9321901548007065 off 0.041153938688791844 neg 0.026655906510501624	false	0.5
archaisch	neg 1.0		__DUMMY__ 0.9371668121951982 off 0.03203662133473376 neg 0.030796566470068006	false	0.5
gegen			__DUMMY__ 0.9404342878360461 neg 0.030399471417895004 off 0.029166240746058936	false	0.0
scheidung	neg 1.0		__DUMMY__ 0.9273457153667163 off 0.048125945996801596 neg 0.02452833863648212	false	0.5
einschlag	neg 1.0	neg 1.0	neg 0.49482077665889707 __DUMMY__ 0.4694307624604402 off 0.03574846088066276	false	1.0
m			__DUMMY__ 0.9384343018634763 off 0.03168442875864428 neg 0.029881269377879455	false	0.0
abgestanden	neg 1.0		__DUMMY__ 0.9386829005136476 off 0.033184334224371385 neg 0.02813276526198102	false	0.5
schmierig	off 1.0		__DUMMY__ 0.9325585033851781 off 0.040825140556234894 neg 0.026616356058587035	false	1.0
unpraktisch	neg 1.0		__DUMMY__ 0.9383243776237018 off 0.03380195510394132 neg 0.02787366727235687	false	0.5
wixxer	off 1.0		__DUMMY__ 0.9272718930550599 off 0.04511406520778954 neg 0.027614041737150607	false	1.0
bezeichnet			__DUMMY__ 0.9356642030187905 off 0.033328900044777746 neg 0.031006896936431716	false	0.0
jammerlappen	off 1.0		__DUMMY__ 0.933829107412421 off 0.03717904860390977 neg 0.028991843983669247	false	1.0
farce	neg 1.0		__DUMMY__ 0.9341624131461344 neg 0.03344061667609709 off 0.032396970177768596	false	1.0
zwecklos	neg 1.0		__DUMMY__ 0.9362752153738634 off 0.03228345482711119 neg 0.031441329799025496	false	0.5
turbulent	neg 1.0		__DUMMY__ 0.9325718036483981 off 0.0373393243613597 neg 0.030088871990242197	false	0.5
invasion	neg 1.0		__DUMMY__ 0.9358658170100017 off 0.035237816539939654 neg 0.028896366450058643	false	0.5
schuld	neg 1.0		__DUMMY__ 0.9358172518188139 off 0.03429656232058885 neg 0.029886185860597245	false	0.5
risiko	neg 1.0		__DUMMY__ 0.9375138276600283 off 0.033617440203604305 neg 0.028868732136367405	false	0.5
finster	neg 1.0		__DUMMY__ 0.9374707531346166 off 0.03355262750226204 neg 0.02897661936312141	false	0.5
geisteskrank	off 1.0		__DUMMY__ 0.931962427585571 off 0.03853078076433747 neg 0.029506791650091405	false	1.0
zusammenbrechen	neg 1.0		__DUMMY__ 0.9381726764161419 off 0.03253711857633779 neg 0.029290205007520363	false	0.5
ausbeute	neg 1.0		__DUMMY__ 0.9404070950286567 neg 0.030085526196590995 off 0.029507378774752246	false	1.0
hinterhalt	neg 1.0		__DUMMY__ 0.9378505359995062 off 0.03178359956505982 neg 0.030365864435433994	false	0.5
kritik	neg 1.0		__DUMMY__ 0.9348111983632897 neg 0.03288990126137882 off 0.03229890037533141	false	1.0
einschrumpfen	neg 1.0		__DUMMY__ 0.9317590752775409 off 0.03574129587090472 neg 0.03249962885155439	false	0.5
riskant	neg 1.0		__DUMMY__ 0.9375078574442813 neg 0.031456905120742944 off 0.03103523743497577	false	1.0
frustrieren	neg 1.0		__DUMMY__ 0.9376539205965885 neg 0.031240059659360414 off 0.03110601974405116	false	1.0
groll	neg 1.0		__DUMMY__ 0.9374651313214053 off 0.03206410088219831 neg 0.03047076779639639	false	0.5
gibt			__DUMMY__ 0.9365185523361543 off 0.03237517671489485 neg 0.031106270948950816	false	0.0
qualvoll	neg 1.0		__DUMMY__ 0.9368307101427304 off 0.03581334513623452 neg 0.02735594472103494	false	0.5
wackeln	neg 1.0	neg 1.0	neg 0.4944216493429078 __DUMMY__ 0.4747930385428841 off 0.030785312114208083	false	1.0
klagen	neg 1.0		__DUMMY__ 0.938763686140359 neg 0.032661103874652785 off 0.028575209984988217	false	1.0
bankrott	neg 1.0		__DUMMY__ 0.9351724801846505 off 0.03611994083199516 neg 0.028707578983354253	false	0.5
trauern	neg 1.0		__DUMMY__ 0.9399514254040421 off 0.030931408953409 neg 0.02911716564254891	false	0.5
ablehnung	neg 1.0		__DUMMY__ 0.9347616124404551 neg 0.03285401390748153 off 0.032384373652063383	false	1.0
stur	neg 1.0		__DUMMY__ 0.9351154458012252 off 0.03472871783811638 neg 0.030155836360658373	false	0.5
aufruhr	neg 1.0		__DUMMY__ 0.9378600625030727 off 0.03288731539360188 neg 0.029252622103325365	false	0.5
melancholie	neg 1.0		__DUMMY__ 0.9394961704525981 off 0.031242835804472742 neg 0.029260993742929124	false	0.5
ist			__DUMMY__ 0.9354331786954114 off 0.0348179459697423 neg 0.02974887533484631	false	0.0
torheit	neg 1.0		__DUMMY__ 0.9345901229504914 off 0.0343313707829219 neg 0.031078506266586807	false	0.5
dreckskind	off 1.0		__DUMMY__ 0.9300862826555546 off 0.041865917552158176 neg 0.02804779979228719	false	1.0
umtauschen	neg 1.0		__DUMMY__ 0.9375712063998094 off 0.03261265154042004 neg 0.029816142059770595	false	0.5
zum			__DUMMY__ 0.944927417796352 neg 0.02878825120913383 off 0.026284330994514108	false	0.0
zersetzen	neg 1.0		__DUMMY__ 0.9373380277393975 neg 0.032625454049074645 off 0.030036518211527963	false	1.0
zur			__DUMMY__ 0.942243655521912 neg 0.03162056123960559 off 0.026135783238482334	false	0.0
frust	neg 1.0		__DUMMY__ 0.937823651792021 off 0.032488764044177394 neg 0.029687584163801586	false	0.5
unerbittlichkeit	neg 1.0		__DUMMY__ 0.9374565614044323 neg 0.03242915085038294 off 0.030114287745184678	false	1.0
zwei			__DUMMY__ 0.9430225207916232 neg 0.029076992093805567 off 0.02790048711457128	false	0.0
unkorrekt	neg 1.0		__DUMMY__ 0.9292030547282386 off 0.039346614555904186 neg 0.03145033071585716	false	0.5
hexe	off 1.0		__DUMMY__ 0.9327671823229018 off 0.037261362095580945 neg 0.029971455581517256	false	1.0
lasch	neg 1.0		__DUMMY__ 0.9321088389396535 off 0.03642312097321188 neg 0.031468040087134594	false	0.5
rivale	neg 1.0		__DUMMY__ 0.93460190268975 off 0.03893797371304016 neg 0.026460123597209912	false	0.5
mutlos	off 1.0	off 1.0	off 0.49834883619308024 __DUMMY__ 0.471481407020473 neg 0.03016975678644671	false	1.0
wirr	off 1.0		__DUMMY__ 0.9297966009733177 off 0.039430548396260146 neg 0.03077285063042213	false	1.0
jahr			__DUMMY__ 0.9414313087021589 neg 0.029421431979180197 off 0.029147259318661002	false	0.0
wird			__DUMMY__ 0.937754227219054 off 0.031214541549128387 neg 0.031031231231817575	false	0.0
strafbar	neg 1.0		__DUMMY__ 0.9367920856890283 neg 0.032008631654941805 off 0.03119928265602986	false	1.0
erosion	neg 1.0		__DUMMY__ 0.9377466864653414 off 0.03374918270568397 neg 0.028504130828974558	false	0.5
eingehen	neg 1.0		__DUMMY__ 0.9356630638853384 neg 0.032500133195489354 off 0.0318368029191723	false	1.0
faul	off 1.0		__DUMMY__ 0.9362063370333845 off 0.036138467747445786 neg 0.027655195219169725	false	1.0
provisorium	neg 1.0		__DUMMY__ 0.9441919906898679 neg 0.03142220317949863 off 0.02438580613063345	false	1.0
schmerzen	neg 1.0		__DUMMY__ 0.9375741794661385 off 0.03291212450456133 neg 0.029513696029300186	false	0.5
schrumpfen	neg 1.0		__DUMMY__ 0.9399342825563861 neg 0.03351421713200351 off 0.026551500311610368	false	1.0
geistlos	off 1.0		__DUMMY__ 0.9311567785313112 off 0.03581146803934326 neg 0.03303175342934548	false	1.0
fehlkauf	neg 1.0		__DUMMY__ 0.9352133933510337 off 0.03477328500028726 neg 0.0300133216486791	false	0.5
frustrierend	neg 1.0		__DUMMY__ 0.9356863101990692 off 0.036416904371709545 neg 0.02789678542922134	false	0.5
unzufrieden	neg 1.0		__DUMMY__ 0.9359480437392806 off 0.03221628554802564 neg 0.031835670712693706	false	0.5
verzweifeln	neg 1.0		__DUMMY__ 0.9368179041455318 off 0.033270576589473536 neg 0.02991151926499466	false	0.5
verzweifelt	neg 1.0		__DUMMY__ 0.935318822082398 off 0.03475768978786004 neg 0.02992348812974195	false	0.5
misstrauensantrag	neg 1.0		__DUMMY__ 0.9350145647876456 off 0.035011483202356704 neg 0.029973952009997726	false	0.5
abfallen	neg 1.0		__DUMMY__ 0.9382239403004665 off 0.03402215060254705 neg 0.027753909096986436	false	0.5
fucker	off 1.0		__DUMMY__ 0.9317833759314853 off 0.038866980180354754 neg 0.02934964388815995	false	1.0
ungezogen	neg 1.0		__DUMMY__ 0.9297768800051767 off 0.043938301821311074 neg 0.02628481817351232	false	0.5
irrsinnig	neg 1.0	neg 1.0	neg 0.49808687573293015 __DUMMY__ 0.47051431076230577 off 0.031398813504764034	false	1.0
unfassbar	neg 1.0		__DUMMY__ 0.9327029694762876 off 0.0376583780169624 neg 0.029638652506749984	false	0.5
hart	neg 1.0		__DUMMY__ 0.9352383528719568 off 0.03576165032394519 neg 0.028999996804098007	false	0.5
widerlich	off 1.0		__DUMMY__ 0.9317808060050917 off 0.038387179774420736 neg 0.029832014220487577	false	1.0
fatal	neg 1.0		__DUMMY__ 0.9350766777289032 off 0.0350511768357077 neg 0.029872145435389165	false	0.5
bruch	neg 1.0		__DUMMY__ 0.939508372033775 neg 0.031702137878774336 off 0.028789490087450638	false	1.0
aushungern	neg 1.0		__DUMMY__ 0.9351479187537481 off 0.033155061416488885 neg 0.03169701982976295	false	0.5
anspannung	neg 1.0	neg 1.0	neg 0.4942411676233053 __DUMMY__ 0.481475980316677 off 0.024282852060017637	false	1.0
von			__DUMMY__ 0.9415658294075637 neg 0.029731630442560743 off 0.028702540149875437	false	0.0
kraftlos	neg 1.0		__DUMMY__ 0.94042929768032 off 0.03184442815706939 neg 0.02772627416261066	false	0.5
vom			__DUMMY__ 0.9455690911571306 neg 0.02970808128291699 off 0.02472282755995238	false	0.0
grenzdebil	off 1.0		__DUMMY__ 0.933276995176518 off 0.03831675305891413 neg 0.02840625176456794	false	1.0
vor			__DUMMY__ 0.9402239226643948 neg 0.03035355177888895 off 0.02942252555671629	false	0.0
unterwerfen	neg 1.0		__DUMMY__ 0.937786873122674 neg 0.031276707001950205 off 0.030936419875375765	false	1.0
versenkung	neg 1.0		__DUMMY__ 0.9380629585800901 neg 0.031087381578734308 off 0.03084965984117562	false	1.0
entziehen	neg 1.0		__DUMMY__ 0.939132072478949 neg 0.031835693893106407 off 0.029032233627944617	false	1.0
finanzkrise	neg 1.0		__DUMMY__ 0.9347388175220789 off 0.03284264305629164 neg 0.03241853942162954	false	0.5
schimpfend	neg 1.0		__DUMMY__ 0.9389568597734447 off 0.033697706981624234 neg 0.027345433244930977	false	0.5
profan	neg 1.0		__DUMMY__ 0.9349339966888911 off 0.03558383020006436 neg 0.02948217311104451	false	0.5
korruption	neg 1.0		__DUMMY__ 0.935118662582068 neg 0.0331365032796002 off 0.031744834138331825	false	1.0
â			__DUMMY__ 0.9384883272878639 off 0.030894208958753614 neg 0.03061746375338247	false	0.0
schmutzig	neg 1.0		__DUMMY__ 0.9348188391951153 off 0.03785987771986231 neg 0.027321283085022356	false	0.5
sexy	neg 1.0		__DUMMY__ 0.9349497381342191 off 0.036064083793124126 neg 0.028986178072656764	false	0.5
abraten	neg 1.0		__DUMMY__ 0.9352121583095284 off 0.03477092107251836 neg 0.030016920617953243	false	0.5
schwarz	neg 1.0		__DUMMY__ 0.9349744918943712 off 0.03457682411895926 neg 0.030448683986669514	false	0.5
fotze	off 1.0		__DUMMY__ 0.9372647303706375 neg 0.03199126278964532 off 0.030744006839717276	false	0.5
verwirren	neg 1.0		__DUMMY__ 0.9347174412800465 off 0.03581360142470718 neg 0.029468957295246272	false	0.5
zahnlos	off 1.0		__DUMMY__ 0.9358849430703877 off 0.03223982925802944 neg 0.03187522767158285	false	1.0
verheeren	neg 1.0		__DUMMY__ 0.9305426083671032 off 0.04490169402920473 neg 0.024555697603692014	false	0.5
hippie	neg 1.0		__DUMMY__ 0.9346550628301116 off 0.03577958460825817 neg 0.02956535256163025	false	0.5
rammen	neg 1.0		__DUMMY__ 0.937575684399707 off 0.03356368089973835 neg 0.028860634700554697	false	0.5
unlauter	neg 1.0		__DUMMY__ 0.9314153581032325 neg 0.03457081323483798 off 0.03401382866192947	false	1.0
unheilvoll	neg 1.0		__DUMMY__ 0.9378372292341995 off 0.03482605037702635 neg 0.027336720388774136	false	0.5
niedrig	neg 1.0		__DUMMY__ 0.9405003428170076 off 0.02991705272660733 neg 0.029582604456385105	false	0.5
explosion	neg 1.0		__DUMMY__ 0.9348076436248216 off 0.035260641928484576 neg 0.029931714446693722	false	0.5
weichei	off 1.0		__DUMMY__ 0.9303067621091988 off 0.0417827597042912 neg 0.02791047818650991	false	1.0
minusmensch	off 1.0		__DUMMY__ 0.924459790493252 off 0.04514520403388077 neg 0.030395005472867186	false	1.0
farblos	neg 1.0		__DUMMY__ 0.9413467274169367 off 0.03206391924991884 neg 0.026589353333144404	false	0.5
unwissend	neg 1.0	neg 1.0	neg 0.4973965114429186 __DUMMY__ 0.46848699363010654 off 0.03411649492697486	false	1.0
traurig	neg 1.0		__DUMMY__ 0.932546386731959 off 0.03969209707189045 neg 0.027761516196150568	false	0.5
senkung	neg 1.0		__DUMMY__ 0.9324433234037766 off 0.035410159810253555 neg 0.03214651678596991	false	0.5
ungleich	neg 1.0	neg 1.0	neg 0.5001371878793059 __DUMMY__ 0.47186957126147494 off 0.02799324085921919	false	1.0
heikel	neg 1.0		__DUMMY__ 0.9371364139878589 neg 0.032750927053217666 off 0.030112658958923476	false	1.0
drosselung	neg 1.0		__DUMMY__ 0.9338202969216632 off 0.037766063291421736 neg 0.02841363978691498	false	0.5
falsch	neg 1.0		__DUMMY__ 0.9346770952107836 off 0.036557432991207776 neg 0.02876547179800862	false	0.5
unzufriedenheit	neg 1.0		__DUMMY__ 0.9379545348657629 neg 0.032252674678983635 off 0.02979279045525351	false	1.0
kurz	neg 1.0		__DUMMY__ 0.9391426941886871 off 0.0320615454069563 neg 0.028795760404356524	false	0.5
unsinnig	neg 1.0		__DUMMY__ 0.9348103954978684 neg 0.03262772315454155 off 0.03256188134759017	false	1.0
penner	off 1.0	off 1.0	off 0.509537885008799 __DUMMY__ 0.4657197919310022 neg 0.024742323060198853	false	1.0
seicht	neg 1.0		__DUMMY__ 0.9269345518662956 off 0.04422458979411731 neg 0.028840858339587133	false	0.5
dummheit	off 1.0	off 1.0	off 0.5025432840123109 __DUMMY__ 0.46962203699291327 neg 0.02783467899477584	false	1.0
unerfreulich	neg 1.0		__DUMMY__ 0.9393666718724026 neg 0.031372101702052534 off 0.029261226425544778	false	1.0
motherfucker	off 1.0	off 1.0	off 0.5054715529252455 __DUMMY__ 0.46741328197395643 neg 0.027115165100798158	false	1.0
pikiert	neg 1.0		__DUMMY__ 0.9320520170638683 off 0.03759963192372838 neg 0.0303483510124033	false	0.5
wrack	neg 1.0		__DUMMY__ 0.9400544123773538 off 0.030087310441528077 neg 0.029858277181118213	false	0.5
gangster	neg 1.0		__DUMMY__ 0.935255725003455 off 0.0354118172820875 neg 0.029332457714457517	false	0.5
krank	neg 1.0		__DUMMY__ 0.934760137640334 off 0.038238886687424235 neg 0.02700097567224173	false	0.5
reich	neg 1.0		__DUMMY__ 0.9317066337507075 off 0.03654356580338953 neg 0.03174980044590304	false	0.5
gnadenlos	neg 1.0		__DUMMY__ 0.9360977314094854 off 0.03431826562689417 neg 0.029584002963620463	false	0.5
niedergeschlagen	neg 1.0		__DUMMY__ 0.9394286850531166 off 0.03244381381869167 neg 0.028127501128191675	false	0.5
terrorisieren	off 1.0	off 1.0	off 0.4985458251590546 __DUMMY__ 0.4737484138990849 neg 0.02770576094186047	false	1.0
sinnlosigkeit	neg 1.0		__DUMMY__ 0.9363761152717042 off 0.03224717302705213 neg 0.03137671170124378	false	0.5
behindern	neg 1.0		__DUMMY__ 0.9358638562307235 off 0.03278676993609071 neg 0.031349373833185756	false	0.5
undemokratisch	neg 1.0		__DUMMY__ 0.9330698304854049 off 0.03448159950512549 neg 0.03244857000946963	false	0.5
wirtschaftskrise	neg 1.0		__DUMMY__ 0.9363561752247608 neg 0.03238492767029063 off 0.03125889710494858	false	1.0
neid	neg 1.0		__DUMMY__ 0.9367133127237591 off 0.036761108543697525 neg 0.02652557873254338	false	0.5
rutschen	neg 1.0		__DUMMY__ 0.9437648943180721 neg 0.02842324178791811 off 0.02781186389400985	false	1.0
rezession	neg 1.0		__DUMMY__ 0.9300735094117271 off 0.0405712546075729 neg 0.029355235980699976	false	0.5
fehlgeburt	neg 1.0		__DUMMY__ 0.938523750632378 off 0.034743809675889026 neg 0.02673243969173295	false	0.5
charakterschwach	off 1.0		__DUMMY__ 0.9330462560875978 off 0.03821028772739111 neg 0.028743456185010948	false	1.0
isolation	neg 1.0		__DUMMY__ 0.9354464002461534 off 0.03627616524239861 neg 0.028277434511447996	false	0.5
ablenkung	neg 1.0		__DUMMY__ 0.9365404425873499 off 0.03371393293534027 neg 0.029745624477309798	false	0.5
pech	neg 1.0		__DUMMY__ 0.9358241953926605 off 0.03584623150737884 neg 0.028329573099960682	false	0.5
vermeidung	neg 1.0		__DUMMY__ 0.9316552572711103 off 0.0380944718799855 neg 0.030250270848904075	false	0.5
dominieren	neg 1.0		__DUMMY__ 0.9404686709276314 off 0.030928596217309378 neg 0.02860273285505917	false	0.5
schwindlig	neg 1.0		__DUMMY__ 0.9395467034825764 off 0.034729792056680364 neg 0.0257235044607432	false	0.5
lutscher	neg 1.0		__DUMMY__ 0.9273017717770653 off 0.04448130053026143 neg 0.02821692769267329	false	0.5
pflicht	neg 1.0		__DUMMY__ 0.9372678732204965 neg 0.03254516158459085 off 0.030186965194912603	false	1.0
faschist	off 1.0		__DUMMY__ 0.932100890925723 off 0.03605608662001368 neg 0.03184302245426326	false	1.0
verschleudern	neg 1.0		__DUMMY__ 0.9338904004494967 neg 0.035366544785530224 off 0.030743054764973125	false	1.0
wenn			__DUMMY__ 0.9343282625808651 off 0.03675792043785871 neg 0.02891381698127621	false	0.0
ehebruch	neg 1.0		__DUMMY__ 0.9373973799012358 off 0.031441477312856465 neg 0.03116114278590765	false	0.5
spott	off 1.0		__DUMMY__ 0.9363357353046209 neg 0.032561997255155746 off 0.031102267440223375	false	0.5
trostlosigkeit	neg 1.0		__DUMMY__ 0.9394885896944075 neg 0.03140990236194852 off 0.02910150794364399	false	1.0
lutschen	neg 1.0		__DUMMY__ 0.934515343438694 off 0.035345945892817164 neg 0.03013871066848881	false	0.5
undiszipliniert	neg 1.0		__DUMMY__ 0.9336568926053215 off 0.03900847593648114 neg 0.02733463145819735	false	0.5
kopfschmerz	neg 1.0		__DUMMY__ 0.9398632321548741 off 0.03188499050360606 neg 0.02825177734151988	false	0.5
unvorhergesehen	neg 1.0		__DUMMY__ 0.9417353034231015 off 0.03023368723981319 neg 0.02803100933708534	false	0.5
desinteressiert	neg 1.0		__DUMMY__ 0.9319627165133529 off 0.039038107320962925 neg 0.028999176165684183	false	0.5
armselig	off 1.0		__DUMMY__ 0.9299799260068627 off 0.03991222236872898 neg 0.03010785162440825	false	1.0
desaster	neg 1.0		__DUMMY__ 0.9382124722987752 neg 0.03336872838479707 off 0.0284187993164276	false	1.0
tod	neg 1.0		__DUMMY__ 0.9404456367668881 off 0.030840695405383964 neg 0.028713667827727874	false	0.5
herzlos	neg 1.0		__DUMMY__ 0.9312058969334566 off 0.04012274107345995 neg 0.028671361993083545	false	0.5
unwissenheit	neg 1.0		__DUMMY__ 0.9347545902631722 neg 0.033096039765335886 off 0.03214936997149197	false	1.0
widersinnig	neg 1.0	neg 1.0	neg 0.5016935483898056 __DUMMY__ 0.46860421746608394 off 0.029702234144110398	false	1.0
bedenklich	neg 1.0		__DUMMY__ 0.9364979227391016 neg 0.03229799685602461 off 0.03120408040487372	false	1.0
beanstanden	neg 1.0		__DUMMY__ 0.9378452243986642 neg 0.03250227212775047 off 0.029652503473585338	false	1.0
panisch	neg 1.0	neg 1.0	neg 0.4930742087875169 __DUMMY__ 0.4749289218875516 off 0.03199686932493151	false	1.0
debil	off 1.0		__DUMMY__ 0.9416577117361395 neg 0.032756570026598895 off 0.02558571823726149	false	0.5
abstrich	neg 1.0		__DUMMY__ 0.9369441359326098 neg 0.03281168690722161 off 0.03024417716016855	false	1.0
primitiv	neg 1.0		__DUMMY__ 0.9318519803395305 off 0.03872752189187256 neg 0.029420497768596933	false	0.5
abschaum	off 1.0	off 1.0	off 0.5040320521294139 __DUMMY__ 0.4689932558354111 neg 0.026974692035174896	false	1.0
provozieren	neg 1.0		__DUMMY__ 0.9352380142923026 off 0.03419631451468298 neg 0.030565671193014444	false	0.5
tot	neg 1.0		__DUMMY__ 0.9365527333262433 neg 0.03322980509019956 off 0.030217461583557134	false	1.0
instabil	neg 1.0		__DUMMY__ 0.9292310811952995 off 0.038549846375411374 neg 0.03221907242928912	false	0.5
schwuchtel	off 1.0		__DUMMY__ 0.9251799251852899 off 0.04813940020435153 neg 0.026680674610358557	false	1.0
zerren	neg 1.0		__DUMMY__ 0.9392390694279649 off 0.03266085330530072 neg 0.02810007726673438	false	0.5
kinderficker	off 1.0		__DUMMY__ 0.9279459697486295 off 0.04178492736616628 neg 0.030269102885204152	false	1.0
gefahr	neg 1.0		__DUMMY__ 0.9393510871741385 neg 0.030751119629693024 off 0.029897793196168504	false	1.0
rabiat	neg 1.0		__DUMMY__ 0.9354526520888989 off 0.033718888156103105 neg 0.030828459754997897	false	0.5
verlangsamung	neg 1.0		__DUMMY__ 0.9299728152934676 off 0.04305074502285259 neg 0.02697643968367985	false	0.5
ausgestorben	neg 1.0		__DUMMY__ 0.9379378594654673 off 0.0331009537963132 neg 0.028961186738219465	false	0.5
anklagen	neg 1.0		__DUMMY__ 0.9365632736608444 off 0.032495317160874865 neg 0.030941409178280838	false	0.5
trott	neg 1.0		__DUMMY__ 0.9371422400968902 off 0.032936319786262935 neg 0.029921440116846935	false	0.5
verminderung	neg 1.0		__DUMMY__ 0.9310790393685277 off 0.0386243420604466 neg 0.030296618571025717	false	0.5
nach			__DUMMY__ 0.9459591959220669 neg 0.02737961862517664 off 0.026661185452756503	false	0.0
rost	neg 1.0		__DUMMY__ 0.9313899342124549 off 0.04182691219250012 neg 0.026783153595045055	false	0.5
destruktiv	neg 1.0		__DUMMY__ 0.9337139233048722 off 0.033459366710623176 neg 0.032826709984504564	false	0.5
unzumutbarkeit	neg 1.0		__DUMMY__ 0.9348304116508996 off 0.036780269965081824 neg 0.028389318384018553	false	0.5
labil	off 1.0	off 1.0	off 0.5040051490547472 __DUMMY__ 0.46891440516583843 neg 0.02708044577941433	false	1.0
ziemlich	neg 1.0		__DUMMY__ 0.9342216292326183 off 0.03787531354107632 neg 0.027903057226305424	false	0.5
lachnummer	off 1.0		__DUMMY__ 0.9346895737945597 off 0.033732276706189834 neg 0.0315781494992504	false	1.0
oder			__DUMMY__ 0.9373752065294549 off 0.03347313290573484 neg 0.029151660564810226	false	0.0
verfall	neg 1.0		__DUMMY__ 0.9403294924716868 neg 0.03313673232103143 off 0.026533775207281753	false	1.0
ausgrenzung	neg 1.0		__DUMMY__ 0.9335682882598827 off 0.03499288785395527 neg 0.031438823886162114	false	0.5
unordnung	neg 1.0		__DUMMY__ 0.9346502721174422 off 0.03730649274478558 neg 0.02804323513777209	false	0.5
fehlverhalten	neg 1.0		__DUMMY__ 0.937344429741993 neg 0.03223659615030635 off 0.030418974107700735	false	1.0
eine			__DUMMY__ 0.9387514312293432 neg 0.03164480918165286 off 0.029603759589003804	false	0.0
nille	neg 1.0		__DUMMY__ 0.9366338524151792 off 0.032785034336359806 neg 0.030581113248461057	false	0.5
qual	neg 1.0		__DUMMY__ 0.9370814348659499 off 0.03284041229215487 neg 0.030078152841895214	false	0.5
verschwenden	neg 1.0		__DUMMY__ 0.9368521240117279 neg 0.031745293552448754 off 0.03140258243582335	false	1.0
riesig	neg 1.0	neg 1.0	neg 0.4957045854095235 __DUMMY__ 0.4762767785612187 off 0.02801863602925779	false	1.0
verurteilen	neg 1.0		__DUMMY__ 0.9366439268212438 off 0.03222507941555523 neg 0.031130993763200967	false	0.5
klischee	neg 1.0	neg 1.0	neg 0.4983175175956135 __DUMMY__ 0.4685094550637199 off 0.03317302734066665	false	1.0
diktatorisch	neg 1.0		__DUMMY__ 0.9322568527824979 off 0.03497378669821404 neg 0.03276936051928804	false	0.5
vorhersehbar	neg 1.0	neg 1.0	neg 0.49752633391468964 __DUMMY__ 0.46971183202125427 off 0.03276183406405606	false	1.0
sowie			__DUMMY__ 0.929941105767385 off 0.041591686045868916 neg 0.028467208186746043	false	0.0
stornieren	neg 1.0		__DUMMY__ 0.9397515559669631 off 0.03375188602935465 neg 0.026496558003682138	false	0.5
besteuerung	neg 1.0		__DUMMY__ 0.9329574922674109 off 0.03382518261293703 neg 0.03321732511965213	false	0.5
ungeschminkt	neg 1.0		__DUMMY__ 0.9327740261583706 off 0.03773710909257889 neg 0.02948886474905064	false	0.5
kritisch	neg 1.0		__DUMMY__ 0.9363219294098475 neg 0.032529055931977816 off 0.03114901465817469	false	1.0
schlamperei	off 1.0		__DUMMY__ 0.9364292903622109 neg 0.03319445637405319 off 0.03037625326373582	false	0.5
sucht	neg 1.0	neg 1.0	neg 0.49578106010785594 __DUMMY__ 0.47425780592073546 off 0.029961133971408604	false	1.0
egoistisch	off 1.0		__DUMMY__ 0.9307763130370772 off 0.04191669079641827 neg 0.0273069961665045	false	1.0
ausbeuter	off 1.0		__DUMMY__ 0.9362351724973096 neg 0.03343504192373123 off 0.03032978557895917	false	0.5
arschgeburt	off 1.0		__DUMMY__ 0.9244475256517354 off 0.04844521933020745 neg 0.027107255018057143	false	1.0
schubs	neg 1.0	neg 1.0	neg 0.4954048365517824 __DUMMY__ 0.47614121157544703 off 0.02845395187277058	false	1.0
unsolide	neg 1.0		__DUMMY__ 0.9292450560354901 neg 0.03546741901763501 off 0.03528752494687477	false	1.0
beschwerde	neg 1.0		__DUMMY__ 0.9367677873794591 neg 0.03280361177372892 off 0.0304286008468119	false	1.0
stocken	neg 1.0		__DUMMY__ 0.9383590395463709 off 0.030844465436326546 neg 0.030796495017302538	false	0.5
isolieren	neg 1.0		__DUMMY__ 0.9374884216583717 off 0.0316801046862737 neg 0.030831473655354664	false	0.5
unheilbar	neg 1.0		__DUMMY__ 0.9386871750745883 off 0.03403270089916255 neg 0.02728012402624918	false	0.5
pisser	off 1.0		__DUMMY__ 0.9336001570745094 off 0.038860407102610066 neg 0.027539435822880574	false	1.0
löschen	neg 1.0		__DUMMY__ 0.9366789567552101 off 0.03338350627417722 neg 0.02993753697061273	false	0.5
durchfallen	neg 1.0		__DUMMY__ 0.9352291309044917 neg 0.03271233249223427 off 0.03205853660327398	false	1.0
wichser	off 1.0		__DUMMY__ 0.9284013873360155 off 0.04543854124717208 neg 0.0261600714168124	false	1.0
terror	neg 1.0		__DUMMY__ 0.9365509071389864 off 0.035223150608116656 neg 0.028225942252896874	false	0.5
krass	neg 1.0		__DUMMY__ 0.93139027730762 off 0.04012850893067406 neg 0.02848121376170584	false	0.5
revolte	neg 1.0		__DUMMY__ 0.9333728287274242 off 0.03536893588657487 neg 0.0312582353860009	false	0.5
besorgt	neg 1.0		__DUMMY__ 0.9401518027637887 off 0.031928597857928426 neg 0.02791959937828287	false	0.5
nachlassen	neg 1.0		__DUMMY__ 0.9389280237797305 neg 0.03083636485217366 off 0.030235611368095806	false	1.0
alt	neg 1.0		__DUMMY__ 0.939011017295662 off 0.030563984473077083 neg 0.03042499823126085	false	0.5
hundesohn	off 1.0		__DUMMY__ 0.9271217149222208 off 0.04472166469857279 neg 0.0281566203792064	false	1.0
als			__DUMMY__ 0.9385345396054257 off 0.03214092053063178 neg 0.02932453986394259	false	0.0
abschreckung	neg 1.0		__DUMMY__ 0.9391793371382662 neg 0.03152470189359263 off 0.029295960968141212	false	1.0
unqualifiziert	neg 1.0		__DUMMY__ 0.9308004479776667 off 0.036316344026093794 neg 0.03288320799623947	false	0.5
abgewichst	off 1.0		__DUMMY__ 0.9372756622205217 off 0.03216529763492278 neg 0.030559040144555565	false	1.0
schwer	neg 1.0		__DUMMY__ 0.9369633914386709 off 0.03351298668416255 neg 0.02952362187716647	false	0.5
bedeutungslosigkeit	neg 1.0		__DUMMY__ 0.9379870623258756 neg 0.03204904451385576 off 0.029963893160268703	false	1.0
kapitulation	neg 1.0		__DUMMY__ 0.9356198567242641 neg 0.033295630667707014 off 0.03108451260802904	false	1.0
unscharf	neg 1.0		__DUMMY__ 0.9351323835946977 off 0.03466163700039459 neg 0.030205979404907587	false	0.5
schwinden	neg 1.0		__DUMMY__ 0.9388504500863694 neg 0.03137742869562863 off 0.029772121218002014	false	1.0
versklavung	neg 1.0		__DUMMY__ 0.9329312835601823 off 0.03458160174092277 neg 0.03248711469889495	false	0.5
schlecht	neg 1.0		__DUMMY__ 0.9344386732932939 off 0.03802144222004367 neg 0.02753988448666242	false	0.5
verhasst	neg 1.0		__DUMMY__ 0.9352466373959152 off 0.03447729436355783 neg 0.030276068240527018	false	0.5
beschweren	neg 1.0		__DUMMY__ 0.9354307099689474 off 0.03498614072810741 neg 0.029583149302945082	false	0.5
scheiden	neg 1.0		__DUMMY__ 0.9396434649314365 off 0.033227102977058595 neg 0.02712943209150501	false	0.5
frustriert	neg 1.0		__DUMMY__ 0.9371044085388027 off 0.032786983731125985 neg 0.030108607730071242	false	0.5
schimmelig	neg 1.0		__DUMMY__ 0.9400094784363345 neg 0.030110810238901997 off 0.029879711324763553	false	1.0
fisch	neg 1.0		__DUMMY__ 0.9418347443273952 neg 0.029337256338675653 off 0.028827999333929134	false	1.0
schmuggel	neg 1.0		__DUMMY__ 0.9420541204848373 off 0.02967323231425568 neg 0.028272647200907046	false	0.5
auffallen	neg 1.0		__DUMMY__ 0.9352676372401829 off 0.03541769408597967 neg 0.02931466867383743	false	0.5
konkurrenz	neg 1.0	neg 1.0	neg 0.4987764388804348 __DUMMY__ 0.47469039274474406 off 0.026533168374821125	false	1.0
teufelskreis	neg 1.0		__DUMMY__ 0.9367369006038088 off 0.03323901036016062 neg 0.030024089036030637	false	0.5
aufschreien	neg 1.0		__DUMMY__ 0.934380923616334 off 0.03539494029165333 neg 0.0302241360920126	false	0.5
schuldner	neg 1.0		__DUMMY__ 0.9385460661372192 neg 0.03151942985892547 off 0.02993450400385525	false	1.0
missgeburt	off 1.0	off 1.0	off 0.5078530154080665 __DUMMY__ 0.4666246699599014 neg 0.02552231463203215	false	1.0
arbeitslos	neg 1.0		__DUMMY__ 0.9353258563648492 neg 0.03236195838951327 off 0.03231218524563747	false	1.0
befallen	neg 1.0		__DUMMY__ 0.9373861710336671 off 0.03241767715641606 neg 0.03019615180991687	false	0.5
miesepetrig	off 1.0	off 1.0	off 0.5042225055309593 __DUMMY__ 0.4707098621136323 neg 0.025067632355408515	false	1.0
alarmieren	neg 1.0		__DUMMY__ 0.9329055850161089 off 0.037186812859981766 neg 0.029907602123909378	false	0.5
ungeduscht	off 1.0		__DUMMY__ 0.9362046152365149 off 0.03554023226764301 neg 0.028255152495842033	false	1.0
knappheit	neg 1.0		__DUMMY__ 0.9358043947586964 neg 0.03330813924156685 off 0.03088746599973688	false	1.0
schlange	neg 1.0		__DUMMY__ 0.9381180623412844 off 0.03467432353422829 neg 0.027207614124487356	false	0.5
harsch	neg 1.0		__DUMMY__ 0.9329747876049266 off 0.040819900229181076 neg 0.026205312165892357	false	0.5
lang	neg 1.0		__DUMMY__ 0.9368029617103846 off 0.03369837680815487 neg 0.029498661481460596	false	0.5
ziellos	neg 1.0		__DUMMY__ 0.9395107937948892 off 0.031704006900386016 neg 0.028785199304724732	false	0.5
selbstverliebt	neg 1.0		__DUMMY__ 0.9256872303547563 off 0.04628603634726091 neg 0.028026733297982796	false	0.5
beseitigen	neg 1.0		__DUMMY__ 0.9368555230320146 off 0.03269664016925313 neg 0.030447836798732263	false	0.5
dumm	off 1.0		__DUMMY__ 0.9291698289004213 off 0.04260858942896061 neg 0.02822158167061805	false	1.0
arbeitsloser	neg 1.0		__DUMMY__ 0.9376698500934694 off 0.031705020202863275 neg 0.030625129703667403	false	0.5
blitzen	neg 1.0		__DUMMY__ 0.9352118478282712 off 0.035887935759539726 neg 0.028900216412189105	false	0.5
hilflos	neg 1.0		__DUMMY__ 0.9379485545219723 off 0.03235502857524535 neg 0.02969641690278229	false	0.5
eklig	off 1.0		__DUMMY__ 0.9301214159287917 off 0.0429887323518754 neg 0.026889851719332888	false	1.0
begriff			__DUMMY__ 0.9355126142984819 off 0.0327810241127643 neg 0.03170636158875385	false	0.0
hungersnot	neg 1.0		__DUMMY__ 0.9383763725295062 off 0.0323044912272296 neg 0.029319136243264217	false	0.5
ungesetzlich	neg 1.0		__DUMMY__ 0.9301688110458864 off 0.03571639673689232 neg 0.03411479221722126	false	0.5
verschwendung	neg 1.0		__DUMMY__ 0.9379825972092346 neg 0.0314564505722682 off 0.030560952218497167	false	1.0
schmerzvoll	neg 1.0		__DUMMY__ 0.9360123606987457 off 0.03487023279508076 neg 0.029117406506173497	false	0.5
vorzeitig	neg 1.0		__DUMMY__ 0.9371303456435296 off 0.035716045080076454 neg 0.027153609276393948	false	0.5
unvollkommenheit	neg 1.0		__DUMMY__ 0.9423512958013516 off 0.03143301720315261 neg 0.0262156869954958	false	0.5
intervenieren	neg 1.0		__DUMMY__ 0.935951690455621 neg 0.033490653601349035 off 0.03055765594303003	false	1.0
banause	off 1.0		__DUMMY__ 0.9273118241772881 off 0.04456548051088827 neg 0.028122695311823615	false	1.0
rebell	neg 1.0		__DUMMY__ 0.9399742688064571 neg 0.03240199085274145 off 0.027623740340801443	false	1.0
unlogisch	neg 1.0		__DUMMY__ 0.931505593992912 off 0.03986121072860852 neg 0.028633195278479486	false	0.5
leiden	neg 1.0		__DUMMY__ 0.9431717607426598 off 0.029518081114752365 neg 0.027310158142587755	false	0.5
abschaffung	neg 1.0		__DUMMY__ 0.9331876498379786 off 0.033995364197798444 neg 0.032816985964223035	false	0.5
sturz	neg 1.0		__DUMMY__ 0.9381756743917499 off 0.03341727542982446 neg 0.02840705017842571	false	0.5
verkleinerung	neg 1.0		__DUMMY__ 0.9315838183243788 off 0.03590851692320798 neg 0.03250766475241323	false	0.5
schmarotzer	off 1.0		__DUMMY__ 0.9348749975899491 neg 0.03290131085798843 off 0.03222369155206244	false	0.5
bestrafung	neg 1.0		__DUMMY__ 0.9354284966348843 off 0.034725809535102056 neg 0.02984569383001371	false	0.5
achtlos	neg 1.0		__DUMMY__ 0.9380574337367495 off 0.03336594797564794 neg 0.02857661828760244	false	0.5
