unsolidarisch	neg 1.0		__DUMMY__ 0.4822789975855911 off 0.26737087354354816 neg 0.2503501288708606	false	0.5
nachteilig	neg 1.0		__DUMMY__ 0.4874986755715669 off 0.2645378008617893 neg 0.2479635235666438	false	0.5
skeptisch	neg 1.0		__DUMMY__ 0.48794394881269204 off 0.26378404559410507 neg 0.2482720055932029	false	0.5
schrecklich	neg 1.0		__DUMMY__ 0.48252333712370615 off 0.2797994955341579 neg 0.237677167342136	false	0.5
schlapp	neg 1.0		__DUMMY__ 0.48560986270865614 off 0.2754057436384669 neg 0.23898439365287685	false	0.5
abfall	neg 1.0		__DUMMY__ 0.4901331217077417 off 0.26142570261942444 neg 0.24844117567283389	false	0.5
widerspenstig	neg 1.0		__DUMMY__ 0.48723524664222173 off 0.26976246333804094 neg 0.2430022900197373	false	0.5
abrupt	neg 1.0		__DUMMY__ 0.49006176451049427 off 0.26525773317603807 neg 0.24468050231346777	false	0.5
unwirksam	neg 1.0		__DUMMY__ 0.4832952066749122 off 0.267772894767208 neg 0.24893189855787992	false	0.5
angreifen	neg 1.0	neg 1.0	neg 0.6106828005481596 __DUMMY__ 0.23922917436802493 off 0.15008802508381539	false	1.0
inkonsistent	neg 1.0		__DUMMY__ 0.48604170865818636 off 0.27018443620723004 neg 0.24377385513458366	false	0.5
abrutschen	neg 1.0		__DUMMY__ 0.48995371105244506 off 0.2617818004182233 neg 0.2482644885293316	false	0.5
unsicher	neg 1.0		__DUMMY__ 0.4876131411304225 off 0.26998472357384795 neg 0.24240213529572963	false	0.5
bauernkind	off 1.0	off 1.0	off 0.6282737811784749 __DUMMY__ 0.2348069744167558 neg 0.1369192444047693	false	1.0
angreifer	neg 1.0		__DUMMY__ 0.48766492983407583 off 0.2714544816878484 neg 0.2408805884780757	false	0.5
trennen	neg 1.0		__DUMMY__ 0.4910268159220357 off 0.26606480203402216 neg 0.24290838204394213	false	0.5
schmutz	neg 1.0		__DUMMY__ 0.49151707516533216 off 0.273544728575362 neg 0.23493819625930587	false	0.5
inkonsistenz	neg 1.0		__DUMMY__ 0.4821281086269163 off 0.2727710972972586 neg 0.24510079407582505	false	0.5
erschreckend	neg 1.0		__DUMMY__ 0.48630094319510997 off 0.2680007162244801 neg 0.24569834058040993	false	0.5
ertrinken	neg 1.0		__DUMMY__ 0.4902251407126625 off 0.26668295648876217 neg 0.24309190279857523	false	0.5
pickelface	off 1.0		__DUMMY__ 0.48678641653687144 off 0.26696924138232103 neg 0.24624434208080748	false	1.0
seiner			__DUMMY__ 0.4894769304796272 off 0.2649865053661675 neg 0.24553656415420533	false	0.0
lauch	neg 1.0		__DUMMY__ 0.48809128739695823 off 0.2609848484613192 neg 0.25092386414172263	false	0.5
unwichtig	neg 1.0		__DUMMY__ 0.48408788644143425 off 0.2744546983716476 neg 0.24145741518691802	false	0.5
steuerhinterziehung	neg 1.0		__DUMMY__ 0.4853888623811213 off 0.2666612323316605 neg 0.24794990528721825	false	0.5
schock	neg 1.0		__DUMMY__ 0.4897031546256606 off 0.2696806505947845 neg 0.2406161947795549	false	0.5
beule	neg 1.0		__DUMMY__ 0.485942760988393 off 0.2759273810464976 neg 0.2381298579651093	false	0.5
vergelten	neg 1.0		__DUMMY__ 0.48582468160000175 off 0.27935564513277317 neg 0.234819673267225	false	0.5
verdorbenheit	neg 1.0		__DUMMY__ 0.4872058842389355 off 0.26893239775798494 neg 0.24386171800307968	false	0.5
trauma	neg 1.0		__DUMMY__ 0.4862688242917546 off 0.2705223189895663 neg 0.2432088567186792	false	0.5
sinnlos	neg 1.0		__DUMMY__ 0.48654856505477584 off 0.2723920390362917 neg 0.24105939590893244	false	0.5
fettsack	off 1.0	off 1.0	off 0.6298267768870532 __DUMMY__ 0.23558814083852628 neg 0.13458508227442054	false	1.0
feige	off 1.0	off 1.0	off 0.6261790166318945 __DUMMY__ 0.23630316288763087 neg 0.1375178204804747	false	1.0
abdanken	neg 1.0		__DUMMY__ 0.4857385469726582 off 0.2679366313557897 neg 0.24632482167155206	false	0.5
wichtigtuer	off 1.0	off 1.0	off 0.6243708573805539 __DUMMY__ 0.23715792538956373 neg 0.13847121722988243	false	1.0
misslingen	neg 1.0		__DUMMY__ 0.4899793465416257 off 0.27190995226807485 neg 0.23811070119029934	false	0.5
untreu	off 1.0		__DUMMY__ 0.4837526623827815 off 0.27586968957778435 neg 0.24037764803943404	false	1.0
missmutig	neg 1.0		__DUMMY__ 0.4851321093731216 off 0.27496296439902257 neg 0.23990492622785575	false	0.5
hurenbock	off 1.0		__DUMMY__ 0.48695517692378004 off 0.27114251646725473 neg 0.24190230660896536	false	1.0
betrunken	neg 1.0		__DUMMY__ 0.4856186805647245 off 0.2784864543777302 neg 0.23589486505754542	false	0.5
korrupt	off 1.0		__DUMMY__ 0.48399802732677005 off 0.2652859245512638 neg 0.25071604812196613	false	1.0
unmut	neg 1.0		__DUMMY__ 0.48920801008696685 off 0.26121484768858094 neg 0.24957714222445226	false	0.5
hackfresse	off 1.0		__DUMMY__ 0.4800895363869972 off 0.28309065120657473 neg 0.23681981240642802	false	1.0
aufblasen	neg 1.0		__DUMMY__ 0.48788669015451747 off 0.2717531563482763 neg 0.24036015349720624	false	0.5
gewaltsam	neg 1.0		__DUMMY__ 0.487448844519271 off 0.26862673498560186 neg 0.24392442049512697	false	0.5
unbeliebtheit	neg 1.0		__DUMMY__ 0.47909052712591665 off 0.2716738912481595 neg 0.24923558162592385	false	0.5
sturheit	neg 1.0		__DUMMY__ 0.4861016571310292 off 0.2679035320889904 neg 0.24599481077998045	false	0.5
kuh	neg 1.0		__DUMMY__ 0.48472350896741334 off 0.26933694971680155 neg 0.24593954131578494	false	0.5
erschrecken	neg 1.0		__DUMMY__ 0.48570423722549766 off 0.2743156251467229 neg 0.2399801376277794	false	0.5
opfer	neg 1.0		__DUMMY__ 0.48912050191144113 off 0.2662903569116476 neg 0.24458914117691136	false	0.5
sinken	neg 1.0		__DUMMY__ 0.48911931559487487 off 0.2617995270494174 neg 0.2490811573557078	false	0.5
stinktier	neg 1.0		__DUMMY__ 0.48141202955118656 off 0.28000972852894584 neg 0.23857824191986765	false	0.5
tucke	off 1.0		__DUMMY__ 0.4772468197114037 off 0.2824767309573316 neg 0.24027644933126463	false	1.0
ein			__DUMMY__ 0.48730773481993195 off 0.2706348659085504 neg 0.24205739927151768	false	0.0
abstieg	neg 1.0		__DUMMY__ 0.4910334015484674 off 0.2659725633041807 neg 0.24299403514735188	false	0.5
missverstehen	neg 1.0		__DUMMY__ 0.4844562892832303 off 0.2718343078004576 neg 0.243709402916312	false	0.5
ergebnislos	neg 1.0		__DUMMY__ 0.48812209722922156 off 0.26456381485956715 neg 0.2473140879112114	false	0.5
unter			__DUMMY__ 0.4944666847443851 off 0.2580432721896207 neg 0.24749004306599431	false	0.0
manipulieren	neg 1.0		__DUMMY__ 0.48836429328235476 off 0.26408507080165017 neg 0.24755063591599513	false	0.5
unbewiesen	neg 1.0		__DUMMY__ 0.4821034210069454 off 0.2676616199277576 neg 0.25023495906529697	false	0.5
verschleppen	neg 1.0		__DUMMY__ 0.4879267972564238 off 0.26652269592578964 neg 0.2455505068177866	false	0.5
weib	off 1.0		__DUMMY__ 0.4803140417293257 off 0.28314056422632616 neg 0.23654539404434827	false	1.0
opposition	neg 1.0		__DUMMY__ 0.4848953349339651 off 0.2708395293303982 neg 0.24426513573563668	false	0.5
verkehrswidrig	neg 1.0	neg 1.0	neg 0.6015963363563408 __DUMMY__ 0.2391013712444969 off 0.15930229239916238	false	1.0
inkorrekt	neg 1.0		__DUMMY__ 0.4808250933825192 off 0.27611350437636684 neg 0.24306140224111386	false	0.5
vermeiden	neg 1.0		__DUMMY__ 0.49187998817084455 off 0.2597828666442383 neg 0.24833714518491706	false	0.5
abweichung	neg 1.0		__DUMMY__ 0.4868449008712925 off 0.2645752405230706 neg 0.2485798586056368	false	0.5
alkoholisiert	neg 1.0		__DUMMY__ 0.49297138868246887 off 0.26601698579808664 neg 0.24101162551944444	false	0.5
scheiss	off 1.0	off 1.0	off 0.6267951248352417 __DUMMY__ 0.2374518938838 neg 0.13575298128095836	false	1.0
herausforderung	neg 1.0	neg 1.0	neg 0.6068226844690443 __DUMMY__ 0.24204602525866606 off 0.15113129027228972	false	1.0
pervers	off 1.0		__DUMMY__ 0.47924945934908714 off 0.2866386033941734 neg 0.23411193725673943	false	1.0
wackelig	neg 1.0		__DUMMY__ 0.49049755241781434 off 0.2679973598432172 neg 0.24150508773896845	false	0.5
verwickeln	neg 1.0		__DUMMY__ 0.4844797858415538 off 0.27171388797284823 neg 0.2438063261855979	false	0.5
vorwand	neg 1.0		__DUMMY__ 0.48885782322447807 off 0.2633314134357461 neg 0.24781076333977578	false	0.5
muschi	off 1.0		__DUMMY__ 0.4866202862415757 off 0.2674192866998788 neg 0.24596042705854546	false	1.0
entmutigung	neg 1.0		__DUMMY__ 0.4843575972324138 off 0.27026664652468524 neg 0.24537575624290084	false	0.5
unangemessen	neg 1.0		__DUMMY__ 0.4859320697944923 off 0.2667855019876737 neg 0.2472824282178341	false	0.5
unstetig	neg 1.0		__DUMMY__ 0.48718649284148574 off 0.2707987610285122 neg 0.24201474613000187	false	0.5
entmutigen	neg 1.0		__DUMMY__ 0.4857266153270604 off 0.27075098243839407 neg 0.2435224022345456	false	0.5
schwanz	neg 1.0		__DUMMY__ 0.48845992181052944 off 0.26435972829828913 neg 0.24718034989118157	false	0.5
verbot	neg 1.0		__DUMMY__ 0.48570423123754936 off 0.2656350344973533 neg 0.24866073426509722	false	0.5
leid	neg 1.0		__DUMMY__ 0.4826678227524118 off 0.28131034021003365 neg 0.23602183703755458	false	0.5
archaisch	neg 1.0		__DUMMY__ 0.4873069090585708 off 0.26719783373299216 neg 0.24549525720843715	false	0.5
gegen			__DUMMY__ 0.4903282044994512 off 0.263072122686757 neg 0.24659967281379197	false	0.0
scheidung	neg 1.0		__DUMMY__ 0.47848009160798144 off 0.2904322511120055 neg 0.23108765728001304	false	0.5
einschlag	neg 1.0	neg 1.0	neg 0.6051927416233895 __DUMMY__ 0.2367546724157274 off 0.158052585960883	false	1.0
m			__DUMMY__ 0.488467555721087 off 0.2673628665235061 neg 0.2441695777554069	false	0.0
abgestanden	neg 1.0		__DUMMY__ 0.4881339222145078 off 0.27093070514873097 neg 0.24093537263676135	false	0.5
schmierig	off 1.0		__DUMMY__ 0.4830429117006233 off 0.2808351462275177 neg 0.23612194207185913	false	1.0
unpraktisch	neg 1.0		__DUMMY__ 0.4881342094119279 off 0.271350986556864 neg 0.24051480403120806	false	0.5
wixxer	off 1.0		__DUMMY__ 0.4783366830563637 off 0.2859508893729286 neg 0.2357124275707076	false	1.0
bezeichnet			__DUMMY__ 0.4860199041846234 off 0.2686473663188875 neg 0.2453327294964891	false	0.0
jammerlappen	off 1.0		__DUMMY__ 0.48439788408163253 off 0.27478262637670686 neg 0.24081948954166066	false	1.0
farce	neg 1.0		__DUMMY__ 0.4846424448283311 off 0.26615846778291796 neg 0.24919908738875093	false	0.5
zwecklos	neg 1.0		__DUMMY__ 0.48665160911397864 off 0.26704278826295846 neg 0.24630560262306295	false	0.5
turbulent	neg 1.0		__DUMMY__ 0.4829147686538194 off 0.2746732172531367 neg 0.24241201409304391	false	0.5
invasion	neg 1.0		__DUMMY__ 0.4861664259116977 off 0.2722907624914853 neg 0.24154281159681706	false	0.5
schuld	neg 1.0		__DUMMY__ 0.48619877663330785 off 0.2704462377931537 neg 0.24335498557353843	false	0.5
risiko	neg 1.0		__DUMMY__ 0.4873573038958341 off 0.2700147062693051 neg 0.2426279898348608	false	0.5
finster	neg 1.0		__DUMMY__ 0.48732383104805754 off 0.27093549364464065 neg 0.24174067530730187	false	0.5
geisteskrank	off 1.0		__DUMMY__ 0.4826588410199602 off 0.276207438287047 neg 0.24113372069299285	false	1.0
zusammenbrechen	neg 1.0		__DUMMY__ 0.48837106416482234 off 0.2684208640140829 neg 0.24320807182109477	false	0.5
ausbeute	neg 1.0		__DUMMY__ 0.48987627560102603 off 0.26489520157126545 neg 0.24522852282770857	false	0.5
hinterhalt	neg 1.0		__DUMMY__ 0.48772700315667816 off 0.26738200045826566 neg 0.24489099638505615	false	0.5
kritik	neg 1.0		__DUMMY__ 0.4852183132229792 off 0.266211242107981 neg 0.24857044466903974	false	0.5
einschrumpfen	neg 1.0		__DUMMY__ 0.48248273551958165 off 0.2714464591262412 neg 0.2460708053541771	false	0.5
riskant	neg 1.0		__DUMMY__ 0.48781655775040406 off 0.2654274968378558 neg 0.24675594541174026	false	0.5
frustrieren	neg 1.0		__DUMMY__ 0.48786401723182754 off 0.2656636591732344 neg 0.24647232359493804	false	0.5
groll	neg 1.0		__DUMMY__ 0.48759964749353113 off 0.2670809806879379 neg 0.24531937181853095	false	0.5
gibt			__DUMMY__ 0.48700015285191095 off 0.267356835693112 neg 0.2456430114549769	false	0.0
qualvoll	neg 1.0		__DUMMY__ 0.4870076894622408 off 0.2739087027845409 neg 0.23908360775321824	false	0.5
wackeln	neg 1.0	neg 1.0	neg 0.6059502626886307 __DUMMY__ 0.2398765084582394 off 0.15417322885312984	false	1.0
klagen	neg 1.0		__DUMMY__ 0.48872215338086217 off 0.26158124171957714 neg 0.24969660489956078	false	0.5
bankrott	neg 1.0		__DUMMY__ 0.48550477426988475 off 0.273876888831175 neg 0.2406183368989402	false	0.5
trauern	neg 1.0		__DUMMY__ 0.48975234559415165 off 0.2662584455332721 neg 0.24398920887257625	false	0.5
ablehnung	neg 1.0		__DUMMY__ 0.4851830185527448 off 0.2662597390004469 neg 0.24855724244680832	false	0.5
stur	neg 1.0		__DUMMY__ 0.48558720410770717 off 0.2709337164626487 neg 0.2434790794296441	false	0.5
aufruhr	neg 1.0		__DUMMY__ 0.4878649397606124 off 0.26873634831065424 neg 0.2433987119287335	false	0.5
melancholie	neg 1.0		__DUMMY__ 0.48922989645682746 off 0.2674285984939115 neg 0.243341505049261	false	0.5
ist			__DUMMY__ 0.48590953698347544 off 0.2713949614749734 neg 0.2426955015415511	false	0.0
torheit	neg 1.0		__DUMMY__ 0.48498747098802897 off 0.2697358981654517 neg 0.2452766308465194	false	0.5
dreckskind	off 1.0		__DUMMY__ 0.48081946045909185 off 0.28146978969013386 neg 0.23771074985077414	false	1.0
umtauschen	neg 1.0		__DUMMY__ 0.48748235210101504 off 0.26922090018631356 neg 0.24329674771267135	false	0.5
zum			__DUMMY__ 0.49414471612324773 off 0.26085509343797175 neg 0.24500019043878044	false	0.0
zersetzen	neg 1.0		__DUMMY__ 0.4875468535793244 off 0.26362643803529856 neg 0.24882670838537707	false	0.5
zur			__DUMMY__ 0.49182814574990613 off 0.2590550989682316 neg 0.2491167552818622	false	0.0
frust	neg 1.0		__DUMMY__ 0.4881242587294266 off 0.26809378858350497 neg 0.24378195268706837	false	0.5
unerbittlichkeit	neg 1.0		__DUMMY__ 0.4876081191110005 off 0.26378267369845465 neg 0.24860920719054486	false	0.5
zwei			__DUMMY__ 0.4925961137400698 off 0.2628665847817449 neg 0.24453730147818525	false	0.0
unkorrekt	neg 1.0		__DUMMY__ 0.4801337384788735 off 0.27648271433628885 neg 0.24338354718483776	false	0.5
hexe	off 1.0		__DUMMY__ 0.48320166511694607 off 0.2750095189160391 neg 0.24178881596701493	false	1.0
lasch	neg 1.0		__DUMMY__ 0.4828814298147441 off 0.27256045983506383 neg 0.24455811035019204	false	0.5
rivale	neg 1.0		__DUMMY__ 0.484748790635659 off 0.27829628831210546 neg 0.23695492105223537	false	0.5
mutlos	off 1.0	off 1.0	off 0.6203348653386697 __DUMMY__ 0.23809194728194333 neg 0.14157318737938696	false	1.0
wirr	off 1.0		__DUMMY__ 0.4807085773723202 off 0.27708340647740537 neg 0.24220801615027443	false	1.0
jahr			__DUMMY__ 0.4910440052518511 off 0.2643535153911506 neg 0.24460247935699816	false	0.0
wird			__DUMMY__ 0.48800372426641725 off 0.2661089294433407 neg 0.24588734629024203	false	0.0
strafbar	neg 1.0		__DUMMY__ 0.48698397396949206 off 0.2651808733248566 neg 0.2478351527056513	false	0.5
erosion	neg 1.0		__DUMMY__ 0.4878173951467486 off 0.270654698779185 neg 0.24152790607406638	false	0.5
eingehen	neg 1.0		__DUMMY__ 0.4862273775832443 off 0.26596259323322163 neg 0.2478100291835341	false	0.5
faul	off 1.0		__DUMMY__ 0.48622037210213015 off 0.27459491804689706 neg 0.23918470985097282	false	1.0
provisorium	neg 1.0		__DUMMY__ 0.49355558742457206 off 0.2573336414398593 neg 0.24911077113556848	false	0.5
schmerzen	neg 1.0		__DUMMY__ 0.48750386278369984 off 0.2697281582009466 neg 0.2427679790153535	false	0.5
schrumpfen	neg 1.0		__DUMMY__ 0.48985880501252316 off 0.25877600887081564 neg 0.25136518611666125	false	0.5
geistlos	off 1.0		__DUMMY__ 0.4820574158170879 off 0.2708347889024022 neg 0.2471077952805099	false	1.0
fehlkauf	neg 1.0		__DUMMY__ 0.4855259470132165 off 0.271179002888581 neg 0.24329505009820246	false	0.5
frustrierend	neg 1.0		__DUMMY__ 0.4860220728589586 off 0.2742385210473235 neg 0.23973940609371786	false	0.5
unzufrieden	neg 1.0		__DUMMY__ 0.4864552541297302 off 0.2667622614189144 neg 0.24678248445135553	false	0.5
verzweifeln	neg 1.0		__DUMMY__ 0.4871816107152181 off 0.2691182661945168 neg 0.2437001230902651	false	0.5
verzweifelt	neg 1.0		__DUMMY__ 0.48585948585194366 off 0.2711461309807238 neg 0.2429943831673324	false	0.5
misstrauensantrag	neg 1.0		__DUMMY__ 0.48531716660830715 off 0.27180820654075444 neg 0.2428746268509384	false	0.5
abfallen	neg 1.0		__DUMMY__ 0.4881175224596938 off 0.27168599713222574 neg 0.24019648040808037	false	0.5
fucker	off 1.0		__DUMMY__ 0.4827014186902802 off 0.27668512060454614 neg 0.2406134607051737	false	1.0
ungezogen	neg 1.0		__DUMMY__ 0.48051306104912156 off 0.2850677966274243 neg 0.23441914232345407	false	0.5
irrsinnig	neg 1.0	neg 1.0	neg 0.6088020884286055 __DUMMY__ 0.23759755965812793 off 0.1536003519132666	false	1.0
unfassbar	neg 1.0		__DUMMY__ 0.4834128416012653 off 0.27524509078795534 neg 0.24134206761077928	false	0.5
hart	neg 1.0		__DUMMY__ 0.485181830805671 off 0.27327852428917715 neg 0.2415396449051519	false	0.5
widerlich	off 1.0		__DUMMY__ 0.4825058990179005 off 0.2760466819174894 neg 0.2414474190646101	false	1.0
fatal	neg 1.0		__DUMMY__ 0.48554055885964614 off 0.2715379387360775 neg 0.24292150240427626	false	0.5
bruch	neg 1.0		__DUMMY__ 0.48943615867189194 off 0.26220031641981334 neg 0.24836352490829464	false	0.5
aushungern	neg 1.0		__DUMMY__ 0.48558355435906536 off 0.2675793121090102 neg 0.24683713353192435	false	0.5
anspannung	neg 1.0	neg 1.0	neg 0.6076795437785947 __DUMMY__ 0.24354936519723228 off 0.14877109102417296	false	1.0
von			__DUMMY__ 0.4911146241483844 off 0.26354545408955027 neg 0.24533992176206523	false	0.0
kraftlos	neg 1.0		__DUMMY__ 0.4901848795837081 off 0.26840346756052536 neg 0.24141165285576652	false	0.5
vom			__DUMMY__ 0.4947306240857293 off 0.25858166934874455 neg 0.24668770656552605	false	0.0
grenzdebil	off 1.0		__DUMMY__ 0.48382436813542284 off 0.2766921557724999 neg 0.23948347609207737	false	1.0
vor			__DUMMY__ 0.4902264354769331 off 0.26389869184400927 neg 0.24587487267905758	false	0.0
unterwerfen	neg 1.0		__DUMMY__ 0.48781630666778925 off 0.2653281832888018 neg 0.2468555100434091	false	0.5
versenkung	neg 1.0		__DUMMY__ 0.4883269598523571 off 0.2651959266705317 neg 0.2464771134771112	false	0.5
entziehen	neg 1.0		__DUMMY__ 0.4891249563260523 off 0.2625742452068478 neg 0.24830079846709988	false	0.5
finanzkrise	neg 1.0		__DUMMY__ 0.48509007801220055 off 0.2675013350979687 neg 0.24740858688983078	false	0.5
schimpfend	neg 1.0		__DUMMY__ 0.4886100081075359 off 0.27159669854391555 neg 0.23979329334854854	false	0.5
profan	neg 1.0		__DUMMY__ 0.4853672781857167 off 0.27260973208347744 neg 0.2420229897308059	false	0.5
korruption	neg 1.0		__DUMMY__ 0.4854828309064407 off 0.2654784227965995 neg 0.24903874629695977	false	0.5
â			__DUMMY__ 0.488502643053844 off 0.2660732457878319 neg 0.2454241111583239	false	0.0
schmutzig	neg 1.0		__DUMMY__ 0.4851781571593684 off 0.2765839476663331 neg 0.23823789517429853	false	0.5
sexy	neg 1.0		__DUMMY__ 0.48541159838224374 off 0.2733523281616308 neg 0.24123607345612533	false	0.5
abraten	neg 1.0		__DUMMY__ 0.4855717429842597 off 0.27142378991254346 neg 0.24300446710319684	false	0.5
schwarz	neg 1.0		__DUMMY__ 0.4854414725031823 off 0.2707599507976057 neg 0.24379857669921187	false	0.5
fotze	off 1.0		__DUMMY__ 0.48735023749617273 off 0.2651040074950693 neg 0.24754575500875792	false	1.0
verwirren	neg 1.0		__DUMMY__ 0.4852259975997295 off 0.2728080331292027 neg 0.24196596927106775	false	0.5
zahnlos	off 1.0		__DUMMY__ 0.48632518720394585 off 0.2667485477862243 neg 0.2469262650098299	false	1.0
verheeren	neg 1.0		__DUMMY__ 0.4812630252239724 off 0.28648060915467566 neg 0.23225636562135205	false	0.5
hippie	neg 1.0		__DUMMY__ 0.4851956560642585 off 0.2726449404201802 neg 0.2421594035155612	false	0.5
rammen	neg 1.0		__DUMMY__ 0.4873255825566192 off 0.2708349785453078 neg 0.241839438898073	false	0.5
unlauter	neg 1.0		__DUMMY__ 0.4821912407721862 off 0.2681820266356683 neg 0.24962673259214532	false	0.5
unheilvoll	neg 1.0		__DUMMY__ 0.48764630230439804 off 0.2728180744819797 neg 0.23953562321362237	false	0.5
niedrig	neg 1.0		__DUMMY__ 0.4899408715463573 off 0.2651698975926457 neg 0.24488923086099698	false	0.5
explosion	neg 1.0		__DUMMY__ 0.48519184643244434 off 0.2719793593474145 neg 0.24282879422014117	false	0.5
weichei	off 1.0		__DUMMY__ 0.48107719601704096 off 0.2816808878401911 neg 0.2372419161427679	false	1.0
minusmensch	off 1.0		__DUMMY__ 0.4762017259017626 off 0.28403268203685633 neg 0.23976559206138104	false	1.0
farblos	neg 1.0		__DUMMY__ 0.4903720241694576 off 0.26961948499198163 neg 0.2400084908385608	false	0.5
unwissend	neg 1.0	neg 1.0	neg 0.60749665475697 __DUMMY__ 0.23638504203465274 off 0.15611830320837722	false	1.0
traurig	neg 1.0		__DUMMY__ 0.4831505937146816 off 0.27878182959135545 neg 0.23806757669396286	false	0.5
senkung	neg 1.0		__DUMMY__ 0.4830574537964276 off 0.2713797404676455 neg 0.2455628057359269	false	0.5
ungleich	neg 1.0	neg 1.0	neg 0.611588164073414 __DUMMY__ 0.23827634469730005 off 0.15013549122928604	false	1.0
heikel	neg 1.0		__DUMMY__ 0.48737673529791514 off 0.2637504989200236 neg 0.24887276578206136	false	0.5
drosselung	neg 1.0		__DUMMY__ 0.4841421015489585 off 0.2761340564784884 neg 0.23972384197255314	false	0.5
falsch	neg 1.0		__DUMMY__ 0.4850386763395719 off 0.27414998542389823 neg 0.24081133823652986	false	0.5
unzufriedenheit	neg 1.0		__DUMMY__ 0.48812259274657366 off 0.26334477081097807 neg 0.24853263644244838	false	0.5
kurz	neg 1.0		__DUMMY__ 0.4890919090661 off 0.2684737741259215 neg 0.24243431680797833	false	0.5
unsinnig	neg 1.0		__DUMMY__ 0.4853432649397729 off 0.266956809684893 neg 0.24769992537533397	false	0.5
penner	off 1.0	off 1.0	off 0.631278710945328 __DUMMY__ 0.2348274945863772 neg 0.13389379446829486	false	1.0
seicht	neg 1.0		__DUMMY__ 0.478193793202852 off 0.2839467822701729 neg 0.2378594245269751	false	0.5
dummheit	off 1.0	off 1.0	off 0.6245806380135362 __DUMMY__ 0.23703727866522128 neg 0.13838208332124255	false	1.0
unerfreulich	neg 1.0		__DUMMY__ 0.4892872565597036 off 0.2633892411246037 neg 0.2473235023156926	false	0.5
motherfucker	off 1.0	off 1.0	off 0.6271049819972171 __DUMMY__ 0.23588151146602895 neg 0.13701350653675393	false	1.0
pikiert	neg 1.0		__DUMMY__ 0.4827570477263149 off 0.2748038504704213 neg 0.24243910180326395	false	0.5
wrack	neg 1.0		__DUMMY__ 0.4895259356774901 off 0.2655705213133187 neg 0.2449035430091913	false	0.5
gangster	neg 1.0		__DUMMY__ 0.4856649154116861 off 0.27237174381727114 neg 0.24196334077104292	false	0.5
krank	neg 1.0		__DUMMY__ 0.4849963833898474 off 0.27744386363804 neg 0.23755975297211265	false	0.5
reich	neg 1.0		__DUMMY__ 0.48233161187161316 off 0.27294602036601967 neg 0.24472236776236717	false	0.5
gnadenlos	neg 1.0		__DUMMY__ 0.4865276895044397 off 0.2705894256908674 neg 0.24288288480469297	false	0.5
niedergeschlagen	neg 1.0		__DUMMY__ 0.48932379753564664 off 0.269008155305085 neg 0.24166804715926846	false	0.5
terrorisieren	off 1.0	off 1.0	off 0.6211384383182745 __DUMMY__ 0.2393428892420333 neg 0.13951867243969213	false	1.0
sinnlosigkeit	neg 1.0		__DUMMY__ 0.48676040183734925 off 0.26708734666602196 neg 0.2461522514966287	false	0.5
behindern	neg 1.0		__DUMMY__ 0.4861838564198965 off 0.268264618153335 neg 0.24555152542676845	false	0.5
undemokratisch	neg 1.0		__DUMMY__ 0.4836555084507561 off 0.2691737410779568 neg 0.2471707504712871	false	0.5
wirtschaftskrise	neg 1.0		__DUMMY__ 0.4865691230705525 off 0.2653018937977407 neg 0.24812898313170684	false	0.5
neid	neg 1.0		__DUMMY__ 0.48670175566624335 off 0.27554099398933307 neg 0.23775725034442347	false	0.5
rutschen	neg 1.0		__DUMMY__ 0.4931700861784844 off 0.26307488681517904 neg 0.24375502700633636	false	0.5
rezession	neg 1.0		__DUMMY__ 0.4810343976473465 off 0.2788834526004101 neg 0.2400821497522434	false	0.5
fehlgeburt	neg 1.0		__DUMMY__ 0.4881072230903636 off 0.27267962290578596 neg 0.2392131540038504	false	0.5
charakterschwach	off 1.0		__DUMMY__ 0.4835743809110115 off 0.2760658909310768 neg 0.2403597281579115	false	1.0
isolation	neg 1.0		__DUMMY__ 0.4857405006785458 off 0.2740594351279323 neg 0.24020006419352202	false	0.5
ablenkung	neg 1.0		__DUMMY__ 0.48687854188720275 off 0.26999059719748014 neg 0.24313086091531708	false	0.5
pech	neg 1.0		__DUMMY__ 0.4858280255847249 off 0.27402409373185127 neg 0.24014788068342385	false	0.5
vermeidung	neg 1.0		__DUMMY__ 0.48243499500129916 off 0.27576497166932745 neg 0.2418000333293733	false	0.5
dominieren	neg 1.0		__DUMMY__ 0.49009872110577235 off 0.2666412602917723 neg 0.2432600186024553	false	0.5
schwindlig	neg 1.0		__DUMMY__ 0.48903654529539486 off 0.2736930326271782 neg 0.23727042207742693	false	0.5
lutscher	neg 1.0		__DUMMY__ 0.4783949397798761 off 0.28484814585333224 neg 0.2367569143667917	false	0.5
pflicht	neg 1.0		__DUMMY__ 0.48764020685258025 off 0.26366666395354904 neg 0.24869312919387068	false	0.5
faschist	off 1.0		__DUMMY__ 0.4827776580403814 off 0.2715149355157512 neg 0.2457074064438673	false	1.0
verschleudern	neg 1.0		__DUMMY__ 0.4844852242212201 off 0.2634316203068117 neg 0.2520831554719681	false	0.5
wenn			__DUMMY__ 0.4848584855436182 off 0.27434087433007226 neg 0.24080064012630933	false	0.0
ehebruch	neg 1.0		__DUMMY__ 0.4875026849602143 off 0.265916303355497 neg 0.24658101168428875	false	0.5
spott	off 1.0		__DUMMY__ 0.4866188493625111 off 0.26484509852662175 neg 0.24853605211086707	false	1.0
trostlosigkeit	neg 1.0		__DUMMY__ 0.48937967140520766 off 0.2629976683169368 neg 0.24762266027785576	false	0.5
lutschen	neg 1.0		__DUMMY__ 0.4848107296253047 off 0.2718951955881481 neg 0.24329407478654708	false	0.5
undiszipliniert	neg 1.0		__DUMMY__ 0.48402668751929195 off 0.2781111767753183 neg 0.23786213570538992	false	0.5
kopfschmerz	neg 1.0		__DUMMY__ 0.489469573233626 off 0.2688855669211791 neg 0.24164485984519496	false	0.5
unvorhergesehen	neg 1.0		__DUMMY__ 0.49115298810313884 off 0.2666825579520827 neg 0.2421644539447784	false	0.5
desinteressiert	neg 1.0		__DUMMY__ 0.48264834715018506 off 0.27733474420554444 neg 0.24001690864427058	false	0.5
armselig	off 1.0		__DUMMY__ 0.48095351261313063 off 0.27781958885301145 neg 0.24122689853385798	false	1.0
desaster	neg 1.0		__DUMMY__ 0.48837098936017587 off 0.26102109721479017 neg 0.25060791342503397	false	0.5
tod	neg 1.0		__DUMMY__ 0.48990115431447157 off 0.2667930466050581 neg 0.2433057990804703	false	0.5
herzlos	neg 1.0		__DUMMY__ 0.48200894963141455 off 0.2788934324259291 neg 0.23909761794265622	false	0.5
unwissenheit	neg 1.0		__DUMMY__ 0.4852625591750725 off 0.2661365732089612 neg 0.2486008676159662	false	0.5
widersinnig	neg 1.0	neg 1.0	neg 0.6125191949260905 __DUMMY__ 0.23650152990601636 off 0.15097927516789306	false	1.0
bedenklich	neg 1.0		__DUMMY__ 0.4868285540464714 off 0.2653117487195658 neg 0.24785969723396276	false	0.5
beanstanden	neg 1.0		__DUMMY__ 0.4880137525654186 off 0.26303709316527135 neg 0.24894915426930994	false	0.5
panisch	neg 1.0	neg 1.0	neg 0.6044938101407664 __DUMMY__ 0.23985270131480171 off 0.15565348854443195	false	1.0
debil	off 1.0		__DUMMY__ 0.4911891846070415 off 0.2582586337741173 neg 0.25055218161884135	false	1.0
abstrich	neg 1.0		__DUMMY__ 0.48654477129658963 off 0.265564627989528 neg 0.2478906007138824	false	0.5
primitiv	neg 1.0		__DUMMY__ 0.48255366334158617 off 0.27659688332101856 neg 0.2408494533373952	false	0.5
abschaum	off 1.0	off 1.0	off 0.6259441449760745 __DUMMY__ 0.23664850000858148 neg 0.13740735501534404	false	1.0
provozieren	neg 1.0		__DUMMY__ 0.4856823042744751 off 0.27002716250545256 neg 0.2442905332200722	false	0.5
tot	neg 1.0		__DUMMY__ 0.4864364256595332 off 0.26451599748346366 neg 0.24904757685700304	false	0.5
instabil	neg 1.0		__DUMMY__ 0.4802642053029326 off 0.27529280664341893 neg 0.24444298805364859	false	0.5
schwuchtel	off 1.0		__DUMMY__ 0.47663849923393253 off 0.289762533663596 neg 0.2335989671024715	false	1.0
zerren	neg 1.0		__DUMMY__ 0.4892432463066064 off 0.26909083558580127 neg 0.24166591810759214	false	0.5
kinderficker	off 1.0		__DUMMY__ 0.47903800683793657 off 0.2800031322508088 neg 0.24095886091125465	false	1.0
gefahr	neg 1.0		__DUMMY__ 0.489292814399446 off 0.2639927699661545 neg 0.24671441563439944	false	0.5
rabiat	neg 1.0		__DUMMY__ 0.4859955516158843 off 0.2693418391027193 neg 0.24466260928139635	false	0.5
verlangsamung	neg 1.0		__DUMMY__ 0.48079429101213556 off 0.2829542297035814 neg 0.23625147928428297	false	0.5
ausgestorben	neg 1.0		__DUMMY__ 0.4880604691828231 off 0.26940557497396356 neg 0.24253395584321344	false	0.5
anklagen	neg 1.0		__DUMMY__ 0.48674253264523776 off 0.26737232229005203 neg 0.24588514506471026	false	0.5
trott	neg 1.0		__DUMMY__ 0.4873332709689989 off 0.2689897917443215 neg 0.24367693728667952	false	0.5
verminderung	neg 1.0		__DUMMY__ 0.48189357029114743 off 0.2764952551753208 neg 0.24161117453353156	false	0.5
nach			__DUMMY__ 0.4950733709539383 off 0.2618306517405636 neg 0.24309597730549806	false	0.0
rost	neg 1.0		__DUMMY__ 0.4818024417095755 off 0.281797957658958 neg 0.23639960063146645	false	0.5
destruktiv	neg 1.0		__DUMMY__ 0.4843060498083708 off 0.26801696913704365 neg 0.2476769810545854	false	0.5
unzumutbarkeit	neg 1.0		__DUMMY__ 0.4849997543777097 off 0.2746942355166745 neg 0.24030601010561575	false	0.5
labil	off 1.0	off 1.0	off 0.6258786139730759 __DUMMY__ 0.23669921994549367 neg 0.13742216608143049	false	1.0
ziemlich	neg 1.0		__DUMMY__ 0.48467712884289876 off 0.2763032957662586 neg 0.23901957539084276	false	0.5
lachnummer	off 1.0		__DUMMY__ 0.48526871784215947 off 0.2686681381833214 neg 0.24606314397451903	false	1.0
oder			__DUMMY__ 0.48750258234072924 off 0.27020135047729577 neg 0.24229606718197502	false	0.0
verfall	neg 1.0		__DUMMY__ 0.4901525994379982 off 0.2589463266992857 neg 0.2509010738627161	false	0.5
ausgrenzung	neg 1.0		__DUMMY__ 0.48406101441288535 off 0.2702931796614985 neg 0.24564580592561605	false	0.5
unordnung	neg 1.0		__DUMMY__ 0.4846808121842232 off 0.2755238546142704 neg 0.23979533320150642	false	0.5
fehlverhalten	neg 1.0		__DUMMY__ 0.48755211610964033 off 0.2640388883471082 neg 0.24840899554325158	false	0.5
eine			__DUMMY__ 0.4889106366662559 off 0.26376500136519304 neg 0.24732436196855095	false	0.0
nille	neg 1.0		__DUMMY__ 0.48688409143243055 off 0.2680935893933009 neg 0.24502231917426867	false	0.5
qual	neg 1.0		__DUMMY__ 0.48728204506447775 off 0.2687378371928032 neg 0.243980117742719	false	0.5
verschwenden	neg 1.0		__DUMMY__ 0.48718177716955563 off 0.26604806720625024 neg 0.24677015562419413	false	0.5
riesig	neg 1.0	neg 1.0	neg 0.6079245115511107 __DUMMY__ 0.24049420579640254 off 0.15158128265248677	false	1.0
verurteilen	neg 1.0		__DUMMY__ 0.48683895220377466 off 0.2668568200271279 neg 0.24630422776909736	false	0.5
klischee	neg 1.0	neg 1.0	neg 0.6085299795446368 __DUMMY__ 0.23647937653617138 off 0.1549906439191917	false	1.0
diktatorisch	neg 1.0		__DUMMY__ 0.4829476848119701 off 0.2695846540697609 neg 0.247467661118269	false	0.5
vorhersehbar	neg 1.0	neg 1.0	neg 0.6081367852251982 __DUMMY__ 0.23709531737616674 off 0.15476789739863514	false	1.0
sowie			__DUMMY__ 0.4808574757902187 off 0.2807515300843908 neg 0.23839099412539042	false	0.0
stornieren	neg 1.0		__DUMMY__ 0.48932260920561255 off 0.27144844944112817 neg 0.23922894135325928	false	0.5
besteuerung	neg 1.0		__DUMMY__ 0.4834751910731984 off 0.26888244030244485 neg 0.24764236862435668	false	0.5
ungeschminkt	neg 1.0		__DUMMY__ 0.4831288004639936 off 0.2759215280785145 neg 0.2409496714574921	false	0.5
kritisch	neg 1.0		__DUMMY__ 0.4866655631066914 off 0.2649687255430045 neg 0.2483657113503041	false	0.5
schlamperei	off 1.0		__DUMMY__ 0.4866801554019816 off 0.26363890783489446 neg 0.24968093676312408	false	1.0
sucht	neg 1.0	neg 1.0	neg 0.607350167009561 __DUMMY__ 0.23930625540709133 off 0.15334357758334768	false	1.0
egoistisch	off 1.0		__DUMMY__ 0.4815166872883477 off 0.2817408779057914 neg 0.23674243480586094	false	1.0
ausbeuter	off 1.0		__DUMMY__ 0.486554854719322 off 0.26345195087356926 neg 0.24999319440710857	false	1.0
arschgeburt	off 1.0		__DUMMY__ 0.47608274432806413 off 0.28968966571431964 neg 0.23422758995761625	false	1.0
schubs	neg 1.0	neg 1.0	neg 0.6072542506134297 __DUMMY__ 0.24040107301951455 off 0.15234467636705562	false	1.0
unsolide	neg 1.0		__DUMMY__ 0.48040468740638204 off 0.26911813229958775 neg 0.2504771802940301	false	0.5
beschwerde	neg 1.0		__DUMMY__ 0.4869364086697018 off 0.264004512862751 neg 0.24905907846754724	false	0.5
stocken	neg 1.0		__DUMMY__ 0.4884084656097003 off 0.2653924804216122 neg 0.24619905396868771	false	0.5
isolieren	neg 1.0		__DUMMY__ 0.4875029733985791 off 0.26646076529626506 neg 0.2460362613051558	false	0.5
unheilbar	neg 1.0		__DUMMY__ 0.4886061318480604 off 0.2710424437362011 neg 0.24035142441573848	false	0.5
pisser	off 1.0		__DUMMY__ 0.4839090124509686 off 0.2775310646471514 neg 0.23855992290187997	false	1.0
löschen	neg 1.0		__DUMMY__ 0.48691410040834965 off 0.269412415149252 neg 0.24367348444239842	false	0.5
durchfallen	neg 1.0		__DUMMY__ 0.4857471884884145 off 0.2662548648595419 neg 0.24799794665204372	false	0.5
wichser	off 1.0		__DUMMY__ 0.4794342357522664 off 0.2868332944981203 neg 0.23373246974961345	false	1.0
terror	neg 1.0		__DUMMY__ 0.48668323457440055 off 0.2728771046516883 neg 0.2404396607739111	false	0.5
krass	neg 1.0		__DUMMY__ 0.4819120790972045 off 0.2794360366227997 neg 0.2386518842799957	false	0.5
revolte	neg 1.0		__DUMMY__ 0.48398310585877136 off 0.27100229994324826 neg 0.24501459419798036	false	0.5
besorgt	neg 1.0		__DUMMY__ 0.48993844904783235 off 0.26828843055289714 neg 0.2417731203992704	false	0.5
nachlassen	neg 1.0		__DUMMY__ 0.48877703438468717 off 0.2650902772774033 neg 0.2461326883379096	false	0.5
alt	neg 1.0		__DUMMY__ 0.4884758040992041 off 0.26626772778420815 neg 0.24525646811658777	false	0.5
hundesohn	off 1.0		__DUMMY__ 0.47843782303710364 off 0.28435455962755973 neg 0.2372076173353366	false	1.0
als			__DUMMY__ 0.48856269430515253 off 0.26796656163951477 neg 0.2434707440553326	false	0.0
abschreckung	neg 1.0		__DUMMY__ 0.4890640954145084 off 0.26288044728207316 neg 0.2480554573034185	false	0.5
unqualifiziert	neg 1.0		__DUMMY__ 0.4817369086240748 off 0.27165113255606244 neg 0.2466119588198628	false	0.5
abgewichst	off 1.0		__DUMMY__ 0.48739117051300923 off 0.26752389488130957 neg 0.24508493460568112	false	1.0
schwer	neg 1.0		__DUMMY__ 0.48731808332666715 off 0.26969371585497437 neg 0.24298820081835848	false	0.5
bedeutungslosigkeit	neg 1.0		__DUMMY__ 0.4881132476657753 off 0.26360742015468686 neg 0.2482793321795379	false	0.5
kapitulation	neg 1.0		__DUMMY__ 0.4859728623641476 off 0.264474835748143 neg 0.24955230188770944	false	0.5
unscharf	neg 1.0		__DUMMY__ 0.48513926779702105 off 0.2718821093709833 neg 0.2429786228319956	false	0.5
schwinden	neg 1.0		__DUMMY__ 0.4888294147023459 off 0.26377273283722147 neg 0.24739785246043244	false	0.5
versklavung	neg 1.0		__DUMMY__ 0.4835987072723316 off 0.2694108208507684 neg 0.24699047187690001	false	0.5
schlecht	neg 1.0		__DUMMY__ 0.48490601188288474 off 0.27652413296417405 neg 0.23856985515294113	false	0.5
verhasst	neg 1.0		__DUMMY__ 0.4856506513766068 off 0.27048922537298453 neg 0.24386012325040854	false	0.5
beschweren	neg 1.0		__DUMMY__ 0.48587830045489255 off 0.27160352226435075 neg 0.2425181772807566	false	0.5
scheiden	neg 1.0		__DUMMY__ 0.4891220803098479 off 0.27080891464538515 neg 0.2400690050447671	false	0.5
frustriert	neg 1.0		__DUMMY__ 0.4874154731622218 off 0.26840336897848077 neg 0.24418115785929756	false	0.5
schimmelig	neg 1.0		__DUMMY__ 0.489269939534592 off 0.26577334177902584 neg 0.2449567186863821	false	0.5
fisch	neg 1.0		__DUMMY__ 0.4907270701418775 off 0.264655940688318 neg 0.24461698916980465	false	0.5
schmuggel	neg 1.0		__DUMMY__ 0.49154703769693886 off 0.2649806240444183 neg 0.24347233825864295	false	0.5
auffallen	neg 1.0		__DUMMY__ 0.48570010249701234 off 0.2723761776742044 neg 0.24192371982878327	false	0.5
konkurrenz	neg 1.0	neg 1.0	neg 0.610887223209267 __DUMMY__ 0.23994079543569102 off 0.149171981355042	false	1.0
teufelskreis	neg 1.0		__DUMMY__ 0.4870942842566342 off 0.268945919859652 neg 0.24395979588371366	false	0.5
aufschreien	neg 1.0		__DUMMY__ 0.4848657370313246 off 0.2719059656697365 neg 0.2432282972989388	false	0.5
schuldner	neg 1.0		__DUMMY__ 0.4884034738324429 off 0.26386314541171035 neg 0.2477333807558467	false	0.5
missgeburt	off 1.0	off 1.0	off 0.6296142876268318 __DUMMY__ 0.23520198717085375 neg 0.13518372520231442	false	1.0
arbeitslos	neg 1.0		__DUMMY__ 0.4859124316793601 off 0.26664506075738237 neg 0.24744250756325767	false	0.5
befallen	neg 1.0		__DUMMY__ 0.4874182015951304 off 0.26779834539143393 neg 0.24478345301343565	false	0.5
miesepetrig	off 1.0	off 1.0	off 0.6270682832757095 __DUMMY__ 0.2374841793303127 neg 0.13544753739397788	false	1.0
alarmieren	neg 1.0		__DUMMY__ 0.4836207528593655 off 0.2738811143059539 neg 0.24249813283468064	false	0.5
ungeduscht	off 1.0		__DUMMY__ 0.4860443084834863 off 0.27390905350805284 neg 0.2400466380084609	false	1.0
knappheit	neg 1.0		__DUMMY__ 0.486014888013281 off 0.2645589720418675 neg 0.24942613994485147	false	0.5
schlange	neg 1.0		__DUMMY__ 0.4881758980108794 off 0.2724200992854058 neg 0.23940400270371479	false	0.5
harsch	neg 1.0		__DUMMY__ 0.48360497959351617 off 0.2807772805143687 neg 0.23561773989211504	false	0.5
lang	neg 1.0		__DUMMY__ 0.48703545071327736 off 0.2700193673411546 neg 0.24294518194556808	false	0.5
ziellos	neg 1.0		__DUMMY__ 0.48954419799087534 off 0.2676273084324838 neg 0.24282849357664082	false	0.5
selbstverliebt	neg 1.0		__DUMMY__ 0.4771273527631604 off 0.2869904567600351 neg 0.2358821904768046	false	0.5
beseitigen	neg 1.0		__DUMMY__ 0.48691189039728033 off 0.268263331937779 neg 0.24482477766494073	false	0.5
dumm	off 1.0		__DUMMY__ 0.4801314131984281 off 0.2823773488468017 neg 0.2374912379547703	false	1.0
arbeitsloser	neg 1.0		__DUMMY__ 0.4878702076320166 off 0.26635583148272945 neg 0.24577396088525388	false	0.5
blitzen	neg 1.0		__DUMMY__ 0.48552129696702573 off 0.2730054722533634 neg 0.24147323077961105	false	0.5
hilflos	neg 1.0		__DUMMY__ 0.48807048662920555 off 0.26812783921782646 neg 0.24380167415296805	false	0.5
eklig	off 1.0		__DUMMY__ 0.48090149738379984 off 0.2835516803184224 neg 0.23554682229777774	false	1.0
begriff			__DUMMY__ 0.48585819334988783 off 0.2676634049862255 neg 0.24647840166388665	false	0.0
hungersnot	neg 1.0		__DUMMY__ 0.48824768888330483 off 0.2678937310859014 neg 0.2438585800307939	false	0.5
ungesetzlich	neg 1.0		__DUMMY__ 0.48130131173196067 off 0.2697660589767204 neg 0.24893262929131907	false	0.5
verschwendung	neg 1.0		__DUMMY__ 0.4881478312560252 off 0.26489905186694024 neg 0.24695311687703467	false	0.5
schmerzvoll	neg 1.0		__DUMMY__ 0.48637354384904835 off 0.2717597357462584 neg 0.24186672040469337	false	0.5
vorzeitig	neg 1.0		__DUMMY__ 0.48709573652635624 off 0.27360533380179486 neg 0.239298929671849	false	0.5
unvollkommenheit	neg 1.0		__DUMMY__ 0.4914888150596201 off 0.26850211977104066 neg 0.24000906516933906	false	0.5
intervenieren	neg 1.0		__DUMMY__ 0.4862734686625033 off 0.2636914793750903 neg 0.25003505196240644	false	0.5
banause	off 1.0		__DUMMY__ 0.4784509244458396 off 0.2850546190286526 neg 0.23649445652550785	false	1.0
rebell	neg 1.0		__DUMMY__ 0.4895378430901705 off 0.2612092192965853 neg 0.24925293761324416	false	0.5
unlogisch	neg 1.0		__DUMMY__ 0.4822151953542108 off 0.2785856632034464 neg 0.2391991414423426	false	0.5
leiden	neg 1.0		__DUMMY__ 0.49227856346035925 off 0.26592345986968763 neg 0.2417979766699531	false	0.5
abschaffung	neg 1.0		__DUMMY__ 0.48372985152799797 off 0.26878500966081165 neg 0.2474851388111905	false	0.5
sturz	neg 1.0		__DUMMY__ 0.4881375250222197 off 0.2699860191343173 neg 0.241876455843463	false	0.5
verkleinerung	neg 1.0		__DUMMY__ 0.4823527712199301 off 0.2714281543567388 neg 0.24621907442333102	false	0.5
schmarotzer	off 1.0		__DUMMY__ 0.4853909186111564 off 0.26626318594816095 neg 0.2483458954406828	false	1.0
bestrafung	neg 1.0		__DUMMY__ 0.48580551338393585 off 0.2709376512388943 neg 0.2432568353771698	false	0.5
achtlos	neg 1.0		__DUMMY__ 0.48819970452744665 off 0.2699822716294178 neg 0.24181802384313553	false	0.5
ungeheuer	neg 1.0		__DUMMY__ 0.48568663404781875 off 0.27299983220866375 neg 0.24131353374351736	false	0.5
unaufrichtig	neg 1.0		__DUMMY__ 0.48446451248160616 off 0.27142416440212136 neg 0.2441113231162725	false	0.5
groggy	neg 1.0		__DUMMY__ 0.48496575956165955 off 0.2721934320655405 neg 0.24284080837279995	false	0.5
verletzlich	neg 1.0		__DUMMY__ 0.48359673720245305 off 0.27746314113516696 neg 0.23894012166237993	false	0.5
