unsolidarisch	neg 1.0		off 0.4965266077193527 neg 0.46015294480241753 __DUMMY__ 0.04332044747822975	false	0.5
nachteilig	neg 1.0		off 0.49618104814106134 neg 0.4599970499942157 __DUMMY__ 0.04382190186472289	false	0.5
skeptisch	neg 1.0		off 0.49559583102192806 neg 0.46053271587299127 __DUMMY__ 0.043871453105080796	false	0.5
schrecklich	neg 1.0		off 0.5102639760747847 neg 0.44639264729907246 __DUMMY__ 0.043343376626143015	false	0.5
schlapp	neg 1.0		off 0.5071564751512859 neg 0.4492058085541551 __DUMMY__ 0.043637716294558954	false	0.5
abfall	neg 1.0		off 0.4941870579824496 neg 0.4617342666610603 __DUMMY__ 0.04407867535649011	false	0.5
widerspenstig	neg 1.0		off 0.5018415134242591 neg 0.4543634705537753 __DUMMY__ 0.043795016021965595	false	0.5
abrupt	neg 1.0		off 0.4983870132072692 neg 0.45755372042366166 __DUMMY__ 0.04405926636906917	false	0.5
unwirksam	neg 1.0		off 0.49761601920820886 neg 0.45897007171924065 __DUMMY__ 0.04341390907255053	false	0.5
angreifen	neg 1.0	neg 1.0	neg 0.7148328681246054 off 0.26408904832481955 __DUMMY__ 0.02107808355057495	false	1.0
inkonsistent	neg 1.0		off 0.5016600366758898 neg 0.454666463173951 __DUMMY__ 0.04367350015015915	false	0.5
abrutschen	neg 1.0		off 0.4944884005330204 neg 0.4614458884165588 __DUMMY__ 0.04406571105042079	false	0.5
unsicher	neg 1.0		off 0.5021832550668266 neg 0.45397832118173176 __DUMMY__ 0.04383842375144155	false	0.5
bauernkind	off 1.0	off 1.0	off 0.7403704491053263 neg 0.23895831396008715 __DUMMY__ 0.020671236934586387	false	1.0
angreifer	neg 1.0		off 0.5037436058261403 neg 0.45242400310983216 __DUMMY__ 0.043832391064027525	false	0.5
trennen	neg 1.0		off 0.4997013633918301 neg 0.4561329610974878 __DUMMY__ 0.0441656755106821	false	0.5
schmutz	neg 1.0		off 0.5080228622581703 neg 0.44778455781128473 __DUMMY__ 0.04419257993054491	false	0.5
inkonsistenz	neg 1.0		off 0.502353427010273 neg 0.45434490577857833 __DUMMY__ 0.04330166721114882	false	0.5
erschreckend	neg 1.0		off 0.49933431667060163 neg 0.4569518934353304 __DUMMY__ 0.04371378989406802	false	0.5
ertrinken	neg 1.0		off 0.4999466085265896 neg 0.4559650725143094 __DUMMY__ 0.044088318959100946	false	0.5
pickelface	off 1.0		off 0.4984792549601249 neg 0.4577678993902408 __DUMMY__ 0.043752845649634116	false	1.0
seiner			off 0.4976991161404055 neg 0.45828197494581346 __DUMMY__ 0.044018908913780984	false	0.0
lauch	neg 1.0		off 0.49271253889408045 neg 0.46340753684858077 __DUMMY__ 0.04387992425733878	false	0.5
unwichtig	neg 1.0		off 0.5052252584815189 neg 0.4512779735724151 __DUMMY__ 0.043496767946065974	false	0.5
steuerhinterziehung	neg 1.0		off 0.4973546365915281 neg 0.4590285231571006 __DUMMY__ 0.043616840251371226	false	0.5
schock	neg 1.0		off 0.5029447328962988 neg 0.45301927421918614 __DUMMY__ 0.04403599288451499	false	0.5
beule	neg 1.0		off 0.5078940358183717 neg 0.44843989963615377 __DUMMY__ 0.04366606454547454	false	0.5
vergelten	neg 1.0		off 0.5113152417442018 neg 0.4450371533313135 __DUMMY__ 0.04364760492448468	false	0.5
verdorbenheit	neg 1.0		off 0.5009508046676987 neg 0.4552576183208236 __DUMMY__ 0.04379157701147767	false	0.5
trauma	neg 1.0		off 0.5020886393538356 neg 0.45419968415283213 __DUMMY__ 0.04371167649333231	false	0.5
sinnlos	neg 1.0		off 0.5042444982363168 neg 0.4520197867920739 __DUMMY__ 0.04373571497160919	false	0.5
fettsack	off 1.0	off 1.0	off 0.7422888568625018 neg 0.23696803280238596 __DUMMY__ 0.02074311033511234	false	1.0
feige	off 1.0	off 1.0	off 0.7388825114437438 neg 0.24030575265049267 __DUMMY__ 0.020811735905763414	false	1.0
abdanken	neg 1.0		off 0.4988625144413917 neg 0.4574865318339566 __DUMMY__ 0.04365095372465164	false	0.5
wichtigtuer	off 1.0	off 1.0	off 0.7374554707699239 neg 0.24165508110648576 __DUMMY__ 0.02088944812359039	false	1.0
misslingen	neg 1.0		off 0.5054647185946313 neg 0.4504845252256531 __DUMMY__ 0.04405075617971568	false	0.5
untreu	off 1.0		off 0.5066151516575339 neg 0.449920484023999 __DUMMY__ 0.0434643643184672	false	1.0
missmutig	neg 1.0		off 0.5063594737927934 neg 0.4500472357634931 __DUMMY__ 0.04359329044371352	false	0.5
hurenbock	off 1.0		off 0.5031479091187498 neg 0.4530948119171867 __DUMMY__ 0.043757278964063596	false	1.0
betrunken	neg 1.0		off 0.5104566931435731 neg 0.445904094427681 __DUMMY__ 0.04363921242874578	false	0.5
korrupt	off 1.0		off 0.4951406419542846 neg 0.4613724737446568 __DUMMY__ 0.043486884301058695	false	1.0
unmut	neg 1.0		off 0.49342591879915304 neg 0.46258194292226723 __DUMMY__ 0.04399213827857961	false	0.5
hackfresse	off 1.0		off 0.5125870938330036 neg 0.44430659497279834 __DUMMY__ 0.04310631119419811	false	1.0
aufblasen	neg 1.0		off 0.5043067923579448 neg 0.4518323798949883 __DUMMY__ 0.0438608277470668	false	0.5
gewaltsam	neg 1.0		off 0.5005932069814684 neg 0.4555942542218757 __DUMMY__ 0.0438125387966559	false	0.5
unbeliebtheit	neg 1.0		off 0.4996309096677758 neg 0.4573651069803987 __DUMMY__ 0.043003983351825495	false	0.5
sturheit	neg 1.0		off 0.49906347419329683 neg 0.4572448591345025 __DUMMY__ 0.043691666672200535	false	0.5
kuh	neg 1.0		off 0.5001279318895321 neg 0.45632984904125795 __DUMMY__ 0.043542219069210006	false	0.5
erschrecken	neg 1.0		off 0.5059469802906671 neg 0.45040014047360966 __DUMMY__ 0.0436528792357232	false	0.5
opfer	neg 1.0		off 0.498880137711418 neg 0.45713766113621573 __DUMMY__ 0.04398220115236628	false	0.5
sinken	neg 1.0		off 0.4940666748111104 neg 0.46195761176714684 __DUMMY__ 0.04397571342174294	false	0.5
stinktier	neg 1.0		off 0.5099117637399809 neg 0.44685899029057113 __DUMMY__ 0.043229245969447994	false	0.5
tucke	off 1.0		off 0.5105102261738413 neg 0.44666589510218 __DUMMY__ 0.04282387872397853	false	1.0
ein			off 0.5028237367884001 neg 0.4533770744946313 __DUMMY__ 0.043799188716968654	false	0.0
abstieg	neg 1.0		off 0.49950061217576 neg 0.4563424008790843 __DUMMY__ 0.044156986945155706	false	0.5
missverstehen	neg 1.0		off 0.5025501522252667 neg 0.4539170859199439 __DUMMY__ 0.04353276185478953	false	0.5
ergebnislos	neg 1.0		off 0.49650853152260066 neg 0.4596096870614189 __DUMMY__ 0.04388178141598042	false	0.5
unter			off 0.4927771362581628 neg 0.4627261105329965 __DUMMY__ 0.044496753208840674	false	0.0
manipulieren	neg 1.0		off 0.49609576277288303 neg 0.45999662031740335 __DUMMY__ 0.04390761690971344	false	0.5
unbewiesen	neg 1.0		off 0.49673822955668234 neg 0.4599596306613496 __DUMMY__ 0.04330213978196793	false	0.5
verschleppen	neg 1.0		off 0.49848689420332204 neg 0.4576523873179781 __DUMMY__ 0.04386071847869986	false	0.5
weib	off 1.0		off 0.5127327663077557 neg 0.44414301061109746 __DUMMY__ 0.04312422308114678	false	1.0
opposition	neg 1.0		off 0.5017722717790956 neg 0.45465802240764985 __DUMMY__ 0.04356970581325469	false	0.5
verkehrswidrig	neg 1.0	neg 1.0	neg 0.7055151127463736 off 0.2734265393675744 __DUMMY__ 0.021058347886051952	false	1.0
inkorrekt	neg 1.0		off 0.5052858098070174 neg 0.4515385478109977 __DUMMY__ 0.04317564238198491	false	0.5
vermeiden	neg 1.0		off 0.4933343742320109 neg 0.4624217065880322 __DUMMY__ 0.044243919179956896	false	0.5
abweichung	neg 1.0		off 0.49588141945727165 neg 0.46036347888470597 __DUMMY__ 0.043755101658022336	false	0.5
alkoholisiert	neg 1.0		off 0.5007223719004665 neg 0.4549446435808314 __DUMMY__ 0.044332984518701934	false	0.5
scheiss	off 1.0	off 1.0	off 0.7401590578436621 neg 0.23892963153850275 __DUMMY__ 0.02091131061783521	false	1.0
herausforderung	neg 1.0	neg 1.0	neg 0.7121804308026081 off 0.2664907097679868 __DUMMY__ 0.021328859429405128	false	1.0
pervers	off 1.0		off 0.5159680896349613 neg 0.4410102216836982 __DUMMY__ 0.043021688681340486	false	1.0
wackelig	neg 1.0		off 0.5015987015036991 neg 0.45428974278423845 __DUMMY__ 0.044111555712062295	false	0.5
verwickeln	neg 1.0		off 0.5024279001224677 neg 0.4540368026677245 __DUMMY__ 0.04353529720980759	false	0.5
vorwand	neg 1.0		off 0.4955541775957956 neg 0.4604874118373411 __DUMMY__ 0.04395841056686325	false	0.5
muschi	off 1.0		off 0.4988682172891023 neg 0.4573927440799069 __DUMMY__ 0.04373903863099092	false	1.0
entmutigung	neg 1.0		off 0.5006961971467752 neg 0.4557883544688946 __DUMMY__ 0.04351544838433034	false	0.5
unangemessen	neg 1.0		off 0.4977858296385515 neg 0.45853830734150913 __DUMMY__ 0.04367586301993944	false	0.5
unstetig	neg 1.0		off 0.5029034738864989 neg 0.45331909037279317 __DUMMY__ 0.04377743574070794	false	0.5
entmutigen	neg 1.0		off 0.5020456506073621 neg 0.4543016922461152 __DUMMY__ 0.04365265714652288	false	0.5
schwanz	neg 1.0		off 0.49654896990093905 neg 0.45953878925007874 __DUMMY__ 0.04391224084898213	false	0.5
verbot	neg 1.0		off 0.49637749305077394 neg 0.45997301400949864 __DUMMY__ 0.0436494929397274	false	0.5
leid	neg 1.0		off 0.5119788551189254 neg 0.4446671323198535 __DUMMY__ 0.04335401256122112	false	0.5
archaisch	neg 1.0		off 0.49899260407409 neg 0.4572018082156091 __DUMMY__ 0.043805587710300985	false	0.5
gegen			off 0.49596902710390445 neg 0.45993366338790004 __DUMMY__ 0.04409730950819543	false	0.0
scheidung	neg 1.0		off 0.5195591898526529 neg 0.4375033848417182 __DUMMY__ 0.04293742530562903	false	0.5
einschlag	neg 1.0	neg 1.0	neg 0.7081454275720336 off 0.27100564739452354 __DUMMY__ 0.020848925033442774	false	1.0
m			off 0.4998186915051879 neg 0.4562574809569588 __DUMMY__ 0.0439238275378533	false	0.0
abgestanden	neg 1.0		off 0.5036403071619746 neg 0.4524875492903031 __DUMMY__ 0.043872143547722287	false	0.5
schmierig	off 1.0		off 0.5116517549748504 neg 0.4449571156351889 __DUMMY__ 0.04339112938996067	false	1.0
unpraktisch	neg 1.0		off 0.5040297806992683 neg 0.45208747396978144 __DUMMY__ 0.04388274533095024	false	0.5
wixxer	off 1.0		off 0.5147650889958153 neg 0.44230141332424266 __DUMMY__ 0.042933497679941916	false	1.0
bezeichnet			off 0.4998730781113205 neg 0.45644240291236354 __DUMMY__ 0.043684518976315964	false	0.0
jammerlappen	off 1.0		off 0.5057501423926606 neg 0.45072235800760885 __DUMMY__ 0.043527499599730665	false	1.0
farce	neg 1.0		off 0.49641909259110206 neg 0.4600345197237763 __DUMMY__ 0.04354638768512165	false	0.5
zwecklos	neg 1.0		off 0.4984601800206242 neg 0.4577931394066806 __DUMMY__ 0.04374668057269506	false	0.5
turbulent	neg 1.0		off 0.5048679227277506 neg 0.45176845041801206 __DUMMY__ 0.04336362685423729	false	0.5
invasion	neg 1.0		off 0.5039509395725329 neg 0.4523496567443538 __DUMMY__ 0.043699403683113376	false	0.5
schuld	neg 1.0		off 0.5019350643929829 neg 0.45436163651057165 __DUMMY__ 0.04370329909644539	false	0.5
risiko	neg 1.0		off 0.5020383209301231 neg 0.4541618161913067 __DUMMY__ 0.04379986287857014	false	0.5
finster	neg 1.0		off 0.5032394034809029 neg 0.45296082582467956 __DUMMY__ 0.04379977069441754	false	0.5
geisteskrank	off 1.0		off 0.5063628837391593 neg 0.4502789661191195 __DUMMY__ 0.04335815014172129	false	1.0
zusammenbrechen	neg 1.0		off 0.5008715127496169 neg 0.45521541805225274 __DUMMY__ 0.043913069198130206	false	0.5
ausbeute	neg 1.0		off 0.4979340068890845 neg 0.45802419644770687 __DUMMY__ 0.044041796663208586	false	0.5
hinterhalt	neg 1.0		off 0.49946392580966564 neg 0.45670364197781066 __DUMMY__ 0.04383243221252367	false	0.5
kritik	neg 1.0		off 0.496760076511295 neg 0.4596374643757705 __DUMMY__ 0.04360245911293456	false	0.5
einschrumpfen	neg 1.0		off 0.5011466461837667 neg 0.45551482071276206 __DUMMY__ 0.04333853310347119	false	0.5
riskant	neg 1.0		off 0.4973199986562688 neg 0.4588193937755927 __DUMMY__ 0.04386060756813852	false	0.5
frustrieren	neg 1.0		off 0.49760266294180977 neg 0.45853365494836684 __DUMMY__ 0.043863682109823346	false	0.5
groll	neg 1.0		off 0.4989543168641669 neg 0.4572100463647896 __DUMMY__ 0.04383563677104361	false	0.5
gibt			off 0.499009583289022 neg 0.4572088359032824 __DUMMY__ 0.043781580807695494	false	0.0
qualvoll	neg 1.0		off 0.5061851211683913 neg 0.450040528224542 __DUMMY__ 0.043774350607066644	false	0.5
wackeln	neg 1.0	neg 1.0	neg 0.7102694454205052 off 0.2685958477291408 __DUMMY__ 0.02113470685035396	false	1.0
klagen	neg 1.0		off 0.4935656413510786 neg 0.46249190838005055 __DUMMY__ 0.043942450268870836	false	0.5
bankrott	neg 1.0		off 0.5054031471146163 neg 0.45096506338988623 __DUMMY__ 0.04363178949549736	false	0.5
trauern	neg 1.0		off 0.49918106972670795 neg 0.45678017764988055 __DUMMY__ 0.04403875262341165	false	0.5
ablehnung	neg 1.0		off 0.4967791121058631 neg 0.45962080738494004 __DUMMY__ 0.04360008050919683	false	0.5
stur	neg 1.0		off 0.5021602122235878 neg 0.4541962857567211 __DUMMY__ 0.043643502019691194	false	0.5
aufruhr	neg 1.0		off 0.5008922218929432 neg 0.45525344411415747 __DUMMY__ 0.043854333992899334	false	0.5
melancholie	neg 1.0		off 0.5003491832234336 neg 0.45566486797086286 __DUMMY__ 0.04398594880570357	false	0.5
ist			off 0.502870333181167 neg 0.45345504779754126 __DUMMY__ 0.04367461902129171	false	0.0
torheit	neg 1.0		off 0.5004781942050339 neg 0.4559440649480845 __DUMMY__ 0.04357774084688147	false	0.5
dreckskind	off 1.0		off 0.5111656314501506 neg 0.4456606573220632 __DUMMY__ 0.04317371122778613	false	1.0
umtauschen	neg 1.0		off 0.5014420897726348 neg 0.45474050231945556 __DUMMY__ 0.04381740790790961	false	0.5
zum			off 0.4956931349781106 neg 0.45984538153445753 __DUMMY__ 0.04446148348743177	false	0.0
zersetzen	neg 1.0		off 0.4952149818923495 neg 0.46095333153889095 __DUMMY__ 0.04383168656875954	false	0.5
zur			off 0.4924711654834883 neg 0.46328763703826237 __DUMMY__ 0.044241197478249235	false	0.0
frust	neg 1.0		off 0.5003783059807763 neg 0.45573230160521994 __DUMMY__ 0.04388939241400361	false	0.5
unerbittlichkeit	neg 1.0		off 0.4954029791320203 neg 0.460760581251154 __DUMMY__ 0.04383643961682589	false	0.5
zwei			off 0.49709876545175136 neg 0.4585864024951543 __DUMMY__ 0.04431483205309428	false	0.0
unkorrekt	neg 1.0		off 0.5053694732104549 neg 0.4515243498447778 __DUMMY__ 0.04310617694476728	false	0.5
hexe	off 1.0		off 0.5054731706529408 neg 0.45112713693010575 __DUMMY__ 0.04339969241695351	false	1.0
lasch	neg 1.0		off 0.5025255511436654 neg 0.45409567029071213 __DUMMY__ 0.04337877856562243	false	0.5
rivale	neg 1.0		off 0.5097338709303935 neg 0.44671609930048045 __DUMMY__ 0.043550029769126135	false	0.5
mutlos	off 1.0	off 1.0	off 0.7337744930045176 neg 0.24525137787160756 __DUMMY__ 0.020974129123874797	false	1.0
wirr	off 1.0		off 0.5063653972656413 neg 0.45047496153269334 __DUMMY__ 0.04315964120166519	false	1.0
jahr			off 0.4979043184734614 neg 0.45793665733496536 __DUMMY__ 0.04415902419157318	false	0.0
wird			off 0.4982090275978564 neg 0.45791281136274475 __DUMMY__ 0.04387816103939896	false	0.0
strafbar	neg 1.0		off 0.49655495363059277 neg 0.4596697781498031 __DUMMY__ 0.043775268219603994	false	0.5
erosion	neg 1.0		off 0.5030519807626622 neg 0.4530901313456503 __DUMMY__ 0.043857887891687555	false	0.5
eingehen	neg 1.0		off 0.4970780681358369 neg 0.4592150461131896 __DUMMY__ 0.043706885750973555	false	0.5
faul	off 1.0		off 0.5065798812902633 neg 0.44972271809777314 __DUMMY__ 0.04369740061196357	false	1.0
provisorium	neg 1.0		off 0.49159387479704075 neg 0.46399773302356817 __DUMMY__ 0.04440839217939107	false	0.5
schmerzen	neg 1.0		off 0.5020004613511793 neg 0.4541795610476446 __DUMMY__ 0.04381997760117609	false	0.5
schrumpfen	neg 1.0		off 0.49116431069605127 neg 0.46478431347336835 __DUMMY__ 0.04405137583058045	false	0.5
geistlos	off 1.0		off 0.5001789849946846 neg 0.4565236199162607 __DUMMY__ 0.04329739508905468	false	1.0
fehlkauf	neg 1.0		off 0.5024012211036315 neg 0.4539634199397728 __DUMMY__ 0.043635358956595593	false	0.5
frustrierend	neg 1.0		off 0.5059929397113782 neg 0.45032408747046304 __DUMMY__ 0.04368297281815902	false	0.5
unzufrieden	neg 1.0		off 0.4980625228664939 neg 0.45820858280543564 __DUMMY__ 0.043728894328070554	false	0.5
verzweifeln	neg 1.0		off 0.5010192757067061 neg 0.45518213538682234 __DUMMY__ 0.04379858890647168	false	0.5
verzweifelt	neg 1.0		off 0.5025586226991776 neg 0.45377044892062623 __DUMMY__ 0.0436709283801963	false	0.5
misstrauensantrag	neg 1.0		off 0.5030430656670507 neg 0.4533458035158751 __DUMMY__ 0.04361113081707425	false	0.5
abfallen	neg 1.0		off 0.504391973818512 neg 0.45172550517158716 __DUMMY__ 0.043882521009900775	false	0.5
fucker	off 1.0		off 0.5069231948778803 neg 0.4497103537357992 __DUMMY__ 0.043366451386320476	false	1.0
ungezogen	neg 1.0		off 0.514938364372083 neg 0.44191808759207024 __DUMMY__ 0.04314354803584683	false	0.5
irrsinnig	neg 1.0	neg 1.0	neg 0.7121634053641748 off 0.26690655973520366 __DUMMY__ 0.020930034900621664	false	1.0
unfassbar	neg 1.0		off 0.5057725758797083 neg 0.45079637743680406 __DUMMY__ 0.043431046683487746	false	0.5
hart	neg 1.0		off 0.504542082761706 neg 0.45187091696509946 __DUMMY__ 0.04358700027319445	false	0.5
widerlich	off 1.0		off 0.5061489378264251 neg 0.45050776951413674 __DUMMY__ 0.043343292659437996	false	1.0
fatal	neg 1.0		off 0.5028000297727659 neg 0.4535585011771171 __DUMMY__ 0.04364146905011709	false	0.5
bruch	neg 1.0		off 0.494597888117734 neg 0.46139470599499105 __DUMMY__ 0.04400740588727497	false	0.5
aushungern	neg 1.0		off 0.4983833130019411 neg 0.45797954865121837 __DUMMY__ 0.04363713834684041	false	0.5
anspannung	neg 1.0	neg 1.0	neg 0.7136937933858271 off 0.2648397893958197 __DUMMY__ 0.021466417218353386	false	1.0
von			off 0.49703939745462367 neg 0.45879835417028014 __DUMMY__ 0.044162248375096275	false	0.0
kraftlos	neg 1.0		off 0.5018106258747808 neg 0.45410573159630546 __DUMMY__ 0.044083642528913815	false	0.5
vom			off 0.4935622935239862 neg 0.4619197340212983 __DUMMY__ 0.04451797245471549	false	0.0
grenzdebil	off 1.0		off 0.5075548266193896 neg 0.4489747689348616 __DUMMY__ 0.04347040444574879	false	1.0
vor			off 0.49692232417689375 neg 0.458985138005281 __DUMMY__ 0.04409253781782513	false	0.0
unterwerfen	neg 1.0		off 0.49717187510295935 neg 0.4589729718285987 __DUMMY__ 0.04385515306844188	false	0.5
versenkung	neg 1.0		off 0.49730401819489223 neg 0.45878806153372115 __DUMMY__ 0.04390792027138659	false	0.5
entziehen	neg 1.0		off 0.4948652755721819 neg 0.4611496407288824 __DUMMY__ 0.043985083698935765	false	0.5
finanzkrise	neg 1.0		off 0.49816740104748786 neg 0.45824503453708454 __DUMMY__ 0.04358756441542768	false	0.5
schimpfend	neg 1.0		off 0.5045656911356823 neg 0.45151295332742003 __DUMMY__ 0.043921355536897605	false	0.5
profan	neg 1.0		off 0.5039197198683597 neg 0.4524608365220375 __DUMMY__ 0.0436194436096028	false	0.5
korruption	neg 1.0		off 0.49611977846035715 neg 0.46025187499221015 __DUMMY__ 0.04362834654743273	false	0.5
â			off 0.49844862165477755 neg 0.4576245425143906 __DUMMY__ 0.043926835830831845	false	0.0
schmutzig	neg 1.0		off 0.5081393892707673 neg 0.44826060773047544 __DUMMY__ 0.043600002998757256	false	0.5
sexy	neg 1.0		off 0.504724796538022 neg 0.45164694553315976 __DUMMY__ 0.0436282579288182	false	0.5
abraten	neg 1.0		off 0.5027568378129467 neg 0.4536052305720414 __DUMMY__ 0.04363793161501195	false	0.5
schwarz	neg 1.0		off 0.5019232656959599 neg 0.4544459166785822 __DUMMY__ 0.04363081762545783	false	0.5
fotze	off 1.0		off 0.4967588672196836 neg 0.4594323252535034 __DUMMY__ 0.04380880752681303	false	1.0
verwirren	neg 1.0		off 0.5040434275819186 neg 0.45234828202620375 __DUMMY__ 0.043608290391877864	false	0.5
zahnlos	off 1.0		off 0.49796464933476636 neg 0.4583197058705345 __DUMMY__ 0.04371564479469923	false	1.0
verheeren	neg 1.0		off 0.5167470246950295 neg 0.44004099034546773 __DUMMY__ 0.04321198495950272	false	0.5
hippie	neg 1.0		off 0.5038332230922815 neg 0.452558458436348 __DUMMY__ 0.043608318471370464	false	0.5
rammen	neg 1.0		off 0.5030869279309602 neg 0.45311894331857466 __DUMMY__ 0.04379412875046505	false	0.5
unlauter	neg 1.0		off 0.4974424344291524 neg 0.45925130618135857 __DUMMY__ 0.043306259389489093	false	0.5
unheilvoll	neg 1.0		off 0.5053402666789666 neg 0.45082827090950367 __DUMMY__ 0.04383146241152972	false	0.5
niedrig	neg 1.0		off 0.49816462740210754 neg 0.4577877858772903 __DUMMY__ 0.044047586720602196	false	0.5
explosion	neg 1.0		off 0.5031315954935887 neg 0.4532645362840177 __DUMMY__ 0.043603868222393566	false	0.5
weichei	off 1.0		off 0.5115939309043571 neg 0.44520486806817694 __DUMMY__ 0.043201201027465844	false	1.0
minusmensch	off 1.0		off 0.5114698710757881 neg 0.4458017916109559 __DUMMY__ 0.04272833731325606	false	1.0
farblos	neg 1.0		off 0.5032442057057469 neg 0.45267282295983435 __DUMMY__ 0.044082971334418845	false	0.5
unwissend	neg 1.0	neg 1.0	neg 0.7102869541462056 off 0.2688938950407381 __DUMMY__ 0.02081915081305652	false	1.0
traurig	neg 1.0		off 0.5094749441234038 neg 0.44712077243596643 __DUMMY__ 0.04340428344062979	false	0.5
senkung	neg 1.0		off 0.5014194286147692 neg 0.45518924457256627 __DUMMY__ 0.043391326812664575	false	0.5
ungleich	neg 1.0	neg 1.0	neg 0.7153339256660951 off 0.2636756466172546 __DUMMY__ 0.02099042771665036	false	1.0
heikel	neg 1.0		off 0.49528061250392824 neg 0.46090311197426104 __DUMMY__ 0.04381627552181086	false	0.5
drosselung	neg 1.0		off 0.5071307019143656 neg 0.449377128680963 __DUMMY__ 0.04349216940467143	false	0.5
falsch	neg 1.0		off 0.505397850829872 neg 0.45101407292660006 __DUMMY__ 0.04358807624352797	false	0.5
unzufriedenheit	neg 1.0		off 0.49518163688530153 neg 0.46093063407098545 __DUMMY__ 0.043887729043712985	false	0.5
kurz	neg 1.0		off 0.5013832378011918 neg 0.4546376131049218 __DUMMY__ 0.04397914909388643	false	0.5
unsinnig	neg 1.0		off 0.49770843002530935 neg 0.4586717532451753 __DUMMY__ 0.043619816729515336	false	0.5
penner	off 1.0	off 1.0	off 0.7433925649837809 neg 0.23593046936138384 __DUMMY__ 0.020676965654835174	false	1.0
seicht	neg 1.0		off 0.5124704416799201 neg 0.44460711511649903 __DUMMY__ 0.042922443203580934	false	0.5
dummheit	off 1.0	off 1.0	off 0.7376187164367776 neg 0.24150268074131098 __DUMMY__ 0.02087860282191145	false	1.0
unerfreulich	neg 1.0		off 0.49589949244793435 neg 0.4601022885712553 __DUMMY__ 0.04399821898081042	false	0.5
motherfucker	off 1.0	off 1.0	off 0.7396256006293497 neg 0.23959990784137306 __DUMMY__ 0.020774491529277146	false	1.0
pikiert	neg 1.0		off 0.5049315624700239 neg 0.451701474726128 __DUMMY__ 0.04336696280384824	false	0.5
wrack	neg 1.0		off 0.49844374549395964 neg 0.4575514757021401 __DUMMY__ 0.044004778803900274	false	0.5
gangster	neg 1.0		off 0.5037924444672396 neg 0.45255473451002054 __DUMMY__ 0.04365282102273989	false	0.5
krank	neg 1.0		off 0.5090109196963217 neg 0.44740942485048707 __DUMMY__ 0.04357965545319127	false	0.5
reich	neg 1.0		off 0.502725282189857 neg 0.4539677431367893 __DUMMY__ 0.0433069746733538	false	0.5
gnadenlos	neg 1.0		off 0.5022674117440444 neg 0.453996842779944 __DUMMY__ 0.043735745476011466	false	0.5
niedergeschlagen	neg 1.0		off 0.5020214535474178 neg 0.4539795303336343 __DUMMY__ 0.04399901611894785	false	0.5
terrorisieren	off 1.0	off 1.0	off 0.7351896912913595 neg 0.24372282600103304 __DUMMY__ 0.021087482707607616	false	1.0
sinnlosigkeit	neg 1.0		off 0.4985806555145145 neg 0.45766229444395007 __DUMMY__ 0.04375705004153528	false	0.5
behindern	neg 1.0		off 0.4996435482867357 neg 0.4566548854240128 __DUMMY__ 0.04370156628925153	false	0.5
undemokratisch	neg 1.0		off 0.49915392178160223 neg 0.4573955118041399 __DUMMY__ 0.04345056641425785	false	0.5
wirtschaftskrise	neg 1.0		off 0.49651381975253733 neg 0.45975481844016425 __DUMMY__ 0.04373136180729833	false	0.5
neid	neg 1.0		off 0.507780749368383 neg 0.44847557944813454 __DUMMY__ 0.043743671183482345	false	0.5
rutschen	neg 1.0		off 0.4976215118666521 neg 0.4580080143693992 __DUMMY__ 0.04437047376394877	false	0.5
rezession	neg 1.0		off 0.5084364097766555 neg 0.44836869973614074 __DUMMY__ 0.043194890487203916	false	0.5
fehlgeburt	neg 1.0		off 0.5053539483652609 neg 0.4507825691543285 __DUMMY__ 0.04386348248041063	false	0.5
charakterschwach	off 1.0		off 0.5066672061605912 neg 0.4498892844768514 __DUMMY__ 0.043443509362557434	false	1.0
isolation	neg 1.0		off 0.5056767746011539 neg 0.45066768681092184 __DUMMY__ 0.043655538587924266	false	0.5
ablenkung	neg 1.0		off 0.5018514663546146 neg 0.45438075747822576 __DUMMY__ 0.043767776167159614	false	0.5
pech	neg 1.0		off 0.5057754216160923 neg 0.4505702204451488 __DUMMY__ 0.04365435793875894	false	0.5
vermeidung	neg 1.0		off 0.505877551920387 neg 0.45079041901206035 __DUMMY__ 0.04333202906755272	false	0.5
dominieren	neg 1.0		off 0.49980273537843795 neg 0.4561306752262649 __DUMMY__ 0.044066589395297354	false	0.5
schwindlig	neg 1.0		off 0.5070543889441682 neg 0.4489781691431542 __DUMMY__ 0.04396744191267757	false	0.5
lutscher	neg 1.0		off 0.5135992548844875 neg 0.44346132697877094 __DUMMY__ 0.04293941813674141	false	0.5
pflicht	neg 1.0		off 0.49528540663313836 neg 0.4608718184367858 __DUMMY__ 0.043842774930075705	false	0.5
faschist	off 1.0		off 0.5012403702024807 neg 0.4553951859625904 __DUMMY__ 0.04336444383492911	false	1.0
verschleudern	neg 1.0		off 0.4934510452597555 neg 0.4630199115136506 __DUMMY__ 0.04352904322659378	false	0.5
wenn			off 0.5055275138674415 neg 0.45090032373798333 __DUMMY__ 0.043572162394575085	false	0.0
ehebruch	neg 1.0		off 0.49762528090026925 neg 0.45855134702989464 __DUMMY__ 0.043823372069836115	false	0.5
spott	off 1.0		off 0.4960116316807819 neg 0.4602479339087447 __DUMMY__ 0.0437404344104734	false	1.0
trostlosigkeit	neg 1.0		off 0.4954833260443578 neg 0.4605130519089247 __DUMMY__ 0.044003622046717546	false	0.5
lutschen	neg 1.0		off 0.5028055131940933 neg 0.4536350349864054 __DUMMY__ 0.043559451819501396	false	0.5
undiszipliniert	neg 1.0		off 0.5091945769355845 neg 0.4473197021247619 __DUMMY__ 0.04348572093965375	false	0.5
kopfschmerz	neg 1.0		off 0.5020853760449432 neg 0.453909080527522 __DUMMY__ 0.04400554342753487	false	0.5
unvorhergesehen	neg 1.0		off 0.5005339667368861 neg 0.45529711321768923 __DUMMY__ 0.04416892004542467	false	0.5
desinteressiert	neg 1.0		off 0.5076346930781853 neg 0.4490086929071108 __DUMMY__ 0.04335661401470375	false	0.5
armselig	off 1.0		off 0.5072571832300533 neg 0.44954908567541524 __DUMMY__ 0.0431937310945314	false	1.0
desaster	neg 1.0		off 0.49278309416888605 neg 0.4633066980848396 __DUMMY__ 0.043910207746274355	false	0.5
tod	neg 1.0		off 0.49991281968249146 neg 0.4560462869036286 __DUMMY__ 0.044040893413879935	false	0.5
herzlos	neg 1.0		off 0.5090005746894525 neg 0.4477045195695136 __DUMMY__ 0.043294905741034014	false	0.5
unwissenheit	neg 1.0		off 0.4967535966903217 neg 0.4596357169325771 __DUMMY__ 0.04361068637710128	false	0.5
widersinnig	neg 1.0	neg 1.0	neg 0.7155137414104112 off 0.26365662384977673 __DUMMY__ 0.020829634739811934	false	1.0
bedenklich	neg 1.0		off 0.49668102217301374 neg 0.4595549013488181 __DUMMY__ 0.04376407647816804	false	0.5
beanstanden	neg 1.0		off 0.49478963485101857 neg 0.46133420068499875 __DUMMY__ 0.043876164463982695	false	0.5
panisch	neg 1.0	neg 1.0	neg 0.7087652283191486 off 0.2701032892159397 __DUMMY__ 0.021131482464911658	false	1.0
debil	off 1.0		off 0.49134941044221686 neg 0.464474219294766 __DUMMY__ 0.04417637026301706	false	1.0
abstrich	neg 1.0		off 0.4971019038766006 neg 0.4591888211491147 __DUMMY__ 0.043709274974284625	false	0.5
primitiv	neg 1.0		off 0.5067517347185259 neg 0.4499003757384537 __DUMMY__ 0.04334788954302047	false	0.5
abschaum	off 1.0	off 1.0	off 0.7387958835565116 neg 0.24036127465207466 __DUMMY__ 0.02084284179141375	false	1.0
provozieren	neg 1.0		off 0.5012142807281718 neg 0.45513270091125896 __DUMMY__ 0.0436530183605691	false	0.5
tot	neg 1.0		off 0.49576448732860223 neg 0.460530608431409 __DUMMY__ 0.04370490423998866	false	0.5
instabil	neg 1.0		off 0.5042056388148898 neg 0.4526803034517354 __DUMMY__ 0.04311405773337483	false	0.5
schwuchtel	off 1.0		off 0.5179305656794726 neg 0.4392983096935838 __DUMMY__ 0.04277112462694365	false	1.0
zerren	neg 1.0		off 0.5020351282631894 neg 0.45396851067162375 __DUMMY__ 0.04399636106518686	false	0.5
kinderficker	off 1.0		off 0.5085860902919547 neg 0.44841142340743173 __DUMMY__ 0.04300248630061356	false	1.0
gefahr	neg 1.0		off 0.49645095188990807 neg 0.4595532813937442 __DUMMY__ 0.043995766716347716	false	0.5
rabiat	neg 1.0		off 0.5006605964103263 neg 0.4556577216949904 __DUMMY__ 0.04368168189468325	false	0.5
verlangsamung	neg 1.0		off 0.5126738672051562 neg 0.4441597755639577 __DUMMY__ 0.043166357230886	false	0.5
ausgestorben	neg 1.0		off 0.5017904462161438 neg 0.4543287477651857 __DUMMY__ 0.04388080601867055	false	0.5
anklagen	neg 1.0		off 0.4988124078026975 neg 0.4574400746857194 __DUMMY__ 0.04374751751158319	false	0.5
trott	neg 1.0		off 0.5010032099090993 neg 0.4551823958290285 __DUMMY__ 0.043814394261872086	false	0.5
verminderung	neg 1.0		off 0.5063997558459348 neg 0.45032039281296343 __DUMMY__ 0.043279851341101856	false	0.5
nach			off 0.4971982830257516 neg 0.45824731813316666 __DUMMY__ 0.044554398841081665	false	0.0
rost	neg 1.0		off 0.5119793407083233 neg 0.4447611327557791 __DUMMY__ 0.043259526535897624	false	0.5
destruktiv	neg 1.0		off 0.49831047859159733 neg 0.4581717382664444 __DUMMY__ 0.04351778314195821	false	0.5
unzumutbarkeit	neg 1.0		off 0.5059744395261118 neg 0.45045170801004975 __DUMMY__ 0.0435738524638384	false	0.5
labil	off 1.0	off 1.0	off 0.7387632079838512 neg 0.24038818836956757 __DUMMY__ 0.020848603646581247	false	1.0
ziemlich	neg 1.0		off 0.5075700748463209 neg 0.448877725354089 __DUMMY__ 0.043552199799590255	false	0.5
lachnummer	off 1.0		off 0.49947108237578985 neg 0.45691629210882895 __DUMMY__ 0.04361262551538128	false	1.0
oder			off 0.502445915658464 neg 0.45372842466681185 __DUMMY__ 0.043825659674724356	false	0.0
verfall	neg 1.0		off 0.49149409869243654 neg 0.4644235587363305 __DUMMY__ 0.04408234257123293	false	0.5
ausgrenzung	neg 1.0		off 0.5005745549746051 neg 0.45593603258631915 __DUMMY__ 0.04348941243907571	false	0.5
unordnung	neg 1.0		off 0.50668988759996 neg 0.44977564185724456 __DUMMY__ 0.04353447054279549	false	0.5
fehlverhalten	neg 1.0		off 0.4956105421386195 neg 0.4605572543339198 __DUMMY__ 0.04383220352746072	false	0.5
eine			off 0.4961414342799726 neg 0.4598941037785102 __DUMMY__ 0.0439644619415173	false	0.0
nille	neg 1.0		off 0.4997125815060841 neg 0.4565211297453078 __DUMMY__ 0.04376628874860798	false	0.5
qual	neg 1.0		off 0.5006911358618433 neg 0.4554993428358278 __DUMMY__ 0.04380952130232886	false	0.5
verschwenden	neg 1.0		off 0.49772032647996234 neg 0.4584829651385373 __DUMMY__ 0.043796708381500335	false	0.5
riesig	neg 1.0	neg 1.0	neg 0.7125779753465621 off 0.266235160742544 __DUMMY__ 0.021186863910893902	false	1.0
verurteilen	neg 1.0		off 0.4982854108848104 neg 0.45795360007538255 __DUMMY__ 0.043760989039807144	false	0.5
klischee	neg 1.0	neg 1.0	neg 0.7113910774409548 off 0.26778025724491045 __DUMMY__ 0.020828665314134878	false	1.0
diktatorisch	neg 1.0		off 0.49921709650560586 neg 0.45740124804276083 __DUMMY__ 0.04338165545163333	false	0.5
vorhersehbar	neg 1.0	neg 1.0	neg 0.7112901032857704 off 0.26782609783815875 __DUMMY__ 0.020883798876070895	false	1.0
sowie			off 0.5103913148813684 neg 0.44642828849777483 __DUMMY__ 0.043180396620856897	false	0.0
stornieren	neg 1.0		off 0.5046505251359416 neg 0.4513610411982972 __DUMMY__ 0.043988433665761176	false	0.5
besteuerung	neg 1.0		off 0.49892792124440233 neg 0.45764060637165954 __DUMMY__ 0.04343147238393801	false	0.5
ungeschminkt	neg 1.0		off 0.5064255045761423 neg 0.4501782802073938 __DUMMY__ 0.043396215216463994	false	0.5
kritisch	neg 1.0		off 0.4961889066691896 neg 0.4600638359250031 __DUMMY__ 0.04374725740580743	false	0.5
schlamperei	off 1.0		off 0.4947387254897143 neg 0.46151833465058945 __DUMMY__ 0.04374293985969621	false	1.0
sucht	neg 1.0	neg 1.0	neg 0.7114344615686434 off 0.2674881482969728 __DUMMY__ 0.02107739013438387	false	1.0
egoistisch	off 1.0		off 0.5118055418802624 neg 0.44495032794102685 __DUMMY__ 0.04324413017871085	false	1.0
ausbeuter	off 1.0		off 0.49447058202638283 neg 0.4617943924202708 __DUMMY__ 0.04373502555334629	false	1.0
arschgeburt	off 1.0		off 0.5175175089289159 neg 0.43976541948005654 __DUMMY__ 0.04271707159102753	false	1.0
schubs	neg 1.0	neg 1.0	neg 0.7117907887800681 off 0.2670306059806165 __DUMMY__ 0.02117860523931544	false	1.0
unsolide	neg 1.0		off 0.4974836564455864 neg 0.4593831271731323 __DUMMY__ 0.0431332163812814	false	0.5
beschwerde	neg 1.0		off 0.4952914561414419 neg 0.4609422227081677 __DUMMY__ 0.043766321150390405	false	0.5
stocken	neg 1.0		off 0.4975560589691802 neg 0.4585345200250477 __DUMMY__ 0.043909421005771984	false	0.5
isolieren	neg 1.0		off 0.49823523283652404 neg 0.4579461892804981 __DUMMY__ 0.04381857788297789	false	0.5
unheilbar	neg 1.0		off 0.5037683505125202 neg 0.45230363238534016 __DUMMY__ 0.043928017102139574	false	0.5
pisser	off 1.0		off 0.50842897695773 neg 0.448100742698452 __DUMMY__ 0.04347028034381775	false	1.0
löschen	neg 1.0		off 0.5012129827811038 neg 0.455014986562264 __DUMMY__ 0.04377203065663215	false	0.5
durchfallen	neg 1.0		off 0.49715846398142205 neg 0.4591833141456991 __DUMMY__ 0.043658221872878954	false	0.5
wichser	off 1.0		off 0.5162635488223011 neg 0.44069392128157414 __DUMMY__ 0.043042529896124664	false	1.0
terror	neg 1.0		off 0.5049123201255373 neg 0.45134251690965893 __DUMMY__ 0.04374516296480383	false	0.5
krass	neg 1.0		off 0.5096055577879716 neg 0.4471156564294682 __DUMMY__ 0.04327878578256012	false	0.5
revolte	neg 1.0		off 0.5013423877385712 neg 0.4551766416469329 __DUMMY__ 0.043480970614495934	false	0.5
besorgt	neg 1.0		off 0.5015291607087718 neg 0.4544136417755152 __DUMMY__ 0.04405719751571289	false	0.5
nachlassen	neg 1.0		off 0.4975121280783942 neg 0.45854634622937296 __DUMMY__ 0.04394152569223287	false	0.5
alt	neg 1.0		off 0.4987080892892457 neg 0.4573860567539619 __DUMMY__ 0.043905853956792286	false	0.5
hundesohn	off 1.0		off 0.5129342920586583 neg 0.44412085864400164 __DUMMY__ 0.042944849297340125	false	1.0
als			off 0.500480305191913 neg 0.45559211193623633 __DUMMY__ 0.04392758287185077	false	0.0
abschreckung	neg 1.0		off 0.495118219548733 neg 0.46090627815929847 __DUMMY__ 0.04397550229196857	false	0.5
unqualifiziert	neg 1.0		off 0.5009213902642137 neg 0.455810364847507 __DUMMY__ 0.043268244888279316	false	0.5
abgewichst	off 1.0		off 0.4993964615179553 neg 0.4567878081031522 __DUMMY__ 0.04381573037889234	false	1.0
schwer	neg 1.0		off 0.5017333287556194 neg 0.45445548381604434 __DUMMY__ 0.04381118742833639	false	0.5
bedeutungslosigkeit	neg 1.0		off 0.4954470998831175 neg 0.4606662550471418 __DUMMY__ 0.04388664506974069	false	0.5
kapitulation	neg 1.0		off 0.4952719217118084 neg 0.46105185483617944 __DUMMY__ 0.043676223452012074	false	0.5
unscharf	neg 1.0		off 0.5031317793805042 neg 0.45328176220311983 __DUMMY__ 0.04358645841637607	false	0.5
schwinden	neg 1.0		off 0.4960205135662549 neg 0.46002955945636465 __DUMMY__ 0.043949926977380385	false	0.5
versklavung	neg 1.0		off 0.49941343223079754 neg 0.4571419295418929 __DUMMY__ 0.04344463822730956	false	0.5
schlecht	neg 1.0		off 0.5079042930157066 neg 0.44852043887827947 __DUMMY__ 0.043575268106013955	false	0.5
verhasst	neg 1.0		off 0.5016882229979623 neg 0.45466321219370687 __DUMMY__ 0.04364856480833074	false	0.5
beschweren	neg 1.0		off 0.5030591359827871 neg 0.45326950857589254 __DUMMY__ 0.04367135544132044	false	0.5
scheiden	neg 1.0		off 0.5039076050820054 neg 0.45212613071061436 __DUMMY__ 0.04396626420738033	false	0.5
frustriert	neg 1.0		off 0.5003609307239681 neg 0.4558178014244612 __DUMMY__ 0.043821267851570554	false	0.5
schimmelig	neg 1.0		off 0.4986230285409116 neg 0.4573949054019569 __DUMMY__ 0.043982066057131536	false	0.5
fisch	neg 1.0		off 0.4981315912155504 neg 0.457751852060713 __DUMMY__ 0.04411655672373662	false	0.5
schmuggel	neg 1.0		off 0.4987141274363506 neg 0.4570821931237667 __DUMMY__ 0.04420367943988278	false	0.5
auffallen	neg 1.0		off 0.5038226360599726 neg 0.4525241903448961 __DUMMY__ 0.04365317359513121	false	0.5
konkurrenz	neg 1.0	neg 1.0	neg 0.7153752195750473 off 0.26348341624555416 __DUMMY__ 0.021141364179398506	false	1.0
teufelskreis	neg 1.0		off 0.5007668675296231 neg 0.45544398579475365 __DUMMY__ 0.04378914667562313	false	0.5
aufschreien	neg 1.0		off 0.5028632091583312 neg 0.4535637548740159 __DUMMY__ 0.04357303596765289	false	0.5
schuldner	neg 1.0		off 0.4958675470662933 neg 0.4602247161215384 __DUMMY__ 0.04390773681216824	false	0.5
missgeburt	off 1.0	off 1.0	off 0.7418481467986789 neg 0.23744405733605375 __DUMMY__ 0.02070779586526729	false	1.0
arbeitslos	neg 1.0		off 0.4976538145048749 neg 0.4586699193220573 __DUMMY__ 0.043676266173067683	false	0.5
befallen	neg 1.0		off 0.4996647022954906 neg 0.4565288906626748 __DUMMY__ 0.0438064070418347	false	0.5
miesepetrig	off 1.0	off 1.0	off 0.7404224904258139 neg 0.2386610449202182 __DUMMY__ 0.020916464653967938	false	1.0
alarmieren	neg 1.0		off 0.5042706139943556 neg 0.45228396649445757 __DUMMY__ 0.04344541951118703	false	0.5
ungeduscht	off 1.0		off 0.5057966475830673 neg 0.4505267946535169 __DUMMY__ 0.04367655776341584	false	1.0
knappheit	neg 1.0		off 0.49545224776265023 neg 0.4608722791133958 __DUMMY__ 0.043675473123953985	false	0.5
schlange	neg 1.0		off 0.5051616421934559 neg 0.45094906660539563 __DUMMY__ 0.04388929120114832	false	0.5
harsch	neg 1.0		off 0.5118571732501107 neg 0.4447010165364058 __DUMMY__ 0.043441810213483485	false	0.5
lang	neg 1.0		off 0.5019361065763561 neg 0.45427908299310665 __DUMMY__ 0.04378481043053731	false	0.5
ziellos	neg 1.0		off 0.5006307211552109 neg 0.4553450446405973 __DUMMY__ 0.04402423420419183	false	0.5
selbstverliebt	neg 1.0		off 0.5152272833510169 neg 0.441952178033677 __DUMMY__ 0.04282053861530615	false	0.5
beseitigen	neg 1.0		off 0.4999511039798993 neg 0.45629029300640145 __DUMMY__ 0.04375860301369934	false	0.5
dumm	off 1.0		off 0.5118161656472384 neg 0.44507219432556033 __DUMMY__ 0.04311164002720119	false	1.0
arbeitsloser	neg 1.0		off 0.4982808810410055 neg 0.4578590382159537 __DUMMY__ 0.04386008074304091	false	0.5
blitzen	neg 1.0		off 0.5043560999799923 neg 0.4520085824650112 __DUMMY__ 0.043635317554996604	false	0.5
hilflos	neg 1.0		off 0.5004088908763664 neg 0.45570748830931457 __DUMMY__ 0.04388362081431904	false	0.5
eklig	off 1.0		off 0.5135005691085205 neg 0.4433159101846997 __DUMMY__ 0.04318352070677985	false	1.0
begriff			off 0.4987299528575645 neg 0.4576023489057966 __DUMMY__ 0.0436676982366389	false	0.0
hungersnot	neg 1.0		off 0.5001561054909669 neg 0.4559546070551946 __DUMMY__ 0.04388928745383864	false	0.5
ungesetzlich	neg 1.0		off 0.4985494412485102 neg 0.4582263014592478 __DUMMY__ 0.04322425729224207	false	0.5
verschwendung	neg 1.0		off 0.4969244606085865 neg 0.45918374239856297 __DUMMY__ 0.04389179699285045	false	0.5
schmerzvoll	neg 1.0		off 0.5035030296002058 neg 0.45277810724575573 __DUMMY__ 0.04371886315403841	false	0.5
vorzeitig	neg 1.0		off 0.5058244578342926 neg 0.45039951225212094 __DUMMY__ 0.043776029913586326	false	0.5
unvollkommenheit	neg 1.0		off 0.5025373814467642 neg 0.4532648377037462 __DUMMY__ 0.04419778084948968	false	0.5
intervenieren	neg 1.0		off 0.4945760839268242 neg 0.4617173434012205 __DUMMY__ 0.0437065726719553	false	0.5
banause	off 1.0		off 0.513871802974839 neg 0.44318324057997593 __DUMMY__ 0.042944956445185006	false	1.0
rebell	neg 1.0		off 0.4937129038952899 neg 0.462274255814411 __DUMMY__ 0.04401284029029904	false	0.5
unlogisch	neg 1.0		off 0.5087719246759757 neg 0.44791469133490275 __DUMMY__ 0.043313383989121615	false	0.5
leiden	neg 1.0		off 0.5002367280518863 neg 0.4554855751131654 __DUMMY__ 0.044277696834948234	false	0.5
abschaffung	neg 1.0		off 0.49885345227270916 neg 0.4576890650699403 __DUMMY__ 0.04345748265735045	false	0.5
sturz	neg 1.0		off 0.5024290213187497 neg 0.4536935240431428 __DUMMY__ 0.04387745463810753	false	0.5
verkleinerung	neg 1.0		off 0.5010229712757749 neg 0.4556562821880472 __DUMMY__ 0.043320746536178	false	0.5
schmarotzer	off 1.0		off 0.49694922111217343 neg 0.4594270130136614 __DUMMY__ 0.043623765874165284	false	1.0
bestrafung	neg 1.0		off 0.5022424109235296 neg 0.45409611095678937 __DUMMY__ 0.04366147811968101	false	0.5
achtlos	neg 1.0		off 0.5025063398076639 neg 0.4535996036057636 __DUMMY__ 0.04389405658657247	false	0.5
ungeheuer	neg 1.0		off 0.5045031643353127 neg 0.45185360432021976 __DUMMY__ 0.04364323134446766	false	0.5
unaufrichtig	neg 1.0		off 0.5020520436014173 neg 0.454422172234168 __DUMMY__ 0.043525784164414584	false	0.5
groggy	neg 1.0		off 0.5031508674370193 neg 0.4532649197091241 __DUMMY__ 0.043584212853856476	false	0.5
