unsolidarisch	neg 1.0		neg 0.5016402614471971 off 0.4332587180396757 __DUMMY__ 0.06510102051312727	false	1.0
nachteilig	neg 1.0		neg 0.5036251032330938 off 0.43066273752376416 __DUMMY__ 0.06571215924314203	false	1.0
skeptisch	neg 1.0		neg 0.5043208857543151 off 0.429944719660137 __DUMMY__ 0.06573439458554786	false	1.0
schrecklich	neg 1.0		neg 0.48941609426912136 off 0.4457636912596599 __DUMMY__ 0.06482021447121866	false	1.0
schlapp	neg 1.0		neg 0.4931753322430455 off 0.4417088433986911 __DUMMY__ 0.06511582435826335	false	1.0
abfall	neg 1.0		neg 0.507019811629342 off 0.4268826256977487 __DUMMY__ 0.0660975626729094	false	1.0
widerspenstig	neg 1.0		neg 0.49900871206679803 off 0.4355972516828099 __DUMMY__ 0.06539403625039202	false	1.0
abrupt	neg 1.0		neg 0.503249304306124 off 0.4310127399566223 __DUMMY__ 0.06573795573725363	false	1.0
unwirksam	neg 1.0		neg 0.502153738808044 off 0.4328475543846377 __DUMMY__ 0.06499870680731822	false	1.0
angreifen	neg 1.0		neg 0.5059095652559096 off 0.4285669080706517 __DUMMY__ 0.06552352667343889	false	1.0
inkonsistent	neg 1.0		neg 0.5011668725627425 off 0.43391878324885963 __DUMMY__ 0.06491434418839798	false	1.0
abrutschen	neg 1.0		neg 0.5074918175935348 off 0.42659060833869783 __DUMMY__ 0.0659175740677674	false	1.0
unsicher	neg 1.0		neg 0.4974408159772072 off 0.436847223625054 __DUMMY__ 0.06571196039773883	false	1.0
bauernkind	off 1.0	off 1.0	off 0.7051171247503634 neg 0.2647135521885202 __DUMMY__ 0.030169323061116405	false	1.0
angreifer	neg 1.0	neg 1.0	neg 0.7358908378658284 off 0.23307183584407132 __DUMMY__ 0.031037326290100354	false	1.0
trennen	neg 1.0		neg 0.5032349114546192 off 0.4307857147057997 __DUMMY__ 0.06597937383958098	false	1.0
schmutz	neg 1.0		neg 0.497060249688142 off 0.43750049513962364 __DUMMY__ 0.0654392551722343	false	1.0
inkonsistenz	neg 1.0		neg 0.4967712586347433 off 0.4386372044750073 __DUMMY__ 0.06459153689024928	false	1.0
erschreckend	neg 1.0		neg 0.5007229252448465 off 0.43391047148564826 __DUMMY__ 0.06536660326950516	false	1.0
ertrinken	neg 1.0		neg 0.5060266136213113 off 0.42855400901949037 __DUMMY__ 0.06541937735919837	false	1.0
pickelface	off 1.0		neg 0.5007076187517524 off 0.43386654508220235 __DUMMY__ 0.06542583616604519	false	0.5
seiner			neg 0.5040591356123285 off 0.43022816079132786 __DUMMY__ 0.06571270359634383	false	0.0
lauch	neg 1.0		neg 0.5070239438371524 off 0.42708201869351375 __DUMMY__ 0.06589403746933388	false	1.0
unwichtig	neg 1.0		neg 0.4946801166206206 off 0.4403234916569796 __DUMMY__ 0.06499639172239974	false	1.0
steuerhinterziehung	neg 1.0	neg 1.0	neg 0.7387550805980435 off 0.23015184282634965 __DUMMY__ 0.031093076575606827	false	1.0
schock	neg 1.0		neg 0.5007574903993393 off 0.43383192952784133 __DUMMY__ 0.06541058007281936	false	1.0
beule	neg 1.0		neg 0.4943999048287054 off 0.44087172260465907 __DUMMY__ 0.0647283725666355	false	1.0
vergelten	neg 1.0		neg 0.48921237063591705 off 0.44563558661822406 __DUMMY__ 0.06515204274585877	false	1.0
verdorbenheit	neg 1.0		neg 0.4970449017544548 off 0.43732899567602807 __DUMMY__ 0.06562610256951708	false	1.0
trauma	neg 1.0		neg 0.4986929774954125 off 0.43599976034724175 __DUMMY__ 0.06530726215734572	false	1.0
sinnlos	neg 1.0		neg 0.4965706177850309 off 0.43810070823826924 __DUMMY__ 0.06532867397669997	false	1.0
fettsack	off 1.0	off 1.0	off 0.7065496921064516 neg 0.2631642817617038 __DUMMY__ 0.03028602613184457	false	1.0
feige	off 1.0	off 1.0	off 0.7043474174046583 neg 0.26494816576659075 __DUMMY__ 0.030704416828751028	false	1.0
abdanken	neg 1.0		neg 0.5010523998314581 off 0.4336183387856249 __DUMMY__ 0.06532926138291696	false	1.0
wichtigtuer	off 1.0	off 1.0	off 0.7035943485369267 neg 0.26548682167749976 __DUMMY__ 0.030918829785573608	false	1.0
misslingen	neg 1.0		neg 0.49453253034975814 off 0.4394227109526851 __DUMMY__ 0.06604475869755677	false	1.0
untreu	off 1.0		neg 0.4939005015579314 off 0.44109512080195673 __DUMMY__ 0.06500437764011185	false	0.5
missmutig	neg 1.0		neg 0.4946157147128737 off 0.4403172406767122 __DUMMY__ 0.06506704461041408	false	1.0
hurenbock	off 1.0		neg 0.4983985472242112 off 0.4364522242901467 __DUMMY__ 0.06514922848564218	false	0.5
betrunken	neg 1.0		neg 0.49174434828641267 off 0.4432925709332369 __DUMMY__ 0.06496308078035047	false	1.0
korrupt	off 1.0		neg 0.5044707339084383 off 0.43035771468957873 __DUMMY__ 0.06517155140198298	false	0.5
unmut	neg 1.0		neg 0.5069535366105513 off 0.42706107231186435 __DUMMY__ 0.06598539107758433	false	1.0
hackfresse	off 1.0		neg 0.4873519549207209 off 0.44831478502316074 __DUMMY__ 0.06433326005611842	false	0.5
aufblasen	neg 1.0		neg 0.4965985463075809 off 0.4379937816377123 __DUMMY__ 0.06540767205470698	false	1.0
gewaltsam	neg 1.0		neg 0.5027756778266567 off 0.43196668683172756 __DUMMY__ 0.06525763534161579	false	1.0
unbeliebtheit	neg 1.0		neg 0.4980872345386413 off 0.43721151515768014 __DUMMY__ 0.06470125030367853	false	1.0
sturheit	neg 1.0		neg 0.5021546499254204 off 0.4325499033532168 __DUMMY__ 0.06529544672136305	false	1.0
kuh	neg 1.0		neg 0.5011993822910188 off 0.4342599216110867 __DUMMY__ 0.06454069609789463	false	1.0
erschrecken	neg 1.0		neg 0.4938663161674821 off 0.44088421442639925 __DUMMY__ 0.06524946940611868	false	1.0
opfer	neg 1.0		neg 0.5032407372134495 off 0.43115609774129937 __DUMMY__ 0.065603165045251	false	1.0
sinken	neg 1.0		neg 0.5064395269470111 off 0.42762948666956485 __DUMMY__ 0.06593098638342418	false	1.0
stinktier	neg 1.0		neg 0.4953624225023857 off 0.44088274698015817 __DUMMY__ 0.06375483051745609	false	1.0
tucke	off 1.0		neg 0.4891371992500772 off 0.44704517408110295 __DUMMY__ 0.0638176266688198	false	0.5
ein			neg 0.4982632461729278 off 0.43641388581613827 __DUMMY__ 0.06532286801093382	false	0.0
abstieg	neg 1.0		neg 0.5052112293330207 off 0.4292378640333751 __DUMMY__ 0.06555090663360408	false	1.0
missverstehen	neg 1.0		neg 0.49706848965758516 off 0.43787428915705956 __DUMMY__ 0.06505722118535538	false	1.0
ergebnislos	neg 1.0		neg 0.5048793291919188 off 0.42944858904045413 __DUMMY__ 0.06567208176762698	false	1.0
unter			neg 0.5096052623224226 off 0.42376221823383076 __DUMMY__ 0.06663251944374654	false	0.0
manipulieren	neg 1.0		neg 0.5044086335950705 off 0.4297743143688744 __DUMMY__ 0.06581705203605505	false	1.0
unbewiesen	neg 1.0		neg 0.5025584666326133 off 0.4324726604081181 __DUMMY__ 0.06496887295926854	false	1.0
verschleppen	neg 1.0		neg 0.5047040341401229 off 0.429969624096195 __DUMMY__ 0.06532634176368218	false	1.0
weib	off 1.0		neg 0.491559431048702 off 0.4448836990942952 __DUMMY__ 0.06355686985700273	false	0.5
opposition	neg 1.0		neg 0.4995854339879709 off 0.4353956502050826 __DUMMY__ 0.0650189158069465	false	1.0
verkehrswidrig	neg 1.0		neg 0.4880191662622716 off 0.44689011009539464 __DUMMY__ 0.06509072364233376	false	1.0
inkorrekt	neg 1.0		neg 0.4922701879590536 off 0.4431749174774887 __DUMMY__ 0.06455489456345778	false	1.0
vermeiden	neg 1.0	neg 1.0	neg 0.7402224528306592 off 0.22811955762637084 __DUMMY__ 0.03165798954296983	false	1.0
abweichung	neg 1.0	neg 1.0	neg 0.7372236638573305 off 0.23135015601949568 __DUMMY__ 0.03142618012317377	false	1.0
alkoholisiert	neg 1.0		neg 0.5034485151200174 off 0.43079194719310077 __DUMMY__ 0.06575953768688181	false	1.0
scheiss	off 1.0	off 1.0	off 0.7050518064956248 neg 0.2642029804584764 __DUMMY__ 0.030745213045898688	false	1.0
herausforderung	neg 1.0		neg 0.5028052876567377 off 0.4312317528516885 __DUMMY__ 0.06596295949157374	false	1.0
pervers	off 1.0		neg 0.4855445952578045 off 0.4505934919144002 __DUMMY__ 0.06386191282779531	false	0.5
wackelig	neg 1.0		neg 0.49799748174675995 off 0.4359617864345938 __DUMMY__ 0.0660407318186462	false	1.0
verwickeln	neg 1.0		neg 0.4974271497025845 off 0.4374478682781239 __DUMMY__ 0.0651249820192915	false	1.0
vorwand	neg 1.0		neg 0.5054580889508933 off 0.42885934825465094 __DUMMY__ 0.06568256279445575	false	1.0
muschi	off 1.0		neg 0.5004541338229926 off 0.4341124120366648 __DUMMY__ 0.06543345414034255	false	0.5
entmutigung	neg 1.0		neg 0.49913704477429194 off 0.435667339349297 __DUMMY__ 0.06519561587641112	false	1.0
unangemessen	neg 1.0		neg 0.5023780194506497 off 0.4323273861428854 __DUMMY__ 0.06529459440646489	false	1.0
unstetig	neg 1.0		neg 0.49680300734788174 off 0.4380023617171621 __DUMMY__ 0.06519463093495614	false	1.0
entmutigen	neg 1.0		neg 0.49810932647152306 off 0.43651430757411963 __DUMMY__ 0.06537636595435738	false	1.0
schwanz	neg 1.0		neg 0.5034458879273567 off 0.4310300550089692 __DUMMY__ 0.06552405706367413	false	1.0
verbot	neg 1.0		neg 0.5033792105389094 off 0.43117994347075767 __DUMMY__ 0.06544084599033291	false	1.0
leid	neg 1.0		neg 0.4892163021251472 off 0.4463006753925427 __DUMMY__ 0.06448302248231007	false	1.0
archaisch	neg 1.0		neg 0.5018214854831302 off 0.43283978132462514 __DUMMY__ 0.0653387331922446	false	1.0
gegen			neg 0.506772288533795 off 0.42734895730460737 __DUMMY__ 0.06587875416159765	false	0.0
scheidung	neg 1.0		neg 0.4779491207903481 off 0.4579155284309985 __DUMMY__ 0.06413535077865329	false	1.0
einschlag	neg 1.0		neg 0.49132886359952477 off 0.4438501210290312 __DUMMY__ 0.06482101537144387	false	1.0
m			neg 0.5007757492676133 off 0.4335145005675835 __DUMMY__ 0.06570975016480327	false	0.0
abgestanden	neg 1.0		neg 0.5006119070858399 off 0.434350064077951 __DUMMY__ 0.06503802883620896	false	1.0
schmierig	off 1.0		neg 0.48925032356279147 off 0.44609822338911587 __DUMMY__ 0.06465145304809254	false	0.5
unpraktisch	neg 1.0		neg 0.49721189540144517 off 0.4374292676174563 __DUMMY__ 0.06535883698109846	false	1.0
wixxer	off 1.0		neg 0.48705526098412905 off 0.44935267633437315 __DUMMY__ 0.06359206268149785	false	0.5
bezeichnet			neg 0.5013337036651447 off 0.43358161485382024 __DUMMY__ 0.06508468148103509	false	0.0
jammerlappen	off 1.0		neg 0.4932105809817624 off 0.4415699449786069 __DUMMY__ 0.06521947403963066	false	0.5
farce	neg 1.0		neg 0.5032311918194038 off 0.43153066426328834 __DUMMY__ 0.06523814391730791	false	1.0
zwecklos	neg 1.0		neg 0.5025742401904547 off 0.4320764410001671 __DUMMY__ 0.06534931880937829	false	1.0
turbulent	neg 1.0		neg 0.49515050528117327 off 0.44025489551159214 __DUMMY__ 0.0645945992072346	false	1.0
invasion	neg 1.0		neg 0.497507732361413 off 0.4372599110310127 __DUMMY__ 0.06523235660757438	false	1.0
schuld	neg 1.0		neg 0.49907306327352147 off 0.43573484256679873 __DUMMY__ 0.06519209415967986	false	1.0
risiko	neg 1.0	neg 1.0	neg 0.735251091187644 off 0.23353799816139292 __DUMMY__ 0.0312109106509631	false	1.0
finster	neg 1.0		neg 0.49960328281362776 off 0.43536730774842136 __DUMMY__ 0.0650294094379509	false	1.0
geisteskrank	off 1.0		neg 0.49462926531876106 off 0.4407745518314335 __DUMMY__ 0.06459618284980537	false	0.5
zusammenbrechen	neg 1.0		neg 0.5008483968888094 off 0.43356856588059 __DUMMY__ 0.06558303723060063	false	1.0
ausbeute	neg 1.0		neg 0.4967776799312388 off 0.43666769217216633 __DUMMY__ 0.06655462789659486	false	1.0
hinterhalt	neg 1.0		neg 0.500712219966394 off 0.43366464805558746 __DUMMY__ 0.06562313197801849	false	1.0
kritik	neg 1.0		neg 0.5036703119779438 off 0.4311139080172464 __DUMMY__ 0.06521578000480982	false	1.0
einschrumpfen	neg 1.0		neg 0.4975676315373287 off 0.4376470494688111 __DUMMY__ 0.06478531899386025	false	1.0
riskant	neg 1.0		neg 0.5050784648336197 off 0.4294215182569991 __DUMMY__ 0.06550001690938123	false	1.0
frustrieren	neg 1.0		neg 0.503349858984837 off 0.43109115273904197 __DUMMY__ 0.06555898827612104	false	1.0
groll	neg 1.0		neg 0.503188440191257 off 0.431452218185784 __DUMMY__ 0.06535934162295896	false	1.0
gibt			neg 0.5001559760281805 off 0.4341719840416103 __DUMMY__ 0.0656720399302092	false	0.0
qualvoll	neg 1.0		neg 0.49680490152856815 off 0.4380965149589148 __DUMMY__ 0.06509858351251706	false	1.0
wackeln	neg 1.0		neg 0.497044202827922 off 0.4373881981340804 __DUMMY__ 0.06556759903799762	false	1.0
klagen	neg 1.0		neg 0.5067080745344806 off 0.42743778579043007 __DUMMY__ 0.06585413967508938	false	1.0
bankrott	neg 1.0		neg 0.4939890429016592 off 0.4407646861930576 __DUMMY__ 0.06524627090528339	false	1.0
trauern	neg 1.0		neg 0.5034660599198318 off 0.43085422910047094 __DUMMY__ 0.06567971097969728	false	1.0
ablehnung	neg 1.0		neg 0.5035205843550572 off 0.43118368045943 __DUMMY__ 0.06529573518551274	false	1.0
stur	neg 1.0		neg 0.49858310748860063 off 0.436194944883787 __DUMMY__ 0.06522194762761223	false	1.0
aufruhr	neg 1.0	neg 1.0	neg 0.7375523982856421 off 0.23133912209257795 __DUMMY__ 0.031108479621780042	false	1.0
melancholie	neg 1.0		neg 0.5029292371662876 off 0.43153486322921353 __DUMMY__ 0.065535899604499	false	1.0
ist			neg 0.4967695208297051 off 0.4378804520236492 __DUMMY__ 0.06535002714664563	false	0.0
torheit	neg 1.0		neg 0.4990081780070154 off 0.4356022541357478 __DUMMY__ 0.06538956785723676	false	1.0
dreckskind	off 1.0		neg 0.49145736752886143 off 0.4445956975382648 __DUMMY__ 0.06394693493287368	false	0.5
umtauschen	neg 1.0		neg 0.49926316832845674 off 0.4352765373601358 __DUMMY__ 0.06546029431140733	false	1.0
zum			neg 0.5045401740632215 off 0.4287828777120507 __DUMMY__ 0.06667694822472799	false	0.0
zersetzen	neg 1.0		neg 0.5062841312015492 off 0.42822127172326063 __DUMMY__ 0.06549459707519001	false	1.0
zur			neg 0.5077829664790786 off 0.4258707457110593 __DUMMY__ 0.06634628780986214	false	0.0
frust	neg 1.0		neg 0.5005403238749843 off 0.4338223637230517 __DUMMY__ 0.06563731240196394	false	1.0
unerbittlichkeit	neg 1.0		neg 0.5057674164579379 off 0.42864702466678195 __DUMMY__ 0.06558555887528025	false	1.0
zwei			neg 0.5044936344651133 off 0.429061843572143 __DUMMY__ 0.06644452196274378	false	0.0
unkorrekt	neg 1.0		neg 0.49054063616713156 off 0.44457324030864565 __DUMMY__ 0.06488612352422277	false	1.0
hexe	off 1.0		neg 0.49878481973636674 off 0.43690305573424154 __DUMMY__ 0.06431212452939158	false	0.5
lasch	neg 1.0		neg 0.49666466734472864 off 0.43842087864472634 __DUMMY__ 0.06491445401054508	false	1.0
rivale	neg 1.0		neg 0.492956891853194 off 0.4423088066291484 __DUMMY__ 0.06473430151765767	false	1.0
mutlos	off 1.0	off 1.0	off 0.69912854244496 neg 0.2697611747215004 __DUMMY__ 0.03111028283353944	false	1.0
wirr	off 1.0		neg 0.4923981593241556 off 0.4431667515962886 __DUMMY__ 0.06443508907955593	false	0.5
jahr			neg 0.49907178622632986 off 0.43422426011112114 __DUMMY__ 0.06670395366254901	false	0.0
wird			neg 0.5019220648741016 off 0.43242905987257335 __DUMMY__ 0.06564887525332501	false	0.0
strafbar	neg 1.0		neg 0.5032563855584973 off 0.43107656427314045 __DUMMY__ 0.06566705016836218	false	1.0
erosion	neg 1.0		neg 0.49786731429423103 off 0.43651043040063575 __DUMMY__ 0.06562225530513324	false	1.0
eingehen	neg 1.0		neg 0.5038244387312302 off 0.4306378902673447 __DUMMY__ 0.06553767100142517	false	1.0
faul	off 1.0		neg 0.4943199004417529 off 0.4404912683561563 __DUMMY__ 0.06518883120209086	false	0.5
provisorium	neg 1.0		neg 0.5067961534140893 off 0.42628790109911446 __DUMMY__ 0.06691594548679616	false	1.0
schmerzen	neg 1.0		neg 0.5015141271798259 off 0.43321801511627145 __DUMMY__ 0.06526785770390263	false	1.0
schrumpfen	neg 1.0		neg 0.5100844562725432 off 0.42400232089154416 __DUMMY__ 0.06591322283591247	false	1.0
geistlos	off 1.0		neg 0.4996503819560869 off 0.4356097759034895 __DUMMY__ 0.06473984214042376	false	0.5
fehlkauf	neg 1.0		neg 0.4981249850216037 off 0.43668128411091267 __DUMMY__ 0.06519373086748366	false	1.0
frustrierend	neg 1.0		neg 0.49478109472137677 off 0.4400202764100243 __DUMMY__ 0.06519862886859905	false	1.0
unzufrieden	neg 1.0		neg 0.5023646447841748 off 0.4321895092007515 __DUMMY__ 0.06544584601507365	false	1.0
verzweifeln	neg 1.0		neg 0.5001795391161024 off 0.43433250089248293 __DUMMY__ 0.06548795999141477	false	1.0
verzweifelt	neg 1.0	neg 1.0	neg 0.7368194869920794 off 0.2322667531356695 __DUMMY__ 0.03091375987225113	false	1.0
misstrauensantrag	neg 1.0		neg 0.4976676308381674 off 0.4371625005512182 __DUMMY__ 0.06516986861061454	false	1.0
abfallen	neg 1.0		neg 0.4969123087682075 off 0.43752748127984503 __DUMMY__ 0.06556020995194749	false	1.0
fucker	off 1.0		neg 0.4915300486491531 off 0.4436123501764946 __DUMMY__ 0.06485760117435241	false	0.5
ungezogen	neg 1.0		neg 0.4854727459122658 off 0.4504621825807853 __DUMMY__ 0.06406507150694889	false	1.0
irrsinnig	neg 1.0	neg 1.0	neg 0.7364864139378222 off 0.23254483426657915 __DUMMY__ 0.03096875179559871	false	1.0
unfassbar	neg 1.0		neg 0.49215783169309957 off 0.44272753639171303 __DUMMY__ 0.0651146319151874	false	1.0
hart	neg 1.0		neg 0.4960095459862096 off 0.43933646397398923 __DUMMY__ 0.06465399003980103	false	1.0
widerlich	off 1.0		neg 0.4934666246749163 off 0.44176306370713103 __DUMMY__ 0.06477031161795264	false	0.5
fatal	neg 1.0		neg 0.49738769359838236 off 0.43742146747669153 __DUMMY__ 0.06519083892492616	false	1.0
bruch	neg 1.0		neg 0.5060823360826745 off 0.42804189469109766 __DUMMY__ 0.06587576922622787	false	1.0
aushungern	neg 1.0		neg 0.5017196446388734 off 0.43277226072839364 __DUMMY__ 0.06550809463273298	false	1.0
anspannung	neg 1.0		neg 0.5072558852008925 off 0.42646345013090187 __DUMMY__ 0.06628066466820548	false	1.0
von			neg 0.49798450931007243 off 0.4351427845302891 __DUMMY__ 0.0668727061596385	false	0.0
kraftlos	neg 1.0		neg 0.5012435790409199 off 0.4331176904982214 __DUMMY__ 0.06563873046085858	false	1.0
vom			neg 0.5059740368669163 off 0.42708255296696085 __DUMMY__ 0.06694341016612294	false	0.0
grenzdebil	off 1.0		neg 0.49189842413732154 off 0.4430238480227842 __DUMMY__ 0.06507772783989414	false	0.5
vor			neg 0.5038416369362837 off 0.4300847216308493 __DUMMY__ 0.06607364143286705	false	0.0
unterwerfen	neg 1.0		neg 0.5037044789902317 off 0.4307542138243258 __DUMMY__ 0.06554130718544239	false	1.0
versenkung	neg 1.0		neg 0.5013675654103164 off 0.4327538559028793 __DUMMY__ 0.06587857868680447	false	1.0
entziehen	neg 1.0		neg 0.5061648111878106 off 0.4280095720638549 __DUMMY__ 0.0658256167483345	false	1.0
finanzkrise	neg 1.0		neg 0.5038223299614201 off 0.43118133848017964 __DUMMY__ 0.06499633155840025	false	1.0
schimpfend	neg 1.0		neg 0.4977748145815219 off 0.43704818195373984 __DUMMY__ 0.06517700346473822	false	1.0
profan	neg 1.0		neg 0.4969402614109015 off 0.4379250836372097 __DUMMY__ 0.06513465495188878	false	1.0
korruption	neg 1.0		neg 0.5040028399889643 off 0.43060033748724075 __DUMMY__ 0.06539682252379506	false	1.0
â			neg 0.501400502254169 off 0.43286143334653693 __DUMMY__ 0.06573806439929405	false	0.0
schmutzig	neg 1.0		neg 0.4913040353397818 off 0.4436192845632154 __DUMMY__ 0.06507668009700288	false	1.0
sexy	neg 1.0		neg 0.49506570683895695 off 0.4396919819509153 __DUMMY__ 0.06524231121012766	false	1.0
abraten	neg 1.0		neg 0.4959185129718761 off 0.43864772431202786 __DUMMY__ 0.06543376271609605	false	1.0
schwarz	neg 1.0		neg 0.49816163660239426 off 0.43661284426928065 __DUMMY__ 0.06522551912832504	false	1.0
fotze	off 1.0	off 1.0	off 0.7009801770747849 neg 0.26782731652994834 __DUMMY__ 0.031192506395266873	false	1.0
verwirren	neg 1.0		neg 0.4957617043025121 off 0.4390168425136599 __DUMMY__ 0.06522145318382806	false	1.0
zahnlos	off 1.0		neg 0.5015459744261821 off 0.4330508606934962 __DUMMY__ 0.06540316488032179	false	0.5
verheeren	neg 1.0		neg 0.48445710415461296 off 0.45155860495580996 __DUMMY__ 0.06398429088957719	false	1.0
hippie	neg 1.0		neg 0.4958461828000169 off 0.4389461529704252 __DUMMY__ 0.0652076642295579	false	1.0
rammen	neg 1.0		neg 0.5021925311366068 off 0.4331667359529495 __DUMMY__ 0.06464073291044364	false	1.0
unlauter	neg 1.0		neg 0.49991798592235154 off 0.4349981587944228 __DUMMY__ 0.06508385528322563	false	1.0
unheilvoll	neg 1.0		neg 0.4986302281717185 off 0.43627665329983834 __DUMMY__ 0.06509311852844316	false	1.0
niedrig	neg 1.0		neg 0.5061098621870456 off 0.42849243238650053 __DUMMY__ 0.06539770542645387	false	1.0
explosion	neg 1.0		neg 0.4957799150837742 off 0.43891520192615263 __DUMMY__ 0.06530488299007299	false	1.0
weichei	off 1.0	off 1.0	off 0.7081198761183795 neg 0.26135843747957455 __DUMMY__ 0.030521686402045962	false	1.0
minusmensch	off 1.0		neg 0.49152895547753306 off 0.44498949735363014 __DUMMY__ 0.06348154716883682	false	0.5
farblos	neg 1.0		neg 0.5014294520320127 off 0.4333938206022359 __DUMMY__ 0.06517672736575127	false	1.0
unwissend	neg 1.0	neg 1.0	neg 0.7339040479062943 off 0.23521466383002274 __DUMMY__ 0.03088128826368294	false	1.0
traurig	neg 1.0		neg 0.4897508265231103 off 0.4453112572841391 __DUMMY__ 0.0649379161927505	false	1.0
senkung	neg 1.0		neg 0.4982843375100287 off 0.4367752412867 __DUMMY__ 0.06494042120327141	false	1.0
ungleich	neg 1.0	neg 1.0	neg 0.7392323981002388 off 0.22951934116400177 __DUMMY__ 0.031248260735759505	false	1.0
heikel	neg 1.0		neg 0.5043229714703976 off 0.43006977013212466 __DUMMY__ 0.06560725839747775	false	1.0
drosselung	neg 1.0		neg 0.49410408388248295 off 0.441110686608838 __DUMMY__ 0.06478522950867914	false	1.0
falsch	neg 1.0		neg 0.49467933037972334 off 0.44016436256451597 __DUMMY__ 0.06515630705576075	false	1.0
unzufriedenheit	neg 1.0		neg 0.5058940015755912 off 0.4283927986600301 __DUMMY__ 0.06571319976437878	false	1.0
kurz	neg 1.0		neg 0.49791048381394815 off 0.4361540734199382 __DUMMY__ 0.06593544276611361	false	1.0
unsinnig	neg 1.0		neg 0.501186684276111 off 0.4334177658508213 __DUMMY__ 0.0653955498730677	false	1.0
penner	off 1.0	off 1.0	off 0.7090849223986274 neg 0.26042340155500937 __DUMMY__ 0.030491676046363162	false	1.0
seicht	neg 1.0		neg 0.48609179158413035 off 0.44982727917338694 __DUMMY__ 0.06408092924248282	false	1.0
dummheit	off 1.0	off 1.0	off 0.7030907280608271 neg 0.2661149821459537 __DUMMY__ 0.030794289793219173	false	1.0
unerfreulich	neg 1.0		neg 0.5037472524895028 off 0.43038288880624975 __DUMMY__ 0.06586985870424746	false	1.0
motherfucker	off 1.0	off 1.0	off 0.7061231688755492 neg 0.26310821902989817 __DUMMY__ 0.030768612094552606	false	1.0
pikiert	neg 1.0		neg 0.4949101518260803 off 0.4403551940435739 __DUMMY__ 0.06473465413034571	false	1.0
wrack	neg 1.0		neg 0.5032201008545717 off 0.4314472241653148 __DUMMY__ 0.06533267498011351	false	1.0
gangster	neg 1.0		neg 0.49582337107376506 off 0.4389808675850579 __DUMMY__ 0.06519576134117705	false	1.0
krank	neg 1.0		neg 0.4911291745921187 off 0.44369003293515835 __DUMMY__ 0.06518079247272288	false	1.0
reich	neg 1.0		neg 0.4943054523478035 off 0.44068642162546084 __DUMMY__ 0.06500812602673559	false	1.0
gnadenlos	neg 1.0		neg 0.49891132087911844 off 0.4358817555435809 __DUMMY__ 0.0652069235773007	false	1.0
niedergeschlagen	neg 1.0		neg 0.5006930703012074 off 0.4337971503171875 __DUMMY__ 0.06550977938160503	false	1.0
terrorisieren	off 1.0	off 1.0	off 0.7000432918985536 neg 0.2687138340486899 __DUMMY__ 0.031242874052756435	false	1.0
sinnlosigkeit	neg 1.0		neg 0.5019263856911829 off 0.43262179935315637 __DUMMY__ 0.06545181495566077	false	1.0
behindern	neg 1.0		neg 0.500298448027773 off 0.43427830287421476 __DUMMY__ 0.06542324909801225	false	1.0
undemokratisch	neg 1.0		neg 0.4989447255701239 off 0.4357864181896392 __DUMMY__ 0.06526885624023686	false	1.0
wirtschaftskrise	neg 1.0		neg 0.5054301707354675 off 0.42934226129841996 __DUMMY__ 0.0652275679661126	false	1.0
neid	neg 1.0		neg 0.49303724808511035 off 0.441529157654265 __DUMMY__ 0.06543359426062466	false	1.0
rutschen	neg 1.0		neg 0.5044081899647118 off 0.42910751791392876 __DUMMY__ 0.06648429212135948	false	1.0
rezession	neg 1.0		neg 0.49526361534988006 off 0.44069023631809306 __DUMMY__ 0.0640461483320269	false	1.0
fehlgeburt	neg 1.0		neg 0.49773545628524996 off 0.437015276409034 __DUMMY__ 0.06524926730571608	false	1.0
charakterschwach	off 1.0		neg 0.49374942974310854 off 0.44147483554130906 __DUMMY__ 0.0647757347155824	false	0.5
isolation	neg 1.0		neg 0.4951064498108439 off 0.43968082617700616 __DUMMY__ 0.06521272401214996	false	1.0
ablenkung	neg 1.0		neg 0.4974558950114586 off 0.4368922953090146 __DUMMY__ 0.06565180967952666	false	1.0
pech	neg 1.0		neg 0.4946441924538645 off 0.4401323614428789 __DUMMY__ 0.0652234461032567	false	1.0
vermeidung	neg 1.0		neg 0.4934749859170652 off 0.4416724674646955 __DUMMY__ 0.06485254661823939	false	1.0
dominieren	neg 1.0		neg 0.5037323197965633 off 0.43067871776313293 __DUMMY__ 0.06558896244030389	false	1.0
schwindlig	neg 1.0		neg 0.49610239819739493 off 0.43853500131598266 __DUMMY__ 0.06536260048662249	false	1.0
lutscher	neg 1.0	neg 1.0	neg 0.729483549091808 off 0.24015978863305068 __DUMMY__ 0.030356662275141312	false	1.0
pflicht	neg 1.0		neg 0.5055013326268659 off 0.42880453024486886 __DUMMY__ 0.06569413712826513	false	1.0
faschist	off 1.0		neg 0.4961146506287054 off 0.43873403866569344 __DUMMY__ 0.06515131070560133	false	0.5
verschleudern	neg 1.0		neg 0.5042427085793127 off 0.43010854860752057 __DUMMY__ 0.06564874281316671	false	1.0
wenn			neg 0.4946613019578897 off 0.44020136216439415 __DUMMY__ 0.06513733587771627	false	0.0
ehebruch	neg 1.0		neg 0.5036214097243669 off 0.43091448492715695 __DUMMY__ 0.06546410534847615	false	1.0
spott	off 1.0		neg 0.5038680853592142 off 0.43060839197231565 __DUMMY__ 0.06552352266847	false	0.5
trostlosigkeit	neg 1.0		neg 0.5064918983258356 off 0.4278181763778379 __DUMMY__ 0.06568992529632636	false	1.0
lutschen	neg 1.0		neg 0.4980524063765312 off 0.4371781180570682 __DUMMY__ 0.06476947556640056	false	1.0
undiszipliniert	neg 1.0		neg 0.4911540664558522 off 0.44401118806012463 __DUMMY__ 0.06483474548402317	false	1.0
kopfschmerz	neg 1.0		neg 0.5038713959247612 off 0.43097981895559895 __DUMMY__ 0.0651487851196399	false	1.0
unvorhergesehen	neg 1.0		neg 0.501487965637876 off 0.432413210353528 __DUMMY__ 0.0660988240085959	false	1.0
desinteressiert	neg 1.0	neg 1.0	neg 0.7328024257511421 off 0.23642192716808466 __DUMMY__ 0.030775647080773287	false	1.0
armselig	off 1.0		neg 0.4918199458831754 off 0.44358734236767045 __DUMMY__ 0.06459271174915411	false	0.5
desaster	neg 1.0		neg 0.5067639865246043 off 0.42733508366655865 __DUMMY__ 0.06590092980883704	false	1.0
tod	neg 1.0		neg 0.5034646547148471 off 0.4310787491044641 __DUMMY__ 0.06545659618068869	false	1.0
herzlos	neg 1.0		neg 0.4909899098425002 off 0.4442791056016924 __DUMMY__ 0.06473098455580735	false	1.0
unwissenheit	neg 1.0		neg 0.5028766584422307 off 0.43173911188976977 __DUMMY__ 0.06538422966799949	false	1.0
widersinnig	neg 1.0		neg 0.5037848920410001 off 0.43099347364666984 __DUMMY__ 0.06522163431233015	false	1.0
bedenklich	neg 1.0		neg 0.503323385985671 off 0.4311712217812565 __DUMMY__ 0.06550539223307268	false	1.0
beanstanden	neg 1.0		neg 0.5050718256488713 off 0.4290972477975312 __DUMMY__ 0.06583092655359724	false	1.0
panisch	neg 1.0	neg 1.0	neg 0.7340467253270859 off 0.23475196323611144 __DUMMY__ 0.031201311436802662	false	1.0
debil	off 1.0		neg 0.5097999976977478 off 0.4238934319321054 __DUMMY__ 0.06630657037014685	false	0.5
abstrich	neg 1.0		neg 0.4980544832756602 off 0.4361409016976046 __DUMMY__ 0.06580461502673514	false	1.0
primitiv	neg 1.0		neg 0.49308474358239773 off 0.4421326930381725 __DUMMY__ 0.06478256337942973	false	1.0
abschaum	off 1.0	off 1.0	off 0.7048754616506178 neg 0.2643328178965146 __DUMMY__ 0.030791720452867613	false	1.0
provozieren	neg 1.0		neg 0.49983808490839987 off 0.43506467971439017 __DUMMY__ 0.0650972353772099	false	1.0
tot	neg 1.0		neg 0.5028007739081416 off 0.4317647091453154 __DUMMY__ 0.06543451694654294	false	1.0
instabil	neg 1.0		neg 0.4924942895829529 off 0.44288341247792085 __DUMMY__ 0.06462229793912642	false	1.0
schwuchtel	off 1.0	off 1.0	off 0.7113943968579125 neg 0.2585008267026392 __DUMMY__ 0.030104776439448304	false	1.0
zerren	neg 1.0		neg 0.5014072910841687 off 0.4330683895709075 __DUMMY__ 0.06552431934492381	false	1.0
kinderficker	off 1.0		neg 0.4884684829659284 off 0.4469894145231771 __DUMMY__ 0.06454210251089436	false	0.5
gefahr	neg 1.0		neg 0.5052436130718914 off 0.4288991486924039 __DUMMY__ 0.06585723823570473	false	1.0
rabiat	neg 1.0		neg 0.49906297367861246 off 0.4355304996405796 __DUMMY__ 0.0654065266808079	false	1.0
verlangsamung	neg 1.0		neg 0.49055365548062874 off 0.4455620721228459 __DUMMY__ 0.06388427239652533	false	1.0
ausgestorben	neg 1.0		neg 0.4987976671600269 off 0.4356830721978635 __DUMMY__ 0.06551926064210971	false	1.0
anklagen	neg 1.0		neg 0.5037881775589899 off 0.43082549895217004 __DUMMY__ 0.0653863234888401	false	1.0
trott	neg 1.0		neg 0.4998235476742133 off 0.43475312018256757 __DUMMY__ 0.06542333214321926	false	1.0
verminderung	neg 1.0		neg 0.4925535434991791 off 0.44255225866251036 __DUMMY__ 0.06489419783831062	false	1.0
nach			neg 0.5054657177928277 off 0.4279449519306139 __DUMMY__ 0.06658933027655844	false	0.0
rost	neg 1.0		neg 0.489307778470274 off 0.44636689392090534 __DUMMY__ 0.06432532760882068	false	1.0
destruktiv	neg 1.0		neg 0.5002881428068904 off 0.4344216638550948 __DUMMY__ 0.06529019333801492	false	1.0
unzumutbarkeit	neg 1.0		neg 0.49415724595189775 off 0.4408810991850245 __DUMMY__ 0.06496165486307766	false	1.0
labil	off 1.0	off 1.0	off 0.7045271001203187 neg 0.26462859293457275 __DUMMY__ 0.030844306945108483	false	1.0
ziemlich	neg 1.0		neg 0.49172591200973803 off 0.44306421898859377 __DUMMY__ 0.06520986900166816	false	1.0
lachnummer	off 1.0		neg 0.499660437385975 off 0.4350899718033197 __DUMMY__ 0.06524959081070522	false	0.5
oder			neg 0.4966911323178642 off 0.4377155446715091 __DUMMY__ 0.06559332301062673	false	0.0
verfall	neg 1.0		neg 0.5094558089533613 off 0.42454868371626203 __DUMMY__ 0.06599550733037664	false	1.0
ausgrenzung	neg 1.0		neg 0.49852775515660325 off 0.4362692178500592 __DUMMY__ 0.06520302699333766	false	1.0
unordnung	neg 1.0		neg 0.49046265979100184 off 0.44454973865070724 __DUMMY__ 0.06498760155829099	false	1.0
fehlverhalten	neg 1.0		neg 0.5060418999937991 off 0.42847721783092285 __DUMMY__ 0.06548088217527806	false	1.0
eine			neg 0.5030674705141936 off 0.4308846144532152 __DUMMY__ 0.06604791503259107	false	0.0
nille	neg 1.0		neg 0.49954250805483547 off 0.4349615383818065 __DUMMY__ 0.06549595356335801	false	1.0
qual	neg 1.0		neg 0.5000993453046696 off 0.43443161091486004 __DUMMY__ 0.06546904378047042	false	1.0
verschwenden	neg 1.0		neg 0.5043497076094245 off 0.4301705729415083 __DUMMY__ 0.06547971944906714	false	1.0
riesig	neg 1.0		neg 0.5029307907643623 off 0.43145442524046074 __DUMMY__ 0.06561478399517705	false	1.0
verurteilen	neg 1.0		neg 0.5037843592393328 off 0.4309454441983389 __DUMMY__ 0.06527019656232833	false	1.0
klischee	neg 1.0	neg 1.0	neg 0.7350449862126227 off 0.23408238027860323 __DUMMY__ 0.03087263350877395	false	1.0
diktatorisch	neg 1.0		neg 0.49967443133113015 off 0.4352003704585626 __DUMMY__ 0.06512519821030731	false	1.0
vorhersehbar	neg 1.0		neg 0.4971547124130124 off 0.4378566305412316 __DUMMY__ 0.06498865704575586	false	1.0
sowie			neg 0.4909934920426817 off 0.44471175983060973 __DUMMY__ 0.06429474812670863	false	0.0
stornieren	neg 1.0		neg 0.49272856999886117 off 0.4413009718450488 __DUMMY__ 0.06597045815608998	false	1.0
besteuerung	neg 1.0		neg 0.5023171423401706 off 0.4328802672557677 __DUMMY__ 0.06480259040406175	false	1.0
ungeschminkt	neg 1.0		neg 0.4967585326990665 off 0.43894699154786887 __DUMMY__ 0.06429447575306463	false	1.0
kritisch	neg 1.0		neg 0.5031507951252733 off 0.43125501866733895 __DUMMY__ 0.06559418620738783	false	1.0
schlamperei	off 1.0		neg 0.5042079990050509 off 0.43005197960351077 __DUMMY__ 0.06574002139143834	false	0.5
sucht	neg 1.0	neg 1.0	neg 0.7345984462785142 off 0.23404597745538225 __DUMMY__ 0.03135557626610351	false	1.0
egoistisch	off 1.0		neg 0.4891517583294872 off 0.4464718446257234 __DUMMY__ 0.06437639704478937	false	0.5
ausbeuter	off 1.0		neg 0.5065512737306296 off 0.42804893453861853 __DUMMY__ 0.0653997917307518	false	0.5
arschgeburt	off 1.0		neg 0.4856857325745071 off 0.45102555825366647 __DUMMY__ 0.06328870917182655	false	0.5
schubs	neg 1.0		neg 0.5008127564087865 off 0.4336191848544464 __DUMMY__ 0.06556805873676715	false	1.0
unsolide	neg 1.0		neg 0.49947806792474225 off 0.43552889124024896 __DUMMY__ 0.06499304083500887	false	1.0
beschwerde	neg 1.0		neg 0.5049190701715195 off 0.42962422027318425 __DUMMY__ 0.06545670955529613	false	1.0
stocken	neg 1.0		neg 0.5047655587236111 off 0.42964788324606257 __DUMMY__ 0.06558655803032643	false	1.0
isolieren	neg 1.0		neg 0.5024005849771274 off 0.43200463312254034 __DUMMY__ 0.06559478190033217	false	1.0
unheilbar	neg 1.0		neg 0.498682737782998 off 0.43589051421384967 __DUMMY__ 0.06542674800315228	false	1.0
pisser	off 1.0		neg 0.4942559083145047 off 0.4413917266501716 __DUMMY__ 0.06435236503532357	false	0.5
löschen	neg 1.0		neg 0.4997566471449715 off 0.4348721348190405 __DUMMY__ 0.065371218035988	false	1.0
durchfallen	neg 1.0		neg 0.5031860585481992 off 0.4313838612062419 __DUMMY__ 0.065430080245559	false	1.0
wichser	off 1.0	off 1.0	off 0.7106523226429602 neg 0.25900185029564476 __DUMMY__ 0.030345827061395058	false	1.0
terror	neg 1.0		neg 0.4957993409102877 off 0.4389421076504058 __DUMMY__ 0.0652585514393065	false	1.0
krass	neg 1.0		neg 0.4912724582203647 off 0.4441973904992755 __DUMMY__ 0.06453015128035972	false	1.0
revolte	neg 1.0		neg 0.4988268769361384 off 0.43610825592940533 __DUMMY__ 0.06506486713445636	false	1.0
besorgt	neg 1.0		neg 0.49841532410180694 off 0.4356447272505837 __DUMMY__ 0.06593994864760948	false	1.0
nachlassen	neg 1.0		neg 0.5025091786092867 off 0.43158315678636083 __DUMMY__ 0.06590766460435242	false	1.0
alt	neg 1.0		neg 0.5030870374526178 off 0.43155365918370253 __DUMMY__ 0.06535930336367954	false	1.0
hundesohn	off 1.0		neg 0.48708790654301515 off 0.4490516004945794 __DUMMY__ 0.06386049296240563	false	0.5
als			neg 0.500345344628302 off 0.4339679570583823 __DUMMY__ 0.06568669831331563	false	0.0
abschreckung	neg 1.0		neg 0.5061244174197175 off 0.42814524912149216 __DUMMY__ 0.06573033345879042	false	1.0
unqualifiziert	neg 1.0		neg 0.49615126068727794 off 0.4388948916030786 __DUMMY__ 0.06495384770964353	false	1.0
abgewichst	off 1.0		neg 0.49970711835661796 off 0.43468862079473003 __DUMMY__ 0.0656042608486521	false	0.5
schwer	neg 1.0		neg 0.49996649729051496 off 0.43462811553064645 __DUMMY__ 0.06540538717883855	false	1.0
bedeutungslosigkeit	neg 1.0		neg 0.505024781366815 off 0.4293084481883452 __DUMMY__ 0.06566677044483983	false	1.0
kapitulation	neg 1.0		neg 0.5038076432597746 off 0.43061167328120636 __DUMMY__ 0.06558068345901903	false	1.0
unscharf	neg 1.0		neg 0.4986934542568919 off 0.4364144819583135 __DUMMY__ 0.06489206378479456	false	1.0
schwinden	neg 1.0		neg 0.5058040234333749 off 0.4285746084048705 __DUMMY__ 0.06562136816175466	false	1.0
versklavung	neg 1.0		neg 0.49981552199114915 off 0.43498606452374317 __DUMMY__ 0.06519841348510766	false	1.0
schlecht	neg 1.0		neg 0.49146266767006314 off 0.44331784621197895 __DUMMY__ 0.06521948611795779	false	1.0
verhasst	neg 1.0		neg 0.5001562466395595 off 0.43491733665299526 __DUMMY__ 0.06492641670744514	false	1.0
beschweren	neg 1.0		neg 0.49654748829782286 off 0.4380982138856655 __DUMMY__ 0.06535429781651172	false	1.0
scheiden	neg 1.0		neg 0.49775438117398035 off 0.4366030475470412 __DUMMY__ 0.06564257127897856	false	1.0
frustriert	neg 1.0		neg 0.5012408781435254 off 0.433352159571079 __DUMMY__ 0.06540696228539565	false	1.0
schimmelig	neg 1.0		neg 0.5054074116399239 off 0.4295374072038362 __DUMMY__ 0.06505518115623987	false	1.0
fisch	neg 1.0		neg 0.5073543920448803 off 0.42726082721498715 __DUMMY__ 0.06538478074013258	false	1.0
schmuggel	neg 1.0		neg 0.5061408178851098 off 0.4284344029281751 __DUMMY__ 0.06542477918671508	false	1.0
auffallen	neg 1.0		neg 0.4959314636435376 off 0.43879747634936606 __DUMMY__ 0.06527106000709629	false	1.0
konkurrenz	neg 1.0		neg 0.5051198403881335 off 0.42893182185723827 __DUMMY__ 0.06594833775462815	false	1.0
teufelskreis	neg 1.0	neg 1.0	neg 0.7377841841156325 off 0.23124923703166095 __DUMMY__ 0.030966578852706473	false	1.0
aufschreien	neg 1.0		neg 0.49704873959881946 off 0.43786944316450754 __DUMMY__ 0.06508181723667289	false	1.0
schuldner	neg 1.0		neg 0.5074815154198155 off 0.42710573221734777 __DUMMY__ 0.06541275236283683	false	1.0
missgeburt	off 1.0	off 1.0	off 0.7071390748669256 neg 0.2625752354151475 __DUMMY__ 0.030285689717926955	false	1.0
arbeitslos	neg 1.0		neg 0.5029738832089865 off 0.43162926434238275 __DUMMY__ 0.06539685244863075	false	1.0
befallen	neg 1.0		neg 0.5042677627589144 off 0.4307047387020097 __DUMMY__ 0.06502749853907598	false	1.0
miesepetrig	off 1.0	off 1.0	off 0.7059063864013341 neg 0.26315482645311117 __DUMMY__ 0.030938787145554775	false	1.0
alarmieren	neg 1.0		neg 0.49802598033437084 off 0.4373239522323133 __DUMMY__ 0.06465006743331587	false	1.0
ungeduscht	off 1.0		neg 0.4972451626599817 off 0.4380414347634749 __DUMMY__ 0.06471340257654339	false	0.5
knappheit	neg 1.0		neg 0.5046027256291684 off 0.43013282806542696 __DUMMY__ 0.06526444630540466	false	1.0
schlange	neg 1.0		neg 0.4952882782849648 off 0.43904516681579003 __DUMMY__ 0.06566655489924518	false	1.0
harsch	neg 1.0		neg 0.48868985058740666 off 0.44654846305252716 __DUMMY__ 0.06476168636006607	false	1.0
lang	neg 1.0		neg 0.4984187919822428 off 0.43619910307028603 __DUMMY__ 0.06538210494747115	false	1.0
ziellos	neg 1.0		neg 0.5012706934440463 off 0.43290524000337055 __DUMMY__ 0.06582406655258324	false	1.0
selbstverliebt	neg 1.0		neg 0.48554426375029974 off 0.4506841243532079 __DUMMY__ 0.06377161189649234	false	1.0
beseitigen	neg 1.0		neg 0.5007859758941942 off 0.43369457772409986 __DUMMY__ 0.06551944638170606	false	1.0
dumm	off 1.0		neg 0.4876458935296834 off 0.4479035969370529 __DUMMY__ 0.06445050953326383	false	0.5
arbeitsloser	neg 1.0		neg 0.5007622934398152 off 0.4334853888320151 __DUMMY__ 0.06575231772816968	false	1.0
blitzen	neg 1.0		neg 0.4957152615877145 off 0.43904084317302533 __DUMMY__ 0.0652438952392601	false	1.0
hilflos	neg 1.0		neg 0.5023269112503346 off 0.4323288035563498 __DUMMY__ 0.06534428519331546	false	1.0
eklig	off 1.0		neg 0.48956251167809567 off 0.4464147263319977 __DUMMY__ 0.06402276198990664	false	0.5
begriff			neg 0.4997707200556476 off 0.4347558296077784 __DUMMY__ 0.0654734503365741	false	0.0
hungersnot	neg 1.0		neg 0.5036298429575575 off 0.43102973324766747 __DUMMY__ 0.06534042379477494	false	1.0
ungesetzlich	neg 1.0		neg 0.5005716651981688 off 0.43438283667483485 __DUMMY__ 0.06504549812699632	false	1.0
verschwendung	neg 1.0		neg 0.5042524016998056 off 0.4301325519801762 __DUMMY__ 0.06561504632001808	false	1.0
schmerzvoll	neg 1.0		neg 0.4977700118378853 off 0.4369895110641856 __DUMMY__ 0.06524047709792902	false	1.0
vorzeitig	neg 1.0		neg 0.497869153661009 off 0.4371231428079426 __DUMMY__ 0.06500770353104846	false	1.0
unvollkommenheit	neg 1.0		neg 0.5001979604330347 off 0.43388909627362865 __DUMMY__ 0.0659129432933366	false	1.0
intervenieren	neg 1.0		neg 0.5051996843201979 off 0.4292837400886651 __DUMMY__ 0.0655165755911371	false	1.0
banause	off 1.0		neg 0.4885920576476038 off 0.447797019443851 __DUMMY__ 0.06361092290854525	false	0.5
rebell	neg 1.0		neg 0.5089355359216585 off 0.4253617744854494 __DUMMY__ 0.06570268959289216	false	1.0
unlogisch	neg 1.0		neg 0.4916589938774035 off 0.4436825557928036 __DUMMY__ 0.06465845032979296	false	1.0
leiden	neg 1.0		neg 0.5027691069145854 off 0.4311913398160203 __DUMMY__ 0.0660395532693942	false	1.0
abschaffung	neg 1.0		neg 0.49940252412250796 off 0.43526794930699586 __DUMMY__ 0.06532952657049618	false	1.0
sturz	neg 1.0		neg 0.500562144991854 off 0.4341964230291945 __DUMMY__ 0.06524143197895144	false	1.0
verkleinerung	neg 1.0		neg 0.49857300486453393 off 0.4365749872314601 __DUMMY__ 0.06485200790400598	false	1.0
schmarotzer	off 1.0		neg 0.5023282690153856 off 0.43235451546539655 __DUMMY__ 0.06531721551921786	false	0.5
bestrafung	neg 1.0		neg 0.49905478525567193 off 0.4357272242290833 __DUMMY__ 0.0652179905152448	false	1.0
achtlos	neg 1.0	neg 1.0	neg 0.7367408993903215 off 0.232099204333267 __DUMMY__ 0.0311598962764114	false	1.0
ungeheuer	neg 1.0		neg 0.49707230099721017 off 0.43773191491877267 __DUMMY__ 0.0651957840840171	false	1.0
unaufrichtig	neg 1.0		neg 0.49373510903374335 off 0.4406964982467247 __DUMMY__ 0.06556839271953194	false	1.0
groggy	neg 1.0		neg 0.49656176594725526 off 0.4382795903417372 __DUMMY__ 0.06515864371100773	false	1.0
verletzlich	neg 1.0		neg 0.4953104524387422 off 0.44012583648430836 __DUMMY__ 0.06456371107694939	false	1.0
