unsolidarisch	neg 1.0		neg 0.3674826686371899 off 0.31716110910810397 __DUMMY__ 0.3153562222547061	false	1.0
nachteilig	neg 1.0		neg 0.36819546038277945 __DUMMY__ 0.3182132094982499 off 0.3135913301189707	false	1.0
skeptisch	neg 1.0		neg 0.3688342927920474 __DUMMY__ 0.318289187101385 off 0.31287652010656763	false	1.0
schrecklich	neg 1.0		neg 0.3563940799841789 off 0.3295480532526123 __DUMMY__ 0.3140578667632088	false	1.0
schlapp	neg 1.0		neg 0.3594400352583988 off 0.32511241707879396 __DUMMY__ 0.3154475476628073	false	1.0
abfall	neg 1.0		neg 0.37068541868713 __DUMMY__ 0.32000422177178467 off 0.3093103595410854	false	1.0
widerspenstig	neg 1.0		neg 0.3644602320365518 off 0.31880106406937697 __DUMMY__ 0.31673870389407116	false	1.0
abrupt	neg 1.0		neg 0.367804836024366 __DUMMY__ 0.3183730931835632 off 0.313822070792071	false	1.0
unwirksam	neg 1.0		neg 0.3682304766071146 off 0.31686696288078364 __DUMMY__ 0.31490256051210175	false	1.0
angreifen	neg 1.0		neg 0.37077414169608097 __DUMMY__ 0.31730262016837235 off 0.3119232381355467	false	1.0
inkonsistent	neg 1.0		neg 0.367481929609861 off 0.31799358328586724 __DUMMY__ 0.31452448710427183	false	1.0
abrutschen	neg 1.0		neg 0.37151808913863005 __DUMMY__ 0.3191454469512573 off 0.3093364639101127	false	1.0
unsicher	neg 1.0		neg 0.36229272620762837 off 0.3195135015440707 __DUMMY__ 0.318193772248301	false	1.0
bauernkind	off 1.0	off 1.0	off 0.6504435425975098 neg 0.20178022654961408 __DUMMY__ 0.14777623085287617	false	1.0
angreifer	neg 1.0	neg 1.0	neg 0.6710922450872436 off 0.17694934683337665 __DUMMY__ 0.15195840807937971	false	1.0
trennen	neg 1.0		neg 0.3673329206487628 __DUMMY__ 0.3194448354232402 off 0.313222243927997	false	1.0
schmutz	neg 1.0		neg 0.36243225726497497 off 0.320561697054728 __DUMMY__ 0.317006045680297	false	1.0
inkonsistenz	neg 1.0		neg 0.36386139755238894 off 0.32314668496806775 __DUMMY__ 0.31299191747954336	false	1.0
erschreckend	neg 1.0		neg 0.3661240593233818 off 0.3173047274179544 __DUMMY__ 0.31657121325866383	false	1.0
ertrinken	neg 1.0		neg 0.37111455282214434 __DUMMY__ 0.31683489699483497 off 0.3120505501830205	false	1.0
pickelface	off 1.0		neg 0.36597117792598255 off 0.3171473847943849 __DUMMY__ 0.3168814372796325	false	0.5
seiner			neg 0.3686340800060938 __DUMMY__ 0.3181901365874614 off 0.31317578340644486	false	0.0
lauch	neg 1.0		neg 0.37111782854273867 __DUMMY__ 0.31906310592936904 off 0.3098190655278925	false	1.0
unwichtig	neg 1.0		neg 0.3610793453725352 off 0.3240583010117742 __DUMMY__ 0.3148623536156905	false	1.0
steuerhinterziehung	neg 1.0	neg 1.0	neg 0.6738176158917945 off 0.17395817140335773 __DUMMY__ 0.15222421270484787	false	1.0
schock	neg 1.0		neg 0.36608331516503667 off 0.3171168154478302 __DUMMY__ 0.3167998693871331	false	1.0
beule	neg 1.0		neg 0.36138464180313307 off 0.3249629520281498 __DUMMY__ 0.31365240616871715	false	1.0
vergelten	neg 1.0		neg 0.35543134909129676 off 0.32891196465788275 __DUMMY__ 0.3156566862508206	false	1.0
verdorbenheit	neg 1.0		neg 0.3621146939811301 off 0.3200569232056248 __DUMMY__ 0.3178283828132451	false	1.0
trauma	neg 1.0		neg 0.3643141187197716 off 0.31938647654385754 __DUMMY__ 0.31629940473637075	false	1.0
sinnlos	neg 1.0		neg 0.3622285068218107 off 0.32136597614019163 __DUMMY__ 0.3164055170379978	false	1.0
fettsack	off 1.0	off 1.0	off 0.6516764531796749 neg 0.19998914200090948 __DUMMY__ 0.14833440481941557	false	1.0
feige	off 1.0	off 1.0	off 0.6487886600325237 neg 0.2008730414108588 __DUMMY__ 0.15033829855661746	false	1.0
abdanken	neg 1.0		neg 0.3664355783873288 off 0.3171323919141421 __DUMMY__ 0.316432029698529	false	1.0
wichtigtuer	off 1.0	off 1.0	off 0.6476669612421507 neg 0.20096133138705682 __DUMMY__ 0.1513717073707925	false	1.0
misslingen	neg 1.0		neg 0.3587997427666118 off 0.3213877788848273 __DUMMY__ 0.319812478348561	false	1.0
untreu	off 1.0		neg 0.3603255721458327 off 0.3247699755840468 __DUMMY__ 0.3149044522701206	false	0.5
missmutig	neg 1.0		neg 0.3608810937624581 off 0.32390707355086423 __DUMMY__ 0.3152118326866778	false	1.0
hurenbock	off 1.0		neg 0.3643211211510555 off 0.32004025283345916 __DUMMY__ 0.31563862601548526	false	0.5
betrunken	neg 1.0		neg 0.3583616004579417 off 0.3269058590228125 __DUMMY__ 0.314732540519246	false	1.0
korrupt	off 1.0		neg 0.37005938727680293 __DUMMY__ 0.31568058612121275 off 0.3142600266019843	false	0.5
unmut	neg 1.0		neg 0.3708323068557415 __DUMMY__ 0.31946663416115834 off 0.30970105898310024	false	1.0
hackfresse	off 1.0		neg 0.3553896581141611 off 0.3328135982745509 __DUMMY__ 0.31179674361128806	false	0.5
aufblasen	neg 1.0		neg 0.36211440769983644 off 0.32109446034809996 __DUMMY__ 0.3167911319520636	false	1.0
gewaltsam	neg 1.0		neg 0.3682732287347673 __DUMMY__ 0.3161156460420598 off 0.31561112522317303	false	1.0
unbeliebtheit	neg 1.0		neg 0.3648732023487814 off 0.32159276370054224 __DUMMY__ 0.31353403395067636	false	1.0
sturheit	neg 1.0		neg 0.3676060426907618 __DUMMY__ 0.3162501611909602 off 0.31614379611827803	false	1.0
kuh	neg 1.0		neg 0.36826081391164706 off 0.3189440769233341 __DUMMY__ 0.31279510916501885	false	1.0
erschrecken	neg 1.0		neg 0.35979887823011536 off 0.32415321401471847 __DUMMY__ 0.3160479077551661	false	1.0
opfer	neg 1.0		neg 0.36803983095076176 __DUMMY__ 0.317688762641355 off 0.3142714064078832	false	1.0
sinken	neg 1.0		neg 0.3704460208459259 __DUMMY__ 0.3192471418185007 off 0.3103068373355731	false	1.0
stinktier	neg 1.0		neg 0.36422929044985214 off 0.3266637345796057 __DUMMY__ 0.3091069749705423	false	1.0
tucke	off 1.0		neg 0.35812699984011154 off 0.3324496527894265 __DUMMY__ 0.30942334737046195	false	0.5
ein			neg 0.3638893918628455 off 0.3196981200260316 __DUMMY__ 0.3164124881111228	false	0.0
abstieg	neg 1.0		neg 0.37000984473666554 __DUMMY__ 0.3174793053191065 off 0.312510849944228	false	1.0
missverstehen	neg 1.0		neg 0.3632366149301011 off 0.32162214726183214 __DUMMY__ 0.31514123780806685	false	1.0
ergebnislos	neg 1.0		neg 0.3694487024366878 __DUMMY__ 0.3180310995936414 off 0.31252019796967073	false	1.0
unter			neg 0.37213386489614914 __DUMMY__ 0.32249285504688446 off 0.30537328005696646	false	0.0
manipulieren	neg 1.0		neg 0.3687193245633422 __DUMMY__ 0.31869415830284614 off 0.3125865171338117	false	1.0
unbewiesen	neg 1.0		neg 0.36862263170866083 off 0.3166324197552561 __DUMMY__ 0.31474494853608304	false	1.0
verschleppen	neg 1.0		neg 0.36995576911470224 __DUMMY__ 0.31642499446558053 off 0.3136192364197172	false	1.0
weib	off 1.0		neg 0.36097544367194634 off 0.33084364208918376 __DUMMY__ 0.30818091423886984	false	0.5
opposition	neg 1.0		neg 0.36574882218554394 off 0.31926138392013753 __DUMMY__ 0.3149897938943185	false	1.0
verkehrswidrig	neg 1.0		neg 0.3544900660125904 off 0.33013961533318814 __DUMMY__ 0.3153703186542214	false	1.0
inkorrekt	neg 1.0		neg 0.35959935787588476 off 0.32757613946797265 __DUMMY__ 0.3128245026561425	false	1.0
vermeiden	neg 1.0	neg 1.0	neg 0.6741332716719793 off 0.1709173800253188 __DUMMY__ 0.15494934830270185	false	1.0
abweichung	neg 1.0	neg 1.0	neg 0.6716165688933002 off 0.17454927540475482 __DUMMY__ 0.1538341557019449	false	1.0
alkoholisiert	neg 1.0		neg 0.36797777139789 __DUMMY__ 0.3184971813673161 off 0.3135250472347939	false	1.0
scheiss	off 1.0	off 1.0	off 0.6493511084193906 neg 0.20009396945735577 __DUMMY__ 0.15055492212325355	false	1.0
herausforderung	neg 1.0		neg 0.3669057012503379 __DUMMY__ 0.3194011728721721 off 0.31369312587749004	false	1.0
pervers	off 1.0		neg 0.35458263986467614 off 0.3358087161790906 __DUMMY__ 0.3096086439562332	false	0.5
wackelig	neg 1.0		neg 0.3621991670513226 __DUMMY__ 0.3197476328420716 off 0.31805320010660576	false	1.0
verwickeln	neg 1.0		neg 0.36344127966325906 off 0.3211017797734131 __DUMMY__ 0.31545694056332785	false	1.0
vorwand	neg 1.0		neg 0.3700170538559443 __DUMMY__ 0.31805077019516936 off 0.3119321759488864	false	1.0
muschi	off 1.0		neg 0.3657141460167037 off 0.31737624818737475 __DUMMY__ 0.31690960579592153	false	0.5
entmutigung	neg 1.0		neg 0.3648637909620862 off 0.31931460738531897 __DUMMY__ 0.31582160165259493	false	1.0
unangemessen	neg 1.0		neg 0.367835975920289 __DUMMY__ 0.31624166613335375 off 0.3159223579463573	false	1.0
unstetig	neg 1.0		neg 0.3626987045310856 off 0.3214459550248762 __DUMMY__ 0.3158553404440382	false	1.0
entmutigen	neg 1.0		neg 0.3635989285257629 off 0.31975790405061594 __DUMMY__ 0.31664316742362114	false	1.0
schwanz	neg 1.0		neg 0.3684223273023633 __DUMMY__ 0.31734667564020963 off 0.3142309970574271	false	1.0
verbot	neg 1.0		neg 0.36845371519646636 __DUMMY__ 0.31694697325814414 off 0.31459931154538945	false	1.0
leid	neg 1.0		neg 0.3568840932836757 off 0.33062299387331545 __DUMMY__ 0.31249291284300895	false	1.0
archaisch	neg 1.0		neg 0.36722458683100534 __DUMMY__ 0.3164610399724303 off 0.3163143731965644	false	1.0
gegen			neg 0.37084611301051196 __DUMMY__ 0.3189788372268792 off 0.3101750497626087	false	0.0
scheidung	neg 1.0		neg 0.3466311966569089 off 0.34243830709392264 __DUMMY__ 0.3109304962491684	false	1.0
einschlag	neg 1.0		neg 0.3581971720344424 off 0.3277198700038309 __DUMMY__ 0.3140829579617267	false	1.0
m			neg 0.3655220445475902 __DUMMY__ 0.3181757893462899 off 0.31630216610612	false	0.0
abgestanden	neg 1.0		neg 0.36674949204297985 off 0.3181379170205348 __DUMMY__ 0.3151125909364854	false	1.0
schmierig	off 1.0		neg 0.35657509649113356 off 0.33014622711023367 __DUMMY__ 0.31327867639863266	false	0.5
unpraktisch	neg 1.0		neg 0.36282406985684973 off 0.32060685056393085 __DUMMY__ 0.3165690795792195	false	1.0
wixxer	off 1.0		neg 0.3565762689287377 off 0.335075921574069 __DUMMY__ 0.3083478094971932	false	0.5
bezeichnet			neg 0.3672663427046341 off 0.31747111589019505 __DUMMY__ 0.31526254140517096	false	0.0
jammerlappen	off 1.0		neg 0.3592178795339178 off 0.32487758809250705 __DUMMY__ 0.3159045323735751	false	0.5
farce	neg 1.0		neg 0.36872880202107194 __DUMMY__ 0.3160039634483922 off 0.31526723453053596	false	1.0
zwecklos	neg 1.0		neg 0.3679295862001242 __DUMMY__ 0.3164925870796751 off 0.31557782672020074	false	1.0
turbulent	neg 1.0		neg 0.36229075550944084 off 0.3246439341735948 __DUMMY__ 0.31306531031696455	false	1.0
invasion	neg 1.0		neg 0.36333014570789535 off 0.32071207444547817 __DUMMY__ 0.31595777984662654	false	1.0
schuld	neg 1.0		neg 0.3648935722818002 off 0.31934536288973436 __DUMMY__ 0.3157610648284654	false	1.0
risiko	neg 1.0	neg 1.0	neg 0.6700943040545091 off 0.17710297828496482 __DUMMY__ 0.1528027176605261	false	1.0
finster	neg 1.0		neg 0.36579632326783895 off 0.3191512023857744 __DUMMY__ 0.31505247434638667	false	1.0
geisteskrank	off 1.0		neg 0.3618192378389022 off 0.32518472157495193 __DUMMY__ 0.3129960405861458	false	0.5
zusammenbrechen	neg 1.0		neg 0.3658200646423475 __DUMMY__ 0.3175853296798956 off 0.3165946056777568	false	1.0
ausbeute	neg 1.0		neg 0.3599763716291642 __DUMMY__ 0.3221843281300286 off 0.31783930024080714	false	1.0
hinterhalt	neg 1.0		neg 0.3655702015713442 __DUMMY__ 0.3178557348992185 off 0.31657406352943723	false	1.0
kritik	neg 1.0		neg 0.36919415402410694 __DUMMY__ 0.3158961133524064 off 0.31490973262348654	false	1.0
einschrumpfen	neg 1.0		neg 0.36424868578944924 off 0.32185760675760455 __DUMMY__ 0.3138937074529463	false	1.0
riskant	neg 1.0		neg 0.37004014027836607 __DUMMY__ 0.31719124376387436 off 0.3127686159577596	false	1.0
frustrieren	neg 1.0		neg 0.3682614862990432 __DUMMY__ 0.3174701847208535 off 0.3142683289801033	false	1.0
groll	neg 1.0		neg 0.3684837334477141 __DUMMY__ 0.3165483368693751 off 0.3149679296829106	false	1.0
gibt			neg 0.36496909065202776 __DUMMY__ 0.31799760811556405 off 0.3170333012324081	false	0.0
qualvoll	neg 1.0		neg 0.3629196723709414 off 0.32172178639221893 __DUMMY__ 0.31535854123683965	false	1.0
wackeln	neg 1.0		neg 0.3622125208846842 off 0.320252449437736 __DUMMY__ 0.3175350296775797	false	1.0
klagen	neg 1.0		neg 0.3708433865266873 __DUMMY__ 0.3188666494809617 off 0.3102899639923511	false	1.0
bankrott	neg 1.0		neg 0.3599439462409071 off 0.324015290145859 __DUMMY__ 0.31604076361323385	false	1.0
trauern	neg 1.0		neg 0.36809551594110224 __DUMMY__ 0.3180655084211436 off 0.31383897563775404	false	1.0
ablehnung	neg 1.0		neg 0.3688880361739553 __DUMMY__ 0.3162650877381902 off 0.31484687608785455	false	1.0
stur	neg 1.0		neg 0.3643665852221269 off 0.3197286864736825 __DUMMY__ 0.3159047283041905	false	1.0
aufruhr	neg 1.0	neg 1.0	neg 0.6725940849028424 off 0.17510615065717866 __DUMMY__ 0.15229976443997897	false	1.0
melancholie	neg 1.0		neg 0.36794746521990657 __DUMMY__ 0.3174065392799656 off 0.31464599550012773	false	1.0
ist			neg 0.36238308616358816 off 0.3211113123075162 __DUMMY__ 0.3165056015288956	false	0.0
torheit	neg 1.0		neg 0.36438053685611904 off 0.31890075338450574 __DUMMY__ 0.31671870975937505	false	1.0
dreckskind	off 1.0		neg 0.3600862418909173 off 0.3299171243985298 __DUMMY__ 0.30999663371055275	false	0.5
umtauschen	neg 1.0		neg 0.3646087561782215 off 0.31833904280300923 __DUMMY__ 0.31705220101876913	false	1.0
zum			neg 0.36718987992354135 __DUMMY__ 0.3227161325465566 off 0.3100939875299021	false	0.0
zersetzen	neg 1.0		neg 0.37118899041317693 __DUMMY__ 0.3171772638399436 off 0.31163374574687963	false	1.0
zur			neg 0.37092076703455856 __DUMMY__ 0.32116135235724896 off 0.3079178806081924	false	0.0
frust	neg 1.0		neg 0.3654054662579819 __DUMMY__ 0.31783826543833377 off 0.31675626830368414	false	1.0
unerbittlichkeit	neg 1.0		neg 0.3705071101250243 __DUMMY__ 0.31760519154347483 off 0.3118876983315009	false	1.0
zwei			neg 0.36762061707548743 __DUMMY__ 0.32162725635852746 off 0.31075212656598505	false	0.0
unkorrekt	neg 1.0		neg 0.3572826084595822 off 0.32832889134073084 __DUMMY__ 0.31438850019968684	false	1.0
hexe	off 1.0		neg 0.366413138041048 off 0.3218692936642273 __DUMMY__ 0.3117175682947247	false	0.5
lasch	neg 1.0		neg 0.363124051018149 off 0.32239139461635397 __DUMMY__ 0.31448455436549705	false	1.0
rivale	neg 1.0		neg 0.3599403643153728 off 0.32637615024277333 __DUMMY__ 0.313683485441854	false	1.0
mutlos	off 1.0	off 1.0	off 0.6429097558915043 neg 0.20479550577419953 __DUMMY__ 0.15229473833429608	false	1.0
wirr	off 1.0		neg 0.3599856599840034 off 0.32772452652369033 __DUMMY__ 0.3122898134923062	false	0.5
jahr			neg 0.36187784916557947 __DUMMY__ 0.3228619910229827 off 0.3152601598114379	false	0.0
wird			neg 0.3667267260058244 __DUMMY__ 0.3178910559748203 off 0.3153822180193551	false	0.0
strafbar	neg 1.0		neg 0.36791074084168196 __DUMMY__ 0.317989916527359 off 0.31409934263095907	false	1.0
erosion	neg 1.0		neg 0.3629038107340629 off 0.3193154761002161 __DUMMY__ 0.31778071316572093	false	1.0
eingehen	neg 1.0		neg 0.36875692130329824 __DUMMY__ 0.3173698433892429 off 0.3138732353074589	false	1.0
faul	off 1.0		neg 0.36038752250908024 off 0.3238284926734119 __DUMMY__ 0.3157839848175079	false	0.5
provisorium	neg 1.0		neg 0.3688719361230336 __DUMMY__ 0.3238230922678626 off 0.30730497160910386	false	1.0
schmerzen	neg 1.0		neg 0.36715027090236296 off 0.3166931862365728 __DUMMY__ 0.3161565428610643	false	1.0
schrumpfen	neg 1.0		neg 0.37398261292930207 __DUMMY__ 0.31914402472890746 off 0.3068733623417904	false	1.0
geistlos	off 1.0		neg 0.3663079572228082 off 0.32001654651137373 __DUMMY__ 0.31367549626581803	false	0.5
fehlkauf	neg 1.0		neg 0.3639748371867061 off 0.32023842273636605 __DUMMY__ 0.315786740076928	false	1.0
frustrierend	neg 1.0		neg 0.36077763040067234 off 0.3234155124941076 __DUMMY__ 0.31580685710522016	false	1.0
unzufrieden	neg 1.0		neg 0.36753629702280094 __DUMMY__ 0.3169401912080186 off 0.3155235117691806	false	1.0
verzweifeln	neg 1.0		neg 0.36537084967019745 off 0.31748792509077606 __DUMMY__ 0.31714122523902644	false	1.0
verzweifelt	neg 1.0	neg 1.0	neg 0.6723089372981255 off 0.17634609128212742 __DUMMY__ 0.15134497141974715	false	1.0
misstrauensantrag	neg 1.0		neg 0.36361207525446526 off 0.3206965235701888 __DUMMY__ 0.315691401175346	false	1.0
abfallen	neg 1.0		neg 0.36213028806932046 off 0.3203615954890068 __DUMMY__ 0.3175081164416728	false	1.0
fucker	off 1.0		neg 0.3583204586456761 off 0.3274694624888138 __DUMMY__ 0.3142100788655101	false	0.5
ungezogen	neg 1.0		neg 0.35411174771187803 off 0.33533209912283807 __DUMMY__ 0.31055615316528384	false	1.0
irrsinnig	neg 1.0	neg 1.0	neg 0.6718607019507341 off 0.17652853610316663 __DUMMY__ 0.15161076194609935	false	1.0
unfassbar	neg 1.0		neg 0.35842683986943197 off 0.3261538428909424 __DUMMY__ 0.31541931723962574	false	1.0
hart	neg 1.0		neg 0.363010801970145 off 0.32366781486468815 __DUMMY__ 0.3133213831651669	false	1.0
widerlich	off 1.0		neg 0.3603657312395166 off 0.3258210691348382 __DUMMY__ 0.3138131996256452	false	0.5
fatal	neg 1.0		neg 0.36328576532411044 off 0.3209583231283359 __DUMMY__ 0.3157559115475536	false	1.0
bruch	neg 1.0		neg 0.3701828727409334 __DUMMY__ 0.31898231521847625 off 0.31083481204059044	false	1.0
aushungern	neg 1.0		neg 0.3667055698816433 __DUMMY__ 0.31726640785449656 off 0.3160280222638601	false	1.0
anspannung	neg 1.0		neg 0.3705548376778963 __DUMMY__ 0.32086627686546 off 0.3085788854566437	false	1.0
von			neg 0.36046004498398837 __DUMMY__ 0.32366635203987126 off 0.3158736029761403	false	0.0
kraftlos	neg 1.0		neg 0.36609872418488437 __DUMMY__ 0.3178610228554639 off 0.3160402529596517	false	1.0
vom			neg 0.3680350360864632 __DUMMY__ 0.3239639075969834 off 0.30800105631655345	false	0.0
grenzdebil	off 1.0		neg 0.3582565685336454 off 0.32649123883617154 __DUMMY__ 0.31525219263018295	false	0.5
vor			neg 0.36770352761483044 __DUMMY__ 0.31987285080045336 off 0.31242362158471626	false	0.0
unterwerfen	neg 1.0		neg 0.3686076873050797 __DUMMY__ 0.3174026743358079 off 0.3139896383591123	false	1.0
versenkung	neg 1.0		neg 0.36569099712659087 __DUMMY__ 0.3189653896387264 off 0.3153436132346827	false	1.0
entziehen	neg 1.0		neg 0.370409033659297 __DUMMY__ 0.3187157925603181 off 0.310875173780385	false	1.0
finanzkrise	neg 1.0		neg 0.3698038497233772 off 0.31531065987031526 __DUMMY__ 0.31488549040630764	false	1.0
schimpfend	neg 1.0		neg 0.363721691575015 off 0.3205326034279403 __DUMMY__ 0.31574570499704463	false	1.0
profan	neg 1.0		neg 0.36298555308419667 off 0.3215030136820285 __DUMMY__ 0.3155114332337748	false	1.0
korruption	neg 1.0		neg 0.3691523092441776 __DUMMY__ 0.31674243548085335 off 0.3141052552749691	false	1.0
â			neg 0.36606184816131837 __DUMMY__ 0.31830995582646954 off 0.3156281960122122	false	0.0
schmutzig	neg 1.0		neg 0.357685138133368 off 0.3270640715897472 __DUMMY__ 0.3152507902768848	false	1.0
sexy	neg 1.0		neg 0.36096511560509986 off 0.3230338909189922 __DUMMY__ 0.31600099347590793	false	1.0
abraten	neg 1.0		neg 0.3614094802116975 off 0.3216789553726144 __DUMMY__ 0.316911564415688	false	1.0
schwarz	neg 1.0		neg 0.3639618163628354 off 0.32011629838822975 __DUMMY__ 0.3159218852489348	false	1.0
fotze	off 1.0	off 1.0	off 0.6445827517174217 neg 0.20271499084830263 __DUMMY__ 0.15270225743427557	false	1.0
verwirren	neg 1.0		neg 0.3616696187782817 off 0.3224221457886293 __DUMMY__ 0.315908235433089	false	1.0
zahnlos	off 1.0		neg 0.3668232722187905 __DUMMY__ 0.3167432510729457 off 0.3164334767082637	false	0.5
verheeren	neg 1.0		neg 0.3532363191606545 off 0.33657107207133724 __DUMMY__ 0.31019260876800825	false	1.0
hippie	neg 1.0		neg 0.3617767932431102 off 0.32238755541693465 __DUMMY__ 0.3158356513399551	false	1.0
rammen	neg 1.0		neg 0.36902779573488714 off 0.31771441463351635 __DUMMY__ 0.3132577896315965	false	1.0
unlauter	neg 1.0		neg 0.3658765814131817 off 0.3188187346717084 __DUMMY__ 0.31530468391510985	false	1.0
unheilvoll	neg 1.0		neg 0.364698534100002 off 0.31995463530739593 __DUMMY__ 0.31534683059260193	false	1.0
niedrig	neg 1.0		neg 0.37122704609674284 __DUMMY__ 0.31678122364726546 off 0.3119917302559917	false	1.0
explosion	neg 1.0		neg 0.36152346025708765 off 0.32217344155319455 __DUMMY__ 0.3163030981897179	false	1.0
weichei	off 1.0	off 1.0	off 0.652821510340583 neg 0.1977095853625546 __DUMMY__ 0.14946890429686235	false	1.0
minusmensch	off 1.0		neg 0.361026907256075 off 0.3311448792124412 __DUMMY__ 0.3078282135314837	false	0.5
farblos	neg 1.0		neg 0.36719117980259736 off 0.3170347464024942 __DUMMY__ 0.31577407379490835	false	1.0
unwissend	neg 1.0	neg 1.0	neg 0.669481217144631 off 0.1793228328645806 __DUMMY__ 0.15119594999078825	false	1.0
traurig	neg 1.0		neg 0.3564742699547665 off 0.3289213657817767 __DUMMY__ 0.3146043642634568	false	1.0
senkung	neg 1.0		neg 0.36464549609554897 off 0.32072309956389056 __DUMMY__ 0.3146314043405605	false	1.0
ungleich	neg 1.0	neg 1.0	neg 0.6739906551129701 off 0.17304507531551028 __DUMMY__ 0.15296426957151962	false	1.0
heikel	neg 1.0		neg 0.3690934956311139 __DUMMY__ 0.3176971800531558 off 0.3132093243157305	false	1.0
drosselung	neg 1.0		neg 0.36094626716355166 off 0.325131427178415 __DUMMY__ 0.3139223056580334	false	1.0
falsch	neg 1.0		neg 0.36076694450500896 off 0.32362261182079904 __DUMMY__ 0.31561044367419205	false	1.0
unzufriedenheit	neg 1.0		neg 0.370367616174457 __DUMMY__ 0.3181952981375631 off 0.31143708568797995	false	1.0
kurz	neg 1.0		neg 0.36232202527012614 __DUMMY__ 0.3192470999498895 off 0.31843087477998433	false	1.0
unsinnig	neg 1.0		neg 0.3665041053701482 off 0.3167828110436231 __DUMMY__ 0.3167130835862288	false	1.0
penner	off 1.0	off 1.0	off 0.6538439485180632 neg 0.1968341755337438 __DUMMY__ 0.14932187594819313	false	1.0
seicht	neg 1.0		neg 0.35464554586595615 off 0.3347369668668172 __DUMMY__ 0.31061748726722666	false	1.0
dummheit	off 1.0	off 1.0	off 0.6473816680911645 neg 0.20184865690041134 __DUMMY__ 0.15076967500842417	false	1.0
unerfreulich	neg 1.0		neg 0.36802454960442654 __DUMMY__ 0.3189322502907304 off 0.31304320010484304	false	1.0
motherfucker	off 1.0	off 1.0	off 0.6504428954596693 neg 0.1989072772179115 __DUMMY__ 0.15064982732241933	false	1.0
pikiert	neg 1.0		neg 0.3618168204935041 off 0.3245346029322444 __DUMMY__ 0.3136485765742516	false	1.0
wrack	neg 1.0		neg 0.36857893832847427 __DUMMY__ 0.3164928570365956 off 0.31492820463493015	false	1.0
gangster	neg 1.0		neg 0.3617835845258106 off 0.32243397694777776 __DUMMY__ 0.31578243852641164	false	1.0
krank	neg 1.0		neg 0.357329827462887 off 0.32692266926258357 __DUMMY__ 0.3157475032745295	false	1.0
reich	neg 1.0		neg 0.3606339487099201 off 0.32436164237491105 __DUMMY__ 0.31500440891516884	false	1.0
gnadenlos	neg 1.0		neg 0.36470990358162936 off 0.3194612702692355 __DUMMY__ 0.31582882614913527	false	1.0
niedergeschlagen	neg 1.0		neg 0.3658180531204654 __DUMMY__ 0.31726610194726745 off 0.31691584493226704	false	1.0
terrorisieren	off 1.0	off 1.0	off 0.6435843437670751 neg 0.2034817434721883 __DUMMY__ 0.1529339127607365	false	1.0
sinnlosigkeit	neg 1.0		neg 0.3671055513103929 __DUMMY__ 0.31697373536384466 off 0.3159207133257624	false	1.0
behindern	neg 1.0		neg 0.36563867848765336 off 0.3175137634606392 __DUMMY__ 0.31684755805170745	false	1.0
undemokratisch	neg 1.0		neg 0.3645406446644363 off 0.31930893898720686 __DUMMY__ 0.3161504163483569	false	1.0
wirtschaftskrise	neg 1.0		neg 0.3708642461510515 __DUMMY__ 0.31595864799185136 off 0.3131771058570971	false	1.0
neid	neg 1.0		neg 0.358643142428247 off 0.3244306771257266 __DUMMY__ 0.3169261804460265	false	1.0
rutschen	neg 1.0		neg 0.3674624118337529 __DUMMY__ 0.32181304350967377 off 0.31072454465657345	false	1.0
rezession	neg 1.0		neg 0.363517532619709 off 0.3260217107537798 __DUMMY__ 0.31046075662651124	false	1.0
fehlgeburt	neg 1.0		neg 0.3634611972030604 off 0.3204168305141966 __DUMMY__ 0.316121972282743	false	1.0
charakterschwach	off 1.0		neg 0.3606047338949673 off 0.3255503581555012 __DUMMY__ 0.3138449079495316	false	0.5
isolation	neg 1.0		neg 0.3610715284152381 off 0.3230510049953794 __DUMMY__ 0.3158774665893824	false	1.0
ablenkung	neg 1.0		neg 0.3624378834771327 off 0.31964589377199215 __DUMMY__ 0.31791622275087517	false	1.0
pech	neg 1.0		neg 0.3606353170585797 off 0.3234032159255405 __DUMMY__ 0.31596146701587985	false	1.0
vermeidung	neg 1.0		neg 0.36022711558384846 off 0.3255528061610458 __DUMMY__ 0.31422007825510573	false	1.0
dominieren	neg 1.0		neg 0.3685390666739943 __DUMMY__ 0.3176601716373651 off 0.3138007616886407	false	1.0
schwindlig	neg 1.0		neg 0.36176527882195747 off 0.3216362584019723 __DUMMY__ 0.31659846277607034	false	1.0
lutscher	neg 1.0	neg 1.0	neg 0.6661703055198984 off 0.18515268922287692 __DUMMY__ 0.14867700525722471	false	1.0
pflicht	neg 1.0		neg 0.3700349731726994 __DUMMY__ 0.3180987788368721 off 0.3118662479904285	false	1.0
faschist	off 1.0		neg 0.3620560026583178 off 0.3223369994743937 __DUMMY__ 0.3156069978672885	false	0.5
verschleudern	neg 1.0		neg 0.3688885529566273 __DUMMY__ 0.31793328937844106 off 0.31317815766493157	false	1.0
wenn			neg 0.36078948874617534 off 0.3236914628352158 __DUMMY__ 0.31551904841860867	false	0.0
ehebruch	neg 1.0		neg 0.36866194790322576 __DUMMY__ 0.3170506573089458 off 0.3142873947878283	false	1.0
spott	off 1.0		neg 0.3687845338418484 __DUMMY__ 0.3173182862910105 off 0.31389717986714105	false	0.5
trostlosigkeit	neg 1.0		neg 0.37098341640792615 __DUMMY__ 0.31810736890108043 off 0.31090921469099336	false	1.0
lutschen	neg 1.0		neg 0.3647396202073196 off 0.32143039658124006 __DUMMY__ 0.3138299832114404	false	1.0
undiszipliniert	neg 1.0		neg 0.35803183086601575 off 0.32783792350078633 __DUMMY__ 0.3141302456331978	false	1.0
kopfschmerz	neg 1.0		neg 0.3696418889749596 __DUMMY__ 0.3156121309850405 off 0.31474598003999993	false	1.0
unvorhergesehen	neg 1.0		neg 0.3654486999166889 __DUMMY__ 0.32003897885959026 off 0.3145123212237208	false	1.0
desinteressiert	neg 1.0	neg 1.0	neg 0.668603328435752 off 0.18070870781393564 __DUMMY__ 0.1506879637503123	false	1.0
armselig	off 1.0		neg 0.35913405147224775 off 0.32788249676422626 __DUMMY__ 0.312983451763526	false	0.5
desaster	neg 1.0		neg 0.37080238828266127 __DUMMY__ 0.3190784919309149 off 0.31011911978642376	false	1.0
tod	neg 1.0		neg 0.3685484763975709 __DUMMY__ 0.31707359749370395 off 0.3143779261087251	false	1.0
herzlos	neg 1.0		neg 0.35807567508714855 off 0.3282880308221843 __DUMMY__ 0.31363629409066723	false	1.0
unwissenheit	neg 1.0		neg 0.36813254653178523 __DUMMY__ 0.31666654720223686 off 0.3152009062659779	false	1.0
widersinnig	neg 1.0		neg 0.36929831531186247 __DUMMY__ 0.3159197649285242 off 0.3147819197596134	false	1.0
bedenklich	neg 1.0		neg 0.368335695938501 __DUMMY__ 0.31722046381897784 off 0.3144438402425213	false	1.0
beanstanden	neg 1.0		neg 0.36934078717091967 __DUMMY__ 0.3187479283945746 off 0.3119112844345057	false	1.0
panisch	neg 1.0	neg 1.0	neg 0.6689694782858284 off 0.17828396012112793 __DUMMY__ 0.15274656159304367	false	1.0
debil	off 1.0		neg 0.3729649573661123 __DUMMY__ 0.3209934040307825 off 0.30604163860310507	false	0.5
abstrich	neg 1.0		neg 0.3627258914323849 __DUMMY__ 0.31874142020703716 off 0.318532688360578	false	1.0
primitiv	neg 1.0		neg 0.3599707436953758 off 0.3261601574414606 __DUMMY__ 0.31386909886316366	false	1.0
abschaum	off 1.0	off 1.0	off 0.6491690987610249 neg 0.2000707501676588 __DUMMY__ 0.15076015107131627	false	1.0
provozieren	neg 1.0		neg 0.36581456262362466 off 0.31886626349991753 __DUMMY__ 0.3153191738764579	false	1.0
tot	neg 1.0		neg 0.36798486527369206 __DUMMY__ 0.3169789521411323 off 0.3150361825851757	false	1.0
instabil	neg 1.0		neg 0.35969594452307985 off 0.32712707869678814 __DUMMY__ 0.31317697678013195	false	1.0
schwuchtel	off 1.0	off 1.0	off 0.6568430877854863 neg 0.19570050945041764 __DUMMY__ 0.147456402764096	false	1.0
zerren	neg 1.0		neg 0.3664737057407813 __DUMMY__ 0.31731461883098216 off 0.3162116754282366	false	1.0
kinderficker	off 1.0		neg 0.35597023561991314 off 0.3312539061104601 __DUMMY__ 0.3127758582696267	false	0.5
gefahr	neg 1.0		neg 0.36941670969095886 __DUMMY__ 0.3188907806696596 off 0.31169250963938155	false	1.0
rabiat	neg 1.0		neg 0.364446301210968 off 0.31877968100960324 __DUMMY__ 0.3167740177794286	false	1.0
verlangsamung	neg 1.0		neg 0.35928283965147717 off 0.33099080822228444 __DUMMY__ 0.30972635212623834	false	1.0
ausgestorben	neg 1.0		neg 0.36397665425942166 off 0.3187271021793097 __DUMMY__ 0.31729624356126856	false	1.0
anklagen	neg 1.0		neg 0.36897077457798716 __DUMMY__ 0.3167041408444048 off 0.31432508457760805	false	1.0
trott	neg 1.0		neg 0.36518091806175795 off 0.3179791555638932 __DUMMY__ 0.31683992637434877	false	1.0
verminderung	neg 1.0		neg 0.35926775417852663 off 0.3263164035615334 __DUMMY__ 0.31441584225994007	false	1.0
nach			neg 0.3682498353076786 __DUMMY__ 0.32229614040858395 off 0.30945402428373736	false	0.0
rost	neg 1.0		neg 0.3572302583047158 off 0.3309710917975999 __DUMMY__ 0.3117986498976843	false	1.0
destruktiv	neg 1.0		neg 0.36584266721256564 off 0.31792756079130324 __DUMMY__ 0.3162297719961311	false	1.0
unzumutbarkeit	neg 1.0		neg 0.3606241143669313 off 0.32463080960355195 __DUMMY__ 0.3147450760295169	false	1.0
labil	off 1.0	off 1.0	off 0.6487263748466786 neg 0.20026085138762711 __DUMMY__ 0.15101277376569427	false	1.0
ziemlich	neg 1.0		neg 0.35782883682461625 off 0.3263028914630863 __DUMMY__ 0.31586827171229753	false	1.0
lachnummer	off 1.0		neg 0.3653071945726845 off 0.31866323014696474 __DUMMY__ 0.3160295752803508	false	0.5
oder			neg 0.361837083868885 off 0.320511928878029 __DUMMY__ 0.317650987253086	false	0.0
verfall	neg 1.0		neg 0.37322279650198503 __DUMMY__ 0.31951856578867405 off 0.3072586377093409	false	1.0
ausgrenzung	neg 1.0		neg 0.36427203550610593 off 0.3198834975526205 __DUMMY__ 0.3158444669412736	false	1.0
unordnung	neg 1.0		neg 0.35698741418493657 off 0.3281124461737552 __DUMMY__ 0.3149001396413082	false	1.0
fehlverhalten	neg 1.0		neg 0.3709626369747615 __DUMMY__ 0.31711104841565696 off 0.3119263146095817	false	1.0
eine			neg 0.3670275374887322 __DUMMY__ 0.3197578979355872 off 0.3132145645756806	false	0.0
nille	neg 1.0		neg 0.36470590489109384 off 0.31810084896568136 __DUMMY__ 0.31719324614322486	false	1.0
qual	neg 1.0		neg 0.36534881549848947 off 0.3175985107512248 __DUMMY__ 0.31705267375028573	false	1.0
verschwenden	neg 1.0		neg 0.36940019540367974 __DUMMY__ 0.3171093517867903 off 0.3134904528095299	false	1.0
riesig	neg 1.0		neg 0.3677531894313829 __DUMMY__ 0.317779483192929 off 0.3144673273756881	false	1.0
verurteilen	neg 1.0		neg 0.3692113130172298 __DUMMY__ 0.3161373625793948 off 0.31465132440337545	false	1.0
klischee	neg 1.0	neg 1.0	neg 0.6706246105242673 off 0.17822651314914034 __DUMMY__ 0.15114887632659246	false	1.0
diktatorisch	neg 1.0		neg 0.36552282094955185 off 0.3189958263504855 __DUMMY__ 0.3154813526999627	false	1.0
vorhersehbar	neg 1.0		neg 0.36345537314090076 off 0.3217216555094815 __DUMMY__ 0.3148229713496176	false	1.0
sowie			neg 0.3589372172949764 off 0.32944899198786515 __DUMMY__ 0.3116137907171585	false	0.0
stornieren	neg 1.0		neg 0.35722420466368854 off 0.3233181679967742 __DUMMY__ 0.31945762733953714	false	1.0
besteuerung	neg 1.0		neg 0.36879763967597595 off 0.31721756364465503 __DUMMY__ 0.3139847966793689	false	1.0
ungeschminkt	neg 1.0		neg 0.3645186069493864 off 0.32386107884549253 __DUMMY__ 0.31162031420512115	false	1.0
kritisch	neg 1.0		neg 0.3679716443740311 __DUMMY__ 0.31763918735396746 off 0.31438916827200153	false	1.0
schlamperei	off 1.0		neg 0.3686520500300315 __DUMMY__ 0.31834882817882987 off 0.31299912179113865	false	0.5
sucht	neg 1.0	neg 1.0	neg 0.6691775857182852 off 0.17731037925475465 __DUMMY__ 0.15351203502695998	false	1.0
egoistisch	off 1.0		neg 0.35701100789422197 off 0.33099846857794357 __DUMMY__ 0.3119905235278346	false	0.5
ausbeuter	off 1.0		neg 0.3716108435401301 __DUMMY__ 0.3167374949273397 off 0.31165166153253004	false	0.5
arschgeburt	off 1.0		neg 0.35580596458417996 off 0.33726569232521264 __DUMMY__ 0.30692834309060724	false	0.5
schubs	neg 1.0		neg 0.365859864193887 __DUMMY__ 0.3175675463129875 off 0.31657258949312556	false	1.0
unsolide	neg 1.0		neg 0.36560612272184584 off 0.31950861852531126 __DUMMY__ 0.314885258752843	false	1.0
beschwerde	neg 1.0		neg 0.3699172481522782 __DUMMY__ 0.31702800408554216 off 0.31305474776217956	false	1.0
stocken	neg 1.0		neg 0.3695194964176589 __DUMMY__ 0.3176315553701097 off 0.31284894821223147	false	1.0
isolieren	neg 1.0		neg 0.3672164903526887 __DUMMY__ 0.31768378026955085 off 0.3150997293777604	false	1.0
unheilbar	neg 1.0		neg 0.36400851031442993 off 0.31910722672212094 __DUMMY__ 0.3168842629634492	false	1.0
pisser	off 1.0		neg 0.36192703699618606 off 0.3261815243229621 __DUMMY__ 0.31189143868085195	false	0.5
löschen	neg 1.0		neg 0.36519857433302494 off 0.3181975034266144 __DUMMY__ 0.31660392224036066	false	1.0
durchfallen	neg 1.0		neg 0.368360396630384 __DUMMY__ 0.3168761034307345 off 0.3147634999388816	false	1.0
wichser	off 1.0	off 1.0	off 0.6556643013827255 neg 0.19571734543041513 __DUMMY__ 0.1486183531868594	false	1.0
terror	neg 1.0		neg 0.3616539535713389 off 0.322249981242319 __DUMMY__ 0.316096065186342	false	1.0
krass	neg 1.0		neg 0.35877919302624994 off 0.32849772875284594 __DUMMY__ 0.3127230782209041	false	1.0
revolte	neg 1.0		neg 0.3648441854563345 off 0.31994844518279436 __DUMMY__ 0.31520736936087124	false	1.0
besorgt	neg 1.0		neg 0.3627551083402525 __DUMMY__ 0.3192766623423245 off 0.3179682293174231	false	1.0
nachlassen	neg 1.0		neg 0.36675795037944287 __DUMMY__ 0.31914426657183764 off 0.31409778304871944	false	1.0
alt	neg 1.0		neg 0.368444845042321 __DUMMY__ 0.3166067775303523 off 0.31494837742732673	false	1.0
hundesohn	off 1.0		neg 0.35598607071270805 off 0.3344212626998102 __DUMMY__ 0.3095926665874817	false	0.5
als			neg 0.3651316480005642 __DUMMY__ 0.3180801095277219 off 0.31678824247171383	false	0.0
abschreckung	neg 1.0		neg 0.37052483555221744 __DUMMY__ 0.3182857820565009 off 0.31118938239128174	false	1.0
unqualifiziert	neg 1.0		neg 0.36253435509650195 off 0.3227974984087544 __DUMMY__ 0.3146681464947437	false	1.0
abgewichst	off 1.0		neg 0.36466890922984735 __DUMMY__ 0.31769952591531286 off 0.3176315648548396	false	0.5
schwer	neg 1.0		neg 0.3653388941905438 off 0.31790146574777467 __DUMMY__ 0.3167596400616815	false	1.0
bedeutungslosigkeit	neg 1.0		neg 0.3696164236686817 __DUMMY__ 0.31797784311202015 off 0.31240573321929804	false	1.0
kapitulation	neg 1.0		neg 0.36858935321272857 __DUMMY__ 0.3175974223560605 off 0.3138132244312109	false	1.0
unscharf	neg 1.0		neg 0.36519951689014724 off 0.3203787216863693 __DUMMY__ 0.3144217614234835	false	1.0
schwinden	neg 1.0		neg 0.3704404828915971 __DUMMY__ 0.3177932394321258 off 0.31176627767627707	false	1.0
versklavung	neg 1.0		neg 0.36552614044215787 off 0.3186478096503031 __DUMMY__ 0.31582604990753893	false	1.0
schlecht	neg 1.0		neg 0.3575473859695074 off 0.3265442879699409 __DUMMY__ 0.3159083260605516	false	1.0
verhasst	neg 1.0		neg 0.36645818405124947 off 0.3190160889760065 __DUMMY__ 0.31452572697274395	false	1.0
beschweren	neg 1.0		neg 0.3621544576894311 off 0.3213212151266818 __DUMMY__ 0.31652432718388707	false	1.0
scheiden	neg 1.0		neg 0.3627271887773037 off 0.3193321608424786 __DUMMY__ 0.3179406503802178	false	1.0
frustriert	neg 1.0		neg 0.36655170066856074 __DUMMY__ 0.31676084324515347 off 0.3166874560862856	false	1.0
schimmelig	neg 1.0		neg 0.3713024894467102 __DUMMY__ 0.3151874158832436 off 0.31351009467004615	false	1.0
fisch	neg 1.0		neg 0.3725006691788454 __DUMMY__ 0.3167494176658742 off 0.3107499131552803	false	1.0
schmuggel	neg 1.0		neg 0.3711513323527085 __DUMMY__ 0.31690043483106267 off 0.31194823281622885	false	1.0
auffallen	neg 1.0		neg 0.36173594552531935 off 0.32212342788142173 __DUMMY__ 0.31614062659325887	false	1.0
konkurrenz	neg 1.0		neg 0.3691335548765006 __DUMMY__ 0.31931014588025 off 0.3115562992432494	false	1.0
teufelskreis	neg 1.0	neg 1.0	neg 0.6731455183519603 off 0.17525662714391205 __DUMMY__ 0.15159785450412758	false	1.0
aufschreien	neg 1.0		neg 0.363180755789049 off 0.32156513192284 __DUMMY__ 0.3152541122881112	false	1.0
schuldner	neg 1.0		neg 0.3724694075891212 __DUMMY__ 0.3168203585761733 off 0.31071023383470536	false	1.0
missgeburt	off 1.0	off 1.0	off 0.6522887683674532 neg 0.1993783296557784 __DUMMY__ 0.14833290197676838	false	1.0
arbeitslos	neg 1.0		neg 0.3682170280262643 __DUMMY__ 0.3167127085299052 off 0.31507026344383043	false	1.0
befallen	neg 1.0		neg 0.3701505311729641 __DUMMY__ 0.3150488455084979 off 0.314800623318538	false	1.0
miesepetrig	off 1.0	off 1.0	off 0.6498798233230166 neg 0.19863703676574665 __DUMMY__ 0.15148313991123669	false	1.0
alarmieren	neg 1.0		neg 0.3649052234165528 off 0.32182086532887416 __DUMMY__ 0.31327391125457316	false	1.0
ungeduscht	off 1.0		neg 0.3641708639136028 off 0.32225146283935463 __DUMMY__ 0.31357767324704267	false	0.5
knappheit	neg 1.0		neg 0.3700084180171556 __DUMMY__ 0.31613945466942395 off 0.31385212731342044	false	1.0
schlange	neg 1.0		neg 0.3603324945850098 off 0.3216675021986854 __DUMMY__ 0.3180000032163047	false	1.0
harsch	neg 1.0		neg 0.3557860460356119 off 0.3304064680085729 __DUMMY__ 0.31380748595581515	false	1.0
lang	neg 1.0		neg 0.36389729341356153 off 0.31945213251472115 __DUMMY__ 0.31665057407171726	false	1.0
ziellos	neg 1.0		neg 0.36574340213312423 __DUMMY__ 0.31871885267258404 off 0.31553774519429184	false	1.0
selbstverliebt	neg 1.0		neg 0.3547509387911023 off 0.33607471673322625 __DUMMY__ 0.3091743444756715	false	1.0
beseitigen	neg 1.0		neg 0.3658430653984392 __DUMMY__ 0.3173473198940459 off 0.3168096147075149	false	1.0
dumm	off 1.0		neg 0.3554295662820342 off 0.3322330610010921 __DUMMY__ 0.3123373727168736	false	0.5
arbeitsloser	neg 1.0		neg 0.36532837795726963 __DUMMY__ 0.31839179506003973 off 0.31627982698269075	false	1.0
blitzen	neg 1.0		neg 0.36156068417782306 off 0.32242159450269353 __DUMMY__ 0.3160177213194833	false	1.0
hilflos	neg 1.0		neg 0.3677241026767449 __DUMMY__ 0.3164726402690682 off 0.31580325705418694	false	1.0
eklig	off 1.0		neg 0.35813780073357293 off 0.3315137182547301 __DUMMY__ 0.31034848101169704	false	0.5
begriff			neg 0.3649833353555363 off 0.317933385945055 __DUMMY__ 0.31708327869940883	false	0.0
hungersnot	neg 1.0		neg 0.3689045459955084 __DUMMY__ 0.3165017216996529 off 0.3145937323048387	false	1.0
ungesetzlich	neg 1.0		neg 0.3665344196125623 off 0.31835930493345466 __DUMMY__ 0.31510627545398295	false	1.0
verschwendung	neg 1.0		neg 0.3690159304326175 __DUMMY__ 0.3177315601803045 off 0.31325250938707794	false	1.0
schmerzvoll	neg 1.0		neg 0.36356519596936565 off 0.3204386381083273 __DUMMY__ 0.31599616592230706	false	1.0
vorzeitig	neg 1.0		neg 0.36408257974868236 off 0.3209594155201795 __DUMMY__ 0.3149580047311381	false	1.0
unvollkommenheit	neg 1.0		neg 0.36450273717907405 __DUMMY__ 0.31918678375191567 off 0.3163104790690102	false	1.0
intervenieren	neg 1.0		neg 0.37006668570692675 __DUMMY__ 0.31728954556667555 off 0.3126437687263978	false	1.0
banause	off 1.0		neg 0.3580247068216991 off 0.33354073150026947 __DUMMY__ 0.30843456167803157	false	0.5
rebell	neg 1.0		neg 0.37334897866907185 __DUMMY__ 0.31819213595319484 off 0.30845888537773336	false	1.0
unlogisch	neg 1.0		neg 0.35886802776588406 off 0.3278327656517386 __DUMMY__ 0.31329920658237737	false	1.0
leiden	neg 1.0		neg 0.3667712440563329 __DUMMY__ 0.31975979436301855 off 0.31346896158064863	false	1.0
abschaffung	neg 1.0		neg 0.3648915378096997 off 0.31866953491850314 __DUMMY__ 0.31643892727179723	false	1.0
sturz	neg 1.0		neg 0.3661808873991043 off 0.3177724958994417 __DUMMY__ 0.3160466167014541	false	1.0
verkleinerung	neg 1.0		neg 0.3650454346692813 off 0.32072942743963534 __DUMMY__ 0.31422513789108336	false	1.0
schmarotzer	off 1.0		neg 0.36773601133324607 __DUMMY__ 0.3163484721341154 off 0.31591551653263855	false	0.5
bestrafung	neg 1.0		neg 0.364806316798335 off 0.3192959272527924 __DUMMY__ 0.3158977559488726	false	1.0
achtlos	neg 1.0	neg 1.0	neg 0.6717185399191133 off 0.17574393949358957 __DUMMY__ 0.15253752058729703	false	1.0
ungeheuer	neg 1.0		neg 0.362973335011789 off 0.3212009868730945 __DUMMY__ 0.31582567811511647	false	1.0
unaufrichtig	neg 1.0		neg 0.35895079315385087 off 0.3234860885597189 __DUMMY__ 0.31756311828643036	false	1.0
groggy	neg 1.0		neg 0.362520333855722 off 0.3218686608187249 __DUMMY__ 0.31561100532555314	false	1.0
verletzlich	neg 1.0		neg 0.36256804222473715 off 0.3245681231232262 __DUMMY__ 0.3128638346520367	false	1.0
ablehnen	neg 1.0		neg 0.36709365523231635 __DUMMY__ 0.31760370068721755 off 0.3153026440804661	false	1.0
