unsolidarisch	neg 1.0		neg 0.36748266863718976 off 0.317161109108104 __DUMMY__ 0.31535622225470616	false	1.0
nachteilig	neg 1.0		neg 0.36819546038277945 __DUMMY__ 0.3182132094982499 off 0.3135913301189707	false	1.0
skeptisch	neg 1.0		neg 0.3688342927920469 __DUMMY__ 0.3182891871013846 off 0.31287652010656863	false	1.0
schrecklich	neg 1.0		neg 0.3563940799841794 off 0.3295480532526121 __DUMMY__ 0.31405786676320857	false	1.0
schlapp	neg 1.0		neg 0.359440035258399 off 0.32511241707879374 __DUMMY__ 0.3154475476628073	false	1.0
abfall	neg 1.0		neg 0.3706854186871301 __DUMMY__ 0.32000422177178445 off 0.3093103595410854	false	1.0
widerspenstig	neg 1.0		neg 0.36446023203655165 off 0.3188010640693772 __DUMMY__ 0.3167387038940711	false	1.0
abrupt	neg 1.0		neg 0.36780483602436576 __DUMMY__ 0.3183730931835632 off 0.31382207079207114	false	1.0
unwirksam	neg 1.0		neg 0.36823047660711455 off 0.3168669628807839 __DUMMY__ 0.3149025605121016	false	1.0
angreifen	neg 1.0		neg 0.37077414169608086 __DUMMY__ 0.31730262016837224 off 0.311923238135547	false	1.0
inkonsistent	neg 1.0		neg 0.3674819296098609 off 0.3179935832858674 __DUMMY__ 0.31452448710427156	false	1.0
abrutschen	neg 1.0		neg 0.37151808913862994 __DUMMY__ 0.3191454469512573 off 0.30933646391011266	false	1.0
unsicher	neg 1.0		neg 0.36229272620762853 off 0.3195135015440705 __DUMMY__ 0.318193772248301	false	1.0
bauernkind	off 1.0	off 1.0	off 0.6504435425975096 neg 0.201780226549614 __DUMMY__ 0.14777623085287653	false	1.0
angreifer	neg 1.0	neg 1.0	neg 0.6710922450872434 off 0.1769493468333766 __DUMMY__ 0.15195840807938005	false	1.0
trennen	neg 1.0		neg 0.36733292064876266 __DUMMY__ 0.31944483542324 off 0.3132222439279974	false	1.0
schmutz	neg 1.0		neg 0.3624322572649752 off 0.32056169705472787 __DUMMY__ 0.31700604568029694	false	1.0
inkonsistenz	neg 1.0		neg 0.36386139755238894 off 0.3231466849680678 __DUMMY__ 0.31299191747954325	false	1.0
erschreckend	neg 1.0		neg 0.36612405932338143 off 0.3173047274179548 __DUMMY__ 0.3165712132586639	false	1.0
ertrinken	neg 1.0		neg 0.3711145528221443 __DUMMY__ 0.3168348969948351 off 0.3120505501830207	false	1.0
pickelface	off 1.0		neg 0.3659711779259822 off 0.31714738479438537 __DUMMY__ 0.31688143727963247	false	0.5
seiner			neg 0.3686340800060942 __DUMMY__ 0.318190136587461 off 0.31317578340644486	false	0.0
lauch	neg 1.0		neg 0.37111782854273906 __DUMMY__ 0.31906310592936904 off 0.309819065527892	false	1.0
unwichtig	neg 1.0		neg 0.3610793453725351 off 0.32405830101177435 __DUMMY__ 0.31486235361569065	false	1.0
steuerhinterziehung	neg 1.0	neg 1.0	neg 0.6738176158917945 off 0.17395817140335762 __DUMMY__ 0.1522242127048479	false	1.0
schock	neg 1.0		neg 0.36608331516503667 off 0.31711681544783066 __DUMMY__ 0.3167998693871326	false	1.0
beule	neg 1.0		neg 0.3613846418031325 off 0.32496295202815023 __DUMMY__ 0.3136524061687172	false	1.0
vergelten	neg 1.0		neg 0.35543134909129714 off 0.3289119646578826 __DUMMY__ 0.3156566862508204	false	1.0
verdorbenheit	neg 1.0		neg 0.3621146939811303 off 0.32005692320562457 __DUMMY__ 0.31782838281324505	false	1.0
trauma	neg 1.0		neg 0.36431411871977104 off 0.31938647654385743 __DUMMY__ 0.31629940473637147	false	1.0
sinnlos	neg 1.0		neg 0.36222850682181085 off 0.32136597614019186 __DUMMY__ 0.3164055170379973	false	1.0
fettsack	off 1.0	off 1.0	off 0.6516764531796746 neg 0.19998914200090967 __DUMMY__ 0.1483344048194158	false	1.0
feige	off 1.0	off 1.0	off 0.6487886600325236 neg 0.20087304141085915 __DUMMY__ 0.15033829855661732	false	1.0
abdanken	neg 1.0		neg 0.3664355783873289 off 0.3171323919141422 __DUMMY__ 0.31643202969852896	false	1.0
wichtigtuer	off 1.0	off 1.0	off 0.6476669612421506 neg 0.2009613313870569 __DUMMY__ 0.1513717073707925	false	1.0
misslingen	neg 1.0		neg 0.35879974276661164 off 0.3213877788848272 __DUMMY__ 0.31981247834856125	false	1.0
untreu	off 1.0		neg 0.3603255721458327 off 0.3247699755840468 __DUMMY__ 0.3149044522701205	false	0.5
missmutig	neg 1.0		neg 0.36088109376245814 off 0.32390707355086434 __DUMMY__ 0.31521183268667746	false	1.0
hurenbock	off 1.0		neg 0.3643211211510555 off 0.3200402528334591 __DUMMY__ 0.31563862601548537	false	0.5
betrunken	neg 1.0		neg 0.3583616004579414 off 0.3269058590228123 __DUMMY__ 0.3147325405192462	false	1.0
korrupt	off 1.0		neg 0.3700593872768029 __DUMMY__ 0.3156805861212124 off 0.31426002660198465	false	0.5
unmut	neg 1.0		neg 0.3708323068557415 __DUMMY__ 0.3194666341611582 off 0.30970105898310035	false	1.0
hackfresse	off 1.0		neg 0.35538965811416096 off 0.3328135982745513 __DUMMY__ 0.3117967436112878	false	0.5
aufblasen	neg 1.0		neg 0.3621144076998361 off 0.3210944603480999 __DUMMY__ 0.31679113195206393	false	1.0
gewaltsam	neg 1.0		neg 0.3682732287347672 __DUMMY__ 0.31611564604205994 off 0.31561112522317286	false	1.0
unbeliebtheit	neg 1.0		neg 0.3648732023487812 off 0.32159276370054213 __DUMMY__ 0.3135340339506767	false	1.0
sturheit	neg 1.0		neg 0.36760604269076136 __DUMMY__ 0.31625016119096017 off 0.31614379611827836	false	1.0
kuh	neg 1.0		neg 0.36826081391164717 off 0.318944076923334 __DUMMY__ 0.3127951091650188	false	1.0
erschrecken	neg 1.0		neg 0.35979887823011497 off 0.3241532140147185 __DUMMY__ 0.3160479077551665	false	1.0
opfer	neg 1.0		neg 0.368039830950762 __DUMMY__ 0.3176887626413547 off 0.3142714064078832	false	1.0
sinken	neg 1.0		neg 0.37044602084592576 __DUMMY__ 0.3192471418185007 off 0.31030683733557335	false	1.0
stinktier	neg 1.0		neg 0.3642292904498525 off 0.3266637345796054 __DUMMY__ 0.3091069749705421	false	1.0
tucke	off 1.0		neg 0.35812699984011076 off 0.33244965278942723 __DUMMY__ 0.30942334737046195	false	0.5
ein			neg 0.3638893918628454 off 0.31969812002603204 __DUMMY__ 0.3164124881111227	false	0.0
abstieg	neg 1.0		neg 0.37000984473666554 __DUMMY__ 0.3174793053191068 off 0.3125108499442276	false	1.0
missverstehen	neg 1.0		neg 0.36323661493010095 off 0.32162214726183264 __DUMMY__ 0.3151412378080664	false	1.0
ergebnislos	neg 1.0		neg 0.3694487024366879 __DUMMY__ 0.31803109959364145 off 0.3125201979696707	false	1.0
unter			neg 0.37213386489614947 __DUMMY__ 0.32249285504688435 off 0.30537328005696623	false	0.0
manipulieren	neg 1.0		neg 0.36871932456334244 __DUMMY__ 0.31869415830284614 off 0.31258651713381147	false	1.0
unbewiesen	neg 1.0		neg 0.36862263170866066 off 0.3166324197552564 __DUMMY__ 0.3147449485360828	false	1.0
verschleppen	neg 1.0		neg 0.3699557691147025 __DUMMY__ 0.3164249944655803 off 0.3136192364197172	false	1.0
weib	off 1.0		neg 0.3609754436719462 off 0.3308436420891838 __DUMMY__ 0.30818091423887	false	0.5
opposition	neg 1.0		neg 0.36574882218554366 off 0.3192613839201371 __DUMMY__ 0.3149897938943192	false	1.0
verkehrswidrig	neg 1.0		neg 0.3544900660125905 off 0.3301396153331881 __DUMMY__ 0.31537031865422155	false	1.0
inkorrekt	neg 1.0		neg 0.3595993578758852 off 0.32757613946797254 __DUMMY__ 0.3128245026561423	false	1.0
vermeiden	neg 1.0	neg 1.0	neg 0.6741332716719793 off 0.1709173800253189 __DUMMY__ 0.15494934830270168	false	1.0
abweichung	neg 1.0	neg 1.0	neg 0.6716165688933001 off 0.1745492754047551 __DUMMY__ 0.15383415570194484	false	1.0
alkoholisiert	neg 1.0		neg 0.3679777713978901 __DUMMY__ 0.3184971813673162 off 0.3135250472347938	false	1.0
scheiss	off 1.0	off 1.0	off 0.6493511084193905 neg 0.20009396945735577 __DUMMY__ 0.15055492212325372	false	1.0
herausforderung	neg 1.0		neg 0.3669057012503379 __DUMMY__ 0.31940117287217235 off 0.31369312587748976	false	1.0
pervers	off 1.0		neg 0.35458263986467603 off 0.33580871617909047 __DUMMY__ 0.30960864395623344	false	0.5
wackelig	neg 1.0		neg 0.3621991670513224 __DUMMY__ 0.31974763284207103 off 0.3180532001066064	false	1.0
verwickeln	neg 1.0		neg 0.3634412796632591 off 0.32110177977341287 __DUMMY__ 0.31545694056332807	false	1.0
vorwand	neg 1.0		neg 0.3700170538559442 __DUMMY__ 0.3180507701951695 off 0.3119321759488862	false	1.0
muschi	off 1.0		neg 0.36571414601670366 off 0.3173762481873749 __DUMMY__ 0.3169096057959214	false	0.5
entmutigung	neg 1.0		neg 0.3648637909620861 off 0.3193146073853194 __DUMMY__ 0.3158216016525946	false	1.0
unangemessen	neg 1.0		neg 0.3678359759202895 __DUMMY__ 0.3162416661333533 off 0.3159223579463571	false	1.0
unstetig	neg 1.0		neg 0.36269870453108527 off 0.3214459550248763 __DUMMY__ 0.31585534044403857	false	1.0
entmutigen	neg 1.0		neg 0.3635989285257627 off 0.3197579040506162 __DUMMY__ 0.3166431674236211	false	1.0
schwanz	neg 1.0		neg 0.36842232730236324 __DUMMY__ 0.31734667564020963 off 0.31423099705742724	false	1.0
verbot	neg 1.0		neg 0.3684537151964662 __DUMMY__ 0.31694697325814414 off 0.31459931154538956	false	1.0
leid	neg 1.0		neg 0.35688409328367543 off 0.330622993873316 __DUMMY__ 0.31249291284300856	false	1.0
archaisch	neg 1.0		neg 0.3672245868310053 __DUMMY__ 0.31646103997242997 off 0.31631437319656475	false	1.0
gegen			neg 0.3708461130105128 __DUMMY__ 0.3189788372268785 off 0.3101750497626086	false	0.0
scheidung	neg 1.0		neg 0.34663119665690895 off 0.34243830709392276 __DUMMY__ 0.3109304962491682	false	1.0
einschlag	neg 1.0		neg 0.3581971720344423 off 0.3277198700038314 __DUMMY__ 0.3140829579617264	false	1.0
m			neg 0.36552204454759 __DUMMY__ 0.31817578934629 off 0.31630216610611994	false	0.0
abgestanden	neg 1.0		neg 0.36674949204298013 off 0.3181379170205348 __DUMMY__ 0.315112590936485	false	1.0
schmierig	off 1.0		neg 0.35657509649113417 off 0.3301462271102336 __DUMMY__ 0.31327867639863227	false	0.5
unpraktisch	neg 1.0		neg 0.36282406985685034 off 0.32060685056393057 __DUMMY__ 0.31656907957921904	false	1.0
wixxer	off 1.0		neg 0.3565762689287377 off 0.3350759215740686 __DUMMY__ 0.30834780949719365	false	0.5
bezeichnet			neg 0.36726634270463426 off 0.31747111589019517 __DUMMY__ 0.3152625414051705	false	0.0
jammerlappen	off 1.0		neg 0.35921787953391776 off 0.3248775880925066 __DUMMY__ 0.31590453237357574	false	0.5
farce	neg 1.0		neg 0.36872880202107206 __DUMMY__ 0.31600396344839204 off 0.31526723453053584	false	1.0
zwecklos	neg 1.0		neg 0.36792958620012384 __DUMMY__ 0.3164925870796751 off 0.31557782672020096	false	1.0
turbulent	neg 1.0		neg 0.36229075550944084 off 0.3246439341735949 __DUMMY__ 0.3130653103169642	false	1.0
invasion	neg 1.0		neg 0.36333014570789557 off 0.3207120744454774 __DUMMY__ 0.315957779846627	false	1.0
schuld	neg 1.0		neg 0.3648935722817997 off 0.3193453628897348 __DUMMY__ 0.31576106482846544	false	1.0
risiko	neg 1.0	neg 1.0	neg 0.670094304054509 off 0.17710297828496505 __DUMMY__ 0.15280271766052592	false	1.0
finster	neg 1.0		neg 0.3657963232678387 off 0.31915120238577444 __DUMMY__ 0.31505247434638683	false	1.0
geisteskrank	off 1.0		neg 0.3618192378389025 off 0.325184721574952 __DUMMY__ 0.31299604058614544	false	0.5
zusammenbrechen	neg 1.0		neg 0.3658200646423477 __DUMMY__ 0.31758532967989556 off 0.31659460567775677	false	1.0
ausbeute	neg 1.0		neg 0.3599763716291639 __DUMMY__ 0.3221843281300287 off 0.3178393002408073	false	1.0
hinterhalt	neg 1.0		neg 0.36557020157134457 __DUMMY__ 0.3178557348992187 off 0.31657406352943673	false	1.0
kritik	neg 1.0		neg 0.36919415402410705 __DUMMY__ 0.3158961133524066 off 0.3149097326234862	false	1.0
einschrumpfen	neg 1.0		neg 0.3642486857894495 off 0.3218576067576046 __DUMMY__ 0.31389370745294604	false	1.0
riskant	neg 1.0		neg 0.37004014027836574 __DUMMY__ 0.3171912437638745 off 0.31276861595775973	false	1.0
frustrieren	neg 1.0		neg 0.3682614862990432 __DUMMY__ 0.3174701847208529 off 0.3142683289801038	false	1.0
groll	neg 1.0		neg 0.3684837334477144 __DUMMY__ 0.3165483368693747 off 0.3149679296829109	false	1.0
gibt			neg 0.36496909065202815 __DUMMY__ 0.31799760811556377 off 0.3170333012324081	false	0.0
qualvoll	neg 1.0		neg 0.36291967237094186 off 0.321721786392219 __DUMMY__ 0.31535854123683904	false	1.0
wackeln	neg 1.0		neg 0.3622125208846837 off 0.3202524494377363 __DUMMY__ 0.31753502967758	false	1.0
klagen	neg 1.0		neg 0.37084338652668714 __DUMMY__ 0.31886664948096183 off 0.3102899639923512	false	1.0
bankrott	neg 1.0		neg 0.35994394624090653 off 0.3240152901458596 __DUMMY__ 0.3160407636132339	false	1.0
trauern	neg 1.0		neg 0.36809551594110196 __DUMMY__ 0.31806550842114406 off 0.3138389756377539	false	1.0
ablehnung	neg 1.0		neg 0.36888803617395566 __DUMMY__ 0.31626508773818995 off 0.31484687608785455	false	1.0
stur	neg 1.0		neg 0.3643665852221268 off 0.31972868647368224 __DUMMY__ 0.315904728304191	false	1.0
aufruhr	neg 1.0	neg 1.0	neg 0.6725940849028423 off 0.17510615065717852 __DUMMY__ 0.1522997644399791	false	1.0
melancholie	neg 1.0		neg 0.367947465219906 __DUMMY__ 0.3174065392799658 off 0.3146459955001281	false	1.0
ist			neg 0.3623830861635885 off 0.3211113123075163 __DUMMY__ 0.3165056015288952	false	0.0
torheit	neg 1.0		neg 0.3643805368561191 off 0.31890075338450574 __DUMMY__ 0.316718709759375	false	1.0
dreckskind	off 1.0		neg 0.3600862418909179 off 0.3299171243985297 __DUMMY__ 0.3099966337105523	false	0.5
umtauschen	neg 1.0		neg 0.36460875617822186 off 0.3183390428030092 __DUMMY__ 0.31705220101876896	false	1.0
zum			neg 0.36718987992354146 __DUMMY__ 0.32271613254655657 off 0.31009398752990197	false	0.0
zersetzen	neg 1.0		neg 0.3711889904131764 __DUMMY__ 0.3171772638399434 off 0.31163374574688035	false	1.0
zur			neg 0.3709207670345583 __DUMMY__ 0.3211613523572489 off 0.3079178806081929	false	0.0
frust	neg 1.0		neg 0.36540546625798265 __DUMMY__ 0.31783826543833366 off 0.3167562683036837	false	1.0
unerbittlichkeit	neg 1.0		neg 0.3705071101250239 __DUMMY__ 0.31760519154347516 off 0.3118876983315007	false	1.0
zwei			neg 0.3676206170754874 __DUMMY__ 0.32162725635852746 off 0.3107521265659851	false	0.0
unkorrekt	neg 1.0		neg 0.3572826084595827 off 0.32832889134073046 __DUMMY__ 0.3143885001996868	false	1.0
hexe	off 1.0		neg 0.3664131380410484 off 0.32186929366422684 __DUMMY__ 0.31171756829472486	false	0.5
lasch	neg 1.0		neg 0.36312405101814954 off 0.3223913946163534 __DUMMY__ 0.31448455436549716	false	1.0
rivale	neg 1.0		neg 0.3599403643153723 off 0.3263761502427738 __DUMMY__ 0.31368348544185387	false	1.0
mutlos	off 1.0	off 1.0	off 0.6429097558915046 neg 0.20479550577419942 __DUMMY__ 0.15229473833429613	false	1.0
wirr	off 1.0		neg 0.3599856599840034 off 0.3277245265236903 __DUMMY__ 0.3122898134923064	false	0.5
jahr			neg 0.3618778491655794 __DUMMY__ 0.32286199102298263 off 0.31526015981143807	false	0.0
wird			neg 0.3667267260058241 __DUMMY__ 0.31789105597482037 off 0.3153822180193555	false	0.0
strafbar	neg 1.0		neg 0.36791074084168235 __DUMMY__ 0.317989916527359 off 0.3140993426309586	false	1.0
erosion	neg 1.0		neg 0.36290381073406297 off 0.31931547610021593 __DUMMY__ 0.31778071316572104	false	1.0
eingehen	neg 1.0		neg 0.3687569213032984 __DUMMY__ 0.3173698433892426 off 0.3138732353074589	false	1.0
faul	off 1.0		neg 0.36038752250907974 off 0.32382849267341207 __DUMMY__ 0.3157839848175082	false	0.5
provisorium	neg 1.0		neg 0.36887193612303365 __DUMMY__ 0.32382309226786227 off 0.3073049716091042	false	1.0
schmerzen	neg 1.0		neg 0.3671502709023625 off 0.31669318623657317 __DUMMY__ 0.31615654286106437	false	1.0
schrumpfen	neg 1.0		neg 0.3739826129293023 __DUMMY__ 0.3191440247289075 off 0.3068733623417902	false	1.0
geistlos	off 1.0		neg 0.3663079572228081 off 0.32001654651137357 __DUMMY__ 0.31367549626581825	false	0.5
fehlkauf	neg 1.0		neg 0.36397483718670637 off 0.3202384227363662 __DUMMY__ 0.3157867400769276	false	1.0
frustrierend	neg 1.0		neg 0.3607776304006722 off 0.323415512494108 __DUMMY__ 0.31580685710521994	false	1.0
unzufrieden	neg 1.0		neg 0.36753629702280094 __DUMMY__ 0.316940191208019 off 0.3155235117691801	false	1.0
verzweifeln	neg 1.0		neg 0.36537084967019695 off 0.31748792509077667 __DUMMY__ 0.31714122523902644	false	1.0
verzweifelt	neg 1.0	neg 1.0	neg 0.6723089372981255 off 0.17634609128212747 __DUMMY__ 0.15134497141974707	false	1.0
misstrauensantrag	neg 1.0		neg 0.36361207525446576 off 0.3206965235701887 __DUMMY__ 0.31569140117534555	false	1.0
abfallen	neg 1.0		neg 0.3621302880693203 off 0.3203615954890067 __DUMMY__ 0.3175081164416729	false	1.0
fucker	off 1.0		neg 0.3583204586456764 off 0.32746946248881387 __DUMMY__ 0.3142100788655097	false	0.5
ungezogen	neg 1.0		neg 0.3541117477118781 off 0.3353320991228378 __DUMMY__ 0.31055615316528407	false	1.0
irrsinnig	neg 1.0	neg 1.0	neg 0.6718607019507339 off 0.17652853610316657 __DUMMY__ 0.1516107619460995	false	1.0
unfassbar	neg 1.0		neg 0.35842683986943197 off 0.32615384289094257 __DUMMY__ 0.3154193172396255	false	1.0
hart	neg 1.0		neg 0.3630108019701447 off 0.32366781486468843 __DUMMY__ 0.3133213831651669	false	1.0
widerlich	off 1.0		neg 0.36036573123951643 off 0.32582106913483866 __DUMMY__ 0.31381319962564486	false	0.5
fatal	neg 1.0		neg 0.3632857653241115 off 0.32095832312833517 __DUMMY__ 0.3157559115475534	false	1.0
bruch	neg 1.0		neg 0.3701828727409336 __DUMMY__ 0.31898231521847586 off 0.3108348120405905	false	1.0
aushungern	neg 1.0		neg 0.3667055698816432 __DUMMY__ 0.3172664078544963 off 0.31602802226386045	false	1.0
anspannung	neg 1.0		neg 0.37055483767789626 __DUMMY__ 0.3208662768654601 off 0.3085788854566437	false	1.0
von			neg 0.36046004498398837 __DUMMY__ 0.3236663520398711 off 0.3158736029761404	false	0.0
kraftlos	neg 1.0		neg 0.3660987241848848 __DUMMY__ 0.31786102285546347 off 0.3160402529596517	false	1.0
vom			neg 0.36803503608646326 __DUMMY__ 0.3239639075969833 off 0.3080010563165534	false	0.0
grenzdebil	off 1.0		neg 0.35825656853364546 off 0.32649123883617137 __DUMMY__ 0.31525219263018317	false	0.5
vor			neg 0.36770352761482994 __DUMMY__ 0.3198728508004539 off 0.3124236215847161	false	0.0
unterwerfen	neg 1.0		neg 0.36860768730508003 __DUMMY__ 0.31740267433580743 off 0.3139896383591125	false	1.0
versenkung	neg 1.0		neg 0.36569099712659114 __DUMMY__ 0.3189653896387266 off 0.3153436132346823	false	1.0
entziehen	neg 1.0		neg 0.3704090336592967 __DUMMY__ 0.31871579256031823 off 0.31087517378038504	false	1.0
finanzkrise	neg 1.0		neg 0.3698038497233767 off 0.31531065987031526 __DUMMY__ 0.3148854904063079	false	1.0
schimpfend	neg 1.0		neg 0.3637216915750147 off 0.3205326034279406 __DUMMY__ 0.3157457049970447	false	1.0
profan	neg 1.0		neg 0.362985553084197 off 0.3215030136820285 __DUMMY__ 0.31551143323377445	false	1.0
korruption	neg 1.0		neg 0.3691523092441772 __DUMMY__ 0.3167424354808536 off 0.3141052552749691	false	1.0
â			neg 0.36606184816131865 __DUMMY__ 0.3183099558264699 off 0.31562819601221154	false	0.0
schmutzig	neg 1.0		neg 0.3576851381333679 off 0.3270640715897477 __DUMMY__ 0.31525079027688446	false	1.0
sexy	neg 1.0		neg 0.36096511560510014 off 0.32303389091899276 __DUMMY__ 0.3160009934759071	false	1.0
abraten	neg 1.0		neg 0.3614094802116973 off 0.32167895537261454 __DUMMY__ 0.31691156441568824	false	1.0
schwarz	neg 1.0		neg 0.36396181636283564 off 0.32011629838822975 __DUMMY__ 0.31592188524893455	false	1.0
fotze	off 1.0	off 1.0	off 0.6445827517174217 neg 0.20271499084830277 __DUMMY__ 0.15270225743427546	false	1.0
verwirren	neg 1.0		neg 0.36166961877828185 off 0.32242214578862916 __DUMMY__ 0.315908235433089	false	1.0
zahnlos	off 1.0		neg 0.36682327221879013 __DUMMY__ 0.3167432510729458 off 0.31643347670826405	false	0.5
verheeren	neg 1.0		neg 0.3532363191606541 off 0.3365710720713373 __DUMMY__ 0.3101926087680084	false	1.0
hippie	neg 1.0		neg 0.3617767932431101 off 0.322387555416935 __DUMMY__ 0.3158356513399549	false	1.0
rammen	neg 1.0		neg 0.3690277957348866 off 0.31771441463351674 __DUMMY__ 0.3132577896315968	false	1.0
unlauter	neg 1.0		neg 0.365876581413182 off 0.3188187346717083 __DUMMY__ 0.3153046839151097	false	1.0
unheilvoll	neg 1.0		neg 0.36469853410000197 off 0.31995463530739576 __DUMMY__ 0.3153468305926022	false	1.0
niedrig	neg 1.0		neg 0.3712270460967426 __DUMMY__ 0.3167812236472655 off 0.31199173025599203	false	1.0
explosion	neg 1.0		neg 0.3615234602570877 off 0.32217344155319466 __DUMMY__ 0.3163030981897176	false	1.0
weichei	off 1.0	off 1.0	off 0.6528215103405832 neg 0.1977095853625547 __DUMMY__ 0.14946890429686208	false	1.0
minusmensch	off 1.0		neg 0.36102690725607517 off 0.3311448792124408 __DUMMY__ 0.3078282135314839	false	0.5
farblos	neg 1.0		neg 0.36719117980259713 off 0.31703474640249457 __DUMMY__ 0.3157740737949083	false	1.0
unwissend	neg 1.0	neg 1.0	neg 0.6694812171446309 off 0.17932283286458084 __DUMMY__ 0.15119594999078823	false	1.0
traurig	neg 1.0		neg 0.35647426995476644 off 0.3289213657817768 __DUMMY__ 0.3146043642634568	false	1.0
senkung	neg 1.0		neg 0.36464549609554875 off 0.3207230995638905 __DUMMY__ 0.31463140434056064	false	1.0
ungleich	neg 1.0	neg 1.0	neg 0.6739906551129703 off 0.17304507531551017 __DUMMY__ 0.15296426957151965	false	1.0
heikel	neg 1.0		neg 0.36909349563111415 __DUMMY__ 0.3176971800531558 off 0.3132093243157302	false	1.0
drosselung	neg 1.0		neg 0.36094626716355177 off 0.3251314271784147 __DUMMY__ 0.31392230565803364	false	1.0
falsch	neg 1.0		neg 0.360766944505009 off 0.3236226118207991 __DUMMY__ 0.3156104436741919	false	1.0
unzufriedenheit	neg 1.0		neg 0.3703676161744567 __DUMMY__ 0.3181952981375634 off 0.31143708568798	false	1.0
kurz	neg 1.0		neg 0.3623220252701256 __DUMMY__ 0.31924709994988987 off 0.31843087477998466	false	1.0
unsinnig	neg 1.0		neg 0.36650410537014816 off 0.31678281104362377 __DUMMY__ 0.3167130835862281	false	1.0
penner	off 1.0	off 1.0	off 0.6538439485180632 neg 0.19683417553374363 __DUMMY__ 0.14932187594819313	false	1.0
seicht	neg 1.0		neg 0.35464554586595615 off 0.3347369668668174 __DUMMY__ 0.31061748726722654	false	1.0
dummheit	off 1.0	off 1.0	off 0.6473816680911648 neg 0.2018486569004111 __DUMMY__ 0.15076967500842406	false	1.0
unerfreulich	neg 1.0		neg 0.36802454960442665 __DUMMY__ 0.3189322502907301 off 0.3130432001048432	false	1.0
motherfucker	off 1.0	off 1.0	off 0.650442895459669 neg 0.19890727721791118 __DUMMY__ 0.15064982732241977	false	1.0
pikiert	neg 1.0		neg 0.3618168204935045 off 0.32453460293224445 __DUMMY__ 0.31364857657425105	false	1.0
wrack	neg 1.0		neg 0.36857893832847416 __DUMMY__ 0.3164928570365959 off 0.31492820463492976	false	1.0
gangster	neg 1.0		neg 0.36178358452581016 off 0.32243397694777776 __DUMMY__ 0.3157824385264121	false	1.0
krank	neg 1.0		neg 0.3573298274628865 off 0.32692266926258395 __DUMMY__ 0.31574750327452955	false	1.0
reich	neg 1.0		neg 0.3606339487099205 off 0.32436164237491094 __DUMMY__ 0.3150044089151685	false	1.0
gnadenlos	neg 1.0		neg 0.36470990358162975 off 0.31946127026923504 __DUMMY__ 0.31582882614913527	false	1.0
niedergeschlagen	neg 1.0		neg 0.3658180531204657 __DUMMY__ 0.31726610194726756 off 0.31691584493226677	false	1.0
terrorisieren	off 1.0	off 1.0	off 0.6435843437670753 neg 0.20348174347218842 __DUMMY__ 0.15293391276073637	false	1.0
sinnlosigkeit	neg 1.0		neg 0.36710555131039285 __DUMMY__ 0.3169737353638449 off 0.3159207133257622	false	1.0
behindern	neg 1.0		neg 0.36563867848765336 off 0.31751376346063914 __DUMMY__ 0.31684755805170756	false	1.0
undemokratisch	neg 1.0		neg 0.36454064466443603 off 0.31930893898720664 __DUMMY__ 0.3161504163483574	false	1.0
wirtschaftskrise	neg 1.0		neg 0.3708642461510521 __DUMMY__ 0.3159586479918512 off 0.31317710585709674	false	1.0
neid	neg 1.0		neg 0.3586431424282472 off 0.3244306771257268 __DUMMY__ 0.3169261804460261	false	1.0
rutschen	neg 1.0		neg 0.36746241183375267 __DUMMY__ 0.32181304350967405 off 0.3107245446565734	false	1.0
rezession	neg 1.0		neg 0.36351753261970904 off 0.32602171075377956 __DUMMY__ 0.31046075662651146	false	1.0
fehlgeburt	neg 1.0		neg 0.3634611972030603 off 0.32041683051419684 __DUMMY__ 0.31612197228274286	false	1.0
charakterschwach	off 1.0		neg 0.36060473389496756 off 0.32555035815550093 __DUMMY__ 0.31384490794953146	false	0.5
isolation	neg 1.0		neg 0.36107152841523776 off 0.32305100499537975 __DUMMY__ 0.3158774665893825	false	1.0
ablenkung	neg 1.0		neg 0.36243788347713274 off 0.31964589377199254 __DUMMY__ 0.31791622275087483	false	1.0
pech	neg 1.0		neg 0.3606353170585794 off 0.32340321592554094 __DUMMY__ 0.3159614670158795	false	1.0
vermeidung	neg 1.0		neg 0.36022711558384884 off 0.3255528061610455 __DUMMY__ 0.31422007825510573	false	1.0
dominieren	neg 1.0		neg 0.3685390666739942 __DUMMY__ 0.31766017163736504 off 0.31380076168864074	false	1.0
schwindlig	neg 1.0		neg 0.3617652788219577 off 0.3216362584019713 __DUMMY__ 0.31659846277607095	false	1.0
lutscher	neg 1.0	neg 1.0	neg 0.6661703055198983 off 0.18515268922287678 __DUMMY__ 0.14867700525722488	false	1.0
pflicht	neg 1.0		neg 0.37003497317269934 __DUMMY__ 0.3180987788368721 off 0.3118662479904286	false	1.0
faschist	off 1.0		neg 0.3620560026583177 off 0.3223369994743938 __DUMMY__ 0.3156069978672885	false	0.5
verschleudern	neg 1.0		neg 0.36888855295662715 __DUMMY__ 0.3179332893784412 off 0.3131781576649317	false	1.0
wenn			neg 0.3607894887461746 off 0.32369146283521655 __DUMMY__ 0.31551904841860884	false	0.0
ehebruch	neg 1.0		neg 0.36866194790322593 __DUMMY__ 0.31705065730894594 off 0.31428739478782824	false	1.0
spott	off 1.0		neg 0.3687845338418481 __DUMMY__ 0.3173182862910103 off 0.3138971798671417	false	0.5
trostlosigkeit	neg 1.0		neg 0.3709834164079259 __DUMMY__ 0.318107368901081 off 0.3109092146909931	false	1.0
lutschen	neg 1.0		neg 0.3647396202073194 off 0.3214303965812399 __DUMMY__ 0.3138299832114407	false	1.0
undiszipliniert	neg 1.0		neg 0.35803183086601575 off 0.32783792350078644 __DUMMY__ 0.3141302456331979	false	1.0
kopfschmerz	neg 1.0		neg 0.3696418889749595 __DUMMY__ 0.3156121309850403 off 0.31474598004000026	false	1.0
unvorhergesehen	neg 1.0		neg 0.36544869991668916 __DUMMY__ 0.32003897885959 off 0.3145123212237209	false	1.0
desinteressiert	neg 1.0	neg 1.0	neg 0.668603328435752 off 0.18070870781393575 __DUMMY__ 0.15068796375031218	false	1.0
armselig	off 1.0		neg 0.35913405147224764 off 0.3278824967642268 __DUMMY__ 0.3129834517635255	false	0.5
desaster	neg 1.0		neg 0.3708023882826608 __DUMMY__ 0.31907849193091475 off 0.31011911978642437	false	1.0
tod	neg 1.0		neg 0.3685484763975708 __DUMMY__ 0.3170735974937043 off 0.31437792610872484	false	1.0
herzlos	neg 1.0		neg 0.35807567508714877 off 0.32828803082218416 __DUMMY__ 0.3136362940906671	false	1.0
unwissenheit	neg 1.0		neg 0.368132546531786 __DUMMY__ 0.3166665472022367 off 0.31520090626597735	false	1.0
widersinnig	neg 1.0		neg 0.3692983153118627 __DUMMY__ 0.3159197649285239 off 0.31478191975961334	false	1.0
bedenklich	neg 1.0		neg 0.36833569593850113 __DUMMY__ 0.3172204638189778 off 0.31444384024252103	false	1.0
beanstanden	neg 1.0		neg 0.3693407871709195 __DUMMY__ 0.3187479283945751 off 0.3119112844345055	false	1.0
panisch	neg 1.0	neg 1.0	neg 0.6689694782858284 off 0.17828396012112815 __DUMMY__ 0.15274656159304353	false	1.0
debil	off 1.0		neg 0.3729649573661116 __DUMMY__ 0.32099340403078275 off 0.30604163860310557	false	0.5
abstrich	neg 1.0		neg 0.3627258914323847 __DUMMY__ 0.318741420207037 off 0.3185326883605784	false	1.0
primitiv	neg 1.0		neg 0.35997074369537563 off 0.32616015744146076 __DUMMY__ 0.31386909886316366	false	1.0
abschaum	off 1.0	off 1.0	off 0.6491690987610252 neg 0.20007075016765877 __DUMMY__ 0.150760151071316	false	1.0
provozieren	neg 1.0		neg 0.36581456262362466 off 0.31886626349991726 __DUMMY__ 0.315319173876458	false	1.0
tot	neg 1.0		neg 0.36798486527369195 __DUMMY__ 0.3169789521411325 off 0.31503618258517563	false	1.0
instabil	neg 1.0		neg 0.35969594452307985 off 0.32712707869678803 __DUMMY__ 0.3131769767801321	false	1.0
schwuchtel	off 1.0	off 1.0	off 0.6568430877854864 neg 0.19570050945041773 __DUMMY__ 0.1474564027640958	false	1.0
zerren	neg 1.0		neg 0.36647370574078125 __DUMMY__ 0.31731461883098233 off 0.31621167542823647	false	1.0
kinderficker	off 1.0		neg 0.3559702356199126 off 0.33125390611046035 __DUMMY__ 0.31277585826962706	false	0.5
gefahr	neg 1.0		neg 0.36941670969095874 __DUMMY__ 0.3188907806696597 off 0.31169250963938155	false	1.0
rabiat	neg 1.0		neg 0.3644463012109678 off 0.31877968100960363 __DUMMY__ 0.31677401777942854	false	1.0
verlangsamung	neg 1.0		neg 0.35928283965147745 off 0.3309908082222841 __DUMMY__ 0.3097263521262383	false	1.0
ausgestorben	neg 1.0		neg 0.3639766542594221 off 0.31872710217930944 __DUMMY__ 0.31729624356126856	false	1.0
anklagen	neg 1.0		neg 0.36897077457798727 __DUMMY__ 0.31670414084440507 off 0.3143250845776076	false	1.0
trott	neg 1.0		neg 0.3651809180617591 off 0.31797915556389256 __DUMMY__ 0.31683992637434827	false	1.0
verminderung	neg 1.0		neg 0.3592677541785263 off 0.32631640356153374 __DUMMY__ 0.31441584225993985	false	1.0
nach			neg 0.3682498353076787 __DUMMY__ 0.3222961404085842 off 0.30945402428373703	false	0.0
rost	neg 1.0		neg 0.3572302583047158 off 0.3309710917976002 __DUMMY__ 0.311798649897684	false	1.0
destruktiv	neg 1.0		neg 0.3658426672125654 off 0.31792756079130347 __DUMMY__ 0.3162297719961311	false	1.0
unzumutbarkeit	neg 1.0		neg 0.36062411436693154 off 0.32463080960355173 __DUMMY__ 0.31474507602951657	false	1.0
labil	off 1.0	off 1.0	off 0.6487263748466785 neg 0.20026085138762717 __DUMMY__ 0.1510127737656944	false	1.0
ziemlich	neg 1.0		neg 0.3578288368246159 off 0.3263028914630864 __DUMMY__ 0.31586827171229775	false	1.0
lachnummer	off 1.0		neg 0.36530719457268485 off 0.31866323014696457 __DUMMY__ 0.31602957528035064	false	0.5
oder			neg 0.3618370838688853 off 0.3205119288780284 __DUMMY__ 0.31765098725308644	false	0.0
verfall	neg 1.0		neg 0.3732227965019848 __DUMMY__ 0.3195185657886739 off 0.3072586377093413	false	1.0
ausgrenzung	neg 1.0		neg 0.3642720355061063 off 0.31988349755262063 __DUMMY__ 0.31584446694127305	false	1.0
unordnung	neg 1.0		neg 0.3569874141849365 off 0.32811244617375546 __DUMMY__ 0.3149001396413081	false	1.0
fehlverhalten	neg 1.0		neg 0.3709626369747617 __DUMMY__ 0.31711104841565674 off 0.31192631460958153	false	1.0
eine			neg 0.36702753748873246 __DUMMY__ 0.3197578979355872 off 0.31321456457568037	false	0.0
nille	neg 1.0		neg 0.36470590489109367 off 0.318100848965681 __DUMMY__ 0.31719324614322536	false	1.0
qual	neg 1.0		neg 0.36534881549848935 off 0.3175985107512249 __DUMMY__ 0.3170526737502857	false	1.0
verschwenden	neg 1.0		neg 0.3694001954036793 __DUMMY__ 0.31710935178679023 off 0.3134904528095304	false	1.0
riesig	neg 1.0		neg 0.36775318943138324 __DUMMY__ 0.31777948319292865 off 0.31446732737568805	false	1.0
verurteilen	neg 1.0		neg 0.3692113130172296 __DUMMY__ 0.316137362579395 off 0.31465132440337523	false	1.0
klischee	neg 1.0	neg 1.0	neg 0.6706246105242674 off 0.17822651314914031 __DUMMY__ 0.15114887632659238	false	1.0
diktatorisch	neg 1.0		neg 0.3655228209495515 off 0.3189958263504856 __DUMMY__ 0.31548135269996286	false	1.0
vorhersehbar	neg 1.0		neg 0.363455373140901 off 0.32172165550948134 __DUMMY__ 0.3148229713496177	false	1.0
sowie			neg 0.35893721729497596 off 0.32944899198786554 __DUMMY__ 0.31161379071715856	false	0.0
stornieren	neg 1.0		neg 0.3572242046636883 off 0.3233181679967745 __DUMMY__ 0.31945762733953725	false	1.0
besteuerung	neg 1.0		neg 0.3687976396759762 off 0.3172175636446547 __DUMMY__ 0.3139847966793691	false	1.0
ungeschminkt	neg 1.0		neg 0.3645186069493863 off 0.32386107884549326 __DUMMY__ 0.3116203142051206	false	1.0
kritisch	neg 1.0		neg 0.3679716443740313 __DUMMY__ 0.3176391873539669 off 0.31438916827200164	false	1.0
schlamperei	off 1.0		neg 0.3686520500300313 __DUMMY__ 0.3183488281788296 off 0.3129991217911391	false	0.5
sucht	neg 1.0	neg 1.0	neg 0.6691775857182857 off 0.1773103792547546 __DUMMY__ 0.15351203502695984	false	1.0
egoistisch	off 1.0		neg 0.35701100789422235 off 0.3309984685779434 __DUMMY__ 0.31199052352783435	false	0.5
ausbeuter	off 1.0		neg 0.3716108435401299 __DUMMY__ 0.31673749492733994 off 0.3116516615325302	false	0.5
arschgeburt	off 1.0		neg 0.35580596458418 off 0.33726569232521275 __DUMMY__ 0.30692834309060724	false	0.5
schubs	neg 1.0		neg 0.3658598641938871 __DUMMY__ 0.3175675463129872 off 0.3165725894931257	false	1.0
unsolide	neg 1.0		neg 0.36560612272184567 off 0.3195086185253117 __DUMMY__ 0.3148852587528427	false	1.0
beschwerde	neg 1.0		neg 0.36991724815227817 __DUMMY__ 0.3170280040855419 off 0.31305474776217984	false	1.0
stocken	neg 1.0		neg 0.36951949641765913 __DUMMY__ 0.3176315553701092 off 0.31284894821223175	false	1.0
isolieren	neg 1.0		neg 0.36721649035268894 __DUMMY__ 0.31768378026955074 off 0.3150997293777603	false	1.0
unheilbar	neg 1.0		neg 0.36400851031442977 off 0.3191072267221209 __DUMMY__ 0.3168842629634494	false	1.0
pisser	off 1.0		neg 0.36192703699618606 off 0.32618152432296194 __DUMMY__ 0.3118914386808519	false	0.5
löschen	neg 1.0		neg 0.36519857433302433 off 0.3181975034266146 __DUMMY__ 0.31660392224036094	false	1.0
durchfallen	neg 1.0		neg 0.3683603966303845 __DUMMY__ 0.3168761034307343 off 0.3147634999388813	false	1.0
wichser	off 1.0	off 1.0	off 0.6556643013827256 neg 0.195717345430415 __DUMMY__ 0.14861835318685948	false	1.0
terror	neg 1.0		neg 0.36165395357133856 off 0.32224998124231924 __DUMMY__ 0.3160960651863423	false	1.0
krass	neg 1.0		neg 0.35877919302625005 off 0.32849772875284566 __DUMMY__ 0.3127230782209044	false	1.0
revolte	neg 1.0		neg 0.36484418545633474 off 0.31994844518279425 __DUMMY__ 0.3152073693608711	false	1.0
besorgt	neg 1.0		neg 0.36275510834025226 __DUMMY__ 0.3192766623423245 off 0.3179682293174232	false	1.0
nachlassen	neg 1.0		neg 0.36675795037944275 __DUMMY__ 0.3191442665718374 off 0.31409778304871977	false	1.0
alt	neg 1.0		neg 0.368444845042321 __DUMMY__ 0.31660677753035216 off 0.3149483774273269	false	1.0
hundesohn	off 1.0		neg 0.35598607071270805 off 0.3344212626998103 __DUMMY__ 0.30959266658748164	false	0.5
als			neg 0.3651316480005638 __DUMMY__ 0.31808010952772214 off 0.3167882424717141	false	0.0
abschreckung	neg 1.0		neg 0.37052483555221793 __DUMMY__ 0.31828578205650065 off 0.31118938239128136	false	1.0
unqualifiziert	neg 1.0		neg 0.36253435509650234 off 0.32279749840875444 __DUMMY__ 0.3146681464947432	false	1.0
abgewichst	off 1.0		neg 0.36466890922984746 __DUMMY__ 0.31769952591531275 off 0.3176315648548397	false	0.5
schwer	neg 1.0		neg 0.36533889419054427 off 0.3179014657477745 __DUMMY__ 0.3167596400616811	false	1.0
bedeutungslosigkeit	neg 1.0		neg 0.3696164236686821 __DUMMY__ 0.3179778431120204 off 0.31240573321929743	false	1.0
kapitulation	neg 1.0		neg 0.36858935321272834 __DUMMY__ 0.3175974223560607 off 0.313813224431211	false	1.0
unscharf	neg 1.0		neg 0.3651995168901473 off 0.3203787216863692 __DUMMY__ 0.3144217614234835	false	1.0
schwinden	neg 1.0		neg 0.37044048289159726 __DUMMY__ 0.3177932394321254 off 0.3117662776762774	false	1.0
versklavung	neg 1.0		neg 0.36552614044215803 off 0.31864780965030315 __DUMMY__ 0.31582604990753865	false	1.0
schlecht	neg 1.0		neg 0.35754738596950786 off 0.3265442879699405 __DUMMY__ 0.31590832606055147	false	1.0
verhasst	neg 1.0		neg 0.3664581840512491 off 0.31901608897600636 __DUMMY__ 0.31452572697274445	false	1.0
beschweren	neg 1.0		neg 0.3621544576894321 off 0.3213212151266812 __DUMMY__ 0.31652432718388673	false	1.0
scheiden	neg 1.0		neg 0.36272718877730364 off 0.31933216084247873 __DUMMY__ 0.31794065038021757	false	1.0
frustriert	neg 1.0		neg 0.3665517006685607 __DUMMY__ 0.3167608432451536 off 0.31668745608628585	false	1.0
schimmelig	neg 1.0		neg 0.3713024894467103 __DUMMY__ 0.31518741588324334 off 0.31351009467004637	false	1.0
fisch	neg 1.0		neg 0.3725006691788457 __DUMMY__ 0.3167494176658743 off 0.31074991315528006	false	1.0
schmuggel	neg 1.0		neg 0.37115133235270853 __DUMMY__ 0.31690043483106256 off 0.31194823281622885	false	1.0
auffallen	neg 1.0		neg 0.3617359455253191 off 0.322123427881422 __DUMMY__ 0.31614062659325876	false	1.0
konkurrenz	neg 1.0		neg 0.3691335548765004 __DUMMY__ 0.3193101458802503 off 0.31155629924324935	false	1.0
teufelskreis	neg 1.0	neg 1.0	neg 0.6731455183519603 off 0.17525662714391213 __DUMMY__ 0.15159785450412747	false	1.0
aufschreien	neg 1.0		neg 0.363180755789049 off 0.32156513192284 __DUMMY__ 0.3152541122881111	false	1.0
schuldner	neg 1.0		neg 0.3724694075891212 __DUMMY__ 0.3168203585761733 off 0.31071023383470536	false	1.0
missgeburt	off 1.0	off 1.0	off 0.6522887683674533 neg 0.19937832965577842 __DUMMY__ 0.14833290197676818	false	1.0
arbeitslos	neg 1.0		neg 0.3682170280262637 __DUMMY__ 0.31671270852990513 off 0.3150702634438311	false	1.0
befallen	neg 1.0		neg 0.37015053117296404 __DUMMY__ 0.3150488455084979 off 0.31480062331853803	false	1.0
miesepetrig	off 1.0	off 1.0	off 0.6498798233230166 neg 0.19863703676574654 __DUMMY__ 0.15148313991123688	false	1.0
alarmieren	neg 1.0		neg 0.3649052234165526 off 0.3218208653288741 __DUMMY__ 0.31327391125457327	false	1.0
ungeduscht	off 1.0		neg 0.3641708639136028 off 0.3222514628393541 __DUMMY__ 0.31357767324704305	false	0.5
knappheit	neg 1.0		neg 0.3700084180171554 __DUMMY__ 0.3161394546694239 off 0.31385212731342055	false	1.0
schlange	neg 1.0		neg 0.36033249458500943 off 0.32166750219868556 __DUMMY__ 0.31800000321630495	false	1.0
harsch	neg 1.0		neg 0.3557860460356121 off 0.33040646800857293 __DUMMY__ 0.313807485955815	false	1.0
lang	neg 1.0		neg 0.3638972934135616 off 0.31945213251472104 __DUMMY__ 0.3166505740717174	false	1.0
ziellos	neg 1.0		neg 0.3657434021331238 __DUMMY__ 0.3187188526725841 off 0.3155377451942921	false	1.0
selbstverliebt	neg 1.0		neg 0.3547509387911019 off 0.33607471673322675 __DUMMY__ 0.3091743444756715	false	1.0
beseitigen	neg 1.0		neg 0.3658430653984392 __DUMMY__ 0.3173473198940459 off 0.31680961470751484	false	1.0
dumm	off 1.0		neg 0.35542956628203437 off 0.33223306100109207 __DUMMY__ 0.3123373727168736	false	0.5
arbeitsloser	neg 1.0		neg 0.3653283779572693 __DUMMY__ 0.31839179506003984 off 0.3162798269826909	false	1.0
blitzen	neg 1.0		neg 0.3615606841778231 off 0.32242159450269386 __DUMMY__ 0.31601772131948314	false	1.0
hilflos	neg 1.0		neg 0.36772410267674416 __DUMMY__ 0.31647264026906874 off 0.315803257054187	false	1.0
eklig	off 1.0		neg 0.3581378007335725 off 0.3315137182547307 __DUMMY__ 0.3103484810116969	false	0.5
begriff			neg 0.3649833353555364 off 0.31793338594505505 __DUMMY__ 0.31708327869940867	false	0.0
hungersnot	neg 1.0		neg 0.3689045459955086 __DUMMY__ 0.3165017216996527 off 0.3145937323048388	false	1.0
ungesetzlich	neg 1.0		neg 0.36653441961256256 off 0.3183593049334548 __DUMMY__ 0.3151062754539828	false	1.0
verschwendung	neg 1.0		neg 0.3690159304326178 __DUMMY__ 0.31773156018030463 off 0.3132525093870775	false	1.0
schmerzvoll	neg 1.0		neg 0.3635651959693662 off 0.32043863810832696 __DUMMY__ 0.31599616592230695	false	1.0
vorzeitig	neg 1.0		neg 0.3640825797486823 off 0.3209594155201792 __DUMMY__ 0.3149580047311385	false	1.0
unvollkommenheit	neg 1.0		neg 0.3645027371790737 __DUMMY__ 0.31918678375191584 off 0.31631047906901055	false	1.0
intervenieren	neg 1.0		neg 0.37006668570692686 __DUMMY__ 0.3172895455666755 off 0.3126437687263976	false	1.0
banause	off 1.0		neg 0.35802470682169946 off 0.33354073150026936 __DUMMY__ 0.30843456167803135	false	0.5
rebell	neg 1.0		neg 0.37334897866907163 __DUMMY__ 0.31819213595319457 off 0.30845888537773386	false	1.0
unlogisch	neg 1.0		neg 0.358868027765884 off 0.32783276565173886 __DUMMY__ 0.31329920658237703	false	1.0
leiden	neg 1.0		neg 0.366771244056333 __DUMMY__ 0.3197597943630186 off 0.31346896158064846	false	1.0
abschaffung	neg 1.0		neg 0.36489153780969946 off 0.31866953491850325 __DUMMY__ 0.3164389272717971	false	1.0
sturz	neg 1.0		neg 0.3661808873991045 off 0.31777249589944156 __DUMMY__ 0.3160466167014541	false	1.0
verkleinerung	neg 1.0		neg 0.3650454346692811 off 0.32072942743963556 __DUMMY__ 0.31422513789108336	false	1.0
schmarotzer	off 1.0		neg 0.36773601133324624 __DUMMY__ 0.31634847213411565 off 0.31591551653263816	false	0.5
bestrafung	neg 1.0		neg 0.36480631679833525 off 0.3192959272527924 __DUMMY__ 0.3158977559488724	false	1.0
achtlos	neg 1.0	neg 1.0	neg 0.6717185399191135 off 0.17574393949358955 __DUMMY__ 0.15253752058729692	false	1.0
ungeheuer	neg 1.0		neg 0.3629733350117893 off 0.32120098687309434 __DUMMY__ 0.3158256781151163	false	1.0
unaufrichtig	neg 1.0		neg 0.35895079315385015 off 0.32348608855971955 __DUMMY__ 0.3175631182864302	false	1.0
groggy	neg 1.0		neg 0.3625203338557216 off 0.3218686608187248 __DUMMY__ 0.3156110053255537	false	1.0
verletzlich	neg 1.0		neg 0.3625680422247374 off 0.3245681231232261 __DUMMY__ 0.3128638346520364	false	1.0
ablehnen	neg 1.0		neg 0.3670936552323159 __DUMMY__ 0.3176037006872179 off 0.3153026440804663	false	1.0
