unsolidarisch	neg 1.0		neg 0.532908036741362 off 0.4603066238513009 __DUMMY__ 0.006785339407337056	false	1.0
nachteilig	neg 1.0		neg 0.5351987726749697 off 0.4579517782753237 __DUMMY__ 0.0068494490497067245	false	1.0
skeptisch	neg 1.0		neg 0.535910493400708 off 0.4572376015876625 __DUMMY__ 0.006851905011629479	false	1.0
schrecklich	neg 1.0		neg 0.5204364996609165 off 0.47280767122144607 __DUMMY__ 0.006755829117637437	false	1.0
schlapp	neg 1.0		neg 0.5243612995351205 off 0.4688518970624509 __DUMMY__ 0.006786803402428618	false	1.0
abfall	neg 1.0		neg 0.538807037912284 off 0.4543030421462202 __DUMMY__ 0.006889919941495803	false	1.0
widerspenstig	neg 1.0		neg 0.5303796091049459 off 0.46280436728353974 __DUMMY__ 0.006816023611514495	false	1.0
abrupt	neg 1.0		neg 0.534824168580706 off 0.45832386407397335 __DUMMY__ 0.006851967345320593	false	1.0
unwirksam	neg 1.0		neg 0.5333630853581054 off 0.45986241501963027 __DUMMY__ 0.0067744996222642625	false	1.0
angreifen	neg 1.0		neg 0.5374102316832101 off 0.4557599838789361 __DUMMY__ 0.006829784437853781	false	1.0
inkonsistent	neg 1.0		neg 0.5323201254553162 off 0.4609142986756432 __DUMMY__ 0.006765575869040633	false	1.0
abrutschen	neg 1.0		neg 0.5391931211097235 off 0.4539357607351815 __DUMMY__ 0.0068711181550950694	false	1.0
unsicher	neg 1.0		neg 0.5289627410228311 off 0.46418774852246764 __DUMMY__ 0.006849510454701337	false	1.0
bauernkind	off 1.0	off 1.0	off 0.7176763880197343 neg 0.27918639702141823 __DUMMY__ 0.0031372149588474478	false	1.0
angreifer	neg 1.0	neg 1.0	neg 0.7507973640855435 off 0.24597487038709523 __DUMMY__ 0.0032277655273612407	false	1.0
trennen	neg 1.0		neg 0.5349279205072783 off 0.4581945279945378 __DUMMY__ 0.006877551498183851	false	1.0
schmutz	neg 1.0		neg 0.5284458432284463 off 0.4647336463620072 __DUMMY__ 0.006820510409546457	false	1.0
inkonsistenz	neg 1.0		neg 0.5277461879461239 off 0.465521995777709 __DUMMY__ 0.0067318162761670205	false	1.0
erschreckend	neg 1.0		neg 0.532104881573058 off 0.4610818002847437 __DUMMY__ 0.006813318142198238	false	1.0
ertrinken	neg 1.0		neg 0.5374715873634223 off 0.45570964019298893 __DUMMY__ 0.006818772443588706	false	1.0
pickelface	off 1.0		neg 0.532118750090007 off 0.46106186375993696 __DUMMY__ 0.006819386150055988	false	0.5
seiner			neg 0.5356344383952946 off 0.4575159447011679 __DUMMY__ 0.0068496169035376095	false	0.0
lauch	neg 1.0		neg 0.5387071175922883 off 0.4544243521151701 __DUMMY__ 0.006868530292541624	false	1.0
unwichtig	neg 1.0		neg 0.5258311033783059 off 0.4673945053759807 __DUMMY__ 0.006774391245713454	false	1.0
steuerhinterziehung	neg 1.0	neg 1.0	neg 0.7536934016297147 off 0.24307300331188603 __DUMMY__ 0.003233595058399258	false	1.0
schock	neg 1.0		neg 0.5321558217394889 off 0.4610263563769061 __DUMMY__ 0.006817821883604926	false	1.0
beule	neg 1.0		neg 0.5254064790559207 off 0.4678474327415142 __DUMMY__ 0.0067460882025651885	false	1.0
vergelten	neg 1.0		neg 0.5204080311299915 off 0.4728015542649261 __DUMMY__ 0.006790414605082496	false	1.0
verdorbenheit	neg 1.0		neg 0.5285123995062213 off 0.46464725067911544 __DUMMY__ 0.006840349814663198	false	1.0
trauma	neg 1.0		neg 0.530026152965608 off 0.4631667694350712 __DUMMY__ 0.006807077599320896	false	1.0
sinnlos	neg 1.0		neg 0.5278985313527907 off 0.46529217676624846 __DUMMY__ 0.0068092918809608315	false	1.0
fettsack	off 1.0	off 1.0	off 0.7191564604659695 neg 0.27769413184281705 __DUMMY__ 0.0031494076912134627	false	1.0
feige	off 1.0	off 1.0	off 0.7171184419335564 neg 0.2796884532290684 __DUMMY__ 0.003193104837375129	false	1.0
abdanken	neg 1.0		neg 0.5324308914615373 off 0.46075987074665287 __DUMMY__ 0.006809237791809789	false	1.0
wichtigtuer	off 1.0	off 1.0	off 0.716452295205308 neg 0.28033223303558535 __DUMMY__ 0.003215471759106728	false	1.0
misslingen	neg 1.0		neg 0.5261946193247319 off 0.46692123677022934 __DUMMY__ 0.0068841439050386505	false	1.0
untreu	off 1.0		neg 0.5250468287719405 off 0.46817796321917415 __DUMMY__ 0.006775208008885285	false	0.5
missmutig	neg 1.0		neg 0.5257975063191392 off 0.4674207803655764 __DUMMY__ 0.006781713315284345	false	1.0
hurenbock	off 1.0		neg 0.5296498493503344 off 0.4635600132221462 __DUMMY__ 0.006790137427519336	false	0.5
betrunken	neg 1.0		neg 0.5228474313465634 off 0.47038178298883915 __DUMMY__ 0.006770785664597461	false	1.0
korrupt	off 1.0		neg 0.5357946453409869 off 0.45741259346547297 __DUMMY__ 0.006792761193540297	false	0.5
unmut	neg 1.0		neg 0.5386899903907896 off 0.4544317937824116 __DUMMY__ 0.006878215826798897	false	1.0
hackfresse	off 1.0		neg 0.5181180544862648 off 0.47517726403788013 __DUMMY__ 0.006704681475855189	false	0.5
aufblasen	neg 1.0		neg 0.5279598976607903 off 0.4652225979655245 __DUMMY__ 0.006817504373685005	false	1.0
gewaltsam	neg 1.0		neg 0.5341224817686456 off 0.459075875934845 __DUMMY__ 0.006801642296509287	false	1.0
unbeliebtheit	neg 1.0		neg 0.5291286800279499 off 0.46412812763266903 __DUMMY__ 0.006743192339381146	false	1.0
sturheit	neg 1.0		neg 0.5335186347588551 off 0.45967556461270537 __DUMMY__ 0.006805800628439367	false	1.0
kuh	neg 1.0		neg 0.5321695649367629 off 0.4611041319476146 __DUMMY__ 0.006726303115622368	false	1.0
erschrecken	neg 1.0		neg 0.5251323365905287 off 0.46806673454140424 __DUMMY__ 0.006800928868066968	false	1.0
opfer	neg 1.0		neg 0.5347610717706675 off 0.45840084798711844 __DUMMY__ 0.006838080242214057	false	1.0
sinken	neg 1.0		neg 0.538142305592231 off 0.45498534664626333 __DUMMY__ 0.0068723477615056875	false	1.0
stinktier	neg 1.0		neg 0.5259081793215912 off 0.46744788791090636 __DUMMY__ 0.006643932767502346	false	1.0
tucke	off 1.0		neg 0.5196641109452427 off 0.47368546874060957 __DUMMY__ 0.006650420314147752	false	0.5
ein			neg 0.5295927534981395 off 0.46359872715876377 __DUMMY__ 0.006808519343096775	false	0.0
abstieg	neg 1.0		neg 0.536722614245315 off 0.4564449523605028 __DUMMY__ 0.006832433394182284	false	1.0
missverstehen	neg 1.0		neg 0.5282704511631313 off 0.4649487549560116 __DUMMY__ 0.006780793880857144	false	1.0
ergebnislos	neg 1.0		neg 0.5364486316531 off 0.45670615172770207 __DUMMY__ 0.00684521661919803	false	1.0
unter			neg 0.5416659216344248 off 0.4513879888777883 __DUMMY__ 0.006946089487787047	false	0.0
manipulieren	neg 1.0		neg 0.5360438414121219 off 0.4570956668280834 __DUMMY__ 0.006860491759794796	false	1.0
unbewiesen	neg 1.0		neg 0.5337694795010964 off 0.4594590751810712 __DUMMY__ 0.006771445317832393	false	1.0
verschleppen	neg 1.0		neg 0.5361062390099297 off 0.45708485766933266 __DUMMY__ 0.006808903320737544	false	1.0
weib	off 1.0		neg 0.5219801221157897 off 0.4713967074306073 __DUMMY__ 0.006623170453602949	false	0.5
opposition	neg 1.0		neg 0.5307810734159907 off 0.46244227321522724 __DUMMY__ 0.0067766533687819985	false	1.0
verkehrswidrig	neg 1.0		neg 0.5191598033077772 off 0.474056208201299 __DUMMY__ 0.0067839884909237005	false	1.0
inkorrekt	neg 1.0		neg 0.5231957170189362 off 0.4700763260407046 __DUMMY__ 0.006727956940359192	false	1.0
vermeiden	neg 1.0	neg 1.0	neg 0.7554308285449901 off 0.24127665449802824 __DUMMY__ 0.003292516956981684	false	1.0
abweichung	neg 1.0	neg 1.0	neg 0.7523191264434976 off 0.2444125470533108 __DUMMY__ 0.0032683265031915347	false	1.0
alkoholisiert	neg 1.0		neg 0.5350281034155863 off 0.45811776410651445 __DUMMY__ 0.006854132477899368	false	1.0
scheiss	off 1.0	off 1.0	off 0.7178513306751727 neg 0.27895138864121716 __DUMMY__ 0.0031972806836101453	false	1.0
herausforderung	neg 1.0		neg 0.5344931345143233 off 0.4586311855847388 __DUMMY__ 0.006875679900937901	false	1.0
pervers	off 1.0		neg 0.5160694354257732 off 0.4772753978237348 __DUMMY__ 0.006655166750492123	false	0.5
wackelig	neg 1.0		neg 0.5296756124520018 off 0.46344046311444864 __DUMMY__ 0.006883924433549557	false	1.0
verwickeln	neg 1.0		neg 0.5286656533465537 off 0.464546441637931 __DUMMY__ 0.006787905015515347	false	1.0
vorwand	neg 1.0		neg 0.5370332439204865 off 0.45612030598822667 __DUMMY__ 0.006846450091287023	false	1.0
muschi	off 1.0		neg 0.5318674910092112 off 0.46131229130605433 __DUMMY__ 0.006820217684734586	false	0.5
entmutigung	neg 1.0		neg 0.5304346901551152 off 0.46277015099825625 __DUMMY__ 0.006795158846628292	false	1.0
unangemessen	neg 1.0		neg 0.5337410154722468 off 0.45945325215351135 __DUMMY__ 0.00680573237424176	false	1.0
unstetig	neg 1.0		neg 0.5280638380042465 off 0.4651412809156429 __DUMMY__ 0.006794881080110697	false	1.0
entmutigen	neg 1.0		neg 0.529472811978283 off 0.46371296257978944 __DUMMY__ 0.006814225441927591	false	1.0
schwanz	neg 1.0		neg 0.5349210574016937 off 0.45824928016803773 __DUMMY__ 0.0068296624302684305	false	1.0
verbot	neg 1.0		neg 0.5348286676742752 off 0.45835035516824457 __DUMMY__ 0.006820977157480345	false	1.0
leid	neg 1.0		neg 0.520068821520884 off 0.47321077170010084 __DUMMY__ 0.006720406779015225	false	1.0
archaisch	neg 1.0		neg 0.5331980888293844 off 0.45999160750302337 __DUMMY__ 0.006810303667592369	false	1.0
gegen			neg 0.5384594952284768 off 0.45467352962292057 __DUMMY__ 0.006866975148602559	false	0.0
scheidung	neg 1.0		neg 0.5085670877131062 off 0.4847492681754178 __DUMMY__ 0.0066836441114760765	false	1.0
einschlag	neg 1.0		neg 0.5223682526162531 off 0.47087593369853814 __DUMMY__ 0.0067558136852088	false	1.0
m			neg 0.5323180154240277 off 0.46083266313365595 __DUMMY__ 0.006849321442316471	false	0.0
abgestanden	neg 1.0		neg 0.5318105036131009 off 0.4614109871226593 __DUMMY__ 0.006778509264239683	false	1.0
schmierig	off 1.0		neg 0.5201859827396391 off 0.4730759337676109 __DUMMY__ 0.006738083492749788	false	0.5
unpraktisch	neg 1.0		neg 0.5285489335676875 off 0.4646387103782832 __DUMMY__ 0.006812356054029367	false	1.0
wixxer	off 1.0		neg 0.5174596851771869 off 0.4759134606157185 __DUMMY__ 0.0066268542070945765	false	0.5
bezeichnet			neg 0.5325840235272481 off 0.460632272681935 __DUMMY__ 0.006783703790816817	false	0.0
jammerlappen	off 1.0		neg 0.5244597408270917 off 0.4687424619640294 __DUMMY__ 0.006797797208878843	false	0.5
farce	neg 1.0		neg 0.534578272636242 off 0.4586220332958046 __DUMMY__ 0.006799694067953339	false	1.0
zwecklos	neg 1.0		neg 0.5339628512046728 off 0.4592256549742773 __DUMMY__ 0.006811493821049836	false	1.0
turbulent	neg 1.0		neg 0.5261101835268259 off 0.46715794794267435 __DUMMY__ 0.006731868530499589	false	1.0
invasion	neg 1.0		neg 0.5287938585290888 off 0.46440696099997075 __DUMMY__ 0.00679918047094046	false	1.0
schuld	neg 1.0		neg 0.5303563229682483 off 0.46284868745585156 __DUMMY__ 0.006794989575900121	false	1.0
risiko	neg 1.0	neg 1.0	neg 0.7502407195195784 off 0.24651343617612748 __DUMMY__ 0.0032458443042941636	false	1.0
finster	neg 1.0		neg 0.5307924635804645 off 0.46242984440655577 __DUMMY__ 0.006777692012979754	false	1.0
geisteskrank	off 1.0		neg 0.5255873990654429 off 0.46768021234913393 __DUMMY__ 0.006732388585423198	false	0.5
zusammenbrechen	neg 1.0		neg 0.5323344331345621 off 0.46082955596631336 __DUMMY__ 0.006836010899124617	false	1.0
ausbeute	neg 1.0		neg 0.5286974717945985 off 0.4643648528014876 __DUMMY__ 0.0069376754039139335	false	1.0
hinterhalt	neg 1.0		neg 0.5322158386829157 off 0.46094431746306325 __DUMMY__ 0.0068398438540211775	false	1.0
kritik	neg 1.0		neg 0.5350103794877049 off 0.458192258255744 __DUMMY__ 0.0067973622565510716	false	1.0
einschrumpfen	neg 1.0		neg 0.5286410581143355 off 0.4646067735466176 __DUMMY__ 0.006752168339046868	false	1.0
riskant	neg 1.0		neg 0.5365582170070549 off 0.45661445564339703 __DUMMY__ 0.006827327349547909	false	1.0
frustrieren	neg 1.0		neg 0.5348450926388002 off 0.45832140805598665 __DUMMY__ 0.006833499305213196	false	1.0
groll	neg 1.0		neg 0.5345887458755885 off 0.4585987486503056 __DUMMY__ 0.006812505474106087	false	1.0
gibt			neg 0.5316820491505335 off 0.4614725885649469 __DUMMY__ 0.006845362284519527	false	0.0
qualvoll	neg 1.0		neg 0.5280186052661497 off 0.46519637104528355 __DUMMY__ 0.0067850236885666545	false	1.0
wackeln	neg 1.0		neg 0.5284889368414314 off 0.4646767689831474 __DUMMY__ 0.006834294175421294	false	1.0
klagen	neg 1.0		neg 0.5383806380673902 off 0.4547549741591754 __DUMMY__ 0.006864387773434453	false	1.0
bankrott	neg 1.0		neg 0.5252495280138907 off 0.4679499124831446 __DUMMY__ 0.006800559502964699	false	1.0
trauern	neg 1.0		neg 0.5350247721464799 off 0.45812920484617986 __DUMMY__ 0.0068460230073402965	false	1.0
ablehnung	neg 1.0		neg 0.5348993419419557 off 0.4582948862091709 __DUMMY__ 0.006805771848873396	false	1.0
stur	neg 1.0		neg 0.529876116193321 off 0.46332578118537926 __DUMMY__ 0.006798102621299855	false	1.0
aufruhr	neg 1.0	neg 1.0	neg 0.7524959381730462 off 0.244268866148395 __DUMMY__ 0.0032351956785588633	false	1.0
melancholie	neg 1.0		neg 0.5343967310506578 off 0.4587723874928277 __DUMMY__ 0.006830881456514577	false	1.0
ist			neg 0.528108002087233 off 0.46508046895935246 __DUMMY__ 0.006811528953414695	false	0.0
torheit	neg 1.0		neg 0.5303944205464746 off 0.4627900325180934 __DUMMY__ 0.00681554693543191	false	1.0
dreckskind	off 1.0		neg 0.5220697802901918 off 0.47126609620596716 __DUMMY__ 0.006664123503841117	false	0.5
umtauschen	neg 1.0		neg 0.5306604468520735 off 0.4625165968641403 __DUMMY__ 0.006822956283786213	false	1.0
zum			neg 0.536580985125016 off 0.45646833687947325 __DUMMY__ 0.0069506779955107465	false	0.0
zersetzen	neg 1.0		neg 0.5377730944426142 off 0.45540019627343803 __DUMMY__ 0.006826709283947663	false	1.0
zur			neg 0.5396973689656792 off 0.45338659612965837 __DUMMY__ 0.006916034904662487	false	0.0
frust	neg 1.0		neg 0.5320525188854891 off 0.4611057752358183 __DUMMY__ 0.006841705878692654	false	1.0
unerbittlichkeit	neg 1.0		neg 0.5372971760040268 off 0.45586658499033134 __DUMMY__ 0.006836239005641823	false	1.0
zwei			neg 0.5364193299020829 off 0.4566543612582031 __DUMMY__ 0.006926308839714118	false	0.0
unkorrekt	neg 1.0		neg 0.5216111305362754 off 0.4716262329583853 __DUMMY__ 0.006762636505339416	false	1.0
hexe	off 1.0		neg 0.5296239548612183 off 0.4636736795756222 __DUMMY__ 0.006702365563159507	false	0.5
lasch	neg 1.0		neg 0.5277952115437894 off 0.46543902060115666 __DUMMY__ 0.0067657678550539346	false	1.0
rivale	neg 1.0		neg 0.5239644676142419 off 0.46928884194498455 __DUMMY__ 0.006746690440773747	false	1.0
mutlos	off 1.0	off 1.0	off 0.7120568742400539 neg 0.28470768487247883 __DUMMY__ 0.0032354408874673076	false	1.0
wirr	off 1.0		neg 0.5232590564569931 off 0.47002567068211504 __DUMMY__ 0.006715272860891753	false	0.5
jahr			neg 0.5310839657458568 off 0.46196260957275886 __DUMMY__ 0.006953424681384134	false	0.0
wird			neg 0.5334469184420093 off 0.4597101539212413 __DUMMY__ 0.0068429276367492934	false	0.0
strafbar	neg 1.0		neg 0.5348108674064909 off 0.45834436092870856 __DUMMY__ 0.0068447716648005015	false	1.0
erosion	neg 1.0		neg 0.529343852531171 off 0.4638160681453933 __DUMMY__ 0.006840079323435716	false	1.0
eingehen	neg 1.0		neg 0.5353135282447025 off 0.4578552065578804 __DUMMY__ 0.006831265197416947	false	1.0
faul	off 1.0		neg 0.5255515383686253 off 0.46765397770486944 __DUMMY__ 0.006794483926505237	false	0.5
provisorium	neg 1.0		neg 0.5389723243919377 off 0.4540518744526068 __DUMMY__ 0.00697580115545556	false	1.0
schmerzen	neg 1.0		neg 0.5328353990206894 off 0.46036184696343513 __DUMMY__ 0.006802754015875477	false	1.0
schrumpfen	neg 1.0		neg 0.5418078999734104 off 0.45132152575879453 __DUMMY__ 0.00687057426779503	false	1.0
geistlos	off 1.0		neg 0.5307242651122052 off 0.46252831981613335 __DUMMY__ 0.006747415071661489	false	0.5
fehlkauf	neg 1.0		neg 0.5294010694690994 off 0.46380384409016334 __DUMMY__ 0.00679508644073738	false	1.0
frustrierend	neg 1.0		neg 0.5260299275681536 off 0.4671744654463464 __DUMMY__ 0.006795606985499921	false	1.0
unzufrieden	neg 1.0		neg 0.5337987059764906 off 0.4593796593612313 __DUMMY__ 0.006821634662278036	false	1.0
verzweifeln	neg 1.0		neg 0.5316137660993653 off 0.46156019736804454 __DUMMY__ 0.006826036532590076	false	1.0
verzweifelt	neg 1.0	neg 1.0	neg 0.7516617677005084 off 0.24512328132875372 __DUMMY__ 0.0032149509707379204	false	1.0
misstrauensantrag	neg 1.0		neg 0.5289212439895442 off 0.46428624859635637 __DUMMY__ 0.006792507414099287	false	1.0
abfallen	neg 1.0		neg 0.5283457790989967 off 0.46482072857477175 __DUMMY__ 0.006833492326231675	false	1.0
fucker	off 1.0		neg 0.5225925899762205 off 0.4706475597671735 __DUMMY__ 0.006759850256605933	false	0.5
ungezogen	neg 1.0		neg 0.5160950526034487 off 0.4772284596696642 __DUMMY__ 0.006676487726887181	false	1.0
irrsinnig	neg 1.0	neg 1.0	neg 0.7513555164709735 off 0.24542379876217021 __DUMMY__ 0.003220684766856225	false	1.0
unfassbar	neg 1.0		neg 0.5233456345359517 off 0.46986759087760777 __DUMMY__ 0.006786774586440534	false	1.0
hart	neg 1.0		neg 0.5270040358907236 off 0.4662577620484091 __DUMMY__ 0.006738202060867439	false	1.0
widerlich	off 1.0		neg 0.5244980037556464 off 0.4687513533899626 __DUMMY__ 0.006750642854390945	false	0.5
fatal	neg 1.0		neg 0.5286559962484202 off 0.4645491426715402 __DUMMY__ 0.006794861080039658	false	1.0
bruch	neg 1.0		neg 0.537762426207839 off 0.45537098987750774 __DUMMY__ 0.006866583914653284	false	1.0
aushungern	neg 1.0		neg 0.5331927454304866 off 0.45997924656134886 __DUMMY__ 0.006828008008164562	false	1.0
anspannung	neg 1.0		neg 0.5391313733981036 off 0.45395953140105927 __DUMMY__ 0.006909095200837259	false	1.0
von			neg 0.5300760858826945 off 0.4629528573832832 __DUMMY__ 0.006971056734022287	false	0.0
kraftlos	neg 1.0		neg 0.5327559239194302 off 0.46040229127745363 __DUMMY__ 0.0068417848031160486	false	1.0
vom			neg 0.5381545859152553 off 0.4548667922041164 __DUMMY__ 0.006978621880628416	false	0.0
grenzdebil	off 1.0		neg 0.5230647683019174 off 0.470152347127057 __DUMMY__ 0.006782884571025634	false	0.5
vor			neg 0.5355910003441835 off 0.4575214992256734 __DUMMY__ 0.006887500430142945	false	0.0
unterwerfen	neg 1.0		neg 0.5351981763387978 off 0.4579702452345587 __DUMMY__ 0.0068315784266433765	false	1.0
versenkung	neg 1.0		neg 0.5330085200858073 off 0.460124464220703 __DUMMY__ 0.006867015693489572	false	1.0
entziehen	neg 1.0		neg 0.5378152469282288 off 0.4553232795114554 __DUMMY__ 0.006861473560315936	false	1.0
finanzkrise	neg 1.0		neg 0.5350503916482678 off 0.4581753331162307 __DUMMY__ 0.006774275235501572	false	1.0
schimpfend	neg 1.0		neg 0.5290263315067137 off 0.46418051365679924 __DUMMY__ 0.006793154836487016	false	1.0
profan	neg 1.0		neg 0.5281725739934994 off 0.4650385457853144 __DUMMY__ 0.006788880221186328	false	1.0
korruption	neg 1.0		neg 0.5354331429199573 off 0.4577505009664937 __DUMMY__ 0.006816356113548979	false	1.0
â			neg 0.5329617291886397 off 0.46018598692952334 __DUMMY__ 0.006852283881836959	false	0.0
schmutzig	neg 1.0		neg 0.5224655450728313 off 0.4707516977317113 __DUMMY__ 0.006782757195457333	false	1.0
sexy	neg 1.0		neg 0.5263386842848556 off 0.4668610740213364 __DUMMY__ 0.006800241693807826	false	1.0
abraten	neg 1.0		neg 0.5272875821154587 off 0.46589216947130546 __DUMMY__ 0.006820248413235897	false	1.0
schwarz	neg 1.0		neg 0.5294517588249837 off 0.4637497602129202 __DUMMY__ 0.0067984809620960296	false	1.0
fotze	off 1.0	off 1.0	off 0.7139479789143327 neg 0.28280804900988765 __DUMMY__ 0.003243972075779673	false	1.0
verwirren	neg 1.0		neg 0.5270303605461213 off 0.46617161211636254 __DUMMY__ 0.006798027337516299	false	1.0
zahnlos	off 1.0		neg 0.5329553569570018 off 0.4602274954461488 __DUMMY__ 0.006817147596849373	false	0.5
verheeren	neg 1.0		neg 0.515043289160332 off 0.4782887690113974 __DUMMY__ 0.006667941828270704	false	1.0
hippie	neg 1.0		neg 0.5271099613957588 off 0.4660934171485007 __DUMMY__ 0.0067966214557404064	false	1.0
rammen	neg 1.0		neg 0.5332165135832454 off 0.4600466718800459 __DUMMY__ 0.006736814536708658	false	1.0
unlauter	neg 1.0		neg 0.5311587667395039 off 0.4620578211742867 __DUMMY__ 0.006783412086209515	false	1.0
unheilvoll	neg 1.0		neg 0.5298506054938101 off 0.46336500372534195 __DUMMY__ 0.006784390780847917	false	1.0
niedrig	neg 1.0		neg 0.5375421860652511 off 0.4556415278050094 __DUMMY__ 0.006816286129739558	false	1.0
explosion	neg 1.0		neg 0.5270881306106473 off 0.46610510791194715 __DUMMY__ 0.006806761477405544	false	1.0
weichei	off 1.0	off 1.0	off 0.7208261314125572 neg 0.2759998703479571 __DUMMY__ 0.003173998239485674	false	1.0
minusmensch	off 1.0		neg 0.5219268179661031 off 0.4714579201774345 __DUMMY__ 0.006615261856462423	false	0.5
farblos	neg 1.0		neg 0.532713366783844 off 0.4604936385577326 __DUMMY__ 0.006792994658423351	false	1.0
unwissend	neg 1.0	neg 1.0	neg 0.7487259632271293 off 0.24806250118940965 __DUMMY__ 0.0032115355834611684	false	1.0
traurig	neg 1.0		neg 0.5208324741187808 off 0.4723993333749263 __DUMMY__ 0.006768192506292851	false	1.0
senkung	neg 1.0		neg 0.5294333481119996 off 0.46379826999397616 __DUMMY__ 0.006768381894024137	false	1.0
ungleich	neg 1.0	neg 1.0	neg 0.7542434676086558 off 0.24250671552548073 __DUMMY__ 0.0032498168658634525	false	1.0
heikel	neg 1.0		neg 0.5358500262074557 off 0.45731141594497565 __DUMMY__ 0.0068385578475687134	false	1.0
drosselung	neg 1.0		neg 0.5251437024436434 off 0.4681042682272552 __DUMMY__ 0.0067520293291013864	false	1.0
falsch	neg 1.0		neg 0.5259062798476566 off 0.46730255445374 __DUMMY__ 0.006791165698603457	false	1.0
unzufriedenheit	neg 1.0		neg 0.5374885133765419 off 0.4556618291679232 __DUMMY__ 0.006849657455534914	false	1.0
kurz	neg 1.0		neg 0.5295385300448231 off 0.46358855230651713 __DUMMY__ 0.006872917648659642	false	1.0
unsinnig	neg 1.0		neg 0.5325869856553135 off 0.4605966886804899 __DUMMY__ 0.006816325664196643	false	1.0
penner	off 1.0	off 1.0	off 0.721778120137527 neg 0.2750510031490126 __DUMMY__ 0.003170876713460441	false	1.0
seicht	neg 1.0		neg 0.5167335660957403 off 0.47658823024538394 __DUMMY__ 0.006678203658875891	false	1.0
dummheit	off 1.0	off 1.0	off 0.7158975496482967 neg 0.28089996352425833 __DUMMY__ 0.0032024868274450136	false	1.0
unerfreulich	neg 1.0		neg 0.5353948847109734 off 0.45773904472538623 __DUMMY__ 0.006866070563640437	false	1.0
motherfucker	off 1.0	off 1.0	off 0.7189221922942789 neg 0.27787801505000476 __DUMMY__ 0.0031997926557163774	false	1.0
pikiert	neg 1.0		neg 0.5259361305778459 off 0.4673169778236198 __DUMMY__ 0.0067468915985343485	false	1.0
wrack	neg 1.0		neg 0.5345981597686278 off 0.45859244606369215 __DUMMY__ 0.006809394167680071	false	1.0
gangster	neg 1.0		neg 0.5270799790340298 off 0.46612465806958703 __DUMMY__ 0.006795362896383038	false	1.0
krank	neg 1.0		neg 0.5223347780104348 off 0.47087158614481517 __DUMMY__ 0.006793635844750029	false	1.0
reich	neg 1.0		neg 0.525462583856856 off 0.46776219798790597 __DUMMY__ 0.006775218155238188	false	1.0
gnadenlos	neg 1.0		neg 0.5302004317435398 off 0.46300301780424336 __DUMMY__ 0.006796550452216861	false	1.0
niedergeschlagen	neg 1.0		neg 0.5321398600782287 off 0.461031919631469 __DUMMY__ 0.0068282202903022626	false	1.0
terrorisieren	off 1.0	off 1.0	off 0.7130277042234894 neg 0.28372302386177684 __DUMMY__ 0.0032492719147338015	false	1.0
sinnlosigkeit	neg 1.0		neg 0.5333590750072953 off 0.45981868778877555 __DUMMY__ 0.006822237203929284	false	1.0
behindern	neg 1.0		neg 0.5316964471795588 off 0.4614843355125088 __DUMMY__ 0.006819217307932363	false	1.0
undemokratisch	neg 1.0		neg 0.5302763159277492 off 0.4629207799239955 __DUMMY__ 0.0068029041482553015	false	1.0
wirtschaftskrise	neg 1.0		neg 0.5367876330041335 off 0.4564138020605744 __DUMMY__ 0.0067985649352921024	false	1.0
neid	neg 1.0		neg 0.5243829872599811 off 0.4687968462620272 __DUMMY__ 0.006820166477991756	false	1.0
rutschen	neg 1.0		neg 0.5363518641441407 off 0.45671765043985024 __DUMMY__ 0.0069304854160090554	false	1.0
rezession	neg 1.0		neg 0.5259577006813247 off 0.46736777674049523 __DUMMY__ 0.006674522578180002	false	1.0
fehlgeburt	neg 1.0		neg 0.52903336086886 off 0.46416608036658474 __DUMMY__ 0.0068005587645552975	false	1.0
charakterschwach	off 1.0		neg 0.5247892428099813 off 0.46845957850650266 __DUMMY__ 0.006751178683516113	false	0.5
isolation	neg 1.0		neg 0.5263622126212355 off 0.4668407182274925 __DUMMY__ 0.006797069151272078	false	1.0
ablenkung	neg 1.0		neg 0.5289462623093714 off 0.46421055059284466 __DUMMY__ 0.0068431870977839334	false	1.0
pech	neg 1.0		neg 0.5258923896191984 off 0.46730957168972087 __DUMMY__ 0.006798038691080676	false	1.0
vermeidung	neg 1.0		neg 0.5245404282066427 off 0.46870040644369604 __DUMMY__ 0.006759165349661271	false	1.0
dominieren	neg 1.0		neg 0.5352456843561934 off 0.4579179006894652 __DUMMY__ 0.006836414954341399	false	1.0
schwindlig	neg 1.0		neg 0.5274288901491079 off 0.4657584063942995 __DUMMY__ 0.0068127034565926585	false	1.0
lutscher	neg 1.0	neg 1.0	neg 0.7440458637106055 off 0.25279736821890203 __DUMMY__ 0.0031567680704924286	false	1.0
pflicht	neg 1.0		neg 0.5370831340156611 off 0.456069178677564 __DUMMY__ 0.006847687306775019	false	1.0
faschist	off 1.0		neg 0.5273677306118788 off 0.4658417239845933 __DUMMY__ 0.006790545403527995	false	0.5
verschleudern	neg 1.0		neg 0.5357938211790987 off 0.45736345986109544 __DUMMY__ 0.006842718959805856	false	1.0
wenn			neg 0.5258787596906503 off 0.4673320542699303 __DUMMY__ 0.006789186039419442	false	0.0
ehebruch	neg 1.0		neg 0.5350801319584071 off 0.4580964296672308 __DUMMY__ 0.0068234383743620754	false	1.0
spott	off 1.0		neg 0.535357670550447 off 0.4578126120986753 __DUMMY__ 0.006829717350877852	false	0.5
trostlosigkeit	neg 1.0		neg 0.5380783622034594 off 0.45507451825985934 __DUMMY__ 0.006847119536681131	false	1.0
lutschen	neg 1.0		neg 0.5291219638262987 off 0.4641275796346373 __DUMMY__ 0.006750456539064019	false	1.0
undiszipliniert	neg 1.0		neg 0.522194573134295 off 0.47104809631202016 __DUMMY__ 0.0067573305536849215	false	1.0
kopfschmerz	neg 1.0		neg 0.5351532423656945 off 0.45805655502776293 __DUMMY__ 0.00679020260654256	false	1.0
unvorhergesehen	neg 1.0		neg 0.5332157321203144 off 0.4598943432088296 __DUMMY__ 0.006889924670856155	false	1.0
desinteressiert	neg 1.0	neg 1.0	neg 0.7475720849235296 off 0.2492274041832559 __DUMMY__ 0.003200510893214613	false	1.0
armselig	off 1.0		neg 0.5227537830835163 off 0.4705142073984538 __DUMMY__ 0.006732009518029887	false	0.5
desaster	neg 1.0		neg 0.5384606219571929 off 0.4546700544680356 __DUMMY__ 0.006869323574771529	false	1.0
tod	neg 1.0		neg 0.5349080288144378 off 0.4582695837421245 __DUMMY__ 0.006822387443437804	false	1.0
herzlos	neg 1.0		neg 0.5219809177594102 off 0.4712725939524596 __DUMMY__ 0.006746488288130178	false	1.0
unwissenheit	neg 1.0		neg 0.5342869200899537 off 0.45889797024896634 __DUMMY__ 0.00681510966108008	false	1.0
widersinnig	neg 1.0		neg 0.5351278897779563 off 0.45807411728666453 __DUMMY__ 0.006797992935379048	false	1.0
bedenklich	neg 1.0		neg 0.5347938379930828 off 0.45837828655398977 __DUMMY__ 0.006827875452927545	false	1.0
beanstanden	neg 1.0		neg 0.5367174702670555 off 0.456420533963134 __DUMMY__ 0.006861995769810332	false	1.0
panisch	neg 1.0	neg 1.0	neg 0.7490212905175281 off 0.24773382368764804 __DUMMY__ 0.0032448857948238286	false	1.0
debil	off 1.0		neg 0.5417029099386138 off 0.4513852968348358 __DUMMY__ 0.0069117932265503005	false	0.5
abstrich	neg 1.0		neg 0.5296083892581624 off 0.4635328892382038 __DUMMY__ 0.006858721503633798	false	1.0
primitiv	neg 1.0		neg 0.5241201173124369 off 0.46912794857502055 __DUMMY__ 0.006751934112542515	false	1.0
abschaum	off 1.0	off 1.0	off 0.7176812983732098 neg 0.27911649382852066 __DUMMY__ 0.0032022077982695124	false	1.0
provozieren	neg 1.0		neg 0.5310815500742974 off 0.46213341883700776 __DUMMY__ 0.0067850310886948635	false	1.0
tot	neg 1.0		neg 0.5342216754688505 off 0.45895829031874585 __DUMMY__ 0.006820034212403594	false	1.0
instabil	neg 1.0		neg 0.5234470433325125 off 0.46981810286369163 __DUMMY__ 0.006734853803796045	false	1.0
schwuchtel	off 1.0	off 1.0	off 0.7239260924202157 neg 0.27294339017569164 __DUMMY__ 0.0031305174040927924	false	1.0
zerren	neg 1.0		neg 0.5328687241461251 off 0.4603014401312421 __DUMMY__ 0.00682983572263278	false	1.0
kinderficker	off 1.0		neg 0.5193589104565319 off 0.4739145190459693 __DUMMY__ 0.00672657049749866	false	0.5
gefahr	neg 1.0		neg 0.5369084873906045 off 0.4562268457983537 __DUMMY__ 0.006864666811041722	false	1.0
rabiat	neg 1.0		neg 0.5304509231370431 off 0.4627316447959951 __DUMMY__ 0.006817432066961764	false	1.0
verlangsamung	neg 1.0		neg 0.5211384814158802 off 0.4722040768955889 __DUMMY__ 0.00665744168853083	false	1.0
ausgestorben	neg 1.0		neg 0.5302367383597272 off 0.4629339802446644 __DUMMY__ 0.006829281395608506	false	1.0
anklagen	neg 1.0		neg 0.5352099144261826 off 0.4579748810002023 __DUMMY__ 0.006815204573615117	false	1.0
trott	neg 1.0		neg 0.531219152792359 off 0.4619615846149453 __DUMMY__ 0.00681926259269574	false	1.0
verminderung	neg 1.0		neg 0.5236304468517444 off 0.4696060207935181 __DUMMY__ 0.006763532354737554	false	1.0
nach			neg 0.537472829095876 off 0.4555856336137296 __DUMMY__ 0.006941537290394275	false	0.0
rost	neg 1.0		neg 0.5200913251049203 off 0.4732050096155254 __DUMMY__ 0.006703665279554234	false	1.0
destruktiv	neg 1.0		neg 0.5316314587829937 off 0.46156330759903685 __DUMMY__ 0.0068052336179694195	false	1.0
unzumutbarkeit	neg 1.0		neg 0.5252871889880314 off 0.46794226807081907 __DUMMY__ 0.0067705429411496374	false	1.0
labil	off 1.0	off 1.0	off 0.717355122745418 neg 0.27943718087353736 __DUMMY__ 0.0032076963810445985	false	1.0
ziemlich	neg 1.0		neg 0.5229548437235572 off 0.47024840554781155 __DUMMY__ 0.006796750728631219	false	1.0
lachnummer	off 1.0		neg 0.5309831511974984 off 0.4622158317698319 __DUMMY__ 0.0068010170326697015	false	0.5
oder			neg 0.5281431749021044 off 0.46501980903037643 __DUMMY__ 0.006837016067519175	false	0.0
verfall	neg 1.0		neg 0.5412139201471189 off 0.45190682290688583 __DUMMY__ 0.006879256945995192	false	1.0
ausgrenzung	neg 1.0		neg 0.5298240228879284 off 0.46337998549985365 __DUMMY__ 0.006795991612217851	false	1.0
unordnung	neg 1.0		neg 0.5215813658104471 off 0.47164552448025304 __DUMMY__ 0.006773109709299777	false	1.0
fehlverhalten	neg 1.0		neg 0.537526833029686 off 0.4556478881484939 __DUMMY__ 0.006825278821820182	false	1.0
eine			neg 0.5347947925547215 off 0.45832042928841776 __DUMMY__ 0.006884778156860805	false	0.0
nille	neg 1.0		neg 0.5309818029146298 off 0.46219138592593373 __DUMMY__ 0.006826811159436471	false	1.0
qual	neg 1.0		neg 0.5315204274307929 off 0.461655510663939 __DUMMY__ 0.006824061905268117	false	1.0
verschwenden	neg 1.0		neg 0.535808911209656 off 0.4573659480560167 __DUMMY__ 0.006825140734327414	false	1.0
riesig	neg 1.0		neg 0.5344438569930707 off 0.45871700475604854 __DUMMY__ 0.006839138250880772	false	1.0
verurteilen	neg 1.0		neg 0.5351498228416649 off 0.4580470485306739 __DUMMY__ 0.006803128627661318	false	1.0
klischee	neg 1.0	neg 1.0	neg 0.7498661883917005 off 0.24692315855126556 __DUMMY__ 0.003210653057034065	false	1.0
diktatorisch	neg 1.0		neg 0.5309426531957498 off 0.4622695252503389 __DUMMY__ 0.006787821553911241	false	1.0
vorhersehbar	neg 1.0		neg 0.5283239949238869 off 0.46490241678631616 __DUMMY__ 0.00677358828979678	false	1.0
sowie			neg 0.5217737761397615 off 0.47152557489113894 __DUMMY__ 0.006700648969099572	false	0.0
stornieren	neg 1.0		neg 0.5243401674414226 off 0.46878345661760423 __DUMMY__ 0.006876375940973262	false	1.0
besteuerung	neg 1.0		neg 0.5334289814467432 off 0.45981708621226003 __DUMMY__ 0.00675393234099686	false	1.0
ungeschminkt	neg 1.0		neg 0.527572300909917 off 0.4657271121844742 __DUMMY__ 0.00670058690560858	false	1.0
kritisch	neg 1.0		neg 0.5346668340696699 off 0.45849599306578126 __DUMMY__ 0.0068371728645487545	false	1.0
schlamperei	off 1.0		neg 0.5358084737168387 off 0.45733917981704114 __DUMMY__ 0.006852346466120108	false	0.5
sucht	neg 1.0	neg 1.0	neg 0.7496502443959336 off 0.24708886872498262 __DUMMY__ 0.0032608868790837777	false	1.0
egoistisch	off 1.0		neg 0.5199572713122135 off 0.47333349154825316 __DUMMY__ 0.006709237139533363	false	0.5
ausbeuter	off 1.0		neg 0.538000695745041 off 0.4551825561119526 __DUMMY__ 0.00681674814300639	false	0.5
arschgeburt	off 1.0		neg 0.5159449806633604 off 0.4774599886431889 __DUMMY__ 0.006595030693450895	false	0.5
schubs	neg 1.0		neg 0.5322771160601208 off 0.46088867455580984 __DUMMY__ 0.006834209384069245	false	1.0
unsolide	neg 1.0		neg 0.5306768288641606 off 0.4625493129311634 __DUMMY__ 0.00677385820467604	false	1.0
beschwerde	neg 1.0		neg 0.5363837588689774 off 0.45679363250985083 __DUMMY__ 0.006822608621171777	false	1.0
stocken	neg 1.0		neg 0.5362906286485984 off 0.456873127180926 __DUMMY__ 0.006836244170475742	false	1.0
isolieren	neg 1.0		neg 0.53391354420002 off 0.459249408693082 __DUMMY__ 0.006837047106898099	false	1.0
unheilbar	neg 1.0		neg 0.5300824187063208 off 0.4630980992206585 __DUMMY__ 0.006819482073020647	false	1.0
pisser	off 1.0		neg 0.5250934055961697 off 0.4681999429969358 __DUMMY__ 0.006706651406894578	false	0.5
löschen	neg 1.0		neg 0.5311300984265255 off 0.46205614177963666 __DUMMY__ 0.006813759793837847	false	1.0
durchfallen	neg 1.0		neg 0.5346168918766141 off 0.4585631697784863 __DUMMY__ 0.006819938344899567	false	1.0
wichser	off 1.0	off 1.0	off 0.7232860020233792 neg 0.273558333461898 __DUMMY__ 0.003155664514722695	false	1.0
terror	neg 1.0		neg 0.527080353963338 off 0.4661177900404067 __DUMMY__ 0.006801855996255338	false	1.0
krass	neg 1.0		neg 0.5221593553051664 off 0.4711153377542805 __DUMMY__ 0.006725306940553123	false	1.0
revolte	neg 1.0		neg 0.5300556585005028 off 0.4631628851123125 __DUMMY__ 0.006781456387184601	false	1.0
besorgt	neg 1.0		neg 0.5300570114608373 off 0.46306964236420733 __DUMMY__ 0.006873346174955482	false	1.0
nachlassen	neg 1.0		neg 0.5341626217518867 off 0.4589675001167625 __DUMMY__ 0.006869878131350737	false	1.0
alt	neg 1.0		neg 0.5344688594227018 off 0.4587188975270574 __DUMMY__ 0.006812243050240641	false	1.0
hundesohn	off 1.0		neg 0.5176408278665067 off 0.47570412308581 __DUMMY__ 0.0066550490476834775	false	0.5
als			neg 0.5318765329360802 off 0.46127662967821215 __DUMMY__ 0.00684683738570784	false	0.0
abschreckung	neg 1.0		neg 0.5377338399376979 off 0.45541475104108414 __DUMMY__ 0.006851409021217864	false	1.0
unqualifiziert	neg 1.0		neg 0.5273007062730631 off 0.4659293913733081 __DUMMY__ 0.00676990235362881	false	1.0
abgewichst	off 1.0		neg 0.53119596184559 off 0.46196586105427956 __DUMMY__ 0.006838177100130339	false	0.5
schwer	neg 1.0		neg 0.531357066986119 off 0.46182557864043894 __DUMMY__ 0.006817354373442214	false	1.0
bedeutungslosigkeit	neg 1.0		neg 0.536592125952033 off 0.4565630847971459 __DUMMY__ 0.006844789250821143	false	1.0
kapitulation	neg 1.0		neg 0.5353278095881692 off 0.45783652858946805 __DUMMY__ 0.006835661822362665	false	1.0
unscharf	neg 1.0		neg 0.5298075876094902 off 0.4634291761859813 __DUMMY__ 0.006763236204528609	false	1.0
schwinden	neg 1.0		neg 0.5373552098543273 off 0.4558048900744157 __DUMMY__ 0.006839900071257067	false	1.0
versklavung	neg 1.0		neg 0.5311172435761028 off 0.4620872656117914 __DUMMY__ 0.006795490812105807	false	1.0
schlecht	neg 1.0		neg 0.522696676086531 off 0.47050554332309635 __DUMMY__ 0.006797780590372629	false	1.0
verhasst	neg 1.0		neg 0.5313193244788215 off 0.4619135874626551 __DUMMY__ 0.006767088058523448	false	1.0
beschweren	neg 1.0		neg 0.5278878903735555 off 0.46530012744572113 __DUMMY__ 0.0068119821807232925	false	1.0
scheiden	neg 1.0		neg 0.529238657823427 off 0.46391943108718553 __DUMMY__ 0.006841911089387412	false	1.0
frustriert	neg 1.0		neg 0.5326439989317399 off 0.4605384538643544 __DUMMY__ 0.006817547203905904	false	1.0
schimmelig	neg 1.0		neg 0.5366544845571632 off 0.4565651839148733 __DUMMY__ 0.006780331527963579	false	1.0
fisch	neg 1.0		neg 0.5387763788419402 off 0.45440881072101696 __DUMMY__ 0.0068148104370428855	false	1.0
schmuggel	neg 1.0		neg 0.5375974901402926 off 0.45558336078672 __DUMMY__ 0.006819149072987355	false	1.0
auffallen	neg 1.0		neg 0.5272249270831729 off 0.4659718459464502 __DUMMY__ 0.006803226970376812	false	1.0
konkurrenz	neg 1.0		neg 0.5368251083348148 off 0.4563006476822675 __DUMMY__ 0.0068742439829176565	false	1.0
teufelskreis	neg 1.0	neg 1.0	neg 0.7526558152038753 off 0.24412371772603594 __DUMMY__ 0.003220467070088826	false	1.0
aufschreien	neg 1.0		neg 0.5282602525819616 off 0.46495636238940213 __DUMMY__ 0.006783385028636279	false	1.0
schuldner	neg 1.0		neg 0.5389436244857332 off 0.4542383668728789 __DUMMY__ 0.006818008641387907	false	1.0
missgeburt	off 1.0	off 1.0	off 0.7197414086233751 neg 0.2771092217054648 __DUMMY__ 0.00314936967116004	false	1.0
arbeitslos	neg 1.0		neg 0.5343890328217411 off 0.45879447920381994 __DUMMY__ 0.006816487974439024	false	1.0
befallen	neg 1.0		neg 0.5355161663656213 off 0.4577063777943127 __DUMMY__ 0.006777455840066139	false	1.0
miesepetrig	off 1.0	off 1.0	off 0.7187835109500754 neg 0.2779989957473695 __DUMMY__ 0.003217493302555035	false	1.0
alarmieren	neg 1.0		neg 0.5290465606326217 off 0.46421552401950256 __DUMMY__ 0.006737915347875839	false	1.0
ungeduscht	off 1.0		neg 0.5282615811090609 off 0.464993879694141 __DUMMY__ 0.006744539196798298	false	0.5
knappheit	neg 1.0		neg 0.5359684950733548 off 0.4572291095083709 __DUMMY__ 0.006802395418274319	false	1.0
schlange	neg 1.0		neg 0.5267668410749554 off 0.46638849219870243 __DUMMY__ 0.006844666726342095	false	1.0
harsch	neg 1.0		neg 0.5196794179726208 off 0.47357100695830084 __DUMMY__ 0.006749575069078266	false	1.0
lang	neg 1.0		neg 0.5297868844948888 off 0.46339819394131254 __DUMMY__ 0.006814921563798856	false	1.0
ziellos	neg 1.0		neg 0.5328762633529911 off 0.4602624737391544 __DUMMY__ 0.006861262907854566	false	1.0
selbstverliebt	neg 1.0		neg 0.5160288990879316 off 0.4773253554093821 __DUMMY__ 0.006645745502686315	false	1.0
beseitigen	neg 1.0		neg 0.5322433089238678 off 0.46092761698030577 __DUMMY__ 0.006829074095826394	false	1.0
dumm	off 1.0		neg 0.5184734864208115 off 0.47480949995276717 __DUMMY__ 0.006717013626421318	false	0.5
arbeitsloser	neg 1.0		neg 0.5323424199254274 off 0.46080388324044547 __DUMMY__ 0.006853696834127137	false	1.0
blitzen	neg 1.0		neg 0.5269979512129369 off 0.466201684398434 __DUMMY__ 0.00680036438862902	false	1.0
hilflos	neg 1.0		neg 0.5337064405578862 off 0.4594826058844177 __DUMMY__ 0.006810953557696195	false	1.0
eklig	off 1.0		neg 0.5201931752750439 off 0.47313473200170036 __DUMMY__ 0.006672092723255754	false	0.5
begriff			neg 0.5311986693537061 off 0.4619768584573667 __DUMMY__ 0.006824472188927162	false	0.0
hungersnot	neg 1.0		neg 0.5350280071201993 off 0.4581616595172956 __DUMMY__ 0.006810333362505032	false	1.0
ungesetzlich	neg 1.0		neg 0.5318100247737936 off 0.4614105074917017 __DUMMY__ 0.006779467734504778	false	1.0
verschwendung	neg 1.0		neg 0.5357817501764626 off 0.45737886456077687 __DUMMY__ 0.0068393852627604175	false	1.0
schmerzvoll	neg 1.0		neg 0.5290620707784154 off 0.46413790335667154 __DUMMY__ 0.006800025864913047	false	1.0
vorzeitig	neg 1.0		neg 0.5290523679177981 off 0.4641722529964709 __DUMMY__ 0.006775379085730896	false	1.0
unvollkommenheit	neg 1.0		neg 0.5318397772655743 off 0.46128986727466315 __DUMMY__ 0.006870355459762441	false	1.0
intervenieren	neg 1.0		neg 0.5366975620300801 off 0.45647346540384265 __DUMMY__ 0.006828972566077239	false	1.0
banause	off 1.0		neg 0.5190152249774701 off 0.4743559385618583 __DUMMY__ 0.006628836460671471	false	0.5
rebell	neg 1.0		neg 0.5405351360622815 off 0.4526165135206492 __DUMMY__ 0.006848350417069243	false	1.0
unlogisch	neg 1.0		neg 0.5226186370948799 off 0.47064249413032916 __DUMMY__ 0.006738868774791132	false	1.0
leiden	neg 1.0		neg 0.5344831951651241 off 0.4586330837436425 __DUMMY__ 0.006883721091233542	false	1.0
abschaffung	neg 1.0		neg 0.5307599882570625 off 0.46243076179265585 __DUMMY__ 0.006809249950281513	false	1.0
sturz	neg 1.0		neg 0.5318835554529532 off 0.4613165327036544 __DUMMY__ 0.006799911843392435	false	1.0
verkleinerung	neg 1.0		neg 0.5296912831328693 off 0.46354964796279624 __DUMMY__ 0.006759068904334426	false	1.0
schmarotzer	off 1.0		neg 0.5337031385475389 off 0.45948876166598934 __DUMMY__ 0.0068080997864717035	false	0.5
bestrafung	neg 1.0		neg 0.5303524477055838 off 0.4628499182658472 __DUMMY__ 0.006797634028569131	false	1.0
achtlos	neg 1.0	neg 1.0	neg 0.7517022316392656 off 0.24505716606806333 __DUMMY__ 0.003240602292671067	false	1.0
