unsolidarisch	neg 1.0		neg 0.5329080367413622 off 0.4603066238513007 __DUMMY__ 0.006785339407337054	false	1.0
nachteilig	neg 1.0		neg 0.53519877267497 off 0.4579517782753233 __DUMMY__ 0.006849449049706721	false	1.0
skeptisch	neg 1.0		neg 0.5359104934007074 off 0.45723760158766313 __DUMMY__ 0.006851905011629476	false	1.0
schrecklich	neg 1.0		neg 0.5204364996609164 off 0.4728076712214461 __DUMMY__ 0.006755829117637435	false	1.0
schlapp	neg 1.0		neg 0.5243612995351206 off 0.4688518970624509 __DUMMY__ 0.00678680340242862	false	1.0
abfall	neg 1.0		neg 0.5388070379122842 off 0.45430304214621997 __DUMMY__ 0.006889919941495795	false	1.0
widerspenstig	neg 1.0		neg 0.5303796091049462 off 0.4628043672835393 __DUMMY__ 0.006816023611514488	false	1.0
abrupt	neg 1.0		neg 0.5348241685807057 off 0.45832386407397374 __DUMMY__ 0.006851967345320595	false	1.0
unwirksam	neg 1.0		neg 0.5333630853581055 off 0.45986241501963016 __DUMMY__ 0.006774499622264258	false	1.0
angreifen	neg 1.0		neg 0.5374102316832103 off 0.45575998387893596 __DUMMY__ 0.006829784437853782	false	1.0
inkonsistent	neg 1.0		neg 0.532320125455316 off 0.46091429867564343 __DUMMY__ 0.006765575869040626	false	1.0
abrutschen	neg 1.0		neg 0.5391931211097234 off 0.45393576073518155 __DUMMY__ 0.006871118155095076	false	1.0
unsicher	neg 1.0		neg 0.528962741022831 off 0.46418774852246764 __DUMMY__ 0.006849510454701337	false	1.0
bauernkind	off 1.0	off 1.0	off 0.717676388019734 neg 0.27918639702141845 __DUMMY__ 0.00313721495884745	false	1.0
angreifer	neg 1.0	neg 1.0	neg 0.7507973640855433 off 0.24597487038709545 __DUMMY__ 0.0032277655273612493	false	1.0
trennen	neg 1.0		neg 0.5349279205072782 off 0.4581945279945378 __DUMMY__ 0.006877551498183847	false	1.0
schmutz	neg 1.0		neg 0.5284458432284465 off 0.46473364636200715 __DUMMY__ 0.006820510409546463	false	1.0
inkonsistenz	neg 1.0		neg 0.5277461879461239 off 0.4655219957777089 __DUMMY__ 0.006731816276167032	false	1.0
erschreckend	neg 1.0		neg 0.5321048815730581 off 0.46108180028474355 __DUMMY__ 0.006813318142198239	false	1.0
ertrinken	neg 1.0		neg 0.5374715873634218 off 0.45570964019298954 __DUMMY__ 0.006818772443588705	false	1.0
pickelface	off 1.0		neg 0.5321187500900074 off 0.4610618637599365 __DUMMY__ 0.006819386150055986	false	0.5
seiner			neg 0.5356344383952943 off 0.457515944701168 __DUMMY__ 0.006849616903537612	false	0.0
lauch	neg 1.0		neg 0.5387071175922881 off 0.4544243521151705 __DUMMY__ 0.006868530292541615	false	1.0
unwichtig	neg 1.0		neg 0.5258311033783064 off 0.46739450537598015 __DUMMY__ 0.00677439124571345	false	1.0
steuerhinterziehung	neg 1.0	neg 1.0	neg 0.7536934016297149 off 0.2430730033118859 __DUMMY__ 0.0032335950583992595	false	1.0
schock	neg 1.0		neg 0.5321558217394888 off 0.4610263563769061 __DUMMY__ 0.006817821883604931	false	1.0
beule	neg 1.0		neg 0.5254064790559212 off 0.4678474327415136 __DUMMY__ 0.006746088202565182	false	1.0
vergelten	neg 1.0		neg 0.5204080311299912 off 0.47280155426492626 __DUMMY__ 0.006790414605082493	false	1.0
verdorbenheit	neg 1.0		neg 0.528512399506221 off 0.4646472506791158 __DUMMY__ 0.006840349814663189	false	1.0
trauma	neg 1.0		neg 0.5300261529656083 off 0.46316676943507074 __DUMMY__ 0.0068070775993209045	false	1.0
sinnlos	neg 1.0		neg 0.52789853135279 off 0.4652921767662494 __DUMMY__ 0.006809291880960841	false	1.0
fettsack	off 1.0	off 1.0	off 0.7191564604659698 neg 0.2776941318428167 __DUMMY__ 0.0031494076912134674	false	1.0
feige	off 1.0	off 1.0	off 0.7171184419335568 neg 0.279688453229068 __DUMMY__ 0.003193104837375135	false	1.0
abdanken	neg 1.0		neg 0.5324308914615373 off 0.4607598707466529 __DUMMY__ 0.006809237791809772	false	1.0
wichtigtuer	off 1.0	off 1.0	off 0.7164522952053083 neg 0.2803322330355851 __DUMMY__ 0.0032154717591067255	false	1.0
misslingen	neg 1.0		neg 0.5261946193247321 off 0.4669212367702291 __DUMMY__ 0.006884143905038658	false	1.0
untreu	off 1.0		neg 0.525046828771941 off 0.4681779632191737 __DUMMY__ 0.006775208008885294	false	0.5
missmutig	neg 1.0		neg 0.5257975063191392 off 0.4674207803655763 __DUMMY__ 0.006781713315284344	false	1.0
hurenbock	off 1.0		neg 0.5296498493503344 off 0.4635600132221463 __DUMMY__ 0.006790137427519333	false	0.5
betrunken	neg 1.0		neg 0.5228474313465629 off 0.47038178298883965 __DUMMY__ 0.006770785664597455	false	1.0
korrupt	off 1.0		neg 0.5357946453409879 off 0.45741259346547203 __DUMMY__ 0.006792761193540292	false	0.5
unmut	neg 1.0		neg 0.5386899903907892 off 0.454431793782412 __DUMMY__ 0.006878215826798906	false	1.0
hackfresse	off 1.0		neg 0.5181180544862651 off 0.47517726403787985 __DUMMY__ 0.006704681475855191	false	0.5
aufblasen	neg 1.0		neg 0.5279598976607909 off 0.4652225979655241 __DUMMY__ 0.0068175043736850025	false	1.0
gewaltsam	neg 1.0		neg 0.5341224817686459 off 0.4590758759348448 __DUMMY__ 0.006801642296509291	false	1.0
unbeliebtheit	neg 1.0		neg 0.52912868002795 off 0.4641281276326687 __DUMMY__ 0.006743192339381147	false	1.0
sturheit	neg 1.0		neg 0.5335186347588553 off 0.45967556461270526 __DUMMY__ 0.006805800628439365	false	1.0
kuh	neg 1.0		neg 0.5321695649367628 off 0.4611041319476148 __DUMMY__ 0.006726303115622358	false	1.0
erschrecken	neg 1.0		neg 0.5251323365905286 off 0.46806673454140435 __DUMMY__ 0.006800928868066971	false	1.0
opfer	neg 1.0		neg 0.5347610717706665 off 0.4584008479871195 __DUMMY__ 0.0068380802422140655	false	1.0
sinken	neg 1.0		neg 0.5381423055922305 off 0.4549853466462639 __DUMMY__ 0.006872347761505694	false	1.0
stinktier	neg 1.0		neg 0.5259081793215915 off 0.467447887910906 __DUMMY__ 0.006643932767502339	false	1.0
tucke	off 1.0		neg 0.5196641109452429 off 0.4736854687406093 __DUMMY__ 0.006650420314147745	false	0.5
ein			neg 0.5295927534981388 off 0.4635987271587643 __DUMMY__ 0.006808519343096782	false	0.0
abstieg	neg 1.0		neg 0.5367226142453141 off 0.45644495236050353 __DUMMY__ 0.006832433394182276	false	1.0
missverstehen	neg 1.0		neg 0.5282704511631318 off 0.4649487549560113 __DUMMY__ 0.006780793880857161	false	1.0
ergebnislos	neg 1.0		neg 0.5364486316530994 off 0.4567061517277027 __DUMMY__ 0.00684521661919803	false	1.0
unter			neg 0.5416659216344248 off 0.4513879888777883 __DUMMY__ 0.006946089487787068	false	0.0
manipulieren	neg 1.0		neg 0.5360438414121225 off 0.45709566682808284 __DUMMY__ 0.006860491759794798	false	1.0
unbewiesen	neg 1.0		neg 0.5337694795010965 off 0.45945907518107104 __DUMMY__ 0.006771445317832393	false	1.0
verschleppen	neg 1.0		neg 0.5361062390099299 off 0.4570848576693325 __DUMMY__ 0.006808903320737549	false	1.0
weib	off 1.0		neg 0.5219801221157896 off 0.47139670743060746 __DUMMY__ 0.006623170453602948	false	0.5
opposition	neg 1.0		neg 0.5307810734159908 off 0.4624422732152272 __DUMMY__ 0.006776653368781993	false	1.0
verkehrswidrig	neg 1.0		neg 0.519159803307777 off 0.4740562082012993 __DUMMY__ 0.006783988490923701	false	1.0
inkorrekt	neg 1.0		neg 0.5231957170189363 off 0.47007632604070454 __DUMMY__ 0.00672795694035919	false	1.0
vermeiden	neg 1.0	neg 1.0	neg 0.7554308285449902 off 0.24127665449802807 __DUMMY__ 0.0032925169569816854	false	1.0
abweichung	neg 1.0	neg 1.0	neg 0.7523191264434973 off 0.2444125470533111 __DUMMY__ 0.0032683265031915438	false	1.0
alkoholisiert	neg 1.0		neg 0.5350281034155864 off 0.4581177641065143 __DUMMY__ 0.0068541324778993665	false	1.0
scheiss	off 1.0	off 1.0	off 0.7178513306751726 neg 0.27895138864121727 __DUMMY__ 0.0031972806836101457	false	1.0
herausforderung	neg 1.0		neg 0.5344931345143237 off 0.4586311855847385 __DUMMY__ 0.00687567990093791	false	1.0
pervers	off 1.0		neg 0.5160694354257731 off 0.47727539782373474 __DUMMY__ 0.006655166750492125	false	0.5
wackelig	neg 1.0		neg 0.5296756124520019 off 0.4634404631144486 __DUMMY__ 0.006883924433549568	false	1.0
verwickeln	neg 1.0		neg 0.5286656533465536 off 0.46454644163793096 __DUMMY__ 0.006787905015515368	false	1.0
vorwand	neg 1.0		neg 0.5370332439204866 off 0.4561203059882265 __DUMMY__ 0.006846450091286994	false	1.0
muschi	off 1.0		neg 0.5318674910092104 off 0.46131229130605517 __DUMMY__ 0.006820217684734595	false	0.5
entmutigung	neg 1.0		neg 0.5304346901551145 off 0.462770150998257 __DUMMY__ 0.006795158846628287	false	1.0
unangemessen	neg 1.0		neg 0.5337410154722458 off 0.4594532521535124 __DUMMY__ 0.006805732374241769	false	1.0
unstetig	neg 1.0		neg 0.5280638380042464 off 0.46514128091564305 __DUMMY__ 0.0067948810801107045	false	1.0
entmutigen	neg 1.0		neg 0.5294728119782831 off 0.4637129625797893 __DUMMY__ 0.00681422544192758	false	1.0
schwanz	neg 1.0		neg 0.5349210574016938 off 0.4582492801680377 __DUMMY__ 0.006829662430268433	false	1.0
verbot	neg 1.0		neg 0.5348286676742746 off 0.45835035516824507 __DUMMY__ 0.006820977157480347	false	1.0
leid	neg 1.0		neg 0.5200688215208832 off 0.4732107717001015 __DUMMY__ 0.006720406779015224	false	1.0
archaisch	neg 1.0		neg 0.5331980888293841 off 0.4599916075030235 __DUMMY__ 0.00681030366759237	false	1.0
gegen			neg 0.538459495228477 off 0.4546735296229204 __DUMMY__ 0.006866975148602571	false	0.0
scheidung	neg 1.0		neg 0.5085670877131061 off 0.4847492681754178 __DUMMY__ 0.006683644111476075	false	1.0
einschlag	neg 1.0		neg 0.5223682526162527 off 0.4708759336985386 __DUMMY__ 0.006755813685208806	false	1.0
m			neg 0.5323180154240281 off 0.46083266313365534 __DUMMY__ 0.006849321442316473	false	0.0
abgestanden	neg 1.0		neg 0.5318105036131008 off 0.46141098712265954 __DUMMY__ 0.006778509264239677	false	1.0
schmierig	off 1.0		neg 0.5201859827396388 off 0.4730759337676112 __DUMMY__ 0.00673808349274979	false	0.5
unpraktisch	neg 1.0		neg 0.5285489335676868 off 0.46463871037828386 __DUMMY__ 0.006812356054029364	false	1.0
wixxer	off 1.0		neg 0.5174596851771867 off 0.47591346061571876 __DUMMY__ 0.006626854207094583	false	0.5
bezeichnet			neg 0.5325840235272472 off 0.46063227268193596 __DUMMY__ 0.006783703790816828	false	0.0
jammerlappen	off 1.0		neg 0.5244597408270915 off 0.4687424619640297 __DUMMY__ 0.006797797208878822	false	0.5
farce	neg 1.0		neg 0.5345782726362422 off 0.4586220332958044 __DUMMY__ 0.006799694067953335	false	1.0
zwecklos	neg 1.0		neg 0.5339628512046727 off 0.4592256549742775 __DUMMY__ 0.006811493821049836	false	1.0
turbulent	neg 1.0		neg 0.5261101835268257 off 0.46715794794267457 __DUMMY__ 0.0067318685304995985	false	1.0
invasion	neg 1.0		neg 0.5287938585290887 off 0.4644069609999709 __DUMMY__ 0.006799180470940461	false	1.0
schuld	neg 1.0		neg 0.5303563229682481 off 0.4628486874558518 __DUMMY__ 0.006794989575900111	false	1.0
risiko	neg 1.0	neg 1.0	neg 0.7502407195195785 off 0.24651343617612734 __DUMMY__ 0.0032458443042941683	false	1.0
finster	neg 1.0		neg 0.5307924635804647 off 0.4624298444065556 __DUMMY__ 0.006777692012979746	false	1.0
geisteskrank	off 1.0		neg 0.5255873990654425 off 0.46768021234913426 __DUMMY__ 0.00673238858542319	false	0.5
zusammenbrechen	neg 1.0		neg 0.5323344331345626 off 0.4608295559663128 __DUMMY__ 0.0068360108991246255	false	1.0
ausbeute	neg 1.0		neg 0.5286974717945986 off 0.46436485280148737 __DUMMY__ 0.0069376754039139335	false	1.0
hinterhalt	neg 1.0		neg 0.5322158386829156 off 0.4609443174630632 __DUMMY__ 0.0068398438540211775	false	1.0
kritik	neg 1.0		neg 0.5350103794877051 off 0.4581922582557437 __DUMMY__ 0.006797362256551072	false	1.0
einschrumpfen	neg 1.0		neg 0.5286410581143347 off 0.46460677354661833 __DUMMY__ 0.006752168339046871	false	1.0
riskant	neg 1.0		neg 0.5365582170070552 off 0.4566144556433969 __DUMMY__ 0.0068273273495478935	false	1.0
frustrieren	neg 1.0		neg 0.5348450926387998 off 0.45832140805598703 __DUMMY__ 0.0068334993052131905	false	1.0
groll	neg 1.0		neg 0.5345887458755882 off 0.4585987486503058 __DUMMY__ 0.0068125054741060885	false	1.0
gibt			neg 0.5316820491505334 off 0.46147258856494694 __DUMMY__ 0.006845362284519531	false	0.0
qualvoll	neg 1.0		neg 0.5280186052661494 off 0.46519637104528394 __DUMMY__ 0.0067850236885666545	false	1.0
wackeln	neg 1.0		neg 0.528488936841432 off 0.46467676898314675 __DUMMY__ 0.0068342941754212915	false	1.0
klagen	neg 1.0		neg 0.5383806380673907 off 0.45475497415917493 __DUMMY__ 0.006864387773434453	false	1.0
bankrott	neg 1.0		neg 0.5252495280138909 off 0.4679499124831443 __DUMMY__ 0.006800559502964689	false	1.0
trauern	neg 1.0		neg 0.5350247721464793 off 0.4581292048461805 __DUMMY__ 0.006846023007340288	false	1.0
ablehnung	neg 1.0		neg 0.5348993419419557 off 0.4582948862091709 __DUMMY__ 0.006805771848873399	false	1.0
stur	neg 1.0		neg 0.529876116193321 off 0.46332578118537926 __DUMMY__ 0.006798102621299843	false	1.0
aufruhr	neg 1.0	neg 1.0	neg 0.7524959381730463 off 0.24426886614839494 __DUMMY__ 0.0032351956785588577	false	1.0
melancholie	neg 1.0		neg 0.5343967310506572 off 0.45877238749282817 __DUMMY__ 0.006830881456514582	false	1.0
ist			neg 0.5281080020872324 off 0.46508046895935296 __DUMMY__ 0.0068115289534147	false	0.0
torheit	neg 1.0		neg 0.530394420546475 off 0.46279003251809303 __DUMMY__ 0.00681554693543192	false	1.0
dreckskind	off 1.0		neg 0.5220697802901918 off 0.47126609620596716 __DUMMY__ 0.006664123503841117	false	0.5
umtauschen	neg 1.0		neg 0.5306604468520736 off 0.4625165968641402 __DUMMY__ 0.006822956283786213	false	1.0
zum			neg 0.536580985125016 off 0.45646833687947325 __DUMMY__ 0.006950677995510753	false	0.0
zersetzen	neg 1.0		neg 0.5377730944426142 off 0.45540019627343803 __DUMMY__ 0.006826709283947662	false	1.0
zur			neg 0.5396973689656787 off 0.45338659612965887 __DUMMY__ 0.006916034904662491	false	0.0
frust	neg 1.0		neg 0.5320525188854885 off 0.4611057752358188 __DUMMY__ 0.006841705878692655	false	1.0
unerbittlichkeit	neg 1.0		neg 0.5372971760040272 off 0.45586658499033106 __DUMMY__ 0.006836239005641818	false	1.0
zwei			neg 0.5364193299020829 off 0.45665436125820297 __DUMMY__ 0.006926308839714121	false	0.0
unkorrekt	neg 1.0		neg 0.5216111305362747 off 0.4716262329583858 __DUMMY__ 0.0067626365053394056	false	1.0
hexe	off 1.0		neg 0.5296239548612186 off 0.4636736795756219 __DUMMY__ 0.006702365563159518	false	0.5
lasch	neg 1.0		neg 0.5277952115437891 off 0.4654390206011569 __DUMMY__ 0.006765767855053924	false	1.0
rivale	neg 1.0		neg 0.5239644676142414 off 0.4692888419449849 __DUMMY__ 0.006746690440773751	false	1.0
mutlos	off 1.0	off 1.0	off 0.7120568742400537 neg 0.28470768487247905 __DUMMY__ 0.003235440887467308	false	1.0
wirr	off 1.0		neg 0.5232590564569938 off 0.47002567068211437 __DUMMY__ 0.00671527286089175	false	0.5
jahr			neg 0.531083965745857 off 0.4619626095727587 __DUMMY__ 0.006953424681384133	false	0.0
wird			neg 0.5334469184420086 off 0.4597101539212419 __DUMMY__ 0.006842927636749292	false	0.0
strafbar	neg 1.0		neg 0.5348108674064906 off 0.4583443609287088 __DUMMY__ 0.006844771664800504	false	1.0
erosion	neg 1.0		neg 0.5293438525311709 off 0.4638160681453932 __DUMMY__ 0.006840079323435723	false	1.0
eingehen	neg 1.0		neg 0.5353135282447026 off 0.4578552065578804 __DUMMY__ 0.006831265197416961	false	1.0
faul	off 1.0		neg 0.5255515383686254 off 0.4676539777048694 __DUMMY__ 0.006794483926505244	false	0.5
provisorium	neg 1.0		neg 0.5389723243919379 off 0.45405187445260664 __DUMMY__ 0.00697580115545556	false	1.0
schmerzen	neg 1.0		neg 0.5328353990206893 off 0.4603618469634351 __DUMMY__ 0.006802754015875477	false	1.0
schrumpfen	neg 1.0		neg 0.5418078999734103 off 0.4513215257587948 __DUMMY__ 0.006870574267795037	false	1.0
geistlos	off 1.0		neg 0.5307242651122054 off 0.46252831981613307 __DUMMY__ 0.006747415071661493	false	0.5
fehlkauf	neg 1.0		neg 0.5294010694690993 off 0.4638038440901634 __DUMMY__ 0.006795086440737389	false	1.0
frustrierend	neg 1.0		neg 0.5260299275681544 off 0.4671744654463457 __DUMMY__ 0.006795606985499927	false	1.0
unzufrieden	neg 1.0		neg 0.533798705976491 off 0.45937965936123093 __DUMMY__ 0.0068216346622780475	false	1.0
verzweifeln	neg 1.0		neg 0.5316137660993646 off 0.4615601973680453 __DUMMY__ 0.006826036532590073	false	1.0
verzweifelt	neg 1.0	neg 1.0	neg 0.7516617677005086 off 0.24512328132875338 __DUMMY__ 0.0032149509707379174	false	1.0
misstrauensantrag	neg 1.0		neg 0.5289212439895441 off 0.4642862485963566 __DUMMY__ 0.006792507414099302	false	1.0
abfallen	neg 1.0		neg 0.5283457790989966 off 0.46482072857477186 __DUMMY__ 0.00683349232623168	false	1.0
fucker	off 1.0		neg 0.522592589976221 off 0.47064755976717293 __DUMMY__ 0.006759850256605936	false	0.5
ungezogen	neg 1.0		neg 0.5160950526034485 off 0.4772284596696643 __DUMMY__ 0.006676487726887167	false	1.0
irrsinnig	neg 1.0	neg 1.0	neg 0.7513555164709737 off 0.24542379876217008 __DUMMY__ 0.0032206847668562215	false	1.0
unfassbar	neg 1.0		neg 0.5233456345359513 off 0.46986759087760815 __DUMMY__ 0.006786774586440538	false	1.0
hart	neg 1.0		neg 0.5270040358907235 off 0.46625776204840913 __DUMMY__ 0.006738202060867432	false	1.0
widerlich	off 1.0		neg 0.5244980037556464 off 0.4687513533899626 __DUMMY__ 0.006750642854390947	false	0.5
fatal	neg 1.0		neg 0.5286559962484197 off 0.4645491426715407 __DUMMY__ 0.006794861080039649	false	1.0
bruch	neg 1.0		neg 0.5377624262078393 off 0.45537098987750757 __DUMMY__ 0.00686658391465329	false	1.0
aushungern	neg 1.0		neg 0.5331927454304866 off 0.459979246561349 __DUMMY__ 0.0068280080081645576	false	1.0
anspannung	neg 1.0		neg 0.5391313733981028 off 0.4539595314010599 __DUMMY__ 0.006909095200837265	false	1.0
von			neg 0.5300760858826944 off 0.4629528573832834 __DUMMY__ 0.006971056734022285	false	0.0
kraftlos	neg 1.0		neg 0.53275592391943 off 0.4604022912774539 __DUMMY__ 0.006841784803116052	false	1.0
vom			neg 0.5381545859152552 off 0.4548667922041165 __DUMMY__ 0.006978621880628398	false	0.0
grenzdebil	off 1.0		neg 0.523064768301918 off 0.4701523471270566 __DUMMY__ 0.006782884571025633	false	0.5
vor			neg 0.5355910003441838 off 0.45752149922567314 __DUMMY__ 0.006887500430142954	false	0.0
unterwerfen	neg 1.0		neg 0.5351981763387984 off 0.45797024523455815 __DUMMY__ 0.006831578426643378	false	1.0
versenkung	neg 1.0		neg 0.5330085200858077 off 0.4601244642207028 __DUMMY__ 0.006867015693489582	false	1.0
entziehen	neg 1.0		neg 0.5378152469282289 off 0.45532327951145524 __DUMMY__ 0.0068614735603159255	false	1.0
finanzkrise	neg 1.0		neg 0.5350503916482677 off 0.45817533311623077 __DUMMY__ 0.006774275235501553	false	1.0
schimpfend	neg 1.0		neg 0.5290263315067136 off 0.4641805136567993 __DUMMY__ 0.00679315483648701	false	1.0
profan	neg 1.0		neg 0.5281725739934994 off 0.46503854578531434 __DUMMY__ 0.006788880221186335	false	1.0
korruption	neg 1.0		neg 0.5354331429199574 off 0.4577505009664936 __DUMMY__ 0.006816356113548984	false	1.0
â			neg 0.5329617291886389 off 0.46018598692952406 __DUMMY__ 0.006852283881836969	false	0.0
schmutzig	neg 1.0		neg 0.5224655450728312 off 0.47075169773171155 __DUMMY__ 0.006782757195457332	false	1.0
sexy	neg 1.0		neg 0.526338684284855 off 0.4668610740213371 __DUMMY__ 0.006800241693807815	false	1.0
abraten	neg 1.0		neg 0.5272875821154587 off 0.4658921694713055 __DUMMY__ 0.006820248413235907	false	1.0
schwarz	neg 1.0		neg 0.5294517588249839 off 0.4637497602129201 __DUMMY__ 0.006798480962096025	false	1.0
fotze	off 1.0	off 1.0	off 0.7139479789143328 neg 0.2828080490098875 __DUMMY__ 0.0032439720757796776	false	1.0
verwirren	neg 1.0		neg 0.5270303605461211 off 0.4661716121163627 __DUMMY__ 0.006798027337516305	false	1.0
zahnlos	off 1.0		neg 0.5329553569570015 off 0.46022749544614927 __DUMMY__ 0.006817147596849378	false	0.5
verheeren	neg 1.0		neg 0.5150432891603319 off 0.47828876901139733 __DUMMY__ 0.0066679418282707004	false	1.0
hippie	neg 1.0		neg 0.527109961395759 off 0.46609341714850056 __DUMMY__ 0.006796621455740407	false	1.0
rammen	neg 1.0		neg 0.5332165135832454 off 0.4600466718800459 __DUMMY__ 0.006736814536708646	false	1.0
unlauter	neg 1.0		neg 0.5311587667395037 off 0.46205782117428673 __DUMMY__ 0.0067834120862095065	false	1.0
unheilvoll	neg 1.0		neg 0.52985060549381 off 0.46336500372534206 __DUMMY__ 0.006784390780847902	false	1.0
niedrig	neg 1.0		neg 0.5375421860652513 off 0.45564152780500916 __DUMMY__ 0.006816286129739555	false	1.0
explosion	neg 1.0		neg 0.5270881306106469 off 0.46610510791194765 __DUMMY__ 0.006806761477405549	false	1.0
weichei	off 1.0	off 1.0	off 0.7208261314125571 neg 0.2759998703479573 __DUMMY__ 0.00317399823948567	false	1.0
minusmensch	off 1.0		neg 0.5219268179661029 off 0.47145792017743465 __DUMMY__ 0.006615261856462427	false	0.5
farblos	neg 1.0		neg 0.5327133667838441 off 0.46049363855773257 __DUMMY__ 0.006792994658423358	false	1.0
unwissend	neg 1.0	neg 1.0	neg 0.7487259632271296 off 0.2480625011894093 __DUMMY__ 0.0032115355834611645	false	1.0
traurig	neg 1.0		neg 0.5208324741187806 off 0.47239933337492646 __DUMMY__ 0.006768192506292863	false	1.0
senkung	neg 1.0		neg 0.529433348111999 off 0.4637982699939768 __DUMMY__ 0.006768381894024141	false	1.0
ungleich	neg 1.0	neg 1.0	neg 0.754243467608656 off 0.2425067155254805 __DUMMY__ 0.0032498168658634478	false	1.0
heikel	neg 1.0		neg 0.5358500262074559 off 0.4573114159449753 __DUMMY__ 0.006838557847568717	false	1.0
drosselung	neg 1.0		neg 0.5251437024436436 off 0.46810426822725504 __DUMMY__ 0.006752029329101376	false	1.0
falsch	neg 1.0		neg 0.5259062798476563 off 0.4673025544537403 __DUMMY__ 0.006791165698603472	false	1.0
unzufriedenheit	neg 1.0		neg 0.5374885133765416 off 0.4556618291679235 __DUMMY__ 0.006849657455534915	false	1.0
kurz	neg 1.0		neg 0.5295385300448241 off 0.4635885523065163 __DUMMY__ 0.006872917648659638	false	1.0
unsinnig	neg 1.0		neg 0.5325869856553136 off 0.4605966886804898 __DUMMY__ 0.00681632566419665	false	1.0
penner	off 1.0	off 1.0	off 0.721778120137527 neg 0.27505100314901265 __DUMMY__ 0.0031708767134604435	false	1.0
seicht	neg 1.0		neg 0.5167335660957406 off 0.47658823024538355 __DUMMY__ 0.00667820365887588	false	1.0
dummheit	off 1.0	off 1.0	off 0.715897549648296 neg 0.280899963524259 __DUMMY__ 0.003202486827445015	false	1.0
unerfreulich	neg 1.0		neg 0.535394884710973 off 0.45773904472538673 __DUMMY__ 0.006866070563640424	false	1.0
motherfucker	off 1.0	off 1.0	off 0.7189221922942789 neg 0.2778780150500047 __DUMMY__ 0.0031997926557163917	false	1.0
pikiert	neg 1.0		neg 0.5259361305778462 off 0.46731697782361964 __DUMMY__ 0.0067468915985343485	false	1.0
wrack	neg 1.0		neg 0.5345981597686276 off 0.4585924460636924 __DUMMY__ 0.006809394167680056	false	1.0
gangster	neg 1.0		neg 0.5270799790340299 off 0.466124658069587 __DUMMY__ 0.00679536289638305	false	1.0
krank	neg 1.0		neg 0.5223347780104352 off 0.47087158614481484 __DUMMY__ 0.006793635844750025	false	1.0
reich	neg 1.0		neg 0.5254625838568565 off 0.4677621979879054 __DUMMY__ 0.006775218155238191	false	1.0
gnadenlos	neg 1.0		neg 0.5302004317435405 off 0.4630030178042427 __DUMMY__ 0.006796550452216861	false	1.0
niedergeschlagen	neg 1.0		neg 0.5321398600782288 off 0.461031919631469 __DUMMY__ 0.006828220290302256	false	1.0
terrorisieren	off 1.0	off 1.0	off 0.7130277042234894 neg 0.28372302386177684 __DUMMY__ 0.0032492719147337997	false	1.0
sinnlosigkeit	neg 1.0		neg 0.5333590750072962 off 0.45981868778877455 __DUMMY__ 0.0068222372039292815	false	1.0
behindern	neg 1.0		neg 0.5316964471795591 off 0.46148433551250856 __DUMMY__ 0.006819217307932376	false	1.0
undemokratisch	neg 1.0		neg 0.5302763159277489 off 0.4629207799239957 __DUMMY__ 0.006802904148255298	false	1.0
wirtschaftskrise	neg 1.0		neg 0.5367876330041328 off 0.456413802060575 __DUMMY__ 0.006798564935292114	false	1.0
neid	neg 1.0		neg 0.5243829872599808 off 0.46879684626202756 __DUMMY__ 0.006820166477991761	false	1.0
rutschen	neg 1.0		neg 0.5363518641441409 off 0.45671765043984996 __DUMMY__ 0.006930485416009059	false	1.0
rezession	neg 1.0		neg 0.5259577006813244 off 0.46736777674049557 __DUMMY__ 0.006674522578180013	false	1.0
fehlgeburt	neg 1.0		neg 0.5290333608688593 off 0.46416608036658535 __DUMMY__ 0.006800558764555311	false	1.0
charakterschwach	off 1.0		neg 0.5247892428099813 off 0.46845957850650266 __DUMMY__ 0.006751178683516117	false	0.5
isolation	neg 1.0		neg 0.5263622126212353 off 0.4668407182274926 __DUMMY__ 0.006797069151272083	false	1.0
ablenkung	neg 1.0		neg 0.5289462623093707 off 0.46421055059284533 __DUMMY__ 0.006843187097783933	false	1.0
pech	neg 1.0		neg 0.5258923896191985 off 0.46730957168972087 __DUMMY__ 0.0067980386910806625	false	1.0
vermeidung	neg 1.0		neg 0.5245404282066424 off 0.46870040644369637 __DUMMY__ 0.006759165349661265	false	1.0
dominieren	neg 1.0		neg 0.5352456843561938 off 0.45791790068946486 __DUMMY__ 0.006836414954341393	false	1.0
schwindlig	neg 1.0		neg 0.5274288901491083 off 0.465758406394299 __DUMMY__ 0.006812703456592663	false	1.0
lutscher	neg 1.0	neg 1.0	neg 0.7440458637106054 off 0.25279736821890214 __DUMMY__ 0.003156768070492424	false	1.0
pflicht	neg 1.0		neg 0.5370831340156614 off 0.45606917867756364 __DUMMY__ 0.006847687306775006	false	1.0
faschist	off 1.0		neg 0.5273677306118787 off 0.4658417239845933 __DUMMY__ 0.006790545403527996	false	0.5
verschleudern	neg 1.0		neg 0.5357938211790984 off 0.45736345986109583 __DUMMY__ 0.006842718959805866	false	1.0
wenn			neg 0.5258787596906502 off 0.46733205426993046 __DUMMY__ 0.00678918603941944	false	0.0
ehebruch	neg 1.0		neg 0.5350801319584072 off 0.4580964296672307 __DUMMY__ 0.006823438374362069	false	1.0
spott	off 1.0		neg 0.5353576705504471 off 0.4578126120986752 __DUMMY__ 0.006829717350877852	false	0.5
trostlosigkeit	neg 1.0		neg 0.5380783622034593 off 0.4550745182598595 __DUMMY__ 0.006847119536681143	false	1.0
lutschen	neg 1.0		neg 0.5291219638262984 off 0.4641275796346375 __DUMMY__ 0.0067504565390640245	false	1.0
undiszipliniert	neg 1.0		neg 0.5221945731342952 off 0.4710480963120198 __DUMMY__ 0.006757330553684926	false	1.0
kopfschmerz	neg 1.0		neg 0.535153242365695 off 0.4580565550277625 __DUMMY__ 0.006790202606542556	false	1.0
unvorhergesehen	neg 1.0		neg 0.5332157321203139 off 0.45989434320883005 __DUMMY__ 0.006889924670856155	false	1.0
desinteressiert	neg 1.0	neg 1.0	neg 0.7475720849235294 off 0.249227404183256 __DUMMY__ 0.0032005108932146127	false	1.0
armselig	off 1.0		neg 0.5227537830835157 off 0.47051420739845434 __DUMMY__ 0.006732009518029886	false	0.5
desaster	neg 1.0		neg 0.5384606219571925 off 0.45467005446803604 __DUMMY__ 0.006869323574771519	false	1.0
tod	neg 1.0		neg 0.5349080288144378 off 0.45826958374212434 __DUMMY__ 0.006822387443437801	false	1.0
herzlos	neg 1.0		neg 0.5219809177594104 off 0.4712725939524595 __DUMMY__ 0.006746488288130176	false	1.0
unwissenheit	neg 1.0		neg 0.5342869200899533 off 0.45889797024896667 __DUMMY__ 0.00681510966108007	false	1.0
widersinnig	neg 1.0		neg 0.5351278897779561 off 0.4580741172866648 __DUMMY__ 0.006797992935379049	false	1.0
bedenklich	neg 1.0		neg 0.5347938379930832 off 0.45837828655398927 __DUMMY__ 0.006827875452927559	false	1.0
beanstanden	neg 1.0		neg 0.5367174702670551 off 0.4564205339631346 __DUMMY__ 0.0068619957698103275	false	1.0
panisch	neg 1.0	neg 1.0	neg 0.749021290517528 off 0.24773382368764824 __DUMMY__ 0.0032448857948238303	false	1.0
debil	off 1.0		neg 0.5417029099386133 off 0.45138529683483647 __DUMMY__ 0.006911793226550306	false	0.5
abstrich	neg 1.0		neg 0.5296083892581622 off 0.4635328892382039 __DUMMY__ 0.0068587215036337995	false	1.0
primitiv	neg 1.0		neg 0.5241201173124368 off 0.4691279485750207 __DUMMY__ 0.006751934112542517	false	1.0
abschaum	off 1.0	off 1.0	off 0.7176812983732098 neg 0.2791164938285207 __DUMMY__ 0.0032022077982695064	false	1.0
provozieren	neg 1.0		neg 0.5310815500742969 off 0.46213341883700815 __DUMMY__ 0.006785031088694879	false	1.0
tot	neg 1.0		neg 0.5342216754688501 off 0.45895829031874613 __DUMMY__ 0.0068200342124036	false	1.0
instabil	neg 1.0		neg 0.5234470433325126 off 0.4698181028636915 __DUMMY__ 0.0067348538037960495	false	1.0
schwuchtel	off 1.0	off 1.0	off 0.7239260924202153 neg 0.2729433901756919 __DUMMY__ 0.003130517404092795	false	1.0
zerren	neg 1.0		neg 0.5328687241461247 off 0.46030144013124236 __DUMMY__ 0.006829835722632782	false	1.0
kinderficker	off 1.0		neg 0.5193589104565317 off 0.4739145190459695 __DUMMY__ 0.0067265704974986545	false	0.5
gefahr	neg 1.0		neg 0.5369084873906039 off 0.4562268457983543 __DUMMY__ 0.006864666811041719	false	1.0
rabiat	neg 1.0		neg 0.5304509231370427 off 0.4627316447959956 __DUMMY__ 0.00681743206696176	false	1.0
verlangsamung	neg 1.0		neg 0.5211384814158808 off 0.47220407689558824 __DUMMY__ 0.006657441688530839	false	1.0
ausgestorben	neg 1.0		neg 0.5302367383597272 off 0.4629339802446644 __DUMMY__ 0.006829281395608501	false	1.0
anklagen	neg 1.0		neg 0.535209914426183 off 0.4579748810002018 __DUMMY__ 0.006815204573615123	false	1.0
trott	neg 1.0		neg 0.5312191527923584 off 0.46196158461494585 __DUMMY__ 0.006819262592695717	false	1.0
verminderung	neg 1.0		neg 0.5236304468517446 off 0.46960602079351776 __DUMMY__ 0.006763532354737547	false	1.0
nach			neg 0.5374728290958762 off 0.45558563361372933 __DUMMY__ 0.006941537290394268	false	0.0
rost	neg 1.0		neg 0.5200913251049203 off 0.4732050096155253 __DUMMY__ 0.006703665279554257	false	1.0
destruktiv	neg 1.0		neg 0.5316314587829931 off 0.4615633075990375 __DUMMY__ 0.006805233617969406	false	1.0
unzumutbarkeit	neg 1.0		neg 0.5252871889880317 off 0.46794226807081873 __DUMMY__ 0.006770542941149641	false	1.0
labil	off 1.0	off 1.0	off 0.7173551227454183 neg 0.27943718087353697 __DUMMY__ 0.0032076963810445964	false	1.0
ziemlich	neg 1.0		neg 0.5229548437235572 off 0.4702484055478116 __DUMMY__ 0.006796750728631207	false	1.0
lachnummer	off 1.0		neg 0.5309831511974992 off 0.4622158317698312 __DUMMY__ 0.0068010170326697076	false	0.5
oder			neg 0.5281431749021052 off 0.4650198090303756 __DUMMY__ 0.006837016067519195	false	0.0
verfall	neg 1.0		neg 0.541213920147119 off 0.45190682290688566 __DUMMY__ 0.006879256945995197	false	1.0
ausgrenzung	neg 1.0		neg 0.5298240228879285 off 0.4633799854998535 __DUMMY__ 0.006795991612217846	false	1.0
unordnung	neg 1.0		neg 0.5215813658104475 off 0.47164552448025276 __DUMMY__ 0.006773109709299784	false	1.0
fehlverhalten	neg 1.0		neg 0.537526833029686 off 0.4556478881484939 __DUMMY__ 0.006825278821820189	false	1.0
eine			neg 0.5347947925547207 off 0.45832042928841826 __DUMMY__ 0.00688477815686081	false	0.0
nille	neg 1.0		neg 0.5309818029146303 off 0.46219138592593334 __DUMMY__ 0.006826811159436486	false	1.0
qual	neg 1.0		neg 0.5315204274307922 off 0.4616555106639397 __DUMMY__ 0.006824061905268129	false	1.0
verschwenden	neg 1.0		neg 0.5358089112096553 off 0.4573659480560174 __DUMMY__ 0.006825140734327403	false	1.0
riesig	neg 1.0		neg 0.5344438569930705 off 0.45871700475604865 __DUMMY__ 0.006839138250880764	false	1.0
verurteilen	neg 1.0		neg 0.5351498228416647 off 0.458047048530674 __DUMMY__ 0.006803128627661312	false	1.0
klischee	neg 1.0	neg 1.0	neg 0.7498661883917003 off 0.24692315855126565 __DUMMY__ 0.0032106530570340636	false	1.0
diktatorisch	neg 1.0		neg 0.5309426531957498 off 0.46226952525033893 __DUMMY__ 0.006787821553911246	false	1.0
vorhersehbar	neg 1.0		neg 0.5283239949238866 off 0.4649024167863165 __DUMMY__ 0.006773588289796784	false	1.0
sowie			neg 0.5217737761397618 off 0.4715255748911385 __DUMMY__ 0.0067006489690995714	false	0.0
stornieren	neg 1.0		neg 0.5243401674414228 off 0.46878345661760407 __DUMMY__ 0.0068763759409732565	false	1.0
besteuerung	neg 1.0		neg 0.5334289814467426 off 0.4598170862122605 __DUMMY__ 0.006753932340996857	false	1.0
ungeschminkt	neg 1.0		neg 0.5275723009099168 off 0.46572711218447455 __DUMMY__ 0.006700586905608571	false	1.0
kritisch	neg 1.0		neg 0.5346668340696704 off 0.45849599306578076 __DUMMY__ 0.00683717286454877	false	1.0
schlamperei	off 1.0		neg 0.5358084737168379 off 0.4573391798170418 __DUMMY__ 0.006852346466120116	false	0.5
sucht	neg 1.0	neg 1.0	neg 0.7496502443959336 off 0.24708886872498256 __DUMMY__ 0.003260886879083777	false	1.0
egoistisch	off 1.0		neg 0.5199572713122138 off 0.4733334915482527 __DUMMY__ 0.006709237139533377	false	0.5
ausbeuter	off 1.0		neg 0.5380006957450408 off 0.4551825561119528 __DUMMY__ 0.0068167481430063855	false	0.5
arschgeburt	off 1.0		neg 0.5159449806633614 off 0.4774599886431879 __DUMMY__ 0.006595030693450886	false	0.5
schubs	neg 1.0		neg 0.5322771160601208 off 0.46088867455580984 __DUMMY__ 0.006834209384069251	false	1.0
unsolide	neg 1.0		neg 0.5306768288641607 off 0.4625493129311633 __DUMMY__ 0.006773858204676039	false	1.0
beschwerde	neg 1.0		neg 0.5363837588689769 off 0.4567936325098514 __DUMMY__ 0.006822608621171795	false	1.0
stocken	neg 1.0		neg 0.5362906286485981 off 0.4568731271809263 __DUMMY__ 0.006836244170475754	false	1.0
isolieren	neg 1.0		neg 0.53391354420002 off 0.45924940869308195 __DUMMY__ 0.0068370471068981	false	1.0
unheilbar	neg 1.0		neg 0.5300824187063203 off 0.463098099220659 __DUMMY__ 0.006819482073020659	false	1.0
pisser	off 1.0		neg 0.5250934055961696 off 0.46819994299693585 __DUMMY__ 0.006706651406894576	false	0.5
löschen	neg 1.0		neg 0.5311300984265256 off 0.46205614177963666 __DUMMY__ 0.006813759793837854	false	1.0
durchfallen	neg 1.0		neg 0.5346168918766141 off 0.4585631697784865 __DUMMY__ 0.006819938344899553	false	1.0
wichser	off 1.0	off 1.0	off 0.7232860020233792 neg 0.27355833346189806 __DUMMY__ 0.0031556645147226923	false	1.0
terror	neg 1.0		neg 0.5270803539633381 off 0.4661177900404065 __DUMMY__ 0.006801855996255329	false	1.0
krass	neg 1.0		neg 0.5221593553051661 off 0.4711153377542807 __DUMMY__ 0.0067253069405531244	false	1.0
revolte	neg 1.0		neg 0.5300556585005026 off 0.4631628851123128 __DUMMY__ 0.006781456387184594	false	1.0
besorgt	neg 1.0		neg 0.530057011460837 off 0.46306964236420756 __DUMMY__ 0.006873346174955493	false	1.0
nachlassen	neg 1.0		neg 0.5341626217518863 off 0.45896750011676274 __DUMMY__ 0.006869878131350738	false	1.0
alt	neg 1.0		neg 0.5344688594227017 off 0.45871889752705763 __DUMMY__ 0.006812243050240641	false	1.0
hundesohn	off 1.0		neg 0.5176408278665068 off 0.47570412308580995 __DUMMY__ 0.006655049047683486	false	0.5
als			neg 0.5318765329360806 off 0.46127662967821165 __DUMMY__ 0.006846837385707849	false	0.0
abschreckung	neg 1.0		neg 0.5377338399376979 off 0.45541475104108436 __DUMMY__ 0.006851409021217865	false	1.0
unqualifiziert	neg 1.0		neg 0.5273007062730634 off 0.46592939137330786 __DUMMY__ 0.006769902353628825	false	1.0
abgewichst	off 1.0		neg 0.5311959618455897 off 0.46196586105428006 __DUMMY__ 0.006838177100130333	false	0.5
schwer	neg 1.0		neg 0.5313570669861187 off 0.461825578640439 __DUMMY__ 0.006817354373442216	false	1.0
bedeutungslosigkeit	neg 1.0		neg 0.5365921259520331 off 0.4565630847971457 __DUMMY__ 0.006844789250821138	false	1.0
kapitulation	neg 1.0		neg 0.5353278095881687 off 0.45783652858946844 __DUMMY__ 0.006835661822362667	false	1.0
unscharf	neg 1.0		neg 0.5298075876094901 off 0.4634291761859811 __DUMMY__ 0.006763236204528617	false	1.0
schwinden	neg 1.0		neg 0.537355209854327 off 0.45580489007441594 __DUMMY__ 0.006839900071257062	false	1.0
versklavung	neg 1.0		neg 0.5311172435761027 off 0.4620872656117916 __DUMMY__ 0.006795490812105812	false	1.0
schlecht	neg 1.0		neg 0.5226966760865307 off 0.47050554332309663 __DUMMY__ 0.006797780590372637	false	1.0
verhasst	neg 1.0		neg 0.5313193244788202 off 0.46191358746265626 __DUMMY__ 0.006767088058523441	false	1.0
beschweren	neg 1.0		neg 0.5278878903735554 off 0.4653001274457212 __DUMMY__ 0.00681198218072329	false	1.0
scheiden	neg 1.0		neg 0.529238657823427 off 0.46391943108718553 __DUMMY__ 0.006841911089387414	false	1.0
frustriert	neg 1.0		neg 0.5326439989317396 off 0.46053845386435455 __DUMMY__ 0.006817547203905907	false	1.0
schimmelig	neg 1.0		neg 0.5366544845571639 off 0.4565651839148726 __DUMMY__ 0.006780331527963576	false	1.0
fisch	neg 1.0		neg 0.5387763788419399 off 0.4544088107210172 __DUMMY__ 0.006814810437042882	false	1.0
schmuggel	neg 1.0		neg 0.5375974901402929 off 0.4555833607867198 __DUMMY__ 0.006819149072987356	false	1.0
auffallen	neg 1.0		neg 0.5272249270831733 off 0.46597184594644986 __DUMMY__ 0.006803226970376805	false	1.0
konkurrenz	neg 1.0		neg 0.5368251083348151 off 0.4563006476822673 __DUMMY__ 0.0068742439829176695	false	1.0
teufelskreis	neg 1.0	neg 1.0	neg 0.7526558152038753 off 0.24412371772603586 __DUMMY__ 0.003220467070088825	false	1.0
aufschreien	neg 1.0		neg 0.5282602525819609 off 0.46495636238940274 __DUMMY__ 0.006783385028636286	false	1.0
schuldner	neg 1.0		neg 0.5389436244857332 off 0.4542383668728788 __DUMMY__ 0.00681800864138791	false	1.0
missgeburt	off 1.0	off 1.0	off 0.7197414086233751 neg 0.2771092217054648 __DUMMY__ 0.003149369671160036	false	1.0
arbeitslos	neg 1.0		neg 0.5343890328217411 off 0.4587944792038199 __DUMMY__ 0.0068164879744389995	false	1.0
befallen	neg 1.0		neg 0.5355161663656212 off 0.4577063777943128 __DUMMY__ 0.006777455840066141	false	1.0
miesepetrig	off 1.0	off 1.0	off 0.7187835109500753 neg 0.2779989957473696 __DUMMY__ 0.003217493302555036	false	1.0
alarmieren	neg 1.0		neg 0.5290465606326216 off 0.4642155240195026 __DUMMY__ 0.00673791534787584	false	1.0
ungeduscht	off 1.0		neg 0.5282615811090613 off 0.46499387969414047 __DUMMY__ 0.0067445391967982955	false	0.5
knappheit	neg 1.0		neg 0.5359684950733549 off 0.45722910950837076 __DUMMY__ 0.006802395418274319	false	1.0
schlange	neg 1.0		neg 0.5267668410749557 off 0.4663884921987021 __DUMMY__ 0.006844666726342093	false	1.0
harsch	neg 1.0		neg 0.5196794179726215 off 0.47357100695830034 __DUMMY__ 0.006749575069078254	false	1.0
lang	neg 1.0		neg 0.5297868844948886 off 0.46339819394131254 __DUMMY__ 0.006814921563798867	false	1.0
ziellos	neg 1.0		neg 0.5328762633529908 off 0.4602624737391548 __DUMMY__ 0.006861262907854575	false	1.0
selbstverliebt	neg 1.0		neg 0.5160288990879317 off 0.4773253554093821 __DUMMY__ 0.0066457455026863186	false	1.0
beseitigen	neg 1.0		neg 0.5322433089238685 off 0.4609276169803051 __DUMMY__ 0.00682907409582639	false	1.0
dumm	off 1.0		neg 0.5184734864208116 off 0.47480949995276706 __DUMMY__ 0.006717013626421334	false	0.5
arbeitsloser	neg 1.0		neg 0.5323424199254276 off 0.46080388324044524 __DUMMY__ 0.006853696834127139	false	1.0
blitzen	neg 1.0		neg 0.5269979512129367 off 0.46620168439843435 __DUMMY__ 0.006800364388629019	false	1.0
hilflos	neg 1.0		neg 0.533706440557886 off 0.45948260588441786 __DUMMY__ 0.006810953557696195	false	1.0
eklig	off 1.0		neg 0.5201931752750433 off 0.4731347320017011 __DUMMY__ 0.006672092723255749	false	0.5
begriff			neg 0.531198669353706 off 0.46197685845736686 __DUMMY__ 0.006824472188927162	false	0.0
hungersnot	neg 1.0		neg 0.5350280071201992 off 0.4581616595172957 __DUMMY__ 0.0068103333625050295	false	1.0
ungesetzlich	neg 1.0		neg 0.5318100247737936 off 0.46141050749170154 __DUMMY__ 0.006779467734504784	false	1.0
verschwendung	neg 1.0		neg 0.5357817501764635 off 0.45737886456077603 __DUMMY__ 0.006839385262760401	false	1.0
schmerzvoll	neg 1.0		neg 0.5290620707784157 off 0.46413790335667116 __DUMMY__ 0.006800025864913043	false	1.0
vorzeitig	neg 1.0		neg 0.5290523679177975 off 0.46417225299647147 __DUMMY__ 0.0067753790857309005	false	1.0
unvollkommenheit	neg 1.0		neg 0.5318397772655745 off 0.461289867274663 __DUMMY__ 0.006870355459762445	false	1.0
intervenieren	neg 1.0		neg 0.5366975620300798 off 0.45647346540384304 __DUMMY__ 0.006828972566077244	false	1.0
banause	off 1.0		neg 0.5190152249774701 off 0.47435593856185837 __DUMMY__ 0.006628836460671471	false	0.5
rebell	neg 1.0		neg 0.5405351360622813 off 0.45261651352064947 __DUMMY__ 0.006848350417069233	false	1.0
unlogisch	neg 1.0		neg 0.5226186370948803 off 0.4706424941303287 __DUMMY__ 0.006738868774791123	false	1.0
leiden	neg 1.0		neg 0.5344831951651242 off 0.45863308374364214 __DUMMY__ 0.00688372109123355	false	1.0
abschaffung	neg 1.0		neg 0.5307599882570619 off 0.4624307617926565 __DUMMY__ 0.006809249950281517	false	1.0
sturz	neg 1.0		neg 0.531883555452953 off 0.4613165327036545 __DUMMY__ 0.006799911843392434	false	1.0
verkleinerung	neg 1.0		neg 0.5296912831328695 off 0.463549647962796 __DUMMY__ 0.00675906890433442	false	1.0
schmarotzer	off 1.0		neg 0.5337031385475384 off 0.4594887616659898 __DUMMY__ 0.006808099786471706	false	0.5
bestrafung	neg 1.0		neg 0.5303524477055835 off 0.4628499182658474 __DUMMY__ 0.00679763402856915	false	1.0
achtlos	neg 1.0	neg 1.0	neg 0.7517022316392656 off 0.24505716606806321 __DUMMY__ 0.003240602292671064	false	1.0
