unsolidarisch	neg 1.0		neg 0.5016402614471974 off 0.4332587180396754 __DUMMY__ 0.06510102051312722	false	1.0
nachteilig	neg 1.0		neg 0.5036251032330936 off 0.43066273752376444 __DUMMY__ 0.06571215924314208	false	1.0
skeptisch	neg 1.0		neg 0.5043208857543151 off 0.42994471966013686 __DUMMY__ 0.06573439458554792	false	1.0
schrecklich	neg 1.0		neg 0.48941609426912136 off 0.44576369125966003 __DUMMY__ 0.06482021447121859	false	1.0
schlapp	neg 1.0		neg 0.49317533224304494 off 0.44170884339869176 __DUMMY__ 0.06511582435826335	false	1.0
abfall	neg 1.0		neg 0.5070198116293418 off 0.4268826256977488 __DUMMY__ 0.06609756267290925	false	1.0
widerspenstig	neg 1.0		neg 0.49900871206679837 off 0.4355972516828096 __DUMMY__ 0.06539403625039204	false	1.0
abrupt	neg 1.0		neg 0.5032493043061242 off 0.43101273995662215 __DUMMY__ 0.06573795573725365	false	1.0
unwirksam	neg 1.0		neg 0.502153738808044 off 0.43284755438463784 __DUMMY__ 0.06499870680731822	false	1.0
angreifen	neg 1.0		neg 0.5059095652559095 off 0.42856690807065184 __DUMMY__ 0.06552352667343883	false	1.0
inkonsistent	neg 1.0		neg 0.5011668725627422 off 0.4339187832488597 __DUMMY__ 0.06491434418839817	false	1.0
abrutschen	neg 1.0		neg 0.5074918175935345 off 0.4265906083386984 __DUMMY__ 0.06591757406776726	false	1.0
unsicher	neg 1.0		neg 0.4974408159772072 off 0.43684722362505385 __DUMMY__ 0.06571196039773884	false	1.0
bauernkind	off 1.0	off 1.0	off 0.7051171247503635 neg 0.26471355218852 __DUMMY__ 0.030169323061116433	false	1.0
angreifer	neg 1.0	neg 1.0	neg 0.7358908378658287 off 0.2330718358440711 __DUMMY__ 0.03103732629010036	false	1.0
trennen	neg 1.0		neg 0.5032349114546197 off 0.4307857147057993 __DUMMY__ 0.06597937383958098	false	1.0
schmutz	neg 1.0		neg 0.49706024968814166 off 0.4375004951396241 __DUMMY__ 0.0654392551722343	false	1.0
inkonsistenz	neg 1.0		neg 0.49677125863474375 off 0.43863720447500676 __DUMMY__ 0.06459153689024949	false	1.0
erschreckend	neg 1.0		neg 0.5007229252448467 off 0.43391047148564815 __DUMMY__ 0.06536660326950512	false	1.0
ertrinken	neg 1.0		neg 0.5060266136213111 off 0.4285540090194906 __DUMMY__ 0.06541937735919834	false	1.0
pickelface	off 1.0		neg 0.5007076187517526 off 0.4338665450822023 __DUMMY__ 0.0654258361660451	false	0.5
seiner			neg 0.5040591356123293 off 0.4302281607913269 __DUMMY__ 0.06571270359634392	false	0.0
lauch	neg 1.0		neg 0.5070239438371517 off 0.4270820186935146 __DUMMY__ 0.06589403746933387	false	1.0
unwichtig	neg 1.0		neg 0.49468011662062056 off 0.4403234916569796 __DUMMY__ 0.06499639172239986	false	1.0
steuerhinterziehung	neg 1.0	neg 1.0	neg 0.7387550805980437 off 0.23015184282634957 __DUMMY__ 0.031093076575606754	false	1.0
schock	neg 1.0		neg 0.5007574903993393 off 0.43383192952784155 __DUMMY__ 0.06541058007281932	false	1.0
beule	neg 1.0		neg 0.49439990482870605 off 0.4408717226046584 __DUMMY__ 0.06472837256663548	false	1.0
vergelten	neg 1.0		neg 0.4892123706359172 off 0.4456355866182241 __DUMMY__ 0.06515204274585872	false	1.0
verdorbenheit	neg 1.0		neg 0.4970449017544547 off 0.4373289956760283 __DUMMY__ 0.06562610256951695	false	1.0
trauma	neg 1.0		neg 0.49869297749541197 off 0.43599976034724225 __DUMMY__ 0.06530726215734577	false	1.0
sinnlos	neg 1.0		neg 0.4965706177850306 off 0.43810070823826947 __DUMMY__ 0.06532867397669993	false	1.0
fettsack	off 1.0	off 1.0	off 0.7065496921064516 neg 0.2631642817617038 __DUMMY__ 0.030286026131844623	false	1.0
feige	off 1.0	off 1.0	off 0.7043474174046582 neg 0.26494816576659075 __DUMMY__ 0.030704416828750934	false	1.0
abdanken	neg 1.0		neg 0.5010523998314582 off 0.43361833878562495 __DUMMY__ 0.06532926138291693	false	1.0
wichtigtuer	off 1.0	off 1.0	off 0.7035943485369264 neg 0.2654868216775001 __DUMMY__ 0.030918829785573577	false	1.0
misslingen	neg 1.0		neg 0.49453253034975825 off 0.439422710952685 __DUMMY__ 0.06604475869755677	false	1.0
untreu	off 1.0		neg 0.4939005015579316 off 0.4410951208019565 __DUMMY__ 0.06500437764011188	false	0.5
missmutig	neg 1.0		neg 0.4946157147128738 off 0.44031724067671213 __DUMMY__ 0.0650670446104141	false	1.0
hurenbock	off 1.0		neg 0.49839854722421095 off 0.43645222429014685 __DUMMY__ 0.06514922848564221	false	0.5
betrunken	neg 1.0		neg 0.49174434828641256 off 0.4432925709332369 __DUMMY__ 0.06496308078035047	false	1.0
korrupt	off 1.0		neg 0.5044707339084381 off 0.43035771468957895 __DUMMY__ 0.06517155140198298	false	0.5
unmut	neg 1.0		neg 0.506953536610551 off 0.4270610723118647 __DUMMY__ 0.06598539107758446	false	1.0
hackfresse	off 1.0		neg 0.48735195492072136 off 0.44831478502316013 __DUMMY__ 0.0643332600561184	false	0.5
aufblasen	neg 1.0		neg 0.49659854630758155 off 0.4379937816377116 __DUMMY__ 0.06540767205470696	false	1.0
gewaltsam	neg 1.0		neg 0.5027756778266569 off 0.43196668683172734 __DUMMY__ 0.06525763534161581	false	1.0
unbeliebtheit	neg 1.0		neg 0.4980872345386416 off 0.43721151515768 __DUMMY__ 0.0647012503036785	false	1.0
sturheit	neg 1.0		neg 0.5021546499254206 off 0.4325499033532164 __DUMMY__ 0.06529544672136306	false	1.0
kuh	neg 1.0		neg 0.5011993822910188 off 0.4342599216110868 __DUMMY__ 0.06454069609789452	false	1.0
erschrecken	neg 1.0		neg 0.49386631616748206 off 0.44088421442639925 __DUMMY__ 0.06524946940611875	false	1.0
opfer	neg 1.0		neg 0.5032407372134494 off 0.4311560977412996 __DUMMY__ 0.06560316504525096	false	1.0
sinken	neg 1.0		neg 0.5064395269470108 off 0.4276294866695649 __DUMMY__ 0.06593098638342423	false	1.0
stinktier	neg 1.0		neg 0.49536242250238616 off 0.4408827469801579 __DUMMY__ 0.06375483051745606	false	1.0
tucke	off 1.0		neg 0.4891371992500773 off 0.44704517408110284 __DUMMY__ 0.06381762666881978	false	0.5
ein			neg 0.4982632461729278 off 0.43641388581613827 __DUMMY__ 0.06532286801093383	false	0.0
abstieg	neg 1.0		neg 0.5052112293330204 off 0.42923786403337544 __DUMMY__ 0.06555090663360408	false	1.0
missverstehen	neg 1.0		neg 0.49706848965758493 off 0.43787428915705956 __DUMMY__ 0.06505722118535555	false	1.0
ergebnislos	neg 1.0		neg 0.5048793291919187 off 0.4294485890404541 __DUMMY__ 0.06567208176762705	false	1.0
unter			neg 0.509605262322423 off 0.4237622182338303 __DUMMY__ 0.0666325194437467	false	0.0
manipulieren	neg 1.0		neg 0.5044086335950704 off 0.42977431436887453 __DUMMY__ 0.06581705203605498	false	1.0
unbewiesen	neg 1.0		neg 0.5025584666326133 off 0.43247266040811827 __DUMMY__ 0.06496887295926851	false	1.0
verschleppen	neg 1.0		neg 0.5047040341401234 off 0.4299696240961944 __DUMMY__ 0.06532634176368218	false	1.0
weib	off 1.0		neg 0.49155943104870187 off 0.44488369909429537 __DUMMY__ 0.06355686985700279	false	0.5
opposition	neg 1.0		neg 0.4995854339879709 off 0.4353956502050825 __DUMMY__ 0.06501891580694663	false	1.0
verkehrswidrig	neg 1.0		neg 0.4880191662622716 off 0.4468901100953946 __DUMMY__ 0.06509072364233383	false	1.0
inkorrekt	neg 1.0		neg 0.49227018795905325 off 0.44317491747748905 __DUMMY__ 0.06455489456345775	false	1.0
vermeiden	neg 1.0	neg 1.0	neg 0.7402224528306592 off 0.22811955762637096 __DUMMY__ 0.03165798954296981	false	1.0
abweichung	neg 1.0	neg 1.0	neg 0.7372236638573304 off 0.23135015601949577 __DUMMY__ 0.031426180123173865	false	1.0
alkoholisiert	neg 1.0		neg 0.5034485151200179 off 0.4307919471931004 __DUMMY__ 0.06575953768688182	false	1.0
scheiss	off 1.0	off 1.0	off 0.705051806495625 neg 0.26420298045847634 __DUMMY__ 0.030745213045898633	false	1.0
herausforderung	neg 1.0		neg 0.5028052876567378 off 0.4312317528516884 __DUMMY__ 0.06596295949157364	false	1.0
pervers	off 1.0		neg 0.48554459525780536 off 0.4505934919143995 __DUMMY__ 0.06386191282779524	false	0.5
wackelig	neg 1.0		neg 0.49799748174676006 off 0.4359617864345937 __DUMMY__ 0.06604073181864618	false	1.0
verwickeln	neg 1.0		neg 0.4974271497025844 off 0.437447868278124 __DUMMY__ 0.06512498201929157	false	1.0
vorwand	neg 1.0		neg 0.5054580889508935 off 0.42885934825465066 __DUMMY__ 0.06568256279445574	false	1.0
muschi	off 1.0		neg 0.5004541338229925 off 0.4341124120366648 __DUMMY__ 0.06543345414034264	false	0.5
entmutigung	neg 1.0		neg 0.4991370447742924 off 0.43566733934929674 __DUMMY__ 0.06519561587641101	false	1.0
unangemessen	neg 1.0		neg 0.5023780194506501 off 0.4323273861428851 __DUMMY__ 0.06529459440646475	false	1.0
unstetig	neg 1.0		neg 0.49680300734788185 off 0.43800236171716206 __DUMMY__ 0.06519463093495613	false	1.0
entmutigen	neg 1.0		neg 0.49810932647152306 off 0.43651430757411974 __DUMMY__ 0.0653763659543573	false	1.0
schwanz	neg 1.0		neg 0.5034458879273562 off 0.4310300550089697 __DUMMY__ 0.06552405706367406	false	1.0
verbot	neg 1.0		neg 0.5033792105389089 off 0.4311799434707581 __DUMMY__ 0.06544084599033295	false	1.0
leid	neg 1.0		neg 0.48921630212514644 off 0.44630067539254364 __DUMMY__ 0.06448302248230997	false	1.0
archaisch	neg 1.0		neg 0.5018214854831305 off 0.43283978132462475 __DUMMY__ 0.06533873319224465	false	1.0
gegen			neg 0.5067722885337955 off 0.4273489573046067 __DUMMY__ 0.06587875416159772	false	0.0
scheidung	neg 1.0		neg 0.4779491207903484 off 0.45791552843099836 __DUMMY__ 0.06413535077865325	false	1.0
einschlag	neg 1.0		neg 0.49132886359952527 off 0.44385012102903076 __DUMMY__ 0.06482101537144402	false	1.0
m			neg 0.5007757492676141 off 0.43351450056758245 __DUMMY__ 0.06570975016480317	false	0.0
abgestanden	neg 1.0		neg 0.5006119070858397 off 0.4343500640779514 __DUMMY__ 0.06503802883620892	false	1.0
schmierig	off 1.0		neg 0.4892503235627915 off 0.44609822338911587 __DUMMY__ 0.06465145304809261	false	0.5
unpraktisch	neg 1.0		neg 0.49721189540144506 off 0.43742926761745643 __DUMMY__ 0.0653588369810985	false	1.0
wixxer	off 1.0		neg 0.4870552609841291 off 0.44935267633437315 __DUMMY__ 0.06359206268149784	false	0.5
bezeichnet			neg 0.5013337036651448 off 0.4335816148538201 __DUMMY__ 0.06508468148103502	false	0.0
jammerlappen	off 1.0		neg 0.49321058098176257 off 0.4415699449786069 __DUMMY__ 0.06521947403963069	false	0.5
farce	neg 1.0		neg 0.5032311918194045 off 0.4315306642632875 __DUMMY__ 0.06523814391730802	false	1.0
zwecklos	neg 1.0		neg 0.5025742401904546 off 0.43207644100016723 __DUMMY__ 0.06534931880937835	false	1.0
turbulent	neg 1.0		neg 0.49515050528117377 off 0.4402548955115917 __DUMMY__ 0.06459459920723454	false	1.0
invasion	neg 1.0		neg 0.49750773236141277 off 0.4372599110310128 __DUMMY__ 0.06523235660757452	false	1.0
schuld	neg 1.0		neg 0.4990730632735206 off 0.43573484256679945 __DUMMY__ 0.06519209415967994	false	1.0
risiko	neg 1.0	neg 1.0	neg 0.7352510911876438 off 0.23353799816139315 __DUMMY__ 0.031210910650963083	false	1.0
finster	neg 1.0		neg 0.4996032828136281 off 0.43536730774842114 __DUMMY__ 0.06502940943795082	false	1.0
geisteskrank	off 1.0		neg 0.4946292653187607 off 0.4407745518314339 __DUMMY__ 0.06459618284980534	false	0.5
zusammenbrechen	neg 1.0		neg 0.5008483968888107 off 0.4335685658805887 __DUMMY__ 0.06558303723060058	false	1.0
ausbeute	neg 1.0		neg 0.4967776799312392 off 0.4366676921721659 __DUMMY__ 0.06655462789659485	false	1.0
hinterhalt	neg 1.0		neg 0.5007122199663941 off 0.4336646480555875 __DUMMY__ 0.06562313197801845	false	1.0
kritik	neg 1.0		neg 0.5036703119779437 off 0.4311139080172465 __DUMMY__ 0.0652157800048099	false	1.0
einschrumpfen	neg 1.0		neg 0.4975676315373288 off 0.437647049468811 __DUMMY__ 0.06478531899386013	false	1.0
riskant	neg 1.0		neg 0.5050784648336194 off 0.4294215182569993 __DUMMY__ 0.06550001690938127	false	1.0
frustrieren	neg 1.0		neg 0.5033498589848369 off 0.43109115273904197 __DUMMY__ 0.0655589882761212	false	1.0
groll	neg 1.0		neg 0.5031884401912566 off 0.43145221818578444 __DUMMY__ 0.06535934162295896	false	1.0
gibt			neg 0.5001559760281802 off 0.4341719840416106 __DUMMY__ 0.0656720399302093	false	0.0
qualvoll	neg 1.0		neg 0.49680490152856827 off 0.43809651495891466 __DUMMY__ 0.06509858351251703	false	1.0
wackeln	neg 1.0		neg 0.4970442028279222 off 0.43738819813408003 __DUMMY__ 0.06556759903799773	false	1.0
klagen	neg 1.0		neg 0.5067080745344812 off 0.42743778579042946 __DUMMY__ 0.06585413967508927	false	1.0
bankrott	neg 1.0		neg 0.4939890429016587 off 0.4407646861930581 __DUMMY__ 0.06524627090528322	false	1.0
trauern	neg 1.0		neg 0.5034660599198315 off 0.4308542291004712 __DUMMY__ 0.06567971097969724	false	1.0
ablehnung	neg 1.0		neg 0.5035205843550573 off 0.43118368045943006 __DUMMY__ 0.06529573518551272	false	1.0
stur	neg 1.0		neg 0.4985831074886001 off 0.43619494488378757 __DUMMY__ 0.0652219476276124	false	1.0
aufruhr	neg 1.0	neg 1.0	neg 0.737552398285642 off 0.23133912209257798 __DUMMY__ 0.031108479621780007	false	1.0
melancholie	neg 1.0		neg 0.5029292371662872 off 0.43153486322921386 __DUMMY__ 0.06553589960449897	false	1.0
ist			neg 0.4967695208297052 off 0.43788045202364906 __DUMMY__ 0.06535002714664562	false	0.0
torheit	neg 1.0		neg 0.4990081780070153 off 0.435602254135748 __DUMMY__ 0.06538956785723672	false	1.0
dreckskind	off 1.0		neg 0.49145736752886143 off 0.44459569753826494 __DUMMY__ 0.0639469349328737	false	0.5
umtauschen	neg 1.0		neg 0.4992631683284574 off 0.4352765373601354 __DUMMY__ 0.06546029431140726	false	1.0
zum			neg 0.5045401740632222 off 0.42878287771205004 __DUMMY__ 0.0666769482247279	false	0.0
zersetzen	neg 1.0		neg 0.5062841312015498 off 0.4282212717232602 __DUMMY__ 0.06549459707518997	false	1.0
zur			neg 0.5077829664790785 off 0.4258707457110595 __DUMMY__ 0.06634628780986201	false	0.0
frust	neg 1.0		neg 0.5005403238749839 off 0.4338223637230519 __DUMMY__ 0.06563731240196402	false	1.0
unerbittlichkeit	neg 1.0		neg 0.505767416457938 off 0.4286470246667818 __DUMMY__ 0.06558555887528017	false	1.0
zwei			neg 0.504493634465113 off 0.42906184357214344 __DUMMY__ 0.06644452196274364	false	0.0
unkorrekt	neg 1.0		neg 0.4905406361671317 off 0.4445732403086455 __DUMMY__ 0.06488612352422272	false	1.0
hexe	off 1.0		neg 0.4987848197363663 off 0.43690305573424226 __DUMMY__ 0.06431212452939152	false	0.5
lasch	neg 1.0		neg 0.49666466734472864 off 0.43842087864472656 __DUMMY__ 0.06491445401054498	false	1.0
rivale	neg 1.0		neg 0.49295689185319375 off 0.4423088066291486 __DUMMY__ 0.06473430151765762	false	1.0
mutlos	off 1.0	off 1.0	off 0.6991285424449601 neg 0.2697611747215003 __DUMMY__ 0.03111028283353944	false	1.0
wirr	off 1.0		neg 0.4923981593241556 off 0.4431667515962884 __DUMMY__ 0.06443508907955593	false	0.5
jahr			neg 0.4990717862263301 off 0.43422426011112086 __DUMMY__ 0.06670395366254894	false	0.0
wird			neg 0.5019220648741013 off 0.43242905987257363 __DUMMY__ 0.06564887525332506	false	0.0
strafbar	neg 1.0		neg 0.5032563855584972 off 0.4310765642731406 __DUMMY__ 0.06566705016836222	false	1.0
erosion	neg 1.0		neg 0.49786731429423103 off 0.4365104304006355 __DUMMY__ 0.06562225530513331	false	1.0
eingehen	neg 1.0		neg 0.5038244387312303 off 0.43063789026734445 __DUMMY__ 0.06553767100142512	false	1.0
faul	off 1.0		neg 0.49431990044175333 off 0.4404912683561559 __DUMMY__ 0.06518883120209082	false	0.5
provisorium	neg 1.0		neg 0.5067961534140892 off 0.4262879010991144 __DUMMY__ 0.0669159454867963	false	1.0
schmerzen	neg 1.0		neg 0.501514127179826 off 0.43321801511627117 __DUMMY__ 0.06526785770390268	false	1.0
schrumpfen	neg 1.0		neg 0.5100844562725428 off 0.42400232089154455 __DUMMY__ 0.06591322283591262	false	1.0
geistlos	off 1.0		neg 0.49965038195608713 off 0.435609775903489 __DUMMY__ 0.06473984214042378	false	0.5
fehlkauf	neg 1.0		neg 0.49812498502160385 off 0.43668128411091256 __DUMMY__ 0.06519373086748369	false	1.0
frustrierend	neg 1.0		neg 0.4947810947213765 off 0.4400202764100245 __DUMMY__ 0.06519862886859912	false	1.0
unzufrieden	neg 1.0		neg 0.5023646447841748 off 0.4321895092007515 __DUMMY__ 0.06544584601507361	false	1.0
verzweifeln	neg 1.0		neg 0.5001795391161031 off 0.43433250089248215 __DUMMY__ 0.06548795999141462	false	1.0
verzweifelt	neg 1.0	neg 1.0	neg 0.7368194869920796 off 0.2322667531356694 __DUMMY__ 0.030913759872251107	false	1.0
misstrauensantrag	neg 1.0		neg 0.49766763083816695 off 0.43716250055121847 __DUMMY__ 0.06516986861061445	false	1.0
abfallen	neg 1.0		neg 0.49691230876820763 off 0.437527481279845 __DUMMY__ 0.0655602099519475	false	1.0
fucker	off 1.0		neg 0.49153004864915323 off 0.4436123501764944 __DUMMY__ 0.06485760117435241	false	0.5
ungezogen	neg 1.0		neg 0.48547274591226597 off 0.45046218258078513 __DUMMY__ 0.06406507150694893	false	1.0
irrsinnig	neg 1.0	neg 1.0	neg 0.7364864139378222 off 0.232544834266579 __DUMMY__ 0.030968751795598725	false	1.0
unfassbar	neg 1.0		neg 0.4921578316930995 off 0.44272753639171303 __DUMMY__ 0.06511463191518752	false	1.0
hart	neg 1.0		neg 0.49600954598620906 off 0.4393364639739899 __DUMMY__ 0.06465399003980109	false	1.0
widerlich	off 1.0		neg 0.49346662467491603 off 0.4417630637071312 __DUMMY__ 0.06477031161795278	false	0.5
fatal	neg 1.0		neg 0.4973876935983828 off 0.4374214674766911 __DUMMY__ 0.0651908389249262	false	1.0
bruch	neg 1.0		neg 0.5060823360826746 off 0.42804189469109755 __DUMMY__ 0.06587576922622781	false	1.0
aushungern	neg 1.0		neg 0.5017196446388733 off 0.4327722607283938 __DUMMY__ 0.06550809463273292	false	1.0
anspannung	neg 1.0		neg 0.5072558852008919 off 0.4264634501309024 __DUMMY__ 0.06628066466820548	false	1.0
von			neg 0.49798450931007243 off 0.43514278453028904 __DUMMY__ 0.06687270615963847	false	0.0
kraftlos	neg 1.0		neg 0.5012435790409199 off 0.4331176904982214 __DUMMY__ 0.06563873046085866	false	1.0
vom			neg 0.505974036866916 off 0.4270825529669612 __DUMMY__ 0.06694341016612296	false	0.0
grenzdebil	off 1.0		neg 0.4918984241373215 off 0.4430238480227844 __DUMMY__ 0.0650777278398941	false	0.5
vor			neg 0.5038416369362841 off 0.4300847216308488 __DUMMY__ 0.066073641432867	false	0.0
unterwerfen	neg 1.0		neg 0.5037044789902326 off 0.43075421382432494 __DUMMY__ 0.06554130718544235	false	1.0
versenkung	neg 1.0		neg 0.5013675654103162 off 0.43275385590287946 __DUMMY__ 0.0658785786868044	false	1.0
entziehen	neg 1.0		neg 0.5061648111878106 off 0.42800957206385504 __DUMMY__ 0.0658256167483345	false	1.0
finanzkrise	neg 1.0		neg 0.5038223299614204 off 0.43118133848017937 __DUMMY__ 0.06499633155840018	false	1.0
schimpfend	neg 1.0		neg 0.4977748145815224 off 0.4370481819537394 __DUMMY__ 0.06517700346473826	false	1.0
profan	neg 1.0		neg 0.4969402614109018 off 0.4379250836372094 __DUMMY__ 0.0651346549518888	false	1.0
korruption	neg 1.0		neg 0.5040028399889641 off 0.43060033748724086 __DUMMY__ 0.06539682252379511	false	1.0
â			neg 0.5014005022541687 off 0.43286143334653726 __DUMMY__ 0.06573806439929403	false	0.0
schmutzig	neg 1.0		neg 0.49130403533978106 off 0.44361928456321603 __DUMMY__ 0.06507668009700279	false	1.0
sexy	neg 1.0		neg 0.4950657068389568 off 0.4396919819509158 __DUMMY__ 0.06524231121012755	false	1.0
abraten	neg 1.0		neg 0.495918512971876 off 0.43864772431202786 __DUMMY__ 0.06543376271609613	false	1.0
schwarz	neg 1.0		neg 0.498161636602394 off 0.43661284426928104 __DUMMY__ 0.065225519128325	false	1.0
fotze	off 1.0	off 1.0	off 0.700980177074785 neg 0.26782731652994823 __DUMMY__ 0.031192506395266825	false	1.0
verwirren	neg 1.0		neg 0.49576170430251215 off 0.43901684251365986 __DUMMY__ 0.06522145318382805	false	1.0
zahnlos	off 1.0		neg 0.5015459744261828 off 0.4330508606934955 __DUMMY__ 0.06540316488032183	false	0.5
verheeren	neg 1.0		neg 0.4844571041546131 off 0.45155860495580974 __DUMMY__ 0.06398429088957719	false	1.0
hippie	neg 1.0		neg 0.4958461828000172 off 0.43894615297042494 __DUMMY__ 0.06520766422955789	false	1.0
rammen	neg 1.0		neg 0.5021925311366067 off 0.43316673595294974 __DUMMY__ 0.06464073291044373	false	1.0
unlauter	neg 1.0		neg 0.499917985922351 off 0.4349981587944234 __DUMMY__ 0.06508385528322563	false	1.0
unheilvoll	neg 1.0		neg 0.4986302281717186 off 0.4362766532998382 __DUMMY__ 0.06509311852844317	false	1.0
niedrig	neg 1.0		neg 0.5061098621870458 off 0.4284924323865003 __DUMMY__ 0.06539770542645389	false	1.0
explosion	neg 1.0		neg 0.49577991508377345 off 0.4389152019261534 __DUMMY__ 0.06530488299007312	false	1.0
weichei	off 1.0	off 1.0	off 0.7081198761183795 neg 0.2613584374795745 __DUMMY__ 0.030521686402045962	false	1.0
minusmensch	off 1.0		neg 0.4915289554775331 off 0.4449894973536301 __DUMMY__ 0.06348154716883683	false	0.5
farblos	neg 1.0		neg 0.5014294520320128 off 0.4333938206022358 __DUMMY__ 0.06517672736575132	false	1.0
unwissend	neg 1.0	neg 1.0	neg 0.7339040479062944 off 0.2352146638300227 __DUMMY__ 0.030881288263682912	false	1.0
traurig	neg 1.0		neg 0.4897508265231106 off 0.445311257284139 __DUMMY__ 0.06493791619275037	false	1.0
senkung	neg 1.0		neg 0.4982843375100291 off 0.4367752412866994 __DUMMY__ 0.06494042120327137	false	1.0
ungleich	neg 1.0	neg 1.0	neg 0.7392323981002389 off 0.22951934116400163 __DUMMY__ 0.031248260735759478	false	1.0
heikel	neg 1.0		neg 0.504322971470398 off 0.43006977013212405 __DUMMY__ 0.06560725839747787	false	1.0
drosselung	neg 1.0		neg 0.49410408388248317 off 0.44111068660883784 __DUMMY__ 0.06478522950867917	false	1.0
falsch	neg 1.0		neg 0.4946793303797235 off 0.4401643625645157 __DUMMY__ 0.06515630705576074	false	1.0
unzufriedenheit	neg 1.0		neg 0.505894001575591 off 0.42839279866003044 __DUMMY__ 0.06571319976437864	false	1.0
kurz	neg 1.0		neg 0.49791048381394815 off 0.43615407341993817 __DUMMY__ 0.06593544276611356	false	1.0
unsinnig	neg 1.0		neg 0.5011866842761108 off 0.4334177658508214 __DUMMY__ 0.06539554987306764	false	1.0
penner	off 1.0	off 1.0	off 0.7090849223986273 neg 0.2604234015550095 __DUMMY__ 0.030491676046363183	false	1.0
seicht	neg 1.0		neg 0.4860917915841298 off 0.44982727917338733 __DUMMY__ 0.06408092924248293	false	1.0
dummheit	off 1.0	off 1.0	off 0.7030907280608267 neg 0.266114982145954 __DUMMY__ 0.030794289793219225	false	1.0
unerfreulich	neg 1.0		neg 0.5037472524895034 off 0.43038288880624925 __DUMMY__ 0.06586985870424751	false	1.0
motherfucker	off 1.0	off 1.0	off 0.7061231688755492 neg 0.2631082190298984 __DUMMY__ 0.03076861209455256	false	1.0
pikiert	neg 1.0		neg 0.4949101518260813 off 0.4403551940435731 __DUMMY__ 0.06473465413034564	false	1.0
wrack	neg 1.0		neg 0.5032201008545721 off 0.43144722416531434 __DUMMY__ 0.06533267498011347	false	1.0
gangster	neg 1.0		neg 0.4958233710737661 off 0.4389808675850571 __DUMMY__ 0.06519576134117686	false	1.0
krank	neg 1.0		neg 0.49112917459211847 off 0.4436900329351586 __DUMMY__ 0.06518079247272289	false	1.0
reich	neg 1.0		neg 0.49430545234780354 off 0.4406864216254608 __DUMMY__ 0.0650081260267356	false	1.0
gnadenlos	neg 1.0		neg 0.498911320879118 off 0.4358817555435813 __DUMMY__ 0.06520692357730057	false	1.0
niedergeschlagen	neg 1.0		neg 0.5006930703012076 off 0.43379715031718746 __DUMMY__ 0.065509779381605	false	1.0
terrorisieren	off 1.0	off 1.0	off 0.7000432918985536 neg 0.26871383404868976 __DUMMY__ 0.031242874052756456	false	1.0
sinnlosigkeit	neg 1.0		neg 0.5019263856911826 off 0.4326217993531568 __DUMMY__ 0.06545181495566067	false	1.0
behindern	neg 1.0		neg 0.5002984480277735 off 0.4342783028742141 __DUMMY__ 0.06542324909801231	false	1.0
undemokratisch	neg 1.0		neg 0.49894472557012415 off 0.435786418189639 __DUMMY__ 0.06526885624023686	false	1.0
wirtschaftskrise	neg 1.0		neg 0.5054301707354677 off 0.42934226129841957 __DUMMY__ 0.06522756796611266	false	1.0
neid	neg 1.0		neg 0.49303724808511035 off 0.441529157654265 __DUMMY__ 0.06543359426062474	false	1.0
rutschen	neg 1.0		neg 0.5044081899647118 off 0.42910751791392865 __DUMMY__ 0.06648429212135944	false	1.0
rezession	neg 1.0		neg 0.4952636153498799 off 0.4406902363180932 __DUMMY__ 0.06404614833202699	false	1.0
fehlgeburt	neg 1.0		neg 0.4977354562852508 off 0.43701527640903315 __DUMMY__ 0.06524926730571598	false	1.0
charakterschwach	off 1.0		neg 0.493749429743109 off 0.44147483554130873 __DUMMY__ 0.0647757347155824	false	0.5
isolation	neg 1.0		neg 0.4951064498108436 off 0.4396808261770065 __DUMMY__ 0.06521272401215003	false	1.0
ablenkung	neg 1.0		neg 0.49745589501145826 off 0.43689229530901524 __DUMMY__ 0.06565180967952652	false	1.0
pech	neg 1.0		neg 0.4946441924538643 off 0.44013236144287904 __DUMMY__ 0.06522344610325673	false	1.0
vermeidung	neg 1.0		neg 0.4934749859170647 off 0.4416724674646961 __DUMMY__ 0.06485254661823933	false	1.0
dominieren	neg 1.0		neg 0.5037323197965631 off 0.4306787177631331 __DUMMY__ 0.06558896244030393	false	1.0
schwindlig	neg 1.0		neg 0.49610239819739543 off 0.438535001315982 __DUMMY__ 0.0653626004866225	false	1.0
lutscher	neg 1.0	neg 1.0	neg 0.7294835490918078 off 0.2401597886330509 __DUMMY__ 0.030356662275141284	false	1.0
pflicht	neg 1.0		neg 0.5055013326268666 off 0.42880453024486836 __DUMMY__ 0.06569413712826505	false	1.0
faschist	off 1.0		neg 0.4961146506287054 off 0.4387340386656931 __DUMMY__ 0.06515131070560143	false	0.5
verschleudern	neg 1.0		neg 0.5042427085793126 off 0.4301085486075206 __DUMMY__ 0.06564874281316675	false	1.0
wenn			neg 0.4946613019578896 off 0.4402013621643941 __DUMMY__ 0.06513733587771627	false	0.0
ehebruch	neg 1.0		neg 0.5036214097243676 off 0.43091448492715617 __DUMMY__ 0.06546410534847617	false	1.0
spott	off 1.0		neg 0.5038680853592142 off 0.43060839197231576 __DUMMY__ 0.06552352266847004	false	0.5
trostlosigkeit	neg 1.0		neg 0.5064918983258357 off 0.42781817637783776 __DUMMY__ 0.0656899252963264	false	1.0
lutschen	neg 1.0		neg 0.49805240637653153 off 0.43717811805706785 __DUMMY__ 0.06476947556640059	false	1.0
undiszipliniert	neg 1.0		neg 0.4911540664558517 off 0.4440111880601251 __DUMMY__ 0.06483474548402313	false	1.0
kopfschmerz	neg 1.0		neg 0.5038713959247608 off 0.4309798189555991 __DUMMY__ 0.06514878511963997	false	1.0
unvorhergesehen	neg 1.0		neg 0.5014879656378761 off 0.432413210353528 __DUMMY__ 0.06609882400859597	false	1.0
desinteressiert	neg 1.0	neg 1.0	neg 0.7328024257511423 off 0.2364219271680844 __DUMMY__ 0.030775647080773308	false	1.0
armselig	off 1.0		neg 0.4918199458831753 off 0.4435873423676705 __DUMMY__ 0.06459271174915418	false	0.5
desaster	neg 1.0		neg 0.5067639865246043 off 0.42733508366655854 __DUMMY__ 0.06590092980883708	false	1.0
tod	neg 1.0		neg 0.5034646547148475 off 0.4310787491044639 __DUMMY__ 0.06545659618068858	false	1.0
herzlos	neg 1.0		neg 0.4909899098424998 off 0.44427910560169287 __DUMMY__ 0.06473098455580739	false	1.0
unwissenheit	neg 1.0		neg 0.5028766584422308 off 0.4317391118897696 __DUMMY__ 0.06538422966799959	false	1.0
widersinnig	neg 1.0		neg 0.5037848920410004 off 0.4309934736466695 __DUMMY__ 0.06522163431233019	false	1.0
bedenklich	neg 1.0		neg 0.5033233859856708 off 0.4311712217812565 __DUMMY__ 0.06550539223307277	false	1.0
beanstanden	neg 1.0		neg 0.5050718256488717 off 0.4290972477975309 __DUMMY__ 0.06583092655359728	false	1.0
panisch	neg 1.0	neg 1.0	neg 0.7340467253270858 off 0.23475196323611158 __DUMMY__ 0.031201311436802645	false	1.0
debil	off 1.0		neg 0.5097999976977476 off 0.4238934319321057 __DUMMY__ 0.06630657037014676	false	0.5
abstrich	neg 1.0		neg 0.4980544832756601 off 0.43614090169760483 __DUMMY__ 0.0658046150267352	false	1.0
primitiv	neg 1.0		neg 0.49308474358239757 off 0.44213269303817254 __DUMMY__ 0.0647825633794298	false	1.0
abschaum	off 1.0	off 1.0	off 0.7048754616506178 neg 0.26433281789651475 __DUMMY__ 0.030791720452867554	false	1.0
provozieren	neg 1.0		neg 0.4998380849083994 off 0.43506467971439067 __DUMMY__ 0.06509723537721	false	1.0
tot	neg 1.0		neg 0.5028007739081414 off 0.43176470914531556 __DUMMY__ 0.06543451694654298	false	1.0
instabil	neg 1.0		neg 0.49249428958295244 off 0.44288341247792123 __DUMMY__ 0.06462229793912638	false	1.0
schwuchtel	off 1.0	off 1.0	off 0.7113943968579126 neg 0.2585008267026391 __DUMMY__ 0.030104776439448276	false	1.0
zerren	neg 1.0		neg 0.5014072910841688 off 0.43306838957090715 __DUMMY__ 0.06552431934492395	false	1.0
kinderficker	off 1.0		neg 0.48846848296592854 off 0.44698941452317714 __DUMMY__ 0.06454210251089426	false	0.5
gefahr	neg 1.0		neg 0.5052436130718915 off 0.4288991486924037 __DUMMY__ 0.06585723823570482	false	1.0
rabiat	neg 1.0		neg 0.49906297367861246 off 0.43553049964057955 __DUMMY__ 0.06540652668080789	false	1.0
verlangsamung	neg 1.0		neg 0.4905536554806289 off 0.4455620721228457 __DUMMY__ 0.06388427239652525	false	1.0
ausgestorben	neg 1.0		neg 0.49879766716002677 off 0.4356830721978633 __DUMMY__ 0.06551926064210987	false	1.0
anklagen	neg 1.0		neg 0.50378817755899 off 0.4308254989521701 __DUMMY__ 0.06538632348884009	false	1.0
trott	neg 1.0		neg 0.4998235476742132 off 0.4347531201825678 __DUMMY__ 0.06542333214321905	false	1.0
verminderung	neg 1.0		neg 0.49255354349917907 off 0.44255225866251025 __DUMMY__ 0.06489419783831064	false	1.0
nach			neg 0.5054657177928277 off 0.42794495193061394 __DUMMY__ 0.06658933027655836	false	0.0
rost	neg 1.0		neg 0.4893077784702743 off 0.44636689392090495 __DUMMY__ 0.06432532760882068	false	1.0
destruktiv	neg 1.0		neg 0.5002881428068904 off 0.43442166385509484 __DUMMY__ 0.06529019333801474	false	1.0
unzumutbarkeit	neg 1.0		neg 0.4941572459518981 off 0.44088109918502416 __DUMMY__ 0.0649616548630776	false	1.0
labil	off 1.0	off 1.0	off 0.7045271001203188 neg 0.26462859293457264 __DUMMY__ 0.030844306945108573	false	1.0
ziemlich	neg 1.0		neg 0.49172591200973864 off 0.4430642189885932 __DUMMY__ 0.06520986900166811	false	1.0
lachnummer	off 1.0		neg 0.49966043738597565 off 0.435089971803319 __DUMMY__ 0.06524959081070522	false	0.5
oder			neg 0.4966911323178643 off 0.4377155446715091 __DUMMY__ 0.0655933230106266	false	0.0
verfall	neg 1.0		neg 0.5094558089533622 off 0.4245486837162611 __DUMMY__ 0.06599550733037668	false	1.0
ausgrenzung	neg 1.0		neg 0.4985277551566038 off 0.43626921785005857 __DUMMY__ 0.06520302699333769	false	1.0
unordnung	neg 1.0		neg 0.4904626597910023 off 0.44454973865070685 __DUMMY__ 0.06498760155829097	false	1.0
fehlverhalten	neg 1.0		neg 0.5060418999937992 off 0.4284772178309228 __DUMMY__ 0.06548088217527803	false	1.0
eine			neg 0.5030674705141936 off 0.43088461445321535 __DUMMY__ 0.06604791503259104	false	0.0
nille	neg 1.0		neg 0.4995425080548357 off 0.4349615383818064 __DUMMY__ 0.065495953563358	false	1.0
qual	neg 1.0		neg 0.5000993453046696 off 0.4344316109148601 __DUMMY__ 0.06546904378047037	false	1.0
verschwenden	neg 1.0		neg 0.5043497076094241 off 0.43017057294150857 __DUMMY__ 0.0654797194490673	false	1.0
riesig	neg 1.0		neg 0.5029307907643621 off 0.43145442524046074 __DUMMY__ 0.06561478399517713	false	1.0
verurteilen	neg 1.0		neg 0.5037843592393326 off 0.430945444198339 __DUMMY__ 0.06527019656232831	false	1.0
klischee	neg 1.0	neg 1.0	neg 0.7350449862126226 off 0.2340823802786035 __DUMMY__ 0.03087263350877392	false	1.0
diktatorisch	neg 1.0		neg 0.4996744313311297 off 0.4352003704585629 __DUMMY__ 0.06512519821030735	false	1.0
vorhersehbar	neg 1.0		neg 0.4971547124130125 off 0.43785663054123175 __DUMMY__ 0.06498865704575571	false	1.0
sowie			neg 0.490993492042682 off 0.44471175983060934 __DUMMY__ 0.06429474812670868	false	0.0
stornieren	neg 1.0		neg 0.49272856999886144 off 0.44130097184504846 __DUMMY__ 0.06597045815608996	false	1.0
besteuerung	neg 1.0		neg 0.5023171423401699 off 0.43288026725576834 __DUMMY__ 0.06480259040406167	false	1.0
ungeschminkt	neg 1.0		neg 0.49675853269906584 off 0.4389469915478696 __DUMMY__ 0.06429447575306454	false	1.0
kritisch	neg 1.0		neg 0.503150795125273 off 0.4312550186673391 __DUMMY__ 0.06559418620738783	false	1.0
schlamperei	off 1.0		neg 0.5042079990050509 off 0.43005197960351094 __DUMMY__ 0.06574002139143821	false	0.5
sucht	neg 1.0	neg 1.0	neg 0.7345984462785143 off 0.23404597745538228 __DUMMY__ 0.03135557626610347	false	1.0
egoistisch	off 1.0		neg 0.4891517583294876 off 0.446471844625723 __DUMMY__ 0.06437639704478941	false	0.5
ausbeuter	off 1.0		neg 0.5065512737306298 off 0.4280489345386183 __DUMMY__ 0.06539979173075189	false	0.5
arschgeburt	off 1.0		neg 0.4856857325745071 off 0.4510255582536663 __DUMMY__ 0.0632887091718267	false	0.5
schubs	neg 1.0		neg 0.5008127564087863 off 0.4336191848544467 __DUMMY__ 0.06556805873676701	false	1.0
unsolide	neg 1.0		neg 0.49947806792474225 off 0.4355288912402489 __DUMMY__ 0.06499304083500879	false	1.0
beschwerde	neg 1.0		neg 0.5049190701715188 off 0.429624220273185 __DUMMY__ 0.06545670955529619	false	1.0
stocken	neg 1.0		neg 0.5047655587236102 off 0.4296478832460635 __DUMMY__ 0.0655865580303264	false	1.0
isolieren	neg 1.0		neg 0.5024005849771274 off 0.4320046331225405 __DUMMY__ 0.06559478190033215	false	1.0
unheilbar	neg 1.0		neg 0.49868273778299865 off 0.43589051421384917 __DUMMY__ 0.06542674800315224	false	1.0
pisser	off 1.0		neg 0.494255908314505 off 0.44139172665017135 __DUMMY__ 0.06435236503532359	false	0.5
löschen	neg 1.0		neg 0.4997566471449709 off 0.4348721348190409 __DUMMY__ 0.06537121803598825	false	1.0
durchfallen	neg 1.0		neg 0.5031860585481993 off 0.43138386120624195 __DUMMY__ 0.06543008024555888	false	1.0
wichser	off 1.0	off 1.0	off 0.7106523226429603 neg 0.2590018502956446 __DUMMY__ 0.03034582706139505	false	1.0
terror	neg 1.0		neg 0.49579934091028727 off 0.43894210765040637 __DUMMY__ 0.06525855143930631	false	1.0
krass	neg 1.0		neg 0.4912724582203643 off 0.44419739049927587 __DUMMY__ 0.06453015128035969	false	1.0
revolte	neg 1.0		neg 0.4988268769361384 off 0.43610825592940544 __DUMMY__ 0.06506486713445624	false	1.0
besorgt	neg 1.0		neg 0.4984153241018073 off 0.43564472725058323 __DUMMY__ 0.06593994864760952	false	1.0
nachlassen	neg 1.0		neg 0.5025091786092863 off 0.4315831567863613 __DUMMY__ 0.06590766460435248	false	1.0
alt	neg 1.0		neg 0.5030870374526177 off 0.4315536591837027 __DUMMY__ 0.06535930336367951	false	1.0
hundesohn	off 1.0		neg 0.48708790654301537 off 0.44905160049457915 __DUMMY__ 0.06386049296240551	false	0.5
als			neg 0.5003453446283014 off 0.4339679570583829 __DUMMY__ 0.0656866983133156	false	0.0
abschreckung	neg 1.0		neg 0.5061244174197174 off 0.42814524912149216 __DUMMY__ 0.06573033345879047	false	1.0
unqualifiziert	neg 1.0		neg 0.4961512606872784 off 0.4388948916030782 __DUMMY__ 0.06495384770964344	false	1.0
abgewichst	off 1.0		neg 0.49970711835661796 off 0.43468862079473 __DUMMY__ 0.06560426084865205	false	0.5
schwer	neg 1.0		neg 0.4999664972905154 off 0.4346281155306461 __DUMMY__ 0.06540538717883855	false	1.0
bedeutungslosigkeit	neg 1.0		neg 0.5050247813668147 off 0.42930844818834535 __DUMMY__ 0.06566677044483983	false	1.0
kapitulation	neg 1.0		neg 0.5038076432597742 off 0.43061167328120664 __DUMMY__ 0.06558068345901906	false	1.0
unscharf	neg 1.0		neg 0.498693454256892 off 0.4364144819583134 __DUMMY__ 0.0648920637847945	false	1.0
schwinden	neg 1.0		neg 0.5058040234333748 off 0.42857460840487066 __DUMMY__ 0.06562136816175461	false	1.0
versklavung	neg 1.0		neg 0.49981552199114904 off 0.43498606452374333 __DUMMY__ 0.06519841348510771	false	1.0
schlecht	neg 1.0		neg 0.4914626676700637 off 0.4433178462119786 __DUMMY__ 0.06521948611795765	false	1.0
verhasst	neg 1.0		neg 0.5001562466395593 off 0.43491733665299553 __DUMMY__ 0.06492641670744527	false	1.0
beschweren	neg 1.0		neg 0.4965474882978232 off 0.4380982138856652 __DUMMY__ 0.06535429781651159	false	1.0
scheiden	neg 1.0		neg 0.49775438117398024 off 0.4366030475470411 __DUMMY__ 0.06564257127897859	false	1.0
frustriert	neg 1.0		neg 0.5012408781435247 off 0.43335215957107975 __DUMMY__ 0.06540696228539557	false	1.0
schimmelig	neg 1.0		neg 0.5054074116399243 off 0.4295374072038359 __DUMMY__ 0.06505518115623986	false	1.0
fisch	neg 1.0		neg 0.5073543920448804 off 0.42726082721498687 __DUMMY__ 0.06538478074013261	false	1.0
schmuggel	neg 1.0		neg 0.50614081788511 off 0.4284344029281748 __DUMMY__ 0.06542477918671508	false	1.0
auffallen	neg 1.0		neg 0.4959314636435377 off 0.438797476349366 __DUMMY__ 0.0652710600070963	false	1.0
konkurrenz	neg 1.0		neg 0.5051198403881335 off 0.42893182185723827 __DUMMY__ 0.06594833775462813	false	1.0
teufelskreis	neg 1.0	neg 1.0	neg 0.7377841841156324 off 0.23124923703166123 __DUMMY__ 0.030966578852706435	false	1.0
aufschreien	neg 1.0		neg 0.4970487395988199 off 0.43786944316450715 __DUMMY__ 0.06508181723667289	false	1.0
schuldner	neg 1.0		neg 0.5074815154198152 off 0.427105732217348 __DUMMY__ 0.06541275236283688	false	1.0
missgeburt	off 1.0	off 1.0	off 0.7071390748669255 neg 0.2625752354151475 __DUMMY__ 0.030285689717926972	false	1.0
arbeitslos	neg 1.0		neg 0.5029738832089873 off 0.43162926434238197 __DUMMY__ 0.06539685244863074	false	1.0
befallen	neg 1.0		neg 0.5042677627589143 off 0.4307047387020098 __DUMMY__ 0.06502749853907601	false	1.0
miesepetrig	off 1.0	off 1.0	off 0.7059063864013342 neg 0.26315482645311106 __DUMMY__ 0.03093878714555481	false	1.0
alarmieren	neg 1.0		neg 0.4980259803343706 off 0.4373239522323134 __DUMMY__ 0.06465006743331593	false	1.0
ungeduscht	off 1.0		neg 0.4972451626599819 off 0.4380414347634748 __DUMMY__ 0.06471340257654337	false	0.5
knappheit	neg 1.0		neg 0.5046027256291689 off 0.4301328280654265 __DUMMY__ 0.06526444630540458	false	1.0
schlange	neg 1.0		neg 0.4952882782849651 off 0.4390451668157897 __DUMMY__ 0.06566655489924518	false	1.0
harsch	neg 1.0		neg 0.4886898505874065 off 0.4465484630525273 __DUMMY__ 0.06476168636006614	false	1.0
lang	neg 1.0		neg 0.4984187919822426 off 0.4361991030702862 __DUMMY__ 0.06538210494747115	false	1.0
ziellos	neg 1.0		neg 0.5012706934440463 off 0.4329052400033705 __DUMMY__ 0.06582406655258326	false	1.0
selbstverliebt	neg 1.0		neg 0.48554426375030013 off 0.4506841243532074 __DUMMY__ 0.06377161189649236	false	1.0
beseitigen	neg 1.0		neg 0.500785975894194 off 0.43369457772409975 __DUMMY__ 0.06551944638170612	false	1.0
dumm	off 1.0		neg 0.4876458935296838 off 0.4479035969370525 __DUMMY__ 0.0644505095332637	false	0.5
arbeitsloser	neg 1.0		neg 0.5007622934398152 off 0.43348538883201515 __DUMMY__ 0.06575231772816964	false	1.0
blitzen	neg 1.0		neg 0.4957152615877148 off 0.43904084317302494 __DUMMY__ 0.06524389523926018	false	1.0
hilflos	neg 1.0		neg 0.5023269112503347 off 0.43232880355634984 __DUMMY__ 0.06534428519331542	false	1.0
eklig	off 1.0		neg 0.4895625116780958 off 0.4464147263319977 __DUMMY__ 0.0640227619899066	false	0.5
begriff			neg 0.4997707200556477 off 0.4347558296077783 __DUMMY__ 0.06547345033657408	false	0.0
hungersnot	neg 1.0		neg 0.5036298429575579 off 0.43102973324766736 __DUMMY__ 0.06534042379477488	false	1.0
ungesetzlich	neg 1.0		neg 0.5005716651981688 off 0.43438283667483474 __DUMMY__ 0.06504549812699639	false	1.0
verschwendung	neg 1.0		neg 0.504252401699805 off 0.4301325519801767 __DUMMY__ 0.0656150463200182	false	1.0
schmerzvoll	neg 1.0		neg 0.4977700118378856 off 0.4369895110641854 __DUMMY__ 0.06524047709792904	false	1.0
vorzeitig	neg 1.0		neg 0.4978691536610094 off 0.4371231428079421 __DUMMY__ 0.06500770353104836	false	1.0
unvollkommenheit	neg 1.0		neg 0.5001979604330341 off 0.43388909627362937 __DUMMY__ 0.06591294329333659	false	1.0
intervenieren	neg 1.0		neg 0.5051996843201982 off 0.4292837400886647 __DUMMY__ 0.0655165755911371	false	1.0
banause	off 1.0		neg 0.4885920576476038 off 0.4477970194438509 __DUMMY__ 0.06361092290854525	false	0.5
rebell	neg 1.0		neg 0.5089355359216589 off 0.425361774485449 __DUMMY__ 0.06570268959289213	false	1.0
unlogisch	neg 1.0		neg 0.4916589938774034 off 0.44368255579280347 __DUMMY__ 0.06465845032979299	false	1.0
leiden	neg 1.0		neg 0.5027691069145853 off 0.43119133981602065 __DUMMY__ 0.06603955326939408	false	1.0
abschaffung	neg 1.0		neg 0.49940252412250785 off 0.4352679493069959 __DUMMY__ 0.06532952657049616	false	1.0
sturz	neg 1.0		neg 0.5005621449918539 off 0.43419642302919464 __DUMMY__ 0.0652414319789515	false	1.0
verkleinerung	neg 1.0		neg 0.49857300486453454 off 0.4365749872314595 __DUMMY__ 0.06485200790400601	false	1.0
schmarotzer	off 1.0		neg 0.5023282690153853 off 0.4323545154653969 __DUMMY__ 0.06531721551921779	false	0.5
bestrafung	neg 1.0		neg 0.49905478525567193 off 0.4357272242290833 __DUMMY__ 0.06521799051524481	false	1.0
achtlos	neg 1.0	neg 1.0	neg 0.7367408993903218 off 0.23209920433326686 __DUMMY__ 0.03115989627641136	false	1.0
ungeheuer	neg 1.0		neg 0.49707230099721017 off 0.4377319149187727 __DUMMY__ 0.06519578408401719	false	1.0
unaufrichtig	neg 1.0		neg 0.49373510903374357 off 0.44069649824672447 __DUMMY__ 0.06556839271953199	false	1.0
groggy	neg 1.0		neg 0.4965617659472546 off 0.4382795903417375 __DUMMY__ 0.06515864371100784	false	1.0
verletzlich	neg 1.0		neg 0.4953104524387417 off 0.44012583648430886 __DUMMY__ 0.06456371107694939	false	1.0
