unsolidarisch	neg 1.0		__DUMMY__ 0.9175756356020401 neg 0.044665055547759146 off 0.03775930885020079	false	1.0
nachteilig	neg 1.0		__DUMMY__ 0.9224997282118734 neg 0.043437976079818155 off 0.03406229570830841	false	1.0
skeptisch	neg 1.0		__DUMMY__ 0.9222865880046458 neg 0.04394786225433933 off 0.033765549741014936	false	1.0
schrecklich	neg 1.0		__DUMMY__ 0.9157783953703965 off 0.04482580775925826 neg 0.03939579687034519	false	0.5
schlapp	neg 1.0		__DUMMY__ 0.9182200994333106 off 0.04135218023749938 neg 0.04042772032919001	false	0.5
abfall	neg 1.0		__DUMMY__ 0.925295599346725 neg 0.04385903932674995 off 0.030845361326524996	false	1.0
widerspenstig	neg 1.0		__DUMMY__ 0.9201631334597489 neg 0.04249027294539654 off 0.037346593594854566	false	1.0
abrupt	neg 1.0		__DUMMY__ 0.92284673948211 neg 0.04329963521196501 off 0.03385362530592503	false	1.0
unwirksam	neg 1.0		__DUMMY__ 0.917122359385175 neg 0.045550832883029725 off 0.03732680773179525	false	1.0
angreifen	neg 1.0		__DUMMY__ 0.9204808414953181 neg 0.04568547142261402 off 0.03383368708206794	false	1.0
inkonsistent	neg 1.0		__DUMMY__ 0.9166215489779109 neg 0.04551208262824411 off 0.03786636839384494	false	1.0
abrutschen	neg 1.0		__DUMMY__ 0.9236770156727259 neg 0.04501138666253182 off 0.03131159766474233	false	1.0
unsicher	neg 1.0		__DUMMY__ 0.9222467739890245 neg 0.040302977464414864 off 0.037450248546560594	false	1.0
bauernkind	off 1.0	off 1.0	off 0.5112826887658068 __DUMMY__ 0.44517904482798903 neg 0.043538266406204174	false	1.0
angreifer	neg 1.0	neg 1.0	neg 0.5082237712062584 __DUMMY__ 0.4563598091732805 off 0.035416419620461104	false	1.0
trennen	neg 1.0		__DUMMY__ 0.9242245534819491 neg 0.0425760312468036 off 0.033199415271247285	false	1.0
schmutz	neg 1.0		__DUMMY__ 0.9210268618785717 neg 0.040721511841368574 off 0.0382516262800597	false	1.0
inkonsistenz	neg 1.0		__DUMMY__ 0.9137045742816903 neg 0.04421955863071536 off 0.04207586708759445	false	1.0
erschreckend	neg 1.0		__DUMMY__ 0.9193755203573433 neg 0.04349192655001576 off 0.03713255309264101	false	1.0
ertrinken	neg 1.0		__DUMMY__ 0.9198475224950067 neg 0.04623428789775304 off 0.0339181896072402	false	1.0
pickelface	off 1.0		__DUMMY__ 0.9203491022851576 neg 0.042983271152360794 off 0.03666762656248155	false	0.5
seiner			__DUMMY__ 0.9220814217903733 neg 0.043960596382005356 off 0.03395798182762136	false	0.0
lauch	neg 1.0		__DUMMY__ 0.9239548621056929 neg 0.04472906202544636 off 0.03131607586886077	false	1.0
unwichtig	neg 1.0		__DUMMY__ 0.916841333923767 neg 0.041612350289907674 off 0.041546315786325345	false	1.0
steuerhinterziehung	neg 1.0	neg 1.0	neg 0.5104474582817701 __DUMMY__ 0.45711398663519576 off 0.03243855508303418	false	1.0
schock	neg 1.0		__DUMMY__ 0.9198353750795784 neg 0.04342693062002337 off 0.036737694300398346	false	1.0
beule	neg 1.0		__DUMMY__ 0.9153289090660286 neg 0.04258512592518085 off 0.042085965008790555	false	1.0
vergelten	neg 1.0		__DUMMY__ 0.9187227904215739 off 0.04399127751056908 neg 0.03728593206785711	false	0.5
verdorbenheit	neg 1.0		__DUMMY__ 0.9221709307371364 neg 0.04043327948407725 off 0.03739578977878636	false	1.0
trauma	neg 1.0		__DUMMY__ 0.9192163888753825 neg 0.0425894393198299 off 0.038194171804787624	false	1.0
sinnlos	neg 1.0		__DUMMY__ 0.9193338189360166 neg 0.04133903921092131 off 0.03932714185306203	false	1.0
fettsack	off 1.0	off 1.0	off 0.5121539208438133 __DUMMY__ 0.44663521930497413 neg 0.04121085985121255	false	1.0
feige	off 1.0	off 1.0	off 0.5082923746065369 __DUMMY__ 0.4517659654901124 neg 0.03994165990335065	false	1.0
abdanken	neg 1.0		__DUMMY__ 0.9193836347226976 neg 0.043291309677007034 off 0.03732505560029544	false	1.0
wichtigtuer	off 1.0	off 1.0	off 0.5064612025960696 __DUMMY__ 0.4545657548214231 neg 0.03897304258250714	false	1.0
misslingen	neg 1.0		__DUMMY__ 0.9258037744092926 off 0.037322297215218236 neg 0.03687392837548913	false	0.5
untreu	off 1.0		__DUMMY__ 0.9169709471517774 off 0.04183792635006517 neg 0.041191126498157454	false	1.0
missmutig	neg 1.0		__DUMMY__ 0.9175392101636914 neg 0.04130066878077842 off 0.04116012105553008	false	1.0
hurenbock	off 1.0		__DUMMY__ 0.9185207338224531 neg 0.04285062082910775 off 0.038628645348439135	false	0.5
betrunken	neg 1.0		__DUMMY__ 0.9170092101956916 off 0.04280445520230751 neg 0.040186334602000946	false	0.5
korrupt	off 1.0		__DUMMY__ 0.9180527294084772 neg 0.04597282223691523 off 0.035974448354607655	false	0.5
unmut	neg 1.0		__DUMMY__ 0.9243377438930754 neg 0.04420051156926417 off 0.03146174453766039	false	1.0
hackfresse	off 1.0		__DUMMY__ 0.9121336832593758 off 0.04768013903760767 neg 0.04018617770301648	false	1.0
aufblasen	neg 1.0		__DUMMY__ 0.9201224141917181 neg 0.041101576985325294 off 0.03877600882295656	false	1.0
gewaltsam	neg 1.0		__DUMMY__ 0.9190390839543234 neg 0.04470967992993121 off 0.03625123611574534	false	1.0
unbeliebtheit	neg 1.0		__DUMMY__ 0.9148631913461581 neg 0.044222703167458785 off 0.040914105486383086	false	1.0
sturheit	neg 1.0		__DUMMY__ 0.9189199757536586 neg 0.04433810485902308 off 0.036741919387318425	false	1.0
kuh	neg 1.0		__DUMMY__ 0.9138505936934042 neg 0.04700020937531394 off 0.039149196931281986	false	1.0
erschrecken	neg 1.0		__DUMMY__ 0.9189123186618212 off 0.04094559292012562 neg 0.04014208841805325	false	0.5
opfer	neg 1.0		__DUMMY__ 0.9213906173562393 neg 0.04372571565099206 off 0.03488366699276864	false	1.0
sinken	neg 1.0		__DUMMY__ 0.924180156066065 neg 0.04407834737086593 off 0.031741496563069044	false	1.0
stinktier	neg 1.0		__DUMMY__ 0.9074646508083265 neg 0.04696855225260666 off 0.045566796939066956	false	1.0
tucke	off 1.0		__DUMMY__ 0.9083073684785806 off 0.04850298422092197 neg 0.043189647300497486	false	1.0
ein			__DUMMY__ 0.9194023667069905 neg 0.04250262691100198 off 0.038095006382007544	false	0.0
abstieg	neg 1.0		__DUMMY__ 0.9211440680127572 neg 0.0448643353062213 off 0.033991596681021544	false	1.0
missverstehen	neg 1.0		__DUMMY__ 0.9171826689905085 neg 0.0426577524290418 off 0.04015957858044968	false	1.0
ergebnislos	neg 1.0		__DUMMY__ 0.9221047028173665 neg 0.044150198755735524 off 0.033745098426898046	false	1.0
unter			__DUMMY__ 0.9293689410061627 neg 0.04341651991391633 off 0.027214539079921	false	0.0
manipulieren	neg 1.0		__DUMMY__ 0.9231561555213735 neg 0.04339205018790761 off 0.03345179429071884	false	1.0
unbewiesen	neg 1.0		__DUMMY__ 0.9165219003647576 neg 0.04568650560876103 off 0.037791594026481454	false	1.0
verschleppen	neg 1.0		__DUMMY__ 0.9194739075005093 neg 0.045312990730857705 off 0.035213101768633	false	1.0
weib	off 1.0		__DUMMY__ 0.9058974066348277 off 0.0484270315617992 neg 0.045675561803373156	false	1.0
opposition	neg 1.0		__DUMMY__ 0.91723002114041 neg 0.044213311261896496 off 0.0385566675976935	false	1.0
verkehrswidrig	neg 1.0		__DUMMY__ 0.9184283250650568 off 0.044269290831413226 neg 0.03730238410352999	false	0.5
inkorrekt	neg 1.0		__DUMMY__ 0.913507410682928 off 0.04472753403562305 neg 0.041765055281448964	false	0.5
vermeiden	neg 1.0	neg 1.0	neg 0.5082273723876789 __DUMMY__ 0.4646493830876373 off 0.027123244524683787	false	1.0
abweichung	neg 1.0	neg 1.0	neg 0.5068125821823195 __DUMMY__ 0.46165652224710385 off 0.03153089557057665	false	1.0
alkoholisiert	neg 1.0		__DUMMY__ 0.9234279889484904 neg 0.04336572244005986 off 0.033206288611449704	false	1.0
scheiss	off 1.0	off 1.0	off 0.5078352445323873 __DUMMY__ 0.45294785901125406 neg 0.03921689645635865	false	1.0
herausforderung	neg 1.0		__DUMMY__ 0.9244540599406249 neg 0.042031639154008586 off 0.033514300905366515	false	1.0
pervers	off 1.0		__DUMMY__ 0.9084961663421885 off 0.05050804690972216 neg 0.0409957867480894	false	1.0
wackelig	neg 1.0		__DUMMY__ 0.9251182411979598 neg 0.039382143886626426 off 0.035499614915413744	false	1.0
verwickeln	neg 1.0		__DUMMY__ 0.9176664572008113 neg 0.042578380655708896 off 0.039755162143479884	false	1.0
vorwand	neg 1.0		__DUMMY__ 0.9219129132274473 neg 0.0446984429022008 off 0.0333886438703519	false	1.0
muschi	off 1.0		__DUMMY__ 0.920292898719294 neg 0.04285352269920902 off 0.036853578581496994	false	0.5
entmutigung	neg 1.0		__DUMMY__ 0.9186092817415854 neg 0.04266161998294591 off 0.038729098275468804	false	1.0
unangemessen	neg 1.0		__DUMMY__ 0.9188815128180781 neg 0.044556310253926125 off 0.036562176927995814	false	1.0
unstetig	neg 1.0		__DUMMY__ 0.9189770924893267 neg 0.04176452590839799 off 0.03925838160227528	false	1.0
entmutigen	neg 1.0		__DUMMY__ 0.9198017874716669 neg 0.041934806617970874 off 0.03826340591036237	false	1.0
schwanz	neg 1.0		__DUMMY__ 0.9212062919124326 neg 0.044193709415700014 off 0.034599998671867326	false	1.0
verbot	neg 1.0		__DUMMY__ 0.9203049836264754 neg 0.04412340505851541 off 0.035571611315009244	false	1.0
leid	neg 1.0		__DUMMY__ 0.9132185352816709 off 0.04610235300712437 neg 0.04067911171120482	false	0.5
archaisch	neg 1.0		__DUMMY__ 0.9193780771814762 neg 0.0440971801091875 off 0.036524742709336214	false	1.0
gegen			__DUMMY__ 0.923436257737198 neg 0.04442262213209414 off 0.0321411201307079	false	0.0
scheidung	neg 1.0		__DUMMY__ 0.9108960987737982 off 0.05411907904575989 neg 0.03498482218044188	false	0.5
einschlag	neg 1.0		__DUMMY__ 0.9159264624306842 off 0.04381484136106738 neg 0.04025869620824833	false	0.5
m			__DUMMY__ 0.9223609973572267 neg 0.04220919202533908 off 0.035429810617434346	false	0.0
abgestanden	neg 1.0		__DUMMY__ 0.9178050246013035 neg 0.04493596008102723 off 0.0372590153176692	false	1.0
schmierig	off 1.0		__DUMMY__ 0.9145750134172517 off 0.04546276327248259 neg 0.03996222331026573	false	1.0
unpraktisch	neg 1.0		__DUMMY__ 0.9198685153990851 neg 0.04173867274950938 off 0.03839281185140548	false	1.0
wixxer	off 1.0		__DUMMY__ 0.9062822914390649 off 0.05073681895112032 neg 0.04298088960981487	false	1.0
bezeichnet			__DUMMY__ 0.9172579872855531 neg 0.04489424814655319 off 0.037847764567893724	false	0.0
jammerlappen	off 1.0		__DUMMY__ 0.9186582165894591 off 0.041499033266071336 neg 0.039842750144469495	false	1.0
farce	neg 1.0		__DUMMY__ 0.9187631800075461 neg 0.044913821194525125 off 0.0363229987979288	false	1.0
zwecklos	neg 1.0		__DUMMY__ 0.9192270960089395 neg 0.04455790912964502 off 0.0362149948614155	false	1.0
turbulent	neg 1.0		__DUMMY__ 0.9142952759482227 neg 0.04314685178257313 off 0.04255787226920414	false	1.0
invasion	neg 1.0		__DUMMY__ 0.9186848058099892 neg 0.04225688223424567 off 0.03905831195576515	false	1.0
schuld	neg 1.0		__DUMMY__ 0.9181230129406515 neg 0.04326050471163691 off 0.03861648234771167	false	1.0
risiko	neg 1.0	neg 1.0	neg 0.5062870579238774 __DUMMY__ 0.4589650402209175 off 0.03474790185520513	false	1.0
finster	neg 1.0		__DUMMY__ 0.9174499626503605 neg 0.04446402816683923 off 0.0380860091828003	false	1.0
geisteskrank	off 1.0		__DUMMY__ 0.913695037803145 off 0.04317180378408999 neg 0.04313315841276501	false	1.0
zusammenbrechen	neg 1.0		__DUMMY__ 0.9211123073518309 neg 0.04272287370614871 off 0.036164818942020345	false	1.0
ausbeute	neg 1.0		__DUMMY__ 0.9295618072712246 neg 0.03644313399025138 off 0.03399505873852404	false	1.0
hinterhalt	neg 1.0		__DUMMY__ 0.9223891491356003 neg 0.042015001427502995 off 0.035595849436896775	false	1.0
kritik	neg 1.0		__DUMMY__ 0.9185278447135279 neg 0.04525840618804249 off 0.036213749098429636	false	1.0
einschrumpfen	neg 1.0		__DUMMY__ 0.9153528837491713 neg 0.04386790314920971 off 0.04077921310161899	false	1.0
riskant	neg 1.0		__DUMMY__ 0.920337485955086 neg 0.04539777594701082 off 0.03426473809790315	false	1.0
frustrieren	neg 1.0		__DUMMY__ 0.9208629396004292 neg 0.04418405987491153 off 0.0349530005246593	false	1.0
groll	neg 1.0		__DUMMY__ 0.9194224849983007 neg 0.044735648059450794 off 0.03584186694224849	false	1.0
gibt			__DUMMY__ 0.9217241512770098 neg 0.04197329643052422 off 0.03630255229246598	false	0.0
qualvoll	neg 1.0		__DUMMY__ 0.9177432521722529 neg 0.042390841121668243 off 0.03986590670607871	false	1.0
wackeln	neg 1.0		__DUMMY__ 0.9212665289660548 neg 0.04069257213593698 off 0.038040898898008255	false	1.0
klagen	neg 1.0		__DUMMY__ 0.9234810951705245 neg 0.044436467315863294 off 0.03208243751361223	false	1.0
bankrott	neg 1.0		__DUMMY__ 0.919000575428717 off 0.04066517406656637 neg 0.040334250504716625	false	0.5
trauern	neg 1.0		__DUMMY__ 0.9221698925833451 neg 0.04345617366368911 off 0.03437393375296572	false	1.0
ablehnung	neg 1.0		__DUMMY__ 0.9191322710437436 neg 0.04483918857041827 off 0.0360285403858381	false	1.0
stur	neg 1.0		__DUMMY__ 0.9184060372490088 neg 0.04287854277116743 off 0.03871541997982375	false	1.0
aufruhr	neg 1.0	neg 1.0	neg 0.5092639615457802 __DUMMY__ 0.4573096260022731 off 0.03342641245194665	false	1.0
melancholie	neg 1.0		__DUMMY__ 0.9212716242175205 neg 0.04413812373762326 off 0.03459025204485619	false	1.0
ist			__DUMMY__ 0.9194598287016836 neg 0.04142122068577479 off 0.03911895061254163	false	0.0
torheit	neg 1.0		__DUMMY__ 0.920040145035481 neg 0.04202171389167325 off 0.037938141072845766	false	1.0
dreckskind	off 1.0		__DUMMY__ 0.9089393656746807 off 0.047066797475628815 neg 0.04399383684969054	false	1.0
umtauschen	neg 1.0		__DUMMY__ 0.9206974825221839 neg 0.04259913261347406 off 0.036703384864342034	false	1.0
zum			__DUMMY__ 0.9298445929611939 neg 0.04047802895727713 off 0.02967737808152886	false	0.0
zersetzen	neg 1.0		__DUMMY__ 0.9204747711586142 neg 0.04591287533352602 off 0.03361235350785977	false	1.0
zur			__DUMMY__ 0.9271762212550771 neg 0.04332557013489455 off 0.029498208610028238	false	0.0
frust	neg 1.0		__DUMMY__ 0.921482485220161 neg 0.04229922112797446 off 0.03621829365186462	false	1.0
unerbittlichkeit	neg 1.0		__DUMMY__ 0.9212347659103091 neg 0.045235130188447374 off 0.033530103901243606	false	1.0
zwei			__DUMMY__ 0.9280067175478848 neg 0.041436578395666626 off 0.030556704056448555	false	0.0
unkorrekt	neg 1.0		__DUMMY__ 0.9164332686588439 off 0.04414947843253729 neg 0.039417252908618874	false	0.5
hexe	off 1.0		__DUMMY__ 0.9118930931300067 neg 0.0466948749194662 off 0.041412031950527145	false	0.5
lasch	neg 1.0		__DUMMY__ 0.9161274781849855 neg 0.04294307153527661 off 0.0409294502797379	false	1.0
rivale	neg 1.0		__DUMMY__ 0.9152880464318797 off 0.04318238315458909 neg 0.041529570413531246	false	0.5
mutlos	off 1.0	off 1.0	off 0.501458372190626 __DUMMY__ 0.45699969272244867 neg 0.04154193508692541	false	1.0
wirr	off 1.0		__DUMMY__ 0.9127609247770173 off 0.04480269138689135 neg 0.042436383836091336	false	1.0
jahr			__DUMMY__ 0.9303379735261768 neg 0.03722453772106443 off 0.03243748875275881	false	0.0
wird			__DUMMY__ 0.9216439633708486 neg 0.04309090201428617 off 0.03526513461486519	false	0.0
strafbar	neg 1.0		__DUMMY__ 0.9219618013121329 neg 0.04335098364873774 off 0.03468721503912931	false	1.0
erosion	neg 1.0		__DUMMY__ 0.9217924159946895 neg 0.040932331802510685 off 0.03727525220279976	false	1.0
eingehen	neg 1.0		__DUMMY__ 0.9206558860989199 neg 0.044528433850092246 off 0.03481568005098789	false	1.0
faul	off 1.0		__DUMMY__ 0.9187554590356631 neg 0.04073699163885259 off 0.04050754932548427	false	0.5
provisorium	neg 1.0		__DUMMY__ 0.9318036026148009 neg 0.04065882449552478 off 0.02753757288967437	false	1.0
schmerzen	neg 1.0		__DUMMY__ 0.9192661076274282 neg 0.04454244930760697 off 0.03619144306496491	false	1.0
schrumpfen	neg 1.0		__DUMMY__ 0.9238015071858123 neg 0.046230470707827424 off 0.02996802210636023	false	1.0
geistlos	off 1.0		__DUMMY__ 0.9147208869495794 neg 0.04512770677562386 off 0.04015140627479673	false	0.5
fehlkauf	neg 1.0		__DUMMY__ 0.9185086097078682 neg 0.04256713448352343 off 0.038924255808608345	false	1.0
frustrierend	neg 1.0		__DUMMY__ 0.9183590409620579 neg 0.04091359435670835 off 0.040727364681233766	false	1.0
unzufrieden	neg 1.0		__DUMMY__ 0.91992117203261 neg 0.04407851648455821 off 0.03600031148283168	false	1.0
verzweifeln	neg 1.0		__DUMMY__ 0.9203799664386099 neg 0.04274613386289385 off 0.03687389969849638	false	1.0
verzweifelt	neg 1.0	neg 1.0	neg 0.510417646392798 __DUMMY__ 0.454365463099944 off 0.03521689050725795	false	1.0
misstrauensantrag	neg 1.0		__DUMMY__ 0.9184119384876009 neg 0.04258274039466194 off 0.039005321117737114	false	1.0
abfallen	neg 1.0		__DUMMY__ 0.9215022711721594 neg 0.040707750787586365 off 0.03778997804025422	false	1.0
fucker	off 1.0		__DUMMY__ 0.9157505939154857 off 0.043917590584820906 neg 0.0403318154996934	false	1.0
ungezogen	neg 1.0		__DUMMY__ 0.9100866131265295 off 0.04974578264830222 neg 0.04016760422516828	false	0.5
irrsinnig	neg 1.0	neg 1.0	neg 0.5096879055410384 __DUMMY__ 0.4551170180989807 off 0.03519507635998102	false	1.0
unfassbar	neg 1.0		__DUMMY__ 0.9178037668876028 off 0.042417521830050875 neg 0.03977871128234638	false	0.5
hart	neg 1.0		__DUMMY__ 0.9146985611194753 neg 0.04344602381306386 off 0.04185541506746085	false	1.0
widerlich	off 1.0		__DUMMY__ 0.9151831495401086 off 0.04301074750536804 neg 0.041806102954523416	false	1.0
fatal	neg 1.0		__DUMMY__ 0.918286320545504 neg 0.042296009581247976 off 0.03941766987324801	false	1.0
bruch	neg 1.0		__DUMMY__ 0.9236243391169805 neg 0.04395820816878453 off 0.03241745271423504	false	1.0
aushungern	neg 1.0		__DUMMY__ 0.9208849180160049 neg 0.04280099962081675 off 0.03631408236317838	false	1.0
anspannung	neg 1.0		__DUMMY__ 0.9266959305725795 neg 0.043349851962217405 off 0.02995421746520319	false	1.0
von			__DUMMY__ 0.9318640051622576 neg 0.03567219997582889 off 0.03246379486191345	false	0.0
kraftlos	neg 1.0		__DUMMY__ 0.9217526628879847 neg 0.04272693685484804 off 0.03552040025716715	false	1.0
vom			__DUMMY__ 0.9320441165192072 neg 0.04017065984109357 off 0.027785223639699222	false	0.0
grenzdebil	off 1.0		__DUMMY__ 0.9177199603114128 off 0.042564933789224414 neg 0.03971510589936289	false	1.0
vor			__DUMMY__ 0.9249231135406044 neg 0.0423745389128013 off 0.03270234754659432	false	0.0
unterwerfen	neg 1.0		__DUMMY__ 0.9209575701687331 neg 0.04420442509912885 off 0.034838004732138016	false	1.0
versenkung	neg 1.0		__DUMMY__ 0.9233445395201996 neg 0.04166086109074664 off 0.034994599389053735	false	1.0
entziehen	neg 1.0		__DUMMY__ 0.9230228847106953 neg 0.04450979917557288 off 0.03246731611373183	false	1.0
finanzkrise	neg 1.0		__DUMMY__ 0.9169846001255577 neg 0.04631580099295862 off 0.036699598881483685	false	1.0
schimpfend	neg 1.0		__DUMMY__ 0.9185304236177696 neg 0.042779779617058394 off 0.03868979676517205	false	1.0
profan	neg 1.0		__DUMMY__ 0.9179043419666956 neg 0.0423942784073955 off 0.03970137962590891	false	1.0
korruption	neg 1.0		__DUMMY__ 0.9200414212889529 neg 0.04467724324755476 off 0.03528133546349232	false	1.0
â			__DUMMY__ 0.9226199056410567 neg 0.042408184962698874 off 0.0349719093962444	false	0.0
schmutzig	neg 1.0		__DUMMY__ 0.9176990184139813 off 0.042921293089456934 neg 0.03937968849656185	false	0.5
sexy	neg 1.0		__DUMMY__ 0.918779364988346 neg 0.04084627190755147 off 0.04037436310410254	false	1.0
abraten	neg 1.0		__DUMMY__ 0.9203217340802221 neg 0.040635332676532084 off 0.03904293324324584	false	1.0
schwarz	neg 1.0		__DUMMY__ 0.9185888710578675 neg 0.04259740358381523 off 0.03881372535831729	false	1.0
fotze	off 1.0	off 1.0	off 0.5024173448328666 __DUMMY__ 0.4583836809794997 neg 0.039198974187633656	false	1.0
verwirren	neg 1.0		__DUMMY__ 0.9185416429237327 neg 0.04132478047456737 off 0.04013357660169981	false	1.0
zahnlos	off 1.0		__DUMMY__ 0.9196628329949461 neg 0.043696290512301714 off 0.03664087649275217	false	0.5
verheeren	neg 1.0		__DUMMY__ 0.9093561881048208 off 0.05102852667282357 neg 0.039615285222355606	false	0.5
hippie	neg 1.0		__DUMMY__ 0.9184380512735223 neg 0.041397023885800084 off 0.04016492484067766	false	1.0
rammen	neg 1.0		__DUMMY__ 0.9144612454133881 neg 0.04728244720254111 off 0.0382563073840707	false	1.0
unlauter	neg 1.0		__DUMMY__ 0.9178219341107997 neg 0.04374350109704808 off 0.0384345647921522	false	1.0
unheilvoll	neg 1.0		__DUMMY__ 0.9179296254612291 neg 0.043458252021310186 off 0.038612122517460684	false	1.0
niedrig	neg 1.0		__DUMMY__ 0.9202554606451746 neg 0.04616643413397567 off 0.03357810522084971	false	1.0
explosion	neg 1.0		__DUMMY__ 0.9193696963920084 neg 0.04096077641465801 off 0.039669527193333665	false	1.0
weichei	off 1.0	off 1.0	off 0.5123123581771316 __DUMMY__ 0.4497677299824451 neg 0.03791991184042338	false	1.0
minusmensch	off 1.0		__DUMMY__ 0.9050207396934493 off 0.049310286521588045 neg 0.04566897378496268	false	1.0
farblos	neg 1.0		__DUMMY__ 0.9189239450194088 neg 0.044460217803945414 off 0.03661583717664581	false	1.0
unwissend	neg 1.0	neg 1.0	neg 0.5078074461707005 __DUMMY__ 0.45428067720732473 off 0.03791187662197483	false	1.0
traurig	neg 1.0		__DUMMY__ 0.9166698100703143 off 0.04424598872810125 neg 0.03908420120158441	false	0.5
senkung	neg 1.0		__DUMMY__ 0.9167309053479635 neg 0.043701050247506056 off 0.039568044404530434	false	1.0
ungleich	neg 1.0	neg 1.0	neg 0.5101099322850553 __DUMMY__ 0.45897790927253196 off 0.030912158442412605	false	1.0
heikel	neg 1.0		__DUMMY__ 0.9212936013810787 neg 0.04447859130087823 off 0.03422780731804306	false	1.0
drosselung	neg 1.0		__DUMMY__ 0.9156966761443128 off 0.04230878667085697 neg 0.04199453718483014	false	0.5
falsch	neg 1.0		__DUMMY__ 0.918170166680273 neg 0.04098626802541194 off 0.04084356529431508	false	1.0
unzufriedenheit	neg 1.0		__DUMMY__ 0.9221577659946 neg 0.04477495141194969 off 0.03306728259345029	false	1.0
kurz	neg 1.0		__DUMMY__ 0.9241993172761156 neg 0.03974941219814977 off 0.03605127052573457	false	1.0
unsinnig	neg 1.0		__DUMMY__ 0.9196974517436154 neg 0.04356140640913115 off 0.03674114184725343	false	1.0
penner	off 1.0	off 1.0	off 0.5135280509018288 __DUMMY__ 0.44927370143501977 neg 0.03719824766315141	false	1.0
seicht	neg 1.0		__DUMMY__ 0.9099376535523072 off 0.04968942130530289 neg 0.040372925142389965	false	0.5
dummheit	off 1.0	off 1.0	off 0.5066625120756649 __DUMMY__ 0.45285773822765524 neg 0.0404797496966798	false	1.0
unerfreulich	neg 1.0		__DUMMY__ 0.923466280359222 neg 0.04312663058057275 off 0.03340708906020525	false	1.0
motherfucker	off 1.0	off 1.0	off 0.5096279219454157 __DUMMY__ 0.4526624852350037 neg 0.037709592819580556	false	1.0
pikiert	neg 1.0		__DUMMY__ 0.9148828929772249 neg 0.04272642972589211 off 0.04239067729688288	false	1.0
wrack	neg 1.0		__DUMMY__ 0.9199133571137216 neg 0.04477629076912032 off 0.035310352117158085	false	1.0
gangster	neg 1.0		__DUMMY__ 0.9183989015440306 neg 0.04144415849734795 off 0.04015693995862149	false	1.0
krank	neg 1.0		__DUMMY__ 0.9187090674385039 off 0.0423506365678847 neg 0.038940295993611436	false	0.5
reich	neg 1.0		__DUMMY__ 0.9175989681137866 off 0.04150672836122298 neg 0.04089430352499042	false	0.5
gnadenlos	neg 1.0		__DUMMY__ 0.9181732379571989 neg 0.0431394486465603 off 0.03868731339624076	false	1.0
niedergeschlagen	neg 1.0		__DUMMY__ 0.9207602506323683 neg 0.042904001257876065 off 0.03633574810975565	false	1.0
terrorisieren	off 1.0	off 1.0	off 0.5015829323717166 __DUMMY__ 0.4587341137173593 neg 0.03968295391092418	false	1.0
sinnlosigkeit	neg 1.0		__DUMMY__ 0.9200827386380944 neg 0.04378762538867179 off 0.03612963597323378	false	1.0
behindern	neg 1.0		__DUMMY__ 0.9201956373857908 neg 0.04309286641057337 off 0.036711496203635806	false	1.0
undemokratisch	neg 1.0		__DUMMY__ 0.9190771367357412 neg 0.04232671400823878 off 0.038596149256020076	false	1.0
wirtschaftskrise	neg 1.0		__DUMMY__ 0.9186928735045207 neg 0.04618380361889157 off 0.035123322876587836	false	1.0
neid	neg 1.0		__DUMMY__ 0.9206357117426659 off 0.04042733169366697 neg 0.0389369565636671	false	0.5
rutschen	neg 1.0		__DUMMY__ 0.9284339666038949 neg 0.04118131872392807 off 0.030384714672177033	false	1.0
rezession	neg 1.0		__DUMMY__ 0.9095386892329422 neg 0.04560567890946007 off 0.0448556318575977	false	1.0
fehlgeburt	neg 1.0		__DUMMY__ 0.9194541509490415 neg 0.04192363880841735 off 0.03862221024254111	false	1.0
charakterschwach	off 1.0		__DUMMY__ 0.9151803232636665 off 0.042966580965584505 neg 0.041853095770749034	false	1.0
isolation	neg 1.0		__DUMMY__ 0.9186488445055073 neg 0.04103372915042929 off 0.040317426344063365	false	1.0
ablenkung	neg 1.0		__DUMMY__ 0.9218848900033555 neg 0.04056554390817478 off 0.037549566088469745	false	1.0
pech	neg 1.0		__DUMMY__ 0.9190488167629592 neg 0.04087179025343407 off 0.040079392983606764	false	1.0
vermeidung	neg 1.0		__DUMMY__ 0.9159952737324125 off 0.042437885950460795 neg 0.041566840317126756	false	0.5
dominieren	neg 1.0		__DUMMY__ 0.9215586618948931 neg 0.04400216081401445 off 0.03443917729109241	false	1.0
schwindlig	neg 1.0		__DUMMY__ 0.9201883985801592 neg 0.04108721766448304 off 0.038724383755357694	false	1.0
lutscher	neg 1.0	neg 1.0	neg 0.5071058959529651 __DUMMY__ 0.44765097374608825 off 0.04524313030094662	false	1.0
pflicht	neg 1.0		__DUMMY__ 0.9218139603837162 neg 0.0447465413954756 off 0.03343949822080811	false	1.0
faschist	off 1.0		__DUMMY__ 0.9181901065166467 neg 0.0412351455281234 off 0.04057474795522993	false	0.5
verschleudern	neg 1.0		__DUMMY__ 0.9220873946458845 neg 0.04386870981245074 off 0.034043895541664704	false	1.0
wenn			__DUMMY__ 0.917936628340204 neg 0.04108757748450463 off 0.04097579417529147	false	0.0
ehebruch	neg 1.0		__DUMMY__ 0.9204016877899839 neg 0.04434391964137315 off 0.03525439256864297	false	1.0
spott	off 1.0		__DUMMY__ 0.9207734435593584 neg 0.04428973430575695 off 0.034936822134884665	false	0.5
trostlosigkeit	neg 1.0		__DUMMY__ 0.9221420877837481 neg 0.045136667175361425 off 0.0327212450408905	false	1.0
lutschen	neg 1.0		__DUMMY__ 0.9152491589703668 neg 0.044186762882779916 off 0.04056407814685314	false	1.0
undiszipliniert	neg 1.0		__DUMMY__ 0.915865369041161 off 0.043812316838191076 neg 0.040322314120647906	false	0.5
kopfschmerz	neg 1.0		__DUMMY__ 0.9182928227653058 neg 0.046300676931341975 off 0.03540650030335231	false	1.0
unvorhergesehen	neg 1.0		__DUMMY__ 0.9256795841462065 neg 0.0411844280729826 off 0.03313598778081082	false	1.0
desinteressiert	neg 1.0	neg 1.0	neg 0.5074521699096673 __DUMMY__ 0.45294838451567015 off 0.03959944557466252	false	1.0
armselig	off 1.0		__DUMMY__ 0.9137465248131426 off 0.044657192616106955 neg 0.0415962825707505	false	1.0
desaster	neg 1.0		__DUMMY__ 0.9236811392175804 neg 0.044337363840980804 off 0.0319814969414387	false	1.0
tod	neg 1.0		__DUMMY__ 0.9209318916005694 neg 0.04427870772797554 off 0.03478940067145502	false	1.0
herzlos	neg 1.0		__DUMMY__ 0.9150017539300535 off 0.04439582332261004 neg 0.04060242274733652	false	0.5
unwissenheit	neg 1.0		__DUMMY__ 0.9196918840328578 neg 0.044419648611075134 off 0.03588846735606704	false	1.0
widersinnig	neg 1.0		__DUMMY__ 0.918529855794834 neg 0.04534688140796081 off 0.03612326279720517	false	1.0
bedenklich	neg 1.0		__DUMMY__ 0.9205014198522192 neg 0.044314556500674146 off 0.03518402364710662	false	1.0
beanstanden	neg 1.0		__DUMMY__ 0.9230975364851868 neg 0.04383992473214401 off 0.033062538782669175	false	1.0
panisch	neg 1.0	neg 1.0	neg 0.5057944407281612 __DUMMY__ 0.45867927295154987 off 0.0355262863202889	false	1.0
debil	off 1.0		__DUMMY__ 0.9271692150761891 neg 0.04467999436490526 off 0.028150790558905636	false	0.5
abstrich	neg 1.0		__DUMMY__ 0.9244749197455343 neg 0.04007045998355508 off 0.03545462027091059	false	1.0
primitiv	neg 1.0		__DUMMY__ 0.9152621987307741 off 0.04320525716213512 neg 0.041532544107090806	false	0.5
abschaum	off 1.0	off 1.0	off 0.5083901226197146 __DUMMY__ 0.45294221467539963 neg 0.0386676627048858	false	1.0
provozieren	neg 1.0		__DUMMY__ 0.9173635733079707 neg 0.04405843445445836 off 0.03857799223757089	false	1.0
tot	neg 1.0		__DUMMY__ 0.9208827433686044 neg 0.04416425312112176 off 0.03495300351027374	false	1.0
instabil	neg 1.0		__DUMMY__ 0.914302224716782 off 0.0440137274608246 neg 0.04168404782239333	false	0.5
schwuchtel	off 1.0	off 1.0	off 0.5180719747022474 __DUMMY__ 0.44409372680965953 neg 0.037834298488093075	false	1.0
zerren	neg 1.0		__DUMMY__ 0.9207244395356117 neg 0.0432394850667416 off 0.036036075397646784	false	1.0
kinderficker	off 1.0		__DUMMY__ 0.9136889940548596 off 0.04672393758001779 neg 0.039587068365122685	false	1.0
gefahr	neg 1.0		__DUMMY__ 0.9235444879399904 neg 0.043533341488989595 off 0.032922170571019954	false	1.0
rabiat	neg 1.0		__DUMMY__ 0.9198470540234867 neg 0.04235648014964872 off 0.037796465826864585	false	1.0
verlangsamung	neg 1.0		__DUMMY__ 0.9085133738721768 off 0.048124563777533866 neg 0.04336206235028933	false	0.5
ausgestorben	neg 1.0		__DUMMY__ 0.9207475115559565 neg 0.041796314132984215 off 0.037456174311059263	false	1.0
anklagen	neg 1.0		__DUMMY__ 0.9200308055386538 neg 0.044616457835352084 off 0.035352736625994176	false	1.0
trott	neg 1.0		__DUMMY__ 0.9201153624863692 neg 0.04283321846980007 off 0.03705141904383076	false	1.0
verminderung	neg 1.0		__DUMMY__ 0.9164122131726192 off 0.042681440238452106 neg 0.040906346588928694	false	0.5
nach			__DUMMY__ 0.9291238338614679 neg 0.041298345469854815 off 0.02957782066867727	false	0.0
rost	neg 1.0		__DUMMY__ 0.9122705842599541 off 0.046734032141013127 neg 0.04099538359903281	false	0.5
destruktiv	neg 1.0		__DUMMY__ 0.9189999558373837 neg 0.043398163140372495 off 0.037601881022243835	false	1.0
unzumutbarkeit	neg 1.0		__DUMMY__ 0.9170257334002198 off 0.04176193786530728 neg 0.041212328734472926	false	0.5
labil	off 1.0	off 1.0	off 0.5077710577708184 __DUMMY__ 0.4535884016919915 neg 0.03864054053719006	false	1.0
ziemlich	neg 1.0		__DUMMY__ 0.9186744938744938 off 0.04218608597492646 neg 0.03913942015057971	false	0.5
lachnummer	off 1.0		__DUMMY__ 0.9184434263789972 neg 0.043212470072299 off 0.03834410354870376	false	0.5
oder			__DUMMY__ 0.9215356386803819 neg 0.04044413748717119 off 0.03802022383244688	false	0.0
verfall	neg 1.0		__DUMMY__ 0.924494432636744 neg 0.04556456889993913 off 0.02994099846331681	false	1.0
ausgrenzung	neg 1.0		__DUMMY__ 0.9185959800842215 neg 0.042344577047798204 off 0.03905944286798024	false	1.0
unordnung	neg 1.0		__DUMMY__ 0.9175348787422077 off 0.04365920536805516 neg 0.03880591588973711	false	0.5
fehlverhalten	neg 1.0		__DUMMY__ 0.9203085175355464 neg 0.04572883593587128 off 0.03396264652858233	false	1.0
eine			__DUMMY__ 0.9247873114212505 neg 0.04213210857834326 off 0.033080580000406194	false	0.0
nille	neg 1.0		__DUMMY__ 0.9206662570551174 neg 0.04208199630885612 off 0.03725174663602645	false	1.0
qual	neg 1.0		__DUMMY__ 0.9204688323812913 neg 0.04277084044760185 off 0.03676032717110695	false	1.0
verschwenden	neg 1.0		__DUMMY__ 0.9203529365389955 neg 0.045139255403103484 off 0.03450780805790103	false	1.0
riesig	neg 1.0		__DUMMY__ 0.9219620639601331 neg 0.04359561153762367 off 0.03444232450224315	false	1.0
verurteilen	neg 1.0		__DUMMY__ 0.9187890763412575 neg 0.04526015319539655 off 0.03595077046334605	false	1.0
klischee	neg 1.0	neg 1.0	neg 0.5089353367802997 __DUMMY__ 0.4539371334526648 off 0.03712752976703557	false	1.0
diktatorisch	neg 1.0		__DUMMY__ 0.9179164662398738 neg 0.043294066375354295 off 0.03878946738477197	false	1.0
vorhersehbar	neg 1.0		__DUMMY__ 0.9165775447291049 neg 0.043006702146482965 off 0.04041575312441222	false	1.0
sowie			__DUMMY__ 0.9116268411335088 off 0.046094294711133 neg 0.042278864155358205	false	0.0
stornieren	neg 1.0		__DUMMY__ 0.9249009453225933 off 0.038733261303371264 neg 0.03636579337403546	false	0.5
besteuerung	neg 1.0		__DUMMY__ 0.9155683698210487 neg 0.04653872894083415 off 0.03789290123811706	false	1.0
ungeschminkt	neg 1.0		__DUMMY__ 0.9117548183850741 neg 0.04571630212729427 off 0.04252887948763164	false	1.0
kritisch	neg 1.0		__DUMMY__ 0.9212363293689337 neg 0.04373049860189863 off 0.03503317202916761	false	1.0
schlamperei	off 1.0		__DUMMY__ 0.9227498081961495 neg 0.04335548125293667 off 0.033894710550913816	false	0.5
sucht	neg 1.0	neg 1.0	neg 0.5049125157475249 __DUMMY__ 0.4612419996825862 off 0.03384548456988886	false	1.0
egoistisch	off 1.0		__DUMMY__ 0.9122573687784099 off 0.046774716483906534 neg 0.04096791473768365	false	1.0
ausbeuter	off 1.0		__DUMMY__ 0.9197406302069273 neg 0.04629525675265825 off 0.033964113040414454	false	0.5
arschgeburt	off 1.0		__DUMMY__ 0.9036292081085412 off 0.05319539040477839 neg 0.04317540148668046	false	1.0
schubs	neg 1.0		__DUMMY__ 0.9217122541071774 neg 0.042855287038239466 off 0.035432458854583085	false	1.0
unsolide	neg 1.0		__DUMMY__ 0.9170426633631427 neg 0.04373339615799312 off 0.03922394047886418	false	1.0
beschwerde	neg 1.0		__DUMMY__ 0.9204605185869658 neg 0.04501393772209337 off 0.03452554369094083	false	1.0
stocken	neg 1.0		__DUMMY__ 0.9214268481833184 neg 0.044482006880084884 off 0.03409114493659669	false	1.0
isolieren	neg 1.0		__DUMMY__ 0.9217166856081359 neg 0.04297175699050939 off 0.03531155740135481	false	1.0
unheilbar	neg 1.0		__DUMMY__ 0.9201797170732243 neg 0.04181979531842847 off 0.03800048760834714	false	1.0
pisser	off 1.0		__DUMMY__ 0.9120682923442979 off 0.04420314303576987 neg 0.04372856461993234	false	1.0
löschen	neg 1.0		__DUMMY__ 0.9197418841963455 neg 0.04287136670960035 off 0.03738674909405423	false	1.0
durchfallen	neg 1.0		__DUMMY__ 0.9199276796578576 neg 0.04458496093163411 off 0.03548735941050825	false	1.0
wichser	off 1.0	off 1.0	off 0.5158473677114679 __DUMMY__ 0.44735047578361425 neg 0.03680215650491788	false	1.0
terror	neg 1.0		__DUMMY__ 0.9190412059021246 neg 0.0412801317204308 off 0.03967866237744464	false	1.0
krass	neg 1.0		__DUMMY__ 0.913718705394971 off 0.04458780598366995 neg 0.04169348862135908	false	0.5
revolte	neg 1.0		__DUMMY__ 0.9175107313185834 neg 0.043140394694412235 off 0.03934887398700438	false	1.0
besorgt	neg 1.0		__DUMMY__ 0.9241790283119081 neg 0.03981314811609281 off 0.03600782357199913	false	1.0
nachlassen	neg 1.0		__DUMMY__ 0.9241894872293793 neg 0.042172110152952684 off 0.033638402617667935	false	1.0
alt	neg 1.0		__DUMMY__ 0.9202195968166986 neg 0.04482710529362127 off 0.034953297889680074	false	1.0
hundesohn	off 1.0		__DUMMY__ 0.9080860235104072 off 0.05039184622368122 neg 0.041522130265911436	false	1.0
als			__DUMMY__ 0.9220143056166398 neg 0.0420431161234997 off 0.03594257825986059	false	0.0
abschreckung	neg 1.0		__DUMMY__ 0.9224442877898794 neg 0.04460387537637103 off 0.032951836833749665	false	1.0
unqualifiziert	neg 1.0		__DUMMY__ 0.9164234814010845 neg 0.042396314069637724 off 0.04118020452927777	false	1.0
abgewichst	off 1.0		__DUMMY__ 0.9216492077755131 neg 0.041806186596411596 off 0.03654460562807529	false	0.5
schwer	neg 1.0		__DUMMY__ 0.919760375653108 neg 0.043002184135046376 off 0.037237440211845683	false	1.0
bedeutungslosigkeit	neg 1.0		__DUMMY__ 0.9217935067613059 neg 0.04442062206657413 off 0.03378587117212006	false	1.0
kapitulation	neg 1.0		__DUMMY__ 0.9214176259584288 neg 0.043813341837186895 off 0.03476903220438425	false	1.0
unscharf	neg 1.0		__DUMMY__ 0.916556417939838 neg 0.04449191089704889 off 0.03895167116311312	false	1.0
schwinden	neg 1.0		__DUMMY__ 0.9216892283578553 neg 0.04487369447387723 off 0.03343707716826748	false	1.0
versklavung	neg 1.0		__DUMMY__ 0.9185206822068849 neg 0.04315588969710898 off 0.038323428096006175	false	1.0
schlecht	neg 1.0		__DUMMY__ 0.9186674339326591 off 0.042409749291575725 neg 0.038922816775765125	false	0.5
verhasst	neg 1.0		__DUMMY__ 0.916024448207206 neg 0.04490974140096351 off 0.03906581039183048	false	1.0
beschweren	neg 1.0		__DUMMY__ 0.9194722127889324 neg 0.041250358960642275 off 0.03927742825042532	false	1.0
scheiden	neg 1.0		__DUMMY__ 0.922517888838569 neg 0.04053206767902333 off 0.0369500434824077	false	1.0
frustriert	neg 1.0		__DUMMY__ 0.919700161525449 neg 0.04367404934767552 off 0.03662578912687545	false	1.0
schimmelig	neg 1.0		__DUMMY__ 0.9178505650879804 neg 0.047445814805682066 off 0.034703620106337665	false	1.0
fisch	neg 1.0		__DUMMY__ 0.9207136251848733 neg 0.047051445224381754 off 0.03223492959074491	false	1.0
schmuggel	neg 1.0		__DUMMY__ 0.9201141655074704 neg 0.04591444160799072 off 0.03397139288453894	false	1.0
auffallen	neg 1.0		__DUMMY__ 0.918889927222934 neg 0.04125869601808647 off 0.03985137675897951	false	1.0
konkurrenz	neg 1.0		__DUMMY__ 0.9239663648857892 neg 0.04333974164923698 off 0.03269389346497387	false	1.0
teufelskreis	neg 1.0	neg 1.0	neg 0.510872884147029 __DUMMY__ 0.45496914039189623 off 0.03415797546107476	false	1.0
aufschreien	neg 1.0		__DUMMY__ 0.9173963754832736 neg 0.04260384886295025 off 0.03999977565377616	false	1.0
schuldner	neg 1.0		__DUMMY__ 0.9201269749333709 neg 0.046616858587372065 off 0.033256166479257075	false	1.0
missgeburt	off 1.0	off 1.0	off 0.5130217908992407 __DUMMY__ 0.44651386685704225 neg 0.04046434224371695	false	1.0
arbeitslos	neg 1.0		__DUMMY__ 0.9195403994816639 neg 0.044601849768228084 off 0.035857750750108025	false	1.0
befallen	neg 1.0		__DUMMY__ 0.9171898670059099 neg 0.0463913598790775 off 0.03641877311501257	false	1.0
miesepetrig	off 1.0	off 1.0	off 0.5078455592822119 __DUMMY__ 0.4553433569172969 neg 0.03681108380049122	false	1.0
alarmieren	neg 1.0		__DUMMY__ 0.9141680096039938 neg 0.04440488096633403 off 0.04142710942967208	false	1.0
ungeduscht	off 1.0		__DUMMY__ 0.9151526560789752 neg 0.04439269041886666 off 0.04045465350215811	false	0.5
knappheit	neg 1.0		__DUMMY__ 0.9190772096983675 neg 0.04562941076926944 off 0.035293379532363015	false	1.0
schlange	neg 1.0		__DUMMY__ 0.922160555661972 neg 0.03930408246188399 off 0.03853536187614397	false	1.0
harsch	neg 1.0		__DUMMY__ 0.9152857815036606 off 0.04558144447802424 neg 0.039132774018315206	false	0.5
lang	neg 1.0		__DUMMY__ 0.9197968944047509 neg 0.042123363828238614 off 0.03807974176701054	false	1.0
ziellos	neg 1.0		__DUMMY__ 0.9230749496201198 neg 0.04197671224798255 off 0.034948338131897655	false	1.0
selbstverliebt	neg 1.0		__DUMMY__ 0.9075457771687455 off 0.05108645504840148 neg 0.04136776778285308	false	0.5
beseitigen	neg 1.0		__DUMMY__ 0.921300907939057 neg 0.042498026515632135 off 0.036201065545311	false	1.0
dumm	off 1.0		__DUMMY__ 0.9129608929830028 off 0.04718238094054492 neg 0.03985672607645225	false	1.0
arbeitsloser	neg 1.0		__DUMMY__ 0.9225536011432115 neg 0.04157028028002544 off 0.03587611857676311	false	1.0
blitzen	neg 1.0		__DUMMY__ 0.918862805153457 neg 0.04105010317343991 off 0.040087091673103016	false	1.0
hilflos	neg 1.0		__DUMMY__ 0.9193309357876334 neg 0.04450515812895991 off 0.036163906083406736	false	1.0
eklig	off 1.0		__DUMMY__ 0.9096014177881675 off 0.04767541526382871 neg 0.042723166948003884	false	1.0
begriff			__DUMMY__ 0.920444181175839 neg 0.04239375529587351 off 0.03716206352828735	false	0.0
hungersnot	neg 1.0		__DUMMY__ 0.9197593866230368 neg 0.04466274940748922 off 0.03557786396947402	false	1.0
ungesetzlich	neg 1.0		__DUMMY__ 0.9171260749716287 neg 0.04411999195296275 off 0.03875393307540853	false	1.0
verschwendung	neg 1.0		__DUMMY__ 0.9213678002478609 neg 0.04442616957660035 off 0.03420603017553865	false	1.0
schmerzvoll	neg 1.0		__DUMMY__ 0.9186377839819829 neg 0.04241187680620447 off 0.03895033921181258	false	1.0
vorzeitig	neg 1.0		__DUMMY__ 0.917241774840402 neg 0.04306594827066683 off 0.039692276888931066	false	1.0
unvollkommenheit	neg 1.0		__DUMMY__ 0.9245383231357563 neg 0.04061149761755211 off 0.034850179246691565	false	1.0
intervenieren	neg 1.0		__DUMMY__ 0.9207798702834897 neg 0.04495958361720315 off 0.03426054609930706	false	1.0
banause	off 1.0		__DUMMY__ 0.9063466605592297 off 0.04980338545654502 neg 0.04384995398422519	false	1.0
rebell	neg 1.0		__DUMMY__ 0.9226466962648113 neg 0.046600704766456155 off 0.030752598968732496	false	1.0
unlogisch	neg 1.0		__DUMMY__ 0.9143970604139992 off 0.04428848805625237 neg 0.0413144515297484	false	0.5
leiden	neg 1.0		__DUMMY__ 0.9253183811605799 neg 0.041910948450346826 off 0.03277067038907334	false	1.0
abschaffung	neg 1.0		__DUMMY__ 0.9197023723732421 neg 0.0424732057554653 off 0.03782442187129263	false	1.0
sturz	neg 1.0		__DUMMY__ 0.9189728425033815 neg 0.04353939540634477 off 0.0374877620902737	false	1.0
verkleinerung	neg 1.0		__DUMMY__ 0.9159262106040122 neg 0.0439549186778309 off 0.04011887071815689	false	1.0
schmarotzer	off 1.0		__DUMMY__ 0.9190542247424375 neg 0.04439801210368148 off 0.036547763153881065	false	0.5
bestrafung	neg 1.0		__DUMMY__ 0.9184707197002703 neg 0.043017250965731904 off 0.03851202933399783	false	1.0
achtlos	neg 1.0	neg 1.0	neg 0.5085827511357006 __DUMMY__ 0.45778506167016725 off 0.0336321871941322	false	1.0
ungeheuer	neg 1.0		__DUMMY__ 0.9185852950060546 neg 0.04210748770573275 off 0.039307217288212716	false	1.0
