unsolidarisch	neg 1.0		neg 0.5152158228799032 off 0.44500258124320885 __DUMMY__ 0.03978159587688783	false	1.0
nachteilig	neg 1.0		neg 0.5173331135065168 off 0.44251076806875106 __DUMMY__ 0.04015611842473211	false	1.0
skeptisch	neg 1.0		neg 0.5180357009357278 off 0.441794236158552 __DUMMY__ 0.04017006290572023	false	1.0
schrecklich	neg 1.0		neg 0.5028836348858603 off 0.4575069941787194 __DUMMY__ 0.03960937093542041	false	1.0
schlapp	neg 1.0		neg 0.5067147747190965 off 0.45349478833344264 __DUMMY__ 0.039790436947460886	false	1.0
abfall	neg 1.0		neg 0.5208204314611077 off 0.43878715657361395 __DUMMY__ 0.04039241196527833	false	1.0
widerspenstig	neg 1.0		neg 0.5126286040476834 off 0.44741037091640257 __DUMMY__ 0.03996102503591413	false	1.0
abrupt	neg 1.0		neg 0.5169579523592747 off 0.44287060120046373 __DUMMY__ 0.04017144644026149	false	1.0
unwirksam	neg 1.0		neg 0.5157040838005735 off 0.4445772967847176 __DUMMY__ 0.039718619414708924	false	1.0
angreifen	neg 1.0		neg 0.5195860309680053 off 0.4403731312731143 __DUMMY__ 0.04004083775888044	false	1.0
inkonsistent	neg 1.0		neg 0.5146928968634881 off 0.4456403735641378 __DUMMY__ 0.039666729572374056	false	1.0
abrutschen	neg 1.0		neg 0.5212551906775819 off 0.4384624953997237 __DUMMY__ 0.04028231392269442	false	1.0
unsicher	neg 1.0		neg 0.5111258463002802 off 0.44871794528893577 __DUMMY__ 0.04015620841078399	false	1.0
bauernkind	off 1.0	off 1.0	off 0.7105776066908978 neg 0.27100539836146076 __DUMMY__ 0.018416994947641523	false	1.0
angreifer	neg 1.0	neg 1.0	neg 0.7423710193229336 off 0.23868135934376242 __DUMMY__ 0.018947621333304063	false	1.0
trennen	neg 1.0		neg 0.5169943864344001 off 0.4426855540668927 __DUMMY__ 0.04032005949870728	false	1.0
schmutz	neg 1.0		neg 0.5106867077718389 off 0.4493252152492278 __DUMMY__ 0.03998807697893322	false	1.0
inkonsistenz	neg 1.0		neg 0.5102197750419348 off 0.4503110537452179 __DUMMY__ 0.0394691712128472	false	1.0
erschreckend	neg 1.0		neg 0.5143476226489626 off 0.4457077198105233 __DUMMY__ 0.039944657540514135	false	1.0
ertrinken	neg 1.0		neg 0.5196790464606252 off 0.44034416386786135 __DUMMY__ 0.03997678967151353	false	1.0
pickelface	off 1.0		neg 0.514345105849404 off 0.44567431265725765 __DUMMY__ 0.039980581493338316	false	0.5
seiner			neg 0.5177677428696232 off 0.4420755192283354 __DUMMY__ 0.040156737902041384	false	0.0
lauch	neg 1.0		neg 0.5207795457650602 off 0.4389528711203967 __DUMMY__ 0.04026758311454305	false	1.0
unwichtig	neg 1.0		neg 0.5082044938732211 off 0.45207795997849864 __DUMMY__ 0.03971754614828017	false	1.0
steuerhinterziehung	neg 1.0	neg 1.0	neg 0.7452490845192127 off 0.23576917809166215 __DUMMY__ 0.018981737389125217	false	1.0
schock	neg 1.0		neg 0.5143893599697659 off 0.44563931280058766 __DUMMY__ 0.03997132722964663	false	1.0
beule	neg 1.0		neg 0.5078619001153801 off 0.4525852864277032 __DUMMY__ 0.0395528134569166	false	1.0
vergelten	neg 1.0		neg 0.5027560997205508 off 0.4574317498792465 __DUMMY__ 0.03981215040020267	false	1.0
verdorbenheit	neg 1.0		neg 0.5107064517405582 off 0.44919035373102345 __DUMMY__ 0.04010319452841837	false	1.0
trauma	neg 1.0		neg 0.5122964005793075 off 0.44779534981302055 __DUMMY__ 0.039908249607671906	false	1.0
sinnlos	neg 1.0		neg 0.5101716460823437 off 0.4499070634871291 __DUMMY__ 0.039921290430527286	false	1.0
fettsack	off 1.0	off 1.0	off 0.7120307627693003 neg 0.2694808526249749 __DUMMY__ 0.01848838460572482	false	1.0
feige	off 1.0	off 1.0	off 0.7098996394824487 neg 0.271356075537746 __DUMMY__ 0.018744284979805292	false	1.0
abdanken	neg 1.0		neg 0.5146759034357458 off 0.44540274193420787 __DUMMY__ 0.039921354630046445	false	1.0
wichtigtuer	off 1.0	off 1.0	off 0.7091842742234044 neg 0.271940368295584 __DUMMY__ 0.018875357481011507	false	1.0
misslingen	neg 1.0		neg 0.5082783059033873 off 0.4513622534347154 __DUMMY__ 0.04035944066189719	false	1.0
untreu	off 1.0		neg 0.5074228086911877 off 0.45285480523336724 __DUMMY__ 0.03972238607544502	false	0.5
missmutig	neg 1.0		neg 0.5081534949991949 off 0.4520858905260996 __DUMMY__ 0.03976061447470554	false	1.0
hurenbock	off 1.0		neg 0.5119669160977564 off 0.44822261087973964 __DUMMY__ 0.03981047302250398	false	0.5
betrunken	neg 1.0		neg 0.5052478344757961 off 0.4550553204631815 __DUMMY__ 0.03969684506102242	false	1.0
korrupt	off 1.0		neg 0.5180707713190297 off 0.4421043502330089 __DUMMY__ 0.03982487844796128	false	0.5
unmut	neg 1.0		neg 0.5207321433811216 off 0.43894402540648914 __DUMMY__ 0.0403238312123892	false	1.0
hackfresse	off 1.0		neg 0.5007093704696955 off 0.4599798460722522 __DUMMY__ 0.0393107834580523	false	0.5
aufblasen	neg 1.0		neg 0.5102140895167023 off 0.44981639942687696 __DUMMY__ 0.03996951105642083	false	1.0
gewaltsam	neg 1.0		neg 0.5163856169750827 off 0.4437371334703491 __DUMMY__ 0.03987724955456826	false	1.0
unbeliebtheit	neg 1.0		neg 0.5115648083138623 off 0.4488991271317146 __DUMMY__ 0.039536064554423093	false	1.0
sturheit	neg 1.0		neg 0.5157717835878964 off 0.4443273018425304 __DUMMY__ 0.039900914569573266	false	1.0
kuh	neg 1.0		neg 0.5146462743865279 off 0.4459161746154406 __DUMMY__ 0.03943755099803146	false	1.0
erschrecken	neg 1.0		neg 0.5074404041508528 off 0.45268698441226657 __DUMMY__ 0.03987261143688054	false	1.0
opfer	neg 1.0		neg 0.5169255875173083 off 0.4429849212604553 __DUMMY__ 0.04008949122223636	false	1.0
sinken	neg 1.0		neg 0.5202036847461476 off 0.4395062377872068 __DUMMY__ 0.04029007746664559	false	1.0
stinktier	neg 1.0		neg 0.5086251839844275 off 0.4524186896575916 __DUMMY__ 0.0389561263579811	false	1.0
tucke	off 1.0		neg 0.5023914369798166 off 0.45861421103064637 __DUMMY__ 0.03899435198953709	false	0.5
ein			neg 0.5118652095334154 off 0.44821747651171007 __DUMMY__ 0.03991731395487441	false	0.0
abstieg	neg 1.0		neg 0.518892556722193 off 0.4410503997721682 __DUMMY__ 0.040057043505638865	false	1.0
missverstehen	neg 1.0		neg 0.5106151008306353 off 0.44963001905138966 __DUMMY__ 0.039754880117975136	false	1.0
ergebnislos	neg 1.0		neg 0.5185856205163855 off 0.4412828932546379 __DUMMY__ 0.04013148622897668	false	1.0
unter			neg 0.5235242700857633 off 0.4357553484678061 __DUMMY__ 0.040720381446430656	false	0.0
manipulieren	neg 1.0		neg 0.518143319227829 off 0.4416361795264525 __DUMMY__ 0.040220501245718694	false	1.0
unbewiesen	neg 1.0		neg 0.5161095781954299 off 0.4441898902435689 __DUMMY__ 0.039700531561001146	false	1.0
verschleppen	neg 1.0		neg 0.5183380852759111 off 0.44174242219468624 __DUMMY__ 0.0399194925294027	false	1.0
weib	off 1.0		neg 0.5047677920966714 off 0.4563973868860447 __DUMMY__ 0.0388348210172837	false	0.5
opposition	neg 1.0		neg 0.5131295856408182 off 0.44713932366707687 __DUMMY__ 0.03973109069210493	false	1.0
verkehrswidrig	neg 1.0		neg 0.5015388630741543 off 0.4586865497997134 __DUMMY__ 0.03977458712613221	false	1.0
inkorrekt	neg 1.0		neg 0.5056970315624946 off 0.45485629290815166 __DUMMY__ 0.03944667552935394	false	1.0
vermeiden	neg 1.0	neg 1.0	neg 0.7468336486872513 off 0.23383929923990251 __DUMMY__ 0.019327052072846154	false	1.0
abweichung	neg 1.0	neg 1.0	neg 0.7437858563909732 off 0.23702882135759368 __DUMMY__ 0.019185322251433105	false	1.0
alkoholisiert	neg 1.0		neg 0.5171592738782753 off 0.4426563091776429 __DUMMY__ 0.04018441694408176	false	1.0
scheiss	off 1.0	off 1.0	off 0.7106165716827229 neg 0.27061441192879343 __DUMMY__ 0.018769016388483807	false	1.0
herausforderung	neg 1.0		neg 0.5165627148512612 off 0.443127669733306 __DUMMY__ 0.040309615415432945	false	1.0
pervers	off 1.0		neg 0.49879758319472756 off 0.46218066653357576 __DUMMY__ 0.039021750271696604	false	0.5
wackelig	neg 1.0		neg 0.5117501623536452 off 0.447892341766105 __DUMMY__ 0.040357495880249776	false	1.0
verwickeln	neg 1.0		neg 0.5109896021003163 off 0.44921398423462594 __DUMMY__ 0.039796413665057796	false	1.0
vorwand	neg 1.0		neg 0.5191667727184297 off 0.4406949737229795 __DUMMY__ 0.040138253558590735	false	1.0
muschi	off 1.0		neg 0.5140925323093628 off 0.4459221341210868 __DUMMY__ 0.03998533356955049	false	0.5
entmutigung	neg 1.0		neg 0.51272548427816 off 0.4474352163365679 __DUMMY__ 0.039839299385272225	false	1.0
unangemessen	neg 1.0		neg 0.5159946995463073 off 0.4441048539689503 __DUMMY__ 0.039900446484742516	false	1.0
unstetig	neg 1.0		neg 0.5103753964472589 off 0.4497863561334648 __DUMMY__ 0.039838247419276135	false	1.0
entmutigen	neg 1.0		neg 0.5117259436835252 off 0.44832371681539407 __DUMMY__ 0.03995033950108068	false	1.0
schwanz	neg 1.0		neg 0.5171112823793237 off 0.44284801386803563 __DUMMY__ 0.04004070375264063	false	1.0
verbot	neg 1.0		neg 0.5170335474958445 off 0.4429766293166141 __DUMMY__ 0.03998982318754133	false	1.0
leid	neg 1.0		neg 0.5026112261654748 off 0.45798617283390003 __DUMMY__ 0.03940260100062515	false	1.0
archaisch	neg 1.0		neg 0.5154440513639165 off 0.44462860428315004 __DUMMY__ 0.0399273443529336	false	1.0
gegen			neg 0.5205296688058323 off 0.4392119882872999 __DUMMY__ 0.04025834290686787	false	0.0
scheidung	neg 1.0		neg 0.4912422140988407 off 0.46956899509716543 __DUMMY__ 0.0391887908039938	false	1.0
einschlag	neg 1.0		neg 0.5048049040075309 off 0.4555854893572917 __DUMMY__ 0.03960960663517739	false	1.0
m			neg 0.514469749796122 off 0.44537528787939756 __DUMMY__ 0.040154962324480334	false	0.0
abgestanden	neg 1.0		neg 0.5141574721204424 off 0.4461001080685985 __DUMMY__ 0.0397424198109591	false	1.0
schmierig	off 1.0		neg 0.5026812219608804 off 0.45781293769715736 __DUMMY__ 0.03950584034196221	false	0.5
unpraktisch	neg 1.0		neg 0.5108169519961483 off 0.4492435304040989 __DUMMY__ 0.03993951759975276	false	1.0
wixxer	off 1.0		neg 0.5002562619103706 off 0.4608873712016711 __DUMMY__ 0.038856366887958294	false	0.5
bezeichnet			neg 0.5149015430185828 off 0.44532667259125236 __DUMMY__ 0.03977178439016477	false	0.0
jammerlappen	off 1.0		neg 0.5067773272260707 off 0.453368405109654 __DUMMY__ 0.03985426766427532	false	0.5
farce	neg 1.0		neg 0.5168412236194572 off 0.4432932243956991 __DUMMY__ 0.03986555198484368	false	1.0
zwecklos	neg 1.0		neg 0.516201975515126 off 0.44386398771997976 __DUMMY__ 0.039934036764894335	false	1.0
turbulent	neg 1.0		neg 0.5085925747485862 off 0.4519370686948497 __DUMMY__ 0.039470356556563994	false	1.0
invasion	neg 1.0		neg 0.5110907424235552 off 0.44904701327595964 __DUMMY__ 0.039862244300485086	false	1.0
schuld	neg 1.0		neg 0.512654950132346 off 0.4475073941485611 __DUMMY__ 0.03983765571909298	false	1.0
risiko	neg 1.0	neg 1.0	neg 0.7417673673032735 off 0.23917897357523227 __DUMMY__ 0.019053659121494287	false	1.0
finster	neg 1.0		neg 0.5131446216002346 off 0.4471180166451061 __DUMMY__ 0.039737361754659487	false	1.0
geisteskrank	off 1.0		neg 0.5080702363573425 off 0.45245752798675626 __DUMMY__ 0.03947223565590123	false	0.5
zusammenbrechen	neg 1.0		neg 0.5145181341546212 off 0.44540460120762376 __DUMMY__ 0.040077264637755086	false	1.0
ausbeute	neg 1.0		neg 0.5106350108212208 off 0.44869296875191267 __DUMMY__ 0.040672020426866476	false	1.0
hinterhalt	neg 1.0		neg 0.5143899721648039 off 0.44550915182906237 __DUMMY__ 0.040100876006133726	false	1.0
kritik	neg 1.0		neg 0.5172773303083319 off 0.44287078623709963 __DUMMY__ 0.03985188345456858	false	1.0
einschrumpfen	neg 1.0		neg 0.5110587832859673 off 0.44935323010158 __DUMMY__ 0.03958798661245277	false	1.0
riskant	neg 1.0		neg 0.5187457845684375 off 0.44122776215049386 __DUMMY__ 0.04002645328106884	false	1.0
frustrieren	neg 1.0		neg 0.5170237628471755 off 0.44291368136274756 __DUMMY__ 0.04006255579007685	false	1.0
groll	neg 1.0		neg 0.5168213425846915 off 0.44323858073411276 __DUMMY__ 0.039940076681195785	false	1.0
gibt			neg 0.5138429821738292 off 0.44602517126339714 __DUMMY__ 0.04013184656277387	false	0.0
qualvoll	neg 1.0		neg 0.5103566518153235 off 0.44986340066619607 __DUMMY__ 0.03977994751848033	false	1.0
wackeln	neg 1.0		neg 0.5106958588191393 off 0.4492365878718035 __DUMMY__ 0.04006755330905732	false	1.0
klagen	neg 1.0		neg 0.5204591028473325 off 0.43929765388452974 __DUMMY__ 0.040243243268137684	false	1.0
bankrott	neg 1.0		neg 0.507560742932289 off 0.4525686930906233 __DUMMY__ 0.039870563977087735	false	1.0
trauern	neg 1.0		neg 0.5171676278075441 off 0.44269619504658575 __DUMMY__ 0.040136177145870165	false	1.0
ablehnung	neg 1.0		neg 0.5171443135197606 off 0.4429547474602025 __DUMMY__ 0.039900939020036844	false	1.0
stur	neg 1.0		neg 0.5121691887682696 off 0.44797490840754134 __DUMMY__ 0.039855902824189084	false	1.0
aufruhr	neg 1.0	neg 1.0	neg 0.7440486563169163 off 0.23696020612654387 __DUMMY__ 0.018991137556539875	false	1.0
melancholie	neg 1.0		neg 0.5165912280584907 off 0.44336086999232155 __DUMMY__ 0.04004790194918781	false	1.0
ist			neg 0.5103751296763408 off 0.4496905012155146 __DUMMY__ 0.03993436910814466	false	0.0
torheit	neg 1.0		neg 0.5126348539436213 off 0.44740687893736414 __DUMMY__ 0.039958267119014595	false	1.0
dreckskind	off 1.0		neg 0.5047486533619298 off 0.4561773942804347 __DUMMY__ 0.03907395235763545	false	0.5
umtauschen	neg 1.0		neg 0.5128944531015774 off 0.44710396300783745 __DUMMY__ 0.040001583890585085	false	1.0
zum			neg 0.5184502739272305 off 0.44080230264369097 __DUMMY__ 0.04074742342907855	false	0.0
zersetzen	neg 1.0		neg 0.519955603103244 off 0.4400213927560411 __DUMMY__ 0.040023004140715086	false	1.0
zur			neg 0.5216386425771314 off 0.43781645971806427 __DUMMY__ 0.04054489770480423	false	0.0
frust	neg 1.0		neg 0.5142213709436629 off 0.4456680990189758 __DUMMY__ 0.04011053003736116	false	1.0
unerbittlichkeit	neg 1.0		neg 0.519456517428935 off 0.44046476626549536 __DUMMY__ 0.04007871630556982	false	1.0
zwei			neg 0.5183538972105547 off 0.44104108409550985 __DUMMY__ 0.04060501869393554	false	0.0
unkorrekt	neg 1.0		neg 0.5040301240472052 off 0.4563203872426756 __DUMMY__ 0.039649488710119245	false	1.0
hexe	off 1.0		neg 0.5121747767849324 off 0.44852764400457296 __DUMMY__ 0.03929757921049464	false	0.5
lasch	neg 1.0		neg 0.5101804128495785 off 0.45015232567986546 __DUMMY__ 0.03966726147055597	false	1.0
rivale	neg 1.0		neg 0.5064193059258337 off 0.45402429693892254 __DUMMY__ 0.039556397135243795	false	1.0
mutlos	off 1.0	off 1.0	off 0.7047489402162019 neg 0.2762586720113037 __DUMMY__ 0.01899238777249442	false	1.0
wirr	off 1.0		neg 0.5057971240853122 off 0.4548299191031868 __DUMMY__ 0.03937295681150102	false	0.5
jahr			neg 0.5129691852286324 off 0.44626706395597127 __DUMMY__ 0.04076375081539633	false	0.0
wird			neg 0.5156086543385964 off 0.4442737076417002 __DUMMY__ 0.040117638019703326	false	0.0
strafbar	neg 1.0		neg 0.5169560461781363 off 0.44291533863307064 __DUMMY__ 0.04012861518879297	false	1.0
erosion	neg 1.0		neg 0.5115327229345544 off 0.44836609774659797 __DUMMY__ 0.04010117931884752	false	1.0
eingehen	neg 1.0		neg 0.5174957225725243 off 0.4424547797955198 __DUMMY__ 0.040049497631956	false	1.0
faul	off 1.0		neg 0.5078791754461025 off 0.4522855905303939 __DUMMY__ 0.039835234023503745	false	0.5
provisorium	neg 1.0		neg 0.5207649442554512 off 0.43834103595026847 __DUMMY__ 0.04089401979428036	false	1.0
schmerzen	neg 1.0		neg 0.515112717456434 off 0.44500366895495985 __DUMMY__ 0.03988361358860612	false	1.0
schrumpfen	neg 1.0		neg 0.523857737944424 off 0.4358628391204067 __DUMMY__ 0.0402794229351692	false	1.0
geistlos	off 1.0		neg 0.5131419200081472 off 0.44729791651449874 __DUMMY__ 0.03956016347735425	false	0.5
fehlkauf	neg 1.0		neg 0.5117037753648541 off 0.4484577597519886 __DUMMY__ 0.03983846488315722	false	1.0
frustrierend	neg 1.0		neg 0.5083478057708571 off 0.45181070914755617 __DUMMY__ 0.03984148508158666	false	1.0
unzufrieden	neg 1.0		neg 0.5160120137722534 off 0.44399475617633594 __DUMMY__ 0.03999323005141066	false	1.0
verzweifeln	neg 1.0		neg 0.5138268067766079 off 0.4461541962426806 __DUMMY__ 0.04001899698071147	false	1.0
verzweifelt	neg 1.0	neg 1.0	neg 0.743271662054398 off 0.2378560584636285 __DUMMY__ 0.018872279481973408	false	1.0
misstrauensantrag	neg 1.0		neg 0.5112366939696416 off 0.448939659055872 __DUMMY__ 0.03982364697448634	false	1.0
abfallen	neg 1.0		neg 0.5105590594891416 off 0.4493779858116986 __DUMMY__ 0.040062954699159804	false	1.0
fucker	off 1.0		neg 0.5050159269029446 off 0.45535153486558755 __DUMMY__ 0.03963253823146791	false	0.5
ungezogen	neg 1.0		neg 0.49876788235579267 off 0.46208584224081595 __DUMMY__ 0.03914627540339134	false	1.0
irrsinnig	neg 1.0	neg 1.0	neg 0.742950235104712 off 0.23814387568694037 __DUMMY__ 0.018905889208347623	false	1.0
unfassbar	neg 1.0		neg 0.505697960619399 off 0.45451208430030404 __DUMMY__ 0.03978995508029706	false	1.0
hart	neg 1.0		neg 0.5094666179883408 off 0.4510263646799635 __DUMMY__ 0.03950701733169585	false	1.0
widerlich	off 1.0		neg 0.5069391939552134 off 0.45348189125300054 __DUMMY__ 0.03957891479178595	false	0.5
fatal	neg 1.0		neg 0.5109629675862083 off 0.4492001391357166 __DUMMY__ 0.03983689327807511	false	1.0
bruch	neg 1.0		neg 0.5198366712685021 off 0.4399070160839495 __DUMMY__ 0.040256312647548434	false	1.0
aushungern	neg 1.0		neg 0.5153841422821249 off 0.444584883397197 __DUMMY__ 0.040030974320678064	false	1.0
anspannung	neg 1.0		neg 0.5210947277456306 off 0.4384007328676473 __DUMMY__ 0.040504539386722126	false	1.0
von			neg 0.5119163032729711 off 0.4472167107218155 __DUMMY__ 0.04086698600521339	false	0.0
kraftlos	neg 1.0		neg 0.5149247773080806 off 0.4449640038685592 __DUMMY__ 0.04011121882336023	false	1.0
vom			neg 0.5199447072747909 off 0.43914459617432644 __DUMMY__ 0.04091069655088275	false	0.0
grenzdebil	off 1.0		neg 0.5054292598911112 off 0.4548034501793455 __DUMMY__ 0.03976728992954315	false	0.5
vor			neg 0.5176255174570693 off 0.4419964993841688 __DUMMY__ 0.04037798315876195	false	0.0
unterwerfen	neg 1.0		neg 0.5173778528526531 off 0.4425705972935137 __DUMMY__ 0.04005154985383321	false	1.0
versenkung	neg 1.0		neg 0.5151044218644317 off 0.44463719156538717 __DUMMY__ 0.04025838657018108	false	1.0
entziehen	neg 1.0		neg 0.5199061028367049 off 0.4398679329321811 __DUMMY__ 0.04022596423111395	false	1.0
finanzkrise	neg 1.0		neg 0.5173809254515466 off 0.4429018465519662 __DUMMY__ 0.03971722799648719	false	1.0
schimpfend	neg 1.0		neg 0.5113430435182649 off 0.44882919554140077 __DUMMY__ 0.039827760940334314	false	1.0
profan	neg 1.0		neg 0.5104999894452933 off 0.4496977711595357 __DUMMY__ 0.03980223939517084	false	1.0
korruption	neg 1.0		neg 0.5176489202157889 off 0.4423882434361241 __DUMMY__ 0.03996283634808699	false	1.0
â			neg 0.5151027653904287 off 0.444724940628235 __DUMMY__ 0.04017229398133633	false	0.0
schmutzig	neg 1.0		neg 0.5048327578775176 off 0.4554006388384375 __DUMMY__ 0.03976660328404492	false	1.0
sexy	neg 1.0		neg 0.5086428304880329 off 0.451488781547736 __DUMMY__ 0.0398683879642311	false	1.0
abraten	neg 1.0		neg 0.5095373360178705 off 0.4504771456773688 __DUMMY__ 0.03998551830476065	false	1.0
schwarz	neg 1.0		neg 0.511746422247466 off 0.4483954779820579 __DUMMY__ 0.039858099770476	false	1.0
fotze	off 1.0	off 1.0	off 0.7066177933766636 neg 0.2743396744746791 __DUMMY__ 0.01904253214865731	false	1.0
verwirren	neg 1.0		neg 0.5093370455177466 off 0.45080741550156445 __DUMMY__ 0.03985553898068878	false	1.0
zahnlos	off 1.0		neg 0.5151826327009582 off 0.4448503188602766 __DUMMY__ 0.03996704843876529	false	0.5
verheeren	neg 1.0		neg 0.4977367061545949 off 0.4631667060586014 __DUMMY__ 0.039096587786803715	false	1.0
hippie	neg 1.0		neg 0.5094193820094046 off 0.45073342567427316 __DUMMY__ 0.03984719231632232	false	1.0
rammen	neg 1.0		neg 0.5156627396671569 off 0.44483835828347396 __DUMMY__ 0.03949890204936904	false	1.0
unlauter	neg 1.0		neg 0.5134818417641631 off 0.446747408059394 __DUMMY__ 0.03977075017644284	false	1.0
unheilvoll	neg 1.0		neg 0.5121850324486459 off 0.4480385230714547 __DUMMY__ 0.03977644447989931	false	1.0
niedrig	neg 1.0		neg 0.5197570471315487 off 0.44027999233640136 __DUMMY__ 0.03996296053205013	false	1.0
explosion	neg 1.0		neg 0.5093723832645256 off 0.450720996358824 __DUMMY__ 0.03990662037665029	false	1.0
weichei	off 1.0	off 1.0	off 0.7136441257725817 neg 0.2677234102601169 __DUMMY__ 0.01863246396730129	false	1.0
minusmensch	off 1.0		neg 0.5047275552579579 off 0.45648379971019526 __DUMMY__ 0.03878864503184688	false	0.5
farblos	neg 1.0		neg 0.515012155892419 off 0.4451605904140445 __DUMMY__ 0.03982725369353656	false	1.0
unwissend	neg 1.0	neg 1.0	neg 0.7403473775325295 off 0.24080026649041247 __DUMMY__ 0.018852355977057818	false	1.0
traurig	neg 1.0		neg 0.5032448819818995 off 0.457073574316079 __DUMMY__ 0.03968154370202166	false	1.0
senkung	neg 1.0		neg 0.5118082715092035 off 0.44850883751555454 __DUMMY__ 0.039682890975242	false	1.0
ungleich	neg 1.0	neg 1.0	neg 0.7457579180887686 off 0.23516539258512573 __DUMMY__ 0.019076689326105685	false	1.0
heikel	neg 1.0		neg 0.5180107282617916 off 0.441897147985304 __DUMMY__ 0.04009212375290429	false	1.0
drosselung	neg 1.0		neg 0.5075804406785671 off 0.45283196122166625 __DUMMY__ 0.03958759809976664	false	1.0
falsch	neg 1.0		neg 0.5082365614280705 off 0.451947894724202 __DUMMY__ 0.03981554384772762	false	1.0
unzufriedenheit	neg 1.0		neg 0.5196111097045573 off 0.4402318781805565 __DUMMY__ 0.04015701211488616	false	1.0
kurz	neg 1.0		neg 0.5116414584389684 off 0.44806547148602127 __DUMMY__ 0.04029307007501034	false	1.0
unsinnig	neg 1.0		neg 0.5148193922479518 off 0.44521828572282673 __DUMMY__ 0.039962322029221405	false	1.0
penner	off 1.0	off 1.0	off 0.7146034912396635 neg 0.26678236671196504 __DUMMY__ 0.01861414204837154	false	1.0
seicht	neg 1.0		neg 0.49939539203534794 off 0.46144847852390597 __DUMMY__ 0.039156129440746194	false	1.0
dummheit	off 1.0	off 1.0	off 0.7086584649937221 neg 0.272542292364788 __DUMMY__ 0.018799242641489904	false	1.0
unerfreulich	neg 1.0		neg 0.5174871549846494 off 0.4422598813068293 __DUMMY__ 0.04025296370852134	false	1.0
motherfucker	off 1.0	off 1.0	off 0.7116875600653203 neg 0.2695289347236238 __DUMMY__ 0.01878350521105581	false	1.0
pikiert	neg 1.0		neg 0.50838051200432 off 0.4520624523548408 __DUMMY__ 0.03955703564083922	false	1.0
wrack	neg 1.0		neg 0.5168436648557203 off 0.4432334075489099 __DUMMY__ 0.03992292759536979	false	1.0
gangster	neg 1.0		neg 0.5093934676318267 off 0.45076666021433265 __DUMMY__ 0.039839872153840605	false	1.0
krank	neg 1.0		neg 0.5046769685428449 off 0.4554927361729555 __DUMMY__ 0.0398302952841994	false	1.0
reich	neg 1.0		neg 0.5078329474905577 off 0.4524433521867287 __DUMMY__ 0.03972370032271365	false	1.0
gnadenlos	neg 1.0		neg 0.5124957215198019 off 0.44765752101838757 __DUMMY__ 0.03984675746181052	false	1.0
niedergeschlagen	neg 1.0		neg 0.5143459149482371 off 0.4456219865512302 __DUMMY__ 0.040032098500532555	false	1.0
terrorisieren	off 1.0	off 1.0	off 0.7056880350336645 neg 0.27523852431496204 __DUMMY__ 0.019073440651373497	false	1.0
sinnlosigkeit	neg 1.0		neg 0.5155731473379824 off 0.44443002580333685 __DUMMY__ 0.03999682685868057	false	1.0
behindern	neg 1.0		neg 0.5139300395168277 off 0.44609070158404635 __DUMMY__ 0.03997925889912607	false	1.0
undemokratisch	neg 1.0		neg 0.5125477647530223 off 0.447567892281909 __DUMMY__ 0.03988434296506867	false	1.0
wirtschaftskrise	neg 1.0		neg 0.5190448735454222 off 0.4410961061260362 __DUMMY__ 0.03985902032854157	false	1.0
neid	neg 1.0		neg 0.5066458233304704 off 0.4533689280076499 __DUMMY__ 0.039985248661879594	false	1.0
rutschen	neg 1.0		neg 0.5182762158597611 off 0.4410943822101308 __DUMMY__ 0.040629401930108104	false	1.0
rezession	neg 1.0		neg 0.5085905722868606 off 0.4522746952608048 __DUMMY__ 0.03913473245233465	false	1.0
fehlgeburt	neg 1.0		neg 0.5113240440724897 off 0.4488043634780622 __DUMMY__ 0.039871592449448115	false	1.0
charakterschwach	off 1.0		neg 0.5072257349595484 off 0.4531921109251583 __DUMMY__ 0.03958215411529326	false	0.5
isolation	neg 1.0		neg 0.5086761817167403 off 0.45147373864332696 __DUMMY__ 0.03985007963993289	false	1.0
ablenkung	neg 1.0		neg 0.5111272695219677 off 0.4487534192638738 __DUMMY__ 0.040119311214158467	false	1.0
pech	neg 1.0		neg 0.5082107189851445 off 0.45193302931802454 __DUMMY__ 0.03985625169683095	false	1.0
vermeidung	neg 1.0		neg 0.5069623669454653 off 0.4534085895859443 __DUMMY__ 0.039629043468590426	false	1.0
dominieren	neg 1.0		neg 0.5174143637563078 off 0.44250529887754236 __DUMMY__ 0.04008033736614979	false	1.0
schwindlig	neg 1.0		neg 0.5097028318548252 off 0.4503554673126122 __DUMMY__ 0.03994170083256248	false	1.0
lutscher	neg 1.0	neg 1.0	neg 0.7358142053407607 off 0.24565425091105772 __DUMMY__ 0.018531543748181573	false	1.0
pflicht	neg 1.0		neg 0.5192128750484793 off 0.4406417180927022 __DUMMY__ 0.04014540685881841	false	1.0
faschist	off 1.0		neg 0.5096835401487656 off 0.4505042238841675 __DUMMY__ 0.039812235967066865	false	0.5
verschleudern	neg 1.0		neg 0.517941122741666 off 0.44194182107205376 __DUMMY__ 0.04011705618628031	false	1.0
wenn			neg 0.5082144135128731 off 0.4519816414314957 __DUMMY__ 0.03980394505563109	false	0.0
ehebruch	neg 1.0		neg 0.5172797168747982 off 0.44271615094302597 __DUMMY__ 0.04000413218217578	false	1.0
spott	off 1.0		neg 0.5175397124766765 off 0.44241962456196227 __DUMMY__ 0.04004066296136132	false	0.5
trostlosigkeit	neg 1.0		neg 0.5202056703347793 off 0.43965182820463006 __DUMMY__ 0.04014250146059072	false	1.0
lutschen	neg 1.0		neg 0.5115419776743593 off 0.44887987239864524 __DUMMY__ 0.03957814992699543	false	1.0
undiszipliniert	neg 1.0		neg 0.504630457726502 off 0.4557513246180607 __DUMMY__ 0.03961821765543733	false	1.0
kopfschmerz	neg 1.0		neg 0.5174531798810219 off 0.44273633185793915 __DUMMY__ 0.039810488261038994	false	1.0
unvorhergesehen	neg 1.0		neg 0.5152624482454689 off 0.44434469553416384 __DUMMY__ 0.04039285622036736	false	1.0
desinteressiert	neg 1.0	neg 1.0	neg 0.7392230709636795 off 0.24198916421069125 __DUMMY__ 0.018787764825629372	false	1.0
armselig	off 1.0		neg 0.5052502020179154 off 0.4552797282593472 __DUMMY__ 0.03947006972273753	false	0.5
desaster	neg 1.0		neg 0.5205254099211768 off 0.4392026012075676 __DUMMY__ 0.040271988871255646	false	1.0
tod	neg 1.0		neg 0.5171165302746068 off 0.442884616055918 __DUMMY__ 0.039998853669475073	false	1.0
herzlos	neg 1.0		neg 0.5044448417550487 off 0.45600041943259856 __DUMMY__ 0.0395547388123528	false	1.0
unwissenheit	neg 1.0		neg 0.5165138543860128 off 0.4435308342604371 __DUMMY__ 0.03995531135355001	false	1.0
widersinnig	neg 1.0		neg 0.5173931615372227 off 0.4427513247124987 __DUMMY__ 0.03985551375027867	false	1.0
bedenklich	neg 1.0		neg 0.5169865783258674 off 0.44298371540380316 __DUMMY__ 0.04002970627032944	false	1.0
beanstanden	neg 1.0		neg 0.5188110094767874 off 0.44095986141504795 __DUMMY__ 0.04022912910816461	false	1.0
panisch	neg 1.0	neg 1.0	neg 0.7405563300792704 off 0.24039576826605366 __DUMMY__ 0.019047901654676045	false	1.0
debil	off 1.0		neg 0.523650879003093 off 0.43582875776863966 __DUMMY__ 0.04052036322826726	false	0.5
abstrich	neg 1.0		neg 0.5117538333080051 off 0.4480344868344612 __DUMMY__ 0.040211679857533704	false	1.0
primitiv	neg 1.0		neg 0.5065590123951551 off 0.45385454906330885 __DUMMY__ 0.039586438541536165	false	1.0
abschaum	off 1.0	off 1.0	off 0.7104427838377914 neg 0.27075957287940855 __DUMMY__ 0.018797643282800123	false	1.0
provozieren	neg 1.0		neg 0.5134028233564841 off 0.4468176724477252 __DUMMY__ 0.039779504195790655	false	1.0
tot	neg 1.0		neg 0.5164428642548639 off 0.4435719085432829 __DUMMY__ 0.03998522720185315	false	1.0
instabil	neg 1.0		neg 0.505933072727914 off 0.4545793912151294 __DUMMY__ 0.03948753605695672	false	1.0
schwuchtel	off 1.0	off 1.0	off 0.7168428734836773 neg 0.26477949673452145 __DUMMY__ 0.018377629781801276	false	1.0
zerren	neg 1.0		neg 0.51506644037456 off 0.44489231925343903 __DUMMY__ 0.040041240372001	false	1.0
kinderficker	off 1.0		neg 0.5018799048143694 off 0.45868137475570747 __DUMMY__ 0.03943872042992308	false	0.5
gefahr	neg 1.0		neg 0.5189912729402328 off 0.440763702706486 __DUMMY__ 0.04024502435328123	false	1.0
rabiat	neg 1.0		neg 0.5126902185849105 off 0.4473408480958227 __DUMMY__ 0.03996893331926688	false	1.0
verlangsamung	neg 1.0		neg 0.5038331432341835 off 0.4571315831938706 __DUMMY__ 0.03903527357194582	false	1.0
ausgestorben	neg 1.0		neg 0.5124469719665149 off 0.44751494865229074 __DUMMY__ 0.04003807938119436	false	1.0
anklagen	neg 1.0		neg 0.5174305786752048 off 0.4426131477918607 __DUMMY__ 0.03995627353293461	false	1.0
trott	neg 1.0		neg 0.5134540358432619 off 0.4465665603841943 __DUMMY__ 0.039979403772543956	false	1.0
verminderung	neg 1.0		neg 0.506045802483342 off 0.4542996354514823 __DUMMY__ 0.03965456206517577	false	1.0
nach			neg 0.519361263375017 off 0.43994487855702735 __DUMMY__ 0.04069385806795571	false	0.0
rost	neg 1.0		neg 0.5026731480531502 off 0.45802140138703995 __DUMMY__ 0.03930545055980969	false	1.0
destruktiv	neg 1.0		neg 0.5138961806606956 off 0.44620616575576305 __DUMMY__ 0.03989765358354112	false	1.0
unzumutbarkeit	neg 1.0		neg 0.5076727127626253 off 0.4526315541865213 __DUMMY__ 0.039695733050853436	false	1.0
labil	off 1.0	off 1.0	off 0.7101040484700796 neg 0.27106615398665423 __DUMMY__ 0.018829797543266327	false	1.0
ziemlich	neg 1.0		neg 0.5052838071400738 off 0.4548679114817196 __DUMMY__ 0.03984828137820653	false	1.0
lachnummer	off 1.0		neg 0.5132594969447775 off 0.4468676210989573 __DUMMY__ 0.0398728819562651	false	0.5
oder			neg 0.5103458770713225 off 0.44957074594574764 __DUMMY__ 0.040083376982929846	false	0.0
verfall	neg 1.0		neg 0.5232439788272379 off 0.43642604230842136 __DUMMY__ 0.04032997886434073	false	1.0
ausgrenzung	neg 1.0		neg 0.5121154873739985 off 0.44804052967609853 __DUMMY__ 0.03984398294990293	false	1.0
unordnung	neg 1.0		neg 0.5039731954339001 off 0.45631556897620124 __DUMMY__ 0.03971123558989861	false	1.0
fehlverhalten	neg 1.0		neg 0.5197116352949852 off 0.44027374393042057 __DUMMY__ 0.04001462077459419	false	1.0
eine			neg 0.5168417545169279 off 0.44279608876710674 __DUMMY__ 0.0403621567159652	false	0.0
nille	neg 1.0		neg 0.5131920381519895 off 0.4467842310462084 __DUMMY__ 0.040023730801802174	false	1.0
qual	neg 1.0		neg 0.5137408812847624 off 0.44625169107983176 __DUMMY__ 0.04000742763540577	false	1.0
verschwenden	neg 1.0		neg 0.5180081081147874 off 0.4419780252751133 __DUMMY__ 0.040013866610099445	false	1.0
riesig	neg 1.0		neg 0.5166125725454342 off 0.4432912302464923 __DUMMY__ 0.04009619720807343	false	1.0
verurteilen	neg 1.0		neg 0.5174022916272297 off 0.44271232758190987 __DUMMY__ 0.039885380790860354	false	1.0
klischee	neg 1.0	neg 1.0	neg 0.7414880113939699 off 0.23966487030130654 __DUMMY__ 0.018847118304723447	false	1.0
diktatorisch	neg 1.0		neg 0.5132501290955179 off 0.44695359762359405 __DUMMY__ 0.03979627328088789	false	1.0
vorhersehbar	neg 1.0		neg 0.5106872067228331 off 0.44959996416398385 __DUMMY__ 0.03971282911318318	false	1.0
sowie			neg 0.5043573505240153 off 0.45635544675651113 __DUMMY__ 0.03928720271947346	false	0.0
stornieren	neg 1.0		neg 0.5064523291726115 off 0.45323369429413907 __DUMMY__ 0.040313976533249314	false	1.0
besteuerung	neg 1.0		neg 0.5158252785551143 off 0.4445762731524715 __DUMMY__ 0.03959844829241427	false	1.0
ungeschminkt	neg 1.0		neg 0.5101372665263418 off 0.4505757841739903 __DUMMY__ 0.03928694929966797	false	1.0
kritisch	neg 1.0		neg 0.5168337469564144 off 0.44308217556480245 __DUMMY__ 0.04008407747878311	false	1.0
schlamperei	off 1.0		neg 0.517927748814191 off 0.4418991230954737 __DUMMY__ 0.04017312809033516	false	0.5
sucht	neg 1.0	neg 1.0	neg 0.7411416955251168 off 0.23971633603526912 __DUMMY__ 0.01914196843961411	false	1.0
egoistisch	off 1.0		neg 0.5025263636320274 off 0.45813633782936986 __DUMMY__ 0.03933729853860275	false	0.5
ausbeuter	off 1.0		neg 0.5202057108412166 off 0.43982942507732403 __DUMMY__ 0.03996486408145936	false	0.5
arschgeburt	off 1.0		neg 0.4988239207574735 off 0.4625056170898496 __DUMMY__ 0.038670462152676846	false	0.5
schubs	neg 1.0		neg 0.5144732608516811 off 0.4454592470965997 __DUMMY__ 0.04006749205171931	false	1.0
unsolide	neg 1.0		neg 0.5130237836378778 off 0.447261189003787 __DUMMY__ 0.03971502735833519	false	1.0
beschwerde	neg 1.0		neg 0.5185801176580856 off 0.441420421163312 __DUMMY__ 0.03999946117860222	false	1.0
stocken	neg 1.0		neg 0.5184526915519213 off 0.4414682357521853 __DUMMY__ 0.04007907269589335	false	1.0
isolieren	neg 1.0		neg 0.516082383757677 off 0.44383365795951424 __DUMMY__ 0.04008395828280872	false	1.0
unheilbar	neg 1.0		neg 0.5123151495282682 off 0.4477037081488646 __DUMMY__ 0.03998114232286711	false	1.0
pisser	off 1.0		neg 0.5076448449668272 off 0.45303274940299326 __DUMMY__ 0.0393224056301796	false	0.5
löschen	neg 1.0		neg 0.5133776149770792 off 0.44667501027550965 __DUMMY__ 0.039947374747410995	false	1.0
durchfallen	neg 1.0		neg 0.5168321262591943 off 0.4431844147825276 __DUMMY__ 0.03998345895827812	false	1.0
wichser	off 1.0	off 1.0	off 0.7161450698235042 neg 0.2653299408245025 __DUMMY__ 0.018524989351993162	false	1.0
terror	neg 1.0		neg 0.5093800556310448 off 0.45074183307516075 __DUMMY__ 0.03987811129379455	false	1.0
krass	neg 1.0		neg 0.5046824261153211 off 0.4558862037170972 __DUMMY__ 0.03943137016758164	false	1.0
revolte	neg 1.0		neg 0.5123854604838656 off 0.44785533219487605 __DUMMY__ 0.0397592073212583	false	1.0
besorgt	neg 1.0		neg 0.5121523468421327 off 0.4475519340580048 __DUMMY__ 0.04029571909986239	false	1.0
nachlassen	neg 1.0		neg 0.5162516579963401 off 0.44347261724273884 __DUMMY__ 0.040275724760921124	false	1.0
alt	neg 1.0		neg 0.5167120894000873 off 0.4433485233080844 __DUMMY__ 0.03993938729182834	false	1.0
hundesohn	off 1.0		neg 0.5003532580740281 off 0.4606257790889379 __DUMMY__ 0.039020962837033955	false	0.5
als			neg 0.5140346212960534 off 0.4458247101655141 __DUMMY__ 0.04014066853843256	false	0.0
abschreckung	neg 1.0		neg 0.5198480841959251 off 0.43998452169687985 __DUMMY__ 0.040167394107195	false	1.0
unqualifiziert	neg 1.0		neg 0.5096751719879692 off 0.45063341968578186 __DUMMY__ 0.0396914083262488	false	1.0
abgewichst	off 1.0		neg 0.5133780596969008 off 0.4465318256652501 __DUMMY__ 0.04009011463784929	false	0.5
schwer	neg 1.0		neg 0.5135948682816722 off 0.44643678931677744 __DUMMY__ 0.039968342401550436	false	1.0
bedeutungslosigkeit	neg 1.0		neg 0.5187300832290551 off 0.44114135195014914 __DUMMY__ 0.0401285648207957	false	1.0
kapitulation	neg 1.0		neg 0.5174925832111885 off 0.44243185779881367 __DUMMY__ 0.04007555898999779	false	1.0
unscharf	neg 1.0		neg 0.5122022947791832 off 0.448144636755008 __DUMMY__ 0.039653068465808884	false	1.0
schwinden	neg 1.0		neg 0.5195025396527644 off 0.440397044012003 __DUMMY__ 0.04010041633523267	false	1.0
versklavung	neg 1.0		neg 0.5134057130333513 off 0.4467531740369509 __DUMMY__ 0.0398411129296978	false	1.0
schlecht	neg 1.0		neg 0.5050227346637329 off 0.4551230360540609 __DUMMY__ 0.03985422928220612	false	1.0
verhasst	neg 1.0		neg 0.5136862570571077 off 0.44663898219988957 __DUMMY__ 0.039674760743002774	false	1.0
beschweren	neg 1.0		neg 0.5101539170333458 off 0.44990908315541 __DUMMY__ 0.03993699981124426	false	1.0
scheiden	neg 1.0		neg 0.5114234604099591 off 0.44846367883085825 __DUMMY__ 0.0401128607591827	false	1.0
frustriert	neg 1.0		neg 0.5148747593896361 off 0.4451558619143826 __DUMMY__ 0.03996937869598139	false	1.0
schimmelig	neg 1.0		neg 0.5189743112859813 off 0.44127269819501214 __DUMMY__ 0.039752990519006666	false	1.0
fisch	neg 1.0		neg 0.5209972262581543 off 0.43904804409741643 __DUMMY__ 0.03995472964442928	false	1.0
schmuggel	neg 1.0		neg 0.5197985997643879 off 0.4402217871657241 __DUMMY__ 0.0399796130698881	false	1.0
auffallen	neg 1.0		neg 0.509517550850981 off 0.4505965201672629 __DUMMY__ 0.03988592898175599	false	1.0
konkurrenz	neg 1.0		neg 0.5188849213453931 off 0.4408141710257416 __DUMMY__ 0.04030090762886534	false	1.0
teufelskreis	neg 1.0	neg 1.0	neg 0.7442491212398508 off 0.23684629438283325 __DUMMY__ 0.018904584377316094	false	1.0
aufschreien	neg 1.0		neg 0.5105994522596548 off 0.4496305665770899 __DUMMY__ 0.03976998116325543	false	1.0
schuldner	neg 1.0		neg 0.5211416203617284 off 0.43888582810677695 __DUMMY__ 0.03997255153149471	false	1.0
missgeburt	off 1.0	off 1.0	off 0.7126181893220045 neg 0.2688936387639786 __DUMMY__ 0.018488171914016784	false	1.0
arbeitslos	neg 1.0		neg 0.5166131254501029 off 0.4434236874993233 __DUMMY__ 0.03996318705057367	false	1.0
befallen	neg 1.0		neg 0.517835308810848 off 0.44242858981147415 __DUMMY__ 0.03973610137767797	false	1.0
miesepetrig	off 1.0	off 1.0	off 0.7115047834005221 neg 0.26960781601259914 __DUMMY__ 0.018887400586878725	false	1.0
alarmieren	neg 1.0		neg 0.5114944525666159 off 0.4490006116233982 __DUMMY__ 0.03950493580998582	false	1.0
ungeduscht	off 1.0		neg 0.510711569041064 off 0.4497447365328042 __DUMMY__ 0.0395436944261318	false	0.5
knappheit	neg 1.0		neg 0.5182209786286609 off 0.4418974990054945 __DUMMY__ 0.03988152236584454	false	1.0
schlange	neg 1.0		neg 0.5089544406166139 off 0.45091738462828695 __DUMMY__ 0.04012817475509914	false	1.0
harsch	neg 1.0		neg 0.5021441508144429 off 0.4582826379166591 __DUMMY__ 0.03957321126889788	false	1.0
lang	neg 1.0		neg 0.5120373148354959 off 0.4480085880437296 __DUMMY__ 0.039954097120774364	false	1.0
ziellos	neg 1.0		neg 0.5149922108115017 off 0.44478289817808564 __DUMMY__ 0.040224891010412774	false	1.0
selbstverliebt	neg 1.0		neg 0.4987798267041658 off 0.46225362874078696 __DUMMY__ 0.0389665445550471	false	1.0
beseitigen	neg 1.0		neg 0.5144436141173757 off 0.44551877590928773 __DUMMY__ 0.0400376099733366	false	1.0
dumm	off 1.0		neg 0.5010299176976794 off 0.459587361392481 __DUMMY__ 0.03938272090983959	false	0.5
arbeitsloser	neg 1.0		neg 0.5144729108435909 off 0.4453462689524258 __DUMMY__ 0.04018082020398325	false	1.0
blitzen	neg 1.0		neg 0.50929671506709 off 0.4508340377388091 __DUMMY__ 0.039869247194100836	false	1.0
hilflos	neg 1.0		neg 0.5159506768092387 off 0.4441184034602149 __DUMMY__ 0.03993091973054649	false	1.0
eklig	off 1.0		neg 0.5028615049745204 off 0.4580180362995371 __DUMMY__ 0.03912045872594251	false	0.5
begriff			neg 0.5134153162122392 off 0.44657468789327226 __DUMMY__ 0.040009995894488365	false	0.0
hungersnot	neg 1.0		neg 0.5172620974983222 off 0.44280990191609715 __DUMMY__ 0.03992800058558074	false	1.0
ungesetzlich	neg 1.0		neg 0.5141345189948364 off 0.44611803150165674 __DUMMY__ 0.03974744950350684	false	1.0
verschwendung	neg 1.0		neg 0.5179411270084733 off 0.44196194999678473 __DUMMY__ 0.04009692299474196	false	1.0
schmerzvoll	neg 1.0		neg 0.5113556172918865 off 0.44877717758742447 __DUMMY__ 0.039867205120689156	false	1.0
vorzeitig	neg 1.0		neg 0.5114079608837678 off 0.44886807082676405 __DUMMY__ 0.03972396828946823	false	1.0
unvollkommenheit	neg 1.0		neg 0.5139353504939658 off 0.44578588723810386 __DUMMY__ 0.04027876226793044	false	1.0
intervenieren	neg 1.0		neg 0.5188750307497592 off 0.4410886050385675 __DUMMY__ 0.04003636421167351	false	1.0
banause	off 1.0		neg 0.5018012633718492 off 0.45933080139671395 __DUMMY__ 0.038867935231437105	false	0.5
rebell	neg 1.0		neg 0.522655204121153 off 0.43719475129411317 __DUMMY__ 0.04015004458473383	false	1.0
unlogisch	neg 1.0		neg 0.5051004082869923 off 0.45538933062526193 __DUMMY__ 0.03951026108774562	false	1.0
leiden	neg 1.0		neg 0.5165377930772422 off 0.4431056383021392 __DUMMY__ 0.04035656862061847	false	1.0
abschaffung	neg 1.0		neg 0.5130167586695541 off 0.4470617665883614 __DUMMY__ 0.03992147474208452	false	1.0
sturz	neg 1.0		neg 0.5141609620072932 off 0.44597179715430435 __DUMMY__ 0.03986724083840251	false	1.0
verkleinerung	neg 1.0		neg 0.5120837862597921 off 0.4482876018832263 __DUMMY__ 0.03962861185698166	false	1.0
schmarotzer	off 1.0		neg 0.5159500992973419 off 0.4441356055716514 __DUMMY__ 0.03991429513100668	false	0.5
bestrafung	neg 1.0		neg 0.5126429988974341 off 0.44750366054433505 __DUMMY__ 0.03985334055823087	false	1.0
achtlos	neg 1.0	neg 1.0	neg 0.7432447737228256 off 0.237732546200033 __DUMMY__ 0.019022680077141335	false	1.0
ungeheuer	neg 1.0		neg 0.5106456275473027 off 0.4495150127743782 __DUMMY__ 0.039839359678319024	false	1.0
unaufrichtig	neg 1.0		neg 0.5073822252175179 off 0.45255000876520074 __DUMMY__ 0.04006776601728136	false	1.0
groggy	neg 1.0		neg 0.5101305295013014 off 0.4500523863311406 __DUMMY__ 0.03981708416755786	false	1.0
