unsolidarisch	neg 1.0		__DUMMY__ 0.4508702649018508 neg 0.2948554750690852 off 0.2542742600290639	false	1.0
nachteilig	neg 1.0		__DUMMY__ 0.4548420030895778 neg 0.294918599689256 off 0.2502393972211662	false	1.0
skeptisch	neg 1.0		__DUMMY__ 0.45492048733970747 neg 0.295535242774738 off 0.24954426988555456	false	1.0
schrecklich	neg 1.0		__DUMMY__ 0.4490828754956094 neg 0.28446159418558975 off 0.26645553031880087	false	1.0
schlapp	neg 1.0		__DUMMY__ 0.4510217335006313 neg 0.2871172745182108 off 0.26186099198115803	false	1.0
abfall	neg 1.0		__DUMMY__ 0.4573193773822032 neg 0.2969284258737467 off 0.24575219674405016	false	1.0
widerspenstig	neg 1.0		__DUMMY__ 0.45280523796555905 neg 0.2916747428285471 off 0.25552001920589384	false	1.0
abrupt	neg 1.0		__DUMMY__ 0.45509723538183666 neg 0.29451645807101695 off 0.2503863065471462	false	1.0
unwirksam	neg 1.0		__DUMMY__ 0.45026412350879064 neg 0.29571524716825687 off 0.2540206293229526	false	1.0
angreifen	neg 1.0		__DUMMY__ 0.4535469347498326 neg 0.2976346229516764 off 0.24881844229849104	false	1.0
inkonsistent	neg 1.0		__DUMMY__ 0.44975365901259123 neg 0.2950957116755846 off 0.25515062931182425	false	1.0
abrutschen	neg 1.0		__DUMMY__ 0.4561096725429129 neg 0.29794616436001736 off 0.24594416309706973	false	1.0
unsicher	neg 1.0		__DUMMY__ 0.45479722258889427 neg 0.28922927799926534 off 0.25597349941184044	false	1.0
bauernkind	off 1.0	off 1.0	off 0.6201981240476988 __DUMMY__ 0.21276699824925274 neg 0.16703487770304848	false	1.0
angreifer	neg 1.0	neg 1.0	neg 0.6353331973701709 __DUMMY__ 0.21871853158484453 off 0.14594827104498465	false	1.0
trennen	neg 1.0		__DUMMY__ 0.45653486288794326 neg 0.2938396712613302 off 0.24962546585072662	false	1.0
schmutz	neg 1.0		__DUMMY__ 0.45322764981777686 neg 0.28959500805113036 off 0.25717734213109283	false	1.0
inkonsistenz	neg 1.0		__DUMMY__ 0.4476002875311681 neg 0.29190530904750484 off 0.2604944034213272	false	1.0
erschreckend	neg 1.0		__DUMMY__ 0.45253401139000465 neg 0.2933043046340175 off 0.25416168397597794	false	1.0
ertrinken	neg 1.0		__DUMMY__ 0.4529145896137728 neg 0.29808229592740704 off 0.24900311445882012	false	1.0
pickelface	off 1.0		__DUMMY__ 0.45299809266309154 neg 0.2930672401694671 off 0.2539346671674414	false	0.5
seiner			__DUMMY__ 0.45478425160268504 neg 0.29536926668707963 off 0.24984648171023524	false	0.0
lauch	neg 1.0		__DUMMY__ 0.4560232487426241 neg 0.2975744481055459 off 0.24640230315182984	false	1.0
unwichtig	neg 1.0		__DUMMY__ 0.45018145449048175 neg 0.2888112671920376 off 0.26100727831748066	false	1.0
steuerhinterziehung	neg 1.0	neg 1.0	neg 0.6379802665719096 __DUMMY__ 0.21909466697861324 off 0.14292506644947717	false	1.0
schock	neg 1.0		__DUMMY__ 0.4528715227820314 neg 0.2932210790179303 off 0.2539073982000383	false	1.0
beule	neg 1.0		__DUMMY__ 0.4485419734212769 neg 0.2894029200513221 off 0.26205510652740105	false	1.0
vergelten	neg 1.0		__DUMMY__ 0.4513466773064437 neg 0.28308769270580025 off 0.26556562998775607	false	1.0
verdorbenheit	neg 1.0		__DUMMY__ 0.45432585940881215 neg 0.2891560498974441 off 0.25651809069374387	false	1.0
trauma	neg 1.0		__DUMMY__ 0.4521648306928752 neg 0.2916240094947581 off 0.2562111598123666	false	1.0
sinnlos	neg 1.0		__DUMMY__ 0.45231630383857774 neg 0.28957504887166796 off 0.25810864728975424	false	1.0
fettsack	off 1.0	off 1.0	off 0.6213270730963065 __DUMMY__ 0.2135575031713368 neg 0.1651154237323567	false	1.0
feige	off 1.0	off 1.0	off 0.6180882141486251 __DUMMY__ 0.21639710228669673 neg 0.16551468356467813	false	1.0
abdanken	neg 1.0		__DUMMY__ 0.4523723832612773 neg 0.29357762868753196 off 0.2540499880511907	false	1.0
wichtigtuer	off 1.0	off 1.0	off 0.6167716922561628 __DUMMY__ 0.2178683020626328 neg 0.16536000568120432	false	1.0
misslingen	neg 1.0		__DUMMY__ 0.4571085426549964 neg 0.2854433342011428 off 0.2574481231438607	false	1.0
untreu	off 1.0		__DUMMY__ 0.4502446187916749 neg 0.2880781033114465 off 0.26167727789687856	false	0.5
missmutig	neg 1.0		__DUMMY__ 0.45068416449769977 neg 0.28854139622057 off 0.2607744392817301	false	1.0
hurenbock	off 1.0		__DUMMY__ 0.4513155150226584 neg 0.29175470773662293 off 0.2569297772407186	false	0.5
betrunken	neg 1.0		__DUMMY__ 0.45002723147806584 neg 0.286227169896675 off 0.26374559862525904	false	1.0
korrupt	off 1.0		__DUMMY__ 0.4513157509670162 neg 0.29728007419371105 off 0.2514041748392726	false	0.5
unmut	neg 1.0		__DUMMY__ 0.4565608798818569 neg 0.29718420684945085 off 0.24625491326869228	false	1.0
hackfresse	off 1.0		__DUMMY__ 0.4459552233449179 neg 0.2840017255495286 off 0.2700430511055535	false	0.5
aufblasen	neg 1.0		__DUMMY__ 0.452867278140235 neg 0.2893872833108684 off 0.2577454385488966	false	1.0
gewaltsam	neg 1.0		__DUMMY__ 0.4519503181613588 neg 0.29545631967463865 off 0.2525933621640026	false	1.0
unbeliebtheit	neg 1.0		__DUMMY__ 0.4483807790441617 neg 0.2927361943313309 off 0.2588830266245075	false	1.0
sturheit	neg 1.0		__DUMMY__ 0.45209827996821805 neg 0.2947873605260688 off 0.25311435950571315	false	1.0
kuh	neg 1.0		__DUMMY__ 0.4473664626179074 neg 0.2962412233246561 off 0.25639231405743657	false	1.0
erschrecken	neg 1.0		__DUMMY__ 0.4518319997276701 neg 0.28730545491393794 off 0.26086254535839215	false	1.0
opfer	neg 1.0		__DUMMY__ 0.454098131722396 neg 0.29488588240081487 off 0.25101598587678914	false	1.0
sinken	neg 1.0		__DUMMY__ 0.45628699233616826 neg 0.2968549036428682 off 0.24685810402096361	false	1.0
stinktier	neg 1.0		__DUMMY__ 0.44222725796673795 neg 0.2931727165233782 off 0.264600025509884	false	1.0
tucke	off 1.0		__DUMMY__ 0.44268947080307297 neg 0.28718416541395375 off 0.27012636378297344	false	0.5
ein			__DUMMY__ 0.4523544794923269 neg 0.29119832539418367 off 0.2564471951134894	false	0.0
abstieg	neg 1.0		__DUMMY__ 0.4538367990853833 neg 0.29682081802273974 off 0.24934238289187688	false	1.0
missverstehen	neg 1.0		__DUMMY__ 0.4505628758781001 neg 0.2908298138583832 off 0.2586073102635167	false	1.0
ergebnislos	neg 1.0		__DUMMY__ 0.4545921140832707 neg 0.296152386629265 off 0.24925549928746438	false	1.0
unter			__DUMMY__ 0.46076634379705755 neg 0.2977952440356971 off 0.24143841216724535	false	0.0
manipulieren	neg 1.0		__DUMMY__ 0.45550067931837074 neg 0.29530541842793906 off 0.2491939022536903	false	1.0
unbewiesen	neg 1.0		__DUMMY__ 0.45002575963184527 neg 0.296094391074552 off 0.25387984929360286	false	1.0
verschleppen	neg 1.0		__DUMMY__ 0.45236936243034187 neg 0.29699535881595246 off 0.25063527875370556	false	1.0
weib	off 1.0		__DUMMY__ 0.4409397526324478 neg 0.29023049280108515 off 0.26882975456646707	false	0.5
opposition	neg 1.0		__DUMMY__ 0.4503790141420461 neg 0.29330868748660965 off 0.2563122983713443	false	1.0
verkehrswidrig	neg 1.0		__DUMMY__ 0.45095156102718087 neg 0.28229784476917674 off 0.26675059420364244	false	1.0
inkorrekt	neg 1.0		__DUMMY__ 0.44737190315975406 neg 0.28780218726155193 off 0.264825909578694	false	1.0
vermeiden	neg 1.0	neg 1.0	neg 0.6376799106596555 __DUMMY__ 0.22297749064649913 off 0.1393425986938454	false	1.0
abweichung	neg 1.0	neg 1.0	neg 0.6354217571824158 __DUMMY__ 0.22139188914535823 off 0.143186353672226	false	1.0
alkoholisiert	neg 1.0		__DUMMY__ 0.45529347310789836 neg 0.2946704754290432 off 0.25003605146305846	false	1.0
scheiss	off 1.0	off 1.0	off 0.618553649477323 __DUMMY__ 0.21672729948142758 neg 0.16471905104124931	false	1.0
herausforderung	neg 1.0		__DUMMY__ 0.45650491965886014 neg 0.2933978879122985 off 0.25009719242884154	false	1.0
pervers	off 1.0		__DUMMY__ 0.4429276992698469 neg 0.28370433190455624 off 0.2733679688255969	false	0.5
wackelig	neg 1.0		__DUMMY__ 0.45697368981957504 neg 0.2888046709623596 off 0.25422163921806523	false	1.0
verwickeln	neg 1.0		__DUMMY__ 0.4510000769703522 neg 0.2909539187215405 off 0.2580460043081072	false	1.0
vorwand	neg 1.0		__DUMMY__ 0.45459264458769244 neg 0.29672609606607664 off 0.248681259346231	false	1.0
muschi	off 1.0		__DUMMY__ 0.45302986447903265 neg 0.29281383807750516 off 0.2541562974434622	false	0.5
entmutigung	neg 1.0		__DUMMY__ 0.45153911758490095 neg 0.29219007179433765 off 0.2562708106207613	false	1.0
unangemessen	neg 1.0		__DUMMY__ 0.4520825341637869 neg 0.29502242425324565 off 0.25289504158296755	false	1.0
unstetig	neg 1.0		__DUMMY__ 0.45162133155697626 neg 0.2901328743230482 off 0.2582457941199755	false	1.0
entmutigen	neg 1.0		__DUMMY__ 0.45265932361030714 neg 0.2908400462548032 off 0.2565006301348897	false	1.0
schwanz	neg 1.0		__DUMMY__ 0.4536505630522754 neg 0.2953497044425451 off 0.25099973250517943	false	1.0
verbot	neg 1.0		__DUMMY__ 0.4530832967576158 neg 0.2954217576085605 off 0.2514949456338236	false	1.0
leid	neg 1.0		__DUMMY__ 0.44691831086028927 neg 0.28529584544069364 off 0.26778584369901703	false	1.0
archaisch	neg 1.0		__DUMMY__ 0.4523996319592394 neg 0.2943864815461367 off 0.25321388649462384	false	1.0
gegen			__DUMMY__ 0.45589066846435694 neg 0.297289740326611 off 0.24681959120903205	false	0.0
scheidung	neg 1.0		__DUMMY__ 0.4448023878208048 off 0.2795834926812409 neg 0.2756141194979545	false	0.5
einschlag	neg 1.0		__DUMMY__ 0.4491365837531101 neg 0.28617901557974385 off 0.2646844006671462	false	1.0
m			__DUMMY__ 0.4547680131771144 neg 0.29237897762615334 off 0.25285300919673215	false	0.0
abgestanden	neg 1.0		__DUMMY__ 0.4505816327895116 neg 0.294284881873439 off 0.2551334853370495	false	1.0
schmierig	off 1.0		__DUMMY__ 0.4480093892986716 neg 0.2848144048287145 off 0.26717620587261387	false	0.5
unpraktisch	neg 1.0		__DUMMY__ 0.4525653924236564 neg 0.29014092962823557 off 0.2572936779481081	false	1.0
wixxer	off 1.0		__DUMMY__ 0.4411749390727658 neg 0.28592547904999865 off 0.2728995818772357	false	0.5
bezeichnet			__DUMMY__ 0.45072397409538945 neg 0.2947015911619289 off 0.25457443474268165	false	0.0
jammerlappen	off 1.0		__DUMMY__ 0.4516299883705729 neg 0.28676727587967654 off 0.26160273574975057	false	0.5
farce	neg 1.0		__DUMMY__ 0.4517771591747264 neg 0.2959101393193956 off 0.2523127015058781	false	1.0
zwecklos	neg 1.0		__DUMMY__ 0.45242627290898113 neg 0.2950673407663921 off 0.2525063863246268	false	1.0
turbulent	neg 1.0		__DUMMY__ 0.44775663525335546 neg 0.290353989445076 off 0.26188937530156847	false	1.0
invasion	neg 1.0		__DUMMY__ 0.45169760764895933 neg 0.2907501069728656 off 0.2575522853781752	false	1.0
schuld	neg 1.0		__DUMMY__ 0.45141421932481324 neg 0.29229768804433365 off 0.25628809263085317	false	1.0
risiko	neg 1.0	neg 1.0	neg 0.6341396404755903 __DUMMY__ 0.21992954486096375 off 0.14593081466344576	false	1.0
finster	neg 1.0		__DUMMY__ 0.45047864684351946 neg 0.2933756210472122 off 0.2561457321092684	false	1.0
geisteskrank	off 1.0		__DUMMY__ 0.447591539274799 neg 0.2899431638576753 off 0.2624652968675258	false	0.5
zusammenbrechen	neg 1.0		__DUMMY__ 0.4539455833634844 neg 0.2927851078416908 off 0.2532693087948247	false	1.0
ausbeute	neg 1.0		__DUMMY__ 0.4603921679253536 neg 0.28607742875817277 off 0.2535304033164737	false	1.0
hinterhalt	neg 1.0		__DUMMY__ 0.45439950600008594 neg 0.2924440616841821 off 0.253156432315732	false	1.0
kritik	neg 1.0		__DUMMY__ 0.4516238955202042 neg 0.29638539379525847 off 0.2519907106845374	false	1.0
einschrumpfen	neg 1.0		__DUMMY__ 0.44885198885556565 neg 0.29208267899568124 off 0.2590653321487531	false	1.0
riskant	neg 1.0		__DUMMY__ 0.45339160307286214 neg 0.29696035349559907 off 0.24964804343153876	false	1.0
frustrieren	neg 1.0		__DUMMY__ 0.45378258993429976 neg 0.2951721278057218 off 0.25104528225997846	false	1.0
groll	neg 1.0		__DUMMY__ 0.45251223112149247 neg 0.295579685625903 off 0.25190808325260455	false	1.0
gibt			__DUMMY__ 0.45451435900695614 neg 0.29186190035008586 off 0.25362374064295795	false	0.0
qualvoll	neg 1.0		__DUMMY__ 0.4508869237156085 neg 0.29048373926035503 off 0.2586293370240364	false	1.0
wackeln	neg 1.0		__DUMMY__ 0.4538966145968082 neg 0.289307451552152 off 0.2567959338510398	false	1.0
klagen	neg 1.0		__DUMMY__ 0.4557401499087057 neg 0.29731787356354594 off 0.24694197652774835	false	1.0
bankrott	neg 1.0		__DUMMY__ 0.45182984707180285 neg 0.28746174495946497 off 0.2607084079687321	false	1.0
trauern	neg 1.0		__DUMMY__ 0.45463892554618024 neg 0.2948468877533492 off 0.2505141867004705	false	1.0
ablehnung	neg 1.0		__DUMMY__ 0.45213251131482346 neg 0.2960036715849017 off 0.25186381710027494	false	1.0
stur	neg 1.0		__DUMMY__ 0.4516177279624676 neg 0.29175614232142244 off 0.25662612971611	false	1.0
aufruhr	neg 1.0	neg 1.0	neg 0.6367473268179211 __DUMMY__ 0.21920329514805087 off 0.14404937803402795	false	1.0
melancholie	neg 1.0		__DUMMY__ 0.4537369384729289 neg 0.2949074341183667 off 0.25135562740870426	false	1.0
ist			__DUMMY__ 0.45245506436959076 neg 0.28970686302591897 off 0.25783807260449026	false	0.0
torheit	neg 1.0		__DUMMY__ 0.4527769086454821 neg 0.2915398648309855 off 0.25568322652353226	false	1.0
dreckskind	off 1.0		__DUMMY__ 0.44345644398534234 neg 0.28894981556186666 off 0.2675937404527909	false	0.5
umtauschen	neg 1.0		__DUMMY__ 0.45324418393576243 neg 0.29177354654936677 off 0.2549822695148707	false	1.0
zum			__DUMMY__ 0.4610906359066204 neg 0.2929573708381672 off 0.24595199325521236	false	0.0
zersetzen	neg 1.0		__DUMMY__ 0.4533834111184366 neg 0.29806144140688623 off 0.24855514747467716	false	1.0
zur			__DUMMY__ 0.4589219724125139 neg 0.29689522799567336 off 0.24418279959181266	false	0.0
frust	neg 1.0		__DUMMY__ 0.45429569949726245 neg 0.29231901761361434 off 0.2533852828891231	false	1.0
unerbittlichkeit	neg 1.0		__DUMMY__ 0.45398076326098313 neg 0.2973005970873658 off 0.2487186396516512	false	1.0
zwei			__DUMMY__ 0.45957556512683645 neg 0.29362928388602094 off 0.24679515098714258	false	0.0
unkorrekt	neg 1.0		__DUMMY__ 0.4495618031443461 neg 0.28520412285061286 off 0.265234074005041	false	1.0
hexe	off 1.0		__DUMMY__ 0.44585986668897704 neg 0.294705503160851 off 0.2594346301501721	false	0.5
lasch	neg 1.0		__DUMMY__ 0.4496596331097646 neg 0.2908614036324631 off 0.25947896325777225	false	1.0
rivale	neg 1.0		__DUMMY__ 0.4485867022117709 neg 0.2879630159581869 off 0.2634502818300421	false	1.0
mutlos	off 1.0	off 1.0	off 0.6118683926591745 __DUMMY__ 0.21918206621674016 neg 0.16894954112408533	false	1.0
wirr	off 1.0		__DUMMY__ 0.4466516801175858 neg 0.28831231262839696 off 0.2650360072540172	false	0.5
jahr			__DUMMY__ 0.46131253496393093 neg 0.2877680153476867 off 0.25091944968838237	false	0.0
wird			__DUMMY__ 0.454369001217148 neg 0.2935999236578757 off 0.25203107512497624	false	0.0
strafbar	neg 1.0		__DUMMY__ 0.4545194949656371 neg 0.2946802631519654 off 0.25080024188239763	false	1.0
erosion	neg 1.0		__DUMMY__ 0.4542315485110817 neg 0.2899292294173871 off 0.25583922207153126	false	1.0
eingehen	neg 1.0		__DUMMY__ 0.45364210576794384 neg 0.2956732136600834 off 0.25068468057197263	false	1.0
faul	off 1.0		__DUMMY__ 0.4514849137288908 neg 0.2879557842701626 off 0.26055930200094674	false	0.5
provisorium	neg 1.0		__DUMMY__ 0.4626217642552011 neg 0.29433219176521475 off 0.2430460439795841	false	1.0
schmerzen	neg 1.0		__DUMMY__ 0.45200366830714694 neg 0.29443563825591856 off 0.25356069343693455	false	1.0
schrumpfen	neg 1.0		__DUMMY__ 0.45612465355147547 neg 0.3003092779201551 off 0.24356606852836946	false	1.0
geistlos	off 1.0		__DUMMY__ 0.4485405705820982 neg 0.29410758632527406 off 0.2573518430926277	false	0.5
fehlkauf	neg 1.0		__DUMMY__ 0.451469062277831 neg 0.29139460341106854 off 0.2571363343111004	false	1.0
frustrierend	neg 1.0		__DUMMY__ 0.4514923653503028 neg 0.2883089936265831 off 0.260198641023114	false	1.0
unzufrieden	neg 1.0		__DUMMY__ 0.4530445775442709 neg 0.29458584885343175 off 0.2523695736022972	false	1.0
verzweifeln	neg 1.0		__DUMMY__ 0.453328925669608 neg 0.2924523945552567 off 0.25421867977513535	false	1.0
verzweifelt	neg 1.0	neg 1.0	neg 0.6367173704966005 __DUMMY__ 0.21782730421106766 off 0.1454553252923317	false	1.0
misstrauensantrag	neg 1.0		__DUMMY__ 0.45135071381546704 neg 0.29108361636777347 off 0.2575656698167596	false	1.0
abfallen	neg 1.0		__DUMMY__ 0.4538690722943541 neg 0.2892528416671203 off 0.25687808603852563	false	1.0
fucker	off 1.0		__DUMMY__ 0.4492724427672387 neg 0.2862766733575996 off 0.2644508838751617	false	0.5
ungezogen	neg 1.0		__DUMMY__ 0.4442425372031768 neg 0.2830363879012396 off 0.27272107489558356	false	1.0
irrsinnig	neg 1.0	neg 1.0	neg 0.6362067277674447 __DUMMY__ 0.21820657648106861 off 0.1455866957514866	false	1.0
unfassbar	neg 1.0		__DUMMY__ 0.45095920489167785 neg 0.2861179349275359 off 0.2629228601807864	false	1.0
hart	neg 1.0		__DUMMY__ 0.4480945950757055 neg 0.2910053019944234 off 0.260900102929871	false	1.0
widerlich	off 1.0		__DUMMY__ 0.44873115811987385 neg 0.2883560287661963 off 0.2629128131139298	false	0.5
fatal	neg 1.0		__DUMMY__ 0.45140998509031155 neg 0.29074501669551756 off 0.257844998214171	false	1.0
bruch	neg 1.0		__DUMMY__ 0.4559119984133326 neg 0.2966392439435291 off 0.24744875764313823	false	1.0
aushungern	neg 1.0		__DUMMY__ 0.45353180297302303 neg 0.29364006499579787 off 0.25282813203117915	false	1.0
anspannung	neg 1.0		__DUMMY__ 0.45852166838686087 neg 0.29661272534213484 off 0.2448656062710042	false	1.0
von			__DUMMY__ 0.4624449975184883 neg 0.28618367642649556 off 0.2513713260550163	false	0.0
kraftlos	neg 1.0		__DUMMY__ 0.4543434569145268 neg 0.29299825304039895 off 0.2526582900450743	false	1.0
vom			__DUMMY__ 0.46282759749635777 neg 0.29349381739868996 off 0.24367858510495233	false	0.0
grenzdebil	off 1.0		__DUMMY__ 0.4507339214587536 neg 0.28599261660816394 off 0.26327346193308254	false	0.5
vor			__DUMMY__ 0.4571190688238049 neg 0.29408592790894506 off 0.24879500326725013	false	0.0
unterwerfen	neg 1.0		__DUMMY__ 0.45370370552646655 neg 0.2954998376836882 off 0.2507964567898453	false	1.0
versenkung	neg 1.0		__DUMMY__ 0.4558608677275042 neg 0.2923220148487566 off 0.25181711742373913	false	1.0
entziehen	neg 1.0		__DUMMY__ 0.45551364861095506 neg 0.2969551010110888 off 0.24753125037795606	false	1.0
finanzkrise	neg 1.0		__DUMMY__ 0.4502340649996407 neg 0.29722109390189017 off 0.25254484109846914	false	1.0
schimpfend	neg 1.0		__DUMMY__ 0.45144348088851916 neg 0.2911913189337964 off 0.2573652001776844	false	1.0
profan	neg 1.0		__DUMMY__ 0.4510853206493469 neg 0.29052035276726884 off 0.2583943265833843	false	1.0
korruption	neg 1.0		__DUMMY__ 0.4528011355170056 neg 0.2961530038487372 off 0.2510458606342572	false	1.0
â			__DUMMY__ 0.4549563391669653 neg 0.2928689867324346 off 0.25217467410060007	false	0.0
schmutzig	neg 1.0		__DUMMY__ 0.4507346301580347 neg 0.2854367915303661 off 0.2638285783115991	false	1.0
sexy	neg 1.0		__DUMMY__ 0.4517552738204335 neg 0.2884478936829158 off 0.2597968324966507	false	1.0
abraten	neg 1.0		__DUMMY__ 0.4530333175559795 neg 0.2886773019699589 off 0.2582893804740616	false	1.0
schwarz	neg 1.0		__DUMMY__ 0.4516440444183029 neg 0.2913639243016936 off 0.2569920312800035	false	1.0
fotze	off 1.0	off 1.0	off 0.613435471789055 __DUMMY__ 0.2197739932389363 neg 0.16679053497200869	false	1.0
verwirren	neg 1.0		__DUMMY__ 0.4516290478867462 neg 0.2891479920081938 off 0.2592229601050599	false	1.0
zahnlos	off 1.0		__DUMMY__ 0.4527739113664646 neg 0.29393018222101963 off 0.2532959064125157	false	0.5
verheeren	neg 1.0		__DUMMY__ 0.4437473622575041 neg 0.2822257075746067 off 0.2740269301678892	false	1.0
hippie	neg 1.0		__DUMMY__ 0.4515219389999348 neg 0.2892676331778889 off 0.2592104278221762	false	1.0
rammen	neg 1.0		__DUMMY__ 0.44800320647036074 neg 0.2968901695472498 off 0.25510662398238954	false	1.0
unlauter	neg 1.0		__DUMMY__ 0.4508264525966922 neg 0.2933159857454925 off 0.2558575616578154	false	1.0
unheilvoll	neg 1.0		__DUMMY__ 0.45088457841340085 neg 0.29221963521308636 off 0.2568957863735128	false	1.0
niedrig	neg 1.0		__DUMMY__ 0.4528852347977283 neg 0.2981902595634812 off 0.24892450563879046	false	1.0
explosion	neg 1.0		__DUMMY__ 0.4521839244161416 neg 0.28891796240194306 off 0.25889811318191536	false	1.0
weichei	off 1.0	off 1.0	off 0.6222436495322663 __DUMMY__ 0.21517192369519553 neg 0.16258442677253826	false	1.0
minusmensch	off 1.0		__DUMMY__ 0.440445443622676 neg 0.29031220925988266 off 0.26924234711744127	false	0.5
farblos	neg 1.0		__DUMMY__ 0.4515115627247206 neg 0.2945152906750278 off 0.25397314660025166	false	1.0
unwissend	neg 1.0	neg 1.0	neg 0.6339374095304592 __DUMMY__ 0.2176240243342561 off 0.14843856613528472	false	1.0
traurig	neg 1.0		__DUMMY__ 0.4498388882748072 neg 0.28441171034606194 off 0.2657494013791308	false	1.0
senkung	neg 1.0		__DUMMY__ 0.4498892851451574 neg 0.29231149822982244 off 0.25779921662502014	false	1.0
ungleich	neg 1.0	neg 1.0	neg 0.637996325341499 __DUMMY__ 0.22014038511842776 off 0.14186328954007316	false	1.0
heikel	neg 1.0		__DUMMY__ 0.4540997480813053 neg 0.29592264028478915 off 0.2499776116339055	false	1.0
drosselung	neg 1.0		__DUMMY__ 0.44891931234200955 neg 0.28888809837857365 off 0.26219258927941663	false	1.0
falsch	neg 1.0		__DUMMY__ 0.45122237933539605 neg 0.28834417660674694 off 0.2604334440578569	false	1.0
unzufriedenheit	neg 1.0		__DUMMY__ 0.4547945619997772 neg 0.29702816433856566 off 0.24817727366165707	false	1.0
kurz	neg 1.0		__DUMMY__ 0.4562703290414102 neg 0.28903520726957344 off 0.2546944636890164	false	1.0
unsinnig	neg 1.0		__DUMMY__ 0.45273754552740847 neg 0.2936343819324275 off 0.253628072540164	false	1.0
penner	off 1.0	off 1.0	off 0.623298599815253 __DUMMY__ 0.21495982216504564 neg 0.16174157801970132	false	1.0
seicht	neg 1.0		__DUMMY__ 0.4443139628236996 neg 0.28352168302463754 off 0.27216435415166285	false	1.0
dummheit	off 1.0	off 1.0	off 0.6166034392414593 __DUMMY__ 0.2170091137965988 neg 0.1663874469619418	false	1.0
unerfreulich	neg 1.0		__DUMMY__ 0.4558233513007183 neg 0.29461186580665016 off 0.2495647828926315	false	1.0
motherfucker	off 1.0	off 1.0	off 0.6196754038734741 __DUMMY__ 0.2168428131555007 neg 0.1634817829710252	false	1.0
pikiert	neg 1.0		__DUMMY__ 0.4485037513347781 neg 0.2897953596339881 off 0.26170088903123384	false	1.0
wrack	neg 1.0		__DUMMY__ 0.4524991216475651 neg 0.2956849431460376 off 0.25181593520639733	false	1.0
gangster	neg 1.0		__DUMMY__ 0.4514506105686579 neg 0.2892893668609624 off 0.2592600225703797	false	1.0
krank	neg 1.0		__DUMMY__ 0.4514352820495548 neg 0.28499321572560105 off 0.2635715022248441	false	1.0
reich	neg 1.0		__DUMMY__ 0.4504566501335903 neg 0.2882946186995672 off 0.26124873116684244	false	1.0
gnadenlos	neg 1.0		__DUMMY__ 0.4515063088061352 neg 0.29210554173011144 off 0.25638814946375327	false	1.0
niedergeschlagen	neg 1.0		__DUMMY__ 0.4535232284697407 neg 0.29285378939863227 off 0.25362298213162715	false	1.0
terrorisieren	off 1.0	off 1.0	off 0.6124135682229501 __DUMMY__ 0.22009215113139002 neg 0.1674942806456598	false	1.0
sinnlosigkeit	neg 1.0		__DUMMY__ 0.45309713685455627 neg 0.29416128595927865 off 0.2527415771861649	false	1.0
behindern	neg 1.0		__DUMMY__ 0.45293212995200643 neg 0.29279356717479005 off 0.25427430287320363	false	1.0
undemokratisch	neg 1.0		__DUMMY__ 0.4519839000965294 neg 0.291809353777521 off 0.2562067461259496	false	1.0
wirtschaftskrise	neg 1.0		__DUMMY__ 0.4517176327552026 neg 0.29799164119498606 off 0.25029072604981134	false	1.0
neid	neg 1.0		__DUMMY__ 0.4530698998291833 neg 0.2859901885046354 off 0.2609399116661813	false	1.0
rutschen	neg 1.0		__DUMMY__ 0.45983514340948933 neg 0.29343528492999815 off 0.24672957166051243	false	1.0
rezession	neg 1.0		__DUMMY__ 0.44409938656479375 neg 0.2921528271964916 off 0.2637477862387146	false	1.0
fehlgeburt	neg 1.0		__DUMMY__ 0.4520013496844953 neg 0.2907937513679861 off 0.25720489894751863	false	1.0
charakterschwach	off 1.0		__DUMMY__ 0.44877962459340065 neg 0.2885650805220005 off 0.2626552948845988	false	0.5
isolation	neg 1.0		__DUMMY__ 0.4515966425763208 neg 0.28858359794586697 off 0.2598197594778122	false	1.0
ablenkung	neg 1.0		__DUMMY__ 0.45441586100813136 neg 0.289439346667675 off 0.2561447923241936	false	1.0
pech	neg 1.0		__DUMMY__ 0.4517442437241127 neg 0.2881593129148739 off 0.2600964433610134	false	1.0
vermeidung	neg 1.0		__DUMMY__ 0.4493167236746501 neg 0.28813980910756104 off 0.2625434672177889	false	1.0
dominieren	neg 1.0		__DUMMY__ 0.4540919956193341 neg 0.2953715729664794 off 0.2505364314141865	false	1.0
schwindlig	neg 1.0		__DUMMY__ 0.45261932319701564 neg 0.2891157697124085 off 0.2582649070905758	false	1.0
lutscher	neg 1.0	neg 1.0	neg 0.6312231213320226 __DUMMY__ 0.21404776050506175 off 0.15472911816291554	false	1.0
pflicht	neg 1.0		__DUMMY__ 0.45465208830304094 neg 0.2967336438539346 off 0.24861426784302432	false	1.0
faschist	off 1.0		__DUMMY__ 0.4512339696970618 neg 0.2895226385236106 off 0.25924339177932765	false	0.5
verschleudern	neg 1.0		__DUMMY__ 0.45446727342465804 neg 0.2956332878498452 off 0.24989943872549666	false	1.0
wenn			__DUMMY__ 0.45109216140058006 neg 0.2883885540895123 off 0.26051928450990763	false	0.0
ehebruch	neg 1.0		__DUMMY__ 0.4532221855853104 neg 0.2956170117413129 off 0.25116080267337676	false	1.0
spott	off 1.0		__DUMMY__ 0.4535848448039289 neg 0.2956794753036008 off 0.2507356798924703	false	0.5
trostlosigkeit	neg 1.0		__DUMMY__ 0.4546910595535808 neg 0.297639301774953 off 0.2476696386714662	false	1.0
lutschen	neg 1.0		__DUMMY__ 0.4487719457311226 neg 0.2925679629242126 off 0.2586600913446647	false	1.0
undiszipliniert	neg 1.0		__DUMMY__ 0.4491866455898038 neg 0.28603122622202026 off 0.26478212818817576	false	1.0
kopfschmerz	neg 1.0		__DUMMY__ 0.45125639367766357 neg 0.2969662425970364 off 0.2517773637252999	false	1.0
unvorhergesehen	neg 1.0		__DUMMY__ 0.4573955838636893 neg 0.29189685674662336 off 0.2507075593896873	false	1.0
desinteressiert	neg 1.0	neg 1.0	neg 0.633180090586364 __DUMMY__ 0.21690218370460346 off 0.14991772570903245	false	1.0
armselig	off 1.0		__DUMMY__ 0.44757796124704124 neg 0.28734662887405704 off 0.2650754098789016	false	0.5
desaster	neg 1.0		__DUMMY__ 0.45602689542481467 neg 0.2972306863374677 off 0.2467424182377177	false	1.0
tod	neg 1.0		__DUMMY__ 0.45330784081379477 neg 0.2955107330876806 off 0.25118142609852473	false	1.0
herzlos	neg 1.0		__DUMMY__ 0.4484925109914645 neg 0.2861820594795101 off 0.2653254295290254	false	1.0
unwissenheit	neg 1.0		__DUMMY__ 0.45267893975622464 neg 0.2952104954655991 off 0.25211056477817634	false	1.0
widersinnig	neg 1.0		__DUMMY__ 0.45165322704468486 neg 0.2964856491721788 off 0.25186112378313624	false	1.0
bedenklich	neg 1.0		__DUMMY__ 0.45343700505408235 neg 0.29529494775508625 off 0.2512680471908315	false	1.0
beanstanden	neg 1.0		__DUMMY__ 0.45556451922479974 neg 0.29590611473120604 off 0.24852936604399437	false	1.0
panisch	neg 1.0	neg 1.0	neg 0.6330726028439878 __DUMMY__ 0.21984010532904463 off 0.14708729182696753	false	1.0
debil	off 1.0		__DUMMY__ 0.4587067264794593 neg 0.29893193158884174 off 0.24236134193169898	false	0.5
abstrich	neg 1.0		__DUMMY__ 0.45566842288550735 neg 0.2895316913358459 off 0.25479988577864676	false	1.0
primitiv	neg 1.0		__DUMMY__ 0.44880751765334803 neg 0.287958086090083 off 0.26323439625656897	false	1.0
abschaum	off 1.0	off 1.0	off 0.6183906971412176 __DUMMY__ 0.21699883718467974 neg 0.16461046567410265	false	1.0
provozieren	neg 1.0		__DUMMY__ 0.4508011683481194 neg 0.2932882865620837 off 0.25591054508979677	false	1.0
tot	neg 1.0		__DUMMY__ 0.4531848330466195 neg 0.2950062432323176 off 0.25180892372106295	false	1.0
instabil	neg 1.0		__DUMMY__ 0.4478949397728383 neg 0.2878237205458119 off 0.26428133968134987	false	1.0
schwuchtel	off 1.0	off 1.0	off 0.6266676087203202 __DUMMY__ 0.21230249686749275 neg 0.16102989441218699	false	1.0
zerren	neg 1.0		__DUMMY__ 0.4535733316590928 neg 0.293479088036439 off 0.2529475803044682	false	1.0
kinderficker	off 1.0		__DUMMY__ 0.44731677613755616 neg 0.2842905958471791 off 0.2683926280152647	false	0.5
gefahr	neg 1.0		__DUMMY__ 0.45578182919543575 neg 0.29591869774120577 off 0.24829947306335842	false	1.0
rabiat	neg 1.0		__DUMMY__ 0.45283064952604196 neg 0.29162756958311675 off 0.25554178089084134	false	1.0
verlangsamung	neg 1.0		__DUMMY__ 0.44309967967755753 neg 0.2881866486120913 off 0.2687136717103512	false	1.0
ausgestorben	neg 1.0		__DUMMY__ 0.453552766970427 neg 0.29106151647125333 off 0.25538571655831976	false	1.0
anklagen	neg 1.0		__DUMMY__ 0.45275744180143673 neg 0.2959872966529083 off 0.25125526154565503	false	1.0
trott	neg 1.0		__DUMMY__ 0.45291415662852497 neg 0.29235127836591474 off 0.2547345650055603	false	1.0
verminderung	neg 1.0		__DUMMY__ 0.4495907290953537 neg 0.28717128703063693 off 0.2632379838740094	false	1.0
nach			__DUMMY__ 0.46049837224716145 neg 0.2940777004893837 off 0.24542392726345483	false	0.0
rost	neg 1.0		__DUMMY__ 0.4459914053810866 neg 0.28574429730022205 off 0.26826429731869145	false	1.0
destruktiv	neg 1.0		__DUMMY__ 0.45207485742547615 neg 0.2930951435670685 off 0.2548299990074554	false	1.0
unzumutbarkeit	neg 1.0		__DUMMY__ 0.45006028191806 neg 0.28837517837191706 off 0.261564539710023	false	1.0
labil	off 1.0	off 1.0	off 0.6178978878553009 __DUMMY__ 0.21735744805888818 neg 0.164744664085811	false	1.0
ziemlich	neg 1.0		__DUMMY__ 0.45158768487093776 neg 0.28544045666025214 off 0.2629718584688101	false	1.0
lachnummer	off 1.0		__DUMMY__ 0.451785358143075 neg 0.29261348010367666 off 0.2556011617532483	false	0.5
oder			__DUMMY__ 0.45405522282408434 neg 0.28892786314808183 off 0.2570169140278339	false	0.0
verfall	neg 1.0		__DUMMY__ 0.4566377103827153 neg 0.2994943153725239 off 0.2438679742447608	false	1.0
ausgrenzung	neg 1.0		__DUMMY__ 0.45156066255813676 neg 0.2916180883296109 off 0.2568212491122524	false	1.0
unordnung	neg 1.0		__DUMMY__ 0.4503064364443663 neg 0.2847856013716636 off 0.2649079621839702	false	1.0
fehlverhalten	neg 1.0		__DUMMY__ 0.45328896396382085 neg 0.2978424520421692 off 0.2488685839940101	false	1.0
eine			__DUMMY__ 0.4569643935233375 neg 0.2934675684253356 off 0.24956803805132696	false	0.0
nille	neg 1.0		__DUMMY__ 0.4534157202652806 neg 0.29176775916938047 off 0.254816520565339	false	1.0
qual	neg 1.0		__DUMMY__ 0.4532089574752601 neg 0.29246195567764965 off 0.25432908684709027	false	1.0
verschwenden	neg 1.0		__DUMMY__ 0.4532903569701818 neg 0.2963706063647405 off 0.25033903666507773	false	1.0
riesig	neg 1.0		__DUMMY__ 0.45425946318807314 neg 0.294607320074161 off 0.25113321673776584	false	1.0
verurteilen	neg 1.0		__DUMMY__ 0.45194653030236676 neg 0.2963609559669591 off 0.2516925137306742	false	1.0
klischee	neg 1.0	neg 1.0	neg 0.6350815037118064 __DUMMY__ 0.21755074054946058 off 0.14736775573873304	false	1.0
diktatorisch	neg 1.0		__DUMMY__ 0.45105569806387946 neg 0.2929090005296141 off 0.2560353014065064	false	1.0
vorhersehbar	neg 1.0		__DUMMY__ 0.4501215185142307 neg 0.29111339064059516 off 0.2587650908451741	false	1.0
sowie			__DUMMY__ 0.44569612576205275 neg 0.2874641766942508 off 0.2668396975436966	false	0.0
stornieren	neg 1.0		__DUMMY__ 0.45660550802678534 neg 0.2840048482836296 off 0.2593896436895851	false	1.0
besteuerung	neg 1.0		__DUMMY__ 0.44898788430127073 neg 0.29648601761098686 off 0.25452609808774235	false	1.0
ungeschminkt	neg 1.0		__DUMMY__ 0.4457130794573458 neg 0.2929036297095819 off 0.2613832908330723	false	1.0
kritisch	neg 1.0		__DUMMY__ 0.45402218271978845 neg 0.2948320042196073 off 0.2511458130606043	false	1.0
schlamperei	off 1.0		__DUMMY__ 0.4550351392216629 neg 0.2952960463862181 off 0.24966881439211897	false	0.5
sucht	neg 1.0	neg 1.0	neg 0.6330834243116158 __DUMMY__ 0.22095242176355992 off 0.14596415392482429	false	1.0
egoistisch	off 1.0		__DUMMY__ 0.44621545686705316 neg 0.28551629626119723 off 0.26826824687174955	false	0.5
ausbeuter	off 1.0		__DUMMY__ 0.4527751253689146 neg 0.29855249297128084 off 0.2486723816598044	false	0.5
arschgeburt	off 1.0		__DUMMY__ 0.43919783459392264 neg 0.28545804244998746 off 0.27534412295608995	false	0.5
schubs	neg 1.0		__DUMMY__ 0.45397162309249534 neg 0.2928527173419902 off 0.2531756595655145	false	1.0
unsolide	neg 1.0		__DUMMY__ 0.45024668989225236 neg 0.29312808784838296 off 0.2566252222593646	false	1.0
beschwerde	neg 1.0		__DUMMY__ 0.45320177360896563 neg 0.29683316720861086 off 0.24996505918242343	false	1.0
stocken	neg 1.0		__DUMMY__ 0.4540370500190433 neg 0.2963179115808622 off 0.24964503840009455	false	1.0
isolieren	neg 1.0		__DUMMY__ 0.4541233968052334 neg 0.29406071044325827 off 0.2518158927515083	false	1.0
unheilbar	neg 1.0		__DUMMY__ 0.45299848189669206 neg 0.2911533295131582 off 0.25584818859014985	false	1.0
pisser	off 1.0		__DUMMY__ 0.44608835376421646 neg 0.29027932584515115 off 0.2636323203906323	false	0.5
löschen	neg 1.0		__DUMMY__ 0.4525926524522706 neg 0.2924053978706731 off 0.25500194967705636	false	1.0
durchfallen	neg 1.0		__DUMMY__ 0.4529648029850076 neg 0.2954006604560203 off 0.2516345365589721	false	1.0
wichser	off 1.0	off 1.0	off 0.6252531698833518 __DUMMY__ 0.2139576509758664 neg 0.16078917914078178	false	1.0
terror	neg 1.0		__DUMMY__ 0.45190430353987165 neg 0.2891042935450611 off 0.2589914029150672	false	1.0
krass	neg 1.0		__DUMMY__ 0.44724771646777717 neg 0.28709002151071283 off 0.26566226202151	false	1.0
revolte	neg 1.0		__DUMMY__ 0.4506823365133779 neg 0.2923227903435689 off 0.25699487314305325	false	1.0
besorgt	neg 1.0		__DUMMY__ 0.45631731678561216 neg 0.28941802476835826 off 0.25426465844602963	false	1.0
nachlassen	neg 1.0		__DUMMY__ 0.4561513732999407 neg 0.2933304234342126 off 0.25051820326584673	false	1.0
alt	neg 1.0		__DUMMY__ 0.4526504035748859 neg 0.2955629051410632 off 0.25178669128405107	false	1.0
hundesohn	off 1.0		__DUMMY__ 0.44289288680856836 neg 0.285012984522139 off 0.27209412866929256	false	0.5
als			__DUMMY__ 0.45464228787829036 neg 0.29200636469481744 off 0.2533513474268921	false	0.0
abschreckung	neg 1.0		__DUMMY__ 0.45493044712129954 neg 0.2971373416976828 off 0.24793221118101763	false	1.0
unqualifiziert	neg 1.0		__DUMMY__ 0.44991413673873976 neg 0.29023553093837534 off 0.2598503323228849	false	1.0
abgewichst	off 1.0		__DUMMY__ 0.4541209614023835 neg 0.2916316599418177 off 0.25424737865579883	false	0.5
schwer	neg 1.0		__DUMMY__ 0.4528025519406253 neg 0.2925128756196402 off 0.25468457243973447	false	1.0
bedeutungslosigkeit	neg 1.0		__DUMMY__ 0.45449205883397176 neg 0.29634269442430483 off 0.24916524674172347	false	1.0
kapitulation	neg 1.0		__DUMMY__ 0.453984730565784 neg 0.29540870931602636 off 0.25060656011818966	false	1.0
unscharf	neg 1.0		__DUMMY__ 0.44961361564284463 neg 0.292940544436383 off 0.2574458399207723	false	1.0
schwinden	neg 1.0		__DUMMY__ 0.4542606794648872 neg 0.2971692787695697 off 0.2485700417655431	false	1.0
versklavung	neg 1.0		__DUMMY__ 0.45153707100012747 neg 0.2928438429317502 off 0.25561908606812234	false	1.0
schlecht	neg 1.0		__DUMMY__ 0.4516383856208492 neg 0.28515255893049857 off 0.2632090554486523	false	1.0
verhasst	neg 1.0		__DUMMY__ 0.4497026296760466 neg 0.2940892719486521 off 0.25620809837530134	false	1.0
beschweren	neg 1.0		__DUMMY__ 0.4524798108126107 neg 0.2894763865077647 off 0.25804380267962457	false	1.0
scheiden	neg 1.0		__DUMMY__ 0.4545123921817449 neg 0.28969573536605203 off 0.2557918724522031	false	1.0
frustriert	neg 1.0		__DUMMY__ 0.4527983973790397 neg 0.29368337061833616 off 0.2535182320026241	false	1.0
schimmelig	neg 1.0		__DUMMY__ 0.4506802063946358 neg 0.29866927683476446 off 0.25065051677059974	false	1.0
fisch	neg 1.0		__DUMMY__ 0.45287104219833957 neg 0.29946500705144335 off 0.24766395075021705	false	1.0
schmuggel	neg 1.0		__DUMMY__ 0.4530404177300406 neg 0.2980557821832495 off 0.24890380008670987	false	1.0
auffallen	neg 1.0		__DUMMY__ 0.45195184678667055 neg 0.28916163549463053 off 0.2588865177186988	false	1.0
konkurrenz	neg 1.0		__DUMMY__ 0.4563556307851401 neg 0.2955641048423896 off 0.24808026437247035	false	1.0
teufelskreis	neg 1.0	neg 1.0	neg 0.6374823771598287 __DUMMY__ 0.21818524953132307 off 0.1443323733088482	false	1.0
aufschreien	neg 1.0		__DUMMY__ 0.45071833866107397 neg 0.29075874960373627 off 0.25852291173518976	false	1.0
schuldner	neg 1.0		__DUMMY__ 0.4529116370505163 neg 0.29935657692385753 off 0.24773178602562623	false	1.0
missgeburt	off 1.0	off 1.0	off 0.6219563518275546 __DUMMY__ 0.21355454536205795 neg 0.16448910281038742	false	1.0
arbeitslos	neg 1.0		__DUMMY__ 0.4527297367244552 neg 0.29529554602331987 off 0.2519747172522249	false	1.0
befallen	neg 1.0		__DUMMY__ 0.4504743950207585 neg 0.29750616558158355 off 0.25201943939765786	false	1.0
miesepetrig	off 1.0	off 1.0	off 0.6189134114711284 __DUMMY__ 0.21804376280466656 neg 0.16304282572420503	false	1.0
alarmieren	neg 1.0		__DUMMY__ 0.4479990028355945 neg 0.29282068790840293 off 0.25918030925600255	false	1.0
ungeduscht	off 1.0		__DUMMY__ 0.4484336179547712 neg 0.29213841598892965 off 0.25942796605629914	false	0.5
knappheit	neg 1.0		__DUMMY__ 0.45197677199434716 neg 0.29712900554267324 off 0.2508942224629796	false	1.0
schlange	neg 1.0		__DUMMY__ 0.45454614456733594 neg 0.2873819286466126 off 0.2580719267860514	false	1.0
harsch	neg 1.0		__DUMMY__ 0.44875309972452126 neg 0.2839080891518299 off 0.267338811123649	false	1.0
lang	neg 1.0		__DUMMY__ 0.4526537404815376 neg 0.2911376366079611 off 0.2562086229105013	false	1.0
ziellos	neg 1.0		__DUMMY__ 0.4555269831675679 neg 0.2924529513710198 off 0.2520200654614123	false	1.0
selbstverliebt	neg 1.0		__DUMMY__ 0.44231139505180145 neg 0.2839594618772247 off 0.273729143070974	false	1.0
beseitigen	neg 1.0		__DUMMY__ 0.45367061875068043 neg 0.2928227180309489 off 0.2535066632183707	false	1.0
dumm	off 1.0		__DUMMY__ 0.4466993087006473 neg 0.28391317736112287 off 0.2693875139382298	false	0.5
arbeitsloser	neg 1.0		__DUMMY__ 0.455079514817337 neg 0.29207437108887907 off 0.2528461140937839	false	1.0
blitzen	neg 1.0		__DUMMY__ 0.45178675178791833 neg 0.28900290450444627 off 0.2592103437076354	false	1.0
hilflos	neg 1.0		__DUMMY__ 0.45240329223890013 neg 0.2948870993144886 off 0.2527096084466113	false	1.0
eklig	off 1.0		__DUMMY__ 0.4439441570958366 neg 0.286997108381682 off 0.26905873452248147	false	0.5
begriff			__DUMMY__ 0.4532584536574755 neg 0.292071731195995 off 0.25466981514652937	false	0.0
hungersnot	neg 1.0		__DUMMY__ 0.45248690935522523 neg 0.29596353563772954 off 0.25154955500704534	false	1.0
ungesetzlich	neg 1.0		__DUMMY__ 0.45053038918416827 neg 0.29396886677312517 off 0.25550074404270673	false	1.0
verschwendung	neg 1.0		__DUMMY__ 0.4541461069342906 neg 0.29584368526877947 off 0.25001020779693	false	1.0
schmerzvoll	neg 1.0		__DUMMY__ 0.4517497621059834 neg 0.29096934142123515 off 0.25728089647278146	false	1.0
vorzeitig	neg 1.0		__DUMMY__ 0.4503523292563122 neg 0.291670307395554 off 0.2579773633481337	false	1.0
unvollkommenheit	neg 1.0		__DUMMY__ 0.4562286025300538 neg 0.29111400489915357 off 0.25265739257079267	false	1.0
intervenieren	neg 1.0		__DUMMY__ 0.45354867538047355 neg 0.29692051667361646 off 0.24953080794590998	false	1.0
banause	off 1.0		__DUMMY__ 0.44129328618957175 neg 0.2873176181046851 off 0.2713890957057431	false	0.5
rebell	neg 1.0		__DUMMY__ 0.4548341537813539 neg 0.2999412924365927 off 0.2452245537820535	false	1.0
unlogisch	neg 1.0		__DUMMY__ 0.44802522804881123 neg 0.28703001264947503 off 0.2649447593017137	false	1.0
leiden	neg 1.0		__DUMMY__ 0.4570071416836023 neg 0.29322287026131316 off 0.2497699880550845	false	1.0
abschaffung	neg 1.0		__DUMMY__ 0.45239074692689335 neg 0.2921060233286697 off 0.2555032297444369	false	1.0
sturz	neg 1.0		__DUMMY__ 0.45186050230734615 neg 0.2934437474568166 off 0.25469575023583735	false	1.0
verkleinerung	neg 1.0		__DUMMY__ 0.4493288106886149 neg 0.29275299679655514 off 0.25791819251483006	false	1.0
schmarotzer	off 1.0		__DUMMY__ 0.4522317097794289 neg 0.2948962804957356 off 0.2528720097248357	false	0.5
bestrafung	neg 1.0		__DUMMY__ 0.4516182984656422 neg 0.29216789087116213 off 0.2562138106631956	false	1.0
achtlos	neg 1.0	neg 1.0	neg 0.6358491872797554 __DUMMY__ 0.21953188015920957 off 0.14461893256103514	false	1.0
ungeheuer	neg 1.0		__DUMMY__ 0.4515471530356228 neg 0.29042279202121263 off 0.2580300549431646	false	1.0
unaufrichtig	neg 1.0		__DUMMY__ 0.4539598571547614 neg 0.28607769174517406 off 0.25996245110006455	false	1.0
groggy	neg 1.0		__DUMMY__ 0.4512116745286977 neg 0.2900102044269841 off 0.2587781210443182	false	1.0
verletzlich	neg 1.0		__DUMMY__ 0.44742584993092804 neg 0.2907177952650249 off 0.2618563548040472	false	1.0
ablehnen	neg 1.0		__DUMMY__ 0.4539788742439615 neg 0.2939785702030454 off 0.2520425555529931	false	1.0
