unsolidarisch	neg 1.0		__DUMMY__ 0.9175756356020401 neg 0.04466505554775909 off 0.03775930885020074	false	1.0
nachteilig	neg 1.0		__DUMMY__ 0.9224997282118732 neg 0.04343797607981823 off 0.034062295708308515	false	1.0
skeptisch	neg 1.0		__DUMMY__ 0.9222865880046457 neg 0.04394786225433943 off 0.03376554974101492	false	1.0
schrecklich	neg 1.0		__DUMMY__ 0.9157783953703965 off 0.04482580775925826 neg 0.039395796870345216	false	0.5
schlapp	neg 1.0		__DUMMY__ 0.9182200994333104 off 0.04135218023749943 neg 0.040427720329190106	false	0.5
abfall	neg 1.0		__DUMMY__ 0.9252955993467251 neg 0.04385903932674994 off 0.030845361326524972	false	1.0
widerspenstig	neg 1.0		__DUMMY__ 0.9201631334597489 neg 0.04249027294539658 off 0.03734659359485458	false	1.0
abrupt	neg 1.0		__DUMMY__ 0.9228467394821102 neg 0.04329963521196494 off 0.03385362530592498	false	1.0
unwirksam	neg 1.0		__DUMMY__ 0.9171223593851752 neg 0.045550832883029704 off 0.037326807731795225	false	1.0
angreifen	neg 1.0		__DUMMY__ 0.9204808414953178 neg 0.04568547142261413 off 0.03383368708206801	false	1.0
inkonsistent	neg 1.0		__DUMMY__ 0.916621548977911 neg 0.045512082628244035 off 0.0378663683938449	false	1.0
abrutschen	neg 1.0		__DUMMY__ 0.9236770156727258 neg 0.0450113866625319 off 0.03131159766474236	false	1.0
unsicher	neg 1.0		__DUMMY__ 0.9222467739890245 neg 0.040302977464414864 off 0.0374502485465606	false	1.0
bauernkind	off 1.0	off 1.0	off 0.5112826887658068 __DUMMY__ 0.445179044827989 neg 0.043538266406204194	false	1.0
angreifer	neg 1.0	neg 1.0	neg 0.5082237712062584 __DUMMY__ 0.4563598091732804 off 0.03541641962046112	false	1.0
trennen	neg 1.0		__DUMMY__ 0.924224553481949 neg 0.04257603124680362 off 0.033199415271247375	false	1.0
schmutz	neg 1.0		__DUMMY__ 0.9210268618785717 neg 0.040721511841368574 off 0.038251626280059715	false	1.0
inkonsistenz	neg 1.0		__DUMMY__ 0.9137045742816903 neg 0.04421955863071535 off 0.04207586708759441	false	1.0
erschreckend	neg 1.0		__DUMMY__ 0.9193755203573432 neg 0.04349192655001576 off 0.03713255309264107	false	1.0
ertrinken	neg 1.0		__DUMMY__ 0.9198475224950068 neg 0.04623428789775302 off 0.03391818960724016	false	1.0
pickelface	off 1.0		__DUMMY__ 0.9203491022851575 neg 0.04298327115236087 off 0.03666762656248159	false	0.5
seiner			__DUMMY__ 0.9220814217903733 neg 0.04396059638200532 off 0.033957981827621345	false	0.0
lauch	neg 1.0		__DUMMY__ 0.9239548621056928 neg 0.04472906202544642 off 0.03131607586886083	false	1.0
unwichtig	neg 1.0		__DUMMY__ 0.916841333923767 neg 0.041612350289907694 off 0.041546315786325325	false	1.0
steuerhinterziehung	neg 1.0	neg 1.0	neg 0.5104474582817702 __DUMMY__ 0.4571139866351957 off 0.03243855508303414	false	1.0
schock	neg 1.0		__DUMMY__ 0.9198353750795782 neg 0.04342693062002342 off 0.036737694300398416	false	1.0
beule	neg 1.0		__DUMMY__ 0.9153289090660288 neg 0.04258512592518076 off 0.042085965008790464	false	1.0
vergelten	neg 1.0		__DUMMY__ 0.9187227904215739 off 0.04399127751056908 neg 0.03728593206785711	false	0.5
verdorbenheit	neg 1.0		__DUMMY__ 0.9221709307371363 neg 0.040433279484077385 off 0.037395789778786395	false	1.0
trauma	neg 1.0		__DUMMY__ 0.9192163888753823 neg 0.04258943931982997 off 0.03819417180478771	false	1.0
sinnlos	neg 1.0		__DUMMY__ 0.9193338189360166 neg 0.04133903921092136 off 0.03932714185306201	false	1.0
fettsack	off 1.0	off 1.0	off 0.5121539208438133 __DUMMY__ 0.4466352193049742 neg 0.04121085985121254	false	1.0
feige	off 1.0	off 1.0	off 0.5082923746065368 __DUMMY__ 0.45176596549011255 neg 0.03994165990335063	false	1.0
abdanken	neg 1.0		__DUMMY__ 0.9193836347226976 neg 0.043291309677007 off 0.037325055600295406	false	1.0
wichtigtuer	off 1.0	off 1.0	off 0.5064612025960697 __DUMMY__ 0.45456575482142314 neg 0.038973042582507084	false	1.0
misslingen	neg 1.0		__DUMMY__ 0.9258037744092925 off 0.03732229721521825 neg 0.036873928375489196	false	0.5
untreu	off 1.0		__DUMMY__ 0.9169709471517774 off 0.041837926350065155 neg 0.041191126498157433	false	1.0
missmutig	neg 1.0		__DUMMY__ 0.9175392101636914 neg 0.041300668780778434 off 0.04116012105553011	false	1.0
hurenbock	off 1.0		__DUMMY__ 0.9185207338224531 neg 0.04285062082910777 off 0.038628645348439086	false	0.5
betrunken	neg 1.0		__DUMMY__ 0.9170092101956915 off 0.04280445520230753 neg 0.04018633460200093	false	0.5
korrupt	off 1.0		__DUMMY__ 0.918052729408477 neg 0.04597282223691525 off 0.035974448354607697	false	0.5
unmut	neg 1.0		__DUMMY__ 0.9243377438930755 neg 0.044200511569264106 off 0.03146174453766038	false	1.0
hackfresse	off 1.0		__DUMMY__ 0.9121336832593756 off 0.047680139037607774 neg 0.040186177703016565	false	1.0
aufblasen	neg 1.0		__DUMMY__ 0.9201224141917181 neg 0.041101576985325315 off 0.03877600882295665	false	1.0
gewaltsam	neg 1.0		__DUMMY__ 0.9190390839543237 neg 0.04470967992993117 off 0.03625123611574528	false	1.0
unbeliebtheit	neg 1.0		__DUMMY__ 0.9148631913461582 neg 0.044222703167458716 off 0.040914105486383016	false	1.0
sturheit	neg 1.0		__DUMMY__ 0.9189199757536586 neg 0.044338104859023085 off 0.03674191938731838	false	1.0
kuh	neg 1.0		__DUMMY__ 0.9138505936934042 neg 0.047000209375313885 off 0.039149196931282014	false	1.0
erschrecken	neg 1.0		__DUMMY__ 0.9189123186618211 off 0.040945592920125645 neg 0.04014208841805326	false	0.5
opfer	neg 1.0		__DUMMY__ 0.9213906173562394 neg 0.04372571565099201 off 0.03488366699276866	false	1.0
sinken	neg 1.0		__DUMMY__ 0.924180156066065 neg 0.04407834737086598 off 0.031741496563069	false	1.0
stinktier	neg 1.0		__DUMMY__ 0.9074646508083264 neg 0.04696855225260657 off 0.04556679693906702	false	1.0
tucke	off 1.0		__DUMMY__ 0.9083073684785806 off 0.04850298422092204 neg 0.04318964730049745	false	1.0
ein			__DUMMY__ 0.9194023667069904 neg 0.04250262691100209 off 0.038095006382007565	false	0.0
abstieg	neg 1.0		__DUMMY__ 0.9211440680127572 neg 0.04486433530622129 off 0.03399159668102151	false	1.0
missverstehen	neg 1.0		__DUMMY__ 0.9171826689905085 neg 0.042657752429041844 off 0.0401595785804497	false	1.0
ergebnislos	neg 1.0		__DUMMY__ 0.9221047028173665 neg 0.04415019875573553 off 0.03374509842689809	false	1.0
unter			__DUMMY__ 0.9293689410061629 neg 0.043416519913916235 off 0.027214539079921014	false	0.0
manipulieren	neg 1.0		__DUMMY__ 0.9231561555213736 neg 0.04339205018790763 off 0.03345179429071878	false	1.0
unbewiesen	neg 1.0		__DUMMY__ 0.9165219003647576 neg 0.04568650560876107 off 0.0377915940264814	false	1.0
verschleppen	neg 1.0		__DUMMY__ 0.9194739075005092 neg 0.04531299073085775 off 0.035213101768633064	false	1.0
weib	off 1.0		__DUMMY__ 0.9058974066348277 off 0.04842703156179913 neg 0.04567556180337322	false	1.0
opposition	neg 1.0		__DUMMY__ 0.9172300211404101 neg 0.04421331126189652 off 0.03855666759769345	false	1.0
verkehrswidrig	neg 1.0		__DUMMY__ 0.9184283250650569 off 0.04426929083141317 neg 0.037302384103529956	false	0.5
inkorrekt	neg 1.0		__DUMMY__ 0.9135074106829278 off 0.04472753403562311 neg 0.041765055281448984	false	0.5
vermeiden	neg 1.0	neg 1.0	neg 0.508227372387679 __DUMMY__ 0.4646493830876372 off 0.027123244524683843	false	1.0
abweichung	neg 1.0	neg 1.0	neg 0.5068125821823195 __DUMMY__ 0.46165652224710374 off 0.03153089557057668	false	1.0
alkoholisiert	neg 1.0		__DUMMY__ 0.9234279889484904 neg 0.04336572244005984 off 0.03320628861144975	false	1.0
scheiss	off 1.0	off 1.0	off 0.5078352445323873 __DUMMY__ 0.4529478590112543 neg 0.03921689645635856	false	1.0
herausforderung	neg 1.0		__DUMMY__ 0.9244540599406248 neg 0.04203163915400867 off 0.03351430090536655	false	1.0
pervers	off 1.0		__DUMMY__ 0.9084961663421885 off 0.05050804690972208 neg 0.040995786748089354	false	1.0
wackelig	neg 1.0		__DUMMY__ 0.9251182411979597 neg 0.03938214388662652 off 0.03549961491541376	false	1.0
verwickeln	neg 1.0		__DUMMY__ 0.9176664572008113 neg 0.04257838065570892 off 0.03975516214347985	false	1.0
vorwand	neg 1.0		__DUMMY__ 0.9219129132274472 neg 0.044698442902200944 off 0.03338864387035183	false	1.0
muschi	off 1.0		__DUMMY__ 0.9202928987192941 neg 0.04285352269920898 off 0.036853578581496904	false	0.5
entmutigung	neg 1.0		__DUMMY__ 0.9186092817415852 neg 0.04266161998294593 off 0.03872909827546888	false	1.0
unangemessen	neg 1.0		__DUMMY__ 0.9188815128180782 neg 0.044556310253926076 off 0.03656217692799576	false	1.0
unstetig	neg 1.0		__DUMMY__ 0.9189770924893266 neg 0.04176452590839798 off 0.039258381602275357	false	1.0
entmutigen	neg 1.0		__DUMMY__ 0.9198017874716666 neg 0.04193480661797095 off 0.03826340591036235	false	1.0
schwanz	neg 1.0		__DUMMY__ 0.9212062919124326 neg 0.044193709415700076 off 0.0345999986718673	false	1.0
verbot	neg 1.0		__DUMMY__ 0.9203049836264754 neg 0.044123405058515405 off 0.03557161131500925	false	1.0
leid	neg 1.0		__DUMMY__ 0.9132185352816709 off 0.04610235300712434 neg 0.04067911171120482	false	0.5
archaisch	neg 1.0		__DUMMY__ 0.9193780771814762 neg 0.04409718010918754 off 0.036524742709336214	false	1.0
gegen			__DUMMY__ 0.923436257737198 neg 0.04442262213209409 off 0.03214112013070791	false	0.0
scheidung	neg 1.0		__DUMMY__ 0.9108960987737982 off 0.054119079045759876 neg 0.03498482218044189	false	0.5
einschlag	neg 1.0		__DUMMY__ 0.9159264624306843 off 0.04381484136106734 neg 0.04025869620824831	false	0.5
m			__DUMMY__ 0.9223609973572265 neg 0.04220919202533908 off 0.03542981061743437	false	0.0
abgestanden	neg 1.0		__DUMMY__ 0.9178050246013036 neg 0.04493596008102717 off 0.037259015317669175	false	1.0
schmierig	off 1.0		__DUMMY__ 0.9145750134172518 off 0.04546276327248255 neg 0.03996222331026561	false	1.0
unpraktisch	neg 1.0		__DUMMY__ 0.9198685153990853 neg 0.041738672749509306 off 0.03839281185140537	false	1.0
wixxer	off 1.0		__DUMMY__ 0.906282291439065 off 0.050736818951120165 neg 0.042980889609814846	false	1.0
bezeichnet			__DUMMY__ 0.9172579872855531 neg 0.04489424814655324 off 0.03784776456789372	false	0.0
jammerlappen	off 1.0		__DUMMY__ 0.9186582165894592 off 0.041499033266071336 neg 0.03984275014446945	false	1.0
farce	neg 1.0		__DUMMY__ 0.9187631800075462 neg 0.04491382119452505 off 0.036322998797928774	false	1.0
zwecklos	neg 1.0		__DUMMY__ 0.9192270960089394 neg 0.04455790912964508 off 0.036214994861415516	false	1.0
turbulent	neg 1.0		__DUMMY__ 0.9142952759482227 neg 0.043146851782573166 off 0.04255787226920415	false	1.0
invasion	neg 1.0		__DUMMY__ 0.9186848058099893 neg 0.042256882234245584 off 0.0390583119557651	false	1.0
schuld	neg 1.0		__DUMMY__ 0.9181230129406515 neg 0.04326050471163693 off 0.03861648234771161	false	1.0
risiko	neg 1.0	neg 1.0	neg 0.5062870579238775 __DUMMY__ 0.45896504022091744 off 0.03474790185520511	false	1.0
finster	neg 1.0		__DUMMY__ 0.9174499626503605 neg 0.04446402816683919 off 0.038086009182800314	false	1.0
geisteskrank	off 1.0		__DUMMY__ 0.9136950378031449 off 0.04317180378409003 neg 0.04313315841276509	false	1.0
zusammenbrechen	neg 1.0		__DUMMY__ 0.9211123073518309 neg 0.04272287370614868 off 0.03616481894202039	false	1.0
ausbeute	neg 1.0		__DUMMY__ 0.9295618072712245 neg 0.03644313399025142 off 0.03399505873852408	false	1.0
hinterhalt	neg 1.0		__DUMMY__ 0.9223891491356001 neg 0.042015001427503 off 0.03559584943689679	false	1.0
kritik	neg 1.0		__DUMMY__ 0.918527844713528 neg 0.04525840618804246 off 0.036213749098429567	false	1.0
einschrumpfen	neg 1.0		__DUMMY__ 0.9153528837491712 neg 0.043867903149209804 off 0.04077921310161903	false	1.0
riskant	neg 1.0		__DUMMY__ 0.9203374859550858 neg 0.045397775947010964 off 0.03426473809790332	false	1.0
frustrieren	neg 1.0		__DUMMY__ 0.9208629396004291 neg 0.04418405987491155 off 0.034953000524659335	false	1.0
groll	neg 1.0		__DUMMY__ 0.9194224849983007 neg 0.04473564805945079 off 0.03584186694224855	false	1.0
gibt			__DUMMY__ 0.9217241512770098 neg 0.04197329643052425 off 0.03630255229246601	false	0.0
qualvoll	neg 1.0		__DUMMY__ 0.917743252172253 neg 0.04239084112166827 off 0.0398659067060787	false	1.0
wackeln	neg 1.0		__DUMMY__ 0.9212665289660549 neg 0.040692572135936876 off 0.03804089889800824	false	1.0
klagen	neg 1.0		__DUMMY__ 0.9234810951705246 neg 0.04443646731586324 off 0.032082437513612186	false	1.0
bankrott	neg 1.0		__DUMMY__ 0.9190005754287169 off 0.04066517406656641 neg 0.04033425050471665	false	0.5
trauern	neg 1.0		__DUMMY__ 0.9221698925833451 neg 0.04345617366368913 off 0.03437393375296577	false	1.0
ablehnung	neg 1.0		__DUMMY__ 0.9191322710437437 neg 0.04483918857041829 off 0.036028540385838005	false	1.0
stur	neg 1.0		__DUMMY__ 0.9184060372490087 neg 0.04287854277116744 off 0.03871541997982385	false	1.0
aufruhr	neg 1.0	neg 1.0	neg 0.5092639615457802 __DUMMY__ 0.457309626002273 off 0.03342641245194669	false	1.0
melancholie	neg 1.0		__DUMMY__ 0.9212716242175204 neg 0.044138123737623304 off 0.03459025204485629	false	1.0
ist			__DUMMY__ 0.9194598287016836 neg 0.04142122068577485 off 0.03911895061254155	false	0.0
torheit	neg 1.0		__DUMMY__ 0.920040145035481 neg 0.04202171389167328 off 0.03793814107284575	false	1.0
dreckskind	off 1.0		__DUMMY__ 0.9089393656746805 off 0.04706679747562892 neg 0.04399383684969054	false	1.0
umtauschen	neg 1.0		__DUMMY__ 0.9206974825221839 neg 0.042599132613474054 off 0.036703384864342034	false	1.0
zum			__DUMMY__ 0.929844592961194 neg 0.040478028957277076 off 0.029677378081528847	false	0.0
zersetzen	neg 1.0		__DUMMY__ 0.9204747711586143 neg 0.04591287533352603 off 0.03361235350785971	false	1.0
zur			__DUMMY__ 0.9271762212550775 neg 0.04332557013489437 off 0.02949820861002821	false	0.0
frust	neg 1.0		__DUMMY__ 0.921482485220161 neg 0.04229922112797446 off 0.03621829365186463	false	1.0
unerbittlichkeit	neg 1.0		__DUMMY__ 0.9212347659103091 neg 0.04523513018844734 off 0.033530103901243585	false	1.0
zwei			__DUMMY__ 0.9280067175478848 neg 0.04143657839566661 off 0.030556704056448582	false	0.0
unkorrekt	neg 1.0		__DUMMY__ 0.9164332686588437 off 0.044149478432537304 neg 0.039417252908619	false	0.5
hexe	off 1.0		__DUMMY__ 0.9118930931300065 neg 0.04669487491946629 off 0.04141203195052713	false	0.5
lasch	neg 1.0		__DUMMY__ 0.9161274781849854 neg 0.04294307153527665 off 0.040929450279737996	false	1.0
rivale	neg 1.0		__DUMMY__ 0.9152880464318797 off 0.04318238315458908 neg 0.04152957041353126	false	0.5
mutlos	off 1.0	off 1.0	off 0.5014583721906258 __DUMMY__ 0.45699969272244884 neg 0.04154193508692534	false	1.0
wirr	off 1.0		__DUMMY__ 0.9127609247770173 off 0.044802691386891295 neg 0.04243638383609133	false	1.0
jahr			__DUMMY__ 0.9303379735261768 neg 0.037224537721064474 off 0.032437488752758835	false	0.0
wird			__DUMMY__ 0.9216439633708486 neg 0.04309090201428617 off 0.035265134614865204	false	0.0
strafbar	neg 1.0		__DUMMY__ 0.9219618013121329 neg 0.04335098364873776 off 0.03468721503912926	false	1.0
erosion	neg 1.0		__DUMMY__ 0.9217924159946895 neg 0.040932331802510734 off 0.03727525220279974	false	1.0
eingehen	neg 1.0		__DUMMY__ 0.9206558860989198 neg 0.04452843385009229 off 0.034815680050987896	false	1.0
faul	off 1.0		__DUMMY__ 0.9187554590356634 neg 0.04073699163885251 off 0.040507549325484185	false	0.5
provisorium	neg 1.0		__DUMMY__ 0.931803602614801 neg 0.04065882449552477 off 0.027537572889674327	false	1.0
schmerzen	neg 1.0		__DUMMY__ 0.9192661076274283 neg 0.044542449307606834 off 0.036191443064964836	false	1.0
schrumpfen	neg 1.0		__DUMMY__ 0.9238015071858123 neg 0.046230470707827466 off 0.029968022106360268	false	1.0
geistlos	off 1.0		__DUMMY__ 0.9147208869495793 neg 0.04512770677562387 off 0.04015140627479678	false	0.5
fehlkauf	neg 1.0		__DUMMY__ 0.9185086097078682 neg 0.04256713448352343 off 0.03892425580860836	false	1.0
frustrierend	neg 1.0		__DUMMY__ 0.9183590409620579 neg 0.040913594356708355 off 0.040727364681233724	false	1.0
unzufrieden	neg 1.0		__DUMMY__ 0.9199211720326101 neg 0.044078516484558225 off 0.03600031148283155	false	1.0
verzweifeln	neg 1.0		__DUMMY__ 0.9203799664386099 neg 0.04274613386289384 off 0.03687389969849641	false	1.0
verzweifelt	neg 1.0	neg 1.0	neg 0.510417646392798 __DUMMY__ 0.4543654630999441 off 0.0352168905072579	false	1.0
misstrauensantrag	neg 1.0		__DUMMY__ 0.9184119384876009 neg 0.042582740394661873 off 0.03900532111773708	false	1.0
abfallen	neg 1.0		__DUMMY__ 0.9215022711721594 neg 0.040707750787586344 off 0.037789978040254274	false	1.0
fucker	off 1.0		__DUMMY__ 0.9157505939154856 off 0.04391759058482094 neg 0.04033181549969344	false	1.0
ungezogen	neg 1.0		__DUMMY__ 0.9100866131265294 off 0.04974578264830221 neg 0.04016760422516834	false	0.5
irrsinnig	neg 1.0	neg 1.0	neg 0.5096879055410382 __DUMMY__ 0.45511701809898075 off 0.03519507635998106	false	1.0
unfassbar	neg 1.0		__DUMMY__ 0.9178037668876028 off 0.04241752183005087 neg 0.03977871128234638	false	0.5
hart	neg 1.0		__DUMMY__ 0.9146985611194753 neg 0.04344602381306382 off 0.04185541506746086	false	1.0
widerlich	off 1.0		__DUMMY__ 0.9151831495401086 off 0.043010747505368006 neg 0.04180610295452343	false	1.0
fatal	neg 1.0		__DUMMY__ 0.9182863205455039 neg 0.04229600958124815 off 0.03941766987324808	false	1.0
bruch	neg 1.0		__DUMMY__ 0.9236243391169804 neg 0.04395820816878459 off 0.03241745271423502	false	1.0
aushungern	neg 1.0		__DUMMY__ 0.9208849180160049 neg 0.042800999620816765 off 0.03631408236317842	false	1.0
anspannung	neg 1.0		__DUMMY__ 0.9266959305725795 neg 0.04334985196221735 off 0.02995421746520323	false	1.0
von			__DUMMY__ 0.9318640051622578 neg 0.035672199975828885 off 0.03246379486191345	false	0.0
kraftlos	neg 1.0		__DUMMY__ 0.9217526628879846 neg 0.04272693685484816 off 0.035520400257167184	false	1.0
vom			__DUMMY__ 0.9320441165192072 neg 0.04017065984109357 off 0.02778522363969918	false	0.0
grenzdebil	off 1.0		__DUMMY__ 0.9177199603114128 off 0.04256493378922443 neg 0.03971510589936287	false	1.0
vor			__DUMMY__ 0.9249231135406043 neg 0.04237453891280139 off 0.0327023475465944	false	0.0
unterwerfen	neg 1.0		__DUMMY__ 0.9209575701687333 neg 0.044204425099128766 off 0.03483800473213797	false	1.0
versenkung	neg 1.0		__DUMMY__ 0.9233445395201996 neg 0.04166086109074664 off 0.03499459938905379	false	1.0
entziehen	neg 1.0		__DUMMY__ 0.9230228847106955 neg 0.04450979917557277 off 0.032467316113731805	false	1.0
finanzkrise	neg 1.0		__DUMMY__ 0.9169846001255577 neg 0.04631580099295871 off 0.0366995988814837	false	1.0
schimpfend	neg 1.0		__DUMMY__ 0.9185304236177695 neg 0.042779779617058436 off 0.03868979676517206	false	1.0
profan	neg 1.0		__DUMMY__ 0.9179043419666956 neg 0.04239427840739551 off 0.03970137962590891	false	1.0
korruption	neg 1.0		__DUMMY__ 0.9200414212889529 neg 0.044677243247554774 off 0.03528133546349231	false	1.0
â			__DUMMY__ 0.9226199056410566 neg 0.04240818496269897 off 0.03497190939624446	false	0.0
schmutzig	neg 1.0		__DUMMY__ 0.9176990184139813 off 0.042921293089456844 neg 0.03937968849656184	false	0.5
sexy	neg 1.0		__DUMMY__ 0.9187793649883461 neg 0.04084627190755145 off 0.04037436310410249	false	1.0
abraten	neg 1.0		__DUMMY__ 0.9203217340802221 neg 0.04063533267653206 off 0.03904293324324581	false	1.0
schwarz	neg 1.0		__DUMMY__ 0.9185888710578675 neg 0.04259740358381535 off 0.03881372535831723	false	1.0
fotze	off 1.0	off 1.0	off 0.5024173448328668 __DUMMY__ 0.45838368097949966 neg 0.03919897418763362	false	1.0
verwirren	neg 1.0		__DUMMY__ 0.9185416429237329 neg 0.041324780474567335 off 0.04013357660169983	false	1.0
zahnlos	off 1.0		__DUMMY__ 0.9196628329949461 neg 0.04369629051230177 off 0.03664087649275217	false	0.5
verheeren	neg 1.0		__DUMMY__ 0.9093561881048208 off 0.051028526672823614 neg 0.03961528522235565	false	0.5
hippie	neg 1.0		__DUMMY__ 0.9184380512735224 neg 0.0413970238858 off 0.040164924840677574	false	1.0
rammen	neg 1.0		__DUMMY__ 0.9144612454133881 neg 0.04728244720254115 off 0.03825630738407069	false	1.0
unlauter	neg 1.0		__DUMMY__ 0.9178219341107997 neg 0.0437435010970481 off 0.03843456479215221	false	1.0
unheilvoll	neg 1.0		__DUMMY__ 0.9179296254612292 neg 0.043458252021310116 off 0.03861212251746063	false	1.0
niedrig	neg 1.0		__DUMMY__ 0.9202554606451746 neg 0.04616643413397565 off 0.0335781052208497	false	1.0
explosion	neg 1.0		__DUMMY__ 0.9193696963920082 neg 0.04096077641465808 off 0.03966952719333378	false	1.0
weichei	off 1.0	off 1.0	off 0.5123123581771316 __DUMMY__ 0.44976772998244496 neg 0.03791991184042343	false	1.0
minusmensch	off 1.0		__DUMMY__ 0.9050207396934493 off 0.04931028652158803 neg 0.0456689737849627	false	1.0
farblos	neg 1.0		__DUMMY__ 0.9189239450194088 neg 0.04446021780394543 off 0.03661583717664582	false	1.0
unwissend	neg 1.0	neg 1.0	neg 0.5078074461707005 __DUMMY__ 0.45428067720732473 off 0.03791187662197485	false	1.0
traurig	neg 1.0		__DUMMY__ 0.9166698100703145 off 0.04424598872810118 neg 0.03908420120158434	false	0.5
senkung	neg 1.0		__DUMMY__ 0.9167309053479636 neg 0.04370105024750601 off 0.0395680444045304	false	1.0
ungleich	neg 1.0	neg 1.0	neg 0.5101099322850553 __DUMMY__ 0.45897790927253196 off 0.03091215844241267	false	1.0
heikel	neg 1.0		__DUMMY__ 0.9212936013810789 neg 0.04447859130087817 off 0.034227807318043015	false	1.0
drosselung	neg 1.0		__DUMMY__ 0.9156966761443129 off 0.04230878667085692 neg 0.04199453718483011	false	0.5
falsch	neg 1.0		__DUMMY__ 0.918170166680273 neg 0.040986268025411915 off 0.040843565294315154	false	1.0
unzufriedenheit	neg 1.0		__DUMMY__ 0.9221577659946001 neg 0.04477495141194959 off 0.03306728259345026	false	1.0
kurz	neg 1.0		__DUMMY__ 0.9241993172761156 neg 0.039749412198149814 off 0.036051270525734556	false	1.0
unsinnig	neg 1.0		__DUMMY__ 0.9196974517436154 neg 0.04356140640913113 off 0.03674114184725345	false	1.0
penner	off 1.0	off 1.0	off 0.5135280509018288 __DUMMY__ 0.4492737014350196 neg 0.03719824766315148	false	1.0
seicht	neg 1.0		__DUMMY__ 0.9099376535523073 off 0.04968942130530281 neg 0.040372925142389944	false	0.5
dummheit	off 1.0	off 1.0	off 0.5066625120756648 __DUMMY__ 0.4528577382276554 neg 0.040479749696679806	false	1.0
unerfreulich	neg 1.0		__DUMMY__ 0.923466280359222 neg 0.04312663058057275 off 0.033407089060205265	false	1.0
motherfucker	off 1.0	off 1.0	off 0.5096279219454158 __DUMMY__ 0.4526624852350037 neg 0.03770959281958057	false	1.0
pikiert	neg 1.0		__DUMMY__ 0.9148828929772251 neg 0.04272642972589204 off 0.04239067729688282	false	1.0
wrack	neg 1.0		__DUMMY__ 0.9199133571137216 neg 0.04477629076912028 off 0.035310352117158106	false	1.0
gangster	neg 1.0		__DUMMY__ 0.9183989015440305 neg 0.04144415849734791 off 0.04015693995862155	false	1.0
krank	neg 1.0		__DUMMY__ 0.918709067438504 off 0.042350636567884604 neg 0.038940295993611394	false	0.5
reich	neg 1.0		__DUMMY__ 0.9175989681137866 off 0.04150672836122296 neg 0.04089430352499037	false	0.5
gnadenlos	neg 1.0		__DUMMY__ 0.9181732379571991 neg 0.04313944864656022 off 0.03868731339624072	false	1.0
niedergeschlagen	neg 1.0		__DUMMY__ 0.9207602506323683 neg 0.04290400125787609 off 0.036335748109755615	false	1.0
terrorisieren	off 1.0	off 1.0	off 0.5015829323717166 __DUMMY__ 0.4587341137173592 neg 0.039682953910924225	false	1.0
sinnlosigkeit	neg 1.0		__DUMMY__ 0.9200827386380945 neg 0.04378762538867172 off 0.036129635973233674	false	1.0
behindern	neg 1.0		__DUMMY__ 0.9201956373857908 neg 0.04309286641057335 off 0.03671149620363577	false	1.0
undemokratisch	neg 1.0		__DUMMY__ 0.9190771367357411 neg 0.04232671400823884 off 0.03859614925602008	false	1.0
wirtschaftskrise	neg 1.0		__DUMMY__ 0.9186928735045206 neg 0.046183803618891676 off 0.03512332287658788	false	1.0
neid	neg 1.0		__DUMMY__ 0.9206357117426661 off 0.04042733169366686 neg 0.03893695656366709	false	0.5
rutschen	neg 1.0		__DUMMY__ 0.928433966603895 neg 0.041181318723928 off 0.030384714672177023	false	1.0
rezession	neg 1.0		__DUMMY__ 0.9095386892329422 neg 0.045605678909460136 off 0.04485563185759771	false	1.0
fehlgeburt	neg 1.0		__DUMMY__ 0.9194541509490415 neg 0.04192363880841731 off 0.038622210242541116	false	1.0
charakterschwach	off 1.0		__DUMMY__ 0.9151803232636665 off 0.04296658096558456 neg 0.04185309577074901	false	1.0
isolation	neg 1.0		__DUMMY__ 0.9186488445055073 neg 0.041033729150429285 off 0.04031742634406328	false	1.0
ablenkung	neg 1.0		__DUMMY__ 0.9218848900033555 neg 0.040565543908174795 off 0.03754956608846977	false	1.0
pech	neg 1.0		__DUMMY__ 0.9190488167629592 neg 0.04087179025343408 off 0.04007939298360674	false	1.0
vermeidung	neg 1.0		__DUMMY__ 0.9159952737324125 off 0.042437885950460795 neg 0.04156684031712676	false	0.5
dominieren	neg 1.0		__DUMMY__ 0.9215586618948932 neg 0.04400216081401442 off 0.0344391772910924	false	1.0
schwindlig	neg 1.0		__DUMMY__ 0.9201883985801596 neg 0.041087217664482964 off 0.03872438375535756	false	1.0
lutscher	neg 1.0	neg 1.0	neg 0.507105895952965 __DUMMY__ 0.4476509737460884 off 0.04524313030094657	false	1.0
pflicht	neg 1.0		__DUMMY__ 0.9218139603837162 neg 0.04474654139547554 off 0.033439498220808175	false	1.0
faschist	off 1.0		__DUMMY__ 0.9181901065166467 neg 0.04123514552812338 off 0.04057474795522993	false	0.5
verschleudern	neg 1.0		__DUMMY__ 0.9220873946458844 neg 0.04386870981245083 off 0.034043895541664745	false	1.0
wenn			__DUMMY__ 0.9179366283402041 neg 0.04108757748450464 off 0.04097579417529138	false	0.0
ehebruch	neg 1.0		__DUMMY__ 0.9204016877899838 neg 0.04434391964137321 off 0.03525439256864297	false	1.0
spott	off 1.0		__DUMMY__ 0.9207734435593583 neg 0.044289734305757035 off 0.03493682213488463	false	0.5
trostlosigkeit	neg 1.0		__DUMMY__ 0.9221420877837483 neg 0.045136667175361266 off 0.03272124504089044	false	1.0
lutschen	neg 1.0		__DUMMY__ 0.915249158970367 neg 0.04418676288277986 off 0.04056407814685318	false	1.0
undiszipliniert	neg 1.0		__DUMMY__ 0.915865369041161 off 0.0438123168381911 neg 0.040322314120647865	false	0.5
kopfschmerz	neg 1.0		__DUMMY__ 0.9182928227653057 neg 0.04630067693134205 off 0.0354065003033523	false	1.0
unvorhergesehen	neg 1.0		__DUMMY__ 0.9256795841462065 neg 0.04118442807298254 off 0.03313598778081084	false	1.0
desinteressiert	neg 1.0	neg 1.0	neg 0.5074521699096672 __DUMMY__ 0.4529483845156702 off 0.03959944557466247	false	1.0
armselig	off 1.0		__DUMMY__ 0.9137465248131426 off 0.04465719261610694 neg 0.04159628257075051	false	1.0
desaster	neg 1.0		__DUMMY__ 0.9236811392175804 neg 0.0443373638409808 off 0.031981496941438724	false	1.0
tod	neg 1.0		__DUMMY__ 0.9209318916005694 neg 0.044278707727975576 off 0.03478940067145503	false	1.0
herzlos	neg 1.0		__DUMMY__ 0.9150017539300533 off 0.04439582332261007 neg 0.04060242274733658	false	0.5
unwissenheit	neg 1.0		__DUMMY__ 0.9196918840328577 neg 0.044419648611075176 off 0.035888467356067044	false	1.0
widersinnig	neg 1.0		__DUMMY__ 0.918529855794834 neg 0.0453468814079608 off 0.03612326279720521	false	1.0
bedenklich	neg 1.0		__DUMMY__ 0.9205014198522192 neg 0.044314556500674104 off 0.0351840236471066	false	1.0
beanstanden	neg 1.0		__DUMMY__ 0.9230975364851869 neg 0.043839924732143924 off 0.03306253878266912	false	1.0
panisch	neg 1.0	neg 1.0	neg 0.5057944407281613 __DUMMY__ 0.45867927295154987 off 0.03552628632028882	false	1.0
debil	off 1.0		__DUMMY__ 0.9271692150761891 neg 0.04467999436490525 off 0.028150790558905688	false	0.5
abstrich	neg 1.0		__DUMMY__ 0.9244749197455345 neg 0.040070459983554976 off 0.03545462027091053	false	1.0
primitiv	neg 1.0		__DUMMY__ 0.9152621987307741 off 0.043205257162135136 neg 0.04153254410709076	false	0.5
abschaum	off 1.0	off 1.0	off 0.5083901226197147 __DUMMY__ 0.4529422146753995 neg 0.038667662704885856	false	1.0
provozieren	neg 1.0		__DUMMY__ 0.9173635733079708 neg 0.04405843445445826 off 0.038577992237570934	false	1.0
tot	neg 1.0		__DUMMY__ 0.9208827433686044 neg 0.044164253121121835 off 0.03495300351027376	false	1.0
instabil	neg 1.0		__DUMMY__ 0.9143022247167822 off 0.04401372746082463 neg 0.04168404782239323	false	0.5
schwuchtel	off 1.0	off 1.0	off 0.5180719747022474 __DUMMY__ 0.44409372680965953 neg 0.03783429848809309	false	1.0
zerren	neg 1.0		__DUMMY__ 0.9207244395356117 neg 0.0432394850667416 off 0.0360360753976468	false	1.0
kinderficker	off 1.0		__DUMMY__ 0.9136889940548596 off 0.04672393758001774 neg 0.03958706836512275	false	1.0
gefahr	neg 1.0		__DUMMY__ 0.9235444879399904 neg 0.04353334148898963 off 0.03292217057101995	false	1.0
rabiat	neg 1.0		__DUMMY__ 0.9198470540234867 neg 0.04235648014964879 off 0.03779646582686456	false	1.0
verlangsamung	neg 1.0		__DUMMY__ 0.9085133738721769 off 0.048124563777533824 neg 0.043362062350289284	false	0.5
ausgestorben	neg 1.0		__DUMMY__ 0.9207475115559566 neg 0.04179631413298417 off 0.0374561743110592	false	1.0
anklagen	neg 1.0		__DUMMY__ 0.9200308055386538 neg 0.044616457835352084 off 0.03535273662599414	false	1.0
trott	neg 1.0		__DUMMY__ 0.9201153624863689 neg 0.04283321846980015 off 0.03705141904383085	false	1.0
verminderung	neg 1.0		__DUMMY__ 0.9164122131726191 off 0.04268144023845207 neg 0.040906346588928756	false	0.5
nach			__DUMMY__ 0.9291238338614678 neg 0.04129834546985484 off 0.02957782066867726	false	0.0
rost	neg 1.0		__DUMMY__ 0.9122705842599541 off 0.046734032141013127 neg 0.04099538359903275	false	0.5
destruktiv	neg 1.0		__DUMMY__ 0.9189999558373837 neg 0.04339816314037255 off 0.03760188102224377	false	1.0
unzumutbarkeit	neg 1.0		__DUMMY__ 0.9170257334002198 off 0.04176193786530723 neg 0.04121232873447291	false	0.5
labil	off 1.0	off 1.0	off 0.5077710577708184 __DUMMY__ 0.45358840169199155 neg 0.03864054053719	false	1.0
ziemlich	neg 1.0		__DUMMY__ 0.9186744938744938 off 0.042186085974926416 neg 0.03913942015057969	false	0.5
lachnummer	off 1.0		__DUMMY__ 0.9184434263789972 neg 0.04321247007229905 off 0.03834410354870374	false	0.5
oder			__DUMMY__ 0.921535638680382 neg 0.0404441374871712 off 0.0380202238324468	false	0.0
verfall	neg 1.0		__DUMMY__ 0.924494432636744 neg 0.04556456889993917 off 0.029940998463316777	false	1.0
ausgrenzung	neg 1.0		__DUMMY__ 0.9185959800842215 neg 0.04234457704779822 off 0.039059442867980236	false	1.0
unordnung	neg 1.0		__DUMMY__ 0.9175348787422076 off 0.043659205368055266 neg 0.03880591588973713	false	0.5
fehlverhalten	neg 1.0		__DUMMY__ 0.9203085175355464 neg 0.04572883593587121 off 0.033962646528582316	false	1.0
eine			__DUMMY__ 0.9247873114212506 neg 0.042132108578343215 off 0.03308058000040613	false	0.0
nille	neg 1.0		__DUMMY__ 0.9206662570551175 neg 0.042081996308856076 off 0.037251746636026435	false	1.0
qual	neg 1.0		__DUMMY__ 0.9204688323812914 neg 0.0427708404476017 off 0.03676032717110689	false	1.0
verschwenden	neg 1.0		__DUMMY__ 0.9203529365389956 neg 0.045139255403103436 off 0.03450780805790094	false	1.0
riesig	neg 1.0		__DUMMY__ 0.9219620639601331 neg 0.04359561153762364 off 0.03444232450224314	false	1.0
verurteilen	neg 1.0		__DUMMY__ 0.9187890763412576 neg 0.045260153195396356 off 0.03595077046334599	false	1.0
klischee	neg 1.0	neg 1.0	neg 0.5089353367802995 __DUMMY__ 0.4539371334526649 off 0.03712752976703557	false	1.0
diktatorisch	neg 1.0		__DUMMY__ 0.9179164662398738 neg 0.043294066375354254 off 0.03878946738477201	false	1.0
vorhersehbar	neg 1.0		__DUMMY__ 0.9165775447291049 neg 0.043006702146482965 off 0.04041575312441215	false	1.0
sowie			__DUMMY__ 0.9116268411335087 off 0.046094294711132966 neg 0.04227886415535836	false	0.0
stornieren	neg 1.0		__DUMMY__ 0.9249009453225933 off 0.038733261303371375 neg 0.03636579337403547	false	0.5
besteuerung	neg 1.0		__DUMMY__ 0.9155683698210486 neg 0.046538728940834176 off 0.03789290123811716	false	1.0
ungeschminkt	neg 1.0		__DUMMY__ 0.911754818385074 neg 0.04571630212729427 off 0.04252887948763171	false	1.0
kritisch	neg 1.0		__DUMMY__ 0.921236329368934 neg 0.043730498601898496 off 0.03503317202916755	false	1.0
schlamperei	off 1.0		__DUMMY__ 0.9227498081961495 neg 0.04335548125293674 off 0.0338947105509138	false	0.5
sucht	neg 1.0	neg 1.0	neg 0.5049125157475249 __DUMMY__ 0.4612419996825862 off 0.03384548456988885	false	1.0
egoistisch	off 1.0		__DUMMY__ 0.91225736877841 off 0.046774716483906395 neg 0.04096791473768353	false	1.0
ausbeuter	off 1.0		__DUMMY__ 0.9197406302069274 neg 0.046295256752658207 off 0.03396411304041441	false	0.5
arschgeburt	off 1.0		__DUMMY__ 0.9036292081085412 off 0.05319539040477844 neg 0.043175401486680434	false	1.0
schubs	neg 1.0		__DUMMY__ 0.9217122541071774 neg 0.04285528703823945 off 0.03543245885458314	false	1.0
unsolide	neg 1.0		__DUMMY__ 0.9170426633631427 neg 0.043733396157993196 off 0.03922394047886413	false	1.0
beschwerde	neg 1.0		__DUMMY__ 0.9204605185869656 neg 0.04501393772209346 off 0.034525543690940914	false	1.0
stocken	neg 1.0		__DUMMY__ 0.9214268481833183 neg 0.04448200688008498 off 0.03409114493659672	false	1.0
isolieren	neg 1.0		__DUMMY__ 0.9217166856081357 neg 0.04297175699050942 off 0.03531155740135485	false	1.0
unheilbar	neg 1.0		__DUMMY__ 0.9201797170732245 neg 0.04181979531842842 off 0.03800048760834712	false	1.0
pisser	off 1.0		__DUMMY__ 0.9120682923442975 off 0.04420314303576991 neg 0.04372856461993251	false	1.0
löschen	neg 1.0		__DUMMY__ 0.9197418841963453 neg 0.04287136670960041 off 0.037386749094054254	false	1.0
durchfallen	neg 1.0		__DUMMY__ 0.9199276796578577 neg 0.04458496093163411 off 0.03548735941050816	false	1.0
wichser	off 1.0	off 1.0	off 0.5158473677114679 __DUMMY__ 0.44735047578361425 neg 0.03680215650491791	false	1.0
terror	neg 1.0		__DUMMY__ 0.9190412059021245 neg 0.041280131720430886 off 0.03967866237744467	false	1.0
krass	neg 1.0		__DUMMY__ 0.9137187053949707 off 0.044587805983670056 neg 0.04169348862135921	false	0.5
revolte	neg 1.0		__DUMMY__ 0.9175107313185835 neg 0.043140394694412214 off 0.03934887398700433	false	1.0
besorgt	neg 1.0		__DUMMY__ 0.9241790283119079 neg 0.03981314811609292 off 0.03600782357199919	false	1.0
nachlassen	neg 1.0		__DUMMY__ 0.9241894872293792 neg 0.042172110152952795 off 0.03363840261766793	false	1.0
alt	neg 1.0		__DUMMY__ 0.9202195968166986 neg 0.044827105293621265 off 0.034953297889680046	false	1.0
hundesohn	off 1.0		__DUMMY__ 0.9080860235104073 off 0.050391846223681244 neg 0.04152213026591145	false	1.0
als			__DUMMY__ 0.9220143056166397 neg 0.04204311612349976 off 0.03594257825986056	false	0.0
abschreckung	neg 1.0		__DUMMY__ 0.9224442877898792 neg 0.04460387537637105 off 0.03295183683374967	false	1.0
unqualifiziert	neg 1.0		__DUMMY__ 0.9164234814010846 neg 0.04239631406963766 off 0.04118020452927773	false	1.0
abgewichst	off 1.0		__DUMMY__ 0.9216492077755132 neg 0.04180618659641153 off 0.036544605628075294	false	0.5
schwer	neg 1.0		__DUMMY__ 0.9197603756531082 neg 0.043002184135046286 off 0.037237440211845524	false	1.0
bedeutungslosigkeit	neg 1.0		__DUMMY__ 0.9217935067613059 neg 0.04442062206657418 off 0.033785871172120036	false	1.0
kapitulation	neg 1.0		__DUMMY__ 0.9214176259584289 neg 0.04381334183718685 off 0.03476903220438427	false	1.0
unscharf	neg 1.0		__DUMMY__ 0.916556417939838 neg 0.04449191089704887 off 0.038951671163113134	false	1.0
schwinden	neg 1.0		__DUMMY__ 0.9216892283578552 neg 0.044873694473877256 off 0.033437077168267555	false	1.0
versklavung	neg 1.0		__DUMMY__ 0.9185206822068849 neg 0.043155889697109 off 0.03832342809600611	false	1.0
schlecht	neg 1.0		__DUMMY__ 0.9186674339326589 off 0.04240974929157578 neg 0.03892281677576524	false	0.5
verhasst	neg 1.0		__DUMMY__ 0.9160244482072062 neg 0.044909741400963384 off 0.03906581039183044	false	1.0
beschweren	neg 1.0		__DUMMY__ 0.9194722127889324 neg 0.041250358960642344 off 0.03927742825042524	false	1.0
scheiden	neg 1.0		__DUMMY__ 0.922517888838569 neg 0.04053206767902334 off 0.03695004348240773	false	1.0
frustriert	neg 1.0		__DUMMY__ 0.9197001615254493 neg 0.04367404934767537 off 0.03662578912687539	false	1.0
schimmelig	neg 1.0		__DUMMY__ 0.9178505650879804 neg 0.04744581480568202 off 0.03470362010633767	false	1.0
fisch	neg 1.0		__DUMMY__ 0.9207136251848732 neg 0.04705144522438187 off 0.03223492959074496	false	1.0
schmuggel	neg 1.0		__DUMMY__ 0.9201141655074703 neg 0.04591444160799074 off 0.033971392884538966	false	1.0
auffallen	neg 1.0		__DUMMY__ 0.9188899272229342 neg 0.04125869601808642 off 0.039851376758979436	false	1.0
konkurrenz	neg 1.0		__DUMMY__ 0.923966364885789 neg 0.04333974164923704 off 0.03269389346497385	false	1.0
teufelskreis	neg 1.0	neg 1.0	neg 0.510872884147029 __DUMMY__ 0.4549691403918962 off 0.034157975461074776	false	1.0
aufschreien	neg 1.0		__DUMMY__ 0.9173963754832735 neg 0.04260384886295038 off 0.0399997756537762	false	1.0
schuldner	neg 1.0		__DUMMY__ 0.9201269749333709 neg 0.04661685858737202 off 0.03325616647925706	false	1.0
missgeburt	off 1.0	off 1.0	off 0.5130217908992407 __DUMMY__ 0.4465138668570422 neg 0.040464342243717026	false	1.0
arbeitslos	neg 1.0		__DUMMY__ 0.919540399481664 neg 0.04460184976822806 off 0.035857750750107976	false	1.0
befallen	neg 1.0		__DUMMY__ 0.91718986700591 neg 0.046391359879077436 off 0.03641877311501259	false	1.0
miesepetrig	off 1.0	off 1.0	off 0.5078455592822119 __DUMMY__ 0.45534335691729716 neg 0.03681108380049117	false	1.0
alarmieren	neg 1.0		__DUMMY__ 0.9141680096039938 neg 0.04440488096633406 off 0.04142710942967206	false	1.0
ungeduscht	off 1.0		__DUMMY__ 0.9151526560789751 neg 0.044392690418866725 off 0.04045465350215822	false	0.5
knappheit	neg 1.0		__DUMMY__ 0.9190772096983675 neg 0.045629410769269484 off 0.03529337953236297	false	1.0
schlange	neg 1.0		__DUMMY__ 0.9221605556619721 neg 0.03930408246188396 off 0.03853536187614394	false	1.0
harsch	neg 1.0		__DUMMY__ 0.9152857815036605 off 0.04558144447802427 neg 0.0391327740183152	false	0.5
lang	neg 1.0		__DUMMY__ 0.9197968944047509 neg 0.042123363828238586 off 0.03807974176701052	false	1.0
ziellos	neg 1.0		__DUMMY__ 0.9230749496201198 neg 0.04197671224798254 off 0.03494833813189767	false	1.0
selbstverliebt	neg 1.0		__DUMMY__ 0.9075457771687454 off 0.05108645504840155 neg 0.041367767782853095	false	0.5
beseitigen	neg 1.0		__DUMMY__ 0.9213009079390568 neg 0.04249802651563207 off 0.03620106554531103	false	1.0
dumm	off 1.0		__DUMMY__ 0.912960892983003 off 0.04718238094054487 neg 0.03985672607645223	false	1.0
arbeitsloser	neg 1.0		__DUMMY__ 0.9225536011432115 neg 0.04157028028002548 off 0.03587611857676306	false	1.0
blitzen	neg 1.0		__DUMMY__ 0.918862805153457 neg 0.041050103173439996 off 0.040087091673102995	false	1.0
hilflos	neg 1.0		__DUMMY__ 0.9193309357876334 neg 0.044505158128959936 off 0.03616390608340679	false	1.0
eklig	off 1.0		__DUMMY__ 0.9096014177881675 off 0.04767541526382866 neg 0.04272316694800394	false	1.0
begriff			__DUMMY__ 0.920444181175839 neg 0.04239375529587359 off 0.037162063528287284	false	0.0
hungersnot	neg 1.0		__DUMMY__ 0.9197593866230369 neg 0.04466274940748912 off 0.03557786396947391	false	1.0
ungesetzlich	neg 1.0		__DUMMY__ 0.9171260749716287 neg 0.0441199919529628 off 0.03875393307540855	false	1.0
verschwendung	neg 1.0		__DUMMY__ 0.9213678002478609 neg 0.0444261695766004 off 0.034206030175538714	false	1.0
schmerzvoll	neg 1.0		__DUMMY__ 0.918637783981983 neg 0.04241187680620441 off 0.03895033921181254	false	1.0
vorzeitig	neg 1.0		__DUMMY__ 0.9172417748404023 neg 0.04306594827066677 off 0.039692276888931	false	1.0
unvollkommenheit	neg 1.0		__DUMMY__ 0.9245383231357563 neg 0.04061149761755211 off 0.03485017924669152	false	1.0
intervenieren	neg 1.0		__DUMMY__ 0.9207798702834897 neg 0.04495958361720316 off 0.034260546099307086	false	1.0
banause	off 1.0		__DUMMY__ 0.9063466605592297 off 0.04980338545654503 neg 0.04384995398422518	false	1.0
rebell	neg 1.0		__DUMMY__ 0.9226466962648114 neg 0.046600704766456114 off 0.030752598968732503	false	1.0
unlogisch	neg 1.0		__DUMMY__ 0.9143970604139992 off 0.0442884880562524 neg 0.04131445152974843	false	0.5
leiden	neg 1.0		__DUMMY__ 0.92531838116058 neg 0.04191094845034672 off 0.03277067038907333	false	1.0
abschaffung	neg 1.0		__DUMMY__ 0.9197023723732419 neg 0.04247320575546543 off 0.03782442187129267	false	1.0
sturz	neg 1.0		__DUMMY__ 0.9189728425033815 neg 0.0435393954063448 off 0.037487762090273685	false	1.0
verkleinerung	neg 1.0		__DUMMY__ 0.9159262106040122 neg 0.043954918677830884 off 0.040118870718156896	false	1.0
schmarotzer	off 1.0		__DUMMY__ 0.9190542247424373 neg 0.04439801210368158 off 0.036547763153881085	false	0.5
bestrafung	neg 1.0		__DUMMY__ 0.9184707197002704 neg 0.0430172509657318 off 0.0385120293339978	false	1.0
achtlos	neg 1.0	neg 1.0	neg 0.5085827511357006 __DUMMY__ 0.4577850616701673 off 0.03363218719413216	false	1.0
ungeheuer	neg 1.0		__DUMMY__ 0.9185852950060546 neg 0.04210748770573272 off 0.03930721728821271	false	1.0
