unsolidarisch	neg 1.0		__DUMMY__ 0.9175756356020398 neg 0.04466505554775923 off 0.03775930885020091	false	1.0
nachteilig	neg 1.0		__DUMMY__ 0.9224997282118732 neg 0.04343797607981822 off 0.0340622957083085	false	1.0
skeptisch	neg 1.0		__DUMMY__ 0.9222865880046458 neg 0.043947862254339325 off 0.033765549741014915	false	1.0
schrecklich	neg 1.0		__DUMMY__ 0.9157783953703965 off 0.04482580775925831 neg 0.03939579687034518	false	0.5
schlapp	neg 1.0		__DUMMY__ 0.9182200994333106 off 0.04135218023749942 neg 0.04042772032919002	false	0.5
abfall	neg 1.0		__DUMMY__ 0.9252955993467251 neg 0.043859039326749914 off 0.030845361326524948	false	1.0
widerspenstig	neg 1.0		__DUMMY__ 0.9201631334597489 neg 0.042490272945396625 off 0.03734659359485458	false	1.0
abrupt	neg 1.0		__DUMMY__ 0.92284673948211 neg 0.043299635211964976 off 0.03385362530592502	false	1.0
unwirksam	neg 1.0		__DUMMY__ 0.917122359385175 neg 0.0455508328830298 off 0.03732680773179525	false	1.0
angreifen	neg 1.0		__DUMMY__ 0.9204808414953181 neg 0.04568547142261405 off 0.03383368708206791	false	1.0
inkonsistent	neg 1.0		__DUMMY__ 0.9166215489779109 neg 0.04551208262824414 off 0.03786636839384489	false	1.0
abrutschen	neg 1.0		__DUMMY__ 0.9236770156727256 neg 0.04501138666253187 off 0.03131159766474238	false	1.0
unsicher	neg 1.0		__DUMMY__ 0.9222467739890247 neg 0.040302977464414816 off 0.03745024854656058	false	1.0
bauernkind	off 1.0	off 1.0	off 0.5112826887658068 __DUMMY__ 0.445179044827989 neg 0.043538266406204194	false	1.0
angreifer	neg 1.0	neg 1.0	neg 0.5082237712062584 __DUMMY__ 0.4563598091732805 off 0.03541641962046115	false	1.0
trennen	neg 1.0		__DUMMY__ 0.924224553481949 neg 0.042576031246803585 off 0.03319941527124739	false	1.0
schmutz	neg 1.0		__DUMMY__ 0.9210268618785717 neg 0.040721511841368546 off 0.038251626280059715	false	1.0
inkonsistenz	neg 1.0		__DUMMY__ 0.9137045742816903 neg 0.04421955863071544 off 0.0420758670875944	false	1.0
erschreckend	neg 1.0		__DUMMY__ 0.9193755203573434 neg 0.04349192655001568 off 0.037132553092640984	false	1.0
ertrinken	neg 1.0		__DUMMY__ 0.919847522495007 neg 0.04623428789775295 off 0.03391818960724013	false	1.0
pickelface	off 1.0		__DUMMY__ 0.9203491022851575 neg 0.04298327115236088 off 0.036667626562481584	false	0.5
seiner			__DUMMY__ 0.9220814217903733 neg 0.04396059638200528 off 0.0339579818276213	false	0.0
lauch	neg 1.0		__DUMMY__ 0.9239548621056929 neg 0.04472906202544641 off 0.031316075868860795	false	1.0
unwichtig	neg 1.0		__DUMMY__ 0.916841333923767 neg 0.04161235028990773 off 0.041546315786325345	false	1.0
steuerhinterziehung	neg 1.0	neg 1.0	neg 0.5104474582817702 __DUMMY__ 0.45711398663519576 off 0.03243855508303412	false	1.0
schock	neg 1.0		__DUMMY__ 0.9198353750795781 neg 0.04342693062002345 off 0.036737694300398374	false	1.0
beule	neg 1.0		__DUMMY__ 0.9153289090660288 neg 0.04258512592518073 off 0.04208596500879045	false	1.0
vergelten	neg 1.0		__DUMMY__ 0.9187227904215739 off 0.043991277510569124 neg 0.0372859320678571	false	0.5
verdorbenheit	neg 1.0		__DUMMY__ 0.9221709307371363 neg 0.04043327948407729 off 0.03739578977878638	false	1.0
trauma	neg 1.0		__DUMMY__ 0.9192163888753825 neg 0.04258943931982987 off 0.03819417180478769	false	1.0
sinnlos	neg 1.0		__DUMMY__ 0.9193338189360167 neg 0.041339039210921254 off 0.039327141853062006	false	1.0
fettsack	off 1.0	off 1.0	off 0.5121539208438133 __DUMMY__ 0.44663521930497413 neg 0.041210859851212554	false	1.0
feige	off 1.0	off 1.0	off 0.5082923746065369 __DUMMY__ 0.4517659654901124 neg 0.03994165990335066	false	1.0
abdanken	neg 1.0		__DUMMY__ 0.9193836347226977 neg 0.043291309677006985 off 0.03732505560029538	false	1.0
wichtigtuer	off 1.0	off 1.0	off 0.5064612025960696 __DUMMY__ 0.45456575482142336 neg 0.03897304258250699	false	1.0
misslingen	neg 1.0		__DUMMY__ 0.9258037744092925 off 0.03732229721521826 neg 0.03687392837548917	false	0.5
untreu	off 1.0		__DUMMY__ 0.9169709471517774 off 0.041837926350065106 neg 0.04119112649815742	false	1.0
missmutig	neg 1.0		__DUMMY__ 0.9175392101636914 neg 0.041300668780778454 off 0.0411601210555301	false	1.0
hurenbock	off 1.0		__DUMMY__ 0.9185207338224531 neg 0.04285062082910776 off 0.03862864534843916	false	0.5
betrunken	neg 1.0		__DUMMY__ 0.9170092101956914 off 0.04280445520230765 neg 0.040186334602000946	false	0.5
korrupt	off 1.0		__DUMMY__ 0.918052729408477 neg 0.04597282223691529 off 0.03597444835460767	false	0.5
unmut	neg 1.0		__DUMMY__ 0.9243377438930755 neg 0.04420051156926418 off 0.03146174453766037	false	1.0
hackfresse	off 1.0		__DUMMY__ 0.9121336832593757 off 0.04768013903760778 neg 0.04018617770301652	false	1.0
aufblasen	neg 1.0		__DUMMY__ 0.920122414191718 neg 0.04110157698532531 off 0.03877600882295666	false	1.0
gewaltsam	neg 1.0		__DUMMY__ 0.9190390839543235 neg 0.04470967992993119 off 0.03625123611574527	false	1.0
unbeliebtheit	neg 1.0		__DUMMY__ 0.9148631913461582 neg 0.04422270316745872 off 0.04091410548638307	false	1.0
sturheit	neg 1.0		__DUMMY__ 0.9189199757536584 neg 0.044338104859023154 off 0.036741919387318384	false	1.0
kuh	neg 1.0		__DUMMY__ 0.9138505936934042 neg 0.04700020937531394 off 0.039149196931281965	false	1.0
erschrecken	neg 1.0		__DUMMY__ 0.918912318661821 off 0.0409455929201257 neg 0.0401420884180533	false	0.5
opfer	neg 1.0		__DUMMY__ 0.9213906173562393 neg 0.04372571565099208 off 0.03488366699276865	false	1.0
sinken	neg 1.0		__DUMMY__ 0.9241801560660651 neg 0.04407834737086593 off 0.03174149656306897	false	1.0
stinktier	neg 1.0		__DUMMY__ 0.9074646508083266 neg 0.046968552252606516 off 0.04556679693906691	false	1.0
tucke	off 1.0		__DUMMY__ 0.9083073684785806 off 0.048502984220921946 neg 0.04318964730049748	false	1.0
ein			__DUMMY__ 0.9194023667069906 neg 0.042502626911001984 off 0.038095006382007406	false	0.0
abstieg	neg 1.0		__DUMMY__ 0.9211440680127572 neg 0.04486433530622127 off 0.033991596681021495	false	1.0
missverstehen	neg 1.0		__DUMMY__ 0.9171826689905085 neg 0.04265775242904181 off 0.04015957858044973	false	1.0
ergebnislos	neg 1.0		__DUMMY__ 0.9221047028173665 neg 0.04415019875573561 off 0.033745098426898	false	1.0
unter			__DUMMY__ 0.9293689410061629 neg 0.043416519913916256 off 0.027214539079920982	false	0.0
manipulieren	neg 1.0		__DUMMY__ 0.9231561555213735 neg 0.04339205018790764 off 0.03345179429071885	false	1.0
unbewiesen	neg 1.0		__DUMMY__ 0.9165219003647576 neg 0.045686505608761065 off 0.03779159402648141	false	1.0
verschleppen	neg 1.0		__DUMMY__ 0.9194739075005093 neg 0.045312990730857795 off 0.03521310176863301	false	1.0
weib	off 1.0		__DUMMY__ 0.9058974066348274 off 0.04842703156179923 neg 0.04567556180337327	false	1.0
opposition	neg 1.0		__DUMMY__ 0.91723002114041 neg 0.04421331126189651 off 0.038556667597693564	false	1.0
verkehrswidrig	neg 1.0		__DUMMY__ 0.9184283250650569 off 0.0442692908314132 neg 0.03730238410352998	false	0.5
inkorrekt	neg 1.0		__DUMMY__ 0.9135074106829278 off 0.04472753403562307 neg 0.041765055281449005	false	0.5
vermeiden	neg 1.0	neg 1.0	neg 0.508227372387679 __DUMMY__ 0.4646493830876372 off 0.02712324452468384	false	1.0
abweichung	neg 1.0	neg 1.0	neg 0.5068125821823196 __DUMMY__ 0.46165652224710385 off 0.031530895570576666	false	1.0
alkoholisiert	neg 1.0		__DUMMY__ 0.9234279889484903 neg 0.04336572244005993 off 0.03320628861144976	false	1.0
scheiss	off 1.0	off 1.0	off 0.5078352445323873 __DUMMY__ 0.4529478590112542 neg 0.0392168964563586	false	1.0
herausforderung	neg 1.0		__DUMMY__ 0.9244540599406248 neg 0.04203163915400865 off 0.03351430090536654	false	1.0
pervers	off 1.0		__DUMMY__ 0.9084961663421885 off 0.05050804690972215 neg 0.040995786748089416	false	1.0
wackelig	neg 1.0		__DUMMY__ 0.9251182411979598 neg 0.0393821438866264 off 0.03549961491541381	false	1.0
verwickeln	neg 1.0		__DUMMY__ 0.917666457200811 neg 0.042578380655709014 off 0.03975516214347997	false	1.0
vorwand	neg 1.0		__DUMMY__ 0.9219129132274472 neg 0.04469844290220092 off 0.033388643870351856	false	1.0
muschi	off 1.0		__DUMMY__ 0.920292898719294 neg 0.042853522699209036 off 0.036853578581496925	false	0.5
entmutigung	neg 1.0		__DUMMY__ 0.9186092817415852 neg 0.042661619982945986 off 0.03872909827546883	false	1.0
unangemessen	neg 1.0		__DUMMY__ 0.9188815128180781 neg 0.04455631025392612 off 0.03656217692799583	false	1.0
unstetig	neg 1.0		__DUMMY__ 0.9189770924893267 neg 0.041764525908397944 off 0.039258381602275294	false	1.0
entmutigen	neg 1.0		__DUMMY__ 0.9198017874716669 neg 0.04193480661797086 off 0.038263405910362334	false	1.0
schwanz	neg 1.0		__DUMMY__ 0.9212062919124326 neg 0.044193709415700014 off 0.0345999986718673	false	1.0
verbot	neg 1.0		__DUMMY__ 0.9203049836264753 neg 0.044123405058515454 off 0.03557161131500922	false	1.0
leid	neg 1.0		__DUMMY__ 0.9132185352816709 off 0.04610235300712434 neg 0.04067911171120478	false	0.5
archaisch	neg 1.0		__DUMMY__ 0.9193780771814762 neg 0.044097180109187534 off 0.03652474270933622	false	1.0
gegen			__DUMMY__ 0.9234362577371981 neg 0.044422622132094046 off 0.032141120130707926	false	0.0
scheidung	neg 1.0		__DUMMY__ 0.9108960987737982 off 0.0541190790457599 neg 0.03498482218044194	false	0.5
einschlag	neg 1.0		__DUMMY__ 0.9159264624306843 off 0.04381484136106731 neg 0.040258696208248373	false	0.5
m			__DUMMY__ 0.9223609973572264 neg 0.04220919202533909 off 0.035429810617434436	false	0.0
abgestanden	neg 1.0		__DUMMY__ 0.9178050246013035 neg 0.044935960081027224 off 0.03725901531766918	false	1.0
schmierig	off 1.0		__DUMMY__ 0.9145750134172516 off 0.04546276327248267 neg 0.03996222331026571	false	1.0
unpraktisch	neg 1.0		__DUMMY__ 0.9198685153990851 neg 0.04173867274950942 off 0.03839281185140553	false	1.0
wixxer	off 1.0		__DUMMY__ 0.9062822914390652 off 0.050736818951119964 neg 0.04298088960981472	false	1.0
bezeichnet			__DUMMY__ 0.917257987285553 neg 0.04489424814655329 off 0.0378477645678938	false	0.0
jammerlappen	off 1.0		__DUMMY__ 0.9186582165894592 off 0.041499033266071336 neg 0.03984275014446945	false	1.0
farce	neg 1.0		__DUMMY__ 0.9187631800075461 neg 0.0449138211945252 off 0.0363229987979288	false	1.0
zwecklos	neg 1.0		__DUMMY__ 0.9192270960089394 neg 0.04455790912964513 off 0.0362149948614155	false	1.0
turbulent	neg 1.0		__DUMMY__ 0.9142952759482226 neg 0.04314685178257317 off 0.04255787226920416	false	1.0
invasion	neg 1.0		__DUMMY__ 0.9186848058099893 neg 0.042256882234245605 off 0.03905831195576514	false	1.0
schuld	neg 1.0		__DUMMY__ 0.9181230129406517 neg 0.04326050471163683 off 0.03861648234771153	false	1.0
risiko	neg 1.0	neg 1.0	neg 0.5062870579238775 __DUMMY__ 0.45896504022091744 off 0.034747901855205085	false	1.0
finster	neg 1.0		__DUMMY__ 0.9174499626503605 neg 0.044464028166839184 off 0.0380860091828003	false	1.0
geisteskrank	off 1.0		__DUMMY__ 0.9136950378031449 off 0.043171803784090065 neg 0.043133158412765084	false	1.0
zusammenbrechen	neg 1.0		__DUMMY__ 0.9211123073518308 neg 0.04272287370614876 off 0.036164818942020456	false	1.0
ausbeute	neg 1.0		__DUMMY__ 0.9295618072712244 neg 0.03644313399025142 off 0.033995058738524105	false	1.0
hinterhalt	neg 1.0		__DUMMY__ 0.9223891491356003 neg 0.042015001427502946 off 0.03559584943689675	false	1.0
kritik	neg 1.0		__DUMMY__ 0.9185278447135279 neg 0.04525840618804249 off 0.03621374909842959	false	1.0
einschrumpfen	neg 1.0		__DUMMY__ 0.9153528837491713 neg 0.04386790314920967 off 0.04077921310161894	false	1.0
riskant	neg 1.0		__DUMMY__ 0.9203374859550859 neg 0.045397775947010874 off 0.034264738097903244	false	1.0
frustrieren	neg 1.0		__DUMMY__ 0.9208629396004291 neg 0.04418405987491151 off 0.0349530005246594	false	1.0
groll	neg 1.0		__DUMMY__ 0.9194224849983008 neg 0.044735648059450704 off 0.035841866942248495	false	1.0
gibt			__DUMMY__ 0.9217241512770098 neg 0.04197329643052433 off 0.036302552292465935	false	0.0
qualvoll	neg 1.0		__DUMMY__ 0.917743252172253 neg 0.042390841121668243 off 0.03986590670607864	false	1.0
wackeln	neg 1.0		__DUMMY__ 0.9212665289660548 neg 0.04069257213593695 off 0.03804089889800821	false	1.0
klagen	neg 1.0		__DUMMY__ 0.9234810951705247 neg 0.04443646731586322 off 0.03208243751361216	false	1.0
bankrott	neg 1.0		__DUMMY__ 0.9190005754287168 off 0.04066517406656651 neg 0.04033425050471665	false	0.5
trauern	neg 1.0		__DUMMY__ 0.922169892583345 neg 0.04345617366368919 off 0.034373933752965845	false	1.0
ablehnung	neg 1.0		__DUMMY__ 0.9191322710437438 neg 0.04483918857041825 off 0.036028540385837984	false	1.0
stur	neg 1.0		__DUMMY__ 0.9184060372490086 neg 0.04287854277116749 off 0.03871541997982392	false	1.0
aufruhr	neg 1.0	neg 1.0	neg 0.5092639615457802 __DUMMY__ 0.45730962600227315 off 0.03342641245194667	false	1.0
melancholie	neg 1.0		__DUMMY__ 0.9212716242175204 neg 0.044138123737623255 off 0.034590252044856315	false	1.0
ist			__DUMMY__ 0.9194598287016836 neg 0.04142122068577479 off 0.039118950612541566	false	0.0
torheit	neg 1.0		__DUMMY__ 0.920040145035481 neg 0.04202171389167328 off 0.03793814107284574	false	1.0
dreckskind	off 1.0		__DUMMY__ 0.9089393656746805 off 0.04706679747562888 neg 0.043993836849690646	false	1.0
umtauschen	neg 1.0		__DUMMY__ 0.9206974825221839 neg 0.04259913261347408 off 0.03670338486434206	false	1.0
zum			__DUMMY__ 0.929844592961194 neg 0.040478028957277125 off 0.029677378081528843	false	0.0
zersetzen	neg 1.0		__DUMMY__ 0.9204747711586143 neg 0.04591287533352598 off 0.03361235350785976	false	1.0
zur			__DUMMY__ 0.9271762212550773 neg 0.043325570134894464 off 0.029498208610028265	false	0.0
frust	neg 1.0		__DUMMY__ 0.9214824852201611 neg 0.042299221127974324 off 0.03621829365186466	false	1.0
unerbittlichkeit	neg 1.0		__DUMMY__ 0.9212347659103091 neg 0.04523513018844733 off 0.033530103901243564	false	1.0
zwei			__DUMMY__ 0.9280067175478847 neg 0.04143657839566669 off 0.030556704056448655	false	0.0
unkorrekt	neg 1.0		__DUMMY__ 0.9164332686588438 off 0.04414947843253734 neg 0.03941725290861896	false	0.5
hexe	off 1.0		__DUMMY__ 0.9118930931300065 neg 0.046694874919466244 off 0.04141203195052719	false	0.5
lasch	neg 1.0		__DUMMY__ 0.9161274781849854 neg 0.04294307153527669 off 0.04092945027973791	false	1.0
rivale	neg 1.0		__DUMMY__ 0.9152880464318797 off 0.04318238315458913 neg 0.04152957041353122	false	0.5
mutlos	off 1.0	off 1.0	off 0.501458372190626 __DUMMY__ 0.45699969272244884 neg 0.0415419350869254	false	1.0
wirr	off 1.0		__DUMMY__ 0.9127609247770173 off 0.044802691386891295 neg 0.04243638383609129	false	1.0
jahr			__DUMMY__ 0.9303379735261768 neg 0.0372245377210644 off 0.03243748875275882	false	0.0
wird			__DUMMY__ 0.9216439633708485 neg 0.04309090201428622 off 0.03526513461486519	false	0.0
strafbar	neg 1.0		__DUMMY__ 0.9219618013121329 neg 0.043350983648737726 off 0.034687215039129325	false	1.0
erosion	neg 1.0		__DUMMY__ 0.9217924159946895 neg 0.04093233180251077 off 0.03727525220279974	false	1.0
eingehen	neg 1.0		__DUMMY__ 0.9206558860989199 neg 0.04452843385009227 off 0.03481568005098785	false	1.0
faul	off 1.0		__DUMMY__ 0.9187554590356631 neg 0.04073699163885261 off 0.040507549325484185	false	0.5
provisorium	neg 1.0		__DUMMY__ 0.931803602614801 neg 0.04065882449552472 off 0.027537572889674327	false	1.0
schmerzen	neg 1.0		__DUMMY__ 0.9192661076274282 neg 0.04454244930760692 off 0.03619144306496493	false	1.0
schrumpfen	neg 1.0		__DUMMY__ 0.9238015071858123 neg 0.046230470707827466 off 0.029968022106360268	false	1.0
geistlos	off 1.0		__DUMMY__ 0.9147208869495794 neg 0.04512770677562385 off 0.040151406274796776	false	0.5
fehlkauf	neg 1.0		__DUMMY__ 0.9185086097078683 neg 0.042567134483523464 off 0.03892425580860825	false	1.0
frustrierend	neg 1.0		__DUMMY__ 0.9183590409620578 neg 0.040913594356708376 off 0.04072736468123375	false	1.0
unzufrieden	neg 1.0		__DUMMY__ 0.9199211720326101 neg 0.04407851648455816 off 0.03600031148283166	false	1.0
verzweifeln	neg 1.0		__DUMMY__ 0.9203799664386098 neg 0.04274613386289388 off 0.036873899698496394	false	1.0
verzweifelt	neg 1.0	neg 1.0	neg 0.5104176463927979 __DUMMY__ 0.4543654630999442 off 0.03521689050725786	false	1.0
misstrauensantrag	neg 1.0		__DUMMY__ 0.9184119384876008 neg 0.04258274039466197 off 0.03900532111773714	false	1.0
abfallen	neg 1.0		__DUMMY__ 0.9215022711721595 neg 0.040707750787586316 off 0.037789978040254225	false	1.0
fucker	off 1.0		__DUMMY__ 0.9157505939154856 off 0.04391759058482096 neg 0.04033181549969344	false	1.0
ungezogen	neg 1.0		__DUMMY__ 0.9100866131265296 off 0.04974578264830214 neg 0.040167604225168296	false	0.5
irrsinnig	neg 1.0	neg 1.0	neg 0.509687905541038 __DUMMY__ 0.4551170180989808 off 0.035195076359981044	false	1.0
unfassbar	neg 1.0		__DUMMY__ 0.9178037668876028 off 0.04241752183005087 neg 0.03977871128234635	false	0.5
hart	neg 1.0		__DUMMY__ 0.9146985611194752 neg 0.04344602381306388 off 0.04185541506746085	false	1.0
widerlich	off 1.0		__DUMMY__ 0.9151831495401087 off 0.04301074750536803 neg 0.041806102954523326	false	1.0
fatal	neg 1.0		__DUMMY__ 0.9182863205455039 neg 0.042296009581248094 off 0.039417669873248073	false	1.0
bruch	neg 1.0		__DUMMY__ 0.9236243391169805 neg 0.043958208168784506 off 0.03241745271423502	false	1.0
aushungern	neg 1.0		__DUMMY__ 0.9208849180160047 neg 0.042800999620816814 off 0.03631408236317844	false	1.0
anspannung	neg 1.0		__DUMMY__ 0.9266959305725795 neg 0.043349851962217426 off 0.02995421746520318	false	1.0
von			__DUMMY__ 0.9318640051622576 neg 0.03567219997582891 off 0.03246379486191344	false	0.0
kraftlos	neg 1.0		__DUMMY__ 0.9217526628879847 neg 0.04272693685484804 off 0.0355204002571672	false	1.0
vom			__DUMMY__ 0.9320441165192072 neg 0.04017065984109354 off 0.02778522363969924	false	0.0
grenzdebil	off 1.0		__DUMMY__ 0.9177199603114128 off 0.04256493378922438 neg 0.03971510589936282	false	1.0
vor			__DUMMY__ 0.9249231135406044 neg 0.04237453891280127 off 0.03270234754659438	false	0.0
unterwerfen	neg 1.0		__DUMMY__ 0.9209575701687333 neg 0.04420442509912879 off 0.03483800473213797	false	1.0
versenkung	neg 1.0		__DUMMY__ 0.9233445395201996 neg 0.0416608610907466 off 0.0349945993890538	false	1.0
entziehen	neg 1.0		__DUMMY__ 0.9230228847106952 neg 0.04450979917557293 off 0.032467316113731826	false	1.0
finanzkrise	neg 1.0		__DUMMY__ 0.9169846001255578 neg 0.0463158009929586 off 0.036699598881483685	false	1.0
schimpfend	neg 1.0		__DUMMY__ 0.9185304236177695 neg 0.042779779617058394 off 0.038689796765172084	false	1.0
profan	neg 1.0		__DUMMY__ 0.9179043419666957 neg 0.042394278407395444 off 0.03970137962590889	false	1.0
korruption	neg 1.0		__DUMMY__ 0.9200414212889529 neg 0.04467724324755478 off 0.035281335463492235	false	1.0
â			__DUMMY__ 0.9226199056410567 neg 0.04240818496269888 off 0.03497190939624437	false	0.0
schmutzig	neg 1.0		__DUMMY__ 0.9176990184139814 off 0.0429212930894568 neg 0.039379688496561836	false	0.5
sexy	neg 1.0		__DUMMY__ 0.918779364988346 neg 0.04084627190755153 off 0.040374363104102584	false	1.0
abraten	neg 1.0		__DUMMY__ 0.9203217340802223 neg 0.04063533267653194 off 0.03904293324324576	false	1.0
schwarz	neg 1.0		__DUMMY__ 0.9185888710578675 neg 0.04259740358381527 off 0.03881372535831729	false	1.0
fotze	off 1.0	off 1.0	off 0.5024173448328666 __DUMMY__ 0.4583836809794996 neg 0.03919897418763365	false	1.0
verwirren	neg 1.0		__DUMMY__ 0.9185416429237329 neg 0.04132478047456732 off 0.04013357660169976	false	1.0
zahnlos	off 1.0		__DUMMY__ 0.9196628329949459 neg 0.043696290512301846 off 0.03664087649275228	false	0.5
verheeren	neg 1.0		__DUMMY__ 0.9093561881048208 off 0.051028526672823614 neg 0.03961528522235564	false	0.5
hippie	neg 1.0		__DUMMY__ 0.9184380512735223 neg 0.041397023885800056 off 0.04016492484067765	false	1.0
rammen	neg 1.0		__DUMMY__ 0.914461245413388 neg 0.0472824472025412 off 0.038256307384070765	false	1.0
unlauter	neg 1.0		__DUMMY__ 0.9178219341107999 neg 0.043743501097048 off 0.03843456479215211	false	1.0
unheilvoll	neg 1.0		__DUMMY__ 0.9179296254612291 neg 0.04345825202131011 off 0.03861212251746071	false	1.0
niedrig	neg 1.0		__DUMMY__ 0.9202554606451745 neg 0.046166434133975746 off 0.03357810522084979	false	1.0
explosion	neg 1.0		__DUMMY__ 0.919369696392008 neg 0.04096077641465808 off 0.03966952719333379	false	1.0
weichei	off 1.0	off 1.0	off 0.5123123581771316 __DUMMY__ 0.449767729982445 neg 0.037919911840423454	false	1.0
minusmensch	off 1.0		__DUMMY__ 0.9050207396934494 off 0.04931028652158792 neg 0.04566897378496262	false	1.0
farblos	neg 1.0		__DUMMY__ 0.9189239450194088 neg 0.04446021780394542 off 0.036615837176645884	false	1.0
unwissend	neg 1.0	neg 1.0	neg 0.5078074461707005 __DUMMY__ 0.45428067720732473 off 0.03791187662197478	false	1.0
traurig	neg 1.0		__DUMMY__ 0.9166698100703142 off 0.04424598872810131 neg 0.039084201201584415	false	0.5
senkung	neg 1.0		__DUMMY__ 0.9167309053479636 neg 0.04370105024750598 off 0.03956804440453042	false	1.0
ungleich	neg 1.0	neg 1.0	neg 0.5101099322850554 __DUMMY__ 0.45897790927253196 off 0.03091215844241265	false	1.0
heikel	neg 1.0		__DUMMY__ 0.9212936013810789 neg 0.04447859130087815 off 0.03422780731804297	false	1.0
drosselung	neg 1.0		__DUMMY__ 0.9156966761443129 off 0.04230878667085696 neg 0.041994537184830066	false	0.5
falsch	neg 1.0		__DUMMY__ 0.918170166680273 neg 0.04098626802541191 off 0.04084356529431513	false	1.0
unzufriedenheit	neg 1.0		__DUMMY__ 0.9221577659946001 neg 0.044774951411949586 off 0.033067282593450244	false	1.0
kurz	neg 1.0		__DUMMY__ 0.9241993172761155 neg 0.03974941219814983 off 0.036051270525734605	false	1.0
unsinnig	neg 1.0		__DUMMY__ 0.9196974517436154 neg 0.04356140640913115 off 0.03674114184725347	false	1.0
penner	off 1.0	off 1.0	off 0.5135280509018288 __DUMMY__ 0.4492737014350197 neg 0.037198247663151385	false	1.0
seicht	neg 1.0		__DUMMY__ 0.9099376535523072 off 0.04968942130530288 neg 0.04037292514238997	false	0.5
dummheit	off 1.0	off 1.0	off 0.5066625120756649 __DUMMY__ 0.4528577382276552 neg 0.040479749696679855	false	1.0
unerfreulich	neg 1.0		__DUMMY__ 0.923466280359222 neg 0.04312663058057277 off 0.03340708906020528	false	1.0
motherfucker	off 1.0	off 1.0	off 0.5096279219454157 __DUMMY__ 0.4526624852350039 neg 0.03770959281958045	false	1.0
pikiert	neg 1.0		__DUMMY__ 0.9148828929772252 neg 0.042726429725892044 off 0.0423906772968828	false	1.0
wrack	neg 1.0		__DUMMY__ 0.9199133571137216 neg 0.044776290769120285 off 0.0353103521171581	false	1.0
gangster	neg 1.0		__DUMMY__ 0.9183989015440309 neg 0.04144415849734776 off 0.04015693995862138	false	1.0
krank	neg 1.0		__DUMMY__ 0.918709067438504 off 0.04235063656788461 neg 0.038940295993611394	false	0.5
reich	neg 1.0		__DUMMY__ 0.9175989681137866 off 0.04150672836122299 neg 0.0408943035249904	false	0.5
gnadenlos	neg 1.0		__DUMMY__ 0.9181732379571989 neg 0.043139448646560226 off 0.03868731339624083	false	1.0
niedergeschlagen	neg 1.0		__DUMMY__ 0.9207602506323683 neg 0.042904001257876016 off 0.036335748109755615	false	1.0
terrorisieren	off 1.0	off 1.0	off 0.5015829323717166 __DUMMY__ 0.4587341137173592 neg 0.039682953910924176	false	1.0
sinnlosigkeit	neg 1.0		__DUMMY__ 0.9200827386380944 neg 0.043787625388671786 off 0.036129635973233785	false	1.0
behindern	neg 1.0		__DUMMY__ 0.9201956373857907 neg 0.04309286641057346 off 0.036711496203635785	false	1.0
undemokratisch	neg 1.0		__DUMMY__ 0.9190771367357411 neg 0.04232671400823885 off 0.03859614925602014	false	1.0
wirtschaftskrise	neg 1.0		__DUMMY__ 0.9186928735045206 neg 0.04618380361889159 off 0.035123322876587856	false	1.0
neid	neg 1.0		__DUMMY__ 0.920635711742666 off 0.04042733169366692 neg 0.03893695656366713	false	0.5
rutschen	neg 1.0		__DUMMY__ 0.9284339666038949 neg 0.04118131872392807 off 0.03038471467217706	false	1.0
rezession	neg 1.0		__DUMMY__ 0.9095386892329422 neg 0.045605678909460115 off 0.04485563185759773	false	1.0
fehlgeburt	neg 1.0		__DUMMY__ 0.9194541509490416 neg 0.04192363880841732 off 0.03862221024254107	false	1.0
charakterschwach	off 1.0		__DUMMY__ 0.9151803232636665 off 0.04296658096558454 neg 0.04185309577074901	false	1.0
isolation	neg 1.0		__DUMMY__ 0.9186488445055073 neg 0.041033729150429285 off 0.0403174263440634	false	1.0
ablenkung	neg 1.0		__DUMMY__ 0.9218848900033555 neg 0.04056554390817479 off 0.0375495660884698	false	1.0
pech	neg 1.0		__DUMMY__ 0.9190488167629591 neg 0.04087179025343406 off 0.0400793929836068	false	1.0
vermeidung	neg 1.0		__DUMMY__ 0.9159952737324124 off 0.0424378859504608 neg 0.04156684031712683	false	0.5
dominieren	neg 1.0		__DUMMY__ 0.9215586618948932 neg 0.04400216081401441 off 0.03443917729109239	false	1.0
schwindlig	neg 1.0		__DUMMY__ 0.9201883985801592 neg 0.04108721766448303 off 0.03872438375535765	false	1.0
lutscher	neg 1.0	neg 1.0	neg 0.507105895952965 __DUMMY__ 0.4476509737460884 off 0.045243130300946524	false	1.0
pflicht	neg 1.0		__DUMMY__ 0.9218139603837163 neg 0.04474654139547553 off 0.0334394982208081	false	1.0
faschist	off 1.0		__DUMMY__ 0.9181901065166467 neg 0.041235145528123344 off 0.040574747955229924	false	0.5
verschleudern	neg 1.0		__DUMMY__ 0.9220873946458844 neg 0.04386870981245082 off 0.03404389554166479	false	1.0
wenn			__DUMMY__ 0.9179366283402038 neg 0.04108757748450468 off 0.04097579417529152	false	0.0
ehebruch	neg 1.0		__DUMMY__ 0.9204016877899839 neg 0.044343919641373145 off 0.03525439256864298	false	1.0
spott	off 1.0		__DUMMY__ 0.9207734435593584 neg 0.044289734305756966 off 0.03493682213488466	false	0.5
trostlosigkeit	neg 1.0		__DUMMY__ 0.9221420877837483 neg 0.04513666717536131 off 0.03272124504089046	false	1.0
lutschen	neg 1.0		__DUMMY__ 0.9152491589703671 neg 0.04418676288277979 off 0.04056407814685315	false	1.0
undiszipliniert	neg 1.0		__DUMMY__ 0.915865369041161 off 0.04381231683819099 neg 0.040322314120647955	false	0.5
kopfschmerz	neg 1.0		__DUMMY__ 0.9182928227653057 neg 0.046300676931341996 off 0.03540650030335234	false	1.0
unvorhergesehen	neg 1.0		__DUMMY__ 0.9256795841462064 neg 0.04118442807298264 off 0.033135987780810845	false	1.0
desinteressiert	neg 1.0	neg 1.0	neg 0.5074521699096673 __DUMMY__ 0.4529483845156701 off 0.039599445574662585	false	1.0
armselig	off 1.0		__DUMMY__ 0.9137465248131426 off 0.04465719261610691 neg 0.04159628257075052	false	1.0
desaster	neg 1.0		__DUMMY__ 0.9236811392175805 neg 0.044337363840980734 off 0.03198149694143871	false	1.0
tod	neg 1.0		__DUMMY__ 0.9209318916005694 neg 0.04427870772797557 off 0.03478940067145509	false	1.0
herzlos	neg 1.0		__DUMMY__ 0.9150017539300531 off 0.04439582332261019 neg 0.040602422747336615	false	0.5
unwissenheit	neg 1.0		__DUMMY__ 0.9196918840328577 neg 0.044419648611075176 off 0.035888467356067065	false	1.0
widersinnig	neg 1.0		__DUMMY__ 0.9185298557948339 neg 0.04534688140796085 off 0.03612326279720529	false	1.0
bedenklich	neg 1.0		__DUMMY__ 0.9205014198522194 neg 0.04431455650067404 off 0.03518402364710659	false	1.0
beanstanden	neg 1.0		__DUMMY__ 0.9230975364851869 neg 0.04383992473214395 off 0.033062538782669175	false	1.0
panisch	neg 1.0	neg 1.0	neg 0.5057944407281612 __DUMMY__ 0.45867927295154987 off 0.03552628632028886	false	1.0
debil	off 1.0		__DUMMY__ 0.9271692150761891 neg 0.044679994364905225 off 0.028150790558905663	false	0.5
abstrich	neg 1.0		__DUMMY__ 0.9244749197455343 neg 0.04007045998355504 off 0.03545462027091058	false	1.0
primitiv	neg 1.0		__DUMMY__ 0.9152621987307741 off 0.04320525716213516 neg 0.04153254410709084	false	0.5
abschaum	off 1.0	off 1.0	off 0.5083901226197146 __DUMMY__ 0.45294221467539947 neg 0.038667662704885884	false	1.0
provozieren	neg 1.0		__DUMMY__ 0.9173635733079709 neg 0.044058434454458215 off 0.03857799223757093	false	1.0
tot	neg 1.0		__DUMMY__ 0.9208827433686044 neg 0.04416425312112182 off 0.03495300351027376	false	1.0
instabil	neg 1.0		__DUMMY__ 0.914302224716782 off 0.04401372746082464 neg 0.041684047822393294	false	0.5
schwuchtel	off 1.0	off 1.0	off 0.5180719747022474 __DUMMY__ 0.4440937268096594 neg 0.037834298488093054	false	1.0
zerren	neg 1.0		__DUMMY__ 0.9207244395356114 neg 0.04323948506674168 off 0.03603607539764685	false	1.0
kinderficker	off 1.0		__DUMMY__ 0.9136889940548597 off 0.04672393758001768 neg 0.03958706836512267	false	1.0
gefahr	neg 1.0		__DUMMY__ 0.9235444879399906 neg 0.04353334148898962 off 0.03292217057101991	false	1.0
rabiat	neg 1.0		__DUMMY__ 0.9198470540234868 neg 0.0423564801496487 off 0.03779646582686456	false	1.0
verlangsamung	neg 1.0		__DUMMY__ 0.9085133738721769 off 0.04812456377753379 neg 0.04336206235028927	false	0.5
ausgestorben	neg 1.0		__DUMMY__ 0.9207475115559567 neg 0.04179631413298412 off 0.03745617431105918	false	1.0
anklagen	neg 1.0		__DUMMY__ 0.9200308055386538 neg 0.04461645783535205 off 0.0353527366259941	false	1.0
trott	neg 1.0		__DUMMY__ 0.9201153624863693 neg 0.0428332184698 off 0.03705141904383078	false	1.0
verminderung	neg 1.0		__DUMMY__ 0.916412213172619 off 0.042681440238452224 neg 0.0409063465889288	false	0.5
nach			__DUMMY__ 0.9291238338614679 neg 0.04129834546985482 off 0.029577820668677274	false	0.0
rost	neg 1.0		__DUMMY__ 0.9122705842599541 off 0.04673403214101316 neg 0.0409953835990328	false	0.5
destruktiv	neg 1.0		__DUMMY__ 0.9189999558373836 neg 0.04339816314037257 off 0.03760188102224378	false	1.0
unzumutbarkeit	neg 1.0		__DUMMY__ 0.9170257334002196 off 0.04176193786530729 neg 0.041212328734473	false	0.5
labil	off 1.0	off 1.0	off 0.5077710577708184 __DUMMY__ 0.45358840169199166 neg 0.03864054053718998	false	1.0
ziemlich	neg 1.0		__DUMMY__ 0.9186744938744938 off 0.04218608597492648 neg 0.03913942015057965	false	0.5
lachnummer	off 1.0		__DUMMY__ 0.918443426378997 neg 0.04321247007229913 off 0.03834410354870383	false	0.5
oder			__DUMMY__ 0.921535638680382 neg 0.04044413748717112 off 0.038020223832446784	false	0.0
verfall	neg 1.0		__DUMMY__ 0.924494432636744 neg 0.04556456889993912 off 0.029940998463316812	false	1.0
ausgrenzung	neg 1.0		__DUMMY__ 0.9185959800842215 neg 0.042344577047798176 off 0.0390594428679802	false	1.0
unordnung	neg 1.0		__DUMMY__ 0.9175348787422077 off 0.04365920536805524 neg 0.03880591588973712	false	0.5
fehlverhalten	neg 1.0		__DUMMY__ 0.9203085175355464 neg 0.04572883593587119 off 0.0339626465285823	false	1.0
eine			__DUMMY__ 0.9247873114212508 neg 0.04213210857834319 off 0.033080580000406104	false	0.0
nille	neg 1.0		__DUMMY__ 0.9206662570551175 neg 0.04208199630885599 off 0.03725174663602646	false	1.0
qual	neg 1.0		__DUMMY__ 0.9204688323812913 neg 0.042770840447601856 off 0.03676032717110697	false	1.0
verschwenden	neg 1.0		__DUMMY__ 0.9203529365389956 neg 0.04513925540310339 off 0.03450780805790101	false	1.0
riesig	neg 1.0		__DUMMY__ 0.921962063960133 neg 0.0435956115376237 off 0.03444232450224319	false	1.0
verurteilen	neg 1.0		__DUMMY__ 0.9187890763412572 neg 0.045260153195396544 off 0.03595077046334618	false	1.0
klischee	neg 1.0	neg 1.0	neg 0.5089353367802996 __DUMMY__ 0.4539371334526649 off 0.03712752976703561	false	1.0
diktatorisch	neg 1.0		__DUMMY__ 0.9179164662398738 neg 0.04329406637535425 off 0.03878946738477196	false	1.0
vorhersehbar	neg 1.0		__DUMMY__ 0.9165775447291048 neg 0.043006702146483 off 0.040415753124412236	false	1.0
sowie			__DUMMY__ 0.9116268411335088 off 0.046094294711133056 neg 0.04227886415535824	false	0.0
stornieren	neg 1.0		__DUMMY__ 0.9249009453225934 off 0.0387332613033713 neg 0.0363657933740354	false	0.5
besteuerung	neg 1.0		__DUMMY__ 0.9155683698210487 neg 0.0465387289408342 off 0.0378929012381171	false	1.0
ungeschminkt	neg 1.0		__DUMMY__ 0.9117548183850741 neg 0.04571630212729425 off 0.04252887948763164	false	1.0
kritisch	neg 1.0		__DUMMY__ 0.9212363293689337 neg 0.04373049860189857 off 0.0350331720291677	false	1.0
schlamperei	off 1.0		__DUMMY__ 0.9227498081961495 neg 0.0433554812529367 off 0.03389471055091382	false	0.5
sucht	neg 1.0	neg 1.0	neg 0.5049125157475249 __DUMMY__ 0.46124199968258633 off 0.0338454845698888	false	1.0
egoistisch	off 1.0		__DUMMY__ 0.9122573687784099 off 0.046774716483906464 neg 0.04096791473768362	false	1.0
ausbeuter	off 1.0		__DUMMY__ 0.9197406302069274 neg 0.04629525675265819 off 0.03396411304041441	false	0.5
arschgeburt	off 1.0		__DUMMY__ 0.903629208108541 off 0.053195390404778393 neg 0.043175401486680594	false	1.0
schubs	neg 1.0		__DUMMY__ 0.9217122541071774 neg 0.04285528703823946 off 0.035432458854583154	false	1.0
unsolide	neg 1.0		__DUMMY__ 0.9170426633631426 neg 0.043733396157993154 off 0.03922394047886426	false	1.0
beschwerde	neg 1.0		__DUMMY__ 0.9204605185869658 neg 0.045013937722093396 off 0.0345255436909408	false	1.0
stocken	neg 1.0		__DUMMY__ 0.9214268481833184 neg 0.044482006880084905 off 0.034091144936596735	false	1.0
isolieren	neg 1.0		__DUMMY__ 0.9217166856081359 neg 0.04297175699050939 off 0.0353115574013548	false	1.0
unheilbar	neg 1.0		__DUMMY__ 0.9201797170732245 neg 0.04181979531842838 off 0.03800048760834713	false	1.0
pisser	off 1.0		__DUMMY__ 0.9120682923442979 off 0.04420314303576979 neg 0.04372856461993234	false	1.0
löschen	neg 1.0		__DUMMY__ 0.9197418841963453 neg 0.042871366709600366 off 0.03738674909405431	false	1.0
durchfallen	neg 1.0		__DUMMY__ 0.9199276796578576 neg 0.04458496093163415 off 0.0354873594105083	false	1.0
wichser	off 1.0	off 1.0	off 0.5158473677114679 __DUMMY__ 0.4473504757836143 neg 0.03680215650491781	false	1.0
terror	neg 1.0		__DUMMY__ 0.9190412059021245 neg 0.0412801317204309 off 0.03967866237744467	false	1.0
krass	neg 1.0		__DUMMY__ 0.9137187053949709 off 0.04458780598366995 neg 0.04169348862135913	false	0.5
revolte	neg 1.0		__DUMMY__ 0.9175107313185834 neg 0.04314039469441227 off 0.039348873987004374	false	1.0
besorgt	neg 1.0		__DUMMY__ 0.924179028311908 neg 0.03981314811609284 off 0.03600782357199918	false	1.0
nachlassen	neg 1.0		__DUMMY__ 0.9241894872293793 neg 0.042172110152952726 off 0.0336384026176679	false	1.0
alt	neg 1.0		__DUMMY__ 0.9202195968166986 neg 0.04482710529362127 off 0.03495329788968007	false	1.0
hundesohn	off 1.0		__DUMMY__ 0.9080860235104072 off 0.05039184622368136 neg 0.04152213026591143	false	1.0
als			__DUMMY__ 0.9220143056166399 neg 0.04204311612349966 off 0.03594257825986047	false	0.0
abschreckung	neg 1.0		__DUMMY__ 0.9224442877898792 neg 0.04460387537637105 off 0.03295183683374967	false	1.0
unqualifiziert	neg 1.0		__DUMMY__ 0.9164234814010846 neg 0.04239631406963769 off 0.04118020452927773	false	1.0
abgewichst	off 1.0		__DUMMY__ 0.9216492077755132 neg 0.041806186596411554 off 0.03654460562807529	false	0.5
schwer	neg 1.0		__DUMMY__ 0.9197603756531081 neg 0.04300218413504629 off 0.03723744021184563	false	1.0
bedeutungslosigkeit	neg 1.0		__DUMMY__ 0.9217935067613059 neg 0.04442062206657414 off 0.033785871172120015	false	1.0
kapitulation	neg 1.0		__DUMMY__ 0.9214176259584289 neg 0.043813341837186805 off 0.03476903220438423	false	1.0
unscharf	neg 1.0		__DUMMY__ 0.916556417939838 neg 0.04449191089704884 off 0.038951671163113114	false	1.0
schwinden	neg 1.0		__DUMMY__ 0.9216892283578553 neg 0.04487369447387722 off 0.033437077168267534	false	1.0
versklavung	neg 1.0		__DUMMY__ 0.9185206822068847 neg 0.043155889697109116 off 0.03832342809600625	false	1.0
schlecht	neg 1.0		__DUMMY__ 0.918667433932659 off 0.04240974929157572 neg 0.03892281677576518	false	0.5
verhasst	neg 1.0		__DUMMY__ 0.9160244482072062 neg 0.04490974140096334 off 0.03906581039183047	false	1.0
beschweren	neg 1.0		__DUMMY__ 0.9194722127889325 neg 0.041250358960642275 off 0.039277428250425246	false	1.0
scheiden	neg 1.0		__DUMMY__ 0.922517888838569 neg 0.04053206767902337 off 0.03695004348240771	false	1.0
frustriert	neg 1.0		__DUMMY__ 0.9197001615254492 neg 0.04367404934767545 off 0.03662578912687542	false	1.0
schimmelig	neg 1.0		__DUMMY__ 0.9178505650879802 neg 0.04744581480568215 off 0.03470362010633767	false	1.0
fisch	neg 1.0		__DUMMY__ 0.9207136251848732 neg 0.04705144522438186 off 0.032234929590744935	false	1.0
schmuggel	neg 1.0		__DUMMY__ 0.9201141655074704 neg 0.04591444160799074 off 0.03397139288453893	false	1.0
auffallen	neg 1.0		__DUMMY__ 0.918889927222934 neg 0.04125869601808648 off 0.03985137675897947	false	1.0
konkurrenz	neg 1.0		__DUMMY__ 0.923966364885789 neg 0.04333974164923711 off 0.03269389346497388	false	1.0
teufelskreis	neg 1.0	neg 1.0	neg 0.5108728841470289 __DUMMY__ 0.45496914039189634 off 0.034157975461074706	false	1.0
aufschreien	neg 1.0		__DUMMY__ 0.9173963754832736 neg 0.04260384886295032 off 0.039999775653776076	false	1.0
schuldner	neg 1.0		__DUMMY__ 0.9201269749333709 neg 0.046616858587372 off 0.033256166479257034	false	1.0
missgeburt	off 1.0	off 1.0	off 0.5130217908992407 __DUMMY__ 0.4465138668570422 neg 0.04046434224371702	false	1.0
arbeitslos	neg 1.0		__DUMMY__ 0.919540399481664 neg 0.04460184976822804 off 0.035857750750108004	false	1.0
befallen	neg 1.0		__DUMMY__ 0.9171898670059099 neg 0.04639135987907748 off 0.036418773115012626	false	1.0
miesepetrig	off 1.0	off 1.0	off 0.5078455592822119 __DUMMY__ 0.455343356917297 neg 0.03681108380049116	false	1.0
alarmieren	neg 1.0		__DUMMY__ 0.9141680096039938 neg 0.04440488096633411 off 0.04142710942967209	false	1.0
ungeduscht	off 1.0		__DUMMY__ 0.9151526560789751 neg 0.044392690418866794 off 0.040454653502158114	false	0.5
knappheit	neg 1.0		__DUMMY__ 0.9190772096983676 neg 0.04562941076926942 off 0.03529337953236301	false	1.0
schlange	neg 1.0		__DUMMY__ 0.922160555661972 neg 0.039304082461884056 off 0.03853536187614406	false	1.0
harsch	neg 1.0		__DUMMY__ 0.9152857815036605 off 0.045581444478024265 neg 0.03913277401831524	false	0.5
lang	neg 1.0		__DUMMY__ 0.9197968944047509 neg 0.042123363828238565 off 0.03807974176701058	false	1.0
ziellos	neg 1.0		__DUMMY__ 0.9230749496201198 neg 0.04197671224798249 off 0.034948338131897606	false	1.0
selbstverliebt	neg 1.0		__DUMMY__ 0.9075457771687454 off 0.051086455048401536 neg 0.0413677677828531	false	0.5
beseitigen	neg 1.0		__DUMMY__ 0.9213009079390568 neg 0.042498026515632156 off 0.036201065545311044	false	1.0
dumm	off 1.0		__DUMMY__ 0.9129608929830028 off 0.04718238094054494 neg 0.03985672607645222	false	1.0
arbeitsloser	neg 1.0		__DUMMY__ 0.9225536011432115 neg 0.0415702802800254 off 0.03587611857676306	false	1.0
blitzen	neg 1.0		__DUMMY__ 0.9188628051534571 neg 0.041050103173439934 off 0.04008709167310301	false	1.0
hilflos	neg 1.0		__DUMMY__ 0.9193309357876334 neg 0.04450515812895998 off 0.036163906083406715	false	1.0
eklig	off 1.0		__DUMMY__ 0.9096014177881674 off 0.047675415263828735 neg 0.0427231669480039	false	1.0
begriff			__DUMMY__ 0.9204441811758391 neg 0.04239375529587352 off 0.03716206352828726	false	0.0
hungersnot	neg 1.0		__DUMMY__ 0.919759386623037 neg 0.04466274940748907 off 0.035577863969473864	false	1.0
ungesetzlich	neg 1.0		__DUMMY__ 0.9171260749716288 neg 0.04411999195296271 off 0.03875393307540849	false	1.0
verschwendung	neg 1.0		__DUMMY__ 0.921367800247861 neg 0.044426169576600276 off 0.03420603017553868	false	1.0
schmerzvoll	neg 1.0		__DUMMY__ 0.9186377839819829 neg 0.04241187680620444 off 0.03895033921181261	false	1.0
vorzeitig	neg 1.0		__DUMMY__ 0.9172417748404021 neg 0.043065948270666836 off 0.03969227688893098	false	1.0
unvollkommenheit	neg 1.0		__DUMMY__ 0.9245383231357565 neg 0.04061149761755208 off 0.0348501792466915	false	1.0
intervenieren	neg 1.0		__DUMMY__ 0.9207798702834897 neg 0.044959583617203216 off 0.03426054609930707	false	1.0
banause	off 1.0		__DUMMY__ 0.9063466605592297 off 0.049803385456545 neg 0.043849953984225226	false	1.0
rebell	neg 1.0		__DUMMY__ 0.9226466962648113 neg 0.04660070476645613 off 0.030752598968732506	false	1.0
unlogisch	neg 1.0		__DUMMY__ 0.9143970604139993 off 0.044288488056252344 neg 0.04131445152974835	false	0.5
leiden	neg 1.0		__DUMMY__ 0.9253183811605799 neg 0.04191094845034679 off 0.03277067038907337	false	1.0
abschaffung	neg 1.0		__DUMMY__ 0.9197023723732418 neg 0.04247320575546541 off 0.037824421871292715	false	1.0
sturz	neg 1.0		__DUMMY__ 0.9189728425033815 neg 0.043539395406344765 off 0.03748776209027372	false	1.0
verkleinerung	neg 1.0		__DUMMY__ 0.9159262106040122 neg 0.04395491867783083 off 0.040118870718156965	false	1.0
schmarotzer	off 1.0		__DUMMY__ 0.9190542247424373 neg 0.044398012103681536 off 0.03654776315388111	false	0.5
bestrafung	neg 1.0		__DUMMY__ 0.9184707197002705 neg 0.0430172509657318 off 0.03851202933399775	false	1.0
achtlos	neg 1.0	neg 1.0	neg 0.5085827511357005 __DUMMY__ 0.4577850616701672 off 0.03363218719413221	false	1.0
ungeheuer	neg 1.0		__DUMMY__ 0.9185852950060545 neg 0.04210748770573279 off 0.03930721728821274	false	1.0
