unsolidarisch	neg 1.0		__DUMMY__ 0.9175756356020399 neg 0.044665055547759215 off 0.03775930885020087	false	1.0
nachteilig	neg 1.0		__DUMMY__ 0.9224997282118732 neg 0.043437976079818245 off 0.034062295708308536	false	1.0
skeptisch	neg 1.0		__DUMMY__ 0.9222865880046457 neg 0.04394786225433943 off 0.03376554974101493	false	1.0
schrecklich	neg 1.0		__DUMMY__ 0.9157783953703964 off 0.0448258077592583 neg 0.039395796870345196	false	0.5
schlapp	neg 1.0		__DUMMY__ 0.9182200994333106 off 0.04135218023749943 neg 0.04042772032919006	false	0.5
abfall	neg 1.0		__DUMMY__ 0.925295599346725 neg 0.04385903932674995 off 0.030845361326525017	false	1.0
widerspenstig	neg 1.0		__DUMMY__ 0.9201631334597489 neg 0.04249027294539657 off 0.037346593594854566	false	1.0
abrupt	neg 1.0		__DUMMY__ 0.92284673948211 neg 0.04329963521196495 off 0.03385362530592504	false	1.0
unwirksam	neg 1.0		__DUMMY__ 0.917122359385175 neg 0.04555083288302972 off 0.037326807731795274	false	1.0
angreifen	neg 1.0		__DUMMY__ 0.920480841495318 neg 0.045685471422614074 off 0.03383368708206798	false	1.0
inkonsistent	neg 1.0		__DUMMY__ 0.9166215489779109 neg 0.045512082628244105 off 0.03786636839384489	false	1.0
abrutschen	neg 1.0		__DUMMY__ 0.9236770156727258 neg 0.045011386662531856 off 0.03131159766474234	false	1.0
unsicher	neg 1.0		__DUMMY__ 0.9222467739890245 neg 0.040302977464414885 off 0.03745024854656063	false	1.0
bauernkind	off 1.0	off 1.0	off 0.5112826887658068 __DUMMY__ 0.445179044827989 neg 0.04353826640620415	false	1.0
angreifer	neg 1.0	neg 1.0	neg 0.5082237712062584 __DUMMY__ 0.4563598091732805 off 0.03541641962046111	false	1.0
trennen	neg 1.0		__DUMMY__ 0.924224553481949 neg 0.04257603124680364 off 0.03319941527124738	false	1.0
schmutz	neg 1.0		__DUMMY__ 0.9210268618785717 neg 0.04072151184136855 off 0.038251626280059695	false	1.0
inkonsistenz	neg 1.0		__DUMMY__ 0.9137045742816903 neg 0.04421955863071533 off 0.04207586708759438	false	1.0
erschreckend	neg 1.0		__DUMMY__ 0.9193755203573434 neg 0.04349192655001571 off 0.03713255309264094	false	1.0
ertrinken	neg 1.0		__DUMMY__ 0.9198475224950068 neg 0.04623428789775298 off 0.03391818960724014	false	1.0
pickelface	off 1.0		__DUMMY__ 0.9203491022851576 neg 0.04298327115236079 off 0.036667626562481556	false	0.5
seiner			__DUMMY__ 0.9220814217903733 neg 0.043960596382005335 off 0.03395798182762131	false	0.0
lauch	neg 1.0		__DUMMY__ 0.9239548621056928 neg 0.044729062025446485 off 0.031316075868860815	false	1.0
unwichtig	neg 1.0		__DUMMY__ 0.9168413339237669 neg 0.04161235028990767 off 0.041546315786325484	false	1.0
steuerhinterziehung	neg 1.0	neg 1.0	neg 0.5104474582817701 __DUMMY__ 0.4571139866351957 off 0.032438555083034136	false	1.0
schock	neg 1.0		__DUMMY__ 0.9198353750795785 neg 0.043426930620023306 off 0.03673769430039827	false	1.0
beule	neg 1.0		__DUMMY__ 0.9153289090660288 neg 0.04258512592518074 off 0.042085965008790464	false	1.0
vergelten	neg 1.0		__DUMMY__ 0.9187227904215739 off 0.04399127751056904 neg 0.03728593206785709	false	0.5
verdorbenheit	neg 1.0		__DUMMY__ 0.9221709307371363 neg 0.040433279484077315 off 0.03739578977878637	false	1.0
trauma	neg 1.0		__DUMMY__ 0.9192163888753825 neg 0.04258943931982995 off 0.03819417180478763	false	1.0
sinnlos	neg 1.0		__DUMMY__ 0.9193338189360166 neg 0.04133903921092132 off 0.039327141853062034	false	1.0
fettsack	off 1.0	off 1.0	off 0.5121539208438132 __DUMMY__ 0.44663521930497413 neg 0.04121085985121256	false	1.0
feige	off 1.0	off 1.0	off 0.5082923746065368 __DUMMY__ 0.4517659654901126 neg 0.03994165990335052	false	1.0
abdanken	neg 1.0		__DUMMY__ 0.9193836347226976 neg 0.04329130967700701 off 0.03732505560029539	false	1.0
wichtigtuer	off 1.0	off 1.0	off 0.5064612025960697 __DUMMY__ 0.45456575482142314 neg 0.03897304258250705	false	1.0
misslingen	neg 1.0		__DUMMY__ 0.9258037744092925 off 0.037322297215218216 neg 0.036873928375489196	false	0.5
untreu	off 1.0		__DUMMY__ 0.9169709471517774 off 0.04183792635006516 neg 0.04119112649815739	false	1.0
missmutig	neg 1.0		__DUMMY__ 0.9175392101636914 neg 0.04130066878077845 off 0.041160121055530054	false	1.0
hurenbock	off 1.0		__DUMMY__ 0.9185207338224531 neg 0.042850620829107754 off 0.03862864534843905	false	0.5
betrunken	neg 1.0		__DUMMY__ 0.9170092101956917 off 0.04280445520230751 neg 0.0401863346020008	false	0.5
korrupt	off 1.0		__DUMMY__ 0.9180527294084772 neg 0.045972822236915234 off 0.03597444835460764	false	0.5
unmut	neg 1.0		__DUMMY__ 0.9243377438930757 neg 0.044200511569264085 off 0.031461744537660326	false	1.0
hackfresse	off 1.0		__DUMMY__ 0.9121336832593757 off 0.047680139037607774 neg 0.040186177703016475	false	1.0
aufblasen	neg 1.0		__DUMMY__ 0.9201224141917181 neg 0.0411015769853253 off 0.038776008822956634	false	1.0
gewaltsam	neg 1.0		__DUMMY__ 0.9190390839543235 neg 0.04470967992993114 off 0.036251236115745294	false	1.0
unbeliebtheit	neg 1.0		__DUMMY__ 0.9148631913461582 neg 0.044222703167458695 off 0.040914105486383044	false	1.0
sturheit	neg 1.0		__DUMMY__ 0.9189199757536586 neg 0.04433810485902308 off 0.03674191938731838	false	1.0
kuh	neg 1.0		__DUMMY__ 0.9138505936934042 neg 0.04700020937531385 off 0.039149196931282	false	1.0
erschrecken	neg 1.0		__DUMMY__ 0.918912318661821 off 0.04094559292012569 neg 0.040142088418053314	false	0.5
opfer	neg 1.0		__DUMMY__ 0.9213906173562393 neg 0.043725715650992085 off 0.034883666992768646	false	1.0
sinken	neg 1.0		__DUMMY__ 0.924180156066065 neg 0.04407834737086597 off 0.031741496563069	false	1.0
stinktier	neg 1.0		__DUMMY__ 0.9074646508083266 neg 0.046968552252606474 off 0.0455667969390669	false	1.0
tucke	off 1.0		__DUMMY__ 0.9083073684785805 off 0.04850298422092197 neg 0.04318964730049753	false	1.0
ein			__DUMMY__ 0.9194023667069905 neg 0.042502626911002026 off 0.03809500638200751	false	0.0
abstieg	neg 1.0		__DUMMY__ 0.9211440680127573 neg 0.04486433530622129 off 0.033991596681021426	false	1.0
missverstehen	neg 1.0		__DUMMY__ 0.9171826689905085 neg 0.042657752429041844 off 0.04015957858044963	false	1.0
ergebnislos	neg 1.0		__DUMMY__ 0.9221047028173663 neg 0.04415019875573557 off 0.03374509842689806	false	1.0
unter			__DUMMY__ 0.9293689410061627 neg 0.04341651991391631 off 0.027214539079921014	false	0.0
manipulieren	neg 1.0		__DUMMY__ 0.9231561555213736 neg 0.043392050187907594 off 0.0334517942907188	false	1.0
unbewiesen	neg 1.0		__DUMMY__ 0.9165219003647574 neg 0.04568650560876113 off 0.037791594026481495	false	1.0
verschleppen	neg 1.0		__DUMMY__ 0.9194739075005092 neg 0.045312990730857816 off 0.035213101768633036	false	1.0
weib	off 1.0		__DUMMY__ 0.9058974066348277 off 0.04842703156179925 neg 0.04567556180337318	false	1.0
opposition	neg 1.0		__DUMMY__ 0.91723002114041 neg 0.04421331126189654 off 0.03855666759769352	false	1.0
verkehrswidrig	neg 1.0		__DUMMY__ 0.9184283250650568 off 0.04426929083141321 neg 0.037302384103530005	false	0.5
inkorrekt	neg 1.0		__DUMMY__ 0.913507410682928 off 0.04472753403562309 neg 0.04176505528144903	false	0.5
vermeiden	neg 1.0	neg 1.0	neg 0.5082273723876789 __DUMMY__ 0.4646493830876373 off 0.02712324452468379	false	1.0
abweichung	neg 1.0	neg 1.0	neg 0.5068125821823195 __DUMMY__ 0.46165652224710385 off 0.03153089557057666	false	1.0
alkoholisiert	neg 1.0		__DUMMY__ 0.9234279889484903 neg 0.04336572244005988 off 0.03320628861144973	false	1.0
scheiss	off 1.0	off 1.0	off 0.5078352445323872 __DUMMY__ 0.4529478590112542 neg 0.039216896456358605	false	1.0
herausforderung	neg 1.0		__DUMMY__ 0.9244540599406248 neg 0.042031639154008614 off 0.03351430090536656	false	1.0
pervers	off 1.0		__DUMMY__ 0.9084961663421885 off 0.05050804690972214 neg 0.04099578674808933	false	1.0
wackelig	neg 1.0		__DUMMY__ 0.9251182411979598 neg 0.03938214388662639 off 0.03549961491541376	false	1.0
verwickeln	neg 1.0		__DUMMY__ 0.917666457200811 neg 0.04257838065570903 off 0.03975516214347995	false	1.0
vorwand	neg 1.0		__DUMMY__ 0.9219129132274472 neg 0.044698442902200916 off 0.03338864387035187	false	1.0
muschi	off 1.0		__DUMMY__ 0.920292898719294 neg 0.04285352269920906 off 0.03685357858149689	false	0.5
entmutigung	neg 1.0		__DUMMY__ 0.9186092817415854 neg 0.042661619982945855 off 0.03872909827546882	false	1.0
unangemessen	neg 1.0		__DUMMY__ 0.9188815128180781 neg 0.044556310253926104 off 0.036562176927995786	false	1.0
unstetig	neg 1.0		__DUMMY__ 0.9189770924893267 neg 0.04176452590839794 off 0.03925838160227532	false	1.0
entmutigen	neg 1.0		__DUMMY__ 0.9198017874716666 neg 0.041934806617970936 off 0.0382634059103624	false	1.0
schwanz	neg 1.0		__DUMMY__ 0.9212062919124326 neg 0.044193709415700055 off 0.03459999867186726	false	1.0
verbot	neg 1.0		__DUMMY__ 0.9203049836264753 neg 0.04412340505851542 off 0.03557161131500928	false	1.0
leid	neg 1.0		__DUMMY__ 0.9132185352816707 off 0.04610235300712434 neg 0.040679111711204856	false	0.5
archaisch	neg 1.0		__DUMMY__ 0.9193780771814761 neg 0.044097180109187596 off 0.03652474270933626	false	1.0
gegen			__DUMMY__ 0.9234362577371981 neg 0.04442262213209401 off 0.03214112013070788	false	0.0
scheidung	neg 1.0		__DUMMY__ 0.9108960987737982 off 0.0541190790457599 neg 0.03498482218044188	false	0.5
einschlag	neg 1.0		__DUMMY__ 0.9159264624306842 off 0.043814841361067336 neg 0.04025869620824835	false	0.5
m			__DUMMY__ 0.9223609973572264 neg 0.042209192025339196 off 0.03542981061743443	false	0.0
abgestanden	neg 1.0		__DUMMY__ 0.9178050246013035 neg 0.044935960081027244 off 0.03725901531766918	false	1.0
schmierig	off 1.0		__DUMMY__ 0.9145750134172517 off 0.04546276327248265 neg 0.039962223310265714	false	1.0
unpraktisch	neg 1.0		__DUMMY__ 0.9198685153990852 neg 0.041738672749509355 off 0.03839281185140542	false	1.0
wixxer	off 1.0		__DUMMY__ 0.9062822914390649 off 0.05073681895112028 neg 0.042980889609814846	false	1.0
bezeichnet			__DUMMY__ 0.9172579872855531 neg 0.044894248146553205 off 0.03784776456789371	false	0.0
jammerlappen	off 1.0		__DUMMY__ 0.9186582165894593 off 0.04149903326607126 neg 0.03984275014446934	false	1.0
farce	neg 1.0		__DUMMY__ 0.9187631800075462 neg 0.04491382119452509 off 0.03632299879792878	false	1.0
zwecklos	neg 1.0		__DUMMY__ 0.9192270960089394 neg 0.04455790912964518 off 0.03621499486141547	false	1.0
turbulent	neg 1.0		__DUMMY__ 0.9142952759482226 neg 0.04314685178257321 off 0.04255787226920416	false	1.0
invasion	neg 1.0		__DUMMY__ 0.9186848058099893 neg 0.04225688223424554 off 0.039058311955765125	false	1.0
schuld	neg 1.0		__DUMMY__ 0.9181230129406515 neg 0.043260504711636893 off 0.038616482347711596	false	1.0
risiko	neg 1.0	neg 1.0	neg 0.5062870579238774 __DUMMY__ 0.4589650402209176 off 0.03474790185520503	false	1.0
finster	neg 1.0		__DUMMY__ 0.9174499626503605 neg 0.04446402816683918 off 0.03808600918280032	false	1.0
geisteskrank	off 1.0		__DUMMY__ 0.913695037803145 off 0.04317180378408998 neg 0.04313315841276508	false	1.0
zusammenbrechen	neg 1.0		__DUMMY__ 0.9211123073518309 neg 0.04272287370614873 off 0.03616481894202037	false	1.0
ausbeute	neg 1.0		__DUMMY__ 0.9295618072712246 neg 0.036443133990251377 off 0.03399505873852409	false	1.0
hinterhalt	neg 1.0		__DUMMY__ 0.9223891491356003 neg 0.042015001427502974 off 0.035595849436896795	false	1.0
kritik	neg 1.0		__DUMMY__ 0.9185278447135279 neg 0.04525840618804257 off 0.03621374909842958	false	1.0
einschrumpfen	neg 1.0		__DUMMY__ 0.9153528837491713 neg 0.043867903149209665 off 0.040779213101618944	false	1.0
riskant	neg 1.0		__DUMMY__ 0.9203374859550858 neg 0.045397775947010985 off 0.034264738097903286	false	1.0
frustrieren	neg 1.0		__DUMMY__ 0.9208629396004291 neg 0.04418405987491153 off 0.03495300052465934	false	1.0
groll	neg 1.0		__DUMMY__ 0.9194224849983007 neg 0.04473564805945079 off 0.03584186694224851	false	1.0
gibt			__DUMMY__ 0.9217241512770097 neg 0.04197329643052427 off 0.03630255229246604	false	0.0
qualvoll	neg 1.0		__DUMMY__ 0.9177432521722529 neg 0.04239084112166828 off 0.039865906706078695	false	1.0
wackeln	neg 1.0		__DUMMY__ 0.9212665289660549 neg 0.04069257213593694 off 0.038040898898008206	false	1.0
klagen	neg 1.0		__DUMMY__ 0.9234810951705246 neg 0.04443646731586329 off 0.03208243751361218	false	1.0
bankrott	neg 1.0		__DUMMY__ 0.9190005754287169 off 0.040665174066566445 neg 0.04033425050471669	false	0.5
trauern	neg 1.0		__DUMMY__ 0.9221698925833451 neg 0.04345617366368908 off 0.03437393375296577	false	1.0
ablehnung	neg 1.0		__DUMMY__ 0.9191322710437438 neg 0.04483918857041828 off 0.03602854038583798	false	1.0
stur	neg 1.0		__DUMMY__ 0.9184060372490087 neg 0.042878542771167476 off 0.038715419979823855	false	1.0
aufruhr	neg 1.0	neg 1.0	neg 0.5092639615457801 __DUMMY__ 0.4573096260022732 off 0.0334264124519466	false	1.0
melancholie	neg 1.0		__DUMMY__ 0.9212716242175204 neg 0.044138123737623325 off 0.03459025204485626	false	1.0
ist			__DUMMY__ 0.9194598287016837 neg 0.04142122068577473 off 0.03911895061254152	false	0.0
torheit	neg 1.0		__DUMMY__ 0.920040145035481 neg 0.04202171389167327 off 0.03793814107284574	false	1.0
dreckskind	off 1.0		__DUMMY__ 0.9089393656746805 off 0.047066797475628884 neg 0.04399383684969058	false	1.0
umtauschen	neg 1.0		__DUMMY__ 0.9206974825221839 neg 0.04259913261347405 off 0.03670338486434205	false	1.0
zum			__DUMMY__ 0.9298445929611939 neg 0.04047802895727713 off 0.029677378081528913	false	0.0
zersetzen	neg 1.0		__DUMMY__ 0.9204747711586142 neg 0.04591287533352606 off 0.03361235350785973	false	1.0
zur			__DUMMY__ 0.9271762212550773 neg 0.04332557013489448 off 0.029498208610028238	false	0.0
frust	neg 1.0		__DUMMY__ 0.921482485220161 neg 0.042299221127974386 off 0.03621829365186468	false	1.0
unerbittlichkeit	neg 1.0		__DUMMY__ 0.921234765910309 neg 0.045235130188447395 off 0.03353010390124364	false	1.0
zwei			__DUMMY__ 0.9280067175478847 neg 0.04143657839566667 off 0.03055670405644865	false	0.0
unkorrekt	neg 1.0		__DUMMY__ 0.9164332686588438 off 0.044149478432537304 neg 0.03941725290861896	false	0.5
hexe	off 1.0		__DUMMY__ 0.9118930931300067 neg 0.04669487491946618 off 0.04141203195052714	false	0.5
lasch	neg 1.0		__DUMMY__ 0.9161274781849854 neg 0.04294307153527671 off 0.04092945027973795	false	1.0
rivale	neg 1.0		__DUMMY__ 0.9152880464318797 off 0.043182383154589055 neg 0.0415295704135313	false	0.5
mutlos	off 1.0	off 1.0	off 0.501458372190626 __DUMMY__ 0.45699969272244867 neg 0.04154193508692546	false	1.0
wirr	off 1.0		__DUMMY__ 0.9127609247770173 off 0.04480269138689131 neg 0.042436383836091336	false	1.0
jahr			__DUMMY__ 0.9303379735261768 neg 0.03722453772106442 off 0.03243748875275884	false	0.0
wird			__DUMMY__ 0.9216439633708486 neg 0.04309090201428612 off 0.03526513461486521	false	0.0
strafbar	neg 1.0		__DUMMY__ 0.9219618013121329 neg 0.04335098364873776 off 0.03468721503912931	false	1.0
erosion	neg 1.0		__DUMMY__ 0.9217924159946895 neg 0.040932331802510685 off 0.03727525220279978	false	1.0
eingehen	neg 1.0		__DUMMY__ 0.9206558860989197 neg 0.04452843385009242 off 0.03481568005098793	false	1.0
faul	off 1.0		__DUMMY__ 0.9187554590356634 neg 0.040736991638852534 off 0.040507549325484185	false	0.5
provisorium	neg 1.0		__DUMMY__ 0.931803602614801 neg 0.04065882449552475 off 0.02753757288967433	false	1.0
schmerzen	neg 1.0		__DUMMY__ 0.9192661076274282 neg 0.0445424493076069 off 0.03619144306496492	false	1.0
schrumpfen	neg 1.0		__DUMMY__ 0.9238015071858122 neg 0.04623047070782753 off 0.02996802210636027	false	1.0
geistlos	off 1.0		__DUMMY__ 0.9147208869495794 neg 0.04512770677562385 off 0.0401514062747968	false	0.5
fehlkauf	neg 1.0		__DUMMY__ 0.9185086097078682 neg 0.042567134483523505 off 0.038924255808608366	false	1.0
frustrierend	neg 1.0		__DUMMY__ 0.9183590409620579 neg 0.04091359435670838 off 0.04072736468123371	false	1.0
unzufrieden	neg 1.0		__DUMMY__ 0.9199211720326105 neg 0.04407851648455809 off 0.036000311482831504	false	1.0
verzweifeln	neg 1.0		__DUMMY__ 0.9203799664386099 neg 0.04274613386289377 off 0.0368738996984964	false	1.0
verzweifelt	neg 1.0	neg 1.0	neg 0.510417646392798 __DUMMY__ 0.45436546309994413 off 0.03521689050725791	false	1.0
misstrauensantrag	neg 1.0		__DUMMY__ 0.9184119384876009 neg 0.042582740394661936 off 0.03900532111773715	false	1.0
abfallen	neg 1.0		__DUMMY__ 0.9215022711721594 neg 0.04070775078758641 off 0.037789978040254274	false	1.0
fucker	off 1.0		__DUMMY__ 0.9157505939154857 off 0.04391759058482093 neg 0.04033181549969337	false	1.0
ungezogen	neg 1.0		__DUMMY__ 0.9100866131265295 off 0.04974578264830223 neg 0.040167604225168296	false	0.5
irrsinnig	neg 1.0	neg 1.0	neg 0.5096879055410382 __DUMMY__ 0.4551170180989808 off 0.03519507635998107	false	1.0
unfassbar	neg 1.0		__DUMMY__ 0.9178037668876027 off 0.042417521830050924 neg 0.039778711282346405	false	0.5
hart	neg 1.0		__DUMMY__ 0.9146985611194753 neg 0.04344602381306384 off 0.041855415067460884	false	1.0
widerlich	off 1.0		__DUMMY__ 0.9151831495401087 off 0.04301074750536802 neg 0.04180610295452333	false	1.0
fatal	neg 1.0		__DUMMY__ 0.918286320545504 neg 0.04229600958124802 off 0.03941766987324807	false	1.0
bruch	neg 1.0		__DUMMY__ 0.9236243391169805 neg 0.0439582081687845 off 0.03241745271423503	false	1.0
aushungern	neg 1.0		__DUMMY__ 0.9208849180160047 neg 0.042800999620816856 off 0.03631408236317844	false	1.0
anspannung	neg 1.0		__DUMMY__ 0.9266959305725796 neg 0.04334985196221732 off 0.02995421746520316	false	1.0
von			__DUMMY__ 0.9318640051622578 neg 0.0356721999758289 off 0.03246379486191344	false	0.0
kraftlos	neg 1.0		__DUMMY__ 0.9217526628879849 neg 0.04272693685484804 off 0.035520400257167115	false	1.0
vom			__DUMMY__ 0.932044116519207 neg 0.04017065984109361 off 0.027785223639699264	false	0.0
grenzdebil	off 1.0		__DUMMY__ 0.9177199603114129 off 0.04256493378922441 neg 0.03971510589936272	false	1.0
vor			__DUMMY__ 0.9249231135406043 neg 0.04237453891280135 off 0.03270234754659438	false	0.0
unterwerfen	neg 1.0		__DUMMY__ 0.9209575701687333 neg 0.04420442509912878 off 0.034838004732137995	false	1.0
versenkung	neg 1.0		__DUMMY__ 0.9233445395201996 neg 0.04166086109074662 off 0.03499459938905377	false	1.0
entziehen	neg 1.0		__DUMMY__ 0.9230228847106953 neg 0.04450979917557285 off 0.03246731611373184	false	1.0
finanzkrise	neg 1.0		__DUMMY__ 0.9169846001255578 neg 0.04631580099295861 off 0.03669959888148368	false	1.0
schimpfend	neg 1.0		__DUMMY__ 0.9185304236177696 neg 0.04277977961705834 off 0.03868979676517204	false	1.0
profan	neg 1.0		__DUMMY__ 0.9179043419666956 neg 0.04239427840739553 off 0.03970137962590894	false	1.0
korruption	neg 1.0		__DUMMY__ 0.9200414212889529 neg 0.04467724324755476 off 0.035281335463492235	false	1.0
â			__DUMMY__ 0.9226199056410567 neg 0.04240818496269885 off 0.034971909396244456	false	0.0
schmutzig	neg 1.0		__DUMMY__ 0.9176990184139814 off 0.04292129308945681 neg 0.03937968849656179	false	0.5
sexy	neg 1.0		__DUMMY__ 0.9187793649883461 neg 0.04084627190755145 off 0.040374363104102515	false	1.0
abraten	neg 1.0		__DUMMY__ 0.920321734080222 neg 0.040635332676532104 off 0.039042933243245856	false	1.0
schwarz	neg 1.0		__DUMMY__ 0.9185888710578676 neg 0.04259740358381515 off 0.03881372535831721	false	1.0
fotze	off 1.0	off 1.0	off 0.5024173448328666 __DUMMY__ 0.4583836809794997 neg 0.03919897418763361	false	1.0
verwirren	neg 1.0		__DUMMY__ 0.9185416429237329 neg 0.04132478047456737 off 0.0401335766016998	false	1.0
zahnlos	off 1.0		__DUMMY__ 0.919662832994946 neg 0.04369629051230177 off 0.036640876492752196	false	0.5
verheeren	neg 1.0		__DUMMY__ 0.9093561881048208 off 0.051028526672823704 neg 0.0396152852223556	false	0.5
hippie	neg 1.0		__DUMMY__ 0.9184380512735223 neg 0.04139702388580001 off 0.0401649248406777	false	1.0
rammen	neg 1.0		__DUMMY__ 0.9144612454133881 neg 0.04728244720254116 off 0.03825630738407074	false	1.0
unlauter	neg 1.0		__DUMMY__ 0.9178219341107997 neg 0.04374350109704813 off 0.03843456479215222	false	1.0
unheilvoll	neg 1.0		__DUMMY__ 0.9179296254612292 neg 0.04345825202131007 off 0.03861212251746066	false	1.0
niedrig	neg 1.0		__DUMMY__ 0.9202554606451746 neg 0.04616643413397565 off 0.033578105220849745	false	1.0
explosion	neg 1.0		__DUMMY__ 0.9193696963920082 neg 0.04096077641465801 off 0.0396695271933338	false	1.0
weichei	off 1.0	off 1.0	off 0.5123123581771316 __DUMMY__ 0.44976772998244496 neg 0.03791991184042346	false	1.0
minusmensch	off 1.0		__DUMMY__ 0.9050207396934493 off 0.04931028652158801 neg 0.04566897378496264	false	1.0
farblos	neg 1.0		__DUMMY__ 0.9189239450194088 neg 0.04446021780394544 off 0.03661583717664584	false	1.0
unwissend	neg 1.0	neg 1.0	neg 0.5078074461707005 __DUMMY__ 0.4542806772073246 off 0.037911876621974865	false	1.0
traurig	neg 1.0		__DUMMY__ 0.9166698100703145 off 0.04424598872810117 neg 0.03908420120158436	false	0.5
senkung	neg 1.0		__DUMMY__ 0.9167309053479636 neg 0.04370105024750594 off 0.0395680444045304	false	1.0
ungleich	neg 1.0	neg 1.0	neg 0.5101099322850553 __DUMMY__ 0.45897790927253196 off 0.030912158442412612	false	1.0
heikel	neg 1.0		__DUMMY__ 0.9212936013810789 neg 0.04447859130087813 off 0.03422780731804297	false	1.0
drosselung	neg 1.0		__DUMMY__ 0.9156966761443129 off 0.042308786670856885 neg 0.041994537184830136	false	0.5
falsch	neg 1.0		__DUMMY__ 0.918170166680273 neg 0.04098626802541192 off 0.04084356529431517	false	1.0
unzufriedenheit	neg 1.0		__DUMMY__ 0.9221577659946 neg 0.04477495141194968 off 0.03306728259345033	false	1.0
kurz	neg 1.0		__DUMMY__ 0.9241993172761157 neg 0.03974941219814974 off 0.036051270525734556	false	1.0
unsinnig	neg 1.0		__DUMMY__ 0.9196974517436154 neg 0.04356140640913117 off 0.03674114184725347	false	1.0
penner	off 1.0	off 1.0	off 0.5135280509018288 __DUMMY__ 0.4492737014350198 neg 0.03719824766315139	false	1.0
seicht	neg 1.0		__DUMMY__ 0.9099376535523072 off 0.049689421305302885 neg 0.040372925142389965	false	0.5
dummheit	off 1.0	off 1.0	off 0.5066625120756649 __DUMMY__ 0.4528577382276551 neg 0.0404797496966799	false	1.0
unerfreulich	neg 1.0		__DUMMY__ 0.923466280359222 neg 0.043126630580572735 off 0.0334070890602053	false	1.0
motherfucker	off 1.0	off 1.0	off 0.5096279219454158 __DUMMY__ 0.45266248523500363 neg 0.037709592819580556	false	1.0
pikiert	neg 1.0		__DUMMY__ 0.9148828929772251 neg 0.04272642972589207 off 0.04239067729688285	false	1.0
wrack	neg 1.0		__DUMMY__ 0.9199133571137217 neg 0.044776290769120194 off 0.03531035211715805	false	1.0
gangster	neg 1.0		__DUMMY__ 0.9183989015440306 neg 0.04144415849734785 off 0.04015693995862144	false	1.0
krank	neg 1.0		__DUMMY__ 0.9187090674385039 off 0.042350636567884625 neg 0.03894029599361146	false	0.5
reich	neg 1.0		__DUMMY__ 0.9175989681137866 off 0.041506728361222975 neg 0.040894303524990405	false	0.5
gnadenlos	neg 1.0		__DUMMY__ 0.9181732379571991 neg 0.043139448646560226 off 0.03868731339624076	false	1.0
niedergeschlagen	neg 1.0		__DUMMY__ 0.9207602506323683 neg 0.04290400125787601 off 0.036335748109755615	false	1.0
terrorisieren	off 1.0	off 1.0	off 0.5015829323717166 __DUMMY__ 0.45873411371735917 neg 0.03968295391092422	false	1.0
sinnlosigkeit	neg 1.0		__DUMMY__ 0.9200827386380945 neg 0.04378762538867178 off 0.03612963597323368	false	1.0
behindern	neg 1.0		__DUMMY__ 0.9201956373857908 neg 0.043092866410573395 off 0.0367114962036358	false	1.0
undemokratisch	neg 1.0		__DUMMY__ 0.9190771367357411 neg 0.04232671400823882 off 0.0385961492560201	false	1.0
wirtschaftskrise	neg 1.0		__DUMMY__ 0.9186928735045206 neg 0.04618380361889165 off 0.03512332287658784	false	1.0
neid	neg 1.0		__DUMMY__ 0.920635711742666 off 0.040427331693666906 neg 0.03893695656366709	false	0.5
rutschen	neg 1.0		__DUMMY__ 0.928433966603895 neg 0.04118131872392803 off 0.030384714672177036	false	1.0
rezession	neg 1.0		__DUMMY__ 0.9095386892329422 neg 0.04560567890946014 off 0.0448556318575977	false	1.0
fehlgeburt	neg 1.0		__DUMMY__ 0.9194541509490416 neg 0.04192363880841727 off 0.03862221024254108	false	1.0
charakterschwach	off 1.0		__DUMMY__ 0.9151803232636664 off 0.04296658096558458 neg 0.041853095770749034	false	1.0
isolation	neg 1.0		__DUMMY__ 0.9186488445055072 neg 0.04103372915042931 off 0.04031742634406347	false	1.0
ablenkung	neg 1.0		__DUMMY__ 0.9218848900033553 neg 0.04056554390817482 off 0.03754956608846978	false	1.0
pech	neg 1.0		__DUMMY__ 0.9190488167629592 neg 0.040871790253434 off 0.040079392983606764	false	1.0
vermeidung	neg 1.0		__DUMMY__ 0.9159952737324126 off 0.04243788595046071 neg 0.041566840317126735	false	0.5
dominieren	neg 1.0		__DUMMY__ 0.9215586618948931 neg 0.04400216081401447 off 0.03443917729109241	false	1.0
schwindlig	neg 1.0		__DUMMY__ 0.9201883985801594 neg 0.04108721766448295 off 0.03872438375535763	false	1.0
lutscher	neg 1.0	neg 1.0	neg 0.5071058959529651 __DUMMY__ 0.44765097374608837 off 0.045243130300946593	false	1.0
pflicht	neg 1.0		__DUMMY__ 0.9218139603837163 neg 0.044746541395475556 off 0.03343949822080809	false	1.0
faschist	off 1.0		__DUMMY__ 0.9181901065166468 neg 0.04123514552812338 off 0.04057474795522983	false	0.5
verschleudern	neg 1.0		__DUMMY__ 0.9220873946458845 neg 0.043868709812450786 off 0.03404389554166474	false	1.0
wenn			__DUMMY__ 0.9179366283402038 neg 0.041087577484504666 off 0.040975794175291534	false	0.0
ehebruch	neg 1.0		__DUMMY__ 0.9204016877899838 neg 0.04434391964137324 off 0.035254392568642906	false	1.0
spott	off 1.0		__DUMMY__ 0.9207734435593584 neg 0.04428973430575694 off 0.034936822134884624	false	0.5
trostlosigkeit	neg 1.0		__DUMMY__ 0.9221420877837482 neg 0.0451366671753614 off 0.03272124504089048	false	1.0
lutschen	neg 1.0		__DUMMY__ 0.9152491589703668 neg 0.04418676288277984 off 0.040564078146853255	false	1.0
undiszipliniert	neg 1.0		__DUMMY__ 0.9158653690411611 off 0.043812316838191055 neg 0.04032231412064789	false	0.5
kopfschmerz	neg 1.0		__DUMMY__ 0.9182928227653057 neg 0.04630067693134195 off 0.03540650030335235	false	1.0
unvorhergesehen	neg 1.0		__DUMMY__ 0.9256795841462065 neg 0.04118442807298264 off 0.03313598778081082	false	1.0
desinteressiert	neg 1.0	neg 1.0	neg 0.5074521699096673 __DUMMY__ 0.4529483845156702 off 0.03959944557466248	false	1.0
armselig	off 1.0		__DUMMY__ 0.9137465248131424 off 0.04465719261610704 neg 0.04159628257075051	false	1.0
desaster	neg 1.0		__DUMMY__ 0.9236811392175805 neg 0.0443373638409808 off 0.031981496941438654	false	1.0
tod	neg 1.0		__DUMMY__ 0.9209318916005694 neg 0.04427870772797549 off 0.03478940067145507	false	1.0
herzlos	neg 1.0		__DUMMY__ 0.9150017539300533 off 0.04439582332261015 neg 0.04060242274733663	false	0.5
unwissenheit	neg 1.0		__DUMMY__ 0.919691884032858 neg 0.04441964861107507 off 0.035888467356067016	false	1.0
widersinnig	neg 1.0		__DUMMY__ 0.918529855794834 neg 0.04534688140796081 off 0.036123262797205194	false	1.0
bedenklich	neg 1.0		__DUMMY__ 0.9205014198522192 neg 0.044314556500674056 off 0.03518402364710662	false	1.0
beanstanden	neg 1.0		__DUMMY__ 0.9230975364851869 neg 0.04383992473214391 off 0.03306253878266918	false	1.0
panisch	neg 1.0	neg 1.0	neg 0.505794440728161 __DUMMY__ 0.45867927295155 off 0.03552628632028881	false	1.0
debil	off 1.0		__DUMMY__ 0.9271692150761891 neg 0.044679994364905204 off 0.028150790558905636	false	0.5
abstrich	neg 1.0		__DUMMY__ 0.9244749197455344 neg 0.040070459983555046 off 0.03545462027091054	false	1.0
primitiv	neg 1.0		__DUMMY__ 0.9152621987307739 off 0.04320525716213521 neg 0.041532544107090875	false	0.5
abschaum	off 1.0	off 1.0	off 0.5083901226197147 __DUMMY__ 0.45294221467539947 neg 0.038667662704885856	false	1.0
provozieren	neg 1.0		__DUMMY__ 0.9173635733079707 neg 0.04405843445445832 off 0.03857799223757096	false	1.0
tot	neg 1.0		__DUMMY__ 0.9208827433686044 neg 0.04416425312112175 off 0.034953003510273736	false	1.0
instabil	neg 1.0		__DUMMY__ 0.914302224716782 off 0.04401372746082465 neg 0.04168404782239329	false	0.5
schwuchtel	off 1.0	off 1.0	off 0.5180719747022474 __DUMMY__ 0.44409372680965953 neg 0.03783429848809303	false	1.0
zerren	neg 1.0		__DUMMY__ 0.9207244395356117 neg 0.04323948506674159 off 0.03603607539764682	false	1.0
kinderficker	off 1.0		__DUMMY__ 0.9136889940548595 off 0.046723937580017784 neg 0.03958706836512271	false	1.0
gefahr	neg 1.0		__DUMMY__ 0.9235444879399904 neg 0.043533341488989595 off 0.03292217057101997	false	1.0
rabiat	neg 1.0		__DUMMY__ 0.9198470540234867 neg 0.0423564801496488 off 0.03779646582686455	false	1.0
verlangsamung	neg 1.0		__DUMMY__ 0.9085133738721768 off 0.04812456377753385 neg 0.04336206235028927	false	0.5
ausgestorben	neg 1.0		__DUMMY__ 0.9207475115559565 neg 0.04179631413298425 off 0.03745617431105923	false	1.0
anklagen	neg 1.0		__DUMMY__ 0.9200308055386539 neg 0.044616457835351966 off 0.03535273662599409	false	1.0
trott	neg 1.0		__DUMMY__ 0.9201153624863692 neg 0.04283321846980006 off 0.03705141904383083	false	1.0
verminderung	neg 1.0		__DUMMY__ 0.916412213172619 off 0.04268144023845221 neg 0.04090634658892883	false	0.5
nach			__DUMMY__ 0.9291238338614679 neg 0.04129834546985478 off 0.029577820668677278	false	0.0
rost	neg 1.0		__DUMMY__ 0.912270584259954 off 0.04673403214101319 neg 0.04099538359903279	false	0.5
destruktiv	neg 1.0		__DUMMY__ 0.9189999558373837 neg 0.04339816314037248 off 0.037601881022243794	false	1.0
unzumutbarkeit	neg 1.0		__DUMMY__ 0.9170257334002196 off 0.04176193786530729 neg 0.041212328734473044	false	0.5
labil	off 1.0	off 1.0	off 0.5077710577708184 __DUMMY__ 0.45358840169199144 neg 0.03864054053719003	false	1.0
ziemlich	neg 1.0		__DUMMY__ 0.9186744938744937 off 0.04218608597492644 neg 0.039139420150579744	false	0.5
lachnummer	off 1.0		__DUMMY__ 0.9184434263789971 neg 0.043212470072299065 off 0.038344103548703816	false	0.5
oder			__DUMMY__ 0.921535638680382 neg 0.04044413748717118 off 0.038020223832446694	false	0.0
verfall	neg 1.0		__DUMMY__ 0.924494432636744 neg 0.045564568899939165 off 0.02994099846331684	false	1.0
ausgrenzung	neg 1.0		__DUMMY__ 0.9185959800842215 neg 0.04234457704779818 off 0.039059442867980285	false	1.0
unordnung	neg 1.0		__DUMMY__ 0.9175348787422076 off 0.04365920536805521 neg 0.03880591588973718	false	0.5
fehlverhalten	neg 1.0		__DUMMY__ 0.9203085175355465 neg 0.0457288359358712 off 0.033962646528582274	false	1.0
eine			__DUMMY__ 0.9247873114212506 neg 0.04213210857834325 off 0.03308058000040616	false	0.0
nille	neg 1.0		__DUMMY__ 0.9206662570551175 neg 0.042081996308856034 off 0.037251746636026414	false	1.0
qual	neg 1.0		__DUMMY__ 0.9204688323812913 neg 0.042770840447601786 off 0.03676032717110689	false	1.0
verschwenden	neg 1.0		__DUMMY__ 0.9203529365389956 neg 0.045139255403103436 off 0.03450780805790095	false	1.0
riesig	neg 1.0		__DUMMY__ 0.9219620639601334 neg 0.0435956115376236 off 0.03444232450224304	false	1.0
verurteilen	neg 1.0		__DUMMY__ 0.9187890763412575 neg 0.04526015319539649 off 0.035950770463346084	false	1.0
klischee	neg 1.0	neg 1.0	neg 0.5089353367802996 __DUMMY__ 0.4539371334526649 off 0.037127529767035594	false	1.0
diktatorisch	neg 1.0		__DUMMY__ 0.9179164662398738 neg 0.04329406637535429 off 0.03878946738477201	false	1.0
vorhersehbar	neg 1.0		__DUMMY__ 0.9165775447291047 neg 0.04300670214648301 off 0.04041575312441225	false	1.0
sowie			__DUMMY__ 0.9116268411335088 off 0.04609429471113298 neg 0.04227886415535833	false	0.0
stornieren	neg 1.0		__DUMMY__ 0.9249009453225934 off 0.038733261303371236 neg 0.03636579337403541	false	0.5
besteuerung	neg 1.0		__DUMMY__ 0.9155683698210487 neg 0.04653872894083421 off 0.03789290123811705	false	1.0
ungeschminkt	neg 1.0		__DUMMY__ 0.9117548183850741 neg 0.045716302127294224 off 0.04252887948763167	false	1.0
kritisch	neg 1.0		__DUMMY__ 0.9212363293689338 neg 0.043730498601898565 off 0.0350331720291676	false	1.0
schlamperei	off 1.0		__DUMMY__ 0.9227498081961495 neg 0.0433554812529367 off 0.03389471055091375	false	0.5
sucht	neg 1.0	neg 1.0	neg 0.504912515747525 __DUMMY__ 0.4612419996825862 off 0.03384548456988883	false	1.0
egoistisch	off 1.0		__DUMMY__ 0.91225736877841 off 0.0467747164839064 neg 0.040967914737683526	false	1.0
ausbeuter	off 1.0		__DUMMY__ 0.9197406302069274 neg 0.04629525675265812 off 0.033964113040414384	false	0.5
arschgeburt	off 1.0		__DUMMY__ 0.9036292081085412 off 0.05319539040477827 neg 0.04317540148668049	false	1.0
schubs	neg 1.0		__DUMMY__ 0.9217122541071774 neg 0.04285528703823948 off 0.03543245885458313	false	1.0
unsolide	neg 1.0		__DUMMY__ 0.9170426633631427 neg 0.043733396157993175 off 0.03922394047886419	false	1.0
beschwerde	neg 1.0		__DUMMY__ 0.9204605185869656 neg 0.04501393772209343 off 0.034525543690940894	false	1.0
stocken	neg 1.0		__DUMMY__ 0.9214268481833184 neg 0.04448200688008493 off 0.03409114493659671	false	1.0
isolieren	neg 1.0		__DUMMY__ 0.9217166856081359 neg 0.042971756990509376 off 0.0353115574013548	false	1.0
unheilbar	neg 1.0		__DUMMY__ 0.9201797170732245 neg 0.04181979531842839 off 0.0380004876083471	false	1.0
pisser	off 1.0		__DUMMY__ 0.9120682923442979 off 0.044203143035769846 neg 0.04372856461993235	false	1.0
löschen	neg 1.0		__DUMMY__ 0.9197418841963455 neg 0.04287136670960034 off 0.037386749094054254	false	1.0
durchfallen	neg 1.0		__DUMMY__ 0.9199276796578576 neg 0.044584960931634124 off 0.03548735941050829	false	1.0
wichser	off 1.0	off 1.0	off 0.5158473677114678 __DUMMY__ 0.44735047578361437 neg 0.03680215650491785	false	1.0
terror	neg 1.0		__DUMMY__ 0.9190412059021245 neg 0.04128013172043091 off 0.039678662377444746	false	1.0
krass	neg 1.0		__DUMMY__ 0.9137187053949708 off 0.04458780598367002 neg 0.041693488621359194	false	0.5
revolte	neg 1.0		__DUMMY__ 0.9175107313185835 neg 0.04314039469441219 off 0.03934887398700433	false	1.0
besorgt	neg 1.0		__DUMMY__ 0.924179028311908 neg 0.03981314811609286 off 0.0360078235719992	false	1.0
nachlassen	neg 1.0		__DUMMY__ 0.9241894872293792 neg 0.042172110152952795 off 0.03363840261766791	false	1.0
alt	neg 1.0		__DUMMY__ 0.9202195968166986 neg 0.04482710529362128 off 0.034953297889680095	false	1.0
hundesohn	off 1.0		__DUMMY__ 0.9080860235104071 off 0.05039184622368139 neg 0.041522130265911464	false	1.0
als			__DUMMY__ 0.9220143056166397 neg 0.04204311612349979 off 0.03594257825986056	false	0.0
abschreckung	neg 1.0		__DUMMY__ 0.9224442877898794 neg 0.044603875376371026 off 0.03295183683374968	false	1.0
unqualifiziert	neg 1.0		__DUMMY__ 0.9164234814010846 neg 0.04239631406963762 off 0.041180204529277724	false	1.0
abgewichst	off 1.0		__DUMMY__ 0.9216492077755131 neg 0.04180618659641157 off 0.03654460562807537	false	0.5
schwer	neg 1.0		__DUMMY__ 0.9197603756531081 neg 0.04300218413504629 off 0.037237440211845586	false	1.0
bedeutungslosigkeit	neg 1.0		__DUMMY__ 0.921793506761306 neg 0.04442062206657401 off 0.03378587117212003	false	1.0
kapitulation	neg 1.0		__DUMMY__ 0.9214176259584289 neg 0.04381334183718688 off 0.03476903220438423	false	1.0
unscharf	neg 1.0		__DUMMY__ 0.9165564179398382 neg 0.04449191089704877 off 0.03895167116311305	false	1.0
schwinden	neg 1.0		__DUMMY__ 0.9216892283578553 neg 0.04487369447387724 off 0.0334370771682675	false	1.0
versklavung	neg 1.0		__DUMMY__ 0.9185206822068848 neg 0.04315588969710903 off 0.038323428096006154	false	1.0
schlecht	neg 1.0		__DUMMY__ 0.918667433932659 off 0.04240974929157575 neg 0.03892281677576517	false	0.5
verhasst	neg 1.0		__DUMMY__ 0.916024448207206 neg 0.044909741400963515 off 0.039065810391830505	false	1.0
beschweren	neg 1.0		__DUMMY__ 0.9194722127889325 neg 0.041250358960642226 off 0.0392774282504252	false	1.0
scheiden	neg 1.0		__DUMMY__ 0.922517888838569 neg 0.0405320676790233 off 0.03695004348240767	false	1.0
frustriert	neg 1.0		__DUMMY__ 0.9197001615254492 neg 0.04367404934767541 off 0.03662578912687541	false	1.0
schimmelig	neg 1.0		__DUMMY__ 0.9178505650879802 neg 0.04744581480568207 off 0.034703620106337665	false	1.0
fisch	neg 1.0		__DUMMY__ 0.9207136251848733 neg 0.04705144522438181 off 0.03223492959074492	false	1.0
schmuggel	neg 1.0		__DUMMY__ 0.9201141655074703 neg 0.04591444160799074 off 0.03397139288453893	false	1.0
auffallen	neg 1.0		__DUMMY__ 0.918889927222934 neg 0.041258696018086474 off 0.03985137675897948	false	1.0
konkurrenz	neg 1.0		__DUMMY__ 0.9239663648857892 neg 0.043339741649237 off 0.03269389346497384	false	1.0
teufelskreis	neg 1.0	neg 1.0	neg 0.510872884147029 __DUMMY__ 0.4549691403918961 off 0.034157975461074755	false	1.0
aufschreien	neg 1.0		__DUMMY__ 0.9173963754832735 neg 0.04260384886295033 off 0.03999977565377617	false	1.0
schuldner	neg 1.0		__DUMMY__ 0.9201269749333709 neg 0.04661685858737205 off 0.03325616647925701	false	1.0
missgeburt	off 1.0	off 1.0	off 0.5130217908992407 __DUMMY__ 0.44651386685704214 neg 0.04046434224371704	false	1.0
arbeitslos	neg 1.0		__DUMMY__ 0.9195403994816637 neg 0.04460184976822817 off 0.03585775075010816	false	1.0
befallen	neg 1.0		__DUMMY__ 0.9171898670059099 neg 0.046391359879077484 off 0.03641877311501262	false	1.0
miesepetrig	off 1.0	off 1.0	off 0.5078455592822119 __DUMMY__ 0.4553433569172969 neg 0.036811083800491175	false	1.0
alarmieren	neg 1.0		__DUMMY__ 0.9141680096039939 neg 0.04440488096633403 off 0.04142710942967203	false	1.0
ungeduscht	off 1.0		__DUMMY__ 0.9151526560789752 neg 0.044392690418866745 off 0.040454653502158114	false	0.5
knappheit	neg 1.0		__DUMMY__ 0.9190772096983676 neg 0.045629410769269435 off 0.03529337953236299	false	1.0
schlange	neg 1.0		__DUMMY__ 0.922160555661972 neg 0.03930408246188402 off 0.03853536187614404	false	1.0
harsch	neg 1.0		__DUMMY__ 0.9152857815036605 off 0.04558144447802426 neg 0.039132774018315226	false	0.5
lang	neg 1.0		__DUMMY__ 0.9197968944047507 neg 0.04212336382823873 off 0.03807974176701065	false	1.0
ziellos	neg 1.0		__DUMMY__ 0.9230749496201198 neg 0.04197671224798256 off 0.03494833813189768	false	1.0
selbstverliebt	neg 1.0		__DUMMY__ 0.9075457771687455 off 0.05108645504840153 neg 0.041367767782853046	false	0.5
beseitigen	neg 1.0		__DUMMY__ 0.921300907939057 neg 0.04249802651563206 off 0.03620106554531098	false	1.0
dumm	off 1.0		__DUMMY__ 0.912960892983003 off 0.04718238094054492 neg 0.03985672607645221	false	1.0
arbeitsloser	neg 1.0		__DUMMY__ 0.9225536011432115 neg 0.04157028028002542 off 0.035876118576763115	false	1.0
blitzen	neg 1.0		__DUMMY__ 0.918862805153457 neg 0.04105010317343994 off 0.04008709167310303	false	1.0
hilflos	neg 1.0		__DUMMY__ 0.9193309357876333 neg 0.04450515812895998 off 0.03616390608340679	false	1.0
eklig	off 1.0		__DUMMY__ 0.9096014177881675 off 0.04767541526382874 neg 0.0427231669480038	false	1.0
begriff			__DUMMY__ 0.920444181175839 neg 0.042393755295873616 off 0.03716206352828735	false	0.0
hungersnot	neg 1.0		__DUMMY__ 0.9197593866230368 neg 0.04466274940748922 off 0.03557786396947398	false	1.0
ungesetzlich	neg 1.0		__DUMMY__ 0.9171260749716287 neg 0.04411999195296277 off 0.03875393307540854	false	1.0
verschwendung	neg 1.0		__DUMMY__ 0.921367800247861 neg 0.04442616957660025 off 0.034206030175538665	false	1.0
schmerzvoll	neg 1.0		__DUMMY__ 0.918637783981983 neg 0.04241187680620441 off 0.038950339211812526	false	1.0
vorzeitig	neg 1.0		__DUMMY__ 0.9172417748404021 neg 0.04306594827066682 off 0.039692276888931025	false	1.0
unvollkommenheit	neg 1.0		__DUMMY__ 0.9245383231357562 neg 0.04061149761755217 off 0.03485017924669158	false	1.0
intervenieren	neg 1.0		__DUMMY__ 0.9207798702834897 neg 0.04495958361720322 off 0.03426054609930705	false	1.0
banause	off 1.0		__DUMMY__ 0.9063466605592299 off 0.04980338545654506 neg 0.043849953984225164	false	1.0
rebell	neg 1.0		__DUMMY__ 0.9226466962648115 neg 0.04660070476645603 off 0.030752598968732472	false	1.0
unlogisch	neg 1.0		__DUMMY__ 0.9143970604139992 off 0.04428848805625234 neg 0.04131445152974845	false	0.5
leiden	neg 1.0		__DUMMY__ 0.9253183811605797 neg 0.04191094845034678 off 0.032770670389073414	false	1.0
abschaffung	neg 1.0		__DUMMY__ 0.9197023723732418 neg 0.04247320575546546 off 0.03782442187129271	false	1.0
sturz	neg 1.0		__DUMMY__ 0.9189728425033816 neg 0.04353939540634471 off 0.03748776209027371	false	1.0
verkleinerung	neg 1.0		__DUMMY__ 0.9159262106040121 neg 0.0439549186778309 off 0.04011887071815689	false	1.0
schmarotzer	off 1.0		__DUMMY__ 0.9190542247424373 neg 0.0443980121036815 off 0.03654776315388111	false	0.5
bestrafung	neg 1.0		__DUMMY__ 0.9184707197002704 neg 0.04301725096573175 off 0.03851202933399781	false	1.0
achtlos	neg 1.0	neg 1.0	neg 0.5085827511357006 __DUMMY__ 0.45778506167016725 off 0.033632187194132246	false	1.0
ungeheuer	neg 1.0		__DUMMY__ 0.9185852950060547 neg 0.04210748770573266 off 0.03930721728821264	false	1.0
