unsolidarisch	neg 1.0		neg 0.5016402614471972 off 0.4332587180396755 __DUMMY__ 0.06510102051312727	false	1.0
nachteilig	neg 1.0		neg 0.5036251032330935 off 0.4306627375237645 __DUMMY__ 0.06571215924314211	false	1.0
skeptisch	neg 1.0		neg 0.5043208857543158 off 0.42994471966013637 __DUMMY__ 0.0657343945855479	false	1.0
schrecklich	neg 1.0		neg 0.48941609426912164 off 0.4457636912596598 __DUMMY__ 0.06482021447121863	false	1.0
schlapp	neg 1.0		neg 0.49317533224304494 off 0.4417088433986917 __DUMMY__ 0.06511582435826346	false	1.0
abfall	neg 1.0		neg 0.5070198116293417 off 0.42688262569774893 __DUMMY__ 0.06609756267290934	false	1.0
widerspenstig	neg 1.0		neg 0.49900871206679814 off 0.4355972516828099 __DUMMY__ 0.06539403625039207	false	1.0
abrupt	neg 1.0		neg 0.5032493043061242 off 0.43101273995662215 __DUMMY__ 0.0657379557372536	false	1.0
unwirksam	neg 1.0		neg 0.502153738808044 off 0.4328475543846378 __DUMMY__ 0.06499870680731827	false	1.0
angreifen	neg 1.0		neg 0.5059095652559088 off 0.4285669080706524 __DUMMY__ 0.06552352667343889	false	1.0
inkonsistent	neg 1.0		neg 0.5011668725627422 off 0.4339187832488596 __DUMMY__ 0.0649143441883981	false	1.0
abrutschen	neg 1.0		neg 0.5074918175935343 off 0.4265906083386985 __DUMMY__ 0.06591757406776731	false	1.0
unsicher	neg 1.0		neg 0.4974408159772073 off 0.4368472236250541 __DUMMY__ 0.06571196039773865	false	1.0
bauernkind	off 1.0	off 1.0	off 0.7051171247503634 neg 0.26471355218852016 __DUMMY__ 0.030169323061116436	false	1.0
angreifer	neg 1.0	neg 1.0	neg 0.7358908378658285 off 0.2330718358440711 __DUMMY__ 0.031037326290100364	false	1.0
trennen	neg 1.0		neg 0.5032349114546194 off 0.4307857147057996 __DUMMY__ 0.06597937383958091	false	1.0
schmutz	neg 1.0		neg 0.497060249688142 off 0.4375004951396238 __DUMMY__ 0.06543925517223435	false	1.0
inkonsistenz	neg 1.0		neg 0.49677125863474375 off 0.43863720447500687 __DUMMY__ 0.0645915368902494	false	1.0
erschreckend	neg 1.0		neg 0.5007229252448467 off 0.433910471485648 __DUMMY__ 0.06536660326950526	false	1.0
ertrinken	neg 1.0		neg 0.5060266136213111 off 0.42855400901949064 __DUMMY__ 0.06541937735919842	false	1.0
pickelface	off 1.0		neg 0.5007076187517526 off 0.4338665450822021 __DUMMY__ 0.06542583616604526	false	0.5
seiner			neg 0.5040591356123286 off 0.4302281607913276 __DUMMY__ 0.06571270359634385	false	0.0
lauch	neg 1.0		neg 0.5070239438371519 off 0.4270820186935143 __DUMMY__ 0.06589403746933395	false	1.0
unwichtig	neg 1.0		neg 0.49468011662062034 off 0.4403234916569798 __DUMMY__ 0.06499639172239977	false	1.0
steuerhinterziehung	neg 1.0	neg 1.0	neg 0.7387550805980437 off 0.23015184282634948 __DUMMY__ 0.031093076575606744	false	1.0
schock	neg 1.0		neg 0.5007574903993391 off 0.4338319295278414 __DUMMY__ 0.0654105800728194	false	1.0
beule	neg 1.0		neg 0.4943999048287059 off 0.44087172260465857 __DUMMY__ 0.06472837256663551	false	1.0
vergelten	neg 1.0		neg 0.4892123706359172 off 0.44563558661822394 __DUMMY__ 0.06515204274585872	false	1.0
verdorbenheit	neg 1.0		neg 0.49704490175445426 off 0.4373289956760287 __DUMMY__ 0.06562610256951716	false	1.0
trauma	neg 1.0		neg 0.49869297749541264 off 0.4359997603472416 __DUMMY__ 0.06530726215734581	false	1.0
sinnlos	neg 1.0		neg 0.4965706177850306 off 0.4381007082382696 __DUMMY__ 0.06532867397669992	false	1.0
fettsack	off 1.0	off 1.0	off 0.7065496921064515 neg 0.2631642817617039 __DUMMY__ 0.03028602613184458	false	1.0
feige	off 1.0	off 1.0	off 0.7043474174046584 neg 0.2649481657665906 __DUMMY__ 0.030704416828750938	false	1.0
abdanken	neg 1.0		neg 0.5010523998314579 off 0.4336183387856253 __DUMMY__ 0.06532926138291699	false	1.0
wichtigtuer	off 1.0	off 1.0	off 0.7035943485369265 neg 0.2654868216774998 __DUMMY__ 0.030918829785573657	false	1.0
misslingen	neg 1.0		neg 0.4945325303497584 off 0.4394227109526848 __DUMMY__ 0.06604475869755677	false	1.0
untreu	off 1.0		neg 0.4939005015579307 off 0.4410951208019572 __DUMMY__ 0.06500437764011194	false	0.5
missmutig	neg 1.0		neg 0.4946157147128739 off 0.4403172406767121 __DUMMY__ 0.06506704461041406	false	1.0
hurenbock	off 1.0		neg 0.49839854722421106 off 0.4364522242901467 __DUMMY__ 0.06514922848564222	false	0.5
betrunken	neg 1.0		neg 0.4917443482864127 off 0.443292570933237 __DUMMY__ 0.0649630807803504	false	1.0
korrupt	off 1.0		neg 0.5044707339084383 off 0.4303577146895786 __DUMMY__ 0.0651715514019829	false	0.5
unmut	neg 1.0		neg 0.5069535366105509 off 0.42706107231186474 __DUMMY__ 0.06598539107758447	false	1.0
hackfresse	off 1.0		neg 0.4873519549207211 off 0.4483147850231604 __DUMMY__ 0.0643332600561184	false	0.5
aufblasen	neg 1.0		neg 0.49659854630758143 off 0.4379937816377118 __DUMMY__ 0.0654076720547069	false	1.0
gewaltsam	neg 1.0		neg 0.5027756778266569 off 0.4319666868317272 __DUMMY__ 0.06525763534161587	false	1.0
unbeliebtheit	neg 1.0		neg 0.4980872345386416 off 0.43721151515768 __DUMMY__ 0.0647012503036785	false	1.0
sturheit	neg 1.0		neg 0.5021546499254208 off 0.4325499033532162 __DUMMY__ 0.06529544672136302	false	1.0
kuh	neg 1.0		neg 0.5011993822910187 off 0.43425992161108684 __DUMMY__ 0.06454069609789448	false	1.0
erschrecken	neg 1.0		neg 0.493866316167482 off 0.44088421442639936 __DUMMY__ 0.06524946940611868	false	1.0
opfer	neg 1.0		neg 0.5032407372134494 off 0.43115609774129954 __DUMMY__ 0.06560316504525106	false	1.0
sinken	neg 1.0		neg 0.5064395269470109 off 0.4276294866695649 __DUMMY__ 0.06593098638342418	false	1.0
stinktier	neg 1.0		neg 0.495362422502386 off 0.4408827469801579 __DUMMY__ 0.06375483051745608	false	1.0
tucke	off 1.0		neg 0.48913719925007754 off 0.4470451740811027 __DUMMY__ 0.06381762666881978	false	0.5
ein			neg 0.4982632461729282 off 0.43641388581613794 __DUMMY__ 0.06532286801093382	false	0.0
abstieg	neg 1.0		neg 0.5052112293330204 off 0.4292378640333755 __DUMMY__ 0.0655509066336041	false	1.0
missverstehen	neg 1.0		neg 0.49706848965758554 off 0.43787428915705906 __DUMMY__ 0.06505722118535531	false	1.0
ergebnislos	neg 1.0		neg 0.5048793291919186 off 0.42944858904045446 __DUMMY__ 0.06567208176762693	false	1.0
unter			neg 0.5096052623224233 off 0.42376221823383 __DUMMY__ 0.06663251944374671	false	0.0
manipulieren	neg 1.0		neg 0.504408633595071 off 0.42977431436887403 __DUMMY__ 0.065817052036055	false	1.0
unbewiesen	neg 1.0		neg 0.5025584666326137 off 0.43247266040811777 __DUMMY__ 0.06496887295926859	false	1.0
verschleppen	neg 1.0		neg 0.5047040341401231 off 0.42996962409619477 __DUMMY__ 0.06532634176368214	false	1.0
weib	off 1.0		neg 0.4915594310487018 off 0.4448836990942955 __DUMMY__ 0.06355686985700273	false	0.5
opposition	neg 1.0		neg 0.4995854339879711 off 0.4353956502050822 __DUMMY__ 0.06501891580694662	false	1.0
verkehrswidrig	neg 1.0		neg 0.48801916626227126 off 0.4468901100953949 __DUMMY__ 0.06509072364233386	false	1.0
inkorrekt	neg 1.0		neg 0.49227018795905336 off 0.4431749174774889 __DUMMY__ 0.06455489456345774	false	1.0
vermeiden	neg 1.0	neg 1.0	neg 0.7402224528306593 off 0.2281195576263708 __DUMMY__ 0.03165798954296983	false	1.0
abweichung	neg 1.0	neg 1.0	neg 0.7372236638573305 off 0.23135015601949568 __DUMMY__ 0.03142618012317381	false	1.0
alkoholisiert	neg 1.0		neg 0.5034485151200179 off 0.4307919471931004 __DUMMY__ 0.06575953768688184	false	1.0
scheiss	off 1.0	off 1.0	off 0.705051806495625 neg 0.2642029804584763 __DUMMY__ 0.03074521304589865	false	1.0
herausforderung	neg 1.0		neg 0.5028052876567375 off 0.4312317528516888 __DUMMY__ 0.06596295949157363	false	1.0
pervers	off 1.0		neg 0.4855445952578047 off 0.4505934919144002 __DUMMY__ 0.06386191282779523	false	0.5
wackelig	neg 1.0		neg 0.4979974817467603 off 0.4359617864345935 __DUMMY__ 0.06604073181864617	false	1.0
verwickeln	neg 1.0		neg 0.49742714970258384 off 0.4374478682781249 __DUMMY__ 0.06512498201929148	false	1.0
vorwand	neg 1.0		neg 0.5054580889508931 off 0.4288593482546512 __DUMMY__ 0.06568256279445576	false	1.0
muschi	off 1.0		neg 0.500454133822993 off 0.4341124120366644 __DUMMY__ 0.06543345414034267	false	0.5
entmutigung	neg 1.0		neg 0.49913704477429227 off 0.43566733934929663 __DUMMY__ 0.06519561587641108	false	1.0
unangemessen	neg 1.0		neg 0.5023780194506502 off 0.43232738614288496 __DUMMY__ 0.06529459440646476	false	1.0
unstetig	neg 1.0		neg 0.49680300734788174 off 0.43800236171716217 __DUMMY__ 0.06519463093495607	false	1.0
entmutigen	neg 1.0		neg 0.49810932647152284 off 0.4365143075741198 __DUMMY__ 0.06537636595435733	false	1.0
schwanz	neg 1.0		neg 0.5034458879273562 off 0.4310300550089696 __DUMMY__ 0.06552405706367406	false	1.0
verbot	neg 1.0		neg 0.5033792105389091 off 0.431179943470758 __DUMMY__ 0.065440845990333	false	1.0
leid	neg 1.0		neg 0.48921630212514655 off 0.44630067539254337 __DUMMY__ 0.06448302248230998	false	1.0
archaisch	neg 1.0		neg 0.5018214854831302 off 0.4328397813246251 __DUMMY__ 0.06533873319224459	false	1.0
gegen			neg 0.5067722885337949 off 0.42734895730460754 __DUMMY__ 0.0658787541615976	false	0.0
scheidung	neg 1.0		neg 0.4779491207903483 off 0.45791552843099853 __DUMMY__ 0.06413535077865322	false	1.0
einschlag	neg 1.0		neg 0.4913288635995247 off 0.4438501210290316 __DUMMY__ 0.06482101537144386	false	1.0
m			neg 0.5007757492676137 off 0.4335145005675828 __DUMMY__ 0.06570975016480347	false	0.0
abgestanden	neg 1.0		neg 0.5006119070858398 off 0.4343500640779513 __DUMMY__ 0.06503802883620897	false	1.0
schmierig	off 1.0		neg 0.48925032356279097 off 0.4460982233891165 __DUMMY__ 0.06465145304809268	false	0.5
unpraktisch	neg 1.0		neg 0.4972118954014446 off 0.4374292676174569 __DUMMY__ 0.06535883698109844	false	1.0
wixxer	off 1.0		neg 0.4870552609841287 off 0.4493526763343735 __DUMMY__ 0.06359206268149778	false	0.5
bezeichnet			neg 0.501333703665145 off 0.4335816148538199 __DUMMY__ 0.06508468148103497	false	0.0
jammerlappen	off 1.0		neg 0.4932105809817629 off 0.4415699449786064 __DUMMY__ 0.06521947403963065	false	0.5
farce	neg 1.0		neg 0.5032311918194046 off 0.43153066426328746 __DUMMY__ 0.06523814391730783	false	1.0
zwecklos	neg 1.0		neg 0.5025742401904549 off 0.43207644100016684 __DUMMY__ 0.06534931880937814	false	1.0
turbulent	neg 1.0		neg 0.4951505052811737 off 0.4402548955115917 __DUMMY__ 0.06459459920723457	false	1.0
invasion	neg 1.0		neg 0.49750773236141266 off 0.43725991103101286 __DUMMY__ 0.06523235660757443	false	1.0
schuld	neg 1.0		neg 0.499073063273521 off 0.43573484256679923 __DUMMY__ 0.06519209415967987	false	1.0
risiko	neg 1.0	neg 1.0	neg 0.735251091187644 off 0.23353799816139292 __DUMMY__ 0.031210910650963118	false	1.0
finster	neg 1.0		neg 0.49960328281362765 off 0.4353673077484214 __DUMMY__ 0.06502940943795088	false	1.0
geisteskrank	off 1.0		neg 0.4946292653187615 off 0.44077455183143316 __DUMMY__ 0.06459618284980526	false	0.5
zusammenbrechen	neg 1.0		neg 0.5008483968888104 off 0.43356856588058884 __DUMMY__ 0.0655830372306006	false	1.0
ausbeute	neg 1.0		neg 0.4967776799312388 off 0.4366676921721662 __DUMMY__ 0.06655462789659487	false	1.0
hinterhalt	neg 1.0		neg 0.5007122199663941 off 0.43366464805558735 __DUMMY__ 0.06562313197801839	false	1.0
kritik	neg 1.0		neg 0.503670311977944 off 0.4311139080172461 __DUMMY__ 0.06521578000480988	false	1.0
einschrumpfen	neg 1.0		neg 0.4975676315373289 off 0.43764704946881083 __DUMMY__ 0.06478531899386034	false	1.0
riskant	neg 1.0		neg 0.5050784648336185 off 0.4294215182570001 __DUMMY__ 0.06550001690938125	false	1.0
frustrieren	neg 1.0		neg 0.5033498589848365 off 0.43109115273904225 __DUMMY__ 0.06555898827612115	false	1.0
groll	neg 1.0		neg 0.5031884401912575 off 0.4314522181857836 __DUMMY__ 0.06535934162295885	false	1.0
gibt			neg 0.50015597602818 off 0.43417198404161067 __DUMMY__ 0.06567203993020929	false	0.0
qualvoll	neg 1.0		neg 0.49680490152856815 off 0.4380965149589148 __DUMMY__ 0.06509858351251707	false	1.0
wackeln	neg 1.0		neg 0.4970442028279222 off 0.43738819813408014 __DUMMY__ 0.06556759903799769	false	1.0
klagen	neg 1.0		neg 0.5067080745344811 off 0.4274377857904297 __DUMMY__ 0.06585413967508938	false	1.0
bankrott	neg 1.0		neg 0.4939890429016588 off 0.4407646861930578 __DUMMY__ 0.06524627090528332	false	1.0
trauern	neg 1.0		neg 0.5034660599198315 off 0.4308542291004713 __DUMMY__ 0.06567971097969721	false	1.0
ablehnung	neg 1.0		neg 0.5035205843550572 off 0.43118368045943023 __DUMMY__ 0.06529573518551272	false	1.0
stur	neg 1.0		neg 0.4985831074886 off 0.43619494488378757 __DUMMY__ 0.06522194762761234	false	1.0
aufruhr	neg 1.0	neg 1.0	neg 0.7375523982856423 off 0.2313391220925777 __DUMMY__ 0.031108479621780018	false	1.0
melancholie	neg 1.0		neg 0.5029292371662872 off 0.4315348632292137 __DUMMY__ 0.06553589960449901	false	1.0
ist			neg 0.49676952082970466 off 0.4378804520236499 __DUMMY__ 0.06535002714664548	false	0.0
torheit	neg 1.0		neg 0.4990081780070155 off 0.43560225413574766 __DUMMY__ 0.06538956785723682	false	1.0
dreckskind	off 1.0		neg 0.4914573675288613 off 0.444595697538265 __DUMMY__ 0.06394693493287369	false	0.5
umtauschen	neg 1.0		neg 0.4992631683284573 off 0.4352765373601354 __DUMMY__ 0.06546029431140726	false	1.0
zum			neg 0.5045401740632218 off 0.4287828777120504 __DUMMY__ 0.06667694822472785	false	0.0
zersetzen	neg 1.0		neg 0.5062841312015492 off 0.4282212717232608 __DUMMY__ 0.06549459707518994	false	1.0
zur			neg 0.5077829664790786 off 0.42587074571105943 __DUMMY__ 0.06634628780986201	false	0.0
frust	neg 1.0		neg 0.5005403238749841 off 0.43382236372305166 __DUMMY__ 0.06563731240196401	false	1.0
unerbittlichkeit	neg 1.0		neg 0.5057674164579375 off 0.4286470246667823 __DUMMY__ 0.06558555887528034	false	1.0
zwei			neg 0.504493634465113 off 0.4290618435721433 __DUMMY__ 0.06644452196274378	false	0.0
unkorrekt	neg 1.0		neg 0.49054063616713184 off 0.44457324030864537 __DUMMY__ 0.06488612352422277	false	1.0
hexe	off 1.0		neg 0.4987848197363665 off 0.4369030557342419 __DUMMY__ 0.06431212452939165	false	0.5
lasch	neg 1.0		neg 0.4966646673447285 off 0.43842087864472645 __DUMMY__ 0.06491445401054499	false	1.0
rivale	neg 1.0		neg 0.49295689185319347 off 0.44230880662914884 __DUMMY__ 0.06473430151765776	false	1.0
mutlos	off 1.0	off 1.0	off 0.69912854244496 neg 0.2697611747215005 __DUMMY__ 0.031110282833539435	false	1.0
wirr	off 1.0		neg 0.4923981593241557 off 0.44316675159628843 __DUMMY__ 0.06443508907955589	false	0.5
jahr			neg 0.49907178622632997 off 0.4342242601111209 __DUMMY__ 0.06670395366254904	false	0.0
wird			neg 0.5019220648741006 off 0.43242905987257446 __DUMMY__ 0.06564887525332501	false	0.0
strafbar	neg 1.0		neg 0.5032563855584969 off 0.43107656427314084 __DUMMY__ 0.06566705016836216	false	1.0
erosion	neg 1.0		neg 0.49786731429423114 off 0.43651043040063553 __DUMMY__ 0.06562225530513327	false	1.0
eingehen	neg 1.0		neg 0.5038244387312307 off 0.43063789026734417 __DUMMY__ 0.06553767100142517	false	1.0
faul	off 1.0		neg 0.49431990044175234 off 0.44049126835615676 __DUMMY__ 0.06518883120209085	false	0.5
provisorium	neg 1.0		neg 0.5067961534140893 off 0.42628790109911435 __DUMMY__ 0.0669159454867963	false	1.0
schmerzen	neg 1.0		neg 0.5015141271798258 off 0.43321801511627156 __DUMMY__ 0.06526785770390268	false	1.0
schrumpfen	neg 1.0		neg 0.5100844562725432 off 0.4240023208915442 __DUMMY__ 0.06591322283591251	false	1.0
geistlos	off 1.0		neg 0.499650381956087 off 0.4356097759034892 __DUMMY__ 0.06473984214042366	false	0.5
fehlkauf	neg 1.0		neg 0.49812498502160396 off 0.43668128411091234 __DUMMY__ 0.06519373086748366	false	1.0
frustrierend	neg 1.0		neg 0.49478109472137666 off 0.44002027641002417 __DUMMY__ 0.06519862886859912	false	1.0
unzufrieden	neg 1.0		neg 0.5023646447841751 off 0.43218950920075117 __DUMMY__ 0.0654458460150736	false	1.0
verzweifeln	neg 1.0		neg 0.500179539116103 off 0.4343325008924822 __DUMMY__ 0.0654879599914147	false	1.0
verzweifelt	neg 1.0	neg 1.0	neg 0.7368194869920798 off 0.23226675313566914 __DUMMY__ 0.03091375987225117	false	1.0
misstrauensantrag	neg 1.0		neg 0.4976676308381673 off 0.4371625005512182 __DUMMY__ 0.06516986861061443	false	1.0
abfallen	neg 1.0		neg 0.4969123087682075 off 0.43752748127984503 __DUMMY__ 0.0655602099519474	false	1.0
fucker	off 1.0		neg 0.4915300486491533 off 0.4436123501764944 __DUMMY__ 0.06485760117435237	false	0.5
ungezogen	neg 1.0		neg 0.4854727459122654 off 0.45046218258078563 __DUMMY__ 0.06406507150694891	false	1.0
irrsinnig	neg 1.0	neg 1.0	neg 0.7364864139378224 off 0.23254483426657888 __DUMMY__ 0.03096875179559869	false	1.0
unfassbar	neg 1.0		neg 0.4921578316930997 off 0.4427275363917129 __DUMMY__ 0.06511463191518733	false	1.0
hart	neg 1.0		neg 0.4960095459862097 off 0.43933646397398907 __DUMMY__ 0.06465399003980105	false	1.0
widerlich	off 1.0		neg 0.49346662467491587 off 0.4417630637071315 __DUMMY__ 0.0647703116179526	false	0.5
fatal	neg 1.0		neg 0.49738769359838236 off 0.4374214674766915 __DUMMY__ 0.06519083892492623	false	1.0
bruch	neg 1.0		neg 0.5060823360826749 off 0.4280418946910973 __DUMMY__ 0.06587576922622772	false	1.0
aushungern	neg 1.0		neg 0.5017196446388735 off 0.4327722607283937 __DUMMY__ 0.06550809463273294	false	1.0
anspannung	neg 1.0		neg 0.5072558852008923 off 0.4264634501309022 __DUMMY__ 0.06628066466820551	false	1.0
von			neg 0.49798450931007265 off 0.435142784530289 __DUMMY__ 0.06687270615963847	false	0.0
kraftlos	neg 1.0		neg 0.5012435790409199 off 0.43311769049822135 __DUMMY__ 0.06563873046085877	false	1.0
vom			neg 0.5059740368669161 off 0.42708255296696107 __DUMMY__ 0.06694341016612297	false	0.0
grenzdebil	off 1.0		neg 0.4918984241373211 off 0.44302384802278477 __DUMMY__ 0.0650777278398941	false	0.5
vor			neg 0.5038416369362836 off 0.43008472163084943 __DUMMY__ 0.06607364143286698	false	0.0
unterwerfen	neg 1.0		neg 0.5037044789902317 off 0.43075421382432577 __DUMMY__ 0.06554130718544236	false	1.0
versenkung	neg 1.0		neg 0.5013675654103168 off 0.43275385590287896 __DUMMY__ 0.06587857868680431	false	1.0
entziehen	neg 1.0		neg 0.5061648111878104 off 0.42800957206385515 __DUMMY__ 0.06582561674833437	false	1.0
finanzkrise	neg 1.0		neg 0.5038223299614203 off 0.43118133848017964 __DUMMY__ 0.06499633155840015	false	1.0
schimpfend	neg 1.0		neg 0.4977748145815224 off 0.4370481819537394 __DUMMY__ 0.06517700346473816	false	1.0
profan	neg 1.0		neg 0.49694026141090125 off 0.4379250836372099 __DUMMY__ 0.06513465495188879	false	1.0
korruption	neg 1.0		neg 0.5040028399889641 off 0.4306003374872408 __DUMMY__ 0.06539682252379501	false	1.0
â			neg 0.5014005022541694 off 0.43286143334653665 __DUMMY__ 0.06573806439929399	false	0.0
schmutzig	neg 1.0		neg 0.4913040353397817 off 0.44361928456321553 __DUMMY__ 0.06507668009700279	false	1.0
sexy	neg 1.0		neg 0.4950657068389574 off 0.4396919819509151 __DUMMY__ 0.06524231121012744	false	1.0
abraten	neg 1.0		neg 0.49591851297187606 off 0.43864772431202764 __DUMMY__ 0.0654337627160962	false	1.0
schwarz	neg 1.0		neg 0.4981616366023948 off 0.4366128442692803 __DUMMY__ 0.06522551912832496	false	1.0
fotze	off 1.0	off 1.0	off 0.7009801770747848 neg 0.26782731652994846 __DUMMY__ 0.031192506395266884	false	1.0
verwirren	neg 1.0		neg 0.4957617043025128 off 0.43901684251365924 __DUMMY__ 0.06522145318382809	false	1.0
zahnlos	off 1.0		neg 0.5015459744261818 off 0.4330508606934967 __DUMMY__ 0.0654031648803217	false	0.5
verheeren	neg 1.0		neg 0.48445710415461296 off 0.4515586049558097 __DUMMY__ 0.06398429088957736	false	1.0
hippie	neg 1.0		neg 0.4958461828000175 off 0.43894615297042455 __DUMMY__ 0.06520766422955789	false	1.0
rammen	neg 1.0		neg 0.5021925311366067 off 0.4331667359529496 __DUMMY__ 0.0646407329104438	false	1.0
unlauter	neg 1.0		neg 0.4999179859223503 off 0.434998158794424 __DUMMY__ 0.06508385528322563	false	1.0
unheilvoll	neg 1.0		neg 0.4986302281717189 off 0.4362766532998381 __DUMMY__ 0.06509311852844309	false	1.0
niedrig	neg 1.0		neg 0.5061098621870458 off 0.42849243238650025 __DUMMY__ 0.06539770542645389	false	1.0
explosion	neg 1.0		neg 0.49577991508377356 off 0.4389152019261536 __DUMMY__ 0.06530488299007295	false	1.0
weichei	off 1.0	off 1.0	off 0.7081198761183796 neg 0.26135843747957455 __DUMMY__ 0.03052168640204595	false	1.0
minusmensch	off 1.0		neg 0.49152895547753306 off 0.44498949735362997 __DUMMY__ 0.06348154716883693	false	0.5
farblos	neg 1.0		neg 0.5014294520320131 off 0.4333938206022357 __DUMMY__ 0.06517672736575124	false	1.0
unwissend	neg 1.0	neg 1.0	neg 0.7339040479062945 off 0.2352146638300225 __DUMMY__ 0.030881288263682933	false	1.0
traurig	neg 1.0		neg 0.4897508265231103 off 0.4453112572841395 __DUMMY__ 0.06493791619275029	false	1.0
senkung	neg 1.0		neg 0.49828433751002965 off 0.436775241286699 __DUMMY__ 0.06494042120327144	false	1.0
ungleich	neg 1.0	neg 1.0	neg 0.7392323981002386 off 0.22951934116400186 __DUMMY__ 0.031248260735759516	false	1.0
heikel	neg 1.0		neg 0.5043229714703976 off 0.4300697701321244 __DUMMY__ 0.06560725839747787	false	1.0
drosselung	neg 1.0		neg 0.49410408388248284 off 0.44111068660883807 __DUMMY__ 0.0647852295086791	false	1.0
falsch	neg 1.0		neg 0.4946793303797233 off 0.4401643625645161 __DUMMY__ 0.06515630705576071	false	1.0
unzufriedenheit	neg 1.0		neg 0.5058940015755912 off 0.4283927986600301 __DUMMY__ 0.06571319976437873	false	1.0
kurz	neg 1.0		neg 0.4979104838139485 off 0.43615407341993784 __DUMMY__ 0.06593544276611375	false	1.0
unsinnig	neg 1.0		neg 0.5011866842761116 off 0.4334177658508206 __DUMMY__ 0.06539554987306766	false	1.0
penner	off 1.0	off 1.0	off 0.7090849223986272 neg 0.2604234015550096 __DUMMY__ 0.030491676046363176	false	1.0
seicht	neg 1.0		neg 0.48609179158413024 off 0.4498272791733869 __DUMMY__ 0.06408092924248288	false	1.0
dummheit	off 1.0	off 1.0	off 0.7030907280608267 neg 0.26611498214595397 __DUMMY__ 0.03079428979321915	false	1.0
unerfreulich	neg 1.0		neg 0.5037472524895026 off 0.4303828888062497 __DUMMY__ 0.06586985870424751	false	1.0
motherfucker	off 1.0	off 1.0	off 0.706123168875549 neg 0.2631082190298985 __DUMMY__ 0.03076861209455256	false	1.0
pikiert	neg 1.0		neg 0.49491015182608084 off 0.44035519404357343 __DUMMY__ 0.06473465413034558	false	1.0
wrack	neg 1.0		neg 0.5032201008545718 off 0.43144722416531467 __DUMMY__ 0.06533267498011353	false	1.0
gangster	neg 1.0		neg 0.49582337107376573 off 0.43898086758505733 __DUMMY__ 0.06519576134117697	false	1.0
krank	neg 1.0		neg 0.4911291745921182 off 0.4436900329351589 __DUMMY__ 0.06518079247272289	false	1.0
reich	neg 1.0		neg 0.4943054523478033 off 0.44068642162546096 __DUMMY__ 0.06500812602673565	false	1.0
gnadenlos	neg 1.0		neg 0.4989113208791181 off 0.4358817555435814 __DUMMY__ 0.06520692357730057	false	1.0
niedergeschlagen	neg 1.0		neg 0.5006930703012075 off 0.4337971503171876 __DUMMY__ 0.06550977938160497	false	1.0
terrorisieren	off 1.0	off 1.0	off 0.7000432918985539 neg 0.26871383404868976 __DUMMY__ 0.031242874052756452	false	1.0
sinnlosigkeit	neg 1.0		neg 0.5019263856911828 off 0.4326217993531566 __DUMMY__ 0.0654518149556608	false	1.0
behindern	neg 1.0		neg 0.5002984480277733 off 0.43427830287421426 __DUMMY__ 0.06542324909801234	false	1.0
undemokratisch	neg 1.0		neg 0.4989447255701235 off 0.4357864181896396 __DUMMY__ 0.06526885624023678	false	1.0
wirtschaftskrise	neg 1.0		neg 0.5054301707354675 off 0.42934226129841985 __DUMMY__ 0.06522756796611272	false	1.0
neid	neg 1.0		neg 0.4930372480851107 off 0.4415291576542648 __DUMMY__ 0.06543359426062459	false	1.0
rutschen	neg 1.0		neg 0.5044081899647115 off 0.429107517913929 __DUMMY__ 0.06648429212135949	false	1.0
rezession	neg 1.0		neg 0.49526361534988017 off 0.4406902363180929 __DUMMY__ 0.06404614833202696	false	1.0
fehlgeburt	neg 1.0		neg 0.4977354562852503 off 0.43701527640903365 __DUMMY__ 0.065249267305716	false	1.0
charakterschwach	off 1.0		neg 0.4937494297431082 off 0.4414748355413094 __DUMMY__ 0.06477573471558241	false	0.5
isolation	neg 1.0		neg 0.4951064498108431 off 0.43968082617700693 __DUMMY__ 0.06521272401215006	false	1.0
ablenkung	neg 1.0		neg 0.49745589501145837 off 0.43689229530901486 __DUMMY__ 0.06565180967952666	false	1.0
pech	neg 1.0		neg 0.4946441924538645 off 0.4401323614428788 __DUMMY__ 0.06522344610325681	false	1.0
vermeidung	neg 1.0		neg 0.49347498591706473 off 0.44167246746469596 __DUMMY__ 0.06485254661823933	false	1.0
dominieren	neg 1.0		neg 0.5037323197965637 off 0.4306787177631325 __DUMMY__ 0.06558896244030389	false	1.0
schwindlig	neg 1.0		neg 0.49610239819739527 off 0.4385350013159823 __DUMMY__ 0.06536260048662247	false	1.0
lutscher	neg 1.0	neg 1.0	neg 0.7294835490918076 off 0.2401597886330511 __DUMMY__ 0.030356662275141263	false	1.0
pflicht	neg 1.0		neg 0.5055013326268661 off 0.4288045302448688 __DUMMY__ 0.065694137128265	false	1.0
faschist	off 1.0		neg 0.49611465062870497 off 0.4387340386656936 __DUMMY__ 0.06515131070560136	false	0.5
verschleudern	neg 1.0		neg 0.5042427085793125 off 0.43010854860752074 __DUMMY__ 0.06564874281316668	false	1.0
wenn			neg 0.49466130195789015 off 0.44020136216439365 __DUMMY__ 0.06513733587771621	false	0.0
ehebruch	neg 1.0		neg 0.5036214097243672 off 0.4309144849271568 __DUMMY__ 0.0654641053484762	false	1.0
spott	off 1.0		neg 0.5038680853592142 off 0.4306083919723156 __DUMMY__ 0.0655235226684701	false	0.5
trostlosigkeit	neg 1.0		neg 0.5064918983258355 off 0.427818176377838 __DUMMY__ 0.06568992529632643	false	1.0
lutschen	neg 1.0		neg 0.49805240637653075 off 0.43717811805706863 __DUMMY__ 0.06476947556640063	false	1.0
undiszipliniert	neg 1.0		neg 0.4911540664558522 off 0.44401118806012463 __DUMMY__ 0.06483474548402317	false	1.0
kopfschmerz	neg 1.0		neg 0.503871395924761 off 0.430979818955599 __DUMMY__ 0.06514878511963998	false	1.0
unvorhergesehen	neg 1.0		neg 0.5014879656378768 off 0.43241321035352726 __DUMMY__ 0.06609882400859587	false	1.0
desinteressiert	neg 1.0	neg 1.0	neg 0.7328024257511421 off 0.23642192716808463 __DUMMY__ 0.030775647080773304	false	1.0
armselig	off 1.0		neg 0.49181994588317535 off 0.44358734236767045 __DUMMY__ 0.06459271174915424	false	0.5
desaster	neg 1.0		neg 0.5067639865246042 off 0.4273350836665586 __DUMMY__ 0.06590092980883716	false	1.0
tod	neg 1.0		neg 0.5034646547148476 off 0.4310787491044637 __DUMMY__ 0.06545659618068869	false	1.0
herzlos	neg 1.0		neg 0.49098990984250007 off 0.44427910560169237 __DUMMY__ 0.0647309845558074	false	1.0
unwissenheit	neg 1.0		neg 0.5028766584422311 off 0.4317391118897694 __DUMMY__ 0.06538422966799952	false	1.0
widersinnig	neg 1.0		neg 0.5037848920409995 off 0.43099347364667023 __DUMMY__ 0.06522163431233023	false	1.0
bedenklich	neg 1.0		neg 0.5033233859856711 off 0.4311712217812564 __DUMMY__ 0.06550539223307272	false	1.0
beanstanden	neg 1.0		neg 0.5050718256488714 off 0.42909724779753117 __DUMMY__ 0.06583092655359725	false	1.0
panisch	neg 1.0	neg 1.0	neg 0.7340467253270856 off 0.23475196323611175 __DUMMY__ 0.031201311436802652	false	1.0
debil	off 1.0		neg 0.5097999976977478 off 0.42389343193210544 __DUMMY__ 0.06630657037014681	false	0.5
abstrich	neg 1.0		neg 0.4980544832756603 off 0.4361409016976046 __DUMMY__ 0.06580461502673517	false	1.0
primitiv	neg 1.0		neg 0.49308474358239757 off 0.4421326930381727 __DUMMY__ 0.0647825633794297	false	1.0
abschaum	off 1.0	off 1.0	off 0.7048754616506177 neg 0.26433281789651475 __DUMMY__ 0.03079172045286758	false	1.0
provozieren	neg 1.0		neg 0.49983808490839987 off 0.4350646797143901 __DUMMY__ 0.06509723537721003	false	1.0
tot	neg 1.0		neg 0.5028007739081418 off 0.43176470914531523 __DUMMY__ 0.06543451694654298	false	1.0
instabil	neg 1.0		neg 0.4924942895829525 off 0.44288341247792096 __DUMMY__ 0.06462229793912651	false	1.0
schwuchtel	off 1.0	off 1.0	off 0.7113943968579126 neg 0.2585008267026392 __DUMMY__ 0.030104776439448314	false	1.0
zerren	neg 1.0		neg 0.501407291084169 off 0.4330683895709072 __DUMMY__ 0.06552431934492381	false	1.0
kinderficker	off 1.0		neg 0.48846848296592826 off 0.44698941452317753 __DUMMY__ 0.06454210251089429	false	0.5
gefahr	neg 1.0		neg 0.5052436130718913 off 0.428899148692404 __DUMMY__ 0.06585723823570476	false	1.0
rabiat	neg 1.0		neg 0.4990629736786127 off 0.4355304996405795 __DUMMY__ 0.06540652668080794	false	1.0
verlangsamung	neg 1.0		neg 0.49055365548062896 off 0.4455620721228458 __DUMMY__ 0.06388427239652522	false	1.0
ausgestorben	neg 1.0		neg 0.4987976671600272 off 0.435683072197863 __DUMMY__ 0.06551926064210978	false	1.0
anklagen	neg 1.0		neg 0.50378817755899 off 0.43082549895217 __DUMMY__ 0.06538632348884002	false	1.0
trott	neg 1.0		neg 0.4998235476742136 off 0.4347531201825669 __DUMMY__ 0.06542333214321935	false	1.0
verminderung	neg 1.0		neg 0.49255354349917985 off 0.4425522586625095 __DUMMY__ 0.06489419783831067	false	1.0
nach			neg 0.5054657177928279 off 0.4279449519306139 __DUMMY__ 0.0665893302765583	false	0.0
rost	neg 1.0		neg 0.4893077784702742 off 0.4463668939209052 __DUMMY__ 0.06432532760882065	false	1.0
destruktiv	neg 1.0		neg 0.5002881428068903 off 0.434421663855095 __DUMMY__ 0.06529019333801482	false	1.0
unzumutbarkeit	neg 1.0		neg 0.49415724595189814 off 0.4408810991850241 __DUMMY__ 0.06496165486307766	false	1.0
labil	off 1.0	off 1.0	off 0.704527100120319 neg 0.2646285929345724 __DUMMY__ 0.03084430694510854	false	1.0
ziemlich	neg 1.0		neg 0.49172591200973764 off 0.44306421898859416 __DUMMY__ 0.0652098690016681	false	1.0
lachnummer	off 1.0		neg 0.499660437385975 off 0.43508997180331976 __DUMMY__ 0.06524959081070526	false	0.5
oder			neg 0.4966911323178641 off 0.4377155446715092 __DUMMY__ 0.06559332301062665	false	0.0
verfall	neg 1.0		neg 0.5094558089533618 off 0.4245486837162615 __DUMMY__ 0.06599550733037661	false	1.0
ausgrenzung	neg 1.0		neg 0.49852775515660325 off 0.4362692178500592 __DUMMY__ 0.06520302699333763	false	1.0
unordnung	neg 1.0		neg 0.4904626597910019 off 0.444549738650707 __DUMMY__ 0.06498760155829099	false	1.0
fehlverhalten	neg 1.0		neg 0.5060418999937994 off 0.42847721783092274 __DUMMY__ 0.06548088217527802	false	1.0
eine			neg 0.503067470514194 off 0.4308846144532148 __DUMMY__ 0.06604791503259105	false	0.0
nille	neg 1.0		neg 0.49954250805483524 off 0.4349615383818068 __DUMMY__ 0.06549595356335801	false	1.0
qual	neg 1.0		neg 0.5000993453046694 off 0.4344316109148603 __DUMMY__ 0.06546904378047036	false	1.0
verschwenden	neg 1.0		neg 0.5043497076094242 off 0.4301705729415083 __DUMMY__ 0.06547971944906728	false	1.0
riesig	neg 1.0		neg 0.5029307907643631 off 0.4314544252404599 __DUMMY__ 0.06561478399517714	false	1.0
verurteilen	neg 1.0		neg 0.5037843592393322 off 0.43094544419833936 __DUMMY__ 0.06527019656232835	false	1.0
klischee	neg 1.0	neg 1.0	neg 0.7350449862126228 off 0.2340823802786031 __DUMMY__ 0.030872633508773974	false	1.0
diktatorisch	neg 1.0		neg 0.49967443133112993 off 0.43520037045856286 __DUMMY__ 0.06512519821030731	false	1.0
vorhersehbar	neg 1.0		neg 0.49715471241301207 off 0.4378566305412321 __DUMMY__ 0.06498865704575585	false	1.0
sowie			neg 0.4909934920426816 off 0.4447117598306096 __DUMMY__ 0.06429474812670866	false	0.0
stornieren	neg 1.0		neg 0.49272856999886133 off 0.4413009718450487 __DUMMY__ 0.06597045815608993	false	1.0
besteuerung	neg 1.0		neg 0.5023171423401702 off 0.43288026725576795 __DUMMY__ 0.06480259040406176	false	1.0
ungeschminkt	neg 1.0		neg 0.4967585326990657 off 0.43894699154786965 __DUMMY__ 0.06429447575306452	false	1.0
kritisch	neg 1.0		neg 0.5031507951252729 off 0.4312550186673393 __DUMMY__ 0.06559418620738774	false	1.0
schlamperei	off 1.0		neg 0.5042079990050504 off 0.4300519796035112 __DUMMY__ 0.06574002139143827	false	0.5
sucht	neg 1.0	neg 1.0	neg 0.7345984462785143 off 0.23404597745538228 __DUMMY__ 0.03135557626610346	false	1.0
egoistisch	off 1.0		neg 0.4891517583294877 off 0.4464718446257229 __DUMMY__ 0.06437639704478938	false	0.5
ausbeuter	off 1.0		neg 0.5065512737306294 off 0.4280489345386187 __DUMMY__ 0.0653997917307519	false	0.5
arschgeburt	off 1.0		neg 0.4856857325745068 off 0.45102555825366664 __DUMMY__ 0.06328870917182669	false	0.5
schubs	neg 1.0		neg 0.5008127564087866 off 0.43361918485444634 __DUMMY__ 0.06556805873676705	false	1.0
unsolide	neg 1.0		neg 0.49947806792474225 off 0.435528891240249 __DUMMY__ 0.06499304083500877	false	1.0
beschwerde	neg 1.0		neg 0.5049190701715189 off 0.42962422027318475 __DUMMY__ 0.06545670955529623	false	1.0
stocken	neg 1.0		neg 0.5047655587236104 off 0.4296478832460633 __DUMMY__ 0.06558655803032643	false	1.0
isolieren	neg 1.0		neg 0.502400584977127 off 0.4320046331225408 __DUMMY__ 0.06559478190033222	false	1.0
unheilbar	neg 1.0		neg 0.4986827377829982 off 0.43589051421384967 __DUMMY__ 0.06542674800315226	false	1.0
pisser	off 1.0		neg 0.49425590831450517 off 0.44139172665017135 __DUMMY__ 0.06435236503532363	false	0.5
löschen	neg 1.0		neg 0.49975664714497137 off 0.4348721348190407 __DUMMY__ 0.06537121803598804	false	1.0
durchfallen	neg 1.0		neg 0.5031860585481988 off 0.4313838612062425 __DUMMY__ 0.06543008024555885	false	1.0
wichser	off 1.0	off 1.0	off 0.7106523226429602 neg 0.2590018502956448 __DUMMY__ 0.030345827061395037	false	1.0
terror	neg 1.0		neg 0.4957993409102879 off 0.4389421076504057 __DUMMY__ 0.06525855143930645	false	1.0
krass	neg 1.0		neg 0.4912724582203649 off 0.4441973904992753 __DUMMY__ 0.06453015128035972	false	1.0
revolte	neg 1.0		neg 0.49882687693613853 off 0.43610825592940516 __DUMMY__ 0.0650648671344563	false	1.0
besorgt	neg 1.0		neg 0.49841532410180706 off 0.43564472725058345 __DUMMY__ 0.06593994864760949	false	1.0
nachlassen	neg 1.0		neg 0.5025091786092863 off 0.431583156786361 __DUMMY__ 0.0659076646043526	false	1.0
alt	neg 1.0		neg 0.5030870374526177 off 0.43155365918370286 __DUMMY__ 0.06535930336367948	false	1.0
hundesohn	off 1.0		neg 0.4870879065430154 off 0.4490516004945791 __DUMMY__ 0.06386049296240545	false	0.5
als			neg 0.5003453446283018 off 0.4339679570583827 __DUMMY__ 0.06568669831331554	false	0.0
abschreckung	neg 1.0		neg 0.5061244174197171 off 0.42814524912149254 __DUMMY__ 0.06573033345879034	false	1.0
unqualifiziert	neg 1.0		neg 0.4961512606872773 off 0.43889489160307926 __DUMMY__ 0.06495384770964348	false	1.0
abgewichst	off 1.0		neg 0.49970711835661796 off 0.43468862079473003 __DUMMY__ 0.0656042608486521	false	0.5
schwer	neg 1.0		neg 0.4999664972905153 off 0.4346281155306462 __DUMMY__ 0.06540538717883848	false	1.0
bedeutungslosigkeit	neg 1.0		neg 0.505024781366815 off 0.4293084481883454 __DUMMY__ 0.06566677044483975	false	1.0
kapitulation	neg 1.0		neg 0.5038076432597743 off 0.4306116732812067 __DUMMY__ 0.06558068345901903	false	1.0
unscharf	neg 1.0		neg 0.498693454256891 off 0.4364144819583144 __DUMMY__ 0.0648920637847945	false	1.0
schwinden	neg 1.0		neg 0.5058040234333746 off 0.42857460840487077 __DUMMY__ 0.06562136816175462	false	1.0
versklavung	neg 1.0		neg 0.4998155219911488 off 0.43498606452374333 __DUMMY__ 0.06519841348510776	false	1.0
schlecht	neg 1.0		neg 0.491462667670063 off 0.44331784621197906 __DUMMY__ 0.0652194861179578	false	1.0
verhasst	neg 1.0		neg 0.5001562466395596 off 0.4349173366529953 __DUMMY__ 0.06492641670744509	false	1.0
beschweren	neg 1.0		neg 0.4965474882978233 off 0.43809821388566494 __DUMMY__ 0.0653542978165117	false	1.0
scheiden	neg 1.0		neg 0.49775438117398024 off 0.4366030475470412 __DUMMY__ 0.06564257127897861	false	1.0
frustriert	neg 1.0		neg 0.5012408781435245 off 0.43335215957107975 __DUMMY__ 0.0654069622853957	false	1.0
schimmelig	neg 1.0		neg 0.5054074116399243 off 0.4295374072038358 __DUMMY__ 0.06505518115623987	false	1.0
fisch	neg 1.0		neg 0.5073543920448805 off 0.4272608272149869 __DUMMY__ 0.06538478074013256	false	1.0
schmuggel	neg 1.0		neg 0.5061408178851102 off 0.4284344029281747 __DUMMY__ 0.06542477918671506	false	1.0
auffallen	neg 1.0		neg 0.49593146364353763 off 0.4387974763493661 __DUMMY__ 0.06527106000709623	false	1.0
konkurrenz	neg 1.0		neg 0.5051198403881332 off 0.4289318218572386 __DUMMY__ 0.06594833775462812	false	1.0
teufelskreis	neg 1.0	neg 1.0	neg 0.7377841841156327 off 0.23124923703166078 __DUMMY__ 0.030966578852706456	false	1.0
aufschreien	neg 1.0		neg 0.4970487395988198 off 0.43786944316450743 __DUMMY__ 0.06508181723667278	false	1.0
schuldner	neg 1.0		neg 0.507481515419815 off 0.4271057322173481 __DUMMY__ 0.0654127523628368	false	1.0
missgeburt	off 1.0	off 1.0	off 0.7071390748669255 neg 0.2625752354151477 __DUMMY__ 0.03028568971792696	false	1.0
arbeitslos	neg 1.0		neg 0.5029738832089871 off 0.4316292643423822 __DUMMY__ 0.06539685244863078	false	1.0
befallen	neg 1.0		neg 0.5042677627589142 off 0.43070473870200976 __DUMMY__ 0.06502749853907608	false	1.0
miesepetrig	off 1.0	off 1.0	off 0.705906386401334 neg 0.2631548264531113 __DUMMY__ 0.03093878714555479	false	1.0
alarmieren	neg 1.0		neg 0.4980259803343706 off 0.43732395223231324 __DUMMY__ 0.06465006743331599	false	1.0
ungeduscht	off 1.0		neg 0.4972451626599817 off 0.4380414347634749 __DUMMY__ 0.0647134025765434	false	0.5
knappheit	neg 1.0		neg 0.5046027256291687 off 0.4301328280654265 __DUMMY__ 0.06526444630540465	false	1.0
schlange	neg 1.0		neg 0.49528827828496436 off 0.43904516681579037 __DUMMY__ 0.06566655489924526	false	1.0
harsch	neg 1.0		neg 0.4886898505874061 off 0.4465484630525279 __DUMMY__ 0.06476168636006614	false	1.0
lang	neg 1.0		neg 0.49841879198224215 off 0.4361991030702867 __DUMMY__ 0.06538210494747108	false	1.0
ziellos	neg 1.0		neg 0.5012706934440464 off 0.43290524000337044 __DUMMY__ 0.0658240665525833	false	1.0
selbstverliebt	neg 1.0		neg 0.48554426375029963 off 0.4506841243532081 __DUMMY__ 0.0637716118964924	false	1.0
beseitigen	neg 1.0		neg 0.5007859758941938 off 0.4336945777241 __DUMMY__ 0.06551944638170609	false	1.0
dumm	off 1.0		neg 0.48764589352968346 off 0.4479035969370528 __DUMMY__ 0.06445050953326383	false	0.5
arbeitsloser	neg 1.0		neg 0.5007622934398146 off 0.43348538883201576 __DUMMY__ 0.0657523177281696	false	1.0
blitzen	neg 1.0		neg 0.49571526158771495 off 0.43904084317302505 __DUMMY__ 0.06524389523926004	false	1.0
hilflos	neg 1.0		neg 0.5023269112503348 off 0.43232880355634973 __DUMMY__ 0.06534428519331548	false	1.0
eklig	off 1.0		neg 0.4895625116780955 off 0.446414726331998 __DUMMY__ 0.06402276198990653	false	0.5
begriff			neg 0.49977072005564704 off 0.4347558296077789 __DUMMY__ 0.06547345033657412	false	0.0
hungersnot	neg 1.0		neg 0.5036298429575579 off 0.4310297332476674 __DUMMY__ 0.06534042379477495	false	1.0
ungesetzlich	neg 1.0		neg 0.5005716651981689 off 0.4343828366748346 __DUMMY__ 0.0650454981269964	false	1.0
verschwendung	neg 1.0		neg 0.5042524016998052 off 0.4301325519801767 __DUMMY__ 0.06561504632001813	false	1.0
schmerzvoll	neg 1.0		neg 0.4977700118378856 off 0.43698951106418527 __DUMMY__ 0.0652404770979291	false	1.0
vorzeitig	neg 1.0		neg 0.497869153661009 off 0.4371231428079426 __DUMMY__ 0.06500770353104844	false	1.0
unvollkommenheit	neg 1.0		neg 0.5001979604330345 off 0.4338890962736289 __DUMMY__ 0.06591294329333658	false	1.0
intervenieren	neg 1.0		neg 0.5051996843201976 off 0.4292837400886653 __DUMMY__ 0.06551657559113715	false	1.0
banause	off 1.0		neg 0.48859205764760416 off 0.44779701944385053 __DUMMY__ 0.06361092290854528	false	0.5
rebell	neg 1.0		neg 0.5089355359216584 off 0.4253617744854494 __DUMMY__ 0.06570268959289215	false	1.0
unlogisch	neg 1.0		neg 0.49165899387740364 off 0.4436825557928034 __DUMMY__ 0.06465845032979306	false	1.0
leiden	neg 1.0		neg 0.5027691069145851 off 0.43119133981602076 __DUMMY__ 0.06603955326939419	false	1.0
abschaffung	neg 1.0		neg 0.49940252412250774 off 0.4352679493069962 __DUMMY__ 0.06532952657049616	false	1.0
sturz	neg 1.0		neg 0.5005621449918537 off 0.43419642302919476 __DUMMY__ 0.06524143197895148	false	1.0
verkleinerung	neg 1.0		neg 0.49857300486453454 off 0.4365749872314596 __DUMMY__ 0.06485200790400593	false	1.0
schmarotzer	off 1.0		neg 0.5023282690153854 off 0.4323545154653968 __DUMMY__ 0.06531721551921782	false	0.5
bestrafung	neg 1.0		neg 0.49905478525567193 off 0.4357272242290832 __DUMMY__ 0.06521799051524478	false	1.0
achtlos	neg 1.0	neg 1.0	neg 0.7367408993903216 off 0.232099204333267 __DUMMY__ 0.031159896276411393	false	1.0
ungeheuer	neg 1.0		neg 0.4970723009972095 off 0.43773191491877333 __DUMMY__ 0.06519578408401723	false	1.0
unaufrichtig	neg 1.0		neg 0.49373510903374307 off 0.4406964982467248 __DUMMY__ 0.06556839271953208	false	1.0
groggy	neg 1.0		neg 0.49656176594725504 off 0.4382795903417373 __DUMMY__ 0.06515864371100775	false	1.0
verletzlich	neg 1.0		neg 0.495310452438742 off 0.44012583648430864 __DUMMY__ 0.06456371107694937	false	1.0
