unsolidarisch	neg 1.0		__DUMMY__ 0.8683254819944041 neg 0.07115208726211551 off 0.0605224307434805	false	1.0
nachteilig	neg 1.0		__DUMMY__ 0.8739656723131265 neg 0.06981208404142347 off 0.05622224364545012	false	1.0
skeptisch	neg 1.0		__DUMMY__ 0.873818706566194 neg 0.07037020380846928 off 0.05581108962533673	false	1.0
schrecklich	neg 1.0		__DUMMY__ 0.8660990676167799 off 0.0693465283341093 neg 0.06455440404911077	false	0.5
schlapp	neg 1.0		__DUMMY__ 0.8688927070770971 neg 0.06585625987823628 off 0.06525103304466659	false	1.0
abfall	neg 1.0		__DUMMY__ 0.8772785966349755 neg 0.0704049016594095 off 0.05231650170561495	false	1.0
widerspenstig	neg 1.0		__DUMMY__ 0.8712254474082962 neg 0.06845515096869086 off 0.06031940162301285	false	1.0
abrupt	neg 1.0		__DUMMY__ 0.8744204237727221 neg 0.06955244485961232 off 0.05602713136766563	false	1.0
unwirksam	neg 1.0		__DUMMY__ 0.8677146871758035 neg 0.07214191872730313 off 0.060143394096893406	false	1.0
angreifen	neg 1.0		__DUMMY__ 0.8717965052022288 neg 0.07240925666134959 off 0.055794238136421474	false	1.0
inkonsistent	neg 1.0		__DUMMY__ 0.8671062145734963 neg 0.07200541941406376 off 0.060888366012439875	false	1.0
abrutschen	neg 1.0		__DUMMY__ 0.8754505128290601 neg 0.07170583930622264 off 0.05284364786471724	false	1.0
unsicher	neg 1.0		__DUMMY__ 0.8737382890974448 neg 0.06590230742273263 off 0.060359403479822514	false	1.0
bauernkind	off 1.0	off 1.0	off 0.5229777329774323 __DUMMY__ 0.4206075707335858 neg 0.05641469628898184	false	1.0
angreifer	neg 1.0	neg 1.0	neg 0.5215226724218919 __DUMMY__ 0.4314756622351504 off 0.0470016653429577	false	1.0
trennen	neg 1.0		__DUMMY__ 0.8760878038191695 neg 0.0686921747741652 off 0.055220021406665196	false	1.0
schmutz	neg 1.0		__DUMMY__ 0.872155316736833 neg 0.0664460203219073 off 0.061398662941259695	false	1.0
inkonsistenz	neg 1.0		__DUMMY__ 0.8638365870616159 neg 0.07037795975070843 off 0.06578545318767563	false	1.0
erschreckend	neg 1.0		__DUMMY__ 0.8704651738005829 neg 0.06968345940195128 off 0.059851366797465826	false	1.0
ertrinken	neg 1.0		__DUMMY__ 0.8710355657239781 neg 0.07302099531001852 off 0.055943438966003296	false	1.0
pickelface	off 1.0		__DUMMY__ 0.8714533507340769 neg 0.06916375353732762 off 0.059382895728595335	false	0.5
seiner			__DUMMY__ 0.8736048530430448 neg 0.07035000653410971 off 0.05604514042284543	false	0.0
lauch	neg 1.0		__DUMMY__ 0.875639124717868 neg 0.0713930701295819 off 0.052967805152550125	false	1.0
unwichtig	neg 1.0		__DUMMY__ 0.8674216792664796 neg 0.06729700790683948 off 0.06528131282668082	false	1.0
steuerhinterziehung	neg 1.0	neg 1.0	neg 0.5238388461058509 __DUMMY__ 0.4321803513927473 off 0.04398080250140183	false	1.0
schock	neg 1.0		__DUMMY__ 0.8710140246887487 neg 0.06956636956323736 off 0.059419605748013984	false	1.0
beule	neg 1.0		__DUMMY__ 0.8655249827523793 neg 0.06838492225416144 off 0.0660900949934593	false	1.0
vergelten	neg 1.0		__DUMMY__ 0.8694920004323564 off 0.06825043366221388 neg 0.06225756590542972	false	0.5
verdorbenheit	neg 1.0		__DUMMY__ 0.8734797479492654 neg 0.06603850505403272 off 0.060481746996701856	false	1.0
trauma	neg 1.0		__DUMMY__ 0.8701548563722511 neg 0.06859678227111021 off 0.0612483613566387	false	1.0
sinnlos	neg 1.0		__DUMMY__ 0.8703315932054261 neg 0.06706379765049242 off 0.0626046091440815	false	1.0
fettsack	off 1.0	off 1.0	off 0.5238506365925184 __DUMMY__ 0.42202394609904204 neg 0.054125417308439554	false	1.0
feige	off 1.0	off 1.0	off 0.5198969807655182 __DUMMY__ 0.42706117949452455 neg 0.053041839739957145	false	1.0
abdanken	neg 1.0		__DUMMY__ 0.8704372209269449 neg 0.06957459085422023 off 0.05998818821883491	false	1.0
wichtigtuer	off 1.0	off 1.0	off 0.5180765630897142 __DUMMY__ 0.42976918267221514 neg 0.05215425423807071	false	1.0
misslingen	neg 1.0		__DUMMY__ 0.877598377626461 neg 0.0619795732642893 off 0.06042204910924962	false	1.0
untreu	off 1.0		__DUMMY__ 0.8675550124307511 neg 0.06677389978218022 off 0.06567108778706872	false	0.5
missmutig	neg 1.0		__DUMMY__ 0.8682207417699616 neg 0.06692395616627872 off 0.06485530206375976	false	1.0
hurenbock	off 1.0		__DUMMY__ 0.8693314220177804 neg 0.06887320561735766 off 0.061795372364861975	false	0.5
betrunken	neg 1.0		__DUMMY__ 0.8674933749732985 off 0.06696917821244569 neg 0.06553744681425581	false	0.5
korrupt	off 1.0		__DUMMY__ 0.8688973197980521 neg 0.07275833340658942 off 0.05834434679535858	false	0.5
unmut	neg 1.0		__DUMMY__ 0.8761658762148749 neg 0.07081813405625621 off 0.053015989728869006	false	1.0
hackfresse	off 1.0		__DUMMY__ 0.8618421509741323 off 0.07278477171558895 neg 0.06537307731027879	false	1.0
aufblasen	neg 1.0		__DUMMY__ 0.8712149582236323 neg 0.06677231004582561 off 0.06201273173054219	false	1.0
gewaltsam	neg 1.0		__DUMMY__ 0.8699944619653772 neg 0.07122219135093555 off 0.05878334668368721	false	1.0
unbeliebtheit	neg 1.0		__DUMMY__ 0.8651294867144138 neg 0.07049679497143459 off 0.06437371831415162	false	1.0
sturheit	neg 1.0		__DUMMY__ 0.8699222606468595 neg 0.07075992315083118 off 0.05931781620230934	false	1.0
kuh	neg 1.0		__DUMMY__ 0.8638768693914793 neg 0.07370494107660322 off 0.062418189531917516	false	1.0
erschrecken	neg 1.0		__DUMMY__ 0.8697876669680764 neg 0.0655918775049671 off 0.06462045552695642	false	1.0
opfer	neg 1.0		__DUMMY__ 0.8727563237255362 neg 0.0701030492601623 off 0.05714062701430156	false	1.0
sinken	neg 1.0		__DUMMY__ 0.8759630667540649 neg 0.07064973471855068 off 0.05338719852738439	false	1.0
stinktier	neg 1.0		__DUMMY__ 0.856543662745172 neg 0.07342210200407734 off 0.07003423525075068	false	1.0
tucke	off 1.0		__DUMMY__ 0.8574227882875138 off 0.07371693876601973 neg 0.06886027294646635	false	1.0
ein			__DUMMY__ 0.8704610946023823 neg 0.06837179912529814 off 0.061167106272319645	false	0.0
abstieg	neg 1.0		__DUMMY__ 0.8725001760741802 neg 0.07149468902934854 off 0.056005134896471256	false	1.0
missverstehen	neg 1.0		__DUMMY__ 0.8678644090097016 neg 0.06859164312535165 off 0.06354394786494677	false	1.0
ergebnislos	neg 1.0		__DUMMY__ 0.8735637655237558 neg 0.07069689351688394 off 0.055739340959360305	false	1.0
unter			__DUMMY__ 0.8820172951283404 neg 0.06993835778140138 off 0.04804434709025815	false	0.0
manipulieren	neg 1.0		__DUMMY__ 0.8747752196091864 neg 0.06980286140368984 off 0.05542191898712381	false	1.0
unbewiesen	neg 1.0		__DUMMY__ 0.8671331496836693 neg 0.07235240454056065 off 0.06051444577577012	false	1.0
verschleppen	neg 1.0		__DUMMY__ 0.8705092720056362 neg 0.07204802636139944 off 0.05744270163296436	false	1.0
weib	off 1.0		__DUMMY__ 0.8547341597476046 off 0.07348491593615877 neg 0.07178092431623662	false	1.0
opposition	neg 1.0		__DUMMY__ 0.8678426596048355 neg 0.07046936366280329 off 0.061687976732361205	false	1.0
verkehrswidrig	neg 1.0		__DUMMY__ 0.8690668732656738 off 0.06879742887056703 neg 0.06213569786375912	false	0.5
inkorrekt	neg 1.0		__DUMMY__ 0.8635775604766442 off 0.06900866828752651 neg 0.06741377123582927	false	0.5
vermeiden	neg 1.0	neg 1.0	neg 0.521772305831421 __DUMMY__ 0.43941402959072795 off 0.03881366457785103	false	1.0
abweichung	neg 1.0	neg 1.0	neg 0.520277000346514 __DUMMY__ 0.4365156738809311 off 0.043207325772554865	false	1.0
alkoholisiert	neg 1.0		__DUMMY__ 0.8749709387728287 neg 0.06962635773692243 off 0.055402703490248804	false	1.0
scheiss	off 1.0	off 1.0	off 0.5196978516055069 __DUMMY__ 0.42803410767309535 neg 0.052268040721397784	false	1.0
herausforderung	neg 1.0		__DUMMY__ 0.8762827045896285 neg 0.06813001846087664 off 0.0555872769494948	false	1.0
pervers	off 1.0		__DUMMY__ 0.8576503956405165 off 0.07612218675458418 neg 0.06622741760489931	false	1.0
wackelig	neg 1.0		__DUMMY__ 0.8769775060615547 neg 0.06485459560683665 off 0.05816789833160861	false	1.0
verwickeln	neg 1.0		__DUMMY__ 0.8684433662567128 neg 0.06851425063456242 off 0.06304238310872473	false	1.0
vorwand	neg 1.0		__DUMMY__ 0.8733813780598424 neg 0.07129508644071114 off 0.05532353549944653	false	1.0
muschi	off 1.0		__DUMMY__ 0.8714210310961824 neg 0.06899503348878093 off 0.059583935415036586	false	0.5
entmutigung	neg 1.0		__DUMMY__ 0.8694558153692836 neg 0.06881067717315474 off 0.06173350745756155	false	1.0
unangemessen	neg 1.0		__DUMMY__ 0.8698798313908845 neg 0.07099872089625964 off 0.0591214477128559	false	1.0
unstetig	neg 1.0		__DUMMY__ 0.8698226206069789 neg 0.06757241183736364 off 0.06260496755565748	false	1.0
entmutigen	neg 1.0		__DUMMY__ 0.8708724964906712 neg 0.06780948235299818 off 0.06131802115633058	false	1.0
schwanz	neg 1.0		__DUMMY__ 0.8724243376551685 neg 0.07063884317187268 off 0.05693681917295892	false	1.0
verbot	neg 1.0		__DUMMY__ 0.8714629504223357 neg 0.07064140426205928 off 0.05789564531560502	false	1.0
leid	neg 1.0		__DUMMY__ 0.8631287210142565 off 0.07087714691039632 neg 0.06599413207534707	false	0.5
archaisch	neg 1.0		__DUMMY__ 0.870423207754005 neg 0.07044265753118784 off 0.05913413471480726	false	1.0
gegen			__DUMMY__ 0.8751853052247769 neg 0.07107015235961178 off 0.05374454241561138	false	0.0
scheidung	neg 1.0		__DUMMY__ 0.8604422536730527 off 0.08037900801496052 neg 0.059178738311986806	false	0.5
einschlag	neg 1.0		__DUMMY__ 0.8662705738837446 off 0.06808468116140728 neg 0.06564474495484804	false	0.5
m			__DUMMY__ 0.8737871743951156 neg 0.0682320788822533 off 0.05798074672263113	false	0.0
abgestanden	neg 1.0		__DUMMY__ 0.8684088143189157 neg 0.07127227815625652 off 0.060318907524827776	false	1.0
schmierig	off 1.0		__DUMMY__ 0.864678130827348 off 0.07012309172592977 neg 0.06519877744672217	false	1.0
unpraktisch	neg 1.0		__DUMMY__ 0.8708799028475042 neg 0.06750379723639253 off 0.06161629991610324	false	1.0
wixxer	off 1.0		__DUMMY__ 0.8551350933049677 off 0.07633160401232165 neg 0.06853330268271071	false	1.0
bezeichnet			__DUMMY__ 0.8679954245994873 neg 0.07132402408236083 off 0.06068055131815186	false	0.0
jammerlappen	off 1.0		__DUMMY__ 0.869491970310327 off 0.0652723277494081 neg 0.06523570194026491	false	1.0
farce	neg 1.0		__DUMMY__ 0.8696687234051992 neg 0.07152377689298467 off 0.058807499701816125	false	1.0
zwecklos	neg 1.0		__DUMMY__ 0.8703053263025646 neg 0.07098119894284792 off 0.05871347475458741	false	1.0
turbulent	neg 1.0		__DUMMY__ 0.8644368595747454 neg 0.06909258333409464 off 0.06647055709115995	false	1.0
invasion	neg 1.0		__DUMMY__ 0.8695389677602606 neg 0.06815500654903466 off 0.062306025690704724	false	1.0
schuld	neg 1.0		__DUMMY__ 0.8689768203361037 neg 0.06936037517524725 off 0.06166280448864904	false	1.0
risiko	neg 1.0	neg 1.0	neg 0.5196872176523553 __DUMMY__ 0.4338926304002291 off 0.04642015194741568	false	1.0
finster	neg 1.0		__DUMMY__ 0.8680728720170483 neg 0.07068426912850358 off 0.06124285885444812	false	1.0
geisteskrank	off 1.0		__DUMMY__ 0.8637946067245409 neg 0.06904033141854056 off 0.06716506185691856	false	0.5
zusammenbrechen	neg 1.0		__DUMMY__ 0.8724653090258697 neg 0.06880525156716534 off 0.05872943940696502	false	1.0
ausbeute	neg 1.0		__DUMMY__ 0.8820314663176289 neg 0.061471197460275497 off 0.056497336222095566	false	1.0
hinterhalt	neg 1.0		__DUMMY__ 0.8737409992421922 neg 0.06807894796180587 off 0.05818005279600204	false	1.0
kritik	neg 1.0		__DUMMY__ 0.8694144298881683 neg 0.07193232929907457 off 0.058653240812757176	false	1.0
einschrumpfen	neg 1.0		__DUMMY__ 0.8656753901113559 neg 0.07003122572424976 off 0.06429338416439448	false	1.0
riskant	neg 1.0		__DUMMY__ 0.8716078927423352 neg 0.0720336271831395 off 0.056358480074525284	false	1.0
frustrieren	neg 1.0		__DUMMY__ 0.8721960974739505 neg 0.07057941947126535 off 0.057224483054784114	false	1.0
groll	neg 1.0		__DUMMY__ 0.8705020612119274 neg 0.07123716949010815 off 0.058260769297964525	false	1.0
gibt			__DUMMY__ 0.873203193959291 neg 0.06791593546263201 off 0.05888087057807706	false	0.0
qualvoll	neg 1.0		__DUMMY__ 0.8684760532185026 neg 0.06825921947076674 off 0.06326472731073056	false	1.0
wackeln	neg 1.0		__DUMMY__ 0.872580985926656 neg 0.0663193772846901 off 0.061099636788653953	false	1.0
klagen	neg 1.0		__DUMMY__ 0.8751333935792588 neg 0.07111592910848151 off 0.05375067731225968	false	1.0
bankrott	neg 1.0		__DUMMY__ 0.8698624052558527 neg 0.06578420083732066 off 0.06435339390682657	false	1.0
trauern	neg 1.0		__DUMMY__ 0.8736313476837309 neg 0.06981758704605796 off 0.056551065270211226	false	1.0
ablehnung	neg 1.0		__DUMMY__ 0.8701102722919456 neg 0.07145494609476435 off 0.05843478161329008	false	1.0
stur	neg 1.0		__DUMMY__ 0.8692938062038982 neg 0.06889976435016058 off 0.061806429445941335	false	1.0
aufruhr	neg 1.0	neg 1.0	neg 0.522625484617219 __DUMMY__ 0.4323780154524967 off 0.0449964999302843	false	1.0
melancholie	neg 1.0		__DUMMY__ 0.872526461220957 neg 0.07048444893384805 off 0.056989089845195004	false	1.0
ist			__DUMMY__ 0.8704982797710985 neg 0.06714780614887939 off 0.062353914080022124	false	0.0
torheit	neg 1.0		__DUMMY__ 0.8711252750296229 neg 0.0680240541655932 off 0.06085067080478394	false	1.0
dreckskind	off 1.0		__DUMMY__ 0.8582408255149025 off 0.07188637331623421 neg 0.06987280116886328	false	1.0
umtauschen	neg 1.0		__DUMMY__ 0.8718517926112931 neg 0.06852705847686426 off 0.05962114891184269	false	1.0
zum			__DUMMY__ 0.8825563424878838 neg 0.06634531272246628 off 0.05109834478964986	false	0.0
zersetzen	neg 1.0		__DUMMY__ 0.8717145780916138 neg 0.0727161954260573 off 0.05556922648232903	false	1.0
zur			__DUMMY__ 0.8794729416993584 neg 0.06981101351199241 off 0.050716044788649134	false	0.0
frust	neg 1.0		__DUMMY__ 0.8729176440587606 neg 0.0683113828338276 off 0.05877097310741189	false	1.0
unerbittlichkeit	neg 1.0		__DUMMY__ 0.8725802667950897 neg 0.071924335310522 off 0.05549539789438835	false	1.0
zwei			__DUMMY__ 0.8804289285748466 neg 0.06743202641436433 off 0.052139045010789094	false	0.0
unkorrekt	neg 1.0		__DUMMY__ 0.8668581727641002 off 0.06846243602702458 neg 0.06467939120887532	false	0.5
hexe	off 1.0		__DUMMY__ 0.8616607539076047 neg 0.07323149631007887 off 0.06510774978231648	false	0.5
lasch	neg 1.0		__DUMMY__ 0.8666435018676515 neg 0.0689073903345623 off 0.06444910779778625	false	1.0
rivale	neg 1.0		__DUMMY__ 0.8655296521794377 off 0.06731101542427786 neg 0.0671593323962845	false	0.5
mutlos	off 1.0	off 1.0	off 0.512969532733602 __DUMMY__ 0.4321501277569641 neg 0.05488033950943394	false	1.0
wirr	off 1.0		__DUMMY__ 0.8627023963321513 off 0.06915847097942643 neg 0.06813913268842223	false	1.0
jahr			__DUMMY__ 0.8830548473538244 neg 0.062424845611756964 off 0.05452030703441857	false	0.0
wird			__DUMMY__ 0.8730677276688124 neg 0.06926443553649325 off 0.05766783679469437	false	0.0
strafbar	neg 1.0		__DUMMY__ 0.8733920762023649 neg 0.06970932009074308 off 0.05689860370689206	false	1.0
erosion	neg 1.0		__DUMMY__ 0.8731148443446838 neg 0.06664692253069374 off 0.06023823312462257	false	1.0
eingehen	neg 1.0		__DUMMY__ 0.8719733048931683 neg 0.07099147199054864 off 0.05703522311628313	false	1.0
faul	off 1.0		__DUMMY__ 0.869515497164062 neg 0.06626872287094714 off 0.0642157799649909	false	0.5
provisorium	neg 1.0		__DUMMY__ 0.8847529422088328 neg 0.06669648985175548 off 0.048550567939411746	false	1.0
schmerzen	neg 1.0		__DUMMY__ 0.8701681159334814 neg 0.07086793282903062 off 0.05896395123748796	false	1.0
schrumpfen	neg 1.0		__DUMMY__ 0.8755757163949326 neg 0.07325274403400983 off 0.05117153957105757	false	1.0
geistlos	off 1.0		__DUMMY__ 0.8650533893737317 neg 0.07155748634296225 off 0.06338912428330605	false	0.5
fehlkauf	neg 1.0		__DUMMY__ 0.8693028004986625 neg 0.06857847856468041 off 0.0621187209366571	false	1.0
frustrierend	neg 1.0		__DUMMY__ 0.8692100588279646 neg 0.06648505985573984 off 0.06430488131629557	false	1.0
unzufrieden	neg 1.0		__DUMMY__ 0.8711282635188142 neg 0.0704181626661626 off 0.05845357381502312	false	1.0
verzweifeln	neg 1.0		__DUMMY__ 0.8716120346359214 neg 0.06880212936413184 off 0.05958583599994663	false	1.0
verzweifelt	neg 1.0	neg 1.0	neg 0.5235757414953877 __DUMMY__ 0.42961999441526555 off 0.04680426408934679	false	1.0
misstrauensantrag	neg 1.0		__DUMMY__ 0.8691999946106406 neg 0.06852105395747263 off 0.06227895143188684	false	1.0
abfallen	neg 1.0		__DUMMY__ 0.8727381240607948 neg 0.06633702755636106 off 0.06092484838284422	false	1.0
fucker	off 1.0		__DUMMY__ 0.86615177232353 off 0.06811626847277241 neg 0.06573195920369754	false	1.0
ungezogen	neg 1.0		__DUMMY__ 0.8594866283339405 off 0.07524019682545026 neg 0.0652731748406093	false	0.5
irrsinnig	neg 1.0	neg 1.0	neg 0.5228708052617053 __DUMMY__ 0.4303368291531551 off 0.04679236558513965	false	1.0
unfassbar	neg 1.0		__DUMMY__ 0.8685327044815289 off 0.06638443616926568 neg 0.06508285934920555	false	0.5
hart	neg 1.0		__DUMMY__ 0.8648681300177183 neg 0.06947899230345027 off 0.06565287767883148	false	1.0
widerlich	off 1.0		__DUMMY__ 0.8654701354711934 neg 0.06747982206747451 off 0.06705004246133206	false	0.5
fatal	neg 1.0		__DUMMY__ 0.8690881606662074 neg 0.06821343597460133 off 0.06269840335919125	false	1.0
bruch	neg 1.0		__DUMMY__ 0.875355171359545 neg 0.07052951202968788 off 0.05411531661076713	false	1.0
aushungern	neg 1.0		__DUMMY__ 0.8721238847129246 neg 0.0690911628077429 off 0.05878495247933263	false	1.0
anspannung	neg 1.0		__DUMMY__ 0.8789365729999772 neg 0.0697951598856054 off 0.05126826711441746	false	1.0
von			__DUMMY__ 0.8847704701741442 neg 0.06066885017451988 off 0.054560679651335944	false	0.0
kraftlos	neg 1.0		__DUMMY__ 0.8731570538999907 neg 0.06882260799321453 off 0.05802033810679494	false	1.0
vom			__DUMMY__ 0.8850575298037082 neg 0.06606740788851799 off 0.048875062307773866	false	0.0
grenzdebil	off 1.0		__DUMMY__ 0.8683548275494886 off 0.06661232043715928 neg 0.06503285201335218	false	1.0
vor			__DUMMY__ 0.8768774120145698 neg 0.06853959309268995 off 0.05458299489274018	false	0.0
unterwerfen	neg 1.0		__DUMMY__ 0.8722395636234217 neg 0.07067739540689517 off 0.05708304096968307	false	1.0
versenkung	neg 1.0		__DUMMY__ 0.8750844683183748 neg 0.0676397443246443 off 0.05727578735698097	false	1.0
entziehen	neg 1.0		__DUMMY__ 0.874661195898314 neg 0.0711138855938255 off 0.05422491850786055	false	1.0
finanzkrise	neg 1.0		__DUMMY__ 0.8675920648012515 neg 0.07312397276084288 off 0.0592839624379055	false	1.0
schimpfend	neg 1.0		__DUMMY__ 0.8693696842859453 neg 0.06868430396972335 off 0.061946011744331286	false	1.0
profan	neg 1.0		__DUMMY__ 0.8686718751619823 neg 0.06826005664423053 off 0.06306806819378709	false	1.0
korruption	neg 1.0		__DUMMY__ 0.8711228420702584 neg 0.07130046473777743 off 0.05757669319196421	false	1.0
â			__DUMMY__ 0.8740747450493174 neg 0.06849447394687343 off 0.057430781003809266	false	0.0
schmutzig	neg 1.0		__DUMMY__ 0.8683483770066568 off 0.06702883132886203 neg 0.0646227916644813	false	0.5
sexy	neg 1.0		__DUMMY__ 0.8696311442300529 neg 0.06645201970824793 off 0.06391683606169916	false	1.0
abraten	neg 1.0		__DUMMY__ 0.8714431001057791 neg 0.06620537405534221 off 0.062351525838878805	false	1.0
schwarz	neg 1.0		__DUMMY__ 0.8694354410739036 neg 0.06858416944685702 off 0.06198038947923948	false	1.0
fotze	off 1.0	off 1.0	off 0.5140569421411711 __DUMMY__ 0.43341465357826126 neg 0.05252840428056763	false	1.0
verwirren	neg 1.0		__DUMMY__ 0.8694030563487418 neg 0.06701374000716896 off 0.06358320364408916	false	1.0
zahnlos	off 1.0		__DUMMY__ 0.8707999722276093 neg 0.06997434783783966 off 0.05922567993455101	false	0.5
verheeren	neg 1.0		__DUMMY__ 0.8587316923416671 off 0.0766193935141155 neg 0.06464891414421728	false	0.5
hippie	neg 1.0		__DUMMY__ 0.8692584780367192 neg 0.06711708566205464 off 0.06362443630122618	false	1.0
rammen	neg 1.0		__DUMMY__ 0.8646513073939831 neg 0.07403134543201373 off 0.061317347174003195	false	1.0
unlauter	neg 1.0		__DUMMY__ 0.8685204210927251 neg 0.07003540949066824 off 0.06144416941660669	false	1.0
unheilvoll	neg 1.0		__DUMMY__ 0.8686254078590224 neg 0.06954611919731044 off 0.06182847294366708	false	1.0
niedrig	neg 1.0		__DUMMY__ 0.8713796798786355 neg 0.07298045919801549 off 0.05563986092334901	false	1.0
explosion	neg 1.0		__DUMMY__ 0.8702962007533809 neg 0.06661442505000069 off 0.06308937419661848	false	1.0
weichei	off 1.0	off 1.0	off 0.5240833447201017 __DUMMY__ 0.42502462319246015 neg 0.05089203208743818	false	1.0
minusmensch	off 1.0		__DUMMY__ 0.8538520443468638 off 0.07433453842396692 neg 0.07181341722916934	false	1.0
farblos	neg 1.0		__DUMMY__ 0.8697292455226374 neg 0.07083219282200927 off 0.05943856165535336	false	1.0
unwissend	neg 1.0	neg 1.0	neg 0.520946071717819 __DUMMY__ 0.4294344022669644 off 0.04961952601521647	false	1.0
traurig	neg 1.0		__DUMMY__ 0.8671345694288428 off 0.06864665945416092 neg 0.06421877111699614	false	0.5
senkung	neg 1.0		__DUMMY__ 0.8672354713016354 neg 0.06985666814039664 off 0.06290786055796806	false	1.0
ungleich	neg 1.0	neg 1.0	neg 0.5234915414653484 __DUMMY__ 0.434012640923718 off 0.042495817610933656	false	1.0
heikel	neg 1.0		__DUMMY__ 0.8726740533340633 neg 0.07097010632249566 off 0.05635584034344097	false	1.0
drosselung	neg 1.0		__DUMMY__ 0.8660016258358149 neg 0.06773003380990535 off 0.06626834035427975	false	1.0
falsch	neg 1.0		__DUMMY__ 0.8689270134973056 neg 0.06658414228013854 off 0.06448884422255594	false	1.0
unzufriedenheit	neg 1.0		__DUMMY__ 0.8736665621658175 neg 0.07140983242839408 off 0.05492360540578838	false	1.0
kurz	neg 1.0		__DUMMY__ 0.8759314838388205 neg 0.06527650469263944 off 0.058792011468540115	false	1.0
unsinnig	neg 1.0		__DUMMY__ 0.870812525431808 neg 0.06979895437698755 off 0.05938852019120451	false	1.0
penner	off 1.0	off 1.0	off 0.5252678218352769 __DUMMY__ 0.42457720030591856 neg 0.05015497785880459	false	1.0
seicht	neg 1.0		__DUMMY__ 0.8594021940924249 off 0.07505642925299105 neg 0.06554137665458405	false	0.5
dummheit	off 1.0	off 1.0	off 0.5182470578244486 __DUMMY__ 0.4281424983190905 neg 0.05361044385646084	false	1.0
unerfreulich	neg 1.0		__DUMMY__ 0.8751591839085435 neg 0.06939689971663451 off 0.05544391637482197	false	1.0
motherfucker	off 1.0	off 1.0	off 0.5212622022748687 __DUMMY__ 0.4279150185620189 neg 0.050822779163112466	false	1.0
pikiert	neg 1.0		__DUMMY__ 0.8651381067991665 neg 0.06859163984554638 off 0.0662702533552872	false	1.0
wrack	neg 1.0		__DUMMY__ 0.8709523891028895 neg 0.07127538880317226 off 0.05777222209393823	false	1.0
gangster	neg 1.0		__DUMMY__ 0.8691946087039267 neg 0.06716887179693366 off 0.0636365194991396	false	1.0
krank	neg 1.0		__DUMMY__ 0.8694567886971794 off 0.06644646806908776 neg 0.06409674323373292	false	0.5
reich	neg 1.0		__DUMMY__ 0.8682520123930423 neg 0.06651027220916036 off 0.0652377153977973	false	1.0
gnadenlos	neg 1.0		__DUMMY__ 0.8690620166381914 neg 0.06920594586797399 off 0.06173203749383461	false	1.0
niedergeschlagen	neg 1.0		__DUMMY__ 0.8720222050146188 neg 0.06899767459336557 off 0.05898012039201557	false	1.0
terrorisieren	off 1.0	off 1.0	off 0.5131310906240872 __DUMMY__ 0.4338271584111078 neg 0.0530417509648049	false	1.0
sinnlosigkeit	neg 1.0		__DUMMY__ 0.8712780593746899 neg 0.07007595312525787 off 0.05864598750005222	false	1.0
behindern	neg 1.0		__DUMMY__ 0.871273909530501 neg 0.06921663132375483 off 0.059509459145744174	false	1.0
undemokratisch	neg 1.0		__DUMMY__ 0.870006576748134 neg 0.06841274698549617 off 0.06158067626636982	false	1.0
wirtschaftskrise	neg 1.0		__DUMMY__ 0.8695941553310687 neg 0.07306263502320827 off 0.05734320964572301	false	1.0
neid	neg 1.0		__DUMMY__ 0.871703995437759 neg 0.06417736025911609 off 0.06411864430312497	false	1.0
rutschen	neg 1.0		__DUMMY__ 0.8808689783461999 neg 0.06716383098148476 off 0.051967190672315304	false	1.0
rezession	neg 1.0		__DUMMY__ 0.8590220077495916 neg 0.07188547530255583 off 0.06909251694785266	false	1.0
fehlgeburt	neg 1.0		__DUMMY__ 0.8703863115183341 neg 0.06781459426268509 off 0.06179909421898082	false	1.0
charakterschwach	off 1.0		__DUMMY__ 0.8655070305627605 neg 0.06755089953609797 off 0.06694206990114153	false	0.5
isolation	neg 1.0		__DUMMY__ 0.8694770120364084 neg 0.06664422718306094 off 0.06387876078053066	false	1.0
ablenkung	neg 1.0		__DUMMY__ 0.8732783499715879 neg 0.0662080974799423 off 0.060513552548469685	false	1.0
pech	neg 1.0		__DUMMY__ 0.8698931000892501 neg 0.06638499984975936 off 0.06372190006099043	false	1.0
vermeidung	neg 1.0		__DUMMY__ 0.8664045908377641 neg 0.0671688704386686 off 0.06642653872356735	false	1.0
dominieren	neg 1.0		__DUMMY__ 0.8729345981754081 neg 0.07042871488703406 off 0.05663668693755784	false	1.0
schwindlig	neg 1.0		__DUMMY__ 0.8711486745206228 neg 0.06673108209522677 off 0.06212024338415051	false	1.0
lutscher	neg 1.0	neg 1.0	neg 0.5200320792923617 __DUMMY__ 0.4229782553670853 off 0.056989665340552983	false	1.0
pflicht	neg 1.0		__DUMMY__ 0.873338544500437 neg 0.07132459570718903 off 0.05533685979237395	false	1.0
faschist	off 1.0		__DUMMY__ 0.8689799289566952 neg 0.06703717441736938 off 0.06398289662593544	false	0.5
verschleudern	neg 1.0		__DUMMY__ 0.8734992808250506 neg 0.07035512234576367 off 0.05614559682918588	false	1.0
wenn			__DUMMY__ 0.8686889940462017 neg 0.06668854202091797 off 0.06462246393288036	false	0.0
ehebruch	neg 1.0		__DUMMY__ 0.8715986203525731 neg 0.07085545546142152 off 0.057545924186005425	false	1.0
spott	off 1.0		__DUMMY__ 0.8720431028614997 neg 0.07079690464350043 off 0.05715999249499986	false	0.5
trostlosigkeit	neg 1.0		__DUMMY__ 0.8736329032985247 neg 0.07185235317495446 off 0.054514743526520915	false	1.0
lutschen	neg 1.0		__DUMMY__ 0.8655782065768814 neg 0.07040322305323668 off 0.06401857036988184	false	1.0
undiszipliniert	neg 1.0		__DUMMY__ 0.8662265993435989 off 0.06810552524045833 neg 0.06566787541594273	false	0.5
kopfschmerz	neg 1.0		__DUMMY__ 0.8690981844294658 neg 0.07296308285222906 off 0.057938732718305096	false	1.0
unvorhergesehen	neg 1.0		__DUMMY__ 0.8776381906592439 neg 0.06701268511071028 off 0.05534912423004589	false	1.0
desinteressiert	neg 1.0	neg 1.0	neg 0.5205509335280831 __DUMMY__ 0.42813211753091895 off 0.051316948940997975	false	1.0
armselig	off 1.0		__DUMMY__ 0.8638282817214095 off 0.06900299031598227 neg 0.0671687279626082	false	1.0
desaster	neg 1.0		__DUMMY__ 0.8754230733497724 neg 0.070983334296799 off 0.05359359235342855	false	1.0
tod	neg 1.0		__DUMMY__ 0.8721140747242937 neg 0.0707549921488462 off 0.057130933126860045	false	1.0
herzlos	neg 1.0		__DUMMY__ 0.8652216898733467 off 0.06877529830192042 neg 0.0660030118247329	false	0.5
unwissenheit	neg 1.0		__DUMMY__ 0.870784694846701 neg 0.07087835886658751 off 0.058336946286711565	false	1.0
widersinnig	neg 1.0		__DUMMY__ 0.8694257845529085 neg 0.07202733187673128 off 0.05854688357036008	false	1.0
bedenklich	neg 1.0		__DUMMY__ 0.8717521017506419 neg 0.07074827021539773 off 0.057499628033960484	false	1.0
beanstanden	neg 1.0		__DUMMY__ 0.874754301147857 neg 0.07030525557070298 off 0.05494044328143997	false	1.0
panisch	neg 1.0	neg 1.0	neg 0.5190359544356158 __DUMMY__ 0.43363741120805266 off 0.04732663435633164	false	1.0
debil	off 1.0		__DUMMY__ 0.8793775923699185 neg 0.0714264748049017 off 0.049195932825179804	false	0.5
abstrich	neg 1.0		__DUMMY__ 0.875957519473047 neg 0.06568645129169248 off 0.058356029235260606	false	1.0
primitiv	neg 1.0		__DUMMY__ 0.865565421275305 off 0.0672814967039957 neg 0.06715308202069932	false	0.5
abschaum	off 1.0	off 1.0	off 0.519999167841585 __DUMMY__ 0.4281886943732041 neg 0.051812137785210974	false	1.0
provozieren	neg 1.0		__DUMMY__ 0.8681086845942733 neg 0.0703015529294594 off 0.06158976247626746	false	1.0
tot	neg 1.0		__DUMMY__ 0.8720268056896537 neg 0.07055091084160203 off 0.05742228346874422	false	1.0
instabil	neg 1.0		__DUMMY__ 0.8644896687576572 off 0.06822307230434947 neg 0.06728725893799332	false	0.5
schwuchtel	off 1.0	off 1.0	off 0.5297140298307063 __DUMMY__ 0.4196165264044046 neg 0.050669443764889056	false	1.0
zerren	neg 1.0		__DUMMY__ 0.8719929364188289 neg 0.06942810299864667 off 0.05857896058252444	false	1.0
kinderficker	off 1.0		__DUMMY__ 0.8636878271559368 off 0.07150517819157454 neg 0.06480699465248865	false	1.0
gefahr	neg 1.0		__DUMMY__ 0.8752178318015094 neg 0.07003159136242831 off 0.05475057683606232	false	1.0
rabiat	neg 1.0		__DUMMY__ 0.8709848783043426 neg 0.06832270085416137 off 0.06069242084149596	false	1.0
verlangsamung	neg 1.0		__DUMMY__ 0.8577860683403372 off 0.0730249979077049 neg 0.06918893375195789	false	0.5
ausgestorben	neg 1.0		__DUMMY__ 0.8720056539925598 neg 0.06767198705135602 off 0.06032235895608409	false	1.0
anklagen	neg 1.0		__DUMMY__ 0.8711104891044927 neg 0.07120954382413093 off 0.057679967071376244	false	1.0
trott	neg 1.0		__DUMMY__ 0.8711953720904703 neg 0.06890350777821351 off 0.05990112013131628	false	1.0
verminderung	neg 1.0		__DUMMY__ 0.8668472566445489 off 0.06677411467852105 neg 0.06637862867692998	false	0.5
nach			__DUMMY__ 0.8817060848763922 neg 0.06734548645311784 off 0.05094842867048991	false	0.0
rost	neg 1.0		__DUMMY__ 0.8620268833083232 off 0.0715615124458593 neg 0.0664116042458175	false	0.5
destruktiv	neg 1.0		__DUMMY__ 0.8699709035146156 neg 0.0695948709692189 off 0.06043422551616544	false	1.0
unzumutbarkeit	neg 1.0		__DUMMY__ 0.867559395877121 neg 0.06686079451314814 off 0.06557980960973077	false	1.0
labil	off 1.0	off 1.0	off 0.5193777829053591 __DUMMY__ 0.4288269920535823 neg 0.05179522504105859	false	1.0
ziemlich	neg 1.0		__DUMMY__ 0.8694948462362563 off 0.06615640632118878 neg 0.06434874744255487	false	0.5
lachnummer	off 1.0		__DUMMY__ 0.8694076056410736 neg 0.06934806429311445 off 0.061244330065811974	false	0.5
oder			__DUMMY__ 0.8728476428881243 neg 0.06602148924553963 off 0.06113086786633603	false	0.0
verfall	neg 1.0		__DUMMY__ 0.8763246183325066 neg 0.07247923574791852 off 0.05119614591957479	false	1.0
ausgrenzung	neg 1.0		__DUMMY__ 0.8694388161963159 neg 0.06842134457573375 off 0.06213983922795043	false	1.0
unordnung	neg 1.0		__DUMMY__ 0.8681066678812029 off 0.06790075528792794 neg 0.06399257683086902	false	0.5
fehlverhalten	neg 1.0		__DUMMY__ 0.8715432294233093 neg 0.07251738680989776 off 0.05593938376679286	false	1.0
eine			__DUMMY__ 0.8767051177500937 neg 0.06820884380832595 off 0.05508603844158026	false	0.0
nille	neg 1.0		__DUMMY__ 0.8718824142956185 neg 0.06807996174144217 off 0.060037623962939345	false	1.0
qual	neg 1.0		__DUMMY__ 0.8716039134844461 neg 0.06885159087465845 off 0.05954449564089534	false	1.0
verschwenden	neg 1.0		__DUMMY__ 0.8715826245110522 neg 0.0716932566646752 off 0.05672411882427263	false	1.0
riesig	neg 1.0		__DUMMY__ 0.8733058137934391 neg 0.06991109599281926 off 0.05678309021374155	false	1.0
verurteilen	neg 1.0		__DUMMY__ 0.8697543022620131 neg 0.07190096232558653 off 0.05834473541240043	false	1.0
klischee	neg 1.0	neg 1.0	neg 0.5220805230516191 __DUMMY__ 0.42917119984692653 off 0.048748277101454386	false	1.0
diktatorisch	neg 1.0		__DUMMY__ 0.8686856580141816 neg 0.06954524966646865 off 0.061769092319349614	false	1.0
vorhersehbar	neg 1.0		__DUMMY__ 0.8672022020366316 neg 0.0689792598481554 off 0.06381853811521308	false	1.0
sowie			__DUMMY__ 0.8613453453272994 off 0.07073507872410424 neg 0.06791957594859621	false	0.0
stornieren	neg 1.0		__DUMMY__ 0.876684865981285 off 0.062063527214010664 neg 0.06125160680470421	false	0.5
besteuerung	neg 1.0		__DUMMY__ 0.8659203407248887 neg 0.07325240802837935 off 0.06082725124673188	false	1.0
ungeschminkt	neg 1.0		__DUMMY__ 0.8614562272350084 neg 0.07202856696744889 off 0.06651520579754283	false	1.0
kritisch	neg 1.0		__DUMMY__ 0.8725950975828826 neg 0.07010316148663359 off 0.05730174093048376	false	1.0
schlamperei	off 1.0		__DUMMY__ 0.8742572049185369 neg 0.06980776273991662 off 0.05593503234154647	false	0.5
sucht	neg 1.0	neg 1.0	neg 0.5182967443048442 __DUMMY__ 0.4359925230188109 off 0.045710732676344804	false	1.0
egoistisch	off 1.0		__DUMMY__ 0.86206276585048 off 0.07159698929453867 neg 0.06634024485498131	false	1.0
ausbeuter	off 1.0		__DUMMY__ 0.8708698764425119 neg 0.0731960504594985 off 0.05593407309798972	false	0.5
arschgeburt	off 1.0		__DUMMY__ 0.8521880871934101 off 0.0790723350565424 neg 0.0687395777500475	false	1.0
schubs	neg 1.0		__DUMMY__ 0.8729812293112855 neg 0.06892202990143083 off 0.058096740787283684	false	1.0
unsolide	neg 1.0		__DUMMY__ 0.8676629898689627 neg 0.0700224019401498 off 0.06231460819088749	false	1.0
beschwerde	neg 1.0		__DUMMY__ 0.8716499334999465 neg 0.0716929362514112 off 0.0566571302486423	false	1.0
stocken	neg 1.0		__DUMMY__ 0.8727833034614506 neg 0.0710599199326716 off 0.05615677660587779	false	1.0
isolieren	neg 1.0		__DUMMY__ 0.87305308197465 neg 0.06927942500066622 off 0.05766749302468366	false	1.0
unheilbar	neg 1.0		__DUMMY__ 0.8713343975306062 neg 0.06774924673762073 off 0.060916355731773106	false	1.0
pisser	off 1.0		__DUMMY__ 0.8618864545232198 neg 0.06972423110075263 off 0.06838931437602759	false	0.5
löschen	neg 1.0		__DUMMY__ 0.8707685686636165 neg 0.06896942179769212 off 0.06026200953869141	false	1.0
durchfallen	neg 1.0		__DUMMY__ 0.8711030745525848 neg 0.07103302446705434 off 0.05786390098036079	false	1.0
wichser	off 1.0	off 1.0	off 0.5275768913184956 __DUMMY__ 0.42272233829225747 neg 0.04970077038924685	false	1.0
terror	neg 1.0		__DUMMY__ 0.8699294454269667 neg 0.06694105922838338 off 0.06312949534464994	false	1.0
krass	neg 1.0		__DUMMY__ 0.8636777595053553 off 0.06910334876425238 neg 0.0672188917303924	false	0.5
revolte	neg 1.0		__DUMMY__ 0.8682105825031985 neg 0.06931213235038003 off 0.06247728514642144	false	1.0
besorgt	neg 1.0		__DUMMY__ 0.8759584035531659 neg 0.06539632954427776 off 0.05864526690255634	false	1.0
nachlassen	neg 1.0		__DUMMY__ 0.8759008871179382 neg 0.06827361053655284 off 0.05582550234550892	false	1.0
alt	neg 1.0		__DUMMY__ 0.871230255314651 neg 0.0712919629463047 off 0.057477781739044304	false	1.0
hundesohn	off 1.0		__DUMMY__ 0.8573353502748973 off 0.07571829098520878 neg 0.06694635873989395	false	1.0
als			__DUMMY__ 0.8734978519097528 neg 0.06799354690172492 off 0.058508601188522275	false	0.0
abschreckung	neg 1.0		__DUMMY__ 0.87395703366774 neg 0.0712803361308285 off 0.054762630201431434	false	1.0
unqualifiziert	neg 1.0		__DUMMY__ 0.8669907718440265 neg 0.06828532614769775 off 0.0647239020082758	false	1.0
abgewichst	off 1.0		__DUMMY__ 0.8729576598000073 neg 0.06776902471705454 off 0.05927331548293819	false	0.5
schwer	neg 1.0		__DUMMY__ 0.8708947910505063 neg 0.0690725905528878 off 0.060032618396606036	false	1.0
bedeutungslosigkeit	neg 1.0		__DUMMY__ 0.8732433839505787 neg 0.07098379996919313 off 0.05577281608022827	false	1.0
kapitulation	neg 1.0		__DUMMY__ 0.8727331114065003 neg 0.07030655392822249 off 0.056960334665277126	false	1.0
unscharf	neg 1.0		__DUMMY__ 0.8669862261351854 neg 0.07067801884027497 off 0.062335755024539696	false	1.0
schwinden	neg 1.0		__DUMMY__ 0.8730874535276584 neg 0.07156403831308494 off 0.05534850815925672	false	1.0
versklavung	neg 1.0		__DUMMY__ 0.8693800803199393 neg 0.06937392948653326 off 0.061245990193527416	false	1.0
schlecht	neg 1.0		__DUMMY__ 0.869510698339434 off 0.06639239080720787 neg 0.0640969108533581	false	0.5
verhasst	neg 1.0		__DUMMY__ 0.8665727678764955 neg 0.07128379622026099 off 0.06214343590324354	false	1.0
beschweren	neg 1.0		__DUMMY__ 0.8705184583677448 neg 0.06694918381045499 off 0.06253235782180022	false	1.0
scheiden	neg 1.0		__DUMMY__ 0.8738813993755948 neg 0.06620800592066724 off 0.059910594703737954	false	1.0
frustriert	neg 1.0		__DUMMY__ 0.8708404902355595 neg 0.06990119420186902 off 0.059258315562571474	false	1.0
schimmelig	neg 1.0		__DUMMY__ 0.868487324410582 neg 0.07435662889532303 off 0.057156046694095096	false	1.0
fisch	neg 1.0		__DUMMY__ 0.8717341652761045 neg 0.07402038458303864 off 0.05424545014085693	false	1.0
schmuggel	neg 1.0		__DUMMY__ 0.8713600976330332 neg 0.07270591265875369 off 0.05593398970821315	false	1.0
auffallen	neg 1.0		__DUMMY__ 0.869827511913082 neg 0.06693015038936417 off 0.0632423376975538	false	1.0
konkurrenz	neg 1.0		__DUMMY__ 0.875825385809787 neg 0.06972492204277882 off 0.05444969214743423	false	1.0
teufelskreis	neg 1.0	neg 1.0	neg 0.5240807325788458 __DUMMY__ 0.430230891888043 off 0.04568837553311118	false	1.0
aufschreien	neg 1.0		__DUMMY__ 0.8680958164187632 neg 0.06852209617229599 off 0.0633820874089407	false	1.0
schuldner	neg 1.0		__DUMMY__ 0.871251055103486 neg 0.07363537584843918 off 0.05511356904807488	false	1.0
missgeburt	off 1.0	off 1.0	off 0.5246407499056127 __DUMMY__ 0.4219537922171651 neg 0.053405457877222194	false	1.0
arbeitslos	neg 1.0		__DUMMY__ 0.870690224406592 neg 0.07104214606625903 off 0.058267629527148826	false	1.0
befallen	neg 1.0		__DUMMY__ 0.8678994544191346 neg 0.07321078257467535 off 0.05888976300619004	false	1.0
miesepetrig	off 1.0	off 1.0	off 0.5196798281186918 __DUMMY__ 0.4303827927500877 neg 0.04993737913122053	false	1.0
alarmieren	neg 1.0		__DUMMY__ 0.8644002384621974 neg 0.07070083675101657 off 0.0648989247867861	false	1.0
ungeduscht	off 1.0		__DUMMY__ 0.8653346214223342 neg 0.070526447305932 off 0.06413893127173385	false	0.5
knappheit	neg 1.0		__DUMMY__ 0.8700198621896424 neg 0.07238019621965508 off 0.057599941590702475	false	1.0
schlange	neg 1.0		__DUMMY__ 0.8735676973127198 neg 0.06467073331254194 off 0.06176156937473837	false	1.0
harsch	neg 1.0		__DUMMY__ 0.8656193172024806 off 0.07017243358229076 neg 0.06420824921522857	false	0.5
lang	neg 1.0		__DUMMY__ 0.8708339670302803 neg 0.06805262871645233 off 0.06111340425326739	false	1.0
ziellos	neg 1.0		__DUMMY__ 0.8747243224997732 neg 0.06796922895737441 off 0.05730644854285235	false	1.0
selbstverliebt	neg 1.0		__DUMMY__ 0.8566266947398001 off 0.07672962148411161 neg 0.06664368377608831	false	0.5
beseitigen	neg 1.0		__DUMMY__ 0.8725374228678884 neg 0.06863769409214429 off 0.05882488303996734	false	1.0
dumm	off 1.0		__DUMMY__ 0.8628203201253016 off 0.07216455579658199 neg 0.0650151240781164	false	1.0
arbeitsloser	neg 1.0		__DUMMY__ 0.8741236376620329 neg 0.06757134018808962 off 0.05830502214987751	false	1.0
blitzen	neg 1.0		__DUMMY__ 0.8697212759913792 neg 0.0667384276708106 off 0.06354029633781032	false	1.0
hilflos	neg 1.0		__DUMMY__ 0.8703693255478381 neg 0.07090759350790761 off 0.0587230809442543	false	1.0
eklig	off 1.0		__DUMMY__ 0.8589675070576083 off 0.07269504024730972 neg 0.068337452695082	false	1.0
begriff			__DUMMY__ 0.8716305502915475 neg 0.06842505084327069 off 0.059944398865181915	false	0.0
hungersnot	neg 1.0		__DUMMY__ 0.870790782667289 neg 0.07126040452230135 off 0.05794881281040953	false	1.0
ungesetzlich	neg 1.0		__DUMMY__ 0.8678413127145534 neg 0.0705125738992576 off 0.061646113386188986	false	1.0
verschwendung	neg 1.0		__DUMMY__ 0.8727479114546615 neg 0.07090865452594627 off 0.05634343401939228	false	1.0
schmerzvoll	neg 1.0		__DUMMY__ 0.8695366758605579 neg 0.06832420495064216 off 0.062139119188799906	false	1.0
vorzeitig	neg 1.0		__DUMMY__ 0.8678692313081501 neg 0.06912611802215111 off 0.06300465066969875	false	1.0
unvollkommenheit	neg 1.0		__DUMMY__ 0.8762143482504857 neg 0.06646234534471636 off 0.05732330640479807	false	1.0
intervenieren	neg 1.0		__DUMMY__ 0.8720334572012167 neg 0.07164469369790895 off 0.05632184910087432	false	1.0
banause	off 1.0		__DUMMY__ 0.8552449768352713 off 0.07519163866969081 neg 0.06956338449503785	false	1.0
rebell	neg 1.0		__DUMMY__ 0.8741058328572009 neg 0.0735870455898353 off 0.05230712155296382	false	1.0
unlogisch	neg 1.0		__DUMMY__ 0.8645447432219279 off 0.06862888664262558 neg 0.06682637013544664	false	0.5
leiden	neg 1.0		__DUMMY__ 0.8771609303567522 neg 0.0679659863569695 off 0.054873083286278206	false	1.0
abschaffung	neg 1.0		__DUMMY__ 0.8706772644491808 neg 0.0685747827431077 off 0.06074795280771153	false	1.0
sturz	neg 1.0		__DUMMY__ 0.86990934278871 neg 0.0697922422369777 off 0.060298414974312244	false	1.0
verkleinerung	neg 1.0		__DUMMY__ 0.8663764518826971 neg 0.07020066923296604 off 0.06342287888433688	false	1.0
schmarotzer	off 1.0		__DUMMY__ 0.8700849943016837 neg 0.07082404003674701 off 0.059090965661569295	false	0.5
bestrafung	neg 1.0		__DUMMY__ 0.8693563944790593 neg 0.06910333267958188 off 0.061540272841358844	false	1.0
achtlos	neg 1.0	neg 1.0	neg 0.5218467053297077 __DUMMY__ 0.43287242144999954 off 0.04528087322029267	false	1.0
ungeheuer	neg 1.0		__DUMMY__ 0.8694519138821242 neg 0.0679416345344188 off 0.06260645158345703	false	1.0
unaufrichtig	neg 1.0		__DUMMY__ 0.8729254745296784 neg 0.06353810634451182 off 0.06353641912580978	false	1.0
