unsolidarisch	neg 1.0		neg 0.5329080367413624 off 0.4603066238513005 __DUMMY__ 0.006785339407337055	false	1.0
nachteilig	neg 1.0		neg 0.5351987726749701 off 0.45795177827532324 __DUMMY__ 0.006849449049706723	false	1.0
skeptisch	neg 1.0		neg 0.5359104934007077 off 0.45723760158766275 __DUMMY__ 0.006851905011629468	false	1.0
schrecklich	neg 1.0		neg 0.5204364996609162 off 0.47280767122144635 __DUMMY__ 0.006755829117637433	false	1.0
schlapp	neg 1.0		neg 0.52436129953512 off 0.46885189706245134 __DUMMY__ 0.006786803402428615	false	1.0
abfall	neg 1.0		neg 0.538807037912284 off 0.45430304214622025 __DUMMY__ 0.0068899199414958	false	1.0
widerspenstig	neg 1.0		neg 0.530379609104946 off 0.46280436728353946 __DUMMY__ 0.00681602361151449	false	1.0
abrupt	neg 1.0		neg 0.5348241685807059 off 0.4583238640739734 __DUMMY__ 0.006851967345320596	false	1.0
unwirksam	neg 1.0		neg 0.5333630853581056 off 0.45986241501962993 __DUMMY__ 0.006774499622264264	false	1.0
angreifen	neg 1.0		neg 0.5374102316832099 off 0.45575998387893624 __DUMMY__ 0.006829784437853784	false	1.0
inkonsistent	neg 1.0		neg 0.5323201254553157 off 0.4609142986756437 __DUMMY__ 0.006765575869040639	false	1.0
abrutschen	neg 1.0		neg 0.5391931211097242 off 0.4539357607351807 __DUMMY__ 0.006871118155095057	false	1.0
unsicher	neg 1.0		neg 0.5289627410228308 off 0.4641877485224678 __DUMMY__ 0.006849510454701347	false	1.0
bauernkind	off 1.0	off 1.0	off 0.7176763880197341 neg 0.2791863970214184 __DUMMY__ 0.0031372149588474486	false	1.0
angreifer	neg 1.0	neg 1.0	neg 0.7507973640855434 off 0.2459748703870954 __DUMMY__ 0.0032277655273612463	false	1.0
trennen	neg 1.0		neg 0.5349279205072787 off 0.4581945279945375 __DUMMY__ 0.006877551498183849	false	1.0
schmutz	neg 1.0		neg 0.5284458432284466 off 0.46473364636200704 __DUMMY__ 0.006820510409546457	false	1.0
inkonsistenz	neg 1.0		neg 0.5277461879461237 off 0.46552199577770925 __DUMMY__ 0.006731816276167021	false	1.0
erschreckend	neg 1.0		neg 0.5321048815730579 off 0.46108180028474394 __DUMMY__ 0.006813318142198225	false	1.0
ertrinken	neg 1.0		neg 0.5374715873634222 off 0.45570964019298904 __DUMMY__ 0.006818772443588698	false	1.0
pickelface	off 1.0		neg 0.5321187500900069 off 0.46106186375993724 __DUMMY__ 0.00681938615005599	false	0.5
seiner			neg 0.5356344383952943 off 0.4575159447011681 __DUMMY__ 0.006849616903537621	false	0.0
lauch	neg 1.0		neg 0.5387071175922872 off 0.4544243521151713 __DUMMY__ 0.0068685302925416206	false	1.0
unwichtig	neg 1.0		neg 0.5258311033783065 off 0.46739450537598004 __DUMMY__ 0.006774391245713451	false	1.0
steuerhinterziehung	neg 1.0	neg 1.0	neg 0.7536934016297147 off 0.24307300331188605 __DUMMY__ 0.0032335950583992587	false	1.0
schock	neg 1.0		neg 0.5321558217394893 off 0.4610263563769058 __DUMMY__ 0.006817821883604935	false	1.0
beule	neg 1.0		neg 0.5254064790559214 off 0.4678474327415136 __DUMMY__ 0.006746088202565175	false	1.0
vergelten	neg 1.0		neg 0.5204080311299915 off 0.47280155426492604 __DUMMY__ 0.00679041460508249	false	1.0
verdorbenheit	neg 1.0		neg 0.5285123995062215 off 0.4646472506791153 __DUMMY__ 0.006840349814663187	false	1.0
trauma	neg 1.0		neg 0.5300261529656075 off 0.46316676943507146 __DUMMY__ 0.006807077599320907	false	1.0
sinnlos	neg 1.0		neg 0.5278985313527912 off 0.4652921767662482 __DUMMY__ 0.006809291880960847	false	1.0
fettsack	off 1.0	off 1.0	off 0.7191564604659696 neg 0.277694131842817 __DUMMY__ 0.0031494076912134674	false	1.0
feige	off 1.0	off 1.0	off 0.7171184419335566 neg 0.27968845322906827 __DUMMY__ 0.0031931048373751336	false	1.0
abdanken	neg 1.0		neg 0.5324308914615375 off 0.4607598707466526 __DUMMY__ 0.006809237791809774	false	1.0
wichtigtuer	off 1.0	off 1.0	off 0.7164522952053083 neg 0.28033223303558497 __DUMMY__ 0.0032154717591067247	false	1.0
misslingen	neg 1.0		neg 0.5261946193247321 off 0.46692123677022923 __DUMMY__ 0.006884143905038658	false	1.0
untreu	off 1.0		neg 0.525046828771941 off 0.4681779632191738 __DUMMY__ 0.006775208008885296	false	0.5
missmutig	neg 1.0		neg 0.5257975063191394 off 0.4674207803655762 __DUMMY__ 0.0067817133152843325	false	1.0
hurenbock	off 1.0		neg 0.5296498493503345 off 0.463560013222146 __DUMMY__ 0.006790137427519335	false	0.5
betrunken	neg 1.0		neg 0.5228474313465634 off 0.4703817829888391 __DUMMY__ 0.0067707856645974574	false	1.0
korrupt	off 1.0		neg 0.5357946453409874 off 0.4574125934654723 __DUMMY__ 0.006792761193540282	false	0.5
unmut	neg 1.0		neg 0.5386899903907896 off 0.4544317937824116 __DUMMY__ 0.0068782158267989045	false	1.0
hackfresse	off 1.0		neg 0.5181180544862651 off 0.47517726403787974 __DUMMY__ 0.006704681475855195	false	0.5
aufblasen	neg 1.0		neg 0.5279598976607908 off 0.4652225979655242 __DUMMY__ 0.006817504373685003	false	1.0
gewaltsam	neg 1.0		neg 0.5341224817686456 off 0.45907587593484517 __DUMMY__ 0.006801642296509299	false	1.0
unbeliebtheit	neg 1.0		neg 0.5291286800279499 off 0.4641281276326689 __DUMMY__ 0.006743192339381147	false	1.0
sturheit	neg 1.0		neg 0.5335186347588556 off 0.4596755646127049 __DUMMY__ 0.006805800628439362	false	1.0
kuh	neg 1.0		neg 0.5321695649367628 off 0.4611041319476149 __DUMMY__ 0.006726303115622365	false	1.0
erschrecken	neg 1.0		neg 0.5251323365905288 off 0.4680667345414041 __DUMMY__ 0.0068009288680669746	false	1.0
opfer	neg 1.0		neg 0.5347610717706662 off 0.45840084798711955 __DUMMY__ 0.006838080242214063	false	1.0
sinken	neg 1.0		neg 0.5381423055922306 off 0.4549853466462636 __DUMMY__ 0.0068723477615056875	false	1.0
stinktier	neg 1.0		neg 0.525908179321591 off 0.46744788791090686 __DUMMY__ 0.00664393276750234	false	1.0
tucke	off 1.0		neg 0.5196641109452432 off 0.47368546874060896 __DUMMY__ 0.006650420314147748	false	0.5
ein			neg 0.5295927534981388 off 0.46359872715876443 __DUMMY__ 0.006808519343096783	false	0.0
abstieg	neg 1.0		neg 0.5367226142453146 off 0.45644495236050303 __DUMMY__ 0.006832433394182285	false	1.0
missverstehen	neg 1.0		neg 0.5282704511631312 off 0.4649487549560118 __DUMMY__ 0.006780793880857159	false	1.0
ergebnislos	neg 1.0		neg 0.5364486316530993 off 0.45670615172770274 __DUMMY__ 0.00684521661919804	false	1.0
unter			neg 0.541665921634425 off 0.45138798887778814 __DUMMY__ 0.006946089487787069	false	0.0
manipulieren	neg 1.0		neg 0.536043841412122 off 0.4570956668280832 __DUMMY__ 0.0068604917597948	false	1.0
unbewiesen	neg 1.0		neg 0.5337694795010962 off 0.4594590751810713 __DUMMY__ 0.00677144531783239	false	1.0
verschleppen	neg 1.0		neg 0.5361062390099298 off 0.4570848576693326 __DUMMY__ 0.0068089033207375535	false	1.0
weib	off 1.0		neg 0.5219801221157903 off 0.47139670743060685 __DUMMY__ 0.006623170453602947	false	0.5
opposition	neg 1.0		neg 0.5307810734159908 off 0.46244227321522713 __DUMMY__ 0.006776653368782001	false	1.0
verkehrswidrig	neg 1.0		neg 0.5191598033077776 off 0.4740562082012988 __DUMMY__ 0.0067839884909237	false	1.0
inkorrekt	neg 1.0		neg 0.5231957170189367 off 0.4700763260407041 __DUMMY__ 0.006727956940359189	false	1.0
vermeiden	neg 1.0	neg 1.0	neg 0.7554308285449902 off 0.24127665449802804 __DUMMY__ 0.003292516956981679	false	1.0
abweichung	neg 1.0	neg 1.0	neg 0.7523191264434974 off 0.24441254705331097 __DUMMY__ 0.003268326503191536	false	1.0
alkoholisiert	neg 1.0		neg 0.5350281034155864 off 0.4581177641065142 __DUMMY__ 0.006854132477899366	false	1.0
scheiss	off 1.0	off 1.0	off 0.7178513306751726 neg 0.2789513886412172 __DUMMY__ 0.003197280683610154	false	1.0
herausforderung	neg 1.0		neg 0.5344931345143227 off 0.45863118558473953 __DUMMY__ 0.006875679900937908	false	1.0
pervers	off 1.0		neg 0.5160694354257732 off 0.4772753978237348 __DUMMY__ 0.006655166750492128	false	0.5
wackelig	neg 1.0		neg 0.5296756124520016 off 0.46344046311444886 __DUMMY__ 0.00688392443354956	false	1.0
verwickeln	neg 1.0		neg 0.5286656533465535 off 0.46454644163793124 __DUMMY__ 0.006787905015515358	false	1.0
vorwand	neg 1.0		neg 0.5370332439204863 off 0.4561203059882268 __DUMMY__ 0.00684645009128701	false	1.0
muschi	off 1.0		neg 0.5318674910092107 off 0.4613122913060547 __DUMMY__ 0.006820217684734584	false	0.5
entmutigung	neg 1.0		neg 0.5304346901551152 off 0.4627701509982563 __DUMMY__ 0.006795158846628282	false	1.0
unangemessen	neg 1.0		neg 0.5337410154722458 off 0.4594532521535123 __DUMMY__ 0.0068057323742417445	false	1.0
unstetig	neg 1.0		neg 0.5280638380042466 off 0.46514128091564283 __DUMMY__ 0.006794881080110694	false	1.0
entmutigen	neg 1.0		neg 0.5294728119782831 off 0.4637129625797893 __DUMMY__ 0.006814225441927591	false	1.0
schwanz	neg 1.0		neg 0.5349210574016939 off 0.4582492801680375 __DUMMY__ 0.0068296624302684236	false	1.0
verbot	neg 1.0		neg 0.5348286676742752 off 0.4583503551682446 __DUMMY__ 0.006820977157480341	false	1.0
leid	neg 1.0		neg 0.5200688215208839 off 0.47321077170010084 __DUMMY__ 0.006720406779015227	false	1.0
archaisch	neg 1.0		neg 0.5331980888293844 off 0.4599916075030233 __DUMMY__ 0.006810303667592372	false	1.0
gegen			neg 0.5384594952284769 off 0.45467352962292046 __DUMMY__ 0.006866975148602555	false	0.0
scheidung	neg 1.0		neg 0.5085670877131061 off 0.4847492681754179 __DUMMY__ 0.006683644111476066	false	1.0
einschlag	neg 1.0		neg 0.522368252616253 off 0.47087593369853825 __DUMMY__ 0.006755813685208813	false	1.0
m			neg 0.5323180154240281 off 0.46083266313365545 __DUMMY__ 0.006849321442316451	false	0.0
abgestanden	neg 1.0		neg 0.5318105036131009 off 0.4614109871226593 __DUMMY__ 0.006778509264239679	false	1.0
schmierig	off 1.0		neg 0.5201859827396396 off 0.47307593376761076 __DUMMY__ 0.006738083492749782	false	0.5
unpraktisch	neg 1.0		neg 0.5285489335676866 off 0.464638710378284 __DUMMY__ 0.0068123560540293724	false	1.0
wixxer	off 1.0		neg 0.517459685177187 off 0.4759134606157184 __DUMMY__ 0.006626854207094588	false	0.5
bezeichnet			neg 0.532584023527248 off 0.4606322726819354 __DUMMY__ 0.006783703790816831	false	0.0
jammerlappen	off 1.0		neg 0.5244597408270913 off 0.4687424619640299 __DUMMY__ 0.006797797208878842	false	0.5
farce	neg 1.0		neg 0.5345782726362417 off 0.4586220332958049 __DUMMY__ 0.00679969406795334	false	1.0
zwecklos	neg 1.0		neg 0.5339628512046724 off 0.4592256549742778 __DUMMY__ 0.006811493821049832	false	1.0
turbulent	neg 1.0		neg 0.5261101835268261 off 0.46715794794267423 __DUMMY__ 0.006731868530499595	false	1.0
invasion	neg 1.0		neg 0.5287938585290882 off 0.46440696099997136 __DUMMY__ 0.0067991804709404725	false	1.0
schuld	neg 1.0		neg 0.5303563229682491 off 0.46284868745585084 __DUMMY__ 0.0067949895759001145	false	1.0
risiko	neg 1.0	neg 1.0	neg 0.7502407195195785 off 0.24651343617612734 __DUMMY__ 0.0032458443042941627	false	1.0
finster	neg 1.0		neg 0.530792463580465 off 0.46242984440655543 __DUMMY__ 0.006777692012979738	false	1.0
geisteskrank	off 1.0		neg 0.5255873990654428 off 0.467680212349134 __DUMMY__ 0.006732388585423197	false	0.5
zusammenbrechen	neg 1.0		neg 0.532334433134562 off 0.4608295559663135 __DUMMY__ 0.006836010899124629	false	1.0
ausbeute	neg 1.0		neg 0.5286974717945986 off 0.4643648528014874 __DUMMY__ 0.0069376754039139395	false	1.0
hinterhalt	neg 1.0		neg 0.5322158386829153 off 0.4609443174630636 __DUMMY__ 0.0068398438540211775	false	1.0
kritik	neg 1.0		neg 0.5350103794877046 off 0.4581922582557443 __DUMMY__ 0.006797362256551072	false	1.0
einschrumpfen	neg 1.0		neg 0.5286410581143346 off 0.46460677354661856 __DUMMY__ 0.006752168339046872	false	1.0
riskant	neg 1.0		neg 0.5365582170070552 off 0.45661445564339687 __DUMMY__ 0.006827327349547907	false	1.0
frustrieren	neg 1.0		neg 0.5348450926387999 off 0.45832140805598687 __DUMMY__ 0.006833499305213202	false	1.0
groll	neg 1.0		neg 0.5345887458755881 off 0.45859874865030564 __DUMMY__ 0.006812505474106079	false	1.0
gibt			neg 0.5316820491505332 off 0.4614725885649471 __DUMMY__ 0.00684536228451953	false	0.0
qualvoll	neg 1.0		neg 0.5280186052661492 off 0.46519637104528405 __DUMMY__ 0.00678502368856666	false	1.0
wackeln	neg 1.0		neg 0.5284889368414314 off 0.4646767689831474 __DUMMY__ 0.006834294175421289	false	1.0
klagen	neg 1.0		neg 0.5383806380673903 off 0.4547549741591752 __DUMMY__ 0.0068643877734344645	false	1.0
bankrott	neg 1.0		neg 0.5252495280138907 off 0.4679499124831446 __DUMMY__ 0.006800559502964695	false	1.0
trauern	neg 1.0		neg 0.5350247721464797 off 0.45812920484618 __DUMMY__ 0.006846023007340294	false	1.0
ablehnung	neg 1.0		neg 0.5348993419419561 off 0.4582948862091706 __DUMMY__ 0.006805771848873407	false	1.0
stur	neg 1.0		neg 0.5298761161933215 off 0.4633257811853787 __DUMMY__ 0.006798102621299846	false	1.0
aufruhr	neg 1.0	neg 1.0	neg 0.7524959381730462 off 0.24426886614839496 __DUMMY__ 0.0032351956785588594	false	1.0
melancholie	neg 1.0		neg 0.5343967310506569 off 0.45877238749282867 __DUMMY__ 0.006830881456514577	false	1.0
ist			neg 0.5281080020872336 off 0.46508046895935173 __DUMMY__ 0.0068115289534146925	false	0.0
torheit	neg 1.0		neg 0.5303944205464747 off 0.4627900325180933 __DUMMY__ 0.006815546935431911	false	1.0
dreckskind	off 1.0		neg 0.5220697802901916 off 0.47126609620596727 __DUMMY__ 0.0066641235038411035	false	0.5
umtauschen	neg 1.0		neg 0.5306604468520737 off 0.46251659686414015 __DUMMY__ 0.006822956283786225	false	1.0
zum			neg 0.5365809851250163 off 0.45646833687947297 __DUMMY__ 0.006950677995510741	false	0.0
zersetzen	neg 1.0		neg 0.5377730944426139 off 0.4554001962734384 __DUMMY__ 0.006826709283947669	false	1.0
zur			neg 0.5396973689656791 off 0.45338659612965837 __DUMMY__ 0.006916034904662485	false	0.0
frust	neg 1.0		neg 0.5320525188854887 off 0.4611057752358187 __DUMMY__ 0.006841705878692661	false	1.0
unerbittlichkeit	neg 1.0		neg 0.5372971760040267 off 0.45586658499033145 __DUMMY__ 0.0068362390056418195	false	1.0
zwei			neg 0.5364193299020829 off 0.456654361258203 __DUMMY__ 0.006926308839714108	false	0.0
unkorrekt	neg 1.0		neg 0.5216111305362748 off 0.4716262329583857 __DUMMY__ 0.006762636505339409	false	1.0
hexe	off 1.0		neg 0.5296239548612184 off 0.463673679575622 __DUMMY__ 0.006702365563159509	false	0.5
lasch	neg 1.0		neg 0.527795211543789 off 0.4654390206011571 __DUMMY__ 0.006765767855053938	false	1.0
rivale	neg 1.0		neg 0.523964467614241 off 0.46928884194498527 __DUMMY__ 0.006746690440773752	false	1.0
mutlos	off 1.0	off 1.0	off 0.7120568742400537 neg 0.28470768487247905 __DUMMY__ 0.0032354408874673097	false	1.0
wirr	off 1.0		neg 0.5232590564569936 off 0.47002567068211476 __DUMMY__ 0.006715272860891749	false	0.5
jahr			neg 0.5310839657458569 off 0.4619626095727588 __DUMMY__ 0.006953424681384138	false	0.0
wird			neg 0.5334469184420085 off 0.4597101539212421 __DUMMY__ 0.006842927636749292	false	0.0
strafbar	neg 1.0		neg 0.5348108674064909 off 0.45834436092870867 __DUMMY__ 0.006844771664800491	false	1.0
erosion	neg 1.0		neg 0.5293438525311701 off 0.46381606814539406 __DUMMY__ 0.0068400793234357354	false	1.0
eingehen	neg 1.0		neg 0.5353135282447027 off 0.4578552065578805 __DUMMY__ 0.006831265197416934	false	1.0
faul	off 1.0		neg 0.5255515383686253 off 0.46765397770486955 __DUMMY__ 0.006794483926505249	false	0.5
provisorium	neg 1.0		neg 0.5389723243919375 off 0.454051874452607 __DUMMY__ 0.006975801155455572	false	1.0
schmerzen	neg 1.0		neg 0.532835399020689 off 0.4603618469634355 __DUMMY__ 0.006802754015875473	false	1.0
schrumpfen	neg 1.0		neg 0.5418078999734103 off 0.4513215257587948 __DUMMY__ 0.00687057426779503	false	1.0
geistlos	off 1.0		neg 0.5307242651122057 off 0.46252831981613285 __DUMMY__ 0.006747415071661487	false	0.5
fehlkauf	neg 1.0		neg 0.5294010694690995 off 0.4638038440901632 __DUMMY__ 0.00679508644073739	false	1.0
frustrierend	neg 1.0		neg 0.5260299275681546 off 0.4671744654463454 __DUMMY__ 0.006795606985499917	false	1.0
unzufrieden	neg 1.0		neg 0.5337987059764908 off 0.45937965936123115 __DUMMY__ 0.006821634662278032	false	1.0
verzweifeln	neg 1.0		neg 0.531613766099365 off 0.46156019736804493 __DUMMY__ 0.006826036532590061	false	1.0
verzweifelt	neg 1.0	neg 1.0	neg 0.7516617677005084 off 0.24512328132875363 __DUMMY__ 0.003214950970737916	false	1.0
misstrauensantrag	neg 1.0		neg 0.5289212439895433 off 0.4642862485963573 __DUMMY__ 0.00679250741409928	false	1.0
abfallen	neg 1.0		neg 0.5283457790989959 off 0.46482072857477236 __DUMMY__ 0.006833492326231679	false	1.0
fucker	off 1.0		neg 0.5225925899762218 off 0.4706475597671722 __DUMMY__ 0.006759850256605939	false	0.5
ungezogen	neg 1.0		neg 0.5160950526034488 off 0.47722845966966404 __DUMMY__ 0.006676487726887181	false	1.0
irrsinnig	neg 1.0	neg 1.0	neg 0.7513555164709737 off 0.24542379876217008 __DUMMY__ 0.0032206847668562223	false	1.0
unfassbar	neg 1.0		neg 0.5233456345359524 off 0.46986759087760716 __DUMMY__ 0.0067867745864405435	false	1.0
hart	neg 1.0		neg 0.5270040358907236 off 0.4662577620484091 __DUMMY__ 0.006738202060867443	false	1.0
widerlich	off 1.0		neg 0.5244980037556464 off 0.4687513533899627 __DUMMY__ 0.006750642854390941	false	0.5
fatal	neg 1.0		neg 0.5286559962484189 off 0.46454914267154146 __DUMMY__ 0.006794861080039635	false	1.0
bruch	neg 1.0		neg 0.5377624262078388 off 0.455370989877508 __DUMMY__ 0.006866583914653288	false	1.0
aushungern	neg 1.0		neg 0.5331927454304857 off 0.4599792465613497 __DUMMY__ 0.006828008008164563	false	1.0
anspannung	neg 1.0		neg 0.5391313733981031 off 0.45395953140105955 __DUMMY__ 0.006909095200837262	false	1.0
von			neg 0.5300760858826942 off 0.4629528573832837 __DUMMY__ 0.006971056734022295	false	0.0
kraftlos	neg 1.0		neg 0.53275592391943 off 0.4604022912774539 __DUMMY__ 0.0068417848031160555	false	1.0
vom			neg 0.5381545859152554 off 0.4548667922041163 __DUMMY__ 0.006978621880628407	false	0.0
grenzdebil	off 1.0		neg 0.5230647683019177 off 0.4701523471270568 __DUMMY__ 0.006782884571025627	false	0.5
vor			neg 0.5355910003441834 off 0.4575214992256735 __DUMMY__ 0.006887500430142957	false	0.0
unterwerfen	neg 1.0		neg 0.5351981763387983 off 0.45797024523455826 __DUMMY__ 0.006831578426643372	false	1.0
versenkung	neg 1.0		neg 0.5330085200858081 off 0.46012446422070236 __DUMMY__ 0.0068670156934895815	false	1.0
entziehen	neg 1.0		neg 0.537815246928229 off 0.455323279511455 __DUMMY__ 0.0068614735603159316	false	1.0
finanzkrise	neg 1.0		neg 0.5350503916482676 off 0.4581753331162308 __DUMMY__ 0.006774275235501563	false	1.0
schimpfend	neg 1.0		neg 0.5290263315067137 off 0.4641805136567992 __DUMMY__ 0.006793154836487008	false	1.0
profan	neg 1.0		neg 0.5281725739934993 off 0.4650385457853145 __DUMMY__ 0.006788880221186339	false	1.0
korruption	neg 1.0		neg 0.5354331429199575 off 0.45775050096649356 __DUMMY__ 0.006816356113548972	false	1.0
â			neg 0.5329617291886393 off 0.4601859869295237 __DUMMY__ 0.006852283881836953	false	0.0
schmutzig	neg 1.0		neg 0.5224655450728319 off 0.4707516977317107 __DUMMY__ 0.006782757195457326	false	1.0
sexy	neg 1.0		neg 0.5263386842848551 off 0.46686107402133714 __DUMMY__ 0.006800241693807838	false	1.0
abraten	neg 1.0		neg 0.5272875821154589 off 0.4658921694713053 __DUMMY__ 0.006820248413235915	false	1.0
schwarz	neg 1.0		neg 0.5294517588249832 off 0.46374976021292086 __DUMMY__ 0.006798480962096037	false	1.0
fotze	off 1.0	off 1.0	off 0.7139479789143327 neg 0.28280804900988765 __DUMMY__ 0.0032439720757796715	false	1.0
verwirren	neg 1.0		neg 0.5270303605461217 off 0.466171612116362 __DUMMY__ 0.006798027337516287	false	1.0
zahnlos	off 1.0		neg 0.5329553569570006 off 0.4602274954461501 __DUMMY__ 0.006817147596849365	false	0.5
verheeren	neg 1.0		neg 0.5150432891603323 off 0.4782887690113971 __DUMMY__ 0.006667941828270702	false	1.0
hippie	neg 1.0		neg 0.5271099613957588 off 0.46609341714850067 __DUMMY__ 0.00679662145574041	false	1.0
rammen	neg 1.0		neg 0.5332165135832454 off 0.4600466718800459 __DUMMY__ 0.006736814536708655	false	1.0
unlauter	neg 1.0		neg 0.5311587667395037 off 0.4620578211742869 __DUMMY__ 0.006783412086209519	false	1.0
unheilvoll	neg 1.0		neg 0.5298506054938096 off 0.46336500372534245 __DUMMY__ 0.006784390780847912	false	1.0
niedrig	neg 1.0		neg 0.5375421860652511 off 0.4556415278050094 __DUMMY__ 0.006816286129739569	false	1.0
explosion	neg 1.0		neg 0.527088130610648 off 0.4661051079119465 __DUMMY__ 0.00680676147740554	false	1.0
weichei	off 1.0	off 1.0	off 0.7208261314125567 neg 0.2759998703479576 __DUMMY__ 0.0031739982394856604	false	1.0
minusmensch	off 1.0		neg 0.521926817966103 off 0.4714579201774346 __DUMMY__ 0.00661526185646243	false	0.5
farblos	neg 1.0		neg 0.5327133667838434 off 0.4604936385577331 __DUMMY__ 0.006792994658423363	false	1.0
unwissend	neg 1.0	neg 1.0	neg 0.7487259632271293 off 0.24806250118940967 __DUMMY__ 0.003211535583461171	false	1.0
traurig	neg 1.0		neg 0.5208324741187809 off 0.4723993333749261 __DUMMY__ 0.0067681925062928455	false	1.0
senkung	neg 1.0		neg 0.5294333481119995 off 0.4637982699939762 __DUMMY__ 0.0067683818940241485	false	1.0
ungleich	neg 1.0	neg 1.0	neg 0.7542434676086558 off 0.24250671552548075 __DUMMY__ 0.0032498168658634443	false	1.0
heikel	neg 1.0		neg 0.5358500262074554 off 0.4573114159449759 __DUMMY__ 0.006838557847568706	false	1.0
drosselung	neg 1.0		neg 0.5251437024436433 off 0.4681042682272554 __DUMMY__ 0.006752029329101375	false	1.0
falsch	neg 1.0		neg 0.5259062798476565 off 0.46730255445373997 __DUMMY__ 0.006791165698603446	false	1.0
unzufriedenheit	neg 1.0		neg 0.5374885133765412 off 0.45566182916792375 __DUMMY__ 0.006849657455534922	false	1.0
kurz	neg 1.0		neg 0.5295385300448232 off 0.4635885523065171 __DUMMY__ 0.006872917648659647	false	1.0
unsinnig	neg 1.0		neg 0.5325869856553141 off 0.46059668868048925 __DUMMY__ 0.00681632566419666	false	1.0
penner	off 1.0	off 1.0	off 0.7217781201375266 neg 0.27505100314901293 __DUMMY__ 0.0031708767134604387	false	1.0
seicht	neg 1.0		neg 0.5167335660957408 off 0.4765882302453833 __DUMMY__ 0.006678203658875897	false	1.0
dummheit	off 1.0	off 1.0	off 0.7158975496482967 neg 0.28089996352425844 __DUMMY__ 0.0032024868274450045	false	1.0
unerfreulich	neg 1.0		neg 0.5353948847109732 off 0.4577390447253865 __DUMMY__ 0.006866070563640428	false	1.0
motherfucker	off 1.0	off 1.0	off 0.7189221922942788 neg 0.2778780150500049 __DUMMY__ 0.0031997926557163943	false	1.0
pikiert	neg 1.0		neg 0.5259361305778458 off 0.46731697782362 __DUMMY__ 0.00674689159853434	false	1.0
wrack	neg 1.0		neg 0.5345981597686279 off 0.4585924460636921 __DUMMY__ 0.0068093941676800615	false	1.0
gangster	neg 1.0		neg 0.5270799790340294 off 0.46612465806958747 __DUMMY__ 0.006795362896383042	false	1.0
krank	neg 1.0		neg 0.5223347780104354 off 0.4708715861448145 __DUMMY__ 0.006793635844750025	false	1.0
reich	neg 1.0		neg 0.5254625838568562 off 0.46776219798790564 __DUMMY__ 0.006775218155238188	false	1.0
gnadenlos	neg 1.0		neg 0.5302004317435404 off 0.46300301780424274 __DUMMY__ 0.006796550452216861	false	1.0
niedergeschlagen	neg 1.0		neg 0.5321398600782284 off 0.4610319196314694 __DUMMY__ 0.006828220290302246	false	1.0
terrorisieren	off 1.0	off 1.0	off 0.713027704223489 neg 0.2837230238617771 __DUMMY__ 0.003249271914733797	false	1.0
sinnlosigkeit	neg 1.0		neg 0.5333590750072956 off 0.4598186877887752 __DUMMY__ 0.00682223720392928	false	1.0
behindern	neg 1.0		neg 0.5316964471795587 off 0.4614843355125089 __DUMMY__ 0.006819217307932376	false	1.0
undemokratisch	neg 1.0		neg 0.5302763159277486 off 0.46292077992399605 __DUMMY__ 0.006802904148255295	false	1.0
wirtschaftskrise	neg 1.0		neg 0.5367876330041328 off 0.4564138020605751 __DUMMY__ 0.006798564935292096	false	1.0
neid	neg 1.0		neg 0.5243829872599808 off 0.46879684626202756 __DUMMY__ 0.006820166477991762	false	1.0
rutschen	neg 1.0		neg 0.5363518641441404 off 0.45671765043985046 __DUMMY__ 0.006930485416009067	false	1.0
rezession	neg 1.0		neg 0.5259577006813244 off 0.46736777674049546 __DUMMY__ 0.006674522578179999	false	1.0
fehlgeburt	neg 1.0		neg 0.5290333608688595 off 0.46416608036658513 __DUMMY__ 0.006800558764555306	false	1.0
charakterschwach	off 1.0		neg 0.5247892428099815 off 0.46845957850650244 __DUMMY__ 0.006751178683516116	false	0.5
isolation	neg 1.0		neg 0.5263622126212353 off 0.46684071822749257 __DUMMY__ 0.006797069151272084	false	1.0
ablenkung	neg 1.0		neg 0.5289462623093708 off 0.4642105505928452 __DUMMY__ 0.006843187097783937	false	1.0
pech	neg 1.0		neg 0.5258923896191984 off 0.467309571689721 __DUMMY__ 0.006798038691080672	false	1.0
vermeidung	neg 1.0		neg 0.524540428206642 off 0.46870040644369665 __DUMMY__ 0.006759165349661264	false	1.0
dominieren	neg 1.0		neg 0.5352456843561931 off 0.4579179006894655 __DUMMY__ 0.006836414954341403	false	1.0
schwindlig	neg 1.0		neg 0.5274288901491077 off 0.4657584063942996 __DUMMY__ 0.0068127034565926585	false	1.0
lutscher	neg 1.0	neg 1.0	neg 0.7440458637106053 off 0.2527973682189022 __DUMMY__ 0.003156768070492421	false	1.0
pflicht	neg 1.0		neg 0.5370831340156613 off 0.4560691786775638 __DUMMY__ 0.00684768730677502	false	1.0
faschist	off 1.0		neg 0.527367730611879 off 0.46584172398459306 __DUMMY__ 0.006790545403527994	false	0.5
verschleudern	neg 1.0		neg 0.5357938211790984 off 0.45736345986109583 __DUMMY__ 0.006842718959805867	false	1.0
wenn			neg 0.52587875969065 off 0.4673320542699307 __DUMMY__ 0.006789186039419438	false	0.0
ehebruch	neg 1.0		neg 0.5350801319584068 off 0.4580964296672312 __DUMMY__ 0.006823438374362073	false	1.0
spott	off 1.0		neg 0.5353576705504469 off 0.45781261209867513 __DUMMY__ 0.006829717350877852	false	0.5
trostlosigkeit	neg 1.0		neg 0.5380783622034594 off 0.4550745182598594 __DUMMY__ 0.006847119536681134	false	1.0
lutschen	neg 1.0		neg 0.5291219638262984 off 0.4641275796346377 __DUMMY__ 0.006750456539064028	false	1.0
undiszipliniert	neg 1.0		neg 0.5221945731342955 off 0.4710480963120195 __DUMMY__ 0.006757330553684917	false	1.0
kopfschmerz	neg 1.0		neg 0.5351532423656953 off 0.4580565550277621 __DUMMY__ 0.006790202606542562	false	1.0
unvorhergesehen	neg 1.0		neg 0.5332157321203138 off 0.45989434320883005 __DUMMY__ 0.006889924670856147	false	1.0
desinteressiert	neg 1.0	neg 1.0	neg 0.7475720849235296 off 0.2492274041832558 __DUMMY__ 0.00320051089321461	false	1.0
armselig	off 1.0		neg 0.5227537830835158 off 0.47051420739845423 __DUMMY__ 0.006732009518029889	false	0.5
desaster	neg 1.0		neg 0.5384606219571932 off 0.4546700544680354 __DUMMY__ 0.006869323574771527	false	1.0
tod	neg 1.0		neg 0.5349080288144379 off 0.4582695837421244 __DUMMY__ 0.006822387443437803	false	1.0
herzlos	neg 1.0		neg 0.5219809177594109 off 0.47127259395245896 __DUMMY__ 0.006746488288130179	false	1.0
unwissenheit	neg 1.0		neg 0.5342869200899534 off 0.45889797024896656 __DUMMY__ 0.00681510966108007	false	1.0
widersinnig	neg 1.0		neg 0.5351278897779566 off 0.4580741172866644 __DUMMY__ 0.006797992935379049	false	1.0
bedenklich	neg 1.0		neg 0.5347938379930826 off 0.4583782865539898 __DUMMY__ 0.006827875452927553	false	1.0
beanstanden	neg 1.0		neg 0.5367174702670554 off 0.45642053396313415 __DUMMY__ 0.006861995769810328	false	1.0
panisch	neg 1.0	neg 1.0	neg 0.7490212905175283 off 0.2477338236876478 __DUMMY__ 0.0032448857948238277	false	1.0
debil	off 1.0		neg 0.5417029099386135 off 0.45138529683483614 __DUMMY__ 0.00691179322655031	false	0.5
abstrich	neg 1.0		neg 0.5296083892581622 off 0.46353288923820396 __DUMMY__ 0.006858721503633797	false	1.0
primitiv	neg 1.0		neg 0.5241201173124365 off 0.46912794857502094 __DUMMY__ 0.006751934112542512	false	1.0
abschaum	off 1.0	off 1.0	off 0.7176812983732098 neg 0.27911649382852066 __DUMMY__ 0.0032022077982695124	false	1.0
provozieren	neg 1.0		neg 0.5310815500742978 off 0.4621334188370072 __DUMMY__ 0.006785031088694875	false	1.0
tot	neg 1.0		neg 0.5342216754688504 off 0.458958290318746 __DUMMY__ 0.006820034212403596	false	1.0
instabil	neg 1.0		neg 0.5234470433325128 off 0.46981810286369124 __DUMMY__ 0.006734853803796041	false	1.0
schwuchtel	off 1.0	off 1.0	off 0.7239260924202154 neg 0.2729433901756919 __DUMMY__ 0.003130517404092795	false	1.0
zerren	neg 1.0		neg 0.532868724146124 off 0.4603014401312433 __DUMMY__ 0.006829835722632788	false	1.0
kinderficker	off 1.0		neg 0.5193589104565319 off 0.4739145190459694 __DUMMY__ 0.006726570497498671	false	0.5
gefahr	neg 1.0		neg 0.536908487390605 off 0.4562268457983532 __DUMMY__ 0.006864666811041711	false	1.0
rabiat	neg 1.0		neg 0.530450923137043 off 0.4627316447959953 __DUMMY__ 0.006817432066961766	false	1.0
verlangsamung	neg 1.0		neg 0.5211384814158808 off 0.47220407689558835 __DUMMY__ 0.00665744168853084	false	1.0
ausgestorben	neg 1.0		neg 0.5302367383597271 off 0.4629339802446645 __DUMMY__ 0.006829281395608501	false	1.0
anklagen	neg 1.0		neg 0.5352099144261829 off 0.4579748810002019 __DUMMY__ 0.006815204573615131	false	1.0
trott	neg 1.0		neg 0.5312191527923584 off 0.4619615846149459 __DUMMY__ 0.006819262592695721	false	1.0
verminderung	neg 1.0		neg 0.5236304468517446 off 0.4696060207935179 __DUMMY__ 0.0067635323547375545	false	1.0
nach			neg 0.5374728290958766 off 0.4555856336137291 __DUMMY__ 0.006941537290394269	false	0.0
rost	neg 1.0		neg 0.5200913251049203 off 0.4732050096155253 __DUMMY__ 0.0067036652795542445	false	1.0
destruktiv	neg 1.0		neg 0.5316314587829938 off 0.46156330759903674 __DUMMY__ 0.0068052336179694126	false	1.0
unzumutbarkeit	neg 1.0		neg 0.5252871889880316 off 0.46794226807081873 __DUMMY__ 0.006770542941149639	false	1.0
labil	off 1.0	off 1.0	off 0.7173551227454183 neg 0.27943718087353697 __DUMMY__ 0.0032076963810446116	false	1.0
ziemlich	neg 1.0		neg 0.5229548437235577 off 0.4702484055478109 __DUMMY__ 0.0067967507286312255	false	1.0
lachnummer	off 1.0		neg 0.5309831511974986 off 0.4622158317698318 __DUMMY__ 0.006801017032669698	false	0.5
oder			neg 0.5281431749021053 off 0.4650198090303755 __DUMMY__ 0.006837016067519191	false	0.0
verfall	neg 1.0		neg 0.5412139201471186 off 0.45190682290688616 __DUMMY__ 0.006879256945995193	false	1.0
ausgrenzung	neg 1.0		neg 0.5298240228879284 off 0.46337998549985365 __DUMMY__ 0.006795991612217835	false	1.0
unordnung	neg 1.0		neg 0.5215813658104478 off 0.4716455244802524 __DUMMY__ 0.006773109709299774	false	1.0
fehlverhalten	neg 1.0		neg 0.5375268330296862 off 0.45564788814849355 __DUMMY__ 0.006825278821820181	false	1.0
eine			neg 0.5347947925547211 off 0.4583204292884181 __DUMMY__ 0.006884778156860804	false	0.0
nille	neg 1.0		neg 0.5309818029146302 off 0.46219138592593323 __DUMMY__ 0.00682681115943649	false	1.0
qual	neg 1.0		neg 0.5315204274307926 off 0.46165551066393923 __DUMMY__ 0.00682406190526813	false	1.0
verschwenden	neg 1.0		neg 0.5358089112096556 off 0.457365948056017 __DUMMY__ 0.006825140734327411	false	1.0
riesig	neg 1.0		neg 0.5344438569930707 off 0.4587170047560484 __DUMMY__ 0.006839138250880768	false	1.0
verurteilen	neg 1.0		neg 0.5351498228416652 off 0.4580470485306736 __DUMMY__ 0.006803128627661312	false	1.0
klischee	neg 1.0	neg 1.0	neg 0.7498661883917005 off 0.24692315855126556 __DUMMY__ 0.0032106530570340593	false	1.0
diktatorisch	neg 1.0		neg 0.5309426531957497 off 0.46226952525033904 __DUMMY__ 0.0067878215539112444	false	1.0
vorhersehbar	neg 1.0		neg 0.5283239949238866 off 0.4649024167863166 __DUMMY__ 0.00677358828979679	false	1.0
sowie			neg 0.5217737761397614 off 0.47152557489113894 __DUMMY__ 0.00670064896909958	false	0.0
stornieren	neg 1.0		neg 0.5243401674414225 off 0.46878345661760407 __DUMMY__ 0.0068763759409732495	false	1.0
besteuerung	neg 1.0		neg 0.533428981446743 off 0.45981708621226014 __DUMMY__ 0.0067539323409968564	false	1.0
ungeschminkt	neg 1.0		neg 0.5275723009099171 off 0.46572711218447427 __DUMMY__ 0.006700586905608566	false	1.0
kritisch	neg 1.0		neg 0.5346668340696697 off 0.4584959930657814 __DUMMY__ 0.006837172864548765	false	1.0
schlamperei	off 1.0		neg 0.5358084737168384 off 0.45733917981704136 __DUMMY__ 0.006852346466120107	false	0.5
sucht	neg 1.0	neg 1.0	neg 0.7496502443959336 off 0.24708886872498254 __DUMMY__ 0.003260886879083778	false	1.0
egoistisch	off 1.0		neg 0.5199572713122133 off 0.47333349154825327 __DUMMY__ 0.006709237139533361	false	0.5
ausbeuter	off 1.0		neg 0.5380006957450405 off 0.45518255611195313 __DUMMY__ 0.006816748143006382	false	0.5
arschgeburt	off 1.0		neg 0.5159449806633611 off 0.4774599886431879 __DUMMY__ 0.006595030693450875	false	0.5
schubs	neg 1.0		neg 0.5322771160601211 off 0.4608886745558097 __DUMMY__ 0.00683420938406925	false	1.0
unsolide	neg 1.0		neg 0.5306768288641603 off 0.46254931293116375 __DUMMY__ 0.00677385820467605	false	1.0
beschwerde	neg 1.0		neg 0.5363837588689773 off 0.456793632509851 __DUMMY__ 0.006822608621171792	false	1.0
stocken	neg 1.0		neg 0.5362906286485986 off 0.4568731271809259 __DUMMY__ 0.006836244170475758	false	1.0
isolieren	neg 1.0		neg 0.5339135442000202 off 0.4592494086930817 __DUMMY__ 0.006837047106898092	false	1.0
unheilbar	neg 1.0		neg 0.5300824187063207 off 0.4630980992206586 __DUMMY__ 0.006819482073020645	false	1.0
pisser	off 1.0		neg 0.5250934055961696 off 0.4681999429969359 __DUMMY__ 0.006706651406894577	false	0.5
löschen	neg 1.0		neg 0.5311300984265258 off 0.46205614177963644 __DUMMY__ 0.0068137597938378435	false	1.0
durchfallen	neg 1.0		neg 0.5346168918766142 off 0.4585631697784862 __DUMMY__ 0.006819938344899558	false	1.0
wichser	off 1.0	off 1.0	off 0.7232860020233796 neg 0.27355833346189773 __DUMMY__ 0.0031556645147226914	false	1.0
terror	neg 1.0		neg 0.5270803539633377 off 0.4661177900404069 __DUMMY__ 0.0068018559962553325	false	1.0
krass	neg 1.0		neg 0.5221593553051667 off 0.4711153377542802 __DUMMY__ 0.006725306940553119	false	1.0
revolte	neg 1.0		neg 0.5300556585005023 off 0.4631628851123131 __DUMMY__ 0.006781456387184594	false	1.0
besorgt	neg 1.0		neg 0.5300570114608371 off 0.46306964236420745 __DUMMY__ 0.006873346174955479	false	1.0
nachlassen	neg 1.0		neg 0.5341626217518862 off 0.4589675001167629 __DUMMY__ 0.006869878131350737	false	1.0
alt	neg 1.0		neg 0.534468859422701 off 0.4587188975270583 __DUMMY__ 0.006812243050240641	false	1.0
hundesohn	off 1.0		neg 0.5176408278665071 off 0.47570412308580956 __DUMMY__ 0.006655049047683486	false	0.5
als			neg 0.5318765329360801 off 0.4612766296782121 __DUMMY__ 0.006846837385707832	false	0.0
abschreckung	neg 1.0		neg 0.5377338399376977 off 0.45541475104108453 __DUMMY__ 0.006851409021217864	false	1.0
unqualifiziert	neg 1.0		neg 0.5273007062730635 off 0.4659293913733077 __DUMMY__ 0.0067699023536288185	false	1.0
abgewichst	off 1.0		neg 0.53119596184559 off 0.46196586105427956 __DUMMY__ 0.00683817710013034	false	0.5
schwer	neg 1.0		neg 0.5313570669861183 off 0.46182557864043944 __DUMMY__ 0.0068173543734422045	false	1.0
bedeutungslosigkeit	neg 1.0		neg 0.5365921259520338 off 0.45656308479714514 __DUMMY__ 0.006844789250821148	false	1.0
kapitulation	neg 1.0		neg 0.5353278095881688 off 0.4578365285894684 __DUMMY__ 0.006835661822362668	false	1.0
unscharf	neg 1.0		neg 0.5298075876094898 off 0.46342917618598173 __DUMMY__ 0.0067632362045286125	false	1.0
schwinden	neg 1.0		neg 0.537355209854327 off 0.455804890074416 __DUMMY__ 0.006839900071257066	false	1.0
versklavung	neg 1.0		neg 0.5311172435761027 off 0.46208726561179164 __DUMMY__ 0.006795490812105815	false	1.0
schlecht	neg 1.0		neg 0.5226966760865313 off 0.4705055433230962 __DUMMY__ 0.006797780590372633	false	1.0
verhasst	neg 1.0		neg 0.5313193244788207 off 0.46191358746265593 __DUMMY__ 0.006767088058523451	false	1.0
beschweren	neg 1.0		neg 0.5278878903735555 off 0.4653001274457211 __DUMMY__ 0.006811982180723292	false	1.0
scheiden	neg 1.0		neg 0.529238657823427 off 0.4639194310871854 __DUMMY__ 0.006841911089387424	false	1.0
frustriert	neg 1.0		neg 0.5326439989317396 off 0.4605384538643544 __DUMMY__ 0.0068175472039059114	false	1.0
schimmelig	neg 1.0		neg 0.5366544845571631 off 0.45656518391487344 __DUMMY__ 0.00678033152796356	false	1.0
fisch	neg 1.0		neg 0.53877637884194 off 0.45440881072101713 __DUMMY__ 0.0068148104370428925	false	1.0
schmuggel	neg 1.0		neg 0.5375974901402929 off 0.4555833607867197 __DUMMY__ 0.006819149072987365	false	1.0
auffallen	neg 1.0		neg 0.5272249270831734 off 0.4659718459464499 __DUMMY__ 0.006803226970376811	false	1.0
konkurrenz	neg 1.0		neg 0.5368251083348156 off 0.4563006476822668 __DUMMY__ 0.006874243982917662	false	1.0
teufelskreis	neg 1.0	neg 1.0	neg 0.7526558152038754 off 0.2441237177260358 __DUMMY__ 0.0032204670700888235	false	1.0
aufschreien	neg 1.0		neg 0.5282602525819619 off 0.46495636238940175 __DUMMY__ 0.006783385028636278	false	1.0
schuldner	neg 1.0		neg 0.5389436244857327 off 0.45423836687287933 __DUMMY__ 0.0068180086413879085	false	1.0
missgeburt	off 1.0	off 1.0	off 0.719741408623375 neg 0.27710922170546487 __DUMMY__ 0.0031493696711600333	false	1.0
arbeitslos	neg 1.0		neg 0.5343890328217411 off 0.4587944792038199 __DUMMY__ 0.0068164879744390065	false	1.0
befallen	neg 1.0		neg 0.5355161663656209 off 0.4577063777943129 __DUMMY__ 0.006777455840066141	false	1.0
miesepetrig	off 1.0	off 1.0	off 0.7187835109500752 neg 0.2779989957473697 __DUMMY__ 0.003217493302555036	false	1.0
alarmieren	neg 1.0		neg 0.5290465606326213 off 0.4642155240195029 __DUMMY__ 0.00673791534787584	false	1.0
ungeduscht	off 1.0		neg 0.5282615811090611 off 0.46499387969414074 __DUMMY__ 0.006744539196798289	false	0.5
knappheit	neg 1.0		neg 0.535968495073355 off 0.4572291095083708 __DUMMY__ 0.006802395418274325	false	1.0
schlange	neg 1.0		neg 0.5267668410749552 off 0.46638849219870265 __DUMMY__ 0.0068446667263420925	false	1.0
harsch	neg 1.0		neg 0.5196794179726211 off 0.4735710069583006 __DUMMY__ 0.006749575069078263	false	1.0
lang	neg 1.0		neg 0.5297868844948883 off 0.46339819394131293 __DUMMY__ 0.006814921563798862	false	1.0
ziellos	neg 1.0		neg 0.5328762633529909 off 0.4602624737391544 __DUMMY__ 0.006861262907854579	false	1.0
selbstverliebt	neg 1.0		neg 0.5160288990879319 off 0.47732535540938176 __DUMMY__ 0.006645745502686322	false	1.0
beseitigen	neg 1.0		neg 0.5322433089238682 off 0.4609276169803053 __DUMMY__ 0.006829074095826384	false	1.0
dumm	off 1.0		neg 0.5184734864208111 off 0.47480949995276733 __DUMMY__ 0.006717013626421317	false	0.5
arbeitsloser	neg 1.0		neg 0.5323424199254273 off 0.46080388324044563 __DUMMY__ 0.006853696834127136	false	1.0
blitzen	neg 1.0		neg 0.5269979512129372 off 0.46620168439843374 __DUMMY__ 0.006800364388629021	false	1.0
hilflos	neg 1.0		neg 0.5337064405578857 off 0.45948260588441814 __DUMMY__ 0.006810953557696187	false	1.0
eklig	off 1.0		neg 0.5201931752750434 off 0.4731347320017009 __DUMMY__ 0.006672092723255744	false	0.5
begriff			neg 0.5311986693537062 off 0.4619768584573667 __DUMMY__ 0.006824472188927179	false	0.0
hungersnot	neg 1.0		neg 0.5350280071201993 off 0.4581616595172956 __DUMMY__ 0.00681033336250504	false	1.0
ungesetzlich	neg 1.0		neg 0.5318100247737938 off 0.46141050749170137 __DUMMY__ 0.006779467734504783	false	1.0
verschwendung	neg 1.0		neg 0.5357817501764638 off 0.45737886456077587 __DUMMY__ 0.006839385262760415	false	1.0
schmerzvoll	neg 1.0		neg 0.5290620707784154 off 0.46413790335667165 __DUMMY__ 0.00680002586491304	false	1.0
vorzeitig	neg 1.0		neg 0.5290523679177982 off 0.4641722529964709 __DUMMY__ 0.006775379085730896	false	1.0
unvollkommenheit	neg 1.0		neg 0.5318397772655744 off 0.4612898672746631 __DUMMY__ 0.006870355459762439	false	1.0
intervenieren	neg 1.0		neg 0.5366975620300805 off 0.4564734654038425 __DUMMY__ 0.006828972566077246	false	1.0
banause	off 1.0		neg 0.5190152249774697 off 0.4743559385618589 __DUMMY__ 0.00662883646067147	false	0.5
rebell	neg 1.0		neg 0.5405351360622815 off 0.4526165135206493 __DUMMY__ 0.006848350417069233	false	1.0
unlogisch	neg 1.0		neg 0.5226186370948799 off 0.47064249413032905 __DUMMY__ 0.006738868774791121	false	1.0
leiden	neg 1.0		neg 0.534483195165124 off 0.4586330837436424 __DUMMY__ 0.006883721091233541	false	1.0
abschaffung	neg 1.0		neg 0.5307599882570626 off 0.4624307617926559 __DUMMY__ 0.0068092499502815165	false	1.0
sturz	neg 1.0		neg 0.5318835554529531 off 0.4613165327036546 __DUMMY__ 0.006799911843392434	false	1.0
verkleinerung	neg 1.0		neg 0.5296912831328692 off 0.46354964796279635 __DUMMY__ 0.006759068904334422	false	1.0
schmarotzer	off 1.0		neg 0.5337031385475388 off 0.45948876166598945 __DUMMY__ 0.0068080997864717035	false	0.5
bestrafung	neg 1.0		neg 0.5303524477055838 off 0.46284991826584715 __DUMMY__ 0.006797634028569136	false	1.0
achtlos	neg 1.0	neg 1.0	neg 0.7517022316392654 off 0.24505716606806352 __DUMMY__ 0.0032406022926710666	false	1.0
ungeheuer	neg 1.0		neg 0.5283356645857898 off 0.46486917572015246 __DUMMY__ 0.006795159694057664	false	1.0
