unsolidarisch	neg 1.0		neg 0.5152158228799034 off 0.4450025812432087 __DUMMY__ 0.0397815958768878	false	1.0
nachteilig	neg 1.0		neg 0.5173331135065163 off 0.44251076806875156 __DUMMY__ 0.04015611842473211	false	1.0
skeptisch	neg 1.0		neg 0.5180357009357274 off 0.44179423615855246 __DUMMY__ 0.04017006290572019	false	1.0
schrecklich	neg 1.0		neg 0.5028836348858604 off 0.45750699417871926 __DUMMY__ 0.03960937093542044	false	1.0
schlapp	neg 1.0		neg 0.5067147747190973 off 0.453494788333442 __DUMMY__ 0.03979043694746091	false	1.0
abfall	neg 1.0		neg 0.5208204314611076 off 0.43878715657361406 __DUMMY__ 0.040392411965278346	false	1.0
widerspenstig	neg 1.0		neg 0.5126286040476837 off 0.44741037091640223 __DUMMY__ 0.03996102503591413	false	1.0
abrupt	neg 1.0		neg 0.5169579523592742 off 0.44287060120046423 __DUMMY__ 0.04017144644026148	false	1.0
unwirksam	neg 1.0		neg 0.5157040838005743 off 0.4445772967847169 __DUMMY__ 0.03971861941470889	false	1.0
angreifen	neg 1.0		neg 0.5195860309680052 off 0.4403731312731144 __DUMMY__ 0.04004083775888044	false	1.0
inkonsistent	neg 1.0		neg 0.5146928968634883 off 0.4456403735641376 __DUMMY__ 0.03966672957237408	false	1.0
abrutschen	neg 1.0		neg 0.5212551906775815 off 0.43846249539972415 __DUMMY__ 0.0402823139226945	false	1.0
unsicher	neg 1.0		neg 0.5111258463002805 off 0.44871794528893555 __DUMMY__ 0.04015620841078401	false	1.0
bauernkind	off 1.0	off 1.0	off 0.7105776066908978 neg 0.2710053983614607 __DUMMY__ 0.018416994947641527	false	1.0
angreifer	neg 1.0	neg 1.0	neg 0.7423710193229335 off 0.23868135934376247 __DUMMY__ 0.018947621333304056	false	1.0
trennen	neg 1.0		neg 0.5169943864344003 off 0.44268555406689236 __DUMMY__ 0.040320059498707365	false	1.0
schmutz	neg 1.0		neg 0.510686707771839 off 0.4493252152492278 __DUMMY__ 0.039988076978933224	false	1.0
inkonsistenz	neg 1.0		neg 0.5102197750419352 off 0.45031105374521746 __DUMMY__ 0.03946917121284723	false	1.0
erschreckend	neg 1.0		neg 0.5143476226489632 off 0.44570771981052276 __DUMMY__ 0.039944657540514114	false	1.0
ertrinken	neg 1.0		neg 0.5196790464606251 off 0.44034416386786135 __DUMMY__ 0.039976789671513545	false	1.0
pickelface	off 1.0		neg 0.514345105849404 off 0.44567431265725777 __DUMMY__ 0.03998058149333834	false	0.5
seiner			neg 0.5177677428696231 off 0.44207551922833543 __DUMMY__ 0.040156737902041384	false	0.0
lauch	neg 1.0		neg 0.5207795457650605 off 0.4389528711203965 __DUMMY__ 0.040267583114543065	false	1.0
unwichtig	neg 1.0		neg 0.5082044938732209 off 0.45207795997849887 __DUMMY__ 0.039717546148280235	false	1.0
steuerhinterziehung	neg 1.0	neg 1.0	neg 0.7452490845192128 off 0.23576917809166195 __DUMMY__ 0.018981737389125185	false	1.0
schock	neg 1.0		neg 0.5143893599697665 off 0.44563931280058683 __DUMMY__ 0.039971327229646546	false	1.0
beule	neg 1.0		neg 0.5078619001153803 off 0.45258528642770307 __DUMMY__ 0.039552813456916525	false	1.0
vergelten	neg 1.0		neg 0.5027560997205505 off 0.4574317498792468 __DUMMY__ 0.03981215040020266	false	1.0
verdorbenheit	neg 1.0		neg 0.5107064517405584 off 0.44919035373102323 __DUMMY__ 0.04010319452841842	false	1.0
trauma	neg 1.0		neg 0.5122964005793077 off 0.4477953498130203 __DUMMY__ 0.0399082496076719	false	1.0
sinnlos	neg 1.0		neg 0.5101716460823429 off 0.44990706348712983 __DUMMY__ 0.039921290430527244	false	1.0
fettsack	off 1.0	off 1.0	off 0.7120307627693001 neg 0.2694808526249751 __DUMMY__ 0.01848838460572482	false	1.0
feige	off 1.0	off 1.0	off 0.7098996394824482 neg 0.2713560755377465 __DUMMY__ 0.018744284979805237	false	1.0
abdanken	neg 1.0		neg 0.5146759034357461 off 0.4454027419342075 __DUMMY__ 0.039921354630046486	false	1.0
wichtigtuer	off 1.0	off 1.0	off 0.7091842742234046 neg 0.27194036829558393 __DUMMY__ 0.018875357481011486	false	1.0
misslingen	neg 1.0		neg 0.5082783059033874 off 0.45136225343471537 __DUMMY__ 0.040359440661897235	false	1.0
untreu	off 1.0		neg 0.5074228086911878 off 0.4528548052333671 __DUMMY__ 0.039722386075445086	false	0.5
missmutig	neg 1.0		neg 0.508153494999195 off 0.4520858905260995 __DUMMY__ 0.03976061447470546	false	1.0
hurenbock	off 1.0		neg 0.5119669160977558 off 0.44822261087974 __DUMMY__ 0.03981047302250404	false	0.5
betrunken	neg 1.0		neg 0.5052478344757952 off 0.45505532046318237 __DUMMY__ 0.03969684506102245	false	1.0
korrupt	off 1.0		neg 0.5180707713190297 off 0.4421043502330089 __DUMMY__ 0.03982487844796131	false	0.5
unmut	neg 1.0		neg 0.5207321433811224 off 0.4389440254064885 __DUMMY__ 0.04032383121238917	false	1.0
hackfresse	off 1.0		neg 0.5007093704696951 off 0.4599798460722525 __DUMMY__ 0.039310783458052306	false	0.5
aufblasen	neg 1.0		neg 0.510214089516702 off 0.4498163994268772 __DUMMY__ 0.03996951105642076	false	1.0
gewaltsam	neg 1.0		neg 0.5163856169750821 off 0.4437371334703496 __DUMMY__ 0.03987724955456824	false	1.0
unbeliebtheit	neg 1.0		neg 0.5115648083138616 off 0.44889912713171537 __DUMMY__ 0.039536064554423093	false	1.0
sturheit	neg 1.0		neg 0.5157717835878968 off 0.44432730184253 __DUMMY__ 0.0399009145695732	false	1.0
kuh	neg 1.0		neg 0.5146462743865281 off 0.4459161746154405 __DUMMY__ 0.039437550998031486	false	1.0
erschrecken	neg 1.0		neg 0.5074404041508521 off 0.4526869844122672 __DUMMY__ 0.0398726114368806	false	1.0
opfer	neg 1.0		neg 0.5169255875173084 off 0.44298492126045524 __DUMMY__ 0.04008949122223639	false	1.0
sinken	neg 1.0		neg 0.5202036847461475 off 0.4395062377872068 __DUMMY__ 0.040290077466645584	false	1.0
stinktier	neg 1.0		neg 0.5086251839844272 off 0.4524186896575917 __DUMMY__ 0.03895612635798108	false	1.0
tucke	off 1.0		neg 0.5023914369798161 off 0.45861421103064653 __DUMMY__ 0.03899435198953715	false	0.5
ein			neg 0.5118652095334152 off 0.44821747651171046 __DUMMY__ 0.03991731395487443	false	0.0
abstieg	neg 1.0		neg 0.5188925567221937 off 0.4410503997721674 __DUMMY__ 0.040057043505638865	false	1.0
missverstehen	neg 1.0		neg 0.5106151008306352 off 0.44963001905138966 __DUMMY__ 0.03975488011797513	false	1.0
ergebnislos	neg 1.0		neg 0.5185856205163856 off 0.4412828932546379 __DUMMY__ 0.04013148622897668	false	1.0
unter			neg 0.5235242700857632 off 0.4357553484678062 __DUMMY__ 0.04072038144643066	false	0.0
manipulieren	neg 1.0		neg 0.5181433192278287 off 0.4416361795264524 __DUMMY__ 0.040220501245718736	false	1.0
unbewiesen	neg 1.0		neg 0.5161095781954302 off 0.44418989024356853 __DUMMY__ 0.039700531561001166	false	1.0
verschleppen	neg 1.0		neg 0.5183380852759105 off 0.4417424221946867 __DUMMY__ 0.039919492529402766	false	1.0
weib	off 1.0		neg 0.5047677920966711 off 0.45639738688604503 __DUMMY__ 0.03883482101728373	false	0.5
opposition	neg 1.0		neg 0.513129585640818 off 0.44713932366707715 __DUMMY__ 0.03973109069210496	false	1.0
verkehrswidrig	neg 1.0		neg 0.5015388630741543 off 0.4586865497997135 __DUMMY__ 0.039774587126132244	false	1.0
inkorrekt	neg 1.0		neg 0.5056970315624949 off 0.4548562929081514 __DUMMY__ 0.0394466755293539	false	1.0
vermeiden	neg 1.0	neg 1.0	neg 0.7468336486872514 off 0.23383929923990246 __DUMMY__ 0.019327052072846188	false	1.0
abweichung	neg 1.0	neg 1.0	neg 0.7437858563909735 off 0.23702882135759332 __DUMMY__ 0.01918532225143312	false	1.0
alkoholisiert	neg 1.0		neg 0.5171592738782755 off 0.44265630917764287 __DUMMY__ 0.04018441694408172	false	1.0
scheiss	off 1.0	off 1.0	off 0.7106165716827227 neg 0.27061441192879343 __DUMMY__ 0.018769016388483814	false	1.0
herausforderung	neg 1.0		neg 0.5165627148512617 off 0.4431276697333054 __DUMMY__ 0.040309615415432876	false	1.0
pervers	off 1.0		neg 0.49879758319472867 off 0.4621806665335748 __DUMMY__ 0.039021750271696624	false	0.5
wackelig	neg 1.0		neg 0.511750162353646 off 0.44789234176610415 __DUMMY__ 0.04035749588024979	false	1.0
verwickeln	neg 1.0		neg 0.5109896021003165 off 0.44921398423462566 __DUMMY__ 0.039796413665057866	false	1.0
vorwand	neg 1.0		neg 0.5191667727184303 off 0.44069497372297917 __DUMMY__ 0.040138253558590666	false	1.0
muschi	off 1.0		neg 0.5140925323093631 off 0.44592213412108644 __DUMMY__ 0.03998533356955047	false	0.5
entmutigung	neg 1.0		neg 0.51272548427816 off 0.44743521633656785 __DUMMY__ 0.039839299385272246	false	1.0
unangemessen	neg 1.0		neg 0.5159946995463073 off 0.44410485396895016 __DUMMY__ 0.03990044648474257	false	1.0
unstetig	neg 1.0		neg 0.5103753964472587 off 0.44978635613346507 __DUMMY__ 0.03983824741927611	false	1.0
entmutigen	neg 1.0		neg 0.5117259436835253 off 0.448323716815394 __DUMMY__ 0.03995033950108069	false	1.0
schwanz	neg 1.0		neg 0.5171112823793241 off 0.4428480138680353 __DUMMY__ 0.04004070375264063	false	1.0
verbot	neg 1.0		neg 0.5170335474958442 off 0.44297662931661447 __DUMMY__ 0.03998982318754129	false	1.0
leid	neg 1.0		neg 0.5026112261654743 off 0.4579861728339007 __DUMMY__ 0.039402601000625155	false	1.0
archaisch	neg 1.0		neg 0.5154440513639169 off 0.4446286042831497 __DUMMY__ 0.03992734435293357	false	1.0
gegen			neg 0.5205296688058328 off 0.4392119882872994 __DUMMY__ 0.04025834290686783	false	0.0
scheidung	neg 1.0		neg 0.4912422140988408 off 0.4695689950971653 __DUMMY__ 0.039188790803993796	false	1.0
einschlag	neg 1.0		neg 0.5048049040075308 off 0.4555854893572919 __DUMMY__ 0.03960960663517737	false	1.0
m			neg 0.5144697497961219 off 0.445375287879398 __DUMMY__ 0.04015496232448025	false	0.0
abgestanden	neg 1.0		neg 0.5141574721204428 off 0.4461001080685981 __DUMMY__ 0.03974241981095905	false	1.0
schmierig	off 1.0		neg 0.5026812219608805 off 0.4578129376971573 __DUMMY__ 0.0395058403419623	false	0.5
unpraktisch	neg 1.0		neg 0.5108169519961476 off 0.4492435304040995 __DUMMY__ 0.039939517599752755	false	1.0
wixxer	off 1.0		neg 0.5002562619103703 off 0.4608873712016713 __DUMMY__ 0.0388563668879583	false	0.5
bezeichnet			neg 0.5149015430185829 off 0.44532667259125236 __DUMMY__ 0.039771784390164676	false	0.0
jammerlappen	off 1.0		neg 0.5067773272260704 off 0.45336840510965437 __DUMMY__ 0.039854267664275314	false	0.5
farce	neg 1.0		neg 0.516841223619457 off 0.44329322439569946 __DUMMY__ 0.039865551984843664	false	1.0
zwecklos	neg 1.0		neg 0.5162019755151264 off 0.44386398771997926 __DUMMY__ 0.039934036764894286	false	1.0
turbulent	neg 1.0		neg 0.5085925747485863 off 0.4519370686948496 __DUMMY__ 0.039470356556563974	false	1.0
invasion	neg 1.0		neg 0.5110907424235551 off 0.4490470132759597 __DUMMY__ 0.03986224430048506	false	1.0
schuld	neg 1.0		neg 0.5126549501323457 off 0.44750739414856133 __DUMMY__ 0.039837655719092986	false	1.0
risiko	neg 1.0	neg 1.0	neg 0.7417673673032734 off 0.23917897357523235 __DUMMY__ 0.019053659121494263	false	1.0
finster	neg 1.0		neg 0.5131446216002346 off 0.4471180166451061 __DUMMY__ 0.03973736175465947	false	1.0
geisteskrank	off 1.0		neg 0.5080702363573419 off 0.45245752798675687 __DUMMY__ 0.03947223565590123	false	0.5
zusammenbrechen	neg 1.0		neg 0.5145181341546208 off 0.4454046012076242 __DUMMY__ 0.04007726463775512	false	1.0
ausbeute	neg 1.0		neg 0.5106350108212208 off 0.4486929687519128 __DUMMY__ 0.04067202042686644	false	1.0
hinterhalt	neg 1.0		neg 0.5143899721648044 off 0.44550915182906187 __DUMMY__ 0.040100876006133726	false	1.0
kritik	neg 1.0		neg 0.5172773303083313 off 0.4428707862371001 __DUMMY__ 0.039851883454568596	false	1.0
einschrumpfen	neg 1.0		neg 0.5110587832859671 off 0.44935323010158007 __DUMMY__ 0.03958798661245278	false	1.0
riskant	neg 1.0		neg 0.5187457845684375 off 0.4412277621504938 __DUMMY__ 0.04002645328106877	false	1.0
frustrieren	neg 1.0		neg 0.5170237628471758 off 0.4429136813627473 __DUMMY__ 0.04006255579007683	false	1.0
groll	neg 1.0		neg 0.516821342584691 off 0.44323858073411315 __DUMMY__ 0.03994007668119586	false	1.0
gibt			neg 0.5138429821738288 off 0.44602517126339736 __DUMMY__ 0.040131846562773875	false	0.0
qualvoll	neg 1.0		neg 0.5103566518153236 off 0.44986340066619607 __DUMMY__ 0.03977994751848031	false	1.0
wackeln	neg 1.0		neg 0.5106958588191391 off 0.44923658787180354 __DUMMY__ 0.04006755330905732	false	1.0
klagen	neg 1.0		neg 0.5204591028473333 off 0.4392976538845292 __DUMMY__ 0.04024324326813764	false	1.0
bankrott	neg 1.0		neg 0.5075607429322897 off 0.45256869309062264 __DUMMY__ 0.039870563977087645	false	1.0
trauern	neg 1.0		neg 0.5171676278075442 off 0.4426961950465858 __DUMMY__ 0.04013617714587011	false	1.0
ablehnung	neg 1.0		neg 0.5171443135197612 off 0.44295474746020214 __DUMMY__ 0.03990093902003688	false	1.0
stur	neg 1.0		neg 0.5121691887682698 off 0.4479749084075413 __DUMMY__ 0.039855902824189104	false	1.0
aufruhr	neg 1.0	neg 1.0	neg 0.7440486563169161 off 0.23696020612654412 __DUMMY__ 0.018991137556539826	false	1.0
melancholie	neg 1.0		neg 0.5165912280584906 off 0.4433608699923217 __DUMMY__ 0.04004790194918769	false	1.0
ist			neg 0.5103751296763406 off 0.4496905012155149 __DUMMY__ 0.03993436910814453	false	0.0
torheit	neg 1.0		neg 0.5126348539436212 off 0.4474068789373643 __DUMMY__ 0.03995826711901463	false	1.0
dreckskind	off 1.0		neg 0.50474865336193 off 0.45617739428043463 __DUMMY__ 0.03907395235763546	false	0.5
umtauschen	neg 1.0		neg 0.5128944531015772 off 0.44710396300783767 __DUMMY__ 0.04000158389058502	false	1.0
zum			neg 0.5184502739272308 off 0.44080230264369075 __DUMMY__ 0.040747423429078534	false	0.0
zersetzen	neg 1.0		neg 0.519955603103244 off 0.4400213927560411 __DUMMY__ 0.0400230041407151	false	1.0
zur			neg 0.5216386425771311 off 0.4378164597180647 __DUMMY__ 0.04054489770480424	false	0.0
frust	neg 1.0		neg 0.514221370943662 off 0.4456680990189769 __DUMMY__ 0.040110530037361126	false	1.0
unerbittlichkeit	neg 1.0		neg 0.5194565174289351 off 0.44046476626549513 __DUMMY__ 0.0400787163055698	false	1.0
zwei			neg 0.5183538972105544 off 0.44104108409551007 __DUMMY__ 0.040605018693935575	false	0.0
unkorrekt	neg 1.0		neg 0.5040301240472054 off 0.4563203872426754 __DUMMY__ 0.039649488710119175	false	1.0
hexe	off 1.0		neg 0.5121747767849321 off 0.4485276440045733 __DUMMY__ 0.03929757921049463	false	0.5
lasch	neg 1.0		neg 0.510180412849578 off 0.450152325679866 __DUMMY__ 0.03966726147055596	false	1.0
rivale	neg 1.0		neg 0.5064193059258336 off 0.4540242969389225 __DUMMY__ 0.03955639713524383	false	1.0
mutlos	off 1.0	off 1.0	off 0.7047489402162019 neg 0.2762586720113038 __DUMMY__ 0.01899238777249443	false	1.0
wirr	off 1.0		neg 0.5057971240853121 off 0.4548299191031869 __DUMMY__ 0.039372956811501034	false	0.5
jahr			neg 0.5129691852286321 off 0.4462670639559717 __DUMMY__ 0.04076375081539631	false	0.0
wird			neg 0.5156086543385955 off 0.4442737076417011 __DUMMY__ 0.04011763801970332	false	0.0
strafbar	neg 1.0		neg 0.5169560461781361 off 0.4429153386330708 __DUMMY__ 0.04012861518879297	false	1.0
erosion	neg 1.0		neg 0.5115327229345542 off 0.4483660977465982 __DUMMY__ 0.040101179318847636	false	1.0
eingehen	neg 1.0		neg 0.5174957225725245 off 0.44245477979551956 __DUMMY__ 0.04004949763195594	false	1.0
faul	off 1.0		neg 0.5078791754461017 off 0.45228559053039435 __DUMMY__ 0.039835234023503786	false	0.5
provisorium	neg 1.0		neg 0.5207649442554513 off 0.4383410359502683 __DUMMY__ 0.04089401979428045	false	1.0
schmerzen	neg 1.0		neg 0.5151127174564333 off 0.4450036689549606 __DUMMY__ 0.039883613588606155	false	1.0
schrumpfen	neg 1.0		neg 0.5238577379444238 off 0.4358628391204069 __DUMMY__ 0.040279422935169215	false	1.0
geistlos	off 1.0		neg 0.5131419200081473 off 0.44729791651449863 __DUMMY__ 0.039560163477354214	false	0.5
fehlkauf	neg 1.0		neg 0.511703775364854 off 0.4484577597519888 __DUMMY__ 0.039838464883157225	false	1.0
frustrierend	neg 1.0		neg 0.5083478057708563 off 0.45181070914755717 __DUMMY__ 0.03984148508158666	false	1.0
unzufrieden	neg 1.0		neg 0.5160120137722537 off 0.44399475617633555 __DUMMY__ 0.03999323005141064	false	1.0
verzweifeln	neg 1.0		neg 0.5138268067766081 off 0.44615419624268043 __DUMMY__ 0.04001899698071144	false	1.0
verzweifelt	neg 1.0	neg 1.0	neg 0.7432716620543977 off 0.23785605846362898 __DUMMY__ 0.0188722794819734	false	1.0
misstrauensantrag	neg 1.0		neg 0.5112366939696417 off 0.4489396590558721 __DUMMY__ 0.03982364697448626	false	1.0
abfallen	neg 1.0		neg 0.510559059489141 off 0.44937798581169913 __DUMMY__ 0.040062954699159804	false	1.0
fucker	off 1.0		neg 0.5050159269029448 off 0.4553515348655874 __DUMMY__ 0.03963253823146782	false	0.5
ungezogen	neg 1.0		neg 0.4987678823557932 off 0.4620858422408154 __DUMMY__ 0.03914627540339135	false	1.0
irrsinnig	neg 1.0	neg 1.0	neg 0.7429502351047119 off 0.2381438756869405 __DUMMY__ 0.018905889208347584	false	1.0
unfassbar	neg 1.0		neg 0.505697960619399 off 0.4545120843003039 __DUMMY__ 0.039789955080297056	false	1.0
hart	neg 1.0		neg 0.5094666179883415 off 0.45102636467996277 __DUMMY__ 0.03950701733169583	false	1.0
widerlich	off 1.0		neg 0.5069391939552134 off 0.4534818912530007 __DUMMY__ 0.039578914791785984	false	0.5
fatal	neg 1.0		neg 0.5109629675862083 off 0.44920013913571655 __DUMMY__ 0.03983689327807509	false	1.0
bruch	neg 1.0		neg 0.5198366712685025 off 0.4399070160839492 __DUMMY__ 0.04025631264754844	false	1.0
aushungern	neg 1.0		neg 0.5153841422821248 off 0.4445848833971971 __DUMMY__ 0.0400309743206781	false	1.0
anspannung	neg 1.0		neg 0.5210947277456305 off 0.43840073286764747 __DUMMY__ 0.04050453938672214	false	1.0
von			neg 0.5119163032729713 off 0.4472167107218151 __DUMMY__ 0.04086698600521346	false	0.0
kraftlos	neg 1.0		neg 0.5149247773080802 off 0.4449640038685594 __DUMMY__ 0.04011121882336031	false	1.0
vom			neg 0.5199447072747911 off 0.43914459617432605 __DUMMY__ 0.04091069655088274	false	0.0
grenzdebil	off 1.0		neg 0.505429259891111 off 0.45480345017934587 __DUMMY__ 0.03976728992954317	false	0.5
vor			neg 0.5176255174570699 off 0.44199649938416824 __DUMMY__ 0.04037798315876194	false	0.0
unterwerfen	neg 1.0		neg 0.5173778528526535 off 0.4425705972935135 __DUMMY__ 0.040051549853833156	false	1.0
versenkung	neg 1.0		neg 0.5151044218644316 off 0.4446371915653872 __DUMMY__ 0.040258386570181194	false	1.0
entziehen	neg 1.0		neg 0.5199061028367049 off 0.439867932932181 __DUMMY__ 0.04022596423111402	false	1.0
finanzkrise	neg 1.0		neg 0.5173809254515465 off 0.4429018465519664 __DUMMY__ 0.0397172279964872	false	1.0
schimpfend	neg 1.0		neg 0.5113430435182649 off 0.4488291955414009 __DUMMY__ 0.03982776094033432	false	1.0
profan	neg 1.0		neg 0.5104999894452935 off 0.44969777115953546 __DUMMY__ 0.039802239395170885	false	1.0
korruption	neg 1.0		neg 0.517648920215789 off 0.4423882434361239 __DUMMY__ 0.039962836348087026	false	1.0
â			neg 0.5151027653904283 off 0.4447249406282352 __DUMMY__ 0.040172293981336454	false	0.0
schmutzig	neg 1.0		neg 0.5048327578775176 off 0.4554006388384375 __DUMMY__ 0.0397666032840449	false	1.0
sexy	neg 1.0		neg 0.5086428304880327 off 0.45148878154773625 __DUMMY__ 0.039868387964231033	false	1.0
abraten	neg 1.0		neg 0.5095373360178697 off 0.4504771456773697 __DUMMY__ 0.039985518304760694	false	1.0
schwarz	neg 1.0		neg 0.5117464222474666 off 0.44839547798205737 __DUMMY__ 0.039858099770476	false	1.0
fotze	off 1.0	off 1.0	off 0.7066177933766635 neg 0.27433967447467916 __DUMMY__ 0.019042532148657313	false	1.0
verwirren	neg 1.0		neg 0.5093370455177468 off 0.45080741550156433 __DUMMY__ 0.039855538980688845	false	1.0
zahnlos	off 1.0		neg 0.5151826327009589 off 0.44485031886027565 __DUMMY__ 0.03996704843876534	false	0.5
verheeren	neg 1.0		neg 0.49773670615459464 off 0.4631667060586016 __DUMMY__ 0.039096587786803735	false	1.0
hippie	neg 1.0		neg 0.5094193820094043 off 0.45073342567427316 __DUMMY__ 0.03984719231632237	false	1.0
rammen	neg 1.0		neg 0.5156627396671571 off 0.4448383582834738 __DUMMY__ 0.039498902049369025	false	1.0
unlauter	neg 1.0		neg 0.5134818417641634 off 0.4467474080593937 __DUMMY__ 0.039770750176442826	false	1.0
unheilvoll	neg 1.0		neg 0.5121850324486464 off 0.4480385230714545 __DUMMY__ 0.03977644447989921	false	1.0
niedrig	neg 1.0		neg 0.5197570471315488 off 0.44027999233640114 __DUMMY__ 0.03996296053205012	false	1.0
explosion	neg 1.0		neg 0.509372383264526 off 0.45072099635882373 __DUMMY__ 0.03990662037665032	false	1.0
weichei	off 1.0	off 1.0	off 0.7136441257725818 neg 0.2677234102601169 __DUMMY__ 0.018632463967301297	false	1.0
minusmensch	off 1.0		neg 0.5047275552579581 off 0.456483799710195 __DUMMY__ 0.038788645031846876	false	0.5
farblos	neg 1.0		neg 0.5150121558924191 off 0.44516059041404443 __DUMMY__ 0.039827253693536534	false	1.0
unwissend	neg 1.0	neg 1.0	neg 0.7403473775325298 off 0.2408002664904123 __DUMMY__ 0.018852355977057814	false	1.0
traurig	neg 1.0		neg 0.5032448819818999 off 0.45707357431607853 __DUMMY__ 0.03968154370202157	false	1.0
senkung	neg 1.0		neg 0.5118082715092034 off 0.44850883751555465 __DUMMY__ 0.039682890975242	false	1.0
ungleich	neg 1.0	neg 1.0	neg 0.7457579180887685 off 0.2351653925851259 __DUMMY__ 0.0190766893261057	false	1.0
heikel	neg 1.0		neg 0.5180107282617913 off 0.4418971479853045 __DUMMY__ 0.04009212375290435	false	1.0
drosselung	neg 1.0		neg 0.5075804406785668 off 0.45283196122166663 __DUMMY__ 0.03958759809976666	false	1.0
falsch	neg 1.0		neg 0.5082365614280698 off 0.45194789472420255 __DUMMY__ 0.03981554384772763	false	1.0
unzufriedenheit	neg 1.0		neg 0.5196111097045572 off 0.4402318781805567 __DUMMY__ 0.0401570121148861	false	1.0
kurz	neg 1.0		neg 0.511641458438968 off 0.44806547148602177 __DUMMY__ 0.0402930700750103	false	1.0
unsinnig	neg 1.0		neg 0.5148193922479519 off 0.4452182857228266 __DUMMY__ 0.03996232202922149	false	1.0
penner	off 1.0	off 1.0	off 0.7146034912396634 neg 0.2667823667119651 __DUMMY__ 0.018614142048371488	false	1.0
seicht	neg 1.0		neg 0.49939539203534816 off 0.46144847852390564 __DUMMY__ 0.03915612944074616	false	1.0
dummheit	off 1.0	off 1.0	off 0.7086584649937221 neg 0.27254229236478805 __DUMMY__ 0.018799242641489907	false	1.0
unerfreulich	neg 1.0		neg 0.5174871549846486 off 0.4422598813068299 __DUMMY__ 0.040252963708521404	false	1.0
motherfucker	off 1.0	off 1.0	off 0.7116875600653203 neg 0.2695289347236239 __DUMMY__ 0.0187835052110558	false	1.0
pikiert	neg 1.0		neg 0.5083805120043197 off 0.4520624523548413 __DUMMY__ 0.03955703564083915	false	1.0
wrack	neg 1.0		neg 0.51684366485572 off 0.4432334075489102 __DUMMY__ 0.039922927595369834	false	1.0
gangster	neg 1.0		neg 0.5093934676318274 off 0.450766660214332 __DUMMY__ 0.03983987215384061	false	1.0
krank	neg 1.0		neg 0.5046769685428455 off 0.4554927361729552 __DUMMY__ 0.039830295284199374	false	1.0
reich	neg 1.0		neg 0.5078329474905577 off 0.45244335218672865 __DUMMY__ 0.03972370032271359	false	1.0
gnadenlos	neg 1.0		neg 0.512495721519802 off 0.4476575210183874 __DUMMY__ 0.039846757461810454	false	1.0
niedergeschlagen	neg 1.0		neg 0.5143459149482367 off 0.44562198655123075 __DUMMY__ 0.040032098500532534	false	1.0
terrorisieren	off 1.0	off 1.0	off 0.7056880350336645 neg 0.27523852431496204 __DUMMY__ 0.0190734406513735	false	1.0
sinnlosigkeit	neg 1.0		neg 0.5155731473379833 off 0.4444300258033363 __DUMMY__ 0.039996826858680536	false	1.0
behindern	neg 1.0		neg 0.5139300395168274 off 0.4460907015840466 __DUMMY__ 0.03997925889912607	false	1.0
undemokratisch	neg 1.0		neg 0.5125477647530219 off 0.4475678922819095 __DUMMY__ 0.03988434296506867	false	1.0
wirtschaftskrise	neg 1.0		neg 0.5190448735454225 off 0.44109610612603595 __DUMMY__ 0.03985902032854148	false	1.0
neid	neg 1.0		neg 0.5066458233304709 off 0.45336892800764966 __DUMMY__ 0.03998524866187958	false	1.0
rutschen	neg 1.0		neg 0.5182762158597614 off 0.4410943822101306 __DUMMY__ 0.040629401930108076	false	1.0
rezession	neg 1.0		neg 0.5085905722868604 off 0.4522746952608049 __DUMMY__ 0.03913473245233464	false	1.0
fehlgeburt	neg 1.0		neg 0.5113240440724898 off 0.44880436347806224 __DUMMY__ 0.039871592449448115	false	1.0
charakterschwach	off 1.0		neg 0.5072257349595489 off 0.4531921109251578 __DUMMY__ 0.039582154115293304	false	0.5
isolation	neg 1.0		neg 0.5086761817167409 off 0.4514737386433264 __DUMMY__ 0.03985007963993287	false	1.0
ablenkung	neg 1.0		neg 0.5111272695219675 off 0.44875341926387413 __DUMMY__ 0.04011931121415847	false	1.0
pech	neg 1.0		neg 0.5082107189851442 off 0.4519330293180247 __DUMMY__ 0.039856251696830984	false	1.0
vermeidung	neg 1.0		neg 0.506962366945465 off 0.45340858958594443 __DUMMY__ 0.039629043468590384	false	1.0
dominieren	neg 1.0		neg 0.5174143637563082 off 0.442505298877542 __DUMMY__ 0.040080337366149785	false	1.0
schwindlig	neg 1.0		neg 0.5097028318548253 off 0.4503554673126122 __DUMMY__ 0.03994170083256241	false	1.0
lutscher	neg 1.0	neg 1.0	neg 0.7358142053407607 off 0.24565425091105775 __DUMMY__ 0.018531543748181563	false	1.0
pflicht	neg 1.0		neg 0.5192128750484792 off 0.4406417180927024 __DUMMY__ 0.040145406858818365	false	1.0
faschist	off 1.0		neg 0.5096835401487653 off 0.4505042238841678 __DUMMY__ 0.03981223596706695	false	0.5
verschleudern	neg 1.0		neg 0.5179411227416658 off 0.4419418210720539 __DUMMY__ 0.04011705618628038	false	1.0
wenn			neg 0.5082144135128727 off 0.4519816414314961 __DUMMY__ 0.03980394505563107	false	0.0
ehebruch	neg 1.0		neg 0.5172797168747985 off 0.44271615094302574 __DUMMY__ 0.04000413218217577	false	1.0
spott	off 1.0		neg 0.517539712476677 off 0.4424196245619615 __DUMMY__ 0.0400406629613614	false	0.5
trostlosigkeit	neg 1.0		neg 0.5202056703347797 off 0.43965182820462956 __DUMMY__ 0.040142501460590695	false	1.0
lutschen	neg 1.0		neg 0.5115419776743593 off 0.4488798723986453 __DUMMY__ 0.03957814992699543	false	1.0
undiszipliniert	neg 1.0		neg 0.504630457726502 off 0.45575132461806067 __DUMMY__ 0.03961821765543745	false	1.0
kopfschmerz	neg 1.0		neg 0.5174531798810219 off 0.44273633185793915 __DUMMY__ 0.039810488261038994	false	1.0
unvorhergesehen	neg 1.0		neg 0.5152624482454693 off 0.4443446955341633 __DUMMY__ 0.04039285622036733	false	1.0
desinteressiert	neg 1.0	neg 1.0	neg 0.7392230709636793 off 0.24198916421069122 __DUMMY__ 0.01878776482562938	false	1.0
armselig	off 1.0		neg 0.5052502020179145 off 0.4552797282593479 __DUMMY__ 0.03947006972273757	false	0.5
desaster	neg 1.0		neg 0.5205254099211766 off 0.43920260120756777 __DUMMY__ 0.04027198887125562	false	1.0
tod	neg 1.0		neg 0.5171165302746071 off 0.44288461605591783 __DUMMY__ 0.03999885366947508	false	1.0
herzlos	neg 1.0		neg 0.504444841755048 off 0.4560004194325991 __DUMMY__ 0.03955473881235286	false	1.0
unwissenheit	neg 1.0		neg 0.5165138543860129 off 0.44353083426043705 __DUMMY__ 0.03995531135354994	false	1.0
widersinnig	neg 1.0		neg 0.5173931615372226 off 0.4427513247124988 __DUMMY__ 0.03985551375027867	false	1.0
bedenklich	neg 1.0		neg 0.5169865783258681 off 0.44298371540380255 __DUMMY__ 0.040029706270329445	false	1.0
beanstanden	neg 1.0		neg 0.5188110094767872 off 0.4409598614150481 __DUMMY__ 0.040229129108164605	false	1.0
panisch	neg 1.0	neg 1.0	neg 0.7405563300792704 off 0.24039576826605352 __DUMMY__ 0.01904790165467604	false	1.0
debil	off 1.0		neg 0.5236508790030935 off 0.4358287577686392 __DUMMY__ 0.04052036322826727	false	0.5
abstrich	neg 1.0		neg 0.511753833308005 off 0.44803448683446134 __DUMMY__ 0.04021167985753372	false	1.0
primitiv	neg 1.0		neg 0.5065590123951549 off 0.4538545490633091 __DUMMY__ 0.03958643854153617	false	1.0
abschaum	off 1.0	off 1.0	off 0.7104427838377917 neg 0.2707595728794083 __DUMMY__ 0.018797643282800126	false	1.0
provozieren	neg 1.0		neg 0.5134028233564836 off 0.4468176724477258 __DUMMY__ 0.039779504195790585	false	1.0
tot	neg 1.0		neg 0.5164428642548639 off 0.44357190854328304 __DUMMY__ 0.03998522720185319	false	1.0
instabil	neg 1.0		neg 0.5059330727279137 off 0.4545793912151295 __DUMMY__ 0.03948753605695673	false	1.0
schwuchtel	off 1.0	off 1.0	off 0.7168428734836773 neg 0.26477949673452145 __DUMMY__ 0.01837762978180131	false	1.0
zerren	neg 1.0		neg 0.5150664403745603 off 0.44489231925343875 __DUMMY__ 0.04004124037200099	false	1.0
kinderficker	off 1.0		neg 0.5018799048143693 off 0.4586813747557077 __DUMMY__ 0.03943872042992311	false	0.5
gefahr	neg 1.0		neg 0.5189912729402323 off 0.44076370270648657 __DUMMY__ 0.040245024353281256	false	1.0
rabiat	neg 1.0		neg 0.5126902185849112 off 0.447340848095822 __DUMMY__ 0.039968933319266875	false	1.0
verlangsamung	neg 1.0		neg 0.503833143234184 off 0.4571315831938702 __DUMMY__ 0.03903527357194575	false	1.0
ausgestorben	neg 1.0		neg 0.5124469719665153 off 0.44751494865229036 __DUMMY__ 0.04003807938119435	false	1.0
anklagen	neg 1.0		neg 0.5174305786752048 off 0.4426131477918607 __DUMMY__ 0.03995627353293464	false	1.0
trott	neg 1.0		neg 0.5134540358432617 off 0.44656656038419446 __DUMMY__ 0.039979403772543956	false	1.0
verminderung	neg 1.0		neg 0.5060458024833419 off 0.45429963545148233 __DUMMY__ 0.039654562065175814	false	1.0
nach			neg 0.5193612633750168 off 0.4399448785570276 __DUMMY__ 0.04069385806795571	false	0.0
rost	neg 1.0		neg 0.5026731480531506 off 0.4580214013870397 __DUMMY__ 0.039305450559809677	false	1.0
destruktiv	neg 1.0		neg 0.5138961806606959 off 0.44620616575576294 __DUMMY__ 0.039897653583541214	false	1.0
unzumutbarkeit	neg 1.0		neg 0.5076727127626258 off 0.4526315541865208 __DUMMY__ 0.03969573305085339	false	1.0
labil	off 1.0	off 1.0	off 0.7101040484700794 neg 0.27106615398665435 __DUMMY__ 0.018829797543266323	false	1.0
ziemlich	neg 1.0		neg 0.505283807140074 off 0.45486791148171946 __DUMMY__ 0.03984828137820662	false	1.0
lachnummer	off 1.0		neg 0.5132594969447776 off 0.44686762109895745 __DUMMY__ 0.039872881956265094	false	0.5
oder			neg 0.5103458770713228 off 0.4495707459457473 __DUMMY__ 0.0400833769829298	false	0.0
verfall	neg 1.0		neg 0.5232439788272373 off 0.4364260423084219 __DUMMY__ 0.040329978864340685	false	1.0
ausgrenzung	neg 1.0		neg 0.5121154873739985 off 0.44804052967609864 __DUMMY__ 0.039843982949902955	false	1.0
unordnung	neg 1.0		neg 0.5039731954339005 off 0.45631556897620085 __DUMMY__ 0.03971123558989858	false	1.0
fehlverhalten	neg 1.0		neg 0.5197116352949852 off 0.4402737439304208 __DUMMY__ 0.04001462077459412	false	1.0
eine			neg 0.5168417545169283 off 0.4427960887671065 __DUMMY__ 0.04036215671596525	false	0.0
nille	neg 1.0		neg 0.5131920381519892 off 0.4467842310462087 __DUMMY__ 0.04002373080180215	false	1.0
qual	neg 1.0		neg 0.5137408812847627 off 0.44625169107983176 __DUMMY__ 0.04000742763540569	false	1.0
verschwenden	neg 1.0		neg 0.5180081081147876 off 0.44197802527511304 __DUMMY__ 0.040013866610099445	false	1.0
riesig	neg 1.0		neg 0.5166125725454344 off 0.4432912302464921 __DUMMY__ 0.04009619720807343	false	1.0
verurteilen	neg 1.0		neg 0.5174022916272296 off 0.44271232758191 __DUMMY__ 0.03988538079086033	false	1.0
klischee	neg 1.0	neg 1.0	neg 0.7414880113939697 off 0.239664870301307 __DUMMY__ 0.018847118304723433	false	1.0
diktatorisch	neg 1.0		neg 0.5132501290955176 off 0.44695359762359443 __DUMMY__ 0.03979627328088796	false	1.0
vorhersehbar	neg 1.0		neg 0.5106872067228335 off 0.4495999641639832 __DUMMY__ 0.03971282911318322	false	1.0
sowie			neg 0.5043573505240156 off 0.4563554467565109 __DUMMY__ 0.03928720271947348	false	0.0
stornieren	neg 1.0		neg 0.5064523291726114 off 0.45323369429413934 __DUMMY__ 0.04031397653324934	false	1.0
besteuerung	neg 1.0		neg 0.5158252785551144 off 0.4445762731524711 __DUMMY__ 0.03959844829241428	false	1.0
ungeschminkt	neg 1.0		neg 0.5101372665263413 off 0.450575784173991 __DUMMY__ 0.03928694929966789	false	1.0
kritisch	neg 1.0		neg 0.5168337469564139 off 0.44308217556480295 __DUMMY__ 0.040084077478783155	false	1.0
schlamperei	off 1.0		neg 0.5179277488141909 off 0.4418991230954739 __DUMMY__ 0.040173128090335124	false	0.5
sucht	neg 1.0	neg 1.0	neg 0.7411416955251171 off 0.2397163360352688 __DUMMY__ 0.019141968439614097	false	1.0
egoistisch	off 1.0		neg 0.5025263636320279 off 0.45813633782936947 __DUMMY__ 0.03933729853860271	false	0.5
ausbeuter	off 1.0		neg 0.5202057108412171 off 0.4398294250773235 __DUMMY__ 0.03996486408145929	false	0.5
arschgeburt	off 1.0		neg 0.4988239207574734 off 0.46250561708984983 __DUMMY__ 0.03867046215267681	false	0.5
schubs	neg 1.0		neg 0.5144732608516808 off 0.4454592470966 __DUMMY__ 0.040067492051719326	false	1.0
unsolide	neg 1.0		neg 0.5130237836378774 off 0.44726118900378725 __DUMMY__ 0.039715027358335236	false	1.0
beschwerde	neg 1.0		neg 0.5185801176580862 off 0.4414204211633115 __DUMMY__ 0.03999946117860222	false	1.0
stocken	neg 1.0		neg 0.5184526915519216 off 0.4414682357521851 __DUMMY__ 0.04007907269589335	false	1.0
isolieren	neg 1.0		neg 0.5160823837576767 off 0.44383365795951457 __DUMMY__ 0.04008395828280873	false	1.0
unheilbar	neg 1.0		neg 0.5123151495282676 off 0.4477037081488652 __DUMMY__ 0.03998114232286712	false	1.0
pisser	off 1.0		neg 0.507644844966827 off 0.45303274940299343 __DUMMY__ 0.03932240563017962	false	0.5
löschen	neg 1.0		neg 0.5133776149770798 off 0.44667501027550915 __DUMMY__ 0.03994737474741095	false	1.0
durchfallen	neg 1.0		neg 0.5168321262591942 off 0.4431844147825276 __DUMMY__ 0.03998345895827816	false	1.0
wichser	off 1.0	off 1.0	off 0.7161450698235043 neg 0.2653299408245025 __DUMMY__ 0.018524989351993214	false	1.0
terror	neg 1.0		neg 0.5093800556310446 off 0.45074183307516075 __DUMMY__ 0.039878111293794566	false	1.0
krass	neg 1.0		neg 0.504682426115321 off 0.45588620371709737 __DUMMY__ 0.03943137016758166	false	1.0
revolte	neg 1.0		neg 0.5123854604838652 off 0.44785533219487633 __DUMMY__ 0.03975920732125829	false	1.0
besorgt	neg 1.0		neg 0.5121523468421331 off 0.4475519340580046 __DUMMY__ 0.040295719099862445	false	1.0
nachlassen	neg 1.0		neg 0.5162516579963402 off 0.4434726172427386 __DUMMY__ 0.040275724760921165	false	1.0
alt	neg 1.0		neg 0.5167120894000875 off 0.4433485233080842 __DUMMY__ 0.039939387291828415	false	1.0
hundesohn	off 1.0		neg 0.5003532580740282 off 0.46062577908893787 __DUMMY__ 0.039020962837033955	false	0.5
als			neg 0.5140346212960533 off 0.4458247101655141 __DUMMY__ 0.04014066853843253	false	0.0
abschreckung	neg 1.0		neg 0.5198480841959255 off 0.43998452169687946 __DUMMY__ 0.040167394107195026	false	1.0
unqualifiziert	neg 1.0		neg 0.509675171987969 off 0.45063341968578213 __DUMMY__ 0.039691408326248775	false	1.0
abgewichst	off 1.0		neg 0.5133780596969004 off 0.44653182566525007 __DUMMY__ 0.04009011463784938	false	0.5
schwer	neg 1.0		neg 0.5135948682816721 off 0.44643678931677755 __DUMMY__ 0.0399683424015504	false	1.0
bedeutungslosigkeit	neg 1.0		neg 0.5187300832290546 off 0.4411413519501497 __DUMMY__ 0.04012856482079566	false	1.0
kapitulation	neg 1.0		neg 0.5174925832111886 off 0.44243185779881367 __DUMMY__ 0.04007555898999776	false	1.0
unscharf	neg 1.0		neg 0.512202294779183 off 0.44814463675500815 __DUMMY__ 0.03965306846580887	false	1.0
schwinden	neg 1.0		neg 0.5195025396527639 off 0.44039704401200336 __DUMMY__ 0.040100416335232716	false	1.0
versklavung	neg 1.0		neg 0.5134057130333515 off 0.4467531740369507 __DUMMY__ 0.03984111292969788	false	1.0
schlecht	neg 1.0		neg 0.505022734663733 off 0.45512303605406096 __DUMMY__ 0.03985422928220608	false	1.0
verhasst	neg 1.0		neg 0.5136862570571081 off 0.44663898219988935 __DUMMY__ 0.039674760743002684	false	1.0
beschweren	neg 1.0		neg 0.5101539170333457 off 0.44990908315541006 __DUMMY__ 0.03993699981124429	false	1.0
scheiden	neg 1.0		neg 0.5114234604099589 off 0.44846367883085836 __DUMMY__ 0.040112860759182745	false	1.0
frustriert	neg 1.0		neg 0.5148747593896363 off 0.44515586191438244 __DUMMY__ 0.03996937869598136	false	1.0
schimmelig	neg 1.0		neg 0.5189743112859809 off 0.4412726981950124 __DUMMY__ 0.03975299051900665	false	1.0
fisch	neg 1.0		neg 0.520997226258154 off 0.4390480440974166 __DUMMY__ 0.03995472964442921	false	1.0
schmuggel	neg 1.0		neg 0.5197985997643876 off 0.4402217871657243 __DUMMY__ 0.039979613069888086	false	1.0
auffallen	neg 1.0		neg 0.5095175508509808 off 0.4505965201672632 __DUMMY__ 0.03988592898175597	false	1.0
konkurrenz	neg 1.0		neg 0.518884921345393 off 0.44081417102574183 __DUMMY__ 0.040300907628865346	false	1.0
teufelskreis	neg 1.0	neg 1.0	neg 0.7442491212398512 off 0.23684629438283267 __DUMMY__ 0.01890458437731609	false	1.0
aufschreien	neg 1.0		neg 0.5105994522596548 off 0.4496305665770896 __DUMMY__ 0.03976998116325547	false	1.0
schuldner	neg 1.0		neg 0.5211416203617281 off 0.4388858281067773 __DUMMY__ 0.03997255153149473	false	1.0
missgeburt	off 1.0	off 1.0	off 0.7126181893220042 neg 0.26889363876397904 __DUMMY__ 0.018488171914016794	false	1.0
arbeitslos	neg 1.0		neg 0.5166131254501033 off 0.4434236874993229 __DUMMY__ 0.03996318705057363	false	1.0
befallen	neg 1.0		neg 0.5178353088108478 off 0.44242858981147415 __DUMMY__ 0.03973610137767802	false	1.0
miesepetrig	off 1.0	off 1.0	off 0.7115047834005223 neg 0.26960781601259903 __DUMMY__ 0.01888740058687874	false	1.0
alarmieren	neg 1.0		neg 0.5114944525666162 off 0.4490006116233979 __DUMMY__ 0.03950493580998583	false	1.0
ungeduscht	off 1.0		neg 0.5107115690410642 off 0.449744736532804 __DUMMY__ 0.039543694426131766	false	0.5
knappheit	neg 1.0		neg 0.5182209786286611 off 0.4418974990054944 __DUMMY__ 0.03988152236584453	false	1.0
schlange	neg 1.0		neg 0.5089544406166141 off 0.4509173846282867 __DUMMY__ 0.04012817475509916	false	1.0
harsch	neg 1.0		neg 0.5021441508144433 off 0.4582826379166588 __DUMMY__ 0.03957321126889784	false	1.0
lang	neg 1.0		neg 0.512037314835495 off 0.4480085880437305 __DUMMY__ 0.039954097120774364	false	1.0
ziellos	neg 1.0		neg 0.5149922108115018 off 0.4447828981780854 __DUMMY__ 0.04022489101041285	false	1.0
selbstverliebt	neg 1.0		neg 0.4987798267041658 off 0.4622536287407871 __DUMMY__ 0.03896654455504704	false	1.0
beseitigen	neg 1.0		neg 0.5144436141173755 off 0.4455187759092879 __DUMMY__ 0.0400376099733366	false	1.0
dumm	off 1.0		neg 0.5010299176976791 off 0.45958736139248135 __DUMMY__ 0.039382720909839616	false	0.5
arbeitsloser	neg 1.0		neg 0.5144729108435909 off 0.44534626895242574 __DUMMY__ 0.04018082020398332	false	1.0
blitzen	neg 1.0		neg 0.5092967150670902 off 0.4508340377388091 __DUMMY__ 0.03986924719410083	false	1.0
hilflos	neg 1.0		neg 0.5159506768092387 off 0.44411840346021497 __DUMMY__ 0.03993091973054643	false	1.0
eklig	off 1.0		neg 0.502861504974521 off 0.4580180362995365 __DUMMY__ 0.039120458725942546	false	0.5
begriff			neg 0.5134153162122392 off 0.4465746878932723 __DUMMY__ 0.04000999589448836	false	0.0
hungersnot	neg 1.0		neg 0.5172620974983222 off 0.4428099019160971 __DUMMY__ 0.03992800058558077	false	1.0
ungesetzlich	neg 1.0		neg 0.5141345189948364 off 0.44611803150165674 __DUMMY__ 0.03974744950350681	false	1.0
verschwendung	neg 1.0		neg 0.5179411270084732 off 0.44196194999678484 __DUMMY__ 0.04009692299474195	false	1.0
schmerzvoll	neg 1.0		neg 0.5113556172918868 off 0.448777177587424 __DUMMY__ 0.039867205120689114	false	1.0
vorzeitig	neg 1.0		neg 0.5114079608837682 off 0.4488680708267637 __DUMMY__ 0.03972396828946824	false	1.0
unvollkommenheit	neg 1.0		neg 0.5139353504939663 off 0.4457858872381034 __DUMMY__ 0.04027876226793035	false	1.0
intervenieren	neg 1.0		neg 0.5188750307497588 off 0.4410886050385678 __DUMMY__ 0.04003636421167351	false	1.0
banause	off 1.0		neg 0.5018012633718485 off 0.45933080139671456 __DUMMY__ 0.03886793523143709	false	0.5
rebell	neg 1.0		neg 0.522655204121153 off 0.4371947512941133 __DUMMY__ 0.04015004458473381	false	1.0
unlogisch	neg 1.0		neg 0.5051004082869918 off 0.45538933062526255 __DUMMY__ 0.03951026108774562	false	1.0
leiden	neg 1.0		neg 0.5165377930772427 off 0.4431056383021388 __DUMMY__ 0.04035656862061851	false	1.0
abschaffung	neg 1.0		neg 0.5130167586695544 off 0.4470617665883611 __DUMMY__ 0.039921474742084496	false	1.0
sturz	neg 1.0		neg 0.5141609620072937 off 0.44597179715430363 __DUMMY__ 0.03986724083840251	false	1.0
verkleinerung	neg 1.0		neg 0.5120837862597921 off 0.44828760188322636 __DUMMY__ 0.039628611856981646	false	1.0
schmarotzer	off 1.0		neg 0.5159500992973424 off 0.44413560557165105 __DUMMY__ 0.039914295131006645	false	0.5
bestrafung	neg 1.0		neg 0.5126429988974347 off 0.4475036605443344 __DUMMY__ 0.03985334055823089	false	1.0
achtlos	neg 1.0	neg 1.0	neg 0.7432447737228258 off 0.2377325462000328 __DUMMY__ 0.019022680077141318	false	1.0
ungeheuer	neg 1.0		neg 0.5106456275473028 off 0.44951501277437805 __DUMMY__ 0.039839359678319045	false	1.0
unaufrichtig	neg 1.0		neg 0.5073822252175181 off 0.4525500087652006 __DUMMY__ 0.04006776601728135	false	1.0
groggy	neg 1.0		neg 0.5101305295013013 off 0.4500523863311408 __DUMMY__ 0.03981708416755791	false	1.0
