unsolidarisch	neg 1.0		__DUMMY__ 0.868325481994404 neg 0.07115208726211554 off 0.06052243074348055	false	1.0
nachteilig	neg 1.0		__DUMMY__ 0.8739656723131263 neg 0.06981208404142344 off 0.05622224364545023	false	1.0
skeptisch	neg 1.0		__DUMMY__ 0.8738187065661941 neg 0.07037020380846916 off 0.05581108962533675	false	1.0
schrecklich	neg 1.0		__DUMMY__ 0.86609906761678 off 0.06934652833410916 neg 0.06455440404911078	false	0.5
schlapp	neg 1.0		__DUMMY__ 0.8688927070770973 neg 0.06585625987823616 off 0.06525103304466653	false	1.0
abfall	neg 1.0		__DUMMY__ 0.8772785966349756 neg 0.07040490165940941 off 0.052316501705614964	false	1.0
widerspenstig	neg 1.0		__DUMMY__ 0.8712254474082962 neg 0.06845515096869098 off 0.06031940162301292	false	1.0
abrupt	neg 1.0		__DUMMY__ 0.8744204237727221 neg 0.06955244485961228 off 0.05602713136766553	false	1.0
unwirksam	neg 1.0		__DUMMY__ 0.8677146871758032 neg 0.07214191872730331 off 0.060143394096893475	false	1.0
angreifen	neg 1.0		__DUMMY__ 0.8717965052022288 neg 0.0724092566613496 off 0.05579423813642152	false	1.0
inkonsistent	neg 1.0		__DUMMY__ 0.8671062145734963 neg 0.07200541941406373 off 0.06088836601243983	false	1.0
abrutschen	neg 1.0		__DUMMY__ 0.8754505128290603 neg 0.07170583930622261 off 0.05284364786471716	false	1.0
unsicher	neg 1.0		__DUMMY__ 0.8737382890974448 neg 0.06590230742273272 off 0.06035940347982252	false	1.0
bauernkind	off 1.0	off 1.0	off 0.5229777329774323 __DUMMY__ 0.4206075707335858 neg 0.05641469628898186	false	1.0
angreifer	neg 1.0	neg 1.0	neg 0.521522672421892 __DUMMY__ 0.43147566223515016 off 0.0470016653429578	false	1.0
trennen	neg 1.0		__DUMMY__ 0.8760878038191696 neg 0.06869217477416523 off 0.0552200214066652	false	1.0
schmutz	neg 1.0		__DUMMY__ 0.872155316736833 neg 0.06644602032190737 off 0.06139866294125971	false	1.0
inkonsistenz	neg 1.0		__DUMMY__ 0.8638365870616157 neg 0.07037795975070847 off 0.06578545318767572	false	1.0
erschreckend	neg 1.0		__DUMMY__ 0.8704651738005827 neg 0.06968345940195136 off 0.059851366797465874	false	1.0
ertrinken	neg 1.0		__DUMMY__ 0.8710355657239782 neg 0.07302099531001843 off 0.05594343896600322	false	1.0
pickelface	off 1.0		__DUMMY__ 0.8714533507340774 neg 0.06916375353732747 off 0.05938289572859519	false	0.5
seiner			__DUMMY__ 0.8736048530430449 neg 0.07035000653410972 off 0.056045140422845405	false	0.0
lauch	neg 1.0		__DUMMY__ 0.8756391247178679 neg 0.07139307012958203 off 0.05296780515255014	false	1.0
unwichtig	neg 1.0		__DUMMY__ 0.86742167926648 neg 0.06729700790683939 off 0.06528131282668068	false	1.0
steuerhinterziehung	neg 1.0	neg 1.0	neg 0.5238388461058507 __DUMMY__ 0.4321803513927473 off 0.04398080250140185	false	1.0
schock	neg 1.0		__DUMMY__ 0.8710140246887488 neg 0.06956636956323729 off 0.05941960574801393	false	1.0
beule	neg 1.0		__DUMMY__ 0.8655249827523793 neg 0.06838492225416133 off 0.06609009499345934	false	1.0
vergelten	neg 1.0		__DUMMY__ 0.8694920004323564 off 0.06825043366221392 neg 0.06225756590542975	false	0.5
verdorbenheit	neg 1.0		__DUMMY__ 0.8734797479492655 neg 0.06603850505403272 off 0.06048174699670173	false	1.0
trauma	neg 1.0		__DUMMY__ 0.8701548563722508 neg 0.06859678227111018 off 0.061248361356639074	false	1.0
sinnlos	neg 1.0		__DUMMY__ 0.8703315932054257 neg 0.06706379765049257 off 0.0626046091440817	false	1.0
fettsack	off 1.0	off 1.0	off 0.5238506365925183 __DUMMY__ 0.4220239460990422 neg 0.054125417308439484	false	1.0
feige	off 1.0	off 1.0	off 0.5198969807655182 __DUMMY__ 0.4270611794945249 neg 0.053041839739957	false	1.0
abdanken	neg 1.0		__DUMMY__ 0.8704372209269451 neg 0.0695745908542201 off 0.059988188218834906	false	1.0
wichtigtuer	off 1.0	off 1.0	off 0.5180765630897142 __DUMMY__ 0.42976918267221526 neg 0.052154254238070616	false	1.0
misslingen	neg 1.0		__DUMMY__ 0.877598377626461 neg 0.06197957326428937 off 0.06042204910924962	false	1.0
untreu	off 1.0		__DUMMY__ 0.867555012430751 neg 0.06677389978218032 off 0.06567108778706873	false	0.5
missmutig	neg 1.0		__DUMMY__ 0.8682207417699616 neg 0.06692395616627864 off 0.06485530206375982	false	1.0
hurenbock	off 1.0		__DUMMY__ 0.8693314220177801 neg 0.06887320561735769 off 0.061795372364862065	false	0.5
betrunken	neg 1.0		__DUMMY__ 0.8674933749732986 off 0.06696917821244558 neg 0.06553744681425577	false	0.5
korrupt	off 1.0		__DUMMY__ 0.8688973197980521 neg 0.07275833340658933 off 0.05834434679535858	false	0.5
unmut	neg 1.0		__DUMMY__ 0.8761658762148749 neg 0.07081813405625624 off 0.053015989728868944	false	1.0
hackfresse	off 1.0		__DUMMY__ 0.8618421509741326 off 0.07278477171558878 neg 0.06537307731027868	false	1.0
aufblasen	neg 1.0		__DUMMY__ 0.8712149582236324 neg 0.06677231004582557 off 0.062012731730542045	false	1.0
gewaltsam	neg 1.0		__DUMMY__ 0.8699944619653773 neg 0.07122219135093551 off 0.058783346683687177	false	1.0
unbeliebtheit	neg 1.0		__DUMMY__ 0.8651294867144137 neg 0.07049679497143466 off 0.06437371831415159	false	1.0
sturheit	neg 1.0		__DUMMY__ 0.8699222606468596 neg 0.07075992315083111 off 0.0593178162023093	false	1.0
kuh	neg 1.0		__DUMMY__ 0.8638768693914793 neg 0.07370494107660316 off 0.06241818953191757	false	1.0
erschrecken	neg 1.0		__DUMMY__ 0.8697876669680766 neg 0.06559187750496694 off 0.06462045552695646	false	1.0
opfer	neg 1.0		__DUMMY__ 0.8727563237255362 neg 0.0701030492601622 off 0.05714062701430167	false	1.0
sinken	neg 1.0		__DUMMY__ 0.875963066754065 neg 0.07064973471855072 off 0.0533871985273843	false	1.0
stinktier	neg 1.0		__DUMMY__ 0.8565436627451722 neg 0.07342210200407719 off 0.07003423525075053	false	1.0
tucke	off 1.0		__DUMMY__ 0.8574227882875137 off 0.07371693876601973 neg 0.0688602729464665	false	1.0
ein			__DUMMY__ 0.8704610946023823 neg 0.06837179912529807 off 0.061167106272319506	false	0.0
abstieg	neg 1.0		__DUMMY__ 0.8725001760741802 neg 0.07149468902934854 off 0.056005134896471305	false	1.0
missverstehen	neg 1.0		__DUMMY__ 0.8678644090097015 neg 0.06859164312535172 off 0.0635439478649468	false	1.0
ergebnislos	neg 1.0		__DUMMY__ 0.8735637655237556 neg 0.07069689351688403 off 0.0557393409593603	false	1.0
unter			__DUMMY__ 0.8820172951283407 neg 0.06993835778140121 off 0.04804434709025802	false	0.0
manipulieren	neg 1.0		__DUMMY__ 0.8747752196091864 neg 0.0698028614036899 off 0.05542191898712382	false	1.0
unbewiesen	neg 1.0		__DUMMY__ 0.8671331496836693 neg 0.07235240454056065 off 0.060514445775770184	false	1.0
verschleppen	neg 1.0		__DUMMY__ 0.8705092720056363 neg 0.07204802636139936 off 0.05744270163296433	false	1.0
weib	off 1.0		__DUMMY__ 0.854734159747605 off 0.07348491593615848 neg 0.07178092431623645	false	1.0
opposition	neg 1.0		__DUMMY__ 0.8678426596048355 neg 0.07046936366280325 off 0.061687976732361254	false	1.0
verkehrswidrig	neg 1.0		__DUMMY__ 0.8690668732656738 off 0.06879742887056693 neg 0.0621356978637592	false	0.5
inkorrekt	neg 1.0		__DUMMY__ 0.8635775604766439 off 0.0690086682875267 neg 0.06741377123582931	false	0.5
vermeiden	neg 1.0	neg 1.0	neg 0.521772305831421 __DUMMY__ 0.4394140295907282 off 0.03881366457785096	false	1.0
abweichung	neg 1.0	neg 1.0	neg 0.520277000346514 __DUMMY__ 0.43651567388093104 off 0.04320732577255493	false	1.0
alkoholisiert	neg 1.0		__DUMMY__ 0.8749709387728288 neg 0.06962635773692238 off 0.05540270349024879	false	1.0
scheiss	off 1.0	off 1.0	off 0.5196978516055067 __DUMMY__ 0.42803410767309535 neg 0.052268040721397756	false	1.0
herausforderung	neg 1.0		__DUMMY__ 0.8762827045896286 neg 0.0681300184608766 off 0.05558727694949473	false	1.0
pervers	off 1.0		__DUMMY__ 0.8576503956405166 off 0.07612218675458408 neg 0.06622741760489928	false	1.0
wackelig	neg 1.0		__DUMMY__ 0.8769775060615547 neg 0.0648545956068367 off 0.05816789833160853	false	1.0
verwickeln	neg 1.0		__DUMMY__ 0.8684433662567127 neg 0.06851425063456237 off 0.06304238310872483	false	1.0
vorwand	neg 1.0		__DUMMY__ 0.8733813780598422 neg 0.07129508644071132 off 0.05532353549944648	false	1.0
muschi	off 1.0		__DUMMY__ 0.8714210310961827 neg 0.06899503348878083 off 0.059583935415036475	false	0.5
entmutigung	neg 1.0		__DUMMY__ 0.8694558153692836 neg 0.06881067717315471 off 0.06173350745756163	false	1.0
unangemessen	neg 1.0		__DUMMY__ 0.8698798313908845 neg 0.07099872089625958 off 0.059121447712855886	false	1.0
unstetig	neg 1.0		__DUMMY__ 0.8698226206069787 neg 0.0675724118373637 off 0.06260496755565752	false	1.0
entmutigen	neg 1.0		__DUMMY__ 0.8708724964906712 neg 0.06780948235299822 off 0.06131802115633058	false	1.0
schwanz	neg 1.0		__DUMMY__ 0.8724243376551681 neg 0.07063884317187277 off 0.056936819172959015	false	1.0
verbot	neg 1.0		__DUMMY__ 0.8714629504223359 neg 0.07064140426205923 off 0.05789564531560491	false	1.0
leid	neg 1.0		__DUMMY__ 0.8631287210142565 off 0.07087714691039636 neg 0.06599413207534703	false	0.5
archaisch	neg 1.0		__DUMMY__ 0.8704232077540047 neg 0.07044265753118795 off 0.05913413471480738	false	1.0
gegen			__DUMMY__ 0.875185305224777 neg 0.07107015235961175 off 0.05374454241561124	false	0.0
scheidung	neg 1.0		__DUMMY__ 0.8604422536730527 off 0.08037900801496045 neg 0.05917873831198676	false	0.5
einschlag	neg 1.0		__DUMMY__ 0.8662705738837444 off 0.06808468116140746 neg 0.06564474495484804	false	0.5
m			__DUMMY__ 0.8737871743951156 neg 0.0682320788822533 off 0.05798074672263123	false	0.0
abgestanden	neg 1.0		__DUMMY__ 0.8684088143189157 neg 0.07127227815625654 off 0.06031890752482773	false	1.0
schmierig	off 1.0		__DUMMY__ 0.8646781308273481 off 0.07012309172592972 neg 0.06519877744672213	false	1.0
unpraktisch	neg 1.0		__DUMMY__ 0.8708799028475043 neg 0.06750379723639248 off 0.061616299916103144	false	1.0
wixxer	off 1.0		__DUMMY__ 0.8551350933049677 off 0.07633160401232164 neg 0.06853330268271067	false	1.0
bezeichnet			__DUMMY__ 0.8679954245994873 neg 0.0713240240823607 off 0.06068055131815197	false	0.0
jammerlappen	off 1.0		__DUMMY__ 0.869491970310327 off 0.06527232774940811 neg 0.06523570194026487	false	1.0
farce	neg 1.0		__DUMMY__ 0.8696687234051991 neg 0.07152377689298474 off 0.05880749970181615	false	1.0
zwecklos	neg 1.0		__DUMMY__ 0.8703053263025645 neg 0.07098119894284795 off 0.05871347475458752	false	1.0
turbulent	neg 1.0		__DUMMY__ 0.8644368595747454 neg 0.06909258333409472 off 0.06647055709115995	false	1.0
invasion	neg 1.0		__DUMMY__ 0.8695389677602606 neg 0.0681550065490347 off 0.0623060256907047	false	1.0
schuld	neg 1.0		__DUMMY__ 0.8689768203361037 neg 0.06936037517524718 off 0.06166280448864908	false	1.0
risiko	neg 1.0	neg 1.0	neg 0.5196872176523554 __DUMMY__ 0.43389263040022896 off 0.0464201519474157	false	1.0
finster	neg 1.0		__DUMMY__ 0.8680728720170483 neg 0.07068426912850369 off 0.06124285885444801	false	1.0
geisteskrank	off 1.0		__DUMMY__ 0.863794606724541 neg 0.06904033141854046 off 0.06716506185691858	false	0.5
zusammenbrechen	neg 1.0		__DUMMY__ 0.8724653090258698 neg 0.06880525156716517 off 0.058729439406965026	false	1.0
ausbeute	neg 1.0		__DUMMY__ 0.8820314663176289 neg 0.061471197460275386 off 0.056497336222095636	false	1.0
hinterhalt	neg 1.0		__DUMMY__ 0.873740999242192 neg 0.06807894796180597 off 0.05818005279600199	false	1.0
kritik	neg 1.0		__DUMMY__ 0.8694144298881682 neg 0.07193232929907466 off 0.058653240812757225	false	1.0
einschrumpfen	neg 1.0		__DUMMY__ 0.8656753901113556 neg 0.07003122572424991 off 0.06429338416439448	false	1.0
riskant	neg 1.0		__DUMMY__ 0.8716078927423355 neg 0.07203362718313934 off 0.05635848007452507	false	1.0
frustrieren	neg 1.0		__DUMMY__ 0.8721960974739503 neg 0.07057941947126546 off 0.05722448305478416	false	1.0
groll	neg 1.0		__DUMMY__ 0.8705020612119273 neg 0.07123716949010808 off 0.05826076929796463	false	1.0
gibt			__DUMMY__ 0.8732031939592907 neg 0.06791593546263223 off 0.05888087057807709	false	0.0
qualvoll	neg 1.0		__DUMMY__ 0.8684760532185027 neg 0.06825921947076671 off 0.06326472731073056	false	1.0
wackeln	neg 1.0		__DUMMY__ 0.8725809859266563 neg 0.06631937728468987 off 0.06109963678865387	false	1.0
klagen	neg 1.0		__DUMMY__ 0.8751333935792588 neg 0.07111592910848154 off 0.053750677312259625	false	1.0
bankrott	neg 1.0		__DUMMY__ 0.869862405255853 neg 0.06578420083732055 off 0.06435339390682641	false	1.0
trauern	neg 1.0		__DUMMY__ 0.8736313476837306 neg 0.06981758704605812 off 0.056551065270211254	false	1.0
ablehnung	neg 1.0		__DUMMY__ 0.8701102722919456 neg 0.07145494609476433 off 0.05843478161329013	false	1.0
stur	neg 1.0		__DUMMY__ 0.8692938062038982 neg 0.06889976435016053 off 0.061806429445941356	false	1.0
aufruhr	neg 1.0	neg 1.0	neg 0.5226254846172189 __DUMMY__ 0.4323780154524967 off 0.044996499930284324	false	1.0
melancholie	neg 1.0		__DUMMY__ 0.8725264612209571 neg 0.07048444893384789 off 0.05698908984519497	false	1.0
ist			__DUMMY__ 0.8704982797710985 neg 0.06714780614887929 off 0.062353914080022166	false	0.0
torheit	neg 1.0		__DUMMY__ 0.8711252750296228 neg 0.0680240541655932 off 0.06085067080478395	false	1.0
dreckskind	off 1.0		__DUMMY__ 0.8582408255149025 off 0.07188637331623417 neg 0.06987280116886332	false	1.0
umtauschen	neg 1.0		__DUMMY__ 0.8718517926112929 neg 0.06852705847686431 off 0.05962114891184277	false	1.0
zum			__DUMMY__ 0.882556342487884 neg 0.06634531272246628 off 0.05109834478964975	false	0.0
zersetzen	neg 1.0		__DUMMY__ 0.8717145780916136 neg 0.0727161954260574 off 0.055569226482329086	false	1.0
zur			__DUMMY__ 0.8794729416993584 neg 0.0698110135119924 off 0.05071604478864916	false	0.0
frust	neg 1.0		__DUMMY__ 0.8729176440587606 neg 0.06831138283382761 off 0.05877097310741182	false	1.0
unerbittlichkeit	neg 1.0		__DUMMY__ 0.87258026679509 neg 0.07192433531052181 off 0.05549539789438821	false	1.0
zwei			__DUMMY__ 0.8804289285748466 neg 0.06743202641436435 off 0.05213904501078905	false	0.0
unkorrekt	neg 1.0		__DUMMY__ 0.8668581727640999 off 0.06846243602702466 neg 0.06467939120887528	false	0.5
hexe	off 1.0		__DUMMY__ 0.8616607539076049 neg 0.07323149631007876 off 0.06510774978231641	false	0.5
lasch	neg 1.0		__DUMMY__ 0.8666435018676515 neg 0.06890739033456227 off 0.06444910779778618	false	1.0
rivale	neg 1.0		__DUMMY__ 0.8655296521794374 off 0.06731101542427793 neg 0.0671593323962846	false	0.5
mutlos	off 1.0	off 1.0	off 0.512969532733602 __DUMMY__ 0.432150127756964 neg 0.05488033950943399	false	1.0
wirr	off 1.0		__DUMMY__ 0.8627023963321514 off 0.06915847097942636 neg 0.06813913268842224	false	1.0
jahr			__DUMMY__ 0.8830548473538246 neg 0.062424845611756916 off 0.05452030703441854	false	0.0
wird			__DUMMY__ 0.8730677276688122 neg 0.06926443553649332 off 0.05766783679469445	false	0.0
strafbar	neg 1.0		__DUMMY__ 0.8733920762023649 neg 0.06970932009074304 off 0.05689860370689193	false	1.0
erosion	neg 1.0		__DUMMY__ 0.8731148443446838 neg 0.06664692253069364 off 0.06023823312462256	false	1.0
eingehen	neg 1.0		__DUMMY__ 0.8719733048931684 neg 0.07099147199054863 off 0.057035223116283035	false	1.0
faul	off 1.0		__DUMMY__ 0.8695154971640621 neg 0.06626872287094714 off 0.06421577996499077	false	0.5
provisorium	neg 1.0		__DUMMY__ 0.8847529422088328 neg 0.06669648985175533 off 0.04855056793941178	false	1.0
schmerzen	neg 1.0		__DUMMY__ 0.8701681159334812 neg 0.07086793282903071 off 0.05896395123748805	false	1.0
schrumpfen	neg 1.0		__DUMMY__ 0.8755757163949326 neg 0.07325274403400985 off 0.05117153957105763	false	1.0
geistlos	off 1.0		__DUMMY__ 0.8650533893737314 neg 0.07155748634296234 off 0.06338912428330622	false	0.5
fehlkauf	neg 1.0		__DUMMY__ 0.8693028004986624 neg 0.06857847856468041 off 0.0621187209366571	false	1.0
frustrierend	neg 1.0		__DUMMY__ 0.8692100588279643 neg 0.06648505985573998 off 0.06430488131629566	false	1.0
unzufrieden	neg 1.0		__DUMMY__ 0.8711282635188141 neg 0.07041816266616267 off 0.05845357381502321	false	1.0
verzweifeln	neg 1.0		__DUMMY__ 0.8716120346359216 neg 0.06880212936413178 off 0.05958583599994664	false	1.0
verzweifelt	neg 1.0	neg 1.0	neg 0.5235757414953877 __DUMMY__ 0.42961999441526555 off 0.04680426408934688	false	1.0
misstrauensantrag	neg 1.0		__DUMMY__ 0.8691999946106405 neg 0.06852105395747275 off 0.062278951431886824	false	1.0
abfallen	neg 1.0		__DUMMY__ 0.8727381240607947 neg 0.06633702755636106 off 0.060924848382844225	false	1.0
fucker	off 1.0		__DUMMY__ 0.8661517723235298 off 0.06811626847277252 neg 0.06573195920369762	false	1.0
ungezogen	neg 1.0		__DUMMY__ 0.8594866283339405 off 0.07524019682545029 neg 0.06527317484060922	false	0.5
irrsinnig	neg 1.0	neg 1.0	neg 0.5228708052617052 __DUMMY__ 0.4303368291531552 off 0.04679236558513957	false	1.0
unfassbar	neg 1.0		__DUMMY__ 0.8685327044815289 off 0.06638443616926558 neg 0.06508285934920549	false	0.5
hart	neg 1.0		__DUMMY__ 0.8648681300177183 neg 0.06947899230345027 off 0.06565287767883146	false	1.0
widerlich	off 1.0		__DUMMY__ 0.8654701354711932 neg 0.06747982206747467 off 0.06705004246133206	false	0.5
fatal	neg 1.0		__DUMMY__ 0.8690881606662074 neg 0.0682134359746013 off 0.06269840335919125	false	1.0
bruch	neg 1.0		__DUMMY__ 0.875355171359545 neg 0.07052951202968794 off 0.05411531661076718	false	1.0
aushungern	neg 1.0		__DUMMY__ 0.8721238847129243 neg 0.06909116280774298 off 0.05878495247933271	false	1.0
anspannung	neg 1.0		__DUMMY__ 0.8789365729999772 neg 0.06979515988560538 off 0.05126826711441738	false	1.0
von			__DUMMY__ 0.8847704701741441 neg 0.0606688501745199 off 0.05456067965133596	false	0.0
kraftlos	neg 1.0		__DUMMY__ 0.8731570538999904 neg 0.06882260799321463 off 0.0580203381067949	false	1.0
vom			__DUMMY__ 0.8850575298037082 neg 0.06606740788851792 off 0.04887506230777384	false	0.0
grenzdebil	off 1.0		__DUMMY__ 0.8683548275494886 off 0.06661232043715931 neg 0.06503285201335213	false	1.0
vor			__DUMMY__ 0.8768774120145698 neg 0.06853959309268996 off 0.054582994892740135	false	0.0
unterwerfen	neg 1.0		__DUMMY__ 0.8722395636234217 neg 0.07067739540689516 off 0.0570830409696831	false	1.0
versenkung	neg 1.0		__DUMMY__ 0.8750844683183746 neg 0.0676397443246444 off 0.05727578735698093	false	1.0
entziehen	neg 1.0		__DUMMY__ 0.874661195898314 neg 0.07111388559382545 off 0.054224918507860535	false	1.0
finanzkrise	neg 1.0		__DUMMY__ 0.8675920648012515 neg 0.07312397276084291 off 0.05928396243790545	false	1.0
schimpfend	neg 1.0		__DUMMY__ 0.8693696842859455 neg 0.0686843039697233 off 0.061946011744331286	false	1.0
profan	neg 1.0		__DUMMY__ 0.8686718751619822 neg 0.06826005664423053 off 0.06306806819378723	false	1.0
korruption	neg 1.0		__DUMMY__ 0.8711228420702585 neg 0.07130046473777736 off 0.05757669319196419	false	1.0
â			__DUMMY__ 0.8740747450493176 neg 0.0684944739468733 off 0.057430781003809134	false	0.0
schmutzig	neg 1.0		__DUMMY__ 0.8683483770066568 off 0.06702883132886202 neg 0.0646227916644813	false	0.5
sexy	neg 1.0		__DUMMY__ 0.869631144230053 neg 0.06645201970824798 off 0.063916836061699	false	1.0
abraten	neg 1.0		__DUMMY__ 0.8714431001057792 neg 0.06620537405534209 off 0.062351525838878805	false	1.0
schwarz	neg 1.0		__DUMMY__ 0.8694354410739037 neg 0.06858416944685689 off 0.061980389479239416	false	1.0
fotze	off 1.0	off 1.0	off 0.5140569421411709 __DUMMY__ 0.43341465357826153 neg 0.0525284042805675	false	1.0
verwirren	neg 1.0		__DUMMY__ 0.8694030563487418 neg 0.06701374000716888 off 0.06358320364408927	false	1.0
zahnlos	off 1.0		__DUMMY__ 0.8707999722276096 neg 0.06997434783783957 off 0.059225679934550884	false	0.5
verheeren	neg 1.0		__DUMMY__ 0.8587316923416671 off 0.0766193935141155 neg 0.06464891414421732	false	0.5
hippie	neg 1.0		__DUMMY__ 0.8692584780367189 neg 0.06711708566205483 off 0.06362443630122631	false	1.0
rammen	neg 1.0		__DUMMY__ 0.864651307393983 neg 0.07403134543201376 off 0.0613173471740033	false	1.0
unlauter	neg 1.0		__DUMMY__ 0.8685204210927252 neg 0.07003540949066814 off 0.06144416941660669	false	1.0
unheilvoll	neg 1.0		__DUMMY__ 0.8686254078590228 neg 0.06954611919731032 off 0.06182847294366698	false	1.0
niedrig	neg 1.0		__DUMMY__ 0.8713796798786357 neg 0.07298045919801543 off 0.05563986092334889	false	1.0
explosion	neg 1.0		__DUMMY__ 0.8702962007533809 neg 0.06661442505000073 off 0.06308937419661846	false	1.0
weichei	off 1.0	off 1.0	off 0.5240833447201017 __DUMMY__ 0.4250246231924603 neg 0.05089203208743801	false	1.0
minusmensch	off 1.0		__DUMMY__ 0.8538520443468637 off 0.07433453842396695 neg 0.0718134172291694	false	1.0
farblos	neg 1.0		__DUMMY__ 0.8697292455226372 neg 0.07083219282200935 off 0.05943856165535337	false	1.0
unwissend	neg 1.0	neg 1.0	neg 0.520946071717819 __DUMMY__ 0.42943440226696444 off 0.049619526015216346	false	1.0
traurig	neg 1.0		__DUMMY__ 0.867134569428843 off 0.06864665945416092 neg 0.06421877111699605	false	0.5
senkung	neg 1.0		__DUMMY__ 0.8672354713016353 neg 0.06985666814039661 off 0.06290786055796813	false	1.0
ungleich	neg 1.0	neg 1.0	neg 0.5234915414653485 __DUMMY__ 0.43401264092371783 off 0.042495817610933725	false	1.0
heikel	neg 1.0		__DUMMY__ 0.8726740533340632 neg 0.0709701063224957 off 0.05635584034344105	false	1.0
drosselung	neg 1.0		__DUMMY__ 0.8660016258358147 neg 0.06773003380990542 off 0.06626834035427978	false	1.0
falsch	neg 1.0		__DUMMY__ 0.8689270134973053 neg 0.06658414228013852 off 0.06448884422255612	false	1.0
unzufriedenheit	neg 1.0		__DUMMY__ 0.8736665621658172 neg 0.07140983242839416 off 0.05492360540578861	false	1.0
kurz	neg 1.0		__DUMMY__ 0.8759314838388202 neg 0.06527650469263958 off 0.05879201146854027	false	1.0
unsinnig	neg 1.0		__DUMMY__ 0.8708125254318076 neg 0.06979895437698763 off 0.059388520191204656	false	1.0
penner	off 1.0	off 1.0	off 0.5252678218352768 __DUMMY__ 0.42457720030591867 neg 0.05015497785880448	false	1.0
seicht	neg 1.0		__DUMMY__ 0.859402194092425 off 0.07505642925299107 neg 0.06554137665458398	false	0.5
dummheit	off 1.0	off 1.0	off 0.5182470578244487 __DUMMY__ 0.4281424983190905 neg 0.05361044385646078	false	1.0
unerfreulich	neg 1.0		__DUMMY__ 0.8751591839085435 neg 0.06939689971663451 off 0.05544391637482194	false	1.0
motherfucker	off 1.0	off 1.0	off 0.5212622022748687 __DUMMY__ 0.4279150185620188 neg 0.05082277916311244	false	1.0
pikiert	neg 1.0		__DUMMY__ 0.8651381067991666 neg 0.06859163984554628 off 0.0662702533552871	false	1.0
wrack	neg 1.0		__DUMMY__ 0.8709523891028895 neg 0.07127538880317227 off 0.05777222209393832	false	1.0
gangster	neg 1.0		__DUMMY__ 0.8691946087039268 neg 0.0671688717969335 off 0.06363651949913962	false	1.0
krank	neg 1.0		__DUMMY__ 0.8694567886971795 off 0.06644646806908776 neg 0.06409674323373278	false	0.5
reich	neg 1.0		__DUMMY__ 0.8682520123930423 neg 0.06651027220916045 off 0.06523771539779727	false	1.0
gnadenlos	neg 1.0		__DUMMY__ 0.8690620166381915 neg 0.06920594586797403 off 0.061732037493834574	false	1.0
niedergeschlagen	neg 1.0		__DUMMY__ 0.8720222050146189 neg 0.06899767459336552 off 0.05898012039201562	false	1.0
terrorisieren	off 1.0	off 1.0	off 0.5131310906240873 __DUMMY__ 0.43382715841110775 neg 0.053041750964804894	false	1.0
sinnlosigkeit	neg 1.0		__DUMMY__ 0.8712780593746902 neg 0.07007595312525786 off 0.05864598750005208	false	1.0
behindern	neg 1.0		__DUMMY__ 0.871273909530501 neg 0.06921663132375477 off 0.05950945914574415	false	1.0
undemokratisch	neg 1.0		__DUMMY__ 0.870006576748134 neg 0.06841274698549621 off 0.06158067626636982	false	1.0
wirtschaftskrise	neg 1.0		__DUMMY__ 0.8695941553310689 neg 0.07306263502320827 off 0.057343209645722884	false	1.0
neid	neg 1.0		__DUMMY__ 0.871703995437759 neg 0.06417736025911608 off 0.06411864430312487	false	1.0
rutschen	neg 1.0		__DUMMY__ 0.8808689783462001 neg 0.0671638309814847 off 0.05196719067231526	false	1.0
rezession	neg 1.0		__DUMMY__ 0.8590220077495916 neg 0.07188547530255575 off 0.06909251694785269	false	1.0
fehlgeburt	neg 1.0		__DUMMY__ 0.8703863115183342 neg 0.06781459426268507 off 0.0617990942189808	false	1.0
charakterschwach	off 1.0		__DUMMY__ 0.8655070305627606 neg 0.067550899536098 off 0.06694206990114152	false	0.5
isolation	neg 1.0		__DUMMY__ 0.8694770120364083 neg 0.06664422718306101 off 0.06387876078053074	false	1.0
ablenkung	neg 1.0		__DUMMY__ 0.8732783499715879 neg 0.06620809747994237 off 0.0605135525484697	false	1.0
pech	neg 1.0		__DUMMY__ 0.8698931000892501 neg 0.06638499984975937 off 0.06372190006099047	false	1.0
vermeidung	neg 1.0		__DUMMY__ 0.8664045908377641 neg 0.06716887043866863 off 0.06642653872356724	false	1.0
dominieren	neg 1.0		__DUMMY__ 0.8729345981754082 neg 0.07042871488703399 off 0.05663668693755782	false	1.0
schwindlig	neg 1.0		__DUMMY__ 0.8711486745206226 neg 0.0667310820952268 off 0.06212024338415053	false	1.0
lutscher	neg 1.0	neg 1.0	neg 0.5200320792923616 __DUMMY__ 0.4229782553670855 off 0.05698966534055287	false	1.0
pflicht	neg 1.0		__DUMMY__ 0.8733385445004371 neg 0.07132459570718892 off 0.05533685979237394	false	1.0
faschist	off 1.0		__DUMMY__ 0.8689799289566951 neg 0.06703717441736935 off 0.06398289662593551	false	0.5
verschleudern	neg 1.0		__DUMMY__ 0.8734992808250504 neg 0.07035512234576362 off 0.05614559682918595	false	1.0
wenn			__DUMMY__ 0.8686889940462017 neg 0.06668854202091803 off 0.06462246393288025	false	0.0
ehebruch	neg 1.0		__DUMMY__ 0.871598620352573 neg 0.07085545546142155 off 0.057545924186005466	false	1.0
spott	off 1.0		__DUMMY__ 0.8720431028614997 neg 0.07079690464350034 off 0.05715999249499993	false	0.5
trostlosigkeit	neg 1.0		__DUMMY__ 0.8736329032985247 neg 0.0718523531749544 off 0.0545147435265209	false	1.0
lutschen	neg 1.0		__DUMMY__ 0.8655782065768814 neg 0.07040322305323671 off 0.06401857036988183	false	1.0
undiszipliniert	neg 1.0		__DUMMY__ 0.8662265993435987 off 0.06810552524045838 neg 0.06566787541594285	false	0.5
kopfschmerz	neg 1.0		__DUMMY__ 0.8690981844294656 neg 0.0729630828522292 off 0.05793873271830518	false	1.0
unvorhergesehen	neg 1.0		__DUMMY__ 0.8776381906592439 neg 0.06701268511071028 off 0.05534912423004589	false	1.0
desinteressiert	neg 1.0	neg 1.0	neg 0.5205509335280832 __DUMMY__ 0.428132117530919 off 0.05131694894099793	false	1.0
armselig	off 1.0		__DUMMY__ 0.8638282817214098 off 0.06900299031598214 neg 0.06716872796260814	false	1.0
desaster	neg 1.0		__DUMMY__ 0.8754230733497721 neg 0.07098333429679918 off 0.05359359235342866	false	1.0
tod	neg 1.0		__DUMMY__ 0.8721140747242937 neg 0.0707549921488462 off 0.057130933126860045	false	1.0
herzlos	neg 1.0		__DUMMY__ 0.8652216898733467 off 0.06877529830192038 neg 0.06600301182473287	false	0.5
unwissenheit	neg 1.0		__DUMMY__ 0.8707846948467013 neg 0.07087835886658735 off 0.058336946286711364	false	1.0
widersinnig	neg 1.0		__DUMMY__ 0.8694257845529086 neg 0.07202733187673126 off 0.05854688357036011	false	1.0
bedenklich	neg 1.0		__DUMMY__ 0.8717521017506416 neg 0.07074827021539781 off 0.05749962803396054	false	1.0
beanstanden	neg 1.0		__DUMMY__ 0.874754301147857 neg 0.07030525557070294 off 0.05494044328144003	false	1.0
panisch	neg 1.0	neg 1.0	neg 0.5190359544356156 __DUMMY__ 0.4336374112080529 off 0.04732663435633155	false	1.0
debil	off 1.0		__DUMMY__ 0.8793775923699185 neg 0.07142647480490162 off 0.04919593282517988	false	0.5
abstrich	neg 1.0		__DUMMY__ 0.875957519473047 neg 0.06568645129169247 off 0.058356029235260634	false	1.0
primitiv	neg 1.0		__DUMMY__ 0.8655654212753052 off 0.06728149670399558 neg 0.06715308202069926	false	0.5
abschaum	off 1.0	off 1.0	off 0.519999167841585 __DUMMY__ 0.4281886943732041 neg 0.051812137785210995	false	1.0
provozieren	neg 1.0		__DUMMY__ 0.8681086845942733 neg 0.07030155292945933 off 0.06158976247626738	false	1.0
tot	neg 1.0		__DUMMY__ 0.8720268056896537 neg 0.0705509108416021 off 0.05742228346874418	false	1.0
instabil	neg 1.0		__DUMMY__ 0.8644896687576574 off 0.06822307230434942 neg 0.0672872589379932	false	0.5
schwuchtel	off 1.0	off 1.0	off 0.5297140298307063 __DUMMY__ 0.41961652640440467 neg 0.050669443764888994	false	1.0
zerren	neg 1.0		__DUMMY__ 0.8719929364188291 neg 0.06942810299864659 off 0.0585789605825243	false	1.0
kinderficker	off 1.0		__DUMMY__ 0.863687827155937 off 0.07150517819157455 neg 0.06480699465248858	false	1.0
gefahr	neg 1.0		__DUMMY__ 0.8752178318015095 neg 0.07003159136242831 off 0.05475057683606222	false	1.0
rabiat	neg 1.0		__DUMMY__ 0.8709848783043426 neg 0.06832270085416134 off 0.06069242084149605	false	1.0
verlangsamung	neg 1.0		__DUMMY__ 0.8577860683403372 off 0.07302499790770489 neg 0.06918893375195793	false	0.5
ausgestorben	neg 1.0		__DUMMY__ 0.8720056539925599 neg 0.06767198705135598 off 0.060322358956084024	false	1.0
anklagen	neg 1.0		__DUMMY__ 0.8711104891044927 neg 0.071209543824131 off 0.05767996707137626	false	1.0
trott	neg 1.0		__DUMMY__ 0.8711953720904703 neg 0.06890350777821339 off 0.05990112013131645	false	1.0
verminderung	neg 1.0		__DUMMY__ 0.8668472566445489 off 0.06677411467852117 neg 0.06637862867693	false	0.5
nach			__DUMMY__ 0.881706084876392 neg 0.0673454864531179 off 0.05094842867048999	false	0.0
rost	neg 1.0		__DUMMY__ 0.8620268833083234 off 0.07156151244585922 neg 0.06641160424581732	false	0.5
destruktiv	neg 1.0		__DUMMY__ 0.8699709035146157 neg 0.06959487096921892 off 0.06043422551616541	false	1.0
unzumutbarkeit	neg 1.0		__DUMMY__ 0.8675593958771209 neg 0.06686079451314822 off 0.06557980960973091	false	1.0
labil	off 1.0	off 1.0	off 0.5193777829053591 __DUMMY__ 0.4288269920535822 neg 0.05179522504105861	false	1.0
ziemlich	neg 1.0		__DUMMY__ 0.8694948462362563 off 0.0661564063211888 neg 0.06434874744255492	false	0.5
lachnummer	off 1.0		__DUMMY__ 0.8694076056410737 neg 0.06934806429311452 off 0.06124433006581181	false	0.5
oder			__DUMMY__ 0.8728476428881246 neg 0.06602148924553954 off 0.061130867866335946	false	0.0
verfall	neg 1.0		__DUMMY__ 0.8763246183325069 neg 0.07247923574791842 off 0.05119614591957471	false	1.0
ausgrenzung	neg 1.0		__DUMMY__ 0.8694388161963159 neg 0.06842134457573369 off 0.06213983922795041	false	1.0
unordnung	neg 1.0		__DUMMY__ 0.8681066678812029 off 0.06790075528792795 neg 0.06399257683086901	false	0.5
fehlverhalten	neg 1.0		__DUMMY__ 0.8715432294233095 neg 0.07251738680989764 off 0.05593938376679276	false	1.0
eine			__DUMMY__ 0.8767051177500936 neg 0.06820884380832605 off 0.05508603844158029	false	0.0
nille	neg 1.0		__DUMMY__ 0.8718824142956183 neg 0.06807996174144228 off 0.06003762396293935	false	1.0
qual	neg 1.0		__DUMMY__ 0.8716039134844463 neg 0.06885159087465842 off 0.05954449564089528	false	1.0
verschwenden	neg 1.0		__DUMMY__ 0.871582624511052 neg 0.07169325666467523 off 0.05672411882427276	false	1.0
riesig	neg 1.0		__DUMMY__ 0.8733058137934391 neg 0.06991109599281936 off 0.05678309021374147	false	1.0
verurteilen	neg 1.0		__DUMMY__ 0.8697543022620131 neg 0.07190096232558654 off 0.058344735412400435	false	1.0
klischee	neg 1.0	neg 1.0	neg 0.5220805230516191 __DUMMY__ 0.4291711998469265 off 0.0487482771014544	false	1.0
diktatorisch	neg 1.0		__DUMMY__ 0.868685658014182 neg 0.06954524966646862 off 0.0617690923193495	false	1.0
vorhersehbar	neg 1.0		__DUMMY__ 0.8672022020366318 neg 0.06897925984815535 off 0.06381853811521296	false	1.0
sowie			__DUMMY__ 0.8613453453272997 off 0.07073507872410406 neg 0.06791957594859624	false	0.0
stornieren	neg 1.0		__DUMMY__ 0.876684865981285 off 0.062063527214010594 neg 0.0612516068047043	false	0.5
besteuerung	neg 1.0		__DUMMY__ 0.8659203407248889 neg 0.07325240802837936 off 0.06082725124673175	false	1.0
ungeschminkt	neg 1.0		__DUMMY__ 0.8614562272350086 neg 0.07202856696744873 off 0.06651520579754266	false	1.0
kritisch	neg 1.0		__DUMMY__ 0.8725950975828826 neg 0.0701031614866336 off 0.05730174093048387	false	1.0
schlamperei	off 1.0		__DUMMY__ 0.8742572049185371 neg 0.06980776273991655 off 0.05593503234154647	false	0.5
sucht	neg 1.0	neg 1.0	neg 0.5182967443048442 __DUMMY__ 0.43599252301881103 off 0.04571073267634479	false	1.0
egoistisch	off 1.0		__DUMMY__ 0.8620627658504797 off 0.0715969892945388 neg 0.06634024485498155	false	1.0
ausbeuter	off 1.0		__DUMMY__ 0.8708698764425117 neg 0.0731960504594986 off 0.05593407309798976	false	0.5
arschgeburt	off 1.0		__DUMMY__ 0.8521880871934102 off 0.07907233505654224 neg 0.0687395777500475	false	1.0
schubs	neg 1.0		__DUMMY__ 0.8729812293112854 neg 0.0689220299014308 off 0.058096740787283815	false	1.0
unsolide	neg 1.0		__DUMMY__ 0.8676629898689627 neg 0.07002240194014983 off 0.06231460819088743	false	1.0
beschwerde	neg 1.0		__DUMMY__ 0.8716499334999467 neg 0.07169293625141107 off 0.056657130248642246	false	1.0
stocken	neg 1.0		__DUMMY__ 0.8727833034614506 neg 0.07105991993267158 off 0.056156776605877715	false	1.0
isolieren	neg 1.0		__DUMMY__ 0.87305308197465 neg 0.06927942500066632 off 0.05766749302468369	false	1.0
unheilbar	neg 1.0		__DUMMY__ 0.871334397530606 neg 0.06774924673762073 off 0.060916355731773175	false	1.0
pisser	off 1.0		__DUMMY__ 0.86188645452322 neg 0.06972423110075263 off 0.06838931437602745	false	0.5
löschen	neg 1.0		__DUMMY__ 0.8707685686636167 neg 0.06896942179769194 off 0.060262009538691354	false	1.0
durchfallen	neg 1.0		__DUMMY__ 0.8711030745525851 neg 0.0710330244670543 off 0.05786390098036069	false	1.0
wichser	off 1.0	off 1.0	off 0.5275768913184956 __DUMMY__ 0.4227223382922577 neg 0.049700770389246765	false	1.0
terror	neg 1.0		__DUMMY__ 0.8699294454269669 neg 0.06694105922838323 off 0.06312949534464996	false	1.0
krass	neg 1.0		__DUMMY__ 0.863677759505355 off 0.0691033487642525 neg 0.06721889173039247	false	0.5
revolte	neg 1.0		__DUMMY__ 0.8682105825031985 neg 0.06931213235038013 off 0.06247728514642139	false	1.0
besorgt	neg 1.0		__DUMMY__ 0.875958403553166 neg 0.06539632954427775 off 0.05864526690255625	false	1.0
nachlassen	neg 1.0		__DUMMY__ 0.8759008871179383 neg 0.06827361053655277 off 0.05582550234550889	false	1.0
alt	neg 1.0		__DUMMY__ 0.8712302553146509 neg 0.07129196294630476 off 0.057477781739044324	false	1.0
hundesohn	off 1.0		__DUMMY__ 0.8573353502748976 off 0.07571829098520867 neg 0.06694635873989382	false	1.0
als			__DUMMY__ 0.8734978519097527 neg 0.067993546901725 off 0.05850860118852232	false	0.0
abschreckung	neg 1.0		__DUMMY__ 0.87395703366774 neg 0.07128033613082849 off 0.05476263020143154	false	1.0
unqualifiziert	neg 1.0		__DUMMY__ 0.8669907718440263 neg 0.06828532614769775 off 0.06472390200827595	false	1.0
abgewichst	off 1.0		__DUMMY__ 0.8729576598000071 neg 0.06776902471705457 off 0.05927331548293831	false	0.5
schwer	neg 1.0		__DUMMY__ 0.8708947910505063 neg 0.06907259055288777 off 0.060032618396605966	false	1.0
bedeutungslosigkeit	neg 1.0		__DUMMY__ 0.8732433839505783 neg 0.07098379996919325 off 0.05577281608022835	false	1.0
kapitulation	neg 1.0		__DUMMY__ 0.8727331114065005 neg 0.07030655392822244 off 0.05696033466527713	false	1.0
unscharf	neg 1.0		__DUMMY__ 0.8669862261351853 neg 0.07067801884027497 off 0.06233575502453982	false	1.0
schwinden	neg 1.0		__DUMMY__ 0.8730874535276585 neg 0.07156403831308494 off 0.055348508159256675	false	1.0
versklavung	neg 1.0		__DUMMY__ 0.8693800803199394 neg 0.0693739294865333 off 0.06124599019352737	false	1.0
schlecht	neg 1.0		__DUMMY__ 0.8695106983394338 off 0.06639239080720791 neg 0.06409691085335832	false	0.5
verhasst	neg 1.0		__DUMMY__ 0.8665727678764953 neg 0.07128379622026107 off 0.06214343590324366	false	1.0
beschweren	neg 1.0		__DUMMY__ 0.8705184583677447 neg 0.06694918381045512 off 0.06253235782180032	false	1.0
scheiden	neg 1.0		__DUMMY__ 0.8738813993755947 neg 0.06620800592066728 off 0.05991059470373798	false	1.0
frustriert	neg 1.0		__DUMMY__ 0.87084049023556 neg 0.06990119420186869 off 0.05925831556257127	false	1.0
schimmelig	neg 1.0		__DUMMY__ 0.8684873244105817 neg 0.07435662889532307 off 0.05715604669409513	false	1.0
fisch	neg 1.0		__DUMMY__ 0.8717341652761045 neg 0.07402038458303868 off 0.05424545014085688	false	1.0
schmuggel	neg 1.0		__DUMMY__ 0.8713600976330329 neg 0.07270591265875384 off 0.05593398970821322	false	1.0
auffallen	neg 1.0		__DUMMY__ 0.869827511913082 neg 0.06693015038936415 off 0.06324233769755372	false	1.0
konkurrenz	neg 1.0		__DUMMY__ 0.8758253858097872 neg 0.0697249220427787 off 0.05444969214743414	false	1.0
teufelskreis	neg 1.0	neg 1.0	neg 0.5240807325788458 __DUMMY__ 0.43023089188804314 off 0.045688375533111024	false	1.0
aufschreien	neg 1.0		__DUMMY__ 0.8680958164187632 neg 0.06852209617229607 off 0.06338208740894072	false	1.0
schuldner	neg 1.0		__DUMMY__ 0.8712510551034859 neg 0.07363537584843928 off 0.05511356904807488	false	1.0
missgeburt	off 1.0	off 1.0	off 0.5246407499056127 __DUMMY__ 0.4219537922171651 neg 0.05340545787722221	false	1.0
arbeitslos	neg 1.0		__DUMMY__ 0.8706902244065923 neg 0.07104214606625893 off 0.058267629527148763	false	1.0
befallen	neg 1.0		__DUMMY__ 0.8678994544191345 neg 0.07321078257467545 off 0.05888976300619009	false	1.0
miesepetrig	off 1.0	off 1.0	off 0.5196798281186918 __DUMMY__ 0.4303827927500877 neg 0.049937379131220566	false	1.0
alarmieren	neg 1.0		__DUMMY__ 0.864400238462197 neg 0.0707008367510168 off 0.06489892478678616	false	1.0
ungeduscht	off 1.0		__DUMMY__ 0.8653346214223342 neg 0.07052644730593201 off 0.06413893127173383	false	0.5
knappheit	neg 1.0		__DUMMY__ 0.8700198621896426 neg 0.07238019621965505 off 0.05759994159070243	false	1.0
schlange	neg 1.0		__DUMMY__ 0.8735676973127199 neg 0.06467073331254196 off 0.06176156937473819	false	1.0
harsch	neg 1.0		__DUMMY__ 0.8656193172024805 off 0.07017243358229094 neg 0.06420824921522858	false	0.5
lang	neg 1.0		__DUMMY__ 0.87083396703028 neg 0.06805262871645243 off 0.061113404253267535	false	1.0
ziellos	neg 1.0		__DUMMY__ 0.8747243224997734 neg 0.06796922895737437 off 0.05730644854285235	false	1.0
selbstverliebt	neg 1.0		__DUMMY__ 0.8566266947398001 off 0.07672962148411157 neg 0.06664368377608824	false	0.5
beseitigen	neg 1.0		__DUMMY__ 0.8725374228678886 neg 0.0686376940921442 off 0.058824883039967274	false	1.0
dumm	off 1.0		__DUMMY__ 0.8628203201253016 off 0.07216455579658203 neg 0.06501512407811644	false	1.0
arbeitsloser	neg 1.0		__DUMMY__ 0.874123637662033 neg 0.06757134018808952 off 0.058305022149877365	false	1.0
blitzen	neg 1.0		__DUMMY__ 0.8697212759913794 neg 0.06673842767081047 off 0.06354029633781015	false	1.0
hilflos	neg 1.0		__DUMMY__ 0.8703693255478379 neg 0.07090759350790776 off 0.05872308094425427	false	1.0
eklig	off 1.0		__DUMMY__ 0.8589675070576079 off 0.07269504024730992 neg 0.06833745269508212	false	1.0
begriff			__DUMMY__ 0.8716305502915475 neg 0.06842505084327068 off 0.059944398865181936	false	0.0
hungersnot	neg 1.0		__DUMMY__ 0.870790782667289 neg 0.07126040452230142 off 0.05794881281040957	false	1.0
ungesetzlich	neg 1.0		__DUMMY__ 0.8678413127145536 neg 0.07051257389925757 off 0.061646113386188854	false	1.0
verschwendung	neg 1.0		__DUMMY__ 0.8727479114546617 neg 0.07090865452594608 off 0.056343434019392194	false	1.0
schmerzvoll	neg 1.0		__DUMMY__ 0.8695366758605577 neg 0.06832420495064222 off 0.06213911918880003	false	1.0
vorzeitig	neg 1.0		__DUMMY__ 0.8678692313081502 neg 0.06912611802215111 off 0.06300465066969868	false	1.0
unvollkommenheit	neg 1.0		__DUMMY__ 0.8762143482504857 neg 0.06646234534471632 off 0.05732330640479804	false	1.0
intervenieren	neg 1.0		__DUMMY__ 0.8720334572012166 neg 0.07164469369790884 off 0.05632184910087449	false	1.0
banause	off 1.0		__DUMMY__ 0.8552449768352713 off 0.07519163866969084 neg 0.06956338449503785	false	1.0
rebell	neg 1.0		__DUMMY__ 0.8741058328572009 neg 0.07358704558983524 off 0.052307121552963784	false	1.0
unlogisch	neg 1.0		__DUMMY__ 0.8645447432219278 off 0.06862888664262562 neg 0.0668263701354466	false	0.5
leiden	neg 1.0		__DUMMY__ 0.8771609303567524 neg 0.0679659863569694 off 0.054873083286278136	false	1.0
abschaffung	neg 1.0		__DUMMY__ 0.8706772644491808 neg 0.06857478274310766 off 0.06074795280771152	false	1.0
sturz	neg 1.0		__DUMMY__ 0.8699093427887101 neg 0.06979224223697766 off 0.06029841497431222	false	1.0
verkleinerung	neg 1.0		__DUMMY__ 0.866376451882697 neg 0.07020066923296601 off 0.06342287888433697	false	1.0
schmarotzer	off 1.0		__DUMMY__ 0.8700849943016835 neg 0.07082404003674721 off 0.05909096566156927	false	0.5
bestrafung	neg 1.0		__DUMMY__ 0.8693563944790593 neg 0.06910333267958182 off 0.06154027284135878	false	1.0
achtlos	neg 1.0	neg 1.0	neg 0.5218467053297078 __DUMMY__ 0.43287242144999927 off 0.045280873220292776	false	1.0
ungeheuer	neg 1.0		__DUMMY__ 0.8694519138821242 neg 0.06794163453441886 off 0.06260645158345697	false	1.0
unaufrichtig	neg 1.0		__DUMMY__ 0.8729254745296784 neg 0.06353810634451187 off 0.06353641912580979	false	1.0
groggy	neg 1.0		__DUMMY__ 0.8687424752920402 neg 0.0676430966224922 off 0.06361442808546756	false	1.0
