unsolidarisch	neg 1.0		__DUMMY__ 0.45087026490185067 neg 0.29485547506908544 off 0.2542742600290638	false	1.0
nachteilig	neg 1.0		__DUMMY__ 0.4548420030895777 neg 0.29491859968925577 off 0.2502393972211666	false	1.0
skeptisch	neg 1.0		__DUMMY__ 0.4549204873397073 neg 0.29553524277473836 off 0.24954426988555425	false	1.0
schrecklich	neg 1.0		__DUMMY__ 0.44908287549560966 neg 0.2844615941855899 off 0.2664555303188004	false	1.0
schlapp	neg 1.0		__DUMMY__ 0.4510217335006312 neg 0.28711727451821045 off 0.2618609919811583	false	1.0
abfall	neg 1.0		__DUMMY__ 0.4573193773822032 neg 0.2969284258737466 off 0.24575219674405016	false	1.0
widerspenstig	neg 1.0		__DUMMY__ 0.45280523796555905 neg 0.29167474282854683 off 0.25552001920589407	false	1.0
abrupt	neg 1.0		__DUMMY__ 0.4550972353818369 neg 0.2945164580710168 off 0.25038630654714616	false	1.0
unwirksam	neg 1.0		__DUMMY__ 0.4502641235087902 neg 0.2957152471682572 off 0.25402062932295255	false	1.0
angreifen	neg 1.0		__DUMMY__ 0.4535469347498328 neg 0.2976346229516761 off 0.24881844229849112	false	1.0
inkonsistent	neg 1.0		__DUMMY__ 0.44975365901259107 neg 0.29509571167558457 off 0.25515062931182436	false	1.0
abrutschen	neg 1.0		__DUMMY__ 0.4561096725429129 neg 0.29794616436001703 off 0.24594416309707	false	1.0
unsicher	neg 1.0		__DUMMY__ 0.45479722258889455 neg 0.2892292779992649 off 0.2559734994118406	false	1.0
bauernkind	off 1.0	off 1.0	off 0.6201981240476988 __DUMMY__ 0.21276699824925274 neg 0.16703487770304856	false	1.0
angreifer	neg 1.0	neg 1.0	neg 0.6353331973701706 __DUMMY__ 0.21871853158484456 off 0.1459482710449848	false	1.0
trennen	neg 1.0		__DUMMY__ 0.45653486288794376 neg 0.2938396712613296 off 0.24962546585072665	false	1.0
schmutz	neg 1.0		__DUMMY__ 0.4532276498177772 neg 0.2895950080511302 off 0.25717734213109267	false	1.0
inkonsistenz	neg 1.0		__DUMMY__ 0.44760028753116815 neg 0.2919053090475053 off 0.26049440342132657	false	1.0
erschreckend	neg 1.0		__DUMMY__ 0.4525340113900049 neg 0.2933043046340174 off 0.2541616839759776	false	1.0
ertrinken	neg 1.0		__DUMMY__ 0.45291458961377246 neg 0.2980822959274074 off 0.24900311445882	false	1.0
pickelface	off 1.0		__DUMMY__ 0.45299809266309127 neg 0.2930672401694675 off 0.25393466716744123	false	0.5
seiner			__DUMMY__ 0.4547842516026854 neg 0.2953692666870798 off 0.24984648171023477	false	0.0
lauch	neg 1.0		__DUMMY__ 0.45602324874262445 neg 0.2975744481055458 off 0.24640230315182984	false	1.0
unwichtig	neg 1.0		__DUMMY__ 0.45018145449048214 neg 0.2888112671920373 off 0.26100727831748066	false	1.0
steuerhinterziehung	neg 1.0	neg 1.0	neg 0.6379802665719096 __DUMMY__ 0.219094666978613 off 0.14292506644947747	false	1.0
schock	neg 1.0		__DUMMY__ 0.4528715227820317 neg 0.29322107901792976 off 0.25390739820003866	false	1.0
beule	neg 1.0		__DUMMY__ 0.44854197342127716 neg 0.28940292005132195 off 0.262055106527401	false	1.0
vergelten	neg 1.0		__DUMMY__ 0.4513466773064433 neg 0.28308769270580025 off 0.26556562998775646	false	1.0
verdorbenheit	neg 1.0		__DUMMY__ 0.4543258594088119 neg 0.28915604989744426 off 0.2565180906937439	false	1.0
trauma	neg 1.0		__DUMMY__ 0.4521648306928753 neg 0.29162400949475775 off 0.25621115981236686	false	1.0
sinnlos	neg 1.0		__DUMMY__ 0.45231630383857835 neg 0.2895750488716678 off 0.2581086472897539	false	1.0
fettsack	off 1.0	off 1.0	off 0.6213270730963064 __DUMMY__ 0.2135575031713369 neg 0.16511542373235666	false	1.0
feige	off 1.0	off 1.0	off 0.6180882141486251 __DUMMY__ 0.2163971022866969 neg 0.165514683564678	false	1.0
abdanken	neg 1.0		__DUMMY__ 0.45237238326127743 neg 0.2935776286875318 off 0.25404998805119083	false	1.0
wichtigtuer	off 1.0	off 1.0	off 0.6167716922561627 __DUMMY__ 0.217868302062633 neg 0.1653600056812043	false	1.0
misslingen	neg 1.0		__DUMMY__ 0.4571085426549964 neg 0.2854433342011428 off 0.2574481231438608	false	1.0
untreu	off 1.0		__DUMMY__ 0.45024461879167516 neg 0.2880781033114466 off 0.2616772778968784	false	0.5
missmutig	neg 1.0		__DUMMY__ 0.45068416449770005 neg 0.28854139622057007 off 0.26077443928172983	false	1.0
hurenbock	off 1.0		__DUMMY__ 0.4513155150226582 neg 0.29175470773662304 off 0.25692977724071875	false	0.5
betrunken	neg 1.0		__DUMMY__ 0.4500272314780662 neg 0.2862271698966746 off 0.2637455986252591	false	1.0
korrupt	off 1.0		__DUMMY__ 0.4513157509670163 neg 0.2972800741937112 off 0.25140417483927235	false	0.5
unmut	neg 1.0		__DUMMY__ 0.45656087988185673 neg 0.2971842068494511 off 0.2462549132686922	false	1.0
hackfresse	off 1.0		__DUMMY__ 0.4459552233449179 neg 0.2840017255495286 off 0.27004305110555354	false	0.5
aufblasen	neg 1.0		__DUMMY__ 0.4528672781402351 neg 0.2893872833108681 off 0.2577454385488968	false	1.0
gewaltsam	neg 1.0		__DUMMY__ 0.4519503181613588 neg 0.29545631967463865 off 0.25259336216400263	false	1.0
unbeliebtheit	neg 1.0		__DUMMY__ 0.448380779044162 neg 0.29273619433133063 off 0.25888302662450735	false	1.0
sturheit	neg 1.0		__DUMMY__ 0.45209827996821844 neg 0.2947873605260689 off 0.2531143595057127	false	1.0
kuh	neg 1.0		__DUMMY__ 0.4473664626179073 neg 0.2962412233246561 off 0.2563923140574367	false	1.0
erschrecken	neg 1.0		__DUMMY__ 0.4518319997276702 neg 0.28730545491393783 off 0.260862545358392	false	1.0
opfer	neg 1.0		__DUMMY__ 0.4540981317223959 neg 0.29488588240081454 off 0.25101598587678947	false	1.0
sinken	neg 1.0		__DUMMY__ 0.45628699233616843 neg 0.29685490364286826 off 0.24685810402096342	false	1.0
stinktier	neg 1.0		__DUMMY__ 0.44222725796673823 neg 0.2931727165233777 off 0.264600025509884	false	1.0
tucke	off 1.0		__DUMMY__ 0.44268947080307347 neg 0.28718416541395364 off 0.2701263637829729	false	0.5
ein			__DUMMY__ 0.4523544794923268 neg 0.2911983253941836 off 0.2564471951134896	false	0.0
abstieg	neg 1.0		__DUMMY__ 0.4538367990853837 neg 0.2968208180227396 off 0.24934238289187668	false	1.0
missverstehen	neg 1.0		__DUMMY__ 0.45056287587810034 neg 0.2908298138583833 off 0.2586073102635163	false	1.0
ergebnislos	neg 1.0		__DUMMY__ 0.454592114083271 neg 0.29615238662926513 off 0.24925549928746385	false	1.0
unter			__DUMMY__ 0.4607663437970578 neg 0.29779524403569674 off 0.2414384121672453	false	0.0
manipulieren	neg 1.0		__DUMMY__ 0.4555006793183706 neg 0.29530541842793934 off 0.24919390225369015	false	1.0
unbewiesen	neg 1.0		__DUMMY__ 0.45002575963184543 neg 0.29609439107455227 off 0.2538798492936023	false	1.0
verschleppen	neg 1.0		__DUMMY__ 0.4523693624303424 neg 0.2969953588159521 off 0.25063527875370545	false	1.0
weib	off 1.0		__DUMMY__ 0.4409397526324479 neg 0.29023049280108504 off 0.2688297545664671	false	0.5
opposition	neg 1.0		__DUMMY__ 0.4503790141420464 neg 0.2933086874866096 off 0.25631229837134395	false	1.0
verkehrswidrig	neg 1.0		__DUMMY__ 0.4509515610271807 neg 0.2822978447691771 off 0.2667505942036422	false	1.0
inkorrekt	neg 1.0		__DUMMY__ 0.4473719031597538 neg 0.2878021872615521 off 0.2648259095786941	false	1.0
vermeiden	neg 1.0	neg 1.0	neg 0.6376799106596557 __DUMMY__ 0.22297749064649894 off 0.13934259869384538	false	1.0
abweichung	neg 1.0	neg 1.0	neg 0.6354217571824157 __DUMMY__ 0.22139188914535818 off 0.14318635367222618	false	1.0
alkoholisiert	neg 1.0		__DUMMY__ 0.4552934731078983 neg 0.294670475429043 off 0.25003605146305863	false	1.0
scheiss	off 1.0	off 1.0	off 0.618553649477323 __DUMMY__ 0.21672729948142794 neg 0.16471905104124906	false	1.0
herausforderung	neg 1.0		__DUMMY__ 0.4565049196588601 neg 0.29339788791229865 off 0.25009719242884126	false	1.0
pervers	off 1.0		__DUMMY__ 0.4429276992698469 neg 0.2837043319045565 off 0.27336796882559655	false	0.5
wackelig	neg 1.0		__DUMMY__ 0.4569736898195753 neg 0.28880467096235934 off 0.2542216392180652	false	1.0
verwickeln	neg 1.0		__DUMMY__ 0.4510000769703523 neg 0.29095391872154036 off 0.25804600430810737	false	1.0
vorwand	neg 1.0		__DUMMY__ 0.454592644587692 neg 0.29672609606607675 off 0.2486812593462311	false	1.0
muschi	off 1.0		__DUMMY__ 0.45302986447903315 neg 0.2928138380775048 off 0.2541562974434621	false	0.5
entmutigung	neg 1.0		__DUMMY__ 0.45153911758490056 neg 0.2921900717943379 off 0.25627081062076146	false	1.0
unangemessen	neg 1.0		__DUMMY__ 0.4520825341637865 neg 0.2950224242532455 off 0.2528950415829679	false	1.0
unstetig	neg 1.0		__DUMMY__ 0.45162133155697637 neg 0.29013287432304813 off 0.25824579411997556	false	1.0
entmutigen	neg 1.0		__DUMMY__ 0.45265932361030753 neg 0.2908400462548029 off 0.25650063013488966	false	1.0
schwanz	neg 1.0		__DUMMY__ 0.4536505630522754 neg 0.2953497044425449 off 0.25099973250517954	false	1.0
verbot	neg 1.0		__DUMMY__ 0.4530832967576156 neg 0.2954217576085606 off 0.25149494563382363	false	1.0
leid	neg 1.0		__DUMMY__ 0.4469183108602888 neg 0.2852958454406936 off 0.26778584369901753	false	1.0
archaisch	neg 1.0		__DUMMY__ 0.4523996319592388 neg 0.2943864815461369 off 0.25321388649462423	false	1.0
gegen			__DUMMY__ 0.455890668464357 neg 0.2972897403266112 off 0.24681959120903194	false	0.0
scheidung	neg 1.0		__DUMMY__ 0.44480238782080467 off 0.2795834926812406 neg 0.27561411949795483	false	0.5
einschlag	neg 1.0		__DUMMY__ 0.4491365837531102 neg 0.28617901557974373 off 0.2646844006671461	false	1.0
m			__DUMMY__ 0.4547680131771148 neg 0.29237897762615317 off 0.2528530091967319	false	0.0
abgestanden	neg 1.0		__DUMMY__ 0.450581632789512 neg 0.2942848818734385 off 0.2551334853370496	false	1.0
schmierig	off 1.0		__DUMMY__ 0.4480093892986717 neg 0.28481440482871423 off 0.2671762058726141	false	0.5
unpraktisch	neg 1.0		__DUMMY__ 0.45256539242365673 neg 0.2901409296282352 off 0.25729367794810815	false	1.0
wixxer	off 1.0		__DUMMY__ 0.441174939072766 neg 0.28592547904999865 off 0.2728995818772354	false	0.5
bezeichnet			__DUMMY__ 0.45072397409538933 neg 0.2947015911619287 off 0.254574434742682	false	0.0
jammerlappen	off 1.0		__DUMMY__ 0.4516299883705731 neg 0.28676727587967643 off 0.2616027357497505	false	0.5
farce	neg 1.0		__DUMMY__ 0.45177715917472616 neg 0.2959101393193957 off 0.2523127015058782	false	1.0
zwecklos	neg 1.0		__DUMMY__ 0.4524262729089804 neg 0.29506734076639174 off 0.25250638632462796	false	1.0
turbulent	neg 1.0		__DUMMY__ 0.44775663525335513 neg 0.29035398944507607 off 0.26188937530156875	false	1.0
invasion	neg 1.0		__DUMMY__ 0.4516976076489595 neg 0.2907501069728656 off 0.257552285378175	false	1.0
schuld	neg 1.0		__DUMMY__ 0.4514142193248135 neg 0.29229768804433315 off 0.2562880926308533	false	1.0
risiko	neg 1.0	neg 1.0	neg 0.6341396404755903 __DUMMY__ 0.2199295448609638 off 0.14593081466344585	false	1.0
finster	neg 1.0		__DUMMY__ 0.450478646843519 neg 0.29337562104721226 off 0.2561457321092687	false	1.0
geisteskrank	off 1.0		__DUMMY__ 0.44759153927479906 neg 0.28994316385767555 off 0.26246529686752534	false	0.5
zusammenbrechen	neg 1.0		__DUMMY__ 0.45394558336348523 neg 0.29278510784169093 off 0.2532693087948239	false	1.0
ausbeute	neg 1.0		__DUMMY__ 0.46039216792535365 neg 0.28607742875817266 off 0.2535304033164736	false	1.0
hinterhalt	neg 1.0		__DUMMY__ 0.4543995060000859 neg 0.29244406168418213 off 0.25315643231573187	false	1.0
kritik	neg 1.0		__DUMMY__ 0.4516238955202042 neg 0.29638539379525863 off 0.25199071068453727	false	1.0
einschrumpfen	neg 1.0		__DUMMY__ 0.4488519888555663 neg 0.2920826789956807 off 0.25906533214875305	false	1.0
riskant	neg 1.0		__DUMMY__ 0.4533916030728626 neg 0.2969603534955989 off 0.24964804343153835	false	1.0
frustrieren	neg 1.0		__DUMMY__ 0.45378258993429976 neg 0.29517212780572216 off 0.2510452822599782	false	1.0
groll	neg 1.0		__DUMMY__ 0.45251223112149286 neg 0.2955796856259029 off 0.2519080832526042	false	1.0
gibt			__DUMMY__ 0.45451435900695686 neg 0.29186190035008575 off 0.2536237406429574	false	0.0
qualvoll	neg 1.0		__DUMMY__ 0.45088692371560823 neg 0.2904837392603555 off 0.25862933702403634	false	1.0
wackeln	neg 1.0		__DUMMY__ 0.45389661459680786 neg 0.28930745155215254 off 0.2567959338510396	false	1.0
klagen	neg 1.0		__DUMMY__ 0.45574014990870626 neg 0.29731787356354544 off 0.24694197652774835	false	1.0
bankrott	neg 1.0		__DUMMY__ 0.45182984707180296 neg 0.28746174495946486 off 0.26070840796873235	false	1.0
trauern	neg 1.0		__DUMMY__ 0.45463892554618024 neg 0.294846887753349 off 0.2505141867004707	false	1.0
ablehnung	neg 1.0		__DUMMY__ 0.4521325113148237 neg 0.29600367158490154 off 0.2518638171002747	false	1.0
stur	neg 1.0		__DUMMY__ 0.45161772796246746 neg 0.2917561423214226 off 0.2566261297161099	false	1.0
aufruhr	neg 1.0	neg 1.0	neg 0.6367473268179211 __DUMMY__ 0.21920329514805087 off 0.14404937803402787	false	1.0
melancholie	neg 1.0		__DUMMY__ 0.45373693847292873 neg 0.294907434118367 off 0.2513556274087043	false	1.0
ist			__DUMMY__ 0.45245506436959054 neg 0.289706863025919 off 0.25783807260449026	false	0.0
torheit	neg 1.0		__DUMMY__ 0.4527769086454823 neg 0.2915398648309854 off 0.25568322652353226	false	1.0
dreckskind	off 1.0		__DUMMY__ 0.4434564439853425 neg 0.2889498155618664 off 0.26759374045279116	false	0.5
umtauschen	neg 1.0		__DUMMY__ 0.4532441839357623 neg 0.29177354654936644 off 0.25498226951487124	false	1.0
zum			__DUMMY__ 0.4610906359066204 neg 0.29295737083816714 off 0.24595199325521255	false	0.0
zersetzen	neg 1.0		__DUMMY__ 0.4533834111184369 neg 0.2980614414068862 off 0.24855514747467697	false	1.0
zur			__DUMMY__ 0.4589219724125145 neg 0.2968952279956729 off 0.2441827995918125	false	0.0
frust	neg 1.0		__DUMMY__ 0.45429569949726234 neg 0.29231901761361434 off 0.2533852828891233	false	1.0
unerbittlichkeit	neg 1.0		__DUMMY__ 0.45398076326098274 neg 0.297300597087366 off 0.24871863965165122	false	1.0
zwei			__DUMMY__ 0.4595755651268362 neg 0.2936292838860212 off 0.24679515098714253	false	0.0
unkorrekt	neg 1.0		__DUMMY__ 0.4495618031443464 neg 0.28520412285061286 off 0.26523407400504057	false	1.0
hexe	off 1.0		__DUMMY__ 0.4458598666889775 neg 0.2947055031608503 off 0.2594346301501722	false	0.5
lasch	neg 1.0		__DUMMY__ 0.44965963310976476 neg 0.29086140363246327 off 0.2594789632577721	false	1.0
rivale	neg 1.0		__DUMMY__ 0.44858670221177105 neg 0.2879630159581871 off 0.2634502818300418	false	1.0
mutlos	off 1.0	off 1.0	off 0.6118683926591743 __DUMMY__ 0.21918206621674036 neg 0.1689495411240855	false	1.0
wirr	off 1.0		__DUMMY__ 0.4466516801175857 neg 0.2883123126283973 off 0.265036007254017	false	0.5
jahr			__DUMMY__ 0.46131253496393104 neg 0.28776801534768687 off 0.25091944968838203	false	0.0
wird			__DUMMY__ 0.45436900121714763 neg 0.29359992365787585 off 0.25203107512497663	false	0.0
strafbar	neg 1.0		__DUMMY__ 0.454519494965637 neg 0.29468026315196544 off 0.2508002418823977	false	1.0
erosion	neg 1.0		__DUMMY__ 0.45423154851108116 neg 0.28992922941738725 off 0.2558392220715317	false	1.0
eingehen	neg 1.0		__DUMMY__ 0.45364210576794406 neg 0.29567321366008315 off 0.25068468057197274	false	1.0
faul	off 1.0		__DUMMY__ 0.4514849137288906 neg 0.2879557842701625 off 0.26055930200094685	false	0.5
provisorium	neg 1.0		__DUMMY__ 0.4626217642552011 neg 0.29433219176521475 off 0.24304604397958418	false	1.0
schmerzen	neg 1.0		__DUMMY__ 0.452003668307147 neg 0.2944356382559184 off 0.25356069343693455	false	1.0
schrumpfen	neg 1.0		__DUMMY__ 0.45612465355147547 neg 0.3003092779201549 off 0.24356606852836946	false	1.0
geistlos	off 1.0		__DUMMY__ 0.4485405705820989 neg 0.29410758632527323 off 0.2573518430926278	false	0.5
fehlkauf	neg 1.0		__DUMMY__ 0.4514690622778309 neg 0.2913946034110689 off 0.2571363343111002	false	1.0
frustrierend	neg 1.0		__DUMMY__ 0.4514923653503029 neg 0.2883089936265834 off 0.26019864102311385	false	1.0
unzufrieden	neg 1.0		__DUMMY__ 0.4530445775442705 neg 0.29458584885343214 off 0.2523695736022975	false	1.0
verzweifeln	neg 1.0		__DUMMY__ 0.4533289256696079 neg 0.2924523945552565 off 0.2542186797751355	false	1.0
verzweifelt	neg 1.0	neg 1.0	neg 0.6367173704966008 __DUMMY__ 0.21782730421106777 off 0.1454553252923314	false	1.0
misstrauensantrag	neg 1.0		__DUMMY__ 0.45135071381546715 neg 0.29108361636777347 off 0.2575656698167593	false	1.0
abfallen	neg 1.0		__DUMMY__ 0.4538690722943545 neg 0.2892528416671201 off 0.2568780860385253	false	1.0
fucker	off 1.0		__DUMMY__ 0.4492724427672389 neg 0.2862766733575998 off 0.2644508838751614	false	0.5
ungezogen	neg 1.0		__DUMMY__ 0.44424253720317686 neg 0.28303638790123986 off 0.2727210748955833	false	1.0
irrsinnig	neg 1.0	neg 1.0	neg 0.6362067277674449 __DUMMY__ 0.21820657648106873 off 0.14558669575148636	false	1.0
unfassbar	neg 1.0		__DUMMY__ 0.45095920489167785 neg 0.2861179349275359 off 0.2629228601807864	false	1.0
hart	neg 1.0		__DUMMY__ 0.4480945950757055 neg 0.2910053019944234 off 0.2609001029298709	false	1.0
widerlich	off 1.0		__DUMMY__ 0.4487311581198733 neg 0.2883560287661967 off 0.2629128131139299	false	0.5
fatal	neg 1.0		__DUMMY__ 0.45140998509031166 neg 0.2907450166955177 off 0.2578449982141707	false	1.0
bruch	neg 1.0		__DUMMY__ 0.45591199841333313 neg 0.2966392439435289 off 0.24744875764313815	false	1.0
aushungern	neg 1.0		__DUMMY__ 0.45353180297302315 neg 0.29364006499579787 off 0.252828132031179	false	1.0
anspannung	neg 1.0		__DUMMY__ 0.45852166838686087 neg 0.29661272534213484 off 0.24486560627100423	false	1.0
von			__DUMMY__ 0.46244499751848844 neg 0.2861836764264953 off 0.2513713260550163	false	0.0
kraftlos	neg 1.0		__DUMMY__ 0.45434345691452693 neg 0.29299825304039867 off 0.2526582900450744	false	1.0
vom			__DUMMY__ 0.46282759749635705 neg 0.29349381739869035 off 0.24367858510495252	false	0.0
grenzdebil	off 1.0		__DUMMY__ 0.4507339214587532 neg 0.2859926166081641 off 0.26327346193308276	false	0.5
vor			__DUMMY__ 0.45711906882380515 neg 0.29408592790894506 off 0.24879500326724976	false	0.0
unterwerfen	neg 1.0		__DUMMY__ 0.4537037055264662 neg 0.2954998376836885 off 0.2507964567898453	false	1.0
versenkung	neg 1.0		__DUMMY__ 0.4558608677275043 neg 0.29232201484875614 off 0.25181711742373936	false	1.0
entziehen	neg 1.0		__DUMMY__ 0.45551364861095534 neg 0.29695510101108863 off 0.247531250377956	false	1.0
finanzkrise	neg 1.0		__DUMMY__ 0.4502340649996404 neg 0.29722109390189005 off 0.2525448410984696	false	1.0
schimpfend	neg 1.0		__DUMMY__ 0.45144348088851893 neg 0.2911913189337968 off 0.25736520017768433	false	1.0
profan	neg 1.0		__DUMMY__ 0.45108532064934737 neg 0.29052035276726834 off 0.25839432658338435	false	1.0
korruption	neg 1.0		__DUMMY__ 0.4528011355170056 neg 0.29615300384873716 off 0.25104586063425716	false	1.0
â			__DUMMY__ 0.4549563391669647 neg 0.29286898673243494 off 0.25217467410060046	false	0.0
schmutzig	neg 1.0		__DUMMY__ 0.4507346301580349 neg 0.28543679153036555 off 0.26382857831159956	false	1.0
sexy	neg 1.0		__DUMMY__ 0.45175527382043384 neg 0.28844789368291607 off 0.2597968324966502	false	1.0
abraten	neg 1.0		__DUMMY__ 0.45303331755597953 neg 0.28867730196995867 off 0.2582893804740617	false	1.0
schwarz	neg 1.0		__DUMMY__ 0.45164404441830297 neg 0.29136392430169367 off 0.25699203128000336	false	1.0
fotze	off 1.0	off 1.0	off 0.613435471789055 __DUMMY__ 0.21977399323893654 neg 0.16679053497200844	false	1.0
verwirren	neg 1.0		__DUMMY__ 0.451629047886746 neg 0.289147992008194 off 0.25922296010505996	false	1.0
zahnlos	off 1.0		__DUMMY__ 0.4527739113664643 neg 0.29393018222102013 off 0.2532959064125156	false	0.5
verheeren	neg 1.0		__DUMMY__ 0.44374736225750433 neg 0.2822257075746068 off 0.2740269301678888	false	1.0
hippie	neg 1.0		__DUMMY__ 0.4515219389999351 neg 0.28926763317788845 off 0.25921042782217657	false	1.0
rammen	neg 1.0		__DUMMY__ 0.44800320647036107 neg 0.29689016954724984 off 0.2551066239823892	false	1.0
unlauter	neg 1.0		__DUMMY__ 0.45082645259669224 neg 0.29331598574549217 off 0.25585756165781554	false	1.0
unheilvoll	neg 1.0		__DUMMY__ 0.45088457841340074 neg 0.29221963521308625 off 0.2568957863735131	false	1.0
niedrig	neg 1.0		__DUMMY__ 0.45288523479772874 neg 0.2981902595634811 off 0.24892450563879015	false	1.0
explosion	neg 1.0		__DUMMY__ 0.45218392441614136 neg 0.28891796240194306 off 0.2588981131819155	false	1.0
weichei	off 1.0	off 1.0	off 0.6222436495322663 __DUMMY__ 0.2151719236951956 neg 0.16258442677253804	false	1.0
minusmensch	off 1.0		__DUMMY__ 0.44044544362267646 neg 0.2903122092598823 off 0.26924234711744116	false	0.5
farblos	neg 1.0		__DUMMY__ 0.4515115627247208 neg 0.29451529067502774 off 0.25397314660025144	false	1.0
unwissend	neg 1.0	neg 1.0	neg 0.6339374095304593 __DUMMY__ 0.2176240243342559 off 0.14843856613528475	false	1.0
traurig	neg 1.0		__DUMMY__ 0.44983888827480756 neg 0.28441171034606216 off 0.26574940137913017	false	1.0
senkung	neg 1.0		__DUMMY__ 0.44988928514515775 neg 0.29231149822982216 off 0.25779921662502014	false	1.0
ungleich	neg 1.0	neg 1.0	neg 0.6379963253414989 __DUMMY__ 0.2201403851184279 off 0.14186328954007318	false	1.0
heikel	neg 1.0		__DUMMY__ 0.45409974808130577 neg 0.2959226402847892 off 0.24997761163390503	false	1.0
drosselung	neg 1.0		__DUMMY__ 0.44891931234200994 neg 0.2888880983785738 off 0.2621925892794164	false	1.0
falsch	neg 1.0		__DUMMY__ 0.4512223793353966 neg 0.2883441766067467 off 0.26043344405785673	false	1.0
unzufriedenheit	neg 1.0		__DUMMY__ 0.4547945619997772 neg 0.297028164338566 off 0.24817727366165676	false	1.0
kurz	neg 1.0		__DUMMY__ 0.4562703290414103 neg 0.28903520726957294 off 0.25469446368901677	false	1.0
unsinnig	neg 1.0		__DUMMY__ 0.4527375455274078 neg 0.2936343819324282 off 0.2536280725401641	false	1.0
penner	off 1.0	off 1.0	off 0.6232985998152528 __DUMMY__ 0.2149598221650458 neg 0.1617415780197013	false	1.0
seicht	neg 1.0		__DUMMY__ 0.4443139628236999 neg 0.28352168302463737 off 0.27216435415166274	false	1.0
dummheit	off 1.0	off 1.0	off 0.6166034392414592 __DUMMY__ 0.21700911379659876 neg 0.16638744696194208	false	1.0
unerfreulich	neg 1.0		__DUMMY__ 0.45582335130071816 neg 0.29461186580665055 off 0.24956478289263126	false	1.0
motherfucker	off 1.0	off 1.0	off 0.6196754038734741 __DUMMY__ 0.216842813155501 neg 0.1634817829710249	false	1.0
pikiert	neg 1.0		__DUMMY__ 0.4485037513347777 neg 0.2897953596339885 off 0.26170088903123373	false	1.0
wrack	neg 1.0		__DUMMY__ 0.4524991216475647 neg 0.29568494314603777 off 0.25181593520639756	false	1.0
gangster	neg 1.0		__DUMMY__ 0.4514506105686576 neg 0.2892893668609626 off 0.25926002257037967	false	1.0
krank	neg 1.0		__DUMMY__ 0.4514352820495543 neg 0.28499321572560143 off 0.2635715022248444	false	1.0
reich	neg 1.0		__DUMMY__ 0.45045665013359054 neg 0.28829461869956713 off 0.26124873116684233	false	1.0
gnadenlos	neg 1.0		__DUMMY__ 0.45150630880613585 neg 0.2921055417301111 off 0.2563881494637531	false	1.0
niedergeschlagen	neg 1.0		__DUMMY__ 0.45352322846974064 neg 0.2928537893986322 off 0.253622982131627	false	1.0
terrorisieren	off 1.0	off 1.0	off 0.6124135682229502 __DUMMY__ 0.22009215113138983 neg 0.16749428064565997	false	1.0
sinnlosigkeit	neg 1.0		__DUMMY__ 0.4530971368545563 neg 0.2941612859592787 off 0.2527415771861649	false	1.0
behindern	neg 1.0		__DUMMY__ 0.4529321299520069 neg 0.2927935671747905 off 0.25427430287320274	false	1.0
undemokratisch	neg 1.0		__DUMMY__ 0.45198390009652956 neg 0.2918093537775209 off 0.2562067461259496	false	1.0
wirtschaftskrise	neg 1.0		__DUMMY__ 0.45171763275520216 neg 0.2979916411949864 off 0.2502907260498115	false	1.0
neid	neg 1.0		__DUMMY__ 0.4530698998291828 neg 0.2859901885046353 off 0.2609399116661818	false	1.0
rutschen	neg 1.0		__DUMMY__ 0.4598351434094895 neg 0.2934352849299982 off 0.24672957166051215	false	1.0
rezession	neg 1.0		__DUMMY__ 0.444099386564794 neg 0.2921528271964917 off 0.2637477862387145	false	1.0
fehlgeburt	neg 1.0		__DUMMY__ 0.4520013496844954 neg 0.29079375136798613 off 0.25720489894751836	false	1.0
charakterschwach	off 1.0		__DUMMY__ 0.44877962459340104 neg 0.288565080522 off 0.26265529488459893	false	0.5
isolation	neg 1.0		__DUMMY__ 0.4515966425763215 neg 0.2885835979458667 off 0.2598197594778119	false	1.0
ablenkung	neg 1.0		__DUMMY__ 0.45441586100813125 neg 0.2894393466676755 off 0.25614479232419324	false	1.0
pech	neg 1.0		__DUMMY__ 0.4517442437241128 neg 0.28815931291487407 off 0.2600964433610132	false	1.0
vermeidung	neg 1.0		__DUMMY__ 0.44931672367465014 neg 0.28813980910756104 off 0.2625434672177888	false	1.0
dominieren	neg 1.0		__DUMMY__ 0.4540919956193339 neg 0.2953715729664796 off 0.2505364314141865	false	1.0
schwindlig	neg 1.0		__DUMMY__ 0.45261932319701625 neg 0.289115769712408 off 0.2582649070905757	false	1.0
lutscher	neg 1.0	neg 1.0	neg 0.6312231213320229 __DUMMY__ 0.21404776050506166 off 0.15472911816291546	false	1.0
pflicht	neg 1.0		__DUMMY__ 0.4546520883030407 neg 0.29673364385393486 off 0.24861426784302443	false	1.0
faschist	off 1.0		__DUMMY__ 0.45123396969706214 neg 0.2895226385236104 off 0.25924339177932754	false	0.5
verschleudern	neg 1.0		__DUMMY__ 0.4544672734246577 neg 0.2956332878498451 off 0.24989943872549703	false	1.0
wenn			__DUMMY__ 0.45109216140058006 neg 0.28838855408951264 off 0.26051928450990725	false	0.0
ehebruch	neg 1.0		__DUMMY__ 0.45322218558531124 neg 0.2956170117413121 off 0.25116080267337665	false	1.0
spott	off 1.0		__DUMMY__ 0.4535848448039287 neg 0.29567947530360084 off 0.25073567989247036	false	0.5
trostlosigkeit	neg 1.0		__DUMMY__ 0.45469105955358047 neg 0.2976393017749532 off 0.24766963867146627	false	1.0
lutschen	neg 1.0		__DUMMY__ 0.44877194573112233 neg 0.2925679629242127 off 0.258660091344665	false	1.0
undiszipliniert	neg 1.0		__DUMMY__ 0.4491866455898042 neg 0.2860312262220204 off 0.26478212818817554	false	1.0
kopfschmerz	neg 1.0		__DUMMY__ 0.4512563936776639 neg 0.2969662425970365 off 0.25177736372529963	false	1.0
unvorhergesehen	neg 1.0		__DUMMY__ 0.4573955838636894 neg 0.2918968567466231 off 0.25070755938968753	false	1.0
desinteressiert	neg 1.0	neg 1.0	neg 0.6331800905863639 __DUMMY__ 0.21690218370460368 off 0.1499177257090324	false	1.0
armselig	off 1.0		__DUMMY__ 0.44757796124704113 neg 0.28734662887405726 off 0.2650754098789017	false	0.5
desaster	neg 1.0		__DUMMY__ 0.4560268954248146 neg 0.2972306863374677 off 0.2467424182377177	false	1.0
tod	neg 1.0		__DUMMY__ 0.4533078408137947 neg 0.29551073308768033 off 0.25118142609852495	false	1.0
herzlos	neg 1.0		__DUMMY__ 0.4484925109914642 neg 0.2861820594795105 off 0.2653254295290252	false	1.0
unwissenheit	neg 1.0		__DUMMY__ 0.4526789397562251 neg 0.29521049546559913 off 0.25211056477817584	false	1.0
widersinnig	neg 1.0		__DUMMY__ 0.45165322704468475 neg 0.2964856491721787 off 0.2518611237831366	false	1.0
bedenklich	neg 1.0		__DUMMY__ 0.4534370050540825 neg 0.2952949477550861 off 0.25126804719083146	false	1.0
beanstanden	neg 1.0		__DUMMY__ 0.45556451922479974 neg 0.2959061147312062 off 0.24852936604399406	false	1.0
panisch	neg 1.0	neg 1.0	neg 0.6330726028439876 __DUMMY__ 0.21984010532904494 off 0.14708729182696742	false	1.0
debil	off 1.0		__DUMMY__ 0.4587067264794597 neg 0.29893193158884157 off 0.24236134193169878	false	0.5
abstrich	neg 1.0		__DUMMY__ 0.4556684228855075 neg 0.2895316913358459 off 0.25479988577864654	false	1.0
primitiv	neg 1.0		__DUMMY__ 0.4488075176533482 neg 0.28795808609008305 off 0.2632343962565687	false	1.0
abschaum	off 1.0	off 1.0	off 0.6183906971412177 __DUMMY__ 0.21699883718467977 neg 0.1646104656741025	false	1.0
provozieren	neg 1.0		__DUMMY__ 0.4508011683481197 neg 0.2932882865620839 off 0.2559105450897964	false	1.0
tot	neg 1.0		__DUMMY__ 0.45318483304661905 neg 0.29500624323231783 off 0.2518089237210631	false	1.0
instabil	neg 1.0		__DUMMY__ 0.4478949397728376 neg 0.2878237205458122 off 0.2642813396813502	false	1.0
schwuchtel	off 1.0	off 1.0	off 0.6266676087203203 __DUMMY__ 0.2123024968674925 neg 0.1610298944121871	false	1.0
zerren	neg 1.0		__DUMMY__ 0.45357333165909297 neg 0.2934790880364387 off 0.2529475803044683	false	1.0
kinderficker	off 1.0		__DUMMY__ 0.4473167761375562 neg 0.284290595847179 off 0.26839262801526476	false	0.5
gefahr	neg 1.0		__DUMMY__ 0.4557818291954359 neg 0.29591869774120594 off 0.24829947306335817	false	1.0
rabiat	neg 1.0		__DUMMY__ 0.4528306495260425 neg 0.29162756958311686 off 0.25554178089084073	false	1.0
verlangsamung	neg 1.0		__DUMMY__ 0.4430996796775577 neg 0.2881866486120915 off 0.2687136717103508	false	1.0
ausgestorben	neg 1.0		__DUMMY__ 0.4535527669704267 neg 0.29106151647125345 off 0.25538571655831976	false	1.0
anklagen	neg 1.0		__DUMMY__ 0.4527574418014368 neg 0.2959872966529081 off 0.251255261545655	false	1.0
trott	neg 1.0		__DUMMY__ 0.452914156628525 neg 0.2923512783659145 off 0.2547345650055605	false	1.0
verminderung	neg 1.0		__DUMMY__ 0.4495907290953537 neg 0.28717128703063666 off 0.26323798387400976	false	1.0
nach			__DUMMY__ 0.46049837224716195 neg 0.29407770048938325 off 0.24542392726345494	false	0.0
rost	neg 1.0		__DUMMY__ 0.44599140538108706 neg 0.2857442973002219 off 0.2682642973186911	false	1.0
destruktiv	neg 1.0		__DUMMY__ 0.45207485742547543 neg 0.2930951435670694 off 0.2548299990074553	false	1.0
unzumutbarkeit	neg 1.0		__DUMMY__ 0.4500602819180595 neg 0.2883751783719174 off 0.26156453971002297	false	1.0
labil	off 1.0	off 1.0	off 0.617897887855301 __DUMMY__ 0.21735744805888793 neg 0.16474466408581104	false	1.0
ziemlich	neg 1.0		__DUMMY__ 0.45158768487093776 neg 0.28544045666025225 off 0.26297185846881	false	1.0
lachnummer	off 1.0		__DUMMY__ 0.45178535814307536 neg 0.2926134801036763 off 0.25560116175324826	false	0.5
oder			__DUMMY__ 0.4540552228240842 neg 0.28892786314808194 off 0.25701691402783367	false	0.0
verfall	neg 1.0		__DUMMY__ 0.4566377103827157 neg 0.29949431537252413 off 0.24386797424476003	false	1.0
ausgrenzung	neg 1.0		__DUMMY__ 0.4515606625581372 neg 0.29161808832961067 off 0.2568212491122522	false	1.0
unordnung	neg 1.0		__DUMMY__ 0.4503064364443659 neg 0.28478560137166353 off 0.2649079621839704	false	1.0
fehlverhalten	neg 1.0		__DUMMY__ 0.4532889639638206 neg 0.2978424520421692 off 0.24886858399401027	false	1.0
eine			__DUMMY__ 0.45696439352333695 neg 0.29346756842533595 off 0.24956803805132702	false	0.0
nille	neg 1.0		__DUMMY__ 0.4534157202652804 neg 0.2917677591693807 off 0.25481652056533893	false	1.0
qual	neg 1.0		__DUMMY__ 0.4532089574752597 neg 0.2924619556776498 off 0.25432908684709055	false	1.0
verschwenden	neg 1.0		__DUMMY__ 0.45329035697018194 neg 0.2963706063647402 off 0.2503390366650778	false	1.0
riesig	neg 1.0		__DUMMY__ 0.454259463188073 neg 0.29460732007416107 off 0.25113321673776606	false	1.0
verurteilen	neg 1.0		__DUMMY__ 0.4519465303023668 neg 0.2963609559669592 off 0.251692513730674	false	1.0
klischee	neg 1.0	neg 1.0	neg 0.6350815037118064 __DUMMY__ 0.2175507405494605 off 0.1473677557387331	false	1.0
diktatorisch	neg 1.0		__DUMMY__ 0.45105569806387963 neg 0.2929090005296141 off 0.25603530140650627	false	1.0
vorhersehbar	neg 1.0		__DUMMY__ 0.4501215185142306 neg 0.29111339064059544 off 0.2587650908451739	false	1.0
sowie			__DUMMY__ 0.44569612576205275 neg 0.2874641766942507 off 0.2668396975436965	false	0.0
stornieren	neg 1.0		__DUMMY__ 0.45660550802678496 neg 0.2840048482836299 off 0.2593896436895851	false	1.0
besteuerung	neg 1.0		__DUMMY__ 0.4489878843012708 neg 0.29648601761098714 off 0.25452609808774207	false	1.0
ungeschminkt	neg 1.0		__DUMMY__ 0.44571307945734606 neg 0.2929036297095817 off 0.26138329083307227	false	1.0
kritisch	neg 1.0		__DUMMY__ 0.4540221827197885 neg 0.29483200421960715 off 0.2511458130606045	false	1.0
schlamperei	off 1.0		__DUMMY__ 0.4550351392216625 neg 0.29529604638621854 off 0.2496688143921189	false	0.5
sucht	neg 1.0	neg 1.0	neg 0.6330834243116158 __DUMMY__ 0.22095242176355998 off 0.1459641539248243	false	1.0
egoistisch	off 1.0		__DUMMY__ 0.4462154568670528 neg 0.28551629626119707 off 0.26826824687175005	false	0.5
ausbeuter	off 1.0		__DUMMY__ 0.452775125368914 neg 0.2985524929712813 off 0.24867238165980476	false	0.5
arschgeburt	off 1.0		__DUMMY__ 0.43919783459392264 neg 0.2854580424499876 off 0.27534412295608973	false	0.5
schubs	neg 1.0		__DUMMY__ 0.4539716230924949 neg 0.2928527173419904 off 0.2531756595655147	false	1.0
unsolide	neg 1.0		__DUMMY__ 0.45024668989225214 neg 0.293128087848383 off 0.2566252222593647	false	1.0
beschwerde	neg 1.0		__DUMMY__ 0.45320177360896596 neg 0.29683316720861114 off 0.24996505918242293	false	1.0
stocken	neg 1.0		__DUMMY__ 0.4540370500190437 neg 0.2963179115808618 off 0.24964503840009455	false	1.0
isolieren	neg 1.0		__DUMMY__ 0.45412339680523356 neg 0.2940607104432585 off 0.25181589275150806	false	1.0
unheilbar	neg 1.0		__DUMMY__ 0.45299848189669145 neg 0.2911533295131585 off 0.25584818859014996	false	1.0
pisser	off 1.0		__DUMMY__ 0.4460883537642167 neg 0.29027932584515087 off 0.26363232039063234	false	0.5
löschen	neg 1.0		__DUMMY__ 0.45259265245226993 neg 0.2924053978706736 off 0.2550019496770565	false	1.0
durchfallen	neg 1.0		__DUMMY__ 0.4529648029850075 neg 0.29540066045602037 off 0.2516345365589722	false	1.0
wichser	off 1.0	off 1.0	off 0.625253169883352 __DUMMY__ 0.21395765097586616 neg 0.16078917914078192	false	1.0
terror	neg 1.0		__DUMMY__ 0.45190430353987177 neg 0.28910429354506123 off 0.258991402915067	false	1.0
krass	neg 1.0		__DUMMY__ 0.4472477164677773 neg 0.287090021510713 off 0.2656622620215098	false	1.0
revolte	neg 1.0		__DUMMY__ 0.450682336513378 neg 0.2923227903435689 off 0.2569948731430532	false	1.0
besorgt	neg 1.0		__DUMMY__ 0.45631731678561155 neg 0.28941802476835854 off 0.25426465844602975	false	1.0
nachlassen	neg 1.0		__DUMMY__ 0.4561513732999406 neg 0.2933304234342128 off 0.2505182032658466	false	1.0
alt	neg 1.0		__DUMMY__ 0.4526504035748858 neg 0.2955629051410633 off 0.251786691284051	false	1.0
hundesohn	off 1.0		__DUMMY__ 0.44289288680856775 neg 0.28501298452213947 off 0.27209412866929267	false	0.5
als			__DUMMY__ 0.45464228787828964 neg 0.2920063646948179 off 0.2533513474268925	false	0.0
abschreckung	neg 1.0		__DUMMY__ 0.4549304471212995 neg 0.2971373416976827 off 0.24793221118101794	false	1.0
unqualifiziert	neg 1.0		__DUMMY__ 0.44991413673873976 neg 0.2902355309383752 off 0.259850332322885	false	1.0
abgewichst	off 1.0		__DUMMY__ 0.45412096140238367 neg 0.2916316599418177 off 0.2542473786557987	false	0.5
schwer	neg 1.0		__DUMMY__ 0.4528025519406249 neg 0.2925128756196402 off 0.25468457243973486	false	1.0
bedeutungslosigkeit	neg 1.0		__DUMMY__ 0.45449205883397165 neg 0.2963426944243051 off 0.24916524674172336	false	1.0
kapitulation	neg 1.0		__DUMMY__ 0.4539847305657837 neg 0.2954087093160265 off 0.2506065601181898	false	1.0
unscharf	neg 1.0		__DUMMY__ 0.4496136156428444 neg 0.2929405444363831 off 0.2574458399207723	false	1.0
schwinden	neg 1.0		__DUMMY__ 0.45426067946488724 neg 0.29716927876956983 off 0.2485700417655429	false	1.0
versklavung	neg 1.0		__DUMMY__ 0.45153707100012763 neg 0.29284384293175014 off 0.2556190860681222	false	1.0
schlecht	neg 1.0		__DUMMY__ 0.45163838562084874 neg 0.2851525589304988 off 0.26320905544865253	false	1.0
verhasst	neg 1.0		__DUMMY__ 0.4497026296760467 neg 0.29408927194865164 off 0.2562080983753016	false	1.0
beschweren	neg 1.0		__DUMMY__ 0.4524798108126106 neg 0.28947638650776497 off 0.2580438026796245	false	1.0
scheiden	neg 1.0		__DUMMY__ 0.45451239218174533 neg 0.28969573536605203 off 0.25579187245220264	false	1.0
frustriert	neg 1.0		__DUMMY__ 0.45279839737904026 neg 0.293683370618336 off 0.2535182320026237	false	1.0
schimmelig	neg 1.0		__DUMMY__ 0.450680206394636 neg 0.2986692768347643 off 0.2506505167705997	false	1.0
fisch	neg 1.0		__DUMMY__ 0.45287104219833973 neg 0.2994650070514434 off 0.247663950750217	false	1.0
schmuggel	neg 1.0		__DUMMY__ 0.4530404177300403 neg 0.29805578218324974 off 0.2489038000867099	false	1.0
auffallen	neg 1.0		__DUMMY__ 0.4519518467866709 neg 0.28916163549463036 off 0.25888651771869875	false	1.0
konkurrenz	neg 1.0		__DUMMY__ 0.4563556307851399 neg 0.2955641048423897 off 0.2480802643724704	false	1.0
teufelskreis	neg 1.0	neg 1.0	neg 0.6374823771598286 __DUMMY__ 0.21818524953132293 off 0.14433237330884852	false	1.0
aufschreien	neg 1.0		__DUMMY__ 0.450718338661074 neg 0.29075874960373654 off 0.2585229117351893	false	1.0
schuldner	neg 1.0		__DUMMY__ 0.4529116370505158 neg 0.2993565769238577 off 0.24773178602562657	false	1.0
missgeburt	off 1.0	off 1.0	off 0.6219563518275545 __DUMMY__ 0.21355454536205823 neg 0.16448910281038723	false	1.0
arbeitslos	neg 1.0		__DUMMY__ 0.4527297367244557 neg 0.2952955460233196 off 0.2519747172522248	false	1.0
befallen	neg 1.0		__DUMMY__ 0.4504743950207585 neg 0.29750616558158344 off 0.2520194393976581	false	1.0
miesepetrig	off 1.0	off 1.0	off 0.6189134114711284 __DUMMY__ 0.21804376280466642 neg 0.16304282572420514	false	1.0
alarmieren	neg 1.0		__DUMMY__ 0.4479990028355943 neg 0.2928206879084029 off 0.2591803092560029	false	1.0
ungeduscht	off 1.0		__DUMMY__ 0.4484336179547713 neg 0.2921384159889294 off 0.25942796605629925	false	0.5
knappheit	neg 1.0		__DUMMY__ 0.45197677199434705 neg 0.29712900554267313 off 0.2508942224629798	false	1.0
schlange	neg 1.0		__DUMMY__ 0.4545461445673359 neg 0.2873819286466127 off 0.25807192678605123	false	1.0
harsch	neg 1.0		__DUMMY__ 0.4487530997245211 neg 0.2839080891518299 off 0.26733881112364916	false	1.0
lang	neg 1.0		__DUMMY__ 0.45265374048153745 neg 0.291137636607961 off 0.25620862291050156	false	1.0
ziellos	neg 1.0		__DUMMY__ 0.4555269831675678 neg 0.29245295137102 off 0.25202006546141226	false	1.0
selbstverliebt	neg 1.0		__DUMMY__ 0.44231139505180156 neg 0.28395946187722465 off 0.2737291430709737	false	1.0
beseitigen	neg 1.0		__DUMMY__ 0.45367061875068043 neg 0.29282271803094867 off 0.25350666321837084	false	1.0
dumm	off 1.0		__DUMMY__ 0.4466993087006475 neg 0.2839131773611229 off 0.2693875139382296	false	0.5
arbeitsloser	neg 1.0		__DUMMY__ 0.4550795148173367 neg 0.2920743710888792 off 0.25284611409378405	false	1.0
blitzen	neg 1.0		__DUMMY__ 0.4517867517879186 neg 0.28900290450444605 off 0.25921034370763546	false	1.0
hilflos	neg 1.0		__DUMMY__ 0.45240329223890047 neg 0.29488709931448814 off 0.2527096084466114	false	1.0
eklig	off 1.0		__DUMMY__ 0.4439441570958368 neg 0.2869971083816818 off 0.26905873452248147	false	0.5
begriff			__DUMMY__ 0.45325845365747536 neg 0.29207173119599494 off 0.2546698151465296	false	0.0
hungersnot	neg 1.0		__DUMMY__ 0.4524869093552249 neg 0.2959635356377295 off 0.25154955500704557	false	1.0
ungesetzlich	neg 1.0		__DUMMY__ 0.4505303891841678 neg 0.29396886677312517 off 0.2555007440427071	false	1.0
verschwendung	neg 1.0		__DUMMY__ 0.4541461069342908 neg 0.29584368526877913 off 0.25001020779693006	false	1.0
schmerzvoll	neg 1.0		__DUMMY__ 0.4517497621059842 neg 0.2909693414212347 off 0.25728089647278113	false	1.0
vorzeitig	neg 1.0		__DUMMY__ 0.45035232925631224 neg 0.2916703073955541 off 0.2579773633481337	false	1.0
unvollkommenheit	neg 1.0		__DUMMY__ 0.4562286025300541 neg 0.29111400489915346 off 0.2526573925707925	false	1.0
intervenieren	neg 1.0		__DUMMY__ 0.4535486753804733 neg 0.2969205166736167 off 0.2495308079459101	false	1.0
banause	off 1.0		__DUMMY__ 0.4412932861895715 neg 0.287317618104685 off 0.2713890957057435	false	0.5
rebell	neg 1.0		__DUMMY__ 0.45483415378135417 neg 0.29994129243659257 off 0.24522455378205338	false	1.0
unlogisch	neg 1.0		__DUMMY__ 0.44802522804881123 neg 0.287030012649475 off 0.2649447593017138	false	1.0
leiden	neg 1.0		__DUMMY__ 0.457007141683602 neg 0.2932228702613131 off 0.24976998805508477	false	1.0
abschaffung	neg 1.0		__DUMMY__ 0.45239074692689335 neg 0.29210602332866936 off 0.2555032297444373	false	1.0
sturz	neg 1.0		__DUMMY__ 0.45186050230734603 neg 0.29344374745681673 off 0.2546957502358372	false	1.0
verkleinerung	neg 1.0		__DUMMY__ 0.44932881068861463 neg 0.2927529967965552 off 0.25791819251483017	false	1.0
schmarotzer	off 1.0		__DUMMY__ 0.45223170977942906 neg 0.29489628049573524 off 0.25287200972483576	false	0.5
bestrafung	neg 1.0		__DUMMY__ 0.4516182984656423 neg 0.29216789087116235 off 0.25621381066319543	false	1.0
achtlos	neg 1.0	neg 1.0	neg 0.6358491872797551 __DUMMY__ 0.21953188015920977 off 0.14461893256103514	false	1.0
ungeheuer	neg 1.0		__DUMMY__ 0.4515471530356226 neg 0.2904227920212127 off 0.25803005494316467	false	1.0
unaufrichtig	neg 1.0		__DUMMY__ 0.45395985715476134 neg 0.28607769174517417 off 0.2599624511000645	false	1.0
groggy	neg 1.0		__DUMMY__ 0.4512116745286974 neg 0.29001020442698433 off 0.25877812104431824	false	1.0
verletzlich	neg 1.0		__DUMMY__ 0.4474258499309281 neg 0.29071779526502484 off 0.26185635480404706	false	1.0
ablehnen	neg 1.0		__DUMMY__ 0.4539788742439615 neg 0.2939785702030456 off 0.25204255555299304	false	1.0
