unsolidarisch	neg 1.0		neg 0.5016402614471975 off 0.4332587180396752 __DUMMY__ 0.06510102051312731	false	1.0
nachteilig	neg 1.0		neg 0.5036251032330936 off 0.43066273752376427 __DUMMY__ 0.06571215924314211	false	1.0
skeptisch	neg 1.0		neg 0.5043208857543157 off 0.4299447196601365 __DUMMY__ 0.06573439458554783	false	1.0
schrecklich	neg 1.0		neg 0.48941609426912147 off 0.44576369125966003 __DUMMY__ 0.06482021447121859	false	1.0
schlapp	neg 1.0		neg 0.49317533224304444 off 0.4417088433986921 __DUMMY__ 0.06511582435826344	false	1.0
abfall	neg 1.0		neg 0.5070198116293415 off 0.4268826256977491 __DUMMY__ 0.0660975626729094	false	1.0
widerspenstig	neg 1.0		neg 0.4990087120667978 off 0.43559725168281005 __DUMMY__ 0.065394036250392	false	1.0
abrupt	neg 1.0		neg 0.503249304306124 off 0.43101273995662226 __DUMMY__ 0.06573795573725359	false	1.0
unwirksam	neg 1.0		neg 0.5021537388080437 off 0.4328475543846381 __DUMMY__ 0.06499870680731817	false	1.0
angreifen	neg 1.0		neg 0.5059095652559096 off 0.4285669080706516 __DUMMY__ 0.0655235266734389	false	1.0
inkonsistent	neg 1.0		neg 0.5011668725627423 off 0.4339187832488597 __DUMMY__ 0.06491434418839807	false	1.0
abrutschen	neg 1.0		neg 0.5074918175935346 off 0.42659060833869833 __DUMMY__ 0.06591757406776724	false	1.0
unsicher	neg 1.0		neg 0.49744081597720674 off 0.43684722362505457 __DUMMY__ 0.06571196039773883	false	1.0
bauernkind	off 1.0	off 1.0	off 0.7051171247503634 neg 0.26471355218852016 __DUMMY__ 0.030169323061116464	false	1.0
angreifer	neg 1.0	neg 1.0	neg 0.7358908378658285 off 0.2330718358440711 __DUMMY__ 0.031037326290100354	false	1.0
trennen	neg 1.0		neg 0.5032349114546192 off 0.4307857147057998 __DUMMY__ 0.06597937383958108	false	1.0
schmutz	neg 1.0		neg 0.4970602496881419 off 0.43750049513962386 __DUMMY__ 0.06543925517223428	false	1.0
inkonsistenz	neg 1.0		neg 0.4967712586347432 off 0.4386372044750074 __DUMMY__ 0.06459153689024934	false	1.0
erschreckend	neg 1.0		neg 0.5007229252448465 off 0.4339104714856483 __DUMMY__ 0.06536660326950511	false	1.0
ertrinken	neg 1.0		neg 0.5060266136213104 off 0.42855400901949126 __DUMMY__ 0.06541937735919841	false	1.0
pickelface	off 1.0		neg 0.5007076187517525 off 0.43386654508220224 __DUMMY__ 0.06542583616604514	false	0.5
seiner			neg 0.5040591356123293 off 0.43022816079132703 __DUMMY__ 0.06571270359634383	false	0.0
lauch	neg 1.0		neg 0.5070239438371518 off 0.4270820186935143 __DUMMY__ 0.06589403746933388	false	1.0
unwichtig	neg 1.0		neg 0.49468011662062034 off 0.44032349165697987 __DUMMY__ 0.06499639172239986	false	1.0
steuerhinterziehung	neg 1.0	neg 1.0	neg 0.7387550805980436 off 0.23015184282634948 __DUMMY__ 0.031093076575606827	false	1.0
schock	neg 1.0		neg 0.5007574903993388 off 0.43383192952784166 __DUMMY__ 0.06541058007281932	false	1.0
beule	neg 1.0		neg 0.49439990482870555 off 0.4408717226046589 __DUMMY__ 0.06472837256663545	false	1.0
vergelten	neg 1.0		neg 0.4892123706359171 off 0.44563558661822406 __DUMMY__ 0.06515204274585873	false	1.0
verdorbenheit	neg 1.0		neg 0.4970449017544548 off 0.4373289956760281 __DUMMY__ 0.06562610256951704	false	1.0
trauma	neg 1.0		neg 0.4986929774954125 off 0.43599976034724175 __DUMMY__ 0.06530726215734578	false	1.0
sinnlos	neg 1.0		neg 0.4965706177850305 off 0.4381007082382696 __DUMMY__ 0.06532867397669993	false	1.0
fettsack	off 1.0	off 1.0	off 0.7065496921064516 neg 0.2631642817617038 __DUMMY__ 0.03028602613184459	false	1.0
feige	off 1.0	off 1.0	off 0.7043474174046581 neg 0.2649481657665909 __DUMMY__ 0.030704416828750965	false	1.0
abdanken	neg 1.0		neg 0.5010523998314584 off 0.4336183387856247 __DUMMY__ 0.06532926138291696	false	1.0
wichtigtuer	off 1.0	off 1.0	off 0.7035943485369265 neg 0.26548682167749993 __DUMMY__ 0.030918829785573563	false	1.0
misslingen	neg 1.0		neg 0.49453253034975847 off 0.4394227109526847 __DUMMY__ 0.06604475869755676	false	1.0
untreu	off 1.0		neg 0.4939005015579311 off 0.44109512080195684 __DUMMY__ 0.06500437764011194	false	0.5
missmutig	neg 1.0		neg 0.4946157147128741 off 0.4403172406767119 __DUMMY__ 0.06506704461041406	false	1.0
hurenbock	off 1.0		neg 0.4983985472242112 off 0.43645222429014646 __DUMMY__ 0.0651492284856422	false	0.5
betrunken	neg 1.0		neg 0.4917443482864127 off 0.44329257093323676 __DUMMY__ 0.06496308078035046	false	1.0
korrupt	off 1.0		neg 0.5044707339084379 off 0.43035771468957923 __DUMMY__ 0.06517155140198301	false	0.5
unmut	neg 1.0		neg 0.506953536610551 off 0.42706107231186446 __DUMMY__ 0.06598539107758448	false	1.0
hackfresse	off 1.0		neg 0.4873519549207213 off 0.44831478502316036 __DUMMY__ 0.06433326005611846	false	0.5
aufblasen	neg 1.0		neg 0.49659854630758077 off 0.43799378163771213 __DUMMY__ 0.06540767205470698	false	1.0
gewaltsam	neg 1.0		neg 0.5027756778266573 off 0.43196668683172684 __DUMMY__ 0.0652576353416158	false	1.0
unbeliebtheit	neg 1.0		neg 0.4980872345386413 off 0.4372115151576802 __DUMMY__ 0.06470125030367853	false	1.0
sturheit	neg 1.0		neg 0.5021546499254209 off 0.4325499033532159 __DUMMY__ 0.06529544672136306	false	1.0
kuh	neg 1.0		neg 0.5011993822910189 off 0.43425992161108656 __DUMMY__ 0.06454069609789452	false	1.0
erschrecken	neg 1.0		neg 0.4938663161674818 off 0.44088421442639947 __DUMMY__ 0.06524946940611871	false	1.0
opfer	neg 1.0		neg 0.5032407372134494 off 0.43115609774129965 __DUMMY__ 0.06560316504525095	false	1.0
sinken	neg 1.0		neg 0.5064395269470107 off 0.4276294866695651 __DUMMY__ 0.0659309863834242	false	1.0
stinktier	neg 1.0		neg 0.4953624225023862 off 0.4408827469801578 __DUMMY__ 0.06375483051745615	false	1.0
tucke	off 1.0		neg 0.48913719925007726 off 0.44704517408110284 __DUMMY__ 0.06381762666881989	false	0.5
ein			neg 0.4982632461729282 off 0.4364138858161378 __DUMMY__ 0.06532286801093388	false	0.0
abstieg	neg 1.0		neg 0.5052112293330205 off 0.4292378640333754 __DUMMY__ 0.06555090663360405	false	1.0
missverstehen	neg 1.0		neg 0.49706848965758543 off 0.43787428915705917 __DUMMY__ 0.06505722118535537	false	1.0
ergebnislos	neg 1.0		neg 0.5048793291919184 off 0.4294485890404546 __DUMMY__ 0.06567208176762698	false	1.0
unter			neg 0.5096052623224229 off 0.4237622182338304 __DUMMY__ 0.06663251944374667	false	0.0
manipulieren	neg 1.0		neg 0.5044086335950704 off 0.42977431436887475 __DUMMY__ 0.06581705203605492	false	1.0
unbewiesen	neg 1.0		neg 0.5025584666326135 off 0.43247266040811794 __DUMMY__ 0.06496887295926852	false	1.0
verschleppen	neg 1.0		neg 0.504704034140123 off 0.42996962409619477 __DUMMY__ 0.06532634176368224	false	1.0
weib	off 1.0		neg 0.49155943104870226 off 0.444883699094295 __DUMMY__ 0.06355686985700278	false	0.5
opposition	neg 1.0		neg 0.4995854339879709 off 0.4353956502050824 __DUMMY__ 0.06501891580694666	false	1.0
verkehrswidrig	neg 1.0		neg 0.4880191662622709 off 0.44689011009539525 __DUMMY__ 0.06509072364233373	false	1.0
inkorrekt	neg 1.0		neg 0.49227018795905386 off 0.44317491747748844 __DUMMY__ 0.0645548945634578	false	1.0
vermeiden	neg 1.0	neg 1.0	neg 0.7402224528306593 off 0.22811955762637068 __DUMMY__ 0.03165798954296988	false	1.0
abweichung	neg 1.0	neg 1.0	neg 0.7372236638573303 off 0.23135015601949582 __DUMMY__ 0.03142618012317384	false	1.0
alkoholisiert	neg 1.0		neg 0.503448515120018 off 0.4307919471931001 __DUMMY__ 0.06575953768688184	false	1.0
scheiss	off 1.0	off 1.0	off 0.705051806495625 neg 0.2642029804584763 __DUMMY__ 0.03074521304589866	false	1.0
herausforderung	neg 1.0		neg 0.5028052876567373 off 0.4312317528516891 __DUMMY__ 0.06596295949157366	false	1.0
pervers	off 1.0		neg 0.4855445952578051 off 0.45059349191439957 __DUMMY__ 0.06386191282779527	false	0.5
wackelig	neg 1.0		neg 0.4979974817467594 off 0.4359617864345943 __DUMMY__ 0.06604073181864623	false	1.0
verwickeln	neg 1.0		neg 0.4974271497025837 off 0.43744786827812465 __DUMMY__ 0.0651249820192916	false	1.0
vorwand	neg 1.0		neg 0.505458088950894 off 0.4288593482546502 __DUMMY__ 0.06568256279445575	false	1.0
muschi	off 1.0		neg 0.5004541338229922 off 0.4341124120366652 __DUMMY__ 0.06543345414034263	false	0.5
entmutigung	neg 1.0		neg 0.49913704477429205 off 0.4356673393492968 __DUMMY__ 0.06519561587641108	false	1.0
unangemessen	neg 1.0		neg 0.5023780194506501 off 0.43232738614288496 __DUMMY__ 0.06529459440646483	false	1.0
unstetig	neg 1.0		neg 0.49680300734788163 off 0.4380023617171622 __DUMMY__ 0.06519463093495614	false	1.0
entmutigen	neg 1.0		neg 0.4981093264715226 off 0.43651430757411996 __DUMMY__ 0.06537636595435733	false	1.0
schwanz	neg 1.0		neg 0.5034458879273561 off 0.4310300550089698 __DUMMY__ 0.06552405706367406	false	1.0
verbot	neg 1.0		neg 0.5033792105389086 off 0.43117994347075833 __DUMMY__ 0.06544084599033312	false	1.0
leid	neg 1.0		neg 0.4892163021251465 off 0.4463006753925433 __DUMMY__ 0.06448302248231005	false	1.0
archaisch	neg 1.0		neg 0.5018214854831302 off 0.432839781324625 __DUMMY__ 0.06533873319224467	false	1.0
gegen			neg 0.5067722885337951 off 0.4273489573046073 __DUMMY__ 0.06587875416159764	false	0.0
scheidung	neg 1.0		neg 0.47794912079034824 off 0.4579155284309984 __DUMMY__ 0.06413535077865326	false	1.0
einschlag	neg 1.0		neg 0.4913288635995247 off 0.4438501210290313 __DUMMY__ 0.06482101537144391	false	1.0
m			neg 0.5007757492676133 off 0.4335145005675834 __DUMMY__ 0.06570975016480328	false	0.0
abgestanden	neg 1.0		neg 0.5006119070858398 off 0.4343500640779511 __DUMMY__ 0.06503802883620903	false	1.0
schmierig	off 1.0		neg 0.4892503235627911 off 0.44609822338911626 __DUMMY__ 0.06465145304809257	false	0.5
unpraktisch	neg 1.0		neg 0.49721189540144517 off 0.43742926761745643 __DUMMY__ 0.06535883698109843	false	1.0
wixxer	off 1.0		neg 0.48705526098412866 off 0.4493526763343735 __DUMMY__ 0.0635920626814978	false	0.5
bezeichnet			neg 0.5013337036651447 off 0.4335816148538203 __DUMMY__ 0.06508468148103497	false	0.0
jammerlappen	off 1.0		neg 0.4932105809817625 off 0.44156994497860697 __DUMMY__ 0.06521947403963058	false	0.5
farce	neg 1.0		neg 0.5032311918194041 off 0.43153066426328784 __DUMMY__ 0.06523814391730794	false	1.0
zwecklos	neg 1.0		neg 0.5025742401904549 off 0.43207644100016684 __DUMMY__ 0.0653493188093782	false	1.0
turbulent	neg 1.0		neg 0.4951505052811733 off 0.440254895511592 __DUMMY__ 0.0645945992072346	false	1.0
invasion	neg 1.0		neg 0.49750773236141244 off 0.437259911031013 __DUMMY__ 0.0652323566075746	false	1.0
schuld	neg 1.0		neg 0.4990730632735209 off 0.4357348425667992 __DUMMY__ 0.06519209415967993	false	1.0
risiko	neg 1.0	neg 1.0	neg 0.7352510911876436 off 0.23353799816139326 __DUMMY__ 0.03121091065096312	false	1.0
finster	neg 1.0		neg 0.49960328281362787 off 0.43536730774842114 __DUMMY__ 0.06502940943795087	false	1.0
geisteskrank	off 1.0		neg 0.4946292653187616 off 0.44077455183143294 __DUMMY__ 0.06459618284980534	false	0.5
zusammenbrechen	neg 1.0		neg 0.5008483968888103 off 0.4335685658805892 __DUMMY__ 0.0655830372306006	false	1.0
ausbeute	neg 1.0		neg 0.4967776799312389 off 0.43666769217216617 __DUMMY__ 0.0665546278965948	false	1.0
hinterhalt	neg 1.0		neg 0.500712219966394 off 0.43366464805558746 __DUMMY__ 0.06562313197801842	false	1.0
kritik	neg 1.0		neg 0.5036703119779441 off 0.43111390801724603 __DUMMY__ 0.06521578000480993	false	1.0
einschrumpfen	neg 1.0		neg 0.4975676315373289 off 0.43764704946881094 __DUMMY__ 0.06478531899386021	false	1.0
riskant	neg 1.0		neg 0.5050784648336192 off 0.4294215182569995 __DUMMY__ 0.06550001690938125	false	1.0
frustrieren	neg 1.0		neg 0.5033498589848372 off 0.43109115273904164 __DUMMY__ 0.06555898827612115	false	1.0
groll	neg 1.0		neg 0.5031884401912572 off 0.4314522181857839 __DUMMY__ 0.06535934162295891	false	1.0
gibt			neg 0.50015597602818 off 0.4341719840416109 __DUMMY__ 0.06567203993020919	false	0.0
qualvoll	neg 1.0		neg 0.4968049015285678 off 0.4380965149589153 __DUMMY__ 0.06509858351251702	false	1.0
wackeln	neg 1.0		neg 0.49704420282792267 off 0.43738819813407975 __DUMMY__ 0.06556759903799765	false	1.0
klagen	neg 1.0		neg 0.5067080745344809 off 0.42743778579042974 __DUMMY__ 0.06585413967508934	false	1.0
bankrott	neg 1.0		neg 0.49398904290165846 off 0.44076468619305814 __DUMMY__ 0.06524627090528344	false	1.0
trauern	neg 1.0		neg 0.5034660599198312 off 0.4308542291004715 __DUMMY__ 0.0656797109796972	false	1.0
ablehnung	neg 1.0		neg 0.5035205843550571 off 0.43118368045943034 __DUMMY__ 0.06529573518551271	false	1.0
stur	neg 1.0		neg 0.4985831074885999 off 0.4361949448837878 __DUMMY__ 0.0652219476276124	false	1.0
aufruhr	neg 1.0	neg 1.0	neg 0.7375523982856423 off 0.23133912209257773 __DUMMY__ 0.03110847962178002	false	1.0
melancholie	neg 1.0		neg 0.502929237166287 off 0.431534863229214 __DUMMY__ 0.06553589960449897	false	1.0
ist			neg 0.49676952082970455 off 0.4378804520236497 __DUMMY__ 0.06535002714664559	false	0.0
torheit	neg 1.0		neg 0.4990081780070153 off 0.4356022541357481 __DUMMY__ 0.06538956785723671	false	1.0
dreckskind	off 1.0		neg 0.4914573675288614 off 0.44459569753826506 __DUMMY__ 0.06394693493287361	false	0.5
umtauschen	neg 1.0		neg 0.4992631683284575 off 0.4352765373601351 __DUMMY__ 0.06546029431140733	false	1.0
zum			neg 0.5045401740632216 off 0.4287828777120505 __DUMMY__ 0.06667694822472789	false	0.0
zersetzen	neg 1.0		neg 0.5062841312015501 off 0.4282212717232599 __DUMMY__ 0.0654945970751899	false	1.0
zur			neg 0.5077829664790786 off 0.4258707457110593 __DUMMY__ 0.06634628780986214	false	0.0
frust	neg 1.0		neg 0.5005403238749846 off 0.4338223637230514 __DUMMY__ 0.06563731240196402	false	1.0
unerbittlichkeit	neg 1.0		neg 0.5057674164579379 off 0.42864702466678195 __DUMMY__ 0.06558555887528014	false	1.0
zwei			neg 0.504493634465113 off 0.4290618435721433 __DUMMY__ 0.06644452196274371	false	0.0
unkorrekt	neg 1.0		neg 0.4905406361671315 off 0.44457324030864565 __DUMMY__ 0.06488612352422278	false	1.0
hexe	off 1.0		neg 0.4987848197363664 off 0.4369030557342419 __DUMMY__ 0.0643121245293916	false	0.5
lasch	neg 1.0		neg 0.4966646673447282 off 0.4384208786447267 __DUMMY__ 0.06491445401054505	false	1.0
rivale	neg 1.0		neg 0.49295689185319347 off 0.44230880662914884 __DUMMY__ 0.06473430151765769	false	1.0
mutlos	off 1.0	off 1.0	off 0.6991285424449604 neg 0.2697611747215002 __DUMMY__ 0.03111028283353948	false	1.0
wirr	off 1.0		neg 0.49239815932415554 off 0.44316675159628854 __DUMMY__ 0.06443508907955585	false	0.5
jahr			neg 0.49907178622632986 off 0.43422426011112114 __DUMMY__ 0.06670395366254898	false	0.0
wird			neg 0.5019220648741013 off 0.4324290598725735 __DUMMY__ 0.06564887525332516	false	0.0
strafbar	neg 1.0		neg 0.5032563855584969 off 0.4310765642731409 __DUMMY__ 0.06566705016836216	false	1.0
erosion	neg 1.0		neg 0.49786731429423126 off 0.4365104304006356 __DUMMY__ 0.06562225530513317	false	1.0
eingehen	neg 1.0		neg 0.5038244387312303 off 0.4306378902673446 __DUMMY__ 0.06553767100142514	false	1.0
faul	off 1.0		neg 0.4943199004417528 off 0.44049126835615643 __DUMMY__ 0.06518883120209089	false	0.5
provisorium	neg 1.0		neg 0.5067961534140892 off 0.42628790109911435 __DUMMY__ 0.06691594548679639	false	1.0
schmerzen	neg 1.0		neg 0.501514127179826 off 0.4332180151162713 __DUMMY__ 0.0652678577039027	false	1.0
schrumpfen	neg 1.0		neg 0.5100844562725428 off 0.4240023208915445 __DUMMY__ 0.06591322283591257	false	1.0
geistlos	off 1.0		neg 0.49965038195608746 off 0.43560977590348876 __DUMMY__ 0.0647398421404237	false	0.5
fehlkauf	neg 1.0		neg 0.49812498502160346 off 0.4366812841109129 __DUMMY__ 0.06519373086748362	false	1.0
frustrierend	neg 1.0		neg 0.49478109472137655 off 0.44002027641002434 __DUMMY__ 0.06519862886859908	false	1.0
unzufrieden	neg 1.0		neg 0.5023646447841752 off 0.43218950920075105 __DUMMY__ 0.06544584601507367	false	1.0
verzweifeln	neg 1.0		neg 0.5001795391161027 off 0.43433250089248254 __DUMMY__ 0.06548795999141474	false	1.0
verzweifelt	neg 1.0	neg 1.0	neg 0.7368194869920798 off 0.23226675313566914 __DUMMY__ 0.030913759872251107	false	1.0
misstrauensantrag	neg 1.0		neg 0.49766763083816695 off 0.4371625005512184 __DUMMY__ 0.06516986861061456	false	1.0
abfallen	neg 1.0		neg 0.4969123087682073 off 0.4375274812798453 __DUMMY__ 0.06556020995194736	false	1.0
fucker	off 1.0		neg 0.4915300486491534 off 0.4436123501764942 __DUMMY__ 0.06485760117435233	false	0.5
ungezogen	neg 1.0		neg 0.48547274591226525 off 0.45046218258078585 __DUMMY__ 0.06406507150694889	false	1.0
irrsinnig	neg 1.0	neg 1.0	neg 0.7364864139378221 off 0.23254483426657935 __DUMMY__ 0.030968751795598683	false	1.0
unfassbar	neg 1.0		neg 0.4921578316930998 off 0.4427275363917129 __DUMMY__ 0.06511463191518739	false	1.0
hart	neg 1.0		neg 0.4960095459862098 off 0.4393364639739892 __DUMMY__ 0.0646539900398011	false	1.0
widerlich	off 1.0		neg 0.4934666246749158 off 0.4417630637071313 __DUMMY__ 0.06477031161795281	false	0.5
fatal	neg 1.0		neg 0.49738769359838203 off 0.4374214674766918 __DUMMY__ 0.06519083892492623	false	1.0
bruch	neg 1.0		neg 0.5060823360826747 off 0.4280418946910976 __DUMMY__ 0.06587576922622779	false	1.0
aushungern	neg 1.0		neg 0.5017196446388736 off 0.4327722607283936 __DUMMY__ 0.06550809463273288	false	1.0
anspannung	neg 1.0		neg 0.5072558852008926 off 0.4264634501309019 __DUMMY__ 0.06628066466820545	false	1.0
von			neg 0.49798450931007254 off 0.4351427845302889 __DUMMY__ 0.06687270615963853	false	0.0
kraftlos	neg 1.0		neg 0.5012435790409194 off 0.43311769049822196 __DUMMY__ 0.06563873046085866	false	1.0
vom			neg 0.5059740368669166 off 0.42708255296696057 __DUMMY__ 0.06694341016612292	false	0.0
grenzdebil	off 1.0		neg 0.49189842413732127 off 0.4430238480227846 __DUMMY__ 0.0650777278398942	false	0.5
vor			neg 0.5038416369362838 off 0.43008472163084915 __DUMMY__ 0.06607364143286698	false	0.0
unterwerfen	neg 1.0		neg 0.5037044789902323 off 0.4307542138243253 __DUMMY__ 0.06554130718544235	false	1.0
versenkung	neg 1.0		neg 0.5013675654103164 off 0.4327538559028793 __DUMMY__ 0.06587857868680445	false	1.0
entziehen	neg 1.0		neg 0.5061648111878105 off 0.4280095720638551 __DUMMY__ 0.06582561674833451	false	1.0
finanzkrise	neg 1.0		neg 0.5038223299614202 off 0.43118133848017964 __DUMMY__ 0.06499633155840015	false	1.0
schimpfend	neg 1.0		neg 0.4977748145815226 off 0.43704818195373923 __DUMMY__ 0.06517700346473815	false	1.0
profan	neg 1.0		neg 0.4969402614109018 off 0.4379250836372093 __DUMMY__ 0.06513465495188886	false	1.0
korruption	neg 1.0		neg 0.5040028399889643 off 0.4306003374872408 __DUMMY__ 0.06539682252379499	false	1.0
â			neg 0.5014005022541692 off 0.43286143334653665 __DUMMY__ 0.06573806439929414	false	0.0
schmutzig	neg 1.0		neg 0.4913040353397817 off 0.4436192845632158 __DUMMY__ 0.06507668009700267	false	1.0
sexy	neg 1.0		neg 0.495065706838956 off 0.4396919819509164 __DUMMY__ 0.06524231121012758	false	1.0
abraten	neg 1.0		neg 0.49591851297187584 off 0.4386477243120281 __DUMMY__ 0.06543376271609608	false	1.0
schwarz	neg 1.0		neg 0.4981616366023947 off 0.43661284426928043 __DUMMY__ 0.06522551912832485	false	1.0
fotze	off 1.0	off 1.0	off 0.7009801770747848 neg 0.2678273165299485 __DUMMY__ 0.03119250639526678	false	1.0
verwirren	neg 1.0		neg 0.49576170430251215 off 0.4390168425136599 __DUMMY__ 0.06522145318382809	false	1.0
zahnlos	off 1.0		neg 0.5015459744261821 off 0.43305086069349613 __DUMMY__ 0.06540316488032177	false	0.5
verheeren	neg 1.0		neg 0.48445710415461285 off 0.4515586049558099 __DUMMY__ 0.0639842908895772	false	1.0
hippie	neg 1.0		neg 0.4958461828000174 off 0.4389461529704246 __DUMMY__ 0.06520766422955801	false	1.0
rammen	neg 1.0		neg 0.5021925311366068 off 0.4331667359529495 __DUMMY__ 0.06464073291044377	false	1.0
unlauter	neg 1.0		neg 0.49991798592235065 off 0.43499815879442366 __DUMMY__ 0.06508385528322566	false	1.0
unheilvoll	neg 1.0		neg 0.4986302281717189 off 0.43627665329983806 __DUMMY__ 0.06509311852844313	false	1.0
niedrig	neg 1.0		neg 0.5061098621870459 off 0.42849243238650025 __DUMMY__ 0.06539770542645393	false	1.0
explosion	neg 1.0		neg 0.4957799150837733 off 0.43891520192615385 __DUMMY__ 0.0653048829900729	false	1.0
weichei	off 1.0	off 1.0	off 0.7081198761183795 neg 0.2613584374795746 __DUMMY__ 0.030521686402045944	false	1.0
minusmensch	off 1.0		neg 0.49152895547753295 off 0.44498949735363025 __DUMMY__ 0.06348154716883683	false	0.5
farblos	neg 1.0		neg 0.5014294520320125 off 0.4333938206022361 __DUMMY__ 0.06517672736575128	false	1.0
unwissend	neg 1.0	neg 1.0	neg 0.7339040479062946 off 0.23521466383002254 __DUMMY__ 0.030881288263682926	false	1.0
traurig	neg 1.0		neg 0.489750826523111 off 0.4453112572841388 __DUMMY__ 0.06493791619275029	false	1.0
senkung	neg 1.0		neg 0.49828433751002965 off 0.436775241286699 __DUMMY__ 0.06494042120327143	false	1.0
ungleich	neg 1.0	neg 1.0	neg 0.7392323981002386 off 0.22951934116400197 __DUMMY__ 0.0312482607357595	false	1.0
heikel	neg 1.0		neg 0.504322971470398 off 0.4300697701321241 __DUMMY__ 0.06560725839747779	false	1.0
drosselung	neg 1.0		neg 0.4941040838824831 off 0.4411106866088379 __DUMMY__ 0.06478522950867904	false	1.0
falsch	neg 1.0		neg 0.494679330379723 off 0.44016436256451624 __DUMMY__ 0.06515630705576071	false	1.0
unzufriedenheit	neg 1.0		neg 0.5058940015755912 off 0.42839279866003005 __DUMMY__ 0.0657131997643787	false	1.0
kurz	neg 1.0		neg 0.4979104838139486 off 0.4361540734199378 __DUMMY__ 0.06593544276611367	false	1.0
unsinnig	neg 1.0		neg 0.5011866842761117 off 0.43341776585082054 __DUMMY__ 0.06539554987306766	false	1.0
penner	off 1.0	off 1.0	off 0.7090849223986273 neg 0.2604234015550096 __DUMMY__ 0.03049167604636315	false	1.0
seicht	neg 1.0		neg 0.48609179158412996 off 0.4498272791733874 __DUMMY__ 0.06408092924248279	false	1.0
dummheit	off 1.0	off 1.0	off 0.7030907280608267 neg 0.266114982145954 __DUMMY__ 0.030794289793219205	false	1.0
unerfreulich	neg 1.0		neg 0.5037472524895025 off 0.43038288880624986 __DUMMY__ 0.06586985870424755	false	1.0
motherfucker	off 1.0	off 1.0	off 0.7061231688755492 neg 0.26310821902989817 __DUMMY__ 0.0307686120945526	false	1.0
pikiert	neg 1.0		neg 0.4949101518260809 off 0.4403551940435735 __DUMMY__ 0.06473465413034571	false	1.0
wrack	neg 1.0		neg 0.5032201008545719 off 0.43144722416531456 __DUMMY__ 0.06533267498011354	false	1.0
gangster	neg 1.0		neg 0.49582337107376534 off 0.4389808675850576 __DUMMY__ 0.06519576134117697	false	1.0
krank	neg 1.0		neg 0.4911291745921181 off 0.44369003293515924 __DUMMY__ 0.06518079247272278	false	1.0
reich	neg 1.0		neg 0.4943054523478034 off 0.44068642162546107 __DUMMY__ 0.06500812602673559	false	1.0
gnadenlos	neg 1.0		neg 0.4989113208791182 off 0.43588175554358105 __DUMMY__ 0.06520692357730078	false	1.0
niedergeschlagen	neg 1.0		neg 0.5006930703012075 off 0.4337971503171876 __DUMMY__ 0.06550977938160497	false	1.0
terrorisieren	off 1.0	off 1.0	off 0.700043291898554 neg 0.26871383404868965 __DUMMY__ 0.03124287405275643	false	1.0
sinnlosigkeit	neg 1.0		neg 0.5019263856911823 off 0.432621799353157 __DUMMY__ 0.0654518149556608	false	1.0
behindern	neg 1.0		neg 0.5002984480277731 off 0.43427830287421454 __DUMMY__ 0.06542324909801236	false	1.0
undemokratisch	neg 1.0		neg 0.49894472557012337 off 0.43578641818963965 __DUMMY__ 0.06526885624023698	false	1.0
wirtschaftskrise	neg 1.0		neg 0.5054301707354678 off 0.4293422612984195 __DUMMY__ 0.0652275679661126	false	1.0
neid	neg 1.0		neg 0.49303724808511024 off 0.4415291576542649 __DUMMY__ 0.06543359426062476	false	1.0
rutschen	neg 1.0		neg 0.5044081899647114 off 0.4291075179139292 __DUMMY__ 0.0664842921213595	false	1.0
rezession	neg 1.0		neg 0.4952636153498805 off 0.4406902363180925 __DUMMY__ 0.06404614833202696	false	1.0
fehlgeburt	neg 1.0		neg 0.4977354562852502 off 0.43701527640903387 __DUMMY__ 0.06524926730571597	false	1.0
charakterschwach	off 1.0		neg 0.4937494297431086 off 0.441474835541309 __DUMMY__ 0.0647757347155824	false	0.5
isolation	neg 1.0		neg 0.4951064498108433 off 0.43968082617700666 __DUMMY__ 0.06521272401215004	false	1.0
ablenkung	neg 1.0		neg 0.49745589501145826 off 0.436892295309015 __DUMMY__ 0.06565180967952665	false	1.0
pech	neg 1.0		neg 0.49464419245386476 off 0.44013236144287865 __DUMMY__ 0.06522344610325667	false	1.0
vermeidung	neg 1.0		neg 0.49347498591706446 off 0.4416724674646963 __DUMMY__ 0.06485254661823923	false	1.0
dominieren	neg 1.0		neg 0.5037323197965631 off 0.43067871776313305 __DUMMY__ 0.06558896244030389	false	1.0
schwindlig	neg 1.0		neg 0.49610239819739527 off 0.4385350013159825 __DUMMY__ 0.06536260048662233	false	1.0
lutscher	neg 1.0	neg 1.0	neg 0.7294835490918079 off 0.24015978863305085 __DUMMY__ 0.030356662275141316	false	1.0
pflicht	neg 1.0		neg 0.5055013326268659 off 0.4288045302448689 __DUMMY__ 0.06569413712826502	false	1.0
faschist	off 1.0		neg 0.49611465062870586 off 0.438734038665693 __DUMMY__ 0.06515131070560133	false	0.5
verschleudern	neg 1.0		neg 0.5042427085793124 off 0.4301085486075208 __DUMMY__ 0.06564874281316666	false	1.0
wenn			neg 0.49466130195788965 off 0.44020136216439404 __DUMMY__ 0.06513733587771633	false	0.0
ehebruch	neg 1.0		neg 0.5036214097243675 off 0.4309144849271564 __DUMMY__ 0.06546410534847621	false	1.0
spott	off 1.0		neg 0.503868085359214 off 0.43060839197231593 __DUMMY__ 0.06552352266847002	false	0.5
trostlosigkeit	neg 1.0		neg 0.5064918983258355 off 0.4278181763778381 __DUMMY__ 0.06568992529632639	false	1.0
lutschen	neg 1.0		neg 0.4980524063765312 off 0.437178118057068 __DUMMY__ 0.06476947556640059	false	1.0
undiszipliniert	neg 1.0		neg 0.4911540664558518 off 0.44401118806012496 __DUMMY__ 0.06483474548402314	false	1.0
kopfschmerz	neg 1.0		neg 0.5038713959247606 off 0.4309798189555994 __DUMMY__ 0.06514878511964002	false	1.0
unvorhergesehen	neg 1.0		neg 0.5014879656378759 off 0.4324132103535282 __DUMMY__ 0.06609882400859592	false	1.0
desinteressiert	neg 1.0	neg 1.0	neg 0.7328024257511419 off 0.23642192716808486 __DUMMY__ 0.030775647080773315	false	1.0
armselig	off 1.0		neg 0.4918199458831755 off 0.44358734236767045 __DUMMY__ 0.06459271174915408	false	0.5
desaster	neg 1.0		neg 0.5067639865246037 off 0.42733508366655937 __DUMMY__ 0.06590092980883704	false	1.0
tod	neg 1.0		neg 0.5034646547148474 off 0.431078749104464 __DUMMY__ 0.06545659618068869	false	1.0
herzlos	neg 1.0		neg 0.4909899098425001 off 0.44427910560169254 __DUMMY__ 0.06473098455580735	false	1.0
unwissenheit	neg 1.0		neg 0.5028766584422304 off 0.43173911188977 __DUMMY__ 0.0653842296679996	false	1.0
widersinnig	neg 1.0		neg 0.5037848920409997 off 0.43099347364667007 __DUMMY__ 0.06522163431233022	false	1.0
bedenklich	neg 1.0		neg 0.5033233859856708 off 0.43117122178125644 __DUMMY__ 0.06550539223307274	false	1.0
beanstanden	neg 1.0		neg 0.5050718256488715 off 0.429097247797531 __DUMMY__ 0.06583092655359736	false	1.0
panisch	neg 1.0	neg 1.0	neg 0.7340467253270859 off 0.2347519632361115 __DUMMY__ 0.031201311436802572	false	1.0
debil	off 1.0		neg 0.5097999976977478 off 0.42389343193210555 __DUMMY__ 0.06630657037014671	false	0.5
abstrich	neg 1.0		neg 0.4980544832756601 off 0.4361409016976048 __DUMMY__ 0.06580461502673521	false	1.0
primitiv	neg 1.0		neg 0.4930847435823976 off 0.4421326930381725 __DUMMY__ 0.06478256337942984	false	1.0
abschaum	off 1.0	off 1.0	off 0.7048754616506178 neg 0.26433281789651464 __DUMMY__ 0.030791720452867655	false	1.0
provozieren	neg 1.0		neg 0.4998380849084 off 0.4350646797143899 __DUMMY__ 0.0650972353772101	false	1.0
tot	neg 1.0		neg 0.502800773908142 off 0.43176470914531506 __DUMMY__ 0.0654345169465429	false	1.0
instabil	neg 1.0		neg 0.4924942895829526 off 0.44288341247792096 __DUMMY__ 0.06462229793912642	false	1.0
schwuchtel	off 1.0	off 1.0	off 0.7113943968579125 neg 0.2585008267026393 __DUMMY__ 0.030104776439448328	false	1.0
zerren	neg 1.0		neg 0.5014072910841687 off 0.4330683895709075 __DUMMY__ 0.06552431934492388	false	1.0
kinderficker	off 1.0		neg 0.4884684829659287 off 0.4469894145231769 __DUMMY__ 0.06454210251089434	false	0.5
gefahr	neg 1.0		neg 0.5052436130718909 off 0.4288991486924042 __DUMMY__ 0.06585723823570476	false	1.0
rabiat	neg 1.0		neg 0.4990629736786129 off 0.4355304996405793 __DUMMY__ 0.06540652668080783	false	1.0
verlangsamung	neg 1.0		neg 0.490553655480629 off 0.44556207212284565 __DUMMY__ 0.06388427239652526	false	1.0
ausgestorben	neg 1.0		neg 0.4987976671600269 off 0.4356830721978635 __DUMMY__ 0.06551926064210975	false	1.0
anklagen	neg 1.0		neg 0.5037881775589895 off 0.4308254989521704 __DUMMY__ 0.06538632348884008	false	1.0
trott	neg 1.0		neg 0.4998235476742136 off 0.4347531201825671 __DUMMY__ 0.06542333214321917	false	1.0
verminderung	neg 1.0		neg 0.49255354349917924 off 0.44255225866251025 __DUMMY__ 0.06489419783831057	false	1.0
nach			neg 0.5054657177928281 off 0.4279449519306136 __DUMMY__ 0.06658933027655836	false	0.0
rost	neg 1.0		neg 0.48930777847027446 off 0.44636689392090484 __DUMMY__ 0.06432532760882075	false	1.0
destruktiv	neg 1.0		neg 0.5002881428068905 off 0.4344216638550946 __DUMMY__ 0.06529019333801483	false	1.0
unzumutbarkeit	neg 1.0		neg 0.49415724595189775 off 0.4408810991850246 __DUMMY__ 0.06496165486307764	false	1.0
labil	off 1.0	off 1.0	off 0.704527100120319 neg 0.2646285929345724 __DUMMY__ 0.030844306945108556	false	1.0
ziemlich	neg 1.0		neg 0.49172591200973825 off 0.44306421898859394 __DUMMY__ 0.06520986900166797	false	1.0
lachnummer	off 1.0		neg 0.4996604373859751 off 0.43508997180331976 __DUMMY__ 0.06524959081070517	false	0.5
oder			neg 0.4966911323178639 off 0.4377155446715095 __DUMMY__ 0.06559332301062666	false	0.0
verfall	neg 1.0		neg 0.5094558089533616 off 0.4245486837162617 __DUMMY__ 0.06599550733037673	false	1.0
ausgrenzung	neg 1.0		neg 0.4985277551566038 off 0.4362692178500586 __DUMMY__ 0.06520302699333765	false	1.0
unordnung	neg 1.0		neg 0.49046265979100195 off 0.4445497386507071 __DUMMY__ 0.06498760155829095	false	1.0
fehlverhalten	neg 1.0		neg 0.5060418999937986 off 0.42847721783092324 __DUMMY__ 0.06548088217527817	false	1.0
eine			neg 0.5030674705141936 off 0.43088461445321535 __DUMMY__ 0.06604791503259097	false	0.0
nille	neg 1.0		neg 0.499542508054835 off 0.434961538381807 __DUMMY__ 0.06549595356335805	false	1.0
qual	neg 1.0		neg 0.5000993453046693 off 0.43443161091486043 __DUMMY__ 0.0654690437804704	false	1.0
verschwenden	neg 1.0		neg 0.5043497076094244 off 0.4301705729415083 __DUMMY__ 0.06547971944906726	false	1.0
riesig	neg 1.0		neg 0.5029307907643628 off 0.43145442524046007 __DUMMY__ 0.06561478399517709	false	1.0
verurteilen	neg 1.0		neg 0.5037843592393327 off 0.430945444198339 __DUMMY__ 0.0652701965623283	false	1.0
klischee	neg 1.0	neg 1.0	neg 0.7350449862126226 off 0.23408238027860334 __DUMMY__ 0.030872633508773978	false	1.0
diktatorisch	neg 1.0		neg 0.49967443133113004 off 0.4352003704585627 __DUMMY__ 0.06512519821030734	false	1.0
vorhersehbar	neg 1.0		neg 0.4971547124130126 off 0.4378566305412316 __DUMMY__ 0.06498865704575583	false	1.0
sowie			neg 0.4909934920426821 off 0.44471175983060923 __DUMMY__ 0.06429474812670868	false	0.0
stornieren	neg 1.0		neg 0.4927285699988611 off 0.4413009718450491 __DUMMY__ 0.06597045815608987	false	1.0
besteuerung	neg 1.0		neg 0.5023171423401699 off 0.4328802672557684 __DUMMY__ 0.06480259040406167	false	1.0
ungeschminkt	neg 1.0		neg 0.49675853269906567 off 0.4389469915478697 __DUMMY__ 0.06429447575306456	false	1.0
kritisch	neg 1.0		neg 0.5031507951252726 off 0.43125501866733973 __DUMMY__ 0.06559418620738788	false	1.0
schlamperei	off 1.0		neg 0.5042079990050506 off 0.4300519796035111 __DUMMY__ 0.06574002139143825	false	0.5
sucht	neg 1.0	neg 1.0	neg 0.7345984462785143 off 0.2340459774553822 __DUMMY__ 0.03135557626610349	false	1.0
egoistisch	off 1.0		neg 0.48915175832948826 off 0.4464718446257223 __DUMMY__ 0.06437639704478935	false	0.5
ausbeuter	off 1.0		neg 0.5065512737306299 off 0.4280489345386185 __DUMMY__ 0.06539979173075176	false	0.5
arschgeburt	off 1.0		neg 0.4856857325745069 off 0.4510255582536665 __DUMMY__ 0.06328870917182669	false	0.5
schubs	neg 1.0		neg 0.5008127564087864 off 0.43361918485444645 __DUMMY__ 0.06556805873676706	false	1.0
unsolide	neg 1.0		neg 0.49947806792474203 off 0.4355288912402493 __DUMMY__ 0.06499304083500873	false	1.0
beschwerde	neg 1.0		neg 0.5049190701715187 off 0.429624220273185 __DUMMY__ 0.06545670955529623	false	1.0
stocken	neg 1.0		neg 0.5047655587236103 off 0.42964788324606346 __DUMMY__ 0.0655865580303264	false	1.0
isolieren	neg 1.0		neg 0.5024005849771274 off 0.43200463312254056 __DUMMY__ 0.06559478190033215	false	1.0
unheilbar	neg 1.0		neg 0.49868273778299865 off 0.43589051421384917 __DUMMY__ 0.06542674800315226	false	1.0
pisser	off 1.0		neg 0.49425590831450483 off 0.44139172665017157 __DUMMY__ 0.06435236503532354	false	0.5
löschen	neg 1.0		neg 0.4997566471449709 off 0.43487213481904075 __DUMMY__ 0.06537121803598828	false	1.0
durchfallen	neg 1.0		neg 0.5031860585481994 off 0.4313838612062418 __DUMMY__ 0.06543008024555891	false	1.0
wichser	off 1.0	off 1.0	off 0.7106523226429603 neg 0.2590018502956447 __DUMMY__ 0.030345827061395006	false	1.0
terror	neg 1.0		neg 0.4957993409102875 off 0.4389421076504061 __DUMMY__ 0.06525855143930637	false	1.0
krass	neg 1.0		neg 0.49127245822036514 off 0.4441973904992752 __DUMMY__ 0.06453015128035974	false	1.0
revolte	neg 1.0		neg 0.49882687693613864 off 0.43610825592940516 __DUMMY__ 0.06506486713445625	false	1.0
besorgt	neg 1.0		neg 0.4984153241018073 off 0.4356447272505833 __DUMMY__ 0.06593994864760946	false	1.0
nachlassen	neg 1.0		neg 0.5025091786092858 off 0.4315831567863615 __DUMMY__ 0.06590766460435252	false	1.0
alt	neg 1.0		neg 0.5030870374526177 off 0.43155365918370264 __DUMMY__ 0.06535930336367957	false	1.0
hundesohn	off 1.0		neg 0.487087906543015 off 0.44905160049457943 __DUMMY__ 0.06386049296240545	false	0.5
als			neg 0.5003453446283017 off 0.43396795705838254 __DUMMY__ 0.0656866983133156	false	0.0
abschreckung	neg 1.0		neg 0.506124417419717 off 0.4281452491214926 __DUMMY__ 0.06573033345879042	false	1.0
unqualifiziert	neg 1.0		neg 0.49615126068727816 off 0.4388948916030784 __DUMMY__ 0.06495384770964352	false	1.0
abgewichst	off 1.0		neg 0.49970711835661885 off 0.4346886207947292 __DUMMY__ 0.06560426084865198	false	0.5
schwer	neg 1.0		neg 0.4999664972905153 off 0.43462811553064623 __DUMMY__ 0.06540538717883844	false	1.0
bedeutungslosigkeit	neg 1.0		neg 0.5050247813668145 off 0.4293084481883456 __DUMMY__ 0.06566677044483983	false	1.0
kapitulation	neg 1.0		neg 0.5038076432597743 off 0.43061167328120653 __DUMMY__ 0.06558068345901909	false	1.0
unscharf	neg 1.0		neg 0.49869345425689166 off 0.4364144819583137 __DUMMY__ 0.06489206378479456	false	1.0
schwinden	neg 1.0		neg 0.5058040234333748 off 0.4285746084048705 __DUMMY__ 0.06562136816175468	false	1.0
versklavung	neg 1.0		neg 0.49981552199114904 off 0.4349860645237431 __DUMMY__ 0.06519841348510784	false	1.0
schlecht	neg 1.0		neg 0.49146266767006297 off 0.44331784621197917 __DUMMY__ 0.06521948611795779	false	1.0
verhasst	neg 1.0		neg 0.5001562466395597 off 0.434917336652995 __DUMMY__ 0.06492641670744524	false	1.0
beschweren	neg 1.0		neg 0.4965474882978231 off 0.43809821388566544 __DUMMY__ 0.06535429781651163	false	1.0
scheiden	neg 1.0		neg 0.4977543811739806 off 0.4366030475470407 __DUMMY__ 0.06564257127897856	false	1.0
frustriert	neg 1.0		neg 0.5012408781435251 off 0.4333521595710792 __DUMMY__ 0.06540696228539561	false	1.0
schimmelig	neg 1.0		neg 0.5054074116399243 off 0.42953740720383593 __DUMMY__ 0.0650551811562398	false	1.0
fisch	neg 1.0		neg 0.5073543920448809 off 0.4272608272149865 __DUMMY__ 0.06538478074013257	false	1.0
schmuggel	neg 1.0		neg 0.5061408178851101 off 0.4284344029281747 __DUMMY__ 0.06542477918671505	false	1.0
auffallen	neg 1.0		neg 0.4959314636435371 off 0.4387974763493666 __DUMMY__ 0.06527106000709629	false	1.0
konkurrenz	neg 1.0		neg 0.505119840388133 off 0.42893182185723866 __DUMMY__ 0.06594833775462818	false	1.0
teufelskreis	neg 1.0	neg 1.0	neg 0.7377841841156323 off 0.23124923703166123 __DUMMY__ 0.030966578852706508	false	1.0
aufschreien	neg 1.0		neg 0.49704873959881957 off 0.43786944316450777 __DUMMY__ 0.06508181723667279	false	1.0
schuldner	neg 1.0		neg 0.5074815154198149 off 0.4271057322173484 __DUMMY__ 0.06541275236283685	false	1.0
missgeburt	off 1.0	off 1.0	off 0.7071390748669255 neg 0.2625752354151476 __DUMMY__ 0.030285689717926945	false	1.0
arbeitslos	neg 1.0		neg 0.502973883208987 off 0.43162926434238236 __DUMMY__ 0.06539685244863075	false	1.0
befallen	neg 1.0		neg 0.5042677627589143 off 0.4307047387020097 __DUMMY__ 0.06502749853907604	false	1.0
miesepetrig	off 1.0	off 1.0	off 0.7059063864013339 neg 0.26315482645311145 __DUMMY__ 0.030938787145554782	false	1.0
alarmieren	neg 1.0		neg 0.4980259803343713 off 0.4373239522323129 __DUMMY__ 0.0646500674333159	false	1.0
ungeduscht	off 1.0		neg 0.4972451626599819 off 0.4380414347634747 __DUMMY__ 0.0647134025765433	false	0.5
knappheit	neg 1.0		neg 0.5046027256291685 off 0.43013282806542685 __DUMMY__ 0.06526444630540469	false	1.0
schlange	neg 1.0		neg 0.4952882782849637 off 0.43904516681579114 __DUMMY__ 0.06566655489924517	false	1.0
harsch	neg 1.0		neg 0.4886898505874065 off 0.4465484630525274 __DUMMY__ 0.06476168636006617	false	1.0
lang	neg 1.0		neg 0.4984187919822427 off 0.43619910307028603 __DUMMY__ 0.06538210494747121	false	1.0
ziellos	neg 1.0		neg 0.5012706934440462 off 0.43290524000337055 __DUMMY__ 0.06582406655258326	false	1.0
selbstverliebt	neg 1.0		neg 0.4855442637503 off 0.4506841243532076 __DUMMY__ 0.06377161189649237	false	1.0
beseitigen	neg 1.0		neg 0.5007859758941942 off 0.43369457772409964 __DUMMY__ 0.06551944638170612	false	1.0
dumm	off 1.0		neg 0.4876458935296833 off 0.447903596937053 __DUMMY__ 0.06445050953326374	false	0.5
arbeitsloser	neg 1.0		neg 0.5007622934398153 off 0.433485388832015 __DUMMY__ 0.06575231772816967	false	1.0
blitzen	neg 1.0		neg 0.4957152615877146 off 0.43904084317302533 __DUMMY__ 0.06524389523926008	false	1.0
hilflos	neg 1.0		neg 0.5023269112503349 off 0.43232880355634956 __DUMMY__ 0.06534428519331552	false	1.0
eklig	off 1.0		neg 0.48956251167809584 off 0.4464147263319976 __DUMMY__ 0.0640227619899065	false	0.5
begriff			neg 0.4997707200556478 off 0.43475582960777814 __DUMMY__ 0.06547345033657409	false	0.0
hungersnot	neg 1.0		neg 0.503629842957558 off 0.4310297332476673 __DUMMY__ 0.06534042379477491	false	1.0
ungesetzlich	neg 1.0		neg 0.5005716651981689 off 0.4343828366748346 __DUMMY__ 0.06504549812699639	false	1.0
verschwendung	neg 1.0		neg 0.5042524016998051 off 0.4301325519801767 __DUMMY__ 0.06561504632001809	false	1.0
schmerzvoll	neg 1.0		neg 0.49777001183788594 off 0.436989511064185 __DUMMY__ 0.06524047709792899	false	1.0
vorzeitig	neg 1.0		neg 0.4978691536610093 off 0.4371231428079423 __DUMMY__ 0.0650077035310484	false	1.0
unvollkommenheit	neg 1.0		neg 0.5001979604330343 off 0.43388909627362904 __DUMMY__ 0.06591294329333659	false	1.0
intervenieren	neg 1.0		neg 0.5051996843201978 off 0.429283740088665 __DUMMY__ 0.06551657559113731	false	1.0
banause	off 1.0		neg 0.488592057647604 off 0.4477970194438506 __DUMMY__ 0.06361092290854531	false	0.5
rebell	neg 1.0		neg 0.5089355359216584 off 0.42536177448544943 __DUMMY__ 0.06570268959289215	false	1.0
unlogisch	neg 1.0		neg 0.4916589938774033 off 0.4436825557928036 __DUMMY__ 0.06465845032979299	false	1.0
leiden	neg 1.0		neg 0.5027691069145847 off 0.4311913398160212 __DUMMY__ 0.06603955326939419	false	1.0
abschaffung	neg 1.0		neg 0.49940252412250785 off 0.43526794930699597 __DUMMY__ 0.0653295265704962	false	1.0
sturz	neg 1.0		neg 0.5005621449918536 off 0.434196423029195 __DUMMY__ 0.06524143197895144	false	1.0
verkleinerung	neg 1.0		neg 0.49857300486453476 off 0.4365749872314593 __DUMMY__ 0.06485200790400596	false	1.0
schmarotzer	off 1.0		neg 0.5023282690153851 off 0.432354515465397 __DUMMY__ 0.0653172155192179	false	0.5
bestrafung	neg 1.0		neg 0.49905478525567193 off 0.4357272242290833 __DUMMY__ 0.06521799051524486	false	1.0
achtlos	neg 1.0	neg 1.0	neg 0.7367408993903216 off 0.23209920433326697 __DUMMY__ 0.031159896276411376	false	1.0
ungeheuer	neg 1.0		neg 0.49707230099720995 off 0.437731914918773 __DUMMY__ 0.06519578408401708	false	1.0
unaufrichtig	neg 1.0		neg 0.49373510903374307 off 0.4406964982467249 __DUMMY__ 0.06556839271953212	false	1.0
groggy	neg 1.0		neg 0.4965617659472547 off 0.43827959034173775 __DUMMY__ 0.06515864371100766	false	1.0
verletzlich	neg 1.0		neg 0.49531045243874205 off 0.44012583648430853 __DUMMY__ 0.06456371107694948	false	1.0
