unsolidarisch	neg 1.0		neg 0.3674826686371898 off 0.317161109108104 __DUMMY__ 0.3153562222547062	false	1.0
nachteilig	neg 1.0		neg 0.3681954603827793 __DUMMY__ 0.31821320949824994 off 0.3135913301189708	false	1.0
skeptisch	neg 1.0		neg 0.36883429279204705 __DUMMY__ 0.3182891871013849 off 0.31287652010656813	false	1.0
schrecklich	neg 1.0		neg 0.3563940799841797 off 0.329548053252612 __DUMMY__ 0.31405786676320846	false	1.0
schlapp	neg 1.0		neg 0.35944003525839885 off 0.32511241707879396 __DUMMY__ 0.31544754766280725	false	1.0
abfall	neg 1.0		neg 0.37068541868713 __DUMMY__ 0.3200042217717846 off 0.3093103595410853	false	1.0
widerspenstig	neg 1.0		neg 0.3644602320365516 off 0.3188010640693773 __DUMMY__ 0.3167387038940712	false	1.0
abrupt	neg 1.0		neg 0.3678048360243658 __DUMMY__ 0.3183730931835632 off 0.3138220707920711	false	1.0
unwirksam	neg 1.0		neg 0.368230476607115 off 0.31686696288078336 __DUMMY__ 0.31490256051210175	false	1.0
angreifen	neg 1.0		neg 0.3707741416960812 __DUMMY__ 0.31730262016837224 off 0.3119232381355465	false	1.0
inkonsistent	neg 1.0		neg 0.36748192960986137 off 0.31799358328586724 __DUMMY__ 0.31452448710427144	false	1.0
abrutschen	neg 1.0		neg 0.3715180891386297 __DUMMY__ 0.3191454469512574 off 0.30933646391011305	false	1.0
unsicher	neg 1.0		neg 0.3622927262076282 off 0.3195135015440707 __DUMMY__ 0.31819377224830114	false	1.0
bauernkind	off 1.0	off 1.0	off 0.6504435425975097 neg 0.20178022654961386 __DUMMY__ 0.14777623085287644	false	1.0
angreifer	neg 1.0	neg 1.0	neg 0.6710922450872435 off 0.17694934683337668 __DUMMY__ 0.15195840807937983	false	1.0
trennen	neg 1.0		neg 0.3673329206487632 __DUMMY__ 0.3194448354232398 off 0.3132222439279971	false	1.0
schmutz	neg 1.0		neg 0.36243225726497535 off 0.32056169705472765 __DUMMY__ 0.31700604568029717	false	1.0
inkonsistenz	neg 1.0		neg 0.36386139755238833 off 0.3231466849680679 __DUMMY__ 0.31299191747954364	false	1.0
erschreckend	neg 1.0		neg 0.3661240593233817 off 0.3173047274179545 __DUMMY__ 0.31657121325866383	false	1.0
ertrinken	neg 1.0		neg 0.3711145528221445 __DUMMY__ 0.3168348969948353 off 0.31205055018302036	false	1.0
pickelface	off 1.0		neg 0.36597117792598255 off 0.31714738479438487 __DUMMY__ 0.31688143727963264	false	0.5
seiner			neg 0.36863408000609343 __DUMMY__ 0.3181901365874612 off 0.31317578340644536	false	0.0
lauch	neg 1.0		neg 0.3711178285427388 __DUMMY__ 0.3190631059293687 off 0.30981906552789246	false	1.0
unwichtig	neg 1.0		neg 0.361079345372535 off 0.32405830101177424 __DUMMY__ 0.3148623536156907	false	1.0
steuerhinterziehung	neg 1.0	neg 1.0	neg 0.6738176158917945 off 0.17395817140335768 __DUMMY__ 0.1522242127048479	false	1.0
schock	neg 1.0		neg 0.36608331516503667 off 0.3171168154478308 __DUMMY__ 0.3167998693871325	false	1.0
beule	neg 1.0		neg 0.3613846418031334 off 0.32496295202814984 __DUMMY__ 0.31365240616871665	false	1.0
vergelten	neg 1.0		neg 0.3554313490912968 off 0.3289119646578827 __DUMMY__ 0.3156566862508206	false	1.0
verdorbenheit	neg 1.0		neg 0.3621146939811297 off 0.3200569232056252 __DUMMY__ 0.31782838281324505	false	1.0
trauma	neg 1.0		neg 0.3643141187197718 off 0.3193864765438575 __DUMMY__ 0.3162994047363705	false	1.0
sinnlos	neg 1.0		neg 0.3622285068218104 off 0.321365976140192 __DUMMY__ 0.3164055170379976	false	1.0
fettsack	off 1.0	off 1.0	off 0.6516764531796749 neg 0.1999891420009093 __DUMMY__ 0.14833440481941573	false	1.0
feige	off 1.0	off 1.0	off 0.6487886600325237 neg 0.20087304141085888 __DUMMY__ 0.15033829855661748	false	1.0
abdanken	neg 1.0		neg 0.3664355783873288 off 0.3171323919141423 __DUMMY__ 0.31643202969852885	false	1.0
wichtigtuer	off 1.0	off 1.0	off 0.6476669612421505 neg 0.20096133138705685 __DUMMY__ 0.15137170737079264	false	1.0
misslingen	neg 1.0		neg 0.35879974276661164 off 0.321387778884827 __DUMMY__ 0.3198124783485613	false	1.0
untreu	off 1.0		neg 0.36032557214583244 off 0.324769975584047 __DUMMY__ 0.31490445227012065	false	0.5
missmutig	neg 1.0		neg 0.3608810937624581 off 0.32390707355086396 __DUMMY__ 0.3152118326866779	false	1.0
hurenbock	off 1.0		neg 0.36432112115105536 off 0.3200402528334592 __DUMMY__ 0.3156386260154855	false	0.5
betrunken	neg 1.0		neg 0.35836160045794113 off 0.3269058590228126 __DUMMY__ 0.31473254051924615	false	1.0
korrupt	off 1.0		neg 0.3700593872768026 __DUMMY__ 0.3156805861212127 off 0.31426002660198454	false	0.5
unmut	neg 1.0		neg 0.37083230685574126 __DUMMY__ 0.31946663416115845 off 0.3097010589831003	false	1.0
hackfresse	off 1.0		neg 0.35538965811416134 off 0.3328135982745506 __DUMMY__ 0.3117967436112882	false	0.5
aufblasen	neg 1.0		neg 0.36211440769983616 off 0.32109446034809996 __DUMMY__ 0.3167911319520639	false	1.0
gewaltsam	neg 1.0		neg 0.36827322873476714 __DUMMY__ 0.31611564604205994 off 0.3156111252231729	false	1.0
unbeliebtheit	neg 1.0		neg 0.364873202348781 off 0.3215927637005424 __DUMMY__ 0.3135340339506766	false	1.0
sturheit	neg 1.0		neg 0.36760604269076114 __DUMMY__ 0.31625016119096044 off 0.3161437961182785	false	1.0
kuh	neg 1.0		neg 0.3682608139116469 off 0.3189440769233342 __DUMMY__ 0.31279510916501874	false	1.0
erschrecken	neg 1.0		neg 0.35979887823011514 off 0.3241532140147186 __DUMMY__ 0.3160479077551661	false	1.0
opfer	neg 1.0		neg 0.36803983095076187 __DUMMY__ 0.317688762641355 off 0.31427140640788326	false	1.0
sinken	neg 1.0		neg 0.37044602084592615 __DUMMY__ 0.31924714181850056 off 0.3103068373355731	false	1.0
stinktier	neg 1.0		neg 0.36422929044985203 off 0.3266637345796055 __DUMMY__ 0.30910697497054257	false	1.0
tucke	off 1.0		neg 0.35812699984011126 off 0.3324496527894267 __DUMMY__ 0.309423347370462	false	0.5
ein			neg 0.363889391862845 off 0.31969812002603204 __DUMMY__ 0.31641248811112294	false	0.0
abstieg	neg 1.0		neg 0.3700098447366652 __DUMMY__ 0.31747930531910673 off 0.3125108499442281	false	1.0
missverstehen	neg 1.0		neg 0.36323661493010045 off 0.32162214726183275 __DUMMY__ 0.31514123780806685	false	1.0
ergebnislos	neg 1.0		neg 0.3694487024366876 __DUMMY__ 0.3180310995936417 off 0.31252019796967084	false	1.0
unter			neg 0.3721338648961495 __DUMMY__ 0.32249285504688435 off 0.30537328005696623	false	0.0
manipulieren	neg 1.0		neg 0.3687193245633428 __DUMMY__ 0.31869415830284603 off 0.31258651713381125	false	1.0
unbewiesen	neg 1.0		neg 0.36862263170866083 off 0.31663241975525597 __DUMMY__ 0.31474494853608315	false	1.0
verschleppen	neg 1.0		neg 0.36995576911470235 __DUMMY__ 0.31642499446558026 off 0.3136192364197174	false	1.0
weib	off 1.0		neg 0.3609754436719459 off 0.33084364208918376 __DUMMY__ 0.3081809142388703	false	0.5
opposition	neg 1.0		neg 0.3657488221855436 off 0.31926138392013736 __DUMMY__ 0.31498979389431897	false	1.0
verkehrswidrig	neg 1.0		neg 0.3544900660125904 off 0.33013961533318836 __DUMMY__ 0.3153703186542212	false	1.0
inkorrekt	neg 1.0		neg 0.35959935787588543 off 0.327576139467972 __DUMMY__ 0.31282450265614253	false	1.0
vermeiden	neg 1.0	neg 1.0	neg 0.6741332716719793 off 0.170917380025319 __DUMMY__ 0.1549493483027017	false	1.0
abweichung	neg 1.0	neg 1.0	neg 0.6716165688933 off 0.174549275404755 __DUMMY__ 0.15383415570194497	false	1.0
alkoholisiert	neg 1.0		neg 0.36797777139789 __DUMMY__ 0.31849718136731636 off 0.3135250472347937	false	1.0
scheiss	off 1.0	off 1.0	off 0.6493511084193906 neg 0.20009396945735564 __DUMMY__ 0.15055492212325383	false	1.0
herausforderung	neg 1.0		neg 0.36690570125033795 __DUMMY__ 0.31940117287217235 off 0.3136931258774899	false	1.0
pervers	off 1.0		neg 0.3545826398646759 off 0.3358087161790905 __DUMMY__ 0.3096086439562336	false	0.5
wackelig	neg 1.0		neg 0.3621991670513223 __DUMMY__ 0.31974763284207164 off 0.3180532001066061	false	1.0
verwickeln	neg 1.0		neg 0.3634412796632597 off 0.32110177977341225 __DUMMY__ 0.31545694056332807	false	1.0
vorwand	neg 1.0		neg 0.37001705385594447 __DUMMY__ 0.31805077019516953 off 0.31193217594888606	false	1.0
muschi	off 1.0		neg 0.36571414601670366 off 0.3173762481873749 __DUMMY__ 0.3169096057959214	false	0.5
entmutigung	neg 1.0		neg 0.3648637909620858 off 0.31931460738531925 __DUMMY__ 0.315821601652595	false	1.0
unangemessen	neg 1.0		neg 0.3678359759202893 __DUMMY__ 0.3162416661333531 off 0.3159223579463575	false	1.0
unstetig	neg 1.0		neg 0.3626987045310853 off 0.32144595502487616 __DUMMY__ 0.31585534044403835	false	1.0
entmutigen	neg 1.0		neg 0.3635989285257631 off 0.31975790405061605 __DUMMY__ 0.3166431674236208	false	1.0
schwanz	neg 1.0		neg 0.3684223273023631 __DUMMY__ 0.31734667564020985 off 0.31423099705742713	false	1.0
verbot	neg 1.0		neg 0.36845371519646647 __DUMMY__ 0.316946973258144 off 0.3145993115453894	false	1.0
leid	neg 1.0		neg 0.3568840932836758 off 0.33062299387331534 __DUMMY__ 0.31249291284300895	false	1.0
archaisch	neg 1.0		neg 0.36722458683100484 __DUMMY__ 0.31646103997243025 off 0.3163143731965649	false	1.0
gegen			neg 0.37084611301051235 __DUMMY__ 0.3189788372268787 off 0.31017504976260885	false	0.0
scheidung	neg 1.0		neg 0.3466311966569089 off 0.342438307093923 __DUMMY__ 0.3109304962491682	false	1.0
einschlag	neg 1.0		neg 0.3581971720344423 off 0.32771987000383135 __DUMMY__ 0.3140829579617263	false	1.0
m			neg 0.3655220445475905 __DUMMY__ 0.3181757893462897 off 0.3163021661061197	false	0.0
abgestanden	neg 1.0		neg 0.3667494920429799 off 0.31813791702053495 __DUMMY__ 0.31511259093648525	false	1.0
schmierig	off 1.0		neg 0.35657509649113395 off 0.3301462271102334 __DUMMY__ 0.3132786763986326	false	0.5
unpraktisch	neg 1.0		neg 0.3628240698568496 off 0.3206068505639307 __DUMMY__ 0.3165690795792196	false	1.0
wixxer	off 1.0		neg 0.3565762689287376 off 0.33507592157406907 __DUMMY__ 0.30834780949719326	false	0.5
bezeichnet			neg 0.36726634270463393 off 0.317471115890195 __DUMMY__ 0.31526254140517107	false	0.0
jammerlappen	off 1.0		neg 0.3592178795339177 off 0.3248775880925071 __DUMMY__ 0.31590453237357524	false	0.5
farce	neg 1.0		neg 0.3687288020210724 __DUMMY__ 0.31600396344839193 off 0.3152672345305357	false	1.0
zwecklos	neg 1.0		neg 0.36792958620012384 __DUMMY__ 0.3164925870796751 off 0.3155778267202009	false	1.0
turbulent	neg 1.0		neg 0.36229075550944106 off 0.32464393417359455 __DUMMY__ 0.3130653103169644	false	1.0
invasion	neg 1.0		neg 0.3633301457078955 off 0.3207120744454777 __DUMMY__ 0.31595777984662665	false	1.0
schuld	neg 1.0		neg 0.3648935722818004 off 0.31934536288973414 __DUMMY__ 0.31576106482846555	false	1.0
risiko	neg 1.0	neg 1.0	neg 0.6700943040545091 off 0.17710297828496493 __DUMMY__ 0.152802717660526	false	1.0
finster	neg 1.0		neg 0.36579632326783945 off 0.3191512023857739 __DUMMY__ 0.3150524743463867	false	1.0
geisteskrank	off 1.0		neg 0.3618192378389024 off 0.32518472157495193 __DUMMY__ 0.3129960405861455	false	0.5
zusammenbrechen	neg 1.0		neg 0.3658200646423477 __DUMMY__ 0.31758532967989517 off 0.3165946056777572	false	1.0
ausbeute	neg 1.0		neg 0.3599763716291639 __DUMMY__ 0.32218432813002884 off 0.3178393002408073	false	1.0
hinterhalt	neg 1.0		neg 0.365570201571344 __DUMMY__ 0.3178557348992186 off 0.31657406352943734	false	1.0
kritik	neg 1.0		neg 0.3691941540241072 __DUMMY__ 0.31589611335240636 off 0.3149097326234865	false	1.0
einschrumpfen	neg 1.0		neg 0.3642486857894499 off 0.32185760675760394 __DUMMY__ 0.31389370745294604	false	1.0
riskant	neg 1.0		neg 0.3700401402783659 __DUMMY__ 0.3171912437638744 off 0.3127686159577596	false	1.0
frustrieren	neg 1.0		neg 0.3682614862990428 __DUMMY__ 0.31747018472085337 off 0.3142683289801038	false	1.0
groll	neg 1.0		neg 0.368483733447714 __DUMMY__ 0.31654833686937506 off 0.31496792968291104	false	1.0
gibt			neg 0.3649690906520279 __DUMMY__ 0.31799760811556366 off 0.31703330123240836	false	0.0
qualvoll	neg 1.0		neg 0.3629196723709417 off 0.32172178639221893 __DUMMY__ 0.3153585412368394	false	1.0
wackeln	neg 1.0		neg 0.3622125208846841 off 0.32025244943773595 __DUMMY__ 0.31753502967757996	false	1.0
klagen	neg 1.0		neg 0.37084338652668697 __DUMMY__ 0.31886664948096183 off 0.31028996399235126	false	1.0
bankrott	neg 1.0		neg 0.3599439462409067 off 0.3240152901458593 __DUMMY__ 0.31604076361323413	false	1.0
trauern	neg 1.0		neg 0.3680955159411018 __DUMMY__ 0.318065508421144 off 0.31383897563775426	false	1.0
ablehnung	neg 1.0		neg 0.36888803617395516 __DUMMY__ 0.3162650877381901 off 0.3148468760878546	false	1.0
stur	neg 1.0		neg 0.36436658522212695 off 0.31972868647368263 __DUMMY__ 0.31590472830419036	false	1.0
aufruhr	neg 1.0	neg 1.0	neg 0.6725940849028426 off 0.17510615065717874 __DUMMY__ 0.1522997644399788	false	1.0
melancholie	neg 1.0		neg 0.3679474652199064 __DUMMY__ 0.31740653927996537 off 0.31464599550012806	false	1.0
ist			neg 0.3623830861635886 off 0.321111312307516 __DUMMY__ 0.31650560152889534	false	0.0
torheit	neg 1.0		neg 0.36438053685611915 off 0.31890075338450563 __DUMMY__ 0.31671870975937505	false	1.0
dreckskind	off 1.0		neg 0.3600862418909178 off 0.3299171243985293 __DUMMY__ 0.30999663371055286	false	0.5
umtauschen	neg 1.0		neg 0.3646087561782216 off 0.3183390428030095 __DUMMY__ 0.317052201018769	false	1.0
zum			neg 0.367189879923541 __DUMMY__ 0.32271613254655684 off 0.31009398752990225	false	0.0
zersetzen	neg 1.0		neg 0.371188990413177 __DUMMY__ 0.3171772638399433 off 0.3116337457468798	false	1.0
zur			neg 0.3709207670345586 __DUMMY__ 0.32116135235724863 off 0.3079178806081927	false	0.0
frust	neg 1.0		neg 0.36540546625798237 __DUMMY__ 0.31783826543833366 off 0.31675626830368386	false	1.0
unerbittlichkeit	neg 1.0		neg 0.3705071101250243 __DUMMY__ 0.3176051915434748 off 0.31188769833150104	false	1.0
zwei			neg 0.36762061707548793 __DUMMY__ 0.32162725635852774 off 0.31075212656598433	false	0.0
unkorrekt	neg 1.0		neg 0.35728260845958215 off 0.3283288913407309 __DUMMY__ 0.314388500199687	false	1.0
hexe	off 1.0		neg 0.3664131380410483 off 0.3218692936642269 __DUMMY__ 0.31171756829472475	false	0.5
lasch	neg 1.0		neg 0.3631240510181492 off 0.3223913946163541 __DUMMY__ 0.3144845543654968	false	1.0
rivale	neg 1.0		neg 0.3599403643153727 off 0.3263761502427734 __DUMMY__ 0.31368348544185387	false	1.0
mutlos	off 1.0	off 1.0	off 0.6429097558915043 neg 0.20479550577419958 __DUMMY__ 0.15229473833429605	false	1.0
wirr	off 1.0		neg 0.3599856599840032 off 0.32772452652369066 __DUMMY__ 0.31228981349230606	false	0.5
jahr			neg 0.36187784916557925 __DUMMY__ 0.32286199102298263 off 0.3152601598114381	false	0.0
wird			neg 0.3667267260058244 __DUMMY__ 0.31789105597482065 off 0.31538221801935507	false	0.0
strafbar	neg 1.0		neg 0.36791074084168196 __DUMMY__ 0.3179899165273591 off 0.314099342630959	false	1.0
erosion	neg 1.0		neg 0.3629038107340635 off 0.31931547610021543 __DUMMY__ 0.31778071316572115	false	1.0
eingehen	neg 1.0		neg 0.36875692130329796 __DUMMY__ 0.31736984338924296 off 0.3138732353074592	false	1.0
faul	off 1.0		neg 0.36038752250908024 off 0.323828492673412 __DUMMY__ 0.31578398481750763	false	0.5
provisorium	neg 1.0		neg 0.36887193612303326 __DUMMY__ 0.3238230922678624 off 0.30730497160910447	false	1.0
schmerzen	neg 1.0		neg 0.3671502709023624 off 0.3166931862365732 __DUMMY__ 0.3161565428610642	false	1.0
schrumpfen	neg 1.0		neg 0.37398261292930224 __DUMMY__ 0.31914402472890735 off 0.30687336234179047	false	1.0
geistlos	off 1.0		neg 0.3663079572228083 off 0.3200165465113737 __DUMMY__ 0.313675496265818	false	0.5
fehlkauf	neg 1.0		neg 0.363974837186706 off 0.32023842273636616 __DUMMY__ 0.31578674007692786	false	1.0
frustrierend	neg 1.0		neg 0.36077763040067184 off 0.32341551249410844 __DUMMY__ 0.31580685710521983	false	1.0
unzufrieden	neg 1.0		neg 0.36753629702280083 __DUMMY__ 0.31694019120801864 off 0.31552351176918053	false	1.0
verzweifeln	neg 1.0		neg 0.3653708496701975 off 0.3174879250907763 __DUMMY__ 0.3171412252390263	false	1.0
verzweifelt	neg 1.0	neg 1.0	neg 0.6723089372981252 off 0.17634609128212755 __DUMMY__ 0.15134497141974718	false	1.0
misstrauensantrag	neg 1.0		neg 0.36361207525446526 off 0.32069652357018896 __DUMMY__ 0.3156914011753459	false	1.0
abfallen	neg 1.0		neg 0.3621302880693203 off 0.320361595489007 __DUMMY__ 0.3175081164416728	false	1.0
fucker	off 1.0		neg 0.3583204586456762 off 0.32746946248881365 __DUMMY__ 0.3142100788655101	false	0.5
ungezogen	neg 1.0		neg 0.354111747711878 off 0.33533209912283835 __DUMMY__ 0.31055615316528373	false	1.0
irrsinnig	neg 1.0	neg 1.0	neg 0.6718607019507341 off 0.17652853610316668 __DUMMY__ 0.15161076194609924	false	1.0
unfassbar	neg 1.0		neg 0.3584268398694322 off 0.32615384289094246 __DUMMY__ 0.3154193172396253	false	1.0
hart	neg 1.0		neg 0.3630108019701445 off 0.3236678148646883 __DUMMY__ 0.3133213831651671	false	1.0
widerlich	off 1.0		neg 0.3603657312395163 off 0.3258210691348388 __DUMMY__ 0.31381319962564486	false	0.5
fatal	neg 1.0		neg 0.3632857653241113 off 0.3209583231283357 __DUMMY__ 0.3157559115475531	false	1.0
bruch	neg 1.0		neg 0.37018287274093353 __DUMMY__ 0.3189823152184758 off 0.3108348120405906	false	1.0
aushungern	neg 1.0		neg 0.36670556988164305 __DUMMY__ 0.3172664078544966 off 0.3160280222638604	false	1.0
anspannung	neg 1.0		neg 0.37055483767789643 __DUMMY__ 0.3208662768654599 off 0.3085788854566437	false	1.0
von			neg 0.3604600449839886 __DUMMY__ 0.3236663520398716 off 0.3158736029761397	false	0.0
kraftlos	neg 1.0		neg 0.3660987241848843 __DUMMY__ 0.3178610228554637 off 0.31604025295965205	false	1.0
vom			neg 0.36803503608646315 __DUMMY__ 0.32396390759698324 off 0.3080010563165535	false	0.0
grenzdebil	off 1.0		neg 0.35825656853364524 off 0.3264912388361716 __DUMMY__ 0.3152521926301832	false	0.5
vor			neg 0.3677035276148304 __DUMMY__ 0.31987285080045363 off 0.3124236215847161	false	0.0
unterwerfen	neg 1.0		neg 0.36860768730507987 __DUMMY__ 0.3174026743358078 off 0.3139896383591123	false	1.0
versenkung	neg 1.0		neg 0.36569099712659064 __DUMMY__ 0.3189653896387268 off 0.3153436132346825	false	1.0
entziehen	neg 1.0		neg 0.37040903365929667 __DUMMY__ 0.31871579256031835 off 0.31087517378038493	false	1.0
finanzkrise	neg 1.0		neg 0.36980384972337665 off 0.3153106598703152 __DUMMY__ 0.31488549040630814	false	1.0
schimpfend	neg 1.0		neg 0.3637216915750145 off 0.3205326034279407 __DUMMY__ 0.31574570499704496	false	1.0
profan	neg 1.0		neg 0.36298555308419717 off 0.3215030136820289 __DUMMY__ 0.315511433233774	false	1.0
korruption	neg 1.0		neg 0.36915230924417686 __DUMMY__ 0.3167424354808537 off 0.31410525527496935	false	1.0
â			neg 0.3660618481613184 __DUMMY__ 0.3183099558264697 off 0.31562819601221176	false	0.0
schmutzig	neg 1.0		neg 0.35768513813336816 off 0.32706407158974754 __DUMMY__ 0.31525079027688424	false	1.0
sexy	neg 1.0		neg 0.3609651156051007 off 0.32303389091899215 __DUMMY__ 0.31600099347590715	false	1.0
abraten	neg 1.0		neg 0.36140948021169744 off 0.3216789553726145 __DUMMY__ 0.31691156441568813	false	1.0
schwarz	neg 1.0		neg 0.36396181636283553 off 0.32011629838822947 __DUMMY__ 0.31592188524893494	false	1.0
fotze	off 1.0	off 1.0	off 0.6445827517174217 neg 0.20271499084830272 __DUMMY__ 0.15270225743427548	false	1.0
verwirren	neg 1.0		neg 0.3616696187782819 off 0.32242214578862904 __DUMMY__ 0.315908235433089	false	1.0
zahnlos	off 1.0		neg 0.3668232722187901 __DUMMY__ 0.3167432510729465 off 0.31643347670826344	false	0.5
verheeren	neg 1.0		neg 0.3532363191606541 off 0.3365710720713375 __DUMMY__ 0.31019260876800836	false	1.0
hippie	neg 1.0		neg 0.3617767932431102 off 0.32238755541693537 __DUMMY__ 0.3158356513399545	false	1.0
rammen	neg 1.0		neg 0.3690277957348868 off 0.3177144146335165 __DUMMY__ 0.3132577896315966	false	1.0
unlauter	neg 1.0		neg 0.3658765814131817 off 0.3188187346717086 __DUMMY__ 0.3153046839151097	false	1.0
unheilvoll	neg 1.0		neg 0.36469853410000175 off 0.31995463530739604 __DUMMY__ 0.31534683059260205	false	1.0
niedrig	neg 1.0		neg 0.3712270460967428 __DUMMY__ 0.31678122364726535 off 0.31199173025599186	false	1.0
explosion	neg 1.0		neg 0.3615234602570875 off 0.32217344155319516 __DUMMY__ 0.3163030981897174	false	1.0
weichei	off 1.0	off 1.0	off 0.6528215103405831 neg 0.19770958536255465 __DUMMY__ 0.14946890429686222	false	1.0
minusmensch	off 1.0		neg 0.3610269072560755 off 0.3311448792124407 __DUMMY__ 0.3078282135314839	false	0.5
farblos	neg 1.0		neg 0.3671911798025977 off 0.31703474640249385 __DUMMY__ 0.3157740737949084	false	1.0
unwissend	neg 1.0	neg 1.0	neg 0.6694812171446313 off 0.17932283286458048 __DUMMY__ 0.15119594999078834	false	1.0
traurig	neg 1.0		neg 0.35647426995476633 off 0.328921365781777 __DUMMY__ 0.3146043642634567	false	1.0
senkung	neg 1.0		neg 0.364645496095549 off 0.32072309956389045 __DUMMY__ 0.31463140434056064	false	1.0
ungleich	neg 1.0	neg 1.0	neg 0.6739906551129701 off 0.17304507531551025 __DUMMY__ 0.15296426957151973	false	1.0
heikel	neg 1.0		neg 0.3690934956311137 __DUMMY__ 0.31769718005315584 off 0.3132093243157303	false	1.0
drosselung	neg 1.0		neg 0.3609462671635515 off 0.325131427178415 __DUMMY__ 0.31392230565803353	false	1.0
falsch	neg 1.0		neg 0.3607669445050093 off 0.32362261182079916 __DUMMY__ 0.3156104436741915	false	1.0
unzufriedenheit	neg 1.0		neg 0.3703676161744568 __DUMMY__ 0.31819529813756325 off 0.3114370856879799	false	1.0
kurz	neg 1.0		neg 0.362322025270126 __DUMMY__ 0.31924709994988926 off 0.31843087477998483	false	1.0
unsinnig	neg 1.0		neg 0.3665041053701485 off 0.3167828110436237 __DUMMY__ 0.3167130835862279	false	1.0
penner	off 1.0	off 1.0	off 0.6538439485180634 neg 0.19683417553374372 __DUMMY__ 0.14932187594819293	false	1.0
seicht	neg 1.0		neg 0.35464554586595654 off 0.3347369668668172 __DUMMY__ 0.3106174872672263	false	1.0
dummheit	off 1.0	off 1.0	off 0.6473816680911646 neg 0.20184865690041118 __DUMMY__ 0.15076967500842417	false	1.0
unerfreulich	neg 1.0		neg 0.3680245496044268 __DUMMY__ 0.31893225029073 off 0.3130432001048432	false	1.0
motherfucker	off 1.0	off 1.0	off 0.650442895459669 neg 0.19890727721791127 __DUMMY__ 0.15064982732241977	false	1.0
pikiert	neg 1.0		neg 0.36181682049350444 off 0.32453460293224434 __DUMMY__ 0.31364857657425127	false	1.0
wrack	neg 1.0		neg 0.36857893832847427 __DUMMY__ 0.31649285703659574 off 0.3149282046349301	false	1.0
gangster	neg 1.0		neg 0.36178358452581083 off 0.32243397694777703 __DUMMY__ 0.31578243852641213	false	1.0
krank	neg 1.0		neg 0.3573298274628864 off 0.32692266926258395 __DUMMY__ 0.31574750327452955	false	1.0
reich	neg 1.0		neg 0.36063394870992016 off 0.3243616423749109 __DUMMY__ 0.31500440891516907	false	1.0
gnadenlos	neg 1.0		neg 0.3647099035816303 off 0.3194612702692345 __DUMMY__ 0.3158288261491352	false	1.0
niedergeschlagen	neg 1.0		neg 0.36581805312046556 __DUMMY__ 0.3172661019472675 off 0.31691584493226693	false	1.0
terrorisieren	off 1.0	off 1.0	off 0.6435843437670755 neg 0.20348174347218845 __DUMMY__ 0.15293391276073603	false	1.0
sinnlosigkeit	neg 1.0		neg 0.36710555131039274 __DUMMY__ 0.3169737353638449 off 0.3159207133257624	false	1.0
behindern	neg 1.0		neg 0.3656386784876529 off 0.31751376346063953 __DUMMY__ 0.31684755805170767	false	1.0
undemokratisch	neg 1.0		neg 0.3645406446644358 off 0.319308938987207 __DUMMY__ 0.3161504163483572	false	1.0
wirtschaftskrise	neg 1.0		neg 0.3708642461510523 __DUMMY__ 0.31595864799185136 off 0.31317710585709646	false	1.0
neid	neg 1.0		neg 0.35864314242824646 off 0.3244306771257268 __DUMMY__ 0.3169261804460268	false	1.0
rutschen	neg 1.0		neg 0.3674624118337523 __DUMMY__ 0.321813043509674 off 0.3107245446565736	false	1.0
rezession	neg 1.0		neg 0.36351753261970904 off 0.3260217107537795 __DUMMY__ 0.31046075662651146	false	1.0
fehlgeburt	neg 1.0		neg 0.3634611972030601 off 0.32041683051419695 __DUMMY__ 0.3161219722827429	false	1.0
charakterschwach	off 1.0		neg 0.36060473389496756 off 0.325550358155501 __DUMMY__ 0.3138449079495314	false	0.5
isolation	neg 1.0		neg 0.3610715284152378 off 0.32305100499537975 __DUMMY__ 0.3158774665893824	false	1.0
ablenkung	neg 1.0		neg 0.3624378834771326 off 0.31964589377199226 __DUMMY__ 0.3179162227508751	false	1.0
pech	neg 1.0		neg 0.36063531705857954 off 0.32340321592554083 __DUMMY__ 0.3159614670158797	false	1.0
vermeidung	neg 1.0		neg 0.36022711558384835 off 0.325552806161046 __DUMMY__ 0.31422007825510573	false	1.0
dominieren	neg 1.0		neg 0.3685390666739942 __DUMMY__ 0.3176601716373653 off 0.3138007616886406	false	1.0
schwindlig	neg 1.0		neg 0.36176527882195764 off 0.3216362584019716 __DUMMY__ 0.3165984627760709	false	1.0
lutscher	neg 1.0	neg 1.0	neg 0.6661703055198981 off 0.18515268922287703 __DUMMY__ 0.14867700525722477	false	1.0
pflicht	neg 1.0		neg 0.3700349731726993 __DUMMY__ 0.3180987788368719 off 0.3118662479904288	false	1.0
faschist	off 1.0		neg 0.36205600265831783 off 0.32233699947439365 __DUMMY__ 0.31560699786728846	false	0.5
verschleudern	neg 1.0		neg 0.3688885529566272 __DUMMY__ 0.3179332893784413 off 0.3131781576649314	false	1.0
wenn			neg 0.3607894887461756 off 0.3236914628352157 __DUMMY__ 0.31551904841860867	false	0.0
ehebruch	neg 1.0		neg 0.3686619479032253 __DUMMY__ 0.3170506573089462 off 0.3142873947878284	false	1.0
spott	off 1.0		neg 0.3687845338418478 __DUMMY__ 0.31731828629101044 off 0.31389717986714183	false	0.5
trostlosigkeit	neg 1.0		neg 0.37098341640792587 __DUMMY__ 0.31810736890108077 off 0.3109092146909934	false	1.0
lutschen	neg 1.0		neg 0.3647396202073195 off 0.3214303965812398 __DUMMY__ 0.31382998321144084	false	1.0
undiszipliniert	neg 1.0		neg 0.3580318308660162 off 0.32783792350078617 __DUMMY__ 0.3141302456331978	false	1.0
kopfschmerz	neg 1.0		neg 0.3696418889749593 __DUMMY__ 0.3156121309850405 off 0.3147459800400002	false	1.0
unvorhergesehen	neg 1.0		neg 0.36544869991668893 __DUMMY__ 0.32003897885959 off 0.314512321223721	false	1.0
desinteressiert	neg 1.0	neg 1.0	neg 0.6686033284357519 off 0.1807087078139357 __DUMMY__ 0.15068796375031246	false	1.0
armselig	off 1.0		neg 0.3591340514722478 off 0.32788249676422676 __DUMMY__ 0.31298345176352554	false	0.5
desaster	neg 1.0		neg 0.3708023882826605 __DUMMY__ 0.3190784919309153 off 0.31011911978642415	false	1.0
tod	neg 1.0		neg 0.3685484763975708 __DUMMY__ 0.3170735974937039 off 0.3143779261087252	false	1.0
herzlos	neg 1.0		neg 0.35807567508714894 off 0.32828803082218416 __DUMMY__ 0.3136362940906669	false	1.0
unwissenheit	neg 1.0		neg 0.3681325465317856 __DUMMY__ 0.31666654720223675 off 0.3152009062659777	false	1.0
widersinnig	neg 1.0		neg 0.3692983153118629 __DUMMY__ 0.3159197649285239 off 0.3147819197596131	false	1.0
bedenklich	neg 1.0		neg 0.36833569593850074 __DUMMY__ 0.317220463818978 off 0.31444384024252137	false	1.0
beanstanden	neg 1.0		neg 0.36934078717091934 __DUMMY__ 0.3187479283945749 off 0.3119112844345059	false	1.0
panisch	neg 1.0	neg 1.0	neg 0.6689694782858284 off 0.17828396012112807 __DUMMY__ 0.1527465615930435	false	1.0
debil	off 1.0		neg 0.3729649573661119 __DUMMY__ 0.3209934040307828 off 0.30604163860310535	false	0.5
abstrich	neg 1.0		neg 0.3627258914323848 __DUMMY__ 0.31874142020703694 off 0.3185326883605783	false	1.0
primitiv	neg 1.0		neg 0.3599707436953751 off 0.32616015744146154 __DUMMY__ 0.3138690988631634	false	1.0
abschaum	off 1.0	off 1.0	off 0.6491690987610251 neg 0.20007075016765868 __DUMMY__ 0.15076015107131618	false	1.0
provozieren	neg 1.0		neg 0.3658145626236249 off 0.3188662634999173 __DUMMY__ 0.3153191738764579	false	1.0
tot	neg 1.0		neg 0.3679848652736923 __DUMMY__ 0.31697895214113225 off 0.31503618258517535	false	1.0
instabil	neg 1.0		neg 0.3596959445230797 off 0.3271270786967881 __DUMMY__ 0.31317697678013223	false	1.0
schwuchtel	off 1.0	off 1.0	off 0.6568430877854862 neg 0.19570050945041778 __DUMMY__ 0.14745640276409605	false	1.0
zerren	neg 1.0		neg 0.3664737057407811 __DUMMY__ 0.31731461883098255 off 0.31621167542823647	false	1.0
kinderficker	off 1.0		neg 0.3559702356199129 off 0.33125390611046057 __DUMMY__ 0.3127758582696265	false	0.5
gefahr	neg 1.0		neg 0.3694167096909585 __DUMMY__ 0.3188907806696598 off 0.31169250963938167	false	1.0
rabiat	neg 1.0		neg 0.3644463012109675 off 0.3187796810096037 __DUMMY__ 0.31677401777942876	false	1.0
verlangsamung	neg 1.0		neg 0.35928283965147734 off 0.33099080822228444 __DUMMY__ 0.3097263521262383	false	1.0
ausgestorben	neg 1.0		neg 0.36397665425942166 off 0.3187271021793098 __DUMMY__ 0.3172962435612687	false	1.0
anklagen	neg 1.0		neg 0.36897077457798727 __DUMMY__ 0.316704140844405 off 0.31432508457760777	false	1.0
trott	neg 1.0		neg 0.3651809180617587 off 0.3179791555638927 __DUMMY__ 0.31683992637434855	false	1.0
verminderung	neg 1.0		neg 0.35926775417852624 off 0.3263164035615336 __DUMMY__ 0.31441584225994	false	1.0
nach			neg 0.3682498353076786 __DUMMY__ 0.3222961404085843 off 0.3094540242837371	false	0.0
rost	neg 1.0		neg 0.35723025830471555 off 0.33097109179760026 __DUMMY__ 0.3117986498976843	false	1.0
destruktiv	neg 1.0		neg 0.3658426672125655 off 0.3179275607913035 __DUMMY__ 0.316229771996131	false	1.0
unzumutbarkeit	neg 1.0		neg 0.36062411436693137 off 0.3246308096035518 __DUMMY__ 0.31474507602951685	false	1.0
labil	off 1.0	off 1.0	off 0.6487263748466788 neg 0.2002608513876272 __DUMMY__ 0.15101277376569394	false	1.0
ziemlich	neg 1.0		neg 0.357828836824616 off 0.32630289146308666 __DUMMY__ 0.3158682717122971	false	1.0
lachnummer	off 1.0		neg 0.36530719457268473 off 0.3186632301469644 __DUMMY__ 0.3160295752803509	false	0.5
oder			neg 0.36183708386888497 off 0.32051192887802854 __DUMMY__ 0.31765098725308644	false	0.0
verfall	neg 1.0		neg 0.3732227965019846 __DUMMY__ 0.3195185657886736 off 0.3072586377093417	false	1.0
ausgrenzung	neg 1.0		neg 0.3642720355061061 off 0.31988349755262047 __DUMMY__ 0.31584446694127344	false	1.0
unordnung	neg 1.0		neg 0.3569874141849364 off 0.32811244617375557 __DUMMY__ 0.3149001396413082	false	1.0
fehlverhalten	neg 1.0		neg 0.3709626369747617 __DUMMY__ 0.31711104841565696 off 0.3119263146095814	false	1.0
eine			neg 0.3670275374887325 __DUMMY__ 0.31975789793558707 off 0.31321456457568037	false	0.0
nille	neg 1.0		neg 0.3647059048910944 off 0.3181008489656808 __DUMMY__ 0.3171932461432248	false	1.0
qual	neg 1.0		neg 0.36534881549848913 off 0.3175985107512252 __DUMMY__ 0.3170526737502857	false	1.0
verschwenden	neg 1.0		neg 0.3694001954036797 __DUMMY__ 0.3171093517867902 off 0.3134904528095302	false	1.0
riesig	neg 1.0		neg 0.3677531894313833 __DUMMY__ 0.31777948319292865 off 0.31446732737568805	false	1.0
verurteilen	neg 1.0		neg 0.36921131301722965 __DUMMY__ 0.31613736257939484 off 0.31465132440337534	false	1.0
klischee	neg 1.0	neg 1.0	neg 0.6706246105242674 off 0.17822651314914045 __DUMMY__ 0.15114887632659219	false	1.0
diktatorisch	neg 1.0		neg 0.3655228209495519 off 0.3189958263504856 __DUMMY__ 0.31548135269996236	false	1.0
vorhersehbar	neg 1.0		neg 0.3634553731409007 off 0.3217216555094816 __DUMMY__ 0.31482297134961773	false	1.0
sowie			neg 0.3589372172949758 off 0.3294489919878658 __DUMMY__ 0.31161379071715845	false	0.0
stornieren	neg 1.0		neg 0.3572242046636884 off 0.3233181679967743 __DUMMY__ 0.31945762733953725	false	1.0
besteuerung	neg 1.0		neg 0.36879763967597645 off 0.3172175636446547 __DUMMY__ 0.3139847966793688	false	1.0
ungeschminkt	neg 1.0		neg 0.36451860694938665 off 0.3238610788454924 __DUMMY__ 0.3116203142051209	false	1.0
kritisch	neg 1.0		neg 0.3679716443740312 __DUMMY__ 0.3176391873539672 off 0.3143891682720016	false	1.0
schlamperei	off 1.0		neg 0.36865205003003126 __DUMMY__ 0.31834882817883003 off 0.3129991217911388	false	0.5
sucht	neg 1.0	neg 1.0	neg 0.6691775857182857 off 0.17731037925475454 __DUMMY__ 0.15351203502695984	false	1.0
egoistisch	off 1.0		neg 0.35701100789422224 off 0.3309984685779433 __DUMMY__ 0.3119905235278344	false	0.5
ausbeuter	off 1.0		neg 0.37161084354013024 __DUMMY__ 0.3167374949273397 off 0.31165166153253	false	0.5
arschgeburt	off 1.0		neg 0.35580596458418057 off 0.3372656923252123 __DUMMY__ 0.3069283430906071	false	0.5
schubs	neg 1.0		neg 0.3658598641938869 __DUMMY__ 0.3175675463129874 off 0.31657258949312583	false	1.0
unsolide	neg 1.0		neg 0.3656061227218451 off 0.31950861852531176 __DUMMY__ 0.3148852587528431	false	1.0
beschwerde	neg 1.0		neg 0.3699172481522786 __DUMMY__ 0.3170280040855419 off 0.3130547477621794	false	1.0
stocken	neg 1.0		neg 0.3695194964176589 __DUMMY__ 0.31763155537010956 off 0.3128489482122316	false	1.0
isolieren	neg 1.0		neg 0.36721649035268905 __DUMMY__ 0.31768378026955074 off 0.31509972937776026	false	1.0
unheilbar	neg 1.0		neg 0.36400851031443 off 0.3191072267221208 __DUMMY__ 0.3168842629634493	false	1.0
pisser	off 1.0		neg 0.3619270369961862 off 0.32618152432296194 __DUMMY__ 0.31189143868085173	false	0.5
löschen	neg 1.0		neg 0.3651985743330242 off 0.31819750342661507 __DUMMY__ 0.31660392224036066	false	1.0
durchfallen	neg 1.0		neg 0.36836039663038395 __DUMMY__ 0.31687610343073397 off 0.3147634999388822	false	1.0
wichser	off 1.0	off 1.0	off 0.6556643013827254 neg 0.19571734543041527 __DUMMY__ 0.1486183531868594	false	1.0
terror	neg 1.0		neg 0.361653953571339 off 0.3222499812423189 __DUMMY__ 0.316096065186342	false	1.0
krass	neg 1.0		neg 0.35877919302624994 off 0.328497728752846 __DUMMY__ 0.31272307822090395	false	1.0
revolte	neg 1.0		neg 0.36484418545633474 off 0.31994844518279425 __DUMMY__ 0.315207369360871	false	1.0
besorgt	neg 1.0		neg 0.3627551083402522 __DUMMY__ 0.3192766623423246 off 0.31796822931742325	false	1.0
nachlassen	neg 1.0		neg 0.3667579503794428 __DUMMY__ 0.3191442665718375 off 0.3140977830487196	false	1.0
alt	neg 1.0		neg 0.368444845042321 __DUMMY__ 0.3166067775303523 off 0.31494837742732656	false	1.0
hundesohn	off 1.0		neg 0.35598607071270816 off 0.3344212626998103 __DUMMY__ 0.3095926665874814	false	0.5
als			neg 0.36513164800056397 __DUMMY__ 0.31808010952772175 off 0.31678824247171417	false	0.0
abschreckung	neg 1.0		neg 0.3705248355522174 __DUMMY__ 0.3182857820565008 off 0.31118938239128174	false	1.0
unqualifiziert	neg 1.0		neg 0.362534355096502 off 0.3227974984087543 __DUMMY__ 0.3146681464947437	false	1.0
abgewichst	off 1.0		neg 0.3646689092298473 __DUMMY__ 0.31769952591531303 off 0.31763156485483973	false	0.5
schwer	neg 1.0		neg 0.36533889419054344 off 0.31790146574777495 __DUMMY__ 0.31675964006168156	false	1.0
bedeutungslosigkeit	neg 1.0		neg 0.369616423668682 __DUMMY__ 0.3179778431120205 off 0.31240573321929743	false	1.0
kapitulation	neg 1.0		neg 0.3685893532127283 __DUMMY__ 0.317597422356061 off 0.31381322443121057	false	1.0
unscharf	neg 1.0		neg 0.3651995168901475 off 0.3203787216863691 __DUMMY__ 0.3144217614234834	false	1.0
schwinden	neg 1.0		neg 0.37044048289159703 __DUMMY__ 0.3177932394321255 off 0.31176627767627735	false	1.0
versklavung	neg 1.0		neg 0.365526140442158 off 0.3186478096503034 __DUMMY__ 0.31582604990753876	false	1.0
schlecht	neg 1.0		neg 0.35754738596950736 off 0.32654428796994134 __DUMMY__ 0.31590832606055136	false	1.0
verhasst	neg 1.0		neg 0.36645818405124925 off 0.31901608897600625 __DUMMY__ 0.31452572697274456	false	1.0
beschweren	neg 1.0		neg 0.3621544576894314 off 0.3213212151266815 __DUMMY__ 0.316524327183887	false	1.0
scheiden	neg 1.0		neg 0.3627271887773036 off 0.3193321608424791 __DUMMY__ 0.3179406503802174	false	1.0
frustriert	neg 1.0		neg 0.3665517006685611 __DUMMY__ 0.3167608432451529 off 0.31668745608628596	false	1.0
schimmelig	neg 1.0		neg 0.3713024894467102 __DUMMY__ 0.3151874158832433 off 0.3135100946700466	false	1.0
fisch	neg 1.0		neg 0.37250066917884556 __DUMMY__ 0.3167494176658742 off 0.31074991315528006	false	1.0
schmuggel	neg 1.0		neg 0.3711513323527087 __DUMMY__ 0.3169004348310625 off 0.31194823281622874	false	1.0
auffallen	neg 1.0		neg 0.36173594552531907 off 0.32212342788142195 __DUMMY__ 0.3161406265932589	false	1.0
konkurrenz	neg 1.0		neg 0.36913355487650085 __DUMMY__ 0.3193101458802498 off 0.31155629924324935	false	1.0
teufelskreis	neg 1.0	neg 1.0	neg 0.6731455183519603 off 0.17525662714391238 __DUMMY__ 0.15159785450412738	false	1.0
aufschreien	neg 1.0		neg 0.3631807557890488 off 0.3215651319228403 __DUMMY__ 0.31525411228811095	false	1.0
schuldner	neg 1.0		neg 0.3724694075891213 __DUMMY__ 0.316820358576173 off 0.31071023383470575	false	1.0
missgeburt	off 1.0	off 1.0	off 0.6522887683674533 neg 0.19937832965577848 __DUMMY__ 0.14833290197676832	false	1.0
arbeitslos	neg 1.0		neg 0.3682170280262637 __DUMMY__ 0.31671270852990535 off 0.315070263443831	false	1.0
befallen	neg 1.0		neg 0.3701505311729642 __DUMMY__ 0.3150488455084977 off 0.31480062331853803	false	1.0
miesepetrig	off 1.0	off 1.0	off 0.6498798233230167 neg 0.19863703676574646 __DUMMY__ 0.15148313991123674	false	1.0
alarmieren	neg 1.0		neg 0.3649052234165525 off 0.32182086532887433 __DUMMY__ 0.3132739112545731	false	1.0
ungeduscht	off 1.0		neg 0.3641708639136028 off 0.32225146283935446 __DUMMY__ 0.3135776732470426	false	0.5
knappheit	neg 1.0		neg 0.37000841801715584 __DUMMY__ 0.3161394546694237 off 0.31385212731342055	false	1.0
schlange	neg 1.0		neg 0.36033249458500966 off 0.3216675021986854 __DUMMY__ 0.31800000321630495	false	1.0
harsch	neg 1.0		neg 0.3557860460356121 off 0.33040646800857276 __DUMMY__ 0.31380748595581526	false	1.0
lang	neg 1.0		neg 0.3638972934135616 off 0.3194521325147213 __DUMMY__ 0.3166505740717172	false	1.0
ziellos	neg 1.0		neg 0.36574340213312373 __DUMMY__ 0.31871885267258404 off 0.31553774519429234	false	1.0
selbstverliebt	neg 1.0		neg 0.354750938791102 off 0.3360747167332264 __DUMMY__ 0.3091743444756717	false	1.0
beseitigen	neg 1.0		neg 0.36584306539843925 __DUMMY__ 0.31734731989404574 off 0.3168096147075149	false	1.0
dumm	off 1.0		neg 0.35542956628203404 off 0.3322330610010922 __DUMMY__ 0.3123373727168737	false	0.5
arbeitsloser	neg 1.0		neg 0.3653283779572693 __DUMMY__ 0.31839179506003984 off 0.31627982698269086	false	1.0
blitzen	neg 1.0		neg 0.3615606841778233 off 0.32242159450269375 __DUMMY__ 0.31601772131948297	false	1.0
hilflos	neg 1.0		neg 0.36772410267674455 __DUMMY__ 0.3164726402690685 off 0.315803257054187	false	1.0
eklig	off 1.0		neg 0.35813780073357226 off 0.3315137182547312 __DUMMY__ 0.31034848101169665	false	0.5
begriff			neg 0.3649833353555358 off 0.31793338594505505 __DUMMY__ 0.31708327869940905	false	0.0
hungersnot	neg 1.0		neg 0.36890454599550854 __DUMMY__ 0.31650172169965274 off 0.3145937323048387	false	1.0
ungesetzlich	neg 1.0		neg 0.3665344196125625 off 0.3183593049334551 __DUMMY__ 0.3151062754539824	false	1.0
verschwendung	neg 1.0		neg 0.36901593043261716 __DUMMY__ 0.3177315601803049 off 0.31325250938707794	false	1.0
schmerzvoll	neg 1.0		neg 0.36356519596936593 off 0.32043863810832673 __DUMMY__ 0.3159961659223073	false	1.0
vorzeitig	neg 1.0		neg 0.3640825797486823 off 0.32095941552017926 __DUMMY__ 0.31495800473113844	false	1.0
unvollkommenheit	neg 1.0		neg 0.36450273717907383 __DUMMY__ 0.31918678375191595 off 0.3163104790690103	false	1.0
intervenieren	neg 1.0		neg 0.37006668570692647 __DUMMY__ 0.31728954556667566 off 0.3126437687263979	false	1.0
banause	off 1.0		neg 0.3580247068216999 off 0.33354073150026897 __DUMMY__ 0.3084345616780311	false	0.5
rebell	neg 1.0		neg 0.3733489786690714 __DUMMY__ 0.31819213595319484 off 0.30845888537773364	false	1.0
unlogisch	neg 1.0		neg 0.35886802776588445 off 0.32783276565173836 __DUMMY__ 0.31329920658237725	false	1.0
leiden	neg 1.0		neg 0.36677124405633305 __DUMMY__ 0.3197597943630184 off 0.31346896158064863	false	1.0
abschaffung	neg 1.0		neg 0.3648915378096998 off 0.3186695349185027 __DUMMY__ 0.31643892727179734	false	1.0
sturz	neg 1.0		neg 0.36618088739910415 off 0.3177724958994415 __DUMMY__ 0.3160466167014545	false	1.0
verkleinerung	neg 1.0		neg 0.36504543466928147 off 0.3207294274396352 __DUMMY__ 0.3142251378910834	false	1.0
schmarotzer	off 1.0		neg 0.36773601133324607 __DUMMY__ 0.31634847213411565 off 0.31591551653263833	false	0.5
bestrafung	neg 1.0		neg 0.36480631679833486 off 0.319295927252793 __DUMMY__ 0.31589775594887215	false	1.0
achtlos	neg 1.0	neg 1.0	neg 0.6717185399191135 off 0.17574393949358968 __DUMMY__ 0.15253752058729694	false	1.0
ungeheuer	neg 1.0		neg 0.3629733350117891 off 0.3212009868730948 __DUMMY__ 0.315825678115116	false	1.0
unaufrichtig	neg 1.0		neg 0.35895079315385053 off 0.32348608855971933 __DUMMY__ 0.31756311828643013	false	1.0
groggy	neg 1.0		neg 0.36252033385572163 off 0.3218686608187251 __DUMMY__ 0.3156110053255534	false	1.0
verletzlich	neg 1.0		neg 0.36256804222473726 off 0.32456812312322664 __DUMMY__ 0.3128638346520362	false	1.0
ablehnen	neg 1.0		neg 0.36709365523231585 __DUMMY__ 0.3176037006872179 off 0.31530264408046627	false	1.0
