unsolidarisch	neg 1.0		__DUMMY__ 0.868325481994404 neg 0.07115208726211569 off 0.060522430743480474	false	1.0
nachteilig	neg 1.0		__DUMMY__ 0.8739656723131264 neg 0.06981208404142351 off 0.056222243645450115	false	1.0
skeptisch	neg 1.0		__DUMMY__ 0.8738187065661943 neg 0.07037020380846909 off 0.05581108962533664	false	1.0
schrecklich	neg 1.0		__DUMMY__ 0.8660990676167802 off 0.06934652833410919 neg 0.06455440404911057	false	0.5
schlapp	neg 1.0		__DUMMY__ 0.8688927070770972 neg 0.0658562598782362 off 0.0652510330446666	false	1.0
abfall	neg 1.0		__DUMMY__ 0.8772785966349756 neg 0.07040490165940945 off 0.052316501705614915	false	1.0
widerspenstig	neg 1.0		__DUMMY__ 0.8712254474082962 neg 0.06845515096869104 off 0.06031940162301287	false	1.0
abrupt	neg 1.0		__DUMMY__ 0.8744204237727221 neg 0.06955244485961226 off 0.05602713136766555	false	1.0
unwirksam	neg 1.0		__DUMMY__ 0.8677146871758034 neg 0.07214191872730324 off 0.06014339409689333	false	1.0
angreifen	neg 1.0		__DUMMY__ 0.8717965052022291 neg 0.07240925666134951 off 0.05579423813642155	false	1.0
inkonsistent	neg 1.0		__DUMMY__ 0.8671062145734963 neg 0.07200541941406378 off 0.06088836601243979	false	1.0
abrutschen	neg 1.0		__DUMMY__ 0.8754505128290601 neg 0.07170583930622265 off 0.052843647864717264	false	1.0
unsicher	neg 1.0		__DUMMY__ 0.8737382890974448 neg 0.06590230742273268 off 0.06035940347982261	false	1.0
bauernkind	off 1.0	off 1.0	off 0.5229777329774323 __DUMMY__ 0.4206075707335858 neg 0.05641469628898185	false	1.0
angreifer	neg 1.0	neg 1.0	neg 0.5215226724218919 __DUMMY__ 0.4314756622351505 off 0.04700166534295765	false	1.0
trennen	neg 1.0		__DUMMY__ 0.8760878038191698 neg 0.06869217477416513 off 0.055220021406665085	false	1.0
schmutz	neg 1.0		__DUMMY__ 0.8721553167368331 neg 0.06644602032190723 off 0.061398662941259625	false	1.0
inkonsistenz	neg 1.0		__DUMMY__ 0.8638365870616159 neg 0.07037795975070842 off 0.06578545318767572	false	1.0
erschreckend	neg 1.0		__DUMMY__ 0.8704651738005825 neg 0.0696834594019515 off 0.05985136679746599	false	1.0
ertrinken	neg 1.0		__DUMMY__ 0.8710355657239781 neg 0.07302099531001853 off 0.055943438966003414	false	1.0
pickelface	off 1.0		__DUMMY__ 0.8714533507340773 neg 0.06916375353732757 off 0.0593828957285952	false	0.5
seiner			__DUMMY__ 0.8736048530430451 neg 0.07035000653410957 off 0.05604514042284527	false	0.0
lauch	neg 1.0		__DUMMY__ 0.8756391247178679 neg 0.07139307012958195 off 0.05296780515255011	false	1.0
unwichtig	neg 1.0		__DUMMY__ 0.8674216792664797 neg 0.06729700790683944 off 0.0652813128266808	false	1.0
steuerhinterziehung	neg 1.0	neg 1.0	neg 0.5238388461058507 __DUMMY__ 0.4321803513927474 off 0.043980802501401885	false	1.0
schock	neg 1.0		__DUMMY__ 0.8710140246887487 neg 0.06956636956323732 off 0.059419605748014054	false	1.0
beule	neg 1.0		__DUMMY__ 0.8655249827523792 neg 0.06838492225416144 off 0.06609009499345941	false	1.0
vergelten	neg 1.0		__DUMMY__ 0.8694920004323566 off 0.06825043366221376 neg 0.062257565905429635	false	0.5
verdorbenheit	neg 1.0		__DUMMY__ 0.8734797479492655 neg 0.0660385050540327 off 0.060481746996701766	false	1.0
trauma	neg 1.0		__DUMMY__ 0.8701548563722507 neg 0.06859678227111028 off 0.061248361356639025	false	1.0
sinnlos	neg 1.0		__DUMMY__ 0.8703315932054257 neg 0.0670637976504925 off 0.06260460914408163	false	1.0
fettsack	off 1.0	off 1.0	off 0.5238506365925185 __DUMMY__ 0.42202394609904215 neg 0.05412541730843945	false	1.0
feige	off 1.0	off 1.0	off 0.5198969807655182 __DUMMY__ 0.42706117949452477 neg 0.05304183973995709	false	1.0
abdanken	neg 1.0		__DUMMY__ 0.8704372209269449 neg 0.06957459085422017 off 0.059988188218835004	false	1.0
wichtigtuer	off 1.0	off 1.0	off 0.5180765630897142 __DUMMY__ 0.42976918267221526 neg 0.05215425423807062	false	1.0
misslingen	neg 1.0		__DUMMY__ 0.8775983776264612 neg 0.06197957326428927 off 0.06042204910924953	false	1.0
untreu	off 1.0		__DUMMY__ 0.8675550124307506 neg 0.06677389978218044 off 0.06567108778706886	false	0.5
missmutig	neg 1.0		__DUMMY__ 0.8682207417699616 neg 0.0669239561662787 off 0.06485530206375979	false	1.0
hurenbock	off 1.0		__DUMMY__ 0.8693314220177801 neg 0.0688732056173578 off 0.06179537236486209	false	0.5
betrunken	neg 1.0		__DUMMY__ 0.8674933749732984 off 0.06696917821244576 neg 0.06553744681425584	false	0.5
korrupt	off 1.0		__DUMMY__ 0.8688973197980521 neg 0.07275833340658946 off 0.05834434679535857	false	0.5
unmut	neg 1.0		__DUMMY__ 0.8761658762148749 neg 0.07081813405625612 off 0.05301598972886899	false	1.0
hackfresse	off 1.0		__DUMMY__ 0.8618421509741326 off 0.07278477171558884 neg 0.06537307731027853	false	1.0
aufblasen	neg 1.0		__DUMMY__ 0.8712149582236323 neg 0.06677231004582569 off 0.06201273173054209	false	1.0
gewaltsam	neg 1.0		__DUMMY__ 0.8699944619653773 neg 0.07122219135093545 off 0.05878334668368721	false	1.0
unbeliebtheit	neg 1.0		__DUMMY__ 0.8651294867144137 neg 0.0704967949714347 off 0.06437371831415152	false	1.0
sturheit	neg 1.0		__DUMMY__ 0.8699222606468596 neg 0.07075992315083107 off 0.05931781620230926	false	1.0
kuh	neg 1.0		__DUMMY__ 0.8638768693914795 neg 0.07370494107660311 off 0.06241818953191747	false	1.0
erschrecken	neg 1.0		__DUMMY__ 0.8697876669680769 neg 0.06559187750496694 off 0.06462045552695632	false	1.0
opfer	neg 1.0		__DUMMY__ 0.8727563237255362 neg 0.07010304926016224 off 0.057140627014301594	false	1.0
sinken	neg 1.0		__DUMMY__ 0.875963066754065 neg 0.07064973471855068 off 0.053387198527384286	false	1.0
stinktier	neg 1.0		__DUMMY__ 0.8565436627451719 neg 0.07342210200407738 off 0.07003423525075064	false	1.0
tucke	off 1.0		__DUMMY__ 0.8574227882875137 off 0.0737169387660198 neg 0.0688602729464665	false	1.0
ein			__DUMMY__ 0.8704610946023823 neg 0.06837179912529812 off 0.06116710627231957	false	0.0
abstieg	neg 1.0		__DUMMY__ 0.8725001760741802 neg 0.07149468902934852 off 0.05600513489647126	false	1.0
missverstehen	neg 1.0		__DUMMY__ 0.8678644090097015 neg 0.0685916431253518 off 0.06354394786494677	false	1.0
ergebnislos	neg 1.0		__DUMMY__ 0.8735637655237555 neg 0.07069689351688412 off 0.05573934095936037	false	1.0
unter			__DUMMY__ 0.8820172951283406 neg 0.06993835778140135 off 0.04804434709025806	false	0.0
manipulieren	neg 1.0		__DUMMY__ 0.8747752196091861 neg 0.06980286140368996 off 0.05542191898712388	false	1.0
unbewiesen	neg 1.0		__DUMMY__ 0.8671331496836691 neg 0.07235240454056065 off 0.06051444577577019	false	1.0
verschleppen	neg 1.0		__DUMMY__ 0.8705092720056361 neg 0.0720480263613995 off 0.05744270163296437	false	1.0
weib	off 1.0		__DUMMY__ 0.854734159747605 off 0.07348491593615859 neg 0.0717809243162364	false	1.0
opposition	neg 1.0		__DUMMY__ 0.8678426596048353 neg 0.07046936366280337 off 0.06168797673236132	false	1.0
verkehrswidrig	neg 1.0		__DUMMY__ 0.8690668732656738 off 0.06879742887056696 neg 0.06213569786375918	false	0.5
inkorrekt	neg 1.0		__DUMMY__ 0.8635775604766441 off 0.06900866828752657 neg 0.06741377123582934	false	0.5
vermeiden	neg 1.0	neg 1.0	neg 0.521772305831421 __DUMMY__ 0.43941402959072806 off 0.03881366457785097	false	1.0
abweichung	neg 1.0	neg 1.0	neg 0.520277000346514 __DUMMY__ 0.43651567388093104 off 0.043207325772554955	false	1.0
alkoholisiert	neg 1.0		__DUMMY__ 0.8749709387728287 neg 0.06962635773692245 off 0.05540270349024886	false	1.0
scheiss	off 1.0	off 1.0	off 0.5196978516055069 __DUMMY__ 0.4280341076730953 neg 0.05226804072139781	false	1.0
herausforderung	neg 1.0		__DUMMY__ 0.8762827045896285 neg 0.06813001846087675 off 0.055587276949494765	false	1.0
pervers	off 1.0		__DUMMY__ 0.8576503956405165 off 0.07612218675458421 neg 0.06622741760489932	false	1.0
wackelig	neg 1.0		__DUMMY__ 0.8769775060615549 neg 0.06485459560683669 off 0.05816789833160848	false	1.0
verwickeln	neg 1.0		__DUMMY__ 0.8684433662567126 neg 0.06851425063456251 off 0.06304238310872488	false	1.0
vorwand	neg 1.0		__DUMMY__ 0.8733813780598422 neg 0.07129508644071128 off 0.05532353549944655	false	1.0
muschi	off 1.0		__DUMMY__ 0.8714210310961827 neg 0.06899503348878083 off 0.05958393541503644	false	0.5
entmutigung	neg 1.0		__DUMMY__ 0.8694558153692838 neg 0.06881067717315469 off 0.0617335074575615	false	1.0
unangemessen	neg 1.0		__DUMMY__ 0.8698798313908847 neg 0.07099872089625957 off 0.05912144771285575	false	1.0
unstetig	neg 1.0		__DUMMY__ 0.8698226206069787 neg 0.06757241183736375 off 0.06260496755565756	false	1.0
entmutigen	neg 1.0		__DUMMY__ 0.8708724964906712 neg 0.06780948235299811 off 0.06131802115633057	false	1.0
schwanz	neg 1.0		__DUMMY__ 0.8724243376551682 neg 0.0706388431718727 off 0.05693681917295907	false	1.0
verbot	neg 1.0		__DUMMY__ 0.8714629504223359 neg 0.07064140426205912 off 0.05789564531560499	false	1.0
leid	neg 1.0		__DUMMY__ 0.8631287210142565 off 0.07087714691039639 neg 0.0659941320753471	false	0.5
archaisch	neg 1.0		__DUMMY__ 0.8704232077540047 neg 0.07044265753118792 off 0.05913413471480727	false	1.0
gegen			__DUMMY__ 0.875185305224777 neg 0.07107015235961173 off 0.05374454241561129	false	0.0
scheidung	neg 1.0		__DUMMY__ 0.8604422536730527 off 0.08037900801496044 neg 0.059178738311986764	false	0.5
einschlag	neg 1.0		__DUMMY__ 0.8662705738837447 off 0.06808468116140733 neg 0.06564474495484798	false	0.5
m			__DUMMY__ 0.8737871743951156 neg 0.06823207888225327 off 0.05798074672263119	false	0.0
abgestanden	neg 1.0		__DUMMY__ 0.8684088143189157 neg 0.07127227815625657 off 0.06031890752482775	false	1.0
schmierig	off 1.0		__DUMMY__ 0.8646781308273482 off 0.0701230917259296 neg 0.0651987774467221	false	1.0
unpraktisch	neg 1.0		__DUMMY__ 0.8708799028475045 neg 0.0675037972363924 off 0.06161629991610311	false	1.0
wixxer	off 1.0		__DUMMY__ 0.8551350933049676 off 0.0763316040123216 neg 0.0685333026827108	false	1.0
bezeichnet			__DUMMY__ 0.8679954245994874 neg 0.07132402408236067 off 0.06068055131815184	false	0.0
jammerlappen	off 1.0		__DUMMY__ 0.8694919703103267 off 0.06527232774940828 neg 0.06523570194026507	false	1.0
farce	neg 1.0		__DUMMY__ 0.8696687234051992 neg 0.07152377689298461 off 0.05880749970181615	false	1.0
zwecklos	neg 1.0		__DUMMY__ 0.870305326302565 neg 0.07098119894284782 off 0.058713474754587235	false	1.0
turbulent	neg 1.0		__DUMMY__ 0.8644368595747453 neg 0.0690925833340947 off 0.06647055709116002	false	1.0
invasion	neg 1.0		__DUMMY__ 0.8695389677602604 neg 0.06815500654903481 off 0.06230602569070484	false	1.0
schuld	neg 1.0		__DUMMY__ 0.8689768203361038 neg 0.0693603751752472 off 0.06166280448864906	false	1.0
risiko	neg 1.0	neg 1.0	neg 0.5196872176523554 __DUMMY__ 0.43389263040022896 off 0.04642015194741571	false	1.0
finster	neg 1.0		__DUMMY__ 0.8680728720170483 neg 0.07068426912850358 off 0.06124285885444802	false	1.0
geisteskrank	off 1.0		__DUMMY__ 0.863794606724541 neg 0.06904033141854053 off 0.06716506185691845	false	0.5
zusammenbrechen	neg 1.0		__DUMMY__ 0.8724653090258698 neg 0.06880525156716524 off 0.058729439406964956	false	1.0
ausbeute	neg 1.0		__DUMMY__ 0.8820314663176289 neg 0.061471197460275455 off 0.056497336222095636	false	1.0
hinterhalt	neg 1.0		__DUMMY__ 0.873740999242192 neg 0.06807894796180602 off 0.05818005279600201	false	1.0
kritik	neg 1.0		__DUMMY__ 0.8694144298881682 neg 0.07193232929907462 off 0.05865324081275725	false	1.0
einschrumpfen	neg 1.0		__DUMMY__ 0.8656753901113555 neg 0.07003122572424988 off 0.06429338416439455	false	1.0
riskant	neg 1.0		__DUMMY__ 0.8716078927423355 neg 0.07203362718313942 off 0.056358480074525055	false	1.0
frustrieren	neg 1.0		__DUMMY__ 0.8721960974739505 neg 0.07057941947126532 off 0.057224483054784205	false	1.0
groll	neg 1.0		__DUMMY__ 0.8705020612119274 neg 0.07123716949010812 off 0.05826076929796448	false	1.0
gibt			__DUMMY__ 0.8732031939592909 neg 0.06791593546263215 off 0.05888087057807697	false	0.0
qualvoll	neg 1.0		__DUMMY__ 0.8684760532185026 neg 0.06825921947076678 off 0.06326472731073053	false	1.0
wackeln	neg 1.0		__DUMMY__ 0.8725809859266561 neg 0.06631937728469005 off 0.061099636788653815	false	1.0
klagen	neg 1.0		__DUMMY__ 0.8751333935792589 neg 0.07111592910848152 off 0.053750677312259625	false	1.0
bankrott	neg 1.0		__DUMMY__ 0.8698624052558529 neg 0.06578420083732056 off 0.06435339390682654	false	1.0
trauern	neg 1.0		__DUMMY__ 0.8736313476837306 neg 0.06981758704605799 off 0.05655106527021127	false	1.0
ablehnung	neg 1.0		__DUMMY__ 0.8701102722919457 neg 0.07145494609476433 off 0.058434781613290014	false	1.0
stur	neg 1.0		__DUMMY__ 0.8692938062038982 neg 0.06889976435016046 off 0.06180642944594135	false	1.0
aufruhr	neg 1.0	neg 1.0	neg 0.522625484617219 __DUMMY__ 0.4323780154524966 off 0.04499649993028435	false	1.0
melancholie	neg 1.0		__DUMMY__ 0.8725264612209571 neg 0.07048444893384792 off 0.056989089845194886	false	1.0
ist			__DUMMY__ 0.8704982797710986 neg 0.06714780614887933 off 0.0623539140800221	false	0.0
torheit	neg 1.0		__DUMMY__ 0.8711252750296229 neg 0.06802405416559318 off 0.060850670804783874	false	1.0
dreckskind	off 1.0		__DUMMY__ 0.8582408255149027 off 0.07188637331623408 neg 0.0698728011688632	false	1.0
umtauschen	neg 1.0		__DUMMY__ 0.8718517926112929 neg 0.06852705847686431 off 0.05962114891184275	false	1.0
zum			__DUMMY__ 0.882556342487884 neg 0.06634531272246634 off 0.051098344789649794	false	0.0
zersetzen	neg 1.0		__DUMMY__ 0.8717145780916133 neg 0.07271619542605742 off 0.055569226482329155	false	1.0
zur			__DUMMY__ 0.8794729416993587 neg 0.0698110135119923 off 0.05071604478864898	false	0.0
frust	neg 1.0		__DUMMY__ 0.8729176440587606 neg 0.06831138283382761 off 0.058770973107411875	false	1.0
unerbittlichkeit	neg 1.0		__DUMMY__ 0.8725802667950897 neg 0.0719243353105219 off 0.05549539789438845	false	1.0
zwei			__DUMMY__ 0.8804289285748466 neg 0.0674320264143643 off 0.05213904501078909	false	0.0
unkorrekt	neg 1.0		__DUMMY__ 0.8668581727641002 off 0.06846243602702468 neg 0.0646793912088753	false	0.5
hexe	off 1.0		__DUMMY__ 0.8616607539076049 neg 0.0732314963100788 off 0.06510774978231638	false	0.5
lasch	neg 1.0		__DUMMY__ 0.8666435018676516 neg 0.0689073903345623 off 0.06444910779778619	false	1.0
rivale	neg 1.0		__DUMMY__ 0.8655296521794374 off 0.06731101542427788 neg 0.06715933239628467	false	0.5
mutlos	off 1.0	off 1.0	off 0.512969532733602 __DUMMY__ 0.432150127756964 neg 0.05488033950943404	false	1.0
wirr	off 1.0		__DUMMY__ 0.8627023963321513 off 0.06915847097942655 neg 0.06813913268842221	false	1.0
jahr			__DUMMY__ 0.8830548473538244 neg 0.062424845611756936 off 0.05452030703441862	false	0.0
wird			__DUMMY__ 0.8730677276688122 neg 0.06926443553649331 off 0.057667836794694435	false	0.0
strafbar	neg 1.0		__DUMMY__ 0.8733920762023648 neg 0.06970932009074313 off 0.056898603706892086	false	1.0
erosion	neg 1.0		__DUMMY__ 0.8731148443446839 neg 0.06664692253069364 off 0.06023823312462249	false	1.0
eingehen	neg 1.0		__DUMMY__ 0.8719733048931684 neg 0.07099147199054863 off 0.057035223116283014	false	1.0
faul	off 1.0		__DUMMY__ 0.8695154971640622 neg 0.06626872287094704 off 0.06421577996499073	false	0.5
provisorium	neg 1.0		__DUMMY__ 0.8847529422088326 neg 0.0666964898517555 off 0.04855056793941182	false	1.0
schmerzen	neg 1.0		__DUMMY__ 0.8701681159334813 neg 0.07086793282903069 off 0.058963951237488016	false	1.0
schrumpfen	neg 1.0		__DUMMY__ 0.8755757163949325 neg 0.07325274403400997 off 0.051171539571057606	false	1.0
geistlos	off 1.0		__DUMMY__ 0.8650533893737314 neg 0.07155748634296225 off 0.06338912428330623	false	0.5
fehlkauf	neg 1.0		__DUMMY__ 0.8693028004986625 neg 0.0685784785646804 off 0.0621187209366571	false	1.0
frustrierend	neg 1.0		__DUMMY__ 0.8692100588279646 neg 0.06648505985573984 off 0.06430488131629554	false	1.0
unzufrieden	neg 1.0		__DUMMY__ 0.871128263518814 neg 0.07041816266616267 off 0.05845357381502322	false	1.0
verzweifeln	neg 1.0		__DUMMY__ 0.8716120346359216 neg 0.06880212936413188 off 0.059585835999946574	false	1.0
verzweifelt	neg 1.0	neg 1.0	neg 0.5235757414953877 __DUMMY__ 0.42961999441526544 off 0.046804264089346875	false	1.0
misstrauensantrag	neg 1.0		__DUMMY__ 0.8691999946106405 neg 0.06852105395747278 off 0.062278951431886824	false	1.0
abfallen	neg 1.0		__DUMMY__ 0.8727381240607947 neg 0.06633702755636109 off 0.06092484838284432	false	1.0
fucker	off 1.0		__DUMMY__ 0.86615177232353 off 0.0681162684727724 neg 0.06573195920369766	false	1.0
ungezogen	neg 1.0		__DUMMY__ 0.8594866283339406 off 0.07524019682545027 neg 0.06527317484060918	false	0.5
irrsinnig	neg 1.0	neg 1.0	neg 0.5228708052617053 __DUMMY__ 0.4303368291531552 off 0.0467923655851396	false	1.0
unfassbar	neg 1.0		__DUMMY__ 0.8685327044815286 off 0.0663844361692656 neg 0.06508285934920563	false	0.5
hart	neg 1.0		__DUMMY__ 0.8648681300177183 neg 0.06947899230345027 off 0.06565287767883146	false	1.0
widerlich	off 1.0		__DUMMY__ 0.8654701354711934 neg 0.06747982206747455 off 0.06705004246133205	false	0.5
fatal	neg 1.0		__DUMMY__ 0.8690881606662073 neg 0.06821343597460136 off 0.06269840335919125	false	1.0
bruch	neg 1.0		__DUMMY__ 0.8753551713595447 neg 0.070529512029688 off 0.054115316610767294	false	1.0
aushungern	neg 1.0		__DUMMY__ 0.8721238847129243 neg 0.06909116280774297 off 0.05878495247933267	false	1.0
anspannung	neg 1.0		__DUMMY__ 0.8789365729999772 neg 0.06979515988560536 off 0.0512682671144174	false	1.0
von			__DUMMY__ 0.8847704701741442 neg 0.060668850174519916 off 0.05456067965133589	false	0.0
kraftlos	neg 1.0		__DUMMY__ 0.8731570538999904 neg 0.06882260799321467 off 0.05802033810679492	false	1.0
vom			__DUMMY__ 0.885057529803708 neg 0.06606740788851799 off 0.04887506230777393	false	0.0
grenzdebil	off 1.0		__DUMMY__ 0.8683548275494888 off 0.0666123204371592 neg 0.06503285201335204	false	1.0
vor			__DUMMY__ 0.8768774120145698 neg 0.06853959309269006 off 0.054582994892740155	false	0.0
unterwerfen	neg 1.0		__DUMMY__ 0.8722395636234218 neg 0.07067739540689516 off 0.05708304096968298	false	1.0
versenkung	neg 1.0		__DUMMY__ 0.8750844683183746 neg 0.06763974432464434 off 0.05727578735698099	false	1.0
entziehen	neg 1.0		__DUMMY__ 0.8746611958983141 neg 0.0711138855938254 off 0.054224918507860556	false	1.0
finanzkrise	neg 1.0		__DUMMY__ 0.8675920648012518 neg 0.07312397276084283 off 0.05928396243790535	false	1.0
schimpfend	neg 1.0		__DUMMY__ 0.8693696842859452 neg 0.06868430396972339 off 0.06194601174433142	false	1.0
profan	neg 1.0		__DUMMY__ 0.8686718751619822 neg 0.06826005664423067 off 0.0630680681937872	false	1.0
korruption	neg 1.0		__DUMMY__ 0.8711228420702584 neg 0.07130046473777737 off 0.05757669319196421	false	1.0
â			__DUMMY__ 0.8740747450493176 neg 0.06849447394687337 off 0.057430781003809044	false	0.0
schmutzig	neg 1.0		__DUMMY__ 0.8683483770066565 off 0.06702883132886212 neg 0.06462279166448137	false	0.5
sexy	neg 1.0		__DUMMY__ 0.869631144230053 neg 0.06645201970824793 off 0.06391683606169898	false	1.0
abraten	neg 1.0		__DUMMY__ 0.8714431001057791 neg 0.06620537405534212 off 0.06235152583887884	false	1.0
schwarz	neg 1.0		__DUMMY__ 0.869435441073904 neg 0.06858416944685679 off 0.061980389479239194	false	1.0
fotze	off 1.0	off 1.0	off 0.514056942141171 __DUMMY__ 0.43341465357826137 neg 0.052528404280567584	false	1.0
verwirren	neg 1.0		__DUMMY__ 0.8694030563487418 neg 0.06701374000716895 off 0.06358320364408922	false	1.0
zahnlos	off 1.0		__DUMMY__ 0.8707999722276094 neg 0.06997434783783954 off 0.05922567993455106	false	0.5
verheeren	neg 1.0		__DUMMY__ 0.8587316923416671 off 0.07661939351411552 neg 0.06464891414421726	false	0.5
hippie	neg 1.0		__DUMMY__ 0.8692584780367193 neg 0.06711708566205458 off 0.06362443630122616	false	1.0
rammen	neg 1.0		__DUMMY__ 0.8646513073939828 neg 0.07403134543201385 off 0.06131734717400329	false	1.0
unlauter	neg 1.0		__DUMMY__ 0.8685204210927251 neg 0.07003540949066817 off 0.06144416941660669	false	1.0
unheilvoll	neg 1.0		__DUMMY__ 0.8686254078590228 neg 0.0695461191973103 off 0.061828472943666925	false	1.0
niedrig	neg 1.0		__DUMMY__ 0.8713796798786354 neg 0.07298045919801557 off 0.055639860923349035	false	1.0
explosion	neg 1.0		__DUMMY__ 0.8702962007533805 neg 0.06661442505000088 off 0.06308937419661859	false	1.0
weichei	off 1.0	off 1.0	off 0.5240833447201017 __DUMMY__ 0.4250246231924602 neg 0.05089203208743819	false	1.0
minusmensch	off 1.0		__DUMMY__ 0.8538520443468638 off 0.07433453842396692 neg 0.07181341722916935	false	1.0
farblos	neg 1.0		__DUMMY__ 0.8697292455226371 neg 0.07083219282200942 off 0.05943856165535346	false	1.0
unwissend	neg 1.0	neg 1.0	neg 0.5209460717178189 __DUMMY__ 0.42943440226696455 off 0.04961952601521642	false	1.0
traurig	neg 1.0		__DUMMY__ 0.867134569428843 off 0.06864665945416085 neg 0.06421877111699618	false	0.5
senkung	neg 1.0		__DUMMY__ 0.8672354713016351 neg 0.06985666814039673 off 0.06290786055796818	false	1.0
ungleich	neg 1.0	neg 1.0	neg 0.5234915414653483 __DUMMY__ 0.43401264092371805 off 0.04249581761093366	false	1.0
heikel	neg 1.0		__DUMMY__ 0.8726740533340632 neg 0.0709701063224958 off 0.056355840343440974	false	1.0
drosselung	neg 1.0		__DUMMY__ 0.866001625835815 neg 0.06773003380990542 off 0.06626834035427974	false	1.0
falsch	neg 1.0		__DUMMY__ 0.8689270134973054 neg 0.06658414228013862 off 0.064488844222556	false	1.0
unzufriedenheit	neg 1.0		__DUMMY__ 0.8736665621658174 neg 0.0714098324283941 off 0.054923605405788535	false	1.0
kurz	neg 1.0		__DUMMY__ 0.8759314838388205 neg 0.0652765046926394 off 0.05879201146854008	false	1.0
unsinnig	neg 1.0		__DUMMY__ 0.870812525431808 neg 0.06979895437698753 off 0.05938852019120445	false	1.0
penner	off 1.0	off 1.0	off 0.5252678218352769 __DUMMY__ 0.42457720030591856 neg 0.05015497785880453	false	1.0
seicht	neg 1.0		__DUMMY__ 0.8594021940924249 off 0.07505642925299107 neg 0.06554137665458398	false	0.5
dummheit	off 1.0	off 1.0	off 0.5182470578244487 __DUMMY__ 0.4281424983190905 neg 0.05361044385646077	false	1.0
unerfreulich	neg 1.0		__DUMMY__ 0.8751591839085433 neg 0.06939689971663465 off 0.055443916374821954	false	1.0
motherfucker	off 1.0	off 1.0	off 0.5212622022748687 __DUMMY__ 0.4279150185620186 neg 0.0508227791631126	false	1.0
pikiert	neg 1.0		__DUMMY__ 0.8651381067991666 neg 0.06859163984554635 off 0.06627025335528716	false	1.0
wrack	neg 1.0		__DUMMY__ 0.8709523891028895 neg 0.07127538880317226 off 0.05777222209393823	false	1.0
gangster	neg 1.0		__DUMMY__ 0.8691946087039265 neg 0.06716887179693373 off 0.06363651949913976	false	1.0
krank	neg 1.0		__DUMMY__ 0.8694567886971794 off 0.06644646806908772 neg 0.06409674323373296	false	0.5
reich	neg 1.0		__DUMMY__ 0.8682520123930423 neg 0.06651027220916045 off 0.0652377153977973	false	1.0
gnadenlos	neg 1.0		__DUMMY__ 0.8690620166381915 neg 0.06920594586797393 off 0.06173203749383466	false	1.0
niedergeschlagen	neg 1.0		__DUMMY__ 0.8720222050146189 neg 0.06899767459336544 off 0.05898012039201554	false	1.0
terrorisieren	off 1.0	off 1.0	off 0.5131310906240872 __DUMMY__ 0.433827158411108 neg 0.05304175096480472	false	1.0
sinnlosigkeit	neg 1.0		__DUMMY__ 0.8712780593746902 neg 0.07007595312525775 off 0.05864598750005211	false	1.0
behindern	neg 1.0		__DUMMY__ 0.8712739095305013 neg 0.0692166313237547 off 0.059509459145744036	false	1.0
undemokratisch	neg 1.0		__DUMMY__ 0.8700065767481336 neg 0.06841274698549633 off 0.06158067626636994	false	1.0
wirtschaftskrise	neg 1.0		__DUMMY__ 0.8695941553310689 neg 0.07306263502320824 off 0.05734320964572286	false	1.0
neid	neg 1.0		__DUMMY__ 0.8717039954377587 neg 0.06417736025911623 off 0.06411864430312501	false	1.0
rutschen	neg 1.0		__DUMMY__ 0.8808689783461997 neg 0.0671638309814849 off 0.05196719067231545	false	1.0
rezession	neg 1.0		__DUMMY__ 0.8590220077495914 neg 0.07188547530255589 off 0.06909251694785278	false	1.0
fehlgeburt	neg 1.0		__DUMMY__ 0.8703863115183341 neg 0.06781459426268513 off 0.0617990942189808	false	1.0
charakterschwach	off 1.0		__DUMMY__ 0.8655070305627606 neg 0.06755089953609793 off 0.06694206990114152	false	0.5
isolation	neg 1.0		__DUMMY__ 0.8694770120364083 neg 0.0666442271830611 off 0.06387876078053063	false	1.0
ablenkung	neg 1.0		__DUMMY__ 0.8732783499715882 neg 0.06620809747994219 off 0.06051355254846965	false	1.0
pech	neg 1.0		__DUMMY__ 0.8698931000892502 neg 0.0663849998497593 off 0.06372190006099045	false	1.0
vermeidung	neg 1.0		__DUMMY__ 0.8664045908377642 neg 0.06716887043866857 off 0.06642653872356723	false	1.0
dominieren	neg 1.0		__DUMMY__ 0.8729345981754082 neg 0.070428714887034 off 0.056636686937557724	false	1.0
schwindlig	neg 1.0		__DUMMY__ 0.8711486745206228 neg 0.06673108209522675 off 0.06212024338415049	false	1.0
lutscher	neg 1.0	neg 1.0	neg 0.5200320792923617 __DUMMY__ 0.4229782553670854 off 0.056989665340552935	false	1.0
pflicht	neg 1.0		__DUMMY__ 0.873338544500437 neg 0.07132459570718908 off 0.055336859792373905	false	1.0
faschist	off 1.0		__DUMMY__ 0.8689799289566952 neg 0.06703717441736928 off 0.06398289662593541	false	0.5
verschleudern	neg 1.0		__DUMMY__ 0.8734992808250506 neg 0.07035512234576353 off 0.05614559682918588	false	1.0
wenn			__DUMMY__ 0.8686889940462019 neg 0.06668854202091791 off 0.06462246393288025	false	0.0
ehebruch	neg 1.0		__DUMMY__ 0.871598620352573 neg 0.07085545546142163 off 0.05754592418600552	false	1.0
spott	off 1.0		__DUMMY__ 0.8720431028614998 neg 0.0707969046435004 off 0.05715999249499982	false	0.5
trostlosigkeit	neg 1.0		__DUMMY__ 0.8736329032985248 neg 0.07185235317495432 off 0.054514743526520824	false	1.0
lutschen	neg 1.0		__DUMMY__ 0.8655782065768813 neg 0.07040322305323678 off 0.06401857036988196	false	1.0
undiszipliniert	neg 1.0		__DUMMY__ 0.8662265993435987 off 0.06810552524045835 neg 0.06566787541594285	false	0.5
kopfschmerz	neg 1.0		__DUMMY__ 0.8690981844294656 neg 0.07296308285222922 off 0.057938732718305214	false	1.0
unvorhergesehen	neg 1.0		__DUMMY__ 0.8776381906592439 neg 0.0670126851107103 off 0.05534912423004583	false	1.0
desinteressiert	neg 1.0	neg 1.0	neg 0.5205509335280831 __DUMMY__ 0.42813211753091895 off 0.05131694894099796	false	1.0
armselig	off 1.0		__DUMMY__ 0.8638282817214098 off 0.06900299031598205 neg 0.06716872796260817	false	1.0
desaster	neg 1.0		__DUMMY__ 0.875423073349772 neg 0.07098333429679922 off 0.05359359235342873	false	1.0
tod	neg 1.0		__DUMMY__ 0.8721140747242937 neg 0.07075499214884626 off 0.05713093312686	false	1.0
herzlos	neg 1.0		__DUMMY__ 0.8652216898733469 off 0.06877529830192025 neg 0.0660030118247328	false	0.5
unwissenheit	neg 1.0		__DUMMY__ 0.8707846948467012 neg 0.07087835886658742 off 0.05833694628671136	false	1.0
widersinnig	neg 1.0		__DUMMY__ 0.8694257845529085 neg 0.07202733187673138 off 0.05854688357036011	false	1.0
bedenklich	neg 1.0		__DUMMY__ 0.8717521017506417 neg 0.07074827021539783 off 0.05749962803396052	false	1.0
beanstanden	neg 1.0		__DUMMY__ 0.8747543011478571 neg 0.07030525557070283 off 0.05494044328143994	false	1.0
panisch	neg 1.0	neg 1.0	neg 0.5190359544356157 __DUMMY__ 0.433637411208053 off 0.04732663435633148	false	1.0
debil	off 1.0		__DUMMY__ 0.8793775923699186 neg 0.07142647480490158 off 0.04919593282517978	false	0.5
abstrich	neg 1.0		__DUMMY__ 0.875957519473047 neg 0.06568645129169247 off 0.05835602923526061	false	1.0
primitiv	neg 1.0		__DUMMY__ 0.8655654212753049 off 0.06728149670399569 neg 0.06715308202069942	false	0.5
abschaum	off 1.0	off 1.0	off 0.519999167841585 __DUMMY__ 0.42818869437320406 neg 0.05181213778521097	false	1.0
provozieren	neg 1.0		__DUMMY__ 0.8681086845942733 neg 0.07030155292945944 off 0.06158976247626741	false	1.0
tot	neg 1.0		__DUMMY__ 0.8720268056896537 neg 0.07055091084160213 off 0.05742228346874424	false	1.0
instabil	neg 1.0		__DUMMY__ 0.8644896687576574 off 0.06822307230434943 neg 0.06728725893799323	false	0.5
schwuchtel	off 1.0	off 1.0	off 0.5297140298307063 __DUMMY__ 0.41961652640440467 neg 0.05066944376488904	false	1.0
zerren	neg 1.0		__DUMMY__ 0.8719929364188291 neg 0.06942810299864659 off 0.05857896058252425	false	1.0
kinderficker	off 1.0		__DUMMY__ 0.8636878271559368 off 0.07150517819157452 neg 0.06480699465248865	false	1.0
gefahr	neg 1.0		__DUMMY__ 0.8752178318015094 neg 0.07003159136242836 off 0.05475057683606232	false	1.0
rabiat	neg 1.0		__DUMMY__ 0.8709848783043428 neg 0.06832270085416131 off 0.06069242084149599	false	1.0
verlangsamung	neg 1.0		__DUMMY__ 0.8577860683403371 off 0.0730249979077049 neg 0.06918893375195796	false	0.5
ausgestorben	neg 1.0		__DUMMY__ 0.8720056539925599 neg 0.06767198705135588 off 0.06032235895608407	false	1.0
anklagen	neg 1.0		__DUMMY__ 0.8711104891044927 neg 0.07120954382413099 off 0.057679967071376265	false	1.0
trott	neg 1.0		__DUMMY__ 0.8711953720904703 neg 0.06890350777821341 off 0.05990112013131629	false	1.0
verminderung	neg 1.0		__DUMMY__ 0.8668472566445492 off 0.066774114678521 neg 0.06637862867692988	false	0.5
nach			__DUMMY__ 0.8817060848763922 neg 0.06734548645311783 off 0.05094842867048984	false	0.0
rost	neg 1.0		__DUMMY__ 0.8620268833083232 off 0.07156151244585937 neg 0.06641160424581745	false	0.5
destruktiv	neg 1.0		__DUMMY__ 0.8699709035146156 neg 0.069594870969219 off 0.060434225516165334	false	1.0
unzumutbarkeit	neg 1.0		__DUMMY__ 0.867559395877121 neg 0.06686079451314808 off 0.0655798096097308	false	1.0
labil	off 1.0	off 1.0	off 0.519377782905359 __DUMMY__ 0.4288269920535824 neg 0.05179522504105866	false	1.0
ziemlich	neg 1.0		__DUMMY__ 0.8694948462362563 off 0.06615640632118885 neg 0.06434874744255492	false	0.5
lachnummer	off 1.0		__DUMMY__ 0.8694076056410736 neg 0.06934806429311455 off 0.061244330065811786	false	0.5
oder			__DUMMY__ 0.8728476428881244 neg 0.06602148924553963 off 0.06113086786633599	false	0.0
verfall	neg 1.0		__DUMMY__ 0.8763246183325065 neg 0.07247923574791859 off 0.05119614591957487	false	1.0
ausgrenzung	neg 1.0		__DUMMY__ 0.8694388161963159 neg 0.06842134457573369 off 0.06213983922795036	false	1.0
unordnung	neg 1.0		__DUMMY__ 0.8681066678812032 off 0.06790075528792794 neg 0.06399257683086898	false	0.5
fehlverhalten	neg 1.0		__DUMMY__ 0.8715432294233093 neg 0.07251738680989771 off 0.05593938376679291	false	1.0
eine			__DUMMY__ 0.8767051177500936 neg 0.06820884380832608 off 0.055086038441580366	false	0.0
nille	neg 1.0		__DUMMY__ 0.8718824142956185 neg 0.06807996174144229 off 0.06003762396293916	false	1.0
qual	neg 1.0		__DUMMY__ 0.8716039134844464 neg 0.06885159087465839 off 0.0595444956408952	false	1.0
verschwenden	neg 1.0		__DUMMY__ 0.871582624511052 neg 0.0716932566646752 off 0.05672411882427276	false	1.0
riesig	neg 1.0		__DUMMY__ 0.8733058137934393 neg 0.06991109599281926 off 0.05678309021374152	false	1.0
verurteilen	neg 1.0		__DUMMY__ 0.869754302262013 neg 0.07190096232558658 off 0.0583447354124004	false	1.0
klischee	neg 1.0	neg 1.0	neg 0.5220805230516192 __DUMMY__ 0.4291711998469264 off 0.04874827710145439	false	1.0
diktatorisch	neg 1.0		__DUMMY__ 0.8686856580141817 neg 0.06954524966646859 off 0.06176909231934968	false	1.0
vorhersehbar	neg 1.0		__DUMMY__ 0.8672022020366315 neg 0.06897925984815538 off 0.06381853811521311	false	1.0
sowie			__DUMMY__ 0.8613453453272997 off 0.07073507872410408 neg 0.06791957594859624	false	0.0
stornieren	neg 1.0		__DUMMY__ 0.8766848659812851 off 0.06206352721401062 neg 0.061251606804704185	false	0.5
besteuerung	neg 1.0		__DUMMY__ 0.8659203407248889 neg 0.07325240802837932 off 0.06082725124673187	false	1.0
ungeschminkt	neg 1.0		__DUMMY__ 0.8614562272350085 neg 0.07202856696744873 off 0.06651520579754269	false	1.0
kritisch	neg 1.0		__DUMMY__ 0.8725950975828826 neg 0.07010316148663359 off 0.05730174093048391	false	1.0
schlamperei	off 1.0		__DUMMY__ 0.8742572049185369 neg 0.0698077627399166 off 0.05593503234154645	false	0.5
sucht	neg 1.0	neg 1.0	neg 0.5182967443048442 __DUMMY__ 0.435992523018811 off 0.045710732676344776	false	1.0
egoistisch	off 1.0		__DUMMY__ 0.8620627658504798 off 0.07159698929453884 neg 0.06634024485498137	false	1.0
ausbeuter	off 1.0		__DUMMY__ 0.8708698764425117 neg 0.07319605045949856 off 0.05593407309798981	false	0.5
arschgeburt	off 1.0		__DUMMY__ 0.8521880871934101 off 0.07907233505654225 neg 0.06873957775004762	false	1.0
schubs	neg 1.0		__DUMMY__ 0.8729812293112854 neg 0.06892202990143087 off 0.058096740787283815	false	1.0
unsolide	neg 1.0		__DUMMY__ 0.8676629898689625 neg 0.0700224019401499 off 0.062314608190887535	false	1.0
beschwerde	neg 1.0		__DUMMY__ 0.8716499334999466 neg 0.07169293625141106 off 0.0566571302486424	false	1.0
stocken	neg 1.0		__DUMMY__ 0.8727833034614505 neg 0.0710599199326716 off 0.05615677660587779	false	1.0
isolieren	neg 1.0		__DUMMY__ 0.87305308197465 neg 0.06927942500066622 off 0.05766749302468373	false	1.0
unheilbar	neg 1.0		__DUMMY__ 0.871334397530606 neg 0.0677492467376207 off 0.06091635573177317	false	1.0
pisser	off 1.0		__DUMMY__ 0.8618864545232199 neg 0.06972423110075272 off 0.06838931437602751	false	0.5
löschen	neg 1.0		__DUMMY__ 0.8707685686636168 neg 0.06896942179769203 off 0.06026200953869115	false	1.0
durchfallen	neg 1.0		__DUMMY__ 0.8711030745525847 neg 0.07103302446705452 off 0.05786390098036071	false	1.0
wichser	off 1.0	off 1.0	off 0.5275768913184956 __DUMMY__ 0.4227223382922575 neg 0.049700770389246814	false	1.0
terror	neg 1.0		__DUMMY__ 0.8699294454269667 neg 0.06694105922838324 off 0.06312949534465007	false	1.0
krass	neg 1.0		__DUMMY__ 0.8636777595053552 off 0.06910334876425245 neg 0.06721889173039239	false	0.5
revolte	neg 1.0		__DUMMY__ 0.8682105825031985 neg 0.06931213235038013 off 0.0624772851464213	false	1.0
besorgt	neg 1.0		__DUMMY__ 0.8759584035531659 neg 0.06539632954427775 off 0.0586452669025564	false	1.0
nachlassen	neg 1.0		__DUMMY__ 0.8759008871179382 neg 0.06827361053655283 off 0.0558255023455089	false	1.0
alt	neg 1.0		__DUMMY__ 0.8712302553146509 neg 0.07129196294630477 off 0.05747778173904433	false	1.0
hundesohn	off 1.0		__DUMMY__ 0.8573353502748973 off 0.07571829098520884 neg 0.06694635873989395	false	1.0
als			__DUMMY__ 0.8734978519097528 neg 0.06799354690172495 off 0.05850860118852227	false	0.0
abschreckung	neg 1.0		__DUMMY__ 0.8739570336677398 neg 0.07128033613082856 off 0.05476263020143151	false	1.0
unqualifiziert	neg 1.0		__DUMMY__ 0.8669907718440265 neg 0.06828532614769761 off 0.06472390200827585	false	1.0
abgewichst	off 1.0		__DUMMY__ 0.8729576598000074 neg 0.06776902471705452 off 0.059273315482938134	false	0.5
schwer	neg 1.0		__DUMMY__ 0.8708947910505064 neg 0.06907259055288771 off 0.06003261839660588	false	1.0
bedeutungslosigkeit	neg 1.0		__DUMMY__ 0.8732433839505783 neg 0.07098379996919323 off 0.05577281608022847	false	1.0
kapitulation	neg 1.0		__DUMMY__ 0.8727331114065003 neg 0.07030655392822249 off 0.05696033466527715	false	1.0
unscharf	neg 1.0		__DUMMY__ 0.8669862261351854 neg 0.07067801884027491 off 0.062335755024539675	false	1.0
schwinden	neg 1.0		__DUMMY__ 0.8730874535276584 neg 0.07156403831308493 off 0.05534850815925665	false	1.0
versklavung	neg 1.0		__DUMMY__ 0.8693800803199393 neg 0.06937392948653326 off 0.06124599019352743	false	1.0
schlecht	neg 1.0		__DUMMY__ 0.869510698339434 off 0.06639239080720782 neg 0.06409691085335821	false	0.5
verhasst	neg 1.0		__DUMMY__ 0.8665727678764955 neg 0.07128379622026094 off 0.06214343590324351	false	1.0
beschweren	neg 1.0		__DUMMY__ 0.8705184583677448 neg 0.06694918381045502 off 0.06253235782180022	false	1.0
scheiden	neg 1.0		__DUMMY__ 0.8738813993755947 neg 0.06620800592066733 off 0.059910594703737934	false	1.0
frustriert	neg 1.0		__DUMMY__ 0.87084049023556 neg 0.0699011942018687 off 0.05925831556257125	false	1.0
schimmelig	neg 1.0		__DUMMY__ 0.8684873244105817 neg 0.0743566288953231 off 0.05715604669409515	false	1.0
fisch	neg 1.0		__DUMMY__ 0.8717341652761044 neg 0.07402038458303867 off 0.05424545014085694	false	1.0
schmuggel	neg 1.0		__DUMMY__ 0.8713600976330332 neg 0.07270591265875369 off 0.05593398970821314	false	1.0
auffallen	neg 1.0		__DUMMY__ 0.869827511913082 neg 0.06693015038936423 off 0.06324233769755377	false	1.0
konkurrenz	neg 1.0		__DUMMY__ 0.8758253858097871 neg 0.06972492204277872 off 0.054449692147434156	false	1.0
teufelskreis	neg 1.0	neg 1.0	neg 0.5240807325788457 __DUMMY__ 0.4302308918880432 off 0.045688375533111066	false	1.0
aufschreien	neg 1.0		__DUMMY__ 0.8680958164187634 neg 0.0685220961722959 off 0.06338208740894066	false	1.0
schuldner	neg 1.0		__DUMMY__ 0.8712510551034862 neg 0.07363537584843907 off 0.05511356904807476	false	1.0
missgeburt	off 1.0	off 1.0	off 0.5246407499056127 __DUMMY__ 0.421953792217165 neg 0.0534054578772223	false	1.0
arbeitslos	neg 1.0		__DUMMY__ 0.870690224406592 neg 0.07104214606625896 off 0.05826762952714889	false	1.0
befallen	neg 1.0		__DUMMY__ 0.8678994544191346 neg 0.07321078257467536 off 0.058889763006189984	false	1.0
miesepetrig	off 1.0	off 1.0	off 0.5196798281186918 __DUMMY__ 0.43038279275008756 neg 0.04993737913122058	false	1.0
alarmieren	neg 1.0		__DUMMY__ 0.8644002384621972 neg 0.0707008367510167 off 0.06489892478678616	false	1.0
ungeduscht	off 1.0		__DUMMY__ 0.865334621422334 neg 0.07052644730593201 off 0.06413893127173394	false	0.5
knappheit	neg 1.0		__DUMMY__ 0.8700198621896426 neg 0.07238019621965508 off 0.05759994159070243	false	1.0
schlange	neg 1.0		__DUMMY__ 0.8735676973127199 neg 0.06467073331254183 off 0.0617615693747383	false	1.0
harsch	neg 1.0		__DUMMY__ 0.8656193172024805 off 0.07017243358229086 neg 0.0642082492152287	false	0.5
lang	neg 1.0		__DUMMY__ 0.87083396703028 neg 0.06805262871645243 off 0.06111340425326761	false	1.0
ziellos	neg 1.0		__DUMMY__ 0.8747243224997734 neg 0.06796922895737428 off 0.0573064485428523	false	1.0
selbstverliebt	neg 1.0		__DUMMY__ 0.8566266947398001 off 0.07672962148411157 neg 0.06664368377608831	false	0.5
beseitigen	neg 1.0		__DUMMY__ 0.8725374228678886 neg 0.06863769409214424 off 0.05882488303996725	false	1.0
dumm	off 1.0		__DUMMY__ 0.8628203201253015 off 0.07216455579658206 neg 0.06501512407811644	false	1.0
arbeitsloser	neg 1.0		__DUMMY__ 0.8741236376620332 neg 0.06757134018808947 off 0.058305022149877365	false	1.0
blitzen	neg 1.0		__DUMMY__ 0.8697212759913793 neg 0.06673842767081038 off 0.06354029633781025	false	1.0
hilflos	neg 1.0		__DUMMY__ 0.8703693255478381 neg 0.07090759350790758 off 0.058723080944254304	false	1.0
eklig	off 1.0		__DUMMY__ 0.8589675070576078 off 0.07269504024731 neg 0.06833745269508218	false	1.0
begriff			__DUMMY__ 0.8716305502915475 neg 0.06842505084327064 off 0.059944398865181915	false	0.0
hungersnot	neg 1.0		__DUMMY__ 0.870790782667289 neg 0.07126040452230141 off 0.05794881281040953	false	1.0
ungesetzlich	neg 1.0		__DUMMY__ 0.8678413127145533 neg 0.07051257389925764 off 0.06164611338618906	false	1.0
verschwendung	neg 1.0		__DUMMY__ 0.8727479114546616 neg 0.07090865452594626 off 0.0563434340193922	false	1.0
schmerzvoll	neg 1.0		__DUMMY__ 0.8695366758605578 neg 0.06832420495064222 off 0.06213911918879991	false	1.0
vorzeitig	neg 1.0		__DUMMY__ 0.8678692313081501 neg 0.06912611802215124 off 0.0630046506696987	false	1.0
unvollkommenheit	neg 1.0		__DUMMY__ 0.8762143482504857 neg 0.06646234534471625 off 0.05732330640479799	false	1.0
intervenieren	neg 1.0		__DUMMY__ 0.8720334572012169 neg 0.07164469369790881 off 0.05632184910087432	false	1.0
banause	off 1.0		__DUMMY__ 0.8552449768352711 off 0.07519163866969084 neg 0.06956338449503793	false	1.0
rebell	neg 1.0		__DUMMY__ 0.8741058328572009 neg 0.0735870455898353 off 0.0523071215529638	false	1.0
unlogisch	neg 1.0		__DUMMY__ 0.8645447432219278 off 0.0686288866426257 neg 0.0668263701354466	false	0.5
leiden	neg 1.0		__DUMMY__ 0.8771609303567524 neg 0.0679659863569695 off 0.054873083286278115	false	1.0
abschaffung	neg 1.0		__DUMMY__ 0.8706772644491807 neg 0.06857478274310773 off 0.06074795280771159	false	1.0
sturz	neg 1.0		__DUMMY__ 0.8699093427887099 neg 0.06979224223697773 off 0.06029841497431227	false	1.0
verkleinerung	neg 1.0		__DUMMY__ 0.866376451882697 neg 0.07020066923296606 off 0.06342287888433706	false	1.0
schmarotzer	off 1.0		__DUMMY__ 0.8700849943016838 neg 0.07082404003674692 off 0.05909096566156927	false	0.5
bestrafung	neg 1.0		__DUMMY__ 0.8693563944790593 neg 0.06910333267958174 off 0.06154027284135888	false	1.0
achtlos	neg 1.0	neg 1.0	neg 0.5218467053297079 __DUMMY__ 0.43287242144999943 off 0.045280873220292714	false	1.0
ungeheuer	neg 1.0		__DUMMY__ 0.8694519138821245 neg 0.06794163453441876 off 0.06260645158345685	false	1.0
unaufrichtig	neg 1.0		__DUMMY__ 0.8729254745296785 neg 0.06353810634451175 off 0.06353641912580976	false	1.0
groggy	neg 1.0		__DUMMY__ 0.8687424752920402 neg 0.06764309662249235 off 0.06361442808546754	false	1.0
