unsolidarisch	neg 1.0		__DUMMY__ 0.4508702649018508 neg 0.29485547506908527 off 0.2542742600290639	false	1.0
nachteilig	neg 1.0		__DUMMY__ 0.454842003089578 neg 0.29491859968925566 off 0.2502393972211662	false	1.0
skeptisch	neg 1.0		__DUMMY__ 0.4549204873397074 neg 0.29553524277473814 off 0.24954426988555442	false	1.0
schrecklich	neg 1.0		__DUMMY__ 0.44908287549560977 neg 0.2844615941855897 off 0.2664555303188005	false	1.0
schlapp	neg 1.0		__DUMMY__ 0.451021733500631 neg 0.28711727451821056 off 0.26186099198115836	false	1.0
abfall	neg 1.0		__DUMMY__ 0.4573193773822037 neg 0.29692842587374624 off 0.24575219674404997	false	1.0
widerspenstig	neg 1.0		__DUMMY__ 0.452805237965559 neg 0.291674742828547 off 0.2555200192058941	false	1.0
abrupt	neg 1.0		__DUMMY__ 0.4550972353818365 neg 0.294516458071017 off 0.25038630654714633	false	1.0
unwirksam	neg 1.0		__DUMMY__ 0.4502641235087904 neg 0.29571524716825714 off 0.2540206293229524	false	1.0
angreifen	neg 1.0		__DUMMY__ 0.4535469347498329 neg 0.29763462295167614 off 0.24881844229849087	false	1.0
inkonsistent	neg 1.0		__DUMMY__ 0.4497536590125913 neg 0.2950957116755843 off 0.25515062931182436	false	1.0
abrutschen	neg 1.0		__DUMMY__ 0.45610967254291307 neg 0.297946164360017 off 0.2459441630970699	false	1.0
unsicher	neg 1.0		__DUMMY__ 0.45479722258889427 neg 0.2892292779992651 off 0.2559734994118406	false	1.0
bauernkind	off 1.0	off 1.0	off 0.6201981240476987 __DUMMY__ 0.21276699824925288 neg 0.16703487770304837	false	1.0
angreifer	neg 1.0	neg 1.0	neg 0.6353331973701709 __DUMMY__ 0.21871853158484444 off 0.14594827104498465	false	1.0
trennen	neg 1.0		__DUMMY__ 0.4565348628879434 neg 0.29383967126132987 off 0.2496254658507267	false	1.0
schmutz	neg 1.0		__DUMMY__ 0.45322764981777686 neg 0.2895950080511303 off 0.2571773421310928	false	1.0
inkonsistenz	neg 1.0		__DUMMY__ 0.44760028753116843 neg 0.29190530904750484 off 0.26049440342132685	false	1.0
erschreckend	neg 1.0		__DUMMY__ 0.45253401139000454 neg 0.29330430463401774 off 0.25416168397597777	false	1.0
ertrinken	neg 1.0		__DUMMY__ 0.4529145896137722 neg 0.29808229592740737 off 0.24900311445882053	false	1.0
pickelface	off 1.0		__DUMMY__ 0.4529980926630918 neg 0.2930672401694668 off 0.25393466716744145	false	0.5
seiner			__DUMMY__ 0.454784251602685 neg 0.29536926668708025 off 0.24984648171023477	false	0.0
lauch	neg 1.0		__DUMMY__ 0.4560232487426245 neg 0.2975744481055456 off 0.24640230315182984	false	1.0
unwichtig	neg 1.0		__DUMMY__ 0.4501814544904822 neg 0.28881126719203776 off 0.2610072783174801	false	1.0
steuerhinterziehung	neg 1.0	neg 1.0	neg 0.6379802665719095 __DUMMY__ 0.21909466697861305 off 0.14292506644947736	false	1.0
schock	neg 1.0		__DUMMY__ 0.452871522782031 neg 0.29322107901793054 off 0.25390739820003855	false	1.0
beule	neg 1.0		__DUMMY__ 0.44854197342127716 neg 0.2894029200513219 off 0.262055106527401	false	1.0
vergelten	neg 1.0		__DUMMY__ 0.4513466773064436 neg 0.2830876927058002 off 0.26556562998775624	false	1.0
verdorbenheit	neg 1.0		__DUMMY__ 0.4543258594088119 neg 0.28915604989744415 off 0.2565180906937438	false	1.0
trauma	neg 1.0		__DUMMY__ 0.45216483069287533 neg 0.29162400949475786 off 0.25621115981236686	false	1.0
sinnlos	neg 1.0		__DUMMY__ 0.45231630383857835 neg 0.2895750488716676 off 0.258108647289754	false	1.0
fettsack	off 1.0	off 1.0	off 0.6213270730963063 __DUMMY__ 0.21355750317133698 neg 0.16511542373235671	false	1.0
feige	off 1.0	off 1.0	off 0.618088214148625 __DUMMY__ 0.21639710228669687 neg 0.1655146835646781	false	1.0
abdanken	neg 1.0		__DUMMY__ 0.45237238326127743 neg 0.29357762868753173 off 0.2540499880511909	false	1.0
wichtigtuer	off 1.0	off 1.0	off 0.6167716922561627 __DUMMY__ 0.2178683020626331 neg 0.16536000568120424	false	1.0
misslingen	neg 1.0		__DUMMY__ 0.4571085426549967 neg 0.2854433342011427 off 0.25744812314386073	false	1.0
untreu	off 1.0		__DUMMY__ 0.4502446187916745 neg 0.28807810331144745 off 0.26167727789687817	false	0.5
missmutig	neg 1.0		__DUMMY__ 0.4506841644976998 neg 0.2885413962205702 off 0.26077443928172994	false	1.0
hurenbock	off 1.0		__DUMMY__ 0.45131551502265826 neg 0.291754707736623 off 0.25692977724071864	false	0.5
betrunken	neg 1.0		__DUMMY__ 0.450027231478066 neg 0.2862271698966751 off 0.26374559862525887	false	1.0
korrupt	off 1.0		__DUMMY__ 0.4513157509670166 neg 0.2972800741937113 off 0.25140417483927197	false	0.5
unmut	neg 1.0		__DUMMY__ 0.45656087988185656 neg 0.29718420684945135 off 0.24625491326869214	false	1.0
hackfresse	off 1.0		__DUMMY__ 0.4459552233449178 neg 0.2840017255495286 off 0.2700430511055536	false	0.5
aufblasen	neg 1.0		__DUMMY__ 0.45286727814023475 neg 0.2893872833108686 off 0.2577454385488966	false	1.0
gewaltsam	neg 1.0		__DUMMY__ 0.4519503181613586 neg 0.295456319674639 off 0.2525933621640025	false	1.0
unbeliebtheit	neg 1.0		__DUMMY__ 0.4483807790441617 neg 0.29273619433133075 off 0.2588830266245075	false	1.0
sturheit	neg 1.0		__DUMMY__ 0.45209827996821816 neg 0.29478736052606896 off 0.25311435950571287	false	1.0
kuh	neg 1.0		__DUMMY__ 0.4473664626179075 neg 0.29624122332465647 off 0.25639231405743607	false	1.0
erschrecken	neg 1.0		__DUMMY__ 0.45183199972766946 neg 0.28730545491393816 off 0.26086254535839243	false	1.0
opfer	neg 1.0		__DUMMY__ 0.454098131722396 neg 0.29488588240081476 off 0.25101598587678936	false	1.0
sinken	neg 1.0		__DUMMY__ 0.4562869923361681 neg 0.2968549036428682 off 0.2468581040209636	false	1.0
stinktier	neg 1.0		__DUMMY__ 0.442227257966738 neg 0.2931727165233778 off 0.2646000255098841	false	1.0
tucke	off 1.0		__DUMMY__ 0.44268947080307297 neg 0.2871841654139538 off 0.2701263637829732	false	0.5
ein			__DUMMY__ 0.45235447949232693 neg 0.2911983253941837 off 0.2564471951134894	false	0.0
abstieg	neg 1.0		__DUMMY__ 0.4538367990853837 neg 0.2968208180227396 off 0.24934238289187688	false	1.0
missverstehen	neg 1.0		__DUMMY__ 0.45056287587810007 neg 0.2908298138583835 off 0.2586073102635164	false	1.0
ergebnislos	neg 1.0		__DUMMY__ 0.4545921140832713 neg 0.2961523866292645 off 0.24925549928746416	false	1.0
unter			__DUMMY__ 0.46076634379705755 neg 0.2977952440356969 off 0.2414384121672457	false	0.0
manipulieren	neg 1.0		__DUMMY__ 0.4555006793183709 neg 0.29530541842793906 off 0.24919390225368995	false	1.0
unbewiesen	neg 1.0		__DUMMY__ 0.4500257596318454 neg 0.29609439107455193 off 0.2538798492936026	false	1.0
verschleppen	neg 1.0		__DUMMY__ 0.45236936243034204 neg 0.2969953588159525 off 0.2506352787537054	false	1.0
weib	off 1.0		__DUMMY__ 0.44093975263244767 neg 0.29023049280108515 off 0.2688297545664671	false	0.5
opposition	neg 1.0		__DUMMY__ 0.4503790141420462 neg 0.29330868748660943 off 0.2563122983713442	false	1.0
verkehrswidrig	neg 1.0		__DUMMY__ 0.4509515610271811 neg 0.2822978447691764 off 0.2667505942036425	false	1.0
inkorrekt	neg 1.0		__DUMMY__ 0.447371903159754 neg 0.28780218726155204 off 0.26482590957869395	false	1.0
vermeiden	neg 1.0	neg 1.0	neg 0.6376799106596558 __DUMMY__ 0.22297749064649877 off 0.13934259869384544	false	1.0
abweichung	neg 1.0	neg 1.0	neg 0.6354217571824156 __DUMMY__ 0.22139188914535818 off 0.1431863536722262	false	1.0
alkoholisiert	neg 1.0		__DUMMY__ 0.4552934731078983 neg 0.29467047542904307 off 0.25003605146305863	false	1.0
scheiss	off 1.0	off 1.0	off 0.618553649477323 __DUMMY__ 0.21672729948142772 neg 0.1647190510412492	false	1.0
herausforderung	neg 1.0		__DUMMY__ 0.4565049196588597 neg 0.2933978879122989 off 0.2500971924288414	false	1.0
pervers	off 1.0		__DUMMY__ 0.44292769926984715 neg 0.2837043319045561 off 0.2733679688255968	false	0.5
wackelig	neg 1.0		__DUMMY__ 0.45697368981957576 neg 0.28880467096235923 off 0.25422163921806507	false	1.0
verwickeln	neg 1.0		__DUMMY__ 0.4510000769703525 neg 0.29095391872154025 off 0.2580460043081073	false	1.0
vorwand	neg 1.0		__DUMMY__ 0.45459264458769216 neg 0.29672609606607675 off 0.24868125934623103	false	1.0
muschi	off 1.0		__DUMMY__ 0.45302986447903293 neg 0.2928138380775051 off 0.25415629744346196	false	0.5
entmutigung	neg 1.0		__DUMMY__ 0.45153911758490056 neg 0.2921900717943378 off 0.2562708106207618	false	1.0
unangemessen	neg 1.0		__DUMMY__ 0.45208253416378646 neg 0.295022424253246 off 0.2528950415829677	false	1.0
unstetig	neg 1.0		__DUMMY__ 0.4516213315569761 neg 0.29013287432304813 off 0.2582457941199758	false	1.0
entmutigen	neg 1.0		__DUMMY__ 0.45265932361030725 neg 0.29084004625480264 off 0.25650063013489016	false	1.0
schwanz	neg 1.0		__DUMMY__ 0.45365056305227525 neg 0.2953497044425451 off 0.25099973250517954	false	1.0
verbot	neg 1.0		__DUMMY__ 0.4530832967576156 neg 0.29542175760856104 off 0.25149494563382324	false	1.0
leid	neg 1.0		__DUMMY__ 0.44691831086028955 neg 0.2852958454406934 off 0.267785843699017	false	1.0
archaisch	neg 1.0		__DUMMY__ 0.4523996319592394 neg 0.2943864815461364 off 0.2532138864946243	false	1.0
gegen			__DUMMY__ 0.4558906684643567 neg 0.29728974032661115 off 0.246819591209032	false	0.0
scheidung	neg 1.0		__DUMMY__ 0.4448023878208048 off 0.2795834926812406 neg 0.2756141194979548	false	0.5
einschlag	neg 1.0		__DUMMY__ 0.44913658375311016 neg 0.2861790155797439 off 0.26468440066714594	false	1.0
m			__DUMMY__ 0.4547680131771141 neg 0.2923789776261536 off 0.25285300919673226	false	0.0
abgestanden	neg 1.0		__DUMMY__ 0.45058163278951174 neg 0.2942848818734387 off 0.2551334853370495	false	1.0
schmierig	off 1.0		__DUMMY__ 0.44800938929867135 neg 0.2848144048287144 off 0.2671762058726143	false	0.5
unpraktisch	neg 1.0		__DUMMY__ 0.4525653924236568 neg 0.29014092962823507 off 0.25729367794810826	false	1.0
wixxer	off 1.0		__DUMMY__ 0.44117493907276584 neg 0.28592547904999854 off 0.2728995818772356	false	0.5
bezeichnet			__DUMMY__ 0.45072397409538945 neg 0.2947015911619285 off 0.254574434742682	false	0.0
jammerlappen	off 1.0		__DUMMY__ 0.451629988370573 neg 0.28676727587967643 off 0.2616027357497505	false	0.5
farce	neg 1.0		__DUMMY__ 0.4517771591747263 neg 0.29591013931939575 off 0.25231270150587815	false	1.0
zwecklos	neg 1.0		__DUMMY__ 0.4524262729089808 neg 0.29506734076639207 off 0.2525063863246272	false	1.0
turbulent	neg 1.0		__DUMMY__ 0.44775663525335524 neg 0.2903539894450762 off 0.2618893753015686	false	1.0
invasion	neg 1.0		__DUMMY__ 0.45169760764895955 neg 0.2907501069728653 off 0.2575522853781752	false	1.0
schuld	neg 1.0		__DUMMY__ 0.45141421932481307 neg 0.29229768804433387 off 0.25628809263085306	false	1.0
risiko	neg 1.0	neg 1.0	neg 0.6341396404755905 __DUMMY__ 0.21992954486096383 off 0.14593081466344573	false	1.0
finster	neg 1.0		__DUMMY__ 0.45047864684351974 neg 0.2933756210472121 off 0.25614573210926816	false	1.0
geisteskrank	off 1.0		__DUMMY__ 0.447591539274799 neg 0.28994316385767527 off 0.2624652968675256	false	0.5
zusammenbrechen	neg 1.0		__DUMMY__ 0.4539455833634846 neg 0.2927851078416908 off 0.2532693087948246	false	1.0
ausbeute	neg 1.0		__DUMMY__ 0.46039216792535353 neg 0.28607742875817255 off 0.2535304033164739	false	1.0
hinterhalt	neg 1.0		__DUMMY__ 0.45439950600008583 neg 0.29244406168418213 off 0.2531564323157321	false	1.0
kritik	neg 1.0		__DUMMY__ 0.4516238955202043 neg 0.29638539379525836 off 0.2519907106845373	false	1.0
einschrumpfen	neg 1.0		__DUMMY__ 0.4488519888555658 neg 0.2920826789956812 off 0.2590653321487529	false	1.0
riskant	neg 1.0		__DUMMY__ 0.45339160307286247 neg 0.29696035349559874 off 0.24964804343153876	false	1.0
frustrieren	neg 1.0		__DUMMY__ 0.45378258993429943 neg 0.2951721278057222 off 0.2510452822599784	false	1.0
groll	neg 1.0		__DUMMY__ 0.45251223112149264 neg 0.2955796856259029 off 0.25190808325260444	false	1.0
gibt			__DUMMY__ 0.4545143590069567 neg 0.2918619003500861 off 0.2536237406429573	false	0.0
qualvoll	neg 1.0		__DUMMY__ 0.45088692371560823 neg 0.29048373926035514 off 0.25862933702403657	false	1.0
wackeln	neg 1.0		__DUMMY__ 0.4538966145968081 neg 0.28930745155215193 off 0.25679593385104	false	1.0
klagen	neg 1.0		__DUMMY__ 0.4557401499087065 neg 0.2973178735635454 off 0.24694197652774807	false	1.0
bankrott	neg 1.0		__DUMMY__ 0.45182984707180246 neg 0.28746174495946525 off 0.2607084079687324	false	1.0
trauern	neg 1.0		__DUMMY__ 0.45463892554618 neg 0.29484688775334905 off 0.25051418670047104	false	1.0
ablehnung	neg 1.0		__DUMMY__ 0.452132511314824 neg 0.29600367158490143 off 0.2518638171002746	false	1.0
stur	neg 1.0		__DUMMY__ 0.45161772796246735 neg 0.29175614232142266 off 0.25662612971611015	false	1.0
aufruhr	neg 1.0	neg 1.0	neg 0.636747326817921 __DUMMY__ 0.21920329514805104 off 0.14404937803402795	false	1.0
melancholie	neg 1.0		__DUMMY__ 0.45373693847292923 neg 0.2949074341183665 off 0.25135562740870415	false	1.0
ist			__DUMMY__ 0.4524550643695904 neg 0.2897068630259189 off 0.2578380726044906	false	0.0
torheit	neg 1.0		__DUMMY__ 0.4527769086454818 neg 0.2915398648309855 off 0.2556832265235326	false	1.0
dreckskind	off 1.0		__DUMMY__ 0.4434564439853422 neg 0.28894981556186633 off 0.2675937404527914	false	0.5
umtauschen	neg 1.0		__DUMMY__ 0.45324418393576266 neg 0.2917735465493664 off 0.2549822695148709	false	1.0
zum			__DUMMY__ 0.4610906359066202 neg 0.2929573708381672 off 0.24595199325521244	false	0.0
zersetzen	neg 1.0		__DUMMY__ 0.4533834111184367 neg 0.29806144140688595 off 0.24855514747467733	false	1.0
zur			__DUMMY__ 0.4589219724125144 neg 0.29689522799567303 off 0.24418279959181244	false	0.0
frust	neg 1.0		__DUMMY__ 0.45429569949726245 neg 0.2923190176136143 off 0.2533852828891232	false	1.0
unerbittlichkeit	neg 1.0		__DUMMY__ 0.45398076326098247 neg 0.29730059708736617 off 0.24871863965165134	false	1.0
zwei			__DUMMY__ 0.4595755651268363 neg 0.29362928388602094 off 0.24679515098714294	false	0.0
unkorrekt	neg 1.0		__DUMMY__ 0.4495618031443463 neg 0.28520412285061275 off 0.26523407400504084	false	1.0
hexe	off 1.0		__DUMMY__ 0.4458598666889773 neg 0.2947055031608509 off 0.2594346301501719	false	0.5
lasch	neg 1.0		__DUMMY__ 0.44965963310976415 neg 0.2908614036324636 off 0.2594789632577723	false	1.0
rivale	neg 1.0		__DUMMY__ 0.4485867022117712 neg 0.2879630159581868 off 0.26345028183004204	false	1.0
mutlos	off 1.0	off 1.0	off 0.6118683926591745 __DUMMY__ 0.21918206621674044 neg 0.16894954112408517	false	1.0
wirr	off 1.0		__DUMMY__ 0.446651680117586 neg 0.28831231262839696 off 0.265036007254017	false	0.5
jahr			__DUMMY__ 0.4613125349639308 neg 0.28776801534768665 off 0.25091944968838237	false	0.0
wird			__DUMMY__ 0.4543690012171484 neg 0.29359992365787513 off 0.25203107512497636	false	0.0
strafbar	neg 1.0		__DUMMY__ 0.4545194949656376 neg 0.29468026315196516 off 0.25080024188239736	false	1.0
erosion	neg 1.0		__DUMMY__ 0.45423154851108155 neg 0.28992922941738697 off 0.2558392220715316	false	1.0
eingehen	neg 1.0		__DUMMY__ 0.4536421057679437 neg 0.29567321366008353 off 0.2506846805719728	false	1.0
faul	off 1.0		__DUMMY__ 0.45148491372889044 neg 0.2879557842701627 off 0.26055930200094685	false	0.5
provisorium	neg 1.0		__DUMMY__ 0.4626217642552014 neg 0.29433219176521463 off 0.24304604397958404	false	1.0
schmerzen	neg 1.0		__DUMMY__ 0.4520036683071467 neg 0.29443563825591834 off 0.2535606934369349	false	1.0
schrumpfen	neg 1.0		__DUMMY__ 0.45612465355147547 neg 0.30030927792015516 off 0.24356606852836918	false	1.0
geistlos	off 1.0		__DUMMY__ 0.4485405705820987 neg 0.2941075863252733 off 0.257351843092628	false	0.5
fehlkauf	neg 1.0		__DUMMY__ 0.4514690622778309 neg 0.2913946034110689 off 0.2571363343111002	false	1.0
frustrierend	neg 1.0		__DUMMY__ 0.4514923653503022 neg 0.28830899362658347 off 0.26019864102311446	false	1.0
unzufrieden	neg 1.0		__DUMMY__ 0.4530445775442709 neg 0.2945858488534318 off 0.2523695736022974	false	1.0
verzweifeln	neg 1.0		__DUMMY__ 0.453328925669608 neg 0.29245239455525646 off 0.25421867977513546	false	1.0
verzweifelt	neg 1.0	neg 1.0	neg 0.6367173704966006 __DUMMY__ 0.21782730421106802 off 0.1454553252923313	false	1.0
misstrauensantrag	neg 1.0		__DUMMY__ 0.45135071381546715 neg 0.29108361636777336 off 0.2575656698167595	false	1.0
abfallen	neg 1.0		__DUMMY__ 0.45386907229435386 neg 0.2892528416671201 off 0.2568780860385259	false	1.0
fucker	off 1.0		__DUMMY__ 0.4492724427672389 neg 0.28627667335759943 off 0.26445088387516175	false	0.5
ungezogen	neg 1.0		__DUMMY__ 0.444242537203177 neg 0.28303638790123975 off 0.2727210748955832	false	1.0
irrsinnig	neg 1.0	neg 1.0	neg 0.6362067277674449 __DUMMY__ 0.2182065764810684 off 0.14558669575148667	false	1.0
unfassbar	neg 1.0		__DUMMY__ 0.45095920489167796 neg 0.2861179349275355 off 0.26292286018078653	false	1.0
hart	neg 1.0		__DUMMY__ 0.4480945950757052 neg 0.2910053019944236 off 0.2609001029298712	false	1.0
widerlich	off 1.0		__DUMMY__ 0.44873115811987346 neg 0.2883560287661968 off 0.2629128131139298	false	0.5
fatal	neg 1.0		__DUMMY__ 0.4514099850903118 neg 0.29074501669551744 off 0.25784499821417073	false	1.0
bruch	neg 1.0		__DUMMY__ 0.4559119984133327 neg 0.2966392439435291 off 0.24744875764313834	false	1.0
aushungern	neg 1.0		__DUMMY__ 0.45353180297302303 neg 0.29364006499579776 off 0.25282813203117915	false	1.0
anspannung	neg 1.0		__DUMMY__ 0.4585216683868615 neg 0.2966127253421345 off 0.24486560627100412	false	1.0
von			__DUMMY__ 0.4624449975184885 neg 0.2861836764264953 off 0.2513713260550162	false	0.0
kraftlos	neg 1.0		__DUMMY__ 0.4543434569145271 neg 0.2929982530403985 off 0.25265829004507445	false	1.0
vom			__DUMMY__ 0.46282759749635716 neg 0.2934938173986904 off 0.24367858510495244	false	0.0
grenzdebil	off 1.0		__DUMMY__ 0.4507339214587534 neg 0.2859926166081637 off 0.2632734619330827	false	0.5
vor			__DUMMY__ 0.45711906882380515 neg 0.2940859279089447 off 0.24879500326725004	false	0.0
unterwerfen	neg 1.0		__DUMMY__ 0.45370370552646627 neg 0.29549983768368865 off 0.2507964567898451	false	1.0
versenkung	neg 1.0		__DUMMY__ 0.4558608677275048 neg 0.29232201484875653 off 0.25181711742373875	false	1.0
entziehen	neg 1.0		__DUMMY__ 0.45551364861095506 neg 0.296955101011089 off 0.24753125037795587	false	1.0
finanzkrise	neg 1.0		__DUMMY__ 0.45023406499964025 neg 0.29722109390189017 off 0.2525448410984696	false	1.0
schimpfend	neg 1.0		__DUMMY__ 0.451443480888519 neg 0.29119131893379646 off 0.25736520017768455	false	1.0
profan	neg 1.0		__DUMMY__ 0.4510853206493468 neg 0.29052035276726895 off 0.25839432658338424	false	1.0
korruption	neg 1.0		__DUMMY__ 0.45280113551700546 neg 0.29615300384873744 off 0.2510458606342572	false	1.0
â			__DUMMY__ 0.45495633916696443 neg 0.2928689867324349 off 0.2521746741006005	false	0.0
schmutzig	neg 1.0		__DUMMY__ 0.4507346301580349 neg 0.28543679153036594 off 0.2638285783115992	false	1.0
sexy	neg 1.0		__DUMMY__ 0.45175527382043357 neg 0.2884478936829159 off 0.25979683249665053	false	1.0
abraten	neg 1.0		__DUMMY__ 0.4530333175559794 neg 0.2886773019699589 off 0.2582893804740617	false	1.0
schwarz	neg 1.0		__DUMMY__ 0.4516440444183029 neg 0.29136392430169356 off 0.2569920312800035	false	1.0
fotze	off 1.0	off 1.0	off 0.6134354717890549 __DUMMY__ 0.2197739932389367 neg 0.1667905349720085	false	1.0
verwirren	neg 1.0		__DUMMY__ 0.45162904788674635 neg 0.28914799200819336 off 0.25922296010506024	false	1.0
zahnlos	off 1.0		__DUMMY__ 0.4527739113664643 neg 0.29393018222101996 off 0.25329590641251587	false	0.5
verheeren	neg 1.0		__DUMMY__ 0.44374736225750405 neg 0.28222570757460697 off 0.27402693016788887	false	1.0
hippie	neg 1.0		__DUMMY__ 0.4515219389999348 neg 0.2892676331778886 off 0.2592104278221766	false	1.0
rammen	neg 1.0		__DUMMY__ 0.44800320647036074 neg 0.29689016954725 off 0.25510662398238937	false	1.0
unlauter	neg 1.0		__DUMMY__ 0.4508264525966922 neg 0.2933159857454923 off 0.25585756165781565	false	1.0
unheilvoll	neg 1.0		__DUMMY__ 0.4508845784134005 neg 0.29221963521308636 off 0.2568957863735133	false	1.0
niedrig	neg 1.0		__DUMMY__ 0.45288523479772885 neg 0.29819025956348083 off 0.24892450563879037	false	1.0
explosion	neg 1.0		__DUMMY__ 0.45218392441614175 neg 0.28891796240194273 off 0.2588981131819155	false	1.0
weichei	off 1.0	off 1.0	off 0.6222436495322662 __DUMMY__ 0.21517192369519583 neg 0.16258442677253798	false	1.0
minusmensch	off 1.0		__DUMMY__ 0.44044544362267657 neg 0.29031220925988255 off 0.269242347117441	false	0.5
farblos	neg 1.0		__DUMMY__ 0.45151156272472104 neg 0.2945152906750274 off 0.2539731466002515	false	1.0
unwissend	neg 1.0	neg 1.0	neg 0.6339374095304591 __DUMMY__ 0.21762402433425607 off 0.1484385661352849	false	1.0
traurig	neg 1.0		__DUMMY__ 0.44983888827480695 neg 0.28441171034606255 off 0.26574940137913045	false	1.0
senkung	neg 1.0		__DUMMY__ 0.44988928514515764 neg 0.29231149822982216 off 0.25779921662502014	false	1.0
ungleich	neg 1.0	neg 1.0	neg 0.6379963253414991 __DUMMY__ 0.22014038511842787 off 0.1418632895400731	false	1.0
heikel	neg 1.0		__DUMMY__ 0.4540997480813052 neg 0.2959226402847892 off 0.2499776116339056	false	1.0
drosselung	neg 1.0		__DUMMY__ 0.4489193123420097 neg 0.28888809837857393 off 0.26219258927941635	false	1.0
falsch	neg 1.0		__DUMMY__ 0.4512223793353962 neg 0.28834417660674705 off 0.26043344405785673	false	1.0
unzufriedenheit	neg 1.0		__DUMMY__ 0.45479456199977764 neg 0.2970281643385657 off 0.24817727366165676	false	1.0
kurz	neg 1.0		__DUMMY__ 0.45627032904141035 neg 0.28903520726957327 off 0.2546944636890164	false	1.0
unsinnig	neg 1.0		__DUMMY__ 0.45273754552740814 neg 0.2936343819324277 off 0.25362807254016423	false	1.0
penner	off 1.0	off 1.0	off 0.6232985998152534 __DUMMY__ 0.21495982216504558 neg 0.16174157801970118	false	1.0
seicht	neg 1.0		__DUMMY__ 0.4443139628236997 neg 0.2835216830246373 off 0.272164354151663	false	1.0
dummheit	off 1.0	off 1.0	off 0.6166034392414594 __DUMMY__ 0.21700911379659893 neg 0.16638744696194163	false	1.0
unerfreulich	neg 1.0		__DUMMY__ 0.45582335130071805 neg 0.294611865806651 off 0.249564782892631	false	1.0
motherfucker	off 1.0	off 1.0	off 0.6196754038734741 __DUMMY__ 0.21684281315550064 neg 0.16348178297102536	false	1.0
pikiert	neg 1.0		__DUMMY__ 0.44850375133477766 neg 0.2897953596339885 off 0.2617008890312339	false	1.0
wrack	neg 1.0		__DUMMY__ 0.45249912164756456 neg 0.29568494314603777 off 0.25181593520639756	false	1.0
gangster	neg 1.0		__DUMMY__ 0.4514506105686583 neg 0.2892893668609628 off 0.259260022570379	false	1.0
krank	neg 1.0		__DUMMY__ 0.45143528204955463 neg 0.2849932157256011 off 0.26357150222484416	false	1.0
reich	neg 1.0		__DUMMY__ 0.4504566501335904 neg 0.2882946186995672 off 0.2612487311668425	false	1.0
gnadenlos	neg 1.0		__DUMMY__ 0.4515063088061362 neg 0.29210554173011083 off 0.25638814946375293	false	1.0
niedergeschlagen	neg 1.0		__DUMMY__ 0.45352322846974036 neg 0.29285378939863227 off 0.25362298213162743	false	1.0
terrorisieren	off 1.0	off 1.0	off 0.6124135682229503 __DUMMY__ 0.22009215113139008 neg 0.16749428064565958	false	1.0
sinnlosigkeit	neg 1.0		__DUMMY__ 0.45309713685455677 neg 0.29416128595927804 off 0.2527415771861651	false	1.0
behindern	neg 1.0		__DUMMY__ 0.4529321299520063 neg 0.2927935671747905 off 0.2542743028732032	false	1.0
undemokratisch	neg 1.0		__DUMMY__ 0.4519839000965295 neg 0.2918093537775207 off 0.2562067461259497	false	1.0
wirtschaftskrise	neg 1.0		__DUMMY__ 0.45171763275520266 neg 0.297991641194986 off 0.2502907260498113	false	1.0
neid	neg 1.0		__DUMMY__ 0.4530698998291829 neg 0.28599018850463565 off 0.26093991166618136	false	1.0
rutschen	neg 1.0		__DUMMY__ 0.45983514340948933 neg 0.29343528492999815 off 0.24672957166051263	false	1.0
rezession	neg 1.0		__DUMMY__ 0.44409938656479436 neg 0.29215282719649094 off 0.26374778623871464	false	1.0
fehlgeburt	neg 1.0		__DUMMY__ 0.45200134968449523 neg 0.29079375136798613 off 0.25720489894751863	false	1.0
charakterschwach	off 1.0		__DUMMY__ 0.4487796245934008 neg 0.28856508052200025 off 0.262655294884599	false	0.5
isolation	neg 1.0		__DUMMY__ 0.45159664257632093 neg 0.2885835979458668 off 0.2598197594778122	false	1.0
ablenkung	neg 1.0		__DUMMY__ 0.45441586100813136 neg 0.2894393466676753 off 0.25614479232419335	false	1.0
pech	neg 1.0		__DUMMY__ 0.4517442437241125 neg 0.28815931291487423 off 0.26009644336101323	false	1.0
vermeidung	neg 1.0		__DUMMY__ 0.44931672367464986 neg 0.28813980910756126 off 0.2625434672177888	false	1.0
dominieren	neg 1.0		__DUMMY__ 0.454091995619334 neg 0.29537157296647976 off 0.2505364314141863	false	1.0
schwindlig	neg 1.0		__DUMMY__ 0.45261932319701637 neg 0.289115769712408 off 0.25826490709057565	false	1.0
lutscher	neg 1.0	neg 1.0	neg 0.6312231213320229 __DUMMY__ 0.2140477605050616 off 0.15472911816291557	false	1.0
pflicht	neg 1.0		__DUMMY__ 0.45465208830304144 neg 0.29673364385393475 off 0.2486142678430238	false	1.0
faschist	off 1.0		__DUMMY__ 0.45123396969706214 neg 0.2895226385236105 off 0.2592433917793275	false	0.5
verschleudern	neg 1.0		__DUMMY__ 0.45446727342465765 neg 0.2956332878498453 off 0.24989943872549697	false	1.0
wenn			__DUMMY__ 0.45109216140058056 neg 0.2883885540895122 off 0.2605192845099073	false	0.0
ehebruch	neg 1.0		__DUMMY__ 0.45322218558531124 neg 0.2956170117413121 off 0.2511608026733767	false	1.0
spott	off 1.0		__DUMMY__ 0.4535848448039286 neg 0.29567947530360084 off 0.25073567989247053	false	0.5
trostlosigkeit	neg 1.0		__DUMMY__ 0.45469105955358025 neg 0.29763930177495296 off 0.24766963867146669	false	1.0
lutschen	neg 1.0		__DUMMY__ 0.44877194573112256 neg 0.29256796292421267 off 0.2586600913446649	false	1.0
undiszipliniert	neg 1.0		__DUMMY__ 0.44918664558980426 neg 0.28603122622202015 off 0.26478212818817554	false	1.0
kopfschmerz	neg 1.0		__DUMMY__ 0.45125639367766357 neg 0.2969662425970366 off 0.25177736372529985	false	1.0
unvorhergesehen	neg 1.0		__DUMMY__ 0.45739558386368945 neg 0.29189685674662347 off 0.25070755938968714	false	1.0
desinteressiert	neg 1.0	neg 1.0	neg 0.6331800905863639 __DUMMY__ 0.2169021837046036 off 0.14991772570903245	false	1.0
armselig	off 1.0		__DUMMY__ 0.44757796124704124 neg 0.2873466288740571 off 0.2650754098789016	false	0.5
desaster	neg 1.0		__DUMMY__ 0.4560268954248143 neg 0.2972306863374682 off 0.2467424182377175	false	1.0
tod	neg 1.0		__DUMMY__ 0.45330784081379455 neg 0.2955107330876805 off 0.25118142609852495	false	1.0
herzlos	neg 1.0		__DUMMY__ 0.4484925109914646 neg 0.28618205947951025 off 0.265325429529025	false	1.0
unwissenheit	neg 1.0		__DUMMY__ 0.4526789397562248 neg 0.29521049546559874 off 0.2521105647781764	false	1.0
widersinnig	neg 1.0		__DUMMY__ 0.45165322704468464 neg 0.29648564917217857 off 0.25186112378313663	false	1.0
bedenklich	neg 1.0		__DUMMY__ 0.45343700505408235 neg 0.29529494775508597 off 0.2512680471908317	false	1.0
beanstanden	neg 1.0		__DUMMY__ 0.45556451922479996 neg 0.29590611473120615 off 0.24852936604399406	false	1.0
panisch	neg 1.0	neg 1.0	neg 0.6330726028439877 __DUMMY__ 0.21984010532904483 off 0.14708729182696748	false	1.0
debil	off 1.0		__DUMMY__ 0.45870672647945915 neg 0.2989319315888419 off 0.24236134193169892	false	0.5
abstrich	neg 1.0		__DUMMY__ 0.45566842288550735 neg 0.289531691335846 off 0.25479988577864676	false	1.0
primitiv	neg 1.0		__DUMMY__ 0.448807517653348 neg 0.287958086090083 off 0.26323439625656897	false	1.0
abschaum	off 1.0	off 1.0	off 0.6183906971412179 __DUMMY__ 0.21699883718467972 neg 0.1646104656741024	false	1.0
provozieren	neg 1.0		__DUMMY__ 0.4508011683481193 neg 0.29328828656208406 off 0.25591054508979655	false	1.0
tot	neg 1.0		__DUMMY__ 0.45318483304661933 neg 0.29500624323231767 off 0.2518089237210631	false	1.0
instabil	neg 1.0		__DUMMY__ 0.447894939772838 neg 0.28782372054581185 off 0.2642813396813502	false	1.0
schwuchtel	off 1.0	off 1.0	off 0.6266676087203201 __DUMMY__ 0.21230249686749272 neg 0.1610298944121871	false	1.0
zerren	neg 1.0		__DUMMY__ 0.4535733316590929 neg 0.2934790880364387 off 0.25294758030446834	false	1.0
kinderficker	off 1.0		__DUMMY__ 0.447316776137556 neg 0.28429059584717925 off 0.26839262801526476	false	0.5
gefahr	neg 1.0		__DUMMY__ 0.4557818291954359 neg 0.2959186977412058 off 0.24829947306335817	false	1.0
rabiat	neg 1.0		__DUMMY__ 0.4528306495260424 neg 0.29162756958311703 off 0.2555417808908406	false	1.0
verlangsamung	neg 1.0		__DUMMY__ 0.44309967967755753 neg 0.2881866486120914 off 0.268713671710351	false	1.0
ausgestorben	neg 1.0		__DUMMY__ 0.4535527669704271 neg 0.2910615164712534 off 0.2553857165583195	false	1.0
anklagen	neg 1.0		__DUMMY__ 0.45275744180143696 neg 0.2959872966529079 off 0.2512552615456551	false	1.0
trott	neg 1.0		__DUMMY__ 0.45291415662852547 neg 0.29235127836591435 off 0.2547345650055602	false	1.0
verminderung	neg 1.0		__DUMMY__ 0.4495907290953538 neg 0.2871712870306369 off 0.2632379838740094	false	1.0
nach			__DUMMY__ 0.46049837224716156 neg 0.29407770048938375 off 0.24542392726345466	false	0.0
rost	neg 1.0		__DUMMY__ 0.44599140538108667 neg 0.28574429730022205 off 0.26826429731869134	false	1.0
destruktiv	neg 1.0		__DUMMY__ 0.4520748574254757 neg 0.2930951435670687 off 0.25482999900745545	false	1.0
unzumutbarkeit	neg 1.0		__DUMMY__ 0.45006028191805997 neg 0.288375178371917 off 0.261564539710023	false	1.0
labil	off 1.0	off 1.0	off 0.6178978878553013 __DUMMY__ 0.2173574480588879 neg 0.16474466408581076	false	1.0
ziemlich	neg 1.0		__DUMMY__ 0.4515876848709379 neg 0.2854404566602521 off 0.26297185846881	false	1.0
lachnummer	off 1.0		__DUMMY__ 0.4517853581430753 neg 0.2926134801036767 off 0.255601161753248	false	0.5
oder			__DUMMY__ 0.45405522282408417 neg 0.28892786314808205 off 0.2570169140278338	false	0.0
verfall	neg 1.0		__DUMMY__ 0.456637710382715 neg 0.2994943153725243 off 0.2438679742447607	false	1.0
ausgrenzung	neg 1.0		__DUMMY__ 0.4515606625581368 neg 0.2916180883296107 off 0.2568212491122524	false	1.0
unordnung	neg 1.0		__DUMMY__ 0.45030643644436613 neg 0.28478560137166375 off 0.2649079621839703	false	1.0
fehlverhalten	neg 1.0		__DUMMY__ 0.45328896396382035 neg 0.29784245204216925 off 0.2488685839940104	false	1.0
eine			__DUMMY__ 0.45696439352333684 neg 0.2934675684253364 off 0.2495680380513267	false	0.0
nille	neg 1.0		__DUMMY__ 0.4534157202652802 neg 0.29176775916938075 off 0.254816520565339	false	1.0
qual	neg 1.0		__DUMMY__ 0.4532089574752603 neg 0.29246195567764954 off 0.25432908684709005	false	1.0
verschwenden	neg 1.0		__DUMMY__ 0.45329035697018194 neg 0.2963706063647404 off 0.2503390366650776	false	1.0
riesig	neg 1.0		__DUMMY__ 0.45425946318807325 neg 0.2946073200741607 off 0.25113321673776623	false	1.0
verurteilen	neg 1.0		__DUMMY__ 0.4519465303023668 neg 0.2963609559669591 off 0.25169251373067403	false	1.0
klischee	neg 1.0	neg 1.0	neg 0.6350815037118063 __DUMMY__ 0.21755074054946055 off 0.14736775573873317	false	1.0
diktatorisch	neg 1.0		__DUMMY__ 0.4510556980638797 neg 0.2929090005296143 off 0.256035301406506	false	1.0
vorhersehbar	neg 1.0		__DUMMY__ 0.45012151851423043 neg 0.29111339064059527 off 0.25876509084517435	false	1.0
sowie			__DUMMY__ 0.44569612576205303 neg 0.28746417669425045 off 0.2668396975436967	false	0.0
stornieren	neg 1.0		__DUMMY__ 0.4566055080267853 neg 0.28400484828362976 off 0.25938964368958506	false	1.0
besteuerung	neg 1.0		__DUMMY__ 0.4489878843012706 neg 0.2964860176109866 off 0.2545260980877429	false	1.0
ungeschminkt	neg 1.0		__DUMMY__ 0.44571307945734556 neg 0.29290362970958234 off 0.2613832908330721	false	1.0
kritisch	neg 1.0		__DUMMY__ 0.45402218271978817 neg 0.2948320042196078 off 0.25114581306060396	false	1.0
schlamperei	off 1.0		__DUMMY__ 0.455035139221663 neg 0.29529604638621826 off 0.24966881439211877	false	0.5
sucht	neg 1.0	neg 1.0	neg 0.6330834243116158 __DUMMY__ 0.22095242176355986 off 0.1459641539248244	false	1.0
egoistisch	off 1.0		__DUMMY__ 0.44621545686705233 neg 0.2855162962611975 off 0.26826824687175005	false	0.5
ausbeuter	off 1.0		__DUMMY__ 0.4527751253689142 neg 0.2985524929712814 off 0.24867238165980443	false	0.5
arschgeburt	off 1.0		__DUMMY__ 0.4391978345939232 neg 0.2854580424499871 off 0.2753441229560897	false	0.5
schubs	neg 1.0		__DUMMY__ 0.4539716230924952 neg 0.2928527173419904 off 0.25317565956551447	false	1.0
unsolide	neg 1.0		__DUMMY__ 0.4502466898922528 neg 0.2931280878483826 off 0.2566252222593647	false	1.0
beschwerde	neg 1.0		__DUMMY__ 0.4532017736089654 neg 0.2968331672086112 off 0.24996505918242334	false	1.0
stocken	neg 1.0		__DUMMY__ 0.45403705001904354 neg 0.29631791158086174 off 0.24964503840009486	false	1.0
isolieren	neg 1.0		__DUMMY__ 0.45412339680523345 neg 0.2940607104432584 off 0.25181589275150823	false	1.0
unheilbar	neg 1.0		__DUMMY__ 0.4529984818966917 neg 0.2911533295131583 off 0.25584818859014985	false	1.0
pisser	off 1.0		__DUMMY__ 0.4460883537642162 neg 0.2902793258451514 off 0.2636323203906324	false	0.5
löschen	neg 1.0		__DUMMY__ 0.45259265245227026 neg 0.29240539787067316 off 0.2550019496770565	false	1.0
durchfallen	neg 1.0		__DUMMY__ 0.45296480298500763 neg 0.29540066045602026 off 0.251634536558972	false	1.0
wichser	off 1.0	off 1.0	off 0.6252531698833518 __DUMMY__ 0.21395765097586622 neg 0.16078917914078195	false	1.0
terror	neg 1.0		__DUMMY__ 0.45190430353987127 neg 0.28910429354506184 off 0.25899140291506695	false	1.0
krass	neg 1.0		__DUMMY__ 0.4472477164677776 neg 0.287090021510713 off 0.26566226202150944	false	1.0
revolte	neg 1.0		__DUMMY__ 0.45068233651337825 neg 0.2923227903435689 off 0.25699487314305275	false	1.0
besorgt	neg 1.0		__DUMMY__ 0.45631731678561194 neg 0.2894180247683584 off 0.2542646584460297	false	1.0
nachlassen	neg 1.0		__DUMMY__ 0.4561513732999411 neg 0.2933304234342125 off 0.25051820326584634	false	1.0
alt	neg 1.0		__DUMMY__ 0.4526504035748857 neg 0.2955629051410635 off 0.25178669128405096	false	1.0
hundesohn	off 1.0		__DUMMY__ 0.4428928868085684 neg 0.2850129845221392 off 0.27209412866929245	false	0.5
als			__DUMMY__ 0.45464228787828986 neg 0.29200636469481805 off 0.253351347426892	false	0.0
abschreckung	neg 1.0		__DUMMY__ 0.4549304471212995 neg 0.29713734169768263 off 0.24793221118101794	false	1.0
unqualifiziert	neg 1.0		__DUMMY__ 0.44991413673873953 neg 0.2902355309383754 off 0.25985033232288507	false	1.0
abgewichst	off 1.0		__DUMMY__ 0.454120961402384 neg 0.29163165994181717 off 0.25424737865579894	false	0.5
schwer	neg 1.0		__DUMMY__ 0.45280255194062424 neg 0.29251287561964084 off 0.25468457243973486	false	1.0
bedeutungslosigkeit	neg 1.0		__DUMMY__ 0.45449205883397126 neg 0.29634269442430533 off 0.2491652467417234	false	1.0
kapitulation	neg 1.0		__DUMMY__ 0.45398473056578403 neg 0.29540870931602614 off 0.25060656011818994	false	1.0
unscharf	neg 1.0		__DUMMY__ 0.4496136156428448 neg 0.292940544436383 off 0.2574458399207722	false	1.0
schwinden	neg 1.0		__DUMMY__ 0.45426067946488713 neg 0.29716927876957006 off 0.2485700417655428	false	1.0
versklavung	neg 1.0		__DUMMY__ 0.45153707100012735 neg 0.2928438429317502 off 0.2556190860681224	false	1.0
schlecht	neg 1.0		__DUMMY__ 0.45163838562084874 neg 0.2851525589304987 off 0.26320905544865253	false	1.0
verhasst	neg 1.0		__DUMMY__ 0.4497026296760463 neg 0.29408927194865203 off 0.2562080983753018	false	1.0
beschweren	neg 1.0		__DUMMY__ 0.4524798108126105 neg 0.289476386507765 off 0.25804380267962457	false	1.0
scheiden	neg 1.0		__DUMMY__ 0.45451239218174516 neg 0.2896957353660518 off 0.255791872452203	false	1.0
frustriert	neg 1.0		__DUMMY__ 0.4527983973790406 neg 0.29368337061833577 off 0.2535182320026236	false	1.0
schimmelig	neg 1.0		__DUMMY__ 0.450680206394636 neg 0.2986692768347642 off 0.25065051677059985	false	1.0
fisch	neg 1.0		__DUMMY__ 0.4528710421983396 neg 0.2994650070514436 off 0.24766395075021683	false	1.0
schmuggel	neg 1.0		__DUMMY__ 0.45304041773004083 neg 0.2980557821832493 off 0.24890380008670987	false	1.0
auffallen	neg 1.0		__DUMMY__ 0.4519518467866709 neg 0.2891616354946301 off 0.25888651771869897	false	1.0
konkurrenz	neg 1.0		__DUMMY__ 0.4563556307851399 neg 0.29556410484238965 off 0.24808026437247055	false	1.0
teufelskreis	neg 1.0	neg 1.0	neg 0.6374823771598288 __DUMMY__ 0.2181852495313227 off 0.1443323733088485	false	1.0
aufschreien	neg 1.0		__DUMMY__ 0.4507183386610737 neg 0.2907587496037362 off 0.25852291173519004	false	1.0
schuldner	neg 1.0		__DUMMY__ 0.45291163705051607 neg 0.2993565769238576 off 0.2477317860256264	false	1.0
missgeburt	off 1.0	off 1.0	off 0.6219563518275547 __DUMMY__ 0.21355454536205812 neg 0.1644891028103872	false	1.0
arbeitslos	neg 1.0		__DUMMY__ 0.452729736724456 neg 0.2952955460233193 off 0.2519747172522248	false	1.0
befallen	neg 1.0		__DUMMY__ 0.45047439502075876 neg 0.2975061655815832 off 0.252019439397658	false	1.0
miesepetrig	off 1.0	off 1.0	off 0.6189134114711283 __DUMMY__ 0.21804376280466647 neg 0.16304282572420523	false	1.0
alarmieren	neg 1.0		__DUMMY__ 0.4479990028355942 neg 0.29282068790840304 off 0.25918030925600294	false	1.0
ungeduscht	off 1.0		__DUMMY__ 0.44843361795477155 neg 0.2921384159889294 off 0.259427966056299	false	0.5
knappheit	neg 1.0		__DUMMY__ 0.45197677199434694 neg 0.2971290055426735 off 0.2508942224629796	false	1.0
schlange	neg 1.0		__DUMMY__ 0.4545461445673358 neg 0.28738192864661305 off 0.2580719267860511	false	1.0
harsch	neg 1.0		__DUMMY__ 0.4487530997245215 neg 0.28390808915182975 off 0.26733881112364893	false	1.0
lang	neg 1.0		__DUMMY__ 0.45265374048153817 neg 0.2911376366079611 off 0.25620862291050067	false	1.0
ziellos	neg 1.0		__DUMMY__ 0.45552698316756773 neg 0.29245295137101956 off 0.2520200654614126	false	1.0
selbstverliebt	neg 1.0		__DUMMY__ 0.4423113950518012 neg 0.28395946187722493 off 0.27372914307097385	false	1.0
beseitigen	neg 1.0		__DUMMY__ 0.4536706187506805 neg 0.2928227180309488 off 0.2535066632183707	false	1.0
dumm	off 1.0		__DUMMY__ 0.4466993087006473 neg 0.28391317736112304 off 0.2693875139382298	false	0.5
arbeitsloser	neg 1.0		__DUMMY__ 0.4550795148173366 neg 0.2920743710888796 off 0.25284611409378377	false	1.0
blitzen	neg 1.0		__DUMMY__ 0.45178675178791805 neg 0.2890029045044464 off 0.25921034370763546	false	1.0
hilflos	neg 1.0		__DUMMY__ 0.45240329223890025 neg 0.29488709931448837 off 0.25270960844661144	false	1.0
eklig	off 1.0		__DUMMY__ 0.4439441570958368 neg 0.28699710838168174 off 0.26905873452248147	false	0.5
begriff			__DUMMY__ 0.45325845365747536 neg 0.2920717311959949 off 0.25466981514652987	false	0.0
hungersnot	neg 1.0		__DUMMY__ 0.4524869093552248 neg 0.29596353563772965 off 0.2515495550070456	false	1.0
ungesetzlich	neg 1.0		__DUMMY__ 0.4505303891841682 neg 0.2939688667731248 off 0.2555007440427071	false	1.0
verschwendung	neg 1.0		__DUMMY__ 0.4541461069342899 neg 0.2958436852687801 off 0.25001020779693	false	1.0
schmerzvoll	neg 1.0		__DUMMY__ 0.45174976210598417 neg 0.29096934142123465 off 0.25728089647278124	false	1.0
vorzeitig	neg 1.0		__DUMMY__ 0.4503523292563123 neg 0.29167030739555405 off 0.25797736334813365	false	1.0
unvollkommenheit	neg 1.0		__DUMMY__ 0.45622860253005404 neg 0.2911140048991532 off 0.2526573925707926	false	1.0
intervenieren	neg 1.0		__DUMMY__ 0.4535486753804739 neg 0.29692051667361674 off 0.24953080794590934	false	1.0
banause	off 1.0		__DUMMY__ 0.44129328618957175 neg 0.28731761810468487 off 0.2713890957057434	false	0.5
rebell	neg 1.0		__DUMMY__ 0.454834153781354 neg 0.2999412924365925 off 0.24522455378205357	false	1.0
unlogisch	neg 1.0		__DUMMY__ 0.4480252280488113 neg 0.2870300126494749 off 0.26494475930171385	false	1.0
leiden	neg 1.0		__DUMMY__ 0.4570071416836022 neg 0.29322287026131355 off 0.24976998805508435	false	1.0
abschaffung	neg 1.0		__DUMMY__ 0.45239074692689296 neg 0.29210602332867003 off 0.255503229744437	false	1.0
sturz	neg 1.0		__DUMMY__ 0.45186050230734626 neg 0.2934437474568165 off 0.2546957502358374	false	1.0
verkleinerung	neg 1.0		__DUMMY__ 0.4493288106886146 neg 0.2927529967965552 off 0.2579181925148303	false	1.0
schmarotzer	off 1.0		__DUMMY__ 0.4522317097794288 neg 0.29489628049573535 off 0.252872009724836	false	0.5
bestrafung	neg 1.0		__DUMMY__ 0.45161829846564217 neg 0.2921678908711624 off 0.2562138106631954	false	1.0
achtlos	neg 1.0	neg 1.0	neg 0.6358491872797553 __DUMMY__ 0.21953188015920966 off 0.14461893256103517	false	1.0
ungeheuer	neg 1.0		__DUMMY__ 0.4515471530356225 neg 0.2904227920212128 off 0.25803005494316456	false	1.0
unaufrichtig	neg 1.0		__DUMMY__ 0.4539598571547615 neg 0.2860776917451739 off 0.2599624511000646	false	1.0
groggy	neg 1.0		__DUMMY__ 0.45121167452869787 neg 0.29001020442698416 off 0.2587781210443179	false	1.0
verletzlich	neg 1.0		__DUMMY__ 0.44742584993092827 neg 0.29071779526502456 off 0.2618563548040472	false	1.0
ablehnen	neg 1.0		__DUMMY__ 0.45397887424396144 neg 0.2939785702030454 off 0.2520425555529932	false	1.0
