unsolidarisch	neg 1.0		__DUMMY__ 0.45087026490185067 neg 0.29485547506908516 off 0.25427426002906434	false	1.0
nachteilig	neg 1.0		__DUMMY__ 0.4548420030895776 neg 0.2949185996892558 off 0.2502393972211666	false	1.0
skeptisch	neg 1.0		__DUMMY__ 0.45492048733970697 neg 0.29553524277473825 off 0.24954426988555467	false	1.0
schrecklich	neg 1.0		__DUMMY__ 0.44908287549560977 neg 0.28446159418558925 off 0.266455530318801	false	1.0
schlapp	neg 1.0		__DUMMY__ 0.45102173350063113 neg 0.28711727451821056 off 0.2618609919811583	false	1.0
abfall	neg 1.0		__DUMMY__ 0.4573193773822034 neg 0.29692842587374657 off 0.24575219674405002	false	1.0
widerspenstig	neg 1.0		__DUMMY__ 0.45280523796555905 neg 0.2916747428285472 off 0.25552001920589384	false	1.0
abrupt	neg 1.0		__DUMMY__ 0.4550972353818368 neg 0.2945164580710167 off 0.2503863065471464	false	1.0
unwirksam	neg 1.0		__DUMMY__ 0.4502641235087901 neg 0.2957152471682574 off 0.2540206293229525	false	1.0
angreifen	neg 1.0		__DUMMY__ 0.4535469347498329 neg 0.29763462295167614 off 0.24881844229849104	false	1.0
inkonsistent	neg 1.0		__DUMMY__ 0.4497536590125908 neg 0.2950957116755848 off 0.25515062931182453	false	1.0
abrutschen	neg 1.0		__DUMMY__ 0.4561096725429128 neg 0.29794616436001714 off 0.24594416309707	false	1.0
unsicher	neg 1.0		__DUMMY__ 0.4547972225888945 neg 0.28922927799926523 off 0.2559734994118404	false	1.0
bauernkind	off 1.0	off 1.0	off 0.6201981240476988 __DUMMY__ 0.21276699824925283 neg 0.1670348777030484	false	1.0
angreifer	neg 1.0	neg 1.0	neg 0.6353331973701707 __DUMMY__ 0.2187185315848446 off 0.14594827104498476	false	1.0
trennen	neg 1.0		__DUMMY__ 0.4565348628879435 neg 0.29383967126132965 off 0.2496254658507268	false	1.0
schmutz	neg 1.0		__DUMMY__ 0.4532276498177771 neg 0.28959500805113014 off 0.25717734213109283	false	1.0
inkonsistenz	neg 1.0		__DUMMY__ 0.44760028753116793 neg 0.29190530904750545 off 0.2604944034213268	false	1.0
erschreckend	neg 1.0		__DUMMY__ 0.4525340113900043 neg 0.293304304634018 off 0.25416168397597766	false	1.0
ertrinken	neg 1.0		__DUMMY__ 0.45291458961377257 neg 0.29808229592740737 off 0.24900311445882	false	1.0
pickelface	off 1.0		__DUMMY__ 0.45299809266309154 neg 0.29306724016946706 off 0.25393466716744145	false	0.5
seiner			__DUMMY__ 0.45478425160268526 neg 0.2953692666870797 off 0.24984648171023496	false	0.0
lauch	neg 1.0		__DUMMY__ 0.4560232487426246 neg 0.29757444810554573 off 0.2464023031518296	false	1.0
unwichtig	neg 1.0		__DUMMY__ 0.4501814544904819 neg 0.2888112671920376 off 0.26100727831748044	false	1.0
steuerhinterziehung	neg 1.0	neg 1.0	neg 0.6379802665719095 __DUMMY__ 0.21909466697861305 off 0.1429250664494774	false	1.0
schock	neg 1.0		__DUMMY__ 0.4528715227820315 neg 0.2932210790179302 off 0.2539073982000383	false	1.0
beule	neg 1.0		__DUMMY__ 0.44854197342127666 neg 0.2894029200513225 off 0.2620551065274007	false	1.0
vergelten	neg 1.0		__DUMMY__ 0.4513466773064437 neg 0.28308769270580003 off 0.26556562998775624	false	1.0
verdorbenheit	neg 1.0		__DUMMY__ 0.4543258594088124 neg 0.28915604989744403 off 0.2565180906937435	false	1.0
trauma	neg 1.0		__DUMMY__ 0.4521648306928752 neg 0.29162400949475786 off 0.2562111598123671	false	1.0
sinnlos	neg 1.0		__DUMMY__ 0.45231630383857824 neg 0.2895750488716679 off 0.25810864728975375	false	1.0
fettsack	off 1.0	off 1.0	off 0.6213270730963064 __DUMMY__ 0.21355750317133687 neg 0.1651154237323567	false	1.0
feige	off 1.0	off 1.0	off 0.618088214148625 __DUMMY__ 0.2163971022866968 neg 0.1655146835646782	false	1.0
abdanken	neg 1.0		__DUMMY__ 0.45237238326127743 neg 0.293577628687532 off 0.25404998805119067	false	1.0
wichtigtuer	off 1.0	off 1.0	off 0.6167716922561628 __DUMMY__ 0.2178683020626329 neg 0.16536000568120426	false	1.0
misslingen	neg 1.0		__DUMMY__ 0.45710854265499695 neg 0.2854433342011427 off 0.2574481231438604	false	1.0
untreu	off 1.0		__DUMMY__ 0.45024461879167454 neg 0.2880781033114469 off 0.2616772778968784	false	0.5
missmutig	neg 1.0		__DUMMY__ 0.45068416449769977 neg 0.2885413962205701 off 0.26077443928173016	false	1.0
hurenbock	off 1.0		__DUMMY__ 0.45131551502265815 neg 0.29175470773662293 off 0.25692977724071886	false	0.5
betrunken	neg 1.0		__DUMMY__ 0.4500272314780659 neg 0.2862271698966753 off 0.2637455986252588	false	1.0
korrupt	off 1.0		__DUMMY__ 0.4513157509670162 neg 0.2972800741937114 off 0.25140417483927224	false	0.5
unmut	neg 1.0		__DUMMY__ 0.4565608798818563 neg 0.2971842068494509 off 0.2462549132686927	false	1.0
hackfresse	off 1.0		__DUMMY__ 0.4459552233449179 neg 0.2840017255495284 off 0.27004305110555377	false	0.5
aufblasen	neg 1.0		__DUMMY__ 0.4528672781402351 neg 0.289387283310869 off 0.257745438548896	false	1.0
gewaltsam	neg 1.0		__DUMMY__ 0.4519503181613585 neg 0.2954563196746387 off 0.2525933621640027	false	1.0
unbeliebtheit	neg 1.0		__DUMMY__ 0.4483807790441618 neg 0.29273619433133075 off 0.25888302662450746	false	1.0
sturheit	neg 1.0		__DUMMY__ 0.45209827996821794 neg 0.2947873605260692 off 0.25311435950571287	false	1.0
kuh	neg 1.0		__DUMMY__ 0.4473664626179073 neg 0.29624122332465624 off 0.2563923140574364	false	1.0
erschrecken	neg 1.0		__DUMMY__ 0.45183199972766963 neg 0.287305454913938 off 0.2608625453583925	false	1.0
opfer	neg 1.0		__DUMMY__ 0.45409813172239605 neg 0.2948858824008142 off 0.25101598587678964	false	1.0
sinken	neg 1.0		__DUMMY__ 0.4562869923361683 neg 0.2968549036428678 off 0.2468581040209639	false	1.0
stinktier	neg 1.0		__DUMMY__ 0.44222725796673773 neg 0.29317271652337806 off 0.2646000255098842	false	1.0
tucke	off 1.0		__DUMMY__ 0.4426894708030734 neg 0.2871841654139534 off 0.2701263637829731	false	0.5
ein			__DUMMY__ 0.4523544794923268 neg 0.29119832539418367 off 0.25644719511348957	false	0.0
abstieg	neg 1.0		__DUMMY__ 0.4538367990853835 neg 0.29682081802273974 off 0.24934238289187682	false	1.0
missverstehen	neg 1.0		__DUMMY__ 0.45056287587810023 neg 0.29082981385838325 off 0.2586073102635165	false	1.0
ergebnislos	neg 1.0		__DUMMY__ 0.4545921140832711 neg 0.296152386629265 off 0.24925549928746385	false	1.0
unter			__DUMMY__ 0.46076634379705717 neg 0.2977952440356971 off 0.24143841216724554	false	0.0
manipulieren	neg 1.0		__DUMMY__ 0.45550067931837124 neg 0.29530541842793884 off 0.24919390225369	false	1.0
unbewiesen	neg 1.0		__DUMMY__ 0.4500257596318459 neg 0.29609439107455165 off 0.25387984929360236	false	1.0
verschleppen	neg 1.0		__DUMMY__ 0.4523693624303421 neg 0.29699535881595235 off 0.25063527875370545	false	1.0
weib	off 1.0		__DUMMY__ 0.4409397526324481 neg 0.29023049280108526 off 0.2688297545664667	false	0.5
opposition	neg 1.0		__DUMMY__ 0.45037901414204645 neg 0.29330868748660927 off 0.2563122983713442	false	1.0
verkehrswidrig	neg 1.0		__DUMMY__ 0.45095156102718087 neg 0.2822978447691769 off 0.26675059420364217	false	1.0
inkorrekt	neg 1.0		__DUMMY__ 0.4473719031597542 neg 0.28780218726155193 off 0.2648259095786938	false	1.0
vermeiden	neg 1.0	neg 1.0	neg 0.6376799106596557 __DUMMY__ 0.22297749064649883 off 0.13934259869384538	false	1.0
abweichung	neg 1.0	neg 1.0	neg 0.6354217571824156 __DUMMY__ 0.2213918891453584 off 0.1431863536722261	false	1.0
alkoholisiert	neg 1.0		__DUMMY__ 0.45529347310789836 neg 0.29467047542904307 off 0.2500360514630584	false	1.0
scheiss	off 1.0	off 1.0	off 0.6185536494773232 __DUMMY__ 0.21672729948142747 neg 0.16471905104124931	false	1.0
herausforderung	neg 1.0		__DUMMY__ 0.45650491965885953 neg 0.29339788791229904 off 0.2500971924288416	false	1.0
pervers	off 1.0		__DUMMY__ 0.44292769926984693 neg 0.28370433190455624 off 0.2733679688255967	false	0.5
wackelig	neg 1.0		__DUMMY__ 0.45697368981957576 neg 0.2888046709623592 off 0.2542216392180651	false	1.0
verwickeln	neg 1.0		__DUMMY__ 0.4510000769703525 neg 0.2909539187215406 off 0.25804600430810704	false	1.0
vorwand	neg 1.0		__DUMMY__ 0.454592644587692 neg 0.29672609606607664 off 0.24868125934623125	false	1.0
muschi	off 1.0		__DUMMY__ 0.45302986447903293 neg 0.2928138380775051 off 0.25415629744346196	false	0.5
entmutigung	neg 1.0		__DUMMY__ 0.4515391175849009 neg 0.2921900717943378 off 0.25627081062076135	false	1.0
unangemessen	neg 1.0		__DUMMY__ 0.4520825341637866 neg 0.295022424253246 off 0.25289504158296755	false	1.0
unstetig	neg 1.0		__DUMMY__ 0.45162133155697637 neg 0.29013287432304785 off 0.25824579411997584	false	1.0
entmutigen	neg 1.0		__DUMMY__ 0.45265932361030714 neg 0.2908400462548029 off 0.25650063013489005	false	1.0
schwanz	neg 1.0		__DUMMY__ 0.4536505630522752 neg 0.2953497044425452 off 0.2509997325051796	false	1.0
verbot	neg 1.0		__DUMMY__ 0.45308329675761594 neg 0.29542175760856065 off 0.2514949456338233	false	1.0
leid	neg 1.0		__DUMMY__ 0.4469183108602894 neg 0.2852958454406934 off 0.2677858436990173	false	1.0
archaisch	neg 1.0		__DUMMY__ 0.45239963195923905 neg 0.2943864815461365 off 0.25321388649462434	false	1.0
gegen			__DUMMY__ 0.455890668464357 neg 0.2972897403266109 off 0.24681959120903216	false	0.0
scheidung	neg 1.0		__DUMMY__ 0.44480238782080483 off 0.2795834926812405 neg 0.27561411949795467	false	0.5
einschlag	neg 1.0		__DUMMY__ 0.44913658375311033 neg 0.2861790155797435 off 0.2646844006671463	false	1.0
m			__DUMMY__ 0.45476801317711535 neg 0.29237897762615267 off 0.2528530091967319	false	0.0
abgestanden	neg 1.0		__DUMMY__ 0.45058163278951197 neg 0.2942848818734386 off 0.25513348533704944	false	1.0
schmierig	off 1.0		__DUMMY__ 0.4480093892986716 neg 0.28481440482871406 off 0.26717620587261437	false	0.5
unpraktisch	neg 1.0		__DUMMY__ 0.4525653924236569 neg 0.29014092962823484 off 0.25729367794810826	false	1.0
wixxer	off 1.0		__DUMMY__ 0.4411749390727656 neg 0.2859254790499988 off 0.2728995818772355	false	0.5
bezeichnet			__DUMMY__ 0.45072397409538967 neg 0.2947015911619283 off 0.254574434742682	false	0.0
jammerlappen	off 1.0		__DUMMY__ 0.45162998837057255 neg 0.28676727587967643 off 0.26160273574975096	false	0.5
farce	neg 1.0		__DUMMY__ 0.45177715917472644 neg 0.2959101393193953 off 0.2523127015058783	false	1.0
zwecklos	neg 1.0		__DUMMY__ 0.45242627290898096 neg 0.2950673407663919 off 0.25250638632462713	false	1.0
turbulent	neg 1.0		__DUMMY__ 0.44775663525335535 neg 0.2903539894450762 off 0.26188937530156847	false	1.0
invasion	neg 1.0		__DUMMY__ 0.45169760764895933 neg 0.29075010697286563 off 0.25755228537817515	false	1.0
schuld	neg 1.0		__DUMMY__ 0.45141421932481357 neg 0.29229768804433304 off 0.25628809263085334	false	1.0
risiko	neg 1.0	neg 1.0	neg 0.6341396404755905 __DUMMY__ 0.21992954486096392 off 0.14593081466344568	false	1.0
finster	neg 1.0		__DUMMY__ 0.45047864684351935 neg 0.2933756210472121 off 0.2561457321092685	false	1.0
geisteskrank	off 1.0		__DUMMY__ 0.44759153927479917 neg 0.2899431638576752 off 0.2624652968675257	false	0.5
zusammenbrechen	neg 1.0		__DUMMY__ 0.4539455833634847 neg 0.2927851078416906 off 0.2532693087948248	false	1.0
ausbeute	neg 1.0		__DUMMY__ 0.4603921679253539 neg 0.28607742875817244 off 0.2535304033164737	false	1.0
hinterhalt	neg 1.0		__DUMMY__ 0.4543995060000857 neg 0.29244406168418213 off 0.2531564323157321	false	1.0
kritik	neg 1.0		__DUMMY__ 0.4516238955202039 neg 0.2963853937952588 off 0.25199071068453727	false	1.0
einschrumpfen	neg 1.0		__DUMMY__ 0.44885198885556576 neg 0.2920826789956812 off 0.25906533214875305	false	1.0
riskant	neg 1.0		__DUMMY__ 0.45339160307286275 neg 0.2969603534955988 off 0.2496480434315385	false	1.0
frustrieren	neg 1.0		__DUMMY__ 0.4537825899343 neg 0.2951721278057217 off 0.25104528225997835	false	1.0
groll	neg 1.0		__DUMMY__ 0.45251223112149264 neg 0.29557968562590287 off 0.2519080832526044	false	1.0
gibt			__DUMMY__ 0.45451435900695686 neg 0.2918619003500857 off 0.25362374064295745	false	0.0
qualvoll	neg 1.0		__DUMMY__ 0.45088692371560857 neg 0.29048373926035526 off 0.2586293370240363	false	1.0
wackeln	neg 1.0		__DUMMY__ 0.45389661459680836 neg 0.2893074515521524 off 0.25679593385103927	false	1.0
klagen	neg 1.0		__DUMMY__ 0.45574014990870626 neg 0.2973178735635455 off 0.2469419765277484	false	1.0
bankrott	neg 1.0		__DUMMY__ 0.45182984707180246 neg 0.28746174495946525 off 0.26070840796873224	false	1.0
trauern	neg 1.0		__DUMMY__ 0.4546389255461804 neg 0.29484688775334894 off 0.25051418670047065	false	1.0
ablehnung	neg 1.0		__DUMMY__ 0.45213251131482357 neg 0.2960036715849016 off 0.25186381710027483	false	1.0
stur	neg 1.0		__DUMMY__ 0.4516177279624674 neg 0.29175614232142283 off 0.25662612971610976	false	1.0
aufruhr	neg 1.0	neg 1.0	neg 0.636747326817921 __DUMMY__ 0.21920329514805098 off 0.144049378034028	false	1.0
melancholie	neg 1.0		__DUMMY__ 0.45373693847292945 neg 0.29490743411836673 off 0.25135562740870376	false	1.0
ist			__DUMMY__ 0.45245506436959065 neg 0.28970686302591914 off 0.25783807260449015	false	0.0
torheit	neg 1.0		__DUMMY__ 0.45277690864548203 neg 0.29153986483098543 off 0.25568322652353237	false	1.0
dreckskind	off 1.0		__DUMMY__ 0.44345644398534245 neg 0.28894981556186616 off 0.2675937404527914	false	0.5
umtauschen	neg 1.0		__DUMMY__ 0.45324418393576255 neg 0.2917735465493662 off 0.25498226951487124	false	1.0
zum			__DUMMY__ 0.46109063590662064 neg 0.292957370838167 off 0.24595199325521244	false	0.0
zersetzen	neg 1.0		__DUMMY__ 0.45338341111843666 neg 0.29806144140688645 off 0.2485551474746769	false	1.0
zur			__DUMMY__ 0.45892197241251426 neg 0.29689522799567286 off 0.24418279959181274	false	0.0
frust	neg 1.0		__DUMMY__ 0.45429569949726223 neg 0.29231901761361445 off 0.25338528288912343	false	1.0
unerbittlichkeit	neg 1.0		__DUMMY__ 0.45398076326098297 neg 0.29730059708736584 off 0.24871863965165122	false	1.0
zwei			__DUMMY__ 0.45957556512683634 neg 0.29362928388602083 off 0.24679515098714278	false	0.0
unkorrekt	neg 1.0		__DUMMY__ 0.4495618031443462 neg 0.28520412285061264 off 0.26523407400504107	false	1.0
hexe	off 1.0		__DUMMY__ 0.44585986668897776 neg 0.29470550316085053 off 0.25943463015017176	false	0.5
lasch	neg 1.0		__DUMMY__ 0.4496596331097643 neg 0.2908614036324631 off 0.25947896325777264	false	1.0
rivale	neg 1.0		__DUMMY__ 0.44858670221177166 neg 0.28796301595818635 off 0.2634502818300421	false	1.0
mutlos	off 1.0	off 1.0	off 0.6118683926591744 __DUMMY__ 0.2191820662167405 neg 0.16894954112408508	false	1.0
wirr	off 1.0		__DUMMY__ 0.44665168011758605 neg 0.28831231262839696 off 0.26503600725401694	false	0.5
jahr			__DUMMY__ 0.46131253496393065 neg 0.28776801534768703 off 0.25091944968838226	false	0.0
wird			__DUMMY__ 0.4543690012171484 neg 0.29359992365787513 off 0.2520310751249763	false	0.0
strafbar	neg 1.0		__DUMMY__ 0.454519494965637 neg 0.2946802631519654 off 0.2508002418823978	false	1.0
erosion	neg 1.0		__DUMMY__ 0.4542315485110811 neg 0.2899292294173869 off 0.255839222071532	false	1.0
eingehen	neg 1.0		__DUMMY__ 0.4536421057679437 neg 0.29567321366008364 off 0.2506846805719728	false	1.0
faul	off 1.0		__DUMMY__ 0.45148491372889077 neg 0.28795578427016244 off 0.26055930200094674	false	0.5
provisorium	neg 1.0		__DUMMY__ 0.46262176425520096 neg 0.29433219176521463 off 0.2430460439795844	false	1.0
schmerzen	neg 1.0		__DUMMY__ 0.4520036683071472 neg 0.29443563825591834 off 0.25356069343693444	false	1.0
schrumpfen	neg 1.0		__DUMMY__ 0.4561246535514754 neg 0.30030927792015544 off 0.24356606852836912	false	1.0
geistlos	off 1.0		__DUMMY__ 0.44854057058209884 neg 0.2941075863252734 off 0.25735184309262776	false	0.5
fehlkauf	neg 1.0		__DUMMY__ 0.4514690622778309 neg 0.29139460341106915 off 0.25713633431109983	false	1.0
frustrierend	neg 1.0		__DUMMY__ 0.45149236535030235 neg 0.28830899362658335 off 0.26019864102311435	false	1.0
unzufrieden	neg 1.0		__DUMMY__ 0.4530445775442705 neg 0.2945858488534319 off 0.25236957360229756	false	1.0
verzweifeln	neg 1.0		__DUMMY__ 0.453328925669608 neg 0.29245239455525646 off 0.25421867977513546	false	1.0
verzweifelt	neg 1.0	neg 1.0	neg 0.6367173704966008 __DUMMY__ 0.21782730421106777 off 0.14545532529233146	false	1.0
misstrauensantrag	neg 1.0		__DUMMY__ 0.4513507138154674 neg 0.2910836163677734 off 0.25756566981675927	false	1.0
abfallen	neg 1.0		__DUMMY__ 0.45386907229435397 neg 0.28925284166712045 off 0.2568780860385256	false	1.0
fucker	off 1.0		__DUMMY__ 0.4492724427672389 neg 0.28627667335759943 off 0.26445088387516175	false	0.5
ungezogen	neg 1.0		__DUMMY__ 0.44424253720317664 neg 0.28303638790123986 off 0.2727210748955835	false	1.0
irrsinnig	neg 1.0	neg 1.0	neg 0.6362067277674449 __DUMMY__ 0.2182065764810685 off 0.14558669575148658	false	1.0
unfassbar	neg 1.0		__DUMMY__ 0.45095920489167807 neg 0.28611793492753557 off 0.2629228601807862	false	1.0
hart	neg 1.0		__DUMMY__ 0.44809459507570565 neg 0.2910053019944232 off 0.26090010292987126	false	1.0
widerlich	off 1.0		__DUMMY__ 0.44873115811987335 neg 0.2883560287661967 off 0.2629128131139299	false	0.5
fatal	neg 1.0		__DUMMY__ 0.4514099850903121 neg 0.2907450166955173 off 0.25784499821417073	false	1.0
bruch	neg 1.0		__DUMMY__ 0.45591199841333313 neg 0.29663924394352886 off 0.2474487576431381	false	1.0
aushungern	neg 1.0		__DUMMY__ 0.4535318029730231 neg 0.29364006499579803 off 0.2528281320311788	false	1.0
anspannung	neg 1.0		__DUMMY__ 0.45852166838686165 neg 0.29661272534213434 off 0.24486560627100407	false	1.0
von			__DUMMY__ 0.4624449975184885 neg 0.2861836764264954 off 0.2513713260550161	false	0.0
kraftlos	neg 1.0		__DUMMY__ 0.45434345691452654 neg 0.29299825304039895 off 0.25265829004507445	false	1.0
vom			__DUMMY__ 0.4628275974963575 neg 0.29349381739869007 off 0.24367858510495244	false	0.0
grenzdebil	off 1.0		__DUMMY__ 0.4507339214587531 neg 0.28599261660816383 off 0.26327346193308304	false	0.5
vor			__DUMMY__ 0.45711906882380504 neg 0.29408592790894483 off 0.24879500326725004	false	0.0
unterwerfen	neg 1.0		__DUMMY__ 0.4537037055264664 neg 0.29549983768368854 off 0.2507964567898452	false	1.0
versenkung	neg 1.0		__DUMMY__ 0.45586086772750456 neg 0.2923220148487563 off 0.25181711742373913	false	1.0
entziehen	neg 1.0		__DUMMY__ 0.45551364861095545 neg 0.29695510101108874 off 0.2475312503779558	false	1.0
finanzkrise	neg 1.0		__DUMMY__ 0.4502340649996407 neg 0.29722109390189 off 0.2525448410984693	false	1.0
schimpfend	neg 1.0		__DUMMY__ 0.45144348088851904 neg 0.2911913189337967 off 0.2573652001776843	false	1.0
profan	neg 1.0		__DUMMY__ 0.45108532064934753 neg 0.2905203527672684 off 0.25839432658338424	false	1.0
korruption	neg 1.0		__DUMMY__ 0.4528011355170057 neg 0.2961530038487372 off 0.2510458606342572	false	1.0
â			__DUMMY__ 0.454956339166965 neg 0.29286898673243456 off 0.25217467410060046	false	0.0
schmutzig	neg 1.0		__DUMMY__ 0.45073463015803483 neg 0.28543679153036605 off 0.2638285783115991	false	1.0
sexy	neg 1.0		__DUMMY__ 0.4517552738204336 neg 0.28844789368291596 off 0.2597968324966505	false	1.0
abraten	neg 1.0		__DUMMY__ 0.45303331755597953 neg 0.2886773019699588 off 0.2582893804740617	false	1.0
schwarz	neg 1.0		__DUMMY__ 0.45164404441830275 neg 0.29136392430169405 off 0.2569920312800032	false	1.0
fotze	off 1.0	off 1.0	off 0.6134354717890548 __DUMMY__ 0.21977399323893662 neg 0.16679053497200869	false	1.0
verwirren	neg 1.0		__DUMMY__ 0.451629047886746 neg 0.2891479920081938 off 0.2592229601050602	false	1.0
zahnlos	off 1.0		__DUMMY__ 0.4527739113664644 neg 0.29393018222101985 off 0.2532959064125157	false	0.5
verheeren	neg 1.0		__DUMMY__ 0.44374736225750444 neg 0.28222570757460674 off 0.2740269301678889	false	1.0
hippie	neg 1.0		__DUMMY__ 0.45152193899993515 neg 0.28926763317788823 off 0.25921042782217657	false	1.0
rammen	neg 1.0		__DUMMY__ 0.4480032064703607 neg 0.2968901695472501 off 0.2551066239823892	false	1.0
unlauter	neg 1.0		__DUMMY__ 0.4508264525966922 neg 0.29331598574549195 off 0.2558575616578158	false	1.0
unheilvoll	neg 1.0		__DUMMY__ 0.45088457841340035 neg 0.2922196352130865 off 0.2568957863735131	false	1.0
niedrig	neg 1.0		__DUMMY__ 0.45288523479772835 neg 0.29819025956348116 off 0.2489245056387905	false	1.0
explosion	neg 1.0		__DUMMY__ 0.45218392441614197 neg 0.28891796240194256 off 0.25889811318191536	false	1.0
weichei	off 1.0	off 1.0	off 0.6222436495322663 __DUMMY__ 0.21517192369519544 neg 0.1625844267725382	false	1.0
minusmensch	off 1.0		__DUMMY__ 0.4404454436226767 neg 0.2903122092598823 off 0.2692423471174411	false	0.5
farblos	neg 1.0		__DUMMY__ 0.45151156272472104 neg 0.2945152906750276 off 0.25397314660025144	false	1.0
unwissend	neg 1.0	neg 1.0	neg 0.6339374095304592 __DUMMY__ 0.2176240243342563 off 0.14843856613528458	false	1.0
traurig	neg 1.0		__DUMMY__ 0.4498388882748075 neg 0.28441171034606244 off 0.2657494013791301	false	1.0
senkung	neg 1.0		__DUMMY__ 0.44988928514515714 neg 0.2923114982298225 off 0.2577992166250204	false	1.0
ungleich	neg 1.0	neg 1.0	neg 0.6379963253414989 __DUMMY__ 0.2201403851184279 off 0.14186328954007318	false	1.0
heikel	neg 1.0		__DUMMY__ 0.45409974808130565 neg 0.29592264028478943 off 0.24997761163390508	false	1.0
drosselung	neg 1.0		__DUMMY__ 0.4489193123420097 neg 0.28888809837857365 off 0.2621925892794166	false	1.0
falsch	neg 1.0		__DUMMY__ 0.45122237933539666 neg 0.28834417660674694 off 0.26043344405785634	false	1.0
unzufriedenheit	neg 1.0		__DUMMY__ 0.4547945619997773 neg 0.2970281643385657 off 0.248177273661657	false	1.0
kurz	neg 1.0		__DUMMY__ 0.4562703290414101 neg 0.289035207269573 off 0.2546944636890168	false	1.0
unsinnig	neg 1.0		__DUMMY__ 0.45273754552740847 neg 0.29363438193242725 off 0.25362807254016423	false	1.0
penner	off 1.0	off 1.0	off 0.623298599815253 __DUMMY__ 0.21495982216504556 neg 0.16174157801970146	false	1.0
seicht	neg 1.0		__DUMMY__ 0.4443139628237 neg 0.2835216830246373 off 0.2721643541516628	false	1.0
dummheit	off 1.0	off 1.0	off 0.6166034392414594 __DUMMY__ 0.21700911379659868 neg 0.16638744696194185	false	1.0
unerfreulich	neg 1.0		__DUMMY__ 0.4558233513007182 neg 0.29461186580665083 off 0.24956478289263104	false	1.0
motherfucker	off 1.0	off 1.0	off 0.6196754038734741 __DUMMY__ 0.21684281315550094 neg 0.1634817829710249	false	1.0
pikiert	neg 1.0		__DUMMY__ 0.4485037513347775 neg 0.2897953596339885 off 0.26170088903123406	false	1.0
wrack	neg 1.0		__DUMMY__ 0.4524991216475648 neg 0.29568494314603766 off 0.2518159352063976	false	1.0
gangster	neg 1.0		__DUMMY__ 0.451450610568658 neg 0.2892893668609622 off 0.2592600225703799	false	1.0
krank	neg 1.0		__DUMMY__ 0.4514352820495548 neg 0.2849932157256011 off 0.2635715022248442	false	1.0
reich	neg 1.0		__DUMMY__ 0.4504566501335905 neg 0.28829461869956713 off 0.2612487311668424	false	1.0
gnadenlos	neg 1.0		__DUMMY__ 0.4515063088061357 neg 0.29210554173011116 off 0.25638814946375316	false	1.0
niedergeschlagen	neg 1.0		__DUMMY__ 0.4535232284697404 neg 0.29285378939863227 off 0.2536229821316271	false	1.0
terrorisieren	off 1.0	off 1.0	off 0.6124135682229503 __DUMMY__ 0.2200921511313899 neg 0.1674942806456597	false	1.0
sinnlosigkeit	neg 1.0		__DUMMY__ 0.4530971368545566 neg 0.2941612859592786 off 0.2527415771861648	false	1.0
behindern	neg 1.0		__DUMMY__ 0.4529321299520063 neg 0.2927935671747903 off 0.2542743028732034	false	1.0
undemokratisch	neg 1.0		__DUMMY__ 0.45198390009652883 neg 0.2918093537775211 off 0.25620674612595007	false	1.0
wirtschaftskrise	neg 1.0		__DUMMY__ 0.45171763275520277 neg 0.2979916411949858 off 0.2502907260498114	false	1.0
neid	neg 1.0		__DUMMY__ 0.4530698998291827 neg 0.2859901885046359 off 0.26093991166618136	false	1.0
rutschen	neg 1.0		__DUMMY__ 0.45983514340948933 neg 0.2934352849299983 off 0.24672957166051243	false	1.0
rezession	neg 1.0		__DUMMY__ 0.4440993865647942 neg 0.2921528271964913 off 0.26374778623871453	false	1.0
fehlgeburt	neg 1.0		__DUMMY__ 0.4520013496844954 neg 0.29079375136798613 off 0.2572048989475184	false	1.0
charakterschwach	off 1.0		__DUMMY__ 0.44877962459340087 neg 0.28856508052200047 off 0.26265529488459877	false	0.5
isolation	neg 1.0		__DUMMY__ 0.45159664257632137 neg 0.2885835979458669 off 0.25981975947781183	false	1.0
ablenkung	neg 1.0		__DUMMY__ 0.4544158610081316 neg 0.28943934666767485 off 0.2561447923241936	false	1.0
pech	neg 1.0		__DUMMY__ 0.45174424372411254 neg 0.28815931291487434 off 0.2600964433610132	false	1.0
vermeidung	neg 1.0		__DUMMY__ 0.44931672367465014 neg 0.28813980910756104 off 0.26254346721778876	false	1.0
dominieren	neg 1.0		__DUMMY__ 0.4540919956193338 neg 0.29537157296647937 off 0.25053643141418674	false	1.0
schwindlig	neg 1.0		__DUMMY__ 0.45261932319701564 neg 0.28911576971240843 off 0.258264907090576	false	1.0
lutscher	neg 1.0	neg 1.0	neg 0.6312231213320227 __DUMMY__ 0.21404776050506166 off 0.15472911816291549	false	1.0
pflicht	neg 1.0		__DUMMY__ 0.45465208830304055 neg 0.2967336438539352 off 0.24861426784302426	false	1.0
faschist	off 1.0		__DUMMY__ 0.4512339696970623 neg 0.28952263852361027 off 0.2592433917793274	false	0.5
verschleudern	neg 1.0		__DUMMY__ 0.45446727342465776 neg 0.295633287849845 off 0.24989943872549725	false	1.0
wenn			__DUMMY__ 0.45109216140058034 neg 0.28838855408951247 off 0.2605192845099071	false	0.0
ehebruch	neg 1.0		__DUMMY__ 0.45322218558531074 neg 0.2956170117413126 off 0.2511608026733767	false	1.0
spott	off 1.0		__DUMMY__ 0.45358484480392885 neg 0.29567947530360117 off 0.25073567989247003	false	0.5
trostlosigkeit	neg 1.0		__DUMMY__ 0.4546910595535807 neg 0.29763930177495307 off 0.24766963867146632	false	1.0
lutschen	neg 1.0		__DUMMY__ 0.4487719457311225 neg 0.29256796292421233 off 0.258660091344665	false	1.0
undiszipliniert	neg 1.0		__DUMMY__ 0.4491866455898042 neg 0.2860312262220207 off 0.2647821281881751	false	1.0
kopfschmerz	neg 1.0		__DUMMY__ 0.4512563936776638 neg 0.29696624259703663 off 0.2517773637252996	false	1.0
unvorhergesehen	neg 1.0		__DUMMY__ 0.45739558386368934 neg 0.29189685674662347 off 0.25070755938968714	false	1.0
desinteressiert	neg 1.0	neg 1.0	neg 0.6331800905863638 __DUMMY__ 0.21690218370460376 off 0.14991772570903236	false	1.0
armselig	off 1.0		__DUMMY__ 0.44757796124704147 neg 0.2873466288740568 off 0.2650754098789017	false	0.5
desaster	neg 1.0		__DUMMY__ 0.45602689542481467 neg 0.29723068633746763 off 0.24674241823771775	false	1.0
tod	neg 1.0		__DUMMY__ 0.4533078408137947 neg 0.29551073308768083 off 0.2511814260985246	false	1.0
herzlos	neg 1.0		__DUMMY__ 0.4484925109914643 neg 0.2861820594795103 off 0.2653254295290254	false	1.0
unwissenheit	neg 1.0		__DUMMY__ 0.45267893975622486 neg 0.295210495465599 off 0.25211056477817617	false	1.0
widersinnig	neg 1.0		__DUMMY__ 0.451653227044685 neg 0.2964856491721789 off 0.25186112378313613	false	1.0
bedenklich	neg 1.0		__DUMMY__ 0.4534370050540826 neg 0.2952949477550858 off 0.25126804719083157	false	1.0
beanstanden	neg 1.0		__DUMMY__ 0.45556451922479974 neg 0.2959061147312059 off 0.24852936604399425	false	1.0
panisch	neg 1.0	neg 1.0	neg 0.6330726028439877 __DUMMY__ 0.2198401053290449 off 0.14708729182696745	false	1.0
debil	off 1.0		__DUMMY__ 0.45870672647945926 neg 0.2989319315888419 off 0.24236134193169884	false	0.5
abstrich	neg 1.0		__DUMMY__ 0.45566842288550724 neg 0.28953169133584594 off 0.2547998857786469	false	1.0
primitiv	neg 1.0		__DUMMY__ 0.44880751765334825 neg 0.28795808609008317 off 0.2632343962565687	false	1.0
abschaum	off 1.0	off 1.0	off 0.6183906971412176 __DUMMY__ 0.21699883718467997 neg 0.1646104656741024	false	1.0
provozieren	neg 1.0		__DUMMY__ 0.4508011683481196 neg 0.2932882865620838 off 0.2559105450897965	false	1.0
tot	neg 1.0		__DUMMY__ 0.4531848330466195 neg 0.2950062432323175 off 0.25180892372106306	false	1.0
instabil	neg 1.0		__DUMMY__ 0.4478949397728381 neg 0.28782372054581196 off 0.2642813396813499	false	1.0
schwuchtel	off 1.0	off 1.0	off 0.6266676087203201 __DUMMY__ 0.21230249686749256 neg 0.16102989441218718	false	1.0
zerren	neg 1.0		__DUMMY__ 0.4535733316590927 neg 0.2934790880364387 off 0.2529475803044685	false	1.0
kinderficker	off 1.0		__DUMMY__ 0.4473167761375562 neg 0.28429059584717936 off 0.2683926280152644	false	0.5
gefahr	neg 1.0		__DUMMY__ 0.45578182919543614 neg 0.2959186977412059 off 0.248299473063358	false	1.0
rabiat	neg 1.0		__DUMMY__ 0.45283064952604163 neg 0.29162756958311725 off 0.2555417808908412	false	1.0
verlangsamung	neg 1.0		__DUMMY__ 0.44309967967755787 neg 0.28818664861209137 off 0.26871367171035065	false	1.0
ausgestorben	neg 1.0		__DUMMY__ 0.45355276697042735 neg 0.29106151647125295 off 0.25538571655831965	false	1.0
anklagen	neg 1.0		__DUMMY__ 0.45275744180143696 neg 0.2959872966529082 off 0.25125526154565475	false	1.0
trott	neg 1.0		__DUMMY__ 0.45291415662852513 neg 0.29235127836591424 off 0.2547345650055606	false	1.0
verminderung	neg 1.0		__DUMMY__ 0.44959072909535386 neg 0.2871712870306367 off 0.26323798387400943	false	1.0
nach			__DUMMY__ 0.4604983722471621 neg 0.2940777004893832 off 0.24542392726345466	false	0.0
rost	neg 1.0		__DUMMY__ 0.4459914053810865 neg 0.28574429730022205 off 0.2682642973186916	false	1.0
destruktiv	neg 1.0		__DUMMY__ 0.45207485742547604 neg 0.2930951435670688 off 0.25482999900745523	false	1.0
unzumutbarkeit	neg 1.0		__DUMMY__ 0.45006028191805975 neg 0.2883751783719169 off 0.26156453971002325	false	1.0
labil	off 1.0	off 1.0	off 0.6178978878553013 __DUMMY__ 0.2173574480588879 neg 0.16474466408581082	false	1.0
ziemlich	neg 1.0		__DUMMY__ 0.4515876848709379 neg 0.2854404566602524 off 0.26297185846880977	false	1.0
lachnummer	off 1.0		__DUMMY__ 0.4517853581430753 neg 0.2926134801036767 off 0.255601161753248	false	0.5
oder			__DUMMY__ 0.4540552228240845 neg 0.2889278631480818 off 0.25701691402783383	false	0.0
verfall	neg 1.0		__DUMMY__ 0.4566377103827152 neg 0.2994943153725243 off 0.2438679742447605	false	1.0
ausgrenzung	neg 1.0		__DUMMY__ 0.4515606625581367 neg 0.2916180883296108 off 0.2568212491122525	false	1.0
unordnung	neg 1.0		__DUMMY__ 0.45030643644436613 neg 0.2847856013716637 off 0.26490796218397034	false	1.0
fehlverhalten	neg 1.0		__DUMMY__ 0.4532889639638207 neg 0.2978424520421694 off 0.24886858399401	false	1.0
eine			__DUMMY__ 0.4569643935233373 neg 0.29346756842533583 off 0.24956803805132685	false	0.0
nille	neg 1.0		__DUMMY__ 0.4534157202652803 neg 0.2917677591693801 off 0.25481652056533954	false	1.0
qual	neg 1.0		__DUMMY__ 0.45320895747526 neg 0.29246195567764965 off 0.2543290868470904	false	1.0
verschwenden	neg 1.0		__DUMMY__ 0.45329035697018205 neg 0.29637060636474016 off 0.2503390366650777	false	1.0
riesig	neg 1.0		__DUMMY__ 0.4542594631880728 neg 0.294607320074161 off 0.2511332167377661	false	1.0
verurteilen	neg 1.0		__DUMMY__ 0.45194653030236687 neg 0.2963609559669592 off 0.2516925137306739	false	1.0
klischee	neg 1.0	neg 1.0	neg 0.6350815037118064 __DUMMY__ 0.2175507405494605 off 0.1473677557387331	false	1.0
diktatorisch	neg 1.0		__DUMMY__ 0.4510556980638796 neg 0.29290900052961405 off 0.25603530140650627	false	1.0
vorhersehbar	neg 1.0		__DUMMY__ 0.4501215185142307 neg 0.29111339064059527 off 0.2587650908451739	false	1.0
sowie			__DUMMY__ 0.44569612576205325 neg 0.28746417669425034 off 0.2668396975436964	false	0.0
stornieren	neg 1.0		__DUMMY__ 0.45660550802678496 neg 0.28400484828362993 off 0.2593896436895851	false	1.0
besteuerung	neg 1.0		__DUMMY__ 0.4489878843012707 neg 0.2964860176109873 off 0.254526098087742	false	1.0
ungeschminkt	neg 1.0		__DUMMY__ 0.4457130794573459 neg 0.292903629709582 off 0.26138329083307205	false	1.0
kritisch	neg 1.0		__DUMMY__ 0.45402218271978867 neg 0.29483200421960726 off 0.2511458130606041	false	1.0
schlamperei	off 1.0		__DUMMY__ 0.4550351392216631 neg 0.2952960463862182 off 0.24966881439211866	false	0.5
sucht	neg 1.0	neg 1.0	neg 0.6330834243116158 __DUMMY__ 0.22095242176355984 off 0.1459641539248244	false	1.0
egoistisch	off 1.0		__DUMMY__ 0.4462154568670528 neg 0.2855162962611975 off 0.26826824687174977	false	0.5
ausbeuter	off 1.0		__DUMMY__ 0.4527751253689147 neg 0.2985524929712809 off 0.24867238165980454	false	0.5
arschgeburt	off 1.0		__DUMMY__ 0.43919783459392264 neg 0.28545804244998724 off 0.27534412295609023	false	0.5
schubs	neg 1.0		__DUMMY__ 0.4539716230924952 neg 0.29285271734199037 off 0.2531756595655144	false	1.0
unsolide	neg 1.0		__DUMMY__ 0.45024668989225236 neg 0.2931280878483828 off 0.25662522225936485	false	1.0
beschwerde	neg 1.0		__DUMMY__ 0.4532017736089655 neg 0.29683316720861136 off 0.24996505918242318	false	1.0
stocken	neg 1.0		__DUMMY__ 0.45403705001904354 neg 0.2963179115808617 off 0.24964503840009497	false	1.0
isolieren	neg 1.0		__DUMMY__ 0.45412339680523345 neg 0.2940607104432582 off 0.25181589275150834	false	1.0
unheilbar	neg 1.0		__DUMMY__ 0.4529984818966917 neg 0.2911533295131586 off 0.25584818859014974	false	1.0
pisser	off 1.0		__DUMMY__ 0.44608835376421657 neg 0.2902793258451511 off 0.2636323203906323	false	0.5
löschen	neg 1.0		__DUMMY__ 0.45259265245227026 neg 0.2924053978706736 off 0.2550019496770561	false	1.0
durchfallen	neg 1.0		__DUMMY__ 0.4529648029850075 neg 0.2954006604560202 off 0.2516345365589724	false	1.0
wichser	off 1.0	off 1.0	off 0.6252531698833518 __DUMMY__ 0.2139576509758663 neg 0.16078917914078178	false	1.0
terror	neg 1.0		__DUMMY__ 0.45190430353987115 neg 0.289104293545062 off 0.2589914029150669	false	1.0
krass	neg 1.0		__DUMMY__ 0.4472477164677773 neg 0.28709002151071333 off 0.2656622620215095	false	1.0
revolte	neg 1.0		__DUMMY__ 0.4506823365133783 neg 0.29232279034356917 off 0.2569948731430526	false	1.0
besorgt	neg 1.0		__DUMMY__ 0.4563173167856123 neg 0.2894180247683583 off 0.25426465844602947	false	1.0
nachlassen	neg 1.0		__DUMMY__ 0.4561513732999407 neg 0.29333042343421273 off 0.25051820326584645	false	1.0
alt	neg 1.0		__DUMMY__ 0.4526504035748857 neg 0.2955629051410636 off 0.2517866912840509	false	1.0
hundesohn	off 1.0		__DUMMY__ 0.44289288680856836 neg 0.2850129845221393 off 0.2720941286692923	false	0.5
als			__DUMMY__ 0.4546422878782897 neg 0.2920063646948179 off 0.25335134742689236	false	0.0
abschreckung	neg 1.0		__DUMMY__ 0.454930447121299 neg 0.29713734169768286 off 0.2479322111810182	false	1.0
unqualifiziert	neg 1.0		__DUMMY__ 0.44991413673873976 neg 0.2902355309383751 off 0.259850332322885	false	1.0
abgewichst	off 1.0		__DUMMY__ 0.4541209614023838 neg 0.29163165994181717 off 0.25424737865579894	false	0.5
schwer	neg 1.0		__DUMMY__ 0.4528025519406252 neg 0.29251287561963996 off 0.25468457243973486	false	1.0
bedeutungslosigkeit	neg 1.0		__DUMMY__ 0.4544920588339716 neg 0.2963426944243051 off 0.24916524674172327	false	1.0
kapitulation	neg 1.0		__DUMMY__ 0.4539847305657838 neg 0.2954087093160262 off 0.25060656011819005	false	1.0
unscharf	neg 1.0		__DUMMY__ 0.4496136156428445 neg 0.2929405444363831 off 0.25744583992077225	false	1.0
schwinden	neg 1.0		__DUMMY__ 0.4542606794648873 neg 0.29716927876957 off 0.2485700417655429	false	1.0
versklavung	neg 1.0		__DUMMY__ 0.45153707100012747 neg 0.29284384293175025 off 0.2556190860681222	false	1.0
schlecht	neg 1.0		__DUMMY__ 0.45163838562084885 neg 0.2851525589304983 off 0.2632090554486529	false	1.0
verhasst	neg 1.0		__DUMMY__ 0.4497026296760465 neg 0.2940892719486519 off 0.2562080983753016	false	1.0
beschweren	neg 1.0		__DUMMY__ 0.45247981081261035 neg 0.28947638650776486 off 0.2580438026796247	false	1.0
scheiden	neg 1.0		__DUMMY__ 0.45451239218174533 neg 0.28969573536605203 off 0.2557918724522027	false	1.0
frustriert	neg 1.0		__DUMMY__ 0.4527983973790402 neg 0.293683370618336 off 0.2535182320026237	false	1.0
schimmelig	neg 1.0		__DUMMY__ 0.45068020639463563 neg 0.2986692768347644 off 0.25065051677059996	false	1.0
fisch	neg 1.0		__DUMMY__ 0.4528710421983389 neg 0.2994650070514438 off 0.2476639507502173	false	1.0
schmuggel	neg 1.0		__DUMMY__ 0.45304041773004056 neg 0.29805578218324963 off 0.24890380008670987	false	1.0
auffallen	neg 1.0		__DUMMY__ 0.4519518467866704 neg 0.2891616354946306 off 0.258886517718699	false	1.0
konkurrenz	neg 1.0		__DUMMY__ 0.45635563078514024 neg 0.2955641048423891 off 0.24808026437247055	false	1.0
teufelskreis	neg 1.0	neg 1.0	neg 0.6374823771598287 __DUMMY__ 0.2181852495313232 off 0.14433237330884818	false	1.0
aufschreien	neg 1.0		__DUMMY__ 0.4507183386610742 neg 0.290758749603736 off 0.2585229117351897	false	1.0
schuldner	neg 1.0		__DUMMY__ 0.452911637050516 neg 0.2993565769238577 off 0.2477317860256263	false	1.0
missgeburt	off 1.0	off 1.0	off 0.6219563518275548 __DUMMY__ 0.21355454536205817 neg 0.16448910281038714	false	1.0
arbeitslos	neg 1.0		__DUMMY__ 0.4527297367244556 neg 0.2952955460233194 off 0.251974717252225	false	1.0
befallen	neg 1.0		__DUMMY__ 0.45047439502075826 neg 0.2975061655815839 off 0.2520194393976579	false	1.0
miesepetrig	off 1.0	off 1.0	off 0.6189134114711283 __DUMMY__ 0.2180437628046664 neg 0.16304282572420525	false	1.0
alarmieren	neg 1.0		__DUMMY__ 0.44799900283559413 neg 0.29282068790840304 off 0.25918030925600277	false	1.0
ungeduscht	off 1.0		__DUMMY__ 0.44843361795477144 neg 0.2921384159889294 off 0.25942796605629903	false	0.5
knappheit	neg 1.0		__DUMMY__ 0.45197677199434694 neg 0.29712900554267324 off 0.25089422246297977	false	1.0
schlange	neg 1.0		__DUMMY__ 0.4545461445673363 neg 0.28738192864661266 off 0.2580719267860512	false	1.0
harsch	neg 1.0		__DUMMY__ 0.4487530997245211 neg 0.2839080891518297 off 0.2673388111236491	false	1.0
lang	neg 1.0		__DUMMY__ 0.4526537404815378 neg 0.291137636607961 off 0.25620862291050134	false	1.0
ziellos	neg 1.0		__DUMMY__ 0.4555269831675679 neg 0.2924529513710197 off 0.2520200654614124	false	1.0
selbstverliebt	neg 1.0		__DUMMY__ 0.4423113950518012 neg 0.28395946187722515 off 0.2737291430709736	false	1.0
beseitigen	neg 1.0		__DUMMY__ 0.4536706187506804 neg 0.29282271803094867 off 0.25350666321837095	false	1.0
dumm	off 1.0		__DUMMY__ 0.44669930870064783 neg 0.2839131773611225 off 0.2693875139382297	false	0.5
arbeitsloser	neg 1.0		__DUMMY__ 0.45507951481733655 neg 0.29207437108887974 off 0.2528461140937837	false	1.0
blitzen	neg 1.0		__DUMMY__ 0.4517867517879182 neg 0.2890029045044464 off 0.2592103437076354	false	1.0
hilflos	neg 1.0		__DUMMY__ 0.4524032922389004 neg 0.29488709931448814 off 0.2527096084466115	false	1.0
eklig	off 1.0		__DUMMY__ 0.4439441570958363 neg 0.2869971083816819 off 0.26905873452248186	false	0.5
begriff			__DUMMY__ 0.453258453657475 neg 0.29207173119599467 off 0.2546698151465302	false	0.0
hungersnot	neg 1.0		__DUMMY__ 0.45248690935522523 neg 0.2959635356377295 off 0.25154955500704546	false	1.0
ungesetzlich	neg 1.0		__DUMMY__ 0.4505303891841682 neg 0.29396886677312484 off 0.25550074404270684	false	1.0
verschwendung	neg 1.0		__DUMMY__ 0.454146106934291 neg 0.29584368526877913 off 0.25001020779692984	false	1.0
schmerzvoll	neg 1.0		__DUMMY__ 0.4517497621059836 neg 0.29096934142123493 off 0.2572808964727815	false	1.0
vorzeitig	neg 1.0		__DUMMY__ 0.45035232925631213 neg 0.291670307395554 off 0.25797736334813387	false	1.0
unvollkommenheit	neg 1.0		__DUMMY__ 0.4562286025300545 neg 0.29111400489915296 off 0.2526573925707926	false	1.0
intervenieren	neg 1.0		__DUMMY__ 0.45354867538047355 neg 0.29692051667361685 off 0.24953080794590968	false	1.0
banause	off 1.0		__DUMMY__ 0.4412932861895717 neg 0.28731761810468504 off 0.2713890957057432	false	0.5
rebell	neg 1.0		__DUMMY__ 0.45483415378135394 neg 0.2999412924365926 off 0.24522455378205343	false	1.0
unlogisch	neg 1.0		__DUMMY__ 0.4480252280488113 neg 0.287030012649475 off 0.26494475930171374	false	1.0
leiden	neg 1.0		__DUMMY__ 0.4570071416836022 neg 0.29322287026131333 off 0.2497699880550846	false	1.0
abschaffung	neg 1.0		__DUMMY__ 0.45239074692689313 neg 0.2921060233286698 off 0.255503229744437	false	1.0
sturz	neg 1.0		__DUMMY__ 0.45186050230734587 neg 0.29344374745681673 off 0.25469575023583724	false	1.0
verkleinerung	neg 1.0		__DUMMY__ 0.4493288106886149 neg 0.292752996796555 off 0.25791819251483017	false	1.0
schmarotzer	off 1.0		__DUMMY__ 0.4522317097794297 neg 0.2948962804957349 off 0.2528720097248353	false	0.5
bestrafung	neg 1.0		__DUMMY__ 0.45161829846564244 neg 0.29216789087116213 off 0.25621381066319554	false	1.0
achtlos	neg 1.0	neg 1.0	neg 0.6358491872797554 __DUMMY__ 0.2195318801592095 off 0.14461893256103528	false	1.0
ungeheuer	neg 1.0		__DUMMY__ 0.4515471530356227 neg 0.29042279202121274 off 0.25803005494316456	false	1.0
unaufrichtig	neg 1.0		__DUMMY__ 0.45395985715476156 neg 0.2860776917451739 off 0.2599624511000645	false	1.0
groggy	neg 1.0		__DUMMY__ 0.451211674528698 neg 0.2900102044269839 off 0.2587781210443182	false	1.0
verletzlich	neg 1.0		__DUMMY__ 0.4474258499309281 neg 0.29071779526502484 off 0.261856354804047	false	1.0
