unsolidarisch	neg 1.0		__DUMMY__ 0.8683254819944041 neg 0.07115208726211546 off 0.06052243074348051	false	1.0
nachteilig	neg 1.0		__DUMMY__ 0.8739656723131263 neg 0.06981208404142342 off 0.05622224364545025	false	1.0
skeptisch	neg 1.0		__DUMMY__ 0.8738187065661943 neg 0.07037020380846919 off 0.05581108962533658	false	1.0
schrecklich	neg 1.0		__DUMMY__ 0.8660990676167801 off 0.06934652833410913 neg 0.06455440404911066	false	0.5
schlapp	neg 1.0		__DUMMY__ 0.8688927070770971 neg 0.06585625987823633 off 0.06525103304466663	false	1.0
abfall	neg 1.0		__DUMMY__ 0.8772785966349755 neg 0.07040490165940952 off 0.05231650170561489	false	1.0
widerspenstig	neg 1.0		__DUMMY__ 0.8712254474082959 neg 0.06845515096869112 off 0.06031940162301301	false	1.0
abrupt	neg 1.0		__DUMMY__ 0.8744204237727222 neg 0.06955244485961232 off 0.05602713136766544	false	1.0
unwirksam	neg 1.0		__DUMMY__ 0.8677146871758034 neg 0.07214191872730324 off 0.06014339409689336	false	1.0
angreifen	neg 1.0		__DUMMY__ 0.8717965052022288 neg 0.07240925666134951 off 0.05579423813642162	false	1.0
inkonsistent	neg 1.0		__DUMMY__ 0.8671062145734963 neg 0.0720054194140638 off 0.060888366012439805	false	1.0
abrutschen	neg 1.0		__DUMMY__ 0.8754505128290605 neg 0.0717058393062224 off 0.052843647864717125	false	1.0
unsicher	neg 1.0		__DUMMY__ 0.8737382890974444 neg 0.06590230742273286 off 0.06035940347982257	false	1.0
bauernkind	off 1.0	off 1.0	off 0.5229777329774323 __DUMMY__ 0.4206075707335859 neg 0.0564146962889818	false	1.0
angreifer	neg 1.0	neg 1.0	neg 0.5215226724218919 __DUMMY__ 0.4314756622351504 off 0.047001665342957744	false	1.0
trennen	neg 1.0		__DUMMY__ 0.8760878038191697 neg 0.0686921747741652 off 0.05522002140666511	false	1.0
schmutz	neg 1.0		__DUMMY__ 0.872155316736833 neg 0.0664460203219073 off 0.06139866294125971	false	1.0
inkonsistenz	neg 1.0		__DUMMY__ 0.8638365870616157 neg 0.07037795975070853 off 0.06578545318767569	false	1.0
erschreckend	neg 1.0		__DUMMY__ 0.8704651738005825 neg 0.06968345940195148 off 0.05985136679746597	false	1.0
ertrinken	neg 1.0		__DUMMY__ 0.8710355657239781 neg 0.07302099531001856 off 0.05594343896600337	false	1.0
pickelface	off 1.0		__DUMMY__ 0.8714533507340773 neg 0.06916375353732762 off 0.05938289572859518	false	0.5
seiner			__DUMMY__ 0.8736048530430448 neg 0.07035000653410976 off 0.05604514042284542	false	0.0
lauch	neg 1.0		__DUMMY__ 0.8756391247178679 neg 0.07139307012958196 off 0.052967805152550125	false	1.0
unwichtig	neg 1.0		__DUMMY__ 0.8674216792664796 neg 0.0672970079068394 off 0.06528131282668087	false	1.0
steuerhinterziehung	neg 1.0	neg 1.0	neg 0.5238388461058509 __DUMMY__ 0.4321803513927474 off 0.04398080250140188	false	1.0
schock	neg 1.0		__DUMMY__ 0.8710140246887488 neg 0.06956636956323728 off 0.059419605748013984	false	1.0
beule	neg 1.0		__DUMMY__ 0.8655249827523792 neg 0.06838492225416147 off 0.06609009499345934	false	1.0
vergelten	neg 1.0		__DUMMY__ 0.8694920004323566 off 0.06825043366221378 neg 0.062257565905429656	false	0.5
verdorbenheit	neg 1.0		__DUMMY__ 0.8734797479492655 neg 0.0660385050540327 off 0.0604817469967018	false	1.0
trauma	neg 1.0		__DUMMY__ 0.8701548563722508 neg 0.06859678227111024 off 0.061248361356639	false	1.0
sinnlos	neg 1.0		__DUMMY__ 0.8703315932054261 neg 0.0670637976504924 off 0.06260460914408154	false	1.0
fettsack	off 1.0	off 1.0	off 0.5238506365925184 __DUMMY__ 0.42202394609904204 neg 0.05412541730843954	false	1.0
feige	off 1.0	off 1.0	off 0.519896980765518 __DUMMY__ 0.42706117949452477 neg 0.053041839739957096	false	1.0
abdanken	neg 1.0		__DUMMY__ 0.8704372209269449 neg 0.06957459085422013 off 0.05998818821883494	false	1.0
wichtigtuer	off 1.0	off 1.0	off 0.5180765630897142 __DUMMY__ 0.4297691826722151 neg 0.05215425423807066	false	1.0
misslingen	neg 1.0		__DUMMY__ 0.8775983776264612 neg 0.061979573264289295 off 0.06042204910924962	false	1.0
untreu	off 1.0		__DUMMY__ 0.8675550124307506 neg 0.06677389978218053 off 0.06567108778706884	false	0.5
missmutig	neg 1.0		__DUMMY__ 0.8682207417699617 neg 0.06692395616627861 off 0.0648553020637597	false	1.0
hurenbock	off 1.0		__DUMMY__ 0.8693314220177801 neg 0.06887320561735778 off 0.06179537236486207	false	0.5
betrunken	neg 1.0		__DUMMY__ 0.8674933749732986 off 0.06696917821244569 neg 0.06553744681425572	false	0.5
korrupt	off 1.0		__DUMMY__ 0.8688973197980521 neg 0.07275833340658934 off 0.05834434679535869	false	0.5
unmut	neg 1.0		__DUMMY__ 0.876165876214875 neg 0.07081813405625607 off 0.053015989728868916	false	1.0
hackfresse	off 1.0		__DUMMY__ 0.8618421509741324 off 0.07278477171558886 neg 0.06537307731027872	false	1.0
aufblasen	neg 1.0		__DUMMY__ 0.8712149582236319 neg 0.0667723100458257 off 0.06201273173054228	false	1.0
gewaltsam	neg 1.0		__DUMMY__ 0.8699944619653773 neg 0.07122219135093548 off 0.05878334668368725	false	1.0
unbeliebtheit	neg 1.0		__DUMMY__ 0.8651294867144139 neg 0.07049679497143456 off 0.06437371831415152	false	1.0
sturheit	neg 1.0		__DUMMY__ 0.8699222606468596 neg 0.07075992315083109 off 0.05931781620230932	false	1.0
kuh	neg 1.0		__DUMMY__ 0.8638768693914795 neg 0.07370494107660308 off 0.062418189531917384	false	1.0
erschrecken	neg 1.0		__DUMMY__ 0.8697876669680769 neg 0.0655918775049669 off 0.06462045552695633	false	1.0
opfer	neg 1.0		__DUMMY__ 0.8727563237255362 neg 0.07010304926016209 off 0.05714062701430159	false	1.0
sinken	neg 1.0		__DUMMY__ 0.8759630667540652 neg 0.07064973471855063 off 0.05338719852738428	false	1.0
stinktier	neg 1.0		__DUMMY__ 0.856543662745172 neg 0.07342210200407728 off 0.07003423525075071	false	1.0
tucke	off 1.0		__DUMMY__ 0.8574227882875137 off 0.07371693876601977 neg 0.06886027294646642	false	1.0
ein			__DUMMY__ 0.8704610946023823 neg 0.06837179912529809 off 0.061167106272319555	false	0.0
abstieg	neg 1.0		__DUMMY__ 0.8725001760741803 neg 0.07149468902934847 off 0.056005134896471236	false	1.0
missverstehen	neg 1.0		__DUMMY__ 0.8678644090097015 neg 0.06859164312535172 off 0.0635439478649467	false	1.0
ergebnislos	neg 1.0		__DUMMY__ 0.8735637655237556 neg 0.07069689351688395 off 0.055739340959360374	false	1.0
unter			__DUMMY__ 0.8820172951283404 neg 0.0699383577814014 off 0.048044347090258115	false	0.0
manipulieren	neg 1.0		__DUMMY__ 0.8747752196091861 neg 0.06980286140368994 off 0.05542191898712386	false	1.0
unbewiesen	neg 1.0		__DUMMY__ 0.8671331496836694 neg 0.07235240454056054 off 0.06051444577577009	false	1.0
verschleppen	neg 1.0		__DUMMY__ 0.8705092720056363 neg 0.07204802636139936 off 0.05744270163296432	false	1.0
weib	off 1.0		__DUMMY__ 0.854734159747605 off 0.07348491593615859 neg 0.0717809243162364	false	1.0
opposition	neg 1.0		__DUMMY__ 0.8678426596048352 neg 0.0704693636628034 off 0.061687976732361344	false	1.0
verkehrswidrig	neg 1.0		__DUMMY__ 0.8690668732656738 off 0.06879742887056704 neg 0.06213569786375925	false	0.5
inkorrekt	neg 1.0		__DUMMY__ 0.8635775604766442 off 0.06900866828752651 neg 0.06741377123582926	false	0.5
vermeiden	neg 1.0	neg 1.0	neg 0.5217723058314211 __DUMMY__ 0.43941402959072795 off 0.03881366457785103	false	1.0
abweichung	neg 1.0	neg 1.0	neg 0.520277000346514 __DUMMY__ 0.4365156738809311 off 0.04320732577255491	false	1.0
alkoholisiert	neg 1.0		__DUMMY__ 0.8749709387728287 neg 0.06962635773692248 off 0.05540270349024884	false	1.0
scheiss	off 1.0	off 1.0	off 0.5196978516055069 __DUMMY__ 0.42803410767309535 neg 0.052268040721397804	false	1.0
herausforderung	neg 1.0		__DUMMY__ 0.8762827045896286 neg 0.06813001846087664 off 0.05558727694949473	false	1.0
pervers	off 1.0		__DUMMY__ 0.8576503956405165 off 0.07612218675458418 neg 0.06622741760489928	false	1.0
wackelig	neg 1.0		__DUMMY__ 0.8769775060615548 neg 0.06485459560683665 off 0.0581678983316086	false	1.0
verwickeln	neg 1.0		__DUMMY__ 0.8684433662567128 neg 0.06851425063456247 off 0.06304238310872472	false	1.0
vorwand	neg 1.0		__DUMMY__ 0.8733813780598424 neg 0.07129508644071116 off 0.055323535499446505	false	1.0
muschi	off 1.0		__DUMMY__ 0.8714210310961827 neg 0.06899503348878083 off 0.0595839354150365	false	0.5
entmutigung	neg 1.0		__DUMMY__ 0.869455815369284 neg 0.06881067717315456 off 0.06173350745756158	false	1.0
unangemessen	neg 1.0		__DUMMY__ 0.8698798313908843 neg 0.07099872089625969 off 0.05912144771285592	false	1.0
unstetig	neg 1.0		__DUMMY__ 0.8698226206069787 neg 0.06757241183736369 off 0.06260496755565752	false	1.0
entmutigen	neg 1.0		__DUMMY__ 0.8708724964906714 neg 0.06780948235299808 off 0.0613180211563305	false	1.0
schwanz	neg 1.0		__DUMMY__ 0.8724243376551681 neg 0.07063884317187279 off 0.056936819172959	false	1.0
verbot	neg 1.0		__DUMMY__ 0.8714629504223359 neg 0.07064140426205918 off 0.05789564531560491	false	1.0
leid	neg 1.0		__DUMMY__ 0.8631287210142564 off 0.07087714691039639 neg 0.06599413207534714	false	0.5
archaisch	neg 1.0		__DUMMY__ 0.8704232077540047 neg 0.07044265753118788 off 0.059134134714807315	false	1.0
gegen			__DUMMY__ 0.8751853052247769 neg 0.07107015235961182 off 0.053744542415611364	false	0.0
scheidung	neg 1.0		__DUMMY__ 0.8604422536730527 off 0.08037900801496056 neg 0.0591787383119867	false	0.5
einschlag	neg 1.0		__DUMMY__ 0.8662705738837444 off 0.0680846811614076 neg 0.06564474495484802	false	0.5
m			__DUMMY__ 0.8737871743951156 neg 0.06823207888225323 off 0.05798074672263111	false	0.0
abgestanden	neg 1.0		__DUMMY__ 0.8684088143189159 neg 0.07127227815625638 off 0.06031890752482767	false	1.0
schmierig	off 1.0		__DUMMY__ 0.864678130827348 off 0.0701230917259297 neg 0.06519877744672223	false	1.0
unpraktisch	neg 1.0		__DUMMY__ 0.8708799028475045 neg 0.06750379723639245 off 0.061616299916103144	false	1.0
wixxer	off 1.0		__DUMMY__ 0.8551350933049676 off 0.07633160401232174 neg 0.06853330268271071	false	1.0
bezeichnet			__DUMMY__ 0.8679954245994873 neg 0.0713240240823608 off 0.06068055131815192	false	0.0
jammerlappen	off 1.0		__DUMMY__ 0.8694919703103268 off 0.06527232774940815 neg 0.065235701940265	false	1.0
farce	neg 1.0		__DUMMY__ 0.8696687234051994 neg 0.07152377689298464 off 0.058807499701816	false	1.0
zwecklos	neg 1.0		__DUMMY__ 0.8703053263025646 neg 0.07098119894284796 off 0.05871347475458741	false	1.0
turbulent	neg 1.0		__DUMMY__ 0.8644368595747453 neg 0.06909258333409476 off 0.06647055709116007	false	1.0
invasion	neg 1.0		__DUMMY__ 0.8695389677602607 neg 0.0681550065490346 off 0.06230602569070463	false	1.0
schuld	neg 1.0		__DUMMY__ 0.8689768203361038 neg 0.06936037517524724 off 0.06166280448864903	false	1.0
risiko	neg 1.0	neg 1.0	neg 0.5196872176523553 __DUMMY__ 0.4338926304002291 off 0.04642015194741564	false	1.0
finster	neg 1.0		__DUMMY__ 0.8680728720170483 neg 0.07068426912850359 off 0.061242858854448065	false	1.0
geisteskrank	off 1.0		__DUMMY__ 0.8637946067245409 neg 0.06904033141854056 off 0.06716506185691852	false	0.5
zusammenbrechen	neg 1.0		__DUMMY__ 0.8724653090258697 neg 0.0688052515671653 off 0.058729439406965	false	1.0
ausbeute	neg 1.0		__DUMMY__ 0.8820314663176291 neg 0.06147119746027544 off 0.05649733622209556	false	1.0
hinterhalt	neg 1.0		__DUMMY__ 0.873740999242192 neg 0.06807894796180597 off 0.05818005279600201	false	1.0
kritik	neg 1.0		__DUMMY__ 0.8694144298881682 neg 0.07193232929907463 off 0.05865324081275724	false	1.0
einschrumpfen	neg 1.0		__DUMMY__ 0.8656753901113556 neg 0.07003122572424993 off 0.06429338416439441	false	1.0
riskant	neg 1.0		__DUMMY__ 0.8716078927423354 neg 0.0720336271831394 off 0.05635848007452512	false	1.0
frustrieren	neg 1.0		__DUMMY__ 0.8721960974739505 neg 0.07057941947126531 off 0.05722448305478416	false	1.0
groll	neg 1.0		__DUMMY__ 0.8705020612119273 neg 0.07123716949010818 off 0.05826076929796446	false	1.0
gibt			__DUMMY__ 0.8732031939592909 neg 0.06791593546263205 off 0.05888087057807706	false	0.0
qualvoll	neg 1.0		__DUMMY__ 0.8684760532185027 neg 0.06825921947076667 off 0.06326472731073043	false	1.0
wackeln	neg 1.0		__DUMMY__ 0.8725809859266561 neg 0.06631937728468994 off 0.06109963678865398	false	1.0
klagen	neg 1.0		__DUMMY__ 0.8751333935792589 neg 0.0711159291084815 off 0.05375067731225958	false	1.0
bankrott	neg 1.0		__DUMMY__ 0.8698624052558529 neg 0.0657842008373206 off 0.06435339390682657	false	1.0
trauern	neg 1.0		__DUMMY__ 0.8736313476837306 neg 0.069817587046058 off 0.05655106527021125	false	1.0
ablehnung	neg 1.0		__DUMMY__ 0.8701102722919455 neg 0.0714549460947644 off 0.05843478161329011	false	1.0
stur	neg 1.0		__DUMMY__ 0.8692938062038983 neg 0.06889976435016039 off 0.06180642944594127	false	1.0
aufruhr	neg 1.0	neg 1.0	neg 0.522625484617219 __DUMMY__ 0.4323780154524967 off 0.04499649993028428	false	1.0
melancholie	neg 1.0		__DUMMY__ 0.872526461220957 neg 0.07048444893384795 off 0.05698908984519502	false	1.0
ist			__DUMMY__ 0.8704982797710986 neg 0.06714780614887934 off 0.062353914080022055	false	0.0
torheit	neg 1.0		__DUMMY__ 0.8711252750296228 neg 0.06802405416559322 off 0.06085067080478401	false	1.0
dreckskind	off 1.0		__DUMMY__ 0.8582408255149025 off 0.07188637331623422 neg 0.06987280116886323	false	1.0
umtauschen	neg 1.0		__DUMMY__ 0.8718517926112929 neg 0.06852705847686434 off 0.05962114891184277	false	1.0
zum			__DUMMY__ 0.8825563424878837 neg 0.06634531272246642 off 0.0510983447896498	false	0.0
zersetzen	neg 1.0		__DUMMY__ 0.8717145780916137 neg 0.0727161954260573 off 0.055569226482329	false	1.0
zur			__DUMMY__ 0.8794729416993584 neg 0.06981101351199244 off 0.05071604478864913	false	0.0
frust	neg 1.0		__DUMMY__ 0.8729176440587606 neg 0.06831138283382757 off 0.05877097310741182	false	1.0
unerbittlichkeit	neg 1.0		__DUMMY__ 0.8725802667950897 neg 0.07192433531052199 off 0.05549539789438836	false	1.0
zwei			__DUMMY__ 0.8804289285748466 neg 0.06743202641436442 off 0.05213904501078905	false	0.0
unkorrekt	neg 1.0		__DUMMY__ 0.8668581727640999 off 0.0684624360270247 neg 0.06467939120887532	false	0.5
hexe	off 1.0		__DUMMY__ 0.8616607539076049 neg 0.07323149631007876 off 0.06510774978231643	false	0.5
lasch	neg 1.0		__DUMMY__ 0.8666435018676515 neg 0.0689073903345623 off 0.06444910779778618	false	1.0
rivale	neg 1.0		__DUMMY__ 0.8655296521794377 off 0.06731101542427793 neg 0.0671593323962845	false	0.5
mutlos	off 1.0	off 1.0	off 0.512969532733602 __DUMMY__ 0.432150127756964 neg 0.05488033950943393	false	1.0
wirr	off 1.0		__DUMMY__ 0.8627023963321514 off 0.06915847097942635 neg 0.06813913268842224	false	1.0
jahr			__DUMMY__ 0.8830548473538244 neg 0.06242484561175693 off 0.05452030703441866	false	0.0
wird			__DUMMY__ 0.8730677276688122 neg 0.06926443553649345 off 0.05766783679469436	false	0.0
strafbar	neg 1.0		__DUMMY__ 0.8733920762023648 neg 0.0697093200907431 off 0.05689860370689211	false	1.0
erosion	neg 1.0		__DUMMY__ 0.8731148443446839 neg 0.06664692253069375 off 0.060238233124622405	false	1.0
eingehen	neg 1.0		__DUMMY__ 0.8719733048931685 neg 0.07099147199054849 off 0.057035223116283035	false	1.0
faul	off 1.0		__DUMMY__ 0.8695154971640622 neg 0.06626872287094711 off 0.06421577996499064	false	0.5
provisorium	neg 1.0		__DUMMY__ 0.8847529422088326 neg 0.06669648985175554 off 0.04855056793941183	false	1.0
schmerzen	neg 1.0		__DUMMY__ 0.8701681159334813 neg 0.07086793282903071 off 0.05896395123748804	false	1.0
schrumpfen	neg 1.0		__DUMMY__ 0.8755757163949326 neg 0.07325274403400983 off 0.05117153957105761	false	1.0
geistlos	off 1.0		__DUMMY__ 0.8650533893737317 neg 0.07155748634296213 off 0.06338912428330615	false	0.5
fehlkauf	neg 1.0		__DUMMY__ 0.8693028004986624 neg 0.06857847856468045 off 0.06211872093665713	false	1.0
frustrierend	neg 1.0		__DUMMY__ 0.8692100588279646 neg 0.06648505985573991 off 0.06430488131629548	false	1.0
unzufrieden	neg 1.0		__DUMMY__ 0.8711282635188139 neg 0.07041816266616281 off 0.05845357381502323	false	1.0
verzweifeln	neg 1.0		__DUMMY__ 0.8716120346359216 neg 0.06880212936413185 off 0.0595858359999466	false	1.0
verzweifelt	neg 1.0	neg 1.0	neg 0.5235757414953877 __DUMMY__ 0.4296199944152656 off 0.04680426408934678	false	1.0
misstrauensantrag	neg 1.0		__DUMMY__ 0.8691999946106406 neg 0.06852105395747266 off 0.062278951431886796	false	1.0
abfallen	neg 1.0		__DUMMY__ 0.8727381240607948 neg 0.06633702755636103 off 0.060924848382844225	false	1.0
fucker	off 1.0		__DUMMY__ 0.8661517723235298 off 0.0681162684727726 neg 0.06573195920369755	false	1.0
ungezogen	neg 1.0		__DUMMY__ 0.8594866283339405 off 0.0752401968254503 neg 0.06527317484060918	false	0.5
irrsinnig	neg 1.0	neg 1.0	neg 0.5228708052617054 __DUMMY__ 0.4303368291531549 off 0.046792365585139654	false	1.0
unfassbar	neg 1.0		__DUMMY__ 0.868532704481529 off 0.06638443616926554 neg 0.06508285934920541	false	0.5
hart	neg 1.0		__DUMMY__ 0.8648681300177181 neg 0.06947899230345041 off 0.06565287767883153	false	1.0
widerlich	off 1.0		__DUMMY__ 0.8654701354711931 neg 0.06747982206747477 off 0.0670500424613321	false	0.5
fatal	neg 1.0		__DUMMY__ 0.8690881606662074 neg 0.06821343597460132 off 0.0626984033591913	false	1.0
bruch	neg 1.0		__DUMMY__ 0.8753551713595448 neg 0.070529512029688 off 0.05411531661076724	false	1.0
aushungern	neg 1.0		__DUMMY__ 0.8721238847129242 neg 0.06909116280774298 off 0.05878495247933269	false	1.0
anspannung	neg 1.0		__DUMMY__ 0.8789365729999772 neg 0.0697951598856054 off 0.051268267114417385	false	1.0
von			__DUMMY__ 0.8847704701741441 neg 0.06066885017451993 off 0.05456067965133594	false	0.0
kraftlos	neg 1.0		__DUMMY__ 0.8731570538999907 neg 0.0688226079932146 off 0.05802033810679475	false	1.0
vom			__DUMMY__ 0.8850575298037082 neg 0.06606740788851796 off 0.04887506230777383	false	0.0
grenzdebil	off 1.0		__DUMMY__ 0.8683548275494885 off 0.06661232043715941 neg 0.0650328520133521	false	1.0
vor			__DUMMY__ 0.8768774120145697 neg 0.0685395930926901 off 0.05458299489274021	false	0.0
unterwerfen	neg 1.0		__DUMMY__ 0.8722395636234217 neg 0.07067739540689519 off 0.057083040969683044	false	1.0
versenkung	neg 1.0		__DUMMY__ 0.8750844683183746 neg 0.06763974432464435 off 0.05727578735698096	false	1.0
entziehen	neg 1.0		__DUMMY__ 0.874661195898314 neg 0.07111388559382549 off 0.05422491850786051	false	1.0
finanzkrise	neg 1.0		__DUMMY__ 0.8675920648012517 neg 0.07312397276084284 off 0.05928396243790544	false	1.0
schimpfend	neg 1.0		__DUMMY__ 0.8693696842859452 neg 0.06868430396972336 off 0.06194601174433138	false	1.0
profan	neg 1.0		__DUMMY__ 0.8686718751619823 neg 0.0682600566442306 off 0.06306806819378716	false	1.0
korruption	neg 1.0		__DUMMY__ 0.8711228420702586 neg 0.0713004647377773 off 0.057576693191964165	false	1.0
â			__DUMMY__ 0.8740747450493176 neg 0.06849447394687333 off 0.05743078100380918	false	0.0
schmutzig	neg 1.0		__DUMMY__ 0.8683483770066566 off 0.06702883132886212 neg 0.06462279166448125	false	0.5
sexy	neg 1.0		__DUMMY__ 0.8696311442300528 neg 0.0664520197082481 off 0.06391683606169907	false	1.0
abraten	neg 1.0		__DUMMY__ 0.8714431001057791 neg 0.06620537405534217 off 0.062351525838878756	false	1.0
schwarz	neg 1.0		__DUMMY__ 0.8694354410739036 neg 0.068584169446857 off 0.061980389479239374	false	1.0
fotze	off 1.0	off 1.0	off 0.514056942141171 __DUMMY__ 0.4334146535782615 neg 0.05252840428056753	false	1.0
verwirren	neg 1.0		__DUMMY__ 0.8694030563487418 neg 0.0670137400071689 off 0.0635832036440892	false	1.0
zahnlos	off 1.0		__DUMMY__ 0.8707999722276096 neg 0.06997434783783953 off 0.05922567993455092	false	0.5
verheeren	neg 1.0		__DUMMY__ 0.8587316923416672 off 0.07661939351411542 neg 0.06464891414421735	false	0.5
hippie	neg 1.0		__DUMMY__ 0.8692584780367191 neg 0.06711708566205471 off 0.06362443630122616	false	1.0
rammen	neg 1.0		__DUMMY__ 0.8646513073939831 neg 0.07403134543201376 off 0.061317347174003174	false	1.0
unlauter	neg 1.0		__DUMMY__ 0.868520421092725 neg 0.07003540949066829 off 0.06144416941660671	false	1.0
unheilvoll	neg 1.0		__DUMMY__ 0.8686254078590228 neg 0.06954611919731035 off 0.061828472943666966	false	1.0
niedrig	neg 1.0		__DUMMY__ 0.8713796798786355 neg 0.07298045919801545 off 0.055639860923349	false	1.0
explosion	neg 1.0		__DUMMY__ 0.8702962007533809 neg 0.06661442505000065 off 0.06308937419661856	false	1.0
weichei	off 1.0	off 1.0	off 0.5240833447201017 __DUMMY__ 0.4250246231924602 neg 0.05089203208743815	false	1.0
minusmensch	off 1.0		__DUMMY__ 0.8538520443468638 off 0.07433453842396684 neg 0.07181341722916933	false	1.0
farblos	neg 1.0		__DUMMY__ 0.8697292455226372 neg 0.07083219282200931 off 0.05943856165535341	false	1.0
unwissend	neg 1.0	neg 1.0	neg 0.5209460717178191 __DUMMY__ 0.42943440226696455 off 0.04961952601521636	false	1.0
traurig	neg 1.0		__DUMMY__ 0.867134569428843 off 0.06864665945416085 neg 0.06421877111699617	false	0.5
senkung	neg 1.0		__DUMMY__ 0.8672354713016354 neg 0.06985666814039662 off 0.06290786055796804	false	1.0
ungleich	neg 1.0	neg 1.0	neg 0.5234915414653485 __DUMMY__ 0.43401264092371783 off 0.04249581761093374	false	1.0
heikel	neg 1.0		__DUMMY__ 0.8726740533340632 neg 0.07097010632249573 off 0.056355840343441	false	1.0
drosselung	neg 1.0		__DUMMY__ 0.866001625835815 neg 0.06773003380990544 off 0.06626834035427968	false	1.0
falsch	neg 1.0		__DUMMY__ 0.8689270134973053 neg 0.06658414228013863 off 0.06448884422255612	false	1.0
unzufriedenheit	neg 1.0		__DUMMY__ 0.8736665621658175 neg 0.07140983242839409 off 0.05492360540578841	false	1.0
kurz	neg 1.0		__DUMMY__ 0.8759314838388202 neg 0.06527650469263954 off 0.058792011468540184	false	1.0
unsinnig	neg 1.0		__DUMMY__ 0.8708125254318078 neg 0.06979895437698763 off 0.059388520191204566	false	1.0
penner	off 1.0	off 1.0	off 0.5252678218352769 __DUMMY__ 0.42457720030591867 neg 0.05015497785880447	false	1.0
seicht	neg 1.0		__DUMMY__ 0.8594021940924249 off 0.07505642925299104 neg 0.06554137665458405	false	0.5
dummheit	off 1.0	off 1.0	off 0.5182470578244487 __DUMMY__ 0.42814249831909046 neg 0.05361044385646087	false	1.0
unerfreulich	neg 1.0		__DUMMY__ 0.8751591839085436 neg 0.06939689971663453 off 0.05544391637482184	false	1.0
motherfucker	off 1.0	off 1.0	off 0.5212622022748686 __DUMMY__ 0.42791501856201897 neg 0.0508227791631124	false	1.0
pikiert	neg 1.0		__DUMMY__ 0.8651381067991666 neg 0.06859163984554628 off 0.06627025335528713	false	1.0
wrack	neg 1.0		__DUMMY__ 0.8709523891028894 neg 0.07127538880317233 off 0.05777222209393827	false	1.0
gangster	neg 1.0		__DUMMY__ 0.8691946087039265 neg 0.06716887179693376 off 0.06363651949913969	false	1.0
krank	neg 1.0		__DUMMY__ 0.8694567886971794 off 0.06644646806908781 neg 0.06409674323373285	false	0.5
reich	neg 1.0		__DUMMY__ 0.8682520123930423 neg 0.06651027220916038 off 0.06523771539779728	false	1.0
gnadenlos	neg 1.0		__DUMMY__ 0.8690620166381912 neg 0.06920594586797404 off 0.06173203749383475	false	1.0
niedergeschlagen	neg 1.0		__DUMMY__ 0.8720222050146186 neg 0.06899767459336559 off 0.058980120392015695	false	1.0
terrorisieren	off 1.0	off 1.0	off 0.5131310906240872 __DUMMY__ 0.43382715841110797 neg 0.053041750964804735	false	1.0
sinnlosigkeit	neg 1.0		__DUMMY__ 0.8712780593746899 neg 0.07007595312525791 off 0.05864598750005209	false	1.0
behindern	neg 1.0		__DUMMY__ 0.871273909530501 neg 0.06921663132375477 off 0.05950945914574422	false	1.0
undemokratisch	neg 1.0		__DUMMY__ 0.8700065767481339 neg 0.06841274698549618 off 0.061580676266369996	false	1.0
wirtschaftskrise	neg 1.0		__DUMMY__ 0.8695941553310688 neg 0.0730626350232083 off 0.05734320964572295	false	1.0
neid	neg 1.0		__DUMMY__ 0.871703995437759 neg 0.06417736025911602 off 0.06411864430312494	false	1.0
rutschen	neg 1.0		__DUMMY__ 0.8808689783461997 neg 0.06716383098148489 off 0.05196719067231546	false	1.0
rezession	neg 1.0		__DUMMY__ 0.8590220077495913 neg 0.07188547530255587 off 0.0690925169478528	false	1.0
fehlgeburt	neg 1.0		__DUMMY__ 0.8703863115183339 neg 0.06781459426268525 off 0.06179909421898087	false	1.0
charakterschwach	off 1.0		__DUMMY__ 0.8655070305627606 neg 0.06755089953609796 off 0.06694206990114146	false	0.5
isolation	neg 1.0		__DUMMY__ 0.8694770120364083 neg 0.06664422718306102 off 0.06387876078053063	false	1.0
ablenkung	neg 1.0		__DUMMY__ 0.8732783499715882 neg 0.06620809747994229 off 0.06051355254846958	false	1.0
pech	neg 1.0		__DUMMY__ 0.86989310008925 neg 0.0663849998497595 off 0.0637219000609905	false	1.0
vermeidung	neg 1.0		__DUMMY__ 0.8664045908377642 neg 0.06716887043866854 off 0.06642653872356721	false	1.0
dominieren	neg 1.0		__DUMMY__ 0.8729345981754081 neg 0.07042871488703409 off 0.05663668693755788	false	1.0
schwindlig	neg 1.0		__DUMMY__ 0.8711486745206228 neg 0.06673108209522668 off 0.06212024338415049	false	1.0
lutscher	neg 1.0	neg 1.0	neg 0.5200320792923617 __DUMMY__ 0.4229782553670854 off 0.05698966534055291	false	1.0
pflicht	neg 1.0		__DUMMY__ 0.873338544500437 neg 0.07132459570718902 off 0.055336859792373884	false	1.0
faschist	off 1.0		__DUMMY__ 0.8689799289566952 neg 0.06703717441736924 off 0.06398289662593547	false	0.5
verschleudern	neg 1.0		__DUMMY__ 0.8734992808250504 neg 0.07035512234576365 off 0.05614559682918595	false	1.0
wenn			__DUMMY__ 0.8686889940462017 neg 0.06668854202091797 off 0.06462246393288028	false	0.0
ehebruch	neg 1.0		__DUMMY__ 0.871598620352573 neg 0.07085545546142157 off 0.05754592418600547	false	1.0
spott	off 1.0		__DUMMY__ 0.8720431028614998 neg 0.07079690464350029 off 0.05715999249499983	false	0.5
trostlosigkeit	neg 1.0		__DUMMY__ 0.8736329032985247 neg 0.07185235317495436 off 0.054514743526520915	false	1.0
lutschen	neg 1.0		__DUMMY__ 0.8655782065768814 neg 0.07040322305323674 off 0.06401857036988176	false	1.0
undiszipliniert	neg 1.0		__DUMMY__ 0.8662265993435989 off 0.0681055252404583 neg 0.06566787541594282	false	0.5
kopfschmerz	neg 1.0		__DUMMY__ 0.8690981844294657 neg 0.07296308285222908 off 0.05793873271830524	false	1.0
unvorhergesehen	neg 1.0		__DUMMY__ 0.8776381906592438 neg 0.06701268511071039 off 0.05534912423004591	false	1.0
desinteressiert	neg 1.0	neg 1.0	neg 0.5205509335280831 __DUMMY__ 0.4281321175309191 off 0.05131694894099788	false	1.0
armselig	off 1.0		__DUMMY__ 0.8638282817214097 off 0.06900299031598223 neg 0.06716872796260814	false	1.0
desaster	neg 1.0		__DUMMY__ 0.8754230733497721 neg 0.07098333429679919 off 0.05359359235342873	false	1.0
tod	neg 1.0		__DUMMY__ 0.8721140747242937 neg 0.07075499214884622 off 0.05713093312685998	false	1.0
herzlos	neg 1.0		__DUMMY__ 0.8652216898733467 off 0.06877529830192046 neg 0.06600301182473282	false	0.5
unwissenheit	neg 1.0		__DUMMY__ 0.8707846948467012 neg 0.07087835886658748 off 0.058336946286711384	false	1.0
widersinnig	neg 1.0		__DUMMY__ 0.8694257845529086 neg 0.07202733187673127 off 0.05854688357036002	false	1.0
bedenklich	neg 1.0		__DUMMY__ 0.8717521017506414 neg 0.07074827021539801 off 0.05749962803396064	false	1.0
beanstanden	neg 1.0		__DUMMY__ 0.874754301147857 neg 0.07030525557070298 off 0.05494044328143998	false	1.0
panisch	neg 1.0	neg 1.0	neg 0.5190359544356155 __DUMMY__ 0.4336374112080528 off 0.04732663435633161	false	1.0
debil	off 1.0		__DUMMY__ 0.8793775923699187 neg 0.07142647480490157 off 0.049195932825179756	false	0.5
abstrich	neg 1.0		__DUMMY__ 0.8759575194730471 neg 0.06568645129169237 off 0.05835602923526055	false	1.0
primitiv	neg 1.0		__DUMMY__ 0.8655654212753049 off 0.06728149670399569 neg 0.06715308202069944	false	0.5
abschaum	off 1.0	off 1.0	off 0.519999167841585 __DUMMY__ 0.428188694373204 neg 0.05181213778521107	false	1.0
provozieren	neg 1.0		__DUMMY__ 0.8681086845942734 neg 0.07030155292945936 off 0.06158976247626733	false	1.0
tot	neg 1.0		__DUMMY__ 0.8720268056896536 neg 0.07055091084160212 off 0.057422283468744256	false	1.0
instabil	neg 1.0		__DUMMY__ 0.8644896687576575 off 0.06822307230434928 neg 0.06728725893799317	false	0.5
schwuchtel	off 1.0	off 1.0	off 0.5297140298307063 __DUMMY__ 0.4196165264044047 neg 0.050669443764889	false	1.0
zerren	neg 1.0		__DUMMY__ 0.871992936418829 neg 0.06942810299864656 off 0.05857896058252446	false	1.0
kinderficker	off 1.0		__DUMMY__ 0.863687827155937 off 0.07150517819157448 neg 0.0648069946524885	false	1.0
gefahr	neg 1.0		__DUMMY__ 0.8752178318015095 neg 0.07003159136242829 off 0.05475057683606226	false	1.0
rabiat	neg 1.0		__DUMMY__ 0.8709848783043425 neg 0.06832270085416148 off 0.06069242084149601	false	1.0
verlangsamung	neg 1.0		__DUMMY__ 0.8577860683403371 off 0.07302499790770493 neg 0.06918893375195796	false	0.5
ausgestorben	neg 1.0		__DUMMY__ 0.8720056539925602 neg 0.06767198705135585 off 0.060322358956083844	false	1.0
anklagen	neg 1.0		__DUMMY__ 0.8711104891044927 neg 0.07120954382413106 off 0.05767996707137621	false	1.0
trott	neg 1.0		__DUMMY__ 0.87119537209047 neg 0.06890350777821354 off 0.059901120131316474	false	1.0
verminderung	neg 1.0		__DUMMY__ 0.8668472566445489 off 0.0667741146785211 neg 0.06637862867692997	false	0.5
nach			__DUMMY__ 0.8817060848763922 neg 0.06734548645311782 off 0.05094842867048989	false	0.0
rost	neg 1.0		__DUMMY__ 0.8620268833083232 off 0.07156151244585934 neg 0.0664116042458174	false	0.5
destruktiv	neg 1.0		__DUMMY__ 0.8699709035146156 neg 0.06959487096921893 off 0.060434225516165486	false	1.0
unzumutbarkeit	neg 1.0		__DUMMY__ 0.867559395877121 neg 0.06686079451314815 off 0.0655798096097308	false	1.0
labil	off 1.0	off 1.0	off 0.519377782905359 __DUMMY__ 0.42882699205358255 neg 0.05179522504105859	false	1.0
ziemlich	neg 1.0		__DUMMY__ 0.8694948462362563 off 0.06615640632118877 neg 0.0643487474425549	false	0.5
lachnummer	off 1.0		__DUMMY__ 0.8694076056410736 neg 0.06934806429311452 off 0.06124433006581195	false	0.5
oder			__DUMMY__ 0.8728476428881241 neg 0.06602148924553977 off 0.061130867866336085	false	0.0
verfall	neg 1.0		__DUMMY__ 0.8763246183325066 neg 0.07247923574791854 off 0.05119614591957481	false	1.0
ausgrenzung	neg 1.0		__DUMMY__ 0.8694388161963159 neg 0.06842134457573369 off 0.06213983922795043	false	1.0
unordnung	neg 1.0		__DUMMY__ 0.8681066678812033 off 0.06790075528792786 neg 0.06399257683086894	false	0.5
fehlverhalten	neg 1.0		__DUMMY__ 0.8715432294233095 neg 0.07251738680989764 off 0.0559393837667928	false	1.0
eine			__DUMMY__ 0.8767051177500934 neg 0.06820884380832615 off 0.05508603844158049	false	0.0
nille	neg 1.0		__DUMMY__ 0.8718824142956182 neg 0.06807996174144232 off 0.060037623962939435	false	1.0
qual	neg 1.0		__DUMMY__ 0.8716039134844464 neg 0.06885159087465839 off 0.0595444956408952	false	1.0
verschwenden	neg 1.0		__DUMMY__ 0.871582624511052 neg 0.07169325666467519 off 0.05672411882427276	false	1.0
riesig	neg 1.0		__DUMMY__ 0.8733058137934392 neg 0.06991109599281933 off 0.056783090213741484	false	1.0
verurteilen	neg 1.0		__DUMMY__ 0.869754302262013 neg 0.07190096232558658 off 0.058344735412400435	false	1.0
klischee	neg 1.0	neg 1.0	neg 0.522080523051619 __DUMMY__ 0.4291711998469267 off 0.048748277101454296	false	1.0
diktatorisch	neg 1.0		__DUMMY__ 0.8686856580141818 neg 0.06954524966646851 off 0.061769092319349635	false	1.0
vorhersehbar	neg 1.0		__DUMMY__ 0.8672022020366313 neg 0.0689792598481555 off 0.06381853811521312	false	1.0
sowie			__DUMMY__ 0.8613453453272994 off 0.07073507872410414 neg 0.0679195759485963	false	0.0
stornieren	neg 1.0		__DUMMY__ 0.8766848659812851 off 0.06206352721401062 neg 0.06125160680470417	false	0.5
besteuerung	neg 1.0		__DUMMY__ 0.8659203407248884 neg 0.07325240802837954 off 0.060827251246731974	false	1.0
ungeschminkt	neg 1.0		__DUMMY__ 0.8614562272350086 neg 0.07202856696744869 off 0.06651520579754273	false	1.0
kritisch	neg 1.0		__DUMMY__ 0.8725950975828828 neg 0.07010316148663341 off 0.05730174093048387	false	1.0
schlamperei	off 1.0		__DUMMY__ 0.8742572049185369 neg 0.06980776273991669 off 0.05593503234154649	false	0.5
sucht	neg 1.0	neg 1.0	neg 0.5182967443048442 __DUMMY__ 0.43599252301881103 off 0.045710732676344734	false	1.0
egoistisch	off 1.0		__DUMMY__ 0.86206276585048 off 0.07159698929453864 neg 0.06634024485498136	false	1.0
ausbeuter	off 1.0		__DUMMY__ 0.8708698764425117 neg 0.07319605045949845 off 0.0559340730979898	false	0.5
arschgeburt	off 1.0		__DUMMY__ 0.8521880871934102 off 0.07907233505654225 neg 0.06873957775004749	false	1.0
schubs	neg 1.0		__DUMMY__ 0.8729812293112854 neg 0.06892202990143086 off 0.058096740787283774	false	1.0
unsolide	neg 1.0		__DUMMY__ 0.8676629898689628 neg 0.07002240194014976 off 0.062314608190887424	false	1.0
beschwerde	neg 1.0		__DUMMY__ 0.8716499334999466 neg 0.07169293625141109 off 0.056657130248642315	false	1.0
stocken	neg 1.0		__DUMMY__ 0.8727833034614507 neg 0.0710599199326716 off 0.05615677660587768	false	1.0
isolieren	neg 1.0		__DUMMY__ 0.8730530819746499 neg 0.06927942500066636 off 0.05766749302468369	false	1.0
unheilbar	neg 1.0		__DUMMY__ 0.8713343975306063 neg 0.06774924673762059 off 0.06091635573177307	false	1.0
pisser	off 1.0		__DUMMY__ 0.8618864545232197 neg 0.06972423110075275 off 0.06838931437602759	false	0.5
löschen	neg 1.0		__DUMMY__ 0.8707685686636166 neg 0.06896942179769204 off 0.060262009538691375	false	1.0
durchfallen	neg 1.0		__DUMMY__ 0.8711030745525847 neg 0.07103302446705446 off 0.057863900980360795	false	1.0
wichser	off 1.0	off 1.0	off 0.5275768913184955 __DUMMY__ 0.4227223382922577 neg 0.049700770389246814	false	1.0
terror	neg 1.0		__DUMMY__ 0.8699294454269669 neg 0.06694105922838327 off 0.06312949534464986	false	1.0
krass	neg 1.0		__DUMMY__ 0.8636777595053552 off 0.06910334876425231 neg 0.06721889173039243	false	0.5
revolte	neg 1.0		__DUMMY__ 0.8682105825031983 neg 0.0693121323503802 off 0.062477285146421535	false	1.0
besorgt	neg 1.0		__DUMMY__ 0.8759584035531659 neg 0.0653963295442778 off 0.058645266902556364	false	1.0
nachlassen	neg 1.0		__DUMMY__ 0.8759008871179382 neg 0.0682736105365528 off 0.055825502345508926	false	1.0
alt	neg 1.0		__DUMMY__ 0.8712302553146509 neg 0.07129196294630477 off 0.05747778173904429	false	1.0
hundesohn	off 1.0		__DUMMY__ 0.8573353502748973 off 0.07571829098520882 neg 0.06694635873989396	false	1.0
als			__DUMMY__ 0.8734978519097528 neg 0.0679935469017249 off 0.058508601188522254	false	0.0
abschreckung	neg 1.0		__DUMMY__ 0.87395703366774 neg 0.07128033613082856 off 0.05476263020143149	false	1.0
unqualifiziert	neg 1.0		__DUMMY__ 0.8669907718440264 neg 0.0682853261476977 off 0.06472390200827587	false	1.0
abgewichst	off 1.0		__DUMMY__ 0.8729576598000071 neg 0.06776902471705455 off 0.05927331548293831	false	0.5
schwer	neg 1.0		__DUMMY__ 0.8708947910505063 neg 0.06907259055288777 off 0.06003261839660598	false	1.0
bedeutungslosigkeit	neg 1.0		__DUMMY__ 0.8732433839505787 neg 0.07098379996919307 off 0.055772816080228306	false	1.0
kapitulation	neg 1.0		__DUMMY__ 0.8727331114065005 neg 0.0703065539282225 off 0.05696033466527712	false	1.0
unscharf	neg 1.0		__DUMMY__ 0.8669862261351854 neg 0.070678018840275 off 0.062335755024539696	false	1.0
schwinden	neg 1.0		__DUMMY__ 0.8730874535276584 neg 0.071564038313085 off 0.05534850815925667	false	1.0
versklavung	neg 1.0		__DUMMY__ 0.8693800803199395 neg 0.06937392948653316 off 0.06124599019352732	false	1.0
schlecht	neg 1.0		__DUMMY__ 0.869510698339434 off 0.06639239080720782 neg 0.0640969108533582	false	0.5
verhasst	neg 1.0		__DUMMY__ 0.8665727678764953 neg 0.071283796220261 off 0.06214343590324366	false	1.0
beschweren	neg 1.0		__DUMMY__ 0.8705184583677446 neg 0.06694918381045502 off 0.06253235782180043	false	1.0
scheiden	neg 1.0		__DUMMY__ 0.8738813993755948 neg 0.06620800592066726 off 0.059910594703737934	false	1.0
frustriert	neg 1.0		__DUMMY__ 0.87084049023556 neg 0.0699011942018687 off 0.05925831556257126	false	1.0
schimmelig	neg 1.0		__DUMMY__ 0.868487324410582 neg 0.07435662889532307 off 0.05715604669409507	false	1.0
fisch	neg 1.0		__DUMMY__ 0.8717341652761045 neg 0.0740203845830386 off 0.05424545014085691	false	1.0
schmuggel	neg 1.0		__DUMMY__ 0.871360097633033 neg 0.07270591265875374 off 0.05593398970821323	false	1.0
auffallen	neg 1.0		__DUMMY__ 0.869827511913082 neg 0.06693015038936417 off 0.06324233769755377	false	1.0
konkurrenz	neg 1.0		__DUMMY__ 0.8758253858097871 neg 0.06972492204277876 off 0.05444969214743417	false	1.0
teufelskreis	neg 1.0	neg 1.0	neg 0.5240807325788458 __DUMMY__ 0.430230891888043 off 0.04568837553311114	false	1.0
aufschreien	neg 1.0		__DUMMY__ 0.8680958164187632 neg 0.068522096172296 off 0.06338208740894072	false	1.0
schuldner	neg 1.0		__DUMMY__ 0.8712510551034862 neg 0.07363537584843911 off 0.055113569048074754	false	1.0
missgeburt	off 1.0	off 1.0	off 0.5246407499056127 __DUMMY__ 0.421953792217165 neg 0.05340545787722227	false	1.0
arbeitslos	neg 1.0		__DUMMY__ 0.870690224406592 neg 0.07104214606625908 off 0.05826762952714879	false	1.0
befallen	neg 1.0		__DUMMY__ 0.8678994544191345 neg 0.07321078257467538 off 0.05888976300619008	false	1.0
miesepetrig	off 1.0	off 1.0	off 0.5196798281186918 __DUMMY__ 0.43038279275008756 neg 0.04993737913122063	false	1.0
alarmieren	neg 1.0		__DUMMY__ 0.8644002384621974 neg 0.07070083675101661 off 0.06489892478678605	false	1.0
ungeduscht	off 1.0		__DUMMY__ 0.8653346214223342 neg 0.07052644730593201 off 0.06413893127173383	false	0.5
knappheit	neg 1.0		__DUMMY__ 0.8700198621896424 neg 0.07238019621965511 off 0.057599941590702475	false	1.0
schlange	neg 1.0		__DUMMY__ 0.8735676973127201 neg 0.06467073331254176 off 0.0617615693747382	false	1.0
harsch	neg 1.0		__DUMMY__ 0.8656193172024805 off 0.0701724335822909 neg 0.06420824921522854	false	0.5
lang	neg 1.0		__DUMMY__ 0.8708339670302803 neg 0.0680526287164523 off 0.06111340425326745	false	1.0
ziellos	neg 1.0		__DUMMY__ 0.8747243224997735 neg 0.06796922895737428 off 0.057306448542852224	false	1.0
selbstverliebt	neg 1.0		__DUMMY__ 0.8566266947398 off 0.0767296214841116 neg 0.06664368377608842	false	0.5
beseitigen	neg 1.0		__DUMMY__ 0.8725374228678884 neg 0.06863769409214432 off 0.05882488303996735	false	1.0
dumm	off 1.0		__DUMMY__ 0.8628203201253016 off 0.07216455579658203 neg 0.0650151240781164	false	1.0
arbeitsloser	neg 1.0		__DUMMY__ 0.874123637662033 neg 0.06757134018808951 off 0.05830502214987749	false	1.0
blitzen	neg 1.0		__DUMMY__ 0.8697212759913792 neg 0.06673842767081058 off 0.06354029633781025	false	1.0
hilflos	neg 1.0		__DUMMY__ 0.8703693255478383 neg 0.07090759350790742 off 0.0587230809442542	false	1.0
eklig	off 1.0		__DUMMY__ 0.858967507057608 off 0.07269504024730974 neg 0.06833745269508208	false	1.0
begriff			__DUMMY__ 0.8716305502915475 neg 0.06842505084327066 off 0.05994439886518188	false	0.0
hungersnot	neg 1.0		__DUMMY__ 0.8707907826672889 neg 0.07126040452230153 off 0.05794881281040951	false	1.0
ungesetzlich	neg 1.0		__DUMMY__ 0.8678413127145533 neg 0.0705125738992577 off 0.061646113386188986	false	1.0
verschwendung	neg 1.0		__DUMMY__ 0.8727479114546617 neg 0.07090865452594623 off 0.05634343401939208	false	1.0
schmerzvoll	neg 1.0		__DUMMY__ 0.8695366758605579 neg 0.06832420495064215 off 0.062139119188799906	false	1.0
vorzeitig	neg 1.0		__DUMMY__ 0.86786923130815 neg 0.0691261180221512 off 0.06300465066969879	false	1.0
unvollkommenheit	neg 1.0		__DUMMY__ 0.8762143482504857 neg 0.06646234534471636 off 0.057323306404798005	false	1.0
intervenieren	neg 1.0		__DUMMY__ 0.8720334572012168 neg 0.07164469369790882 off 0.05632184910087435	false	1.0
banause	off 1.0		__DUMMY__ 0.8552449768352713 off 0.0751916386696909 neg 0.06956338449503778	false	1.0
rebell	neg 1.0		__DUMMY__ 0.8741058328572009 neg 0.07358704558983528 off 0.05230712155296386	false	1.0
unlogisch	neg 1.0		__DUMMY__ 0.8645447432219278 off 0.06862888664262562 neg 0.06682637013544655	false	0.5
leiden	neg 1.0		__DUMMY__ 0.8771609303567524 neg 0.06796598635696945 off 0.054873083286278164	false	1.0
abschaffung	neg 1.0		__DUMMY__ 0.8706772644491808 neg 0.06857478274310767 off 0.06074795280771151	false	1.0
sturz	neg 1.0		__DUMMY__ 0.8699093427887101 neg 0.06979224223697768 off 0.06029841497431219	false	1.0
verkleinerung	neg 1.0		__DUMMY__ 0.866376451882697 neg 0.07020066923296603 off 0.063422878884337	false	1.0
schmarotzer	off 1.0		__DUMMY__ 0.8700849943016838 neg 0.07082404003674696 off 0.05909096566156923	false	0.5
bestrafung	neg 1.0		__DUMMY__ 0.8693563944790591 neg 0.06910333267958196 off 0.0615402728413589	false	1.0
achtlos	neg 1.0	neg 1.0	neg 0.5218467053297079 __DUMMY__ 0.4328724214499994 off 0.04528087322029277	false	1.0
ungeheuer	neg 1.0		__DUMMY__ 0.8694519138821243 neg 0.0679416345344188 off 0.0626064515834569	false	1.0
unaufrichtig	neg 1.0		__DUMMY__ 0.8729254745296784 neg 0.0635381063445118 off 0.06353641912580976	false	1.0
groggy	neg 1.0		__DUMMY__ 0.8687424752920402 neg 0.0676430966224923 off 0.06361442808546754	false	1.0
