unsolidarisch	neg 1.0		neg 0.5016402614471975 off 0.43325871803967525 __DUMMY__ 0.06510102051312733	false	1.0
nachteilig	neg 1.0		neg 0.5036251032330943 off 0.43066273752376355 __DUMMY__ 0.06571215924314212	false	1.0
skeptisch	neg 1.0		neg 0.5043208857543153 off 0.42994471966013675 __DUMMY__ 0.0657343945855478	false	1.0
schrecklich	neg 1.0		neg 0.48941609426912125 off 0.4457636912596602 __DUMMY__ 0.06482021447121868	false	1.0
schlapp	neg 1.0		neg 0.49317533224304516 off 0.44170884339869143 __DUMMY__ 0.06511582435826341	false	1.0
abfall	neg 1.0		neg 0.5070198116293425 off 0.4268826256977482 __DUMMY__ 0.06609756267290928	false	1.0
widerspenstig	neg 1.0		neg 0.4990087120667985 off 0.4355972516828095 __DUMMY__ 0.06539403625039214	false	1.0
abrupt	neg 1.0		neg 0.5032493043061242 off 0.43101273995662215 __DUMMY__ 0.06573795573725366	false	1.0
unwirksam	neg 1.0		neg 0.5021537388080441 off 0.4328475543846378 __DUMMY__ 0.0649987068073182	false	1.0
angreifen	neg 1.0		neg 0.5059095652559094 off 0.42856690807065173 __DUMMY__ 0.06552352667343893	false	1.0
inkonsistent	neg 1.0		neg 0.5011668725627424 off 0.4339187832488595 __DUMMY__ 0.06491434418839805	false	1.0
abrutschen	neg 1.0		neg 0.5074918175935341 off 0.4265906083386986 __DUMMY__ 0.06591757406776741	false	1.0
unsicher	neg 1.0		neg 0.4974408159772072 off 0.4368472236250541 __DUMMY__ 0.06571196039773879	false	1.0
bauernkind	off 1.0	off 1.0	off 0.7051171247503634 neg 0.26471355218852016 __DUMMY__ 0.03016932306111642	false	1.0
angreifer	neg 1.0	neg 1.0	neg 0.7358908378658285 off 0.23307183584407118 __DUMMY__ 0.031037326290100337	false	1.0
trennen	neg 1.0		neg 0.5032349114546191 off 0.4307857147058 __DUMMY__ 0.06597937383958088	false	1.0
schmutz	neg 1.0		neg 0.4970602496881421 off 0.4375004951396237 __DUMMY__ 0.06543925517223433	false	1.0
inkonsistenz	neg 1.0		neg 0.49677125863474364 off 0.4386372044750071 __DUMMY__ 0.06459153689024935	false	1.0
erschreckend	neg 1.0		neg 0.5007229252448464 off 0.4339104714856485 __DUMMY__ 0.06536660326950502	false	1.0
ertrinken	neg 1.0		neg 0.5060266136213107 off 0.428554009019491 __DUMMY__ 0.06541937735919842	false	1.0
pickelface	off 1.0		neg 0.5007076187517524 off 0.43386654508220246 __DUMMY__ 0.0654258361660451	false	0.5
seiner			neg 0.5040591356123291 off 0.43022816079132714 __DUMMY__ 0.06571270359634393	false	0.0
lauch	neg 1.0		neg 0.5070239438371515 off 0.4270820186935145 __DUMMY__ 0.06589403746933394	false	1.0
unwichtig	neg 1.0		neg 0.49468011662062056 off 0.44032349165697976 __DUMMY__ 0.06499639172239961	false	1.0
steuerhinterziehung	neg 1.0	neg 1.0	neg 0.7387550805980437 off 0.23015184282634946 __DUMMY__ 0.03109307657560681	false	1.0
schock	neg 1.0		neg 0.5007574903993387 off 0.43383192952784183 __DUMMY__ 0.0654105800728193	false	1.0
beule	neg 1.0		neg 0.4943999048287058 off 0.44087172260465873 __DUMMY__ 0.06472837256663545	false	1.0
vergelten	neg 1.0		neg 0.4892123706359169 off 0.44563558661822433 __DUMMY__ 0.06515204274585877	false	1.0
verdorbenheit	neg 1.0		neg 0.4970449017544546 off 0.43732899567602834 __DUMMY__ 0.06562610256951704	false	1.0
trauma	neg 1.0		neg 0.4986929774954125 off 0.43599976034724175 __DUMMY__ 0.06530726215734582	false	1.0
sinnlos	neg 1.0		neg 0.49657061778503025 off 0.43810070823826974 __DUMMY__ 0.06532867397669999	false	1.0
fettsack	off 1.0	off 1.0	off 0.7065496921064516 neg 0.2631642817617038 __DUMMY__ 0.030286026131844595	false	1.0
feige	off 1.0	off 1.0	off 0.7043474174046586 neg 0.26494816576659036 __DUMMY__ 0.030704416828751007	false	1.0
abdanken	neg 1.0		neg 0.5010523998314582 off 0.4336183387856247 __DUMMY__ 0.065329261382917	false	1.0
wichtigtuer	off 1.0	off 1.0	off 0.7035943485369263 neg 0.26548682167750015 __DUMMY__ 0.03091882978557355	false	1.0
misslingen	neg 1.0		neg 0.49453253034975825 off 0.439422710952685 __DUMMY__ 0.0660447586975567	false	1.0
untreu	off 1.0		neg 0.4939005015579311 off 0.44109512080195684 __DUMMY__ 0.065004377640112	false	0.5
missmutig	neg 1.0		neg 0.4946157147128734 off 0.44031724067671235 __DUMMY__ 0.06506704461041421	false	1.0
hurenbock	off 1.0		neg 0.4983985472242115 off 0.43645222429014624 __DUMMY__ 0.06514922848564224	false	0.5
betrunken	neg 1.0		neg 0.4917443482864124 off 0.44329257093323704 __DUMMY__ 0.06496308078035047	false	1.0
korrupt	off 1.0		neg 0.5044707339084381 off 0.43035771468957884 __DUMMY__ 0.06517155140198294	false	0.5
unmut	neg 1.0		neg 0.506953536610551 off 0.42706107231186463 __DUMMY__ 0.0659853910775845	false	1.0
hackfresse	off 1.0		neg 0.4873519549207214 off 0.4483147850231602 __DUMMY__ 0.06433326005611849	false	0.5
aufblasen	neg 1.0		neg 0.496598546307581 off 0.43799378163771224 __DUMMY__ 0.0654076720547069	false	1.0
gewaltsam	neg 1.0		neg 0.5027756778266571 off 0.4319666868317272 __DUMMY__ 0.06525763534161584	false	1.0
unbeliebtheit	neg 1.0		neg 0.4980872345386415 off 0.43721151515768014 __DUMMY__ 0.06470125030367846	false	1.0
sturheit	neg 1.0		neg 0.5021546499254201 off 0.43254990335321686 __DUMMY__ 0.06529544672136306	false	1.0
kuh	neg 1.0		neg 0.5011993822910185 off 0.434259921611087 __DUMMY__ 0.06454069609789448	false	1.0
erschrecken	neg 1.0		neg 0.4938663161674815 off 0.4408842144263997 __DUMMY__ 0.06524946940611882	false	1.0
opfer	neg 1.0		neg 0.5032407372134496 off 0.4311560977412994 __DUMMY__ 0.06560316504525093	false	1.0
sinken	neg 1.0		neg 0.5064395269470112 off 0.4276294866695647 __DUMMY__ 0.06593098638342419	false	1.0
stinktier	neg 1.0		neg 0.49536242250238555 off 0.44088274698015845 __DUMMY__ 0.06375483051745608	false	1.0
tucke	off 1.0		neg 0.4891371992500773 off 0.4470451740811028 __DUMMY__ 0.06381762666881977	false	0.5
ein			neg 0.49826324617292767 off 0.4364138858161384 __DUMMY__ 0.06532286801093382	false	0.0
abstieg	neg 1.0		neg 0.5052112293330204 off 0.4292378640333754 __DUMMY__ 0.0655509066336041	false	1.0
missverstehen	neg 1.0		neg 0.49706848965758504 off 0.4378742891570594 __DUMMY__ 0.06505722118535553	false	1.0
ergebnislos	neg 1.0		neg 0.504879329191919 off 0.429448589040454 __DUMMY__ 0.06567208176762696	false	1.0
unter			neg 0.509605262322423 off 0.4237622182338303 __DUMMY__ 0.06663251944374667	false	0.0
manipulieren	neg 1.0		neg 0.5044086335950709 off 0.429774314368874 __DUMMY__ 0.06581705203605502	false	1.0
unbewiesen	neg 1.0		neg 0.5025584666326137 off 0.43247266040811766 __DUMMY__ 0.06496887295926858	false	1.0
verschleppen	neg 1.0		neg 0.5047040341401231 off 0.4299696240961947 __DUMMY__ 0.06532634176368214	false	1.0
weib	off 1.0		neg 0.49155943104870253 off 0.44488369909429476 __DUMMY__ 0.0635568698570028	false	0.5
opposition	neg 1.0		neg 0.4995854339879708 off 0.4353956502050827 __DUMMY__ 0.06501891580694658	false	1.0
verkehrswidrig	neg 1.0		neg 0.48801916626227076 off 0.44689011009539537 __DUMMY__ 0.06509072364233377	false	1.0
inkorrekt	neg 1.0		neg 0.4922701879590531 off 0.4431749174774891 __DUMMY__ 0.06455489456345775	false	1.0
vermeiden	neg 1.0	neg 1.0	neg 0.7402224528306596 off 0.22811955762637048 __DUMMY__ 0.031657989542969896	false	1.0
abweichung	neg 1.0	neg 1.0	neg 0.7372236638573305 off 0.2313501560194957 __DUMMY__ 0.031426180123173816	false	1.0
alkoholisiert	neg 1.0		neg 0.5034485151200178 off 0.43079194719310043 __DUMMY__ 0.06575953768688186	false	1.0
scheiss	off 1.0	off 1.0	off 0.7050518064956249 neg 0.26420298045847634 __DUMMY__ 0.03074521304589866	false	1.0
herausforderung	neg 1.0		neg 0.5028052876567378 off 0.4312317528516885 __DUMMY__ 0.0659629594915737	false	1.0
pervers	off 1.0		neg 0.4855445952578053 off 0.4505934919143993 __DUMMY__ 0.06386191282779535	false	0.5
wackelig	neg 1.0		neg 0.49799748174676006 off 0.4359617864345939 __DUMMY__ 0.06604073181864611	false	1.0
verwickeln	neg 1.0		neg 0.4974271497025843 off 0.4374478682781242 __DUMMY__ 0.06512498201929161	false	1.0
vorwand	neg 1.0		neg 0.505458088950894 off 0.42885934825465016 __DUMMY__ 0.06568256279445576	false	1.0
muschi	off 1.0		neg 0.5004541338229929 off 0.4341124120366646 __DUMMY__ 0.06543345414034264	false	0.5
entmutigung	neg 1.0		neg 0.4991370447742925 off 0.4356673393492963 __DUMMY__ 0.06519561587641114	false	1.0
unangemessen	neg 1.0		neg 0.5023780194506502 off 0.4323273861428849 __DUMMY__ 0.06529459440646478	false	1.0
unstetig	neg 1.0		neg 0.4968030073478815 off 0.43800236171716234 __DUMMY__ 0.06519463093495613	false	1.0
entmutigen	neg 1.0		neg 0.4981093264715232 off 0.4365143075741196 __DUMMY__ 0.06537636595435731	false	1.0
schwanz	neg 1.0		neg 0.5034458879273566 off 0.4310300550089694 __DUMMY__ 0.06552405706367402	false	1.0
verbot	neg 1.0		neg 0.5033792105389089 off 0.431179943470758 __DUMMY__ 0.06544084599033301	false	1.0
leid	neg 1.0		neg 0.489216302125147 off 0.4463006753925429 __DUMMY__ 0.06448302248231014	false	1.0
archaisch	neg 1.0		neg 0.5018214854831299 off 0.43283978132462547 __DUMMY__ 0.06533873319224465	false	1.0
gegen			neg 0.5067722885337953 off 0.427348957304607 __DUMMY__ 0.06587875416159765	false	0.0
scheidung	neg 1.0		neg 0.47794912079034857 off 0.4579155284309982 __DUMMY__ 0.06413535077865325	false	1.0
einschlag	neg 1.0		neg 0.4913288635995245 off 0.44385012102903154 __DUMMY__ 0.06482101537144398	false	1.0
m			neg 0.5007757492676137 off 0.4335145005675828 __DUMMY__ 0.06570975016480339	false	0.0
abgestanden	neg 1.0		neg 0.5006119070858395 off 0.43435006407795146 __DUMMY__ 0.06503802883620904	false	1.0
schmierig	off 1.0		neg 0.4892503235627912 off 0.4460982233891163 __DUMMY__ 0.06465145304809258	false	0.5
unpraktisch	neg 1.0		neg 0.4972118954014447 off 0.43742926761745676 __DUMMY__ 0.06535883698109848	false	1.0
wixxer	off 1.0		neg 0.48705526098412844 off 0.4493526763343737 __DUMMY__ 0.06359206268149788	false	0.5
bezeichnet			neg 0.5013337036651443 off 0.4335816148538206 __DUMMY__ 0.06508468148103494	false	0.0
jammerlappen	off 1.0		neg 0.4932105809817628 off 0.4415699449786065 __DUMMY__ 0.06521947403963065	false	0.5
farce	neg 1.0		neg 0.5032311918194043 off 0.4315306642632877 __DUMMY__ 0.06523814391730796	false	1.0
zwecklos	neg 1.0		neg 0.5025742401904549 off 0.43207644100016684 __DUMMY__ 0.06534931880937829	false	1.0
turbulent	neg 1.0		neg 0.4951505052811736 off 0.4402548955115919 __DUMMY__ 0.06459459920723457	false	1.0
invasion	neg 1.0		neg 0.4975077323614131 off 0.4372599110310125 __DUMMY__ 0.06523235660757447	false	1.0
schuld	neg 1.0		neg 0.49907306327352124 off 0.43573484256679884 __DUMMY__ 0.06519209415968001	false	1.0
risiko	neg 1.0	neg 1.0	neg 0.7352510911876438 off 0.23353799816139312 __DUMMY__ 0.031210910650963108	false	1.0
finster	neg 1.0		neg 0.49960328281362787 off 0.43536730774842114 __DUMMY__ 0.06502940943795092	false	1.0
geisteskrank	off 1.0		neg 0.4946292653187614 off 0.4407745518314332 __DUMMY__ 0.06459618284980545	false	0.5
zusammenbrechen	neg 1.0		neg 0.5008483968888101 off 0.4335685658805894 __DUMMY__ 0.0655830372306006	false	1.0
ausbeute	neg 1.0		neg 0.4967776799312392 off 0.4366676921721659 __DUMMY__ 0.06655462789659485	false	1.0
hinterhalt	neg 1.0		neg 0.5007122199663944 off 0.43366464805558735 __DUMMY__ 0.06562313197801839	false	1.0
kritik	neg 1.0		neg 0.5036703119779442 off 0.4311139080172459 __DUMMY__ 0.06521578000480992	false	1.0
einschrumpfen	neg 1.0		neg 0.4975676315373287 off 0.437647049468811 __DUMMY__ 0.06478531899386024	false	1.0
riskant	neg 1.0		neg 0.5050784648336196 off 0.4294215182569992 __DUMMY__ 0.0655000169093811	false	1.0
frustrieren	neg 1.0		neg 0.5033498589848373 off 0.4310911527390415 __DUMMY__ 0.06555898827612118	false	1.0
groll	neg 1.0		neg 0.5031884401912571 off 0.43145221818578394 __DUMMY__ 0.065359341622959	false	1.0
gibt			neg 0.50015597602818 off 0.43417198404161106 __DUMMY__ 0.06567203993020913	false	0.0
qualvoll	neg 1.0		neg 0.49680490152856843 off 0.43809651495891455 __DUMMY__ 0.06509858351251702	false	1.0
wackeln	neg 1.0		neg 0.49704420282792255 off 0.43738819813407986 __DUMMY__ 0.06556759903799758	false	1.0
klagen	neg 1.0		neg 0.5067080745344809 off 0.42743778579042974 __DUMMY__ 0.0658541396750894	false	1.0
bankrott	neg 1.0		neg 0.4939890429016589 off 0.4407646861930577 __DUMMY__ 0.06524627090528336	false	1.0
trauern	neg 1.0		neg 0.5034660599198311 off 0.4308542291004716 __DUMMY__ 0.06567971097969715	false	1.0
ablehnung	neg 1.0		neg 0.5035205843550574 off 0.4311836804594299 __DUMMY__ 0.0652957351855127	false	1.0
stur	neg 1.0		neg 0.49858310748860085 off 0.4361949448837868 __DUMMY__ 0.06522194762761228	false	1.0
aufruhr	neg 1.0	neg 1.0	neg 0.7375523982856422 off 0.23133912209257768 __DUMMY__ 0.031108479621780087	false	1.0
melancholie	neg 1.0		neg 0.5029292371662868 off 0.43153486322921414 __DUMMY__ 0.06553589960449906	false	1.0
ist			neg 0.49676952082970444 off 0.43788045202365 __DUMMY__ 0.06535002714664558	false	0.0
torheit	neg 1.0		neg 0.4990081780070154 off 0.4356022541357477 __DUMMY__ 0.06538956785723674	false	1.0
dreckskind	off 1.0		neg 0.49145736752886066 off 0.44459569753826556 __DUMMY__ 0.06394693493287372	false	0.5
umtauschen	neg 1.0		neg 0.49926316832845696 off 0.43527653736013566 __DUMMY__ 0.06546029431140735	false	1.0
zum			neg 0.5045401740632217 off 0.42878287771205037 __DUMMY__ 0.06667694822472797	false	0.0
zersetzen	neg 1.0		neg 0.5062841312015494 off 0.4282212717232606 __DUMMY__ 0.06549459707518997	false	1.0
zur			neg 0.5077829664790784 off 0.42587074571105943 __DUMMY__ 0.06634628780986204	false	0.0
frust	neg 1.0		neg 0.500540323874984 off 0.43382236372305194 __DUMMY__ 0.06563731240196394	false	1.0
unerbittlichkeit	neg 1.0		neg 0.5057674164579379 off 0.42864702466678195 __DUMMY__ 0.06558555887528023	false	1.0
zwei			neg 0.5044936344651128 off 0.42906184357214333 __DUMMY__ 0.0664445219627438	false	0.0
unkorrekt	neg 1.0		neg 0.49054063616713156 off 0.44457324030864576 __DUMMY__ 0.06488612352422271	false	1.0
hexe	off 1.0		neg 0.4987848197363664 off 0.43690305573424193 __DUMMY__ 0.06431212452939161	false	0.5
lasch	neg 1.0		neg 0.4966646673447282 off 0.4384208786447267 __DUMMY__ 0.06491445401054508	false	1.0
rivale	neg 1.0		neg 0.4929568918531939 off 0.4423088066291484 __DUMMY__ 0.0647343015176577	false	1.0
mutlos	off 1.0	off 1.0	off 0.6991285424449604 neg 0.2697611747215003 __DUMMY__ 0.031110282833539425	false	1.0
wirr	off 1.0		neg 0.4923981593241561 off 0.44316675159628804 __DUMMY__ 0.06443508907955589	false	0.5
jahr			neg 0.49907178622632975 off 0.43422426011112114 __DUMMY__ 0.06670395366254897	false	0.0
wird			neg 0.5019220648741016 off 0.43242905987257324 __DUMMY__ 0.06564887525332512	false	0.0
strafbar	neg 1.0		neg 0.5032563855584969 off 0.4310765642731409 __DUMMY__ 0.06566705016836216	false	1.0
erosion	neg 1.0		neg 0.4978673142942316 off 0.4365104304006352 __DUMMY__ 0.06562225530513326	false	1.0
eingehen	neg 1.0		neg 0.5038244387312305 off 0.4306378902673444 __DUMMY__ 0.06553767100142519	false	1.0
faul	off 1.0		neg 0.4943199004417527 off 0.4404912683561564 __DUMMY__ 0.06518883120209085	false	0.5
provisorium	neg 1.0		neg 0.5067961534140893 off 0.4262879010991143 __DUMMY__ 0.06691594548679633	false	1.0
schmerzen	neg 1.0		neg 0.5015141271798261 off 0.43321801511627117 __DUMMY__ 0.06526785770390268	false	1.0
schrumpfen	neg 1.0		neg 0.5100844562725435 off 0.4240023208915438 __DUMMY__ 0.0659132228359126	false	1.0
geistlos	off 1.0		neg 0.49965038195608713 off 0.4356097759034891 __DUMMY__ 0.06473984214042368	false	0.5
fehlkauf	neg 1.0		neg 0.4981249850216038 off 0.43668128411091267 __DUMMY__ 0.0651937308674836	false	1.0
frustrierend	neg 1.0		neg 0.49478109472137655 off 0.4400202764100243 __DUMMY__ 0.06519862886859915	false	1.0
unzufrieden	neg 1.0		neg 0.502364644784175 off 0.43218950920075133 __DUMMY__ 0.06544584601507375	false	1.0
verzweifeln	neg 1.0		neg 0.5001795391161029 off 0.43433250089248243 __DUMMY__ 0.06548795999141471	false	1.0
verzweifelt	neg 1.0	neg 1.0	neg 0.7368194869920798 off 0.2322667531356692 __DUMMY__ 0.030913759872251107	false	1.0
misstrauensantrag	neg 1.0		neg 0.49766763083816695 off 0.4371625005512186 __DUMMY__ 0.06516986861061465	false	1.0
abfallen	neg 1.0		neg 0.4969123087682073 off 0.4375274812798453 __DUMMY__ 0.06556020995194742	false	1.0
fucker	off 1.0		neg 0.49153004864915273 off 0.4436123501764947 __DUMMY__ 0.06485760117435257	false	0.5
ungezogen	neg 1.0		neg 0.4854727459122654 off 0.4504621825807856 __DUMMY__ 0.0640650715069489	false	1.0
irrsinnig	neg 1.0	neg 1.0	neg 0.7364864139378222 off 0.2325448342665792 __DUMMY__ 0.030968751795598652	false	1.0
unfassbar	neg 1.0		neg 0.49215783169310007 off 0.4427275363917126 __DUMMY__ 0.06511463191518736	false	1.0
hart	neg 1.0		neg 0.49600954598620944 off 0.43933646397398934 __DUMMY__ 0.06465399003980109	false	1.0
widerlich	off 1.0		neg 0.4934666246749161 off 0.44176306370713114 __DUMMY__ 0.06477031161795282	false	0.5
fatal	neg 1.0		neg 0.4973876935983825 off 0.43742146747669136 __DUMMY__ 0.06519083892492622	false	1.0
bruch	neg 1.0		neg 0.5060823360826747 off 0.42804189469109766 __DUMMY__ 0.06587576922622775	false	1.0
aushungern	neg 1.0		neg 0.5017196446388731 off 0.4327722607283941 __DUMMY__ 0.06550809463273292	false	1.0
anspannung	neg 1.0		neg 0.5072558852008926 off 0.4264634501309019 __DUMMY__ 0.06628066466820541	false	1.0
von			neg 0.49798450931007243 off 0.4351427845302892 __DUMMY__ 0.06687270615963846	false	0.0
kraftlos	neg 1.0		neg 0.5012435790409198 off 0.43311769049822163 __DUMMY__ 0.0656387304608586	false	1.0
vom			neg 0.5059740368669162 off 0.4270825529669609 __DUMMY__ 0.06694341016612299	false	0.0
grenzdebil	off 1.0		neg 0.49189842413732143 off 0.44302384802278433 __DUMMY__ 0.06507772783989416	false	0.5
vor			neg 0.5038416369362844 off 0.43008472163084877 __DUMMY__ 0.06607364143286695	false	0.0
unterwerfen	neg 1.0		neg 0.5037044789902322 off 0.4307542138243253 __DUMMY__ 0.06554130718544234	false	1.0
versenkung	neg 1.0		neg 0.5013675654103159 off 0.4327538559028795 __DUMMY__ 0.0658785786868045	false	1.0
entziehen	neg 1.0		neg 0.5061648111878112 off 0.42800957206385454 __DUMMY__ 0.0658256167483344	false	1.0
finanzkrise	neg 1.0		neg 0.5038223299614201 off 0.4311813384801797 __DUMMY__ 0.06499633155840023	false	1.0
schimpfend	neg 1.0		neg 0.4977748145815221 off 0.43704818195373973 __DUMMY__ 0.06517700346473816	false	1.0
profan	neg 1.0		neg 0.49694026141090125 off 0.43792508363721 __DUMMY__ 0.06513465495188876	false	1.0
korruption	neg 1.0		neg 0.5040028399889644 off 0.4306003374872405 __DUMMY__ 0.06539682252379508	false	1.0
â			neg 0.5014005022541693 off 0.43286143334653665 __DUMMY__ 0.06573806439929403	false	0.0
schmutzig	neg 1.0		neg 0.49130403533978173 off 0.44361928456321575 __DUMMY__ 0.06507668009700264	false	1.0
sexy	neg 1.0		neg 0.49506570683895645 off 0.439691981950916 __DUMMY__ 0.06524231121012755	false	1.0
abraten	neg 1.0		neg 0.49591851297187595 off 0.43864772431202786 __DUMMY__ 0.06543376271609619	false	1.0
schwarz	neg 1.0		neg 0.4981616366023947 off 0.43661284426928043 __DUMMY__ 0.06522551912832485	false	1.0
fotze	off 1.0	off 1.0	off 0.7009801770747849 neg 0.26782731652994834 __DUMMY__ 0.031192506395266894	false	1.0
verwirren	neg 1.0		neg 0.4957617043025131 off 0.43901684251365886 __DUMMY__ 0.06522145318382809	false	1.0
zahnlos	off 1.0		neg 0.5015459744261825 off 0.43305086069349574 __DUMMY__ 0.06540316488032177	false	0.5
verheeren	neg 1.0		neg 0.48445710415461274 off 0.45155860495581013 __DUMMY__ 0.06398429088957718	false	1.0
hippie	neg 1.0		neg 0.49584618280001713 off 0.43894615297042483 __DUMMY__ 0.06520766422955794	false	1.0
rammen	neg 1.0		neg 0.5021925311366066 off 0.4331667359529496 __DUMMY__ 0.06464073291044378	false	1.0
unlauter	neg 1.0		neg 0.49991798592235065 off 0.43499815879442366 __DUMMY__ 0.06508385528322563	false	1.0
unheilvoll	neg 1.0		neg 0.4986302281717185 off 0.43627665329983845 __DUMMY__ 0.06509311852844306	false	1.0
niedrig	neg 1.0		neg 0.506109862187046 off 0.42849243238650003 __DUMMY__ 0.06539770542645387	false	1.0
explosion	neg 1.0		neg 0.4957799150837736 off 0.4389152019261533 __DUMMY__ 0.06530488299007318	false	1.0
weichei	off 1.0	off 1.0	off 0.7081198761183796 neg 0.26135843747957455 __DUMMY__ 0.030521686402045934	false	1.0
minusmensch	off 1.0		neg 0.49152895547753267 off 0.44498949735363047 __DUMMY__ 0.06348154716883687	false	0.5
farblos	neg 1.0		neg 0.5014294520320128 off 0.4333938206022359 __DUMMY__ 0.06517672736575127	false	1.0
unwissend	neg 1.0	neg 1.0	neg 0.7339040479062944 off 0.23521466383002274 __DUMMY__ 0.030881288263682957	false	1.0
traurig	neg 1.0		neg 0.4897508265231108 off 0.4453112572841389 __DUMMY__ 0.06493791619275023	false	1.0
senkung	neg 1.0		neg 0.4982843375100293 off 0.4367752412866991 __DUMMY__ 0.06494042120327151	false	1.0
ungleich	neg 1.0	neg 1.0	neg 0.7392323981002384 off 0.22951934116400205 __DUMMY__ 0.031248260735759495	false	1.0
heikel	neg 1.0		neg 0.5043229714703977 off 0.4300697701321245 __DUMMY__ 0.06560725839747775	false	1.0
drosselung	neg 1.0		neg 0.4941040838824827 off 0.4411106866088381 __DUMMY__ 0.06478522950867914	false	1.0
falsch	neg 1.0		neg 0.4946793303797235 off 0.44016436256451585 __DUMMY__ 0.06515630705576075	false	1.0
unzufriedenheit	neg 1.0		neg 0.5058940015755911 off 0.42839279866003027 __DUMMY__ 0.06571319976437873	false	1.0
kurz	neg 1.0		neg 0.49791048381394815 off 0.4361540734199382 __DUMMY__ 0.0659354427661137	false	1.0
unsinnig	neg 1.0		neg 0.5011866842761116 off 0.4334177658508206 __DUMMY__ 0.06539554987306771	false	1.0
penner	off 1.0	off 1.0	off 0.7090849223986273 neg 0.26042340155500954 __DUMMY__ 0.030491676046363173	false	1.0
seicht	neg 1.0		neg 0.48609179158413024 off 0.4498272791733871 __DUMMY__ 0.06408092924248278	false	1.0
dummheit	off 1.0	off 1.0	off 0.7030907280608265 neg 0.2661149821459542 __DUMMY__ 0.030794289793219194	false	1.0
unerfreulich	neg 1.0		neg 0.5037472524895028 off 0.43038288880624964 __DUMMY__ 0.06586985870424744	false	1.0
motherfucker	off 1.0	off 1.0	off 0.7061231688755492 neg 0.2631082190298983 __DUMMY__ 0.030768612094552523	false	1.0
pikiert	neg 1.0		neg 0.4949101518260805 off 0.44035519404357387 __DUMMY__ 0.0647346541303457	false	1.0
wrack	neg 1.0		neg 0.503220100854572 off 0.43144722416531434 __DUMMY__ 0.06533267498011353	false	1.0
gangster	neg 1.0		neg 0.49582337107376545 off 0.43898086758505744 __DUMMY__ 0.06519576134117713	false	1.0
krank	neg 1.0		neg 0.49112917459211797 off 0.4436900329351591 __DUMMY__ 0.06518079247272283	false	1.0
reich	neg 1.0		neg 0.4943054523478034 off 0.4406864216254611 __DUMMY__ 0.06500812602673553	false	1.0
gnadenlos	neg 1.0		neg 0.49891132087911844 off 0.4358817555435809 __DUMMY__ 0.06520692357730065	false	1.0
niedergeschlagen	neg 1.0		neg 0.5006930703012077 off 0.43379715031718735 __DUMMY__ 0.06550977938160497	false	1.0
terrorisieren	off 1.0	off 1.0	off 0.7000432918985536 neg 0.26871383404869004 __DUMMY__ 0.031242874052756414	false	1.0
sinnlosigkeit	neg 1.0		neg 0.5019263856911824 off 0.43262179935315687 __DUMMY__ 0.0654518149556608	false	1.0
behindern	neg 1.0		neg 0.5002984480277733 off 0.4342783028742144 __DUMMY__ 0.06542324909801234	false	1.0
undemokratisch	neg 1.0		neg 0.49894472557012415 off 0.43578641818963904 __DUMMY__ 0.06526885624023698	false	1.0
wirtschaftskrise	neg 1.0		neg 0.5054301707354671 off 0.4293422612984202 __DUMMY__ 0.06522756796611263	false	1.0
neid	neg 1.0		neg 0.4930372480851102 off 0.4415291576542652 __DUMMY__ 0.06543359426062467	false	1.0
rutschen	neg 1.0		neg 0.5044081899647118 off 0.42910751791392865 __DUMMY__ 0.06648429212135944	false	1.0
rezession	neg 1.0		neg 0.4952636153498801 off 0.44069023631809284 __DUMMY__ 0.06404614833202699	false	1.0
fehlgeburt	neg 1.0		neg 0.4977354562852502 off 0.4370152764090338 __DUMMY__ 0.06524926730571602	false	1.0
charakterschwach	off 1.0		neg 0.4937494297431088 off 0.4414748355413089 __DUMMY__ 0.0647757347155824	false	0.5
isolation	neg 1.0		neg 0.4951064498108439 off 0.439680826177006 __DUMMY__ 0.06521272401215009	false	1.0
ablenkung	neg 1.0		neg 0.4974558950114587 off 0.4368922953090148 __DUMMY__ 0.06565180967952663	false	1.0
pech	neg 1.0		neg 0.4946441924538645 off 0.4401323614428788 __DUMMY__ 0.06522344610325674	false	1.0
vermeidung	neg 1.0		neg 0.4934749859170648 off 0.4416724674646959 __DUMMY__ 0.06485254661823929	false	1.0
dominieren	neg 1.0		neg 0.5037323197965634 off 0.43067871776313266 __DUMMY__ 0.0655889624403039	false	1.0
schwindlig	neg 1.0		neg 0.4961023981973948 off 0.4385350013159826 __DUMMY__ 0.06536260048662255	false	1.0
lutscher	neg 1.0	neg 1.0	neg 0.7294835490918077 off 0.240159788633051 __DUMMY__ 0.03035666227514133	false	1.0
pflicht	neg 1.0		neg 0.5055013326268669 off 0.42880453024486803 __DUMMY__ 0.06569413712826501	false	1.0
faschist	off 1.0		neg 0.4961146506287053 off 0.43873403866569327 __DUMMY__ 0.06515131070560135	false	0.5
verschleudern	neg 1.0		neg 0.5042427085793123 off 0.4301085486075209 __DUMMY__ 0.06564874281316668	false	1.0
wenn			neg 0.49466130195788943 off 0.4402013621643942 __DUMMY__ 0.0651373358777163	false	0.0
ehebruch	neg 1.0		neg 0.5036214097243669 off 0.4309144849271571 __DUMMY__ 0.06546410534847612	false	1.0
spott	off 1.0		neg 0.5038680853592141 off 0.43060839197231593 __DUMMY__ 0.06552352266847007	false	0.5
trostlosigkeit	neg 1.0		neg 0.5064918983258357 off 0.4278181763778381 __DUMMY__ 0.06568992529632635	false	1.0
lutschen	neg 1.0		neg 0.4980524063765312 off 0.437178118057068 __DUMMY__ 0.06476947556640061	false	1.0
undiszipliniert	neg 1.0		neg 0.4911540664558516 off 0.44401118806012524 __DUMMY__ 0.06483474548402313	false	1.0
kopfschmerz	neg 1.0		neg 0.5038713959247608 off 0.4309798189555992 __DUMMY__ 0.06514878511964002	false	1.0
unvorhergesehen	neg 1.0		neg 0.501487965637876 off 0.4324132103535281 __DUMMY__ 0.06609882400859592	false	1.0
desinteressiert	neg 1.0	neg 1.0	neg 0.7328024257511421 off 0.23642192716808472 __DUMMY__ 0.030775647080773256	false	1.0
armselig	off 1.0		neg 0.4918199458831753 off 0.4435873423676706 __DUMMY__ 0.06459271174915411	false	0.5
desaster	neg 1.0		neg 0.5067639865246043 off 0.42733508366655876 __DUMMY__ 0.06590092980883705	false	1.0
tod	neg 1.0		neg 0.5034646547148475 off 0.431078749104464 __DUMMY__ 0.06545659618068862	false	1.0
herzlos	neg 1.0		neg 0.4909899098425004 off 0.44427910560169237 __DUMMY__ 0.06473098455580732	false	1.0
unwissenheit	neg 1.0		neg 0.5028766584422304 off 0.4317391118897701 __DUMMY__ 0.06538422966799963	false	1.0
widersinnig	neg 1.0		neg 0.5037848920410002 off 0.4309934736466697 __DUMMY__ 0.06522163431233007	false	1.0
bedenklich	neg 1.0		neg 0.5033233859856707 off 0.4311712217812568 __DUMMY__ 0.06550539223307267	false	1.0
beanstanden	neg 1.0		neg 0.5050718256488711 off 0.4290972477975316 __DUMMY__ 0.06583092655359728	false	1.0
panisch	neg 1.0	neg 1.0	neg 0.7340467253270861 off 0.2347519632361113 __DUMMY__ 0.031201311436802652	false	1.0
debil	off 1.0		neg 0.5097999976977479 off 0.42389343193210544 __DUMMY__ 0.06630657037014678	false	0.5
abstrich	neg 1.0		neg 0.49805448327566 off 0.43614090169760483 __DUMMY__ 0.06580461502673522	false	1.0
primitiv	neg 1.0		neg 0.4930847435823978 off 0.4421326930381724 __DUMMY__ 0.06478256337942971	false	1.0
abschaum	off 1.0	off 1.0	off 0.7048754616506175 neg 0.26433281789651486 __DUMMY__ 0.030791720452867575	false	1.0
provozieren	neg 1.0		neg 0.4998380849084002 off 0.4350646797143897 __DUMMY__ 0.06509723537721004	false	1.0
tot	neg 1.0		neg 0.5028007739081419 off 0.43176470914531506 __DUMMY__ 0.06543451694654295	false	1.0
instabil	neg 1.0		neg 0.49249428958295255 off 0.44288341247792107 __DUMMY__ 0.0646222979391264	false	1.0
schwuchtel	off 1.0	off 1.0	off 0.7113943968579125 neg 0.25850082670263913 __DUMMY__ 0.030104776439448342	false	1.0
zerren	neg 1.0		neg 0.5014072910841689 off 0.4330683895709071 __DUMMY__ 0.06552431934492389	false	1.0
kinderficker	off 1.0		neg 0.48846848296592843 off 0.44698941452317714 __DUMMY__ 0.06454210251089436	false	0.5
gefahr	neg 1.0		neg 0.5052436130718913 off 0.4288991486924039 __DUMMY__ 0.06585723823570476	false	1.0
rabiat	neg 1.0		neg 0.49906297367861246 off 0.43553049964057966 __DUMMY__ 0.06540652668080793	false	1.0
verlangsamung	neg 1.0		neg 0.49055365548062846 off 0.44556207212284626 __DUMMY__ 0.06388427239652525	false	1.0
ausgestorben	neg 1.0		neg 0.49879766716002677 off 0.43568307219786334 __DUMMY__ 0.06551926064210982	false	1.0
anklagen	neg 1.0		neg 0.5037881775589896 off 0.43082549895217026 __DUMMY__ 0.0653863234888401	false	1.0
trott	neg 1.0		neg 0.4998235476742136 off 0.43475312018256695 __DUMMY__ 0.0654233321432194	false	1.0
verminderung	neg 1.0		neg 0.4925535434991796 off 0.4425522586625097 __DUMMY__ 0.06489419783831071	false	1.0
nach			neg 0.5054657177928277 off 0.4279449519306139 __DUMMY__ 0.06658933027655846	false	0.0
rost	neg 1.0		neg 0.48930777847027374 off 0.44636689392090545 __DUMMY__ 0.06432532760882072	false	1.0
destruktiv	neg 1.0		neg 0.5002881428068906 off 0.4344216638550947 __DUMMY__ 0.06529019333801485	false	1.0
unzumutbarkeit	neg 1.0		neg 0.4941572459518981 off 0.4408810991850242 __DUMMY__ 0.06496165486307769	false	1.0
labil	off 1.0	off 1.0	off 0.704527100120319 neg 0.26462859293457247 __DUMMY__ 0.030844306945108473	false	1.0
ziemlich	neg 1.0		neg 0.4917259120097378 off 0.44306421898859416 __DUMMY__ 0.06520986900166799	false	1.0
lachnummer	off 1.0		neg 0.49966043738597465 off 0.43508997180332026 __DUMMY__ 0.06524959081070508	false	0.5
oder			neg 0.49669113231786344 off 0.43771554467150986 __DUMMY__ 0.06559332301062665	false	0.0
verfall	neg 1.0		neg 0.5094558089533615 off 0.42454868371626175 __DUMMY__ 0.06599550733037661	false	1.0
ausgrenzung	neg 1.0		neg 0.4985277551566036 off 0.4362692178500588 __DUMMY__ 0.06520302699333769	false	1.0
unordnung	neg 1.0		neg 0.4904626597910021 off 0.4445497386507069 __DUMMY__ 0.06498760155829106	false	1.0
fehlverhalten	neg 1.0		neg 0.5060418999937988 off 0.4284772178309231 __DUMMY__ 0.0654808821752781	false	1.0
eine			neg 0.5030674705141934 off 0.4308846144532154 __DUMMY__ 0.06604791503259114	false	0.0
nille	neg 1.0		neg 0.49954250805483535 off 0.4349615383818068 __DUMMY__ 0.06549595356335802	false	1.0
qual	neg 1.0		neg 0.5000993453046704 off 0.43443161091485916 __DUMMY__ 0.06546904378047035	false	1.0
verschwenden	neg 1.0		neg 0.5043497076094248 off 0.4301705729415079 __DUMMY__ 0.06547971944906732	false	1.0
riesig	neg 1.0		neg 0.5029307907643624 off 0.4314544252404604 __DUMMY__ 0.06561478399517717	false	1.0
verurteilen	neg 1.0		neg 0.5037843592393323 off 0.4309454441983393 __DUMMY__ 0.06527019656232821	false	1.0
klischee	neg 1.0	neg 1.0	neg 0.7350449862126228 off 0.23408238027860312 __DUMMY__ 0.03087263350877399	false	1.0
diktatorisch	neg 1.0		neg 0.4996744313311295 off 0.43520037045856313 __DUMMY__ 0.06512519821030732	false	1.0
vorhersehbar	neg 1.0		neg 0.4971547124130124 off 0.4378566305412316 __DUMMY__ 0.06498865704575588	false	1.0
sowie			neg 0.49099349204268145 off 0.44471175983061 __DUMMY__ 0.06429474812670866	false	0.0
stornieren	neg 1.0		neg 0.49272856999886167 off 0.4413009718450483 __DUMMY__ 0.06597045815608993	false	1.0
besteuerung	neg 1.0		neg 0.5023171423401703 off 0.432880267255768 __DUMMY__ 0.06480259040406167	false	1.0
ungeschminkt	neg 1.0		neg 0.49675853269906584 off 0.43894699154786954 __DUMMY__ 0.06429447575306449	false	1.0
kritisch	neg 1.0		neg 0.5031507951252727 off 0.43125501866733934 __DUMMY__ 0.065594186207388	false	1.0
schlamperei	off 1.0		neg 0.5042079990050509 off 0.430051979603511 __DUMMY__ 0.06574002139143814	false	0.5
sucht	neg 1.0	neg 1.0	neg 0.7345984462785141 off 0.2340459774553823 __DUMMY__ 0.031355576266103496	false	1.0
egoistisch	off 1.0		neg 0.4891517583294884 off 0.4464718446257222 __DUMMY__ 0.06437639704478945	false	0.5
ausbeuter	off 1.0		neg 0.5065512737306295 off 0.4280489345386188 __DUMMY__ 0.06539979173075183	false	0.5
arschgeburt	off 1.0		neg 0.4856857325745068 off 0.45102555825366664 __DUMMY__ 0.0632887091718267	false	0.5
schubs	neg 1.0		neg 0.5008127564087866 off 0.4336191848544462 __DUMMY__ 0.06556805873676706	false	1.0
unsolide	neg 1.0		neg 0.49947806792474225 off 0.4355288912402489 __DUMMY__ 0.06499304083500879	false	1.0
beschwerde	neg 1.0		neg 0.5049190701715186 off 0.42962422027318514 __DUMMY__ 0.06545670955529614	false	1.0
stocken	neg 1.0		neg 0.5047655587236104 off 0.42964788324606334 __DUMMY__ 0.06558655803032631	false	1.0
isolieren	neg 1.0		neg 0.5024005849771278 off 0.43200463312254006 __DUMMY__ 0.0655947819003321	false	1.0
unheilbar	neg 1.0		neg 0.4986827377829983 off 0.4358905142138494 __DUMMY__ 0.06542674800315226	false	1.0
pisser	off 1.0		neg 0.4942559083145046 off 0.44139172665017157 __DUMMY__ 0.06435236503532374	false	0.5
löschen	neg 1.0		neg 0.49975664714497114 off 0.4348721348190407 __DUMMY__ 0.0653712180359881	false	1.0
durchfallen	neg 1.0		neg 0.5031860585481993 off 0.4313838612062419 __DUMMY__ 0.06543008024555894	false	1.0
wichser	off 1.0	off 1.0	off 0.7106523226429603 neg 0.25900185029564465 __DUMMY__ 0.030345827061395044	false	1.0
terror	neg 1.0		neg 0.495799340910287 off 0.43894210765040664 __DUMMY__ 0.06525855143930642	false	1.0
krass	neg 1.0		neg 0.491272458220365 off 0.4441973904992754 __DUMMY__ 0.06453015128035963	false	1.0
revolte	neg 1.0		neg 0.49882687693613786 off 0.4361082559294057 __DUMMY__ 0.06506486713445632	false	1.0
besorgt	neg 1.0		neg 0.4984153241018074 off 0.4356447272505831 __DUMMY__ 0.06593994864760941	false	1.0
nachlassen	neg 1.0		neg 0.5025091786092866 off 0.4315831567863608 __DUMMY__ 0.0659076646043525	false	1.0
alt	neg 1.0		neg 0.5030870374526176 off 0.43155365918370286 __DUMMY__ 0.06535930336367954	false	1.0
hundesohn	off 1.0		neg 0.48708790654301526 off 0.44905160049457926 __DUMMY__ 0.06386049296240551	false	0.5
als			neg 0.5003453446283022 off 0.43396795705838226 __DUMMY__ 0.06568669831331567	false	0.0
abschreckung	neg 1.0		neg 0.5061244174197173 off 0.42814524912149254 __DUMMY__ 0.06573033345879038	false	1.0
unqualifiziert	neg 1.0		neg 0.4961512606872785 off 0.4388948916030781 __DUMMY__ 0.0649538477096435	false	1.0
abgewichst	off 1.0		neg 0.49970711835661796 off 0.43468862079473003 __DUMMY__ 0.06560426084865208	false	0.5
schwer	neg 1.0		neg 0.4999664972905152 off 0.4346281155306463 __DUMMY__ 0.06540538717883851	false	1.0
bedeutungslosigkeit	neg 1.0		neg 0.5050247813668152 off 0.429308448188345 __DUMMY__ 0.06566677044483986	false	1.0
kapitulation	neg 1.0		neg 0.5038076432597741 off 0.43061167328120675 __DUMMY__ 0.06558068345901903	false	1.0
unscharf	neg 1.0		neg 0.4986934542568919 off 0.43641448195831356 __DUMMY__ 0.06489206378479452	false	1.0
schwinden	neg 1.0		neg 0.505804023433375 off 0.4285746084048703 __DUMMY__ 0.0656213681617546	false	1.0
versklavung	neg 1.0		neg 0.4998155219911489 off 0.4349860645237433 __DUMMY__ 0.06519841348510773	false	1.0
schlecht	neg 1.0		neg 0.49146266767006286 off 0.4433178462119795 __DUMMY__ 0.06521948611795775	false	1.0
verhasst	neg 1.0		neg 0.5001562466395595 off 0.43491733665299537 __DUMMY__ 0.0649264167074451	false	1.0
beschweren	neg 1.0		neg 0.4965474882978232 off 0.4380982138856653 __DUMMY__ 0.06535429781651168	false	1.0
scheiden	neg 1.0		neg 0.49775438117398013 off 0.4366030475470413 __DUMMY__ 0.06564257127897856	false	1.0
frustriert	neg 1.0		neg 0.5012408781435242 off 0.4333521595710802 __DUMMY__ 0.06540696228539564	false	1.0
schimmelig	neg 1.0		neg 0.5054074116399243 off 0.4295374072038358 __DUMMY__ 0.0650551811562399	false	1.0
fisch	neg 1.0		neg 0.5073543920448805 off 0.4272608272149868 __DUMMY__ 0.06538478074013261	false	1.0
schmuggel	neg 1.0		neg 0.5061408178851105 off 0.4284344029281746 __DUMMY__ 0.06542477918671502	false	1.0
auffallen	neg 1.0		neg 0.4959314636435379 off 0.4387974763493657 __DUMMY__ 0.06527106000709632	false	1.0
konkurrenz	neg 1.0		neg 0.505119840388133 off 0.4289318218572389 __DUMMY__ 0.06594833775462812	false	1.0
teufelskreis	neg 1.0	neg 1.0	neg 0.7377841841156323 off 0.23124923703166123 __DUMMY__ 0.03096657885270647	false	1.0
aufschreien	neg 1.0		neg 0.49704873959882 off 0.4378694431645073 __DUMMY__ 0.0650818172366728	false	1.0
schuldner	neg 1.0		neg 0.5074815154198151 off 0.42710573221734804 __DUMMY__ 0.06541275236283682	false	1.0
missgeburt	off 1.0	off 1.0	off 0.7071390748669254 neg 0.26257523541514766 __DUMMY__ 0.030285689717926997	false	1.0
arbeitslos	neg 1.0		neg 0.5029738832089871 off 0.4316292643423823 __DUMMY__ 0.06539685244863078	false	1.0
befallen	neg 1.0		neg 0.5042677627589145 off 0.43070473870200954 __DUMMY__ 0.06502749853907595	false	1.0
miesepetrig	off 1.0	off 1.0	off 0.705906386401334 neg 0.2631548264531113 __DUMMY__ 0.03093878714555481	false	1.0
alarmieren	neg 1.0		neg 0.4980259803343706 off 0.43732395223231346 __DUMMY__ 0.06465006743331593	false	1.0
ungeduscht	off 1.0		neg 0.4972451626599816 off 0.438041434763475 __DUMMY__ 0.06471340257654344	false	0.5
knappheit	neg 1.0		neg 0.5046027256291685 off 0.43013282806542685 __DUMMY__ 0.06526444630540457	false	1.0
schlange	neg 1.0		neg 0.49528827828496425 off 0.4390451668157906 __DUMMY__ 0.06566655489924518	false	1.0
harsch	neg 1.0		neg 0.4886898505874064 off 0.4465484630525276 __DUMMY__ 0.06476168636006614	false	1.0
lang	neg 1.0		neg 0.4984187919822426 off 0.43619910307028625 __DUMMY__ 0.06538210494747115	false	1.0
ziellos	neg 1.0		neg 0.5012706934440468 off 0.43290524000336983 __DUMMY__ 0.06582406655258327	false	1.0
selbstverliebt	neg 1.0		neg 0.4855442637502999 off 0.45068412435320776 __DUMMY__ 0.06377161189649232	false	1.0
beseitigen	neg 1.0		neg 0.5007859758941943 off 0.43369457772409975 __DUMMY__ 0.06551944638170609	false	1.0
dumm	off 1.0		neg 0.48764589352968346 off 0.4479035969370527 __DUMMY__ 0.06445050953326385	false	0.5
arbeitsloser	neg 1.0		neg 0.5007622934398148 off 0.43348538883201554 __DUMMY__ 0.0657523177281696	false	1.0
blitzen	neg 1.0		neg 0.49571526158771406 off 0.4390408431730256 __DUMMY__ 0.06524389523926018	false	1.0
hilflos	neg 1.0		neg 0.5023269112503349 off 0.4323288035563495 __DUMMY__ 0.0653442851933155	false	1.0
eklig	off 1.0		neg 0.4895625116780958 off 0.44641472633199775 __DUMMY__ 0.06402276198990653	false	0.5
begriff			neg 0.4997707200556478 off 0.43475582960777814 __DUMMY__ 0.06547345033657406	false	0.0
hungersnot	neg 1.0		neg 0.5036298429575574 off 0.4310297332476676 __DUMMY__ 0.06534042379477503	false	1.0
ungesetzlich	neg 1.0		neg 0.5005716651981694 off 0.43438283667483435 __DUMMY__ 0.06504549812699635	false	1.0
verschwendung	neg 1.0		neg 0.5042524016998052 off 0.4301325519801766 __DUMMY__ 0.06561504632001812	false	1.0
schmerzvoll	neg 1.0		neg 0.49777001183788505 off 0.43698951106418593 __DUMMY__ 0.06524047709792906	false	1.0
vorzeitig	neg 1.0		neg 0.4978691536610092 off 0.4371231428079424 __DUMMY__ 0.0650077035310483	false	1.0
unvollkommenheit	neg 1.0		neg 0.5001979604330342 off 0.4338890962736292 __DUMMY__ 0.06591294329333656	false	1.0
intervenieren	neg 1.0		neg 0.5051996843201976 off 0.4292837400886653 __DUMMY__ 0.06551657559113716	false	1.0
banause	off 1.0		neg 0.48859205764760383 off 0.44779701944385086 __DUMMY__ 0.06361092290854535	false	0.5
rebell	neg 1.0		neg 0.5089355359216587 off 0.4253617744854491 __DUMMY__ 0.06570268959289215	false	1.0
unlogisch	neg 1.0		neg 0.49165899387740297 off 0.44368255579280397 __DUMMY__ 0.06465845032979299	false	1.0
leiden	neg 1.0		neg 0.5027691069145852 off 0.4311913398160206 __DUMMY__ 0.06603955326939422	false	1.0
abschaffung	neg 1.0		neg 0.49940252412250785 off 0.43526794930699586 __DUMMY__ 0.06532952657049622	false	1.0
sturz	neg 1.0		neg 0.5005621449918536 off 0.4341964230291949 __DUMMY__ 0.06524143197895144	false	1.0
verkleinerung	neg 1.0		neg 0.49857300486453415 off 0.43657498723146 __DUMMY__ 0.06485200790400596	false	1.0
schmarotzer	off 1.0		neg 0.5023282690153854 off 0.4323545154653967 __DUMMY__ 0.06531721551921782	false	0.5
bestrafung	neg 1.0		neg 0.4990547852556717 off 0.4357272242290837 __DUMMY__ 0.06521799051524473	false	1.0
achtlos	neg 1.0	neg 1.0	neg 0.7367408993903215 off 0.23209920433326714 __DUMMY__ 0.031159896276411365	false	1.0
ungeheuer	neg 1.0		neg 0.4970723009972097 off 0.4377319149187731 __DUMMY__ 0.06519578408401716	false	1.0
unaufrichtig	neg 1.0		neg 0.4937351090337434 off 0.4406964982467246 __DUMMY__ 0.06556839271953198	false	1.0
groggy	neg 1.0		neg 0.4965617659472554 off 0.43827959034173697 __DUMMY__ 0.06515864371100766	false	1.0
verletzlich	neg 1.0		neg 0.4953104524387424 off 0.4401258364843082 __DUMMY__ 0.06456371107694932	false	1.0
