unsolidarisch	neg 1.0		__DUMMY__ 0.8683254819944041 neg 0.07115208726211557 off 0.060522430743480425	false	1.0
nachteilig	neg 1.0		__DUMMY__ 0.8739656723131264 neg 0.06981208404142349 off 0.05622224364545015	false	1.0
skeptisch	neg 1.0		__DUMMY__ 0.8738187065661941 neg 0.07037020380846924 off 0.05581108962533667	false	1.0
schrecklich	neg 1.0		__DUMMY__ 0.8660990676167801 off 0.0693465283341092 neg 0.06455440404911073	false	0.5
schlapp	neg 1.0		__DUMMY__ 0.8688927070770971 neg 0.06585625987823622 off 0.06525103304466666	false	1.0
abfall	neg 1.0		__DUMMY__ 0.8772785966349756 neg 0.07040490165940949 off 0.052316501705614915	false	1.0
widerspenstig	neg 1.0		__DUMMY__ 0.871225447408296 neg 0.06845515096869105 off 0.06031940162301295	false	1.0
abrupt	neg 1.0		__DUMMY__ 0.8744204237727222 neg 0.06955244485961228 off 0.05602713136766553	false	1.0
unwirksam	neg 1.0		__DUMMY__ 0.8677146871758031 neg 0.07214191872730337 off 0.0601433940968935	false	1.0
angreifen	neg 1.0		__DUMMY__ 0.8717965052022287 neg 0.07240925666134958 off 0.055794238136421655	false	1.0
inkonsistent	neg 1.0		__DUMMY__ 0.8671062145734965 neg 0.07200541941406369 off 0.06088836601243981	false	1.0
abrutschen	neg 1.0		__DUMMY__ 0.8754505128290603 neg 0.07170583930622254 off 0.052843647864717284	false	1.0
unsicher	neg 1.0		__DUMMY__ 0.8737382890974448 neg 0.06590230742273265 off 0.06035940347982251	false	1.0
bauernkind	off 1.0	off 1.0	off 0.5229777329774324 __DUMMY__ 0.4206075707335858 neg 0.0564146962889818	false	1.0
angreifer	neg 1.0	neg 1.0	neg 0.521522672421892 __DUMMY__ 0.4314756622351504 off 0.047001665342957764	false	1.0
trennen	neg 1.0		__DUMMY__ 0.8760878038191698 neg 0.06869217477416516 off 0.055220021406665064	false	1.0
schmutz	neg 1.0		__DUMMY__ 0.872155316736833 neg 0.06644602032190733 off 0.06139866294125973	false	1.0
inkonsistenz	neg 1.0		__DUMMY__ 0.8638365870616159 neg 0.07037795975070849 off 0.06578545318767563	false	1.0
erschreckend	neg 1.0		__DUMMY__ 0.8704651738005827 neg 0.06968345940195143 off 0.05985136679746592	false	1.0
ertrinken	neg 1.0		__DUMMY__ 0.8710355657239782 neg 0.0730209953100185 off 0.055943438966003296	false	1.0
pickelface	off 1.0		__DUMMY__ 0.8714533507340774 neg 0.06916375353732747 off 0.059382895728595154	false	0.5
seiner			__DUMMY__ 0.8736048530430449 neg 0.07035000653410979 off 0.05604514042284544	false	0.0
lauch	neg 1.0		__DUMMY__ 0.8756391247178679 neg 0.0713930701295819 off 0.05296780515255022	false	1.0
unwichtig	neg 1.0		__DUMMY__ 0.8674216792664798 neg 0.06729700790683943 off 0.06528131282668073	false	1.0
steuerhinterziehung	neg 1.0	neg 1.0	neg 0.5238388461058507 __DUMMY__ 0.4321803513927474 off 0.04398080250140181	false	1.0
schock	neg 1.0		__DUMMY__ 0.8710140246887488 neg 0.06956636956323722 off 0.059419605748013984	false	1.0
beule	neg 1.0		__DUMMY__ 0.865524982752379 neg 0.06838492225416147 off 0.06609009499345944	false	1.0
vergelten	neg 1.0		__DUMMY__ 0.8694920004323564 off 0.06825043366221384 neg 0.062257565905429704	false	0.5
verdorbenheit	neg 1.0		__DUMMY__ 0.8734797479492656 neg 0.06603850505403262 off 0.060481746996701787	false	1.0
trauma	neg 1.0		__DUMMY__ 0.8701548563722509 neg 0.06859678227111017 off 0.06124836135663885	false	1.0
sinnlos	neg 1.0		__DUMMY__ 0.870331593205426 neg 0.0670637976504925 off 0.0626046091440816	false	1.0
fettsack	off 1.0	off 1.0	off 0.5238506365925184 __DUMMY__ 0.42202394609904215 neg 0.054125417308439464	false	1.0
feige	off 1.0	off 1.0	off 0.519896980765518 __DUMMY__ 0.427061179494525 neg 0.05304183973995694	false	1.0
abdanken	neg 1.0		__DUMMY__ 0.8704372209269451 neg 0.06957459085422 off 0.05998818821883494	false	1.0
wichtigtuer	off 1.0	off 1.0	off 0.5180765630897142 __DUMMY__ 0.42976918267221514 neg 0.05215425423807071	false	1.0
misslingen	neg 1.0		__DUMMY__ 0.8775983776264613 neg 0.06197957326428922 off 0.06042204910924949	false	1.0
untreu	off 1.0		__DUMMY__ 0.8675550124307508 neg 0.06677389978218048 off 0.06567108778706876	false	0.5
missmutig	neg 1.0		__DUMMY__ 0.8682207417699614 neg 0.06692395616627869 off 0.06485530206375982	false	1.0
hurenbock	off 1.0		__DUMMY__ 0.8693314220177801 neg 0.06887320561735777 off 0.06179537236486205	false	0.5
betrunken	neg 1.0		__DUMMY__ 0.8674933749732987 off 0.06696917821244558 neg 0.06553744681425572	false	0.5
korrupt	off 1.0		__DUMMY__ 0.8688973197980521 neg 0.07275833340658937 off 0.05834434679535861	false	0.5
unmut	neg 1.0		__DUMMY__ 0.8761658762148751 neg 0.07081813405625599 off 0.053015989728868965	false	1.0
hackfresse	off 1.0		__DUMMY__ 0.8618421509741326 off 0.07278477171558881 neg 0.06537307731027865	false	1.0
aufblasen	neg 1.0		__DUMMY__ 0.8712149582236323 neg 0.06677231004582564 off 0.06201273173054213	false	1.0
gewaltsam	neg 1.0		__DUMMY__ 0.8699944619653772 neg 0.07122219135093559 off 0.05878334668368726	false	1.0
unbeliebtheit	neg 1.0		__DUMMY__ 0.8651294867144138 neg 0.07049679497143461 off 0.06437371831415159	false	1.0
sturheit	neg 1.0		__DUMMY__ 0.8699222606468596 neg 0.07075992315083109 off 0.05931781620230922	false	1.0
kuh	neg 1.0		__DUMMY__ 0.8638768693914793 neg 0.07370494107660319 off 0.062418189531917564	false	1.0
erschrecken	neg 1.0		__DUMMY__ 0.8697876669680766 neg 0.065591877504967 off 0.06462045552695639	false	1.0
opfer	neg 1.0		__DUMMY__ 0.8727563237255362 neg 0.07010304926016211 off 0.05714062701430166	false	1.0
sinken	neg 1.0		__DUMMY__ 0.875963066754065 neg 0.07064973471855059 off 0.05338719852738432	false	1.0
stinktier	neg 1.0		__DUMMY__ 0.8565436627451719 neg 0.07342210200407737 off 0.07003423525075064	false	1.0
tucke	off 1.0		__DUMMY__ 0.8574227882875137 off 0.07371693876601984 neg 0.06886027294646654	false	1.0
ein			__DUMMY__ 0.8704610946023823 neg 0.06837179912529809 off 0.06116710627231955	false	0.0
abstieg	neg 1.0		__DUMMY__ 0.8725001760741801 neg 0.07149468902934857 off 0.05600513489647133	false	1.0
missverstehen	neg 1.0		__DUMMY__ 0.8678644090097015 neg 0.0685916431253517 off 0.06354394786494677	false	1.0
ergebnislos	neg 1.0		__DUMMY__ 0.8735637655237558 neg 0.07069689351688392 off 0.05573934095936033	false	1.0
unter			__DUMMY__ 0.8820172951283407 neg 0.0699383577814012 off 0.04804434709025804	false	0.0
manipulieren	neg 1.0		__DUMMY__ 0.8747752196091864 neg 0.06980286140368985 off 0.05542191898712377	false	1.0
unbewiesen	neg 1.0		__DUMMY__ 0.8671331496836695 neg 0.07235240454056048 off 0.060514445775770066	false	1.0
verschleppen	neg 1.0		__DUMMY__ 0.8705092720056364 neg 0.0720480263613993 off 0.05744270163296431	false	1.0
weib	off 1.0		__DUMMY__ 0.8547341597476049 off 0.07348491593615862 neg 0.07178092431623638	false	1.0
opposition	neg 1.0		__DUMMY__ 0.8678426596048353 neg 0.07046936366280342 off 0.061687976732361316	false	1.0
verkehrswidrig	neg 1.0		__DUMMY__ 0.8690668732656737 off 0.06879742887056707 neg 0.0621356978637592	false	0.5
inkorrekt	neg 1.0		__DUMMY__ 0.8635775604766441 off 0.06900866828752661 neg 0.06741377123582924	false	0.5
vermeiden	neg 1.0	neg 1.0	neg 0.521772305831421 __DUMMY__ 0.43941402959072795 off 0.03881366457785103	false	1.0
abweichung	neg 1.0	neg 1.0	neg 0.5202770003465139 __DUMMY__ 0.4365156738809312 off 0.04320732577255484	false	1.0
alkoholisiert	neg 1.0		__DUMMY__ 0.8749709387728287 neg 0.06962635773692243 off 0.055402703490248804	false	1.0
scheiss	off 1.0	off 1.0	off 0.519697851605507 __DUMMY__ 0.42803410767309535 neg 0.052268040721397756	false	1.0
herausforderung	neg 1.0		__DUMMY__ 0.8762827045896285 neg 0.06813001846087674 off 0.055587276949494765	false	1.0
pervers	off 1.0		__DUMMY__ 0.8576503956405165 off 0.07612218675458418 neg 0.06622741760489939	false	1.0
wackelig	neg 1.0		__DUMMY__ 0.8769775060615549 neg 0.0648545956068367 off 0.05816789833160847	false	1.0
verwickeln	neg 1.0		__DUMMY__ 0.8684433662567129 neg 0.06851425063456235 off 0.06304238310872472	false	1.0
vorwand	neg 1.0		__DUMMY__ 0.8733813780598424 neg 0.07129508644071106 off 0.055323535499446505	false	1.0
muschi	off 1.0		__DUMMY__ 0.8714210310961827 neg 0.06899503348878079 off 0.05958393541503641	false	0.5
entmutigung	neg 1.0		__DUMMY__ 0.8694558153692837 neg 0.06881067717315469 off 0.06173350745756154	false	1.0
unangemessen	neg 1.0		__DUMMY__ 0.8698798313908847 neg 0.07099872089625954 off 0.05912144771285574	false	1.0
unstetig	neg 1.0		__DUMMY__ 0.8698226206069789 neg 0.06757241183736366 off 0.06260496755565749	false	1.0
entmutigen	neg 1.0		__DUMMY__ 0.8708724964906711 neg 0.06780948235299827 off 0.06131802115633058	false	1.0
schwanz	neg 1.0		__DUMMY__ 0.8724243376551685 neg 0.07063884317187256 off 0.05693681917295892	false	1.0
verbot	neg 1.0		__DUMMY__ 0.8714629504223359 neg 0.07064140426205912 off 0.05789564531560492	false	1.0
leid	neg 1.0		__DUMMY__ 0.8631287210142565 off 0.07087714691039636 neg 0.065994132075347	false	0.5
archaisch	neg 1.0		__DUMMY__ 0.8704232077540047 neg 0.07044265753118793 off 0.05913413471480736	false	1.0
gegen			__DUMMY__ 0.875185305224777 neg 0.07107015235961173 off 0.05374454241561125	false	0.0
scheidung	neg 1.0		__DUMMY__ 0.8604422536730527 off 0.08037900801496052 neg 0.059178738311986785	false	0.5
einschlag	neg 1.0		__DUMMY__ 0.8662705738837447 off 0.06808468116140734 neg 0.06564474495484794	false	0.5
m			__DUMMY__ 0.8737871743951156 neg 0.06823207888225322 off 0.057980746722631094	false	0.0
abgestanden	neg 1.0		__DUMMY__ 0.8684088143189157 neg 0.07127227815625652 off 0.06031890752482775	false	1.0
schmierig	off 1.0		__DUMMY__ 0.8646781308273481 off 0.0701230917259297 neg 0.06519877744672212	false	1.0
unpraktisch	neg 1.0		__DUMMY__ 0.8708799028475045 neg 0.06750379723639242 off 0.061616299916103144	false	1.0
wixxer	off 1.0		__DUMMY__ 0.8551350933049674 off 0.0763316040123218 neg 0.0685333026827108	false	1.0
bezeichnet			__DUMMY__ 0.8679954245994873 neg 0.07132402408236073 off 0.06068055131815197	false	0.0
jammerlappen	off 1.0		__DUMMY__ 0.869491970310327 off 0.06527232774940808 neg 0.06523570194026497	false	1.0
farce	neg 1.0		__DUMMY__ 0.8696687234051991 neg 0.0715237768929847 off 0.05880749970181612	false	1.0
zwecklos	neg 1.0		__DUMMY__ 0.8703053263025647 neg 0.07098119894284782 off 0.058713474754587436	false	1.0
turbulent	neg 1.0		__DUMMY__ 0.8644368595747453 neg 0.06909258333409476 off 0.06647055709116	false	1.0
invasion	neg 1.0		__DUMMY__ 0.8695389677602607 neg 0.06815500654903467 off 0.062306025690704696	false	1.0
schuld	neg 1.0		__DUMMY__ 0.8689768203361035 neg 0.0693603751752473 off 0.06166280448864916	false	1.0
risiko	neg 1.0	neg 1.0	neg 0.5196872176523553 __DUMMY__ 0.4338926304002291 off 0.04642015194741565	false	1.0
finster	neg 1.0		__DUMMY__ 0.8680728720170485 neg 0.07068426912850352 off 0.061242858854447975	false	1.0
geisteskrank	off 1.0		__DUMMY__ 0.8637946067245407 neg 0.06904033141854068 off 0.06716506185691856	false	0.5
zusammenbrechen	neg 1.0		__DUMMY__ 0.8724653090258698 neg 0.06880525156716522 off 0.058729439406964984	false	1.0
ausbeute	neg 1.0		__DUMMY__ 0.8820314663176289 neg 0.061471197460275455 off 0.05649733622209567	false	1.0
hinterhalt	neg 1.0		__DUMMY__ 0.8737409992421922 neg 0.06807894796180593 off 0.0581800527960019	false	1.0
kritik	neg 1.0		__DUMMY__ 0.8694144298881682 neg 0.07193232929907457 off 0.058653240812757246	false	1.0
einschrumpfen	neg 1.0		__DUMMY__ 0.8656753901113559 neg 0.07003122572424977 off 0.06429338416439438	false	1.0
riskant	neg 1.0		__DUMMY__ 0.8716078927423354 neg 0.07203362718313941 off 0.056358480074525215	false	1.0
frustrieren	neg 1.0		__DUMMY__ 0.8721960974739504 neg 0.0705794194712654 off 0.057224483054784156	false	1.0
groll	neg 1.0		__DUMMY__ 0.8705020612119273 neg 0.07123716949010811 off 0.058260769297964525	false	1.0
gibt			__DUMMY__ 0.8732031939592911 neg 0.06791593546263193 off 0.058880870578076866	false	0.0
qualvoll	neg 1.0		__DUMMY__ 0.8684760532185027 neg 0.06825921947076677 off 0.06326472731073042	false	1.0
wackeln	neg 1.0		__DUMMY__ 0.872580985926656 neg 0.06631937728468994 off 0.06109963678865401	false	1.0
klagen	neg 1.0		__DUMMY__ 0.8751333935792588 neg 0.07111592910848155 off 0.053750677312259645	false	1.0
bankrott	neg 1.0		__DUMMY__ 0.8698624052558529 neg 0.06578420083732057 off 0.06435339390682651	false	1.0
trauern	neg 1.0		__DUMMY__ 0.873631347683731 neg 0.06981758704605794 off 0.05655106527021109	false	1.0
ablehnung	neg 1.0		__DUMMY__ 0.8701102722919456 neg 0.0714549460947644 off 0.05843478161329003	false	1.0
stur	neg 1.0		__DUMMY__ 0.8692938062038983 neg 0.06889976435016054 off 0.06180642944594123	false	1.0
aufruhr	neg 1.0	neg 1.0	neg 0.522625484617219 __DUMMY__ 0.4323780154524966 off 0.044996499930284366	false	1.0
melancholie	neg 1.0		__DUMMY__ 0.872526461220957 neg 0.07048444893384803 off 0.056989089845195004	false	1.0
ist			__DUMMY__ 0.8704982797710986 neg 0.06714780614887929 off 0.06235391408002212	false	0.0
torheit	neg 1.0		__DUMMY__ 0.8711252750296231 neg 0.06802405416559312 off 0.06085067080478385	false	1.0
dreckskind	off 1.0		__DUMMY__ 0.8582408255149027 off 0.07188637331623421 neg 0.06987280116886319	false	1.0
umtauschen	neg 1.0		__DUMMY__ 0.8718517926112929 neg 0.06852705847686437 off 0.059621148911842774	false	1.0
zum			__DUMMY__ 0.8825563424878841 neg 0.06634531272246623 off 0.0510983447896497	false	0.0
zersetzen	neg 1.0		__DUMMY__ 0.8717145780916136 neg 0.07271619542605735 off 0.0555692264823291	false	1.0
zur			__DUMMY__ 0.8794729416993586 neg 0.06981101351199233 off 0.05071604478864904	false	0.0
frust	neg 1.0		__DUMMY__ 0.8729176440587607 neg 0.06831138283382757 off 0.05877097310741175	false	1.0
unerbittlichkeit	neg 1.0		__DUMMY__ 0.8725802667950897 neg 0.07192433531052184 off 0.05549539789438846	false	1.0
zwei			__DUMMY__ 0.8804289285748466 neg 0.06743202641436437 off 0.052139045010789094	false	0.0
unkorrekt	neg 1.0		__DUMMY__ 0.8668581727641002 off 0.06846243602702456 neg 0.06467939120887531	false	0.5
hexe	off 1.0		__DUMMY__ 0.8616607539076047 neg 0.07323149631007879 off 0.06510774978231645	false	0.5
lasch	neg 1.0		__DUMMY__ 0.8666435018676516 neg 0.0689073903345622 off 0.06444910779778618	false	1.0
rivale	neg 1.0		__DUMMY__ 0.8655296521794377 off 0.06731101542427781 neg 0.06715933239628456	false	0.5
mutlos	off 1.0	off 1.0	off 0.512969532733602 __DUMMY__ 0.4321501277569641 neg 0.054880339509433884	false	1.0
wirr	off 1.0		__DUMMY__ 0.8627023963321514 off 0.06915847097942644 neg 0.0681391326884222	false	1.0
jahr			__DUMMY__ 0.8830548473538246 neg 0.062424845611756916 off 0.05452030703441866	false	0.0
wird			__DUMMY__ 0.8730677276688124 neg 0.06926443553649318 off 0.05766783679469436	false	0.0
strafbar	neg 1.0		__DUMMY__ 0.8733920762023651 neg 0.06970932009074302 off 0.0568986037068919	false	1.0
erosion	neg 1.0		__DUMMY__ 0.8731148443446836 neg 0.06664692253069375 off 0.060238233124622655	false	1.0
eingehen	neg 1.0		__DUMMY__ 0.8719733048931683 neg 0.07099147199054869 off 0.057035223116283056	false	1.0
faul	off 1.0		__DUMMY__ 0.8695154971640622 neg 0.06626872287094707 off 0.06421577996499074	false	0.5
provisorium	neg 1.0		__DUMMY__ 0.8847529422088326 neg 0.06669648985175552 off 0.04855056793941182	false	1.0
schmerzen	neg 1.0		__DUMMY__ 0.8701681159334813 neg 0.07086793282903071 off 0.05896395123748798	false	1.0
schrumpfen	neg 1.0		__DUMMY__ 0.8755757163949325 neg 0.07325274403400982 off 0.05117153957105761	false	1.0
geistlos	off 1.0		__DUMMY__ 0.8650533893737317 neg 0.07155748634296226 off 0.06338912428330616	false	0.5
fehlkauf	neg 1.0		__DUMMY__ 0.8693028004986625 neg 0.06857847856468041 off 0.06211872093665704	false	1.0
frustrierend	neg 1.0		__DUMMY__ 0.8692100588279646 neg 0.06648505985573983 off 0.06430488131629557	false	1.0
unzufrieden	neg 1.0		__DUMMY__ 0.8711282635188139 neg 0.0704181626661629 off 0.05845357381502324	false	1.0
verzweifeln	neg 1.0		__DUMMY__ 0.8716120346359214 neg 0.06880212936413188 off 0.05958583599994664	false	1.0
verzweifelt	neg 1.0	neg 1.0	neg 0.5235757414953877 __DUMMY__ 0.42961999441526555 off 0.046804264089346855	false	1.0
misstrauensantrag	neg 1.0		__DUMMY__ 0.8691999946106408 neg 0.0685210539574725 off 0.0622789514318867	false	1.0
abfallen	neg 1.0		__DUMMY__ 0.8727381240607948 neg 0.06633702755636106 off 0.06092484838284422	false	1.0
fucker	off 1.0		__DUMMY__ 0.8661517723235298 off 0.06811626847277268 neg 0.06573195920369754	false	1.0
ungezogen	neg 1.0		__DUMMY__ 0.8594866283339406 off 0.07524019682545025 neg 0.06527317484060915	false	0.5
irrsinnig	neg 1.0	neg 1.0	neg 0.5228708052617054 __DUMMY__ 0.4303368291531549 off 0.046792365585139675	false	1.0
unfassbar	neg 1.0		__DUMMY__ 0.8685327044815286 off 0.06638443616926581 neg 0.06508285934920556	false	0.5
hart	neg 1.0		__DUMMY__ 0.8648681300177182 neg 0.06947899230345023 off 0.06565287767883154	false	1.0
widerlich	off 1.0		__DUMMY__ 0.8654701354711932 neg 0.0674798220674747 off 0.06705004246133203	false	0.5
fatal	neg 1.0		__DUMMY__ 0.8690881606662073 neg 0.06821343597460136 off 0.06269840335919126	false	1.0
bruch	neg 1.0		__DUMMY__ 0.8753551713595448 neg 0.07052951202968799 off 0.05411531661076721	false	1.0
aushungern	neg 1.0		__DUMMY__ 0.8721238847129246 neg 0.06909116280774284 off 0.05878495247933258	false	1.0
anspannung	neg 1.0		__DUMMY__ 0.8789365729999774 neg 0.06979515988560532 off 0.05126826711441738	false	1.0
von			__DUMMY__ 0.8847704701741442 neg 0.06066885017451986 off 0.05456067965133587	false	0.0
kraftlos	neg 1.0		__DUMMY__ 0.8731570538999907 neg 0.06882260799321453 off 0.05802033810679481	false	1.0
vom			__DUMMY__ 0.8850575298037082 neg 0.06606740788851799 off 0.04887506230777389	false	0.0
grenzdebil	off 1.0		__DUMMY__ 0.8683548275494885 off 0.0666123204371594 neg 0.06503285201335218	false	1.0
vor			__DUMMY__ 0.8768774120145698 neg 0.06853959309269003 off 0.05458299489274012	false	0.0
unterwerfen	neg 1.0		__DUMMY__ 0.8722395636234221 neg 0.07067739540689498 off 0.057083040969682905	false	1.0
versenkung	neg 1.0		__DUMMY__ 0.8750844683183746 neg 0.06763974432464429 off 0.05727578735698103	false	1.0
entziehen	neg 1.0		__DUMMY__ 0.8746611958983141 neg 0.07111388559382543 off 0.05422491850786051	false	1.0
finanzkrise	neg 1.0		__DUMMY__ 0.8675920648012517 neg 0.07312397276084288 off 0.05928396243790548	false	1.0
schimpfend	neg 1.0		__DUMMY__ 0.8693696842859452 neg 0.06868430396972346 off 0.061946011744331335	false	1.0
profan	neg 1.0		__DUMMY__ 0.8686718751619823 neg 0.06826005664423056 off 0.06306806819378713	false	1.0
korruption	neg 1.0		__DUMMY__ 0.8711228420702586 neg 0.07130046473777733 off 0.05757669319196412	false	1.0
â			__DUMMY__ 0.8740747450493176 neg 0.06849447394687319 off 0.0574307810038092	false	0.0
schmutzig	neg 1.0		__DUMMY__ 0.8683483770066568 off 0.06702883132886199 neg 0.06462279166448122	false	0.5
sexy	neg 1.0		__DUMMY__ 0.8696311442300529 neg 0.06645201970824792 off 0.06391683606169907	false	1.0
abraten	neg 1.0		__DUMMY__ 0.8714431001057791 neg 0.06620537405534212 off 0.062351525838878784	false	1.0
schwarz	neg 1.0		__DUMMY__ 0.8694354410739037 neg 0.06858416944685691 off 0.06198038947923934	false	1.0
fotze	off 1.0	off 1.0	off 0.5140569421411709 __DUMMY__ 0.43341465357826164 neg 0.05252840428056749	false	1.0
verwirren	neg 1.0		__DUMMY__ 0.8694030563487416 neg 0.067013740007169 off 0.06358320364408936	false	1.0
zahnlos	off 1.0		__DUMMY__ 0.8707999722276093 neg 0.06997434783783962 off 0.05922567993455114	false	0.5
verheeren	neg 1.0		__DUMMY__ 0.8587316923416671 off 0.07661939351411556 neg 0.06464891414421735	false	0.5
hippie	neg 1.0		__DUMMY__ 0.869258478036719 neg 0.06711708566205471 off 0.06362443630122624	false	1.0
rammen	neg 1.0		__DUMMY__ 0.864651307393983 neg 0.0740313454320138 off 0.06131734717400322	false	1.0
unlauter	neg 1.0		__DUMMY__ 0.8685204210927249 neg 0.0700354094906683 off 0.06144416941660684	false	1.0
unheilvoll	neg 1.0		__DUMMY__ 0.8686254078590225 neg 0.06954611919731037 off 0.06182847294366707	false	1.0
niedrig	neg 1.0		__DUMMY__ 0.8713796798786355 neg 0.07298045919801537 off 0.05563986092334899	false	1.0
explosion	neg 1.0		__DUMMY__ 0.8702962007533808 neg 0.06661442505000072 off 0.06308937419661857	false	1.0
weichei	off 1.0	off 1.0	off 0.5240833447201017 __DUMMY__ 0.42502462319246026 neg 0.05089203208743813	false	1.0
minusmensch	off 1.0		__DUMMY__ 0.8538520443468638 off 0.0743345384239669 neg 0.07181341722916931	false	1.0
farblos	neg 1.0		__DUMMY__ 0.8697292455226372 neg 0.07083219282200932 off 0.05943856165535344	false	1.0
unwissend	neg 1.0	neg 1.0	neg 0.520946071717819 __DUMMY__ 0.42943440226696467 off 0.049619526015216284	false	1.0
traurig	neg 1.0		__DUMMY__ 0.8671345694288428 off 0.06864665945416092 neg 0.06421877111699613	false	0.5
senkung	neg 1.0		__DUMMY__ 0.8672354713016353 neg 0.06985666814039658 off 0.06290786055796815	false	1.0
ungleich	neg 1.0	neg 1.0	neg 0.5234915414653484 __DUMMY__ 0.43401264092371794 off 0.042495817610933635	false	1.0
heikel	neg 1.0		__DUMMY__ 0.872674053334063 neg 0.07097010632249583 off 0.05635584034344117	false	1.0
drosselung	neg 1.0		__DUMMY__ 0.8660016258358146 neg 0.06773003380990553 off 0.06626834035427985	false	1.0
falsch	neg 1.0		__DUMMY__ 0.8689270134973054 neg 0.06658414228013851 off 0.06448884422255605	false	1.0
unzufriedenheit	neg 1.0		__DUMMY__ 0.8736665621658175 neg 0.07140983242839401 off 0.05492360540578844	false	1.0
kurz	neg 1.0		__DUMMY__ 0.8759314838388204 neg 0.06527650469263954 off 0.058792011468540135	false	1.0
unsinnig	neg 1.0		__DUMMY__ 0.870812525431808 neg 0.06979895437698755 off 0.05938852019120447	false	1.0
penner	off 1.0	off 1.0	off 0.5252678218352768 __DUMMY__ 0.4245772003059187 neg 0.050154977858804475	false	1.0
seicht	neg 1.0		__DUMMY__ 0.8594021940924249 off 0.07505642925299111 neg 0.06554137665458401	false	0.5
dummheit	off 1.0	off 1.0	off 0.5182470578244486 __DUMMY__ 0.42814249831909046 neg 0.053610443856460875	false	1.0
unerfreulich	neg 1.0		__DUMMY__ 0.8751591839085435 neg 0.06939689971663456 off 0.05544391637482191	false	1.0
motherfucker	off 1.0	off 1.0	off 0.5212622022748687 __DUMMY__ 0.4279150185620187 neg 0.05082277916311255	false	1.0
pikiert	neg 1.0		__DUMMY__ 0.8651381067991666 neg 0.06859163984554617 off 0.06627025335528727	false	1.0
wrack	neg 1.0		__DUMMY__ 0.8709523891028895 neg 0.07127538880317226 off 0.05777222209393822	false	1.0
gangster	neg 1.0		__DUMMY__ 0.8691946087039265 neg 0.0671688717969337 off 0.06363651949913977	false	1.0
krank	neg 1.0		__DUMMY__ 0.8694567886971791 off 0.06644646806908786 neg 0.06409674323373302	false	0.5
reich	neg 1.0		__DUMMY__ 0.8682520123930423 neg 0.06651027220916042 off 0.06523771539779726	false	1.0
gnadenlos	neg 1.0		__DUMMY__ 0.8690620166381913 neg 0.069205945867974 off 0.061732037493834636	false	1.0
niedergeschlagen	neg 1.0		__DUMMY__ 0.8720222050146186 neg 0.06899767459336567 off 0.05898012039201569	false	1.0
terrorisieren	off 1.0	off 1.0	off 0.5131310906240873 __DUMMY__ 0.43382715841110775 neg 0.05304175096480492	false	1.0
sinnlosigkeit	neg 1.0		__DUMMY__ 0.8712780593746902 neg 0.07007595312525786 off 0.058645987500052066	false	1.0
behindern	neg 1.0		__DUMMY__ 0.8712739095305013 neg 0.06921663132375473 off 0.05950945914574399	false	1.0
undemokratisch	neg 1.0		__DUMMY__ 0.8700065767481339 neg 0.06841274698549624 off 0.06158067626636997	false	1.0
wirtschaftskrise	neg 1.0		__DUMMY__ 0.8695941553310689 neg 0.07306263502320832 off 0.05734320964572286	false	1.0
neid	neg 1.0		__DUMMY__ 0.8717039954377589 neg 0.06417736025911622 off 0.06411864430312492	false	1.0
rutschen	neg 1.0		__DUMMY__ 0.8808689783461998 neg 0.06716383098148478 off 0.051967190672315436	false	1.0
rezession	neg 1.0		__DUMMY__ 0.8590220077495914 neg 0.07188547530255585 off 0.06909251694785266	false	1.0
fehlgeburt	neg 1.0		__DUMMY__ 0.8703863115183342 neg 0.0678145942626851 off 0.06179909421898078	false	1.0
charakterschwach	off 1.0		__DUMMY__ 0.8655070305627607 neg 0.06755089953609787 off 0.06694206990114145	false	0.5
isolation	neg 1.0		__DUMMY__ 0.8694770120364084 neg 0.06664422718306101 off 0.06387876078053063	false	1.0
ablenkung	neg 1.0		__DUMMY__ 0.8732783499715882 neg 0.06620809747994223 off 0.06051355254846974	false	1.0
pech	neg 1.0		__DUMMY__ 0.86989310008925 neg 0.06638499984975947 off 0.06372190006099049	false	1.0
vermeidung	neg 1.0		__DUMMY__ 0.8664045908377642 neg 0.06716887043866861 off 0.06642653872356714	false	1.0
dominieren	neg 1.0		__DUMMY__ 0.8729345981754082 neg 0.070428714887034 off 0.056636686937557794	false	1.0
schwindlig	neg 1.0		__DUMMY__ 0.8711486745206225 neg 0.06673108209522682 off 0.06212024338415063	false	1.0
lutscher	neg 1.0	neg 1.0	neg 0.5200320792923617 __DUMMY__ 0.4229782553670855 off 0.056989665340552914	false	1.0
pflicht	neg 1.0		__DUMMY__ 0.8733385445004371 neg 0.07132459570718894 off 0.05533685979237394	false	1.0
faschist	off 1.0		__DUMMY__ 0.8689799289566952 neg 0.06703717441736935 off 0.06398289662593551	false	0.5
verschleudern	neg 1.0		__DUMMY__ 0.8734992808250506 neg 0.07035512234576356 off 0.056145596829185976	false	1.0
wenn			__DUMMY__ 0.8686889940462017 neg 0.06668854202091795 off 0.06462246393288033	false	0.0
ehebruch	neg 1.0		__DUMMY__ 0.8715986203525731 neg 0.0708554554614215 off 0.0575459241860054	false	1.0
spott	off 1.0		__DUMMY__ 0.8720431028614997 neg 0.07079690464350034 off 0.057159992494999916	false	0.5
trostlosigkeit	neg 1.0		__DUMMY__ 0.8736329032985247 neg 0.07185235317495438 off 0.05451474352652089	false	1.0
lutschen	neg 1.0		__DUMMY__ 0.8655782065768814 neg 0.07040322305323664 off 0.0640185703698818	false	1.0
undiszipliniert	neg 1.0		__DUMMY__ 0.8662265993435989 off 0.06810552524045833 neg 0.06566787541594277	false	0.5
kopfschmerz	neg 1.0		__DUMMY__ 0.8690981844294656 neg 0.07296308285222917 off 0.05793873271830531	false	1.0
unvorhergesehen	neg 1.0		__DUMMY__ 0.877638190659244 neg 0.06701268511071021 off 0.05534912423004588	false	1.0
desinteressiert	neg 1.0	neg 1.0	neg 0.520550933528083 __DUMMY__ 0.42813211753091907 off 0.05131694894099791	false	1.0
armselig	off 1.0		__DUMMY__ 0.8638282817214098 off 0.0690029903159822 neg 0.0671687279626081	false	1.0
desaster	neg 1.0		__DUMMY__ 0.8754230733497721 neg 0.07098333429679915 off 0.053593592353428705	false	1.0
tod	neg 1.0		__DUMMY__ 0.8721140747242937 neg 0.07075499214884627 off 0.05713093312686	false	1.0
herzlos	neg 1.0		__DUMMY__ 0.8652216898733467 off 0.06877529830192045 neg 0.0660030118247329	false	0.5
unwissenheit	neg 1.0		__DUMMY__ 0.8707846948467011 neg 0.07087835886658748 off 0.058336946286711454	false	1.0
widersinnig	neg 1.0		__DUMMY__ 0.8694257845529086 neg 0.07202733187673124 off 0.05854688357036004	false	1.0
bedenklich	neg 1.0		__DUMMY__ 0.8717521017506419 neg 0.07074827021539778 off 0.057499628033960415	false	1.0
beanstanden	neg 1.0		__DUMMY__ 0.8747543011478571 neg 0.07030525557070288 off 0.05494044328143992	false	1.0
panisch	neg 1.0	neg 1.0	neg 0.5190359544356157 __DUMMY__ 0.4336374112080528 off 0.04732663435633153	false	1.0
debil	off 1.0		__DUMMY__ 0.8793775923699185 neg 0.07142647480490162 off 0.04919593282517986	false	0.5
abstrich	neg 1.0		__DUMMY__ 0.875957519473047 neg 0.0656864512916924 off 0.05835602923526061	false	1.0
primitiv	neg 1.0		__DUMMY__ 0.8655654212753052 off 0.06728149670399569 neg 0.06715308202069918	false	0.5
abschaum	off 1.0	off 1.0	off 0.519999167841585 __DUMMY__ 0.428188694373204 neg 0.051812137785211036	false	1.0
provozieren	neg 1.0		__DUMMY__ 0.868108684594273 neg 0.07030155292945965 off 0.06158976247626733	false	1.0
tot	neg 1.0		__DUMMY__ 0.8720268056896536 neg 0.0705509108416021 off 0.057422283468744256	false	1.0
instabil	neg 1.0		__DUMMY__ 0.8644896687576574 off 0.0682230723043494 neg 0.06728725893799323	false	0.5
schwuchtel	off 1.0	off 1.0	off 0.5297140298307063 __DUMMY__ 0.4196165264044047 neg 0.05066944376488899	false	1.0
zerren	neg 1.0		__DUMMY__ 0.8719929364188288 neg 0.06942810299864664 off 0.058578960582524486	false	1.0
kinderficker	off 1.0		__DUMMY__ 0.8636878271559368 off 0.07150517819157459 neg 0.06480699465248865	false	1.0
gefahr	neg 1.0		__DUMMY__ 0.8752178318015097 neg 0.07003159136242829 off 0.05475057683606215	false	1.0
rabiat	neg 1.0		__DUMMY__ 0.8709848783043425 neg 0.06832270085416146 off 0.06069242084149601	false	1.0
verlangsamung	neg 1.0		__DUMMY__ 0.8577860683403372 off 0.07302499790770484 neg 0.06918893375195787	false	0.5
ausgestorben	neg 1.0		__DUMMY__ 0.8720056539925601 neg 0.06767198705135599 off 0.060322358956083975	false	1.0
anklagen	neg 1.0		__DUMMY__ 0.8711104891044926 neg 0.071209543824131 off 0.057679967071376285	false	1.0
trott	neg 1.0		__DUMMY__ 0.8711953720904699 neg 0.06890350777821352 off 0.0599011201313165	false	1.0
verminderung	neg 1.0		__DUMMY__ 0.8668472566445489 off 0.06677411467852122 neg 0.06637862867693003	false	0.5
nach			__DUMMY__ 0.8817060848763922 neg 0.06734548645311782 off 0.05094842867048987	false	0.0
rost	neg 1.0		__DUMMY__ 0.8620268833083233 off 0.0715615124458592 neg 0.06641160424581746	false	0.5
destruktiv	neg 1.0		__DUMMY__ 0.8699709035146158 neg 0.06959487096921883 off 0.06043422551616534	false	1.0
unzumutbarkeit	neg 1.0		__DUMMY__ 0.867559395877121 neg 0.06686079451314812 off 0.06557980960973078	false	1.0
labil	off 1.0	off 1.0	off 0.5193777829053591 __DUMMY__ 0.4288269920535823 neg 0.051795225041058594	false	1.0
ziemlich	neg 1.0		__DUMMY__ 0.8694948462362562 off 0.06615640632118891 neg 0.06434874744255492	false	0.5
lachnummer	off 1.0		__DUMMY__ 0.8694076056410736 neg 0.06934806429311464 off 0.06124433006581188	false	0.5
oder			__DUMMY__ 0.8728476428881242 neg 0.06602148924553979 off 0.06113086786633597	false	0.0
verfall	neg 1.0		__DUMMY__ 0.8763246183325065 neg 0.07247923574791855 off 0.051196145919574866	false	1.0
ausgrenzung	neg 1.0		__DUMMY__ 0.8694388161963158 neg 0.06842134457573383 off 0.06213983922795045	false	1.0
unordnung	neg 1.0		__DUMMY__ 0.8681066678812032 off 0.06790075528792791 neg 0.06399257683086895	false	0.5
fehlverhalten	neg 1.0		__DUMMY__ 0.8715432294233093 neg 0.0725173868098977 off 0.05593938376679294	false	1.0
eine			__DUMMY__ 0.8767051177500936 neg 0.06820884380832609 off 0.055086038441580366	false	0.0
nille	neg 1.0		__DUMMY__ 0.8718824142956183 neg 0.06807996174144235 off 0.060037623962939386	false	1.0
qual	neg 1.0		__DUMMY__ 0.8716039134844461 neg 0.06885159087465847 off 0.05954449564089534	false	1.0
verschwenden	neg 1.0		__DUMMY__ 0.8715826245110522 neg 0.07169325666467517 off 0.056724118824272717	false	1.0
riesig	neg 1.0		__DUMMY__ 0.8733058137934393 neg 0.06991109599281924 off 0.05678309021374151	false	1.0
verurteilen	neg 1.0		__DUMMY__ 0.869754302262013 neg 0.07190096232558658 off 0.0583447354124004	false	1.0
klischee	neg 1.0	neg 1.0	neg 0.5220805230516191 __DUMMY__ 0.4291711998469267 off 0.048748277101454345	false	1.0
diktatorisch	neg 1.0		__DUMMY__ 0.8686856580141818 neg 0.06954524966646859 off 0.061769092319349635	false	1.0
vorhersehbar	neg 1.0		__DUMMY__ 0.8672022020366315 neg 0.06897925984815542 off 0.0638185381152131	false	1.0
sowie			__DUMMY__ 0.8613453453272994 off 0.07073507872410427 neg 0.0679195759485963	false	0.0
stornieren	neg 1.0		__DUMMY__ 0.8766848659812853 off 0.06206352721401055 neg 0.06125160680470422	false	0.5
besteuerung	neg 1.0		__DUMMY__ 0.865920340724889 neg 0.07325240802837929 off 0.06082725124673177	false	1.0
ungeschminkt	neg 1.0		__DUMMY__ 0.8614562272350085 neg 0.07202856696744876 off 0.06651520579754275	false	1.0
kritisch	neg 1.0		__DUMMY__ 0.8725950975828826 neg 0.07010316148663352 off 0.05730174093048388	false	1.0
schlamperei	off 1.0		__DUMMY__ 0.8742572049185369 neg 0.06980776273991664 off 0.055935032341546516	false	0.5
sucht	neg 1.0	neg 1.0	neg 0.5182967443048442 __DUMMY__ 0.4359925230188109 off 0.04571073267634482	false	1.0
egoistisch	off 1.0		__DUMMY__ 0.8620627658504798 off 0.07159698929453871 neg 0.06634024485498137	false	1.0
ausbeuter	off 1.0		__DUMMY__ 0.8708698764425118 neg 0.07319605045949847 off 0.055934073097989735	false	0.5
arschgeburt	off 1.0		__DUMMY__ 0.8521880871934102 off 0.07907233505654224 neg 0.0687395777500475	false	1.0
schubs	neg 1.0		__DUMMY__ 0.8729812293112855 neg 0.06892202990143076 off 0.05809674078728378	false	1.0
unsolide	neg 1.0		__DUMMY__ 0.8676629898689625 neg 0.07002240194014986 off 0.0623146081908875	false	1.0
beschwerde	neg 1.0		__DUMMY__ 0.8716499334999467 neg 0.07169293625141104 off 0.056657130248642315	false	1.0
stocken	neg 1.0		__DUMMY__ 0.8727833034614507 neg 0.07105991993267156 off 0.056156776605877715	false	1.0
isolieren	neg 1.0		__DUMMY__ 0.8730530819746499 neg 0.06927942500066638 off 0.057667493024683734	false	1.0
unheilbar	neg 1.0		__DUMMY__ 0.8713343975306063 neg 0.06774924673762066 off 0.060916355731773106	false	1.0
pisser	off 1.0		__DUMMY__ 0.8618864545232199 neg 0.06972423110075272 off 0.06838931437602744	false	0.5
löschen	neg 1.0		__DUMMY__ 0.8707685686636166 neg 0.068969421797692 off 0.060262009538691354	false	1.0
durchfallen	neg 1.0		__DUMMY__ 0.8711030745525848 neg 0.07103302446705431 off 0.05786390098036077	false	1.0
wichser	off 1.0	off 1.0	off 0.5275768913184955 __DUMMY__ 0.4227223382922577 neg 0.04970077038924679	false	1.0
terror	neg 1.0		__DUMMY__ 0.8699294454269672 neg 0.06694105922838305 off 0.06312949534464982	false	1.0
krass	neg 1.0		__DUMMY__ 0.8636777595053552 off 0.06910334876425249 neg 0.06721889173039242	false	0.5
revolte	neg 1.0		__DUMMY__ 0.8682105825031985 neg 0.0693121323503802 off 0.06247728514642142	false	1.0
besorgt	neg 1.0		__DUMMY__ 0.8759584035531659 neg 0.0653963295442778 off 0.0586452669025564	false	1.0
nachlassen	neg 1.0		__DUMMY__ 0.8759008871179383 neg 0.06827361053655283 off 0.055825502345508864	false	1.0
alt	neg 1.0		__DUMMY__ 0.8712302553146509 neg 0.07129196294630473 off 0.05747778173904437	false	1.0
hundesohn	off 1.0		__DUMMY__ 0.8573353502748974 off 0.07571829098520869 neg 0.0669463587398939	false	1.0
als			__DUMMY__ 0.8734978519097528 neg 0.0679935469017249 off 0.058508601188522254	false	0.0
abschreckung	neg 1.0		__DUMMY__ 0.87395703366774 neg 0.07128033613082851 off 0.05476263020143155	false	1.0
unqualifiziert	neg 1.0		__DUMMY__ 0.8669907718440265 neg 0.06828532614769764 off 0.06472390200827581	false	1.0
abgewichst	off 1.0		__DUMMY__ 0.8729576598000071 neg 0.06776902471705458 off 0.05927331548293828	false	0.5
schwer	neg 1.0		__DUMMY__ 0.870894791050506 neg 0.06907259055288792 off 0.06003261839660595	false	1.0
bedeutungslosigkeit	neg 1.0		__DUMMY__ 0.8732433839505785 neg 0.07098379996919303 off 0.055772816080228424	false	1.0
kapitulation	neg 1.0		__DUMMY__ 0.8727331114065006 neg 0.0703065539282224 off 0.05696033466527704	false	1.0
unscharf	neg 1.0		__DUMMY__ 0.8669862261351853 neg 0.07067801884027504 off 0.0623357550245398	false	1.0
schwinden	neg 1.0		__DUMMY__ 0.8730874535276585 neg 0.0715640383130849 off 0.05534850815925665	false	1.0
versklavung	neg 1.0		__DUMMY__ 0.8693800803199394 neg 0.06937392948653331 off 0.06124599019352734	false	1.0
schlecht	neg 1.0		__DUMMY__ 0.869510698339434 off 0.06639239080720782 neg 0.06409691085335827	false	0.5
verhasst	neg 1.0		__DUMMY__ 0.8665727678764955 neg 0.07128379622026093 off 0.062143435903243636	false	1.0
beschweren	neg 1.0		__DUMMY__ 0.8705184583677449 neg 0.06694918381045499 off 0.06253235782180011	false	1.0
scheiden	neg 1.0		__DUMMY__ 0.8738813993755947 neg 0.06620800592066729 off 0.05991059470373792	false	1.0
frustriert	neg 1.0		__DUMMY__ 0.8708404902355599 neg 0.06990119420186872 off 0.059258315562571405	false	1.0
schimmelig	neg 1.0		__DUMMY__ 0.868487324410582 neg 0.07435662889532305 off 0.05715604669409496	false	1.0
fisch	neg 1.0		__DUMMY__ 0.8717341652761045 neg 0.07402038458303861 off 0.05424545014085694	false	1.0
schmuggel	neg 1.0		__DUMMY__ 0.8713600976330329 neg 0.07270591265875377 off 0.05593398970821321	false	1.0
auffallen	neg 1.0		__DUMMY__ 0.869827511913082 neg 0.06693015038936422 off 0.06324233769755379	false	1.0
konkurrenz	neg 1.0		__DUMMY__ 0.8758253858097871 neg 0.06972492204277873 off 0.054449692147434205	false	1.0
teufelskreis	neg 1.0	neg 1.0	neg 0.5240807325788459 __DUMMY__ 0.43023089188804303 off 0.04568837553311114	false	1.0
aufschreien	neg 1.0		__DUMMY__ 0.8680958164187632 neg 0.068522096172296 off 0.06338208740894086	false	1.0
schuldner	neg 1.0		__DUMMY__ 0.871251055103486 neg 0.07363537584843921 off 0.05511356904807478	false	1.0
missgeburt	off 1.0	off 1.0	off 0.5246407499056127 __DUMMY__ 0.4219537922171651 neg 0.053405457877222215	false	1.0
arbeitslos	neg 1.0		__DUMMY__ 0.8706902244065922 neg 0.07104214606625896 off 0.05826762952714888	false	1.0
befallen	neg 1.0		__DUMMY__ 0.8678994544191346 neg 0.07321078257467534 off 0.058889763006189956	false	1.0
miesepetrig	off 1.0	off 1.0	off 0.5196798281186918 __DUMMY__ 0.43038279275008756 neg 0.04993737913122054	false	1.0
alarmieren	neg 1.0		__DUMMY__ 0.8644002384621972 neg 0.07070083675101667 off 0.0648989247867862	false	1.0
ungeduscht	off 1.0		__DUMMY__ 0.8653346214223339 neg 0.07052644730593216 off 0.06413893127173398	false	0.5
knappheit	neg 1.0		__DUMMY__ 0.8700198621896426 neg 0.07238019621965502 off 0.05759994159070245	false	1.0
schlange	neg 1.0		__DUMMY__ 0.8735676973127199 neg 0.06467073331254186 off 0.06176156937473824	false	1.0
harsch	neg 1.0		__DUMMY__ 0.8656193172024806 off 0.07017243358229079 neg 0.06420824921522854	false	0.5
lang	neg 1.0		__DUMMY__ 0.87083396703028 neg 0.06805262871645253 off 0.06111340425326752	false	1.0
ziellos	neg 1.0		__DUMMY__ 0.8747243224997734 neg 0.06796922895737433 off 0.0573064485428523	false	1.0
selbstverliebt	neg 1.0		__DUMMY__ 0.8566266947398001 off 0.07672962148411148 neg 0.06664368377608833	false	0.5
beseitigen	neg 1.0		__DUMMY__ 0.8725374228678886 neg 0.0686376940921443 off 0.05882488303996722	false	1.0
dumm	off 1.0		__DUMMY__ 0.8628203201253016 off 0.07216455579658199 neg 0.06501512407811635	false	1.0
arbeitsloser	neg 1.0		__DUMMY__ 0.874123637662033 neg 0.0675713401880895 off 0.058305022149877477	false	1.0
blitzen	neg 1.0		__DUMMY__ 0.8697212759913794 neg 0.0667384276708104 off 0.06354029633781019	false	1.0
hilflos	neg 1.0		__DUMMY__ 0.8703693255478383 neg 0.07090759350790747 off 0.05872308094425423	false	1.0
eklig	off 1.0		__DUMMY__ 0.858967507057608 off 0.07269504024730986 neg 0.06833745269508211	false	1.0
begriff			__DUMMY__ 0.8716305502915476 neg 0.06842505084327061 off 0.05994439886518191	false	0.0
hungersnot	neg 1.0		__DUMMY__ 0.8707907826672889 neg 0.07126040452230152 off 0.05794881281040955	false	1.0
ungesetzlich	neg 1.0		__DUMMY__ 0.8678413127145534 neg 0.07051257389925762 off 0.061646113386188965	false	1.0
verschwendung	neg 1.0		__DUMMY__ 0.8727479114546616 neg 0.07090865452594622 off 0.05634343401939217	false	1.0
schmerzvoll	neg 1.0		__DUMMY__ 0.8695366758605577 neg 0.0683242049506422 off 0.06213911918880011	false	1.0
vorzeitig	neg 1.0		__DUMMY__ 0.8678692313081501 neg 0.06912611802215114 off 0.0630046506696987	false	1.0
unvollkommenheit	neg 1.0		__DUMMY__ 0.8762143482504857 neg 0.0664623453447163 off 0.05732330640479802	false	1.0
intervenieren	neg 1.0		__DUMMY__ 0.8720334572012168 neg 0.0716446936979088 off 0.056321849100874385	false	1.0
banause	off 1.0		__DUMMY__ 0.8552449768352711 off 0.075191638669691 neg 0.06956338449503788	false	1.0
rebell	neg 1.0		__DUMMY__ 0.8741058328572011 neg 0.07358704558983517 off 0.05230712155296384	false	1.0
unlogisch	neg 1.0		__DUMMY__ 0.8645447432219279 off 0.06862888664262556 neg 0.06682637013544658	false	0.5
leiden	neg 1.0		__DUMMY__ 0.8771609303567524 neg 0.06796598635696949 off 0.054873083286278164	false	1.0
abschaffung	neg 1.0		__DUMMY__ 0.8706772644491809 neg 0.06857478274310766 off 0.06074795280771148	false	1.0
sturz	neg 1.0		__DUMMY__ 0.86990934278871 neg 0.06979224223697769 off 0.060298414974312264	false	1.0
verkleinerung	neg 1.0		__DUMMY__ 0.866376451882697 neg 0.07020066923296603 off 0.06342287888433704	false	1.0
schmarotzer	off 1.0		__DUMMY__ 0.8700849943016838 neg 0.07082404003674689 off 0.059090965661569246	false	0.5
bestrafung	neg 1.0		__DUMMY__ 0.8693563944790593 neg 0.06910333267958187 off 0.06154027284135888	false	1.0
achtlos	neg 1.0	neg 1.0	neg 0.5218467053297078 __DUMMY__ 0.4328724214499994 off 0.04528087322029277	false	1.0
ungeheuer	neg 1.0		__DUMMY__ 0.8694519138821243 neg 0.06794163453441875 off 0.06260645158345689	false	1.0
unaufrichtig	neg 1.0		__DUMMY__ 0.8729254745296784 neg 0.06353810634451185 off 0.06353641912580978	false	1.0
