unsolidarisch	neg 1.0		__DUMMY__ 0.91757563560204 neg 0.04466505554775922 off 0.037759308850200846	false	1.0
nachteilig	neg 1.0		__DUMMY__ 0.9224997282118733 neg 0.04343797607981817 off 0.03406229570830851	false	1.0
skeptisch	neg 1.0		__DUMMY__ 0.9222865880046458 neg 0.04394786225433939 off 0.03376554974101487	false	1.0
schrecklich	neg 1.0		__DUMMY__ 0.9157783953703965 off 0.04482580775925828 neg 0.039395796870345175	false	0.5
schlapp	neg 1.0		__DUMMY__ 0.9182200994333106 off 0.041352180237499425 neg 0.04042772032919007	false	0.5
abfall	neg 1.0		__DUMMY__ 0.925295599346725 neg 0.04385903932674998 off 0.030845361326524958	false	1.0
widerspenstig	neg 1.0		__DUMMY__ 0.920163133459749 neg 0.04249027294539654 off 0.037346593594854524	false	1.0
abrupt	neg 1.0		__DUMMY__ 0.92284673948211 neg 0.04329963521196501 off 0.03385362530592498	false	1.0
unwirksam	neg 1.0		__DUMMY__ 0.9171223593851752 neg 0.045550832883029725 off 0.03732680773179523	false	1.0
angreifen	neg 1.0		__DUMMY__ 0.9204808414953178 neg 0.04568547142261416 off 0.03383368708206799	false	1.0
inkonsistent	neg 1.0		__DUMMY__ 0.916621548977911 neg 0.045512082628243994 off 0.0378663683938449	false	1.0
abrutschen	neg 1.0		__DUMMY__ 0.9236770156727256 neg 0.045011386662531926 off 0.03131159766474239	false	1.0
unsicher	neg 1.0		__DUMMY__ 0.9222467739890247 neg 0.04030297746441485 off 0.037450248546560476	false	1.0
bauernkind	off 1.0	off 1.0	off 0.5112826887658067 __DUMMY__ 0.4451790448279889 neg 0.043538266406204236	false	1.0
angreifer	neg 1.0	neg 1.0	neg 0.5082237712062584 __DUMMY__ 0.45635980917328045 off 0.035416419620461125	false	1.0
trennen	neg 1.0		__DUMMY__ 0.924224553481949 neg 0.04257603124680367 off 0.0331994152712474	false	1.0
schmutz	neg 1.0		__DUMMY__ 0.9210268618785716 neg 0.040721511841368616 off 0.038251626280059736	false	1.0
inkonsistenz	neg 1.0		__DUMMY__ 0.9137045742816903 neg 0.044219558630715354 off 0.04207586708759444	false	1.0
erschreckend	neg 1.0		__DUMMY__ 0.9193755203573433 neg 0.043491926550015714 off 0.03713255309264102	false	1.0
ertrinken	neg 1.0		__DUMMY__ 0.9198475224950068 neg 0.046234287897752975 off 0.03391818960724014	false	1.0
pickelface	off 1.0		__DUMMY__ 0.9203491022851578 neg 0.04298327115236076 off 0.03666762656248153	false	0.5
seiner			__DUMMY__ 0.9220814217903733 neg 0.04396059638200532 off 0.033957981827621345	false	0.0
lauch	neg 1.0		__DUMMY__ 0.9239548621056929 neg 0.04472906202544641 off 0.03131607586886078	false	1.0
unwichtig	neg 1.0		__DUMMY__ 0.916841333923767 neg 0.041612350289907694 off 0.04154631578632537	false	1.0
steuerhinterziehung	neg 1.0	neg 1.0	neg 0.5104474582817703 __DUMMY__ 0.4571139866351957 off 0.032438555083034164	false	1.0
schock	neg 1.0		__DUMMY__ 0.9198353750795781 neg 0.04342693062002343 off 0.03673769430039838	false	1.0
beule	neg 1.0		__DUMMY__ 0.9153289090660289 neg 0.042585125925180725 off 0.04208596500879041	false	1.0
vergelten	neg 1.0		__DUMMY__ 0.9187227904215737 off 0.04399127751056915 neg 0.03728593206785715	false	0.5
verdorbenheit	neg 1.0		__DUMMY__ 0.9221709307371364 neg 0.040433279484077274 off 0.037395789778786326	false	1.0
trauma	neg 1.0		__DUMMY__ 0.9192163888753826 neg 0.0425894393198299 off 0.0381941718047876	false	1.0
sinnlos	neg 1.0		__DUMMY__ 0.9193338189360167 neg 0.0413390392109213 off 0.03932714185306193	false	1.0
fettsack	off 1.0	off 1.0	off 0.5121539208438133 __DUMMY__ 0.44663521930497413 neg 0.04121085985121255	false	1.0
feige	off 1.0	off 1.0	off 0.5082923746065369 __DUMMY__ 0.4517659654901126 neg 0.039941659903350545	false	1.0
abdanken	neg 1.0		__DUMMY__ 0.9193836347226976 neg 0.043291309677007075 off 0.03732505560029539	false	1.0
wichtigtuer	off 1.0	off 1.0	off 0.5064612025960697 __DUMMY__ 0.4545657548214231 neg 0.03897304258250717	false	1.0
misslingen	neg 1.0		__DUMMY__ 0.9258037744092926 off 0.037322297215218216 neg 0.03687392837548912	false	0.5
untreu	off 1.0		__DUMMY__ 0.9169709471517776 off 0.04183792635006502 neg 0.041191126498157364	false	1.0
missmutig	neg 1.0		__DUMMY__ 0.9175392101636914 neg 0.041300668780778454 off 0.04116012105553006	false	1.0
hurenbock	off 1.0		__DUMMY__ 0.9185207338224531 neg 0.04285062082910772 off 0.038628645348439065	false	0.5
betrunken	neg 1.0		__DUMMY__ 0.9170092101956916 off 0.04280445520230753 neg 0.040186334602000925	false	0.5
korrupt	off 1.0		__DUMMY__ 0.9180527294084772 neg 0.045972822236915206 off 0.03597444835460766	false	0.5
unmut	neg 1.0		__DUMMY__ 0.9243377438930755 neg 0.04420051156926416 off 0.031461744537660374	false	1.0
hackfresse	off 1.0		__DUMMY__ 0.9121336832593757 off 0.04768013903760777 neg 0.04018617770301653	false	1.0
aufblasen	neg 1.0		__DUMMY__ 0.9201224141917179 neg 0.04110157698532537 off 0.03877600882295669	false	1.0
gewaltsam	neg 1.0		__DUMMY__ 0.9190390839543234 neg 0.04470967992993121 off 0.03625123611574532	false	1.0
unbeliebtheit	neg 1.0		__DUMMY__ 0.9148631913461581 neg 0.044222703167458764 off 0.040914105486383065	false	1.0
sturheit	neg 1.0		__DUMMY__ 0.9189199757536586 neg 0.04433810485902315 off 0.03674191938731838	false	1.0
kuh	neg 1.0		__DUMMY__ 0.9138505936934039 neg 0.04700020937531396 off 0.03914919693128203	false	1.0
erschrecken	neg 1.0		__DUMMY__ 0.9189123186618211 off 0.04094559292012569 neg 0.04014208841805324	false	0.5
opfer	neg 1.0		__DUMMY__ 0.9213906173562393 neg 0.04372571565099209 off 0.03488366699276871	false	1.0
sinken	neg 1.0		__DUMMY__ 0.924180156066065 neg 0.04407834737086598 off 0.03174149656306903	false	1.0
stinktier	neg 1.0		__DUMMY__ 0.9074646508083266 neg 0.04696855225260657 off 0.04556679693906691	false	1.0
tucke	off 1.0		__DUMMY__ 0.9083073684785805 off 0.04850298422092193 neg 0.04318964730049756	false	1.0
ein			__DUMMY__ 0.9194023667069905 neg 0.042502626911002026 off 0.0380950063820075	false	0.0
abstieg	neg 1.0		__DUMMY__ 0.9211440680127572 neg 0.0448643353062213 off 0.03399159668102146	false	1.0
missverstehen	neg 1.0		__DUMMY__ 0.9171826689905085 neg 0.04265775242904178 off 0.04015957858044963	false	1.0
ergebnislos	neg 1.0		__DUMMY__ 0.9221047028173665 neg 0.044150198755735545 off 0.03374509842689804	false	1.0
unter			__DUMMY__ 0.9293689410061627 neg 0.04341651991391634 off 0.027214539079921007	false	0.0
manipulieren	neg 1.0		__DUMMY__ 0.9231561555213735 neg 0.04339205018790769 off 0.033451794290718845	false	1.0
unbewiesen	neg 1.0		__DUMMY__ 0.9165219003647576 neg 0.04568650560876106 off 0.03779159402648142	false	1.0
verschleppen	neg 1.0		__DUMMY__ 0.9194739075005093 neg 0.045312990730857684 off 0.035213101768633015	false	1.0
weib	off 1.0		__DUMMY__ 0.9058974066348275 off 0.04842703156179925 neg 0.045675561803373205	false	1.0
opposition	neg 1.0		__DUMMY__ 0.91723002114041 neg 0.04421331126189653 off 0.038556667597693495	false	1.0
verkehrswidrig	neg 1.0		__DUMMY__ 0.918428325065057 off 0.04426929083141311 neg 0.03730238410352998	false	0.5
inkorrekt	neg 1.0		__DUMMY__ 0.9135074106829278 off 0.044727534035623136 neg 0.04176505528144903	false	0.5
vermeiden	neg 1.0	neg 1.0	neg 0.5082273723876789 __DUMMY__ 0.4646493830876372 off 0.027123244524683805	false	1.0
abweichung	neg 1.0	neg 1.0	neg 0.5068125821823196 __DUMMY__ 0.46165652224710385 off 0.03153089557057665	false	1.0
alkoholisiert	neg 1.0		__DUMMY__ 0.9234279889484904 neg 0.04336572244005983 off 0.033206288611449766	false	1.0
scheiss	off 1.0	off 1.0	off 0.5078352445323874 __DUMMY__ 0.45294785901125406 neg 0.03921689645635867	false	1.0
herausforderung	neg 1.0		__DUMMY__ 0.9244540599406248 neg 0.042031639154008676 off 0.033514300905366556	false	1.0
pervers	off 1.0		__DUMMY__ 0.9084961663421887 off 0.05050804690972208 neg 0.04099578674808935	false	1.0
wackelig	neg 1.0		__DUMMY__ 0.9251182411979598 neg 0.03938214388662645 off 0.03549961491541376	false	1.0
verwickeln	neg 1.0		__DUMMY__ 0.9176664572008113 neg 0.04257838065570888 off 0.039755162143479836	false	1.0
vorwand	neg 1.0		__DUMMY__ 0.9219129132274472 neg 0.0446984429022009 off 0.03338864387035189	false	1.0
muschi	off 1.0		__DUMMY__ 0.920292898719294 neg 0.042853522699209015 off 0.036853578581496925	false	0.5
entmutigung	neg 1.0		__DUMMY__ 0.9186092817415852 neg 0.04266161998294594 off 0.03872909827546885	false	1.0
unangemessen	neg 1.0		__DUMMY__ 0.9188815128180781 neg 0.044556310253926104 off 0.03656217692799578	false	1.0
unstetig	neg 1.0		__DUMMY__ 0.9189770924893266 neg 0.041764525908398034 off 0.03925838160227533	false	1.0
entmutigen	neg 1.0		__DUMMY__ 0.9198017874716669 neg 0.0419348066179709 off 0.038263405910362286	false	1.0
schwanz	neg 1.0		__DUMMY__ 0.9212062919124324 neg 0.04419370941570016 off 0.034599998671867416	false	1.0
verbot	neg 1.0		__DUMMY__ 0.9203049836264754 neg 0.0441234050585154 off 0.035571611315009195	false	1.0
leid	neg 1.0		__DUMMY__ 0.9132185352816707 off 0.04610235300712438 neg 0.04067911171120489	false	0.5
archaisch	neg 1.0		__DUMMY__ 0.9193780771814761 neg 0.04409718010918749 off 0.03652474270933634	false	1.0
gegen			__DUMMY__ 0.923436257737198 neg 0.044422622132094164 off 0.03214112013070792	false	0.0
scheidung	neg 1.0		__DUMMY__ 0.9108960987737983 off 0.05411907904575984 neg 0.03498482218044186	false	0.5
einschlag	neg 1.0		__DUMMY__ 0.9159264624306843 off 0.043814841361067336 neg 0.0402586962082483	false	0.5
m			__DUMMY__ 0.9223609973572264 neg 0.04220919202533915 off 0.03542981061743441	false	0.0
abgestanden	neg 1.0		__DUMMY__ 0.9178050246013036 neg 0.04493596008102723 off 0.03725901531766918	false	1.0
schmierig	off 1.0		__DUMMY__ 0.9145750134172517 off 0.045462763272482665 neg 0.03996222331026568	false	1.0
unpraktisch	neg 1.0		__DUMMY__ 0.9198685153990851 neg 0.04173867274950939 off 0.03839281185140547	false	1.0
wixxer	off 1.0		__DUMMY__ 0.9062822914390649 off 0.050736818951120304 neg 0.042980889609814776	false	1.0
bezeichnet			__DUMMY__ 0.917257987285553 neg 0.044894248146553274 off 0.03784776456789378	false	0.0
jammerlappen	off 1.0		__DUMMY__ 0.9186582165894593 off 0.04149903326607128 neg 0.03984275014446934	false	1.0
farce	neg 1.0		__DUMMY__ 0.9187631800075459 neg 0.044913821194525215 off 0.036322998797928864	false	1.0
zwecklos	neg 1.0		__DUMMY__ 0.9192270960089394 neg 0.044557909129645155 off 0.03621499486141549	false	1.0
turbulent	neg 1.0		__DUMMY__ 0.9142952759482227 neg 0.04314685178257319 off 0.042557872269204135	false	1.0
invasion	neg 1.0		__DUMMY__ 0.9186848058099893 neg 0.042256882234245535 off 0.039058311955765174	false	1.0
schuld	neg 1.0		__DUMMY__ 0.9181230129406516 neg 0.04326050471163688 off 0.03861648234771154	false	1.0
risiko	neg 1.0	neg 1.0	neg 0.5062870579238774 __DUMMY__ 0.4589650402209175 off 0.03474790185520503	false	1.0
finster	neg 1.0		__DUMMY__ 0.9174499626503605 neg 0.04446402816683919 off 0.038086009182800286	false	1.0
geisteskrank	off 1.0		__DUMMY__ 0.9136950378031449 off 0.043171803784089996 neg 0.043133158412765125	false	1.0
zusammenbrechen	neg 1.0		__DUMMY__ 0.9211123073518309 neg 0.04272287370614872 off 0.036164818942020394	false	1.0
ausbeute	neg 1.0		__DUMMY__ 0.9295618072712243 neg 0.03644313399025149 off 0.03399505873852417	false	1.0
hinterhalt	neg 1.0		__DUMMY__ 0.9223891491356003 neg 0.04201500142750298 off 0.03559584943689677	false	1.0
kritik	neg 1.0		__DUMMY__ 0.9185278447135277 neg 0.04525840618804261 off 0.03621374909842965	false	1.0
einschrumpfen	neg 1.0		__DUMMY__ 0.9153528837491713 neg 0.04386790314920973 off 0.04077921310161891	false	1.0
riskant	neg 1.0		__DUMMY__ 0.9203374859550859 neg 0.045397775947010874 off 0.034264738097903244	false	1.0
frustrieren	neg 1.0		__DUMMY__ 0.9208629396004291 neg 0.04418405987491152 off 0.034953000524659335	false	1.0
groll	neg 1.0		__DUMMY__ 0.9194224849983006 neg 0.044735648059450815 off 0.03584186694224855	false	1.0
gibt			__DUMMY__ 0.9217241512770098 neg 0.04197329643052423 off 0.036302552292466025	false	0.0
qualvoll	neg 1.0		__DUMMY__ 0.917743252172253 neg 0.04239084112166825 off 0.039865906706078674	false	1.0
wackeln	neg 1.0		__DUMMY__ 0.9212665289660548 neg 0.04069257213593704 off 0.038040898898008185	false	1.0
klagen	neg 1.0		__DUMMY__ 0.9234810951705246 neg 0.04443646731586327 off 0.03208243751361221	false	1.0
bankrott	neg 1.0		__DUMMY__ 0.9190005754287169 off 0.040665174066566424 neg 0.040334250504716646	false	0.5
trauern	neg 1.0		__DUMMY__ 0.922169892583345 neg 0.04345617366368919 off 0.03437393375296584	false	1.0
ablehnung	neg 1.0		__DUMMY__ 0.9191322710437435 neg 0.04483918857041836 off 0.03602854038583809	false	1.0
stur	neg 1.0		__DUMMY__ 0.9184060372490087 neg 0.04287854277116745 off 0.0387154199798239	false	1.0
aufruhr	neg 1.0	neg 1.0	neg 0.5092639615457804 __DUMMY__ 0.45730962600227293 off 0.03342641245194674	false	1.0
melancholie	neg 1.0		__DUMMY__ 0.9212716242175205 neg 0.04413812373762325 off 0.03459025204485623	false	1.0
ist			__DUMMY__ 0.9194598287016836 neg 0.04142122068577466 off 0.03911895061254161	false	0.0
torheit	neg 1.0		__DUMMY__ 0.920040145035481 neg 0.04202171389167327 off 0.037938141072845724	false	1.0
dreckskind	off 1.0		__DUMMY__ 0.9089393656746805 off 0.047066797475628926 neg 0.04399383684969056	false	1.0
umtauschen	neg 1.0		__DUMMY__ 0.920697482522184 neg 0.04259913261347399 off 0.036703384864342006	false	1.0
zum			__DUMMY__ 0.9298445929611939 neg 0.04047802895727718 off 0.029677378081528892	false	0.0
zersetzen	neg 1.0		__DUMMY__ 0.9204747711586143 neg 0.04591287533352599 off 0.03361235350785973	false	1.0
zur			__DUMMY__ 0.9271762212550773 neg 0.0433255701348945 off 0.029498208610028238	false	0.0
frust	neg 1.0		__DUMMY__ 0.9214824852201611 neg 0.0422992211279743 off 0.0362182936518646	false	1.0
unerbittlichkeit	neg 1.0		__DUMMY__ 0.921234765910309 neg 0.045235130188447416 off 0.03353010390124358	false	1.0
zwei			__DUMMY__ 0.9280067175478847 neg 0.04143657839566674 off 0.03055670405644862	false	0.0
unkorrekt	neg 1.0		__DUMMY__ 0.9164332686588437 off 0.044149478432537366 neg 0.03941725290861896	false	0.5
hexe	off 1.0		__DUMMY__ 0.9118930931300065 neg 0.04669487491946622 off 0.04141203195052712	false	0.5
lasch	neg 1.0		__DUMMY__ 0.9161274781849855 neg 0.04294307153527662 off 0.040929450279737926	false	1.0
rivale	neg 1.0		__DUMMY__ 0.9152880464318796 off 0.04318238315458915 neg 0.04152957041353129	false	0.5
mutlos	off 1.0	off 1.0	off 0.5014583721906258 __DUMMY__ 0.45699969272244867 neg 0.041541935086925406	false	1.0
wirr	off 1.0		__DUMMY__ 0.9127609247770173 off 0.04480269138689135 neg 0.042436383836091315	false	1.0
jahr			__DUMMY__ 0.9303379735261768 neg 0.03722453772106445 off 0.03243748875275884	false	0.0
wird			__DUMMY__ 0.9216439633708485 neg 0.043090902014286246 off 0.035265134614865266	false	0.0
strafbar	neg 1.0		__DUMMY__ 0.9219618013121331 neg 0.04335098364873764 off 0.03468721503912923	false	1.0
erosion	neg 1.0		__DUMMY__ 0.9217924159946895 neg 0.040932331802510685 off 0.037275252202799834	false	1.0
eingehen	neg 1.0		__DUMMY__ 0.9206558860989197 neg 0.0445284338500924 off 0.0348156800509879	false	1.0
faul	off 1.0		__DUMMY__ 0.9187554590356631 neg 0.04073699163885252 off 0.04050754932548427	false	0.5
provisorium	neg 1.0		__DUMMY__ 0.9318036026148009 neg 0.04065882449552478 off 0.02753757288967437	false	1.0
schmerzen	neg 1.0		__DUMMY__ 0.9192661076274283 neg 0.04454244930760687 off 0.03619144306496492	false	1.0
schrumpfen	neg 1.0		__DUMMY__ 0.9238015071858123 neg 0.046230470707827494 off 0.02996802210636025	false	1.0
geistlos	off 1.0		__DUMMY__ 0.9147208869495793 neg 0.04512770677562391 off 0.04015140627479678	false	0.5
fehlkauf	neg 1.0		__DUMMY__ 0.9185086097078682 neg 0.0425671344835235 off 0.038924255808608366	false	1.0
frustrierend	neg 1.0		__DUMMY__ 0.9183590409620579 neg 0.04091359435670833 off 0.040727364681233745	false	1.0
unzufrieden	neg 1.0		__DUMMY__ 0.9199211720326104 neg 0.04407851648455814 off 0.03600031148283148	false	1.0
verzweifeln	neg 1.0		__DUMMY__ 0.9203799664386099 neg 0.042746133862893804 off 0.03687389969849641	false	1.0
verzweifelt	neg 1.0	neg 1.0	neg 0.5104176463927981 __DUMMY__ 0.4543654630999439 off 0.03521689050725796	false	1.0
misstrauensantrag	neg 1.0		__DUMMY__ 0.9184119384876009 neg 0.04258274039466194 off 0.0390053211177371	false	1.0
abfallen	neg 1.0		__DUMMY__ 0.9215022711721592 neg 0.040707750787586434 off 0.03778997804025427	false	1.0
fucker	off 1.0		__DUMMY__ 0.9157505939154857 off 0.04391759058482085 neg 0.04033181549969341	false	1.0
ungezogen	neg 1.0		__DUMMY__ 0.9100866131265295 off 0.04974578264830219 neg 0.04016760422516827	false	0.5
irrsinnig	neg 1.0	neg 1.0	neg 0.5096879055410382 __DUMMY__ 0.4551170180989807 off 0.03519507635998105	false	1.0
unfassbar	neg 1.0		__DUMMY__ 0.9178037668876026 off 0.04241752183005093 neg 0.039778711282346495	false	0.5
hart	neg 1.0		__DUMMY__ 0.9146985611194753 neg 0.04344602381306386 off 0.04185541506746087	false	1.0
widerlich	off 1.0		__DUMMY__ 0.9151831495401087 off 0.043010747505368 neg 0.04180610295452336	false	1.0
fatal	neg 1.0		__DUMMY__ 0.9182863205455039 neg 0.04229600958124804 off 0.039417669873248115	false	1.0
bruch	neg 1.0		__DUMMY__ 0.9236243391169803 neg 0.04395820816878456 off 0.03241745271423507	false	1.0
aushungern	neg 1.0		__DUMMY__ 0.9208849180160049 neg 0.04280099962081673 off 0.036314082363178436	false	1.0
anspannung	neg 1.0		__DUMMY__ 0.9266959305725795 neg 0.04334985196221737 off 0.029954217465203176	false	1.0
von			__DUMMY__ 0.9318640051622575 neg 0.03567219997582894 off 0.03246379486191346	false	0.0
kraftlos	neg 1.0		__DUMMY__ 0.9217526628879847 neg 0.04272693685484807 off 0.03552040025716719	false	1.0
vom			__DUMMY__ 0.9320441165192074 neg 0.04017065984109348 off 0.02778522363969918	false	0.0
grenzdebil	off 1.0		__DUMMY__ 0.9177199603114129 off 0.0425649337892244 neg 0.03971510589936272	false	1.0
vor			__DUMMY__ 0.9249231135406043 neg 0.04237453891280133 off 0.032702347546594415	false	0.0
unterwerfen	neg 1.0		__DUMMY__ 0.9209575701687333 neg 0.04420442509912878 off 0.03483800473213799	false	1.0
versenkung	neg 1.0		__DUMMY__ 0.9233445395201996 neg 0.04166086109074662 off 0.03499459938905376	false	1.0
entziehen	neg 1.0		__DUMMY__ 0.9230228847106955 neg 0.04450979917557282 off 0.03246731611373178	false	1.0
finanzkrise	neg 1.0		__DUMMY__ 0.9169846001255577 neg 0.046315800992958664 off 0.036699598881483664	false	1.0
schimpfend	neg 1.0		__DUMMY__ 0.9185304236177696 neg 0.04277977961705834 off 0.03868979676517207	false	1.0
profan	neg 1.0		__DUMMY__ 0.9179043419666956 neg 0.042394278407395514 off 0.03970137962590887	false	1.0
korruption	neg 1.0		__DUMMY__ 0.9200414212889529 neg 0.04467724324755475 off 0.03528133546349225	false	1.0
â			__DUMMY__ 0.9226199056410567 neg 0.04240818496269885 off 0.034971909396244436	false	0.0
schmutzig	neg 1.0		__DUMMY__ 0.9176990184139812 off 0.042921293089456906 neg 0.0393796884965619	false	0.5
sexy	neg 1.0		__DUMMY__ 0.918779364988346 neg 0.04084627190755149 off 0.04037436310410263	false	1.0
abraten	neg 1.0		__DUMMY__ 0.9203217340802222 neg 0.04063533267653199 off 0.03904293324324578	false	1.0
schwarz	neg 1.0		__DUMMY__ 0.9185888710578675 neg 0.042597403583815245 off 0.03881372535831731	false	1.0
fotze	off 1.0	off 1.0	off 0.5024173448328667 __DUMMY__ 0.45838368097949983 neg 0.0391989741876336	false	1.0
verwirren	neg 1.0		__DUMMY__ 0.918541642923733 neg 0.041324780474567266 off 0.04013357660169971	false	1.0
zahnlos	off 1.0		__DUMMY__ 0.9196628329949461 neg 0.043696290512301734 off 0.03664087649275221	false	0.5
verheeren	neg 1.0		__DUMMY__ 0.9093561881048208 off 0.05102852667282366 neg 0.039615285222355606	false	0.5
hippie	neg 1.0		__DUMMY__ 0.9184380512735224 neg 0.04139702388580002 off 0.040164924840677574	false	1.0
rammen	neg 1.0		__DUMMY__ 0.9144612454133881 neg 0.04728244720254114 off 0.03825630738407067	false	1.0
unlauter	neg 1.0		__DUMMY__ 0.9178219341107997 neg 0.043743501097048144 off 0.03843456479215219	false	1.0
unheilvoll	neg 1.0		__DUMMY__ 0.9179296254612292 neg 0.043458252021310116 off 0.03861212251746065	false	1.0
niedrig	neg 1.0		__DUMMY__ 0.9202554606451745 neg 0.04616643413397576 off 0.03357810522084976	false	1.0
explosion	neg 1.0		__DUMMY__ 0.9193696963920082 neg 0.04096077641465803 off 0.03966952719333377	false	1.0
weichei	off 1.0	off 1.0	off 0.5123123581771316 __DUMMY__ 0.449767729982445 neg 0.037919911840423426	false	1.0
minusmensch	off 1.0		__DUMMY__ 0.9050207396934493 off 0.049310286521588045 neg 0.04566897378496265	false	1.0
farblos	neg 1.0		__DUMMY__ 0.9189239450194088 neg 0.04446021780394535 off 0.03661583717664583	false	1.0
unwissend	neg 1.0	neg 1.0	neg 0.5078074461707004 __DUMMY__ 0.45428067720732473 off 0.03791187662197478	false	1.0
traurig	neg 1.0		__DUMMY__ 0.9166698100703145 off 0.044245988728101183 neg 0.03908420120158439	false	0.5
senkung	neg 1.0		__DUMMY__ 0.9167309053479636 neg 0.043701050247505924 off 0.03956804440453038	false	1.0
ungleich	neg 1.0	neg 1.0	neg 0.5101099322850554 __DUMMY__ 0.45897790927253196 off 0.030912158442412647	false	1.0
heikel	neg 1.0		__DUMMY__ 0.9212936013810787 neg 0.044478591300878174 off 0.03422780731804303	false	1.0
drosselung	neg 1.0		__DUMMY__ 0.9156966761443129 off 0.04230878667085697 neg 0.04199453718483008	false	0.5
falsch	neg 1.0		__DUMMY__ 0.9181701666802728 neg 0.04098626802541195 off 0.040843565294315175	false	1.0
unzufriedenheit	neg 1.0		__DUMMY__ 0.9221577659946003 neg 0.04477495141194957 off 0.03306728259345024	false	1.0
kurz	neg 1.0		__DUMMY__ 0.9241993172761156 neg 0.03974941219814977 off 0.036051270525734556	false	1.0
unsinnig	neg 1.0		__DUMMY__ 0.9196974517436155 neg 0.04356140640913105 off 0.03674114184725343	false	1.0
penner	off 1.0	off 1.0	off 0.5135280509018287 __DUMMY__ 0.4492737014350198 neg 0.037198247663151364	false	1.0
seicht	neg 1.0		__DUMMY__ 0.9099376535523073 off 0.04968942130530288 neg 0.04037292514238994	false	0.5
dummheit	off 1.0	off 1.0	off 0.506662512075665 __DUMMY__ 0.45285773822765507 neg 0.040479749696679876	false	1.0
unerfreulich	neg 1.0		__DUMMY__ 0.9234662803592218 neg 0.0431266305805728 off 0.03340708906020529	false	1.0
motherfucker	off 1.0	off 1.0	off 0.5096279219454158 __DUMMY__ 0.45266248523500363 neg 0.03770959281958053	false	1.0
pikiert	neg 1.0		__DUMMY__ 0.9148828929772251 neg 0.04272642972589207 off 0.042390677296882874	false	1.0
wrack	neg 1.0		__DUMMY__ 0.9199133571137216 neg 0.04477629076912024 off 0.035310352117158134	false	1.0
gangster	neg 1.0		__DUMMY__ 0.9183989015440306 neg 0.04144415849734781 off 0.04015693995862148	false	1.0
krank	neg 1.0		__DUMMY__ 0.9187090674385039 off 0.04235063656788468 neg 0.03894029599361141	false	0.5
reich	neg 1.0		__DUMMY__ 0.9175989681137865 off 0.04150672836122304 neg 0.040894303524990405	false	0.5
gnadenlos	neg 1.0		__DUMMY__ 0.9181732379571989 neg 0.04313944864656032 off 0.038687313396240784	false	1.0
niedergeschlagen	neg 1.0		__DUMMY__ 0.9207602506323684 neg 0.042904001257875996 off 0.03633574810975562	false	1.0
terrorisieren	off 1.0	off 1.0	off 0.5015829323717165 __DUMMY__ 0.4587341137173594 neg 0.03968295391092415	false	1.0
sinnlosigkeit	neg 1.0		__DUMMY__ 0.9200827386380945 neg 0.04378762538867175 off 0.036129635973233744	false	1.0
behindern	neg 1.0		__DUMMY__ 0.9201956373857908 neg 0.0430928664105734 off 0.03671149620363576	false	1.0
undemokratisch	neg 1.0		__DUMMY__ 0.9190771367357411 neg 0.04232671400823885 off 0.03859614925602013	false	1.0
wirtschaftskrise	neg 1.0		__DUMMY__ 0.9186928735045207 neg 0.04618380361889162 off 0.03512332287658779	false	1.0
neid	neg 1.0		__DUMMY__ 0.920635711742666 off 0.040427331693666926 neg 0.03893695656366712	false	0.5
rutschen	neg 1.0		__DUMMY__ 0.928433966603895 neg 0.04118131872392802 off 0.03038471467217699	false	1.0
rezession	neg 1.0		__DUMMY__ 0.9095386892329421 neg 0.045605678909460164 off 0.04485563185759775	false	1.0
fehlgeburt	neg 1.0		__DUMMY__ 0.9194541509490415 neg 0.04192363880841733 off 0.038622210242541095	false	1.0
charakterschwach	off 1.0		__DUMMY__ 0.9151803232636666 off 0.042966580965584485 neg 0.04185309577074895	false	1.0
isolation	neg 1.0		__DUMMY__ 0.9186488445055073 neg 0.04103372915042927 off 0.040317426344063406	false	1.0
ablenkung	neg 1.0		__DUMMY__ 0.9218848900033555 neg 0.040565543908174836 off 0.03754956608846971	false	1.0
pech	neg 1.0		__DUMMY__ 0.9190488167629594 neg 0.04087179025343398 off 0.04007939298360672	false	1.0
vermeidung	neg 1.0		__DUMMY__ 0.9159952737324125 off 0.04243788595046077 neg 0.04156684031712679	false	0.5
dominieren	neg 1.0		__DUMMY__ 0.9215586618948932 neg 0.04400216081401445 off 0.034439177291092395	false	1.0
schwindlig	neg 1.0		__DUMMY__ 0.9201883985801593 neg 0.041087217664482964 off 0.038724383755357694	false	1.0
lutscher	neg 1.0	neg 1.0	neg 0.507105895952965 __DUMMY__ 0.4476509737460883 off 0.04524313030094661	false	1.0
pflicht	neg 1.0		__DUMMY__ 0.9218139603837163 neg 0.04474654139547556 off 0.03343949822080813	false	1.0
faschist	off 1.0		__DUMMY__ 0.9181901065166467 neg 0.041235145528123365 off 0.04057474795522988	false	0.5
verschleudern	neg 1.0		__DUMMY__ 0.9220873946458845 neg 0.0438687098124507 off 0.03404389554166479	false	1.0
wenn			__DUMMY__ 0.917936628340204 neg 0.04108757748450463 off 0.04097579417529145	false	0.0
ehebruch	neg 1.0		__DUMMY__ 0.9204016877899839 neg 0.04434391964137316 off 0.03525439256864292	false	1.0
spott	off 1.0		__DUMMY__ 0.9207734435593584 neg 0.04428973430575692 off 0.03493682213488464	false	0.5
trostlosigkeit	neg 1.0		__DUMMY__ 0.9221420877837482 neg 0.045136667175361404 off 0.032721245040890495	false	1.0
lutschen	neg 1.0		__DUMMY__ 0.915249158970367 neg 0.04418676288277981 off 0.04056407814685321	false	1.0
undiszipliniert	neg 1.0		__DUMMY__ 0.915865369041161 off 0.043812316838191125 neg 0.04032231412064782	false	0.5
kopfschmerz	neg 1.0		__DUMMY__ 0.9182928227653057 neg 0.04630067693134201 off 0.03540650030335235	false	1.0
unvorhergesehen	neg 1.0		__DUMMY__ 0.9256795841462064 neg 0.041184428072982636 off 0.033135987780810866	false	1.0
desinteressiert	neg 1.0	neg 1.0	neg 0.5074521699096672 __DUMMY__ 0.4529483845156701 off 0.03959944557466261	false	1.0
armselig	off 1.0		__DUMMY__ 0.9137465248131424 off 0.044657192616107025 neg 0.0415962825707506	false	1.0
desaster	neg 1.0		__DUMMY__ 0.9236811392175805 neg 0.04433736384098073 off 0.031981496941438675	false	1.0
tod	neg 1.0		__DUMMY__ 0.9209318916005694 neg 0.044278707727975555 off 0.03478940067145506	false	1.0
herzlos	neg 1.0		__DUMMY__ 0.9150017539300533 off 0.044395823322610044 neg 0.04060242274733662	false	0.5
unwissenheit	neg 1.0		__DUMMY__ 0.9196918840328577 neg 0.0444196486110752 off 0.035888467356067134	false	1.0
widersinnig	neg 1.0		__DUMMY__ 0.918529855794834 neg 0.04534688140796073 off 0.03612326279720521	false	1.0
bedenklich	neg 1.0		__DUMMY__ 0.9205014198522196 neg 0.04431455650067396 off 0.03518402364710653	false	1.0
beanstanden	neg 1.0		__DUMMY__ 0.9230975364851869 neg 0.043839924732143924 off 0.033062538782669175	false	1.0
panisch	neg 1.0	neg 1.0	neg 0.5057944407281612 __DUMMY__ 0.45867927295155 off 0.035526286320288876	false	1.0
debil	off 1.0		__DUMMY__ 0.9271692150761891 neg 0.044679994364905266 off 0.028150790558905663	false	0.5
abstrich	neg 1.0		__DUMMY__ 0.9244749197455344 neg 0.04007045998355505 off 0.03545462027091055	false	1.0
primitiv	neg 1.0		__DUMMY__ 0.9152621987307741 off 0.04320525716213515 neg 0.04153254410709089	false	0.5
abschaum	off 1.0	off 1.0	off 0.5083901226197147 __DUMMY__ 0.45294221467539947 neg 0.03866766270488583	false	1.0
provozieren	neg 1.0		__DUMMY__ 0.9173635733079707 neg 0.04405843445445832 off 0.03857799223757097	false	1.0
tot	neg 1.0		__DUMMY__ 0.9208827433686043 neg 0.044164253121121815 off 0.03495300351027382	false	1.0
instabil	neg 1.0		__DUMMY__ 0.914302224716782 off 0.044013727460824645 neg 0.041684047822393364	false	0.5
schwuchtel	off 1.0	off 1.0	off 0.5180719747022473 __DUMMY__ 0.44409372680965953 neg 0.037834298488093034	false	1.0
zerren	neg 1.0		__DUMMY__ 0.9207244395356117 neg 0.0432394850667416 off 0.03603607539764675	false	1.0
kinderficker	off 1.0		__DUMMY__ 0.9136889940548596 off 0.04672393758001777 neg 0.039587068365122685	false	1.0
gefahr	neg 1.0		__DUMMY__ 0.9235444879399906 neg 0.043533341488989546 off 0.032922170571019906	false	1.0
rabiat	neg 1.0		__DUMMY__ 0.9198470540234867 neg 0.04235648014964878 off 0.03779646582686458	false	1.0
verlangsamung	neg 1.0		__DUMMY__ 0.9085133738721768 off 0.04812456377753382 neg 0.0433620623502893	false	0.5
ausgestorben	neg 1.0		__DUMMY__ 0.9207475115559566 neg 0.0417963141329842 off 0.03745617431105916	false	1.0
anklagen	neg 1.0		__DUMMY__ 0.9200308055386539 neg 0.044616457835351994 off 0.03535273662599406	false	1.0
trott	neg 1.0		__DUMMY__ 0.9201153624863689 neg 0.04283321846980011 off 0.03705141904383086	false	1.0
verminderung	neg 1.0		__DUMMY__ 0.9164122131726191 off 0.04268144023845215 neg 0.040906346588928715	false	0.5
nach			__DUMMY__ 0.9291238338614678 neg 0.04129834546985482 off 0.029577820668677313	false	0.0
rost	neg 1.0		__DUMMY__ 0.9122705842599541 off 0.04673403214101313 neg 0.040995383599032785	false	0.5
destruktiv	neg 1.0		__DUMMY__ 0.9189999558373836 neg 0.043398163140372585 off 0.037601881022243815	false	1.0
unzumutbarkeit	neg 1.0		__DUMMY__ 0.9170257334002196 off 0.04176193786530729 neg 0.041212328734473024	false	0.5
labil	off 1.0	off 1.0	off 0.5077710577708183 __DUMMY__ 0.4535884016919916 neg 0.03864054053719001	false	1.0
ziemlich	neg 1.0		__DUMMY__ 0.918674493874494 off 0.04218608597492643 neg 0.03913942015057959	false	0.5
lachnummer	off 1.0		__DUMMY__ 0.9184434263789973 neg 0.04321247007229898 off 0.03834410354870374	false	0.5
oder			__DUMMY__ 0.9215356386803821 neg 0.04044413748717111 off 0.038020223832446715	false	0.0
verfall	neg 1.0		__DUMMY__ 0.924494432636744 neg 0.04556456889993917 off 0.029940998463316774	false	1.0
ausgrenzung	neg 1.0		__DUMMY__ 0.9185959800842214 neg 0.04234457704779827 off 0.03905944286798029	false	1.0
unordnung	neg 1.0		__DUMMY__ 0.9175348787422076 off 0.043659205368055204 neg 0.03880591588973721	false	0.5
fehlverhalten	neg 1.0		__DUMMY__ 0.9203085175355464 neg 0.04572883593587132 off 0.03396264652858228	false	1.0
eine			__DUMMY__ 0.9247873114212506 neg 0.04213210857834319 off 0.03308058000040612	false	0.0
nille	neg 1.0		__DUMMY__ 0.9206662570551174 neg 0.04208199630885613 off 0.0372517466360265	false	1.0
qual	neg 1.0		__DUMMY__ 0.9204688323812913 neg 0.04277084044760176 off 0.03676032717110696	false	1.0
verschwenden	neg 1.0		__DUMMY__ 0.9203529365389956 neg 0.04513925540310338 off 0.03450780805790096	false	1.0
riesig	neg 1.0		__DUMMY__ 0.9219620639601331 neg 0.04359561153762369 off 0.03444232450224311	false	1.0
verurteilen	neg 1.0		__DUMMY__ 0.9187890763412575 neg 0.04526015319539646 off 0.03595077046334608	false	1.0
klischee	neg 1.0	neg 1.0	neg 0.5089353367802996 __DUMMY__ 0.4539371334526649 off 0.037127529767035566	false	1.0
diktatorisch	neg 1.0		__DUMMY__ 0.9179164662398738 neg 0.04329406637535428 off 0.03878946738477199	false	1.0
vorhersehbar	neg 1.0		__DUMMY__ 0.9165775447291049 neg 0.043006702146482986 off 0.040415753124412146	false	1.0
sowie			__DUMMY__ 0.9116268411335088 off 0.046094294711132966 neg 0.04227886415535828	false	0.0
stornieren	neg 1.0		__DUMMY__ 0.9249009453225934 off 0.03873326130337125 neg 0.036365793374035435	false	0.5
besteuerung	neg 1.0		__DUMMY__ 0.9155683698210487 neg 0.04653872894083418 off 0.03789290123811707	false	1.0
ungeschminkt	neg 1.0		__DUMMY__ 0.911754818385074 neg 0.04571630212729428 off 0.042528879487631656	false	1.0
kritisch	neg 1.0		__DUMMY__ 0.9212363293689336 neg 0.04373049860189866 off 0.035033172029167704	false	1.0
schlamperei	off 1.0		__DUMMY__ 0.9227498081961495 neg 0.04335548125293674 off 0.03389471055091376	false	0.5
sucht	neg 1.0	neg 1.0	neg 0.5049125157475249 __DUMMY__ 0.4612419996825862 off 0.0338454845698888	false	1.0
egoistisch	off 1.0		__DUMMY__ 0.9122573687784099 off 0.046774716483906506 neg 0.04096791473768361	false	1.0
ausbeuter	off 1.0		__DUMMY__ 0.9197406302069274 neg 0.046295256752658207 off 0.033964113040414405	false	0.5
arschgeburt	off 1.0		__DUMMY__ 0.9036292081085412 off 0.05319539040477831 neg 0.043175401486680504	false	1.0
schubs	neg 1.0		__DUMMY__ 0.9217122541071774 neg 0.04285528703823948 off 0.035432458854583126	false	1.0
unsolide	neg 1.0		__DUMMY__ 0.9170426633631427 neg 0.043733396157993154 off 0.0392239404788642	false	1.0
beschwerde	neg 1.0		__DUMMY__ 0.9204605185869659 neg 0.045013937722093354 off 0.03452554369094079	false	1.0
stocken	neg 1.0		__DUMMY__ 0.9214268481833183 neg 0.04448200688008497 off 0.03409114493659673	false	1.0
isolieren	neg 1.0		__DUMMY__ 0.9217166856081356 neg 0.04297175699050949 off 0.03531155740135489	false	1.0
unheilbar	neg 1.0		__DUMMY__ 0.9201797170732245 neg 0.04181979531842845 off 0.03800048760834712	false	1.0
pisser	off 1.0		__DUMMY__ 0.9120682923442979 off 0.04420314303576989 neg 0.04372856461993234	false	1.0
löschen	neg 1.0		__DUMMY__ 0.9197418841963453 neg 0.04287136670960037 off 0.03738674909405425	false	1.0
durchfallen	neg 1.0		__DUMMY__ 0.9199276796578576 neg 0.04458496093163415 off 0.03548735941050828	false	1.0
wichser	off 1.0	off 1.0	off 0.5158473677114679 __DUMMY__ 0.44735047578361425 neg 0.03680215650491788	false	1.0
terror	neg 1.0		__DUMMY__ 0.9190412059021245 neg 0.041280131720430865 off 0.03967866237744468	false	1.0
krass	neg 1.0		__DUMMY__ 0.9137187053949707 off 0.04458780598367005 neg 0.04169348862135925	false	0.5
revolte	neg 1.0		__DUMMY__ 0.9175107313185833 neg 0.04314039469441232 off 0.03934887398700443	false	1.0
besorgt	neg 1.0		__DUMMY__ 0.924179028311908 neg 0.039813148116092864 off 0.036007823571999165	false	1.0
nachlassen	neg 1.0		__DUMMY__ 0.9241894872293792 neg 0.04217211015295277 off 0.033638402617667935	false	1.0
alt	neg 1.0		__DUMMY__ 0.9202195968166986 neg 0.044827105293621355 off 0.03495329788968004	false	1.0
hundesohn	off 1.0		__DUMMY__ 0.9080860235104071 off 0.05039184622368131 neg 0.04152213026591149	false	1.0
als			__DUMMY__ 0.9220143056166398 neg 0.04204311612349969 off 0.035942578259860525	false	0.0
abschreckung	neg 1.0		__DUMMY__ 0.9224442877898794 neg 0.044603875376371074 off 0.03295183683374963	false	1.0
unqualifiziert	neg 1.0		__DUMMY__ 0.9164234814010846 neg 0.04239631406963768 off 0.04118020452927772	false	1.0
abgewichst	off 1.0		__DUMMY__ 0.9216492077755128 neg 0.04180618659641173 off 0.036544605628075405	false	0.5
schwer	neg 1.0		__DUMMY__ 0.919760375653108 neg 0.0430021841350464 off 0.037237440211845586	false	1.0
bedeutungslosigkeit	neg 1.0		__DUMMY__ 0.9217935067613059 neg 0.04442062206657415 off 0.03378587117212003	false	1.0
kapitulation	neg 1.0		__DUMMY__ 0.9214176259584287 neg 0.04381334183718695 off 0.0347690322043843	false	1.0
unscharf	neg 1.0		__DUMMY__ 0.9165564179398381 neg 0.04449191089704885 off 0.03895167116311309	false	1.0
schwinden	neg 1.0		__DUMMY__ 0.9216892283578553 neg 0.044873694473877235 off 0.033437077168267514	false	1.0
versklavung	neg 1.0		__DUMMY__ 0.9185206822068848 neg 0.04315588969710906 off 0.03832342809600616	false	1.0
schlecht	neg 1.0		__DUMMY__ 0.9186674339326593 off 0.042409749291575705 neg 0.038922816775765104	false	0.5
verhasst	neg 1.0		__DUMMY__ 0.9160244482072061 neg 0.0449097414009634 off 0.0390658103918305	false	1.0
beschweren	neg 1.0		__DUMMY__ 0.9194722127889323 neg 0.04125035896064234 off 0.03927742825042529	false	1.0
scheiden	neg 1.0		__DUMMY__ 0.9225178888385689 neg 0.04053206767902331 off 0.03695004348240775	false	1.0
frustriert	neg 1.0		__DUMMY__ 0.919700161525449 neg 0.0436740493476755 off 0.03662578912687549	false	1.0
schimmelig	neg 1.0		__DUMMY__ 0.9178505650879802 neg 0.04744581480568212 off 0.034703620106337645	false	1.0
fisch	neg 1.0		__DUMMY__ 0.9207136251848732 neg 0.04705144522438184 off 0.03223492959074493	false	1.0
schmuggel	neg 1.0		__DUMMY__ 0.9201141655074704 neg 0.04591444160799072 off 0.0339713928845389	false	1.0
auffallen	neg 1.0		__DUMMY__ 0.918889927222934 neg 0.0412586960180865 off 0.039851376758979436	false	1.0
konkurrenz	neg 1.0		__DUMMY__ 0.923966364885789 neg 0.04333974164923712 off 0.0326938934649739	false	1.0
teufelskreis	neg 1.0	neg 1.0	neg 0.510872884147029 __DUMMY__ 0.45496914039189623 off 0.03415797546107476	false	1.0
aufschreien	neg 1.0		__DUMMY__ 0.9173963754832735 neg 0.042603848862950405 off 0.039999775653776146	false	1.0
schuldner	neg 1.0		__DUMMY__ 0.9201269749333709 neg 0.04661685858737205 off 0.03325616647925702	false	1.0
missgeburt	off 1.0	off 1.0	off 0.5130217908992407 __DUMMY__ 0.4465138668570423 neg 0.04046434224371696	false	1.0
arbeitslos	neg 1.0		__DUMMY__ 0.9195403994816639 neg 0.044601849768228084 off 0.03585775075010803	false	1.0
befallen	neg 1.0		__DUMMY__ 0.9171898670059099 neg 0.04639135987907744 off 0.03641877311501264	false	1.0
miesepetrig	off 1.0	off 1.0	off 0.5078455592822119 __DUMMY__ 0.455343356917297 neg 0.03681108380049118	false	1.0
alarmieren	neg 1.0		__DUMMY__ 0.9141680096039938 neg 0.04440488096633407 off 0.04142710942967205	false	1.0
ungeduscht	off 1.0		__DUMMY__ 0.9151526560789751 neg 0.04439269041886671 off 0.04045465350215816	false	0.5
knappheit	neg 1.0		__DUMMY__ 0.9190772096983675 neg 0.045629410769269456 off 0.035293379532362994	false	1.0
schlange	neg 1.0		__DUMMY__ 0.9221605556619719 neg 0.039304082461884104 off 0.038535361876144036	false	1.0
harsch	neg 1.0		__DUMMY__ 0.9152857815036605 off 0.04558144447802425 neg 0.03913277401831526	false	0.5
lang	neg 1.0		__DUMMY__ 0.9197968944047509 neg 0.04212336382823854 off 0.03807974176701062	false	1.0
ziellos	neg 1.0		__DUMMY__ 0.9230749496201198 neg 0.041976712247982495 off 0.0349483381318976	false	1.0
selbstverliebt	neg 1.0		__DUMMY__ 0.9075457771687454 off 0.05108645504840153 neg 0.04136776778285304	false	0.5
beseitigen	neg 1.0		__DUMMY__ 0.921300907939057 neg 0.04249802651563212 off 0.03620106554531101	false	1.0
dumm	off 1.0		__DUMMY__ 0.9129608929830028 off 0.047182380940544916 neg 0.03985672607645226	false	1.0
arbeitsloser	neg 1.0		__DUMMY__ 0.9225536011432115 neg 0.041570280280025435 off 0.03587611857676311	false	1.0
blitzen	neg 1.0		__DUMMY__ 0.9188628051534571 neg 0.04105010317343991 off 0.04008709167310295	false	1.0
hilflos	neg 1.0		__DUMMY__ 0.9193309357876334 neg 0.04450515812895991 off 0.036163906083406826	false	1.0
eklig	off 1.0		__DUMMY__ 0.9096014177881674 off 0.04767541526382873 neg 0.04272316694800389	false	1.0
begriff			__DUMMY__ 0.9204441811758394 neg 0.042393755295873414 off 0.03716206352828721	false	0.0
hungersnot	neg 1.0		__DUMMY__ 0.9197593866230369 neg 0.04466274940748912 off 0.035577863969473926	false	1.0
ungesetzlich	neg 1.0		__DUMMY__ 0.9171260749716289 neg 0.04411999195296268 off 0.038753933075408434	false	1.0
verschwendung	neg 1.0		__DUMMY__ 0.9213678002478609 neg 0.04442616957660037 off 0.03420603017553861	false	1.0
schmerzvoll	neg 1.0		__DUMMY__ 0.918637783981983 neg 0.042411876806204375 off 0.038950339211812575	false	1.0
vorzeitig	neg 1.0		__DUMMY__ 0.9172417748404023 neg 0.043065948270666767 off 0.03969227688893097	false	1.0
unvollkommenheit	neg 1.0		__DUMMY__ 0.9245383231357563 neg 0.04061149761755215 off 0.03485017924669154	false	1.0
intervenieren	neg 1.0		__DUMMY__ 0.9207798702834897 neg 0.04495958361720323 off 0.03426054609930707	false	1.0
banause	off 1.0		__DUMMY__ 0.9063466605592296 off 0.04980338545654503 neg 0.04384995398422531	false	1.0
rebell	neg 1.0		__DUMMY__ 0.9226466962648114 neg 0.04660070476645612 off 0.030752598968732447	false	1.0
unlogisch	neg 1.0		__DUMMY__ 0.9143970604139993 off 0.04428848805625232 neg 0.041314451529748344	false	0.5
leiden	neg 1.0		__DUMMY__ 0.9253183811605797 neg 0.041910948450346826 off 0.03277067038907337	false	1.0
abschaffung	neg 1.0		__DUMMY__ 0.9197023723732419 neg 0.04247320575546537 off 0.037824421871292695	false	1.0
sturz	neg 1.0		__DUMMY__ 0.9189728425033816 neg 0.04353939540634475 off 0.03748776209027368	false	1.0
verkleinerung	neg 1.0		__DUMMY__ 0.9159262106040121 neg 0.04395491867783088 off 0.040118870718156965	false	1.0
schmarotzer	off 1.0		__DUMMY__ 0.9190542247424376 neg 0.04439801210368149 off 0.036547763153881	false	0.5
bestrafung	neg 1.0		__DUMMY__ 0.9184707197002703 neg 0.043017250965731835 off 0.038512029333997846	false	1.0
achtlos	neg 1.0	neg 1.0	neg 0.5085827511357006 __DUMMY__ 0.4577850616701672 off 0.03363218719413217	false	1.0
ungeheuer	neg 1.0		__DUMMY__ 0.9185852950060546 neg 0.042107487705732756 off 0.03930721728821272	false	1.0
