unsolidarisch	neg 1.0		__DUMMY__ 0.45087026490185056 neg 0.29485547506908544 off 0.25427426002906395	false	1.0
nachteilig	neg 1.0		__DUMMY__ 0.4548420030895779 neg 0.2949185996892559 off 0.2502393972211662	false	1.0
skeptisch	neg 1.0		__DUMMY__ 0.45492048733970697 neg 0.2955352427747383 off 0.24954426988555478	false	1.0
schrecklich	neg 1.0		__DUMMY__ 0.44908287549560943 neg 0.28446159418558986 off 0.26645553031880076	false	1.0
schlapp	neg 1.0		__DUMMY__ 0.4510217335006312 neg 0.2871172745182108 off 0.261860991981158	false	1.0
abfall	neg 1.0		__DUMMY__ 0.4573193773822036 neg 0.2969284258737463 off 0.24575219674405022	false	1.0
widerspenstig	neg 1.0		__DUMMY__ 0.4528052379655593 neg 0.29167474282854683 off 0.25552001920589396	false	1.0
abrupt	neg 1.0		__DUMMY__ 0.4550972353818369 neg 0.29451645807101673 off 0.2503863065471464	false	1.0
unwirksam	neg 1.0		__DUMMY__ 0.45026412350879064 neg 0.2957152471682572 off 0.2540206293229521	false	1.0
angreifen	neg 1.0		__DUMMY__ 0.4535469347498328 neg 0.29763462295167653 off 0.24881844229849076	false	1.0
inkonsistent	neg 1.0		__DUMMY__ 0.449753659012591 neg 0.2950957116755846 off 0.25515062931182425	false	1.0
abrutschen	neg 1.0		__DUMMY__ 0.45610967254291307 neg 0.297946164360017 off 0.2459441630970699	false	1.0
unsicher	neg 1.0		__DUMMY__ 0.45479722258889455 neg 0.28922927799926507 off 0.25597349941184055	false	1.0
bauernkind	off 1.0	off 1.0	off 0.6201981240476989 __DUMMY__ 0.21276699824925266 neg 0.1670348777030484	false	1.0
angreifer	neg 1.0	neg 1.0	neg 0.6353331973701708 __DUMMY__ 0.21871853158484458 off 0.14594827104498465	false	1.0
trennen	neg 1.0		__DUMMY__ 0.4565348628879438 neg 0.2938396712613295 off 0.24962546585072676	false	1.0
schmutz	neg 1.0		__DUMMY__ 0.4532276498177772 neg 0.2895950080511302 off 0.25717734213109267	false	1.0
inkonsistenz	neg 1.0		__DUMMY__ 0.4476002875311682 neg 0.2919053090475051 off 0.26049440342132674	false	1.0
erschreckend	neg 1.0		__DUMMY__ 0.4525340113900051 neg 0.2933043046340173 off 0.25416168397597766	false	1.0
ertrinken	neg 1.0		__DUMMY__ 0.45291458961377246 neg 0.29808229592740737 off 0.24900311445882012	false	1.0
pickelface	off 1.0		__DUMMY__ 0.4529980926630917 neg 0.2930672401694668 off 0.25393466716744156	false	0.5
seiner			__DUMMY__ 0.45478425160268504 neg 0.29536926668707963 off 0.24984648171023524	false	0.0
lauch	neg 1.0		__DUMMY__ 0.4560232487426246 neg 0.2975744481055456 off 0.24640230315182968	false	1.0
unwichtig	neg 1.0		__DUMMY__ 0.45018145449048197 neg 0.2888112671920376 off 0.26100727831748044	false	1.0
steuerhinterziehung	neg 1.0	neg 1.0	neg 0.6379802665719094 __DUMMY__ 0.21909466697861318 off 0.14292506644947725	false	1.0
schock	neg 1.0		__DUMMY__ 0.4528715227820311 neg 0.2932210790179303 off 0.25390739820003866	false	1.0
beule	neg 1.0		__DUMMY__ 0.44854197342127716 neg 0.2894029200513222 off 0.26205510652740077	false	1.0
vergelten	neg 1.0		__DUMMY__ 0.45134667730644357 neg 0.28308769270580003 off 0.26556562998775646	false	1.0
verdorbenheit	neg 1.0		__DUMMY__ 0.4543258594088126 neg 0.2891560498974439 off 0.2565180906937436	false	1.0
trauma	neg 1.0		__DUMMY__ 0.4521648306928753 neg 0.2916240094947581 off 0.2562111598123667	false	1.0
sinnlos	neg 1.0		__DUMMY__ 0.4523163038385785 neg 0.2895750488716676 off 0.25810864728975386	false	1.0
fettsack	off 1.0	off 1.0	off 0.6213270730963064 __DUMMY__ 0.21355750317133704 neg 0.1651154237323566	false	1.0
feige	off 1.0	off 1.0	off 0.6180882141486251 __DUMMY__ 0.21639710228669679 neg 0.1655146835646781	false	1.0
abdanken	neg 1.0		__DUMMY__ 0.45237238326127743 neg 0.2935776286875318 off 0.2540499880511906	false	1.0
wichtigtuer	off 1.0	off 1.0	off 0.6167716922561628 __DUMMY__ 0.2178683020626329 neg 0.16536000568120432	false	1.0
misslingen	neg 1.0		__DUMMY__ 0.45710854265499656 neg 0.2854433342011427 off 0.25744812314386073	false	1.0
untreu	off 1.0		__DUMMY__ 0.4502446187916749 neg 0.2880781033114469 off 0.2616772778968783	false	0.5
missmutig	neg 1.0		__DUMMY__ 0.45068416449769977 neg 0.2885413962205703 off 0.2607744392817298	false	1.0
hurenbock	off 1.0		__DUMMY__ 0.4513155150226585 neg 0.2917547077366228 off 0.25692977724071875	false	0.5
betrunken	neg 1.0		__DUMMY__ 0.45002723147806584 neg 0.28622716989667535 off 0.26374559862525887	false	1.0
korrupt	off 1.0		__DUMMY__ 0.4513157509670162 neg 0.29728007419371116 off 0.25140417483927247	false	0.5
unmut	neg 1.0		__DUMMY__ 0.4565608798818567 neg 0.297184206849451 off 0.24625491326869234	false	1.0
hackfresse	off 1.0		__DUMMY__ 0.4459552233449179 neg 0.2840017255495284 off 0.27004305110555377	false	0.5
aufblasen	neg 1.0		__DUMMY__ 0.45286727814023525 neg 0.28938728331086855 off 0.2577454385488961	false	1.0
gewaltsam	neg 1.0		__DUMMY__ 0.4519503181613584 neg 0.29545631967463926 off 0.25259336216400224	false	1.0
unbeliebtheit	neg 1.0		__DUMMY__ 0.4483807790441618 neg 0.2927361943313308 off 0.2588830266245074	false	1.0
sturheit	neg 1.0		__DUMMY__ 0.4520982799682181 neg 0.2947873605260688 off 0.25311435950571304	false	1.0
kuh	neg 1.0		__DUMMY__ 0.44736646261790725 neg 0.29624122332465624 off 0.2563923140574364	false	1.0
erschrecken	neg 1.0		__DUMMY__ 0.45183199972767 neg 0.28730545491393816 off 0.2608625453583919	false	1.0
opfer	neg 1.0		__DUMMY__ 0.454098131722396 neg 0.2948858824008146 off 0.25101598587678947	false	1.0
sinken	neg 1.0		__DUMMY__ 0.4562869923361684 neg 0.29685490364286826 off 0.24685810402096336	false	1.0
stinktier	neg 1.0		__DUMMY__ 0.4422272579667382 neg 0.2931727165233777 off 0.2646000255098842	false	1.0
tucke	off 1.0		__DUMMY__ 0.4426894708030732 neg 0.28718416541395386 off 0.27012636378297294	false	0.5
ein			__DUMMY__ 0.4523544794923271 neg 0.2911983253941835 off 0.25644719511348935	false	0.0
abstieg	neg 1.0		__DUMMY__ 0.4538367990853835 neg 0.2968208180227394 off 0.249342382891877	false	1.0
missverstehen	neg 1.0		__DUMMY__ 0.45056287587809996 neg 0.2908298138583833 off 0.2586073102635167	false	1.0
ergebnislos	neg 1.0		__DUMMY__ 0.4545921140832706 neg 0.2961523866292651 off 0.24925549928746443	false	1.0
unter			__DUMMY__ 0.4607663437970579 neg 0.2977952440356967 off 0.24143841216724554	false	0.0
manipulieren	neg 1.0		__DUMMY__ 0.45550067931837124 neg 0.2953054184279385 off 0.2491939022536903	false	1.0
unbewiesen	neg 1.0		__DUMMY__ 0.4500257596318457 neg 0.29609439107455177 off 0.25387984929360247	false	1.0
verschleppen	neg 1.0		__DUMMY__ 0.4523693624303421 neg 0.2969953588159525 off 0.2506352787537054	false	1.0
weib	off 1.0		__DUMMY__ 0.44093975263244756 neg 0.2902304928010855 off 0.26882975456646696	false	0.5
opposition	neg 1.0		__DUMMY__ 0.4503790141420463 neg 0.2933086874866094 off 0.2563122983713442	false	1.0
verkehrswidrig	neg 1.0		__DUMMY__ 0.45095156102718054 neg 0.28229784476917674 off 0.26675059420364267	false	1.0
inkorrekt	neg 1.0		__DUMMY__ 0.4473719031597539 neg 0.28780218726155193 off 0.264825909578694	false	1.0
vermeiden	neg 1.0	neg 1.0	neg 0.6376799106596557 __DUMMY__ 0.22297749064649888 off 0.13934259869384538	false	1.0
abweichung	neg 1.0	neg 1.0	neg 0.6354217571824157 __DUMMY__ 0.22139188914535807 off 0.1431863536722262	false	1.0
alkoholisiert	neg 1.0		__DUMMY__ 0.45529347310789847 neg 0.29467047542904284 off 0.25003605146305863	false	1.0
scheiss	off 1.0	off 1.0	off 0.618553649477323 __DUMMY__ 0.21672729948142752 neg 0.16471905104124937	false	1.0
herausforderung	neg 1.0		__DUMMY__ 0.45650491965885964 neg 0.2933978879122987 off 0.25009719242884165	false	1.0
pervers	off 1.0		__DUMMY__ 0.4429276992698476 neg 0.28370433190455585 off 0.2733679688255965	false	0.5
wackelig	neg 1.0		__DUMMY__ 0.4569736898195752 neg 0.2888046709623594 off 0.2542216392180653	false	1.0
verwickeln	neg 1.0		__DUMMY__ 0.45100007697035255 neg 0.29095391872154025 off 0.2580460043081072	false	1.0
vorwand	neg 1.0		__DUMMY__ 0.45459264458769233 neg 0.2967260960660763 off 0.24868125934623136	false	1.0
muschi	off 1.0		__DUMMY__ 0.4530298644790327 neg 0.29281383807750533 off 0.25415629744346213	false	0.5
entmutigung	neg 1.0		__DUMMY__ 0.4515391175849008 neg 0.2921900717943377 off 0.2562708106207617	false	1.0
unangemessen	neg 1.0		__DUMMY__ 0.45208253416378674 neg 0.2950224242532459 off 0.25289504158296744	false	1.0
unstetig	neg 1.0		__DUMMY__ 0.4516213315569765 neg 0.2901328743230482 off 0.2582457941199754	false	1.0
entmutigen	neg 1.0		__DUMMY__ 0.4526593236103074 neg 0.2908400462548028 off 0.25650063013488983	false	1.0
schwanz	neg 1.0		__DUMMY__ 0.45365056305227536 neg 0.29534970444254494 off 0.2509997325051797	false	1.0
verbot	neg 1.0		__DUMMY__ 0.4530832967576157 neg 0.29542175760856043 off 0.25149494563382374	false	1.0
leid	neg 1.0		__DUMMY__ 0.4469183108602894 neg 0.2852958454406934 off 0.26778584369901726	false	1.0
archaisch	neg 1.0		__DUMMY__ 0.45239963195923927 neg 0.29438648154613634 off 0.2532138864946244	false	1.0
gegen			__DUMMY__ 0.45589066846435683 neg 0.2972897403266109 off 0.2468195912090322	false	0.0
scheidung	neg 1.0		__DUMMY__ 0.44480238782080456 off 0.2795834926812407 neg 0.27561411949795483	false	0.5
einschlag	neg 1.0		__DUMMY__ 0.4491365837531101 neg 0.2861790155797437 off 0.26468440066714616	false	1.0
m			__DUMMY__ 0.4547680131771146 neg 0.2923789776261533 off 0.2528530091967322	false	0.0
abgestanden	neg 1.0		__DUMMY__ 0.4505816327895115 neg 0.2942848818734389 off 0.25513348533704955	false	1.0
schmierig	off 1.0		__DUMMY__ 0.44800938929867146 neg 0.2848144048287144 off 0.26717620587261426	false	0.5
unpraktisch	neg 1.0		__DUMMY__ 0.45256539242365657 neg 0.2901409296282352 off 0.2572936779481082	false	1.0
wixxer	off 1.0		__DUMMY__ 0.4411749390727654 neg 0.2859254790499987 off 0.2728995818772357	false	0.5
bezeichnet			__DUMMY__ 0.45072397409538967 neg 0.2947015911619289 off 0.2545744347426815	false	0.0
jammerlappen	off 1.0		__DUMMY__ 0.4516299883705731 neg 0.28676727587967643 off 0.26160273574975057	false	0.5
farce	neg 1.0		__DUMMY__ 0.4517771591747264 neg 0.2959101393193951 off 0.2523127015058786	false	1.0
zwecklos	neg 1.0		__DUMMY__ 0.45242627290898074 neg 0.2950673407663922 off 0.2525063863246272	false	1.0
turbulent	neg 1.0		__DUMMY__ 0.44775663525335535 neg 0.29035398944507596 off 0.2618893753015686	false	1.0
invasion	neg 1.0		__DUMMY__ 0.45169760764895994 neg 0.29075010697286513 off 0.25755228537817487	false	1.0
schuld	neg 1.0		__DUMMY__ 0.45141421932481296 neg 0.29229768804433326 off 0.2562880926308538	false	1.0
risiko	neg 1.0	neg 1.0	neg 0.6341396404755903 __DUMMY__ 0.219929544860964 off 0.14593081466344562	false	1.0
finster	neg 1.0		__DUMMY__ 0.45047864684351985 neg 0.2933756210472118 off 0.2561457321092684	false	1.0
geisteskrank	off 1.0		__DUMMY__ 0.4475915392747993 neg 0.28994316385767543 off 0.2624652968675254	false	0.5
zusammenbrechen	neg 1.0		__DUMMY__ 0.45394558336348484 neg 0.2927851078416907 off 0.2532693087948245	false	1.0
ausbeute	neg 1.0		__DUMMY__ 0.4603921679253535 neg 0.2860774287581727 off 0.25353040331647386	false	1.0
hinterhalt	neg 1.0		__DUMMY__ 0.45439950600008583 neg 0.29244406168418213 off 0.25315643231573204	false	1.0
kritik	neg 1.0		__DUMMY__ 0.4516238955202045 neg 0.29638539379525836 off 0.2519907106845371	false	1.0
einschrumpfen	neg 1.0		__DUMMY__ 0.4488519888555659 neg 0.2920826789956809 off 0.25906533214875316	false	1.0
riskant	neg 1.0		__DUMMY__ 0.45339160307286325 neg 0.2969603534955985 off 0.24964804343153832	false	1.0
frustrieren	neg 1.0		__DUMMY__ 0.45378258993429954 neg 0.2951721278057217 off 0.2510452822599787	false	1.0
groll	neg 1.0		__DUMMY__ 0.4525122311214926 neg 0.29557968562590303 off 0.25190808325260444	false	1.0
gibt			__DUMMY__ 0.4545143590069566 neg 0.291861900350086 off 0.2536237406429573	false	0.0
qualvoll	neg 1.0		__DUMMY__ 0.4508869237156081 neg 0.2904837392603553 off 0.2586293370240367	false	1.0
wackeln	neg 1.0		__DUMMY__ 0.4538966145968084 neg 0.28930745155215193 off 0.25679593385103966	false	1.0
klagen	neg 1.0		__DUMMY__ 0.4557401499087063 neg 0.29731787356354566 off 0.24694197652774807	false	1.0
bankrott	neg 1.0		__DUMMY__ 0.4518298470718027 neg 0.2874617449594648 off 0.2607084079687326	false	1.0
trauern	neg 1.0		__DUMMY__ 0.4546389255461801 neg 0.2948468877533492 off 0.2505141867004707	false	1.0
ablehnung	neg 1.0		__DUMMY__ 0.4521325113148236 neg 0.2960036715849017 off 0.25186381710027456	false	1.0
stur	neg 1.0		__DUMMY__ 0.45161772796246746 neg 0.2917561423214226 off 0.25662612971610993	false	1.0
aufruhr	neg 1.0	neg 1.0	neg 0.6367473268179213 __DUMMY__ 0.21920329514805065 off 0.1440493780340279	false	1.0
melancholie	neg 1.0		__DUMMY__ 0.45373693847292956 neg 0.2949074341183668 off 0.25135562740870365	false	1.0
ist			__DUMMY__ 0.4524550643695902 neg 0.2897068630259193 off 0.2578380726044905	false	0.0
torheit	neg 1.0		__DUMMY__ 0.4527769086454821 neg 0.29153986483098554 off 0.2556832265235324	false	1.0
dreckskind	off 1.0		__DUMMY__ 0.44345644398534234 neg 0.2889498155618663 off 0.26759374045279133	false	0.5
umtauschen	neg 1.0		__DUMMY__ 0.45324418393576243 neg 0.2917735465493668 off 0.25498226951487085	false	1.0
zum			__DUMMY__ 0.4610906359066206 neg 0.2929573708381668 off 0.24595199325521244	false	0.0
zersetzen	neg 1.0		__DUMMY__ 0.453383411118437 neg 0.29806144140688595 off 0.24855514747467705	false	1.0
zur			__DUMMY__ 0.45892197241251403 neg 0.2968952279956732 off 0.24418279959181274	false	0.0
frust	neg 1.0		__DUMMY__ 0.4542956994972624 neg 0.2923190176136145 off 0.25338528288912315	false	1.0
unerbittlichkeit	neg 1.0		__DUMMY__ 0.45398076326098274 neg 0.29730059708736584 off 0.24871863965165128	false	1.0
zwei			__DUMMY__ 0.4595755651268365 neg 0.2936292838860205 off 0.246795150987143	false	0.0
unkorrekt	neg 1.0		__DUMMY__ 0.44956180314434613 neg 0.28520412285061275 off 0.265234074005041	false	1.0
hexe	off 1.0		__DUMMY__ 0.44585986668897754 neg 0.2947055031608505 off 0.2594346301501719	false	0.5
lasch	neg 1.0		__DUMMY__ 0.44965963310976453 neg 0.29086140363246327 off 0.25947896325777214	false	1.0
rivale	neg 1.0		__DUMMY__ 0.44858670221177116 neg 0.2879630159581866 off 0.26345028183004227	false	1.0
mutlos	off 1.0	off 1.0	off 0.6118683926591741 __DUMMY__ 0.2191820662167403 neg 0.16894954112408544	false	1.0
wirr	off 1.0		__DUMMY__ 0.4466516801175859 neg 0.28831231262839685 off 0.26503600725401716	false	0.5
jahr			__DUMMY__ 0.46131253496393093 neg 0.28776801534768676 off 0.2509194496883823	false	0.0
wird			__DUMMY__ 0.4543690012171482 neg 0.2935999236578757 off 0.252031075124976	false	0.0
strafbar	neg 1.0		__DUMMY__ 0.454519494965637 neg 0.2946802631519653 off 0.25080024188239763	false	1.0
erosion	neg 1.0		__DUMMY__ 0.45423154851108083 neg 0.2899292294173872 off 0.255839222071532	false	1.0
eingehen	neg 1.0		__DUMMY__ 0.4536421057679437 neg 0.2956732136600833 off 0.2506846805719728	false	1.0
faul	off 1.0		__DUMMY__ 0.451484913728891 neg 0.2879557842701623 off 0.2605593020009467	false	0.5
provisorium	neg 1.0		__DUMMY__ 0.46262176425520146 neg 0.2943321917652144 off 0.2430460439795841	false	1.0
schmerzen	neg 1.0		__DUMMY__ 0.4520036683071469 neg 0.2944356382559182 off 0.25356069343693505	false	1.0
schrumpfen	neg 1.0		__DUMMY__ 0.4561246535514757 neg 0.30030927792015516 off 0.24356606852836904	false	1.0
geistlos	off 1.0		__DUMMY__ 0.44854057058209873 neg 0.29410758632527356 off 0.2573518430926277	false	0.5
fehlkauf	neg 1.0		__DUMMY__ 0.4514690622778306 neg 0.29139460341106915 off 0.25713633431110017	false	1.0
frustrierend	neg 1.0		__DUMMY__ 0.45149236535030257 neg 0.2883089936265836 off 0.2601986410231139	false	1.0
unzufrieden	neg 1.0		__DUMMY__ 0.4530445775442709 neg 0.29458584885343175 off 0.2523695736022972	false	1.0
verzweifeln	neg 1.0		__DUMMY__ 0.4533289256696082 neg 0.29245239455525623 off 0.2542186797751355	false	1.0
verzweifelt	neg 1.0	neg 1.0	neg 0.6367173704966006 __DUMMY__ 0.21782730421106777 off 0.1454553252923315	false	1.0
misstrauensantrag	neg 1.0		__DUMMY__ 0.45135071381546726 neg 0.29108361636777336 off 0.25756566981675943	false	1.0
abfallen	neg 1.0		__DUMMY__ 0.45386907229435375 neg 0.28925284166712073 off 0.25687808603852547	false	1.0
fucker	off 1.0		__DUMMY__ 0.4492724427672387 neg 0.28627667335759965 off 0.2644508838751616	false	0.5
ungezogen	neg 1.0		__DUMMY__ 0.4442425372031769 neg 0.2830363879012399 off 0.27272107489558317	false	1.0
irrsinnig	neg 1.0	neg 1.0	neg 0.6362067277674448 __DUMMY__ 0.21820657648106886 off 0.14558669575148636	false	1.0
unfassbar	neg 1.0		__DUMMY__ 0.45095920489167785 neg 0.28611793492753573 off 0.2629228601807866	false	1.0
hart	neg 1.0		__DUMMY__ 0.4480945950757051 neg 0.2910053019944236 off 0.2609001029298713	false	1.0
widerlich	off 1.0		__DUMMY__ 0.4487311581198733 neg 0.2883560287661968 off 0.2629128131139297	false	0.5
fatal	neg 1.0		__DUMMY__ 0.45140998509031205 neg 0.29074501669551717 off 0.2578449982141708	false	1.0
bruch	neg 1.0		__DUMMY__ 0.455911998413333 neg 0.29663924394352875 off 0.24744875764313828	false	1.0
aushungern	neg 1.0		__DUMMY__ 0.45353180297302265 neg 0.2936400649957978 off 0.25282813203117954	false	1.0
anspannung	neg 1.0		__DUMMY__ 0.45852166838686087 neg 0.2966127253421347 off 0.24486560627100443	false	1.0
von			__DUMMY__ 0.4624449975184884 neg 0.28618367642649567 off 0.251371326055016	false	0.0
kraftlos	neg 1.0		__DUMMY__ 0.454343456914527 neg 0.2929982530403989 off 0.25265829004507423	false	1.0
vom			__DUMMY__ 0.46282759749635727 neg 0.29349381739869085 off 0.24367858510495197	false	0.0
grenzdebil	off 1.0		__DUMMY__ 0.45073392145875313 neg 0.2859926166081638 off 0.26327346193308315	false	0.5
vor			__DUMMY__ 0.45711906882380454 neg 0.294085927908945 off 0.24879500326725035	false	0.0
unterwerfen	neg 1.0		__DUMMY__ 0.45370370552646666 neg 0.2954998376836883 off 0.250796456789845	false	1.0
versenkung	neg 1.0		__DUMMY__ 0.45586086772750456 neg 0.2923220148487564 off 0.2518171174237391	false	1.0
entziehen	neg 1.0		__DUMMY__ 0.45551364861095484 neg 0.29695510101108913 off 0.24753125037795606	false	1.0
finanzkrise	neg 1.0		__DUMMY__ 0.45023406499964086 neg 0.29722109390188967 off 0.25254484109846936	false	1.0
schimpfend	neg 1.0		__DUMMY__ 0.4514434808885191 neg 0.2911913189337965 off 0.25736520017768455	false	1.0
profan	neg 1.0		__DUMMY__ 0.4510853206493469 neg 0.29052035276726884 off 0.25839432658338424	false	1.0
korruption	neg 1.0		__DUMMY__ 0.4528011355170057 neg 0.296153003848737 off 0.2510458606342573	false	1.0
â			__DUMMY__ 0.4549563391669652 neg 0.2928689867324346 off 0.2521746741006002	false	0.0
schmutzig	neg 1.0		__DUMMY__ 0.4507346301580351 neg 0.28543679153036566 off 0.26382857831159934	false	1.0
sexy	neg 1.0		__DUMMY__ 0.4517552738204335 neg 0.2884478936829163 off 0.2597968324966502	false	1.0
abraten	neg 1.0		__DUMMY__ 0.4530333175559796 neg 0.2886773019699587 off 0.2582893804740618	false	1.0
schwarz	neg 1.0		__DUMMY__ 0.4516440444183024 neg 0.29136392430169417 off 0.2569920312800034	false	1.0
fotze	off 1.0	off 1.0	off 0.6134354717890549 __DUMMY__ 0.21977399323893632 neg 0.1667905349720088	false	1.0
verwirren	neg 1.0		__DUMMY__ 0.45162904788674657 neg 0.2891479920081936 off 0.25922296010505985	false	1.0
zahnlos	off 1.0		__DUMMY__ 0.45277391136646516 neg 0.2939301822210194 off 0.2532959064125156	false	0.5
verheeren	neg 1.0		__DUMMY__ 0.4437473622575039 neg 0.282225707574607 off 0.2740269301678891	false	1.0
hippie	neg 1.0		__DUMMY__ 0.45152193899993526 neg 0.28926763317788856 off 0.2592104278221761	false	1.0
rammen	neg 1.0		__DUMMY__ 0.44800320647036096 neg 0.2968901695472501 off 0.255106623982389	false	1.0
unlauter	neg 1.0		__DUMMY__ 0.45082645259669235 neg 0.2933159857454918 off 0.25585756165781587	false	1.0
unheilvoll	neg 1.0		__DUMMY__ 0.45088457841340074 neg 0.2922196352130862 off 0.25689578637351307	false	1.0
niedrig	neg 1.0		__DUMMY__ 0.45288523479772874 neg 0.2981902595634807 off 0.24892450563879046	false	1.0
explosion	neg 1.0		__DUMMY__ 0.45218392441614197 neg 0.28891796240194295 off 0.2588981131819149	false	1.0
weichei	off 1.0	off 1.0	off 0.6222436495322664 __DUMMY__ 0.21517192369519555 neg 0.162584426772538	false	1.0
minusmensch	off 1.0		__DUMMY__ 0.44044544362267646 neg 0.2903122092598824 off 0.2692423471174412	false	0.5
farblos	neg 1.0		__DUMMY__ 0.4515115627247204 neg 0.29451529067502785 off 0.25397314660025183	false	1.0
unwissend	neg 1.0	neg 1.0	neg 0.6339374095304592 __DUMMY__ 0.2176240243342561 off 0.14843856613528467	false	1.0
traurig	neg 1.0		__DUMMY__ 0.4498388882748075 neg 0.284411710346062 off 0.26574940137913045	false	1.0
senkung	neg 1.0		__DUMMY__ 0.4498892851451575 neg 0.29231149822982233 off 0.2577992166250202	false	1.0
ungleich	neg 1.0	neg 1.0	neg 0.6379963253414989 __DUMMY__ 0.22014038511842796 off 0.14186328954007324	false	1.0
heikel	neg 1.0		__DUMMY__ 0.45409974808130554 neg 0.295922640284789 off 0.2499776116339055	false	1.0
drosselung	neg 1.0		__DUMMY__ 0.44891931234200966 neg 0.2888880983785737 off 0.2621925892794165	false	1.0
falsch	neg 1.0		__DUMMY__ 0.45122237933539694 neg 0.2883441766067463 off 0.2604334440578567	false	1.0
unzufriedenheit	neg 1.0		__DUMMY__ 0.4547945619997773 neg 0.2970281643385658 off 0.24817727366165696	false	1.0
kurz	neg 1.0		__DUMMY__ 0.4562703290414104 neg 0.2890352072695731 off 0.2546944636890165	false	1.0
unsinnig	neg 1.0		__DUMMY__ 0.4527375455274082 neg 0.2936343819324276 off 0.2536280725401642	false	1.0
penner	off 1.0	off 1.0	off 0.6232985998152528 __DUMMY__ 0.21495982216504567 neg 0.16174157801970146	false	1.0
seicht	neg 1.0		__DUMMY__ 0.4443139628237 neg 0.2835216830246372 off 0.2721643541516629	false	1.0
dummheit	off 1.0	off 1.0	off 0.6166034392414593 __DUMMY__ 0.21700911379659893 neg 0.16638744696194174	false	1.0
unerfreulich	neg 1.0		__DUMMY__ 0.45582335130071816 neg 0.29461186580665083 off 0.2495647828926312	false	1.0
motherfucker	off 1.0	off 1.0	off 0.6196754038734742 __DUMMY__ 0.21684281315550075 neg 0.16348178297102495	false	1.0
pikiert	neg 1.0		__DUMMY__ 0.4485037513347774 neg 0.28979535963398856 off 0.2617008890312341	false	1.0
wrack	neg 1.0		__DUMMY__ 0.4524991216475648 neg 0.29568494314603766 off 0.2518159352063975	false	1.0
gangster	neg 1.0		__DUMMY__ 0.45145061056865765 neg 0.2892893668609629 off 0.2592600225703794	false	1.0
krank	neg 1.0		__DUMMY__ 0.4514352820495542 neg 0.28499321572560116 off 0.26357150222484466	false	1.0
reich	neg 1.0		__DUMMY__ 0.4504566501335904 neg 0.2882946186995672 off 0.2612487311668424	false	1.0
gnadenlos	neg 1.0		__DUMMY__ 0.4515063088061352 neg 0.2921055417301113 off 0.25638814946375343	false	1.0
niedergeschlagen	neg 1.0		__DUMMY__ 0.45352322846974064 neg 0.2928537893986324 off 0.2536229821316271	false	1.0
terrorisieren	off 1.0	off 1.0	off 0.6124135682229503 __DUMMY__ 0.2200921511313901 neg 0.16749428064565958	false	1.0
sinnlosigkeit	neg 1.0		__DUMMY__ 0.453097136854556 neg 0.2941612859592787 off 0.2527415771861653	false	1.0
behindern	neg 1.0		__DUMMY__ 0.4529321299520062 neg 0.29279356717479077 off 0.2542743028732031	false	1.0
undemokratisch	neg 1.0		__DUMMY__ 0.45198390009652906 neg 0.29180935377752104 off 0.2562067461259498	false	1.0
wirtschaftskrise	neg 1.0		__DUMMY__ 0.4517176327552022 neg 0.297991641194986 off 0.25029072604981184	false	1.0
neid	neg 1.0		__DUMMY__ 0.4530698998291828 neg 0.28599018850463587 off 0.26093991166618136	false	1.0
rutschen	neg 1.0		__DUMMY__ 0.4598351434094895 neg 0.29343528492999843 off 0.24672957166051215	false	1.0
rezession	neg 1.0		__DUMMY__ 0.4440993865647944 neg 0.2921528271964912 off 0.2637477862387143	false	1.0
fehlgeburt	neg 1.0		__DUMMY__ 0.4520013496844953 neg 0.2907937513679861 off 0.2572048989475185	false	1.0
charakterschwach	off 1.0		__DUMMY__ 0.4487796245934008 neg 0.2885650805219999 off 0.26265529488459927	false	0.5
isolation	neg 1.0		__DUMMY__ 0.4515966425763211 neg 0.2885835979458672 off 0.25981975947781183	false	1.0
ablenkung	neg 1.0		__DUMMY__ 0.45441586100813164 neg 0.2894393466676752 off 0.2561447923241932	false	1.0
pech	neg 1.0		__DUMMY__ 0.45174424372411237 neg 0.28815931291487423 off 0.2600964433610134	false	1.0
vermeidung	neg 1.0		__DUMMY__ 0.44931672367464986 neg 0.2881398091075612 off 0.26254346721778893	false	1.0
dominieren	neg 1.0		__DUMMY__ 0.45409199561933417 neg 0.2953715729664792 off 0.25053643141418663	false	1.0
schwindlig	neg 1.0		__DUMMY__ 0.45261932319701587 neg 0.28911576971240843 off 0.2582649070905758	false	1.0
lutscher	neg 1.0	neg 1.0	neg 0.6312231213320226 __DUMMY__ 0.21404776050506175 off 0.15472911816291562	false	1.0
pflicht	neg 1.0		__DUMMY__ 0.4546520883030411 neg 0.29673364385393497 off 0.24861426784302396	false	1.0
faschist	off 1.0		__DUMMY__ 0.45123396969706203 neg 0.28952263852361027 off 0.2592433917793277	false	0.5
verschleudern	neg 1.0		__DUMMY__ 0.45446727342465815 neg 0.2956332878498449 off 0.24989943872549697	false	1.0
wenn			__DUMMY__ 0.4510921614005802 neg 0.28838855408951247 off 0.26051928450990725	false	0.0
ehebruch	neg 1.0		__DUMMY__ 0.4532221855853104 neg 0.2956170117413128 off 0.25116080267337676	false	1.0
spott	off 1.0		__DUMMY__ 0.45358484480392863 neg 0.2956794753036008 off 0.25073567989247053	false	0.5
trostlosigkeit	neg 1.0		__DUMMY__ 0.4546910595535806 neg 0.29763930177495296 off 0.2476696386714664	false	1.0
lutschen	neg 1.0		__DUMMY__ 0.44877194573112256 neg 0.29256796292421244 off 0.25866009134466494	false	1.0
undiszipliniert	neg 1.0		__DUMMY__ 0.449186645589804 neg 0.28603122622202076 off 0.26478212818817537	false	1.0
kopfschmerz	neg 1.0		__DUMMY__ 0.4512563936776635 neg 0.29696624259703663 off 0.25177736372529985	false	1.0
unvorhergesehen	neg 1.0		__DUMMY__ 0.45739558386368934 neg 0.29189685674662347 off 0.2507075593896873	false	1.0
desinteressiert	neg 1.0	neg 1.0	neg 0.6331800905863638 __DUMMY__ 0.21690218370460376 off 0.14991772570903233	false	1.0
armselig	off 1.0		__DUMMY__ 0.44757796124704147 neg 0.28734662887405693 off 0.26507540987890155	false	0.5
desaster	neg 1.0		__DUMMY__ 0.4560268954248143 neg 0.29723068633746796 off 0.2467424182377177	false	1.0
tod	neg 1.0		__DUMMY__ 0.4533078408137948 neg 0.29551073308768033 off 0.2511814260985248	false	1.0
herzlos	neg 1.0		__DUMMY__ 0.4484925109914642 neg 0.28618205947951025 off 0.26532542952902544	false	1.0
unwissenheit	neg 1.0		__DUMMY__ 0.4526789397562253 neg 0.29521049546559874 off 0.252110564778176	false	1.0
widersinnig	neg 1.0		__DUMMY__ 0.4516532270446851 neg 0.2964856491721788 off 0.2518611237831361	false	1.0
bedenklich	neg 1.0		__DUMMY__ 0.4534370050540824 neg 0.29529494775508597 off 0.25126804719083157	false	1.0
beanstanden	neg 1.0		__DUMMY__ 0.4555645192247995 neg 0.2959061147312062 off 0.24852936604399437	false	1.0
panisch	neg 1.0	neg 1.0	neg 0.6330726028439877 __DUMMY__ 0.21984010532904474 off 0.14708729182696761	false	1.0
debil	off 1.0		__DUMMY__ 0.45870672647945937 neg 0.29893193158884185 off 0.24236134193169892	false	0.5
abstrich	neg 1.0		__DUMMY__ 0.4556684228855073 neg 0.28953169133584583 off 0.2547998857786469	false	1.0
primitiv	neg 1.0		__DUMMY__ 0.44880751765334786 neg 0.2879580860900834 off 0.26323439625656886	false	1.0
abschaum	off 1.0	off 1.0	off 0.6183906971412176 __DUMMY__ 0.21699883718467985 neg 0.16461046567410256	false	1.0
provozieren	neg 1.0		__DUMMY__ 0.4508011683481199 neg 0.2932882865620839 off 0.2559105450897963	false	1.0
tot	neg 1.0		__DUMMY__ 0.4531848330466194 neg 0.29500624323231733 off 0.2518089237210633	false	1.0
instabil	neg 1.0		__DUMMY__ 0.4478949397728378 neg 0.2878237205458122 off 0.26428133968135004	false	1.0
schwuchtel	off 1.0	off 1.0	off 0.6266676087203203 __DUMMY__ 0.21230249686749272 neg 0.16102989441218707	false	1.0
zerren	neg 1.0		__DUMMY__ 0.453573331659093 neg 0.29347908803643863 off 0.2529475803044683	false	1.0
kinderficker	off 1.0		__DUMMY__ 0.4473167761375565 neg 0.2842905958471789 off 0.2683926280152647	false	0.5
gefahr	neg 1.0		__DUMMY__ 0.455781829195436 neg 0.2959186977412057 off 0.24829947306335823	false	1.0
rabiat	neg 1.0		__DUMMY__ 0.45283064952604246 neg 0.2916275695831168 off 0.2555417808908408	false	1.0
verlangsamung	neg 1.0		__DUMMY__ 0.443099679677558 neg 0.28818664861209126 off 0.2687136717103506	false	1.0
ausgestorben	neg 1.0		__DUMMY__ 0.4535527669704271 neg 0.29106151647125333 off 0.2553857165583196	false	1.0
anklagen	neg 1.0		__DUMMY__ 0.4527574418014367 neg 0.29598729665290835 off 0.25125526154565503	false	1.0
trott	neg 1.0		__DUMMY__ 0.45291415662852547 neg 0.29235127836591435 off 0.25473456500556013	false	1.0
verminderung	neg 1.0		__DUMMY__ 0.44959072909535414 neg 0.2871712870306367 off 0.26323798387400915	false	1.0
nach			__DUMMY__ 0.4604983722471621 neg 0.2940777004893832 off 0.24542392726345472	false	0.0
rost	neg 1.0		__DUMMY__ 0.44599140538108667 neg 0.28574429730022194 off 0.26826429731869134	false	1.0
destruktiv	neg 1.0		__DUMMY__ 0.4520748574254758 neg 0.2930951435670688 off 0.25482999900745534	false	1.0
unzumutbarkeit	neg 1.0		__DUMMY__ 0.4500602819180592 neg 0.28837517837191734 off 0.26156453971002347	false	1.0
labil	off 1.0	off 1.0	off 0.617897887855301 __DUMMY__ 0.21735744805888788 neg 0.16474466408581112	false	1.0
ziemlich	neg 1.0		__DUMMY__ 0.4515876848709379 neg 0.285440456660252 off 0.26297185846881016	false	1.0
lachnummer	off 1.0		__DUMMY__ 0.4517853581430753 neg 0.2926134801036766 off 0.255601161753248	false	0.5
oder			__DUMMY__ 0.45405522282408406 neg 0.288927863148082 off 0.25701691402783405	false	0.0
verfall	neg 1.0		__DUMMY__ 0.4566377103827153 neg 0.2994943153725242 off 0.2438679742447605	false	1.0
ausgrenzung	neg 1.0		__DUMMY__ 0.4515606625581372 neg 0.29161808832961045 off 0.25682124911225246	false	1.0
unordnung	neg 1.0		__DUMMY__ 0.45030643644436585 neg 0.2847856013716635 off 0.2649079621839706	false	1.0
fehlverhalten	neg 1.0		__DUMMY__ 0.45328896396382073 neg 0.29784245204216914 off 0.2488685839940102	false	1.0
eine			__DUMMY__ 0.45696439352333706 neg 0.2934675684253358 off 0.24956803805132716	false	0.0
nille	neg 1.0		__DUMMY__ 0.45341572026528026 neg 0.2917677591693805 off 0.25481652056533927	false	1.0
qual	neg 1.0		__DUMMY__ 0.45320895747526035 neg 0.2924619556776492 off 0.25432908684709044	false	1.0
verschwenden	neg 1.0		__DUMMY__ 0.45329035697018216 neg 0.2963706063647402 off 0.2503390366650775	false	1.0
riesig	neg 1.0		__DUMMY__ 0.45425946318807287 neg 0.29460732007416124 off 0.2511332167377658	false	1.0
verurteilen	neg 1.0		__DUMMY__ 0.45194653030236626 neg 0.2963609559669595 off 0.25169251373067425	false	1.0
klischee	neg 1.0	neg 1.0	neg 0.6350815037118062 __DUMMY__ 0.21755074054946075 off 0.1473677557387331	false	1.0
diktatorisch	neg 1.0		__DUMMY__ 0.45105569806387946 neg 0.292909000529614 off 0.25603530140650654	false	1.0
vorhersehbar	neg 1.0		__DUMMY__ 0.45012151851423066 neg 0.2911133906405955 off 0.2587650908451738	false	1.0
sowie			__DUMMY__ 0.44569612576205275 neg 0.28746417669425073 off 0.2668396975436964	false	0.0
stornieren	neg 1.0		__DUMMY__ 0.4566055080267851 neg 0.28400484828363004 off 0.25938964368958495	false	1.0
besteuerung	neg 1.0		__DUMMY__ 0.4489878843012708 neg 0.2964860176109869 off 0.2545260980877422	false	1.0
ungeschminkt	neg 1.0		__DUMMY__ 0.4457130794573457 neg 0.2929036297095817 off 0.2613832908330726	false	1.0
kritisch	neg 1.0		__DUMMY__ 0.45402218271978895 neg 0.2948320042196069 off 0.25114581306060413	false	1.0
schlamperei	off 1.0		__DUMMY__ 0.4550351392216631 neg 0.29529604638621815 off 0.24966881439211877	false	0.5
sucht	neg 1.0	neg 1.0	neg 0.6330834243116158 __DUMMY__ 0.22095242176356003 off 0.14596415392482412	false	1.0
egoistisch	off 1.0		__DUMMY__ 0.44621545686705266 neg 0.28551629626119734 off 0.2682682468717499	false	0.5
ausbeuter	off 1.0		__DUMMY__ 0.452775125368915 neg 0.2985524929712806 off 0.24867238165980443	false	0.5
arschgeburt	off 1.0		__DUMMY__ 0.43919783459392286 neg 0.285458042449987 off 0.27534412295609	false	0.5
schubs	neg 1.0		__DUMMY__ 0.453971623092495 neg 0.29285271734199025 off 0.2531756595655146	false	1.0
unsolide	neg 1.0		__DUMMY__ 0.4502466898922525 neg 0.2931280878483829 off 0.2566252222593647	false	1.0
beschwerde	neg 1.0		__DUMMY__ 0.45320177360896596 neg 0.29683316720861097 off 0.24996505918242312	false	1.0
stocken	neg 1.0		__DUMMY__ 0.45403705001904354 neg 0.296317911580862 off 0.24964503840009444	false	1.0
isolieren	neg 1.0		__DUMMY__ 0.45412339680523345 neg 0.29406071044325816 off 0.25181589275150845	false	1.0
unheilbar	neg 1.0		__DUMMY__ 0.4529984818966916 neg 0.29115332951315864 off 0.2558481885901498	false	1.0
pisser	off 1.0		__DUMMY__ 0.44608835376421613 neg 0.2902793258451513 off 0.26363232039063256	false	0.5
löschen	neg 1.0		__DUMMY__ 0.45259265245227037 neg 0.29240539787067305 off 0.2550019496770565	false	1.0
durchfallen	neg 1.0		__DUMMY__ 0.4529648029850078 neg 0.29540066045602004 off 0.25163453655897217	false	1.0
wichser	off 1.0	off 1.0	off 0.625253169883352 __DUMMY__ 0.21395765097586628 neg 0.16078917914078186	false	1.0
terror	neg 1.0		__DUMMY__ 0.45190430353987154 neg 0.2891042935450614 off 0.25899140291506706	false	1.0
krass	neg 1.0		__DUMMY__ 0.4472477164677769 neg 0.2870900215107132 off 0.26566226202150994	false	1.0
revolte	neg 1.0		__DUMMY__ 0.45068233651337847 neg 0.2923227903435686 off 0.2569948731430529	false	1.0
besorgt	neg 1.0		__DUMMY__ 0.45631731678561194 neg 0.2894180247683583 off 0.2542646584460296	false	1.0
nachlassen	neg 1.0		__DUMMY__ 0.4561513732999409 neg 0.29333042343421273 off 0.25051820326584645	false	1.0
alt	neg 1.0		__DUMMY__ 0.4526504035748857 neg 0.2955629051410636 off 0.2517866912840508	false	1.0
hundesohn	off 1.0		__DUMMY__ 0.44289288680856875 neg 0.285012984522139 off 0.2720941286692923	false	0.5
als			__DUMMY__ 0.45464228787829003 neg 0.2920063646948179 off 0.25335134742689214	false	0.0
abschreckung	neg 1.0		__DUMMY__ 0.45493044712129954 neg 0.2971373416976825 off 0.247932211181018	false	1.0
unqualifiziert	neg 1.0		__DUMMY__ 0.4499141367387398 neg 0.2902355309383749 off 0.25985033232288524	false	1.0
abgewichst	off 1.0		__DUMMY__ 0.454120961402384 neg 0.2916316599418171 off 0.254247378655799	false	0.5
schwer	neg 1.0		__DUMMY__ 0.45280255194062496 neg 0.29251287561963996 off 0.2546845724397351	false	1.0
bedeutungslosigkeit	neg 1.0		__DUMMY__ 0.4544920588339712 neg 0.29634269442430544 off 0.24916524674172336	false	1.0
kapitulation	neg 1.0		__DUMMY__ 0.4539847305657831 neg 0.29540870931602664 off 0.2506065601181903	false	1.0
unscharf	neg 1.0		__DUMMY__ 0.44961361564284463 neg 0.29294054443638307 off 0.2574458399207723	false	1.0
schwinden	neg 1.0		__DUMMY__ 0.45426067946488746 neg 0.2971692787695697 off 0.2485700417655429	false	1.0
versklavung	neg 1.0		__DUMMY__ 0.4515370710001276 neg 0.2928438429317501 off 0.2556190860681224	false	1.0
schlecht	neg 1.0		__DUMMY__ 0.4516383856208488 neg 0.28515255893049857 off 0.2632090554486527	false	1.0
verhasst	neg 1.0		__DUMMY__ 0.4497026296760465 neg 0.29408927194865186 off 0.2562080983753018	false	1.0
beschweren	neg 1.0		__DUMMY__ 0.45247981081261085 neg 0.28947638650776436 off 0.2580438026796246	false	1.0
scheiden	neg 1.0		__DUMMY__ 0.45451239218174505 neg 0.28969573536605203 off 0.255791872452203	false	1.0
frustriert	neg 1.0		__DUMMY__ 0.4527983973790404 neg 0.2936833706183359 off 0.25351823200262386	false	1.0
schimmelig	neg 1.0		__DUMMY__ 0.450680206394636 neg 0.29866927683476413 off 0.25065051677059985	false	1.0
fisch	neg 1.0		__DUMMY__ 0.4528710421983391 neg 0.2994650070514436 off 0.24766395075021724	false	1.0
schmuggel	neg 1.0		__DUMMY__ 0.45304041773004067 neg 0.2980557821832494 off 0.2489038000867099	false	1.0
auffallen	neg 1.0		__DUMMY__ 0.4519518467866709 neg 0.28916163549463036 off 0.2588865177186988	false	1.0
konkurrenz	neg 1.0		__DUMMY__ 0.4563556307851403 neg 0.2955641048423893 off 0.24808026437247055	false	1.0
teufelskreis	neg 1.0	neg 1.0	neg 0.637482377159829 __DUMMY__ 0.2181852495313227 off 0.1443323733088482	false	1.0
aufschreien	neg 1.0		__DUMMY__ 0.4507183386610739 neg 0.2907587496037362 off 0.2585229117351899	false	1.0
schuldner	neg 1.0		__DUMMY__ 0.4529116370505162 neg 0.2993565769238575 off 0.2477317860256264	false	1.0
missgeburt	off 1.0	off 1.0	off 0.6219563518275546 __DUMMY__ 0.21355454536205812 neg 0.16448910281038726	false	1.0
arbeitslos	neg 1.0		__DUMMY__ 0.45272973672445577 neg 0.2952955460233196 off 0.25197471725222464	false	1.0
befallen	neg 1.0		__DUMMY__ 0.45047439502075864 neg 0.29750616558158344 off 0.25201943939765786	false	1.0
miesepetrig	off 1.0	off 1.0	off 0.6189134114711282 __DUMMY__ 0.2180437628046666 neg 0.16304282572420523	false	1.0
alarmieren	neg 1.0		__DUMMY__ 0.44799900283559413 neg 0.2928206879084029 off 0.259180309256003	false	1.0
ungeduscht	off 1.0		__DUMMY__ 0.44843361795477144 neg 0.2921384159889294 off 0.25942796605629903	false	0.5
knappheit	neg 1.0		__DUMMY__ 0.4519767719943473 neg 0.297129005542673 off 0.25089422246297965	false	1.0
schlange	neg 1.0		__DUMMY__ 0.45454614456733605 neg 0.2873819286466127 off 0.25807192678605123	false	1.0
harsch	neg 1.0		__DUMMY__ 0.44875309972452126 neg 0.2839080891518294 off 0.2673388111236493	false	1.0
lang	neg 1.0		__DUMMY__ 0.45265374048153795 neg 0.291137636607961 off 0.25620862291050117	false	1.0
ziellos	neg 1.0		__DUMMY__ 0.45552698316756773 neg 0.29245295137101984 off 0.25202006546141237	false	1.0
selbstverliebt	neg 1.0		__DUMMY__ 0.44231139505180156 neg 0.2839594618772247 off 0.27372914307097385	false	1.0
beseitigen	neg 1.0		__DUMMY__ 0.45367061875068054 neg 0.2928227180309487 off 0.25350666321837073	false	1.0
dumm	off 1.0		__DUMMY__ 0.4466993087006475 neg 0.28391317736112276 off 0.26938751393822974	false	0.5
arbeitsloser	neg 1.0		__DUMMY__ 0.45507951481733705 neg 0.2920743710888793 off 0.25284611409378366	false	1.0
blitzen	neg 1.0		__DUMMY__ 0.45178675178791816 neg 0.28900290450444643 off 0.25921034370763546	false	1.0
hilflos	neg 1.0		__DUMMY__ 0.45240329223890025 neg 0.29488709931448837 off 0.2527096084466114	false	1.0
eklig	off 1.0		__DUMMY__ 0.44394415709583634 neg 0.286997108381682 off 0.26905873452248164	false	0.5
begriff			__DUMMY__ 0.4532584536574754 neg 0.29207173119599483 off 0.25466981514652975	false	0.0
hungersnot	neg 1.0		__DUMMY__ 0.452486909355225 neg 0.2959635356377296 off 0.2515495550070455	false	1.0
ungesetzlich	neg 1.0		__DUMMY__ 0.4505303891841682 neg 0.29396886677312506 off 0.25550074404270673	false	1.0
verschwendung	neg 1.0		__DUMMY__ 0.45414610693429064 neg 0.2958436852687796 off 0.25001020779692984	false	1.0
schmerzvoll	neg 1.0		__DUMMY__ 0.451749762105984 neg 0.2909693414212348 off 0.25728089647278113	false	1.0
vorzeitig	neg 1.0		__DUMMY__ 0.4503523292563123 neg 0.29167030739555355 off 0.25797736334813415	false	1.0
unvollkommenheit	neg 1.0		__DUMMY__ 0.45622860253005404 neg 0.29111400489915334 off 0.2526573925707927	false	1.0
intervenieren	neg 1.0		__DUMMY__ 0.45354867538047305 neg 0.29692051667361713 off 0.24953080794590987	false	1.0
banause	off 1.0		__DUMMY__ 0.44129328618957187 neg 0.2873176181046849 off 0.2713890957057432	false	0.5
rebell	neg 1.0		__DUMMY__ 0.45483415378135444 neg 0.29994129243659207 off 0.24522455378205357	false	1.0
unlogisch	neg 1.0		__DUMMY__ 0.44802522804881145 neg 0.287030012649475 off 0.2649447593017134	false	1.0
leiden	neg 1.0		__DUMMY__ 0.4570071416836024 neg 0.2932228702613129 off 0.24976998805508466	false	1.0
abschaffung	neg 1.0		__DUMMY__ 0.45239074692689274 neg 0.29210602332867014 off 0.25550322974443707	false	1.0
sturz	neg 1.0		__DUMMY__ 0.45186050230734626 neg 0.2934437474568167 off 0.2546957502358371	false	1.0
verkleinerung	neg 1.0		__DUMMY__ 0.449328810688615 neg 0.2927529967965547 off 0.2579181925148303	false	1.0
schmarotzer	off 1.0		__DUMMY__ 0.4522317097794294 neg 0.29489628049573535 off 0.25287200972483537	false	0.5
bestrafung	neg 1.0		__DUMMY__ 0.45161829846564233 neg 0.2921678908711622 off 0.25621381066319554	false	1.0
achtlos	neg 1.0	neg 1.0	neg 0.6358491872797551 __DUMMY__ 0.2195318801592098 off 0.14461893256103514	false	1.0
ungeheuer	neg 1.0		__DUMMY__ 0.4515471530356228 neg 0.2904227920212127 off 0.25803005494316456	false	1.0
unaufrichtig	neg 1.0		__DUMMY__ 0.4539598571547611 neg 0.286077691745174 off 0.2599624511000649	false	1.0
groggy	neg 1.0		__DUMMY__ 0.4512116745286978 neg 0.2900102044269837 off 0.2587781210443184	false	1.0
verletzlich	neg 1.0		__DUMMY__ 0.44742584993092815 neg 0.29071779526502484 off 0.26185635480404695	false	1.0
ablehnen	neg 1.0		__DUMMY__ 0.4539788742439616 neg 0.2939785702030454 off 0.25204255555299304	false	1.0
