unsolidarisch	neg 1.0		neg 0.5152158228799025 off 0.44500258124320974 __DUMMY__ 0.03978159587688782	false	1.0
nachteilig	neg 1.0		neg 0.5173331135065168 off 0.4425107680687511 __DUMMY__ 0.04015611842473213	false	1.0
skeptisch	neg 1.0		neg 0.5180357009357273 off 0.44179423615855257 __DUMMY__ 0.040170062905720234	false	1.0
schrecklich	neg 1.0		neg 0.50288363488586 off 0.45750699417871965 __DUMMY__ 0.03960937093542037	false	1.0
schlapp	neg 1.0		neg 0.5067147747190965 off 0.45349478833344276 __DUMMY__ 0.039790436947460886	false	1.0
abfall	neg 1.0		neg 0.5208204314611072 off 0.43878715657361445 __DUMMY__ 0.04039241196527831	false	1.0
widerspenstig	neg 1.0		neg 0.5126286040476828 off 0.4474103709164031 __DUMMY__ 0.039961025035914165	false	1.0
abrupt	neg 1.0		neg 0.5169579523592747 off 0.4428706012004638 __DUMMY__ 0.04017144644026148	false	1.0
unwirksam	neg 1.0		neg 0.5157040838005739 off 0.4445772967847173 __DUMMY__ 0.039718619414708826	false	1.0
angreifen	neg 1.0		neg 0.519586030968005 off 0.4403731312731146 __DUMMY__ 0.04004083775888041	false	1.0
inkonsistent	neg 1.0		neg 0.5146928968634882 off 0.4456403735641377 __DUMMY__ 0.03966672957237404	false	1.0
abrutschen	neg 1.0		neg 0.5212551906775814 off 0.43846249539972404 __DUMMY__ 0.04028231392269448	false	1.0
unsicher	neg 1.0		neg 0.5111258463002805 off 0.4487179452889356 __DUMMY__ 0.04015620841078401	false	1.0
bauernkind	off 1.0	off 1.0	off 0.7105776066908979 neg 0.27100539836146065 __DUMMY__ 0.01841699494764153	false	1.0
angreifer	neg 1.0	neg 1.0	neg 0.7423710193229335 off 0.23868135934376247 __DUMMY__ 0.018947621333304066	false	1.0
trennen	neg 1.0		neg 0.5169943864343999 off 0.4426855540668928 __DUMMY__ 0.040320059498707345	false	1.0
schmutz	neg 1.0		neg 0.510686707771839 off 0.44932521524922764 __DUMMY__ 0.03998807697893325	false	1.0
inkonsistenz	neg 1.0		neg 0.5102197750419345 off 0.4503110537452182 __DUMMY__ 0.03946917121284718	false	1.0
erschreckend	neg 1.0		neg 0.5143476226489629 off 0.445707719810523 __DUMMY__ 0.03994465754051402	false	1.0
ertrinken	neg 1.0		neg 0.5196790464606247 off 0.44034416386786174 __DUMMY__ 0.039976789671513566	false	1.0
pickelface	off 1.0		neg 0.5143451058494033 off 0.4456743126572583 __DUMMY__ 0.039980581493338316	false	0.5
seiner			neg 0.5177677428696239 off 0.4420755192283347 __DUMMY__ 0.04015673790204135	false	0.0
lauch	neg 1.0		neg 0.5207795457650601 off 0.4389528711203968 __DUMMY__ 0.04026758311454313	false	1.0
unwichtig	neg 1.0		neg 0.5082044938732218 off 0.45207795997849815 __DUMMY__ 0.039717546148280075	false	1.0
steuerhinterziehung	neg 1.0	neg 1.0	neg 0.7452490845192128 off 0.23576917809166206 __DUMMY__ 0.018981737389125182	false	1.0
schock	neg 1.0		neg 0.5143893599697662 off 0.44563931280058733 __DUMMY__ 0.039971327229646594	false	1.0
beule	neg 1.0		neg 0.5078619001153803 off 0.45258528642770307 __DUMMY__ 0.039552813456916636	false	1.0
vergelten	neg 1.0		neg 0.5027560997205507 off 0.4574317498792465 __DUMMY__ 0.039812150400202695	false	1.0
verdorbenheit	neg 1.0		neg 0.510706451740559 off 0.44919035373102256 __DUMMY__ 0.04010319452841845	false	1.0
trauma	neg 1.0		neg 0.5122964005793071 off 0.447795349813021 __DUMMY__ 0.039908249607671975	false	1.0
sinnlos	neg 1.0		neg 0.5101716460823439 off 0.44990706348712894 __DUMMY__ 0.03992129043052726	false	1.0
fettsack	off 1.0	off 1.0	off 0.7120307627693002 neg 0.26948085262497506 __DUMMY__ 0.018488384605724807	false	1.0
feige	off 1.0	off 1.0	off 0.7098996394824485 neg 0.2713560755377462 __DUMMY__ 0.018744284979805258	false	1.0
abdanken	neg 1.0		neg 0.5146759034357458 off 0.44540274193420776 __DUMMY__ 0.03992135463004648	false	1.0
wichtigtuer	off 1.0	off 1.0	off 0.7091842742234049 neg 0.2719403682955836 __DUMMY__ 0.018875357481011486	false	1.0
misslingen	neg 1.0		neg 0.508278305903387 off 0.45136225343471575 __DUMMY__ 0.0403594406618972	false	1.0
untreu	off 1.0		neg 0.507422808691188 off 0.452854805233367 __DUMMY__ 0.039722386075444996	false	0.5
missmutig	neg 1.0		neg 0.5081534949991946 off 0.4520858905261 __DUMMY__ 0.039760614474705525	false	1.0
hurenbock	off 1.0		neg 0.5119669160977556 off 0.4482226108797404 __DUMMY__ 0.03981047302250396	false	0.5
betrunken	neg 1.0		neg 0.5052478344757962 off 0.4550553204631813 __DUMMY__ 0.03969684506102235	false	1.0
korrupt	off 1.0		neg 0.518070771319029 off 0.44210435023300965 __DUMMY__ 0.039824878447961315	false	0.5
unmut	neg 1.0		neg 0.5207321433811213 off 0.4389440254064896 __DUMMY__ 0.040323831212389256	false	1.0
hackfresse	off 1.0		neg 0.500709370469695 off 0.4599798460722526 __DUMMY__ 0.03931078345805231	false	0.5
aufblasen	neg 1.0		neg 0.5102140895167016 off 0.4498163994268776 __DUMMY__ 0.03996951105642082	false	1.0
gewaltsam	neg 1.0		neg 0.5163856169750827 off 0.443737133470349 __DUMMY__ 0.03987724955456829	false	1.0
unbeliebtheit	neg 1.0		neg 0.5115648083138621 off 0.4488991271317148 __DUMMY__ 0.039536064554423045	false	1.0
sturheit	neg 1.0		neg 0.5157717835878963 off 0.44432730184253044 __DUMMY__ 0.039900914569573266	false	1.0
kuh	neg 1.0		neg 0.5146462743865278 off 0.4459161746154407 __DUMMY__ 0.03943755099803151	false	1.0
erschrecken	neg 1.0		neg 0.5074404041508523 off 0.45268698441226707 __DUMMY__ 0.03987261143688066	false	1.0
opfer	neg 1.0		neg 0.5169255875173085 off 0.44298492126045497 __DUMMY__ 0.04008949122223641	false	1.0
sinken	neg 1.0		neg 0.5202036847461476 off 0.4395062377872069 __DUMMY__ 0.0402900774666456	false	1.0
stinktier	neg 1.0		neg 0.5086251839844277 off 0.4524186896575913 __DUMMY__ 0.03895612635798104	false	1.0
tucke	off 1.0		neg 0.5023914369798168 off 0.458614211030646 __DUMMY__ 0.038994351989537136	false	0.5
ein			neg 0.5118652095334151 off 0.4482174765117105 __DUMMY__ 0.03991731395487441	false	0.0
abstieg	neg 1.0		neg 0.5188925567221934 off 0.44105039977216787 __DUMMY__ 0.04005704350563886	false	1.0
missverstehen	neg 1.0		neg 0.5106151008306352 off 0.4496300190513897 __DUMMY__ 0.03975488011797512	false	1.0
ergebnislos	neg 1.0		neg 0.5185856205163852 off 0.4412828932546382 __DUMMY__ 0.04013148622897662	false	1.0
unter			neg 0.523524270085763 off 0.43575534846780645 __DUMMY__ 0.04072038144643066	false	0.0
manipulieren	neg 1.0		neg 0.5181433192278289 off 0.4416361795264524 __DUMMY__ 0.040220501245718764	false	1.0
unbewiesen	neg 1.0		neg 0.5161095781954304 off 0.4441898902435685 __DUMMY__ 0.03970053156100112	false	1.0
verschleppen	neg 1.0		neg 0.5183380852759106 off 0.44174242219468646 __DUMMY__ 0.03991949252940283	false	1.0
weib	off 1.0		neg 0.5047677920966713 off 0.45639738688604486 __DUMMY__ 0.038834821017283756	false	0.5
opposition	neg 1.0		neg 0.5131295856408178 off 0.44713932366707726 __DUMMY__ 0.039731090692104926	false	1.0
verkehrswidrig	neg 1.0		neg 0.5015388630741537 off 0.45868654979971407 __DUMMY__ 0.03977458712613221	false	1.0
inkorrekt	neg 1.0		neg 0.5056970315624949 off 0.4548562929081513 __DUMMY__ 0.03944667552935388	false	1.0
vermeiden	neg 1.0	neg 1.0	neg 0.7468336486872517 off 0.2338392992399022 __DUMMY__ 0.01932705207284616	false	1.0
abweichung	neg 1.0	neg 1.0	neg 0.7437858563909734 off 0.23702882135759348 __DUMMY__ 0.01918532225143313	false	1.0
alkoholisiert	neg 1.0		neg 0.5171592738782751 off 0.44265630917764315 __DUMMY__ 0.04018441694408177	false	1.0
scheiss	off 1.0	off 1.0	off 0.710616571682723 neg 0.27061441192879326 __DUMMY__ 0.018769016388483793	false	1.0
herausforderung	neg 1.0		neg 0.5165627148512612 off 0.4431276697333059 __DUMMY__ 0.04030961541543295	false	1.0
pervers	off 1.0		neg 0.4987975831947278 off 0.46218066653357576 __DUMMY__ 0.03902175027169656	false	0.5
wackelig	neg 1.0		neg 0.5117501623536457 off 0.4478923417661046 __DUMMY__ 0.04035749588024977	false	1.0
verwickeln	neg 1.0		neg 0.510989602100316 off 0.44921398423462616 __DUMMY__ 0.03979641366505788	false	1.0
vorwand	neg 1.0		neg 0.5191667727184294 off 0.44069497372297994 __DUMMY__ 0.04013825355859068	false	1.0
muschi	off 1.0		neg 0.5140925323093628 off 0.4459221341210866 __DUMMY__ 0.0399853335695505	false	0.5
entmutigung	neg 1.0		neg 0.5127254842781597 off 0.4474352163365682 __DUMMY__ 0.03983929938527229	false	1.0
unangemessen	neg 1.0		neg 0.5159946995463071 off 0.4441048539689504 __DUMMY__ 0.039900446484742454	false	1.0
unstetig	neg 1.0		neg 0.5103753964472588 off 0.449786356133465 __DUMMY__ 0.03983824741927613	false	1.0
entmutigen	neg 1.0		neg 0.5117259436835254 off 0.4483237168153939 __DUMMY__ 0.039950339501080706	false	1.0
schwanz	neg 1.0		neg 0.5171112823793248 off 0.44284801386803463 __DUMMY__ 0.0400407037526406	false	1.0
verbot	neg 1.0		neg 0.5170335474958442 off 0.4429766293166145 __DUMMY__ 0.039989823187541296	false	1.0
leid	neg 1.0		neg 0.5026112261654749 off 0.4579861728338999 __DUMMY__ 0.03940260100062516	false	1.0
archaisch	neg 1.0		neg 0.5154440513639164 off 0.4446286042831501 __DUMMY__ 0.03992734435293356	false	1.0
gegen			neg 0.5205296688058325 off 0.43921198828729974 __DUMMY__ 0.04025834290686779	false	0.0
scheidung	neg 1.0		neg 0.491242214098841 off 0.46956899509716515 __DUMMY__ 0.039188790803993824	false	1.0
einschlag	neg 1.0		neg 0.5048049040075306 off 0.455585489357292 __DUMMY__ 0.039609606635177375	false	1.0
m			neg 0.5144697497961218 off 0.44537528787939795 __DUMMY__ 0.04015496232448029	false	0.0
abgestanden	neg 1.0		neg 0.5141574721204426 off 0.44610010806859823 __DUMMY__ 0.03974241981095912	false	1.0
schmierig	off 1.0		neg 0.5026812219608805 off 0.45781293769715725 __DUMMY__ 0.03950584034196229	false	0.5
unpraktisch	neg 1.0		neg 0.5108169519961481 off 0.44924353040409903 __DUMMY__ 0.03993951759975276	false	1.0
wixxer	off 1.0		neg 0.5002562619103702 off 0.46088737120167145 __DUMMY__ 0.03885636688795831	false	0.5
bezeichnet			neg 0.5149015430185826 off 0.44532667259125275 __DUMMY__ 0.039771784390164745	false	0.0
jammerlappen	off 1.0		neg 0.5067773272260702 off 0.4533684051096545 __DUMMY__ 0.03985426766427532	false	0.5
farce	neg 1.0		neg 0.5168412236194574 off 0.4432932243956989 __DUMMY__ 0.039865551984843664	false	1.0
zwecklos	neg 1.0		neg 0.5162019755151264 off 0.4438639877199794 __DUMMY__ 0.03993403676489424	false	1.0
turbulent	neg 1.0		neg 0.5085925747485862 off 0.45193706869484973 __DUMMY__ 0.039470356556564015	false	1.0
invasion	neg 1.0		neg 0.5110907424235558 off 0.4490470132759592 __DUMMY__ 0.03986224430048496	false	1.0
schuld	neg 1.0		neg 0.5126549501323457 off 0.4475073941485612 __DUMMY__ 0.039837655719093	false	1.0
risiko	neg 1.0	neg 1.0	neg 0.7417673673032734 off 0.23917897357523238 __DUMMY__ 0.019053659121494267	false	1.0
finster	neg 1.0		neg 0.5131446216002344 off 0.4471180166451061 __DUMMY__ 0.03973736175465945	false	1.0
geisteskrank	off 1.0		neg 0.5080702363573426 off 0.4524575279867561 __DUMMY__ 0.03947223565590116	false	0.5
zusammenbrechen	neg 1.0		neg 0.5145181341546208 off 0.4454046012076242 __DUMMY__ 0.04007726463775515	false	1.0
ausbeute	neg 1.0		neg 0.5106350108212209 off 0.4486929687519129 __DUMMY__ 0.040672020426866434	false	1.0
hinterhalt	neg 1.0		neg 0.5143899721648043 off 0.44550915182906187 __DUMMY__ 0.04010087600613377	false	1.0
kritik	neg 1.0		neg 0.5172773303083317 off 0.4428707862370998 __DUMMY__ 0.03985188345456865	false	1.0
einschrumpfen	neg 1.0		neg 0.5110587832859674 off 0.4493532301015799 __DUMMY__ 0.03958798661245282	false	1.0
riskant	neg 1.0		neg 0.518745784568437 off 0.4412277621504942 __DUMMY__ 0.04002645328106883	false	1.0
frustrieren	neg 1.0		neg 0.5170237628471754 off 0.4429136813627476 __DUMMY__ 0.04006255579007686	false	1.0
groll	neg 1.0		neg 0.5168213425846913 off 0.443238580734113 __DUMMY__ 0.039940076681195806	false	1.0
gibt			neg 0.513842982173829 off 0.446025171263397 __DUMMY__ 0.04013184656277386	false	0.0
qualvoll	neg 1.0		neg 0.510356651815324 off 0.4498634006661959 __DUMMY__ 0.0397799475184803	false	1.0
wackeln	neg 1.0		neg 0.510695858819139 off 0.4492365878718037 __DUMMY__ 0.040067553309057265	false	1.0
klagen	neg 1.0		neg 0.5204591028473328 off 0.4392976538845296 __DUMMY__ 0.040243243268137684	false	1.0
bankrott	neg 1.0		neg 0.5075607429322893 off 0.45256869309062314 __DUMMY__ 0.039870563977087624	false	1.0
trauern	neg 1.0		neg 0.517167627807544 off 0.44269619504658586 __DUMMY__ 0.04013617714587014	false	1.0
ablehnung	neg 1.0		neg 0.5171443135197612 off 0.44295474746020197 __DUMMY__ 0.0399009390200369	false	1.0
stur	neg 1.0		neg 0.5121691887682698 off 0.4479749084075412 __DUMMY__ 0.03985590282418903	false	1.0
aufruhr	neg 1.0	neg 1.0	neg 0.7440486563169162 off 0.2369602061265439 __DUMMY__ 0.01899113755653985	false	1.0
melancholie	neg 1.0		neg 0.5165912280584906 off 0.44336086999232177 __DUMMY__ 0.04004790194918769	false	1.0
ist			neg 0.5103751296763411 off 0.4496905012155142 __DUMMY__ 0.039934369108144595	false	0.0
torheit	neg 1.0		neg 0.5126348539436211 off 0.4474068789373642 __DUMMY__ 0.03995826711901467	false	1.0
dreckskind	off 1.0		neg 0.5047486533619298 off 0.45617739428043474 __DUMMY__ 0.039073952357635486	false	0.5
umtauschen	neg 1.0		neg 0.5128944531015771 off 0.4471039630078378 __DUMMY__ 0.04000158389058504	false	1.0
zum			neg 0.5184502739272308 off 0.44080230264369064 __DUMMY__ 0.04074742342907861	false	0.0
zersetzen	neg 1.0		neg 0.5199556031032444 off 0.4400213927560405 __DUMMY__ 0.04002300414071507	false	1.0
zur			neg 0.5216386425771307 off 0.43781645971806515 __DUMMY__ 0.040544897704804204	false	0.0
frust	neg 1.0		neg 0.5142213709436623 off 0.4456680990189766 __DUMMY__ 0.04011053003736105	false	1.0
unerbittlichkeit	neg 1.0		neg 0.5194565174289354 off 0.4404647662654949 __DUMMY__ 0.04007871630556972	false	1.0
zwei			neg 0.5183538972105544 off 0.44104108409551007 __DUMMY__ 0.04060501869393555	false	0.0
unkorrekt	neg 1.0		neg 0.5040301240472054 off 0.45632038724267543 __DUMMY__ 0.03964948871011922	false	1.0
hexe	off 1.0		neg 0.512174776784932 off 0.4485276440045734 __DUMMY__ 0.03929757921049457	false	0.5
lasch	neg 1.0		neg 0.5101804128495786 off 0.45015232567986535 __DUMMY__ 0.039667261470555944	false	1.0
rivale	neg 1.0		neg 0.5064193059258341 off 0.45402429693892216 __DUMMY__ 0.03955639713524379	false	1.0
mutlos	off 1.0	off 1.0	off 0.704748940216202 neg 0.27625867201130355 __DUMMY__ 0.018992387772494405	false	1.0
wirr	off 1.0		neg 0.505797124085312 off 0.4548299191031871 __DUMMY__ 0.039372956811501034	false	0.5
jahr			neg 0.5129691852286321 off 0.44626706395597154 __DUMMY__ 0.04076375081539633	false	0.0
wird			neg 0.5156086543385962 off 0.44427370764170043 __DUMMY__ 0.040117638019703306	false	0.0
strafbar	neg 1.0		neg 0.5169560461781361 off 0.44291533863307087 __DUMMY__ 0.040128615188792995	false	1.0
erosion	neg 1.0		neg 0.5115327229345538 off 0.4483660977465986 __DUMMY__ 0.0401011793188477	false	1.0
eingehen	neg 1.0		neg 0.5174957225725247 off 0.44245477979551934 __DUMMY__ 0.04004949763195601	false	1.0
faul	off 1.0		neg 0.5078791754461024 off 0.45228559053039397 __DUMMY__ 0.039835234023503766	false	0.5
provisorium	neg 1.0		neg 0.5207649442554515 off 0.4383410359502682 __DUMMY__ 0.04089401979428041	false	1.0
schmerzen	neg 1.0		neg 0.5151127174564339 off 0.44500366895496 __DUMMY__ 0.039883613588606086	false	1.0
schrumpfen	neg 1.0		neg 0.5238577379444238 off 0.4358628391204069 __DUMMY__ 0.040279422935169215	false	1.0
geistlos	off 1.0		neg 0.5131419200081465 off 0.44729791651449946 __DUMMY__ 0.03956016347735413	false	0.5
fehlkauf	neg 1.0		neg 0.5117037753648542 off 0.44845775975198854 __DUMMY__ 0.03983846488315727	false	1.0
frustrierend	neg 1.0		neg 0.508347805770857 off 0.4518107091475564 __DUMMY__ 0.039841485081586685	false	1.0
unzufrieden	neg 1.0		neg 0.5160120137722528 off 0.4439947561763365 __DUMMY__ 0.039993230051410686	false	1.0
verzweifeln	neg 1.0		neg 0.5138268067766084 off 0.44615419624268016 __DUMMY__ 0.040018996980711395	false	1.0
verzweifelt	neg 1.0	neg 1.0	neg 0.743271662054398 off 0.23785605846362853 __DUMMY__ 0.0188722794819734	false	1.0
misstrauensantrag	neg 1.0		neg 0.5112366939696417 off 0.44893965905587196 __DUMMY__ 0.03982364697448631	false	1.0
abfallen	neg 1.0		neg 0.5105590594891415 off 0.4493779858116985 __DUMMY__ 0.040062954699159825	false	1.0
fucker	off 1.0		neg 0.5050159269029444 off 0.4553515348655878 __DUMMY__ 0.03963253823146788	false	0.5
ungezogen	neg 1.0		neg 0.4987678823557931 off 0.4620858422408155 __DUMMY__ 0.039146275403391266	false	1.0
irrsinnig	neg 1.0	neg 1.0	neg 0.7429502351047121 off 0.23814387568694026 __DUMMY__ 0.018905889208347636	false	1.0
unfassbar	neg 1.0		neg 0.5056979606193994 off 0.45451208430030343 __DUMMY__ 0.03978995508029715	false	1.0
hart	neg 1.0		neg 0.5094666179883411 off 0.4510263646799632 __DUMMY__ 0.03950701733169587	false	1.0
widerlich	off 1.0		neg 0.5069391939552131 off 0.45348189125300076 __DUMMY__ 0.03957891479178597	false	0.5
fatal	neg 1.0		neg 0.5109629675862084 off 0.4492001391357166 __DUMMY__ 0.039836893278075096	false	1.0
bruch	neg 1.0		neg 0.5198366712685021 off 0.4399070160839495 __DUMMY__ 0.040256312647548434	false	1.0
aushungern	neg 1.0		neg 0.5153841422821251 off 0.4445848833971968 __DUMMY__ 0.04003097432067807	false	1.0
anspannung	neg 1.0		neg 0.5210947277456307 off 0.43840073286764725 __DUMMY__ 0.040504539386722195	false	1.0
von			neg 0.5119163032729711 off 0.4472167107218154 __DUMMY__ 0.04086698600521344	false	0.0
kraftlos	neg 1.0		neg 0.5149247773080803 off 0.4449640038685595 __DUMMY__ 0.04011121882336027	false	1.0
vom			neg 0.5199447072747916 off 0.43914459617432566 __DUMMY__ 0.040910696550882725	false	0.0
grenzdebil	off 1.0		neg 0.5054292598911113 off 0.4548034501793454 __DUMMY__ 0.039767289929543134	false	0.5
vor			neg 0.5176255174570695 off 0.44199649938416846 __DUMMY__ 0.04037798315876202	false	0.0
unterwerfen	neg 1.0		neg 0.5173778528526538 off 0.442570597293513 __DUMMY__ 0.04005154985383322	false	1.0
versenkung	neg 1.0		neg 0.5151044218644316 off 0.44463719156538717 __DUMMY__ 0.04025838657018117	false	1.0
entziehen	neg 1.0		neg 0.5199061028367044 off 0.4398679329321818 __DUMMY__ 0.040225964231113874	false	1.0
finanzkrise	neg 1.0		neg 0.5173809254515465 off 0.4429018465519663 __DUMMY__ 0.039717227996487206	false	1.0
schimpfend	neg 1.0		neg 0.5113430435182654 off 0.44882919554140016 __DUMMY__ 0.039827760940334335	false	1.0
profan	neg 1.0		neg 0.5104999894452941 off 0.4496977711595351 __DUMMY__ 0.03980223939517084	false	1.0
korruption	neg 1.0		neg 0.517648920215789 off 0.44238824343612404 __DUMMY__ 0.03996283634808698	false	1.0
â			neg 0.5151027653904291 off 0.44472494062823453 __DUMMY__ 0.04017229398133641	false	0.0
schmutzig	neg 1.0		neg 0.5048327578775175 off 0.45540063883843757 __DUMMY__ 0.03976660328404501	false	1.0
sexy	neg 1.0		neg 0.5086428304880325 off 0.45148878154773636 __DUMMY__ 0.03986838796423115	false	1.0
abraten	neg 1.0		neg 0.5095373360178699 off 0.4504771456773694 __DUMMY__ 0.039985518304760694	false	1.0
schwarz	neg 1.0		neg 0.5117464222474659 off 0.448395477982058 __DUMMY__ 0.0398580997704761	false	1.0
fotze	off 1.0	off 1.0	off 0.7066177933766636 neg 0.2743396744746791 __DUMMY__ 0.01904253214865729	false	1.0
verwirren	neg 1.0		neg 0.5093370455177473 off 0.4508074155015641 __DUMMY__ 0.039855538980688776	false	1.0
zahnlos	off 1.0		neg 0.5151826327009592 off 0.4448503188602754 __DUMMY__ 0.03996704843876531	false	0.5
verheeren	neg 1.0		neg 0.49773670615459487 off 0.46316670605860144 __DUMMY__ 0.0390965877868037	false	1.0
hippie	neg 1.0		neg 0.5094193820094042 off 0.45073342567427344 __DUMMY__ 0.03984719231632237	false	1.0
rammen	neg 1.0		neg 0.5156627396671574 off 0.4448383582834738 __DUMMY__ 0.039498902049368984	false	1.0
unlauter	neg 1.0		neg 0.5134818417641634 off 0.4467474080593938 __DUMMY__ 0.0397707501764428	false	1.0
unheilvoll	neg 1.0		neg 0.5121850324486459 off 0.448038523071455 __DUMMY__ 0.039776444479899205	false	1.0
niedrig	neg 1.0		neg 0.5197570471315489 off 0.440279992336401 __DUMMY__ 0.03996296053205012	false	1.0
explosion	neg 1.0		neg 0.5093723832645253 off 0.45072099635882434 __DUMMY__ 0.03990662037665033	false	1.0
weichei	off 1.0	off 1.0	off 0.7136441257725816 neg 0.26772341026011703 __DUMMY__ 0.018632463967301283	false	1.0
minusmensch	off 1.0		neg 0.5047275552579576 off 0.4564837997101956 __DUMMY__ 0.03878864503184686	false	0.5
farblos	neg 1.0		neg 0.5150121558924187 off 0.4451605904140446 __DUMMY__ 0.03982725369353662	false	1.0
unwissend	neg 1.0	neg 1.0	neg 0.7403473775325299 off 0.24080026649041236 __DUMMY__ 0.018852355977057797	false	1.0
traurig	neg 1.0		neg 0.5032448819819001 off 0.45707357431607837 __DUMMY__ 0.039681543702021614	false	1.0
senkung	neg 1.0		neg 0.5118082715092034 off 0.44850883751555454 __DUMMY__ 0.039682890975241955	false	1.0
ungleich	neg 1.0	neg 1.0	neg 0.7457579180887683 off 0.235165392585126 __DUMMY__ 0.01907668932610567	false	1.0
heikel	neg 1.0		neg 0.5180107282617916 off 0.4418971479853041 __DUMMY__ 0.04009212375290433	false	1.0
drosselung	neg 1.0		neg 0.5075804406785669 off 0.45283196122166663 __DUMMY__ 0.0395875980997665	false	1.0
falsch	neg 1.0		neg 0.5082365614280703 off 0.45194789472420216 __DUMMY__ 0.03981554384772764	false	1.0
unzufriedenheit	neg 1.0		neg 0.5196111097045573 off 0.4402318781805567 __DUMMY__ 0.040157012114886044	false	1.0
kurz	neg 1.0		neg 0.5116414584389684 off 0.4480654714860215 __DUMMY__ 0.04029307007501029	false	1.0
unsinnig	neg 1.0		neg 0.514819392247952 off 0.44521828572282646 __DUMMY__ 0.03996232202922147	false	1.0
penner	off 1.0	off 1.0	off 0.7146034912396633 neg 0.2667823667119653 __DUMMY__ 0.01861414204837145	false	1.0
seicht	neg 1.0		neg 0.49939539203534794 off 0.46144847852390597 __DUMMY__ 0.0391561294407462	false	1.0
dummheit	off 1.0	off 1.0	off 0.7086584649937221 neg 0.272542292364788 __DUMMY__ 0.018799242641489886	false	1.0
unerfreulich	neg 1.0		neg 0.517487154984649 off 0.44225988130682947 __DUMMY__ 0.04025296370852142	false	1.0
motherfucker	off 1.0	off 1.0	off 0.71168756006532 neg 0.26952893472362416 __DUMMY__ 0.018783505211055835	false	1.0
pikiert	neg 1.0		neg 0.5083805120043199 off 0.45206245235484094 __DUMMY__ 0.03955703564083925	false	1.0
wrack	neg 1.0		neg 0.5168436648557202 off 0.4432334075489101 __DUMMY__ 0.03992292759536976	false	1.0
gangster	neg 1.0		neg 0.5093934676318272 off 0.45076666021433215 __DUMMY__ 0.03983987215384053	false	1.0
krank	neg 1.0		neg 0.5046769685428454 off 0.45549273617295505 __DUMMY__ 0.0398302952841994	false	1.0
reich	neg 1.0		neg 0.507832947490558 off 0.4524433521867285 __DUMMY__ 0.039723700322713586	false	1.0
gnadenlos	neg 1.0		neg 0.5124957215198018 off 0.4476575210183876 __DUMMY__ 0.03984675746181051	false	1.0
niedergeschlagen	neg 1.0		neg 0.5143459149482367 off 0.44562198655123064 __DUMMY__ 0.04003209850053258	false	1.0
terrorisieren	off 1.0	off 1.0	off 0.7056880350336643 neg 0.2752385243149622 __DUMMY__ 0.01907344065137349	false	1.0
sinnlosigkeit	neg 1.0		neg 0.5155731473379832 off 0.44443002580333624 __DUMMY__ 0.039996826858680654	false	1.0
behindern	neg 1.0		neg 0.5139300395168278 off 0.4460907015840461 __DUMMY__ 0.03997925889912603	false	1.0
undemokratisch	neg 1.0		neg 0.5125477647530217 off 0.4475678922819097 __DUMMY__ 0.03988434296506867	false	1.0
wirtschaftskrise	neg 1.0		neg 0.5190448735454224 off 0.4410961061260361 __DUMMY__ 0.03985902032854147	false	1.0
neid	neg 1.0		neg 0.5066458233304707 off 0.4533689280076497 __DUMMY__ 0.03998524866187965	false	1.0
rutschen	neg 1.0		neg 0.5182762158597612 off 0.4410943822101308 __DUMMY__ 0.04062940193010813	false	1.0
rezession	neg 1.0		neg 0.5085905722868607 off 0.45227469526080466 __DUMMY__ 0.039134732452334633	false	1.0
fehlgeburt	neg 1.0		neg 0.5113240440724899 off 0.44880436347806185 __DUMMY__ 0.039871592449448115	false	1.0
charakterschwach	off 1.0		neg 0.507225734959549 off 0.45319211092515777 __DUMMY__ 0.039582154115293255	false	0.5
isolation	neg 1.0		neg 0.5086761817167412 off 0.45147373864332585 __DUMMY__ 0.03985007963993298	false	1.0
ablenkung	neg 1.0		neg 0.5111272695219673 off 0.44875341926387435 __DUMMY__ 0.040119311214158446	false	1.0
pech	neg 1.0		neg 0.5082107189851444 off 0.4519330293180246 __DUMMY__ 0.03985625169683096	false	1.0
vermeidung	neg 1.0		neg 0.5069623669454657 off 0.4534085895859439 __DUMMY__ 0.03962904346859039	false	1.0
dominieren	neg 1.0		neg 0.5174143637563081 off 0.44250529887754203 __DUMMY__ 0.0400803373661498	false	1.0
schwindlig	neg 1.0		neg 0.5097028318548247 off 0.4503554673126129 __DUMMY__ 0.03994170083256249	false	1.0
lutscher	neg 1.0	neg 1.0	neg 0.7358142053407608 off 0.24565425091105764 __DUMMY__ 0.018531543748181587	false	1.0
pflicht	neg 1.0		neg 0.5192128750484789 off 0.4406417180927026 __DUMMY__ 0.040145406858818435	false	1.0
faschist	off 1.0		neg 0.5096835401487652 off 0.45050422388416794 __DUMMY__ 0.03981223596706691	false	0.5
verschleudern	neg 1.0		neg 0.5179411227416661 off 0.4419418210720535 __DUMMY__ 0.04011705618628029	false	1.0
wenn			neg 0.5082144135128734 off 0.4519816414314954 __DUMMY__ 0.03980394505563112	false	0.0
ehebruch	neg 1.0		neg 0.5172797168747986 off 0.44271615094302574 __DUMMY__ 0.0400041321821758	false	1.0
spott	off 1.0		neg 0.5175397124766766 off 0.4424196245619619 __DUMMY__ 0.04004066296136137	false	0.5
trostlosigkeit	neg 1.0		neg 0.5202056703347797 off 0.4396518282046296 __DUMMY__ 0.0401425014605907	false	1.0
lutschen	neg 1.0		neg 0.5115419776743589 off 0.4488798723986457 __DUMMY__ 0.03957814992699536	false	1.0
undiszipliniert	neg 1.0		neg 0.5046304577265021 off 0.45575132461806067 __DUMMY__ 0.039618217655437334	false	1.0
kopfschmerz	neg 1.0		neg 0.5174531798810218 off 0.44273633185793915 __DUMMY__ 0.039810488261039	false	1.0
unvorhergesehen	neg 1.0		neg 0.5152624482454691 off 0.4443446955341636 __DUMMY__ 0.040392856220367375	false	1.0
desinteressiert	neg 1.0	neg 1.0	neg 0.7392230709636791 off 0.24198916421069142 __DUMMY__ 0.018787764825629386	false	1.0
armselig	off 1.0		neg 0.5052502020179155 off 0.45527972825934704 __DUMMY__ 0.039470069722737484	false	0.5
desaster	neg 1.0		neg 0.5205254099211764 off 0.43920260120756804 __DUMMY__ 0.040271988871255576	false	1.0
tod	neg 1.0		neg 0.5171165302746067 off 0.4428846160559182 __DUMMY__ 0.039998853669475115	false	1.0
herzlos	neg 1.0		neg 0.5044448417550488 off 0.45600041943259834 __DUMMY__ 0.039554738812352844	false	1.0
unwissenheit	neg 1.0		neg 0.5165138543860125 off 0.44353083426043743 __DUMMY__ 0.03995531135355008	false	1.0
widersinnig	neg 1.0		neg 0.5173931615372233 off 0.44275132471249806 __DUMMY__ 0.03985551375027869	false	1.0
bedenklich	neg 1.0		neg 0.5169865783258679 off 0.4429837154038027 __DUMMY__ 0.040029706270329465	false	1.0
beanstanden	neg 1.0		neg 0.5188110094767877 off 0.44095986141504745 __DUMMY__ 0.04022912910816468	false	1.0
panisch	neg 1.0	neg 1.0	neg 0.7405563300792704 off 0.24039576826605352 __DUMMY__ 0.019047901654676028	false	1.0
debil	off 1.0		neg 0.5236508790030929 off 0.4358287577686398 __DUMMY__ 0.040520363228267325	false	0.5
abstrich	neg 1.0		neg 0.5117538333080051 off 0.4480344868344612 __DUMMY__ 0.04021167985753367	false	1.0
primitiv	neg 1.0		neg 0.5065590123951553 off 0.4538545490633085 __DUMMY__ 0.03958643854153616	false	1.0
abschaum	off 1.0	off 1.0	off 0.7104427838377916 neg 0.2707595728794082 __DUMMY__ 0.018797643282800147	false	1.0
provozieren	neg 1.0		neg 0.5134028233564841 off 0.4468176724477253 __DUMMY__ 0.039779504195790516	false	1.0
tot	neg 1.0		neg 0.5164428642548636 off 0.4435719085432831 __DUMMY__ 0.039985227201853185	false	1.0
instabil	neg 1.0		neg 0.5059330727279137 off 0.4545793912151296 __DUMMY__ 0.039487536056956714	false	1.0
schwuchtel	off 1.0	off 1.0	off 0.716842873483677 neg 0.2647794967345217 __DUMMY__ 0.018377629781801304	false	1.0
zerren	neg 1.0		neg 0.51506644037456 off 0.444892319253439 __DUMMY__ 0.04004124037200102	false	1.0
kinderficker	off 1.0		neg 0.5018799048143695 off 0.45868137475570736 __DUMMY__ 0.03943872042992303	false	0.5
gefahr	neg 1.0		neg 0.5189912729402324 off 0.4407637027064864 __DUMMY__ 0.04024502435328124	false	1.0
rabiat	neg 1.0		neg 0.5126902185849105 off 0.44734084809582253 __DUMMY__ 0.039968933319266875	false	1.0
verlangsamung	neg 1.0		neg 0.5038331432341836 off 0.4571315831938704 __DUMMY__ 0.03903527357194579	false	1.0
ausgestorben	neg 1.0		neg 0.5124469719665146 off 0.4475149486522912 __DUMMY__ 0.04003807938119433	false	1.0
anklagen	neg 1.0		neg 0.5174305786752049 off 0.4426131477918605 __DUMMY__ 0.039956273532934634	false	1.0
trott	neg 1.0		neg 0.5134540358432618 off 0.4465665603841943 __DUMMY__ 0.03997940377254391	false	1.0
verminderung	neg 1.0		neg 0.506045802483342 off 0.4542996354514822 __DUMMY__ 0.0396545620651758	false	1.0
nach			neg 0.519361263375017 off 0.4399448785570274 __DUMMY__ 0.04069385806795572	false	0.0
rost	neg 1.0		neg 0.5026731480531509 off 0.4580214013870395 __DUMMY__ 0.03930545055980967	false	1.0
destruktiv	neg 1.0		neg 0.5138961806606958 off 0.44620616575576305 __DUMMY__ 0.039897653583541165	false	1.0
unzumutbarkeit	neg 1.0		neg 0.5076727127626254 off 0.4526315541865213 __DUMMY__ 0.03969573305085336	false	1.0
labil	off 1.0	off 1.0	off 0.7101040484700791 neg 0.2710661539866545 __DUMMY__ 0.018829797543266386	false	1.0
ziemlich	neg 1.0		neg 0.5052838071400746 off 0.4548679114817189 __DUMMY__ 0.03984828137820653	false	1.0
lachnummer	off 1.0		neg 0.5132594969447769 off 0.44686762109895783 __DUMMY__ 0.03987288195626513	false	0.5
oder			neg 0.5103458770713226 off 0.4495707459457475 __DUMMY__ 0.04008337698292986	false	0.0
verfall	neg 1.0		neg 0.5232439788272376 off 0.43642604230842164 __DUMMY__ 0.04032997886434071	false	1.0
ausgrenzung	neg 1.0		neg 0.512115487373998 off 0.4480405296760989 __DUMMY__ 0.039843982949903003	false	1.0
unordnung	neg 1.0		neg 0.5039731954339008 off 0.45631556897620057 __DUMMY__ 0.039711235589898516	false	1.0
fehlverhalten	neg 1.0		neg 0.5197116352949855 off 0.44027374393042035 __DUMMY__ 0.040014620774594174	false	1.0
eine			neg 0.5168417545169279 off 0.4427960887671069 __DUMMY__ 0.04036215671596521	false	0.0
nille	neg 1.0		neg 0.5131920381519894 off 0.44678423104620846 __DUMMY__ 0.04002373080180207	false	1.0
qual	neg 1.0		neg 0.5137408812847629 off 0.44625169107983126 __DUMMY__ 0.04000742763540573	false	1.0
verschwenden	neg 1.0		neg 0.5180081081147876 off 0.44197802527511293 __DUMMY__ 0.04001386661009946	false	1.0
riesig	neg 1.0		neg 0.5166125725454348 off 0.4432912302464918 __DUMMY__ 0.04009619720807341	false	1.0
verurteilen	neg 1.0		neg 0.5174022916272304 off 0.4427123275819093 __DUMMY__ 0.039885380790860354	false	1.0
klischee	neg 1.0	neg 1.0	neg 0.7414880113939702 off 0.23966487030130643 __DUMMY__ 0.018847118304723423	false	1.0
diktatorisch	neg 1.0		neg 0.513250129095518 off 0.44695359762359393 __DUMMY__ 0.039796273280887945	false	1.0
vorhersehbar	neg 1.0		neg 0.5106872067228326 off 0.4495999641639841 __DUMMY__ 0.03971282911318325	false	1.0
sowie			neg 0.5043573505240156 off 0.45635544675651096 __DUMMY__ 0.039287202719473446	false	0.0
stornieren	neg 1.0		neg 0.5064523291726117 off 0.453233694294139 __DUMMY__ 0.04031397653324935	false	1.0
besteuerung	neg 1.0		neg 0.5158252785551142 off 0.44457627315247167 __DUMMY__ 0.039598448292414275	false	1.0
ungeschminkt	neg 1.0		neg 0.5101372665263414 off 0.45057578417399075 __DUMMY__ 0.03928694929966796	false	1.0
kritisch	neg 1.0		neg 0.5168337469564149 off 0.443082175564802 __DUMMY__ 0.04008407747878309	false	1.0
schlamperei	off 1.0		neg 0.5179277488141909 off 0.4418991230954739 __DUMMY__ 0.04017312809033515	false	0.5
sucht	neg 1.0	neg 1.0	neg 0.7411416955251168 off 0.23971633603526918 __DUMMY__ 0.019141968439614087	false	1.0
egoistisch	off 1.0		neg 0.5025263636320274 off 0.4581363378293698 __DUMMY__ 0.03933729853860275	false	0.5
ausbeuter	off 1.0		neg 0.5202057108412168 off 0.43982942507732387 __DUMMY__ 0.03996486408145934	false	0.5
arschgeburt	off 1.0		neg 0.4988239207574735 off 0.46250561708984966 __DUMMY__ 0.03867046215267678	false	0.5
schubs	neg 1.0		neg 0.5144732608516818 off 0.4454592470965989 __DUMMY__ 0.04006749205171928	false	1.0
unsolide	neg 1.0		neg 0.5130237836378775 off 0.4472611890037873 __DUMMY__ 0.03971502735833518	false	1.0
beschwerde	neg 1.0		neg 0.5185801176580863 off 0.4414204211633114 __DUMMY__ 0.03999946117860222	false	1.0
stocken	neg 1.0		neg 0.5184526915519214 off 0.44146823575218525 __DUMMY__ 0.040079072695893385	false	1.0
isolieren	neg 1.0		neg 0.5160823837576762 off 0.44383365795951507 __DUMMY__ 0.04008395828280874	false	1.0
unheilbar	neg 1.0		neg 0.5123151495282683 off 0.4477037081488646 __DUMMY__ 0.0399811423228671	false	1.0
pisser	off 1.0		neg 0.5076448449668272 off 0.45303274940299326 __DUMMY__ 0.03932240563017961	false	0.5
löschen	neg 1.0		neg 0.5133776149770787 off 0.44667501027551043 __DUMMY__ 0.039947374747410856	false	1.0
durchfallen	neg 1.0		neg 0.5168321262591937 off 0.44318441478252824 __DUMMY__ 0.03998345895827814	false	1.0
wichser	off 1.0	off 1.0	off 0.7161450698235042 neg 0.2653299408245025 __DUMMY__ 0.018524989351993187	false	1.0
terror	neg 1.0		neg 0.5093800556310447 off 0.45074183307516075 __DUMMY__ 0.03987811129379455	false	1.0
krass	neg 1.0		neg 0.5046824261153211 off 0.4558862037170971 __DUMMY__ 0.0394313701675817	false	1.0
revolte	neg 1.0		neg 0.5123854604838658 off 0.44785533219487583 __DUMMY__ 0.039759207321258254	false	1.0
besorgt	neg 1.0		neg 0.5121523468421328 off 0.4475519340580048 __DUMMY__ 0.04029571909986238	false	1.0
nachlassen	neg 1.0		neg 0.5162516579963401 off 0.44347261724273873 __DUMMY__ 0.04027572476092116	false	1.0
alt	neg 1.0		neg 0.5167120894000878 off 0.4433485233080839 __DUMMY__ 0.039939387291828374	false	1.0
hundesohn	off 1.0		neg 0.5003532580740278 off 0.4606257790889385 __DUMMY__ 0.03902096283703395	false	0.5
als			neg 0.5140346212960528 off 0.4458247101655146 __DUMMY__ 0.04014066853843259	false	0.0
abschreckung	neg 1.0		neg 0.5198480841959254 off 0.43998452169687957 __DUMMY__ 0.040167394107195054	false	1.0
unqualifiziert	neg 1.0		neg 0.5096751719879685 off 0.4506334196857827 __DUMMY__ 0.03969140832624884	false	1.0
abgewichst	off 1.0		neg 0.5133780596969005 off 0.4465318256652503 __DUMMY__ 0.040090114637849325	false	0.5
schwer	neg 1.0		neg 0.5135948682816712 off 0.44643678931677827 __DUMMY__ 0.0399683424015505	false	1.0
bedeutungslosigkeit	neg 1.0		neg 0.5187300832290547 off 0.4411413519501496 __DUMMY__ 0.04012856482079569	false	1.0
kapitulation	neg 1.0		neg 0.5174925832111881 off 0.44243185779881405 __DUMMY__ 0.04007555898999783	false	1.0
unscharf	neg 1.0		neg 0.5122022947791831 off 0.44814463675500804 __DUMMY__ 0.03965306846580885	false	1.0
schwinden	neg 1.0		neg 0.5195025396527644 off 0.44039704401200286 __DUMMY__ 0.040100416335232696	false	1.0
versklavung	neg 1.0		neg 0.5134057130333517 off 0.4467531740369507 __DUMMY__ 0.03984111292969775	false	1.0
schlecht	neg 1.0		neg 0.5050227346637328 off 0.455123036054061 __DUMMY__ 0.03985422928220611	false	1.0
verhasst	neg 1.0		neg 0.5136862570571075 off 0.44663898219989 __DUMMY__ 0.03967476074300267	false	1.0
beschweren	neg 1.0		neg 0.5101539170333454 off 0.44990908315541034 __DUMMY__ 0.03993699981124424	false	1.0
scheiden	neg 1.0		neg 0.5114234604099592 off 0.4484636788308581 __DUMMY__ 0.040112860759182724	false	1.0
frustriert	neg 1.0		neg 0.514874759389636 off 0.4451558619143827 __DUMMY__ 0.03996937869598134	false	1.0
schimmelig	neg 1.0		neg 0.518974311285981 off 0.4412726981950124 __DUMMY__ 0.039752990519006666	false	1.0
fisch	neg 1.0		neg 0.520997226258154 off 0.43904804409741677 __DUMMY__ 0.03995472964442927	false	1.0
schmuggel	neg 1.0		neg 0.5197985997643875 off 0.44022178716572447 __DUMMY__ 0.03997961306988809	false	1.0
auffallen	neg 1.0		neg 0.5095175508509814 off 0.45059652016726254 __DUMMY__ 0.039885928981756046	false	1.0
konkurrenz	neg 1.0		neg 0.5188849213453922 off 0.4408141710257425 __DUMMY__ 0.040300907628865346	false	1.0
teufelskreis	neg 1.0	neg 1.0	neg 0.7442491212398509 off 0.23684629438283303 __DUMMY__ 0.018904584377316055	false	1.0
aufschreien	neg 1.0		neg 0.5105994522596542 off 0.44963056657709044 __DUMMY__ 0.039769981163255426	false	1.0
schuldner	neg 1.0		neg 0.5211416203617285 off 0.4388858281067769 __DUMMY__ 0.03997255153149471	false	1.0
missgeburt	off 1.0	off 1.0	off 0.7126181893220044 neg 0.26889363876397887 __DUMMY__ 0.018488171914016808	false	1.0
arbeitslos	neg 1.0		neg 0.5166131254501033 off 0.44342368749932315 __DUMMY__ 0.03996318705057363	false	1.0
befallen	neg 1.0		neg 0.5178353088108478 off 0.4424285898114743 __DUMMY__ 0.03973610137767796	false	1.0
miesepetrig	off 1.0	off 1.0	off 0.7115047834005223 neg 0.2696078160125989 __DUMMY__ 0.018887400586878735	false	1.0
alarmieren	neg 1.0		neg 0.5114944525666157 off 0.4490006116233983 __DUMMY__ 0.039504935809985806	false	1.0
ungeduscht	off 1.0		neg 0.510711569041064 off 0.44974473653280417 __DUMMY__ 0.039543694426131766	false	0.5
knappheit	neg 1.0		neg 0.5182209786286609 off 0.44189749900549463 __DUMMY__ 0.03988152236584461	false	1.0
schlange	neg 1.0		neg 0.5089544406166134 off 0.4509173846282875 __DUMMY__ 0.04012817475509918	false	1.0
harsch	neg 1.0		neg 0.5021441508144426 off 0.4582826379166593 __DUMMY__ 0.03957321126889786	false	1.0
lang	neg 1.0		neg 0.5120373148354951 off 0.44800858804373045 __DUMMY__ 0.03995409712077435	false	1.0
ziellos	neg 1.0		neg 0.5149922108115016 off 0.4447828981780856 __DUMMY__ 0.04022489101041281	false	1.0
selbstverliebt	neg 1.0		neg 0.49877982670416526 off 0.4622536287407877 __DUMMY__ 0.03896654455504714	false	1.0
beseitigen	neg 1.0		neg 0.5144436141173757 off 0.4455187759092878 __DUMMY__ 0.04003760997333654	false	1.0
dumm	off 1.0		neg 0.5010299176976792 off 0.4595873613924811 __DUMMY__ 0.03938272090983958	false	0.5
arbeitsloser	neg 1.0		neg 0.5144729108435911 off 0.44534626895242546 __DUMMY__ 0.04018082020398332	false	1.0
blitzen	neg 1.0		neg 0.5092967150670906 off 0.45083403773880854 __DUMMY__ 0.03986924719410086	false	1.0
hilflos	neg 1.0		neg 0.5159506768092385 off 0.4441184034602151 __DUMMY__ 0.03993091973054652	false	1.0
eklig	off 1.0		neg 0.5028615049745205 off 0.4580180362995369 __DUMMY__ 0.03912045872594251	false	0.5
begriff			neg 0.513415316212239 off 0.44657468789327265 __DUMMY__ 0.040009995894488316	false	0.0
hungersnot	neg 1.0		neg 0.5172620974983219 off 0.4428099019160975 __DUMMY__ 0.03992800058558073	false	1.0
ungesetzlich	neg 1.0		neg 0.5141345189948368 off 0.44611803150165646 __DUMMY__ 0.03974744950350678	false	1.0
verschwendung	neg 1.0		neg 0.5179411270084737 off 0.44196194999678423 __DUMMY__ 0.04009692299474195	false	1.0
schmerzvoll	neg 1.0		neg 0.5113556172918867 off 0.4487771775874242 __DUMMY__ 0.039867205120689184	false	1.0
vorzeitig	neg 1.0		neg 0.5114079608837677 off 0.44886807082676394 __DUMMY__ 0.03972396828946828	false	1.0
unvollkommenheit	neg 1.0		neg 0.513935350493966 off 0.44578588723810364 __DUMMY__ 0.040278762267930375	false	1.0
intervenieren	neg 1.0		neg 0.518875030749759 off 0.44108860503856734 __DUMMY__ 0.040036364211673565	false	1.0
banause	off 1.0		neg 0.5018012633718485 off 0.4593308013967146 __DUMMY__ 0.03886793523143708	false	0.5
rebell	neg 1.0		neg 0.5226552041211526 off 0.4371947512941135 __DUMMY__ 0.040150044584733875	false	1.0
unlogisch	neg 1.0		neg 0.5051004082869919 off 0.4553893306252624 __DUMMY__ 0.03951026108774564	false	1.0
leiden	neg 1.0		neg 0.5165377930772426 off 0.4431056383021389 __DUMMY__ 0.040356568620618455	false	1.0
abschaffung	neg 1.0		neg 0.5130167586695541 off 0.44706176658836155 __DUMMY__ 0.039921474742084455	false	1.0
sturz	neg 1.0		neg 0.5141609620072936 off 0.445971797154304 __DUMMY__ 0.03986724083840248	false	1.0
verkleinerung	neg 1.0		neg 0.5120837862597916 off 0.44828760188322686 __DUMMY__ 0.03962861185698166	false	1.0
schmarotzer	off 1.0		neg 0.5159500992973421 off 0.44413560557165116 __DUMMY__ 0.03991429513100668	false	0.5
bestrafung	neg 1.0		neg 0.5126429988974343 off 0.44750366054433494 __DUMMY__ 0.039853340558230844	false	1.0
achtlos	neg 1.0	neg 1.0	neg 0.7432447737228259 off 0.2377325462000327 __DUMMY__ 0.01902268007714134	false	1.0
ungeheuer	neg 1.0		neg 0.5106456275473029 off 0.44951501277437805 __DUMMY__ 0.03983935967831903	false	1.0
unaufrichtig	neg 1.0		neg 0.507382225217518 off 0.4525500087652006 __DUMMY__ 0.040067766017281375	false	1.0
groggy	neg 1.0		neg 0.5101305295013016 off 0.45005238633114075 __DUMMY__ 0.03981708416755777	false	1.0
