unsolidarisch	neg 1.0		__DUMMY__ 0.868325481994404 neg 0.07115208726211564 off 0.06052243074348051	false	1.0
nachteilig	neg 1.0		__DUMMY__ 0.8739656723131263 neg 0.06981208404142351 off 0.056222243645450136	false	1.0
skeptisch	neg 1.0		__DUMMY__ 0.873818706566194 neg 0.07037020380846927 off 0.05581108962533674	false	1.0
schrecklich	neg 1.0		__DUMMY__ 0.8660990676167801 off 0.0693465283341092 neg 0.06455440404911074	false	0.5
schlapp	neg 1.0		__DUMMY__ 0.8688927070770971 neg 0.06585625987823626 off 0.06525103304466663	false	1.0
abfall	neg 1.0		__DUMMY__ 0.8772785966349756 neg 0.0704049016594094 off 0.052316501705614936	false	1.0
widerspenstig	neg 1.0		__DUMMY__ 0.8712254474082959 neg 0.0684551509686911 off 0.06031940162301296	false	1.0
abrupt	neg 1.0		__DUMMY__ 0.8744204237727221 neg 0.06955244485961232 off 0.05602713136766557	false	1.0
unwirksam	neg 1.0		__DUMMY__ 0.8677146871758031 neg 0.07214191872730337 off 0.060143394096893406	false	1.0
angreifen	neg 1.0		__DUMMY__ 0.8717965052022288 neg 0.07240925666134955 off 0.05579423813642157	false	1.0
inkonsistent	neg 1.0		__DUMMY__ 0.8671062145734966 neg 0.07200541941406371 off 0.060888366012439764	false	1.0
abrutschen	neg 1.0		__DUMMY__ 0.8754505128290603 neg 0.07170583930622268 off 0.05284364786471716	false	1.0
unsicher	neg 1.0		__DUMMY__ 0.8737382890974448 neg 0.0659023074227326 off 0.06035940347982257	false	1.0
bauernkind	off 1.0	off 1.0	off 0.5229777329774323 __DUMMY__ 0.42060757073358584 neg 0.05641469628898187	false	1.0
angreifer	neg 1.0	neg 1.0	neg 0.521522672421892 __DUMMY__ 0.4314756622351503 off 0.047001665342957716	false	1.0
trennen	neg 1.0		__DUMMY__ 0.8760878038191696 neg 0.06869217477416525 off 0.055220021406665085	false	1.0
schmutz	neg 1.0		__DUMMY__ 0.8721553167368331 neg 0.0664460203219073 off 0.061398662941259646	false	1.0
inkonsistenz	neg 1.0		__DUMMY__ 0.8638365870616157 neg 0.07037795975070853 off 0.06578545318767569	false	1.0
erschreckend	neg 1.0		__DUMMY__ 0.8704651738005825 neg 0.0696834594019514 off 0.05985136679746602	false	1.0
ertrinken	neg 1.0		__DUMMY__ 0.8710355657239781 neg 0.07302099531001853 off 0.05594343896600334	false	1.0
pickelface	off 1.0		__DUMMY__ 0.8714533507340773 neg 0.06916375353732741 off 0.05938289572859525	false	0.5
seiner			__DUMMY__ 0.8736048530430449 neg 0.0703500065341097 off 0.05604514042284547	false	0.0
lauch	neg 1.0		__DUMMY__ 0.8756391247178679 neg 0.0713930701295819 off 0.052967805152550174	false	1.0
unwichtig	neg 1.0		__DUMMY__ 0.8674216792664798 neg 0.06729700790683933 off 0.06528131282668084	false	1.0
steuerhinterziehung	neg 1.0	neg 1.0	neg 0.5238388461058509 __DUMMY__ 0.4321803513927474 off 0.043980802501401864	false	1.0
schock	neg 1.0		__DUMMY__ 0.8710140246887487 neg 0.06956636956323732 off 0.05941960574801403	false	1.0
beule	neg 1.0		__DUMMY__ 0.8655249827523792 neg 0.0683849222541614 off 0.06609009499345932	false	1.0
vergelten	neg 1.0		__DUMMY__ 0.8694920004323565 off 0.06825043366221381 neg 0.06225756590542965	false	0.5
verdorbenheit	neg 1.0		__DUMMY__ 0.8734797479492655 neg 0.06603850505403275 off 0.060481746996701787	false	1.0
trauma	neg 1.0		__DUMMY__ 0.8701548563722508 neg 0.06859678227111021 off 0.06124836135663902	false	1.0
sinnlos	neg 1.0		__DUMMY__ 0.870331593205426 neg 0.06706379765049246 off 0.06260460914408152	false	1.0
fettsack	off 1.0	off 1.0	off 0.5238506365925184 __DUMMY__ 0.42202394609904215 neg 0.054125417308439464	false	1.0
feige	off 1.0	off 1.0	off 0.5198969807655182 __DUMMY__ 0.42706117949452477 neg 0.053041839739957006	false	1.0
abdanken	neg 1.0		__DUMMY__ 0.8704372209269451 neg 0.06957459085422009 off 0.05998818821883489	false	1.0
wichtigtuer	off 1.0	off 1.0	off 0.5180765630897142 __DUMMY__ 0.42976918267221503 neg 0.05215425423807078	false	1.0
misslingen	neg 1.0		__DUMMY__ 0.877598377626461 neg 0.0619795732642893 off 0.06042204910924962	false	1.0
untreu	off 1.0		__DUMMY__ 0.8675550124307508 neg 0.06677389978218042 off 0.0656710877870688	false	0.5
missmutig	neg 1.0		__DUMMY__ 0.8682207417699614 neg 0.06692395616627876 off 0.06485530206375985	false	1.0
hurenbock	off 1.0		__DUMMY__ 0.8693314220177801 neg 0.06887320561735778 off 0.061795372364862045	false	0.5
betrunken	neg 1.0		__DUMMY__ 0.8674933749732985 off 0.06696917821244569 neg 0.06553744681425576	false	0.5
korrupt	off 1.0		__DUMMY__ 0.8688973197980521 neg 0.07275833340658937 off 0.058344346795358534	false	0.5
unmut	neg 1.0		__DUMMY__ 0.8761658762148749 neg 0.07081813405625612 off 0.053015989728868965	false	1.0
hackfresse	off 1.0		__DUMMY__ 0.8618421509741326 off 0.07278477171558866 neg 0.06537307731027878	false	1.0
aufblasen	neg 1.0		__DUMMY__ 0.8712149582236323 neg 0.0667723100458257 off 0.06201273173054211	false	1.0
gewaltsam	neg 1.0		__DUMMY__ 0.8699944619653773 neg 0.07122219135093545 off 0.05878334668368716	false	1.0
unbeliebtheit	neg 1.0		__DUMMY__ 0.865129486714414 neg 0.07049679497143449 off 0.06437371831415144	false	1.0
sturheit	neg 1.0		__DUMMY__ 0.8699222606468596 neg 0.07075992315083102 off 0.05931781620230928	false	1.0
kuh	neg 1.0		__DUMMY__ 0.8638768693914795 neg 0.07370494107660316 off 0.06241818953191742	false	1.0
erschrecken	neg 1.0		__DUMMY__ 0.8697876669680765 neg 0.06559187750496696 off 0.0646204555269565	false	1.0
opfer	neg 1.0		__DUMMY__ 0.8727563237255362 neg 0.07010304926016218 off 0.05714062701430164	false	1.0
sinken	neg 1.0		__DUMMY__ 0.8759630667540649 neg 0.07064973471855072 off 0.05338719852738439	false	1.0
stinktier	neg 1.0		__DUMMY__ 0.8565436627451721 neg 0.07342210200407721 off 0.0700342352507506	false	1.0
tucke	off 1.0		__DUMMY__ 0.8574227882875135 off 0.07371693876601984 neg 0.06886027294646657	false	1.0
ein			__DUMMY__ 0.8704610946023823 neg 0.06837179912529807 off 0.06116710627231964	false	0.0
abstieg	neg 1.0		__DUMMY__ 0.8725001760741803 neg 0.07149468902934847 off 0.05600513489647128	false	1.0
missverstehen	neg 1.0		__DUMMY__ 0.8678644090097016 neg 0.06859164312535174 off 0.06354394786494669	false	1.0
ergebnislos	neg 1.0		__DUMMY__ 0.8735637655237558 neg 0.07069689351688396 off 0.05573934095936034	false	1.0
unter			__DUMMY__ 0.8820172951283404 neg 0.06993835778140148 off 0.048044347090258156	false	0.0
manipulieren	neg 1.0		__DUMMY__ 0.8747752196091861 neg 0.06980286140368992 off 0.055421918987123855	false	1.0
unbewiesen	neg 1.0		__DUMMY__ 0.8671331496836691 neg 0.07235240454056066 off 0.06051444577577022	false	1.0
verschleppen	neg 1.0		__DUMMY__ 0.8705092720056362 neg 0.0720480263613994 off 0.057442701632964374	false	1.0
weib	off 1.0		__DUMMY__ 0.8547341597476047 off 0.07348491593615869 neg 0.07178092431623655	false	1.0
opposition	neg 1.0		__DUMMY__ 0.8678426596048353 neg 0.0704693636628034 off 0.06168797673236129	false	1.0
verkehrswidrig	neg 1.0		__DUMMY__ 0.8690668732656738 off 0.06879742887056702 neg 0.06213569786375917	false	0.5
inkorrekt	neg 1.0		__DUMMY__ 0.8635775604766441 off 0.06900866828752658 neg 0.06741377123582924	false	0.5
vermeiden	neg 1.0	neg 1.0	neg 0.521772305831421 __DUMMY__ 0.43941402959072795 off 0.038813664577851015	false	1.0
abweichung	neg 1.0	neg 1.0	neg 0.520277000346514 __DUMMY__ 0.4365156738809311 off 0.043207325772554865	false	1.0
alkoholisiert	neg 1.0		__DUMMY__ 0.8749709387728287 neg 0.06962635773692247 off 0.05540270349024883	false	1.0
scheiss	off 1.0	off 1.0	off 0.5196978516055069 __DUMMY__ 0.4280341076730954 neg 0.052268040721397735	false	1.0
herausforderung	neg 1.0		__DUMMY__ 0.8762827045896285 neg 0.06813001846087671 off 0.055587276949494745	false	1.0
pervers	off 1.0		__DUMMY__ 0.8576503956405165 off 0.07612218675458421 neg 0.06622741760489934	false	1.0
wackelig	neg 1.0		__DUMMY__ 0.8769775060615549 neg 0.06485459560683664 off 0.058167898331608445	false	1.0
verwickeln	neg 1.0		__DUMMY__ 0.8684433662567128 neg 0.06851425063456242 off 0.06304238310872479	false	1.0
vorwand	neg 1.0		__DUMMY__ 0.8733813780598421 neg 0.07129508644071124 off 0.055323535499446595	false	1.0
muschi	off 1.0		__DUMMY__ 0.8714210310961825 neg 0.068995033488781 off 0.05958393541503648	false	0.5
entmutigung	neg 1.0		__DUMMY__ 0.8694558153692838 neg 0.06881067717315474 off 0.061733507457561454	false	1.0
unangemessen	neg 1.0		__DUMMY__ 0.8698798313908847 neg 0.07099872089625958 off 0.059121447712855844	false	1.0
unstetig	neg 1.0		__DUMMY__ 0.8698226206069787 neg 0.06757241183736372 off 0.06260496755565756	false	1.0
entmutigen	neg 1.0		__DUMMY__ 0.8708724964906714 neg 0.06780948235299807 off 0.06131802115633051	false	1.0
schwanz	neg 1.0		__DUMMY__ 0.8724243376551682 neg 0.07063884317187269 off 0.05693681917295894	false	1.0
verbot	neg 1.0		__DUMMY__ 0.8714629504223359 neg 0.07064140426205912 off 0.0578956453156049	false	1.0
leid	neg 1.0		__DUMMY__ 0.8631287210142565 off 0.07087714691039636 neg 0.06599413207534707	false	0.5
archaisch	neg 1.0		__DUMMY__ 0.8704232077540048 neg 0.07044265753118785 off 0.05913413471480727	false	1.0
gegen			__DUMMY__ 0.875185305224777 neg 0.07107015235961173 off 0.053744542415611225	false	0.0
scheidung	neg 1.0		__DUMMY__ 0.8604422536730527 off 0.08037900801496044 neg 0.05917873831198682	false	0.5
einschlag	neg 1.0		__DUMMY__ 0.866270573883745 off 0.06808468116140733 neg 0.06564474495484784	false	0.5
m			__DUMMY__ 0.8737871743951156 neg 0.06823207888225331 off 0.057980746722631156	false	0.0
abgestanden	neg 1.0		__DUMMY__ 0.8684088143189157 neg 0.07127227815625659 off 0.06031890752482779	false	1.0
schmierig	off 1.0		__DUMMY__ 0.864678130827348 off 0.0701230917259298 neg 0.06519877744672216	false	1.0
unpraktisch	neg 1.0		__DUMMY__ 0.8708799028475044 neg 0.06750379723639252 off 0.061616299916103096	false	1.0
wixxer	off 1.0		__DUMMY__ 0.8551350933049674 off 0.07633160401232171 neg 0.06853330268271085	false	1.0
bezeichnet			__DUMMY__ 0.8679954245994873 neg 0.07132402408236077 off 0.060680551318151914	false	0.0
jammerlappen	off 1.0		__DUMMY__ 0.8694919703103268 off 0.06527232774940829 neg 0.06523570194026493	false	1.0
farce	neg 1.0		__DUMMY__ 0.8696687234051993 neg 0.07152377689298463 off 0.05880749970181604	false	1.0
zwecklos	neg 1.0		__DUMMY__ 0.8703053263025643 neg 0.07098119894284802 off 0.058713474754587595	false	1.0
turbulent	neg 1.0		__DUMMY__ 0.8644368595747454 neg 0.06909258333409472 off 0.06647055709115994	false	1.0
invasion	neg 1.0		__DUMMY__ 0.8695389677602606 neg 0.0681550065490346 off 0.0623060256907047	false	1.0
schuld	neg 1.0		__DUMMY__ 0.8689768203361038 neg 0.06936037517524718 off 0.06166280448864908	false	1.0
risiko	neg 1.0	neg 1.0	neg 0.5196872176523553 __DUMMY__ 0.4338926304002292 off 0.0464201519474156	false	1.0
finster	neg 1.0		__DUMMY__ 0.8680728720170483 neg 0.0706842691285036 off 0.06124285885444814	false	1.0
geisteskrank	off 1.0		__DUMMY__ 0.8637946067245409 neg 0.0690403314185405 off 0.06716506185691858	false	0.5
zusammenbrechen	neg 1.0		__DUMMY__ 0.8724653090258697 neg 0.0688052515671653 off 0.05872943940696503	false	1.0
ausbeute	neg 1.0		__DUMMY__ 0.8820314663176289 neg 0.061471197460275455 off 0.056497336222095684	false	1.0
hinterhalt	neg 1.0		__DUMMY__ 0.8737409992421923 neg 0.06807894796180591 off 0.05818005279600187	false	1.0
kritik	neg 1.0		__DUMMY__ 0.8694144298881682 neg 0.07193232929907473 off 0.05865324081275717	false	1.0
einschrumpfen	neg 1.0		__DUMMY__ 0.8656753901113557 neg 0.0700312257242497 off 0.06429338416439456	false	1.0
riskant	neg 1.0		__DUMMY__ 0.8716078927423354 neg 0.07203362718313944 off 0.05635848007452519	false	1.0
frustrieren	neg 1.0		__DUMMY__ 0.8721960974739505 neg 0.07057941947126536 off 0.05722448305478416	false	1.0
groll	neg 1.0		__DUMMY__ 0.8705020612119274 neg 0.07123716949010812 off 0.05826076929796448	false	1.0
gibt			__DUMMY__ 0.873203193959291 neg 0.067915935462632 off 0.05888087057807699	false	0.0
qualvoll	neg 1.0		__DUMMY__ 0.868476053218503 neg 0.06825921947076664 off 0.06326472731073046	false	1.0
wackeln	neg 1.0		__DUMMY__ 0.872580985926656 neg 0.06631937728469 off 0.06109963678865396	false	1.0
klagen	neg 1.0		__DUMMY__ 0.8751333935792588 neg 0.07111592910848162 off 0.053750677312259604	false	1.0
bankrott	neg 1.0		__DUMMY__ 0.8698624052558527 neg 0.06578420083732067 off 0.06435339390682657	false	1.0
trauern	neg 1.0		__DUMMY__ 0.873631347683731 neg 0.06981758704605792 off 0.05655106527021111	false	1.0
ablehnung	neg 1.0		__DUMMY__ 0.8701102722919457 neg 0.07145494609476431 off 0.05843478161329001	false	1.0
stur	neg 1.0		__DUMMY__ 0.8692938062038982 neg 0.06889976435016053 off 0.06180642944594137	false	1.0
aufruhr	neg 1.0	neg 1.0	neg 0.5226254846172189 __DUMMY__ 0.4323780154524967 off 0.04499649993028429	false	1.0
melancholie	neg 1.0		__DUMMY__ 0.8725264612209571 neg 0.07048444893384789 off 0.056989089845194955	false	1.0
ist			__DUMMY__ 0.8704982797710986 neg 0.06714780614887926 off 0.062353914080022076	false	0.0
torheit	neg 1.0		__DUMMY__ 0.8711252750296229 neg 0.06802405416559318 off 0.06085067080478385	false	1.0
dreckskind	off 1.0		__DUMMY__ 0.8582408255149025 off 0.07188637331623428 neg 0.06987280116886319	false	1.0
umtauschen	neg 1.0		__DUMMY__ 0.8718517926112929 neg 0.06852705847686434 off 0.0596211489118428	false	1.0
zum			__DUMMY__ 0.882556342487884 neg 0.0663453127224663 off 0.05109834478964978	false	0.0
zersetzen	neg 1.0		__DUMMY__ 0.8717145780916136 neg 0.07271619542605731 off 0.055569226482329155	false	1.0
zur			__DUMMY__ 0.8794729416993586 neg 0.06981101351199233 off 0.050716044788649065	false	0.0
frust	neg 1.0		__DUMMY__ 0.8729176440587604 neg 0.0683113828338276 off 0.05877097310741192	false	1.0
unerbittlichkeit	neg 1.0		__DUMMY__ 0.8725802667950898 neg 0.07192433531052181 off 0.055495397894388364	false	1.0
zwei			__DUMMY__ 0.8804289285748468 neg 0.06743202641436431 off 0.05213904501078902	false	0.0
unkorrekt	neg 1.0		__DUMMY__ 0.8668581727641002 off 0.06846243602702458 neg 0.0646793912088752	false	0.5
hexe	off 1.0		__DUMMY__ 0.8616607539076047 neg 0.0732314963100788 off 0.06510774978231641	false	0.5
lasch	neg 1.0		__DUMMY__ 0.8666435018676515 neg 0.06890739033456228 off 0.06444910779778625	false	1.0
rivale	neg 1.0		__DUMMY__ 0.8655296521794374 off 0.0673110154242779 neg 0.06715933239628455	false	0.5
mutlos	off 1.0	off 1.0	off 0.512969532733602 __DUMMY__ 0.4321501277569639 neg 0.054880339509433995	false	1.0
wirr	off 1.0		__DUMMY__ 0.8627023963321513 off 0.06915847097942643 neg 0.06813913268842225	false	1.0
jahr			__DUMMY__ 0.8830548473538243 neg 0.062424845611757006 off 0.05452030703441866	false	0.0
wird			__DUMMY__ 0.8730677276688122 neg 0.06926443553649342 off 0.05766783679469443	false	0.0
strafbar	neg 1.0		__DUMMY__ 0.8733920762023651 neg 0.06970932009074299 off 0.05689860370689195	false	1.0
erosion	neg 1.0		__DUMMY__ 0.8731148443446837 neg 0.06664692253069376 off 0.060238233124622606	false	1.0
eingehen	neg 1.0		__DUMMY__ 0.8719733048931683 neg 0.07099147199054874 off 0.05703522311628306	false	1.0
faul	off 1.0		__DUMMY__ 0.8695154971640622 neg 0.06626872287094707 off 0.0642157799649907	false	0.5
provisorium	neg 1.0		__DUMMY__ 0.8847529422088328 neg 0.06669648985175537 off 0.048550567939411794	false	1.0
schmerzen	neg 1.0		__DUMMY__ 0.8701681159334814 neg 0.0708679328290306 off 0.05896395123748797	false	1.0
schrumpfen	neg 1.0		__DUMMY__ 0.8755757163949325 neg 0.07325274403400989 off 0.05117153957105758	false	1.0
geistlos	off 1.0		__DUMMY__ 0.8650533893737318 neg 0.07155748634296213 off 0.06338912428330615	false	0.5
fehlkauf	neg 1.0		__DUMMY__ 0.8693028004986623 neg 0.06857847856468055 off 0.06211872093665716	false	1.0
frustrierend	neg 1.0		__DUMMY__ 0.8692100588279646 neg 0.06648505985573981 off 0.06430488131629555	false	1.0
unzufrieden	neg 1.0		__DUMMY__ 0.8711282635188138 neg 0.07041816266616292 off 0.05845357381502329	false	1.0
verzweifeln	neg 1.0		__DUMMY__ 0.8716120346359216 neg 0.06880212936413187 off 0.05958583599994658	false	1.0
verzweifelt	neg 1.0	neg 1.0	neg 0.5235757414953875 __DUMMY__ 0.4296199944152656 off 0.04680426408934683	false	1.0
misstrauensantrag	neg 1.0		__DUMMY__ 0.8691999946106406 neg 0.06852105395747259 off 0.06227895143188682	false	1.0
abfallen	neg 1.0		__DUMMY__ 0.8727381240607947 neg 0.0663370275563611 off 0.060924848382844225	false	1.0
fucker	off 1.0		__DUMMY__ 0.8661517723235298 off 0.06811626847277266 neg 0.0657319592036976	false	1.0
ungezogen	neg 1.0		__DUMMY__ 0.8594866283339406 off 0.07524019682545023 neg 0.06527317484060924	false	0.5
irrsinnig	neg 1.0	neg 1.0	neg 0.5228708052617052 __DUMMY__ 0.4303368291531552 off 0.04679236558513959	false	1.0
unfassbar	neg 1.0		__DUMMY__ 0.8685327044815289 off 0.06638443616926568 neg 0.0650828593492054	false	0.5
hart	neg 1.0		__DUMMY__ 0.8648681300177183 neg 0.06947899230345024 off 0.06565287767883145	false	1.0
widerlich	off 1.0		__DUMMY__ 0.8654701354711932 neg 0.06747982206747467 off 0.06705004246133213	false	0.5
fatal	neg 1.0		__DUMMY__ 0.8690881606662074 neg 0.06821343597460128 off 0.06269840335919127	false	1.0
bruch	neg 1.0		__DUMMY__ 0.8753551713595448 neg 0.07052951202968798 off 0.05411531661076726	false	1.0
aushungern	neg 1.0		__DUMMY__ 0.8721238847129243 neg 0.06909116280774291 off 0.05878495247933265	false	1.0
anspannung	neg 1.0		__DUMMY__ 0.8789365729999774 neg 0.06979515988560532 off 0.0512682671144174	false	1.0
von			__DUMMY__ 0.8847704701741441 neg 0.06066885017451993 off 0.05456067965133596	false	0.0
kraftlos	neg 1.0		__DUMMY__ 0.8731570538999907 neg 0.06882260799321453 off 0.058020338106794925	false	1.0
vom			__DUMMY__ 0.885057529803708 neg 0.066067407888518 off 0.04887506230777395	false	0.0
grenzdebil	off 1.0		__DUMMY__ 0.8683548275494886 off 0.06661232043715927 neg 0.06503285201335211	false	1.0
vor			__DUMMY__ 0.8768774120145698 neg 0.0685395930926899 off 0.05458299489274018	false	0.0
unterwerfen	neg 1.0		__DUMMY__ 0.8722395636234216 neg 0.07067739540689533 off 0.05708304096968313	false	1.0
versenkung	neg 1.0		__DUMMY__ 0.8750844683183748 neg 0.06763974432464419 off 0.05727578735698103	false	1.0
entziehen	neg 1.0		__DUMMY__ 0.874661195898314 neg 0.07111388559382548 off 0.05422491850786049	false	1.0
finanzkrise	neg 1.0		__DUMMY__ 0.8675920648012517 neg 0.07312397276084281 off 0.059283962437905464	false	1.0
schimpfend	neg 1.0		__DUMMY__ 0.8693696842859452 neg 0.0686843039697234 off 0.06194601174433145	false	1.0
profan	neg 1.0		__DUMMY__ 0.8686718751619826 neg 0.06826005664423046 off 0.06306806819378694	false	1.0
korruption	neg 1.0		__DUMMY__ 0.8711228420702584 neg 0.07130046473777744 off 0.05757669319196421	false	1.0
â			__DUMMY__ 0.8740747450493176 neg 0.06849447394687336 off 0.05743078100380906	false	0.0
schmutzig	neg 1.0		__DUMMY__ 0.8683483770066568 off 0.067028831328862 neg 0.06462279166448118	false	0.5
sexy	neg 1.0		__DUMMY__ 0.869631144230053 neg 0.066452019708248 off 0.06391683606169897	false	1.0
abraten	neg 1.0		__DUMMY__ 0.8714431001057793 neg 0.06620537405534195 off 0.062351525838878756	false	1.0
schwarz	neg 1.0		__DUMMY__ 0.869435441073904 neg 0.06858416944685675 off 0.06198038947923915	false	1.0
fotze	off 1.0	off 1.0	off 0.514056942141171 __DUMMY__ 0.43341465357826153 neg 0.05252840428056753	false	1.0
verwirren	neg 1.0		__DUMMY__ 0.8694030563487422 neg 0.06701374000716882 off 0.063583203644089	false	1.0
zahnlos	off 1.0		__DUMMY__ 0.8707999722276093 neg 0.0699743478378396 off 0.059225679934551155	false	0.5
verheeren	neg 1.0		__DUMMY__ 0.8587316923416672 off 0.07661939351411545 neg 0.06464891414421728	false	0.5
hippie	neg 1.0		__DUMMY__ 0.8692584780367191 neg 0.06711708566205463 off 0.0636244363012262	false	1.0
rammen	neg 1.0		__DUMMY__ 0.8646513073939831 neg 0.07403134543201374 off 0.06131734717400317	false	1.0
unlauter	neg 1.0		__DUMMY__ 0.868520421092725 neg 0.07003540949066822 off 0.06144416941660676	false	1.0
unheilvoll	neg 1.0		__DUMMY__ 0.8686254078590228 neg 0.06954611919731027 off 0.061828472943667015	false	1.0
niedrig	neg 1.0		__DUMMY__ 0.8713796798786357 neg 0.07298045919801538 off 0.05563986092334898	false	1.0
explosion	neg 1.0		__DUMMY__ 0.8702962007533808 neg 0.06661442505000063 off 0.06308937419661863	false	1.0
weichei	off 1.0	off 1.0	off 0.5240833447201017 __DUMMY__ 0.42502462319246015 neg 0.0508920320874382	false	1.0
minusmensch	off 1.0		__DUMMY__ 0.8538520443468638 off 0.07433453842396685 neg 0.07181341722916937	false	1.0
farblos	neg 1.0		__DUMMY__ 0.8697292455226372 neg 0.07083219282200932 off 0.05943856165535344	false	1.0
unwissend	neg 1.0	neg 1.0	neg 0.5209460717178191 __DUMMY__ 0.42943440226696444 off 0.04961952601521651	false	1.0
traurig	neg 1.0		__DUMMY__ 0.8671345694288428 off 0.06864665945416086 neg 0.06421877111699624	false	0.5
senkung	neg 1.0		__DUMMY__ 0.8672354713016351 neg 0.06985666814039668 off 0.06290786055796818	false	1.0
ungleich	neg 1.0	neg 1.0	neg 0.5234915414653484 __DUMMY__ 0.43401264092371783 off 0.042495817610933725	false	1.0
heikel	neg 1.0		__DUMMY__ 0.8726740533340633 neg 0.07097010632249569 off 0.05635584034344097	false	1.0
drosselung	neg 1.0		__DUMMY__ 0.8660016258358147 neg 0.06773003380990536 off 0.06626834035427984	false	1.0
falsch	neg 1.0		__DUMMY__ 0.8689270134973054 neg 0.06658414228013854 off 0.06448884422255598	false	1.0
unzufriedenheit	neg 1.0		__DUMMY__ 0.8736665621658174 neg 0.07140983242839405 off 0.054923605405788535	false	1.0
kurz	neg 1.0		__DUMMY__ 0.8759314838388202 neg 0.06527650469263956 off 0.058792011468540205	false	1.0
unsinnig	neg 1.0		__DUMMY__ 0.870812525431808 neg 0.06979895437698756 off 0.05938852019120445	false	1.0
penner	off 1.0	off 1.0	off 0.5252678218352769 __DUMMY__ 0.42457720030591856 neg 0.050154977858804586	false	1.0
seicht	neg 1.0		__DUMMY__ 0.859402194092425 off 0.07505642925299102 neg 0.06554137665458398	false	0.5
dummheit	off 1.0	off 1.0	off 0.5182470578244487 __DUMMY__ 0.4281424983190904 neg 0.05361044385646089	false	1.0
unerfreulich	neg 1.0		__DUMMY__ 0.8751591839085436 neg 0.06939689971663453 off 0.05544391637482181	false	1.0
motherfucker	off 1.0	off 1.0	off 0.5212622022748687 __DUMMY__ 0.4279150185620188 neg 0.05082277916311251	false	1.0
pikiert	neg 1.0		__DUMMY__ 0.8651381067991664 neg 0.06859163984554635 off 0.06627025335528727	false	1.0
wrack	neg 1.0		__DUMMY__ 0.8709523891028894 neg 0.07127538880317233 off 0.05777222209393825	false	1.0
gangster	neg 1.0		__DUMMY__ 0.8691946087039264 neg 0.0671688717969337 off 0.0636365194991399	false	1.0
krank	neg 1.0		__DUMMY__ 0.8694567886971794 off 0.06644646806908786 neg 0.06409674323373288	false	0.5
reich	neg 1.0		__DUMMY__ 0.8682520123930423 neg 0.06651027220916038 off 0.06523771539779737	false	1.0
gnadenlos	neg 1.0		__DUMMY__ 0.8690620166381915 neg 0.0692059458679739 off 0.06173203749383463	false	1.0
niedergeschlagen	neg 1.0		__DUMMY__ 0.8720222050146188 neg 0.06899767459336567 off 0.0589801203920156	false	1.0
terrorisieren	off 1.0	off 1.0	off 0.5131310906240873 __DUMMY__ 0.4338271584111078 neg 0.05304175096480479	false	1.0
sinnlosigkeit	neg 1.0		__DUMMY__ 0.8712780593746899 neg 0.07007595312525787 off 0.058645987500052114	false	1.0
behindern	neg 1.0		__DUMMY__ 0.871273909530501 neg 0.06921663132375475 off 0.05950945914574416	false	1.0
undemokratisch	neg 1.0		__DUMMY__ 0.870006576748134 neg 0.0684127469854962 off 0.0615806762663698	false	1.0
wirtschaftskrise	neg 1.0		__DUMMY__ 0.8695941553310689 neg 0.07306263502320834 off 0.057343209645722815	false	1.0
neid	neg 1.0		__DUMMY__ 0.8717039954377588 neg 0.06417736025911612 off 0.06411864430312501	false	1.0
rutschen	neg 1.0		__DUMMY__ 0.8808689783461998 neg 0.06716383098148485 off 0.05196719067231538	false	1.0
rezession	neg 1.0		__DUMMY__ 0.8590220077495915 neg 0.07188547530255578 off 0.06909251694785273	false	1.0
fehlgeburt	neg 1.0		__DUMMY__ 0.8703863115183342 neg 0.06781459426268503 off 0.06179909421898084	false	1.0
charakterschwach	off 1.0		__DUMMY__ 0.8655070305627606 neg 0.06755089953609797 off 0.06694206990114149	false	0.5
isolation	neg 1.0		__DUMMY__ 0.8694770120364084 neg 0.06664422718306098 off 0.06387876078053073	false	1.0
ablenkung	neg 1.0		__DUMMY__ 0.873278349971588 neg 0.06620809747994229 off 0.060513552548469664	false	1.0
pech	neg 1.0		__DUMMY__ 0.8698931000892501 neg 0.06638499984975939 off 0.06372190006099038	false	1.0
vermeidung	neg 1.0		__DUMMY__ 0.8664045908377642 neg 0.06716887043866857 off 0.0664265387235673	false	1.0
dominieren	neg 1.0		__DUMMY__ 0.8729345981754083 neg 0.07042871488703395 off 0.05663668693755769	false	1.0
schwindlig	neg 1.0		__DUMMY__ 0.8711486745206228 neg 0.06673108209522677 off 0.06212024338415047	false	1.0
lutscher	neg 1.0	neg 1.0	neg 0.5200320792923616 __DUMMY__ 0.4229782553670854 off 0.05698966534055297	false	1.0
pflicht	neg 1.0		__DUMMY__ 0.8733385445004372 neg 0.07132459570718892 off 0.05533685979237396	false	1.0
faschist	off 1.0		__DUMMY__ 0.8689799289566951 neg 0.0670371744173694 off 0.06398289662593554	false	0.5
verschleudern	neg 1.0		__DUMMY__ 0.8734992808250504 neg 0.0703551223457636 off 0.056145596829185976	false	1.0
wenn			__DUMMY__ 0.8686889940462019 neg 0.06668854202091791 off 0.06462246393288015	false	0.0
ehebruch	neg 1.0		__DUMMY__ 0.8715986203525731 neg 0.07085545546142157 off 0.057545924186005425	false	1.0
spott	off 1.0		__DUMMY__ 0.8720431028614998 neg 0.07079690464350032 off 0.05715999249499986	false	0.5
trostlosigkeit	neg 1.0		__DUMMY__ 0.8736329032985247 neg 0.07185235317495439 off 0.05451474352652087	false	1.0
lutschen	neg 1.0		__DUMMY__ 0.8655782065768814 neg 0.07040322305323667 off 0.06401857036988186	false	1.0
undiszipliniert	neg 1.0		__DUMMY__ 0.8662265993435989 off 0.06810552524045833 neg 0.06566787541594282	false	0.5
kopfschmerz	neg 1.0		__DUMMY__ 0.8690981844294658 neg 0.07296308285222902 off 0.05793873271830512	false	1.0
unvorhergesehen	neg 1.0		__DUMMY__ 0.8776381906592439 neg 0.0670126851107103 off 0.05534912423004587	false	1.0
desinteressiert	neg 1.0	neg 1.0	neg 0.5205509335280831 __DUMMY__ 0.428132117530919 off 0.05131694894099791	false	1.0
armselig	off 1.0		__DUMMY__ 0.8638282817214098 off 0.06900299031598209 neg 0.06716872796260813	false	1.0
desaster	neg 1.0		__DUMMY__ 0.8754230733497721 neg 0.07098333429679925 off 0.05359359235342863	false	1.0
tod	neg 1.0		__DUMMY__ 0.8721140747242937 neg 0.0707549921488462 off 0.057130933126859997	false	1.0
herzlos	neg 1.0		__DUMMY__ 0.8652216898733467 off 0.06877529830192042 neg 0.06600301182473291	false	0.5
unwissenheit	neg 1.0		__DUMMY__ 0.8707846948467013 neg 0.07087835886658729 off 0.058336946286711384	false	1.0
widersinnig	neg 1.0		__DUMMY__ 0.8694257845529084 neg 0.07202733187673138 off 0.0585468835703602	false	1.0
bedenklich	neg 1.0		__DUMMY__ 0.8717521017506414 neg 0.07074827021539797 off 0.057499628033960644	false	1.0
beanstanden	neg 1.0		__DUMMY__ 0.8747543011478571 neg 0.07030525557070287 off 0.054940443281440016	false	1.0
panisch	neg 1.0	neg 1.0	neg 0.5190359544356156 __DUMMY__ 0.43363741120805277 off 0.04732663435633157	false	1.0
debil	off 1.0		__DUMMY__ 0.8793775923699184 neg 0.07142647480490173 off 0.04919593282517985	false	0.5
abstrich	neg 1.0		__DUMMY__ 0.875957519473047 neg 0.06568645129169243 off 0.05835602923526057	false	1.0
primitiv	neg 1.0		__DUMMY__ 0.8655654212753051 off 0.06728149670399554 neg 0.06715308202069929	false	0.5
abschaum	off 1.0	off 1.0	off 0.519999167841585 __DUMMY__ 0.42818869437320406 neg 0.05181213778521098	false	1.0
provozieren	neg 1.0		__DUMMY__ 0.868108684594273 neg 0.07030155292945946 off 0.061589762476267434	false	1.0
tot	neg 1.0		__DUMMY__ 0.8720268056896537 neg 0.07055091084160203 off 0.05742228346874431	false	1.0
instabil	neg 1.0		__DUMMY__ 0.8644896687576572 off 0.06822307230434946 neg 0.06728725893799328	false	0.5
schwuchtel	off 1.0	off 1.0	off 0.5297140298307064 __DUMMY__ 0.4196165264044046 neg 0.050669443764888994	false	1.0
zerren	neg 1.0		__DUMMY__ 0.8719929364188289 neg 0.06942810299864667 off 0.058578960582524424	false	1.0
kinderficker	off 1.0		__DUMMY__ 0.8636878271559368 off 0.07150517819157455 neg 0.06480699465248867	false	1.0
gefahr	neg 1.0		__DUMMY__ 0.8752178318015094 neg 0.07003159136242827 off 0.05475057683606233	false	1.0
rabiat	neg 1.0		__DUMMY__ 0.8709848783043428 neg 0.06832270085416134 off 0.06069242084149598	false	1.0
verlangsamung	neg 1.0		__DUMMY__ 0.8577860683403369 off 0.07302499790770504 neg 0.069188933751958	false	0.5
ausgestorben	neg 1.0		__DUMMY__ 0.8720056539925599 neg 0.06767198705135603 off 0.06032235895608399	false	1.0
anklagen	neg 1.0		__DUMMY__ 0.8711104891044927 neg 0.07120954382413092 off 0.057679967071376285	false	1.0
trott	neg 1.0		__DUMMY__ 0.8711953720904704 neg 0.06890350777821326 off 0.05990112013131638	false	1.0
verminderung	neg 1.0		__DUMMY__ 0.866847256644549 off 0.06677411467852108 neg 0.06637862867692994	false	0.5
nach			__DUMMY__ 0.8817060848763922 neg 0.06734548645311786 off 0.0509484286704899	false	0.0
rost	neg 1.0		__DUMMY__ 0.8620268833083232 off 0.07156151244585938 neg 0.06641160424581741	false	0.5
destruktiv	neg 1.0		__DUMMY__ 0.8699709035146158 neg 0.06959487096921883 off 0.060434225516165355	false	1.0
unzumutbarkeit	neg 1.0		__DUMMY__ 0.8675593958771213 neg 0.06686079451314794 off 0.06557980960973074	false	1.0
labil	off 1.0	off 1.0	off 0.5193777829053589 __DUMMY__ 0.42882699205358243 neg 0.05179522504105866	false	1.0
ziemlich	neg 1.0		__DUMMY__ 0.8694948462362562 off 0.06615640632118897 neg 0.06434874744255492	false	0.5
lachnummer	off 1.0		__DUMMY__ 0.8694076056410737 neg 0.06934806429311445 off 0.061244330065811835	false	0.5
oder			__DUMMY__ 0.8728476428881244 neg 0.06602148924553965 off 0.06113086786633591	false	0.0
verfall	neg 1.0		__DUMMY__ 0.8763246183325065 neg 0.07247923574791862 off 0.05119614591957492	false	1.0
ausgrenzung	neg 1.0		__DUMMY__ 0.8694388161963155 neg 0.068421344575734 off 0.06213983922795046	false	1.0
unordnung	neg 1.0		__DUMMY__ 0.8681066678812032 off 0.06790075528792787 neg 0.06399257683086904	false	0.5
fehlverhalten	neg 1.0		__DUMMY__ 0.8715432294233093 neg 0.0725173868098978 off 0.055939383766792874	false	1.0
eine			__DUMMY__ 0.8767051177500936 neg 0.06820884380832606 off 0.055086038441580366	false	0.0
nille	neg 1.0		__DUMMY__ 0.8718824142956183 neg 0.06807996174144237 off 0.060037623962939296	false	1.0
qual	neg 1.0		__DUMMY__ 0.8716039134844463 neg 0.06885159087465847 off 0.05954449564089522	false	1.0
verschwenden	neg 1.0		__DUMMY__ 0.8715826245110522 neg 0.07169325666467509 off 0.056724118824272744	false	1.0
riesig	neg 1.0		__DUMMY__ 0.8733058137934393 neg 0.06991109599281928 off 0.05678309021374149	false	1.0
verurteilen	neg 1.0		__DUMMY__ 0.8697543022620128 neg 0.07190096232558672 off 0.058344735412400525	false	1.0
klischee	neg 1.0	neg 1.0	neg 0.5220805230516189 __DUMMY__ 0.4291711998469268 off 0.04874827710145435	false	1.0
diktatorisch	neg 1.0		__DUMMY__ 0.8686856580141816 neg 0.06954524966646868 off 0.06176909231934962	false	1.0
vorhersehbar	neg 1.0		__DUMMY__ 0.8672022020366316 neg 0.06897925984815528 off 0.06381853811521307	false	1.0
sowie			__DUMMY__ 0.8613453453272997 off 0.07073507872410413 neg 0.0679195759485963	false	0.0
stornieren	neg 1.0		__DUMMY__ 0.8766848659812851 off 0.062063527214010615 neg 0.061251606804704234	false	0.5
besteuerung	neg 1.0		__DUMMY__ 0.8659203407248885 neg 0.07325240802837951 off 0.06082725124673185	false	1.0
ungeschminkt	neg 1.0		__DUMMY__ 0.8614562272350085 neg 0.07202856696744873 off 0.0665152057975427	false	1.0
kritisch	neg 1.0		__DUMMY__ 0.8725950975828825 neg 0.07010316148663374 off 0.05730174093048384	false	1.0
schlamperei	off 1.0		__DUMMY__ 0.8742572049185369 neg 0.06980776273991661 off 0.055935032341546426	false	0.5
sucht	neg 1.0	neg 1.0	neg 0.5182967443048443 __DUMMY__ 0.43599252301881103 off 0.04571073267634476	false	1.0
egoistisch	off 1.0		__DUMMY__ 0.8620627658504798 off 0.07159698929453871 neg 0.06634024485498136	false	1.0
ausbeuter	off 1.0		__DUMMY__ 0.8708698764425117 neg 0.07319605045949841 off 0.05593407309798987	false	0.5
arschgeburt	off 1.0		__DUMMY__ 0.8521880871934102 off 0.07907233505654229 neg 0.06873957775004745	false	1.0
schubs	neg 1.0		__DUMMY__ 0.8729812293112852 neg 0.06892202990143091 off 0.0580967407872838	false	1.0
unsolide	neg 1.0		__DUMMY__ 0.8676629898689625 neg 0.0700224019401499 off 0.062314608190887535	false	1.0
beschwerde	neg 1.0		__DUMMY__ 0.8716499334999466 neg 0.0716929362514111 off 0.05665713024864235	false	1.0
stocken	neg 1.0		__DUMMY__ 0.8727833034614506 neg 0.07105991993267166 off 0.05615677660587773	false	1.0
isolieren	neg 1.0		__DUMMY__ 0.87305308197465 neg 0.06927942500066622 off 0.05766749302468366	false	1.0
unheilbar	neg 1.0		__DUMMY__ 0.8713343975306063 neg 0.06774924673762063 off 0.06091635573177303	false	1.0
pisser	off 1.0		__DUMMY__ 0.8618864545232198 neg 0.0697242311007527 off 0.06838931437602752	false	0.5
löschen	neg 1.0		__DUMMY__ 0.8707685686636166 neg 0.06896942179769193 off 0.06026200953869137	false	1.0
durchfallen	neg 1.0		__DUMMY__ 0.8711030745525847 neg 0.07103302446705449 off 0.05786390098036084	false	1.0
wichser	off 1.0	off 1.0	off 0.5275768913184957 __DUMMY__ 0.4227223382922575 neg 0.049700770389246786	false	1.0
terror	neg 1.0		__DUMMY__ 0.8699294454269667 neg 0.06694105922838323 off 0.06312949534465	false	1.0
krass	neg 1.0		__DUMMY__ 0.8636777595053552 off 0.06910334876425238 neg 0.06721889173039242	false	0.5
revolte	neg 1.0		__DUMMY__ 0.8682105825031984 neg 0.06931213235038015 off 0.06247728514642142	false	1.0
besorgt	neg 1.0		__DUMMY__ 0.875958403553166 neg 0.0653963295442777 off 0.05864526690255632	false	1.0
nachlassen	neg 1.0		__DUMMY__ 0.8759008871179381 neg 0.06827361053655281 off 0.05582550234550895	false	1.0
alt	neg 1.0		__DUMMY__ 0.8712302553146508 neg 0.07129196294630476 off 0.05747778173904436	false	1.0
hundesohn	off 1.0		__DUMMY__ 0.8573353502748973 off 0.07571829098520881 neg 0.0669463587398939	false	1.0
als			__DUMMY__ 0.8734978519097528 neg 0.06799354690172502 off 0.05850860118852222	false	0.0
abschreckung	neg 1.0		__DUMMY__ 0.8739570336677398 neg 0.07128033613082858 off 0.05476263020143154	false	1.0
unqualifiziert	neg 1.0		__DUMMY__ 0.8669907718440263 neg 0.06828532614769783 off 0.06472390200827594	false	1.0
abgewichst	off 1.0		__DUMMY__ 0.8729576598000071 neg 0.06776902471705461 off 0.059273315482938266	false	0.5
schwer	neg 1.0		__DUMMY__ 0.870894791050506 neg 0.06907259055288796 off 0.06003261839660596	false	1.0
bedeutungslosigkeit	neg 1.0		__DUMMY__ 0.8732433839505783 neg 0.0709837999691933 off 0.05577281608022844	false	1.0
kapitulation	neg 1.0		__DUMMY__ 0.8727331114065006 neg 0.0703065539282224 off 0.05696033466527703	false	1.0
unscharf	neg 1.0		__DUMMY__ 0.8669862261351854 neg 0.07067801884027493 off 0.06233575502453974	false	1.0
schwinden	neg 1.0		__DUMMY__ 0.8730874535276586 neg 0.07156403831308482 off 0.05534850815925658	false	1.0
versklavung	neg 1.0		__DUMMY__ 0.8693800803199392 neg 0.06937392948653338 off 0.06124599019352741	false	1.0
schlecht	neg 1.0		__DUMMY__ 0.8695106983394338 off 0.06639239080720792 neg 0.06409691085335835	false	0.5
verhasst	neg 1.0		__DUMMY__ 0.8665727678764953 neg 0.07128379622026103 off 0.062143435903243706	false	1.0
beschweren	neg 1.0		__DUMMY__ 0.8705184583677449 neg 0.06694918381045493 off 0.0625323578218002	false	1.0
scheiden	neg 1.0		__DUMMY__ 0.8738813993755947 neg 0.0662080059206673 off 0.059910594703737885	false	1.0
frustriert	neg 1.0		__DUMMY__ 0.8708404902355596 neg 0.06990119420186898 off 0.059258315562571356	false	1.0
schimmelig	neg 1.0		__DUMMY__ 0.8684873244105817 neg 0.07435662889532309 off 0.0571560466940951	false	1.0
fisch	neg 1.0		__DUMMY__ 0.8717341652761046 neg 0.07402038458303854 off 0.05424545014085687	false	1.0
schmuggel	neg 1.0		__DUMMY__ 0.871360097633033 neg 0.07270591265875372 off 0.05593398970821322	false	1.0
auffallen	neg 1.0		__DUMMY__ 0.869827511913082 neg 0.06693015038936416 off 0.06324233769755383	false	1.0
konkurrenz	neg 1.0		__DUMMY__ 0.8758253858097871 neg 0.06972492204277876 off 0.05444969214743412	false	1.0
teufelskreis	neg 1.0	neg 1.0	neg 0.5240807325788458 __DUMMY__ 0.43023089188804303 off 0.045688375533111114	false	1.0
aufschreien	neg 1.0		__DUMMY__ 0.8680958164187634 neg 0.06852209617229593 off 0.06338208740894069	false	1.0
schuldner	neg 1.0		__DUMMY__ 0.871251055103486 neg 0.07363537584843931 off 0.05511356904807473	false	1.0
missgeburt	off 1.0	off 1.0	off 0.5246407499056125 __DUMMY__ 0.42195379221716517 neg 0.05340545787722225	false	1.0
arbeitslos	neg 1.0		__DUMMY__ 0.870690224406592 neg 0.07104214606625908 off 0.058267629527148826	false	1.0
befallen	neg 1.0		__DUMMY__ 0.8678994544191346 neg 0.07321078257467535 off 0.05888976300618996	false	1.0
miesepetrig	off 1.0	off 1.0	off 0.5196798281186918 __DUMMY__ 0.43038279275008756 neg 0.049937379131220615	false	1.0
alarmieren	neg 1.0		__DUMMY__ 0.8644002384621972 neg 0.07070083675101659 off 0.06489892478678615	false	1.0
ungeduscht	off 1.0		__DUMMY__ 0.8653346214223343 neg 0.070526447305932 off 0.06413893127173377	false	0.5
knappheit	neg 1.0		__DUMMY__ 0.8700198621896424 neg 0.07238019621965516 off 0.05759994159070246	false	1.0
schlange	neg 1.0		__DUMMY__ 0.8735676973127199 neg 0.06467073331254182 off 0.061761569374738264	false	1.0
harsch	neg 1.0		__DUMMY__ 0.8656193172024805 off 0.07017243358229094 neg 0.06420824921522865	false	0.5
lang	neg 1.0		__DUMMY__ 0.8708339670302798 neg 0.0680526287164525 off 0.06111340425326766	false	1.0
ziellos	neg 1.0		__DUMMY__ 0.8747243224997735 neg 0.06796922895737434 off 0.0573064485428522	false	1.0
selbstverliebt	neg 1.0		__DUMMY__ 0.8566266947398 off 0.07672962148411161 neg 0.06664368377608836	false	0.5
beseitigen	neg 1.0		__DUMMY__ 0.8725374228678886 neg 0.06863769409214428 off 0.058824883039967205	false	1.0
dumm	off 1.0		__DUMMY__ 0.8628203201253017 off 0.07216455579658192 neg 0.06501512407811631	false	1.0
arbeitsloser	neg 1.0		__DUMMY__ 0.874123637662033 neg 0.06757134018808948 off 0.05830502214987746	false	1.0
blitzen	neg 1.0		__DUMMY__ 0.8697212759913793 neg 0.06673842767081048 off 0.06354029633781033	false	1.0
hilflos	neg 1.0		__DUMMY__ 0.8703693255478381 neg 0.07090759350790757 off 0.05872308094425432	false	1.0
eklig	off 1.0		__DUMMY__ 0.858967507057608 off 0.07269504024730983 neg 0.06833745269508204	false	1.0
begriff			__DUMMY__ 0.8716305502915475 neg 0.06842505084327066 off 0.05994439886518185	false	0.0
hungersnot	neg 1.0		__DUMMY__ 0.870790782667289 neg 0.07126040452230135 off 0.05794881281040952	false	1.0
ungesetzlich	neg 1.0		__DUMMY__ 0.8678413127145534 neg 0.07051257389925764 off 0.06164611338618898	false	1.0
verschwendung	neg 1.0		__DUMMY__ 0.8727479114546617 neg 0.07090865452594614 off 0.0563434340193922	false	1.0
schmerzvoll	neg 1.0		__DUMMY__ 0.8695366758605579 neg 0.06832420495064219 off 0.06213911918879991	false	1.0
vorzeitig	neg 1.0		__DUMMY__ 0.8678692313081501 neg 0.06912611802215121 off 0.06300465066969875	false	1.0
unvollkommenheit	neg 1.0		__DUMMY__ 0.8762143482504857 neg 0.06646234534471632 off 0.057323306404798005	false	1.0
intervenieren	neg 1.0		__DUMMY__ 0.8720334572012166 neg 0.07164469369790893 off 0.056321849100874496	false	1.0
banause	off 1.0		__DUMMY__ 0.8552449768352713 off 0.07519163866969084 neg 0.06956338449503788	false	1.0
rebell	neg 1.0		__DUMMY__ 0.8741058328572009 neg 0.07358704558983524 off 0.05230712155296383	false	1.0
unlogisch	neg 1.0		__DUMMY__ 0.8645447432219276 off 0.06862888664262567 neg 0.06682637013544669	false	0.5
leiden	neg 1.0		__DUMMY__ 0.8771609303567524 neg 0.0679659863569694 off 0.05487308328627816	false	1.0
abschaffung	neg 1.0		__DUMMY__ 0.8706772644491809 neg 0.0685747827431077 off 0.06074795280771147	false	1.0
sturz	neg 1.0		__DUMMY__ 0.8699093427887099 neg 0.06979224223697773 off 0.06029841497431229	false	1.0
verkleinerung	neg 1.0		__DUMMY__ 0.866376451882697 neg 0.07020066923296604 off 0.0634228788843369	false	1.0
schmarotzer	off 1.0		__DUMMY__ 0.8700849943016837 neg 0.07082404003674712 off 0.05909096566156924	false	0.5
bestrafung	neg 1.0		__DUMMY__ 0.8693563944790593 neg 0.06910333267958184 off 0.061540272841358865	false	1.0
achtlos	neg 1.0	neg 1.0	neg 0.5218467053297079 __DUMMY__ 0.4328724214499994 off 0.045280873220292776	false	1.0
ungeheuer	neg 1.0		__DUMMY__ 0.8694519138821243 neg 0.06794163453441873 off 0.062606451583457	false	1.0
unaufrichtig	neg 1.0		__DUMMY__ 0.8729254745296784 neg 0.06353810634451185 off 0.06353641912580976	false	1.0
groggy	neg 1.0		__DUMMY__ 0.8687424752920403 neg 0.06764309662249218 off 0.06361442808546751	false	1.0
