unsolidarisch	neg 1.0		neg 0.532908036741362 off 0.4603066238513009 __DUMMY__ 0.00678533940733707	false	1.0
nachteilig	neg 1.0		neg 0.5351987726749695 off 0.45795177827532374 __DUMMY__ 0.006849449049706727	false	1.0
skeptisch	neg 1.0		neg 0.5359104934007075 off 0.4572376015876631 __DUMMY__ 0.0068519050116294805	false	1.0
schrecklich	neg 1.0		neg 0.520436499660916 off 0.47280767122144646 __DUMMY__ 0.00675582911763743	false	1.0
schlapp	neg 1.0		neg 0.5243612995351201 off 0.46885189706245134 __DUMMY__ 0.006786803402428617	false	1.0
abfall	neg 1.0		neg 0.5388070379122843 off 0.45430304214621986 __DUMMY__ 0.006889919941495817	false	1.0
widerspenstig	neg 1.0		neg 0.5303796091049457 off 0.46280436728353974 __DUMMY__ 0.006816023611514486	false	1.0
abrupt	neg 1.0		neg 0.5348241685807058 off 0.45832386407397363 __DUMMY__ 0.006851967345320599	false	1.0
unwirksam	neg 1.0		neg 0.5333630853581056 off 0.45986241501963004 __DUMMY__ 0.0067744996222642686	false	1.0
angreifen	neg 1.0		neg 0.5374102316832101 off 0.4557599838789362 __DUMMY__ 0.006829784437853789	false	1.0
inkonsistent	neg 1.0		neg 0.5323201254553156 off 0.4609142986756438 __DUMMY__ 0.006765575869040629	false	1.0
abrutschen	neg 1.0		neg 0.5391931211097243 off 0.45393576073518066 __DUMMY__ 0.006871118155095085	false	1.0
unsicher	neg 1.0		neg 0.5289627410228311 off 0.4641877485224675 __DUMMY__ 0.0068495104547013465	false	1.0
bauernkind	off 1.0	off 1.0	off 0.7176763880197342 neg 0.2791863970214183 __DUMMY__ 0.0031372149588474478	false	1.0
angreifer	neg 1.0	neg 1.0	neg 0.7507973640855437 off 0.24597487038709515 __DUMMY__ 0.0032277655273612454	false	1.0
trennen	neg 1.0		neg 0.5349279205072787 off 0.4581945279945374 __DUMMY__ 0.006877551498183849	false	1.0
schmutz	neg 1.0		neg 0.5284458432284465 off 0.46473364636200715 __DUMMY__ 0.006820510409546457	false	1.0
inkonsistenz	neg 1.0		neg 0.527746187946124 off 0.4655219957777088 __DUMMY__ 0.006731816276167028	false	1.0
erschreckend	neg 1.0		neg 0.5321048815730577 off 0.46108180028474394 __DUMMY__ 0.006813318142198232	false	1.0
ertrinken	neg 1.0		neg 0.5374715873634224 off 0.4557096401929888 __DUMMY__ 0.006818772443588705	false	1.0
pickelface	off 1.0		neg 0.5321187500900075 off 0.4610618637599366 __DUMMY__ 0.006819386150055991	false	0.5
seiner			neg 0.5356344383952941 off 0.4575159447011684 __DUMMY__ 0.006849616903537623	false	0.0
lauch	neg 1.0		neg 0.5387071175922878 off 0.4544243521151706 __DUMMY__ 0.006868530292541621	false	1.0
unwichtig	neg 1.0		neg 0.5258311033783067 off 0.46739450537597976 __DUMMY__ 0.00677439124571344	false	1.0
steuerhinterziehung	neg 1.0	neg 1.0	neg 0.7536934016297147 off 0.24307300331188608 __DUMMY__ 0.0032335950583992517	false	1.0
schock	neg 1.0		neg 0.532155821739489 off 0.46102635637690587 __DUMMY__ 0.006817821883604945	false	1.0
beule	neg 1.0		neg 0.5254064790559212 off 0.4678474327415136 __DUMMY__ 0.006746088202565186	false	1.0
vergelten	neg 1.0		neg 0.5204080311299916 off 0.47280155426492604 __DUMMY__ 0.006790414605082499	false	1.0
verdorbenheit	neg 1.0		neg 0.5285123995062212 off 0.4646472506791155 __DUMMY__ 0.0068403498146632	false	1.0
trauma	neg 1.0		neg 0.5300261529656085 off 0.4631667694350705 __DUMMY__ 0.006807077599320888	false	1.0
sinnlos	neg 1.0		neg 0.5278985313527903 off 0.46529217676624895 __DUMMY__ 0.006809291880960837	false	1.0
fettsack	off 1.0	off 1.0	off 0.7191564604659693 neg 0.27769413184281727 __DUMMY__ 0.0031494076912134644	false	1.0
feige	off 1.0	off 1.0	off 0.7171184419335566 neg 0.2796884532290683 __DUMMY__ 0.003193104837375137	false	1.0
abdanken	neg 1.0		neg 0.5324308914615374 off 0.46075987074665276 __DUMMY__ 0.006809237791809783	false	1.0
wichtigtuer	off 1.0	off 1.0	off 0.7164522952053083 neg 0.2803322330355851 __DUMMY__ 0.0032154717591067264	false	1.0
misslingen	neg 1.0		neg 0.5261946193247317 off 0.4669212367702297 __DUMMY__ 0.006884143905038661	false	1.0
untreu	off 1.0		neg 0.5250468287719409 off 0.46817796321917377 __DUMMY__ 0.006775208008885303	false	0.5
missmutig	neg 1.0		neg 0.5257975063191397 off 0.46742078036557594 __DUMMY__ 0.006781713315284347	false	1.0
hurenbock	off 1.0		neg 0.5296498493503342 off 0.46356001322214646 __DUMMY__ 0.006790137427519337	false	0.5
betrunken	neg 1.0		neg 0.5228474313465633 off 0.4703817829888392 __DUMMY__ 0.006770785664597449	false	1.0
korrupt	off 1.0		neg 0.5357946453409874 off 0.4574125934654725 __DUMMY__ 0.006792761193540288	false	0.5
unmut	neg 1.0		neg 0.5386899903907897 off 0.4544317937824114 __DUMMY__ 0.006878215826798918	false	1.0
hackfresse	off 1.0		neg 0.5181180544862655 off 0.47517726403787947 __DUMMY__ 0.006704681475855193	false	0.5
aufblasen	neg 1.0		neg 0.527959897660791 off 0.46522259796552384 __DUMMY__ 0.006817504373684995	false	1.0
gewaltsam	neg 1.0		neg 0.5341224817686459 off 0.4590758759348449 __DUMMY__ 0.006801642296509286	false	1.0
unbeliebtheit	neg 1.0		neg 0.52912868002795 off 0.46412812763266886 __DUMMY__ 0.0067431923393811485	false	1.0
sturheit	neg 1.0		neg 0.5335186347588551 off 0.45967556461270553 __DUMMY__ 0.006805800628439358	false	1.0
kuh	neg 1.0		neg 0.5321695649367629 off 0.4611041319476147 __DUMMY__ 0.006726303115622355	false	1.0
erschrecken	neg 1.0		neg 0.5251323365905288 off 0.4680667345414042 __DUMMY__ 0.0068009288680669815	false	1.0
opfer	neg 1.0		neg 0.5347610717706668 off 0.45840084798711905 __DUMMY__ 0.006838080242214057	false	1.0
sinken	neg 1.0		neg 0.5381423055922308 off 0.4549853466462636 __DUMMY__ 0.006872347761505698	false	1.0
stinktier	neg 1.0		neg 0.5259081793215917 off 0.4674478879109061 __DUMMY__ 0.00664393276750234	false	1.0
tucke	off 1.0		neg 0.5196641109452431 off 0.4736854687406092 __DUMMY__ 0.006650420314147749	false	0.5
ein			neg 0.5295927534981392 off 0.46359872715876405 __DUMMY__ 0.00680851934309679	false	0.0
abstieg	neg 1.0		neg 0.5367226142453146 off 0.45644495236050314 __DUMMY__ 0.0068324333941822794	false	1.0
missverstehen	neg 1.0		neg 0.5282704511631318 off 0.4649487549560113 __DUMMY__ 0.0067807938808571375	false	1.0
ergebnislos	neg 1.0		neg 0.5364486316530992 off 0.45670615172770274 __DUMMY__ 0.006845216619198045	false	1.0
unter			neg 0.5416659216344247 off 0.45138798887778814 __DUMMY__ 0.006946089487787064	false	0.0
manipulieren	neg 1.0		neg 0.5360438414121221 off 0.45709566682808306 __DUMMY__ 0.0068604917597947825	false	1.0
unbewiesen	neg 1.0		neg 0.5337694795010968 off 0.4594590751810709 __DUMMY__ 0.006771445317832396	false	1.0
verschleppen	neg 1.0		neg 0.5361062390099295 off 0.457084857669333 __DUMMY__ 0.006808903320737541	false	1.0
weib	off 1.0		neg 0.52198012211579 off 0.47139670743060696 __DUMMY__ 0.006623170453602947	false	0.5
opposition	neg 1.0		neg 0.5307810734159907 off 0.46244227321522735 __DUMMY__ 0.0067766533687819985	false	1.0
verkehrswidrig	neg 1.0		neg 0.5191598033077776 off 0.4740562082012987 __DUMMY__ 0.006783988490923693	false	1.0
inkorrekt	neg 1.0		neg 0.5231957170189362 off 0.47007632604070454 __DUMMY__ 0.006727956940359184	false	1.0
vermeiden	neg 1.0	neg 1.0	neg 0.7554308285449901 off 0.24127665449802824 __DUMMY__ 0.0032925169569816815	false	1.0
abweichung	neg 1.0	neg 1.0	neg 0.7523191264434975 off 0.2444125470533109 __DUMMY__ 0.0032683265031915407	false	1.0
alkoholisiert	neg 1.0		neg 0.535028103415586 off 0.45811776410651467 __DUMMY__ 0.006854132477899358	false	1.0
scheiss	off 1.0	off 1.0	off 0.7178513306751723 neg 0.27895138864121755 __DUMMY__ 0.003197280683610144	false	1.0
herausforderung	neg 1.0		neg 0.5344931345143228 off 0.45863118558473925 __DUMMY__ 0.006875679900937902	false	1.0
pervers	off 1.0		neg 0.5160694354257734 off 0.4772753978237344 __DUMMY__ 0.00665516675049212	false	0.5
wackelig	neg 1.0		neg 0.529675612452002 off 0.46344046311444853 __DUMMY__ 0.0068839244335495604	false	1.0
verwickeln	neg 1.0		neg 0.5286656533465534 off 0.46454644163793124 __DUMMY__ 0.006787905015515363	false	1.0
vorwand	neg 1.0		neg 0.5370332439204867 off 0.45612030598822634 __DUMMY__ 0.006846450091287003	false	1.0
muschi	off 1.0		neg 0.5318674910092105 off 0.46131229130605494 __DUMMY__ 0.00682021768473459	false	0.5
entmutigung	neg 1.0		neg 0.5304346901551155 off 0.46277015099825614 __DUMMY__ 0.00679515884662828	false	1.0
unangemessen	neg 1.0		neg 0.5337410154722456 off 0.4594532521535125 __DUMMY__ 0.006805732374241767	false	1.0
unstetig	neg 1.0		neg 0.5280638380042464 off 0.46514128091564294 __DUMMY__ 0.006794881080110695	false	1.0
entmutigen	neg 1.0		neg 0.5294728119782833 off 0.4637129625797891 __DUMMY__ 0.006814225441927593	false	1.0
schwanz	neg 1.0		neg 0.5349210574016939 off 0.45824928016803756 __DUMMY__ 0.0068296624302684305	false	1.0
verbot	neg 1.0		neg 0.5348286676742751 off 0.45835035516824474 __DUMMY__ 0.006820977157480346	false	1.0
leid	neg 1.0		neg 0.5200688215208843 off 0.47321077170010045 __DUMMY__ 0.006720406779015226	false	1.0
archaisch	neg 1.0		neg 0.5331980888293844 off 0.4599916075030233 __DUMMY__ 0.006810303667592369	false	1.0
gegen			neg 0.5384594952284764 off 0.45467352962292107 __DUMMY__ 0.006866975148602566	false	0.0
scheidung	neg 1.0		neg 0.5085670877131062 off 0.4847492681754177 __DUMMY__ 0.0066836441114760696	false	1.0
einschlag	neg 1.0		neg 0.5223682526162533 off 0.4708759336985379 __DUMMY__ 0.006755813685208799	false	1.0
m			neg 0.5323180154240276 off 0.46083266313365595 __DUMMY__ 0.006849321442316453	false	0.0
abgestanden	neg 1.0		neg 0.5318105036131012 off 0.46141098712265916 __DUMMY__ 0.006778509264239679	false	1.0
schmierig	off 1.0		neg 0.5201859827396387 off 0.4730759337676113 __DUMMY__ 0.006738083492749794	false	0.5
unpraktisch	neg 1.0		neg 0.5285489335676876 off 0.46463871037828297 __DUMMY__ 0.006812356054029374	false	1.0
wixxer	off 1.0		neg 0.5174596851771869 off 0.4759134606157186 __DUMMY__ 0.0066268542070945825	false	0.5
bezeichnet			neg 0.5325840235272483 off 0.4606322726819348 __DUMMY__ 0.006783703790816821	false	0.0
jammerlappen	off 1.0		neg 0.5244597408270919 off 0.46874246196402936 __DUMMY__ 0.006797797208878825	false	0.5
farce	neg 1.0		neg 0.5345782726362422 off 0.4586220332958044 __DUMMY__ 0.0067996940679533385	false	1.0
zwecklos	neg 1.0		neg 0.533962851204673 off 0.45922565497427725 __DUMMY__ 0.006811493821049834	false	1.0
turbulent	neg 1.0		neg 0.5261101835268259 off 0.4671579479426744 __DUMMY__ 0.006731868530499586	false	1.0
invasion	neg 1.0		neg 0.5287938585290889 off 0.4644069609999707 __DUMMY__ 0.006799180470940472	false	1.0
schuld	neg 1.0		neg 0.5303563229682481 off 0.46284868745585195 __DUMMY__ 0.006794989575900113	false	1.0
risiko	neg 1.0	neg 1.0	neg 0.7502407195195786 off 0.24651343617612725 __DUMMY__ 0.0032458443042941657	false	1.0
finster	neg 1.0		neg 0.5307924635804644 off 0.46242984440655577 __DUMMY__ 0.00677769201297975	false	1.0
geisteskrank	off 1.0		neg 0.5255873990654426 off 0.4676802123491341 __DUMMY__ 0.0067323885854231845	false	0.5
zusammenbrechen	neg 1.0		neg 0.5323344331345617 off 0.4608295559663136 __DUMMY__ 0.0068360108991246124	false	1.0
ausbeute	neg 1.0		neg 0.5286974717945981 off 0.46436485280148787 __DUMMY__ 0.0069376754039139395	false	1.0
hinterhalt	neg 1.0		neg 0.5322158386829157 off 0.4609443174630632 __DUMMY__ 0.0068398438540211715	false	1.0
kritik	neg 1.0		neg 0.5350103794877047 off 0.45819225825574417 __DUMMY__ 0.0067973622565510655	false	1.0
einschrumpfen	neg 1.0		neg 0.5286410581143344 off 0.4646067735466187 __DUMMY__ 0.006752168339046876	false	1.0
riskant	neg 1.0		neg 0.536558217007055 off 0.4566144556433969 __DUMMY__ 0.0068273273495479125	false	1.0
frustrieren	neg 1.0		neg 0.5348450926388 off 0.4583214080559868 __DUMMY__ 0.0068334993052131905	false	1.0
groll	neg 1.0		neg 0.5345887458755887 off 0.4585987486503053 __DUMMY__ 0.006812505474106075	false	1.0
gibt			neg 0.5316820491505332 off 0.4614725885649471 __DUMMY__ 0.006845362284519519	false	0.0
qualvoll	neg 1.0		neg 0.5280186052661497 off 0.46519637104528366 __DUMMY__ 0.006785023688566665	false	1.0
wackeln	neg 1.0		neg 0.5284889368414314 off 0.4646767689831473 __DUMMY__ 0.006834294175421291	false	1.0
klagen	neg 1.0		neg 0.5383806380673903 off 0.4547549741591752 __DUMMY__ 0.006864387773434459	false	1.0
bankrott	neg 1.0		neg 0.5252495280138906 off 0.46794991248314477 __DUMMY__ 0.006800559502964685	false	1.0
trauern	neg 1.0		neg 0.5350247721464794 off 0.45812920484618036 __DUMMY__ 0.006846023007340293	false	1.0
ablehnung	neg 1.0		neg 0.5348993419419558 off 0.4582948862091709 __DUMMY__ 0.006805771848873404	false	1.0
stur	neg 1.0		neg 0.5298761161933211 off 0.463325781185379 __DUMMY__ 0.006798102621299843	false	1.0
aufruhr	neg 1.0	neg 1.0	neg 0.752495938173046 off 0.24426886614839508 __DUMMY__ 0.00323519567855886	false	1.0
melancholie	neg 1.0		neg 0.5343967310506573 off 0.4587723874928282 __DUMMY__ 0.006830881456514576	false	1.0
ist			neg 0.5281080020872329 off 0.4650804689593524 __DUMMY__ 0.006811528953414701	false	0.0
torheit	neg 1.0		neg 0.5303944205464746 off 0.46279003251809353 __DUMMY__ 0.006815546935431916	false	1.0
dreckskind	off 1.0		neg 0.5220697802901917 off 0.4712660962059673 __DUMMY__ 0.006664123503841114	false	0.5
umtauschen	neg 1.0		neg 0.5306604468520736 off 0.4625165968641402 __DUMMY__ 0.006822956283786225	false	1.0
zum			neg 0.5365809851250163 off 0.45646833687947297 __DUMMY__ 0.00695067799551075	false	0.0
zersetzen	neg 1.0		neg 0.5377730944426141 off 0.45540019627343814 __DUMMY__ 0.006826709283947677	false	1.0
zur			neg 0.5396973689656793 off 0.4533865961296581 __DUMMY__ 0.006916034904662485	false	0.0
frust	neg 1.0		neg 0.5320525188854891 off 0.46110577523581825 __DUMMY__ 0.006841705878692666	false	1.0
unerbittlichkeit	neg 1.0		neg 0.5372971760040264 off 0.4558665849903318 __DUMMY__ 0.006836239005641818	false	1.0
zwei			neg 0.5364193299020832 off 0.4566543612582027 __DUMMY__ 0.0069263088397141055	false	0.0
unkorrekt	neg 1.0		neg 0.521611130536275 off 0.4716262329583857 __DUMMY__ 0.006762636505339404	false	1.0
hexe	off 1.0		neg 0.5296239548612189 off 0.4636736795756215 __DUMMY__ 0.006702365563159513	false	0.5
lasch	neg 1.0		neg 0.5277952115437894 off 0.4654390206011566 __DUMMY__ 0.006765767855053938	false	1.0
rivale	neg 1.0		neg 0.5239644676142408 off 0.4692888419449856 __DUMMY__ 0.006746690440773759	false	1.0
mutlos	off 1.0	off 1.0	off 0.7120568742400538 neg 0.28470768487247894 __DUMMY__ 0.003235440887467307	false	1.0
wirr	off 1.0		neg 0.5232590564569933 off 0.4700256706821148 __DUMMY__ 0.006715272860891757	false	0.5
jahr			neg 0.5310839657458567 off 0.46196260957275903 __DUMMY__ 0.006953424681384131	false	0.0
wird			neg 0.5334469184420092 off 0.45971015392124154 __DUMMY__ 0.006842927636749299	false	0.0
strafbar	neg 1.0		neg 0.5348108674064912 off 0.4583443609287082 __DUMMY__ 0.006844771664800503	false	1.0
erosion	neg 1.0		neg 0.5293438525311704 off 0.4638160681453938 __DUMMY__ 0.006840079323435718	false	1.0
eingehen	neg 1.0		neg 0.5353135282447035 off 0.45785520655787953 __DUMMY__ 0.006831265197416945	false	1.0
faul	off 1.0		neg 0.5255515383686254 off 0.46765397770486944 __DUMMY__ 0.00679448392650525	false	0.5
provisorium	neg 1.0		neg 0.5389723243919373 off 0.45405187445260703 __DUMMY__ 0.006975801155455567	false	1.0
schmerzen	neg 1.0		neg 0.5328353990206895 off 0.460361846963435 __DUMMY__ 0.006802754015875474	false	1.0
schrumpfen	neg 1.0		neg 0.5418078999734104 off 0.45132152575879464 __DUMMY__ 0.006870574267795047	false	1.0
geistlos	off 1.0		neg 0.5307242651122055 off 0.46252831981613307 __DUMMY__ 0.006747415071661491	false	0.5
fehlkauf	neg 1.0		neg 0.5294010694690993 off 0.4638038440901634 __DUMMY__ 0.006795086440737375	false	1.0
frustrierend	neg 1.0		neg 0.5260299275681547 off 0.4671744654463452 __DUMMY__ 0.006795606985499914	false	1.0
unzufrieden	neg 1.0		neg 0.5337987059764908 off 0.4593796593612312 __DUMMY__ 0.006821634662278044	false	1.0
verzweifeln	neg 1.0		neg 0.5316137660993647 off 0.46156019736804516 __DUMMY__ 0.006826036532590071	false	1.0
verzweifelt	neg 1.0	neg 1.0	neg 0.7516617677005086 off 0.24512328132875338 __DUMMY__ 0.0032149509707379157	false	1.0
misstrauensantrag	neg 1.0		neg 0.5289212439895439 off 0.46428624859635687 __DUMMY__ 0.006792507414099302	false	1.0
abfallen	neg 1.0		neg 0.5283457790989959 off 0.4648207285747724 __DUMMY__ 0.00683349232623168	false	1.0
fucker	off 1.0		neg 0.5225925899762214 off 0.4706475597671727 __DUMMY__ 0.006759850256605939	false	0.5
ungezogen	neg 1.0		neg 0.5160950526034488 off 0.47722845966966404 __DUMMY__ 0.006676487726887176	false	1.0
irrsinnig	neg 1.0	neg 1.0	neg 0.7513555164709735 off 0.2454237987621702 __DUMMY__ 0.0032206847668562206	false	1.0
unfassbar	neg 1.0		neg 0.5233456345359514 off 0.46986759087760815 __DUMMY__ 0.006786774586440552	false	1.0
hart	neg 1.0		neg 0.5270040358907238 off 0.46625776204840885 __DUMMY__ 0.006738202060867439	false	1.0
widerlich	off 1.0		neg 0.5244980037556467 off 0.4687513533899624 __DUMMY__ 0.006750642854390939	false	0.5
fatal	neg 1.0		neg 0.5286559962484194 off 0.464549142671541 __DUMMY__ 0.006794861080039653	false	1.0
bruch	neg 1.0		neg 0.537762426207839 off 0.4553709898775076 __DUMMY__ 0.006866583914653302	false	1.0
aushungern	neg 1.0		neg 0.5331927454304862 off 0.4599792465613492 __DUMMY__ 0.006828008008164564	false	1.0
anspannung	neg 1.0		neg 0.539131373398103 off 0.4539595314010597 __DUMMY__ 0.006909095200837272	false	1.0
von			neg 0.5300760858826948 off 0.462952857383283 __DUMMY__ 0.006971056734022288	false	0.0
kraftlos	neg 1.0		neg 0.5327559239194303 off 0.4604022912774537 __DUMMY__ 0.006841784803116054	false	1.0
vom			neg 0.5381545859152552 off 0.4548667922041164 __DUMMY__ 0.006978621880628412	false	0.0
grenzdebil	off 1.0		neg 0.5230647683019173 off 0.4701523471270571 __DUMMY__ 0.006782884571025635	false	0.5
vor			neg 0.5355910003441837 off 0.4575214992256733 __DUMMY__ 0.006887500430142964	false	0.0
unterwerfen	neg 1.0		neg 0.5351981763387987 off 0.4579702452345579 __DUMMY__ 0.006831578426643377	false	1.0
versenkung	neg 1.0		neg 0.5330085200858075 off 0.46012446422070297 __DUMMY__ 0.0068670156934895815	false	1.0
entziehen	neg 1.0		neg 0.5378152469282287 off 0.4553232795114554 __DUMMY__ 0.006861473560315928	false	1.0
finanzkrise	neg 1.0		neg 0.535050391648268 off 0.4581753331162305 __DUMMY__ 0.006774275235501575	false	1.0
schimpfend	neg 1.0		neg 0.5290263315067141 off 0.46418051365679897 __DUMMY__ 0.006793154836487012	false	1.0
profan	neg 1.0		neg 0.5281725739935 off 0.4650385457853138 __DUMMY__ 0.0067888802211863285	false	1.0
korruption	neg 1.0		neg 0.5354331429199577 off 0.4577505009664933 __DUMMY__ 0.006816356113548969	false	1.0
â			neg 0.5329617291886403 off 0.4601859869295228 __DUMMY__ 0.006852283881836953	false	0.0
schmutzig	neg 1.0		neg 0.5224655450728323 off 0.47075169773171044 __DUMMY__ 0.006782757195457326	false	1.0
sexy	neg 1.0		neg 0.5263386842848558 off 0.4668610740213365 __DUMMY__ 0.006800241693807818	false	1.0
abraten	neg 1.0		neg 0.5272875821154588 off 0.46589216947130535 __DUMMY__ 0.006820248413235912	false	1.0
schwarz	neg 1.0		neg 0.5294517588249835 off 0.4637497602129205 __DUMMY__ 0.006798480962096034	false	1.0
fotze	off 1.0	off 1.0	off 0.7139479789143324 neg 0.282808049009888 __DUMMY__ 0.003243972075779668	false	1.0
verwirren	neg 1.0		neg 0.5270303605461212 off 0.46617161211636254 __DUMMY__ 0.006798027337516291	false	1.0
zahnlos	off 1.0		neg 0.5329553569570009 off 0.46022749544614977 __DUMMY__ 0.006817147596849378	false	0.5
verheeren	neg 1.0		neg 0.5150432891603323 off 0.478288769011397 __DUMMY__ 0.006667941828270695	false	1.0
hippie	neg 1.0		neg 0.5271099613957588 off 0.4660934171485007 __DUMMY__ 0.006796621455740419	false	1.0
rammen	neg 1.0		neg 0.5332165135832456 off 0.4600466718800456 __DUMMY__ 0.006736814536708659	false	1.0
unlauter	neg 1.0		neg 0.5311587667395036 off 0.4620578211742869 __DUMMY__ 0.006783412086209514	false	1.0
unheilvoll	neg 1.0		neg 0.5298506054938098 off 0.4633650037253423 __DUMMY__ 0.006784390780847899	false	1.0
niedrig	neg 1.0		neg 0.537542186065251 off 0.4556415278050094 __DUMMY__ 0.006816286129739566	false	1.0
explosion	neg 1.0		neg 0.527088130610647 off 0.46610510791194754 __DUMMY__ 0.006806761477405543	false	1.0
weichei	off 1.0	off 1.0	off 0.7208261314125569 neg 0.27599987034795753 __DUMMY__ 0.003173998239485668	false	1.0
minusmensch	off 1.0		neg 0.521926817966103 off 0.4714579201774345 __DUMMY__ 0.006615261856462442	false	0.5
farblos	neg 1.0		neg 0.5327133667838436 off 0.46049363855773295 __DUMMY__ 0.006792994658423355	false	1.0
unwissend	neg 1.0	neg 1.0	neg 0.7487259632271293 off 0.24806250118940962 __DUMMY__ 0.003211535583461163	false	1.0
traurig	neg 1.0		neg 0.5208324741187814 off 0.4723993333749256 __DUMMY__ 0.0067681925062928585	false	1.0
senkung	neg 1.0		neg 0.529433348111999 off 0.4637982699939767 __DUMMY__ 0.006768381894024135	false	1.0
ungleich	neg 1.0	neg 1.0	neg 0.7542434676086556 off 0.24250671552548098 __DUMMY__ 0.003249816865863444	false	1.0
heikel	neg 1.0		neg 0.5358500262074553 off 0.457311415944976 __DUMMY__ 0.006838557847568702	false	1.0
drosselung	neg 1.0		neg 0.5251437024436435 off 0.4681042682272551 __DUMMY__ 0.006752029329101386	false	1.0
falsch	neg 1.0		neg 0.5259062798476566 off 0.46730255445373997 __DUMMY__ 0.006791165698603479	false	1.0
unzufriedenheit	neg 1.0		neg 0.5374885133765417 off 0.4556618291679235 __DUMMY__ 0.006849657455534914	false	1.0
kurz	neg 1.0		neg 0.529538530044823 off 0.4635885523065173 __DUMMY__ 0.006872917648659665	false	1.0
unsinnig	neg 1.0		neg 0.5325869856553138 off 0.4605966886804896 __DUMMY__ 0.00681632566419664	false	1.0
penner	off 1.0	off 1.0	off 0.7217781201375268 neg 0.27505100314901265 __DUMMY__ 0.003170876713460431	false	1.0
seicht	neg 1.0		neg 0.5167335660957403 off 0.47658823024538377 __DUMMY__ 0.0066782036588758815	false	1.0
dummheit	off 1.0	off 1.0	off 0.7158975496482963 neg 0.28089996352425867 __DUMMY__ 0.003202486827445013	false	1.0
unerfreulich	neg 1.0		neg 0.5353948847109729 off 0.4577390447253869 __DUMMY__ 0.006866070563640436	false	1.0
motherfucker	off 1.0	off 1.0	off 0.7189221922942788 neg 0.2778780150500048 __DUMMY__ 0.0031997926557163887	false	1.0
pikiert	neg 1.0		neg 0.5259361305778456 off 0.46731697782362014 __DUMMY__ 0.006746891598534355	false	1.0
wrack	neg 1.0		neg 0.5345981597686279 off 0.458592446063692 __DUMMY__ 0.006809394167680066	false	1.0
gangster	neg 1.0		neg 0.5270799790340299 off 0.4661246580695869 __DUMMY__ 0.006795362896383043	false	1.0
krank	neg 1.0		neg 0.5223347780104347 off 0.4708715861448153 __DUMMY__ 0.006793635844750033	false	1.0
reich	neg 1.0		neg 0.5254625838568562 off 0.4677621979879057 __DUMMY__ 0.006775218155238188	false	1.0
gnadenlos	neg 1.0		neg 0.5302004317435401 off 0.463003017804243 __DUMMY__ 0.00679655045221686	false	1.0
niedergeschlagen	neg 1.0		neg 0.5321398600782281 off 0.4610319196314696 __DUMMY__ 0.00682822029030225	false	1.0
terrorisieren	off 1.0	off 1.0	off 0.7130277042234893 neg 0.2837230238617769 __DUMMY__ 0.0032492719147338023	false	1.0
sinnlosigkeit	neg 1.0		neg 0.5333590750072961 off 0.45981868778877466 __DUMMY__ 0.006822237203929283	false	1.0
behindern	neg 1.0		neg 0.5316964471795589 off 0.46148433551250867 __DUMMY__ 0.006819217307932384	false	1.0
undemokratisch	neg 1.0		neg 0.5302763159277485 off 0.46292077992399616 __DUMMY__ 0.006802904148255295	false	1.0
wirtschaftskrise	neg 1.0		neg 0.5367876330041326 off 0.4564138020605753 __DUMMY__ 0.006798564935292108	false	1.0
neid	neg 1.0		neg 0.5243829872599814 off 0.46879684626202683 __DUMMY__ 0.006820166477991747	false	1.0
rutschen	neg 1.0		neg 0.5363518641441408 off 0.4567176504398501 __DUMMY__ 0.006930485416009063	false	1.0
rezession	neg 1.0		neg 0.5259577006813242 off 0.4673677767404957 __DUMMY__ 0.006674522578180005	false	1.0
fehlgeburt	neg 1.0		neg 0.5290333608688593 off 0.46416608036658547 __DUMMY__ 0.006800558764555301	false	1.0
charakterschwach	off 1.0		neg 0.5247892428099811 off 0.4684595785065029 __DUMMY__ 0.0067511786835161135	false	0.5
isolation	neg 1.0		neg 0.5263622126212353 off 0.46684071822749246 __DUMMY__ 0.00679706915127209	false	1.0
ablenkung	neg 1.0		neg 0.5289462623093711 off 0.4642105505928448 __DUMMY__ 0.006843187097783932	false	1.0
pech	neg 1.0		neg 0.5258923896191987 off 0.4673095716897206 __DUMMY__ 0.006798038691080679	false	1.0
vermeidung	neg 1.0		neg 0.5245404282066427 off 0.468700406443696 __DUMMY__ 0.006759165349661252	false	1.0
dominieren	neg 1.0		neg 0.5352456843561935 off 0.4579179006894651 __DUMMY__ 0.006836414954341398	false	1.0
schwindlig	neg 1.0		neg 0.5274288901491074 off 0.4657584063942999 __DUMMY__ 0.00681270345659268	false	1.0
lutscher	neg 1.0	neg 1.0	neg 0.7440458637106051 off 0.2527973682189025 __DUMMY__ 0.00315676807049243	false	1.0
pflicht	neg 1.0		neg 0.5370831340156608 off 0.45606917867756436 __DUMMY__ 0.006847687306775012	false	1.0
faschist	off 1.0		neg 0.527367730611879 off 0.46584172398459295 __DUMMY__ 0.00679054540352799	false	0.5
verschleudern	neg 1.0		neg 0.5357938211790987 off 0.45736345986109556 __DUMMY__ 0.006842718959805865	false	1.0
wenn			neg 0.5258787596906501 off 0.4673320542699306 __DUMMY__ 0.006789186039419438	false	0.0
ehebruch	neg 1.0		neg 0.5350801319584069 off 0.458096429667231 __DUMMY__ 0.0068234383743620685	false	1.0
spott	off 1.0		neg 0.535357670550447 off 0.45781261209867524 __DUMMY__ 0.006829717350877845	false	0.5
trostlosigkeit	neg 1.0		neg 0.5380783622034594 off 0.45507451825985934 __DUMMY__ 0.006847119536681137	false	1.0
lutschen	neg 1.0		neg 0.5291219638262987 off 0.46412757963463724 __DUMMY__ 0.00675045653906403	false	1.0
undiszipliniert	neg 1.0		neg 0.5221945731342951 off 0.47104809631201994 __DUMMY__ 0.006757330553684921	false	1.0
kopfschmerz	neg 1.0		neg 0.5351532423656948 off 0.45805655502776266 __DUMMY__ 0.006790202606542557	false	1.0
unvorhergesehen	neg 1.0		neg 0.533215732120314 off 0.4598943432088298 __DUMMY__ 0.006889924670856158	false	1.0
desinteressiert	neg 1.0	neg 1.0	neg 0.7475720849235293 off 0.2492274041832561 __DUMMY__ 0.00320051089321461	false	1.0
armselig	off 1.0		neg 0.5227537830835157 off 0.4705142073984543 __DUMMY__ 0.006732009518029887	false	0.5
desaster	neg 1.0		neg 0.5384606219571928 off 0.4546700544680357 __DUMMY__ 0.006869323574771526	false	1.0
tod	neg 1.0		neg 0.5349080288144381 off 0.4582695837421241 __DUMMY__ 0.006822387443437805	false	1.0
herzlos	neg 1.0		neg 0.5219809177594107 off 0.47127259395245913 __DUMMY__ 0.006746488288130169	false	1.0
unwissenheit	neg 1.0		neg 0.5342869200899542 off 0.4588979702489658 __DUMMY__ 0.0068151096610800654	false	1.0
widersinnig	neg 1.0		neg 0.5351278897779569 off 0.4580741172866639 __DUMMY__ 0.006797992935379062	false	1.0
bedenklich	neg 1.0		neg 0.5347938379930831 off 0.45837828655398927 __DUMMY__ 0.006827875452927546	false	1.0
beanstanden	neg 1.0		neg 0.5367174702670559 off 0.45642053396313376 __DUMMY__ 0.006861995769810332	false	1.0
panisch	neg 1.0	neg 1.0	neg 0.7490212905175282 off 0.24773382368764799 __DUMMY__ 0.003244885794823826	false	1.0
debil	off 1.0		neg 0.5417029099386134 off 0.45138529683483625 __DUMMY__ 0.006911793226550306	false	0.5
abstrich	neg 1.0		neg 0.5296083892581621 off 0.463532889238204 __DUMMY__ 0.0068587215036337995	false	1.0
primitiv	neg 1.0		neg 0.5241201173124368 off 0.4691279485750207 __DUMMY__ 0.006751934112542502	false	1.0
abschaum	off 1.0	off 1.0	off 0.7176812983732098 neg 0.27911649382852066 __DUMMY__ 0.0032022077982695094	false	1.0
provozieren	neg 1.0		neg 0.5310815500742976 off 0.46213341883700765 __DUMMY__ 0.006785031088694875	false	1.0
tot	neg 1.0		neg 0.5342216754688502 off 0.4589582903187461 __DUMMY__ 0.006820034212403598	false	1.0
instabil	neg 1.0		neg 0.5234470433325127 off 0.4698181028636914 __DUMMY__ 0.0067348538037960435	false	1.0
schwuchtel	off 1.0	off 1.0	off 0.7239260924202156 neg 0.2729433901756917 __DUMMY__ 0.003130517404092797	false	1.0
zerren	neg 1.0		neg 0.5328687241461244 off 0.46030144013124286 __DUMMY__ 0.0068298357226327915	false	1.0
kinderficker	off 1.0		neg 0.5193589104565318 off 0.4739145190459694 __DUMMY__ 0.006726570497498658	false	0.5
gefahr	neg 1.0		neg 0.5369084873906049 off 0.45622684579835343 __DUMMY__ 0.006864666811041712	false	1.0
rabiat	neg 1.0		neg 0.530450923137043 off 0.4627316447959954 __DUMMY__ 0.006817432066961759	false	1.0
verlangsamung	neg 1.0		neg 0.5211384814158807 off 0.47220407689558835 __DUMMY__ 0.00665744168853083	false	1.0
ausgestorben	neg 1.0		neg 0.530236738359727 off 0.46293398024466453 __DUMMY__ 0.006829281395608515	false	1.0
anklagen	neg 1.0		neg 0.5352099144261826 off 0.4579748810002022 __DUMMY__ 0.00681520457361512	false	1.0
trott	neg 1.0		neg 0.5312191527923587 off 0.46196158461494574 __DUMMY__ 0.006819262592695738	false	1.0
verminderung	neg 1.0		neg 0.5236304468517451 off 0.46960602079351743 __DUMMY__ 0.006763532354737553	false	1.0
nach			neg 0.537472829095876 off 0.45558563361372967 __DUMMY__ 0.006941537290394276	false	0.0
rost	neg 1.0		neg 0.5200913251049201 off 0.47320500961552553 __DUMMY__ 0.0067036652795542445	false	1.0
destruktiv	neg 1.0		neg 0.5316314587829932 off 0.4615633075990374 __DUMMY__ 0.0068052336179694195	false	1.0
unzumutbarkeit	neg 1.0		neg 0.5252871889880316 off 0.46794226807081885 __DUMMY__ 0.006770542941149637	false	1.0
labil	off 1.0	off 1.0	off 0.7173551227454188 neg 0.2794371808735366 __DUMMY__ 0.0032076963810445994	false	1.0
ziemlich	neg 1.0		neg 0.5229548437235574 off 0.4702484055478112 __DUMMY__ 0.006796750728631216	false	1.0
lachnummer	off 1.0		neg 0.5309831511974993 off 0.46221583176983116 __DUMMY__ 0.006801017032669702	false	0.5
oder			neg 0.5281431749021046 off 0.4650198090303762 __DUMMY__ 0.006837016067519203	false	0.0
verfall	neg 1.0		neg 0.541213920147119 off 0.4519068229068858 __DUMMY__ 0.006879256945995193	false	1.0
ausgrenzung	neg 1.0		neg 0.5298240228879292 off 0.4633799854998531 __DUMMY__ 0.0067959916122178315	false	1.0
unordnung	neg 1.0		neg 0.5215813658104476 off 0.47164552448025254 __DUMMY__ 0.006773109709299779	false	1.0
fehlverhalten	neg 1.0		neg 0.5375268330296863 off 0.45564788814849355 __DUMMY__ 0.006825278821820197	false	1.0
eine			neg 0.534794792554721 off 0.4583204292884184 __DUMMY__ 0.0068847781568608	false	0.0
nille	neg 1.0		neg 0.5309818029146308 off 0.46219138592593273 __DUMMY__ 0.006826811159436479	false	1.0
qual	neg 1.0		neg 0.5315204274307929 off 0.461655510663939 __DUMMY__ 0.006824061905268127	false	1.0
verschwenden	neg 1.0		neg 0.535808911209656 off 0.4573659480560167 __DUMMY__ 0.00682514073432742	false	1.0
riesig	neg 1.0		neg 0.5344438569930708 off 0.45871700475604826 __DUMMY__ 0.006839138250880767	false	1.0
verurteilen	neg 1.0		neg 0.5351498228416647 off 0.4580470485306741 __DUMMY__ 0.006803128627661321	false	1.0
klischee	neg 1.0	neg 1.0	neg 0.7498661883917008 off 0.24692315855126518 __DUMMY__ 0.0032106530570340636	false	1.0
diktatorisch	neg 1.0		neg 0.5309426531957501 off 0.46226952525033876 __DUMMY__ 0.006787821553911235	false	1.0
vorhersehbar	neg 1.0		neg 0.5283239949238866 off 0.4649024167863166 __DUMMY__ 0.006773588289796792	false	1.0
sowie			neg 0.5217737761397614 off 0.4715255748911389 __DUMMY__ 0.006700648969099587	false	0.0
stornieren	neg 1.0		neg 0.5243401674414229 off 0.46878345661760373 __DUMMY__ 0.006876375940973251	false	1.0
besteuerung	neg 1.0		neg 0.5334289814467434 off 0.4598170862122598 __DUMMY__ 0.0067539323409968625	false	1.0
ungeschminkt	neg 1.0		neg 0.527572300909917 off 0.4657271121844743 __DUMMY__ 0.006700586905608591	false	1.0
kritisch	neg 1.0		neg 0.5346668340696699 off 0.45849599306578126 __DUMMY__ 0.00683717286454876	false	1.0
schlamperei	off 1.0		neg 0.5358084737168384 off 0.4573391798170415 __DUMMY__ 0.006852346466120115	false	0.5
sucht	neg 1.0	neg 1.0	neg 0.7496502443959338 off 0.24708886872498245 __DUMMY__ 0.003260886879083776	false	1.0
egoistisch	off 1.0		neg 0.519957271312213 off 0.4733334915482536 __DUMMY__ 0.006709237139533365	false	0.5
ausbeuter	off 1.0		neg 0.5380006957450404 off 0.4551825561119533 __DUMMY__ 0.006816748143006385	false	0.5
arschgeburt	off 1.0		neg 0.5159449806633606 off 0.4774599886431886 __DUMMY__ 0.006595030693450901	false	0.5
schubs	neg 1.0		neg 0.5322771160601211 off 0.4608886745558096 __DUMMY__ 0.006834209384069253	false	1.0
unsolide	neg 1.0		neg 0.5306768288641603 off 0.4625493129311636 __DUMMY__ 0.006773858204676036	false	1.0
beschwerde	neg 1.0		neg 0.5363837588689774 off 0.4567936325098509 __DUMMY__ 0.006822608621171792	false	1.0
stocken	neg 1.0		neg 0.5362906286485986 off 0.45687312718092576 __DUMMY__ 0.006836244170475752	false	1.0
isolieren	neg 1.0		neg 0.53391354420002 off 0.4592494086930819 __DUMMY__ 0.006837047106898093	false	1.0
unheilbar	neg 1.0		neg 0.5300824187063206 off 0.46309809922065887 __DUMMY__ 0.006819482073020647	false	1.0
pisser	off 1.0		neg 0.5250934055961699 off 0.4681999429969355 __DUMMY__ 0.006706651406894575	false	0.5
löschen	neg 1.0		neg 0.5311300984265251 off 0.46205614177963705 __DUMMY__ 0.006813759793837848	false	1.0
durchfallen	neg 1.0		neg 0.5346168918766137 off 0.4585631697784868 __DUMMY__ 0.006819938344899549	false	1.0
wichser	off 1.0	off 1.0	off 0.7232860020233792 neg 0.27355833346189795 __DUMMY__ 0.003155664514722687	false	1.0
terror	neg 1.0		neg 0.5270803539633375 off 0.4661177900404071 __DUMMY__ 0.006801855996255341	false	1.0
krass	neg 1.0		neg 0.5221593553051668 off 0.47111533775428005 __DUMMY__ 0.006725306940553126	false	1.0
revolte	neg 1.0		neg 0.5300556585005024 off 0.46316288511231285 __DUMMY__ 0.006781456387184596	false	1.0
besorgt	neg 1.0		neg 0.5300570114608377 off 0.4630696423642069 __DUMMY__ 0.006873346174955487	false	1.0
nachlassen	neg 1.0		neg 0.5341626217518868 off 0.45896750011676246 __DUMMY__ 0.00686987813135074	false	1.0
alt	neg 1.0		neg 0.5344688594227016 off 0.4587188975270578 __DUMMY__ 0.006812243050240656	false	1.0
hundesohn	off 1.0		neg 0.5176408278665064 off 0.47570412308581017 __DUMMY__ 0.0066550490476834775	false	0.5
als			neg 0.53187653293608 off 0.46127662967821237 __DUMMY__ 0.006846837385707841	false	0.0
abschreckung	neg 1.0		neg 0.5377338399376975 off 0.4554147510410847 __DUMMY__ 0.006851409021217861	false	1.0
unqualifiziert	neg 1.0		neg 0.5273007062730632 off 0.465929391373308 __DUMMY__ 0.006769902353628817	false	1.0
abgewichst	off 1.0		neg 0.5311959618455891 off 0.46196586105428045 __DUMMY__ 0.006838177100130338	false	0.5
schwer	neg 1.0		neg 0.5313570669861185 off 0.4618255786404392 __DUMMY__ 0.006817354373442215	false	1.0
bedeutungslosigkeit	neg 1.0		neg 0.5365921259520342 off 0.4565630847971447 __DUMMY__ 0.006844789250821148	false	1.0
kapitulation	neg 1.0		neg 0.5353278095881685 off 0.4578365285894687 __DUMMY__ 0.0068356618223626734	false	1.0
unscharf	neg 1.0		neg 0.5298075876094898 off 0.46342917618598156 __DUMMY__ 0.0067632362045286125	false	1.0
schwinden	neg 1.0		neg 0.5373552098543266 off 0.4558048900744163 __DUMMY__ 0.006839900071257057	false	1.0
versklavung	neg 1.0		neg 0.5311172435761029 off 0.4620872656117915 __DUMMY__ 0.00679549081210579	false	1.0
schlecht	neg 1.0		neg 0.5226966760865317 off 0.47050554332309574 __DUMMY__ 0.0067977805903726395	false	1.0
verhasst	neg 1.0		neg 0.5313193244788202 off 0.4619135874626563 __DUMMY__ 0.006767088058523443	false	1.0
beschweren	neg 1.0		neg 0.5278878903735554 off 0.46530012744572136 __DUMMY__ 0.006811982180723286	false	1.0
scheiden	neg 1.0		neg 0.5292386578234274 off 0.4639194310871851 __DUMMY__ 0.0068419110893874185	false	1.0
frustriert	neg 1.0		neg 0.5326439989317399 off 0.46053845386435427 __DUMMY__ 0.006817547203905903	false	1.0
schimmelig	neg 1.0		neg 0.5366544845571636 off 0.456565183914873 __DUMMY__ 0.00678033152796358	false	1.0
fisch	neg 1.0		neg 0.53877637884194 off 0.45440881072101713 __DUMMY__ 0.006814810437042884	false	1.0
schmuggel	neg 1.0		neg 0.5375974901402927 off 0.4555833607867199 __DUMMY__ 0.006819149072987362	false	1.0
auffallen	neg 1.0		neg 0.5272249270831738 off 0.4659718459464493 __DUMMY__ 0.0068032269703768074	false	1.0
konkurrenz	neg 1.0		neg 0.536825108334815 off 0.4563006476822674 __DUMMY__ 0.00687424398291766	false	1.0
teufelskreis	neg 1.0	neg 1.0	neg 0.7526558152038753 off 0.24412371772603592 __DUMMY__ 0.0032204670700888274	false	1.0
aufschreien	neg 1.0		neg 0.5282602525819603 off 0.4649563623894034 __DUMMY__ 0.006783385028636284	false	1.0
schuldner	neg 1.0		neg 0.5389436244857333 off 0.4542383668728787 __DUMMY__ 0.006818008641387906	false	1.0
missgeburt	off 1.0	off 1.0	off 0.7197414086233752 neg 0.2771092217054648 __DUMMY__ 0.0031493696711600416	false	1.0
arbeitslos	neg 1.0		neg 0.5343890328217409 off 0.4587944792038202 __DUMMY__ 0.0068164879744390195	false	1.0
befallen	neg 1.0		neg 0.5355161663656214 off 0.4577063777943125 __DUMMY__ 0.006777455840066137	false	1.0
miesepetrig	off 1.0	off 1.0	off 0.7187835109500754 neg 0.2779989957473696 __DUMMY__ 0.0032174933025550375	false	1.0
alarmieren	neg 1.0		neg 0.5290465606326212 off 0.46421552401950295 __DUMMY__ 0.00673791534787584	false	1.0
ungeduscht	off 1.0		neg 0.5282615811090612 off 0.4649938796941405 __DUMMY__ 0.0067445391967983	false	0.5
knappheit	neg 1.0		neg 0.5359684950733552 off 0.4572291095083705 __DUMMY__ 0.006802395418274326	false	1.0
schlange	neg 1.0		neg 0.5267668410749554 off 0.4663884921987024 __DUMMY__ 0.006844666726342096	false	1.0
harsch	neg 1.0		neg 0.5196794179726214 off 0.47357100695830034 __DUMMY__ 0.006749575069078248	false	1.0
lang	neg 1.0		neg 0.5297868844948891 off 0.4633981939413121 __DUMMY__ 0.006814921563798865	false	1.0
ziellos	neg 1.0		neg 0.5328762633529914 off 0.46026247373915413 __DUMMY__ 0.006861262907854566	false	1.0
selbstverliebt	neg 1.0		neg 0.5160288990879311 off 0.4773253554093825 __DUMMY__ 0.006645745502686315	false	1.0
beseitigen	neg 1.0		neg 0.5322433089238683 off 0.46092761698030515 __DUMMY__ 0.006829074095826373	false	1.0
dumm	off 1.0		neg 0.5184734864208111 off 0.4748094999527675 __DUMMY__ 0.006717013626421326	false	0.5
arbeitsloser	neg 1.0		neg 0.5323424199254267 off 0.4608038832404461 __DUMMY__ 0.006853696834127137	false	1.0
blitzen	neg 1.0		neg 0.5269979512129374 off 0.46620168439843357 __DUMMY__ 0.006800364388629009	false	1.0
hilflos	neg 1.0		neg 0.5337064405578863 off 0.4594826058844174 __DUMMY__ 0.006810953557696197	false	1.0
eklig	off 1.0		neg 0.5201931752750442 off 0.4731347320017002 __DUMMY__ 0.006672092723255748	false	0.5
begriff			neg 0.531198669353706 off 0.4619768584573668 __DUMMY__ 0.006824472188927179	false	0.0
hungersnot	neg 1.0		neg 0.5350280071201994 off 0.4581616595172954 __DUMMY__ 0.006810333362505038	false	1.0
ungesetzlich	neg 1.0		neg 0.5318100247737938 off 0.4614105074917014 __DUMMY__ 0.0067794677345047825	false	1.0
verschwendung	neg 1.0		neg 0.5357817501764638 off 0.4573788645607757 __DUMMY__ 0.006839385262760421	false	1.0
schmerzvoll	neg 1.0		neg 0.5290620707784155 off 0.46413790335667154 __DUMMY__ 0.006800025864913046	false	1.0
vorzeitig	neg 1.0		neg 0.5290523679177984 off 0.46417225299647075 __DUMMY__ 0.006775379085730893	false	1.0
unvollkommenheit	neg 1.0		neg 0.5318397772655743 off 0.46128986727466315 __DUMMY__ 0.006870355459762447	false	1.0
intervenieren	neg 1.0		neg 0.5366975620300801 off 0.45647346540384265 __DUMMY__ 0.006828972566077239	false	1.0
banause	off 1.0		neg 0.5190152249774702 off 0.4743559385618583 __DUMMY__ 0.006628836460671467	false	0.5
rebell	neg 1.0		neg 0.5405351360622812 off 0.4526165135206495 __DUMMY__ 0.006848350417069233	false	1.0
unlogisch	neg 1.0		neg 0.52261863709488 off 0.470642494130329 __DUMMY__ 0.0067388687747911334	false	1.0
leiden	neg 1.0		neg 0.5344831951651241 off 0.45863308374364237 __DUMMY__ 0.006883721091233546	false	1.0
abschaffung	neg 1.0		neg 0.5307599882570632 off 0.4624307617926553 __DUMMY__ 0.006809249950281512	false	1.0
sturz	neg 1.0		neg 0.5318835554529526 off 0.4613165327036549 __DUMMY__ 0.006799911843392437	false	1.0
verkleinerung	neg 1.0		neg 0.5296912831328692 off 0.46354964796279635 __DUMMY__ 0.006759068904334426	false	1.0
schmarotzer	off 1.0		neg 0.5337031385475383 off 0.45948876166599006 __DUMMY__ 0.006808099786471705	false	0.5
bestrafung	neg 1.0		neg 0.5303524477055839 off 0.4628499182658471 __DUMMY__ 0.006797634028569148	false	1.0
achtlos	neg 1.0	neg 1.0	neg 0.7517022316392656 off 0.24505716606806324 __DUMMY__ 0.0032406022926710623	false	1.0
ungeheuer	neg 1.0		neg 0.5283356645857897 off 0.4648691757201527 __DUMMY__ 0.006795159694057673	false	1.0
