unsolidarisch	neg 1.0		neg 0.5152158228799031 off 0.4450025812432092 __DUMMY__ 0.03978159587688781	false	1.0
nachteilig	neg 1.0		neg 0.5173331135065173 off 0.44251076806875056 __DUMMY__ 0.04015611842473213	false	1.0
skeptisch	neg 1.0		neg 0.5180357009357279 off 0.4417942361585519 __DUMMY__ 0.040170062905720214	false	1.0
schrecklich	neg 1.0		neg 0.5028836348858602 off 0.4575069941787195 __DUMMY__ 0.03960937093542039	false	1.0
schlapp	neg 1.0		neg 0.5067147747190963 off 0.4534947883334428 __DUMMY__ 0.03979043694746093	false	1.0
abfall	neg 1.0		neg 0.5208204314611077 off 0.43878715657361406 __DUMMY__ 0.04039241196527836	false	1.0
widerspenstig	neg 1.0		neg 0.512628604047683 off 0.447410370916403 __DUMMY__ 0.039961025035914116	false	1.0
abrupt	neg 1.0		neg 0.5169579523592743 off 0.44287060120046406 __DUMMY__ 0.04017144644026145	false	1.0
unwirksam	neg 1.0		neg 0.5157040838005739 off 0.4445772967847171 __DUMMY__ 0.039718619414708944	false	1.0
angreifen	neg 1.0		neg 0.5195860309680053 off 0.4403731312731142 __DUMMY__ 0.040040837758880524	false	1.0
inkonsistent	neg 1.0		neg 0.5146928968634884 off 0.44564037356413755 __DUMMY__ 0.039666729572374056	false	1.0
abrutschen	neg 1.0		neg 0.5212551906775814 off 0.43846249539972404 __DUMMY__ 0.040282313922694504	false	1.0
unsicher	neg 1.0		neg 0.5111258463002804 off 0.44871794528893566 __DUMMY__ 0.040156208410784086	false	1.0
bauernkind	off 1.0	off 1.0	off 0.7105776066908978 neg 0.27100539836146076 __DUMMY__ 0.01841699494764153	false	1.0
angreifer	neg 1.0	neg 1.0	neg 0.7423710193229337 off 0.2386813593437623 __DUMMY__ 0.018947621333304035	false	1.0
trennen	neg 1.0		neg 0.5169943864344005 off 0.44268555406689225 __DUMMY__ 0.04032005949870728	false	1.0
schmutz	neg 1.0		neg 0.5106867077718389 off 0.4493252152492278 __DUMMY__ 0.03998807697893321	false	1.0
inkonsistenz	neg 1.0		neg 0.5102197750419349 off 0.4503110537452177 __DUMMY__ 0.0394691712128472	false	1.0
erschreckend	neg 1.0		neg 0.5143476226489627 off 0.44570771981052326 __DUMMY__ 0.0399446575405141	false	1.0
ertrinken	neg 1.0		neg 0.5196790464606249 off 0.44034416386786146 __DUMMY__ 0.03997678967151356	false	1.0
pickelface	off 1.0		neg 0.5143451058494034 off 0.4456743126572583 __DUMMY__ 0.03998058149333835	false	0.5
seiner			neg 0.5177677428696238 off 0.442075519228335 __DUMMY__ 0.04015673790204131	false	0.0
lauch	neg 1.0		neg 0.5207795457650604 off 0.4389528711203965 __DUMMY__ 0.040267583114543086	false	1.0
unwichtig	neg 1.0		neg 0.5082044938732209 off 0.4520779599784989 __DUMMY__ 0.03971754614828021	false	1.0
steuerhinterziehung	neg 1.0	neg 1.0	neg 0.7452490845192127 off 0.23576917809166212 __DUMMY__ 0.018981737389125213	false	1.0
schock	neg 1.0		neg 0.5143893599697662 off 0.44563931280058716 __DUMMY__ 0.039971327229646636	false	1.0
beule	neg 1.0		neg 0.5078619001153807 off 0.4525852864277026 __DUMMY__ 0.039552813456916566	false	1.0
vergelten	neg 1.0		neg 0.5027560997205506 off 0.45743174987924684 __DUMMY__ 0.0398121504002027	false	1.0
verdorbenheit	neg 1.0		neg 0.5107064517405586 off 0.4491903537310229 __DUMMY__ 0.04010319452841848	false	1.0
trauma	neg 1.0		neg 0.5122964005793076 off 0.4477953498130205 __DUMMY__ 0.039908249607671975	false	1.0
sinnlos	neg 1.0		neg 0.5101716460823436 off 0.4499070634871291 __DUMMY__ 0.03992129043052726	false	1.0
fettsack	off 1.0	off 1.0	off 0.7120307627693002 neg 0.26948085262497495 __DUMMY__ 0.018488384605724772	false	1.0
feige	off 1.0	off 1.0	off 0.7098996394824484 neg 0.2713560755377464 __DUMMY__ 0.018744284979805226	false	1.0
abdanken	neg 1.0		neg 0.5146759034357461 off 0.44540274193420737 __DUMMY__ 0.03992135463004652	false	1.0
wichtigtuer	off 1.0	off 1.0	off 0.7091842742234047 neg 0.2719403682955838 __DUMMY__ 0.01887535748101147	false	1.0
misslingen	neg 1.0		neg 0.5082783059033874 off 0.4513622534347153 __DUMMY__ 0.04035944066189723	false	1.0
untreu	off 1.0		neg 0.5074228086911874 off 0.45285480523336746 __DUMMY__ 0.03972238607544507	false	0.5
missmutig	neg 1.0		neg 0.5081534949991946 off 0.4520858905260998 __DUMMY__ 0.03976061447470552	false	1.0
hurenbock	off 1.0		neg 0.5119669160977562 off 0.44822261087973964 __DUMMY__ 0.03981047302250403	false	0.5
betrunken	neg 1.0		neg 0.5052478344757955 off 0.45505532046318203 __DUMMY__ 0.03969684506102237	false	1.0
korrupt	off 1.0		neg 0.5180707713190298 off 0.4421043502330089 __DUMMY__ 0.03982487844796126	false	0.5
unmut	neg 1.0		neg 0.5207321433811212 off 0.4389440254064896 __DUMMY__ 0.04032383121238923	false	1.0
hackfresse	off 1.0		neg 0.500709370469695 off 0.4599798460722527 __DUMMY__ 0.03931078345805234	false	0.5
aufblasen	neg 1.0		neg 0.5102140895167019 off 0.4498163994268774 __DUMMY__ 0.03996951105642076	false	1.0
gewaltsam	neg 1.0		neg 0.516385616975082 off 0.44373713347034976 __DUMMY__ 0.03987724955456827	false	1.0
unbeliebtheit	neg 1.0		neg 0.511564808313862 off 0.448899127131715 __DUMMY__ 0.0395360645544231	false	1.0
sturheit	neg 1.0		neg 0.5157717835878962 off 0.44432730184253055 __DUMMY__ 0.039900914569573245	false	1.0
kuh	neg 1.0		neg 0.5146462743865282 off 0.44591617461544025 __DUMMY__ 0.03943755099803147	false	1.0
erschrecken	neg 1.0		neg 0.5074404041508519 off 0.45268698441226746 __DUMMY__ 0.039872611436880534	false	1.0
opfer	neg 1.0		neg 0.516925587517308 off 0.4429849212604557 __DUMMY__ 0.04008949122223637	false	1.0
sinken	neg 1.0		neg 0.5202036847461478 off 0.43950623778720677 __DUMMY__ 0.04029007746664559	false	1.0
stinktier	neg 1.0		neg 0.5086251839844272 off 0.45241868965759163 __DUMMY__ 0.03895612635798111	false	1.0
tucke	off 1.0		neg 0.5023914369798164 off 0.4586142110306465 __DUMMY__ 0.03899435198953717	false	0.5
ein			neg 0.511865209533415 off 0.4482174765117106 __DUMMY__ 0.03991731395487441	false	0.0
abstieg	neg 1.0		neg 0.518892556722193 off 0.44105039977216803 __DUMMY__ 0.04005704350563881	false	1.0
missverstehen	neg 1.0		neg 0.5106151008306359 off 0.44963001905138916 __DUMMY__ 0.039754880117975136	false	1.0
ergebnislos	neg 1.0		neg 0.5185856205163853 off 0.44128289325463793 __DUMMY__ 0.04013148622897664	false	1.0
unter			neg 0.5235242700857632 off 0.435755348467806 __DUMMY__ 0.040720381446430705	false	0.0
manipulieren	neg 1.0		neg 0.5181433192278285 off 0.4416361795264526 __DUMMY__ 0.04022050124571875	false	1.0
unbewiesen	neg 1.0		neg 0.5161095781954301 off 0.44418989024356875 __DUMMY__ 0.039700531561001076	false	1.0
verschleppen	neg 1.0		neg 0.5183380852759105 off 0.4417424221946866 __DUMMY__ 0.03991949252940281	false	1.0
weib	off 1.0		neg 0.5047677920966712 off 0.45639738688604503 __DUMMY__ 0.038834821017283715	false	0.5
opposition	neg 1.0		neg 0.513129585640818 off 0.4471393236670771 __DUMMY__ 0.039731090692104905	false	1.0
verkehrswidrig	neg 1.0		neg 0.5015388630741546 off 0.4586865497997129 __DUMMY__ 0.03977458712613229	false	1.0
inkorrekt	neg 1.0		neg 0.505697031562495 off 0.45485629290815116 __DUMMY__ 0.039446675529353874	false	1.0
vermeiden	neg 1.0	neg 1.0	neg 0.7468336486872513 off 0.23383929923990254 __DUMMY__ 0.01932705207284616	false	1.0
abweichung	neg 1.0	neg 1.0	neg 0.7437858563909735 off 0.23702882135759343 __DUMMY__ 0.019185322251433122	false	1.0
alkoholisiert	neg 1.0		neg 0.5171592738782754 off 0.4426563091776429 __DUMMY__ 0.0401844169440817	false	1.0
scheiss	off 1.0	off 1.0	off 0.710616571682723 neg 0.27061441192879326 __DUMMY__ 0.018769016388483797	false	1.0
herausforderung	neg 1.0		neg 0.5165627148512613 off 0.44312766973330586 __DUMMY__ 0.040309615415432945	false	1.0
pervers	off 1.0		neg 0.4987975831947279 off 0.4621806665335755 __DUMMY__ 0.03902175027169664	false	0.5
wackelig	neg 1.0		neg 0.5117501623536455 off 0.4478923417661049 __DUMMY__ 0.04035749588024976	false	1.0
verwickeln	neg 1.0		neg 0.5109896021003165 off 0.4492139842346256 __DUMMY__ 0.03979641366505787	false	1.0
vorwand	neg 1.0		neg 0.519166772718429 off 0.4406949737229804 __DUMMY__ 0.040138253558590686	false	1.0
muschi	off 1.0		neg 0.5140925323093632 off 0.4459221341210863 __DUMMY__ 0.03998533356955052	false	0.5
entmutigung	neg 1.0		neg 0.5127254842781599 off 0.44743521633656796 __DUMMY__ 0.039839299385272225	false	1.0
unangemessen	neg 1.0		neg 0.5159946995463073 off 0.4441048539689503 __DUMMY__ 0.0399004464847425	false	1.0
unstetig	neg 1.0		neg 0.510375396447259 off 0.44978635613346485 __DUMMY__ 0.03983824741927607	false	1.0
entmutigen	neg 1.0		neg 0.5117259436835255 off 0.4483237168153938 __DUMMY__ 0.039950339501080706	false	1.0
schwanz	neg 1.0		neg 0.5171112823793244 off 0.4428480138680351 __DUMMY__ 0.040040703752640565	false	1.0
verbot	neg 1.0		neg 0.5170335474958441 off 0.4429766293166146 __DUMMY__ 0.03998982318754134	false	1.0
leid	neg 1.0		neg 0.5026112261654749 off 0.4579861728339001 __DUMMY__ 0.039402601000625155	false	1.0
archaisch	neg 1.0		neg 0.515444051363917 off 0.4446286042831494 __DUMMY__ 0.039927344352933464	false	1.0
gegen			neg 0.5205296688058331 off 0.439211988287299 __DUMMY__ 0.04025834290686783	false	0.0
scheidung	neg 1.0		neg 0.4912422140988408 off 0.46956899509716543 __DUMMY__ 0.039188790803993775	false	1.0
einschlag	neg 1.0		neg 0.5048049040075312 off 0.4555854893572915 __DUMMY__ 0.03960960663517735	false	1.0
m			neg 0.514469749796122 off 0.44537528787939773 __DUMMY__ 0.04015496232448035	false	0.0
abgestanden	neg 1.0		neg 0.5141574721204424 off 0.44610010806859846 __DUMMY__ 0.03974241981095908	false	1.0
schmierig	off 1.0		neg 0.5026812219608803 off 0.45781293769715753 __DUMMY__ 0.03950584034196221	false	0.5
unpraktisch	neg 1.0		neg 0.5108169519961473 off 0.44924353040409987 __DUMMY__ 0.039939517599752734	false	1.0
wixxer	off 1.0		neg 0.5002562619103704 off 0.46088737120167134 __DUMMY__ 0.0388563668879583	false	0.5
bezeichnet			neg 0.5149015430185833 off 0.44532667259125197 __DUMMY__ 0.03977178439016475	false	0.0
jammerlappen	off 1.0		neg 0.5067773272260707 off 0.453368405109654 __DUMMY__ 0.03985426766427531	false	0.5
farce	neg 1.0		neg 0.5168412236194572 off 0.4432932243956992 __DUMMY__ 0.03986555198484365	false	1.0
zwecklos	neg 1.0		neg 0.5162019755151267 off 0.443863987719979 __DUMMY__ 0.03993403676489428	false	1.0
turbulent	neg 1.0		neg 0.5085925747485862 off 0.4519370686948498 __DUMMY__ 0.03947035655656401	false	1.0
invasion	neg 1.0		neg 0.5110907424235549 off 0.44904701327596 __DUMMY__ 0.039862244300485024	false	1.0
schuld	neg 1.0		neg 0.5126549501323457 off 0.4475073941485612 __DUMMY__ 0.03983765571909293	false	1.0
risiko	neg 1.0	neg 1.0	neg 0.7417673673032734 off 0.23917897357523235 __DUMMY__ 0.01905365912149428	false	1.0
finster	neg 1.0		neg 0.5131446216002349 off 0.4471180166451058 __DUMMY__ 0.0397373617546595	false	1.0
geisteskrank	off 1.0		neg 0.5080702363573425 off 0.45245752798675626 __DUMMY__ 0.03947223565590126	false	0.5
zusammenbrechen	neg 1.0		neg 0.5145181341546207 off 0.4454046012076242 __DUMMY__ 0.04007726463775513	false	1.0
ausbeute	neg 1.0		neg 0.5106350108212204 off 0.448692968751913 __DUMMY__ 0.040672020426866455	false	1.0
hinterhalt	neg 1.0		neg 0.5143899721648043 off 0.445509151829062 __DUMMY__ 0.04010087600613372	false	1.0
kritik	neg 1.0		neg 0.5172773303083319 off 0.44287078623709947 __DUMMY__ 0.039851883454568554	false	1.0
einschrumpfen	neg 1.0		neg 0.5110587832859669 off 0.4493532301015804 __DUMMY__ 0.03958798661245284	false	1.0
riskant	neg 1.0		neg 0.5187457845684375 off 0.44122776215049375 __DUMMY__ 0.04002645328106874	false	1.0
frustrieren	neg 1.0		neg 0.5170237628471758 off 0.4429136813627474 __DUMMY__ 0.04006255579007687	false	1.0
groll	neg 1.0		neg 0.5168213425846909 off 0.44323858073411304 __DUMMY__ 0.03994007668119592	false	1.0
gibt			neg 0.5138429821738292 off 0.4460251712633971 __DUMMY__ 0.040131846562773896	false	0.0
qualvoll	neg 1.0		neg 0.5103566518153235 off 0.4498634006661964 __DUMMY__ 0.039779947518480296	false	1.0
wackeln	neg 1.0		neg 0.510695858819139 off 0.44923658787180365 __DUMMY__ 0.04006755330905732	false	1.0
klagen	neg 1.0		neg 0.5204591028473324 off 0.43929765388452985 __DUMMY__ 0.0402432432681377	false	1.0
bankrott	neg 1.0		neg 0.507560742932289 off 0.4525686930906233 __DUMMY__ 0.03987056397708763	false	1.0
trauern	neg 1.0		neg 0.5171676278075439 off 0.4426961950465859 __DUMMY__ 0.040136177145870165	false	1.0
ablehnung	neg 1.0		neg 0.5171443135197608 off 0.4429547474602025 __DUMMY__ 0.039900939020036844	false	1.0
stur	neg 1.0		neg 0.5121691887682692 off 0.44797490840754156 __DUMMY__ 0.039855902824189	false	1.0
aufruhr	neg 1.0	neg 1.0	neg 0.7440486563169161 off 0.23696020612654406 __DUMMY__ 0.01899113755653987	false	1.0
melancholie	neg 1.0		neg 0.5165912280584903 off 0.44336086999232177 __DUMMY__ 0.04004790194918772	false	1.0
ist			neg 0.510375129676341 off 0.44969050121551435 __DUMMY__ 0.03993436910814462	false	0.0
torheit	neg 1.0		neg 0.5126348539436207 off 0.4474068789373645 __DUMMY__ 0.03995826711901465	false	1.0
dreckskind	off 1.0		neg 0.50474865336193 off 0.4561773942804346 __DUMMY__ 0.039073952357635465	false	0.5
umtauschen	neg 1.0		neg 0.5128944531015768 off 0.44710396300783817 __DUMMY__ 0.040001583890585016	false	1.0
zum			neg 0.5184502739272306 off 0.4408023026436908 __DUMMY__ 0.040747423429078555	false	0.0
zersetzen	neg 1.0		neg 0.519955603103244 off 0.44002139275604096 __DUMMY__ 0.04002300414071511	false	1.0
zur			neg 0.5216386425771309 off 0.4378164597180649 __DUMMY__ 0.04054489770480417	false	0.0
frust	neg 1.0		neg 0.5142213709436624 off 0.44566809901897664 __DUMMY__ 0.04011053003736113	false	1.0
unerbittlichkeit	neg 1.0		neg 0.519456517428935 off 0.4404647662654952 __DUMMY__ 0.040078716305569806	false	1.0
zwei			neg 0.5183538972105541 off 0.44104108409551024 __DUMMY__ 0.040605018693935506	false	0.0
unkorrekt	neg 1.0		neg 0.5040301240472053 off 0.45632038724267554 __DUMMY__ 0.039649488710119245	false	1.0
hexe	off 1.0		neg 0.5121747767849322 off 0.44852764400457307 __DUMMY__ 0.03929757921049466	false	0.5
lasch	neg 1.0		neg 0.5101804128495783 off 0.45015232567986574 __DUMMY__ 0.039667261470555916	false	1.0
rivale	neg 1.0		neg 0.5064193059258336 off 0.45402429693892266 __DUMMY__ 0.03955639713524383	false	1.0
mutlos	off 1.0	off 1.0	off 0.7047489402162019 neg 0.27625867201130366 __DUMMY__ 0.01899238777249443	false	1.0
wirr	off 1.0		neg 0.5057971240853123 off 0.4548299191031868 __DUMMY__ 0.039372956811501034	false	0.5
jahr			neg 0.5129691852286322 off 0.44626706395597143 __DUMMY__ 0.040763750815396384	false	0.0
wird			neg 0.5156086543385958 off 0.4442737076417008 __DUMMY__ 0.04011763801970334	false	0.0
strafbar	neg 1.0		neg 0.5169560461781358 off 0.44291533863307114 __DUMMY__ 0.040128615188793	false	1.0
erosion	neg 1.0		neg 0.5115327229345545 off 0.44836609774659786 __DUMMY__ 0.040101179318847664	false	1.0
eingehen	neg 1.0		neg 0.5174957225725249 off 0.4424547797955193 __DUMMY__ 0.04004949763195599	false	1.0
faul	off 1.0		neg 0.5078791754461017 off 0.4522855905303945 __DUMMY__ 0.039835234023503835	false	0.5
provisorium	neg 1.0		neg 0.5207649442554513 off 0.43834103595026835 __DUMMY__ 0.04089401979428043	false	1.0
schmerzen	neg 1.0		neg 0.5151127174564339 off 0.44500366895495996 __DUMMY__ 0.03988361358860605	false	1.0
schrumpfen	neg 1.0		neg 0.5238577379444239 off 0.4358628391204068 __DUMMY__ 0.04027942293516919	false	1.0
geistlos	off 1.0		neg 0.5131419200081472 off 0.44729791651449863 __DUMMY__ 0.039560163477354124	false	0.5
fehlkauf	neg 1.0		neg 0.5117037753648542 off 0.4484577597519884 __DUMMY__ 0.03983846488315727	false	1.0
frustrierend	neg 1.0		neg 0.5083478057708573 off 0.45181070914755617 __DUMMY__ 0.03984148508158664	false	1.0
unzufrieden	neg 1.0		neg 0.5160120137722521 off 0.44399475617633694 __DUMMY__ 0.039993230051410734	false	1.0
verzweifeln	neg 1.0		neg 0.5138268067766086 off 0.44615419624267993 __DUMMY__ 0.04001899698071145	false	1.0
verzweifelt	neg 1.0	neg 1.0	neg 0.7432716620543982 off 0.23785605846362845 __DUMMY__ 0.018872279481973432	false	1.0
misstrauensantrag	neg 1.0		neg 0.5112366939696417 off 0.44893965905587196 __DUMMY__ 0.0398236469744863	false	1.0
abfallen	neg 1.0		neg 0.5105590594891416 off 0.4493779858116986 __DUMMY__ 0.040062954699159874	false	1.0
fucker	off 1.0		neg 0.5050159269029443 off 0.45535153486558777 __DUMMY__ 0.03963253823146786	false	0.5
ungezogen	neg 1.0		neg 0.49876788235579333 off 0.4620858422408154 __DUMMY__ 0.03914627540339139	false	1.0
irrsinnig	neg 1.0	neg 1.0	neg 0.7429502351047119 off 0.2381438756869405 __DUMMY__ 0.01890588920834765	false	1.0
unfassbar	neg 1.0		neg 0.5056979606193986 off 0.4545120843003042 __DUMMY__ 0.0397899550802971	false	1.0
hart	neg 1.0		neg 0.5094666179883409 off 0.4510263646799633 __DUMMY__ 0.03950701733169582	false	1.0
widerlich	off 1.0		neg 0.5069391939552136 off 0.45348189125300065 __DUMMY__ 0.03957891479178591	false	0.5
fatal	neg 1.0		neg 0.5109629675862082 off 0.44920013913571666 __DUMMY__ 0.039836893278075235	false	1.0
bruch	neg 1.0		neg 0.5198366712685022 off 0.4399070160839494 __DUMMY__ 0.04025631264754841	false	1.0
aushungern	neg 1.0		neg 0.5153841422821249 off 0.444584883397197 __DUMMY__ 0.04003097432067807	false	1.0
anspannung	neg 1.0		neg 0.5210947277456305 off 0.43840073286764747 __DUMMY__ 0.040504539386722195	false	1.0
von			neg 0.5119163032729712 off 0.44721671072181557 __DUMMY__ 0.04086698600521341	false	0.0
kraftlos	neg 1.0		neg 0.5149247773080807 off 0.44496400386855894 __DUMMY__ 0.040111218823360315	false	1.0
vom			neg 0.519944707274791 off 0.43914459617432616 __DUMMY__ 0.0409106965508827	false	0.0
grenzdebil	off 1.0		neg 0.5054292598911106 off 0.4548034501793462 __DUMMY__ 0.03976728992954319	false	0.5
vor			neg 0.5176255174570695 off 0.4419964993841686 __DUMMY__ 0.04037798315876192	false	0.0
unterwerfen	neg 1.0		neg 0.5173778528526541 off 0.44257059729351267 __DUMMY__ 0.04005154985383315	false	1.0
versenkung	neg 1.0		neg 0.5151044218644316 off 0.4446371915653872 __DUMMY__ 0.04025838657018111	false	1.0
entziehen	neg 1.0		neg 0.519906102836705 off 0.439867932932181 __DUMMY__ 0.04022596423111392	false	1.0
finanzkrise	neg 1.0		neg 0.5173809254515466 off 0.4429018465519662 __DUMMY__ 0.039717227996487206	false	1.0
schimpfend	neg 1.0		neg 0.5113430435182652 off 0.4488291955414005 __DUMMY__ 0.039827760940334384	false	1.0
profan	neg 1.0		neg 0.5104999894452933 off 0.4496977711595357 __DUMMY__ 0.03980223939517094	false	1.0
korruption	neg 1.0		neg 0.5176489202157895 off 0.4423882434361236 __DUMMY__ 0.039962836348087	false	1.0
â			neg 0.5151027653904283 off 0.44472494062823537 __DUMMY__ 0.04017229398133636	false	0.0
schmutzig	neg 1.0		neg 0.5048327578775175 off 0.45540063883843773 __DUMMY__ 0.03976660328404494	false	1.0
sexy	neg 1.0		neg 0.5086428304880325 off 0.4514887815477365 __DUMMY__ 0.03986838796423109	false	1.0
abraten	neg 1.0		neg 0.5095373360178697 off 0.45047714567736974 __DUMMY__ 0.03998551830476063	false	1.0
schwarz	neg 1.0		neg 0.5117464222474665 off 0.4483954779820573 __DUMMY__ 0.03985809977047612	false	1.0
fotze	off 1.0	off 1.0	off 0.7066177933766639 neg 0.2743396744746789 __DUMMY__ 0.019042532148657348	false	1.0
verwirren	neg 1.0		neg 0.5093370455177468 off 0.45080741550156433 __DUMMY__ 0.039855538980688845	false	1.0
zahnlos	off 1.0		neg 0.5151826327009584 off 0.44485031886027615 __DUMMY__ 0.03996704843876532	false	0.5
verheeren	neg 1.0		neg 0.4977367061545943 off 0.463166706058602 __DUMMY__ 0.039096587786803735	false	1.0
hippie	neg 1.0		neg 0.5094193820094044 off 0.4507334256742731 __DUMMY__ 0.03984719231632239	false	1.0
rammen	neg 1.0		neg 0.5156627396671577 off 0.4448383582834734 __DUMMY__ 0.03949890204936898	false	1.0
unlauter	neg 1.0		neg 0.5134818417641629 off 0.44674740805939434 __DUMMY__ 0.039770750176442875	false	1.0
unheilvoll	neg 1.0		neg 0.5121850324486458 off 0.4480385230714551 __DUMMY__ 0.03977644447989928	false	1.0
niedrig	neg 1.0		neg 0.5197570471315486 off 0.44027999233640147 __DUMMY__ 0.039962960532050076	false	1.0
explosion	neg 1.0		neg 0.5093723832645258 off 0.4507209963588237 __DUMMY__ 0.039906620376650395	false	1.0
weichei	off 1.0	off 1.0	off 0.7136441257725818 neg 0.2677234102601169 __DUMMY__ 0.01863246396730131	false	1.0
minusmensch	off 1.0		neg 0.5047275552579579 off 0.45648379971019537 __DUMMY__ 0.03878864503184687	false	0.5
farblos	neg 1.0		neg 0.5150121558924191 off 0.4451605904140444 __DUMMY__ 0.039827253693536534	false	1.0
unwissend	neg 1.0	neg 1.0	neg 0.7403473775325298 off 0.2408002664904123 __DUMMY__ 0.018852355977057818	false	1.0
traurig	neg 1.0		neg 0.5032448819818995 off 0.45707357431607887 __DUMMY__ 0.03968154370202164	false	1.0
senkung	neg 1.0		neg 0.5118082715092036 off 0.4485088375155545 __DUMMY__ 0.039682890975242	false	1.0
ungleich	neg 1.0	neg 1.0	neg 0.7457579180887682 off 0.2351653925851261 __DUMMY__ 0.01907668932610569	false	1.0
heikel	neg 1.0		neg 0.5180107282617915 off 0.4418971479853042 __DUMMY__ 0.04009212375290433	false	1.0
drosselung	neg 1.0		neg 0.5075804406785668 off 0.4528319612216665 __DUMMY__ 0.039587598099766586	false	1.0
falsch	neg 1.0		neg 0.50823656142807 off 0.4519478947242024 __DUMMY__ 0.03981554384772759	false	1.0
unzufriedenheit	neg 1.0		neg 0.5196111097045566 off 0.44023187818055726 __DUMMY__ 0.04015701211488613	false	1.0
kurz	neg 1.0		neg 0.5116414584389687 off 0.44806547148602094 __DUMMY__ 0.04029307007501034	false	1.0
unsinnig	neg 1.0		neg 0.5148193922479517 off 0.4452182857228268 __DUMMY__ 0.03996232202922149	false	1.0
penner	off 1.0	off 1.0	off 0.7146034912396634 neg 0.2667823667119651 __DUMMY__ 0.018614142048371477	false	1.0
seicht	neg 1.0		neg 0.49939539203534794 off 0.46144847852390597 __DUMMY__ 0.03915612944074614	false	1.0
dummheit	off 1.0	off 1.0	off 0.7086584649937223 neg 0.27254229236478783 __DUMMY__ 0.018799242641489886	false	1.0
unerfreulich	neg 1.0		neg 0.5174871549846493 off 0.4422598813068294 __DUMMY__ 0.040252963708521355	false	1.0
motherfucker	off 1.0	off 1.0	off 0.7116875600653203 neg 0.2695289347236238 __DUMMY__ 0.01878350521105585	false	1.0
pikiert	neg 1.0		neg 0.5083805120043199 off 0.4520624523548409 __DUMMY__ 0.0395570356408393	false	1.0
wrack	neg 1.0		neg 0.5168436648557202 off 0.44323340754891 __DUMMY__ 0.03992292759536982	false	1.0
gangster	neg 1.0		neg 0.5093934676318272 off 0.4507666602143322 __DUMMY__ 0.03983987215384055	false	1.0
krank	neg 1.0		neg 0.5046769685428458 off 0.4554927361729546 __DUMMY__ 0.03983029528419935	false	1.0
reich	neg 1.0		neg 0.507832947490558 off 0.45244335218672854 __DUMMY__ 0.03972370032271359	false	1.0
gnadenlos	neg 1.0		neg 0.5124957215198014 off 0.44765752101838796 __DUMMY__ 0.03984675746181048	false	1.0
niedergeschlagen	neg 1.0		neg 0.5143459149482367 off 0.4456219865512308 __DUMMY__ 0.040032098500532534	false	1.0
terrorisieren	off 1.0	off 1.0	off 0.7056880350336648 neg 0.2752385243149617 __DUMMY__ 0.0190734406513735	false	1.0
sinnlosigkeit	neg 1.0		neg 0.515573147337983 off 0.44443002580333646 __DUMMY__ 0.03999682685868061	false	1.0
behindern	neg 1.0		neg 0.5139300395168278 off 0.44609070158404607 __DUMMY__ 0.03997925889912613	false	1.0
undemokratisch	neg 1.0		neg 0.5125477647530218 off 0.44756789228190963 __DUMMY__ 0.039884342965068625	false	1.0
wirtschaftskrise	neg 1.0		neg 0.5190448735454223 off 0.44109610612603617 __DUMMY__ 0.039859020328541536	false	1.0
neid	neg 1.0		neg 0.506645823330471 off 0.4533689280076494 __DUMMY__ 0.03998524866187955	false	1.0
rutschen	neg 1.0		neg 0.518276215859761 off 0.4410943822101309 __DUMMY__ 0.04062940193010804	false	1.0
rezession	neg 1.0		neg 0.5085905722868602 off 0.4522746952608051 __DUMMY__ 0.039134732452334675	false	1.0
fehlgeburt	neg 1.0		neg 0.5113240440724895 off 0.4488043634780622 __DUMMY__ 0.03987159244944813	false	1.0
charakterschwach	off 1.0		neg 0.5072257349595486 off 0.4531921109251582 __DUMMY__ 0.03958215411529323	false	0.5
isolation	neg 1.0		neg 0.5086761817167404 off 0.45147373864332674 __DUMMY__ 0.03985007963993283	false	1.0
ablenkung	neg 1.0		neg 0.511127269521967 off 0.4487534192638746 __DUMMY__ 0.040119311214158494	false	1.0
pech	neg 1.0		neg 0.5082107189851444 off 0.4519330293180247 __DUMMY__ 0.03985625169683093	false	1.0
vermeidung	neg 1.0		neg 0.5069623669454656 off 0.45340858958594393 __DUMMY__ 0.0396290434685904	false	1.0
dominieren	neg 1.0		neg 0.517414363756308 off 0.44250529887754225 __DUMMY__ 0.0400803373661498	false	1.0
schwindlig	neg 1.0		neg 0.5097028318548248 off 0.45035546731261256 __DUMMY__ 0.03994170083256251	false	1.0
lutscher	neg 1.0	neg 1.0	neg 0.7358142053407606 off 0.24565425091105786 __DUMMY__ 0.018531543748181556	false	1.0
pflicht	neg 1.0		neg 0.5192128750484796 off 0.4406417180927021 __DUMMY__ 0.040145406858818386	false	1.0
faschist	off 1.0		neg 0.5096835401487652 off 0.45050422388416794 __DUMMY__ 0.03981223596706689	false	0.5
verschleudern	neg 1.0		neg 0.5179411227416658 off 0.441941821072054 __DUMMY__ 0.0401170561862803	false	1.0
wenn			neg 0.5082144135128728 off 0.45198164143149616 __DUMMY__ 0.039803945055631125	false	0.0
ehebruch	neg 1.0		neg 0.5172797168747985 off 0.44271615094302574 __DUMMY__ 0.040004132182175814	false	1.0
spott	off 1.0		neg 0.5175397124766762 off 0.44241962456196243 __DUMMY__ 0.04004066296136138	false	0.5
trostlosigkeit	neg 1.0		neg 0.5202056703347798 off 0.43965182820462945 __DUMMY__ 0.04014250146059073	false	1.0
lutschen	neg 1.0		neg 0.5115419776743593 off 0.4488798723986453 __DUMMY__ 0.03957814992699536	false	1.0
undiszipliniert	neg 1.0		neg 0.5046304577265015 off 0.45575132461806117 __DUMMY__ 0.03961821765543737	false	1.0
kopfschmerz	neg 1.0		neg 0.5174531798810216 off 0.4427363318579395 __DUMMY__ 0.03981048826103895	false	1.0
unvorhergesehen	neg 1.0		neg 0.5152624482454691 off 0.4443446955341635 __DUMMY__ 0.04039285622036736	false	1.0
desinteressiert	neg 1.0	neg 1.0	neg 0.7392230709636793 off 0.24198916421069133 __DUMMY__ 0.018787764825629355	false	1.0
armselig	off 1.0		neg 0.5052502020179153 off 0.4552797282593473 __DUMMY__ 0.0394700697227375	false	0.5
desaster	neg 1.0		neg 0.5205254099211762 off 0.43920260120756816 __DUMMY__ 0.04027198887125561	false	1.0
tod	neg 1.0		neg 0.5171165302746068 off 0.44288461605591806 __DUMMY__ 0.03999885366947506	false	1.0
herzlos	neg 1.0		neg 0.5044448417550488 off 0.45600041943259845 __DUMMY__ 0.039554738812352816	false	1.0
unwissenheit	neg 1.0		neg 0.5165138543860122 off 0.4435308342604377 __DUMMY__ 0.03995531135355003	false	1.0
widersinnig	neg 1.0		neg 0.5173931615372227 off 0.4427513247124985 __DUMMY__ 0.03985551375027874	false	1.0
bedenklich	neg 1.0		neg 0.5169865783258679 off 0.4429837154038027 __DUMMY__ 0.04002970627032946	false	1.0
beanstanden	neg 1.0		neg 0.5188110094767872 off 0.4409598614150481 __DUMMY__ 0.04022912910816463	false	1.0
panisch	neg 1.0	neg 1.0	neg 0.7405563300792701 off 0.24039576826605377 __DUMMY__ 0.01904790165467605	false	1.0
debil	off 1.0		neg 0.5236508790030932 off 0.43582875776863955 __DUMMY__ 0.04052036322826732	false	0.5
abstrich	neg 1.0		neg 0.5117538333080051 off 0.4480344868344612 __DUMMY__ 0.0402116798575337	false	1.0
primitiv	neg 1.0		neg 0.5065590123951552 off 0.45385454906330863 __DUMMY__ 0.0395864385415361	false	1.0
abschaum	off 1.0	off 1.0	off 0.7104427838377916 neg 0.2707595728794084 __DUMMY__ 0.018797643282800133	false	1.0
provozieren	neg 1.0		neg 0.5134028233564849 off 0.4468176724477247 __DUMMY__ 0.03977950419579057	false	1.0
tot	neg 1.0		neg 0.5164428642548633 off 0.44357190854328343 __DUMMY__ 0.03998522720185315	false	1.0
instabil	neg 1.0		neg 0.5059330727279135 off 0.45457939121512975 __DUMMY__ 0.039487536056956686	false	1.0
schwuchtel	off 1.0	off 1.0	off 0.7168428734836773 neg 0.2647794967345215 __DUMMY__ 0.018377629781801314	false	1.0
zerren	neg 1.0		neg 0.5150664403745598 off 0.444892319253439 __DUMMY__ 0.04004124037200111	false	1.0
kinderficker	off 1.0		neg 0.5018799048143695 off 0.45868137475570747 __DUMMY__ 0.039438720429923114	false	0.5
gefahr	neg 1.0		neg 0.5189912729402325 off 0.4407637027064862 __DUMMY__ 0.04024502435328125	false	1.0
rabiat	neg 1.0		neg 0.5126902185849105 off 0.44734084809582253 __DUMMY__ 0.03996893331926689	false	1.0
verlangsamung	neg 1.0		neg 0.5038331432341836 off 0.4571315831938704 __DUMMY__ 0.03903527357194577	false	1.0
ausgestorben	neg 1.0		neg 0.5124469719665152 off 0.4475149486522904 __DUMMY__ 0.040038079381194296	false	1.0
anklagen	neg 1.0		neg 0.5174305786752043 off 0.4426131477918612 __DUMMY__ 0.039956273532934634	false	1.0
trott	neg 1.0		neg 0.5134540358432625 off 0.4465665603841936 __DUMMY__ 0.03997940377254395	false	1.0
verminderung	neg 1.0		neg 0.506045802483342 off 0.4542996354514822 __DUMMY__ 0.03965456206517572	false	1.0
nach			neg 0.5193612633750166 off 0.43994487855702774 __DUMMY__ 0.040693858067955724	false	0.0
rost	neg 1.0		neg 0.5026731480531508 off 0.4580214013870395 __DUMMY__ 0.03930545055980971	false	1.0
destruktiv	neg 1.0		neg 0.5138961806606955 off 0.4462061657557632 __DUMMY__ 0.039897653583541214	false	1.0
unzumutbarkeit	neg 1.0		neg 0.5076727127626252 off 0.4526315541865215 __DUMMY__ 0.03969573305085342	false	1.0
labil	off 1.0	off 1.0	off 0.7101040484700794 neg 0.2710661539866543 __DUMMY__ 0.018829797543266323	false	1.0
ziemlich	neg 1.0		neg 0.5052838071400737 off 0.45486791148171946 __DUMMY__ 0.039848281378206646	false	1.0
lachnummer	off 1.0		neg 0.5132594969447778 off 0.44686762109895717 __DUMMY__ 0.03987288195626508	false	0.5
oder			neg 0.5103458770713226 off 0.4495707459457478 __DUMMY__ 0.04008337698292975	false	0.0
verfall	neg 1.0		neg 0.5232439788272374 off 0.43642604230842186 __DUMMY__ 0.04032997886434072	false	1.0
ausgrenzung	neg 1.0		neg 0.5121154873739984 off 0.44804052967609875 __DUMMY__ 0.03984398294990297	false	1.0
unordnung	neg 1.0		neg 0.5039731954339004 off 0.4563155689762011 __DUMMY__ 0.03971123558989855	false	1.0
fehlverhalten	neg 1.0		neg 0.5197116352949855 off 0.4402737439304205 __DUMMY__ 0.04001462077459408	false	1.0
eine			neg 0.5168417545169282 off 0.44279608876710663 __DUMMY__ 0.04036215671596522	false	0.0
nille	neg 1.0		neg 0.5131920381519894 off 0.44678423104620835 __DUMMY__ 0.04002373080180221	false	1.0
qual	neg 1.0		neg 0.513740881284763 off 0.4462516910798311 __DUMMY__ 0.04000742763540576	false	1.0
verschwenden	neg 1.0		neg 0.5180081081147869 off 0.44197802527511354 __DUMMY__ 0.040013866610099466	false	1.0
riesig	neg 1.0		neg 0.5166125725454344 off 0.44329123024649214 __DUMMY__ 0.04009619720807344	false	1.0
verurteilen	neg 1.0		neg 0.5174022916272298 off 0.44271232758190976 __DUMMY__ 0.03988538079086036	false	1.0
klischee	neg 1.0	neg 1.0	neg 0.7414880113939701 off 0.23966487030130645 __DUMMY__ 0.018847118304723392	false	1.0
diktatorisch	neg 1.0		neg 0.5132501290955176 off 0.4469535976235945 __DUMMY__ 0.03979627328088794	false	1.0
vorhersehbar	neg 1.0		neg 0.5106872067228329 off 0.449599964163984 __DUMMY__ 0.03971282911318317	false	1.0
sowie			neg 0.5043573505240155 off 0.456355446756511 __DUMMY__ 0.039287202719473426	false	0.0
stornieren	neg 1.0		neg 0.506452329172612 off 0.45323369429413873 __DUMMY__ 0.040313976533249356	false	1.0
besteuerung	neg 1.0		neg 0.5158252785551144 off 0.4445762731524712 __DUMMY__ 0.03959844829241435	false	1.0
ungeschminkt	neg 1.0		neg 0.5101372665263414 off 0.45057578417399075 __DUMMY__ 0.03928694929966792	false	1.0
kritisch	neg 1.0		neg 0.5168337469564139 off 0.44308217556480306 __DUMMY__ 0.04008407747878315	false	1.0
schlamperei	off 1.0		neg 0.517927748814191 off 0.441899123095474 __DUMMY__ 0.04017312809033514	false	0.5
sucht	neg 1.0	neg 1.0	neg 0.7411416955251166 off 0.23971633603526935 __DUMMY__ 0.019141968439614108	false	1.0
egoistisch	off 1.0		neg 0.5025263636320275 off 0.45813633782936986 __DUMMY__ 0.03933729853860276	false	0.5
ausbeuter	off 1.0		neg 0.5202057108412174 off 0.43982942507732325 __DUMMY__ 0.03996486408145927	false	0.5
arschgeburt	off 1.0		neg 0.4988239207574736 off 0.46250561708984955 __DUMMY__ 0.03867046215267685	false	0.5
schubs	neg 1.0		neg 0.5144732608516811 off 0.4454592470965995 __DUMMY__ 0.04006749205171939	false	1.0
unsolide	neg 1.0		neg 0.5130237836378769 off 0.44726118900378786 __DUMMY__ 0.0397150273583352	false	1.0
beschwerde	neg 1.0		neg 0.518580117658086 off 0.4414204211633118 __DUMMY__ 0.03999946117860223	false	1.0
stocken	neg 1.0		neg 0.5184526915519216 off 0.4414682357521849 __DUMMY__ 0.04007907269589337	false	1.0
isolieren	neg 1.0		neg 0.5160823837576769 off 0.44383365795951424 __DUMMY__ 0.040083958282808745	false	1.0
unheilbar	neg 1.0		neg 0.512315149528268 off 0.44770370814886484 __DUMMY__ 0.03998114232286715	false	1.0
pisser	off 1.0		neg 0.5076448449668273 off 0.4530327494029931 __DUMMY__ 0.03932240563017961	false	0.5
löschen	neg 1.0		neg 0.513377614977079 off 0.44667501027550993 __DUMMY__ 0.03994737474741095	false	1.0
durchfallen	neg 1.0		neg 0.5168321262591943 off 0.4431844147825275 __DUMMY__ 0.03998345895827814	false	1.0
wichser	off 1.0	off 1.0	off 0.7161450698235042 neg 0.26532994082450256 __DUMMY__ 0.018524989351993208	false	1.0
terror	neg 1.0		neg 0.5093800556310445 off 0.4507418330751611 __DUMMY__ 0.03987811129379449	false	1.0
krass	neg 1.0		neg 0.5046824261153208 off 0.45588620371709765 __DUMMY__ 0.03943137016758162	false	1.0
revolte	neg 1.0		neg 0.5123854604838656 off 0.44785533219487605 __DUMMY__ 0.03975920732125831	false	1.0
besorgt	neg 1.0		neg 0.5121523468421324 off 0.4475519340580051 __DUMMY__ 0.04029571909986242	false	1.0
nachlassen	neg 1.0		neg 0.5162516579963399 off 0.44347261724273884 __DUMMY__ 0.04027572476092118	false	1.0
alt	neg 1.0		neg 0.5167120894000874 off 0.44334852330808433 __DUMMY__ 0.039939387291828325	false	1.0
hundesohn	off 1.0		neg 0.5003532580740281 off 0.4606257790889379 __DUMMY__ 0.039020962837033955	false	0.5
als			neg 0.5140346212960534 off 0.44582471016551395 __DUMMY__ 0.040140668538432574	false	0.0
abschreckung	neg 1.0		neg 0.5198480841959253 off 0.4399845216968797 __DUMMY__ 0.04016739410719502	false	1.0
unqualifiziert	neg 1.0		neg 0.5096751719879689 off 0.4506334196857823 __DUMMY__ 0.03969140832624885	false	1.0
abgewichst	off 1.0		neg 0.5133780596969008 off 0.4465318256652501 __DUMMY__ 0.04009011463784933	false	0.5
schwer	neg 1.0		neg 0.5135948682816719 off 0.4464367893167775 __DUMMY__ 0.03996834240155049	false	1.0
bedeutungslosigkeit	neg 1.0		neg 0.5187300832290545 off 0.4411413519501498 __DUMMY__ 0.0401285648207957	false	1.0
kapitulation	neg 1.0		neg 0.5174925832111882 off 0.44243185779881417 __DUMMY__ 0.04007555898999778	false	1.0
unscharf	neg 1.0		neg 0.5122022947791831 off 0.4481446367550081 __DUMMY__ 0.03965306846580884	false	1.0
schwinden	neg 1.0		neg 0.5195025396527643 off 0.44039704401200297 __DUMMY__ 0.04010041633523267	false	1.0
versklavung	neg 1.0		neg 0.5134057130333514 off 0.44675317403695103 __DUMMY__ 0.03984111292969779	false	1.0
schlecht	neg 1.0		neg 0.505022734663733 off 0.45512303605406074 __DUMMY__ 0.03985422928220619	false	1.0
verhasst	neg 1.0		neg 0.5136862570571072 off 0.44663898219989007 __DUMMY__ 0.039674760743002704	false	1.0
beschweren	neg 1.0		neg 0.5101539170333458 off 0.4499090831554099 __DUMMY__ 0.03993699981124425	false	1.0
scheiden	neg 1.0		neg 0.511423460409959 off 0.44846367883085814 __DUMMY__ 0.040112860759182745	false	1.0
frustriert	neg 1.0		neg 0.5148747593896358 off 0.445155861914383 __DUMMY__ 0.03996937869598127	false	1.0
schimmelig	neg 1.0		neg 0.5189743112859811 off 0.4412726981950122 __DUMMY__ 0.03975299051900664	false	1.0
fisch	neg 1.0		neg 0.5209972262581539 off 0.4390480440974168 __DUMMY__ 0.039954729644429234	false	1.0
schmuggel	neg 1.0		neg 0.5197985997643874 off 0.4402217871657245 __DUMMY__ 0.03997961306988811	false	1.0
auffallen	neg 1.0		neg 0.5095175508509814 off 0.4505965201672627 __DUMMY__ 0.03988592898175605	false	1.0
konkurrenz	neg 1.0		neg 0.5188849213453929 off 0.44081417102574183 __DUMMY__ 0.04030090762886533	false	1.0
teufelskreis	neg 1.0	neg 1.0	neg 0.744249121239851 off 0.23684629438283303 __DUMMY__ 0.018904584377316097	false	1.0
aufschreien	neg 1.0		neg 0.510599452259655 off 0.4496305665770897 __DUMMY__ 0.03976998116325541	false	1.0
schuldner	neg 1.0		neg 0.5211416203617281 off 0.4388858281067773 __DUMMY__ 0.039972551531494684	false	1.0
missgeburt	off 1.0	off 1.0	off 0.7126181893220042 neg 0.268893638763979 __DUMMY__ 0.018488171914016773	false	1.0
arbeitslos	neg 1.0		neg 0.5166131254501033 off 0.4434236874993232 __DUMMY__ 0.0399631870505736	false	1.0
befallen	neg 1.0		neg 0.517835308810848 off 0.442428589811474 __DUMMY__ 0.039736101377678044	false	1.0
miesepetrig	off 1.0	off 1.0	off 0.7115047834005221 neg 0.26960781601259914 __DUMMY__ 0.018887400586878725	false	1.0
alarmieren	neg 1.0		neg 0.511494452566616 off 0.44900061162339816 __DUMMY__ 0.039504935809985785	false	1.0
ungeduscht	off 1.0		neg 0.510711569041064 off 0.44974473653280417 __DUMMY__ 0.03954369442613177	false	0.5
knappheit	neg 1.0		neg 0.5182209786286612 off 0.44189749900549413 __DUMMY__ 0.03988152236584455	false	1.0
schlange	neg 1.0		neg 0.5089544406166138 off 0.45091738462828707 __DUMMY__ 0.040128174755099125	false	1.0
harsch	neg 1.0		neg 0.5021441508144429 off 0.4582826379166591 __DUMMY__ 0.039573211268897866	false	1.0
lang	neg 1.0		neg 0.512037314835495 off 0.44800858804373067 __DUMMY__ 0.03995409712077434	false	1.0
ziellos	neg 1.0		neg 0.5149922108115018 off 0.4447828981780854 __DUMMY__ 0.04022489101041286	false	1.0
selbstverliebt	neg 1.0		neg 0.4987798267041654 off 0.4622536287407874 __DUMMY__ 0.038966544555047104	false	1.0
beseitigen	neg 1.0		neg 0.514443614117375 off 0.4455187759092883 __DUMMY__ 0.040037609973336614	false	1.0
dumm	off 1.0		neg 0.5010299176976791 off 0.45958736139248135 __DUMMY__ 0.03938272090983961	false	0.5
arbeitsloser	neg 1.0		neg 0.5144729108435911 off 0.4453462689524255 __DUMMY__ 0.0401808202039833	false	1.0
blitzen	neg 1.0		neg 0.5092967150670903 off 0.45083403773880887 __DUMMY__ 0.03986924719410084	false	1.0
hilflos	neg 1.0		neg 0.5159506768092376 off 0.4441184034602159 __DUMMY__ 0.03993091973054645	false	1.0
eklig	off 1.0		neg 0.5028615049745206 off 0.4580180362995368 __DUMMY__ 0.0391204587259425	false	0.5
begriff			neg 0.5134153162122397 off 0.446574687893272 __DUMMY__ 0.04000999589448832	false	0.0
hungersnot	neg 1.0		neg 0.5172620974983221 off 0.4428099019160972 __DUMMY__ 0.03992800058558074	false	1.0
ungesetzlich	neg 1.0		neg 0.5141345189948362 off 0.446118031501657 __DUMMY__ 0.03974744950350679	false	1.0
verschwendung	neg 1.0		neg 0.5179411270084737 off 0.4419619499967843 __DUMMY__ 0.040096922994741976	false	1.0
schmerzvoll	neg 1.0		neg 0.511355617291887 off 0.44877717758742397 __DUMMY__ 0.03986720512068913	false	1.0
vorzeitig	neg 1.0		neg 0.5114079608837682 off 0.4488680708267639 __DUMMY__ 0.03972396828946816	false	1.0
unvollkommenheit	neg 1.0		neg 0.5139353504939657 off 0.4457858872381038 __DUMMY__ 0.0402787622679304	false	1.0
intervenieren	neg 1.0		neg 0.5188750307497586 off 0.44108860503856795 __DUMMY__ 0.04003636421167351	false	1.0
banause	off 1.0		neg 0.5018012633718486 off 0.45933080139671434 __DUMMY__ 0.038867935231437126	false	0.5
rebell	neg 1.0		neg 0.5226552041211532 off 0.437194751294113 __DUMMY__ 0.04015004458473389	false	1.0
unlogisch	neg 1.0		neg 0.505100408286992 off 0.45538933062526255 __DUMMY__ 0.03951026108774558	false	1.0
leiden	neg 1.0		neg 0.5165377930772418 off 0.44310563830213956 __DUMMY__ 0.040356568620618524	false	1.0
abschaffung	neg 1.0		neg 0.5130167586695543 off 0.4470617665883612 __DUMMY__ 0.039921474742084455	false	1.0
sturz	neg 1.0		neg 0.5141609620072934 off 0.44597179715430385 __DUMMY__ 0.039867240838402485	false	1.0
verkleinerung	neg 1.0		neg 0.512083786259792 off 0.4482876018832264 __DUMMY__ 0.03962861185698162	false	1.0
schmarotzer	off 1.0		neg 0.5159500992973429 off 0.4441356055716505 __DUMMY__ 0.03991429513100661	false	0.5
bestrafung	neg 1.0		neg 0.5126429988974347 off 0.44750366054433444 __DUMMY__ 0.03985334055823096	false	1.0
achtlos	neg 1.0	neg 1.0	neg 0.7432447737228259 off 0.23773254620003273 __DUMMY__ 0.01902268007714131	false	1.0
ungeheuer	neg 1.0		neg 0.510645627547303 off 0.449515012774378 __DUMMY__ 0.03983935967831905	false	1.0
unaufrichtig	neg 1.0		neg 0.5073822252175179 off 0.45255000876520074 __DUMMY__ 0.04006776601728139	false	1.0
groggy	neg 1.0		neg 0.5101305295013021 off 0.45005238633113986 __DUMMY__ 0.03981708416755787	false	1.0
verletzlich	neg 1.0		neg 0.5087434342745738 off 0.45180445839604616 __DUMMY__ 0.03945210732938008	false	1.0
