unsolidarisch	neg 1.0		__DUMMY__ 0.868325481994404 neg 0.0711520872621155 off 0.06052243074348054	false	1.0
nachteilig	neg 1.0		__DUMMY__ 0.8739656723131266 neg 0.06981208404142335 off 0.05622224364545003	false	1.0
skeptisch	neg 1.0		__DUMMY__ 0.873818706566194 neg 0.07037020380846927 off 0.05581108962533674	false	1.0
schrecklich	neg 1.0		__DUMMY__ 0.8660990676167799 off 0.06934652833410931 neg 0.06455440404911074	false	0.5
schlapp	neg 1.0		__DUMMY__ 0.868892707077097 neg 0.06585625987823632 off 0.0652510330446667	false	1.0
abfall	neg 1.0		__DUMMY__ 0.8772785966349755 neg 0.07040490165940955 off 0.052316501705614936	false	1.0
widerspenstig	neg 1.0		__DUMMY__ 0.871225447408296 neg 0.06845515096869106 off 0.06031940162301292	false	1.0
abrupt	neg 1.0		__DUMMY__ 0.8744204237727221 neg 0.06955244485961232 off 0.05602713136766561	false	1.0
unwirksam	neg 1.0		__DUMMY__ 0.8677146871758035 neg 0.07214191872730324 off 0.060143394096893385	false	1.0
angreifen	neg 1.0		__DUMMY__ 0.8717965052022288 neg 0.07240925666134945 off 0.055794238136421606	false	1.0
inkonsistent	neg 1.0		__DUMMY__ 0.8671062145734963 neg 0.07200541941406374 off 0.06088836601243984	false	1.0
abrutschen	neg 1.0		__DUMMY__ 0.8754505128290604 neg 0.0717058393062225 off 0.052843647864717146	false	1.0
unsicher	neg 1.0		__DUMMY__ 0.8737382890974448 neg 0.06590230742273263 off 0.06035940347982256	false	1.0
bauernkind	off 1.0	off 1.0	off 0.5229777329774323 __DUMMY__ 0.4206075707335858 neg 0.05641469628898185	false	1.0
angreifer	neg 1.0	neg 1.0	neg 0.521522672421892 __DUMMY__ 0.4314756622351503 off 0.0470016653429577	false	1.0
trennen	neg 1.0		__DUMMY__ 0.8760878038191698 neg 0.06869217477416528 off 0.055220021406664994	false	1.0
schmutz	neg 1.0		__DUMMY__ 0.872155316736833 neg 0.06644602032190731 off 0.06139866294125973	false	1.0
inkonsistenz	neg 1.0		__DUMMY__ 0.8638365870616159 neg 0.0703779597507084 off 0.06578545318767562	false	1.0
erschreckend	neg 1.0		__DUMMY__ 0.8704651738005825 neg 0.06968345940195145 off 0.05985136679746595	false	1.0
ertrinken	neg 1.0		__DUMMY__ 0.8710355657239782 neg 0.07302099531001843 off 0.055943438966003255	false	1.0
pickelface	off 1.0		__DUMMY__ 0.8714533507340774 neg 0.0691637535373274 off 0.05938289572859513	false	0.5
seiner			__DUMMY__ 0.8736048530430449 neg 0.07035000653410978 off 0.056045140422845405	false	0.0
lauch	neg 1.0		__DUMMY__ 0.875639124717868 neg 0.07139307012958192 off 0.05296780515255008	false	1.0
unwichtig	neg 1.0		__DUMMY__ 0.8674216792664796 neg 0.06729700790683943 off 0.06528131282668084	false	1.0
steuerhinterziehung	neg 1.0	neg 1.0	neg 0.5238388461058509 __DUMMY__ 0.4321803513927473 off 0.04398080250140188	false	1.0
schock	neg 1.0		__DUMMY__ 0.8710140246887486 neg 0.06956636956323739 off 0.059419605748014054	false	1.0
beule	neg 1.0		__DUMMY__ 0.8655249827523792 neg 0.06838492225416148 off 0.06609009499345941	false	1.0
vergelten	neg 1.0		__DUMMY__ 0.8694920004323566 off 0.06825043366221369 neg 0.06225756590542967	false	0.5
verdorbenheit	neg 1.0		__DUMMY__ 0.8734797479492655 neg 0.0660385050540327 off 0.06048174699670175	false	1.0
trauma	neg 1.0		__DUMMY__ 0.8701548563722508 neg 0.06859678227111017 off 0.061248361356638976	false	1.0
sinnlos	neg 1.0		__DUMMY__ 0.8703315932054261 neg 0.06706379765049239 off 0.0626046091440815	false	1.0
fettsack	off 1.0	off 1.0	off 0.5238506365925183 __DUMMY__ 0.4220239460990422 neg 0.054125417308439484	false	1.0
feige	off 1.0	off 1.0	off 0.5198969807655182 __DUMMY__ 0.42706117949452466 neg 0.05304183973995712	false	1.0
abdanken	neg 1.0		__DUMMY__ 0.8704372209269449 neg 0.0695745908542201 off 0.05998818821883491	false	1.0
wichtigtuer	off 1.0	off 1.0	off 0.5180765630897142 __DUMMY__ 0.42976918267221503 neg 0.05215425423807074	false	1.0
misslingen	neg 1.0		__DUMMY__ 0.8775983776264612 neg 0.06197957326428923 off 0.060422049109249525	false	1.0
untreu	off 1.0		__DUMMY__ 0.8675550124307508 neg 0.06677389978218044 off 0.06567108778706873	false	0.5
missmutig	neg 1.0		__DUMMY__ 0.8682207417699617 neg 0.06692395616627857 off 0.06485530206375972	false	1.0
hurenbock	off 1.0		__DUMMY__ 0.8693314220177802 neg 0.06887320561735778 off 0.061795372364861954	false	0.5
betrunken	neg 1.0		__DUMMY__ 0.8674933749732985 off 0.06696917821244565 neg 0.06553744681425584	false	0.5
korrupt	off 1.0		__DUMMY__ 0.8688973197980521 neg 0.07275833340658937 off 0.058344346795358555	false	0.5
unmut	neg 1.0		__DUMMY__ 0.8761658762148751 neg 0.07081813405625605 off 0.053015989728868916	false	1.0
hackfresse	off 1.0		__DUMMY__ 0.8618421509741324 off 0.07278477171558888 neg 0.06537307731027868	false	1.0
aufblasen	neg 1.0		__DUMMY__ 0.8712149582236323 neg 0.06677231004582561 off 0.06201273173054202	false	1.0
gewaltsam	neg 1.0		__DUMMY__ 0.8699944619653772 neg 0.07122219135093553 off 0.05878334668368726	false	1.0
unbeliebtheit	neg 1.0		__DUMMY__ 0.8651294867144139 neg 0.07049679497143455 off 0.06437371831415152	false	1.0
sturheit	neg 1.0		__DUMMY__ 0.8699222606468595 neg 0.07075992315083117 off 0.05931781620230924	false	1.0
kuh	neg 1.0		__DUMMY__ 0.8638768693914795 neg 0.0737049410766031 off 0.0624181895319175	false	1.0
erschrecken	neg 1.0		__DUMMY__ 0.8697876669680767 neg 0.06559187750496698 off 0.0646204555269563	false	1.0
opfer	neg 1.0		__DUMMY__ 0.8727563237255362 neg 0.07010304926016214 off 0.05714062701430159	false	1.0
sinken	neg 1.0		__DUMMY__ 0.8759630667540649 neg 0.07064973471855071 off 0.05338719852738434	false	1.0
stinktier	neg 1.0		__DUMMY__ 0.8565436627451724 neg 0.07342210200407724 off 0.07003423525075039	false	1.0
tucke	off 1.0		__DUMMY__ 0.8574227882875138 off 0.07371693876601965 neg 0.06886027294646645	false	1.0
ein			__DUMMY__ 0.8704610946023823 neg 0.06837179912529809 off 0.06116710627231955	false	0.0
abstieg	neg 1.0		__DUMMY__ 0.8725001760741801 neg 0.07149468902934865 off 0.05600513489647131	false	1.0
missverstehen	neg 1.0		__DUMMY__ 0.8678644090097015 neg 0.06859164312535178 off 0.06354394786494677	false	1.0
ergebnislos	neg 1.0		__DUMMY__ 0.8735637655237556 neg 0.070696893516884 off 0.05573934095936033	false	1.0
unter			__DUMMY__ 0.8820172951283407 neg 0.06993835778140127 off 0.04804434709025801	false	0.0
manipulieren	neg 1.0		__DUMMY__ 0.8747752196091864 neg 0.06980286140368995 off 0.05542191898712379	false	1.0
unbewiesen	neg 1.0		__DUMMY__ 0.8671331496836693 neg 0.07235240454056063 off 0.060514445775770205	false	1.0
verschleppen	neg 1.0		__DUMMY__ 0.8705092720056363 neg 0.07204802636139943 off 0.05744270163296427	false	1.0
weib	off 1.0		__DUMMY__ 0.854734159747605 off 0.07348491593615859 neg 0.0717809243162364	false	1.0
opposition	neg 1.0		__DUMMY__ 0.8678426596048354 neg 0.07046936366280329 off 0.061687976732361274	false	1.0
verkehrswidrig	neg 1.0		__DUMMY__ 0.8690668732656738 off 0.06879742887056702 neg 0.06213569786375915	false	0.5
inkorrekt	neg 1.0		__DUMMY__ 0.8635775604766442 off 0.06900866828752651 neg 0.06741377123582926	false	0.5
vermeiden	neg 1.0	neg 1.0	neg 0.521772305831421 __DUMMY__ 0.43941402959072806 off 0.03881366457785102	false	1.0
abweichung	neg 1.0	neg 1.0	neg 0.5202770003465141 __DUMMY__ 0.436515673880931 off 0.04320732577255489	false	1.0
alkoholisiert	neg 1.0		__DUMMY__ 0.8749709387728287 neg 0.06962635773692245 off 0.05540270349024876	false	1.0
scheiss	off 1.0	off 1.0	off 0.5196978516055069 __DUMMY__ 0.42803410767309524 neg 0.05226804072139781	false	1.0
herausforderung	neg 1.0		__DUMMY__ 0.8762827045896288 neg 0.06813001846087659 off 0.0555872769494947	false	1.0
pervers	off 1.0		__DUMMY__ 0.8576503956405168 off 0.0761221867545841 neg 0.06622741760489918	false	1.0
wackelig	neg 1.0		__DUMMY__ 0.8769775060615547 neg 0.06485459560683673 off 0.05816789833160852	false	1.0
verwickeln	neg 1.0		__DUMMY__ 0.8684433662567128 neg 0.06851425063456244 off 0.06304238310872469	false	1.0
vorwand	neg 1.0		__DUMMY__ 0.8733813780598424 neg 0.07129508644071117 off 0.055323535499446505	false	1.0
muschi	off 1.0		__DUMMY__ 0.8714210310961825 neg 0.0689950334887809 off 0.05958393541503648	false	0.5
entmutigung	neg 1.0		__DUMMY__ 0.869455815369284 neg 0.06881067717315462 off 0.06173350745756139	false	1.0
unangemessen	neg 1.0		__DUMMY__ 0.8698798313908847 neg 0.07099872089625955 off 0.059121447712855754	false	1.0
unstetig	neg 1.0		__DUMMY__ 0.8698226206069789 neg 0.06757241183736366 off 0.06260496755565753	false	1.0
entmutigen	neg 1.0		__DUMMY__ 0.8708724964906714 neg 0.06780948235299813 off 0.06131802115633054	false	1.0
schwanz	neg 1.0		__DUMMY__ 0.8724243376551685 neg 0.07063884317187265 off 0.056936819172958904	false	1.0
verbot	neg 1.0		__DUMMY__ 0.8714629504223361 neg 0.07064140426205903 off 0.05789564531560494	false	1.0
leid	neg 1.0		__DUMMY__ 0.8631287210142565 off 0.07087714691039632 neg 0.0659941320753471	false	0.5
archaisch	neg 1.0		__DUMMY__ 0.8704232077540048 neg 0.07044265753118778 off 0.05913413471480728	false	1.0
gegen			__DUMMY__ 0.875185305224777 neg 0.07107015235961171 off 0.053744542415611316	false	0.0
scheidung	neg 1.0		__DUMMY__ 0.8604422536730527 off 0.08037900801496042 neg 0.05917873831198679	false	0.5
einschlag	neg 1.0		__DUMMY__ 0.8662705738837446 off 0.06808468116140735 neg 0.06564474495484801	false	0.5
m			__DUMMY__ 0.8737871743951158 neg 0.06823207888225319 off 0.05798074672263111	false	0.0
abgestanden	neg 1.0		__DUMMY__ 0.8684088143189157 neg 0.07127227815625649 off 0.060318907524827825	false	1.0
schmierig	off 1.0		__DUMMY__ 0.8646781308273481 off 0.07012309172592977 neg 0.06519877744672212	false	1.0
unpraktisch	neg 1.0		__DUMMY__ 0.8708799028475045 neg 0.06750379723639238 off 0.061616299916103144	false	1.0
wixxer	off 1.0		__DUMMY__ 0.8551350933049676 off 0.07633160401232164 neg 0.06853330268271073	false	1.0
bezeichnet			__DUMMY__ 0.8679954245994874 neg 0.07132402408236073 off 0.06068055131815182	false	0.0
jammerlappen	off 1.0		__DUMMY__ 0.869491970310327 off 0.06527232774940812 neg 0.06523570194026491	false	1.0
farce	neg 1.0		__DUMMY__ 0.8696687234051991 neg 0.0715237768929848 off 0.05880749970181607	false	1.0
zwecklos	neg 1.0		__DUMMY__ 0.8703053263025647 neg 0.07098119894284788 off 0.05871347475458737	false	1.0
turbulent	neg 1.0		__DUMMY__ 0.8644368595747454 neg 0.06909258333409468 off 0.06647055709115998	false	1.0
invasion	neg 1.0		__DUMMY__ 0.8695389677602604 neg 0.06815500654903475 off 0.06230602569070489	false	1.0
schuld	neg 1.0		__DUMMY__ 0.8689768203361037 neg 0.0693603751752473 off 0.061662804488649116	false	1.0
risiko	neg 1.0	neg 1.0	neg 0.5196872176523554 __DUMMY__ 0.4338926304002291 off 0.04642015194741569	false	1.0
finster	neg 1.0		__DUMMY__ 0.8680728720170482 neg 0.07068426912850374 off 0.061242858854448086	false	1.0
geisteskrank	off 1.0		__DUMMY__ 0.8637946067245409 neg 0.0690403314185405 off 0.06716506185691865	false	0.5
zusammenbrechen	neg 1.0		__DUMMY__ 0.8724653090258697 neg 0.06880525156716524 off 0.058729439406965116	false	1.0
ausbeute	neg 1.0		__DUMMY__ 0.8820314663176289 neg 0.061471197460275455 off 0.056497336222095594	false	1.0
hinterhalt	neg 1.0		__DUMMY__ 0.8737409992421922 neg 0.06807894796180596 off 0.05818005279600192	false	1.0
kritik	neg 1.0		__DUMMY__ 0.869414429888168 neg 0.07193232929907466 off 0.058653240812757246	false	1.0
einschrumpfen	neg 1.0		__DUMMY__ 0.8656753901113559 neg 0.07003122572424973 off 0.06429338416439437	false	1.0
riskant	neg 1.0		__DUMMY__ 0.8716078927423354 neg 0.07203362718313946 off 0.05635848007452511	false	1.0
frustrieren	neg 1.0		__DUMMY__ 0.8721960974739507 neg 0.07057941947126524 off 0.05722448305478411	false	1.0
groll	neg 1.0		__DUMMY__ 0.8705020612119274 neg 0.07123716949010811 off 0.05826076929796446	false	1.0
gibt			__DUMMY__ 0.8732031939592909 neg 0.06791593546263205 off 0.05888087057807703	false	0.0
qualvoll	neg 1.0		__DUMMY__ 0.8684760532185027 neg 0.06825921947076675 off 0.06326472731073053	false	1.0
wackeln	neg 1.0		__DUMMY__ 0.8725809859266561 neg 0.06631937728468999 off 0.06109963678865386	false	1.0
klagen	neg 1.0		__DUMMY__ 0.8751333935792589 neg 0.0711159291084815 off 0.05375067731225958	false	1.0
bankrott	neg 1.0		__DUMMY__ 0.869862405255853 neg 0.0657842008373206 off 0.06435339390682644	false	1.0
trauern	neg 1.0		__DUMMY__ 0.8736313476837309 neg 0.069817587046058 off 0.0565510652702112	false	1.0
ablehnung	neg 1.0		__DUMMY__ 0.8701102722919456 neg 0.07145494609476433 off 0.0584347816132901	false	1.0
stur	neg 1.0		__DUMMY__ 0.8692938062038983 neg 0.0688997643501605 off 0.06180642944594125	false	1.0
aufruhr	neg 1.0	neg 1.0	neg 0.5226254846172189 __DUMMY__ 0.4323780154524967 off 0.04499649993028428	false	1.0
melancholie	neg 1.0		__DUMMY__ 0.8725264612209571 neg 0.07048444893384792 off 0.0569890898451949	false	1.0
ist			__DUMMY__ 0.8704982797710985 neg 0.06714780614887937 off 0.06235391408002207	false	0.0
torheit	neg 1.0		__DUMMY__ 0.8711252750296229 neg 0.06802405416559326 off 0.06085067080478382	false	1.0
dreckskind	off 1.0		__DUMMY__ 0.8582408255149025 off 0.07188637331623422 neg 0.0698728011688632	false	1.0
umtauschen	neg 1.0		__DUMMY__ 0.8718517926112931 neg 0.06852705847686429 off 0.059621148911842725	false	1.0
zum			__DUMMY__ 0.8825563424878841 neg 0.06634531272246626 off 0.05109834478964973	false	0.0
zersetzen	neg 1.0		__DUMMY__ 0.8717145780916136 neg 0.07271619542605734 off 0.055569226482329134	false	1.0
zur			__DUMMY__ 0.8794729416993586 neg 0.06981101351199225 off 0.0507160447886491	false	0.0
frust	neg 1.0		__DUMMY__ 0.8729176440587606 neg 0.06831138283382762 off 0.058770973107411875	false	1.0
unerbittlichkeit	neg 1.0		__DUMMY__ 0.8725802667950897 neg 0.0719243353105219 off 0.05549539789438838	false	1.0
zwei			__DUMMY__ 0.8804289285748464 neg 0.06743202641436434 off 0.052139045010789115	false	0.0
unkorrekt	neg 1.0		__DUMMY__ 0.8668581727641002 off 0.0684624360270246 neg 0.06467939120887527	false	0.5
hexe	off 1.0		__DUMMY__ 0.8616607539076047 neg 0.07323149631007883 off 0.06510774978231637	false	0.5
lasch	neg 1.0		__DUMMY__ 0.8666435018676515 neg 0.06890739033456228 off 0.06444910779778622	false	1.0
rivale	neg 1.0		__DUMMY__ 0.8655296521794377 off 0.06731101542427788 neg 0.06715933239628456	false	0.5
mutlos	off 1.0	off 1.0	off 0.5129695327336019 __DUMMY__ 0.432150127756964 neg 0.05488033950943396	false	1.0
wirr	off 1.0		__DUMMY__ 0.8627023963321513 off 0.06915847097942643 neg 0.06813913268842228	false	1.0
jahr			__DUMMY__ 0.8830548473538246 neg 0.062424845611756964 off 0.05452030703441856	false	0.0
wird			__DUMMY__ 0.8730677276688122 neg 0.0692644355364934 off 0.05766783679469435	false	0.0
strafbar	neg 1.0		__DUMMY__ 0.8733920762023647 neg 0.0697093200907432 off 0.056898603706892106	false	1.0
erosion	neg 1.0		__DUMMY__ 0.8731148443446838 neg 0.06664692253069365 off 0.06023823312462255	false	1.0
eingehen	neg 1.0		__DUMMY__ 0.8719733048931683 neg 0.07099147199054862 off 0.057035223116283174	false	1.0
faul	off 1.0		__DUMMY__ 0.8695154971640622 neg 0.06626872287094707 off 0.06421577996499069	false	0.5
provisorium	neg 1.0		__DUMMY__ 0.8847529422088326 neg 0.0666964898517555 off 0.048550567939411836	false	1.0
schmerzen	neg 1.0		__DUMMY__ 0.8701681159334813 neg 0.07086793282903073 off 0.05896395123748799	false	1.0
schrumpfen	neg 1.0		__DUMMY__ 0.8755757163949325 neg 0.07325274403400983 off 0.05117153957105762	false	1.0
geistlos	off 1.0		__DUMMY__ 0.8650533893737317 neg 0.07155748634296213 off 0.06338912428330619	false	0.5
fehlkauf	neg 1.0		__DUMMY__ 0.8693028004986623 neg 0.06857847856468048 off 0.06211872093665719	false	1.0
frustrierend	neg 1.0		__DUMMY__ 0.8692100588279643 neg 0.06648505985573996 off 0.0643048813162957	false	1.0
unzufrieden	neg 1.0		__DUMMY__ 0.8711282635188142 neg 0.0704181626661627 off 0.05845357381502314	false	1.0
verzweifeln	neg 1.0		__DUMMY__ 0.8716120346359214 neg 0.06880212936413185 off 0.059585835999946726	false	1.0
verzweifelt	neg 1.0	neg 1.0	neg 0.5235757414953877 __DUMMY__ 0.42961999441526555 off 0.046804264089346875	false	1.0
misstrauensantrag	neg 1.0		__DUMMY__ 0.8691999946106406 neg 0.06852105395747268 off 0.06227895143188674	false	1.0
abfallen	neg 1.0		__DUMMY__ 0.8727381240607948 neg 0.0663370275563611 off 0.06092484838284412	false	1.0
fucker	off 1.0		__DUMMY__ 0.8661517723235298 off 0.0681162684727726 neg 0.06573195920369758	false	1.0
ungezogen	neg 1.0		__DUMMY__ 0.8594866283339403 off 0.07524019682545038 neg 0.06527317484060922	false	0.5
irrsinnig	neg 1.0	neg 1.0	neg 0.5228708052617052 __DUMMY__ 0.4303368291531551 off 0.046792365585139634	false	1.0
unfassbar	neg 1.0		__DUMMY__ 0.868532704481529 off 0.06638443616926562 neg 0.06508285934920538	false	0.5
hart	neg 1.0		__DUMMY__ 0.8648681300177182 neg 0.06947899230345027 off 0.06565287767883154	false	1.0
widerlich	off 1.0		__DUMMY__ 0.8654701354711934 neg 0.06747982206747469 off 0.06705004246133195	false	0.5
fatal	neg 1.0		__DUMMY__ 0.8690881606662076 neg 0.06821343597460121 off 0.06269840335919122	false	1.0
bruch	neg 1.0		__DUMMY__ 0.8753551713595447 neg 0.07052951202968805 off 0.05411531661076723	false	1.0
aushungern	neg 1.0		__DUMMY__ 0.8721238847129242 neg 0.06909116280774304 off 0.05878495247933268	false	1.0
anspannung	neg 1.0		__DUMMY__ 0.8789365729999774 neg 0.0697951598856053 off 0.05126826711441741	false	1.0
von			__DUMMY__ 0.8847704701741441 neg 0.06066885017451986 off 0.05456067965133594	false	0.0
kraftlos	neg 1.0		__DUMMY__ 0.8731570538999907 neg 0.0688226079932145 off 0.05802033810679482	false	1.0
vom			__DUMMY__ 0.8850575298037083 neg 0.06606740788851785 off 0.048875062307773866	false	0.0
grenzdebil	off 1.0		__DUMMY__ 0.8683548275494886 off 0.0666123204371593 neg 0.0650328520133521	false	1.0
vor			__DUMMY__ 0.8768774120145697 neg 0.06853959309269005 off 0.05458299489274028	false	0.0
unterwerfen	neg 1.0		__DUMMY__ 0.8722395636234218 neg 0.07067739540689516 off 0.05708304096968297	false	1.0
versenkung	neg 1.0		__DUMMY__ 0.8750844683183745 neg 0.06763974432464438 off 0.05727578735698106	false	1.0
entziehen	neg 1.0		__DUMMY__ 0.874661195898314 neg 0.07111388559382545 off 0.054224918507860535	false	1.0
finanzkrise	neg 1.0		__DUMMY__ 0.8675920648012518 neg 0.07312397276084273 off 0.05928396243790541	false	1.0
schimpfend	neg 1.0		__DUMMY__ 0.8693696842859453 neg 0.06868430396972339 off 0.06194601174433125	false	1.0
profan	neg 1.0		__DUMMY__ 0.8686718751619825 neg 0.06826005664423047 off 0.06306806819378709	false	1.0
korruption	neg 1.0		__DUMMY__ 0.8711228420702584 neg 0.0713004647377774 off 0.05757669319196417	false	1.0
â			__DUMMY__ 0.8740747450493174 neg 0.06849447394687341 off 0.057430781003809155	false	0.0
schmutzig	neg 1.0		__DUMMY__ 0.8683483770066566 off 0.06702883132886199 neg 0.06462279166448139	false	0.5
sexy	neg 1.0		__DUMMY__ 0.8696311442300528 neg 0.06645201970824799 off 0.06391683606169915	false	1.0
abraten	neg 1.0		__DUMMY__ 0.8714431001057791 neg 0.06620537405534217 off 0.06235152583887884	false	1.0
schwarz	neg 1.0		__DUMMY__ 0.8694354410739035 neg 0.06858416944685715 off 0.06198038947923938	false	1.0
fotze	off 1.0	off 1.0	off 0.5140569421411709 __DUMMY__ 0.43341465357826153 neg 0.052528404280567535	false	1.0
verwirren	neg 1.0		__DUMMY__ 0.869403056348742 neg 0.06701374000716884 off 0.06358320364408919	false	1.0
zahnlos	off 1.0		__DUMMY__ 0.8707999722276096 neg 0.06997434783783946 off 0.05922567993455093	false	0.5
verheeren	neg 1.0		__DUMMY__ 0.8587316923416671 off 0.07661939351411558 neg 0.06464891414421735	false	0.5
hippie	neg 1.0		__DUMMY__ 0.869258478036719 neg 0.06711708566205471 off 0.06362443630122637	false	1.0
rammen	neg 1.0		__DUMMY__ 0.864651307393983 neg 0.07403134543201376 off 0.0613173471740032	false	1.0
unlauter	neg 1.0		__DUMMY__ 0.8685204210927249 neg 0.0700354094906683 off 0.061444169416606804	false	1.0
unheilvoll	neg 1.0		__DUMMY__ 0.8686254078590228 neg 0.06954611919731028 off 0.06182847294366702	false	1.0
niedrig	neg 1.0		__DUMMY__ 0.8713796798786355 neg 0.07298045919801543 off 0.055639860923349015	false	1.0
explosion	neg 1.0		__DUMMY__ 0.8702962007533809 neg 0.06661442505000062 off 0.06308937419661854	false	1.0
weichei	off 1.0	off 1.0	off 0.5240833447201017 __DUMMY__ 0.4250246231924602 neg 0.05089203208743811	false	1.0
minusmensch	off 1.0		__DUMMY__ 0.8538520443468638 off 0.07433453842396678 neg 0.07181341722916933	false	1.0
farblos	neg 1.0		__DUMMY__ 0.8697292455226373 neg 0.07083219282200934 off 0.059438561655353356	false	1.0
unwissend	neg 1.0	neg 1.0	neg 0.5209460717178191 __DUMMY__ 0.42943440226696444 off 0.04961952601521639	false	1.0
traurig	neg 1.0		__DUMMY__ 0.8671345694288428 off 0.06864665945416092 neg 0.06421877111699623	false	0.5
senkung	neg 1.0		__DUMMY__ 0.8672354713016353 neg 0.06985666814039664 off 0.06290786055796815	false	1.0
ungleich	neg 1.0	neg 1.0	neg 0.5234915414653484 __DUMMY__ 0.43401264092371794 off 0.04249581761093366	false	1.0
heikel	neg 1.0		__DUMMY__ 0.8726740533340633 neg 0.07097010632249563 off 0.056355840343440995	false	1.0
drosselung	neg 1.0		__DUMMY__ 0.8660016258358146 neg 0.06773003380990544 off 0.06626834035427988	false	1.0
falsch	neg 1.0		__DUMMY__ 0.8689270134973056 neg 0.06658414228013837 off 0.06448884422255594	false	1.0
unzufriedenheit	neg 1.0		__DUMMY__ 0.8736665621658175 neg 0.07140983242839412 off 0.054923605405788445	false	1.0
kurz	neg 1.0		__DUMMY__ 0.8759314838388205 neg 0.06527650469263939 off 0.05879201146854011	false	1.0
unsinnig	neg 1.0		__DUMMY__ 0.870812525431808 neg 0.06979895437698756 off 0.05938852019120449	false	1.0
penner	off 1.0	off 1.0	off 0.5252678218352768 __DUMMY__ 0.42457720030591856 neg 0.05015497785880459	false	1.0
seicht	neg 1.0		__DUMMY__ 0.859402194092425 off 0.07505642925299104 neg 0.065541376654584	false	0.5
dummheit	off 1.0	off 1.0	off 0.5182470578244487 __DUMMY__ 0.42814249831909057 neg 0.05361044385646077	false	1.0
unerfreulich	neg 1.0		__DUMMY__ 0.8751591839085435 neg 0.06939689971663454 off 0.05544391637482191	false	1.0
motherfucker	off 1.0	off 1.0	off 0.5212622022748687 __DUMMY__ 0.42791501856201875 neg 0.05082277916311257	false	1.0
pikiert	neg 1.0		__DUMMY__ 0.8651381067991664 neg 0.0685916398455464 off 0.06627025335528718	false	1.0
wrack	neg 1.0		__DUMMY__ 0.8709523891028894 neg 0.07127538880317227 off 0.05777222209393825	false	1.0
gangster	neg 1.0		__DUMMY__ 0.8691946087039264 neg 0.06716887179693379 off 0.06363651949913973	false	1.0
krank	neg 1.0		__DUMMY__ 0.8694567886971791 off 0.06644646806908777 neg 0.06409674323373296	false	0.5
reich	neg 1.0		__DUMMY__ 0.8682520123930423 neg 0.06651027220916035 off 0.0652377153977973	false	1.0
gnadenlos	neg 1.0		__DUMMY__ 0.8690620166381913 neg 0.06920594586797403 off 0.06173203749383471	false	1.0
niedergeschlagen	neg 1.0		__DUMMY__ 0.8720222050146188 neg 0.0689976745933655 off 0.05898012039201567	false	1.0
terrorisieren	off 1.0	off 1.0	off 0.5131310906240872 __DUMMY__ 0.43382715841110797 neg 0.05304175096480477	false	1.0
sinnlosigkeit	neg 1.0		__DUMMY__ 0.8712780593746899 neg 0.07007595312525795 off 0.05864598750005206	false	1.0
behindern	neg 1.0		__DUMMY__ 0.871273909530501 neg 0.06921663132375482 off 0.05950945914574407	false	1.0
undemokratisch	neg 1.0		__DUMMY__ 0.8700065767481339 neg 0.06841274698549625 off 0.06158067626636996	false	1.0
wirtschaftskrise	neg 1.0		__DUMMY__ 0.8695941553310685 neg 0.07306263502320832 off 0.05734320964572303	false	1.0
neid	neg 1.0		__DUMMY__ 0.8717039954377588 neg 0.06417736025911615 off 0.06411864430312494	false	1.0
rutschen	neg 1.0		__DUMMY__ 0.8808689783461998 neg 0.06716383098148486 off 0.05196719067231536	false	1.0
rezession	neg 1.0		__DUMMY__ 0.8590220077495916 neg 0.07188547530255578 off 0.06909251694785273	false	1.0
fehlgeburt	neg 1.0		__DUMMY__ 0.8703863115183341 neg 0.06781459426268506 off 0.06179909421898082	false	1.0
charakterschwach	off 1.0		__DUMMY__ 0.8655070305627606 neg 0.06755089953609797 off 0.06694206990114152	false	0.5
isolation	neg 1.0		__DUMMY__ 0.8694770120364084 neg 0.06664422718306098 off 0.06387876078053066	false	1.0
ablenkung	neg 1.0		__DUMMY__ 0.8732783499715879 neg 0.0662080974799422 off 0.060513552548469775	false	1.0
pech	neg 1.0		__DUMMY__ 0.8698931000892501 neg 0.06638499984975933 off 0.06372190006099049	false	1.0
vermeidung	neg 1.0		__DUMMY__ 0.8664045908377642 neg 0.06716887043866852 off 0.06642653872356723	false	1.0
dominieren	neg 1.0		__DUMMY__ 0.8729345981754082 neg 0.07042871488703396 off 0.05663668693755783	false	1.0
schwindlig	neg 1.0		__DUMMY__ 0.8711486745206228 neg 0.0667310820952268 off 0.06212024338415049	false	1.0
lutscher	neg 1.0	neg 1.0	neg 0.5200320792923616 __DUMMY__ 0.4229782553670854 off 0.05698966534055289	false	1.0
pflicht	neg 1.0		__DUMMY__ 0.8733385445004372 neg 0.07132459570718885 off 0.05533685979237389	false	1.0
faschist	off 1.0		__DUMMY__ 0.8689799289566953 neg 0.0670371744173693 off 0.06398289662593545	false	0.5
verschleudern	neg 1.0		__DUMMY__ 0.8734992808250504 neg 0.0703551223457636 off 0.05614559682918595	false	1.0
wenn			__DUMMY__ 0.8686889940462017 neg 0.066688542020918 off 0.06462246393288038	false	0.0
ehebruch	neg 1.0		__DUMMY__ 0.8715986203525731 neg 0.0708554554614215 off 0.05754592418600537	false	1.0
spott	off 1.0		__DUMMY__ 0.8720431028614997 neg 0.07079690464350043 off 0.05715999249499984	false	0.5
trostlosigkeit	neg 1.0		__DUMMY__ 0.8736329032985247 neg 0.07185235317495439 off 0.0545147435265209	false	1.0
lutschen	neg 1.0		__DUMMY__ 0.8655782065768813 neg 0.07040322305323675 off 0.06401857036988194	false	1.0
undiszipliniert	neg 1.0		__DUMMY__ 0.8662265993435989 off 0.06810552524045832 neg 0.06566787541594285	false	0.5
kopfschmerz	neg 1.0		__DUMMY__ 0.8690981844294656 neg 0.0729630828522292 off 0.0579387327183052	false	1.0
unvorhergesehen	neg 1.0		__DUMMY__ 0.8776381906592439 neg 0.0670126851107103 off 0.055349124230045815	false	1.0
desinteressiert	neg 1.0	neg 1.0	neg 0.520550933528083 __DUMMY__ 0.42813211753091907 off 0.05131694894099792	false	1.0
armselig	off 1.0		__DUMMY__ 0.8638282817214098 off 0.06900299031598212 neg 0.06716872796260809	false	1.0
desaster	neg 1.0		__DUMMY__ 0.8754230733497721 neg 0.07098333429679918 off 0.053593592353428664	false	1.0
tod	neg 1.0		__DUMMY__ 0.8721140747242939 neg 0.07075499214884616 off 0.05713093312685997	false	1.0
herzlos	neg 1.0		__DUMMY__ 0.8652216898733469 off 0.06877529830192024 neg 0.06600301182473287	false	0.5
unwissenheit	neg 1.0		__DUMMY__ 0.8707846948467013 neg 0.0708783588665874 off 0.058336946286711384	false	1.0
widersinnig	neg 1.0		__DUMMY__ 0.8694257845529084 neg 0.07202733187673135 off 0.0585468835703602	false	1.0
bedenklich	neg 1.0		__DUMMY__ 0.8717521017506418 neg 0.07074827021539777 off 0.057499628033960484	false	1.0
beanstanden	neg 1.0		__DUMMY__ 0.8747543011478573 neg 0.07030525557070275 off 0.05494044328143992	false	1.0
panisch	neg 1.0	neg 1.0	neg 0.5190359544356158 __DUMMY__ 0.43363741120805255 off 0.04732663435633166	false	1.0
debil	off 1.0		__DUMMY__ 0.8793775923699185 neg 0.07142647480490161 off 0.0491959328251798	false	0.5
abstrich	neg 1.0		__DUMMY__ 0.8759575194730471 neg 0.0656864512916924 off 0.0583560292352605	false	1.0
primitiv	neg 1.0		__DUMMY__ 0.865565421275305 off 0.0672814967039956 neg 0.06715308202069935	false	0.5
abschaum	off 1.0	off 1.0	off 0.5199991678415848 __DUMMY__ 0.42818869437320417 neg 0.05181213778521096	false	1.0
provozieren	neg 1.0		__DUMMY__ 0.8681086845942733 neg 0.0703015529294594 off 0.06158976247626734	false	1.0
tot	neg 1.0		__DUMMY__ 0.8720268056896537 neg 0.07055091084160203 off 0.05742228346874427	false	1.0
instabil	neg 1.0		__DUMMY__ 0.8644896687576574 off 0.06822307230434939 neg 0.0672872589379932	false	0.5
schwuchtel	off 1.0	off 1.0	off 0.5297140298307061 __DUMMY__ 0.4196165264044047 neg 0.050669443764889015	false	1.0
zerren	neg 1.0		__DUMMY__ 0.8719929364188291 neg 0.06942810299864657 off 0.05857896058252439	false	1.0
kinderficker	off 1.0		__DUMMY__ 0.863687827155937 off 0.0715051781915744 neg 0.06480699465248858	false	1.0
gefahr	neg 1.0		__DUMMY__ 0.8752178318015095 neg 0.07003159136242831 off 0.05475057683606227	false	1.0
rabiat	neg 1.0		__DUMMY__ 0.8709848783043426 neg 0.06832270085416141 off 0.060692420841495974	false	1.0
verlangsamung	neg 1.0		__DUMMY__ 0.8577860683403372 off 0.07302499790770488 neg 0.06918893375195789	false	0.5
ausgestorben	neg 1.0		__DUMMY__ 0.8720056539925598 neg 0.06767198705135606 off 0.060322358956084086	false	1.0
anklagen	neg 1.0		__DUMMY__ 0.8711104891044926 neg 0.07120954382413097 off 0.05767996707137634	false	1.0
trott	neg 1.0		__DUMMY__ 0.8711953720904703 neg 0.06890350777821354 off 0.059901120131316266	false	1.0
verminderung	neg 1.0		__DUMMY__ 0.8668472566445489 off 0.06677411467852115 neg 0.06637862867692998	false	0.5
nach			__DUMMY__ 0.8817060848763922 neg 0.06734548645311791 off 0.05094842867048987	false	0.0
rost	neg 1.0		__DUMMY__ 0.8620268833083234 off 0.07156151244585915 neg 0.06641160424581741	false	0.5
destruktiv	neg 1.0		__DUMMY__ 0.8699709035146158 neg 0.06959487096921885 off 0.060434225516165334	false	1.0
unzumutbarkeit	neg 1.0		__DUMMY__ 0.867559395877121 neg 0.06686079451314807 off 0.06557980960973085	false	1.0
labil	off 1.0	off 1.0	off 0.5193777829053591 __DUMMY__ 0.4288269920535822 neg 0.05179522504105865	false	1.0
ziemlich	neg 1.0		__DUMMY__ 0.8694948462362562 off 0.06615640632118894 neg 0.06434874744255495	false	0.5
lachnummer	off 1.0		__DUMMY__ 0.8694076056410734 neg 0.06934806429311464 off 0.06124433006581192	false	0.5
oder			__DUMMY__ 0.8728476428881247 neg 0.06602148924553948 off 0.06113086786633587	false	0.0
verfall	neg 1.0		__DUMMY__ 0.8763246183325069 neg 0.07247923574791844 off 0.051196145919574824	false	1.0
ausgrenzung	neg 1.0		__DUMMY__ 0.8694388161963158 neg 0.06842134457573383 off 0.06213983922795045	false	1.0
unordnung	neg 1.0		__DUMMY__ 0.8681066678812032 off 0.06790075528792792 neg 0.06399257683086895	false	0.5
fehlverhalten	neg 1.0		__DUMMY__ 0.8715432294233093 neg 0.0725173868098978 off 0.05593938376679286	false	1.0
eine			__DUMMY__ 0.8767051177500936 neg 0.06820884380832604 off 0.05508603844158033	false	0.0
nille	neg 1.0		__DUMMY__ 0.8718824142956184 neg 0.06807996174144228 off 0.060037623962939296	false	1.0
qual	neg 1.0		__DUMMY__ 0.8716039134844461 neg 0.06885159087465847 off 0.05954449564089537	false	1.0
verschwenden	neg 1.0		__DUMMY__ 0.8715826245110523 neg 0.07169325666467513 off 0.05672411882427263	false	1.0
riesig	neg 1.0		__DUMMY__ 0.8733058137934393 neg 0.06991109599281922 off 0.05678309021374153	false	1.0
verurteilen	neg 1.0		__DUMMY__ 0.8697543022620131 neg 0.07190096232558653 off 0.05834473541240041	false	1.0
klischee	neg 1.0	neg 1.0	neg 0.5220805230516191 __DUMMY__ 0.4291711998469267 off 0.048748277101454365	false	1.0
diktatorisch	neg 1.0		__DUMMY__ 0.868685658014182 neg 0.06954524966646847 off 0.06176909231934955	false	1.0
vorhersehbar	neg 1.0		__DUMMY__ 0.8672022020366316 neg 0.06897925984815545 off 0.063818538115213	false	1.0
sowie			__DUMMY__ 0.8613453453272997 off 0.07073507872410414 neg 0.06791957594859623	false	0.0
stornieren	neg 1.0		__DUMMY__ 0.8766848659812854 off 0.0620635272140105 neg 0.061251606804704116	false	0.5
besteuerung	neg 1.0		__DUMMY__ 0.8659203407248887 neg 0.07325240802837946 off 0.06082725124673182	false	1.0
ungeschminkt	neg 1.0		__DUMMY__ 0.8614562272350086 neg 0.07202856696744869 off 0.06651520579754273	false	1.0
kritisch	neg 1.0		__DUMMY__ 0.8725950975828826 neg 0.07010316148663358 off 0.05730174093048388	false	1.0
schlamperei	off 1.0		__DUMMY__ 0.8742572049185368 neg 0.06980776273991678 off 0.055935032341546516	false	0.5
sucht	neg 1.0	neg 1.0	neg 0.5182967443048442 __DUMMY__ 0.43599252301881103 off 0.045710732676344755	false	1.0
egoistisch	off 1.0		__DUMMY__ 0.86206276585048 off 0.0715969892945387 neg 0.06634024485498129	false	1.0
ausbeuter	off 1.0		__DUMMY__ 0.8708698764425116 neg 0.07319605045949863 off 0.05593407309798982	false	0.5
arschgeburt	off 1.0		__DUMMY__ 0.8521880871934102 off 0.07907233505654226 neg 0.0687395777500475	false	1.0
schubs	neg 1.0		__DUMMY__ 0.8729812293112855 neg 0.06892202990143077 off 0.05809674078728373	false	1.0
unsolide	neg 1.0		__DUMMY__ 0.8676629898689627 neg 0.07002240194014978 off 0.062314608190887535	false	1.0
beschwerde	neg 1.0		__DUMMY__ 0.8716499334999463 neg 0.07169293625141121 off 0.05665713024864242	false	1.0
stocken	neg 1.0		__DUMMY__ 0.8727833034614508 neg 0.07105991993267158 off 0.056156776605877666	false	1.0
isolieren	neg 1.0		__DUMMY__ 0.8730530819746499 neg 0.0692794250006664 off 0.05766749302468371	false	1.0
unheilbar	neg 1.0		__DUMMY__ 0.8713343975306059 neg 0.06774924673762081 off 0.060916355731773154	false	1.0
pisser	off 1.0		__DUMMY__ 0.8618864545232199 neg 0.06972423110075267 off 0.06838931437602747	false	0.5
löschen	neg 1.0		__DUMMY__ 0.8707685686636168 neg 0.06896942179769196 off 0.06026200953869123	false	1.0
durchfallen	neg 1.0		__DUMMY__ 0.8711030745525848 neg 0.07103302446705434 off 0.05786390098036076	false	1.0
wichser	off 1.0	off 1.0	off 0.5275768913184956 __DUMMY__ 0.4227223382922576 neg 0.04970077038924677	false	1.0
terror	neg 1.0		__DUMMY__ 0.869929445426967 neg 0.06694105922838314 off 0.06312949534464993	false	1.0
krass	neg 1.0		__DUMMY__ 0.8636777595053552 off 0.06910334876425245 neg 0.06721889173039233	false	0.5
revolte	neg 1.0		__DUMMY__ 0.8682105825031985 neg 0.06931213235038014 off 0.06247728514642137	false	1.0
besorgt	neg 1.0		__DUMMY__ 0.875958403553166 neg 0.06539632954427771 off 0.058645266902556344	false	1.0
nachlassen	neg 1.0		__DUMMY__ 0.8759008871179383 neg 0.06827361053655277 off 0.05582550234550889	false	1.0
alt	neg 1.0		__DUMMY__ 0.8712302553146508 neg 0.07129196294630487 off 0.05747778173904434	false	1.0
hundesohn	off 1.0		__DUMMY__ 0.8573353502748973 off 0.07571829098520885 neg 0.06694635873989394	false	1.0
als			__DUMMY__ 0.8734978519097527 neg 0.06799354690172493 off 0.05850860118852234	false	0.0
abschreckung	neg 1.0		__DUMMY__ 0.8739570336677398 neg 0.07128033613082856 off 0.05476263020143151	false	1.0
unqualifiziert	neg 1.0		__DUMMY__ 0.8669907718440264 neg 0.06828532614769768 off 0.06472390200827587	false	1.0
abgewichst	off 1.0		__DUMMY__ 0.8729576598000071 neg 0.06776902471705458 off 0.059273315482938266	false	0.5
schwer	neg 1.0		__DUMMY__ 0.870894791050506 neg 0.06907259055288786 off 0.06003261839660601	false	1.0
bedeutungslosigkeit	neg 1.0		__DUMMY__ 0.8732433839505787 neg 0.07098379996919303 off 0.05577281608022833	false	1.0
kapitulation	neg 1.0		__DUMMY__ 0.8727331114065002 neg 0.07030655392822263 off 0.056960334665277154	false	1.0
unscharf	neg 1.0		__DUMMY__ 0.8669862261351853 neg 0.07067801884027501 off 0.06233575502453985	false	1.0
schwinden	neg 1.0		__DUMMY__ 0.8730874535276585 neg 0.07156403831308486 off 0.05534850815925667	false	1.0
versklavung	neg 1.0		__DUMMY__ 0.8693800803199394 neg 0.06937392948653318 off 0.061245990193527354	false	1.0
schlecht	neg 1.0		__DUMMY__ 0.8695106983394338 off 0.06639239080720787 neg 0.0640969108533583	false	0.5
verhasst	neg 1.0		__DUMMY__ 0.8665727678764953 neg 0.07128379622026099 off 0.0621434359032437	false	1.0
beschweren	neg 1.0		__DUMMY__ 0.8705184583677448 neg 0.06694918381045505 off 0.0625323578218002	false	1.0
scheiden	neg 1.0		__DUMMY__ 0.873881399375595 neg 0.06620800592066725 off 0.05991059470373784	false	1.0
frustriert	neg 1.0		__DUMMY__ 0.87084049023556 neg 0.06990119420186872 off 0.05925831556257129	false	1.0
schimmelig	neg 1.0		__DUMMY__ 0.8684873244105817 neg 0.07435662889532313 off 0.05715604669409512	false	1.0
fisch	neg 1.0		__DUMMY__ 0.8717341652761045 neg 0.07402038458303861 off 0.0542454501408569	false	1.0
schmuggel	neg 1.0		__DUMMY__ 0.871360097633033 neg 0.07270591265875379 off 0.0559339897082132	false	1.0
auffallen	neg 1.0		__DUMMY__ 0.869827511913082 neg 0.06693015038936417 off 0.06324233769755368	false	1.0
konkurrenz	neg 1.0		__DUMMY__ 0.875825385809787 neg 0.06972492204277879 off 0.05444969214743424	false	1.0
teufelskreis	neg 1.0	neg 1.0	neg 0.5240807325788458 __DUMMY__ 0.43023089188804314 off 0.04568837553311107	false	1.0
aufschreien	neg 1.0		__DUMMY__ 0.8680958164187632 neg 0.06852209617229597 off 0.06338208740894073	false	1.0
schuldner	neg 1.0		__DUMMY__ 0.8712510551034859 neg 0.07363537584843921 off 0.05511356904807488	false	1.0
missgeburt	off 1.0	off 1.0	off 0.5246407499056126 __DUMMY__ 0.42195379221716517 neg 0.053405457877222236	false	1.0
arbeitslos	neg 1.0		__DUMMY__ 0.870690224406592 neg 0.07104214606625907 off 0.05826762952714891	false	1.0
befallen	neg 1.0		__DUMMY__ 0.8678994544191346 neg 0.07321078257467538 off 0.05888976300618997	false	1.0
miesepetrig	off 1.0	off 1.0	off 0.5196798281186918 __DUMMY__ 0.43038279275008756 neg 0.04993737913122056	false	1.0
alarmieren	neg 1.0		__DUMMY__ 0.8644002384621973 neg 0.0707008367510166 off 0.06489892478678609	false	1.0
ungeduscht	off 1.0		__DUMMY__ 0.865334621422334 neg 0.07052644730593205 off 0.06413893127173394	false	0.5
knappheit	neg 1.0		__DUMMY__ 0.8700198621896424 neg 0.07238019621965508 off 0.05759994159070248	false	1.0
schlange	neg 1.0		__DUMMY__ 0.8735676973127199 neg 0.06467073331254185 off 0.06176156937473829	false	1.0
harsch	neg 1.0		__DUMMY__ 0.8656193172024803 off 0.07017243358229099 neg 0.06420824921522864	false	0.5
lang	neg 1.0		__DUMMY__ 0.8708339670302799 neg 0.0680526287164525 off 0.0611134042532676	false	1.0
ziellos	neg 1.0		__DUMMY__ 0.8747243224997735 neg 0.06796922895737428 off 0.05730644854285227	false	1.0
selbstverliebt	neg 1.0		__DUMMY__ 0.8566266947398001 off 0.07672962148411151 neg 0.06664368377608833	false	0.5
beseitigen	neg 1.0		__DUMMY__ 0.8725374228678887 neg 0.06863769409214417 off 0.05882488303996722	false	1.0
dumm	off 1.0		__DUMMY__ 0.8628203201253013 off 0.07216455579658222 neg 0.06501512407811653	false	1.0
arbeitsloser	neg 1.0		__DUMMY__ 0.874123637662033 neg 0.06757134018808961 off 0.058305022149877414	false	1.0
blitzen	neg 1.0		__DUMMY__ 0.8697212759913792 neg 0.06673842767081056 off 0.06354029633781029	false	1.0
hilflos	neg 1.0		__DUMMY__ 0.8703693255478379 neg 0.07090759350790775 off 0.05872308094425435	false	1.0
eklig	off 1.0		__DUMMY__ 0.8589675070576079 off 0.07269504024730983 neg 0.06833745269508215	false	1.0
begriff			__DUMMY__ 0.8716305502915475 neg 0.06842505084327057 off 0.059944398865181936	false	0.0
hungersnot	neg 1.0		__DUMMY__ 0.870790782667289 neg 0.0712604045223014 off 0.05794881281040954	false	1.0
ungesetzlich	neg 1.0		__DUMMY__ 0.8678413127145536 neg 0.07051257389925758 off 0.06164611338618895	false	1.0
verschwendung	neg 1.0		__DUMMY__ 0.8727479114546616 neg 0.0709086545259462 off 0.05634343401939222	false	1.0
schmerzvoll	neg 1.0		__DUMMY__ 0.8695366758605577 neg 0.06832420495064224 off 0.062139119188800024	false	1.0
vorzeitig	neg 1.0		__DUMMY__ 0.8678692313081501 neg 0.06912611802215111 off 0.06300465066969878	false	1.0
unvollkommenheit	neg 1.0		__DUMMY__ 0.8762143482504858 neg 0.06646234534471625 off 0.057323306404797957	false	1.0
intervenieren	neg 1.0		__DUMMY__ 0.8720334572012167 neg 0.07164469369790881 off 0.05632184910087442	false	1.0
banause	off 1.0		__DUMMY__ 0.8552449768352711 off 0.07519163866969088 neg 0.06956338449503792	false	1.0
rebell	neg 1.0		__DUMMY__ 0.8741058328572009 neg 0.07358704558983531 off 0.05230712155296382	false	1.0
unlogisch	neg 1.0		__DUMMY__ 0.8645447432219278 off 0.06862888664262566 neg 0.06682637013544666	false	0.5
leiden	neg 1.0		__DUMMY__ 0.8771609303567524 neg 0.06796598635696945 off 0.05487308328627811	false	1.0
abschaffung	neg 1.0		__DUMMY__ 0.8706772644491809 neg 0.06857478274310759 off 0.06074795280771145	false	1.0
sturz	neg 1.0		__DUMMY__ 0.8699093427887102 neg 0.06979224223697758 off 0.06029841497431217	false	1.0
verkleinerung	neg 1.0		__DUMMY__ 0.8663764518826971 neg 0.07020066923296596 off 0.06342287888433693	false	1.0
schmarotzer	off 1.0		__DUMMY__ 0.8700849943016837 neg 0.07082404003674705 off 0.05909096566156922	false	0.5
bestrafung	neg 1.0		__DUMMY__ 0.8693563944790591 neg 0.06910333267958188 off 0.06154027284135888	false	1.0
achtlos	neg 1.0	neg 1.0	neg 0.5218467053297078 __DUMMY__ 0.43287242144999954 off 0.045280873220292714	false	1.0
ungeheuer	neg 1.0		__DUMMY__ 0.8694519138821243 neg 0.06794163453441872 off 0.06260645158345694	false	1.0
unaufrichtig	neg 1.0		__DUMMY__ 0.8729254745296782 neg 0.06353810634451194 off 0.0635364191258098	false	1.0
