unsolidarisch	neg 1.0		neg 0.36748266863718987 off 0.31716110910810436 __DUMMY__ 0.31535622225470583	false	1.0
nachteilig	neg 1.0		neg 0.3681954603827791 __DUMMY__ 0.3182132094982497 off 0.3135913301189712	false	1.0
skeptisch	neg 1.0		neg 0.3688342927920468 __DUMMY__ 0.31828918710138493 off 0.3128765201065683	false	1.0
schrecklich	neg 1.0		neg 0.3563940799841796 off 0.32954805325261166 __DUMMY__ 0.31405786676320857	false	1.0
schlapp	neg 1.0		neg 0.3594400352583986 off 0.32511241707879407 __DUMMY__ 0.3154475476628074	false	1.0
abfall	neg 1.0		neg 0.37068541868712995 __DUMMY__ 0.3200042217717847 off 0.3093103595410853	false	1.0
widerspenstig	neg 1.0		neg 0.36446023203655165 off 0.3188010640693774 __DUMMY__ 0.31673870389407094	false	1.0
abrupt	neg 1.0		neg 0.36780483602436587 __DUMMY__ 0.3183730931835631 off 0.3138220707920711	false	1.0
unwirksam	neg 1.0		neg 0.36823047660711467 off 0.31686696288078336 __DUMMY__ 0.3149025605121018	false	1.0
angreifen	neg 1.0		neg 0.370774141696081 __DUMMY__ 0.3173026201683723 off 0.31192323813554673	false	1.0
inkonsistent	neg 1.0		neg 0.36748192960986115 off 0.31799358328586713 __DUMMY__ 0.3145244871042717	false	1.0
abrutschen	neg 1.0		neg 0.3715180891386298 __DUMMY__ 0.31914544695125724 off 0.309336463910113	false	1.0
unsicher	neg 1.0		neg 0.3622927262076289 off 0.3195135015440703 __DUMMY__ 0.31819377224830087	false	1.0
bauernkind	off 1.0	off 1.0	off 0.6504435425975096 neg 0.201780226549614 __DUMMY__ 0.1477762308528765	false	1.0
angreifer	neg 1.0	neg 1.0	neg 0.6710922450872434 off 0.17694934683337676 __DUMMY__ 0.15195840807937983	false	1.0
trennen	neg 1.0		neg 0.36733292064876244 __DUMMY__ 0.3194448354232402 off 0.31322224392799736	false	1.0
schmutz	neg 1.0		neg 0.36243225726497513 off 0.3205616970547277 __DUMMY__ 0.3170060456802973	false	1.0
inkonsistenz	neg 1.0		neg 0.36386139755238905 off 0.3231466849680681 __DUMMY__ 0.3129919174795429	false	1.0
erschreckend	neg 1.0		neg 0.366124059323382 off 0.3173047274179542 __DUMMY__ 0.3165712132586639	false	1.0
ertrinken	neg 1.0		neg 0.37111455282214445 __DUMMY__ 0.3168348969948351 off 0.3120505501830204	false	1.0
pickelface	off 1.0		neg 0.365971177925983 off 0.31714738479438503 __DUMMY__ 0.31688143727963203	false	0.5
seiner			neg 0.3686340800060941 __DUMMY__ 0.3181901365874611 off 0.3131757834064448	false	0.0
lauch	neg 1.0		neg 0.37111782854273895 __DUMMY__ 0.3190631059293687 off 0.3098190655278924	false	1.0
unwichtig	neg 1.0		neg 0.36107934537253533 off 0.3240583010117738 __DUMMY__ 0.3148623536156908	false	1.0
steuerhinterziehung	neg 1.0	neg 1.0	neg 0.6738176158917946 off 0.1739581714033578 __DUMMY__ 0.15222421270484765	false	1.0
schock	neg 1.0		neg 0.36608331516503656 off 0.31711681544783066 __DUMMY__ 0.31679986938713284	false	1.0
beule	neg 1.0		neg 0.3613846418031332 off 0.3249629520281499 __DUMMY__ 0.313652406168717	false	1.0
vergelten	neg 1.0		neg 0.35543134909129664 off 0.32891196465788264 __DUMMY__ 0.3156566862508207	false	1.0
verdorbenheit	neg 1.0		neg 0.36211469398113 off 0.3200569232056248 __DUMMY__ 0.31782838281324527	false	1.0
trauma	neg 1.0		neg 0.3643141187197711 off 0.31938647654385804 __DUMMY__ 0.3162994047363709	false	1.0
sinnlos	neg 1.0		neg 0.36222850682181074 off 0.32136597614019213 __DUMMY__ 0.31640551703799724	false	1.0
fettsack	off 1.0	off 1.0	off 0.651676453179675 neg 0.19998914200090956 __DUMMY__ 0.14833440481941548	false	1.0
feige	off 1.0	off 1.0	off 0.6487886600325237 neg 0.20087304141085885 __DUMMY__ 0.15033829855661757	false	1.0
abdanken	neg 1.0		neg 0.3664355783873287 off 0.31713239191414266 __DUMMY__ 0.3164320296985287	false	1.0
wichtigtuer	off 1.0	off 1.0	off 0.6476669612421506 neg 0.20096133138705685 __DUMMY__ 0.15137170737079247	false	1.0
misslingen	neg 1.0		neg 0.35879974276661186 off 0.3213877788848268 __DUMMY__ 0.3198124783485613	false	1.0
untreu	off 1.0		neg 0.360325572145833 off 0.32476997558404663 __DUMMY__ 0.3149044522701204	false	0.5
missmutig	neg 1.0		neg 0.3608810937624581 off 0.3239070735508641 __DUMMY__ 0.3152118326866779	false	1.0
hurenbock	off 1.0		neg 0.3643211211510557 off 0.32004025283345877 __DUMMY__ 0.31563862601548553	false	0.5
betrunken	neg 1.0		neg 0.3583616004579413 off 0.32690585902281255 __DUMMY__ 0.31473254051924604	false	1.0
korrupt	off 1.0		neg 0.37005938727680265 __DUMMY__ 0.3156805861212125 off 0.31426002660198477	false	0.5
unmut	neg 1.0		neg 0.3708323068557419 __DUMMY__ 0.31946663416115806 off 0.30970105898309996	false	1.0
hackfresse	off 1.0		neg 0.35538965811416146 off 0.3328135982745507 __DUMMY__ 0.31179674361128773	false	0.5
aufblasen	neg 1.0		neg 0.3621144076998361 off 0.3210944603480999 __DUMMY__ 0.31679113195206393	false	1.0
gewaltsam	neg 1.0		neg 0.36827322873476737 __DUMMY__ 0.3161156460420597 off 0.3156111252231729	false	1.0
unbeliebtheit	neg 1.0		neg 0.3648732023487812 off 0.32159276370054224 __DUMMY__ 0.3135340339506766	false	1.0
sturheit	neg 1.0		neg 0.3676060426907614 __DUMMY__ 0.31625016119096044 off 0.3161437961182781	false	1.0
kuh	neg 1.0		neg 0.36826081391164706 off 0.3189440769233345 __DUMMY__ 0.31279510916501857	false	1.0
erschrecken	neg 1.0		neg 0.35979887823011525 off 0.3241532140147186 __DUMMY__ 0.3160479077551662	false	1.0
opfer	neg 1.0		neg 0.36803983095076187 __DUMMY__ 0.3176887626413549 off 0.3142714064078831	false	1.0
sinken	neg 1.0		neg 0.3704460208459261 __DUMMY__ 0.31924714181850045 off 0.31030683733557346	false	1.0
stinktier	neg 1.0		neg 0.36422929044985225 off 0.3266637345796059 __DUMMY__ 0.30910697497054196	false	1.0
tucke	off 1.0		neg 0.35812699984011115 off 0.3324496527894272 __DUMMY__ 0.30942334737046173	false	0.5
ein			neg 0.363889391862845 off 0.31969812002603215 __DUMMY__ 0.31641248811112277	false	0.0
abstieg	neg 1.0		neg 0.37000984473666537 __DUMMY__ 0.31747930531910656 off 0.31251084994422795	false	1.0
missverstehen	neg 1.0		neg 0.3632366149301006 off 0.3216221472618323 __DUMMY__ 0.3151412378080671	false	1.0
ergebnislos	neg 1.0		neg 0.3694487024366881 __DUMMY__ 0.3180310995936414 off 0.31252019796967045	false	1.0
unter			neg 0.3721338648961495 __DUMMY__ 0.32249285504688413 off 0.3053732800569665	false	0.0
manipulieren	neg 1.0		neg 0.36871932456334244 __DUMMY__ 0.3186941583028458 off 0.3125865171338117	false	1.0
unbewiesen	neg 1.0		neg 0.36862263170866116 off 0.3166324197552562 __DUMMY__ 0.31474494853608276	false	1.0
verschleppen	neg 1.0		neg 0.369955769114702 __DUMMY__ 0.3164249944655809 off 0.31361923641971706	false	1.0
weib	off 1.0		neg 0.3609754436719461 off 0.3308436420891838 __DUMMY__ 0.3081809142388701	false	0.5
opposition	neg 1.0		neg 0.3657488221855438 off 0.31926138392013753 __DUMMY__ 0.3149897938943186	false	1.0
verkehrswidrig	neg 1.0		neg 0.35449006601259064 off 0.33013961533318803 __DUMMY__ 0.31537031865422127	false	1.0
inkorrekt	neg 1.0		neg 0.3595993578758848 off 0.3275761394679724 __DUMMY__ 0.3128245026561428	false	1.0
vermeiden	neg 1.0	neg 1.0	neg 0.6741332716719792 off 0.17091738002531895 __DUMMY__ 0.15494934830270182	false	1.0
abweichung	neg 1.0	neg 1.0	neg 0.6716165688933005 off 0.17454927540475476 __DUMMY__ 0.15383415570194486	false	1.0
alkoholisiert	neg 1.0		neg 0.3679777713978898 __DUMMY__ 0.3184971813673162 off 0.3135250472347941	false	1.0
scheiss	off 1.0	off 1.0	off 0.6493511084193907 neg 0.20009396945735541 __DUMMY__ 0.1505549221232539	false	1.0
herausforderung	neg 1.0		neg 0.36690570125033806 __DUMMY__ 0.31940117287217235 off 0.3136931258774896	false	1.0
pervers	off 1.0		neg 0.35458263986467614 off 0.3358087161790902 __DUMMY__ 0.30960864395623366	false	0.5
wackelig	neg 1.0		neg 0.3621991670513225 __DUMMY__ 0.31974763284207136 off 0.3180532001066061	false	1.0
verwickeln	neg 1.0		neg 0.3634412796632597 off 0.32110177977341203 __DUMMY__ 0.3154569405633284	false	1.0
vorwand	neg 1.0		neg 0.37001705385594424 __DUMMY__ 0.31805077019516975 off 0.31193217594888606	false	1.0
muschi	off 1.0		neg 0.36571414601670366 off 0.3173762481873754 __DUMMY__ 0.31690960579592103	false	0.5
entmutigung	neg 1.0		neg 0.36486379096208577 off 0.3193146073853194 __DUMMY__ 0.31582160165259493	false	1.0
unangemessen	neg 1.0		neg 0.3678359759202892 __DUMMY__ 0.3162416661333537 off 0.31592235794635715	false	1.0
unstetig	neg 1.0		neg 0.3626987045310854 off 0.32144595502487633 __DUMMY__ 0.31585534044403835	false	1.0
entmutigen	neg 1.0		neg 0.3635989285257627 off 0.3197579040506162 __DUMMY__ 0.3166431674236211	false	1.0
schwanz	neg 1.0		neg 0.3684223273023629 __DUMMY__ 0.31734667564020985 off 0.3142309970574273	false	1.0
verbot	neg 1.0		neg 0.36845371519646625 __DUMMY__ 0.3169469732581439 off 0.31459931154538967	false	1.0
leid	neg 1.0		neg 0.3568840932836759 off 0.3306229938733157 __DUMMY__ 0.31249291284300845	false	1.0
archaisch	neg 1.0		neg 0.3672245868310054 __DUMMY__ 0.31646103997243 off 0.3163143731965646	false	1.0
gegen			neg 0.37084611301051246 __DUMMY__ 0.3189788372268789 off 0.31017504976260857	false	0.0
scheidung	neg 1.0		neg 0.34663119665690906 off 0.34243830709392287 __DUMMY__ 0.310930496249168	false	1.0
einschlag	neg 1.0		neg 0.3581971720344424 off 0.32771987000383146 __DUMMY__ 0.31408295796172614	false	1.0
m			neg 0.36552204454759074 __DUMMY__ 0.3181757893462894 off 0.31630216610611994	false	0.0
abgestanden	neg 1.0		neg 0.36674949204298 off 0.3181379170205346 __DUMMY__ 0.31511259093648536	false	1.0
schmierig	off 1.0		neg 0.35657509649113384 off 0.33014622711023367 __DUMMY__ 0.3132786763986325	false	0.5
unpraktisch	neg 1.0		neg 0.36282406985685056 off 0.3206068505639302 __DUMMY__ 0.3165690795792192	false	1.0
wixxer	off 1.0		neg 0.3565762689287376 off 0.3350759215740687 __DUMMY__ 0.3083478094971936	false	0.5
bezeichnet			neg 0.36726634270463415 off 0.3174711158901954 __DUMMY__ 0.3152625414051706	false	0.0
jammerlappen	off 1.0		neg 0.35921787953391754 off 0.32487758809250733 __DUMMY__ 0.31590453237357513	false	0.5
farce	neg 1.0		neg 0.3687288020210717 __DUMMY__ 0.3160039634483924 off 0.3152672345305359	false	1.0
zwecklos	neg 1.0		neg 0.367929586200124 __DUMMY__ 0.3164925870796752 off 0.3155778267202007	false	1.0
turbulent	neg 1.0		neg 0.36229075550944095 off 0.3246439341735947 __DUMMY__ 0.31306531031696433	false	1.0
invasion	neg 1.0		neg 0.3633301457078951 off 0.32071207444547806 __DUMMY__ 0.3159577798466269	false	1.0
schuld	neg 1.0		neg 0.3648935722817999 off 0.3193453628897344 __DUMMY__ 0.31576106482846567	false	1.0
risiko	neg 1.0	neg 1.0	neg 0.6700943040545091 off 0.17710297828496477 __DUMMY__ 0.15280271766052614	false	1.0
finster	neg 1.0		neg 0.3657963232678383 off 0.31915120238577466 __DUMMY__ 0.31505247434638695	false	1.0
geisteskrank	off 1.0		neg 0.36181923783890246 off 0.3251847215749522 __DUMMY__ 0.3129960405861454	false	0.5
zusammenbrechen	neg 1.0		neg 0.3658200646423478 __DUMMY__ 0.31758532967989556 off 0.31659460567775655	false	1.0
ausbeute	neg 1.0		neg 0.3599763716291637 __DUMMY__ 0.32218432813002884 off 0.31783930024080753	false	1.0
hinterhalt	neg 1.0		neg 0.36557020157134423 __DUMMY__ 0.3178557348992186 off 0.3165740635294372	false	1.0
kritik	neg 1.0		neg 0.369194154024107 __DUMMY__ 0.3158961133524066 off 0.3149097326234864	false	1.0
einschrumpfen	neg 1.0		neg 0.36424868578944936 off 0.3218576067576048 __DUMMY__ 0.31389370745294604	false	1.0
riskant	neg 1.0		neg 0.3700401402783659 __DUMMY__ 0.31719124376387475 off 0.31276861595775923	false	1.0
frustrieren	neg 1.0		neg 0.3682614862990432 __DUMMY__ 0.3174701847208533 off 0.31426832898010354	false	1.0
groll	neg 1.0		neg 0.36848373344771407 __DUMMY__ 0.31654833686937495 off 0.3149679296829111	false	1.0
gibt			neg 0.3649690906520278 __DUMMY__ 0.3179976081155639 off 0.31703330123240836	false	0.0
qualvoll	neg 1.0		neg 0.36291967237094175 off 0.3217217863922192 __DUMMY__ 0.3153585412368391	false	1.0
wackeln	neg 1.0		neg 0.362212520884684 off 0.32025244943773595 __DUMMY__ 0.3175350296775801	false	1.0
klagen	neg 1.0		neg 0.37084338652668664 __DUMMY__ 0.318866649480962 off 0.3102899639923514	false	1.0
bankrott	neg 1.0		neg 0.3599439462409071 off 0.32401529014585906 __DUMMY__ 0.3160407636132338	false	1.0
trauern	neg 1.0		neg 0.3680955159411022 __DUMMY__ 0.31806550842114395 off 0.31383897563775376	false	1.0
ablehnung	neg 1.0		neg 0.3688880361739557 __DUMMY__ 0.31626508773819006 off 0.3148468760878544	false	1.0
stur	neg 1.0		neg 0.3643665852221272 off 0.3197286864736822 __DUMMY__ 0.3159047283041905	false	1.0
aufruhr	neg 1.0	neg 1.0	neg 0.6725940849028428 off 0.17510615065717844 __DUMMY__ 0.15229976443997884	false	1.0
melancholie	neg 1.0		neg 0.3679474652199065 __DUMMY__ 0.3174065392799655 off 0.3146459955001281	false	1.0
ist			neg 0.3623830861635882 off 0.3211113123075165 __DUMMY__ 0.31650560152889523	false	0.0
torheit	neg 1.0		neg 0.3643805368561194 off 0.31890075338450546 __DUMMY__ 0.31671870975937527	false	1.0
dreckskind	off 1.0		neg 0.3600862418909177 off 0.3299171243985297 __DUMMY__ 0.3099966337105526	false	0.5
umtauschen	neg 1.0		neg 0.3646087561782215 off 0.31833904280300973 __DUMMY__ 0.3170522010187689	false	1.0
zum			neg 0.3671898799235416 __DUMMY__ 0.3227161325465564 off 0.3100939875299021	false	0.0
zersetzen	neg 1.0		neg 0.37118899041317727 __DUMMY__ 0.31717726383994305 off 0.31163374574687963	false	1.0
zur			neg 0.3709207670345584 __DUMMY__ 0.3211613523572489 off 0.3079178806081928	false	0.0
frust	neg 1.0		neg 0.365405466257982 __DUMMY__ 0.3178382654383337 off 0.31675626830368436	false	1.0
unerbittlichkeit	neg 1.0		neg 0.3705071101250243 __DUMMY__ 0.3176051915434748 off 0.3118876983315009	false	1.0
zwei			neg 0.3676206170754879 __DUMMY__ 0.32162725635852746 off 0.31075212656598467	false	0.0
unkorrekt	neg 1.0		neg 0.3572826084595825 off 0.32832889134073096 __DUMMY__ 0.3143885001996866	false	1.0
hexe	off 1.0		neg 0.366413138041048 off 0.3218692936642273 __DUMMY__ 0.31171756829472463	false	0.5
lasch	neg 1.0		neg 0.3631240510181488 off 0.32239139461635413 __DUMMY__ 0.31448455436549694	false	1.0
rivale	neg 1.0		neg 0.3599403643153728 off 0.32637615024277344 __DUMMY__ 0.31368348544185376	false	1.0
mutlos	off 1.0	off 1.0	off 0.6429097558915046 neg 0.20479550577419955 __DUMMY__ 0.152294738334296	false	1.0
wirr	off 1.0		neg 0.3599856599840032 off 0.32772452652369044 __DUMMY__ 0.31228981349230633	false	0.5
jahr			neg 0.3618778491655795 __DUMMY__ 0.32286199102298246 off 0.3152601598114381	false	0.0
wird			neg 0.36672672600582445 __DUMMY__ 0.31789105597482 off 0.3153822180193555	false	0.0
strafbar	neg 1.0		neg 0.3679107408416823 __DUMMY__ 0.317989916527359 off 0.3140993426309586	false	1.0
erosion	neg 1.0		neg 0.3629038107340634 off 0.31931547610021616 __DUMMY__ 0.3177807131657203	false	1.0
eingehen	neg 1.0		neg 0.36875692130329846 __DUMMY__ 0.3173698433892425 off 0.313873235307459	false	1.0
faul	off 1.0		neg 0.3603875225090799 off 0.32382849267341196 __DUMMY__ 0.31578398481750813	false	0.5
provisorium	neg 1.0		neg 0.36887193612303365 __DUMMY__ 0.32382309226786216 off 0.30730497160910436	false	1.0
schmerzen	neg 1.0		neg 0.3671502709023624 off 0.31669318623657317 __DUMMY__ 0.3161565428610643	false	1.0
schrumpfen	neg 1.0		neg 0.37398261292930207 __DUMMY__ 0.3191440247289077 off 0.3068733623417902	false	1.0
geistlos	off 1.0		neg 0.36630795722280823 off 0.3200165465113737 __DUMMY__ 0.313675496265818	false	0.5
fehlkauf	neg 1.0		neg 0.3639748371867063 off 0.3202384227363658 __DUMMY__ 0.31578674007692803	false	1.0
frustrierend	neg 1.0		neg 0.36077763040067173 off 0.32341551249410827 __DUMMY__ 0.31580685710522005	false	1.0
unzufrieden	neg 1.0		neg 0.3675362970228011 __DUMMY__ 0.31694019120801853 off 0.3155235117691804	false	1.0
verzweifeln	neg 1.0		neg 0.36537084967019723 off 0.31748792509077634 __DUMMY__ 0.3171412252390265	false	1.0
verzweifelt	neg 1.0	neg 1.0	neg 0.6723089372981252 off 0.17634609128212742 __DUMMY__ 0.15134497141974723	false	1.0
misstrauensantrag	neg 1.0		neg 0.3636120752544653 off 0.32069652357018896 __DUMMY__ 0.31569140117534583	false	1.0
abfallen	neg 1.0		neg 0.36213028806932074 off 0.3203615954890061 __DUMMY__ 0.3175081164416731	false	1.0
fucker	off 1.0		neg 0.3583204586456761 off 0.3274694624888145 __DUMMY__ 0.3142100788655096	false	0.5
ungezogen	neg 1.0		neg 0.35411174771187803 off 0.33533209912283823 __DUMMY__ 0.31055615316528373	false	1.0
irrsinnig	neg 1.0	neg 1.0	neg 0.671860701950734 off 0.17652853610316663 __DUMMY__ 0.15161076194609946	false	1.0
unfassbar	neg 1.0		neg 0.35842683986943225 off 0.32615384289094257 __DUMMY__ 0.31541931723962524	false	1.0
hart	neg 1.0		neg 0.3630108019701443 off 0.32366781486468876 __DUMMY__ 0.313321383165167	false	1.0
widerlich	off 1.0		neg 0.3603657312395162 off 0.3258210691348392 __DUMMY__ 0.31381319962564463	false	0.5
fatal	neg 1.0		neg 0.3632857653241105 off 0.3209583231283359 __DUMMY__ 0.31575591154755356	false	1.0
bruch	neg 1.0		neg 0.37018287274093364 __DUMMY__ 0.3189823152184758 off 0.3108348120405906	false	1.0
aushungern	neg 1.0		neg 0.366705569881643 __DUMMY__ 0.3172664078544965 off 0.31602802226386034	false	1.0
anspannung	neg 1.0		neg 0.3705548376778966 __DUMMY__ 0.3208662768654597 off 0.3085788854566438	false	1.0
von			neg 0.36046004498398837 __DUMMY__ 0.3236663520398714 off 0.31587360297614026	false	0.0
kraftlos	neg 1.0		neg 0.3660987241848843 __DUMMY__ 0.3178610228554639 off 0.3160402529596517	false	1.0
vom			neg 0.36803503608646354 __DUMMY__ 0.3239639075969832 off 0.3080010563165532	false	0.0
grenzdebil	off 1.0		neg 0.3582565685336457 off 0.3264912388361714 __DUMMY__ 0.31525219263018284	false	0.5
vor			neg 0.3677035276148303 __DUMMY__ 0.3198728508004537 off 0.312423621584716	false	0.0
unterwerfen	neg 1.0		neg 0.3686076873050805 __DUMMY__ 0.3174026743358075 off 0.31398963835911203	false	1.0
versenkung	neg 1.0		neg 0.36569099712659103 __DUMMY__ 0.3189653896387268 off 0.31534361323468224	false	1.0
entziehen	neg 1.0		neg 0.37040903365929656 __DUMMY__ 0.3187157925603184 off 0.31087517378038515	false	1.0
finanzkrise	neg 1.0		neg 0.3698038497233765 off 0.3153106598703154 __DUMMY__ 0.314885490406308	false	1.0
schimpfend	neg 1.0		neg 0.363721691575015 off 0.32053260342794043 __DUMMY__ 0.3157457049970446	false	1.0
profan	neg 1.0		neg 0.3629855530841972 off 0.32150301368202855 __DUMMY__ 0.31551143323377423	false	1.0
korruption	neg 1.0		neg 0.3691523092441775 __DUMMY__ 0.3167424354808537 off 0.31410525527496885	false	1.0
â			neg 0.36606184816131837 __DUMMY__ 0.31830995582646976 off 0.3156281960122119	false	0.0
schmutzig	neg 1.0		neg 0.3576851381333681 off 0.32706407158974704 __DUMMY__ 0.3152507902768848	false	1.0
sexy	neg 1.0		neg 0.3609651156051004 off 0.3230338909189921 __DUMMY__ 0.31600099347590743	false	1.0
abraten	neg 1.0		neg 0.3614094802116975 off 0.32167895537261415 __DUMMY__ 0.3169115644156883	false	1.0
schwarz	neg 1.0		neg 0.36396181636283526 off 0.32011629838822986 __DUMMY__ 0.315921885248935	false	1.0
fotze	off 1.0	off 1.0	off 0.6445827517174217 neg 0.2027149908483027 __DUMMY__ 0.15270225743427565	false	1.0
verwirren	neg 1.0		neg 0.3616696187782819 off 0.3224221457886289 __DUMMY__ 0.31590823543308916	false	1.0
zahnlos	off 1.0		neg 0.3668232722187901 __DUMMY__ 0.316743251072946 off 0.316433476708264	false	0.5
verheeren	neg 1.0		neg 0.35323631916065423 off 0.3365710720713377 __DUMMY__ 0.31019260876800814	false	1.0
hippie	neg 1.0		neg 0.3617767932431107 off 0.3223875554169344 __DUMMY__ 0.3158356513399548	false	1.0
rammen	neg 1.0		neg 0.3690277957348868 off 0.3177144146335167 __DUMMY__ 0.31325778963159645	false	1.0
unlauter	neg 1.0		neg 0.36587658141318186 off 0.31881873467170824 __DUMMY__ 0.3153046839151099	false	1.0
unheilvoll	neg 1.0		neg 0.36469853410000175 off 0.31995463530739615 __DUMMY__ 0.31534683059260216	false	1.0
niedrig	neg 1.0		neg 0.3712270460967428 __DUMMY__ 0.3167812236472654 off 0.31199173025599175	false	1.0
explosion	neg 1.0		neg 0.36152346025708765 off 0.3221734415531948 __DUMMY__ 0.31630309818971775	false	1.0
weichei	off 1.0	off 1.0	off 0.6528215103405831 neg 0.19770958536255473 __DUMMY__ 0.14946890429686224	false	1.0
minusmensch	off 1.0		neg 0.36102690725607495 off 0.33114487921244107 __DUMMY__ 0.30782821353148404	false	0.5
farblos	neg 1.0		neg 0.3671911798025974 off 0.3170347464024947 __DUMMY__ 0.31577407379490785	false	1.0
unwissend	neg 1.0	neg 1.0	neg 0.6694812171446312 off 0.17932283286458053 __DUMMY__ 0.15119594999078828	false	1.0
traurig	neg 1.0		neg 0.3564742699547661 off 0.32892136578177733 __DUMMY__ 0.3146043642634566	false	1.0
senkung	neg 1.0		neg 0.36464549609554847 off 0.3207230995638907 __DUMMY__ 0.31463140434056086	false	1.0
ungleich	neg 1.0	neg 1.0	neg 0.6739906551129698 off 0.17304507531551033 __DUMMY__ 0.15296426957151982	false	1.0
heikel	neg 1.0		neg 0.36909349563111427 __DUMMY__ 0.3176971800531554 off 0.31320932431573034	false	1.0
drosselung	neg 1.0		neg 0.3609462671635515 off 0.3251314271784149 __DUMMY__ 0.31392230565803364	false	1.0
falsch	neg 1.0		neg 0.3607669445050094 off 0.3236226118207995 __DUMMY__ 0.31561044367419117	false	1.0
unzufriedenheit	neg 1.0		neg 0.37036761617445696 __DUMMY__ 0.31819529813756303 off 0.31143708568798	false	1.0
kurz	neg 1.0		neg 0.36232202527012575 __DUMMY__ 0.3192470999498897 off 0.31843087477998455	false	1.0
unsinnig	neg 1.0		neg 0.3665041053701476 off 0.31678281104362405 __DUMMY__ 0.3167130835862283	false	1.0
penner	off 1.0	off 1.0	off 0.6538439485180633 neg 0.19683417553374366 __DUMMY__ 0.14932187594819313	false	1.0
seicht	neg 1.0		neg 0.3546455458659562 off 0.33473696686681764 __DUMMY__ 0.3106174872672263	false	1.0
dummheit	off 1.0	off 1.0	off 0.6473816680911648 neg 0.20184865690041104 __DUMMY__ 0.15076967500842417	false	1.0
unerfreulich	neg 1.0		neg 0.368024549604427 __DUMMY__ 0.31893225029073 off 0.31304320010484304	false	1.0
motherfucker	off 1.0	off 1.0	off 0.650442895459669 neg 0.19890727721791157 __DUMMY__ 0.1506498273224194	false	1.0
pikiert	neg 1.0		neg 0.36181682049350417 off 0.3245346029322445 __DUMMY__ 0.31364857657425144	false	1.0
wrack	neg 1.0		neg 0.3685789383284743 __DUMMY__ 0.31649285703659563 off 0.31492820463492993	false	1.0
gangster	neg 1.0		neg 0.36178358452581083 off 0.3224339769477775 __DUMMY__ 0.31578243852641186	false	1.0
krank	neg 1.0		neg 0.3573298274628868 off 0.3269226692625836 __DUMMY__ 0.31574750327452966	false	1.0
reich	neg 1.0		neg 0.36063394870992016 off 0.324361642374911 __DUMMY__ 0.31500440891516895	false	1.0
gnadenlos	neg 1.0		neg 0.36470990358163013 off 0.31946127026923454 __DUMMY__ 0.3158288261491353	false	1.0
niedergeschlagen	neg 1.0		neg 0.36581805312046584 __DUMMY__ 0.31726610194726723 off 0.31691584493226693	false	1.0
terrorisieren	off 1.0	off 1.0	off 0.6435843437670755 neg 0.2034817434721881 __DUMMY__ 0.15293391276073642	false	1.0
sinnlosigkeit	neg 1.0		neg 0.3671055513103931 __DUMMY__ 0.3169737353638447 off 0.31592071332576227	false	1.0
behindern	neg 1.0		neg 0.3656386784876534 off 0.31751376346063925 __DUMMY__ 0.3168475580517074	false	1.0
undemokratisch	neg 1.0		neg 0.36454064466443586 off 0.319308938987207 __DUMMY__ 0.3161504163483572	false	1.0
wirtschaftskrise	neg 1.0		neg 0.3708642461510521 __DUMMY__ 0.31595864799185147 off 0.3131771058570964	false	1.0
neid	neg 1.0		neg 0.35864314242824635 off 0.32443067712572693 __DUMMY__ 0.3169261804460267	false	1.0
rutschen	neg 1.0		neg 0.36746241183375256 __DUMMY__ 0.32181304350967405 off 0.3107245446565734	false	1.0
rezession	neg 1.0		neg 0.3635175326197091 off 0.32602171075377984 __DUMMY__ 0.31046075662651107	false	1.0
fehlgeburt	neg 1.0		neg 0.3634611972030603 off 0.32041683051419684 __DUMMY__ 0.3161219722827428	false	1.0
charakterschwach	off 1.0		neg 0.3606047338949675 off 0.32555035815550115 __DUMMY__ 0.3138449079495313	false	0.5
isolation	neg 1.0		neg 0.3610715284152373 off 0.32305100499537964 __DUMMY__ 0.3158774665893831	false	1.0
ablenkung	neg 1.0		neg 0.36243788347713257 off 0.31964589377199254 __DUMMY__ 0.317916222750875	false	1.0
pech	neg 1.0		neg 0.3606353170585795 off 0.3234032159255407 __DUMMY__ 0.31596146701587985	false	1.0
vermeidung	neg 1.0		neg 0.3602271155838487 off 0.32555280616104554 __DUMMY__ 0.3142200782551056	false	1.0
dominieren	neg 1.0		neg 0.3685390666739939 __DUMMY__ 0.31766017163736543 off 0.31380076168864063	false	1.0
schwindlig	neg 1.0		neg 0.36176527882195747 off 0.3216362584019715 __DUMMY__ 0.316598462776071	false	1.0
lutscher	neg 1.0	neg 1.0	neg 0.6661703055198982 off 0.18515268922287703 __DUMMY__ 0.14867700525722483	false	1.0
pflicht	neg 1.0		neg 0.3700349731726995 __DUMMY__ 0.31809877883687154 off 0.311866247990429	false	1.0
faschist	off 1.0		neg 0.3620560026583177 off 0.3223369994743942 __DUMMY__ 0.31560699786728813	false	0.5
verschleudern	neg 1.0		neg 0.36888855295662704 __DUMMY__ 0.3179332893784413 off 0.3131781576649317	false	1.0
wenn			neg 0.36078948874617517 off 0.3236914628352158 __DUMMY__ 0.315519048418609	false	0.0
ehebruch	neg 1.0		neg 0.36866194790322526 __DUMMY__ 0.3170506573089463 off 0.31428739478782824	false	1.0
spott	off 1.0		neg 0.3687845338418483 __DUMMY__ 0.3173182862910102 off 0.31389717986714155	false	0.5
trostlosigkeit	neg 1.0		neg 0.3709834164079258 __DUMMY__ 0.318107368901081 off 0.31090921469099325	false	1.0
lutschen	neg 1.0		neg 0.36473962020731954 off 0.3214303965812401 __DUMMY__ 0.31382998321144034	false	1.0
undiszipliniert	neg 1.0		neg 0.35803183086601625 off 0.32783792350078594 __DUMMY__ 0.31413024563319786	false	1.0
kopfschmerz	neg 1.0		neg 0.3696418889749595 __DUMMY__ 0.3156121309850403 off 0.3147459800400002	false	1.0
unvorhergesehen	neg 1.0		neg 0.36544869991668844 __DUMMY__ 0.32003897885959026 off 0.31451232122372136	false	1.0
desinteressiert	neg 1.0	neg 1.0	neg 0.668603328435752 off 0.18070870781393567 __DUMMY__ 0.15068796375031232	false	1.0
armselig	off 1.0		neg 0.3591340514722482 off 0.3278824967642265 __DUMMY__ 0.3129834517635253	false	0.5
desaster	neg 1.0		neg 0.3708023882826608 __DUMMY__ 0.31907849193091536 off 0.31011911978642387	false	1.0
tod	neg 1.0		neg 0.36854847639757055 __DUMMY__ 0.3170735974937041 off 0.31437792610872534	false	1.0
herzlos	neg 1.0		neg 0.35807567508714866 off 0.3282880308221845 __DUMMY__ 0.3136362940906669	false	1.0
unwissenheit	neg 1.0		neg 0.3681325465317859 __DUMMY__ 0.31666654720223636 off 0.31520090626597774	false	1.0
widersinnig	neg 1.0		neg 0.36929831531186325 __DUMMY__ 0.31591976492852397 off 0.3147819197596127	false	1.0
bedenklich	neg 1.0		neg 0.36833569593850063 __DUMMY__ 0.317220463818978 off 0.31444384024252137	false	1.0
beanstanden	neg 1.0		neg 0.36934078717091967 __DUMMY__ 0.31874792839457466 off 0.3119112844345055	false	1.0
panisch	neg 1.0	neg 1.0	neg 0.6689694782858286 off 0.17828396012112804 __DUMMY__ 0.15274656159304334	false	1.0
debil	off 1.0		neg 0.3729649573661121 __DUMMY__ 0.3209934040307824 off 0.30604163860310546	false	0.5
abstrich	neg 1.0		neg 0.36272589143238504 __DUMMY__ 0.31874142020703666 off 0.3185326883605782	false	1.0
primitiv	neg 1.0		neg 0.3599707436953754 off 0.3261601574414611 __DUMMY__ 0.3138690988631635	false	1.0
abschaum	off 1.0	off 1.0	off 0.6491690987610251 neg 0.20007075016765866 __DUMMY__ 0.1507601510713162	false	1.0
provozieren	neg 1.0		neg 0.36581456262362494 off 0.31886626349991687 __DUMMY__ 0.3153191738764582	false	1.0
tot	neg 1.0		neg 0.36798486527369223 __DUMMY__ 0.31697895214113225 off 0.3150361825851755	false	1.0
instabil	neg 1.0		neg 0.3596959445230798 off 0.32712707869678803 __DUMMY__ 0.3131769767801321	false	1.0
schwuchtel	off 1.0	off 1.0	off 0.6568430877854864 neg 0.19570050945041756 __DUMMY__ 0.14745640276409605	false	1.0
zerren	neg 1.0		neg 0.36647370574078136 __DUMMY__ 0.3173146188309824 off 0.31621167542823636	false	1.0
kinderficker	off 1.0		neg 0.3559702356199126 off 0.33125390611046046 __DUMMY__ 0.31277585826962684	false	0.5
gefahr	neg 1.0		neg 0.36941670969095836 __DUMMY__ 0.31889078066966 off 0.31169250963938155	false	1.0
rabiat	neg 1.0		neg 0.3644463012109679 off 0.31877968100960347 __DUMMY__ 0.31677401777942865	false	1.0
verlangsamung	neg 1.0		neg 0.3592828396514774 off 0.33099080822228416 __DUMMY__ 0.30972635212623845	false	1.0
ausgestorben	neg 1.0		neg 0.3639766542594222 off 0.31872710217930916 __DUMMY__ 0.31729624356126856	false	1.0
anklagen	neg 1.0		neg 0.3689707745779876 __DUMMY__ 0.31670414084440485 off 0.3143250845776077	false	1.0
trott	neg 1.0		neg 0.3651809180617584 off 0.3179791555638929 __DUMMY__ 0.31683992637434877	false	1.0
verminderung	neg 1.0		neg 0.3592677541785268 off 0.3263164035615334 __DUMMY__ 0.3144158422599398	false	1.0
nach			neg 0.36824983530767846 __DUMMY__ 0.32229614040858373 off 0.3094540242837378	false	0.0
rost	neg 1.0		neg 0.3572302583047155 off 0.33097109179760004 __DUMMY__ 0.31179864989768447	false	1.0
destruktiv	neg 1.0		neg 0.365842667212566 off 0.3179275607913031 __DUMMY__ 0.31622977199613095	false	1.0
unzumutbarkeit	neg 1.0		neg 0.36062411436693126 off 0.3246308096035519 __DUMMY__ 0.31474507602951685	false	1.0
labil	off 1.0	off 1.0	off 0.6487263748466785 neg 0.2002608513876272 __DUMMY__ 0.15101277376569427	false	1.0
ziemlich	neg 1.0		neg 0.35782883682461625 off 0.32630289146308605 __DUMMY__ 0.31586827171229753	false	1.0
lachnummer	off 1.0		neg 0.36530719457268485 off 0.31866323014696435 __DUMMY__ 0.3160295752803508	false	0.5
oder			neg 0.3618370838688849 off 0.3205119288780287 __DUMMY__ 0.31765098725308627	false	0.0
verfall	neg 1.0		neg 0.3732227965019847 __DUMMY__ 0.319518565788674 off 0.3072586377093413	false	1.0
ausgrenzung	neg 1.0		neg 0.36427203550610643 off 0.31988349755262047 __DUMMY__ 0.31584446694127305	false	1.0
unordnung	neg 1.0		neg 0.3569874141849365 off 0.32811244617375546 __DUMMY__ 0.314900139641308	false	1.0
fehlverhalten	neg 1.0		neg 0.37096263697476195 __DUMMY__ 0.3171110484156564 off 0.31192631460958153	false	1.0
eine			neg 0.3670275374887323 __DUMMY__ 0.3197578979355867 off 0.31321456457568103	false	0.0
nille	neg 1.0		neg 0.3647059048910941 off 0.318100848965681 __DUMMY__ 0.31719324614322486	false	1.0
qual	neg 1.0		neg 0.3653488154984896 off 0.31759851075122536 __DUMMY__ 0.3170526737502851	false	1.0
verschwenden	neg 1.0		neg 0.3694001954036799 __DUMMY__ 0.31710935178679006 off 0.31349045280953003	false	1.0
riesig	neg 1.0		neg 0.36775318943138274 __DUMMY__ 0.31777948319292915 off 0.31446732737568805	false	1.0
verurteilen	neg 1.0		neg 0.3692113130172298 __DUMMY__ 0.31613736257939506 off 0.3146513244033751	false	1.0
klischee	neg 1.0	neg 1.0	neg 0.6706246105242671 off 0.17822651314914023 __DUMMY__ 0.1511488763265925	false	1.0
diktatorisch	neg 1.0		neg 0.3655228209495522 off 0.3189958263504854 __DUMMY__ 0.3154813526999625	false	1.0
vorhersehbar	neg 1.0		neg 0.363455373140901 off 0.32172165550948134 __DUMMY__ 0.3148229713496175	false	1.0
sowie			neg 0.3589372172949762 off 0.3294489919878654 __DUMMY__ 0.31161379071715833	false	0.0
stornieren	neg 1.0		neg 0.3572242046636882 off 0.3233181679967744 __DUMMY__ 0.3194576273395374	false	1.0
besteuerung	neg 1.0		neg 0.3687976396759763 off 0.31721756364465487 __DUMMY__ 0.3139847966793688	false	1.0
ungeschminkt	neg 1.0		neg 0.3645186069493864 off 0.3238610788454925 __DUMMY__ 0.31162031420512104	false	1.0
kritisch	neg 1.0		neg 0.3679716443740307 __DUMMY__ 0.31763918735396757 off 0.31438916827200175	false	1.0
schlamperei	off 1.0		neg 0.36865205003003104 __DUMMY__ 0.3183488281788302 off 0.3129991217911389	false	0.5
sucht	neg 1.0	neg 1.0	neg 0.6691775857182856 off 0.17731037925475435 __DUMMY__ 0.15351203502696	false	1.0
egoistisch	off 1.0		neg 0.35701100789422213 off 0.3309984685779432 __DUMMY__ 0.3119905235278345	false	0.5
ausbeuter	off 1.0		neg 0.37161084354013024 __DUMMY__ 0.3167374949273397 off 0.31165166153253004	false	0.5
arschgeburt	off 1.0		neg 0.35580596458418023 off 0.3372656923252125 __DUMMY__ 0.30692834309060735	false	0.5
schubs	neg 1.0		neg 0.36585986419388694 __DUMMY__ 0.31756754631298734 off 0.3165725894931257	false	1.0
unsolide	neg 1.0		neg 0.36560612272184534 off 0.3195086185253118 __DUMMY__ 0.3148852587528429	false	1.0
beschwerde	neg 1.0		neg 0.36991724815227844 __DUMMY__ 0.3170280040855421 off 0.31305474776217934	false	1.0
stocken	neg 1.0		neg 0.36951949641765885 __DUMMY__ 0.3176315553701095 off 0.31284894821223164	false	1.0
isolieren	neg 1.0		neg 0.3672164903526891 __DUMMY__ 0.3176837802695506 off 0.3150997293777602	false	1.0
unheilbar	neg 1.0		neg 0.36400851031442993 off 0.31910722672212105 __DUMMY__ 0.31688426296344907	false	1.0
pisser	off 1.0		neg 0.3619270369961858 off 0.3261815243229622 __DUMMY__ 0.311891438680852	false	0.5
löschen	neg 1.0		neg 0.36519857433302494 off 0.3181975034266145 __DUMMY__ 0.3166039222403606	false	1.0
durchfallen	neg 1.0		neg 0.3683603966303837 __DUMMY__ 0.3168761034307347 off 0.3147634999388816	false	1.0
wichser	off 1.0	off 1.0	off 0.6556643013827257 neg 0.195717345430415 __DUMMY__ 0.14861835318685926	false	1.0
terror	neg 1.0		neg 0.36165395357133867 off 0.3222499812423188 __DUMMY__ 0.3160960651863425	false	1.0
krass	neg 1.0		neg 0.35877919302625005 off 0.3284977287528459 __DUMMY__ 0.312723078220904	false	1.0
revolte	neg 1.0		neg 0.36484418545633507 off 0.3199484451827942 __DUMMY__ 0.31520736936087074	false	1.0
besorgt	neg 1.0		neg 0.36275510834025243 __DUMMY__ 0.31927666234232427 off 0.31796822931742325	false	1.0
nachlassen	neg 1.0		neg 0.36675795037944287 __DUMMY__ 0.31914426657183786 off 0.31409778304871916	false	1.0
alt	neg 1.0		neg 0.36844484504232106 __DUMMY__ 0.316606777530352 off 0.314948377427327	false	1.0
hundesohn	off 1.0		neg 0.35598607071270794 off 0.33442126269981043 __DUMMY__ 0.30959266658748164	false	0.5
als			neg 0.3651316480005637 __DUMMY__ 0.3180801095277221 off 0.3167882424717141	false	0.0
abschreckung	neg 1.0		neg 0.37052483555221744 __DUMMY__ 0.3182857820565009 off 0.31118938239128174	false	1.0
unqualifiziert	neg 1.0		neg 0.3625343550965023 off 0.3227974984087542 __DUMMY__ 0.3146681464947434	false	1.0
abgewichst	off 1.0		neg 0.36466890922984757 __DUMMY__ 0.31769952591531264 off 0.3176315648548397	false	0.5
schwer	neg 1.0		neg 0.36533889419054333 off 0.317901465747775 __DUMMY__ 0.31675964006168156	false	1.0
bedeutungslosigkeit	neg 1.0		neg 0.3696164236686825 __DUMMY__ 0.3179778431120203 off 0.3124057332192972	false	1.0
kapitulation	neg 1.0		neg 0.3685893532127284 __DUMMY__ 0.31759742235606037 off 0.31381322443121124	false	1.0
unscharf	neg 1.0		neg 0.36519951689014735 off 0.3203787216863694 __DUMMY__ 0.3144217614234834	false	1.0
schwinden	neg 1.0		neg 0.3704404828915968 __DUMMY__ 0.3177932394321255 off 0.3117662776762776	false	1.0
versklavung	neg 1.0		neg 0.36552614044215814 off 0.3186478096503035 __DUMMY__ 0.31582604990753854	false	1.0
schlecht	neg 1.0		neg 0.3575473859695077 off 0.32654428796994084 __DUMMY__ 0.31590832606055136	false	1.0
verhasst	neg 1.0		neg 0.3664581840512493 off 0.3190160889760062 __DUMMY__ 0.31452572697274445	false	1.0
beschweren	neg 1.0		neg 0.3621544576894313 off 0.3213212151266814 __DUMMY__ 0.31652432718388734	false	1.0
scheiden	neg 1.0		neg 0.36272718877730387 off 0.31933216084247873 __DUMMY__ 0.3179406503802174	false	1.0
frustriert	neg 1.0		neg 0.36655170066856146 __DUMMY__ 0.31676084324515286 off 0.3166874560862857	false	1.0
schimmelig	neg 1.0		neg 0.37130248944671046 __DUMMY__ 0.31518741588324356 off 0.3135100946700461	false	1.0
fisch	neg 1.0		neg 0.37250066917884567 __DUMMY__ 0.3167494176658742 off 0.31074991315528	false	1.0
schmuggel	neg 1.0		neg 0.3711513323527088 __DUMMY__ 0.3169004348310624 off 0.31194823281622885	false	1.0
auffallen	neg 1.0		neg 0.361735945525319 off 0.3221234278814221 __DUMMY__ 0.316140626593259	false	1.0
konkurrenz	neg 1.0		neg 0.36913355487650035 __DUMMY__ 0.31931014588025003 off 0.3115562992432496	false	1.0
teufelskreis	neg 1.0	neg 1.0	neg 0.6731455183519602 off 0.1752566271439123 __DUMMY__ 0.1515978545041274	false	1.0
aufschreien	neg 1.0		neg 0.3631807557890491 off 0.32156513192283964 __DUMMY__ 0.3152541122881113	false	1.0
schuldner	neg 1.0		neg 0.37246940758912145 __DUMMY__ 0.3168203585761729 off 0.31071023383470564	false	1.0
missgeburt	off 1.0	off 1.0	off 0.6522887683674533 neg 0.19937832965577848 __DUMMY__ 0.1483329019767682	false	1.0
arbeitslos	neg 1.0		neg 0.368217028026264 __DUMMY__ 0.3167127085299053 off 0.31507026344383066	false	1.0
befallen	neg 1.0		neg 0.3701505311729642 __DUMMY__ 0.315048845508498 off 0.31480062331853786	false	1.0
miesepetrig	off 1.0	off 1.0	off 0.6498798233230167 neg 0.1986370367657466 __DUMMY__ 0.15148313991123663	false	1.0
alarmieren	neg 1.0		neg 0.36490522341655296 off 0.3218208653288739 __DUMMY__ 0.31327391125457316	false	1.0
ungeduscht	off 1.0		neg 0.36417086391360287 off 0.3222514628393545 __DUMMY__ 0.31357767324704267	false	0.5
knappheit	neg 1.0		neg 0.37000841801715567 __DUMMY__ 0.31613945466942406 off 0.3138521273134203	false	1.0
schlange	neg 1.0		neg 0.36033249458501004 off 0.3216675021986856 __DUMMY__ 0.3180000032163045	false	1.0
harsch	neg 1.0		neg 0.35578604603561226 off 0.33040646800857254 __DUMMY__ 0.3138074859558152	false	1.0
lang	neg 1.0		neg 0.36389729341356175 off 0.319452132514721 __DUMMY__ 0.31665057407171726	false	1.0
ziellos	neg 1.0		neg 0.3657434021331238 __DUMMY__ 0.3187188526725836 off 0.3155377451942926	false	1.0
selbstverliebt	neg 1.0		neg 0.35475093879110187 off 0.3360747167332264 __DUMMY__ 0.3091743444756717	false	1.0
beseitigen	neg 1.0		neg 0.36584306539843964 __DUMMY__ 0.31734731989404585 off 0.31680961470751445	false	1.0
dumm	off 1.0		neg 0.35542956628203415 off 0.33223306100109246 __DUMMY__ 0.3123373727168734	false	0.5
arbeitsloser	neg 1.0		neg 0.36532837795726975 __DUMMY__ 0.31839179506003995 off 0.31627982698269025	false	1.0
blitzen	neg 1.0		neg 0.3615606841778233 off 0.32242159450269314 __DUMMY__ 0.3160177213194835	false	1.0
hilflos	neg 1.0		neg 0.367724102676745 __DUMMY__ 0.3164726402690681 off 0.31580325705418694	false	1.0
eklig	off 1.0		neg 0.3581378007335726 off 0.3315137182547303 __DUMMY__ 0.31034848101169704	false	0.5
begriff			neg 0.36498333535553584 off 0.3179333859450551 __DUMMY__ 0.3170832786994091	false	0.0
hungersnot	neg 1.0		neg 0.36890454599550876 __DUMMY__ 0.3165017216996531 off 0.31459373230483817	false	1.0
ungesetzlich	neg 1.0		neg 0.3665344196125625 off 0.3183593049334547 __DUMMY__ 0.3151062754539826	false	1.0
verschwendung	neg 1.0		neg 0.36901593043261766 __DUMMY__ 0.31773156018030485 off 0.31325250938707766	false	1.0
schmerzvoll	neg 1.0		neg 0.3635651959693656 off 0.32043863810832723 __DUMMY__ 0.3159961659223073	false	1.0
vorzeitig	neg 1.0		neg 0.3640825797486827 off 0.320959415520179 __DUMMY__ 0.3149580047311382	false	1.0
unvollkommenheit	neg 1.0		neg 0.36450273717907383 __DUMMY__ 0.31918678375191595 off 0.3163104790690102	false	1.0
intervenieren	neg 1.0		neg 0.3700666857069272 __DUMMY__ 0.3172895455666754 off 0.31264376872639743	false	1.0
banause	off 1.0		neg 0.3580247068216995 off 0.33354073150026914 __DUMMY__ 0.3084345616780314	false	0.5
rebell	neg 1.0		neg 0.37334897866907174 __DUMMY__ 0.3181921359531948 off 0.30845888537773347	false	1.0
unlogisch	neg 1.0		neg 0.35886802776588417 off 0.3278327656517388 __DUMMY__ 0.313299206582377	false	1.0
leiden	neg 1.0		neg 0.36677124405633327 __DUMMY__ 0.31975979436301843 off 0.3134689615806483	false	1.0
abschaffung	neg 1.0		neg 0.3648915378096997 off 0.31866953491850314 __DUMMY__ 0.31643892727179707	false	1.0
sturz	neg 1.0		neg 0.36618088739910415 off 0.3177724958994417 __DUMMY__ 0.3160466167014541	false	1.0
verkleinerung	neg 1.0		neg 0.36504543466928147 off 0.32072942743963534 __DUMMY__ 0.31422513789108325	false	1.0
schmarotzer	off 1.0		neg 0.36773601133324607 __DUMMY__ 0.3163484721341155 off 0.3159155165326386	false	0.5
bestrafung	neg 1.0		neg 0.3648063167983354 off 0.31929592725279243 __DUMMY__ 0.3158977559488721	false	1.0
achtlos	neg 1.0	neg 1.0	neg 0.6717185399191136 off 0.17574393949358952 __DUMMY__ 0.15253752058729692	false	1.0
ungeheuer	neg 1.0		neg 0.3629733350117891 off 0.3212009868730947 __DUMMY__ 0.3158256781151162	false	1.0
unaufrichtig	neg 1.0		neg 0.35895079315385026 off 0.3234860885597193 __DUMMY__ 0.31756311828643047	false	1.0
groggy	neg 1.0		neg 0.36252033385572197 off 0.3218686608187252 __DUMMY__ 0.3156110053255529	false	1.0
verletzlich	neg 1.0		neg 0.3625680422247369 off 0.32456812312322636 __DUMMY__ 0.31286383465203677	false	1.0
ablehnen	neg 1.0		neg 0.36709365523231546 __DUMMY__ 0.3176037006872181 off 0.31530264408046654	false	1.0
