unsolidarisch	neg 1.0		__DUMMY__ 0.9175756356020401 neg 0.044665055547759194 off 0.037759308850200776	false	1.0
nachteilig	neg 1.0		__DUMMY__ 0.9224997282118734 neg 0.04343797607981816 off 0.03406229570830845	false	1.0
skeptisch	neg 1.0		__DUMMY__ 0.9222865880046457 neg 0.043947862254339394 off 0.033765549741014964	false	1.0
schrecklich	neg 1.0		__DUMMY__ 0.9157783953703966 off 0.044825807759258186 neg 0.039395796870345175	false	0.5
schlapp	neg 1.0		__DUMMY__ 0.9182200994333106 off 0.041352180237499425 neg 0.04042772032919004	false	0.5
abfall	neg 1.0		__DUMMY__ 0.925295599346725 neg 0.04385903932674996 off 0.030845361326524972	false	1.0
widerspenstig	neg 1.0		__DUMMY__ 0.920163133459749 neg 0.04249027294539651 off 0.0373465935948545	false	1.0
abrupt	neg 1.0		__DUMMY__ 0.92284673948211 neg 0.04329963521196496 off 0.03385362530592501	false	1.0
unwirksam	neg 1.0		__DUMMY__ 0.9171223593851752 neg 0.04555083288302971 off 0.03732680773179523	false	1.0
angreifen	neg 1.0		__DUMMY__ 0.9204808414953181 neg 0.045685471422614005 off 0.03383368708206797	false	1.0
inkonsistent	neg 1.0		__DUMMY__ 0.916621548977911 neg 0.045512082628244056 off 0.03786636839384487	false	1.0
abrutschen	neg 1.0		__DUMMY__ 0.9236770156727258 neg 0.04501138666253183 off 0.03131159766474233	false	1.0
unsicher	neg 1.0		__DUMMY__ 0.9222467739890244 neg 0.040302977464414955 off 0.03745024854656068	false	1.0
bauernkind	off 1.0	off 1.0	off 0.5112826887658068 __DUMMY__ 0.4451790448279889 neg 0.043538266406204215	false	1.0
angreifer	neg 1.0	neg 1.0	neg 0.5082237712062584 __DUMMY__ 0.4563598091732804 off 0.03541641962046112	false	1.0
trennen	neg 1.0		__DUMMY__ 0.9242245534819491 neg 0.042576031246803585 off 0.03319941527124729	false	1.0
schmutz	neg 1.0		__DUMMY__ 0.9210268618785717 neg 0.04072151184136859 off 0.03825162628005969	false	1.0
inkonsistenz	neg 1.0		__DUMMY__ 0.9137045742816903 neg 0.044219558630715396 off 0.042075867087594386	false	1.0
erschreckend	neg 1.0		__DUMMY__ 0.9193755203573433 neg 0.04349192655001573 off 0.037132553092641095	false	1.0
ertrinken	neg 1.0		__DUMMY__ 0.919847522495007 neg 0.04623428789775288 off 0.03391818960724016	false	1.0
pickelface	off 1.0		__DUMMY__ 0.9203491022851578 neg 0.04298327115236069 off 0.03666762656248156	false	0.5
seiner			__DUMMY__ 0.9220814217903733 neg 0.043960596382005286 off 0.03395798182762131	false	0.0
lauch	neg 1.0		__DUMMY__ 0.9239548621056929 neg 0.044729062025446416 off 0.03131607586886079	false	1.0
unwichtig	neg 1.0		__DUMMY__ 0.916841333923767 neg 0.041612350289907715 off 0.04154631578632536	false	1.0
steuerhinterziehung	neg 1.0	neg 1.0	neg 0.5104474582817701 __DUMMY__ 0.4571139866351958 off 0.03243855508303408	false	1.0
schock	neg 1.0		__DUMMY__ 0.9198353750795782 neg 0.043426930620023355 off 0.036737694300398374	false	1.0
beule	neg 1.0		__DUMMY__ 0.9153289090660288 neg 0.04258512592518069 off 0.04208596500879052	false	1.0
vergelten	neg 1.0		__DUMMY__ 0.9187227904215737 off 0.04399127751056912 neg 0.03728593206785711	false	0.5
verdorbenheit	neg 1.0		__DUMMY__ 0.9221709307371363 neg 0.04043327948407736 off 0.03739578977878636	false	1.0
trauma	neg 1.0		__DUMMY__ 0.9192163888753825 neg 0.042589439319829975 off 0.038194171804787624	false	1.0
sinnlos	neg 1.0		__DUMMY__ 0.9193338189360165 neg 0.041339039210921386 off 0.03932714185306206	false	1.0
fettsack	off 1.0	off 1.0	off 0.5121539208438133 __DUMMY__ 0.44663521930497413 neg 0.04121085985121257	false	1.0
feige	off 1.0	off 1.0	off 0.5082923746065368 __DUMMY__ 0.45176596549011266 neg 0.03994165990335057	false	1.0
abdanken	neg 1.0		__DUMMY__ 0.9193836347226975 neg 0.043291309677007075 off 0.03732505560029547	false	1.0
wichtigtuer	off 1.0	off 1.0	off 0.5064612025960697 __DUMMY__ 0.4545657548214231 neg 0.03897304258250712	false	1.0
misslingen	neg 1.0		__DUMMY__ 0.9258037744092926 off 0.03732229721521825 neg 0.03687392837548916	false	0.5
untreu	off 1.0		__DUMMY__ 0.9169709471517774 off 0.04183792635006516 neg 0.041191126498157406	false	1.0
missmutig	neg 1.0		__DUMMY__ 0.9175392101636914 neg 0.04130066878077841 off 0.0411601210555301	false	1.0
hurenbock	off 1.0		__DUMMY__ 0.9185207338224533 neg 0.042850620829107726 off 0.038628645348439024	false	0.5
betrunken	neg 1.0		__DUMMY__ 0.9170092101956915 off 0.04280445520230753 neg 0.04018633460200093	false	0.5
korrupt	off 1.0		__DUMMY__ 0.9180527294084773 neg 0.04597282223691518 off 0.03597444835460761	false	0.5
unmut	neg 1.0		__DUMMY__ 0.9243377438930755 neg 0.044200511569264106 off 0.031461744537660395	false	1.0
hackfresse	off 1.0		__DUMMY__ 0.9121336832593756 off 0.04768013903760777 neg 0.04018617770301655	false	1.0
aufblasen	neg 1.0		__DUMMY__ 0.920122414191718 neg 0.04110157698532537 off 0.038776008822956676	false	1.0
gewaltsam	neg 1.0		__DUMMY__ 0.9190390839543234 neg 0.04470967992993118 off 0.03625123611574538	false	1.0
unbeliebtheit	neg 1.0		__DUMMY__ 0.9148631913461582 neg 0.044222703167458674 off 0.040914105486383044	false	1.0
sturheit	neg 1.0		__DUMMY__ 0.9189199757536587 neg 0.04433810485902305 off 0.036741919387318314	false	1.0
kuh	neg 1.0		__DUMMY__ 0.9138505936934042 neg 0.04700020937531389 off 0.039149196931282056	false	1.0
erschrecken	neg 1.0		__DUMMY__ 0.918912318661821 off 0.0409455929201257 neg 0.04014208841805331	false	0.5
opfer	neg 1.0		__DUMMY__ 0.9213906173562392 neg 0.043725715650992154 off 0.03488366699276875	false	1.0
sinken	neg 1.0		__DUMMY__ 0.9241801560660651 neg 0.044078347370865946 off 0.03174149656306898	false	1.0
stinktier	neg 1.0		__DUMMY__ 0.9074646508083266 neg 0.046968552252606544 off 0.04556679693906694	false	1.0
tucke	off 1.0		__DUMMY__ 0.9083073684785806 off 0.04850298422092196 neg 0.04318964730049751	false	1.0
ein			__DUMMY__ 0.9194023667069904 neg 0.042502626911002116 off 0.038095006382007565	false	0.0
abstieg	neg 1.0		__DUMMY__ 0.9211440680127573 neg 0.04486433530622127 off 0.03399159668102144	false	1.0
missverstehen	neg 1.0		__DUMMY__ 0.9171826689905085 neg 0.042657752429041886 off 0.04015957858044965	false	1.0
ergebnislos	neg 1.0		__DUMMY__ 0.9221047028173665 neg 0.04415019875573554 off 0.033745098426898025	false	1.0
unter			__DUMMY__ 0.9293689410061627 neg 0.04341651991391629 off 0.027214539079920975	false	0.0
manipulieren	neg 1.0		__DUMMY__ 0.9231561555213735 neg 0.04339205018790763 off 0.033451794290718824	false	1.0
unbewiesen	neg 1.0		__DUMMY__ 0.9165219003647574 neg 0.04568650560876111 off 0.03779159402648148	false	1.0
verschleppen	neg 1.0		__DUMMY__ 0.9194739075005092 neg 0.045312990730857795 off 0.03521310176863306	false	1.0
weib	off 1.0		__DUMMY__ 0.9058974066348274 off 0.048427031561799276 neg 0.04567556180337319	false	1.0
opposition	neg 1.0		__DUMMY__ 0.91723002114041 neg 0.04421331126189656 off 0.03855666759769352	false	1.0
verkehrswidrig	neg 1.0		__DUMMY__ 0.9184283250650569 off 0.04426929083141314 neg 0.03730238410352997	false	0.5
inkorrekt	neg 1.0		__DUMMY__ 0.9135074106829278 off 0.044727534035623066 neg 0.041765055281449054	false	0.5
vermeiden	neg 1.0	neg 1.0	neg 0.508227372387679 __DUMMY__ 0.46464938308763726 off 0.02712324452468379	false	1.0
abweichung	neg 1.0	neg 1.0	neg 0.5068125821823195 __DUMMY__ 0.46165652224710385 off 0.03153089557057666	false	1.0
alkoholisiert	neg 1.0		__DUMMY__ 0.9234279889484903 neg 0.043365722440059845 off 0.033206288611449766	false	1.0
scheiss	off 1.0	off 1.0	off 0.5078352445323872 __DUMMY__ 0.4529478590112542 neg 0.03921689645635858	false	1.0
herausforderung	neg 1.0		__DUMMY__ 0.9244540599406248 neg 0.04203163915400863 off 0.03351430090536654	false	1.0
pervers	off 1.0		__DUMMY__ 0.9084961663421887 off 0.05050804690972203 neg 0.04099578674808935	false	1.0
wackelig	neg 1.0		__DUMMY__ 0.9251182411979597 neg 0.03938214388662648 off 0.03549961491541381	false	1.0
verwickeln	neg 1.0		__DUMMY__ 0.9176664572008113 neg 0.04257838065570893 off 0.03975516214347983	false	1.0
vorwand	neg 1.0		__DUMMY__ 0.9219129132274472 neg 0.04469844290220087 off 0.03338864387035192	false	1.0
muschi	off 1.0		__DUMMY__ 0.920292898719294 neg 0.04285352269920899 off 0.036853578581496974	false	0.5
entmutigung	neg 1.0		__DUMMY__ 0.9186092817415854 neg 0.04266161998294588 off 0.03872909827546877	false	1.0
unangemessen	neg 1.0		__DUMMY__ 0.9188815128180781 neg 0.044556310253926146 off 0.0365621769279958	false	1.0
unstetig	neg 1.0		__DUMMY__ 0.9189770924893267 neg 0.04176452590839793 off 0.03925838160227531	false	1.0
entmutigen	neg 1.0		__DUMMY__ 0.9198017874716666 neg 0.04193480661797095 off 0.038263405910362376	false	1.0
schwanz	neg 1.0		__DUMMY__ 0.9212062919124325 neg 0.04419370941570006 off 0.034599998671867346	false	1.0
verbot	neg 1.0		__DUMMY__ 0.9203049836264753 neg 0.044123405058515426 off 0.035571611315009244	false	1.0
leid	neg 1.0		__DUMMY__ 0.9132185352816709 off 0.04610235300712435 neg 0.04067911171120484	false	0.5
archaisch	neg 1.0		__DUMMY__ 0.9193780771814761 neg 0.04409718010918757 off 0.036524742709336276	false	1.0
gegen			__DUMMY__ 0.923436257737198 neg 0.04442262213209405 off 0.03214112013070792	false	0.0
scheidung	neg 1.0		__DUMMY__ 0.9108960987737982 off 0.0541190790457599 neg 0.034984822180441896	false	0.5
einschlag	neg 1.0		__DUMMY__ 0.9159264624306842 off 0.04381484136106736 neg 0.040258696208248346	false	0.5
m			__DUMMY__ 0.9223609973572264 neg 0.04220919202533915 off 0.03542981061743443	false	0.0
abgestanden	neg 1.0		__DUMMY__ 0.9178050246013035 neg 0.04493596008102723 off 0.03725901531766924	false	1.0
schmierig	off 1.0		__DUMMY__ 0.9145750134172517 off 0.045462763272482595 neg 0.039962223310265645	false	1.0
unpraktisch	neg 1.0		__DUMMY__ 0.9198685153990851 neg 0.04173867274950937 off 0.038392811851405535	false	1.0
wixxer	off 1.0		__DUMMY__ 0.9062822914390649 off 0.05073681895112023 neg 0.042980889609814825	false	1.0
bezeichnet			__DUMMY__ 0.917257987285553 neg 0.04489424814655334 off 0.03784776456789371	false	0.0
jammerlappen	off 1.0		__DUMMY__ 0.9186582165894592 off 0.04149903326607127 neg 0.03984275014446941	false	1.0
farce	neg 1.0		__DUMMY__ 0.9187631800075461 neg 0.044913821194525104 off 0.036322998797928815	false	1.0
zwecklos	neg 1.0		__DUMMY__ 0.9192270960089394 neg 0.044557909129645155 off 0.03621499486141551	false	1.0
turbulent	neg 1.0		__DUMMY__ 0.9142952759482227 neg 0.04314685178257312 off 0.042557872269204156	false	1.0
invasion	neg 1.0		__DUMMY__ 0.9186848058099893 neg 0.04225688223424554 off 0.03905831195576505	false	1.0
schuld	neg 1.0		__DUMMY__ 0.9181230129406516 neg 0.04326050471163687 off 0.03861648234771149	false	1.0
risiko	neg 1.0	neg 1.0	neg 0.5062870579238774 __DUMMY__ 0.4589650402209175 off 0.03474790185520509	false	1.0
finster	neg 1.0		__DUMMY__ 0.9174499626503605 neg 0.044464028166839205 off 0.03808600918280036	false	1.0
geisteskrank	off 1.0		__DUMMY__ 0.9136950378031448 off 0.043171803784090114 neg 0.04313315841276515	false	1.0
zusammenbrechen	neg 1.0		__DUMMY__ 0.9211123073518309 neg 0.04272287370614873 off 0.03616481894202033	false	1.0
ausbeute	neg 1.0		__DUMMY__ 0.9295618072712244 neg 0.03644313399025138 off 0.033995058738524125	false	1.0
hinterhalt	neg 1.0		__DUMMY__ 0.9223891491356003 neg 0.042015001427502974 off 0.035595849436896775	false	1.0
kritik	neg 1.0		__DUMMY__ 0.9185278447135279 neg 0.04525840618804254 off 0.03621374909842957	false	1.0
einschrumpfen	neg 1.0		__DUMMY__ 0.9153528837491712 neg 0.04386790314920978 off 0.040779213101618986	false	1.0
riskant	neg 1.0		__DUMMY__ 0.920337485955086 neg 0.045397775947010735 off 0.034264738097903216	false	1.0
frustrieren	neg 1.0		__DUMMY__ 0.9208629396004292 neg 0.04418405987491152 off 0.034953000524659286	false	1.0
groll	neg 1.0		__DUMMY__ 0.9194224849983006 neg 0.04473564805945089 off 0.03584186694224855	false	1.0
gibt			__DUMMY__ 0.9217241512770097 neg 0.0419732964305244 off 0.03630255229246597	false	0.0
qualvoll	neg 1.0		__DUMMY__ 0.9177432521722529 neg 0.04239084112166825 off 0.03986590670607871	false	1.0
wackeln	neg 1.0		__DUMMY__ 0.9212665289660548 neg 0.040692572135937 off 0.038040898898008255	false	1.0
klagen	neg 1.0		__DUMMY__ 0.9234810951705245 neg 0.04443646731586335 off 0.03208243751361221	false	1.0
bankrott	neg 1.0		__DUMMY__ 0.9190005754287169 off 0.04066517406656636 neg 0.04033425050471672	false	0.5
trauern	neg 1.0		__DUMMY__ 0.922169892583345 neg 0.04345617366368921 off 0.034373933752965866	false	1.0
ablehnung	neg 1.0		__DUMMY__ 0.9191322710437436 neg 0.044839188570418326 off 0.036028540385838054	false	1.0
stur	neg 1.0		__DUMMY__ 0.9184060372490087 neg 0.04287854277116744 off 0.03871541997982387	false	1.0
aufruhr	neg 1.0	neg 1.0	neg 0.5092639615457802 __DUMMY__ 0.4573096260022731 off 0.03342641245194669	false	1.0
melancholie	neg 1.0		__DUMMY__ 0.9212716242175205 neg 0.044138123737623276 off 0.03459025204485626	false	1.0
ist			__DUMMY__ 0.9194598287016836 neg 0.04142122068577478 off 0.03911895061254159	false	0.0
torheit	neg 1.0		__DUMMY__ 0.9200401450354809 neg 0.04202171389167332 off 0.03793814107284583	false	1.0
dreckskind	off 1.0		__DUMMY__ 0.9089393656746805 off 0.047066797475628835 neg 0.04399383684969063	false	1.0
umtauschen	neg 1.0		__DUMMY__ 0.9206974825221839 neg 0.04259913261347408 off 0.03670338486434205	false	1.0
zum			__DUMMY__ 0.929844592961194 neg 0.04047802895727713 off 0.02967737808152883	false	0.0
zersetzen	neg 1.0		__DUMMY__ 0.9204747711586142 neg 0.04591287533352601 off 0.03361235350785973	false	1.0
zur			__DUMMY__ 0.9271762212550773 neg 0.043325570134894464 off 0.02949820861002823	false	0.0
frust	neg 1.0		__DUMMY__ 0.921482485220161 neg 0.04229922112797441 off 0.036218293651864665	false	1.0
unerbittlichkeit	neg 1.0		__DUMMY__ 0.9212347659103091 neg 0.045235130188447374 off 0.033530103901243564	false	1.0
zwei			__DUMMY__ 0.9280067175478847 neg 0.041436578395666696 off 0.03055670405644863	false	0.0
unkorrekt	neg 1.0		__DUMMY__ 0.9164332686588438 off 0.04414947843253727 neg 0.03941725290861893	false	0.5
hexe	off 1.0		__DUMMY__ 0.9118930931300067 neg 0.046694874919466264 off 0.041412031950527076	false	0.5
lasch	neg 1.0		__DUMMY__ 0.9161274781849855 neg 0.04294307153527662 off 0.04092945027973792	false	1.0
rivale	neg 1.0		__DUMMY__ 0.9152880464318797 off 0.04318238315458909 neg 0.04152957041353119	false	0.5
mutlos	off 1.0	off 1.0	off 0.501458372190626 __DUMMY__ 0.45699969272244884 neg 0.04154193508692539	false	1.0
wirr	off 1.0		__DUMMY__ 0.9127609247770173 off 0.04480269138689132 neg 0.04243638383609132	false	1.0
jahr			__DUMMY__ 0.9303379735261768 neg 0.03722453772106448 off 0.03243748875275885	false	0.0
wird			__DUMMY__ 0.9216439633708486 neg 0.04309090201428615 off 0.03526513461486518	false	0.0
strafbar	neg 1.0		__DUMMY__ 0.9219618013121328 neg 0.04335098364873779 off 0.03468721503912933	false	1.0
erosion	neg 1.0		__DUMMY__ 0.9217924159946896 neg 0.04093233180251066 off 0.03727525220279975	false	1.0
eingehen	neg 1.0		__DUMMY__ 0.9206558860989198 neg 0.04452843385009231 off 0.03481568005098791	false	1.0
faul	off 1.0		__DUMMY__ 0.9187554590356634 neg 0.04073699163885254 off 0.0405075493254842	false	0.5
provisorium	neg 1.0		__DUMMY__ 0.931803602614801 neg 0.040658824495524756 off 0.027537572889674324	false	1.0
schmerzen	neg 1.0		__DUMMY__ 0.9192661076274282 neg 0.044542449307606924 off 0.03619144306496487	false	1.0
schrumpfen	neg 1.0		__DUMMY__ 0.9238015071858122 neg 0.04623047070782752 off 0.029968022106360258	false	1.0
geistlos	off 1.0		__DUMMY__ 0.9147208869495793 neg 0.045127706775623916 off 0.04015140627479675	false	0.5
fehlkauf	neg 1.0		__DUMMY__ 0.9185086097078683 neg 0.04256713448352338 off 0.038924255808608275	false	1.0
frustrierend	neg 1.0		__DUMMY__ 0.9183590409620579 neg 0.040913594356708306 off 0.04072736468123371	false	1.0
unzufrieden	neg 1.0		__DUMMY__ 0.9199211720326103 neg 0.04407851648455816 off 0.0360003114828316	false	1.0
verzweifeln	neg 1.0		__DUMMY__ 0.9203799664386099 neg 0.04274613386289382 off 0.036873899698496394	false	1.0
verzweifelt	neg 1.0	neg 1.0	neg 0.510417646392798 __DUMMY__ 0.454365463099944 off 0.035216890507257986	false	1.0
misstrauensantrag	neg 1.0		__DUMMY__ 0.9184119384876008 neg 0.04258274039466196 off 0.03900532111773718	false	1.0
abfallen	neg 1.0		__DUMMY__ 0.9215022711721594 neg 0.04070775078758641 off 0.03778997804025427	false	1.0
fucker	off 1.0		__DUMMY__ 0.9157505939154856 off 0.043917590584820976 neg 0.0403318154996934	false	1.0
ungezogen	neg 1.0		__DUMMY__ 0.9100866131265295 off 0.04974578264830219 neg 0.04016760422516833	false	0.5
irrsinnig	neg 1.0	neg 1.0	neg 0.509687905541038 __DUMMY__ 0.45511701809898086 off 0.03519507635998102	false	1.0
unfassbar	neg 1.0		__DUMMY__ 0.9178037668876026 off 0.042417521830050944 neg 0.03977871128234644	false	0.5
hart	neg 1.0		__DUMMY__ 0.9146985611194753 neg 0.043446023813063867 off 0.04185541506746085	false	1.0
widerlich	off 1.0		__DUMMY__ 0.9151831495401086 off 0.04301074750536803 neg 0.04180610295452343	false	1.0
fatal	neg 1.0		__DUMMY__ 0.9182863205455037 neg 0.042296009581248115 off 0.03941766987324818	false	1.0
bruch	neg 1.0		__DUMMY__ 0.9236243391169805 neg 0.04395820816878453 off 0.03241745271423502	false	1.0
aushungern	neg 1.0		__DUMMY__ 0.9208849180160047 neg 0.04280099962081678 off 0.0363140823631784	false	1.0
anspannung	neg 1.0		__DUMMY__ 0.9266959305725795 neg 0.043349851962217384 off 0.02995421746520317	false	1.0
von			__DUMMY__ 0.9318640051622578 neg 0.03567219997582887 off 0.03246379486191343	false	0.0
kraftlos	neg 1.0		__DUMMY__ 0.9217526628879847 neg 0.042726936854848074 off 0.03552040025716717	false	1.0
vom			__DUMMY__ 0.9320441165192072 neg 0.04017065984109356 off 0.02778522363969923	false	0.0
grenzdebil	off 1.0		__DUMMY__ 0.9177199603114127 off 0.042564933789224456 neg 0.039715105899362876	false	1.0
vor			__DUMMY__ 0.9249231135406043 neg 0.04237453891280134 off 0.032702347546594394	false	0.0
unterwerfen	neg 1.0		__DUMMY__ 0.9209575701687333 neg 0.04420442509912879 off 0.03483800473213797	false	1.0
versenkung	neg 1.0		__DUMMY__ 0.9233445395201996 neg 0.04166086109074662 off 0.03499459938905374	false	1.0
entziehen	neg 1.0		__DUMMY__ 0.9230228847106955 neg 0.04450979917557279 off 0.03246731611373182	false	1.0
finanzkrise	neg 1.0		__DUMMY__ 0.9169846001255578 neg 0.04631580099295862 off 0.036699598881483615	false	1.0
schimpfend	neg 1.0		__DUMMY__ 0.9185304236177696 neg 0.042779779617058346 off 0.03868979676517208	false	1.0
profan	neg 1.0		__DUMMY__ 0.9179043419666956 neg 0.04239427840739551 off 0.0397013796259089	false	1.0
korruption	neg 1.0		__DUMMY__ 0.920041421288953 neg 0.04467724324755474 off 0.03528133546349219	false	1.0
â			__DUMMY__ 0.9226199056410568 neg 0.0424081849626988 off 0.03497190939624437	false	0.0
schmutzig	neg 1.0		__DUMMY__ 0.9176990184139813 off 0.042921293089456844 neg 0.03937968849656188	false	0.5
sexy	neg 1.0		__DUMMY__ 0.918779364988346 neg 0.04084627190755151 off 0.04037436310410257	false	1.0
abraten	neg 1.0		__DUMMY__ 0.9203217340802222 neg 0.04063533267653207 off 0.03904293324324578	false	1.0
schwarz	neg 1.0		__DUMMY__ 0.9185888710578676 neg 0.04259740358381529 off 0.038813725358317175	false	1.0
fotze	off 1.0	off 1.0	off 0.5024173448328668 __DUMMY__ 0.45838368097949955 neg 0.03919897418763367	false	1.0
verwirren	neg 1.0		__DUMMY__ 0.9185416429237329 neg 0.04132478047456735 off 0.040133576601699805	false	1.0
zahnlos	off 1.0		__DUMMY__ 0.9196628329949461 neg 0.043696290512301714 off 0.036640876492752175	false	0.5
verheeren	neg 1.0		__DUMMY__ 0.9093561881048208 off 0.05102852667282368 neg 0.03961528522235562	false	0.5
hippie	neg 1.0		__DUMMY__ 0.9184380512735223 neg 0.04139702388580004 off 0.0401649248406777	false	1.0
rammen	neg 1.0		__DUMMY__ 0.9144612454133882 neg 0.04728244720254111 off 0.03825630738407064	false	1.0
unlauter	neg 1.0		__DUMMY__ 0.9178219341107998 neg 0.04374350109704806 off 0.03843456479215217	false	1.0
unheilvoll	neg 1.0		__DUMMY__ 0.9179296254612291 neg 0.043458252021310116 off 0.03861212251746068	false	1.0
niedrig	neg 1.0		__DUMMY__ 0.9202554606451745 neg 0.04616643413397571 off 0.03357810522084973	false	1.0
explosion	neg 1.0		__DUMMY__ 0.9193696963920082 neg 0.04096077641465803 off 0.039669527193333776	false	1.0
weichei	off 1.0	off 1.0	off 0.5123123581771316 __DUMMY__ 0.449767729982445 neg 0.037919911840423426	false	1.0
minusmensch	off 1.0		__DUMMY__ 0.9050207396934493 off 0.04931028652158798 neg 0.0456689737849627	false	1.0
farblos	neg 1.0		__DUMMY__ 0.9189239450194088 neg 0.0444602178039454 off 0.036615837176645794	false	1.0
unwissend	neg 1.0	neg 1.0	neg 0.5078074461707004 __DUMMY__ 0.45428067720732473 off 0.037911876621974774	false	1.0
traurig	neg 1.0		__DUMMY__ 0.9166698100703143 off 0.044245988728101204 neg 0.039084201201584415	false	0.5
senkung	neg 1.0		__DUMMY__ 0.9167309053479636 neg 0.04370105024750595 off 0.03956804440453045	false	1.0
ungleich	neg 1.0	neg 1.0	neg 0.5101099322850553 __DUMMY__ 0.45897790927253207 off 0.030912158442412588	false	1.0
heikel	neg 1.0		__DUMMY__ 0.9212936013810789 neg 0.04447859130087814 off 0.03422780731804298	false	1.0
drosselung	neg 1.0		__DUMMY__ 0.9156966761443128 off 0.04230878667085694 neg 0.041994537184830184	false	0.5
falsch	neg 1.0		__DUMMY__ 0.918170166680273 neg 0.040986268025411915 off 0.040843565294315085	false	1.0
unzufriedenheit	neg 1.0		__DUMMY__ 0.9221577659946001 neg 0.04477495141194962 off 0.03306728259345026	false	1.0
kurz	neg 1.0		__DUMMY__ 0.9241993172761157 neg 0.039749412198149744 off 0.03605127052573455	false	1.0
unsinnig	neg 1.0		__DUMMY__ 0.9196974517436155 neg 0.04356140640913106 off 0.03674114184725349	false	1.0
penner	off 1.0	off 1.0	off 0.5135280509018288 __DUMMY__ 0.4492737014350198 neg 0.03719824766315143	false	1.0
seicht	neg 1.0		__DUMMY__ 0.9099376535523073 off 0.04968942130530283 neg 0.04037292514238988	false	0.5
dummheit	off 1.0	off 1.0	off 0.5066625120756649 __DUMMY__ 0.45285773822765535 neg 0.04047974969667978	false	1.0
unerfreulich	neg 1.0		__DUMMY__ 0.9234662803592222 neg 0.04312663058057259 off 0.03340708906020524	false	1.0
motherfucker	off 1.0	off 1.0	off 0.5096279219454157 __DUMMY__ 0.4526624852350038 neg 0.037709592819580445	false	1.0
pikiert	neg 1.0		__DUMMY__ 0.9148828929772249 neg 0.04272642972589211 off 0.04239067729688288	false	1.0
wrack	neg 1.0		__DUMMY__ 0.9199133571137217 neg 0.044776290769120264 off 0.035310352117158106	false	1.0
gangster	neg 1.0		__DUMMY__ 0.9183989015440306 neg 0.0414441584973479 off 0.04015693995862141	false	1.0
krank	neg 1.0		__DUMMY__ 0.9187090674385039 off 0.04235063656788464 neg 0.03894029599361141	false	0.5
reich	neg 1.0		__DUMMY__ 0.9175989681137866 off 0.041506728361222996 neg 0.04089430352499035	false	0.5
gnadenlos	neg 1.0		__DUMMY__ 0.9181732379571989 neg 0.043139448646560316 off 0.038687313396240736	false	1.0
niedergeschlagen	neg 1.0		__DUMMY__ 0.9207602506323684 neg 0.04290400125787598 off 0.036335748109755636	false	1.0
terrorisieren	off 1.0	off 1.0	off 0.5015829323717166 __DUMMY__ 0.4587341137173592 neg 0.03968295391092424	false	1.0
sinnlosigkeit	neg 1.0		__DUMMY__ 0.9200827386380945 neg 0.04378762538867172 off 0.03612963597323371	false	1.0
behindern	neg 1.0		__DUMMY__ 0.920195637385791 neg 0.04309286641057334 off 0.03671149620363573	false	1.0
undemokratisch	neg 1.0		__DUMMY__ 0.919077136735741 neg 0.04232671400823889 off 0.038596149256020146	false	1.0
wirtschaftskrise	neg 1.0		__DUMMY__ 0.9186928735045207 neg 0.046183803618891586 off 0.035123322876587766	false	1.0
neid	neg 1.0		__DUMMY__ 0.9206357117426659 off 0.040427331693667024 neg 0.03893695656366717	false	0.5
rutschen	neg 1.0		__DUMMY__ 0.928433966603895 neg 0.04118131872392804 off 0.03038471467217695	false	1.0
rezession	neg 1.0		__DUMMY__ 0.9095386892329422 neg 0.04560567890946015 off 0.04485563185759768	false	1.0
fehlgeburt	neg 1.0		__DUMMY__ 0.9194541509490415 neg 0.041923638808417325 off 0.038622210242541095	false	1.0
charakterschwach	off 1.0		__DUMMY__ 0.9151803232636665 off 0.04296658096558453 neg 0.041853095770749055	false	1.0
isolation	neg 1.0		__DUMMY__ 0.9186488445055073 neg 0.04103372915042933 off 0.040317426344063365	false	1.0
ablenkung	neg 1.0		__DUMMY__ 0.9218848900033555 neg 0.040565543908174795 off 0.03754956608846977	false	1.0
pech	neg 1.0		__DUMMY__ 0.9190488167629592 neg 0.04087179025343409 off 0.040079392983606736	false	1.0
vermeidung	neg 1.0		__DUMMY__ 0.9159952737324125 off 0.04243788595046079 neg 0.04156684031712674	false	0.5
dominieren	neg 1.0		__DUMMY__ 0.9215586618948932 neg 0.04400216081401437 off 0.03443917729109241	false	1.0
schwindlig	neg 1.0		__DUMMY__ 0.9201883985801594 neg 0.041087217664482936 off 0.03872438375535765	false	1.0
lutscher	neg 1.0	neg 1.0	neg 0.5071058959529651 __DUMMY__ 0.4476509737460885 off 0.04524313030094652	false	1.0
pflicht	neg 1.0		__DUMMY__ 0.9218139603837162 neg 0.04474654139547555 off 0.03343949822080816	false	1.0
faschist	off 1.0		__DUMMY__ 0.9181901065166468 neg 0.04123514552812338 off 0.04057474795522985	false	0.5
verschleudern	neg 1.0		__DUMMY__ 0.9220873946458845 neg 0.04386870981245079 off 0.03404389554166474	false	1.0
wenn			__DUMMY__ 0.917936628340204 neg 0.04108757748450465 off 0.0409757941752914	false	0.0
ehebruch	neg 1.0		__DUMMY__ 0.9204016877899838 neg 0.04434391964137321 off 0.03525439256864294	false	1.0
spott	off 1.0		__DUMMY__ 0.9207734435593584 neg 0.04428973430575697 off 0.034936822134884624	false	0.5
trostlosigkeit	neg 1.0		__DUMMY__ 0.9221420877837481 neg 0.04513666717536138 off 0.03272124504089052	false	1.0
lutschen	neg 1.0		__DUMMY__ 0.915249158970367 neg 0.04418676288277984 off 0.04056407814685321	false	1.0
undiszipliniert	neg 1.0		__DUMMY__ 0.9158653690411609 off 0.043812316838191194 neg 0.04032231412064791	false	0.5
kopfschmerz	neg 1.0		__DUMMY__ 0.9182928227653057 neg 0.046300676931341975 off 0.03540650030335233	false	1.0
unvorhergesehen	neg 1.0		__DUMMY__ 0.9256795841462067 neg 0.04118442807298252 off 0.033135987780810804	false	1.0
desinteressiert	neg 1.0	neg 1.0	neg 0.5074521699096672 __DUMMY__ 0.45294838451567015 off 0.039599445574662516	false	1.0
armselig	off 1.0		__DUMMY__ 0.9137465248131424 off 0.04465719261610704 neg 0.04159628257075053	false	1.0
desaster	neg 1.0		__DUMMY__ 0.9236811392175805 neg 0.044337363840980755 off 0.031981496941438724	false	1.0
tod	neg 1.0		__DUMMY__ 0.9209318916005695 neg 0.04427870772797547 off 0.03478940067145498	false	1.0
herzlos	neg 1.0		__DUMMY__ 0.9150017539300533 off 0.044395823322610106 neg 0.04060242274733657	false	0.5
unwissenheit	neg 1.0		__DUMMY__ 0.9196918840328578 neg 0.044419648611075085 off 0.03588846735606709	false	1.0
widersinnig	neg 1.0		__DUMMY__ 0.918529855794834 neg 0.04534688140796083 off 0.03612326279720516	false	1.0
bedenklich	neg 1.0		__DUMMY__ 0.9205014198522196 neg 0.04431455650067395 off 0.03518402364710655	false	1.0
beanstanden	neg 1.0		__DUMMY__ 0.9230975364851869 neg 0.043839924732143896 off 0.0330625387826692	false	1.0
panisch	neg 1.0	neg 1.0	neg 0.505794440728161 __DUMMY__ 0.4586792729515501 off 0.0355262863202888	false	1.0
debil	off 1.0		__DUMMY__ 0.9271692150761891 neg 0.044679994364905246 off 0.02815079055890563	false	0.5
abstrich	neg 1.0		__DUMMY__ 0.9244749197455344 neg 0.040070459983555 off 0.03545462027091052	false	1.0
primitiv	neg 1.0		__DUMMY__ 0.9152621987307739 off 0.0432052571621352 neg 0.04153254410709089	false	0.5
abschaum	off 1.0	off 1.0	off 0.5083901226197147 __DUMMY__ 0.45294221467539947 neg 0.03866766270488583	false	1.0
provozieren	neg 1.0		__DUMMY__ 0.9173635733079707 neg 0.04405843445445832 off 0.038577992237570934	false	1.0
tot	neg 1.0		__DUMMY__ 0.9208827433686044 neg 0.04416425312112181 off 0.03495300351027379	false	1.0
instabil	neg 1.0		__DUMMY__ 0.914302224716782 off 0.044013727460824666 neg 0.04168404782239334	false	0.5
schwuchtel	off 1.0	off 1.0	off 0.5180719747022474 __DUMMY__ 0.44409372680965964 neg 0.037834298488093006	false	1.0
zerren	neg 1.0		__DUMMY__ 0.9207244395356116 neg 0.04323948506674164 off 0.036036075397646805	false	1.0
kinderficker	off 1.0		__DUMMY__ 0.9136889940548596 off 0.046723937580017735 neg 0.03958706836512268	false	1.0
gefahr	neg 1.0		__DUMMY__ 0.9235444879399906 neg 0.04353334148898954 off 0.0329221705710199	false	1.0
rabiat	neg 1.0		__DUMMY__ 0.9198470540234867 neg 0.042356480149648754 off 0.03779646582686462	false	1.0
verlangsamung	neg 1.0		__DUMMY__ 0.9085133738721769 off 0.04812456377753381 neg 0.043362062350289284	false	0.5
ausgestorben	neg 1.0		__DUMMY__ 0.9207475115559566 neg 0.04179631413298418 off 0.03745617431105923	false	1.0
anklagen	neg 1.0		__DUMMY__ 0.9200308055386539 neg 0.04461645783535206 off 0.035352736625994086	false	1.0
trott	neg 1.0		__DUMMY__ 0.9201153624863692 neg 0.042833218469800156 off 0.037051419043830726	false	1.0
verminderung	neg 1.0		__DUMMY__ 0.9164122131726191 off 0.04268144023845215 neg 0.040906346588928784	false	0.5
nach			__DUMMY__ 0.9291238338614678 neg 0.041298345469854864 off 0.029577820668677337	false	0.0
rost	neg 1.0		__DUMMY__ 0.9122705842599541 off 0.04673403214101312 neg 0.040995383599032785	false	0.5
destruktiv	neg 1.0		__DUMMY__ 0.9189999558373836 neg 0.043398163140372516 off 0.03760188102224384	false	1.0
unzumutbarkeit	neg 1.0		__DUMMY__ 0.9170257334002196 off 0.041761937865307276 neg 0.041212328734473	false	0.5
labil	off 1.0	off 1.0	off 0.5077710577708184 __DUMMY__ 0.45358840169199166 neg 0.03864054053718996	false	1.0
ziemlich	neg 1.0		__DUMMY__ 0.9186744938744938 off 0.042186085974926416 neg 0.03913942015057966	false	0.5
lachnummer	off 1.0		__DUMMY__ 0.9184434263789972 neg 0.043212470072299024 off 0.03834410354870375	false	0.5
oder			__DUMMY__ 0.9215356386803819 neg 0.04044413748717121 off 0.038020223832446784	false	0.0
verfall	neg 1.0		__DUMMY__ 0.9244944326367441 neg 0.045564568899939144 off 0.029940998463316746	false	1.0
ausgrenzung	neg 1.0		__DUMMY__ 0.9185959800842215 neg 0.04234457704779824 off 0.039059442867980305	false	1.0
unordnung	neg 1.0		__DUMMY__ 0.9175348787422076 off 0.04365920536805522 neg 0.038805915889737135	false	0.5
fehlverhalten	neg 1.0		__DUMMY__ 0.9203085175355463 neg 0.04572883593587128 off 0.03396264652858234	false	1.0
eine			__DUMMY__ 0.9247873114212506 neg 0.042132108578343236 off 0.033080580000406104	false	0.0
nille	neg 1.0		__DUMMY__ 0.9206662570551175 neg 0.042081996308856055 off 0.0372517466360264	false	1.0
qual	neg 1.0		__DUMMY__ 0.9204688323812912 neg 0.042770840447601884 off 0.03676032717110696	false	1.0
verschwenden	neg 1.0		__DUMMY__ 0.9203529365389955 neg 0.04513925540310349 off 0.03450780805790104	false	1.0
riesig	neg 1.0		__DUMMY__ 0.9219620639601334 neg 0.04359561153762366 off 0.03444232450224307	false	1.0
verurteilen	neg 1.0		__DUMMY__ 0.9187890763412575 neg 0.04526015319539642 off 0.03595077046334605	false	1.0
klischee	neg 1.0	neg 1.0	neg 0.5089353367802997 __DUMMY__ 0.4539371334526649 off 0.037127529767035594	false	1.0
diktatorisch	neg 1.0		__DUMMY__ 0.9179164662398738 neg 0.043294066375354295 off 0.03878946738477195	false	1.0
vorhersehbar	neg 1.0		__DUMMY__ 0.9165775447291049 neg 0.04300670214648293 off 0.04041575312441219	false	1.0
sowie			__DUMMY__ 0.9116268411335088 off 0.04609429471113291 neg 0.04227886415535828	false	0.0
stornieren	neg 1.0		__DUMMY__ 0.9249009453225934 off 0.038733261303371284 neg 0.03636579337403539	false	0.5
besteuerung	neg 1.0		__DUMMY__ 0.9155683698210487 neg 0.04653872894083415 off 0.03789290123811713	false	1.0
ungeschminkt	neg 1.0		__DUMMY__ 0.9117548183850741 neg 0.045716302127294245 off 0.04252887948763162	false	1.0
kritisch	neg 1.0		__DUMMY__ 0.9212363293689337 neg 0.04373049860189861 off 0.035033172029167635	false	1.0
schlamperei	off 1.0		__DUMMY__ 0.9227498081961494 neg 0.04335548125293671 off 0.033894710550913865	false	0.5
sucht	neg 1.0	neg 1.0	neg 0.5049125157475249 __DUMMY__ 0.4612419996825862 off 0.03384548456988881	false	1.0
egoistisch	off 1.0		__DUMMY__ 0.91225736877841 off 0.04677471648390644 neg 0.04096791473768361	false	1.0
ausbeuter	off 1.0		__DUMMY__ 0.9197406302069273 neg 0.04629525675265827 off 0.033964113040414474	false	0.5
arschgeburt	off 1.0		__DUMMY__ 0.9036292081085413 off 0.053195390404778296 neg 0.043175401486680434	false	1.0
schubs	neg 1.0		__DUMMY__ 0.9217122541071774 neg 0.04285528703823944 off 0.035432458854583154	false	1.0
unsolide	neg 1.0		__DUMMY__ 0.9170426633631428 neg 0.04373339615799311 off 0.039223940478864135	false	1.0
beschwerde	neg 1.0		__DUMMY__ 0.9204605185869658 neg 0.04501393772209338 off 0.03452554369094086	false	1.0
stocken	neg 1.0		__DUMMY__ 0.9214268481833181 neg 0.044482006880085044 off 0.03409114493659682	false	1.0
isolieren	neg 1.0		__DUMMY__ 0.9217166856081357 neg 0.042971756990509466 off 0.03531155740135482	false	1.0
unheilbar	neg 1.0		__DUMMY__ 0.9201797170732245 neg 0.04181979531842841 off 0.03800048760834707	false	1.0
pisser	off 1.0		__DUMMY__ 0.9120682923442976 off 0.044203143035769894 neg 0.04372856461993235	false	1.0
löschen	neg 1.0		__DUMMY__ 0.9197418841963455 neg 0.04287136670960033 off 0.03738674909405427	false	1.0
durchfallen	neg 1.0		__DUMMY__ 0.9199276796578574 neg 0.044584960931634346 off 0.035487359410508304	false	1.0
wichser	off 1.0	off 1.0	off 0.5158473677114679 __DUMMY__ 0.44735047578361414 neg 0.03680215650491798	false	1.0
terror	neg 1.0		__DUMMY__ 0.9190412059021243 neg 0.04128013172043097 off 0.039678662377444655	false	1.0
krass	neg 1.0		__DUMMY__ 0.9137187053949708 off 0.04458780598366996 neg 0.041693488621359166	false	0.5
revolte	neg 1.0		__DUMMY__ 0.9175107313185834 neg 0.0431403946944122 off 0.03934887398700436	false	1.0
besorgt	neg 1.0		__DUMMY__ 0.9241790283119079 neg 0.03981314811609293 off 0.0360078235719992	false	1.0
nachlassen	neg 1.0		__DUMMY__ 0.9241894872293793 neg 0.04217211015295273 off 0.03363840261766792	false	1.0
alt	neg 1.0		__DUMMY__ 0.9202195968166986 neg 0.04482710529362128 off 0.034953297889680095	false	1.0
hundesohn	off 1.0		__DUMMY__ 0.9080860235104072 off 0.05039184622368133 neg 0.04152213026591145	false	1.0
als			__DUMMY__ 0.9220143056166398 neg 0.04204311612349973 off 0.0359425782598605	false	0.0
abschreckung	neg 1.0		__DUMMY__ 0.9224442877898792 neg 0.04460387537637105 off 0.03295183683374969	false	1.0
unqualifiziert	neg 1.0		__DUMMY__ 0.9164234814010845 neg 0.04239631406963764 off 0.041180204529277814	false	1.0
abgewichst	off 1.0		__DUMMY__ 0.9216492077755131 neg 0.041806186596411686 off 0.036544605628075315	false	0.5
schwer	neg 1.0		__DUMMY__ 0.9197603756531081 neg 0.043002184135046265 off 0.03723744021184559	false	1.0
bedeutungslosigkeit	neg 1.0		__DUMMY__ 0.9217935067613059 neg 0.044420622066574156 off 0.03378587117212001	false	1.0
kapitulation	neg 1.0		__DUMMY__ 0.9214176259584289 neg 0.04381334183718685 off 0.03476903220438424	false	1.0
unscharf	neg 1.0		__DUMMY__ 0.9165564179398381 neg 0.04449191089704883 off 0.03895167116311308	false	1.0
schwinden	neg 1.0		__DUMMY__ 0.9216892283578552 neg 0.04487369447387722 off 0.033437077168267576	false	1.0
versklavung	neg 1.0		__DUMMY__ 0.9185206822068848 neg 0.043155889697109054 off 0.038323428096006154	false	1.0
schlecht	neg 1.0		__DUMMY__ 0.9186674339326589 off 0.04240974929157585 neg 0.038922816775765215	false	0.5
verhasst	neg 1.0		__DUMMY__ 0.916024448207206 neg 0.04490974140096347 off 0.03906581039183049	false	1.0
beschweren	neg 1.0		__DUMMY__ 0.9194722127889325 neg 0.041250358960642164 off 0.039277428250425316	false	1.0
scheiden	neg 1.0		__DUMMY__ 0.922517888838569 neg 0.04053206767902325 off 0.03695004348240769	false	1.0
frustriert	neg 1.0		__DUMMY__ 0.9197001615254492 neg 0.04367404934767539 off 0.036625789126875405	false	1.0
schimmelig	neg 1.0		__DUMMY__ 0.9178505650879802 neg 0.047445814805682086 off 0.03470362010633768	false	1.0
fisch	neg 1.0		__DUMMY__ 0.9207136251848732 neg 0.04705144522438186 off 0.03223492959074494	false	1.0
schmuggel	neg 1.0		__DUMMY__ 0.9201141655074704 neg 0.04591444160799071 off 0.03397139288453894	false	1.0
auffallen	neg 1.0		__DUMMY__ 0.918889927222934 neg 0.04125869601808646 off 0.03985137675897946	false	1.0
konkurrenz	neg 1.0		__DUMMY__ 0.9239663648857893 neg 0.04333974164923697 off 0.03269389346497383	false	1.0
teufelskreis	neg 1.0	neg 1.0	neg 0.510872884147029 __DUMMY__ 0.4549691403918961 off 0.03415797546107481	false	1.0
aufschreien	neg 1.0		__DUMMY__ 0.9173963754832735 neg 0.04260384886295039 off 0.03999977565377614	false	1.0
schuldner	neg 1.0		__DUMMY__ 0.9201269749333709 neg 0.046616858587372016 off 0.03325616647925704	false	1.0
missgeburt	off 1.0	off 1.0	off 0.5130217908992408 __DUMMY__ 0.44651386685704214 neg 0.04046434224371701	false	1.0
arbeitslos	neg 1.0		__DUMMY__ 0.919540399481664 neg 0.044601849768228015 off 0.035857750750108025	false	1.0
befallen	neg 1.0		__DUMMY__ 0.91718986700591 neg 0.04639135987907746 off 0.03641877311501259	false	1.0
miesepetrig	off 1.0	off 1.0	off 0.5078455592822119 __DUMMY__ 0.4553433569172969 neg 0.0368110838004912	false	1.0
alarmieren	neg 1.0		__DUMMY__ 0.9141680096039938 neg 0.044404880966334104 off 0.0414271094296721	false	1.0
ungeduscht	off 1.0		__DUMMY__ 0.9151526560789752 neg 0.04439269041886672 off 0.04045465350215815	false	0.5
knappheit	neg 1.0		__DUMMY__ 0.9190772096983675 neg 0.04562941076926947 off 0.03529337953236297	false	1.0
schlange	neg 1.0		__DUMMY__ 0.9221605556619721 neg 0.039304082461884 off 0.03853536187614392	false	1.0
harsch	neg 1.0		__DUMMY__ 0.9152857815036606 off 0.04558144447802427 neg 0.03913277401831513	false	0.5
lang	neg 1.0		__DUMMY__ 0.9197968944047508 neg 0.042123363828238655 off 0.03807974176701058	false	1.0
ziellos	neg 1.0		__DUMMY__ 0.9230749496201198 neg 0.041976712247982495 off 0.03494833813189761	false	1.0
selbstverliebt	neg 1.0		__DUMMY__ 0.9075457771687454 off 0.05108645504840151 neg 0.04136776778285313	false	0.5
beseitigen	neg 1.0		__DUMMY__ 0.9213009079390568 neg 0.04249802651563212 off 0.03620106554531101	false	1.0
dumm	off 1.0		__DUMMY__ 0.9129608929830028 off 0.04718238094054497 neg 0.039856726076452256	false	1.0
arbeitsloser	neg 1.0		__DUMMY__ 0.9225536011432114 neg 0.04157028028002548 off 0.0358761185767631	false	1.0
blitzen	neg 1.0		__DUMMY__ 0.918862805153457 neg 0.04105010317343997 off 0.04008709167310302	false	1.0
hilflos	neg 1.0		__DUMMY__ 0.9193309357876334 neg 0.04450515812895987 off 0.03616390608340673	false	1.0
eklig	off 1.0		__DUMMY__ 0.9096014177881674 off 0.04767541526382877 neg 0.04272316694800391	false	1.0
begriff			__DUMMY__ 0.9204441811758393 neg 0.04239375529587346 off 0.03716206352828734	false	0.0
hungersnot	neg 1.0		__DUMMY__ 0.9197593866230368 neg 0.04466274940748921 off 0.03557786396947393	false	1.0
ungesetzlich	neg 1.0		__DUMMY__ 0.9171260749716287 neg 0.04411999195296273 off 0.038753933075408524	false	1.0
verschwendung	neg 1.0		__DUMMY__ 0.9213678002478609 neg 0.044426169576600325 off 0.034206030175538686	false	1.0
schmerzvoll	neg 1.0		__DUMMY__ 0.9186377839819829 neg 0.04241187680620454 off 0.038950339211812575	false	1.0
vorzeitig	neg 1.0		__DUMMY__ 0.9172417748404021 neg 0.04306594827066677 off 0.039692276888931	false	1.0
unvollkommenheit	neg 1.0		__DUMMY__ 0.9245383231357562 neg 0.04061149761755216 off 0.03485017924669158	false	1.0
intervenieren	neg 1.0		__DUMMY__ 0.9207798702834897 neg 0.04495958361720323 off 0.034260546099307114	false	1.0
banause	off 1.0		__DUMMY__ 0.9063466605592297 off 0.049803385456545106 neg 0.04384995398422519	false	1.0
rebell	neg 1.0		__DUMMY__ 0.9226466962648114 neg 0.046600704766456155 off 0.030752598968732454	false	1.0
unlogisch	neg 1.0		__DUMMY__ 0.914397060413999 off 0.044288488056252434 neg 0.04131445152974844	false	0.5
leiden	neg 1.0		__DUMMY__ 0.92531838116058 neg 0.04191094845034676 off 0.03277067038907336	false	1.0
abschaffung	neg 1.0		__DUMMY__ 0.9197023723732419 neg 0.04247320575546531 off 0.03782442187129269	false	1.0
sturz	neg 1.0		__DUMMY__ 0.9189728425033815 neg 0.04353939540634478 off 0.03748776209027369	false	1.0
verkleinerung	neg 1.0		__DUMMY__ 0.9159262106040122 neg 0.0439549186778309 off 0.04011887071815686	false	1.0
schmarotzer	off 1.0		__DUMMY__ 0.9190542247424375 neg 0.04439801210368144 off 0.03654776315388105	false	0.5
bestrafung	neg 1.0		__DUMMY__ 0.9184707197002704 neg 0.043017250965731835 off 0.0385120293339978	false	1.0
achtlos	neg 1.0	neg 1.0	neg 0.5085827511357006 __DUMMY__ 0.4577850616701672 off 0.03363218719413221	false	1.0
ungeheuer	neg 1.0		__DUMMY__ 0.9185852950060545 neg 0.0421074877057328 off 0.03930721728821271	false	1.0
