unsolidarisch	neg 1.0		neg 0.5329080367413624 off 0.46030662385130044 __DUMMY__ 0.006785339407337056	false	1.0
nachteilig	neg 1.0		neg 0.5351987726749701 off 0.4579517782753233 __DUMMY__ 0.00684944904970672	false	1.0
skeptisch	neg 1.0		neg 0.5359104934007072 off 0.45723760158766324 __DUMMY__ 0.0068519050116294805	false	1.0
schrecklich	neg 1.0		neg 0.5204364996609164 off 0.472807671221446 __DUMMY__ 0.006755829117637433	false	1.0
schlapp	neg 1.0		neg 0.52436129953512 off 0.46885189706245145 __DUMMY__ 0.0067868034024286044	false	1.0
abfall	neg 1.0		neg 0.5388070379122841 off 0.45430304214622 __DUMMY__ 0.006889919941495811	false	1.0
widerspenstig	neg 1.0		neg 0.5303796091049463 off 0.46280436728353913 __DUMMY__ 0.0068160236115144875	false	1.0
abrupt	neg 1.0		neg 0.5348241685807058 off 0.4583238640739735 __DUMMY__ 0.006851967345320593	false	1.0
unwirksam	neg 1.0		neg 0.5333630853581057 off 0.4598624150196299 __DUMMY__ 0.006774499622264263	false	1.0
angreifen	neg 1.0		neg 0.53741023168321 off 0.45575998387893624 __DUMMY__ 0.006829784437853784	false	1.0
inkonsistent	neg 1.0		neg 0.5323201254553156 off 0.4609142986756438 __DUMMY__ 0.006765575869040634	false	1.0
abrutschen	neg 1.0		neg 0.5391931211097243 off 0.4539357607351807 __DUMMY__ 0.0068711181550950755	false	1.0
unsicher	neg 1.0		neg 0.5289627410228303 off 0.46418774852246836 __DUMMY__ 0.006849510454701332	false	1.0
bauernkind	off 1.0	off 1.0	off 0.7176763880197344 neg 0.2791863970214181 __DUMMY__ 0.003137214958847447	false	1.0
angreifer	neg 1.0	neg 1.0	neg 0.7507973640855432 off 0.24597487038709565 __DUMMY__ 0.0032277655273612437	false	1.0
trennen	neg 1.0		neg 0.5349279205072781 off 0.45819452799453797 __DUMMY__ 0.006877551498183851	false	1.0
schmutz	neg 1.0		neg 0.528445843228446 off 0.4647336463620074 __DUMMY__ 0.006820510409546455	false	1.0
inkonsistenz	neg 1.0		neg 0.5277461879461236 off 0.46552199577770925 __DUMMY__ 0.0067318162761670275	false	1.0
erschreckend	neg 1.0		neg 0.5321048815730576 off 0.4610818002847441 __DUMMY__ 0.006813318142198233	false	1.0
ertrinken	neg 1.0		neg 0.5374715873634223 off 0.455709640192989 __DUMMY__ 0.0068187724435886995	false	1.0
pickelface	off 1.0		neg 0.5321187500900074 off 0.4610618637599367 __DUMMY__ 0.006819386150056009	false	0.5
seiner			neg 0.5356344383952942 off 0.4575159447011682 __DUMMY__ 0.006849616903537609	false	0.0
lauch	neg 1.0		neg 0.5387071175922881 off 0.45442435211517035 __DUMMY__ 0.006868530292541622	false	1.0
unwichtig	neg 1.0		neg 0.5258311033783062 off 0.4673945053759804 __DUMMY__ 0.0067743912457134394	false	1.0
steuerhinterziehung	neg 1.0	neg 1.0	neg 0.7536934016297147 off 0.24307300331188608 __DUMMY__ 0.0032335950583992517	false	1.0
schock	neg 1.0		neg 0.5321558217394888 off 0.46102635637690637 __DUMMY__ 0.0068178218836049366	false	1.0
beule	neg 1.0		neg 0.5254064790559215 off 0.46784743274151336 __DUMMY__ 0.006746088202565185	false	1.0
vergelten	neg 1.0		neg 0.5204080311299911 off 0.47280155426492637 __DUMMY__ 0.006790414605082496	false	1.0
verdorbenheit	neg 1.0		neg 0.5285123995062215 off 0.46464725067911516 __DUMMY__ 0.006840349814663199	false	1.0
trauma	neg 1.0		neg 0.5300261529656081 off 0.46316676943507107 __DUMMY__ 0.006807077599320906	false	1.0
sinnlos	neg 1.0		neg 0.5278985313527902 off 0.4652921767662491 __DUMMY__ 0.006809291880960833	false	1.0
fettsack	off 1.0	off 1.0	off 0.7191564604659695 neg 0.27769413184281705 __DUMMY__ 0.0031494076912134644	false	1.0
feige	off 1.0	off 1.0	off 0.7171184419335568 neg 0.27968845322906805 __DUMMY__ 0.003193104837375127	false	1.0
abdanken	neg 1.0		neg 0.5324308914615374 off 0.4607598707466528 __DUMMY__ 0.006809237791809777	false	1.0
wichtigtuer	off 1.0	off 1.0	off 0.7164522952053086 neg 0.2803322330355848 __DUMMY__ 0.0032154717591067264	false	1.0
misslingen	neg 1.0		neg 0.5261946193247318 off 0.4669212367702295 __DUMMY__ 0.006884143905038658	false	1.0
untreu	off 1.0		neg 0.5250468287719411 off 0.46817796321917354 __DUMMY__ 0.0067752080088853105	false	0.5
missmutig	neg 1.0		neg 0.5257975063191394 off 0.46742078036557627 __DUMMY__ 0.006781713315284344	false	1.0
hurenbock	off 1.0		neg 0.5296498493503343 off 0.4635600132221464 __DUMMY__ 0.006790137427519332	false	0.5
betrunken	neg 1.0		neg 0.5228474313465634 off 0.47038178298883904 __DUMMY__ 0.00677078566459746	false	1.0
korrupt	off 1.0		neg 0.5357946453409872 off 0.4574125934654726 __DUMMY__ 0.006792761193540291	false	0.5
unmut	neg 1.0		neg 0.5386899903907888 off 0.4544317937824123 __DUMMY__ 0.00687821582679892	false	1.0
hackfresse	off 1.0		neg 0.5181180544862651 off 0.47517726403787985 __DUMMY__ 0.006704681475855192	false	0.5
aufblasen	neg 1.0		neg 0.5279598976607909 off 0.4652225979655241 __DUMMY__ 0.006817504373684995	false	1.0
gewaltsam	neg 1.0		neg 0.5341224817686455 off 0.4590758759348453 __DUMMY__ 0.006801642296509288	false	1.0
unbeliebtheit	neg 1.0		neg 0.5291286800279497 off 0.4641281276326691 __DUMMY__ 0.006743192339381146	false	1.0
sturheit	neg 1.0		neg 0.5335186347588556 off 0.4596755646127049 __DUMMY__ 0.006805800628439352	false	1.0
kuh	neg 1.0		neg 0.5321695649367625 off 0.46110413194761524 __DUMMY__ 0.006726303115622361	false	1.0
erschrecken	neg 1.0		neg 0.5251323365905288 off 0.468066734541404 __DUMMY__ 0.006800928868066964	false	1.0
opfer	neg 1.0		neg 0.5347610717706661 off 0.4584008479871197 __DUMMY__ 0.006838080242214051	false	1.0
sinken	neg 1.0		neg 0.5381423055922305 off 0.45498534664626383 __DUMMY__ 0.006872347761505691	false	1.0
stinktier	neg 1.0		neg 0.5259081793215911 off 0.4674478879109067 __DUMMY__ 0.00664393276750234	false	1.0
tucke	off 1.0		neg 0.5196641109452429 off 0.47368546874060946 __DUMMY__ 0.006650420314147744	false	0.5
ein			neg 0.5295927534981385 off 0.4635987271587648 __DUMMY__ 0.006808519343096784	false	0.0
abstieg	neg 1.0		neg 0.5367226142453144 off 0.4564449523605033 __DUMMY__ 0.006832433394182282	false	1.0
missverstehen	neg 1.0		neg 0.5282704511631319 off 0.464948754956011 __DUMMY__ 0.006780793880857143	false	1.0
ergebnislos	neg 1.0		neg 0.5364486316530992 off 0.4567061517277028 __DUMMY__ 0.006845216619198033	false	1.0
unter			neg 0.541665921634425 off 0.4513879888777879 __DUMMY__ 0.0069460894877870554	false	0.0
manipulieren	neg 1.0		neg 0.536043841412122 off 0.45709566682808317 __DUMMY__ 0.006860491759794795	false	1.0
unbewiesen	neg 1.0		neg 0.5337694795010965 off 0.45945907518107104 __DUMMY__ 0.0067714453178324	false	1.0
verschleppen	neg 1.0		neg 0.5361062390099295 off 0.4570848576693329 __DUMMY__ 0.006808903320737548	false	1.0
weib	off 1.0		neg 0.5219801221157898 off 0.4713967074306072 __DUMMY__ 0.006623170453602951	false	0.5
opposition	neg 1.0		neg 0.5307810734159913 off 0.4624422732152267 __DUMMY__ 0.006776653368782001	false	1.0
verkehrswidrig	neg 1.0		neg 0.5191598033077774 off 0.47405620820129885 __DUMMY__ 0.006783988490923699	false	1.0
inkorrekt	neg 1.0		neg 0.5231957170189364 off 0.4700763260407045 __DUMMY__ 0.006727956940359186	false	1.0
vermeiden	neg 1.0	neg 1.0	neg 0.7554308285449901 off 0.2412766544980282 __DUMMY__ 0.0032925169569816845	false	1.0
abweichung	neg 1.0	neg 1.0	neg 0.7523191264434973 off 0.24441254705331117 __DUMMY__ 0.0032683265031915373	false	1.0
alkoholisiert	neg 1.0		neg 0.535028103415586 off 0.45811776410651467 __DUMMY__ 0.006854132477899366	false	1.0
scheiss	off 1.0	off 1.0	off 0.7178513306751725 neg 0.27895138864121743 __DUMMY__ 0.003197280683610144	false	1.0
herausforderung	neg 1.0		neg 0.5344931345143229 off 0.45863118558473914 __DUMMY__ 0.006875679900937908	false	1.0
pervers	off 1.0		neg 0.5160694354257733 off 0.4772753978237346 __DUMMY__ 0.006655166750492122	false	0.5
wackelig	neg 1.0		neg 0.5296756124520013 off 0.46344046311444903 __DUMMY__ 0.0068839244335495665	false	1.0
verwickeln	neg 1.0		neg 0.528665653346553 off 0.4645464416379315 __DUMMY__ 0.006787905015515347	false	1.0
vorwand	neg 1.0		neg 0.5370332439204863 off 0.45612030598822667 __DUMMY__ 0.006846450091287003	false	1.0
muschi	off 1.0		neg 0.5318674910092107 off 0.4613122913060547 __DUMMY__ 0.006820217684734587	false	0.5
entmutigung	neg 1.0		neg 0.5304346901551155 off 0.46277015099825614 __DUMMY__ 0.006795158846628297	false	1.0
unangemessen	neg 1.0		neg 0.533741015472246 off 0.45945325215351235 __DUMMY__ 0.0068057323742417635	false	1.0
unstetig	neg 1.0		neg 0.5280638380042463 off 0.4651412809156431 __DUMMY__ 0.006794881080110694	false	1.0
entmutigen	neg 1.0		neg 0.5294728119782833 off 0.463712962579789 __DUMMY__ 0.0068142254419275875	false	1.0
schwanz	neg 1.0		neg 0.5349210574016945 off 0.45824928016803695 __DUMMY__ 0.0068296624302684305	false	1.0
verbot	neg 1.0		neg 0.5348286676742746 off 0.458350355168245 __DUMMY__ 0.00682097715748034	false	1.0
leid	neg 1.0		neg 0.5200688215208836 off 0.47321077170010106 __DUMMY__ 0.00672040677901523	false	1.0
archaisch	neg 1.0		neg 0.5331980888293845 off 0.4599916075030232 __DUMMY__ 0.006810303667592369	false	1.0
gegen			neg 0.5384594952284765 off 0.45467352962292096 __DUMMY__ 0.006866975148602561	false	0.0
scheidung	neg 1.0		neg 0.5085670877131061 off 0.48474926817541786 __DUMMY__ 0.006683644111476074	false	1.0
einschlag	neg 1.0		neg 0.5223682526162532 off 0.4708759336985381 __DUMMY__ 0.006755813685208806	false	1.0
m			neg 0.5323180154240281 off 0.4608326631336555 __DUMMY__ 0.006849321442316454	false	0.0
abgestanden	neg 1.0		neg 0.5318105036131008 off 0.46141098712265943 __DUMMY__ 0.006778509264239676	false	1.0
schmierig	off 1.0		neg 0.5201859827396385 off 0.47307593376761153 __DUMMY__ 0.006738083492749799	false	0.5
unpraktisch	neg 1.0		neg 0.528548933567687 off 0.4646387103782838 __DUMMY__ 0.006812356054029366	false	1.0
wixxer	off 1.0		neg 0.5174596851771875 off 0.47591346061571793 __DUMMY__ 0.006626854207094577	false	0.5
bezeichnet			neg 0.5325840235272485 off 0.46063227268193463 __DUMMY__ 0.006783703790816831	false	0.0
jammerlappen	off 1.0		neg 0.5244597408270916 off 0.4687424619640295 __DUMMY__ 0.00679779720887884	false	0.5
farce	neg 1.0		neg 0.534578272636242 off 0.4586220332958047 __DUMMY__ 0.006799694067953339	false	1.0
zwecklos	neg 1.0		neg 0.533962851204673 off 0.4592256549742771 __DUMMY__ 0.00681149382104982	false	1.0
turbulent	neg 1.0		neg 0.5261101835268259 off 0.4671579479426743 __DUMMY__ 0.006731868530499593	false	1.0
invasion	neg 1.0		neg 0.5287938585290889 off 0.4644069609999707 __DUMMY__ 0.006799180470940489	false	1.0
schuld	neg 1.0		neg 0.5303563229682489 off 0.4628486874558511 __DUMMY__ 0.006794989575900109	false	1.0
risiko	neg 1.0	neg 1.0	neg 0.7502407195195784 off 0.2465134361761275 __DUMMY__ 0.0032458443042941644	false	1.0
finster	neg 1.0		neg 0.5307924635804646 off 0.46242984440655555 __DUMMY__ 0.006777692012979749	false	1.0
geisteskrank	off 1.0		neg 0.5255873990654422 off 0.46768021234913454 __DUMMY__ 0.006732388585423192	false	0.5
zusammenbrechen	neg 1.0		neg 0.5323344331345621 off 0.46082955596631325 __DUMMY__ 0.00683601089912462	false	1.0
ausbeute	neg 1.0		neg 0.5286974717945988 off 0.4643648528014872 __DUMMY__ 0.006937675403913941	false	1.0
hinterhalt	neg 1.0		neg 0.5322158386829154 off 0.4609443174630634 __DUMMY__ 0.006839843854021177	false	1.0
kritik	neg 1.0		neg 0.5350103794877051 off 0.4581922582557437 __DUMMY__ 0.006797362256551071	false	1.0
einschrumpfen	neg 1.0		neg 0.528641058114334 off 0.46460677354661917 __DUMMY__ 0.006752168339046871	false	1.0
riskant	neg 1.0		neg 0.5365582170070552 off 0.45661445564339687 __DUMMY__ 0.006827327349547918	false	1.0
frustrieren	neg 1.0		neg 0.5348450926388003 off 0.4583214080559866 __DUMMY__ 0.006833499305213193	false	1.0
groll	neg 1.0		neg 0.5345887458755884 off 0.4585987486503054 __DUMMY__ 0.006812505474106091	false	1.0
gibt			neg 0.5316820491505333 off 0.46147258856494716 __DUMMY__ 0.006845362284519524	false	0.0
qualvoll	neg 1.0		neg 0.5280186052661496 off 0.4651963710452838 __DUMMY__ 0.006785023688566667	false	1.0
wackeln	neg 1.0		neg 0.5284889368414316 off 0.4646767689831471 __DUMMY__ 0.006834294175421276	false	1.0
klagen	neg 1.0		neg 0.5383806380673903 off 0.4547549741591752 __DUMMY__ 0.006864387773434458	false	1.0
bankrott	neg 1.0		neg 0.5252495280138912 off 0.46794991248314416 __DUMMY__ 0.006800559502964699	false	1.0
trauern	neg 1.0		neg 0.5350247721464799 off 0.4581292048461798 __DUMMY__ 0.006846023007340301	false	1.0
ablehnung	neg 1.0		neg 0.5348993419419561 off 0.4582948862091704 __DUMMY__ 0.0068057718488734025	false	1.0
stur	neg 1.0		neg 0.5298761161933213 off 0.46332578118537876 __DUMMY__ 0.006798102621299835	false	1.0
aufruhr	neg 1.0	neg 1.0	neg 0.7524959381730464 off 0.24426886614839477 __DUMMY__ 0.0032351956785588625	false	1.0
melancholie	neg 1.0		neg 0.5343967310506574 off 0.4587723874928281 __DUMMY__ 0.006830881456514576	false	1.0
ist			neg 0.5281080020872327 off 0.4650804689593527 __DUMMY__ 0.006811528953414708	false	0.0
torheit	neg 1.0		neg 0.5303944205464743 off 0.4627900325180938 __DUMMY__ 0.006815546935431918	false	1.0
dreckskind	off 1.0		neg 0.5220697802901919 off 0.4712660962059671 __DUMMY__ 0.006664123503841112	false	0.5
umtauschen	neg 1.0		neg 0.530660446852073 off 0.46251659686414065 __DUMMY__ 0.0068229562837862166	false	1.0
zum			neg 0.5365809851250161 off 0.4564683368794731 __DUMMY__ 0.0069506779955107465	false	0.0
zersetzen	neg 1.0		neg 0.5377730944426141 off 0.45540019627343814 __DUMMY__ 0.0068267092839476625	false	1.0
zur			neg 0.5396973689656787 off 0.45338659612965876 __DUMMY__ 0.006916034904662493	false	0.0
frust	neg 1.0		neg 0.5320525188854882 off 0.46110577523581914 __DUMMY__ 0.006841705878692667	false	1.0
unerbittlichkeit	neg 1.0		neg 0.5372971760040269 off 0.4558665849903312 __DUMMY__ 0.006836239005641821	false	1.0
zwei			neg 0.5364193299020832 off 0.4566543612582027 __DUMMY__ 0.006926308839714119	false	0.0
unkorrekt	neg 1.0		neg 0.5216111305362746 off 0.471626232958386 __DUMMY__ 0.006762636505339409	false	1.0
hexe	off 1.0		neg 0.5296239548612186 off 0.4636736795756219 __DUMMY__ 0.006702365563159508	false	0.5
lasch	neg 1.0		neg 0.5277952115437892 off 0.46543902060115677 __DUMMY__ 0.006765767855053929	false	1.0
rivale	neg 1.0		neg 0.5239644676142408 off 0.4692888419449855 __DUMMY__ 0.006746690440773754	false	1.0
mutlos	off 1.0	off 1.0	off 0.7120568742400541 neg 0.28470768487247866 __DUMMY__ 0.0032354408874673167	false	1.0
wirr	off 1.0		neg 0.5232590564569931 off 0.47002567068211515 __DUMMY__ 0.006715272860891749	false	0.5
jahr			neg 0.5310839657458569 off 0.46196260957275875 __DUMMY__ 0.006953424681384132	false	0.0
wird			neg 0.5334469184420086 off 0.459710153921242 __DUMMY__ 0.006842927636749285	false	0.0
strafbar	neg 1.0		neg 0.5348108674064904 off 0.4583443609287091 __DUMMY__ 0.006844771664800502	false	1.0
erosion	neg 1.0		neg 0.529343852531171 off 0.4638160681453933 __DUMMY__ 0.006840079323435723	false	1.0
eingehen	neg 1.0		neg 0.5353135282447026 off 0.45785520655788026 __DUMMY__ 0.006831265197416945	false	1.0
faul	off 1.0		neg 0.5255515383686253 off 0.46765397770486944 __DUMMY__ 0.006794483926505239	false	0.5
provisorium	neg 1.0		neg 0.5389723243919379 off 0.45405187445260653 __DUMMY__ 0.006975801155455559	false	1.0
schmerzen	neg 1.0		neg 0.5328353990206887 off 0.4603618469634359 __DUMMY__ 0.006802754015875471	false	1.0
schrumpfen	neg 1.0		neg 0.5418078999734104 off 0.45132152575879464 __DUMMY__ 0.006870574267795037	false	1.0
geistlos	off 1.0		neg 0.5307242651122057 off 0.46252831981613274 __DUMMY__ 0.006747415071661483	false	0.5
fehlkauf	neg 1.0		neg 0.5294010694691001 off 0.4638038440901624 __DUMMY__ 0.006795086440737375	false	1.0
frustrierend	neg 1.0		neg 0.5260299275681549 off 0.46717446544634506 __DUMMY__ 0.006795606985499912	false	1.0
unzufrieden	neg 1.0		neg 0.5337987059764907 off 0.45937965936123126 __DUMMY__ 0.00682163466227804	false	1.0
verzweifeln	neg 1.0		neg 0.531613766099365 off 0.46156019736804504 __DUMMY__ 0.006826036532590068	false	1.0
verzweifelt	neg 1.0	neg 1.0	neg 0.7516617677005084 off 0.2451232813287537 __DUMMY__ 0.003214950970737915	false	1.0
misstrauensantrag	neg 1.0		neg 0.5289212439895439 off 0.46428624859635675 __DUMMY__ 0.006792507414099283	false	1.0
abfallen	neg 1.0		neg 0.5283457790989965 off 0.4648207285747718 __DUMMY__ 0.006833492326231671	false	1.0
fucker	off 1.0		neg 0.5225925899762213 off 0.4706475597671727 __DUMMY__ 0.006759850256605934	false	0.5
ungezogen	neg 1.0		neg 0.5160950526034482 off 0.47722845966966454 __DUMMY__ 0.006676487726887175	false	1.0
irrsinnig	neg 1.0	neg 1.0	neg 0.7513555164709734 off 0.24542379876217035 __DUMMY__ 0.0032206847668562162	false	1.0
unfassbar	neg 1.0		neg 0.523345634535952 off 0.4698675908776075 __DUMMY__ 0.006786774586440544	false	1.0
hart	neg 1.0		neg 0.5270040358907236 off 0.4662577620484091 __DUMMY__ 0.006738202060867441	false	1.0
widerlich	off 1.0		neg 0.5244980037556464 off 0.46875135338996254 __DUMMY__ 0.006750642854390941	false	0.5
fatal	neg 1.0		neg 0.5286559962484193 off 0.4645491426715411 __DUMMY__ 0.0067948610800396495	false	1.0
bruch	neg 1.0		neg 0.537762426207839 off 0.45537098987750785 __DUMMY__ 0.00686658391465329	false	1.0
aushungern	neg 1.0		neg 0.5331927454304861 off 0.4599792465613493 __DUMMY__ 0.006828008008164567	false	1.0
anspannung	neg 1.0		neg 0.5391313733981027 off 0.45395953140106 __DUMMY__ 0.00690909520083727	false	1.0
von			neg 0.5300760858826945 off 0.4629528573832832 __DUMMY__ 0.006971056734022301	false	0.0
kraftlos	neg 1.0		neg 0.53275592391943 off 0.4604022912774538 __DUMMY__ 0.006841784803116057	false	1.0
vom			neg 0.5381545859152551 off 0.4548667922041166 __DUMMY__ 0.006978621880628412	false	0.0
grenzdebil	off 1.0		neg 0.5230647683019175 off 0.47015234712705695 __DUMMY__ 0.006782884571025641	false	0.5
vor			neg 0.535591000344184 off 0.45752149922567287 __DUMMY__ 0.006887500430142959	false	0.0
unterwerfen	neg 1.0		neg 0.5351981763387981 off 0.4579702452345585 __DUMMY__ 0.006831578426643381	false	1.0
versenkung	neg 1.0		neg 0.5330085200858075 off 0.4601244642207032 __DUMMY__ 0.006867015693489574	false	1.0
entziehen	neg 1.0		neg 0.5378152469282289 off 0.4553232795114553 __DUMMY__ 0.006861473560315939	false	1.0
finanzkrise	neg 1.0		neg 0.535050391648268 off 0.4581753331162306 __DUMMY__ 0.006774275235501573	false	1.0
schimpfend	neg 1.0		neg 0.5290263315067137 off 0.4641805136567993 __DUMMY__ 0.006793154836487016	false	1.0
profan	neg 1.0		neg 0.5281725739934992 off 0.4650385457853146 __DUMMY__ 0.006788880221186329	false	1.0
korruption	neg 1.0		neg 0.5354331429199574 off 0.4577505009664938 __DUMMY__ 0.0068163561135489706	false	1.0
â			neg 0.5329617291886392 off 0.4601859869295239 __DUMMY__ 0.006852283881836973	false	0.0
schmutzig	neg 1.0		neg 0.5224655450728318 off 0.47075169773171077 __DUMMY__ 0.006782757195457317	false	1.0
sexy	neg 1.0		neg 0.5263386842848555 off 0.46686107402133653 __DUMMY__ 0.00680024169380783	false	1.0
abraten	neg 1.0		neg 0.5272875821154583 off 0.46589216947130574 __DUMMY__ 0.006820248413235904	false	1.0
schwarz	neg 1.0		neg 0.5294517588249842 off 0.4637497602129198 __DUMMY__ 0.006798480962096042	false	1.0
fotze	off 1.0	off 1.0	off 0.713947978914333 neg 0.2828080490098873 __DUMMY__ 0.003243972075779673	false	1.0
verwirren	neg 1.0		neg 0.5270303605461216 off 0.4661716121163622 __DUMMY__ 0.006798027337516294	false	1.0
zahnlos	off 1.0		neg 0.5329553569570012 off 0.4602274954461494 __DUMMY__ 0.006817147596849377	false	0.5
verheeren	neg 1.0		neg 0.5150432891603323 off 0.478288769011397 __DUMMY__ 0.006667941828270706	false	1.0
hippie	neg 1.0		neg 0.527109961395758 off 0.46609341714850155 __DUMMY__ 0.006796621455740424	false	1.0
rammen	neg 1.0		neg 0.5332165135832458 off 0.46004667188004544 __DUMMY__ 0.006736814536708652	false	1.0
unlauter	neg 1.0		neg 0.5311587667395034 off 0.4620578211742872 __DUMMY__ 0.0067834120862095134	false	1.0
unheilvoll	neg 1.0		neg 0.52985060549381 off 0.46336500372534206 __DUMMY__ 0.006784390780847902	false	1.0
niedrig	neg 1.0		neg 0.5375421860652507 off 0.4556415278050097 __DUMMY__ 0.006816286129739561	false	1.0
explosion	neg 1.0		neg 0.5270881306106466 off 0.46610510791194787 __DUMMY__ 0.006806761477405554	false	1.0
weichei	off 1.0	off 1.0	off 0.720826131412557 neg 0.2759998703479573 __DUMMY__ 0.0031739982394856673	false	1.0
minusmensch	off 1.0		neg 0.5219268179661024 off 0.47145792017743515 __DUMMY__ 0.006615261856462433	false	0.5
farblos	neg 1.0		neg 0.532713366783844 off 0.4604936385577327 __DUMMY__ 0.00679299465842336	false	1.0
unwissend	neg 1.0	neg 1.0	neg 0.7487259632271293 off 0.24806250118940956 __DUMMY__ 0.0032115355834611606	false	1.0
traurig	neg 1.0		neg 0.5208324741187808 off 0.47239933337492634 __DUMMY__ 0.0067681925062928585	false	1.0
senkung	neg 1.0		neg 0.5294333481119994 off 0.4637982699939764 __DUMMY__ 0.006768381894024143	false	1.0
ungleich	neg 1.0	neg 1.0	neg 0.7542434676086556 off 0.24250671552548098 __DUMMY__ 0.0032498168658634447	false	1.0
heikel	neg 1.0		neg 0.5358500262074555 off 0.4573114159449757 __DUMMY__ 0.006838557847568718	false	1.0
drosselung	neg 1.0		neg 0.5251437024436436 off 0.4681042682272551 __DUMMY__ 0.00675202932910138	false	1.0
falsch	neg 1.0		neg 0.5259062798476564 off 0.4673025544537402 __DUMMY__ 0.006791165698603458	false	1.0
unzufriedenheit	neg 1.0		neg 0.5374885133765416 off 0.45566182916792364 __DUMMY__ 0.006849657455534912	false	1.0
kurz	neg 1.0		neg 0.529538530044823 off 0.46358855230651724 __DUMMY__ 0.006872917648659652	false	1.0
unsinnig	neg 1.0		neg 0.5325869856553131 off 0.46059668868049014 __DUMMY__ 0.006816325664196648	false	1.0
penner	off 1.0	off 1.0	off 0.721778120137527 neg 0.2750510031490126 __DUMMY__ 0.0031708767134604374	false	1.0
seicht	neg 1.0		neg 0.5167335660957405 off 0.4765882302453837 __DUMMY__ 0.00667820365887588	false	1.0
dummheit	off 1.0	off 1.0	off 0.7158975496482962 neg 0.2808999635242588 __DUMMY__ 0.0032024868274450123	false	1.0
unerfreulich	neg 1.0		neg 0.5353948847109733 off 0.4577390447253864 __DUMMY__ 0.006866070563640426	false	1.0
motherfucker	off 1.0	off 1.0	off 0.7189221922942788 neg 0.2778780150500049 __DUMMY__ 0.0031997926557163887	false	1.0
pikiert	neg 1.0		neg 0.5259361305778457 off 0.4673169778236199 __DUMMY__ 0.0067468915985343545	false	1.0
wrack	neg 1.0		neg 0.5345981597686275 off 0.45859244606369237 __DUMMY__ 0.006809394167680068	false	1.0
gangster	neg 1.0		neg 0.5270799790340295 off 0.46612465806958736 __DUMMY__ 0.006795362896383054	false	1.0
krank	neg 1.0		neg 0.522334778010435 off 0.47087158614481495 __DUMMY__ 0.006793635844750017	false	1.0
reich	neg 1.0		neg 0.525462583856856 off 0.4677621979879058 __DUMMY__ 0.006775218155238189	false	1.0
gnadenlos	neg 1.0		neg 0.5302004317435406 off 0.46300301780424263 __DUMMY__ 0.006796550452216868	false	1.0
niedergeschlagen	neg 1.0		neg 0.5321398600782284 off 0.46103191963146933 __DUMMY__ 0.006828220290302244	false	1.0
terrorisieren	off 1.0	off 1.0	off 0.7130277042234895 neg 0.28372302386177667 __DUMMY__ 0.0032492719147337993	false	1.0
sinnlosigkeit	neg 1.0		neg 0.5333590750072953 off 0.45981868778877544 __DUMMY__ 0.006822237203929272	false	1.0
behindern	neg 1.0		neg 0.5316964471795587 off 0.46148433551250884 __DUMMY__ 0.006819217307932375	false	1.0
undemokratisch	neg 1.0		neg 0.5302763159277488 off 0.46292077992399583 __DUMMY__ 0.006802904148255288	false	1.0
wirtschaftskrise	neg 1.0		neg 0.5367876330041329 off 0.45641380206057497 __DUMMY__ 0.00679856493529211	false	1.0
neid	neg 1.0		neg 0.5243829872599807 off 0.46879684626202756 __DUMMY__ 0.006820166477991766	false	1.0
rutschen	neg 1.0		neg 0.5363518641441404 off 0.45671765043985046 __DUMMY__ 0.006930485416009067	false	1.0
rezession	neg 1.0		neg 0.5259577006813244 off 0.4673677767404955 __DUMMY__ 0.006674522578180008	false	1.0
fehlgeburt	neg 1.0		neg 0.5290333608688597 off 0.4641660803665852 __DUMMY__ 0.006800558764555299	false	1.0
charakterschwach	off 1.0		neg 0.5247892428099817 off 0.46845957850650216 __DUMMY__ 0.006751178683516112	false	0.5
isolation	neg 1.0		neg 0.526362212621236 off 0.4668407182274918 __DUMMY__ 0.006797069151272085	false	1.0
ablenkung	neg 1.0		neg 0.5289462623093709 off 0.4642105505928451 __DUMMY__ 0.006843187097783929	false	1.0
pech	neg 1.0		neg 0.5258923896191984 off 0.4673095716897209 __DUMMY__ 0.006798038691080671	false	1.0
vermeidung	neg 1.0		neg 0.5245404282066425 off 0.46870040644369637 __DUMMY__ 0.006759165349661267	false	1.0
dominieren	neg 1.0		neg 0.5352456843561936 off 0.45791790068946503 __DUMMY__ 0.006836414954341399	false	1.0
schwindlig	neg 1.0		neg 0.5274288901491075 off 0.46575840639429983 __DUMMY__ 0.006812703456592671	false	1.0
lutscher	neg 1.0	neg 1.0	neg 0.7440458637106053 off 0.2527973682189023 __DUMMY__ 0.003156768070492428	false	1.0
pflicht	neg 1.0		neg 0.5370831340156617 off 0.45606917867756336 __DUMMY__ 0.006847687306775021	false	1.0
faschist	off 1.0		neg 0.5273677306118791 off 0.46584172398459284 __DUMMY__ 0.006790545403527992	false	0.5
verschleudern	neg 1.0		neg 0.5357938211790981 off 0.45736345986109617 __DUMMY__ 0.0068427189598058635	false	1.0
wenn			neg 0.5258787596906496 off 0.4673320542699311 __DUMMY__ 0.006789186039419441	false	0.0
ehebruch	neg 1.0		neg 0.5350801319584071 off 0.45809642966723074 __DUMMY__ 0.006823438374362061	false	1.0
spott	off 1.0		neg 0.5353576705504468 off 0.45781261209867535 __DUMMY__ 0.006829717350877856	false	0.5
trostlosigkeit	neg 1.0		neg 0.538078362203459 off 0.4550745182598599 __DUMMY__ 0.006847119536681133	false	1.0
lutschen	neg 1.0		neg 0.529121963826299 off 0.46412757963463713 __DUMMY__ 0.006750456539064031	false	1.0
undiszipliniert	neg 1.0		neg 0.5221945731342948 off 0.47104809631202016 __DUMMY__ 0.006757330553684935	false	1.0
kopfschmerz	neg 1.0		neg 0.5351532423656948 off 0.4580565550277626 __DUMMY__ 0.006790202606542556	false	1.0
unvorhergesehen	neg 1.0		neg 0.5332157321203143 off 0.4598943432088296 __DUMMY__ 0.006889924670856153	false	1.0
desinteressiert	neg 1.0	neg 1.0	neg 0.7475720849235294 off 0.24922740418325598 __DUMMY__ 0.0032005108932146066	false	1.0
armselig	off 1.0		neg 0.5227537830835157 off 0.47051420739845434 __DUMMY__ 0.006732009518029882	false	0.5
desaster	neg 1.0		neg 0.5384606219571929 off 0.4546700544680357 __DUMMY__ 0.00686932357477153	false	1.0
tod	neg 1.0		neg 0.5349080288144373 off 0.4582695837421248 __DUMMY__ 0.006822387443437801	false	1.0
herzlos	neg 1.0		neg 0.5219809177594105 off 0.4712725939524595 __DUMMY__ 0.006746488288130179	false	1.0
unwissenheit	neg 1.0		neg 0.534286920089954 off 0.4588979702489659 __DUMMY__ 0.006815109661080078	false	1.0
widersinnig	neg 1.0		neg 0.5351278897779563 off 0.45807411728666453 __DUMMY__ 0.006797992935379057	false	1.0
bedenklich	neg 1.0		neg 0.5347938379930827 off 0.4583782865539899 __DUMMY__ 0.006827875452927561	false	1.0
beanstanden	neg 1.0		neg 0.5367174702670555 off 0.45642053396313403 __DUMMY__ 0.0068619957698103345	false	1.0
panisch	neg 1.0	neg 1.0	neg 0.749021290517528 off 0.24773382368764818 __DUMMY__ 0.0032448857948238308	false	1.0
debil	off 1.0		neg 0.5417029099386129 off 0.4513852968348367 __DUMMY__ 0.006911793226550306	false	0.5
abstrich	neg 1.0		neg 0.5296083892581619 off 0.4635328892382043 __DUMMY__ 0.0068587215036337995	false	1.0
primitiv	neg 1.0		neg 0.524120117312436 off 0.46912794857502155 __DUMMY__ 0.00675193411254251	false	1.0
abschaum	off 1.0	off 1.0	off 0.7176812983732099 neg 0.2791164938285206 __DUMMY__ 0.0032022077982695163	false	1.0
provozieren	neg 1.0		neg 0.5310815500742975 off 0.4621334188370077 __DUMMY__ 0.006785031088694877	false	1.0
tot	neg 1.0		neg 0.5342216754688504 off 0.45895829031874597 __DUMMY__ 0.006820034212403596	false	1.0
instabil	neg 1.0		neg 0.5234470433325124 off 0.46981810286369174 __DUMMY__ 0.006734853803796046	false	1.0
schwuchtel	off 1.0	off 1.0	off 0.7239260924202158 neg 0.2729433901756915 __DUMMY__ 0.0031305174040927937	false	1.0
zerren	neg 1.0		neg 0.5328687241461237 off 0.46030144013124347 __DUMMY__ 0.006829835722632796	false	1.0
kinderficker	off 1.0		neg 0.5193589104565319 off 0.4739145190459693 __DUMMY__ 0.006726570497498658	false	0.5
gefahr	neg 1.0		neg 0.5369084873906045 off 0.4562268457983537 __DUMMY__ 0.006864666811041711	false	1.0
rabiat	neg 1.0		neg 0.5304509231370428 off 0.4627316447959955 __DUMMY__ 0.006817432066961765	false	1.0
verlangsamung	neg 1.0		neg 0.5211384814158804 off 0.47220407689558874 __DUMMY__ 0.006657441688530844	false	1.0
ausgestorben	neg 1.0		neg 0.5302367383597271 off 0.4629339802446645 __DUMMY__ 0.006829281395608501	false	1.0
anklagen	neg 1.0		neg 0.5352099144261828 off 0.457974881000202 __DUMMY__ 0.00681520457361513	false	1.0
trott	neg 1.0		neg 0.5312191527923577 off 0.4619615846149466 __DUMMY__ 0.006819262592695732	false	1.0
verminderung	neg 1.0		neg 0.5236304468517446 off 0.4696060207935179 __DUMMY__ 0.0067635323547375475	false	1.0
nach			neg 0.537472829095876 off 0.45558563361372956 __DUMMY__ 0.006941537290394265	false	0.0
rost	neg 1.0		neg 0.52009132510492 off 0.4732050096155256 __DUMMY__ 0.006703665279554239	false	1.0
destruktiv	neg 1.0		neg 0.5316314587829936 off 0.46156330759903696 __DUMMY__ 0.006805233617969403	false	1.0
unzumutbarkeit	neg 1.0		neg 0.5252871889880313 off 0.46794226807081907 __DUMMY__ 0.006770542941149643	false	1.0
labil	off 1.0	off 1.0	off 0.7173551227454186 neg 0.27943718087353686 __DUMMY__ 0.0032076963810445972	false	1.0
ziemlich	neg 1.0		neg 0.5229548437235568 off 0.4702484055478119 __DUMMY__ 0.00679675072863121	false	1.0
lachnummer	off 1.0		neg 0.5309831511974991 off 0.4622158317698314 __DUMMY__ 0.006801017032669705	false	0.5
oder			neg 0.5281431749021048 off 0.46501980903037604 __DUMMY__ 0.006837016067519188	false	0.0
verfall	neg 1.0		neg 0.5412139201471186 off 0.4519068229068861 __DUMMY__ 0.006879256945995186	false	1.0
ausgrenzung	neg 1.0		neg 0.5298240228879291 off 0.4633799854998532 __DUMMY__ 0.0067959916122178315	false	1.0
unordnung	neg 1.0		neg 0.5215813658104476 off 0.47164552448025265 __DUMMY__ 0.006773109709299782	false	1.0
fehlverhalten	neg 1.0		neg 0.5375268330296861 off 0.4556478881484938 __DUMMY__ 0.0068252788218201976	false	1.0
eine			neg 0.5347947925547212 off 0.45832042928841815 __DUMMY__ 0.006884778156860804	false	0.0
nille	neg 1.0		neg 0.5309818029146307 off 0.4621913859259328 __DUMMY__ 0.006826811159436491	false	1.0
qual	neg 1.0		neg 0.5315204274307924 off 0.4616555106639394 __DUMMY__ 0.006824061905268123	false	1.0
verschwenden	neg 1.0		neg 0.5358089112096558 off 0.4573659480560168 __DUMMY__ 0.006825140734327403	false	1.0
riesig	neg 1.0		neg 0.5344438569930706 off 0.45871700475604865 __DUMMY__ 0.006839138250880777	false	1.0
verurteilen	neg 1.0		neg 0.5351498228416652 off 0.4580470485306734 __DUMMY__ 0.006803128627661307	false	1.0
klischee	neg 1.0	neg 1.0	neg 0.7498661883917006 off 0.24692315855126534 __DUMMY__ 0.0032106530570340666	false	1.0
diktatorisch	neg 1.0		neg 0.53094265319575 off 0.4622695252503388 __DUMMY__ 0.006787821553911244	false	1.0
vorhersehbar	neg 1.0		neg 0.5283239949238867 off 0.4649024167863165 __DUMMY__ 0.006773588289796796	false	1.0
sowie			neg 0.521773776139761 off 0.47152557489113944 __DUMMY__ 0.006700648969099573	false	0.0
stornieren	neg 1.0		neg 0.5243401674414225 off 0.4687834566176042 __DUMMY__ 0.006876375940973251	false	1.0
besteuerung	neg 1.0		neg 0.533428981446743 off 0.45981708621226 __DUMMY__ 0.006753932340996853	false	1.0
ungeschminkt	neg 1.0		neg 0.527572300909917 off 0.4657271121844742 __DUMMY__ 0.00670058690560858	false	1.0
kritisch	neg 1.0		neg 0.5346668340696699 off 0.45849599306578126 __DUMMY__ 0.00683717286454876	false	1.0
schlamperei	off 1.0		neg 0.5358084737168383 off 0.45733917981704164 __DUMMY__ 0.006852346466120119	false	0.5
sucht	neg 1.0	neg 1.0	neg 0.7496502443959336 off 0.24708886872498256 __DUMMY__ 0.003260886879083778	false	1.0
egoistisch	off 1.0		neg 0.5199572713122134 off 0.47333349154825327 __DUMMY__ 0.006709237139533366	false	0.5
ausbeuter	off 1.0		neg 0.5380006957450407 off 0.45518255611195285 __DUMMY__ 0.006816748143006368	false	0.5
arschgeburt	off 1.0		neg 0.5159449806633609 off 0.4774599886431884 __DUMMY__ 0.006595030693450898	false	0.5
schubs	neg 1.0		neg 0.5322771160601207 off 0.46088867455580995 __DUMMY__ 0.006834209384069249	false	1.0
unsolide	neg 1.0		neg 0.5306768288641603 off 0.4625493129311637 __DUMMY__ 0.006773858204676038	false	1.0
beschwerde	neg 1.0		neg 0.5363837588689769 off 0.4567936325098514 __DUMMY__ 0.006822608621171789	false	1.0
stocken	neg 1.0		neg 0.5362906286485979 off 0.4568731271809264 __DUMMY__ 0.006836244170475752	false	1.0
isolieren	neg 1.0		neg 0.5339135442000199 off 0.45924940869308195 __DUMMY__ 0.006837047106898098	false	1.0
unheilbar	neg 1.0		neg 0.5300824187063206 off 0.4630980992206587 __DUMMY__ 0.006819482073020652	false	1.0
pisser	off 1.0		neg 0.5250934055961693 off 0.468199942996936 __DUMMY__ 0.006706651406894584	false	0.5
löschen	neg 1.0		neg 0.5311300984265254 off 0.4620561417796368 __DUMMY__ 0.006813759793837854	false	1.0
durchfallen	neg 1.0		neg 0.5346168918766149 off 0.4585631697784856 __DUMMY__ 0.006819938344899555	false	1.0
wichser	off 1.0	off 1.0	off 0.7232860020233796 neg 0.27355833346189773 __DUMMY__ 0.00315566451472269	false	1.0
terror	neg 1.0		neg 0.5270803539633379 off 0.4661177900404067 __DUMMY__ 0.006801855996255329	false	1.0
krass	neg 1.0		neg 0.5221593553051662 off 0.4711153377542806 __DUMMY__ 0.006725306940553127	false	1.0
revolte	neg 1.0		neg 0.5300556585005025 off 0.46316288511231274 __DUMMY__ 0.006781456387184584	false	1.0
besorgt	neg 1.0		neg 0.5300570114608368 off 0.4630696423642076 __DUMMY__ 0.006873346174955486	false	1.0
nachlassen	neg 1.0		neg 0.5341626217518864 off 0.45896750011676274 __DUMMY__ 0.006869878131350739	false	1.0
alt	neg 1.0		neg 0.5344688594227012 off 0.45871889752705824 __DUMMY__ 0.0068122430502406475	false	1.0
hundesohn	off 1.0		neg 0.5176408278665072 off 0.4757041230858095 __DUMMY__ 0.006655049047683483	false	0.5
als			neg 0.5318765329360807 off 0.4612766296782114 __DUMMY__ 0.006846837385707842	false	0.0
abschreckung	neg 1.0		neg 0.5377338399376976 off 0.4554147510410846 __DUMMY__ 0.006851409021217873	false	1.0
unqualifiziert	neg 1.0		neg 0.5273007062730629 off 0.46592939137330835 __DUMMY__ 0.0067699023536288245	false	1.0
abgewichst	off 1.0		neg 0.5311959618455899 off 0.4619658610542798 __DUMMY__ 0.006838177100130338	false	0.5
schwer	neg 1.0		neg 0.5313570669861188 off 0.461825578640439 __DUMMY__ 0.006817354373442207	false	1.0
bedeutungslosigkeit	neg 1.0		neg 0.5365921259520334 off 0.4565630847971453 __DUMMY__ 0.006844789250821136	false	1.0
kapitulation	neg 1.0		neg 0.5353278095881688 off 0.45783652858946844 __DUMMY__ 0.006835661822362665	false	1.0
unscharf	neg 1.0		neg 0.5298075876094899 off 0.46342917618598134 __DUMMY__ 0.006763236204528606	false	1.0
schwinden	neg 1.0		neg 0.5373552098543272 off 0.45580489007441577 __DUMMY__ 0.006839900071257068	false	1.0
versklavung	neg 1.0		neg 0.5311172435761025 off 0.46208726561179186 __DUMMY__ 0.006795490812105797	false	1.0
schlecht	neg 1.0		neg 0.5226966760865313 off 0.4705055433230962 __DUMMY__ 0.006797780590372646	false	1.0
verhasst	neg 1.0		neg 0.5313193244788201 off 0.4619135874626565 __DUMMY__ 0.006767088058523457	false	1.0
beschweren	neg 1.0		neg 0.5278878903735559 off 0.4653001274457209 __DUMMY__ 0.006811982180723287	false	1.0
scheiden	neg 1.0		neg 0.5292386578234273 off 0.46391943108718525 __DUMMY__ 0.006841911089387419	false	1.0
frustriert	neg 1.0		neg 0.5326439989317394 off 0.4605384538643547 __DUMMY__ 0.006817547203905912	false	1.0
schimmelig	neg 1.0		neg 0.5366544845571638 off 0.45656518391487266 __DUMMY__ 0.006780331527963575	false	1.0
fisch	neg 1.0		neg 0.5387763788419397 off 0.4544088107210174 __DUMMY__ 0.006814810437042884	false	1.0
schmuggel	neg 1.0		neg 0.5375974901402932 off 0.4555833607867195 __DUMMY__ 0.006819149072987363	false	1.0
auffallen	neg 1.0		neg 0.5272249270831733 off 0.46597184594644986 __DUMMY__ 0.006803226970376823	false	1.0
konkurrenz	neg 1.0		neg 0.5368251083348148 off 0.4563006476822676 __DUMMY__ 0.006874243982917653	false	1.0
teufelskreis	neg 1.0	neg 1.0	neg 0.752655815203875 off 0.24412371772603614 __DUMMY__ 0.0032204670700888287	false	1.0
aufschreien	neg 1.0		neg 0.5282602525819617 off 0.4649563623894019 __DUMMY__ 0.00678338502863628	false	1.0
schuldner	neg 1.0		neg 0.5389436244857334 off 0.4542383668728786 __DUMMY__ 0.006818008641387904	false	1.0
missgeburt	off 1.0	off 1.0	off 0.719741408623375 neg 0.277109221705465 __DUMMY__ 0.0031493696711600403	false	1.0
arbeitslos	neg 1.0		neg 0.534389032821741 off 0.45879447920382016 __DUMMY__ 0.006816487974439014	false	1.0
befallen	neg 1.0		neg 0.5355161663656215 off 0.4577063777943125 __DUMMY__ 0.006777455840066139	false	1.0
miesepetrig	off 1.0	off 1.0	off 0.7187835109500754 neg 0.27799899574736947 __DUMMY__ 0.0032174933025550362	false	1.0
alarmieren	neg 1.0		neg 0.5290465606326211 off 0.464215524019503 __DUMMY__ 0.006737915347875834	false	1.0
ungeduscht	off 1.0		neg 0.528261581109061 off 0.4649938796941408 __DUMMY__ 0.006744539196798289	false	0.5
knappheit	neg 1.0		neg 0.5359684950733549 off 0.4572291095083708 __DUMMY__ 0.006802395418274323	false	1.0
schlange	neg 1.0		neg 0.5267668410749552 off 0.4663884921987026 __DUMMY__ 0.0068446667263420925	false	1.0
harsch	neg 1.0		neg 0.5196794179726216 off 0.4735710069583001 __DUMMY__ 0.006749575069078263	false	1.0
lang	neg 1.0		neg 0.529786884494889 off 0.4633981939413122 __DUMMY__ 0.006814921563798863	false	1.0
ziellos	neg 1.0		neg 0.5328762633529911 off 0.4602624737391543 __DUMMY__ 0.00686126290785458	false	1.0
selbstverliebt	neg 1.0		neg 0.5160288990879311 off 0.47732535540938265 __DUMMY__ 0.006645745502686321	false	1.0
beseitigen	neg 1.0		neg 0.5322433089238681 off 0.46092761698030554 __DUMMY__ 0.006829074095826379	false	1.0
dumm	off 1.0		neg 0.5184734864208111 off 0.4748094999527674 __DUMMY__ 0.006717013626421324	false	0.5
arbeitsloser	neg 1.0		neg 0.5323424199254275 off 0.4608038832404454 __DUMMY__ 0.006853696834127136	false	1.0
blitzen	neg 1.0		neg 0.5269979512129367 off 0.46620168439843424 __DUMMY__ 0.006800364388629011	false	1.0
hilflos	neg 1.0		neg 0.5337064405578857 off 0.459482605884418 __DUMMY__ 0.0068109535576962	false	1.0
eklig	off 1.0		neg 0.5201931752750437 off 0.4731347320017005 __DUMMY__ 0.0066720927232557575	false	0.5
begriff			neg 0.5311986693537066 off 0.46197685845736614 __DUMMY__ 0.006824472188927174	false	0.0
hungersnot	neg 1.0		neg 0.5350280071201996 off 0.45816165951729526 __DUMMY__ 0.0068103333625050225	false	1.0
ungesetzlich	neg 1.0		neg 0.5318100247737939 off 0.46141050749170126 __DUMMY__ 0.006779467734504775	false	1.0
verschwendung	neg 1.0		neg 0.5357817501764639 off 0.4573788645607755 __DUMMY__ 0.006839385262760414	false	1.0
schmerzvoll	neg 1.0		neg 0.5290620707784156 off 0.46413790335667143 __DUMMY__ 0.006800025864913044	false	1.0
vorzeitig	neg 1.0		neg 0.5290523679177978 off 0.4641722529964713 __DUMMY__ 0.006775379085730901	false	1.0
unvollkommenheit	neg 1.0		neg 0.5318397772655746 off 0.4612898672746629 __DUMMY__ 0.006870355459762453	false	1.0
intervenieren	neg 1.0		neg 0.5366975620300797 off 0.4564734654038432 __DUMMY__ 0.006828972566077247	false	1.0
banause	off 1.0		neg 0.5190152249774697 off 0.47435593856185887 __DUMMY__ 0.006628836460671479	false	0.5
rebell	neg 1.0		neg 0.5405351360622814 off 0.45261651352064936 __DUMMY__ 0.006848350417069235	false	1.0
unlogisch	neg 1.0		neg 0.5226186370948799 off 0.4706424941303291 __DUMMY__ 0.006738868774791127	false	1.0
leiden	neg 1.0		neg 0.534483195165124 off 0.4586330837436424 __DUMMY__ 0.006883721091233545	false	1.0
abschaffung	neg 1.0		neg 0.5307599882570616 off 0.46243076179265674 __DUMMY__ 0.006809249950281524	false	1.0
sturz	neg 1.0		neg 0.531883555452953 off 0.4613165327036546 __DUMMY__ 0.006799911843392422	false	1.0
verkleinerung	neg 1.0		neg 0.5296912831328693 off 0.4635496479627963 __DUMMY__ 0.006759068904334429	false	1.0
schmarotzer	off 1.0		neg 0.5337031385475381 off 0.4594887616659901 __DUMMY__ 0.006808099786471704	false	0.5
bestrafung	neg 1.0		neg 0.5303524477055833 off 0.46284991826584754 __DUMMY__ 0.006797634028569147	false	1.0
achtlos	neg 1.0	neg 1.0	neg 0.7517022316392655 off 0.24505716606806335 __DUMMY__ 0.003240602292671066	false	1.0
ungeheuer	neg 1.0		neg 0.5283356645857897 off 0.4648691757201527 __DUMMY__ 0.006795159694057674	false	1.0
