unsolidarisch	neg 1.0		neg 0.5329080367413623 off 0.4603066238513006 __DUMMY__ 0.006785339407337063	false	1.0
nachteilig	neg 1.0		neg 0.53519877267497 off 0.4579517782753233 __DUMMY__ 0.006849449049706728	false	1.0
skeptisch	neg 1.0		neg 0.5359104934007078 off 0.4572376015876627 __DUMMY__ 0.006851905011629486	false	1.0
schrecklich	neg 1.0		neg 0.5204364996609164 off 0.47280767122144607 __DUMMY__ 0.006755829117637426	false	1.0
schlapp	neg 1.0		neg 0.5243612995351201 off 0.46885189706245134 __DUMMY__ 0.00678680340242862	false	1.0
abfall	neg 1.0		neg 0.5388070379122842 off 0.45430304214621986 __DUMMY__ 0.006889919941495792	false	1.0
widerspenstig	neg 1.0		neg 0.5303796091049459 off 0.4628043672835397 __DUMMY__ 0.0068160236115144875	false	1.0
abrupt	neg 1.0		neg 0.5348241685807057 off 0.45832386407397363 __DUMMY__ 0.006851967345320593	false	1.0
unwirksam	neg 1.0		neg 0.5333630853581057 off 0.4598624150196299 __DUMMY__ 0.006774499622264265	false	1.0
angreifen	neg 1.0		neg 0.5374102316832097 off 0.4557599838789365 __DUMMY__ 0.006829784437853776	false	1.0
inkonsistent	neg 1.0		neg 0.5323201254553157 off 0.46091429867564365 __DUMMY__ 0.006765575869040623	false	1.0
abrutschen	neg 1.0		neg 0.5391931211097232 off 0.45393576073518177 __DUMMY__ 0.006871118155095084	false	1.0
unsicher	neg 1.0		neg 0.528962741022831 off 0.46418774852246775 __DUMMY__ 0.006849510454701329	false	1.0
bauernkind	off 1.0	off 1.0	off 0.7176763880197342 neg 0.27918639702141834 __DUMMY__ 0.0031372149588474478	false	1.0
angreifer	neg 1.0	neg 1.0	neg 0.7507973640855434 off 0.24597487038709528 __DUMMY__ 0.00322776552736124	false	1.0
trennen	neg 1.0		neg 0.5349279205072786 off 0.4581945279945375 __DUMMY__ 0.006877551498183848	false	1.0
schmutz	neg 1.0		neg 0.5284458432284463 off 0.46473364636200726 __DUMMY__ 0.006820510409546462	false	1.0
inkonsistenz	neg 1.0		neg 0.5277461879461237 off 0.4655219957777093 __DUMMY__ 0.006731816276167028	false	1.0
erschreckend	neg 1.0		neg 0.532104881573058 off 0.46108180028474377 __DUMMY__ 0.006813318142198223	false	1.0
ertrinken	neg 1.0		neg 0.5374715873634224 off 0.45570964019298893 __DUMMY__ 0.006818772443588717	false	1.0
pickelface	off 1.0		neg 0.5321187500900074 off 0.4610618637599367 __DUMMY__ 0.006819386150055999	false	0.5
seiner			neg 0.5356344383952943 off 0.45751594470116813 __DUMMY__ 0.00684961690353763	false	0.0
lauch	neg 1.0		neg 0.5387071175922881 off 0.4544243521151705 __DUMMY__ 0.006868530292541622	false	1.0
unwichtig	neg 1.0		neg 0.525831103378306 off 0.4673945053759806 __DUMMY__ 0.006774391245713437	false	1.0
steuerhinterziehung	neg 1.0	neg 1.0	neg 0.7536934016297147 off 0.2430730033118861 __DUMMY__ 0.003233595058399259	false	1.0
schock	neg 1.0		neg 0.5321558217394888 off 0.4610263563769061 __DUMMY__ 0.006817821883604935	false	1.0
beule	neg 1.0		neg 0.5254064790559211 off 0.46784743274151386 __DUMMY__ 0.006746088202565174	false	1.0
vergelten	neg 1.0		neg 0.520408031129991 off 0.47280155426492654 __DUMMY__ 0.006790414605082506	false	1.0
verdorbenheit	neg 1.0		neg 0.5285123995062215 off 0.46464725067911544 __DUMMY__ 0.006840349814663188	false	1.0
trauma	neg 1.0		neg 0.5300261529656073 off 0.46316676943507173 __DUMMY__ 0.006807077599320904	false	1.0
sinnlos	neg 1.0		neg 0.5278985313527904 off 0.46529217676624884 __DUMMY__ 0.006809291880960847	false	1.0
fettsack	off 1.0	off 1.0	off 0.7191564604659696 neg 0.2776941318428169 __DUMMY__ 0.0031494076912134683	false	1.0
feige	off 1.0	off 1.0	off 0.7171184419335568 neg 0.279688453229068 __DUMMY__ 0.0031931048373751336	false	1.0
abdanken	neg 1.0		neg 0.5324308914615377 off 0.46075987074665253 __DUMMY__ 0.006809237791809774	false	1.0
wichtigtuer	off 1.0	off 1.0	off 0.7164522952053081 neg 0.28033223303558513 __DUMMY__ 0.0032154717591067307	false	1.0
misslingen	neg 1.0		neg 0.5261946193247319 off 0.46692123677022934 __DUMMY__ 0.0068841439050386566	false	1.0
untreu	off 1.0		neg 0.5250468287719411 off 0.4681779632191737 __DUMMY__ 0.006775208008885297	false	0.5
missmutig	neg 1.0		neg 0.5257975063191398 off 0.46742078036557594 __DUMMY__ 0.006781713315284344	false	1.0
hurenbock	off 1.0		neg 0.5296498493503338 off 0.4635600132221469 __DUMMY__ 0.006790137427519332	false	0.5
betrunken	neg 1.0		neg 0.5228474313465632 off 0.4703817829888392 __DUMMY__ 0.006770785664597459	false	1.0
korrupt	off 1.0		neg 0.5357946453409875 off 0.45741259346547236 __DUMMY__ 0.006792761193540285	false	0.5
unmut	neg 1.0		neg 0.5386899903907894 off 0.4544317937824117 __DUMMY__ 0.006878215826798916	false	1.0
hackfresse	off 1.0		neg 0.5181180544862654 off 0.47517726403787963 __DUMMY__ 0.006704681475855198	false	0.5
aufblasen	neg 1.0		neg 0.527959897660791 off 0.46522259796552395 __DUMMY__ 0.006817504373684991	false	1.0
gewaltsam	neg 1.0		neg 0.5341224817686461 off 0.45907587593484467 __DUMMY__ 0.006801642296509296	false	1.0
unbeliebtheit	neg 1.0		neg 0.5291286800279502 off 0.46412812763266864 __DUMMY__ 0.0067431923393811485	false	1.0
sturheit	neg 1.0		neg 0.5335186347588559 off 0.45967556461270476 __DUMMY__ 0.006805800628439366	false	1.0
kuh	neg 1.0		neg 0.5321695649367627 off 0.46110413194761496 __DUMMY__ 0.006726303115622358	false	1.0
erschrecken	neg 1.0		neg 0.5251323365905286 off 0.4680667345414043 __DUMMY__ 0.0068009288680669746	false	1.0
opfer	neg 1.0		neg 0.5347610717706667 off 0.4584008479871191 __DUMMY__ 0.006838080242214056	false	1.0
sinken	neg 1.0		neg 0.5381423055922311 off 0.45498534664626333 __DUMMY__ 0.006872347761505688	false	1.0
stinktier	neg 1.0		neg 0.5259081793215914 off 0.46744788791090625 __DUMMY__ 0.006643932767502343	false	1.0
tucke	off 1.0		neg 0.519664110945243 off 0.4736854687406093 __DUMMY__ 0.0066504203141477414	false	0.5
ein			neg 0.529592753498139 off 0.46359872715876427 __DUMMY__ 0.0068085193430967835	false	0.0
abstieg	neg 1.0		neg 0.536722614245315 off 0.4564449523605027 __DUMMY__ 0.006832433394182285	false	1.0
missverstehen	neg 1.0		neg 0.5282704511631319 off 0.464948754956011 __DUMMY__ 0.006780793880857148	false	1.0
ergebnislos	neg 1.0		neg 0.5364486316530994 off 0.4567061517277027 __DUMMY__ 0.006845216619198034	false	1.0
unter			neg 0.5416659216344246 off 0.4513879888777885 __DUMMY__ 0.006946089487787054	false	0.0
manipulieren	neg 1.0		neg 0.5360438414121219 off 0.45709566682808334 __DUMMY__ 0.006860491759794797	false	1.0
unbewiesen	neg 1.0		neg 0.5337694795010962 off 0.45945907518107143 __DUMMY__ 0.006771445317832392	false	1.0
verschleppen	neg 1.0		neg 0.5361062390099297 off 0.45708485766933254 __DUMMY__ 0.006808903320737548	false	1.0
weib	off 1.0		neg 0.5219801221157905 off 0.47139670743060647 __DUMMY__ 0.006623170453602948	false	0.5
opposition	neg 1.0		neg 0.5307810734159912 off 0.4624422732152267 __DUMMY__ 0.0067766533687819985	false	1.0
verkehrswidrig	neg 1.0		neg 0.5191598033077777 off 0.4740562082012987 __DUMMY__ 0.006783988490923693	false	1.0
inkorrekt	neg 1.0		neg 0.5231957170189361 off 0.4700763260407047 __DUMMY__ 0.006727956940359187	false	1.0
vermeiden	neg 1.0	neg 1.0	neg 0.7554308285449901 off 0.24127665449802826 __DUMMY__ 0.0032925169569816806	false	1.0
abweichung	neg 1.0	neg 1.0	neg 0.7523191264434973 off 0.2444125470533111 __DUMMY__ 0.003268326503191538	false	1.0
alkoholisiert	neg 1.0		neg 0.535028103415586 off 0.45811776410651456 __DUMMY__ 0.006854132477899364	false	1.0
scheiss	off 1.0	off 1.0	off 0.7178513306751726 neg 0.2789513886412172 __DUMMY__ 0.0031972806836101453	false	1.0
herausforderung	neg 1.0		neg 0.5344931345143226 off 0.4586311855847395 __DUMMY__ 0.006875679900937912	false	1.0
pervers	off 1.0		neg 0.5160694354257729 off 0.47727539782373507 __DUMMY__ 0.006655166750492139	false	0.5
wackelig	neg 1.0		neg 0.5296756124520018 off 0.46344046311444875 __DUMMY__ 0.006883924433549567	false	1.0
verwickeln	neg 1.0		neg 0.5286656533465528 off 0.46454644163793174 __DUMMY__ 0.006787905015515349	false	1.0
vorwand	neg 1.0		neg 0.5370332439204867 off 0.4561203059882264 __DUMMY__ 0.006846450091286998	false	1.0
muschi	off 1.0		neg 0.5318674910092103 off 0.4613122913060551 __DUMMY__ 0.006820217684734592	false	0.5
entmutigung	neg 1.0		neg 0.5304346901551152 off 0.4627701509982563 __DUMMY__ 0.006795158846628284	false	1.0
unangemessen	neg 1.0		neg 0.5337410154722457 off 0.45945325215351257 __DUMMY__ 0.006805732374241762	false	1.0
unstetig	neg 1.0		neg 0.5280638380042466 off 0.4651412809156428 __DUMMY__ 0.006794881080110698	false	1.0
entmutigen	neg 1.0		neg 0.5294728119782833 off 0.463712962579789 __DUMMY__ 0.0068142254419275945	false	1.0
schwanz	neg 1.0		neg 0.5349210574016935 off 0.458249280168038 __DUMMY__ 0.006829662430268428	false	1.0
verbot	neg 1.0		neg 0.5348286676742756 off 0.4583503551682441 __DUMMY__ 0.006820977157480339	false	1.0
leid	neg 1.0		neg 0.5200688215208837 off 0.473210771700101 __DUMMY__ 0.006720406779015226	false	1.0
archaisch	neg 1.0		neg 0.5331980888293842 off 0.4599916075030233 __DUMMY__ 0.0068103036675923705	false	1.0
gegen			neg 0.5384594952284771 off 0.4546735296229203 __DUMMY__ 0.006866975148602564	false	0.0
scheidung	neg 1.0		neg 0.5085670877131059 off 0.48474926817541797 __DUMMY__ 0.006683644111476074	false	1.0
einschlag	neg 1.0		neg 0.5223682526162531 off 0.4708759336985383 __DUMMY__ 0.006755813685208807	false	1.0
m			neg 0.5323180154240269 off 0.4608326631336567 __DUMMY__ 0.006849321442316463	false	0.0
abgestanden	neg 1.0		neg 0.5318105036131011 off 0.46141098712265916 __DUMMY__ 0.006778509264239682	false	1.0
schmierig	off 1.0		neg 0.5201859827396395 off 0.4730759337676107 __DUMMY__ 0.006738083492749796	false	0.5
unpraktisch	neg 1.0		neg 0.5285489335676872 off 0.46463871037828347 __DUMMY__ 0.006812356054029366	false	1.0
wixxer	off 1.0		neg 0.5174596851771873 off 0.4759134606157181 __DUMMY__ 0.006626854207094582	false	0.5
bezeichnet			neg 0.5325840235272482 off 0.46063227268193513 __DUMMY__ 0.006783703790816842	false	0.0
jammerlappen	off 1.0		neg 0.5244597408270919 off 0.46874246196402924 __DUMMY__ 0.0067977972088788296	false	0.5
farce	neg 1.0		neg 0.5345782726362424 off 0.45862203329580425 __DUMMY__ 0.006799694067953334	false	1.0
zwecklos	neg 1.0		neg 0.5339628512046727 off 0.45922565497427753 __DUMMY__ 0.006811493821049831	false	1.0
turbulent	neg 1.0		neg 0.5261101835268257 off 0.4671579479426746 __DUMMY__ 0.006731868530499591	false	1.0
invasion	neg 1.0		neg 0.5287938585290887 off 0.4644069609999708 __DUMMY__ 0.006799180470940468	false	1.0
schuld	neg 1.0		neg 0.5303563229682484 off 0.4628486874558515 __DUMMY__ 0.006794989575900116	false	1.0
risiko	neg 1.0	neg 1.0	neg 0.7502407195195784 off 0.24651343617612745 __DUMMY__ 0.003245844304294165	false	1.0
finster	neg 1.0		neg 0.5307924635804646 off 0.46242984440655577 __DUMMY__ 0.006777692012979747	false	1.0
geisteskrank	off 1.0		neg 0.5255873990654428 off 0.4676802123491339 __DUMMY__ 0.006732388585423178	false	0.5
zusammenbrechen	neg 1.0		neg 0.5323344331345621 off 0.46082955596631325 __DUMMY__ 0.00683601089912462	false	1.0
ausbeute	neg 1.0		neg 0.5286974717945986 off 0.46436485280148754 __DUMMY__ 0.006937675403913935	false	1.0
hinterhalt	neg 1.0		neg 0.5322158386829157 off 0.46094431746306325 __DUMMY__ 0.0068398438540211775	false	1.0
kritik	neg 1.0		neg 0.5350103794877048 off 0.4581922582557441 __DUMMY__ 0.006797362256551078	false	1.0
einschrumpfen	neg 1.0		neg 0.5286410581143347 off 0.4646067735466185 __DUMMY__ 0.006752168339046865	false	1.0
riskant	neg 1.0		neg 0.5365582170070546 off 0.4566144556433974 __DUMMY__ 0.006827327349547913	false	1.0
frustrieren	neg 1.0		neg 0.5348450926388002 off 0.45832140805598665 __DUMMY__ 0.006833499305213191	false	1.0
groll	neg 1.0		neg 0.5345887458755881 off 0.4585987486503059 __DUMMY__ 0.006812505474106085	false	1.0
gibt			neg 0.5316820491505332 off 0.46147258856494716 __DUMMY__ 0.006845362284519527	false	0.0
qualvoll	neg 1.0		neg 0.52801860526615 off 0.4651963710452834 __DUMMY__ 0.006785023688566665	false	1.0
wackeln	neg 1.0		neg 0.5284889368414315 off 0.4646767689831472 __DUMMY__ 0.0068342941754212985	false	1.0
klagen	neg 1.0		neg 0.5383806380673904 off 0.4547549741591751 __DUMMY__ 0.006864387773434454	false	1.0
bankrott	neg 1.0		neg 0.5252495280138915 off 0.4679499124831439 __DUMMY__ 0.0068005595029646945	false	1.0
trauern	neg 1.0		neg 0.5350247721464801 off 0.45812920484617964 __DUMMY__ 0.0068460230073402835	false	1.0
ablehnung	neg 1.0		neg 0.5348993419419555 off 0.45829488620917097 __DUMMY__ 0.006805771848873406	false	1.0
stur	neg 1.0		neg 0.5298761161933209 off 0.4633257811853793 __DUMMY__ 0.006798102621299841	false	1.0
aufruhr	neg 1.0	neg 1.0	neg 0.7524959381730463 off 0.24426886614839485 __DUMMY__ 0.0032351956785588577	false	1.0
melancholie	neg 1.0		neg 0.5343967310506578 off 0.4587723874928277 __DUMMY__ 0.006830881456514575	false	1.0
ist			neg 0.5281080020872332 off 0.4650804689593522 __DUMMY__ 0.006811528953414695	false	0.0
torheit	neg 1.0		neg 0.5303944205464749 off 0.4627900325180931 __DUMMY__ 0.00681554693543192	false	1.0
dreckskind	off 1.0		neg 0.5220697802901912 off 0.4712660962059676 __DUMMY__ 0.006664123503841112	false	0.5
umtauschen	neg 1.0		neg 0.5306604468520738 off 0.46251659686414 __DUMMY__ 0.006822956283786218	false	1.0
zum			neg 0.5365809851250157 off 0.4564683368794734 __DUMMY__ 0.006950677995510754	false	0.0
zersetzen	neg 1.0		neg 0.5377730944426136 off 0.4554001962734387 __DUMMY__ 0.006826709283947671	false	1.0
zur			neg 0.5396973689656789 off 0.4533865961296586 __DUMMY__ 0.006916034904662487	false	0.0
frust	neg 1.0		neg 0.5320525188854892 off 0.4611057752358181 __DUMMY__ 0.006841705878692653	false	1.0
unerbittlichkeit	neg 1.0		neg 0.5372971760040264 off 0.4558665849903319 __DUMMY__ 0.0068362390056418264	false	1.0
zwei			neg 0.5364193299020831 off 0.45665436125820275 __DUMMY__ 0.006926308839714118	false	0.0
unkorrekt	neg 1.0		neg 0.5216111305362748 off 0.47162623295838574 __DUMMY__ 0.0067626365053394056	false	1.0
hexe	off 1.0		neg 0.5296239548612189 off 0.46367367957562156 __DUMMY__ 0.006702365563159511	false	0.5
lasch	neg 1.0		neg 0.5277952115437894 off 0.46543902060115655 __DUMMY__ 0.006765767855053931	false	1.0
rivale	neg 1.0		neg 0.5239644676142412 off 0.4692888419449852 __DUMMY__ 0.006746690440773749	false	1.0
mutlos	off 1.0	off 1.0	off 0.7120568742400543 neg 0.28470768487247855 __DUMMY__ 0.0032354408874673084	false	1.0
wirr	off 1.0		neg 0.5232590564569931 off 0.4700256706821151 __DUMMY__ 0.006715272860891749	false	0.5
jahr			neg 0.5310839657458571 off 0.4619626095727587 __DUMMY__ 0.006953424681384136	false	0.0
wird			neg 0.5334469184420084 off 0.45971015392124226 __DUMMY__ 0.006842927636749281	false	0.0
strafbar	neg 1.0		neg 0.5348108674064906 off 0.4583443609287088 __DUMMY__ 0.006844771664800503	false	1.0
erosion	neg 1.0		neg 0.5293438525311716 off 0.4638160681453926 __DUMMY__ 0.00684007932343572	false	1.0
eingehen	neg 1.0		neg 0.5353135282447026 off 0.45785520655788026 __DUMMY__ 0.006831265197416939	false	1.0
faul	off 1.0		neg 0.525551538368626 off 0.4676539777048689 __DUMMY__ 0.0067944839265052445	false	0.5
provisorium	neg 1.0		neg 0.5389723243919374 off 0.4540518744526069 __DUMMY__ 0.006975801155455561	false	1.0
schmerzen	neg 1.0		neg 0.5328353990206892 off 0.46036184696343535 __DUMMY__ 0.0068027540158754765	false	1.0
schrumpfen	neg 1.0		neg 0.5418078999734105 off 0.4513215257587946 __DUMMY__ 0.006870574267795025	false	1.0
geistlos	off 1.0		neg 0.5307242651122054 off 0.46252831981613307 __DUMMY__ 0.006747415071661492	false	0.5
fehlkauf	neg 1.0		neg 0.5294010694690996 off 0.46380384409016295 __DUMMY__ 0.006795086440737373	false	1.0
frustrierend	neg 1.0		neg 0.5260299275681541 off 0.46717446544634594 __DUMMY__ 0.00679560698549992	false	1.0
unzufrieden	neg 1.0		neg 0.5337987059764909 off 0.4593796593612311 __DUMMY__ 0.006821634662278049	false	1.0
verzweifeln	neg 1.0		neg 0.5316137660993651 off 0.4615601973680448 __DUMMY__ 0.006826036532590084	false	1.0
verzweifelt	neg 1.0	neg 1.0	neg 0.7516617677005086 off 0.24512328132875336 __DUMMY__ 0.003214950970737914	false	1.0
misstrauensantrag	neg 1.0		neg 0.528921243989544 off 0.4642862485963566 __DUMMY__ 0.006792507414099297	false	1.0
abfallen	neg 1.0		neg 0.5283457790989965 off 0.46482072857477186 __DUMMY__ 0.006833492326231674	false	1.0
fucker	off 1.0		neg 0.5225925899762214 off 0.4706475597671727 __DUMMY__ 0.0067598502566059366	false	0.5
ungezogen	neg 1.0		neg 0.516095052603449 off 0.47722845966966393 __DUMMY__ 0.00667648772688718	false	1.0
irrsinnig	neg 1.0	neg 1.0	neg 0.7513555164709735 off 0.2454237987621702 __DUMMY__ 0.003220684766856211	false	1.0
unfassbar	neg 1.0		neg 0.5233456345359517 off 0.46986759087760765 __DUMMY__ 0.00678677458644054	false	1.0
hart	neg 1.0		neg 0.5270040358907234 off 0.46625776204840913 __DUMMY__ 0.006738202060867434	false	1.0
widerlich	off 1.0		neg 0.524498003755646 off 0.468751353389963 __DUMMY__ 0.006750642854390938	false	0.5
fatal	neg 1.0		neg 0.5286559962484199 off 0.46454914267154046 __DUMMY__ 0.006794861080039651	false	1.0
bruch	neg 1.0		neg 0.5377624262078388 off 0.45537098987750796 __DUMMY__ 0.006866583914653288	false	1.0
aushungern	neg 1.0		neg 0.5331927454304861 off 0.4599792465613493 __DUMMY__ 0.006828008008164567	false	1.0
anspannung	neg 1.0		neg 0.5391313733981031 off 0.4539595314010597 __DUMMY__ 0.006909095200837272	false	1.0
von			neg 0.5300760858826943 off 0.46295285738328346 __DUMMY__ 0.006971056734022292	false	0.0
kraftlos	neg 1.0		neg 0.5327559239194299 off 0.4604022912774539 __DUMMY__ 0.006841784803116059	false	1.0
vom			neg 0.5381545859152552 off 0.4548667922041165 __DUMMY__ 0.006978621880628415	false	0.0
grenzdebil	off 1.0		neg 0.523064768301918 off 0.47015234712705656 __DUMMY__ 0.0067828845710256325	false	0.5
vor			neg 0.5355910003441836 off 0.45752149922567326 __DUMMY__ 0.0068875004301429486	false	0.0
unterwerfen	neg 1.0		neg 0.5351981763387988 off 0.4579702452345578 __DUMMY__ 0.006831578426643374	false	1.0
versenkung	neg 1.0		neg 0.5330085200858079 off 0.46012446422070247 __DUMMY__ 0.0068670156934895745	false	1.0
entziehen	neg 1.0		neg 0.5378152469282292 off 0.4553232795114549 __DUMMY__ 0.006861473560315938	false	1.0
finanzkrise	neg 1.0		neg 0.5350503916482678 off 0.45817533311623065 __DUMMY__ 0.006774275235501575	false	1.0
schimpfend	neg 1.0		neg 0.5290263315067144 off 0.4641805136567985 __DUMMY__ 0.006793154836487006	false	1.0
profan	neg 1.0		neg 0.5281725739934996 off 0.4650385457853142 __DUMMY__ 0.006788880221186326	false	1.0
korruption	neg 1.0		neg 0.5354331429199568 off 0.45775050096649417 __DUMMY__ 0.0068163561135489775	false	1.0
â			neg 0.532961729188639 off 0.4601859869295239 __DUMMY__ 0.006852283881836955	false	0.0
schmutzig	neg 1.0		neg 0.522465545072832 off 0.4707516977317107 __DUMMY__ 0.006782757195457322	false	1.0
sexy	neg 1.0		neg 0.5263386842848551 off 0.46686107402133714 __DUMMY__ 0.006800241693807834	false	1.0
abraten	neg 1.0		neg 0.5272875821154588 off 0.46589216947130524 __DUMMY__ 0.006820248413235919	false	1.0
schwarz	neg 1.0		neg 0.5294517588249831 off 0.463749760212921 __DUMMY__ 0.006798480962096021	false	1.0
fotze	off 1.0	off 1.0	off 0.7139479789143329 neg 0.28280804900988743 __DUMMY__ 0.0032439720757796693	false	1.0
verwirren	neg 1.0		neg 0.5270303605461212 off 0.4661716121163627 __DUMMY__ 0.006798027337516296	false	1.0
zahnlos	off 1.0		neg 0.5329553569570008 off 0.4602274954461498 __DUMMY__ 0.006817147596849369	false	0.5
verheeren	neg 1.0		neg 0.515043289160332 off 0.4782887690113972 __DUMMY__ 0.006667941828270713	false	1.0
hippie	neg 1.0		neg 0.5271099613957576 off 0.46609341714850205 __DUMMY__ 0.006796621455740423	false	1.0
rammen	neg 1.0		neg 0.5332165135832451 off 0.46004667188004617 __DUMMY__ 0.006736814536708653	false	1.0
unlauter	neg 1.0		neg 0.5311587667395035 off 0.4620578211742871 __DUMMY__ 0.006783412086209514	false	1.0
unheilvoll	neg 1.0		neg 0.52985060549381 off 0.46336500372534195 __DUMMY__ 0.006784390780847915	false	1.0
niedrig	neg 1.0		neg 0.5375421860652506 off 0.4556415278050097 __DUMMY__ 0.006816286129739559	false	1.0
explosion	neg 1.0		neg 0.5270881306106472 off 0.46610510791194726 __DUMMY__ 0.006806761477405552	false	1.0
weichei	off 1.0	off 1.0	off 0.7208261314125571 neg 0.2759998703479573 __DUMMY__ 0.003173998239485666	false	1.0
minusmensch	off 1.0		neg 0.5219268179661031 off 0.4714579201774343 __DUMMY__ 0.006615261856462431	false	0.5
farblos	neg 1.0		neg 0.532713366783844 off 0.46049363855773257 __DUMMY__ 0.006792994658423363	false	1.0
unwissend	neg 1.0	neg 1.0	neg 0.7487259632271291 off 0.24806250118940973 __DUMMY__ 0.0032115355834611637	false	1.0
traurig	neg 1.0		neg 0.5208324741187813 off 0.47239933337492584 __DUMMY__ 0.006768192506292854	false	1.0
senkung	neg 1.0		neg 0.5294333481119997 off 0.4637982699939761 __DUMMY__ 0.006768381894024143	false	1.0
ungleich	neg 1.0	neg 1.0	neg 0.7542434676086558 off 0.24250671552548073 __DUMMY__ 0.003249816865863443	false	1.0
heikel	neg 1.0		neg 0.5358500262074551 off 0.4573114159449761 __DUMMY__ 0.00683855784756872	false	1.0
drosselung	neg 1.0		neg 0.5251437024436434 off 0.46810426822725515 __DUMMY__ 0.006752029329101381	false	1.0
falsch	neg 1.0		neg 0.5259062798476564 off 0.46730255445374014 __DUMMY__ 0.006791165698603474	false	1.0
unzufriedenheit	neg 1.0		neg 0.5374885133765415 off 0.4556618291679238 __DUMMY__ 0.006849657455534917	false	1.0
kurz	neg 1.0		neg 0.5295385300448234 off 0.4635885523065168 __DUMMY__ 0.006872917648659642	false	1.0
unsinnig	neg 1.0		neg 0.5325869856553137 off 0.4605966886804897 __DUMMY__ 0.006816325664196646	false	1.0
penner	off 1.0	off 1.0	off 0.721778120137527 neg 0.27505100314901265 __DUMMY__ 0.0031708767134604344	false	1.0
seicht	neg 1.0		neg 0.5167335660957406 off 0.47658823024538344 __DUMMY__ 0.006678203658875883	false	1.0
dummheit	off 1.0	off 1.0	off 0.7158975496482964 neg 0.28089996352425856 __DUMMY__ 0.003202486827445014	false	1.0
unerfreulich	neg 1.0		neg 0.535394884710973 off 0.4577390447253868 __DUMMY__ 0.006866070563640428	false	1.0
motherfucker	off 1.0	off 1.0	off 0.7189221922942787 neg 0.2778780150500049 __DUMMY__ 0.0031997926557163895	false	1.0
pikiert	neg 1.0		neg 0.525936130577846 off 0.4673169778236197 __DUMMY__ 0.006746891598534343	false	1.0
wrack	neg 1.0		neg 0.5345981597686278 off 0.45859244606369215 __DUMMY__ 0.006809394167680061	false	1.0
gangster	neg 1.0		neg 0.5270799790340291 off 0.4661246580695877 __DUMMY__ 0.006795362896383026	false	1.0
krank	neg 1.0		neg 0.5223347780104353 off 0.4708715861448147 __DUMMY__ 0.006793635844750026	false	1.0
reich	neg 1.0		neg 0.5254625838568564 off 0.4677621979879054 __DUMMY__ 0.006775218155238189	false	1.0
gnadenlos	neg 1.0		neg 0.5302004317435398 off 0.4630030178042433 __DUMMY__ 0.006796550452216863	false	1.0
niedergeschlagen	neg 1.0		neg 0.5321398600782289 off 0.4610319196314687 __DUMMY__ 0.006828220290302256	false	1.0
terrorisieren	off 1.0	off 1.0	off 0.7130277042234894 neg 0.2837230238617768 __DUMMY__ 0.003249271914733802	false	1.0
sinnlosigkeit	neg 1.0		neg 0.533359075007296 off 0.45981868778877477 __DUMMY__ 0.006822237203929271	false	1.0
behindern	neg 1.0		neg 0.5316964471795591 off 0.46148433551250845 __DUMMY__ 0.006819217307932384	false	1.0
undemokratisch	neg 1.0		neg 0.5302763159277492 off 0.46292077992399555 __DUMMY__ 0.006802904148255296	false	1.0
wirtschaftskrise	neg 1.0		neg 0.5367876330041328 off 0.4564138020605752 __DUMMY__ 0.006798564935292104	false	1.0
neid	neg 1.0		neg 0.524382987259981 off 0.46879684626202733 __DUMMY__ 0.0068201664779917615	false	1.0
rutschen	neg 1.0		neg 0.5363518641441405 off 0.45671765043985035 __DUMMY__ 0.006930485416009072	false	1.0
rezession	neg 1.0		neg 0.5259577006813249 off 0.4673677767404952 __DUMMY__ 0.006674522578180013	false	1.0
fehlgeburt	neg 1.0		neg 0.5290333608688595 off 0.46416608036658524 __DUMMY__ 0.006800558764555299	false	1.0
charakterschwach	off 1.0		neg 0.5247892428099813 off 0.4684595785065026 __DUMMY__ 0.006751178683516126	false	0.5
isolation	neg 1.0		neg 0.5263622126212356 off 0.4668407182274923 __DUMMY__ 0.0067970691512720905	false	1.0
ablenkung	neg 1.0		neg 0.528946262309371 off 0.4642105505928451 __DUMMY__ 0.006843187097783925	false	1.0
pech	neg 1.0		neg 0.525892389619198 off 0.4673095716897211 __DUMMY__ 0.006798038691080673	false	1.0
vermeidung	neg 1.0		neg 0.5245404282066418 off 0.4687004064436969 __DUMMY__ 0.006759165349661256	false	1.0
dominieren	neg 1.0		neg 0.5352456843561931 off 0.4579179006894655 __DUMMY__ 0.006836414954341401	false	1.0
schwindlig	neg 1.0		neg 0.5274288901491078 off 0.4657584063942996 __DUMMY__ 0.006812703456592658	false	1.0
lutscher	neg 1.0	neg 1.0	neg 0.7440458637106055 off 0.25279736821890203 __DUMMY__ 0.0031567680704924286	false	1.0
pflicht	neg 1.0		neg 0.5370831340156618 off 0.45606917867756336 __DUMMY__ 0.006847687306775016	false	1.0
faschist	off 1.0		neg 0.5273677306118782 off 0.46584172398459367 __DUMMY__ 0.006790545403527998	false	0.5
verschleudern	neg 1.0		neg 0.5357938211790989 off 0.45736345986109533 __DUMMY__ 0.006842718959805867	false	1.0
wenn			neg 0.5258787596906503 off 0.46733205426993013 __DUMMY__ 0.006789186039419455	false	0.0
ehebruch	neg 1.0		neg 0.5350801319584066 off 0.45809642966723124 __DUMMY__ 0.006823438374362078	false	1.0
spott	off 1.0		neg 0.5353576705504473 off 0.4578126120986749 __DUMMY__ 0.006829717350877841	false	0.5
trostlosigkeit	neg 1.0		neg 0.5380783622034592 off 0.45507451825985956 __DUMMY__ 0.006847119536681125	false	1.0
lutschen	neg 1.0		neg 0.5291219638262988 off 0.4641275796346372 __DUMMY__ 0.006750456539064024	false	1.0
undiszipliniert	neg 1.0		neg 0.5221945731342956 off 0.4710480963120194 __DUMMY__ 0.006757330553684933	false	1.0
kopfschmerz	neg 1.0		neg 0.5351532423656945 off 0.4580565550277629 __DUMMY__ 0.006790202606542559	false	1.0
unvorhergesehen	neg 1.0		neg 0.5332157321203139 off 0.45989434320883005 __DUMMY__ 0.006889924670856146	false	1.0
desinteressiert	neg 1.0	neg 1.0	neg 0.7475720849235294 off 0.24922740418325595 __DUMMY__ 0.0032005108932146105	false	1.0
armselig	off 1.0		neg 0.5227537830835164 off 0.47051420739845373 __DUMMY__ 0.0067320095180298965	false	0.5
desaster	neg 1.0		neg 0.5384606219571931 off 0.45467005446803543 __DUMMY__ 0.006869323574771528	false	1.0
tod	neg 1.0		neg 0.5349080288144379 off 0.45826958374212434 __DUMMY__ 0.006822387443437797	false	1.0
herzlos	neg 1.0		neg 0.5219809177594102 off 0.4712725939524597 __DUMMY__ 0.0067464882881301666	false	1.0
unwissenheit	neg 1.0		neg 0.534286920089954 off 0.458897970248966 __DUMMY__ 0.006815109661080075	false	1.0
widersinnig	neg 1.0		neg 0.535127889777956 off 0.45807411728666486 __DUMMY__ 0.0067979929353790556	false	1.0
bedenklich	neg 1.0		neg 0.5347938379930828 off 0.4583782865539896 __DUMMY__ 0.006827875452927554	false	1.0
beanstanden	neg 1.0		neg 0.5367174702670551 off 0.4564205339631346 __DUMMY__ 0.006861995769810339	false	1.0
panisch	neg 1.0	neg 1.0	neg 0.7490212905175279 off 0.24773382368764824 __DUMMY__ 0.0032448857948238264	false	1.0
debil	off 1.0		neg 0.5417029099386137 off 0.45138529683483597 __DUMMY__ 0.006911793226550315	false	0.5
abstrich	neg 1.0		neg 0.5296083892581623 off 0.46353288923820385 __DUMMY__ 0.006858721503633795	false	1.0
primitiv	neg 1.0		neg 0.5241201173124368 off 0.46912794857502077 __DUMMY__ 0.006751934112542505	false	1.0
abschaum	off 1.0	off 1.0	off 0.7176812983732094 neg 0.2791164938285211 __DUMMY__ 0.003202207798269513	false	1.0
provozieren	neg 1.0		neg 0.5310815500742978 off 0.4621334188370074 __DUMMY__ 0.006785031088694871	false	1.0
tot	neg 1.0		neg 0.5342216754688504 off 0.4589582903187461 __DUMMY__ 0.00682003421240359	false	1.0
instabil	neg 1.0		neg 0.5234470433325126 off 0.4698181028636915 __DUMMY__ 0.006734853803796036	false	1.0
schwuchtel	off 1.0	off 1.0	off 0.7239260924202154 neg 0.2729433901756919 __DUMMY__ 0.003130517404092792	false	1.0
zerren	neg 1.0		neg 0.5328687241461251 off 0.4603014401312422 __DUMMY__ 0.006829835722632786	false	1.0
kinderficker	off 1.0		neg 0.5193589104565319 off 0.47391451904596943 __DUMMY__ 0.006726570497498665	false	0.5
gefahr	neg 1.0		neg 0.5369084873906046 off 0.4562268457983536 __DUMMY__ 0.006864666811041716	false	1.0
rabiat	neg 1.0		neg 0.5304509231370426 off 0.4627316447959957 __DUMMY__ 0.006817432066961763	false	1.0
verlangsamung	neg 1.0		neg 0.5211384814158802 off 0.47220407689558885 __DUMMY__ 0.006657441688530842	false	1.0
ausgestorben	neg 1.0		neg 0.5302367383597275 off 0.462933980244664 __DUMMY__ 0.0068292813956085	false	1.0
anklagen	neg 1.0		neg 0.5352099144261825 off 0.45797488100020234 __DUMMY__ 0.006815204573615135	false	1.0
trott	neg 1.0		neg 0.5312191527923587 off 0.46196158461494563 __DUMMY__ 0.006819262592695717	false	1.0
verminderung	neg 1.0		neg 0.523630446851744 off 0.46960602079351854 __DUMMY__ 0.006763532354737555	false	1.0
nach			neg 0.5374728290958759 off 0.4555856336137297 __DUMMY__ 0.006941537290394272	false	0.0
rost	neg 1.0		neg 0.52009132510492 off 0.4732050096155256 __DUMMY__ 0.00670366527955425	false	1.0
destruktiv	neg 1.0		neg 0.5316314587829933 off 0.46156330759903713 __DUMMY__ 0.006805233617969407	false	1.0
unzumutbarkeit	neg 1.0		neg 0.5252871889880314 off 0.46794226807081896 __DUMMY__ 0.006770542941149637	false	1.0
labil	off 1.0	off 1.0	off 0.7173551227454186 neg 0.27943718087353675 __DUMMY__ 0.0032076963810446025	false	1.0
ziemlich	neg 1.0		neg 0.5229548437235567 off 0.4702484055478119 __DUMMY__ 0.006796750728631212	false	1.0
lachnummer	off 1.0		neg 0.5309831511974991 off 0.46221583176983133 __DUMMY__ 0.00680101703266971	false	0.5
oder			neg 0.5281431749021047 off 0.465019809030376 __DUMMY__ 0.006837016067519195	false	0.0
verfall	neg 1.0		neg 0.5412139201471188 off 0.45190682290688594 __DUMMY__ 0.006879256945995189	false	1.0
ausgrenzung	neg 1.0		neg 0.5298240228879284 off 0.46337998549985376 __DUMMY__ 0.0067959916122178375	false	1.0
unordnung	neg 1.0		neg 0.5215813658104478 off 0.4716455244802523 __DUMMY__ 0.006773109709299776	false	1.0
fehlverhalten	neg 1.0		neg 0.5375268330296864 off 0.4556478881484935 __DUMMY__ 0.006825278821820199	false	1.0
eine			neg 0.5347947925547208 off 0.45832042928841815 __DUMMY__ 0.006884778156860814	false	0.0
nille	neg 1.0		neg 0.5309818029146307 off 0.462191385925933 __DUMMY__ 0.006826811159436479	false	1.0
qual	neg 1.0		neg 0.5315204274307919 off 0.46165551066393995 __DUMMY__ 0.006824061905268137	false	1.0
verschwenden	neg 1.0		neg 0.5358089112096556 off 0.457365948056017 __DUMMY__ 0.00682514073432741	false	1.0
riesig	neg 1.0		neg 0.534443856993071 off 0.4587170047560482 __DUMMY__ 0.006839138250880769	false	1.0
verurteilen	neg 1.0		neg 0.5351498228416647 off 0.4580470485306741 __DUMMY__ 0.006803128627661309	false	1.0
klischee	neg 1.0	neg 1.0	neg 0.7498661883917004 off 0.24692315855126562 __DUMMY__ 0.0032106530570340666	false	1.0
diktatorisch	neg 1.0		neg 0.5309426531957504 off 0.4622695252503383 __DUMMY__ 0.006787821553911233	false	1.0
vorhersehbar	neg 1.0		neg 0.5283239949238868 off 0.4649024167863164 __DUMMY__ 0.006773588289796781	false	1.0
sowie			neg 0.521773776139761 off 0.47152557489113933 __DUMMY__ 0.006700648969099584	false	0.0
stornieren	neg 1.0		neg 0.5243401674414228 off 0.46878345661760384 __DUMMY__ 0.006876375940973251	false	1.0
besteuerung	neg 1.0		neg 0.5334289814467429 off 0.45981708621226014 __DUMMY__ 0.006753932340996859	false	1.0
ungeschminkt	neg 1.0		neg 0.5275723009099171 off 0.4657271121844742 __DUMMY__ 0.006700586905608579	false	1.0
kritisch	neg 1.0		neg 0.53466683406967 off 0.4584959930657813 __DUMMY__ 0.006837172864548753	false	1.0
schlamperei	off 1.0		neg 0.5358084737168383 off 0.45733917981704153 __DUMMY__ 0.006852346466120118	false	0.5
sucht	neg 1.0	neg 1.0	neg 0.7496502443959338 off 0.24708886872498237 __DUMMY__ 0.0032608868790837756	false	1.0
egoistisch	off 1.0		neg 0.5199572713122135 off 0.47333349154825316 __DUMMY__ 0.006709237139533364	false	0.5
ausbeuter	off 1.0		neg 0.5380006957450411 off 0.4551825561119526 __DUMMY__ 0.0068167481430063785	false	0.5
arschgeburt	off 1.0		neg 0.5159449806633613 off 0.477459988643188 __DUMMY__ 0.006595030693450895	false	0.5
schubs	neg 1.0		neg 0.5322771160601207 off 0.46088867455580995 __DUMMY__ 0.006834209384069238	false	1.0
unsolide	neg 1.0		neg 0.5306768288641606 off 0.4625493129311634 __DUMMY__ 0.006773858204676027	false	1.0
beschwerde	neg 1.0		neg 0.536383758868977 off 0.4567936325098511 __DUMMY__ 0.00682260862117179	false	1.0
stocken	neg 1.0		neg 0.5362906286485986 off 0.4568731271809258 __DUMMY__ 0.006836244170475756	false	1.0
isolieren	neg 1.0		neg 0.53391354420002 off 0.45924940869308184 __DUMMY__ 0.006837047106898094	false	1.0
unheilbar	neg 1.0		neg 0.5300824187063206 off 0.46309809922065887 __DUMMY__ 0.006819482073020657	false	1.0
pisser	off 1.0		neg 0.5250934055961692 off 0.4681999429969361 __DUMMY__ 0.0067066514068945884	false	0.5
löschen	neg 1.0		neg 0.5311300984265255 off 0.46205614177963666 __DUMMY__ 0.0068137597938378435	false	1.0
durchfallen	neg 1.0		neg 0.5346168918766141 off 0.45856316977848643 __DUMMY__ 0.006819938344899557	false	1.0
wichser	off 1.0	off 1.0	off 0.7232860020233793 neg 0.2735583334618979 __DUMMY__ 0.0031556645147226945	false	1.0
terror	neg 1.0		neg 0.5270803539633379 off 0.46611779004040677 __DUMMY__ 0.0068018559962553325	false	1.0
krass	neg 1.0		neg 0.5221593553051664 off 0.4711153377542805 __DUMMY__ 0.00672530694055312	false	1.0
revolte	neg 1.0		neg 0.5300556585005027 off 0.4631628851123127 __DUMMY__ 0.006781456387184594	false	1.0
besorgt	neg 1.0		neg 0.530057011460837 off 0.4630696423642076 __DUMMY__ 0.006873346174955491	false	1.0
nachlassen	neg 1.0		neg 0.5341626217518861 off 0.4589675001167631 __DUMMY__ 0.006869878131350747	false	1.0
alt	neg 1.0		neg 0.5344688594227013 off 0.45871889752705797 __DUMMY__ 0.006812243050240641	false	1.0
hundesohn	off 1.0		neg 0.5176408278665063 off 0.4757041230858104 __DUMMY__ 0.006655049047683484	false	0.5
als			neg 0.5318765329360804 off 0.4612766296782118 __DUMMY__ 0.00684683738570784	false	0.0
abschreckung	neg 1.0		neg 0.5377338399376979 off 0.45541475104108425 __DUMMY__ 0.0068514090212178635	false	1.0
unqualifiziert	neg 1.0		neg 0.527300706273063 off 0.4659293913733081 __DUMMY__ 0.00676990235362882	false	1.0
abgewichst	off 1.0		neg 0.5311959618455895 off 0.4619658610542801 __DUMMY__ 0.006838177100130338	false	0.5
schwer	neg 1.0		neg 0.5313570669861187 off 0.461825578640439 __DUMMY__ 0.006817354373442207	false	1.0
bedeutungslosigkeit	neg 1.0		neg 0.5365921259520339 off 0.45656308479714497 __DUMMY__ 0.0068447892508211395	false	1.0
kapitulation	neg 1.0		neg 0.5353278095881686 off 0.4578365285894686 __DUMMY__ 0.006835661822362662	false	1.0
unscharf	neg 1.0		neg 0.5298075876094898 off 0.46342917618598173 __DUMMY__ 0.0067632362045286125	false	1.0
schwinden	neg 1.0		neg 0.537355209854327 off 0.45580489007441594 __DUMMY__ 0.006839900071257066	false	1.0
versklavung	neg 1.0		neg 0.531117243576103 off 0.4620872656117913 __DUMMY__ 0.006795490812105802	false	1.0
schlecht	neg 1.0		neg 0.5226966760865315 off 0.4705055433230958 __DUMMY__ 0.00679778059037264	false	1.0
verhasst	neg 1.0		neg 0.53131932447882 off 0.4619135874626564 __DUMMY__ 0.00676708805852345	false	1.0
beschweren	neg 1.0		neg 0.5278878903735559 off 0.46530012744572075 __DUMMY__ 0.006811982180723301	false	1.0
scheiden	neg 1.0		neg 0.529238657823427 off 0.46391943108718536 __DUMMY__ 0.006841911089387413	false	1.0
frustriert	neg 1.0		neg 0.5326439989317402 off 0.4605384538643541 __DUMMY__ 0.006817547203905906	false	1.0
schimmelig	neg 1.0		neg 0.5366544845571634 off 0.45656518391487305 __DUMMY__ 0.006780331527963563	false	1.0
fisch	neg 1.0		neg 0.53877637884194 off 0.4544088107210172 __DUMMY__ 0.006814810437042877	false	1.0
schmuggel	neg 1.0		neg 0.5375974901402928 off 0.45558336078671985 __DUMMY__ 0.00681914907298737	false	1.0
auffallen	neg 1.0		neg 0.5272249270831728 off 0.4659718459464503 __DUMMY__ 0.006803226970376811	false	1.0
konkurrenz	neg 1.0		neg 0.5368251083348152 off 0.45630064768226714 __DUMMY__ 0.006874243982917662	false	1.0
teufelskreis	neg 1.0	neg 1.0	neg 0.7526558152038751 off 0.2441237177260361 __DUMMY__ 0.0032204670700888304	false	1.0
aufschreien	neg 1.0		neg 0.5282602525819613 off 0.46495636238940247 __DUMMY__ 0.006783385028636301	false	1.0
schuldner	neg 1.0		neg 0.5389436244857327 off 0.45423836687287933 __DUMMY__ 0.006818008641387902	false	1.0
missgeburt	off 1.0	off 1.0	off 0.7197414086233751 neg 0.27710922170546476 __DUMMY__ 0.0031493696711600377	false	1.0
arbeitslos	neg 1.0		neg 0.5343890328217415 off 0.4587944792038196 __DUMMY__ 0.006816487974439008	false	1.0
befallen	neg 1.0		neg 0.5355161663656214 off 0.45770637779431245 __DUMMY__ 0.006777455840066132	false	1.0
miesepetrig	off 1.0	off 1.0	off 0.7187835109500752 neg 0.2779989957473698 __DUMMY__ 0.0032174933025550362	false	1.0
alarmieren	neg 1.0		neg 0.5290465606326212 off 0.464215524019503 __DUMMY__ 0.00673791534787584	false	1.0
ungeduscht	off 1.0		neg 0.5282615811090612 off 0.4649938796941405 __DUMMY__ 0.00674453919679829	false	0.5
knappheit	neg 1.0		neg 0.5359684950733551 off 0.45722910950837065 __DUMMY__ 0.006802395418274324	false	1.0
schlange	neg 1.0		neg 0.5267668410749554 off 0.46638849219870243 __DUMMY__ 0.006844666726342094	false	1.0
harsch	neg 1.0		neg 0.5196794179726213 off 0.4735710069583005 __DUMMY__ 0.006749575069078264	false	1.0
lang	neg 1.0		neg 0.5297868844948886 off 0.4633981939413126 __DUMMY__ 0.006814921563798851	false	1.0
ziellos	neg 1.0		neg 0.5328762633529905 off 0.4602624737391549 __DUMMY__ 0.006861262907854576	false	1.0
selbstverliebt	neg 1.0		neg 0.5160288990879315 off 0.4773253554093822 __DUMMY__ 0.0066457455026863125	false	1.0
beseitigen	neg 1.0		neg 0.5322433089238681 off 0.46092761698030543 __DUMMY__ 0.006829074095826377	false	1.0
dumm	off 1.0		neg 0.5184734864208116 off 0.474809499952767 __DUMMY__ 0.006717013626421323	false	0.5
arbeitsloser	neg 1.0		neg 0.5323424199254273 off 0.4608038832404457 __DUMMY__ 0.0068536968341271235	false	1.0
blitzen	neg 1.0		neg 0.5269979512129362 off 0.4662016843984346 __DUMMY__ 0.006800364388629019	false	1.0
hilflos	neg 1.0		neg 0.5337064405578864 off 0.45948260588441747 __DUMMY__ 0.006810953557696209	false	1.0
eklig	off 1.0		neg 0.5201931752750434 off 0.47313473200170086 __DUMMY__ 0.006672092723255746	false	0.5
begriff			neg 0.5311986693537063 off 0.4619768584573666 __DUMMY__ 0.006824472188927169	false	0.0
hungersnot	neg 1.0		neg 0.5350280071201993 off 0.45816165951729565 __DUMMY__ 0.006810333362505032	false	1.0
ungesetzlich	neg 1.0		neg 0.5318100247737942 off 0.46141050749170104 __DUMMY__ 0.006779467734504773	false	1.0
verschwendung	neg 1.0		neg 0.5357817501764632 off 0.45737886456077614 __DUMMY__ 0.006839385262760414	false	1.0
schmerzvoll	neg 1.0		neg 0.5290620707784159 off 0.464137903356671 __DUMMY__ 0.0068000258649130365	false	1.0
vorzeitig	neg 1.0		neg 0.529052367917798 off 0.4641722529964711 __DUMMY__ 0.006775379085730896	false	1.0
unvollkommenheit	neg 1.0		neg 0.5318397772655744 off 0.4612898672746631 __DUMMY__ 0.006870355459762451	false	1.0
intervenieren	neg 1.0		neg 0.5366975620300798 off 0.45647346540384315 __DUMMY__ 0.006828972566077247	false	1.0
banause	off 1.0		neg 0.5190152249774705 off 0.47435593856185804 __DUMMY__ 0.0066288364606714705	false	0.5
rebell	neg 1.0		neg 0.5405351360622817 off 0.4526165135206491 __DUMMY__ 0.006848350417069233	false	1.0
unlogisch	neg 1.0		neg 0.52261863709488 off 0.4706424941303289 __DUMMY__ 0.006738868774791126	false	1.0
leiden	neg 1.0		neg 0.5344831951651242 off 0.45863308374364237 __DUMMY__ 0.006883721091233548	false	1.0
abschaffung	neg 1.0		neg 0.5307599882570625 off 0.4624307617926558 __DUMMY__ 0.0068092499502815295	false	1.0
sturz	neg 1.0		neg 0.5318835554529527 off 0.4613165327036549 __DUMMY__ 0.00679991184339243	false	1.0
verkleinerung	neg 1.0		neg 0.529691283132869 off 0.46354964796279663 __DUMMY__ 0.006759068904334423	false	1.0
schmarotzer	off 1.0		neg 0.5337031385475389 off 0.4594887616659893 __DUMMY__ 0.006808099786471709	false	0.5
bestrafung	neg 1.0		neg 0.5303524477055832 off 0.4628499182658476 __DUMMY__ 0.006797634028569125	false	1.0
achtlos	neg 1.0	neg 1.0	neg 0.7517022316392656 off 0.24505716606806333 __DUMMY__ 0.0032406022926710675	false	1.0
