unsolidarisch	neg 1.0		neg 0.501640261447198 off 0.4332587180396749 __DUMMY__ 0.06510102051312722	false	1.0
nachteilig	neg 1.0		neg 0.503625103233094 off 0.43066273752376394 __DUMMY__ 0.06571215924314207	false	1.0
skeptisch	neg 1.0		neg 0.5043208857543156 off 0.4299447196601365 __DUMMY__ 0.06573439458554782	false	1.0
schrecklich	neg 1.0		neg 0.48941609426912114 off 0.4457636912596602 __DUMMY__ 0.06482021447121857	false	1.0
schlapp	neg 1.0		neg 0.4931753322430452 off 0.4417088433986915 __DUMMY__ 0.06511582435826335	false	1.0
abfall	neg 1.0		neg 0.5070198116293418 off 0.4268826256977487 __DUMMY__ 0.06609756267290938	false	1.0
widerspenstig	neg 1.0		neg 0.49900871206679814 off 0.4355972516828099 __DUMMY__ 0.06539403625039204	false	1.0
abrupt	neg 1.0		neg 0.5032493043061244 off 0.431012739956622 __DUMMY__ 0.0657379557372536	false	1.0
unwirksam	neg 1.0		neg 0.5021537388080447 off 0.4328475543846371 __DUMMY__ 0.06499870680731822	false	1.0
angreifen	neg 1.0		neg 0.5059095652559092 off 0.42856690807065184 __DUMMY__ 0.06552352667343893	false	1.0
inkonsistent	neg 1.0		neg 0.5011668725627425 off 0.4339187832488594 __DUMMY__ 0.064914344188398	false	1.0
abrutschen	neg 1.0		neg 0.5074918175935346 off 0.42659060833869833 __DUMMY__ 0.06591757406776723	false	1.0
unsicher	neg 1.0		neg 0.49744081597720785 off 0.4368472236250535 __DUMMY__ 0.06571196039773866	false	1.0
bauernkind	off 1.0	off 1.0	off 0.7051171247503634 neg 0.26471355218852016 __DUMMY__ 0.030169323061116488	false	1.0
angreifer	neg 1.0	neg 1.0	neg 0.7358908378658289 off 0.23307183584407085 __DUMMY__ 0.031037326290100375	false	1.0
trennen	neg 1.0		neg 0.5032349114546188 off 0.43078571470579996 __DUMMY__ 0.06597937383958109	false	1.0
schmutz	neg 1.0		neg 0.4970602496881419 off 0.4375004951396239 __DUMMY__ 0.06543925517223431	false	1.0
inkonsistenz	neg 1.0		neg 0.49677125863474386 off 0.4386372044750068 __DUMMY__ 0.06459153689024937	false	1.0
erschreckend	neg 1.0		neg 0.5007229252448465 off 0.4339104714856483 __DUMMY__ 0.0653666032695051	false	1.0
ertrinken	neg 1.0		neg 0.5060266136213107 off 0.4285540090194909 __DUMMY__ 0.06541937735919841	false	1.0
pickelface	off 1.0		neg 0.5007076187517528 off 0.43386654508220196 __DUMMY__ 0.0654258361660451	false	0.5
seiner			neg 0.5040591356123292 off 0.43022816079132703 __DUMMY__ 0.06571270359634382	false	0.0
lauch	neg 1.0		neg 0.5070239438371517 off 0.4270820186935144 __DUMMY__ 0.06589403746933394	false	1.0
unwichtig	neg 1.0		neg 0.4946801166206203 off 0.44032349165697987 __DUMMY__ 0.06499639172239975	false	1.0
steuerhinterziehung	neg 1.0	neg 1.0	neg 0.7387550805980436 off 0.23015184282634948 __DUMMY__ 0.03109307657560682	false	1.0
schock	neg 1.0		neg 0.5007574903993394 off 0.43383192952784116 __DUMMY__ 0.06541058007281933	false	1.0
beule	neg 1.0		neg 0.49439990482870544 off 0.44087172260465896 __DUMMY__ 0.06472837256663541	false	1.0
vergelten	neg 1.0		neg 0.4892123706359175 off 0.4456355866182236 __DUMMY__ 0.06515204274585881	false	1.0
verdorbenheit	neg 1.0		neg 0.4970449017544547 off 0.43732899567602807 __DUMMY__ 0.06562610256951719	false	1.0
trauma	neg 1.0		neg 0.4986929774954125 off 0.4359997603472417 __DUMMY__ 0.06530726215734584	false	1.0
sinnlos	neg 1.0		neg 0.49657061778503025 off 0.4381007082382699 __DUMMY__ 0.0653286739767	false	1.0
fettsack	off 1.0	off 1.0	off 0.7065496921064515 neg 0.2631642817617041 __DUMMY__ 0.03028602613184457	false	1.0
feige	off 1.0	off 1.0	off 0.7043474174046584 neg 0.26494816576659047 __DUMMY__ 0.03070441682875096	false	1.0
abdanken	neg 1.0		neg 0.5010523998314576 off 0.4336183387856254 __DUMMY__ 0.06532926138291702	false	1.0
wichtigtuer	off 1.0	off 1.0	off 0.7035943485369268 neg 0.2654868216774997 __DUMMY__ 0.030918829785573594	false	1.0
misslingen	neg 1.0		neg 0.4945325303497584 off 0.4394227109526849 __DUMMY__ 0.06604475869755672	false	1.0
untreu	off 1.0		neg 0.4939005015579311 off 0.4410951208019571 __DUMMY__ 0.06500437764011194	false	0.5
missmutig	neg 1.0		neg 0.49461571471287386 off 0.44031724067671185 __DUMMY__ 0.06506704461041417	false	1.0
hurenbock	off 1.0		neg 0.4983985472242114 off 0.43645222429014646 __DUMMY__ 0.06514922848564214	false	0.5
betrunken	neg 1.0		neg 0.49174434828641245 off 0.4432925709332371 __DUMMY__ 0.06496308078035047	false	1.0
korrupt	off 1.0		neg 0.5044707339084384 off 0.43035771468957856 __DUMMY__ 0.06517155140198301	false	0.5
unmut	neg 1.0		neg 0.5069535366105505 off 0.42706107231186513 __DUMMY__ 0.06598539107758444	false	1.0
hackfresse	off 1.0		neg 0.48735195492072086 off 0.4483147850231607 __DUMMY__ 0.06433326005611849	false	0.5
aufblasen	neg 1.0		neg 0.496598546307581 off 0.4379937816377121 __DUMMY__ 0.06540767205470693	false	1.0
gewaltsam	neg 1.0		neg 0.5027756778266568 off 0.4319666868317274 __DUMMY__ 0.06525763534161584	false	1.0
unbeliebtheit	neg 1.0		neg 0.49808723453864107 off 0.43721151515768036 __DUMMY__ 0.06470125030367861	false	1.0
sturheit	neg 1.0		neg 0.5021546499254209 off 0.432549903353216 __DUMMY__ 0.06529544672136306	false	1.0
kuh	neg 1.0		neg 0.5011993822910189 off 0.43425992161108656 __DUMMY__ 0.06454069609789455	false	1.0
erschrecken	neg 1.0		neg 0.4938663161674821 off 0.44088421442639925 __DUMMY__ 0.06524946940611871	false	1.0
opfer	neg 1.0		neg 0.5032407372134494 off 0.43115609774129954 __DUMMY__ 0.06560316504525096	false	1.0
sinken	neg 1.0		neg 0.5064395269470108 off 0.427629486669565 __DUMMY__ 0.06593098638342428	false	1.0
stinktier	neg 1.0		neg 0.4953624225023857 off 0.44088274698015817 __DUMMY__ 0.06375483051745608	false	1.0
tucke	off 1.0		neg 0.48913719925007676 off 0.4470451740811035 __DUMMY__ 0.06381762666881981	false	0.5
ein			neg 0.4982632461729282 off 0.43641388581613805 __DUMMY__ 0.06532286801093379	false	0.0
abstieg	neg 1.0		neg 0.5052112293330205 off 0.42923786403337527 __DUMMY__ 0.0655509066336041	false	1.0
missverstehen	neg 1.0		neg 0.49706848965758516 off 0.43787428915705945 __DUMMY__ 0.06505722118535535	false	1.0
ergebnislos	neg 1.0		neg 0.5048793291919188 off 0.42944858904045413 __DUMMY__ 0.065672081767627	false	1.0
unter			neg 0.5096052623224226 off 0.4237622182338308 __DUMMY__ 0.06663251944374662	false	0.0
manipulieren	neg 1.0		neg 0.5044086335950704 off 0.42977431436887464 __DUMMY__ 0.06581705203605501	false	1.0
unbewiesen	neg 1.0		neg 0.5025584666326135 off 0.432472660408118 __DUMMY__ 0.06496887295926856	false	1.0
verschleppen	neg 1.0		neg 0.5047040341401233 off 0.42996962409619455 __DUMMY__ 0.06532634176368217	false	1.0
weib	off 1.0		neg 0.49155943104870214 off 0.4448836990942952 __DUMMY__ 0.06355686985700282	false	0.5
opposition	neg 1.0		neg 0.49958543398797034 off 0.435395650205083 __DUMMY__ 0.06501891580694666	false	1.0
verkehrswidrig	neg 1.0		neg 0.48801916626227115 off 0.44689011009539503 __DUMMY__ 0.06509072364233383	false	1.0
inkorrekt	neg 1.0		neg 0.49227018795905353 off 0.4431749174774887 __DUMMY__ 0.06455489456345777	false	1.0
vermeiden	neg 1.0	neg 1.0	neg 0.7402224528306596 off 0.22811955762637065 __DUMMY__ 0.031657989542969875	false	1.0
abweichung	neg 1.0	neg 1.0	neg 0.7372236638573304 off 0.2313501560194958 __DUMMY__ 0.03142618012317388	false	1.0
alkoholisiert	neg 1.0		neg 0.5034485151200178 off 0.4307919471931003 __DUMMY__ 0.06575953768688184	false	1.0
scheiss	off 1.0	off 1.0	off 0.7050518064956252 neg 0.2642029804584762 __DUMMY__ 0.030745213045898685	false	1.0
herausforderung	neg 1.0		neg 0.5028052876567376 off 0.43123175285168874 __DUMMY__ 0.06596295949157373	false	1.0
pervers	off 1.0		neg 0.4855445952578048 off 0.4505934919144 __DUMMY__ 0.0638619128277952	false	0.5
wackelig	neg 1.0		neg 0.4979974817467603 off 0.4359617864345936 __DUMMY__ 0.06604073181864613	false	1.0
verwickeln	neg 1.0		neg 0.4974271497025846 off 0.4374478682781239 __DUMMY__ 0.06512498201929146	false	1.0
vorwand	neg 1.0		neg 0.5054580889508938 off 0.4288593482546503 __DUMMY__ 0.0656825627944558	false	1.0
muschi	off 1.0		neg 0.500454133822993 off 0.43411241203666456 __DUMMY__ 0.06543345414034252	false	0.5
entmutigung	neg 1.0		neg 0.49913704477429216 off 0.43566733934929674 __DUMMY__ 0.06519561587641108	false	1.0
unangemessen	neg 1.0		neg 0.5023780194506503 off 0.43232738614288485 __DUMMY__ 0.06529459440646476	false	1.0
unstetig	neg 1.0		neg 0.49680300734788174 off 0.43800236171716206 __DUMMY__ 0.06519463093495614	false	1.0
entmutigen	neg 1.0		neg 0.49810932647152284 off 0.4365143075741198 __DUMMY__ 0.06537636595435724	false	1.0
schwanz	neg 1.0		neg 0.5034458879273571 off 0.4310300550089689 __DUMMY__ 0.06552405706367409	false	1.0
verbot	neg 1.0		neg 0.5033792105389089 off 0.43117994347075816 __DUMMY__ 0.06544084599033298	false	1.0
leid	neg 1.0		neg 0.4892163021251469 off 0.4463006753925429 __DUMMY__ 0.0644830224823102	false	1.0
archaisch	neg 1.0		neg 0.5018214854831301 off 0.4328397813246252 __DUMMY__ 0.06533873319224473	false	1.0
gegen			neg 0.5067722885337949 off 0.4273489573046074 __DUMMY__ 0.06587875416159762	false	0.0
scheidung	neg 1.0		neg 0.47794912079034874 off 0.45791552843099803 __DUMMY__ 0.06413535077865326	false	1.0
einschlag	neg 1.0		neg 0.4913288635995245 off 0.44385012102903143 __DUMMY__ 0.06482101537144401	false	1.0
m			neg 0.5007757492676144 off 0.4335145005675824 __DUMMY__ 0.06570975016480327	false	0.0
abgestanden	neg 1.0		neg 0.5006119070858398 off 0.4343500640779512 __DUMMY__ 0.06503802883620899	false	1.0
schmierig	off 1.0		neg 0.4892503235627913 off 0.44609822338911614 __DUMMY__ 0.06465145304809264	false	0.5
unpraktisch	neg 1.0		neg 0.4972118954014456 off 0.4374292676174561 __DUMMY__ 0.06535883698109839	false	1.0
wixxer	off 1.0		neg 0.4870552609841286 off 0.44935267633437365 __DUMMY__ 0.06359206268149778	false	0.5
bezeichnet			neg 0.5013337036651443 off 0.4335816148538206 __DUMMY__ 0.06508468148103506	false	0.0
jammerlappen	off 1.0		neg 0.49321058098176285 off 0.4415699449786063 __DUMMY__ 0.06521947403963071	false	0.5
farce	neg 1.0		neg 0.5032311918194043 off 0.4315306642632875 __DUMMY__ 0.065238143917308	false	1.0
zwecklos	neg 1.0		neg 0.502574240190455 off 0.4320764410001667 __DUMMY__ 0.06534931880937819	false	1.0
turbulent	neg 1.0		neg 0.49515050528117355 off 0.4402548955115918 __DUMMY__ 0.0645945992072346	false	1.0
invasion	neg 1.0		neg 0.497507732361413 off 0.43725991103101264 __DUMMY__ 0.06523235660757441	false	1.0
schuld	neg 1.0		neg 0.49907306327352124 off 0.4357348425667989 __DUMMY__ 0.06519209415967993	false	1.0
risiko	neg 1.0	neg 1.0	neg 0.7352510911876436 off 0.23353799816139323 __DUMMY__ 0.031210910650963077	false	1.0
finster	neg 1.0		neg 0.49960328281362787 off 0.4353673077484212 __DUMMY__ 0.06502940943795098	false	1.0
geisteskrank	off 1.0		neg 0.4946292653187615 off 0.4407745518314331 __DUMMY__ 0.06459618284980538	false	0.5
zusammenbrechen	neg 1.0		neg 0.5008483968888107 off 0.4335685658805888 __DUMMY__ 0.06558303723060058	false	1.0
ausbeute	neg 1.0		neg 0.4967776799312388 off 0.4366676921721664 __DUMMY__ 0.06655462789659487	false	1.0
hinterhalt	neg 1.0		neg 0.5007122199663941 off 0.43366464805558746 __DUMMY__ 0.06562313197801846	false	1.0
kritik	neg 1.0		neg 0.5036703119779444 off 0.4311139080172456 __DUMMY__ 0.0652157800048099	false	1.0
einschrumpfen	neg 1.0		neg 0.4975676315373287 off 0.43764704946881106 __DUMMY__ 0.06478531899386032	false	1.0
riskant	neg 1.0		neg 0.5050784648336193 off 0.42942151825699937 __DUMMY__ 0.0655000169093813	false	1.0
frustrieren	neg 1.0		neg 0.5033498589848369 off 0.43109115273904214 __DUMMY__ 0.06555898827612104	false	1.0
groll	neg 1.0		neg 0.5031884401912571 off 0.431452218185784 __DUMMY__ 0.0653593416229589	false	1.0
gibt			neg 0.5001559760281796 off 0.43417198404161117 __DUMMY__ 0.06567203993020934	false	0.0
qualvoll	neg 1.0		neg 0.49680490152856827 off 0.43809651495891466 __DUMMY__ 0.06509858351251704	false	1.0
wackeln	neg 1.0		neg 0.49704420282792244 off 0.4373881981340801 __DUMMY__ 0.06556759903799762	false	1.0
klagen	neg 1.0		neg 0.506708074534481 off 0.42743778579042974 __DUMMY__ 0.06585413967508935	false	1.0
bankrott	neg 1.0		neg 0.49398904290165896 off 0.44076468619305786 __DUMMY__ 0.0652462709052832	false	1.0
trauern	neg 1.0		neg 0.5034660599198316 off 0.4308542291004711 __DUMMY__ 0.06567971097969726	false	1.0
ablehnung	neg 1.0		neg 0.5035205843550574 off 0.4311836804594298 __DUMMY__ 0.06529573518551278	false	1.0
stur	neg 1.0		neg 0.4985831074885996 off 0.43619494488378796 __DUMMY__ 0.0652219476276124	false	1.0
aufruhr	neg 1.0	neg 1.0	neg 0.737552398285642 off 0.231339122092578 __DUMMY__ 0.031108479621780042	false	1.0
melancholie	neg 1.0		neg 0.502929237166287 off 0.4315348632292139 __DUMMY__ 0.065535899604499	false	1.0
ist			neg 0.496769520829705 off 0.4378804520236496 __DUMMY__ 0.06535002714664546	false	0.0
torheit	neg 1.0		neg 0.49900817800701586 off 0.4356022541357474 __DUMMY__ 0.06538956785723678	false	1.0
dreckskind	off 1.0		neg 0.49145736752886143 off 0.44459569753826494 __DUMMY__ 0.06394693493287369	false	0.5
umtauschen	neg 1.0		neg 0.4992631683284572 off 0.4352765373601354 __DUMMY__ 0.06546029431140737	false	1.0
zum			neg 0.5045401740632219 off 0.42878287771205026 __DUMMY__ 0.06667694822472793	false	0.0
zersetzen	neg 1.0		neg 0.5062841312015494 off 0.4282212717232605 __DUMMY__ 0.06549459707518995	false	1.0
zur			neg 0.507782966479079 off 0.4258707457110589 __DUMMY__ 0.06634628780986218	false	0.0
frust	neg 1.0		neg 0.5005403238749837 off 0.4338223637230522 __DUMMY__ 0.06563731240196405	false	1.0
unerbittlichkeit	neg 1.0		neg 0.5057674164579377 off 0.42864702466678223 __DUMMY__ 0.06558555887528023	false	1.0
zwei			neg 0.5044936344651124 off 0.4290618435721439 __DUMMY__ 0.0664445219627437	false	0.0
unkorrekt	neg 1.0		neg 0.49054063616713195 off 0.44457324030864526 __DUMMY__ 0.06488612352422268	false	1.0
hexe	off 1.0		neg 0.4987848197363664 off 0.436903055734242 __DUMMY__ 0.06431212452939154	false	0.5
lasch	neg 1.0		neg 0.4966646673447285 off 0.43842087864472634 __DUMMY__ 0.06491445401054513	false	1.0
rivale	neg 1.0		neg 0.49295689185319336 off 0.44230880662914895 __DUMMY__ 0.06473430151765773	false	1.0
mutlos	off 1.0	off 1.0	off 0.6991285424449599 neg 0.2697611747215006 __DUMMY__ 0.03111028283353948	false	1.0
wirr	off 1.0		neg 0.4923981593241559 off 0.4431667515962881 __DUMMY__ 0.06443508907955597	false	0.5
jahr			neg 0.49907178622632953 off 0.4342242601111214 __DUMMY__ 0.06670395366254907	false	0.0
wird			neg 0.5019220648741011 off 0.4324290598725738 __DUMMY__ 0.06564887525332509	false	0.0
strafbar	neg 1.0		neg 0.5032563855584966 off 0.43107656427314117 __DUMMY__ 0.06566705016836222	false	1.0
erosion	neg 1.0		neg 0.49786731429423126 off 0.4365104304006356 __DUMMY__ 0.0656222553051332	false	1.0
eingehen	neg 1.0		neg 0.5038244387312298 off 0.430637890267345 __DUMMY__ 0.06553767100142509	false	1.0
faul	off 1.0		neg 0.49431990044175295 off 0.4404912683561563 __DUMMY__ 0.06518883120209076	false	0.5
provisorium	neg 1.0		neg 0.5067961534140897 off 0.4262879010991142 __DUMMY__ 0.06691594548679623	false	1.0
schmerzen	neg 1.0		neg 0.5015141271798261 off 0.433218015116271 __DUMMY__ 0.0652678577039028	false	1.0
schrumpfen	neg 1.0		neg 0.5100844562725432 off 0.42400232089154416 __DUMMY__ 0.06591322283591264	false	1.0
geistlos	off 1.0		neg 0.4996503819560869 off 0.4356097759034893 __DUMMY__ 0.06473984214042362	false	0.5
fehlkauf	neg 1.0		neg 0.49812498502160407 off 0.4366812841109123 __DUMMY__ 0.06519373086748363	false	1.0
frustrierend	neg 1.0		neg 0.4947810947213766 off 0.44002027641002445 __DUMMY__ 0.06519862886859903	false	1.0
unzufrieden	neg 1.0		neg 0.5023646447841748 off 0.43218950920075144 __DUMMY__ 0.06544584601507379	false	1.0
verzweifeln	neg 1.0		neg 0.5001795391161032 off 0.43433250089248204 __DUMMY__ 0.06548795999141475	false	1.0
verzweifelt	neg 1.0	neg 1.0	neg 0.7368194869920794 off 0.2322667531356694 __DUMMY__ 0.030913759872251142	false	1.0
misstrauensantrag	neg 1.0		neg 0.49766763083816673 off 0.43716250055121864 __DUMMY__ 0.06516986861061459	false	1.0
abfallen	neg 1.0		neg 0.49691230876820774 off 0.4375274812798447 __DUMMY__ 0.06556020995194756	false	1.0
fucker	off 1.0		neg 0.49153004864915206 off 0.4436123501764955 __DUMMY__ 0.06485760117435252	false	0.5
ungezogen	neg 1.0		neg 0.4854727459122653 off 0.45046218258078563 __DUMMY__ 0.0640650715069489	false	1.0
irrsinnig	neg 1.0	neg 1.0	neg 0.7364864139378223 off 0.23254483426657896 __DUMMY__ 0.03096875179559871	false	1.0
unfassbar	neg 1.0		neg 0.4921578316930997 off 0.44272753639171286 __DUMMY__ 0.0651146319151875	false	1.0
hart	neg 1.0		neg 0.49600954598620917 off 0.43933646397398973 __DUMMY__ 0.0646539900398011	false	1.0
widerlich	off 1.0		neg 0.4934666246749159 off 0.4417630637071314 __DUMMY__ 0.06477031161795271	false	0.5
fatal	neg 1.0		neg 0.4973876935983826 off 0.4374214674766913 __DUMMY__ 0.06519083892492616	false	1.0
bruch	neg 1.0		neg 0.5060823360826744 off 0.42804189469109766 __DUMMY__ 0.06587576922622786	false	1.0
aushungern	neg 1.0		neg 0.5017196446388735 off 0.4327722607283936 __DUMMY__ 0.06550809463273292	false	1.0
anspannung	neg 1.0		neg 0.5072558852008925 off 0.426463450130902 __DUMMY__ 0.06628066466820547	false	1.0
von			neg 0.49798450931007227 off 0.43514278453028915 __DUMMY__ 0.06687270615963847	false	0.0
kraftlos	neg 1.0		neg 0.5012435790409198 off 0.43311769049822163 __DUMMY__ 0.06563873046085864	false	1.0
vom			neg 0.5059740368669167 off 0.42708255296696046 __DUMMY__ 0.06694341016612296	false	0.0
grenzdebil	off 1.0		neg 0.49189842413732165 off 0.44302384802278405 __DUMMY__ 0.06507772783989424	false	0.5
vor			neg 0.5038416369362841 off 0.4300847216308489 __DUMMY__ 0.06607364143286704	false	0.0
unterwerfen	neg 1.0		neg 0.5037044789902319 off 0.4307542138243256 __DUMMY__ 0.06554130718544243	false	1.0
versenkung	neg 1.0		neg 0.5013675654103165 off 0.4327538559028793 __DUMMY__ 0.06587857868680437	false	1.0
entziehen	neg 1.0		neg 0.5061648111878106 off 0.42800957206385504 __DUMMY__ 0.06582561674833436	false	1.0
finanzkrise	neg 1.0		neg 0.5038223299614201 off 0.43118133848017987 __DUMMY__ 0.06499633155840022	false	1.0
schimpfend	neg 1.0		neg 0.497774814581522 off 0.4370481819537398 __DUMMY__ 0.06517700346473816	false	1.0
profan	neg 1.0		neg 0.4969402614109016 off 0.43792508363720956 __DUMMY__ 0.06513465495188878	false	1.0
korruption	neg 1.0		neg 0.5040028399889644 off 0.43060033748724064 __DUMMY__ 0.0653968225237949	false	1.0
â			neg 0.5014005022541685 off 0.4328614333465375 __DUMMY__ 0.06573806439929408	false	0.0
schmutzig	neg 1.0		neg 0.49130403533978134 off 0.44361928456321603 __DUMMY__ 0.06507668009700275	false	1.0
sexy	neg 1.0		neg 0.4950657068389567 off 0.4396919819509158 __DUMMY__ 0.06524231121012752	false	1.0
abraten	neg 1.0		neg 0.4959185129718762 off 0.43864772431202775 __DUMMY__ 0.06543376271609601	false	1.0
schwarz	neg 1.0		neg 0.49816163660239415 off 0.43661284426928104 __DUMMY__ 0.06522551912832494	false	1.0
fotze	off 1.0	off 1.0	off 0.7009801770747849 neg 0.2678273165299483 __DUMMY__ 0.031192506395266866	false	1.0
verwirren	neg 1.0		neg 0.49576170430251215 off 0.43901684251365986 __DUMMY__ 0.0652214531838281	false	1.0
zahnlos	off 1.0		neg 0.5015459744261817 off 0.4330508606934965 __DUMMY__ 0.06540316488032182	false	0.5
verheeren	neg 1.0		neg 0.48445710415461307 off 0.45155860495580974 __DUMMY__ 0.06398429088957713	false	1.0
hippie	neg 1.0		neg 0.49584618280001774 off 0.43894615297042416 __DUMMY__ 0.06520766422955797	false	1.0
rammen	neg 1.0		neg 0.5021925311366066 off 0.43316673595294963 __DUMMY__ 0.06464073291044374	false	1.0
unlauter	neg 1.0		neg 0.4999179859223504 off 0.43499815879442394 __DUMMY__ 0.06508385528322556	false	1.0
unheilvoll	neg 1.0		neg 0.49863022817171904 off 0.4362766532998379 __DUMMY__ 0.0650931185284431	false	1.0
niedrig	neg 1.0		neg 0.5061098621870458 off 0.42849243238650025 __DUMMY__ 0.06539770542645391	false	1.0
explosion	neg 1.0		neg 0.49577991508377417 off 0.4389152019261527 __DUMMY__ 0.06530488299007312	false	1.0
weichei	off 1.0	off 1.0	off 0.7081198761183797 neg 0.2613584374795744 __DUMMY__ 0.03052168640204593	false	1.0
minusmensch	off 1.0		neg 0.4915289554775328 off 0.4449894973536303 __DUMMY__ 0.06348154716883685	false	0.5
farblos	neg 1.0		neg 0.501429452032013 off 0.43339382060223575 __DUMMY__ 0.06517672736575134	false	1.0
unwissend	neg 1.0	neg 1.0	neg 0.7339040479062946 off 0.23521466383002249 __DUMMY__ 0.030881288263682912	false	1.0
traurig	neg 1.0		neg 0.48975082652311047 off 0.445311257284139 __DUMMY__ 0.06493791619275038	false	1.0
senkung	neg 1.0		neg 0.498284337510029 off 0.43677524128669953 __DUMMY__ 0.06494042120327141	false	1.0
ungleich	neg 1.0	neg 1.0	neg 0.7392323981002383 off 0.22951934116400205 __DUMMY__ 0.031248260735759557	false	1.0
heikel	neg 1.0		neg 0.5043229714703978 off 0.43006977013212416 __DUMMY__ 0.06560725839747797	false	1.0
drosselung	neg 1.0		neg 0.49410408388248284 off 0.441110686608838 __DUMMY__ 0.06478522950867914	false	1.0
falsch	neg 1.0		neg 0.4946793303797227 off 0.44016436256451635 __DUMMY__ 0.06515630705576081	false	1.0
unzufriedenheit	neg 1.0		neg 0.5058940015755913 off 0.42839279866003 __DUMMY__ 0.06571319976437864	false	1.0
kurz	neg 1.0		neg 0.4979104838139487 off 0.4361540734199378 __DUMMY__ 0.06593544276611363	false	1.0
unsinnig	neg 1.0		neg 0.5011866842761113 off 0.43341776585082076 __DUMMY__ 0.06539554987306784	false	1.0
penner	off 1.0	off 1.0	off 0.7090849223986275 neg 0.26042340155500937 __DUMMY__ 0.030491676046363127	false	1.0
seicht	neg 1.0		neg 0.4860917915841299 off 0.44982727917338716 __DUMMY__ 0.06408092924248289	false	1.0
dummheit	off 1.0	off 1.0	off 0.7030907280608267 neg 0.2661149821459541 __DUMMY__ 0.030794289793219208	false	1.0
unerfreulich	neg 1.0		neg 0.5037472524895027 off 0.43038288880624964 __DUMMY__ 0.06586985870424752	false	1.0
motherfucker	off 1.0	off 1.0	off 0.7061231688755494 neg 0.26310821902989817 __DUMMY__ 0.030768612094552547	false	1.0
pikiert	neg 1.0		neg 0.49491015182608084 off 0.44035519404357354 __DUMMY__ 0.06473465413034571	false	1.0
wrack	neg 1.0		neg 0.5032201008545719 off 0.4314472241653144 __DUMMY__ 0.06533267498011357	false	1.0
gangster	neg 1.0		neg 0.49582337107376556 off 0.43898086758505767 __DUMMY__ 0.06519576134117692	false	1.0
krank	neg 1.0		neg 0.4911291745921186 off 0.4436900329351586 __DUMMY__ 0.06518079247272288	false	1.0
reich	neg 1.0		neg 0.4943054523478037 off 0.44068642162546057 __DUMMY__ 0.0650081260267356	false	1.0
gnadenlos	neg 1.0		neg 0.4989113208791182 off 0.4358817555435813 __DUMMY__ 0.0652069235773006	false	1.0
niedergeschlagen	neg 1.0		neg 0.5006930703012076 off 0.43379715031718746 __DUMMY__ 0.06550977938160507	false	1.0
terrorisieren	off 1.0	off 1.0	off 0.700043291898554 neg 0.26871383404868965 __DUMMY__ 0.03124287405275645	false	1.0
sinnlosigkeit	neg 1.0		neg 0.5019263856911821 off 0.43262179935315725 __DUMMY__ 0.06545181495566073	false	1.0
behindern	neg 1.0		neg 0.5002984480277731 off 0.4342783028742147 __DUMMY__ 0.06542324909801231	false	1.0
undemokratisch	neg 1.0		neg 0.4989447255701239 off 0.4357864181896392 __DUMMY__ 0.0652688562402368	false	1.0
wirtschaftskrise	neg 1.0		neg 0.5054301707354675 off 0.4293422612984199 __DUMMY__ 0.06522756796611262	false	1.0
neid	neg 1.0		neg 0.4930372480851101 off 0.44152915765426504 __DUMMY__ 0.0654335942606247	false	1.0
rutschen	neg 1.0		neg 0.5044081899647122 off 0.4291075179139283 __DUMMY__ 0.06648429212135949	false	1.0
rezession	neg 1.0		neg 0.49526361534988034 off 0.4406902363180928 __DUMMY__ 0.06404614833202692	false	1.0
fehlgeburt	neg 1.0		neg 0.4977354562852503 off 0.4370152764090337 __DUMMY__ 0.06524926730571602	false	1.0
charakterschwach	off 1.0		neg 0.49374942974310887 off 0.4414748355413088 __DUMMY__ 0.06477573471558234	false	0.5
isolation	neg 1.0		neg 0.4951064498108435 off 0.4396808261770064 __DUMMY__ 0.0652127240121501	false	1.0
ablenkung	neg 1.0		neg 0.4974558950114589 off 0.4368922953090143 __DUMMY__ 0.06565180967952668	false	1.0
pech	neg 1.0		neg 0.4946441924538644 off 0.44013236144287887 __DUMMY__ 0.06522344610325674	false	1.0
vermeidung	neg 1.0		neg 0.493474985917065 off 0.4416724674646957 __DUMMY__ 0.06485254661823926	false	1.0
dominieren	neg 1.0		neg 0.503732319796563 off 0.4306787177631331 __DUMMY__ 0.06558896244030395	false	1.0
schwindlig	neg 1.0		neg 0.4961023981973956 off 0.438535001315982 __DUMMY__ 0.06536260048662253	false	1.0
lutscher	neg 1.0	neg 1.0	neg 0.7294835490918079 off 0.24015978863305076 __DUMMY__ 0.030356662275141305	false	1.0
pflicht	neg 1.0		neg 0.505501332626866 off 0.42880453024486886 __DUMMY__ 0.06569413712826502	false	1.0
faschist	off 1.0		neg 0.4961146506287054 off 0.43873403866569316 __DUMMY__ 0.0651513107056014	false	0.5
verschleudern	neg 1.0		neg 0.5042427085793123 off 0.43010854860752085 __DUMMY__ 0.06564874281316677	false	1.0
wenn			neg 0.49466130195788993 off 0.44020136216439376 __DUMMY__ 0.06513733587771624	false	0.0
ehebruch	neg 1.0		neg 0.5036214097243676 off 0.4309144849271562 __DUMMY__ 0.06546410534847609	false	1.0
spott	off 1.0		neg 0.5038680853592136 off 0.43060839197231643 __DUMMY__ 0.06552352266846996	false	0.5
trostlosigkeit	neg 1.0		neg 0.5064918983258356 off 0.4278181763778379 __DUMMY__ 0.06568992529632638	false	1.0
lutschen	neg 1.0		neg 0.49805240637653153 off 0.43717811805706797 __DUMMY__ 0.06476947556640053	false	1.0
undiszipliniert	neg 1.0		neg 0.4911540664558519 off 0.4440111880601248 __DUMMY__ 0.06483474548402318	false	1.0
kopfschmerz	neg 1.0		neg 0.5038713959247608 off 0.4309798189555993 __DUMMY__ 0.06514878511964001	false	1.0
unvorhergesehen	neg 1.0		neg 0.5014879656378765 off 0.4324132103535278 __DUMMY__ 0.0660988240085959	false	1.0
desinteressiert	neg 1.0	neg 1.0	neg 0.732802425751142 off 0.23642192716808483 __DUMMY__ 0.030775647080773294	false	1.0
armselig	off 1.0		neg 0.49181994588317557 off 0.44358734236767017 __DUMMY__ 0.06459271174915418	false	0.5
desaster	neg 1.0		neg 0.5067639865246042 off 0.4273350836665587 __DUMMY__ 0.06590092980883705	false	1.0
tod	neg 1.0		neg 0.5034646547148476 off 0.4310787491044639 __DUMMY__ 0.06545659618068862	false	1.0
herzlos	neg 1.0		neg 0.4909899098425005 off 0.44427910560169215 __DUMMY__ 0.06473098455580722	false	1.0
unwissenheit	neg 1.0		neg 0.5028766584422312 off 0.4317391118897693 __DUMMY__ 0.06538422966799956	false	1.0
widersinnig	neg 1.0		neg 0.503784892041 off 0.43099347364666996 __DUMMY__ 0.06522163431233009	false	1.0
bedenklich	neg 1.0		neg 0.5033233859856712 off 0.4311712217812561 __DUMMY__ 0.06550539223307283	false	1.0
beanstanden	neg 1.0		neg 0.5050718256488713 off 0.42909724779753133 __DUMMY__ 0.06583092655359732	false	1.0
panisch	neg 1.0	neg 1.0	neg 0.7340467253270863 off 0.2347519632361111 __DUMMY__ 0.03120131143680263	false	1.0
debil	off 1.0		neg 0.5097999976977483 off 0.42389343193210505 __DUMMY__ 0.0663065703701467	false	0.5
abstrich	neg 1.0		neg 0.4980544832756601 off 0.4361409016976046 __DUMMY__ 0.06580461502673521	false	1.0
primitiv	neg 1.0		neg 0.49308474358239784 off 0.4421326930381725 __DUMMY__ 0.06478256337942975	false	1.0
abschaum	off 1.0	off 1.0	off 0.7048754616506178 neg 0.2643328178965146 __DUMMY__ 0.030791720452867648	false	1.0
provozieren	neg 1.0		neg 0.4998380849084002 off 0.43506467971438967 __DUMMY__ 0.06509723537721016	false	1.0
tot	neg 1.0		neg 0.5028007739081424 off 0.43176470914531473 __DUMMY__ 0.06543451694654291	false	1.0
instabil	neg 1.0		neg 0.49249428958295277 off 0.4428834124779208 __DUMMY__ 0.06462229793912642	false	1.0
schwuchtel	off 1.0	off 1.0	off 0.7113943968579125 neg 0.2585008267026392 __DUMMY__ 0.030104776439448318	false	1.0
zerren	neg 1.0		neg 0.5014072910841693 off 0.4330683895709068 __DUMMY__ 0.06552431934492384	false	1.0
kinderficker	off 1.0		neg 0.4884684829659291 off 0.4469894145231767 __DUMMY__ 0.06454210251089425	false	0.5
gefahr	neg 1.0		neg 0.5052436130718914 off 0.42889914869240386 __DUMMY__ 0.06585723823570479	false	1.0
rabiat	neg 1.0		neg 0.49906297367861235 off 0.4355304996405798 __DUMMY__ 0.06540652668080799	false	1.0
verlangsamung	neg 1.0		neg 0.4905536554806286 off 0.445562072122846 __DUMMY__ 0.0638842723965253	false	1.0
ausgestorben	neg 1.0		neg 0.4987976671600272 off 0.43568307219786295 __DUMMY__ 0.06551926064210983	false	1.0
anklagen	neg 1.0		neg 0.5037881775589897 off 0.4308254989521701 __DUMMY__ 0.06538632348884013	false	1.0
trott	neg 1.0		neg 0.4998235476742136 off 0.4347531201825672 __DUMMY__ 0.06542333214321919	false	1.0
verminderung	neg 1.0		neg 0.4925535434991798 off 0.44255225866250963 __DUMMY__ 0.06489419783831053	false	1.0
nach			neg 0.5054657177928278 off 0.4279449519306136 __DUMMY__ 0.06658933027655849	false	0.0
rost	neg 1.0		neg 0.4893077784702741 off 0.44636689392090506 __DUMMY__ 0.06432532760882072	false	1.0
destruktiv	neg 1.0		neg 0.5002881428068904 off 0.43442166385509495 __DUMMY__ 0.06529019333801468	false	1.0
unzumutbarkeit	neg 1.0		neg 0.4941572459518981 off 0.44088109918502416 __DUMMY__ 0.06496165486307767	false	1.0
labil	off 1.0	off 1.0	off 0.7045271001203188 neg 0.2646285929345726 __DUMMY__ 0.030844306945108545	false	1.0
ziemlich	neg 1.0		neg 0.4917259120097382 off 0.44306421898859366 __DUMMY__ 0.0652098690016681	false	1.0
lachnummer	off 1.0		neg 0.49966043738597554 off 0.43508997180331915 __DUMMY__ 0.06524959081070522	false	0.5
oder			neg 0.49669113231786355 off 0.4377155446715098 __DUMMY__ 0.06559332301062668	false	0.0
verfall	neg 1.0		neg 0.5094558089533618 off 0.4245486837162615 __DUMMY__ 0.0659955073303767	false	1.0
ausgrenzung	neg 1.0		neg 0.49852775515660325 off 0.4362692178500591 __DUMMY__ 0.06520302699333767	false	1.0
unordnung	neg 1.0		neg 0.4904626597910018 off 0.44454973865070724 __DUMMY__ 0.06498760155829104	false	1.0
fehlverhalten	neg 1.0		neg 0.5060418999937988 off 0.42847721783092313 __DUMMY__ 0.06548088217527814	false	1.0
eine			neg 0.5030674705141935 off 0.43088461445321546 __DUMMY__ 0.06604791503259101	false	0.0
nille	neg 1.0		neg 0.49954250805483535 off 0.4349615383818066 __DUMMY__ 0.06549595356335808	false	1.0
qual	neg 1.0		neg 0.5000993453046697 off 0.43443161091485993 __DUMMY__ 0.06546904378047037	false	1.0
verschwenden	neg 1.0		neg 0.5043497076094242 off 0.43017057294150834 __DUMMY__ 0.0654797194490673	false	1.0
riesig	neg 1.0		neg 0.5029307907643628 off 0.43145442524046024 __DUMMY__ 0.06561478399517705	false	1.0
verurteilen	neg 1.0		neg 0.5037843592393327 off 0.43094544419833886 __DUMMY__ 0.06527019656232827	false	1.0
klischee	neg 1.0	neg 1.0	neg 0.7350449862126226 off 0.2340823802786034 __DUMMY__ 0.030872633508773954	false	1.0
diktatorisch	neg 1.0		neg 0.4996744313311296 off 0.4352003704585632 __DUMMY__ 0.06512519821030736	false	1.0
vorhersehbar	neg 1.0		neg 0.4971547124130124 off 0.43785663054123186 __DUMMY__ 0.06498865704575582	false	1.0
sowie			neg 0.4909934920426818 off 0.44471175983060973 __DUMMY__ 0.06429474812670857	false	0.0
stornieren	neg 1.0		neg 0.49272856999886167 off 0.4413009718450483 __DUMMY__ 0.06597045815609001	false	1.0
besteuerung	neg 1.0		neg 0.5023171423401704 off 0.4328802672557679 __DUMMY__ 0.06480259040406175	false	1.0
ungeschminkt	neg 1.0		neg 0.49675853269906617 off 0.43894699154786937 __DUMMY__ 0.06429447575306456	false	1.0
kritisch	neg 1.0		neg 0.5031507951252733 off 0.43125501866733895 __DUMMY__ 0.06559418620738788	false	1.0
schlamperei	off 1.0		neg 0.5042079990050505 off 0.4300519796035114 __DUMMY__ 0.0657400213914382	false	0.5
sucht	neg 1.0	neg 1.0	neg 0.7345984462785143 off 0.2340459774553823 __DUMMY__ 0.03135557626610348	false	1.0
egoistisch	off 1.0		neg 0.4891517583294878 off 0.44647184462572276 __DUMMY__ 0.0643763970447893	false	0.5
ausbeuter	off 1.0		neg 0.5065512737306299 off 0.4280489345386182 __DUMMY__ 0.06539979173075185	false	0.5
arschgeburt	off 1.0		neg 0.48568573257450715 off 0.45102555825366625 __DUMMY__ 0.06328870917182661	false	0.5
schubs	neg 1.0		neg 0.5008127564087865 off 0.43361918485444634 __DUMMY__ 0.06556805873676708	false	1.0
unsolide	neg 1.0		neg 0.49947806792474225 off 0.43552889124024896 __DUMMY__ 0.06499304083500887	false	1.0
beschwerde	neg 1.0		neg 0.5049190701715186 off 0.42962422027318514 __DUMMY__ 0.06545670955529616	false	1.0
stocken	neg 1.0		neg 0.5047655587236104 off 0.4296478832460632 __DUMMY__ 0.06558655803032643	false	1.0
isolieren	neg 1.0		neg 0.5024005849771275 off 0.43200463312254017 __DUMMY__ 0.06559478190033223	false	1.0
unheilbar	neg 1.0		neg 0.498682737782998 off 0.43589051421384967 __DUMMY__ 0.0654267480031523	false	1.0
pisser	off 1.0		neg 0.49425590831450494 off 0.44139172665017146 __DUMMY__ 0.06435236503532371	false	0.5
löschen	neg 1.0		neg 0.49975664714497126 off 0.4348721348190407 __DUMMY__ 0.06537121803598812	false	1.0
durchfallen	neg 1.0		neg 0.5031860585481992 off 0.4313838612062419 __DUMMY__ 0.06543008024555894	false	1.0
wichser	off 1.0	off 1.0	off 0.7106523226429604 neg 0.25900185029564443 __DUMMY__ 0.030345827061395075	false	1.0
terror	neg 1.0		neg 0.495799340910288 off 0.4389421076504056 __DUMMY__ 0.06525855143930642	false	1.0
krass	neg 1.0		neg 0.49127245822036447 off 0.44419739049927565 __DUMMY__ 0.06453015128035972	false	1.0
revolte	neg 1.0		neg 0.49882687693613853 off 0.4361082559294052 __DUMMY__ 0.06506486713445622	false	1.0
besorgt	neg 1.0		neg 0.4984153241018077 off 0.43564472725058284 __DUMMY__ 0.0659399486476094	false	1.0
nachlassen	neg 1.0		neg 0.5025091786092865 off 0.43158315678636117 __DUMMY__ 0.06590766460435246	false	1.0
alt	neg 1.0		neg 0.5030870374526176 off 0.4315536591837028 __DUMMY__ 0.06535930336367951	false	1.0
hundesohn	off 1.0		neg 0.48708790654301554 off 0.449051600494579 __DUMMY__ 0.06386049296240555	false	0.5
als			neg 0.5003453446283023 off 0.4339679570583821 __DUMMY__ 0.0656866983133156	false	0.0
abschreckung	neg 1.0		neg 0.5061244174197174 off 0.4281452491214922 __DUMMY__ 0.06573033345879044	false	1.0
unqualifiziert	neg 1.0		neg 0.496151260687278 off 0.43889489160307854 __DUMMY__ 0.06495384770964348	false	1.0
abgewichst	off 1.0		neg 0.49970711835661796 off 0.4346886207947301 __DUMMY__ 0.06560426084865213	false	0.5
schwer	neg 1.0		neg 0.4999664972905152 off 0.4346281155306462 __DUMMY__ 0.06540538717883855	false	1.0
bedeutungslosigkeit	neg 1.0		neg 0.505024781366815 off 0.4293084481883453 __DUMMY__ 0.06566677044483973	false	1.0
kapitulation	neg 1.0		neg 0.5038076432597743 off 0.4306116732812065 __DUMMY__ 0.06558068345901913	false	1.0
unscharf	neg 1.0		neg 0.49869345425689166 off 0.43641448195831384 __DUMMY__ 0.0648920637847945	false	1.0
schwinden	neg 1.0		neg 0.5058040234333744 off 0.4285746084048711 __DUMMY__ 0.0656213681617546	false	1.0
versklavung	neg 1.0		neg 0.4998155219911486 off 0.4349860645237437 __DUMMY__ 0.06519841348510773	false	1.0
schlecht	neg 1.0		neg 0.4914626676700634 off 0.4433178462119788 __DUMMY__ 0.06521948611795779	false	1.0
verhasst	neg 1.0		neg 0.5001562466395596 off 0.43491733665299537 __DUMMY__ 0.0649264167074451	false	1.0
beschweren	neg 1.0		neg 0.49654748829782297 off 0.43809821388566544 __DUMMY__ 0.06535429781651161	false	1.0
scheiden	neg 1.0		neg 0.49775438117398013 off 0.4366030475470412 __DUMMY__ 0.06564257127897857	false	1.0
frustriert	neg 1.0		neg 0.501240878143524 off 0.4333521595710804 __DUMMY__ 0.06540696228539553	false	1.0
schimmelig	neg 1.0		neg 0.5054074116399245 off 0.42953740720383554 __DUMMY__ 0.06505518115623983	false	1.0
fisch	neg 1.0		neg 0.5073543920448806 off 0.4272608272149867 __DUMMY__ 0.0653847807401326	false	1.0
schmuggel	neg 1.0		neg 0.5061408178851099 off 0.42843440292817503 __DUMMY__ 0.06542477918671506	false	1.0
auffallen	neg 1.0		neg 0.4959314636435372 off 0.43879747634936644 __DUMMY__ 0.0652710600070963	false	1.0
konkurrenz	neg 1.0		neg 0.5051198403881335 off 0.4289318218572383 __DUMMY__ 0.06594833775462805	false	1.0
teufelskreis	neg 1.0	neg 1.0	neg 0.7377841841156324 off 0.23124923703166117 __DUMMY__ 0.030966578852706494	false	1.0
aufschreien	neg 1.0		neg 0.4970487395988197 off 0.4378694431645073 __DUMMY__ 0.06508181723667286	false	1.0
schuldner	neg 1.0		neg 0.507481515419815 off 0.4271057322173482 __DUMMY__ 0.06541275236283692	false	1.0
missgeburt	off 1.0	off 1.0	off 0.7071390748669257 neg 0.2625752354151474 __DUMMY__ 0.030285689717926962	false	1.0
arbeitslos	neg 1.0		neg 0.5029738832089872 off 0.4316292643423821 __DUMMY__ 0.06539685244863076	false	1.0
befallen	neg 1.0		neg 0.5042677627589145 off 0.43070473870200954 __DUMMY__ 0.065027498539076	false	1.0
miesepetrig	off 1.0	off 1.0	off 0.7059063864013339 neg 0.26315482645311133 __DUMMY__ 0.03093878714555478	false	1.0
alarmieren	neg 1.0		neg 0.4980259803343705 off 0.43732395223231346 __DUMMY__ 0.06465006743331596	false	1.0
ungeduscht	off 1.0		neg 0.4972451626599817 off 0.43804143476347496 __DUMMY__ 0.06471340257654343	false	0.5
knappheit	neg 1.0		neg 0.5046027256291689 off 0.43013282806542646 __DUMMY__ 0.06526444630540448	false	1.0
schlange	neg 1.0		neg 0.49528827828496447 off 0.4390451668157903 __DUMMY__ 0.06566655489924525	false	1.0
harsch	neg 1.0		neg 0.4886898505874065 off 0.4465484630525273 __DUMMY__ 0.06476168636006607	false	1.0
lang	neg 1.0		neg 0.4984187919822427 off 0.4361991030702862 __DUMMY__ 0.06538210494747108	false	1.0
ziellos	neg 1.0		neg 0.5012706934440461 off 0.4329052400033707 __DUMMY__ 0.06582406655258326	false	1.0
selbstverliebt	neg 1.0		neg 0.48554426375029985 off 0.45068412435320787 __DUMMY__ 0.06377161189649233	false	1.0
beseitigen	neg 1.0		neg 0.5007859758941943 off 0.4336945777240996 __DUMMY__ 0.06551944638170609	false	1.0
dumm	off 1.0		neg 0.487645893529684 off 0.447903596937052 __DUMMY__ 0.0644505095332639	false	0.5
arbeitsloser	neg 1.0		neg 0.5007622934398155 off 0.43348538883201493 __DUMMY__ 0.06575231772816961	false	1.0
blitzen	neg 1.0		neg 0.49571526158771456 off 0.43904084317302533 __DUMMY__ 0.06524389523926015	false	1.0
hilflos	neg 1.0		neg 0.5023269112503354 off 0.43232880355634906 __DUMMY__ 0.06534428519331553	false	1.0
eklig	off 1.0		neg 0.48956251167809584 off 0.44641472633199764 __DUMMY__ 0.0640227619899066	false	0.5
begriff			neg 0.49977072005564727 off 0.4347558296077786 __DUMMY__ 0.06547345033657412	false	0.0
hungersnot	neg 1.0		neg 0.5036298429575576 off 0.43102973324766747 __DUMMY__ 0.06534042379477496	false	1.0
ungesetzlich	neg 1.0		neg 0.5005716651981686 off 0.4343828366748349 __DUMMY__ 0.06504549812699646	false	1.0
verschwendung	neg 1.0		neg 0.5042524016998053 off 0.4301325519801766 __DUMMY__ 0.06561504632001817	false	1.0
schmerzvoll	neg 1.0		neg 0.4977700118378854 off 0.4369895110641855 __DUMMY__ 0.06524047709792907	false	1.0
vorzeitig	neg 1.0		neg 0.49786915366100964 off 0.43712314280794207 __DUMMY__ 0.06500770353104837	false	1.0
unvollkommenheit	neg 1.0		neg 0.500197960433034 off 0.43388909627362937 __DUMMY__ 0.06591294329333656	false	1.0
intervenieren	neg 1.0		neg 0.5051996843201978 off 0.4292837400886651 __DUMMY__ 0.06551657559113704	false	1.0
banause	off 1.0		neg 0.488592057647604 off 0.44779701944385086 __DUMMY__ 0.06361092290854527	false	0.5
rebell	neg 1.0		neg 0.5089355359216585 off 0.4253617744854493 __DUMMY__ 0.06570268959289217	false	1.0
unlogisch	neg 1.0		neg 0.49165899387740386 off 0.44368255579280325 __DUMMY__ 0.06465845032979284	false	1.0
leiden	neg 1.0		neg 0.5027691069145852 off 0.43119133981602065 __DUMMY__ 0.06603955326939417	false	1.0
abschaffung	neg 1.0		neg 0.49940252412250785 off 0.435267949306996 __DUMMY__ 0.06532952657049626	false	1.0
sturz	neg 1.0		neg 0.5005621449918531 off 0.4341964230291954 __DUMMY__ 0.0652414319789515	false	1.0
verkleinerung	neg 1.0		neg 0.4985730048645343 off 0.4365749872314598 __DUMMY__ 0.06485200790400591	false	1.0
schmarotzer	off 1.0		neg 0.5023282690153856 off 0.43235451546539655 __DUMMY__ 0.0653172155192178	false	0.5
bestrafung	neg 1.0		neg 0.4990547852556715 off 0.43572722422908367 __DUMMY__ 0.06521799051524486	false	1.0
achtlos	neg 1.0	neg 1.0	neg 0.7367408993903218 off 0.23209920433326672 __DUMMY__ 0.031159896276411355	false	1.0
ungeheuer	neg 1.0		neg 0.49707230099720995 off 0.43773191491877284 __DUMMY__ 0.0651957840840172	false	1.0
unaufrichtig	neg 1.0		neg 0.49373510903374324 off 0.44069649824672474 __DUMMY__ 0.06556839271953202	false	1.0
groggy	neg 1.0		neg 0.4965617659472547 off 0.43827959034173763 __DUMMY__ 0.06515864371100764	false	1.0
verletzlich	neg 1.0		neg 0.49531045243874233 off 0.44012583648430825 __DUMMY__ 0.06456371107694935	false	1.0
