unsolidarisch	neg 1.0		neg 0.5016402614471979 off 0.4332587180396749 __DUMMY__ 0.06510102051312724	false	1.0
nachteilig	neg 1.0		neg 0.503625103233094 off 0.430662737523764 __DUMMY__ 0.06571215924314205	false	1.0
skeptisch	neg 1.0		neg 0.5043208857543151 off 0.429944719660137 __DUMMY__ 0.06573439458554796	false	1.0
schrecklich	neg 1.0		neg 0.4894160942691214 off 0.44576369125966003 __DUMMY__ 0.06482021447121866	false	1.0
schlapp	neg 1.0		neg 0.49317533224304466 off 0.4417088433986921 __DUMMY__ 0.0651158243582633	false	1.0
abfall	neg 1.0		neg 0.507019811629342 off 0.4268826256977489 __DUMMY__ 0.06609756267290934	false	1.0
widerspenstig	neg 1.0		neg 0.49900871206679837 off 0.4355972516828097 __DUMMY__ 0.065394036250392	false	1.0
abrupt	neg 1.0		neg 0.5032493043061242 off 0.4310127399566221 __DUMMY__ 0.06573795573725365	false	1.0
unwirksam	neg 1.0		neg 0.5021537388080441 off 0.43284755438463773 __DUMMY__ 0.06499870680731816	false	1.0
angreifen	neg 1.0		neg 0.5059095652559089 off 0.4285669080706523 __DUMMY__ 0.06552352667343878	false	1.0
inkonsistent	neg 1.0		neg 0.5011668725627424 off 0.4339187832488595 __DUMMY__ 0.06491434418839813	false	1.0
abrutschen	neg 1.0		neg 0.5074918175935345 off 0.42659060833869844 __DUMMY__ 0.06591757406776726	false	1.0
unsicher	neg 1.0		neg 0.4974408159772072 off 0.436847223625054 __DUMMY__ 0.06571196039773883	false	1.0
bauernkind	off 1.0	off 1.0	off 0.7051171247503635 neg 0.26471355218852005 __DUMMY__ 0.030169323061116474	false	1.0
angreifer	neg 1.0	neg 1.0	neg 0.7358908378658285 off 0.2330718358440711 __DUMMY__ 0.03103732629010036	false	1.0
trennen	neg 1.0		neg 0.503234911454619 off 0.4307857147058001 __DUMMY__ 0.065979373839581	false	1.0
schmutz	neg 1.0		neg 0.497060249688142 off 0.43750049513962364 __DUMMY__ 0.0654392551722343	false	1.0
inkonsistenz	neg 1.0		neg 0.49677125863474353 off 0.4386372044750071 __DUMMY__ 0.06459153689024938	false	1.0
erschreckend	neg 1.0		neg 0.5007229252448463 off 0.43391047148564854 __DUMMY__ 0.0653666032695051	false	1.0
ertrinken	neg 1.0		neg 0.5060266136213112 off 0.42855400901949053 __DUMMY__ 0.06541937735919842	false	1.0
pickelface	off 1.0		neg 0.5007076187517527 off 0.4338665450822022 __DUMMY__ 0.06542583616604505	false	0.5
seiner			neg 0.504059135612329 off 0.4302281607913272 __DUMMY__ 0.06571270359634385	false	0.0
lauch	neg 1.0		neg 0.5070239438371519 off 0.42708201869351414 __DUMMY__ 0.06589403746933392	false	1.0
unwichtig	neg 1.0		neg 0.4946801166206211 off 0.4403234916569792 __DUMMY__ 0.06499639172239964	false	1.0
steuerhinterziehung	neg 1.0	neg 1.0	neg 0.7387550805980438 off 0.2301518428263494 __DUMMY__ 0.031093076575606803	false	1.0
schock	neg 1.0		neg 0.5007574903993386 off 0.43383192952784216 __DUMMY__ 0.06541058007281927	false	1.0
beule	neg 1.0		neg 0.49439990482870566 off 0.44087172260465884 __DUMMY__ 0.06472837256663544	false	1.0
vergelten	neg 1.0		neg 0.48921237063591716 off 0.4456355866182241 __DUMMY__ 0.06515204274585873	false	1.0
verdorbenheit	neg 1.0		neg 0.4970449017544546 off 0.4373289956760283 __DUMMY__ 0.06562610256951715	false	1.0
trauma	neg 1.0		neg 0.49869297749541186 off 0.43599976034724236 __DUMMY__ 0.06530726215734581	false	1.0
sinnlos	neg 1.0		neg 0.4965706177850306 off 0.4381007082382696 __DUMMY__ 0.06532867397669999	false	1.0
fettsack	off 1.0	off 1.0	off 0.7065496921064515 neg 0.2631642817617039 __DUMMY__ 0.03028602613184457	false	1.0
feige	off 1.0	off 1.0	off 0.7043474174046582 neg 0.2649481657665907 __DUMMY__ 0.030704416828750945	false	1.0
abdanken	neg 1.0		neg 0.5010523998314581 off 0.4336183387856249 __DUMMY__ 0.06532926138291699	false	1.0
wichtigtuer	off 1.0	off 1.0	off 0.7035943485369266 neg 0.26548682167749993 __DUMMY__ 0.030918829785573594	false	1.0
misslingen	neg 1.0		neg 0.49453253034975786 off 0.43942271095268537 __DUMMY__ 0.06604475869755679	false	1.0
untreu	off 1.0		neg 0.49390050155793114 off 0.44109512080195706 __DUMMY__ 0.0650043776401119	false	0.5
missmutig	neg 1.0		neg 0.49461571471287363 off 0.4403172406767121 __DUMMY__ 0.06506704461041417	false	1.0
hurenbock	off 1.0		neg 0.4983985472242113 off 0.43645222429014663 __DUMMY__ 0.06514922848564218	false	0.5
betrunken	neg 1.0		neg 0.49174434828641217 off 0.4432925709332374 __DUMMY__ 0.06496308078035044	false	1.0
korrupt	off 1.0		neg 0.5044707339084379 off 0.4303577146895792 __DUMMY__ 0.06517155140198301	false	0.5
unmut	neg 1.0		neg 0.5069535366105512 off 0.42706107231186446 __DUMMY__ 0.06598539107758437	false	1.0
hackfresse	off 1.0		neg 0.4873519549207215 off 0.44831478502316 __DUMMY__ 0.06433326005611846	false	0.5
aufblasen	neg 1.0		neg 0.49659854630758077 off 0.4379937816377123 __DUMMY__ 0.06540767205470689	false	1.0
gewaltsam	neg 1.0		neg 0.5027756778266572 off 0.4319666868317271 __DUMMY__ 0.06525763534161574	false	1.0
unbeliebtheit	neg 1.0		neg 0.4980872345386412 off 0.43721151515768036 __DUMMY__ 0.06470125030367854	false	1.0
sturheit	neg 1.0		neg 0.5021546499254208 off 0.43254990335321625 __DUMMY__ 0.06529544672136296	false	1.0
kuh	neg 1.0		neg 0.5011993822910186 off 0.4342599216110869 __DUMMY__ 0.06454069609789449	false	1.0
erschrecken	neg 1.0		neg 0.49386631616748256 off 0.44088421442639875 __DUMMY__ 0.06524946940611877	false	1.0
opfer	neg 1.0		neg 0.5032407372134495 off 0.4311560977412994 __DUMMY__ 0.06560316504525106	false	1.0
sinken	neg 1.0		neg 0.5064395269470111 off 0.4276294866695648 __DUMMY__ 0.06593098638342419	false	1.0
stinktier	neg 1.0		neg 0.49536242250238643 off 0.4408827469801575 __DUMMY__ 0.06375483051745608	false	1.0
tucke	off 1.0		neg 0.48913719925007726 off 0.447045174081103 __DUMMY__ 0.06381762666881986	false	0.5
ein			neg 0.4982632461729279 off 0.43641388581613816 __DUMMY__ 0.0653228680109339	false	0.0
abstieg	neg 1.0		neg 0.5052112293330205 off 0.42923786403337555 __DUMMY__ 0.065550906633604	false	1.0
missverstehen	neg 1.0		neg 0.4970684896575854 off 0.4378742891570592 __DUMMY__ 0.06505722118535538	false	1.0
ergebnislos	neg 1.0		neg 0.504879329191919 off 0.42944858904045397 __DUMMY__ 0.06567208176762689	false	1.0
unter			neg 0.5096052623224222 off 0.42376221823383114 __DUMMY__ 0.06663251944374673	false	0.0
manipulieren	neg 1.0		neg 0.5044086335950709 off 0.4297743143688742 __DUMMY__ 0.06581705203605491	false	1.0
unbewiesen	neg 1.0		neg 0.5025584666326135 off 0.43247266040811805 __DUMMY__ 0.06496887295926859	false	1.0
verschleppen	neg 1.0		neg 0.5047040341401232 off 0.4299696240961947 __DUMMY__ 0.06532634176368217	false	1.0
weib	off 1.0		neg 0.49155943104870237 off 0.4448836990942948 __DUMMY__ 0.06355686985700276	false	0.5
opposition	neg 1.0		neg 0.49958543398797167 off 0.4353956502050816 __DUMMY__ 0.06501891580694659	false	1.0
verkehrswidrig	neg 1.0		neg 0.48801916626227154 off 0.4468901100953947 __DUMMY__ 0.06509072364233376	false	1.0
inkorrekt	neg 1.0		neg 0.49227018795905314 off 0.44317491747748905 __DUMMY__ 0.06455489456345778	false	1.0
vermeiden	neg 1.0	neg 1.0	neg 0.7402224528306597 off 0.22811955762637054 __DUMMY__ 0.03165798954296985	false	1.0
abweichung	neg 1.0	neg 1.0	neg 0.7372236638573303 off 0.23135015601949574 __DUMMY__ 0.031426180123173865	false	1.0
alkoholisiert	neg 1.0		neg 0.503448515120018 off 0.4307919471931002 __DUMMY__ 0.06575953768688172	false	1.0
scheiss	off 1.0	off 1.0	off 0.705051806495625 neg 0.2642029804584763 __DUMMY__ 0.030745213045898608	false	1.0
herausforderung	neg 1.0		neg 0.5028052876567368 off 0.4312317528516893 __DUMMY__ 0.06596295949157376	false	1.0
pervers	off 1.0		neg 0.48554459525780486 off 0.4505934919143998 __DUMMY__ 0.06386191282779527	false	0.5
wackelig	neg 1.0		neg 0.4979974817467603 off 0.43596178643459355 __DUMMY__ 0.0660407318186462	false	1.0
verwickeln	neg 1.0		neg 0.49742714970258417 off 0.43744786827812426 __DUMMY__ 0.06512498201929157	false	1.0
vorwand	neg 1.0		neg 0.5054580889508932 off 0.42885934825465094 __DUMMY__ 0.0656825627944558	false	1.0
muschi	off 1.0		neg 0.500454133822993 off 0.4341124120366645 __DUMMY__ 0.06543345414034253	false	0.5
entmutigung	neg 1.0		neg 0.4991370447742928 off 0.43566733934929597 __DUMMY__ 0.0651956158764111	false	1.0
unangemessen	neg 1.0		neg 0.5023780194506503 off 0.4323273861428851 __DUMMY__ 0.0652945944064647	false	1.0
unstetig	neg 1.0		neg 0.49680300734788196 off 0.43800236171716195 __DUMMY__ 0.06519463093495612	false	1.0
entmutigen	neg 1.0		neg 0.49810932647152273 off 0.43651430757411996 __DUMMY__ 0.06537636595435732	false	1.0
schwanz	neg 1.0		neg 0.5034458879273565 off 0.4310300550089695 __DUMMY__ 0.06552405706367398	false	1.0
verbot	neg 1.0		neg 0.5033792105389089 off 0.43117994347075805 __DUMMY__ 0.06544084599033295	false	1.0
leid	neg 1.0		neg 0.4892163021251472 off 0.44630067539254276 __DUMMY__ 0.06448302248231005	false	1.0
archaisch	neg 1.0		neg 0.50182148548313 off 0.43283978132462525 __DUMMY__ 0.06533873319224467	false	1.0
gegen			neg 0.5067722885337953 off 0.42734895730460715 __DUMMY__ 0.06587875416159765	false	0.0
scheidung	neg 1.0		neg 0.4779491207903482 off 0.45791552843099864 __DUMMY__ 0.06413535077865318	false	1.0
einschlag	neg 1.0		neg 0.4913288635995242 off 0.44385012102903176 __DUMMY__ 0.06482101537144389	false	1.0
m			neg 0.5007757492676135 off 0.43351450056758317 __DUMMY__ 0.06570975016480327	false	0.0
abgestanden	neg 1.0		neg 0.5006119070858398 off 0.43435006407795107 __DUMMY__ 0.06503802883620906	false	1.0
schmierig	off 1.0		neg 0.48925032356279047 off 0.4460982233891169 __DUMMY__ 0.06465145304809262	false	0.5
unpraktisch	neg 1.0		neg 0.49721189540144484 off 0.43742926761745676 __DUMMY__ 0.06535883698109846	false	1.0
wixxer	off 1.0		neg 0.48705526098412943 off 0.4493526763343728 __DUMMY__ 0.06359206268149788	false	0.5
bezeichnet			neg 0.5013337036651448 off 0.4335816148538201 __DUMMY__ 0.06508468148103504	false	0.0
jammerlappen	off 1.0		neg 0.4932105809817626 off 0.4415699449786066 __DUMMY__ 0.06521947403963073	false	0.5
farce	neg 1.0		neg 0.503231191819404 off 0.4315306642632881 __DUMMY__ 0.0652381439173079	false	1.0
zwecklos	neg 1.0		neg 0.5025742401904542 off 0.4320764410001677 __DUMMY__ 0.06534931880937823	false	1.0
turbulent	neg 1.0		neg 0.49515050528117344 off 0.4402548955115919 __DUMMY__ 0.06459459920723461	false	1.0
invasion	neg 1.0		neg 0.49750773236141277 off 0.4372599110310128 __DUMMY__ 0.06523235660757452	false	1.0
schuld	neg 1.0		neg 0.49907306327352147 off 0.4357348425667987 __DUMMY__ 0.06519209415967991	false	1.0
risiko	neg 1.0	neg 1.0	neg 0.7352510911876438 off 0.23353799816139315 __DUMMY__ 0.03121091065096312	false	1.0
finster	neg 1.0		neg 0.4996032828136282 off 0.435367307748421 __DUMMY__ 0.06502940943795085	false	1.0
geisteskrank	off 1.0		neg 0.49462926531876117 off 0.44077455183143355 __DUMMY__ 0.06459618284980531	false	0.5
zusammenbrechen	neg 1.0		neg 0.5008483968888104 off 0.43356856588058906 __DUMMY__ 0.06558303723060056	false	1.0
ausbeute	neg 1.0		neg 0.4967776799312389 off 0.43666769217216617 __DUMMY__ 0.0665546278965948	false	1.0
hinterhalt	neg 1.0		neg 0.5007122199663946 off 0.4336646480555871 __DUMMY__ 0.06562313197801836	false	1.0
kritik	neg 1.0		neg 0.5036703119779447 off 0.4311139080172453 __DUMMY__ 0.06521578000481	false	1.0
einschrumpfen	neg 1.0		neg 0.49756763153732847 off 0.43764704946881117 __DUMMY__ 0.0647853189938603	false	1.0
riskant	neg 1.0		neg 0.5050784648336195 off 0.4294215182569992 __DUMMY__ 0.0655000169093812	false	1.0
frustrieren	neg 1.0		neg 0.503349858984837 off 0.43109115273904197 __DUMMY__ 0.0655589882761211	false	1.0
groll	neg 1.0		neg 0.5031884401912569 off 0.431452218185784 __DUMMY__ 0.06535934162295906	false	1.0
gibt			neg 0.5001559760281803 off 0.4341719840416105 __DUMMY__ 0.06567203993020918	false	0.0
qualvoll	neg 1.0		neg 0.4968049015285677 off 0.43809651495891516 __DUMMY__ 0.06509858351251704	false	1.0
wackeln	neg 1.0		neg 0.4970442028279228 off 0.43738819813407975 __DUMMY__ 0.06556759903799766	false	1.0
klagen	neg 1.0		neg 0.5067080745344807 off 0.42743778579043007 __DUMMY__ 0.0658541396750893	false	1.0
bankrott	neg 1.0		neg 0.4939890429016594 off 0.44076468619305736 __DUMMY__ 0.0652462709052833	false	1.0
trauern	neg 1.0		neg 0.5034660599198315 off 0.43085422910047116 __DUMMY__ 0.06567971097969728	false	1.0
ablehnung	neg 1.0		neg 0.5035205843550572 off 0.4311836804594301 __DUMMY__ 0.06529573518551267	false	1.0
stur	neg 1.0		neg 0.4985831074886003 off 0.4361949448837872 __DUMMY__ 0.06522194762761235	false	1.0
aufruhr	neg 1.0	neg 1.0	neg 0.7375523982856422 off 0.23133912209257776 __DUMMY__ 0.031108479621779987	false	1.0
melancholie	neg 1.0		neg 0.5029292371662868 off 0.43153486322921414 __DUMMY__ 0.06553589960449901	false	1.0
ist			neg 0.49676952082970477 off 0.4378804520236498 __DUMMY__ 0.06535002714664555	false	0.0
torheit	neg 1.0		neg 0.4990081780070154 off 0.43560225413574777 __DUMMY__ 0.06538956785723683	false	1.0
dreckskind	off 1.0		neg 0.4914573675288612 off 0.4445956975382651 __DUMMY__ 0.06394693493287365	false	0.5
umtauschen	neg 1.0		neg 0.4992631683284575 off 0.435276537360135 __DUMMY__ 0.06546029431140739	false	1.0
zum			neg 0.5045401740632218 off 0.4287828777120503 __DUMMY__ 0.06667694822472796	false	0.0
zersetzen	neg 1.0		neg 0.5062841312015501 off 0.42822127172326 __DUMMY__ 0.06549459707518995	false	1.0
zur			neg 0.5077829664790784 off 0.4258707457110594 __DUMMY__ 0.06634628780986217	false	0.0
frust	neg 1.0		neg 0.5005403238749843 off 0.4338223637230518 __DUMMY__ 0.06563731240196392	false	1.0
unerbittlichkeit	neg 1.0		neg 0.5057674164579373 off 0.4286470246667824 __DUMMY__ 0.06558555887528025	false	1.0
zwei			neg 0.5044936344651126 off 0.4290618435721436 __DUMMY__ 0.0664445219627437	false	0.0
unkorrekt	neg 1.0		neg 0.4905406361671319 off 0.44457324030864537 __DUMMY__ 0.06488612352422271	false	1.0
hexe	off 1.0		neg 0.49878481973636696 off 0.4369030557342415 __DUMMY__ 0.06431212452939157	false	0.5
lasch	neg 1.0		neg 0.4966646673447281 off 0.4384208786447268 __DUMMY__ 0.06491445401054503	false	1.0
rivale	neg 1.0		neg 0.492956891853194 off 0.4423088066291484 __DUMMY__ 0.06473430151765766	false	1.0
mutlos	off 1.0	off 1.0	off 0.6991285424449603 neg 0.2697611747215003 __DUMMY__ 0.03111028283353944	false	1.0
wirr	off 1.0		neg 0.49239815932415576 off 0.44316675159628816 __DUMMY__ 0.06443508907955596	false	0.5
jahr			neg 0.4990717862263302 off 0.4342242601111209 __DUMMY__ 0.06670395366254885	false	0.0
wird			neg 0.5019220648741008 off 0.432429059872574 __DUMMY__ 0.06564887525332508	false	0.0
strafbar	neg 1.0		neg 0.503256385558497 off 0.43107656427314095 __DUMMY__ 0.06566705016836216	false	1.0
erosion	neg 1.0		neg 0.4978673142942319 off 0.4365104304006348 __DUMMY__ 0.06562225530513328	false	1.0
eingehen	neg 1.0		neg 0.5038244387312303 off 0.43063789026734467 __DUMMY__ 0.0655376710014251	false	1.0
faul	off 1.0		neg 0.4943199004417529 off 0.4404912683561562 __DUMMY__ 0.06518883120209079	false	0.5
provisorium	neg 1.0		neg 0.5067961534140895 off 0.4262879010991143 __DUMMY__ 0.0669159454867963	false	1.0
schmerzen	neg 1.0		neg 0.5015141271798258 off 0.4332180151162716 __DUMMY__ 0.0652678577039026	false	1.0
schrumpfen	neg 1.0		neg 0.5100844562725428 off 0.4240023208915445 __DUMMY__ 0.06591322283591265	false	1.0
geistlos	off 1.0		neg 0.49965038195608724 off 0.43560977590348887 __DUMMY__ 0.06473984214042378	false	0.5
fehlkauf	neg 1.0		neg 0.49812498502160385 off 0.43668128411091256 __DUMMY__ 0.06519373086748366	false	1.0
frustrierend	neg 1.0		neg 0.49478109472137666 off 0.4400202764100243 __DUMMY__ 0.06519862886859903	false	1.0
unzufrieden	neg 1.0		neg 0.5023646447841753 off 0.43218950920075105 __DUMMY__ 0.06544584601507357	false	1.0
verzweifeln	neg 1.0		neg 0.5001795391161031 off 0.43433250089248204 __DUMMY__ 0.06548795999141474	false	1.0
verzweifelt	neg 1.0	neg 1.0	neg 0.7368194869920792 off 0.2322667531356697 __DUMMY__ 0.030913759872251142	false	1.0
misstrauensantrag	neg 1.0		neg 0.49766763083816673 off 0.43716250055121847 __DUMMY__ 0.06516986861061468	false	1.0
abfallen	neg 1.0		neg 0.49691230876820763 off 0.43752748127984487 __DUMMY__ 0.0655602099519475	false	1.0
fucker	off 1.0		neg 0.4915300486491528 off 0.4436123501764947 __DUMMY__ 0.06485760117435242	false	0.5
ungezogen	neg 1.0		neg 0.48547274591226536 off 0.4504621825807858 __DUMMY__ 0.06406507150694889	false	1.0
irrsinnig	neg 1.0	neg 1.0	neg 0.7364864139378218 off 0.23254483426657943 __DUMMY__ 0.03096875179559874	false	1.0
unfassbar	neg 1.0		neg 0.4921578316931 off 0.4427275363917127 __DUMMY__ 0.06511463191518745	false	1.0
hart	neg 1.0		neg 0.49600954598620994 off 0.43933646397398896 __DUMMY__ 0.0646539900398011	false	1.0
widerlich	off 1.0		neg 0.49346662467491587 off 0.44176306370713136 __DUMMY__ 0.06477031161795271	false	0.5
fatal	neg 1.0		neg 0.4973876935983825 off 0.43742146747669125 __DUMMY__ 0.06519083892492622	false	1.0
bruch	neg 1.0		neg 0.5060823360826747 off 0.4280418946910976 __DUMMY__ 0.06587576922622777	false	1.0
aushungern	neg 1.0		neg 0.5017196446388731 off 0.4327722607283939 __DUMMY__ 0.06550809463273304	false	1.0
anspannung	neg 1.0		neg 0.5072558852008925 off 0.4264634501309021 __DUMMY__ 0.06628066466820544	false	1.0
von			neg 0.4979845093100724 off 0.4351427845302892 __DUMMY__ 0.06687270615963846	false	0.0
kraftlos	neg 1.0		neg 0.5012435790409197 off 0.43311769049822174 __DUMMY__ 0.06563873046085865	false	1.0
vom			neg 0.505974036866916 off 0.42708255296696107 __DUMMY__ 0.06694341016612289	false	0.0
grenzdebil	off 1.0		neg 0.4918984241373217 off 0.44302384802278394 __DUMMY__ 0.0650777278398943	false	0.5
vor			neg 0.5038416369362843 off 0.4300847216308488 __DUMMY__ 0.06607364143286701	false	0.0
unterwerfen	neg 1.0		neg 0.5037044789902319 off 0.4307542138243258 __DUMMY__ 0.06554130718544242	false	1.0
versenkung	neg 1.0		neg 0.5013675654103164 off 0.43275385590287907 __DUMMY__ 0.06587857868680451	false	1.0
entziehen	neg 1.0		neg 0.5061648111878108 off 0.42800957206385487 __DUMMY__ 0.06582561674833431	false	1.0
finanzkrise	neg 1.0		neg 0.5038223299614206 off 0.43118133848017925 __DUMMY__ 0.06499633155840022	false	1.0
schimpfend	neg 1.0		neg 0.4977748145815221 off 0.43704818195373984 __DUMMY__ 0.06517700346473818	false	1.0
profan	neg 1.0		neg 0.49694026141090136 off 0.4379250836372099 __DUMMY__ 0.06513465495188882	false	1.0
korruption	neg 1.0		neg 0.5040028399889643 off 0.43060033748724075 __DUMMY__ 0.06539682252379489	false	1.0
â			neg 0.501400502254169 off 0.43286143334653693 __DUMMY__ 0.06573806439929396	false	0.0
schmutzig	neg 1.0		neg 0.49130403533978234 off 0.44361928456321503 __DUMMY__ 0.06507668009700278	false	1.0
sexy	neg 1.0		neg 0.49506570683895706 off 0.43969198195091547 __DUMMY__ 0.06524231121012743	false	1.0
abraten	neg 1.0		neg 0.4959185129718755 off 0.43864772431202825 __DUMMY__ 0.0654337627160962	false	1.0
schwarz	neg 1.0		neg 0.4981616366023944 off 0.4366128442692808 __DUMMY__ 0.06522551912832494	false	1.0
fotze	off 1.0	off 1.0	off 0.7009801770747849 neg 0.2678273165299483 __DUMMY__ 0.03119250639526686	false	1.0
verwirren	neg 1.0		neg 0.4957617043025123 off 0.43901684251365963 __DUMMY__ 0.06522145318382803	false	1.0
zahnlos	off 1.0		neg 0.5015459744261824 off 0.4330508606934958 __DUMMY__ 0.06540316488032179	false	0.5
verheeren	neg 1.0		neg 0.4844571041546129 off 0.4515586049558099 __DUMMY__ 0.06398429088957716	false	1.0
hippie	neg 1.0		neg 0.4958461828000173 off 0.43894615297042483 __DUMMY__ 0.06520766422955776	false	1.0
rammen	neg 1.0		neg 0.5021925311366068 off 0.4331667359529496 __DUMMY__ 0.06464073291044369	false	1.0
unlauter	neg 1.0		neg 0.49991798592235065 off 0.43499815879442383 __DUMMY__ 0.06508385528322565	false	1.0
unheilvoll	neg 1.0		neg 0.4986302281717188 off 0.4362766532998382 __DUMMY__ 0.06509311852844313	false	1.0
niedrig	neg 1.0		neg 0.5061098621870455 off 0.4284924323865007 __DUMMY__ 0.06539770542645383	false	1.0
explosion	neg 1.0		neg 0.49577991508377384 off 0.4389152019261533 __DUMMY__ 0.06530488299007287	false	1.0
weichei	off 1.0	off 1.0	off 0.7081198761183797 neg 0.26135843747957427 __DUMMY__ 0.03052168640204598	false	1.0
minusmensch	off 1.0		neg 0.49152895547753334 off 0.4449894973536299 __DUMMY__ 0.06348154716883676	false	0.5
farblos	neg 1.0		neg 0.5014294520320131 off 0.4333938206022356 __DUMMY__ 0.06517672736575134	false	1.0
unwissend	neg 1.0	neg 1.0	neg 0.7339040479062944 off 0.23521466383002268 __DUMMY__ 0.030881288263682923	false	1.0
traurig	neg 1.0		neg 0.4897508265231109 off 0.4453112572841386 __DUMMY__ 0.06493791619275036	false	1.0
senkung	neg 1.0		neg 0.4982843375100292 off 0.4367752412866992 __DUMMY__ 0.06494042120327147	false	1.0
ungleich	neg 1.0	neg 1.0	neg 0.7392323981002388 off 0.22951934116400166 __DUMMY__ 0.03124826073575952	false	1.0
heikel	neg 1.0		neg 0.5043229714703975 off 0.4300697701321245 __DUMMY__ 0.06560725839747793	false	1.0
drosselung	neg 1.0		neg 0.4941040838824829 off 0.4411106866088381 __DUMMY__ 0.06478522950867917	false	1.0
falsch	neg 1.0		neg 0.4946793303797232 off 0.440164362564516 __DUMMY__ 0.06515630705576075	false	1.0
unzufriedenheit	neg 1.0		neg 0.5058940015755908 off 0.4283927986600304 __DUMMY__ 0.0657131997643788	false	1.0
kurz	neg 1.0		neg 0.49791048381394803 off 0.43615407341993834 __DUMMY__ 0.06593544276611354	false	1.0
unsinnig	neg 1.0		neg 0.5011866842761116 off 0.4334177658508206 __DUMMY__ 0.06539554987306768	false	1.0
penner	off 1.0	off 1.0	off 0.7090849223986274 neg 0.2604234015550094 __DUMMY__ 0.03049167604636316	false	1.0
seicht	neg 1.0		neg 0.48609179158412974 off 0.4498272791733875 __DUMMY__ 0.06408092924248282	false	1.0
dummheit	off 1.0	off 1.0	off 0.7030907280608267 neg 0.266114982145954 __DUMMY__ 0.030794289793219166	false	1.0
unerfreulich	neg 1.0		neg 0.5037472524895027 off 0.43038288880624975 __DUMMY__ 0.06586985870424747	false	1.0
motherfucker	off 1.0	off 1.0	off 0.7061231688755488 neg 0.26310821902989867 __DUMMY__ 0.030768612094552516	false	1.0
pikiert	neg 1.0		neg 0.4949101518260808 off 0.44035519404357354 __DUMMY__ 0.06473465413034567	false	1.0
wrack	neg 1.0		neg 0.5032201008545717 off 0.4314472241653147 __DUMMY__ 0.06533267498011354	false	1.0
gangster	neg 1.0		neg 0.4958233710737653 off 0.43898086758505783 __DUMMY__ 0.06519576134117688	false	1.0
krank	neg 1.0		neg 0.49112917459211825 off 0.4436900329351589 __DUMMY__ 0.06518079247272283	false	1.0
reich	neg 1.0		neg 0.49430545234780343 off 0.44068642162546096 __DUMMY__ 0.06500812602673557	false	1.0
gnadenlos	neg 1.0		neg 0.4989113208791181 off 0.4358817555435811 __DUMMY__ 0.0652069235773007	false	1.0
niedergeschlagen	neg 1.0		neg 0.5006930703012078 off 0.43379715031718713 __DUMMY__ 0.06550977938160502	false	1.0
terrorisieren	off 1.0	off 1.0	off 0.7000432918985539 neg 0.26871383404868976 __DUMMY__ 0.031242874052756383	false	1.0
sinnlosigkeit	neg 1.0		neg 0.5019263856911825 off 0.4326217993531568 __DUMMY__ 0.0654518149556608	false	1.0
behindern	neg 1.0		neg 0.500298448027773 off 0.4342783028742147 __DUMMY__ 0.06542324909801225	false	1.0
undemokratisch	neg 1.0		neg 0.4989447255701237 off 0.43578641818963954 __DUMMY__ 0.06526885624023684	false	1.0
wirtschaftskrise	neg 1.0		neg 0.5054301707354675 off 0.42934226129841985 __DUMMY__ 0.06522756796611269	false	1.0
neid	neg 1.0		neg 0.49303724808511035 off 0.4415291576542651 __DUMMY__ 0.06543359426062466	false	1.0
rutschen	neg 1.0		neg 0.5044081899647119 off 0.4291075179139287 __DUMMY__ 0.06648429212135937	false	1.0
rezession	neg 1.0		neg 0.4952636153498802 off 0.4406902363180929 __DUMMY__ 0.06404614833202689	false	1.0
fehlgeburt	neg 1.0		neg 0.4977354562852503 off 0.43701527640903365 __DUMMY__ 0.065249267305716	false	1.0
charakterschwach	off 1.0		neg 0.4937494297431089 off 0.4414748355413086 __DUMMY__ 0.06477573471558244	false	0.5
isolation	neg 1.0		neg 0.49510644981084334 off 0.43968082617700666 __DUMMY__ 0.06521272401215002	false	1.0
ablenkung	neg 1.0		neg 0.49745589501145826 off 0.43689229530901513 __DUMMY__ 0.06565180967952658	false	1.0
pech	neg 1.0		neg 0.49464419245386465 off 0.4401323614428785 __DUMMY__ 0.06522344610325678	false	1.0
vermeidung	neg 1.0		neg 0.4934749859170651 off 0.4416724674646956 __DUMMY__ 0.06485254661823937	false	1.0
dominieren	neg 1.0		neg 0.503732319796563 off 0.43067871776313316 __DUMMY__ 0.0655889624403039	false	1.0
schwindlig	neg 1.0		neg 0.4961023981973948 off 0.43853500131598266 __DUMMY__ 0.06536260048662257	false	1.0
lutscher	neg 1.0	neg 1.0	neg 0.7294835490918078 off 0.24015978863305087 __DUMMY__ 0.030356662275141284	false	1.0
pflicht	neg 1.0		neg 0.5055013326268657 off 0.42880453024486903 __DUMMY__ 0.06569413712826509	false	1.0
faschist	off 1.0		neg 0.4961146506287054 off 0.4387340386656932 __DUMMY__ 0.06515131070560137	false	0.5
verschleudern	neg 1.0		neg 0.5042427085793127 off 0.43010854860752046 __DUMMY__ 0.06564874281316671	false	1.0
wenn			neg 0.49466130195788965 off 0.4402013621643941 __DUMMY__ 0.0651373358777163	false	0.0
ehebruch	neg 1.0		neg 0.5036214097243674 off 0.43091448492715645 __DUMMY__ 0.06546410534847606	false	1.0
spott	off 1.0		neg 0.503868085359214 off 0.43060839197231604 __DUMMY__ 0.06552352266847	false	0.5
trostlosigkeit	neg 1.0		neg 0.5064918983258357 off 0.42781817637783776 __DUMMY__ 0.06568992529632643	false	1.0
lutschen	neg 1.0		neg 0.4980524063765312 off 0.4371781180570681 __DUMMY__ 0.06476947556640064	false	1.0
undiszipliniert	neg 1.0		neg 0.4911540664558519 off 0.4440111880601248 __DUMMY__ 0.06483474548402315	false	1.0
kopfschmerz	neg 1.0		neg 0.5038713959247609 off 0.43097981895559906 __DUMMY__ 0.06514878511964003	false	1.0
unvorhergesehen	neg 1.0		neg 0.501487965637876 off 0.432413210353528 __DUMMY__ 0.06609882400859599	false	1.0
desinteressiert	neg 1.0	neg 1.0	neg 0.732802425751142 off 0.23642192716808474 __DUMMY__ 0.030775647080773256	false	1.0
armselig	off 1.0		neg 0.49181994588317546 off 0.44358734236767045 __DUMMY__ 0.06459271174915414	false	0.5
desaster	neg 1.0		neg 0.5067639865246045 off 0.42733508366655826 __DUMMY__ 0.06590092980883717	false	1.0
tod	neg 1.0		neg 0.5034646547148474 off 0.431078749104464 __DUMMY__ 0.06545659618068864	false	1.0
herzlos	neg 1.0		neg 0.49098990984250007 off 0.4442791056016927 __DUMMY__ 0.06473098455580732	false	1.0
unwissenheit	neg 1.0		neg 0.5028766584422306 off 0.4317391118897698 __DUMMY__ 0.06538422966799949	false	1.0
widersinnig	neg 1.0		neg 0.5037848920409997 off 0.43099347364667007 __DUMMY__ 0.06522163431233015	false	1.0
bedenklich	neg 1.0		neg 0.5033233859856712 off 0.4311712217812562 __DUMMY__ 0.06550539223307261	false	1.0
beanstanden	neg 1.0		neg 0.5050718256488719 off 0.4290972477975307 __DUMMY__ 0.06583092655359728	false	1.0
panisch	neg 1.0	neg 1.0	neg 0.7340467253270861 off 0.23475196323611133 __DUMMY__ 0.031201311436802655	false	1.0
debil	off 1.0		neg 0.5097999976977474 off 0.42389343193210594 __DUMMY__ 0.06630657037014674	false	0.5
abstrich	neg 1.0		neg 0.4980544832756603 off 0.43614090169760455 __DUMMY__ 0.06580461502673522	false	1.0
primitiv	neg 1.0		neg 0.49308474358239734 off 0.44213269303817276 __DUMMY__ 0.06478256337942989	false	1.0
abschaum	off 1.0	off 1.0	off 0.7048754616506177 neg 0.2643328178965149 __DUMMY__ 0.03079172045286757	false	1.0
provozieren	neg 1.0		neg 0.49983808490839965 off 0.4350646797143902 __DUMMY__ 0.06509723537721011	false	1.0
tot	neg 1.0		neg 0.5028007739081419 off 0.43176470914531506 __DUMMY__ 0.06543451694654293	false	1.0
instabil	neg 1.0		neg 0.4924942895829527 off 0.4428834124779208 __DUMMY__ 0.06462229793912645	false	1.0
schwuchtel	off 1.0	off 1.0	off 0.7113943968579123 neg 0.2585008267026393 __DUMMY__ 0.030104776439448352	false	1.0
zerren	neg 1.0		neg 0.5014072910841688 off 0.4330683895709074 __DUMMY__ 0.06552431934492384	false	1.0
kinderficker	off 1.0		neg 0.48846848296592843 off 0.44698941452317714 __DUMMY__ 0.06454210251089439	false	0.5
gefahr	neg 1.0		neg 0.5052436130718909 off 0.4288991486924042 __DUMMY__ 0.06585723823570472	false	1.0
rabiat	neg 1.0		neg 0.49906297367861246 off 0.43553049964057966 __DUMMY__ 0.06540652668080797	false	1.0
verlangsamung	neg 1.0		neg 0.4905536554806287 off 0.445562072122846 __DUMMY__ 0.0638842723965253	false	1.0
ausgestorben	neg 1.0		neg 0.49879766716002755 off 0.43568307219786256 __DUMMY__ 0.06551926064210974	false	1.0
anklagen	neg 1.0		neg 0.5037881775589895 off 0.4308254989521704 __DUMMY__ 0.06538632348884013	false	1.0
trott	neg 1.0		neg 0.4998235476742137 off 0.43475312018256684 __DUMMY__ 0.06542333214321938	false	1.0
verminderung	neg 1.0		neg 0.49255354349917957 off 0.44255225866250986 __DUMMY__ 0.06489419783831062	false	1.0
nach			neg 0.5054657177928281 off 0.42794495193061355 __DUMMY__ 0.06658933027655847	false	0.0
rost	neg 1.0		neg 0.4893077784702743 off 0.446366893920905 __DUMMY__ 0.06432532760882066	false	1.0
destruktiv	neg 1.0		neg 0.5002881428068905 off 0.43442166385509473 __DUMMY__ 0.06529019333801482	false	1.0
unzumutbarkeit	neg 1.0		neg 0.49415724595189814 off 0.44088109918502427 __DUMMY__ 0.06496165486307756	false	1.0
labil	off 1.0	off 1.0	off 0.704527100120319 neg 0.26462859293457247 __DUMMY__ 0.03084430694510849	false	1.0
ziemlich	neg 1.0		neg 0.49172591200973803 off 0.44306421898859377 __DUMMY__ 0.06520986900166809	false	1.0
lachnummer	off 1.0		neg 0.4996604373859752 off 0.43508997180331943 __DUMMY__ 0.06524959081070529	false	0.5
oder			neg 0.4966911323178639 off 0.4377155446715095 __DUMMY__ 0.06559332301062665	false	0.0
verfall	neg 1.0		neg 0.5094558089533615 off 0.42454868371626153 __DUMMY__ 0.06599550733037679	false	1.0
ausgrenzung	neg 1.0		neg 0.4985277551566036 off 0.4362692178500589 __DUMMY__ 0.06520302699333766	false	1.0
unordnung	neg 1.0		neg 0.4904626597910021 off 0.4445497386507069 __DUMMY__ 0.06498760155829103	false	1.0
fehlverhalten	neg 1.0		neg 0.5060418999937989 off 0.428477217830923 __DUMMY__ 0.06548088217527809	false	1.0
eine			neg 0.5030674705141939 off 0.4308846144532149 __DUMMY__ 0.06604791503259104	false	0.0
nille	neg 1.0		neg 0.49954250805483524 off 0.43496153838180673 __DUMMY__ 0.06549595356335805	false	1.0
qual	neg 1.0		neg 0.50009934530467 off 0.4344316109148596 __DUMMY__ 0.06546904378047032	false	1.0
verschwenden	neg 1.0		neg 0.5043497076094249 off 0.43017057294150784 __DUMMY__ 0.06547971944906726	false	1.0
riesig	neg 1.0		neg 0.5029307907643628 off 0.4314544252404601 __DUMMY__ 0.06561478399517723	false	1.0
verurteilen	neg 1.0		neg 0.5037843592393327 off 0.430945444198339 __DUMMY__ 0.0652701965623282	false	1.0
klischee	neg 1.0	neg 1.0	neg 0.735044986212623 off 0.23408238027860298 __DUMMY__ 0.03087263350877397	false	1.0
diktatorisch	neg 1.0		neg 0.49967443133113015 off 0.43520037045856264 __DUMMY__ 0.0651251982103073	false	1.0
vorhersehbar	neg 1.0		neg 0.4971547124130122 off 0.43785663054123186 __DUMMY__ 0.06498865704575585	false	1.0
sowie			neg 0.49099349204268194 off 0.4447117598306094 __DUMMY__ 0.06429474812670867	false	0.0
stornieren	neg 1.0		neg 0.4927285699988613 off 0.4413009718450487 __DUMMY__ 0.06597045815608997	false	1.0
besteuerung	neg 1.0		neg 0.5023171423401699 off 0.4328802672557684 __DUMMY__ 0.06480259040406175	false	1.0
ungeschminkt	neg 1.0		neg 0.49675853269906617 off 0.43894699154786937 __DUMMY__ 0.06429447575306446	false	1.0
kritisch	neg 1.0		neg 0.5031507951252727 off 0.43125501866733934 __DUMMY__ 0.0655941862073879	false	1.0
schlamperei	off 1.0		neg 0.504207999005051 off 0.43005197960351094 __DUMMY__ 0.0657400213914382	false	0.5
sucht	neg 1.0	neg 1.0	neg 0.7345984462785144 off 0.23404597745538214 __DUMMY__ 0.03135557626610348	false	1.0
egoistisch	off 1.0		neg 0.4891517583294875 off 0.44647184462572315 __DUMMY__ 0.0643763970447894	false	0.5
ausbeuter	off 1.0		neg 0.5065512737306305 off 0.4280489345386177 __DUMMY__ 0.06539979173075194	false	0.5
arschgeburt	off 1.0		neg 0.4856857325745068 off 0.45102555825366664 __DUMMY__ 0.06328870917182663	false	0.5
schubs	neg 1.0		neg 0.5008127564087864 off 0.43361918485444656 __DUMMY__ 0.06556805873676705	false	1.0
unsolide	neg 1.0		neg 0.49947806792474203 off 0.43552889124024924 __DUMMY__ 0.06499304083500877	false	1.0
beschwerde	neg 1.0		neg 0.5049190701715189 off 0.4296242202731848 __DUMMY__ 0.06545670955529626	false	1.0
stocken	neg 1.0		neg 0.5047655587236105 off 0.42964788324606323 __DUMMY__ 0.06558655803032641	false	1.0
isolieren	neg 1.0		neg 0.5024005849771273 off 0.43200463312254045 __DUMMY__ 0.06559478190033227	false	1.0
unheilbar	neg 1.0		neg 0.4986827377829982 off 0.43589051421384956 __DUMMY__ 0.06542674800315222	false	1.0
pisser	off 1.0		neg 0.4942559083145051 off 0.44139172665017135 __DUMMY__ 0.06435236503532364	false	0.5
löschen	neg 1.0		neg 0.4997566471449717 off 0.43487213481904013 __DUMMY__ 0.06537121803598812	false	1.0
durchfallen	neg 1.0		neg 0.5031860585481992 off 0.43138386120624195 __DUMMY__ 0.06543008024555892	false	1.0
wichser	off 1.0	off 1.0	off 0.7106523226429603 neg 0.25900185029564465 __DUMMY__ 0.030345827061395006	false	1.0
terror	neg 1.0		neg 0.4957993409102877 off 0.4389421076504059 __DUMMY__ 0.06525855143930645	false	1.0
krass	neg 1.0		neg 0.4912724582203647 off 0.4441973904992756 __DUMMY__ 0.06453015128035974	false	1.0
revolte	neg 1.0		neg 0.4988268769361383 off 0.43610825592940544 __DUMMY__ 0.06506486713445622	false	1.0
besorgt	neg 1.0		neg 0.49841532410180706 off 0.4356447272505836 __DUMMY__ 0.06593994864760948	false	1.0
nachlassen	neg 1.0		neg 0.5025091786092859 off 0.43158315678636144 __DUMMY__ 0.06590766460435253	false	1.0
alt	neg 1.0		neg 0.5030870374526182 off 0.43155365918370225 __DUMMY__ 0.06535930336367957	false	1.0
hundesohn	off 1.0		neg 0.48708790654301465 off 0.44905160049457976 __DUMMY__ 0.06386049296240551	false	0.5
als			neg 0.5003453446283023 off 0.43396795705838215 __DUMMY__ 0.06568669831331551	false	0.0
abschreckung	neg 1.0		neg 0.5061244174197174 off 0.4281452491214921 __DUMMY__ 0.0657303334587905	false	1.0
unqualifiziert	neg 1.0		neg 0.4961512606872781 off 0.4388948916030784 __DUMMY__ 0.0649538477096434	false	1.0
abgewichst	off 1.0		neg 0.49970711835661863 off 0.43468862079472936 __DUMMY__ 0.065604260848652	false	0.5
schwer	neg 1.0		neg 0.4999664972905152 off 0.4346281155306463 __DUMMY__ 0.06540538717883843	false	1.0
bedeutungslosigkeit	neg 1.0		neg 0.5050247813668147 off 0.42930844818834535 __DUMMY__ 0.0656667704448398	false	1.0
kapitulation	neg 1.0		neg 0.5038076432597743 off 0.43061167328120664 __DUMMY__ 0.06558068345901903	false	1.0
unscharf	neg 1.0		neg 0.49869345425689177 off 0.4364144819583136 __DUMMY__ 0.06489206378479451	false	1.0
schwinden	neg 1.0		neg 0.5058040234333747 off 0.42857460840487055 __DUMMY__ 0.06562136816175464	false	1.0
versklavung	neg 1.0		neg 0.49981552199114926 off 0.43498606452374305 __DUMMY__ 0.06519841348510783	false	1.0
schlecht	neg 1.0		neg 0.4914626676700635 off 0.44331784621197867 __DUMMY__ 0.06521948611795787	false	1.0
verhasst	neg 1.0		neg 0.5001562466395592 off 0.43491733665299565 __DUMMY__ 0.06492641670744516	false	1.0
beschweren	neg 1.0		neg 0.49654748829782264 off 0.4380982138856658 __DUMMY__ 0.06535429781651163	false	1.0
scheiden	neg 1.0		neg 0.4977543811739806 off 0.4366030475470409 __DUMMY__ 0.06564257127897853	false	1.0
frustriert	neg 1.0		neg 0.5012408781435249 off 0.43335215957107925 __DUMMY__ 0.06540696228539569	false	1.0
schimmelig	neg 1.0		neg 0.5054074116399244 off 0.4295374072038357 __DUMMY__ 0.06505518115623986	false	1.0
fisch	neg 1.0		neg 0.5073543920448804 off 0.427260827214987 __DUMMY__ 0.06538478074013265	false	1.0
schmuggel	neg 1.0		neg 0.5061408178851099 off 0.42843440292817503 __DUMMY__ 0.06542477918671506	false	1.0
auffallen	neg 1.0		neg 0.4959314636435372 off 0.4387974763493664 __DUMMY__ 0.0652710600070964	false	1.0
konkurrenz	neg 1.0		neg 0.5051198403881328 off 0.42893182185723905 __DUMMY__ 0.06594833775462802	false	1.0
teufelskreis	neg 1.0	neg 1.0	neg 0.7377841841156325 off 0.23124923703166095 __DUMMY__ 0.030966578852706466	false	1.0
aufschreien	neg 1.0		neg 0.4970487395988197 off 0.4378694431645073 __DUMMY__ 0.06508181723667292	false	1.0
schuldner	neg 1.0		neg 0.5074815154198156 off 0.42710573221734754 __DUMMY__ 0.06541275236283688	false	1.0
missgeburt	off 1.0	off 1.0	off 0.7071390748669254 neg 0.2625752354151476 __DUMMY__ 0.030285689717926983	false	1.0
arbeitslos	neg 1.0		neg 0.5029738832089867 off 0.4316292643423826 __DUMMY__ 0.06539685244863074	false	1.0
befallen	neg 1.0		neg 0.5042677627589145 off 0.4307047387020097 __DUMMY__ 0.06502749853907601	false	1.0
miesepetrig	off 1.0	off 1.0	off 0.705906386401334 neg 0.2631548264531112 __DUMMY__ 0.030938787145554782	false	1.0
alarmieren	neg 1.0		neg 0.49802598033437107 off 0.43732395223231296 __DUMMY__ 0.06465006743331593	false	1.0
ungeduscht	off 1.0		neg 0.4972451626599815 off 0.4380414347634752 __DUMMY__ 0.06471340257654343	false	0.5
knappheit	neg 1.0		neg 0.5046027256291682 off 0.4301328280654271 __DUMMY__ 0.06526444630540466	false	1.0
schlange	neg 1.0		neg 0.49528827828496425 off 0.43904516681579053 __DUMMY__ 0.0656665548992452	false	1.0
harsch	neg 1.0		neg 0.4886898505874067 off 0.4465484630525272 __DUMMY__ 0.06476168636006606	false	1.0
lang	neg 1.0		neg 0.4984187919822426 off 0.4361991030702865 __DUMMY__ 0.06538210494747095	false	1.0
ziellos	neg 1.0		neg 0.501270693444047 off 0.4329052400033697 __DUMMY__ 0.06582406655258323	false	1.0
selbstverliebt	neg 1.0		neg 0.48554426375030046 off 0.45068412435320715 __DUMMY__ 0.06377161189649226	false	1.0
beseitigen	neg 1.0		neg 0.5007859758941942 off 0.43369457772409986 __DUMMY__ 0.06551944638170606	false	1.0
dumm	off 1.0		neg 0.4876458935296843 off 0.447903596937052 __DUMMY__ 0.06445050953326373	false	0.5
arbeitsloser	neg 1.0		neg 0.5007622934398153 off 0.433485388832015 __DUMMY__ 0.06575231772816974	false	1.0
blitzen	neg 1.0		neg 0.4957152615877146 off 0.4390408431730254 __DUMMY__ 0.06524389523926005	false	1.0
hilflos	neg 1.0		neg 0.502326911250335 off 0.43232880355634934 __DUMMY__ 0.06534428519331548	false	1.0
eklig	off 1.0		neg 0.48956251167809584 off 0.44641472633199764 __DUMMY__ 0.0640227619899066	false	0.5
begriff			neg 0.49977072005564704 off 0.4347558296077789 __DUMMY__ 0.06547345033657408	false	0.0
hungersnot	neg 1.0		neg 0.5036298429575579 off 0.4310297332476671 __DUMMY__ 0.06534042379477496	false	1.0
ungesetzlich	neg 1.0		neg 0.5005716651981689 off 0.43438283667483474 __DUMMY__ 0.06504549812699643	false	1.0
verschwendung	neg 1.0		neg 0.5042524016998051 off 0.43013255198017664 __DUMMY__ 0.06561504632001806	false	1.0
schmerzvoll	neg 1.0		neg 0.4977700118378855 off 0.4369895110641855 __DUMMY__ 0.06524047709792904	false	1.0
vorzeitig	neg 1.0		neg 0.49786915366100964 off 0.43712314280794207 __DUMMY__ 0.06500770353104836	false	1.0
unvollkommenheit	neg 1.0		neg 0.5001979604330341 off 0.43388909627362937 __DUMMY__ 0.06591294329333651	false	1.0
intervenieren	neg 1.0		neg 0.5051996843201981 off 0.4292837400886648 __DUMMY__ 0.06551657559113706	false	1.0
banause	off 1.0		neg 0.48859205764760405 off 0.4477970194438507 __DUMMY__ 0.06361092290854528	false	0.5
rebell	neg 1.0		neg 0.5089355359216585 off 0.4253617744854494 __DUMMY__ 0.06570268959289212	false	1.0
unlogisch	neg 1.0		neg 0.49165899387740364 off 0.4436825557928034 __DUMMY__ 0.06465845032979298	false	1.0
leiden	neg 1.0		neg 0.5027691069145853 off 0.43119133981602054 __DUMMY__ 0.06603955326939412	false	1.0
abschaffung	neg 1.0		neg 0.4994025241225074 off 0.4352679493069964 __DUMMY__ 0.06532952657049612	false	1.0
sturz	neg 1.0		neg 0.5005621449918538 off 0.43419642302919476 __DUMMY__ 0.0652414319789514	false	1.0
verkleinerung	neg 1.0		neg 0.49857300486453415 off 0.43657498723145993 __DUMMY__ 0.06485200790400598	false	1.0
schmarotzer	off 1.0		neg 0.5023282690153854 off 0.43235451546539666 __DUMMY__ 0.06531721551921789	false	0.5
bestrafung	neg 1.0		neg 0.49905478525567126 off 0.43572722422908383 __DUMMY__ 0.06521799051524488	false	1.0
achtlos	neg 1.0	neg 1.0	neg 0.7367408993903216 off 0.23209920433326697 __DUMMY__ 0.031159896276411417	false	1.0
ungeheuer	neg 1.0		neg 0.4970723009972097 off 0.43773191491877317 __DUMMY__ 0.06519578408401717	false	1.0
unaufrichtig	neg 1.0		neg 0.4937351090337433 off 0.4406964982467247 __DUMMY__ 0.06556839271953199	false	1.0
groggy	neg 1.0		neg 0.49656176594725504 off 0.43827959034173736 __DUMMY__ 0.06515864371100762	false	1.0
verletzlich	neg 1.0		neg 0.4953104524387421 off 0.44012583648430864 __DUMMY__ 0.06456371107694936	false	1.0
