unsolidarisch	neg 1.0		__DUMMY__ 0.91757563560204 neg 0.04466505554775919 off 0.03775930885020086	false	1.0
nachteilig	neg 1.0		__DUMMY__ 0.9224997282118734 neg 0.043437976079818176 off 0.034062295708308446	false	1.0
skeptisch	neg 1.0		__DUMMY__ 0.9222865880046458 neg 0.04394786225433938 off 0.0337655497410149	false	1.0
schrecklich	neg 1.0		__DUMMY__ 0.9157783953703964 off 0.04482580775925828 neg 0.03939579687034527	false	0.5
schlapp	neg 1.0		__DUMMY__ 0.9182200994333106 off 0.041352180237499384 neg 0.040427720329190085	false	0.5
abfall	neg 1.0		__DUMMY__ 0.925295599346725 neg 0.043859039326749984 off 0.030845361326524996	false	1.0
widerspenstig	neg 1.0		__DUMMY__ 0.920163133459749 neg 0.042490272945396514 off 0.03734659359485457	false	1.0
abrupt	neg 1.0		__DUMMY__ 0.9228467394821102 neg 0.04329963521196495 off 0.033853625305925	false	1.0
unwirksam	neg 1.0		__DUMMY__ 0.917122359385175 neg 0.04555083288302969 off 0.037326807731795274	false	1.0
angreifen	neg 1.0		__DUMMY__ 0.9204808414953181 neg 0.04568547142261405 off 0.033833687082067875	false	1.0
inkonsistent	neg 1.0		__DUMMY__ 0.9166215489779109 neg 0.04551208262824409 off 0.0378663683938449	false	1.0
abrutschen	neg 1.0		__DUMMY__ 0.9236770156727258 neg 0.04501138666253182 off 0.03131159766474235	false	1.0
unsicher	neg 1.0		__DUMMY__ 0.9222467739890245 neg 0.04030297746441488 off 0.037450248546560566	false	1.0
bauernkind	off 1.0	off 1.0	off 0.5112826887658068 __DUMMY__ 0.4451790448279889 neg 0.04353826640620421	false	1.0
angreifer	neg 1.0	neg 1.0	neg 0.5082237712062584 __DUMMY__ 0.4563598091732805 off 0.03541641962046108	false	1.0
trennen	neg 1.0		__DUMMY__ 0.9242245534819491 neg 0.042576031246803585 off 0.033199415271247354	false	1.0
schmutz	neg 1.0		__DUMMY__ 0.9210268618785717 neg 0.04072151184136857 off 0.0382516262800597	false	1.0
inkonsistenz	neg 1.0		__DUMMY__ 0.9137045742816903 neg 0.04421955863071541 off 0.0420758670875944	false	1.0
erschreckend	neg 1.0		__DUMMY__ 0.9193755203573434 neg 0.04349192655001569 off 0.03713255309264098	false	1.0
ertrinken	neg 1.0		__DUMMY__ 0.9198475224950068 neg 0.046234287897752954 off 0.03391818960724016	false	1.0
pickelface	off 1.0		__DUMMY__ 0.9203491022851576 neg 0.04298327115236083 off 0.036667626562481584	false	0.5
seiner			__DUMMY__ 0.9220814217903732 neg 0.043960596382005356 off 0.033957981827621386	false	0.0
lauch	neg 1.0		__DUMMY__ 0.9239548621056929 neg 0.044729062025446346 off 0.0313160758688608	false	1.0
unwichtig	neg 1.0		__DUMMY__ 0.9168413339237669 neg 0.04161235028990777 off 0.041546315786325436	false	1.0
steuerhinterziehung	neg 1.0	neg 1.0	neg 0.5104474582817702 __DUMMY__ 0.45711398663519576 off 0.032438555083034115	false	1.0
schock	neg 1.0		__DUMMY__ 0.9198353750795782 neg 0.043426930620023355 off 0.03673769430039839	false	1.0
beule	neg 1.0		__DUMMY__ 0.9153289090660286 neg 0.04258512592518076 off 0.04208596500879055	false	1.0
vergelten	neg 1.0		__DUMMY__ 0.9187227904215737 off 0.043991277510569166 neg 0.037285932067857123	false	0.5
verdorbenheit	neg 1.0		__DUMMY__ 0.9221709307371363 neg 0.040433279484077336 off 0.03739578977878638	false	1.0
trauma	neg 1.0		__DUMMY__ 0.9192163888753826 neg 0.042589439319829885 off 0.03819417180478753	false	1.0
sinnlos	neg 1.0		__DUMMY__ 0.9193338189360166 neg 0.041339039210921386 off 0.039327141853062	false	1.0
fettsack	off 1.0	off 1.0	off 0.5121539208438133 __DUMMY__ 0.44663521930497413 neg 0.04121085985121257	false	1.0
feige	off 1.0	off 1.0	off 0.5082923746065368 __DUMMY__ 0.4517659654901127 neg 0.03994165990335053	false	1.0
abdanken	neg 1.0		__DUMMY__ 0.9193836347226975 neg 0.0432913096770071 off 0.03732505560029544	false	1.0
wichtigtuer	off 1.0	off 1.0	off 0.5064612025960697 __DUMMY__ 0.4545657548214231 neg 0.03897304258250712	false	1.0
misslingen	neg 1.0		__DUMMY__ 0.9258037744092926 off 0.03732229721521827 neg 0.03687392837548915	false	0.5
untreu	off 1.0		__DUMMY__ 0.9169709471517774 off 0.04183792635006517 neg 0.04119112649815743	false	1.0
missmutig	neg 1.0		__DUMMY__ 0.9175392101636914 neg 0.04130066878077846 off 0.04116012105553012	false	1.0
hurenbock	off 1.0		__DUMMY__ 0.9185207338224531 neg 0.04285062082910777 off 0.03862864534843911	false	0.5
betrunken	neg 1.0		__DUMMY__ 0.9170092101956915 off 0.04280445520230756 neg 0.040186334602000946	false	0.5
korrupt	off 1.0		__DUMMY__ 0.9180527294084772 neg 0.045972822236915165 off 0.03597444835460765	false	0.5
unmut	neg 1.0		__DUMMY__ 0.9243377438930754 neg 0.044200511569264155 off 0.0314617445376604	false	1.0
hackfresse	off 1.0		__DUMMY__ 0.9121336832593757 off 0.04768013903760773 neg 0.04018617770301654	false	1.0
aufblasen	neg 1.0		__DUMMY__ 0.9201224141917181 neg 0.04110157698532524 off 0.03877600882295661	false	1.0
gewaltsam	neg 1.0		__DUMMY__ 0.9190390839543234 neg 0.044709679929931176 off 0.0362512361157453	false	1.0
unbeliebtheit	neg 1.0		__DUMMY__ 0.9148631913461582 neg 0.04422270316745877 off 0.040914105486383065	false	1.0
sturheit	neg 1.0		__DUMMY__ 0.9189199757536587 neg 0.04433810485902302 off 0.03674191938731824	false	1.0
kuh	neg 1.0		__DUMMY__ 0.9138505936934039 neg 0.04700020937531392 off 0.03914919693128205	false	1.0
erschrecken	neg 1.0		__DUMMY__ 0.918912318661821 off 0.040945592920125694 neg 0.040142088418053314	false	0.5
opfer	neg 1.0		__DUMMY__ 0.9213906173562392 neg 0.04372571565099209 off 0.03488366699276869	false	1.0
sinken	neg 1.0		__DUMMY__ 0.9241801560660651 neg 0.04407834737086596 off 0.031741496563068974	false	1.0
stinktier	neg 1.0		__DUMMY__ 0.9074646508083267 neg 0.04696855225260649 off 0.04556679693906686	false	1.0
tucke	off 1.0		__DUMMY__ 0.9083073684785806 off 0.0485029842209219 neg 0.0431896473004975	false	1.0
ein			__DUMMY__ 0.9194023667069905 neg 0.04250262691100204 off 0.0380950063820075	false	0.0
abstieg	neg 1.0		__DUMMY__ 0.9211440680127573 neg 0.04486433530622122 off 0.033991596681021474	false	1.0
missverstehen	neg 1.0		__DUMMY__ 0.9171826689905084 neg 0.04265775242904184 off 0.04015957858044971	false	1.0
ergebnislos	neg 1.0		__DUMMY__ 0.9221047028173665 neg 0.04415019875573557 off 0.03374509842689804	false	1.0
unter			__DUMMY__ 0.9293689410061629 neg 0.043416519913916186 off 0.027214539079920965	false	0.0
manipulieren	neg 1.0		__DUMMY__ 0.9231561555213735 neg 0.043392050187907615 off 0.03345179429071888	false	1.0
unbewiesen	neg 1.0		__DUMMY__ 0.9165219003647574 neg 0.045686505608761065 off 0.03779159402648147	false	1.0
verschleppen	neg 1.0		__DUMMY__ 0.9194739075005093 neg 0.04531299073085767 off 0.03521310176863303	false	1.0
weib	off 1.0		__DUMMY__ 0.9058974066348274 off 0.04842703156179926 neg 0.045675561803373205	false	1.0
opposition	neg 1.0		__DUMMY__ 0.9172300211404101 neg 0.04421331126189648 off 0.0385566675976935	false	1.0
verkehrswidrig	neg 1.0		__DUMMY__ 0.9184283250650569 off 0.04426929083141318 neg 0.03730238410352997	false	0.5
inkorrekt	neg 1.0		__DUMMY__ 0.913507410682928 off 0.04472753403562307 neg 0.041765055281449005	false	0.5
vermeiden	neg 1.0	neg 1.0	neg 0.5082273723876789 __DUMMY__ 0.4646493830876372 off 0.0271232445246838	false	1.0
abweichung	neg 1.0	neg 1.0	neg 0.5068125821823196 __DUMMY__ 0.46165652224710374 off 0.031530895570576714	false	1.0
alkoholisiert	neg 1.0		__DUMMY__ 0.9234279889484903 neg 0.043365722440059894 off 0.0332062886114498	false	1.0
scheiss	off 1.0	off 1.0	off 0.5078352445323874 __DUMMY__ 0.4529478590112542 neg 0.03921689645635861	false	1.0
herausforderung	neg 1.0		__DUMMY__ 0.9244540599406248 neg 0.042031639154008676 off 0.03351430090536652	false	1.0
pervers	off 1.0		__DUMMY__ 0.9084961663421885 off 0.05050804690972219 neg 0.040995786748089354	false	1.0
wackelig	neg 1.0		__DUMMY__ 0.9251182411979598 neg 0.039382143886626426 off 0.03549961491541379	false	1.0
verwickeln	neg 1.0		__DUMMY__ 0.9176664572008112 neg 0.04257838065570895 off 0.03975516214347993	false	1.0
vorwand	neg 1.0		__DUMMY__ 0.9219129132274472 neg 0.04469844290220097 off 0.033388643870351904	false	1.0
muschi	off 1.0		__DUMMY__ 0.9202928987192941 neg 0.04285352269920898 off 0.03685357858149689	false	0.5
entmutigung	neg 1.0		__DUMMY__ 0.9186092817415854 neg 0.042661619982945875 off 0.038729098275468825	false	1.0
unangemessen	neg 1.0		__DUMMY__ 0.918881512818078 neg 0.044556310253926174 off 0.0365621769279958	false	1.0
unstetig	neg 1.0		__DUMMY__ 0.9189770924893268 neg 0.04176452590839792 off 0.03925838160227525	false	1.0
entmutigen	neg 1.0		__DUMMY__ 0.9198017874716669 neg 0.04193480661797088 off 0.03826340591036233	false	1.0
schwanz	neg 1.0		__DUMMY__ 0.9212062919124325 neg 0.044193709415700146 off 0.034599998671867326	false	1.0
verbot	neg 1.0		__DUMMY__ 0.9203049836264753 neg 0.04412340505851547 off 0.03557161131500926	false	1.0
leid	neg 1.0		__DUMMY__ 0.9132185352816709 off 0.046102353007124335 neg 0.04067911171120477	false	0.5
archaisch	neg 1.0		__DUMMY__ 0.9193780771814761 neg 0.04409718010918755 off 0.03652474270933626	false	1.0
gegen			__DUMMY__ 0.9234362577371981 neg 0.04442262213209407 off 0.03214112013070789	false	0.0
scheidung	neg 1.0		__DUMMY__ 0.9108960987737982 off 0.05411907904575993 neg 0.034984822180441896	false	0.5
einschlag	neg 1.0		__DUMMY__ 0.9159264624306843 off 0.043814841361067274 neg 0.0402586962082483	false	0.5
m			__DUMMY__ 0.9223609973572264 neg 0.04220919202533916 off 0.035429810617434415	false	0.0
abgestanden	neg 1.0		__DUMMY__ 0.9178050246013035 neg 0.04493596008102725 off 0.03725901531766919	false	1.0
schmierig	off 1.0		__DUMMY__ 0.9145750134172517 off 0.045462763272482574 neg 0.03996222331026569	false	1.0
unpraktisch	neg 1.0		__DUMMY__ 0.9198685153990852 neg 0.041738672749509376 off 0.03839281185140543	false	1.0
wixxer	off 1.0		__DUMMY__ 0.9062822914390649 off 0.05073681895112031 neg 0.042980889609814846	false	1.0
bezeichnet			__DUMMY__ 0.9172579872855531 neg 0.04489424814655318 off 0.03784776456789376	false	0.0
jammerlappen	off 1.0		__DUMMY__ 0.9186582165894592 off 0.04149903326607128 neg 0.03984275014446942	false	1.0
farce	neg 1.0		__DUMMY__ 0.9187631800075461 neg 0.0449138211945251 off 0.03632299879792888	false	1.0
zwecklos	neg 1.0		__DUMMY__ 0.9192270960089394 neg 0.044557909129645135 off 0.0362149948614155	false	1.0
turbulent	neg 1.0		__DUMMY__ 0.9142952759482226 neg 0.04314685178257321 off 0.04255787226920418	false	1.0
invasion	neg 1.0		__DUMMY__ 0.9186848058099893 neg 0.0422568822342455 off 0.039058311955765077	false	1.0
schuld	neg 1.0		__DUMMY__ 0.9181230129406515 neg 0.04326050471163687 off 0.03861648234771163	false	1.0
risiko	neg 1.0	neg 1.0	neg 0.5062870579238775 __DUMMY__ 0.4589650402209175 off 0.034747901855205036	false	1.0
finster	neg 1.0		__DUMMY__ 0.9174499626503605 neg 0.04446402816683923 off 0.03808600918280028	false	1.0
geisteskrank	off 1.0		__DUMMY__ 0.9136950378031449 off 0.04317180378409005 neg 0.04313315841276506	false	1.0
zusammenbrechen	neg 1.0		__DUMMY__ 0.9211123073518308 neg 0.042722873706148815 off 0.03616481894202044	false	1.0
ausbeute	neg 1.0		__DUMMY__ 0.9295618072712244 neg 0.03644313399025144 off 0.03399505873852414	false	1.0
hinterhalt	neg 1.0		__DUMMY__ 0.9223891491356003 neg 0.042015001427502974 off 0.03559584943689677	false	1.0
kritik	neg 1.0		__DUMMY__ 0.9185278447135278 neg 0.04525840618804257 off 0.03621374909842965	false	1.0
einschrumpfen	neg 1.0		__DUMMY__ 0.9153528837491713 neg 0.043867903149209714 off 0.04077921310161895	false	1.0
riskant	neg 1.0		__DUMMY__ 0.9203374859550858 neg 0.04539777594701097 off 0.03426473809790328	false	1.0
frustrieren	neg 1.0		__DUMMY__ 0.9208629396004291 neg 0.04418405987491156 off 0.034953000524659335	false	1.0
groll	neg 1.0		__DUMMY__ 0.9194224849983007 neg 0.0447356480594508 off 0.03584186694224853	false	1.0
gibt			__DUMMY__ 0.9217241512770098 neg 0.04197329643052425 off 0.03630255229246603	false	0.0
qualvoll	neg 1.0		__DUMMY__ 0.9177432521722529 neg 0.042390841121668285 off 0.03986590670607873	false	1.0
wackeln	neg 1.0		__DUMMY__ 0.9212665289660549 neg 0.04069257213593694 off 0.038040898898008185	false	1.0
klagen	neg 1.0		__DUMMY__ 0.9234810951705247 neg 0.04443646731586325 off 0.03208243751361213	false	1.0
bankrott	neg 1.0		__DUMMY__ 0.9190005754287168 off 0.040665174066566494 neg 0.040334250504716646	false	0.5
trauern	neg 1.0		__DUMMY__ 0.9221698925833451 neg 0.043456173663689125 off 0.034373933752965775	false	1.0
ablehnung	neg 1.0		__DUMMY__ 0.9191322710437435 neg 0.04483918857041838 off 0.03602854038583806	false	1.0
stur	neg 1.0		__DUMMY__ 0.9184060372490087 neg 0.042878542771167476 off 0.038715419979823806	false	1.0
aufruhr	neg 1.0	neg 1.0	neg 0.5092639615457802 __DUMMY__ 0.4573096260022731 off 0.03342641245194667	false	1.0
melancholie	neg 1.0		__DUMMY__ 0.9212716242175204 neg 0.044138123737623325 off 0.034590252044856266	false	1.0
ist			__DUMMY__ 0.9194598287016835 neg 0.04142122068577482 off 0.03911895061254168	false	0.0
torheit	neg 1.0		__DUMMY__ 0.9200401450354809 neg 0.0420217138916733 off 0.037938141072845745	false	1.0
dreckskind	off 1.0		__DUMMY__ 0.9089393656746805 off 0.047066797475628856 neg 0.04399383684969057	false	1.0
umtauschen	neg 1.0		__DUMMY__ 0.9206974825221838 neg 0.042599132613474054 off 0.03670338486434213	false	1.0
zum			__DUMMY__ 0.929844592961194 neg 0.04047802895727708 off 0.029677378081528826	false	0.0
zersetzen	neg 1.0		__DUMMY__ 0.9204747711586142 neg 0.04591287533352606 off 0.033612353507859793	false	1.0
zur			__DUMMY__ 0.9271762212550771 neg 0.04332557013489455 off 0.02949820861002831	false	0.0
frust	neg 1.0		__DUMMY__ 0.9214824852201611 neg 0.0422992211279743 off 0.03621829365186461	false	1.0
unerbittlichkeit	neg 1.0		__DUMMY__ 0.921234765910309 neg 0.045235130188447416 off 0.03353010390124357	false	1.0
zwei			__DUMMY__ 0.9280067175478847 neg 0.04143657839566671 off 0.030556704056448586	false	0.0
unkorrekt	neg 1.0		__DUMMY__ 0.9164332686588438 off 0.044149478432537304 neg 0.039417252908618944	false	0.5
hexe	off 1.0		__DUMMY__ 0.9118930931300065 neg 0.04669487491946625 off 0.04141203195052721	false	0.5
lasch	neg 1.0		__DUMMY__ 0.9161274781849855 neg 0.042943071535276545 off 0.040929450279737864	false	1.0
rivale	neg 1.0		__DUMMY__ 0.9152880464318797 off 0.04318238315458911 neg 0.041529570413531246	false	0.5
mutlos	off 1.0	off 1.0	off 0.5014583721906258 __DUMMY__ 0.45699969272244884 neg 0.041541935086925386	false	1.0
wirr	off 1.0		__DUMMY__ 0.9127609247770173 off 0.04480269138689129 neg 0.042436383836091315	false	1.0
jahr			__DUMMY__ 0.9303379735261769 neg 0.03722453772106437 off 0.032437488752758814	false	0.0
wird			__DUMMY__ 0.9216439633708485 neg 0.04309090201428615 off 0.035265134614865246	false	0.0
strafbar	neg 1.0		__DUMMY__ 0.9219618013121329 neg 0.043350983648737726 off 0.03468721503912932	false	1.0
erosion	neg 1.0		__DUMMY__ 0.9217924159946894 neg 0.04093233180251074 off 0.03727525220279983	false	1.0
eingehen	neg 1.0		__DUMMY__ 0.9206558860989198 neg 0.044528433850092225 off 0.03481568005098792	false	1.0
faul	off 1.0		__DUMMY__ 0.9187554590356631 neg 0.04073699163885254 off 0.04050754932548421	false	0.5
provisorium	neg 1.0		__DUMMY__ 0.931803602614801 neg 0.04065882449552472 off 0.027537572889674334	false	1.0
schmerzen	neg 1.0		__DUMMY__ 0.9192661076274283 neg 0.04454244930760691 off 0.036191443064964864	false	1.0
schrumpfen	neg 1.0		__DUMMY__ 0.9238015071858123 neg 0.046230470707827424 off 0.029968022106360268	false	1.0
geistlos	off 1.0		__DUMMY__ 0.9147208869495793 neg 0.045127706775623895 off 0.040151406274796776	false	0.5
fehlkauf	neg 1.0		__DUMMY__ 0.9185086097078682 neg 0.042567134483523464 off 0.0389242558086083	false	1.0
frustrierend	neg 1.0		__DUMMY__ 0.9183590409620579 neg 0.040913594356708334 off 0.040727364681233724	false	1.0
unzufrieden	neg 1.0		__DUMMY__ 0.9199211720326104 neg 0.04407851648455813 off 0.036000311482831594	false	1.0
verzweifeln	neg 1.0		__DUMMY__ 0.9203799664386098 neg 0.04274613386289385 off 0.03687389969849646	false	1.0
verzweifelt	neg 1.0	neg 1.0	neg 0.510417646392798 __DUMMY__ 0.4543654630999441 off 0.03521689050725795	false	1.0
misstrauensantrag	neg 1.0		__DUMMY__ 0.9184119384876007 neg 0.04258274039466206 off 0.03900532111773713	false	1.0
abfallen	neg 1.0		__DUMMY__ 0.9215022711721594 neg 0.040707750787586365 off 0.0377899780402543	false	1.0
fucker	off 1.0		__DUMMY__ 0.9157505939154856 off 0.04391759058482094 neg 0.04033181549969338	false	1.0
ungezogen	neg 1.0		__DUMMY__ 0.9100866131265295 off 0.04974578264830221 neg 0.04016760422516826	false	0.5
irrsinnig	neg 1.0	neg 1.0	neg 0.5096879055410382 __DUMMY__ 0.45511701809898075 off 0.03519507635998103	false	1.0
unfassbar	neg 1.0		__DUMMY__ 0.9178037668876028 off 0.04241752183005084 neg 0.03977871128234633	false	0.5
hart	neg 1.0		__DUMMY__ 0.9146985611194752 neg 0.04344602381306385 off 0.04185541506746089	false	1.0
widerlich	off 1.0		__DUMMY__ 0.9151831495401086 off 0.043010747505368034 neg 0.041806102954523354	false	1.0
fatal	neg 1.0		__DUMMY__ 0.918286320545504 neg 0.04229600958124802 off 0.039417669873248094	false	1.0
bruch	neg 1.0		__DUMMY__ 0.9236243391169805 neg 0.04395820816878446 off 0.03241745271423506	false	1.0
aushungern	neg 1.0		__DUMMY__ 0.9208849180160047 neg 0.042800999620816765 off 0.03631408236317845	false	1.0
anspannung	neg 1.0		__DUMMY__ 0.9266959305725795 neg 0.043349851962217384 off 0.02995421746520325	false	1.0
von			__DUMMY__ 0.9318640051622578 neg 0.035672199975828864 off 0.032463794861913406	false	0.0
kraftlos	neg 1.0		__DUMMY__ 0.9217526628879846 neg 0.04272693685484814 off 0.035520400257167184	false	1.0
vom			__DUMMY__ 0.9320441165192072 neg 0.04017065984109356 off 0.02778522363969919	false	0.0
grenzdebil	off 1.0		__DUMMY__ 0.9177199603114129 off 0.04256493378922435 neg 0.0397151058993628	false	1.0
vor			__DUMMY__ 0.9249231135406043 neg 0.0423745389128013 off 0.03270234754659437	false	0.0
unterwerfen	neg 1.0		__DUMMY__ 0.9209575701687333 neg 0.04420442509912877 off 0.03483800473213801	false	1.0
versenkung	neg 1.0		__DUMMY__ 0.9233445395201996 neg 0.041660861090746674 off 0.034994599389053756	false	1.0
entziehen	neg 1.0		__DUMMY__ 0.9230228847106953 neg 0.044509799175572885 off 0.032467316113731826	false	1.0
finanzkrise	neg 1.0		__DUMMY__ 0.9169846001255578 neg 0.04631580099295862 off 0.03669959888148363	false	1.0
schimpfend	neg 1.0		__DUMMY__ 0.9185304236177697 neg 0.04277977961705829 off 0.038689796765172035	false	1.0
profan	neg 1.0		__DUMMY__ 0.9179043419666955 neg 0.04239427840739556 off 0.03970137962590895	false	1.0
korruption	neg 1.0		__DUMMY__ 0.9200414212889528 neg 0.04467724324755482 off 0.03528133546349227	false	1.0
â			__DUMMY__ 0.9226199056410567 neg 0.04240818496269902 off 0.03497190939624436	false	0.0
schmutzig	neg 1.0		__DUMMY__ 0.9176990184139813 off 0.042921293089456886 neg 0.03937968849656186	false	0.5
sexy	neg 1.0		__DUMMY__ 0.918779364988346 neg 0.04084627190755155 off 0.040374363104102515	false	1.0
abraten	neg 1.0		__DUMMY__ 0.9203217340802223 neg 0.04063533267653195 off 0.039042933243245745	false	1.0
schwarz	neg 1.0		__DUMMY__ 0.9185888710578674 neg 0.042597403583815266 off 0.038813725358317334	false	1.0
fotze	off 1.0	off 1.0	off 0.5024173448328666 __DUMMY__ 0.4583836809794997 neg 0.03919897418763361	false	1.0
verwirren	neg 1.0		__DUMMY__ 0.918541642923733 neg 0.04132478047456727 off 0.040133576601699694	false	1.0
zahnlos	off 1.0		__DUMMY__ 0.9196628329949461 neg 0.043696290512301734 off 0.03664087649275215	false	0.5
verheeren	neg 1.0		__DUMMY__ 0.9093561881048209 off 0.051028526672823586 neg 0.03961528522235558	false	0.5
hippie	neg 1.0		__DUMMY__ 0.9184380512735225 neg 0.04139702388580001 off 0.040164924840677574	false	1.0
rammen	neg 1.0		__DUMMY__ 0.9144612454133881 neg 0.0472824472025411 off 0.03825630738407071	false	1.0
unlauter	neg 1.0		__DUMMY__ 0.9178219341107997 neg 0.043743501097048054 off 0.03843456479215222	false	1.0
unheilvoll	neg 1.0		__DUMMY__ 0.9179296254612292 neg 0.04345825202131007 off 0.03861212251746068	false	1.0
niedrig	neg 1.0		__DUMMY__ 0.9202554606451746 neg 0.04616643413397564 off 0.03357810522084966	false	1.0
explosion	neg 1.0		__DUMMY__ 0.9193696963920079 neg 0.04096077641465815 off 0.03966952719333385	false	1.0
weichei	off 1.0	off 1.0	off 0.5123123581771316 __DUMMY__ 0.44976772998244496 neg 0.03791991184042344	false	1.0
minusmensch	off 1.0		__DUMMY__ 0.9050207396934493 off 0.049310286521588045 neg 0.045668973784962645	false	1.0
farblos	neg 1.0		__DUMMY__ 0.9189239450194088 neg 0.04446021780394537 off 0.03661583717664582	false	1.0
unwissend	neg 1.0	neg 1.0	neg 0.5078074461707005 __DUMMY__ 0.45428067720732473 off 0.037911876621974816	false	1.0
traurig	neg 1.0		__DUMMY__ 0.9166698100703143 off 0.04424598872810125 neg 0.039084201201584415	false	0.5
senkung	neg 1.0		__DUMMY__ 0.9167309053479636 neg 0.04370105024750598 off 0.03956804440453043	false	1.0
ungleich	neg 1.0	neg 1.0	neg 0.5101099322850553 __DUMMY__ 0.45897790927253207 off 0.030912158442412616	false	1.0
heikel	neg 1.0		__DUMMY__ 0.9212936013810787 neg 0.04447859130087826 off 0.034227807318043056	false	1.0
drosselung	neg 1.0		__DUMMY__ 0.915696676144313 off 0.0423087866708569 neg 0.04199453718483006	false	0.5
falsch	neg 1.0		__DUMMY__ 0.918170166680273 neg 0.04098626802541196 off 0.04084356529431515	false	1.0
unzufriedenheit	neg 1.0		__DUMMY__ 0.9221577659946001 neg 0.04477495141194956 off 0.03306728259345027	false	1.0
kurz	neg 1.0		__DUMMY__ 0.9241993172761157 neg 0.039749412198149786 off 0.03605127052573454	false	1.0
unsinnig	neg 1.0		__DUMMY__ 0.9196974517436154 neg 0.04356140640913107 off 0.03674114184725353	false	1.0
penner	off 1.0	off 1.0	off 0.513528050901829 __DUMMY__ 0.44927370143501966 neg 0.037198247663151454	false	1.0
seicht	neg 1.0		__DUMMY__ 0.9099376535523073 off 0.04968942130530287 neg 0.04037292514238987	false	0.5
dummheit	off 1.0	off 1.0	off 0.5066625120756649 __DUMMY__ 0.45285773822765524 neg 0.040479749696679855	false	1.0
unerfreulich	neg 1.0		__DUMMY__ 0.9234662803592221 neg 0.04312663058057272 off 0.033407089060205224	false	1.0
motherfucker	off 1.0	off 1.0	off 0.5096279219454157 __DUMMY__ 0.4526624852350037 neg 0.037709592819580535	false	1.0
pikiert	neg 1.0		__DUMMY__ 0.9148828929772251 neg 0.04272642972589211 off 0.042390677296882825	false	1.0
wrack	neg 1.0		__DUMMY__ 0.9199133571137217 neg 0.044776290769120264 off 0.035310352117158085	false	1.0
gangster	neg 1.0		__DUMMY__ 0.9183989015440308 neg 0.04144415849734779 off 0.04015693995862145	false	1.0
krank	neg 1.0		__DUMMY__ 0.9187090674385039 off 0.042350636567884674 neg 0.038940295993611436	false	0.5
reich	neg 1.0		__DUMMY__ 0.9175989681137866 off 0.041506728361223 neg 0.04089430352499043	false	0.5
gnadenlos	neg 1.0		__DUMMY__ 0.9181732379571989 neg 0.0431394486465603 off 0.038687313396240854	false	1.0
niedergeschlagen	neg 1.0		__DUMMY__ 0.9207602506323684 neg 0.04290400125787599 off 0.03633574810975558	false	1.0
terrorisieren	off 1.0	off 1.0	off 0.5015829323717166 __DUMMY__ 0.4587341137173592 neg 0.03968295391092421	false	1.0
sinnlosigkeit	neg 1.0		__DUMMY__ 0.9200827386380944 neg 0.04378762538867186 off 0.03612963597323377	false	1.0
behindern	neg 1.0		__DUMMY__ 0.920195637385791 neg 0.04309286641057339 off 0.03671149620363571	false	1.0
undemokratisch	neg 1.0		__DUMMY__ 0.9190771367357412 neg 0.04232671400823876 off 0.03859614925602014	false	1.0
wirtschaftskrise	neg 1.0		__DUMMY__ 0.9186928735045207 neg 0.046183803618891586 off 0.035123322876587794	false	1.0
neid	neg 1.0		__DUMMY__ 0.920635711742666 off 0.04042733169366691 neg 0.03893695656366713	false	0.5
rutschen	neg 1.0		__DUMMY__ 0.9284339666038949 neg 0.04118131872392804 off 0.030384714672177092	false	1.0
rezession	neg 1.0		__DUMMY__ 0.9095386892329421 neg 0.045605678909460094 off 0.04485563185759784	false	1.0
fehlgeburt	neg 1.0		__DUMMY__ 0.9194541509490415 neg 0.04192363880841735 off 0.0386222102425411	false	1.0
charakterschwach	off 1.0		__DUMMY__ 0.9151803232636664 off 0.04296658096558455 neg 0.04185309577074904	false	1.0
isolation	neg 1.0		__DUMMY__ 0.9186488445055075 neg 0.04103372915042927 off 0.04031742634406328	false	1.0
ablenkung	neg 1.0		__DUMMY__ 0.9218848900033553 neg 0.04056554390817488 off 0.0375495660884698	false	1.0
pech	neg 1.0		__DUMMY__ 0.9190488167629592 neg 0.040871790253434036 off 0.04007939298360673	false	1.0
vermeidung	neg 1.0		__DUMMY__ 0.9159952737324124 off 0.04243788595046083 neg 0.041566840317126756	false	0.5
dominieren	neg 1.0		__DUMMY__ 0.9215586618948931 neg 0.04400216081401444 off 0.03443917729109245	false	1.0
schwindlig	neg 1.0		__DUMMY__ 0.9201883985801593 neg 0.04108721766448307 off 0.0387243837553576	false	1.0
lutscher	neg 1.0	neg 1.0	neg 0.507105895952965 __DUMMY__ 0.4476509737460884 off 0.04524313030094658	false	1.0
pflicht	neg 1.0		__DUMMY__ 0.9218139603837163 neg 0.04474654139547556 off 0.03343949822080807	false	1.0
faschist	off 1.0		__DUMMY__ 0.9181901065166467 neg 0.04123514552812336 off 0.040574747955229924	false	0.5
verschleudern	neg 1.0		__DUMMY__ 0.9220873946458845 neg 0.04386870981245077 off 0.03404389554166474	false	1.0
wenn			__DUMMY__ 0.917936628340204 neg 0.041087577484504645 off 0.040975794175291465	false	0.0
ehebruch	neg 1.0		__DUMMY__ 0.9204016877899839 neg 0.044343919641373165 off 0.03525439256864292	false	1.0
spott	off 1.0		__DUMMY__ 0.9207734435593583 neg 0.04428973430575701 off 0.03493682213488466	false	0.5
trostlosigkeit	neg 1.0		__DUMMY__ 0.9221420877837483 neg 0.045136667175361314 off 0.03272124504089047	false	1.0
lutschen	neg 1.0		__DUMMY__ 0.915249158970367 neg 0.04418676288277981 off 0.04056407814685322	false	1.0
undiszipliniert	neg 1.0		__DUMMY__ 0.9158653690411609 off 0.04381231683819119 neg 0.040322314120647955	false	0.5
kopfschmerz	neg 1.0		__DUMMY__ 0.9182928227653057 neg 0.046300676931341954 off 0.03540650030335232	false	1.0
unvorhergesehen	neg 1.0		__DUMMY__ 0.9256795841462064 neg 0.04118442807298263 off 0.03313598778081085	false	1.0
desinteressiert	neg 1.0	neg 1.0	neg 0.5074521699096673 __DUMMY__ 0.45294838451567004 off 0.0395994455746626	false	1.0
armselig	off 1.0		__DUMMY__ 0.9137465248131426 off 0.04465719261610699 neg 0.041596282570750494	false	1.0
desaster	neg 1.0		__DUMMY__ 0.9236811392175804 neg 0.04433736384098083 off 0.03198149694143871	false	1.0
tod	neg 1.0		__DUMMY__ 0.9209318916005694 neg 0.044278707727975514 off 0.03478940067145512	false	1.0
herzlos	neg 1.0		__DUMMY__ 0.9150017539300533 off 0.044395823322610134 neg 0.04060242274733658	false	0.5
unwissenheit	neg 1.0		__DUMMY__ 0.9196918840328578 neg 0.04441964861107506 off 0.03588846735606705	false	1.0
widersinnig	neg 1.0		__DUMMY__ 0.918529855794834 neg 0.04534688140796077 off 0.03612326279720522	false	1.0
bedenklich	neg 1.0		__DUMMY__ 0.9205014198522194 neg 0.04431455650067399 off 0.03518402364710668	false	1.0
beanstanden	neg 1.0		__DUMMY__ 0.9230975364851868 neg 0.043839924732143945 off 0.03306253878266927	false	1.0
panisch	neg 1.0	neg 1.0	neg 0.5057944407281613 __DUMMY__ 0.45867927295155 off 0.03552628632028878	false	1.0
debil	off 1.0		__DUMMY__ 0.9271692150761891 neg 0.044679994364905225 off 0.0281507905589057	false	0.5
abstrich	neg 1.0		__DUMMY__ 0.9244749197455344 neg 0.040070459983555025 off 0.03545462027091057	false	1.0
primitiv	neg 1.0		__DUMMY__ 0.9152621987307741 off 0.043205257162135156 neg 0.041532544107090834	false	0.5
abschaum	off 1.0	off 1.0	off 0.5083901226197147 __DUMMY__ 0.45294221467539947 neg 0.03866766270488586	false	1.0
provozieren	neg 1.0		__DUMMY__ 0.9173635733079707 neg 0.044058434454458395 off 0.03857799223757091	false	1.0
tot	neg 1.0		__DUMMY__ 0.9208827433686044 neg 0.044164253121121745 off 0.034953003510273736	false	1.0
instabil	neg 1.0		__DUMMY__ 0.914302224716782 off 0.04401372746082465 neg 0.04168404782239331	false	0.5
schwuchtel	off 1.0	off 1.0	off 0.5180719747022474 __DUMMY__ 0.4440937268096595 neg 0.03783429848809302	false	1.0
zerren	neg 1.0		__DUMMY__ 0.9207244395356117 neg 0.043239485066741586 off 0.03603607539764682	false	1.0
kinderficker	off 1.0		__DUMMY__ 0.9136889940548596 off 0.04672393758001776 neg 0.039587068365122685	false	1.0
gefahr	neg 1.0		__DUMMY__ 0.9235444879399904 neg 0.04353334148898961 off 0.03292217057101998	false	1.0
rabiat	neg 1.0		__DUMMY__ 0.9198470540234867 neg 0.042356480149648774 off 0.03779646582686456	false	1.0
verlangsamung	neg 1.0		__DUMMY__ 0.9085133738721768 off 0.04812456377753383 neg 0.043362062350289346	false	0.5
ausgestorben	neg 1.0		__DUMMY__ 0.9207475115559566 neg 0.04179631413298418 off 0.03745617431105924	false	1.0
anklagen	neg 1.0		__DUMMY__ 0.9200308055386539 neg 0.04461645783535202 off 0.03535273662599407	false	1.0
trott	neg 1.0		__DUMMY__ 0.9201153624863692 neg 0.04283321846980007 off 0.03705141904383079	false	1.0
verminderung	neg 1.0		__DUMMY__ 0.9164122131726191 off 0.0426814402384521 neg 0.04090634658892873	false	0.5
nach			__DUMMY__ 0.9291238338614679 neg 0.04129834546985481 off 0.029577820668677247	false	0.0
rost	neg 1.0		__DUMMY__ 0.9122705842599541 off 0.04673403214101311 neg 0.040995383599032764	false	0.5
destruktiv	neg 1.0		__DUMMY__ 0.9189999558373837 neg 0.04339816314037248 off 0.037601881022243794	false	1.0
unzumutbarkeit	neg 1.0		__DUMMY__ 0.9170257334002198 off 0.04176193786530724 neg 0.041212328734473024	false	0.5
labil	off 1.0	off 1.0	off 0.5077710577708184 __DUMMY__ 0.4535884016919916 neg 0.038640540537189946	false	1.0
ziemlich	neg 1.0		__DUMMY__ 0.9186744938744938 off 0.04218608597492637 neg 0.03913942015057971	false	0.5
lachnummer	off 1.0		__DUMMY__ 0.9184434263789972 neg 0.04321247007229904 off 0.03834410354870377	false	0.5
oder			__DUMMY__ 0.921535638680382 neg 0.0404441374871712 off 0.038020223832446805	false	0.0
verfall	neg 1.0		__DUMMY__ 0.924494432636744 neg 0.045564568899939095 off 0.029940998463316826	false	1.0
ausgrenzung	neg 1.0		__DUMMY__ 0.9185959800842217 neg 0.04234457704779813 off 0.0390594428679802	false	1.0
unordnung	neg 1.0		__DUMMY__ 0.9175348787422076 off 0.043659205368055225 neg 0.038805915889737135	false	0.5
fehlverhalten	neg 1.0		__DUMMY__ 0.9203085175355462 neg 0.04572883593587137 off 0.03396264652858242	false	1.0
eine			__DUMMY__ 0.9247873114212508 neg 0.0421321085783432 off 0.0330805800004061	false	0.0
nille	neg 1.0		__DUMMY__ 0.9206662570551175 neg 0.04208199630885608 off 0.037251746636026366	false	1.0
qual	neg 1.0		__DUMMY__ 0.9204688323812913 neg 0.042770840447601786 off 0.03676032717110693	false	1.0
verschwenden	neg 1.0		__DUMMY__ 0.9203529365389955 neg 0.0451392554031035 off 0.034507808057901025	false	1.0
riesig	neg 1.0		__DUMMY__ 0.9219620639601332 neg 0.04359561153762366 off 0.03444232450224309	false	1.0
verurteilen	neg 1.0		__DUMMY__ 0.9187890763412576 neg 0.0452601531953964 off 0.035950770463346035	false	1.0
klischee	neg 1.0	neg 1.0	neg 0.5089353367802996 __DUMMY__ 0.45393713345266495 off 0.03712752976703556	false	1.0
diktatorisch	neg 1.0		__DUMMY__ 0.9179164662398738 neg 0.043294066375354184 off 0.038789467384771965	false	1.0
vorhersehbar	neg 1.0		__DUMMY__ 0.9165775447291049 neg 0.043006702146483014 off 0.040415753124412146	false	1.0
sowie			__DUMMY__ 0.9116268411335087 off 0.04609429471113306 neg 0.04227886415535826	false	0.0
stornieren	neg 1.0		__DUMMY__ 0.9249009453225933 off 0.03873326130337131 neg 0.03636579337403548	false	0.5
besteuerung	neg 1.0		__DUMMY__ 0.9155683698210487 neg 0.0465387289408342 off 0.037892901238117095	false	1.0
ungeschminkt	neg 1.0		__DUMMY__ 0.9117548183850741 neg 0.04571630212729425 off 0.04252887948763166	false	1.0
kritisch	neg 1.0		__DUMMY__ 0.921236329368934 neg 0.04373049860189853 off 0.03503317202916758	false	1.0
schlamperei	off 1.0		__DUMMY__ 0.9227498081961494 neg 0.04335548125293676 off 0.033894710550913816	false	0.5
sucht	neg 1.0	neg 1.0	neg 0.5049125157475249 __DUMMY__ 0.4612419996825863 off 0.03384548456988881	false	1.0
egoistisch	off 1.0		__DUMMY__ 0.9122573687784101 off 0.04677471648390633 neg 0.04096791473768353	false	1.0
ausbeuter	off 1.0		__DUMMY__ 0.9197406302069273 neg 0.04629525675265827 off 0.03396411304041443	false	0.5
arschgeburt	off 1.0		__DUMMY__ 0.9036292081085412 off 0.053195390404778276 neg 0.043175401486680476	false	1.0
schubs	neg 1.0		__DUMMY__ 0.9217122541071775 neg 0.04285528703823944 off 0.035432458854583106	false	1.0
unsolide	neg 1.0		__DUMMY__ 0.9170426633631426 neg 0.04373339615799321 off 0.03922394047886422	false	1.0
beschwerde	neg 1.0		__DUMMY__ 0.9204605185869658 neg 0.04501393772209335 off 0.034525543690940824	false	1.0
stocken	neg 1.0		__DUMMY__ 0.9214268481833183 neg 0.044482006880084995 off 0.034091144936596714	false	1.0
isolieren	neg 1.0		__DUMMY__ 0.9217166856081356 neg 0.042971756990509445 off 0.03531155740135489	false	1.0
unheilbar	neg 1.0		__DUMMY__ 0.9201797170732243 neg 0.041819795318428464 off 0.038000487608347164	false	1.0
pisser	off 1.0		__DUMMY__ 0.9120682923442979 off 0.04420314303576984 neg 0.04372856461993234	false	1.0
löschen	neg 1.0		__DUMMY__ 0.9197418841963455 neg 0.0428713667096004 off 0.037386749094054185	false	1.0
durchfallen	neg 1.0		__DUMMY__ 0.9199276796578575 neg 0.04458496093163428 off 0.03548735941050829	false	1.0
wichser	off 1.0	off 1.0	off 0.5158473677114679 __DUMMY__ 0.44735047578361414 neg 0.036802156504918	false	1.0
terror	neg 1.0		__DUMMY__ 0.9190412059021242 neg 0.041280131720431004 off 0.03967866237744474	false	1.0
krass	neg 1.0		__DUMMY__ 0.9137187053949708 off 0.04458780598367 neg 0.04169348862135919	false	0.5
revolte	neg 1.0		__DUMMY__ 0.9175107313185834 neg 0.04314039469441226 off 0.03934887398700434	false	1.0
besorgt	neg 1.0		__DUMMY__ 0.924179028311908 neg 0.03981314811609282 off 0.036007823571999165	false	1.0
nachlassen	neg 1.0		__DUMMY__ 0.9241894872293793 neg 0.04217211015295274 off 0.033638402617667915	false	1.0
alt	neg 1.0		__DUMMY__ 0.9202195968166986 neg 0.044827105293621314 off 0.03495329788968008	false	1.0
hundesohn	off 1.0		__DUMMY__ 0.9080860235104072 off 0.05039184622368129 neg 0.041522130265911436	false	1.0
als			__DUMMY__ 0.9220143056166398 neg 0.0420431161234997 off 0.03594257825986054	false	0.0
abschreckung	neg 1.0		__DUMMY__ 0.9224442877898794 neg 0.04460387537637101 off 0.03295183683374968	false	1.0
unqualifiziert	neg 1.0		__DUMMY__ 0.9164234814010846 neg 0.04239631406963766 off 0.04118020452927772	false	1.0
abgewichst	off 1.0		__DUMMY__ 0.9216492077755131 neg 0.04180618659641157 off 0.03654460562807529	false	0.5
schwer	neg 1.0		__DUMMY__ 0.9197603756531082 neg 0.04300218413504622 off 0.03723744021184558	false	1.0
bedeutungslosigkeit	neg 1.0		__DUMMY__ 0.9217935067613058 neg 0.044420622066574156 off 0.033785871172120084	false	1.0
kapitulation	neg 1.0		__DUMMY__ 0.9214176259584288 neg 0.04381334183718693 off 0.0347690322043842	false	1.0
unscharf	neg 1.0		__DUMMY__ 0.916556417939838 neg 0.04449191089704887 off 0.03895167116311315	false	1.0
schwinden	neg 1.0		__DUMMY__ 0.9216892283578553 neg 0.04487369447387723 off 0.033437077168267486	false	1.0
versklavung	neg 1.0		__DUMMY__ 0.9185206822068848 neg 0.043155889697109075 off 0.038323428096006175	false	1.0
schlecht	neg 1.0		__DUMMY__ 0.918667433932659 off 0.042409749291575725 neg 0.03892281677576516	false	0.5
verhasst	neg 1.0		__DUMMY__ 0.9160244482072061 neg 0.044909741400963425 off 0.03906581039183047	false	1.0
beschweren	neg 1.0		__DUMMY__ 0.9194722127889324 neg 0.04125035896064229 off 0.039277428250425274	false	1.0
scheiden	neg 1.0		__DUMMY__ 0.922517888838569 neg 0.04053206767902334 off 0.03695004348240772	false	1.0
frustriert	neg 1.0		__DUMMY__ 0.9197001615254493 neg 0.0436740493476754 off 0.03662578912687534	false	1.0
schimmelig	neg 1.0		__DUMMY__ 0.9178505650879802 neg 0.04744581480568212 off 0.0347036201063377	false	1.0
fisch	neg 1.0		__DUMMY__ 0.9207136251848733 neg 0.047051445224381795 off 0.032234929590744914	false	1.0
schmuggel	neg 1.0		__DUMMY__ 0.9201141655074704 neg 0.04591444160799075 off 0.033971392884538924	false	1.0
auffallen	neg 1.0		__DUMMY__ 0.918889927222934 neg 0.041258696018086495 off 0.03985137675897947	false	1.0
konkurrenz	neg 1.0		__DUMMY__ 0.923966364885789 neg 0.04333974164923706 off 0.03269389346497388	false	1.0
teufelskreis	neg 1.0	neg 1.0	neg 0.510872884147029 __DUMMY__ 0.45496914039189623 off 0.03415797546107476	false	1.0
aufschreien	neg 1.0		__DUMMY__ 0.9173963754832734 neg 0.04260384886295045 off 0.039999775653776194	false	1.0
schuldner	neg 1.0		__DUMMY__ 0.9201269749333709 neg 0.04661685858737205 off 0.03325616647925701	false	1.0
missgeburt	off 1.0	off 1.0	off 0.5130217908992408 __DUMMY__ 0.44651386685704214 neg 0.04046434224371706	false	1.0
arbeitslos	neg 1.0		__DUMMY__ 0.919540399481664 neg 0.044601849768228 off 0.03585775075010802	false	1.0
befallen	neg 1.0		__DUMMY__ 0.9171898670059099 neg 0.046391359879077505 off 0.03641877311501264	false	1.0
miesepetrig	off 1.0	off 1.0	off 0.5078455592822119 __DUMMY__ 0.455343356917297 neg 0.03681108380049121	false	1.0
alarmieren	neg 1.0		__DUMMY__ 0.9141680096039939 neg 0.04440488096633407 off 0.041427109429672045	false	1.0
ungeduscht	off 1.0		__DUMMY__ 0.9151526560789751 neg 0.044392690418866704 off 0.04045465350215822	false	0.5
knappheit	neg 1.0		__DUMMY__ 0.9190772096983676 neg 0.045629410769269414 off 0.035293379532363015	false	1.0
schlange	neg 1.0		__DUMMY__ 0.922160555661972 neg 0.03930408246188406 off 0.03853536187614401	false	1.0
harsch	neg 1.0		__DUMMY__ 0.9152857815036606 off 0.04558144447802421 neg 0.03913277401831519	false	0.5
lang	neg 1.0		__DUMMY__ 0.9197968944047508 neg 0.04212336382823868 off 0.038079741767010615	false	1.0
ziellos	neg 1.0		__DUMMY__ 0.9230749496201199 neg 0.04197671224798244 off 0.03494833813189764	false	1.0
selbstverliebt	neg 1.0		__DUMMY__ 0.9075457771687454 off 0.05108645504840146 neg 0.04136776778285312	false	0.5
beseitigen	neg 1.0		__DUMMY__ 0.921300907939057 neg 0.0424980265156321 off 0.03620106554531103	false	1.0
dumm	off 1.0		__DUMMY__ 0.9129608929830026 off 0.047182380940544964 neg 0.03985672607645228	false	1.0
arbeitsloser	neg 1.0		__DUMMY__ 0.9225536011432115 neg 0.04157028028002544 off 0.035876118576763046	false	1.0
blitzen	neg 1.0		__DUMMY__ 0.9188628051534571 neg 0.04105010317343995 off 0.040087091673102974	false	1.0
hilflos	neg 1.0		__DUMMY__ 0.9193309357876334 neg 0.04450515812895997 off 0.03616390608340674	false	1.0
eklig	off 1.0		__DUMMY__ 0.9096014177881675 off 0.04767541526382865 neg 0.042723166948003884	false	1.0
begriff			__DUMMY__ 0.9204441811758391 neg 0.04239375529587348 off 0.037162063528287305	false	0.0
hungersnot	neg 1.0		__DUMMY__ 0.9197593866230369 neg 0.04466274940748914 off 0.035577863969473954	false	1.0
ungesetzlich	neg 1.0		__DUMMY__ 0.9171260749716287 neg 0.04411999195296276 off 0.03875393307540853	false	1.0
verschwendung	neg 1.0		__DUMMY__ 0.921367800247861 neg 0.04442616957660028 off 0.03420603017553866	false	1.0
schmerzvoll	neg 1.0		__DUMMY__ 0.918637783981983 neg 0.04241187680620445 off 0.038950339211812554	false	1.0
vorzeitig	neg 1.0		__DUMMY__ 0.917241774840402 neg 0.04306594827066685 off 0.039692276888931045	false	1.0
unvollkommenheit	neg 1.0		__DUMMY__ 0.9245383231357563 neg 0.040611497617552145 off 0.03485017924669152	false	1.0
intervenieren	neg 1.0		__DUMMY__ 0.9207798702834897 neg 0.04495958361720325 off 0.03426054609930706	false	1.0
banause	off 1.0		__DUMMY__ 0.9063466605592297 off 0.04980338545654506 neg 0.04384995398422521	false	1.0
rebell	neg 1.0		__DUMMY__ 0.9226466962648114 neg 0.04660070476645612 off 0.030752598968732486	false	1.0
unlogisch	neg 1.0		__DUMMY__ 0.9143970604139992 off 0.04428848805625242 neg 0.04131445152974843	false	0.5
leiden	neg 1.0		__DUMMY__ 0.9253183811605799 neg 0.04191094845034678 off 0.03277067038907338	false	1.0
abschaffung	neg 1.0		__DUMMY__ 0.9197023723732419 neg 0.04247320575546535 off 0.03782442187129263	false	1.0
sturz	neg 1.0		__DUMMY__ 0.9189728425033814 neg 0.04353939540634482 off 0.037487762090273755	false	1.0
verkleinerung	neg 1.0		__DUMMY__ 0.9159262106040122 neg 0.043954918677830836 off 0.04011887071815692	false	1.0
schmarotzer	off 1.0		__DUMMY__ 0.9190542247424375 neg 0.044398012103681536 off 0.03654776315388101	false	0.5
bestrafung	neg 1.0		__DUMMY__ 0.9184707197002704 neg 0.04301725096573178 off 0.038512029333997846	false	1.0
achtlos	neg 1.0	neg 1.0	neg 0.5085827511357006 __DUMMY__ 0.45778506167016725 off 0.03363218719413218	false	1.0
ungeheuer	neg 1.0		__DUMMY__ 0.9185852950060546 neg 0.042107487705732694 off 0.039307217288212654	false	1.0
