unsolidarisch	neg 1.0		neg 0.5152158228799031 off 0.445002581243209 __DUMMY__ 0.03978159587688775	false	1.0
nachteilig	neg 1.0		neg 0.5173331135065169 off 0.44251076806875106 __DUMMY__ 0.040156118424732025	false	1.0
skeptisch	neg 1.0		neg 0.5180357009357276 off 0.44179423615855223 __DUMMY__ 0.04017006290572024	false	1.0
schrecklich	neg 1.0		neg 0.50288363488586 off 0.4575069941787196 __DUMMY__ 0.03960937093542046	false	1.0
schlapp	neg 1.0		neg 0.506714774719097 off 0.45349478833344226 __DUMMY__ 0.03979043694746085	false	1.0
abfall	neg 1.0		neg 0.5208204314611075 off 0.43878715657361406 __DUMMY__ 0.04039241196527842	false	1.0
widerspenstig	neg 1.0		neg 0.5126286040476836 off 0.44741037091640234 __DUMMY__ 0.0399610250359141	false	1.0
abrupt	neg 1.0		neg 0.5169579523592749 off 0.44287060120046357 __DUMMY__ 0.0401714464402615	false	1.0
unwirksam	neg 1.0		neg 0.5157040838005744 off 0.4445772967847168 __DUMMY__ 0.03971861941470891	false	1.0
angreifen	neg 1.0		neg 0.519586030968005 off 0.44037313127311434 __DUMMY__ 0.040040837758880475	false	1.0
inkonsistent	neg 1.0		neg 0.5146928968634886 off 0.4456403735641373 __DUMMY__ 0.03966672957237408	false	1.0
abrutschen	neg 1.0		neg 0.5212551906775819 off 0.43846249539972376 __DUMMY__ 0.04028231392269453	false	1.0
unsicher	neg 1.0		neg 0.51112584630028 off 0.448717945288936 __DUMMY__ 0.040156208410784065	false	1.0
bauernkind	off 1.0	off 1.0	off 0.710577606690898 neg 0.27100539836146037 __DUMMY__ 0.01841699494764151	false	1.0
angreifer	neg 1.0	neg 1.0	neg 0.7423710193229336 off 0.23868135934376242 __DUMMY__ 0.018947621333304063	false	1.0
trennen	neg 1.0		neg 0.5169943864344002 off 0.4426855540668925 __DUMMY__ 0.0403200594987074	false	1.0
schmutz	neg 1.0		neg 0.5106867077718389 off 0.44932521524922764 __DUMMY__ 0.03998807697893328	false	1.0
inkonsistenz	neg 1.0		neg 0.5102197750419343 off 0.45031105374521846 __DUMMY__ 0.039469171212847216	false	1.0
erschreckend	neg 1.0		neg 0.5143476226489629 off 0.44570771981052315 __DUMMY__ 0.03994465754051407	false	1.0
ertrinken	neg 1.0		neg 0.5196790464606251 off 0.44034416386786124 __DUMMY__ 0.039976789671513566	false	1.0
pickelface	off 1.0		neg 0.5143451058494033 off 0.4456743126572582 __DUMMY__ 0.03998058149333836	false	0.5
seiner			neg 0.517767742869624 off 0.4420755192283346 __DUMMY__ 0.04015673790204135	false	0.0
lauch	neg 1.0		neg 0.5207795457650604 off 0.4389528711203965 __DUMMY__ 0.04026758311454307	false	1.0
unwichtig	neg 1.0		neg 0.5082044938732214 off 0.4520779599784983 __DUMMY__ 0.03971754614828017	false	1.0
steuerhinterziehung	neg 1.0	neg 1.0	neg 0.7452490845192126 off 0.23576917809166223 __DUMMY__ 0.018981737389125213	false	1.0
schock	neg 1.0		neg 0.5143893599697668 off 0.44563931280058666 __DUMMY__ 0.03997132722964661	false	1.0
beule	neg 1.0		neg 0.5078619001153802 off 0.4525852864277031 __DUMMY__ 0.03955281345691656	false	1.0
vergelten	neg 1.0		neg 0.5027560997205505 off 0.4574317498792469 __DUMMY__ 0.03981215040020268	false	1.0
verdorbenheit	neg 1.0		neg 0.5107064517405583 off 0.4491903537310233 __DUMMY__ 0.04010319452841845	false	1.0
trauma	neg 1.0		neg 0.512296400579309 off 0.4477953498130191 __DUMMY__ 0.039908249607671864	false	1.0
sinnlos	neg 1.0		neg 0.5101716460823437 off 0.44990706348712917 __DUMMY__ 0.039921290430527286	false	1.0
fettsack	off 1.0	off 1.0	off 0.7120307627693001 neg 0.26948085262497506 __DUMMY__ 0.018488384605724783	false	1.0
feige	off 1.0	off 1.0	off 0.7098996394824483 neg 0.2713560755377464 __DUMMY__ 0.01874428497980524	false	1.0
abdanken	neg 1.0		neg 0.5146759034357461 off 0.4454027419342074 __DUMMY__ 0.039921354630046424	false	1.0
wichtigtuer	off 1.0	off 1.0	off 0.7091842742234046 neg 0.271940368295584 __DUMMY__ 0.01887535748101149	false	1.0
misslingen	neg 1.0		neg 0.5082783059033877 off 0.4513622534347151 __DUMMY__ 0.040359440661897256	false	1.0
untreu	off 1.0		neg 0.5074228086911882 off 0.45285480523336685 __DUMMY__ 0.03972238607544504	false	0.5
missmutig	neg 1.0		neg 0.5081534949991955 off 0.4520858905260991 __DUMMY__ 0.039760614474705525	false	1.0
hurenbock	off 1.0		neg 0.511966916097756 off 0.44822261087973986 __DUMMY__ 0.039810473022504	false	0.5
betrunken	neg 1.0		neg 0.5052478344757952 off 0.4550553204631823 __DUMMY__ 0.03969684506102238	false	1.0
korrupt	off 1.0		neg 0.5180707713190289 off 0.44210435023300965 __DUMMY__ 0.0398248784479614	false	0.5
unmut	neg 1.0		neg 0.5207321433811222 off 0.4389440254064887 __DUMMY__ 0.04032383121238921	false	1.0
hackfresse	off 1.0		neg 0.5007093704696955 off 0.45997984607225206 __DUMMY__ 0.039310783458052265	false	0.5
aufblasen	neg 1.0		neg 0.5102140895167016 off 0.44981639942687757 __DUMMY__ 0.039969511056420805	false	1.0
gewaltsam	neg 1.0		neg 0.5163856169750826 off 0.44373713347034927 __DUMMY__ 0.03987724955456825	false	1.0
unbeliebtheit	neg 1.0		neg 0.5115648083138621 off 0.44889912713171487 __DUMMY__ 0.03953606455442307	false	1.0
sturheit	neg 1.0		neg 0.5157717835878972 off 0.44432730184252955 __DUMMY__ 0.039900914569573266	false	1.0
kuh	neg 1.0		neg 0.5146462743865279 off 0.44591617461544064 __DUMMY__ 0.03943755099803153	false	1.0
erschrecken	neg 1.0		neg 0.5074404041508526 off 0.45268698441226674 __DUMMY__ 0.03987261143688058	false	1.0
opfer	neg 1.0		neg 0.5169255875173081 off 0.4429849212604557 __DUMMY__ 0.040089491222236366	false	1.0
sinken	neg 1.0		neg 0.5202036847461476 off 0.4395062377872068 __DUMMY__ 0.04029007746664556	false	1.0
stinktier	neg 1.0		neg 0.5086251839844274 off 0.4524186896575916 __DUMMY__ 0.0389561263579811	false	1.0
tucke	off 1.0		neg 0.5023914369798168 off 0.4586142110306462 __DUMMY__ 0.038994351989537095	false	0.5
ein			neg 0.5118652095334154 off 0.44821747651171023 __DUMMY__ 0.0399173139548744	false	0.0
abstieg	neg 1.0		neg 0.5188925567221933 off 0.44105039977216787 __DUMMY__ 0.040057043505638844	false	1.0
missverstehen	neg 1.0		neg 0.5106151008306361 off 0.44963001905138883 __DUMMY__ 0.039754880117975115	false	1.0
ergebnislos	neg 1.0		neg 0.518585620516385 off 0.44128289325463826 __DUMMY__ 0.040131486228976665	false	1.0
unter			neg 0.5235242700857633 off 0.43575534846780617 __DUMMY__ 0.04072038144643064	false	0.0
manipulieren	neg 1.0		neg 0.5181433192278291 off 0.4416361795264522 __DUMMY__ 0.040220501245718736	false	1.0
unbewiesen	neg 1.0		neg 0.51610957819543 off 0.4441898902435688 __DUMMY__ 0.03970053156100115	false	1.0
verschleppen	neg 1.0		neg 0.5183380852759105 off 0.4417424221946866 __DUMMY__ 0.03991949252940277	false	1.0
weib	off 1.0		neg 0.5047677920966716 off 0.45639738688604475 __DUMMY__ 0.03883482101728374	false	0.5
opposition	neg 1.0		neg 0.5131295856408188 off 0.4471393236670764 __DUMMY__ 0.039731090692104905	false	1.0
verkehrswidrig	neg 1.0		neg 0.5015388630741546 off 0.45868654979971324 __DUMMY__ 0.03977458712613223	false	1.0
inkorrekt	neg 1.0		neg 0.505697031562495 off 0.4548562929081512 __DUMMY__ 0.03944667552935388	false	1.0
vermeiden	neg 1.0	neg 1.0	neg 0.7468336486872516 off 0.23383929923990232 __DUMMY__ 0.019327052072846195	false	1.0
abweichung	neg 1.0	neg 1.0	neg 0.7437858563909733 off 0.23702882135759357 __DUMMY__ 0.019185322251433157	false	1.0
alkoholisiert	neg 1.0		neg 0.5171592738782749 off 0.4426563091776434 __DUMMY__ 0.040184416944081806	false	1.0
scheiss	off 1.0	off 1.0	off 0.7106165716827227 neg 0.27061441192879354 __DUMMY__ 0.018769016388483797	false	1.0
herausforderung	neg 1.0		neg 0.5165627148512622 off 0.4431276697333049 __DUMMY__ 0.04030961541543294	false	1.0
pervers	off 1.0		neg 0.4987975831947282 off 0.4621806665335751 __DUMMY__ 0.03902175027169665	false	0.5
wackelig	neg 1.0		neg 0.5117501623536455 off 0.44789234176610476 __DUMMY__ 0.04035749588024976	false	1.0
verwickeln	neg 1.0		neg 0.5109896021003163 off 0.4492139842346258 __DUMMY__ 0.03979641366505782	false	1.0
vorwand	neg 1.0		neg 0.5191667727184291 off 0.44069497372298 __DUMMY__ 0.04013825355859068	false	1.0
muschi	off 1.0		neg 0.5140925323093624 off 0.445922134121087 __DUMMY__ 0.039985333569550516	false	0.5
entmutigung	neg 1.0		neg 0.51272548427816 off 0.4474352163365678 __DUMMY__ 0.0398392993852723	false	1.0
unangemessen	neg 1.0		neg 0.5159946995463073 off 0.44410485396895033 __DUMMY__ 0.039900446484742426	false	1.0
unstetig	neg 1.0		neg 0.5103753964472587 off 0.44978635613346507 __DUMMY__ 0.039838247419276086	false	1.0
entmutigen	neg 1.0		neg 0.5117259436835254 off 0.44832371681539396 __DUMMY__ 0.039950339501080755	false	1.0
schwanz	neg 1.0		neg 0.5171112823793247 off 0.4428480138680347 __DUMMY__ 0.04004070375264063	false	1.0
verbot	neg 1.0		neg 0.517033547495844 off 0.4429766293166147 __DUMMY__ 0.039989823187541323	false	1.0
leid	neg 1.0		neg 0.5026112261654747 off 0.45798617283390014 __DUMMY__ 0.03940260100062513	false	1.0
archaisch	neg 1.0		neg 0.5154440513639168 off 0.44462860428314976 __DUMMY__ 0.039927344352933526	false	1.0
gegen			neg 0.5205296688058331 off 0.4392119882872992 __DUMMY__ 0.04025834290686789	false	0.0
scheidung	neg 1.0		neg 0.49124221409884056 off 0.46956899509716554 __DUMMY__ 0.03918879080399381	false	1.0
einschlag	neg 1.0		neg 0.5048049040075309 off 0.4555854893572918 __DUMMY__ 0.039609606635177395	false	1.0
m			neg 0.5144697497961227 off 0.44537528787939723 __DUMMY__ 0.040154962324480264	false	0.0
abgestanden	neg 1.0		neg 0.5141574721204426 off 0.44610010806859823 __DUMMY__ 0.03974241981095911	false	1.0
schmierig	off 1.0		neg 0.5026812219608804 off 0.4578129376971573 __DUMMY__ 0.039505840341962306	false	0.5
unpraktisch	neg 1.0		neg 0.5108169519961481 off 0.44924353040409915 __DUMMY__ 0.03993951759975275	false	1.0
wixxer	off 1.0		neg 0.5002562619103702 off 0.46088737120167156 __DUMMY__ 0.03885636688795827	false	0.5
bezeichnet			neg 0.514901543018583 off 0.4453266725912522 __DUMMY__ 0.03977178439016484	false	0.0
jammerlappen	off 1.0		neg 0.5067773272260703 off 0.4533684051096545 __DUMMY__ 0.03985426766427535	false	0.5
farce	neg 1.0		neg 0.5168412236194574 off 0.443293224395699 __DUMMY__ 0.03986555198484366	false	1.0
zwecklos	neg 1.0		neg 0.5162019755151261 off 0.44386398771997965 __DUMMY__ 0.039934036764894314	false	1.0
turbulent	neg 1.0		neg 0.5085925747485861 off 0.4519370686948499 __DUMMY__ 0.03947035655656398	false	1.0
invasion	neg 1.0		neg 0.5110907424235552 off 0.4490470132759596 __DUMMY__ 0.03986224430048512	false	1.0
schuld	neg 1.0		neg 0.5126549501323459 off 0.4475073941485612 __DUMMY__ 0.03983765571909299	false	1.0
risiko	neg 1.0	neg 1.0	neg 0.7417673673032735 off 0.23917897357523216 __DUMMY__ 0.019053659121494287	false	1.0
finster	neg 1.0		neg 0.5131446216002349 off 0.4471180166451057 __DUMMY__ 0.03973736175465941	false	1.0
geisteskrank	off 1.0		neg 0.5080702363573426 off 0.4524575279867562 __DUMMY__ 0.03947223565590123	false	0.5
zusammenbrechen	neg 1.0		neg 0.5145181341546209 off 0.44540460120762415 __DUMMY__ 0.04007726463775509	false	1.0
ausbeute	neg 1.0		neg 0.5106350108212208 off 0.4486929687519127 __DUMMY__ 0.0406720204268665	false	1.0
hinterhalt	neg 1.0		neg 0.514389972164804 off 0.44550915182906226 __DUMMY__ 0.04010087600613375	false	1.0
kritik	neg 1.0		neg 0.5172773303083319 off 0.4428707862370995 __DUMMY__ 0.03985188345456858	false	1.0
einschrumpfen	neg 1.0		neg 0.5110587832859673 off 0.44935323010158 __DUMMY__ 0.03958798661245282	false	1.0
riskant	neg 1.0		neg 0.5187457845684366 off 0.44122776215049453 __DUMMY__ 0.04002645328106882	false	1.0
frustrieren	neg 1.0		neg 0.5170237628471761 off 0.4429136813627473 __DUMMY__ 0.040062555790076816	false	1.0
groll	neg 1.0		neg 0.5168213425846908 off 0.4432385807341133 __DUMMY__ 0.03994007668119589	false	1.0
gibt			neg 0.513842982173829 off 0.44602517126339736 __DUMMY__ 0.04013184656277382	false	0.0
qualvoll	neg 1.0		neg 0.5103566518153233 off 0.4498634006661965 __DUMMY__ 0.0397799475184803	false	1.0
wackeln	neg 1.0		neg 0.5106958588191395 off 0.44923658787180326 __DUMMY__ 0.04006755330905727	false	1.0
klagen	neg 1.0		neg 0.5204591028473328 off 0.43929765388452957 __DUMMY__ 0.040243243268137774	false	1.0
bankrott	neg 1.0		neg 0.50756074293229 off 0.4525686930906224 __DUMMY__ 0.03987056397708764	false	1.0
trauern	neg 1.0		neg 0.517167627807544 off 0.44269619504658597 __DUMMY__ 0.040136177145870124	false	1.0
ablehnung	neg 1.0		neg 0.5171443135197605 off 0.44295474746020264 __DUMMY__ 0.03990093902003689	false	1.0
stur	neg 1.0		neg 0.5121691887682692 off 0.4479749084075416 __DUMMY__ 0.0398559028241891	false	1.0
aufruhr	neg 1.0	neg 1.0	neg 0.7440486563169161 off 0.23696020612654398 __DUMMY__ 0.0189911375565399	false	1.0
melancholie	neg 1.0		neg 0.5165912280584902 off 0.443360869992322 __DUMMY__ 0.04004790194918774	false	1.0
ist			neg 0.5103751296763416 off 0.44969050121551396 __DUMMY__ 0.03993436910814455	false	0.0
torheit	neg 1.0		neg 0.5126348539436213 off 0.4474068789373642 __DUMMY__ 0.03995826711901463	false	1.0
dreckskind	off 1.0		neg 0.50474865336193 off 0.4561773942804345 __DUMMY__ 0.03907395235763551	false	0.5
umtauschen	neg 1.0		neg 0.5128944531015769 off 0.4471039630078381 __DUMMY__ 0.040001583890585016	false	1.0
zum			neg 0.5184502739272305 off 0.4408023026436909 __DUMMY__ 0.04074742342907861	false	0.0
zersetzen	neg 1.0		neg 0.5199556031032445 off 0.4400213927560405 __DUMMY__ 0.0400230041407151	false	1.0
zur			neg 0.5216386425771313 off 0.43781645971806443 __DUMMY__ 0.0405448977048042	false	0.0
frust	neg 1.0		neg 0.5142213709436624 off 0.4456680990189764 __DUMMY__ 0.04011053003736116	false	1.0
unerbittlichkeit	neg 1.0		neg 0.5194565174289354 off 0.4404647662654946 __DUMMY__ 0.040078716305569834	false	1.0
zwei			neg 0.5183538972105546 off 0.4410410840955098 __DUMMY__ 0.0406050186939356	false	0.0
unkorrekt	neg 1.0		neg 0.5040301240472053 off 0.4563203872426756 __DUMMY__ 0.03964948871011923	false	1.0
hexe	off 1.0		neg 0.5121747767849323 off 0.448527644004573 __DUMMY__ 0.039297579210494656	false	0.5
lasch	neg 1.0		neg 0.5101804128495785 off 0.4501523256798657 __DUMMY__ 0.03966726147055589	false	1.0
rivale	neg 1.0		neg 0.5064193059258336 off 0.45402429693892266 __DUMMY__ 0.039556397135243795	false	1.0
mutlos	off 1.0	off 1.0	off 0.7047489402162019 neg 0.27625867201130366 __DUMMY__ 0.018992387772494426	false	1.0
wirr	off 1.0		neg 0.5057971240853124 off 0.4548299191031867 __DUMMY__ 0.039372956811501006	false	0.5
jahr			neg 0.5129691852286319 off 0.4462670639559717 __DUMMY__ 0.040763750815396425	false	0.0
wird			neg 0.5156086543385956 off 0.44427370764170104 __DUMMY__ 0.0401176380197033	false	0.0
strafbar	neg 1.0		neg 0.5169560461781358 off 0.44291533863307103 __DUMMY__ 0.040128615188792946	false	1.0
erosion	neg 1.0		neg 0.5115327229345544 off 0.44836609774659814 __DUMMY__ 0.04010117931884758	false	1.0
eingehen	neg 1.0		neg 0.5174957225725245 off 0.44245477979551945 __DUMMY__ 0.040049497631956005	false	1.0
faul	off 1.0		neg 0.5078791754461024 off 0.45228559053039397 __DUMMY__ 0.03983523402350372	false	0.5
provisorium	neg 1.0		neg 0.5207649442554514 off 0.43834103595026813 __DUMMY__ 0.040894019794280465	false	1.0
schmerzen	neg 1.0		neg 0.5151127174564342 off 0.4450036689549598 __DUMMY__ 0.039883613588606086	false	1.0
schrumpfen	neg 1.0		neg 0.5238577379444244 off 0.43586283912040635 __DUMMY__ 0.04027942293516925	false	1.0
geistlos	off 1.0		neg 0.5131419200081476 off 0.4472979165144982 __DUMMY__ 0.03956016347735417	false	0.5
fehlkauf	neg 1.0		neg 0.5117037753648548 off 0.44845775975198804 __DUMMY__ 0.039838464883157274	false	1.0
frustrierend	neg 1.0		neg 0.5083478057708566 off 0.45181070914755683 __DUMMY__ 0.03984148508158663	false	1.0
unzufrieden	neg 1.0		neg 0.5160120137722531 off 0.44399475617633627 __DUMMY__ 0.03999323005141064	false	1.0
verzweifeln	neg 1.0		neg 0.5138268067766084 off 0.4461541962426802 __DUMMY__ 0.04001899698071133	false	1.0
verzweifelt	neg 1.0	neg 1.0	neg 0.743271662054398 off 0.2378560584636285 __DUMMY__ 0.01887227948197342	false	1.0
misstrauensantrag	neg 1.0		neg 0.5112366939696424 off 0.4489396590558712 __DUMMY__ 0.03982364697448625	false	1.0
abfallen	neg 1.0		neg 0.5105590594891409 off 0.44937798581169924 __DUMMY__ 0.04006295469915993	false	1.0
fucker	off 1.0		neg 0.5050159269029447 off 0.4553515348655875 __DUMMY__ 0.03963253823146791	false	0.5
ungezogen	neg 1.0		neg 0.4987678823557931 off 0.46208584224081556 __DUMMY__ 0.03914627540339129	false	1.0
irrsinnig	neg 1.0	neg 1.0	neg 0.7429502351047119 off 0.2381438756869405 __DUMMY__ 0.018905889208347584	false	1.0
unfassbar	neg 1.0		neg 0.5056979606193995 off 0.4545120843003034 __DUMMY__ 0.03978995508029702	false	1.0
hart	neg 1.0		neg 0.5094666179883413 off 0.45102636467996304 __DUMMY__ 0.039507017331695815	false	1.0
widerlich	off 1.0		neg 0.5069391939552138 off 0.4534818912530001 __DUMMY__ 0.039578914791785984	false	0.5
fatal	neg 1.0		neg 0.5109629675862088 off 0.449200139135716 __DUMMY__ 0.03983689327807519	false	1.0
bruch	neg 1.0		neg 0.5198366712685026 off 0.4399070160839491 __DUMMY__ 0.040256312647548434	false	1.0
aushungern	neg 1.0		neg 0.515384142282125 off 0.4445848833971969 __DUMMY__ 0.04003097432067807	false	1.0
anspannung	neg 1.0		neg 0.5210947277456304 off 0.43840073286764747 __DUMMY__ 0.04050453938672217	false	1.0
von			neg 0.5119163032729713 off 0.4472167107218153 __DUMMY__ 0.04086698600521338	false	0.0
kraftlos	neg 1.0		neg 0.5149247773080807 off 0.4449640038685591 __DUMMY__ 0.040111218823360294	false	1.0
vom			neg 0.5199447072747907 off 0.43914459617432655 __DUMMY__ 0.040910696550882676	false	0.0
grenzdebil	off 1.0		neg 0.5054292598911109 off 0.4548034501793458 __DUMMY__ 0.03976728992954313	false	0.5
vor			neg 0.5176255174570694 off 0.44199649938416846 __DUMMY__ 0.04037798315876201	false	0.0
unterwerfen	neg 1.0		neg 0.5173778528526539 off 0.4425705972935129 __DUMMY__ 0.04005154985383316	false	1.0
versenkung	neg 1.0		neg 0.5151044218644314 off 0.4446371915653874 __DUMMY__ 0.04025838657018114	false	1.0
entziehen	neg 1.0		neg 0.5199061028367051 off 0.43986793293218096 __DUMMY__ 0.040225964231113964	false	1.0
finanzkrise	neg 1.0		neg 0.5173809254515463 off 0.44290184655196646 __DUMMY__ 0.0397172279964872	false	1.0
schimpfend	neg 1.0		neg 0.5113430435182651 off 0.4488291955414006 __DUMMY__ 0.0398277609403343	false	1.0
profan	neg 1.0		neg 0.5104999894452931 off 0.449697771159536 __DUMMY__ 0.039802239395170906	false	1.0
korruption	neg 1.0		neg 0.5176489202157895 off 0.4423882434361234 __DUMMY__ 0.03996283634808701	false	1.0
â			neg 0.5151027653904287 off 0.444724940628235 __DUMMY__ 0.04017229398133637	false	0.0
schmutzig	neg 1.0		neg 0.5048327578775174 off 0.45540063883843773 __DUMMY__ 0.03976660328404493	false	1.0
sexy	neg 1.0		neg 0.5086428304880318 off 0.451488781547737 __DUMMY__ 0.039868387964231165	false	1.0
abraten	neg 1.0		neg 0.5095373360178704 off 0.45047714567736896 __DUMMY__ 0.0399855183047606	false	1.0
schwarz	neg 1.0		neg 0.5117464222474661 off 0.44839547798205764 __DUMMY__ 0.03985809977047605	false	1.0
fotze	off 1.0	off 1.0	off 0.7066177933766637 neg 0.2743396744746789 __DUMMY__ 0.01904253214865731	false	1.0
verwirren	neg 1.0		neg 0.5093370455177467 off 0.4508074155015645 __DUMMY__ 0.03985553898068882	false	1.0
zahnlos	off 1.0		neg 0.5151826327009591 off 0.44485031886027543 __DUMMY__ 0.03996704843876534	false	0.5
verheeren	neg 1.0		neg 0.4977367061545944 off 0.46316670605860183 __DUMMY__ 0.03909658778680374	false	1.0
hippie	neg 1.0		neg 0.5094193820094048 off 0.45073342567427277 __DUMMY__ 0.03984719231632237	false	1.0
rammen	neg 1.0		neg 0.5156627396671571 off 0.44483835828347373 __DUMMY__ 0.03949890204936905	false	1.0
unlauter	neg 1.0		neg 0.5134818417641633 off 0.4467474080593939 __DUMMY__ 0.03977075017644287	false	1.0
unheilvoll	neg 1.0		neg 0.5121850324486459 off 0.44803852307145486 __DUMMY__ 0.03977644447989924	false	1.0
niedrig	neg 1.0		neg 0.5197570471315485 off 0.4402799923364015 __DUMMY__ 0.039962960532050104	false	1.0
explosion	neg 1.0		neg 0.5093723832645259 off 0.4507209963588237 __DUMMY__ 0.03990662037665028	false	1.0
weichei	off 1.0	off 1.0	off 0.7136441257725814 neg 0.2677234102601172 __DUMMY__ 0.018632463967301328	false	1.0
minusmensch	off 1.0		neg 0.5047275552579574 off 0.4564837997101958 __DUMMY__ 0.03878864503184685	false	0.5
farblos	neg 1.0		neg 0.515012155892419 off 0.44516059041404454 __DUMMY__ 0.039827253693536575	false	1.0
unwissend	neg 1.0	neg 1.0	neg 0.7403473775325298 off 0.2408002664904125 __DUMMY__ 0.018852355977057787	false	1.0
traurig	neg 1.0		neg 0.5032448819818999 off 0.45707357431607853 __DUMMY__ 0.039681543702021635	false	1.0
senkung	neg 1.0		neg 0.5118082715092033 off 0.4485088375155548 __DUMMY__ 0.03968289097524197	false	1.0
ungleich	neg 1.0	neg 1.0	neg 0.7457579180887686 off 0.23516539258512578 __DUMMY__ 0.0190766893261057	false	1.0
heikel	neg 1.0		neg 0.5180107282617907 off 0.4418971479853049 __DUMMY__ 0.040092123752904295	false	1.0
drosselung	neg 1.0		neg 0.5075804406785668 off 0.4528319612216667 __DUMMY__ 0.039587598099766655	false	1.0
falsch	neg 1.0		neg 0.5082365614280699 off 0.4519478947242025 __DUMMY__ 0.039815543847727654	false	1.0
unzufriedenheit	neg 1.0		neg 0.5196111097045575 off 0.44023187818055637 __DUMMY__ 0.04015701211488613	false	1.0
kurz	neg 1.0		neg 0.5116414584389682 off 0.4480654714860215 __DUMMY__ 0.0402930700750103	false	1.0
unsinnig	neg 1.0		neg 0.5148193922479521 off 0.44521828572282635 __DUMMY__ 0.03996232202922149	false	1.0
penner	off 1.0	off 1.0	off 0.7146034912396633 neg 0.26678236671196526 __DUMMY__ 0.018614142048371515	false	1.0
seicht	neg 1.0		neg 0.4993953920353477 off 0.4614484785239061 __DUMMY__ 0.03915612944074617	false	1.0
dummheit	off 1.0	off 1.0	off 0.7086584649937222 neg 0.27254229236478794 __DUMMY__ 0.018799242641489876	false	1.0
unerfreulich	neg 1.0		neg 0.5174871549846493 off 0.4422598813068294 __DUMMY__ 0.040252963708521404	false	1.0
motherfucker	off 1.0	off 1.0	off 0.7116875600653205 neg 0.2695289347236237 __DUMMY__ 0.0187835052110558	false	1.0
pikiert	neg 1.0		neg 0.5083805120043197 off 0.45206245235484116 __DUMMY__ 0.03955703564083922	false	1.0
wrack	neg 1.0		neg 0.5168436648557199 off 0.4432334075489103 __DUMMY__ 0.03992292759536981	false	1.0
gangster	neg 1.0		neg 0.5093934676318269 off 0.4507666602143325 __DUMMY__ 0.0398398721538405	false	1.0
krank	neg 1.0		neg 0.5046769685428453 off 0.45549273617295516 __DUMMY__ 0.039830295284199416	false	1.0
reich	neg 1.0		neg 0.507832947490558 off 0.4524433521867285 __DUMMY__ 0.03972370032271361	false	1.0
gnadenlos	neg 1.0		neg 0.5124957215198016 off 0.44765752101838785 __DUMMY__ 0.03984675746181049	false	1.0
niedergeschlagen	neg 1.0		neg 0.5143459149482372 off 0.44562198655123003 __DUMMY__ 0.04003209850053258	false	1.0
terrorisieren	off 1.0	off 1.0	off 0.7056880350336643 neg 0.2752385243149622 __DUMMY__ 0.019073440651373487	false	1.0
sinnlosigkeit	neg 1.0		neg 0.5155731473379827 off 0.4444300258033366 __DUMMY__ 0.039996826858680556	false	1.0
behindern	neg 1.0		neg 0.5139300395168279 off 0.44609070158404607 __DUMMY__ 0.0399792588991261	false	1.0
undemokratisch	neg 1.0		neg 0.5125477647530227 off 0.44756789228190874 __DUMMY__ 0.03988434296506868	false	1.0
wirtschaftskrise	neg 1.0		neg 0.5190448735454226 off 0.44109610612603595 __DUMMY__ 0.0398590203285415	false	1.0
neid	neg 1.0		neg 0.506645823330471 off 0.4533689280076494 __DUMMY__ 0.03998524866187961	false	1.0
rutschen	neg 1.0		neg 0.5182762158597612 off 0.4410943822101307 __DUMMY__ 0.040629401930108104	false	1.0
rezession	neg 1.0		neg 0.5085905722868606 off 0.452274695260805 __DUMMY__ 0.039134732452334633	false	1.0
fehlgeburt	neg 1.0		neg 0.5113240440724897 off 0.4488043634780621 __DUMMY__ 0.03987159244944818	false	1.0
charakterschwach	off 1.0		neg 0.5072257349595479 off 0.4531921109251589 __DUMMY__ 0.03958215411529327	false	0.5
isolation	neg 1.0		neg 0.5086761817167404 off 0.45147373864332657 __DUMMY__ 0.039850079639932895	false	1.0
ablenkung	neg 1.0		neg 0.5111272695219671 off 0.4487534192638745 __DUMMY__ 0.04011931121415846	false	1.0
pech	neg 1.0		neg 0.5082107189851448 off 0.45193302931802426 __DUMMY__ 0.039856251696830956	false	1.0
vermeidung	neg 1.0		neg 0.5069623669454656 off 0.45340858958594393 __DUMMY__ 0.0396290434685904	false	1.0
dominieren	neg 1.0		neg 0.5174143637563082 off 0.4425052988775419 __DUMMY__ 0.0400803373661498	false	1.0
schwindlig	neg 1.0		neg 0.5097028318548248 off 0.4503554673126128 __DUMMY__ 0.039941700832562474	false	1.0
lutscher	neg 1.0	neg 1.0	neg 0.7358142053407606 off 0.24565425091105775 __DUMMY__ 0.01853154374818155	false	1.0
pflicht	neg 1.0		neg 0.5192128750484792 off 0.4406417180927024 __DUMMY__ 0.04014540685881839	false	1.0
faschist	off 1.0		neg 0.5096835401487656 off 0.4505042238841673 __DUMMY__ 0.03981223596706694	false	0.5
verschleudern	neg 1.0		neg 0.5179411227416661 off 0.44194182107205354 __DUMMY__ 0.04011705618628033	false	1.0
wenn			neg 0.5082144135128729 off 0.4519816414314959 __DUMMY__ 0.039803945055631104	false	0.0
ehebruch	neg 1.0		neg 0.5172797168747986 off 0.44271615094302574 __DUMMY__ 0.04000413218217578	false	1.0
spott	off 1.0		neg 0.517539712476677 off 0.4424196245619618 __DUMMY__ 0.04004066296136136	false	0.5
trostlosigkeit	neg 1.0		neg 0.5202056703347795 off 0.4396518282046298 __DUMMY__ 0.04014250146059067	false	1.0
lutschen	neg 1.0		neg 0.5115419776743592 off 0.4488798723986454 __DUMMY__ 0.03957814992699546	false	1.0
undiszipliniert	neg 1.0		neg 0.504630457726502 off 0.45575132461806067 __DUMMY__ 0.03961821765543738	false	1.0
kopfschmerz	neg 1.0		neg 0.5174531798810217 off 0.4427363318579393 __DUMMY__ 0.03981048826103896	false	1.0
unvorhergesehen	neg 1.0		neg 0.5152624482454691 off 0.44434469553416345 __DUMMY__ 0.04039285622036741	false	1.0
desinteressiert	neg 1.0	neg 1.0	neg 0.7392230709636795 off 0.24198916421069122 __DUMMY__ 0.018787764825629372	false	1.0
armselig	off 1.0		neg 0.5052502020179152 off 0.4552797282593474 __DUMMY__ 0.03947006972273751	false	0.5
desaster	neg 1.0		neg 0.5205254099211766 off 0.4392026012075678 __DUMMY__ 0.040271988871255555	false	1.0
tod	neg 1.0		neg 0.5171165302746071 off 0.44288461605591767 __DUMMY__ 0.03999885366947504	false	1.0
herzlos	neg 1.0		neg 0.5044448417550487 off 0.45600041943259856 __DUMMY__ 0.0395547388123528	false	1.0
unwissenheit	neg 1.0		neg 0.5165138543860124 off 0.4435308342604376 __DUMMY__ 0.03995531135355	false	1.0
widersinnig	neg 1.0		neg 0.5173931615372231 off 0.4427513247124981 __DUMMY__ 0.03985551375027869	false	1.0
bedenklich	neg 1.0		neg 0.5169865783258679 off 0.44298371540380277 __DUMMY__ 0.04002970627032943	false	1.0
beanstanden	neg 1.0		neg 0.5188110094767872 off 0.44095986141504806 __DUMMY__ 0.04022912910816464	false	1.0
panisch	neg 1.0	neg 1.0	neg 0.7405563300792704 off 0.24039576826605352 __DUMMY__ 0.019047901654676055	false	1.0
debil	off 1.0		neg 0.523650879003093 off 0.43582875776863966 __DUMMY__ 0.040520363228267346	false	0.5
abstrich	neg 1.0		neg 0.5117538333080055 off 0.44803448683446073 __DUMMY__ 0.04021167985753371	false	1.0
primitiv	neg 1.0		neg 0.5065590123951557 off 0.45385454906330813 __DUMMY__ 0.03958643854153619	false	1.0
abschaum	off 1.0	off 1.0	off 0.7104427838377915 neg 0.2707595728794082 __DUMMY__ 0.0187976432828002	false	1.0
provozieren	neg 1.0		neg 0.5134028233564845 off 0.4468176724477248 __DUMMY__ 0.03977950419579062	false	1.0
tot	neg 1.0		neg 0.5164428642548636 off 0.4435719085432832 __DUMMY__ 0.03998522720185316	false	1.0
instabil	neg 1.0		neg 0.5059330727279134 off 0.4545793912151299 __DUMMY__ 0.03948753605695674	false	1.0
schwuchtel	off 1.0	off 1.0	off 0.7168428734836773 neg 0.26477949673452145 __DUMMY__ 0.018377629781801293	false	1.0
zerren	neg 1.0		neg 0.5150664403745604 off 0.44489231925343864 __DUMMY__ 0.040041240372001026	false	1.0
kinderficker	off 1.0		neg 0.501879904814369 off 0.4586813747557079 __DUMMY__ 0.03943872042992309	false	0.5
gefahr	neg 1.0		neg 0.5189912729402326 off 0.4407637027064861 __DUMMY__ 0.04024502435328116	false	1.0
rabiat	neg 1.0		neg 0.5126902185849112 off 0.4473408480958219 __DUMMY__ 0.03996893331926682	false	1.0
verlangsamung	neg 1.0		neg 0.5038331432341838 off 0.4571315831938705 __DUMMY__ 0.03903527357194572	false	1.0
ausgestorben	neg 1.0		neg 0.5124469719665155 off 0.44751494865229025 __DUMMY__ 0.040038079381194365	false	1.0
anklagen	neg 1.0		neg 0.5174305786752045 off 0.44261314779186095 __DUMMY__ 0.03995627353293465	false	1.0
trott	neg 1.0		neg 0.5134540358432618 off 0.44656656038419434 __DUMMY__ 0.03997940377254395	false	1.0
verminderung	neg 1.0		neg 0.5060458024833413 off 0.4542996354514829 __DUMMY__ 0.039654562065175855	false	1.0
nach			neg 0.5193612633750166 off 0.4399448785570276 __DUMMY__ 0.0406938580679557	false	0.0
rost	neg 1.0		neg 0.5026731480531504 off 0.4580214013870398 __DUMMY__ 0.039305450559809704	false	1.0
destruktiv	neg 1.0		neg 0.5138961806606958 off 0.446206165755763 __DUMMY__ 0.039897653583541214	false	1.0
unzumutbarkeit	neg 1.0		neg 0.5076727127626258 off 0.45263155418652085 __DUMMY__ 0.0396957330508534	false	1.0
labil	off 1.0	off 1.0	off 0.7101040484700792 neg 0.27106615398665457 __DUMMY__ 0.01882979754326634	false	1.0
ziemlich	neg 1.0		neg 0.5052838071400738 off 0.45486791148171946 __DUMMY__ 0.03984828137820664	false	1.0
lachnummer	off 1.0		neg 0.5132594969447773 off 0.44686762109895756 __DUMMY__ 0.03987288195626519	false	0.5
oder			neg 0.5103458770713231 off 0.4495707459457472 __DUMMY__ 0.04008337698292985	false	0.0
verfall	neg 1.0		neg 0.5232439788272383 off 0.436426042308421 __DUMMY__ 0.04032997886434068	false	1.0
ausgrenzung	neg 1.0		neg 0.5121154873739983 off 0.44804052967609886 __DUMMY__ 0.03984398294990301	false	1.0
unordnung	neg 1.0		neg 0.5039731954339007 off 0.45631556897620074 __DUMMY__ 0.039711235589898565	false	1.0
fehlverhalten	neg 1.0		neg 0.519711635294986 off 0.44027374393042007 __DUMMY__ 0.040014620774594056	false	1.0
eine			neg 0.5168417545169282 off 0.4427960887671066 __DUMMY__ 0.040362156715965214	false	0.0
nille	neg 1.0		neg 0.5131920381519898 off 0.44678423104620807 __DUMMY__ 0.04002373080180214	false	1.0
qual	neg 1.0		neg 0.5137408812847624 off 0.4462516910798318 __DUMMY__ 0.04000742763540575	false	1.0
verschwenden	neg 1.0		neg 0.5180081081147871 off 0.44197802527511354 __DUMMY__ 0.0400138666100994	false	1.0
riesig	neg 1.0		neg 0.5166125725454344 off 0.4432912302464923 __DUMMY__ 0.04009619720807341	false	1.0
verurteilen	neg 1.0		neg 0.5174022916272302 off 0.4427123275819097 __DUMMY__ 0.03988538079086028	false	1.0
klischee	neg 1.0	neg 1.0	neg 0.74148801139397 off 0.2396648703013066 __DUMMY__ 0.01884711830472343	false	1.0
diktatorisch	neg 1.0		neg 0.513250129095518 off 0.44695359762359405 __DUMMY__ 0.03979627328088797	false	1.0
vorhersehbar	neg 1.0		neg 0.5106872067228332 off 0.4495999641639838 __DUMMY__ 0.03971282911318317	false	1.0
sowie			neg 0.5043573505240152 off 0.4563554467565113 __DUMMY__ 0.03928720271947345	false	0.0
stornieren	neg 1.0		neg 0.5064523291726115 off 0.4532336942941391 __DUMMY__ 0.040313976533249356	false	1.0
besteuerung	neg 1.0		neg 0.5158252785551146 off 0.44457627315247095 __DUMMY__ 0.03959844829241428	false	1.0
ungeschminkt	neg 1.0		neg 0.510137266526341 off 0.4505757841739912 __DUMMY__ 0.03928694929966782	false	1.0
kritisch	neg 1.0		neg 0.5168337469564143 off 0.44308217556480267 __DUMMY__ 0.04008407747878306	false	1.0
schlamperei	off 1.0		neg 0.5179277488141911 off 0.4418991230954736 __DUMMY__ 0.04017312809033514	false	0.5
sucht	neg 1.0	neg 1.0	neg 0.7411416955251167 off 0.23971633603526926 __DUMMY__ 0.01914196843961409	false	1.0
egoistisch	off 1.0		neg 0.5025263636320277 off 0.45813633782936963 __DUMMY__ 0.03933729853860275	false	0.5
ausbeuter	off 1.0		neg 0.5202057108412169 off 0.4398294250773238 __DUMMY__ 0.03996486408145923	false	0.5
arschgeburt	off 1.0		neg 0.4988239207574735 off 0.46250561708984955 __DUMMY__ 0.03867046215267685	false	0.5
schubs	neg 1.0		neg 0.5144732608516813 off 0.44545924709659956 __DUMMY__ 0.04006749205171928	false	1.0
unsolide	neg 1.0		neg 0.5130237836378773 off 0.44726118900378764 __DUMMY__ 0.03971502735833517	false	1.0
beschwerde	neg 1.0		neg 0.518580117658086 off 0.4414204211633118 __DUMMY__ 0.03999946117860228	false	1.0
stocken	neg 1.0		neg 0.5184526915519219 off 0.44146823575218475 __DUMMY__ 0.04007907269589335	false	1.0
isolieren	neg 1.0		neg 0.5160823837576768 off 0.44383365795951457 __DUMMY__ 0.04008395828280864	false	1.0
unheilbar	neg 1.0		neg 0.5123151495282677 off 0.44770370814886506 __DUMMY__ 0.03998114232286713	false	1.0
pisser	off 1.0		neg 0.5076448449668267 off 0.4530327494029936 __DUMMY__ 0.03932240563017964	false	0.5
löschen	neg 1.0		neg 0.5133776149770797 off 0.4466750102755094 __DUMMY__ 0.03994737474741091	false	1.0
durchfallen	neg 1.0		neg 0.5168321262591941 off 0.44318441478252785 __DUMMY__ 0.039983458958278144	false	1.0
wichser	off 1.0	off 1.0	off 0.7161450698235043 neg 0.2653299408245024 __DUMMY__ 0.018524989351993173	false	1.0
terror	neg 1.0		neg 0.5093800556310448 off 0.4507418330751606 __DUMMY__ 0.039878111293794545	false	1.0
krass	neg 1.0		neg 0.5046824261153208 off 0.4558862037170974 __DUMMY__ 0.039431370167581685	false	1.0
revolte	neg 1.0		neg 0.512385460483866 off 0.44785533219487567 __DUMMY__ 0.03975920732125831	false	1.0
besorgt	neg 1.0		neg 0.5121523468421326 off 0.4475519340580049 __DUMMY__ 0.040295719099862404	false	1.0
nachlassen	neg 1.0		neg 0.5162516579963401 off 0.44347261724273873 __DUMMY__ 0.040275724760921186	false	1.0
alt	neg 1.0		neg 0.5167120894000872 off 0.4433485233080845 __DUMMY__ 0.03993938729182828	false	1.0
hundesohn	off 1.0		neg 0.5003532580740283 off 0.4606257790889379 __DUMMY__ 0.03902096283703396	false	0.5
als			neg 0.5140346212960536 off 0.4458247101655138 __DUMMY__ 0.040140668538432574	false	0.0
abschreckung	neg 1.0		neg 0.5198480841959257 off 0.4399845216968794 __DUMMY__ 0.040167394107194956	false	1.0
unqualifiziert	neg 1.0		neg 0.5096751719879686 off 0.4506334196857824 __DUMMY__ 0.03969140832624887	false	1.0
abgewichst	off 1.0		neg 0.5133780596969004 off 0.4465318256652502 __DUMMY__ 0.04009011463784928	false	0.5
schwer	neg 1.0		neg 0.5135948682816724 off 0.4464367893167772 __DUMMY__ 0.039968342401550436	false	1.0
bedeutungslosigkeit	neg 1.0		neg 0.518730083229055 off 0.4411413519501494 __DUMMY__ 0.04012856482079561	false	1.0
kapitulation	neg 1.0		neg 0.5174925832111886 off 0.44243185779881367 __DUMMY__ 0.040075558989997845	false	1.0
unscharf	neg 1.0		neg 0.5122022947791833 off 0.4481446367550079 __DUMMY__ 0.039653068465808905	false	1.0
schwinden	neg 1.0		neg 0.5195025396527644 off 0.44039704401200286 __DUMMY__ 0.040100416335232654	false	1.0
versklavung	neg 1.0		neg 0.5134057130333514 off 0.4467531740369508 __DUMMY__ 0.03984111292969782	false	1.0
schlecht	neg 1.0		neg 0.5050227346637327 off 0.45512303605406096 __DUMMY__ 0.03985422928220616	false	1.0
verhasst	neg 1.0		neg 0.5136862570571076 off 0.4466389821998898 __DUMMY__ 0.039674760743002725	false	1.0
beschweren	neg 1.0		neg 0.5101539170333458 off 0.44990908315540995 __DUMMY__ 0.039936999811244295	false	1.0
scheiden	neg 1.0		neg 0.5114234604099591 off 0.448463678830858 __DUMMY__ 0.04011286075918279	false	1.0
frustriert	neg 1.0		neg 0.5148747593896361 off 0.4451558619143826 __DUMMY__ 0.03996937869598131	false	1.0
schimmelig	neg 1.0		neg 0.5189743112859813 off 0.44127269819501197 __DUMMY__ 0.039752990519006645	false	1.0
fisch	neg 1.0		neg 0.5209972262581541 off 0.43904804409741666 __DUMMY__ 0.039954729644429254	false	1.0
schmuggel	neg 1.0		neg 0.519798599764388 off 0.44022178716572397 __DUMMY__ 0.03997961306988807	false	1.0
auffallen	neg 1.0		neg 0.5095175508509813 off 0.4505965201672627 __DUMMY__ 0.03988592898175604	false	1.0
konkurrenz	neg 1.0		neg 0.5188849213453925 off 0.440814171025742 __DUMMY__ 0.04030090762886537	false	1.0
teufelskreis	neg 1.0	neg 1.0	neg 0.7442491212398511 off 0.23684629438283278 __DUMMY__ 0.01890458437731611	false	1.0
aufschreien	neg 1.0		neg 0.510599452259655 off 0.44963056657708944 __DUMMY__ 0.039769981163255474	false	1.0
schuldner	neg 1.0		neg 0.5211416203617277 off 0.4388858281067774 __DUMMY__ 0.03997255153149478	false	1.0
missgeburt	off 1.0	off 1.0	off 0.7126181893220043 neg 0.26889363876397887 __DUMMY__ 0.018488171914016756	false	1.0
arbeitslos	neg 1.0		neg 0.5166131254501033 off 0.4434236874993231 __DUMMY__ 0.039963187050573584	false	1.0
befallen	neg 1.0		neg 0.5178353088108478 off 0.44242858981147426 __DUMMY__ 0.039736101377677954	false	1.0
miesepetrig	off 1.0	off 1.0	off 0.7115047834005223 neg 0.269607816012599 __DUMMY__ 0.018887400586878735	false	1.0
alarmieren	neg 1.0		neg 0.5114944525666159 off 0.4490006116233982 __DUMMY__ 0.0395049358099858	false	1.0
ungeduscht	off 1.0		neg 0.5107115690410643 off 0.4497447365328039 __DUMMY__ 0.03954369442613182	false	0.5
knappheit	neg 1.0		neg 0.5182209786286609 off 0.44189749900549463 __DUMMY__ 0.039881522365844566	false	1.0
schlange	neg 1.0		neg 0.5089544406166137 off 0.450917384628287 __DUMMY__ 0.040128174755099215	false	1.0
harsch	neg 1.0		neg 0.5021441508144427 off 0.45828263791665924 __DUMMY__ 0.03957321126889789	false	1.0
lang	neg 1.0		neg 0.5120373148354956 off 0.4480085880437299 __DUMMY__ 0.03995409712077439	false	1.0
ziellos	neg 1.0		neg 0.5149922108115017 off 0.4447828981780856 __DUMMY__ 0.040224891010412815	false	1.0
selbstverliebt	neg 1.0		neg 0.49877982670416515 off 0.4622536287407876 __DUMMY__ 0.038966544555047083	false	1.0
beseitigen	neg 1.0		neg 0.5144436141173755 off 0.4455187759092879 __DUMMY__ 0.040037609973336594	false	1.0
dumm	off 1.0		neg 0.5010299176976797 off 0.45958736139248074 __DUMMY__ 0.03938272090983961	false	0.5
arbeitsloser	neg 1.0		neg 0.5144729108435907 off 0.44534626895242607 __DUMMY__ 0.040180820203983295	false	1.0
blitzen	neg 1.0		neg 0.5092967150670902 off 0.45083403773880887 __DUMMY__ 0.03986924719410083	false	1.0
hilflos	neg 1.0		neg 0.5159506768092385 off 0.44411840346021514 __DUMMY__ 0.03993091973054645	false	1.0
eklig	off 1.0		neg 0.5028615049745211 off 0.4580180362995364 __DUMMY__ 0.03912045872594248	false	0.5
begriff			neg 0.5134153162122396 off 0.4465746878932721 __DUMMY__ 0.040009995894488275	false	0.0
hungersnot	neg 1.0		neg 0.5172620974983219 off 0.4428099019160976 __DUMMY__ 0.039928000585580735	false	1.0
ungesetzlich	neg 1.0		neg 0.5141345189948368 off 0.44611803150165635 __DUMMY__ 0.03974744950350684	false	1.0
verschwendung	neg 1.0		neg 0.5179411270084743 off 0.4419619499967837 __DUMMY__ 0.04009692299474198	false	1.0
schmerzvoll	neg 1.0		neg 0.5113556172918866 off 0.44877717758742436 __DUMMY__ 0.039867205120689204	false	1.0
vorzeitig	neg 1.0		neg 0.5114079608837674 off 0.4488680708267644 __DUMMY__ 0.03972396828946827	false	1.0
unvollkommenheit	neg 1.0		neg 0.5139353504939662 off 0.4457858872381034 __DUMMY__ 0.04027876226793043	false	1.0
intervenieren	neg 1.0		neg 0.5188750307497584 off 0.44108860503856806 __DUMMY__ 0.04003636421167356	false	1.0
banause	off 1.0		neg 0.5018012633718488 off 0.4593308013967143 __DUMMY__ 0.03886793523143711	false	0.5
rebell	neg 1.0		neg 0.5226552041211526 off 0.43719475129411356 __DUMMY__ 0.04015004458473391	false	1.0
unlogisch	neg 1.0		neg 0.5051004082869924 off 0.45538933062526177 __DUMMY__ 0.0395102610877456	false	1.0
leiden	neg 1.0		neg 0.5165377930772429 off 0.44310563830213856 __DUMMY__ 0.04035656862061848	false	1.0
abschaffung	neg 1.0		neg 0.5130167586695541 off 0.44706176658836144 __DUMMY__ 0.03992147474208444	false	1.0
sturz	neg 1.0		neg 0.5141609620072936 off 0.44597179715430374 __DUMMY__ 0.039867240838402464	false	1.0
verkleinerung	neg 1.0		neg 0.5120837862597922 off 0.44828760188322614 __DUMMY__ 0.039628611856981626	false	1.0
schmarotzer	off 1.0		neg 0.515950099297342 off 0.4441356055716514 __DUMMY__ 0.039914295131006715	false	0.5
bestrafung	neg 1.0		neg 0.5126429988974345 off 0.44750366054433455 __DUMMY__ 0.03985334055823087	false	1.0
achtlos	neg 1.0	neg 1.0	neg 0.7432447737228259 off 0.23773254620003267 __DUMMY__ 0.019022680077141328	false	1.0
ungeheuer	neg 1.0		neg 0.5106456275473032 off 0.4495150127743777 __DUMMY__ 0.03983935967831902	false	1.0
unaufrichtig	neg 1.0		neg 0.5073822252175179 off 0.45255000876520074 __DUMMY__ 0.0400677660172814	false	1.0
groggy	neg 1.0		neg 0.510130529501301 off 0.45005238633114103 __DUMMY__ 0.039817084167557845	false	1.0
