unsolidarisch	neg 1.0		neg 0.532908036741363 off 0.46030662385129983 __DUMMY__ 0.00678533940733706	false	1.0
nachteilig	neg 1.0		neg 0.5351987726749702 off 0.45795177827532313 __DUMMY__ 0.006849449049706725	false	1.0
skeptisch	neg 1.0		neg 0.5359104934007067 off 0.4572376015876637 __DUMMY__ 0.006851905011629484	false	1.0
schrecklich	neg 1.0		neg 0.5204364996609163 off 0.4728076712214463 __DUMMY__ 0.006755829117637447	false	1.0
schlapp	neg 1.0		neg 0.5243612995351196 off 0.46885189706245173 __DUMMY__ 0.0067868034024286235	false	1.0
abfall	neg 1.0		neg 0.5388070379122842 off 0.4543030421462199 __DUMMY__ 0.006889919941495811	false	1.0
widerspenstig	neg 1.0		neg 0.5303796091049457 off 0.46280436728353974 __DUMMY__ 0.006816023611514492	false	1.0
abrupt	neg 1.0		neg 0.5348241685807057 off 0.45832386407397363 __DUMMY__ 0.006851967345320596	false	1.0
unwirksam	neg 1.0		neg 0.5333630853581057 off 0.4598624150196298 __DUMMY__ 0.006774499622264254	false	1.0
angreifen	neg 1.0		neg 0.5374102316832099 off 0.45575998387893624 __DUMMY__ 0.006829784437853785	false	1.0
inkonsistent	neg 1.0		neg 0.5323201254553155 off 0.46091429867564393 __DUMMY__ 0.006765575869040627	false	1.0
abrutschen	neg 1.0		neg 0.5391931211097234 off 0.4539357607351816 __DUMMY__ 0.006871118155095067	false	1.0
unsicher	neg 1.0		neg 0.528962741022831 off 0.46418774852246775 __DUMMY__ 0.0068495104547013404	false	1.0
bauernkind	off 1.0	off 1.0	off 0.7176763880197342 neg 0.2791863970214183 __DUMMY__ 0.0031372149588474478	false	1.0
angreifer	neg 1.0	neg 1.0	neg 0.7507973640855438 off 0.24597487038709512 __DUMMY__ 0.003227765527361243	false	1.0
trennen	neg 1.0		neg 0.5349279205072787 off 0.45819452799453747 __DUMMY__ 0.006877551498183842	false	1.0
schmutz	neg 1.0		neg 0.5284458432284463 off 0.46473364636200715 __DUMMY__ 0.0068205104095464585	false	1.0
inkonsistenz	neg 1.0		neg 0.5277461879461239 off 0.4655219957777089 __DUMMY__ 0.006731816276167023	false	1.0
erschreckend	neg 1.0		neg 0.5321048815730577 off 0.4610818002847442 __DUMMY__ 0.006813318142198218	false	1.0
ertrinken	neg 1.0		neg 0.5374715873634226 off 0.45570964019298865 __DUMMY__ 0.006818772443588698	false	1.0
pickelface	off 1.0		neg 0.5321187500900072 off 0.46106186375993674 __DUMMY__ 0.0068193861500559965	false	0.5
seiner			neg 0.5356344383952943 off 0.4575159447011682 __DUMMY__ 0.0068496169035376295	false	0.0
lauch	neg 1.0		neg 0.5387071175922876 off 0.4544243521151708 __DUMMY__ 0.006868530292541615	false	1.0
unwichtig	neg 1.0		neg 0.5258311033783064 off 0.4673945053759802 __DUMMY__ 0.006774391245713444	false	1.0
steuerhinterziehung	neg 1.0	neg 1.0	neg 0.7536934016297144 off 0.24307300331188628 __DUMMY__ 0.0032335950583992526	false	1.0
schock	neg 1.0		neg 0.5321558217394896 off 0.4610263563769055 __DUMMY__ 0.006817821883604934	false	1.0
beule	neg 1.0		neg 0.5254064790559212 off 0.46784743274151375 __DUMMY__ 0.006746088202565186	false	1.0
vergelten	neg 1.0		neg 0.5204080311299913 off 0.47280155426492615 __DUMMY__ 0.00679041460508249	false	1.0
verdorbenheit	neg 1.0		neg 0.5285123995062214 off 0.46464725067911533 __DUMMY__ 0.006840349814663193	false	1.0
trauma	neg 1.0		neg 0.5300261529656078 off 0.46316676943507123 __DUMMY__ 0.006807077599320903	false	1.0
sinnlos	neg 1.0		neg 0.5278985313527904 off 0.4652921767662489 __DUMMY__ 0.006809291880960839	false	1.0
fettsack	off 1.0	off 1.0	off 0.7191564604659695 neg 0.27769413184281705 __DUMMY__ 0.00314940769121346	false	1.0
feige	off 1.0	off 1.0	off 0.7171184419335566 neg 0.2796884532290683 __DUMMY__ 0.003193104837375127	false	1.0
abdanken	neg 1.0		neg 0.5324308914615374 off 0.4607598707466527 __DUMMY__ 0.006809237791809776	false	1.0
wichtigtuer	off 1.0	off 1.0	off 0.7164522952053082 neg 0.28033223303558513 __DUMMY__ 0.0032154717591067303	false	1.0
misslingen	neg 1.0		neg 0.5261946193247318 off 0.4669212367702296 __DUMMY__ 0.006884143905038666	false	1.0
untreu	off 1.0		neg 0.525046828771941 off 0.46817796321917377 __DUMMY__ 0.006775208008885283	false	0.5
missmutig	neg 1.0		neg 0.5257975063191395 off 0.4674207803655762 __DUMMY__ 0.006781713315284335	false	1.0
hurenbock	off 1.0		neg 0.5296498493503343 off 0.4635600132221463 __DUMMY__ 0.006790137427519333	false	0.5
betrunken	neg 1.0		neg 0.5228474313465633 off 0.47038178298883926 __DUMMY__ 0.00677078566459745	false	1.0
korrupt	off 1.0		neg 0.5357946453409873 off 0.45741259346547253 __DUMMY__ 0.006792761193540289	false	0.5
unmut	neg 1.0		neg 0.538689990390789 off 0.4544317937824122 __DUMMY__ 0.006878215826798912	false	1.0
hackfresse	off 1.0		neg 0.518118054486265 off 0.47517726403787997 __DUMMY__ 0.006704681475855185	false	0.5
aufblasen	neg 1.0		neg 0.5279598976607907 off 0.4652225979655243 __DUMMY__ 0.006817504373684993	false	1.0
gewaltsam	neg 1.0		neg 0.5341224817686455 off 0.4590758759348452 __DUMMY__ 0.006801642296509287	false	1.0
unbeliebtheit	neg 1.0		neg 0.5291286800279499 off 0.464128127632669 __DUMMY__ 0.006743192339381151	false	1.0
sturheit	neg 1.0		neg 0.5335186347588555 off 0.4596755646127051 __DUMMY__ 0.006805800628439357	false	1.0
kuh	neg 1.0		neg 0.5321695649367624 off 0.46110413194761535 __DUMMY__ 0.006726303115622366	false	1.0
erschrecken	neg 1.0		neg 0.5251323365905284 off 0.46806673454140457 __DUMMY__ 0.006800928868066971	false	1.0
opfer	neg 1.0		neg 0.5347610717706662 off 0.45840084798711966 __DUMMY__ 0.006838080242214056	false	1.0
sinken	neg 1.0		neg 0.5381423055922303 off 0.45498534664626394 __DUMMY__ 0.006872347761505682	false	1.0
stinktier	neg 1.0		neg 0.5259081793215913 off 0.4674478879109063 __DUMMY__ 0.006643932767502354	false	1.0
tucke	off 1.0		neg 0.519664110945243 off 0.47368546874060924 __DUMMY__ 0.00665042031414775	false	0.5
ein			neg 0.5295927534981391 off 0.4635987271587642 __DUMMY__ 0.0068085193430967835	false	0.0
abstieg	neg 1.0		neg 0.5367226142453143 off 0.45644495236050336 __DUMMY__ 0.006832433394182292	false	1.0
missverstehen	neg 1.0		neg 0.5282704511631318 off 0.4649487549560112 __DUMMY__ 0.006780793880857148	false	1.0
ergebnislos	neg 1.0		neg 0.5364486316530995 off 0.4567061517277025 __DUMMY__ 0.006845216619198038	false	1.0
unter			neg 0.5416659216344246 off 0.4513879888777885 __DUMMY__ 0.006946089487787068	false	0.0
manipulieren	neg 1.0		neg 0.5360438414121214 off 0.4570956668280838 __DUMMY__ 0.006860491759794798	false	1.0
unbewiesen	neg 1.0		neg 0.5337694795010962 off 0.4594590751810714 __DUMMY__ 0.0067714453178323855	false	1.0
verschleppen	neg 1.0		neg 0.5361062390099294 off 0.45708485766933293 __DUMMY__ 0.006808903320737544	false	1.0
weib	off 1.0		neg 0.5219801221157898 off 0.4713967074306072 __DUMMY__ 0.006623170453602954	false	0.5
opposition	neg 1.0		neg 0.5307810734159907 off 0.4624422732152272 __DUMMY__ 0.0067766533687819925	false	1.0
verkehrswidrig	neg 1.0		neg 0.5191598033077772 off 0.47405620820129907 __DUMMY__ 0.006783988490923697	false	1.0
inkorrekt	neg 1.0		neg 0.5231957170189363 off 0.47007632604070443 __DUMMY__ 0.006727956940359184	false	1.0
vermeiden	neg 1.0	neg 1.0	neg 0.75543082854499 off 0.24127665449802835 __DUMMY__ 0.003292516956981683	false	1.0
abweichung	neg 1.0	neg 1.0	neg 0.7523191264434974 off 0.24441254705331103 __DUMMY__ 0.0032683265031915377	false	1.0
alkoholisiert	neg 1.0		neg 0.5350281034155859 off 0.45811776410651467 __DUMMY__ 0.0068541324778993665	false	1.0
scheiss	off 1.0	off 1.0	off 0.7178513306751727 neg 0.2789513886412171 __DUMMY__ 0.0031972806836101427	false	1.0
herausforderung	neg 1.0		neg 0.5344931345143228 off 0.4586311855847394 __DUMMY__ 0.006875679900937901	false	1.0
pervers	off 1.0		neg 0.516069435425773 off 0.4772753978237349 __DUMMY__ 0.006655166750492125	false	0.5
wackelig	neg 1.0		neg 0.5296756124520018 off 0.46344046311444875 __DUMMY__ 0.0068839244335495665	false	1.0
verwickeln	neg 1.0		neg 0.528665653346553 off 0.4645464416379315 __DUMMY__ 0.0067879050155153576	false	1.0
vorwand	neg 1.0		neg 0.5370332439204866 off 0.4561203059882265 __DUMMY__ 0.006846450091287003	false	1.0
muschi	off 1.0		neg 0.5318674910092107 off 0.4613122913060547 __DUMMY__ 0.006820217684734588	false	0.5
entmutigung	neg 1.0		neg 0.530434690155115 off 0.46277015099825675 __DUMMY__ 0.00679515884662829	false	1.0
unangemessen	neg 1.0		neg 0.5337410154722462 off 0.45945325215351207 __DUMMY__ 0.0068057323742417635	false	1.0
unstetig	neg 1.0		neg 0.5280638380042463 off 0.4651412809156431 __DUMMY__ 0.006794881080110705	false	1.0
entmutigen	neg 1.0		neg 0.5294728119782831 off 0.4637129625797893 __DUMMY__ 0.006814225441927589	false	1.0
schwanz	neg 1.0		neg 0.534921057401694 off 0.45824928016803745 __DUMMY__ 0.006829662430268431	false	1.0
verbot	neg 1.0		neg 0.5348286676742752 off 0.45835035516824457 __DUMMY__ 0.0068209771574803384	false	1.0
leid	neg 1.0		neg 0.5200688215208837 off 0.47321077170010106 __DUMMY__ 0.006720406779015225	false	1.0
archaisch	neg 1.0		neg 0.5331980888293841 off 0.4599916075030236 __DUMMY__ 0.006810303667592368	false	1.0
gegen			neg 0.5384594952284764 off 0.45467352962292096 __DUMMY__ 0.006866975148602555	false	0.0
scheidung	neg 1.0		neg 0.508567087713106 off 0.484749268175418 __DUMMY__ 0.006683644111476069	false	1.0
einschlag	neg 1.0		neg 0.5223682526162527 off 0.4708759336985385 __DUMMY__ 0.006755813685208809	false	1.0
m			neg 0.5323180154240273 off 0.4608326631336563 __DUMMY__ 0.006849321442316464	false	0.0
abgestanden	neg 1.0		neg 0.531810503613101 off 0.4614109871226592 __DUMMY__ 0.006778509264239684	false	1.0
schmierig	off 1.0		neg 0.5201859827396388 off 0.47307593376761126 __DUMMY__ 0.006738083492749795	false	0.5
unpraktisch	neg 1.0		neg 0.5285489335676875 off 0.46463871037828325 __DUMMY__ 0.00681235605402936	false	1.0
wixxer	off 1.0		neg 0.5174596851771862 off 0.47591346061571926 __DUMMY__ 0.006626854207094574	false	0.5
bezeichnet			neg 0.5325840235272483 off 0.460632272681935 __DUMMY__ 0.006783703790816833	false	0.0
jammerlappen	off 1.0		neg 0.5244597408270919 off 0.46874246196402936 __DUMMY__ 0.006797797208878829	false	0.5
farce	neg 1.0		neg 0.5345782726362424 off 0.45862203329580425 __DUMMY__ 0.006799694067953344	false	1.0
zwecklos	neg 1.0		neg 0.5339628512046722 off 0.459225654974278 __DUMMY__ 0.006811493821049841	false	1.0
turbulent	neg 1.0		neg 0.5261101835268258 off 0.4671579479426745 __DUMMY__ 0.006731868530499591	false	1.0
invasion	neg 1.0		neg 0.5287938585290889 off 0.46440696099997053 __DUMMY__ 0.006799180470940485	false	1.0
schuld	neg 1.0		neg 0.5303563229682481 off 0.46284868745585195 __DUMMY__ 0.00679498957590012	false	1.0
risiko	neg 1.0	neg 1.0	neg 0.7502407195195784 off 0.24651343617612748 __DUMMY__ 0.0032458443042941614	false	1.0
finster	neg 1.0		neg 0.5307924635804645 off 0.46242984440655577 __DUMMY__ 0.006777692012979748	false	1.0
geisteskrank	off 1.0		neg 0.5255873990654426 off 0.4676802123491342 __DUMMY__ 0.00673238858542318	false	0.5
zusammenbrechen	neg 1.0		neg 0.532334433134562 off 0.4608295559663135 __DUMMY__ 0.006836010899124617	false	1.0
ausbeute	neg 1.0		neg 0.5286974717945985 off 0.4643648528014876 __DUMMY__ 0.006937675403913937	false	1.0
hinterhalt	neg 1.0		neg 0.5322158386829154 off 0.46094431746306336 __DUMMY__ 0.006839843854021171	false	1.0
kritik	neg 1.0		neg 0.5350103794877049 off 0.45819225825574394 __DUMMY__ 0.006797362256551064	false	1.0
einschrumpfen	neg 1.0		neg 0.5286410581143346 off 0.4646067735466185 __DUMMY__ 0.006752168339046882	false	1.0
riskant	neg 1.0		neg 0.5365582170070553 off 0.4566144556433967 __DUMMY__ 0.006827327349547903	false	1.0
frustrieren	neg 1.0		neg 0.5348450926387996 off 0.4583214080559871 __DUMMY__ 0.006833499305213192	false	1.0
groll	neg 1.0		neg 0.5345887458755886 off 0.4585987486503055 __DUMMY__ 0.006812505474106087	false	1.0
gibt			neg 0.5316820491505329 off 0.4614725885649475 __DUMMY__ 0.006845362284519518	false	0.0
qualvoll	neg 1.0		neg 0.5280186052661495 off 0.4651963710452837 __DUMMY__ 0.006785023688566653	false	1.0
wackeln	neg 1.0		neg 0.5284889368414312 off 0.4646767689831475 __DUMMY__ 0.006834294175421292	false	1.0
klagen	neg 1.0		neg 0.5383806380673897 off 0.4547549741591758 __DUMMY__ 0.0068643877734344575	false	1.0
bankrott	neg 1.0		neg 0.525249528013891 off 0.46794991248314427 __DUMMY__ 0.006800559502964689	false	1.0
trauern	neg 1.0		neg 0.5350247721464798 off 0.45812920484617997 __DUMMY__ 0.006846023007340295	false	1.0
ablehnung	neg 1.0		neg 0.5348993419419553 off 0.45829488620917125 __DUMMY__ 0.006805771848873404	false	1.0
stur	neg 1.0		neg 0.5298761161933212 off 0.4633257811853789 __DUMMY__ 0.006798102621299848	false	1.0
aufruhr	neg 1.0	neg 1.0	neg 0.7524959381730464 off 0.24426886614839477 __DUMMY__ 0.003235195678558867	false	1.0
melancholie	neg 1.0		neg 0.5343967310506574 off 0.458772387492828 __DUMMY__ 0.006830881456514577	false	1.0
ist			neg 0.5281080020872326 off 0.4650804689593527 __DUMMY__ 0.006811528953414698	false	0.0
torheit	neg 1.0		neg 0.5303944205464746 off 0.46279003251809353 __DUMMY__ 0.006815546935431925	false	1.0
dreckskind	off 1.0		neg 0.522069780290191 off 0.471266096205968 __DUMMY__ 0.00666412350384111	false	0.5
umtauschen	neg 1.0		neg 0.530660446852073 off 0.46251659686414076 __DUMMY__ 0.006822956283786222	false	1.0
zum			neg 0.536580985125016 off 0.4564683368794732 __DUMMY__ 0.006950677995510752	false	0.0
zersetzen	neg 1.0		neg 0.5377730944426141 off 0.4554001962734382 __DUMMY__ 0.006826709283947666	false	1.0
zur			neg 0.5396973689656791 off 0.45338659612965837 __DUMMY__ 0.006916034904662495	false	0.0
frust	neg 1.0		neg 0.532052518885489 off 0.4611057752358183 __DUMMY__ 0.006841705878692665	false	1.0
unerbittlichkeit	neg 1.0		neg 0.5372971760040272 off 0.4558665849903311 __DUMMY__ 0.006836239005641828	false	1.0
zwei			neg 0.536419329902083 off 0.4566543612582029 __DUMMY__ 0.0069263088397141185	false	0.0
unkorrekt	neg 1.0		neg 0.5216111305362745 off 0.4716262329583861 __DUMMY__ 0.006762636505339415	false	1.0
hexe	off 1.0		neg 0.5296239548612184 off 0.4636736795756221 __DUMMY__ 0.006702365563159515	false	0.5
lasch	neg 1.0		neg 0.527795211543789 off 0.46543902060115705 __DUMMY__ 0.0067657678550539346	false	1.0
rivale	neg 1.0		neg 0.5239644676142415 off 0.4692888419449847 __DUMMY__ 0.006746690440773763	false	1.0
mutlos	off 1.0	off 1.0	off 0.7120568742400539 neg 0.28470768487247883 __DUMMY__ 0.003235440887467311	false	1.0
wirr	off 1.0		neg 0.5232590564569933 off 0.4700256706821149 __DUMMY__ 0.00671527286089175	false	0.5
jahr			neg 0.5310839657458568 off 0.46196260957275903 __DUMMY__ 0.006953424681384131	false	0.0
wird			neg 0.5334469184420085 off 0.45971015392124204 __DUMMY__ 0.0068429276367492865	false	0.0
strafbar	neg 1.0		neg 0.5348108674064908 off 0.4583443609287087 __DUMMY__ 0.0068447716648004945	false	1.0
erosion	neg 1.0		neg 0.5293438525311711 off 0.46381606814539317 __DUMMY__ 0.006840079323435717	false	1.0
eingehen	neg 1.0		neg 0.5353135282447027 off 0.4578552065578803 __DUMMY__ 0.00683126519741694	false	1.0
faul	off 1.0		neg 0.5255515383686254 off 0.4676539777048695 __DUMMY__ 0.006794483926505245	false	0.5
provisorium	neg 1.0		neg 0.5389723243919375 off 0.4540518744526069 __DUMMY__ 0.006975801155455552	false	1.0
schmerzen	neg 1.0		neg 0.5328353990206893 off 0.46036184696343524 __DUMMY__ 0.006802754015875475	false	1.0
schrumpfen	neg 1.0		neg 0.5418078999734106 off 0.45132152575879436 __DUMMY__ 0.006870574267795032	false	1.0
geistlos	off 1.0		neg 0.5307242651122056 off 0.462528319816133 __DUMMY__ 0.006747415071661485	false	0.5
fehlkauf	neg 1.0		neg 0.5294010694690992 off 0.4638038440901634 __DUMMY__ 0.006795086440737377	false	1.0
frustrierend	neg 1.0		neg 0.5260299275681544 off 0.4671744654463456 __DUMMY__ 0.006795606985499931	false	1.0
unzufrieden	neg 1.0		neg 0.5337987059764908 off 0.4593796593612311 __DUMMY__ 0.0068216346622780345	false	1.0
verzweifeln	neg 1.0		neg 0.5316137660993651 off 0.4615601973680449 __DUMMY__ 0.006826036532590069	false	1.0
verzweifelt	neg 1.0	neg 1.0	neg 0.7516617677005083 off 0.2451232813287538 __DUMMY__ 0.003214950970737918	false	1.0
misstrauensantrag	neg 1.0		neg 0.5289212439895438 off 0.4642862485963569 __DUMMY__ 0.006792507414099287	false	1.0
abfallen	neg 1.0		neg 0.5283457790989963 off 0.46482072857477214 __DUMMY__ 0.00683349232623168	false	1.0
fucker	off 1.0		neg 0.5225925899762209 off 0.4706475597671731 __DUMMY__ 0.00675985025660595	false	0.5
ungezogen	neg 1.0		neg 0.5160950526034486 off 0.4772284596696644 __DUMMY__ 0.006676487726887185	false	1.0
irrsinnig	neg 1.0	neg 1.0	neg 0.7513555164709734 off 0.2454237987621704 __DUMMY__ 0.0032206847668562215	false	1.0
unfassbar	neg 1.0		neg 0.523345634535952 off 0.4698675908776076 __DUMMY__ 0.006786774586440547	false	1.0
hart	neg 1.0		neg 0.5270040358907234 off 0.4662577620484093 __DUMMY__ 0.006738202060867448	false	1.0
widerlich	off 1.0		neg 0.5244980037556467 off 0.4687513533899623 __DUMMY__ 0.0067506428543909446	false	0.5
fatal	neg 1.0		neg 0.5286559962484189 off 0.46454914267154146 __DUMMY__ 0.006794861080039638	false	1.0
bruch	neg 1.0		neg 0.5377624262078388 off 0.45537098987750796 __DUMMY__ 0.006866583914653291	false	1.0
aushungern	neg 1.0		neg 0.5331927454304861 off 0.4599792465613493 __DUMMY__ 0.006828008008164562	false	1.0
anspannung	neg 1.0		neg 0.5391313733981028 off 0.4539595314010599 __DUMMY__ 0.006909095200837265	false	1.0
von			neg 0.5300760858826945 off 0.46295285738328334 __DUMMY__ 0.0069710567340222915	false	0.0
kraftlos	neg 1.0		neg 0.5327559239194298 off 0.4604022912774541 __DUMMY__ 0.006841784803116052	false	1.0
vom			neg 0.5381545859152554 off 0.4548667922041163 __DUMMY__ 0.006978621880628419	false	0.0
grenzdebil	off 1.0		neg 0.5230647683019175 off 0.470152347127057 __DUMMY__ 0.006782884571025642	false	0.5
vor			neg 0.5355910003441843 off 0.45752149922567276 __DUMMY__ 0.006887500430142961	false	0.0
unterwerfen	neg 1.0		neg 0.5351981763387982 off 0.4579702452345585 __DUMMY__ 0.006831578426643373	false	1.0
versenkung	neg 1.0		neg 0.5330085200858077 off 0.46012446422070274 __DUMMY__ 0.0068670156934895685	false	1.0
entziehen	neg 1.0		neg 0.5378152469282289 off 0.4553232795114553 __DUMMY__ 0.00686147356031593	false	1.0
finanzkrise	neg 1.0		neg 0.5350503916482681 off 0.4581753331162304 __DUMMY__ 0.00677427523550158	false	1.0
schimpfend	neg 1.0		neg 0.5290263315067135 off 0.4641805136567995 __DUMMY__ 0.0067931548364870194	false	1.0
profan	neg 1.0		neg 0.5281725739934999 off 0.46503854578531373 __DUMMY__ 0.006788880221186338	false	1.0
korruption	neg 1.0		neg 0.5354331429199573 off 0.4577505009664937 __DUMMY__ 0.006816356113548976	false	1.0
â			neg 0.5329617291886396 off 0.46018598692952334 __DUMMY__ 0.006852283881836961	false	0.0
schmutzig	neg 1.0		neg 0.5224655450728312 off 0.4707516977317115 __DUMMY__ 0.006782757195457324	false	1.0
sexy	neg 1.0		neg 0.5263386842848543 off 0.46686107402133775 __DUMMY__ 0.006800241693807827	false	1.0
abraten	neg 1.0		neg 0.5272875821154583 off 0.4658921694713057 __DUMMY__ 0.006820248413235923	false	1.0
schwarz	neg 1.0		neg 0.5294517588249836 off 0.4637497602129204 __DUMMY__ 0.006798480962096062	false	1.0
fotze	off 1.0	off 1.0	off 0.7139479789143327 neg 0.2828080490098876 __DUMMY__ 0.003243972075779674	false	1.0
verwirren	neg 1.0		neg 0.5270303605461207 off 0.46617161211636304 __DUMMY__ 0.006798027337516299	false	1.0
zahnlos	off 1.0		neg 0.5329553569570012 off 0.4602274954461494 __DUMMY__ 0.006817147596849374	false	0.5
verheeren	neg 1.0		neg 0.5150432891603325 off 0.4782887690113969 __DUMMY__ 0.006667941828270702	false	1.0
hippie	neg 1.0		neg 0.527109961395758 off 0.4660934171485015 __DUMMY__ 0.006796621455740433	false	1.0
rammen	neg 1.0		neg 0.5332165135832455 off 0.4600466718800457 __DUMMY__ 0.006736814536708656	false	1.0
unlauter	neg 1.0		neg 0.5311587667395036 off 0.46205782117428684 __DUMMY__ 0.006783412086209515	false	1.0
unheilvoll	neg 1.0		neg 0.5298506054938096 off 0.4633650037253425 __DUMMY__ 0.006784390780847904	false	1.0
niedrig	neg 1.0		neg 0.5375421860652508 off 0.45564152780500955 __DUMMY__ 0.006816286129739564	false	1.0
explosion	neg 1.0		neg 0.5270881306106481 off 0.46610510791194637 __DUMMY__ 0.006806761477405543	false	1.0
weichei	off 1.0	off 1.0	off 0.720826131412557 neg 0.27599987034795725 __DUMMY__ 0.0031739982394856678	false	1.0
minusmensch	off 1.0		neg 0.521926817966103 off 0.4714579201774346 __DUMMY__ 0.006615261856462434	false	0.5
farblos	neg 1.0		neg 0.5327133667838436 off 0.460493638557733 __DUMMY__ 0.006792994658423361	false	1.0
unwissend	neg 1.0	neg 1.0	neg 0.7487259632271294 off 0.24806250118940953 __DUMMY__ 0.0032115355834611637	false	1.0
traurig	neg 1.0		neg 0.5208324741187804 off 0.4723993333749266 __DUMMY__ 0.006768192506292849	false	1.0
senkung	neg 1.0		neg 0.5294333481119993 off 0.46379826999397644 __DUMMY__ 0.006768381894024141	false	1.0
ungleich	neg 1.0	neg 1.0	neg 0.7542434676086556 off 0.24250671552548092 __DUMMY__ 0.0032498168658634426	false	1.0
heikel	neg 1.0		neg 0.5358500262074557 off 0.45731141594497565 __DUMMY__ 0.006838557847568707	false	1.0
drosselung	neg 1.0		neg 0.5251437024436431 off 0.4681042682272555 __DUMMY__ 0.006752029329101374	false	1.0
falsch	neg 1.0		neg 0.5259062798476566 off 0.4673025544537399 __DUMMY__ 0.006791165698603463	false	1.0
unzufriedenheit	neg 1.0		neg 0.5374885133765419 off 0.4556618291679233 __DUMMY__ 0.006849657455534914	false	1.0
kurz	neg 1.0		neg 0.5295385300448233 off 0.4635885523065169 __DUMMY__ 0.0068729176486596434	false	1.0
unsinnig	neg 1.0		neg 0.5325869856553134 off 0.4605966886804899 __DUMMY__ 0.006816325664196642	false	1.0
penner	off 1.0	off 1.0	off 0.721778120137527 neg 0.27505100314901265 __DUMMY__ 0.003170876713460441	false	1.0
seicht	neg 1.0		neg 0.5167335660957408 off 0.47658823024538327 __DUMMY__ 0.006678203658875887	false	1.0
dummheit	off 1.0	off 1.0	off 0.7158975496482962 neg 0.28089996352425883 __DUMMY__ 0.003202486827445013	false	1.0
unerfreulich	neg 1.0		neg 0.5353948847109735 off 0.4577390447253862 __DUMMY__ 0.006866070563640424	false	1.0
motherfucker	off 1.0	off 1.0	off 0.7189221922942787 neg 0.27787801505000503 __DUMMY__ 0.003199792655716388	false	1.0
pikiert	neg 1.0		neg 0.5259361305778457 off 0.4673169778236199 __DUMMY__ 0.006746891598534348	false	1.0
wrack	neg 1.0		neg 0.5345981597686279 off 0.4585924460636919 __DUMMY__ 0.006809394167680059	false	1.0
gangster	neg 1.0		neg 0.5270799790340293 off 0.46612465806958764 __DUMMY__ 0.006795362896383049	false	1.0
krank	neg 1.0		neg 0.5223347780104347 off 0.4708715861448152 __DUMMY__ 0.00679363584475003	false	1.0
reich	neg 1.0		neg 0.5254625838568562 off 0.46776219798790564 __DUMMY__ 0.006775218155238196	false	1.0
gnadenlos	neg 1.0		neg 0.5302004317435401 off 0.46300301780424297 __DUMMY__ 0.00679655045221686	false	1.0
niedergeschlagen	neg 1.0		neg 0.5321398600782284 off 0.4610319196314692 __DUMMY__ 0.006828220290302259	false	1.0
terrorisieren	off 1.0	off 1.0	off 0.7130277042234893 neg 0.28372302386177695 __DUMMY__ 0.0032492719147337993	false	1.0
sinnlosigkeit	neg 1.0		neg 0.5333590750072954 off 0.45981868778877527 __DUMMY__ 0.006822237203929282	false	1.0
behindern	neg 1.0		neg 0.5316964471795586 off 0.4614843355125091 __DUMMY__ 0.006819217307932371	false	1.0
undemokratisch	neg 1.0		neg 0.5302763159277489 off 0.4629207799239958 __DUMMY__ 0.0068029041482553084	false	1.0
wirtschaftskrise	neg 1.0		neg 0.5367876330041322 off 0.4564138020605756 __DUMMY__ 0.006798564935292102	false	1.0
neid	neg 1.0		neg 0.5243829872599807 off 0.4687968462620277 __DUMMY__ 0.006820166477991747	false	1.0
rutschen	neg 1.0		neg 0.5363518641441408 off 0.4567176504398501 __DUMMY__ 0.00693048541600907	false	1.0
rezession	neg 1.0		neg 0.5259577006813242 off 0.46736777674049584 __DUMMY__ 0.006674522578180014	false	1.0
fehlgeburt	neg 1.0		neg 0.5290333608688595 off 0.464166080366585 __DUMMY__ 0.0068005587645552975	false	1.0
charakterschwach	off 1.0		neg 0.5247892428099815 off 0.4684595785065023 __DUMMY__ 0.0067511786835161135	false	0.5
isolation	neg 1.0		neg 0.5263622126212354 off 0.46684071822749246 __DUMMY__ 0.006797069151272087	false	1.0
ablenkung	neg 1.0		neg 0.5289462623093706 off 0.4642105505928454 __DUMMY__ 0.006843187097783931	false	1.0
pech	neg 1.0		neg 0.5258923896191984 off 0.46730957168972104 __DUMMY__ 0.006798038691080673	false	1.0
vermeidung	neg 1.0		neg 0.5245404282066426 off 0.4687004064436962 __DUMMY__ 0.00675916534966126	false	1.0
dominieren	neg 1.0		neg 0.5352456843561934 off 0.4579179006894652 __DUMMY__ 0.006836414954341386	false	1.0
schwindlig	neg 1.0		neg 0.527428890149108 off 0.46575840639429944 __DUMMY__ 0.0068127034565926645	false	1.0
lutscher	neg 1.0	neg 1.0	neg 0.7440458637106057 off 0.252797368218902 __DUMMY__ 0.003156768070492428	false	1.0
pflicht	neg 1.0		neg 0.5370831340156614 off 0.4560691786775635 __DUMMY__ 0.006847687306775012	false	1.0
faschist	off 1.0		neg 0.5273677306118789 off 0.46584172398459306 __DUMMY__ 0.0067905454035279925	false	0.5
verschleudern	neg 1.0		neg 0.5357938211790981 off 0.457363459861096 __DUMMY__ 0.006842718959805866	false	1.0
wenn			neg 0.5258787596906508 off 0.4673320542699298 __DUMMY__ 0.0067891860394194425	false	0.0
ehebruch	neg 1.0		neg 0.5350801319584069 off 0.45809642966723096 __DUMMY__ 0.00682343837436207	false	1.0
spott	off 1.0		neg 0.5353576705504469 off 0.45781261209867513 __DUMMY__ 0.006829717350877859	false	0.5
trostlosigkeit	neg 1.0		neg 0.5380783622034595 off 0.4550745182598593 __DUMMY__ 0.006847119536681129	false	1.0
lutschen	neg 1.0		neg 0.5291219638262982 off 0.46412757963463774 __DUMMY__ 0.00675045653906402	false	1.0
undiszipliniert	neg 1.0		neg 0.522194573134295 off 0.47104809631202005 __DUMMY__ 0.006757330553684916	false	1.0
kopfschmerz	neg 1.0		neg 0.5351532423656945 off 0.458056555027763 __DUMMY__ 0.00679020260654256	false	1.0
unvorhergesehen	neg 1.0		neg 0.5332157321203141 off 0.4598943432088297 __DUMMY__ 0.006889924670856159	false	1.0
desinteressiert	neg 1.0	neg 1.0	neg 0.7475720849235294 off 0.24922740418325592 __DUMMY__ 0.0032005108932146114	false	1.0
armselig	off 1.0		neg 0.5227537830835157 off 0.47051420739845423 __DUMMY__ 0.006732009518029887	false	0.5
desaster	neg 1.0		neg 0.5384606219571924 off 0.4546700544680362 __DUMMY__ 0.0068693235747715265	false	1.0
tod	neg 1.0		neg 0.5349080288144374 off 0.4582695837421247 __DUMMY__ 0.006822387443437799	false	1.0
herzlos	neg 1.0		neg 0.5219809177594105 off 0.47127259395245946 __DUMMY__ 0.006746488288130179	false	1.0
unwissenheit	neg 1.0		neg 0.5342869200899533 off 0.4588979702489666 __DUMMY__ 0.006815109661080073	false	1.0
widersinnig	neg 1.0		neg 0.5351278897779568 off 0.45807411728666414 __DUMMY__ 0.00679799293537905	false	1.0
bedenklich	neg 1.0		neg 0.5347938379930822 off 0.4583782865539902 __DUMMY__ 0.006827875452927552	false	1.0
beanstanden	neg 1.0		neg 0.5367174702670551 off 0.4564205339631344 __DUMMY__ 0.006861995769810341	false	1.0
panisch	neg 1.0	neg 1.0	neg 0.749021290517528 off 0.24773382368764824 __DUMMY__ 0.0032448857948238234	false	1.0
debil	off 1.0		neg 0.5417029099386134 off 0.45138529683483636 __DUMMY__ 0.006911793226550316	false	0.5
abstrich	neg 1.0		neg 0.5296083892581619 off 0.4635328892382043 __DUMMY__ 0.006858721503633798	false	1.0
primitiv	neg 1.0		neg 0.5241201173124366 off 0.4691279485750208 __DUMMY__ 0.006751934112542507	false	1.0
abschaum	off 1.0	off 1.0	off 0.7176812983732098 neg 0.2791164938285207 __DUMMY__ 0.003202207798269506	false	1.0
provozieren	neg 1.0		neg 0.5310815500742979 off 0.46213341883700726 __DUMMY__ 0.006785031088694863	false	1.0
tot	neg 1.0		neg 0.5342216754688502 off 0.4589582903187462 __DUMMY__ 0.006820034212403594	false	1.0
instabil	neg 1.0		neg 0.5234470433325126 off 0.46981810286369147 __DUMMY__ 0.006734853803796042	false	1.0
schwuchtel	off 1.0	off 1.0	off 0.7239260924202154 neg 0.2729433901756919 __DUMMY__ 0.0031305174040927907	false	1.0
zerren	neg 1.0		neg 0.5328687241461245 off 0.4603014401312427 __DUMMY__ 0.006829835722632776	false	1.0
kinderficker	off 1.0		neg 0.5193589104565314 off 0.47391451904596993 __DUMMY__ 0.0067265704974986676	false	0.5
gefahr	neg 1.0		neg 0.5369084873906047 off 0.4562268457983535 __DUMMY__ 0.0068646668110417105	false	1.0
rabiat	neg 1.0		neg 0.5304509231370429 off 0.4627316447959954 __DUMMY__ 0.0068174320669617625	false	1.0
verlangsamung	neg 1.0		neg 0.5211384814158803 off 0.47220407689558885 __DUMMY__ 0.006657441688530836	false	1.0
ausgestorben	neg 1.0		neg 0.5302367383597271 off 0.46293398024466426 __DUMMY__ 0.006829281395608499	false	1.0
anklagen	neg 1.0		neg 0.5352099144261823 off 0.4579748810002027 __DUMMY__ 0.006815204573615131	false	1.0
trott	neg 1.0		neg 0.5312191527923582 off 0.4619615846149461 __DUMMY__ 0.006819262592695727	false	1.0
verminderung	neg 1.0		neg 0.5236304468517443 off 0.4696060207935182 __DUMMY__ 0.006763532354737562	false	1.0
nach			neg 0.5374728290958758 off 0.45558563361372983 __DUMMY__ 0.0069415372903942766	false	0.0
rost	neg 1.0		neg 0.5200913251049203 off 0.4732050096155254 __DUMMY__ 0.006703665279554248	false	1.0
destruktiv	neg 1.0		neg 0.5316314587829929 off 0.46156330759903763 __DUMMY__ 0.006805233617969407	false	1.0
unzumutbarkeit	neg 1.0		neg 0.5252871889880311 off 0.4679422680708194 __DUMMY__ 0.006770542941149643	false	1.0
labil	off 1.0	off 1.0	off 0.7173551227454181 neg 0.27943718087353714 __DUMMY__ 0.0032076963810445946	false	1.0
ziemlich	neg 1.0		neg 0.5229548437235573 off 0.47024840554781144 __DUMMY__ 0.0067967507286312125	false	1.0
lachnummer	off 1.0		neg 0.5309831511974986 off 0.46221583176983183 __DUMMY__ 0.006801017032669698	false	0.5
oder			neg 0.5281431749021044 off 0.4650198090303765 __DUMMY__ 0.006837016067519195	false	0.0
verfall	neg 1.0		neg 0.5412139201471187 off 0.45190682290688616 __DUMMY__ 0.00687925694599519	false	1.0
ausgrenzung	neg 1.0		neg 0.5298240228879285 off 0.4633799854998536 __DUMMY__ 0.006795991612217846	false	1.0
unordnung	neg 1.0		neg 0.5215813658104477 off 0.4716455244802525 __DUMMY__ 0.006773109709299779	false	1.0
fehlverhalten	neg 1.0		neg 0.5375268330296858 off 0.4556478881484939 __DUMMY__ 0.006825278821820186	false	1.0
eine			neg 0.5347947925547206 off 0.4583204292884187 __DUMMY__ 0.0068847781568608084	false	0.0
nille	neg 1.0		neg 0.5309818029146305 off 0.462191385925933 __DUMMY__ 0.006826811159436487	false	1.0
qual	neg 1.0		neg 0.5315204274307928 off 0.461655510663939 __DUMMY__ 0.0068240619052681315	false	1.0
verschwenden	neg 1.0		neg 0.5358089112096559 off 0.4573659480560167 __DUMMY__ 0.006825140734327421	false	1.0
riesig	neg 1.0		neg 0.5344438569930711 off 0.45871700475604815 __DUMMY__ 0.006839138250880773	false	1.0
verurteilen	neg 1.0		neg 0.5351498228416649 off 0.4580470485306738 __DUMMY__ 0.006803128627661305	false	1.0
klischee	neg 1.0	neg 1.0	neg 0.7498661883917004 off 0.24692315855126562 __DUMMY__ 0.0032106530570340627	false	1.0
diktatorisch	neg 1.0		neg 0.53094265319575 off 0.4622695252503388 __DUMMY__ 0.006787821553911242	false	1.0
vorhersehbar	neg 1.0		neg 0.5283239949238864 off 0.46490241678631683 __DUMMY__ 0.006773588289796788	false	1.0
sowie			neg 0.5217737761397615 off 0.47152557489113894 __DUMMY__ 0.00670064896909958	false	0.0
stornieren	neg 1.0		neg 0.5243401674414223 off 0.4687834566176043 __DUMMY__ 0.006876375940973251	false	1.0
besteuerung	neg 1.0		neg 0.5334289814467437 off 0.4598170862122595 __DUMMY__ 0.006753932340996838	false	1.0
ungeschminkt	neg 1.0		neg 0.527572300909917 off 0.4657271121844743 __DUMMY__ 0.006700586905608582	false	1.0
kritisch	neg 1.0		neg 0.5346668340696701 off 0.45849599306578115 __DUMMY__ 0.006837172864548763	false	1.0
schlamperei	off 1.0		neg 0.5358084737168385 off 0.45733917981704136 __DUMMY__ 0.006852346466120116	false	0.5
sucht	neg 1.0	neg 1.0	neg 0.7496502443959338 off 0.24708886872498242 __DUMMY__ 0.0032608868790837756	false	1.0
egoistisch	off 1.0		neg 0.5199572713122131 off 0.47333349154825344 __DUMMY__ 0.006709237139533364	false	0.5
ausbeuter	off 1.0		neg 0.5380006957450407 off 0.45518255611195296 __DUMMY__ 0.00681674814300638	false	0.5
arschgeburt	off 1.0		neg 0.5159449806633614 off 0.47745998864318795 __DUMMY__ 0.006595030693450892	false	0.5
schubs	neg 1.0		neg 0.5322771160601207 off 0.46088867455581 __DUMMY__ 0.006834209384069244	false	1.0
unsolide	neg 1.0		neg 0.5306768288641607 off 0.46254931293116325 __DUMMY__ 0.006773858204676034	false	1.0
beschwerde	neg 1.0		neg 0.5363837588689773 off 0.4567936325098509 __DUMMY__ 0.0068226086211717885	false	1.0
stocken	neg 1.0		neg 0.5362906286485986 off 0.4568731271809259 __DUMMY__ 0.006836244170475745	false	1.0
isolieren	neg 1.0		neg 0.5339135442000196 off 0.4592494086930823 __DUMMY__ 0.006837047106898097	false	1.0
unheilbar	neg 1.0		neg 0.5300824187063202 off 0.46309809922065903 __DUMMY__ 0.006819482073020647	false	1.0
pisser	off 1.0		neg 0.5250934055961692 off 0.46819994299693624 __DUMMY__ 0.006706651406894571	false	0.5
löschen	neg 1.0		neg 0.5311300984265249 off 0.4620561417796372 __DUMMY__ 0.006813759793837854	false	1.0
durchfallen	neg 1.0		neg 0.5346168918766143 off 0.4585631697784861 __DUMMY__ 0.00681993834489955	false	1.0
wichser	off 1.0	off 1.0	off 0.7232860020233793 neg 0.27355833346189795 __DUMMY__ 0.0031556645147226866	false	1.0
terror	neg 1.0		neg 0.5270803539633373 off 0.46611779004040743 __DUMMY__ 0.006801855996255329	false	1.0
krass	neg 1.0		neg 0.5221593553051663 off 0.47111533775428055 __DUMMY__ 0.0067253069405531305	false	1.0
revolte	neg 1.0		neg 0.530055658500503 off 0.4631628851123124 __DUMMY__ 0.006781456387184597	false	1.0
besorgt	neg 1.0		neg 0.5300570114608372 off 0.46306964236420745 __DUMMY__ 0.006873346174955489	false	1.0
nachlassen	neg 1.0		neg 0.5341626217518868 off 0.45896750011676246 __DUMMY__ 0.0068698781313507335	false	1.0
alt	neg 1.0		neg 0.5344688594227012 off 0.45871889752705813 __DUMMY__ 0.006812243050240641	false	1.0
hundesohn	off 1.0		neg 0.5176408278665063 off 0.4757041230858103 __DUMMY__ 0.006655049047683482	false	0.5
als			neg 0.53187653293608 off 0.46127662967821237 __DUMMY__ 0.006846837385707846	false	0.0
abschreckung	neg 1.0		neg 0.5377338399376973 off 0.4554147510410849 __DUMMY__ 0.00685140902121786	false	1.0
unqualifiziert	neg 1.0		neg 0.5273007062730631 off 0.46592939137330813 __DUMMY__ 0.006769902353628825	false	1.0
abgewichst	off 1.0		neg 0.53119596184559 off 0.46196586105427956 __DUMMY__ 0.006838177100130337	false	0.5
schwer	neg 1.0		neg 0.5313570669861186 off 0.46182557864043916 __DUMMY__ 0.006817354373442203	false	1.0
bedeutungslosigkeit	neg 1.0		neg 0.5365921259520331 off 0.45656308479714564 __DUMMY__ 0.0068447892508211395	false	1.0
kapitulation	neg 1.0		neg 0.5353278095881685 off 0.4578365285894688 __DUMMY__ 0.006835661822362655	false	1.0
unscharf	neg 1.0		neg 0.5298075876094901 off 0.46342917618598123 __DUMMY__ 0.0067632362045285995	false	1.0
schwinden	neg 1.0		neg 0.5373552098543267 off 0.45580489007441627 __DUMMY__ 0.006839900071257064	false	1.0
versklavung	neg 1.0		neg 0.5311172435761022 off 0.46208726561179203 __DUMMY__ 0.006795490812105811	false	1.0
schlecht	neg 1.0		neg 0.5226966760865314 off 0.470505543323096 __DUMMY__ 0.006797780590372633	false	1.0
verhasst	neg 1.0		neg 0.5313193244788205 off 0.4619135874626561 __DUMMY__ 0.006767088058523445	false	1.0
beschweren	neg 1.0		neg 0.527887890373556 off 0.4653001274457208 __DUMMY__ 0.006811982180723286	false	1.0
scheiden	neg 1.0		neg 0.5292386578234272 off 0.46391943108718525 __DUMMY__ 0.006841911089387407	false	1.0
frustriert	neg 1.0		neg 0.53264399893174 off 0.4605384538643541 __DUMMY__ 0.006817547203905914	false	1.0
schimmelig	neg 1.0		neg 0.5366544845571632 off 0.45656518391487333 __DUMMY__ 0.006780331527963563	false	1.0
fisch	neg 1.0		neg 0.5387763788419401 off 0.4544088107210171 __DUMMY__ 0.0068148104370428925	false	1.0
schmuggel	neg 1.0		neg 0.5375974901402928 off 0.45558336078671985 __DUMMY__ 0.00681914907298736	false	1.0
auffallen	neg 1.0		neg 0.5272249270831733 off 0.46597184594645 __DUMMY__ 0.006803226970376813	false	1.0
konkurrenz	neg 1.0		neg 0.5368251083348151 off 0.4563006476822673 __DUMMY__ 0.006874243982917664	false	1.0
teufelskreis	neg 1.0	neg 1.0	neg 0.7526558152038755 off 0.24412371772603575 __DUMMY__ 0.0032204670700888244	false	1.0
aufschreien	neg 1.0		neg 0.5282602525819611 off 0.4649563623894025 __DUMMY__ 0.006783385028636284	false	1.0
schuldner	neg 1.0		neg 0.5389436244857331 off 0.454238366872879 __DUMMY__ 0.006818008641387902	false	1.0
missgeburt	off 1.0	off 1.0	off 0.719741408623375 neg 0.277109221705465 __DUMMY__ 0.003149369671160038	false	1.0
arbeitslos	neg 1.0		neg 0.534389032821741 off 0.45879447920382 __DUMMY__ 0.006816487974439003	false	1.0
befallen	neg 1.0		neg 0.5355161663656209 off 0.4577063777943129 __DUMMY__ 0.006777455840066137	false	1.0
miesepetrig	off 1.0	off 1.0	off 0.7187835109500758 neg 0.27799899574736914 __DUMMY__ 0.0032174933025550375	false	1.0
alarmieren	neg 1.0		neg 0.5290465606326212 off 0.46421552401950295 __DUMMY__ 0.006737915347875843	false	1.0
ungeduscht	off 1.0		neg 0.5282615811090609 off 0.46499387969414097 __DUMMY__ 0.006744539196798291	false	0.5
knappheit	neg 1.0		neg 0.5359684950733549 off 0.45722910950837087 __DUMMY__ 0.006802395418274327	false	1.0
schlange	neg 1.0		neg 0.5267668410749554 off 0.46638849219870243 __DUMMY__ 0.006844666726342094	false	1.0
harsch	neg 1.0		neg 0.5196794179726207 off 0.47357100695830096 __DUMMY__ 0.006749575069078258	false	1.0
lang	neg 1.0		neg 0.5297868844948886 off 0.46339819394131254 __DUMMY__ 0.006814921563798867	false	1.0
ziellos	neg 1.0		neg 0.5328762633529907 off 0.46026247373915463 __DUMMY__ 0.006861262907854585	false	1.0
selbstverliebt	neg 1.0		neg 0.5160288990879313 off 0.4773253554093824 __DUMMY__ 0.006645745502686314	false	1.0
beseitigen	neg 1.0		neg 0.5322433089238682 off 0.46092761698030543 __DUMMY__ 0.006829074095826384	false	1.0
dumm	off 1.0		neg 0.5184734864208113 off 0.4748094999527672 __DUMMY__ 0.006717013626421328	false	0.5
arbeitsloser	neg 1.0		neg 0.5323424199254275 off 0.46080388324044536 __DUMMY__ 0.006853696834127129	false	1.0
blitzen	neg 1.0		neg 0.5269979512129368 off 0.46620168439843424 __DUMMY__ 0.006800364388629004	false	1.0
hilflos	neg 1.0		neg 0.533706440557886 off 0.4594826058844178 __DUMMY__ 0.006810953557696189	false	1.0
eklig	off 1.0		neg 0.5201931752750439 off 0.4731347320017003 __DUMMY__ 0.006672092723255744	false	0.5
begriff			neg 0.5311986693537062 off 0.46197685845736663 __DUMMY__ 0.006824472188927161	false	0.0
hungersnot	neg 1.0		neg 0.5350280071201993 off 0.4581616595172957 __DUMMY__ 0.006810333362505033	false	1.0
ungesetzlich	neg 1.0		neg 0.5318100247737939 off 0.4614105074917013 __DUMMY__ 0.006779467734504787	false	1.0
verschwendung	neg 1.0		neg 0.5357817501764641 off 0.4573788645607753 __DUMMY__ 0.006839385262760417	false	1.0
schmerzvoll	neg 1.0		neg 0.5290620707784163 off 0.46413790335667077 __DUMMY__ 0.006800025864913043	false	1.0
vorzeitig	neg 1.0		neg 0.5290523679177979 off 0.46417225299647114 __DUMMY__ 0.006775379085730898	false	1.0
unvollkommenheit	neg 1.0		neg 0.5318397772655743 off 0.4612898672746633 __DUMMY__ 0.006870355459762442	false	1.0
intervenieren	neg 1.0		neg 0.5366975620300799 off 0.45647346540384287 __DUMMY__ 0.006828972566077237	false	1.0
banause	off 1.0		neg 0.5190152249774702 off 0.47435593856185826 __DUMMY__ 0.006628836460671459	false	0.5
rebell	neg 1.0		neg 0.5405351360622815 off 0.4526165135206492 __DUMMY__ 0.006848350417069242	false	1.0
unlogisch	neg 1.0		neg 0.5226186370948799 off 0.4706424941303291 __DUMMY__ 0.006738868774791127	false	1.0
leiden	neg 1.0		neg 0.5344831951651239 off 0.4586330837436427 __DUMMY__ 0.0068837210912335335	false	1.0
abschaffung	neg 1.0		neg 0.530759988257062 off 0.46243076179265635 __DUMMY__ 0.0068092499502815235	false	1.0
sturz	neg 1.0		neg 0.5318835554529527 off 0.46131653270365486 __DUMMY__ 0.006799911843392427	false	1.0
verkleinerung	neg 1.0		neg 0.5296912831328691 off 0.46354964796279663 __DUMMY__ 0.006759068904334433	false	1.0
schmarotzer	off 1.0		neg 0.5337031385475387 off 0.45948876166598973 __DUMMY__ 0.0068080997864716965	false	0.5
bestrafung	neg 1.0		neg 0.5303524477055834 off 0.4628499182658474 __DUMMY__ 0.00679763402856915	false	1.0
achtlos	neg 1.0	neg 1.0	neg 0.7517022316392654 off 0.24505716606806355 __DUMMY__ 0.0032406022926710697	false	1.0
