unsolidarisch	neg 1.0		neg 0.3674826686371899 off 0.3171611091081038 __DUMMY__ 0.3153562222547062	false	1.0
nachteilig	neg 1.0		neg 0.3681954603827795 __DUMMY__ 0.31821320949824977 off 0.3135913301189708	false	1.0
skeptisch	neg 1.0		neg 0.36883429279204666 __DUMMY__ 0.3182891871013852 off 0.31287652010656825	false	1.0
schrecklich	neg 1.0		neg 0.3563940799841795 off 0.32954805325261183 __DUMMY__ 0.3140578667632088	false	1.0
schlapp	neg 1.0		neg 0.3594400352583989 off 0.3251124170787934 __DUMMY__ 0.3154475476628075	false	1.0
abfall	neg 1.0		neg 0.3706854186871299 __DUMMY__ 0.3200042217717847 off 0.3093103595410855	false	1.0
widerspenstig	neg 1.0		neg 0.3644602320365515 off 0.31880106406937775 __DUMMY__ 0.3167387038940709	false	1.0
abrupt	neg 1.0		neg 0.3678048360243662 __DUMMY__ 0.31837309318356305 off 0.3138220707920708	false	1.0
unwirksam	neg 1.0		neg 0.36823047660711455 off 0.31686696288078336 __DUMMY__ 0.314902560512102	false	1.0
angreifen	neg 1.0		neg 0.37077414169608086 __DUMMY__ 0.31730262016837224 off 0.31192323813554695	false	1.0
inkonsistent	neg 1.0		neg 0.3674819296098607 off 0.31799358328586774 __DUMMY__ 0.3145244871042716	false	1.0
abrutschen	neg 1.0		neg 0.37151808913862955 __DUMMY__ 0.31914544695125746 off 0.30933646391011294	false	1.0
unsicher	neg 1.0		neg 0.3622927262076285 off 0.31951350154407043 __DUMMY__ 0.3181937722483012	false	1.0
bauernkind	off 1.0	off 1.0	off 0.6504435425975097 neg 0.2017802265496139 __DUMMY__ 0.14777623085287647	false	1.0
angreifer	neg 1.0	neg 1.0	neg 0.6710922450872436 off 0.17694934683337665 __DUMMY__ 0.15195840807937971	false	1.0
trennen	neg 1.0		neg 0.36733292064876283 __DUMMY__ 0.3194448354232399 off 0.3132222439279973	false	1.0
schmutz	neg 1.0		neg 0.36243225726497497 off 0.32056169705472803 __DUMMY__ 0.317006045680297	false	1.0
inkonsistenz	neg 1.0		neg 0.36386139755238883 off 0.3231466849680678 __DUMMY__ 0.3129919174795434	false	1.0
erschreckend	neg 1.0		neg 0.36612405932338166 off 0.3173047274179547 __DUMMY__ 0.3165712132586638	false	1.0
ertrinken	neg 1.0		neg 0.37111455282214445 __DUMMY__ 0.3168348969948352 off 0.31205055018302036	false	1.0
pickelface	off 1.0		neg 0.3659711779259822 off 0.31714738479438515 __DUMMY__ 0.31688143727963264	false	0.5
seiner			neg 0.3686340800060938 __DUMMY__ 0.3181901365874609 off 0.3131757834064453	false	0.0
lauch	neg 1.0		neg 0.3711178285427388 __DUMMY__ 0.31906310592936904 off 0.30981906552789235	false	1.0
unwichtig	neg 1.0		neg 0.361079345372535 off 0.32405830101177396 __DUMMY__ 0.3148623536156911	false	1.0
steuerhinterziehung	neg 1.0	neg 1.0	neg 0.6738176158917946 off 0.17395817140335756 __DUMMY__ 0.1522242127048479	false	1.0
schock	neg 1.0		neg 0.3660833151650365 off 0.3171168154478305 __DUMMY__ 0.31679986938713284	false	1.0
beule	neg 1.0		neg 0.36138464180313373 off 0.3249629520281498 __DUMMY__ 0.3136524061687165	false	1.0
vergelten	neg 1.0		neg 0.3554313490912969 off 0.32891196465788264 __DUMMY__ 0.3156566862508205	false	1.0
verdorbenheit	neg 1.0		neg 0.36211469398112994 off 0.32005692320562484 __DUMMY__ 0.3178283828132452	false	1.0
trauma	neg 1.0		neg 0.3643141187197711 off 0.3193864765438575 __DUMMY__ 0.31629940473637136	false	1.0
sinnlos	neg 1.0		neg 0.3622285068218105 off 0.32136597614019163 __DUMMY__ 0.3164055170379978	false	1.0
fettsack	off 1.0	off 1.0	off 0.6516764531796748 neg 0.19998914200090953 __DUMMY__ 0.14833440481941562	false	1.0
feige	off 1.0	off 1.0	off 0.6487886600325237 neg 0.20087304141085888 __DUMMY__ 0.15033829855661737	false	1.0
abdanken	neg 1.0		neg 0.36643557838732854 off 0.31713239191414255 __DUMMY__ 0.316432029698529	false	1.0
wichtigtuer	off 1.0	off 1.0	off 0.6476669612421507 neg 0.200961331387057 __DUMMY__ 0.1513717073707923	false	1.0
misslingen	neg 1.0		neg 0.35879974276661153 off 0.32138777888482717 __DUMMY__ 0.31981247834856125	false	1.0
untreu	off 1.0		neg 0.36032557214583283 off 0.32476997558404647 __DUMMY__ 0.31490445227012076	false	0.5
missmutig	neg 1.0		neg 0.3608810937624581 off 0.32390707355086407 __DUMMY__ 0.3152118326866778	false	1.0
hurenbock	off 1.0		neg 0.36432112115105547 off 0.32004025283345916 __DUMMY__ 0.31563862601548537	false	0.5
betrunken	neg 1.0		neg 0.35836160045794113 off 0.32690585902281294 __DUMMY__ 0.31473254051924593	false	1.0
korrupt	off 1.0		neg 0.37005938727680227 __DUMMY__ 0.315680586121213 off 0.3142600266019848	false	0.5
unmut	neg 1.0		neg 0.3708323068557414 __DUMMY__ 0.3194666341611582 off 0.3097010589831003	false	1.0
hackfresse	off 1.0		neg 0.3553896581141611 off 0.3328135982745506 __DUMMY__ 0.31179674361128823	false	0.5
aufblasen	neg 1.0		neg 0.36211440769983577 off 0.32109446034810024 __DUMMY__ 0.316791131952064	false	1.0
gewaltsam	neg 1.0		neg 0.36827322873476714 __DUMMY__ 0.31611564604205994 off 0.31561112522317303	false	1.0
unbeliebtheit	neg 1.0		neg 0.36487320234878123 off 0.32159276370054246 __DUMMY__ 0.31353403395067636	false	1.0
sturheit	neg 1.0		neg 0.3676060426907615 __DUMMY__ 0.3162501611909603 off 0.31614379611827803	false	1.0
kuh	neg 1.0		neg 0.3682608139116469 off 0.3189440769233344 __DUMMY__ 0.3127951091650188	false	1.0
erschrecken	neg 1.0		neg 0.3597988782301155 off 0.3241532140147184 __DUMMY__ 0.3160479077551662	false	1.0
opfer	neg 1.0		neg 0.3680398309507619 __DUMMY__ 0.31768876264135465 off 0.3142714064078834	false	1.0
sinken	neg 1.0		neg 0.37044602084592615 __DUMMY__ 0.3192471418185007 off 0.3103068373355731	false	1.0
stinktier	neg 1.0		neg 0.36422929044985186 off 0.3266637345796059 __DUMMY__ 0.3091069749705422	false	1.0
tucke	off 1.0		neg 0.3581269998401114 off 0.3324496527894267 __DUMMY__ 0.3094233473704618	false	0.5
ein			neg 0.3638893918628453 off 0.31969812002603193 __DUMMY__ 0.31641248811112294	false	0.0
abstieg	neg 1.0		neg 0.3700098447366654 __DUMMY__ 0.3174793053191069 off 0.31251084994422773	false	1.0
missverstehen	neg 1.0		neg 0.36323661493010073 off 0.32162214726183264 __DUMMY__ 0.31514123780806663	false	1.0
ergebnislos	neg 1.0		neg 0.36944870243668754 __DUMMY__ 0.3180310995936415 off 0.3125201979696709	false	1.0
unter			neg 0.37213386489614925 __DUMMY__ 0.3224928550468845 off 0.3053732800569661	false	0.0
manipulieren	neg 1.0		neg 0.36871932456334233 __DUMMY__ 0.31869415830284575 off 0.31258651713381197	false	1.0
unbewiesen	neg 1.0		neg 0.36862263170866094 off 0.31663241975525624 __DUMMY__ 0.31474494853608287	false	1.0
verschleppen	neg 1.0		neg 0.3699557691147023 __DUMMY__ 0.31642499446558026 off 0.31361923641971745	false	1.0
weib	off 1.0		neg 0.360975443671946 off 0.33084364208918393 __DUMMY__ 0.30818091423887006	false	0.5
opposition	neg 1.0		neg 0.365748822185544 off 0.31926138392013714 __DUMMY__ 0.31498979389431886	false	1.0
verkehrswidrig	neg 1.0		neg 0.3544900660125903 off 0.33013961533318836 __DUMMY__ 0.31537031865422127	false	1.0
inkorrekt	neg 1.0		neg 0.35959935787588504 off 0.3275761394679725 __DUMMY__ 0.31282450265614253	false	1.0
vermeiden	neg 1.0	neg 1.0	neg 0.6741332716719792 off 0.1709173800253191 __DUMMY__ 0.1549493483027018	false	1.0
abweichung	neg 1.0	neg 1.0	neg 0.6716165688933002 off 0.1745492754047549 __DUMMY__ 0.1538341557019448	false	1.0
alkoholisiert	neg 1.0		neg 0.3679777713978898 __DUMMY__ 0.3184971813673163 off 0.31352504723479374	false	1.0
scheiss	off 1.0	off 1.0	off 0.6493511084193907 neg 0.20009396945735577 __DUMMY__ 0.15055492212325358	false	1.0
herausforderung	neg 1.0		neg 0.36690570125033817 __DUMMY__ 0.319401172872172 off 0.3136931258774898	false	1.0
pervers	off 1.0		neg 0.3545826398646761 off 0.33580871617909036 __DUMMY__ 0.3096086439562336	false	0.5
wackelig	neg 1.0		neg 0.36219916705132243 __DUMMY__ 0.3197476328420717 off 0.3180532001066058	false	1.0
verwickeln	neg 1.0		neg 0.3634412796632593 off 0.32110177977341275 __DUMMY__ 0.31545694056332785	false	1.0
vorwand	neg 1.0		neg 0.37001705385594436 __DUMMY__ 0.3180507701951692 off 0.3119321759488865	false	1.0
muschi	off 1.0		neg 0.36571414601670377 off 0.317376248187375 __DUMMY__ 0.31690960579592126	false	0.5
entmutigung	neg 1.0		neg 0.3648637909620857 off 0.31931460738531925 __DUMMY__ 0.315821601652595	false	1.0
unangemessen	neg 1.0		neg 0.3678359759202889 __DUMMY__ 0.31624166613335386 off 0.3159223579463573	false	1.0
unstetig	neg 1.0		neg 0.36269870453108544 off 0.3214459550248763 __DUMMY__ 0.3158553404440383	false	1.0
entmutigen	neg 1.0		neg 0.3635989285257631 off 0.31975790405061594 __DUMMY__ 0.316643167423621	false	1.0
schwanz	neg 1.0		neg 0.36842232730236285 __DUMMY__ 0.31734667564020985 off 0.3142309970574273	false	1.0
verbot	neg 1.0		neg 0.3684537151964662 __DUMMY__ 0.31694697325814425 off 0.31459931154538956	false	1.0
leid	neg 1.0		neg 0.3568840932836759 off 0.33062299387331573 __DUMMY__ 0.31249291284300856	false	1.0
archaisch	neg 1.0		neg 0.36722458683100495 __DUMMY__ 0.31646103997243014 off 0.3163143731965648	false	1.0
gegen			neg 0.37084611301051246 __DUMMY__ 0.3189788372268789 off 0.31017504976260857	false	0.0
scheidung	neg 1.0		neg 0.34663119665690895 off 0.34243830709392276 __DUMMY__ 0.31093049624916824	false	1.0
einschlag	neg 1.0		neg 0.35819717203444246 off 0.3277198700038313 __DUMMY__ 0.3140829579617262	false	1.0
m			neg 0.3655220445475907 __DUMMY__ 0.3181757893462899 off 0.3163021661061196	false	0.0
abgestanden	neg 1.0		neg 0.36674949204297946 off 0.31813791702053473 __DUMMY__ 0.31511259093648575	false	1.0
schmierig	off 1.0		neg 0.35657509649113417 off 0.33014622711023306 __DUMMY__ 0.31327867639863266	false	0.5
unpraktisch	neg 1.0		neg 0.3628240698568504 off 0.32060685056393073 __DUMMY__ 0.316569079579219	false	1.0
wixxer	off 1.0		neg 0.35657626892873756 off 0.3350759215740693 __DUMMY__ 0.30834780949719315	false	0.5
bezeichnet			neg 0.36726634270463376 off 0.3174711158901949 __DUMMY__ 0.3152625414051712	false	0.0
jammerlappen	off 1.0		neg 0.3592178795339179 off 0.32487758809250694 __DUMMY__ 0.31590453237357513	false	0.5
farce	neg 1.0		neg 0.3687288020210721 __DUMMY__ 0.31600396344839216 off 0.31526723453053573	false	1.0
zwecklos	neg 1.0		neg 0.36792958620012417 __DUMMY__ 0.3164925870796751 off 0.3155778267202007	false	1.0
turbulent	neg 1.0		neg 0.36229075550944084 off 0.324643934173595 __DUMMY__ 0.31306531031696433	false	1.0
invasion	neg 1.0		neg 0.3633301457078953 off 0.320712074445478 __DUMMY__ 0.3159577798466267	false	1.0
schuld	neg 1.0		neg 0.3648935722817996 off 0.31934536288973475 __DUMMY__ 0.3157610648284658	false	1.0
risiko	neg 1.0	neg 1.0	neg 0.6700943040545091 off 0.177102978284965 __DUMMY__ 0.1528027176605259	false	1.0
finster	neg 1.0		neg 0.36579632326783856 off 0.3191512023857744 __DUMMY__ 0.31505247434638695	false	1.0
geisteskrank	off 1.0		neg 0.3618192378389023 off 0.325184721574952 __DUMMY__ 0.3129960405861457	false	0.5
zusammenbrechen	neg 1.0		neg 0.36582006464234784 __DUMMY__ 0.31758532967989533 off 0.31659460567775677	false	1.0
ausbeute	neg 1.0		neg 0.35997637162916396 __DUMMY__ 0.3221843281300286 off 0.3178393002408074	false	1.0
hinterhalt	neg 1.0		neg 0.3655702015713444 __DUMMY__ 0.31785573489921837 off 0.31657406352943723	false	1.0
kritik	neg 1.0		neg 0.36919415402410694 __DUMMY__ 0.3158961133524066 off 0.31490973262348654	false	1.0
einschrumpfen	neg 1.0		neg 0.36424868578944924 off 0.3218576067576047 __DUMMY__ 0.3138937074529461	false	1.0
riskant	neg 1.0		neg 0.3700401402783662 __DUMMY__ 0.31719124376387414 off 0.3127686159577596	false	1.0
frustrieren	neg 1.0		neg 0.3682614862990433 __DUMMY__ 0.3174701847208535 off 0.3142683289801032	false	1.0
groll	neg 1.0		neg 0.36848373344771435 __DUMMY__ 0.31654833686937495 off 0.31496792968291076	false	1.0
gibt			neg 0.3649690906520278 __DUMMY__ 0.3179976081155639 off 0.3170333012324084	false	0.0
qualvoll	neg 1.0		neg 0.36291967237094147 off 0.3217217863922192 __DUMMY__ 0.31535854123683926	false	1.0
wackeln	neg 1.0		neg 0.36221252088468414 off 0.32025244943773584 __DUMMY__ 0.3175350296775801	false	1.0
klagen	neg 1.0		neg 0.370843386526687 __DUMMY__ 0.31886664948096183 off 0.3102899639923511	false	1.0
bankrott	neg 1.0		neg 0.35994394624090703 off 0.3240152901458587 __DUMMY__ 0.31604076361323413	false	1.0
trauern	neg 1.0		neg 0.36809551594110207 __DUMMY__ 0.31806550842114395 off 0.313838975637754	false	1.0
ablehnung	neg 1.0		neg 0.36888803617395544 __DUMMY__ 0.3162650877381902 off 0.31484687608785455	false	1.0
stur	neg 1.0		neg 0.3643665852221275 off 0.31972868647368247 __DUMMY__ 0.3159047283041899	false	1.0
aufruhr	neg 1.0	neg 1.0	neg 0.6725940849028423 off 0.17510615065717863 __DUMMY__ 0.15229976443997897	false	1.0
melancholie	neg 1.0		neg 0.3679474652199064 __DUMMY__ 0.3174065392799658 off 0.3146459955001276	false	1.0
ist			neg 0.36238308616358855 off 0.32111131230751605 __DUMMY__ 0.3165056015288954	false	0.0
torheit	neg 1.0		neg 0.3643805368561192 off 0.3189007533845054 __DUMMY__ 0.31671870975937544	false	1.0
dreckskind	off 1.0		neg 0.36008624189091765 off 0.32991712439852977 __DUMMY__ 0.3099966337105525	false	0.5
umtauschen	neg 1.0		neg 0.3646087561782217 off 0.3183390428030093 __DUMMY__ 0.31705220101876896	false	1.0
zum			neg 0.3671898799235411 __DUMMY__ 0.322716132546557 off 0.3100939875299019	false	0.0
zersetzen	neg 1.0		neg 0.3711889904131769 __DUMMY__ 0.31717726383994316 off 0.31163374574688	false	1.0
zur			neg 0.3709207670345581 __DUMMY__ 0.321161352357249 off 0.3079178806081928	false	0.0
frust	neg 1.0		neg 0.3654054662579827 __DUMMY__ 0.3178382654383336 off 0.31675626830368364	false	1.0
unerbittlichkeit	neg 1.0		neg 0.37050711012502424 __DUMMY__ 0.3176051915434749 off 0.31188769833150076	false	1.0
zwei			neg 0.3676206170754876 __DUMMY__ 0.3216272563585276 off 0.31075212656598467	false	0.0
unkorrekt	neg 1.0		neg 0.3572826084595827 off 0.32832889134073057 __DUMMY__ 0.3143885001996867	false	1.0
hexe	off 1.0		neg 0.36641313804104786 off 0.3218692936642272 __DUMMY__ 0.3117175682947249	false	0.5
lasch	neg 1.0		neg 0.363124051018149 off 0.32239139461635397 __DUMMY__ 0.314484554365497	false	1.0
rivale	neg 1.0		neg 0.35994036431537274 off 0.32637615024277356 __DUMMY__ 0.3136834854418537	false	1.0
mutlos	off 1.0	off 1.0	off 0.6429097558915045 neg 0.2047955057741995 __DUMMY__ 0.15229473833429608	false	1.0
wirr	off 1.0		neg 0.3599856599840034 off 0.3277245265236908 __DUMMY__ 0.31228981349230595	false	0.5
jahr			neg 0.36187784916557963 __DUMMY__ 0.32286199102298246 off 0.315260159811438	false	0.0
wird			neg 0.36672672600582396 __DUMMY__ 0.31789105597482065 off 0.31538221801935545	false	0.0
strafbar	neg 1.0		neg 0.36791074084168224 __DUMMY__ 0.3179899165273589 off 0.31409934263095884	false	1.0
erosion	neg 1.0		neg 0.3629038107340636 off 0.31931547610021577 __DUMMY__ 0.3177807131657207	false	1.0
eingehen	neg 1.0		neg 0.3687569213032984 __DUMMY__ 0.3173698433892427 off 0.31387323530745886	false	1.0
faul	off 1.0		neg 0.36038752250907985 off 0.32382849267341224 __DUMMY__ 0.31578398481750797	false	0.5
provisorium	neg 1.0		neg 0.3688719361230339 __DUMMY__ 0.3238230922678622 off 0.3073049716091039	false	1.0
schmerzen	neg 1.0		neg 0.3671502709023626 off 0.31669318623657305 __DUMMY__ 0.31615654286106426	false	1.0
schrumpfen	neg 1.0		neg 0.37398261292930224 __DUMMY__ 0.3191440247289074 off 0.30687336234179025	false	1.0
geistlos	off 1.0		neg 0.366307957222808 off 0.3200165465113739 __DUMMY__ 0.31367549626581803	false	0.5
fehlkauf	neg 1.0		neg 0.36397483718670604 off 0.3202384227363657 __DUMMY__ 0.31578674007692825	false	1.0
frustrierend	neg 1.0		neg 0.3607776304006722 off 0.32341551249410827 __DUMMY__ 0.3158068571052195	false	1.0
unzufrieden	neg 1.0		neg 0.36753629702280083 __DUMMY__ 0.3169401912080188 off 0.3155235117691805	false	1.0
verzweifeln	neg 1.0		neg 0.36537084967019756 off 0.31748792509077656 __DUMMY__ 0.317141225239026	false	1.0
verzweifelt	neg 1.0	neg 1.0	neg 0.6723089372981251 off 0.1763460912821277 __DUMMY__ 0.1513449714197471	false	1.0
misstrauensantrag	neg 1.0		neg 0.3636120752544656 off 0.32069652357018885 __DUMMY__ 0.31569140117534555	false	1.0
abfallen	neg 1.0		neg 0.3621302880693206 off 0.32036159548900645 __DUMMY__ 0.31750811644167304	false	1.0
fucker	off 1.0		neg 0.35832045864567635 off 0.32746946248881365 __DUMMY__ 0.31421007886550995	false	0.5
ungezogen	neg 1.0		neg 0.3541117477118776 off 0.33533209912283807 __DUMMY__ 0.3105561531652843	false	1.0
irrsinnig	neg 1.0	neg 1.0	neg 0.6718607019507339 off 0.1765285361031664 __DUMMY__ 0.15161076194609965	false	1.0
unfassbar	neg 1.0		neg 0.3584268398694321 off 0.32615384289094235 __DUMMY__ 0.31541931723962563	false	1.0
hart	neg 1.0		neg 0.3630108019701445 off 0.3236678148646885 __DUMMY__ 0.31332138316516694	false	1.0
widerlich	off 1.0		neg 0.3603657312395162 off 0.32582106913483905 __DUMMY__ 0.31381319962564486	false	0.5
fatal	neg 1.0		neg 0.363285765324111 off 0.3209583231283357 __DUMMY__ 0.31575591154755334	false	1.0
bruch	neg 1.0		neg 0.37018287274093337 __DUMMY__ 0.3189823152184761 off 0.3108348120405905	false	1.0
aushungern	neg 1.0		neg 0.3667055698816433 __DUMMY__ 0.31726640785449645 off 0.31602802226386023	false	1.0
anspannung	neg 1.0		neg 0.370554837677896 __DUMMY__ 0.3208662768654604 off 0.30857888545664375	false	1.0
von			neg 0.36046004498398865 __DUMMY__ 0.32366635203987126 off 0.31587360297614003	false	0.0
kraftlos	neg 1.0		neg 0.3660987241848845 __DUMMY__ 0.3178610228554633 off 0.3160402529596522	false	1.0
vom			neg 0.3680350360864632 __DUMMY__ 0.32396390759698357 off 0.30800105631655333	false	0.0
grenzdebil	off 1.0		neg 0.3582565685336447 off 0.3264912388361717 __DUMMY__ 0.31525219263018345	false	0.5
vor			neg 0.3677035276148304 __DUMMY__ 0.3198728508004536 off 0.312423621584716	false	0.0
unterwerfen	neg 1.0		neg 0.3686076873050805 __DUMMY__ 0.3174026743358075 off 0.3139896383591121	false	1.0
versenkung	neg 1.0		neg 0.3656909971265915 __DUMMY__ 0.3189653896387264 off 0.3153436132346822	false	1.0
entziehen	neg 1.0		neg 0.3704090336592966 __DUMMY__ 0.3187157925603187 off 0.31087517378038493	false	1.0
finanzkrise	neg 1.0		neg 0.36980384972337704 off 0.31531065987031515 __DUMMY__ 0.31488549040630776	false	1.0
schimpfend	neg 1.0		neg 0.36372169157501466 off 0.3205326034279406 __DUMMY__ 0.3157457049970448	false	1.0
profan	neg 1.0		neg 0.3629855530841974 off 0.3215030136820286 __DUMMY__ 0.3155114332337741	false	1.0
korruption	neg 1.0		neg 0.36915230924417713 __DUMMY__ 0.31674243548085385 off 0.3141052552749689	false	1.0
â			neg 0.3660618481613181 __DUMMY__ 0.3183099558264699 off 0.31562819601221204	false	0.0
schmutzig	neg 1.0		neg 0.35768513813336783 off 0.3270640715897477 __DUMMY__ 0.31525079027688446	false	1.0
sexy	neg 1.0		neg 0.36096511560510003 off 0.32303389091899287 __DUMMY__ 0.3160009934759071	false	1.0
abraten	neg 1.0		neg 0.3614094802116973 off 0.32167895537261454 __DUMMY__ 0.316911564415688	false	1.0
schwarz	neg 1.0		neg 0.36396181636283564 off 0.32011629838822975 __DUMMY__ 0.3159218852489346	false	1.0
fotze	off 1.0	off 1.0	off 0.6445827517174219 neg 0.2027149908483026 __DUMMY__ 0.15270225743427565	false	1.0
verwirren	neg 1.0		neg 0.36166961877828246 off 0.3224221457886288 __DUMMY__ 0.31590823543308866	false	1.0
zahnlos	off 1.0		neg 0.3668232722187904 __DUMMY__ 0.3167432510729458 off 0.3164334767082638	false	0.5
verheeren	neg 1.0		neg 0.3532363191606546 off 0.3365710720713374 __DUMMY__ 0.3101926087680081	false	1.0
hippie	neg 1.0		neg 0.36177679324311 off 0.32238755541693487 __DUMMY__ 0.31583565133995517	false	1.0
rammen	neg 1.0		neg 0.369027795734887 off 0.3177144146335166 __DUMMY__ 0.31325778963159645	false	1.0
unlauter	neg 1.0		neg 0.36587658141318175 off 0.31881873467170846 __DUMMY__ 0.3153046839151097	false	1.0
unheilvoll	neg 1.0		neg 0.3646985341000017 off 0.31995463530739626 __DUMMY__ 0.31534683059260205	false	1.0
niedrig	neg 1.0		neg 0.3712270460967431 __DUMMY__ 0.3167812236472653 off 0.31199173025599153	false	1.0
explosion	neg 1.0		neg 0.36152346025708704 off 0.32217344155319516 __DUMMY__ 0.31630309818971786	false	1.0
weichei	off 1.0	off 1.0	off 0.6528215103405831 neg 0.1977095853625546 __DUMMY__ 0.14946890429686227	false	1.0
minusmensch	off 1.0		neg 0.36102690725607534 off 0.3311448792124406 __DUMMY__ 0.30782821353148404	false	0.5
farblos	neg 1.0		neg 0.3671911798025971 off 0.3170347464024945 __DUMMY__ 0.3157740737949084	false	1.0
unwissend	neg 1.0	neg 1.0	neg 0.6694812171446312 off 0.17932283286458037 __DUMMY__ 0.15119594999078853	false	1.0
traurig	neg 1.0		neg 0.3564742699547665 off 0.32892136578177683 __DUMMY__ 0.3146043642634567	false	1.0
senkung	neg 1.0		neg 0.3646454960955488 off 0.32072309956389067 __DUMMY__ 0.31463140434056064	false	1.0
ungleich	neg 1.0	neg 1.0	neg 0.67399065511297 off 0.17304507531551036 __DUMMY__ 0.15296426957151973	false	1.0
heikel	neg 1.0		neg 0.3690934956311138 __DUMMY__ 0.3176971800531558 off 0.3132093243157304	false	1.0
drosselung	neg 1.0		neg 0.3609462671635513 off 0.32513142717841514 __DUMMY__ 0.31392230565803364	false	1.0
falsch	neg 1.0		neg 0.3607669445050085 off 0.32362261182079927 __DUMMY__ 0.3156104436741923	false	1.0
unzufriedenheit	neg 1.0		neg 0.370367616174457 __DUMMY__ 0.31819529813756303 off 0.3114370856879799	false	1.0
kurz	neg 1.0		neg 0.36232202527012575 __DUMMY__ 0.31924709994988965 off 0.3184308747799847	false	1.0
unsinnig	neg 1.0		neg 0.3665041053701476 off 0.3167828110436238 __DUMMY__ 0.3167130835862287	false	1.0
penner	off 1.0	off 1.0	off 0.6538439485180632 neg 0.19683417553374388 __DUMMY__ 0.14932187594819296	false	1.0
seicht	neg 1.0		neg 0.35464554586595576 off 0.3347369668668177 __DUMMY__ 0.3106174872672265	false	1.0
dummheit	off 1.0	off 1.0	off 0.6473816680911646 neg 0.20184865690041096 __DUMMY__ 0.15076967500842445	false	1.0
unerfreulich	neg 1.0		neg 0.36802454960442693 __DUMMY__ 0.3189322502907301 off 0.31304320010484316	false	1.0
motherfucker	off 1.0	off 1.0	off 0.6504428954596688 neg 0.1989072772179115 __DUMMY__ 0.1506498273224197	false	1.0
pikiert	neg 1.0		neg 0.3618168204935043 off 0.32453460293224407 __DUMMY__ 0.3136485765742518	false	1.0
wrack	neg 1.0		neg 0.36857893832847416 __DUMMY__ 0.3164928570365954 off 0.3149282046349303	false	1.0
gangster	neg 1.0		neg 0.3617835845258107 off 0.3224339769477771 __DUMMY__ 0.3157824385264122	false	1.0
krank	neg 1.0		neg 0.3573298274628865 off 0.32692266926258384 __DUMMY__ 0.3157475032745297	false	1.0
reich	neg 1.0		neg 0.36063394870992027 off 0.324361642374911 __DUMMY__ 0.31500440891516884	false	1.0
gnadenlos	neg 1.0		neg 0.36470990358163 off 0.3194612702692349 __DUMMY__ 0.31582882614913516	false	1.0
niedergeschlagen	neg 1.0		neg 0.3658180531204656 __DUMMY__ 0.3172661019472675 off 0.31691584493226693	false	1.0
terrorisieren	off 1.0	off 1.0	off 0.6435843437670754 neg 0.2034817434721885 __DUMMY__ 0.15293391276073617	false	1.0
sinnlosigkeit	neg 1.0		neg 0.36710555131039324 __DUMMY__ 0.31697373536384477 off 0.315920713325762	false	1.0
behindern	neg 1.0		neg 0.36563867848765336 off 0.31751376346063886 __DUMMY__ 0.3168475580517077	false	1.0
undemokratisch	neg 1.0		neg 0.3645406446644358 off 0.31930893898720714 __DUMMY__ 0.31615041634835706	false	1.0
wirtschaftskrise	neg 1.0		neg 0.3708642461510521 __DUMMY__ 0.3159586479918513 off 0.31317710585709657	false	1.0
neid	neg 1.0		neg 0.3586431424282468 off 0.32443067712572676 __DUMMY__ 0.31692618044602633	false	1.0
rutschen	neg 1.0		neg 0.3674624118337525 __DUMMY__ 0.3218130435096743 off 0.31072454465657323	false	1.0
rezession	neg 1.0		neg 0.36351753261970926 off 0.3260217107537795 __DUMMY__ 0.3104607566265113	false	1.0
fehlgeburt	neg 1.0		neg 0.36346119720306036 off 0.3204168305141967 __DUMMY__ 0.31612197228274286	false	1.0
charakterschwach	off 1.0		neg 0.3606047338949679 off 0.3255503581555012 __DUMMY__ 0.31384490794953096	false	0.5
isolation	neg 1.0		neg 0.3610715284152376 off 0.3230510049953797 __DUMMY__ 0.3158774665893826	false	1.0
ablenkung	neg 1.0		neg 0.3624378834771326 off 0.31964589377199226 __DUMMY__ 0.3179162227508751	false	1.0
pech	neg 1.0		neg 0.3606353170585798 off 0.3234032159255406 __DUMMY__ 0.31596146701587946	false	1.0
vermeidung	neg 1.0		neg 0.3602271155838482 off 0.32555280616104565 __DUMMY__ 0.31422007825510617	false	1.0
dominieren	neg 1.0		neg 0.3685390666739941 __DUMMY__ 0.3176601716373653 off 0.3138007616886405	false	1.0
schwindlig	neg 1.0		neg 0.3617652788219576 off 0.3216362584019717 __DUMMY__ 0.3165984627760708	false	1.0
lutscher	neg 1.0	neg 1.0	neg 0.6661703055198983 off 0.1851526892228768 __DUMMY__ 0.14867700525722488	false	1.0
pflicht	neg 1.0		neg 0.37003497317269946 __DUMMY__ 0.318098778836872 off 0.3118662479904285	false	1.0
faschist	off 1.0		neg 0.36205600265831783 off 0.3223369994743936 __DUMMY__ 0.31560699786728863	false	0.5
verschleudern	neg 1.0		neg 0.368888552956627 __DUMMY__ 0.3179332893784413 off 0.31317815766493173	false	1.0
wenn			neg 0.3607894887461758 off 0.3236914628352155 __DUMMY__ 0.3155190484186087	false	0.0
ehebruch	neg 1.0		neg 0.36866194790322565 __DUMMY__ 0.31705065730894616 off 0.314287394787828	false	1.0
spott	off 1.0		neg 0.36878453384184795 __DUMMY__ 0.3173182862910102 off 0.31389717986714205	false	0.5
trostlosigkeit	neg 1.0		neg 0.37098341640792615 __DUMMY__ 0.31810736890108054 off 0.31090921469099336	false	1.0
lutschen	neg 1.0		neg 0.36473962020731926 off 0.3214303965812398 __DUMMY__ 0.3138299832114408	false	1.0
undiszipliniert	neg 1.0		neg 0.3580318308660157 off 0.32783792350078667 __DUMMY__ 0.3141302456331977	false	1.0
kopfschmerz	neg 1.0		neg 0.36964188897495986 __DUMMY__ 0.31561213098504015 off 0.31474598004000015	false	1.0
unvorhergesehen	neg 1.0		neg 0.36544869991668877 __DUMMY__ 0.3200389788595902 off 0.3145123212237209	false	1.0
desinteressiert	neg 1.0	neg 1.0	neg 0.6686033284357521 off 0.18070870781393564 __DUMMY__ 0.1506879637503122	false	1.0
armselig	off 1.0		neg 0.35913405147224803 off 0.32788249676422665 __DUMMY__ 0.31298345176352543	false	0.5
desaster	neg 1.0		neg 0.37080238828266093 __DUMMY__ 0.319078491930915 off 0.310119119786424	false	1.0
tod	neg 1.0		neg 0.36854847639757093 __DUMMY__ 0.31707359749370395 off 0.3143779261087252	false	1.0
herzlos	neg 1.0		neg 0.3580756750871487 off 0.32828803082218394 __DUMMY__ 0.31363629409066746	false	1.0
unwissenheit	neg 1.0		neg 0.3681325465317853 __DUMMY__ 0.31666654720223675 off 0.31520090626597796	false	1.0
widersinnig	neg 1.0		neg 0.3692983153118631 __DUMMY__ 0.31591976492852375 off 0.31478191975961317	false	1.0
bedenklich	neg 1.0		neg 0.36833569593850063 __DUMMY__ 0.3172204638189779 off 0.31444384024252137	false	1.0
beanstanden	neg 1.0		neg 0.36934078717091906 __DUMMY__ 0.31874792839457533 off 0.31191128443450544	false	1.0
panisch	neg 1.0	neg 1.0	neg 0.6689694782858286 off 0.1782839601211279 __DUMMY__ 0.1527465615930435	false	1.0
debil	off 1.0		neg 0.37296495736611196 __DUMMY__ 0.3209934040307824 off 0.30604163860310574	false	0.5
abstrich	neg 1.0		neg 0.3627258914323849 __DUMMY__ 0.3187414202070369 off 0.31853268836057824	false	1.0
primitiv	neg 1.0		neg 0.3599707436953754 off 0.3261601574414613 __DUMMY__ 0.3138690988631634	false	1.0
abschaum	off 1.0	off 1.0	off 0.6491690987610255 neg 0.2000707501676584 __DUMMY__ 0.15076015107131607	false	1.0
provozieren	neg 1.0		neg 0.3658145626236249 off 0.3188662634999171 __DUMMY__ 0.3153191738764581	false	1.0
tot	neg 1.0		neg 0.367984865273692 __DUMMY__ 0.31697895214113236 off 0.31503618258517563	false	1.0
instabil	neg 1.0		neg 0.35969594452307957 off 0.3271270786967878 __DUMMY__ 0.3131769767801325	false	1.0
schwuchtel	off 1.0	off 1.0	off 0.6568430877854862 neg 0.19570050945041786 __DUMMY__ 0.14745640276409594	false	1.0
zerren	neg 1.0		neg 0.3664737057407814 __DUMMY__ 0.3173146188309824 off 0.3162116754282362	false	1.0
kinderficker	off 1.0		neg 0.35597023561991276 off 0.3312539061104605 __DUMMY__ 0.3127758582696268	false	0.5
gefahr	neg 1.0		neg 0.3694167096909586 __DUMMY__ 0.3188907806696601 off 0.31169250963938133	false	1.0
rabiat	neg 1.0		neg 0.3644463012109677 off 0.31877968100960336 __DUMMY__ 0.31677401777942893	false	1.0
verlangsamung	neg 1.0		neg 0.359282839651477 off 0.3309908082222846 __DUMMY__ 0.30972635212623834	false	1.0
ausgestorben	neg 1.0		neg 0.3639766542594214 off 0.31872710217930983 __DUMMY__ 0.3172962435612687	false	1.0
anklagen	neg 1.0		neg 0.3689707745779872 __DUMMY__ 0.31670414084440496 off 0.31432508457760794	false	1.0
trott	neg 1.0		neg 0.3651809180617585 off 0.31797915556389283 __DUMMY__ 0.31683992637434866	false	1.0
verminderung	neg 1.0		neg 0.3592677541785264 off 0.32631640356153363 __DUMMY__ 0.31441584225994	false	1.0
nach			neg 0.36824983530767863 __DUMMY__ 0.32229614040858373 off 0.3094540242837375	false	0.0
rost	neg 1.0		neg 0.3572302583047152 off 0.33097109179760026 __DUMMY__ 0.3117986498976846	false	1.0
destruktiv	neg 1.0		neg 0.36584266721256564 off 0.3179275607913032 __DUMMY__ 0.3162297719961313	false	1.0
unzumutbarkeit	neg 1.0		neg 0.3606241143669314 off 0.3246308096035518 __DUMMY__ 0.31474507602951685	false	1.0
labil	off 1.0	off 1.0	off 0.6487263748466787 neg 0.20026085138762717 __DUMMY__ 0.1510127737656941	false	1.0
ziemlich	neg 1.0		neg 0.3578288368246163 off 0.32630289146308633 __DUMMY__ 0.3158682717122974	false	1.0
lachnummer	off 1.0		neg 0.36530719457268473 off 0.31866323014696474 __DUMMY__ 0.31602957528035064	false	0.5
oder			neg 0.36183708386888536 off 0.3205119288780282 __DUMMY__ 0.31765098725308627	false	0.0
verfall	neg 1.0		neg 0.37322279650198464 __DUMMY__ 0.31951856578867394 off 0.3072586377093416	false	1.0
ausgrenzung	neg 1.0		neg 0.3642720355061058 off 0.31988349755262063 __DUMMY__ 0.31584446694127344	false	1.0
unordnung	neg 1.0		neg 0.35698741418493646 off 0.3281124461737555 __DUMMY__ 0.3149001396413081	false	1.0
fehlverhalten	neg 1.0		neg 0.3709626369747618 __DUMMY__ 0.31711104841565685 off 0.3119263146095813	false	1.0
eine			neg 0.3670275374887324 __DUMMY__ 0.3197578979355871 off 0.31321456457568037	false	0.0
nille	neg 1.0		neg 0.3647059048910944 off 0.3181008489656806 __DUMMY__ 0.3171932461432251	false	1.0
qual	neg 1.0		neg 0.3653488154984892 off 0.3175985107512252 __DUMMY__ 0.3170526737502857	false	1.0
verschwenden	neg 1.0		neg 0.36940019540367924 __DUMMY__ 0.3171093517867903 off 0.3134904528095304	false	1.0
riesig	neg 1.0		neg 0.36775318943138285 __DUMMY__ 0.3177794831929292 off 0.31446732737568783	false	1.0
verurteilen	neg 1.0		neg 0.36921131301722976 __DUMMY__ 0.3161373625793953 off 0.31465132440337507	false	1.0
klischee	neg 1.0	neg 1.0	neg 0.670624610524267 off 0.17822651314914034 __DUMMY__ 0.1511488763265927	false	1.0
diktatorisch	neg 1.0		neg 0.3655228209495517 off 0.31899582635048535 __DUMMY__ 0.315481352699963	false	1.0
vorhersehbar	neg 1.0		neg 0.3634553731409009 off 0.3217216555094815 __DUMMY__ 0.31482297134961773	false	1.0
sowie			neg 0.358937217294976 off 0.32944899198786537 __DUMMY__ 0.31161379071715856	false	0.0
stornieren	neg 1.0		neg 0.35722420466368854 off 0.32331816799677426 __DUMMY__ 0.31945762733953725	false	1.0
besteuerung	neg 1.0		neg 0.3687976396759761 off 0.31721756364465464 __DUMMY__ 0.3139847966793692	false	1.0
ungeschminkt	neg 1.0		neg 0.3645186069493868 off 0.32386107884549237 __DUMMY__ 0.31162031420512065	false	1.0
kritisch	neg 1.0		neg 0.36797164437403135 __DUMMY__ 0.31763918735396757 off 0.3143891682720011	false	1.0
schlamperei	off 1.0		neg 0.3686520500300313 __DUMMY__ 0.3183488281788296 off 0.312999121791139	false	0.5
sucht	neg 1.0	neg 1.0	neg 0.6691775857182856 off 0.17731037925475449 __DUMMY__ 0.15351203502695987	false	1.0
egoistisch	off 1.0		neg 0.3570110078942225 off 0.3309984685779432 __DUMMY__ 0.3119905235278344	false	0.5
ausbeuter	off 1.0		neg 0.3716108435401302 __DUMMY__ 0.31673749492733966 off 0.3116516615325301	false	0.5
arschgeburt	off 1.0		neg 0.35580596458418007 off 0.33726569232521275 __DUMMY__ 0.3069283430906071	false	0.5
schubs	neg 1.0		neg 0.36585986419388666 __DUMMY__ 0.31756754631298745 off 0.3165725894931259	false	1.0
unsolide	neg 1.0		neg 0.3656061227218452 off 0.31950861852531176 __DUMMY__ 0.314885258752843	false	1.0
beschwerde	neg 1.0		neg 0.3699172481522784 __DUMMY__ 0.3170280040855421 off 0.3130547477621794	false	1.0
stocken	neg 1.0		neg 0.36951949641765913 __DUMMY__ 0.3176315553701093 off 0.3128489482122315	false	1.0
isolieren	neg 1.0		neg 0.36721649035268916 __DUMMY__ 0.31768378026955074 off 0.3150997293777601	false	1.0
unheilbar	neg 1.0		neg 0.36400851031442966 off 0.31910722672212133 __DUMMY__ 0.3168842629634492	false	1.0
pisser	off 1.0		neg 0.3619270369961859 off 0.326181524322962 __DUMMY__ 0.31189143868085206	false	0.5
löschen	neg 1.0		neg 0.3651985743330242 off 0.318197503426615 __DUMMY__ 0.31660392224036077	false	1.0
durchfallen	neg 1.0		neg 0.3683603966303842 __DUMMY__ 0.31687610343073425 off 0.3147634999388815	false	1.0
wichser	off 1.0	off 1.0	off 0.6556643013827257 neg 0.1957173454304151 __DUMMY__ 0.1486183531868592	false	1.0
terror	neg 1.0		neg 0.3616539535713388 off 0.3222499812423189 __DUMMY__ 0.3160960651863423	false	1.0
krass	neg 1.0		neg 0.3587791930262499 off 0.32849772875284605 __DUMMY__ 0.31272307822090406	false	1.0
revolte	neg 1.0		neg 0.3648441854563348 off 0.31994844518279447 __DUMMY__ 0.31520736936087074	false	1.0
besorgt	neg 1.0		neg 0.36275510834025226 __DUMMY__ 0.31927666234232455 off 0.31796822931742325	false	1.0
nachlassen	neg 1.0		neg 0.366757950379443 __DUMMY__ 0.3191442665718374 off 0.3140977830487195	false	1.0
alt	neg 1.0		neg 0.36844484504232095 __DUMMY__ 0.31660677753035216 off 0.31494837742732695	false	1.0
hundesohn	off 1.0		neg 0.3559860707127082 off 0.3344212626998102 __DUMMY__ 0.3095926665874816	false	0.5
als			neg 0.3651316480005641 __DUMMY__ 0.31808010952772203 off 0.31678824247171383	false	0.0
abschreckung	neg 1.0		neg 0.37052483555221755 __DUMMY__ 0.31828578205650054 off 0.3111893823912818	false	1.0
unqualifiziert	neg 1.0		neg 0.36253435509650245 off 0.32279749840875416 __DUMMY__ 0.3146681464947433	false	1.0
abgewichst	off 1.0		neg 0.3646689092298475 __DUMMY__ 0.31769952591531275 off 0.3176315648548397	false	0.5
schwer	neg 1.0		neg 0.3653388941905431 off 0.31790146574777556 __DUMMY__ 0.31675964006168117	false	1.0
bedeutungslosigkeit	neg 1.0		neg 0.3696164236686823 __DUMMY__ 0.3179778431120203 off 0.3124057332192973	false	1.0
kapitulation	neg 1.0		neg 0.3685893532127281 __DUMMY__ 0.3175974223560611 off 0.31381322443121074	false	1.0
unscharf	neg 1.0		neg 0.36519951689014735 off 0.32037872168636927 __DUMMY__ 0.3144217614234834	false	1.0
schwinden	neg 1.0		neg 0.37044048289159676 __DUMMY__ 0.3177932394321256 off 0.3117662776762777	false	1.0
versklavung	neg 1.0		neg 0.365526140442158 off 0.31864780965030304 __DUMMY__ 0.31582604990753904	false	1.0
schlecht	neg 1.0		neg 0.3575473859695076 off 0.32654428796994106 __DUMMY__ 0.31590832606055125	false	1.0
verhasst	neg 1.0		neg 0.36645818405124975 off 0.31901608897600586 __DUMMY__ 0.31452572697274433	false	1.0
beschweren	neg 1.0		neg 0.36215445768943133 off 0.3213212151266816 __DUMMY__ 0.31652432718388707	false	1.0
scheiden	neg 1.0		neg 0.36272718877730364 off 0.3193321608424788 __DUMMY__ 0.3179406503802175	false	1.0
frustriert	neg 1.0		neg 0.36655170066856085 __DUMMY__ 0.31676084324515325 off 0.3166874560862858	false	1.0
schimmelig	neg 1.0		neg 0.37130248944671046 __DUMMY__ 0.31518741588324345 off 0.31351009467004604	false	1.0
fisch	neg 1.0		neg 0.37250066917884567 __DUMMY__ 0.3167494176658741 off 0.31074991315528017	false	1.0
schmuggel	neg 1.0		neg 0.37115133235270853 __DUMMY__ 0.31690043483106256 off 0.31194823281622885	false	1.0
auffallen	neg 1.0		neg 0.36173594552531896 off 0.322123427881422 __DUMMY__ 0.316140626593259	false	1.0
konkurrenz	neg 1.0		neg 0.3691335548765005 __DUMMY__ 0.3193101458802499 off 0.31155629924324957	false	1.0
teufelskreis	neg 1.0	neg 1.0	neg 0.6731455183519601 off 0.1752566271439123 __DUMMY__ 0.15159785450412755	false	1.0
aufschreien	neg 1.0		neg 0.36318075578904935 off 0.3215651319228396 __DUMMY__ 0.3152541122881111	false	1.0
schuldner	neg 1.0		neg 0.3724694075891207 __DUMMY__ 0.3168203585761736 off 0.3107102338347057	false	1.0
missgeburt	off 1.0	off 1.0	off 0.6522887683674531 neg 0.19937832965577854 __DUMMY__ 0.1483329019767684	false	1.0
arbeitslos	neg 1.0		neg 0.3682170280262641 __DUMMY__ 0.31671270852990513 off 0.3150702634438307	false	1.0
befallen	neg 1.0		neg 0.3701505311729645 __DUMMY__ 0.31504884550849793 off 0.3148006233185376	false	1.0
miesepetrig	off 1.0	off 1.0	off 0.6498798233230169 neg 0.19863703676574637 __DUMMY__ 0.15148313991123682	false	1.0
alarmieren	neg 1.0		neg 0.3649052234165529 off 0.3218208653288742 __DUMMY__ 0.31327391125457293	false	1.0
ungeduscht	off 1.0		neg 0.36417086391360315 off 0.3222514628393541 __DUMMY__ 0.31357767324704283	false	0.5
knappheit	neg 1.0		neg 0.37000841801715617 __DUMMY__ 0.3161394546694235 off 0.31385212731342027	false	1.0
schlange	neg 1.0		neg 0.3603324945850099 off 0.32166750219868545 __DUMMY__ 0.3180000032163048	false	1.0
harsch	neg 1.0		neg 0.3557860460356115 off 0.3304064680085731 __DUMMY__ 0.3138074859558153	false	1.0
lang	neg 1.0		neg 0.36389729341356175 off 0.3194521325147207 __DUMMY__ 0.31665057407171754	false	1.0
ziellos	neg 1.0		neg 0.3657434021331241 __DUMMY__ 0.31871885267258354 off 0.3155377451942925	false	1.0
selbstverliebt	neg 1.0		neg 0.3547509387911017 off 0.33607471673322653 __DUMMY__ 0.3091743444756717	false	1.0
beseitigen	neg 1.0		neg 0.3658430653984392 __DUMMY__ 0.3173473198940458 off 0.31680961470751495	false	1.0
dumm	off 1.0		neg 0.35542956628203437 off 0.33223306100109196 __DUMMY__ 0.3123373727168736	false	0.5
arbeitsloser	neg 1.0		neg 0.36532837795726975 __DUMMY__ 0.31839179506003984 off 0.3162798269826906	false	1.0
blitzen	neg 1.0		neg 0.3615606841778233 off 0.32242159450269386 __DUMMY__ 0.3160177213194829	false	1.0
hilflos	neg 1.0		neg 0.36772410267674466 __DUMMY__ 0.31647264026906885 off 0.3158032570541864	false	1.0
eklig	off 1.0		neg 0.35813780073357243 off 0.3315137182547306 __DUMMY__ 0.31034848101169693	false	0.5
begriff			neg 0.3649833353555359 off 0.3179333859450555 __DUMMY__ 0.31708327869940867	false	0.0
hungersnot	neg 1.0		neg 0.36890454599550865 __DUMMY__ 0.3165017216996529 off 0.3145937323048384	false	1.0
ungesetzlich	neg 1.0		neg 0.36653441961256245 off 0.31835930493345466 __DUMMY__ 0.31510627545398284	false	1.0
verschwendung	neg 1.0		neg 0.3690159304326176 __DUMMY__ 0.3177315601803047 off 0.31325250938707766	false	1.0
schmerzvoll	neg 1.0		neg 0.36356519596936576 off 0.32043863810832707 __DUMMY__ 0.3159961659223073	false	1.0
vorzeitig	neg 1.0		neg 0.3640825797486821 off 0.32095941552017937 __DUMMY__ 0.3149580047311385	false	1.0
unvollkommenheit	neg 1.0		neg 0.3645027371790742 __DUMMY__ 0.3191867837519158 off 0.31631047906900994	false	1.0
intervenieren	neg 1.0		neg 0.3700666857069268 __DUMMY__ 0.3172895455666753 off 0.31264376872639793	false	1.0
banause	off 1.0		neg 0.35802470682169946 off 0.33354073150026914 __DUMMY__ 0.3084345616780314	false	0.5
rebell	neg 1.0		neg 0.373348978669072 __DUMMY__ 0.3181921359531947 off 0.3084588853777333	false	1.0
unlogisch	neg 1.0		neg 0.35886802776588395 off 0.32783276565173886 __DUMMY__ 0.31329920658237714	false	1.0
leiden	neg 1.0		neg 0.366771244056333 __DUMMY__ 0.3197597943630183 off 0.3134689615806487	false	1.0
abschaffung	neg 1.0		neg 0.3648915378096993 off 0.31866953491850336 __DUMMY__ 0.31643892727179734	false	1.0
sturz	neg 1.0		neg 0.3661808873991044 off 0.31777249589944123 __DUMMY__ 0.3160466167014543	false	1.0
verkleinerung	neg 1.0		neg 0.3650454346692811 off 0.3207294274396356 __DUMMY__ 0.3142251378910833	false	1.0
schmarotzer	off 1.0		neg 0.36773601133324624 __DUMMY__ 0.31634847213411527 off 0.3159155165326385	false	0.5
bestrafung	neg 1.0		neg 0.3648063167983351 off 0.31929592725279243 __DUMMY__ 0.31589775594887265	false	1.0
achtlos	neg 1.0	neg 1.0	neg 0.6717185399191136 off 0.1757439394935896 __DUMMY__ 0.15253752058729683	false	1.0
ungeheuer	neg 1.0		neg 0.36297333501178913 off 0.3212009868730944 __DUMMY__ 0.3158256781151164	false	1.0
unaufrichtig	neg 1.0		neg 0.35895079315385015 off 0.32348608855971944 __DUMMY__ 0.31756311828643047	false	1.0
groggy	neg 1.0		neg 0.3625203338557215 off 0.321868660818725 __DUMMY__ 0.3156110053255535	false	1.0
verletzlich	neg 1.0		neg 0.3625680422247375 off 0.3245681231232264 __DUMMY__ 0.31286383465203615	false	1.0
ablehnen	neg 1.0		neg 0.36709365523231563 __DUMMY__ 0.3176037006872181 off 0.3153026440804662	false	1.0
