unsolidarisch	neg 1.0		neg 0.5152158228799031 off 0.445002581243209 __DUMMY__ 0.03978159587688778	false	1.0
nachteilig	neg 1.0		neg 0.5173331135065167 off 0.44251076806875117 __DUMMY__ 0.04015611842473219	false	1.0
skeptisch	neg 1.0		neg 0.5180357009357278 off 0.441794236158552 __DUMMY__ 0.040170062905720234	false	1.0
schrecklich	neg 1.0		neg 0.50288363488586 off 0.4575069941787196 __DUMMY__ 0.03960937093542043	false	1.0
schlapp	neg 1.0		neg 0.5067147747190965 off 0.4534947883334425 __DUMMY__ 0.03979043694746092	false	1.0
abfall	neg 1.0		neg 0.5208204314611073 off 0.4387871565736143 __DUMMY__ 0.040392411965278374	false	1.0
widerspenstig	neg 1.0		neg 0.5126286040476831 off 0.44741037091640257 __DUMMY__ 0.03996102503591423	false	1.0
abrupt	neg 1.0		neg 0.5169579523592742 off 0.4428706012004643 __DUMMY__ 0.04017144644026146	false	1.0
unwirksam	neg 1.0		neg 0.5157040838005739 off 0.4445772967847173 __DUMMY__ 0.03971861941470886	false	1.0
angreifen	neg 1.0		neg 0.5195860309680053 off 0.4403731312731141 __DUMMY__ 0.04004083775888048	false	1.0
inkonsistent	neg 1.0		neg 0.5146928968634883 off 0.44564037356413766 __DUMMY__ 0.039666729572374014	false	1.0
abrutschen	neg 1.0		neg 0.5212551906775819 off 0.4384624953997238 __DUMMY__ 0.04028231392269449	false	1.0
unsicher	neg 1.0		neg 0.5111258463002801 off 0.44871794528893594 __DUMMY__ 0.04015620841078404	false	1.0
bauernkind	off 1.0	off 1.0	off 0.7105776066908975 neg 0.27100539836146087 __DUMMY__ 0.018416994947641516	false	1.0
angreifer	neg 1.0	neg 1.0	neg 0.7423710193229336 off 0.23868135934376242 __DUMMY__ 0.01894762133330406	false	1.0
trennen	neg 1.0		neg 0.5169943864344004 off 0.44268555406689225 __DUMMY__ 0.04032005949870731	false	1.0
schmutz	neg 1.0		neg 0.510686707771839 off 0.44932521524922786 __DUMMY__ 0.03998807697893324	false	1.0
inkonsistenz	neg 1.0		neg 0.5102197750419347 off 0.45031105374521796 __DUMMY__ 0.039469171212847216	false	1.0
erschreckend	neg 1.0		neg 0.5143476226489624 off 0.4457077198105236 __DUMMY__ 0.03994465754051412	false	1.0
ertrinken	neg 1.0		neg 0.5196790464606246 off 0.4403441638678618 __DUMMY__ 0.03997678967151358	false	1.0
pickelface	off 1.0		neg 0.5143451058494037 off 0.445674312657258 __DUMMY__ 0.03998058149333831	false	0.5
seiner			neg 0.5177677428696231 off 0.44207551922833543 __DUMMY__ 0.04015673790204136	false	0.0
lauch	neg 1.0		neg 0.5207795457650604 off 0.4389528711203965 __DUMMY__ 0.0402675831145431	false	1.0
unwichtig	neg 1.0		neg 0.5082044938732215 off 0.4520779599784984 __DUMMY__ 0.039717546148280165	false	1.0
steuerhinterziehung	neg 1.0	neg 1.0	neg 0.7452490845192127 off 0.23576917809166212 __DUMMY__ 0.01898173738912522	false	1.0
schock	neg 1.0		neg 0.5143893599697665 off 0.44563931280058683 __DUMMY__ 0.03997132722964659	false	1.0
beule	neg 1.0		neg 0.5078619001153806 off 0.4525852864277027 __DUMMY__ 0.03955281345691657	false	1.0
vergelten	neg 1.0		neg 0.5027560997205504 off 0.45743174987924684 __DUMMY__ 0.03981215040020275	false	1.0
verdorbenheit	neg 1.0		neg 0.5107064517405585 off 0.44919035373102306 __DUMMY__ 0.04010319452841843	false	1.0
trauma	neg 1.0		neg 0.5122964005793076 off 0.44779534981302044 __DUMMY__ 0.039908249607671954	false	1.0
sinnlos	neg 1.0		neg 0.510171646082344 off 0.4499070634871287 __DUMMY__ 0.039921290430527244	false	1.0
fettsack	off 1.0	off 1.0	off 0.7120307627693002 neg 0.26948085262497495 __DUMMY__ 0.0184883846057248	false	1.0
feige	off 1.0	off 1.0	off 0.7098996394824484 neg 0.2713560755377464 __DUMMY__ 0.01874428497980524	false	1.0
abdanken	neg 1.0		neg 0.5146759034357457 off 0.44540274193420787 __DUMMY__ 0.03992135463004645	false	1.0
wichtigtuer	off 1.0	off 1.0	off 0.7091842742234047 neg 0.2719403682955838 __DUMMY__ 0.018875357481011497	false	1.0
misslingen	neg 1.0		neg 0.5082783059033875 off 0.45136225343471525 __DUMMY__ 0.04035944066189721	false	1.0
untreu	off 1.0		neg 0.5074228086911875 off 0.45285480523336735 __DUMMY__ 0.03972238607544506	false	0.5
missmutig	neg 1.0		neg 0.5081534949991947 off 0.4520858905260999 __DUMMY__ 0.03976061447470554	false	1.0
hurenbock	off 1.0		neg 0.5119669160977561 off 0.44822261087973975 __DUMMY__ 0.039810473022504	false	0.5
betrunken	neg 1.0		neg 0.5052478344757955 off 0.45505532046318214 __DUMMY__ 0.03969684506102243	false	1.0
korrupt	off 1.0		neg 0.5180707713190295 off 0.44210435023300915 __DUMMY__ 0.039824878447961336	false	0.5
unmut	neg 1.0		neg 0.5207321433811224 off 0.4389440254064885 __DUMMY__ 0.04032383121238925	false	1.0
hackfresse	off 1.0		neg 0.5007093704696945 off 0.45997984607225323 __DUMMY__ 0.03931078345805231	false	0.5
aufblasen	neg 1.0		neg 0.510214089516702 off 0.44981639942687723 __DUMMY__ 0.03996951105642083	false	1.0
gewaltsam	neg 1.0		neg 0.5163856169750819 off 0.4437371334703499 __DUMMY__ 0.03987724955456827	false	1.0
unbeliebtheit	neg 1.0		neg 0.5115648083138618 off 0.4488991271317152 __DUMMY__ 0.039536064554423114	false	1.0
sturheit	neg 1.0		neg 0.515771783587896 off 0.4443273018425306 __DUMMY__ 0.039900914569573315	false	1.0
kuh	neg 1.0		neg 0.5146462743865278 off 0.4459161746154406 __DUMMY__ 0.03943755099803153	false	1.0
erschrecken	neg 1.0		neg 0.5074404041508525 off 0.452686984412267 __DUMMY__ 0.03987261143688053	false	1.0
opfer	neg 1.0		neg 0.5169255875173084 off 0.4429849212604553 __DUMMY__ 0.040089491222236304	false	1.0
sinken	neg 1.0		neg 0.5202036847461475 off 0.43950623778720693 __DUMMY__ 0.04029007746664556	false	1.0
stinktier	neg 1.0		neg 0.5086251839844279 off 0.4524186896575911 __DUMMY__ 0.0389561263579811	false	1.0
tucke	off 1.0		neg 0.5023914369798159 off 0.4586142110306468 __DUMMY__ 0.038994351989537136	false	0.5
ein			neg 0.5118652095334152 off 0.44821747651171034 __DUMMY__ 0.03991731395487435	false	0.0
abstieg	neg 1.0		neg 0.5188925567221934 off 0.44105039977216776 __DUMMY__ 0.0400570435056388	false	1.0
missverstehen	neg 1.0		neg 0.5106151008306358 off 0.449630019051389 __DUMMY__ 0.03975488011797508	false	1.0
ergebnislos	neg 1.0		neg 0.5185856205163849 off 0.44128289325463854 __DUMMY__ 0.04013148622897669	false	1.0
unter			neg 0.5235242700857633 off 0.43575534846780617 __DUMMY__ 0.04072038144643067	false	0.0
manipulieren	neg 1.0		neg 0.5181433192278287 off 0.44163617952645245 __DUMMY__ 0.040220501245718784	false	1.0
unbewiesen	neg 1.0		neg 0.5161095781954302 off 0.44418989024356864 __DUMMY__ 0.039700531561001125	false	1.0
verschleppen	neg 1.0		neg 0.5183380852759106 off 0.4417424221946866 __DUMMY__ 0.03991949252940279	false	1.0
weib	off 1.0		neg 0.5047677920966714 off 0.4563973868860447 __DUMMY__ 0.038834821017283756	false	0.5
opposition	neg 1.0		neg 0.5131295856408177 off 0.4471393236670775 __DUMMY__ 0.039731090692104856	false	1.0
verkehrswidrig	neg 1.0		neg 0.5015388630741545 off 0.45868654979971324 __DUMMY__ 0.03977458712613221	false	1.0
inkorrekt	neg 1.0		neg 0.5056970315624952 off 0.45485629290815105 __DUMMY__ 0.039446675529353874	false	1.0
vermeiden	neg 1.0	neg 1.0	neg 0.7468336486872514 off 0.23383929923990235 __DUMMY__ 0.01932705207284617	false	1.0
abweichung	neg 1.0	neg 1.0	neg 0.7437858563909733 off 0.2370288213575935 __DUMMY__ 0.019185322251433115	false	1.0
alkoholisiert	neg 1.0		neg 0.5171592738782748 off 0.4426563091776434 __DUMMY__ 0.04018441694408176	false	1.0
scheiss	off 1.0	off 1.0	off 0.7106165716827229 neg 0.2706144119287934 __DUMMY__ 0.018769016388483793	false	1.0
herausforderung	neg 1.0		neg 0.5165627148512617 off 0.44312766973330536 __DUMMY__ 0.04030961541543294	false	1.0
pervers	off 1.0		neg 0.49879758319472844 off 0.46218066653357504 __DUMMY__ 0.03902175027169666	false	0.5
wackelig	neg 1.0		neg 0.5117501623536448 off 0.44789234176610543 __DUMMY__ 0.0403574958802498	false	1.0
verwickeln	neg 1.0		neg 0.5109896021003163 off 0.4492139842346259 __DUMMY__ 0.03979641366505781	false	1.0
vorwand	neg 1.0		neg 0.5191667727184293 off 0.44069497372298005 __DUMMY__ 0.0401382535585907	false	1.0
muschi	off 1.0		neg 0.5140925323093627 off 0.4459221341210868 __DUMMY__ 0.03998533356955051	false	0.5
entmutigung	neg 1.0		neg 0.5127254842781599 off 0.44743521633656785 __DUMMY__ 0.03983929938527228	false	1.0
unangemessen	neg 1.0		neg 0.5159946995463076 off 0.4441048539689499 __DUMMY__ 0.0399004464847425	false	1.0
unstetig	neg 1.0		neg 0.510375396447259 off 0.44978635613346474 __DUMMY__ 0.03983824741927612	false	1.0
entmutigen	neg 1.0		neg 0.5117259436835258 off 0.44832371681539346 __DUMMY__ 0.03995033950108072	false	1.0
schwanz	neg 1.0		neg 0.5171112823793241 off 0.44284801386803524 __DUMMY__ 0.04004070375264059	false	1.0
verbot	neg 1.0		neg 0.5170335474958445 off 0.4429766293166142 __DUMMY__ 0.039989823187541344	false	1.0
leid	neg 1.0		neg 0.5026112261654745 off 0.45798617283390053 __DUMMY__ 0.03940260100062515	false	1.0
archaisch	neg 1.0		neg 0.5154440513639169 off 0.4446286042831497 __DUMMY__ 0.039927344352933505	false	1.0
gegen			neg 0.5205296688058325 off 0.43921198828729957 __DUMMY__ 0.04025834290686792	false	0.0
scheidung	neg 1.0		neg 0.49124221409884083 off 0.46956899509716526 __DUMMY__ 0.039188790803993796	false	1.0
einschlag	neg 1.0		neg 0.5048049040075309 off 0.4555854893572917 __DUMMY__ 0.03960960663517735	false	1.0
m			neg 0.5144697497961227 off 0.4453752878793969 __DUMMY__ 0.04015496232448033	false	0.0
abgestanden	neg 1.0		neg 0.5141574721204428 off 0.4461001080685981 __DUMMY__ 0.03974241981095906	false	1.0
schmierig	off 1.0		neg 0.5026812219608803 off 0.4578129376971575 __DUMMY__ 0.03950584034196223	false	0.5
unpraktisch	neg 1.0		neg 0.5108169519961474 off 0.4492435304040998 __DUMMY__ 0.0399395175997528	false	1.0
wixxer	off 1.0		neg 0.5002562619103696 off 0.4608873712016722 __DUMMY__ 0.03885636688795823	false	0.5
bezeichnet			neg 0.5149015430185834 off 0.44532667259125197 __DUMMY__ 0.039771784390164676	false	0.0
jammerlappen	off 1.0		neg 0.50677732722607 off 0.4533684051096545 __DUMMY__ 0.03985426766427537	false	0.5
farce	neg 1.0		neg 0.5168412236194572 off 0.4432932243956992 __DUMMY__ 0.039865551984843726	false	1.0
zwecklos	neg 1.0		neg 0.5162019755151261 off 0.44386398771997954 __DUMMY__ 0.03993403676489424	false	1.0
turbulent	neg 1.0		neg 0.508592574748586 off 0.45193706869484995 __DUMMY__ 0.03947035655656396	false	1.0
invasion	neg 1.0		neg 0.5110907424235557 off 0.44904701327595925 __DUMMY__ 0.03986224430048502	false	1.0
schuld	neg 1.0		neg 0.5126549501323457 off 0.4475073941485613 __DUMMY__ 0.039837655719093014	false	1.0
risiko	neg 1.0	neg 1.0	neg 0.7417673673032735 off 0.23917897357523218 __DUMMY__ 0.01905365912149429	false	1.0
finster	neg 1.0		neg 0.513144621600235 off 0.44711801664510564 __DUMMY__ 0.03973736175465948	false	1.0
geisteskrank	off 1.0		neg 0.5080702363573425 off 0.4524575279867562 __DUMMY__ 0.03947223565590124	false	0.5
zusammenbrechen	neg 1.0		neg 0.5145181341546207 off 0.44540460120762426 __DUMMY__ 0.04007726463775506	false	1.0
ausbeute	neg 1.0		neg 0.5106350108212209 off 0.44869296875191267 __DUMMY__ 0.04067202042686644	false	1.0
hinterhalt	neg 1.0		neg 0.5143899721648043 off 0.445509151829062 __DUMMY__ 0.04010087600613375	false	1.0
kritik	neg 1.0		neg 0.5172773303083317 off 0.44287078623709975 __DUMMY__ 0.03985188345456858	false	1.0
einschrumpfen	neg 1.0		neg 0.5110587832859675 off 0.4493532301015797 __DUMMY__ 0.03958798661245279	false	1.0
riskant	neg 1.0		neg 0.5187457845684368 off 0.44122776215049453 __DUMMY__ 0.04002645328106877	false	1.0
frustrieren	neg 1.0		neg 0.517023762847176 off 0.4429136813627473 __DUMMY__ 0.0400625557900768	false	1.0
groll	neg 1.0		neg 0.516821342584691 off 0.4432385807341132 __DUMMY__ 0.03994007668119583	false	1.0
gibt			neg 0.5138429821738285 off 0.44602517126339764 __DUMMY__ 0.04013184656277384	false	0.0
qualvoll	neg 1.0		neg 0.5103566518153235 off 0.44986340066619607 __DUMMY__ 0.03977994751848034	false	1.0
wackeln	neg 1.0		neg 0.5106958588191394 off 0.4492365878718034 __DUMMY__ 0.04006755330905728	false	1.0
klagen	neg 1.0		neg 0.5204591028473324 off 0.4392976538845299 __DUMMY__ 0.040243243268137746	false	1.0
bankrott	neg 1.0		neg 0.5075607429322896 off 0.45256869309062286 __DUMMY__ 0.039870563977087596	false	1.0
trauern	neg 1.0		neg 0.5171676278075441 off 0.4426961950465857 __DUMMY__ 0.04013617714587021	false	1.0
ablehnung	neg 1.0		neg 0.5171443135197611 off 0.44295474746020225 __DUMMY__ 0.03990093902003681	false	1.0
stur	neg 1.0		neg 0.5121691887682698 off 0.4479749084075413 __DUMMY__ 0.03985590282418909	false	1.0
aufruhr	neg 1.0	neg 1.0	neg 0.7440486563169161 off 0.2369602061265441 __DUMMY__ 0.018991137556539854	false	1.0
melancholie	neg 1.0		neg 0.5165912280584902 off 0.443360869992322 __DUMMY__ 0.040047901949187725	false	1.0
ist			neg 0.5103751296763409 off 0.4496905012155146 __DUMMY__ 0.03993436910814456	false	0.0
torheit	neg 1.0		neg 0.5126348539436213 off 0.4474068789373642 __DUMMY__ 0.03995826711901461	false	1.0
dreckskind	off 1.0		neg 0.5047486533619301 off 0.4561773942804345 __DUMMY__ 0.039073952357635396	false	0.5
umtauschen	neg 1.0		neg 0.5128944531015774 off 0.44710396300783745 __DUMMY__ 0.040001583890585085	false	1.0
zum			neg 0.5184502739272311 off 0.4408023026436903 __DUMMY__ 0.04074742342907854	false	0.0
zersetzen	neg 1.0		neg 0.5199556031032443 off 0.44002139275604074 __DUMMY__ 0.04002300414071507	false	1.0
zur			neg 0.5216386425771313 off 0.4378164597180646 __DUMMY__ 0.04054489770480415	false	0.0
frust	neg 1.0		neg 0.5142213709436626 off 0.44566809901897614 __DUMMY__ 0.04011053003736117	false	1.0
unerbittlichkeit	neg 1.0		neg 0.5194565174289344 off 0.4404647662654958 __DUMMY__ 0.04007871630556976	false	1.0
zwei			neg 0.5183538972105546 off 0.44104108409550985 __DUMMY__ 0.04060501869393561	false	0.0
unkorrekt	neg 1.0		neg 0.5040301240472052 off 0.45632038724267554 __DUMMY__ 0.03964948871011923	false	1.0
hexe	off 1.0		neg 0.5121747767849318 off 0.44852764400457357 __DUMMY__ 0.039297579210494635	false	0.5
lasch	neg 1.0		neg 0.5101804128495788 off 0.4501523256798653 __DUMMY__ 0.03966726147055592	false	1.0
rivale	neg 1.0		neg 0.5064193059258338 off 0.4540242969389223 __DUMMY__ 0.03955639713524378	false	1.0
mutlos	off 1.0	off 1.0	off 0.704748940216202 neg 0.27625867201130366 __DUMMY__ 0.018992387772494363	false	1.0
wirr	off 1.0		neg 0.5057971240853121 off 0.45482991910318704 __DUMMY__ 0.039372956811501	false	0.5
jahr			neg 0.5129691852286321 off 0.44626706395597154 __DUMMY__ 0.04076375081539634	false	0.0
wird			neg 0.5156086543385968 off 0.4442737076416998 __DUMMY__ 0.040117638019703354	false	0.0
strafbar	neg 1.0		neg 0.5169560461781361 off 0.4429153386330708 __DUMMY__ 0.04012861518879298	false	1.0
erosion	neg 1.0		neg 0.5115327229345547 off 0.4483660977465976 __DUMMY__ 0.040101179318847595	false	1.0
eingehen	neg 1.0		neg 0.5174957225725249 off 0.4424547797955193 __DUMMY__ 0.04004949763195593	false	1.0
faul	off 1.0		neg 0.5078791754461022 off 0.4522855905303941 __DUMMY__ 0.039835234023503856	false	0.5
provisorium	neg 1.0		neg 0.5207649442554513 off 0.43834103595026835 __DUMMY__ 0.04089401979428048	false	1.0
schmerzen	neg 1.0		neg 0.5151127174564334 off 0.44500366895496063 __DUMMY__ 0.03988361358860613	false	1.0
schrumpfen	neg 1.0		neg 0.5238577379444236 off 0.43586283912040724 __DUMMY__ 0.04027942293516926	false	1.0
geistlos	off 1.0		neg 0.5131419200081472 off 0.4472979165144986 __DUMMY__ 0.03956016347735418	false	0.5
fehlkauf	neg 1.0		neg 0.5117037753648542 off 0.4484577597519884 __DUMMY__ 0.039838464883157294	false	1.0
frustrierend	neg 1.0		neg 0.5083478057708564 off 0.45181070914755694 __DUMMY__ 0.03984148508158664	false	1.0
unzufrieden	neg 1.0		neg 0.5160120137722529 off 0.4439947561763362 __DUMMY__ 0.039993230051410734	false	1.0
verzweifeln	neg 1.0		neg 0.5138268067766077 off 0.4461541962426807 __DUMMY__ 0.040018996980711416	false	1.0
verzweifelt	neg 1.0	neg 1.0	neg 0.743271662054398 off 0.23785605846362853 __DUMMY__ 0.018872279481973408	false	1.0
misstrauensantrag	neg 1.0		neg 0.511236693969642 off 0.44893965905587174 __DUMMY__ 0.039823646974486315	false	1.0
abfallen	neg 1.0		neg 0.5105590594891408 off 0.44937798581169935 __DUMMY__ 0.04006295469915986	false	1.0
fucker	off 1.0		neg 0.5050159269029451 off 0.45535153486558705 __DUMMY__ 0.03963253823146788	false	0.5
ungezogen	neg 1.0		neg 0.4987678823557932 off 0.4620858422408154 __DUMMY__ 0.039146275403391356	false	1.0
irrsinnig	neg 1.0	neg 1.0	neg 0.7429502351047121 off 0.23814387568694026 __DUMMY__ 0.018905889208347605	false	1.0
unfassbar	neg 1.0		neg 0.5056979606193993 off 0.45451208430030354 __DUMMY__ 0.039789955080297076	false	1.0
hart	neg 1.0		neg 0.5094666179883411 off 0.4510263646799631 __DUMMY__ 0.03950701733169582	false	1.0
widerlich	off 1.0		neg 0.5069391939552134 off 0.45348189125300054 __DUMMY__ 0.03957891479178597	false	0.5
fatal	neg 1.0		neg 0.5109629675862087 off 0.4492001391357163 __DUMMY__ 0.0398368932780751	false	1.0
bruch	neg 1.0		neg 0.5198366712685025 off 0.43990701608394905 __DUMMY__ 0.040256312647548406	false	1.0
aushungern	neg 1.0		neg 0.5153841422821253 off 0.4445848833971966 __DUMMY__ 0.04003097432067807	false	1.0
anspannung	neg 1.0		neg 0.5210947277456305 off 0.4384007328676474 __DUMMY__ 0.040504539386722195	false	1.0
von			neg 0.511916303272971 off 0.4472167107218156 __DUMMY__ 0.04086698600521342	false	0.0
kraftlos	neg 1.0		neg 0.5149247773080803 off 0.44496400386855955 __DUMMY__ 0.040111218823360294	false	1.0
vom			neg 0.5199447072747914 off 0.439144596174326 __DUMMY__ 0.04091069655088275	false	0.0
grenzdebil	off 1.0		neg 0.5054292598911112 off 0.4548034501793455 __DUMMY__ 0.03976728992954315	false	0.5
vor			neg 0.5176255174570692 off 0.4419964993841687 __DUMMY__ 0.04037798315876198	false	0.0
unterwerfen	neg 1.0		neg 0.5173778528526539 off 0.44257059729351295 __DUMMY__ 0.0400515498538332	false	1.0
versenkung	neg 1.0		neg 0.515104421864432 off 0.44463719156538695 __DUMMY__ 0.04025838657018108	false	1.0
entziehen	neg 1.0		neg 0.5199061028367045 off 0.43986793293218146 __DUMMY__ 0.04022596423111404	false	1.0
finanzkrise	neg 1.0		neg 0.5173809254515461 off 0.44290184655196674 __DUMMY__ 0.039717227996487206	false	1.0
schimpfend	neg 1.0		neg 0.5113430435182653 off 0.44882919554140027 __DUMMY__ 0.03982776094033435	false	1.0
profan	neg 1.0		neg 0.5104999894452938 off 0.4496977711595353 __DUMMY__ 0.039802239395170885	false	1.0
korruption	neg 1.0		neg 0.5176489202157892 off 0.4423882434361238 __DUMMY__ 0.03996283634808695	false	1.0
â			neg 0.5151027653904287 off 0.4447249406282349 __DUMMY__ 0.040172293981336316	false	0.0
schmutzig	neg 1.0		neg 0.5048327578775172 off 0.4554006388384379 __DUMMY__ 0.039766603284044924	false	1.0
sexy	neg 1.0		neg 0.508642830488032 off 0.45148878154773686 __DUMMY__ 0.0398683879642311	false	1.0
abraten	neg 1.0		neg 0.50953733601787 off 0.45047714567736935 __DUMMY__ 0.03998551830476061	false	1.0
schwarz	neg 1.0		neg 0.5117464222474662 off 0.4483954779820577 __DUMMY__ 0.039858099770476	false	1.0
fotze	off 1.0	off 1.0	off 0.7066177933766637 neg 0.274339674474679 __DUMMY__ 0.019042532148657313	false	1.0
verwirren	neg 1.0		neg 0.509337045517747 off 0.4508074155015641 __DUMMY__ 0.03985553898068883	false	1.0
zahnlos	off 1.0		neg 0.5151826327009587 off 0.444850318860276 __DUMMY__ 0.039967048438765376	false	0.5
verheeren	neg 1.0		neg 0.49773670615459464 off 0.4631667060586017 __DUMMY__ 0.03909658778680367	false	1.0
hippie	neg 1.0		neg 0.509419382009405 off 0.4507334256742726 __DUMMY__ 0.03984719231632241	false	1.0
rammen	neg 1.0		neg 0.5156627396671571 off 0.44483835828347384 __DUMMY__ 0.03949890204936907	false	1.0
unlauter	neg 1.0		neg 0.5134818417641629 off 0.4467474080593942 __DUMMY__ 0.03977075017644283	false	1.0
unheilvoll	neg 1.0		neg 0.5121850324486462 off 0.44803852307145453 __DUMMY__ 0.039776444479899226	false	1.0
niedrig	neg 1.0		neg 0.5197570471315487 off 0.44027999233640136 __DUMMY__ 0.03996296053205008	false	1.0
explosion	neg 1.0		neg 0.5093723832645256 off 0.45072099635882384 __DUMMY__ 0.03990662037665036	false	1.0
weichei	off 1.0	off 1.0	off 0.713644125772582 neg 0.2677234102601167 __DUMMY__ 0.018632463967301314	false	1.0
minusmensch	off 1.0		neg 0.5047275552579573 off 0.4564837997101959 __DUMMY__ 0.038788645031846855	false	0.5
farblos	neg 1.0		neg 0.5150121558924192 off 0.4451605904140443 __DUMMY__ 0.039827253693536485	false	1.0
unwissend	neg 1.0	neg 1.0	neg 0.7403473775325295 off 0.24080026649041267 __DUMMY__ 0.01885235597705779	false	1.0
traurig	neg 1.0		neg 0.5032448819818998 off 0.45707357431607853 __DUMMY__ 0.0396815437020217	false	1.0
senkung	neg 1.0		neg 0.5118082715092032 off 0.4485088375155548 __DUMMY__ 0.03968289097524193	false	1.0
ungleich	neg 1.0	neg 1.0	neg 0.7457579180887685 off 0.2351653925851259 __DUMMY__ 0.019076689326105685	false	1.0
heikel	neg 1.0		neg 0.5180107282617913 off 0.4418971479853045 __DUMMY__ 0.040092123752904336	false	1.0
drosselung	neg 1.0		neg 0.5075804406785669 off 0.4528319612216665 __DUMMY__ 0.039587598099766606	false	1.0
falsch	neg 1.0		neg 0.5082365614280695 off 0.4519478947242028 __DUMMY__ 0.03981554384772762	false	1.0
unzufriedenheit	neg 1.0		neg 0.5196111097045574 off 0.4402318781805565 __DUMMY__ 0.04015701211488615	false	1.0
kurz	neg 1.0		neg 0.5116414584389682 off 0.44806547148602127 __DUMMY__ 0.040293070075010345	false	1.0
unsinnig	neg 1.0		neg 0.5148193922479517 off 0.44521828572282685 __DUMMY__ 0.039962322029221474	false	1.0
penner	off 1.0	off 1.0	off 0.7146034912396634 neg 0.2667823667119651 __DUMMY__ 0.018614142048371505	false	1.0
seicht	neg 1.0		neg 0.4993953920353477 off 0.4614484785239062 __DUMMY__ 0.039156129440746194	false	1.0
dummheit	off 1.0	off 1.0	off 0.708658464993722 neg 0.2725422923647881 __DUMMY__ 0.018799242641489914	false	1.0
unerfreulich	neg 1.0		neg 0.5174871549846491 off 0.4422598813068295 __DUMMY__ 0.04025296370852138	false	1.0
motherfucker	off 1.0	off 1.0	off 0.7116875600653202 neg 0.26952893472362394 __DUMMY__ 0.018783505211055852	false	1.0
pikiert	neg 1.0		neg 0.5083805120043196 off 0.4520624523548414 __DUMMY__ 0.03955703564083921	false	1.0
wrack	neg 1.0		neg 0.51684366485572 off 0.4432334075489102 __DUMMY__ 0.03992292759536982	false	1.0
gangster	neg 1.0		neg 0.5093934676318265 off 0.45076666021433304 __DUMMY__ 0.03983987215384059	false	1.0
krank	neg 1.0		neg 0.5046769685428452 off 0.45549273617295544 __DUMMY__ 0.039830295284199416	false	1.0
reich	neg 1.0		neg 0.5078329474905576 off 0.4524433521867288 __DUMMY__ 0.039723700322713634	false	1.0
gnadenlos	neg 1.0		neg 0.5124957215198016 off 0.44765752101838774 __DUMMY__ 0.03984675746181054	false	1.0
niedergeschlagen	neg 1.0		neg 0.5143459149482367 off 0.44562198655123075 __DUMMY__ 0.04003209850053255	false	1.0
terrorisieren	off 1.0	off 1.0	off 0.7056880350336644 neg 0.2752385243149621 __DUMMY__ 0.01907344065137348	false	1.0
sinnlosigkeit	neg 1.0		neg 0.515573147337983 off 0.4444300258033364 __DUMMY__ 0.03999682685868066	false	1.0
behindern	neg 1.0		neg 0.5139300395168284 off 0.44609070158404557 __DUMMY__ 0.03997925889912605	false	1.0
undemokratisch	neg 1.0		neg 0.5125477647530224 off 0.44756789228190874 __DUMMY__ 0.03988434296506872	false	1.0
wirtschaftskrise	neg 1.0		neg 0.5190448735454223 off 0.4410961061260362 __DUMMY__ 0.03985902032854149	false	1.0
neid	neg 1.0		neg 0.5066458233304709 off 0.4533689280076495 __DUMMY__ 0.039985248661879566	false	1.0
rutschen	neg 1.0		neg 0.5182762158597615 off 0.4410943822101305 __DUMMY__ 0.0406294019301081	false	1.0
rezession	neg 1.0		neg 0.5085905722868607 off 0.45227469526080455 __DUMMY__ 0.03913473245233467	false	1.0
fehlgeburt	neg 1.0		neg 0.5113240440724895 off 0.44880436347806235 __DUMMY__ 0.03987159244944811	false	1.0
charakterschwach	off 1.0		neg 0.5072257349595488 off 0.45319211092515804 __DUMMY__ 0.039582154115293235	false	0.5
isolation	neg 1.0		neg 0.5086761817167402 off 0.45147373864332696 __DUMMY__ 0.03985007963993284	false	1.0
ablenkung	neg 1.0		neg 0.5111272695219674 off 0.4487534192638743 __DUMMY__ 0.04011931121415843	false	1.0
pech	neg 1.0		neg 0.5082107189851445 off 0.4519330293180245 __DUMMY__ 0.039856251696830984	false	1.0
vermeidung	neg 1.0		neg 0.5069623669454656 off 0.4534085895859441 __DUMMY__ 0.03962904346859038	false	1.0
dominieren	neg 1.0		neg 0.5174143637563078 off 0.4425052988775423 __DUMMY__ 0.040080337366149826	false	1.0
schwindlig	neg 1.0		neg 0.5097028318548253 off 0.4503554673126121 __DUMMY__ 0.03994170083256247	false	1.0
lutscher	neg 1.0	neg 1.0	neg 0.7358142053407603 off 0.2456542509110581 __DUMMY__ 0.018531543748181577	false	1.0
pflicht	neg 1.0		neg 0.5192128750484787 off 0.4406417180927028 __DUMMY__ 0.04014540685881842	false	1.0
faschist	off 1.0		neg 0.5096835401487655 off 0.4505042238841677 __DUMMY__ 0.03981223596706689	false	0.5
verschleudern	neg 1.0		neg 0.5179411227416658 off 0.441941821072054 __DUMMY__ 0.04011705618628033	false	1.0
wenn			neg 0.5082144135128733 off 0.45198164143149555 __DUMMY__ 0.039803945055631076	false	0.0
ehebruch	neg 1.0		neg 0.5172797168747983 off 0.44271615094302585 __DUMMY__ 0.040004132182175835	false	1.0
spott	off 1.0		neg 0.5175397124766766 off 0.4424196245619621 __DUMMY__ 0.04004066296136136	false	0.5
trostlosigkeit	neg 1.0		neg 0.5202056703347794 off 0.43965182820463 __DUMMY__ 0.04014250146059071	false	1.0
lutschen	neg 1.0		neg 0.5115419776743595 off 0.448879872398645 __DUMMY__ 0.039578149926995404	false	1.0
undiszipliniert	neg 1.0		neg 0.504630457726502 off 0.45575132461806067 __DUMMY__ 0.039618217655437396	false	1.0
kopfschmerz	neg 1.0		neg 0.5174531798810217 off 0.44273633185793926 __DUMMY__ 0.03981048826103899	false	1.0
unvorhergesehen	neg 1.0		neg 0.515262448245469 off 0.4443446955341636 __DUMMY__ 0.04039285622036741	false	1.0
desinteressiert	neg 1.0	neg 1.0	neg 0.7392230709636791 off 0.24198916421069142 __DUMMY__ 0.0187877648256294	false	1.0
armselig	off 1.0		neg 0.5052502020179152 off 0.4552797282593473 __DUMMY__ 0.039470069722737526	false	0.5
desaster	neg 1.0		neg 0.5205254099211765 off 0.43920260120756793 __DUMMY__ 0.040271988871255646	false	1.0
tod	neg 1.0		neg 0.517116530274607 off 0.44288461605591795 __DUMMY__ 0.039998853669475094	false	1.0
herzlos	neg 1.0		neg 0.504444841755049 off 0.4560004194325981 __DUMMY__ 0.03955473881235287	false	1.0
unwissenheit	neg 1.0		neg 0.5165138543860124 off 0.4435308342604375 __DUMMY__ 0.03995531135355002	false	1.0
widersinnig	neg 1.0		neg 0.5173931615372228 off 0.44275132471249856 __DUMMY__ 0.0398555137502787	false	1.0
bedenklich	neg 1.0		neg 0.5169865783258675 off 0.4429837154038032 __DUMMY__ 0.04002970627032945	false	1.0
beanstanden	neg 1.0		neg 0.518811009476787 off 0.4409598614150483 __DUMMY__ 0.04022912910816458	false	1.0
panisch	neg 1.0	neg 1.0	neg 0.7405563300792704 off 0.24039576826605355 __DUMMY__ 0.01904790165467605	false	1.0
debil	off 1.0		neg 0.5236508790030935 off 0.43582875776863933 __DUMMY__ 0.04052036322826725	false	0.5
abstrich	neg 1.0		neg 0.5117538333080052 off 0.44803448683446123 __DUMMY__ 0.04021167985753369	false	1.0
primitiv	neg 1.0		neg 0.506559012395155 off 0.4538545490633087 __DUMMY__ 0.03958643854153619	false	1.0
abschaum	off 1.0	off 1.0	off 0.7104427838377915 neg 0.2707595728794083 __DUMMY__ 0.01879764328280016	false	1.0
provozieren	neg 1.0		neg 0.5134028233564844 off 0.44681767244772513 __DUMMY__ 0.039779504195790544	false	1.0
tot	neg 1.0		neg 0.5164428642548637 off 0.443571908543283 __DUMMY__ 0.039985227201853164	false	1.0
instabil	neg 1.0		neg 0.5059330727279135 off 0.4545793912151297 __DUMMY__ 0.03948753605695675	false	1.0
schwuchtel	off 1.0	off 1.0	off 0.7168428734836773 neg 0.26477949673452145 __DUMMY__ 0.01837762978180129	false	1.0
zerren	neg 1.0		neg 0.51506644037456 off 0.44489231925343903 __DUMMY__ 0.040041240372001005	false	1.0
kinderficker	off 1.0		neg 0.5018799048143695 off 0.4586813747557075 __DUMMY__ 0.03943872042992306	false	0.5
gefahr	neg 1.0		neg 0.5189912729402325 off 0.4407637027064864 __DUMMY__ 0.0402450243532812	false	1.0
rabiat	neg 1.0		neg 0.5126902185849107 off 0.4473408480958225 __DUMMY__ 0.03996893331926685	false	1.0
verlangsamung	neg 1.0		neg 0.5038331432341834 off 0.45713158319387065 __DUMMY__ 0.039035273571945785	false	1.0
ausgestorben	neg 1.0		neg 0.5124469719665152 off 0.4475149486522904 __DUMMY__ 0.04003807938119429	false	1.0
anklagen	neg 1.0		neg 0.5174305786752046 off 0.4426131477918606 __DUMMY__ 0.03995627353293466	false	1.0
trott	neg 1.0		neg 0.5134540358432615 off 0.44656656038419446 __DUMMY__ 0.03997940377254397	false	1.0
verminderung	neg 1.0		neg 0.5060458024833416 off 0.4542996354514826 __DUMMY__ 0.03965456206517572	false	1.0
nach			neg 0.519361263375017 off 0.43994487855702724 __DUMMY__ 0.040693858067955675	false	0.0
rost	neg 1.0		neg 0.5026731480531506 off 0.45802140138703973 __DUMMY__ 0.03930545055980966	false	1.0
destruktiv	neg 1.0		neg 0.5138961806606955 off 0.4462061657557633 __DUMMY__ 0.039897653583541186	false	1.0
unzumutbarkeit	neg 1.0		neg 0.5076727127626256 off 0.45263155418652107 __DUMMY__ 0.03969573305085345	false	1.0
labil	off 1.0	off 1.0	off 0.7101040484700791 neg 0.2710661539866545 __DUMMY__ 0.018829797543266316	false	1.0
ziemlich	neg 1.0		neg 0.505283807140074 off 0.45486791148171934 __DUMMY__ 0.03984828137820651	false	1.0
lachnummer	off 1.0		neg 0.5132594969447771 off 0.44686762109895767 __DUMMY__ 0.0398728819562651	false	0.5
oder			neg 0.5103458770713228 off 0.4495707459457476 __DUMMY__ 0.040083376982929755	false	0.0
verfall	neg 1.0		neg 0.5232439788272382 off 0.43642604230842114 __DUMMY__ 0.0403299788643407	false	1.0
ausgrenzung	neg 1.0		neg 0.512115487373998 off 0.448040529676099 __DUMMY__ 0.03984398294990301	false	1.0
unordnung	neg 1.0		neg 0.5039731954339002 off 0.45631556897620124 __DUMMY__ 0.03971123558989855	false	1.0
fehlverhalten	neg 1.0		neg 0.519711635294986 off 0.4402737439304199 __DUMMY__ 0.04001462077459402	false	1.0
eine			neg 0.5168417545169282 off 0.4427960887671066 __DUMMY__ 0.040362156715965186	false	0.0
nille	neg 1.0		neg 0.5131920381519902 off 0.44678423104620757 __DUMMY__ 0.040023730801802104	false	1.0
qual	neg 1.0		neg 0.5137408812847633 off 0.4462516910798311 __DUMMY__ 0.04000742763540572	false	1.0
verschwenden	neg 1.0		neg 0.5180081081147869 off 0.4419780252751137 __DUMMY__ 0.04001386661009941	false	1.0
riesig	neg 1.0		neg 0.5166125725454341 off 0.4432912302464923 __DUMMY__ 0.04009619720807346	false	1.0
verurteilen	neg 1.0		neg 0.51740229162723 off 0.4427123275819098 __DUMMY__ 0.03988538079086029	false	1.0
klischee	neg 1.0	neg 1.0	neg 0.7414880113939701 off 0.23966487030130643 __DUMMY__ 0.018847118304723433	false	1.0
diktatorisch	neg 1.0		neg 0.5132501290955184 off 0.4469535976235936 __DUMMY__ 0.039796273280887966	false	1.0
vorhersehbar	neg 1.0		neg 0.5106872067228327 off 0.4495999641639843 __DUMMY__ 0.039712829113183135	false	1.0
sowie			neg 0.5043573505240158 off 0.45635544675651085 __DUMMY__ 0.03928720271947349	false	0.0
stornieren	neg 1.0		neg 0.5064523291726117 off 0.4532336942941389 __DUMMY__ 0.040313976533249356	false	1.0
besteuerung	neg 1.0		neg 0.5158252785551146 off 0.444576273152471 __DUMMY__ 0.03959844829241431	false	1.0
ungeschminkt	neg 1.0		neg 0.5101372665263412 off 0.450575784173991 __DUMMY__ 0.03928694929966786	false	1.0
kritisch	neg 1.0		neg 0.5168337469564143 off 0.4430821755648026 __DUMMY__ 0.04008407747878305	false	1.0
schlamperei	off 1.0		neg 0.5179277488141915 off 0.4418991230954735 __DUMMY__ 0.04017312809033512	false	0.5
sucht	neg 1.0	neg 1.0	neg 0.7411416955251169 off 0.239716336035269 __DUMMY__ 0.019141968439614104	false	1.0
egoistisch	off 1.0		neg 0.5025263636320275 off 0.4581363378293697 __DUMMY__ 0.039337298538602815	false	0.5
ausbeuter	off 1.0		neg 0.5202057108412168 off 0.4398294250773238 __DUMMY__ 0.039964864081459314	false	0.5
arschgeburt	off 1.0		neg 0.4988239207574736 off 0.4625056170898496 __DUMMY__ 0.03867046215267679	false	0.5
schubs	neg 1.0		neg 0.5144732608516809 off 0.4454592470965998 __DUMMY__ 0.040067492051719306	false	1.0
unsolide	neg 1.0		neg 0.5130237836378774 off 0.4472611890037874 __DUMMY__ 0.03971502735833517	false	1.0
beschwerde	neg 1.0		neg 0.5185801176580858 off 0.4414204211633121 __DUMMY__ 0.039999461178602175	false	1.0
stocken	neg 1.0		neg 0.5184526915519216 off 0.4414682357521851 __DUMMY__ 0.040079072695893406	false	1.0
isolieren	neg 1.0		neg 0.5160823837576771 off 0.4438336579595142 __DUMMY__ 0.04008395828280868	false	1.0
unheilbar	neg 1.0		neg 0.5123151495282677 off 0.44770370814886495 __DUMMY__ 0.03998114232286715	false	1.0
pisser	off 1.0		neg 0.5076448449668272 off 0.45303274940299315 __DUMMY__ 0.03932240563017963	false	0.5
löschen	neg 1.0		neg 0.5133776149770789 off 0.44667501027551015 __DUMMY__ 0.03994737474741089	false	1.0
durchfallen	neg 1.0		neg 0.5168321262591942 off 0.44318441478252774 __DUMMY__ 0.03998345895827817	false	1.0
wichser	off 1.0	off 1.0	off 0.7161450698235042 neg 0.26532994082450256 __DUMMY__ 0.018524989351993204	false	1.0
terror	neg 1.0		neg 0.5093800556310445 off 0.4507418330751609 __DUMMY__ 0.03987811129379453	false	1.0
krass	neg 1.0		neg 0.5046824261153207 off 0.45588620371709765 __DUMMY__ 0.039431370167581664	false	1.0
revolte	neg 1.0		neg 0.512385460483866 off 0.4478553321948757 __DUMMY__ 0.03975920732125831	false	1.0
besorgt	neg 1.0		neg 0.5121523468421324 off 0.44755193405800525 __DUMMY__ 0.04029571909986242	false	1.0
nachlassen	neg 1.0		neg 0.5162516579963399 off 0.44347261724273884 __DUMMY__ 0.04027572476092115	false	1.0
alt	neg 1.0		neg 0.5167120894000875 off 0.44334852330808416 __DUMMY__ 0.03993938729182829	false	1.0
hundesohn	off 1.0		neg 0.5003532580740284 off 0.4606257790889378 __DUMMY__ 0.03902096283703392	false	0.5
als			neg 0.5140346212960538 off 0.4458247101655137 __DUMMY__ 0.040140668538432546	false	0.0
abschreckung	neg 1.0		neg 0.5198480841959259 off 0.4399845216968792 __DUMMY__ 0.04016739410719501	false	1.0
unqualifiziert	neg 1.0		neg 0.5096751719879682 off 0.450633419685783 __DUMMY__ 0.0396914083262488	false	1.0
abgewichst	off 1.0		neg 0.5133780596969009 off 0.44653182566524957 __DUMMY__ 0.040090114637849436	false	0.5
schwer	neg 1.0		neg 0.5135948682816721 off 0.4464367893167773 __DUMMY__ 0.039968342401550484	false	1.0
bedeutungslosigkeit	neg 1.0		neg 0.5187300832290546 off 0.44114135195014986 __DUMMY__ 0.04012856482079561	false	1.0
kapitulation	neg 1.0		neg 0.5174925832111885 off 0.4424318577988138 __DUMMY__ 0.04007555898999776	false	1.0
unscharf	neg 1.0		neg 0.5122022947791824 off 0.44814463675500865 __DUMMY__ 0.039653068465808884	false	1.0
schwinden	neg 1.0		neg 0.5195025396527644 off 0.440397044012003 __DUMMY__ 0.0401004163352327	false	1.0
versklavung	neg 1.0		neg 0.5134057130333516 off 0.4467531740369505 __DUMMY__ 0.03984111292969777	false	1.0
schlecht	neg 1.0		neg 0.5050227346637333 off 0.4551230360540606 __DUMMY__ 0.03985422928220611	false	1.0
verhasst	neg 1.0		neg 0.5136862570571075 off 0.4466389821998899 __DUMMY__ 0.039674760743002746	false	1.0
beschweren	neg 1.0		neg 0.5101539170333454 off 0.4499090831554102 __DUMMY__ 0.03993699981124424	false	1.0
scheiden	neg 1.0		neg 0.5114234604099589 off 0.4484636788308583 __DUMMY__ 0.04011286075918275	false	1.0
frustriert	neg 1.0		neg 0.5148747593896361 off 0.4451558619143825 __DUMMY__ 0.03996937869598135	false	1.0
schimmelig	neg 1.0		neg 0.518974311285981 off 0.4412726981950123 __DUMMY__ 0.039752990519006645	false	1.0
fisch	neg 1.0		neg 0.5209972262581541 off 0.4390480440974165 __DUMMY__ 0.039954729644429296	false	1.0
schmuggel	neg 1.0		neg 0.5197985997643881 off 0.4402217871657238 __DUMMY__ 0.039979613069888044	false	1.0
auffallen	neg 1.0		neg 0.5095175508509814 off 0.4505965201672627 __DUMMY__ 0.03988592898175598	false	1.0
konkurrenz	neg 1.0		neg 0.5188849213453931 off 0.44081417102574166 __DUMMY__ 0.040300907628865346	false	1.0
teufelskreis	neg 1.0	neg 1.0	neg 0.7442491212398511 off 0.2368462943828329 __DUMMY__ 0.018904584377316087	false	1.0
aufschreien	neg 1.0		neg 0.5105994522596546 off 0.44963056657709 __DUMMY__ 0.03976998116325539	false	1.0
schuldner	neg 1.0		neg 0.5211416203617281 off 0.4388858281067773 __DUMMY__ 0.03997255153149473	false	1.0
missgeburt	off 1.0	off 1.0	off 0.712618189322004 neg 0.2688936387639791 __DUMMY__ 0.018488171914016784	false	1.0
arbeitslos	neg 1.0		neg 0.5166131254501031 off 0.44342368749932326 __DUMMY__ 0.03996318705057358	false	1.0
befallen	neg 1.0		neg 0.5178353088108477 off 0.4424285898114742 __DUMMY__ 0.039736101377678	false	1.0
miesepetrig	off 1.0	off 1.0	off 0.7115047834005225 neg 0.2696078160125988 __DUMMY__ 0.0188874005868787	false	1.0
alarmieren	neg 1.0		neg 0.511494452566616 off 0.4490006116233982 __DUMMY__ 0.039504935809985785	false	1.0
ungeduscht	off 1.0		neg 0.5107115690410644 off 0.44974473653280383 __DUMMY__ 0.039543694426131815	false	0.5
knappheit	neg 1.0		neg 0.5182209786286615 off 0.4418974990054941 __DUMMY__ 0.03988152236584453	false	1.0
schlange	neg 1.0		neg 0.5089544406166141 off 0.4509173846282867 __DUMMY__ 0.0401281747550991	false	1.0
harsch	neg 1.0		neg 0.5021441508144432 off 0.45828263791665885 __DUMMY__ 0.039573211268897894	false	1.0
lang	neg 1.0		neg 0.5120373148354954 off 0.4480085880437302 __DUMMY__ 0.039954097120774405	false	1.0
ziellos	neg 1.0		neg 0.5149922108115015 off 0.44478289817808586 __DUMMY__ 0.040224891010412774	false	1.0
selbstverliebt	neg 1.0		neg 0.4987798267041658 off 0.4622536287407871 __DUMMY__ 0.03896654455504711	false	1.0
beseitigen	neg 1.0		neg 0.5144436141173754 off 0.44551877590928807 __DUMMY__ 0.0400376099733366	false	1.0
dumm	off 1.0		neg 0.5010299176976792 off 0.4595873613924812 __DUMMY__ 0.03938272090983966	false	0.5
arbeitsloser	neg 1.0		neg 0.5144729108435909 off 0.44534626895242563 __DUMMY__ 0.0401808202039833	false	1.0
blitzen	neg 1.0		neg 0.5092967150670895 off 0.45083403773880976 __DUMMY__ 0.03986924719410082	false	1.0
hilflos	neg 1.0		neg 0.5159506768092386 off 0.4441184034602149 __DUMMY__ 0.039930919730546466	false	1.0
eklig	off 1.0		neg 0.5028615049745204 off 0.45801803629953713 __DUMMY__ 0.03912045872594254	false	0.5
begriff			neg 0.5134153162122397 off 0.4465746878932721 __DUMMY__ 0.040009995894488275	false	0.0
hungersnot	neg 1.0		neg 0.5172620974983223 off 0.442809901916097 __DUMMY__ 0.03992800058558074	false	1.0
ungesetzlich	neg 1.0		neg 0.5141345189948363 off 0.4461180315016569 __DUMMY__ 0.03974744950350678	false	1.0
verschwendung	neg 1.0		neg 0.517941127008474 off 0.4419619499967843 __DUMMY__ 0.040096922994741886	false	1.0
schmerzvoll	neg 1.0		neg 0.5113556172918863 off 0.44877717758742464 __DUMMY__ 0.039867205120689184	false	1.0
vorzeitig	neg 1.0		neg 0.5114079608837676 off 0.4488680708267641 __DUMMY__ 0.03972396828946822	false	1.0
unvollkommenheit	neg 1.0		neg 0.513935350493966 off 0.44578588723810353 __DUMMY__ 0.04027876226793045	false	1.0
intervenieren	neg 1.0		neg 0.5188750307497585 off 0.441088605038568 __DUMMY__ 0.0400363642116735	false	1.0
banause	off 1.0		neg 0.5018012633718483 off 0.45933080139671467 __DUMMY__ 0.03886793523143709	false	0.5
rebell	neg 1.0		neg 0.5226552041211524 off 0.4371947512941136 __DUMMY__ 0.04015004458473383	false	1.0
unlogisch	neg 1.0		neg 0.505100408286992 off 0.4553893306252622 __DUMMY__ 0.03951026108774561	false	1.0
leiden	neg 1.0		neg 0.5165377930772423 off 0.4431056383021391 __DUMMY__ 0.040356568620618496	false	1.0
abschaffung	neg 1.0		neg 0.513016758669554 off 0.4470617665883615 __DUMMY__ 0.039921474742084545	false	1.0
sturz	neg 1.0		neg 0.5141609620072934 off 0.445971797154304 __DUMMY__ 0.039867240838402505	false	1.0
verkleinerung	neg 1.0		neg 0.5120837862597922 off 0.44828760188322625 __DUMMY__ 0.039628611856981605	false	1.0
schmarotzer	off 1.0		neg 0.5159500992973426 off 0.4441356055716507 __DUMMY__ 0.03991429513100665	false	0.5
bestrafung	neg 1.0		neg 0.5126429988974349 off 0.44750366054433416 __DUMMY__ 0.039853340558230914	false	1.0
achtlos	neg 1.0	neg 1.0	neg 0.7432447737228259 off 0.23773254620003276 __DUMMY__ 0.019022680077141387	false	1.0
ungeheuer	neg 1.0		neg 0.5106456275473029 off 0.4495150127743781 __DUMMY__ 0.03983935967831901	false	1.0
unaufrichtig	neg 1.0		neg 0.5073822252175182 off 0.4525500087652003 __DUMMY__ 0.040067766017281396	false	1.0
groggy	neg 1.0		neg 0.510130529501301 off 0.4500523863311411 __DUMMY__ 0.039817084167557915	false	1.0
verletzlich	neg 1.0		neg 0.5087434342745737 off 0.4518044583960462 __DUMMY__ 0.03945210732938015	false	1.0
