unsolidarisch	neg 1.0		__DUMMY__ 0.45087026490185067 neg 0.29485547506908544 off 0.2542742600290638	false	1.0
nachteilig	neg 1.0		__DUMMY__ 0.4548420030895782 neg 0.2949185996892557 off 0.2502393972211663	false	1.0
skeptisch	neg 1.0		__DUMMY__ 0.4549204873397065 neg 0.29553524277473886 off 0.24954426988555467	false	1.0
schrecklich	neg 1.0		__DUMMY__ 0.4490828754956094 neg 0.2844615941855895 off 0.26645553031880104	false	1.0
schlapp	neg 1.0		__DUMMY__ 0.4510217335006309 neg 0.287117274518211 off 0.2618609919811582	false	1.0
abfall	neg 1.0		__DUMMY__ 0.4573193773822037 neg 0.2969284258737463 off 0.24575219674405008	false	1.0
widerspenstig	neg 1.0		__DUMMY__ 0.4528052379655592 neg 0.2916747428285469 off 0.25552001920589396	false	1.0
abrupt	neg 1.0		__DUMMY__ 0.4550972353818371 neg 0.2945164580710166 off 0.25038630654714644	false	1.0
unwirksam	neg 1.0		__DUMMY__ 0.4502641235087904 neg 0.2957152471682569 off 0.25402062932295255	false	1.0
angreifen	neg 1.0		__DUMMY__ 0.45354693474983293 neg 0.29763462295167614 off 0.24881844229849107	false	1.0
inkonsistent	neg 1.0		__DUMMY__ 0.4497536590125911 neg 0.2950957116755845 off 0.2551506293118243	false	1.0
abrutschen	neg 1.0		__DUMMY__ 0.4561096725429131 neg 0.29794616436001703 off 0.2459441630970698	false	1.0
unsicher	neg 1.0		__DUMMY__ 0.4547972225888949 neg 0.28922927799926484 off 0.25597349941184033	false	1.0
bauernkind	off 1.0	off 1.0	off 0.6201981240476989 __DUMMY__ 0.21276699824925285 neg 0.1670348777030483	false	1.0
angreifer	neg 1.0	neg 1.0	neg 0.635333197370171 __DUMMY__ 0.21871853158484456 off 0.14594827104498445	false	1.0
trennen	neg 1.0		__DUMMY__ 0.45653486288794354 neg 0.29383967126132987 off 0.24962546585072656	false	1.0
schmutz	neg 1.0		__DUMMY__ 0.45322764981777697 neg 0.28959500805113003 off 0.25717734213109295	false	1.0
inkonsistenz	neg 1.0		__DUMMY__ 0.44760028753116793 neg 0.2919053090475053 off 0.26049440342132696	false	1.0
erschreckend	neg 1.0		__DUMMY__ 0.4525340113900045 neg 0.29330430463401785 off 0.25416168397597777	false	1.0
ertrinken	neg 1.0		__DUMMY__ 0.45291458961377257 neg 0.2980822959274073 off 0.24900311445882	false	1.0
pickelface	off 1.0		__DUMMY__ 0.45299809266309143 neg 0.2930672401694671 off 0.25393466716744156	false	0.5
seiner			__DUMMY__ 0.4547842516026854 neg 0.2953692666870797 off 0.24984648171023488	false	0.0
lauch	neg 1.0		__DUMMY__ 0.4560232487426246 neg 0.2975744481055455 off 0.2464023031518298	false	1.0
unwichtig	neg 1.0		__DUMMY__ 0.45018145449048186 neg 0.28881126719203765 off 0.2610072783174806	false	1.0
steuerhinterziehung	neg 1.0	neg 1.0	neg 0.6379802665719093 __DUMMY__ 0.2190946669786131 off 0.14292506644947744	false	1.0
schock	neg 1.0		__DUMMY__ 0.45287152278203135 neg 0.29322107901793015 off 0.2539073982000385	false	1.0
beule	neg 1.0		__DUMMY__ 0.4485419734212769 neg 0.2894029200513221 off 0.26205510652740094	false	1.0
vergelten	neg 1.0		__DUMMY__ 0.4513466773064432 neg 0.28308769270580025 off 0.26556562998775657	false	1.0
verdorbenheit	neg 1.0		__DUMMY__ 0.45432585940881215 neg 0.2891560498974442 off 0.25651809069374376	false	1.0
trauma	neg 1.0		__DUMMY__ 0.4521648306928759 neg 0.2916240094947578 off 0.2562111598123663	false	1.0
sinnlos	neg 1.0		__DUMMY__ 0.4523163038385785 neg 0.28957504887166763 off 0.25810864728975386	false	1.0
fettsack	off 1.0	off 1.0	off 0.6213270730963066 __DUMMY__ 0.213557503171337 neg 0.16511542373235635	false	1.0
feige	off 1.0	off 1.0	off 0.6180882141486251 __DUMMY__ 0.21639710228669676 neg 0.1655146835646781	false	1.0
abdanken	neg 1.0		__DUMMY__ 0.4523723832612773 neg 0.293577628687532 off 0.25404998805119067	false	1.0
wichtigtuer	off 1.0	off 1.0	off 0.6167716922561626 __DUMMY__ 0.21786830206263305 neg 0.16536000568120435	false	1.0
misslingen	neg 1.0		__DUMMY__ 0.4571085426549965 neg 0.28544333420114254 off 0.25744812314386084	false	1.0
untreu	off 1.0		__DUMMY__ 0.4502446187916746 neg 0.288078103311447 off 0.26167727789687834	false	0.5
missmutig	neg 1.0		__DUMMY__ 0.4506841644976998 neg 0.2885413962205701 off 0.26077443928173005	false	1.0
hurenbock	off 1.0		__DUMMY__ 0.45131551502265854 neg 0.29175470773662293 off 0.25692977724071847	false	0.5
betrunken	neg 1.0		__DUMMY__ 0.450027231478066 neg 0.2862271698966751 off 0.2637455986252588	false	1.0
korrupt	off 1.0		__DUMMY__ 0.4513157509670162 neg 0.2972800741937113 off 0.25140417483927247	false	0.5
unmut	neg 1.0		__DUMMY__ 0.4565608798818567 neg 0.2971842068494508 off 0.24625491326869267	false	1.0
hackfresse	off 1.0		__DUMMY__ 0.4459552233449179 neg 0.28400172554952835 off 0.2700430511055539	false	0.5
aufblasen	neg 1.0		__DUMMY__ 0.4528672781402352 neg 0.28938728331086844 off 0.2577454385488964	false	1.0
gewaltsam	neg 1.0		__DUMMY__ 0.4519503181613588 neg 0.2954563196746388 off 0.2525933621640024	false	1.0
unbeliebtheit	neg 1.0		__DUMMY__ 0.44838077904416146 neg 0.2927361943313309 off 0.2588830266245076	false	1.0
sturheit	neg 1.0		__DUMMY__ 0.45209827996821866 neg 0.2947873605260687 off 0.2531143595057127	false	1.0
kuh	neg 1.0		__DUMMY__ 0.44736646261790786 neg 0.2962412233246556 off 0.25639231405743657	false	1.0
erschrecken	neg 1.0		__DUMMY__ 0.4518319997276699 neg 0.2873054549139378 off 0.26086254535839226	false	1.0
opfer	neg 1.0		__DUMMY__ 0.45409813172239616 neg 0.29488588240081454 off 0.2510159858767893	false	1.0
sinken	neg 1.0		__DUMMY__ 0.45628699233616826 neg 0.2968549036428682 off 0.24685810402096353	false	1.0
stinktier	neg 1.0		__DUMMY__ 0.44222725796673795 neg 0.2931727165233779 off 0.2646000255098842	false	1.0
tucke	off 1.0		__DUMMY__ 0.44268947080307336 neg 0.2871841654139538 off 0.27012636378297283	false	0.5
ein			__DUMMY__ 0.45235447949232716 neg 0.2911983253941837 off 0.2564471951134892	false	0.0
abstieg	neg 1.0		__DUMMY__ 0.4538367990853837 neg 0.2968208180227396 off 0.24934238289187677	false	1.0
missverstehen	neg 1.0		__DUMMY__ 0.4505628758781005 neg 0.2908298138583834 off 0.2586073102635162	false	1.0
ergebnislos	neg 1.0		__DUMMY__ 0.454592114083271 neg 0.2961523866292651 off 0.2492554992874639	false	1.0
unter			__DUMMY__ 0.4607663437970578 neg 0.29779524403569674 off 0.24143841216724554	false	0.0
manipulieren	neg 1.0		__DUMMY__ 0.45550067931837085 neg 0.295305418427939 off 0.2491939022536902	false	1.0
unbewiesen	neg 1.0		__DUMMY__ 0.4500257596318451 neg 0.296094391074552 off 0.25387984929360297	false	1.0
verschleppen	neg 1.0		__DUMMY__ 0.4523693624303423 neg 0.2969953588159523 off 0.2506352787537053	false	1.0
weib	off 1.0		__DUMMY__ 0.44093975263244783 neg 0.29023049280108537 off 0.26882975456646685	false	0.5
opposition	neg 1.0		__DUMMY__ 0.45037901414204623 neg 0.29330868748660976 off 0.25631229837134406	false	1.0
verkehrswidrig	neg 1.0		__DUMMY__ 0.4509515610271802 neg 0.28229784476917735 off 0.26675059420364244	false	1.0
inkorrekt	neg 1.0		__DUMMY__ 0.4473719031597537 neg 0.287802187261552 off 0.2648259095786943	false	1.0
vermeiden	neg 1.0	neg 1.0	neg 0.6376799106596557 __DUMMY__ 0.22297749064649897 off 0.13934259869384535	false	1.0
abweichung	neg 1.0	neg 1.0	neg 0.6354217571824159 __DUMMY__ 0.221391889145358 off 0.1431863536722262	false	1.0
alkoholisiert	neg 1.0		__DUMMY__ 0.4552934731078983 neg 0.29467047542904307 off 0.2500360514630587	false	1.0
scheiss	off 1.0	off 1.0	off 0.6185536494773229 __DUMMY__ 0.2167272994814277 neg 0.16471905104124937	false	1.0
herausforderung	neg 1.0		__DUMMY__ 0.4565049196588602 neg 0.29339788791229854 off 0.25009719242884126	false	1.0
pervers	off 1.0		__DUMMY__ 0.4429276992698474 neg 0.2837043319045561 off 0.2733679688255966	false	0.5
wackelig	neg 1.0		__DUMMY__ 0.4569736898195757 neg 0.2888046709623592 off 0.2542216392180652	false	1.0
verwickeln	neg 1.0		__DUMMY__ 0.4510000769703521 neg 0.29095391872154047 off 0.2580460043081076	false	1.0
vorwand	neg 1.0		__DUMMY__ 0.45459264458769183 neg 0.29672609606607714 off 0.24868125934623114	false	1.0
muschi	off 1.0		__DUMMY__ 0.45302986447903293 neg 0.29281383807750505 off 0.2541562974434621	false	0.5
entmutigung	neg 1.0		__DUMMY__ 0.45153911758490106 neg 0.29219007179433715 off 0.25627081062076185	false	1.0
unangemessen	neg 1.0		__DUMMY__ 0.4520825341637868 neg 0.2950224242532458 off 0.2528950415829674	false	1.0
unstetig	neg 1.0		__DUMMY__ 0.4516213315569761 neg 0.2901328743230482 off 0.2582457941199758	false	1.0
entmutigen	neg 1.0		__DUMMY__ 0.45265932361030725 neg 0.29084004625480303 off 0.25650063013488983	false	1.0
schwanz	neg 1.0		__DUMMY__ 0.4536505630522751 neg 0.2953497044425453 off 0.25099973250517954	false	1.0
verbot	neg 1.0		__DUMMY__ 0.4530832967576157 neg 0.2954217576085603 off 0.2514949456338239	false	1.0
leid	neg 1.0		__DUMMY__ 0.44691831086028927 neg 0.2852958454406934 off 0.2677858436990173	false	1.0
archaisch	neg 1.0		__DUMMY__ 0.45239963195923916 neg 0.29438648154613684 off 0.25321388649462406	false	1.0
gegen			__DUMMY__ 0.4558906684643566 neg 0.29728974032661115 off 0.24681959120903216	false	0.0
scheidung	neg 1.0		__DUMMY__ 0.4448023878208048 off 0.2795834926812405 neg 0.27561411949795483	false	0.5
einschlag	neg 1.0		__DUMMY__ 0.44913658375311016 neg 0.28617901557974385 off 0.264684400667146	false	1.0
m			__DUMMY__ 0.45476801317711396 neg 0.2923789776261536 off 0.25285300919673226	false	0.0
abgestanden	neg 1.0		__DUMMY__ 0.4505816327895114 neg 0.29428488187343893 off 0.2551334853370495	false	1.0
schmierig	off 1.0		__DUMMY__ 0.4480093892986716 neg 0.2848144048287143 off 0.2671762058726142	false	0.5
unpraktisch	neg 1.0		__DUMMY__ 0.4525653924236565 neg 0.29014092962823534 off 0.2572936779481081	false	1.0
wixxer	off 1.0		__DUMMY__ 0.4411749390727655 neg 0.2859254790499988 off 0.2728995818772356	false	0.5
bezeichnet			__DUMMY__ 0.4507239740953899 neg 0.2947015911619281 off 0.25457443474268193	false	0.0
jammerlappen	off 1.0		__DUMMY__ 0.4516299883705733 neg 0.2867672758796763 off 0.2616027357497504	false	0.5
farce	neg 1.0		__DUMMY__ 0.4517771591747263 neg 0.2959101393193956 off 0.2523127015058783	false	1.0
zwecklos	neg 1.0		__DUMMY__ 0.45242627290898124 neg 0.2950673407663918 off 0.2525063863246269	false	1.0
turbulent	neg 1.0		__DUMMY__ 0.4477566352533553 neg 0.2903539894450762 off 0.2618893753015686	false	1.0
invasion	neg 1.0		__DUMMY__ 0.45169760764895905 neg 0.2907501069728658 off 0.25755228537817515	false	1.0
schuld	neg 1.0		__DUMMY__ 0.451414219324813 neg 0.29229768804433365 off 0.25628809263085317	false	1.0
risiko	neg 1.0	neg 1.0	neg 0.6341396404755907 __DUMMY__ 0.2199295448609638 off 0.14593081466344562	false	1.0
finster	neg 1.0		__DUMMY__ 0.45047864684351957 neg 0.29337562104721204 off 0.25614573210926833	false	1.0
geisteskrank	off 1.0		__DUMMY__ 0.447591539274799 neg 0.28994316385767566 off 0.2624652968675254	false	0.5
zusammenbrechen	neg 1.0		__DUMMY__ 0.45394558336348484 neg 0.29278510784169076 off 0.25326930879482445	false	1.0
ausbeute	neg 1.0		__DUMMY__ 0.46039216792535365 neg 0.28607742875817255 off 0.2535304033164739	false	1.0
hinterhalt	neg 1.0		__DUMMY__ 0.4543995060000857 neg 0.29244406168418213 off 0.25315643231573204	false	1.0
kritik	neg 1.0		__DUMMY__ 0.45162389552020415 neg 0.2963853937952586 off 0.2519907106845374	false	1.0
einschrumpfen	neg 1.0		__DUMMY__ 0.44885198885556565 neg 0.2920826789956812 off 0.25906533214875305	false	1.0
riskant	neg 1.0		__DUMMY__ 0.4533916030728628 neg 0.29696035349559874 off 0.24964804343153857	false	1.0
frustrieren	neg 1.0		__DUMMY__ 0.45378258993429976 neg 0.2951721278057216 off 0.2510452822599785	false	1.0
groll	neg 1.0		__DUMMY__ 0.45251223112149286 neg 0.29557968562590287 off 0.2519080832526043	false	1.0
gibt			__DUMMY__ 0.45451435900695636 neg 0.2918619003500861 off 0.2536237406429575	false	0.0
qualvoll	neg 1.0		__DUMMY__ 0.45088692371560785 neg 0.29048373926035553 off 0.2586293370240366	false	1.0
wackeln	neg 1.0		__DUMMY__ 0.4538966145968084 neg 0.289307451552152 off 0.2567959338510397	false	1.0
klagen	neg 1.0		__DUMMY__ 0.45574014990870637 neg 0.29731787356354544 off 0.2469419765277483	false	1.0
bankrott	neg 1.0		__DUMMY__ 0.45182984707180246 neg 0.287461744959465 off 0.2607084079687325	false	1.0
trauern	neg 1.0		__DUMMY__ 0.4546389255461803 neg 0.29484688775334894 off 0.25051418670047065	false	1.0
ablehnung	neg 1.0		__DUMMY__ 0.4521325113148235 neg 0.2960036715849015 off 0.25186381710027506	false	1.0
stur	neg 1.0		__DUMMY__ 0.4516177279624677 neg 0.29175614232142255 off 0.25662612971610965	false	1.0
aufruhr	neg 1.0	neg 1.0	neg 0.6367473268179211 __DUMMY__ 0.2192032951480508 off 0.144049378034028	false	1.0
melancholie	neg 1.0		__DUMMY__ 0.4537369384729293 neg 0.2949074341183669 off 0.25135562740870393	false	1.0
ist			__DUMMY__ 0.45245506436959054 neg 0.2897068630259191 off 0.2578380726044902	false	0.0
torheit	neg 1.0		__DUMMY__ 0.4527769086454821 neg 0.2915398648309852 off 0.2556832265235327	false	1.0
dreckskind	off 1.0		__DUMMY__ 0.44345644398534273 neg 0.2889498155618661 off 0.26759374045279116	false	0.5
umtauschen	neg 1.0		__DUMMY__ 0.4532441839357622 neg 0.2917735465493665 off 0.25498226951487113	false	1.0
zum			__DUMMY__ 0.46109063590662036 neg 0.2929573708381669 off 0.2459519932552126	false	0.0
zersetzen	neg 1.0		__DUMMY__ 0.4533834111184368 neg 0.29806144140688606 off 0.24855514747467722	false	1.0
zur			__DUMMY__ 0.45892197241251365 neg 0.2968952279956734 off 0.24418279959181285	false	0.0
frust	neg 1.0		__DUMMY__ 0.45429569949726245 neg 0.2923190176136144 off 0.2533852828891231	false	1.0
unerbittlichkeit	neg 1.0		__DUMMY__ 0.4539807632609829 neg 0.2973005970873657 off 0.2487186396516514	false	1.0
zwei			__DUMMY__ 0.45957556512683617 neg 0.293629283886021 off 0.2467951509871429	false	0.0
unkorrekt	neg 1.0		__DUMMY__ 0.44956180314434613 neg 0.2852041228506127 off 0.2652340740050412	false	1.0
hexe	off 1.0		__DUMMY__ 0.4458598666889775 neg 0.2947055031608505 off 0.259434630150172	false	0.5
lasch	neg 1.0		__DUMMY__ 0.4496596331097645 neg 0.2908614036324631 off 0.25947896325777253	false	1.0
rivale	neg 1.0		__DUMMY__ 0.4485867022117715 neg 0.28796301595818663 off 0.2634502818300419	false	1.0
mutlos	off 1.0	off 1.0	off 0.6118683926591745 __DUMMY__ 0.21918206621674047 neg 0.1689495411240852	false	1.0
wirr	off 1.0		__DUMMY__ 0.4466516801175857 neg 0.28831231262839735 off 0.26503600725401694	false	0.5
jahr			__DUMMY__ 0.4613125349639302 neg 0.2877680153476871 off 0.25091944968838265	false	0.0
wird			__DUMMY__ 0.45436900121714846 neg 0.2935999236578754 off 0.2520310751249762	false	0.0
strafbar	neg 1.0		__DUMMY__ 0.4545194949656369 neg 0.29468026315196527 off 0.2508002418823978	false	1.0
erosion	neg 1.0		__DUMMY__ 0.45423154851108066 neg 0.28992922941738747 off 0.255839222071532	false	1.0
eingehen	neg 1.0		__DUMMY__ 0.45364210576794356 neg 0.29567321366008353 off 0.2506846805719728	false	1.0
faul	off 1.0		__DUMMY__ 0.4514849137288905 neg 0.2879557842701625 off 0.26055930200094696	false	0.5
provisorium	neg 1.0		__DUMMY__ 0.4626217642552016 neg 0.29433219176521436 off 0.24304604397958393	false	1.0
schmerzen	neg 1.0		__DUMMY__ 0.45200366830714694 neg 0.29443563825591823 off 0.25356069343693477	false	1.0
schrumpfen	neg 1.0		__DUMMY__ 0.4561246535514756 neg 0.3003092779201549 off 0.24356606852836948	false	1.0
geistlos	off 1.0		__DUMMY__ 0.4485405705820985 neg 0.2941075863252736 off 0.25735184309262793	false	0.5
fehlkauf	neg 1.0		__DUMMY__ 0.45146906227783135 neg 0.29139460341106876 off 0.25713633431109983	false	1.0
frustrierend	neg 1.0		__DUMMY__ 0.4514923653503022 neg 0.28830899362658363 off 0.2601986410231141	false	1.0
unzufrieden	neg 1.0		__DUMMY__ 0.45304457754427013 neg 0.2945858488534322 off 0.25236957360229767	false	1.0
verzweifeln	neg 1.0		__DUMMY__ 0.4533289256696078 neg 0.2924523945552568 off 0.25421867977513535	false	1.0
verzweifelt	neg 1.0	neg 1.0	neg 0.6367173704966007 __DUMMY__ 0.21782730421106777 off 0.14545532529233146	false	1.0
misstrauensantrag	neg 1.0		__DUMMY__ 0.4513507138154674 neg 0.2910836163677734 off 0.2575656698167594	false	1.0
abfallen	neg 1.0		__DUMMY__ 0.4538690722943542 neg 0.28925284166712034 off 0.25687808603852547	false	1.0
fucker	off 1.0		__DUMMY__ 0.4492724427672391 neg 0.28627667335759965 off 0.26445088387516125	false	0.5
ungezogen	neg 1.0		__DUMMY__ 0.4442425372031773 neg 0.28303638790123953 off 0.27272107489558317	false	1.0
irrsinnig	neg 1.0	neg 1.0	neg 0.6362067277674447 __DUMMY__ 0.21820657648106875 off 0.14558669575148658	false	1.0
unfassbar	neg 1.0		__DUMMY__ 0.45095920489167796 neg 0.28611793492753546 off 0.2629228601807866	false	1.0
hart	neg 1.0		__DUMMY__ 0.44809459507570526 neg 0.2910053019944235 off 0.26090010292987137	false	1.0
widerlich	off 1.0		__DUMMY__ 0.44873115811987374 neg 0.28835602876619626 off 0.2629128131139299	false	0.5
fatal	neg 1.0		__DUMMY__ 0.45140998509031166 neg 0.29074501669551767 off 0.2578449982141706	false	1.0
bruch	neg 1.0		__DUMMY__ 0.4559119984133327 neg 0.2966392439435288 off 0.24744875764313845	false	1.0
aushungern	neg 1.0		__DUMMY__ 0.45353180297302326 neg 0.29364006499579737 off 0.2528281320311794	false	1.0
anspannung	neg 1.0		__DUMMY__ 0.4585216683868612 neg 0.29661272534213445 off 0.24486560627100437	false	1.0
von			__DUMMY__ 0.4624449975184884 neg 0.2861836764264958 off 0.2513713260550157	false	0.0
kraftlos	neg 1.0		__DUMMY__ 0.45434345691452677 neg 0.29299825304039884 off 0.25265829004507434	false	1.0
vom			__DUMMY__ 0.4628275974963572 neg 0.2934938173986905 off 0.24367858510495216	false	0.0
grenzdebil	off 1.0		__DUMMY__ 0.4507339214587532 neg 0.28599261660816405 off 0.26327346193308276	false	0.5
vor			__DUMMY__ 0.45711906882380443 neg 0.2940859279089449 off 0.2487950032672506	false	0.0
unterwerfen	neg 1.0		__DUMMY__ 0.4537037055264665 neg 0.2954998376836883 off 0.2507964567898453	false	1.0
versenkung	neg 1.0		__DUMMY__ 0.4558608677275042 neg 0.2923220148487565 off 0.2518171174237393	false	1.0
entziehen	neg 1.0		__DUMMY__ 0.4555136486109553 neg 0.2969551010110888 off 0.2475312503779558	false	1.0
finanzkrise	neg 1.0		__DUMMY__ 0.45023406499964025 neg 0.29722109390189017 off 0.25254484109846964	false	1.0
schimpfend	neg 1.0		__DUMMY__ 0.45144348088851893 neg 0.2911913189337966 off 0.2573652001776845	false	1.0
profan	neg 1.0		__DUMMY__ 0.45108532064934714 neg 0.2905203527672686 off 0.25839432658338424	false	1.0
korruption	neg 1.0		__DUMMY__ 0.4528011355170057 neg 0.296153003848737 off 0.25104586063425727	false	1.0
â			__DUMMY__ 0.4549563391669649 neg 0.29286898673243456 off 0.2521746741006004	false	0.0
schmutzig	neg 1.0		__DUMMY__ 0.45073463015803483 neg 0.2854367915303658 off 0.26382857831159945	false	1.0
sexy	neg 1.0		__DUMMY__ 0.4517552738204333 neg 0.2884478936829162 off 0.2597968324966504	false	1.0
abraten	neg 1.0		__DUMMY__ 0.4530333175559797 neg 0.28867730196995867 off 0.2582893804740616	false	1.0
schwarz	neg 1.0		__DUMMY__ 0.4516440444183029 neg 0.2913639243016938 off 0.2569920312800033	false	1.0
fotze	off 1.0	off 1.0	off 0.6134354717890549 __DUMMY__ 0.21977399323893637 neg 0.16679053497200877	false	1.0
verwirren	neg 1.0		__DUMMY__ 0.4516290478867462 neg 0.28914799200819374 off 0.25922296010506013	false	1.0
zahnlos	off 1.0		__DUMMY__ 0.4527739113664645 neg 0.29393018222102024 off 0.2532959064125152	false	0.5
verheeren	neg 1.0		__DUMMY__ 0.44374736225750444 neg 0.2822257075746071 off 0.2740269301678884	false	1.0
hippie	neg 1.0		__DUMMY__ 0.4515219389999356 neg 0.2892676331778879 off 0.2592104278221765	false	1.0
rammen	neg 1.0		__DUMMY__ 0.44800320647036085 neg 0.29689016954725006 off 0.25510662398238904	false	1.0
unlauter	neg 1.0		__DUMMY__ 0.4508264525966922 neg 0.2933159857454922 off 0.2558575616578157	false	1.0
unheilvoll	neg 1.0		__DUMMY__ 0.4508845784134006 neg 0.29221963521308647 off 0.256895786373513	false	1.0
niedrig	neg 1.0		__DUMMY__ 0.4528852347977287 neg 0.298190259563481 off 0.24892450563879026	false	1.0
explosion	neg 1.0		__DUMMY__ 0.4521839244161422 neg 0.2889179624019427 off 0.25889811318191525	false	1.0
weichei	off 1.0	off 1.0	off 0.6222436495322662 __DUMMY__ 0.21517192369519586 neg 0.16258442677253798	false	1.0
minusmensch	off 1.0		__DUMMY__ 0.44044544362267657 neg 0.2903122092598824 off 0.269242347117441	false	0.5
farblos	neg 1.0		__DUMMY__ 0.4515115627247209 neg 0.29451529067502746 off 0.25397314660025155	false	1.0
unwissend	neg 1.0	neg 1.0	neg 0.6339374095304591 __DUMMY__ 0.21762402433425604 off 0.1484385661352848	false	1.0
traurig	neg 1.0		__DUMMY__ 0.4498388882748072 neg 0.28441171034606233 off 0.26574940137913056	false	1.0
senkung	neg 1.0		__DUMMY__ 0.44988928514515714 neg 0.2923114982298222 off 0.2577992166250207	false	1.0
ungleich	neg 1.0	neg 1.0	neg 0.6379963253414991 __DUMMY__ 0.22014038511842754 off 0.14186328954007332	false	1.0
heikel	neg 1.0		__DUMMY__ 0.45409974808130565 neg 0.29592264028478893 off 0.24997761163390542	false	1.0
drosselung	neg 1.0		__DUMMY__ 0.44891931234200955 neg 0.288888098378574 off 0.2621925892794163	false	1.0
falsch	neg 1.0		__DUMMY__ 0.4512223793353965 neg 0.28834417660674705 off 0.26043344405785657	false	1.0
unzufriedenheit	neg 1.0		__DUMMY__ 0.4547945619997765 neg 0.29702816433856627 off 0.24817727366165712	false	1.0
kurz	neg 1.0		__DUMMY__ 0.4562703290414102 neg 0.2890352072695733 off 0.2546944636890166	false	1.0
unsinnig	neg 1.0		__DUMMY__ 0.4527375455274084 neg 0.2936343819324276 off 0.2536280725401639	false	1.0
penner	off 1.0	off 1.0	off 0.6232985998152528 __DUMMY__ 0.21495982216504575 neg 0.16174157801970138	false	1.0
seicht	neg 1.0		__DUMMY__ 0.4443139628237 neg 0.28352168302463765 off 0.2721643541516623	false	1.0
dummheit	off 1.0	off 1.0	off 0.6166034392414593 __DUMMY__ 0.21700911379659887 neg 0.1663874469619417	false	1.0
unerfreulich	neg 1.0		__DUMMY__ 0.45582335130071866 neg 0.29461186580665055 off 0.24956478289263084	false	1.0
motherfucker	off 1.0	off 1.0	off 0.6196754038734742 __DUMMY__ 0.21684281315550075 neg 0.16348178297102503	false	1.0
pikiert	neg 1.0		__DUMMY__ 0.448503751334778 neg 0.2897953596339882 off 0.26170088903123384	false	1.0
wrack	neg 1.0		__DUMMY__ 0.4524991216475649 neg 0.295684943146038 off 0.2518159352063971	false	1.0
gangster	neg 1.0		__DUMMY__ 0.451450610568658 neg 0.289289366860963 off 0.259260022570379	false	1.0
krank	neg 1.0		__DUMMY__ 0.4514352820495548 neg 0.2849932157256006 off 0.26357150222484443	false	1.0
reich	neg 1.0		__DUMMY__ 0.4504566501335904 neg 0.28829461869956724 off 0.26124873116684244	false	1.0
gnadenlos	neg 1.0		__DUMMY__ 0.4515063088061358 neg 0.29210554173011094 off 0.25638814946375343	false	1.0
niedergeschlagen	neg 1.0		__DUMMY__ 0.45352322846974047 neg 0.29285378939863205 off 0.25362298213162743	false	1.0
terrorisieren	off 1.0	off 1.0	off 0.6124135682229503 __DUMMY__ 0.22009215113138997 neg 0.1674942806456597	false	1.0
sinnlosigkeit	neg 1.0		__DUMMY__ 0.4530971368545569 neg 0.29416128595927843 off 0.2527415771861646	false	1.0
behindern	neg 1.0		__DUMMY__ 0.45293212995200666 neg 0.2927935671747901 off 0.25427430287320335	false	1.0
undemokratisch	neg 1.0		__DUMMY__ 0.45198390009652895 neg 0.29180935377752126 off 0.25620674612594974	false	1.0
wirtschaftskrise	neg 1.0		__DUMMY__ 0.45171763275520277 neg 0.297991641194986 off 0.25029072604981123	false	1.0
neid	neg 1.0		__DUMMY__ 0.4530698998291829 neg 0.28599018850463526 off 0.2609399116661818	false	1.0
rutschen	neg 1.0		__DUMMY__ 0.45983514340948906 neg 0.29343528492999843 off 0.24672957166051251	false	1.0
rezession	neg 1.0		__DUMMY__ 0.44409938656479425 neg 0.2921528271964914 off 0.2637477862387144	false	1.0
fehlgeburt	neg 1.0		__DUMMY__ 0.45200134968449535 neg 0.2907937513679862 off 0.25720489894751836	false	1.0
charakterschwach	off 1.0		__DUMMY__ 0.44877962459340087 neg 0.28856508052200047 off 0.2626552948845987	false	0.5
isolation	neg 1.0		__DUMMY__ 0.451596642576321 neg 0.2885835979458665 off 0.25981975947781255	false	1.0
ablenkung	neg 1.0		__DUMMY__ 0.45441586100813136 neg 0.2894393466676753 off 0.2561447923241933	false	1.0
pech	neg 1.0		__DUMMY__ 0.45174424372411265 neg 0.28815931291487423 off 0.26009644336101306	false	1.0
vermeidung	neg 1.0		__DUMMY__ 0.4493167236746496 neg 0.28813980910756143 off 0.26254346721778893	false	1.0
dominieren	neg 1.0		__DUMMY__ 0.4540919956193344 neg 0.2953715729664793 off 0.2505364314141863	false	1.0
schwindlig	neg 1.0		__DUMMY__ 0.4526193231970158 neg 0.2891157697124082 off 0.2582649070905759	false	1.0
lutscher	neg 1.0	neg 1.0	neg 0.6312231213320226 __DUMMY__ 0.21404776050506188 off 0.15472911816291549	false	1.0
pflicht	neg 1.0		__DUMMY__ 0.45465208830304116 neg 0.2967336438539349 off 0.2486142678430239	false	1.0
faschist	off 1.0		__DUMMY__ 0.4512339696970622 neg 0.2895226385236106 off 0.2592433917793272	false	0.5
verschleudern	neg 1.0		__DUMMY__ 0.4544672734246583 neg 0.2956332878498451 off 0.2498994387254966	false	1.0
wenn			__DUMMY__ 0.45109216140058034 neg 0.2883885540895125 off 0.260519284509907	false	0.0
ehebruch	neg 1.0		__DUMMY__ 0.4532221855853107 neg 0.29561701174131255 off 0.2511608026733767	false	1.0
spott	off 1.0		__DUMMY__ 0.45358484480392885 neg 0.29567947530360117 off 0.25073567989247003	false	0.5
trostlosigkeit	neg 1.0		__DUMMY__ 0.45469105955358075 neg 0.29763930177495285 off 0.24766963867146638	false	1.0
lutschen	neg 1.0		__DUMMY__ 0.44877194573112256 neg 0.2925679629242127 off 0.2586600913446648	false	1.0
undiszipliniert	neg 1.0		__DUMMY__ 0.4491866455898043 neg 0.28603122622202054 off 0.2647821281881751	false	1.0
kopfschmerz	neg 1.0		__DUMMY__ 0.451256393677664 neg 0.2969662425970362 off 0.2517773637252999	false	1.0
unvorhergesehen	neg 1.0		__DUMMY__ 0.45739558386368917 neg 0.2918968567466234 off 0.2507075593896874	false	1.0
desinteressiert	neg 1.0	neg 1.0	neg 0.6331800905863638 __DUMMY__ 0.21690218370460387 off 0.14991772570903228	false	1.0
armselig	off 1.0		__DUMMY__ 0.4475779612470418 neg 0.28734662887405693 off 0.26507540987890144	false	0.5
desaster	neg 1.0		__DUMMY__ 0.4560268954248143 neg 0.2972306863374678 off 0.24674241823771786	false	1.0
tod	neg 1.0		__DUMMY__ 0.45330784081379455 neg 0.29551073308768067 off 0.25118142609852473	false	1.0
herzlos	neg 1.0		__DUMMY__ 0.4484925109914644 neg 0.28618205947951025 off 0.2653254295290254	false	1.0
unwissenheit	neg 1.0		__DUMMY__ 0.4526789397562247 neg 0.2952104954655991 off 0.2521105647781761	false	1.0
widersinnig	neg 1.0		__DUMMY__ 0.4516532270446851 neg 0.2964856491721788 off 0.2518611237831362	false	1.0
bedenklich	neg 1.0		__DUMMY__ 0.4534370050540826 neg 0.2952949477550858 off 0.2512680471908317	false	1.0
beanstanden	neg 1.0		__DUMMY__ 0.4555645192247997 neg 0.29590611473120626 off 0.248529366043994	false	1.0
panisch	neg 1.0	neg 1.0	neg 0.6330726028439875 __DUMMY__ 0.21984010532904497 off 0.14708729182696753	false	1.0
debil	off 1.0		__DUMMY__ 0.4587067264794597 neg 0.2989319315888418 off 0.24236134193169856	false	0.5
abstrich	neg 1.0		__DUMMY__ 0.45566842288550724 neg 0.2895316913358459 off 0.25479988577864676	false	1.0
primitiv	neg 1.0		__DUMMY__ 0.44880751765334803 neg 0.2879580860900831 off 0.2632343962565689	false	1.0
abschaum	off 1.0	off 1.0	off 0.6183906971412176 __DUMMY__ 0.2169988371846796 neg 0.1646104656741029	false	1.0
provozieren	neg 1.0		__DUMMY__ 0.4508011683481192 neg 0.29328828656208394 off 0.2559105450897968	false	1.0
tot	neg 1.0		__DUMMY__ 0.4531848330466193 neg 0.2950062432323175 off 0.25180892372106317	false	1.0
instabil	neg 1.0		__DUMMY__ 0.44789493977283845 neg 0.28782372054581185 off 0.2642813396813498	false	1.0
schwuchtel	off 1.0	off 1.0	off 0.6266676087203206 __DUMMY__ 0.2123024968674925 neg 0.16102989441218707	false	1.0
zerren	neg 1.0		__DUMMY__ 0.4535733316590922 neg 0.29347908803643896 off 0.2529475803044688	false	1.0
kinderficker	off 1.0		__DUMMY__ 0.44731677613755627 neg 0.28429059584717903 off 0.26839262801526476	false	0.5
gefahr	neg 1.0		__DUMMY__ 0.4557818291954358 neg 0.2959186977412057 off 0.24829947306335837	false	1.0
rabiat	neg 1.0		__DUMMY__ 0.4528306495260419 neg 0.29162756958311703 off 0.2555417808908411	false	1.0
verlangsamung	neg 1.0		__DUMMY__ 0.4430996796775578 neg 0.2881866486120914 off 0.2687136717103507	false	1.0
ausgestorben	neg 1.0		__DUMMY__ 0.45355276697042735 neg 0.2910615164712531 off 0.2553857165583196	false	1.0
anklagen	neg 1.0		__DUMMY__ 0.4527574418014365 neg 0.29598729665290835 off 0.2512552615456551	false	1.0
trott	neg 1.0		__DUMMY__ 0.4529141566285252 neg 0.29235127836591485 off 0.25473456500556	false	1.0
verminderung	neg 1.0		__DUMMY__ 0.44959072909535386 neg 0.28717128703063666 off 0.2632379838740096	false	1.0
nach			__DUMMY__ 0.46049837224716195 neg 0.2940777004893833 off 0.24542392726345472	false	0.0
rost	neg 1.0		__DUMMY__ 0.4459914053810865 neg 0.2857442973002224 off 0.2682642973186912	false	1.0
destruktiv	neg 1.0		__DUMMY__ 0.45207485742547543 neg 0.2930951435670689 off 0.2548299990074557	false	1.0
unzumutbarkeit	neg 1.0		__DUMMY__ 0.4500602819180596 neg 0.2883751783719173 off 0.26156453971002314	false	1.0
labil	off 1.0	off 1.0	off 0.6178978878553011 __DUMMY__ 0.21735744805888801 neg 0.16474466408581087	false	1.0
ziemlich	neg 1.0		__DUMMY__ 0.4515876848709374 neg 0.2854404566602524 off 0.2629718584688101	false	1.0
lachnummer	off 1.0		__DUMMY__ 0.451785358143075 neg 0.2926134801036769 off 0.25560116175324804	false	0.5
oder			__DUMMY__ 0.4540552228240844 neg 0.2889278631480817 off 0.25701691402783394	false	0.0
verfall	neg 1.0		__DUMMY__ 0.456637710382715 neg 0.29949431537252447 off 0.24386797424476062	false	1.0
ausgrenzung	neg 1.0		__DUMMY__ 0.451560662558137 neg 0.29161808832961084 off 0.2568212491122522	false	1.0
unordnung	neg 1.0		__DUMMY__ 0.450306436444366 neg 0.2847856013716637 off 0.2649079621839703	false	1.0
fehlverhalten	neg 1.0		__DUMMY__ 0.45328896396382073 neg 0.29784245204216914 off 0.24886858399401016	false	1.0
eine			__DUMMY__ 0.4569643935233375 neg 0.29346756842533583 off 0.2495680380513267	false	0.0
nille	neg 1.0		__DUMMY__ 0.45341572026528 neg 0.2917677591693809 off 0.2548165205653391	false	1.0
qual	neg 1.0		__DUMMY__ 0.4532089574752599 neg 0.2924619556776496 off 0.2543290868470906	false	1.0
verschwenden	neg 1.0		__DUMMY__ 0.4532903569701818 neg 0.29637060636474033 off 0.2503390366650779	false	1.0
riesig	neg 1.0		__DUMMY__ 0.4542594631880732 neg 0.2946073200741609 off 0.25113321673776584	false	1.0
verurteilen	neg 1.0		__DUMMY__ 0.4519465303023667 neg 0.2963609559669594 off 0.251692513730674	false	1.0
klischee	neg 1.0	neg 1.0	neg 0.6350815037118063 __DUMMY__ 0.21755074054946055 off 0.14736775573873317	false	1.0
diktatorisch	neg 1.0		__DUMMY__ 0.4510556980638795 neg 0.2929090005296141 off 0.25603530140650654	false	1.0
vorhersehbar	neg 1.0		__DUMMY__ 0.4501215185142306 neg 0.2911133906405951 off 0.25876509084517424	false	1.0
sowie			__DUMMY__ 0.4456961257620526 neg 0.2874641766942505 off 0.26683969754369696	false	0.0
stornieren	neg 1.0		__DUMMY__ 0.4566055080267853 neg 0.28400484828362954 off 0.25938964368958517	false	1.0
besteuerung	neg 1.0		__DUMMY__ 0.4489878843012708 neg 0.29648601761098686 off 0.25452609808774224	false	1.0
ungeschminkt	neg 1.0		__DUMMY__ 0.44571307945734573 neg 0.29290362970958184 off 0.26138329083307255	false	1.0
kritisch	neg 1.0		__DUMMY__ 0.4540221827197887 neg 0.29483200421960737 off 0.251145813060604	false	1.0
schlamperei	off 1.0		__DUMMY__ 0.4550351392216626 neg 0.2952960463862181 off 0.24966881439211927	false	0.5
sucht	neg 1.0	neg 1.0	neg 0.6330834243116157 __DUMMY__ 0.2209524217635599 off 0.1459641539248244	false	1.0
egoistisch	off 1.0		__DUMMY__ 0.44621545686705266 neg 0.2855162962611972 off 0.26826824687175005	false	0.5
ausbeuter	off 1.0		__DUMMY__ 0.45277512536891473 neg 0.29855249297128067 off 0.2486723816598045	false	0.5
arschgeburt	off 1.0		__DUMMY__ 0.4391978345939232 neg 0.28545804244998685 off 0.27534412295608995	false	0.5
schubs	neg 1.0		__DUMMY__ 0.4539716230924951 neg 0.29285271734199037 off 0.25317565956551435	false	1.0
unsolide	neg 1.0		__DUMMY__ 0.4502466898922524 neg 0.29312808784838296 off 0.2566252222593645	false	1.0
beschwerde	neg 1.0		__DUMMY__ 0.45320177360896563 neg 0.29683316720861114 off 0.24996505918242323	false	1.0
stocken	neg 1.0		__DUMMY__ 0.4540370500190435 neg 0.29631791158086174 off 0.24964503840009478	false	1.0
isolieren	neg 1.0		__DUMMY__ 0.45412339680523317 neg 0.2940607104432582 off 0.25181589275150856	false	1.0
unheilbar	neg 1.0		__DUMMY__ 0.4529984818966918 neg 0.29115332951315814 off 0.2558481885901501	false	1.0
pisser	off 1.0		__DUMMY__ 0.44608835376421635 neg 0.2902793258451513 off 0.26363232039063234	false	0.5
löschen	neg 1.0		__DUMMY__ 0.4525926524522705 neg 0.2924053978706732 off 0.2550019496770564	false	1.0
durchfallen	neg 1.0		__DUMMY__ 0.452964802985008 neg 0.29540066045601976 off 0.25163453655897217	false	1.0
wichser	off 1.0	off 1.0	off 0.6252531698833521 __DUMMY__ 0.21395765097586605 neg 0.16078917914078192	false	1.0
terror	neg 1.0		__DUMMY__ 0.45190430353987177 neg 0.2891042935450613 off 0.2589914029150671	false	1.0
krass	neg 1.0		__DUMMY__ 0.4472477164677769 neg 0.2870900215107132 off 0.26566226202151005	false	1.0
revolte	neg 1.0		__DUMMY__ 0.4506823365133782 neg 0.2923227903435688 off 0.25699487314305286	false	1.0
besorgt	neg 1.0		__DUMMY__ 0.4563173167856118 neg 0.2894180247683584 off 0.25426465844602963	false	1.0
nachlassen	neg 1.0		__DUMMY__ 0.4561513732999405 neg 0.29333042343421284 off 0.2505182032658465	false	1.0
alt	neg 1.0		__DUMMY__ 0.4526504035748859 neg 0.2955629051410633 off 0.25178669128405073	false	1.0
hundesohn	off 1.0		__DUMMY__ 0.44289288680856814 neg 0.2850129845221392 off 0.2720941286692927	false	0.5
als			__DUMMY__ 0.45464228787829003 neg 0.2920063646948176 off 0.25335134742689236	false	0.0
abschreckung	neg 1.0		__DUMMY__ 0.454930447121299 neg 0.2971373416976826 off 0.2479322111810184	false	1.0
unqualifiziert	neg 1.0		__DUMMY__ 0.4499141367387393 neg 0.2902355309383755 off 0.25985033232288524	false	1.0
abgewichst	off 1.0		__DUMMY__ 0.4541209614023832 neg 0.2916316599418178 off 0.254247378655799	false	0.5
schwer	neg 1.0		__DUMMY__ 0.45280255194062474 neg 0.29251287561964023 off 0.2546845724397349	false	1.0
bedeutungslosigkeit	neg 1.0		__DUMMY__ 0.454492058833971 neg 0.29634269442430555 off 0.24916524674172358	false	1.0
kapitulation	neg 1.0		__DUMMY__ 0.4539847305657838 neg 0.2954087093160264 off 0.2506065601181897	false	1.0
unscharf	neg 1.0		__DUMMY__ 0.44961361564284485 neg 0.29294054443638284 off 0.25744583992077213	false	1.0
schwinden	neg 1.0		__DUMMY__ 0.45426067946488735 neg 0.2971692787695701 off 0.24857004176554262	false	1.0
versklavung	neg 1.0		__DUMMY__ 0.45153707100012735 neg 0.2928438429317502 off 0.25561908606812245	false	1.0
schlecht	neg 1.0		__DUMMY__ 0.4516383856208489 neg 0.28515255893049846 off 0.2632090554486527	false	1.0
verhasst	neg 1.0		__DUMMY__ 0.4497026296760463 neg 0.2940892719486521 off 0.2562080983753017	false	1.0
beschweren	neg 1.0		__DUMMY__ 0.45247981081261035 neg 0.28947638650776475 off 0.25804380267962485	false	1.0
scheiden	neg 1.0		__DUMMY__ 0.4545123921817451 neg 0.28969573536605175 off 0.25579187245220303	false	1.0
frustriert	neg 1.0		__DUMMY__ 0.4527983973790406 neg 0.293683370618336 off 0.2535182320026234	false	1.0
schimmelig	neg 1.0		__DUMMY__ 0.4506802063946357 neg 0.2986692768347641 off 0.2506505167706002	false	1.0
fisch	neg 1.0		__DUMMY__ 0.4528710421983392 neg 0.2994650070514435 off 0.2476639507502173	false	1.0
schmuggel	neg 1.0		__DUMMY__ 0.4530404177300405 neg 0.2980557821832495 off 0.24890380008671012	false	1.0
auffallen	neg 1.0		__DUMMY__ 0.45195184678667066 neg 0.28916163549463036 off 0.2588865177186991	false	1.0
konkurrenz	neg 1.0		__DUMMY__ 0.4563556307851397 neg 0.2955641048423894 off 0.24808026437247077	false	1.0
teufelskreis	neg 1.0	neg 1.0	neg 0.6374823771598287 __DUMMY__ 0.21818524953132284 off 0.1443323733088484	false	1.0
aufschreien	neg 1.0		__DUMMY__ 0.45071833866107414 neg 0.29075874960373616 off 0.25852291173518954	false	1.0
schuldner	neg 1.0		__DUMMY__ 0.4529116370505162 neg 0.2993565769238574 off 0.24773178602562645	false	1.0
missgeburt	off 1.0	off 1.0	off 0.6219563518275547 __DUMMY__ 0.2135545453620581 neg 0.16448910281038726	false	1.0
arbeitslos	neg 1.0		__DUMMY__ 0.4527297367244551 neg 0.29529554602332 off 0.2519747172522249	false	1.0
befallen	neg 1.0		__DUMMY__ 0.45047439502075887 neg 0.2975061655815833 off 0.25201943939765775	false	1.0
miesepetrig	off 1.0	off 1.0	off 0.6189134114711284 __DUMMY__ 0.21804376280466634 neg 0.16304282572420525	false	1.0
alarmieren	neg 1.0		__DUMMY__ 0.4479990028355941 neg 0.2928206879084029 off 0.25918030925600316	false	1.0
ungeduscht	off 1.0		__DUMMY__ 0.4484336179547715 neg 0.2921384159889296 off 0.25942796605629886	false	0.5
knappheit	neg 1.0		__DUMMY__ 0.4519767719943474 neg 0.29712900554267335 off 0.2508942224629794	false	1.0
schlange	neg 1.0		__DUMMY__ 0.454546144567336 neg 0.28738192864661305 off 0.25807192678605095	false	1.0
harsch	neg 1.0		__DUMMY__ 0.4487530997245214 neg 0.2839080891518294 off 0.26733881112364916	false	1.0
lang	neg 1.0		__DUMMY__ 0.452653740481538 neg 0.29113763660796055 off 0.2562086229105014	false	1.0
ziellos	neg 1.0		__DUMMY__ 0.4555269831675677 neg 0.29245295137101995 off 0.25202006546141237	false	1.0
selbstverliebt	neg 1.0		__DUMMY__ 0.44231139505180156 neg 0.2839594618772248 off 0.27372914307097373	false	1.0
beseitigen	neg 1.0		__DUMMY__ 0.4536706187506804 neg 0.29282271803094884 off 0.25350666321837084	false	1.0
dumm	off 1.0		__DUMMY__ 0.4466993087006476 neg 0.283913177361123 off 0.26938751393822935	false	0.5
arbeitsloser	neg 1.0		__DUMMY__ 0.4550795148173366 neg 0.2920743710888793 off 0.25284611409378405	false	1.0
blitzen	neg 1.0		__DUMMY__ 0.4517867517879185 neg 0.28900290450444605 off 0.2592103437076356	false	1.0
hilflos	neg 1.0		__DUMMY__ 0.4524032922389003 neg 0.2948870993144881 off 0.2527096084466115	false	1.0
eklig	off 1.0		__DUMMY__ 0.44394415709583657 neg 0.2869971083816819 off 0.26905873452248147	false	0.5
begriff			__DUMMY__ 0.45325845365747514 neg 0.292071731195995 off 0.2546698151465299	false	0.0
hungersnot	neg 1.0		__DUMMY__ 0.452486909355225 neg 0.2959635356377294 off 0.2515495550070456	false	1.0
ungesetzlich	neg 1.0		__DUMMY__ 0.4505303891841682 neg 0.29396886677312467 off 0.25550074404270723	false	1.0
verschwendung	neg 1.0		__DUMMY__ 0.4541461069342907 neg 0.29584368526877974 off 0.2500102077969297	false	1.0
schmerzvoll	neg 1.0		__DUMMY__ 0.45174976210598344 neg 0.2909693414212352 off 0.25728089647278135	false	1.0
vorzeitig	neg 1.0		__DUMMY__ 0.45035232925631213 neg 0.291670307395554 off 0.257977363348134	false	1.0
unvollkommenheit	neg 1.0		__DUMMY__ 0.45622860253005426 neg 0.2911140048991532 off 0.25265739257079245	false	1.0
intervenieren	neg 1.0		__DUMMY__ 0.45354867538047366 neg 0.29692051667361674 off 0.24953080794590957	false	1.0
banause	off 1.0		__DUMMY__ 0.4412932861895716 neg 0.2873176181046851 off 0.2713890957057433	false	0.5
rebell	neg 1.0		__DUMMY__ 0.4548341537813541 neg 0.2999412924365927 off 0.24522455378205327	false	1.0
unlogisch	neg 1.0		__DUMMY__ 0.44802522804881145 neg 0.2870300126494749 off 0.26494475930171363	false	1.0
leiden	neg 1.0		__DUMMY__ 0.457007141683602 neg 0.2932228702613134 off 0.2497699880550845	false	1.0
abschaffung	neg 1.0		__DUMMY__ 0.45239074692689296 neg 0.29210602332866964 off 0.25550322974443734	false	1.0
sturz	neg 1.0		__DUMMY__ 0.45186050230734615 neg 0.2934437474568165 off 0.25469575023583724	false	1.0
verkleinerung	neg 1.0		__DUMMY__ 0.4493288106886147 neg 0.29275299679655503 off 0.2579181925148303	false	1.0
schmarotzer	off 1.0		__DUMMY__ 0.45223170977942917 neg 0.2948962804957353 off 0.25287200972483553	false	0.5
bestrafung	neg 1.0		__DUMMY__ 0.4516182984656421 neg 0.29216789087116235 off 0.2562138106631956	false	1.0
achtlos	neg 1.0	neg 1.0	neg 0.6358491872797553 __DUMMY__ 0.2195318801592097 off 0.1446189325610351	false	1.0
ungeheuer	neg 1.0		__DUMMY__ 0.45154715303562293 neg 0.2904227920212127 off 0.2580300549431643	false	1.0
unaufrichtig	neg 1.0		__DUMMY__ 0.45395985715476134 neg 0.28607769174517417 off 0.2599624511000645	false	1.0
groggy	neg 1.0		__DUMMY__ 0.4512116745286976 neg 0.2900102044269837 off 0.2587781210443187	false	1.0
verletzlich	neg 1.0		__DUMMY__ 0.4474258499309281 neg 0.290717795265025 off 0.2618563548040468	false	1.0
ablehnen	neg 1.0		__DUMMY__ 0.4539788742439614 neg 0.29397857020304546 off 0.25204255555299326	false	1.0
