unsolidarisch	neg 1.0		neg 0.36748266863719026 off 0.3171611091081035 __DUMMY__ 0.3153562222547063	false	1.0
nachteilig	neg 1.0		neg 0.36819546038277945 __DUMMY__ 0.3182132094982499 off 0.3135913301189706	false	1.0
skeptisch	neg 1.0		neg 0.3688342927920473 __DUMMY__ 0.3182891871013849 off 0.31287652010656786	false	1.0
schrecklich	neg 1.0		neg 0.3563940799841796 off 0.3295480532526119 __DUMMY__ 0.3140578667632085	false	1.0
schlapp	neg 1.0		neg 0.3594400352583985 off 0.3251124170787939 __DUMMY__ 0.31544754766280764	false	1.0
abfall	neg 1.0		neg 0.3706854186871297 __DUMMY__ 0.3200042217717847 off 0.30931035954108566	false	1.0
widerspenstig	neg 1.0		neg 0.36446023203655165 off 0.3188010640693773 __DUMMY__ 0.31673870389407105	false	1.0
abrupt	neg 1.0		neg 0.36780483602436614 __DUMMY__ 0.31837309318356305 off 0.31382207079207086	false	1.0
unwirksam	neg 1.0		neg 0.36823047660711455 off 0.31686696288078364 __DUMMY__ 0.31490256051210164	false	1.0
angreifen	neg 1.0		neg 0.37077414169608114 __DUMMY__ 0.317302620168372 off 0.3119232381355468	false	1.0
inkonsistent	neg 1.0		neg 0.36748192960986104 off 0.3179935832858676 __DUMMY__ 0.31452448710427144	false	1.0
abrutschen	neg 1.0		neg 0.3715180891386297 __DUMMY__ 0.3191454469512574 off 0.3093364639101129	false	1.0
unsicher	neg 1.0		neg 0.3622927262076284 off 0.31951350154407054 __DUMMY__ 0.3181937722483011	false	1.0
bauernkind	off 1.0	off 1.0	off 0.6504435425975096 neg 0.20178022654961408 __DUMMY__ 0.1477762308528763	false	1.0
angreifer	neg 1.0	neg 1.0	neg 0.6710922450872435 off 0.17694934683337668 __DUMMY__ 0.15195840807937977	false	1.0
trennen	neg 1.0		neg 0.3673329206487628 __DUMMY__ 0.31944483542324015 off 0.313222243927997	false	1.0
schmutz	neg 1.0		neg 0.362432257264975 off 0.32056169705472803 __DUMMY__ 0.31700604568029705	false	1.0
inkonsistenz	neg 1.0		neg 0.36386139755238855 off 0.32314668496806787 __DUMMY__ 0.3129919174795435	false	1.0
erschreckend	neg 1.0		neg 0.36612405932338177 off 0.3173047274179545 __DUMMY__ 0.3165712132586638	false	1.0
ertrinken	neg 1.0		neg 0.37111455282214445 __DUMMY__ 0.3168348969948352 off 0.31205055018302036	false	1.0
pickelface	off 1.0		neg 0.3659711779259821 off 0.3171473847943851 __DUMMY__ 0.31688143727963275	false	0.5
seiner			neg 0.36863408000609404 __DUMMY__ 0.3181901365874611 off 0.3131757834064449	false	0.0
lauch	neg 1.0		neg 0.37111782854273856 __DUMMY__ 0.31906310592936904 off 0.3098190655278924	false	1.0
unwichtig	neg 1.0		neg 0.36107934537253505 off 0.3240583010117738 __DUMMY__ 0.31486235361569104	false	1.0
steuerhinterziehung	neg 1.0	neg 1.0	neg 0.6738176158917946 off 0.1739581714033576 __DUMMY__ 0.15222421270484787	false	1.0
schock	neg 1.0		neg 0.3660833151650364 off 0.3171168154478308 __DUMMY__ 0.31679986938713284	false	1.0
beule	neg 1.0		neg 0.3613846418031333 off 0.32496295202814984 __DUMMY__ 0.3136524061687169	false	1.0
vergelten	neg 1.0		neg 0.35543134909129687 off 0.32891196465788264 __DUMMY__ 0.31565668625082055	false	1.0
verdorbenheit	neg 1.0		neg 0.36211469398113005 off 0.32005692320562495 __DUMMY__ 0.3178283828132449	false	1.0
trauma	neg 1.0		neg 0.3643141187197711 off 0.31938647654385766 __DUMMY__ 0.31629940473637125	false	1.0
sinnlos	neg 1.0		neg 0.36222850682181107 off 0.3213659761401913 __DUMMY__ 0.3164055170379978	false	1.0
fettsack	off 1.0	off 1.0	off 0.6516764531796752 neg 0.19998914200090903 __DUMMY__ 0.1483344048194159	false	1.0
feige	off 1.0	off 1.0	off 0.6487886600325237 neg 0.20087304141085888 __DUMMY__ 0.15033829855661743	false	1.0
abdanken	neg 1.0		neg 0.366435578387329 off 0.31713239191414216 __DUMMY__ 0.31643202969852885	false	1.0
wichtigtuer	off 1.0	off 1.0	off 0.6476669612421505 neg 0.2009613313870571 __DUMMY__ 0.15137170737079236	false	1.0
misslingen	neg 1.0		neg 0.3587997427666119 off 0.32138777888482684 __DUMMY__ 0.31981247834856114	false	1.0
untreu	off 1.0		neg 0.360325572145833 off 0.3247699755840467 __DUMMY__ 0.31490445227012037	false	0.5
missmutig	neg 1.0		neg 0.36088109376245836 off 0.3239070735508641 __DUMMY__ 0.3152118326866775	false	1.0
hurenbock	off 1.0		neg 0.3643211211510553 off 0.32004025283345905 __DUMMY__ 0.31563862601548576	false	0.5
betrunken	neg 1.0		neg 0.35836160045794113 off 0.32690585902281255 __DUMMY__ 0.3147325405192462	false	1.0
korrupt	off 1.0		neg 0.3700593872768024 __DUMMY__ 0.315680586121213 off 0.31426002660198454	false	0.5
unmut	neg 1.0		neg 0.3708323068557418 __DUMMY__ 0.31946663416115795 off 0.3097010589831003	false	1.0
hackfresse	off 1.0		neg 0.35538965811416123 off 0.33281359827455087 __DUMMY__ 0.31179674361128795	false	0.5
aufblasen	neg 1.0		neg 0.36211440769983605 off 0.32109446034809996 __DUMMY__ 0.3167911319520639	false	1.0
gewaltsam	neg 1.0		neg 0.368273228734767 __DUMMY__ 0.31611564604205994 off 0.31561112522317314	false	1.0
unbeliebtheit	neg 1.0		neg 0.36487320234878107 off 0.3215927637005422 __DUMMY__ 0.3135340339506767	false	1.0
sturheit	neg 1.0		neg 0.3676060426907614 __DUMMY__ 0.3162501611909602 off 0.3161437961182784	false	1.0
kuh	neg 1.0		neg 0.368260813911647 off 0.3189440769233344 __DUMMY__ 0.31279510916501857	false	1.0
erschrecken	neg 1.0		neg 0.3597988782301149 off 0.3241532140147185 __DUMMY__ 0.31604790775516645	false	1.0
opfer	neg 1.0		neg 0.3680398309507618 __DUMMY__ 0.31768876264135465 off 0.31427140640788354	false	1.0
sinken	neg 1.0		neg 0.37044602084592637 __DUMMY__ 0.31924714181850056 off 0.3103068373355731	false	1.0
stinktier	neg 1.0		neg 0.3642292904498521 off 0.32666373457960607 __DUMMY__ 0.30910697497054196	false	1.0
tucke	off 1.0		neg 0.3581269998401114 off 0.33244965278942656 __DUMMY__ 0.30942334737046207	false	0.5
ein			neg 0.3638893918628454 off 0.31969812002603193 __DUMMY__ 0.3164124881111227	false	0.0
abstieg	neg 1.0		neg 0.3700098447366652 __DUMMY__ 0.31747930531910695 off 0.31251084994422773	false	1.0
missverstehen	neg 1.0		neg 0.3632366149301006 off 0.32162214726183225 __DUMMY__ 0.3151412378080672	false	1.0
ergebnislos	neg 1.0		neg 0.36944870243668737 __DUMMY__ 0.3180310995936415 off 0.31252019796967107	false	1.0
unter			neg 0.3721338648961493 __DUMMY__ 0.3224928550468846 off 0.30537328005696623	false	0.0
manipulieren	neg 1.0		neg 0.36871932456334217 __DUMMY__ 0.3186941583028459 off 0.3125865171338118	false	1.0
unbewiesen	neg 1.0		neg 0.36862263170866105 off 0.3166324197552562 __DUMMY__ 0.31474494853608287	false	1.0
verschleppen	neg 1.0		neg 0.369955769114702 __DUMMY__ 0.31642499446558053 off 0.31361923641971745	false	1.0
weib	off 1.0		neg 0.360975443671946 off 0.3308436420891841 __DUMMY__ 0.30818091423886984	false	0.5
opposition	neg 1.0		neg 0.36574882218554405 off 0.31926138392013703 __DUMMY__ 0.31498979389431886	false	1.0
verkehrswidrig	neg 1.0		neg 0.3544900660125905 off 0.3301396153331879 __DUMMY__ 0.31537031865422155	false	1.0
inkorrekt	neg 1.0		neg 0.35959935787588515 off 0.3275761394679725 __DUMMY__ 0.3128245026561423	false	1.0
vermeiden	neg 1.0	neg 1.0	neg 0.6741332716719793 off 0.17091738002531887 __DUMMY__ 0.15494934830270174	false	1.0
abweichung	neg 1.0	neg 1.0	neg 0.6716165688933001 off 0.17454927540475507 __DUMMY__ 0.15383415570194475	false	1.0
alkoholisiert	neg 1.0		neg 0.36797777139789006 __DUMMY__ 0.3184971813673163 off 0.31352504723479363	false	1.0
scheiss	off 1.0	off 1.0	off 0.6493511084193908 neg 0.20009396945735558 __DUMMY__ 0.15055492212325372	false	1.0
herausforderung	neg 1.0		neg 0.36690570125033833 __DUMMY__ 0.3194011728721721 off 0.31369312587748965	false	1.0
pervers	off 1.0		neg 0.35458263986467603 off 0.3358087161790902 __DUMMY__ 0.30960864395623366	false	0.5
wackelig	neg 1.0		neg 0.3621991670513226 __DUMMY__ 0.31974763284207136 off 0.3180532001066061	false	1.0
verwickeln	neg 1.0		neg 0.3634412796632596 off 0.3211017797734125 __DUMMY__ 0.31545694056332796	false	1.0
vorwand	neg 1.0		neg 0.37001705385594447 __DUMMY__ 0.3180507701951695 off 0.31193217594888595	false	1.0
muschi	off 1.0		neg 0.3657141460167039 off 0.3173762481873749 __DUMMY__ 0.31690960579592103	false	0.5
entmutigung	neg 1.0		neg 0.3648637909620862 off 0.31931460738531925 __DUMMY__ 0.3158216016525946	false	1.0
unangemessen	neg 1.0		neg 0.36783597592028927 __DUMMY__ 0.3162416661333534 off 0.3159223579463574	false	1.0
unstetig	neg 1.0		neg 0.3626987045310853 off 0.3214459550248762 __DUMMY__ 0.31585534044403857	false	1.0
entmutigen	neg 1.0		neg 0.3635989285257629 off 0.3197579040506158 __DUMMY__ 0.3166431674236212	false	1.0
schwanz	neg 1.0		neg 0.36842232730236313 __DUMMY__ 0.31734667564020985 off 0.3142309970574271	false	1.0
verbot	neg 1.0		neg 0.3684537151964664 __DUMMY__ 0.3169469732581441 off 0.31459931154538956	false	1.0
leid	neg 1.0		neg 0.35688409328367526 off 0.33062299387331584 __DUMMY__ 0.31249291284300895	false	1.0
archaisch	neg 1.0		neg 0.36722458683100545 __DUMMY__ 0.31646103997243025 off 0.31631437319656436	false	1.0
gegen			neg 0.3708461130105121 __DUMMY__ 0.3189788372268789 off 0.310175049762609	false	0.0
scheidung	neg 1.0		neg 0.34663119665690906 off 0.34243830709392264 __DUMMY__ 0.3109304962491682	false	1.0
einschlag	neg 1.0		neg 0.358197172034442 off 0.32771987000383124 __DUMMY__ 0.3140829579617268	false	1.0
m			neg 0.36552204454759024 __DUMMY__ 0.31817578934628965 off 0.31630216610612005	false	0.0
abgestanden	neg 1.0		neg 0.3667494920429799 off 0.3181379170205347 __DUMMY__ 0.3151125909364855	false	1.0
schmierig	off 1.0		neg 0.35657509649113406 off 0.3301462271102334 __DUMMY__ 0.31327867639863266	false	0.5
unpraktisch	neg 1.0		neg 0.36282406985684984 off 0.3206068505639307 __DUMMY__ 0.3165690795792194	false	1.0
wixxer	off 1.0		neg 0.35657626892873745 off 0.3350759215740688 __DUMMY__ 0.30834780949719365	false	0.5
bezeichnet			neg 0.36726634270463426 off 0.31747111589019505 __DUMMY__ 0.3152625414051708	false	0.0
jammerlappen	off 1.0		neg 0.3592178795339174 off 0.3248775880925071 __DUMMY__ 0.3159045323735755	false	0.5
farce	neg 1.0		neg 0.3687288020210721 __DUMMY__ 0.31600396344839204 off 0.31526723453053596	false	1.0
zwecklos	neg 1.0		neg 0.3679295862001245 __DUMMY__ 0.31649258707967487 off 0.3155778267202005	false	1.0
turbulent	neg 1.0		neg 0.36229075550944095 off 0.32464393417359466 __DUMMY__ 0.3130653103169645	false	1.0
invasion	neg 1.0		neg 0.36333014570789524 off 0.3207120744454783 __DUMMY__ 0.3159577798466263	false	1.0
schuld	neg 1.0		neg 0.3648935722818002 off 0.31934536288973453 __DUMMY__ 0.3157610648284652	false	1.0
risiko	neg 1.0	neg 1.0	neg 0.6700943040545091 off 0.17710297828496496 __DUMMY__ 0.15280271766052597	false	1.0
finster	neg 1.0		neg 0.3657963232678384 off 0.31915120238577466 __DUMMY__ 0.31505247434638695	false	1.0
geisteskrank	off 1.0		neg 0.36181923783890246 off 0.3251847215749521 __DUMMY__ 0.31299604058614555	false	0.5
zusammenbrechen	neg 1.0		neg 0.3658200646423478 __DUMMY__ 0.3175853296798951 off 0.31659460567775705	false	1.0
ausbeute	neg 1.0		neg 0.3599763716291639 __DUMMY__ 0.3221843281300286 off 0.31783930024080737	false	1.0
hinterhalt	neg 1.0		neg 0.3655702015713444 __DUMMY__ 0.3178557348992185 off 0.3165740635294371	false	1.0
kritik	neg 1.0		neg 0.36919415402410694 __DUMMY__ 0.31589611335240697 off 0.31490973262348604	false	1.0
einschrumpfen	neg 1.0		neg 0.3642486857894494 off 0.3218576067576044 __DUMMY__ 0.31389370745294626	false	1.0
riskant	neg 1.0		neg 0.3700401402783659 __DUMMY__ 0.3171912437638744 off 0.3127686159577597	false	1.0
frustrieren	neg 1.0		neg 0.36826148629904326 __DUMMY__ 0.31747018472085287 off 0.3142683289801039	false	1.0
groll	neg 1.0		neg 0.3684837334477141 __DUMMY__ 0.31654833686937495 off 0.31496792968291104	false	1.0
gibt			neg 0.36496909065202804 __DUMMY__ 0.31799760811556366 off 0.3170333012324083	false	0.0
qualvoll	neg 1.0		neg 0.36291967237094114 off 0.3217217863922193 __DUMMY__ 0.31535854123683965	false	1.0
wackeln	neg 1.0		neg 0.3622125208846843 off 0.32025244943773573 __DUMMY__ 0.31753502967758007	false	1.0
klagen	neg 1.0		neg 0.3708433865266871 __DUMMY__ 0.3188666494809614 off 0.3102899639923515	false	1.0
bankrott	neg 1.0		neg 0.35994394624090686 off 0.3240152901458589 __DUMMY__ 0.31604076361323424	false	1.0
trauern	neg 1.0		neg 0.36809551594110207 __DUMMY__ 0.318065508421144 off 0.313838975637754	false	1.0
ablehnung	neg 1.0		neg 0.36888803617395566 __DUMMY__ 0.31626508773819034 off 0.31484687608785406	false	1.0
stur	neg 1.0		neg 0.364366585222127 off 0.31972868647368285 __DUMMY__ 0.3159047283041901	false	1.0
aufruhr	neg 1.0	neg 1.0	neg 0.6725940849028426 off 0.17510615065717852 __DUMMY__ 0.15229976443997895	false	1.0
melancholie	neg 1.0		neg 0.36794746521990634 __DUMMY__ 0.31740653927996554 off 0.314645995500128	false	1.0
ist			neg 0.36238308616358833 off 0.32111131230751583 __DUMMY__ 0.31650560152889584	false	0.0
torheit	neg 1.0		neg 0.36438053685611926 off 0.3189007533845055 __DUMMY__ 0.3167187097593752	false	1.0
dreckskind	off 1.0		neg 0.3600862418909178 off 0.3299171243985294 __DUMMY__ 0.30999663371055275	false	0.5
umtauschen	neg 1.0		neg 0.3646087561782213 off 0.3183390428030094 __DUMMY__ 0.31705220101876924	false	1.0
zum			neg 0.367189879923541 __DUMMY__ 0.3227161325465568 off 0.31009398752990225	false	0.0
zersetzen	neg 1.0		neg 0.371188990413177 __DUMMY__ 0.3171772638399434 off 0.3116337457468798	false	1.0
zur			neg 0.3709207670345583 __DUMMY__ 0.3211613523572487 off 0.3079178806081931	false	0.0
frust	neg 1.0		neg 0.3654054662579826 __DUMMY__ 0.31783826543833366 off 0.3167562683036837	false	1.0
unerbittlichkeit	neg 1.0		neg 0.37050711012502435 __DUMMY__ 0.3176051915434747 off 0.31188769833150104	false	1.0
zwei			neg 0.36762061707548804 __DUMMY__ 0.32162725635852707 off 0.3107521265659848	false	0.0
unkorrekt	neg 1.0		neg 0.3572826084595827 off 0.3283288913407305 __DUMMY__ 0.31438850019968667	false	1.0
hexe	off 1.0		neg 0.36641313804104797 off 0.32186929366422723 __DUMMY__ 0.3117175682947247	false	0.5
lasch	neg 1.0		neg 0.3631240510181492 off 0.322391394616354 __DUMMY__ 0.3144845543654968	false	1.0
rivale	neg 1.0		neg 0.3599403643153728 off 0.3263761502427733 __DUMMY__ 0.31368348544185387	false	1.0
mutlos	off 1.0	off 1.0	off 0.6429097558915046 neg 0.2047955057741993 __DUMMY__ 0.15229473833429616	false	1.0
wirr	off 1.0		neg 0.3599856599840034 off 0.32772452652369044 __DUMMY__ 0.31228981349230606	false	0.5
jahr			neg 0.3618778491655792 __DUMMY__ 0.32286199102298263 off 0.3152601598114382	false	0.0
wird			neg 0.3667267260058241 __DUMMY__ 0.3178910559748205 off 0.3153822180193554	false	0.0
strafbar	neg 1.0		neg 0.3679107408416823 __DUMMY__ 0.317989916527359 off 0.31409934263095873	false	1.0
erosion	neg 1.0		neg 0.3629038107340633 off 0.3193154761002163 __DUMMY__ 0.31778071316572043	false	1.0
eingehen	neg 1.0		neg 0.36875692130329846 __DUMMY__ 0.3173698433892427 off 0.31387323530745886	false	1.0
faul	off 1.0		neg 0.3603875225090795 off 0.32382849267341246 __DUMMY__ 0.31578398481750797	false	0.5
provisorium	neg 1.0		neg 0.36887193612303365 __DUMMY__ 0.3238230922678625 off 0.3073049716091039	false	1.0
schmerzen	neg 1.0		neg 0.36715027090236246 off 0.316693186236573 __DUMMY__ 0.31615654286106465	false	1.0
schrumpfen	neg 1.0		neg 0.3739826129293027 __DUMMY__ 0.3191440247289072 off 0.30687336234179013	false	1.0
geistlos	off 1.0		neg 0.3663079572228086 off 0.3200165465113735 __DUMMY__ 0.313675496265818	false	0.5
fehlkauf	neg 1.0		neg 0.3639748371867061 off 0.3202384227363662 __DUMMY__ 0.3157867400769276	false	1.0
frustrierend	neg 1.0		neg 0.3607776304006719 off 0.323415512494108 __DUMMY__ 0.31580685710522005	false	1.0
unzufrieden	neg 1.0		neg 0.3675362970228006 __DUMMY__ 0.31694019120801903 off 0.3155235117691804	false	1.0
verzweifeln	neg 1.0		neg 0.36537084967019723 off 0.3174879250907761 __DUMMY__ 0.3171412252390266	false	1.0
verzweifelt	neg 1.0	neg 1.0	neg 0.6723089372981255 off 0.17634609128212744 __DUMMY__ 0.15134497141974715	false	1.0
misstrauensantrag	neg 1.0		neg 0.36361207525446543 off 0.3206965235701888 __DUMMY__ 0.3156914011753458	false	1.0
abfallen	neg 1.0		neg 0.36213028806932074 off 0.3203615954890063 __DUMMY__ 0.3175081164416729	false	1.0
fucker	off 1.0		neg 0.35832045864567624 off 0.3274694624888139 __DUMMY__ 0.3142100788655098	false	0.5
ungezogen	neg 1.0		neg 0.35411174771187837 off 0.33533209912283807 __DUMMY__ 0.3105561531652836	false	1.0
irrsinnig	neg 1.0	neg 1.0	neg 0.6718607019507341 off 0.17652853610316646 __DUMMY__ 0.15161076194609938	false	1.0
unfassbar	neg 1.0		neg 0.358426839869432 off 0.32615384289094224 __DUMMY__ 0.31541931723962563	false	1.0
hart	neg 1.0		neg 0.3630108019701444 off 0.3236678148646887 __DUMMY__ 0.3133213831651669	false	1.0
widerlich	off 1.0		neg 0.36036573123951626 off 0.3258210691348392 __DUMMY__ 0.3138131996256445	false	0.5
fatal	neg 1.0		neg 0.36328576532411055 off 0.320958323128336 __DUMMY__ 0.31575591154755345	false	1.0
bruch	neg 1.0		neg 0.3701828727409337 __DUMMY__ 0.31898231521847586 off 0.3108348120405906	false	1.0
aushungern	neg 1.0		neg 0.3667055698816435 __DUMMY__ 0.3172664078544966 off 0.31602802226385984	false	1.0
anspannung	neg 1.0		neg 0.37055483767789654 __DUMMY__ 0.3208662768654599 off 0.30857888545664364	false	1.0
von			neg 0.36046004498398837 __DUMMY__ 0.32366635203987165 off 0.31587360297613987	false	0.0
kraftlos	neg 1.0		neg 0.3660987241848845 __DUMMY__ 0.31786102285546364 off 0.3160402529596518	false	1.0
vom			neg 0.3680350360864632 __DUMMY__ 0.3239639075969834 off 0.30800105631655333	false	0.0
grenzdebil	off 1.0		neg 0.35825656853364535 off 0.32649123883617126 __DUMMY__ 0.31525219263018345	false	0.5
vor			neg 0.3677035276148303 __DUMMY__ 0.31987285080045386 off 0.31242362158471576	false	0.0
unterwerfen	neg 1.0		neg 0.36860768730508037 __DUMMY__ 0.3174026743358075 off 0.3139896383591122	false	1.0
versenkung	neg 1.0		neg 0.3656909971265912 __DUMMY__ 0.3189653896387263 off 0.31534361323468246	false	1.0
entziehen	neg 1.0		neg 0.37040903365929717 __DUMMY__ 0.3187157925603184 off 0.31087517378038443	false	1.0
finanzkrise	neg 1.0		neg 0.36980384972337693 off 0.3153106598703151 __DUMMY__ 0.31488549040630803	false	1.0
schimpfend	neg 1.0		neg 0.36372169157501466 off 0.32053260342794065 __DUMMY__ 0.3157457049970446	false	1.0
profan	neg 1.0		neg 0.36298555308419683 off 0.3215030136820287 __DUMMY__ 0.3155114332337745	false	1.0
korruption	neg 1.0		neg 0.3691523092441772 __DUMMY__ 0.3167424354808539 off 0.3141052552749688	false	1.0
â			neg 0.3660618481613183 __DUMMY__ 0.3183099558264701 off 0.3156281960122116	false	0.0
schmutzig	neg 1.0		neg 0.35768513813336794 off 0.3270640715897472 __DUMMY__ 0.3152507902768849	false	1.0
sexy	neg 1.0		neg 0.36096511560509986 off 0.3230338909189926 __DUMMY__ 0.31600099347590765	false	1.0
abraten	neg 1.0		neg 0.3614094802116976 off 0.32167895537261443 __DUMMY__ 0.316911564415688	false	1.0
schwarz	neg 1.0		neg 0.3639618163628358 off 0.3201162983882297 __DUMMY__ 0.31592188524893444	false	1.0
fotze	off 1.0	off 1.0	off 0.6445827517174217 neg 0.2027149908483028 __DUMMY__ 0.15270225743427548	false	1.0
verwirren	neg 1.0		neg 0.36166961877828196 off 0.32242214578862893 __DUMMY__ 0.31590823543308916	false	1.0
zahnlos	off 1.0		neg 0.3668232722187901 __DUMMY__ 0.31674325107294604 off 0.3164334767082639	false	0.5
verheeren	neg 1.0		neg 0.3532363191606542 off 0.33657107207133724 __DUMMY__ 0.3101926087680084	false	1.0
hippie	neg 1.0		neg 0.36177679324311 off 0.32238755541693503 __DUMMY__ 0.31583565133995495	false	1.0
rammen	neg 1.0		neg 0.3690277957348867 off 0.31771441463351685 __DUMMY__ 0.31325778963159656	false	1.0
unlauter	neg 1.0		neg 0.36587658141318186 off 0.31881873467170835 __DUMMY__ 0.3153046839151097	false	1.0
unheilvoll	neg 1.0		neg 0.364698534100002 off 0.31995463530739576 __DUMMY__ 0.3153468305926023	false	1.0
niedrig	neg 1.0		neg 0.37122704609674256 __DUMMY__ 0.3167812236472655 off 0.3119917302559918	false	1.0
explosion	neg 1.0		neg 0.3615234602570873 off 0.32217344155319483 __DUMMY__ 0.31630309818971775	false	1.0
weichei	off 1.0	off 1.0	off 0.6528215103405829 neg 0.19770958536255476 __DUMMY__ 0.14946890429686233	false	1.0
minusmensch	off 1.0		neg 0.36102690725607517 off 0.331144879212441 __DUMMY__ 0.3078282135314839	false	0.5
farblos	neg 1.0		neg 0.3671911798025974 off 0.31703474640249457 __DUMMY__ 0.3157740737949079	false	1.0
unwissend	neg 1.0	neg 1.0	neg 0.6694812171446314 off 0.17932283286458037 __DUMMY__ 0.15119594999078828	false	1.0
traurig	neg 1.0		neg 0.35647426995476633 off 0.32892136578177705 __DUMMY__ 0.3146043642634566	false	1.0
senkung	neg 1.0		neg 0.36464549609554875 off 0.32072309956389033 __DUMMY__ 0.31463140434056075	false	1.0
ungleich	neg 1.0	neg 1.0	neg 0.6739906551129697 off 0.17304507531551058 __DUMMY__ 0.15296426957151973	false	1.0
heikel	neg 1.0		neg 0.36909349563111365 __DUMMY__ 0.3176971800531558 off 0.3132093243157308	false	1.0
drosselung	neg 1.0		neg 0.36094626716355144 off 0.3251314271784149 __DUMMY__ 0.3139223056580336	false	1.0
falsch	neg 1.0		neg 0.3607669445050094 off 0.323622611820799 __DUMMY__ 0.3156104436741916	false	1.0
unzufriedenheit	neg 1.0		neg 0.37036761617445635 __DUMMY__ 0.3181952981375632 off 0.3114370856879804	false	1.0
kurz	neg 1.0		neg 0.36232202527012614 __DUMMY__ 0.31924709994988965 off 0.3184308747799842	false	1.0
unsinnig	neg 1.0		neg 0.36650410537014805 off 0.31678281104362366 __DUMMY__ 0.31671308358622835	false	1.0
penner	off 1.0	off 1.0	off 0.6538439485180629 neg 0.1968341755337439 __DUMMY__ 0.14932187594819313	false	1.0
seicht	neg 1.0		neg 0.35464554586595637 off 0.3347369668668173 __DUMMY__ 0.3106174872672263	false	1.0
dummheit	off 1.0	off 1.0	off 0.6473816680911648 neg 0.20184865690041084 __DUMMY__ 0.15076967500842445	false	1.0
unerfreulich	neg 1.0		neg 0.3680245496044269 __DUMMY__ 0.31893225029072997 off 0.3130432001048431	false	1.0
motherfucker	off 1.0	off 1.0	off 0.650442895459669 neg 0.19890727721791143 __DUMMY__ 0.15064982732241955	false	1.0
pikiert	neg 1.0		neg 0.36181682049350405 off 0.3245346029322445 __DUMMY__ 0.31364857657425144	false	1.0
wrack	neg 1.0		neg 0.3685789383284743 __DUMMY__ 0.3164928570365955 off 0.31492820463493015	false	1.0
gangster	neg 1.0		neg 0.36178358452581005 off 0.3224339769477781 __DUMMY__ 0.3157824385264119	false	1.0
krank	neg 1.0		neg 0.3573298274628862 off 0.32692266926258434 __DUMMY__ 0.3157475032745295	false	1.0
reich	neg 1.0		neg 0.36063394870992027 off 0.3243616423749108 __DUMMY__ 0.31500440891516907	false	1.0
gnadenlos	neg 1.0		neg 0.3647099035816301 off 0.3194612702692346 __DUMMY__ 0.3158288261491353	false	1.0
niedergeschlagen	neg 1.0		neg 0.3658180531204661 __DUMMY__ 0.31726610194726723 off 0.3169158449322667	false	1.0
terrorisieren	off 1.0	off 1.0	off 0.6435843437670751 neg 0.20348174347218842 __DUMMY__ 0.1529339127607364	false	1.0
sinnlosigkeit	neg 1.0		neg 0.3671055513103929 __DUMMY__ 0.31697373536384504 off 0.31592071332576205	false	1.0
behindern	neg 1.0		neg 0.36563867848765286 off 0.31751376346063975 __DUMMY__ 0.3168475580517074	false	1.0
undemokratisch	neg 1.0		neg 0.36454064466443575 off 0.3193089389872072 __DUMMY__ 0.3161504163483571	false	1.0
wirtschaftskrise	neg 1.0		neg 0.3708642461510522 __DUMMY__ 0.31595864799185136 off 0.31317710585709635	false	1.0
neid	neg 1.0		neg 0.35864314242824646 off 0.3244306771257268 __DUMMY__ 0.3169261804460268	false	1.0
rutschen	neg 1.0		neg 0.3674624118337529 __DUMMY__ 0.32181304350967377 off 0.31072454465657334	false	1.0
rezession	neg 1.0		neg 0.3635175326197092 off 0.3260217107537795 __DUMMY__ 0.3104607566265113	false	1.0
fehlgeburt	neg 1.0		neg 0.3634611972030603 off 0.32041683051419684 __DUMMY__ 0.3161219722827428	false	1.0
charakterschwach	off 1.0		neg 0.3606047338949674 off 0.32555035815550126 __DUMMY__ 0.31384490794953135	false	0.5
isolation	neg 1.0		neg 0.36107152841523715 off 0.32305100499537964 __DUMMY__ 0.3158774665893831	false	1.0
ablenkung	neg 1.0		neg 0.3624378834771324 off 0.3196458937719924 __DUMMY__ 0.31791622275087517	false	1.0
pech	neg 1.0		neg 0.36063531705857954 off 0.32340321592554055 __DUMMY__ 0.3159614670158798	false	1.0
vermeidung	neg 1.0		neg 0.36022711558384796 off 0.32555280616104576 __DUMMY__ 0.31422007825510617	false	1.0
dominieren	neg 1.0		neg 0.3685390666739943 __DUMMY__ 0.3176601716373653 off 0.3138007616886405	false	1.0
schwindlig	neg 1.0		neg 0.36176527882195786 off 0.32163625840197163 __DUMMY__ 0.3165984627760706	false	1.0
lutscher	neg 1.0	neg 1.0	neg 0.6661703055198981 off 0.18515268922287684 __DUMMY__ 0.148677005257225	false	1.0
pflicht	neg 1.0		neg 0.37003497317269923 __DUMMY__ 0.3180987788368719 off 0.3118662479904289	false	1.0
faschist	off 1.0		neg 0.3620560026583182 off 0.3223369994743934 __DUMMY__ 0.3156069978672883	false	0.5
verschleudern	neg 1.0		neg 0.3688885529566272 __DUMMY__ 0.3179332893784413 off 0.31317815766493146	false	1.0
wenn			neg 0.36078948874617534 off 0.3236914628352155 __DUMMY__ 0.3155190484186092	false	0.0
ehebruch	neg 1.0		neg 0.36866194790322576 __DUMMY__ 0.31705065730894577 off 0.3142873947878284	false	1.0
spott	off 1.0		neg 0.36878453384184784 __DUMMY__ 0.31731828629101055 off 0.3138971798671416	false	0.5
trostlosigkeit	neg 1.0		neg 0.3709834164079257 __DUMMY__ 0.3181073689010809 off 0.3109092146909935	false	1.0
lutschen	neg 1.0		neg 0.36473962020731987 off 0.32143039658123973 __DUMMY__ 0.3138299832114403	false	1.0
undiszipliniert	neg 1.0		neg 0.35803183086601603 off 0.32783792350078594 __DUMMY__ 0.3141302456331979	false	1.0
kopfschmerz	neg 1.0		neg 0.3696418889749595 __DUMMY__ 0.31561213098504026 off 0.31474598004000026	false	1.0
unvorhergesehen	neg 1.0		neg 0.36544869991668905 __DUMMY__ 0.32003897885959 off 0.31451232122372097	false	1.0
desinteressiert	neg 1.0	neg 1.0	neg 0.668603328435752 off 0.1807087078139357 __DUMMY__ 0.1506879637503123	false	1.0
armselig	off 1.0		neg 0.35913405147224803 off 0.32788249676422665 __DUMMY__ 0.3129834517635254	false	0.5
desaster	neg 1.0		neg 0.37080238828266054 __DUMMY__ 0.31907849193091536 off 0.31011911978642415	false	1.0
tod	neg 1.0		neg 0.3685484763975708 __DUMMY__ 0.31707359749370395 off 0.3143779261087251	false	1.0
herzlos	neg 1.0		neg 0.3580756750871483 off 0.32828803082218444 __DUMMY__ 0.3136362940906671	false	1.0
unwissenheit	neg 1.0		neg 0.36813254653178573 __DUMMY__ 0.31666654720223697 off 0.31520090626597735	false	1.0
widersinnig	neg 1.0		neg 0.36929831531186275 __DUMMY__ 0.31591976492852386 off 0.3147819197596134	false	1.0
bedenklich	neg 1.0		neg 0.3683356959385007 __DUMMY__ 0.317220463818978 off 0.31444384024252137	false	1.0
beanstanden	neg 1.0		neg 0.36934078717091917 __DUMMY__ 0.3187479283945749 off 0.3119112844345059	false	1.0
panisch	neg 1.0	neg 1.0	neg 0.6689694782858285 off 0.17828396012112793 __DUMMY__ 0.1527465615930436	false	1.0
debil	off 1.0		neg 0.3729649573661122 __DUMMY__ 0.3209934040307825 off 0.3060416386031053	false	0.5
abstrich	neg 1.0		neg 0.362725891432385 __DUMMY__ 0.318741420207037 off 0.3185326883605781	false	1.0
primitiv	neg 1.0		neg 0.3599707436953757 off 0.32616015744146065 __DUMMY__ 0.3138690988631636	false	1.0
abschaum	off 1.0	off 1.0	off 0.6491690987610249 neg 0.20007075016765877 __DUMMY__ 0.1507601510713163	false	1.0
provozieren	neg 1.0		neg 0.3658145626236248 off 0.31886626349991687 __DUMMY__ 0.3153191738764584	false	1.0
tot	neg 1.0		neg 0.3679848652736921 __DUMMY__ 0.3169789521411322 off 0.3150361825851757	false	1.0
instabil	neg 1.0		neg 0.35969594452307946 off 0.32712707869678814 __DUMMY__ 0.31317697678013234	false	1.0
schwuchtel	off 1.0	off 1.0	off 0.6568430877854863 neg 0.19570050945041778 __DUMMY__ 0.14745640276409597	false	1.0
zerren	neg 1.0		neg 0.36647370574078153 __DUMMY__ 0.3173146188309826 off 0.31621167542823575	false	1.0
kinderficker	off 1.0		neg 0.35597023561991287 off 0.3312539061104602 __DUMMY__ 0.31277585826962695	false	0.5
gefahr	neg 1.0		neg 0.3694167096909586 __DUMMY__ 0.3188907806696599 off 0.3116925096393815	false	1.0
rabiat	neg 1.0		neg 0.3644463012109681 off 0.31877968100960324 __DUMMY__ 0.3167740177794287	false	1.0
verlangsamung	neg 1.0		neg 0.3592828396514773 off 0.33099080822228427 __DUMMY__ 0.30972635212623834	false	1.0
ausgestorben	neg 1.0		neg 0.36397665425942183 off 0.31872710217930944 __DUMMY__ 0.31729624356126873	false	1.0
anklagen	neg 1.0		neg 0.36897077457798727 __DUMMY__ 0.316704140844405 off 0.31432508457760777	false	1.0
trott	neg 1.0		neg 0.36518091806175834 off 0.31797915556389295 __DUMMY__ 0.31683992637434877	false	1.0
verminderung	neg 1.0		neg 0.35926775417852674 off 0.32631640356153346 __DUMMY__ 0.3144158422599396	false	1.0
nach			neg 0.368249835307679 __DUMMY__ 0.32229614040858373 off 0.3094540242837373	false	0.0
rost	neg 1.0		neg 0.3572302583047155 off 0.3309710917975999 __DUMMY__ 0.31179864989768463	false	1.0
destruktiv	neg 1.0		neg 0.3658426672125654 off 0.3179275607913036 __DUMMY__ 0.316229771996131	false	1.0
unzumutbarkeit	neg 1.0		neg 0.3606241143669314 off 0.3246308096035516 __DUMMY__ 0.31474507602951696	false	1.0
labil	off 1.0	off 1.0	off 0.6487263748466787 neg 0.20026085138762711 __DUMMY__ 0.15101277376569414	false	1.0
ziemlich	neg 1.0		neg 0.35782883682461614 off 0.32630289146308594 __DUMMY__ 0.31586827171229787	false	1.0
lachnummer	off 1.0		neg 0.3653071945726849 off 0.3186632301469645 __DUMMY__ 0.3160295752803507	false	0.5
oder			neg 0.3618370838688856 off 0.3205119288780282 __DUMMY__ 0.3176509872530862	false	0.0
verfall	neg 1.0		neg 0.37322279650198487 __DUMMY__ 0.31951856578867377 off 0.30725863770934136	false	1.0
ausgrenzung	neg 1.0		neg 0.3642720355061058 off 0.3198834975526209 __DUMMY__ 0.3158444669412732	false	1.0
unordnung	neg 1.0		neg 0.3569874141849365 off 0.32811244617375546 __DUMMY__ 0.314900139641308	false	1.0
fehlverhalten	neg 1.0		neg 0.37096263697476173 __DUMMY__ 0.3171110484156564 off 0.311926314609582	false	1.0
eine			neg 0.36702753748873235 __DUMMY__ 0.3197578979355869 off 0.31321456457568064	false	0.0
nille	neg 1.0		neg 0.36470590489109433 off 0.3181008489656804 __DUMMY__ 0.3171932461432253	false	1.0
qual	neg 1.0		neg 0.36534881549848885 off 0.31759851075122497 __DUMMY__ 0.3170526737502861	false	1.0
verschwenden	neg 1.0		neg 0.36940019540367947 __DUMMY__ 0.3171093517867902 off 0.31349045280953036	false	1.0
riesig	neg 1.0		neg 0.3677531894313829 __DUMMY__ 0.31777948319292926 off 0.31446732737568783	false	1.0
verurteilen	neg 1.0		neg 0.3692113130172296 __DUMMY__ 0.31613736257939534 off 0.31465132440337507	false	1.0
klischee	neg 1.0	neg 1.0	neg 0.6706246105242676 off 0.17822651314913998 __DUMMY__ 0.1511488763265924	false	1.0
diktatorisch	neg 1.0		neg 0.3655228209495517 off 0.31899582635048546 __DUMMY__ 0.3154813526999629	false	1.0
vorhersehbar	neg 1.0		neg 0.36345537314090104 off 0.3217216555094817 __DUMMY__ 0.31482297134961734	false	1.0
sowie			neg 0.3589372172949765 off 0.3294489919878652 __DUMMY__ 0.3116137907171582	false	0.0
stornieren	neg 1.0		neg 0.35722420466368826 off 0.3233181679967743 __DUMMY__ 0.31945762733953725	false	1.0
besteuerung	neg 1.0		neg 0.368797639675976 off 0.3172175636446547 __DUMMY__ 0.31398479667936924	false	1.0
ungeschminkt	neg 1.0		neg 0.3645186069493863 off 0.3238610788454925 __DUMMY__ 0.3116203142051212	false	1.0
kritisch	neg 1.0		neg 0.3679716443740313 __DUMMY__ 0.3176391873539676 off 0.31438916827200114	false	1.0
schlamperei	off 1.0		neg 0.3686520500300316 __DUMMY__ 0.3183488281788299 off 0.3129991217911386	false	0.5
sucht	neg 1.0	neg 1.0	neg 0.6691775857182852 off 0.1773103792547548 __DUMMY__ 0.15351203502696	false	1.0
egoistisch	off 1.0		neg 0.3570110078942221 off 0.33099846857794346 __DUMMY__ 0.31199052352783446	false	0.5
ausbeuter	off 1.0		neg 0.3716108435401306 __DUMMY__ 0.3167374949273395 off 0.31165166153252993	false	0.5
arschgeburt	off 1.0		neg 0.35580596458418007 off 0.3372656923252127 __DUMMY__ 0.3069283430906072	false	0.5
schubs	neg 1.0		neg 0.3658598641938872 __DUMMY__ 0.3175675463129873 off 0.3165725894931255	false	1.0
unsolide	neg 1.0		neg 0.3656061227218451 off 0.3195086185253116 __DUMMY__ 0.3148852587528432	false	1.0
beschwerde	neg 1.0		neg 0.3699172481522785 __DUMMY__ 0.3170280040855421 off 0.3130547477621794	false	1.0
stocken	neg 1.0		neg 0.3695194964176592 __DUMMY__ 0.31763155537010934 off 0.31284894821223147	false	1.0
isolieren	neg 1.0		neg 0.367216490352689 __DUMMY__ 0.31768378026955063 off 0.3150997293777603	false	1.0
unheilbar	neg 1.0		neg 0.36400851031442977 off 0.31910722672212105 __DUMMY__ 0.3168842629634492	false	1.0
pisser	off 1.0		neg 0.361927036996186 off 0.3261815243229618 __DUMMY__ 0.3118914386808522	false	0.5
löschen	neg 1.0		neg 0.3651985743330245 off 0.31819750342661446 __DUMMY__ 0.3166039222403611	false	1.0
durchfallen	neg 1.0		neg 0.36836039663038445 __DUMMY__ 0.3168761034307342 off 0.31476349993888136	false	1.0
wichser	off 1.0	off 1.0	off 0.6556643013827254 neg 0.19571734543041527 __DUMMY__ 0.14861835318685934	false	1.0
terror	neg 1.0		neg 0.36165395357133895 off 0.32224998124231885 __DUMMY__ 0.31609606518634226	false	1.0
krass	neg 1.0		neg 0.3587791930262496 off 0.32849772875284594 __DUMMY__ 0.31272307822090445	false	1.0
revolte	neg 1.0		neg 0.3648441854563346 off 0.3199484451827946 __DUMMY__ 0.3152073693608708	false	1.0
besorgt	neg 1.0		neg 0.36275510834025226 __DUMMY__ 0.31927666234232466 off 0.3179682293174231	false	1.0
nachlassen	neg 1.0		neg 0.36675795037944275 __DUMMY__ 0.31914426657183737 off 0.3140977830487198	false	1.0
alt	neg 1.0		neg 0.36844484504232106 __DUMMY__ 0.31660677753035227 off 0.3149483774273268	false	1.0
hundesohn	off 1.0		neg 0.35598607071270827 off 0.3344212626998101 __DUMMY__ 0.3095926665874815	false	0.5
als			neg 0.3651316480005638 __DUMMY__ 0.31808010952772203 off 0.31678824247171405	false	0.0
abschreckung	neg 1.0		neg 0.37052483555221744 __DUMMY__ 0.31828578205650077 off 0.3111893823912818	false	1.0
unqualifiziert	neg 1.0		neg 0.3625343550965024 off 0.32279749840875416 __DUMMY__ 0.3146681464947434	false	1.0
abgewichst	off 1.0		neg 0.36466890922984746 __DUMMY__ 0.31769952591531275 off 0.3176315648548397	false	0.5
schwer	neg 1.0		neg 0.36533889419054394 off 0.31790146574777467 __DUMMY__ 0.31675964006168134	false	1.0
bedeutungslosigkeit	neg 1.0		neg 0.3696164236686819 __DUMMY__ 0.31797784311202076 off 0.3124057332192974	false	1.0
kapitulation	neg 1.0		neg 0.36858935321272823 __DUMMY__ 0.317597422356061 off 0.3138132244312108	false	1.0
unscharf	neg 1.0		neg 0.36519951689014746 off 0.3203787216863694 __DUMMY__ 0.3144217614234831	false	1.0
schwinden	neg 1.0		neg 0.37044048289159687 __DUMMY__ 0.3177932394321256 off 0.31176627767627746	false	1.0
versklavung	neg 1.0		neg 0.3655261404421579 off 0.31864780965030326 __DUMMY__ 0.3158260499075388	false	1.0
schlecht	neg 1.0		neg 0.3575473859695072 off 0.32654428796994084 __DUMMY__ 0.31590832606055197	false	1.0
verhasst	neg 1.0		neg 0.36645818405125014 off 0.3190160889760059 __DUMMY__ 0.3145257269727441	false	1.0
beschweren	neg 1.0		neg 0.36215445768943166 off 0.32132121512668127 __DUMMY__ 0.31652432718388696	false	1.0
scheiden	neg 1.0		neg 0.36272718877730353 off 0.31933216084247895 __DUMMY__ 0.31794065038021757	false	1.0
frustriert	neg 1.0		neg 0.36655170066856074 __DUMMY__ 0.3167608432451532 off 0.31668745608628596	false	1.0
schimmelig	neg 1.0		neg 0.3713024894467105 __DUMMY__ 0.31518741588324334 off 0.3135100946700461	false	1.0
fisch	neg 1.0		neg 0.37250066917884556 __DUMMY__ 0.31674941766587433 off 0.31074991315528017	false	1.0
schmuggel	neg 1.0		neg 0.37115133235270864 __DUMMY__ 0.3169004348310627 off 0.31194823281622863	false	1.0
auffallen	neg 1.0		neg 0.36173594552531896 off 0.32212342788142206 __DUMMY__ 0.3161406265932589	false	1.0
konkurrenz	neg 1.0		neg 0.36913355487650035 __DUMMY__ 0.3193101458802502 off 0.31155629924324946	false	1.0
teufelskreis	neg 1.0	neg 1.0	neg 0.67314551835196 off 0.17525662714391227 __DUMMY__ 0.15159785450412766	false	1.0
aufschreien	neg 1.0		neg 0.36318075578904907 off 0.3215651319228396 __DUMMY__ 0.3152541122881113	false	1.0
schuldner	neg 1.0		neg 0.37246940758912084 __DUMMY__ 0.3168203585761734 off 0.31071023383470586	false	1.0
missgeburt	off 1.0	off 1.0	off 0.6522887683674533 neg 0.1993783296557785 __DUMMY__ 0.14833290197676818	false	1.0
arbeitslos	neg 1.0		neg 0.3682170280262638 __DUMMY__ 0.3167127085299052 off 0.3150702634438309	false	1.0
befallen	neg 1.0		neg 0.3701505311729642 __DUMMY__ 0.31504884550849793 off 0.3148006233185378	false	1.0
miesepetrig	off 1.0	off 1.0	off 0.6498798233230169 neg 0.19863703676574648 __DUMMY__ 0.1514831399112367	false	1.0
alarmieren	neg 1.0		neg 0.36490522341655246 off 0.32182086532887444 __DUMMY__ 0.313273911254573	false	1.0
ungeduscht	off 1.0		neg 0.3641708639136031 off 0.3222514628393544 __DUMMY__ 0.31357767324704244	false	0.5
knappheit	neg 1.0		neg 0.3700084180171558 __DUMMY__ 0.3161394546694239 off 0.31385212731342044	false	1.0
schlange	neg 1.0		neg 0.3603324945850098 off 0.32166750219868534 __DUMMY__ 0.3180000032163049	false	1.0
harsch	neg 1.0		neg 0.3557860460356121 off 0.3304064680085728 __DUMMY__ 0.3138074859558151	false	1.0
lang	neg 1.0		neg 0.36389729341356164 off 0.3194521325147212 __DUMMY__ 0.3166505740717172	false	1.0
ziellos	neg 1.0		neg 0.3657434021331242 __DUMMY__ 0.3187188526725837 off 0.31553774519429223	false	1.0
selbstverliebt	neg 1.0		neg 0.354750938791102 off 0.33607471673322675 __DUMMY__ 0.30917434447567127	false	1.0
beseitigen	neg 1.0		neg 0.3658430653984392 __DUMMY__ 0.317347319894046 off 0.3168096147075147	false	1.0
dumm	off 1.0		neg 0.3554295662820345 off 0.33223306100109234 __DUMMY__ 0.3123373727168732	false	0.5
arbeitsloser	neg 1.0		neg 0.36532837795726936 __DUMMY__ 0.31839179506004 off 0.3162798269826906	false	1.0
blitzen	neg 1.0		neg 0.3615606841778239 off 0.32242159450269303 __DUMMY__ 0.3160177213194831	false	1.0
hilflos	neg 1.0		neg 0.3677241026767447 __DUMMY__ 0.31647264026906863 off 0.31580325705418655	false	1.0
eklig	off 1.0		neg 0.3581378007335725 off 0.33151371825473075 __DUMMY__ 0.3103484810116967	false	0.5
begriff			neg 0.364983335355536 off 0.31793338594505544 __DUMMY__ 0.3170832786994085	false	0.0
hungersnot	neg 1.0		neg 0.36890454599550865 __DUMMY__ 0.31650172169965257 off 0.3145937323048387	false	1.0
ungesetzlich	neg 1.0		neg 0.36653441961256283 off 0.3183593049334544 __DUMMY__ 0.3151062754539826	false	1.0
verschwendung	neg 1.0		neg 0.36901593043261793 __DUMMY__ 0.3177315601803045 off 0.31325250938707755	false	1.0
schmerzvoll	neg 1.0		neg 0.363565195969366 off 0.320438638108327 __DUMMY__ 0.31599616592230717	false	1.0
vorzeitig	neg 1.0		neg 0.3640825797486825 off 0.3209594155201791 __DUMMY__ 0.3149580047311383	false	1.0
unvollkommenheit	neg 1.0		neg 0.36450273717907367 __DUMMY__ 0.31918678375191606 off 0.31631047906901016	false	1.0
intervenieren	neg 1.0		neg 0.3700666857069265 __DUMMY__ 0.3172895455666752 off 0.3126437687263984	false	1.0
banause	off 1.0		neg 0.3580247068216993 off 0.3335407315002692 __DUMMY__ 0.30843456167803146	false	0.5
rebell	neg 1.0		neg 0.37334897866907174 __DUMMY__ 0.3181921359531946 off 0.3084588853777336	false	1.0
unlogisch	neg 1.0		neg 0.35886802776588406 off 0.3278327656517385 __DUMMY__ 0.31329920658237725	false	1.0
leiden	neg 1.0		neg 0.36677124405633293 __DUMMY__ 0.3197597943630185 off 0.3134689615806485	false	1.0
abschaffung	neg 1.0		neg 0.3648915378096994 off 0.3186695349185033 __DUMMY__ 0.3164389272717971	false	1.0
sturz	neg 1.0		neg 0.36618088739910426 off 0.31777249589944156 __DUMMY__ 0.3160466167014543	false	1.0
verkleinerung	neg 1.0		neg 0.3650454346692813 off 0.3207294274396355 __DUMMY__ 0.3142251378910832	false	1.0
schmarotzer	off 1.0		neg 0.3677360113332464 __DUMMY__ 0.31634847213411554 off 0.31591551653263816	false	0.5
bestrafung	neg 1.0		neg 0.36480631679833525 off 0.3192959272527923 __DUMMY__ 0.3158977559488725	false	1.0
achtlos	neg 1.0	neg 1.0	neg 0.6717185399191135 off 0.17574393949358957 __DUMMY__ 0.15253752058729697	false	1.0
ungeheuer	neg 1.0		neg 0.362973335011789 off 0.32120098687309456 __DUMMY__ 0.3158256781151163	false	1.0
unaufrichtig	neg 1.0		neg 0.3589507931538501 off 0.32348608855971966 __DUMMY__ 0.3175631182864303	false	1.0
groggy	neg 1.0		neg 0.3625203338557223 off 0.3218686608187241 __DUMMY__ 0.3156110053255536	false	1.0
verletzlich	neg 1.0		neg 0.3625680422247371 off 0.32456812312322625 __DUMMY__ 0.31286383465203665	false	1.0
ablehnen	neg 1.0		neg 0.36709365523231613 __DUMMY__ 0.31760370068721755 off 0.3153026440804663	false	1.0
