unsolidarisch	neg 1.0		neg 0.5152158228799033 off 0.44500258124320885 __DUMMY__ 0.039781595876887794	false	1.0
nachteilig	neg 1.0		neg 0.5173331135065169 off 0.442510768068751 __DUMMY__ 0.040156118424732164	false	1.0
skeptisch	neg 1.0		neg 0.5180357009357277 off 0.4417942361585519 __DUMMY__ 0.04017006290572029	false	1.0
schrecklich	neg 1.0		neg 0.5028836348858602 off 0.4575069941787194 __DUMMY__ 0.0396093709354204	false	1.0
schlapp	neg 1.0		neg 0.5067147747190968 off 0.4534947883334424 __DUMMY__ 0.0397904369474609	false	1.0
abfall	neg 1.0		neg 0.5208204314611077 off 0.4387871565736139 __DUMMY__ 0.04039241196527839	false	1.0
widerspenstig	neg 1.0		neg 0.5126286040476832 off 0.44741037091640273 __DUMMY__ 0.03996102503591415	false	1.0
abrupt	neg 1.0		neg 0.5169579523592749 off 0.4428706012004637 __DUMMY__ 0.040171446440261514	false	1.0
unwirksam	neg 1.0		neg 0.5157040838005738 off 0.44457729678471736 __DUMMY__ 0.03971861941470888	false	1.0
angreifen	neg 1.0		neg 0.5195860309680054 off 0.4403731312731142 __DUMMY__ 0.040040837758880427	false	1.0
inkonsistent	neg 1.0		neg 0.5146928968634877 off 0.44564037356413827 __DUMMY__ 0.039666729572374	false	1.0
abrutschen	neg 1.0		neg 0.5212551906775814 off 0.43846249539972426 __DUMMY__ 0.04028231392269445	false	1.0
unsicher	neg 1.0		neg 0.5111258463002795 off 0.4487179452889364 __DUMMY__ 0.04015620841078407	false	1.0
bauernkind	off 1.0	off 1.0	off 0.7105776066908979 neg 0.2710053983614606 __DUMMY__ 0.018416994947641527	false	1.0
angreifer	neg 1.0	neg 1.0	neg 0.7423710193229337 off 0.23868135934376233 __DUMMY__ 0.018947621333304045	false	1.0
trennen	neg 1.0		neg 0.5169943864344004 off 0.4426855540668923 __DUMMY__ 0.040320059498707345	false	1.0
schmutz	neg 1.0		neg 0.5106867077718392 off 0.44932521524922747 __DUMMY__ 0.039988076978933244	false	1.0
inkonsistenz	neg 1.0		neg 0.5102197750419344 off 0.4503110537452183 __DUMMY__ 0.03946917121284721	false	1.0
erschreckend	neg 1.0		neg 0.5143476226489624 off 0.44570771981052354 __DUMMY__ 0.039944657540514024	false	1.0
ertrinken	neg 1.0		neg 0.5196790464606249 off 0.4403441638678615 __DUMMY__ 0.03997678967151355	false	1.0
pickelface	off 1.0		neg 0.5143451058494036 off 0.44567431265725793 __DUMMY__ 0.039980581493338385	false	0.5
seiner			neg 0.5177677428696239 off 0.4420755192283349 __DUMMY__ 0.040156737902041335	false	0.0
lauch	neg 1.0		neg 0.5207795457650606 off 0.4389528711203964 __DUMMY__ 0.040267583114543086	false	1.0
unwichtig	neg 1.0		neg 0.5082044938732208 off 0.4520779599784989 __DUMMY__ 0.03971754614828021	false	1.0
steuerhinterziehung	neg 1.0	neg 1.0	neg 0.7452490845192126 off 0.23576917809166223 __DUMMY__ 0.0189817373891252	false	1.0
schock	neg 1.0		neg 0.514389359969766 off 0.44563931280058744 __DUMMY__ 0.03997132722964659	false	1.0
beule	neg 1.0		neg 0.5078619001153802 off 0.452585286427703 __DUMMY__ 0.039552813456916594	false	1.0
vergelten	neg 1.0		neg 0.5027560997205507 off 0.45743174987924656 __DUMMY__ 0.0398121504002027	false	1.0
verdorbenheit	neg 1.0		neg 0.5107064517405587 off 0.4491903537310229 __DUMMY__ 0.040103194528418463	false	1.0
trauma	neg 1.0		neg 0.5122964005793079 off 0.4477953498130201 __DUMMY__ 0.039908249607671864	false	1.0
sinnlos	neg 1.0		neg 0.5101716460823437 off 0.44990706348712906 __DUMMY__ 0.039921290430527195	false	1.0
fettsack	off 1.0	off 1.0	off 0.7120307627693002 neg 0.269480852624975 __DUMMY__ 0.01848838460572479	false	1.0
feige	off 1.0	off 1.0	off 0.7098996394824484 neg 0.27135607553774627 __DUMMY__ 0.01874428497980527	false	1.0
abdanken	neg 1.0		neg 0.514675903435746 off 0.4454027419342075 __DUMMY__ 0.039921354630046466	false	1.0
wichtigtuer	off 1.0	off 1.0	off 0.7091842742234048 neg 0.27194036829558377 __DUMMY__ 0.018875357481011466	false	1.0
misslingen	neg 1.0		neg 0.5082783059033874 off 0.45136225343471537 __DUMMY__ 0.040359440661897235	false	1.0
untreu	off 1.0		neg 0.5074228086911876 off 0.45285480523336724 __DUMMY__ 0.03972238607544504	false	0.5
missmutig	neg 1.0		neg 0.5081534949991949 off 0.45208589052609965 __DUMMY__ 0.03976061447470554	false	1.0
hurenbock	off 1.0		neg 0.5119669160977557 off 0.44822261087974025 __DUMMY__ 0.03981047302250401	false	0.5
betrunken	neg 1.0		neg 0.5052478344757964 off 0.45505532046318126 __DUMMY__ 0.0396968450610223	false	1.0
korrupt	off 1.0		neg 0.5180707713190298 off 0.442104350233009 __DUMMY__ 0.03982487844796127	false	0.5
unmut	neg 1.0		neg 0.5207321433811212 off 0.4389440254064896 __DUMMY__ 0.04032383121238919	false	1.0
hackfresse	off 1.0		neg 0.5007093704696951 off 0.4599798460722525 __DUMMY__ 0.03931078345805228	false	0.5
aufblasen	neg 1.0		neg 0.5102140895167013 off 0.4498163994268778 __DUMMY__ 0.03996951105642086	false	1.0
gewaltsam	neg 1.0		neg 0.5163856169750821 off 0.4437371334703497 __DUMMY__ 0.039877249554568325	false	1.0
unbeliebtheit	neg 1.0		neg 0.5115648083138619 off 0.4488991271317151 __DUMMY__ 0.0395360645544231	false	1.0
sturheit	neg 1.0		neg 0.5157717835878963 off 0.4443273018425305 __DUMMY__ 0.03990091456957326	false	1.0
kuh	neg 1.0		neg 0.5146462743865279 off 0.4459161746154407 __DUMMY__ 0.039437550998031444	false	1.0
erschrecken	neg 1.0		neg 0.5074404041508526 off 0.45268698441226685 __DUMMY__ 0.03987261143688057	false	1.0
opfer	neg 1.0		neg 0.5169255875173084 off 0.4429849212604552 __DUMMY__ 0.040089491222236304	false	1.0
sinken	neg 1.0		neg 0.5202036847461478 off 0.4395062377872067 __DUMMY__ 0.040290077466645584	false	1.0
stinktier	neg 1.0		neg 0.5086251839844278 off 0.45241868965759113 __DUMMY__ 0.03895612635798109	false	1.0
tucke	off 1.0		neg 0.5023914369798165 off 0.4586142110306463 __DUMMY__ 0.038994351989537136	false	0.5
ein			neg 0.5118652095334153 off 0.44821747651171034 __DUMMY__ 0.039917313954874446	false	0.0
abstieg	neg 1.0		neg 0.5188925567221938 off 0.4410503997721673 __DUMMY__ 0.04005704350563883	false	1.0
missverstehen	neg 1.0		neg 0.5106151008306349 off 0.44963001905139 __DUMMY__ 0.03975488011797517	false	1.0
ergebnislos	neg 1.0		neg 0.5185856205163852 off 0.4412828932546382 __DUMMY__ 0.04013148622897664	false	1.0
unter			neg 0.5235242700857629 off 0.43575534846780656 __DUMMY__ 0.040720381446430594	false	0.0
manipulieren	neg 1.0		neg 0.5181433192278285 off 0.4416361795264526 __DUMMY__ 0.040220501245718736	false	1.0
unbewiesen	neg 1.0		neg 0.5161095781954299 off 0.44418989024356903 __DUMMY__ 0.03970053156100113	false	1.0
verschleppen	neg 1.0		neg 0.5183380852759101 off 0.44174242219468707 __DUMMY__ 0.03991949252940283	false	1.0
weib	off 1.0		neg 0.5047677920966716 off 0.45639738688604475 __DUMMY__ 0.03883482101728374	false	0.5
opposition	neg 1.0		neg 0.5131295856408187 off 0.4471393236670765 __DUMMY__ 0.039731090692104926	false	1.0
verkehrswidrig	neg 1.0		neg 0.5015388630741545 off 0.4586865497997132 __DUMMY__ 0.03977458712613225	false	1.0
inkorrekt	neg 1.0		neg 0.505697031562495 off 0.4548562929081511 __DUMMY__ 0.039446675529353846	false	1.0
vermeiden	neg 1.0	neg 1.0	neg 0.7468336486872512 off 0.23383929923990257 __DUMMY__ 0.019327052072846167	false	1.0
abweichung	neg 1.0	neg 1.0	neg 0.7437858563909734 off 0.23702882135759346 __DUMMY__ 0.019185322251433143	false	1.0
alkoholisiert	neg 1.0		neg 0.5171592738782753 off 0.44265630917764304 __DUMMY__ 0.04018441694408172	false	1.0
scheiss	off 1.0	off 1.0	off 0.7106165716827229 neg 0.27061441192879343 __DUMMY__ 0.018769016388483793	false	1.0
herausforderung	neg 1.0		neg 0.5165627148512613 off 0.44312766973330586 __DUMMY__ 0.040309615415433	false	1.0
pervers	off 1.0		neg 0.49879758319472756 off 0.46218066653357576 __DUMMY__ 0.039021750271696624	false	0.5
wackelig	neg 1.0		neg 0.5117501623536461 off 0.44789234176610426 __DUMMY__ 0.04035749588024973	false	1.0
verwickeln	neg 1.0		neg 0.5109896021003162 off 0.44921398423462594 __DUMMY__ 0.03979641366505782	false	1.0
vorwand	neg 1.0		neg 0.5191667727184289 off 0.44069497372298033 __DUMMY__ 0.040138253558590714	false	1.0
muschi	off 1.0		neg 0.514092532309363 off 0.4459221341210865 __DUMMY__ 0.03998533356955048	false	0.5
entmutigung	neg 1.0		neg 0.5127254842781598 off 0.4474352163365681 __DUMMY__ 0.039839299385272274	false	1.0
unangemessen	neg 1.0		neg 0.5159946995463076 off 0.44410485396895 __DUMMY__ 0.03990044648474247	false	1.0
unstetig	neg 1.0		neg 0.5103753964472586 off 0.4497863561334651 __DUMMY__ 0.03983824741927615	false	1.0
entmutigen	neg 1.0		neg 0.5117259436835255 off 0.44832371681539385 __DUMMY__ 0.03995033950108072	false	1.0
schwanz	neg 1.0		neg 0.5171112823793245 off 0.44284801386803496 __DUMMY__ 0.04004070375264058	false	1.0
verbot	neg 1.0		neg 0.5170335474958447 off 0.4429766293166141 __DUMMY__ 0.03998982318754131	false	1.0
leid	neg 1.0		neg 0.5026112261654743 off 0.45798617283390075 __DUMMY__ 0.03940260100062514	false	1.0
archaisch	neg 1.0		neg 0.5154440513639165 off 0.44462860428315004 __DUMMY__ 0.03992734435293357	false	1.0
gegen			neg 0.5205296688058322 off 0.4392119882872999 __DUMMY__ 0.04025834290686789	false	0.0
scheidung	neg 1.0		neg 0.4912422140988407 off 0.46956899509716543 __DUMMY__ 0.03918879080399378	false	1.0
einschlag	neg 1.0		neg 0.5048049040075304 off 0.45558548935729226 __DUMMY__ 0.03960960663517734	false	1.0
m			neg 0.5144697497961223 off 0.4453752878793974 __DUMMY__ 0.0401549623244803	false	0.0
abgestanden	neg 1.0		neg 0.5141574721204427 off 0.4461001080685982 __DUMMY__ 0.03974241981095912	false	1.0
schmierig	off 1.0		neg 0.5026812219608805 off 0.45781293769715725 __DUMMY__ 0.03950584034196226	false	0.5
unpraktisch	neg 1.0		neg 0.5108169519961482 off 0.4492435304040991 __DUMMY__ 0.03993951759975278	false	1.0
wixxer	off 1.0		neg 0.5002562619103709 off 0.46088737120167106 __DUMMY__ 0.03885636688795828	false	0.5
bezeichnet			neg 0.514901543018583 off 0.4453266725912522 __DUMMY__ 0.039771784390164835	false	0.0
jammerlappen	off 1.0		neg 0.5067773272260703 off 0.4533684051096544 __DUMMY__ 0.039854267664275335	false	0.5
farce	neg 1.0		neg 0.516841223619457 off 0.44329322439569935 __DUMMY__ 0.0398655519848437	false	1.0
zwecklos	neg 1.0		neg 0.5162019755151259 off 0.44386398771997976 __DUMMY__ 0.039934036764894335	false	1.0
turbulent	neg 1.0		neg 0.5085925747485862 off 0.4519370686948498 __DUMMY__ 0.03947035655656397	false	1.0
invasion	neg 1.0		neg 0.5110907424235552 off 0.44904701327595964 __DUMMY__ 0.039862244300485	false	1.0
schuld	neg 1.0		neg 0.5126549501323454 off 0.4475073941485616 __DUMMY__ 0.039837655719093014	false	1.0
risiko	neg 1.0	neg 1.0	neg 0.7417673673032733 off 0.23917897357523246 __DUMMY__ 0.019053659121494256	false	1.0
finster	neg 1.0		neg 0.5131446216002348 off 0.44711801664510575 __DUMMY__ 0.03973736175465943	false	1.0
geisteskrank	off 1.0		neg 0.5080702363573424 off 0.45245752798675637 __DUMMY__ 0.03947223565590113	false	0.5
zusammenbrechen	neg 1.0		neg 0.5145181341546209 off 0.445404601207624 __DUMMY__ 0.04007726463775517	false	1.0
ausbeute	neg 1.0		neg 0.5106350108212206 off 0.44869296875191284 __DUMMY__ 0.040672020426866434	false	1.0
hinterhalt	neg 1.0		neg 0.5143899721648042 off 0.4455091518290621 __DUMMY__ 0.04010087600613375	false	1.0
kritik	neg 1.0		neg 0.5172773303083319 off 0.44287078623709947 __DUMMY__ 0.03985188345456868	false	1.0
einschrumpfen	neg 1.0		neg 0.5110587832859673 off 0.44935323010157996 __DUMMY__ 0.03958798661245278	false	1.0
riskant	neg 1.0		neg 0.518745784568437 off 0.4412277621504942 __DUMMY__ 0.040026453281068845	false	1.0
frustrieren	neg 1.0		neg 0.5170237628471763 off 0.4429136813627468 __DUMMY__ 0.040062555790076865	false	1.0
groll	neg 1.0		neg 0.516821342584691 off 0.4432385807341131 __DUMMY__ 0.039940076681195875	false	1.0
gibt			neg 0.5138429821738287 off 0.4460251712633975 __DUMMY__ 0.04013184656277388	false	0.0
qualvoll	neg 1.0		neg 0.5103566518153233 off 0.44986340066619646 __DUMMY__ 0.039779947518480324	false	1.0
wackeln	neg 1.0		neg 0.5106958588191394 off 0.4492365878718035 __DUMMY__ 0.04006755330905727	false	1.0
klagen	neg 1.0		neg 0.5204591028473328 off 0.4392976538845295 __DUMMY__ 0.040243243268137684	false	1.0
bankrott	neg 1.0		neg 0.5075607429322891 off 0.45256869309062314 __DUMMY__ 0.039870563977087575	false	1.0
trauern	neg 1.0		neg 0.5171676278075439 off 0.44269619504658614 __DUMMY__ 0.04013617714587015	false	1.0
ablehnung	neg 1.0		neg 0.5171443135197604 off 0.4429547474602029 __DUMMY__ 0.03990093902003689	false	1.0
stur	neg 1.0		neg 0.5121691887682691 off 0.44797490840754167 __DUMMY__ 0.039855902824189084	false	1.0
aufruhr	neg 1.0	neg 1.0	neg 0.744048656316916 off 0.2369602061265442 __DUMMY__ 0.018991137556539854	false	1.0
melancholie	neg 1.0		neg 0.5165912280584903 off 0.44336086999232205 __DUMMY__ 0.04004790194918769	false	1.0
ist			neg 0.5103751296763414 off 0.4496905012155141 __DUMMY__ 0.0399343691081446	false	0.0
torheit	neg 1.0		neg 0.5126348539436213 off 0.4474068789373641 __DUMMY__ 0.03995826711901461	false	1.0
dreckskind	off 1.0		neg 0.5047486533619299 off 0.4561773942804347 __DUMMY__ 0.03907395235763553	false	0.5
umtauschen	neg 1.0		neg 0.512894453101577 off 0.44710396300783806 __DUMMY__ 0.04000158389058503	false	1.0
zum			neg 0.5184502739272308 off 0.44080230264369075 __DUMMY__ 0.040747423429078514	false	0.0
zersetzen	neg 1.0		neg 0.5199556031032438 off 0.4400213927560411 __DUMMY__ 0.0400230041407151	false	1.0
zur			neg 0.5216386425771306 off 0.4378164597180652 __DUMMY__ 0.04054489770480417	false	0.0
frust	neg 1.0		neg 0.5142213709436624 off 0.44566809901897636 __DUMMY__ 0.04011053003736115	false	1.0
unerbittlichkeit	neg 1.0		neg 0.5194565174289348 off 0.4404647662654954 __DUMMY__ 0.04007871630556982	false	1.0
zwei			neg 0.5183538972105541 off 0.44104108409551024 __DUMMY__ 0.04060501869393555	false	0.0
unkorrekt	neg 1.0		neg 0.5040301240472055 off 0.4563203872426754 __DUMMY__ 0.03964948871011923	false	1.0
hexe	off 1.0		neg 0.5121747767849317 off 0.4485276440045735 __DUMMY__ 0.03929757921049461	false	0.5
lasch	neg 1.0		neg 0.5101804128495784 off 0.4501523256798657 __DUMMY__ 0.03966726147055597	false	1.0
rivale	neg 1.0		neg 0.5064193059258337 off 0.45402429693892254 __DUMMY__ 0.03955639713524374	false	1.0
mutlos	off 1.0	off 1.0	off 0.7047489402162023 neg 0.2762586720113034 __DUMMY__ 0.018992387772494443	false	1.0
wirr	off 1.0		neg 0.5057971240853126 off 0.4548299191031865 __DUMMY__ 0.03937295681150103	false	0.5
jahr			neg 0.5129691852286323 off 0.44626706395597115 __DUMMY__ 0.04076375081539634	false	0.0
wird			neg 0.5156086543385963 off 0.44427370764170043 __DUMMY__ 0.04011763801970338	false	0.0
strafbar	neg 1.0		neg 0.5169560461781362 off 0.4429153386330707 __DUMMY__ 0.04012861518879294	false	1.0
erosion	neg 1.0		neg 0.5115327229345543 off 0.44836609774659786 __DUMMY__ 0.04010117931884769	false	1.0
eingehen	neg 1.0		neg 0.5174957225725243 off 0.4424547797955198 __DUMMY__ 0.04004949763195601	false	1.0
faul	off 1.0		neg 0.507879175446102 off 0.4522855905303942 __DUMMY__ 0.03983523402350377	false	0.5
provisorium	neg 1.0		neg 0.5207649442554508 off 0.43834103595026863 __DUMMY__ 0.04089401979428047	false	1.0
schmerzen	neg 1.0		neg 0.5151127174564336 off 0.44500366895496035 __DUMMY__ 0.03988361358860613	false	1.0
schrumpfen	neg 1.0		neg 0.5238577379444237 off 0.4358628391204071 __DUMMY__ 0.04027942293516918	false	1.0
geistlos	off 1.0		neg 0.5131419200081474 off 0.4472979165144985 __DUMMY__ 0.03956016347735418	false	0.5
fehlkauf	neg 1.0		neg 0.511703775364855 off 0.44845775975198765 __DUMMY__ 0.03983846488315722	false	1.0
frustrierend	neg 1.0		neg 0.5083478057708565 off 0.45181070914755694 __DUMMY__ 0.03984148508158664	false	1.0
unzufrieden	neg 1.0		neg 0.5160120137722528 off 0.4439947561763365 __DUMMY__ 0.039993230051410686	false	1.0
verzweifeln	neg 1.0		neg 0.5138268067766084 off 0.4461541962426803 __DUMMY__ 0.040018996980711395	false	1.0
verzweifelt	neg 1.0	neg 1.0	neg 0.7432716620543982 off 0.23785605846362845 __DUMMY__ 0.018872279481973397	false	1.0
misstrauensantrag	neg 1.0		neg 0.5112366939696419 off 0.4489396590558717 __DUMMY__ 0.039823646974486246	false	1.0
abfallen	neg 1.0		neg 0.5105590594891414 off 0.44937798581169863 __DUMMY__ 0.04006295469915991	false	1.0
fucker	off 1.0		neg 0.5050159269029446 off 0.4553515348655876 __DUMMY__ 0.0396325382314679	false	0.5
ungezogen	neg 1.0		neg 0.4987678823557929 off 0.4620858422408158 __DUMMY__ 0.03914627540339135	false	1.0
irrsinnig	neg 1.0	neg 1.0	neg 0.7429502351047119 off 0.23814387568694045 __DUMMY__ 0.018905889208347588	false	1.0
unfassbar	neg 1.0		neg 0.5056979606193994 off 0.45451208430030354 __DUMMY__ 0.039789955080297104	false	1.0
hart	neg 1.0		neg 0.5094666179883409 off 0.4510263646799634 __DUMMY__ 0.03950701733169586	false	1.0
widerlich	off 1.0		neg 0.5069391939552131 off 0.45348189125300076 __DUMMY__ 0.03957891479178602	false	0.5
fatal	neg 1.0		neg 0.510962967586208 off 0.4492001391357169 __DUMMY__ 0.03983689327807515	false	1.0
bruch	neg 1.0		neg 0.519836671268502 off 0.4399070160839498 __DUMMY__ 0.040256312647548434	false	1.0
aushungern	neg 1.0		neg 0.5153841422821247 off 0.44458488339719715 __DUMMY__ 0.04003097432067804	false	1.0
anspannung	neg 1.0		neg 0.5210947277456301 off 0.43840073286764764 __DUMMY__ 0.04050453938672221	false	1.0
von			neg 0.5119163032729712 off 0.4472167107218153 __DUMMY__ 0.04086698600521342	false	0.0
kraftlos	neg 1.0		neg 0.5149247773080798 off 0.44496400386856 __DUMMY__ 0.0401112188233603	false	1.0
vom			neg 0.5199447072747908 off 0.43914459617432655 __DUMMY__ 0.040910696550882676	false	0.0
grenzdebil	off 1.0		neg 0.5054292598911114 off 0.45480345017934526 __DUMMY__ 0.03976728992954318	false	0.5
vor			neg 0.5176255174570694 off 0.44199649938416846 __DUMMY__ 0.04037798315876203	false	0.0
unterwerfen	neg 1.0		neg 0.5173778528526536 off 0.4425705972935133 __DUMMY__ 0.04005154985383312	false	1.0
versenkung	neg 1.0		neg 0.5151044218644316 off 0.44463719156538717 __DUMMY__ 0.04025838657018114	false	1.0
entziehen	neg 1.0		neg 0.5199061028367042 off 0.4398679329321817 __DUMMY__ 0.04022596423111399	false	1.0
finanzkrise	neg 1.0		neg 0.517380925451546 off 0.44290184655196657 __DUMMY__ 0.03971722799648723	false	1.0
schimpfend	neg 1.0		neg 0.5113430435182653 off 0.44882919554140044 __DUMMY__ 0.03982776094033434	false	1.0
profan	neg 1.0		neg 0.5104999894452931 off 0.44969777115953596 __DUMMY__ 0.03980223939517093	false	1.0
korruption	neg 1.0		neg 0.5176489202157891 off 0.44238824343612404 __DUMMY__ 0.03996283634808692	false	1.0
â			neg 0.515102765390428 off 0.44472494062823553 __DUMMY__ 0.040172293981336364	false	0.0
schmutzig	neg 1.0		neg 0.504832757877517 off 0.455400638838438 __DUMMY__ 0.0397666032840449	false	1.0
sexy	neg 1.0		neg 0.5086428304880322 off 0.4514887815477368 __DUMMY__ 0.03986838796423111	false	1.0
abraten	neg 1.0		neg 0.5095373360178701 off 0.45047714567736935 __DUMMY__ 0.039985518304760666	false	1.0
schwarz	neg 1.0		neg 0.5117464222474669 off 0.448395477982057 __DUMMY__ 0.03985809977047609	false	1.0
fotze	off 1.0	off 1.0	off 0.7066177933766639 neg 0.2743396744746788 __DUMMY__ 0.0190425321486573	false	1.0
verwirren	neg 1.0		neg 0.5093370455177471 off 0.4508074155015641 __DUMMY__ 0.03985553898068879	false	1.0
zahnlos	off 1.0		neg 0.5151826327009587 off 0.444850318860276 __DUMMY__ 0.03996704843876533	false	0.5
verheeren	neg 1.0		neg 0.497736706154595 off 0.4631667060586014 __DUMMY__ 0.0390965877868037	false	1.0
hippie	neg 1.0		neg 0.509419382009405 off 0.4507334256742726 __DUMMY__ 0.03984719231632243	false	1.0
rammen	neg 1.0		neg 0.5156627396671575 off 0.44483835828347346 __DUMMY__ 0.039498902049369	false	1.0
unlauter	neg 1.0		neg 0.513481841764163 off 0.44674740805939417 __DUMMY__ 0.03977075017644284	false	1.0
unheilvoll	neg 1.0		neg 0.5121850324486459 off 0.448038523071455 __DUMMY__ 0.03977644447989927	false	1.0
niedrig	neg 1.0		neg 0.5197570471315487 off 0.44027999233640136 __DUMMY__ 0.03996296053205009	false	1.0
explosion	neg 1.0		neg 0.5093723832645257 off 0.45072099635882396 __DUMMY__ 0.03990662037665033	false	1.0
weichei	off 1.0	off 1.0	off 0.7136441257725815 neg 0.26772341026011715 __DUMMY__ 0.018632463967301345	false	1.0
minusmensch	off 1.0		neg 0.5047275552579578 off 0.4564837997101954 __DUMMY__ 0.038788645031846855	false	0.5
farblos	neg 1.0		neg 0.5150121558924193 off 0.44516059041404415 __DUMMY__ 0.03982725369353656	false	1.0
unwissend	neg 1.0	neg 1.0	neg 0.7403473775325295 off 0.24080026649041272 __DUMMY__ 0.018852355977057814	false	1.0
traurig	neg 1.0		neg 0.5032448819819 off 0.4570735743160784 __DUMMY__ 0.03968154370202168	false	1.0
senkung	neg 1.0		neg 0.5118082715092034 off 0.4485088375155546 __DUMMY__ 0.03968289097524198	false	1.0
ungleich	neg 1.0	neg 1.0	neg 0.7457579180887685 off 0.23516539258512587 __DUMMY__ 0.019076689326105706	false	1.0
heikel	neg 1.0		neg 0.5180107282617911 off 0.4418971479853047 __DUMMY__ 0.04009212375290427	false	1.0
drosselung	neg 1.0		neg 0.5075804406785669 off 0.4528319612216666 __DUMMY__ 0.03958759809976656	false	1.0
falsch	neg 1.0		neg 0.5082365614280699 off 0.4519478947242025 __DUMMY__ 0.03981554384772767	false	1.0
unzufriedenheit	neg 1.0		neg 0.5196111097045572 off 0.4402318781805567 __DUMMY__ 0.040157012114886086	false	1.0
kurz	neg 1.0		neg 0.511641458438969 off 0.4480654714860206 __DUMMY__ 0.040293070075010325	false	1.0
unsinnig	neg 1.0		neg 0.5148193922479518 off 0.44521828572282673 __DUMMY__ 0.03996232202922143	false	1.0
penner	off 1.0	off 1.0	off 0.7146034912396637 neg 0.2667823667119647 __DUMMY__ 0.018614142048371488	false	1.0
seicht	neg 1.0		neg 0.4993953920353477 off 0.46144847852390614 __DUMMY__ 0.039156129440746174	false	1.0
dummheit	off 1.0	off 1.0	off 0.708658464993722 neg 0.2725422923647881 __DUMMY__ 0.018799242641489883	false	1.0
unerfreulich	neg 1.0		neg 0.5174871549846493 off 0.4422598813068295 __DUMMY__ 0.04025296370852133	false	1.0
motherfucker	off 1.0	off 1.0	off 0.7116875600653203 neg 0.26952893472362394 __DUMMY__ 0.01878350521105586	false	1.0
pikiert	neg 1.0		neg 0.5083805120043196 off 0.4520624523548411 __DUMMY__ 0.039557035640839296	false	1.0
wrack	neg 1.0		neg 0.5168436648557196 off 0.4432334075489106 __DUMMY__ 0.039922927595369834	false	1.0
gangster	neg 1.0		neg 0.5093934676318269 off 0.4507666602143325 __DUMMY__ 0.039839872153840536	false	1.0
krank	neg 1.0		neg 0.5046769685428456 off 0.45549273617295494 __DUMMY__ 0.039830295284199416	false	1.0
reich	neg 1.0		neg 0.5078329474905577 off 0.4524433521867286 __DUMMY__ 0.03972370032271362	false	1.0
gnadenlos	neg 1.0		neg 0.5124957215198018 off 0.44765752101838757 __DUMMY__ 0.03984675746181048	false	1.0
niedergeschlagen	neg 1.0		neg 0.5143459149482371 off 0.4456219865512303 __DUMMY__ 0.04003209850053259	false	1.0
terrorisieren	off 1.0	off 1.0	off 0.7056880350336644 neg 0.27523852431496215 __DUMMY__ 0.0190734406513735	false	1.0
sinnlosigkeit	neg 1.0		neg 0.5155731473379828 off 0.44443002580333657 __DUMMY__ 0.03999682685868056	false	1.0
behindern	neg 1.0		neg 0.5139300395168278 off 0.446090701584046 __DUMMY__ 0.0399792588991261	false	1.0
undemokratisch	neg 1.0		neg 0.5125477647530224 off 0.4475678922819091 __DUMMY__ 0.039884342965068625	false	1.0
wirtschaftskrise	neg 1.0		neg 0.5190448735454222 off 0.4410961061260363 __DUMMY__ 0.03985902032854149	false	1.0
neid	neg 1.0		neg 0.5066458233304707 off 0.45336892800764983 __DUMMY__ 0.03998524866187957	false	1.0
rutschen	neg 1.0		neg 0.5182762158597612 off 0.44109438221013075 __DUMMY__ 0.04062940193010804	false	1.0
rezession	neg 1.0		neg 0.5085905722868603 off 0.4522746952608051 __DUMMY__ 0.03913473245233464	false	1.0
fehlgeburt	neg 1.0		neg 0.5113240440724898 off 0.4488043634780621 __DUMMY__ 0.03987159244944812	false	1.0
charakterschwach	off 1.0		neg 0.5072257349595484 off 0.4531921109251583 __DUMMY__ 0.039582154115293235	false	0.5
isolation	neg 1.0		neg 0.5086761817167406 off 0.4514737386433266 __DUMMY__ 0.03985007963993287	false	1.0
ablenkung	neg 1.0		neg 0.5111272695219671 off 0.4487534192638744 __DUMMY__ 0.04011931121415846	false	1.0
pech	neg 1.0		neg 0.5082107189851444 off 0.4519330293180246 __DUMMY__ 0.03985625169683099	false	1.0
vermeidung	neg 1.0		neg 0.5069623669454653 off 0.4534085895859442 __DUMMY__ 0.03962904346859045	false	1.0
dominieren	neg 1.0		neg 0.5174143637563084 off 0.44250529887754175 __DUMMY__ 0.04008033736614981	false	1.0
schwindlig	neg 1.0		neg 0.5097028318548247 off 0.4503554673126128 __DUMMY__ 0.03994170083256242	false	1.0
lutscher	neg 1.0	neg 1.0	neg 0.7358142053407607 off 0.24565425091105775 __DUMMY__ 0.018531543748181556	false	1.0
pflicht	neg 1.0		neg 0.5192128750484786 off 0.44064171809270297 __DUMMY__ 0.040145406858818455	false	1.0
faschist	off 1.0		neg 0.509683540148765 off 0.4505042238841679 __DUMMY__ 0.03981223596706698	false	0.5
verschleudern	neg 1.0		neg 0.5179411227416658 off 0.4419418210720538 __DUMMY__ 0.04011705618628035	false	1.0
wenn			neg 0.5082144135128728 off 0.451981641431496 __DUMMY__ 0.039803945055631104	false	0.0
ehebruch	neg 1.0		neg 0.5172797168747987 off 0.4427161509430256 __DUMMY__ 0.040004132182175724	false	1.0
spott	off 1.0		neg 0.5175397124766764 off 0.4424196245619622 __DUMMY__ 0.04004066296136137	false	0.5
trostlosigkeit	neg 1.0		neg 0.5202056703347793 off 0.43965182820462995 __DUMMY__ 0.04014250146059071	false	1.0
lutschen	neg 1.0		neg 0.5115419776743588 off 0.44887987239864585 __DUMMY__ 0.039578149926995355	false	1.0
undiszipliniert	neg 1.0		neg 0.5046304577265023 off 0.45575132461806034 __DUMMY__ 0.039618217655437396	false	1.0
kopfschmerz	neg 1.0		neg 0.5174531798810219 off 0.44273633185793915 __DUMMY__ 0.03981048826103895	false	1.0
unvorhergesehen	neg 1.0		neg 0.5152624482454693 off 0.4443446955341634 __DUMMY__ 0.04039285622036738	false	1.0
desinteressiert	neg 1.0	neg 1.0	neg 0.7392230709636793 off 0.24198916421069142 __DUMMY__ 0.018787764825629365	false	1.0
armselig	off 1.0		neg 0.5052502020179152 off 0.45527972825934737 __DUMMY__ 0.039470069722737595	false	0.5
desaster	neg 1.0		neg 0.5205254099211762 off 0.4392026012075681 __DUMMY__ 0.04027198887125565	false	1.0
tod	neg 1.0		neg 0.5171165302746065 off 0.44288461605591833 __DUMMY__ 0.03999885366947502	false	1.0
herzlos	neg 1.0		neg 0.5044448417550489 off 0.4560004194325983 __DUMMY__ 0.039554738812352906	false	1.0
unwissenheit	neg 1.0		neg 0.5165138543860124 off 0.44353083426043766 __DUMMY__ 0.03995531135354997	false	1.0
widersinnig	neg 1.0		neg 0.517393161537223 off 0.44275132471249823 __DUMMY__ 0.03985551375027876	false	1.0
bedenklich	neg 1.0		neg 0.5169865783258675 off 0.4429837154038032 __DUMMY__ 0.040029706270329396	false	1.0
beanstanden	neg 1.0		neg 0.518811009476787 off 0.4409598614150483 __DUMMY__ 0.04022912910816468	false	1.0
panisch	neg 1.0	neg 1.0	neg 0.7405563300792708 off 0.24039576826605324 __DUMMY__ 0.019047901654676052	false	1.0
debil	off 1.0		neg 0.5236508790030936 off 0.4358287577686391 __DUMMY__ 0.04052036322826735	false	0.5
abstrich	neg 1.0		neg 0.5117538333080051 off 0.44803448683446107 __DUMMY__ 0.04021167985753374	false	1.0
primitiv	neg 1.0		neg 0.5065590123951552 off 0.45385454906330874 __DUMMY__ 0.03958643854153614	false	1.0
abschaum	off 1.0	off 1.0	off 0.7104427838377918 neg 0.2707595728794081 __DUMMY__ 0.018797643282800137	false	1.0
provozieren	neg 1.0		neg 0.5134028233564842 off 0.4468176724477253 __DUMMY__ 0.03977950419579058	false	1.0
tot	neg 1.0		neg 0.5164428642548637 off 0.44357190854328316 __DUMMY__ 0.03998522720185317	false	1.0
instabil	neg 1.0		neg 0.5059330727279134 off 0.4545793912151299 __DUMMY__ 0.039487536056956714	false	1.0
schwuchtel	off 1.0	off 1.0	off 0.7168428734836771 neg 0.2647794967345215 __DUMMY__ 0.018377629781801304	false	1.0
zerren	neg 1.0		neg 0.5150664403745598 off 0.44489231925343903 __DUMMY__ 0.040041240372001	false	1.0
kinderficker	off 1.0		neg 0.501879904814369 off 0.4586813747557079 __DUMMY__ 0.0394387204299231	false	0.5
gefahr	neg 1.0		neg 0.5189912729402326 off 0.44076370270648624 __DUMMY__ 0.04024502435328118	false	1.0
rabiat	neg 1.0		neg 0.5126902185849103 off 0.44734084809582286 __DUMMY__ 0.03996893331926692	false	1.0
verlangsamung	neg 1.0		neg 0.5038331432341834 off 0.4571315831938709 __DUMMY__ 0.03903527357194576	false	1.0
ausgestorben	neg 1.0		neg 0.5124469719665146 off 0.4475149486522911 __DUMMY__ 0.04003807938119428	false	1.0
anklagen	neg 1.0		neg 0.5174305786752045 off 0.442613147791861 __DUMMY__ 0.03995627353293464	false	1.0
trott	neg 1.0		neg 0.5134540358432617 off 0.44656656038419446 __DUMMY__ 0.03997940377254398	false	1.0
verminderung	neg 1.0		neg 0.5060458024833417 off 0.4542996354514824 __DUMMY__ 0.039654562065175765	false	1.0
nach			neg 0.5193612633750171 off 0.43994487855702724 __DUMMY__ 0.040693858067955654	false	0.0
rost	neg 1.0		neg 0.5026731480531502 off 0.4580214013870399 __DUMMY__ 0.03930545055980969	false	1.0
destruktiv	neg 1.0		neg 0.5138961806606956 off 0.44620616575576316 __DUMMY__ 0.039897653583541186	false	1.0
unzumutbarkeit	neg 1.0		neg 0.5076727127626255 off 0.4526315541865211 __DUMMY__ 0.03969573305085343	false	1.0
labil	off 1.0	off 1.0	off 0.7101040484700791 neg 0.27106615398665446 __DUMMY__ 0.018829797543266344	false	1.0
ziemlich	neg 1.0		neg 0.505283807140074 off 0.45486791148171946 __DUMMY__ 0.03984828137820661	false	1.0
lachnummer	off 1.0		neg 0.513259496944777 off 0.44686762109895783 __DUMMY__ 0.03987288195626522	false	0.5
oder			neg 0.5103458770713224 off 0.4495707459457477 __DUMMY__ 0.040083376982929825	false	0.0
verfall	neg 1.0		neg 0.5232439788272377 off 0.43642604230842164 __DUMMY__ 0.04032997886434063	false	1.0
ausgrenzung	neg 1.0		neg 0.5121154873739986 off 0.4480405296760985 __DUMMY__ 0.03984398294990295	false	1.0
unordnung	neg 1.0		neg 0.5039731954339005 off 0.45631556897620096 __DUMMY__ 0.039711235589898586	false	1.0
fehlverhalten	neg 1.0		neg 0.5197116352949859 off 0.44027374393042007 __DUMMY__ 0.04001462077459406	false	1.0
eine			neg 0.516841754516928 off 0.4427960887671067 __DUMMY__ 0.0403621567159652	false	0.0
nille	neg 1.0		neg 0.5131920381519897 off 0.4467842310462082 __DUMMY__ 0.04002373080180219	false	1.0
qual	neg 1.0		neg 0.5137408812847626 off 0.44625169107983187 __DUMMY__ 0.040007427635405685	false	1.0
verschwenden	neg 1.0		neg 0.5180081081147873 off 0.4419780252751134 __DUMMY__ 0.040013866610099424	false	1.0
riesig	neg 1.0		neg 0.5166125725454344 off 0.44329123024649225 __DUMMY__ 0.04009619720807341	false	1.0
verurteilen	neg 1.0		neg 0.5174022916272297 off 0.4427123275819101 __DUMMY__ 0.0398853807908603	false	1.0
klischee	neg 1.0	neg 1.0	neg 0.7414880113939699 off 0.23966487030130662 __DUMMY__ 0.01884711830472346	false	1.0
diktatorisch	neg 1.0		neg 0.5132501290955186 off 0.44695359762359343 __DUMMY__ 0.03979627328088795	false	1.0
vorhersehbar	neg 1.0		neg 0.5106872067228322 off 0.44959996416398457 __DUMMY__ 0.039712829113183204	false	1.0
sowie			neg 0.5043573505240152 off 0.45635544675651135 __DUMMY__ 0.03928720271947348	false	0.0
stornieren	neg 1.0		neg 0.5064523291726116 off 0.45323369429413896 __DUMMY__ 0.04031397653324937	false	1.0
besteuerung	neg 1.0		neg 0.515825278555115 off 0.4445762731524706 __DUMMY__ 0.039598448292414296	false	1.0
ungeschminkt	neg 1.0		neg 0.5101372665263421 off 0.4505757841739902 __DUMMY__ 0.03928694929966785	false	1.0
kritisch	neg 1.0		neg 0.5168337469564142 off 0.4430821755648027 __DUMMY__ 0.04008407747878308	false	1.0
schlamperei	off 1.0		neg 0.5179277488141913 off 0.4418991230954735 __DUMMY__ 0.04017312809033515	false	0.5
sucht	neg 1.0	neg 1.0	neg 0.7411416955251168 off 0.23971633603526918 __DUMMY__ 0.0191419684396141	false	1.0
egoistisch	off 1.0		neg 0.5025263636320271 off 0.45813633782937013 __DUMMY__ 0.039337298538602745	false	0.5
ausbeuter	off 1.0		neg 0.5202057108412165 off 0.43982942507732414 __DUMMY__ 0.039964864081459356	false	0.5
arschgeburt	off 1.0		neg 0.49882392075747395 off 0.4625056170898493 __DUMMY__ 0.03867046215267682	false	0.5
schubs	neg 1.0		neg 0.5144732608516808 off 0.4454592470965999 __DUMMY__ 0.040067492051719326	false	1.0
unsolide	neg 1.0		neg 0.5130237836378777 off 0.4472611890037871 __DUMMY__ 0.039715027358335216	false	1.0
beschwerde	neg 1.0		neg 0.5185801176580856 off 0.44142042116331215 __DUMMY__ 0.039999461178602265	false	1.0
stocken	neg 1.0		neg 0.5184526915519219 off 0.4414682357521849 __DUMMY__ 0.04007907269589334	false	1.0
isolieren	neg 1.0		neg 0.516082383757677 off 0.4438336579595143 __DUMMY__ 0.04008395828280867	false	1.0
unheilbar	neg 1.0		neg 0.512315149528268 off 0.4477037081488649 __DUMMY__ 0.03998114232286712	false	1.0
pisser	off 1.0		neg 0.5076448449668267 off 0.4530327494029936 __DUMMY__ 0.039322405630179656	false	0.5
löschen	neg 1.0		neg 0.5133776149770791 off 0.44667501027550977 __DUMMY__ 0.03994737474741098	false	1.0
durchfallen	neg 1.0		neg 0.5168321262591941 off 0.4431844147825279 __DUMMY__ 0.03998345895827811	false	1.0
wichser	off 1.0	off 1.0	off 0.7161450698235043 neg 0.2653299408245024 __DUMMY__ 0.018524989351993176	false	1.0
terror	neg 1.0		neg 0.5093800556310445 off 0.4507418330751609 __DUMMY__ 0.039878111293794524	false	1.0
krass	neg 1.0		neg 0.5046824261153211 off 0.4558862037170971 __DUMMY__ 0.039431370167581685	false	1.0
revolte	neg 1.0		neg 0.5123854604838658 off 0.4478553321948761 __DUMMY__ 0.039759207321258205	false	1.0
besorgt	neg 1.0		neg 0.5121523468421328 off 0.4475519340580047 __DUMMY__ 0.040295719099862445	false	1.0
nachlassen	neg 1.0		neg 0.5162516579963401 off 0.44347261724273873 __DUMMY__ 0.04027572476092115	false	1.0
alt	neg 1.0		neg 0.5167120894000873 off 0.4433485233080844 __DUMMY__ 0.039939387291828395	false	1.0
hundesohn	off 1.0		neg 0.5003532580740281 off 0.4606257790889381 __DUMMY__ 0.03902096283703394	false	0.5
als			neg 0.5140346212960538 off 0.4458247101655137 __DUMMY__ 0.04014066853843247	false	0.0
abschreckung	neg 1.0		neg 0.5198480841959252 off 0.43998452169687985 __DUMMY__ 0.04016739410719505	false	1.0
unqualifiziert	neg 1.0		neg 0.509675171987969 off 0.4506334196857821 __DUMMY__ 0.03969140832624883	false	1.0
abgewichst	off 1.0		neg 0.5133780596969015 off 0.4465318256652491 __DUMMY__ 0.04009011463784935	false	0.5
schwer	neg 1.0		neg 0.5135948682816721 off 0.4464367893167772 __DUMMY__ 0.03996834240155048	false	1.0
bedeutungslosigkeit	neg 1.0		neg 0.5187300832290551 off 0.44114135195014914 __DUMMY__ 0.0401285648207957	false	1.0
kapitulation	neg 1.0		neg 0.5174925832111881 off 0.4424318577988141 __DUMMY__ 0.04007555898999778	false	1.0
unscharf	neg 1.0		neg 0.5122022947791833 off 0.4481446367550079 __DUMMY__ 0.039653068465808856	false	1.0
schwinden	neg 1.0		neg 0.5195025396527644 off 0.44039704401200286 __DUMMY__ 0.040100416335232654	false	1.0
versklavung	neg 1.0		neg 0.5134057130333509 off 0.4467531740369512 __DUMMY__ 0.0398411129296978	false	1.0
schlecht	neg 1.0		neg 0.5050227346637323 off 0.45512303605406157 __DUMMY__ 0.03985422928220613	false	1.0
verhasst	neg 1.0		neg 0.5136862570571071 off 0.4466389821998901 __DUMMY__ 0.03967476074300275	false	1.0
beschweren	neg 1.0		neg 0.5101539170333452 off 0.44990908315541056 __DUMMY__ 0.039936999811244246	false	1.0
scheiden	neg 1.0		neg 0.5114234604099592 off 0.44846367883085797 __DUMMY__ 0.040112860759182765	false	1.0
frustriert	neg 1.0		neg 0.5148747593896356 off 0.4451558619143831 __DUMMY__ 0.03996937869598135	false	1.0
schimmelig	neg 1.0		neg 0.5189743112859805 off 0.44127269819501286 __DUMMY__ 0.03975299051900667	false	1.0
fisch	neg 1.0		neg 0.520997226258154 off 0.4390480440974167 __DUMMY__ 0.03995472964442927	false	1.0
schmuggel	neg 1.0		neg 0.519798599764388 off 0.44022178716572397 __DUMMY__ 0.039979613069888065	false	1.0
auffallen	neg 1.0		neg 0.5095175508509817 off 0.45059652016726226 __DUMMY__ 0.039885928981756004	false	1.0
konkurrenz	neg 1.0		neg 0.5188849213453928 off 0.44081417102574194 __DUMMY__ 0.04030090762886532	false	1.0
teufelskreis	neg 1.0	neg 1.0	neg 0.7442491212398512 off 0.23684629438283278 __DUMMY__ 0.018904584377316118	false	1.0
aufschreien	neg 1.0		neg 0.5105994522596543 off 0.44963056657709005 __DUMMY__ 0.03976998116325545	false	1.0
schuldner	neg 1.0		neg 0.5211416203617282 off 0.4388858281067771 __DUMMY__ 0.03997255153149479	false	1.0
missgeburt	off 1.0	off 1.0	off 0.7126181893220045 neg 0.2688936387639787 __DUMMY__ 0.01848817191401678	false	1.0
arbeitslos	neg 1.0		neg 0.5166131254501034 off 0.44342368749932287 __DUMMY__ 0.03996318705057367	false	1.0
befallen	neg 1.0		neg 0.5178353088108477 off 0.4424285898114743 __DUMMY__ 0.03973610137767802	false	1.0
miesepetrig	off 1.0	off 1.0	off 0.7115047834005221 neg 0.26960781601259903 __DUMMY__ 0.018887400586878732	false	1.0
alarmieren	neg 1.0		neg 0.5114944525666163 off 0.44900061162339794 __DUMMY__ 0.039504935809985826	false	1.0
ungeduscht	off 1.0		neg 0.510711569041064 off 0.4497447365328043 __DUMMY__ 0.03954369442613179	false	0.5
knappheit	neg 1.0		neg 0.518220978628661 off 0.4418974990054945 __DUMMY__ 0.039881522365844566	false	1.0
schlange	neg 1.0		neg 0.5089544406166137 off 0.4509173846282872 __DUMMY__ 0.040128174755099145	false	1.0
harsch	neg 1.0		neg 0.5021441508144427 off 0.45828263791665924 __DUMMY__ 0.03957321126889786	false	1.0
lang	neg 1.0		neg 0.5120373148354962 off 0.4480085880437296 __DUMMY__ 0.03995409712077433	false	1.0
ziellos	neg 1.0		neg 0.5149922108115015 off 0.44478289817808564 __DUMMY__ 0.04022489101041282	false	1.0
selbstverliebt	neg 1.0		neg 0.4987798267041658 off 0.46225362874078696 __DUMMY__ 0.03896654455504712	false	1.0
beseitigen	neg 1.0		neg 0.5144436141173752 off 0.44551877590928823 __DUMMY__ 0.04003760997333663	false	1.0
dumm	off 1.0		neg 0.5010299176976794 off 0.4595873613924811 __DUMMY__ 0.03938272090983958	false	0.5
arbeitsloser	neg 1.0		neg 0.5144729108435913 off 0.4453462689524255 __DUMMY__ 0.0401808202039833	false	1.0
blitzen	neg 1.0		neg 0.5092967150670895 off 0.4508340377388096 __DUMMY__ 0.03986924719410088	false	1.0
hilflos	neg 1.0		neg 0.515950676809238 off 0.44411840346021547 __DUMMY__ 0.0399309197305465	false	1.0
eklig	off 1.0		neg 0.5028615049745205 off 0.45801803629953697 __DUMMY__ 0.03912045872594255	false	0.5
begriff			neg 0.5134153162122393 off 0.4465746878932723 __DUMMY__ 0.0400099958944883	false	0.0
hungersnot	neg 1.0		neg 0.517262097498322 off 0.4428099019160974 __DUMMY__ 0.03992800058558073	false	1.0
ungesetzlich	neg 1.0		neg 0.5141345189948362 off 0.44611803150165696 __DUMMY__ 0.03974744950350679	false	1.0
verschwendung	neg 1.0		neg 0.5179411270084742 off 0.44196194999678384 __DUMMY__ 0.0400969229947419	false	1.0
schmerzvoll	neg 1.0		neg 0.5113556172918866 off 0.44877717758742425 __DUMMY__ 0.03986720512068913	false	1.0
vorzeitig	neg 1.0		neg 0.5114079608837679 off 0.44886807082676383 __DUMMY__ 0.03972396828946824	false	1.0
unvollkommenheit	neg 1.0		neg 0.5139353504939659 off 0.44578588723810375 __DUMMY__ 0.040278762267930396	false	1.0
intervenieren	neg 1.0		neg 0.5188750307497583 off 0.4410886050385681 __DUMMY__ 0.04003636421167357	false	1.0
banause	off 1.0		neg 0.5018012633718485 off 0.45933080139671445 __DUMMY__ 0.03886793523143709	false	0.5
rebell	neg 1.0		neg 0.5226552041211532 off 0.4371947512941129 __DUMMY__ 0.040150044584733945	false	1.0
unlogisch	neg 1.0		neg 0.5051004082869922 off 0.45538933062526205 __DUMMY__ 0.0395102610877456	false	1.0
leiden	neg 1.0		neg 0.5165377930772426 off 0.44310563830213884 __DUMMY__ 0.04035656862061848	false	1.0
abschaffung	neg 1.0		neg 0.5130167586695537 off 0.44706176658836183 __DUMMY__ 0.039921474742084496	false	1.0
sturz	neg 1.0		neg 0.5141609620072937 off 0.44597179715430385 __DUMMY__ 0.03986724083840253	false	1.0
verkleinerung	neg 1.0		neg 0.5120837862597919 off 0.4482876018832264 __DUMMY__ 0.039628611856981626	false	1.0
schmarotzer	off 1.0		neg 0.5159500992973428 off 0.4441356055716505 __DUMMY__ 0.03991429513100672	false	0.5
bestrafung	neg 1.0		neg 0.5126429988974347 off 0.44750366054433444 __DUMMY__ 0.039853340558230956	false	1.0
achtlos	neg 1.0	neg 1.0	neg 0.7432447737228262 off 0.2377325462000326 __DUMMY__ 0.0190226800771413	false	1.0
ungeheuer	neg 1.0		neg 0.5106456275473029 off 0.449515012774378 __DUMMY__ 0.03983935967831908	false	1.0
unaufrichtig	neg 1.0		neg 0.5073822252175183 off 0.4525500087652003 __DUMMY__ 0.04006776601728134	false	1.0
groggy	neg 1.0		neg 0.5101305295013014 off 0.45005238633114053 __DUMMY__ 0.03981708416755787	false	1.0
