unsolidarisch	neg 1.0		__DUMMY__ 0.45087026490185084 neg 0.2948554750690851 off 0.25427426002906406	false	1.0
nachteilig	neg 1.0		__DUMMY__ 0.45484200308957784 neg 0.29491859968925566 off 0.2502393972211665	false	1.0
skeptisch	neg 1.0		__DUMMY__ 0.45492048733970675 neg 0.2955352427747386 off 0.24954426988555467	false	1.0
schrecklich	neg 1.0		__DUMMY__ 0.4490828754956093 neg 0.2844615941855896 off 0.26645553031880104	false	1.0
schlapp	neg 1.0		__DUMMY__ 0.4510217335006311 neg 0.2871172745182106 off 0.2618609919811583	false	1.0
abfall	neg 1.0		__DUMMY__ 0.4573193773822031 neg 0.29692842587374674 off 0.24575219674405022	false	1.0
widerspenstig	neg 1.0		__DUMMY__ 0.45280523796555944 neg 0.2916747428285469 off 0.2555200192058936	false	1.0
abrupt	neg 1.0		__DUMMY__ 0.45509723538183666 neg 0.29451645807101684 off 0.25038630654714633	false	1.0
unwirksam	neg 1.0		__DUMMY__ 0.4502641235087905 neg 0.29571524716825703 off 0.2540206293229524	false	1.0
angreifen	neg 1.0		__DUMMY__ 0.45354693474983254 neg 0.29763462295167653 off 0.24881844229849087	false	1.0
inkonsistent	neg 1.0		__DUMMY__ 0.449753659012591 neg 0.2950957116755847 off 0.2551506293118242	false	1.0
abrutschen	neg 1.0		__DUMMY__ 0.456109672542913 neg 0.297946164360017 off 0.2459441630970699	false	1.0
unsicher	neg 1.0		__DUMMY__ 0.4547972225888946 neg 0.2892292779992652 off 0.25597349941184017	false	1.0
bauernkind	off 1.0	off 1.0	off 0.6201981240476989 __DUMMY__ 0.21276699824925274 neg 0.16703487770304842	false	1.0
angreifer	neg 1.0	neg 1.0	neg 0.6353331973701709 __DUMMY__ 0.2187185315848445 off 0.14594827104498465	false	1.0
trennen	neg 1.0		__DUMMY__ 0.45653486288794326 neg 0.2938396712613299 off 0.24962546585072676	false	1.0
schmutz	neg 1.0		__DUMMY__ 0.4532276498177771 neg 0.28959500805113025 off 0.2571773421310926	false	1.0
inkonsistenz	neg 1.0		__DUMMY__ 0.4476002875311677 neg 0.29190530904750517 off 0.26049440342132707	false	1.0
erschreckend	neg 1.0		__DUMMY__ 0.4525340113900044 neg 0.29330430463401796 off 0.25416168397597777	false	1.0
ertrinken	neg 1.0		__DUMMY__ 0.45291458961377196 neg 0.2980822959274077 off 0.24900311445882023	false	1.0
pickelface	off 1.0		__DUMMY__ 0.45299809266309143 neg 0.29306724016946684 off 0.2539346671674416	false	0.5
seiner			__DUMMY__ 0.45478425160268504 neg 0.2953692666870799 off 0.24984648171023496	false	0.0
lauch	neg 1.0		__DUMMY__ 0.4560232487426247 neg 0.2975744481055455 off 0.2464023031518298	false	1.0
unwichtig	neg 1.0		__DUMMY__ 0.4501814544904818 neg 0.288811267192038 off 0.2610072783174803	false	1.0
steuerhinterziehung	neg 1.0	neg 1.0	neg 0.6379802665719096 __DUMMY__ 0.21909466697861318 off 0.14292506644947725	false	1.0
schock	neg 1.0		__DUMMY__ 0.45287152278203124 neg 0.2932210790179306 off 0.25390739820003827	false	1.0
beule	neg 1.0		__DUMMY__ 0.4485419734212769 neg 0.2894029200513221 off 0.2620551065274008	false	1.0
vergelten	neg 1.0		__DUMMY__ 0.45134667730644357 neg 0.2830876927058002 off 0.26556562998775624	false	1.0
verdorbenheit	neg 1.0		__DUMMY__ 0.45432585940881215 neg 0.2891560498974441 off 0.2565180906937438	false	1.0
trauma	neg 1.0		__DUMMY__ 0.45216483069287544 neg 0.29162400949475825 off 0.25621115981236625	false	1.0
sinnlos	neg 1.0		__DUMMY__ 0.4523163038385783 neg 0.28957504887166774 off 0.258108647289754	false	1.0
fettsack	off 1.0	off 1.0	off 0.6213270730963063 __DUMMY__ 0.2135575031713369 neg 0.1651154237323568	false	1.0
feige	off 1.0	off 1.0	off 0.6180882141486251 __DUMMY__ 0.2163971022866967 neg 0.16551468356467813	false	1.0
abdanken	neg 1.0		__DUMMY__ 0.45237238326127754 neg 0.29357762868753157 off 0.2540499880511909	false	1.0
wichtigtuer	off 1.0	off 1.0	off 0.6167716922561628 __DUMMY__ 0.21786830206263277 neg 0.16536000568120446	false	1.0
misslingen	neg 1.0		__DUMMY__ 0.4571085426549965 neg 0.2854433342011429 off 0.2574481231438606	false	1.0
untreu	off 1.0		__DUMMY__ 0.450244618791675 neg 0.2880781033114468 off 0.2616772778968783	false	0.5
missmutig	neg 1.0		__DUMMY__ 0.4506841644977 neg 0.28854139622057007 off 0.26077443928172983	false	1.0
hurenbock	off 1.0		__DUMMY__ 0.45131551502265826 neg 0.2917547077366228 off 0.25692977724071875	false	0.5
betrunken	neg 1.0		__DUMMY__ 0.4500272314780661 neg 0.2862271698966751 off 0.2637455986252588	false	1.0
korrupt	off 1.0		__DUMMY__ 0.4513157509670162 neg 0.2972800741937115 off 0.2514041748392723	false	0.5
unmut	neg 1.0		__DUMMY__ 0.45656087988185645 neg 0.29718420684945096 off 0.2462549132686925	false	1.0
hackfresse	off 1.0		__DUMMY__ 0.4459552233449179 neg 0.2840017255495284 off 0.27004305110555377	false	0.5
aufblasen	neg 1.0		__DUMMY__ 0.45286727814023475 neg 0.28938728331086855 off 0.2577454385488967	false	1.0
gewaltsam	neg 1.0		__DUMMY__ 0.4519503181613587 neg 0.2954563196746388 off 0.25259336216400247	false	1.0
unbeliebtheit	neg 1.0		__DUMMY__ 0.44838077904416185 neg 0.29273619433133086 off 0.25888302662450713	false	1.0
sturheit	neg 1.0		__DUMMY__ 0.4520982799682181 neg 0.29478736052606913 off 0.25311435950571276	false	1.0
kuh	neg 1.0		__DUMMY__ 0.4473664626179076 neg 0.2962412233246559 off 0.2563923140574365	false	1.0
erschrecken	neg 1.0		__DUMMY__ 0.45183199972766985 neg 0.28730545491393833 off 0.26086254535839193	false	1.0
opfer	neg 1.0		__DUMMY__ 0.45409813172239627 neg 0.29488588240081454 off 0.2510159858767892	false	1.0
sinken	neg 1.0		__DUMMY__ 0.45628699233616843 neg 0.2968549036428681 off 0.24685810402096348	false	1.0
stinktier	neg 1.0		__DUMMY__ 0.4422272579667382 neg 0.29317271652337795 off 0.26460002550988393	false	1.0
tucke	off 1.0		__DUMMY__ 0.4426894708030732 neg 0.2871841654139538 off 0.27012636378297317	false	0.5
ein			__DUMMY__ 0.45235447949232666 neg 0.2911983253941836 off 0.25644719511348973	false	0.0
abstieg	neg 1.0		__DUMMY__ 0.4538367990853837 neg 0.2968208180227396 off 0.24934238289187677	false	1.0
missverstehen	neg 1.0		__DUMMY__ 0.4505628758780999 neg 0.29082981385838363 off 0.2586073102635165	false	1.0
ergebnislos	neg 1.0		__DUMMY__ 0.454592114083271 neg 0.2961523866292648 off 0.2492554992874642	false	1.0
unter			__DUMMY__ 0.4607663437970576 neg 0.2977952440356968 off 0.2414384121672456	false	0.0
manipulieren	neg 1.0		__DUMMY__ 0.4555006793183709 neg 0.29530541842793884 off 0.24919390225369037	false	1.0
unbewiesen	neg 1.0		__DUMMY__ 0.4500257596318456 neg 0.2960943910745518 off 0.2538798492936026	false	1.0
verschleppen	neg 1.0		__DUMMY__ 0.4523693624303421 neg 0.2969953588159522 off 0.2506352787537056	false	1.0
weib	off 1.0		__DUMMY__ 0.4409397526324474 neg 0.2902304928010857 off 0.26882975456646696	false	0.5
opposition	neg 1.0		__DUMMY__ 0.45037901414204656 neg 0.2933086874866093 off 0.25631229837134417	false	1.0
verkehrswidrig	neg 1.0		__DUMMY__ 0.45095156102718076 neg 0.28229784476917685 off 0.2667505942036424	false	1.0
inkorrekt	neg 1.0		__DUMMY__ 0.4473719031597538 neg 0.2878021872615522 off 0.26482590957869406	false	1.0
vermeiden	neg 1.0	neg 1.0	neg 0.6376799106596558 __DUMMY__ 0.2229774906464988 off 0.13934259869384544	false	1.0
abweichung	neg 1.0	neg 1.0	neg 0.6354217571824157 __DUMMY__ 0.22139188914535823 off 0.14318635367222599	false	1.0
alkoholisiert	neg 1.0		__DUMMY__ 0.4552934731078986 neg 0.29467047542904284 off 0.25003605146305863	false	1.0
scheiss	off 1.0	off 1.0	off 0.6185536494773233 __DUMMY__ 0.21672729948142758 neg 0.16471905104124912	false	1.0
herausforderung	neg 1.0		__DUMMY__ 0.4565049196588596 neg 0.293397887912299 off 0.2500971924288414	false	1.0
pervers	off 1.0		__DUMMY__ 0.4429276992698476 neg 0.2837043319045563 off 0.2733679688255961	false	0.5
wackelig	neg 1.0		__DUMMY__ 0.4569736898195754 neg 0.2888046709623593 off 0.2542216392180652	false	1.0
verwickeln	neg 1.0		__DUMMY__ 0.4510000769703518 neg 0.29095391872154036 off 0.2580460043081078	false	1.0
vorwand	neg 1.0		__DUMMY__ 0.4545926445876919 neg 0.29672609606607675 off 0.24868125934623125	false	1.0
muschi	off 1.0		__DUMMY__ 0.45302986447903293 neg 0.2928138380775048 off 0.25415629744346224	false	0.5
entmutigung	neg 1.0		__DUMMY__ 0.451539117584901 neg 0.2921900717943376 off 0.25627081062076135	false	1.0
unangemessen	neg 1.0		__DUMMY__ 0.4520825341637865 neg 0.2950224242532457 off 0.25289504158296783	false	1.0
unstetig	neg 1.0		__DUMMY__ 0.4516213315569765 neg 0.29013287432304824 off 0.25824579411997534	false	1.0
entmutigen	neg 1.0		__DUMMY__ 0.4526593236103073 neg 0.2908400462548029 off 0.2565006301348897	false	1.0
schwanz	neg 1.0		__DUMMY__ 0.45365056305227525 neg 0.29534970444254527 off 0.2509997325051795	false	1.0
verbot	neg 1.0		__DUMMY__ 0.45308329675761594 neg 0.29542175760856015 off 0.2514949456338238	false	1.0
leid	neg 1.0		__DUMMY__ 0.44691831086028944 neg 0.28529584544069336 off 0.26778584369901715	false	1.0
archaisch	neg 1.0		__DUMMY__ 0.4523996319592389 neg 0.294386481546137 off 0.25321388649462423	false	1.0
gegen			__DUMMY__ 0.45589066846435716 neg 0.297289740326611 off 0.24681959120903188	false	0.0
scheidung	neg 1.0		__DUMMY__ 0.44480238782080433 off 0.279583492681241 neg 0.2756141194979548	false	0.5
einschlag	neg 1.0		__DUMMY__ 0.44913658375311016 neg 0.28617901557974385 off 0.264684400667146	false	1.0
m			__DUMMY__ 0.4547680131771147 neg 0.29237897762615345 off 0.25285300919673187	false	0.0
abgestanden	neg 1.0		__DUMMY__ 0.45058163278951185 neg 0.2942848818734388 off 0.25513348533704944	false	1.0
schmierig	off 1.0		__DUMMY__ 0.4480093892986716 neg 0.28481440482871423 off 0.2671762058726142	false	0.5
unpraktisch	neg 1.0		__DUMMY__ 0.4525653924236569 neg 0.29014092962823496 off 0.2572936779481081	false	1.0
wixxer	off 1.0		__DUMMY__ 0.4411749390727654 neg 0.2859254790499988 off 0.27289958187723556	false	0.5
bezeichnet			__DUMMY__ 0.45072397409538933 neg 0.2947015911619289 off 0.25457443474268177	false	0.0
jammerlappen	off 1.0		__DUMMY__ 0.45162998837057317 neg 0.2867672758796764 off 0.2616027357497503	false	0.5
farce	neg 1.0		__DUMMY__ 0.4517771591747264 neg 0.29591013931939536 off 0.25231270150587837	false	1.0
zwecklos	neg 1.0		__DUMMY__ 0.45242627290898096 neg 0.29506734076639196 off 0.2525063863246272	false	1.0
turbulent	neg 1.0		__DUMMY__ 0.4477566352533553 neg 0.2903539894450761 off 0.2618893753015687	false	1.0
invasion	neg 1.0		__DUMMY__ 0.45169760764895955 neg 0.2907501069728657 off 0.25755228537817476	false	1.0
schuld	neg 1.0		__DUMMY__ 0.45141421932481324 neg 0.2922976880443337 off 0.256288092630853	false	1.0
risiko	neg 1.0	neg 1.0	neg 0.6341396404755907 __DUMMY__ 0.21992954486096378 off 0.14593081466344565	false	1.0
finster	neg 1.0		__DUMMY__ 0.45047864684351957 neg 0.29337562104721215 off 0.2561457321092683	false	1.0
geisteskrank	off 1.0		__DUMMY__ 0.4475915392747989 neg 0.28994316385767543 off 0.26246529686752573	false	0.5
zusammenbrechen	neg 1.0		__DUMMY__ 0.45394558336348456 neg 0.29278510784169076 off 0.2532693087948248	false	1.0
ausbeute	neg 1.0		__DUMMY__ 0.46039216792535376 neg 0.28607742875817255 off 0.2535304033164738	false	1.0
hinterhalt	neg 1.0		__DUMMY__ 0.4543995060000859 neg 0.29244406168418197 off 0.2531564323157321	false	1.0
kritik	neg 1.0		__DUMMY__ 0.4516238955202043 neg 0.29638539379525836 off 0.2519907106845373	false	1.0
einschrumpfen	neg 1.0		__DUMMY__ 0.44885198885556604 neg 0.29208267899568086 off 0.25906533214875294	false	1.0
riskant	neg 1.0		__DUMMY__ 0.45339160307286275 neg 0.2969603534955989 off 0.2496480434315384	false	1.0
frustrieren	neg 1.0		__DUMMY__ 0.4537825899342996 neg 0.2951721278057216 off 0.2510452822599788	false	1.0
groll	neg 1.0		__DUMMY__ 0.45251223112149264 neg 0.2955796856259028 off 0.2519080832526045	false	1.0
gibt			__DUMMY__ 0.4545143590069561 neg 0.29186190035008613 off 0.2536237406429578	false	0.0
qualvoll	neg 1.0		__DUMMY__ 0.45088692371560846 neg 0.29048373926035514 off 0.25862933702403645	false	1.0
wackeln	neg 1.0		__DUMMY__ 0.453896614596808 neg 0.28930745155215243 off 0.2567959338510394	false	1.0
klagen	neg 1.0		__DUMMY__ 0.45574014990870637 neg 0.29731787356354566 off 0.24694197652774805	false	1.0
bankrott	neg 1.0		__DUMMY__ 0.4518298470718027 neg 0.287461744959465 off 0.26070840796873235	false	1.0
trauern	neg 1.0		__DUMMY__ 0.45463892554618013 neg 0.29484688775334905 off 0.2505141867004707	false	1.0
ablehnung	neg 1.0		__DUMMY__ 0.4521325113148237 neg 0.29600367158490154 off 0.25186381710027483	false	1.0
stur	neg 1.0		__DUMMY__ 0.4516177279624677 neg 0.29175614232142233 off 0.25662612971611	false	1.0
aufruhr	neg 1.0	neg 1.0	neg 0.6367473268179211 __DUMMY__ 0.21920329514805087 off 0.14404937803402798	false	1.0
melancholie	neg 1.0		__DUMMY__ 0.4537369384729293 neg 0.2949074341183669 off 0.2513556274087039	false	1.0
ist			__DUMMY__ 0.4524550643695903 neg 0.28970686302591936 off 0.2578380726044904	false	0.0
torheit	neg 1.0		__DUMMY__ 0.452776908645482 neg 0.29153986483098593 off 0.2556832265235321	false	1.0
dreckskind	off 1.0		__DUMMY__ 0.44345644398534234 neg 0.2889498155618662 off 0.26759374045279144	false	0.5
umtauschen	neg 1.0		__DUMMY__ 0.45324418393576266 neg 0.29177354654936644 off 0.25498226951487096	false	1.0
zum			__DUMMY__ 0.4610906359066202 neg 0.2929573708381671 off 0.2459519932552126	false	0.0
zersetzen	neg 1.0		__DUMMY__ 0.4533834111184368 neg 0.2980614414068863 off 0.248555147474677	false	1.0
zur			__DUMMY__ 0.458921972412514 neg 0.2968952279956733 off 0.24418279959181266	false	0.0
frust	neg 1.0		__DUMMY__ 0.45429569949726245 neg 0.2923190176136145 off 0.25338528288912315	false	1.0
unerbittlichkeit	neg 1.0		__DUMMY__ 0.45398076326098313 neg 0.29730059708736584 off 0.24871863965165103	false	1.0
zwei			__DUMMY__ 0.45957556512683617 neg 0.29362928388602066 off 0.2467951509871432	false	0.0
unkorrekt	neg 1.0		__DUMMY__ 0.44956180314434635 neg 0.2852041228506129 off 0.26523407400504084	false	1.0
hexe	off 1.0		__DUMMY__ 0.4458598666889778 neg 0.2947055031608505 off 0.2594346301501717	false	0.5
lasch	neg 1.0		__DUMMY__ 0.44965963310976415 neg 0.2908614036324631 off 0.2594789632577727	false	1.0
rivale	neg 1.0		__DUMMY__ 0.4485867022117709 neg 0.2879630159581869 off 0.26345028183004227	false	1.0
mutlos	off 1.0	off 1.0	off 0.6118683926591743 __DUMMY__ 0.21918206621674044 neg 0.1689495411240852	false	1.0
wirr	off 1.0		__DUMMY__ 0.4466516801175858 neg 0.28831231262839685 off 0.2650360072540173	false	0.5
jahr			__DUMMY__ 0.4613125349639307 neg 0.2877680153476867 off 0.2509194496883825	false	0.0
wird			__DUMMY__ 0.454369001217148 neg 0.29359992365787546 off 0.2520310751249764	false	0.0
strafbar	neg 1.0		__DUMMY__ 0.4545194949656374 neg 0.2946802631519654 off 0.2508002418823973	false	1.0
erosion	neg 1.0		__DUMMY__ 0.454231548511081 neg 0.2899292294173871 off 0.25583922207153187	false	1.0
eingehen	neg 1.0		__DUMMY__ 0.45364210576794356 neg 0.29567321366008387 off 0.2506846805719724	false	1.0
faul	off 1.0		__DUMMY__ 0.45148491372889016 neg 0.28795578427016266 off 0.2605593020009472	false	0.5
provisorium	neg 1.0		__DUMMY__ 0.46262176425520163 neg 0.29433219176521425 off 0.24304604397958404	false	1.0
schmerzen	neg 1.0		__DUMMY__ 0.4520036683071469 neg 0.29443563825591823 off 0.25356069343693477	false	1.0
schrumpfen	neg 1.0		__DUMMY__ 0.45612465355147547 neg 0.3003092779201553 off 0.24356606852836912	false	1.0
geistlos	off 1.0		__DUMMY__ 0.4485405705820986 neg 0.2941075863252735 off 0.257351843092628	false	0.5
fehlkauf	neg 1.0		__DUMMY__ 0.4514690622778309 neg 0.2913946034110689 off 0.2571363343111001	false	1.0
frustrierend	neg 1.0		__DUMMY__ 0.45149236535030235 neg 0.2883089936265837 off 0.26019864102311385	false	1.0
unzufrieden	neg 1.0		__DUMMY__ 0.4530445775442703 neg 0.2945858488534319 off 0.2523695736022978	false	1.0
verzweifeln	neg 1.0		__DUMMY__ 0.453328925669608 neg 0.2924523945552567 off 0.25421867977513524	false	1.0
verzweifelt	neg 1.0	neg 1.0	neg 0.6367173704966009 __DUMMY__ 0.21782730421106755 off 0.14545532529233143	false	1.0
misstrauensantrag	neg 1.0		__DUMMY__ 0.45135071381546754 neg 0.29108361636777325 off 0.25756566981675927	false	1.0
abfallen	neg 1.0		__DUMMY__ 0.453869072294354 neg 0.2892528416671204 off 0.2568780860385255	false	1.0
fucker	off 1.0		__DUMMY__ 0.44927244276723843 neg 0.2862766733575999 off 0.26445088387516175	false	0.5
ungezogen	neg 1.0		__DUMMY__ 0.4442425372031767 neg 0.28303638790123997 off 0.2727210748955833	false	1.0
irrsinnig	neg 1.0	neg 1.0	neg 0.6362067277674449 __DUMMY__ 0.21820657648106845 off 0.1455866957514866	false	1.0
unfassbar	neg 1.0		__DUMMY__ 0.45095920489167785 neg 0.28611793492753557 off 0.26292286018078664	false	1.0
hart	neg 1.0		__DUMMY__ 0.44809459507570526 neg 0.29100530199442354 off 0.26090010292987104	false	1.0
widerlich	off 1.0		__DUMMY__ 0.4487311581198737 neg 0.28835602876619637 off 0.2629128131139299	false	0.5
fatal	neg 1.0		__DUMMY__ 0.45140998509031216 neg 0.2907450166955172 off 0.2578449982141707	false	1.0
bruch	neg 1.0		__DUMMY__ 0.4559119984133327 neg 0.2966392439435287 off 0.24744875764313862	false	1.0
aushungern	neg 1.0		__DUMMY__ 0.4535318029730227 neg 0.29364006499579826 off 0.25282813203117904	false	1.0
anspannung	neg 1.0		__DUMMY__ 0.458521668386861 neg 0.29661272534213473 off 0.24486560627100432	false	1.0
von			__DUMMY__ 0.4624449975184884 neg 0.28618367642649556 off 0.25137132605501605	false	0.0
kraftlos	neg 1.0		__DUMMY__ 0.4543434569145266 neg 0.2929982530403987 off 0.25265829004507456	false	1.0
vom			__DUMMY__ 0.4628275974963575 neg 0.2934938173986901 off 0.24367858510495233	false	0.0
grenzdebil	off 1.0		__DUMMY__ 0.4507339214587532 neg 0.2859926166081638 off 0.26327346193308304	false	0.5
vor			__DUMMY__ 0.45711906882380465 neg 0.2940859279089453 off 0.24879500326725013	false	0.0
unterwerfen	neg 1.0		__DUMMY__ 0.45370370552646677 neg 0.2954998376836882 off 0.25079645678984497	false	1.0
versenkung	neg 1.0		__DUMMY__ 0.45586086772750445 neg 0.2923220148487564 off 0.25181711742373913	false	1.0
entziehen	neg 1.0		__DUMMY__ 0.45551364861095495 neg 0.296955101011089 off 0.247531250377956	false	1.0
finanzkrise	neg 1.0		__DUMMY__ 0.450234064999641 neg 0.2972210939018897 off 0.25254484109846925	false	1.0
schimpfend	neg 1.0		__DUMMY__ 0.4514434808885189 neg 0.2911913189337965 off 0.2573652001776846	false	1.0
profan	neg 1.0		__DUMMY__ 0.45108532064934753 neg 0.2905203527672684 off 0.258394326583384	false	1.0
korruption	neg 1.0		__DUMMY__ 0.45280113551700585 neg 0.29615300384873705 off 0.2510458606342572	false	1.0
â			__DUMMY__ 0.4549563391669655 neg 0.2928689867324344 off 0.25217467410060007	false	0.0
schmutzig	neg 1.0		__DUMMY__ 0.4507346301580346 neg 0.2854367915303661 off 0.2638285783115993	false	1.0
sexy	neg 1.0		__DUMMY__ 0.45175527382043335 neg 0.28844789368291635 off 0.2597968324966503	false	1.0
abraten	neg 1.0		__DUMMY__ 0.45303331755597925 neg 0.28867730196995867 off 0.258289380474062	false	1.0
schwarz	neg 1.0		__DUMMY__ 0.45164404441830314 neg 0.2913639243016937 off 0.2569920312800031	false	1.0
fotze	off 1.0	off 1.0	off 0.6134354717890549 __DUMMY__ 0.21977399323893654 neg 0.1667905349720086	false	1.0
verwirren	neg 1.0		__DUMMY__ 0.45162904788674657 neg 0.2891479920081934 off 0.2592229601050599	false	1.0
zahnlos	off 1.0		__DUMMY__ 0.4527739113664647 neg 0.2939301822210198 off 0.25329590641251554	false	0.5
verheeren	neg 1.0		__DUMMY__ 0.4437473622575046 neg 0.2822257075746067 off 0.2740269301678886	false	1.0
hippie	neg 1.0		__DUMMY__ 0.45152193899993537 neg 0.28926763317788795 off 0.2592104278221766	false	1.0
rammen	neg 1.0		__DUMMY__ 0.44800320647036107 neg 0.2968901695472497 off 0.2551066239823893	false	1.0
unlauter	neg 1.0		__DUMMY__ 0.45082645259669213 neg 0.2933159857454919 off 0.2558575616578159	false	1.0
unheilvoll	neg 1.0		__DUMMY__ 0.4508845784134005 neg 0.29221963521308625 off 0.2568957863735133	false	1.0
niedrig	neg 1.0		__DUMMY__ 0.4528852347977286 neg 0.29819025956348094 off 0.24892450563879046	false	1.0
explosion	neg 1.0		__DUMMY__ 0.4521839244161424 neg 0.28891796240194223 off 0.2588981131819152	false	1.0
weichei	off 1.0	off 1.0	off 0.6222436495322664 __DUMMY__ 0.21517192369519558 neg 0.16258442677253804	false	1.0
minusmensch	off 1.0		__DUMMY__ 0.440445443622676 neg 0.29031220925988277 off 0.2692423471174412	false	0.5
farblos	neg 1.0		__DUMMY__ 0.4515115627247208 neg 0.2945152906750277 off 0.2539731466002516	false	1.0
unwissend	neg 1.0	neg 1.0	neg 0.633937409530459 __DUMMY__ 0.2176240243342562 off 0.14843856613528475	false	1.0
traurig	neg 1.0		__DUMMY__ 0.449838888274808 neg 0.28441171034606205 off 0.26574940137913	false	1.0
senkung	neg 1.0		__DUMMY__ 0.44988928514515747 neg 0.2923114982298224 off 0.2577992166250202	false	1.0
ungleich	neg 1.0	neg 1.0	neg 0.6379963253414987 __DUMMY__ 0.22014038511842787 off 0.1418632895400733	false	1.0
heikel	neg 1.0		__DUMMY__ 0.45409974808130577 neg 0.29592264028478904 off 0.2499776116339052	false	1.0
drosselung	neg 1.0		__DUMMY__ 0.44891931234200994 neg 0.2888880983785736 off 0.2621925892794164	false	1.0
falsch	neg 1.0		__DUMMY__ 0.4512223793353965 neg 0.2883441766067468 off 0.26043344405785673	false	1.0
unzufriedenheit	neg 1.0		__DUMMY__ 0.45479456199977714 neg 0.2970281643385662 off 0.24817727366165676	false	1.0
kurz	neg 1.0		__DUMMY__ 0.45627032904141074 neg 0.2890352072695729 off 0.2546944636890164	false	1.0
unsinnig	neg 1.0		__DUMMY__ 0.45273754552740836 neg 0.2936343819324276 off 0.2536280725401641	false	1.0
penner	off 1.0	off 1.0	off 0.6232985998152529 __DUMMY__ 0.21495982216504558 neg 0.1617415780197015	false	1.0
seicht	neg 1.0		__DUMMY__ 0.44431396282369984 neg 0.28352168302463754 off 0.27216435415166274	false	1.0
dummheit	off 1.0	off 1.0	off 0.6166034392414594 __DUMMY__ 0.21700911379659865 neg 0.1663874469619418	false	1.0
unerfreulich	neg 1.0		__DUMMY__ 0.4558233513007183 neg 0.29461186580665055 off 0.24956478289263115	false	1.0
motherfucker	off 1.0	off 1.0	off 0.6196754038734741 __DUMMY__ 0.2168428131555007 neg 0.16348178297102525	false	1.0
pikiert	neg 1.0		__DUMMY__ 0.44850375133477827 neg 0.28979535963398806 off 0.2617008890312338	false	1.0
wrack	neg 1.0		__DUMMY__ 0.452499121647565 neg 0.29568494314603777 off 0.2518159352063972	false	1.0
gangster	neg 1.0		__DUMMY__ 0.45145061056865793 neg 0.2892893668609626 off 0.25926002257037944	false	1.0
krank	neg 1.0		__DUMMY__ 0.4514352820495548 neg 0.28499321572560077 off 0.2635715022248443	false	1.0
reich	neg 1.0		__DUMMY__ 0.45045665013359054 neg 0.2882946186995672 off 0.2612487311668421	false	1.0
gnadenlos	neg 1.0		__DUMMY__ 0.4515063088061351 neg 0.2921055417301119 off 0.25638814946375305	false	1.0
niedergeschlagen	neg 1.0		__DUMMY__ 0.4535232284697404 neg 0.29285378939863227 off 0.25362298213162715	false	1.0
terrorisieren	off 1.0	off 1.0	off 0.6124135682229503 __DUMMY__ 0.22009215113139008 neg 0.1674942806456595	false	1.0
sinnlosigkeit	neg 1.0		__DUMMY__ 0.45309713685455666 neg 0.2941612859592788 off 0.2527415771861645	false	1.0
behindern	neg 1.0		__DUMMY__ 0.45293212995200605 neg 0.2927935671747908 off 0.25427430287320313	false	1.0
undemokratisch	neg 1.0		__DUMMY__ 0.45198390009652895 neg 0.291809353777521 off 0.25620674612594996	false	1.0
wirtschaftskrise	neg 1.0		__DUMMY__ 0.4517176327552025 neg 0.29799164119498595 off 0.25029072604981145	false	1.0
neid	neg 1.0		__DUMMY__ 0.45306989982918244 neg 0.285990188504636 off 0.2609399116661817	false	1.0
rutschen	neg 1.0		__DUMMY__ 0.45983514340948944 neg 0.293435284929998 off 0.24672957166051238	false	1.0
rezession	neg 1.0		__DUMMY__ 0.4440993865647942 neg 0.29215282719649144 off 0.2637477862387144	false	1.0
fehlgeburt	neg 1.0		__DUMMY__ 0.45200134968449546 neg 0.2907937513679862 off 0.2572048989475185	false	1.0
charakterschwach	off 1.0		__DUMMY__ 0.4487796245934007 neg 0.28856508052200036 off 0.26265529488459904	false	0.5
isolation	neg 1.0		__DUMMY__ 0.4515966425763214 neg 0.2885835979458668 off 0.2598197594778118	false	1.0
ablenkung	neg 1.0		__DUMMY__ 0.45441586100813114 neg 0.28943934666767523 off 0.2561447923241937	false	1.0
pech	neg 1.0		__DUMMY__ 0.4517442437241125 neg 0.28815931291487407 off 0.26009644336101356	false	1.0
vermeidung	neg 1.0		__DUMMY__ 0.44931672367465003 neg 0.28813980910756115 off 0.26254346721778876	false	1.0
dominieren	neg 1.0		__DUMMY__ 0.45409199561933405 neg 0.29537157296647937 off 0.2505364314141865	false	1.0
schwindlig	neg 1.0		__DUMMY__ 0.45261932319701614 neg 0.2891157697124081 off 0.25826490709057587	false	1.0
lutscher	neg 1.0	neg 1.0	neg 0.6312231213320229 __DUMMY__ 0.21404776050506172 off 0.15472911816291549	false	1.0
pflicht	neg 1.0		__DUMMY__ 0.45465208830304105 neg 0.2967336438539348 off 0.24861426784302415	false	1.0
faschist	off 1.0		__DUMMY__ 0.4512339696970626 neg 0.28952263852360993 off 0.25924339177932754	false	0.5
verschleudern	neg 1.0		__DUMMY__ 0.4544672734246579 neg 0.29563328784984527 off 0.24989943872549672	false	1.0
wenn			__DUMMY__ 0.4510921614005807 neg 0.2883885540895122 off 0.26051928450990697	false	0.0
ehebruch	neg 1.0		__DUMMY__ 0.4532221855853106 neg 0.29561701174131255 off 0.25116080267337676	false	1.0
spott	off 1.0		__DUMMY__ 0.4535848448039291 neg 0.2956794753036009 off 0.25073567989247	false	0.5
trostlosigkeit	neg 1.0		__DUMMY__ 0.45469105955358097 neg 0.29763930177495274 off 0.2476696386714662	false	1.0
lutschen	neg 1.0		__DUMMY__ 0.44877194573112256 neg 0.2925679629242125 off 0.2586600913446649	false	1.0
undiszipliniert	neg 1.0		__DUMMY__ 0.4491866455898041 neg 0.28603122622202054 off 0.26478212818817526	false	1.0
kopfschmerz	neg 1.0		__DUMMY__ 0.4512563936776637 neg 0.29696624259703663 off 0.2517773637252997	false	1.0
unvorhergesehen	neg 1.0		__DUMMY__ 0.4573955838636894 neg 0.2918968567466229 off 0.2507075593896876	false	1.0
desinteressiert	neg 1.0	neg 1.0	neg 0.633180090586364 __DUMMY__ 0.21690218370460349 off 0.1499177257090325	false	1.0
armselig	off 1.0		__DUMMY__ 0.44757796124704163 neg 0.2873466288740571 off 0.2650754098789013	false	0.5
desaster	neg 1.0		__DUMMY__ 0.45602689542481456 neg 0.29723068633746785 off 0.24674241823771764	false	1.0
tod	neg 1.0		__DUMMY__ 0.45330784081379444 neg 0.29551073308768067 off 0.25118142609852495	false	1.0
herzlos	neg 1.0		__DUMMY__ 0.4484925109914644 neg 0.2861820594795101 off 0.2653254295290255	false	1.0
unwissenheit	neg 1.0		__DUMMY__ 0.45267893975622464 neg 0.29521049546559913 off 0.2521105647781763	false	1.0
widersinnig	neg 1.0		__DUMMY__ 0.4516532270446848 neg 0.2964856491721785 off 0.25186112378313674	false	1.0
bedenklich	neg 1.0		__DUMMY__ 0.4534370050540826 neg 0.29529494775508613 off 0.2512680471908311	false	1.0
beanstanden	neg 1.0		__DUMMY__ 0.45556451922479935 neg 0.2959061147312062 off 0.2485293660439943	false	1.0
panisch	neg 1.0	neg 1.0	neg 0.6330726028439877 __DUMMY__ 0.21984010532904483 off 0.14708729182696753	false	1.0
debil	off 1.0		__DUMMY__ 0.45870672647945954 neg 0.2989319315888414 off 0.2423613419316991	false	0.5
abstrich	neg 1.0		__DUMMY__ 0.45566842288550735 neg 0.2895316913358459 off 0.2547998857786468	false	1.0
primitiv	neg 1.0		__DUMMY__ 0.4488075176533481 neg 0.28795808609008333 off 0.26323439625656864	false	1.0
abschaum	off 1.0	off 1.0	off 0.6183906971412177 __DUMMY__ 0.2169988371846796 neg 0.16461046567410265	false	1.0
provozieren	neg 1.0		__DUMMY__ 0.45080116834811956 neg 0.29328828656208417 off 0.25591054508979627	false	1.0
tot	neg 1.0		__DUMMY__ 0.4531848330466195 neg 0.2950062432323177 off 0.25180892372106284	false	1.0
instabil	neg 1.0		__DUMMY__ 0.4478949397728381 neg 0.287823720545812 off 0.2642813396813498	false	1.0
schwuchtel	off 1.0	off 1.0	off 0.6266676087203205 __DUMMY__ 0.2123024968674924 neg 0.1610298944121871	false	1.0
zerren	neg 1.0		__DUMMY__ 0.45357333165909264 neg 0.29347908803643896 off 0.25294758030446834	false	1.0
kinderficker	off 1.0		__DUMMY__ 0.44731677613755605 neg 0.28429059584717936 off 0.2683926280152646	false	0.5
gefahr	neg 1.0		__DUMMY__ 0.45578182919543603 neg 0.2959186977412057 off 0.24829947306335828	false	1.0
rabiat	neg 1.0		__DUMMY__ 0.4528306495260419 neg 0.29162756958311703 off 0.25554178089084106	false	1.0
verlangsamung	neg 1.0		__DUMMY__ 0.4430996796775578 neg 0.2881866486120913 off 0.268713671710351	false	1.0
ausgestorben	neg 1.0		__DUMMY__ 0.45355276697042707 neg 0.29106151647125306 off 0.2553857165583198	false	1.0
anklagen	neg 1.0		__DUMMY__ 0.452757441801437 neg 0.2959872966529079 off 0.25125526154565503	false	1.0
trott	neg 1.0		__DUMMY__ 0.4529141566285254 neg 0.29235127836591446 off 0.2547345650055602	false	1.0
verminderung	neg 1.0		__DUMMY__ 0.4495907290953536 neg 0.287171287030637 off 0.26323798387400943	false	1.0
nach			__DUMMY__ 0.46049837224716217 neg 0.2940777004893833 off 0.24542392726345452	false	0.0
rost	neg 1.0		__DUMMY__ 0.4459914053810867 neg 0.285744297300222 off 0.2682642973186914	false	1.0
destruktiv	neg 1.0		__DUMMY__ 0.4520748574254756 neg 0.2930951435670691 off 0.2548299990074553	false	1.0
unzumutbarkeit	neg 1.0		__DUMMY__ 0.45006028191805986 neg 0.28837517837191695 off 0.26156453971002314	false	1.0
labil	off 1.0	off 1.0	off 0.6178978878553011 __DUMMY__ 0.21735744805888815 neg 0.16474466408581073	false	1.0
ziemlich	neg 1.0		__DUMMY__ 0.4515876848709373 neg 0.28544045666025253 off 0.2629718584688102	false	1.0
lachnummer	off 1.0		__DUMMY__ 0.45178535814307536 neg 0.2926134801036763 off 0.2556011617532482	false	0.5
oder			__DUMMY__ 0.4540552228240842 neg 0.2889278631480823 off 0.25701691402783344	false	0.0
verfall	neg 1.0		__DUMMY__ 0.4566377103827152 neg 0.2994943153725245 off 0.2438679742447603	false	1.0
ausgrenzung	neg 1.0		__DUMMY__ 0.4515606625581366 neg 0.29161808832961095 off 0.25682124911225246	false	1.0
unordnung	neg 1.0		__DUMMY__ 0.4503064364443664 neg 0.2847856013716634 off 0.2649079621839701	false	1.0
fehlverhalten	neg 1.0		__DUMMY__ 0.4532889639638207 neg 0.297842452042169 off 0.24886858399401035	false	1.0
eine			__DUMMY__ 0.45696439352333745 neg 0.2934675684253356 off 0.2495680380513269	false	0.0
nille	neg 1.0		__DUMMY__ 0.45341572026528065 neg 0.29176775916938064 off 0.25481652056533877	false	1.0
qual	neg 1.0		__DUMMY__ 0.45320895747525985 neg 0.2924619556776498 off 0.25432908684709027	false	1.0
verschwenden	neg 1.0		__DUMMY__ 0.45329035697018216 neg 0.29637060636474033 off 0.2503390366650775	false	1.0
riesig	neg 1.0		__DUMMY__ 0.4542594631880734 neg 0.29460732007416074 off 0.2511332167377658	false	1.0
verurteilen	neg 1.0		__DUMMY__ 0.4519465303023664 neg 0.29636095596695905 off 0.2516925137306744	false	1.0
klischee	neg 1.0	neg 1.0	neg 0.6350815037118064 __DUMMY__ 0.21755074054946077 off 0.14736775573873293	false	1.0
diktatorisch	neg 1.0		__DUMMY__ 0.45105569806387974 neg 0.2929090005296141 off 0.2560353014065062	false	1.0
vorhersehbar	neg 1.0		__DUMMY__ 0.4501215185142305 neg 0.29111339064059544 off 0.25876509084517396	false	1.0
sowie			__DUMMY__ 0.44569612576205275 neg 0.2874641766942508 off 0.2668396975436965	false	0.0
stornieren	neg 1.0		__DUMMY__ 0.4566055080267849 neg 0.28400484828363004 off 0.2593896436895851	false	1.0
besteuerung	neg 1.0		__DUMMY__ 0.44898788430127096 neg 0.2964860176109871 off 0.2545260980877419	false	1.0
ungeschminkt	neg 1.0		__DUMMY__ 0.44571307945734595 neg 0.2929036297095819 off 0.2613832908330721	false	1.0
kritisch	neg 1.0		__DUMMY__ 0.4540221827197884 neg 0.29483200421960726 off 0.2511458130606044	false	1.0
schlamperei	off 1.0		__DUMMY__ 0.45503513922166305 neg 0.29529604638621804 off 0.2496688143921189	false	0.5
sucht	neg 1.0	neg 1.0	neg 0.6330834243116157 __DUMMY__ 0.22095242176355998 off 0.14596415392482434	false	1.0
egoistisch	off 1.0		__DUMMY__ 0.44621545686705316 neg 0.2855162962611973 off 0.2682682468717496	false	0.5
ausbeuter	off 1.0		__DUMMY__ 0.4527751253689146 neg 0.2985524929712809 off 0.24867238165980435	false	0.5
arschgeburt	off 1.0		__DUMMY__ 0.4391978345939228 neg 0.28545804244998724 off 0.27534412295609	false	0.5
schubs	neg 1.0		__DUMMY__ 0.45397162309249534 neg 0.2928527173419903 off 0.25317565956551424	false	1.0
unsolide	neg 1.0		__DUMMY__ 0.4502466898922524 neg 0.2931280878483829 off 0.25662522225936457	false	1.0
beschwerde	neg 1.0		__DUMMY__ 0.4532017736089655 neg 0.29683316720861114 off 0.24996505918242343	false	1.0
stocken	neg 1.0		__DUMMY__ 0.4540370500190437 neg 0.29631791158086207 off 0.2496450384000942	false	1.0
isolieren	neg 1.0		__DUMMY__ 0.4541233968052335 neg 0.29406071044325804 off 0.2518158927515085	false	1.0
unheilbar	neg 1.0		__DUMMY__ 0.4529984818966918 neg 0.29115332951315814 off 0.25584818859015007	false	1.0
pisser	off 1.0		__DUMMY__ 0.44608835376421624 neg 0.2902793258451515 off 0.26363232039063234	false	0.5
löschen	neg 1.0		__DUMMY__ 0.45259265245227037 neg 0.2924053978706732 off 0.2550019496770565	false	1.0
durchfallen	neg 1.0		__DUMMY__ 0.4529648029850078 neg 0.29540066045602004 off 0.2516345365589721	false	1.0
wichser	off 1.0	off 1.0	off 0.625253169883352 __DUMMY__ 0.21395765097586641 neg 0.16078917914078164	false	1.0
terror	neg 1.0		__DUMMY__ 0.45190430353987154 neg 0.28910429354506134 off 0.258991402915067	false	1.0
krass	neg 1.0		__DUMMY__ 0.4472477164677769 neg 0.287090021510713 off 0.26566226202151005	false	1.0
revolte	neg 1.0		__DUMMY__ 0.45068233651337863 neg 0.2923227903435684 off 0.2569948731430531	false	1.0
besorgt	neg 1.0		__DUMMY__ 0.45631731678561216 neg 0.2894180247683584 off 0.2542646584460295	false	1.0
nachlassen	neg 1.0		__DUMMY__ 0.4561513732999409 neg 0.29333042343421273 off 0.25051820326584634	false	1.0
alt	neg 1.0		__DUMMY__ 0.4526504035748858 neg 0.29556290514106354 off 0.25178669128405073	false	1.0
hundesohn	off 1.0		__DUMMY__ 0.4428928868085685 neg 0.28501298452213913 off 0.2720941286692923	false	0.5
als			__DUMMY__ 0.45464228787829 neg 0.2920063646948179 off 0.2533513474268921	false	0.0
abschreckung	neg 1.0		__DUMMY__ 0.4549304471212995 neg 0.2971373416976823 off 0.2479322111810182	false	1.0
unqualifiziert	neg 1.0		__DUMMY__ 0.44991413673873965 neg 0.2902355309383752 off 0.2598503323228852	false	1.0
abgewichst	off 1.0		__DUMMY__ 0.4541209614023838 neg 0.2916316599418174 off 0.2542473786557989	false	0.5
schwer	neg 1.0		__DUMMY__ 0.4528025519406251 neg 0.2925128756196401 off 0.25468457243973475	false	1.0
bedeutungslosigkeit	neg 1.0		__DUMMY__ 0.45449205883397176 neg 0.2963426944243051 off 0.24916524674172322	false	1.0
kapitulation	neg 1.0		__DUMMY__ 0.4539847305657834 neg 0.29540870931602675 off 0.2506065601181898	false	1.0
unscharf	neg 1.0		__DUMMY__ 0.4496136156428444 neg 0.29294054443638345 off 0.2574458399207722	false	1.0
schwinden	neg 1.0		__DUMMY__ 0.45426067946488735 neg 0.29716927876956983 off 0.24857004176554295	false	1.0
versklavung	neg 1.0		__DUMMY__ 0.4515370710001273 neg 0.29284384293175014 off 0.25561908606812256	false	1.0
schlecht	neg 1.0		__DUMMY__ 0.4516383856208483 neg 0.2851525589304988 off 0.263209055448653	false	1.0
verhasst	neg 1.0		__DUMMY__ 0.4497026296760468 neg 0.29408927194865153 off 0.25620809837530156	false	1.0
beschweren	neg 1.0		__DUMMY__ 0.45247981081261057 neg 0.28947638650776525 off 0.25804380267962423	false	1.0
scheiden	neg 1.0		__DUMMY__ 0.45451239218174494 neg 0.28969573536605214 off 0.2557918724522029	false	1.0
frustriert	neg 1.0		__DUMMY__ 0.4527983973790404 neg 0.29368337061833605 off 0.2535182320026236	false	1.0
schimmelig	neg 1.0		__DUMMY__ 0.45068020639463563 neg 0.29866927683476424 off 0.2506505167706001	false	1.0
fisch	neg 1.0		__DUMMY__ 0.4528710421983396 neg 0.29946500705144363 off 0.24766395075021683	false	1.0
schmuggel	neg 1.0		__DUMMY__ 0.4530404177300405 neg 0.29805578218324946 off 0.24890380008671	false	1.0
auffallen	neg 1.0		__DUMMY__ 0.45195184678667066 neg 0.2891616354946302 off 0.25888651771869925	false	1.0
konkurrenz	neg 1.0		__DUMMY__ 0.4563556307851401 neg 0.29556410484238954 off 0.2480802643724705	false	1.0
teufelskreis	neg 1.0	neg 1.0	neg 0.6374823771598288 __DUMMY__ 0.21818524953132296 off 0.14433237330884818	false	1.0
aufschreien	neg 1.0		__DUMMY__ 0.4507183386610743 neg 0.290758749603736 off 0.25852291173518976	false	1.0
schuldner	neg 1.0		__DUMMY__ 0.4529116370505156 neg 0.29935657692385786 off 0.24773178602562657	false	1.0
missgeburt	off 1.0	off 1.0	off 0.6219563518275547 __DUMMY__ 0.213554545362058 neg 0.16448910281038726	false	1.0
arbeitslos	neg 1.0		__DUMMY__ 0.4527297367244555 neg 0.2952955460233195 off 0.2519747172522249	false	1.0
befallen	neg 1.0		__DUMMY__ 0.4504743950207586 neg 0.2975061655815833 off 0.25201943939765803	false	1.0
miesepetrig	off 1.0	off 1.0	off 0.6189134114711284 __DUMMY__ 0.2180437628046663 neg 0.16304282572420525	false	1.0
alarmieren	neg 1.0		__DUMMY__ 0.44799900283559446 neg 0.29282068790840277 off 0.25918030925600277	false	1.0
ungeduscht	off 1.0		__DUMMY__ 0.4484336179547717 neg 0.29213841598892937 off 0.25942796605629903	false	0.5
knappheit	neg 1.0		__DUMMY__ 0.451976771994347 neg 0.2971290055426735 off 0.2508942224629796	false	1.0
schlange	neg 1.0		__DUMMY__ 0.4545461445673361 neg 0.28738192864661244 off 0.2580719267860514	false	1.0
harsch	neg 1.0		__DUMMY__ 0.44875309972452126 neg 0.28390808915182963 off 0.2673388111236492	false	1.0
lang	neg 1.0		__DUMMY__ 0.45265374048153806 neg 0.29113763660796077 off 0.2562086229105013	false	1.0
ziellos	neg 1.0		__DUMMY__ 0.45552698316756807 neg 0.29245295137101956 off 0.2520200654614123	false	1.0
selbstverliebt	neg 1.0		__DUMMY__ 0.44231139505180145 neg 0.28395946187722493 off 0.2737291430709738	false	1.0
beseitigen	neg 1.0		__DUMMY__ 0.45367061875068043 neg 0.2928227180309487 off 0.25350666321837084	false	1.0
dumm	off 1.0		__DUMMY__ 0.4466993087006473 neg 0.2839131773611227 off 0.26938751393822996	false	0.5
arbeitsloser	neg 1.0		__DUMMY__ 0.45507951481733666 neg 0.2920743710888794 off 0.25284611409378394	false	1.0
blitzen	neg 1.0		__DUMMY__ 0.4517867517879188 neg 0.28900290450444616 off 0.259210343707635	false	1.0
hilflos	neg 1.0		__DUMMY__ 0.4524032922389006 neg 0.29488709931448787 off 0.2527096084466115	false	1.0
eklig	off 1.0		__DUMMY__ 0.4439441570958364 neg 0.2869971083816822 off 0.2690587345224814	false	0.5
begriff			__DUMMY__ 0.45325845365747497 neg 0.29207173119599517 off 0.25466981514652987	false	0.0
hungersnot	neg 1.0		__DUMMY__ 0.45248690935522495 neg 0.29596353563772965 off 0.2515495550070455	false	1.0
ungesetzlich	neg 1.0		__DUMMY__ 0.450530389184168 neg 0.29396886677312484 off 0.25550074404270706	false	1.0
verschwendung	neg 1.0		__DUMMY__ 0.4541461069342914 neg 0.2958436852687792 off 0.2500102077969294	false	1.0
schmerzvoll	neg 1.0		__DUMMY__ 0.4517497621059836 neg 0.29096934142123515 off 0.2572808964727813	false	1.0
vorzeitig	neg 1.0		__DUMMY__ 0.4503523292563125 neg 0.2916703073955537 off 0.25797736334813387	false	1.0
unvollkommenheit	neg 1.0		__DUMMY__ 0.456228602530054 neg 0.2911140048991534 off 0.2526573925707926	false	1.0
intervenieren	neg 1.0		__DUMMY__ 0.4535486753804733 neg 0.29692051667361685 off 0.24953080794590987	false	1.0
banause	off 1.0		__DUMMY__ 0.4412932861895716 neg 0.287317618104685 off 0.27138909570574343	false	0.5
rebell	neg 1.0		__DUMMY__ 0.4548341537813542 neg 0.29994129243659234 off 0.24522455378205343	false	1.0
unlogisch	neg 1.0		__DUMMY__ 0.44802522804881123 neg 0.28703001264947486 off 0.2649447593017139	false	1.0
leiden	neg 1.0		__DUMMY__ 0.45700714168360185 neg 0.29322287026131355 off 0.24976998805508466	false	1.0
abschaffung	neg 1.0		__DUMMY__ 0.45239074692689346 neg 0.2921060233286697 off 0.25550322974443684	false	1.0
sturz	neg 1.0		__DUMMY__ 0.45186050230734626 neg 0.29344374745681656 off 0.254695750235837	false	1.0
verkleinerung	neg 1.0		__DUMMY__ 0.4493288106886147 neg 0.29275299679655514 off 0.2579181925148302	false	1.0
schmarotzer	off 1.0		__DUMMY__ 0.45223170977942895 neg 0.29489628049573563 off 0.25287200972483553	false	0.5
bestrafung	neg 1.0		__DUMMY__ 0.4516182984656423 neg 0.2921678908711625 off 0.25621381066319515	false	1.0
achtlos	neg 1.0	neg 1.0	neg 0.6358491872797553 __DUMMY__ 0.21953188015920966 off 0.14461893256103517	false	1.0
ungeheuer	neg 1.0		__DUMMY__ 0.45154715303562265 neg 0.2904227920212129 off 0.2580300549431645	false	1.0
unaufrichtig	neg 1.0		__DUMMY__ 0.4539598571547613 neg 0.28607769174517417 off 0.25996245110006444	false	1.0
groggy	neg 1.0		__DUMMY__ 0.4512116745286974 neg 0.2900102044269845 off 0.2587781210443181	false	1.0
verletzlich	neg 1.0		__DUMMY__ 0.447425849930928 neg 0.2907177952650248 off 0.2618563548040472	false	1.0
ablehnen	neg 1.0		__DUMMY__ 0.45397887424396116 neg 0.29397857020304563 off 0.25204255555299326	false	1.0
