unsolidarisch	neg 1.0		neg 0.36748266863719015 off 0.3171611091081034 __DUMMY__ 0.3153562222547065	false	1.0
nachteilig	neg 1.0		neg 0.3681954603827793 __DUMMY__ 0.31821320949824994 off 0.31359133011897083	false	1.0
skeptisch	neg 1.0		neg 0.3688342927920468 __DUMMY__ 0.318289187101385 off 0.3128765201065682	false	1.0
schrecklich	neg 1.0		neg 0.35639407998417943 off 0.3295480532526121 __DUMMY__ 0.31405786676320857	false	1.0
schlapp	neg 1.0		neg 0.359440035258399 off 0.32511241707879385 __DUMMY__ 0.31544754766280725	false	1.0
abfall	neg 1.0		neg 0.37068541868713023 __DUMMY__ 0.3200042217717843 off 0.30931035954108543	false	1.0
widerspenstig	neg 1.0		neg 0.3644602320365516 off 0.31880106406937747 __DUMMY__ 0.3167387038940709	false	1.0
abrupt	neg 1.0		neg 0.36780483602436587 __DUMMY__ 0.3183730931835628 off 0.31382207079207136	false	1.0
unwirksam	neg 1.0		neg 0.3682304766071148 off 0.3168669628807835 __DUMMY__ 0.31490256051210175	false	1.0
angreifen	neg 1.0		neg 0.3707741416960808 __DUMMY__ 0.3173026201683721 off 0.3119232381355471	false	1.0
inkonsistent	neg 1.0		neg 0.3674819296098609 off 0.31799358328586735 __DUMMY__ 0.3145244871042717	false	1.0
abrutschen	neg 1.0		neg 0.37151808913862994 __DUMMY__ 0.3191454469512569 off 0.30933646391011327	false	1.0
unsicher	neg 1.0		neg 0.3622927262076284 off 0.31951350154407065 __DUMMY__ 0.31819377224830087	false	1.0
bauernkind	off 1.0	off 1.0	off 0.6504435425975096 neg 0.201780226549614 __DUMMY__ 0.14777623085287647	false	1.0
angreifer	neg 1.0	neg 1.0	neg 0.6710922450872434 off 0.1769493468333767 __DUMMY__ 0.15195840807937994	false	1.0
trennen	neg 1.0		neg 0.36733292064876305 __DUMMY__ 0.31944483542324004 off 0.31322224392799697	false	1.0
schmutz	neg 1.0		neg 0.36243225726497524 off 0.3205616970547277 __DUMMY__ 0.31700604568029717	false	1.0
inkonsistenz	neg 1.0		neg 0.36386139755238883 off 0.32314668496806787 __DUMMY__ 0.31299191747954336	false	1.0
erschreckend	neg 1.0		neg 0.3661240593233817 off 0.3173047274179549 __DUMMY__ 0.31657121325866344	false	1.0
ertrinken	neg 1.0		neg 0.3711145528221444 __DUMMY__ 0.3168348969948352 off 0.31205055018302047	false	1.0
pickelface	off 1.0		neg 0.3659711779259822 off 0.3171473847943852 __DUMMY__ 0.3168814372796325	false	0.5
seiner			neg 0.3686340800060941 __DUMMY__ 0.31819013658746104 off 0.3131757834064449	false	0.0
lauch	neg 1.0		neg 0.37111782854273845 __DUMMY__ 0.3190631059293688 off 0.3098190655278929	false	1.0
unwichtig	neg 1.0		neg 0.3610793453725353 off 0.324058301011774 __DUMMY__ 0.3148623536156906	false	1.0
steuerhinterziehung	neg 1.0	neg 1.0	neg 0.6738176158917945 off 0.1739581714033578 __DUMMY__ 0.15222421270484773	false	1.0
schock	neg 1.0		neg 0.3660833151650362 off 0.3171168154478307 __DUMMY__ 0.316799869387133	false	1.0
beule	neg 1.0		neg 0.361384641803133 off 0.3249629520281499 __DUMMY__ 0.3136524061687171	false	1.0
vergelten	neg 1.0		neg 0.35543134909129703 off 0.32891196465788236 __DUMMY__ 0.3156566862508207	false	1.0
verdorbenheit	neg 1.0		neg 0.36211469398112983 off 0.3200569232056253 __DUMMY__ 0.31782838281324494	false	1.0
trauma	neg 1.0		neg 0.3643141187197717 off 0.3193864765438578 __DUMMY__ 0.3162994047363704	false	1.0
sinnlos	neg 1.0		neg 0.3622285068218108 off 0.3213659761401915 __DUMMY__ 0.3164055170379978	false	1.0
fettsack	off 1.0	off 1.0	off 0.651676453179675 neg 0.19998914200090923 __DUMMY__ 0.14833440481941587	false	1.0
feige	off 1.0	off 1.0	off 0.6487886600325239 neg 0.20087304141085877 __DUMMY__ 0.15033829855661743	false	1.0
abdanken	neg 1.0		neg 0.36643557838732876 off 0.3171323919141424 __DUMMY__ 0.3164320296985288	false	1.0
wichtigtuer	off 1.0	off 1.0	off 0.6476669612421506 neg 0.20096133138705705 __DUMMY__ 0.15137170737079242	false	1.0
misslingen	neg 1.0		neg 0.35879974276661164 off 0.3213877788848271 __DUMMY__ 0.31981247834856125	false	1.0
untreu	off 1.0		neg 0.36032557214583255 off 0.3247699755840468 __DUMMY__ 0.31490445227012065	false	0.5
missmutig	neg 1.0		neg 0.3608810937624581 off 0.3239070735508642 __DUMMY__ 0.3152118326866777	false	1.0
hurenbock	off 1.0		neg 0.36432112115105536 off 0.32004025283345916 __DUMMY__ 0.3156386260154854	false	0.5
betrunken	neg 1.0		neg 0.35836160045794124 off 0.32690585902281266 __DUMMY__ 0.3147325405192462	false	1.0
korrupt	off 1.0		neg 0.3700593872768026 __DUMMY__ 0.31568058612121286 off 0.3142600266019846	false	0.5
unmut	neg 1.0		neg 0.37083230685574137 __DUMMY__ 0.3194666341611582 off 0.3097010589831003	false	1.0
hackfresse	off 1.0		neg 0.35538965811416096 off 0.3328135982745508 __DUMMY__ 0.31179674361128823	false	0.5
aufblasen	neg 1.0		neg 0.36211440769983644 off 0.3210944603480999 __DUMMY__ 0.31679113195206365	false	1.0
gewaltsam	neg 1.0		neg 0.3682732287347669 __DUMMY__ 0.3161156460420598 off 0.3156111252231732	false	1.0
unbeliebtheit	neg 1.0		neg 0.36487320234878123 off 0.32159276370054213 __DUMMY__ 0.3135340339506766	false	1.0
sturheit	neg 1.0		neg 0.3676060426907614 __DUMMY__ 0.3162501611909599 off 0.31614379611827864	false	1.0
kuh	neg 1.0		neg 0.368260813911647 off 0.3189440769233343 __DUMMY__ 0.3127951091650188	false	1.0
erschrecken	neg 1.0		neg 0.35979887823011514 off 0.32415321401471825 __DUMMY__ 0.31604790775516667	false	1.0
opfer	neg 1.0		neg 0.36803983095076187 __DUMMY__ 0.317688762641355 off 0.31427140640788315	false	1.0
sinken	neg 1.0		neg 0.3704460208459262 __DUMMY__ 0.31924714181850067 off 0.3103068373355731	false	1.0
stinktier	neg 1.0		neg 0.3642292904498521 off 0.32666373457960574 __DUMMY__ 0.3091069749705423	false	1.0
tucke	off 1.0		neg 0.35812699984011154 off 0.33244965278942684 __DUMMY__ 0.30942334737046173	false	0.5
ein			neg 0.36388939186284514 off 0.3196981200260318 __DUMMY__ 0.316412488111123	false	0.0
abstieg	neg 1.0		neg 0.37000984473666526 __DUMMY__ 0.31747930531910684 off 0.3125108499442279	false	1.0
missverstehen	neg 1.0		neg 0.3632366149301008 off 0.3216221472618322 __DUMMY__ 0.3151412378080671	false	1.0
ergebnislos	neg 1.0		neg 0.3694487024366878 __DUMMY__ 0.31803109959364145 off 0.31252019796967073	false	1.0
unter			neg 0.37213386489614914 __DUMMY__ 0.3224928550468845 off 0.30537328005696623	false	0.0
manipulieren	neg 1.0		neg 0.3687193245633427 __DUMMY__ 0.3186941583028458 off 0.3125865171338115	false	1.0
unbewiesen	neg 1.0		neg 0.3686226317086613 off 0.31663241975525597 __DUMMY__ 0.31474494853608287	false	1.0
verschleppen	neg 1.0		neg 0.3699557691147023 __DUMMY__ 0.3164249944655805 off 0.31361923641971723	false	1.0
weib	off 1.0		neg 0.36097544367194623 off 0.3308436420891838 __DUMMY__ 0.3081809142388699	false	0.5
opposition	neg 1.0		neg 0.36574882218554444 off 0.31926138392013687 __DUMMY__ 0.31498979389431864	false	1.0
verkehrswidrig	neg 1.0		neg 0.3544900660125906 off 0.330139615333188 __DUMMY__ 0.3153703186542214	false	1.0
inkorrekt	neg 1.0		neg 0.35959935787588504 off 0.3275761394679724 __DUMMY__ 0.3128245026561425	false	1.0
vermeiden	neg 1.0	neg 1.0	neg 0.6741332716719791 off 0.17091738002531898 __DUMMY__ 0.15494934830270188	false	1.0
abweichung	neg 1.0	neg 1.0	neg 0.6716165688933002 off 0.17454927540475468 __DUMMY__ 0.15383415570194503	false	1.0
alkoholisiert	neg 1.0		neg 0.3679777713978901 __DUMMY__ 0.3184971813673162 off 0.31352504723479374	false	1.0
scheiss	off 1.0	off 1.0	off 0.6493511084193906 neg 0.20009396945735577 __DUMMY__ 0.15055492212325366	false	1.0
herausforderung	neg 1.0		neg 0.366905701250338 __DUMMY__ 0.319401172872172 off 0.3136931258774899	false	1.0
pervers	off 1.0		neg 0.3545826398646766 off 0.33580871617909014 __DUMMY__ 0.3096086439562333	false	0.5
wackelig	neg 1.0		neg 0.3621991670513227 __DUMMY__ 0.31974763284207147 off 0.3180532001066057	false	1.0
verwickeln	neg 1.0		neg 0.36344127966325973 off 0.3211017797734123 __DUMMY__ 0.31545694056332807	false	1.0
vorwand	neg 1.0		neg 0.37001705385594413 __DUMMY__ 0.31805077019516953 off 0.3119321759488864	false	1.0
muschi	off 1.0		neg 0.3657141460167037 off 0.3173762481873752 __DUMMY__ 0.31690960579592103	false	0.5
entmutigung	neg 1.0		neg 0.3648637909620857 off 0.31931460738531936 __DUMMY__ 0.315821601652595	false	1.0
unangemessen	neg 1.0		neg 0.3678359759202892 __DUMMY__ 0.3162416661333534 off 0.3159223579463574	false	1.0
unstetig	neg 1.0		neg 0.36269870453108555 off 0.3214459550248763 __DUMMY__ 0.31585534044403824	false	1.0
entmutigen	neg 1.0		neg 0.3635989285257623 off 0.31975790405061594 __DUMMY__ 0.3166431674236217	false	1.0
schwanz	neg 1.0		neg 0.368422327302363 __DUMMY__ 0.3173466756402098 off 0.31423099705742713	false	1.0
verbot	neg 1.0		neg 0.3684537151964665 __DUMMY__ 0.3169469732581439 off 0.31459931154538967	false	1.0
leid	neg 1.0		neg 0.35688409328367543 off 0.33062299387331595 __DUMMY__ 0.3124929128430086	false	1.0
archaisch	neg 1.0		neg 0.36722458683100556 __DUMMY__ 0.31646103997243014 off 0.31631437319656436	false	1.0
gegen			neg 0.37084611301051207 __DUMMY__ 0.318978837226879 off 0.3101750497626088	false	0.0
scheidung	neg 1.0		neg 0.3466311966569092 off 0.3424383070939227 __DUMMY__ 0.3109304962491682	false	1.0
einschlag	neg 1.0		neg 0.3581971720344424 off 0.3277198700038309 __DUMMY__ 0.31408295796172664	false	1.0
m			neg 0.3655220445475904 __DUMMY__ 0.31817578934628943 off 0.3163021661061202	false	0.0
abgestanden	neg 1.0		neg 0.36674949204297985 off 0.3181379170205349 __DUMMY__ 0.31511259093648514	false	1.0
schmierig	off 1.0		neg 0.35657509649113456 off 0.3301462271102331 __DUMMY__ 0.3132786763986324	false	0.5
unpraktisch	neg 1.0		neg 0.36282406985684973 off 0.32060685056393096 __DUMMY__ 0.3165690795792192	false	1.0
wixxer	off 1.0		neg 0.35657626892873784 off 0.3350759215740688 __DUMMY__ 0.3083478094971933	false	0.5
bezeichnet			neg 0.36726634270463343 off 0.31747111589019533 __DUMMY__ 0.31526254140517124	false	0.0
jammerlappen	off 1.0		neg 0.3592178795339174 off 0.32487758809250705 __DUMMY__ 0.3159045323735756	false	0.5
farce	neg 1.0		neg 0.3687288020210718 __DUMMY__ 0.3160039634483923 off 0.3152672345305359	false	1.0
zwecklos	neg 1.0		neg 0.36792958620012395 __DUMMY__ 0.31649258707967487 off 0.31557782672020124	false	1.0
turbulent	neg 1.0		neg 0.36229075550944084 off 0.32464393417359483 __DUMMY__ 0.31306531031696444	false	1.0
invasion	neg 1.0		neg 0.3633301457078954 off 0.32071207444547806 __DUMMY__ 0.31595777984662665	false	1.0
schuld	neg 1.0		neg 0.36489357228179936 off 0.3193453628897349 __DUMMY__ 0.3157610648284658	false	1.0
risiko	neg 1.0	neg 1.0	neg 0.6700943040545091 off 0.1771029782849649 __DUMMY__ 0.152802717660526	false	1.0
finster	neg 1.0		neg 0.3657963232678386 off 0.3191512023857744 __DUMMY__ 0.31505247434638695	false	1.0
geisteskrank	off 1.0		neg 0.3618192378389025 off 0.32518472157495176 __DUMMY__ 0.3129960405861457	false	0.5
zusammenbrechen	neg 1.0		neg 0.3658200646423481 __DUMMY__ 0.31758532967989483 off 0.31659460567775705	false	1.0
ausbeute	neg 1.0		neg 0.35997637162916346 __DUMMY__ 0.32218432813002884 off 0.31783930024080775	false	1.0
hinterhalt	neg 1.0		neg 0.3655702015713441 __DUMMY__ 0.31785573489921853 off 0.31657406352943734	false	1.0
kritik	neg 1.0		neg 0.3691941540241074 __DUMMY__ 0.3158961133524062 off 0.31490973262348626	false	1.0
einschrumpfen	neg 1.0		neg 0.3642486857894494 off 0.3218576067576045 __DUMMY__ 0.31389370745294587	false	1.0
riskant	neg 1.0		neg 0.37004014027836635 __DUMMY__ 0.317191243763874 off 0.3127686159577597	false	1.0
frustrieren	neg 1.0		neg 0.36826148629904326 __DUMMY__ 0.31747018472085314 off 0.3142683289801037	false	1.0
groll	neg 1.0		neg 0.36848373344771385 __DUMMY__ 0.31654833686937506 off 0.31496792968291115	false	1.0
gibt			neg 0.3649690906520281 __DUMMY__ 0.3179976081155639 off 0.317033301232408	false	0.0
qualvoll	neg 1.0		neg 0.3629196723709414 off 0.32172178639221927 __DUMMY__ 0.3153585412368394	false	1.0
wackeln	neg 1.0		neg 0.36221252088468403 off 0.32025244943773595 __DUMMY__ 0.3175350296775799	false	1.0
klagen	neg 1.0		neg 0.37084338652668747 __DUMMY__ 0.31886664948096144 off 0.31028996399235126	false	1.0
bankrott	neg 1.0		neg 0.359943946240907 off 0.3240152901458588 __DUMMY__ 0.3160407636132343	false	1.0
trauern	neg 1.0		neg 0.36809551594110196 __DUMMY__ 0.31806550842114406 off 0.31383897563775387	false	1.0
ablehnung	neg 1.0		neg 0.3688880361739557 __DUMMY__ 0.31626508773819023 off 0.31484687608785417	false	1.0
stur	neg 1.0		neg 0.364366585222127 off 0.3197286864736828 __DUMMY__ 0.31590472830419025	false	1.0
aufruhr	neg 1.0	neg 1.0	neg 0.6725940849028426 off 0.17510615065717858 __DUMMY__ 0.1522997644399789	false	1.0
melancholie	neg 1.0		neg 0.3679474652199063 __DUMMY__ 0.31740653927996565 off 0.31464599550012806	false	1.0
ist			neg 0.3623830861635882 off 0.32111131230751605 __DUMMY__ 0.3165056015288957	false	0.0
torheit	neg 1.0		neg 0.36438053685611904 off 0.3189007533845057 __DUMMY__ 0.31671870975937527	false	1.0
dreckskind	off 1.0		neg 0.3600862418909176 off 0.3299171243985294 __DUMMY__ 0.30999663371055286	false	0.5
umtauschen	neg 1.0		neg 0.36460875617822186 off 0.3183390428030095 __DUMMY__ 0.31705220101876863	false	1.0
zum			neg 0.3671898799235412 __DUMMY__ 0.32271613254655673 off 0.3100939875299021	false	0.0
zersetzen	neg 1.0		neg 0.37118899041317704 __DUMMY__ 0.3171772638399432 off 0.3116337457468798	false	1.0
zur			neg 0.37092076703455823 __DUMMY__ 0.3211613523572487 off 0.307917880608193	false	0.0
frust	neg 1.0		neg 0.36540546625798226 __DUMMY__ 0.317838265438334 off 0.3167562683036837	false	1.0
unerbittlichkeit	neg 1.0		neg 0.37050711012502446 __DUMMY__ 0.3176051915434752 off 0.31188769833150043	false	1.0
zwei			neg 0.36762061707548804 __DUMMY__ 0.32162725635852724 off 0.31075212656598455	false	0.0
unkorrekt	neg 1.0		neg 0.35728260845958276 off 0.3283288913407304 __DUMMY__ 0.31438850019968684	false	1.0
hexe	off 1.0		neg 0.3664131380410483 off 0.32186929366422706 __DUMMY__ 0.31171756829472475	false	0.5
lasch	neg 1.0		neg 0.3631240510181492 off 0.3223913946163537 __DUMMY__ 0.31448455436549705	false	1.0
rivale	neg 1.0		neg 0.35994036431537285 off 0.3263761502427734 __DUMMY__ 0.31368348544185376	false	1.0
mutlos	off 1.0	off 1.0	off 0.6429097558915046 neg 0.20479550577419955 __DUMMY__ 0.15229473833429574	false	1.0
wirr	off 1.0		neg 0.35998565998400345 off 0.32772452652369055 __DUMMY__ 0.31228981349230606	false	0.5
jahr			neg 0.36187784916557947 __DUMMY__ 0.32286199102298274 off 0.3152601598114378	false	0.0
wird			neg 0.36672672600582434 __DUMMY__ 0.31789105597482026 off 0.31538221801935545	false	0.0
strafbar	neg 1.0		neg 0.36791074084168207 __DUMMY__ 0.31798991652735853 off 0.3140993426309594	false	1.0
erosion	neg 1.0		neg 0.36290381073406297 off 0.31931547610021627 __DUMMY__ 0.3177807131657208	false	1.0
eingehen	neg 1.0		neg 0.3687569213032987 __DUMMY__ 0.31736984338924246 off 0.31387323530745886	false	1.0
faul	off 1.0		neg 0.36038752250907985 off 0.32382849267341207 __DUMMY__ 0.31578398481750813	false	0.5
provisorium	neg 1.0		neg 0.3688719361230337 __DUMMY__ 0.3238230922678623 off 0.30730497160910397	false	1.0
schmerzen	neg 1.0		neg 0.3671502709023629 off 0.3166931862365728 __DUMMY__ 0.31615654286106437	false	1.0
schrumpfen	neg 1.0		neg 0.3739826129293025 __DUMMY__ 0.31914402472890746 off 0.3068733623417899	false	1.0
geistlos	off 1.0		neg 0.36630795722280796 off 0.3200165465113739 __DUMMY__ 0.3136754962658181	false	0.5
fehlkauf	neg 1.0		neg 0.36397483718670626 off 0.3202384227363661 __DUMMY__ 0.31578674007692764	false	1.0
frustrierend	neg 1.0		neg 0.3607776304006719 off 0.323415512494108 __DUMMY__ 0.31580685710522005	false	1.0
unzufrieden	neg 1.0		neg 0.36753629702280094 __DUMMY__ 0.31694019120801886 off 0.3155235117691802	false	1.0
verzweifeln	neg 1.0		neg 0.3653708496701972 off 0.31748792509077656 __DUMMY__ 0.3171412252390264	false	1.0
verzweifelt	neg 1.0	neg 1.0	neg 0.6723089372981255 off 0.1763460912821274 __DUMMY__ 0.15134497141974726	false	1.0
misstrauensantrag	neg 1.0		neg 0.3636120752544655 off 0.3206965235701888 __DUMMY__ 0.31569140117534567	false	1.0
abfallen	neg 1.0		neg 0.36213028806932057 off 0.3203615954890065 __DUMMY__ 0.317508116441673	false	1.0
fucker	off 1.0		neg 0.35832045864567635 off 0.32746946248881365 __DUMMY__ 0.31421007886551	false	0.5
ungezogen	neg 1.0		neg 0.3541117477118782 off 0.335332099122838 __DUMMY__ 0.31055615316528395	false	1.0
irrsinnig	neg 1.0	neg 1.0	neg 0.671860701950734 off 0.17652853610316657 __DUMMY__ 0.15161076194609943	false	1.0
unfassbar	neg 1.0		neg 0.3584268398694318 off 0.3261538428909425 __DUMMY__ 0.3154193172396255	false	1.0
hart	neg 1.0		neg 0.3630108019701447 off 0.3236678148646884 __DUMMY__ 0.31332138316516683	false	1.0
widerlich	off 1.0		neg 0.3603657312395164 off 0.3258210691348391 __DUMMY__ 0.3138131996256447	false	0.5
fatal	neg 1.0		neg 0.36328576532411083 off 0.3209583231283354 __DUMMY__ 0.31575591154755384	false	1.0
bruch	neg 1.0		neg 0.3701828727409335 __DUMMY__ 0.318982315218476 off 0.31083481204059066	false	1.0
aushungern	neg 1.0		neg 0.36670556988164354 __DUMMY__ 0.31726640785449617 off 0.31602802226386045	false	1.0
anspannung	neg 1.0		neg 0.370554837677896 __DUMMY__ 0.32086627686546026 off 0.3085788854566437	false	1.0
von			neg 0.36046004498398826 __DUMMY__ 0.32366635203987154 off 0.31587360297614026	false	0.0
kraftlos	neg 1.0		neg 0.36609872418488454 __DUMMY__ 0.3178610228554635 off 0.3160402529596519	false	1.0
vom			neg 0.36803503608646304 __DUMMY__ 0.3239639075969837 off 0.3080010563165533	false	0.0
grenzdebil	off 1.0		neg 0.35825656853364585 off 0.32649123883617126 __DUMMY__ 0.31525219263018295	false	0.5
vor			neg 0.3677035276148305 __DUMMY__ 0.31987285080045363 off 0.312423621584716	false	0.0
unterwerfen	neg 1.0		neg 0.36860768730508015 __DUMMY__ 0.3174026743358079 off 0.31398963835911203	false	1.0
versenkung	neg 1.0		neg 0.3656909971265908 __DUMMY__ 0.31896538963872656 off 0.31534361323468263	false	1.0
entziehen	neg 1.0		neg 0.370409033659297 __DUMMY__ 0.318715792560318 off 0.31087517378038504	false	1.0
finanzkrise	neg 1.0		neg 0.36980384972337704 off 0.3153106598703152 __DUMMY__ 0.3148854904063077	false	1.0
schimpfend	neg 1.0		neg 0.3637216915750148 off 0.3205326034279405 __DUMMY__ 0.31574570499704474	false	1.0
profan	neg 1.0		neg 0.36298555308419694 off 0.32150301368202844 __DUMMY__ 0.3155114332337748	false	1.0
korruption	neg 1.0		neg 0.36915230924417686 __DUMMY__ 0.3167424354808539 off 0.3141052552749693	false	1.0
â			neg 0.36606184816131837 __DUMMY__ 0.31830995582647015 off 0.31562819601221165	false	0.0
schmutzig	neg 1.0		neg 0.357685138133368 off 0.3270640715897476 __DUMMY__ 0.3152507902768845	false	1.0
sexy	neg 1.0		neg 0.3609651156051003 off 0.3230338909189924 __DUMMY__ 0.3160009934759072	false	1.0
abraten	neg 1.0		neg 0.36140948021169744 off 0.3216789553726145 __DUMMY__ 0.31691156441568813	false	1.0
schwarz	neg 1.0		neg 0.3639618163628351 off 0.3201162983882301 __DUMMY__ 0.3159218852489349	false	1.0
fotze	off 1.0	off 1.0	off 0.6445827517174216 neg 0.20271499084830266 __DUMMY__ 0.1527022574342757	false	1.0
verwirren	neg 1.0		neg 0.3616696187782822 off 0.32242214578862904 __DUMMY__ 0.3159082354330887	false	1.0
zahnlos	off 1.0		neg 0.36682327221879013 __DUMMY__ 0.3167432510729463 off 0.31643347670826355	false	0.5
verheeren	neg 1.0		neg 0.35323631916065434 off 0.3365710720713376 __DUMMY__ 0.31019260876800814	false	1.0
hippie	neg 1.0		neg 0.3617767932431099 off 0.3223875554169349 __DUMMY__ 0.31583565133995517	false	1.0
rammen	neg 1.0		neg 0.3690277957348868 off 0.31771441463351674 __DUMMY__ 0.31325778963159656	false	1.0
unlauter	neg 1.0		neg 0.3658765814131821 off 0.31881873467170857 __DUMMY__ 0.3153046839151093	false	1.0
unheilvoll	neg 1.0		neg 0.36469853410000175 off 0.31995463530739604 __DUMMY__ 0.3153468305926022	false	1.0
niedrig	neg 1.0		neg 0.371227046096743 __DUMMY__ 0.3167812236472655 off 0.3119917302559917	false	1.0
explosion	neg 1.0		neg 0.36152346025708676 off 0.32217344155319505 __DUMMY__ 0.3163030981897182	false	1.0
weichei	off 1.0	off 1.0	off 0.6528215103405831 neg 0.19770958536255473 __DUMMY__ 0.1494689042968622	false	1.0
minusmensch	off 1.0		neg 0.36102690725607534 off 0.33114487921244046 __DUMMY__ 0.3078282135314843	false	0.5
farblos	neg 1.0		neg 0.3671911798025972 off 0.3170347464024947 __DUMMY__ 0.31577407379490813	false	1.0
unwissend	neg 1.0	neg 1.0	neg 0.6694812171446313 off 0.17932283286458023 __DUMMY__ 0.1511959499907885	false	1.0
traurig	neg 1.0		neg 0.3564742699547665 off 0.3289213657817766 __DUMMY__ 0.31460436426345684	false	1.0
senkung	neg 1.0		neg 0.364645496095549 off 0.32072309956389056 __DUMMY__ 0.3146314043405606	false	1.0
ungleich	neg 1.0	neg 1.0	neg 0.67399065511297 off 0.17304507531551044 __DUMMY__ 0.15296426957151954	false	1.0
heikel	neg 1.0		neg 0.36909349563111377 __DUMMY__ 0.31769718005315545 off 0.3132093243157308	false	1.0
drosselung	neg 1.0		neg 0.36094626716355155 off 0.3251314271784151 __DUMMY__ 0.31392230565803336	false	1.0
falsch	neg 1.0		neg 0.3607669445050093 off 0.323622611820799 __DUMMY__ 0.3156104436741919	false	1.0
unzufriedenheit	neg 1.0		neg 0.3703676161744569 __DUMMY__ 0.318195298137563 off 0.31143708568798006	false	1.0
kurz	neg 1.0		neg 0.3623220252701257 __DUMMY__ 0.3192470999498896 off 0.3184308747799848	false	1.0
unsinnig	neg 1.0		neg 0.36650410537014844 off 0.3167828110436234 __DUMMY__ 0.31671308358622835	false	1.0
penner	off 1.0	off 1.0	off 0.6538439485180632 neg 0.1968341755337439 __DUMMY__ 0.14932187594819302	false	1.0
seicht	neg 1.0		neg 0.35464554586595626 off 0.3347369668668173 __DUMMY__ 0.3106174872672265	false	1.0
dummheit	off 1.0	off 1.0	off 0.6473816680911645 neg 0.2018486569004111 __DUMMY__ 0.1507696750084244	false	1.0
unerfreulich	neg 1.0		neg 0.3680245496044265 __DUMMY__ 0.31893225029073036 off 0.3130432001048431	false	1.0
motherfucker	off 1.0	off 1.0	off 0.6504428954596689 neg 0.19890727721791143 __DUMMY__ 0.15064982732241966	false	1.0
pikiert	neg 1.0		neg 0.36181682049350444 off 0.3245346029322443 __DUMMY__ 0.3136485765742512	false	1.0
wrack	neg 1.0		neg 0.36857893832847416 __DUMMY__ 0.31649285703659563 off 0.3149282046349302	false	1.0
gangster	neg 1.0		neg 0.3617835845258109 off 0.3224339769477774 __DUMMY__ 0.3157824385264118	false	1.0
krank	neg 1.0		neg 0.35732982746288666 off 0.3269226692625838 __DUMMY__ 0.31574750327452944	false	1.0
reich	neg 1.0		neg 0.3606339487099203 off 0.3243616423749111 __DUMMY__ 0.31500440891516873	false	1.0
gnadenlos	neg 1.0		neg 0.36470990358162914 off 0.3194612702692352 __DUMMY__ 0.3158288261491356	false	1.0
niedergeschlagen	neg 1.0		neg 0.3658180531204657 __DUMMY__ 0.31726610194726745 off 0.3169158449322667	false	1.0
terrorisieren	off 1.0	off 1.0	off 0.6435843437670754 neg 0.20348174347218811 __DUMMY__ 0.15293391276073656	false	1.0
sinnlosigkeit	neg 1.0		neg 0.367105551310393 __DUMMY__ 0.31697373536384477 off 0.3159207133257621	false	1.0
behindern	neg 1.0		neg 0.3656386784876535 off 0.3175137634606393 __DUMMY__ 0.3168475580517071	false	1.0
undemokratisch	neg 1.0		neg 0.3645406446644361 off 0.3193089389872069 __DUMMY__ 0.3161504163483571	false	1.0
wirtschaftskrise	neg 1.0		neg 0.3708642461510518 __DUMMY__ 0.31595864799185147 off 0.31317710585709685	false	1.0
neid	neg 1.0		neg 0.35864314242824646 off 0.32443067712572704 __DUMMY__ 0.31692618044602655	false	1.0
rutschen	neg 1.0		neg 0.36746241183375283 __DUMMY__ 0.3218130435096743 off 0.31072454465657295	false	1.0
rezession	neg 1.0		neg 0.363517532619709 off 0.32602171075377967 __DUMMY__ 0.3104607566265113	false	1.0
fehlgeburt	neg 1.0		neg 0.36346119720306025 off 0.3204168305141969 __DUMMY__ 0.3161219722827428	false	1.0
charakterschwach	off 1.0		neg 0.3606047338949677 off 0.3255503581555011 __DUMMY__ 0.3138449079495312	false	0.5
isolation	neg 1.0		neg 0.36107152841523793 off 0.3230510049953795 __DUMMY__ 0.31587746658938265	false	1.0
ablenkung	neg 1.0		neg 0.36243788347713235 off 0.3196458937719923 __DUMMY__ 0.31791622275087555	false	1.0
pech	neg 1.0		neg 0.3606353170585799 off 0.32340321592554055 __DUMMY__ 0.3159614670158797	false	1.0
vermeidung	neg 1.0		neg 0.3602271155838484 off 0.3255528061610455 __DUMMY__ 0.31422007825510606	false	1.0
dominieren	neg 1.0		neg 0.368539066673994 __DUMMY__ 0.31766017163736543 off 0.31380076168864063	false	1.0
schwindlig	neg 1.0		neg 0.36176527882195747 off 0.3216362584019717 __DUMMY__ 0.3165984627760709	false	1.0
lutscher	neg 1.0	neg 1.0	neg 0.6661703055198983 off 0.18515268922287695 __DUMMY__ 0.1486770052572248	false	1.0
pflicht	neg 1.0		neg 0.3700349731726988 __DUMMY__ 0.3180987788368718 off 0.31186624799042933	false	1.0
faschist	off 1.0		neg 0.3620560026583177 off 0.32233699947439376 __DUMMY__ 0.3156069978672885	false	0.5
verschleudern	neg 1.0		neg 0.368888552956627 __DUMMY__ 0.3179332893784413 off 0.3131781576649317	false	1.0
wenn			neg 0.36078948874617545 off 0.3236914628352155 __DUMMY__ 0.3155190484186091	false	0.0
ehebruch	neg 1.0		neg 0.36866194790322554 __DUMMY__ 0.31705065730894594 off 0.3142873947878284	false	1.0
spott	off 1.0		neg 0.3687845338418484 __DUMMY__ 0.31731828629100994 off 0.31389717986714155	false	0.5
trostlosigkeit	neg 1.0		neg 0.37098341640792565 __DUMMY__ 0.318107368901081 off 0.3109092146909933	false	1.0
lutschen	neg 1.0		neg 0.3647396202073195 off 0.3214303965812398 __DUMMY__ 0.3138299832114406	false	1.0
undiszipliniert	neg 1.0		neg 0.35803183086601564 off 0.32783792350078655 __DUMMY__ 0.31413024563319786	false	1.0
kopfschmerz	neg 1.0		neg 0.3696418889749596 __DUMMY__ 0.3156121309850403 off 0.31474598004000015	false	1.0
unvorhergesehen	neg 1.0		neg 0.3654486999166891 __DUMMY__ 0.3200389788595901 off 0.3145123212237208	false	1.0
desinteressiert	neg 1.0	neg 1.0	neg 0.668603328435752 off 0.1807087078139359 __DUMMY__ 0.15068796375031204	false	1.0
armselig	off 1.0		neg 0.3591340514722478 off 0.32788249676422676 __DUMMY__ 0.3129834517635255	false	0.5
desaster	neg 1.0		neg 0.3708023882826609 __DUMMY__ 0.3190784919309152 off 0.31011911978642404	false	1.0
tod	neg 1.0		neg 0.36854847639757093 __DUMMY__ 0.31707359749370384 off 0.31437792610872534	false	1.0
herzlos	neg 1.0		neg 0.3580756750871489 off 0.3282880308221838 __DUMMY__ 0.3136362940906673	false	1.0
unwissenheit	neg 1.0		neg 0.3681325465317857 __DUMMY__ 0.3166665472022366 off 0.31520090626597763	false	1.0
widersinnig	neg 1.0		neg 0.36929831531186336 __DUMMY__ 0.3159197649285238 off 0.314781919759613	false	1.0
bedenklich	neg 1.0		neg 0.368335695938501 __DUMMY__ 0.3172204638189777 off 0.31444384024252137	false	1.0
beanstanden	neg 1.0		neg 0.36934078717091956 __DUMMY__ 0.3187479283945746 off 0.3119112844345059	false	1.0
panisch	neg 1.0	neg 1.0	neg 0.6689694782858284 off 0.17828396012112804 __DUMMY__ 0.15274656159304345	false	1.0
debil	off 1.0		neg 0.372964957366112 __DUMMY__ 0.32099340403078275 off 0.30604163860310524	false	0.5
abstrich	neg 1.0		neg 0.36272589143238493 __DUMMY__ 0.31874142020703705 off 0.31853268836057796	false	1.0
primitiv	neg 1.0		neg 0.35997074369537563 off 0.3261601574414607 __DUMMY__ 0.3138690988631638	false	1.0
abschaum	off 1.0	off 1.0	off 0.6491690987610249 neg 0.20007075016765888 __DUMMY__ 0.15076015107131624	false	1.0
provozieren	neg 1.0		neg 0.3658145626236254 off 0.3188662634999166 __DUMMY__ 0.31531917387645797	false	1.0
tot	neg 1.0		neg 0.36798486527369206 __DUMMY__ 0.3169789521411323 off 0.31503618258517563	false	1.0
instabil	neg 1.0		neg 0.35969594452307985 off 0.327127078696788 __DUMMY__ 0.31317697678013223	false	1.0
schwuchtel	off 1.0	off 1.0	off 0.6568430877854864 neg 0.19570050945041784 __DUMMY__ 0.14745640276409575	false	1.0
zerren	neg 1.0		neg 0.3664737057407814 __DUMMY__ 0.317314618830983 off 0.31621167542823575	false	1.0
kinderficker	off 1.0		neg 0.35597023561991287 off 0.3312539061104604 __DUMMY__ 0.31277585826962656	false	0.5
gefahr	neg 1.0		neg 0.3694167096909589 __DUMMY__ 0.31889078066965976 off 0.31169250963938144	false	1.0
rabiat	neg 1.0		neg 0.36444630121096805 off 0.3187796810096033 __DUMMY__ 0.31677401777942865	false	1.0
verlangsamung	neg 1.0		neg 0.3592828396514774 off 0.33099080822228455 __DUMMY__ 0.309726352126238	false	1.0
ausgestorben	neg 1.0		neg 0.36397665425942205 off 0.31872710217930916 __DUMMY__ 0.3172962435612689	false	1.0
anklagen	neg 1.0		neg 0.3689707745779876 __DUMMY__ 0.31670414084440496 off 0.31432508457760744	false	1.0
trott	neg 1.0		neg 0.36518091806175834 off 0.317979155563893 __DUMMY__ 0.31683992637434866	false	1.0
verminderung	neg 1.0		neg 0.3592677541785267 off 0.3263164035615336 __DUMMY__ 0.3144158422599398	false	1.0
nach			neg 0.3682498353076787 __DUMMY__ 0.322296140408584 off 0.30945402428373714	false	0.0
rost	neg 1.0		neg 0.35723025830471555 off 0.33097109179760004 __DUMMY__ 0.31179864989768435	false	1.0
destruktiv	neg 1.0		neg 0.36584266721256553 off 0.3179275607913035 __DUMMY__ 0.31622977199613084	false	1.0
unzumutbarkeit	neg 1.0		neg 0.3606241143669316 off 0.32463080960355156 __DUMMY__ 0.3147450760295169	false	1.0
labil	off 1.0	off 1.0	off 0.6487263748466789 neg 0.20026085138762706 __DUMMY__ 0.15101277376569408	false	1.0
ziemlich	neg 1.0		neg 0.357828836824616 off 0.32630289146308655 __DUMMY__ 0.3158682717122975	false	1.0
lachnummer	off 1.0		neg 0.36530719457268446 off 0.3186632301469645 __DUMMY__ 0.3160295752803509	false	0.5
oder			neg 0.36183708386888574 off 0.3205119288780281 __DUMMY__ 0.3176509872530861	false	0.0
verfall	neg 1.0		neg 0.373222796501985 __DUMMY__ 0.31951856578867405 off 0.30725863770934114	false	1.0
ausgrenzung	neg 1.0		neg 0.3642720355061064 off 0.3198834975526208 __DUMMY__ 0.31584446694127294	false	1.0
unordnung	neg 1.0		neg 0.3569874141849363 off 0.3281124461737554 __DUMMY__ 0.31490013964130814	false	1.0
fehlverhalten	neg 1.0		neg 0.37096263697476195 __DUMMY__ 0.3171110484156568 off 0.3119263146095813	false	1.0
eine			neg 0.36702753748873224 __DUMMY__ 0.31975789793558673 off 0.31321456457568103	false	0.0
nille	neg 1.0		neg 0.3647059048910941 off 0.318100848965681 __DUMMY__ 0.31719324614322475	false	1.0
qual	neg 1.0		neg 0.3653488154984897 off 0.31759851075122525 __DUMMY__ 0.31705267375028523	false	1.0
verschwenden	neg 1.0		neg 0.3694001954036795 __DUMMY__ 0.3171093517867901 off 0.3134904528095304	false	1.0
riesig	neg 1.0		neg 0.3677531894313833 __DUMMY__ 0.3177794831929289 off 0.3144673273756877	false	1.0
verurteilen	neg 1.0		neg 0.36921131301723026 __DUMMY__ 0.31613736257939473 off 0.3146513244033749	false	1.0
klischee	neg 1.0	neg 1.0	neg 0.6706246105242673 off 0.17822651314914031 __DUMMY__ 0.15114887632659244	false	1.0
diktatorisch	neg 1.0		neg 0.3655228209495516 off 0.3189958263504856 __DUMMY__ 0.31548135269996275	false	1.0
vorhersehbar	neg 1.0		neg 0.36345537314090104 off 0.3217216555094811 __DUMMY__ 0.3148229713496178	false	1.0
sowie			neg 0.3589372172949762 off 0.32944899198786526 __DUMMY__ 0.3116137907171586	false	0.0
stornieren	neg 1.0		neg 0.3572242046636885 off 0.3233181679967741 __DUMMY__ 0.31945762733953725	false	1.0
besteuerung	neg 1.0		neg 0.36879763967597595 off 0.3172175636446549 __DUMMY__ 0.3139847966793691	false	1.0
ungeschminkt	neg 1.0		neg 0.3645186069493863 off 0.32386107884549276 __DUMMY__ 0.3116203142051209	false	1.0
kritisch	neg 1.0		neg 0.3679716443740311 __DUMMY__ 0.31763918735396723 off 0.31438916827200153	false	1.0
schlamperei	off 1.0		neg 0.36865205003003126 __DUMMY__ 0.31834882817882965 off 0.3129991217911391	false	0.5
sucht	neg 1.0	neg 1.0	neg 0.6691775857182856 off 0.1773103792547547 __DUMMY__ 0.15351203502695981	false	1.0
egoistisch	off 1.0		neg 0.3570110078942218 off 0.3309984685779436 __DUMMY__ 0.3119905235278346	false	0.5
ausbeuter	off 1.0		neg 0.37161084354013046 __DUMMY__ 0.3167374949273395 off 0.3116516615325299	false	0.5
arschgeburt	off 1.0		neg 0.3558059645841801 off 0.33726569232521286 __DUMMY__ 0.30692834309060696	false	0.5
schubs	neg 1.0		neg 0.365859864193887 __DUMMY__ 0.31756754631298756 off 0.31657258949312556	false	1.0
unsolide	neg 1.0		neg 0.3656061227218455 off 0.3195086185253118 __DUMMY__ 0.31488525875284257	false	1.0
beschwerde	neg 1.0		neg 0.3699172481522787 __DUMMY__ 0.3170280040855418 off 0.3130547477621793	false	1.0
stocken	neg 1.0		neg 0.369519496417659 __DUMMY__ 0.3176315553701093 off 0.31284894821223164	false	1.0
isolieren	neg 1.0		neg 0.3672164903526886 __DUMMY__ 0.317683780269551 off 0.3150997293777603	false	1.0
unheilbar	neg 1.0		neg 0.3640085103144297 off 0.319107226722121 __DUMMY__ 0.3168842629634493	false	1.0
pisser	off 1.0		neg 0.3619270369961861 off 0.3261815243229616 __DUMMY__ 0.3118914386808524	false	0.5
löschen	neg 1.0		neg 0.3651985743330247 off 0.3181975034266144 __DUMMY__ 0.31660392224036094	false	1.0
durchfallen	neg 1.0		neg 0.36836039663038406 __DUMMY__ 0.3168761034307339 off 0.3147634999388821	false	1.0
wichser	off 1.0	off 1.0	off 0.6556643013827255 neg 0.1957173454304153 __DUMMY__ 0.14861835318685926	false	1.0
terror	neg 1.0		neg 0.3616539535713387 off 0.32224998124231924 __DUMMY__ 0.3160960651863422	false	1.0
krass	neg 1.0		neg 0.3587791930262502 off 0.3284977287528459 __DUMMY__ 0.3127230782209038	false	1.0
revolte	neg 1.0		neg 0.3648441854563348 off 0.31994844518279425 __DUMMY__ 0.31520736936087096	false	1.0
besorgt	neg 1.0		neg 0.36275510834025215 __DUMMY__ 0.3192766623423243 off 0.3179682293174235	false	1.0
nachlassen	neg 1.0		neg 0.36675795037944303 __DUMMY__ 0.3191442665718374 off 0.3140977830487195	false	1.0
alt	neg 1.0		neg 0.3684448450423212 __DUMMY__ 0.3166067775303522 off 0.3149483774273267	false	1.0
hundesohn	off 1.0		neg 0.35598607071270816 off 0.3344212626998101 __DUMMY__ 0.3095926665874817	false	0.5
als			neg 0.365131648000564 __DUMMY__ 0.3180801095277219 off 0.3167882424717141	false	0.0
abschreckung	neg 1.0		neg 0.37052483555221777 __DUMMY__ 0.31828578205650043 off 0.31118938239128174	false	1.0
unqualifiziert	neg 1.0		neg 0.36253435509650217 off 0.32279749840875427 __DUMMY__ 0.31466814649474345	false	1.0
abgewichst	off 1.0		neg 0.3646689092298474 __DUMMY__ 0.31769952591531275 off 0.3176315648548398	false	0.5
schwer	neg 1.0		neg 0.3653388941905435 off 0.3179014657477749 __DUMMY__ 0.3167596400616815	false	1.0
bedeutungslosigkeit	neg 1.0		neg 0.36961642366868214 __DUMMY__ 0.31797784311202 off 0.31240573321929777	false	1.0
kapitulation	neg 1.0		neg 0.368589353212728 __DUMMY__ 0.31759742235606075 off 0.3138132244312112	false	1.0
unscharf	neg 1.0		neg 0.36519951689014735 off 0.3203787216863693 __DUMMY__ 0.3144217614234834	false	1.0
schwinden	neg 1.0		neg 0.3704404828915969 __DUMMY__ 0.3177932394321256 off 0.31176627767627746	false	1.0
versklavung	neg 1.0		neg 0.365526140442158 off 0.31864780965030337 __DUMMY__ 0.31582604990753854	false	1.0
schlecht	neg 1.0		neg 0.3575473859695076 off 0.32654428796994056 __DUMMY__ 0.3159083260605519	false	1.0
verhasst	neg 1.0		neg 0.36645818405124925 off 0.31901608897600625 __DUMMY__ 0.3145257269727445	false	1.0
beschweren	neg 1.0		neg 0.3621544576894314 off 0.3213212151266816 __DUMMY__ 0.3165243271838869	false	1.0
scheiden	neg 1.0		neg 0.36272718877730353 off 0.31933216084247895 __DUMMY__ 0.31794065038021746	false	1.0
frustriert	neg 1.0		neg 0.36655170066856096 __DUMMY__ 0.316760843245153 off 0.31668745608628596	false	1.0
schimmelig	neg 1.0		neg 0.37130248944671057 __DUMMY__ 0.31518741588324334 off 0.31351009467004604	false	1.0
fisch	neg 1.0		neg 0.3725006691788454 __DUMMY__ 0.31674941766587433 off 0.3107499131552802	false	1.0
schmuggel	neg 1.0		neg 0.3711513323527088 __DUMMY__ 0.31690043483106234 off 0.31194823281622885	false	1.0
auffallen	neg 1.0		neg 0.36173594552531896 off 0.3221234278814219 __DUMMY__ 0.3161406265932592	false	1.0
konkurrenz	neg 1.0		neg 0.3691335548765002 __DUMMY__ 0.3193101458802505 off 0.3115562992432495	false	1.0
teufelskreis	neg 1.0	neg 1.0	neg 0.6731455183519603 off 0.17525662714391216 __DUMMY__ 0.15159785450412747	false	1.0
aufschreien	neg 1.0		neg 0.3631807557890488 off 0.32156513192284 __DUMMY__ 0.3152541122881113	false	1.0
schuldner	neg 1.0		neg 0.3724694075891212 __DUMMY__ 0.31682035857617324 off 0.3107102338347056	false	1.0
missgeburt	off 1.0	off 1.0	off 0.6522887683674533 neg 0.19937832965577848 __DUMMY__ 0.14833290197676824	false	1.0
arbeitslos	neg 1.0		neg 0.3682170280262641 __DUMMY__ 0.31671270852990513 off 0.31507026344383093	false	1.0
befallen	neg 1.0		neg 0.3701505311729642 __DUMMY__ 0.3150488455084979 off 0.31480062331853786	false	1.0
miesepetrig	off 1.0	off 1.0	off 0.6498798233230169 neg 0.19863703676574668 __DUMMY__ 0.1514831399112366	false	1.0
alarmieren	neg 1.0		neg 0.3649052234165529 off 0.32182086532887394 __DUMMY__ 0.3132739112545732	false	1.0
ungeduscht	off 1.0		neg 0.3641708639136029 off 0.3222514628393544 __DUMMY__ 0.3135776732470426	false	0.5
knappheit	neg 1.0		neg 0.37000841801715556 __DUMMY__ 0.31613945466942384 off 0.31385212731342066	false	1.0
schlange	neg 1.0		neg 0.36033249458501 off 0.32166750219868545 __DUMMY__ 0.3180000032163045	false	1.0
harsch	neg 1.0		neg 0.35578604603561187 off 0.3304064680085727 __DUMMY__ 0.3138074859558154	false	1.0
lang	neg 1.0		neg 0.3638972934135612 off 0.3194521325147216 __DUMMY__ 0.3166505740717172	false	1.0
ziellos	neg 1.0		neg 0.3657434021331242 __DUMMY__ 0.31871885267258354 off 0.31553774519429245	false	1.0
selbstverliebt	neg 1.0		neg 0.3547509387911021 off 0.33607471673322636 __DUMMY__ 0.3091743444756716	false	1.0
beseitigen	neg 1.0		neg 0.3658430653984393 __DUMMY__ 0.3173473198940459 off 0.3168096147075148	false	1.0
dumm	off 1.0		neg 0.35542956628203404 off 0.3322330610010921 __DUMMY__ 0.3123373727168737	false	0.5
arbeitsloser	neg 1.0		neg 0.3653283779572699 __DUMMY__ 0.31839179506003973 off 0.3162798269826904	false	1.0
blitzen	neg 1.0		neg 0.3615606841778232 off 0.3224215945026936 __DUMMY__ 0.31601772131948314	false	1.0
hilflos	neg 1.0		neg 0.3677241026767449 __DUMMY__ 0.3164726402690684 off 0.3158032570541867	false	1.0
eklig	off 1.0		neg 0.35813780073357254 off 0.3315137182547309 __DUMMY__ 0.31034848101169665	false	0.5
begriff			neg 0.3649833353555365 off 0.31793338594505494 __DUMMY__ 0.31708327869940856	false	0.0
hungersnot	neg 1.0		neg 0.36890454599550876 __DUMMY__ 0.3165017216996529 off 0.3145937323048383	false	1.0
ungesetzlich	neg 1.0		neg 0.36653441961256245 off 0.3183593049334548 __DUMMY__ 0.3151062754539829	false	1.0
verschwendung	neg 1.0		neg 0.369015930432618 __DUMMY__ 0.3177315601803045 off 0.31325250938707755	false	1.0
schmerzvoll	neg 1.0		neg 0.36356519596936554 off 0.3204386381083274 __DUMMY__ 0.315996165922307	false	1.0
vorzeitig	neg 1.0		neg 0.3640825797486829 off 0.3209594155201789 __DUMMY__ 0.31495800473113805	false	1.0
unvollkommenheit	neg 1.0		neg 0.36450273717907355 __DUMMY__ 0.3191867837519161 off 0.3163104790690105	false	1.0
intervenieren	neg 1.0		neg 0.3700666857069271 __DUMMY__ 0.31728954556667516 off 0.31264376872639765	false	1.0
banause	off 1.0		neg 0.3580247068216997 off 0.3335407315002688 __DUMMY__ 0.3084345616780317	false	0.5
rebell	neg 1.0		neg 0.37334897866907146 __DUMMY__ 0.3181921359531947 off 0.30845888537773375	false	1.0
unlogisch	neg 1.0		neg 0.35886802776588406 off 0.32783276565173863 __DUMMY__ 0.31329920658237737	false	1.0
leiden	neg 1.0		neg 0.366771244056333 __DUMMY__ 0.3197597943630183 off 0.31346896158064874	false	1.0
abschaffung	neg 1.0		neg 0.36489153780970013 off 0.3186695349185029 __DUMMY__ 0.31643892727179707	false	1.0
sturz	neg 1.0		neg 0.3661808873991043 off 0.31777249589944145 __DUMMY__ 0.31604661670145423	false	1.0
verkleinerung	neg 1.0		neg 0.3650454346692816 off 0.32072942743963495 __DUMMY__ 0.3142251378910836	false	1.0
schmarotzer	off 1.0		neg 0.36773601133324607 __DUMMY__ 0.3163484721341159 off 0.3159155165326381	false	0.5
bestrafung	neg 1.0		neg 0.36480631679833525 off 0.31929592725279216 __DUMMY__ 0.3158977559488727	false	1.0
achtlos	neg 1.0	neg 1.0	neg 0.6717185399191136 off 0.17574393949358957 __DUMMY__ 0.15253752058729686	false	1.0
ungeheuer	neg 1.0		neg 0.36297333501178936 off 0.3212009868730946 __DUMMY__ 0.3158256781151162	false	1.0
unaufrichtig	neg 1.0		neg 0.35895079315385026 off 0.3234860885597194 __DUMMY__ 0.31756311828643036	false	1.0
groggy	neg 1.0		neg 0.3625203338557219 off 0.321868660818725 __DUMMY__ 0.31561100532555303	false	1.0
verletzlich	neg 1.0		neg 0.36256804222473704 off 0.32456812312322636 __DUMMY__ 0.31286383465203654	false	1.0
ablehnen	neg 1.0		neg 0.3670936552323157 __DUMMY__ 0.3176037006872179 off 0.31530264408046654	false	1.0
