unsolidarisch	neg 1.0		neg 0.48842262809491904 off 0.43965733667618845 __DUMMY__ 0.07192003522889256	false	1.0
nachteilig	neg 1.0		neg 0.48803391176485506 off 0.439258323978513 __DUMMY__ 0.07270776425663193	false	1.0
skeptisch	neg 1.0		neg 0.4899059042153214 off 0.43712530180061504 __DUMMY__ 0.0729687939840637	false	1.0
schrecklich	neg 1.0		neg 0.47681402235128795 off 0.45085232016199617 __DUMMY__ 0.07233365748671586	false	1.0
schlapp	neg 1.0		neg 0.4788416127202657 off 0.4482828815871656 __DUMMY__ 0.07287550569256872	false	1.0
abfall	neg 1.0		neg 0.4909804463665568 off 0.43590551039831626 __DUMMY__ 0.07311404323512694	false	1.0
widerspenstig	neg 1.0		neg 0.48295759575418584 off 0.44391732267877665 __DUMMY__ 0.07312508156703752	false	1.0
abrupt	neg 1.0		neg 0.4833823299279932 off 0.4432962822941759 __DUMMY__ 0.07332138777783091	false	1.0
unwirksam	neg 1.0		neg 0.48784469161590127 off 0.4401658307394136 __DUMMY__ 0.07198947764468508	false	1.0
angreifen	neg 1.0		neg 0.48935076787016946 off 0.43787502577636395 __DUMMY__ 0.07277420635346658	false	1.0
inkonsistent	neg 1.0		neg 0.48249545847470804 off 0.44491063723964075 __DUMMY__ 0.07259390428565116	false	1.0
abrutschen	neg 1.0		neg 0.49042062991606045 off 0.4363813553633436 __DUMMY__ 0.07319801472059587	false	1.0
unsicher	neg 1.0		neg 0.48436491129522685 off 0.44276638153206116 __DUMMY__ 0.07286870717271197	false	1.0
bauernkind	off 1.0		neg 0.4757958619395079 off 0.4524660135374308 __DUMMY__ 0.07173812452306139	false	0.5
angreifer	neg 1.0		neg 0.48310560085732857 off 0.44458867962657894 __DUMMY__ 0.07230571951609246	false	1.0
trennen	neg 1.0		neg 0.4868997960370876 off 0.43974078819456136 __DUMMY__ 0.07335941576835113	false	1.0
schmutz	neg 1.0		neg 0.47622559726570796 off 0.4506419570910814 __DUMMY__ 0.07313244564321061	false	1.0
inkonsistenz	neg 1.0	neg 1.0	neg 0.7280406750418923 off 0.23716759495842515 __DUMMY__ 0.034791729999682455	false	1.0
erschreckend	neg 1.0		neg 0.4866517185801602 off 0.44064431471138826 __DUMMY__ 0.07270396670845154	false	1.0
ertrinken	neg 1.0		neg 0.4863644001961474 off 0.4404548120500933 __DUMMY__ 0.07318078775375918	false	1.0
pickelface	off 1.0		neg 0.4852464703664663 off 0.4423203413344616 __DUMMY__ 0.07243318829907221	false	0.5
seiner			neg 0.4888737217727714 off 0.4382222368711091 __DUMMY__ 0.07290404135611943	false	0.0
lauch	neg 1.0		neg 0.4895138283799895 off 0.43743158242008157 __DUMMY__ 0.07305458919992901	false	1.0
unwichtig	neg 1.0		neg 0.4807638111693857 off 0.44670547323162896 __DUMMY__ 0.07253071559898544	false	1.0
steuerhinterziehung	neg 1.0		neg 0.4884160496480068 off 0.4393892827697544 __DUMMY__ 0.0721946675822387	false	1.0
schock	neg 1.0		neg 0.4838583639627973 off 0.4428667255760446 __DUMMY__ 0.0732749104611581	false	1.0
beule	neg 1.0		neg 0.4780114685490362 off 0.4492512924208595 __DUMMY__ 0.0727372390301042	false	1.0
vergelten	neg 1.0		neg 0.47652239642022404 off 0.45145656843677257 __DUMMY__ 0.07202103514300345	false	1.0
verdorbenheit	neg 1.0		neg 0.48228845927905684 off 0.4448100864136878 __DUMMY__ 0.07290145430725543	false	1.0
trauma	neg 1.0		neg 0.48299935968793556 off 0.44432531740638526 __DUMMY__ 0.07267532290567927	false	1.0
sinnlos	neg 1.0		neg 0.4826876515658506 off 0.4446212665922292 __DUMMY__ 0.07269108184192019	false	1.0
fettsack	off 1.0	off 1.0	off 0.7112424230280533 neg 0.25416337775715386 __DUMMY__ 0.03459419921479273	false	1.0
feige	off 1.0		neg 0.48227452004094573 off 0.4453942803481661 __DUMMY__ 0.07233119961088819	false	0.5
abdanken	neg 1.0		neg 0.4897406623452844 off 0.4383252236518328 __DUMMY__ 0.07193411400288266	false	1.0
wichtigtuer	off 1.0	off 1.0	off 0.7063824547186112 neg 0.2587967450828995 __DUMMY__ 0.034820800198489335	false	1.0
misslingen	neg 1.0		neg 0.479610031363294 off 0.44721025420873467 __DUMMY__ 0.07317971442797139	false	1.0
untreu	off 1.0		neg 0.47989370628676936 off 0.44758410190554493 __DUMMY__ 0.07252219180768556	false	0.5
missmutig	neg 1.0		neg 0.47974038551066206 off 0.44741302638558356 __DUMMY__ 0.07284658810375441	false	1.0
hurenbock	off 1.0		neg 0.48060715859201614 off 0.44627441710824317 __DUMMY__ 0.07311842429974065	false	0.5
betrunken	neg 1.0		neg 0.4773811452202653 off 0.44996996575953546 __DUMMY__ 0.07264888902019917	false	1.0
korrupt	off 1.0		neg 0.48995022224101165 off 0.4378325340905202 __DUMMY__ 0.07221724366846807	false	0.5
unmut	neg 1.0		neg 0.4912526219354965 off 0.435839989485836 __DUMMY__ 0.07290738857866745	false	1.0
hackfresse	off 1.0		neg 0.4738831317772155 off 0.45399532471582243 __DUMMY__ 0.072121543506962	false	0.5
aufblasen	neg 1.0		neg 0.48184092348603796 off 0.44515115488523627 __DUMMY__ 0.07300792162872574	false	1.0
gewaltsam	neg 1.0		neg 0.48537083836101547 off 0.44229638229719703 __DUMMY__ 0.07233277934178739	false	1.0
unbeliebtheit	neg 1.0		neg 0.48197900008638417 off 0.4462963518430902 __DUMMY__ 0.0717246480705258	false	1.0
sturheit	neg 1.0		neg 0.4870731934596485 off 0.44036307580549944 __DUMMY__ 0.0725637307348522	false	1.0
kuh	neg 1.0		neg 0.48371326252678143 off 0.44378623848885046 __DUMMY__ 0.07250049898436815	false	1.0
erschrecken	neg 1.0		neg 0.480773758553269 off 0.44648420134671835 __DUMMY__ 0.0727420401000127	false	1.0
opfer	neg 1.0		neg 0.48828947898360464 off 0.4388614684157109 __DUMMY__ 0.07284905260068453	false	1.0
sinken	neg 1.0		neg 0.4902877045134518 off 0.4368007315020383 __DUMMY__ 0.07291156398450996	false	1.0
stinktier	neg 1.0		neg 0.4776401301363394 off 0.45030126026891204 __DUMMY__ 0.07205860959474865	false	1.0
tucke	off 1.0		neg 0.472241932422261 off 0.4554952995800093 __DUMMY__ 0.07226276799772968	false	0.5
ein			neg 0.48199653343360865 off 0.4448578179055985 __DUMMY__ 0.0731456486607929	false	0.0
abstieg	neg 1.0		neg 0.48778261380752613 off 0.43968825296533404 __DUMMY__ 0.07252913322713982	false	1.0
missverstehen	neg 1.0		neg 0.4845235654976156 off 0.4430927713458541 __DUMMY__ 0.07238366315653035	false	1.0
ergebnislos	neg 1.0		neg 0.4879436915589101 off 0.43943945200831735 __DUMMY__ 0.07261685643277248	false	1.0
unter			neg 0.49159432975938594 off 0.43464243831665106 __DUMMY__ 0.073763231923963	false	0.0
manipulieren	neg 1.0		neg 0.4883619263327436 off 0.43868467280040574 __DUMMY__ 0.0729534008668506	false	1.0
unbewiesen	neg 1.0		neg 0.48877060497108854 off 0.43933126495299407 __DUMMY__ 0.07189813007591744	false	1.0
verschleppen	neg 1.0		neg 0.4875293529327861 off 0.43977252867759625 __DUMMY__ 0.07269811838961773	false	1.0
weib	off 1.0		neg 0.4728951210669006 off 0.45510124727525814 __DUMMY__ 0.07200363165784135	false	0.5
opposition	neg 1.0		neg 0.4852084185825148 off 0.4425995875818113 __DUMMY__ 0.07219199383567404	false	1.0
verkehrswidrig	neg 1.0		neg 0.4730791089447433 off 0.4543179785371705 __DUMMY__ 0.07260291251808632	false	1.0
inkorrekt	neg 1.0		neg 0.4825591294809394 off 0.44551275718888417 __DUMMY__ 0.07192811333017657	false	1.0
vermeiden	neg 1.0		neg 0.4901822544721568 off 0.4363357498077287 __DUMMY__ 0.07348199572011452	false	1.0
abweichung	neg 1.0		neg 0.49005932112387296 off 0.43771259169097876 __DUMMY__ 0.07222808718514843	false	1.0
alkoholisiert	neg 1.0		neg 0.4836874844754677 off 0.4430225305552073 __DUMMY__ 0.07328998496932514	false	1.0
scheiss	off 1.0	off 1.0	off 0.7098291258188536 neg 0.25525153458062566 __DUMMY__ 0.03491933960052081	false	1.0
herausforderung	neg 1.0		neg 0.4843072251945164 off 0.4423423756977894 __DUMMY__ 0.07335039910769421	false	1.0
pervers	off 1.0		neg 0.4709181035404298 off 0.4572830778443294 __DUMMY__ 0.07179881861524073	false	0.5
wackelig	neg 1.0		neg 0.48373158260609983 off 0.44282648234396793 __DUMMY__ 0.07344193504993222	false	1.0
verwickeln	neg 1.0		neg 0.48407447700139306 off 0.44339975159645684 __DUMMY__ 0.07252577140215022	false	1.0
vorwand	neg 1.0		neg 0.49100767885161606 off 0.436215825902204 __DUMMY__ 0.07277649524617999	false	1.0
muschi	off 1.0		neg 0.48576034128716056 off 0.4417991175537794 __DUMMY__ 0.07244054115906012	false	0.5
entmutigung	neg 1.0		neg 0.4866947161745701 off 0.44155964512076584 __DUMMY__ 0.07174563870466397	false	1.0
unangemessen	neg 1.0		neg 0.48927097576434714 off 0.43829842858047363 __DUMMY__ 0.0724305956551791	false	1.0
unstetig	neg 1.0		neg 0.48127420323646747 off 0.446237263182398 __DUMMY__ 0.0724885335811347	false	1.0
entmutigen	neg 1.0		neg 0.48261774169363814 off 0.4444800328656169 __DUMMY__ 0.07290222544074502	false	1.0
schwanz	neg 1.0		neg 0.4868832385535783 off 0.4404065703818799 __DUMMY__ 0.07271019106454177	false	1.0
verbot	neg 1.0		neg 0.4893556928845429 off 0.4384256871893859 __DUMMY__ 0.07221861992607127	false	1.0
leid	neg 1.0		neg 0.47537578762683513 off 0.4523796505404452 __DUMMY__ 0.07224456183271964	false	1.0
archaisch	neg 1.0		neg 0.48769748665117274 off 0.43972045776857366 __DUMMY__ 0.07258205558025353	false	1.0
gegen			neg 0.49172258033562405 off 0.4357066130894644 __DUMMY__ 0.0725708065749116	false	0.0
scheidung	neg 1.0	neg 1.0	neg 0.7157713717032635 off 0.24959579601958082 __DUMMY__ 0.03463283227715562	false	1.0
einschlag	neg 1.0		neg 0.4774679616061009 off 0.4505208973135881 __DUMMY__ 0.07201114108031104	false	1.0
m			neg 0.48459046136148437 off 0.4423796239529995 __DUMMY__ 0.07302991468551616	false	0.0
abgestanden	neg 1.0		neg 0.48256842575781106 off 0.444365183160291 __DUMMY__ 0.07306639108189791	false	1.0
schmierig	off 1.0		neg 0.4756130807143493 off 0.45195049619084093 __DUMMY__ 0.0724364230948097	false	0.5
unpraktisch	neg 1.0		neg 0.4816561244398551 off 0.44529652097386463 __DUMMY__ 0.07304735458628024	false	1.0
wixxer	off 1.0		neg 0.4712699697881489 off 0.4570474733628967 __DUMMY__ 0.0716825568489544	false	0.5
bezeichnet			neg 0.4871030050819328 off 0.4404130282279821 __DUMMY__ 0.07248396669008499	false	0.0
jammerlappen	off 1.0		neg 0.4807319316398274 off 0.44671997250919976 __DUMMY__ 0.0725480958509728	false	0.5
farce	neg 1.0		neg 0.4901264200191939 off 0.43790797395369446 __DUMMY__ 0.07196560602711172	false	1.0
zwecklos	neg 1.0		neg 0.4887934318250999 off 0.4386187499126982 __DUMMY__ 0.07258781826220179	false	1.0
turbulent	neg 1.0		neg 0.47776059626693185 off 0.4500489665342646 __DUMMY__ 0.07219043719880368	false	1.0
invasion	neg 1.0		neg 0.4806772967049619 off 0.4465295276865403 __DUMMY__ 0.07279317560849785	false	1.0
schuld	neg 1.0		neg 0.4846930135314835 off 0.44269244345363706 __DUMMY__ 0.07261454301487953	false	1.0
risiko	neg 1.0		neg 0.47931072120828805 off 0.44771231023744434 __DUMMY__ 0.07297696855426766	false	1.0
finster	neg 1.0		neg 0.4826034420550625 off 0.4443523985424547 __DUMMY__ 0.0730441594024827	false	1.0
geisteskrank	off 1.0		neg 0.48121821168402046 off 0.44668572690515956 __DUMMY__ 0.07209606141081992	false	0.5
zusammenbrechen	neg 1.0		neg 0.48516091700608993 off 0.44183302809812586 __DUMMY__ 0.07300605489578413	false	1.0
ausbeute	neg 1.0		neg 0.4854508874654406 off 0.44138837630691485 __DUMMY__ 0.07316073622764452	false	1.0
hinterhalt	neg 1.0		neg 0.48313271949036257 off 0.4441379705392054 __DUMMY__ 0.07272930997043206	false	1.0
kritik	neg 1.0		neg 0.4891491420018609 off 0.4387084388213196 __DUMMY__ 0.0721424191768195	false	1.0
einschrumpfen	neg 1.0		neg 0.4831154490154801 off 0.44475018302067376 __DUMMY__ 0.07213436796384619	false	1.0
riskant	neg 1.0		neg 0.48848876815641307 off 0.4386146332091112 __DUMMY__ 0.07289659863447587	false	1.0
frustrieren	neg 1.0		neg 0.4887633495379882 off 0.43838908442960284 __DUMMY__ 0.07284756603240887	false	1.0
groll	neg 1.0		neg 0.48801447270021975 off 0.43931344174915465 __DUMMY__ 0.07267208555062554	false	1.0
gibt			neg 0.486584006062294 off 0.44057660238220997 __DUMMY__ 0.07283939155549603	false	0.0
qualvoll	neg 1.0		neg 0.4811684559961183 off 0.44594129290475 __DUMMY__ 0.07289025109913166	false	1.0
wackeln	neg 1.0		neg 0.4818391593656933 off 0.4450183120419946 __DUMMY__ 0.07314252859231209	false	1.0
klagen	neg 1.0		neg 0.49167680683552933 off 0.435647687494685 __DUMMY__ 0.07267550566978571	false	1.0
bankrott	neg 1.0		neg 0.47933562619949716 off 0.44797250863527865 __DUMMY__ 0.07269186516522413	false	1.0
trauern	neg 1.0		neg 0.4880440018470496 off 0.4390503887141359 __DUMMY__ 0.07290560943881447	false	1.0
ablehnung	neg 1.0	neg 1.0	neg 0.7310457323157217 off 0.23421092976234342 __DUMMY__ 0.034743337921934785	false	1.0
stur	neg 1.0		neg 0.4840839759858718 off 0.4432747072868921 __DUMMY__ 0.07264131672723605	false	1.0
aufruhr	neg 1.0		neg 0.48627362751224 off 0.44144385301495814 __DUMMY__ 0.07228251947280179	false	1.0
melancholie	neg 1.0		neg 0.4843229876860833 off 0.4423796093352882 __DUMMY__ 0.07329740297862865	false	1.0
ist			neg 0.48363934736309744 off 0.4436937627918905 __DUMMY__ 0.07266688984501217	false	0.0
torheit	neg 1.0		neg 0.48706314253430183 off 0.4408988538482954 __DUMMY__ 0.07203800361740283	false	1.0
dreckskind	off 1.0		neg 0.4772872323394167 off 0.45101442817441145 __DUMMY__ 0.07169833948617188	false	0.5
umtauschen	neg 1.0		neg 0.4833919872434242 off 0.4435483739381538 __DUMMY__ 0.07305963881842206	false	1.0
zum			neg 0.4888779558530294 off 0.4374821219888611 __DUMMY__ 0.07363992215810944	false	0.0
zersetzen	neg 1.0		neg 0.4898843560953852 off 0.43729644024932124 __DUMMY__ 0.07281920365529355	false	1.0
zur			neg 0.4927731959269234 off 0.4342384589633894 __DUMMY__ 0.07298834510968714	false	0.0
frust	neg 1.0		neg 0.48606109085373467 off 0.44103217943391665 __DUMMY__ 0.07290672971234868	false	1.0
unerbittlichkeit	neg 1.0		neg 0.4890139572424545 off 0.4382041490555323 __DUMMY__ 0.07278189370201316	false	1.0
zwei			neg 0.48789535740744033 off 0.43865094454863157 __DUMMY__ 0.07345369804392801	false	0.0
unkorrekt	neg 1.0		neg 0.4815725583580434 off 0.4464767403534164 __DUMMY__ 0.07195070128854014	false	1.0
hexe	off 1.0		neg 0.479286636424247 off 0.44811062914189076 __DUMMY__ 0.07260273443386214	false	0.5
lasch	neg 1.0		neg 0.48307350074220323 off 0.444546079830786 __DUMMY__ 0.0723804194270108	false	1.0
rivale	neg 1.0		neg 0.477330593552007 off 0.4505420557563145 __DUMMY__ 0.07212735069167846	false	1.0
mutlos	off 1.0	off 1.0	off 0.7038485491025988 neg 0.2612261368261059 __DUMMY__ 0.03492531407129532	false	1.0
wirr	off 1.0		neg 0.4789670575758824 off 0.4489790768183457 __DUMMY__ 0.07205386560577191	false	0.5
jahr			neg 0.48617629576029076 off 0.4405469054557826 __DUMMY__ 0.07327679878392658	false	0.0
wird			neg 0.48783139490387994 off 0.43928497760721 __DUMMY__ 0.07288362748891006	false	0.0
strafbar	neg 1.0		neg 0.4907874365515851 off 0.43678746352762593 __DUMMY__ 0.07242509992078909	false	1.0
erosion	neg 1.0		neg 0.4817933423594304 off 0.44527859516489104 __DUMMY__ 0.07292806247567854	false	1.0
eingehen	neg 1.0		neg 0.4885328583979714 off 0.43876760437487583 __DUMMY__ 0.07269953722715279	false	1.0
faul	off 1.0		neg 0.47912112158282866 off 0.44800439351579285 __DUMMY__ 0.0728744849013786	false	0.5
provisorium	neg 1.0		neg 0.49286726708669854 off 0.43350342008403797 __DUMMY__ 0.07362931282926348	false	1.0
schmerzen	neg 1.0		neg 0.48436381335802614 off 0.44259434660421093 __DUMMY__ 0.07304184003776279	false	1.0
schrumpfen	neg 1.0		neg 0.4919387285637215 off 0.4348719283175076 __DUMMY__ 0.07318934311877084	false	1.0
geistlos	off 1.0		neg 0.4856795621377571 off 0.4423571253363047 __DUMMY__ 0.07196331252593818	false	0.5
fehlkauf	neg 1.0		neg 0.48279360276833977 off 0.44475137288163363 __DUMMY__ 0.07245502435002661	false	1.0
frustrierend	neg 1.0		neg 0.48124519645873093 off 0.44607575755363216 __DUMMY__ 0.07267904598763682	false	1.0
unzufrieden	neg 1.0		neg 0.48784069603954133 off 0.43941254447568145 __DUMMY__ 0.07274675948477732	false	1.0
verzweifeln	neg 1.0		neg 0.4848286025602711 off 0.44226431801723187 __DUMMY__ 0.07290707942249698	false	1.0
verzweifelt	neg 1.0		neg 0.4840261092092222 off 0.44330289318720834 __DUMMY__ 0.07267099760356932	false	1.0
misstrauensantrag	neg 1.0		neg 0.4841066354461918 off 0.44365796787182177 __DUMMY__ 0.07223539668198638	false	1.0
abfallen	neg 1.0		neg 0.4807270904707231 off 0.44598172653563184 __DUMMY__ 0.0732911829936451	false	1.0
fucker	off 1.0		neg 0.4785043765893796 off 0.4492927533681126 __DUMMY__ 0.07220287004250785	false	0.5
ungezogen	neg 1.0		neg 0.4721291352234652 off 0.4557727261633425 __DUMMY__ 0.07209813861319214	false	1.0
irrsinnig	neg 1.0	neg 1.0	neg 0.7290986415168298 off 0.2359946383187058 __DUMMY__ 0.03490672016446443	false	1.0
unfassbar	neg 1.0		neg 0.4799587320643976 off 0.44747501527135064 __DUMMY__ 0.07256625266425175	false	1.0
hart	neg 1.0		neg 0.48060836369173027 off 0.44704183382565205 __DUMMY__ 0.07234980248261763	false	1.0
widerlich	off 1.0		neg 0.48044526316397496 off 0.447249242064881 __DUMMY__ 0.07230549477114409	false	0.5
fatal	neg 1.0		neg 0.48254769844184514 off 0.44492427054344813 __DUMMY__ 0.07252803101470665	false	1.0
bruch	neg 1.0		neg 0.49290534469591957 off 0.4345439874434556 __DUMMY__ 0.0725506678606247	false	1.0
aushungern	neg 1.0		neg 0.4870484409804384 off 0.4407124634138967 __DUMMY__ 0.07223909560566485	false	1.0
anspannung	neg 1.0		neg 0.4889560126061477 off 0.4376291906258488 __DUMMY__ 0.07341479676800355	false	1.0
von			neg 0.4882573416780479 off 0.4386144789213916 __DUMMY__ 0.0731281794005606	false	0.0
kraftlos	neg 1.0		neg 0.4845533678735705 off 0.4420800179348573 __DUMMY__ 0.07336661419157223	false	1.0
vom			neg 0.49186551851804966 off 0.43454858872785945 __DUMMY__ 0.07358589275409098	false	0.0
grenzdebil	off 1.0		neg 0.4786170339874672 off 0.448802527636311 __DUMMY__ 0.07258043837622179	false	0.5
vor			neg 0.489235269214321 off 0.4375858006735742 __DUMMY__ 0.0731789301121049	false	0.0
unterwerfen	neg 1.0		neg 0.48867542442160095 off 0.43859641770333435 __DUMMY__ 0.0727281578750646	false	1.0
versenkung	neg 1.0		neg 0.4889152083121197 off 0.4382710068375935 __DUMMY__ 0.07281378485028678	false	1.0
entziehen	neg 1.0		neg 0.49135659346406146 off 0.4358129528821519 __DUMMY__ 0.07283045365378664	false	1.0
finanzkrise	neg 1.0		neg 0.4874765573184102 off 0.44030598148510397 __DUMMY__ 0.07221746119648585	false	1.0
schimpfend	neg 1.0		neg 0.47913894449508904 off 0.44747429190791044 __DUMMY__ 0.07338676359700042	false	1.0
profan	neg 1.0		neg 0.48263250288528947 off 0.4446676564895958 __DUMMY__ 0.07269984062511468	false	1.0
korruption	neg 1.0		neg 0.48972655903308016 off 0.4380412567911005 __DUMMY__ 0.07223218417581936	false	1.0
â			neg 0.4859209902102603 off 0.44109558561293744 __DUMMY__ 0.0729834241768022	false	0.0
schmutzig	neg 1.0		neg 0.4774311508826995 off 0.44968043485135833 __DUMMY__ 0.07288841426594217	false	1.0
sexy	neg 1.0		neg 0.48043202855908196 off 0.44694615343316535 __DUMMY__ 0.0726218180077528	false	1.0
abraten	neg 1.0		neg 0.4830025987804925 off 0.4441759595698 __DUMMY__ 0.07282144164970751	false	1.0
schwarz	neg 1.0		neg 0.48336777678146814 off 0.4440659217357059 __DUMMY__ 0.07256630148282593	false	1.0
fotze	off 1.0		neg 0.48728105045672077 off 0.44017019186739137 __DUMMY__ 0.07254875767588796	false	0.5
verwirren	neg 1.0		neg 0.48206178360665997 off 0.44529712093534146 __DUMMY__ 0.07264109545799875	false	1.0
zahnlos	off 1.0		neg 0.4888918613052177 off 0.438600141111247 __DUMMY__ 0.07250799758353527	false	0.5
verheeren	neg 1.0		neg 0.4714166929830935 off 0.4568346591902059 __DUMMY__ 0.07174864782670064	false	1.0
hippie	neg 1.0		neg 0.4809460781141809 off 0.44647600411597554 __DUMMY__ 0.07257791776984349	false	1.0
rammen	neg 1.0		neg 0.4818163251784717 off 0.4455455054812628 __DUMMY__ 0.07263816934026544	false	1.0
unlauter	neg 1.0	neg 1.0	neg 0.7287770285737354 off 0.23647967940985698 __DUMMY__ 0.034743292016407606	false	1.0
unheilvoll	neg 1.0		neg 0.48183476824232646 off 0.4453210633411076 __DUMMY__ 0.07284416841656587	false	1.0
niedrig	neg 1.0		neg 0.48829583500918045 off 0.43906681510125867 __DUMMY__ 0.07263734988956098	false	1.0
explosion	neg 1.0		neg 0.4807318980674859 off 0.44654749050618797 __DUMMY__ 0.0727206114263262	false	1.0
weichei	off 1.0		neg 0.47521090394192067 off 0.45265712299482824 __DUMMY__ 0.07213197306325103	false	0.5
minusmensch	off 1.0		neg 0.47425093682103264 off 0.4544084982532737 __DUMMY__ 0.07134056492569359	false	0.5
farblos	neg 1.0		neg 0.4831884256759445 off 0.4440912887274993 __DUMMY__ 0.0727202855965563	false	1.0
unwissend	neg 1.0		neg 0.4809950169862315 off 0.44661610575503147 __DUMMY__ 0.07238887725873698	false	1.0
traurig	neg 1.0		neg 0.47664125971527094 off 0.45079205299387043 __DUMMY__ 0.07256668729085866	false	1.0
senkung	neg 1.0		neg 0.4818681610131153 off 0.4456132402398067 __DUMMY__ 0.07251859874707792	false	1.0
ungleich	neg 1.0	neg 1.0	neg 0.7315456695840443 off 0.23351205419462664 __DUMMY__ 0.03494227622132915	false	1.0
heikel	neg 1.0		neg 0.49004535955227596 off 0.4371384303113603 __DUMMY__ 0.07281621013636376	false	1.0
drosselung	neg 1.0		neg 0.47636619113390627 off 0.451105629733011 __DUMMY__ 0.07252817913308277	false	1.0
falsch	neg 1.0		neg 0.4813272182275168 off 0.44611217419547733 __DUMMY__ 0.07256060757700585	false	1.0
unzufriedenheit	neg 1.0		neg 0.49009445733477625 off 0.4370786921519251 __DUMMY__ 0.07282685051329867	false	1.0
kurz	neg 1.0		neg 0.4841645478109823 off 0.4426228603284504 __DUMMY__ 0.07321259186056744	false	1.0
unsinnig	neg 1.0		neg 0.48791975289634426 off 0.4394439769557831 __DUMMY__ 0.07263627014787258	false	1.0
penner	off 1.0	off 1.0	off 0.7127484597296502 neg 0.2525497560700476 __DUMMY__ 0.03470178420030212	false	1.0
seicht	neg 1.0		neg 0.47441288558507166 off 0.4538255575373251 __DUMMY__ 0.07176155687760333	false	1.0
dummheit	off 1.0	off 1.0	off 0.706929877408017 neg 0.25823469285198647 __DUMMY__ 0.03483542973999649	false	1.0
unerfreulich	neg 1.0		neg 0.48976295046800583 off 0.43725644610649705 __DUMMY__ 0.07298060342549698	false	1.0
motherfucker	off 1.0	off 1.0	off 0.7099292663346336 neg 0.25532989491131425 __DUMMY__ 0.03474083875405211	false	1.0
pikiert	neg 1.0		neg 0.48136165265472325 off 0.44624003279317664 __DUMMY__ 0.07239831455210013	false	1.0
wrack	neg 1.0		neg 0.486657412962075 off 0.440532876203665 __DUMMY__ 0.07280971083425995	false	1.0
gangster	neg 1.0		neg 0.481708963227708 off 0.4456844633796059 __DUMMY__ 0.07260657339268606	false	1.0
krank	neg 1.0		neg 0.4775786020139912 off 0.44964394442590583 __DUMMY__ 0.07277745356010301	false	1.0
reich	neg 1.0		neg 0.4831176171442518 off 0.44511362855346526 __DUMMY__ 0.07176875430228297	false	1.0
gnadenlos	neg 1.0		neg 0.4844673985793397 off 0.44289948323706885 __DUMMY__ 0.0726331181835913	false	1.0
niedergeschlagen	neg 1.0		neg 0.48516125757188816 off 0.44185933163476804 __DUMMY__ 0.07297941079334362	false	1.0
terrorisieren	off 1.0	off 1.0	off 0.704260812187512 neg 0.26066058659543306 __DUMMY__ 0.035078601217054986	false	1.0
sinnlosigkeit	neg 1.0		neg 0.48808945164993356 off 0.4392852850759 __DUMMY__ 0.07262526327416642	false	1.0
behindern	neg 1.0		neg 0.483604304342995 off 0.44343121910905703 __DUMMY__ 0.07296447654794813	false	1.0
undemokratisch	neg 1.0		neg 0.48643001621340337 off 0.4414763508144521 __DUMMY__ 0.07209363297214444	false	1.0
wirtschaftskrise	neg 1.0		neg 0.48839041929167626 off 0.4391457981126462 __DUMMY__ 0.07246378259567754	false	1.0
neid	neg 1.0		neg 0.4795075129774412 off 0.4475457141054483 __DUMMY__ 0.07294677291711052	false	1.0
rutschen	neg 1.0		neg 0.4872307843774039 off 0.4389032917623435 __DUMMY__ 0.07386592386025252	false	1.0
rezession	neg 1.0		neg 0.47786209936187085 off 0.450251091265861 __DUMMY__ 0.07188680937226818	false	1.0
fehlgeburt	neg 1.0		neg 0.4832215701061793 off 0.44397460994251053 __DUMMY__ 0.07280381995131009	false	1.0
charakterschwach	off 1.0		neg 0.48062535507285675 off 0.4470659776787111 __DUMMY__ 0.07230866724843217	false	0.5
isolation	neg 1.0		neg 0.47989737843938474 off 0.4475833764586905 __DUMMY__ 0.07251924510192478	false	1.0
ablenkung	neg 1.0		neg 0.48361106781754964 off 0.44346833904713 __DUMMY__ 0.07292059313532029	false	1.0
pech	neg 1.0		neg 0.48126975586224274 off 0.44601773677947626 __DUMMY__ 0.07271250735828091	false	1.0
vermeidung	neg 1.0		neg 0.4767477767732691 off 0.45054700824975585 __DUMMY__ 0.0727052149769751	false	1.0
dominieren	neg 1.0		neg 0.48745025583177876 off 0.4400224227718815 __DUMMY__ 0.07252732139633972	false	1.0
schwindlig	neg 1.0		neg 0.4802612264615707 off 0.4467619196468885 __DUMMY__ 0.07297685389154084	false	1.0
lutscher	neg 1.0		neg 0.47330640481748454 off 0.4549192901858372 __DUMMY__ 0.07177430499667826	false	1.0
pflicht	neg 1.0		neg 0.4903605385097681 off 0.43684529663586874 __DUMMY__ 0.07279416485436331	false	1.0
faschist	off 1.0		neg 0.4850143127741915 off 0.44286270839798964 __DUMMY__ 0.07212297882781879	false	0.5
verschleudern	neg 1.0		neg 0.4894829811864656 off 0.43809970940504767 __DUMMY__ 0.07241730940848665	false	1.0
wenn			neg 0.4812763361756983 off 0.44614481210797835 __DUMMY__ 0.07257885171632329	false	0.0
ehebruch	neg 1.0		neg 0.48885163045950736 off 0.43853928602064135 __DUMMY__ 0.07260908351985117	false	1.0
spott	off 1.0		neg 0.48936655884642116 off 0.4379810615573135 __DUMMY__ 0.0726523795962653	false	0.5
trostlosigkeit	neg 1.0		neg 0.49191530160778785 off 0.4356416652962006 __DUMMY__ 0.07244303309601159	false	1.0
lutschen	neg 1.0		neg 0.48204464998481517 off 0.44573837157259627 __DUMMY__ 0.07221697844258844	false	1.0
undiszipliniert	neg 1.0		neg 0.477996715066555 off 0.44955159404550765 __DUMMY__ 0.07245169088793746	false	1.0
kopfschmerz	neg 1.0		neg 0.4840748050623557 off 0.4429802137230171 __DUMMY__ 0.07294498121462727	false	1.0
unvorhergesehen	neg 1.0		neg 0.4838174306270091 off 0.4428781269649788 __DUMMY__ 0.07330444240801208	false	1.0
desinteressiert	neg 1.0		neg 0.47904011875241453 off 0.44862997913620833 __DUMMY__ 0.07232990211137724	false	1.0
armselig	off 1.0		neg 0.4786994559483503 off 0.4491131289289879 __DUMMY__ 0.07218741512266175	false	0.5
desaster	neg 1.0		neg 0.49371795382978706 off 0.43378725679718777 __DUMMY__ 0.0724947893730251	false	1.0
tod	neg 1.0		neg 0.4891582044107386 off 0.43829291628729783 __DUMMY__ 0.07254887930196363	false	1.0
herzlos	neg 1.0		neg 0.4760916007818364 off 0.451393327499725 __DUMMY__ 0.07251507171843871	false	1.0
unwissenheit	neg 1.0		neg 0.48825192656356636 off 0.4391625390510675 __DUMMY__ 0.0725855343853661	false	1.0
widersinnig	neg 1.0		neg 0.4898654076858013 off 0.4380740877009461 __DUMMY__ 0.07206050461325259	false	1.0
bedenklich	neg 1.0		neg 0.48916684204070576 off 0.43807419337450487 __DUMMY__ 0.07275896458478938	false	1.0
beanstanden	neg 1.0		neg 0.4909539602413985 off 0.436274717663533 __DUMMY__ 0.07277132209506848	false	1.0
panisch	neg 1.0	neg 1.0	neg 0.7260990712633012 off 0.2386035743633163 __DUMMY__ 0.03529735437338254	false	1.0
debil	off 1.0		neg 0.49204002090423354 off 0.4348684090889572 __DUMMY__ 0.07309157000680928	false	0.5
abstrich	neg 1.0		neg 0.48118197648988437 off 0.44557812784499573 __DUMMY__ 0.07323989566511992	false	1.0
primitiv	neg 1.0		neg 0.4800739777658292 off 0.44766913710110584 __DUMMY__ 0.07225688513306501	false	1.0
abschaum	off 1.0	off 1.0	off 0.7081132422728993 neg 0.257126016082924 __DUMMY__ 0.03476074164417677	false	1.0
provozieren	neg 1.0		neg 0.485841354422798 off 0.4416646284190325 __DUMMY__ 0.07249401715816954	false	1.0
tot	neg 1.0		neg 0.48599107836294625 off 0.4413689187537729 __DUMMY__ 0.07264000288328078	false	1.0
instabil	neg 1.0		neg 0.4791739924978653 off 0.4489780516135091 __DUMMY__ 0.07184795588862548	false	1.0
schwuchtel	off 1.0		neg 0.47004055334348993 off 0.4586915262039006 __DUMMY__ 0.07126792045260953	false	0.5
zerren	neg 1.0		neg 0.48566382497310995 off 0.4414005327851774 __DUMMY__ 0.07293564224171263	false	1.0
kinderficker	off 1.0		neg 0.4773970815501821 off 0.4506646686802497 __DUMMY__ 0.07193824976956814	false	0.5
gefahr	neg 1.0		neg 0.4895819032838301 off 0.43785875271481856 __DUMMY__ 0.07255934400135139	false	1.0
rabiat	neg 1.0		neg 0.4850483546586705 off 0.442249989909688 __DUMMY__ 0.07270165543164145	false	1.0
verlangsamung	neg 1.0		neg 0.47420624693506674 off 0.4539562878601302 __DUMMY__ 0.0718374652048031	false	1.0
ausgestorben	neg 1.0		neg 0.48605846458999735 off 0.44109543972553744 __DUMMY__ 0.07284609568446523	false	1.0
anklagen	neg 1.0		neg 0.486227672659469 off 0.4412462780370639 __DUMMY__ 0.07252604930346704	false	1.0
trott	neg 1.0		neg 0.48392456486562146 off 0.44319841847334396 __DUMMY__ 0.0728770166610346	false	1.0
verminderung	neg 1.0		neg 0.4778233054783385 off 0.44981805473263675 __DUMMY__ 0.07235863978902475	false	1.0
nach			neg 0.4886836795774406 off 0.4376706925050073 __DUMMY__ 0.07364562791755212	false	0.0
rost	neg 1.0		neg 0.47310606712522657 off 0.45491782008644355 __DUMMY__ 0.0719761127883298	false	1.0
destruktiv	neg 1.0		neg 0.4874897707250132 off 0.4400741317600189 __DUMMY__ 0.07243609751496782	false	1.0
unzumutbarkeit	neg 1.0		neg 0.4775884595202547 off 0.44985944874630757 __DUMMY__ 0.07255209173343777	false	1.0
labil	off 1.0	off 1.0	off 0.7088197164001921 neg 0.2564055059999882 __DUMMY__ 0.03477477759981968	false	1.0
ziemlich	neg 1.0		neg 0.47937274169888244 off 0.4480734419215542 __DUMMY__ 0.07255381637956325	false	1.0
lachnummer	off 1.0		neg 0.4876395741455512 off 0.4399402604588623 __DUMMY__ 0.07242016539558659	false	0.5
oder			neg 0.4837595837143402 off 0.44327729863342874 __DUMMY__ 0.07296311765223107	false	0.0
verfall	neg 1.0		neg 0.49313296695104614 off 0.43388544161610937 __DUMMY__ 0.07298159143284458	false	1.0
ausgrenzung	neg 1.0		neg 0.4852109811149179 off 0.44263579873149556 __DUMMY__ 0.0721532201535866	false	1.0
unordnung	neg 1.0		neg 0.47810919934769547 off 0.44999843663424033 __DUMMY__ 0.07189236401806416	false	1.0
fehlverhalten	neg 1.0		neg 0.4902734887400151 off 0.4371546892681441 __DUMMY__ 0.07257182199184077	false	1.0
eine			neg 0.4890798949873562 off 0.4377881586742019 __DUMMY__ 0.07313194633844186	false	0.0
nille	neg 1.0		neg 0.48663124334958663 off 0.44102669742857853 __DUMMY__ 0.0723420592218347	false	1.0
qual	neg 1.0		neg 0.4842732448958318 off 0.4428932475354724 __DUMMY__ 0.0728335075686958	false	1.0
verschwenden	neg 1.0		neg 0.4881580867764321 off 0.4389435327263903 __DUMMY__ 0.07289838049717752	false	1.0
riesig	neg 1.0		neg 0.48386493986305845 off 0.44312106147311925 __DUMMY__ 0.07301399866382244	false	1.0
verurteilen	neg 1.0		neg 0.4884455631800022 off 0.43904566255462096 __DUMMY__ 0.07250877426537677	false	1.0
klischee	neg 1.0	neg 1.0	neg 0.728188202445652 off 0.2370457314052014 __DUMMY__ 0.03476606614914658	false	1.0
diktatorisch	neg 1.0		neg 0.48725212786411665 off 0.4407889122068948 __DUMMY__ 0.07195895992898842	false	1.0
vorhersehbar	neg 1.0		neg 0.48453007770715434 off 0.4431188723003843 __DUMMY__ 0.07235104999246125	false	1.0
sowie			neg 0.4760018741972765 off 0.4521437756521906 __DUMMY__ 0.07185435015053283	false	0.0
stornieren	neg 1.0		neg 0.47992427299908746 off 0.4470847926998107 __DUMMY__ 0.07299093430110187	false	1.0
besteuerung	neg 1.0		neg 0.4837778682249984 off 0.4436648800943646 __DUMMY__ 0.07255725168063697	false	1.0
ungeschminkt	neg 1.0		neg 0.478640668951086 off 0.44885577864673176 __DUMMY__ 0.07250355240218234	false	1.0
kritisch	neg 1.0		neg 0.48973987896946114 off 0.4376667895853297 __DUMMY__ 0.07259333144520919	false	1.0
schlamperei	off 1.0		neg 0.4898309337802306 off 0.43772164222225657 __DUMMY__ 0.0724474239975128	false	0.5
sucht	neg 1.0	neg 1.0	neg 0.7254544933017805 off 0.2392606430326352 __DUMMY__ 0.03528486366558437	false	1.0
egoistisch	off 1.0		neg 0.47523059868233997 off 0.45259970951027206 __DUMMY__ 0.07216969180738797	false	0.5
ausbeuter	off 1.0		neg 0.49069393435250175 off 0.4367530575690596 __DUMMY__ 0.07255300807843874	false	0.5
arschgeburt	off 1.0		neg 0.47026303794437363 off 0.45847750789582126 __DUMMY__ 0.07125945415980518	false	0.5
schubs	neg 1.0	neg 1.0	neg 0.72888676782872 off 0.23583766593261662 __DUMMY__ 0.035275566238663465	false	1.0
unsolide	neg 1.0		neg 0.48668710513905716 off 0.4419163103715302 __DUMMY__ 0.07139658448941268	false	1.0
beschwerde	neg 1.0		neg 0.4888999428132347 off 0.43865200527296605 __DUMMY__ 0.07244805191379934	false	1.0
stocken	neg 1.0		neg 0.4871058253681193 off 0.44004267724799956 __DUMMY__ 0.07285149738388122	false	1.0
isolieren	neg 1.0		neg 0.4835583838991245 off 0.44337773464814834 __DUMMY__ 0.07306388145272706	false	1.0
unheilbar	neg 1.0		neg 0.4833237366824 off 0.4438512945776295 __DUMMY__ 0.07282496873997046	false	1.0
pisser	off 1.0		neg 0.47810750014706166 off 0.44985830627780304 __DUMMY__ 0.07203419357513532	false	0.5
löschen	neg 1.0		neg 0.48395639846070176 off 0.4434302980556406 __DUMMY__ 0.0726133034836577	false	1.0
durchfallen	neg 1.0		neg 0.4887897637436486 off 0.4384898046823063 __DUMMY__ 0.07272043157404527	false	1.0
wichser	off 1.0		neg 0.47168218130431927 off 0.45648332042829054 __DUMMY__ 0.07183449826739015	false	0.5
terror	neg 1.0		neg 0.48008151180924713 off 0.4471583752669682 __DUMMY__ 0.07276011292378468	false	1.0
krass	neg 1.0		neg 0.4765209356083354 off 0.45114021594214593 __DUMMY__ 0.0723388484495187	false	1.0
revolte	neg 1.0	neg 1.0	neg 0.7293157743387788 off 0.23616438400952963 __DUMMY__ 0.03451984165169151	false	1.0
besorgt	neg 1.0		neg 0.484181932573514 off 0.44261232081074575 __DUMMY__ 0.07320574661574017	false	1.0
nachlassen	neg 1.0		neg 0.4847058423541819 off 0.44215860843310223 __DUMMY__ 0.07313554921271574	false	1.0
alt	neg 1.0		neg 0.4870676100644942 off 0.4398154252902464 __DUMMY__ 0.07311696464525932	false	1.0
hundesohn	off 1.0		neg 0.4742386375346907 off 0.4542314321890596 __DUMMY__ 0.07152993027624976	false	0.5
als			neg 0.4864356827707635 off 0.440601508363787 __DUMMY__ 0.0729628088654494	false	0.0
abschreckung	neg 1.0		neg 0.49101787255572016 off 0.4362848879062161 __DUMMY__ 0.07269723953806358	false	1.0
unqualifiziert	neg 1.0		neg 0.4842467262503997 off 0.4434162109697833 __DUMMY__ 0.072337062779817	false	1.0
abgewichst	off 1.0		neg 0.4858789173976793 off 0.44144622935478744 __DUMMY__ 0.0726748532475333	false	0.5
schwer	neg 1.0		neg 0.4848059665061892 off 0.44232328320561975 __DUMMY__ 0.0728707502881911	false	1.0
bedeutungslosigkeit	neg 1.0		neg 0.490822091073211 off 0.4365707605493299 __DUMMY__ 0.07260714837745906	false	1.0
kapitulation	neg 1.0		neg 0.49061609156775116 off 0.43720613279494647 __DUMMY__ 0.07217777563730228	false	1.0
unscharf	neg 1.0		neg 0.48129867249662295 off 0.4460202967769116 __DUMMY__ 0.07268103072646553	false	1.0
schwinden	neg 1.0		neg 0.4878437851306199 off 0.4391400067189238 __DUMMY__ 0.07301620815045631	false	1.0
versklavung	neg 1.0		neg 0.48652839555415295 off 0.4413611704501114 __DUMMY__ 0.07211043399573566	false	1.0
schlecht	neg 1.0		neg 0.4787282842050703 off 0.44866831182574285 __DUMMY__ 0.0726034039691869	false	1.0
verhasst	neg 1.0		neg 0.4862285056548579 off 0.44135837560925545 __DUMMY__ 0.0724131187358867	false	1.0
beschweren	neg 1.0		neg 0.48294480406236967 off 0.4442942095976818 __DUMMY__ 0.07276098633994858	false	1.0
scheiden	neg 1.0		neg 0.48511184304401866 off 0.4421070525143357 __DUMMY__ 0.07278110444164575	false	1.0
frustriert	neg 1.0		neg 0.48620074867263247 off 0.4409805419510681 __DUMMY__ 0.07281870937629942	false	1.0
schimmelig	neg 1.0		neg 0.4878748362212002 off 0.43934853160031806 __DUMMY__ 0.07277663217848183	false	1.0
fisch	neg 1.0		neg 0.4871859564958817 off 0.4399847764797686 __DUMMY__ 0.0728292670243497	false	1.0
schmuggel	neg 1.0		neg 0.4873276188212033 off 0.4394640314187954 __DUMMY__ 0.07320834976000125	false	1.0
auffallen	neg 1.0		neg 0.48287491049479675 off 0.4444552555028296 __DUMMY__ 0.07266983400237374	false	1.0
konkurrenz	neg 1.0		neg 0.49012930438239694 off 0.4369292812352944 __DUMMY__ 0.07294141438230867	false	1.0
teufelskreis	neg 1.0		neg 0.4863522253427983 off 0.440927285112778 __DUMMY__ 0.07272048954442381	false	1.0
aufschreien	neg 1.0		neg 0.48409993107661337 off 0.4434541733317228 __DUMMY__ 0.07244589559166367	false	1.0
schuldner	neg 1.0		neg 0.4896539194738181 off 0.43776799062311766 __DUMMY__ 0.07257808990306429	false	1.0
missgeburt	off 1.0	off 1.0	off 0.7111659915240881 neg 0.25435104678274595 __DUMMY__ 0.03448296169316594	false	1.0
arbeitslos	neg 1.0		neg 0.48832800318627134 off 0.4390704194855684 __DUMMY__ 0.07260157732816024	false	1.0
befallen	neg 1.0		neg 0.4881685637946147 off 0.4393623795159722 __DUMMY__ 0.07246905668941303	false	1.0
miesepetrig	off 1.0		neg 0.47758022018247204 off 0.4495892855952647 __DUMMY__ 0.0728304942222633	false	0.5
alarmieren	neg 1.0		neg 0.4815559340103853 off 0.4462214403686125 __DUMMY__ 0.07222262562100229	false	1.0
ungeduscht	off 1.0		neg 0.4812583463311769 off 0.4460619660480403 __DUMMY__ 0.07267968762078283	false	0.5
knappheit	neg 1.0		neg 0.4876266853430817 off 0.439764122547651 __DUMMY__ 0.07260919210926729	false	1.0
schlange	neg 1.0		neg 0.4819129882852928 off 0.4451150126553357 __DUMMY__ 0.07297199905937152	false	1.0
harsch	neg 1.0		neg 0.4720376490833298 off 0.4554744151544756 __DUMMY__ 0.07248793576219467	false	1.0
lang	neg 1.0		neg 0.4830092212179063 off 0.44423251975171607 __DUMMY__ 0.07275825903037776	false	1.0
ziellos	neg 1.0		neg 0.48712017710342553 off 0.4399596327299827 __DUMMY__ 0.07292019016659175	false	1.0
selbstverliebt	neg 1.0		neg 0.4726985192436233 off 0.4558978379604996 __DUMMY__ 0.07140364279587696	false	1.0
beseitigen	neg 1.0		neg 0.4831217112650152 off 0.4440703695879008 __DUMMY__ 0.07280791914708391	false	1.0
dumm	off 1.0		neg 0.475048617181271 off 0.45290566147695005 __DUMMY__ 0.07204572134177892	false	0.5
arbeitsloser	neg 1.0		neg 0.48912618447391615 off 0.43824137485931386 __DUMMY__ 0.07263244066676987	false	1.0
blitzen	neg 1.0		neg 0.48101194261990493 off 0.4464109945711629 __DUMMY__ 0.07257706280893204	false	1.0
hilflos	neg 1.0		neg 0.4863629724426219 off 0.44077422994941673 __DUMMY__ 0.07286279760796144	false	1.0
eklig	off 1.0		neg 0.4746773036911454 off 0.45341311340278584 __DUMMY__ 0.07190958290606882	false	0.5
begriff			neg 0.48672174060742623 off 0.4405709996377981 __DUMMY__ 0.07270725975477549	false	0.0
hungersnot	neg 1.0		neg 0.4878423104071532 off 0.439996259426095 __DUMMY__ 0.07216143016675178	false	1.0
ungesetzlich	neg 1.0		neg 0.48622569192513343 off 0.44186856518407397 __DUMMY__ 0.0719057428907927	false	1.0
verschwendung	neg 1.0		neg 0.48916193994914603 off 0.4379302978490152 __DUMMY__ 0.07290776220183878	false	1.0
schmerzvoll	neg 1.0		neg 0.48280032325747596 off 0.44441604237531923 __DUMMY__ 0.07278363436720477	false	1.0
vorzeitig	neg 1.0		neg 0.4798735485693241 off 0.4476957284185838 __DUMMY__ 0.072430723012092	false	1.0
unvollkommenheit	neg 1.0		neg 0.4840110173015007 off 0.44321141418894194 __DUMMY__ 0.07277756850955738	false	1.0
intervenieren	neg 1.0		neg 0.49055749588100633 off 0.436955252946587 __DUMMY__ 0.07248725117240663	false	1.0
banause	off 1.0		neg 0.47307396139899893 off 0.4550608392277626 __DUMMY__ 0.0718651993732385	false	0.5
rebell	neg 1.0		neg 0.4889928832786248 off 0.43794396746379705 __DUMMY__ 0.07306314925757805	false	1.0
unlogisch	neg 1.0		neg 0.4786678170474479 off 0.44917507506954846 __DUMMY__ 0.07215710788300359	false	1.0
leiden	neg 1.0	neg 1.0	neg 0.7279268310470818 off 0.23634729022913684 __DUMMY__ 0.035725878723781336	false	1.0
abschaffung	neg 1.0		neg 0.4857932041507645 off 0.4419055152945216 __DUMMY__ 0.07230128055471391	false	1.0
sturz	neg 1.0		neg 0.4847490100892896 off 0.4429092127712014 __DUMMY__ 0.07234177713950911	false	1.0
verkleinerung	neg 1.0		neg 0.48431917668053465 off 0.4437562249991308 __DUMMY__ 0.07192459832033472	false	1.0
schmarotzer	off 1.0		neg 0.4894675211459445 off 0.438052943557576 __DUMMY__ 0.07247953529647948	false	0.5
bestrafung	neg 1.0		neg 0.48385605428555495 off 0.44349811102294595 __DUMMY__ 0.07264583469149902	false	1.0
achtlos	neg 1.0		neg 0.48431668222631596 off 0.44272761505019104 __DUMMY__ 0.07295570272349312	false	1.0
ungeheuer	neg 1.0		neg 0.48252000596036404 off 0.44484338736885826 __DUMMY__ 0.07263660667077762	false	1.0
unaufrichtig	neg 1.0		neg 0.48330173344513055 off 0.4444189446624462 __DUMMY__ 0.07227932189242324	false	1.0
groggy	neg 1.0		neg 0.48178290450722044 off 0.44572272721068196 __DUMMY__ 0.07249436828209761	false	1.0
verletzlich	neg 1.0		neg 0.4790783328077978 off 0.4484490376145989 __DUMMY__ 0.07247262957760331	false	1.0
