unsolidarisch	neg 1.0		neg 0.5030580050734917 off 0.45294937311387856 __DUMMY__ 0.04399262181262966	false	1.0
nachteilig	neg 1.0		neg 0.5028273656935879 off 0.45269673021896745 __DUMMY__ 0.04447590408744463	false	1.0
skeptisch	neg 1.0		neg 0.504758592636718 off 0.4506050599392139 __DUMMY__ 0.044636347424068225	false	1.0
schrecklich	neg 1.0		neg 0.4914857869942158 off 0.4642676629267431 __DUMMY__ 0.04424655007904118	false	1.0
schlapp	neg 1.0		neg 0.49362878608780686 off 0.4617923672638132 __DUMMY__ 0.04457884664838002	false	1.0
abfall	neg 1.0		neg 0.5058663370515384 off 0.4494084128605878 __DUMMY__ 0.0447252500878738	false	1.0
widerspenstig	neg 1.0		neg 0.49781326212299526 off 0.45745479752137685 __DUMMY__ 0.0447319403556279	false	1.0
abrupt	neg 1.0		neg 0.49828268811789844 off 0.45686547365788704 __DUMMY__ 0.04485183822421459	false	1.0
unwirksam	neg 1.0		neg 0.5024849224851616 off 0.45348003664433995 __DUMMY__ 0.0440350408704984	false	1.0
angreifen	neg 1.0		neg 0.50416285451923 off 0.4513201575672382 __DUMMY__ 0.04451698791353181	false	1.0
inkonsistent	neg 1.0		neg 0.4972414051853817 off 0.45835295454212654 __DUMMY__ 0.04440564027249161	false	1.0
abrutschen	neg 1.0		neg 0.5053213284171553 off 0.44990167086432303 __DUMMY__ 0.0447770007185216	false	1.0
unsicher	neg 1.0		neg 0.49917566510988726 off 0.45624936433070523 __DUMMY__ 0.04457497055940748	false	1.0
bauernkind	off 1.0		neg 0.4903399972195736 off 0.4657794960412496 __DUMMY__ 0.043880506739176706	false	0.5
angreifer	neg 1.0		neg 0.49779881595262404 off 0.45797235456401053 __DUMMY__ 0.04422882948336545	false	1.0
trennen	neg 1.0		neg 0.5018193672819234 off 0.45330472698392926 __DUMMY__ 0.04487590573414725	false	1.0
schmutz	neg 1.0		neg 0.4910634288664061 off 0.4642009250323181 __DUMMY__ 0.044735646101275825	false	1.0
inkonsistenz	neg 1.0	neg 1.0	neg 0.735126216535248 off 0.24361457833015113 __DUMMY__ 0.021259205134600955	false	1.0
erschreckend	neg 1.0		neg 0.5014383262778274 off 0.4540877288404426 __DUMMY__ 0.044473944881729975	false	1.0
ertrinken	neg 1.0		neg 0.5012467644580154 off 0.4539869663576389 __DUMMY__ 0.044766269184345786	false	1.0
pickelface	off 1.0		neg 0.4999725405798896 off 0.45572010910262556 __DUMMY__ 0.04430735031748494	false	0.5
seiner			neg 0.5037090532691795 off 0.45169432620464944 __DUMMY__ 0.04459662052617101	false	0.0
lauch	neg 1.0		neg 0.5043804994928303 off 0.4509308931209842 __DUMMY__ 0.04468860738618564	false	1.0
unwichtig	neg 1.0		neg 0.4954928736308619 off 0.46013959288557776 __DUMMY__ 0.04436753348356022	false	1.0
steuerhinterziehung	neg 1.0		neg 0.5031066387594665 off 0.4527324781294301 __DUMMY__ 0.04416088311110332	false	1.0
schock	neg 1.0		neg 0.49874960052313705 off 0.45642648559761495 __DUMMY__ 0.04482391387924803	false	1.0
beule	neg 1.0		neg 0.4927669390999131 off 0.46273924126725346 __DUMMY__ 0.044493819632833505	false	1.0
vergelten	neg 1.0		neg 0.4911346396262042 off 0.4648114463743858 __DUMMY__ 0.04405391399940992	false	1.0
verdorbenheit	neg 1.0		neg 0.49709405329251316 off 0.4583113076263033 __DUMMY__ 0.04459463908118349	false	1.0
trauma	neg 1.0		neg 0.4977649320948311 off 0.4577786351089296 __DUMMY__ 0.04445643279623931	false	1.0
sinnlos	neg 1.0		neg 0.4974560034133719 off 0.45807797420728524 __DUMMY__ 0.044466022379342676	false	1.0
fettsack	off 1.0	off 1.0	off 0.7176592490105499 neg 0.26120247696610094 __DUMMY__ 0.021138274023349227	false	1.0
feige	off 1.0		neg 0.49696849521343484 off 0.45878641522245356 __DUMMY__ 0.044245089564111544	false	0.5
abdanken	neg 1.0		neg 0.5043841802080797 off 0.45161476184151494 __DUMMY__ 0.04400105795040524	false	1.0
wichtigtuer	off 1.0	off 1.0	off 0.7128347700307448 neg 0.26588813265834127 __DUMMY__ 0.02127709731091399	false	1.0
misslingen	neg 1.0		neg 0.49446865702137655 off 0.46076637539239645 __DUMMY__ 0.044764967586227	false	1.0
untreu	off 1.0		neg 0.4946164587255914 off 0.46102123683504703 __DUMMY__ 0.04436230443936159	false	0.5
missmutig	neg 1.0		neg 0.49452836293151675 off 0.46091052889084755 __DUMMY__ 0.04456110817763566	false	1.0
hurenbock	off 1.0		neg 0.495452542261312 off 0.4598203550897838 __DUMMY__ 0.044727102648904206	false	0.5
betrunken	neg 1.0		neg 0.4921175404414176 off 0.46344259957854905 __DUMMY__ 0.04443985998003332	false	1.0
korrupt	off 1.0		neg 0.5046522001349368 off 0.45117282985908597 __DUMMY__ 0.04417497000597723	false	0.5
unmut	neg 1.0		neg 0.5060997668597468 off 0.4493016747971661 __DUMMY__ 0.044598558343087034	false	1.0
hackfresse	off 1.0		neg 0.4885008807854399 off 0.46738284684597586 __DUMMY__ 0.044116272368584106	false	0.5
aufblasen	neg 1.0		neg 0.4966687358217555 off 0.4586710197070149 __DUMMY__ 0.04466024447122956	false	1.0
gewaltsam	neg 1.0		neg 0.5000772148957585 off 0.45567732256217525 __DUMMY__ 0.044245462542066086	false	1.0
unbeliebtheit	neg 1.0		neg 0.4965496834358467 off 0.4595780982612898 __DUMMY__ 0.04387221830286357	false	1.0
sturheit	neg 1.0		neg 0.5018353956664068 off 0.4537768958289026 __DUMMY__ 0.04438770850469054	false	1.0
kuh	neg 1.0		neg 0.4984405596673394 off 0.45721135161366966 __DUMMY__ 0.04434808871899083	false	1.0
erschrecken	neg 1.0		neg 0.49554358130024256 off 0.4599591994372249 __DUMMY__ 0.044497219262532486	false	1.0
opfer	neg 1.0		neg 0.5031131023072366 off 0.4523241801638454 __DUMMY__ 0.044562717528917786	false	1.0
sinken	neg 1.0		neg 0.5051292663805146 off 0.45027003282676825 __DUMMY__ 0.04460070079271715	false	1.0
stinktier	neg 1.0		neg 0.49225720212053703 off 0.46366544946104166 __DUMMY__ 0.04407734841842125	false	1.0
tucke	off 1.0		neg 0.4868815887314217 off 0.46891609205378626 __DUMMY__ 0.044202319214792	false	0.5
ein			neg 0.49685272165514566 off 0.45840290311781484 __DUMMY__ 0.04474437522703963	false	0.0
abstieg	neg 1.0		neg 0.5025394786283651 off 0.4530945937078581 __DUMMY__ 0.044365927663776825	false	1.0
missverstehen	neg 1.0		neg 0.49923619059083124 off 0.4564865006703517 __DUMMY__ 0.04427730873881712	false	1.0
ergebnislos	neg 1.0		neg 0.5027193407229327 off 0.4528607138077916 __DUMMY__ 0.044419945469275954	false	1.0
unter			neg 0.5066142576100158 off 0.44826215621227633 __DUMMY__ 0.04512358617770792	false	0.0
manipulieren	neg 1.0		neg 0.5032089613690913 off 0.45216436233139645 __DUMMY__ 0.04462667629951229	false	1.0
unbewiesen	neg 1.0		neg 0.5034028715192758 off 0.45261804361025587 __DUMMY__ 0.04397908487046827	false	1.0
verschleppen	neg 1.0		neg 0.5023209487807256 off 0.45320935246433836 __DUMMY__ 0.04446969875493608	false	1.0
weib	off 1.0		neg 0.4874858111909301 off 0.4684705286035034 __DUMMY__ 0.04404366020556642	false	0.5
opposition	neg 1.0		neg 0.4998798238613625 off 0.45596076908044586 __DUMMY__ 0.04415940705819152	false	1.0
verkehrswidrig	neg 1.0		neg 0.4877924539185595 off 0.46779656353206944 __DUMMY__ 0.04441098254937104	false	1.0
inkorrekt	neg 1.0		neg 0.49717284675308143 off 0.45882975020544 __DUMMY__ 0.04399740304147874	false	1.0
vermeiden	neg 1.0		neg 0.5051396785848947 off 0.4499094286179864 __DUMMY__ 0.04495089279711877	false	1.0
abweichung	neg 1.0		neg 0.5047609385125592 off 0.45105765861559366 __DUMMY__ 0.04418140287184719	false	1.0
alkoholisiert	neg 1.0		neg 0.49857853192115964 off 0.4565891882905588 __DUMMY__ 0.044832279788281484	false	1.0
scheiss	off 1.0	off 1.0	off 0.7163064226172969 neg 0.2623563656227766 __DUMMY__ 0.02133721175992648	false	1.0
herausforderung	neg 1.0		neg 0.49921998659568856 off 0.45591015661424983 __DUMMY__ 0.044869856790061634	false	1.0
pervers	off 1.0		neg 0.4854599906629803 off 0.47062195273910806 __DUMMY__ 0.04391805659791168	false	0.5
wackelig	neg 1.0		neg 0.498654246730476 off 0.4564192960803533 __DUMMY__ 0.044926457189170675	false	1.0
verwickeln	neg 1.0		neg 0.4988151654501185 off 0.45682033072443223 __DUMMY__ 0.04436450382544936	false	1.0
vorwand	neg 1.0		neg 0.5058255805732501 off 0.44965610204888856 __DUMMY__ 0.0445183173778613	false	1.0
muschi	off 1.0		neg 0.5004894987945835 off 0.4551985243524727 __DUMMY__ 0.044311976852943885	false	0.5
entmutigung	neg 1.0		neg 0.501288388461683 off 0.4548262781302533 __DUMMY__ 0.04388533340806376	false	1.0
unangemessen	neg 1.0		neg 0.5040119307436366 off 0.45168198841851964 __DUMMY__ 0.04430608083784373	false	1.0
unstetig	neg 1.0		neg 0.4959947916239892 off 0.45966452521736195 __DUMMY__ 0.044340683158648926	false	1.0
entmutigen	neg 1.0		neg 0.49743037318034433 off 0.4579743256575396 __DUMMY__ 0.04459530116211598	false	1.0
schwanz	neg 1.0		neg 0.5016698075330838 off 0.453852975951249 __DUMMY__ 0.04447721651566727	false	1.0
verbot	neg 1.0		neg 0.504055896393209 off 0.45176840843245275 __DUMMY__ 0.04417569517433811	false	1.0
leid	neg 1.0		neg 0.4900240127304398 off 0.46578424787752554 __DUMMY__ 0.04419173939203461	false	1.0
archaisch	neg 1.0		neg 0.5024625510437818 off 0.4531385484099434 __DUMMY__ 0.044398900546274864	false	1.0
gegen			neg 0.5065029490359019 off 0.4491051678238348 __DUMMY__ 0.04439188314026342	false	0.0
scheidung	neg 1.0	neg 1.0	neg 0.722818123208364 off 0.2560201199952172 __DUMMY__ 0.02116175679641877	false	1.0
einschlag	neg 1.0		neg 0.4920777176227783 off 0.46387401931396144 __DUMMY__ 0.04404826306326026	false	1.0
m			neg 0.49943323125204875 off 0.4558927669810726 __DUMMY__ 0.0446740017668787	false	0.0
abgestanden	neg 1.0		neg 0.49740543677075066 off 0.4578991031619689 __DUMMY__ 0.04469546006728037	false	1.0
schmierig	off 1.0		neg 0.49030152522973586 off 0.4653889842256196 __DUMMY__ 0.044309490544644614	false	0.5
unpraktisch	neg 1.0		neg 0.4964900460568837 off 0.45882560189798455 __DUMMY__ 0.044684352045131756	false	1.0
wixxer	off 1.0		neg 0.4857890821031564 off 0.470364218694597 __DUMMY__ 0.0438466992022467	false	0.5
bezeichnet			neg 0.5018465573458368 off 0.453814591488405 __DUMMY__ 0.04433885116575833	false	0.0
jammerlappen	off 1.0		neg 0.49546365220023675 off 0.4601581113140852 __DUMMY__ 0.0443782364856781	false	0.5
farce	neg 1.0		neg 0.5047764948862085 off 0.4512030530390524 __DUMMY__ 0.04402045207473905	false	1.0
zwecklos	neg 1.0		neg 0.5035637424294938 off 0.45203361602488934 __DUMMY__ 0.044402641545617065	false	1.0
turbulent	neg 1.0		neg 0.4924088625021695 off 0.46343354352969557 __DUMMY__ 0.04415759396813499	false	1.0
invasion	neg 1.0		neg 0.4954589726292698 off 0.4600123875091922 __DUMMY__ 0.04452863986153792	false	1.0
schuld	neg 1.0		neg 0.4994538758463639 off 0.4561270447989316 __DUMMY__ 0.044419079354704544	false	1.0
risiko	neg 1.0		neg 0.49412917842397164 off 0.46123024944562335 __DUMMY__ 0.044640572130404926	false	1.0
finster	neg 1.0		neg 0.49743640234492514 off 0.4578814666195528 __DUMMY__ 0.04468213103552201	false	1.0
geisteskrank	off 1.0		neg 0.4958604440159291 off 0.4600387470145615 __DUMMY__ 0.044100808969509464	false	0.5
zusammenbrechen	neg 1.0		neg 0.5000033122937031 off 0.4553373926057539 __DUMMY__ 0.04465929510054295	false	1.0
ausbeute	neg 1.0		neg 0.500321751573373 off 0.4549248921069814 __DUMMY__ 0.044753356319645644	false	1.0
hinterhalt	neg 1.0		neg 0.4979105647240774 off 0.4576010329997855 __DUMMY__ 0.04448840227613711	false	1.0
kritik	neg 1.0		neg 0.5038328309315243 off 0.4520382138685194 __DUMMY__ 0.044128955199956445	false	1.0
einschrumpfen	neg 1.0		neg 0.4977711750197878 off 0.4581047733189661 __DUMMY__ 0.044124051661246076	false	1.0
riskant	neg 1.0		neg 0.5033212681403989 off 0.4520866026122542 __DUMMY__ 0.044592129247347005	false	1.0
frustrieren	neg 1.0		neg 0.5035866338944716 off 0.4518513532943116 __DUMMY__ 0.044562012811216814	false	1.0
groll	neg 1.0		neg 0.5028011640406019 off 0.45274465643608314 __DUMMY__ 0.044454179523314846	false	1.0
gibt			neg 0.5013977027395046 off 0.4540452555082543 __DUMMY__ 0.04455704175224113	false	0.0
qualvoll	neg 1.0		neg 0.49596951565960673 off 0.4594425777100804 __DUMMY__ 0.04458790663031299	false	1.0
wackeln	neg 1.0		neg 0.49669516591618945 off 0.4585620137620651 __DUMMY__ 0.04474282032174544	false	1.0
klagen	neg 1.0		neg 0.5064776958670618 off 0.4490661588555787 __DUMMY__ 0.0444561452773595	false	1.0
bankrott	neg 1.0		neg 0.4940886359754651 off 0.4614450557868219 __DUMMY__ 0.04446630823771306	false	1.0
trauern	neg 1.0		neg 0.5028779505735624 off 0.45252486588010615 __DUMMY__ 0.04459718354633137	false	1.0
ablehnung	neg 1.0	neg 1.0	neg 0.7381251693798857 off 0.24064523555489167 __DUMMY__ 0.021229595065222557	false	1.0
stur	neg 1.0		neg 0.49884805229093304 off 0.4567164810929298 __DUMMY__ 0.04443546661613718	false	1.0
aufruhr	neg 1.0		neg 0.5009735682696809 off 0.45481169284593637 __DUMMY__ 0.044214738884382675	false	1.0
melancholie	neg 1.0		neg 0.4992179040703886 off 0.4559445447111418 __DUMMY__ 0.044837551218469524	false	1.0
ist			neg 0.49840494203388686 off 0.45714387443000887 __DUMMY__ 0.04445118353610429	false	0.0
torheit	neg 1.0		neg 0.501716902666829 off 0.4542182570587634 __DUMMY__ 0.044064840274407574	false	1.0
dreckskind	off 1.0		neg 0.49183004453845824 off 0.4643135504266471 __DUMMY__ 0.04385640503489469	false	0.5
umtauschen	neg 1.0		neg 0.4982322980679366 off 0.45707595820107616 __DUMMY__ 0.044691743730987235	false	1.0
zum			neg 0.5038614348267854 off 0.45109081246753413 __DUMMY__ 0.045047752705680566	false	0.0
zersetzen	neg 1.0		neg 0.5047071289529041 off 0.45074837684123636 __DUMMY__ 0.044544494205859535	false	1.0
zur			neg 0.5076402010443508 off 0.4477117160352597 __DUMMY__ 0.04464808292038951	false	0.0
frust	neg 1.0		neg 0.5008866731144593 off 0.4545149847152467 __DUMMY__ 0.04459834217029397	false	1.0
unerbittlichkeit	neg 1.0		neg 0.5038273913706184 off 0.4516510801323611 __DUMMY__ 0.04452152849702046	false	1.0
zwei			neg 0.5028363371294253 off 0.4522300414784847 __DUMMY__ 0.04493362139208988	false	0.0
unkorrekt	neg 1.0		neg 0.4961856916735212 off 0.45980320822698545 __DUMMY__ 0.044011100099493425	false	1.0
hexe	off 1.0		neg 0.49401988162671423 off 0.46156905929864367 __DUMMY__ 0.04441105907464204	false	0.5
lasch	neg 1.0		neg 0.4977815434636643 off 0.4579432947069647 __DUMMY__ 0.04427516182937102	false	1.0
rivale	neg 1.0		neg 0.4919626454926055 off 0.4639178418217939 __DUMMY__ 0.044119512685600486	false	1.0
mutlos	off 1.0	off 1.0	off 0.7103164208489938 neg 0.26834258394191846 __DUMMY__ 0.021340995209087815	false	1.0
wirr	off 1.0		neg 0.4935903764019272 off 0.4623353847982793 __DUMMY__ 0.044074238799793476	false	0.5
jahr			neg 0.5010752896590449 off 0.4540999292525998 __DUMMY__ 0.044824781088355366	false	0.0
wird			neg 0.5026566952873732 off 0.4527591095120763 __DUMMY__ 0.04458419520055042	false	0.0
strafbar	neg 1.0		neg 0.5055337872145556 off 0.45016362421372175 __DUMMY__ 0.044302588571722756	false	1.0
erosion	neg 1.0		neg 0.4966057069683997 off 0.4587829335443253 __DUMMY__ 0.04461135948727512	false	1.0
eingehen	neg 1.0		neg 0.503325621811236 off 0.4522031698026212 __DUMMY__ 0.04447120838614277	false	1.0
faul	off 1.0		neg 0.49391006864608644 off 0.4615116691204075 __DUMMY__ 0.04457826223350613	false	0.5
provisorium	neg 1.0		neg 0.507862019851527 off 0.4470965822358531 __DUMMY__ 0.04504139791261976	false	1.0
schmerzen	neg 1.0		neg 0.4992034717176638 off 0.4561156878904783 __DUMMY__ 0.04468084039185798	false	1.0
schrumpfen	neg 1.0		neg 0.5068446369631655 off 0.44838401906036723 __DUMMY__ 0.04477134397646715	false	1.0
geistlos	off 1.0		neg 0.500313625289018 off 0.45566727016831543 __DUMMY__ 0.04401910454266655	false	0.5
fehlkauf	neg 1.0		neg 0.49751412354815366 off 0.4581648641989707 __DUMMY__ 0.044321012252875644	false	1.0
frustrierend	neg 1.0		neg 0.49600499442300533 off 0.45953645247552055 __DUMMY__ 0.04445855310147415	false	1.0
unzufrieden	neg 1.0		neg 0.5026404714185487 off 0.4528593439272924 __DUMMY__ 0.04450018465415885	false	1.0
verzweifeln	neg 1.0		neg 0.49964950110107154 off 0.455751921317324 __DUMMY__ 0.04459857758160449	false	1.0
verzweifelt	neg 1.0		neg 0.4987944842237532 off 0.45675178136252254 __DUMMY__ 0.044453734413724244	false	1.0
misstrauensantrag	neg 1.0		neg 0.4987826514630589 off 0.4570312325847665 __DUMMY__ 0.044186115952174566	false	1.0
abfallen	neg 1.0		neg 0.4956076965016006 off 0.45955828994971765 __DUMMY__ 0.044834013548681766	false	1.0
fucker	off 1.0		neg 0.493157603653462 off 0.4626758967617811 __DUMMY__ 0.04416649958475697	false	0.5
ungezogen	neg 1.0		neg 0.48673569392809335 off 0.4691625949480834 __DUMMY__ 0.04410171112382323	false	1.0
irrsinnig	neg 1.0	neg 1.0	neg 0.7362069177610173 off 0.24246337386022365 __DUMMY__ 0.02132970837875895	false	1.0
unfassbar	neg 1.0		neg 0.4946906335053102 off 0.4609200710354389 __DUMMY__ 0.04438929545925081	false	1.0
hart	neg 1.0		neg 0.49529707335121487 off 0.4604472752193553 __DUMMY__ 0.04425565142942978	false	1.0
widerlich	off 1.0		neg 0.4951262135707995 off 0.46064447545629406 __DUMMY__ 0.04422931097290641	false	0.5
fatal	neg 1.0		neg 0.49728194606765147 off 0.4583519973220765 __DUMMY__ 0.044366056610272146	false	1.0
bruch	neg 1.0		neg 0.5076846930358525 off 0.44793595894906624 __DUMMY__ 0.04437934801508127	false	1.0
aushungern	neg 1.0		neg 0.5017469958536958 off 0.45406479470221367 __DUMMY__ 0.04418820944409065	false	1.0
anspannung	neg 1.0		neg 0.5038961621855 off 0.451194209630187 __DUMMY__ 0.044909628184312975	false	1.0
von			neg 0.5031342100868802 off 0.45213241517803204 __DUMMY__ 0.04473337473508769	false	0.0
kraftlos	neg 1.0		neg 0.49946601542165037 off 0.4556536675260187 __DUMMY__ 0.044880317052331066	false	1.0
vom			neg 0.5068467556656653 off 0.44813866159553944 __DUMMY__ 0.04501458273879527	false	0.0
grenzdebil	off 1.0		neg 0.49334673875840734 off 0.4622552379974151 __DUMMY__ 0.044398023244177534	false	0.5
vor			neg 0.5041273108449436 off 0.45110736577528976 __DUMMY__ 0.0447653233797667	false	0.0
unterwerfen	neg 1.0		neg 0.5034762996621539 off 0.45203517557500716 __DUMMY__ 0.04448852476283902	false	1.0
versenkung	neg 1.0		neg 0.5037337394464998 off 0.45172505780457656 __DUMMY__ 0.04454120274892366	false	1.0
entziehen	neg 1.0		neg 0.5061869532482649 off 0.44926158367696667 __DUMMY__ 0.04455146307476849	false	1.0
finanzkrise	neg 1.0		neg 0.5021658914634516 off 0.45365922731574065 __DUMMY__ 0.044174881220807816	false	1.0
schimpfend	neg 1.0		neg 0.4940332446842696 off 0.461074591351372 __DUMMY__ 0.044892163964358335	false	1.0
profan	neg 1.0		neg 0.49740095550555447 off 0.45812777638081686 __DUMMY__ 0.044471268113628754	false	1.0
korruption	neg 1.0		neg 0.5044297435806399 off 0.4513862128061035 __DUMMY__ 0.04418404361325669	false	1.0
â			neg 0.5007585793502893 off 0.45459597613935493 __DUMMY__ 0.04464544451035578	false	0.0
schmutzig	neg 1.0		neg 0.49221947865817295 off 0.46319360076211147 __DUMMY__ 0.04458692057971564	false	1.0
sexy	neg 1.0		neg 0.49517703356039555 off 0.4603993772975794 __DUMMY__ 0.04442358914202515	false	1.0
abraten	neg 1.0		neg 0.4977966908130265 off 0.4576574970763798 __DUMMY__ 0.04454581211059358	false	1.0
schwarz	neg 1.0		neg 0.49811215144370863 off 0.4574983731975359 __DUMMY__ 0.04438947535875543	false	1.0
fotze	off 1.0		neg 0.502036974853957 off 0.45358468752586545 __DUMMY__ 0.04437833762017755	false	0.5
verwirren	neg 1.0		neg 0.4968170457640652 off 0.45874760796760644 __DUMMY__ 0.044435346268328305	false	1.0
zahnlos	off 1.0		neg 0.5036468730368627 off 0.45199945653949924 __DUMMY__ 0.04435367042363802	false	0.5
verheeren	neg 1.0		neg 0.4859523039753465 off 0.47016068150277385 __DUMMY__ 0.04388701452187978	false	1.0
hippie	neg 1.0		neg 0.4956846742906335 off 0.45991865267567716 __DUMMY__ 0.04439667303368937	false	1.0
rammen	neg 1.0		neg 0.4965656882189405 off 0.45900160139976875 __DUMMY__ 0.04443271038129093	false	1.0
unlauter	neg 1.0	neg 1.0	neg 0.7358531249253191 off 0.2429173778180902 __DUMMY__ 0.021229497256590717	false	1.0
unheilvoll	neg 1.0		neg 0.49662797250666013 off 0.4588125988909658 __DUMMY__ 0.044559428602373996	false	1.0
niedrig	neg 1.0		neg 0.5030715453965368 off 0.4524962385735589 __DUMMY__ 0.044432216029904194	false	1.0
explosion	neg 1.0		neg 0.4954984910221827 off 0.4600174663679094 __DUMMY__ 0.04448404260990776	false	1.0
weichei	off 1.0		neg 0.48983414242776957 off 0.46604318024245056 __DUMMY__ 0.04412267732977996	false	0.5
minusmensch	off 1.0		neg 0.48871501099420256 off 0.46764830412852093 __DUMMY__ 0.04363668487727659	false	0.5
farblos	neg 1.0		neg 0.49796157605104496 off 0.4575556669732046 __DUMMY__ 0.04448275697575045	false	1.0
unwissend	neg 1.0		neg 0.495694142151119 off 0.46002533974789495 __DUMMY__ 0.04428051810098595	false	1.0
traurig	neg 1.0		neg 0.4913611039861497 off 0.4642493736296785 __DUMMY__ 0.04438952238417181	false	1.0
senkung	neg 1.0		neg 0.49659606829619124 off 0.4590442548299461 __DUMMY__ 0.04435967687386271	false	1.0
ungleich	neg 1.0	neg 1.0	neg 0.7386649029635568 off 0.2399837135499429 __DUMMY__ 0.021351383486500328	false	1.0
heikel	neg 1.0		neg 0.5048670991001516 off 0.4505901778208815 __DUMMY__ 0.04454272307896674	false	1.0
drosselung	neg 1.0		neg 0.4910767441651522 off 0.46455786372280583 __DUMMY__ 0.04436539211204197	false	1.0
falsch	neg 1.0		neg 0.49606319141458244 off 0.45955092014061094 __DUMMY__ 0.04438588844480651	false	1.0
unzufriedenheit	neg 1.0		neg 0.5049204458037645 off 0.45053037448670286 __DUMMY__ 0.04454917970953265	false	1.0
kurz	neg 1.0		neg 0.4990421257249371 off 0.45617198782657264 __DUMMY__ 0.04478588644849021	false	1.0
unsinnig	neg 1.0		neg 0.5026968074481796 off 0.4528708753832816 __DUMMY__ 0.04443231716853889	false	1.0
penner	off 1.0	off 1.0	off 0.7191850162830513 neg 0.2596107552344108 __DUMMY__ 0.021204228482537887	false	1.0
seicht	neg 1.0		neg 0.48896219770902055 off 0.46714250900677906 __DUMMY__ 0.043895293284200415	false	1.0
dummheit	off 1.0	off 1.0	off 0.7133852729891409 neg 0.2653286797038377 __DUMMY__ 0.021286047307021324	false	1.0
unerfreulich	neg 1.0		neg 0.5046160739022272 off 0.450740417236825 __DUMMY__ 0.04464350886094775	false	1.0
motherfucker	off 1.0	off 1.0	off 0.7163693440938336 neg 0.262402489663756 __DUMMY__ 0.021228166242410373	false	1.0
pikiert	neg 1.0		neg 0.4960650356438273 off 0.45964876854704073 __DUMMY__ 0.04428619580913191	false	1.0
wrack	neg 1.0		neg 0.5014615327878776 off 0.4540007067477874 __DUMMY__ 0.04453776046433513	false	1.0
gangster	neg 1.0		neg 0.4964551220412435 off 0.45913064654464164 __DUMMY__ 0.04441423141411491	false	1.0
krank	neg 1.0		neg 0.4923428619406211 off 0.46313839597148804 __DUMMY__ 0.04451874208789093	false	1.0
reich	neg 1.0		neg 0.4976962175202242 off 0.45840492953437617 __DUMMY__ 0.04389885294539969	false	1.0
gnadenlos	neg 1.0		neg 0.49923086514543974 off 0.4563386270200783 __DUMMY__ 0.04443050783448196	false	1.0
niedergeschlagen	neg 1.0		neg 0.4999967110518045 off 0.45536065740938264 __DUMMY__ 0.044642631538812864	false	1.0
terrorisieren	off 1.0	off 1.0	off 0.7107575919428539 neg 0.26780760579767 __DUMMY__ 0.021434802259476086	false	1.0
sinnlosigkeit	neg 1.0		neg 0.5028647529327359 off 0.45270964597681024 __DUMMY__ 0.04442560109045383	false	1.0
behindern	neg 1.0		neg 0.4984302731441666 off 0.4569359869896011 __DUMMY__ 0.044633739866232335	false	1.0
undemokratisch	neg 1.0		neg 0.5010945102434243 off 0.4548065058949946 __DUMMY__ 0.04409898386158109	false	1.0
wirtschaftskrise	neg 1.0		neg 0.5031356109343085 off 0.4525383620945758 __DUMMY__ 0.04432602697111579	false	1.0
neid	neg 1.0		neg 0.49431466999991036 off 0.46106276078167463 __DUMMY__ 0.04462256921841505	false	1.0
rutschen	neg 1.0		neg 0.502253251619076 off 0.45256016696739054 __DUMMY__ 0.045186581413533454	false	1.0
rezession	neg 1.0		neg 0.49244803225241807 off 0.46357998370199227 __DUMMY__ 0.04397198404558967	false	1.0
fehlgeburt	neg 1.0		neg 0.4980132730038556 off 0.4574528291807114 __DUMMY__ 0.0445338978154329	false	1.0
charakterschwach	off 1.0		neg 0.4953096655064841 off 0.4604592516663326 __DUMMY__ 0.044231082827183285	false	0.5
isolation	neg 1.0		neg 0.4946186088670388 off 0.46102093137408917 __DUMMY__ 0.04436045975887199	false	1.0
ablenkung	neg 1.0		neg 0.4984289373896696 off 0.4569642405906205 __DUMMY__ 0.04460682201970999	false	1.0
pech	neg 1.0		neg 0.49603120034873904 off 0.45949020226705617 __DUMMY__ 0.04447859738420472	false	1.0
vermeidung	neg 1.0		neg 0.4914951502085808 off 0.46403063252230686 __DUMMY__ 0.04447421726911225	false	1.0
dominieren	neg 1.0		neg 0.5022026584124943 off 0.4534324921361363 __DUMMY__ 0.04436484945136934	false	1.0
schwindlig	neg 1.0		neg 0.4950737405903916 off 0.460285207611238 __DUMMY__ 0.044641051798370544	false	1.0
lutscher	neg 1.0		neg 0.4878506572931594 off 0.4682463642862871 __DUMMY__ 0.0439029784205536	false	1.0
pflicht	neg 1.0		neg 0.5051805290601395 off 0.4502902708321577 __DUMMY__ 0.04452920010770275	false	1.0
faschist	off 1.0		neg 0.49968012028945724 off 0.456202983961776 __DUMMY__ 0.04411689574876668	false	0.5
verschleudern	neg 1.0		neg 0.5042214401101508 off 0.451481106467738 __DUMMY__ 0.044297453422111166	false	1.0
wenn			neg 0.49601508152992446 off 0.4595877765712347 __DUMMY__ 0.04439714189884081	false	0.0
ehebruch	neg 1.0		neg 0.5036297245930758 off 0.45195494913537027 __DUMMY__ 0.04441532627155403	false	1.0
spott	off 1.0		neg 0.5041553796868555 off 0.45140262763494443 __DUMMY__ 0.04444199267819988	false	0.5
trostlosigkeit	neg 1.0		neg 0.5066670318695649 off 0.44901950614197483 __DUMMY__ 0.04431346198846043	false	1.0
lutschen	neg 1.0		neg 0.49671372597137514 off 0.459111723774816 __DUMMY__ 0.04417455025380894	false	1.0
undiszipliniert	neg 1.0		neg 0.49269715138694503 off 0.46298403129659255 __DUMMY__ 0.044318817316462485	false	1.0
kopfschmerz	neg 1.0		neg 0.4988944591537812 off 0.4564843120190885 __DUMMY__ 0.0446212288271303	false	1.0
unvorhergesehen	neg 1.0		neg 0.4987118871744597 off 0.4564463092782008 __DUMMY__ 0.044841803547339534	false	1.0
desinteressiert	neg 1.0		neg 0.49372032315278686 off 0.4620353984468004 __DUMMY__ 0.044244278400412757	false	1.0
armselig	off 1.0		neg 0.4933511657339607 off 0.4624919844725939 __DUMMY__ 0.044156849793445474	false	0.5
desaster	neg 1.0		neg 0.5084884972197907 off 0.447166174100024 __DUMMY__ 0.04434532868018512	false	1.0
tod	neg 1.0		neg 0.5039178969564395 off 0.4517043652799552 __DUMMY__ 0.04437773776360527	false	1.0
herzlos	neg 1.0		neg 0.49080004472266686 off 0.4648420900961239 __DUMMY__ 0.044357865181209155	false	1.0
unwissenheit	neg 1.0		neg 0.503021697648169 off 0.4525772295266868 __DUMMY__ 0.04440107282514426	false	1.0
widersinnig	neg 1.0		neg 0.5045344527771863 off 0.4513867679667488 __DUMMY__ 0.04407877925606492	false	1.0
bedenklich	neg 1.0		neg 0.5039736908263315 off 0.45151867015376923 __DUMMY__ 0.04450763901989932	false	1.0
beanstanden	neg 1.0		neg 0.5057712646153035 off 0.4497136849430006 __DUMMY__ 0.04451505044169577	false	1.0
panisch	neg 1.0	neg 1.0	neg 0.7332836789418552 off 0.2451476908016812 __DUMMY__ 0.02156863025646369	false	1.0
debil	off 1.0		neg 0.5069222918524307 off 0.4483665037016108 __DUMMY__ 0.044711204445958684	false	0.5
abstrich	neg 1.0		neg 0.49605033023161305 off 0.45914843193364496 __DUMMY__ 0.044801237834742	false	1.0
primitiv	neg 1.0		neg 0.4947444333462821 off 0.4610560873950088 __DUMMY__ 0.04419947925870903	false	1.0
abschaum	off 1.0	off 1.0	off 0.7145547531831457 neg 0.26420492663581124 __DUMMY__ 0.021240320181043094	false	1.0
provozieren	neg 1.0		neg 0.5005814765484585 off 0.45507342102610165 __DUMMY__ 0.044345102425439833	false	1.0
tot	neg 1.0		neg 0.5007568673370347 off 0.45480962850233364 __DUMMY__ 0.04443350416063153	false	1.0
instabil	neg 1.0		neg 0.4937562715379308 off 0.4622959445294322 __DUMMY__ 0.04394778393263696	false	1.0
schwuchtel	off 1.0		neg 0.48447313851461 off 0.47193454892467035 __DUMMY__ 0.04359231256071966	false	0.5
zerren	neg 1.0		neg 0.500492961495146 off 0.45489097531488587 __DUMMY__ 0.04461606318996817	false	1.0
kinderficker	off 1.0		neg 0.4919952743861117 off 0.464001178768633 __DUMMY__ 0.04400354684525521	false	0.5
gefahr	neg 1.0		neg 0.5043522837360767 off 0.451262958462861 __DUMMY__ 0.04438475780106211	false	1.0
rabiat	neg 1.0		neg 0.4998279387386215 off 0.4556996998813588 __DUMMY__ 0.044472361380019816	false	1.0
verlangsamung	neg 1.0		neg 0.48877050314958015 off 0.46728805379187505 __DUMMY__ 0.043941443058544714	false	1.0
ausgestorben	neg 1.0		neg 0.5008699530133072 off 0.4545689864393401 __DUMMY__ 0.04456106054735279	false	1.0
anklagen	neg 1.0		neg 0.5009795376123284 off 0.45465628657978807 __DUMMY__ 0.04436417580788361	false	1.0
trott	neg 1.0		neg 0.49873345485860415 off 0.4566863487030615 __DUMMY__ 0.044580196438334274	false	1.0
verminderung	neg 1.0		neg 0.4925026419206769 off 0.4632357039102713 __DUMMY__ 0.044261654169051715	false	1.0
nach			neg 0.5036683949893699 off 0.4512801891953567 __DUMMY__ 0.04505141581527352	false	0.0
rost	neg 1.0		neg 0.4876948253542882 off 0.46827885255316504 __DUMMY__ 0.044026322092546824	false	1.0
destruktiv	neg 1.0		neg 0.5022251221285116 off 0.45346548650359647 __DUMMY__ 0.04430939136789198	false	1.0
unzumutbarkeit	neg 1.0		neg 0.49230965912111835 off 0.4633103143229916 __DUMMY__ 0.044380026555890094	false	1.0
labil	off 1.0	off 1.0	off 0.7152648711833363 neg 0.2634861843954866 __DUMMY__ 0.02124894442117701	false	1.0
ziemlich	neg 1.0		neg 0.49409922475805335 off 0.4615190941198006 __DUMMY__ 0.04438168112214608	false	1.0
lachnummer	off 1.0		neg 0.5023732273760324 off 0.4533270827936123 __DUMMY__ 0.044299689830355364	false	0.5
oder			neg 0.49858421340628345 off 0.4567829452018645 __DUMMY__ 0.044632841391851835	false	0.0
verfall	neg 1.0		neg 0.5080003633679787 off 0.4473556045627818 __DUMMY__ 0.04464403206923942	false	1.0
ausgrenzung	neg 1.0		neg 0.49988332475120256 off 0.4559811488926042 __DUMMY__ 0.04413552635619336	false	1.0
unordnung	neg 1.0		neg 0.49269640058725794 off 0.463328836258499 __DUMMY__ 0.043974763154242896	false	1.0
fehlverhalten	neg 1.0		neg 0.5050488750794907 off 0.45055844521367155 __DUMMY__ 0.044392679706837725	false	1.0
eine			neg 0.5039606048391136 off 0.4513029254150746 __DUMMY__ 0.0447364697458117	false	0.0
nille	neg 1.0		neg 0.5013433875322734 off 0.4544049595471275 __DUMMY__ 0.04425165292059922	false	1.0
qual	neg 1.0		neg 0.49907501764828555 off 0.45637148203416766 __DUMMY__ 0.04455350031754686	false	1.0
verschwenden	neg 1.0		neg 0.5029876293579201 off 0.45241923229893244 __DUMMY__ 0.04459313834314741	false	1.0
riesig	neg 1.0		neg 0.4987040344492663 off 0.45663250329359933 __DUMMY__ 0.04466346225713425	false	1.0
verurteilen	neg 1.0		neg 0.5032019902435854 off 0.4524441278382896 __DUMMY__ 0.04435388191812496	false	1.0
klischee	neg 1.0	neg 1.0	neg 0.7352672679874934 off 0.24348908900490088 __DUMMY__ 0.021243643007605825	false	1.0
diktatorisch	neg 1.0		neg 0.5018924860379705 off 0.4540912023751279 __DUMMY__ 0.04401631158690154	false	1.0
vorhersehbar	neg 1.0		neg 0.49923604539743804 off 0.45650670319663866 __DUMMY__ 0.04425725140592336	false	1.0
sowie			neg 0.4905743865518241 off 0.46547335078382995 __DUMMY__ 0.04395226266434593	false	0.0
stornieren	neg 1.0		neg 0.494743815225035 off 0.4606070242302307 __DUMMY__ 0.04464916054473416	false	1.0
besteuerung	neg 1.0		neg 0.49852057626751 off 0.45709603681932665 __DUMMY__ 0.044383386913163306	false	1.0
ungeschminkt	neg 1.0		neg 0.4933512666688861 off 0.46229831531392296 __DUMMY__ 0.0443504180171908	false	1.0
kritisch	neg 1.0		neg 0.5045164693315107 off 0.4510775974486885 __DUMMY__ 0.04440593321980084	false	1.0
schlamperei	off 1.0		neg 0.5045792579034977 off 0.4511047237229942 __DUMMY__ 0.044316018373507925	false	0.5
sucht	neg 1.0	neg 1.0	neg 0.7326374697757801 off 0.24580184960580923 __DUMMY__ 0.021560680618410703	false	1.0
egoistisch	off 1.0		neg 0.48986540042422005 off 0.4659887996131115 __DUMMY__ 0.044145799962668354	false	0.5
ausbeuter	off 1.0		neg 0.5054669438850063 off 0.4501519850848774 __DUMMY__ 0.04438107103011617	false	0.5
arschgeburt	off 1.0		neg 0.484696211054804 off 0.4717167719480673 __DUMMY__ 0.043587016997128754	false	0.5
schubs	neg 1.0	neg 1.0	neg 0.7360674073003579 off 0.24237743168098955 __DUMMY__ 0.021555161018652576	false	1.0
unsolide	neg 1.0		neg 0.5012082500011942 off 0.455120650281276 __DUMMY__ 0.043671099717529756	false	1.0
beschwerde	neg 1.0		neg 0.5036442947897836 off 0.45203934185013156 __DUMMY__ 0.04431636336008495	false	1.0
stocken	neg 1.0		neg 0.5019253596104412 off 0.4535107026494577 __DUMMY__ 0.04456393774010122	false	1.0
isolieren	neg 1.0		neg 0.49841122595828585 off 0.4568946807128451 __DUMMY__ 0.04469409332886902	false	1.0
unheilbar	neg 1.0		neg 0.49812538856569966 off 0.45732682931106 __DUMMY__ 0.04454778212324032	false	1.0
pisser	off 1.0		neg 0.4927253485799004 off 0.46321233260984135 __DUMMY__ 0.04406231881025817	false	0.5
löschen	neg 1.0		neg 0.4987128494531385 off 0.45686886868771925 __DUMMY__ 0.044418281859142414	false	1.0
durchfallen	neg 1.0		neg 0.5035868367166042 off 0.4519292493156449 __DUMMY__ 0.044483913967750845	false	1.0
wichser	off 1.0		neg 0.4862344576526451 off 0.46982539992257893 __DUMMY__ 0.04394014242477592	false	0.5
terror	neg 1.0		neg 0.4948515340234634 off 0.4606402790462247 __DUMMY__ 0.04450818693031191	false	1.0
krass	neg 1.0		neg 0.491190375634785 off 0.4645602099237027 __DUMMY__ 0.04424941444151238	false	1.0
revolte	neg 1.0	neg 1.0	neg 0.7363474273992624 off 0.24255976544745514 __DUMMY__ 0.0210928071532824	false	1.0
besorgt	neg 1.0		neg 0.4990619594256529 off 0.4561565931183304 __DUMMY__ 0.04478144745601678	false	1.0
nachlassen	neg 1.0		neg 0.4995730248251178 off 0.45568882564731084 __DUMMY__ 0.044738149527571255	false	1.0
alt	neg 1.0		neg 0.5019328451493139 off 0.4533407415760153 __DUMMY__ 0.04472641327467073	false	1.0
hundesohn	off 1.0		neg 0.48874202899246816 off 0.46750499671438633 __DUMMY__ 0.04375297429314543	false	0.5
als			neg 0.5012732563739734 off 0.4540941586771645 __DUMMY__ 0.04463258494886211	false	0.0
abschreckung	neg 1.0		neg 0.5058220044130883 off 0.44970850445986915 __DUMMY__ 0.04446949112704254	false	1.0
unqualifiziert	neg 1.0		neg 0.4989508709332534 off 0.45680060779422305 __DUMMY__ 0.04424852127252349	false	1.0
abgewichst	off 1.0		neg 0.5006552584639434 off 0.45488885766707304 __DUMMY__ 0.04445588386898344	false	0.5
schwer	neg 1.0		neg 0.49961818066818114 off 0.4558055575213026 __DUMMY__ 0.04457626181051633	false	1.0
bedeutungslosigkeit	neg 1.0		neg 0.5056058902657496 off 0.4499797186670852 __DUMMY__ 0.04441439106716528	false	1.0
kapitulation	neg 1.0		neg 0.5053122782463376 off 0.4505370386672699 __DUMMY__ 0.0441506830863926	false	1.0
unscharf	neg 1.0		neg 0.4960537030500401 off 0.45948713337556957 __DUMMY__ 0.044459163574390316	false	1.0
schwinden	neg 1.0		neg 0.5027003857337369 off 0.45263459442867604 __DUMMY__ 0.04466501983758718	false	1.0
versklavung	neg 1.0		neg 0.5011951952073121 off 0.45469557178880926 __DUMMY__ 0.04410923300387854	false	1.0
schlecht	neg 1.0		neg 0.4934638313347127 off 0.46212402037454975 __DUMMY__ 0.0444121482907375	false	1.0
verhasst	neg 1.0		neg 0.5009537199481691 off 0.4547508960177503 __DUMMY__ 0.044295384034080516	false	1.0
beschweren	neg 1.0		neg 0.49772830989367883 off 0.4577627889024022 __DUMMY__ 0.0445089012039189	false	1.0
scheiden	neg 1.0		neg 0.4999031516316231 off 0.45557649598045263 __DUMMY__ 0.04452035238792419	false	1.0
frustriert	neg 1.0		neg 0.5010081750466084 off 0.4544474542772784 __DUMMY__ 0.044544370676113144	false	1.0
schimmelig	neg 1.0		neg 0.5026712922887266 off 0.4528110364367589 __DUMMY__ 0.04451767127451446	false	1.0
fisch	neg 1.0		neg 0.5019927966430436 off 0.4534575160572816 __DUMMY__ 0.04454968729967474	false	1.0
schmuggel	neg 1.0		neg 0.5022216945067519 off 0.45299588444468825 __DUMMY__ 0.044782421048559805	false	1.0
auffallen	neg 1.0		neg 0.49763840123313857 off 0.45790864971730344 __DUMMY__ 0.044452949049558044	false	1.0
konkurrenz	neg 1.0		neg 0.5049789930464534 off 0.45040184213666795 __DUMMY__ 0.04461916481687861	false	1.0
teufelskreis	neg 1.0		neg 0.5011406082864515 off 0.4543753626812916 __DUMMY__ 0.044484029032256886	false	1.0
aufschreien	neg 1.0		neg 0.49882269012865277 off 0.4568617509458941 __DUMMY__ 0.044315558925453205	false	1.0
schuldner	neg 1.0		neg 0.5044275232001081 off 0.45117628390404063 __DUMMY__ 0.04439619289585127	false	1.0
missgeburt	off 1.0	off 1.0	off 0.717560728461501 neg 0.26136913260016587 __DUMMY__ 0.021070138938333094	false	1.0
arbeitslos	neg 1.0		neg 0.5031000082994612 off 0.4524889020003195 __DUMMY__ 0.04441108970021923	false	1.0
befallen	neg 1.0		neg 0.5029120546824173 off 0.4527589867958057 __DUMMY__ 0.044328958521776964	false	1.0
miesepetrig	off 1.0		neg 0.4923550742535137 off 0.4630937466713828 __DUMMY__ 0.044551179075103316	false	0.5
alarmieren	neg 1.0		neg 0.4962278144489266 off 0.45959424383902375 __DUMMY__ 0.04417794171204973	false	1.0
ungeduscht	off 1.0		neg 0.4960113997726144 off 0.4595300486082609 __DUMMY__ 0.04445855161912474	false	0.5
knappheit	neg 1.0		neg 0.5023979933329714 off 0.45318683096190926 __DUMMY__ 0.04441517570511922	false	1.0
schlange	neg 1.0		neg 0.4967335051001058 off 0.45862829913837655 __DUMMY__ 0.04463819576151774	false	1.0
harsch	neg 1.0		neg 0.48672532054639855 off 0.46893391806406015 __DUMMY__ 0.04434076138954125	false	1.0
lang	neg 1.0		neg 0.49779186869133085 off 0.45770085206060995 __DUMMY__ 0.04450727924805927	false	1.0
ziellos	neg 1.0		neg 0.5019502802696043 off 0.45344319518849485 __DUMMY__ 0.04460652454190084	false	1.0
selbstverliebt	neg 1.0		neg 0.4871669247650579 off 0.46915733070652793 __DUMMY__ 0.043675744528414114	false	1.0
beseitigen	neg 1.0		neg 0.49791690964787955 off 0.4575461443712049 __DUMMY__ 0.04453694598091566	false	1.0
dumm	off 1.0		neg 0.4896560186875778 off 0.4662741598556201 __DUMMY__ 0.04406982145680214	false	0.5
arbeitsloser	neg 1.0		neg 0.5039094437659852 off 0.4516608455082036 __DUMMY__ 0.044429710725811145	false	1.0
blitzen	neg 1.0		neg 0.4957519731239996 off 0.45985211043108365 __DUMMY__ 0.044395916444916673	false	1.0
hilflos	neg 1.0		neg 0.5011793929607128 off 0.4542492208656412 __DUMMY__ 0.044571386173646116	false	1.0
eklig	off 1.0		neg 0.4892535110567817 off 0.4667603086575056 __DUMMY__ 0.04398618028571262	false	0.5
begriff			neg 0.5015099113394244 off 0.4540143034779636 __DUMMY__ 0.044475785182612165	false	0.0
hungersnot	neg 1.0		neg 0.5025234617325737 off 0.4533361530826439 __DUMMY__ 0.04414038518478244	false	1.0
ungesetzlich	neg 1.0		neg 0.5008531680141532 off 0.45516315707449717 __DUMMY__ 0.043983674911349496	false	1.0
verschwendung	neg 1.0		neg 0.5039987421110209 off 0.45140229500407736 __DUMMY__ 0.044598962884901665	false	1.0
schmerzvoll	neg 1.0		neg 0.4975870725370707 off 0.45789013616152996 __DUMMY__ 0.04452279130139924	false	1.0
vorzeitig	neg 1.0		neg 0.4945793965622038 off 0.46111509912544324 __DUMMY__ 0.04430550431235294	false	1.0
unvollkommenheit	neg 1.0		neg 0.4988028981666892 off 0.45667877951021474 __DUMMY__ 0.04451832232309595	false	1.0
intervenieren	neg 1.0		neg 0.5053168088130782 off 0.4503425467598969 __DUMMY__ 0.044340644427024976	false	1.0
banause	off 1.0		neg 0.48763582094815033 off 0.46840540711628664 __DUMMY__ 0.04395877193556304	false	0.5
rebell	neg 1.0		neg 0.5038579489020775 off 0.45144849315572644 __DUMMY__ 0.044693557942196	false	1.0
unlogisch	neg 1.0		neg 0.4933108896220928 off 0.46255089619057105 __DUMMY__ 0.044138214187336065	false	1.0
leiden	neg 1.0	neg 1.0	neg 0.7352017029288419 off 0.2429675744919913 __DUMMY__ 0.0218307225791669	false	1.0
abschaffung	neg 1.0		neg 0.5004944293286204 off 0.45527918993038174 __DUMMY__ 0.04422638074099791	false	1.0
sturz	neg 1.0		neg 0.4994538171745902 off 0.45629525034888296 __DUMMY__ 0.04425093247652684	false	1.0
verkleinerung	neg 1.0		neg 0.4989369195386908 off 0.45706803839170845 __DUMMY__ 0.04399504206960086	false	1.0
schmarotzer	off 1.0		neg 0.5042192952480422 off 0.45144461342139947 __DUMMY__ 0.04433609133055834	false	0.5
bestrafung	neg 1.0		neg 0.4986219887516608 off 0.4569399697091167 __DUMMY__ 0.04443804153922245	false	1.0
achtlos	neg 1.0		neg 0.499144104148378 off 0.4562275944853185 __DUMMY__ 0.04462830136630361	false	1.0
ungeheuer	neg 1.0		neg 0.49727421736279115 off 0.45829372792474443 __DUMMY__ 0.044432054712464475	false	1.0
unaufrichtig	neg 1.0		neg 0.4979916669306633 off 0.45779554615996987 __DUMMY__ 0.044212786909366884	false	1.0
groggy	neg 1.0		neg 0.4965104412366242 off 0.45914432101274716 __DUMMY__ 0.04434523775062861	false	1.0
