unsolidarisch	neg 1.0		neg 0.34566801800033775 __DUMMY__ 0.3443232667365029 off 0.3100087152631593	false	1.0
nachteilig	neg 1.0		__DUMMY__ 0.3479573691192169 neg 0.34380410864380145 off 0.3082385222369817	false	1.0
skeptisch	neg 1.0		__DUMMY__ 0.34913669941800646 neg 0.34511680966666564 off 0.3057464909153279	false	1.0
schrecklich	neg 1.0		__DUMMY__ 0.3462172342586087 neg 0.3338432735244998 off 0.31993949221689155	false	1.0
schlapp	neg 1.0		__DUMMY__ 0.34872870620445845 neg 0.3347705840435735 off 0.31650070975196815	false	1.0
abfall	neg 1.0		__DUMMY__ 0.349822804795068 neg 0.34586376141314923 off 0.3043134337917828	false	1.0
widerspenstig	neg 1.0		__DUMMY__ 0.34988168658360574 neg 0.33820108275962757 off 0.3119172306567668	false	1.0
abrupt	neg 1.0		__DUMMY__ 0.3508309338641651 neg 0.3381770026228757 off 0.31099206351295927	false	1.0
unwirksam	neg 1.0		neg 0.34505741519658706 __DUMMY__ 0.34465900798613885 off 0.310283576817274	false	1.0
angreifen	neg 1.0		__DUMMY__ 0.3482359188211229 neg 0.34494632869883934 off 0.30681775248003756	false	1.0
inkonsistent	neg 1.0		__DUMMY__ 0.34746702565901266 neg 0.338754372076074 off 0.3137786022649132	false	1.0
abrutschen	neg 1.0		__DUMMY__ 0.3501910266518349 neg 0.34517959198397413 off 0.30462938136419093	false	1.0
unsicher	neg 1.0		__DUMMY__ 0.3486711618006814 neg 0.3400240691942575 off 0.3113047690050611	false	1.0
bauernkind	off 1.0		__DUMMY__ 0.34352813819621647 neg 0.33400917689031223 off 0.32246268491347124	false	0.5
angreifer	neg 1.0		__DUMMY__ 0.34613691193690654 neg 0.33984535036298513 off 0.31401773770010827	false	1.0
trennen	neg 1.0		__DUMMY__ 0.3509446703063947 neg 0.3415127330828088 off 0.3075425966107964	false	1.0
schmutz	neg 1.0		__DUMMY__ 0.34998390044958627 neg 0.33165680058806785 off 0.3183592989623458	false	1.0
inkonsistenz	neg 1.0	neg 1.0	neg 0.6580424871997554 off 0.1734522300061168 __DUMMY__ 0.16850528279412777	false	1.0
erschreckend	neg 1.0		__DUMMY__ 0.34790830892571695 neg 0.342515168172439 off 0.30957652290184406	false	1.0
ertrinken	neg 1.0		__DUMMY__ 0.3501246379744601 neg 0.34132668693715856 off 0.30854867508838135	false	1.0
pickelface	off 1.0		__DUMMY__ 0.34670000998324507 neg 0.34167211671549813 off 0.31162787330125674	false	0.5
seiner			__DUMMY__ 0.34883699941972274 neg 0.34425801870671596 off 0.30690498187356136	false	0.0
lauch	neg 1.0		__DUMMY__ 0.3495652033651905 neg 0.3445869172005253 off 0.30584787943428426	false	1.0
unwichtig	neg 1.0		__DUMMY__ 0.34711952090521514 neg 0.3372175172821492 off 0.3156629618126356	false	1.0
steuerhinterziehung	neg 1.0		__DUMMY__ 0.3456101983776265 neg 0.3451365736211572 off 0.30925322800121635	false	1.0
schock	neg 1.0		__DUMMY__ 0.35056766132969935 neg 0.33875907359556395 off 0.31067326507473664	false	1.0
beule	neg 1.0		__DUMMY__ 0.3481083288846878 neg 0.33423825070845015 off 0.317653420406862	false	1.0
vergelten	neg 1.0		__DUMMY__ 0.34484506459450676 neg 0.33406961011943176 off 0.3210853252860614	false	1.0
verdorbenheit	neg 1.0		__DUMMY__ 0.3488598427384022 neg 0.3380068087197896 off 0.31313334854180835	false	1.0
trauma	neg 1.0		__DUMMY__ 0.3477721864965487 neg 0.3390991453005125 off 0.3131286682029387	false	1.0
sinnlos	neg 1.0		__DUMMY__ 0.34785015079320314 neg 0.33876040471235735 off 0.3133894444944396	false	1.0
fettsack	off 1.0	off 1.0	off 0.6478037444335599 neg 0.18462670646616658 __DUMMY__ 0.16756954910027352	false	1.0
feige	off 1.0		__DUMMY__ 0.3462027002616278 neg 0.33904129248986875 off 0.3147560072485034	false	0.5
abdanken	neg 1.0		neg 0.3468891845569212 __DUMMY__ 0.34440473183439324 off 0.3087060836086855	false	1.0
wichtigtuer	off 1.0	off 1.0	off 0.6426195264744978 neg 0.18874637361178917 __DUMMY__ 0.16863409991371306	false	1.0
misslingen	neg 1.0		__DUMMY__ 0.3501758676907782 neg 0.334829541403005 off 0.31499459090621673	false	1.0
untreu	off 1.0		__DUMMY__ 0.3470795180342819 neg 0.33641764597016505 off 0.316502835995553	false	0.5
missmutig	neg 1.0		__DUMMY__ 0.34859403536780614 neg 0.3356472814173277 off 0.3157586832148661	false	1.0
hurenbock	off 1.0		__DUMMY__ 0.349915370017869 neg 0.33594023569865994 off 0.31414439428347113	false	0.5
betrunken	neg 1.0		__DUMMY__ 0.3476792082133645 neg 0.33379964211465485 off 0.31852114967198053	false	1.0
korrupt	off 1.0		neg 0.3465566581082064 __DUMMY__ 0.3456944438153194 off 0.30774889807647426	false	0.5
unmut	neg 1.0		__DUMMY__ 0.3488633659531786 neg 0.3464943521565194 off 0.30464228189030207	false	1.0
hackfresse	off 1.0		__DUMMY__ 0.3452515258205685 neg 0.33143994376050634 off 0.32330853041892516	false	0.5
aufblasen	neg 1.0		__DUMMY__ 0.3493249783373438 neg 0.33736258312509165 off 0.3133124385375646	false	1.0
gewaltsam	neg 1.0		__DUMMY__ 0.3462593304497776 neg 0.3419688371139245 off 0.3117718324362979	false	1.0
unbeliebtheit	neg 1.0		__DUMMY__ 0.34346602535371745 neg 0.33987259208562176 off 0.31666138256066084	false	1.0
sturheit	neg 1.0		__DUMMY__ 0.3472785280881924 neg 0.3431484206406713 off 0.3095730512711364	false	1.0
kuh	neg 1.0		__DUMMY__ 0.3470579985995814 neg 0.3401341237126453 off 0.3128078776877733	false	1.0
erschrecken	neg 1.0		__DUMMY__ 0.34809060007006853 neg 0.3368518507920499 off 0.3150575491378815	false	1.0
opfer	neg 1.0		__DUMMY__ 0.34859842245353817 neg 0.3437787773454352 off 0.30762280020102684	false	1.0
sinken	neg 1.0		__DUMMY__ 0.3489165672777555 neg 0.34558115331668504 off 0.30550227940555946	false	1.0
stinktier	neg 1.0		__DUMMY__ 0.3449880907335914 neg 0.33515963779005165 off 0.3198522714763571	false	1.0
tucke	off 1.0		__DUMMY__ 0.34595450411344253 neg 0.3295874251591488 off 0.3244580707274088	false	0.5
ein			__DUMMY__ 0.3499906807595738 neg 0.3372378508187551 off 0.312771468421671	false	0.0
abstieg	neg 1.0		__DUMMY__ 0.3471642730788465 neg 0.343882359491452 off 0.3089533674297015	false	1.0
missverstehen	neg 1.0		__DUMMY__ 0.3464414482098182 neg 0.34109680523076646 off 0.3124617465594152	false	1.0
ergebnislos	neg 1.0		__DUMMY__ 0.3475536376683218 neg 0.3438722155050286 off 0.30857414682664946	false	1.0
unter			__DUMMY__ 0.35281381199101003 neg 0.34521915632173544 off 0.3019670316872547	false	0.0
manipulieren	neg 1.0		__DUMMY__ 0.349084453611662 neg 0.3436252836195415 off 0.30729026276879645	false	1.0
unbewiesen	neg 1.0		neg 0.34603816897674705 __DUMMY__ 0.344230103547148 off 0.309731727476105	false	1.0
verschleppen	neg 1.0		__DUMMY__ 0.34793759837396854 neg 0.3433064820053764 off 0.3087559196206549	false	1.0
weib	off 1.0		__DUMMY__ 0.344731101082466 neg 0.3307027779264727 off 0.3245661209910614	false	0.5
opposition	neg 1.0		__DUMMY__ 0.3455833859444174 neg 0.3421588994318429 off 0.31225771462373964	false	1.0
verkehrswidrig	neg 1.0		__DUMMY__ 0.34752452847051174 neg 0.3297233528113605 off 0.3227521187181277	false	1.0
inkorrekt	neg 1.0		__DUMMY__ 0.3443756534437198 neg 0.3400586954369481 off 0.31556565111933205	false	1.0
vermeiden	neg 1.0		__DUMMY__ 0.3515302019058127 neg 0.3443995410856529 off 0.3040702570085343	false	1.0
abweichung	neg 1.0		neg 0.3466662579593657 __DUMMY__ 0.34576168259215195 off 0.30757205944848226	false	1.0
alkoholisiert	neg 1.0		__DUMMY__ 0.35071226726464916 neg 0.33856316669152964 off 0.3107245660438211	false	1.0
scheiss	off 1.0	off 1.0	off 0.6458022078705158 neg 0.18507712623224606 __DUMMY__ 0.16912066589723823	false	1.0
herausforderung	neg 1.0		__DUMMY__ 0.3509475627082094 neg 0.33897869830110805 off 0.3100737389906825	false	1.0
pervers	off 1.0		__DUMMY__ 0.3437816355491978 neg 0.3292029551009958 off 0.3270154093498065	false	0.5
wackelig	neg 1.0		__DUMMY__ 0.35133252880200044 neg 0.33834580737344855 off 0.31032166382455084	false	1.0
verwickeln	neg 1.0		__DUMMY__ 0.34709574924701725 neg 0.34038808018262673 off 0.31251617057035613	false	1.0
vorwand	neg 1.0		__DUMMY__ 0.34825380496386 neg 0.3465316255231671 off 0.3052145695129729	false	1.0
muschi	off 1.0		__DUMMY__ 0.3467236996889419 neg 0.3421574764805596 off 0.31111882383049844	false	0.5
entmutigung	neg 1.0		neg 0.34433522845005987 __DUMMY__ 0.34354338455021105 off 0.31212138699972924	false	1.0
unangemessen	neg 1.0		__DUMMY__ 0.346660101995042 neg 0.34553108882920774 off 0.30780880917575026	false	1.0
unstetig	neg 1.0		__DUMMY__ 0.34700596909516995 neg 0.3377694244204639 off 0.31522460648436634	false	1.0
entmutigen	neg 1.0		__DUMMY__ 0.34884634911586 neg 0.3382634597698455 off 0.31289019111429445	false	1.0
schwanz	neg 1.0		__DUMMY__ 0.34798482051299034 neg 0.342727833007492 off 0.30928734647951767	false	1.0
verbot	neg 1.0		neg 0.3459793586413562 __DUMMY__ 0.3457108072073918 off 0.3083098341512519	false	1.0
leid	neg 1.0		__DUMMY__ 0.34581940888273377 neg 0.33263327032854195 off 0.3215473207887243	false	1.0
archaisch	neg 1.0		__DUMMY__ 0.3473667437108732 neg 0.3437447548432969 off 0.3088885014458298	false	1.0
gegen			neg 0.3475791041021996 __DUMMY__ 0.3473241261387707 off 0.3050967697590299	false	0.0
scheidung	neg 1.0	neg 1.0	neg 0.6461546173549215 off 0.18607820962247865 __DUMMY__ 0.1677671730225998	false	1.0
einschlag	neg 1.0		__DUMMY__ 0.3447652410596705 neg 0.33505325049196133 off 0.3201815084483681	false	1.0
m			__DUMMY__ 0.3494062157891113 neg 0.3399549677505208 off 0.31063881646036784	false	0.0
abgestanden	neg 1.0		__DUMMY__ 0.34965200574633226 neg 0.3379824127477311 off 0.31236558150593674	false	1.0
schmierig	off 1.0		__DUMMY__ 0.34670095198581813 neg 0.33249257432534945 off 0.32080647368883247	false	0.5
unpraktisch	neg 1.0		__DUMMY__ 0.34951505753566586 neg 0.33712108058429124 off 0.31336386188004284	false	1.0
wixxer	off 1.0		__DUMMY__ 0.34324773942025316 neg 0.32976456802481835 off 0.32698769255492843	false	0.5
bezeichnet			__DUMMY__ 0.3469041283224635 neg 0.3433606109842299 off 0.30973526069330665	false	0.0
jammerlappen	off 1.0		__DUMMY__ 0.34719595694967537 neg 0.3371642237344992 off 0.3156398193158254	false	0.5
farce	neg 1.0		neg 0.34721478158900926 __DUMMY__ 0.3445448225581937 off 0.3082403958527971	false	1.0
zwecklos	neg 1.0		__DUMMY__ 0.3473759828064179 neg 0.3447891473940088 off 0.30783486979957325	false	1.0
turbulent	neg 1.0		__DUMMY__ 0.345648277617459 neg 0.3349554453117503 off 0.3193962770707906	false	1.0
invasion	neg 1.0		__DUMMY__ 0.34832388803618314 neg 0.33664294353550145 off 0.31503316842831547	false	1.0
schuld	neg 1.0		__DUMMY__ 0.34749619553211697 neg 0.3408162957767647 off 0.3116875086911183	false	1.0
risiko	neg 1.0		__DUMMY__ 0.3492412293817883 neg 0.3349042143761081 off 0.31585455624210346	false	1.0
finster	neg 1.0		__DUMMY__ 0.34952186795986045 neg 0.3380666198756496 off 0.3124115121644899	false	1.0
geisteskrank	off 1.0		__DUMMY__ 0.3451194375242044 neg 0.3384787174476257 off 0.3164018450281698	false	0.5
zusammenbrechen	neg 1.0		__DUMMY__ 0.3492998289097839 neg 0.3405170764901003 off 0.3101830946001158	false	1.0
ausbeute	neg 1.0		__DUMMY__ 0.35008440296079446 neg 0.3405140669856938 off 0.3094015300535118	false	1.0
hinterhalt	neg 1.0		__DUMMY__ 0.3481169526485656 neg 0.33907138487857386 off 0.31281166247286046	false	1.0
kritik	neg 1.0		neg 0.3459302370836819 __DUMMY__ 0.3453585144950828 off 0.30871124842123515	false	1.0
einschrumpfen	neg 1.0		__DUMMY__ 0.34531883417287174 neg 0.3402242172274528 off 0.31445694859967543	false	1.0
riskant	neg 1.0		__DUMMY__ 0.34879660503464305 neg 0.343905637681424 off 0.307297757283933	false	1.0
frustrieren	neg 1.0		__DUMMY__ 0.3485732375248964 neg 0.3442632201362311 off 0.3071635423388725	false	1.0
groll	neg 1.0		__DUMMY__ 0.3477790445825808 neg 0.34385337542829003 off 0.3083675799891293	false	1.0
gibt			__DUMMY__ 0.34853097875879546 neg 0.34219568577698894 off 0.3092733354642156	false	0.0
qualvoll	neg 1.0		__DUMMY__ 0.34879416827306065 neg 0.3369422129626091 off 0.31426361876433023	false	1.0
wackeln	neg 1.0		__DUMMY__ 0.349946154472935 neg 0.33709507979431086 off 0.3129587657327543	false	1.0
klagen	neg 1.0		__DUMMY__ 0.34780635082194755 neg 0.34734324092468416 off 0.3048504082533684	false	1.0
bankrott	neg 1.0		__DUMMY__ 0.34787065942969936 neg 0.3355821031299894 off 0.3165472374403113	false	1.0
trauern	neg 1.0		__DUMMY__ 0.34887826128740373 neg 0.34343086661296723 off 0.30769087209962903	false	1.0
ablehnung	neg 1.0	neg 1.0	neg 0.6610988050798557 off 0.1706267256612321 __DUMMY__ 0.168274469258912	false	1.0
stur	neg 1.0		__DUMMY__ 0.347622768837505 neg 0.34018144147357865 off 0.3121957896889164	false	1.0
aufruhr	neg 1.0		__DUMMY__ 0.34601839949004926 neg 0.3429265391372071 off 0.31105506137274364	false	1.0
melancholie	neg 1.0		__DUMMY__ 0.350685746265186 neg 0.3391836700224831 off 0.31013058371233077	false	1.0
ist			__DUMMY__ 0.34773767011716644 neg 0.33973212264048996 off 0.31253020724234354	false	0.0
torheit	neg 1.0		__DUMMY__ 0.34488020961702043 neg 0.3441446649893658 off 0.3109751253936138	false	1.0
dreckskind	off 1.0		__DUMMY__ 0.34331858098700097 neg 0.33550819668258397 off 0.32117322233041495	false	0.5
umtauschen	neg 1.0		__DUMMY__ 0.34958340164768836 neg 0.3387808259227513 off 0.31163577242956025	false	1.0
zum			__DUMMY__ 0.3522593438592818 neg 0.34286558055243027 off 0.30487507558828775	false	0.0
zersetzen	neg 1.0		__DUMMY__ 0.34845289769928767 neg 0.34537160955235513 off 0.3061754927483571	false	1.0
zur			__DUMMY__ 0.3492476003033707 neg 0.3478143341203165 off 0.3029380655763128	false	0.0
frust	neg 1.0		__DUMMY__ 0.3488424690211197 neg 0.3415657323776689 off 0.3095917986012115	false	1.0
unerbittlichkeit	neg 1.0		__DUMMY__ 0.34828745975865416 neg 0.3445908327516132 off 0.30712170748973255	false	1.0
zwei			__DUMMY__ 0.3513897924820942 neg 0.3422968261686964 off 0.30631338134920943	false	0.0
unkorrekt	neg 1.0		__DUMMY__ 0.34449351335127587 neg 0.3390838123775492 off 0.3164226742711749	false	1.0
hexe	off 1.0		__DUMMY__ 0.34750730151205356 neg 0.33570001554256035 off 0.31679268294538604	false	0.5
lasch	neg 1.0		__DUMMY__ 0.34643974139658423 neg 0.33969428847816124 off 0.31386597012525447	false	1.0
rivale	neg 1.0		__DUMMY__ 0.3453050871705822 neg 0.33470834623009227 off 0.3199865665993254	false	1.0
mutlos	off 1.0	off 1.0	off 0.6399406247066908 neg 0.1909222197527713 __DUMMY__ 0.169137155540538	false	1.0
wirr	off 1.0		__DUMMY__ 0.34498189114928685 neg 0.336403969940042 off 0.31861413891067114	false	0.5
jahr			__DUMMY__ 0.35059978872743613 neg 0.3409744917571577 off 0.30842571951540615	false	0.0
wird			__DUMMY__ 0.3487343819542937 neg 0.34332714342910975 off 0.3079384746165965	false	0.0
strafbar	neg 1.0		neg 0.34697645610031247 __DUMMY__ 0.346644821985629 off 0.30637872191405846	false	1.0
erosion	neg 1.0		__DUMMY__ 0.34894879924814254 neg 0.33746176648989706 off 0.31358943426196034	false	1.0
eingehen	neg 1.0		__DUMMY__ 0.3478887733416558 neg 0.3443204644253428 off 0.30779076223300134	false	1.0
faul	off 1.0		__DUMMY__ 0.34872064892904975 neg 0.33503043385223774 off 0.3162489172187125	false	0.5
provisorium	neg 1.0		__DUMMY__ 0.3521983465983818 neg 0.3467201647368457 off 0.30108148866477263	false	1.0
schmerzen	neg 1.0		__DUMMY__ 0.3494999464508179 neg 0.33975162663943737 off 0.3107484269097447	false	1.0
schrumpfen	neg 1.0		__DUMMY__ 0.3501798547090491 neg 0.3466189489595754 off 0.3032011963313755	false	1.0
geistlos	off 1.0		__DUMMY__ 0.3445284320992473 neg 0.3429604583020305 off 0.31251110959872225	false	0.5
fehlkauf	neg 1.0		__DUMMY__ 0.34677841636881634 neg 0.33930601470546656 off 0.31391556892571715	false	1.0
frustrierend	neg 1.0		__DUMMY__ 0.3478012733253616 neg 0.33741002417988736 off 0.31478870249475116	false	1.0
unzufrieden	neg 1.0		__DUMMY__ 0.34810646623269054 neg 0.3435692483997282 off 0.3083242853675813	false	1.0
verzweifeln	neg 1.0		__DUMMY__ 0.3488429812241404 neg 0.34038955482857164 off 0.31076746394728794	false	1.0
verzweifelt	neg 1.0		__DUMMY__ 0.34775409156760145 neg 0.3400893911806434 off 0.3121565172517551	false	1.0
misstrauensantrag	neg 1.0		__DUMMY__ 0.3457764776016689 neg 0.34102776103335114 off 0.3131957613649799	false	1.0
abfallen	neg 1.0		__DUMMY__ 0.35063388893868874 neg 0.3357652893569617 off 0.31360082170434944	false	1.0
fucker	off 1.0		__DUMMY__ 0.345598273255009 neg 0.3356947966419438 off 0.3187069301030471	false	0.5
ungezogen	neg 1.0		__DUMMY__ 0.34516095369963895 neg 0.32979916191463177 off 0.32503988438572934	false	1.0
irrsinnig	neg 1.0	neg 1.0	neg 0.65888725381241 off 0.17207306463682315 __DUMMY__ 0.169039681550767	false	1.0
unfassbar	neg 1.0		__DUMMY__ 0.34728621304398005 neg 0.33639497288511155 off 0.3163188140709084	false	1.0
hart	neg 1.0		__DUMMY__ 0.3463611314838781 neg 0.33741314697833813 off 0.31622572153778383	false	1.0
widerlich	off 1.0		__DUMMY__ 0.34608456877370686 neg 0.33735293514254994 off 0.31656249608374315	false	0.5
fatal	neg 1.0		__DUMMY__ 0.34709357744890723 neg 0.33894400022929594 off 0.3139624223217969	false	1.0
bruch	neg 1.0		neg 0.3487563362703913 __DUMMY__ 0.34724607478109043 off 0.30399758894851814	false	1.0
aushungern	neg 1.0		__DUMMY__ 0.345808807348532 neg 0.3437020717944739 off 0.3104891208569941	false	1.0
anspannung	neg 1.0		__DUMMY__ 0.35122131187452227 neg 0.3433439727109058 off 0.3054347154145719	false	1.0
von			__DUMMY__ 0.34993309884186036 neg 0.34323388061203886 off 0.3068330205461009	false	0.0
kraftlos	neg 1.0		__DUMMY__ 0.35097923536573106 neg 0.33925184610471715 off 0.3097689185295519	false	1.0
vom			__DUMMY__ 0.3520118531257947 neg 0.3458501107284973 off 0.30213803614570806	false	0.0
grenzdebil	off 1.0		__DUMMY__ 0.3473500832215686 neg 0.3350872708385333 off 0.3175626459398982	false	0.5
vor			__DUMMY__ 0.35010030056405433 neg 0.34408835260062404 off 0.3058113468353216	false	0.0
unterwerfen	neg 1.0		__DUMMY__ 0.34804267989554927 neg 0.3443724305077157 off 0.30758488959673497	false	1.0
versenkung	neg 1.0		__DUMMY__ 0.34842386872444764 neg 0.34445199524036196 off 0.30712413603519034	false	1.0
entziehen	neg 1.0		__DUMMY__ 0.3484992049025136 neg 0.34676183542149663 off 0.30473895967598963	false	1.0
finanzkrise	neg 1.0		__DUMMY__ 0.3457142102311597 neg 0.344223061220947 off 0.3100627285478932	false	1.0
schimpfend	neg 1.0		__DUMMY__ 0.35111582444277495 neg 0.334045095480174 off 0.31483908007705097	false	1.0
profan	neg 1.0		__DUMMY__ 0.34790101295578635 neg 0.3387030906891098 off 0.3133958963551039	false	1.0
korruption	neg 1.0		neg 0.3463220518978762 __DUMMY__ 0.3457714871158601 off 0.30790646098626384	false	1.0
â			__DUMMY__ 0.3491948231617652 neg 0.34132148066953044 off 0.30948369616870436	false	0.0
schmutzig	neg 1.0		__DUMMY__ 0.34877498168440246 neg 0.3333608581346267 off 0.31786416018097097	false	1.0
sexy	neg 1.0		__DUMMY__ 0.3475265826235848 neg 0.33674821232146473 off 0.3157252050549504	false	1.0
abraten	neg 1.0		__DUMMY__ 0.34846717423418433 neg 0.33882825753827267 off 0.31270456822754295	false	1.0
schwarz	neg 1.0		__DUMMY__ 0.34727514362148215 neg 0.3396607549205089 off 0.3130641014580089	false	1.0
fotze	off 1.0		__DUMMY__ 0.34722566291142376 neg 0.34341387084309294 off 0.3093604662454833	false	0.5
verwirren	neg 1.0		__DUMMY__ 0.3476201484946499 neg 0.33826392907933583 off 0.31411592242601416	false	1.0
zahnlos	off 1.0		__DUMMY__ 0.34700790711172363 neg 0.3450286238831565 off 0.30796346900511995	false	0.5
verheeren	neg 1.0		__DUMMY__ 0.34357074597641396 neg 0.3297419562239943 off 0.3266872977995916	false	1.0
hippie	neg 1.0		__DUMMY__ 0.347322671442222 neg 0.33731682020104586 off 0.3153605083567321	false	1.0
rammen	neg 1.0		__DUMMY__ 0.3476771275751371 neg 0.33805312256164644 off 0.3142697498632165	false	1.0
unlauter	neg 1.0	neg 1.0	neg 0.6588668005477344 off 0.17285284198533024 __DUMMY__ 0.16828035746693532	false	1.0
unheilvoll	neg 1.0		__DUMMY__ 0.3486000192160187 neg 0.3376695516823784 off 0.31373042910160287	false	1.0
niedrig	neg 1.0		__DUMMY__ 0.3476725999283501 neg 0.3442205306144393 off 0.30810686945721044	false	1.0
explosion	neg 1.0		__DUMMY__ 0.3479958234134251 neg 0.3368363014923104 off 0.31516787509426464	false	1.0
weichei	off 1.0		__DUMMY__ 0.3452987356393686 neg 0.33270735950225344 off 0.3219939048583779	false	0.5
minusmensch	off 1.0		__DUMMY__ 0.3416857249705394 neg 0.33321882183504536 off 0.3250954531944151	false	0.5
farblos	neg 1.0		__DUMMY__ 0.3480862939114738 neg 0.3391720035897669 off 0.3127417024987595	false	1.0
unwissend	neg 1.0		__DUMMY__ 0.3464645205357701 neg 0.3377310925991043 off 0.31580438686512563	false	1.0
traurig	neg 1.0		__DUMMY__ 0.34729222479663596 neg 0.3332193200387377 off 0.31948845516462626	false	1.0
senkung	neg 1.0		__DUMMY__ 0.3470998318450535 neg 0.3383114605793727 off 0.3145887075755739	false	1.0
ungleich	neg 1.0	neg 1.0	neg 0.6612164866453069 off 0.16956645907903253 __DUMMY__ 0.16921705427566058	false	1.0
heikel	neg 1.0		__DUMMY__ 0.34843364484339034 neg 0.34554522804340476 off 0.3060211271132048	false	1.0
drosselung	neg 1.0		__DUMMY__ 0.3471576118117797 neg 0.3330152425510151 off 0.3198271456372051	false	1.0
falsch	neg 1.0		__DUMMY__ 0.34725602658337507 neg 0.33771408128420194 off 0.3150298921324231	false	1.0
unzufriedenheit	neg 1.0		__DUMMY__ 0.34848874838671623 neg 0.34554757251469254 off 0.30596367909859123	false	1.0
kurz	neg 1.0		__DUMMY__ 0.35026292116142227 neg 0.339202271108363 off 0.31053480773021486	false	1.0
unsinnig	neg 1.0		__DUMMY__ 0.34760419686411115 neg 0.3438580808663213 off 0.3085377222695674	false	1.0
penner	off 1.0	off 1.0	off 0.6491236999306976 neg 0.18280573458731234 __DUMMY__ 0.1680705654819901	false	1.0
seicht	neg 1.0		__DUMMY__ 0.3436007053037087 neg 0.3325953955944269 off 0.3238038991018644	false	1.0
dummheit	off 1.0	off 1.0	off 0.6431362277485694 neg 0.18815985750904238 __DUMMY__ 0.1687039147423883	false	1.0
unerfreulich	neg 1.0		__DUMMY__ 0.3491973661403741 neg 0.3449711424943705 off 0.30583149136525545	false	1.0
motherfucker	off 1.0	off 1.0	off 0.6462797323662957 neg 0.1854672148431069 __DUMMY__ 0.16825305279059755	false	1.0
pikiert	neg 1.0		__DUMMY__ 0.3465180819856573 neg 0.3380480267387731 off 0.31543389127556964	false	1.0
wrack	neg 1.0		__DUMMY__ 0.34848517191431466 neg 0.3423248245719988 off 0.3091900035136865	false	1.0
gangster	neg 1.0		__DUMMY__ 0.347456955390633 neg 0.33800304897477196 off 0.31453999563459495	false	1.0
krank	neg 1.0		__DUMMY__ 0.3482718170399872 neg 0.33373254897140714 off 0.3179956339886056	false	1.0
reich	neg 1.0		__DUMMY__ 0.34370356365006677 neg 0.34092185007516296 off 0.31537458627477033	false	1.0
gnadenlos	neg 1.0		__DUMMY__ 0.34757849452126716 neg 0.340570544590162 off 0.31185096088857084	false	1.0
niedergeschlagen	neg 1.0		__DUMMY__ 0.3492036393776314 neg 0.34057356509510506 off 0.3102227955272636	false	1.0
terrorisieren	off 1.0	off 1.0	off 0.6400716891069695 neg 0.19006176059356483 __DUMMY__ 0.16986655029946554	false	1.0
sinnlosigkeit	neg 1.0		__DUMMY__ 0.3475497368909236 neg 0.3440445551142048 off 0.3084057079948717	false	1.0
behindern	neg 1.0		__DUMMY__ 0.34911410182015 neg 0.3391306588378519 off 0.31175523934199817	false	1.0
undemokratisch	neg 1.0		__DUMMY__ 0.34513681362216214 neg 0.3434131852209944 off 0.31145000115684357	false	1.0
wirtschaftskrise	neg 1.0		__DUMMY__ 0.3468485942028216 neg 0.3446014728300652 off 0.3085499329671132	false	1.0
neid	neg 1.0		__DUMMY__ 0.3490575692575118 neg 0.3352371063639903 off 0.315705324378498	false	1.0
rutschen	neg 1.0		__DUMMY__ 0.3532878203558349 neg 0.34087687256725313 off 0.30583530707691187	false	1.0
rezession	neg 1.0		__DUMMY__ 0.3441908385035002 neg 0.33566696310424504 off 0.3201421983922548	false	1.0
fehlgeburt	neg 1.0		__DUMMY__ 0.34847904313140476 neg 0.33902484942367506 off 0.3124961074449203	false	1.0
charakterschwach	off 1.0		__DUMMY__ 0.3461137997795147 neg 0.33748916961279923 off 0.3163970306076861	false	0.5
isolation	neg 1.0		__DUMMY__ 0.34706965595635736 neg 0.336435726940407 off 0.31649461710323545	false	1.0
ablenkung	neg 1.0		__DUMMY__ 0.34890911735149444 neg 0.3392126096079435 off 0.311878273040562	false	1.0
pech	neg 1.0		__DUMMY__ 0.34799706043536593 neg 0.33741105890978784 off 0.3145918806548463	false	1.0
vermeidung	neg 1.0		__DUMMY__ 0.34795617001700413 neg 0.3330578836399888 off 0.31898594634300714	false	1.0
dominieren	neg 1.0		__DUMMY__ 0.3471529649267367 neg 0.3436020158900767 off 0.3092450191831866	false	1.0
schwindlig	neg 1.0		__DUMMY__ 0.34919407909257993 neg 0.33594169796726864 off 0.31486422294015143	false	1.0
lutscher	neg 1.0		__DUMMY__ 0.34367187628526213 neg 0.33154830315504025 off 0.3247798205596975	false	1.0
pflicht	neg 1.0		__DUMMY__ 0.3483309472070715 neg 0.34587109484619305 off 0.30579795794673537	false	1.0
faschist	off 1.0		__DUMMY__ 0.3452801536725546 neg 0.34199383882376305 off 0.3127260075036823	false	0.5
verschleudern	neg 1.0		__DUMMY__ 0.3466381398747866 neg 0.3457477853889682 off 0.3076140747362451	false	1.0
wenn			__DUMMY__ 0.34733430377712715 neg 0.3376418248072588 off 0.3150238714156141	false	0.0
ehebruch	neg 1.0		__DUMMY__ 0.3475054909823068 neg 0.3447532156224786 off 0.30774129339521455	false	1.0
spott	off 1.0		__DUMMY__ 0.3476968872136864 neg 0.34516658694788727 off 0.3071365258384265	false	0.5
trostlosigkeit	neg 1.0		neg 0.34804402099403303 __DUMMY__ 0.34673701163161375 off 0.3052189673743532	false	1.0
lutschen	neg 1.0		__DUMMY__ 0.3457152733986696 neg 0.3390305466167719 off 0.31525417998455835	false	1.0
undiszipliniert	neg 1.0		__DUMMY__ 0.3467746521759523 neg 0.3347400590456583 off 0.31848528877838944	false	1.0
kopfschmerz	neg 1.0		__DUMMY__ 0.3490677977094116 neg 0.3396442811974425 off 0.3112879210931459	false	1.0
unvorhergesehen	neg 1.0		__DUMMY__ 0.35072269568656034 neg 0.33868508295801997 off 0.3105922213554197	false	1.0
desinteressiert	neg 1.0		__DUMMY__ 0.34619767501422904 neg 0.33596868007562763 off 0.3178336449101432	false	1.0
armselig	off 1.0		__DUMMY__ 0.3455413937653714 neg 0.33589408213577565 off 0.31856452409885294	false	0.5
desaster	neg 1.0		neg 0.3496541813597301 __DUMMY__ 0.34696713770690163 off 0.30337868093336834	false	1.0
tod	neg 1.0		__DUMMY__ 0.34728124747743794 neg 0.3452197365085923 off 0.3074990160139699	false	1.0
herzlos	neg 1.0		__DUMMY__ 0.34705352266528866 neg 0.3327795721442278 off 0.3201669051904835	false	1.0
unwissenheit	neg 1.0		__DUMMY__ 0.3473805053121175 neg 0.3442471044353673 off 0.30837239025251534	false	1.0
widersinnig	neg 1.0		neg 0.3467815670145394 __DUMMY__ 0.3449733560657794 off 0.30824507691968106	false	1.0
bedenklich	neg 1.0		__DUMMY__ 0.34816647536257367 neg 0.34481578143179503 off 0.30701774320563124	false	1.0
beanstanden	neg 1.0		__DUMMY__ 0.3482376744344112 neg 0.3464791149511059 off 0.30528321061448277	false	1.0
panisch	neg 1.0	neg 1.0	neg 0.6551490695281051 off 0.17393963935184373 __DUMMY__ 0.17091129112005113	false	1.0
debil	off 1.0		__DUMMY__ 0.3497426223728659 neg 0.3469428611545686 off 0.3033145164725653	false	0.5
abstrich	neg 1.0		__DUMMY__ 0.35050917033598855 neg 0.3362875035510016 off 0.3132033261130099	false	1.0
primitiv	neg 1.0		__DUMMY__ 0.3458612799536085 neg 0.337081442337939 off 0.3170572777084525	false	1.0
abschaum	off 1.0	off 1.0	off 0.6444533533501766 neg 0.18719612692455437 __DUMMY__ 0.16835051972526893	false	1.0
provozieren	neg 1.0		__DUMMY__ 0.34694290123466526 neg 0.3421479166538297 off 0.3109091821115051	false	1.0
tot	neg 1.0		__DUMMY__ 0.34771420234560413 neg 0.34202100495706894 off 0.31026479269732693	false	1.0
instabil	neg 1.0		__DUMMY__ 0.34404094998560614 neg 0.33698892026790256 off 0.31897012974649136	false	1.0
schwuchtel	off 1.0		__DUMMY__ 0.34133449019945805 neg 0.3293522402713012 off 0.32931326952924084	false	0.5
zerren	neg 1.0		__DUMMY__ 0.3489779602866822 neg 0.3411397556791206 off 0.30988228403419715	false	1.0
kinderficker	off 1.0		__DUMMY__ 0.3444294942059808 neg 0.3350841575099362 off 0.3204863482840832	false	0.5
gefahr	neg 1.0		__DUMMY__ 0.34727974601090456 neg 0.34554766164161255 off 0.30717259234748306	false	1.0
rabiat	neg 1.0		__DUMMY__ 0.3479106669058837 neg 0.34098793521307696 off 0.31110139788103935	false	1.0
verlangsamung	neg 1.0		__DUMMY__ 0.3439858103255924 neg 0.33223426385454097 off 0.3237799258198667	false	1.0
ausgestorben	neg 1.0		__DUMMY__ 0.3485702529981366 neg 0.341695294501852 off 0.3097344525000115	false	1.0
anklagen	neg 1.0		__DUMMY__ 0.34714058655735647 neg 0.3423902111108553 off 0.3104692023317882	false	1.0
trott	neg 1.0		__DUMMY__ 0.3487008495617228 neg 0.33961318541479757 off 0.3116859650234797	false	1.0
verminderung	neg 1.0		__DUMMY__ 0.3463512151499378 neg 0.33476628418224785 off 0.31888250066781426	false	1.0
nach			__DUMMY__ 0.35227271126332643 neg 0.34266583577445064 off 0.3050614529622228	false	0.0
rost	neg 1.0		__DUMMY__ 0.3446421472340551 neg 0.3309068363160349 off 0.32445101644991003	false	1.0
destruktiv	neg 1.0		__DUMMY__ 0.3466909851380728 neg 0.34381686387525257 off 0.3094921509866746	false	1.0
unzumutbarkeit	neg 1.0		__DUMMY__ 0.3472707170977515 neg 0.33412251935198134 off 0.31860676355026724	false	1.0
labil	off 1.0	off 1.0	off 0.6451238866070221 neg 0.18646230810237616 __DUMMY__ 0.1684138052906017	false	1.0
ziemlich	neg 1.0		__DUMMY__ 0.34722736485061295 neg 0.33586715044052246 off 0.31690548470886465	false	1.0
lachnummer	off 1.0		__DUMMY__ 0.3466108776782224 neg 0.34398204806583665 off 0.30940707425594094	false	0.5
oder			__DUMMY__ 0.34911122227234415 neg 0.3392986579532277 off 0.31159011977442813	false	0.0
verfall	neg 1.0		__DUMMY__ 0.3492101054163479 neg 0.3481691650568307 off 0.3026207295268214	false	1.0
ausgrenzung	neg 1.0		__DUMMY__ 0.3454133121518181 neg 0.3421308220701044 off 0.31245586577807755	false	1.0
unordnung	neg 1.0		__DUMMY__ 0.3442699577340623 neg 0.3358774389102928 off 0.3198526033556447	false	1.0
fehlverhalten	neg 1.0		__DUMMY__ 0.3473154991391931 neg 0.3461959934580758 off 0.3064885074027312	false	1.0
eine			__DUMMY__ 0.34988560385917317 neg 0.3440420779256933 off 0.3060723182151335	false	0.0
nille	neg 1.0		__DUMMY__ 0.34626079158941786 neg 0.3431838109562223 off 0.31055539745435984	false	1.0
qual	neg 1.0		__DUMMY__ 0.34850037468196093 neg 0.3400242498769568 off 0.3114753754410822	false	1.0
verschwenden	neg 1.0		__DUMMY__ 0.34881131547672595 neg 0.34360706009524994 off 0.30758162442802406	false	1.0
riesig	neg 1.0		__DUMMY__ 0.349398460771152 neg 0.3392365283042709 off 0.3113650109245771	false	1.0
verurteilen	neg 1.0		__DUMMY__ 0.3470348913082749 neg 0.3445568391843972 off 0.3084082695073279	false	1.0
klischee	neg 1.0	neg 1.0	neg 0.6582616056577183 off 0.1733689921497026 __DUMMY__ 0.16836940219257915	false	1.0
diktatorisch	neg 1.0		__DUMMY__ 0.3445195215638231 neg 0.34445139500046495 off 0.3110290834357119	false	1.0
vorhersehbar	neg 1.0		__DUMMY__ 0.34629454614332394 neg 0.34116398078225824 off 0.3125414730744178	false	1.0
sowie			__DUMMY__ 0.34402556653041805 neg 0.33395677219917397 off 0.32201766127040804	false	0.0
stornieren	neg 1.0		__DUMMY__ 0.3493026768959244 neg 0.33551144906045255 off 0.3151858740436231	false	1.0
besteuerung	neg 1.0		__DUMMY__ 0.3472787490139296 neg 0.3400647360765386 off 0.31265651490953167	false	1.0
ungeschminkt	neg 1.0		__DUMMY__ 0.347033781875279 neg 0.3352796275247036 off 0.3176865906000173	false	1.0
kritisch	neg 1.0		__DUMMY__ 0.3474097433524541 neg 0.3456607711159098 off 0.30692948553163596	false	1.0
schlamperei	off 1.0		__DUMMY__ 0.34677063802556146 neg 0.34599802902673576 off 0.3072313329477027	false	0.5
sucht	neg 1.0	neg 1.0	neg 0.6545055872649991 off 0.1746141675379674 __DUMMY__ 0.17088024519703354	false	1.0
egoistisch	off 1.0		__DUMMY__ 0.3454746247114096 neg 0.33261010676073743 off 0.32191526852785285	false	0.5
ausbeuter	off 1.0		__DUMMY__ 0.34723453347942507 neg 0.3466323275894356 off 0.30613313893113947	false	0.5
arschgeburt	off 1.0		__DUMMY__ 0.3413037812782413 neg 0.32956035251907423 off 0.3291358662026843	false	0.5
schubs	neg 1.0	neg 1.0	neg 0.6579685602834653 off 0.1712112219356596 __DUMMY__ 0.17082021778087497	false	1.0
unsolide	neg 1.0		neg 0.3450072459941385 __DUMMY__ 0.3419388406903663 off 0.3130539133154953	false	1.0
beschwerde	neg 1.0		__DUMMY__ 0.346776706363786 neg 0.3451127479444735 off 0.3081105456917405	false	1.0
stocken	neg 1.0		__DUMMY__ 0.34863290142576586 neg 0.342634253913124 off 0.3087328446611102	false	1.0
isolieren	neg 1.0		__DUMMY__ 0.34962538404545984 neg 0.33879589027450036 off 0.3115787256800398	false	1.0
unheilbar	neg 1.0		__DUMMY__ 0.3484995748489271 neg 0.3390569963325048 off 0.3124434288185682	false	1.0
pisser	off 1.0		__DUMMY__ 0.344879808686202 neg 0.3356053278659543 off 0.31951486344784363	false	0.5
löschen	neg 1.0		__DUMMY__ 0.3474942411770523 neg 0.34012906102704066 off 0.3123766977959069	false	1.0
durchfallen	neg 1.0		__DUMMY__ 0.3479951620304172 neg 0.3445319017446769 off 0.3074729362249059	false	1.0
wichser	off 1.0		__DUMMY__ 0.343928661725621 neg 0.3298698665853629 off 0.3262014716890161	false	0.5
terror	neg 1.0		__DUMMY__ 0.3481848118087185 neg 0.33616124348762644 off 0.31565394470365504	false	1.0
krass	neg 1.0		__DUMMY__ 0.34626957233274946 neg 0.33356669126553246 off 0.3201637364017182	false	1.0
revolte	neg 1.0	neg 1.0	neg 0.6598363988186126 off 0.1729518727576366 __DUMMY__ 0.16721172842375095	false	1.0
besorgt	neg 1.0		__DUMMY__ 0.35025141236533425 neg 0.3391799481843752 off 0.31056863945029056	false	1.0
nachlassen	neg 1.0		__DUMMY__ 0.3499475231544123 neg 0.33981128340978073 off 0.3102411934358071	false	1.0
alt	neg 1.0		__DUMMY__ 0.34989243688716415 neg 0.3421695174064792 off 0.30793804570635663	false	1.0
hundesohn	off 1.0		__DUMMY__ 0.34255041718850027 neg 0.3328408022510901 off 0.32460878056040965	false	0.5
als			__DUMMY__ 0.3491152419989819 neg 0.34181987943887343 off 0.30906487856214476	false	0.0
abschreckung	neg 1.0		__DUMMY__ 0.34790576980395727 neg 0.3466579947609393 off 0.3054362354351035	false	1.0
unqualifiziert	neg 1.0		__DUMMY__ 0.3462435415409418 neg 0.34089012701579535 off 0.31286633144326287	false	1.0
abgewichst	off 1.0		__DUMMY__ 0.3477919967256012 neg 0.3418406778289672 off 0.3103673254454315	false	0.5
schwer	neg 1.0		__DUMMY__ 0.34867736951123846 neg 0.3404500208848757 off 0.31087260960388585	false	1.0
bedeutungslosigkeit	neg 1.0		__DUMMY__ 0.3474751109965569 neg 0.34666382819220337 off 0.30586106081123965	false	1.0
kapitulation	neg 1.0		neg 0.3472681538712769 __DUMMY__ 0.3455184317567261 off 0.30721341437199706	false	1.0
unscharf	neg 1.0		__DUMMY__ 0.3478633595615042 neg 0.33749483170802363 off 0.31464180873047204	false	1.0
schwinden	neg 1.0		__DUMMY__ 0.34939003437384497 neg 0.34301786173412707 off 0.3075921038920279	false	1.0
versklavung	neg 1.0		__DUMMY__ 0.34521887465936313 neg 0.343490031647592 off 0.3112910936930448	false	1.0
schlecht	neg 1.0		__DUMMY__ 0.3474523241007953 neg 0.33514281939274065 off 0.3174048565064641	false	1.0
verhasst	neg 1.0		__DUMMY__ 0.3465770816383309 neg 0.3426674496195992 off 0.31075546874206994	false	1.0
beschweren	neg 1.0		__DUMMY__ 0.3481730745878611 neg 0.3388731107667759 off 0.31295381464536304	false	1.0
scheiden	neg 1.0		__DUMMY__ 0.34834040688750106 neg 0.34092205503108797 off 0.3107375380814109	false	1.0
frustriert	neg 1.0		__DUMMY__ 0.34843460197083465 neg 0.34187652399970087 off 0.3096888740294644	false	1.0
schimmelig	neg 1.0		__DUMMY__ 0.34831724275115333 neg 0.3436206800848903 off 0.3080620771639564	false	1.0
fisch	neg 1.0		__DUMMY__ 0.3485827535645368 neg 0.3428261520878394 off 0.3085910943476239	false	1.0
schmuggel	neg 1.0		__DUMMY__ 0.35031615094473356 neg 0.3421370888452896 off 0.3075467602099767	false	1.0
auffallen	neg 1.0		__DUMMY__ 0.3477548222026391 neg 0.33899269890687583 off 0.313252478890485	false	1.0
konkurrenz	neg 1.0		__DUMMY__ 0.34904101944239124 neg 0.3453486993443303 off 0.3056102812132785	false	1.0
teufelskreis	neg 1.0		__DUMMY__ 0.34798829045596513 neg 0.342201094486195 off 0.30981061505783974	false	1.0
aufschreien	neg 1.0		__DUMMY__ 0.3467225751609375 neg 0.3405868483458936 off 0.3126905764931689	false	1.0
schuldner	neg 1.0		__DUMMY__ 0.3473727705412621 neg 0.34558760016854995 off 0.30703962929018797	false	1.0
missgeburt	off 1.0	off 1.0	off 0.6479422639415818 neg 0.1850121161936048 __DUMMY__ 0.16704561986481342	false	1.0
arbeitslos	neg 1.0		__DUMMY__ 0.3474385975682713 neg 0.3443112668934628 off 0.3082501355382658	false	1.0
befallen	neg 1.0		__DUMMY__ 0.34689660767376923 neg 0.34439100256691446 off 0.30871238975931636	false	1.0
miesepetrig	off 1.0		__DUMMY__ 0.34852557579876564 neg 0.3336313376416034 off 0.31784308655963095	false	0.5
alarmieren	neg 1.0		__DUMMY__ 0.34574655514756186 neg 0.33851053103952133 off 0.31574291381291675	false	1.0
ungeduscht	off 1.0		__DUMMY__ 0.34783963181818267 neg 0.33748443043415954 off 0.31467593774765784	false	0.5
knappheit	neg 1.0		__DUMMY__ 0.3475241186364158 neg 0.34359947864353746 off 0.30887640272004663	false	1.0
schlange	neg 1.0		__DUMMY__ 0.3491597498660547 neg 0.3375025715280077 off 0.31333767860593753	false	1.0
harsch	neg 1.0		__DUMMY__ 0.34696526438170594 neg 0.3289416962163726 off 0.3240930394019214	false	1.0
lang	neg 1.0		__DUMMY__ 0.3481576557373982 neg 0.3389474111313254 off 0.3128949331312764	false	1.0
ziellos	neg 1.0		__DUMMY__ 0.3489105229237253 neg 0.3425741921211015 off 0.30851528495517316	false	1.0
selbstverliebt	neg 1.0		__DUMMY__ 0.34194639079186034 neg 0.33165961992190024 off 0.3263939892862395	false	1.0
beseitigen	neg 1.0		__DUMMY__ 0.34845284004128757 neg 0.338907341627743 off 0.31263981833096943	false	1.0
dumm	off 1.0		__DUMMY__ 0.3448958730680066 neg 0.33269249020290226 off 0.3224116367290912	false	0.5
arbeitsloser	neg 1.0		__DUMMY__ 0.34760760376260724 neg 0.3449804853519258 off 0.3074119108854668	false	1.0
blitzen	neg 1.0		__DUMMY__ 0.3473388899447147 neg 0.3373568992950738 off 0.3153042107602116	false	1.0
hilflos	neg 1.0		__DUMMY__ 0.34864139789434195 neg 0.34195270309995984 off 0.3094058990056982	false	1.0
eklig	off 1.0		__DUMMY__ 0.3442776896472652 neg 0.332616549865876 off 0.3231057604868588	false	0.5
begriff			__DUMMY__ 0.3479394432823709 neg 0.34256150783472333 off 0.30949904888290564	false	0.0
hungersnot	neg 1.0		__DUMMY__ 0.34546480309257166 neg 0.3446542077973899 off 0.3098809891100385	false	1.0
ungesetzlich	neg 1.0		__DUMMY__ 0.34427198653514945 neg 0.34355256415292634 off 0.3121754493119242	false	1.0
verschwendung	neg 1.0		__DUMMY__ 0.34884985951420283 neg 0.3445324236754161 off 0.30661771681038097	false	1.0
schmerzvoll	neg 1.0		__DUMMY__ 0.3482779649476914 neg 0.3387010833909902 off 0.31302095166131844	false	1.0
vorzeitig	neg 1.0		__DUMMY__ 0.346715434745149 neg 0.33652614189576574 off 0.3167584233590852	false	1.0
unvollkommenheit	neg 1.0		__DUMMY__ 0.3483135222144604 neg 0.3398200516140574 off 0.31186642617148236	false	1.0
intervenieren	neg 1.0		__DUMMY__ 0.3469384077647092 neg 0.3466217533258932 off 0.3064398389093976	false	1.0
banause	off 1.0		__DUMMY__ 0.3440881039817314 neg 0.3311545132153799 off 0.3247573828028887	false	0.5
rebell	neg 1.0		__DUMMY__ 0.3496300561797366 neg 0.3440773168187431 off 0.30629262700152027	false	1.0
unlogisch	neg 1.0		__DUMMY__ 0.345404569284575 neg 0.33594686722993955 off 0.31864856348548554	false	1.0
leiden	neg 1.0	neg 1.0	neg 0.6560891146783161 __DUMMY__ 0.17296515031210302 off 0.1709457350095809	false	1.0
abschaffung	neg 1.0		__DUMMY__ 0.34609488142610445 neg 0.34244463360202415 off 0.31146048497187145	false	1.0
sturz	neg 1.0		__DUMMY__ 0.3463045741844497 neg 0.341368024709563 off 0.31232740110598733	false	1.0
verkleinerung	neg 1.0		__DUMMY__ 0.34437604539539785 neg 0.34176041759647546 off 0.31386353700812675	false	1.0
schmarotzer	off 1.0		__DUMMY__ 0.34688688429606596 neg 0.34562376403369843 off 0.3074893516702356	false	0.5
bestrafung	neg 1.0		__DUMMY__ 0.3476603378763524 neg 0.33992717226486163 off 0.312412489858786	false	1.0
achtlos	neg 1.0		__DUMMY__ 0.3490759119149038 neg 0.33982043157746705 off 0.31110365650762906	false	1.0
ungeheuer	neg 1.0		__DUMMY__ 0.34764371975874825 neg 0.33871141569753677 off 0.313644864543715	false	1.0
unaufrichtig	neg 1.0		__DUMMY__ 0.3460032628561528 neg 0.34007317435243817 off 0.3139235627914091	false	1.0
groggy	neg 1.0		__DUMMY__ 0.3469517015508627 neg 0.33823719430829746 off 0.3148111041408398	false	1.0
verletzlich	neg 1.0		__DUMMY__ 0.34687231977203514 neg 0.3357365060827827 off 0.31739117414518225	false	1.0
ablehnen	neg 1.0		__DUMMY__ 0.34719142850754936 neg 0.34461893979503666 off 0.3081896316974139	false	1.0
