unsolidarisch	neg 1.0		__DUMMY__ 0.4881989038981739 neg 0.2702629168368356 off 0.24153817926499055	false	1.0
nachteilig	neg 1.0		__DUMMY__ 0.49320280356571294 neg 0.26769206397874695 off 0.23910513245554013	false	1.0
skeptisch	neg 1.0		__DUMMY__ 0.49480437920195924 neg 0.2687253244876071 off 0.23647029631043376	false	1.0
schrecklich	neg 1.0		__DUMMY__ 0.490793309102468 neg 0.25848043560940315 off 0.25072625528812875	false	1.0
schlapp	neg 1.0		__DUMMY__ 0.4942627547909021 neg 0.25885358208349457 off 0.24688366312560348	false	1.0
abfall	neg 1.0		__DUMMY__ 0.4957607382086186 neg 0.26929753326516304 off 0.2349417285262184	false	1.0
widerspenstig	neg 1.0		__DUMMY__ 0.4958509405165497 neg 0.2619010171245559 off 0.24224804235889438	false	1.0
abrupt	neg 1.0		__DUMMY__ 0.4971945217524474 neg 0.2616315652376557 off 0.241173913009897	false	1.0
unwirksam	neg 1.0		__DUMMY__ 0.4886748303068717 neg 0.2696531451341682 off 0.24167202455895997	false	1.0
angreifen	neg 1.0		__DUMMY__ 0.4935592069017693 neg 0.26874675771194984 off 0.23769403538628078	false	1.0
inkonsistent	neg 1.0		__DUMMY__ 0.49256024080942556 neg 0.2629348084687433 off 0.2445049507218313	false	1.0
abrutschen	neg 1.0		__DUMMY__ 0.4962511219910353 neg 0.268567376934967 off 0.23518150107399755	false	1.0
unsicher	neg 1.0		__DUMMY__ 0.49415732690930514 neg 0.263916231705626 off 0.24192644138506902	false	1.0
bauernkind	off 1.0		__DUMMY__ 0.48714613213658364 neg 0.25921172634095174 off 0.2536421415224646	false	0.5
angreifer	neg 1.0		__DUMMY__ 0.4907262993667821 neg 0.26424393440923566 off 0.24502976622398218	false	1.0
trennen	neg 1.0		__DUMMY__ 0.4972956611196728 neg 0.26486843860769305 off 0.23783590027263413	false	1.0
schmutz	neg 1.0		__DUMMY__ 0.4960534134042911 neg 0.2554823116892046 off 0.2484642749065042	false	1.0
inkonsistenz	neg 1.0	neg 1.0	neg 0.620281200698699 __DUMMY__ 0.240664571453552 off 0.139054227847749	false	1.0
erschreckend	neg 1.0		__DUMMY__ 0.49310600061093085 neg 0.2664789244270919 off 0.24041507496197737	false	1.0
ertrinken	neg 1.0		__DUMMY__ 0.4961705394300737 neg 0.2648528774657484 off 0.23897658310417777	false	1.0
pickelface	off 1.0		__DUMMY__ 0.49148202928441287 neg 0.2659062644941597 off 0.24261170622142728	false	0.5
seiner			__DUMMY__ 0.49438906888047757 neg 0.2679639821476975 off 0.2376469489718249	false	0.0
lauch	neg 1.0		__DUMMY__ 0.4954258584515984 neg 0.26812397458940274 off 0.2364501669589987	false	1.0
unwichtig	neg 1.0		__DUMMY__ 0.49203018411524313 neg 0.2615289910797096 off 0.24644082480504717	false	1.0
steuerhinterziehung	neg 1.0		__DUMMY__ 0.48999015615885033 neg 0.2694705033349412 off 0.24053934050620843	false	1.0
schock	neg 1.0		__DUMMY__ 0.4967890978179051 neg 0.26228203542880163 off 0.2409288667532934	false	1.0
beule	neg 1.0		__DUMMY__ 0.4934258214767509 neg 0.2584679599662127 off 0.24810621855703635	false	1.0
vergelten	neg 1.0		__DUMMY__ 0.48896671601908914 neg 0.25892054679421156 off 0.25211273718669924	false	1.0
verdorbenheit	neg 1.0		__DUMMY__ 0.49445492548632886 neg 0.26194344547117615 off 0.24360162904249513	false	1.0
trauma	neg 1.0		__DUMMY__ 0.4929170365537414 neg 0.26322243233158316 off 0.24386053111467534	false	1.0
sinnlos	neg 1.0		__DUMMY__ 0.4930267620908627 neg 0.2628713712743493 off 0.24410186663478783	false	1.0
fettsack	off 1.0	off 1.0	off 0.6135319313928301 __DUMMY__ 0.2393486472047195 neg 0.14711942140245024	false	1.0
feige	off 1.0		__DUMMY__ 0.4907718065686305 neg 0.26348567351683627 off 0.24574251991453322	false	0.5
abdanken	neg 1.0		__DUMMY__ 0.4883252959815265 neg 0.2714152552503446 off 0.2402594487681289	false	1.0
wichtigtuer	off 1.0	off 1.0	off 0.6082010813452265 __DUMMY__ 0.24083633085097741 neg 0.15096258780379604	false	1.0
misslingen	neg 1.0		__DUMMY__ 0.4962957366864523 neg 0.25852793586875783 off 0.24517632744478995	false	1.0
untreu	off 1.0		__DUMMY__ 0.4919733425981285 neg 0.2607766647813193 off 0.24724999262055203	false	0.5
missmutig	neg 1.0		__DUMMY__ 0.4940743638257651 neg 0.25970335019373975 off 0.24622228598049503	false	1.0
hurenbock	off 1.0		__DUMMY__ 0.49595752249159103 neg 0.2596833594163175 off 0.24435911809209152	false	0.5
betrunken	neg 1.0		__DUMMY__ 0.4928136926330376 neg 0.2581356909214495 off 0.24905061644551288	false	1.0
korrupt	off 1.0		__DUMMY__ 0.4900880405166805 neg 0.2708240337028375 off 0.239087925780482	false	0.5
unmut	neg 1.0		__DUMMY__ 0.494437385634154 neg 0.270093989710657 off 0.23546862465518886	false	1.0
hackfresse	off 1.0		__DUMMY__ 0.4894767368850572 neg 0.2563591351876307 off 0.25416412792731213	false	0.5
aufblasen	neg 1.0		__DUMMY__ 0.4950683001393688 neg 0.2612161227291818 off 0.24371557713144948	false	1.0
gewaltsam	neg 1.0		__DUMMY__ 0.4908930752859719 neg 0.26627618837888706 off 0.2428307363351411	false	1.0
unbeliebtheit	neg 1.0		__DUMMY__ 0.4870576838393857 neg 0.2648377575944735 off 0.2481045585661408	false	1.0
sturheit	neg 1.0		__DUMMY__ 0.4922550996154837 neg 0.26719684872879923 off 0.2405480516557171	false	1.0
kuh	neg 1.0		__DUMMY__ 0.49201898671768984 neg 0.26437914023903913 off 0.24360187304327083	false	1.0
erschrecken	neg 1.0		__DUMMY__ 0.49336226112794357 neg 0.2609889645824258 off 0.24564877428963053	false	1.0
opfer	neg 1.0		__DUMMY__ 0.4940762009101715 neg 0.26753129700478984 off 0.2383925020850387	false	1.0
sinken	neg 1.0		__DUMMY__ 0.4945390648956211 neg 0.2692105052471935 off 0.2362504298571855	false	1.0
stinktier	neg 1.0		__DUMMY__ 0.48913939287462277 neg 0.26001159147566266 off 0.2508490156497147	false	1.0
tucke	off 1.0		__DUMMY__ 0.4904936561139571 off 0.25510335924968014 neg 0.25440298463636285	false	1.0
ein			__DUMMY__ 0.4960114976068712 neg 0.2609429927449911 off 0.24304550964813773	false	0.0
abstieg	neg 1.0		__DUMMY__ 0.49213657655529996 neg 0.26791934919289995 off 0.2399440742518002	false	1.0
missverstehen	neg 1.0		__DUMMY__ 0.4910965187104033 neg 0.26542506310994135 off 0.24347841817965524	false	1.0
ergebnislos	neg 1.0		__DUMMY__ 0.4926611995018647 neg 0.2678288449140686 off 0.23950995558406665	false	1.0
unter			__DUMMY__ 0.4998760267812469 neg 0.2680399526789076 off 0.2320840205398456	false	0.0
manipulieren	neg 1.0		__DUMMY__ 0.4947488487064511 neg 0.26726182874451815 off 0.23798932254903085	false	1.0
unbewiesen	neg 1.0		__DUMMY__ 0.4880771849278559 neg 0.2706368384796821 off 0.24128597659246198	false	1.0
verschleppen	neg 1.0		__DUMMY__ 0.493198968963276 neg 0.2671884364513523 off 0.2396125945853717	false	1.0
weib	off 1.0		__DUMMY__ 0.48878273410311845 neg 0.2557428711525908 off 0.25547439474429073	false	0.5
opposition	neg 1.0		__DUMMY__ 0.48993894958820683 neg 0.2666618636670128 off 0.24339918674478037	false	1.0
verkehrswidrig	neg 1.0		__DUMMY__ 0.49265463660332587 neg 0.2541876073332619 off 0.2531577560634123	false	1.0
inkorrekt	neg 1.0		__DUMMY__ 0.4882855046912139 neg 0.26483936422767235 off 0.24687513108111375	false	1.0
vermeiden	neg 1.0		__DUMMY__ 0.4981231312654226 neg 0.2675161638114039 off 0.23436070492317362	false	1.0
abweichung	neg 1.0		__DUMMY__ 0.4901939728265075 neg 0.2709334775757992 off 0.2388725495976933	false	1.0
alkoholisiert	neg 1.0		__DUMMY__ 0.4970577460635973 neg 0.26205124813519676 off 0.2408910058012059	false	1.0
scheiss	off 1.0	off 1.0	off 0.6112216658433799 __DUMMY__ 0.24154131177556415 neg 0.14723702238105602	false	1.0
herausforderung	neg 1.0		__DUMMY__ 0.49734175333738273 neg 0.26236225672574714 off 0.2402959899368701	false	1.0
pervers	off 1.0		__DUMMY__ 0.48747085505227483 off 0.2580317583060856 neg 0.2544973866416396	false	1.0
wackelig	neg 1.0		__DUMMY__ 0.4978376988845807 neg 0.26173831152295046 off 0.2404239895924688	false	1.0
verwickeln	neg 1.0		__DUMMY__ 0.49199541868707963 neg 0.2645949718001539 off 0.24340960951276647	false	1.0
vorwand	neg 1.0		__DUMMY__ 0.49359231529806047 neg 0.27027695705294696 off 0.23613072764899248	false	1.0
muschi	off 1.0		__DUMMY__ 0.491504441589827 neg 0.2663773189138094 off 0.24211823949636344	false	0.5
entmutigung	neg 1.0		__DUMMY__ 0.48714736664905633 neg 0.26912998464865767 off 0.24372264870228594	false	1.0
unangemessen	neg 1.0		__DUMMY__ 0.49140008484882497 neg 0.2696509827836567 off 0.23894893236751846	false	1.0
unstetig	neg 1.0		__DUMMY__ 0.49194619945799634 neg 0.26206709644494175 off 0.2459867040970618	false	1.0
entmutigen	neg 1.0		__DUMMY__ 0.4944188427628686 neg 0.2621563257151159 off 0.24342483152201544	false	1.0
schwanz	neg 1.0		__DUMMY__ 0.49325784002369416 neg 0.2666642796598807 off 0.24007788031642516	false	1.0
verbot	neg 1.0		__DUMMY__ 0.4901196254412274 neg 0.27025717492451534 off 0.23962319963425732	false	1.0
leid	neg 1.0		__DUMMY__ 0.4902586672828515 neg 0.257391325483251 off 0.2523500072338975	false	1.0
archaisch	neg 1.0		__DUMMY__ 0.4923788912394406 neg 0.26777885367661014 off 0.2398422550839493	false	1.0
gegen			__DUMMY__ 0.49232776309061654 neg 0.271466294058201 off 0.2362059428511824	false	0.0
scheidung	neg 1.0	neg 1.0	neg 0.6086004065402855 __DUMMY__ 0.239639949131103 off 0.15175964432861155	false	1.0
einschlag	neg 1.0		__DUMMY__ 0.48882774012079216 neg 0.2599341949925535 off 0.2512380648866543	false	1.0
m			__DUMMY__ 0.4951653445727375 neg 0.26370773032056827 off 0.24112692510669417	false	0.0
abgestanden	neg 1.0		__DUMMY__ 0.4955742512069561 neg 0.2617635835642832 off 0.24266216522876058	false	1.0
schmierig	off 1.0		__DUMMY__ 0.49146908896861313 neg 0.2570659206935316 off 0.2514649903378553	false	0.5
unpraktisch	neg 1.0		__DUMMY__ 0.4953392069508062 neg 0.26094792636539366 off 0.2437128666838	false	1.0
wixxer	off 1.0		__DUMMY__ 0.4867379632680222 off 0.25810560293036056 neg 0.2551564338016171	false	1.0
bezeichnet			__DUMMY__ 0.49173416163587486 neg 0.26750503620700644 off 0.24076080215711887	false	0.0
jammerlappen	off 1.0		__DUMMY__ 0.4921313530809858 neg 0.2614692148601095 off 0.24639943205890483	false	0.5
farce	neg 1.0		__DUMMY__ 0.48851520643250934 neg 0.27171155023905863 off 0.23977324332843203	false	1.0
zwecklos	neg 1.0		__DUMMY__ 0.49237576999975774 neg 0.2687931190094759 off 0.23883111099076645	false	1.0
turbulent	neg 1.0		__DUMMY__ 0.4900934728068127 neg 0.25962020410577585 off 0.25028632308741133	false	1.0
invasion	neg 1.0		__DUMMY__ 0.4936836461506998 neg 0.260722661237528 off 0.24559369261177214	false	1.0
schuld	neg 1.0		__DUMMY__ 0.4925392795246838 neg 0.26492790323550114 off 0.24253281723981512	false	1.0
risiko	neg 1.0		__DUMMY__ 0.4950094734263454 neg 0.25878108019777313 off 0.2462094463758814	false	1.0
finster	neg 1.0		__DUMMY__ 0.4953674573291158 neg 0.2618825110217879 off 0.2427500316490964	false	1.0
geisteskrank	off 1.0		__DUMMY__ 0.48928130469315795 neg 0.26317306610517577 off 0.24754562920166623	false	0.5
zusammenbrechen	neg 1.0		__DUMMY__ 0.4950185593078191 neg 0.2642541625066853 off 0.24072727818549552	false	1.0
ausbeute	neg 1.0		__DUMMY__ 0.4961641039914179 neg 0.26408679192486983 off 0.23974910408371233	false	1.0
hinterhalt	neg 1.0		__DUMMY__ 0.4934763786609124 neg 0.2630757645252083 off 0.24344785681387934	false	1.0
kritik	neg 1.0		__DUMMY__ 0.4896340607888159 neg 0.27028723607954996 off 0.24007870313163418	false	1.0
einschrumpfen	neg 1.0		__DUMMY__ 0.4895779953322872 neg 0.2648170500306132 off 0.24560495463709955	false	1.0
riskant	neg 1.0		__DUMMY__ 0.4943283840535254 neg 0.2676335568940607 off 0.2380380590524139	false	1.0
frustrieren	neg 1.0		__DUMMY__ 0.4940233226563533 neg 0.2680277053923277 off 0.237948971951319	false	1.0
groll	neg 1.0		__DUMMY__ 0.4929450634468467 neg 0.26777907079911367 off 0.23927586575403956	false	1.0
gibt			__DUMMY__ 0.49395952519624725 neg 0.2660406360873355 off 0.23999983871641717	false	0.0
qualvoll	neg 1.0		__DUMMY__ 0.49434802285360624 neg 0.2609212433226731 off 0.24473073382372063	false	1.0
wackeln	neg 1.0		__DUMMY__ 0.49592300654381544 neg 0.2608186348392549 off 0.2432583586169296	false	1.0
klagen	neg 1.0		__DUMMY__ 0.49299377822122054 neg 0.2711395491048145 off 0.23586667267396508	false	1.0
bankrott	neg 1.0		__DUMMY__ 0.4930712334324389 neg 0.2598144674014237 off 0.24711429916613747	false	1.0
trauern	neg 1.0		__DUMMY__ 0.49447756759836464 neg 0.2671300879066395 off 0.23839234449499577	false	1.0
ablehnung	neg 1.0	neg 1.0	neg 0.6233550235225651 __DUMMY__ 0.2403382297469383 off 0.13630674673049656	false	1.0
stur	neg 1.0		__DUMMY__ 0.4927159719730145 neg 0.2642862856514365 off 0.24299774237554903	false	1.0
aufruhr	neg 1.0		__DUMMY__ 0.49055366423354874 neg 0.26725256276189646 off 0.24219377300455489	false	1.0
melancholie	neg 1.0		__DUMMY__ 0.4969658888959389 neg 0.26268166499836343 off 0.24035244610569767	false	1.0
ist			__DUMMY__ 0.4928700305503979 neg 0.2638460406900931 off 0.24328392875950897	false	0.0
torheit	neg 1.0		__DUMMY__ 0.48897646047849674 neg 0.2686723554687743 off 0.2423511840527289	false	1.0
dreckskind	off 1.0		__DUMMY__ 0.48683364976773325 neg 0.2607055383436924 off 0.25246081188857417	false	0.5
umtauschen	neg 1.0		__DUMMY__ 0.4954429896413316 neg 0.2625531304931667 off 0.24200387986550165	false	1.0
zum			__DUMMY__ 0.49912414652502307 neg 0.2658899007303985 off 0.23498595274457829	false	0.0
zersetzen	neg 1.0		__DUMMY__ 0.4938681953991804 neg 0.26911026947054434 off 0.23702153513027538	false	1.0
zur			__DUMMY__ 0.49497388145555316 neg 0.27130183180478296 off 0.23372428673966378	false	0.0
frust	neg 1.0		__DUMMY__ 0.494388801935966 neg 0.2653643601581489 off 0.24024683790588505	false	1.0
unerbittlichkeit	neg 1.0		__DUMMY__ 0.4936470569548824 neg 0.2683762260303857 off 0.23797671701473203	false	1.0
zwei			__DUMMY__ 0.4979167358757817 neg 0.26553888230362 off 0.23654438182059828	false	0.0
unkorrekt	neg 1.0		__DUMMY__ 0.48846036988781066 neg 0.26387915766332876 off 0.24766047244886039	false	1.0
hexe	off 1.0		__DUMMY__ 0.49261466907999496 neg 0.25999748510499193 off 0.24738784581501305	false	0.5
lasch	neg 1.0		__DUMMY__ 0.4911063137064446 neg 0.264053008434805 off 0.24484067785875044	false	1.0
rivale	neg 1.0		__DUMMY__ 0.48957411520497857 neg 0.2594910419601135 off 0.250934842834908	false	1.0
mutlos	off 1.0	off 1.0	off 0.6054537614288528 __DUMMY__ 0.24155190141321106 neg 0.15299433715793617	false	1.0
wirr	off 1.0		__DUMMY__ 0.48914319875164736 neg 0.26119053242089374 off 0.24966626882745893	false	0.5
jahr			__DUMMY__ 0.49685264022934833 neg 0.26441614598988333 off 0.23873121378076834	false	0.0
wird			__DUMMY__ 0.49423989259639994 neg 0.26710659243336393 off 0.23865351497023618	false	0.0
strafbar	neg 1.0		__DUMMY__ 0.4913880597737713 neg 0.2710389424629002 off 0.23757299776332844	false	1.0
erosion	neg 1.0		__DUMMY__ 0.4945458832381984 neg 0.261386602087149 off 0.2440675146746526	false	1.0
eingehen	neg 1.0		__DUMMY__ 0.4930786822688463 neg 0.26822652367003025 off 0.23869479406112326	false	1.0
faul	off 1.0		__DUMMY__ 0.4942489288821365 neg 0.2590997952496773 off 0.24665127586818617	false	0.5
provisorium	neg 1.0		__DUMMY__ 0.4990308467448242 neg 0.2696419142024092 off 0.23132723905276664	false	1.0
schmerzen	neg 1.0		__DUMMY__ 0.49532693342763495 neg 0.2635146155314367 off 0.2411584510409283	false	1.0
schrumpfen	neg 1.0		__DUMMY__ 0.49626281133209893 neg 0.26993653007257584 off 0.23380065859532512	false	1.0
geistlos	off 1.0		__DUMMY__ 0.48848596356978113 neg 0.26760125192743883 off 0.24391278450278012	false	0.5
fehlkauf	neg 1.0		__DUMMY__ 0.4915696954794593 neg 0.2636205496283648 off 0.2448097548921758	false	1.0
frustrierend	neg 1.0		__DUMMY__ 0.4929645886893267 neg 0.2615810405120422 off 0.24545437079863125	false	1.0
unzufrieden	neg 1.0		__DUMMY__ 0.49337871062186556 neg 0.2674544412392857 off 0.2391668481388489	false	1.0
verzweifeln	neg 1.0		__DUMMY__ 0.4943896679538254 neg 0.2642295643982916 off 0.24138076764788288	false	1.0
verzweifelt	neg 1.0		__DUMMY__ 0.4928904407589886 neg 0.2641846054514541 off 0.24292495378955736	false	1.0
misstrauensantrag	neg 1.0		__DUMMY__ 0.4901977134617532 neg 0.26553237651878075 off 0.24426991001946596	false	1.0
abfallen	neg 1.0		__DUMMY__ 0.49687392632439725 neg 0.2593977561513493 off 0.24372831752425336	false	1.0
fucker	off 1.0		__DUMMY__ 0.4899274910520522 neg 0.26039281250342555 off 0.2496796964445223	false	0.5
ungezogen	neg 1.0		__DUMMY__ 0.4893685343132102 off 0.25584627812223837 neg 0.25478518756455143	false	0.5
irrsinnig	neg 1.0	neg 1.0	neg 0.6210228848857217 __DUMMY__ 0.24140428261877728 off 0.137572832495501	false	1.0
unfassbar	neg 1.0		__DUMMY__ 0.4922610304238407 neg 0.2607096633370361 off 0.24702930623912336	false	1.0
hart	neg 1.0		__DUMMY__ 0.49105757390027316 neg 0.2618711187574829 off 0.247071307342244	false	1.0
widerlich	off 1.0		__DUMMY__ 0.49060912671100404 neg 0.2618881830696883 off 0.24750269021930757	false	0.5
fatal	neg 1.0		__DUMMY__ 0.49198348178736123 neg 0.26321454562050456 off 0.2448019725921343	false	1.0
bruch	neg 1.0		__DUMMY__ 0.4922332996577111 neg 0.27262490556982 off 0.23514179477246885	false	1.0
aushungern	neg 1.0		__DUMMY__ 0.49025691091314416 neg 0.26801299599347184 off 0.24173009309338392	false	1.0
anspannung	neg 1.0		__DUMMY__ 0.49769528478618785 neg 0.2665556753192043 off 0.23574903989460785	false	1.0
von			__DUMMY__ 0.4959516806608341 neg 0.26672994284624274 off 0.2373183764929232	false	0.0
kraftlos	neg 1.0		__DUMMY__ 0.49734614205622607 neg 0.26267308131630696 off 0.239980776627467	false	1.0
vom			__DUMMY__ 0.49878479496677186 neg 0.26884427169424546 off 0.23237093333898265	false	0.0
grenzdebil	off 1.0		__DUMMY__ 0.4923484321055805 neg 0.2594337825814167 off 0.24821778531300273	false	0.5
vor			__DUMMY__ 0.49612368447788363 neg 0.2675368584346282 off 0.2363394570874881	false	0.0
unterwerfen	neg 1.0		__DUMMY__ 0.4933130044899808 neg 0.26821920654875536 off 0.23846778896126375	false	1.0
versenkung	neg 1.0		__DUMMY__ 0.49382235814995057 neg 0.2682268647321629 off 0.23795077711788654	false	1.0
entziehen	neg 1.0		__DUMMY__ 0.4939269336828762 neg 0.27044693482216425 off 0.23562613149495945	false	1.0
finanzkrise	neg 1.0		__DUMMY__ 0.49013238303338974 neg 0.26858608365930386 off 0.24128153330730642	false	1.0
schimpfend	neg 1.0		__DUMMY__ 0.49757434933125605 neg 0.2576149895876812 off 0.24481066108106278	false	1.0
profan	neg 1.0		__DUMMY__ 0.49310574451862166 neg 0.26281304516758636 off 0.24408121031379196	false	1.0
korruption	neg 1.0		__DUMMY__ 0.4902020595094502 neg 0.2705852549892023 off 0.23921268550134747	false	1.0
â			__DUMMY__ 0.4948773683864863 neg 0.2650768449661435 off 0.24004578664737028	false	0.0
schmutzig	neg 1.0		__DUMMY__ 0.49431390418341026 neg 0.25745692334914266 off 0.24822917246744713	false	1.0
sexy	neg 1.0		__DUMMY__ 0.4925795301014989 neg 0.261004898926724 off 0.24641557097177713	false	1.0
abraten	neg 1.0		__DUMMY__ 0.4938902331546634 neg 0.2628145985065906 off 0.24329516833874595	false	1.0
schwarz	neg 1.0		__DUMMY__ 0.4922378612645352 neg 0.2638718941293045 off 0.24389024460616016	false	1.0
fotze	off 1.0		__DUMMY__ 0.49219819236018636 neg 0.26748984275071874 off 0.24031196488909481	false	0.5
verwirren	neg 1.0		__DUMMY__ 0.49271037470386037 neg 0.26244570274233053 off 0.24484392255380893	false	1.0
zahnlos	off 1.0		__DUMMY__ 0.49186939752135234 neg 0.26909805891345434 off 0.2390325435651934	false	0.5
verheeren	neg 1.0		__DUMMY__ 0.4871965526742401 off 0.25776521420769966 neg 0.2550382331180601	false	0.5
hippie	neg 1.0		__DUMMY__ 0.49229763045980257 neg 0.2615931754871697 off 0.2461091940530278	false	1.0
rammen	neg 1.0		__DUMMY__ 0.4928523273545107 neg 0.26223630900880407 off 0.2449113636366854	false	1.0
unlauter	neg 1.0	neg 1.0	neg 0.6211478272930283 __DUMMY__ 0.24035224928906715 off 0.13849992341790454	false	1.0
unheilvoll	neg 1.0		__DUMMY__ 0.4940994627184256 neg 0.26166453260445866 off 0.24423600467711576	false	1.0
niedrig	neg 1.0		__DUMMY__ 0.49284532979099077 neg 0.26817495455087115 off 0.2389797156581382	false	1.0
explosion	neg 1.0		__DUMMY__ 0.4932382341586443 neg 0.26098084387382475 off 0.24578092196753076	false	1.0
weichei	off 1.0		__DUMMY__ 0.48954024997131795 neg 0.25758666368858607 off 0.2528730863400959	false	0.5
minusmensch	off 1.0		__DUMMY__ 0.4845998311869568 neg 0.2587924178872388 off 0.25660775092580435	false	0.5
farblos	neg 1.0		__DUMMY__ 0.493447364720644 neg 0.2631988224318024 off 0.24335381284755356	false	1.0
unwissend	neg 1.0		__DUMMY__ 0.491127214670256 neg 0.2621813526771671 off 0.24669143265257706	false	1.0
traurig	neg 1.0		__DUMMY__ 0.4922741212430694 neg 0.25763712286804796 off 0.2500887558888827	false	1.0
senkung	neg 1.0		__DUMMY__ 0.49203704887913774 neg 0.2625965492795442 off 0.2453664018413182	false	1.0
ungleich	neg 1.0	neg 1.0	neg 0.6232774816281835 __DUMMY__ 0.24166361285468804 off 0.13505890551712846	false	1.0
heikel	neg 1.0		__DUMMY__ 0.4938368605933583 neg 0.2692925595801397 off 0.2368705798265021	false	1.0
drosselung	neg 1.0		__DUMMY__ 0.4921287796063828 neg 0.2574535554354485 off 0.2504176649581687	false	1.0
falsch	neg 1.0		__DUMMY__ 0.49221675698816175 neg 0.26199040509366905 off 0.24579283791816928	false	1.0
unzufriedenheit	neg 1.0		__DUMMY__ 0.4939182072940651 neg 0.2692650452565428 off 0.23681674744939207	false	1.0
kurz	neg 1.0		__DUMMY__ 0.49635398853677837 neg 0.26279963805415896 off 0.24084637340906254	false	1.0
unsinnig	neg 1.0		__DUMMY__ 0.49269506927771894 neg 0.2678414723100637 off 0.2394634584122172	false	1.0
penner	off 1.0	off 1.0	off 0.6147606457575037 __DUMMY__ 0.24004364165381564 neg 0.1451957125886807	false	1.0
seicht	neg 1.0		__DUMMY__ 0.4872120481543981 neg 0.2578008641138451 off 0.2549870877317566	false	1.0
dummheit	off 1.0	off 1.0	off 0.6087008422132821 __DUMMY__ 0.24093490666675949 neg 0.15036425111995833	false	1.0
unerfreulich	neg 1.0		__DUMMY__ 0.4948919930848063 neg 0.2685813493066436 off 0.2365266576085501	false	1.0
motherfucker	off 1.0	off 1.0	off 0.6119144051794896 __DUMMY__ 0.24029781930771493 neg 0.14778777551279548	false	1.0
pikiert	neg 1.0		__DUMMY__ 0.4912110958739857 neg 0.26246352812621426 off 0.2463253759998002	false	1.0
wrack	neg 1.0		__DUMMY__ 0.4939808076490289 neg 0.2661672941395366 off 0.2398518982114345	false	1.0
gangster	neg 1.0		__DUMMY__ 0.4924848027457781 neg 0.26223534544324045 off 0.24527985181098158	false	1.0
krank	neg 1.0		__DUMMY__ 0.49362920887518674 neg 0.2579364737402442 off 0.24843431738456923	false	1.0
reich	neg 1.0		__DUMMY__ 0.4874126198708577 neg 0.2658310849672783 off 0.24675629516186384	false	1.0
gnadenlos	neg 1.0		__DUMMY__ 0.49264832417220467 neg 0.2646775543145128 off 0.24267412151328266	false	1.0
niedergeschlagen	neg 1.0		__DUMMY__ 0.4949104715169061 neg 0.2643306234395401 off 0.24075890504355368	false	1.0
terrorisieren	off 1.0	off 1.0	off 0.6054373200878963 __DUMMY__ 0.24258067558971816 neg 0.15198200432238546	false	1.0
sinnlosigkeit	neg 1.0		__DUMMY__ 0.4926157035052587 neg 0.2680364554615492 off 0.2393478410331921	false	1.0
behindern	neg 1.0		__DUMMY__ 0.49477222648065605 neg 0.26296829423183826 off 0.24225947928750569	false	1.0
undemokratisch	neg 1.0		__DUMMY__ 0.4893318067940979 neg 0.2678951311133408 off 0.24277306209256136	false	1.0
wirtschaftskrise	neg 1.0		__DUMMY__ 0.4916926332088869 neg 0.26869090569912824 off 0.2396164610919847	false	1.0
neid	neg 1.0		__DUMMY__ 0.4947156679723701 neg 0.25920951200936637 off 0.24607482001826353	false	1.0
rutschen	neg 1.0		__DUMMY__ 0.50052823393784 neg 0.2637618803958761 off 0.2357098856662838	false	1.0
rezession	neg 1.0		__DUMMY__ 0.48803466865673406 neg 0.2606503651435854 off 0.25131496619968047	false	1.0
fehlgeburt	neg 1.0		__DUMMY__ 0.49399170978296897 neg 0.26295935950194893 off 0.24304893071508227	false	1.0
charakterschwach	off 1.0		__DUMMY__ 0.49066246889249576 neg 0.26199072990431643 off 0.24734680120318783	false	0.5
isolation	neg 1.0		__DUMMY__ 0.4919642597722965 neg 0.2608017529798481 off 0.24723398724785534	false	1.0
ablenkung	neg 1.0		__DUMMY__ 0.49448397641060526 neg 0.2630873026208565 off 0.2424287209685382	false	1.0
pech	neg 1.0		__DUMMY__ 0.4932728854393349 neg 0.26156549405511587 off 0.24516162050554918	false	1.0
vermeidung	neg 1.0		__DUMMY__ 0.49321114077358774 neg 0.25733716641973525 off 0.24945169280667687	false	1.0
dominieren	neg 1.0		__DUMMY__ 0.49211808268320617 neg 0.2676757262494712 off 0.24020619106732263	false	1.0
schwindlig	neg 1.0		__DUMMY__ 0.4949016556495602 neg 0.2598907936080033 off 0.24520755074243653	false	1.0
lutscher	neg 1.0		__DUMMY__ 0.48732287411482433 neg 0.25679730598353223 off 0.2558798199016435	false	1.0
pflicht	neg 1.0		__DUMMY__ 0.49369310070326927 neg 0.269617540335417 off 0.2366893589613137	false	1.0
faschist	off 1.0		__DUMMY__ 0.4895367596293496 neg 0.2664853973767896 off 0.2439778429938609	false	0.5
verschleudern	neg 1.0		__DUMMY__ 0.49140423029382446 neg 0.26985350245241546 off 0.23874226725375997	false	1.0
wenn			__DUMMY__ 0.4923177626931485 neg 0.2619130744365838 off 0.24576916287026762	false	0.0
ehebruch	neg 1.0		__DUMMY__ 0.49258429568315965 neg 0.2686901804535539 off 0.23872552386328638	false	1.0
spott	off 1.0		__DUMMY__ 0.4928409345016906 neg 0.26905168071686575 off 0.23810738478144372	false	0.5
trostlosigkeit	neg 1.0		__DUMMY__ 0.4915211260375462 neg 0.27206763953875207 off 0.23641123442370185	false	1.0
lutschen	neg 1.0		__DUMMY__ 0.49013748294903436 neg 0.2635688670320613 off 0.24629365001890427	false	1.0
undiszipliniert	neg 1.0		__DUMMY__ 0.4915733147604521 neg 0.25921964152296256 off 0.24920704371658545	false	1.0
kopfschmerz	neg 1.0		__DUMMY__ 0.4947433339447449 neg 0.2634912736441606 off 0.24176539241109454	false	1.0
unvorhergesehen	neg 1.0		__DUMMY__ 0.4970188400387307 neg 0.2621911756864116 off 0.24078998427485765	false	1.0
desinteressiert	neg 1.0		__DUMMY__ 0.49076520764084425 neg 0.2605307045390136 off 0.2487040878201422	false	1.0
armselig	off 1.0		__DUMMY__ 0.489862785742066 neg 0.26058402908719186 off 0.2495531851707422	false	0.5
desaster	neg 1.0		__DUMMY__ 0.49183175285422087 neg 0.2735634964334536 off 0.23460475071232542	false	1.0
tod	neg 1.0		__DUMMY__ 0.49232159050243274 neg 0.26922675229769216 off 0.238451657199875	false	1.0
herzlos	neg 1.0		__DUMMY__ 0.49194533058644135 neg 0.2572541427460321 off 0.2508005266675266	false	1.0
unwissenheit	neg 1.0		__DUMMY__ 0.4923973713309285 neg 0.26824562348176856 off 0.23935700518730285	false	1.0
widersinnig	neg 1.0		__DUMMY__ 0.4890961755375694 neg 0.27120077475736404 off 0.23970304970506665	false	1.0
bedenklich	neg 1.0		__DUMMY__ 0.4934662451955287 neg 0.26864623764256096 off 0.23788751716191048	false	1.0
beanstanden	neg 1.0		__DUMMY__ 0.4935769419315383 neg 0.2702209987635855 off 0.2362020593048762	false	1.0
panisch	neg 1.0	neg 1.0	neg 0.6169021312186745 __DUMMY__ 0.24405807411920344 off 0.13903979466212202	false	1.0
debil	off 1.0		__DUMMY__ 0.4956748088361498 neg 0.27037022754702383 off 0.23395496361682652	false	0.5
abstrich	neg 1.0		__DUMMY__ 0.496806644659858 neg 0.2599092987172621 off 0.24328405662287983	false	1.0
primitiv	neg 1.0		__DUMMY__ 0.49030291570788337 neg 0.26166679228115686 off 0.2480302920109598	false	1.0
abschaum	off 1.0	off 1.0	off 0.6100866323902523 __DUMMY__ 0.24043873682947967 neg 0.14947463078026801	false	1.0
provozieren	neg 1.0		__DUMMY__ 0.4917798973186775 neg 0.26633535693223953 off 0.24188474574908309	false	1.0
tot	neg 1.0		__DUMMY__ 0.492930666706925 neg 0.2660441351293137 off 0.2410251981637612	false	1.0
instabil	neg 1.0		__DUMMY__ 0.48785282618376374 neg 0.2619532607555774 off 0.2501939130606588	false	1.0
schwuchtel	off 1.0		__DUMMY__ 0.48410231507451185 off 0.26074986045142795 neg 0.25514782447406015	false	1.0
zerren	neg 1.0		__DUMMY__ 0.4945784417302585 neg 0.2649296100741262 off 0.24049194819561517	false	1.0
kinderficker	off 1.0		__DUMMY__ 0.4883674172358827 neg 0.26000637246721187 off 0.2516262102969055	false	0.5
gefahr	neg 1.0		__DUMMY__ 0.4922755795878943 neg 0.2695070467704915 off 0.23821737364161422	false	1.0
rabiat	neg 1.0		__DUMMY__ 0.49311946252378275 neg 0.2650033363237299 off 0.24187720115248726	false	1.0
verlangsamung	neg 1.0		__DUMMY__ 0.4877730434223752 neg 0.257352882731883 off 0.2548740738457418	false	1.0
ausgestorben	neg 1.0		__DUMMY__ 0.49402191413616786 neg 0.26555833203686957 off 0.2404197538269627	false	1.0
anklagen	neg 1.0		__DUMMY__ 0.49209951577100125 neg 0.26647354960684555 off 0.24142693462215306	false	1.0
trott	neg 1.0		__DUMMY__ 0.494194089830566 neg 0.2635307561372084 off 0.2422751540322256	false	1.0
verminderung	neg 1.0		__DUMMY__ 0.4909947263565927 neg 0.25934579898453664 off 0.2496594746588707	false	1.0
nach			__DUMMY__ 0.4991320694278591 neg 0.26569255344730247 off 0.2351753771248384	false	0.0
rost	neg 1.0		__DUMMY__ 0.48869423519568106 neg 0.2559195174445273 off 0.25538624735979165	false	1.0
destruktiv	neg 1.0		__DUMMY__ 0.49144766935758366 neg 0.267987190100488 off 0.24056514054192835	false	1.0
unzumutbarkeit	neg 1.0		__DUMMY__ 0.4922865797916619 neg 0.2584877214656862 off 0.24922569874265196	false	1.0
labil	off 1.0	off 1.0	off 0.6107377811528197 __DUMMY__ 0.24052388904744912 neg 0.14873832979973114	false	1.0
ziemlich	neg 1.0		__DUMMY__ 0.4921783551559823 neg 0.26021866039812214 off 0.2476029844458957	false	1.0
lachnummer	off 1.0		__DUMMY__ 0.4913305528071739 neg 0.268158782633111 off 0.24051066455971512	false	0.5
oder			__DUMMY__ 0.4947676971893777 neg 0.26314462363529373 off 0.24208767917532878	false	0.0
verfall	neg 1.0		__DUMMY__ 0.49491908336061297 neg 0.27165072390173606 off 0.233430192737651	false	1.0
ausgrenzung	neg 1.0		__DUMMY__ 0.48971456730863483 neg 0.2665942996470016 off 0.24369113304436346	false	1.0
unordnung	neg 1.0		__DUMMY__ 0.488193198287803 neg 0.2608202755939776 off 0.25098652611821937	false	1.0
fehlverhalten	neg 1.0		__DUMMY__ 0.49230610399970953 neg 0.27013530827350296 off 0.23755858772678745	false	1.0
eine			__DUMMY__ 0.495829335989178 neg 0.26754729752212875 off 0.2366233664886932	false	0.0
nille	neg 1.0		__DUMMY__ 0.49085840318869295 neg 0.26747333892965164 off 0.24166825788165547	false	1.0
qual	neg 1.0		__DUMMY__ 0.4939183155078115 neg 0.2639669438356585 off 0.24211474065652994	false	1.0
verschwenden	neg 1.0		__DUMMY__ 0.494353493943445 neg 0.2673568818826473 off 0.23828962417390764	false	1.0
riesig	neg 1.0		__DUMMY__ 0.49521512008872526 neg 0.26296887659302176 off 0.2418160033182531	false	1.0
verurteilen	neg 1.0		__DUMMY__ 0.4919297439165659 neg 0.2686019638116212 off 0.23946829227181277	false	1.0
klischee	neg 1.0	neg 1.0	neg 0.6205473909862788 __DUMMY__ 0.2404578261066856 off 0.13899478290703562	false	1.0
diktatorisch	neg 1.0		__DUMMY__ 0.48848533695518875 neg 0.26902656052581897 off 0.24248810251899225	false	1.0
vorhersehbar	neg 1.0		__DUMMY__ 0.4908965092009938 neg 0.26552046939275586 off 0.24358302140625035	false	1.0
sowie			__DUMMY__ 0.48779426112382357 neg 0.25903912557045367 off 0.2531666133057228	false	0.0
stornieren	neg 1.0		__DUMMY__ 0.49508911650683995 neg 0.2593900347114737 off 0.2455208487816864	false	1.0
besteuerung	neg 1.0		__DUMMY__ 0.4922843978417595 neg 0.26425275107020096 off 0.24346285108803953	false	1.0
ungeschminkt	neg 1.0		__DUMMY__ 0.491951002014413 neg 0.2596987475819336 off 0.24835025040365338	false	1.0
kritisch	neg 1.0		__DUMMY__ 0.4924310354197454 neg 0.26961017776944857 off 0.23795878681080615	false	1.0
schlamperei	off 1.0		__DUMMY__ 0.4915827430419322 neg 0.2700486718097765 off 0.23836858514829132	false	0.5
sucht	neg 1.0	neg 1.0	neg 0.6162437800818599 __DUMMY__ 0.24404387036400133 off 0.13971234955413872	false	1.0
egoistisch	off 1.0		__DUMMY__ 0.48978473902003944 neg 0.25742299960702614 off 0.2527922613729345	false	0.5
ausbeuter	off 1.0		__DUMMY__ 0.49220038973942437 neg 0.2705722546234231 off 0.2372273556371525	false	0.5
arschgeburt	off 1.0		__DUMMY__ 0.48406728204304883 off 0.2605928484463793 neg 0.25533986951057175	false	1.0
schubs	neg 1.0	neg 1.0	neg 0.6197311560521168 __DUMMY__ 0.24394277003425915 off 0.13632607391362406	false	1.0
unsolide	neg 1.0		__DUMMY__ 0.48494094512100455 neg 0.270132708883945 off 0.24492634599505037	false	1.0
beschwerde	neg 1.0		__DUMMY__ 0.49159359597395025 neg 0.26919618032977405 off 0.23921022369627576	false	1.0
stocken	neg 1.0		__DUMMY__ 0.49414412454313295 neg 0.2664100878169335 off 0.2394457876399337	false	1.0
isolieren	neg 1.0		__DUMMY__ 0.49552305716253603 neg 0.2624579639571256 off 0.24201897888033835	false	1.0
unheilbar	neg 1.0		__DUMMY__ 0.4939491447106934 neg 0.2629759431104395 off 0.24307491217886706	false	1.0
pisser	off 1.0		__DUMMY__ 0.48899450800698213 neg 0.2604305629577923 off 0.2505749290352256	false	0.5
löschen	neg 1.0		__DUMMY__ 0.49254114057790455 neg 0.26427397083651694 off 0.2431848885855786	false	1.0
durchfallen	neg 1.0		__DUMMY__ 0.49323505179972293 neg 0.2684107374441824 off 0.23835421075609475	false	1.0
wichser	off 1.0		__DUMMY__ 0.48765540910615596 off 0.2572285502977762 neg 0.25511604059606796	false	1.0
terror	neg 1.0		__DUMMY__ 0.49350307705620006 neg 0.260304117236305 off 0.246192805707495	false	1.0
krass	neg 1.0		__DUMMY__ 0.49089368477373574 neg 0.2582079313126466 off 0.25089838391361763	false	1.0
revolte	neg 1.0	neg 1.0	neg 0.622341724486149 __DUMMY__ 0.23883890220058973 off 0.1388193733132613	false	1.0
besorgt	neg 1.0		__DUMMY__ 0.49635623728254574 neg 0.2627413555936956 off 0.24090240712375868	false	1.0
nachlassen	neg 1.0		__DUMMY__ 0.49595685607565687 neg 0.2634114522898963 off 0.24063169163444686	false	1.0
alt	neg 1.0		__DUMMY__ 0.49591328692427733 neg 0.26574314719828185 off 0.23834356587744093	false	1.0
hundesohn	off 1.0		__DUMMY__ 0.4857831287147049 neg 0.2582391133596051 off 0.25597775792568994	false	0.5
als			__DUMMY__ 0.4947778332122822 neg 0.26555204771463764 off 0.2396701190730801	false	0.0
abschreckung	neg 1.0		__DUMMY__ 0.4931301671910404 neg 0.2704463643783519 off 0.23642346843060766	false	1.0
unqualifiziert	neg 1.0		__DUMMY__ 0.4908403321355218 neg 0.2652434195121724 off 0.24391624835230588	false	1.0
abgewichst	off 1.0		__DUMMY__ 0.4929643202792774 neg 0.2658557989846032 off 0.2411798807361194	false	0.5
schwer	neg 1.0		__DUMMY__ 0.4941628824929754 neg 0.264332704986096 off 0.2415044125209286	false	1.0
bedeutungslosigkeit	neg 1.0		__DUMMY__ 0.4925225582988772 neg 0.2705613000199247 off 0.23691614168119812	false	1.0
kapitulation	neg 1.0		__DUMMY__ 0.4898510944667731 neg 0.27154811901777337 off 0.23860078651545355	false	1.0
unscharf	neg 1.0		__DUMMY__ 0.4931013735295959 neg 0.2616700918774475 off 0.24522853459295668	false	1.0
schwinden	neg 1.0		__DUMMY__ 0.49518374504547896 neg 0.26661371243551396 off 0.23820254251900702	false	1.0
versklavung	neg 1.0		__DUMMY__ 0.4894482655265785 neg 0.2679623978788039 off 0.24258933659461746	false	1.0
schlecht	neg 1.0		__DUMMY__ 0.4924845410676955 neg 0.25946142318563725 off 0.24805403574666726	false	1.0
verhasst	neg 1.0		__DUMMY__ 0.4912831714048773 neg 0.2669111241201703 off 0.24180570447495223	false	1.0
beschweren	neg 1.0		__DUMMY__ 0.4934712788257843 neg 0.2629115367917859 off 0.24361718438242969	false	1.0
scheiden	neg 1.0		__DUMMY__ 0.4937684300093589 neg 0.2648596281667888 off 0.2413719418238524	false	1.0
frustriert	neg 1.0		__DUMMY__ 0.49382688654746576 neg 0.26575823095996387 off 0.24041488249257048	false	1.0
schimmelig	neg 1.0		__DUMMY__ 0.493739091506833 neg 0.2675046336751585 off 0.23875627481800862	false	1.0
fisch	neg 1.0		__DUMMY__ 0.4941242884345461 neg 0.2666528214650786 off 0.2392228901003752	false	1.0
schmuggel	neg 1.0		__DUMMY__ 0.49649369583103775 neg 0.26554643847101267 off 0.23795986569794966	false	1.0
auffallen	neg 1.0		__DUMMY__ 0.492897136392452 neg 0.26312544679995575 off 0.24397741680759236	false	1.0
konkurrenz	neg 1.0		__DUMMY__ 0.49469732889774487 neg 0.2689437343544377 off 0.2363589367478173	false	1.0
teufelskreis	neg 1.0		__DUMMY__ 0.4932183153045745 neg 0.26616127892385794 off 0.24062040577156765	false	1.0
aufschreien	neg 1.0		__DUMMY__ 0.4914779984119272 neg 0.26488279286157934 off 0.24363920872649347	false	1.0
schuldner	neg 1.0		__DUMMY__ 0.49241139038852233 neg 0.26952914828182073 off 0.238059461329657	false	1.0
missgeburt	off 1.0	off 1.0	off 0.6137838110595333 __DUMMY__ 0.23861476105878737 neg 0.1476014278816793	false	1.0
arbeitslos	neg 1.0		__DUMMY__ 0.4924606871807656 neg 0.26831350215019356 off 0.2392258106690409	false	1.0
befallen	neg 1.0		__DUMMY__ 0.4917768442165353 neg 0.268485131112473 off 0.23973802467099167	false	1.0
miesepetrig	off 1.0		__DUMMY__ 0.4939873688562849 neg 0.25778220626267645 off 0.24823042488103866	false	0.5
alarmieren	neg 1.0		__DUMMY__ 0.4901836518480632 neg 0.26302960112557133 off 0.2467867470263655	false	1.0
ungeduscht	off 1.0		__DUMMY__ 0.49305334520179783 neg 0.2616849390911197 off 0.24526171570708247	false	0.5
knappheit	neg 1.0		__DUMMY__ 0.49262612081575813 neg 0.2675822975791924 off 0.23979158160504963	false	1.0
schlange	neg 1.0		__DUMMY__ 0.4948406685619075 neg 0.26138877436416935 off 0.24377055707392295	false	1.0
harsch	neg 1.0		__DUMMY__ 0.49185482094322824 off 0.25459253567217505 neg 0.2535526433845967	false	0.5
lang	neg 1.0		__DUMMY__ 0.49345008007126573 neg 0.2629911306064377 off 0.24355878932229671	false	1.0
ziellos	neg 1.0		__DUMMY__ 0.4944871662220408 neg 0.26633933014662425 off 0.23917350363133483	false	1.0
selbstverliebt	neg 1.0		__DUMMY__ 0.4849312325469608 off 0.2578029357274925 neg 0.25726583172554657	false	0.5
beseitigen	neg 1.0		__DUMMY__ 0.4939142569951644 neg 0.262845781107066 off 0.24323996189776959	false	1.0
dumm	off 1.0		__DUMMY__ 0.4889813305636396 neg 0.25764146799181403 off 0.25337720144454645	false	0.5
arbeitsloser	neg 1.0		__DUMMY__ 0.49271790759609146 neg 0.2688959223635006 off 0.238386170040408	false	1.0
blitzen	neg 1.0		__DUMMY__ 0.4923393942822875 neg 0.2616084236136614 off 0.2460521821040512	false	1.0
hilflos	neg 1.0		__DUMMY__ 0.4941157852620586 neg 0.2657905396096535 off 0.24009367512828783	false	1.0
eklig	off 1.0		__DUMMY__ 0.48813893610925596 neg 0.2577133237587484 off 0.25414774013199565	false	0.5
begriff			__DUMMY__ 0.49316475114393366 neg 0.2665045972608701 off 0.2403306515951962	false	0.0
hungersnot	neg 1.0		__DUMMY__ 0.48979538045999704 neg 0.2690377607037562 off 0.2411668588362469	false	1.0
ungesetzlich	neg 1.0		__DUMMY__ 0.4881409610812553 neg 0.26819849451530153 off 0.243660544403443	false	1.0
verschwendung	neg 1.0		__DUMMY__ 0.49440411873285517 neg 0.26823043133155533 off 0.2373654499355895	false	1.0
schmerzvoll	neg 1.0		__DUMMY__ 0.4936160823617399 neg 0.2627295188096189 off 0.24365439882864123	false	1.0
vorzeitig	neg 1.0		__DUMMY__ 0.491525346006034 neg 0.260919622571139 off 0.24755503142282698	false	1.0
unvollkommenheit	neg 1.0		__DUMMY__ 0.4937238414648434 neg 0.26376032123907117 off 0.24251583729608547	false	1.0
intervenieren	neg 1.0		__DUMMY__ 0.49179953040570035 neg 0.2706204981199915 off 0.23757997147430826	false	1.0
banause	off 1.0		__DUMMY__ 0.4878919414084485 neg 0.256329911104361 off 0.2557781474871904	false	0.5
rebell	neg 1.0		__DUMMY__ 0.49553820914675106 neg 0.26761871106391805 off 0.2368430797893309	false	1.0
unlogisch	neg 1.0		__DUMMY__ 0.48967619268529694 neg 0.26068236821790136 off 0.24964143909680175	false	1.0
leiden	neg 1.0	neg 1.0	neg 0.6173654515141136 __DUMMY__ 0.24697156178342997 off 0.1356629867024564	false	1.0
abschaffung	neg 1.0		__DUMMY__ 0.490651628287423 neg 0.2667802224904599 off 0.24256814922211722	false	1.0
sturz	neg 1.0		__DUMMY__ 0.4909578732845141 neg 0.2656938784166863 off 0.24334824829879964	false	1.0
verkleinerung	neg 1.0		__DUMMY__ 0.4883000259446667 neg 0.2664907454124759 off 0.2452092286428573	false	1.0
schmarotzer	off 1.0		__DUMMY__ 0.4917128578899057 neg 0.26969074991392505 off 0.23859639219616932	false	0.5
bestrafung	neg 1.0		__DUMMY__ 0.49278316555278634 neg 0.26401097010276603 off 0.24320586434444774	false	1.0
achtlos	neg 1.0		__DUMMY__ 0.4947174827702975 neg 0.2636387783390059 off 0.24164373889069668	false	1.0
ungeheuer	neg 1.0		__DUMMY__ 0.4927813208695056 neg 0.26287001266101995 off 0.2443486664694744	false	1.0
unaufrichtig	neg 1.0		__DUMMY__ 0.4905332599998385 neg 0.2644859716571611 off 0.24498076834300037	false	1.0
groggy	neg 1.0		__DUMMY__ 0.49179930113429093 neg 0.2625326596103853 off 0.2456680392553238	false	1.0
verletzlich	neg 1.0		__DUMMY__ 0.49170821208034093 neg 0.26016336776709503 off 0.24812842015256392	false	1.0
ablehnen	neg 1.0		__DUMMY__ 0.4921373428162575 neg 0.2686360961589106 off 0.23922656102483195	false	1.0
