unsolidarisch	neg 1.0		neg 0.5221751435300854 off 0.4703117521943297 __DUMMY__ 0.0075131042755848	false	1.0
nachteilig	neg 1.0		neg 0.5221524845668627 off 0.470251567572002 __DUMMY__ 0.007595947861135381	false	1.0
skeptisch	neg 1.0		neg 0.5241615584042814 off 0.46821492562112765 __DUMMY__ 0.007623515974590918	false	1.0
schrecklich	neg 1.0		neg 0.5106534824268779 off 0.4817898492750357 __DUMMY__ 0.007556668298086322	false	1.0
schlapp	neg 1.0		neg 0.5129478085175805 off 0.4794385905607364 __DUMMY__ 0.00761360092168316	false	1.0
abfall	neg 1.0		neg 0.5253125533511721 off 0.4670487375384507 __DUMMY__ 0.007638709110377109	false	1.0
widerspenstig	neg 1.0		neg 0.517221392194519 off 0.4751387692927495 __DUMMY__ 0.007639838512731328	false	1.0
abrupt	neg 1.0		neg 0.5177488239073182 off 0.4745909031048795 __DUMMY__ 0.007660272987802256	false	1.0
unwirksam	neg 1.0		neg 0.5216086967101744 off 0.47087096799597733 __DUMMY__ 0.007520335293848137	false	1.0
angreifen	neg 1.0		neg 0.5235125143061613 off 0.468884425714987 __DUMMY__ 0.007603059978851814	false	1.0
inkonsistent	neg 1.0		neg 0.5165049369189656 off 0.4759112488430821 __DUMMY__ 0.007583814237952199	false	1.0
abrutschen	neg 1.0		neg 0.5247873680993274 off 0.46756500073722834 __DUMMY__ 0.0076476311634443425	false	1.0
unsicher	neg 1.0		neg 0.518524670954276 off 0.47386232876339685 __DUMMY__ 0.007613000282327026	false	1.0
bauernkind	off 1.0		neg 0.5093395293942002 off 0.48316669586561184 __DUMMY__ 0.007493774740187803	false	0.5
angreifer	neg 1.0		neg 0.5169927099714297 off 0.47545378611481376 __DUMMY__ 0.0075535039137564946	false	1.0
trennen	neg 1.0		neg 0.5213108573347272 off 0.4710245831282358 __DUMMY__ 0.007664559537037053	false	1.0
schmutz	neg 1.0		neg 0.5104484062468274 off 0.48191129730433097 __DUMMY__ 0.007640296448841667	false	1.0
inkonsistenz	neg 1.0	neg 1.0	neg 0.7443592753013826 off 0.25201495567318866 __DUMMY__ 0.0036257690254288787	false	1.0
erschreckend	neg 1.0		neg 0.5207551275699916 off 0.4716491796703876 __DUMMY__ 0.007595692759620776	false	1.0
ertrinken	neg 1.0		neg 0.5206893403340119 off 0.4716649038102477 __DUMMY__ 0.007645755855740363	false	1.0
pickelface	off 1.0		neg 0.5192095729758122 off 0.4732233932804872 __DUMMY__ 0.007567033743700569	false	0.5
seiner			neg 0.5230894175351013 off 0.4692938768972729 __DUMMY__ 0.0076167055676258765	false	0.0
lauch	neg 1.0		neg 0.5238016556842717 off 0.4685659517681653 __DUMMY__ 0.007632392547563097	false	1.0
unwichtig	neg 1.0		neg 0.5147350922725701 off 0.47768748177403736 __DUMMY__ 0.007577425953392616	false	1.0
steuerhinterziehung	neg 1.0		neg 0.5222961825033382 off 0.4701619198755969 __DUMMY__ 0.007541897621064843	false	1.0
schock	neg 1.0		neg 0.5182042932643854 off 0.4741400913847626 __DUMMY__ 0.007655615350852028	false	1.0
beule	neg 1.0		neg 0.5120442687998794 off 0.4803567485012086 __DUMMY__ 0.007598982698911987	false	1.0
vergelten	neg 1.0		neg 0.5102230661957003 off 0.4822534700041331 __DUMMY__ 0.007523463800166676	false	1.0
verdorbenheit	neg 1.0		neg 0.5164364657898649 off 0.47594725367817564 __DUMMY__ 0.00761628053195949	false	1.0
trauma	neg 1.0		neg 0.5170549429191581 off 0.4753523523583334 __DUMMY__ 0.007592704722508525	false	1.0
sinnlos	neg 1.0		neg 0.5167496186759463 off 0.4756560505172643 __DUMMY__ 0.007594330806789557	false	1.0
fettsack	off 1.0	off 1.0	off 0.7260198572048528 neg 0.27037504874522206 __DUMMY__ 0.0036050940499251245	false	1.0
feige	off 1.0		neg 0.5161642395077929 off 0.4762793318743635 __DUMMY__ 0.007556428617843551	false	0.5
abdanken	neg 1.0		neg 0.5235115419734635 off 0.46897395176614515 __DUMMY__ 0.007514506260391389	false	1.0
wichtigtuer	off 1.0	off 1.0	off 0.7212422133092806 neg 0.2751289383311488 __DUMMY__ 0.0036288483595705036	false	1.0
misslingen	neg 1.0		neg 0.5138806795997665 off 0.47847392715830367 __DUMMY__ 0.00764539324192996	false	1.0
untreu	off 1.0		neg 0.5138506142624144 off 0.4785728563152595 __DUMMY__ 0.007576529422326233	false	0.5
missmutig	neg 1.0		neg 0.5138481143837295 off 0.47854132519825676 __DUMMY__ 0.007610560418013698	false	1.0
hurenbock	off 1.0		neg 0.5148468925278801 off 0.47751426223422483 __DUMMY__ 0.007638845237895149	false	0.5
betrunken	neg 1.0		neg 0.5113700956263066 off 0.4810401184611837 __DUMMY__ 0.007589785912509692	false	1.0
korrupt	off 1.0		neg 0.5238565971866929 off 0.46859903891162513 __DUMMY__ 0.007544363901682008	false	0.5
unmut	neg 1.0		neg 0.5254949699409054 off 0.46688801708428657 __DUMMY__ 0.00761701297480794	false	1.0
hackfresse	off 1.0		neg 0.5075979979164115 off 0.4848676966685313 __DUMMY__ 0.007534305415057294	false	0.5
aufblasen	neg 1.0		neg 0.5160406327340098 off 0.47633177908128305 __DUMMY__ 0.0076275881847071075	false	1.0
gewaltsam	neg 1.0		neg 0.5192880273849279 off 0.47315561051633587 __DUMMY__ 0.007556362098736219	false	1.0
unbeliebtheit	neg 1.0		neg 0.5155825684316628 off 0.4769250827664619 __DUMMY__ 0.007492348801875208	false	1.0
sturheit	neg 1.0		neg 0.521119710577315 off 0.47129942261981683 __DUMMY__ 0.007580866802868275	false	1.0
kuh	neg 1.0		neg 0.5176792724350626 off 0.47474683196997636 __DUMMY__ 0.007573895594961057	false	1.0
erschrecken	neg 1.0		neg 0.5148395301643631 off 0.4775608059607324 __DUMMY__ 0.007599663874904471	false	1.0
opfer	neg 1.0		neg 0.5224779522541945 off 0.4699111897081146 __DUMMY__ 0.0076108580376909015	false	1.0
sinken	neg 1.0		neg 0.5245170356753609 off 0.46786567613587254 __DUMMY__ 0.00761728818876659	false	1.0
stinktier	neg 1.0		neg 0.5113524481453365 off 0.4811199868426188 __DUMMY__ 0.007527565012044746	false	1.0
tucke	off 1.0		neg 0.5060072964205123 off 0.48644377773064057 __DUMMY__ 0.007548925848847157	false	0.5
ein			neg 0.5162615517908352 off 0.4760965186790337 __DUMMY__ 0.00764192953013105	false	0.0
abstieg	neg 1.0		neg 0.521816123016994 off 0.4706068654505379 __DUMMY__ 0.0075770115324681276	false	1.0
missverstehen	neg 1.0		neg 0.5184560533502253 off 0.4739819883041216 __DUMMY__ 0.007561958345653073	false	1.0
ergebnislos	neg 1.0		neg 0.5220208343930965 off 0.4703928505442121 __DUMMY__ 0.007586315062691353	false	1.0
unter			neg 0.526236672052904 off 0.46605632555235904 __DUMMY__ 0.007707002394736946	false	0.0
manipulieren	neg 1.0		neg 0.5226044359149554 off 0.46977375566047697 __DUMMY__ 0.007621808424567717	false	1.0
unbewiesen	neg 1.0		neg 0.5225157504209287 off 0.46997348727939303 __DUMMY__ 0.0075107622996783835	false	1.0
verschleppen	neg 1.0		neg 0.5216433545398991 off 0.47076182381931775 __DUMMY__ 0.007594821640783235	false	1.0
weib	off 1.0		neg 0.5065472527110401 off 0.48593094795445346 __DUMMY__ 0.007521799334506351	false	0.5
opposition	neg 1.0		neg 0.5190452518563029 off 0.4734130679523888 __DUMMY__ 0.0075416801913082724	false	1.0
verkehrswidrig	neg 1.0		neg 0.5070148066139466 off 0.4854005034457283 __DUMMY__ 0.007584689940325123	false	1.0
inkorrekt	neg 1.0		neg 0.5162625830224629 off 0.47622353108997884 __DUMMY__ 0.0075138858875584275	false	1.0
vermeiden	neg 1.0		neg 0.5246800416767089 off 0.4676425913296932 __DUMMY__ 0.007677366993597872	false	1.0
abweichung	neg 1.0		neg 0.5239647538889164 off 0.4684898279888907 __DUMMY__ 0.007545418122192987	false	1.0
alkoholisiert	neg 1.0		neg 0.5180322656101186 off 0.4743108772305313 __DUMMY__ 0.007656857159350223	false	1.0
scheiss	off 1.0	off 1.0	off 0.7247460509235664 neg 0.27161486901655124 __DUMMY__ 0.003639080059882544	false	1.0
herausforderung	neg 1.0		neg 0.5187023268634917 off 0.4736342629491551 __DUMMY__ 0.0076634101873532135	false	1.0
pervers	off 1.0		neg 0.5044576962176489 off 0.4880420240022268 __DUMMY__ 0.007500279780124336	false	0.5
wackelig	neg 1.0		neg 0.5181504533008809 off 0.4741763377733771 __DUMMY__ 0.007673208925741979	false	1.0
verwickeln	neg 1.0		neg 0.5180719942595059 off 0.4743510985950745 __DUMMY__ 0.007576907145419649	false	1.0
vorwand	neg 1.0		neg 0.5251825184594168 off 0.4672142095648699 __DUMMY__ 0.007603271975713288	false	1.0
muschi	off 1.0		neg 0.5197306137408463 off 0.4727015344564897 __DUMMY__ 0.007567851802663931	false	0.5
entmutigung	neg 1.0		neg 0.5203507345079512 off 0.4721546165858384 __DUMMY__ 0.007494648906210482	false	1.0
unangemessen	neg 1.0		neg 0.5232680178880691 off 0.4691650962780594 __DUMMY__ 0.00756688583387157	false	1.0
unstetig	neg 1.0		neg 0.5152248880332438 off 0.4772025008625711 __DUMMY__ 0.007572611104185062	false	1.0
entmutigen	neg 1.0		neg 0.5167819055721856 off 0.475601659636361 __DUMMY__ 0.007616434791453467	false	1.0
schwanz	neg 1.0		neg 0.5209860760899904 off 0.47141778899907383 __DUMMY__ 0.0075961349109358615	false	1.0
verbot	neg 1.0		neg 0.5232579533541043 off 0.4691975844523395 __DUMMY__ 0.007544462193556137	false	1.0
leid	neg 1.0		neg 0.5091609032935009 off 0.4832918563025449 __DUMMY__ 0.007547240403954221	false	1.0
archaisch	neg 1.0		neg 0.5217505952085878 off 0.4706666307219571 __DUMMY__ 0.007582774069455074	false	1.0
gegen			neg 0.5258100713634327 off 0.4666083829922276 __DUMMY__ 0.00758154564433961	false	0.0
scheidung	neg 1.0	neg 1.0	neg 0.7320005511334715 off 0.2643903768396997 __DUMMY__ 0.003609072026828803	false	1.0
einschlag	neg 1.0		neg 0.511163278557973 off 0.48131413437948534 __DUMMY__ 0.007522587062541685	false	1.0
m			neg 0.5188244955979449 off 0.4735454994527492 __DUMMY__ 0.007630004949305949	false	0.0
abgestanden	neg 1.0		neg 0.5167888881657112 off 0.4755776293927159 __DUMMY__ 0.007633482441572738	false	1.0
schmierig	off 1.0		neg 0.5094912806987606 off 0.4829412850856808 __DUMMY__ 0.007567434215558405	false	0.5
unpraktisch	neg 1.0		neg 0.5158699861039567 off 0.4764983113764373 __DUMMY__ 0.007631702519605987	false	1.0
wixxer	off 1.0		neg 0.5047567590519465 off 0.4877551995371618 __DUMMY__ 0.007488041410891718	false	0.5
bezeichnet			neg 0.5211065333302582 off 0.47132095759752535 __DUMMY__ 0.007572509072216321	false	0.0
jammerlappen	off 1.0		neg 0.5147094446760494 off 0.47771128610741465 __DUMMY__ 0.007579269216536076	false	0.5
farce	neg 1.0		neg 0.5239125307133649 off 0.4685696221001265 __DUMMY__ 0.007517847186508701	false	1.0
zwecklos	neg 1.0		neg 0.5228586668542982 off 0.469557872968243 __DUMMY__ 0.007583460177458806	false	1.0
turbulent	neg 1.0		neg 0.5115443052558906 off 0.48091451266829516 __DUMMY__ 0.007541182075814241	false	1.0
invasion	neg 1.0		neg 0.5147704979780285 off 0.47762444093520806 __DUMMY__ 0.007605061086763447	false	1.0
schuld	neg 1.0		neg 0.5187372267129485 off 0.4736764860550646 __DUMMY__ 0.007586287231986718	false	1.0
risiko	neg 1.0		neg 0.5134883293491712 off 0.47888760287654863 __DUMMY__ 0.007624067774280107	false	1.0
finster	neg 1.0		neg 0.5168148046363181 off 0.47555393062682827 __DUMMY__ 0.0076312647368534554	false	1.0
geisteskrank	off 1.0		neg 0.5149883390802757 off 0.47747996915862995 __DUMMY__ 0.007531691761094173	false	0.5
zusammenbrechen	neg 1.0		neg 0.5193937921183178 off 0.4729787397056899 __DUMMY__ 0.007627468175992369	false	1.0
ausbeute	neg 1.0		neg 0.5197489721996649 off 0.47260761843731935 __DUMMY__ 0.007643409363015944	false	1.0
hinterhalt	neg 1.0		neg 0.5172155154024769 off 0.475186551710047 __DUMMY__ 0.007597932887476144	false	1.0
kritik	neg 1.0		neg 0.523013234336953 off 0.46945031330028064 __DUMMY__ 0.007536452362766324	false	1.0
einschrumpfen	neg 1.0		neg 0.5169162378497486 off 0.47554814228869174 __DUMMY__ 0.00753561986155966	false	1.0
riskant	neg 1.0		neg 0.5226980542258296 off 0.4696859936399294 __DUMMY__ 0.007615952134240916	false	1.0
frustrieren	neg 1.0		neg 0.5229512248129232 off 0.46943799307171913 __DUMMY__ 0.007610782115357688	false	1.0
groll	neg 1.0		neg 0.5221175335161502 off 0.47029020659381443 __DUMMY__ 0.007592259890035484	false	1.0
gibt			neg 0.5207501572433064 off 0.47163990349667645 __DUMMY__ 0.007609939260017219	false	0.0
qualvoll	neg 1.0		neg 0.5153062409493122 off 0.4770786027282417 __DUMMY__ 0.007615156322446115	false	1.0
wackeln	neg 1.0		neg 0.5161040938800505 off 0.4762541646723124 __DUMMY__ 0.007641741447637089	false	1.0
klagen	neg 1.0		neg 0.5258118690419045 off 0.4665955628684351 __DUMMY__ 0.007592568089660329	false	1.0
bankrott	neg 1.0		neg 0.5133626995633835 off 0.4790429629127759 __DUMMY__ 0.007594337523840493	false	1.0
trauern	neg 1.0		neg 0.5222562098981272 off 0.47012707491742806 __DUMMY__ 0.007616715184444769	false	1.0
ablehnung	neg 1.0	neg 1.0	neg 0.7473500771326798 off 0.24902921265903868 __DUMMY__ 0.003620710208281607	false	1.0
stur	neg 1.0		neg 0.5181357126733634 off 0.47427519955942665 __DUMMY__ 0.007589087767209757	false	1.0
aufruhr	neg 1.0		neg 0.5201758243458169 off 0.47227305571129635 __DUMMY__ 0.0075511199428867	false	1.0
melancholie	neg 1.0		neg 0.5186773005851744 off 0.4736647814719137 __DUMMY__ 0.007657917942911884	false	1.0
ist			neg 0.5176948033220858 off 0.4747134090591055 __DUMMY__ 0.007591787618808777	false	0.0
torheit	neg 1.0		neg 0.5208583618647962 off 0.4716161886703689 __DUMMY__ 0.007525449464834864	false	1.0
dreckskind	off 1.0		neg 0.510827782388051 off 0.481682507441233 __DUMMY__ 0.007489710170715962	false	0.5
umtauschen	neg 1.0		neg 0.5176202639751994 off 0.47474679825935207 __DUMMY__ 0.007632937765448584	false	1.0
zum			neg 0.5234363432090058 off 0.4688696935805962 __DUMMY__ 0.0076939632103978665	false	0.0
zersetzen	neg 1.0		neg 0.5240706583379491 off 0.4683215880520919 __DUMMY__ 0.007607753609959059	false	1.0
zur			neg 0.5270611716352456 off 0.4653133577782461 __DUMMY__ 0.00762547058650845	false	0.0
frust	neg 1.0		neg 0.5202548440164654 off 0.47212813986576424 __DUMMY__ 0.007617016117770389	false	1.0
unerbittlichkeit	neg 1.0		neg 0.5231786757118595 off 0.4692175237816716 __DUMMY__ 0.007603800506468835	false	1.0
zwei			neg 0.5223557176514388 off 0.4699698574025924 __DUMMY__ 0.007674424945968844	false	0.0
unkorrekt	neg 1.0		neg 0.5152747701189537 off 0.47720903114396235 __DUMMY__ 0.0075161987370838314	false	1.0
hexe	off 1.0		neg 0.5132674742803752 off 0.47914778243741124 __DUMMY__ 0.007584743282213739	false	0.5
lasch	neg 1.0		neg 0.5169954523510789 off 0.4754429915277159 __DUMMY__ 0.007561556121205061	false	1.0
rivale	neg 1.0		neg 0.5110775437791171 off 0.4813876658776186 __DUMMY__ 0.007534790343264313	false	1.0
mutlos	off 1.0	off 1.0	off 0.7187443231909735 neg 0.27761592290296894 __DUMMY__ 0.003639753906057591	false	1.0
wirr	off 1.0		neg 0.5126932710527085 off 0.4797797408791651 __DUMMY__ 0.00752698806812637	false	0.5
jahr			neg 0.5205394832179996 off 0.4718048168018085 __DUMMY__ 0.007655699980191847	false	0.0
wird			neg 0.5220242633993545 off 0.47036113944140606 __DUMMY__ 0.007614597159239486	false	0.0
strafbar	neg 1.0		neg 0.524796505781384 off 0.46763723336392093 __DUMMY__ 0.007566260854694936	false	1.0
erosion	neg 1.0		neg 0.5159573680422499 off 0.4764233990250086 __DUMMY__ 0.007619232932741514	false	1.0
eingehen	neg 1.0		neg 0.5226501161570651 off 0.469754664592211 __DUMMY__ 0.007595219250723814	false	1.0
faul	off 1.0		neg 0.5132313654947106 off 0.4791551245568419 __DUMMY__ 0.007613509948447574	false	0.5
provisorium	neg 1.0		neg 0.527451164828877 off 0.4648559272628039 __DUMMY__ 0.007692907908318984	false	1.0
schmerzen	neg 1.0		neg 0.5185904304101038 off 0.47377849725246496 __DUMMY__ 0.0076310723374313	false	1.0
schrumpfen	neg 1.0		neg 0.5263168317195954 off 0.4660365800362203 __DUMMY__ 0.00764658824418438	false	1.0
geistlos	off 1.0		neg 0.5194295198909594 off 0.47305285124764557 __DUMMY__ 0.007517628861394962	false	0.5
fehlkauf	neg 1.0		neg 0.5167446513950533 off 0.47568591507358726 __DUMMY__ 0.007569433531359318	false	1.0
frustrierend	neg 1.0		neg 0.5152876000191521 off 0.4771193683373092 __DUMMY__ 0.007593031643538705	false	1.0
unzufrieden	neg 1.0		neg 0.5219743318261645 off 0.47042548070791623 __DUMMY__ 0.007600187465919333	false	1.0
verzweifeln	neg 1.0		neg 0.5190117911366079 off 0.47337114756899573 __DUMMY__ 0.007617061294396454	false	1.0
verzweifelt	neg 1.0		neg 0.5180879322231986 off 0.47431983616397766 __DUMMY__ 0.007592231612823827	false	1.0
misstrauensantrag	neg 1.0		neg 0.5179544491301613 off 0.47449927481839477 __DUMMY__ 0.007546276051444055	false	1.0
abfallen	neg 1.0		neg 0.5150492583332852 off 0.4772933692853759 __DUMMY__ 0.007657372381338897	false	1.0
fucker	off 1.0		neg 0.5123006881326684 off 0.48015632424607335 __DUMMY__ 0.007542987621258148	false	0.5
ungezogen	neg 1.0		neg 0.5058182474039734 off 0.4866499871733211 __DUMMY__ 0.007531765422705566	false	1.0
irrsinnig	neg 1.0	neg 1.0	neg 0.7454698606439061 off 0.25089229448605693 __DUMMY__ 0.0036378448700370015	false	1.0
unfassbar	neg 1.0		neg 0.5139367694533784 off 0.4784820832952102 __DUMMY__ 0.0075811472514113135	false	1.0
hart	neg 1.0		neg 0.5144855238294402 off 0.4779564224202175 __DUMMY__ 0.007558053750342225	false	1.0
widerlich	off 1.0		neg 0.5143052345267648 off 0.4781410435194904 __DUMMY__ 0.007553721953744796	false	0.5
fatal	neg 1.0		neg 0.5165308312356688 off 0.47589195852267346 __DUMMY__ 0.007577210241657763	false	1.0
bruch	neg 1.0		neg 0.526990118565586 off 0.46543052388536355 __DUMMY__ 0.007579357549050493	false	1.0
aushungern	neg 1.0		neg 0.5209471792748006 off 0.4715062239930128 __DUMMY__ 0.007546596732186757	false	1.0
anspannung	neg 1.0		neg 0.523413971651755 off 0.4689157438152722 __DUMMY__ 0.0076702845329728805	false	1.0
von			neg 0.5225686498896667 off 0.4697913683279402 __DUMMY__ 0.007639981782392979	false	0.0
kraftlos	neg 1.0		neg 0.5189488544523887 off 0.47338583053573885 __DUMMY__ 0.007665315011872509	false	1.0
vom			neg 0.5264181987415039 off 0.4658935288860822 __DUMMY__ 0.007688272372413877	false	0.0
grenzdebil	off 1.0		neg 0.5125902843140674 off 0.4798270667399265 __DUMMY__ 0.007582648946006087	false	0.5
vor			neg 0.523582252534367 off 0.46877211119846335 __DUMMY__ 0.007645636267169701	false	0.0
unterwerfen	neg 1.0		neg 0.5228111188725331 off 0.4695907459151954 __DUMMY__ 0.007598135212271702	false	1.0
versenkung	neg 1.0		neg 0.5230918933054157 off 0.4693009106053188 __DUMMY__ 0.007607196089265403	false	1.0
entziehen	neg 1.0		neg 0.5255602356903584 off 0.46683080150423517 __DUMMY__ 0.007608962805406412	false	1.0
finanzkrise	neg 1.0		neg 0.5213540966645691 off 0.4711016031275286 __DUMMY__ 0.007544300207902399	false	1.0
schimpfend	neg 1.0		neg 0.5134926479945792 off 0.4788401184890118 __DUMMY__ 0.007667233516408951	false	1.0
profan	neg 1.0		neg 0.5166946546150292 off 0.47571014340166434 __DUMMY__ 0.00759520198330626	false	1.0
korruption	neg 1.0		neg 0.5236357248852112 off 0.4688183758996196 __DUMMY__ 0.007545899215169242	false	1.0
â			neg 0.5201427589792553 off 0.4722321388238181 __DUMMY__ 0.007625102196926575	false	0.0
schmutzig	neg 1.0		neg 0.5115402841234679 off 0.48084469736588403 __DUMMY__ 0.007615018510648185	false	1.0
sexy	neg 1.0		neg 0.5144405040760666 off 0.47797242517983335 __DUMMY__ 0.007587070744100158	false	1.0
abraten	neg 1.0		neg 0.5171239938727732 off 0.4752680389225965 __DUMMY__ 0.0076079672046302565	false	1.0
schwarz	neg 1.0		neg 0.5173741610338954 off 0.47504462760143235 __DUMMY__ 0.007581211364672137	false	1.0
fotze	off 1.0		neg 0.5213129914548167 off 0.4711077881197873 __DUMMY__ 0.007579220425396103	false	0.5
verwirren	neg 1.0		neg 0.5160935925029442 off 0.4763173371234551 __DUMMY__ 0.007589070373600832	false	1.0
zahnlos	off 1.0		neg 0.5229216329715674 off 0.4695033013618327 __DUMMY__ 0.0075750656665998384	false	0.5
verheeren	neg 1.0		neg 0.5049413001093049 off 0.4875637989929297 __DUMMY__ 0.007494900897765453	false	1.0
hippie	neg 1.0		neg 0.5149396028501483 off 0.47747793652879766 __DUMMY__ 0.00758246062105399	false	1.0
rammen	neg 1.0		neg 0.5158338990075356 off 0.4765776660349686 __DUMMY__ 0.007588434957495735	false	1.0
unlauter	neg 1.0	neg 1.0	neg 0.745073747670483 off 0.25130557397943104 __DUMMY__ 0.003620678350086056	false	1.0
unheilvoll	neg 1.0		neg 0.5159540781493247 off 0.47643569161083893 __DUMMY__ 0.007610230239836379	false	1.0
niedrig	neg 1.0		neg 0.5223729959586857 off 0.4700386520083177 __DUMMY__ 0.0075883520329966415	false	1.0
explosion	neg 1.0		neg 0.5147901181581525 off 0.47761248256047867 __DUMMY__ 0.007597399281368917	false	1.0
weichei	off 1.0		neg 0.5089382854098039 off 0.4835263100283523 __DUMMY__ 0.007535404561843861	false	0.5
minusmensch	off 1.0		neg 0.5076093609126991 off 0.4849386415672062 __DUMMY__ 0.0074519975200945535	false	0.5
farblos	neg 1.0		neg 0.5172603792588238 off 0.4751426785379026 __DUMMY__ 0.0075969422032734985	false	1.0
unwissend	neg 1.0		neg 0.5148970376812382 off 0.4775404515933485 __DUMMY__ 0.007562510725413381	false	1.0
traurig	neg 1.0		neg 0.5105920061987679 off 0.4818268160454935 __DUMMY__ 0.007581177755738688	false	1.0
senkung	neg 1.0		neg 0.5158362531307802 off 0.4765877596819482 __DUMMY__ 0.007575987187271495	false	1.0
ungleich	neg 1.0	neg 1.0	neg 0.7479419220654748 off 0.2484165472164875 __DUMMY__ 0.003641530718037707	false	1.0
heikel	neg 1.0		neg 0.5242293461162101 off 0.46816318957092673 __DUMMY__ 0.007607464312863214	false	1.0
drosselung	neg 1.0		neg 0.5102950070558833 off 0.48212806154974275 __DUMMY__ 0.007576931394374133	false	1.0
falsch	neg 1.0		neg 0.51531445579522 off 0.47710496844037475 __DUMMY__ 0.007580575764405313	false	1.0
unzufriedenheit	neg 1.0		neg 0.5242881157251206 off 0.4681033287499302 __DUMMY__ 0.007608555524949284	false	1.0
kurz	neg 1.0		neg 0.5184790917296661 off 0.47387176656750796 __DUMMY__ 0.007649141702826083	false	1.0
unsinnig	neg 1.0		neg 0.5220007204220914 off 0.47041074322439314 __DUMMY__ 0.007588536353515295	false	1.0
penner	off 1.0	off 1.0	off 0.7275715376637096 neg 0.2688120732830526 __DUMMY__ 0.003616389053237725	false	1.0
seicht	neg 1.0		neg 0.5079689664216239 off 0.4845346349782884 __DUMMY__ 0.007496398600087578	false	1.0
dummheit	off 1.0	off 1.0	off 0.7217967243377557 neg 0.2745728985803789 __DUMMY__ 0.0036303770818653346	false	1.0
unerfreulich	neg 1.0		neg 0.5240196198875344 off 0.46835565518486527 __DUMMY__ 0.007624724927600355	false	1.0
motherfucker	off 1.0	off 1.0	off 0.7247606729011032 neg 0.27161883947726645 __DUMMY__ 0.0036204876216301978	false	1.0
pikiert	neg 1.0		neg 0.5152733049879205 off 0.4771632352669581 __DUMMY__ 0.007563459745121635	false	1.0
wrack	neg 1.0		neg 0.5208005016154829 off 0.4715930978111148 __DUMMY__ 0.007606400573402312	false	1.0
gangster	neg 1.0		neg 0.5157198702596679 off 0.47669466404826744 __DUMMY__ 0.0075854656920644765	false	1.0
krank	neg 1.0		neg 0.511631980895877 off 0.480764710009651 __DUMMY__ 0.007603309094471981	false	1.0
reich	neg 1.0		neg 0.5167391045731397 off 0.475764074435384 __DUMMY__ 0.007496820991476445	false	1.0
gnadenlos	neg 1.0		neg 0.5185177306386781 off 0.4738940162890664 __DUMMY__ 0.0075882530722554105	false	1.0
niedergeschlagen	neg 1.0		neg 0.51937782193276 off 0.47299763550869145 __DUMMY__ 0.007624542558548575	false	1.0
terrorisieren	off 1.0	off 1.0	off 0.7192232690144782 neg 0.27712094752458366 __DUMMY__ 0.0036557834609381116	false	1.0
sinnlosigkeit	neg 1.0		neg 0.5221663680346702 off 0.47024623908676816 __DUMMY__ 0.007587392878561725	false	1.0
behindern	neg 1.0		neg 0.51779952307773 off 0.47457739860159165 __DUMMY__ 0.007623078320678384	false	1.0
undemokratisch	neg 1.0		neg 0.5202501436849797 off 0.47221855041523747 __DUMMY__ 0.007531305899782805	false	1.0
wirtschaftskrise	neg 1.0		neg 0.5223970032883654 off 0.4700327819864337 __DUMMY__ 0.007570214725201008	false	1.0
neid	neg 1.0		neg 0.5136597029446316 off 0.47871920144649444 __DUMMY__ 0.007621095608873983	false	1.0
rutschen	neg 1.0		neg 0.521879970594695 off 0.47040223028277145 __DUMMY__ 0.00771779912253335	false	1.0
rezession	neg 1.0		neg 0.5115021822123688 off 0.48098830666780307 __DUMMY__ 0.007509511119827994	false	1.0
fehlgeburt	neg 1.0		neg 0.5173362921684296 off 0.47505802356643995 __DUMMY__ 0.007605684265130441	false	1.0
charakterschwach	off 1.0		neg 0.5144928055035413 off 0.47795320693462034 __DUMMY__ 0.0075539875618383465	false	0.5
isolation	neg 1.0		neg 0.5138507685351358 off 0.4785730260311623 __DUMMY__ 0.0075762054337019215	false	1.0
ablenkung	neg 1.0		neg 0.5177874998937984 off 0.47459403573588926 __DUMMY__ 0.007618464370312349	false	1.0
pech	neg 1.0		neg 0.5153157305429948 off 0.47708790737466406 __DUMMY__ 0.007596362082340898	false	1.0
vermeidung	neg 1.0		neg 0.5107619892015544 off 0.4816423787947847 __DUMMY__ 0.007595632003660867	false	1.0
dominieren	neg 1.0		neg 0.5214736630173956 off 0.47094950305234595 __DUMMY__ 0.007576833930258364	false	1.0
schwindlig	neg 1.0		neg 0.5144258512596692 off 0.4779498788501231 __DUMMY__ 0.0076242698902077525	false	1.0
lutscher	neg 1.0		neg 0.5068510230431964 off 0.48565129028330134 __DUMMY__ 0.007497686673502357	false	1.0
pflicht	neg 1.0		neg 0.5245403430750138 off 0.46785451057983185 __DUMMY__ 0.00760514634515437	false	1.0
faschist	off 1.0		neg 0.5188376523272279 off 0.47362799137997863 __DUMMY__ 0.007534356292793559	false	0.5
verschleudern	neg 1.0		neg 0.5234737575169821 off 0.4689609397589808 __DUMMY__ 0.0075653027240371465	false	1.0
wenn			neg 0.5152700923587262 off 0.4771473899691339 __DUMMY__ 0.00758251767213976	false	0.0
ehebruch	neg 1.0		neg 0.5229343732263618 off 0.469480070758877 __DUMMY__ 0.007585556014761052	false	1.0
spott	off 1.0		neg 0.5234741315179534 off 0.4689357185634573 __DUMMY__ 0.007590149918589329	false	0.5
trostlosigkeit	neg 1.0		neg 0.5259365787379492 off 0.4664953251875655 __DUMMY__ 0.007568096074485327	false	1.0
lutschen	neg 1.0		neg 0.5158763565217489 off 0.4765794074480739 __DUMMY__ 0.007544236030177155	false	1.0
undiszipliniert	neg 1.0		neg 0.5119021555165832 off 0.4805288203132381 __DUMMY__ 0.007569024170178619	false	1.0
kopfschmerz	neg 1.0		neg 0.5182549470971058 off 0.474124240433584 __DUMMY__ 0.00762081246931022	false	1.0
unvorhergesehen	neg 1.0		neg 0.5181707131617976 off 0.4741706549318174 __DUMMY__ 0.007658631906384855	false	1.0
desinteressiert	neg 1.0		neg 0.5128986606872706 off 0.4795450531751733 __DUMMY__ 0.007556286137555948	false	1.0
armselig	off 1.0		neg 0.5124920135321304 off 0.4799666895489454 __DUMMY__ 0.007541296918924295	false	0.5
desaster	neg 1.0		neg 0.5277824593211172 off 0.4646439569090152 __DUMMY__ 0.007573583769867617	false	1.0
tod	neg 1.0		neg 0.5231979692379299 off 0.46922306107536615 __DUMMY__ 0.0075789696867039425	false	1.0
herzlos	neg 1.0		neg 0.5100160256463397 off 0.48240822103260783 __DUMMY__ 0.007575753321052342	false	1.0
unwissenheit	neg 1.0		neg 0.5223157720658782 off 0.4701010728292945 __DUMMY__ 0.007583155104827271	false	1.0
widersinnig	neg 1.0		neg 0.5236955634452635 off 0.4687765681078163 __DUMMY__ 0.007527868446920142	false	1.0
bedenklich	neg 1.0		neg 0.5233165697376151 off 0.4690819719568634 __DUMMY__ 0.007601458305521492	false	1.0
beanstanden	neg 1.0		neg 0.525127305337104 off 0.4672700030694063 __DUMMY__ 0.0076026915934896706	false	1.0
panisch	neg 1.0	neg 1.0	neg 0.7426464437578864 off 0.25367491365656053 __DUMMY__ 0.0036786425855531804	false	1.0
debil	off 1.0		neg 0.5263634202078084 off 0.4660003339366447 __DUMMY__ 0.007636245855546955	false	0.5
abstrich	neg 1.0		neg 0.5154745663395902 off 0.47687396491888595 __DUMMY__ 0.007651468741523873	false	1.0
primitiv	neg 1.0		neg 0.5139096857137989 off 0.4785417079351886 __DUMMY__ 0.007548606351012401	false	1.0
abschaum	off 1.0	off 1.0	off 0.7229480332101257 neg 0.2734294077867329 __DUMMY__ 0.0036225590031413457	false	1.0
provozieren	neg 1.0		neg 0.5198373142741955 off 0.4725890866617409 __DUMMY__ 0.007573599064063526	false	1.0
tot	neg 1.0		neg 0.5200454906325985 off 0.4723660102918574 __DUMMY__ 0.007588499075544033	false	1.0
instabil	neg 1.0		neg 0.5128050251920991 off 0.47968969174558085 __DUMMY__ 0.0075052830623199	false	1.0
schwuchtel	off 1.0		neg 0.5033271700819599 off 0.489228395693623 __DUMMY__ 0.007444434224417169	false	0.5
zerren	neg 1.0		neg 0.5198659098567254 off 0.4725140397942837 __DUMMY__ 0.007620050348990827	false	1.0
kinderficker	off 1.0		neg 0.5110654941422679 off 0.4814195828684331 __DUMMY__ 0.007514922989298893	false	0.5
gefahr	neg 1.0		neg 0.5236466002004357 off 0.4687730955615329 __DUMMY__ 0.007580304238031394	false	1.0
rabiat	neg 1.0		neg 0.5191356899774576 off 0.4732689251988343 __DUMMY__ 0.007595384823708026	false	1.0
verlangsamung	neg 1.0		neg 0.507796534944018 off 0.48469924761068345 __DUMMY__ 0.007504217445298703	false	1.0
ausgestorben	neg 1.0		neg 0.5202195908596399 off 0.4721698013894997 __DUMMY__ 0.007610607750860536	false	1.0
anklagen	neg 1.0		neg 0.5202499970280671 off 0.4721732601830172 __DUMMY__ 0.007576742788915713	false	1.0
trott	neg 1.0		neg 0.5180803147702836 off 0.47430576034521066 __DUMMY__ 0.007613924884505701	false	1.0
verminderung	neg 1.0		neg 0.511679928623187 off 0.4807608626082151 __DUMMY__ 0.007559208768597999	false	1.0
nach			neg 0.5232450941464671 off 0.4690602789434266 __DUMMY__ 0.007694626910106364	false	0.0
rost	neg 1.0		neg 0.5067531068124982 off 0.4857281653232773 __DUMMY__ 0.007518727864224484	false	1.0
destruktiv	neg 1.0		neg 0.5214741417494367 off 0.47095841908658403 __DUMMY__ 0.007567439163979312	false	1.0
unzumutbarkeit	neg 1.0		neg 0.5115415830516462 off 0.4808789849591266 __DUMMY__ 0.007579431989227198	false	1.0
labil	off 1.0	off 1.0	off 0.7236629013927569 neg 0.27271305856949146 __DUMMY__ 0.003624040037751518	false	1.0
ziemlich	neg 1.0		neg 0.5133383972938186 off 0.4790817573839312 __DUMMY__ 0.00757984532225021	false	1.0
lachnummer	off 1.0		neg 0.5216200085938262 off 0.47081419951881837 __DUMMY__ 0.007565791887355452	false	0.5
oder			neg 0.5179516758492508 off 0.47442541483562234 __DUMMY__ 0.007622909315126959	false	0.0
verfall	neg 1.0		neg 0.5274218515367329 off 0.4649533514527637 __DUMMY__ 0.007624797010503516	false	1.0
ausgrenzung	neg 1.0		neg 0.5190494997341277 off 0.4734129334447621 __DUMMY__ 0.007537566821110146	false	1.0
unordnung	neg 1.0		neg 0.5117515893496987 off 0.48073856011229654 __DUMMY__ 0.0075098505380047495	false	1.0
fehlverhalten	neg 1.0		neg 0.5243499031693168 off 0.4680683762194546 __DUMMY__ 0.0075817206112285705	false	1.0
eine			neg 0.523400702756635 off 0.46895861337796907 __DUMMY__ 0.00764068386539588	false	0.0
nille	neg 1.0		neg 0.5205620576837194 off 0.47188041040022094 __DUMMY__ 0.007557531916059499	false	1.0
qual	neg 1.0		neg 0.5184124259774218 off 0.473978225933618 __DUMMY__ 0.007609348088960252	false	1.0
verschwenden	neg 1.0		neg 0.5223606039362296 off 0.47002328954916933 __DUMMY__ 0.007616106514600964	false	1.0
riesig	neg 1.0		neg 0.5180897511278839 off 0.4742822194932626 __DUMMY__ 0.007628029378853618	false	1.0
verurteilen	neg 1.0		neg 0.5224783119220009 off 0.46994664353774496 __DUMMY__ 0.007575044540254184	false	1.0
klischee	neg 1.0	neg 1.0	neg 0.7444920543533955 off 0.25188480517653733 __DUMMY__ 0.003623140470067184	false	1.0
diktatorisch	neg 1.0		neg 0.5210161587055485 off 0.47146671759430087 __DUMMY__ 0.0075171237001504364	false	1.0
vorhersehbar	neg 1.0		neg 0.5184471039230291 off 0.47399438679033307 __DUMMY__ 0.007558509286637871	false	1.0
sowie			neg 0.5096114511641895 off 0.48288237596869843 __DUMMY__ 0.007506172867112075	false	0.0
stornieren	neg 1.0		neg 0.5141044708158158 off 0.47826998530777237 __DUMMY__ 0.007625543876411828	false	1.0
besteuerung	neg 1.0		neg 0.5177798432727008 off 0.47464010597618944 __DUMMY__ 0.007580050751109882	false	1.0
ungeschminkt	neg 1.0		neg 0.5125694199172709 off 0.4798561856620316 __DUMMY__ 0.007574394420697567	false	1.0
kritisch	neg 1.0		neg 0.5238192976228943 off 0.46859669746192245 __DUMMY__ 0.00758400491518315	false	1.0
schlamperei	off 1.0		neg 0.523844456494717 off 0.4685870384793441 __DUMMY__ 0.007568505025938874	false	0.5
sucht	neg 1.0	neg 1.0	neg 0.7419977637375733 off 0.25432501787869444 __DUMMY__ 0.003677218383732164	false	1.0
egoistisch	off 1.0		neg 0.5089845575375272 off 0.4834760781100919 __DUMMY__ 0.007539364352380736	false	0.5
ausbeuter	off 1.0		neg 0.5247647018373787 off 0.4676555818071834 __DUMMY__ 0.007579716355437853	false	0.5
arschgeburt	off 1.0		neg 0.503550804235357 off 0.4890056914978191 __DUMMY__ 0.007443504266824022	false	0.5
schubs	neg 1.0	neg 1.0	neg 0.7454248308847331 off 0.2508988572909412 __DUMMY__ 0.0036763118243256345	false	1.0
unsolide	neg 1.0		neg 0.5201752068764898 off 0.4723668867959779 __DUMMY__ 0.007457906327532321	false	1.0
beschwerde	neg 1.0		neg 0.5229044449802995 off 0.469526999729527 __DUMMY__ 0.007568555290173425	false	1.0
stocken	neg 1.0		neg 0.5212848008516926 off 0.47110419312109264 __DUMMY__ 0.00761100602721471	false	1.0
isolieren	neg 1.0		neg 0.5178148933475946 off 0.47455182095065473 __DUMMY__ 0.007633285701750744	false	1.0
unheilbar	neg 1.0		neg 0.5174621255958647 off 0.47492961189672867 __DUMMY__ 0.007608262507406722	false	1.0
pisser	off 1.0		neg 0.5118212932605044 off 0.4806537289448262 __DUMMY__ 0.007524977794669528	false	0.5
löschen	neg 1.0		neg 0.5179905759006199 off 0.4744232813835231 __DUMMY__ 0.007586142715857032	false	1.0
durchfallen	neg 1.0		neg 0.522916875710446 off 0.4694857516218683 __DUMMY__ 0.007597372667685616	false	1.0
wichser	off 1.0		neg 0.5052458479891703 off 0.48725004401225486 __DUMMY__ 0.007504107998574976	false	0.5
terror	neg 1.0		neg 0.514147809467155 off 0.478250672541383 __DUMMY__ 0.007601517991461964	false	1.0
krass	neg 1.0		neg 0.5103548664262257 off 0.4820880435945935 __DUMMY__ 0.007557089979180779	false	1.0
revolte	neg 1.0	neg 1.0	neg 0.7455099440397727 off 0.25089272327998796 __DUMMY__ 0.0035973326802394407	false	1.0
besorgt	neg 1.0		neg 0.5185017389271578 off 0.4738499325590061 __DUMMY__ 0.007648328513836049	false	1.0
nachlassen	neg 1.0		neg 0.5189956060008282 off 0.47336353772521506 __DUMMY__ 0.007640856273956807	false	1.0
alt	neg 1.0		neg 0.5213523797078309 off 0.47100884776446234 __DUMMY__ 0.007638772527706713	false	1.0
hundesohn	off 1.0		neg 0.5076881556504912 off 0.4848398881989588 __DUMMY__ 0.007471956150550124	false	0.5
als			neg 0.5206569987977697 off 0.47172015054825583 __DUMMY__ 0.0076228506539743595	false	0.0
abschreckung	neg 1.0		neg 0.5251605304947036 off 0.46724461104579473 __DUMMY__ 0.007594858459501585	false	1.0
unqualifiziert	neg 1.0		neg 0.5181593523897542 off 0.4742836668883812 __DUMMY__ 0.007556980721864748	false	1.0
abgewichst	off 1.0		neg 0.5199585878537522 off 0.4724488584208156 __DUMMY__ 0.007592553725432291	false	0.5
schwer	neg 1.0		neg 0.5189690828316672 off 0.47341768731420136 __DUMMY__ 0.007613229854131392	false	1.0
bedeutungslosigkeit	neg 1.0		neg 0.5249179444480393 off 0.4674966049462415 __DUMMY__ 0.007585450605719161	false	1.0
kapitulation	neg 1.0		neg 0.5245088629737955 off 0.4679509522542012 __DUMMY__ 0.007540184772003214	false	1.0
unscharf	neg 1.0		neg 0.5153296800162838 off 0.4770773154477525 __DUMMY__ 0.00759300453596361	false	1.0
schwinden	neg 1.0		neg 0.5221084142714935 off 0.47026324592929375 __DUMMY__ 0.007628339799212726	false	1.0
versklavung	neg 1.0		neg 0.5203538500990516 off 0.4721131000295869 __DUMMY__ 0.007533049871361709	false	1.0
schlecht	neg 1.0		neg 0.5127150352001058 off 0.4796998871463202 __DUMMY__ 0.007585077653573986	false	1.0
verhasst	neg 1.0		neg 0.5201897860801413 off 0.4722451562502272 __DUMMY__ 0.007565057669631323	false	1.0
beschweren	neg 1.0		neg 0.5170417933919299 off 0.4753565275507358 __DUMMY__ 0.007601679057334359	false	1.0
scheiden	neg 1.0		neg 0.5192257807834777 off 0.4731707719892464 __DUMMY__ 0.00760344722727595	false	1.0
frustriert	neg 1.0		neg 0.5203525092203333 off 0.47203971949294626 __DUMMY__ 0.007607771286720518	false	1.0
schimmelig	neg 1.0		neg 0.5220003896142754 off 0.47039660793725363 __DUMMY__ 0.007603002448470975	false	1.0
fisch	neg 1.0		neg 0.5213353131698658 off 0.4710562567341631 __DUMMY__ 0.007608430095971035	false	1.0
schmuggel	neg 1.0		neg 0.5216786203335507 off 0.4706730202151767 __DUMMY__ 0.007648359451272522	false	1.0
auffallen	neg 1.0		neg 0.5169256043776624 off 0.475482314201266 __DUMMY__ 0.007592081421071567	false	1.0
konkurrenz	neg 1.0		neg 0.5243775076725355 off 0.46800200648650675 __DUMMY__ 0.007620485840957673	false	1.0
teufelskreis	neg 1.0		neg 0.5204597723564527 off 0.47194281808784183 __DUMMY__ 0.0075974095557053735	false	1.0
aufschreien	neg 1.0		neg 0.5180560750949775 off 0.4743753945846457 __DUMMY__ 0.007568530320376921	false	1.0
schuldner	neg 1.0		neg 0.5237260388862971 off 0.4686917106228718 __DUMMY__ 0.007582250490830937	false	1.0
missgeburt	off 1.0	off 1.0	off 0.7258924670520391 neg 0.2705140949499261 __DUMMY__ 0.003593437998034766	false	1.0
arbeitslos	neg 1.0		neg 0.5223972315416266 off 0.47001785874897517 __DUMMY__ 0.007584909709398037	false	1.0
befallen	neg 1.0		neg 0.5221710441686399 off 0.4702583057578485 __DUMMY__ 0.007570650073511656	false	1.0
miesepetrig	off 1.0		neg 0.5116580326144042 off 0.4807331205986829 __DUMMY__ 0.007608846786912824	false	0.5
alarmieren	neg 1.0		neg 0.5153939976281786 off 0.47706120133158764 __DUMMY__ 0.007544801040233664	false	1.0
ungeduscht	off 1.0		neg 0.5152850630858995 off 0.4771219908700723 __DUMMY__ 0.007592946044028358	false	0.5
knappheit	neg 1.0		neg 0.5216938488209617 off 0.4707206684329678 __DUMMY__ 0.00758548274607053	false	1.0
schlange	neg 1.0		neg 0.5160957952700725 off 0.4762803983622149 __DUMMY__ 0.007623806367712528	false	1.0
harsch	neg 1.0		neg 0.5059143582846825 off 0.4865129202912976 __DUMMY__ 0.007572721424019907	false	1.0
lang	neg 1.0		neg 0.5171042884155306 off 0.47529429875444573 __DUMMY__ 0.0076014128300238605	false	1.0
ziellos	neg 1.0		neg 0.5213242041249339 off 0.4710573938633199 __DUMMY__ 0.007618402011746239	false	1.0
selbstverliebt	neg 1.0		neg 0.5060677600286267 off 0.4864734682181792 __DUMMY__ 0.007458771753194067	false	1.0
beseitigen	neg 1.0		neg 0.5172449311673952 off 0.4751487457788207 __DUMMY__ 0.007606323053783979	false	1.0
dumm	off 1.0		neg 0.5087393254343823 off 0.483734317170773 __DUMMY__ 0.0075263573948448565	false	0.5
arbeitsloser	neg 1.0		neg 0.5232209065938682 off 0.4691910601625348 __DUMMY__ 0.0075880332435970645	false	1.0
blitzen	neg 1.0		neg 0.5150084883845205 off 0.47740923107029637 __DUMMY__ 0.007582280545183204	false	1.0
hilflos	neg 1.0		neg 0.5205355170302165 off 0.47185208772367904 __DUMMY__ 0.007612395246104509	false	1.0
eklig	off 1.0		neg 0.5082958504023615 off 0.4841921557379914 __DUMMY__ 0.007511993859647242	false	0.5
begriff			neg 0.5208285512132075 off 0.4715754795270115 __DUMMY__ 0.007595969259780946	false	0.0
hungersnot	neg 1.0		neg 0.5217006311277128 off 0.47076100859790343 __DUMMY__ 0.007538360274383903	false	1.0
ungesetzlich	neg 1.0		neg 0.5199600396768652 off 0.47252842878279405 __DUMMY__ 0.007511531540340667	false	1.0
verschwendung	neg 1.0		neg 0.5233810575822514 off 0.4690018220327897 __DUMMY__ 0.007617120384958957	false	1.0
schmerzvoll	neg 1.0		neg 0.5169048823937314 off 0.47549105856635837 __DUMMY__ 0.007604059039910238	false	1.0
vorzeitig	neg 1.0		neg 0.513790574734686 off 0.47864278127206317 __DUMMY__ 0.0075666439932506584	false	1.0
unvollkommenheit	neg 1.0		neg 0.5181263973398786 off 0.4742704725522133 __DUMMY__ 0.007603130107908137	false	1.0
intervenieren	neg 1.0		neg 0.5245964921655362 off 0.4678307395796376 __DUMMY__ 0.0075727682548262	false	1.0
banause	off 1.0		neg 0.5066594131134199 off 0.48583333021188013 __DUMMY__ 0.007507256674700018	false	0.5
rebell	neg 1.0		neg 0.523276866759379 off 0.4690899577902781 __DUMMY__ 0.007633175450342949	false	1.0
unlogisch	neg 1.0		neg 0.5124404469976348 off 0.48002145988920597 __DUMMY__ 0.0075380931131592815	false	1.0
leiden	neg 1.0	neg 1.0	neg 0.7446822088104726 off 0.2515943951188139 __DUMMY__ 0.0037233960707135218	false	1.0
abschaffung	neg 1.0		neg 0.5196986350184852 off 0.4727482202518345 __DUMMY__ 0.00755314472968023	false	1.0
sturz	neg 1.0		neg 0.5186626894174817 off 0.47378002202804753 __DUMMY__ 0.0075572885544707155	false	1.0
verkleinerung	neg 1.0		neg 0.5180314691222053 off 0.47445509456940027 __DUMMY__ 0.0075134363083944255	false	1.0
schmarotzer	off 1.0		neg 0.5234895494223885 off 0.46893842367280325 __DUMMY__ 0.0075720269048084226	false	0.5
bestrafung	neg 1.0		neg 0.5179118664486215 off 0.4744986473036622 __DUMMY__ 0.007589486247716434	false	1.0
achtlos	neg 1.0		neg 0.5185150356265564 off 0.47386283144802566 __DUMMY__ 0.007622132925417764	false	1.0
ungeheuer	neg 1.0		neg 0.5165488431906329 off 0.4758627683981488 __DUMMY__ 0.007588388411218348	false	1.0
