unsolidarisch	neg 1.0		neg 0.4884226280949187 off 0.4396573366761887 __DUMMY__ 0.07192003522889254	false	1.0
nachteilig	neg 1.0		neg 0.4880339117648548 off 0.4392583239785133 __DUMMY__ 0.07270776425663193	false	1.0
skeptisch	neg 1.0		neg 0.48990590421532126 off 0.43712530180061515 __DUMMY__ 0.07296879398406365	false	1.0
schrecklich	neg 1.0		neg 0.4768140223512879 off 0.4508523201619961 __DUMMY__ 0.07233365748671587	false	1.0
schlapp	neg 1.0		neg 0.47884161272026565 off 0.4482828815871656 __DUMMY__ 0.07287550569256883	false	1.0
abfall	neg 1.0		neg 0.4909804463665568 off 0.4359055103983162 __DUMMY__ 0.07311404323512699	false	1.0
widerspenstig	neg 1.0		neg 0.4829575957541858 off 0.4439173226787766 __DUMMY__ 0.07312508156703751	false	1.0
abrupt	neg 1.0		neg 0.4833823299279928 off 0.4432962822941763 __DUMMY__ 0.07332138777783094	false	1.0
unwirksam	neg 1.0		neg 0.4878446916159013 off 0.4401658307394136 __DUMMY__ 0.07198947764468515	false	1.0
angreifen	neg 1.0		neg 0.48935076787016873 off 0.4378750257763646 __DUMMY__ 0.07277420635346665	false	1.0
inkonsistent	neg 1.0		neg 0.48249545847470793 off 0.4449106372396409 __DUMMY__ 0.07259390428565114	false	1.0
abrutschen	neg 1.0		neg 0.49042062991605995 off 0.4363813553633444 __DUMMY__ 0.07319801472059571	false	1.0
unsicher	neg 1.0		neg 0.48436491129522635 off 0.4427663815320616 __DUMMY__ 0.07286870717271204	false	1.0
bauernkind	off 1.0		neg 0.47579586193950796 off 0.4524660135374307 __DUMMY__ 0.0717381245230614	false	0.5
angreifer	neg 1.0		neg 0.48310560085732823 off 0.44458867962657933 __DUMMY__ 0.07230571951609252	false	1.0
trennen	neg 1.0		neg 0.48689979603708766 off 0.4397407881945611 __DUMMY__ 0.07335941576835125	false	1.0
schmutz	neg 1.0		neg 0.47622559726570785 off 0.45064195709108157 __DUMMY__ 0.0731324456432106	false	1.0
inkonsistenz	neg 1.0	neg 1.0	neg 0.7280406750418921 off 0.23716759495842543 __DUMMY__ 0.034791729999682455	false	1.0
erschreckend	neg 1.0		neg 0.4866517185801605 off 0.440644314711388 __DUMMY__ 0.07270396670845154	false	1.0
ertrinken	neg 1.0		neg 0.48636440019614785 off 0.440454812050093 __DUMMY__ 0.07318078775375929	false	1.0
pickelface	off 1.0		neg 0.48524647036646573 off 0.44232034133446185 __DUMMY__ 0.07243318829907239	false	0.5
seiner			neg 0.48887372177277205 off 0.43822223687110856 __DUMMY__ 0.07290404135611955	false	0.0
lauch	neg 1.0		neg 0.4895138283799889 off 0.43743158242008207 __DUMMY__ 0.073054589199929	false	1.0
unwichtig	neg 1.0		neg 0.4807638111693857 off 0.4467054732316289 __DUMMY__ 0.07253071559898543	false	1.0
steuerhinterziehung	neg 1.0		neg 0.48841604964800683 off 0.4393892827697544 __DUMMY__ 0.07219466758223872	false	1.0
schock	neg 1.0		neg 0.48385836396279713 off 0.4428667255760448 __DUMMY__ 0.0732749104611581	false	1.0
beule	neg 1.0		neg 0.4780114685490366 off 0.4492512924208593 __DUMMY__ 0.07273723903010401	false	1.0
vergelten	neg 1.0		neg 0.4765223964202246 off 0.4514565684367721 __DUMMY__ 0.07202103514300343	false	1.0
verdorbenheit	neg 1.0		neg 0.48228845927905645 off 0.44481008641368813 __DUMMY__ 0.07290145430725543	false	1.0
trauma	neg 1.0		neg 0.4829993596879354 off 0.44432531740638526 __DUMMY__ 0.07267532290567927	false	1.0
sinnlos	neg 1.0		neg 0.4826876515658502 off 0.44462126659222967 __DUMMY__ 0.07269108184192023	false	1.0
fettsack	off 1.0	off 1.0	off 0.7112424230280533 neg 0.25416337775715386 __DUMMY__ 0.03459419921479278	false	1.0
feige	off 1.0		neg 0.4822745200409456 off 0.44539428034816597 __DUMMY__ 0.0723311996108883	false	0.5
abdanken	neg 1.0		neg 0.48974066234528485 off 0.43832522365183246 __DUMMY__ 0.07193411400288266	false	1.0
wichtigtuer	off 1.0	off 1.0	off 0.706382454718611 neg 0.2587967450828997 __DUMMY__ 0.034820800198489335	false	1.0
misslingen	neg 1.0		neg 0.4796100313632944 off 0.4472102542087341 __DUMMY__ 0.07317971442797147	false	1.0
untreu	off 1.0		neg 0.4798937062867698 off 0.4475841019055445 __DUMMY__ 0.07252219180768564	false	0.5
missmutig	neg 1.0		neg 0.47974038551066167 off 0.4474130263855838 __DUMMY__ 0.0728465881037545	false	1.0
hurenbock	off 1.0		neg 0.48060715859201575 off 0.4462744171082435 __DUMMY__ 0.07311842429974078	false	0.5
betrunken	neg 1.0		neg 0.47738114522026537 off 0.44996996575953535 __DUMMY__ 0.07264888902019923	false	1.0
korrupt	off 1.0		neg 0.48995022224101165 off 0.4378325340905202 __DUMMY__ 0.07221724366846802	false	0.5
unmut	neg 1.0		neg 0.4912526219354954 off 0.4358399894858371 __DUMMY__ 0.07290738857866748	false	1.0
hackfresse	off 1.0		neg 0.47388313177721547 off 0.4539953247158225 __DUMMY__ 0.07212154350696202	false	0.5
aufblasen	neg 1.0		neg 0.48184092348603824 off 0.4451511548852361 __DUMMY__ 0.0730079216287257	false	1.0
gewaltsam	neg 1.0		neg 0.48537083836101563 off 0.44229638229719687 __DUMMY__ 0.0723327793417874	false	1.0
unbeliebtheit	neg 1.0		neg 0.481979000086384 off 0.44629635184309 __DUMMY__ 0.07172464807052584	false	1.0
sturheit	neg 1.0		neg 0.4870731934596485 off 0.44036307580549916 __DUMMY__ 0.07256373073485235	false	1.0
kuh	neg 1.0		neg 0.48371326252678215 off 0.44378623848884996 __DUMMY__ 0.07250049898436808	false	1.0
erschrecken	neg 1.0		neg 0.48077375855326865 off 0.4464842013467186 __DUMMY__ 0.07274204010001259	false	1.0
opfer	neg 1.0		neg 0.4882894789836044 off 0.438861468415711 __DUMMY__ 0.07284905260068453	false	1.0
sinken	neg 1.0		neg 0.49028770451345194 off 0.4368007315020381 __DUMMY__ 0.07291156398450999	false	1.0
stinktier	neg 1.0		neg 0.47764013013633916 off 0.450301260268912 __DUMMY__ 0.0720586095947487	false	1.0
tucke	off 1.0		neg 0.4722419324222604 off 0.45549529958000995 __DUMMY__ 0.07226276799772963	false	0.5
ein			neg 0.4819965334336081 off 0.444857817905599 __DUMMY__ 0.07314564866079293	false	0.0
abstieg	neg 1.0		neg 0.4877826138075266 off 0.4396882529653336 __DUMMY__ 0.0725291332271398	false	1.0
missverstehen	neg 1.0		neg 0.4845235654976152 off 0.44309277134585456 __DUMMY__ 0.07238366315653016	false	1.0
ergebnislos	neg 1.0		neg 0.48794369155891015 off 0.4394394520083173 __DUMMY__ 0.0726168564327725	false	1.0
unter			neg 0.4915943297593863 off 0.43464243831665067 __DUMMY__ 0.07376323192396304	false	0.0
manipulieren	neg 1.0		neg 0.4883619263327433 off 0.4386846728004061 __DUMMY__ 0.07295340086685068	false	1.0
unbewiesen	neg 1.0		neg 0.48877060497108793 off 0.4393312649529945 __DUMMY__ 0.0718981300759175	false	1.0
verschleppen	neg 1.0		neg 0.4875293529327864 off 0.43977252867759575 __DUMMY__ 0.07269811838961782	false	1.0
weib	off 1.0		neg 0.4728951210669009 off 0.45510124727525764 __DUMMY__ 0.07200363165784139	false	0.5
opposition	neg 1.0		neg 0.48520841858251407 off 0.4425995875818117 __DUMMY__ 0.07219199383567419	false	1.0
verkehrswidrig	neg 1.0		neg 0.4730791089447432 off 0.4543179785371706 __DUMMY__ 0.07260291251808626	false	1.0
inkorrekt	neg 1.0		neg 0.48255912948093915 off 0.4455127571888842 __DUMMY__ 0.0719281133301766	false	1.0
vermeiden	neg 1.0		neg 0.4901822544721566 off 0.4363357498077288 __DUMMY__ 0.07348199572011457	false	1.0
abweichung	neg 1.0		neg 0.490059321123873 off 0.4377125916909786 __DUMMY__ 0.07222808718514843	false	1.0
alkoholisiert	neg 1.0		neg 0.4836874844754675 off 0.4430225305552073 __DUMMY__ 0.07328998496932518	false	1.0
scheiss	off 1.0	off 1.0	off 0.7098291258188536 neg 0.25525153458062555 __DUMMY__ 0.03491933960052085	false	1.0
herausforderung	neg 1.0		neg 0.48430722519451624 off 0.44234237569778956 __DUMMY__ 0.0733503991076942	false	1.0
pervers	off 1.0		neg 0.47091810354042984 off 0.45728307784432926 __DUMMY__ 0.07179881861524083	false	0.5
wackelig	neg 1.0		neg 0.4837315826060999 off 0.442826482343968 __DUMMY__ 0.07344193504993216	false	1.0
verwickeln	neg 1.0		neg 0.4840744770013933 off 0.44339975159645634 __DUMMY__ 0.07252577140215036	false	1.0
vorwand	neg 1.0		neg 0.4910076788516164 off 0.43621582590220376 __DUMMY__ 0.07277649524617989	false	1.0
muschi	off 1.0		neg 0.4857603412871609 off 0.44179911755377893 __DUMMY__ 0.07244054115906016	false	0.5
entmutigung	neg 1.0		neg 0.48669471617457005 off 0.44155964512076595 __DUMMY__ 0.07174563870466397	false	1.0
unangemessen	neg 1.0		neg 0.48927097576434736 off 0.43829842858047363 __DUMMY__ 0.07243059565517908	false	1.0
unstetig	neg 1.0		neg 0.48127420323646725 off 0.446237263182398 __DUMMY__ 0.07248853358113476	false	1.0
entmutigen	neg 1.0		neg 0.48261774169363814 off 0.4444800328656169 __DUMMY__ 0.07290222544074504	false	1.0
schwanz	neg 1.0		neg 0.48688323855357857 off 0.4404065703818797 __DUMMY__ 0.07271019106454182	false	1.0
verbot	neg 1.0		neg 0.4893556928845428 off 0.43842568718938607 __DUMMY__ 0.07221861992607126	false	1.0
leid	neg 1.0		neg 0.4753757876268356 off 0.45237965054044477 __DUMMY__ 0.07224456183271961	false	1.0
archaisch	neg 1.0		neg 0.48769748665117274 off 0.4397204577685738 __DUMMY__ 0.07258205558025357	false	1.0
gegen			neg 0.49172258033562394 off 0.43570661308946457 __DUMMY__ 0.07257080657491148	false	0.0
scheidung	neg 1.0	neg 1.0	neg 0.7157713717032639 off 0.24959579601958062 __DUMMY__ 0.0346328322771556	false	1.0
einschlag	neg 1.0		neg 0.4774679616061011 off 0.4505208973135879 __DUMMY__ 0.07201114108031102	false	1.0
m			neg 0.4845904613614844 off 0.44237962395299946 __DUMMY__ 0.0730299146855162	false	0.0
abgestanden	neg 1.0		neg 0.48256842575781056 off 0.4443651831602915 __DUMMY__ 0.07306639108189796	false	1.0
schmierig	off 1.0		neg 0.4756130807143488 off 0.45195049619084127 __DUMMY__ 0.07243642309480987	false	0.5
unpraktisch	neg 1.0		neg 0.4816561244398557 off 0.4452965209738642 __DUMMY__ 0.0730473545862801	false	1.0
wixxer	off 1.0		neg 0.47126996978814845 off 0.4570474733628973 __DUMMY__ 0.0716825568489543	false	0.5
bezeichnet			neg 0.48710300508193327 off 0.4404130282279818 __DUMMY__ 0.07248396669008501	false	0.0
jammerlappen	off 1.0		neg 0.4807319316398269 off 0.44671997250920037 __DUMMY__ 0.07254809585097288	false	0.5
farce	neg 1.0		neg 0.4901264200191935 off 0.4379079739536948 __DUMMY__ 0.07196560602711168	false	1.0
zwecklos	neg 1.0		neg 0.48879343182510054 off 0.43861874991269767 __DUMMY__ 0.07258781826220184	false	1.0
turbulent	neg 1.0		neg 0.4777605962669316 off 0.45004896653426485 __DUMMY__ 0.07219043719880365	false	1.0
invasion	neg 1.0		neg 0.48067729670496195 off 0.44652952768654014 __DUMMY__ 0.07279317560849789	false	1.0
schuld	neg 1.0		neg 0.4846930135314832 off 0.4426924434536373 __DUMMY__ 0.07261454301487964	false	1.0
risiko	neg 1.0		neg 0.4793107212082878 off 0.44771231023744423 __DUMMY__ 0.07297696855426782	false	1.0
finster	neg 1.0		neg 0.4826034420550622 off 0.44435239854245523 __DUMMY__ 0.07304415940248267	false	1.0
geisteskrank	off 1.0		neg 0.4812182116840201 off 0.44668572690516006 __DUMMY__ 0.07209606141081988	false	0.5
zusammenbrechen	neg 1.0		neg 0.48516091700609026 off 0.4418330280981256 __DUMMY__ 0.0730060548957841	false	1.0
ausbeute	neg 1.0		neg 0.48545088746544096 off 0.4413883763069146 __DUMMY__ 0.07316073622764449	false	1.0
hinterhalt	neg 1.0		neg 0.4831327194903627 off 0.4441379705392054 __DUMMY__ 0.072729309970432	false	1.0
kritik	neg 1.0		neg 0.48914914200186094 off 0.4387084388213195 __DUMMY__ 0.07214241917681961	false	1.0
einschrumpfen	neg 1.0		neg 0.4831154490154802 off 0.44475018302067365 __DUMMY__ 0.07213436796384626	false	1.0
riskant	neg 1.0		neg 0.48848876815641346 off 0.4386146332091108 __DUMMY__ 0.07289659863447583	false	1.0
frustrieren	neg 1.0		neg 0.4887633495379882 off 0.4383890844296029 __DUMMY__ 0.07284756603240883	false	1.0
groll	neg 1.0		neg 0.48801447270021897 off 0.4393134417491555 __DUMMY__ 0.07267208555062543	false	1.0
gibt			neg 0.486584006062294 off 0.44057660238220997 __DUMMY__ 0.07283939155549614	false	0.0
qualvoll	neg 1.0		neg 0.4811684559961187 off 0.4459412929047496 __DUMMY__ 0.07289025109913165	false	1.0
wackeln	neg 1.0		neg 0.4818391593656933 off 0.44501831204199455 __DUMMY__ 0.07314252859231207	false	1.0
klagen	neg 1.0		neg 0.4916768068355295 off 0.4356476874946849 __DUMMY__ 0.07267550566978574	false	1.0
bankrott	neg 1.0		neg 0.4793356261994973 off 0.4479725086352784 __DUMMY__ 0.07269186516522423	false	1.0
trauern	neg 1.0		neg 0.48804400184704977 off 0.43905038871413576 __DUMMY__ 0.07290560943881448	false	1.0
ablehnung	neg 1.0	neg 1.0	neg 0.7310457323157218 off 0.23421092976234348 __DUMMY__ 0.03474333792193476	false	1.0
stur	neg 1.0		neg 0.4840839759858711 off 0.4432747072868927 __DUMMY__ 0.07264131672723605	false	1.0
aufruhr	neg 1.0		neg 0.48627362751224024 off 0.441443853014958 __DUMMY__ 0.07228251947280169	false	1.0
melancholie	neg 1.0		neg 0.4843229876860829 off 0.4423796093352883 __DUMMY__ 0.0732974029786287	false	1.0
ist			neg 0.4836393473630972 off 0.4436937627918907 __DUMMY__ 0.07266688984501214	false	0.0
torheit	neg 1.0		neg 0.48706314253430166 off 0.44089885384829564 __DUMMY__ 0.07203800361740281	false	1.0
dreckskind	off 1.0		neg 0.4772872323394168 off 0.4510144281744112 __DUMMY__ 0.07169833948617202	false	0.5
umtauschen	neg 1.0		neg 0.48339198724342386 off 0.443548373938154 __DUMMY__ 0.07305963881842219	false	1.0
zum			neg 0.48887795585302923 off 0.43748212198886144 __DUMMY__ 0.07363992215810933	false	0.0
zersetzen	neg 1.0		neg 0.4898843560953858 off 0.43729644024932063 __DUMMY__ 0.07281920365529364	false	1.0
zur			neg 0.49277319592692326 off 0.43423845896338936 __DUMMY__ 0.07298834510968717	false	0.0
frust	neg 1.0		neg 0.48606109085373433 off 0.44103217943391687 __DUMMY__ 0.07290672971234875	false	1.0
unerbittlichkeit	neg 1.0		neg 0.4890139572424542 off 0.4382041490555325 __DUMMY__ 0.07278189370201317	false	1.0
zwei			neg 0.48789535740744006 off 0.43865094454863185 __DUMMY__ 0.07345369804392798	false	0.0
unkorrekt	neg 1.0		neg 0.4815725583580436 off 0.44647674035341617 __DUMMY__ 0.07195070128854016	false	1.0
hexe	off 1.0		neg 0.47928663642424707 off 0.4481106291418908 __DUMMY__ 0.0726027344338622	false	0.5
lasch	neg 1.0		neg 0.4830735007422038 off 0.4445460798307853 __DUMMY__ 0.07238041942701082	false	1.0
rivale	neg 1.0		neg 0.4773305935520073 off 0.4505420557563142 __DUMMY__ 0.07212735069167846	false	1.0
mutlos	off 1.0	off 1.0	off 0.7038485491025988 neg 0.2612261368261059 __DUMMY__ 0.0349253140712954	false	1.0
wirr	off 1.0		neg 0.4789670575758825 off 0.44897907681834553 __DUMMY__ 0.07205386560577194	false	0.5
jahr			neg 0.4861762957602906 off 0.4405469054557829 __DUMMY__ 0.07327679878392655	false	0.0
wird			neg 0.4878313949038794 off 0.4392849776072106 __DUMMY__ 0.07288362748891009	false	0.0
strafbar	neg 1.0		neg 0.49078743655158485 off 0.43678746352762615 __DUMMY__ 0.07242509992078905	false	1.0
erosion	neg 1.0		neg 0.48179334235943094 off 0.44527859516489054 __DUMMY__ 0.07292806247567846	false	1.0
eingehen	neg 1.0		neg 0.4885328583979712 off 0.4387676043748759 __DUMMY__ 0.07269953722715278	false	1.0
faul	off 1.0		neg 0.4791211215828282 off 0.4480043935157931 __DUMMY__ 0.07287448490137861	false	0.5
provisorium	neg 1.0		neg 0.49286726708669903 off 0.4335034200840376 __DUMMY__ 0.07362931282926338	false	1.0
schmerzen	neg 1.0		neg 0.4843638133580261 off 0.4425943466042111 __DUMMY__ 0.07304184003776287	false	1.0
schrumpfen	neg 1.0		neg 0.49193872856372134 off 0.43487192831750787 __DUMMY__ 0.07318934311877083	false	1.0
geistlos	off 1.0		neg 0.48567956213775704 off 0.44235712533630456 __DUMMY__ 0.07196331252593835	false	0.5
fehlkauf	neg 1.0		neg 0.48279360276833966 off 0.4447513728816337 __DUMMY__ 0.07245502435002653	false	1.0
frustrierend	neg 1.0		neg 0.48124519645873026 off 0.446075757553633 __DUMMY__ 0.07267904598763676	false	1.0
unzufrieden	neg 1.0		neg 0.48784069603954117 off 0.43941254447568145 __DUMMY__ 0.07274675948477728	false	1.0
verzweifeln	neg 1.0		neg 0.4848286025602713 off 0.4422643180172315 __DUMMY__ 0.07290707942249713	false	1.0
verzweifelt	neg 1.0		neg 0.4840261092092223 off 0.4433028931872082 __DUMMY__ 0.07267099760356939	false	1.0
misstrauensantrag	neg 1.0		neg 0.4841066354461915 off 0.44365796787182227 __DUMMY__ 0.07223539668198635	false	1.0
abfallen	neg 1.0		neg 0.4807270904707232 off 0.4459817265356315 __DUMMY__ 0.07329118299364525	false	1.0
fucker	off 1.0		neg 0.47850437658937994 off 0.4492927533681122 __DUMMY__ 0.07220287004250785	false	0.5
ungezogen	neg 1.0		neg 0.47212913522346556 off 0.4557727261633422 __DUMMY__ 0.07209813861319223	false	1.0
irrsinnig	neg 1.0	neg 1.0	neg 0.7290986415168297 off 0.23599463831870576 __DUMMY__ 0.03490672016446447	false	1.0
unfassbar	neg 1.0		neg 0.4799587320643982 off 0.44747501527135025 __DUMMY__ 0.07256625266425165	false	1.0
hart	neg 1.0		neg 0.4806083636917302 off 0.4470418338256522 __DUMMY__ 0.07234980248261767	false	1.0
widerlich	off 1.0		neg 0.4804452631639756 off 0.4472492420648803 __DUMMY__ 0.07230549477114398	false	0.5
fatal	neg 1.0		neg 0.48254769844184553 off 0.44492427054344796 __DUMMY__ 0.07252803101470653	false	1.0
bruch	neg 1.0		neg 0.4929053446959198 off 0.43454398744345546 __DUMMY__ 0.07255066786062472	false	1.0
aushungern	neg 1.0		neg 0.4870484409804387 off 0.4407124634138964 __DUMMY__ 0.07223909560566483	false	1.0
anspannung	neg 1.0		neg 0.48895601260614724 off 0.4376291906258491 __DUMMY__ 0.07341479676800357	false	1.0
von			neg 0.48825734167804785 off 0.4386144789213915 __DUMMY__ 0.07312817940056056	false	0.0
kraftlos	neg 1.0		neg 0.48455336787357006 off 0.44208001793485774 __DUMMY__ 0.0733666141915723	false	1.0
vom			neg 0.49186551851804905 off 0.43454858872785984 __DUMMY__ 0.07358589275409107	false	0.0
grenzdebil	off 1.0		neg 0.4786170339874671 off 0.448802527636311 __DUMMY__ 0.0725804383762219	false	0.5
vor			neg 0.48923526921432103 off 0.43758580067357405 __DUMMY__ 0.07317893011210479	false	0.0
unterwerfen	neg 1.0		neg 0.48867542442160133 off 0.43859641770333413 __DUMMY__ 0.07272815787506465	false	1.0
versenkung	neg 1.0		neg 0.48891520831212 off 0.43827100683759335 __DUMMY__ 0.07281378485028686	false	1.0
entziehen	neg 1.0		neg 0.49135659346406074 off 0.4358129528821526 __DUMMY__ 0.07283045365378664	false	1.0
finanzkrise	neg 1.0		neg 0.48747655731841055 off 0.4403059814851038 __DUMMY__ 0.0722174611964858	false	1.0
schimpfend	neg 1.0		neg 0.47913894449508915 off 0.4474742919079104 __DUMMY__ 0.07338676359700053	false	1.0
profan	neg 1.0		neg 0.48263250288528964 off 0.4446676564895956 __DUMMY__ 0.07269984062511477	false	1.0
korruption	neg 1.0		neg 0.48972655903307954 off 0.4380412567911009 __DUMMY__ 0.07223218417581942	false	1.0
â			neg 0.4859209902102604 off 0.44109558561293744 __DUMMY__ 0.07298342417680219	false	0.0
schmutzig	neg 1.0		neg 0.47743115088269933 off 0.4496804348513585 __DUMMY__ 0.07288841426594213	false	1.0
sexy	neg 1.0		neg 0.48043202855908207 off 0.4469461534331651 __DUMMY__ 0.07262181800775284	false	1.0
abraten	neg 1.0		neg 0.48300259878049195 off 0.4441759595698004 __DUMMY__ 0.07282144164970765	false	1.0
schwarz	neg 1.0		neg 0.4833677767814679 off 0.44406592173570636 __DUMMY__ 0.0725663014828258	false	1.0
fotze	off 1.0		neg 0.487281050456721 off 0.4401701918673909 __DUMMY__ 0.07254875767588799	false	0.5
verwirren	neg 1.0		neg 0.4820617836066593 off 0.4452971209353419 __DUMMY__ 0.07264109545799882	false	1.0
zahnlos	off 1.0		neg 0.4888918613052169 off 0.43860014111124784 __DUMMY__ 0.0725079975835352	false	0.5
verheeren	neg 1.0		neg 0.47141669298309363 off 0.4568346591902058 __DUMMY__ 0.07174864782670055	false	1.0
hippie	neg 1.0		neg 0.4809460781141811 off 0.44647600411597543 __DUMMY__ 0.0725779177698435	false	1.0
rammen	neg 1.0		neg 0.48181632517847167 off 0.44554550548126276 __DUMMY__ 0.07263816934026553	false	1.0
unlauter	neg 1.0	neg 1.0	neg 0.7287770285737354 off 0.23647967940985687 __DUMMY__ 0.03474329201640763	false	1.0
unheilvoll	neg 1.0		neg 0.4818347682423261 off 0.44532106334110816 __DUMMY__ 0.07284416841656584	false	1.0
niedrig	neg 1.0		neg 0.4882958350091807 off 0.4390668151012583 __DUMMY__ 0.07263734988956086	false	1.0
explosion	neg 1.0		neg 0.48073189806748573 off 0.4465474905061881 __DUMMY__ 0.07272061142632617	false	1.0
weichei	off 1.0		neg 0.47521090394192056 off 0.45265712299482846 __DUMMY__ 0.07213197306325105	false	0.5
minusmensch	off 1.0		neg 0.47425093682103264 off 0.4544084982532739 __DUMMY__ 0.07134056492569357	false	0.5
farblos	neg 1.0		neg 0.48318842567594444 off 0.4440912887274993 __DUMMY__ 0.07272028559655627	false	1.0
unwissend	neg 1.0		neg 0.48099501698623165 off 0.44661610575503136 __DUMMY__ 0.07238887725873701	false	1.0
traurig	neg 1.0		neg 0.47664125971527155 off 0.45079205299386993 __DUMMY__ 0.07256668729085852	false	1.0
senkung	neg 1.0		neg 0.48186816101311547 off 0.4456132402398067 __DUMMY__ 0.07251859874707785	false	1.0
ungleich	neg 1.0	neg 1.0	neg 0.7315456695840444 off 0.23351205419462653 __DUMMY__ 0.03494227622132913	false	1.0
heikel	neg 1.0		neg 0.4900453595522758 off 0.43713843031136057 __DUMMY__ 0.0728162101363637	false	1.0
drosselung	neg 1.0		neg 0.47636619113390627 off 0.451105629733011 __DUMMY__ 0.0725281791330827	false	1.0
falsch	neg 1.0		neg 0.4813272182275165 off 0.44611217419547766 __DUMMY__ 0.07256060757700591	false	1.0
unzufriedenheit	neg 1.0		neg 0.49009445733477575 off 0.4370786921519253 __DUMMY__ 0.07282685051329886	false	1.0
kurz	neg 1.0		neg 0.48416454781098134 off 0.44262286032845116 __DUMMY__ 0.07321259186056751	false	1.0
unsinnig	neg 1.0		neg 0.4879197528963441 off 0.43944397695578347 __DUMMY__ 0.07263627014787254	false	1.0
penner	off 1.0	off 1.0	off 0.71274845972965 neg 0.25254975607004776 __DUMMY__ 0.034701784200302184	false	1.0
seicht	neg 1.0		neg 0.4744128855850713 off 0.45382555753732556 __DUMMY__ 0.07176155687760329	false	1.0
dummheit	off 1.0	off 1.0	off 0.7069298774080173 neg 0.25823469285198625 __DUMMY__ 0.03483542973999656	false	1.0
unerfreulich	neg 1.0		neg 0.4897629504680055 off 0.43725644610649755 __DUMMY__ 0.072980603425497	false	1.0
motherfucker	off 1.0	off 1.0	off 0.7099292663346339 neg 0.25532989491131386 __DUMMY__ 0.034740838754052136	false	1.0
pikiert	neg 1.0		neg 0.4813616526547234 off 0.44624003279317653 __DUMMY__ 0.07239831455210012	false	1.0
wrack	neg 1.0		neg 0.48665741296207493 off 0.44053287620366505 __DUMMY__ 0.07280971083425992	false	1.0
gangster	neg 1.0		neg 0.48170896322770795 off 0.445684463379606 __DUMMY__ 0.07260657339268614	false	1.0
krank	neg 1.0		neg 0.4775786020139913 off 0.44964394442590566 __DUMMY__ 0.07277745356010298	false	1.0
reich	neg 1.0		neg 0.4831176171442516 off 0.4451136285534653 __DUMMY__ 0.07176875430228308	false	1.0
gnadenlos	neg 1.0		neg 0.4844673985793394 off 0.4428994832370692 __DUMMY__ 0.07263311818359139	false	1.0
niedergeschlagen	neg 1.0		neg 0.48516125757188877 off 0.4418593316347676 __DUMMY__ 0.07297941079334362	false	1.0
terrorisieren	off 1.0	off 1.0	off 0.7042608121875118 neg 0.2606605865954332 __DUMMY__ 0.035078601217054986	false	1.0
sinnlosigkeit	neg 1.0		neg 0.48808945164993295 off 0.43928528507590064 __DUMMY__ 0.07262526327416631	false	1.0
behindern	neg 1.0		neg 0.4836043043429947 off 0.4434312191090571 __DUMMY__ 0.07296447654794817	false	1.0
undemokratisch	neg 1.0		neg 0.4864300162134036 off 0.4414763508144517 __DUMMY__ 0.07209363297214468	false	1.0
wirtschaftskrise	neg 1.0		neg 0.48839041929167587 off 0.43914579811264665 __DUMMY__ 0.0724637825956775	false	1.0
neid	neg 1.0		neg 0.4795075129774413 off 0.4475457141054482 __DUMMY__ 0.0729467729171106	false	1.0
rutschen	neg 1.0		neg 0.48723078437740347 off 0.4389032917623441 __DUMMY__ 0.07386592386025251	false	1.0
rezession	neg 1.0		neg 0.47786209936187063 off 0.45025109126586116 __DUMMY__ 0.07188680937226817	false	1.0
fehlgeburt	neg 1.0		neg 0.4832215701061798 off 0.4439746099425101 __DUMMY__ 0.07280381995131006	false	1.0
charakterschwach	off 1.0		neg 0.4806253550728566 off 0.44706597767871115 __DUMMY__ 0.07230866724843227	false	0.5
isolation	neg 1.0		neg 0.47989737843938446 off 0.4475833764586907 __DUMMY__ 0.0725192451019249	false	1.0
ablenkung	neg 1.0		neg 0.48361106781754903 off 0.4434683390471308 __DUMMY__ 0.07292059313532016	false	1.0
pech	neg 1.0		neg 0.48126975586224235 off 0.44601773677947665 __DUMMY__ 0.07271250735828097	false	1.0
vermeidung	neg 1.0		neg 0.4767477767732682 off 0.4505470082497567 __DUMMY__ 0.07270521497697512	false	1.0
dominieren	neg 1.0		neg 0.487450255831779 off 0.4400224227718814 __DUMMY__ 0.07252732139633966	false	1.0
schwindlig	neg 1.0		neg 0.48026122646157027 off 0.4467619196468888 __DUMMY__ 0.07297685389154093	false	1.0
lutscher	neg 1.0		neg 0.473306404817484 off 0.45491929018583777 __DUMMY__ 0.07177430499667824	false	1.0
pflicht	neg 1.0		neg 0.490360538509768 off 0.4368452966358688 __DUMMY__ 0.07279416485436324	false	1.0
faschist	off 1.0		neg 0.4850143127741915 off 0.4428627083979896 __DUMMY__ 0.07212297882781886	false	0.5
verschleudern	neg 1.0		neg 0.4894829811864653 off 0.43809970940504794 __DUMMY__ 0.07241730940848674	false	1.0
wenn			neg 0.4812763361756976 off 0.44614481210797896 __DUMMY__ 0.07257885171632333	false	0.0
ehebruch	neg 1.0		neg 0.4888516304595074 off 0.4385392860206414 __DUMMY__ 0.07260908351985124	false	1.0
spott	off 1.0		neg 0.48936655884642205 off 0.4379810615573127 __DUMMY__ 0.07265237959626511	false	0.5
trostlosigkeit	neg 1.0		neg 0.4919153016077884 off 0.43564166529620013 __DUMMY__ 0.07244303309601145	false	1.0
lutschen	neg 1.0		neg 0.48204464998481494 off 0.4457383715725966 __DUMMY__ 0.07221697844258858	false	1.0
undiszipliniert	neg 1.0		neg 0.4779967150665546 off 0.44955159404550793 __DUMMY__ 0.07245169088793749	false	1.0
kopfschmerz	neg 1.0		neg 0.48407480506235584 off 0.44298021372301694 __DUMMY__ 0.07294498121462722	false	1.0
unvorhergesehen	neg 1.0		neg 0.48381743062700905 off 0.4428781269649788 __DUMMY__ 0.07330444240801208	false	1.0
desinteressiert	neg 1.0		neg 0.4790401187524146 off 0.44862997913620833 __DUMMY__ 0.07232990211137723	false	1.0
armselig	off 1.0		neg 0.4786994559483503 off 0.4491131289289879 __DUMMY__ 0.07218741512266184	false	0.5
desaster	neg 1.0		neg 0.49371795382978706 off 0.4337872567971879 __DUMMY__ 0.07249478937302523	false	1.0
tod	neg 1.0		neg 0.4891582044107388 off 0.43829291628729766 __DUMMY__ 0.07254887930196365	false	1.0
herzlos	neg 1.0		neg 0.47609160078183704 off 0.45139332749972444 __DUMMY__ 0.07251507171843859	false	1.0
unwissenheit	neg 1.0		neg 0.4882519265635664 off 0.43916253905106745 __DUMMY__ 0.07258553438536611	false	1.0
widersinnig	neg 1.0		neg 0.4898654076858015 off 0.43807408770094597 __DUMMY__ 0.07206050461325261	false	1.0
bedenklich	neg 1.0		neg 0.4891668420407062 off 0.43807419337450426 __DUMMY__ 0.07275896458478945	false	1.0
beanstanden	neg 1.0		neg 0.4909539602413979 off 0.4362747176635333 __DUMMY__ 0.07277132209506856	false	1.0
panisch	neg 1.0	neg 1.0	neg 0.7260990712633012 off 0.23860357436331614 __DUMMY__ 0.03529735437338257	false	1.0
debil	off 1.0		neg 0.49204002090423377 off 0.43486840908895696 __DUMMY__ 0.0730915700068092	false	0.5
abstrich	neg 1.0		neg 0.4811819764898842 off 0.44557812784499584 __DUMMY__ 0.07323989566511988	false	1.0
primitiv	neg 1.0		neg 0.48007397776582905 off 0.44766913710110595 __DUMMY__ 0.07225688513306501	false	1.0
abschaum	off 1.0	off 1.0	off 0.7081132422728997 neg 0.2571260160829236 __DUMMY__ 0.0347607416441767	false	1.0
provozieren	neg 1.0		neg 0.4858413544227978 off 0.4416646284190325 __DUMMY__ 0.07249401715816957	false	1.0
tot	neg 1.0		neg 0.48599107836294686 off 0.44136891875377227 __DUMMY__ 0.07264000288328075	false	1.0
instabil	neg 1.0		neg 0.4791739924978651 off 0.4489780516135094 __DUMMY__ 0.07184795588862551	false	1.0
schwuchtel	off 1.0		neg 0.4700405533434901 off 0.4586915262039004 __DUMMY__ 0.07126792045260955	false	0.5
zerren	neg 1.0		neg 0.4856638249731103 off 0.441400532785177 __DUMMY__ 0.07293564224171266	false	1.0
kinderficker	off 1.0		neg 0.4773970815501819 off 0.4506646686802498 __DUMMY__ 0.07193824976956813	false	0.5
gefahr	neg 1.0		neg 0.4895819032838299 off 0.4378587527148187 __DUMMY__ 0.0725593440013515	false	1.0
rabiat	neg 1.0		neg 0.4850483546586707 off 0.4422499899096878 __DUMMY__ 0.07270165543164143	false	1.0
verlangsamung	neg 1.0		neg 0.4742062469350668 off 0.45395628786013 __DUMMY__ 0.07183746520480314	false	1.0
ausgestorben	neg 1.0		neg 0.48605846458999674 off 0.44109543972553794 __DUMMY__ 0.07284609568446526	false	1.0
anklagen	neg 1.0		neg 0.4862276726594689 off 0.441246278037064 __DUMMY__ 0.07252604930346701	false	1.0
trott	neg 1.0		neg 0.4839245648656208 off 0.4431984184733447 __DUMMY__ 0.07287701666103454	false	1.0
verminderung	neg 1.0		neg 0.47782330547833923 off 0.4498180547326363 __DUMMY__ 0.07235863978902451	false	1.0
nach			neg 0.48868367957744097 off 0.43767069250500695 __DUMMY__ 0.07364562791755212	false	0.0
rost	neg 1.0		neg 0.4731060671252268 off 0.4549178200864434 __DUMMY__ 0.07197611278832974	false	1.0
destruktiv	neg 1.0		neg 0.4874897707250132 off 0.44007413176001897 __DUMMY__ 0.07243609751496782	false	1.0
unzumutbarkeit	neg 1.0		neg 0.4775884595202546 off 0.4498594487463077 __DUMMY__ 0.07255209173343775	false	1.0
labil	off 1.0	off 1.0	off 0.7088197164001924 neg 0.25640550599998796 __DUMMY__ 0.03477477759981965	false	1.0
ziemlich	neg 1.0		neg 0.47937274169888255 off 0.4480734419215543 __DUMMY__ 0.07255381637956326	false	1.0
lachnummer	off 1.0		neg 0.48763957414555065 off 0.43994026045886286 __DUMMY__ 0.07242016539558656	false	0.5
oder			neg 0.48375958371434036 off 0.44327729863342863 __DUMMY__ 0.07296311765223103	false	0.0
verfall	neg 1.0		neg 0.4931329669510457 off 0.43388544161610965 __DUMMY__ 0.07298159143284477	false	1.0
ausgrenzung	neg 1.0		neg 0.4852109811149174 off 0.4426357987314963 __DUMMY__ 0.07215322015358645	false	1.0
unordnung	neg 1.0		neg 0.4781091993476954 off 0.44999843663424044 __DUMMY__ 0.07189236401806418	false	1.0
fehlverhalten	neg 1.0		neg 0.490273488740016 off 0.4371546892681433 __DUMMY__ 0.07257182199184074	false	1.0
eine			neg 0.4890798949873561 off 0.43778815867420207 __DUMMY__ 0.07313194633844185	false	0.0
nille	neg 1.0		neg 0.486631243349587 off 0.4410266974285782 __DUMMY__ 0.07234205922183477	false	1.0
qual	neg 1.0		neg 0.4842732448958324 off 0.44289324753547177 __DUMMY__ 0.07283350756869583	false	1.0
verschwenden	neg 1.0		neg 0.48815808677643197 off 0.4389435327263904 __DUMMY__ 0.07289838049717765	false	1.0
riesig	neg 1.0		neg 0.4838649398630588 off 0.44312106147311875 __DUMMY__ 0.0730139986638224	false	1.0
verurteilen	neg 1.0		neg 0.488445563180002 off 0.43904566255462124 __DUMMY__ 0.07250877426537683	false	1.0
klischee	neg 1.0	neg 1.0	neg 0.7281882024456517 off 0.23704573140520174 __DUMMY__ 0.03476606614914654	false	1.0
diktatorisch	neg 1.0		neg 0.4872521278641168 off 0.44078891220689476 __DUMMY__ 0.07195895992898838	false	1.0
vorhersehbar	neg 1.0		neg 0.48453007770715434 off 0.4431188723003843 __DUMMY__ 0.07235104999246116	false	1.0
sowie			neg 0.47600187419727713 off 0.4521437756521902 __DUMMY__ 0.0718543501505327	false	0.0
stornieren	neg 1.0		neg 0.4799242729990876 off 0.4470847926998105 __DUMMY__ 0.07299093430110183	false	1.0
besteuerung	neg 1.0		neg 0.4837778682249988 off 0.4436648800943641 __DUMMY__ 0.07255725168063705	false	1.0
ungeschminkt	neg 1.0		neg 0.47864066895108576 off 0.4488557786467319 __DUMMY__ 0.07250355240218234	false	1.0
kritisch	neg 1.0		neg 0.4897398789694609 off 0.43766678958532984 __DUMMY__ 0.0725933314452092	false	1.0
schlamperei	off 1.0		neg 0.48983093378023057 off 0.4377216422222566 __DUMMY__ 0.0724474239975128	false	0.5
sucht	neg 1.0	neg 1.0	neg 0.7254544933017804 off 0.2392606430326352 __DUMMY__ 0.03528486366558437	false	1.0
egoistisch	off 1.0		neg 0.47523059868234035 off 0.45259970951027145 __DUMMY__ 0.07216969180738812	false	0.5
ausbeuter	off 1.0		neg 0.4906939343525015 off 0.4367530575690598 __DUMMY__ 0.07255300807843877	false	0.5
arschgeburt	off 1.0		neg 0.4702630379443737 off 0.45847750789582126 __DUMMY__ 0.07125945415980509	false	0.5
schubs	neg 1.0	neg 1.0	neg 0.7288867678287201 off 0.23583766593261654 __DUMMY__ 0.03527556623866347	false	1.0
unsolide	neg 1.0		neg 0.4866871051390571 off 0.4419163103715304 __DUMMY__ 0.07139658448941257	false	1.0
beschwerde	neg 1.0		neg 0.48889994281323446 off 0.4386520052729662 __DUMMY__ 0.0724480519137993	false	1.0
stocken	neg 1.0		neg 0.4871058253681203 off 0.4400426772479985 __DUMMY__ 0.07285149738388122	false	1.0
isolieren	neg 1.0		neg 0.4835583838991248 off 0.44337773464814817 __DUMMY__ 0.0730638814527271	false	1.0
unheilbar	neg 1.0		neg 0.48332373668240003 off 0.44385129457762945 __DUMMY__ 0.07282496873997049	false	1.0
pisser	off 1.0		neg 0.47810750014706166 off 0.44985830627780315 __DUMMY__ 0.07203419357513528	false	0.5
löschen	neg 1.0		neg 0.4839563984607012 off 0.4434302980556412 __DUMMY__ 0.07261330348365769	false	1.0
durchfallen	neg 1.0		neg 0.48878976374364846 off 0.43848980468230636 __DUMMY__ 0.07272043157404522	false	1.0
wichser	off 1.0		neg 0.4716821813043193 off 0.4564833204282906 __DUMMY__ 0.07183449826739019	false	0.5
terror	neg 1.0		neg 0.48008151180924635 off 0.4471583752669688 __DUMMY__ 0.07276011292378491	false	1.0
krass	neg 1.0		neg 0.4765209356083354 off 0.4511402159421458 __DUMMY__ 0.07233884844951871	false	1.0
revolte	neg 1.0	neg 1.0	neg 0.7293157743387793 off 0.23616438400952916 __DUMMY__ 0.03451984165169152	false	1.0
besorgt	neg 1.0		neg 0.4841819325735135 off 0.44261232081074653 __DUMMY__ 0.07320574661574014	false	1.0
nachlassen	neg 1.0		neg 0.4847058423541822 off 0.4421586084331019 __DUMMY__ 0.07313554921271583	false	1.0
alt	neg 1.0		neg 0.4870676100644945 off 0.43981542529024614 __DUMMY__ 0.0731169646452593	false	1.0
hundesohn	off 1.0		neg 0.47423863753469037 off 0.45423143218905976 __DUMMY__ 0.07152993027624986	false	0.5
als			neg 0.4864356827707643 off 0.4406015083637864 __DUMMY__ 0.07296280886544934	false	0.0
abschreckung	neg 1.0		neg 0.49101787255571994 off 0.4362848879062164 __DUMMY__ 0.07269723953806372	false	1.0
unqualifiziert	neg 1.0		neg 0.48424672625039905 off 0.44341621096978384 __DUMMY__ 0.072337062779817	false	1.0
abgewichst	off 1.0		neg 0.4858789173976785 off 0.44144622935478806 __DUMMY__ 0.07267485324753341	false	0.5
schwer	neg 1.0		neg 0.484805966506189 off 0.4423232832056198 __DUMMY__ 0.07287075028819105	false	1.0
bedeutungslosigkeit	neg 1.0		neg 0.4908220910732105 off 0.43657076054933036 __DUMMY__ 0.07260714837745909	false	1.0
kapitulation	neg 1.0		neg 0.490616091567751 off 0.4372061327949467 __DUMMY__ 0.07217777563730224	false	1.0
unscharf	neg 1.0		neg 0.4812986724966222 off 0.4460202967769121 __DUMMY__ 0.07268103072646558	false	1.0
schwinden	neg 1.0		neg 0.4878437851306199 off 0.4391400067189238 __DUMMY__ 0.07301620815045622	false	1.0
versklavung	neg 1.0		neg 0.486528395554153 off 0.44136117045011153 __DUMMY__ 0.07211043399573557	false	1.0
schlecht	neg 1.0		neg 0.47872828420507035 off 0.44866831182574274 __DUMMY__ 0.07260340396918695	false	1.0
verhasst	neg 1.0		neg 0.48622850565485765 off 0.4413583756092558 __DUMMY__ 0.07241311873588667	false	1.0
beschweren	neg 1.0		neg 0.48294480406236856 off 0.44429420959768284 __DUMMY__ 0.0727609863399486	false	1.0
scheiden	neg 1.0		neg 0.4851118430440185 off 0.44210705251433585 __DUMMY__ 0.0727811044416458	false	1.0
frustriert	neg 1.0		neg 0.48620074867263213 off 0.44098054195106856 __DUMMY__ 0.07281870937629939	false	1.0
schimmelig	neg 1.0		neg 0.4878748362212004 off 0.4393485316003178 __DUMMY__ 0.07277663217848182	false	1.0
fisch	neg 1.0		neg 0.48718595649588203 off 0.4399847764797684 __DUMMY__ 0.07282926702434964	false	1.0
schmuggel	neg 1.0		neg 0.48732761882120357 off 0.43946403141879525 __DUMMY__ 0.07320834976000122	false	1.0
auffallen	neg 1.0		neg 0.4828749104947969 off 0.44445525550282916 __DUMMY__ 0.07266983400237387	false	1.0
konkurrenz	neg 1.0		neg 0.4901293043823968 off 0.43692928123529445 __DUMMY__ 0.07294141438230864	false	1.0
teufelskreis	neg 1.0		neg 0.48635222534279826 off 0.44092728511277773 __DUMMY__ 0.07272048954442387	false	1.0
aufschreien	neg 1.0		neg 0.484099931076614 off 0.4434541733317225 __DUMMY__ 0.07244589559166362	false	1.0
schuldner	neg 1.0		neg 0.4896539194738185 off 0.4377679906231173 __DUMMY__ 0.07257808990306427	false	1.0
missgeburt	off 1.0	off 1.0	off 0.7111659915240879 neg 0.25435104678274617 __DUMMY__ 0.0344829616931659	false	1.0
arbeitslos	neg 1.0		neg 0.48832800318627134 off 0.4390704194855682 __DUMMY__ 0.07260157732816032	false	1.0
befallen	neg 1.0		neg 0.48816856379461454 off 0.4393623795159724 __DUMMY__ 0.07246905668941303	false	1.0
miesepetrig	off 1.0		neg 0.47758022018247154 off 0.44958928559526495 __DUMMY__ 0.07283049422226343	false	0.5
alarmieren	neg 1.0		neg 0.4815559340103851 off 0.4462214403686125 __DUMMY__ 0.07222262562100236	false	1.0
ungeduscht	off 1.0		neg 0.4812583463311767 off 0.4460619660480403 __DUMMY__ 0.07267968762078286	false	0.5
knappheit	neg 1.0		neg 0.4876266853430818 off 0.4397641225476508 __DUMMY__ 0.0726091921092673	false	1.0
schlange	neg 1.0		neg 0.48191298828529217 off 0.4451150126553365 __DUMMY__ 0.07297199905937149	false	1.0
harsch	neg 1.0		neg 0.47203764908332996 off 0.45547441515447534 __DUMMY__ 0.0724879357621947	false	1.0
lang	neg 1.0		neg 0.4830092212179064 off 0.4442325197517158 __DUMMY__ 0.07275825903037782	false	1.0
ziellos	neg 1.0		neg 0.48712017710342553 off 0.4399596327299826 __DUMMY__ 0.07292019016659185	false	1.0
selbstverliebt	neg 1.0		neg 0.4726985192436236 off 0.4558978379604994 __DUMMY__ 0.07140364279587702	false	1.0
beseitigen	neg 1.0		neg 0.48312171126501496 off 0.4440703695879011 __DUMMY__ 0.07280791914708394	false	1.0
dumm	off 1.0		neg 0.47504861718127006 off 0.4529056614769509 __DUMMY__ 0.07204572134177892	false	0.5
arbeitsloser	neg 1.0		neg 0.4891261844739162 off 0.4382413748593137 __DUMMY__ 0.07263244066676997	false	1.0
blitzen	neg 1.0		neg 0.48101194261990476 off 0.44641099457116323 __DUMMY__ 0.07257706280893204	false	1.0
hilflos	neg 1.0		neg 0.4863629724426226 off 0.440774229949416 __DUMMY__ 0.0728627976079614	false	1.0
eklig	off 1.0		neg 0.47467730369114536 off 0.45341311340278573 __DUMMY__ 0.07190958290606887	false	0.5
begriff			neg 0.4867217406074267 off 0.44057099963779794 __DUMMY__ 0.07270725975477547	false	0.0
hungersnot	neg 1.0		neg 0.4878423104071534 off 0.4399962594260949 __DUMMY__ 0.07216143016675171	false	1.0
ungesetzlich	neg 1.0		neg 0.4862256919251335 off 0.4418685651840739 __DUMMY__ 0.07190574289079259	false	1.0
verschwendung	neg 1.0		neg 0.4891619399491458 off 0.4379302978490154 __DUMMY__ 0.07290776220183877	false	1.0
schmerzvoll	neg 1.0		neg 0.4828003232574764 off 0.4444160423753188 __DUMMY__ 0.07278363436720478	false	1.0
vorzeitig	neg 1.0		neg 0.47987354856932474 off 0.44769572841858335 __DUMMY__ 0.07243072301209197	false	1.0
unvollkommenheit	neg 1.0		neg 0.4840110173015007 off 0.4432114141889419 __DUMMY__ 0.07277756850955734	false	1.0
intervenieren	neg 1.0		neg 0.490557495881006 off 0.4369552529465873 __DUMMY__ 0.07248725117240665	false	1.0
banause	off 1.0		neg 0.47307396139899865 off 0.4550608392277628 __DUMMY__ 0.07186519937323847	false	0.5
rebell	neg 1.0		neg 0.4889928832786243 off 0.4379439674637976 __DUMMY__ 0.07306314925757809	false	1.0
unlogisch	neg 1.0		neg 0.47866781704744765 off 0.4491750750695486 __DUMMY__ 0.07215710788300359	false	1.0
leiden	neg 1.0	neg 1.0	neg 0.7279268310470816 off 0.23634729022913697 __DUMMY__ 0.03572587872378133	false	1.0
abschaffung	neg 1.0		neg 0.485793204150764 off 0.4419055152945221 __DUMMY__ 0.0723012805547139	false	1.0
sturz	neg 1.0		neg 0.48474901008928983 off 0.4429092127712012 __DUMMY__ 0.07234177713950911	false	1.0
verkleinerung	neg 1.0		neg 0.4843191766805342 off 0.4437562249991309 __DUMMY__ 0.07192459832033476	false	1.0
schmarotzer	off 1.0		neg 0.4894675211459445 off 0.43805294355757585 __DUMMY__ 0.07247953529647964	false	0.5
bestrafung	neg 1.0		neg 0.4838560542855549 off 0.4434981110229461 __DUMMY__ 0.07264583469149904	false	1.0
achtlos	neg 1.0		neg 0.4843166822263163 off 0.4427276150501903 __DUMMY__ 0.07295570272349326	false	1.0
ungeheuer	neg 1.0		neg 0.48252000596036426 off 0.44484338736885815 __DUMMY__ 0.07263660667077762	false	1.0
unaufrichtig	neg 1.0		neg 0.483301733445131 off 0.44441894466244564 __DUMMY__ 0.0722793218924232	false	1.0
groggy	neg 1.0		neg 0.48178290450722117 off 0.44572272721068124 __DUMMY__ 0.07249436828209765	false	1.0
verletzlich	neg 1.0		neg 0.4790783328077976 off 0.4484490376145992 __DUMMY__ 0.07247262957760331	false	1.0
