unsolidarisch	neg 1.0		neg 0.5030580050734916 off 0.4529493731138788 __DUMMY__ 0.04399262181262958	false	1.0
nachteilig	neg 1.0		neg 0.5028273656935885 off 0.45269673021896695 __DUMMY__ 0.0444759040874447	false	1.0
skeptisch	neg 1.0		neg 0.5047585926367184 off 0.4506050599392134 __DUMMY__ 0.04463634742406821	false	1.0
schrecklich	neg 1.0		neg 0.49148578699421563 off 0.464267662926743 __DUMMY__ 0.04424655007904124	false	1.0
schlapp	neg 1.0		neg 0.4936287860878062 off 0.4617923672638137 __DUMMY__ 0.044578846648380056	false	1.0
abfall	neg 1.0		neg 0.5058663370515377 off 0.4494084128605885 __DUMMY__ 0.0447252500878738	false	1.0
widerspenstig	neg 1.0		neg 0.49781326212299554 off 0.45745479752137663 __DUMMY__ 0.0447319403556279	false	1.0
abrupt	neg 1.0		neg 0.4982826881178982 off 0.4568654736578872 __DUMMY__ 0.04485183822421457	false	1.0
unwirksam	neg 1.0		neg 0.5024849224851613 off 0.45348003664434033 __DUMMY__ 0.04403504087049838	false	1.0
angreifen	neg 1.0		neg 0.5041628545192305 off 0.4513201575672377 __DUMMY__ 0.04451698791353178	false	1.0
inkonsistent	neg 1.0		neg 0.4972414051853816 off 0.45835295454212693 __DUMMY__ 0.04440564027249155	false	1.0
abrutschen	neg 1.0		neg 0.5053213284171564 off 0.44990167086432203 __DUMMY__ 0.044777000718521684	false	1.0
unsicher	neg 1.0		neg 0.4991756651098876 off 0.456249364330705 __DUMMY__ 0.04457497055940745	false	1.0
bauernkind	off 1.0		neg 0.49033999721957316 off 0.4657794960412501 __DUMMY__ 0.04388050673917672	false	0.5
angreifer	neg 1.0		neg 0.4977988159526241 off 0.4579723545640105 __DUMMY__ 0.04422882948336543	false	1.0
trennen	neg 1.0		neg 0.5018193672819237 off 0.4533047269839291 __DUMMY__ 0.04487590573414725	false	1.0
schmutz	neg 1.0		neg 0.4910634288664061 off 0.46420092503231825 __DUMMY__ 0.04473564610127582	false	1.0
inkonsistenz	neg 1.0	neg 1.0	neg 0.7351262165352479 off 0.24361457833015113 __DUMMY__ 0.021259205134600962	false	1.0
erschreckend	neg 1.0		neg 0.5014383262778274 off 0.4540877288404428 __DUMMY__ 0.04447394488172991	false	1.0
ertrinken	neg 1.0		neg 0.5012467644580154 off 0.45398696635763874 __DUMMY__ 0.04476626918434575	false	1.0
pickelface	off 1.0		neg 0.49997254057988916 off 0.4557201091026258 __DUMMY__ 0.04430735031748499	false	0.5
seiner			neg 0.5037090532691791 off 0.45169432620464983 __DUMMY__ 0.04459662052617105	false	0.0
lauch	neg 1.0		neg 0.5043804994928299 off 0.4509308931209845 __DUMMY__ 0.04468860738618559	false	1.0
unwichtig	neg 1.0		neg 0.49549287363086175 off 0.460139592885578 __DUMMY__ 0.04436753348356019	false	1.0
steuerhinterziehung	neg 1.0		neg 0.5031066387594663 off 0.45273247812943035 __DUMMY__ 0.04416088311110336	false	1.0
schock	neg 1.0		neg 0.4987496005231375 off 0.4564264855976145 __DUMMY__ 0.04482391387924801	false	1.0
beule	neg 1.0		neg 0.4927669390999134 off 0.462739241267253 __DUMMY__ 0.04449381963283349	false	1.0
vergelten	neg 1.0		neg 0.4911346396262042 off 0.46481144637438593 __DUMMY__ 0.04405391399941	false	1.0
verdorbenheit	neg 1.0		neg 0.497094053292513 off 0.45831130762630345 __DUMMY__ 0.04459463908118347	false	1.0
trauma	neg 1.0		neg 0.4977649320948305 off 0.45777863510893013 __DUMMY__ 0.044456432796239294	false	1.0
sinnlos	neg 1.0		neg 0.49745600341337226 off 0.4580779742072849 __DUMMY__ 0.04446602237934274	false	1.0
fettsack	off 1.0	off 1.0	off 0.7176592490105502 neg 0.26120247696610055 __DUMMY__ 0.021138274023349203	false	1.0
feige	off 1.0		neg 0.49696849521343467 off 0.45878641522245384 __DUMMY__ 0.04424508956411154	false	0.5
abdanken	neg 1.0		neg 0.5043841802080797 off 0.45161476184151506 __DUMMY__ 0.044001057950405265	false	1.0
wichtigtuer	off 1.0	off 1.0	off 0.7128347700307449 neg 0.26588813265834105 __DUMMY__ 0.021277097310913977	false	1.0
misslingen	neg 1.0		neg 0.49446865702137655 off 0.4607663753923963 __DUMMY__ 0.044764967586227035	false	1.0
untreu	off 1.0		neg 0.4946164587255918 off 0.46102123683504653 __DUMMY__ 0.044362304439361636	false	0.5
missmutig	neg 1.0		neg 0.4945283629315169 off 0.46091052889084744 __DUMMY__ 0.044561108177635644	false	1.0
hurenbock	off 1.0		neg 0.49545254226131236 off 0.4598203550897835 __DUMMY__ 0.044727102648904234	false	0.5
betrunken	neg 1.0		neg 0.49211754044141776 off 0.463442599578549 __DUMMY__ 0.04443985998003337	false	1.0
korrupt	off 1.0		neg 0.5046522001349368 off 0.45117282985908613 __DUMMY__ 0.04417497000597716	false	0.5
unmut	neg 1.0		neg 0.5060997668597468 off 0.44930167479716626 __DUMMY__ 0.044598558343087	false	1.0
hackfresse	off 1.0		neg 0.4885008807854396 off 0.46738284684597625 __DUMMY__ 0.04411627236858417	false	0.5
aufblasen	neg 1.0		neg 0.4966687358217558 off 0.4586710197070145 __DUMMY__ 0.04466024447122962	false	1.0
gewaltsam	neg 1.0		neg 0.5000772148957583 off 0.4556773225621755 __DUMMY__ 0.04424546254206599	false	1.0
unbeliebtheit	neg 1.0		neg 0.4965496834358461 off 0.4595780982612903 __DUMMY__ 0.04387221830286359	false	1.0
sturheit	neg 1.0		neg 0.5018353956664067 off 0.4537768958289027 __DUMMY__ 0.04438770850469052	false	1.0
kuh	neg 1.0		neg 0.4984405596673394 off 0.4572113516136697 __DUMMY__ 0.04434808871899086	false	1.0
erschrecken	neg 1.0		neg 0.4955435813002422 off 0.4599591994372252 __DUMMY__ 0.04449721926253252	false	1.0
opfer	neg 1.0		neg 0.5031131023072359 off 0.45232418016384607 __DUMMY__ 0.04456271752891782	false	1.0
sinken	neg 1.0		neg 0.5051292663805148 off 0.450270032826768 __DUMMY__ 0.044600700792717184	false	1.0
stinktier	neg 1.0		neg 0.49225720212053753 off 0.4636654494610414 __DUMMY__ 0.044077348418421244	false	1.0
tucke	off 1.0		neg 0.48688158873142223 off 0.46891609205378587 __DUMMY__ 0.04420231921479194	false	0.5
ein			neg 0.4968527216551455 off 0.45840290311781484 __DUMMY__ 0.04474437522703962	false	0.0
abstieg	neg 1.0		neg 0.5025394786283646 off 0.45309459370785865 __DUMMY__ 0.04436592766377675	false	1.0
missverstehen	neg 1.0		neg 0.49923619059083174 off 0.45648650067035107 __DUMMY__ 0.0442773087388171	false	1.0
ergebnislos	neg 1.0		neg 0.5027193407229327 off 0.4528607138077914 __DUMMY__ 0.044419945469276	false	1.0
unter			neg 0.5066142576100153 off 0.44826215621227666 __DUMMY__ 0.04512358617770789	false	0.0
manipulieren	neg 1.0		neg 0.5032089613690917 off 0.4521643623313961 __DUMMY__ 0.04462667629951234	false	1.0
unbewiesen	neg 1.0		neg 0.5034028715192764 off 0.4526180436102553 __DUMMY__ 0.04397908487046826	false	1.0
verschleppen	neg 1.0		neg 0.5023209487807246 off 0.453209352464339 __DUMMY__ 0.0444696987549362	false	1.0
weib	off 1.0		neg 0.48748581119093054 off 0.4684705286035031 __DUMMY__ 0.04404366020556647	false	0.5
opposition	neg 1.0		neg 0.4998798238613626 off 0.45596076908044575 __DUMMY__ 0.04415940705819152	false	1.0
verkehrswidrig	neg 1.0		neg 0.48779245391855913 off 0.4677965635320699 __DUMMY__ 0.04441098254937103	false	1.0
inkorrekt	neg 1.0		neg 0.4971728467530814 off 0.4588297502054397 __DUMMY__ 0.04399740304147876	false	1.0
vermeiden	neg 1.0		neg 0.5051396785848941 off 0.4499094286179872 __DUMMY__ 0.04495089279711872	false	1.0
abweichung	neg 1.0		neg 0.5047609385125595 off 0.4510576586155932 __DUMMY__ 0.044181402871847256	false	1.0
alkoholisiert	neg 1.0		neg 0.49857853192115986 off 0.45658918829055867 __DUMMY__ 0.0448322797882815	false	1.0
scheiss	off 1.0	off 1.0	off 0.7163064226172968 neg 0.26235636562277675 __DUMMY__ 0.021337211759926505	false	1.0
herausforderung	neg 1.0		neg 0.4992199865956882 off 0.45591015661425005 __DUMMY__ 0.0448698567900616	false	1.0
pervers	off 1.0		neg 0.4854599906629796 off 0.4706219527391086 __DUMMY__ 0.04391805659791164	false	0.5
wackelig	neg 1.0		neg 0.49865424673047576 off 0.4564192960803537 __DUMMY__ 0.04492645718917065	false	1.0
verwickeln	neg 1.0		neg 0.49881516545011906 off 0.45682033072443173 __DUMMY__ 0.04436450382544937	false	1.0
vorwand	neg 1.0		neg 0.5058255805732497 off 0.44965610204888895 __DUMMY__ 0.04451831737786134	false	1.0
muschi	off 1.0		neg 0.5004894987945839 off 0.45519852435247227 __DUMMY__ 0.04431197685294387	false	0.5
entmutigung	neg 1.0		neg 0.5012883884616823 off 0.4548262781302538 __DUMMY__ 0.04388533340806378	false	1.0
unangemessen	neg 1.0		neg 0.5040119307436369 off 0.4516819884185194 __DUMMY__ 0.044306080837843737	false	1.0
unstetig	neg 1.0		neg 0.4959947916239889 off 0.4596645252173623 __DUMMY__ 0.04434068315864895	false	1.0
entmutigen	neg 1.0		neg 0.49743037318034433 off 0.45797432565753976 __DUMMY__ 0.044595301162116026	false	1.0
schwanz	neg 1.0		neg 0.5016698075330841 off 0.4538529759512488 __DUMMY__ 0.04447721651566727	false	1.0
verbot	neg 1.0		neg 0.5040558963932085 off 0.4517684084324533 __DUMMY__ 0.044175695174338225	false	1.0
leid	neg 1.0		neg 0.4900240127304397 off 0.46578424787752554 __DUMMY__ 0.04419173939203462	false	1.0
archaisch	neg 1.0		neg 0.5024625510437823 off 0.4531385484099429 __DUMMY__ 0.044398900546274815	false	1.0
gegen			neg 0.5065029490359021 off 0.4491051678238346 __DUMMY__ 0.044391883140263454	false	0.0
scheidung	neg 1.0	neg 1.0	neg 0.7228181232083641 off 0.2560201199952172 __DUMMY__ 0.0211617567964187	false	1.0
einschlag	neg 1.0		neg 0.4920777176227777 off 0.46387401931396205 __DUMMY__ 0.04404826306326033	false	1.0
m			neg 0.49943323125204897 off 0.45589276698107223 __DUMMY__ 0.044674001766878704	false	0.0
abgestanden	neg 1.0		neg 0.4974054367707507 off 0.4578991031619689 __DUMMY__ 0.04469546006728034	false	1.0
schmierig	off 1.0		neg 0.4903015252297359 off 0.4653889842256194 __DUMMY__ 0.04430949054464465	false	0.5
unpraktisch	neg 1.0		neg 0.4964900460568836 off 0.45882560189798466 __DUMMY__ 0.04468435204513179	false	1.0
wixxer	off 1.0		neg 0.4857890821031559 off 0.47036421869459744 __DUMMY__ 0.043846699202246736	false	0.5
bezeichnet			neg 0.5018465573458362 off 0.45381459148840575 __DUMMY__ 0.044338851165758184	false	0.0
jammerlappen	off 1.0		neg 0.4954636522002366 off 0.46015811131408524 __DUMMY__ 0.044378236485678055	false	0.5
farce	neg 1.0		neg 0.5047764948862083 off 0.4512030530390526 __DUMMY__ 0.04402045207473903	false	1.0
zwecklos	neg 1.0		neg 0.503563742429494 off 0.4520336160248889 __DUMMY__ 0.044402641545617204	false	1.0
turbulent	neg 1.0		neg 0.49240886250216975 off 0.46343354352969524 __DUMMY__ 0.04415759396813499	false	1.0
invasion	neg 1.0		neg 0.49545897262927013 off 0.460012387509192 __DUMMY__ 0.044528639861537905	false	1.0
schuld	neg 1.0		neg 0.49945387584636336 off 0.4561270447989322 __DUMMY__ 0.044419079354704454	false	1.0
risiko	neg 1.0		neg 0.4941291784239718 off 0.46123024944562324 __DUMMY__ 0.04464057213040494	false	1.0
finster	neg 1.0		neg 0.49743640234492514 off 0.4578814666195529 __DUMMY__ 0.044682131035522	false	1.0
geisteskrank	off 1.0		neg 0.4958604440159288 off 0.4600387470145617 __DUMMY__ 0.04410080896950949	false	0.5
zusammenbrechen	neg 1.0		neg 0.5000033122937027 off 0.45533739260575434 __DUMMY__ 0.044659295100542985	false	1.0
ausbeute	neg 1.0		neg 0.5003217515733732 off 0.45492489210698117 __DUMMY__ 0.0447533563196456	false	1.0
hinterhalt	neg 1.0		neg 0.4979105647240775 off 0.45760103299978533 __DUMMY__ 0.044488402276137075	false	1.0
kritik	neg 1.0		neg 0.503832830931524 off 0.45203821386851967 __DUMMY__ 0.044128955199956445	false	1.0
einschrumpfen	neg 1.0		neg 0.4977711750197873 off 0.45810477331896665 __DUMMY__ 0.0441240516612461	false	1.0
riskant	neg 1.0		neg 0.503321268140399 off 0.4520866026122541 __DUMMY__ 0.04459212924734706	false	1.0
frustrieren	neg 1.0		neg 0.5035866338944716 off 0.4518513532943117 __DUMMY__ 0.04456201281121678	false	1.0
groll	neg 1.0		neg 0.5028011640406023 off 0.4527446564360828 __DUMMY__ 0.044454179523314936	false	1.0
gibt			neg 0.5013977027395047 off 0.4540452555082542 __DUMMY__ 0.04455704175224102	false	0.0
qualvoll	neg 1.0		neg 0.49596951565960684 off 0.45944257771008024 __DUMMY__ 0.04458790663031297	false	1.0
wackeln	neg 1.0		neg 0.4966951659161901 off 0.45856201376206446 __DUMMY__ 0.044742820321745536	false	1.0
klagen	neg 1.0		neg 0.5064776958670614 off 0.44906615885557893 __DUMMY__ 0.044456145277359575	false	1.0
bankrott	neg 1.0		neg 0.49408863597546454 off 0.4614450557868224 __DUMMY__ 0.04446630823771308	false	1.0
trauern	neg 1.0		neg 0.5028779505735621 off 0.4525248658801066 __DUMMY__ 0.04459718354633135	false	1.0
ablehnung	neg 1.0	neg 1.0	neg 0.7381251693798856 off 0.24064523555489195 __DUMMY__ 0.02122959506522253	false	1.0
stur	neg 1.0		neg 0.4988480522909326 off 0.45671648109293017 __DUMMY__ 0.04443546661613721	false	1.0
aufruhr	neg 1.0		neg 0.5009735682696806 off 0.45481169284593664 __DUMMY__ 0.044214738884382696	false	1.0
melancholie	neg 1.0		neg 0.4992179040703886 off 0.4559445447111419 __DUMMY__ 0.04483755121846949	false	1.0
ist			neg 0.4984049420338871 off 0.4571438744300087 __DUMMY__ 0.044451183536104326	false	0.0
torheit	neg 1.0		neg 0.5017169026668293 off 0.4542182570587631 __DUMMY__ 0.04406484027440758	false	1.0
dreckskind	off 1.0		neg 0.49183004453845786 off 0.46431355042664746 __DUMMY__ 0.04385640503489467	false	0.5
umtauschen	neg 1.0		neg 0.49823229806793684 off 0.45707595820107594 __DUMMY__ 0.04469174373098719	false	1.0
zum			neg 0.5038614348267846 off 0.45109081246753474 __DUMMY__ 0.04504775270568054	false	0.0
zersetzen	neg 1.0		neg 0.5047071289529033 off 0.45074837684123725 __DUMMY__ 0.04454449420585954	false	1.0
zur			neg 0.507640201044351 off 0.4477117160352595 __DUMMY__ 0.04464808292038948	false	0.0
frust	neg 1.0		neg 0.500886673114459 off 0.4545149847152468 __DUMMY__ 0.044598342170294125	false	1.0
unerbittlichkeit	neg 1.0		neg 0.5038273913706182 off 0.4516510801323615 __DUMMY__ 0.04452152849702036	false	1.0
zwei			neg 0.5028363371294252 off 0.4522300414784849 __DUMMY__ 0.04493362139208985	false	0.0
unkorrekt	neg 1.0		neg 0.4961856916735212 off 0.45980320822698534 __DUMMY__ 0.044011100099493425	false	1.0
hexe	off 1.0		neg 0.4940198816267142 off 0.4615690592986437 __DUMMY__ 0.044411059074642024	false	0.5
lasch	neg 1.0		neg 0.49778154346366416 off 0.4579432947069648 __DUMMY__ 0.044275161829371044	false	1.0
rivale	neg 1.0		neg 0.4919626454926052 off 0.4639178418217942 __DUMMY__ 0.04411951268560053	false	1.0
mutlos	off 1.0	off 1.0	off 0.7103164208489935 neg 0.2683425839419186 __DUMMY__ 0.021340995209087773	false	1.0
wirr	off 1.0		neg 0.49359037640192716 off 0.46233538479827946 __DUMMY__ 0.04407423879979339	false	0.5
jahr			neg 0.5010752896590451 off 0.45409992925259945 __DUMMY__ 0.04482478108835538	false	0.0
wird			neg 0.5026566952873742 off 0.45275910951207526 __DUMMY__ 0.04458419520055047	false	0.0
strafbar	neg 1.0		neg 0.5055337872145556 off 0.45016362421372164 __DUMMY__ 0.04430258857172269	false	1.0
erosion	neg 1.0		neg 0.4966057069684002 off 0.4587829335443249 __DUMMY__ 0.04461135948727506	false	1.0
eingehen	neg 1.0		neg 0.5033256218112364 off 0.4522031698026208 __DUMMY__ 0.04447120838614273	false	1.0
faul	off 1.0		neg 0.4939100686460859 off 0.4615116691204079 __DUMMY__ 0.04457826223350609	false	0.5
provisorium	neg 1.0		neg 0.5078620198515267 off 0.44709658223585363 __DUMMY__ 0.04504139791261975	false	1.0
schmerzen	neg 1.0		neg 0.4992034717176635 off 0.45611568789047846 __DUMMY__ 0.044680840391857914	false	1.0
schrumpfen	neg 1.0		neg 0.5068446369631655 off 0.44838401906036723 __DUMMY__ 0.044771343976467155	false	1.0
geistlos	off 1.0		neg 0.5003136252890183 off 0.45566727016831504 __DUMMY__ 0.04401910454266655	false	0.5
fehlkauf	neg 1.0		neg 0.4975141235481541 off 0.4581648641989702 __DUMMY__ 0.04432101225287567	false	1.0
frustrierend	neg 1.0		neg 0.49600499442300594 off 0.4595364524755199 __DUMMY__ 0.044458553101474146	false	1.0
unzufrieden	neg 1.0		neg 0.5026404714185488 off 0.4528593439272924 __DUMMY__ 0.044500184654158864	false	1.0
verzweifeln	neg 1.0		neg 0.4996495011010711 off 0.45575192131732445 __DUMMY__ 0.04459857758160455	false	1.0
verzweifelt	neg 1.0		neg 0.4987944842237529 off 0.4567517813625229 __DUMMY__ 0.044453734413724195	false	1.0
misstrauensantrag	neg 1.0		neg 0.49878265146305867 off 0.4570312325847669 __DUMMY__ 0.04418611595217449	false	1.0
abfallen	neg 1.0		neg 0.4956076965015997 off 0.45955828994971837 __DUMMY__ 0.04483401354868182	false	1.0
fucker	off 1.0		neg 0.49315760365346234 off 0.46267589676178067 __DUMMY__ 0.04416649958475709	false	0.5
ungezogen	neg 1.0		neg 0.4867356939280934 off 0.46916259494808343 __DUMMY__ 0.04410171112382323	false	1.0
irrsinnig	neg 1.0	neg 1.0	neg 0.7362069177610168 off 0.24246337386022432 __DUMMY__ 0.021329708378758975	false	1.0
unfassbar	neg 1.0		neg 0.49469063350530984 off 0.4609200710354392 __DUMMY__ 0.044389295459250785	false	1.0
hart	neg 1.0		neg 0.49529707335121476 off 0.4604472752193555 __DUMMY__ 0.04425565142942971	false	1.0
widerlich	off 1.0		neg 0.4951262135707994 off 0.46064447545629433 __DUMMY__ 0.04422931097290633	false	0.5
fatal	neg 1.0		neg 0.497281946067651 off 0.45835199732207677 __DUMMY__ 0.04436605661027215	false	1.0
bruch	neg 1.0		neg 0.5076846930358524 off 0.44793595894906646 __DUMMY__ 0.04437934801508127	false	1.0
aushungern	neg 1.0		neg 0.5017469958536954 off 0.4540647947022139 __DUMMY__ 0.04418820944409067	false	1.0
anspannung	neg 1.0		neg 0.5038961621854997 off 0.4511942096301874 __DUMMY__ 0.04490962818431292	false	1.0
von			neg 0.5031342100868798 off 0.45213241517803254 __DUMMY__ 0.04473337473508768	false	0.0
kraftlos	neg 1.0		neg 0.49946601542165014 off 0.45565366752601877 __DUMMY__ 0.04488031705233111	false	1.0
vom			neg 0.5068467556656652 off 0.44813866159553967 __DUMMY__ 0.04501458273879534	false	0.0
grenzdebil	off 1.0		neg 0.49334673875840707 off 0.46225523799741525 __DUMMY__ 0.04439802324417759	false	0.5
vor			neg 0.5041273108449438 off 0.4511073657752895 __DUMMY__ 0.04476532337976676	false	0.0
unterwerfen	neg 1.0		neg 0.5034762996621538 off 0.45203517557500733 __DUMMY__ 0.04448852476283901	false	1.0
versenkung	neg 1.0		neg 0.5037337394464997 off 0.4517250578045766 __DUMMY__ 0.044541202748923675	false	1.0
entziehen	neg 1.0		neg 0.5061869532482646 off 0.4492615836769669 __DUMMY__ 0.044551463074768524	false	1.0
finanzkrise	neg 1.0		neg 0.5021658914634515 off 0.4536592273157406 __DUMMY__ 0.044174881220807934	false	1.0
schimpfend	neg 1.0		neg 0.49403324468426946 off 0.4610745913513722 __DUMMY__ 0.044892163964358286	false	1.0
profan	neg 1.0		neg 0.49740095550555474 off 0.4581277763808166 __DUMMY__ 0.04447126811362867	false	1.0
korruption	neg 1.0		neg 0.5044297435806394 off 0.45138621280610386 __DUMMY__ 0.04418404361325661	false	1.0
â			neg 0.500758579350289 off 0.4545959761393553 __DUMMY__ 0.0446454445103558	false	0.0
schmutzig	neg 1.0		neg 0.49221947865817295 off 0.4631936007621113 __DUMMY__ 0.0445869205797156	false	1.0
sexy	neg 1.0		neg 0.4951770335603955 off 0.46039937729757924 __DUMMY__ 0.0444235891420252	false	1.0
abraten	neg 1.0		neg 0.4977966908130262 off 0.45765749707638026 __DUMMY__ 0.04454581211059353	false	1.0
schwarz	neg 1.0		neg 0.4981121514437093 off 0.4574983731975353 __DUMMY__ 0.04438947535875538	false	1.0
fotze	off 1.0		neg 0.5020369748539574 off 0.45358468752586517 __DUMMY__ 0.044378337620177566	false	0.5
verwirren	neg 1.0		neg 0.49681704576406527 off 0.4587476079676065 __DUMMY__ 0.04443534626832835	false	1.0
zahnlos	off 1.0		neg 0.5036468730368618 off 0.4519994565395002 __DUMMY__ 0.04435367042363802	false	0.5
verheeren	neg 1.0		neg 0.4859523039753456 off 0.4701606815027746 __DUMMY__ 0.04388701452187979	false	1.0
hippie	neg 1.0		neg 0.49568467429063295 off 0.4599186526756776 __DUMMY__ 0.04439667303368943	false	1.0
rammen	neg 1.0		neg 0.49656568821893987 off 0.45900160139976925 __DUMMY__ 0.044432710381290895	false	1.0
unlauter	neg 1.0	neg 1.0	neg 0.7358531249253187 off 0.24291737781809059 __DUMMY__ 0.0212294972565907	false	1.0
unheilvoll	neg 1.0		neg 0.4966279725066603 off 0.4588125988909655 __DUMMY__ 0.044559428602374024	false	1.0
niedrig	neg 1.0		neg 0.503071545396537 off 0.4524962385735588 __DUMMY__ 0.04443221602990415	false	1.0
explosion	neg 1.0		neg 0.49549849102218296 off 0.46001746636790924 __DUMMY__ 0.04448404260990778	false	1.0
weichei	off 1.0		neg 0.4898341424277693 off 0.4660431802424508 __DUMMY__ 0.04412267732977999	false	0.5
minusmensch	off 1.0		neg 0.4887150109942027 off 0.46764830412852065 __DUMMY__ 0.04363668487727668	false	0.5
farblos	neg 1.0		neg 0.49796157605104496 off 0.45755566697320454 __DUMMY__ 0.044482756975750416	false	1.0
unwissend	neg 1.0		neg 0.4956941421511187 off 0.46002533974789545 __DUMMY__ 0.04428051810098593	false	1.0
traurig	neg 1.0		neg 0.49136110398614996 off 0.4642493736296783 __DUMMY__ 0.0443895223841718	false	1.0
senkung	neg 1.0		neg 0.49659606829619063 off 0.4590442548299467 __DUMMY__ 0.04435967687386271	false	1.0
ungleich	neg 1.0	neg 1.0	neg 0.7386649029635568 off 0.23998371354994288 __DUMMY__ 0.02135138348650034	false	1.0
heikel	neg 1.0		neg 0.5048670991001517 off 0.4505901778208814 __DUMMY__ 0.044542723078966714	false	1.0
drosselung	neg 1.0		neg 0.4910767441651518 off 0.46455786372280633 __DUMMY__ 0.044365392112041956	false	1.0
falsch	neg 1.0		neg 0.49606319141458155 off 0.459550920140612 __DUMMY__ 0.044385888444806516	false	1.0
unzufriedenheit	neg 1.0		neg 0.5049204458037653 off 0.45053037448670197 __DUMMY__ 0.044549179709532684	false	1.0
kurz	neg 1.0		neg 0.4990421257249371 off 0.4561719878265727 __DUMMY__ 0.044785886448490235	false	1.0
unsinnig	neg 1.0		neg 0.5026968074481797 off 0.4528708753832816 __DUMMY__ 0.04443231716853889	false	1.0
penner	off 1.0	off 1.0	off 0.7191850162830509 neg 0.25961075523441113 __DUMMY__ 0.02120422848253794	false	1.0
seicht	neg 1.0		neg 0.4889621977090196 off 0.46714250900677995 __DUMMY__ 0.04389529328420042	false	1.0
dummheit	off 1.0	off 1.0	off 0.7133852729891415 neg 0.2653286797038372 __DUMMY__ 0.021286047307021334	false	1.0
unerfreulich	neg 1.0		neg 0.504616073902227 off 0.4507404172368253 __DUMMY__ 0.04464350886094773	false	1.0
motherfucker	off 1.0	off 1.0	off 0.7163693440938331 neg 0.26240248966375634 __DUMMY__ 0.02122816624241043	false	1.0
pikiert	neg 1.0		neg 0.4960650356438273 off 0.4596487685470407 __DUMMY__ 0.04428619580913192	false	1.0
wrack	neg 1.0		neg 0.5014615327878776 off 0.4540007067477873 __DUMMY__ 0.04453776046433514	false	1.0
gangster	neg 1.0		neg 0.4964551220412435 off 0.4591306465446416 __DUMMY__ 0.044414231414114935	false	1.0
krank	neg 1.0		neg 0.49234286194062105 off 0.4631383959714881 __DUMMY__ 0.04451874208789092	false	1.0
reich	neg 1.0		neg 0.4976962175202241 off 0.4584049295343762 __DUMMY__ 0.04389885294539969	false	1.0
gnadenlos	neg 1.0		neg 0.4992308651454403 off 0.45633862702007777 __DUMMY__ 0.04443050783448192	false	1.0
niedergeschlagen	neg 1.0		neg 0.4999967110518038 off 0.4553606574093835 __DUMMY__ 0.04464263153881279	false	1.0
terrorisieren	off 1.0	off 1.0	off 0.7107575919428539 neg 0.26780760579766993 __DUMMY__ 0.021434802259476075	false	1.0
sinnlosigkeit	neg 1.0		neg 0.5028647529327364 off 0.45270964597680974 __DUMMY__ 0.04442560109045389	false	1.0
behindern	neg 1.0		neg 0.49843027314416594 off 0.4569359869896017 __DUMMY__ 0.0446337398662324	false	1.0
undemokratisch	neg 1.0		neg 0.5010945102434239 off 0.454806505894995 __DUMMY__ 0.04409898386158112	false	1.0
wirtschaftskrise	neg 1.0		neg 0.5031356109343083 off 0.45253836209457604 __DUMMY__ 0.04432602697111577	false	1.0
neid	neg 1.0		neg 0.4943146699999107 off 0.4610627607816742 __DUMMY__ 0.044622569218415044	false	1.0
rutschen	neg 1.0		neg 0.5022532516190759 off 0.4525601669673907 __DUMMY__ 0.04518658141353346	false	1.0
rezession	neg 1.0		neg 0.4924480322524178 off 0.4635799837019925 __DUMMY__ 0.043971984045589746	false	1.0
fehlgeburt	neg 1.0		neg 0.4980132730038555 off 0.45745282918071145 __DUMMY__ 0.04453389781543292	false	1.0
charakterschwach	off 1.0		neg 0.49530966550648386 off 0.4604592516663328 __DUMMY__ 0.0442310828271833	false	0.5
isolation	neg 1.0		neg 0.4946186088670386 off 0.4610209313740893 __DUMMY__ 0.04436045975887214	false	1.0
ablenkung	neg 1.0		neg 0.49842893738966904 off 0.45696424059062096 __DUMMY__ 0.04460682201970994	false	1.0
pech	neg 1.0		neg 0.496031200348739 off 0.45949020226705634 __DUMMY__ 0.044478597384204704	false	1.0
vermeidung	neg 1.0		neg 0.49149515020858053 off 0.46403063252230725 __DUMMY__ 0.04447421726911225	false	1.0
dominieren	neg 1.0		neg 0.5022026584124942 off 0.45343249213613634 __DUMMY__ 0.04436484945136939	false	1.0
schwindlig	neg 1.0		neg 0.495073740590392 off 0.4602852076112376 __DUMMY__ 0.04464105179837049	false	1.0
lutscher	neg 1.0		neg 0.48785065729315935 off 0.4682463642862871 __DUMMY__ 0.04390297842055362	false	1.0
pflicht	neg 1.0		neg 0.5051805290601384 off 0.4502902708321587 __DUMMY__ 0.044529200107702824	false	1.0
faschist	off 1.0		neg 0.499680120289457 off 0.45620298396177633 __DUMMY__ 0.044116895748766594	false	0.5
verschleudern	neg 1.0		neg 0.5042214401101508 off 0.451481106467738 __DUMMY__ 0.04429745342211117	false	1.0
wenn			neg 0.49601508152992463 off 0.4595877765712346 __DUMMY__ 0.04439714189884081	false	0.0
ehebruch	neg 1.0		neg 0.5036297245930754 off 0.45195494913537054 __DUMMY__ 0.044415326271554034	false	1.0
spott	off 1.0		neg 0.5041553796868549 off 0.4514026276349451 __DUMMY__ 0.044441992678199954	false	0.5
trostlosigkeit	neg 1.0		neg 0.5066670318695647 off 0.4490195061419748 __DUMMY__ 0.04431346198846041	false	1.0
lutschen	neg 1.0		neg 0.4967137259713748 off 0.45911172377481624 __DUMMY__ 0.04417455025380893	false	1.0
undiszipliniert	neg 1.0		neg 0.49269715138694525 off 0.46298403129659227 __DUMMY__ 0.0443188173164625	false	1.0
kopfschmerz	neg 1.0		neg 0.49889445915378144 off 0.4564843120190883 __DUMMY__ 0.04462122882713029	false	1.0
unvorhergesehen	neg 1.0		neg 0.4987118871744596 off 0.4564463092782009 __DUMMY__ 0.04484180354733957	false	1.0
desinteressiert	neg 1.0		neg 0.49372032315278624 off 0.4620353984468009 __DUMMY__ 0.044244278400412784	false	1.0
armselig	off 1.0		neg 0.4933511657339612 off 0.4624919844725933 __DUMMY__ 0.04415684979344553	false	0.5
desaster	neg 1.0		neg 0.5084884972197912 off 0.4471661741000237 __DUMMY__ 0.044345328680185134	false	1.0
tod	neg 1.0		neg 0.5039178969564395 off 0.4517043652799553 __DUMMY__ 0.04437773776360521	false	1.0
herzlos	neg 1.0		neg 0.4908000447226673 off 0.4648420900961236 __DUMMY__ 0.044357865181209155	false	1.0
unwissenheit	neg 1.0		neg 0.5030216976481686 off 0.4525772295266871 __DUMMY__ 0.04440107282514424	false	1.0
widersinnig	neg 1.0		neg 0.504534452777186 off 0.45138676796674915 __DUMMY__ 0.0440787792560649	false	1.0
bedenklich	neg 1.0		neg 0.5039736908263307 off 0.45151867015376984 __DUMMY__ 0.04450763901989934	false	1.0
beanstanden	neg 1.0		neg 0.5057712646153034 off 0.44971368494300085 __DUMMY__ 0.04451505044169577	false	1.0
panisch	neg 1.0	neg 1.0	neg 0.733283678941855 off 0.24514769080168136 __DUMMY__ 0.02156863025646368	false	1.0
debil	off 1.0		neg 0.5069222918524303 off 0.448366503701611 __DUMMY__ 0.044711204445958726	false	0.5
abstrich	neg 1.0		neg 0.49605033023161327 off 0.45914843193364474 __DUMMY__ 0.04480123783474199	false	1.0
primitiv	neg 1.0		neg 0.49474443334628243 off 0.4610560873950088 __DUMMY__ 0.04419947925870896	false	1.0
abschaum	off 1.0	off 1.0	off 0.714554753183146 neg 0.26420492663581097 __DUMMY__ 0.021240320181043028	false	1.0
provozieren	neg 1.0		neg 0.5005814765484589 off 0.4550734210261014 __DUMMY__ 0.044345102425439833	false	1.0
tot	neg 1.0		neg 0.500756867337035 off 0.4548096285023336 __DUMMY__ 0.04443350416063155	false	1.0
instabil	neg 1.0		neg 0.49375627153793045 off 0.46229594452943257 __DUMMY__ 0.043947783932636986	false	1.0
schwuchtel	off 1.0		neg 0.48447313851460966 off 0.4719345489246707 __DUMMY__ 0.04359231256071969	false	0.5
zerren	neg 1.0		neg 0.5004929614951457 off 0.4548909753148862 __DUMMY__ 0.04461606318996815	false	1.0
kinderficker	off 1.0		neg 0.4919952743861119 off 0.46400117876863284 __DUMMY__ 0.044003546845255204	false	0.5
gefahr	neg 1.0		neg 0.5043522837360767 off 0.451262958462861 __DUMMY__ 0.04438475780106214	false	1.0
rabiat	neg 1.0		neg 0.4998279387386215 off 0.4556996998813587 __DUMMY__ 0.044472361380019816	false	1.0
verlangsamung	neg 1.0		neg 0.4887705031495798 off 0.46728805379187544 __DUMMY__ 0.04394144305854477	false	1.0
ausgestorben	neg 1.0		neg 0.5008699530133065 off 0.4545689864393405 __DUMMY__ 0.044561060547352885	false	1.0
anklagen	neg 1.0		neg 0.5009795376123285 off 0.4546562865797879 __DUMMY__ 0.04436417580788355	false	1.0
trott	neg 1.0		neg 0.49873345485860315 off 0.4566863487030626 __DUMMY__ 0.04458019643833434	false	1.0
verminderung	neg 1.0		neg 0.49250264192067716 off 0.463235703910271 __DUMMY__ 0.04426165416905172	false	1.0
nach			neg 0.5036683949893699 off 0.45128018919535656 __DUMMY__ 0.04505141581527352	false	0.0
rost	neg 1.0		neg 0.4876948253542881 off 0.46827885255316504 __DUMMY__ 0.04402632209254685	false	1.0
destruktiv	neg 1.0		neg 0.5022251221285122 off 0.4534654865035959 __DUMMY__ 0.044309391367891984	false	1.0
unzumutbarkeit	neg 1.0		neg 0.4923096591211187 off 0.46331031432299125 __DUMMY__ 0.04438002655589016	false	1.0
labil	off 1.0	off 1.0	off 0.7152648711833367 neg 0.2634861843954863 __DUMMY__ 0.021248944421177075	false	1.0
ziemlich	neg 1.0		neg 0.4940992247580535 off 0.4615190941198005 __DUMMY__ 0.04438168112214606	false	1.0
lachnummer	off 1.0		neg 0.5023732273760324 off 0.45332708279361206 __DUMMY__ 0.04429968983035542	false	0.5
oder			neg 0.4985842134062838 off 0.4567829452018645 __DUMMY__ 0.04463284139185179	false	0.0
verfall	neg 1.0		neg 0.5080003633679783 off 0.44735560456278234 __DUMMY__ 0.0446440320692394	false	1.0
ausgrenzung	neg 1.0		neg 0.49988332475120234 off 0.4559811488926042 __DUMMY__ 0.0441355263561934	false	1.0
unordnung	neg 1.0		neg 0.492696400587258 off 0.4633288362584992 __DUMMY__ 0.043974763154242855	false	1.0
fehlverhalten	neg 1.0		neg 0.5050488750794906 off 0.45055844521367167 __DUMMY__ 0.04439267970683768	false	1.0
eine			neg 0.5039606048391138 off 0.45130292541507455 __DUMMY__ 0.04473646974581173	false	0.0
nille	neg 1.0		neg 0.5013433875322737 off 0.45440495954712695 __DUMMY__ 0.044251652920599245	false	1.0
qual	neg 1.0		neg 0.4990750176482853 off 0.4563714820341679 __DUMMY__ 0.04455350031754698	false	1.0
verschwenden	neg 1.0		neg 0.5029876293579207 off 0.45241923229893194 __DUMMY__ 0.044593138343147355	false	1.0
riesig	neg 1.0		neg 0.4987040344492663 off 0.45663250329359933 __DUMMY__ 0.04466346225713422	false	1.0
verurteilen	neg 1.0		neg 0.5032019902435858 off 0.45244412783828913 __DUMMY__ 0.04435388191812505	false	1.0
klischee	neg 1.0	neg 1.0	neg 0.7352672679874934 off 0.2434890890049007 __DUMMY__ 0.021243643007605867	false	1.0
diktatorisch	neg 1.0		neg 0.5018924860379705 off 0.454091202375128 __DUMMY__ 0.04401631158690158	false	1.0
vorhersehbar	neg 1.0		neg 0.4992360453974376 off 0.4565067031966391 __DUMMY__ 0.04425725140592336	false	1.0
sowie			neg 0.4905743865518241 off 0.46547335078382984 __DUMMY__ 0.04395226266434598	false	0.0
stornieren	neg 1.0		neg 0.49474381522503513 off 0.46060702423023075 __DUMMY__ 0.044649160544734064	false	1.0
besteuerung	neg 1.0		neg 0.49852057626751006 off 0.45709603681932653 __DUMMY__ 0.04438338691316337	false	1.0
ungeschminkt	neg 1.0		neg 0.49335126666888585 off 0.4622983153139233 __DUMMY__ 0.044350418017190724	false	1.0
kritisch	neg 1.0		neg 0.504516469331511 off 0.4510775974486882 __DUMMY__ 0.044405933219800874	false	1.0
schlamperei	off 1.0		neg 0.5045792579034979 off 0.45110472372299426 __DUMMY__ 0.04431601837350788	false	0.5
sucht	neg 1.0	neg 1.0	neg 0.7326374697757803 off 0.2458018496058091 __DUMMY__ 0.021560680618410724	false	1.0
egoistisch	off 1.0		neg 0.48986540042421983 off 0.4659887996131117 __DUMMY__ 0.04414579996266832	false	0.5
ausbeuter	off 1.0		neg 0.5054669438850063 off 0.4501519850848775 __DUMMY__ 0.04438107103011616	false	0.5
arschgeburt	off 1.0		neg 0.4846962110548036 off 0.47171677194806744 __DUMMY__ 0.043587016997128795	false	0.5
schubs	neg 1.0	neg 1.0	neg 0.7360674073003579 off 0.24237743168098952 __DUMMY__ 0.02155516101865254	false	1.0
unsolide	neg 1.0		neg 0.5012082500011943 off 0.4551206502812759 __DUMMY__ 0.04367109971752975	false	1.0
beschwerde	neg 1.0		neg 0.5036442947897833 off 0.4520393418501318 __DUMMY__ 0.04431636336008498	false	1.0
stocken	neg 1.0		neg 0.5019253596104407 off 0.4535107026494581 __DUMMY__ 0.044563937740101145	false	1.0
isolieren	neg 1.0		neg 0.49841122595828585 off 0.4568946807128453 __DUMMY__ 0.044694093328868936	false	1.0
unheilbar	neg 1.0		neg 0.49812538856569943 off 0.4573268293110602 __DUMMY__ 0.04454778212324039	false	1.0
pisser	off 1.0		neg 0.4927253485798995 off 0.46321233260984224 __DUMMY__ 0.04406231881025817	false	0.5
löschen	neg 1.0		neg 0.49871284945313804 off 0.45686886868771953 __DUMMY__ 0.04441828185914237	false	1.0
durchfallen	neg 1.0		neg 0.5035868367166051 off 0.451929249315644 __DUMMY__ 0.04448391396775093	false	1.0
wichser	off 1.0		neg 0.4862344576526449 off 0.46982539992257893 __DUMMY__ 0.04394014242477596	false	0.5
terror	neg 1.0		neg 0.4948515340234637 off 0.46064027904622445 __DUMMY__ 0.044508186930311916	false	1.0
krass	neg 1.0		neg 0.49119037563478507 off 0.4645602099237025 __DUMMY__ 0.04424941444151236	false	1.0
revolte	neg 1.0	neg 1.0	neg 0.7363474273992624 off 0.2425597654474552 __DUMMY__ 0.021092807153282406	false	1.0
besorgt	neg 1.0		neg 0.499061959425653 off 0.4561565931183302 __DUMMY__ 0.04478144745601681	false	1.0
nachlassen	neg 1.0		neg 0.49957302482511745 off 0.4556888256473111 __DUMMY__ 0.0447381495275713	false	1.0
alt	neg 1.0		neg 0.5019328451493135 off 0.4533407415760156 __DUMMY__ 0.04472641327467077	false	1.0
hundesohn	off 1.0		neg 0.48874202899246794 off 0.4675049967143866 __DUMMY__ 0.04375297429314548	false	0.5
als			neg 0.5012732563739738 off 0.4540941586771642 __DUMMY__ 0.044632584948862075	false	0.0
abschreckung	neg 1.0		neg 0.5058220044130888 off 0.4497085044598688 __DUMMY__ 0.04446949112704247	false	1.0
unqualifiziert	neg 1.0		neg 0.49895087093325363 off 0.4568006077942229 __DUMMY__ 0.04424852127252344	false	1.0
abgewichst	off 1.0		neg 0.5006552584639433 off 0.45488885766707327 __DUMMY__ 0.04445588386898349	false	0.5
schwer	neg 1.0		neg 0.4996181806681815 off 0.4558055575213023 __DUMMY__ 0.04457626181051631	false	1.0
bedeutungslosigkeit	neg 1.0		neg 0.5056058902657501 off 0.44997971866708475 __DUMMY__ 0.04441439106716525	false	1.0
kapitulation	neg 1.0		neg 0.5053122782463371 off 0.45053703866727035 __DUMMY__ 0.044150683086392604	false	1.0
unscharf	neg 1.0		neg 0.4960537030500398 off 0.45948713337556996 __DUMMY__ 0.04445916357439029	false	1.0
schwinden	neg 1.0		neg 0.5027003857337368 off 0.45263459442867604 __DUMMY__ 0.04466501983758717	false	1.0
versklavung	neg 1.0		neg 0.5011951952073119 off 0.45469557178880954 __DUMMY__ 0.04410923300387852	false	1.0
schlecht	neg 1.0		neg 0.4934638313347136 off 0.4621240203745489 __DUMMY__ 0.04441214829073746	false	1.0
verhasst	neg 1.0		neg 0.5009537199481685 off 0.4547508960177508 __DUMMY__ 0.044295384034080655	false	1.0
beschweren	neg 1.0		neg 0.49772830989367867 off 0.45776278890240246 __DUMMY__ 0.044508901203918975	false	1.0
scheiden	neg 1.0		neg 0.4999031516316233 off 0.45557649598045247 __DUMMY__ 0.04452035238792419	false	1.0
frustriert	neg 1.0		neg 0.5010081750466086 off 0.4544474542772781 __DUMMY__ 0.04454437067611315	false	1.0
schimmelig	neg 1.0		neg 0.5026712922887265 off 0.45281103643675913 __DUMMY__ 0.04451767127451442	false	1.0
fisch	neg 1.0		neg 0.5019927966430432 off 0.453457516057282 __DUMMY__ 0.044549687299674755	false	1.0
schmuggel	neg 1.0		neg 0.5022216945067518 off 0.4529958844446884 __DUMMY__ 0.04478242104855982	false	1.0
auffallen	neg 1.0		neg 0.4976384012331385 off 0.4579086497173035 __DUMMY__ 0.044452949049558016	false	1.0
konkurrenz	neg 1.0		neg 0.5049789930464537 off 0.45040184213666773 __DUMMY__ 0.04461916481687859	false	1.0
teufelskreis	neg 1.0		neg 0.5011406082864511 off 0.45437536268129197 __DUMMY__ 0.04448402903225694	false	1.0
aufschreien	neg 1.0		neg 0.49882269012865343 off 0.4568617509458933 __DUMMY__ 0.04431555892545321	false	1.0
schuldner	neg 1.0		neg 0.5044275232001086 off 0.4511762839040399 __DUMMY__ 0.04439619289585135	false	1.0
missgeburt	off 1.0	off 1.0	off 0.7175607284615012 neg 0.2613691326001658 __DUMMY__ 0.021070138938333132	false	1.0
arbeitslos	neg 1.0		neg 0.5031000082994614 off 0.4524889020003194 __DUMMY__ 0.04441108970021917	false	1.0
befallen	neg 1.0		neg 0.5029120546824168 off 0.4527589867958061 __DUMMY__ 0.04432895852177696	false	1.0
miesepetrig	off 1.0		neg 0.4923550742535139 off 0.4630937466713827 __DUMMY__ 0.04455117907510339	false	0.5
alarmieren	neg 1.0		neg 0.49622781444892655 off 0.45959424383902364 __DUMMY__ 0.04417794171204977	false	1.0
ungeduscht	off 1.0		neg 0.49601139977261394 off 0.45953004860826135 __DUMMY__ 0.044458551619124806	false	0.5
knappheit	neg 1.0		neg 0.5023979933329712 off 0.45318683096190965 __DUMMY__ 0.044415175705119124	false	1.0
schlange	neg 1.0		neg 0.4967335051001053 off 0.45862829913837705 __DUMMY__ 0.04463819576151782	false	1.0
harsch	neg 1.0		neg 0.4867253205463986 off 0.46893391806406026 __DUMMY__ 0.04434076138954126	false	1.0
lang	neg 1.0		neg 0.49779186869133046 off 0.45770085206061034 __DUMMY__ 0.04450727924805931	false	1.0
ziellos	neg 1.0		neg 0.5019502802696035 off 0.45344319518849563 __DUMMY__ 0.04460652454190087	false	1.0
selbstverliebt	neg 1.0		neg 0.487166924765058 off 0.46915733070652793 __DUMMY__ 0.04367574452841402	false	1.0
beseitigen	neg 1.0		neg 0.49791690964787955 off 0.4575461443712046 __DUMMY__ 0.04453694598091575	false	1.0
dumm	off 1.0		neg 0.4896560186875778 off 0.4662741598556201 __DUMMY__ 0.04406982145680216	false	0.5
arbeitsloser	neg 1.0		neg 0.5039094437659849 off 0.4516608455082041 __DUMMY__ 0.04442971072581112	false	1.0
blitzen	neg 1.0		neg 0.4957519731239993 off 0.45985211043108404 __DUMMY__ 0.04439591644491652	false	1.0
hilflos	neg 1.0		neg 0.5011793929607128 off 0.45424922086564107 __DUMMY__ 0.044571386173646095	false	1.0
eklig	off 1.0		neg 0.4892535110567816 off 0.4667603086575057 __DUMMY__ 0.043986180285712585	false	0.5
begriff			neg 0.5015099113394247 off 0.45401430347796334 __DUMMY__ 0.04447578518261206	false	0.0
hungersnot	neg 1.0		neg 0.5025234617325733 off 0.45333615308264413 __DUMMY__ 0.044140385184782485	false	1.0
ungesetzlich	neg 1.0		neg 0.5008531680141534 off 0.4551631570744974 __DUMMY__ 0.043983674911349385	false	1.0
verschwendung	neg 1.0		neg 0.5039987421110209 off 0.4514022950040775 __DUMMY__ 0.0445989628849015	false	1.0
schmerzvoll	neg 1.0		neg 0.4975870725370703 off 0.4578901361615305 __DUMMY__ 0.04452279130139919	false	1.0
vorzeitig	neg 1.0		neg 0.4945793965622038 off 0.46111509912544324 __DUMMY__ 0.04430550431235296	false	1.0
unvollkommenheit	neg 1.0		neg 0.49880289816668943 off 0.4566787795102147 __DUMMY__ 0.04451832232309595	false	1.0
intervenieren	neg 1.0		neg 0.5053168088130783 off 0.4503425467598969 __DUMMY__ 0.04434064442702492	false	1.0
banause	off 1.0		neg 0.48763582094815117 off 0.46840540711628587 __DUMMY__ 0.043958771935563	false	0.5
rebell	neg 1.0		neg 0.5038579489020776 off 0.4514484931557266 __DUMMY__ 0.04469355794219595	false	1.0
unlogisch	neg 1.0		neg 0.49331088962209313 off 0.46255089619057077 __DUMMY__ 0.044138214187336024	false	1.0
leiden	neg 1.0	neg 1.0	neg 0.7352017029288418 off 0.2429675744919913 __DUMMY__ 0.021830722579166875	false	1.0
abschaffung	neg 1.0		neg 0.5004944293286209 off 0.4552791899303812 __DUMMY__ 0.04422638074099788	false	1.0
sturz	neg 1.0		neg 0.4994538171745902 off 0.456295250348883 __DUMMY__ 0.04425093247652687	false	1.0
verkleinerung	neg 1.0		neg 0.498936919538691 off 0.45706803839170823 __DUMMY__ 0.04399504206960085	false	1.0
schmarotzer	off 1.0		neg 0.5042192952480423 off 0.4514446134213993 __DUMMY__ 0.044336091330558325	false	0.5
bestrafung	neg 1.0		neg 0.49862198875166025 off 0.45693996970911743 __DUMMY__ 0.044438041539222414	false	1.0
achtlos	neg 1.0		neg 0.4991441041483779 off 0.45622759448531847 __DUMMY__ 0.04462830136630359	false	1.0
ungeheuer	neg 1.0		neg 0.4972742173627912 off 0.4582937279247444 __DUMMY__ 0.04443205471246448	false	1.0
unaufrichtig	neg 1.0		neg 0.49799166693066366 off 0.45779554615996954 __DUMMY__ 0.04421278690936686	false	1.0
groggy	neg 1.0		neg 0.4965104412366239 off 0.45914432101274727 __DUMMY__ 0.04434523775062874	false	1.0
