unsolidarisch	neg 1.0		__DUMMY__ 0.9339428890449765 neg 0.035968503835354916 off 0.03008860711966855	false	1.0
nachteilig	neg 1.0		__DUMMY__ 0.9396595062138856 neg 0.033077080290886046 off 0.027263413495228327	false	1.0
skeptisch	neg 1.0		__DUMMY__ 0.9413658383958101 neg 0.03330199068929418 off 0.02533217091489565	false	1.0
schrecklich	neg 1.0		__DUMMY__ 0.9367918203191995 off 0.034378117789359716 neg 0.028830061891440814	false	0.5
schlapp	neg 1.0		__DUMMY__ 0.9408735316523441 off 0.031019368749609484 neg 0.028107099598046338	false	0.5
abfall	neg 1.0		__DUMMY__ 0.9423427505215092 neg 0.03342350377509252 off 0.024233745703398327	false	1.0
widerspenstig	neg 1.0		__DUMMY__ 0.9426364455829338 neg 0.029263413929491243 off 0.028100140487574945	false	1.0
abrupt	neg 1.0		__DUMMY__ 0.9442048696575123 neg 0.028505669447576484 off 0.027289460894911223	false	1.0
unwirksam	neg 1.0		__DUMMY__ 0.9345453735498725 neg 0.035875126222942116 off 0.029579500227185408	false	1.0
angreifen	neg 1.0		__DUMMY__ 0.9397764743155811 neg 0.033697061380824775 off 0.026526464303594226	false	1.0
inkonsistent	neg 1.0		__DUMMY__ 0.9391962991263874 neg 0.030663143959489478 off 0.03014055691412319	false	1.0
abrutschen	neg 1.0		__DUMMY__ 0.9428448231587828 neg 0.03290090656586824 off 0.02425427027534906	false	1.0
unsicher	neg 1.0		__DUMMY__ 0.9404191399570294 neg 0.03090886336104371 off 0.02867199668192684	false	1.0
bauernkind	off 1.0		__DUMMY__ 0.9331510912213311 off 0.03659909692021165 neg 0.03024981185845725	false	1.0
angreifer	neg 1.0		__DUMMY__ 0.9369503247184708 neg 0.03179273408866643 off 0.031256941192862625	false	1.0
trennen	neg 1.0		__DUMMY__ 0.9439961621563289 neg 0.030563980089651655 off 0.02543985775401948	false	1.0
schmutz	neg 1.0		__DUMMY__ 0.9432446946731253 off 0.031720814677577924 neg 0.025034490649296852	false	0.5
inkonsistenz	neg 1.0	neg 1.0	neg 0.49914336523527925 __DUMMY__ 0.47253625026613993 off 0.028320384498580806	false	1.0
erschreckend	neg 1.0		__DUMMY__ 0.9393198375999587 neg 0.032579945391390266 off 0.028100217008650976	false	1.0
ertrinken	neg 1.0		__DUMMY__ 0.9427558378082324 neg 0.030797826919210323 off 0.02644633527255734	false	1.0
pickelface	off 1.0		__DUMMY__ 0.9378897284614472 neg 0.03255389378261651 off 0.02955637775593621	false	0.5
seiner			__DUMMY__ 0.940759663073749 neg 0.033078389469282245 off 0.026161947456968697	false	0.0
lauch	neg 1.0		__DUMMY__ 0.9423891567982231 neg 0.032759330457296426 off 0.024851512744480532	false	1.0
unwichtig	neg 1.0		__DUMMY__ 0.9382124628866273 off 0.03173679846263623 neg 0.03005073865073645	false	0.5
steuerhinterziehung	neg 1.0		__DUMMY__ 0.9361799049567184 neg 0.03492815743022475 off 0.028891937613056765	false	1.0
schock	neg 1.0		__DUMMY__ 0.9435581062995213 neg 0.029168197069737837 off 0.02727369663074078	false	1.0
beule	neg 1.0		__DUMMY__ 0.9401171980668737 off 0.03181003313940082 neg 0.02807276879372553	false	0.5
vergelten	neg 1.0		__DUMMY__ 0.9350412363101158 off 0.035804992698865765 neg 0.029153770991018384	false	0.5
verdorbenheit	neg 1.0		__DUMMY__ 0.9412393810664021 neg 0.029721503560706204 off 0.029039115372891697	false	1.0
trauma	neg 1.0		__DUMMY__ 0.9392236609753231 neg 0.030820355981506505 off 0.029955983043170372	false	1.0
sinnlos	neg 1.0		__DUMMY__ 0.9392145834894837 neg 0.030607119647000882 off 0.030178296863515443	false	1.0
fettsack	off 1.0	off 1.0	off 0.5026036336933365 __DUMMY__ 0.4702643696463941 neg 0.02713199666026941	false	1.0
feige	off 1.0		__DUMMY__ 0.9368497158178207 off 0.03164077301836836 neg 0.03150951116381095	false	1.0
abdanken	neg 1.0		__DUMMY__ 0.9341273666677654 neg 0.03654528048188865 off 0.029327352850345947	false	1.0
wichtigtuer	off 1.0	off 1.0	off 0.497501190887778 __DUMMY__ 0.47264389027971143 neg 0.0298549188325105	false	1.0
misslingen	neg 1.0		__DUMMY__ 0.9434939664151203 off 0.029708944474810598 neg 0.026797089110069172	false	0.5
untreu	off 1.0		__DUMMY__ 0.9380601776411418 off 0.03218001358521418 neg 0.029759808773643974	false	1.0
missmutig	neg 1.0		__DUMMY__ 0.9405207198371819 off 0.030960404846339402 neg 0.028518875316478683	false	0.5
hurenbock	off 1.0		__DUMMY__ 0.9432510190745285 off 0.028998812861069888 neg 0.027750168064401573	false	1.0
betrunken	neg 1.0		__DUMMY__ 0.9391708602298916 off 0.032725449562933544 neg 0.028103690207174948	false	0.5
korrupt	off 1.0		__DUMMY__ 0.9361795799440272 neg 0.03566638999699945 off 0.028154030058973323	false	0.5
unmut	neg 1.0		__DUMMY__ 0.9410278280585419 neg 0.03403266144585195 off 0.02493951049560615	false	1.0
hackfresse	off 1.0		__DUMMY__ 0.9354710101601909 off 0.036600085702763525 neg 0.027928904137045647	false	1.0
aufblasen	neg 1.0		__DUMMY__ 0.9415449465431276 off 0.02927804539142825 neg 0.02917700806544415	false	0.5
gewaltsam	neg 1.0		__DUMMY__ 0.9371562577372965 neg 0.03294457610386489 off 0.029899166158838548	false	1.0
unbeliebtheit	neg 1.0		__DUMMY__ 0.9328192520176438 off 0.033991163974631 neg 0.033189584007725176	false	0.5
sturheit	neg 1.0		__DUMMY__ 0.9384970424500294 neg 0.03302399252859251 off 0.028478965021378005	false	1.0
kuh	neg 1.0		__DUMMY__ 0.9388545859760016 neg 0.03177386491908248 off 0.029371549104915875	false	1.0
erschrecken	neg 1.0		__DUMMY__ 0.9395979810936552 off 0.03085845830066444 neg 0.02954356060568037	false	0.5
opfer	neg 1.0		__DUMMY__ 0.9406303040970804 neg 0.03271950231783135 off 0.02665019358508828	false	1.0
sinken	neg 1.0		__DUMMY__ 0.9411674747455236 neg 0.033662963681179006 off 0.025169561573297382	false	1.0
stinktier	neg 1.0		__DUMMY__ 0.9353068352025522 off 0.034578276159205786 neg 0.030114888638241986	false	0.5
tucke	off 1.0		__DUMMY__ 0.9370961940249023 off 0.03654584565822189 neg 0.026357960316875817	false	1.0
ein			__DUMMY__ 0.9427389443492092 neg 0.028713114861299554 off 0.028547940789491286	false	0.0
abstieg	neg 1.0		__DUMMY__ 0.9384507345014829 neg 0.033477527852942605 off 0.028071737645574493	false	1.0
missverstehen	neg 1.0		__DUMMY__ 0.9371242870069144 neg 0.03258340550448661 off 0.030292307488598926	false	1.0
ergebnislos	neg 1.0		__DUMMY__ 0.9391335493458328 neg 0.03320421252853135 off 0.027662238125635827	false	1.0
unter			__DUMMY__ 0.9470557559541081 neg 0.03151239022468465 off 0.02143185382120728	false	0.0
manipulieren	neg 1.0		__DUMMY__ 0.9413662594610256 neg 0.03226649602895526 off 0.026367244510019146	false	1.0
unbewiesen	neg 1.0		__DUMMY__ 0.9338046991543271 neg 0.03621391038326483 off 0.029981390462408077	false	1.0
verschleppen	neg 1.0		__DUMMY__ 0.9398594703047426 neg 0.032576335974598386 off 0.02756419372065906	false	1.0
weib	off 1.0		__DUMMY__ 0.9348982664419672 off 0.03745548188859721 neg 0.02764625166943564	false	1.0
opposition	neg 1.0		__DUMMY__ 0.9359556960531621 neg 0.03383169456217861 off 0.030212609384659354	false	1.0
verkehrswidrig	neg 1.0		__DUMMY__ 0.9394435624694867 off 0.03499289122834956 neg 0.02556354630216371	false	0.5
inkorrekt	neg 1.0		__DUMMY__ 0.9341941090710477 off 0.03292132341323288 neg 0.03288456751571936	false	0.5
vermeiden	neg 1.0		__DUMMY__ 0.9452753958241441 neg 0.03163026344145944 off 0.023094340734396566	false	1.0
abweichung	neg 1.0		__DUMMY__ 0.9362360304032071 neg 0.035904278347339696 off 0.027859691249453183	false	1.0
alkoholisiert	neg 1.0		__DUMMY__ 0.9444018341127002 neg 0.028879698803115528 off 0.026718467084184364	false	1.0
scheiss	off 1.0	off 1.0	off 0.4993874621585221 __DUMMY__ 0.4742901346473541 neg 0.026322403194123864	false	1.0
herausforderung	neg 1.0		__DUMMY__ 0.9444327309709091 neg 0.028664755800679797 off 0.026902513228411088	false	1.0
pervers	off 1.0		__DUMMY__ 0.933348413691436 off 0.03931677619481138 neg 0.0273348101137527	false	1.0
wackelig	neg 1.0		__DUMMY__ 0.9447639222129015 neg 0.028659473261028585 off 0.026576604526069875	false	1.0
verwickeln	neg 1.0		__DUMMY__ 0.9380824458271171 neg 0.031833019606551084 off 0.03008453456633184	false	1.0
vorwand	neg 1.0		__DUMMY__ 0.9399893623293024 neg 0.03452514033671389 off 0.02548549733398374	false	1.0
muschi	off 1.0		__DUMMY__ 0.9377866707220063 neg 0.032892123206507 off 0.029321206071486684	false	0.5
entmutigung	neg 1.0		__DUMMY__ 0.9328736179424819 neg 0.03555646031000014 off 0.031569921747518	false	1.0
unangemessen	neg 1.0		__DUMMY__ 0.9375211969846867 neg 0.034803576115628024 off 0.02767522689968527	false	1.0
unstetig	neg 1.0		__DUMMY__ 0.938499492491932 off 0.031187181775925953 neg 0.030313325732142127	false	0.5
entmutigen	neg 1.0		__DUMMY__ 0.9409585476941955 neg 0.029635776593440712 off 0.02940567571236385	false	1.0
schwanz	neg 1.0		__DUMMY__ 0.9399889164832613 neg 0.03254723301339553 off 0.027463850503343188	false	1.0
verbot	neg 1.0		__DUMMY__ 0.936266350641725 neg 0.035294276772098725 off 0.0284393725861762	false	1.0
leid	neg 1.0		__DUMMY__ 0.936345261958257 off 0.03535172677662056 neg 0.028303011265122552	false	0.5
archaisch	neg 1.0		__DUMMY__ 0.9385898122123186 neg 0.033527989800882826 off 0.027882197986798515	false	1.0
gegen			__DUMMY__ 0.9385157047446488 neg 0.035483049284684855 off 0.026001245970666317	false	0.0
scheidung	neg 1.0	neg 1.0	neg 0.4884812574739269 __DUMMY__ 0.47082313320761493 off 0.04069560931845822	false	1.0
einschlag	neg 1.0		__DUMMY__ 0.9348271195752085 off 0.03513300688894717 neg 0.03003987353584435	false	0.5
m			__DUMMY__ 0.9417806206451939 neg 0.030491307471131997 off 0.027728071883674023	false	0.0
abgestanden	neg 1.0		__DUMMY__ 0.9427214385810023 neg 0.029396900939954278 off 0.027881660479043294	false	1.0
schmierig	off 1.0		__DUMMY__ 0.9376935084945106 off 0.03455571883831849 neg 0.02775077266717085	false	1.0
unpraktisch	neg 1.0		__DUMMY__ 0.9420306437395065 off 0.02903752570735584 neg 0.02893183055313763	false	0.5
wixxer	off 1.0		__DUMMY__ 0.9325273430127458 off 0.03952784493238425 neg 0.027944812054870056	false	1.0
bezeichnet			__DUMMY__ 0.9378961183127954 neg 0.03350481513659079 off 0.028599066550613783	false	0.0
jammerlappen	off 1.0		__DUMMY__ 0.9382559488196036 off 0.031680418965231216 neg 0.030063632215165212	false	1.0
farce	neg 1.0		__DUMMY__ 0.9344358728678113 neg 0.036682878912786515 off 0.028881248219402255	false	1.0
zwecklos	neg 1.0		__DUMMY__ 0.9384747262268229 neg 0.034158548886045116 off 0.027366724887131915	false	1.0
turbulent	neg 1.0		__DUMMY__ 0.9365358685562001 off 0.03414280030761934 neg 0.029321331136180614	false	0.5
invasion	neg 1.0		__DUMMY__ 0.9401245514592462 off 0.03075657220072238 neg 0.02911887634003146	false	0.5
schuld	neg 1.0		__DUMMY__ 0.9386996623007843 neg 0.031868111713754296 off 0.02943222598546147	false	1.0
risiko	neg 1.0		__DUMMY__ 0.9420221001625685 off 0.030803071460731916 neg 0.0271748283766996	false	0.5
finster	neg 1.0		__DUMMY__ 0.9421398742337103 neg 0.029656844175537513 off 0.028203281590752236	false	1.0
geisteskrank	off 1.0		__DUMMY__ 0.9351355510394564 off 0.03308899262252296 neg 0.03177545633802056	false	1.0
zusammenbrechen	neg 1.0		__DUMMY__ 0.9413803163513526 neg 0.030815268690212498 off 0.027804414958434984	false	1.0
ausbeute	neg 1.0		__DUMMY__ 0.9431662498106209 neg 0.030417075373169906 off 0.026416674816209237	false	1.0
hinterhalt	neg 1.0		__DUMMY__ 0.9402610814016475 neg 0.030342125870863396 off 0.029396792727489005	false	1.0
kritik	neg 1.0		__DUMMY__ 0.9357227821799307 neg 0.0354636026179639 off 0.028813615202105465	false	1.0
einschrumpfen	neg 1.0		__DUMMY__ 0.9357080340230308 neg 0.032589055203826496 off 0.031702910773142724	false	1.0
riskant	neg 1.0		__DUMMY__ 0.9406838700341088 neg 0.032899412574825766 off 0.02641671739106538	false	1.0
frustrieren	neg 1.0		__DUMMY__ 0.940348267936341 neg 0.033225009866503036 off 0.026426722197156017	false	1.0
groll	neg 1.0		__DUMMY__ 0.9393054848612684 neg 0.033204604115153705 off 0.02748991102357782	false	1.0
gibt			__DUMMY__ 0.9401416424097998 neg 0.03216023449110005 off 0.027698123099100226	false	0.0
qualvoll	neg 1.0		__DUMMY__ 0.9407701151403622 off 0.030006019658597855 neg 0.02922386520103994	false	0.5
wackeln	neg 1.0		__DUMMY__ 0.9424650362180337 off 0.028856159512713274 neg 0.028678804269253042	false	0.5
klagen	neg 1.0		__DUMMY__ 0.9394685077291027 neg 0.035046319605410235 off 0.025485172665487037	false	1.0
bankrott	neg 1.0		__DUMMY__ 0.9394256306356655 off 0.03160682557741127 neg 0.028967543786923258	false	0.5
trauern	neg 1.0		__DUMMY__ 0.9411171253897664 neg 0.03237632358713969 off 0.026506551023093825	false	1.0
ablehnung	neg 1.0	neg 1.0	neg 0.5019774046610982 __DUMMY__ 0.47192529283114376 off 0.026097302507757963	false	1.0
stur	neg 1.0		__DUMMY__ 0.9388947488515382 neg 0.031454004541407204 off 0.029651246607054642	false	1.0
aufruhr	neg 1.0		__DUMMY__ 0.9367552789495227 neg 0.03357173124656086 off 0.02967298980391634	false	1.0
melancholie	neg 1.0		__DUMMY__ 0.9439315977249884 neg 0.029415272659409717 off 0.02665312961560191	false	1.0
ist			__DUMMY__ 0.9389539553415545 neg 0.031326815437115046 off 0.02971922922133057	false	0.0
torheit	neg 1.0		__DUMMY__ 0.9348450493242021 neg 0.034872972050978 off 0.030281978624820013	false	1.0
dreckskind	off 1.0		__DUMMY__ 0.9326174616922522 off 0.03618429695154424 neg 0.031198241356203485	false	1.0
umtauschen	neg 1.0		__DUMMY__ 0.9421519997289634 neg 0.029974611196185465 off 0.027873389074851172	false	1.0
zum			__DUMMY__ 0.946177190981135 neg 0.030595072750865534 off 0.023227736267999524	false	0.0
zersetzen	neg 1.0		__DUMMY__ 0.9403059746630518 neg 0.03376122369703257 off 0.025932801639915577	false	1.0
zur			__DUMMY__ 0.9415363162588894 neg 0.03474626993555545 off 0.02371741380555509	false	0.0
frust	neg 1.0		__DUMMY__ 0.9406094676276299 neg 0.03165267204326653 off 0.027737860329103612	false	1.0
unerbittlichkeit	neg 1.0		__DUMMY__ 0.9401368586173757 neg 0.03328242511944017 off 0.02658071626318406	false	1.0
zwei			__DUMMY__ 0.944688642395141 neg 0.030858824555327687 off 0.0244525330495313	false	0.0
unkorrekt	neg 1.0		__DUMMY__ 0.9344855042426857 off 0.03317456036642816 neg 0.03233993539088612	false	0.5
hexe	off 1.0		__DUMMY__ 0.9392114550034101 off 0.03163445002034716 neg 0.02915409497624273	false	1.0
lasch	neg 1.0		__DUMMY__ 0.9372242106817633 neg 0.031671170331971574 off 0.03110461898626502	false	1.0
rivale	neg 1.0		__DUMMY__ 0.9356777331880742 off 0.03470512446345298 neg 0.029617142348472875	false	0.5
mutlos	off 1.0	off 1.0	off 0.494824539214384 __DUMMY__ 0.4740200412417752 neg 0.031155419543840674	false	1.0
wirr	off 1.0		__DUMMY__ 0.9352683602231221 off 0.03405609426306504 neg 0.030675545513812814	false	1.0
jahr			__DUMMY__ 0.9436262549322627 neg 0.030440563223834913 off 0.02593318184390242	false	0.0
wird			__DUMMY__ 0.9405223485673689 neg 0.03277665601728726 off 0.02670099541534377	false	0.0
strafbar	neg 1.0		__DUMMY__ 0.9375550636961028 neg 0.03552171309825021 off 0.026923223205647107	false	1.0
erosion	neg 1.0		__DUMMY__ 0.9410832407157289 off 0.029606984342215446 neg 0.029309774942055618	false	0.5
eingehen	neg 1.0		__DUMMY__ 0.9392032242781736 neg 0.03361928386771946 off 0.02717749185410694	false	1.0
faul	off 1.0		__DUMMY__ 0.9408595727078896 off 0.030949374771940666 neg 0.028191052520169756	false	1.0
provisorium	neg 1.0		__DUMMY__ 0.946114593699631 neg 0.032815645123283894 off 0.021069761177085117	false	1.0
schmerzen	neg 1.0		__DUMMY__ 0.9420170314992141 neg 0.030599488960654977 off 0.02738347954013095	false	1.0
schrumpfen	neg 1.0		__DUMMY__ 0.9430911648291059 neg 0.033488484478524594 off 0.023420350692369377	false	1.0
geistlos	off 1.0		__DUMMY__ 0.9342751659629863 neg 0.03437227072426267 off 0.03135256331275103	false	0.5
fehlkauf	neg 1.0		__DUMMY__ 0.9378572326249747 neg 0.031335958433961544 off 0.03080680894106378	false	1.0
frustrierend	neg 1.0		__DUMMY__ 0.939119458063245 off 0.030935268856607887 neg 0.029945273080147064	false	0.5
unzufrieden	neg 1.0		__DUMMY__ 0.9395765202057932 neg 0.03307824232142488 off 0.027345237472781822	false	1.0
verzweifeln	neg 1.0		__DUMMY__ 0.9406878387776515 neg 0.03098154079187003 off 0.02833062043047857	false	1.0
verzweifelt	neg 1.0		__DUMMY__ 0.9389676895712346 neg 0.031490920253839656 off 0.029541390174925863	false	1.0
misstrauensantrag	neg 1.0		__DUMMY__ 0.9361656013487683 neg 0.03316179744700859 off 0.03067260120422313	false	1.0
abfallen	neg 1.0		__DUMMY__ 0.9437232558636353 off 0.028678171073242897 neg 0.027598573063121853	false	0.5
fucker	off 1.0		__DUMMY__ 0.935743831941102 off 0.034164605914174556 neg 0.03009156214472343	false	1.0
ungezogen	neg 1.0		__DUMMY__ 0.9354990550685232 off 0.037510665117694235 neg 0.026990279813782624	false	0.5
irrsinnig	neg 1.0	neg 1.0	neg 0.4998058910615744 __DUMMY__ 0.47348644264228346 off 0.026707666296142026	false	1.0
unfassbar	neg 1.0		__DUMMY__ 0.9384099465774894 off 0.03195768613877562 neg 0.029632367283735028	false	0.5
hart	neg 1.0		__DUMMY__ 0.9377153926205308 off 0.031850019672324786 neg 0.03043458770714446	false	0.5
widerlich	off 1.0		__DUMMY__ 0.9366357817026364 off 0.032644823231593983 neg 0.03071939506576959	false	1.0
fatal	neg 1.0		__DUMMY__ 0.9381641049426188 neg 0.031067863429819115 off 0.030768031627562045	false	1.0
bruch	neg 1.0		__DUMMY__ 0.9384621051601532 neg 0.03622817158153884 off 0.025309723258308013	false	1.0
aushungern	neg 1.0		__DUMMY__ 0.9363812275255661 neg 0.033838230815520884 off 0.029780541658912998	false	1.0
anspannung	neg 1.0		__DUMMY__ 0.9445382711253123 neg 0.031265163648686076 off 0.02419656522600163	false	1.0
von			__DUMMY__ 0.9426988738071596 neg 0.03195228249634074 off 0.025348843696499722	false	0.0
kraftlos	neg 1.0		__DUMMY__ 0.9441807319315485 neg 0.029216763899310993 off 0.026602504169140517	false	1.0
vom			__DUMMY__ 0.945786479480937 neg 0.03252020603493264 off 0.021693314484130324	false	0.0
grenzdebil	off 1.0		__DUMMY__ 0.9385626184862403 off 0.03258162612027489 neg 0.028855755393484818	false	1.0
vor			__DUMMY__ 0.9426778532995663 neg 0.032382855140597015 off 0.024939291559836676	false	0.0
unterwerfen	neg 1.0		__DUMMY__ 0.9397846929023382 neg 0.03330033466042535 off 0.026914972437236416	false	1.0
versenkung	neg 1.0		__DUMMY__ 0.9400740465330367 neg 0.033321515908748545 off 0.026604437558214667	false	1.0
entziehen	neg 1.0		__DUMMY__ 0.9403432465637063 neg 0.03452617855568497 off 0.025130574880608728	false	1.0
finanzkrise	neg 1.0		__DUMMY__ 0.936338704868618 neg 0.03453118235449149 off 0.02913011277689043	false	1.0
schimpfend	neg 1.0		__DUMMY__ 0.9447414125481925 off 0.028979481140396113 neg 0.02627910631141134	false	0.5
profan	neg 1.0		__DUMMY__ 0.9393301734726108 neg 0.03062845370940957 off 0.030041372817979625	false	1.0
korruption	neg 1.0		__DUMMY__ 0.9363933075228625 neg 0.035510771374205184 off 0.02809592110293228	false	1.0
â			__DUMMY__ 0.9414918050581971 neg 0.031375115449181784 off 0.027133079492621153	false	0.0
schmutzig	neg 1.0		__DUMMY__ 0.9408131794981278 off 0.03206284473760031 neg 0.02712397576427184	false	0.5
sexy	neg 1.0		__DUMMY__ 0.9388126844496406 off 0.03150890834103114 neg 0.029678407209328194	false	0.5
abraten	neg 1.0		__DUMMY__ 0.9402742859673822 neg 0.03040575254697839 off 0.029319961485639423	false	1.0
schwarz	neg 1.0		__DUMMY__ 0.9384729668292972 neg 0.03140361053096548 off 0.030123422639737465	false	1.0
fotze	off 1.0		__DUMMY__ 0.9386025478008241 neg 0.033364632487950865 off 0.02803281971122514	false	0.5
verwirren	neg 1.0		__DUMMY__ 0.9388403174889716 off 0.030658752185578703 neg 0.030500930325449784	false	0.5
zahnlos	off 1.0		__DUMMY__ 0.9379184969921528 neg 0.034432025780863525 off 0.027649477226983788	false	0.5
verheeren	neg 1.0		__DUMMY__ 0.9329556963074002 off 0.03941529599215177 neg 0.027629007700448023	false	0.5
hippie	neg 1.0		__DUMMY__ 0.938491458134332 off 0.03145121059808717 neg 0.030057331267580853	false	0.5
rammen	neg 1.0		__DUMMY__ 0.9393790693785582 neg 0.030436775894086006 off 0.030184154727355843	false	1.0
unlauter	neg 1.0	neg 1.0	neg 0.5000763394975832 __DUMMY__ 0.47199382996416 off 0.02792983053825673	false	1.0
unheilvoll	neg 1.0		__DUMMY__ 0.9407419561643872 neg 0.029662489027814827 off 0.029595554807797946	false	1.0
niedrig	neg 1.0		__DUMMY__ 0.9393538274275398 neg 0.03367834598232485 off 0.026967826590135333	false	1.0
explosion	neg 1.0		__DUMMY__ 0.9396729595894687 off 0.030926255956339545 neg 0.029400784454191767	false	0.5
weichei	off 1.0		__DUMMY__ 0.9354893130836629 off 0.03578702520189872 neg 0.028723661714438322	false	1.0
minusmensch	off 1.0		__DUMMY__ 0.930053338691779 off 0.039496026125076494 neg 0.030450635183144524	false	1.0
farblos	neg 1.0		__DUMMY__ 0.9405281891045143 neg 0.03047424161309721 off 0.028997569282388495	false	1.0
unwissend	neg 1.0		__DUMMY__ 0.9371419750175863 off 0.03203742509227966 neg 0.030820599890134037	false	0.5
traurig	neg 1.0		__DUMMY__ 0.9385325948096531 off 0.033651516578783416 neg 0.027815888611563432	false	0.5
senkung	neg 1.0		__DUMMY__ 0.9385004024656682 off 0.030817501549672423 neg 0.030682095984659305	false	0.5
ungleich	neg 1.0	neg 1.0	neg 0.5014704460666352 __DUMMY__ 0.4741811553727832 off 0.02434839856058162	false	1.0
heikel	neg 1.0		__DUMMY__ 0.9402477488225625 neg 0.03394007038832201 off 0.02581218078911555	false	1.0
drosselung	neg 1.0		__DUMMY__ 0.9386744611192733 off 0.033690172388914294 neg 0.027635366491812363	false	0.5
falsch	neg 1.0		__DUMMY__ 0.9384082463605861 off 0.03125184468248416 neg 0.030339908956929833	false	0.5
unzufriedenheit	neg 1.0		__DUMMY__ 0.9403758970832329 neg 0.0337748004110217 off 0.025849302505745474	false	1.0
kurz	neg 1.0		__DUMMY__ 0.9429684249945666 neg 0.029752426364320246 off 0.027279148641113162	false	1.0
unsinnig	neg 1.0		__DUMMY__ 0.9389251221916739 neg 0.03347144399711301 off 0.027603433811213073	false	1.0
penner	off 1.0	off 1.0	off 0.5037369367796168 __DUMMY__ 0.4712189733421453 neg 0.025044089878237807	false	1.0
seicht	neg 1.0		__DUMMY__ 0.9328986330516124 off 0.03786001862219255 neg 0.029241348326195068	false	0.5
dummheit	off 1.0	off 1.0	off 0.49793181572892886 __DUMMY__ 0.4728093846851815 neg 0.02925879958588965	false	1.0
unerfreulich	neg 1.0		__DUMMY__ 0.9413938046589934 neg 0.03331047224148207 off 0.025295723099524495	false	1.0
motherfucker	off 1.0	off 1.0	off 0.5011867815765916 __DUMMY__ 0.4716371330029311 neg 0.02717608542047735	false	1.0
pikiert	neg 1.0		__DUMMY__ 0.937371237008675 off 0.031786720597587984 neg 0.0308420423937371	false	0.5
wrack	neg 1.0		__DUMMY__ 0.9408158471564655 neg 0.03216590445812898 off 0.027018248385405595	false	1.0
gangster	neg 1.0		__DUMMY__ 0.9387460054099223 off 0.030838106763766547 neg 0.030415887826311133	false	0.5
krank	neg 1.0		__DUMMY__ 0.9400999309179646 off 0.03220786318428768 neg 0.027692205897747596	false	0.5
reich	neg 1.0		__DUMMY__ 0.9332037325823975 neg 0.03399408667091696 off 0.03280218074668558	false	1.0
gnadenlos	neg 1.0		__DUMMY__ 0.9387172576664097 neg 0.03176031050150038 off 0.02952243183208992	false	1.0
niedergeschlagen	neg 1.0		__DUMMY__ 0.9414239410135283 neg 0.030914481370177428 off 0.02766157761629435	false	1.0
terrorisieren	off 1.0	off 1.0	off 0.49438599557881147 __DUMMY__ 0.47582838597352084 neg 0.029785618447667733	false	1.0
sinnlosigkeit	neg 1.0		__DUMMY__ 0.9387386329034522 neg 0.03366022321176798 off 0.027601143884779845	false	1.0
behindern	neg 1.0		__DUMMY__ 0.9414092826730852 neg 0.030142197009336597 off 0.02844852031757816	false	1.0
undemokratisch	neg 1.0		__DUMMY__ 0.9353943522074348 neg 0.03413623944253197 off 0.03046940835003318	false	1.0
wirtschaftskrise	neg 1.0		__DUMMY__ 0.9381189224987178 neg 0.03399556083424367 off 0.027885516667038646	false	1.0
neid	neg 1.0		__DUMMY__ 0.9413942119021197 off 0.03060242841572442 neg 0.02800335968215601	false	0.5
rutschen	neg 1.0		__DUMMY__ 0.947751627555511 neg 0.029032561851103665 off 0.02321581059338532	false	1.0
rezession	neg 1.0		__DUMMY__ 0.9338106756741162 off 0.035466357955840334 neg 0.030722966370043424	false	0.5
fehlgeburt	neg 1.0		__DUMMY__ 0.9409682395738128 neg 0.03018101645130305 off 0.02885074397488423	false	1.0
charakterschwach	off 1.0		__DUMMY__ 0.9367737190838409 off 0.032619373495916926 neg 0.030606907420242246	false	1.0
isolation	neg 1.0		__DUMMY__ 0.9381443864716191 off 0.032069715704151784 neg 0.029785897824229093	false	0.5
ablenkung	neg 1.0		__DUMMY__ 0.9408044088631892 neg 0.030374097280856393 off 0.028821493855954446	false	1.0
pech	neg 1.0		__DUMMY__ 0.9397987672601321 off 0.030179375286377035 neg 0.03002185745349077	false	0.5
vermeidung	neg 1.0		__DUMMY__ 0.9397572313435587 off 0.032884380651055006 neg 0.02735838800538627	false	0.5
dominieren	neg 1.0		__DUMMY__ 0.9383970213085282 neg 0.03353019360946294 off 0.028072785082008847	false	1.0
schwindlig	neg 1.0		__DUMMY__ 0.9415951023135742 off 0.029858271219144198 neg 0.028546626467281497	false	0.5
lutscher	neg 1.0		__DUMMY__ 0.9332077861132708 off 0.0380263572196327 neg 0.028765856667096582	false	0.5
pflicht	neg 1.0		__DUMMY__ 0.9399726187478382 neg 0.03412695692458296 off 0.025900424327578813	false	1.0
faschist	off 1.0		__DUMMY__ 0.9357075122950657 neg 0.033213926996286364 off 0.031078560708648086	false	0.5
verschleudern	neg 1.0		__DUMMY__ 0.9376532813005357 neg 0.03489087700471659 off 0.027455841694747702	false	1.0
wenn			__DUMMY__ 0.9383844260369593 off 0.031242023998167345 neg 0.030373549964873466	false	0.0
ehebruch	neg 1.0		__DUMMY__ 0.9390184290474806 neg 0.03370423316827973 off 0.027277337784239727	false	1.0
spott	off 1.0		__DUMMY__ 0.9393125891907759 neg 0.0338295651868909 off 0.026857845622333305	false	0.5
trostlosigkeit	neg 1.0		__DUMMY__ 0.9375843515524379 neg 0.03627339527259981 off 0.026142253174962295	false	1.0
lutschen	neg 1.0		__DUMMY__ 0.9364142438884309 off 0.0319264827502917 neg 0.03165927336127744	false	0.5
undiszipliniert	neg 1.0		__DUMMY__ 0.9378153872367027 off 0.0332392113062243 neg 0.028945401457073052	false	0.5
kopfschmerz	neg 1.0		__DUMMY__ 0.9412953725347349 neg 0.03073049840947821 off 0.02797412905578683	false	1.0
unvorhergesehen	neg 1.0		__DUMMY__ 0.9438735146831266 neg 0.02917572457971088 off 0.026950760737162398	false	1.0
desinteressiert	neg 1.0		__DUMMY__ 0.9368092723356971 off 0.03326022745994676 neg 0.02993050020435614	false	0.5
armselig	off 1.0		__DUMMY__ 0.9358047761679585 off 0.03408178982888551 neg 0.030113434003155862	false	1.0
desaster	neg 1.0		__DUMMY__ 0.9380037310184183 neg 0.03689811400822176 off 0.025098154973359977	false	1.0
tod	neg 1.0		__DUMMY__ 0.9388420809938997 neg 0.0344669234580679 off 0.02669099554803236	false	1.0
herzlos	neg 1.0		__DUMMY__ 0.9381830898142884 off 0.03420030814546521 neg 0.027616602040246352	false	0.5
unwissenheit	neg 1.0		__DUMMY__ 0.9387112278345361 neg 0.033627383882579305 off 0.027661388282884572	false	1.0
widersinnig	neg 1.0		__DUMMY__ 0.9349969576136663 neg 0.03623801921728633 off 0.02876502316904729	false	1.0
bedenklich	neg 1.0		__DUMMY__ 0.9398089523765284 neg 0.03368975893185019 off 0.02650128869162139	false	1.0
beanstanden	neg 1.0		__DUMMY__ 0.940002381218122 neg 0.03444058521501645 off 0.025557033566861554	false	1.0
panisch	neg 1.0	neg 1.0	neg 0.4947656999622074 __DUMMY__ 0.4784883172876537 off 0.026745982750138907	false	1.0
debil	off 1.0		__DUMMY__ 0.9426017363837961 neg 0.034076200214251076 off 0.023322063401952826	false	0.5
abstrich	neg 1.0		__DUMMY__ 0.9445100926479146 off 0.027751518793143158 neg 0.02773838855894222	false	0.5
primitiv	neg 1.0		__DUMMY__ 0.9363189442592821 off 0.033057465124338235 neg 0.03062359061637967	false	0.5
abschaum	off 1.0	off 1.0	off 0.4994660801096796 __DUMMY__ 0.47200343927764443 neg 0.028530480612676015	false	1.0
provozieren	neg 1.0		__DUMMY__ 0.9378483134471343 neg 0.03291925563894684 off 0.029232430913918906	false	1.0
tot	neg 1.0		__DUMMY__ 0.9397226538727942 neg 0.032436201849371266 off 0.027841144277834476	false	1.0
instabil	neg 1.0		__DUMMY__ 0.9336284071232864 off 0.03481259486845596 neg 0.03155899800825768	false	0.5
schwuchtel	off 1.0		__DUMMY__ 0.9294487392109929 off 0.041948942522380614 neg 0.02860231826662651	false	1.0
zerren	neg 1.0		__DUMMY__ 0.9409213262608409 neg 0.03135900374208563 off 0.02771966999707347	false	1.0
kinderficker	off 1.0		__DUMMY__ 0.9344268802149541 off 0.03561447642163356 neg 0.029958643363412266	false	1.0
gefahr	neg 1.0		__DUMMY__ 0.9385903782780339 neg 0.03430597757250135 off 0.027103644149464725	false	1.0
rabiat	neg 1.0		__DUMMY__ 0.9392973872220691 neg 0.031793581215817115 off 0.028909031562113763	false	1.0
verlangsamung	neg 1.0		__DUMMY__ 0.9336547371850988 off 0.0376012982757041 neg 0.02874396453919701	false	0.5
ausgestorben	neg 1.0		__DUMMY__ 0.9403178797694075 neg 0.03191662201408422 off 0.027765498216508273	false	1.0
anklagen	neg 1.0		__DUMMY__ 0.9386474618279195 neg 0.03245943004051399 off 0.02889310813156644	false	1.0
trott	neg 1.0		__DUMMY__ 0.9406711659721458 neg 0.03069414968388174 off 0.02863468434397239	false	1.0
verminderung	neg 1.0		__DUMMY__ 0.9371187783892884 off 0.03358625099514088 neg 0.02929497061557077	false	0.5
nach			__DUMMY__ 0.9461990913130226 neg 0.03042710781638287 off 0.023373800870594583	false	0.0
rost	neg 1.0		__DUMMY__ 0.9349779439751371 off 0.03750316333850404 neg 0.027518892686358796	false	0.5
destruktiv	neg 1.0		__DUMMY__ 0.9376138479697149 neg 0.03383641890452079 off 0.02854973312576422	false	1.0
unzumutbarkeit	neg 1.0		__DUMMY__ 0.938838102106279 off 0.033054117867688824 neg 0.02810778002603213	false	0.5
labil	off 1.0	off 1.0	off 0.5000516240690748 __DUMMY__ 0.4720320275041995 neg 0.0279163484267257	false	1.0
ziemlich	neg 1.0		__DUMMY__ 0.9382827044338228 off 0.03229322844915336 neg 0.029424067117023927	false	0.5
lachnummer	off 1.0		__DUMMY__ 0.9373821922391968 neg 0.033949649157150034 off 0.02866815860365313	false	0.5
oder			__DUMMY__ 0.941168496706516 neg 0.030448368263442827 off 0.02838313503004115	false	0.0
verfall	neg 1.0		__DUMMY__ 0.9416226004279594 neg 0.03486730410984432 off 0.02351009546219619	false	1.0
ausgrenzung	neg 1.0		__DUMMY__ 0.9358817869049609 neg 0.033243226648177325 off 0.03087498644686171	false	1.0
unordnung	neg 1.0		__DUMMY__ 0.9343822555788124 off 0.03496787450723973 neg 0.030649869913947924	false	0.5
fehlverhalten	neg 1.0		__DUMMY__ 0.9385807325235093 neg 0.0346811167515423 off 0.02673815072494844	false	1.0
eine			__DUMMY__ 0.9423126448953618 neg 0.03256372099748841 off 0.025123634107149656	false	0.0
nille	neg 1.0		__DUMMY__ 0.936937379925477 neg 0.03376962842909563 off 0.029292991645427383	false	1.0
qual	neg 1.0		__DUMMY__ 0.9403608232912399 neg 0.0309953294593463 off 0.02864384724941375	false	1.0
verschwenden	neg 1.0		__DUMMY__ 0.9406782485956785 neg 0.03287794241101646 off 0.026443808993305083	false	1.0
riesig	neg 1.0		__DUMMY__ 0.9422872914726125 neg 0.029720690605295967 off 0.02799201792209154	false	1.0
verurteilen	neg 1.0		__DUMMY__ 0.9382643773540676 neg 0.03382967987481068 off 0.027905942771121666	false	1.0
klischee	neg 1.0	neg 1.0	neg 0.499790010443791 __DUMMY__ 0.47180145770594967 off 0.028408531850259405	false	1.0
diktatorisch	neg 1.0		__DUMMY__ 0.9344414113472467 neg 0.03501151228707872 off 0.0305470763656746	false	1.0
vorhersehbar	neg 1.0		__DUMMY__ 0.9368490150120258 neg 0.03271603612620337 off 0.030434948861770846	false	1.0
sowie			__DUMMY__ 0.9335431485011618 off 0.03658621474626233 neg 0.029870636752575855	false	0.0
stornieren	neg 1.0		__DUMMY__ 0.9419378767063592 off 0.03023155681841678 neg 0.027830566475224004	false	0.5
besteuerung	neg 1.0		__DUMMY__ 0.9388187710112036 neg 0.03154533765502905 off 0.029635891333767355	false	1.0
ungeschminkt	neg 1.0		__DUMMY__ 0.9385641313697907 off 0.032303847990127164 neg 0.029132020640082242	false	0.5
kritisch	neg 1.0		__DUMMY__ 0.9386735245517346 neg 0.034440227956498086 off 0.026886247491767306	false	1.0
schlamperei	off 1.0		__DUMMY__ 0.9379563780800191 neg 0.034751902654479784 off 0.02729171926550124	false	0.5
sucht	neg 1.0	neg 1.0	neg 0.49374747207666947 __DUMMY__ 0.47905818750229495 off 0.027194340421035548	false	1.0
egoistisch	off 1.0		__DUMMY__ 0.9358240688961077 off 0.0358664115035136 neg 0.028309519600378658	false	1.0
ausbeuter	off 1.0		__DUMMY__ 0.9385290576014291 neg 0.0349334053376053 off 0.02653753706096564	false	0.5
arschgeburt	off 1.0		__DUMMY__ 0.9294309656833217 off 0.04194543478168233 neg 0.0286235995349959	false	1.0
schubs	neg 1.0	neg 1.0	neg 0.4974742650063292 __DUMMY__ 0.4785508614806998 off 0.023974873512971073	false	1.0
unsolide	neg 1.0		__DUMMY__ 0.9302205471698638 neg 0.036929547063508435 off 0.03284990576662771	false	1.0
beschwerde	neg 1.0		__DUMMY__ 0.9379599258775564 neg 0.034301578112062525 off 0.02773849601038107	false	1.0
stocken	neg 1.0		__DUMMY__ 0.9407919783504128 neg 0.03202572144070279 off 0.027182300208884385	false	1.0
isolieren	neg 1.0		__DUMMY__ 0.9425032484009902 neg 0.0291164465785864 off 0.02838030502042335	false	1.0
unheilbar	neg 1.0		__DUMMY__ 0.9404072927130496 neg 0.030121347380864222 off 0.029471359906086226	false	1.0
pisser	off 1.0		__DUMMY__ 0.9351829319166624 off 0.034676790674261035 neg 0.030140277409076648	false	1.0
löschen	neg 1.0		__DUMMY__ 0.9387976380027888 neg 0.031533037771651465 off 0.029669324225559773	false	1.0
durchfallen	neg 1.0		__DUMMY__ 0.9394999804101729 neg 0.03367573030918619 off 0.026824289280640935	false	1.0
wichser	off 1.0		__DUMMY__ 0.9333200316712528 off 0.038955226599539004 neg 0.02772474172920822	false	1.0
terror	neg 1.0		__DUMMY__ 0.9399071870202814 off 0.030991435383435753 neg 0.029101377596282788	false	0.5
krass	neg 1.0		__DUMMY__ 0.9372573530963706 off 0.03411448242186274 neg 0.028628164481766572	false	0.5
revolte	neg 1.0	neg 1.0	neg 0.5018633634971461 __DUMMY__ 0.4691650930439189 off 0.02897154345893498	false	1.0
besorgt	neg 1.0		__DUMMY__ 0.9430807034536344 neg 0.02944976237801436 off 0.02746953416835135	false	1.0
nachlassen	neg 1.0		__DUMMY__ 0.9428077017062284 neg 0.029895505255692217 off 0.027296793038079397	false	1.0
alt	neg 1.0		__DUMMY__ 0.9432589387884992 neg 0.03142235013612319 off 0.025318711075377653	false	1.0
hundesohn	off 1.0		__DUMMY__ 0.9314099241797533 off 0.03885577021033148 neg 0.029734305609915232	false	1.0
als			__DUMMY__ 0.9411891655352941 neg 0.0316345987263228 off 0.02717623573838312	false	0.0
abschreckung	neg 1.0		__DUMMY__ 0.9396405204312679 neg 0.0345318716992932 off 0.02582760786943889	false	1.0
unqualifiziert	neg 1.0		__DUMMY__ 0.9369911951567128 neg 0.03235739721798387 off 0.03065140762530334	false	1.0
abgewichst	off 1.0		__DUMMY__ 0.9394111310668979 neg 0.032239081856616836 off 0.028349787076485288	false	0.5
schwer	neg 1.0		__DUMMY__ 0.9404010131962182 neg 0.031194375455643242 off 0.02840461134813861	false	1.0
bedeutungslosigkeit	neg 1.0		__DUMMY__ 0.9387904738874517 neg 0.034925906688533535 off 0.026283619424014817	false	1.0
kapitulation	neg 1.0		__DUMMY__ 0.9359344092348619 neg 0.03614435821115708 off 0.027921232553981035	false	1.0
unscharf	neg 1.0		__DUMMY__ 0.9398206817633213 off 0.03014324346374936 neg 0.030036074772929355	false	0.5
schwinden	neg 1.0		__DUMMY__ 0.9419349456598723 neg 0.031813818125572525 off 0.026251236214555218	false	1.0
versklavung	neg 1.0		__DUMMY__ 0.9355036116633536 neg 0.03424420846225776 off 0.03025217987438861	false	1.0
schlecht	neg 1.0		__DUMMY__ 0.9386011464062176 off 0.032561896755501946 neg 0.028836956838280445	false	0.5
verhasst	neg 1.0		__DUMMY__ 0.9373459897832908 neg 0.03335403414162494 off 0.029299976075084347	false	1.0
beschweren	neg 1.0		__DUMMY__ 0.9396878512342366 neg 0.030519169440824882 off 0.029792979324938473	false	1.0
scheiden	neg 1.0		__DUMMY__ 0.9404021770593958 neg 0.03164253034994751 off 0.02795529259065671	false	1.0
frustriert	neg 1.0		__DUMMY__ 0.9400522434398754 neg 0.03204964939003671 off 0.02789810717008793	false	1.0
schimmelig	neg 1.0		__DUMMY__ 0.9406960419679671 neg 0.033252092519340554 off 0.02605186551269235	false	1.0
fisch	neg 1.0		__DUMMY__ 0.9411978542216963 neg 0.03248861108055505 off 0.026313534697748563	false	1.0
schmuggel	neg 1.0		__DUMMY__ 0.9435750130571449 neg 0.030743524678159224 off 0.02568146226469586	false	1.0
auffallen	neg 1.0		__DUMMY__ 0.9390250335932548 neg 0.030883886629549218 off 0.030091079777196	false	1.0
konkurrenz	neg 1.0		__DUMMY__ 0.9411976289237912 neg 0.03337296534955062 off 0.025429405726658205	false	1.0
teufelskreis	neg 1.0		__DUMMY__ 0.9393828128164246 neg 0.032425629563894436 off 0.02819155761968106	false	1.0
aufschreien	neg 1.0		__DUMMY__ 0.9375110824268884 neg 0.0322410078794859 off 0.030247909693625723	false	1.0
schuldner	neg 1.0		__DUMMY__ 0.9389104507501759 neg 0.03425010739178886 off 0.026839441858035266	false	1.0
missgeburt	off 1.0	off 1.0	off 0.5032433384951625 __DUMMY__ 0.4690263339499429 neg 0.02773032755489467	false	1.0
arbeitslos	neg 1.0		__DUMMY__ 0.9385279626911555 neg 0.033840025153419995 off 0.027632012155424563	false	1.0
befallen	neg 1.0		__DUMMY__ 0.9381106773939066 neg 0.03403486741241423 off 0.027854455193679108	false	1.0
miesepetrig	off 1.0		__DUMMY__ 0.9406019445259136 off 0.031925200738272104 neg 0.027472854735814328	false	1.0
alarmieren	neg 1.0		__DUMMY__ 0.9363758854693555 off 0.032462531555087985 neg 0.031161582975556525	false	0.5
ungeduscht	off 1.0		__DUMMY__ 0.9397029211170577 neg 0.030176309088538602 off 0.030120769794403725	false	0.5
knappheit	neg 1.0		__DUMMY__ 0.9391460095366546 neg 0.03314738900388776 off 0.027706601459457633	false	1.0
schlange	neg 1.0		__DUMMY__ 0.9412453137129497 off 0.02937829329511548 neg 0.029376392991934765	false	0.5
harsch	neg 1.0		__DUMMY__ 0.9381039816905253 off 0.036362172039169194 neg 0.025533846270305416	false	0.5
lang	neg 1.0		__DUMMY__ 0.9398267989475783 neg 0.030526826689099496 off 0.02964637436332229	false	1.0
ziellos	neg 1.0		__DUMMY__ 0.9407046016226764 neg 0.03231513519503373 off 0.02698026318228976	false	1.0
selbstverliebt	neg 1.0		__DUMMY__ 0.9302635513022215 off 0.04001331628490813 neg 0.02972313241287035	false	0.5
beseitigen	neg 1.0		__DUMMY__ 0.9405836591217417 neg 0.03008754846689876 off 0.029328792411359595	false	1.0
dumm	off 1.0		__DUMMY__ 0.9348449642439408 off 0.03637002241577335 neg 0.02878501334028575	false	1.0
arbeitsloser	neg 1.0		__DUMMY__ 0.9390041078899433 neg 0.033891738123586986 off 0.02710415398646977	false	1.0
blitzen	neg 1.0		__DUMMY__ 0.9387408758562505 off 0.0313730449532109 neg 0.029886079190538584	false	0.5
hilflos	neg 1.0		__DUMMY__ 0.9404784694432691 neg 0.03197546444629139 off 0.027546066110439603	false	1.0
eklig	off 1.0		__DUMMY__ 0.9339243275968906 off 0.03689685614308901 neg 0.029178816260020356	false	1.0
begriff			__DUMMY__ 0.9395841328208588 neg 0.03245196961871701 off 0.027963897560424146	false	0.0
hungersnot	neg 1.0		__DUMMY__ 0.9358745297155947 neg 0.034820744831888004 off 0.02930472545251728	false	1.0
ungesetzlich	neg 1.0		__DUMMY__ 0.9339111296763472 neg 0.034602854540049605 off 0.03148601578360325	false	1.0
verschwendung	neg 1.0		__DUMMY__ 0.9408398508693419 neg 0.03321455107066821 off 0.025945598059989944	false	1.0
schmerzvoll	neg 1.0		__DUMMY__ 0.9398562692820139 neg 0.030419690903355945 off 0.029724039814630107	false	1.0
vorzeitig	neg 1.0		__DUMMY__ 0.9379360434294871 off 0.03238129501019275 neg 0.029682661560320147	false	0.5
unvollkommenheit	neg 1.0		__DUMMY__ 0.9404276744233268 neg 0.030666071393162023 off 0.028906254183511258	false	1.0
intervenieren	neg 1.0		__DUMMY__ 0.9381348583372768 neg 0.0350357628704957 off 0.0268293787922275	false	1.0
banause	off 1.0		__DUMMY__ 0.93375335446477 off 0.03786787509374814 neg 0.02837877044148187	false	1.0
rebell	neg 1.0		__DUMMY__ 0.942667146798093 neg 0.03245676038707642 off 0.02487609281483051	false	1.0
unlogisch	neg 1.0		__DUMMY__ 0.935543189296339 off 0.034078508447251396 neg 0.03037830225640971	false	0.5
leiden	neg 1.0	neg 1.0	neg 0.4935378956510366 __DUMMY__ 0.4840506958334966 off 0.022411408515466736	false	1.0
abschaffung	neg 1.0		__DUMMY__ 0.9369379213703061 neg 0.033280425359364804 off 0.029781653270329125	false	1.0
sturz	neg 1.0		__DUMMY__ 0.9371900495421172 neg 0.03267797429217515 off 0.030131976165707716	false	1.0
verkleinerung	neg 1.0		__DUMMY__ 0.9342104834558282 neg 0.03391371086258802 off 0.031875805681583796	false	1.0
schmarotzer	off 1.0		__DUMMY__ 0.9378554321500192 neg 0.03473851153412607 off 0.02740605631585467	false	0.5
bestrafung	neg 1.0		__DUMMY__ 0.9390927045471172 neg 0.03112046019031931 off 0.029786835262563458	false	1.0
achtlos	neg 1.0		__DUMMY__ 0.94106091005942 neg 0.030639581599170792 off 0.0282995083414091	false	1.0
