unsolidarisch	neg 1.0		neg 0.503058005073492 off 0.45294937311387845 __DUMMY__ 0.04399262181262954	false	1.0
nachteilig	neg 1.0		neg 0.5028273656935887 off 0.4526967302189669 __DUMMY__ 0.044475904087444604	false	1.0
skeptisch	neg 1.0		neg 0.5047585926367183 off 0.45060505993921357 __DUMMY__ 0.044636347424068225	false	1.0
schrecklich	neg 1.0		neg 0.49148578699421597 off 0.46426766292674293 __DUMMY__ 0.04424655007904119	false	1.0
schlapp	neg 1.0		neg 0.4936287860878062 off 0.4617923672638137 __DUMMY__ 0.04457884664838005	false	1.0
abfall	neg 1.0		neg 0.505866337051538 off 0.4494084128605882 __DUMMY__ 0.0447252500878738	false	1.0
widerspenstig	neg 1.0		neg 0.49781326212299504 off 0.4574547975213771 __DUMMY__ 0.04473194035562797	false	1.0
abrupt	neg 1.0		neg 0.49828268811789844 off 0.4568654736578869 __DUMMY__ 0.044851838224214534	false	1.0
unwirksam	neg 1.0		neg 0.5024849224851616 off 0.45348003664434006 __DUMMY__ 0.04403504087049835	false	1.0
angreifen	neg 1.0		neg 0.5041628545192305 off 0.45132015756723776 __DUMMY__ 0.04451698791353173	false	1.0
inkonsistent	neg 1.0		neg 0.49724140518538124 off 0.4583529545421272 __DUMMY__ 0.04440564027249155	false	1.0
abrutschen	neg 1.0		neg 0.5053213284171556 off 0.4499016708643227 __DUMMY__ 0.0447770007185216	false	1.0
unsicher	neg 1.0		neg 0.4991756651098877 off 0.4562493643307049 __DUMMY__ 0.04457497055940751	false	1.0
bauernkind	off 1.0		neg 0.4903399972195732 off 0.4657794960412501 __DUMMY__ 0.04388050673917671	false	0.5
angreifer	neg 1.0		neg 0.49779881595262393 off 0.4579723545640106 __DUMMY__ 0.04422882948336546	false	1.0
trennen	neg 1.0		neg 0.5018193672819238 off 0.45330472698392915 __DUMMY__ 0.04487590573414721	false	1.0
schmutz	neg 1.0		neg 0.4910634288664062 off 0.4642009250323178 __DUMMY__ 0.04473564610127582	false	1.0
inkonsistenz	neg 1.0	neg 1.0	neg 0.7351262165352477 off 0.24361457833015132 __DUMMY__ 0.021259205134600976	false	1.0
erschreckend	neg 1.0		neg 0.5014383262778279 off 0.454087728840442 __DUMMY__ 0.044473944881730045	false	1.0
ertrinken	neg 1.0		neg 0.5012467644580157 off 0.4539869663576384 __DUMMY__ 0.04476626918434579	false	1.0
pickelface	off 1.0		neg 0.4999725405798897 off 0.4557201091026254 __DUMMY__ 0.04430735031748495	false	0.5
seiner			neg 0.503709053269179 off 0.45169432620464994 __DUMMY__ 0.044596620526171034	false	0.0
lauch	neg 1.0		neg 0.5043804994928297 off 0.45093089312098467 __DUMMY__ 0.04468860738618568	false	1.0
unwichtig	neg 1.0		neg 0.4954928736308621 off 0.4601395928855776 __DUMMY__ 0.04436753348356019	false	1.0
steuerhinterziehung	neg 1.0		neg 0.5031066387594662 off 0.4527324781294305 __DUMMY__ 0.04416088311110332	false	1.0
schock	neg 1.0		neg 0.4987496005231374 off 0.45642648559761456 __DUMMY__ 0.044823913879248084	false	1.0
beule	neg 1.0		neg 0.4927669390999134 off 0.462739241267253 __DUMMY__ 0.04449381963283354	false	1.0
vergelten	neg 1.0		neg 0.491134639626204 off 0.46481144637438615 __DUMMY__ 0.04405391399940995	false	1.0
verdorbenheit	neg 1.0		neg 0.49709405329251316 off 0.45831130762630334 __DUMMY__ 0.04459463908118347	false	1.0
trauma	neg 1.0		neg 0.4977649320948311 off 0.45777863510892963 __DUMMY__ 0.0444564327962393	false	1.0
sinnlos	neg 1.0		neg 0.4974560034133722 off 0.45807797420728524 __DUMMY__ 0.044466022379342655	false	1.0
fettsack	off 1.0	off 1.0	off 0.71765924901055 neg 0.26120247696610077 __DUMMY__ 0.021138274023349196	false	1.0
feige	off 1.0		neg 0.4969684952134344 off 0.45878641522245417 __DUMMY__ 0.0442450895641114	false	0.5
abdanken	neg 1.0		neg 0.5043841802080794 off 0.4516147618415154 __DUMMY__ 0.04400105795040518	false	1.0
wichtigtuer	off 1.0	off 1.0	off 0.7128347700307446 neg 0.2658881326583413 __DUMMY__ 0.021277097310913963	false	1.0
misslingen	neg 1.0		neg 0.49446865702137655 off 0.4607663753923965 __DUMMY__ 0.04476496758622695	false	1.0
untreu	off 1.0		neg 0.49461645872559135 off 0.46102123683504714 __DUMMY__ 0.04436230443936157	false	0.5
missmutig	neg 1.0		neg 0.49452836293151675 off 0.4609105288908477 __DUMMY__ 0.04456110817763559	false	1.0
hurenbock	off 1.0		neg 0.495452542261312 off 0.45982035508978386 __DUMMY__ 0.04472710264890425	false	0.5
betrunken	neg 1.0		neg 0.49211754044141787 off 0.4634425995785488 __DUMMY__ 0.044439859980033275	false	1.0
korrupt	off 1.0		neg 0.504652200134937 off 0.4511728298590859 __DUMMY__ 0.04417497000597716	false	0.5
unmut	neg 1.0		neg 0.5060997668597459 off 0.44930167479716693 __DUMMY__ 0.04459855834308705	false	1.0
hackfresse	off 1.0		neg 0.48850088078543996 off 0.4673828468459758 __DUMMY__ 0.04411627236858417	false	0.5
aufblasen	neg 1.0		neg 0.49666873582175536 off 0.45867101970701524 __DUMMY__ 0.04466024447122957	false	1.0
gewaltsam	neg 1.0		neg 0.5000772148957581 off 0.4556773225621758 __DUMMY__ 0.04424546254206597	false	1.0
unbeliebtheit	neg 1.0		neg 0.49654968343584643 off 0.4595780982612901 __DUMMY__ 0.04387221830286358	false	1.0
sturheit	neg 1.0		neg 0.501835395666407 off 0.4537768958289025 __DUMMY__ 0.04438770850469045	false	1.0
kuh	neg 1.0		neg 0.4984405596673392 off 0.4572113516136699 __DUMMY__ 0.04434808871899083	false	1.0
erschrecken	neg 1.0		neg 0.4955435813002426 off 0.4599591994372249 __DUMMY__ 0.04449721926253253	false	1.0
opfer	neg 1.0		neg 0.5031131023072363 off 0.4523241801638459 __DUMMY__ 0.04456271752891785	false	1.0
sinken	neg 1.0		neg 0.5051292663805145 off 0.4502700328267683 __DUMMY__ 0.0446007007927172	false	1.0
stinktier	neg 1.0		neg 0.49225720212053686 off 0.463665449461042 __DUMMY__ 0.04407734841842121	false	1.0
tucke	off 1.0		neg 0.48688158873142184 off 0.4689160920537861 __DUMMY__ 0.04420231921479194	false	0.5
ein			neg 0.49685272165514527 off 0.45840290311781523 __DUMMY__ 0.044744375227039584	false	0.0
abstieg	neg 1.0		neg 0.5025394786283648 off 0.4530945937078583 __DUMMY__ 0.04436592766377682	false	1.0
missverstehen	neg 1.0		neg 0.49923619059083174 off 0.45648650067035107 __DUMMY__ 0.04427730873881713	false	1.0
ergebnislos	neg 1.0		neg 0.5027193407229325 off 0.4528607138077917 __DUMMY__ 0.044419945469275954	false	1.0
unter			neg 0.5066142576100154 off 0.4482621562122765 __DUMMY__ 0.04512358617770791	false	0.0
manipulieren	neg 1.0		neg 0.5032089613690918 off 0.4521643623313959 __DUMMY__ 0.04462667629951235	false	1.0
unbewiesen	neg 1.0		neg 0.5034028715192761 off 0.4526180436102557 __DUMMY__ 0.04397908487046825	false	1.0
verschleppen	neg 1.0		neg 0.5023209487807249 off 0.45320935246433897 __DUMMY__ 0.044469698754936136	false	1.0
weib	off 1.0		neg 0.48748581119093065 off 0.4684705286035029 __DUMMY__ 0.04404366020556642	false	0.5
opposition	neg 1.0		neg 0.4998798238613626 off 0.4559607690804459 __DUMMY__ 0.04415940705819158	false	1.0
verkehrswidrig	neg 1.0		neg 0.4877924539185594 off 0.46779656353206966 __DUMMY__ 0.04441098254937103	false	1.0
inkorrekt	neg 1.0		neg 0.49717284675308104 off 0.45882975020544003 __DUMMY__ 0.04399740304147883	false	1.0
vermeiden	neg 1.0		neg 0.5051396785848944 off 0.4499094286179867 __DUMMY__ 0.04495089279711879	false	1.0
abweichung	neg 1.0		neg 0.5047609385125589 off 0.45105765861559377 __DUMMY__ 0.04418140287184725	false	1.0
alkoholisiert	neg 1.0		neg 0.49857853192115953 off 0.4565891882905589 __DUMMY__ 0.044832279788281526	false	1.0
scheiss	off 1.0	off 1.0	off 0.7163064226172966 neg 0.2623563656227769 __DUMMY__ 0.021337211759926467	false	1.0
herausforderung	neg 1.0		neg 0.49921998659568867 off 0.4559101566142498 __DUMMY__ 0.04486985679006162	false	1.0
pervers	off 1.0		neg 0.48545999066297973 off 0.47062195273910856 __DUMMY__ 0.04391805659791167	false	0.5
wackelig	neg 1.0		neg 0.49865424673047565 off 0.4564192960803538 __DUMMY__ 0.044926457189170696	false	1.0
verwickeln	neg 1.0		neg 0.4988151654501185 off 0.4568203307244321 __DUMMY__ 0.044364503825449285	false	1.0
vorwand	neg 1.0		neg 0.5058255805732501 off 0.4496561020488886 __DUMMY__ 0.044518317377861244	false	1.0
muschi	off 1.0		neg 0.5004894987945837 off 0.45519852435247254 __DUMMY__ 0.04431197685294378	false	0.5
entmutigung	neg 1.0		neg 0.5012883884616829 off 0.45482627813025317 __DUMMY__ 0.04388533340806383	false	1.0
unangemessen	neg 1.0		neg 0.5040119307436367 off 0.45168198841851953 __DUMMY__ 0.04430608083784379	false	1.0
unstetig	neg 1.0		neg 0.4959947916239893 off 0.45966452521736184 __DUMMY__ 0.04434068315864894	false	1.0
entmutigen	neg 1.0		neg 0.49743037318034417 off 0.4579743256575398 __DUMMY__ 0.044595301162116	false	1.0
schwanz	neg 1.0		neg 0.501669807533084 off 0.4538529759512487 __DUMMY__ 0.04447721651566731	false	1.0
verbot	neg 1.0		neg 0.5040558963932088 off 0.4517684084324531 __DUMMY__ 0.044175695174338205	false	1.0
leid	neg 1.0		neg 0.4900240127304395 off 0.4657842478775259 __DUMMY__ 0.044191739392034614	false	1.0
archaisch	neg 1.0		neg 0.5024625510437819 off 0.45313854840994316 __DUMMY__ 0.04439890054627482	false	1.0
gegen			neg 0.5065029490359022 off 0.4491051678238345 __DUMMY__ 0.04439188314026343	false	0.0
scheidung	neg 1.0	neg 1.0	neg 0.722818123208364 off 0.2560201199952172 __DUMMY__ 0.02116175679641873	false	1.0
einschlag	neg 1.0		neg 0.49207771762277785 off 0.46387401931396194 __DUMMY__ 0.0440482630632603	false	1.0
m			neg 0.49943323125204886 off 0.45589276698107256 __DUMMY__ 0.04467400176687862	false	0.0
abgestanden	neg 1.0		neg 0.4974054367707504 off 0.45789910316196925 __DUMMY__ 0.04469546006728037	false	1.0
schmierig	off 1.0		neg 0.4903015252297356 off 0.4653889842256198 __DUMMY__ 0.04430949054464459	false	0.5
unpraktisch	neg 1.0		neg 0.4964900460568835 off 0.45882560189798477 __DUMMY__ 0.044684352045131756	false	1.0
wixxer	off 1.0		neg 0.48578908210315563 off 0.4703642186945977 __DUMMY__ 0.04384669920224668	false	0.5
bezeichnet			neg 0.5018465573458368 off 0.45381459148840514 __DUMMY__ 0.044338851165758225	false	0.0
jammerlappen	off 1.0		neg 0.4954636522002361 off 0.4601581113140857 __DUMMY__ 0.044378236485678145	false	0.5
farce	neg 1.0		neg 0.5047764948862078 off 0.451203053039053 __DUMMY__ 0.044020452074739085	false	1.0
zwecklos	neg 1.0		neg 0.5035637424294933 off 0.4520336160248897 __DUMMY__ 0.04440264154561707	false	1.0
turbulent	neg 1.0		neg 0.4924088625021697 off 0.4634335435296953 __DUMMY__ 0.04415759396813496	false	1.0
invasion	neg 1.0		neg 0.49545897262927024 off 0.4600123875091917 __DUMMY__ 0.0445286398615379	false	1.0
schuld	neg 1.0		neg 0.4994538758463637 off 0.45612704479893185 __DUMMY__ 0.04441907935470453	false	1.0
risiko	neg 1.0		neg 0.49412917842397186 off 0.4612302494456232 __DUMMY__ 0.044640572130404926	false	1.0
finster	neg 1.0		neg 0.4974364023449249 off 0.45788146661955315 __DUMMY__ 0.04468213103552203	false	1.0
geisteskrank	off 1.0		neg 0.49586044401592866 off 0.4600387470145617 __DUMMY__ 0.04410080896950955	false	0.5
zusammenbrechen	neg 1.0		neg 0.5000033122937033 off 0.4553373926057536 __DUMMY__ 0.04465929510054298	false	1.0
ausbeute	neg 1.0		neg 0.5003217515733724 off 0.4549248921069819 __DUMMY__ 0.04475335631964562	false	1.0
hinterhalt	neg 1.0		neg 0.49791056472407763 off 0.4576010329997853 __DUMMY__ 0.044488402276137026	false	1.0
kritik	neg 1.0		neg 0.5038328309315243 off 0.4520382138685194 __DUMMY__ 0.04412895519995637	false	1.0
einschrumpfen	neg 1.0		neg 0.49777117501978746 off 0.45810477331896654 __DUMMY__ 0.044124051661246076	false	1.0
riskant	neg 1.0		neg 0.5033212681403992 off 0.45208660261225386 __DUMMY__ 0.04459212924734708	false	1.0
frustrieren	neg 1.0		neg 0.5035866338944719 off 0.45185135329431136 __DUMMY__ 0.0445620128112168	false	1.0
groll	neg 1.0		neg 0.5028011640406016 off 0.45274465643608347 __DUMMY__ 0.044454179523314825	false	1.0
gibt			neg 0.5013977027395047 off 0.45404525550825425 __DUMMY__ 0.04455704175224105	false	0.0
qualvoll	neg 1.0		neg 0.495969515659607 off 0.45944257771007996 __DUMMY__ 0.04458790663031299	false	1.0
wackeln	neg 1.0		neg 0.4966951659161898 off 0.4585620137620646 __DUMMY__ 0.04474282032174556	false	1.0
klagen	neg 1.0		neg 0.5064776958670614 off 0.4490661588555789 __DUMMY__ 0.04445614527735961	false	1.0
bankrott	neg 1.0		neg 0.49408863597546504 off 0.4614450557868219 __DUMMY__ 0.0444663082377131	false	1.0
trauern	neg 1.0		neg 0.5028779505735623 off 0.4525248658801063 __DUMMY__ 0.04459718354633134	false	1.0
ablehnung	neg 1.0	neg 1.0	neg 0.7381251693798856 off 0.24064523555489184 __DUMMY__ 0.021229595065222557	false	1.0
stur	neg 1.0		neg 0.4988480522909325 off 0.4567164810929304 __DUMMY__ 0.04443546661613724	false	1.0
aufruhr	neg 1.0		neg 0.5009735682696805 off 0.4548116928459368 __DUMMY__ 0.04421473888438267	false	1.0
melancholie	neg 1.0		neg 0.49921790407038846 off 0.455944544711142 __DUMMY__ 0.04483755121846955	false	1.0
ist			neg 0.49840494203388774 off 0.4571438744300078 __DUMMY__ 0.04445118353610438	false	0.0
torheit	neg 1.0		neg 0.5017169026668289 off 0.4542182570587637 __DUMMY__ 0.044064840274407574	false	1.0
dreckskind	off 1.0		neg 0.49183004453845763 off 0.4643135504266477 __DUMMY__ 0.04385640503489463	false	0.5
umtauschen	neg 1.0		neg 0.49823229806793684 off 0.457075958201076 __DUMMY__ 0.044691743730987187	false	1.0
zum			neg 0.5038614348267848 off 0.4510908124675347 __DUMMY__ 0.04504775270568053	false	0.0
zersetzen	neg 1.0		neg 0.5047071289529044 off 0.45074837684123614 __DUMMY__ 0.044544494205859576	false	1.0
zur			neg 0.5076402010443515 off 0.4477117160352591 __DUMMY__ 0.044648082920389506	false	0.0
frust	neg 1.0		neg 0.500886673114459 off 0.45451498471524693 __DUMMY__ 0.04459834217029401	false	1.0
unerbittlichkeit	neg 1.0		neg 0.5038273913706184 off 0.4516510801323614 __DUMMY__ 0.04452152849702035	false	1.0
zwei			neg 0.5028363371294255 off 0.45223004147848456 __DUMMY__ 0.044933621392089826	false	0.0
unkorrekt	neg 1.0		neg 0.49618569167352156 off 0.4598032082269851 __DUMMY__ 0.04401110009949341	false	1.0
hexe	off 1.0		neg 0.4940198816267141 off 0.46156905929864384 __DUMMY__ 0.044411059074642045	false	0.5
lasch	neg 1.0		neg 0.49778154346366416 off 0.45794329470696477 __DUMMY__ 0.04427516182937098	false	1.0
rivale	neg 1.0		neg 0.49196264549260565 off 0.46391784182179385 __DUMMY__ 0.04411951268560048	false	1.0
mutlos	off 1.0	off 1.0	off 0.710316420848994 neg 0.2683425839419183 __DUMMY__ 0.021340995209087787	false	1.0
wirr	off 1.0		neg 0.493590376401927 off 0.46233538479827974 __DUMMY__ 0.0440742387997934	false	0.5
jahr			neg 0.5010752896590448 off 0.4540999292525998 __DUMMY__ 0.04482478108835546	false	0.0
wird			neg 0.502656695287374 off 0.45275910951207554 __DUMMY__ 0.04458419520055046	false	0.0
strafbar	neg 1.0		neg 0.505533787214556 off 0.45016362421372136 __DUMMY__ 0.04430258857172262	false	1.0
erosion	neg 1.0		neg 0.49660570696840006 off 0.45878293354432503 __DUMMY__ 0.04461135948727506	false	1.0
eingehen	neg 1.0		neg 0.5033256218112369 off 0.4522031698026203 __DUMMY__ 0.04447120838614283	false	1.0
faul	off 1.0		neg 0.4939100686460857 off 0.461511669120408 __DUMMY__ 0.04457826223350623	false	0.5
provisorium	neg 1.0		neg 0.5078620198515268 off 0.4470965822358533 __DUMMY__ 0.04504139791261977	false	1.0
schmerzen	neg 1.0		neg 0.4992034717176637 off 0.45611568789047835 __DUMMY__ 0.044680840391857955	false	1.0
schrumpfen	neg 1.0		neg 0.5068446369631657 off 0.4483840190603672 __DUMMY__ 0.044771343976467204	false	1.0
geistlos	off 1.0		neg 0.500313625289018 off 0.4556672701683153 __DUMMY__ 0.044019104542666616	false	0.5
fehlkauf	neg 1.0		neg 0.4975141235481538 off 0.4581648641989708 __DUMMY__ 0.044321012252875554	false	1.0
frustrierend	neg 1.0		neg 0.49600499442300555 off 0.4595364524755203 __DUMMY__ 0.04445855310147422	false	1.0
unzufrieden	neg 1.0		neg 0.5026404714185488 off 0.4528593439272924 __DUMMY__ 0.044500184654158836	false	1.0
verzweifeln	neg 1.0		neg 0.49964950110107154 off 0.45575192131732406 __DUMMY__ 0.044598577581604494	false	1.0
verzweifelt	neg 1.0		neg 0.49879448422375233 off 0.4567517813625234 __DUMMY__ 0.044453734413724286	false	1.0
misstrauensantrag	neg 1.0		neg 0.4987826514630592 off 0.4570312325847663 __DUMMY__ 0.044186115952174504	false	1.0
abfallen	neg 1.0		neg 0.4956076965016004 off 0.45955828994971776 __DUMMY__ 0.04483401354868176	false	1.0
fucker	off 1.0		neg 0.4931576036534624 off 0.46267589676178056 __DUMMY__ 0.044166499584756914	false	0.5
ungezogen	neg 1.0		neg 0.48673569392809346 off 0.46916259494808343 __DUMMY__ 0.044101711123823224	false	1.0
irrsinnig	neg 1.0	neg 1.0	neg 0.736206917761017 off 0.24246337386022407 __DUMMY__ 0.021329708378758975	false	1.0
unfassbar	neg 1.0		neg 0.4946906335053097 off 0.4609200710354395 __DUMMY__ 0.04438929545925088	false	1.0
hart	neg 1.0		neg 0.4952970733512146 off 0.4604472752193555 __DUMMY__ 0.044255651429429735	false	1.0
widerlich	off 1.0		neg 0.49512621357079994 off 0.46064447545629383 __DUMMY__ 0.04422931097290637	false	0.5
fatal	neg 1.0		neg 0.4972819460676507 off 0.4583519973220773 __DUMMY__ 0.044366056610272125	false	1.0
bruch	neg 1.0		neg 0.5076846930358525 off 0.4479359589490663 __DUMMY__ 0.0443793480150813	false	1.0
aushungern	neg 1.0		neg 0.5017469958536954 off 0.4540647947022139 __DUMMY__ 0.044188209444090576	false	1.0
anspannung	neg 1.0		neg 0.5038961621854992 off 0.45119420963018775 __DUMMY__ 0.04490962818431294	false	1.0
von			neg 0.5031342100868796 off 0.4521324151780326 __DUMMY__ 0.0447333747350877	false	0.0
kraftlos	neg 1.0		neg 0.49946601542165003 off 0.4556536675260188 __DUMMY__ 0.04488031705233108	false	1.0
vom			neg 0.5068467556656653 off 0.44813866159553944 __DUMMY__ 0.0450145827387953	false	0.0
grenzdebil	off 1.0		neg 0.4933467387584075 off 0.46225523799741497 __DUMMY__ 0.04439802324417751	false	0.5
vor			neg 0.5041273108449446 off 0.45110736577528876 __DUMMY__ 0.04476532337976668	false	0.0
unterwerfen	neg 1.0		neg 0.5034762996621533 off 0.4520351755750078 __DUMMY__ 0.04448852476283901	false	1.0
versenkung	neg 1.0		neg 0.5037337394464998 off 0.4517250578045767 __DUMMY__ 0.044541202748923564	false	1.0
entziehen	neg 1.0		neg 0.506186953248265 off 0.4492615836769665 __DUMMY__ 0.044551463074768476	false	1.0
finanzkrise	neg 1.0		neg 0.5021658914634517 off 0.45365922731574054 __DUMMY__ 0.044174881220807836	false	1.0
schimpfend	neg 1.0		neg 0.4940332446842693 off 0.46107459135137235 __DUMMY__ 0.04489216396435825	false	1.0
profan	neg 1.0		neg 0.49740095550555435 off 0.45812777638081703 __DUMMY__ 0.04447126811362869	false	1.0
korruption	neg 1.0		neg 0.504429743580639 off 0.4513862128061043 __DUMMY__ 0.044184043613256604	false	1.0
â			neg 0.5007585793502893 off 0.454595976139355 __DUMMY__ 0.044645444510355764	false	0.0
schmutzig	neg 1.0		neg 0.4922194786581729 off 0.4631936007621117 __DUMMY__ 0.04458692057971554	false	1.0
sexy	neg 1.0		neg 0.49517703356039555 off 0.46039937729757924 __DUMMY__ 0.04442358914202521	false	1.0
abraten	neg 1.0		neg 0.49779669081302613 off 0.4576574970763804 __DUMMY__ 0.044545812110593504	false	1.0
schwarz	neg 1.0		neg 0.4981121514437085 off 0.45749837319753606 __DUMMY__ 0.044389475358755516	false	1.0
fotze	off 1.0		neg 0.5020369748539567 off 0.45358468752586584 __DUMMY__ 0.044378337620177566	false	0.5
verwirren	neg 1.0		neg 0.4968170457640654 off 0.45874760796760633 __DUMMY__ 0.044435346268328305	false	1.0
zahnlos	off 1.0		neg 0.5036468730368618 off 0.4519994565395002 __DUMMY__ 0.04435367042363794	false	0.5
verheeren	neg 1.0		neg 0.4859523039753458 off 0.47016068150277435 __DUMMY__ 0.04388701452187981	false	1.0
hippie	neg 1.0		neg 0.4956846742906336 off 0.4599186526756771 __DUMMY__ 0.044396673033689354	false	1.0
rammen	neg 1.0		neg 0.49656568821894004 off 0.45900160139976903 __DUMMY__ 0.044432710381290895	false	1.0
unlauter	neg 1.0	neg 1.0	neg 0.7358531249253187 off 0.24291737781809045 __DUMMY__ 0.021229497256590697	false	1.0
unheilvoll	neg 1.0		neg 0.49662797250666013 off 0.45881259889096576 __DUMMY__ 0.04455942860237406	false	1.0
niedrig	neg 1.0		neg 0.5030715453965372 off 0.4524962385735585 __DUMMY__ 0.04443221602990419	false	1.0
explosion	neg 1.0		neg 0.4954984910221832 off 0.460017466367909 __DUMMY__ 0.04448404260990784	false	1.0
weichei	off 1.0		neg 0.4898341424277696 off 0.46604318024245045 __DUMMY__ 0.04412267732977998	false	0.5
minusmensch	off 1.0		neg 0.4887150109942028 off 0.4676483041285207 __DUMMY__ 0.04363668487727658	false	0.5
farblos	neg 1.0		neg 0.49796157605104463 off 0.45755566697320493 __DUMMY__ 0.04448275697575042	false	1.0
unwissend	neg 1.0		neg 0.4956941421511186 off 0.46002533974789545 __DUMMY__ 0.04428051810098586	false	1.0
traurig	neg 1.0		neg 0.4913611039861495 off 0.46424937362967883 __DUMMY__ 0.04438952238417177	false	1.0
senkung	neg 1.0		neg 0.49659606829619046 off 0.4590442548299469 __DUMMY__ 0.0443596768738627	false	1.0
ungleich	neg 1.0	neg 1.0	neg 0.738664902963557 off 0.23998371354994266 __DUMMY__ 0.021351383486500366	false	1.0
heikel	neg 1.0		neg 0.5048670991001522 off 0.4505901778208812 __DUMMY__ 0.04454272307896668	false	1.0
drosselung	neg 1.0		neg 0.491076744165152 off 0.46455786372280616 __DUMMY__ 0.04436539211204184	false	1.0
falsch	neg 1.0		neg 0.496063191414582 off 0.45955092014061155 __DUMMY__ 0.04438588844480657	false	1.0
unzufriedenheit	neg 1.0		neg 0.5049204458037649 off 0.4505303744867024 __DUMMY__ 0.04454917970953268	false	1.0
kurz	neg 1.0		neg 0.4990421257249369 off 0.4561719878265729 __DUMMY__ 0.044785886448490186	false	1.0
unsinnig	neg 1.0		neg 0.5026968074481792 off 0.4528708753832819 __DUMMY__ 0.04443231716853883	false	1.0
penner	off 1.0	off 1.0	off 0.719185016283051 neg 0.259610755234411 __DUMMY__ 0.02120422848253791	false	1.0
seicht	neg 1.0		neg 0.4889621977090204 off 0.46714250900677934 __DUMMY__ 0.043895293284200394	false	1.0
dummheit	off 1.0	off 1.0	off 0.7133852729891413 neg 0.26532867970383733 __DUMMY__ 0.021286047307021327	false	1.0
unerfreulich	neg 1.0		neg 0.5046160739022274 off 0.4507404172368248 __DUMMY__ 0.04464350886094782	false	1.0
motherfucker	off 1.0	off 1.0	off 0.7163693440938336 neg 0.262402489663756 __DUMMY__ 0.02122816624241038	false	1.0
pikiert	neg 1.0		neg 0.4960650356438269 off 0.459648768547041 __DUMMY__ 0.04428619580913198	false	1.0
wrack	neg 1.0		neg 0.5014615327878775 off 0.45400070674778753 __DUMMY__ 0.04453776046433516	false	1.0
gangster	neg 1.0		neg 0.4964551220412441 off 0.459130646544641 __DUMMY__ 0.04441423141411496	false	1.0
krank	neg 1.0		neg 0.49234286194062066 off 0.4631383959714883 __DUMMY__ 0.04451874208789092	false	1.0
reich	neg 1.0		neg 0.4976962175202241 off 0.4584049295343762 __DUMMY__ 0.04389885294539973	false	1.0
gnadenlos	neg 1.0		neg 0.4992308651454401 off 0.45633862702007794 __DUMMY__ 0.04443050783448191	false	1.0
niedergeschlagen	neg 1.0		neg 0.4999967110518037 off 0.45536065740938336 __DUMMY__ 0.04464263153881282	false	1.0
terrorisieren	off 1.0	off 1.0	off 0.7107575919428538 neg 0.2678076057976701 __DUMMY__ 0.02143480225947608	false	1.0
sinnlosigkeit	neg 1.0		neg 0.502864752932736 off 0.4527096459768102 __DUMMY__ 0.04442560109045383	false	1.0
behindern	neg 1.0		neg 0.4984302731441664 off 0.4569359869896013 __DUMMY__ 0.04463373986623235	false	1.0
undemokratisch	neg 1.0		neg 0.501094510243424 off 0.454806505894995 __DUMMY__ 0.04409898386158102	false	1.0
wirtschaftskrise	neg 1.0		neg 0.503135610934308 off 0.4525383620945762 __DUMMY__ 0.04432602697111584	false	1.0
neid	neg 1.0		neg 0.4943146699999108 off 0.46106276078167424 __DUMMY__ 0.044622569218415	false	1.0
rutschen	neg 1.0		neg 0.5022532516190763 off 0.45256016696739026 __DUMMY__ 0.045186581413533475	false	1.0
rezession	neg 1.0		neg 0.49244803225241773 off 0.46357998370199255 __DUMMY__ 0.04397198404558963	false	1.0
fehlgeburt	neg 1.0		neg 0.4980132730038552 off 0.4574528291807118 __DUMMY__ 0.04453389781543295	false	1.0
charakterschwach	off 1.0		neg 0.49530966550648364 off 0.46045925166633317 __DUMMY__ 0.044231082827183216	false	0.5
isolation	neg 1.0		neg 0.49461860886703896 off 0.461020931374089 __DUMMY__ 0.04436045975887203	false	1.0
ablenkung	neg 1.0		neg 0.49842893738966926 off 0.4569642405906209 __DUMMY__ 0.04460682201970996	false	1.0
pech	neg 1.0		neg 0.4960312003487392 off 0.4594902022670561 __DUMMY__ 0.0444785973842047	false	1.0
vermeidung	neg 1.0		neg 0.49149515020858053 off 0.46403063252230725 __DUMMY__ 0.044474217269112215	false	1.0
dominieren	neg 1.0		neg 0.5022026584124946 off 0.453432492136136 __DUMMY__ 0.04436484945136944	false	1.0
schwindlig	neg 1.0		neg 0.4950737405903912 off 0.4602852076112382 __DUMMY__ 0.04464105179837054	false	1.0
lutscher	neg 1.0		neg 0.48785065729315874 off 0.46824636428628763 __DUMMY__ 0.04390297842055362	false	1.0
pflicht	neg 1.0		neg 0.5051805290601388 off 0.4502902708321585 __DUMMY__ 0.04452920010770273	false	1.0
faschist	off 1.0		neg 0.499680120289457 off 0.4562029839617764 __DUMMY__ 0.04411689574876655	false	0.5
verschleudern	neg 1.0		neg 0.5042214401101512 off 0.4514811064677377 __DUMMY__ 0.04429745342211114	false	1.0
wenn			neg 0.4960150815299251 off 0.4595877765712343 __DUMMY__ 0.044397141898840746	false	0.0
ehebruch	neg 1.0		neg 0.5036297245930759 off 0.45195494913537004 __DUMMY__ 0.04441532627155407	false	1.0
spott	off 1.0		neg 0.5041553796868554 off 0.45140262763494465 __DUMMY__ 0.044441992678199836	false	0.5
trostlosigkeit	neg 1.0		neg 0.5066670318695645 off 0.44901950614197506 __DUMMY__ 0.0443134619884604	false	1.0
lutschen	neg 1.0		neg 0.49671372597137475 off 0.4591117237748163 __DUMMY__ 0.044174550253808884	false	1.0
undiszipliniert	neg 1.0		neg 0.49269715138694464 off 0.46298403129659293 __DUMMY__ 0.044318817316462526	false	1.0
kopfschmerz	neg 1.0		neg 0.498894459153781 off 0.4564843120190887 __DUMMY__ 0.04462122882713033	false	1.0
unvorhergesehen	neg 1.0		neg 0.49871188717445925 off 0.45644630927820123 __DUMMY__ 0.044841803547339486	false	1.0
desinteressiert	neg 1.0		neg 0.49372032315278647 off 0.4620353984468008 __DUMMY__ 0.04424427840041275	false	1.0
armselig	off 1.0		neg 0.49335116573396104 off 0.46249198447259354 __DUMMY__ 0.04415684979344554	false	0.5
desaster	neg 1.0		neg 0.5084884972197906 off 0.4471661741000242 __DUMMY__ 0.044345328680185155	false	1.0
tod	neg 1.0		neg 0.5039178969564392 off 0.45170436527995544 __DUMMY__ 0.04437773776360522	false	1.0
herzlos	neg 1.0		neg 0.49080004472266786 off 0.46484209009612304 __DUMMY__ 0.04435786518120918	false	1.0
unwissenheit	neg 1.0		neg 0.5030216976481681 off 0.4525772295266876 __DUMMY__ 0.04440107282514433	false	1.0
widersinnig	neg 1.0		neg 0.5045344527771857 off 0.4513867679667493 __DUMMY__ 0.044078779256064946	false	1.0
bedenklich	neg 1.0		neg 0.5039736908263313 off 0.4515186701537694 __DUMMY__ 0.044507639019899285	false	1.0
beanstanden	neg 1.0		neg 0.5057712646153035 off 0.4497136849430006 __DUMMY__ 0.04451505044169579	false	1.0
panisch	neg 1.0	neg 1.0	neg 0.7332836789418549 off 0.2451476908016815 __DUMMY__ 0.02156863025646369	false	1.0
debil	off 1.0		neg 0.5069222918524307 off 0.44836650370161085 __DUMMY__ 0.04471120444595866	false	0.5
abstrich	neg 1.0		neg 0.4960503302316131 off 0.45914843193364485 __DUMMY__ 0.04480123783474198	false	1.0
primitiv	neg 1.0		neg 0.49474443334628193 off 0.46105608739500925 __DUMMY__ 0.044199479258708915	false	1.0
abschaum	off 1.0	off 1.0	off 0.7145547531831458 neg 0.26420492663581124 __DUMMY__ 0.02124032018104304	false	1.0
provozieren	neg 1.0		neg 0.5005814765484585 off 0.4550734210261016 __DUMMY__ 0.04434510242543978	false	1.0
tot	neg 1.0		neg 0.5007568673370346 off 0.4548096285023338 __DUMMY__ 0.044433504160631555	false	1.0
instabil	neg 1.0		neg 0.4937562715379304 off 0.4622959445294326 __DUMMY__ 0.04394778393263695	false	1.0
schwuchtel	off 1.0		neg 0.4844731385146097 off 0.47193454892467074 __DUMMY__ 0.04359231256071968	false	0.5
zerren	neg 1.0		neg 0.5004929614951457 off 0.45489097531488615 __DUMMY__ 0.04461606318996812	false	1.0
kinderficker	off 1.0		neg 0.4919952743861119 off 0.46400117876863295 __DUMMY__ 0.04400354684525521	false	0.5
gefahr	neg 1.0		neg 0.5043522837360768 off 0.4512629584628611 __DUMMY__ 0.04438475780106211	false	1.0
rabiat	neg 1.0		neg 0.49982793873862175 off 0.4556996998813585 __DUMMY__ 0.04447236138001979	false	1.0
verlangsamung	neg 1.0		neg 0.48877050314958015 off 0.46728805379187505 __DUMMY__ 0.04394144305854477	false	1.0
ausgestorben	neg 1.0		neg 0.5008699530133066 off 0.45456898643934046 __DUMMY__ 0.04456106054735281	false	1.0
anklagen	neg 1.0		neg 0.5009795376123285 off 0.45465628657978796 __DUMMY__ 0.04436417580788358	false	1.0
trott	neg 1.0		neg 0.49873345485860304 off 0.45668634870306263 __DUMMY__ 0.04458019643833436	false	1.0
verminderung	neg 1.0		neg 0.49250264192067683 off 0.4632357039102713 __DUMMY__ 0.04426165416905178	false	1.0
nach			neg 0.5036683949893701 off 0.45128018919535645 __DUMMY__ 0.045051415815273534	false	0.0
rost	neg 1.0		neg 0.4876948253542881 off 0.4682788525531652 __DUMMY__ 0.044026322092546796	false	1.0
destruktiv	neg 1.0		neg 0.5022251221285117 off 0.4534654865035963 __DUMMY__ 0.044309391367891936	false	1.0
unzumutbarkeit	neg 1.0		neg 0.4923096591211189 off 0.463310314322991 __DUMMY__ 0.044380026555890136	false	1.0
labil	off 1.0	off 1.0	off 0.715264871183336 neg 0.2634861843954868 __DUMMY__ 0.021248944421177023	false	1.0
ziemlich	neg 1.0		neg 0.4940992247580531 off 0.4615190941198009 __DUMMY__ 0.044381681122146084	false	1.0
lachnummer	off 1.0		neg 0.5023732273760325 off 0.4533270827936123 __DUMMY__ 0.04429968983035538	false	0.5
oder			neg 0.49858421340628356 off 0.45678294520186463 __DUMMY__ 0.04463284139185181	false	0.0
verfall	neg 1.0		neg 0.508000363367978 off 0.4473556045627824 __DUMMY__ 0.04464403206923941	false	1.0
ausgrenzung	neg 1.0		neg 0.49988332475120245 off 0.45598114889260416 __DUMMY__ 0.044135526356193396	false	1.0
unordnung	neg 1.0		neg 0.4926964005872584 off 0.46332883625849874 __DUMMY__ 0.04397476315424285	false	1.0
fehlverhalten	neg 1.0		neg 0.5050488750794908 off 0.45055844521367155 __DUMMY__ 0.04439267970683771	false	1.0
eine			neg 0.5039606048391133 off 0.451302925415075 __DUMMY__ 0.044736469745811705	false	0.0
nille	neg 1.0		neg 0.5013433875322734 off 0.45440495954712745 __DUMMY__ 0.044251652920599176	false	1.0
qual	neg 1.0		neg 0.49907501764828577 off 0.45637148203416744 __DUMMY__ 0.04455350031754694	false	1.0
verschwenden	neg 1.0		neg 0.5029876293579203 off 0.4524192322989322 __DUMMY__ 0.0445931383431474	false	1.0
riesig	neg 1.0		neg 0.49870403444926675 off 0.456632503293599 __DUMMY__ 0.04466346225713423	false	1.0
verurteilen	neg 1.0		neg 0.5032019902435857 off 0.45244412783828925 __DUMMY__ 0.044353881918124956	false	1.0
klischee	neg 1.0	neg 1.0	neg 0.7352672679874933 off 0.24348908900490077 __DUMMY__ 0.021243643007605856	false	1.0
diktatorisch	neg 1.0		neg 0.5018924860379699 off 0.4540912023751287 __DUMMY__ 0.04401631158690158	false	1.0
vorhersehbar	neg 1.0		neg 0.4992360453974378 off 0.45650670319663883 __DUMMY__ 0.044257251405923376	false	1.0
sowie			neg 0.490574386551824 off 0.46547335078382995 __DUMMY__ 0.043952262664345945	false	0.0
stornieren	neg 1.0		neg 0.4947438152250352 off 0.4606070242302307 __DUMMY__ 0.04464916054473412	false	1.0
besteuerung	neg 1.0		neg 0.4985205762675104 off 0.45709603681932603 __DUMMY__ 0.044383386913163424	false	1.0
ungeschminkt	neg 1.0		neg 0.4933512666688858 off 0.46229831531392346 __DUMMY__ 0.04435041801719076	false	1.0
kritisch	neg 1.0		neg 0.5045164693315111 off 0.4510775974486882 __DUMMY__ 0.04440593321980078	false	1.0
schlamperei	off 1.0		neg 0.5045792579034981 off 0.4511047237229939 __DUMMY__ 0.044316018373507876	false	0.5
sucht	neg 1.0	neg 1.0	neg 0.7326374697757804 off 0.245801849605809 __DUMMY__ 0.021560680618410717	false	1.0
egoistisch	off 1.0		neg 0.48986540042421967 off 0.465988799613112 __DUMMY__ 0.04414579996266827	false	0.5
ausbeuter	off 1.0		neg 0.5054669438850062 off 0.4501519850848775 __DUMMY__ 0.04438107103011617	false	0.5
arschgeburt	off 1.0		neg 0.4846962110548043 off 0.47171677194806705 __DUMMY__ 0.04358701699712878	false	0.5
schubs	neg 1.0	neg 1.0	neg 0.7360674073003578 off 0.24237743168098966 __DUMMY__ 0.02155516101865258	false	1.0
unsolide	neg 1.0		neg 0.5012082500011941 off 0.4551206502812761 __DUMMY__ 0.043671099717529735	false	1.0
beschwerde	neg 1.0		neg 0.5036442947897833 off 0.45203934185013195 __DUMMY__ 0.0443163633600849	false	1.0
stocken	neg 1.0		neg 0.5019253596104409 off 0.453510702649458 __DUMMY__ 0.04456393774010122	false	1.0
isolieren	neg 1.0		neg 0.49841122595828596 off 0.45689468071284517 __DUMMY__ 0.04469409332886896	false	1.0
unheilbar	neg 1.0		neg 0.49812538856569966 off 0.45732682931105983 __DUMMY__ 0.04454778212324038	false	1.0
pisser	off 1.0		neg 0.4927253485798997 off 0.463212332609842 __DUMMY__ 0.044062318810258155	false	0.5
löschen	neg 1.0		neg 0.4987128494531384 off 0.4568688686877191 __DUMMY__ 0.04441828185914248	false	1.0
durchfallen	neg 1.0		neg 0.503586836716605 off 0.45192924931564427 __DUMMY__ 0.044483913967750865	false	1.0
wichser	off 1.0		neg 0.48623445765264517 off 0.4698253999225789 __DUMMY__ 0.04394014242477585	false	0.5
terror	neg 1.0		neg 0.4948515340234639 off 0.4606402790462243 __DUMMY__ 0.044508186930311854	false	1.0
krass	neg 1.0		neg 0.4911903756347854 off 0.4645602099237023 __DUMMY__ 0.04424941444151236	false	1.0
revolte	neg 1.0	neg 1.0	neg 0.7363474273992623 off 0.24255976544745528 __DUMMY__ 0.02109280715328239	false	1.0
besorgt	neg 1.0		neg 0.4990619594256528 off 0.45615659311833046 __DUMMY__ 0.04478144745601673	false	1.0
nachlassen	neg 1.0		neg 0.4995730248251178 off 0.4556888256473109 __DUMMY__ 0.04473814952757128	false	1.0
alt	neg 1.0		neg 0.5019328451493138 off 0.45334074157601545 __DUMMY__ 0.044726413274670765	false	1.0
hundesohn	off 1.0		neg 0.4887420289924676 off 0.4675049967143869 __DUMMY__ 0.04375297429314541	false	0.5
als			neg 0.5012732563739731 off 0.4540941586771646 __DUMMY__ 0.044632584948862124	false	0.0
abschreckung	neg 1.0		neg 0.505822004413088 off 0.44970850445986943 __DUMMY__ 0.044469491127042605	false	1.0
unqualifiziert	neg 1.0		neg 0.4989508709332541 off 0.45680060779422255 __DUMMY__ 0.04424852127252348	false	1.0
abgewichst	off 1.0		neg 0.5006552584639433 off 0.45488885766707315 __DUMMY__ 0.04445588386898334	false	0.5
schwer	neg 1.0		neg 0.49961818066818126 off 0.45580555752130253 __DUMMY__ 0.04457626181051631	false	1.0
bedeutungslosigkeit	neg 1.0		neg 0.5056058902657493 off 0.4499797186670854 __DUMMY__ 0.044414391067165236	false	1.0
kapitulation	neg 1.0		neg 0.5053122782463368 off 0.4505370386672706 __DUMMY__ 0.04415068308639251	false	1.0
unscharf	neg 1.0		neg 0.49605370305003965 off 0.45948713337557007 __DUMMY__ 0.04445916357439026	false	1.0
schwinden	neg 1.0		neg 0.5027003857337364 off 0.45263459442867643 __DUMMY__ 0.04466501983758721	false	1.0
versklavung	neg 1.0		neg 0.5011951952073123 off 0.4546955717888092 __DUMMY__ 0.044109233003878534	false	1.0
schlecht	neg 1.0		neg 0.4934638313347133 off 0.4621240203745492 __DUMMY__ 0.04441214829073754	false	1.0
verhasst	neg 1.0		neg 0.5009537199481688 off 0.45475089601775065 __DUMMY__ 0.04429538403408056	false	1.0
beschweren	neg 1.0		neg 0.4977283098936787 off 0.45776278890240224 __DUMMY__ 0.044508901203918996	false	1.0
scheiden	neg 1.0		neg 0.49990315163162297 off 0.45557649598045274 __DUMMY__ 0.0445203523879242	false	1.0
frustriert	neg 1.0		neg 0.5010081750466088 off 0.4544474542772779 __DUMMY__ 0.04454437067611323	false	1.0
schimmelig	neg 1.0		neg 0.5026712922887264 off 0.452811036436759 __DUMMY__ 0.044517671274514524	false	1.0
fisch	neg 1.0		neg 0.5019927966430431 off 0.4534575160572824 __DUMMY__ 0.04454968729967471	false	1.0
schmuggel	neg 1.0		neg 0.5022216945067519 off 0.45299588444468825 __DUMMY__ 0.04478242104855984	false	1.0
auffallen	neg 1.0		neg 0.49763840123313896 off 0.45790864971730283 __DUMMY__ 0.04445294904955811	false	1.0
konkurrenz	neg 1.0		neg 0.5049789930464531 off 0.4504018421366683 __DUMMY__ 0.04461916481687852	false	1.0
teufelskreis	neg 1.0		neg 0.5011406082864515 off 0.45437536268129153 __DUMMY__ 0.044484029032256914	false	1.0
aufschreien	neg 1.0		neg 0.4988226901286539 off 0.45686175094589304 __DUMMY__ 0.04431555892545322	false	1.0
schuldner	neg 1.0		neg 0.5044275232001088 off 0.4511762839040401 __DUMMY__ 0.044396192895851325	false	1.0
missgeburt	off 1.0	off 1.0	off 0.7175607284615011 neg 0.2613691326001659 __DUMMY__ 0.02107013893833308	false	1.0
arbeitslos	neg 1.0		neg 0.5031000082994616 off 0.45248890200031916 __DUMMY__ 0.044411089700219224	false	1.0
befallen	neg 1.0		neg 0.5029120546824171 off 0.45275898679580606 __DUMMY__ 0.04432895852177695	false	1.0
miesepetrig	off 1.0		neg 0.4923550742535137 off 0.46309374667138303 __DUMMY__ 0.044551179075103274	false	0.5
alarmieren	neg 1.0		neg 0.4962278144489268 off 0.4595942438390235 __DUMMY__ 0.044177941712049695	false	1.0
ungeduscht	off 1.0		neg 0.49601139977261344 off 0.4595300486082619 __DUMMY__ 0.04445855161912475	false	0.5
knappheit	neg 1.0		neg 0.5023979933329713 off 0.4531868309619095 __DUMMY__ 0.04441517570511918	false	1.0
schlange	neg 1.0		neg 0.496733505100105 off 0.4586282991383772 __DUMMY__ 0.04463819576151782	false	1.0
harsch	neg 1.0		neg 0.4867253205463983 off 0.4689339180640605 __DUMMY__ 0.04434076138954121	false	1.0
lang	neg 1.0		neg 0.49779186869133074 off 0.45770085206061006 __DUMMY__ 0.04450727924805932	false	1.0
ziellos	neg 1.0		neg 0.5019502802696039 off 0.4534431951884953 __DUMMY__ 0.04460652454190094	false	1.0
selbstverliebt	neg 1.0		neg 0.4871669247650575 off 0.4691573307065283 __DUMMY__ 0.04367574452841418	false	1.0
beseitigen	neg 1.0		neg 0.49791690964787966 off 0.45754614437120467 __DUMMY__ 0.0445369459809157	false	1.0
dumm	off 1.0		neg 0.48965601868757763 off 0.46627415985562004 __DUMMY__ 0.04406982145680225	false	0.5
arbeitsloser	neg 1.0		neg 0.503909443765985 off 0.45166084550820385 __DUMMY__ 0.04442971072581111	false	1.0
blitzen	neg 1.0		neg 0.49575197312399943 off 0.4598521104310839 __DUMMY__ 0.044395916444916576	false	1.0
hilflos	neg 1.0		neg 0.5011793929607126 off 0.4542492208656414 __DUMMY__ 0.044571386173646164	false	1.0
eklig	off 1.0		neg 0.4892535110567817 off 0.46676030865750556 __DUMMY__ 0.043986180285712606	false	0.5
begriff			neg 0.5015099113394247 off 0.45401430347796334 __DUMMY__ 0.04447578518261206	false	0.0
hungersnot	neg 1.0		neg 0.5025234617325728 off 0.45333615308264474 __DUMMY__ 0.04414038518478242	false	1.0
ungesetzlich	neg 1.0		neg 0.5008531680141529 off 0.4551631570744975 __DUMMY__ 0.043983674911349475	false	1.0
verschwendung	neg 1.0		neg 0.5039987421110215 off 0.45140229500407697 __DUMMY__ 0.044598962884901575	false	1.0
schmerzvoll	neg 1.0		neg 0.49758707253707035 off 0.45789013616153035 __DUMMY__ 0.0445227913013993	false	1.0
vorzeitig	neg 1.0		neg 0.4945793965622039 off 0.46111509912544324 __DUMMY__ 0.04430550431235298	false	1.0
unvollkommenheit	neg 1.0		neg 0.4988028981666889 off 0.45667877951021524 __DUMMY__ 0.044518322323095966	false	1.0
intervenieren	neg 1.0		neg 0.5053168088130785 off 0.45034254675989654 __DUMMY__ 0.04434064442702493	false	1.0
banause	off 1.0		neg 0.4876358209481512 off 0.4684054071162858 __DUMMY__ 0.04395877193556299	false	0.5
rebell	neg 1.0		neg 0.5038579489020779 off 0.4514484931557262 __DUMMY__ 0.04469355794219597	false	1.0
unlogisch	neg 1.0		neg 0.49331088962209263 off 0.46255089619057127 __DUMMY__ 0.044138214187336	false	1.0
leiden	neg 1.0	neg 1.0	neg 0.7352017029288418 off 0.24296757449199136 __DUMMY__ 0.021830722579166864	false	1.0
abschaffung	neg 1.0		neg 0.5004944293286209 off 0.45527918993038125 __DUMMY__ 0.04422638074099785	false	1.0
sturz	neg 1.0		neg 0.4994538171745902 off 0.4562952503488829 __DUMMY__ 0.044250932476526846	false	1.0
verkleinerung	neg 1.0		neg 0.49893691953869046 off 0.45706803839170873 __DUMMY__ 0.043995042069600844	false	1.0
schmarotzer	off 1.0		neg 0.504219295248043 off 0.4514446134213985 __DUMMY__ 0.044336091330558394	false	0.5
bestrafung	neg 1.0		neg 0.49862198875166003 off 0.4569399697091175 __DUMMY__ 0.04443804153922234	false	1.0
achtlos	neg 1.0		neg 0.4991441041483787 off 0.4562275944853177 __DUMMY__ 0.04462830136630354	false	1.0
ungeheuer	neg 1.0		neg 0.4972742173627909 off 0.45829372792474465 __DUMMY__ 0.04443205471246444	false	1.0
unaufrichtig	neg 1.0		neg 0.49799166693066377 off 0.45779554615996937 __DUMMY__ 0.044212786909366864	false	1.0
groggy	neg 1.0		neg 0.49651044123662375 off 0.4591443210127476 __DUMMY__ 0.04434523775062872	false	1.0
