unsolidarisch	neg 1.0		__DUMMY__ 0.9339428890449764 neg 0.03596850383535497 off 0.030088607119668643	false	1.0
nachteilig	neg 1.0		__DUMMY__ 0.9396595062138856 neg 0.03307708029088606 off 0.02726341349522834	false	1.0
skeptisch	neg 1.0		__DUMMY__ 0.94136583839581 neg 0.03330199068929428 off 0.025332170914895723	false	1.0
schrecklich	neg 1.0		__DUMMY__ 0.9367918203191995 off 0.03437811778935971 neg 0.028830061891440845	false	0.5
schlapp	neg 1.0		__DUMMY__ 0.9408735316523443 off 0.031019368749609418 neg 0.028107099598046328	false	0.5
abfall	neg 1.0		__DUMMY__ 0.9423427505215092 neg 0.033423503775092525 off 0.024233745703398306	false	1.0
widerspenstig	neg 1.0		__DUMMY__ 0.9426364455829339 neg 0.029263413929491215 off 0.028100140487574907	false	1.0
abrupt	neg 1.0		__DUMMY__ 0.9442048696575125 neg 0.02850566944757639 off 0.02728946089491119	false	1.0
unwirksam	neg 1.0		__DUMMY__ 0.9345453735498724 neg 0.03587512622294216 off 0.029579500227185394	false	1.0
angreifen	neg 1.0		__DUMMY__ 0.9397764743155811 neg 0.03369706138082476 off 0.026526464303594243	false	1.0
inkonsistent	neg 1.0		__DUMMY__ 0.9391962991263874 neg 0.030663143959489422 off 0.030140556914123203	false	1.0
abrutschen	neg 1.0		__DUMMY__ 0.9428448231587828 neg 0.03290090656586821 off 0.024254270275349023	false	1.0
unsicher	neg 1.0		__DUMMY__ 0.9404191399570294 neg 0.03090886336104376 off 0.028671996681926798	false	1.0
bauernkind	off 1.0		__DUMMY__ 0.933151091221331 off 0.036599096920211655 neg 0.030249811858457296	false	1.0
angreifer	neg 1.0		__DUMMY__ 0.9369503247184708 neg 0.03179273408866638 off 0.031256941192862694	false	1.0
trennen	neg 1.0		__DUMMY__ 0.943996162156329 neg 0.03056398008965161 off 0.02543985775401938	false	1.0
schmutz	neg 1.0		__DUMMY__ 0.9432446946731251 off 0.03172081467757794 neg 0.025034490649296866	false	0.5
inkonsistenz	neg 1.0	neg 1.0	neg 0.49914336523527925 __DUMMY__ 0.47253625026614 off 0.028320384498580757	false	1.0
erschreckend	neg 1.0		__DUMMY__ 0.9393198375999587 neg 0.032579945391390225 off 0.02810021700865096	false	1.0
ertrinken	neg 1.0		__DUMMY__ 0.9427558378082325 neg 0.030797826919210246 off 0.0264463352725573	false	1.0
pickelface	off 1.0		__DUMMY__ 0.9378897284614475 neg 0.032553893782616417 off 0.029556377755936187	false	0.5
seiner			__DUMMY__ 0.9407596630737491 neg 0.03307838946928222 off 0.02616194745696867	false	0.0
lauch	neg 1.0		__DUMMY__ 0.9423891567982231 neg 0.03275933045729646 off 0.02485151274448049	false	1.0
unwichtig	neg 1.0		__DUMMY__ 0.9382124628866274 off 0.0317367984626362 neg 0.030050738650736413	false	0.5
steuerhinterziehung	neg 1.0		__DUMMY__ 0.9361799049567184 neg 0.03492815743022477 off 0.02889193761305676	false	1.0
schock	neg 1.0		__DUMMY__ 0.9435581062995213 neg 0.029168197069737875 off 0.02727369663074073	false	1.0
beule	neg 1.0		__DUMMY__ 0.9401171980668734 off 0.03181003313940087 neg 0.028072768793725625	false	0.5
vergelten	neg 1.0		__DUMMY__ 0.9350412363101158 off 0.03580499269886575 neg 0.029153770991018384	false	0.5
verdorbenheit	neg 1.0		__DUMMY__ 0.9412393810664021 neg 0.02972150356070619 off 0.029039115372891656	false	1.0
trauma	neg 1.0		__DUMMY__ 0.9392236609753231 neg 0.030820355981506575 off 0.02995598304317038	false	1.0
sinnlos	neg 1.0		__DUMMY__ 0.9392145834894836 neg 0.03060711964700096 off 0.030178296863515454	false	1.0
fettsack	off 1.0	off 1.0	off 0.5026036336933365 __DUMMY__ 0.4702643696463941 neg 0.02713199666026941	false	1.0
feige	off 1.0		__DUMMY__ 0.9368497158178208 off 0.03164077301836833 neg 0.03150951116381086	false	1.0
abdanken	neg 1.0		__DUMMY__ 0.9341273666677654 neg 0.0365452804818887 off 0.02932735285034594	false	1.0
wichtigtuer	off 1.0	off 1.0	off 0.497501190887778 __DUMMY__ 0.4726438902797115 neg 0.029854918832510423	false	1.0
misslingen	neg 1.0		__DUMMY__ 0.9434939664151203 off 0.029708944474810588 neg 0.026797089110069148	false	0.5
untreu	off 1.0		__DUMMY__ 0.9380601776411418 off 0.03218001358521416 neg 0.029759808773643984	false	1.0
missmutig	neg 1.0		__DUMMY__ 0.940520719837182 off 0.030960404846339332 neg 0.028518875316478634	false	0.5
hurenbock	off 1.0		__DUMMY__ 0.9432510190745286 off 0.028998812861069846 neg 0.027750168064401545	false	1.0
betrunken	neg 1.0		__DUMMY__ 0.9391708602298916 off 0.032725449562933565 neg 0.02810369020717492	false	0.5
korrupt	off 1.0		__DUMMY__ 0.9361795799440271 neg 0.03566638999699948 off 0.028154030058973364	false	0.5
unmut	neg 1.0		__DUMMY__ 0.9410278280585419 neg 0.034032661445851924 off 0.02493951049560615	false	1.0
hackfresse	off 1.0		__DUMMY__ 0.9354710101601909 off 0.03660008570276351 neg 0.02792890413704565	false	1.0
aufblasen	neg 1.0		__DUMMY__ 0.9415449465431276 off 0.029278045391428267 neg 0.029177008065444154	false	0.5
gewaltsam	neg 1.0		__DUMMY__ 0.9371562577372965 neg 0.032944576103864934 off 0.02989916615883857	false	1.0
unbeliebtheit	neg 1.0		__DUMMY__ 0.9328192520176438 off 0.03399116397463105 neg 0.033189584007725155	false	0.5
sturheit	neg 1.0		__DUMMY__ 0.9384970424500296 neg 0.03302399252859248 off 0.028478965021377884	false	1.0
kuh	neg 1.0		__DUMMY__ 0.9388545859760016 neg 0.031773864919082496 off 0.02937154910491592	false	1.0
erschrecken	neg 1.0		__DUMMY__ 0.9395979810936553 off 0.030858458300664374 neg 0.02954356060568036	false	0.5
opfer	neg 1.0		__DUMMY__ 0.9406303040970804 neg 0.032719502317831335 off 0.026650193585088248	false	1.0
sinken	neg 1.0		__DUMMY__ 0.9411674747455236 neg 0.033662963681178985 off 0.02516956157329732	false	1.0
stinktier	neg 1.0		__DUMMY__ 0.9353068352025523 off 0.034578276159205765 neg 0.030114888638241986	false	0.5
tucke	off 1.0		__DUMMY__ 0.9370961940249022 off 0.03654584565822189 neg 0.02635796031687588	false	1.0
ein			__DUMMY__ 0.9427389443492092 neg 0.028713114861299543 off 0.02854794078949126	false	0.0
abstieg	neg 1.0		__DUMMY__ 0.9384507345014829 neg 0.03347752785294258 off 0.028071737645574503	false	1.0
missverstehen	neg 1.0		__DUMMY__ 0.9371242870069144 neg 0.032583405504486636 off 0.030292307488598992	false	1.0
ergebnislos	neg 1.0		__DUMMY__ 0.9391335493458328 neg 0.03320421252853134 off 0.02766223812563585	false	1.0
unter			__DUMMY__ 0.9470557559541081 neg 0.031512390224684675 off 0.021431853821207242	false	0.0
manipulieren	neg 1.0		__DUMMY__ 0.9413662594610256 neg 0.03226649602895526 off 0.0263672445100192	false	1.0
unbewiesen	neg 1.0		__DUMMY__ 0.933804699154327 neg 0.03621391038326488 off 0.02998139046240815	false	1.0
verschleppen	neg 1.0		__DUMMY__ 0.9398594703047425 neg 0.0325763359745984 off 0.02756419372065908	false	1.0
weib	off 1.0		__DUMMY__ 0.9348982664419672 off 0.03745548188859721 neg 0.02764625166943565	false	1.0
opposition	neg 1.0		__DUMMY__ 0.9359556960531621 neg 0.03383169456217863 off 0.030212609384659306	false	1.0
verkehrswidrig	neg 1.0		__DUMMY__ 0.9394435624694867 off 0.03499289122834953 neg 0.025563546302163707	false	0.5
inkorrekt	neg 1.0		__DUMMY__ 0.9341941090710479 off 0.03292132341323283 neg 0.03288456751571931	false	0.5
vermeiden	neg 1.0		__DUMMY__ 0.9452753958241441 neg 0.03163026344145938 off 0.023094340734396507	false	1.0
abweichung	neg 1.0		__DUMMY__ 0.936236030403207 neg 0.03590427834733976 off 0.02785969124945325	false	1.0
alkoholisiert	neg 1.0		__DUMMY__ 0.9444018341127002 neg 0.028879698803115583 off 0.02671846708418432	false	1.0
scheiss	off 1.0	off 1.0	off 0.49938746215852214 __DUMMY__ 0.474290134647354 neg 0.026322403194123864	false	1.0
herausforderung	neg 1.0		__DUMMY__ 0.9444327309709091 neg 0.028664755800679797 off 0.02690251322841107	false	1.0
pervers	off 1.0		__DUMMY__ 0.933348413691436 off 0.03931677619481132 neg 0.02733481011375263	false	1.0
wackelig	neg 1.0		__DUMMY__ 0.9447639222129015 neg 0.02865947326102856 off 0.026576604526069875	false	1.0
verwickeln	neg 1.0		__DUMMY__ 0.9380824458271169 neg 0.031833019606551174 off 0.030084534566331908	false	1.0
vorwand	neg 1.0		__DUMMY__ 0.9399893623293024 neg 0.03452514033671384 off 0.025485497333983708	false	1.0
muschi	off 1.0		__DUMMY__ 0.9377866707220063 neg 0.032892123206507 off 0.029321206071486736	false	0.5
entmutigung	neg 1.0		__DUMMY__ 0.9328736179424818 neg 0.035556460310000176 off 0.03156992174751804	false	1.0
unangemessen	neg 1.0		__DUMMY__ 0.9375211969846866 neg 0.03480357611562812 off 0.027675226899685317	false	1.0
unstetig	neg 1.0		__DUMMY__ 0.938499492491932 off 0.031187181775925922 neg 0.030313325732142102	false	0.5
entmutigen	neg 1.0		__DUMMY__ 0.9409585476941954 neg 0.029635776593440813 off 0.02940567571236389	false	1.0
schwanz	neg 1.0		__DUMMY__ 0.9399889164832613 neg 0.03254723301339554 off 0.027463850503343164	false	1.0
verbot	neg 1.0		__DUMMY__ 0.936266350641725 neg 0.03529427677209877 off 0.028439372586176175	false	1.0
leid	neg 1.0		__DUMMY__ 0.936345261958257 off 0.03535172677662055 neg 0.028303011265122545	false	0.5
archaisch	neg 1.0		__DUMMY__ 0.9385898122123185 neg 0.03352798980088284 off 0.027882197986798547	false	1.0
gegen			__DUMMY__ 0.9385157047446487 neg 0.03548304928468489 off 0.026001245970666335	false	0.0
scheidung	neg 1.0	neg 1.0	neg 0.48848125747392684 __DUMMY__ 0.470823133207615 off 0.04069560931845819	false	1.0
einschlag	neg 1.0		__DUMMY__ 0.9348271195752086 off 0.03513300688894714 neg 0.03003987353584429	false	0.5
m			__DUMMY__ 0.9417806206451939 neg 0.03049130747113201 off 0.02772807188367406	false	0.0
abgestanden	neg 1.0		__DUMMY__ 0.9427214385810024 neg 0.029396900939954285 off 0.027881660479043297	false	1.0
schmierig	off 1.0		__DUMMY__ 0.9376935084945107 off 0.034555718838318476 neg 0.027750772667170825	false	1.0
unpraktisch	neg 1.0		__DUMMY__ 0.9420306437395066 off 0.029037525707355783 neg 0.028931830553137663	false	0.5
wixxer	off 1.0		__DUMMY__ 0.9325273430127456 off 0.03952784493238433 neg 0.02794481205487005	false	1.0
bezeichnet			__DUMMY__ 0.9378961183127953 neg 0.03350481513659084 off 0.028599066550613884	false	0.0
jammerlappen	off 1.0		__DUMMY__ 0.9382559488196035 off 0.03168041896523127 neg 0.030063632215165212	false	1.0
farce	neg 1.0		__DUMMY__ 0.9344358728678114 neg 0.03668287891278649 off 0.0288812482194022	false	1.0
zwecklos	neg 1.0		__DUMMY__ 0.9384747262268229 neg 0.03415854888604514 off 0.02736672488713193	false	1.0
turbulent	neg 1.0		__DUMMY__ 0.9365358685562001 off 0.0341428003076193 neg 0.02932133113618059	false	0.5
invasion	neg 1.0		__DUMMY__ 0.940124551459246 off 0.030756572200722396 neg 0.029118876340031515	false	0.5
schuld	neg 1.0		__DUMMY__ 0.9386996623007843 neg 0.03186811171375427 off 0.02943222598546144	false	1.0
risiko	neg 1.0		__DUMMY__ 0.9420221001625686 off 0.03080307146073188 neg 0.02717482837669956	false	0.5
finster	neg 1.0		__DUMMY__ 0.9421398742337103 neg 0.02965684417553751 off 0.02820328159075221	false	1.0
geisteskrank	off 1.0		__DUMMY__ 0.9351355510394563 off 0.03308899262252299 neg 0.031775456338020584	false	1.0
zusammenbrechen	neg 1.0		__DUMMY__ 0.9413803163513523 neg 0.030815268690212578 off 0.027804414958435004	false	1.0
ausbeute	neg 1.0		__DUMMY__ 0.9431662498106209 neg 0.03041707537316989 off 0.026416674816209237	false	1.0
hinterhalt	neg 1.0		__DUMMY__ 0.9402610814016477 neg 0.03034212587086339 off 0.029396792727488994	false	1.0
kritik	neg 1.0		__DUMMY__ 0.9357227821799304 neg 0.03546360261796395 off 0.02881361520210559	false	1.0
einschrumpfen	neg 1.0		__DUMMY__ 0.9357080340230308 neg 0.03258905520382646 off 0.0317029107731428	false	1.0
riskant	neg 1.0		__DUMMY__ 0.9406838700341089 neg 0.03289941257482571 off 0.02641671739106532	false	1.0
frustrieren	neg 1.0		__DUMMY__ 0.940348267936341 neg 0.03322500986650306 off 0.026426722197156	false	1.0
groll	neg 1.0		__DUMMY__ 0.9393054848612686 neg 0.03320460411515363 off 0.027489911023577753	false	1.0
gibt			__DUMMY__ 0.9401416424097995 neg 0.032160234491100156 off 0.02769812309910035	false	0.0
qualvoll	neg 1.0		__DUMMY__ 0.9407701151403622 off 0.030006019658597817 neg 0.029223865201039905	false	0.5
wackeln	neg 1.0		__DUMMY__ 0.9424650362180337 off 0.028856159512713305 neg 0.028678804269253056	false	0.5
klagen	neg 1.0		__DUMMY__ 0.9394685077291027 neg 0.035046319605410284 off 0.025485172665487003	false	1.0
bankrott	neg 1.0		__DUMMY__ 0.9394256306356656 off 0.03160682557741113 neg 0.028967543786923206	false	0.5
trauern	neg 1.0		__DUMMY__ 0.9411171253897664 neg 0.03237632358713969 off 0.02650655102309385	false	1.0
ablehnung	neg 1.0	neg 1.0	neg 0.5019774046610982 __DUMMY__ 0.4719252928311438 off 0.02609730250775792	false	1.0
stur	neg 1.0		__DUMMY__ 0.938894748851538 neg 0.031454004541407274 off 0.029651246607054635	false	1.0
aufruhr	neg 1.0		__DUMMY__ 0.9367552789495227 neg 0.03357173124656094 off 0.02967298980391636	false	1.0
melancholie	neg 1.0		__DUMMY__ 0.9439315977249885 neg 0.029415272659409696 off 0.026653129615601876	false	1.0
ist			__DUMMY__ 0.9389539553415542 neg 0.03132681543711505 off 0.02971922922133071	false	0.0
torheit	neg 1.0		__DUMMY__ 0.9348450493242021 neg 0.034872972050978 off 0.030281978624819964	false	1.0
dreckskind	off 1.0		__DUMMY__ 0.9326174616922522 off 0.036184296951544286 neg 0.031198241356203485	false	1.0
umtauschen	neg 1.0		__DUMMY__ 0.9421519997289635 neg 0.029974611196185434 off 0.02787338907485106	false	1.0
zum			__DUMMY__ 0.9461771909811348 neg 0.030595072750865596 off 0.02322773626799954	false	0.0
zersetzen	neg 1.0		__DUMMY__ 0.9403059746630518 neg 0.033761223697032605 off 0.025932801639915563	false	1.0
zur			__DUMMY__ 0.9415363162588894 neg 0.03474626993555541 off 0.023717413805555063	false	0.0
frust	neg 1.0		__DUMMY__ 0.94060946762763 neg 0.03165267204326646 off 0.027737860329103563	false	1.0
unerbittlichkeit	neg 1.0		__DUMMY__ 0.9401368586173757 neg 0.033282425119440205 off 0.026580716263184055	false	1.0
zwei			__DUMMY__ 0.944688642395141 neg 0.03085882455532774 off 0.024452533049531298	false	0.0
unkorrekt	neg 1.0		__DUMMY__ 0.9344855042426857 off 0.033174560366428144 neg 0.03233993539088611	false	0.5
hexe	off 1.0		__DUMMY__ 0.9392114550034101 off 0.03163445002034722 neg 0.029154094976242714	false	1.0
lasch	neg 1.0		__DUMMY__ 0.9372242106817634 neg 0.03167117033197151 off 0.031104618986265025	false	1.0
rivale	neg 1.0		__DUMMY__ 0.9356777331880741 off 0.03470512446345303 neg 0.029617142348472934	false	0.5
mutlos	off 1.0	off 1.0	off 0.4948245392143841 __DUMMY__ 0.47402004124177527 neg 0.031155419543840657	false	1.0
wirr	off 1.0		__DUMMY__ 0.9352683602231224 off 0.03405609426306494 neg 0.0306755455138127	false	1.0
jahr			__DUMMY__ 0.9436262549322627 neg 0.030440563223834892 off 0.025933181843902402	false	0.0
wird			__DUMMY__ 0.9405223485673688 neg 0.03277665601728734 off 0.026700995415343813	false	0.0
strafbar	neg 1.0		__DUMMY__ 0.9375550636961026 neg 0.03552171309825021 off 0.026923223205647155	false	1.0
erosion	neg 1.0		__DUMMY__ 0.941083240715729 off 0.029606984342215398 neg 0.029309774942055618	false	0.5
eingehen	neg 1.0		__DUMMY__ 0.9392032242781734 neg 0.03361928386771954 off 0.027177491854106988	false	1.0
faul	off 1.0		__DUMMY__ 0.9408595727078896 off 0.030949374771940628 neg 0.028191052520169783	false	1.0
provisorium	neg 1.0		__DUMMY__ 0.9461145936996309 neg 0.03281564512328392 off 0.021069761177085127	false	1.0
schmerzen	neg 1.0		__DUMMY__ 0.9420170314992141 neg 0.030599488960654925 off 0.027383479540130918	false	1.0
schrumpfen	neg 1.0		__DUMMY__ 0.9430911648291059 neg 0.033488484478524636 off 0.023420350692369384	false	1.0
geistlos	off 1.0		__DUMMY__ 0.9342751659629864 neg 0.03437227072426265 off 0.03135256331275093	false	0.5
fehlkauf	neg 1.0		__DUMMY__ 0.9378572326249748 neg 0.03133595843396152 off 0.030806808941063687	false	1.0
frustrierend	neg 1.0		__DUMMY__ 0.9391194580632449 off 0.030935268856607936 neg 0.029945273080147137	false	0.5
unzufrieden	neg 1.0		__DUMMY__ 0.9395765202057932 neg 0.03307824232142493 off 0.027345237472781787	false	1.0
verzweifeln	neg 1.0		__DUMMY__ 0.9406878387776515 neg 0.03098154079187006 off 0.028330620430478525	false	1.0
verzweifelt	neg 1.0		__DUMMY__ 0.9389676895712344 neg 0.03149092025383974 off 0.029541390174925825	false	1.0
misstrauensantrag	neg 1.0		__DUMMY__ 0.9361656013487681 neg 0.03316179744700865 off 0.03067260120422321	false	1.0
abfallen	neg 1.0		__DUMMY__ 0.9437232558636353 off 0.028678171073242872 neg 0.02759857306312191	false	0.5
fucker	off 1.0		__DUMMY__ 0.9357438319411021 off 0.03416460591417447 neg 0.03009156214472343	false	1.0
ungezogen	neg 1.0		__DUMMY__ 0.935499055068523 off 0.03751066511769431 neg 0.02699027981378262	false	0.5
irrsinnig	neg 1.0	neg 1.0	neg 0.4998058910615744 __DUMMY__ 0.4734864426422835 off 0.026707666296142008	false	1.0
unfassbar	neg 1.0		__DUMMY__ 0.9384099465774892 off 0.031957686138775684 neg 0.02963236728373507	false	0.5
hart	neg 1.0		__DUMMY__ 0.9377153926205308 off 0.031850019672324745 neg 0.03043458770714447	false	0.5
widerlich	off 1.0		__DUMMY__ 0.9366357817026364 off 0.032644823231593983 neg 0.030719395065769543	false	1.0
fatal	neg 1.0		__DUMMY__ 0.9381641049426189 neg 0.031067863429819088 off 0.03076803162756204	false	1.0
bruch	neg 1.0		__DUMMY__ 0.9384621051601533 neg 0.03622817158153878 off 0.02530972325830795	false	1.0
aushungern	neg 1.0		__DUMMY__ 0.9363812275255662 neg 0.03383823081552087 off 0.029780541658912956	false	1.0
anspannung	neg 1.0		__DUMMY__ 0.9445382711253123 neg 0.03126516364868601 off 0.02419656522600163	false	1.0
von			__DUMMY__ 0.9426988738071597 neg 0.0319522824963407 off 0.025348843696499656	false	0.0
kraftlos	neg 1.0		__DUMMY__ 0.9441807319315485 neg 0.029216763899310983 off 0.02660250416914053	false	1.0
vom			__DUMMY__ 0.945786479480937 neg 0.03252020603493265 off 0.02169331448413033	false	0.0
grenzdebil	off 1.0		__DUMMY__ 0.9385626184862402 off 0.03258162612027492 neg 0.028855755393484846	false	1.0
vor			__DUMMY__ 0.9426778532995663 neg 0.03238285514059703 off 0.024939291559836665	false	0.0
unterwerfen	neg 1.0		__DUMMY__ 0.9397846929023382 neg 0.03330033466042538 off 0.026914972437236367	false	1.0
versenkung	neg 1.0		__DUMMY__ 0.9400740465330367 neg 0.03332151590874859 off 0.026604437558214667	false	1.0
entziehen	neg 1.0		__DUMMY__ 0.9403432465637062 neg 0.03452617855568506 off 0.025130574880608728	false	1.0
finanzkrise	neg 1.0		__DUMMY__ 0.9363387048686181 neg 0.034531182354491395 off 0.02913011277689041	false	1.0
schimpfend	neg 1.0		__DUMMY__ 0.9447414125481925 off 0.028979481140396134 neg 0.02627910631141135	false	0.5
profan	neg 1.0		__DUMMY__ 0.9393301734726108 neg 0.030628453709409576 off 0.030041372817979584	false	1.0
korruption	neg 1.0		__DUMMY__ 0.9363933075228624 neg 0.03551077137420523 off 0.028095921102932325	false	1.0
â			__DUMMY__ 0.941491805058197 neg 0.03137511544918186 off 0.02713307949262119	false	0.0
schmutzig	neg 1.0		__DUMMY__ 0.9408131794981278 off 0.03206284473760034 neg 0.02712397576427184	false	0.5
sexy	neg 1.0		__DUMMY__ 0.9388126844496406 off 0.031508908341031094 neg 0.02967840720932822	false	0.5
abraten	neg 1.0		__DUMMY__ 0.9402742859673823 neg 0.03040575254697837 off 0.029319961485639368	false	1.0
schwarz	neg 1.0		__DUMMY__ 0.9384729668292969 neg 0.031403610530965444 off 0.03012342263973758	false	1.0
fotze	off 1.0		__DUMMY__ 0.9386025478008241 neg 0.03336463248795087 off 0.02803281971122515	false	0.5
verwirren	neg 1.0		__DUMMY__ 0.9388403174889716 off 0.030658752185578706 neg 0.030500930325449697	false	0.5
zahnlos	off 1.0		__DUMMY__ 0.9379184969921526 neg 0.03443202578086358 off 0.027649477226983864	false	0.5
verheeren	neg 1.0		__DUMMY__ 0.9329556963074002 off 0.039415295992151766 neg 0.027629007700448016	false	0.5
hippie	neg 1.0		__DUMMY__ 0.938491458134332 off 0.0314512105980871 neg 0.030057331267580853	false	0.5
rammen	neg 1.0		__DUMMY__ 0.9393790693785583 neg 0.03043677589408597 off 0.030184154727355788	false	1.0
unlauter	neg 1.0	neg 1.0	neg 0.5000763394975833 __DUMMY__ 0.4719938299641599 off 0.027929830538256782	false	1.0
unheilvoll	neg 1.0		__DUMMY__ 0.9407419561643872 neg 0.029662489027814862 off 0.029595554807797943	false	1.0
niedrig	neg 1.0		__DUMMY__ 0.9393538274275398 neg 0.033678345982324914 off 0.026967826590135344	false	1.0
explosion	neg 1.0		__DUMMY__ 0.9396729595894686 off 0.030926255956339573 neg 0.029400784454191822	false	0.5
weichei	off 1.0		__DUMMY__ 0.9354893130836631 off 0.03578702520189861 neg 0.028723661714438298	false	1.0
minusmensch	off 1.0		__DUMMY__ 0.930053338691779 off 0.039496026125076536 neg 0.030450635183144524	false	1.0
farblos	neg 1.0		__DUMMY__ 0.9405281891045143 neg 0.030474241613097194 off 0.028997569282388527	false	1.0
unwissend	neg 1.0		__DUMMY__ 0.9371419750175862 off 0.03203742509227968 neg 0.03082059989013402	false	0.5
traurig	neg 1.0		__DUMMY__ 0.9385325948096531 off 0.03365151657878342 neg 0.027815888611563467	false	0.5
senkung	neg 1.0		__DUMMY__ 0.9385004024656682 off 0.030817501549672447 neg 0.03068209598465929	false	0.5
ungleich	neg 1.0	neg 1.0	neg 0.5014704460666352 __DUMMY__ 0.4741811553727832 off 0.024348398560581613	false	1.0
heikel	neg 1.0		__DUMMY__ 0.9402477488225625 neg 0.033940070388321954 off 0.025812180789115572	false	1.0
drosselung	neg 1.0		__DUMMY__ 0.9386744611192734 off 0.033690172388914266 neg 0.02763536649181237	false	0.5
falsch	neg 1.0		__DUMMY__ 0.9384082463605862 off 0.031251844682484056 neg 0.03033990895692978	false	0.5
unzufriedenheit	neg 1.0		__DUMMY__ 0.9403758970832329 neg 0.033774800411021676 off 0.025849302505745467	false	1.0
kurz	neg 1.0		__DUMMY__ 0.9429684249945666 neg 0.029752426364320295 off 0.02727914864111319	false	1.0
unsinnig	neg 1.0		__DUMMY__ 0.9389251221916739 neg 0.033471443997113055 off 0.02760343381121314	false	1.0
penner	off 1.0	off 1.0	off 0.5037369367796168 __DUMMY__ 0.4712189733421453 neg 0.025044089878237766	false	1.0
seicht	neg 1.0		__DUMMY__ 0.9328986330516124 off 0.037860018622192626 neg 0.02924134832619509	false	0.5
dummheit	off 1.0	off 1.0	off 0.49793181572892886 __DUMMY__ 0.47280938468518147 neg 0.029258799585889637	false	1.0
unerfreulich	neg 1.0		__DUMMY__ 0.9413938046589934 neg 0.03331047224148208 off 0.025295723099524534	false	1.0
motherfucker	off 1.0	off 1.0	off 0.5011867815765915 __DUMMY__ 0.4716371330029311 neg 0.027176085420477333	false	1.0
pikiert	neg 1.0		__DUMMY__ 0.937371237008675 off 0.03178672059758799 neg 0.03084204239373713	false	0.5
wrack	neg 1.0		__DUMMY__ 0.9408158471564655 neg 0.032165904458128954 off 0.027018248385405563	false	1.0
gangster	neg 1.0		__DUMMY__ 0.9387460054099223 off 0.030838106763766613 neg 0.030415887826311175	false	0.5
krank	neg 1.0		__DUMMY__ 0.9400999309179646 off 0.03220786318428772 neg 0.027692205897747645	false	0.5
reich	neg 1.0		__DUMMY__ 0.9332037325823975 neg 0.0339940866709169 off 0.03280218074668554	false	1.0
gnadenlos	neg 1.0		__DUMMY__ 0.9387172576664098 neg 0.03176031050150036 off 0.029522431832089874	false	1.0
niedergeschlagen	neg 1.0		__DUMMY__ 0.9414239410135281 neg 0.030914481370177528 off 0.02766157761629433	false	1.0
terrorisieren	off 1.0	off 1.0	off 0.4943859955788114 __DUMMY__ 0.4758283859735209 neg 0.02978561844766772	false	1.0
sinnlosigkeit	neg 1.0		__DUMMY__ 0.9387386329034522 neg 0.03366022321176802 off 0.02760114388477978	false	1.0
behindern	neg 1.0		__DUMMY__ 0.9414092826730854 neg 0.030142197009336527 off 0.028448520317578118	false	1.0
undemokratisch	neg 1.0		__DUMMY__ 0.935394352207435 neg 0.03413623944253186 off 0.030469408350033103	false	1.0
wirtschaftskrise	neg 1.0		__DUMMY__ 0.9381189224987178 neg 0.03399556083424365 off 0.027885516667038597	false	1.0
neid	neg 1.0		__DUMMY__ 0.9413942119021195 off 0.030602428415724418 neg 0.02800335968215606	false	0.5
rutschen	neg 1.0		__DUMMY__ 0.9477516275555109 neg 0.029032561851103728 off 0.023215810593385348	false	1.0
rezession	neg 1.0		__DUMMY__ 0.9338106756741162 off 0.035466357955840376 neg 0.03072296637004341	false	0.5
fehlgeburt	neg 1.0		__DUMMY__ 0.9409682395738127 neg 0.030181016451303052 off 0.028850743974884244	false	1.0
charakterschwach	off 1.0		__DUMMY__ 0.9367737190838411 off 0.0326193734959168 neg 0.030606907420242156	false	1.0
isolation	neg 1.0		__DUMMY__ 0.9381443864716191 off 0.032069715704151784 neg 0.029785897824229073	false	0.5
ablenkung	neg 1.0		__DUMMY__ 0.9408044088631893 neg 0.030374097280856382 off 0.028821493855954405	false	1.0
pech	neg 1.0		__DUMMY__ 0.9397987672601322 off 0.030179375286377028 neg 0.030021857453490727	false	0.5
vermeidung	neg 1.0		__DUMMY__ 0.9397572313435587 off 0.03288438065105503 neg 0.027358388005386258	false	0.5
dominieren	neg 1.0		__DUMMY__ 0.9383970213085282 neg 0.03353019360946293 off 0.02807278508200886	false	1.0
schwindlig	neg 1.0		__DUMMY__ 0.9415951023135741 off 0.02985827121914422 neg 0.028546626467281577	false	0.5
lutscher	neg 1.0		__DUMMY__ 0.9332077861132707 off 0.038026357219632684 neg 0.028765856667096534	false	0.5
pflicht	neg 1.0		__DUMMY__ 0.9399726187478382 neg 0.03412695692458302 off 0.0259004243275788	false	1.0
faschist	off 1.0		__DUMMY__ 0.9357075122950657 neg 0.03321392699628633 off 0.031078560708648076	false	0.5
verschleudern	neg 1.0		__DUMMY__ 0.9376532813005357 neg 0.03489087700471661 off 0.02745584169474775	false	1.0
wenn			__DUMMY__ 0.9383844260369593 off 0.031242023998167306 neg 0.03037354996487348	false	0.0
ehebruch	neg 1.0		__DUMMY__ 0.9390184290474806 neg 0.033704233168279765 off 0.027277337784239707	false	1.0
spott	off 1.0		__DUMMY__ 0.9393125891907759 neg 0.0338295651868909 off 0.026857845622333263	false	0.5
trostlosigkeit	neg 1.0		__DUMMY__ 0.9375843515524379 neg 0.036273395272599804 off 0.02614225317496227	false	1.0
lutschen	neg 1.0		__DUMMY__ 0.9364142438884309 off 0.03192648275029168 neg 0.031659273361277426	false	0.5
undiszipliniert	neg 1.0		__DUMMY__ 0.9378153872367025 off 0.03323921130622438 neg 0.028945401457073066	false	0.5
kopfschmerz	neg 1.0		__DUMMY__ 0.941295372534735 neg 0.030730498409478165 off 0.027974129055786796	false	1.0
unvorhergesehen	neg 1.0		__DUMMY__ 0.9438735146831266 neg 0.029175724579710877 off 0.026950760737162405	false	1.0
desinteressiert	neg 1.0		__DUMMY__ 0.936809272335697 off 0.033260227459946855 neg 0.02993050020435616	false	0.5
armselig	off 1.0		__DUMMY__ 0.9358047761679587 off 0.03408178982888548 neg 0.030113434003155835	false	1.0
desaster	neg 1.0		__DUMMY__ 0.9380037310184184 neg 0.036898114008221704 off 0.025098154973359994	false	1.0
tod	neg 1.0		__DUMMY__ 0.9388420809938999 neg 0.03446692345806787 off 0.026690995548032323	false	1.0
herzlos	neg 1.0		__DUMMY__ 0.9381830898142883 off 0.03420030814546529 neg 0.027616602040246442	false	0.5
unwissenheit	neg 1.0		__DUMMY__ 0.9387112278345361 neg 0.03362738388257932 off 0.027661388282884555	false	1.0
widersinnig	neg 1.0		__DUMMY__ 0.9349969576136666 neg 0.036238019217286234 off 0.028765023169047162	false	1.0
bedenklich	neg 1.0		__DUMMY__ 0.9398089523765286 neg 0.033689758931850146 off 0.026501288691621352	false	1.0
beanstanden	neg 1.0		__DUMMY__ 0.9400023812181221 neg 0.03444058521501638 off 0.025557033566861495	false	1.0
panisch	neg 1.0	neg 1.0	neg 0.4947656999622073 __DUMMY__ 0.4784883172876538 off 0.026745982750138855	false	1.0
debil	off 1.0		__DUMMY__ 0.9426017363837962 neg 0.03407620021425109 off 0.023322063401952815	false	0.5
abstrich	neg 1.0		__DUMMY__ 0.9445100926479145 off 0.027751518793143148 neg 0.027738388558942235	false	0.5
primitiv	neg 1.0		__DUMMY__ 0.9363189442592822 off 0.03305746512433823 neg 0.030623590616379592	false	0.5
abschaum	off 1.0	off 1.0	off 0.4994660801096796 __DUMMY__ 0.4720034392776445 neg 0.028530480612675903	false	1.0
provozieren	neg 1.0		__DUMMY__ 0.9378483134471343 neg 0.032919255638946876 off 0.029232430913918864	false	1.0
tot	neg 1.0		__DUMMY__ 0.9397226538727942 neg 0.03243620184937127 off 0.027841144277834493	false	1.0
instabil	neg 1.0		__DUMMY__ 0.9336284071232864 off 0.03481259486845594 neg 0.03155899800825766	false	0.5
schwuchtel	off 1.0		__DUMMY__ 0.9294487392109929 off 0.041948942522380586 neg 0.02860231826662651	false	1.0
zerren	neg 1.0		__DUMMY__ 0.9409213262608409 neg 0.03135900374208564 off 0.027719669997073492	false	1.0
kinderficker	off 1.0		__DUMMY__ 0.9344268802149543 off 0.035614476421633436 neg 0.02995864336341225	false	1.0
gefahr	neg 1.0		__DUMMY__ 0.9385903782780338 neg 0.03430597757250135 off 0.027103644149464763	false	1.0
rabiat	neg 1.0		__DUMMY__ 0.9392973872220691 neg 0.03179358121581716 off 0.028909031562113767	false	1.0
verlangsamung	neg 1.0		__DUMMY__ 0.9336547371850988 off 0.03760129827570409 neg 0.02874396453919704	false	0.5
ausgestorben	neg 1.0		__DUMMY__ 0.9403178797694075 neg 0.03191662201408424 off 0.027765498216508283	false	1.0
anklagen	neg 1.0		__DUMMY__ 0.9386474618279196 neg 0.03245943004051395 off 0.028893108131566425	false	1.0
trott	neg 1.0		__DUMMY__ 0.940671165972146 neg 0.030694149683881712 off 0.02863468434397233	false	1.0
verminderung	neg 1.0		__DUMMY__ 0.9371187783892883 off 0.03358625099514096 neg 0.02929497061557078	false	0.5
nach			__DUMMY__ 0.9461990913130225 neg 0.03042710781638292 off 0.023373800870594624	false	0.0
rost	neg 1.0		__DUMMY__ 0.9349779439751371 off 0.037503163338503995 neg 0.027518892686358785	false	0.5
destruktiv	neg 1.0		__DUMMY__ 0.9376138479697151 neg 0.03383641890452078 off 0.02854973312576413	false	1.0
unzumutbarkeit	neg 1.0		__DUMMY__ 0.938838102106279 off 0.03305411786768878 neg 0.028107780026032186	false	0.5
labil	off 1.0	off 1.0	off 0.5000516240690749 __DUMMY__ 0.4720320275041994 neg 0.027916348426725673	false	1.0
ziemlich	neg 1.0		__DUMMY__ 0.9382827044338229 off 0.032293228449153256 neg 0.02942406711702392	false	0.5
lachnummer	off 1.0		__DUMMY__ 0.9373821922391968 neg 0.033949649157150034 off 0.028668158603653154	false	0.5
oder			__DUMMY__ 0.9411684967065159 neg 0.03044836826344286 off 0.02838313503004119	false	0.0
verfall	neg 1.0		__DUMMY__ 0.9416226004279593 neg 0.03486730410984438 off 0.02351009546219627	false	1.0
ausgrenzung	neg 1.0		__DUMMY__ 0.9358817869049612 neg 0.03324322664817729 off 0.03087498644686164	false	1.0
unordnung	neg 1.0		__DUMMY__ 0.9343822555788124 off 0.034967874507239705 neg 0.030649869913947962	false	0.5
fehlverhalten	neg 1.0		__DUMMY__ 0.9385807325235093 neg 0.03468111675154232 off 0.02673815072494844	false	1.0
eine			__DUMMY__ 0.9423126448953618 neg 0.0325637209974884 off 0.025123634107149694	false	0.0
nille	neg 1.0		__DUMMY__ 0.9369373799254771 neg 0.033769628429095554 off 0.029292991645427324	false	1.0
qual	neg 1.0		__DUMMY__ 0.9403608232912398 neg 0.030995329459346323 off 0.028643847249413826	false	1.0
verschwenden	neg 1.0		__DUMMY__ 0.9406782485956784 neg 0.03287794241101652 off 0.02644380899330514	false	1.0
riesig	neg 1.0		__DUMMY__ 0.9422872914726125 neg 0.029720690605295984 off 0.027992017922091494	false	1.0
verurteilen	neg 1.0		__DUMMY__ 0.9382643773540674 neg 0.03382967987481082 off 0.02790594277112173	false	1.0
klischee	neg 1.0	neg 1.0	neg 0.499790010443791 __DUMMY__ 0.47180145770594956 off 0.02840853185025941	false	1.0
diktatorisch	neg 1.0		__DUMMY__ 0.9344414113472468 neg 0.03501151228707868 off 0.030547076365674497	false	1.0
vorhersehbar	neg 1.0		__DUMMY__ 0.9368490150120259 neg 0.03271603612620338 off 0.03043494886177074	false	1.0
sowie			__DUMMY__ 0.9335431485011618 off 0.036586214746262294 neg 0.0298706367525759	false	0.0
stornieren	neg 1.0		__DUMMY__ 0.9419378767063591 off 0.030231556818416837 neg 0.02783056647522403	false	0.5
besteuerung	neg 1.0		__DUMMY__ 0.9388187710112036 neg 0.031545337655029024 off 0.02963589133376739	false	1.0
ungeschminkt	neg 1.0		__DUMMY__ 0.9385641313697907 off 0.03230384799012714 neg 0.02913202064008217	false	0.5
kritisch	neg 1.0		__DUMMY__ 0.9386735245517346 neg 0.03444022795649806 off 0.026886247491767323	false	1.0
schlamperei	off 1.0		__DUMMY__ 0.9379563780800192 neg 0.034751902654479666 off 0.027291719265501148	false	0.5
sucht	neg 1.0	neg 1.0	neg 0.49374747207666947 __DUMMY__ 0.4790581875022949 off 0.027194340421035575	false	1.0
egoistisch	off 1.0		__DUMMY__ 0.9358240688961078 off 0.03586641150351355 neg 0.028309519600378596	false	1.0
ausbeuter	off 1.0		__DUMMY__ 0.9385290576014291 neg 0.03493340533760534 off 0.026537537060965642	false	0.5
arschgeburt	off 1.0		__DUMMY__ 0.9294309656833218 off 0.0419454347816822 neg 0.028623599534995884	false	1.0
schubs	neg 1.0	neg 1.0	neg 0.4974742650063291 __DUMMY__ 0.47855086148069986 off 0.023974873512971073	false	1.0
unsolide	neg 1.0		__DUMMY__ 0.9302205471698638 neg 0.03692954706350837 off 0.032849905766627704	false	1.0
beschwerde	neg 1.0		__DUMMY__ 0.9379599258775563 neg 0.03430157811206259 off 0.027738496010381135	false	1.0
stocken	neg 1.0		__DUMMY__ 0.940791978350413 neg 0.032025721440702766 off 0.027182300208884343	false	1.0
isolieren	neg 1.0		__DUMMY__ 0.9425032484009902 neg 0.0291164465785864 off 0.028380305020423328	false	1.0
unheilbar	neg 1.0		__DUMMY__ 0.9404072927130495 neg 0.030121347380864236 off 0.02947135990608625	false	1.0
pisser	off 1.0		__DUMMY__ 0.9351829319166624 off 0.03467679067426107 neg 0.03014027740907662	false	1.0
löschen	neg 1.0		__DUMMY__ 0.9387976380027889 neg 0.031533037771651416 off 0.029669324225559696	false	1.0
durchfallen	neg 1.0		__DUMMY__ 0.9394999804101729 neg 0.03367573030918619 off 0.026824289280640946	false	1.0
wichser	off 1.0		__DUMMY__ 0.9333200316712528 off 0.03895522659953905 neg 0.02772474172920822	false	1.0
terror	neg 1.0		__DUMMY__ 0.9399071870202814 off 0.030991435383435767 neg 0.029101377596282806	false	0.5
krass	neg 1.0		__DUMMY__ 0.9372573530963706 off 0.03411448242186276 neg 0.028628164481766565	false	0.5
revolte	neg 1.0	neg 1.0	neg 0.5018633634971461 __DUMMY__ 0.4691650930439189 off 0.028971543458934976	false	1.0
besorgt	neg 1.0		__DUMMY__ 0.9430807034536345 neg 0.0294497623780143 off 0.0274695341683513	false	1.0
nachlassen	neg 1.0		__DUMMY__ 0.9428077017062284 neg 0.029895505255692227 off 0.02729679303807942	false	1.0
alt	neg 1.0		__DUMMY__ 0.9432589387884991 neg 0.031422350136123205 off 0.025318711075377674	false	1.0
hundesohn	off 1.0		__DUMMY__ 0.9314099241797532 off 0.03885577021033162 neg 0.029734305609915194	false	1.0
als			__DUMMY__ 0.9411891655352941 neg 0.03163459872632274 off 0.027176235738383122	false	0.0
abschreckung	neg 1.0		__DUMMY__ 0.9396405204312679 neg 0.03453187169929326 off 0.0258276078694389	false	1.0
unqualifiziert	neg 1.0		__DUMMY__ 0.9369911951567128 neg 0.03235739721798391 off 0.03065140762530332	false	1.0
abgewichst	off 1.0		__DUMMY__ 0.9394111310668978 neg 0.032239081856616926 off 0.0283497870764853	false	0.5
schwer	neg 1.0		__DUMMY__ 0.9404010131962182 neg 0.031194375455643242 off 0.028404611348138514	false	1.0
bedeutungslosigkeit	neg 1.0		__DUMMY__ 0.9387904738874517 neg 0.03492590668853351 off 0.026283619424014828	false	1.0
kapitulation	neg 1.0		__DUMMY__ 0.9359344092348617 neg 0.036144358211157177 off 0.0279212325539811	false	1.0
unscharf	neg 1.0		__DUMMY__ 0.9398206817633213 off 0.030143243463749327 neg 0.030036074772929345	false	0.5
schwinden	neg 1.0		__DUMMY__ 0.9419349456598723 neg 0.03181381812557252 off 0.026251236214555187	false	1.0
versklavung	neg 1.0		__DUMMY__ 0.9355036116633537 neg 0.03424420846225772 off 0.03025217987438855	false	1.0
schlecht	neg 1.0		__DUMMY__ 0.9386011464062177 off 0.03256189675550194 neg 0.02883695683828038	false	0.5
verhasst	neg 1.0		__DUMMY__ 0.9373459897832908 neg 0.03335403414162487 off 0.02929997607508432	false	1.0
beschweren	neg 1.0		__DUMMY__ 0.9396878512342367 neg 0.030519169440824875 off 0.029792979324938455	false	1.0
scheiden	neg 1.0		__DUMMY__ 0.9404021770593959 neg 0.03164253034994747 off 0.02795529259065669	false	1.0
frustriert	neg 1.0		__DUMMY__ 0.9400522434398755 neg 0.032049649390036725 off 0.027898107170087838	false	1.0
schimmelig	neg 1.0		__DUMMY__ 0.9406960419679671 neg 0.03325209251934055 off 0.026051865512692337	false	1.0
fisch	neg 1.0		__DUMMY__ 0.9411978542216964 neg 0.03248861108055505 off 0.026313534697748508	false	1.0
schmuggel	neg 1.0		__DUMMY__ 0.9435750130571449 neg 0.030743524678159235 off 0.025681462264695844	false	1.0
auffallen	neg 1.0		__DUMMY__ 0.9390250335932548 neg 0.03088388662954925 off 0.030091079777196005	false	1.0
konkurrenz	neg 1.0		__DUMMY__ 0.9411976289237912 neg 0.03337296534955062 off 0.025429405726658198	false	1.0
teufelskreis	neg 1.0		__DUMMY__ 0.9393828128164243 neg 0.03242562956389458 off 0.02819155761968107	false	1.0
aufschreien	neg 1.0		__DUMMY__ 0.9375110824268885 neg 0.032241007879485875 off 0.030247909693625712	false	1.0
schuldner	neg 1.0		__DUMMY__ 0.9389104507501759 neg 0.034250107391788784 off 0.026839441858035246	false	1.0
missgeburt	off 1.0	off 1.0	off 0.5032433384951623 __DUMMY__ 0.4690263339499429 neg 0.027730327554894647	false	1.0
arbeitslos	neg 1.0		__DUMMY__ 0.9385279626911555 neg 0.03384002515341995 off 0.02763201215542456	false	1.0
befallen	neg 1.0		__DUMMY__ 0.9381106773939067 neg 0.03403486741241421 off 0.027854455193679087	false	1.0
miesepetrig	off 1.0		__DUMMY__ 0.9406019445259134 off 0.03192520073827217 neg 0.02747285473581437	false	1.0
alarmieren	neg 1.0		__DUMMY__ 0.9363758854693554 off 0.032462531555088034 neg 0.031161582975556573	false	0.5
ungeduscht	off 1.0		__DUMMY__ 0.9397029211170577 neg 0.030176309088538585 off 0.030120769794403725	false	0.5
knappheit	neg 1.0		__DUMMY__ 0.9391460095366545 neg 0.033147389003887834 off 0.027706601459457633	false	1.0
schlange	neg 1.0		__DUMMY__ 0.9412453137129497 off 0.029378293295115487 neg 0.029376392991934713	false	0.5
harsch	neg 1.0		__DUMMY__ 0.9381039816905254 off 0.03636217203916916 neg 0.025533846270305336	false	0.5
lang	neg 1.0		__DUMMY__ 0.9398267989475781 neg 0.030526826689099562 off 0.02964637436332227	false	1.0
ziellos	neg 1.0		__DUMMY__ 0.9407046016226764 neg 0.032315135195033796 off 0.02698026318228978	false	1.0
selbstverliebt	neg 1.0		__DUMMY__ 0.9302635513022216 off 0.04001331628490812 neg 0.029723132412870334	false	0.5
beseitigen	neg 1.0		__DUMMY__ 0.9405836591217417 neg 0.03008754846689874 off 0.029328792411359546	false	1.0
dumm	off 1.0		__DUMMY__ 0.9348449642439407 off 0.036370022415773404 neg 0.028785013340285808	false	1.0
arbeitsloser	neg 1.0		__DUMMY__ 0.9390041078899432 neg 0.033891738123587 off 0.02710415398646979	false	1.0
blitzen	neg 1.0		__DUMMY__ 0.9387408758562504 off 0.03137304495321092 neg 0.029886079190538605	false	0.5
hilflos	neg 1.0		__DUMMY__ 0.9404784694432691 neg 0.0319754644462914 off 0.02754606611043954	false	1.0
eklig	off 1.0		__DUMMY__ 0.9339243275968906 off 0.03689685614308907 neg 0.029178816260020352	false	1.0
begriff			__DUMMY__ 0.9395841328208588 neg 0.03245196961871694 off 0.02796389756042421	false	0.0
hungersnot	neg 1.0		__DUMMY__ 0.9358745297155947 neg 0.034820744831888004 off 0.029304725452517288	false	1.0
ungesetzlich	neg 1.0		__DUMMY__ 0.9339111296763472 neg 0.03460285454004959 off 0.031486015783603216	false	1.0
verschwendung	neg 1.0		__DUMMY__ 0.9408398508693419 neg 0.03321455107066826 off 0.02594559805998993	false	1.0
schmerzvoll	neg 1.0		__DUMMY__ 0.9398562692820139 neg 0.030419690903355927 off 0.029724039814630142	false	1.0
vorzeitig	neg 1.0		__DUMMY__ 0.9379360434294871 off 0.0323812950101927 neg 0.029682661560320144	false	0.5
unvollkommenheit	neg 1.0		__DUMMY__ 0.9404276744233269 neg 0.030666071393161937 off 0.02890625418351121	false	1.0
intervenieren	neg 1.0		__DUMMY__ 0.9381348583372767 neg 0.03503576287049573 off 0.026829378792227552	false	1.0
banause	off 1.0		__DUMMY__ 0.93375335446477 off 0.03786787509374816 neg 0.02837877044148187	false	1.0
rebell	neg 1.0		__DUMMY__ 0.9426671467980933 neg 0.03245676038707631 off 0.024876092814830435	false	1.0
unlogisch	neg 1.0		__DUMMY__ 0.935543189296339 off 0.03407850844725142 neg 0.030378302256409685	false	0.5
leiden	neg 1.0	neg 1.0	neg 0.4935378956510367 __DUMMY__ 0.4840506958334966 off 0.022411408515466767	false	1.0
abschaffung	neg 1.0		__DUMMY__ 0.9369379213703061 neg 0.033280425359364756 off 0.029781653270329115	false	1.0
sturz	neg 1.0		__DUMMY__ 0.937190049542117 neg 0.03267797429217512 off 0.03013197616570783	false	1.0
verkleinerung	neg 1.0		__DUMMY__ 0.9342104834558281 neg 0.03391371086258801 off 0.03187580568158384	false	1.0
schmarotzer	off 1.0		__DUMMY__ 0.9378554321500193 neg 0.034738511534125965 off 0.027406056315854615	false	0.5
bestrafung	neg 1.0		__DUMMY__ 0.9390927045471171 neg 0.031120460190319374 off 0.02978683526256353	false	1.0
achtlos	neg 1.0		__DUMMY__ 0.9410609100594199 neg 0.030639581599170854 off 0.02829950834140915	false	1.0
