unsolidarisch	neg 1.0		neg 0.48842262809491865 off 0.43965733667618884 __DUMMY__ 0.07192003522889243	false	1.0
nachteilig	neg 1.0		neg 0.48803391176485533 off 0.4392583239785128 __DUMMY__ 0.0727077642566319	false	1.0
skeptisch	neg 1.0		neg 0.48990590421532115 off 0.43712530180061515 __DUMMY__ 0.07296879398406368	false	1.0
schrecklich	neg 1.0		neg 0.4768140223512879 off 0.4508523201619961 __DUMMY__ 0.07233365748671587	false	1.0
schlapp	neg 1.0		neg 0.47884161272026615 off 0.4482828815871651 __DUMMY__ 0.07287550569256883	false	1.0
abfall	neg 1.0		neg 0.4909804463665574 off 0.4359055103983156 __DUMMY__ 0.07311404323512702	false	1.0
widerspenstig	neg 1.0		neg 0.48295759575418606 off 0.44391732267877637 __DUMMY__ 0.07312508156703751	false	1.0
abrupt	neg 1.0		neg 0.48338232992799296 off 0.4432962822941762 __DUMMY__ 0.07332138777783087	false	1.0
unwirksam	neg 1.0		neg 0.4878446916159007 off 0.4401658307394141 __DUMMY__ 0.07198947764468513	false	1.0
angreifen	neg 1.0		neg 0.48935076787016907 off 0.43787502577636433 __DUMMY__ 0.07277420635346653	false	1.0
inkonsistent	neg 1.0		neg 0.4824954584747084 off 0.44491063723964064 __DUMMY__ 0.0725939042856511	false	1.0
abrutschen	neg 1.0		neg 0.4904206299160604 off 0.436381355363344 __DUMMY__ 0.07319801472059577	false	1.0
unsicher	neg 1.0		neg 0.48436491129522663 off 0.44276638153206144 __DUMMY__ 0.07286870717271192	false	1.0
bauernkind	off 1.0		neg 0.4757958619395082 off 0.45246601353743043 __DUMMY__ 0.0717381245230613	false	0.5
angreifer	neg 1.0		neg 0.4831056008573284 off 0.444588679626579 __DUMMY__ 0.07230571951609246	false	1.0
trennen	neg 1.0		neg 0.486899796037088 off 0.4397407881945608 __DUMMY__ 0.07335941576835119	false	1.0
schmutz	neg 1.0		neg 0.4762255972657079 off 0.4506419570910815 __DUMMY__ 0.07313244564321054	false	1.0
inkonsistenz	neg 1.0	neg 1.0	neg 0.7280406750418923 off 0.23716759495842524 __DUMMY__ 0.03479172999968249	false	1.0
erschreckend	neg 1.0		neg 0.48665171858016076 off 0.4406443147113879 __DUMMY__ 0.07270396670845145	false	1.0
ertrinken	neg 1.0		neg 0.4863644001961474 off 0.44045481205009346 __DUMMY__ 0.07318078775375918	false	1.0
pickelface	off 1.0		neg 0.48524647036646645 off 0.44232034133446124 __DUMMY__ 0.0724331882990724	false	0.5
seiner			neg 0.48887372177277205 off 0.43822223687110845 __DUMMY__ 0.07290404135611947	false	0.0
lauch	neg 1.0		neg 0.48951382837998925 off 0.43743158242008184 __DUMMY__ 0.07305458919992897	false	1.0
unwichtig	neg 1.0		neg 0.48076381116938527 off 0.4467054732316293 __DUMMY__ 0.07253071559898538	false	1.0
steuerhinterziehung	neg 1.0		neg 0.48841604964800667 off 0.4393892827697547 __DUMMY__ 0.07219466758223857	false	1.0
schock	neg 1.0		neg 0.4838583639627975 off 0.4428667255760444 __DUMMY__ 0.07327491046115799	false	1.0
beule	neg 1.0		neg 0.4780114685490365 off 0.4492512924208595 __DUMMY__ 0.07273723903010412	false	1.0
vergelten	neg 1.0		neg 0.4765223964202242 off 0.45145656843677245 __DUMMY__ 0.07202103514300331	false	1.0
verdorbenheit	neg 1.0		neg 0.4822884592790561 off 0.4448100864136882 __DUMMY__ 0.07290145430725552	false	1.0
trauma	neg 1.0		neg 0.48299935968793556 off 0.44432531740638515 __DUMMY__ 0.07267532290567925	false	1.0
sinnlos	neg 1.0		neg 0.48268765156585053 off 0.4446212665922294 __DUMMY__ 0.07269108184192011	false	1.0
fettsack	off 1.0	off 1.0	off 0.7112424230280532 neg 0.25416337775715414 __DUMMY__ 0.034594199214792704	false	1.0
feige	off 1.0		neg 0.48227452004094573 off 0.445394280348166 __DUMMY__ 0.07233119961088817	false	0.5
abdanken	neg 1.0		neg 0.4897406623452851 off 0.438325223651832 __DUMMY__ 0.07193411400288272	false	1.0
wichtigtuer	off 1.0	off 1.0	off 0.7063824547186112 neg 0.25879674508289957 __DUMMY__ 0.0348208001984893	false	1.0
misslingen	neg 1.0		neg 0.47961003136329416 off 0.4472102542087344 __DUMMY__ 0.07317971442797144	false	1.0
untreu	off 1.0		neg 0.4798937062867691 off 0.44758410190554515 __DUMMY__ 0.0725221918076857	false	0.5
missmutig	neg 1.0		neg 0.4797403855106624 off 0.44741302638558317 __DUMMY__ 0.07284658810375441	false	1.0
hurenbock	off 1.0		neg 0.48060715859201586 off 0.4462744171082435 __DUMMY__ 0.07311842429974069	false	0.5
betrunken	neg 1.0		neg 0.47738114522026465 off 0.44996996575953624 __DUMMY__ 0.07264888902019921	false	1.0
korrupt	off 1.0		neg 0.4899502222410121 off 0.43783253409052 __DUMMY__ 0.07221724366846799	false	0.5
unmut	neg 1.0		neg 0.4912526219354961 off 0.4358399894858365 __DUMMY__ 0.07290738857866733	false	1.0
hackfresse	off 1.0		neg 0.4738831317772157 off 0.45399532471582216 __DUMMY__ 0.07212154350696205	false	0.5
aufblasen	neg 1.0		neg 0.48184092348603835 off 0.4451511548852359 __DUMMY__ 0.07300792162872571	false	1.0
gewaltsam	neg 1.0		neg 0.48537083836101547 off 0.44229638229719725 __DUMMY__ 0.07233277934178735	false	1.0
unbeliebtheit	neg 1.0		neg 0.4819790000863841 off 0.4462963518430902 __DUMMY__ 0.07172464807052581	false	1.0
sturheit	neg 1.0		neg 0.4870731934596477 off 0.44036307580549994 __DUMMY__ 0.07256373073485235	false	1.0
kuh	neg 1.0		neg 0.4837132625267815 off 0.44378623848885035 __DUMMY__ 0.0725004989843681	false	1.0
erschrecken	neg 1.0		neg 0.4807737585532698 off 0.44648420134671746 __DUMMY__ 0.07274204010001264	false	1.0
opfer	neg 1.0		neg 0.4882894789836048 off 0.43886146841571055 __DUMMY__ 0.07284905260068456	false	1.0
sinken	neg 1.0		neg 0.4902877045134517 off 0.43680073150203835 __DUMMY__ 0.07291156398450993	false	1.0
stinktier	neg 1.0		neg 0.47764013013633955 off 0.4503012602689119 __DUMMY__ 0.0720586095947487	false	1.0
tucke	off 1.0		neg 0.47224193242226065 off 0.45549529958000967 __DUMMY__ 0.07226276799772968	false	0.5
ein			neg 0.4819965334336083 off 0.44485781790559864 __DUMMY__ 0.07314564866079294	false	0.0
abstieg	neg 1.0		neg 0.4877826138075259 off 0.43968825296533437 __DUMMY__ 0.07252913322713982	false	1.0
missverstehen	neg 1.0		neg 0.484523565497615 off 0.4430927713458547 __DUMMY__ 0.07238366315653029	false	1.0
ergebnislos	neg 1.0		neg 0.4879436915589096 off 0.4394394520083177 __DUMMY__ 0.07261685643277258	false	1.0
unter			neg 0.4915943297593861 off 0.4346424383166507 __DUMMY__ 0.07376323192396299	false	0.0
manipulieren	neg 1.0		neg 0.4883619263327432 off 0.4386846728004062 __DUMMY__ 0.07295340086685059	false	1.0
unbewiesen	neg 1.0		neg 0.4887706049710886 off 0.439331264952994 __DUMMY__ 0.0718981300759175	false	1.0
verschleppen	neg 1.0		neg 0.4875293529327865 off 0.4397725286775958 __DUMMY__ 0.07269811838961782	false	1.0
weib	off 1.0		neg 0.47289512106690135 off 0.45510124727525747 __DUMMY__ 0.07200363165784124	false	0.5
opposition	neg 1.0		neg 0.4852084185825144 off 0.4425995875818116 __DUMMY__ 0.07219199383567398	false	1.0
verkehrswidrig	neg 1.0		neg 0.4730791089447439 off 0.4543179785371697 __DUMMY__ 0.07260291251808626	false	1.0
inkorrekt	neg 1.0		neg 0.48255912948093965 off 0.4455127571888836 __DUMMY__ 0.07192811333017658	false	1.0
vermeiden	neg 1.0		neg 0.49018225447215685 off 0.4363357498077287 __DUMMY__ 0.07348199572011442	false	1.0
abweichung	neg 1.0		neg 0.49005932112387274 off 0.4377125916909787 __DUMMY__ 0.07222808718514846	false	1.0
alkoholisiert	neg 1.0		neg 0.48368748447546756 off 0.44302253055520713 __DUMMY__ 0.07328998496932512	false	1.0
scheiss	off 1.0	off 1.0	off 0.7098291258188535 neg 0.2552515345806256 __DUMMY__ 0.034919339600520884	false	1.0
herausforderung	neg 1.0		neg 0.48430722519451613 off 0.44234237569778967 __DUMMY__ 0.07335039910769428	false	1.0
pervers	off 1.0		neg 0.47091810354042957 off 0.4572830778443296 __DUMMY__ 0.07179881861524079	false	0.5
wackelig	neg 1.0		neg 0.48373158260609994 off 0.442826482343968 __DUMMY__ 0.07344193504993218	false	1.0
verwickeln	neg 1.0		neg 0.4840744770013933 off 0.44339975159645645 __DUMMY__ 0.07252577140215037	false	1.0
vorwand	neg 1.0		neg 0.491007678851616 off 0.43621582590220404 __DUMMY__ 0.07277649524617996	false	1.0
muschi	off 1.0		neg 0.4857603412871607 off 0.44179911755377915 __DUMMY__ 0.07244054115906022	false	0.5
entmutigung	neg 1.0		neg 0.4866947161745699 off 0.4415596451207661 __DUMMY__ 0.07174563870466401	false	1.0
unangemessen	neg 1.0		neg 0.48927097576434786 off 0.43829842858047324 __DUMMY__ 0.07243059565517901	false	1.0
unstetig	neg 1.0		neg 0.48127420323646747 off 0.44623726318239787 __DUMMY__ 0.07248853358113473	false	1.0
entmutigen	neg 1.0		neg 0.48261774169363825 off 0.4444800328656167 __DUMMY__ 0.072902225440745	false	1.0
schwanz	neg 1.0		neg 0.48688323855357857 off 0.44040657038187975 __DUMMY__ 0.0727101910645417	false	1.0
verbot	neg 1.0		neg 0.4893556928845434 off 0.43842568718938546 __DUMMY__ 0.07221861992607118	false	1.0
leid	neg 1.0		neg 0.47537578762683547 off 0.452379650540445 __DUMMY__ 0.07224456183271956	false	1.0
archaisch	neg 1.0		neg 0.48769748665117285 off 0.43972045776857355 __DUMMY__ 0.07258205558025352	false	1.0
gegen			neg 0.4917225803356243 off 0.435706613089464 __DUMMY__ 0.07257080657491162	false	0.0
scheidung	neg 1.0	neg 1.0	neg 0.7157713717032634 off 0.24959579601958082 __DUMMY__ 0.03463283227715562	false	1.0
einschlag	neg 1.0		neg 0.4774679616061011 off 0.4505208973135878 __DUMMY__ 0.07201114108031105	false	1.0
m			neg 0.4845904613614846 off 0.44237962395299923 __DUMMY__ 0.07302991468551619	false	0.0
abgestanden	neg 1.0		neg 0.48256842575781095 off 0.44436518316029117 __DUMMY__ 0.07306639108189789	false	1.0
schmierig	off 1.0		neg 0.4756130807143492 off 0.45195049619084093 __DUMMY__ 0.07243642309480981	false	0.5
unpraktisch	neg 1.0		neg 0.48165612443985556 off 0.44529652097386413 __DUMMY__ 0.0730473545862802	false	1.0
wixxer	off 1.0		neg 0.47126996978814883 off 0.45704747336289686 __DUMMY__ 0.07168255684895439	false	0.5
bezeichnet			neg 0.4871030050819332 off 0.44041302822798195 __DUMMY__ 0.07248396669008488	false	0.0
jammerlappen	off 1.0		neg 0.48073193163982714 off 0.44671997250920004 __DUMMY__ 0.07254809585097281	false	0.5
farce	neg 1.0		neg 0.49012642001919365 off 0.4379079739536947 __DUMMY__ 0.07196560602711168	false	1.0
zwecklos	neg 1.0		neg 0.48879343182510065 off 0.43861874991269767 __DUMMY__ 0.07258781826220176	false	1.0
turbulent	neg 1.0		neg 0.4777605962669317 off 0.45004896653426474 __DUMMY__ 0.07219043719880366	false	1.0
invasion	neg 1.0		neg 0.4806772967049617 off 0.4465295276865406 __DUMMY__ 0.07279317560849778	false	1.0
schuld	neg 1.0		neg 0.4846930135314837 off 0.4426924434536366 __DUMMY__ 0.07261454301487964	false	1.0
risiko	neg 1.0		neg 0.4793107212082878 off 0.4477123102374444 __DUMMY__ 0.07297696855426769	false	1.0
finster	neg 1.0		neg 0.48260344205506284 off 0.4443523985424547 __DUMMY__ 0.07304415940248266	false	1.0
geisteskrank	off 1.0		neg 0.4812182116840207 off 0.4466857269051595 __DUMMY__ 0.07209606141081994	false	0.5
zusammenbrechen	neg 1.0		neg 0.48516091700609093 off 0.4418330280981249 __DUMMY__ 0.07300605489578402	false	1.0
ausbeute	neg 1.0		neg 0.485450887465441 off 0.4413883763069146 __DUMMY__ 0.07316073622764444	false	1.0
hinterhalt	neg 1.0		neg 0.4831327194903626 off 0.4441379705392053 __DUMMY__ 0.07272930997043196	false	1.0
kritik	neg 1.0		neg 0.4891491420018613 off 0.4387084388213191 __DUMMY__ 0.07214241917681953	false	1.0
einschrumpfen	neg 1.0		neg 0.4831154490154797 off 0.44475018302067415 __DUMMY__ 0.0721343679638462	false	1.0
riskant	neg 1.0		neg 0.4884887681564139 off 0.43861463320911037 __DUMMY__ 0.07289659863447588	false	1.0
frustrieren	neg 1.0		neg 0.48876334953798806 off 0.4383890844296031 __DUMMY__ 0.07284756603240886	false	1.0
groll	neg 1.0		neg 0.48801447270021936 off 0.4393134417491552 __DUMMY__ 0.07267208555062539	false	1.0
gibt			neg 0.48658400606229363 off 0.44057660238221025 __DUMMY__ 0.07283939155549614	false	0.0
qualvoll	neg 1.0		neg 0.48116845599611824 off 0.44594129290475004 __DUMMY__ 0.07289025109913166	false	1.0
wackeln	neg 1.0		neg 0.48183915936569394 off 0.44501831204199394 __DUMMY__ 0.07314252859231209	false	1.0
klagen	neg 1.0		neg 0.49167680683552983 off 0.4356476874946846 __DUMMY__ 0.0726755056697856	false	1.0
bankrott	neg 1.0		neg 0.47933562619949743 off 0.4479725086352783 __DUMMY__ 0.07269186516522425	false	1.0
trauern	neg 1.0		neg 0.4880440018470497 off 0.4390503887141357 __DUMMY__ 0.07290560943881445	false	1.0
ablehnung	neg 1.0	neg 1.0	neg 0.7310457323157215 off 0.23421092976234373 __DUMMY__ 0.034743337921934736	false	1.0
stur	neg 1.0		neg 0.4840839759858715 off 0.44327470728689244 __DUMMY__ 0.07264131672723595	false	1.0
aufruhr	neg 1.0		neg 0.48627362751224035 off 0.44144385301495787 __DUMMY__ 0.07228251947280177	false	1.0
melancholie	neg 1.0		neg 0.48432298768608273 off 0.4423796093352884 __DUMMY__ 0.07329740297862872	false	1.0
ist			neg 0.4836393473630976 off 0.44369376279189027 __DUMMY__ 0.07266688984501217	false	0.0
torheit	neg 1.0		neg 0.4870631425343017 off 0.4408988538482954 __DUMMY__ 0.0720380036174028	false	1.0
dreckskind	off 1.0		neg 0.4772872323394165 off 0.4510144281744114 __DUMMY__ 0.07169833948617203	false	0.5
umtauschen	neg 1.0		neg 0.4833919872434239 off 0.44354837393815394 __DUMMY__ 0.07305963881842215	false	1.0
zum			neg 0.4888779558530287 off 0.4374821219888619 __DUMMY__ 0.07363992215810944	false	0.0
zersetzen	neg 1.0		neg 0.48988435609538555 off 0.43729644024932096 __DUMMY__ 0.07281920365529349	false	1.0
zur			neg 0.49277319592692337 off 0.4342384589633894 __DUMMY__ 0.07298834510968717	false	0.0
frust	neg 1.0		neg 0.4860610908537337 off 0.44103217943391754 __DUMMY__ 0.07290672971234864	false	1.0
unerbittlichkeit	neg 1.0		neg 0.4890139572424549 off 0.43820414905553184 __DUMMY__ 0.07278189370201316	false	1.0
zwei			neg 0.4878953574074403 off 0.4386509445486319 __DUMMY__ 0.07345369804392796	false	0.0
unkorrekt	neg 1.0		neg 0.4815725583580439 off 0.44647674035341595 __DUMMY__ 0.07195070128854014	false	1.0
hexe	off 1.0		neg 0.47928663642424707 off 0.4481106291418908 __DUMMY__ 0.07260273443386213	false	0.5
lasch	neg 1.0		neg 0.483073500742204 off 0.44454607983078503 __DUMMY__ 0.07238041942701084	false	1.0
rivale	neg 1.0		neg 0.47733059355200796 off 0.4505420557563138 __DUMMY__ 0.07212735069167842	false	1.0
mutlos	off 1.0	off 1.0	off 0.703848549102599 neg 0.26122613682610557 __DUMMY__ 0.034925314071295455	false	1.0
wirr	off 1.0		neg 0.4789670575758828 off 0.4489790768183452 __DUMMY__ 0.072053865605772	false	0.5
jahr			neg 0.4861762957602907 off 0.4405469054557828 __DUMMY__ 0.0732767987839266	false	0.0
wird			neg 0.4878313949038797 off 0.43928497760721025 __DUMMY__ 0.07288362748891014	false	0.0
strafbar	neg 1.0		neg 0.49078743655158463 off 0.4367874635276261 __DUMMY__ 0.07242509992078913	false	1.0
erosion	neg 1.0		neg 0.4817933423594309 off 0.4452785951648907 __DUMMY__ 0.07292806247567844	false	1.0
eingehen	neg 1.0		neg 0.48853285839797184 off 0.4387676043748755 __DUMMY__ 0.07269953722715276	false	1.0
faul	off 1.0		neg 0.47912112158282766 off 0.44800439351579385 __DUMMY__ 0.0728744849013785	false	0.5
provisorium	neg 1.0		neg 0.492867267086699 off 0.43350342008403747 __DUMMY__ 0.0736293128292635	false	1.0
schmerzen	neg 1.0		neg 0.4843638133580259 off 0.4425943466042112 __DUMMY__ 0.07304184003776286	false	1.0
schrumpfen	neg 1.0		neg 0.49193872856372167 off 0.4348719283175075 __DUMMY__ 0.07318934311877089	false	1.0
geistlos	off 1.0		neg 0.4856795621377574 off 0.44235712533630434 __DUMMY__ 0.07196331252593831	false	0.5
fehlkauf	neg 1.0		neg 0.4827936027683393 off 0.44475137288163413 __DUMMY__ 0.07245502435002646	false	1.0
frustrierend	neg 1.0		neg 0.48124519645873015 off 0.44607575755363305 __DUMMY__ 0.07267904598763672	false	1.0
unzufrieden	neg 1.0		neg 0.4878406960395411 off 0.43941254447568157 __DUMMY__ 0.07274675948477725	false	1.0
verzweifeln	neg 1.0		neg 0.48482860256027116 off 0.44226431801723215 __DUMMY__ 0.07290707942249683	false	1.0
verzweifelt	neg 1.0		neg 0.48402610920922257 off 0.44330289318720817 __DUMMY__ 0.07267099760356927	false	1.0
misstrauensantrag	neg 1.0		neg 0.48410663544619187 off 0.44365796787182193 __DUMMY__ 0.07223539668198627	false	1.0
abfallen	neg 1.0		neg 0.48072709047072326 off 0.44598172653563145 __DUMMY__ 0.0732911829936452	false	1.0
fucker	off 1.0		neg 0.4785043765893798 off 0.4492927533681123 __DUMMY__ 0.07220287004250782	false	0.5
ungezogen	neg 1.0		neg 0.4721291352234653 off 0.4557727261633426 __DUMMY__ 0.07209813861319216	false	1.0
irrsinnig	neg 1.0	neg 1.0	neg 0.7290986415168297 off 0.23599463831870587 __DUMMY__ 0.03490672016446446	false	1.0
unfassbar	neg 1.0		neg 0.4799587320643975 off 0.4474750152713508 __DUMMY__ 0.07256625266425173	false	1.0
hart	neg 1.0		neg 0.4806083636917303 off 0.44704183382565194 __DUMMY__ 0.07234980248261773	false	1.0
widerlich	off 1.0		neg 0.48044526316397546 off 0.4472492420648803 __DUMMY__ 0.07230549477114423	false	0.5
fatal	neg 1.0		neg 0.4825476984418456 off 0.44492427054344774 __DUMMY__ 0.0725280310147066	false	1.0
bruch	neg 1.0		neg 0.49290534469592007 off 0.4345439874434554 __DUMMY__ 0.07255066786062471	false	1.0
aushungern	neg 1.0		neg 0.4870484409804389 off 0.4407124634138962 __DUMMY__ 0.07223909560566488	false	1.0
anspannung	neg 1.0		neg 0.48895601260614724 off 0.43762919062584904 __DUMMY__ 0.07341479676800362	false	1.0
von			neg 0.48825734167804813 off 0.4386144789213913 __DUMMY__ 0.07312817940056063	false	0.0
kraftlos	neg 1.0		neg 0.48455336787357056 off 0.4420800179348574 __DUMMY__ 0.07336661419157219	false	1.0
vom			neg 0.4918655185180495 off 0.43454858872785945 __DUMMY__ 0.073585892754091	false	0.0
grenzdebil	off 1.0		neg 0.4786170339874669 off 0.4488025276363113 __DUMMY__ 0.07258043837622179	false	0.5
vor			neg 0.4892352692143207 off 0.4375858006735743 __DUMMY__ 0.0731789301121049	false	0.0
unterwerfen	neg 1.0		neg 0.48867542442160145 off 0.4385964177033341 __DUMMY__ 0.07272815787506454	false	1.0
versenkung	neg 1.0		neg 0.48891520831212015 off 0.4382710068375932 __DUMMY__ 0.07281378485028668	false	1.0
entziehen	neg 1.0		neg 0.4913565934640616 off 0.43581295288215205 __DUMMY__ 0.07283045365378654	false	1.0
finanzkrise	neg 1.0		neg 0.48747655731841016 off 0.4403059814851042 __DUMMY__ 0.0722174611964858	false	1.0
schimpfend	neg 1.0		neg 0.47913894449508904 off 0.44747429190791044 __DUMMY__ 0.0733867635970004	false	1.0
profan	neg 1.0		neg 0.48263250288528947 off 0.44466765648959605 __DUMMY__ 0.0726998406251146	false	1.0
korruption	neg 1.0		neg 0.48972655903308 off 0.4380412567911007 __DUMMY__ 0.07223218417581934	false	1.0
â			neg 0.4859209902102605 off 0.44109558561293744 __DUMMY__ 0.07298342417680222	false	0.0
schmutzig	neg 1.0		neg 0.4774311508826991 off 0.4496804348513589 __DUMMY__ 0.07288841426594202	false	1.0
sexy	neg 1.0		neg 0.48043202855908185 off 0.44694615343316524 __DUMMY__ 0.07262181800775287	false	1.0
abraten	neg 1.0		neg 0.4830025987804914 off 0.444175959569801 __DUMMY__ 0.07282144164970768	false	1.0
schwarz	neg 1.0		neg 0.4833677767814683 off 0.44406592173570586 __DUMMY__ 0.07256630148282583	false	1.0
fotze	off 1.0		neg 0.4872810504567202 off 0.4401701918673918 __DUMMY__ 0.07254875767588796	false	0.5
verwirren	neg 1.0		neg 0.4820617836066599 off 0.44529712093534135 __DUMMY__ 0.07264109545799881	false	1.0
zahnlos	off 1.0		neg 0.488891861305218 off 0.43860014111124684 __DUMMY__ 0.07250799758353509	false	0.5
verheeren	neg 1.0		neg 0.47141669298309336 off 0.45683465919020605 __DUMMY__ 0.07174864782670064	false	1.0
hippie	neg 1.0		neg 0.4809460781141808 off 0.4464760041159756 __DUMMY__ 0.07257791776984364	false	1.0
rammen	neg 1.0		neg 0.48181632517847184 off 0.44554550548126265 __DUMMY__ 0.07263816934026553	false	1.0
unlauter	neg 1.0	neg 1.0	neg 0.7287770285737352 off 0.23647967940985712 __DUMMY__ 0.03474329201640769	false	1.0
unheilvoll	neg 1.0		neg 0.48183476824232624 off 0.44532106334110794 __DUMMY__ 0.07284416841656585	false	1.0
niedrig	neg 1.0		neg 0.48829583500918056 off 0.43906681510125845 __DUMMY__ 0.07263734988956087	false	1.0
explosion	neg 1.0		neg 0.4807318980674853 off 0.4465474905061887 __DUMMY__ 0.0727206114263261	false	1.0
weichei	off 1.0		neg 0.47521090394192084 off 0.4526571229948282 __DUMMY__ 0.07213197306325107	false	0.5
minusmensch	off 1.0		neg 0.4742509368210324 off 0.45440849825327384 __DUMMY__ 0.07134056492569375	false	0.5
farblos	neg 1.0		neg 0.4831884256759444 off 0.4440912887274995 __DUMMY__ 0.07272028559655626	false	1.0
unwissend	neg 1.0		neg 0.4809950169862316 off 0.44661610575503136 __DUMMY__ 0.07238887725873701	false	1.0
traurig	neg 1.0		neg 0.476641259715271 off 0.4507920529938704 __DUMMY__ 0.07256668729085852	false	1.0
senkung	neg 1.0		neg 0.48186816101311514 off 0.4456132402398071 __DUMMY__ 0.07251859874707792	false	1.0
ungleich	neg 1.0	neg 1.0	neg 0.7315456695840444 off 0.2335120541946264 __DUMMY__ 0.03494227622132917	false	1.0
heikel	neg 1.0		neg 0.49004535955227563 off 0.4371384303113606 __DUMMY__ 0.07281621013636383	false	1.0
drosselung	neg 1.0		neg 0.4763661911339065 off 0.45110562973301066 __DUMMY__ 0.07252817913308282	false	1.0
falsch	neg 1.0		neg 0.48132721822751706 off 0.4461121741954773 __DUMMY__ 0.07256060757700585	false	1.0
unzufriedenheit	neg 1.0		neg 0.4900944573347766 off 0.4370786921519247 __DUMMY__ 0.07282685051329875	false	1.0
kurz	neg 1.0		neg 0.48416454781098245 off 0.4426228603284502 __DUMMY__ 0.07321259186056732	false	1.0
unsinnig	neg 1.0		neg 0.4879197528963438 off 0.43944397695578374 __DUMMY__ 0.0726362701478725	false	1.0
penner	off 1.0	off 1.0	off 0.71274845972965 neg 0.25254975607004787 __DUMMY__ 0.034701784200302115	false	1.0
seicht	neg 1.0		neg 0.47441288558507183 off 0.45382555753732484 __DUMMY__ 0.07176155687760334	false	1.0
dummheit	off 1.0	off 1.0	off 0.7069298774080172 neg 0.2582346928519863 __DUMMY__ 0.0348354297399965	false	1.0
unerfreulich	neg 1.0		neg 0.48976295046800583 off 0.4372564461064974 __DUMMY__ 0.07298060342549692	false	1.0
motherfucker	off 1.0	off 1.0	off 0.7099292663346338 neg 0.2553298949113141 __DUMMY__ 0.034740838754052136	false	1.0
pikiert	neg 1.0		neg 0.4813616526547228 off 0.44624003279317687 __DUMMY__ 0.0723983145521003	false	1.0
wrack	neg 1.0		neg 0.4866574129620753 off 0.44053287620366477 __DUMMY__ 0.07280971083425986	false	1.0
gangster	neg 1.0		neg 0.48170896322770757 off 0.44568446337960627 __DUMMY__ 0.07260657339268621	false	1.0
krank	neg 1.0		neg 0.47757860201399144 off 0.4496439444259055 __DUMMY__ 0.07277745356010296	false	1.0
reich	neg 1.0		neg 0.483117617144252 off 0.445113628553465 __DUMMY__ 0.07176875430228304	false	1.0
gnadenlos	neg 1.0		neg 0.48446739857934046 off 0.4428994832370684 __DUMMY__ 0.07263311818359129	false	1.0
niedergeschlagen	neg 1.0		neg 0.48516125757188866 off 0.44185933163476754 __DUMMY__ 0.0729794107933437	false	1.0
terrorisieren	off 1.0	off 1.0	off 0.7042608121875115 neg 0.26066058659543356 __DUMMY__ 0.03507860121705493	false	1.0
sinnlosigkeit	neg 1.0		neg 0.4880894516499335 off 0.43928528507590014 __DUMMY__ 0.07262526327416635	false	1.0
behindern	neg 1.0		neg 0.4836043043429953 off 0.44343121910905653 __DUMMY__ 0.07296447654794823	false	1.0
undemokratisch	neg 1.0		neg 0.48643001621340354 off 0.441476350814452 __DUMMY__ 0.07209363297214451	false	1.0
wirtschaftskrise	neg 1.0		neg 0.48839041929167637 off 0.4391457981126461 __DUMMY__ 0.07246378259567748	false	1.0
neid	neg 1.0		neg 0.4795075129774412 off 0.44754571410544813 __DUMMY__ 0.07294677291711062	false	1.0
rutschen	neg 1.0		neg 0.48723078437740375 off 0.4389032917623436 __DUMMY__ 0.07386592386025252	false	1.0
rezession	neg 1.0		neg 0.4778620993618707 off 0.45025109126586105 __DUMMY__ 0.07188680937226821	false	1.0
fehlgeburt	neg 1.0		neg 0.4832215701061797 off 0.44397460994251026 __DUMMY__ 0.07280381995131	false	1.0
charakterschwach	off 1.0		neg 0.4806253550728569 off 0.4470659776787108 __DUMMY__ 0.07230866724843223	false	0.5
isolation	neg 1.0		neg 0.47989737843938485 off 0.4475833764586903 __DUMMY__ 0.07251924510192494	false	1.0
ablenkung	neg 1.0		neg 0.4836110678175493 off 0.44346833904713046 __DUMMY__ 0.07292059313532029	false	1.0
pech	neg 1.0		neg 0.48126975586224285 off 0.4460177367794761 __DUMMY__ 0.07271250735828093	false	1.0
vermeidung	neg 1.0		neg 0.4767477767732688 off 0.4505470082497561 __DUMMY__ 0.07270521497697516	false	1.0
dominieren	neg 1.0		neg 0.4874502558317784 off 0.4400224227718819 __DUMMY__ 0.07252732139633969	false	1.0
schwindlig	neg 1.0		neg 0.4802612264615705 off 0.44676191964688866 __DUMMY__ 0.07297685389154077	false	1.0
lutscher	neg 1.0		neg 0.4733064048174846 off 0.45491929018583716 __DUMMY__ 0.07177430499667832	false	1.0
pflicht	neg 1.0		neg 0.49036053850976796 off 0.43684529663586896 __DUMMY__ 0.07279416485436313	false	1.0
faschist	off 1.0		neg 0.4850143127741915 off 0.44286270839798964 __DUMMY__ 0.07212297882781879	false	0.5
verschleudern	neg 1.0		neg 0.48948298118646577 off 0.43809970940504755 __DUMMY__ 0.07241730940848673	false	1.0
wenn			neg 0.4812763361756976 off 0.4461448121079792 __DUMMY__ 0.07257885171632328	false	0.0
ehebruch	neg 1.0		neg 0.4888516304595081 off 0.43853928602064085 __DUMMY__ 0.07260908351985107	false	1.0
spott	off 1.0		neg 0.4893665588464222 off 0.43798106155731253 __DUMMY__ 0.07265237959626517	false	0.5
trostlosigkeit	neg 1.0		neg 0.49191530160778785 off 0.4356416652962005 __DUMMY__ 0.07244303309601159	false	1.0
lutschen	neg 1.0		neg 0.4820446499848151 off 0.44573837157259644 __DUMMY__ 0.07221697844258862	false	1.0
undiszipliniert	neg 1.0		neg 0.47799671506655467 off 0.44955159404550793 __DUMMY__ 0.07245169088793744	false	1.0
kopfschmerz	neg 1.0		neg 0.4840748050623558 off 0.44298021372301694 __DUMMY__ 0.07294498121462724	false	1.0
unvorhergesehen	neg 1.0		neg 0.4838174306270085 off 0.44287812696497925 __DUMMY__ 0.0733044424080122	false	1.0
desinteressiert	neg 1.0		neg 0.47904011875241465 off 0.4486299791362083 __DUMMY__ 0.07232990211137721	false	1.0
armselig	off 1.0		neg 0.4786994559483505 off 0.44911312892898764 __DUMMY__ 0.07218741512266183	false	0.5
desaster	neg 1.0		neg 0.4937179538297868 off 0.433787256797188 __DUMMY__ 0.07249478937302514	false	1.0
tod	neg 1.0		neg 0.489158204410738 off 0.4382929162872983 __DUMMY__ 0.07254887930196369	false	1.0
herzlos	neg 1.0		neg 0.4760916007818361 off 0.4513933274997253 __DUMMY__ 0.07251507171843859	false	1.0
unwissenheit	neg 1.0		neg 0.48825192656356686 off 0.43916253905106706 __DUMMY__ 0.07258553438536607	false	1.0
widersinnig	neg 1.0		neg 0.4898654076858016 off 0.43807408770094575 __DUMMY__ 0.07206050461325253	false	1.0
bedenklich	neg 1.0		neg 0.4891668420407056 off 0.438074193374505 __DUMMY__ 0.07275896458478939	false	1.0
beanstanden	neg 1.0		neg 0.49095396024139826 off 0.4362747176635333 __DUMMY__ 0.07277132209506851	false	1.0
panisch	neg 1.0	neg 1.0	neg 0.7260990712633013 off 0.23860357436331622 __DUMMY__ 0.03529735437338254	false	1.0
debil	off 1.0		neg 0.4920400209042336 off 0.43486840908895713 __DUMMY__ 0.07309157000680928	false	0.5
abstrich	neg 1.0		neg 0.48118197648988426 off 0.4455781278449958 __DUMMY__ 0.07323989566511983	false	1.0
primitiv	neg 1.0		neg 0.4800739777658292 off 0.4476691371011059 __DUMMY__ 0.0722568851330649	false	1.0
abschaum	off 1.0	off 1.0	off 0.7081132422728993 neg 0.25712601608292407 __DUMMY__ 0.03476074164417669	false	1.0
provozieren	neg 1.0		neg 0.4858413544227982 off 0.44166462841903215 __DUMMY__ 0.07249401715816962	false	1.0
tot	neg 1.0		neg 0.4859910783629466 off 0.4413689187537726 __DUMMY__ 0.0726400028832808	false	1.0
instabil	neg 1.0		neg 0.479173992497865 off 0.44897805161350957 __DUMMY__ 0.07184795588862541	false	1.0
schwuchtel	off 1.0		neg 0.4700405533434899 off 0.4586915262039007 __DUMMY__ 0.0712679204526095	false	0.5
zerren	neg 1.0		neg 0.48566382497311017 off 0.4414005327851772 __DUMMY__ 0.07293564224171273	false	1.0
kinderficker	off 1.0		neg 0.47739708155018246 off 0.4506646686802494 __DUMMY__ 0.07193824976956817	false	0.5
gefahr	neg 1.0		neg 0.48958190328382983 off 0.4378587527148186 __DUMMY__ 0.07255934400135154	false	1.0
rabiat	neg 1.0		neg 0.48504835465867 off 0.4422499899096883 __DUMMY__ 0.07270165543164163	false	1.0
verlangsamung	neg 1.0		neg 0.4742062469350669 off 0.45395628786013 __DUMMY__ 0.07183746520480319	false	1.0
ausgestorben	neg 1.0		neg 0.48605846458999713 off 0.4410954397255378 __DUMMY__ 0.07284609568446507	false	1.0
anklagen	neg 1.0		neg 0.48622767265946887 off 0.4412462780370642 __DUMMY__ 0.07252604930346705	false	1.0
trott	neg 1.0		neg 0.4839245648656208 off 0.4431984184733446 __DUMMY__ 0.07287701666103459	false	1.0
verminderung	neg 1.0		neg 0.47782330547833884 off 0.4498180547326363 __DUMMY__ 0.07235863978902467	false	1.0
nach			neg 0.48868367957744085 off 0.4376706925050071 __DUMMY__ 0.07364562791755208	false	0.0
rost	neg 1.0		neg 0.4731060671252269 off 0.4549178200864433 __DUMMY__ 0.07197611278832973	false	1.0
destruktiv	neg 1.0		neg 0.4874897707250126 off 0.44007413176001964 __DUMMY__ 0.07243609751496784	false	1.0
unzumutbarkeit	neg 1.0		neg 0.47758845952025414 off 0.4498594487463082 __DUMMY__ 0.07255209173343784	false	1.0
labil	off 1.0	off 1.0	off 0.7088197164001923 neg 0.256405505999988 __DUMMY__ 0.034774777599819735	false	1.0
ziemlich	neg 1.0		neg 0.4793727416988825 off 0.4480734419215541 __DUMMY__ 0.07255381637956337	false	1.0
lachnummer	off 1.0		neg 0.48763957414555104 off 0.43994026045886236 __DUMMY__ 0.07242016539558653	false	0.5
oder			neg 0.48375958371434 off 0.4432772986334289 __DUMMY__ 0.07296311765223103	false	0.0
verfall	neg 1.0		neg 0.4931329669510454 off 0.43388544161611 __DUMMY__ 0.07298159143284459	false	1.0
ausgrenzung	neg 1.0		neg 0.48521098111491723 off 0.442635798731496 __DUMMY__ 0.07215322015358668	false	1.0
unordnung	neg 1.0		neg 0.4781091993476958 off 0.44999843663424005 __DUMMY__ 0.07189236401806419	false	1.0
fehlverhalten	neg 1.0		neg 0.4902734887400156 off 0.4371546892681437 __DUMMY__ 0.07257182199184072	false	1.0
eine			neg 0.48907989498735627 off 0.4377881586742018 __DUMMY__ 0.07313194633844197	false	0.0
nille	neg 1.0		neg 0.4866312433495865 off 0.4410266974285787 __DUMMY__ 0.07234205922183475	false	1.0
qual	neg 1.0		neg 0.48427324489583207 off 0.4428932475354723 __DUMMY__ 0.07283350756869567	false	1.0
verschwenden	neg 1.0		neg 0.4881580867764322 off 0.4389435327263903 __DUMMY__ 0.07289838049717748	false	1.0
riesig	neg 1.0		neg 0.48386493986305834 off 0.44312106147311925 __DUMMY__ 0.07301399866382235	false	1.0
verurteilen	neg 1.0		neg 0.4884455631800025 off 0.4390456625546206 __DUMMY__ 0.0725087742653768	false	1.0
klischee	neg 1.0	neg 1.0	neg 0.7281882024456517 off 0.23704573140520166 __DUMMY__ 0.034766066149146596	false	1.0
diktatorisch	neg 1.0		neg 0.4872521278641167 off 0.44078891220689503 __DUMMY__ 0.07195895992898832	false	1.0
vorhersehbar	neg 1.0		neg 0.48453007770715395 off 0.4431188723003849 __DUMMY__ 0.07235104999246122	false	1.0
sowie			neg 0.4760018741972773 off 0.45214377565219 __DUMMY__ 0.07185435015053263	false	0.0
stornieren	neg 1.0		neg 0.47992427299908774 off 0.4470847926998104 __DUMMY__ 0.07299093430110186	false	1.0
besteuerung	neg 1.0		neg 0.4837778682249985 off 0.44366488009436444 __DUMMY__ 0.07255725168063702	false	1.0
ungeschminkt	neg 1.0		neg 0.47864066895108615 off 0.4488557786467314 __DUMMY__ 0.07250355240218245	false	1.0
kritisch	neg 1.0		neg 0.48973987896946075 off 0.4376667895853301 __DUMMY__ 0.07259333144520926	false	1.0
schlamperei	off 1.0		neg 0.48983093378023046 off 0.4377216422222566 __DUMMY__ 0.07244742399751287	false	0.5
sucht	neg 1.0	neg 1.0	neg 0.7254544933017805 off 0.23926064303263508 __DUMMY__ 0.03528486366558436	false	1.0
egoistisch	off 1.0		neg 0.47523059868234013 off 0.4525997095102718 __DUMMY__ 0.07216969180738808	false	0.5
ausbeuter	off 1.0		neg 0.4906939343525018 off 0.4367530575690597 __DUMMY__ 0.07255300807843863	false	0.5
arschgeburt	off 1.0		neg 0.4702630379443735 off 0.45847750789582126 __DUMMY__ 0.07125945415980517	false	0.5
schubs	neg 1.0	neg 1.0	neg 0.7288867678287199 off 0.23583766593261668 __DUMMY__ 0.03527556623866344	false	1.0
unsolide	neg 1.0		neg 0.48668710513905716 off 0.4419163103715302 __DUMMY__ 0.07139658448941273	false	1.0
beschwerde	neg 1.0		neg 0.48889994281323423 off 0.4386520052729663 __DUMMY__ 0.07244805191379941	false	1.0
stocken	neg 1.0		neg 0.4871058253681203 off 0.4400426772479985 __DUMMY__ 0.07285149738388118	false	1.0
isolieren	neg 1.0		neg 0.48355838389912503 off 0.44337773464814795 __DUMMY__ 0.07306388145272706	false	1.0
unheilbar	neg 1.0		neg 0.48332373668240003 off 0.44385129457762956 __DUMMY__ 0.07282496873997052	false	1.0
pisser	off 1.0		neg 0.47810750014706155 off 0.4498583062778031 __DUMMY__ 0.07203419357513528	false	0.5
löschen	neg 1.0		neg 0.4839563984607018 off 0.44343029805564055 __DUMMY__ 0.07261330348365767	false	1.0
durchfallen	neg 1.0		neg 0.48878976374364835 off 0.4384898046823064 __DUMMY__ 0.07272043157404522	false	1.0
wichser	off 1.0		neg 0.47168218130431894 off 0.45648332042829093 __DUMMY__ 0.07183449826739013	false	0.5
terror	neg 1.0		neg 0.48008151180924696 off 0.44715837526696844 __DUMMY__ 0.07276011292378472	false	1.0
krass	neg 1.0		neg 0.47652093560833536 off 0.4511402159421458 __DUMMY__ 0.07233884844951867	false	1.0
revolte	neg 1.0	neg 1.0	neg 0.7293157743387791 off 0.23616438400952922 __DUMMY__ 0.03451984165169154	false	1.0
besorgt	neg 1.0		neg 0.48418193257351405 off 0.442612320810746 __DUMMY__ 0.07320574661574013	false	1.0
nachlassen	neg 1.0		neg 0.48470584235418246 off 0.4421586084331019 __DUMMY__ 0.07313554921271574	false	1.0
alt	neg 1.0		neg 0.48706761006449417 off 0.4398154252902465 __DUMMY__ 0.07311696464525927	false	1.0
hundesohn	off 1.0		neg 0.47423863753469053 off 0.45423143218905965 __DUMMY__ 0.07152993027624983	false	0.5
als			neg 0.48643568277076404 off 0.44060150836378664 __DUMMY__ 0.07296280886544934	false	0.0
abschreckung	neg 1.0		neg 0.4910178725557204 off 0.43628488790621583 __DUMMY__ 0.07269723953806365	false	1.0
unqualifiziert	neg 1.0		neg 0.48424672625039966 off 0.4434162109697833 __DUMMY__ 0.07233706277981694	false	1.0
abgewichst	off 1.0		neg 0.48587891739767913 off 0.4414462293547875 __DUMMY__ 0.07267485324753341	false	0.5
schwer	neg 1.0		neg 0.48480596650618923 off 0.44232328320561953 __DUMMY__ 0.07287075028819114	false	1.0
bedeutungslosigkeit	neg 1.0		neg 0.4908220910732111 off 0.4365707605493297 __DUMMY__ 0.07260714837745902	false	1.0
kapitulation	neg 1.0		neg 0.4906160915677514 off 0.43720613279494636 __DUMMY__ 0.07217777563730227	false	1.0
unscharf	neg 1.0		neg 0.48129867249662295 off 0.44602029677691135 __DUMMY__ 0.07268103072646559	false	1.0
schwinden	neg 1.0		neg 0.48784378513061966 off 0.439140006718924 __DUMMY__ 0.0730162081504563	false	1.0
versklavung	neg 1.0		neg 0.4865283955541527 off 0.44136117045011153 __DUMMY__ 0.07211043399573558	false	1.0
schlecht	neg 1.0		neg 0.47872828420507 off 0.44866831182574324 __DUMMY__ 0.07260340396918687	false	1.0
verhasst	neg 1.0		neg 0.48622850565485776 off 0.4413583756092555 __DUMMY__ 0.0724131187358867	false	1.0
beschweren	neg 1.0		neg 0.48294480406236884 off 0.44429420959768273 __DUMMY__ 0.07276098633994857	false	1.0
scheiden	neg 1.0		neg 0.48511184304401805 off 0.44210705251433624 __DUMMY__ 0.07278110444164562	false	1.0
frustriert	neg 1.0		neg 0.48620074867263263 off 0.44098054195106795 __DUMMY__ 0.07281870937629942	false	1.0
schimmelig	neg 1.0		neg 0.4878748362212002 off 0.4393485316003179 __DUMMY__ 0.07277663217848174	false	1.0
fisch	neg 1.0		neg 0.4871859564958817 off 0.4399847764797687 __DUMMY__ 0.07282926702434968	false	1.0
schmuggel	neg 1.0		neg 0.4873276188212035 off 0.4394640314187952 __DUMMY__ 0.07320834976000129	false	1.0
auffallen	neg 1.0		neg 0.4828749104947969 off 0.4444552555028291 __DUMMY__ 0.07266983400237396	false	1.0
konkurrenz	neg 1.0		neg 0.49012930438239727 off 0.436929281235294 __DUMMY__ 0.07294141438230867	false	1.0
teufelskreis	neg 1.0		neg 0.486352225342798 off 0.44092728511277823 __DUMMY__ 0.07272048954442369	false	1.0
aufschreien	neg 1.0		neg 0.4840999310766138 off 0.4434541733317225 __DUMMY__ 0.07244589559166373	false	1.0
schuldner	neg 1.0		neg 0.48965391947381826 off 0.4377679906231177 __DUMMY__ 0.07257808990306418	false	1.0
missgeburt	off 1.0	off 1.0	off 0.7111659915240881 neg 0.25435104678274584 __DUMMY__ 0.034482961693165996	false	1.0
arbeitslos	neg 1.0		neg 0.4883280031862715 off 0.43907041948556824 __DUMMY__ 0.07260157732816029	false	1.0
befallen	neg 1.0		neg 0.4881685637946143 off 0.4393623795159726 __DUMMY__ 0.07246905668941302	false	1.0
miesepetrig	off 1.0		neg 0.4775802201824718 off 0.44958928559526473 __DUMMY__ 0.07283049422226334	false	0.5
alarmieren	neg 1.0		neg 0.4815559340103857 off 0.4462214403686121 __DUMMY__ 0.07222262562100229	false	1.0
ungeduscht	off 1.0		neg 0.4812583463311769 off 0.44606196604804016 __DUMMY__ 0.07267968762078292	false	0.5
knappheit	neg 1.0		neg 0.4876266853430818 off 0.4397641225476512 __DUMMY__ 0.07260919210926717	false	1.0
schlange	neg 1.0		neg 0.4819129882852928 off 0.4451150126553359 __DUMMY__ 0.07297199905937148	false	1.0
harsch	neg 1.0		neg 0.4720376490833297 off 0.45547441515447573 __DUMMY__ 0.07248793576219459	false	1.0
lang	neg 1.0		neg 0.48300922121790596 off 0.4442325197517164 __DUMMY__ 0.07275825903037778	false	1.0
ziellos	neg 1.0		neg 0.4871201771034251 off 0.43995963272998306 __DUMMY__ 0.0729201901665919	false	1.0
selbstverliebt	neg 1.0		neg 0.4726985192436239 off 0.45589783796049904 __DUMMY__ 0.07140364279587717	false	1.0
beseitigen	neg 1.0		neg 0.4831217112650149 off 0.44407036958790114 __DUMMY__ 0.07280791914708397	false	1.0
dumm	off 1.0		neg 0.47504861718127106 off 0.45290566147695016 __DUMMY__ 0.07204572134177892	false	0.5
arbeitsloser	neg 1.0		neg 0.4891261844739159 off 0.438241374859314 __DUMMY__ 0.07263244066676999	false	1.0
blitzen	neg 1.0		neg 0.4810119426199051 off 0.44641099457116284 __DUMMY__ 0.07257706280893204	false	1.0
hilflos	neg 1.0		neg 0.48636297244262233 off 0.4407742299494162 __DUMMY__ 0.07286279760796142	false	1.0
eklig	off 1.0		neg 0.47467730369114525 off 0.4534131134027859 __DUMMY__ 0.07190958290606886	false	0.5
begriff			neg 0.4867217406074264 off 0.440570999637798 __DUMMY__ 0.07270725975477556	false	0.0
hungersnot	neg 1.0		neg 0.4878423104071534 off 0.43999625942609477 __DUMMY__ 0.07216143016675182	false	1.0
ungesetzlich	neg 1.0		neg 0.4862256919251334 off 0.4418685651840741 __DUMMY__ 0.07190574289079264	false	1.0
verschwendung	neg 1.0		neg 0.4891619399491456 off 0.4379302978490155 __DUMMY__ 0.07290776220183882	false	1.0
schmerzvoll	neg 1.0		neg 0.4828003232574766 off 0.4444160423753186 __DUMMY__ 0.07278363436720475	false	1.0
vorzeitig	neg 1.0		neg 0.4798735485693243 off 0.4476957284185836 __DUMMY__ 0.07243072301209201	false	1.0
unvollkommenheit	neg 1.0		neg 0.48401101730150053 off 0.44321141418894205 __DUMMY__ 0.07277756850955736	false	1.0
intervenieren	neg 1.0		neg 0.49055749588100656 off 0.436955252946587 __DUMMY__ 0.07248725117240656	false	1.0
banause	off 1.0		neg 0.47307396139899854 off 0.4550608392277628 __DUMMY__ 0.07186519937323849	false	0.5
rebell	neg 1.0		neg 0.4889928832786246 off 0.43794396746379727 __DUMMY__ 0.07306314925757804	false	1.0
unlogisch	neg 1.0		neg 0.4786678170474481 off 0.4491750750695482 __DUMMY__ 0.07215710788300372	false	1.0
leiden	neg 1.0	neg 1.0	neg 0.7279268310470818 off 0.2363472902291369 __DUMMY__ 0.03572587872378131	false	1.0
abschaffung	neg 1.0		neg 0.4857932041507643 off 0.4419055152945217 __DUMMY__ 0.07230128055471394	false	1.0
sturz	neg 1.0		neg 0.48474901008928983 off 0.4429092127712011 __DUMMY__ 0.07234177713950911	false	1.0
verkleinerung	neg 1.0		neg 0.4843191766805344 off 0.44375622499913076 __DUMMY__ 0.07192459832033479	false	1.0
schmarotzer	off 1.0		neg 0.4894675211459446 off 0.43805294355757596 __DUMMY__ 0.07247953529647949	false	0.5
bestrafung	neg 1.0		neg 0.4838560542855553 off 0.44349811102294573 __DUMMY__ 0.07264583469149906	false	1.0
achtlos	neg 1.0		neg 0.4843166822263168 off 0.4427276150501899 __DUMMY__ 0.07295570272349321	false	1.0
ungeheuer	neg 1.0		neg 0.48252000596036426 off 0.44484338736885815 __DUMMY__ 0.07263660667077759	false	1.0
unaufrichtig	neg 1.0		neg 0.48330173344513083 off 0.44441894466244597 __DUMMY__ 0.07227932189242316	false	1.0
groggy	neg 1.0		neg 0.4817829045072211 off 0.44572272721068135 __DUMMY__ 0.07249436828209761	false	1.0
verletzlich	neg 1.0		neg 0.4790783328077977 off 0.4484490376145988 __DUMMY__ 0.0724726295776034	false	1.0
