unsolidarisch	neg 1.0		__DUMMY__ 0.9339428890449765 neg 0.035968503835354965 off 0.030088607119668594	false	1.0
nachteilig	neg 1.0		__DUMMY__ 0.9396595062138855 neg 0.03307708029088608 off 0.02726341349522836	false	1.0
skeptisch	neg 1.0		__DUMMY__ 0.9413658383958102 neg 0.03330199068929414 off 0.02533217091489558	false	1.0
schrecklich	neg 1.0		__DUMMY__ 0.9367918203191996 off 0.034378117789359675 neg 0.0288300618914408	false	0.5
schlapp	neg 1.0		__DUMMY__ 0.9408735316523443 off 0.031019368749609384 neg 0.028107099598046335	false	0.5
abfall	neg 1.0		__DUMMY__ 0.9423427505215092 neg 0.03342350377509249 off 0.02423374570339828	false	1.0
widerspenstig	neg 1.0		__DUMMY__ 0.9426364455829339 neg 0.02926341392949122 off 0.02810014048757494	false	1.0
abrupt	neg 1.0		__DUMMY__ 0.9442048696575123 neg 0.028505669447576418 off 0.027289460894911213	false	1.0
unwirksam	neg 1.0		__DUMMY__ 0.9345453735498724 neg 0.03587512622294214 off 0.029579500227185418	false	1.0
angreifen	neg 1.0		__DUMMY__ 0.939776474315581 neg 0.03369706138082477 off 0.026526464303594254	false	1.0
inkonsistent	neg 1.0		__DUMMY__ 0.9391962991263874 neg 0.030663143959489412 off 0.0301405569141232	false	1.0
abrutschen	neg 1.0		__DUMMY__ 0.9428448231587828 neg 0.03290090656586818 off 0.02425427027534899	false	1.0
unsicher	neg 1.0		__DUMMY__ 0.9404191399570295 neg 0.030908863361043596 off 0.02867199668192679	false	1.0
bauernkind	off 1.0		__DUMMY__ 0.9331510912213309 off 0.03659909692021173 neg 0.030249811858457286	false	1.0
angreifer	neg 1.0		__DUMMY__ 0.9369503247184708 neg 0.031792734088666404 off 0.03125694119286265	false	1.0
trennen	neg 1.0		__DUMMY__ 0.943996162156329 neg 0.030563980089651572 off 0.025439857754019433	false	1.0
schmutz	neg 1.0		__DUMMY__ 0.9432446946731252 off 0.031720814677577924 neg 0.02503449064929684	false	0.5
inkonsistenz	neg 1.0	neg 1.0	neg 0.49914336523527925 __DUMMY__ 0.47253625026613993 off 0.028320384498580816	false	1.0
erschreckend	neg 1.0		__DUMMY__ 0.9393198375999587 neg 0.03257994539139028 off 0.02810021700865094	false	1.0
ertrinken	neg 1.0		__DUMMY__ 0.9427558378082324 neg 0.030797826919210253 off 0.026446335272557325	false	1.0
pickelface	off 1.0		__DUMMY__ 0.9378897284614472 neg 0.032553893782616514 off 0.02955637775593625	false	0.5
seiner			__DUMMY__ 0.9407596630737491 neg 0.03307838946928219 off 0.026161947456968714	false	0.0
lauch	neg 1.0		__DUMMY__ 0.9423891567982231 neg 0.032759330457296454 off 0.02485151274448046	false	1.0
unwichtig	neg 1.0		__DUMMY__ 0.9382124628866274 off 0.03173679846263623 neg 0.030050738650736437	false	0.5
steuerhinterziehung	neg 1.0		__DUMMY__ 0.9361799049567184 neg 0.03492815743022482 off 0.028891937613056782	false	1.0
schock	neg 1.0		__DUMMY__ 0.9435581062995215 neg 0.029168197069737865 off 0.027273696630740717	false	1.0
beule	neg 1.0		__DUMMY__ 0.9401171980668735 off 0.031810033139400895 neg 0.028072768793725538	false	0.5
vergelten	neg 1.0		__DUMMY__ 0.9350412363101159 off 0.035804992698865744 neg 0.029153770991018364	false	0.5
verdorbenheit	neg 1.0		__DUMMY__ 0.9412393810664019 neg 0.029721503560706238 off 0.029039115372891756	false	1.0
trauma	neg 1.0		__DUMMY__ 0.9392236609753231 neg 0.030820355981506564 off 0.02995598304317042	false	1.0
sinnlos	neg 1.0		__DUMMY__ 0.9392145834894836 neg 0.03060711964700094 off 0.030178296863515506	false	1.0
fettsack	off 1.0	off 1.0	off 0.5026036336933365 __DUMMY__ 0.47026436964639406 neg 0.027131996660269442	false	1.0
feige	off 1.0		__DUMMY__ 0.9368497158178207 off 0.03164077301836841 neg 0.03150951116381091	false	1.0
abdanken	neg 1.0		__DUMMY__ 0.9341273666677654 neg 0.03654528048188869 off 0.029327352850345944	false	1.0
wichtigtuer	off 1.0	off 1.0	off 0.49750119088777806 __DUMMY__ 0.4726438902797114 neg 0.029854918832510558	false	1.0
misslingen	neg 1.0		__DUMMY__ 0.9434939664151201 off 0.029708944474810647 neg 0.026797089110069217	false	0.5
untreu	off 1.0		__DUMMY__ 0.9380601776411418 off 0.032180013585214176 neg 0.029759808773643943	false	1.0
missmutig	neg 1.0		__DUMMY__ 0.940520719837182 off 0.030960404846339343 neg 0.028518875316478638	false	0.5
hurenbock	off 1.0		__DUMMY__ 0.9432510190745286 off 0.028998812861069877 neg 0.027750168064401552	false	1.0
betrunken	neg 1.0		__DUMMY__ 0.9391708602298915 off 0.032725449562933565 neg 0.028103690207174972	false	0.5
korrupt	off 1.0		__DUMMY__ 0.9361795799440272 neg 0.03566638999699937 off 0.028154030058973323	false	0.5
unmut	neg 1.0		__DUMMY__ 0.941027828058542 neg 0.034032661445851875 off 0.024939510495606138	false	1.0
hackfresse	off 1.0		__DUMMY__ 0.9354710101601907 off 0.036600085702763574 neg 0.027928904137045643	false	1.0
aufblasen	neg 1.0		__DUMMY__ 0.9415449465431276 off 0.02927804539142824 neg 0.02917700806544409	false	0.5
gewaltsam	neg 1.0		__DUMMY__ 0.9371562577372965 neg 0.03294457610386491 off 0.029899166158838565	false	1.0
unbeliebtheit	neg 1.0		__DUMMY__ 0.9328192520176438 off 0.033991163974630985 neg 0.033189584007725204	false	0.5
sturheit	neg 1.0		__DUMMY__ 0.9384970424500297 neg 0.03302399252859243 off 0.02847896502137788	false	1.0
kuh	neg 1.0		__DUMMY__ 0.9388545859760016 neg 0.03177386491908253 off 0.029371549104915913	false	1.0
erschrecken	neg 1.0		__DUMMY__ 0.9395979810936553 off 0.030858458300664394 neg 0.029543560605680336	false	0.5
opfer	neg 1.0		__DUMMY__ 0.9406303040970804 neg 0.03271950231783134 off 0.026650193585088248	false	1.0
sinken	neg 1.0		__DUMMY__ 0.9411674747455236 neg 0.03366296368117892 off 0.02516956157329735	false	1.0
stinktier	neg 1.0		__DUMMY__ 0.9353068352025523 off 0.03457827615920575 neg 0.030114888638241955	false	0.5
tucke	off 1.0		__DUMMY__ 0.9370961940249022 off 0.03654584565822187 neg 0.02635796031687587	false	1.0
ein			__DUMMY__ 0.9427389443492092 neg 0.028713114861299512 off 0.02854794078949123	false	0.0
abstieg	neg 1.0		__DUMMY__ 0.9384507345014829 neg 0.033477527852942605 off 0.028071737645574513	false	1.0
missverstehen	neg 1.0		__DUMMY__ 0.9371242870069144 neg 0.032583405504486615 off 0.030292307488598926	false	1.0
ergebnislos	neg 1.0		__DUMMY__ 0.939133549345833 neg 0.03320421252853128 off 0.02766223812563578	false	1.0
unter			__DUMMY__ 0.9470557559541081 neg 0.0315123902246847 off 0.021431853821207287	false	0.0
manipulieren	neg 1.0		__DUMMY__ 0.9413662594610255 neg 0.032266496028955254 off 0.026367244510019188	false	1.0
unbewiesen	neg 1.0		__DUMMY__ 0.9338046991543271 neg 0.03621391038326487 off 0.029981390462408143	false	1.0
verschleppen	neg 1.0		__DUMMY__ 0.9398594703047425 neg 0.03257633597459843 off 0.02756419372065909	false	1.0
weib	off 1.0		__DUMMY__ 0.9348982664419672 off 0.037455481888597146 neg 0.027646251669435684	false	1.0
opposition	neg 1.0		__DUMMY__ 0.9359556960531622 neg 0.03383169456217858 off 0.03021260938465929	false	1.0
verkehrswidrig	neg 1.0		__DUMMY__ 0.9394435624694868 off 0.03499289122834954 neg 0.025563546302163676	false	0.5
inkorrekt	neg 1.0		__DUMMY__ 0.9341941090710477 off 0.03292132341323287 neg 0.03288456751571937	false	0.5
vermeiden	neg 1.0		__DUMMY__ 0.9452753958241441 neg 0.031630263441459375 off 0.023094340734396545	false	1.0
abweichung	neg 1.0		__DUMMY__ 0.936236030403207 neg 0.03590427834733976 off 0.027859691249453197	false	1.0
alkoholisiert	neg 1.0		__DUMMY__ 0.9444018341127001 neg 0.02887969880311555 off 0.026718467084184374	false	1.0
scheiss	off 1.0	off 1.0	off 0.4993874621585221 __DUMMY__ 0.4742901346473541 neg 0.026322403194123888	false	1.0
herausforderung	neg 1.0		__DUMMY__ 0.9444327309709091 neg 0.02866475580067978 off 0.02690251322841106	false	1.0
pervers	off 1.0		__DUMMY__ 0.933348413691436 off 0.03931677619481134 neg 0.027334810113752644	false	1.0
wackelig	neg 1.0		__DUMMY__ 0.9447639222129015 neg 0.02865947326102862 off 0.026576604526069882	false	1.0
verwickeln	neg 1.0		__DUMMY__ 0.9380824458271172 neg 0.03183301960655111 off 0.030084534566331752	false	1.0
vorwand	neg 1.0		__DUMMY__ 0.9399893623293024 neg 0.03452514033671381 off 0.02548549733398375	false	1.0
muschi	off 1.0		__DUMMY__ 0.9377866707220062 neg 0.0328921232065071 off 0.029321206071486736	false	0.5
entmutigung	neg 1.0		__DUMMY__ 0.9328736179424818 neg 0.03555646031000017 off 0.03156992174751804	false	1.0
unangemessen	neg 1.0		__DUMMY__ 0.9375211969846867 neg 0.034803576115627996 off 0.027675226899685223	false	1.0
unstetig	neg 1.0		__DUMMY__ 0.938499492491932 off 0.031187181775925926 neg 0.03031332573214211	false	0.5
entmutigen	neg 1.0		__DUMMY__ 0.9409585476941954 neg 0.029635776593440806 off 0.029405675712363886	false	1.0
schwanz	neg 1.0		__DUMMY__ 0.9399889164832612 neg 0.03254723301339551 off 0.027463850503343216	false	1.0
verbot	neg 1.0		__DUMMY__ 0.9362663506417251 neg 0.0352942767720987 off 0.02843937258617614	false	1.0
leid	neg 1.0		__DUMMY__ 0.9363452619582567 off 0.03535172677662062 neg 0.02830301126512253	false	0.5
archaisch	neg 1.0		__DUMMY__ 0.9385898122123185 neg 0.03352798980088283 off 0.027882197986798574	false	1.0
gegen			__DUMMY__ 0.9385157047446488 neg 0.035483049284684855 off 0.026001245970666324	false	0.0
scheidung	neg 1.0	neg 1.0	neg 0.48848125747392684 __DUMMY__ 0.470823133207615 off 0.040695609318458205	false	1.0
einschlag	neg 1.0		__DUMMY__ 0.9348271195752085 off 0.03513300688894713 neg 0.030039873535844346	false	0.5
m			__DUMMY__ 0.9417806206451939 neg 0.030491307471132035 off 0.02772807188367401	false	0.0
abgestanden	neg 1.0		__DUMMY__ 0.9427214385810024 neg 0.029396900939954323 off 0.027881660479043256	false	1.0
schmierig	off 1.0		__DUMMY__ 0.9376935084945106 off 0.03455571883831846 neg 0.02775077266717085	false	1.0
unpraktisch	neg 1.0		__DUMMY__ 0.9420306437395065 off 0.02903752570735585 neg 0.028931830553137704	false	0.5
wixxer	off 1.0		__DUMMY__ 0.9325273430127456 off 0.039527844932384315 neg 0.027944812054870077	false	1.0
bezeichnet			__DUMMY__ 0.9378961183127953 neg 0.03350481513659082 off 0.02859906655061384	false	0.0
jammerlappen	off 1.0		__DUMMY__ 0.9382559488196036 off 0.0316804189652312 neg 0.030063632215165177	false	1.0
farce	neg 1.0		__DUMMY__ 0.9344358728678114 neg 0.0366828789127865 off 0.028881248219402217	false	1.0
zwecklos	neg 1.0		__DUMMY__ 0.938474726226823 neg 0.034158548886045054 off 0.027366724887131908	false	1.0
turbulent	neg 1.0		__DUMMY__ 0.9365358685562001 off 0.03414280030761931 neg 0.029321331136180625	false	0.5
invasion	neg 1.0		__DUMMY__ 0.9401245514592462 off 0.030756572200722348 neg 0.029118876340031498	false	0.5
schuld	neg 1.0		__DUMMY__ 0.9386996623007843 neg 0.03186811171375425 off 0.029432225985461424	false	1.0
risiko	neg 1.0		__DUMMY__ 0.9420221001625684 off 0.03080307146073192 neg 0.02717482837669963	false	0.5
finster	neg 1.0		__DUMMY__ 0.9421398742337103 neg 0.02965684417553744 off 0.028203281590752242	false	1.0
geisteskrank	off 1.0		__DUMMY__ 0.9351355510394563 off 0.03308899262252298 neg 0.031775456338020584	false	1.0
zusammenbrechen	neg 1.0		__DUMMY__ 0.9413803163513523 neg 0.030815268690212592 off 0.02780441495843502	false	1.0
ausbeute	neg 1.0		__DUMMY__ 0.943166249810621 neg 0.030417075373169834 off 0.02641667481620921	false	1.0
hinterhalt	neg 1.0		__DUMMY__ 0.9402610814016475 neg 0.030342125870863393 off 0.029396792727489015	false	1.0
kritik	neg 1.0		__DUMMY__ 0.9357227821799305 neg 0.03546360261796389 off 0.02881361520210552	false	1.0
einschrumpfen	neg 1.0		__DUMMY__ 0.9357080340230308 neg 0.032589055203826454 off 0.0317029107731427	false	1.0
riskant	neg 1.0		__DUMMY__ 0.9406838700341087 neg 0.03289941257482584 off 0.026416717391065422	false	1.0
frustrieren	neg 1.0		__DUMMY__ 0.9403482679363409 neg 0.03322500986650308 off 0.026426722197156045	false	1.0
groll	neg 1.0		__DUMMY__ 0.9393054848612685 neg 0.03320460411515369 off 0.0274899110235778	false	1.0
gibt			__DUMMY__ 0.9401416424097997 neg 0.032160234491100094 off 0.02769812309910028	false	0.0
qualvoll	neg 1.0		__DUMMY__ 0.9407701151403622 off 0.030006019658597838 neg 0.029223865201039895	false	0.5
wackeln	neg 1.0		__DUMMY__ 0.9424650362180337 off 0.0288561595127133 neg 0.02867880426925305	false	0.5
klagen	neg 1.0		__DUMMY__ 0.9394685077291027 neg 0.035046319605410235 off 0.025485172665487013	false	1.0
bankrott	neg 1.0		__DUMMY__ 0.9394256306356655 off 0.03160682557741125 neg 0.028967543786923233	false	0.5
trauern	neg 1.0		__DUMMY__ 0.9411171253897664 neg 0.03237632358713969 off 0.026506551023093874	false	1.0
ablehnung	neg 1.0	neg 1.0	neg 0.5019774046610983 __DUMMY__ 0.4719252928311437 off 0.026097302507757957	false	1.0
stur	neg 1.0		__DUMMY__ 0.938894748851538 neg 0.031454004541407295 off 0.029651246607054635	false	1.0
aufruhr	neg 1.0		__DUMMY__ 0.9367552789495229 neg 0.03357173124656092 off 0.02967298980391626	false	1.0
melancholie	neg 1.0		__DUMMY__ 0.9439315977249885 neg 0.029415272659409682 off 0.026653129615601866	false	1.0
ist			__DUMMY__ 0.9389539553415543 neg 0.031326815437115074 off 0.02971922922133062	false	0.0
torheit	neg 1.0		__DUMMY__ 0.934845049324202 neg 0.03487297205097803 off 0.030281978624819995	false	1.0
dreckskind	off 1.0		__DUMMY__ 0.9326174616922522 off 0.0361842969515443 neg 0.031198241356203468	false	1.0
umtauschen	neg 1.0		__DUMMY__ 0.9421519997289634 neg 0.02997461119618546 off 0.027873389074851197	false	1.0
zum			__DUMMY__ 0.946177190981135 neg 0.03059507275086555 off 0.02322773626799953	false	0.0
zersetzen	neg 1.0		__DUMMY__ 0.9403059746630519 neg 0.03376122369703258 off 0.025932801639915567	false	1.0
zur			__DUMMY__ 0.9415363162588896 neg 0.03474626993555538 off 0.023717413805555056	false	0.0
frust	neg 1.0		__DUMMY__ 0.94060946762763 neg 0.03165267204326649 off 0.02773786032910355	false	1.0
unerbittlichkeit	neg 1.0		__DUMMY__ 0.9401368586173757 neg 0.033282425119440164 off 0.026580716263184055	false	1.0
zwei			__DUMMY__ 0.9446886423951408 neg 0.030858824555327728 off 0.02445253304953136	false	0.0
unkorrekt	neg 1.0		__DUMMY__ 0.9344855042426857 off 0.03317456036642812 neg 0.03233993539088613	false	0.5
hexe	off 1.0		__DUMMY__ 0.9392114550034101 off 0.03163445002034722 neg 0.029154094976242707	false	1.0
lasch	neg 1.0		__DUMMY__ 0.9372242106817633 neg 0.03167117033197159 off 0.031104618986265025	false	1.0
rivale	neg 1.0		__DUMMY__ 0.9356777331880742 off 0.03470512446345299 neg 0.02961714234847288	false	0.5
mutlos	off 1.0	off 1.0	off 0.494824539214384 __DUMMY__ 0.4740200412417752 neg 0.031155419543840664	false	1.0
wirr	off 1.0		__DUMMY__ 0.9352683602231223 off 0.03405609426306496 neg 0.03067554551381274	false	1.0
jahr			__DUMMY__ 0.9436262549322627 neg 0.03044056322383492 off 0.025933181843902454	false	0.0
wird			__DUMMY__ 0.9405223485673688 neg 0.03277665601728734 off 0.0267009954153438	false	0.0
strafbar	neg 1.0		__DUMMY__ 0.9375550636961028 neg 0.03552171309825017 off 0.026923223205647082	false	1.0
erosion	neg 1.0		__DUMMY__ 0.9410832407157288 off 0.029606984342215488 neg 0.029309774942055698	false	0.5
eingehen	neg 1.0		__DUMMY__ 0.9392032242781737 neg 0.033619283867719445 off 0.027177491854106946	false	1.0
faul	off 1.0		__DUMMY__ 0.9408595727078897 off 0.030949374771940565 neg 0.028191052520169735	false	1.0
provisorium	neg 1.0		__DUMMY__ 0.946114593699631 neg 0.03281564512328387 off 0.021069761177085106	false	1.0
schmerzen	neg 1.0		__DUMMY__ 0.9420170314992142 neg 0.030599488960654876 off 0.027383479540130883	false	1.0
schrumpfen	neg 1.0		__DUMMY__ 0.9430911648291058 neg 0.03348848447852471 off 0.023420350692369408	false	1.0
geistlos	off 1.0		__DUMMY__ 0.9342751659629863 neg 0.03437227072426271 off 0.031352563312750985	false	0.5
fehlkauf	neg 1.0		__DUMMY__ 0.9378572326249747 neg 0.031335958433961544 off 0.030806808941063756	false	1.0
frustrierend	neg 1.0		__DUMMY__ 0.9391194580632449 off 0.030935268856607905 neg 0.02994527308014719	false	0.5
unzufrieden	neg 1.0		__DUMMY__ 0.9395765202057934 neg 0.03307824232142491 off 0.027345237472781787	false	1.0
verzweifeln	neg 1.0		__DUMMY__ 0.9406878387776515 neg 0.030981540791870064 off 0.02833062043047855	false	1.0
verzweifelt	neg 1.0		__DUMMY__ 0.9389676895712344 neg 0.03149092025383969 off 0.029541390174925856	false	1.0
misstrauensantrag	neg 1.0		__DUMMY__ 0.9361656013487681 neg 0.03316179744700864 off 0.03067260120422321	false	1.0
abfallen	neg 1.0		__DUMMY__ 0.9437232558636351 off 0.028678171073242907 neg 0.027598573063121946	false	0.5
fucker	off 1.0		__DUMMY__ 0.9357438319411021 off 0.03416460591417441 neg 0.03009156214472341	false	1.0
ungezogen	neg 1.0		__DUMMY__ 0.9354990550685232 off 0.03751066511769422 neg 0.026990279813782617	false	0.5
irrsinnig	neg 1.0	neg 1.0	neg 0.4998058910615744 __DUMMY__ 0.4734864426422835 off 0.026707666296142046	false	1.0
unfassbar	neg 1.0		__DUMMY__ 0.9384099465774892 off 0.03195768613877564 neg 0.02963236728373505	false	0.5
hart	neg 1.0		__DUMMY__ 0.9377153926205307 off 0.031850019672324786 neg 0.030434587707144477	false	0.5
widerlich	off 1.0		__DUMMY__ 0.9366357817026366 off 0.032644823231593886 neg 0.030719395065769484	false	1.0
fatal	neg 1.0		__DUMMY__ 0.9381641049426187 neg 0.03106786342981913 off 0.030768031627562115	false	1.0
bruch	neg 1.0		__DUMMY__ 0.9384621051601533 neg 0.03622817158153878 off 0.025309723258307975	false	1.0
aushungern	neg 1.0		__DUMMY__ 0.9363812275255661 neg 0.03383823081552088 off 0.029780541658913	false	1.0
anspannung	neg 1.0		__DUMMY__ 0.9445382711253123 neg 0.03126516364868608 off 0.024196565226001623	false	1.0
von			__DUMMY__ 0.9426988738071596 neg 0.0319522824963407 off 0.0253488436964997	false	0.0
kraftlos	neg 1.0		__DUMMY__ 0.9441807319315484 neg 0.029216763899311025 off 0.026602504169140576	false	1.0
vom			__DUMMY__ 0.945786479480937 neg 0.03252020603493266 off 0.021693314484130328	false	0.0
grenzdebil	off 1.0		__DUMMY__ 0.9385626184862403 off 0.03258162612027485 neg 0.02885575539348478	false	1.0
vor			__DUMMY__ 0.9426778532995664 neg 0.03238285514059697 off 0.02493929155983668	false	0.0
unterwerfen	neg 1.0		__DUMMY__ 0.9397846929023382 neg 0.03330033466042533 off 0.026914972437236395	false	1.0
versenkung	neg 1.0		__DUMMY__ 0.9400740465330367 neg 0.03332151590874857 off 0.026604437558214688	false	1.0
entziehen	neg 1.0		__DUMMY__ 0.9403432465637063 neg 0.03452617855568497 off 0.025130574880608686	false	1.0
finanzkrise	neg 1.0		__DUMMY__ 0.936338704868618 neg 0.034531182354491465 off 0.02913011277689047	false	1.0
schimpfend	neg 1.0		__DUMMY__ 0.9447414125481925 off 0.02897948114039615 neg 0.026279106311411355	false	0.5
profan	neg 1.0		__DUMMY__ 0.9393301734726108 neg 0.03062845370940961 off 0.030041372817979594	false	1.0
korruption	neg 1.0		__DUMMY__ 0.9363933075228625 neg 0.03551077137420518 off 0.028095921102932256	false	1.0
â			__DUMMY__ 0.941491805058197 neg 0.03137511544918189 off 0.027133079492621195	false	0.0
schmutzig	neg 1.0		__DUMMY__ 0.9408131794981279 off 0.032062844737600286 neg 0.027123975764271814	false	0.5
sexy	neg 1.0		__DUMMY__ 0.9388126844496406 off 0.03150890834103115 neg 0.02967840720932823	false	0.5
abraten	neg 1.0		__DUMMY__ 0.9402742859673822 neg 0.03040575254697839 off 0.029319961485639427	false	1.0
schwarz	neg 1.0		__DUMMY__ 0.9384729668292969 neg 0.03140361053096544 off 0.030123422639737513	false	1.0
fotze	off 1.0		__DUMMY__ 0.9386025478008241 neg 0.033364632487950865 off 0.028032819711225142	false	0.5
verwirren	neg 1.0		__DUMMY__ 0.9388403174889716 off 0.030658752185578703 neg 0.03050093032544975	false	0.5
zahnlos	off 1.0		__DUMMY__ 0.9379184969921528 neg 0.034432025780863504 off 0.027649477226983764	false	0.5
verheeren	neg 1.0		__DUMMY__ 0.9329556963074002 off 0.03941529599215175 neg 0.027629007700448027	false	0.5
hippie	neg 1.0		__DUMMY__ 0.938491458134332 off 0.03145121059808712 neg 0.030057331267580884	false	0.5
rammen	neg 1.0		__DUMMY__ 0.9393790693785582 neg 0.030436775894085968 off 0.03018415472735582	false	1.0
unlauter	neg 1.0	neg 1.0	neg 0.5000763394975832 __DUMMY__ 0.47199382996415995 off 0.027929830538256824	false	1.0
unheilvoll	neg 1.0		__DUMMY__ 0.9407419561643872 neg 0.02966248902781487 off 0.029595554807797974	false	1.0
niedrig	neg 1.0		__DUMMY__ 0.9393538274275399 neg 0.033678345982324824 off 0.02696782659013531	false	1.0
explosion	neg 1.0		__DUMMY__ 0.9396729595894684 off 0.030926255956339643 neg 0.029400784454191937	false	0.5
weichei	off 1.0		__DUMMY__ 0.9354893130836631 off 0.03578702520189869 neg 0.028723661714438246	false	1.0
minusmensch	off 1.0		__DUMMY__ 0.9300533386917789 off 0.039496026125076585 neg 0.03045063518314452	false	1.0
farblos	neg 1.0		__DUMMY__ 0.9405281891045143 neg 0.030474241613097235 off 0.028997569282388523	false	1.0
unwissend	neg 1.0		__DUMMY__ 0.9371419750175862 off 0.032037425092279706 neg 0.030820599890134106	false	0.5
traurig	neg 1.0		__DUMMY__ 0.938532594809653 off 0.03365151657878345 neg 0.027815888611563457	false	0.5
senkung	neg 1.0		__DUMMY__ 0.9385004024656682 off 0.030817501549672482 neg 0.03068209598465925	false	0.5
ungleich	neg 1.0	neg 1.0	neg 0.5014704460666352 __DUMMY__ 0.47418115537278327 off 0.024348398560581606	false	1.0
heikel	neg 1.0		__DUMMY__ 0.9402477488225625 neg 0.033940070388321995 off 0.025812180789115593	false	1.0
drosselung	neg 1.0		__DUMMY__ 0.9386744611192734 off 0.03369017238891427 neg 0.02763536649181234	false	0.5
falsch	neg 1.0		__DUMMY__ 0.9384082463605861 off 0.03125184468248407 neg 0.03033990895692982	false	0.5
unzufriedenheit	neg 1.0		__DUMMY__ 0.9403758970832328 neg 0.03377480041102166 off 0.025849302505745516	false	1.0
kurz	neg 1.0		__DUMMY__ 0.9429684249945666 neg 0.029752426364320197 off 0.027279148641113186	false	1.0
unsinnig	neg 1.0		__DUMMY__ 0.9389251221916738 neg 0.03347144399711306 off 0.02760343381121315	false	1.0
penner	off 1.0	off 1.0	off 0.5037369367796168 __DUMMY__ 0.47121897334214535 neg 0.025044089878237755	false	1.0
seicht	neg 1.0		__DUMMY__ 0.9328986330516124 off 0.03786001862219259 neg 0.02924134832619509	false	0.5
dummheit	off 1.0	off 1.0	off 0.4979318157289289 __DUMMY__ 0.4728093846851814 neg 0.02925879958588965	false	1.0
unerfreulich	neg 1.0		__DUMMY__ 0.9413938046589934 neg 0.033310472241482064 off 0.025295723099524544	false	1.0
motherfucker	off 1.0	off 1.0	off 0.5011867815765916 __DUMMY__ 0.471637133002931 neg 0.02717608542047742	false	1.0
pikiert	neg 1.0		__DUMMY__ 0.937371237008675 off 0.031786720597587984 neg 0.030842042393737112	false	0.5
wrack	neg 1.0		__DUMMY__ 0.9408158471564655 neg 0.03216590445812898 off 0.027018248385405567	false	1.0
gangster	neg 1.0		__DUMMY__ 0.9387460054099223 off 0.030838106763766544 neg 0.030415887826311185	false	0.5
krank	neg 1.0		__DUMMY__ 0.9400999309179646 off 0.03220786318428767 neg 0.02769220589774761	false	0.5
reich	neg 1.0		__DUMMY__ 0.9332037325823975 neg 0.033994086670916905 off 0.032802180746685596	false	1.0
gnadenlos	neg 1.0		__DUMMY__ 0.9387172576664097 neg 0.03176031050150042 off 0.02952243183208995	false	1.0
niedergeschlagen	neg 1.0		__DUMMY__ 0.9414239410135281 neg 0.030914481370177497 off 0.027661577616294352	false	1.0
terrorisieren	off 1.0	off 1.0	off 0.49438599557881147 __DUMMY__ 0.47582838597352084 neg 0.029785618447667753	false	1.0
sinnlosigkeit	neg 1.0		__DUMMY__ 0.9387386329034523 neg 0.03366022321176798 off 0.027601143884779782	false	1.0
behindern	neg 1.0		__DUMMY__ 0.9414092826730852 neg 0.030142197009336603 off 0.028448520317578167	false	1.0
undemokratisch	neg 1.0		__DUMMY__ 0.935394352207435 neg 0.034136239442531885 off 0.030469408350033117	false	1.0
wirtschaftskrise	neg 1.0		__DUMMY__ 0.9381189224987178 neg 0.033995560834243675 off 0.027885516667038656	false	1.0
neid	neg 1.0		__DUMMY__ 0.9413942119021194 off 0.03060242841572448 neg 0.02800335968215607	false	0.5
rutschen	neg 1.0		__DUMMY__ 0.9477516275555109 neg 0.029032561851103724 off 0.02321581059338536	false	1.0
rezession	neg 1.0		__DUMMY__ 0.9338106756741162 off 0.03546635795584039 neg 0.030722966370043424	false	0.5
fehlgeburt	neg 1.0		__DUMMY__ 0.9409682395738127 neg 0.03018101645130304 off 0.02885074397488426	false	1.0
charakterschwach	off 1.0		__DUMMY__ 0.9367737190838409 off 0.03261937349591689 neg 0.030606907420242198	false	1.0
isolation	neg 1.0		__DUMMY__ 0.9381443864716191 off 0.0320697157041517 neg 0.029785897824229066	false	0.5
ablenkung	neg 1.0		__DUMMY__ 0.9408044088631892 neg 0.030374097280856372 off 0.028821493855954446	false	1.0
pech	neg 1.0		__DUMMY__ 0.9397987672601321 off 0.030179375286377045 neg 0.030021857453490768	false	0.5
vermeidung	neg 1.0		__DUMMY__ 0.9397572313435587 off 0.032884380651055055 neg 0.027358388005386335	false	0.5
dominieren	neg 1.0		__DUMMY__ 0.9383970213085282 neg 0.03353019360946292 off 0.02807278508200883	false	1.0
schwindlig	neg 1.0		__DUMMY__ 0.9415951023135741 off 0.029858271219144226 neg 0.02854662646728158	false	0.5
lutscher	neg 1.0		__DUMMY__ 0.9332077861132707 off 0.038026357219632684 neg 0.02876585666709657	false	0.5
pflicht	neg 1.0		__DUMMY__ 0.9399726187478382 neg 0.03412695692458304 off 0.025900424327578782	false	1.0
faschist	off 1.0		__DUMMY__ 0.9357075122950657 neg 0.0332139269962863 off 0.031078560708648048	false	0.5
verschleudern	neg 1.0		__DUMMY__ 0.9376532813005357 neg 0.03489087700471661 off 0.027455841694747702	false	1.0
wenn			__DUMMY__ 0.9383844260369594 off 0.031242023998167195 neg 0.030373549964873427	false	0.0
ehebruch	neg 1.0		__DUMMY__ 0.9390184290474806 neg 0.03370423316827979 off 0.02727733778423968	false	1.0
spott	off 1.0		__DUMMY__ 0.9393125891907759 neg 0.033829565186890904 off 0.02685784562233327	false	0.5
trostlosigkeit	neg 1.0		__DUMMY__ 0.9375843515524379 neg 0.036273395272599804 off 0.02614225317496227	false	1.0
lutschen	neg 1.0		__DUMMY__ 0.9364142438884308 off 0.031926482750291744 neg 0.03165927336127749	false	0.5
undiszipliniert	neg 1.0		__DUMMY__ 0.9378153872367027 off 0.03323921130622429 neg 0.028945401457073056	false	0.5
kopfschmerz	neg 1.0		__DUMMY__ 0.941295372534735 neg 0.030730498409478137 off 0.027974129055786768	false	1.0
unvorhergesehen	neg 1.0		__DUMMY__ 0.9438735146831266 neg 0.029175724579710863 off 0.026950760737162408	false	1.0
desinteressiert	neg 1.0		__DUMMY__ 0.936809272335697 off 0.03326022745994682 neg 0.029930500204356118	false	0.5
armselig	off 1.0		__DUMMY__ 0.9358047761679589 off 0.03408178982888546 neg 0.030113434003155783	false	1.0
desaster	neg 1.0		__DUMMY__ 0.9380037310184183 neg 0.03689811400822175 off 0.02509815497336003	false	1.0
tod	neg 1.0		__DUMMY__ 0.9388420809938997 neg 0.034466923458067886 off 0.026690995548032365	false	1.0
herzlos	neg 1.0		__DUMMY__ 0.9381830898142883 off 0.034200308145465326 neg 0.02761660204024642	false	0.5
unwissenheit	neg 1.0		__DUMMY__ 0.938711227834536 neg 0.03362738388257942 off 0.02766138828288461	false	1.0
widersinnig	neg 1.0		__DUMMY__ 0.9349969576136664 neg 0.03623801921728631 off 0.0287650231690472	false	1.0
bedenklich	neg 1.0		__DUMMY__ 0.9398089523765284 neg 0.03368975893185015 off 0.02650128869162139	false	1.0
beanstanden	neg 1.0		__DUMMY__ 0.9400023812181221 neg 0.03444058521501645 off 0.025557033566861505	false	1.0
panisch	neg 1.0	neg 1.0	neg 0.4947656999622073 __DUMMY__ 0.4784883172876537 off 0.0267459827501389	false	1.0
debil	off 1.0		__DUMMY__ 0.9426017363837961 neg 0.03407620021425107 off 0.023322063401952853	false	0.5
abstrich	neg 1.0		__DUMMY__ 0.9445100926479146 off 0.02775151879314314 neg 0.027738388558942232	false	0.5
primitiv	neg 1.0		__DUMMY__ 0.9363189442592821 off 0.033057465124338214 neg 0.030623590616379634	false	0.5
abschaum	off 1.0	off 1.0	off 0.49946608010967963 __DUMMY__ 0.47200343927764443 neg 0.028530480612675956	false	1.0
provozieren	neg 1.0		__DUMMY__ 0.9378483134471343 neg 0.032919255638946925 off 0.029232430913918847	false	1.0
tot	neg 1.0		__DUMMY__ 0.9397226538727944 neg 0.03243620184937127 off 0.027841144277834427	false	1.0
instabil	neg 1.0		__DUMMY__ 0.9336284071232864 off 0.0348125948684559 neg 0.03155899800825766	false	0.5
schwuchtel	off 1.0		__DUMMY__ 0.9294487392109929 off 0.04194894252238062 neg 0.02860231826662651	false	1.0
zerren	neg 1.0		__DUMMY__ 0.9409213262608408 neg 0.03135900374208567 off 0.027719669997073523	false	1.0
kinderficker	off 1.0		__DUMMY__ 0.9344268802149541 off 0.03561447642163353 neg 0.02995864336341231	false	1.0
gefahr	neg 1.0		__DUMMY__ 0.9385903782780339 neg 0.03430597757250133 off 0.027103644149464767	false	1.0
rabiat	neg 1.0		__DUMMY__ 0.9392973872220691 neg 0.031793581215817164 off 0.028909031562113784	false	1.0
verlangsamung	neg 1.0		__DUMMY__ 0.9336547371850988 off 0.03760129827570415 neg 0.028743964539197062	false	0.5
ausgestorben	neg 1.0		__DUMMY__ 0.9403178797694075 neg 0.03191662201408426 off 0.027765498216508283	false	1.0
anklagen	neg 1.0		__DUMMY__ 0.9386474618279196 neg 0.03245943004051396 off 0.028893108131566425	false	1.0
trott	neg 1.0		__DUMMY__ 0.940671165972146 neg 0.03069414968388174 off 0.028634684343972313	false	1.0
verminderung	neg 1.0		__DUMMY__ 0.937118778389288 off 0.033586250995141016 neg 0.029294970615570876	false	0.5
nach			__DUMMY__ 0.9461990913130225 neg 0.030427107816382967 off 0.0233738008705946	false	0.0
rost	neg 1.0		__DUMMY__ 0.9349779439751371 off 0.03750316333850408 neg 0.027518892686358806	false	0.5
destruktiv	neg 1.0		__DUMMY__ 0.9376138479697151 neg 0.033836418904520736 off 0.02854973312576422	false	1.0
unzumutbarkeit	neg 1.0		__DUMMY__ 0.9388381021062789 off 0.03305411786768885 neg 0.028107780026032172	false	0.5
labil	off 1.0	off 1.0	off 0.5000516240690748 __DUMMY__ 0.4720320275041994 neg 0.027916348426725815	false	1.0
ziemlich	neg 1.0		__DUMMY__ 0.9382827044338228 off 0.032293228449153326 neg 0.02942406711702398	false	0.5
lachnummer	off 1.0		__DUMMY__ 0.9373821922391968 neg 0.033949649157150076 off 0.028668158603653144	false	0.5
oder			__DUMMY__ 0.941168496706516 neg 0.030448368263442882 off 0.028383135030041154	false	0.0
verfall	neg 1.0		__DUMMY__ 0.9416226004279594 neg 0.03486730410984438 off 0.023510095462196203	false	1.0
ausgrenzung	neg 1.0		__DUMMY__ 0.9358817869049609 neg 0.033243226648177346 off 0.030874986446861655	false	1.0
unordnung	neg 1.0		__DUMMY__ 0.9343822555788123 off 0.03496787450723974 neg 0.03064986991394795	false	0.5
fehlverhalten	neg 1.0		__DUMMY__ 0.9385807325235092 neg 0.034681116751542354 off 0.02673815072494847	false	1.0
eine			__DUMMY__ 0.942312644895362 neg 0.03256372099748831 off 0.02512363410714964	false	0.0
nille	neg 1.0		__DUMMY__ 0.9369373799254771 neg 0.03376962842909557 off 0.029292991645427324	false	1.0
qual	neg 1.0		__DUMMY__ 0.9403608232912398 neg 0.030995329459346282 off 0.02864384724941387	false	1.0
verschwenden	neg 1.0		__DUMMY__ 0.9406782485956785 neg 0.032877942411016416 off 0.026443808993305097	false	1.0
riesig	neg 1.0		__DUMMY__ 0.9422872914726125 neg 0.02972069060529597 off 0.027992017922091512	false	1.0
verurteilen	neg 1.0		__DUMMY__ 0.9382643773540676 neg 0.03382967987481072 off 0.027905942771121694	false	1.0
klischee	neg 1.0	neg 1.0	neg 0.499790010443791 __DUMMY__ 0.4718014577059495 off 0.0284085318502595	false	1.0
diktatorisch	neg 1.0		__DUMMY__ 0.9344414113472467 neg 0.03501151228707877 off 0.03054707636567453	false	1.0
vorhersehbar	neg 1.0		__DUMMY__ 0.9368490150120258 neg 0.03271603612620339 off 0.030434948861770828	false	1.0
sowie			__DUMMY__ 0.9335431485011619 off 0.03658621474626227 neg 0.029870636752575855	false	0.0
stornieren	neg 1.0		__DUMMY__ 0.9419378767063592 off 0.03023155681841678 neg 0.027830566475223993	false	0.5
besteuerung	neg 1.0		__DUMMY__ 0.9388187710112036 neg 0.03154533765502907 off 0.029635891333767355	false	1.0
ungeschminkt	neg 1.0		__DUMMY__ 0.9385641313697907 off 0.0323038479901272 neg 0.029132020640082176	false	0.5
kritisch	neg 1.0		__DUMMY__ 0.9386735245517345 neg 0.03444022795649812 off 0.026886247491767365	false	1.0
schlamperei	off 1.0		__DUMMY__ 0.9379563780800191 neg 0.03475190265447972 off 0.027291719265501228	false	0.5
sucht	neg 1.0	neg 1.0	neg 0.4937474720766695 __DUMMY__ 0.4790581875022949 off 0.027194340421035565	false	1.0
egoistisch	off 1.0		__DUMMY__ 0.9358240688961077 off 0.035866411503513614 neg 0.028309519600378613	false	1.0
ausbeuter	off 1.0		__DUMMY__ 0.938529057601429 neg 0.03493340533760534 off 0.02653753706096568	false	0.5
arschgeburt	off 1.0		__DUMMY__ 0.9294309656833218 off 0.04194543478168224 neg 0.028623599534995905	false	1.0
schubs	neg 1.0	neg 1.0	neg 0.4974742650063291 __DUMMY__ 0.4785508614806998 off 0.023974873512971038	false	1.0
unsolide	neg 1.0		__DUMMY__ 0.9302205471698638 neg 0.03692954706350844 off 0.03284990576662777	false	1.0
beschwerde	neg 1.0		__DUMMY__ 0.9379599258775563 neg 0.03430157811206262 off 0.027738496010381135	false	1.0
stocken	neg 1.0		__DUMMY__ 0.940791978350413 neg 0.032025721440702724 off 0.027182300208884288	false	1.0
isolieren	neg 1.0		__DUMMY__ 0.9425032484009902 neg 0.02911644657858638 off 0.028380305020423366	false	1.0
unheilbar	neg 1.0		__DUMMY__ 0.9404072927130495 neg 0.030121347380864246 off 0.029471359906086254	false	1.0
pisser	off 1.0		__DUMMY__ 0.9351829319166624 off 0.03467679067426105 neg 0.030140277409076672	false	1.0
löschen	neg 1.0		__DUMMY__ 0.9387976380027888 neg 0.031533037771651486 off 0.029669324225559783	false	1.0
durchfallen	neg 1.0		__DUMMY__ 0.9394999804101729 neg 0.03367573030918622 off 0.02682428928064094	false	1.0
wichser	off 1.0		__DUMMY__ 0.9333200316712528 off 0.03895522659953903 neg 0.027724741729208226	false	1.0
terror	neg 1.0		__DUMMY__ 0.9399071870202813 off 0.030991435383435805 neg 0.029101377596282837	false	0.5
krass	neg 1.0		__DUMMY__ 0.9372573530963706 off 0.03411448242186278 neg 0.02862816448176654	false	0.5
revolte	neg 1.0	neg 1.0	neg 0.5018633634971462 __DUMMY__ 0.46916509304391885 off 0.028971543458934997	false	1.0
besorgt	neg 1.0		__DUMMY__ 0.9430807034536344 neg 0.029449762378014284 off 0.027469534168351326	false	1.0
nachlassen	neg 1.0		__DUMMY__ 0.9428077017062285 neg 0.02989550525569218 off 0.027296793038079397	false	1.0
alt	neg 1.0		__DUMMY__ 0.9432589387884991 neg 0.03142235013612324 off 0.025318711075377663	false	1.0
hundesohn	off 1.0		__DUMMY__ 0.9314099241797532 off 0.03885577021033151 neg 0.029734305609915215	false	1.0
als			__DUMMY__ 0.9411891655352941 neg 0.0316345987263228 off 0.027176235738383098	false	0.0
abschreckung	neg 1.0		__DUMMY__ 0.939640520431268 neg 0.03453187169929319 off 0.025827607869438843	false	1.0
unqualifiziert	neg 1.0		__DUMMY__ 0.9369911951567128 neg 0.032357397217983905 off 0.030651407625303308	false	1.0
abgewichst	off 1.0		__DUMMY__ 0.9394111310668978 neg 0.032239081856616884 off 0.02834978707648531	false	0.5
schwer	neg 1.0		__DUMMY__ 0.940401013196218 neg 0.031194375455643283 off 0.028404611348138608	false	1.0
bedeutungslosigkeit	neg 1.0		__DUMMY__ 0.9387904738874517 neg 0.03492590668853352 off 0.02628361942401483	false	1.0
kapitulation	neg 1.0		__DUMMY__ 0.9359344092348617 neg 0.036144358211157204 off 0.027921232553981136	false	1.0
unscharf	neg 1.0		__DUMMY__ 0.9398206817633213 off 0.03014324346374931 neg 0.030036074772929317	false	0.5
schwinden	neg 1.0		__DUMMY__ 0.9419349456598723 neg 0.031813818125572504 off 0.026251236214555208	false	1.0
versklavung	neg 1.0		__DUMMY__ 0.9355036116633536 neg 0.03424420846225775 off 0.030252179874388614	false	1.0
schlecht	neg 1.0		__DUMMY__ 0.9386011464062176 off 0.03256189675550198 neg 0.02883695683828047	false	0.5
verhasst	neg 1.0		__DUMMY__ 0.9373459897832909 neg 0.03335403414162481 off 0.029299976075084302	false	1.0
beschweren	neg 1.0		__DUMMY__ 0.9396878512342367 neg 0.030519169440824896 off 0.0297929793249384	false	1.0
scheiden	neg 1.0		__DUMMY__ 0.9404021770593958 neg 0.03164253034994749 off 0.027955292590656718	false	1.0
frustriert	neg 1.0		__DUMMY__ 0.9400522434398754 neg 0.032049649390036745 off 0.027898107170087914	false	1.0
schimmelig	neg 1.0		__DUMMY__ 0.9406960419679672 neg 0.033252092519340484 off 0.02605186551269233	false	1.0
fisch	neg 1.0		__DUMMY__ 0.9411978542216963 neg 0.032488611080555056 off 0.026313534697748543	false	1.0
schmuggel	neg 1.0		__DUMMY__ 0.9435750130571449 neg 0.030743524678159242 off 0.025681462264695823	false	1.0
auffallen	neg 1.0		__DUMMY__ 0.9390250335932546 neg 0.030883886629549263 off 0.030091079777196002	false	1.0
konkurrenz	neg 1.0		__DUMMY__ 0.9411976289237912 neg 0.033372965349550636 off 0.02542940572665819	false	1.0
teufelskreis	neg 1.0		__DUMMY__ 0.9393828128164246 neg 0.032425629563894436 off 0.028191557619681035	false	1.0
aufschreien	neg 1.0		__DUMMY__ 0.9375110824268882 neg 0.03224100787948598 off 0.030247909693625813	false	1.0
schuldner	neg 1.0		__DUMMY__ 0.9389104507501759 neg 0.034250107391788805 off 0.026839441858035232	false	1.0
missgeburt	off 1.0	off 1.0	off 0.5032433384951625 __DUMMY__ 0.4690263339499429 neg 0.027730327554894615	false	1.0
arbeitslos	neg 1.0		__DUMMY__ 0.9385279626911555 neg 0.03384002515342002 off 0.027632012155424525	false	1.0
befallen	neg 1.0		__DUMMY__ 0.9381106773939067 neg 0.034034867412414224 off 0.02785445519367908	false	1.0
miesepetrig	off 1.0		__DUMMY__ 0.9406019445259134 off 0.03192520073827217 neg 0.027472854735814352	false	1.0
alarmieren	neg 1.0		__DUMMY__ 0.9363758854693554 off 0.03246253155508803 neg 0.031161582975556563	false	0.5
ungeduscht	off 1.0		__DUMMY__ 0.9397029211170578 neg 0.030176309088538574 off 0.030120769794403677	false	0.5
knappheit	neg 1.0		__DUMMY__ 0.9391460095366546 neg 0.033147389003887744 off 0.027706601459457594	false	1.0
schlange	neg 1.0		__DUMMY__ 0.9412453137129497 off 0.029378293295115473 neg 0.029376392991934765	false	0.5
harsch	neg 1.0		__DUMMY__ 0.9381039816905253 off 0.03636217203916921 neg 0.025533846270305395	false	0.5
lang	neg 1.0		__DUMMY__ 0.9398267989475781 neg 0.0305268266890995 off 0.029646374363322292	false	1.0
ziellos	neg 1.0		__DUMMY__ 0.9407046016226764 neg 0.03231513519503375 off 0.026980263182289774	false	1.0
selbstverliebt	neg 1.0		__DUMMY__ 0.9302635513022217 off 0.040013316284908035 neg 0.029723132412870272	false	0.5
beseitigen	neg 1.0		__DUMMY__ 0.9405836591217417 neg 0.030087548466898727 off 0.029328792411359574	false	1.0
dumm	off 1.0		__DUMMY__ 0.9348449642439407 off 0.03637002241577341 neg 0.02878501334028585	false	1.0
arbeitsloser	neg 1.0		__DUMMY__ 0.9390041078899432 neg 0.033891738123587006 off 0.027104153986469773	false	1.0
blitzen	neg 1.0		__DUMMY__ 0.9387408758562505 off 0.03137304495321091 neg 0.02988607919053859	false	0.5
hilflos	neg 1.0		__DUMMY__ 0.9404784694432691 neg 0.03197546444629139 off 0.027546066110439547	false	1.0
eklig	off 1.0		__DUMMY__ 0.9339243275968907 off 0.036896856143089025 neg 0.0291788162600203	false	1.0
begriff			__DUMMY__ 0.939584132820859 neg 0.03245196961871692 off 0.027963897560424136	false	0.0
hungersnot	neg 1.0		__DUMMY__ 0.9358745297155948 neg 0.034820744831888 off 0.029304725452517253	false	1.0
ungesetzlich	neg 1.0		__DUMMY__ 0.9339111296763472 neg 0.034602854540049605 off 0.031486015783603244	false	1.0
verschwendung	neg 1.0		__DUMMY__ 0.940839850869342 neg 0.0332145510706682 off 0.025945598059989874	false	1.0
schmerzvoll	neg 1.0		__DUMMY__ 0.9398562692820139 neg 0.030419690903355934 off 0.02972403981463022	false	1.0
vorzeitig	neg 1.0		__DUMMY__ 0.9379360434294871 off 0.03238129501019268 neg 0.029682661560320147	false	0.5
unvollkommenheit	neg 1.0		__DUMMY__ 0.9404276744233268 neg 0.03066607139316203 off 0.02890625418351124	false	1.0
intervenieren	neg 1.0		__DUMMY__ 0.9381348583372767 neg 0.03503576287049571 off 0.02682937879222762	false	1.0
banause	off 1.0		__DUMMY__ 0.93375335446477 off 0.03786787509374812 neg 0.02837877044148188	false	1.0
rebell	neg 1.0		__DUMMY__ 0.9426671467980932 neg 0.03245676038707638 off 0.024876092814830483	false	1.0
unlogisch	neg 1.0		__DUMMY__ 0.935543189296339 off 0.034078508447251424 neg 0.030378302256409705	false	0.5
leiden	neg 1.0	neg 1.0	neg 0.4935378956510367 __DUMMY__ 0.48405069583349647 off 0.022411408515466778	false	1.0
abschaffung	neg 1.0		__DUMMY__ 0.9369379213703061 neg 0.03328042535936478 off 0.029781653270329136	false	1.0
sturz	neg 1.0		__DUMMY__ 0.9371900495421173 neg 0.03267797429217506 off 0.030131976165707744	false	1.0
verkleinerung	neg 1.0		__DUMMY__ 0.9342104834558282 neg 0.03391371086258798 off 0.03187580568158382	false	1.0
schmarotzer	off 1.0		__DUMMY__ 0.9378554321500192 neg 0.034738511534126076 off 0.02740605631585464	false	0.5
bestrafung	neg 1.0		__DUMMY__ 0.9390927045471171 neg 0.03112046019031935 off 0.029786835262563482	false	1.0
achtlos	neg 1.0		__DUMMY__ 0.94106091005942 neg 0.030639581599170865 off 0.02829950834140909	false	1.0
