unsolidarisch	neg 1.0		neg 0.4884226280949187 off 0.43965733667618867 __DUMMY__ 0.0719200352288926	false	1.0
nachteilig	neg 1.0		neg 0.4880339117648553 off 0.4392583239785128 __DUMMY__ 0.07270776425663189	false	1.0
skeptisch	neg 1.0		neg 0.48990590421532115 off 0.43712530180061515 __DUMMY__ 0.07296879398406368	false	1.0
schrecklich	neg 1.0		neg 0.4768140223512883 off 0.4508523201619957 __DUMMY__ 0.07233365748671587	false	1.0
schlapp	neg 1.0		neg 0.47884161272026576 off 0.44828288158716556 __DUMMY__ 0.07287550569256873	false	1.0
abfall	neg 1.0		neg 0.4909804463665573 off 0.43590551039831577 __DUMMY__ 0.07311404323512695	false	1.0
widerspenstig	neg 1.0		neg 0.48295759575418606 off 0.4439173226787765 __DUMMY__ 0.07312508156703748	false	1.0
abrupt	neg 1.0		neg 0.4833823299279929 off 0.44329628229417634 __DUMMY__ 0.07332138777783087	false	1.0
unwirksam	neg 1.0		neg 0.4878446916159014 off 0.4401658307394136 __DUMMY__ 0.07198947764468505	false	1.0
angreifen	neg 1.0		neg 0.48935076787016885 off 0.43787502577636456 __DUMMY__ 0.0727742063534666	false	1.0
inkonsistent	neg 1.0		neg 0.4824954584747086 off 0.4449106372396402 __DUMMY__ 0.07259390428565116	false	1.0
abrutschen	neg 1.0		neg 0.4904206299160601 off 0.43638135536334394 __DUMMY__ 0.0731980147205958	false	1.0
unsicher	neg 1.0		neg 0.48436491129522635 off 0.44276638153206166 __DUMMY__ 0.07286870717271193	false	1.0
bauernkind	off 1.0		neg 0.4757958619395083 off 0.45246601353743016 __DUMMY__ 0.07173812452306147	false	0.5
angreifer	neg 1.0		neg 0.4831056008573285 off 0.44458867962657905 __DUMMY__ 0.07230571951609252	false	1.0
trennen	neg 1.0		neg 0.48689979603708755 off 0.43974078819456125 __DUMMY__ 0.07335941576835121	false	1.0
schmutz	neg 1.0		neg 0.47622559726570757 off 0.4506419570910818 __DUMMY__ 0.07313244564321059	false	1.0
inkonsistenz	neg 1.0	neg 1.0	neg 0.7280406750418925 off 0.23716759495842515 __DUMMY__ 0.03479172999968239	false	1.0
erschreckend	neg 1.0		neg 0.4866517185801605 off 0.44064431471138804 __DUMMY__ 0.07270396670845154	false	1.0
ertrinken	neg 1.0		neg 0.48636440019614724 off 0.44045481205009357 __DUMMY__ 0.07318078775375918	false	1.0
pickelface	off 1.0		neg 0.485246470366466 off 0.44232034133446163 __DUMMY__ 0.07243318829907233	false	0.5
seiner			neg 0.48887372177277194 off 0.4382222368711086 __DUMMY__ 0.07290404135611944	false	0.0
lauch	neg 1.0		neg 0.4895138283799894 off 0.4374315824200817 __DUMMY__ 0.07305458919992903	false	1.0
unwichtig	neg 1.0		neg 0.48076381116938555 off 0.4467054732316292 __DUMMY__ 0.07253071559898534	false	1.0
steuerhinterziehung	neg 1.0		neg 0.48841604964800694 off 0.4393892827697544 __DUMMY__ 0.07219466758223857	false	1.0
schock	neg 1.0		neg 0.48385836396279686 off 0.44286672557604523 __DUMMY__ 0.07327491046115794	false	1.0
beule	neg 1.0		neg 0.47801146854903653 off 0.44925129242085937 __DUMMY__ 0.07273723903010415	false	1.0
vergelten	neg 1.0		neg 0.47652239642022437 off 0.45145656843677223 __DUMMY__ 0.07202103514300344	false	1.0
verdorbenheit	neg 1.0		neg 0.4822884592790562 off 0.44481008641368824 __DUMMY__ 0.07290145430725554	false	1.0
trauma	neg 1.0		neg 0.48299935968793584 off 0.44432531740638487 __DUMMY__ 0.07267532290567925	false	1.0
sinnlos	neg 1.0		neg 0.48268765156585064 off 0.4446212665922293 __DUMMY__ 0.07269108184192007	false	1.0
fettsack	off 1.0	off 1.0	off 0.7112424230280532 neg 0.25416337775715403 __DUMMY__ 0.034594199214792745	false	1.0
feige	off 1.0		neg 0.4822745200409454 off 0.4453942803481665 __DUMMY__ 0.0723311996108882	false	0.5
abdanken	neg 1.0		neg 0.4897406623452848 off 0.4383252236518323 __DUMMY__ 0.0719341140028828	false	1.0
wichtigtuer	off 1.0	off 1.0	off 0.7063824547186113 neg 0.25879674508289946 __DUMMY__ 0.034820800198489286	false	1.0
misslingen	neg 1.0		neg 0.47961003136329405 off 0.4472102542087346 __DUMMY__ 0.0731797144279714	false	1.0
untreu	off 1.0		neg 0.47989370628676853 off 0.4475841019055458 __DUMMY__ 0.07252219180768556	false	0.5
missmutig	neg 1.0		neg 0.479740385510662 off 0.44741302638558356 __DUMMY__ 0.07284658810375445	false	1.0
hurenbock	off 1.0		neg 0.4806071585920162 off 0.4462744171082431 __DUMMY__ 0.07311842429974062	false	0.5
betrunken	neg 1.0		neg 0.4773811452202653 off 0.4499699657595355 __DUMMY__ 0.07264888902019921	false	1.0
korrupt	off 1.0		neg 0.48995022224101115 off 0.4378325340905209 __DUMMY__ 0.07221724366846796	false	0.5
unmut	neg 1.0		neg 0.4912526219354963 off 0.43583998948583635 __DUMMY__ 0.07290738857866742	false	1.0
hackfresse	off 1.0		neg 0.4738831317772155 off 0.4539953247158225 __DUMMY__ 0.07212154350696201	false	0.5
aufblasen	neg 1.0		neg 0.48184092348603796 off 0.44515115488523627 __DUMMY__ 0.07300792162872578	false	1.0
gewaltsam	neg 1.0		neg 0.4853708383610162 off 0.44229638229719653 __DUMMY__ 0.07233277934178739	false	1.0
unbeliebtheit	neg 1.0		neg 0.4819790000863848 off 0.44629635184308947 __DUMMY__ 0.07172464807052582	false	1.0
sturheit	neg 1.0		neg 0.4870731934596487 off 0.44036307580549905 __DUMMY__ 0.07256373073485226	false	1.0
kuh	neg 1.0		neg 0.4837132625267818 off 0.44378623848884996 __DUMMY__ 0.07250049898436814	false	1.0
erschrecken	neg 1.0		neg 0.480773758553269 off 0.44648420134671835 __DUMMY__ 0.07274204010001269	false	1.0
opfer	neg 1.0		neg 0.48828947898360475 off 0.4388614684157108 __DUMMY__ 0.07284905260068451	false	1.0
sinken	neg 1.0		neg 0.4902877045134515 off 0.43680073150203846 __DUMMY__ 0.0729115639845099	false	1.0
stinktier	neg 1.0		neg 0.4776401301363392 off 0.45030126026891215 __DUMMY__ 0.07205860959474868	false	1.0
tucke	off 1.0		neg 0.4722419324222608 off 0.4554952995800095 __DUMMY__ 0.07226276799772964	false	0.5
ein			neg 0.48199653343360865 off 0.44485781790559825 __DUMMY__ 0.07314564866079297	false	0.0
abstieg	neg 1.0		neg 0.4877826138075261 off 0.43968825296533415 __DUMMY__ 0.07252913322713977	false	1.0
missverstehen	neg 1.0		neg 0.48452356549761544 off 0.4430927713458542 __DUMMY__ 0.07238366315653026	false	1.0
ergebnislos	neg 1.0		neg 0.48794369155891 off 0.4394394520083176 __DUMMY__ 0.0726168564327725	false	1.0
unter			neg 0.4915943297593857 off 0.43464243831665134 __DUMMY__ 0.07376323192396299	false	0.0
manipulieren	neg 1.0		neg 0.48836192633274317 off 0.43868467280040624 __DUMMY__ 0.07295340086685057	false	1.0
unbewiesen	neg 1.0		neg 0.48877060497108854 off 0.43933126495299407 __DUMMY__ 0.07189813007591743	false	1.0
verschleppen	neg 1.0		neg 0.4875293529327862 off 0.43977252867759614 __DUMMY__ 0.07269811838961765	false	1.0
weib	off 1.0		neg 0.4728951210669011 off 0.4551012472752576 __DUMMY__ 0.07200363165784136	false	0.5
opposition	neg 1.0		neg 0.4852084185825148 off 0.4425995875818112 __DUMMY__ 0.07219199383567407	false	1.0
verkehrswidrig	neg 1.0		neg 0.47307910894474325 off 0.4543179785371704 __DUMMY__ 0.07260291251808632	false	1.0
inkorrekt	neg 1.0		neg 0.4825591294809391 off 0.4455127571888843 __DUMMY__ 0.07192811333017662	false	1.0
vermeiden	neg 1.0		neg 0.49018225447215674 off 0.4363357498077289 __DUMMY__ 0.07348199572011445	false	1.0
abweichung	neg 1.0		neg 0.4900593211238725 off 0.43771259169097904 __DUMMY__ 0.07222808718514843	false	1.0
alkoholisiert	neg 1.0		neg 0.48368748447546744 off 0.44302253055520746 __DUMMY__ 0.07328998496932505	false	1.0
scheiss	off 1.0	off 1.0	off 0.7098291258188535 neg 0.2552515345806256 __DUMMY__ 0.03491933960052087	false	1.0
herausforderung	neg 1.0		neg 0.4843072251945163 off 0.44234237569778945 __DUMMY__ 0.07335039910769424	false	1.0
pervers	off 1.0		neg 0.4709181035404295 off 0.45728307784432964 __DUMMY__ 0.07179881861524076	false	0.5
wackelig	neg 1.0		neg 0.4837315826060996 off 0.44282648234396804 __DUMMY__ 0.07344193504993221	false	1.0
verwickeln	neg 1.0		neg 0.48407447700139344 off 0.44339975159645617 __DUMMY__ 0.07252577140215027	false	1.0
vorwand	neg 1.0		neg 0.4910076788516162 off 0.43621582590220404 __DUMMY__ 0.0727764952461798	false	1.0
muschi	off 1.0		neg 0.485760341287161 off 0.441799117553779 __DUMMY__ 0.0724405411590601	false	0.5
entmutigung	neg 1.0		neg 0.4866947161745698 off 0.4415596451207663 __DUMMY__ 0.071745638704664	false	1.0
unangemessen	neg 1.0		neg 0.4892709757643471 off 0.4382984285804738 __DUMMY__ 0.0724305956551791	false	1.0
unstetig	neg 1.0		neg 0.4812742032364673 off 0.4462372631823979 __DUMMY__ 0.07248853358113475	false	1.0
entmutigen	neg 1.0		neg 0.4826177416936382 off 0.44448003286561666 __DUMMY__ 0.07290222544074507	false	1.0
schwanz	neg 1.0		neg 0.4868832385535783 off 0.44040657038187986 __DUMMY__ 0.07271019106454184	false	1.0
verbot	neg 1.0		neg 0.48935569288454317 off 0.43842568718938557 __DUMMY__ 0.07221861992607123	false	1.0
leid	neg 1.0		neg 0.47537578762683563 off 0.45237965054044466 __DUMMY__ 0.07224456183271954	false	1.0
archaisch	neg 1.0		neg 0.48769748665117274 off 0.43972045776857366 __DUMMY__ 0.07258205558025348	false	1.0
gegen			neg 0.49172258033562405 off 0.4357066130894644 __DUMMY__ 0.07257080657491155	false	0.0
scheidung	neg 1.0	neg 1.0	neg 0.7157713717032635 off 0.2495957960195809 __DUMMY__ 0.034632832277155565	false	1.0
einschlag	neg 1.0		neg 0.4774679616061012 off 0.45052089731358774 __DUMMY__ 0.07201114108031109	false	1.0
m			neg 0.48459046136148454 off 0.4423796239529994 __DUMMY__ 0.07302991468551612	false	0.0
abgestanden	neg 1.0		neg 0.48256842575781095 off 0.4443651831602912 __DUMMY__ 0.07306639108189783	false	1.0
schmierig	off 1.0		neg 0.47561308071434877 off 0.4519504961908413 __DUMMY__ 0.07243642309480987	false	0.5
unpraktisch	neg 1.0		neg 0.4816561244398556 off 0.4452965209738641 __DUMMY__ 0.07304735458628024	false	1.0
wixxer	off 1.0		neg 0.4712699697881489 off 0.4570474733628968 __DUMMY__ 0.07168255684895439	false	0.5
bezeichnet			neg 0.4871030050819329 off 0.4404130282279821 __DUMMY__ 0.07248396669008506	false	0.0
jammerlappen	off 1.0		neg 0.48073193163982675 off 0.4467199725092002 __DUMMY__ 0.07254809585097288	false	0.5
farce	neg 1.0		neg 0.49012642001919426 off 0.4379079739536942 __DUMMY__ 0.0719656060271116	false	1.0
zwecklos	neg 1.0		neg 0.48879343182509993 off 0.43861874991269806 __DUMMY__ 0.0725878182622019	false	1.0
turbulent	neg 1.0		neg 0.4777605962669315 off 0.4500489665342647 __DUMMY__ 0.0721904371988037	false	1.0
invasion	neg 1.0		neg 0.4806772967049621 off 0.44652952768654003 __DUMMY__ 0.07279317560849782	false	1.0
schuld	neg 1.0		neg 0.48469301353148386 off 0.44269244345363656 __DUMMY__ 0.07261454301487962	false	1.0
risiko	neg 1.0		neg 0.47931072120828827 off 0.4477123102374441 __DUMMY__ 0.07297696855426773	false	1.0
finster	neg 1.0		neg 0.48260344205506256 off 0.44435239854245473 __DUMMY__ 0.07304415940248271	false	1.0
geisteskrank	off 1.0		neg 0.4812182116840206 off 0.4466857269051594 __DUMMY__ 0.07209606141081987	false	0.5
zusammenbrechen	neg 1.0		neg 0.4851609170060903 off 0.4418330280981256 __DUMMY__ 0.07300605489578416	false	1.0
ausbeute	neg 1.0		neg 0.485450887465441 off 0.44138837630691447 __DUMMY__ 0.07316073622764445	false	1.0
hinterhalt	neg 1.0		neg 0.4831327194903625 off 0.4441379705392053 __DUMMY__ 0.07272930997043213	false	1.0
kritik	neg 1.0		neg 0.4891491420018616 off 0.43870843882131866 __DUMMY__ 0.07214241917681961	false	1.0
einschrumpfen	neg 1.0		neg 0.48311544901547987 off 0.444750183020674 __DUMMY__ 0.07213436796384616	false	1.0
riskant	neg 1.0		neg 0.4884887681564132 off 0.43861463320911104 __DUMMY__ 0.0728965986344757	false	1.0
frustrieren	neg 1.0		neg 0.48876334953798817 off 0.43838908442960295 __DUMMY__ 0.07284756603240884	false	1.0
groll	neg 1.0		neg 0.4880144727002189 off 0.4393134417491555 __DUMMY__ 0.07267208555062554	false	1.0
gibt			neg 0.48658400606229385 off 0.4405766023822101 __DUMMY__ 0.07283939155549618	false	0.0
qualvoll	neg 1.0		neg 0.48116845599611857 off 0.4459412929047497 __DUMMY__ 0.07289025109913164	false	1.0
wackeln	neg 1.0		neg 0.48183915936569327 off 0.4450183120419946 __DUMMY__ 0.07314252859231207	false	1.0
klagen	neg 1.0		neg 0.4916768068355295 off 0.43564768749468497 __DUMMY__ 0.07267550566978555	false	1.0
bankrott	neg 1.0		neg 0.47933562619949727 off 0.4479725086352788 __DUMMY__ 0.07269186516522398	false	1.0
trauern	neg 1.0		neg 0.48804400184704966 off 0.439050388714136 __DUMMY__ 0.07290560943881444	false	1.0
ablehnung	neg 1.0	neg 1.0	neg 0.7310457323157217 off 0.23421092976234364 __DUMMY__ 0.034743337921934785	false	1.0
stur	neg 1.0		neg 0.4840839759858708 off 0.443274707286893 __DUMMY__ 0.07264131672723612	false	1.0
aufruhr	neg 1.0		neg 0.48627362751224024 off 0.44144385301495803 __DUMMY__ 0.07228251947280172	false	1.0
melancholie	neg 1.0		neg 0.4843229876860831 off 0.442379609335288 __DUMMY__ 0.0732974029786287	false	1.0
ist			neg 0.4836393473630974 off 0.4436937627918903 __DUMMY__ 0.0726668898450123	false	0.0
torheit	neg 1.0		neg 0.48706314253430144 off 0.44089885384829575 __DUMMY__ 0.07203800361740285	false	1.0
dreckskind	off 1.0		neg 0.47728723233941645 off 0.45101442817441145 __DUMMY__ 0.07169833948617202	false	0.5
umtauschen	neg 1.0		neg 0.483391987243424 off 0.44354837393815394 __DUMMY__ 0.07305963881842206	false	1.0
zum			neg 0.48887795585302946 off 0.43748212198886116 __DUMMY__ 0.07363992215810944	false	0.0
zersetzen	neg 1.0		neg 0.4898843560953854 off 0.43729644024932124 __DUMMY__ 0.07281920365529343	false	1.0
zur			neg 0.49277319592692354 off 0.4342384589633891 __DUMMY__ 0.07298834510968721	false	0.0
frust	neg 1.0		neg 0.48606109085373395 off 0.44103217943391737 __DUMMY__ 0.07290672971234871	false	1.0
unerbittlichkeit	neg 1.0		neg 0.4890139572424545 off 0.4382041490555324 __DUMMY__ 0.07278189370201313	false	1.0
zwei			neg 0.48789535740744033 off 0.43865094454863185 __DUMMY__ 0.07345369804392793	false	0.0
unkorrekt	neg 1.0		neg 0.48157255835804375 off 0.44647674035341617 __DUMMY__ 0.07195070128854013	false	1.0
hexe	off 1.0		neg 0.4792866364242471 off 0.4481106291418907 __DUMMY__ 0.07260273443386217	false	0.5
lasch	neg 1.0		neg 0.4830735007422035 off 0.4445460798307857 __DUMMY__ 0.07238041942701087	false	1.0
rivale	neg 1.0		neg 0.4773305935520072 off 0.45054205575631434 __DUMMY__ 0.07212735069167849	false	1.0
mutlos	off 1.0	off 1.0	off 0.7038485491025989 neg 0.26122613682610574 __DUMMY__ 0.034925314071295406	false	1.0
wirr	off 1.0		neg 0.4789670575758825 off 0.44897907681834553 __DUMMY__ 0.07205386560577204	false	0.5
jahr			neg 0.48617629576029103 off 0.44054690545578246 __DUMMY__ 0.07327679878392658	false	0.0
wird			neg 0.48783139490388006 off 0.4392849776072098 __DUMMY__ 0.07288362748891013	false	0.0
strafbar	neg 1.0		neg 0.4907874365515853 off 0.43678746352762565 __DUMMY__ 0.07242509992078908	false	1.0
erosion	neg 1.0		neg 0.4817933423594305 off 0.44527859516489093 __DUMMY__ 0.07292806247567842	false	1.0
eingehen	neg 1.0		neg 0.4885328583979711 off 0.43876760437487583 __DUMMY__ 0.07269953722715296	false	1.0
faul	off 1.0		neg 0.4791211215828287 off 0.44800439351579274 __DUMMY__ 0.07287448490137845	false	0.5
provisorium	neg 1.0		neg 0.49286726708669876 off 0.43350342008403764 __DUMMY__ 0.07362931282926344	false	1.0
schmerzen	neg 1.0		neg 0.484363813358026 off 0.44259434660421115 __DUMMY__ 0.07304184003776285	false	1.0
schrumpfen	neg 1.0		neg 0.49193872856372106 off 0.43487192831750804 __DUMMY__ 0.07318934311877093	false	1.0
geistlos	off 1.0		neg 0.48567956213775715 off 0.44235712533630445 __DUMMY__ 0.0719633125259383	false	0.5
fehlkauf	neg 1.0		neg 0.48279360276833994 off 0.4447513728816337 __DUMMY__ 0.0724550243500265	false	1.0
frustrierend	neg 1.0		neg 0.48124519645873026 off 0.4460757575536329 __DUMMY__ 0.07267904598763675	false	1.0
unzufrieden	neg 1.0		neg 0.4878406960395413 off 0.4394125444756816 __DUMMY__ 0.07274675948477716	false	1.0
verzweifeln	neg 1.0		neg 0.4848286025602707 off 0.4422643180172323 __DUMMY__ 0.07290707942249704	false	1.0
verzweifelt	neg 1.0		neg 0.4840261092092224 off 0.44330289318720834 __DUMMY__ 0.07267099760356922	false	1.0
misstrauensantrag	neg 1.0		neg 0.48410663544619215 off 0.4436579678718215 __DUMMY__ 0.07223539668198627	false	1.0
abfallen	neg 1.0		neg 0.480727090470723 off 0.4459817265356316 __DUMMY__ 0.0732911829936452	false	1.0
fucker	off 1.0		neg 0.4785043765893801 off 0.44929275336811203 __DUMMY__ 0.07220287004250796	false	0.5
ungezogen	neg 1.0		neg 0.47212913522346517 off 0.45577272616334247 __DUMMY__ 0.07209813861319224	false	1.0
irrsinnig	neg 1.0	neg 1.0	neg 0.7290986415168299 off 0.2359946383187057 __DUMMY__ 0.034906720164464375	false	1.0
unfassbar	neg 1.0		neg 0.47995873206439743 off 0.44747501527135086 __DUMMY__ 0.0725662526642517	false	1.0
hart	neg 1.0		neg 0.48060836369173005 off 0.4470418338256522 __DUMMY__ 0.07234980248261769	false	1.0
widerlich	off 1.0		neg 0.480445263163975 off 0.44724924206488087 __DUMMY__ 0.07230549477114412	false	0.5
fatal	neg 1.0		neg 0.482547698441845 off 0.44492427054344846 __DUMMY__ 0.0725280310147065	false	1.0
bruch	neg 1.0		neg 0.49290534469591946 off 0.4345439874434558 __DUMMY__ 0.07255066786062488	false	1.0
aushungern	neg 1.0		neg 0.48704844098043926 off 0.44071246341389586 __DUMMY__ 0.07223909560566485	false	1.0
anspannung	neg 1.0		neg 0.4889560126061474 off 0.4376291906258488 __DUMMY__ 0.07341479676800362	false	1.0
von			neg 0.4882573416780476 off 0.43861447892139177 __DUMMY__ 0.07312817940056059	false	0.0
kraftlos	neg 1.0		neg 0.48455336787357045 off 0.44208001793485735 __DUMMY__ 0.07336661419157219	false	1.0
vom			neg 0.4918655185180494 off 0.4345485887278594 __DUMMY__ 0.07358589275409115	false	0.0
grenzdebil	off 1.0		neg 0.47861703398746724 off 0.44880252763631096 __DUMMY__ 0.07258043837622169	false	0.5
vor			neg 0.4892352692143206 off 0.4375858006735744 __DUMMY__ 0.07317893011210487	false	0.0
unterwerfen	neg 1.0		neg 0.48867542442160167 off 0.4385964177033337 __DUMMY__ 0.07272815787506454	false	1.0
versenkung	neg 1.0		neg 0.4889152083121195 off 0.4382710068375937 __DUMMY__ 0.0728137848502868	false	1.0
entziehen	neg 1.0		neg 0.49135659346406124 off 0.43581295288215216 __DUMMY__ 0.07283045365378676	false	1.0
finanzkrise	neg 1.0		neg 0.48747655731841016 off 0.440305981485104 __DUMMY__ 0.07221746119648575	false	1.0
schimpfend	neg 1.0		neg 0.4791389444950891 off 0.4474742919079104 __DUMMY__ 0.07338676359700046	false	1.0
profan	neg 1.0		neg 0.4826325028852893 off 0.44466765648959605 __DUMMY__ 0.07269984062511464	false	1.0
korruption	neg 1.0		neg 0.48972655903307977 off 0.43804125679110084 __DUMMY__ 0.07223218417581945	false	1.0
â			neg 0.4859209902102601 off 0.4410955856129377 __DUMMY__ 0.07298342417680215	false	0.0
schmutzig	neg 1.0		neg 0.47743115088269916 off 0.44968043485135883 __DUMMY__ 0.07288841426594207	false	1.0
sexy	neg 1.0		neg 0.4804320285590811 off 0.44694615343316607 __DUMMY__ 0.07262181800775279	false	1.0
abraten	neg 1.0		neg 0.4830025987804921 off 0.44417595956980016 __DUMMY__ 0.07282144164970766	false	1.0
schwarz	neg 1.0		neg 0.4833677767814681 off 0.44406592173570597 __DUMMY__ 0.07256630148282586	false	1.0
fotze	off 1.0		neg 0.4872810504567206 off 0.4401701918673916 __DUMMY__ 0.07254875767588793	false	0.5
verwirren	neg 1.0		neg 0.4820617836066595 off 0.4452971209353417 __DUMMY__ 0.07264109545799875	false	1.0
zahnlos	off 1.0		neg 0.48889186130521767 off 0.43860014111124723 __DUMMY__ 0.07250799758353525	false	0.5
verheeren	neg 1.0		neg 0.4714166929830933 off 0.45683465919020605 __DUMMY__ 0.07174864782670058	false	1.0
hippie	neg 1.0		neg 0.4809460781141812 off 0.44647600411597516 __DUMMY__ 0.07257791776984358	false	1.0
rammen	neg 1.0		neg 0.4818163251784717 off 0.4455455054812628 __DUMMY__ 0.07263816934026551	false	1.0
unlauter	neg 1.0	neg 1.0	neg 0.7287770285737356 off 0.2364796794098568 __DUMMY__ 0.034743292016407634	false	1.0
unheilvoll	neg 1.0		neg 0.48183476824232646 off 0.44532106334110766 __DUMMY__ 0.07284416841656585	false	1.0
niedrig	neg 1.0		neg 0.4882958350091807 off 0.43906681510125833 __DUMMY__ 0.07263734988956083	false	1.0
explosion	neg 1.0		neg 0.4807318980674858 off 0.446547490506188 __DUMMY__ 0.0727206114263261	false	1.0
weichei	off 1.0		neg 0.4752109039419207 off 0.45265712299482846 __DUMMY__ 0.0721319730632509	false	0.5
minusmensch	off 1.0		neg 0.47425093682103214 off 0.4544084982532741 __DUMMY__ 0.07134056492569373	false	0.5
farblos	neg 1.0		neg 0.4831884256759443 off 0.44409128872749953 __DUMMY__ 0.07272028559655629	false	1.0
unwissend	neg 1.0		neg 0.48099501698623165 off 0.44661610575503136 __DUMMY__ 0.07238887725873709	false	1.0
traurig	neg 1.0		neg 0.47664125971527105 off 0.4507920529938705 __DUMMY__ 0.0725666872908586	false	1.0
senkung	neg 1.0		neg 0.4818681610131152 off 0.44561324023980675 __DUMMY__ 0.07251859874707794	false	1.0
ungleich	neg 1.0	neg 1.0	neg 0.7315456695840443 off 0.2335120541946264 __DUMMY__ 0.034942276221329144	false	1.0
heikel	neg 1.0		neg 0.49004535955227585 off 0.4371384303113604 __DUMMY__ 0.07281621013636382	false	1.0
drosselung	neg 1.0		neg 0.4763661911339062 off 0.451105629733011 __DUMMY__ 0.07252817913308274	false	1.0
falsch	neg 1.0		neg 0.48132721822751684 off 0.4461121741954772 __DUMMY__ 0.07256060757700589	false	1.0
unzufriedenheit	neg 1.0		neg 0.4900944573347757 off 0.4370786921519254 __DUMMY__ 0.07282685051329886	false	1.0
kurz	neg 1.0		neg 0.4841645478109824 off 0.4426228603284502 __DUMMY__ 0.07321259186056733	false	1.0
unsinnig	neg 1.0		neg 0.48791975289634365 off 0.43944397695578374 __DUMMY__ 0.0726362701478726	false	1.0
penner	off 1.0	off 1.0	off 0.7127484597296502 neg 0.2525497560700478 __DUMMY__ 0.03470178420030204	false	1.0
seicht	neg 1.0		neg 0.47441288558507144 off 0.45382555753732523 __DUMMY__ 0.07176155687760337	false	1.0
dummheit	off 1.0	off 1.0	off 0.7069298774080172 neg 0.2582346928519864 __DUMMY__ 0.03483542973999643	false	1.0
unerfreulich	neg 1.0		neg 0.48976295046800555 off 0.4372564461064975 __DUMMY__ 0.072980603425497	false	1.0
motherfucker	off 1.0	off 1.0	off 0.7099292663346337 neg 0.2553298949113142 __DUMMY__ 0.03474083875405209	false	1.0
pikiert	neg 1.0		neg 0.48136165265472325 off 0.4462400327931765 __DUMMY__ 0.07239831455210022	false	1.0
wrack	neg 1.0		neg 0.4866574129620751 off 0.440532876203665 __DUMMY__ 0.07280971083425997	false	1.0
gangster	neg 1.0		neg 0.4817089632277078 off 0.44568446337960604 __DUMMY__ 0.07260657339268614	false	1.0
krank	neg 1.0		neg 0.47757860201399144 off 0.44964394442590555 __DUMMY__ 0.07277745356010307	false	1.0
reich	neg 1.0		neg 0.4831176171442518 off 0.44511362855346515 __DUMMY__ 0.07176875430228305	false	1.0
gnadenlos	neg 1.0		neg 0.48446739857933924 off 0.4428994832370697 __DUMMY__ 0.07263311818359108	false	1.0
niedergeschlagen	neg 1.0		neg 0.4851612575718886 off 0.4418593316347676 __DUMMY__ 0.07297941079334362	false	1.0
terrorisieren	off 1.0	off 1.0	off 0.7042608121875117 neg 0.2606605865954333 __DUMMY__ 0.03507860121705492	false	1.0
sinnlosigkeit	neg 1.0		neg 0.4880894516499333 off 0.43928528507590026 __DUMMY__ 0.07262526327416644	false	1.0
behindern	neg 1.0		neg 0.4836043043429944 off 0.44343121910905764 __DUMMY__ 0.07296447654794798	false	1.0
undemokratisch	neg 1.0		neg 0.4864300162134038 off 0.4414763508144516 __DUMMY__ 0.07209363297214462	false	1.0
wirtschaftskrise	neg 1.0		neg 0.4883904192916764 off 0.4391457981126461 __DUMMY__ 0.07246378259567753	false	1.0
neid	neg 1.0		neg 0.47950751297744054 off 0.4475457141054489 __DUMMY__ 0.07294677291711066	false	1.0
rutschen	neg 1.0		neg 0.48723078437740375 off 0.4389032917623438 __DUMMY__ 0.07386592386025262	false	1.0
rezession	neg 1.0		neg 0.4778620993618712 off 0.4502510912658605 __DUMMY__ 0.07188680937226825	false	1.0
fehlgeburt	neg 1.0		neg 0.48322157010617994 off 0.44397460994251 __DUMMY__ 0.07280381995131009	false	1.0
charakterschwach	off 1.0		neg 0.4806253550728563 off 0.4470659776787115 __DUMMY__ 0.07230866724843223	false	0.5
isolation	neg 1.0		neg 0.47989737843938524 off 0.44758337645868995 __DUMMY__ 0.07251924510192488	false	1.0
ablenkung	neg 1.0		neg 0.48361106781754937 off 0.4434683390471304 __DUMMY__ 0.0729205931353203	false	1.0
pech	neg 1.0		neg 0.4812697558622431 off 0.44601773677947587 __DUMMY__ 0.07271250735828093	false	1.0
vermeidung	neg 1.0		neg 0.4767477767732684 off 0.4505470082497566 __DUMMY__ 0.07270521497697502	false	1.0
dominieren	neg 1.0		neg 0.4874502558317787 off 0.4400224227718816 __DUMMY__ 0.07252732139633974	false	1.0
schwindlig	neg 1.0		neg 0.4802612264615701 off 0.4467619196468891 __DUMMY__ 0.07297685389154085	false	1.0
lutscher	neg 1.0		neg 0.47330640481748426 off 0.45491929018583754 __DUMMY__ 0.0717743049966782	false	1.0
pflicht	neg 1.0		neg 0.490360538509768 off 0.4368452966358688 __DUMMY__ 0.07279416485436327	false	1.0
faschist	off 1.0		neg 0.48501431277419105 off 0.44286270839798997 __DUMMY__ 0.0721229788278188	false	0.5
verschleudern	neg 1.0		neg 0.48948298118646605 off 0.43809970940504733 __DUMMY__ 0.0724173094084866	false	1.0
wenn			neg 0.4812763361756972 off 0.4461448121079793 __DUMMY__ 0.07257885171632338	false	0.0
ehebruch	neg 1.0		neg 0.48885163045950725 off 0.43853928602064146 __DUMMY__ 0.07260908351985117	false	1.0
spott	off 1.0		neg 0.48936655884642183 off 0.4379810615573127 __DUMMY__ 0.07265237959626532	false	0.5
trostlosigkeit	neg 1.0		neg 0.49191530160778824 off 0.4356416652962003 __DUMMY__ 0.07244303309601147	false	1.0
lutschen	neg 1.0		neg 0.4820446499848153 off 0.44573837157259616 __DUMMY__ 0.0722169784425885	false	1.0
undiszipliniert	neg 1.0		neg 0.4779967150665543 off 0.4495515940455082 __DUMMY__ 0.07245169088793751	false	1.0
kopfschmerz	neg 1.0		neg 0.48407480506235573 off 0.44298021372301705 __DUMMY__ 0.07294498121462717	false	1.0
unvorhergesehen	neg 1.0		neg 0.4838174306270087 off 0.4428781269649791 __DUMMY__ 0.0733044424080122	false	1.0
desinteressiert	neg 1.0		neg 0.47904011875241453 off 0.4486299791362083 __DUMMY__ 0.07232990211137719	false	1.0
armselig	off 1.0		neg 0.47869945594835034 off 0.44911312892898775 __DUMMY__ 0.0721874151226619	false	0.5
desaster	neg 1.0		neg 0.49371795382978667 off 0.43378725679718805 __DUMMY__ 0.07249478937302528	false	1.0
tod	neg 1.0		neg 0.4891582044107383 off 0.4382929162872981 __DUMMY__ 0.07254887930196369	false	1.0
herzlos	neg 1.0		neg 0.47609160078183665 off 0.45139332749972483 __DUMMY__ 0.07251507171843857	false	1.0
unwissenheit	neg 1.0		neg 0.48825192656356703 off 0.4391625390510669 __DUMMY__ 0.07258553438536608	false	1.0
widersinnig	neg 1.0		neg 0.48986540768580167 off 0.43807408770094575 __DUMMY__ 0.07206050461325256	false	1.0
bedenklich	neg 1.0		neg 0.489166842040706 off 0.4380741933745044 __DUMMY__ 0.07275896458478959	false	1.0
beanstanden	neg 1.0		neg 0.49095396024139804 off 0.43627471766353343 __DUMMY__ 0.07277132209506845	false	1.0
panisch	neg 1.0	neg 1.0	neg 0.726099071263301 off 0.2386035743633163 __DUMMY__ 0.03529735437338259	false	1.0
debil	off 1.0		neg 0.4920400209042334 off 0.4348684090889575 __DUMMY__ 0.07309157000680919	false	0.5
abstrich	neg 1.0		neg 0.4811819764898842 off 0.44557812784499584 __DUMMY__ 0.0732398956651198	false	1.0
primitiv	neg 1.0		neg 0.48007397776582894 off 0.4476691371011061 __DUMMY__ 0.07225688513306493	false	1.0
abschaum	off 1.0	off 1.0	off 0.7081132422728995 neg 0.2571260160829238 __DUMMY__ 0.03476074164417672	false	1.0
provozieren	neg 1.0		neg 0.485841354422798 off 0.4416646284190322 __DUMMY__ 0.07249401715816972	false	1.0
tot	neg 1.0		neg 0.4859910783629467 off 0.4413689187537727 __DUMMY__ 0.07264000288328074	false	1.0
instabil	neg 1.0		neg 0.4791739924978653 off 0.44897805161350934 __DUMMY__ 0.07184795588862548	false	1.0
schwuchtel	off 1.0		neg 0.4700405533434901 off 0.4586915262039003 __DUMMY__ 0.07126792045260946	false	0.5
zerren	neg 1.0		neg 0.48566382497311 off 0.4414005327851775 __DUMMY__ 0.07293564224171255	false	1.0
kinderficker	off 1.0		neg 0.477397081550182 off 0.45066466868024985 __DUMMY__ 0.07193824976956813	false	0.5
gefahr	neg 1.0		neg 0.4895819032838297 off 0.4378587527148188 __DUMMY__ 0.0725593440013515	false	1.0
rabiat	neg 1.0		neg 0.48504835465867047 off 0.4422499899096881 __DUMMY__ 0.0727016554316415	false	1.0
verlangsamung	neg 1.0		neg 0.4742062469350671 off 0.45395628786012987 __DUMMY__ 0.07183746520480318	false	1.0
ausgestorben	neg 1.0		neg 0.4860584645899963 off 0.44109543972553844 __DUMMY__ 0.07284609568446519	false	1.0
anklagen	neg 1.0		neg 0.4862276726594686 off 0.4412462780370644 __DUMMY__ 0.07252604930346705	false	1.0
trott	neg 1.0		neg 0.48392456486562135 off 0.44319841847334435 __DUMMY__ 0.07287701666103444	false	1.0
verminderung	neg 1.0		neg 0.4778233054783389 off 0.4498180547326363 __DUMMY__ 0.07235863978902468	false	1.0
nach			neg 0.48868367957744063 off 0.43767069250500723 __DUMMY__ 0.07364562791755215	false	0.0
rost	neg 1.0		neg 0.4731060671252268 off 0.45491782008644366 __DUMMY__ 0.0719761127883297	false	1.0
destruktiv	neg 1.0		neg 0.4874897707250124 off 0.4400741317600195 __DUMMY__ 0.07243609751496796	false	1.0
unzumutbarkeit	neg 1.0		neg 0.4775884595202541 off 0.44985944874630807 __DUMMY__ 0.07255209173343778	false	1.0
labil	off 1.0	off 1.0	off 0.7088197164001924 neg 0.25640550599998796 __DUMMY__ 0.03477477759981971	false	1.0
ziemlich	neg 1.0		neg 0.4793727416988823 off 0.44807344192155446 __DUMMY__ 0.07255381637956328	false	1.0
lachnummer	off 1.0		neg 0.487639574145551 off 0.43994026045886253 __DUMMY__ 0.0724201653955866	false	0.5
oder			neg 0.48375958371433997 off 0.4432772986334289 __DUMMY__ 0.07296311765223104	false	0.0
verfall	neg 1.0		neg 0.4931329669510459 off 0.43388544161610965 __DUMMY__ 0.07298159143284459	false	1.0
ausgrenzung	neg 1.0		neg 0.4852109811149177 off 0.4426357987314956 __DUMMY__ 0.07215322015358659	false	1.0
unordnung	neg 1.0		neg 0.47810919934769586 off 0.44999843663424 __DUMMY__ 0.07189236401806418	false	1.0
fehlverhalten	neg 1.0		neg 0.490273488740015 off 0.4371546892681444 __DUMMY__ 0.07257182199184072	false	1.0
eine			neg 0.48907989498735593 off 0.437788158674202 __DUMMY__ 0.07313194633844203	false	0.0
nille	neg 1.0		neg 0.4866312433495868 off 0.44102669742857864 __DUMMY__ 0.07234205922183468	false	1.0
qual	neg 1.0		neg 0.4842732448958325 off 0.4428932475354717 __DUMMY__ 0.07283350756869575	false	1.0
verschwenden	neg 1.0		neg 0.48815808677643213 off 0.4389435327263903 __DUMMY__ 0.07289838049717756	false	1.0
riesig	neg 1.0		neg 0.4838649398630587 off 0.44312106147311897 __DUMMY__ 0.0730139986638224	false	1.0
verurteilen	neg 1.0		neg 0.48844556318000176 off 0.43904566255462124 __DUMMY__ 0.07250877426537686	false	1.0
klischee	neg 1.0	neg 1.0	neg 0.7281882024456519 off 0.23704573140520155 __DUMMY__ 0.03476606614914661	false	1.0
diktatorisch	neg 1.0		neg 0.4872521278641173 off 0.44078891220689437 __DUMMY__ 0.07195895992898829	false	1.0
vorhersehbar	neg 1.0		neg 0.484530077707154 off 0.4431188723003849 __DUMMY__ 0.0723510499924611	false	1.0
sowie			neg 0.47600187419727674 off 0.4521437756521906 __DUMMY__ 0.0718543501505327	false	0.0
stornieren	neg 1.0		neg 0.47992427299908785 off 0.44708479269981033 __DUMMY__ 0.07299093430110176	false	1.0
besteuerung	neg 1.0		neg 0.4837778682249984 off 0.4436648800943646 __DUMMY__ 0.072557251680637	false	1.0
ungeschminkt	neg 1.0		neg 0.47864066895108626 off 0.4488557786467314 __DUMMY__ 0.07250355240218233	false	1.0
kritisch	neg 1.0		neg 0.48973987896946075 off 0.43766678958532984 __DUMMY__ 0.07259333144520934	false	1.0
schlamperei	off 1.0		neg 0.4898309337802303 off 0.4377216422222569 __DUMMY__ 0.07244742399751276	false	0.5
sucht	neg 1.0	neg 1.0	neg 0.7254544933017804 off 0.23926064303263522 __DUMMY__ 0.03528486366558436	false	1.0
egoistisch	off 1.0		neg 0.4752305986823404 off 0.4525997095102716 __DUMMY__ 0.072169691807388	false	0.5
ausbeuter	off 1.0		neg 0.49069393435250164 off 0.43675305756905963 __DUMMY__ 0.07255300807843866	false	0.5
arschgeburt	off 1.0		neg 0.47026303794437396 off 0.4584775078958209 __DUMMY__ 0.07125945415980513	false	0.5
schubs	neg 1.0	neg 1.0	neg 0.7288867678287199 off 0.23583766593261676 __DUMMY__ 0.03527556623866345	false	1.0
unsolide	neg 1.0		neg 0.4866871051390572 off 0.44191631037153023 __DUMMY__ 0.07139658448941262	false	1.0
beschwerde	neg 1.0		neg 0.4888999428132347 off 0.4386520052729659 __DUMMY__ 0.07244805191379937	false	1.0
stocken	neg 1.0		neg 0.48710582536811986 off 0.44004267724799884 __DUMMY__ 0.0728514973838813	false	1.0
isolieren	neg 1.0		neg 0.4835583838991249 off 0.4433777346481482 __DUMMY__ 0.07306388145272698	false	1.0
unheilbar	neg 1.0		neg 0.4833237366824006 off 0.44385129457762895 __DUMMY__ 0.07282496873997041	false	1.0
pisser	off 1.0		neg 0.47810750014706177 off 0.44985830627780293 __DUMMY__ 0.07203419357513531	false	0.5
löschen	neg 1.0		neg 0.4839563984607019 off 0.4434302980556404 __DUMMY__ 0.07261330348365774	false	1.0
durchfallen	neg 1.0		neg 0.48878976374364813 off 0.4384898046823065 __DUMMY__ 0.07272043157404531	false	1.0
wichser	off 1.0		neg 0.47168218130431894 off 0.45648332042829104 __DUMMY__ 0.07183449826739019	false	0.5
terror	neg 1.0		neg 0.4800815118092469 off 0.4471583752669683 __DUMMY__ 0.07276011292378483	false	1.0
krass	neg 1.0		neg 0.47652093560833547 off 0.45114021594214593 __DUMMY__ 0.07233884844951868	false	1.0
revolte	neg 1.0	neg 1.0	neg 0.7293157743387791 off 0.23616438400952938 __DUMMY__ 0.034519841651691474	false	1.0
besorgt	neg 1.0		neg 0.48418193257351333 off 0.4426123208107465 __DUMMY__ 0.07320574661574017	false	1.0
nachlassen	neg 1.0		neg 0.48470584235418224 off 0.4421586084331019 __DUMMY__ 0.07313554921271577	false	1.0
alt	neg 1.0		neg 0.48706761006449445 off 0.4398154252902462 __DUMMY__ 0.07311696464525928	false	1.0
hundesohn	off 1.0		neg 0.4742386375346902 off 0.45423143218906004 __DUMMY__ 0.0715299302762498	false	0.5
als			neg 0.48643568277076393 off 0.4406015083637868 __DUMMY__ 0.07296280886544938	false	0.0
abschreckung	neg 1.0		neg 0.49101787255572027 off 0.436284887906216 __DUMMY__ 0.07269723953806374	false	1.0
unqualifiziert	neg 1.0		neg 0.48424672625039944 off 0.4434162109697835 __DUMMY__ 0.07233706277981698	false	1.0
abgewichst	off 1.0		neg 0.48587891739767863 off 0.44144622935478794 __DUMMY__ 0.07267485324753344	false	0.5
schwer	neg 1.0		neg 0.4848059665061892 off 0.4423232832056197 __DUMMY__ 0.07287075028819107	false	1.0
bedeutungslosigkeit	neg 1.0		neg 0.49082209107321073 off 0.4365707605493301 __DUMMY__ 0.07260714837745914	false	1.0
kapitulation	neg 1.0		neg 0.490616091567751 off 0.43720613279494663 __DUMMY__ 0.0721777756373023	false	1.0
unscharf	neg 1.0		neg 0.4812986724966228 off 0.4460202967769117 __DUMMY__ 0.0726810307264655	false	1.0
schwinden	neg 1.0		neg 0.48784378513062 off 0.43914000671892367 __DUMMY__ 0.07301620815045622	false	1.0
versklavung	neg 1.0		neg 0.486528395554153 off 0.4413611704501116 __DUMMY__ 0.07211043399573559	false	1.0
schlecht	neg 1.0		neg 0.47872828420507063 off 0.44866831182574246 __DUMMY__ 0.07260340396918685	false	1.0
verhasst	neg 1.0		neg 0.4862285056548577 off 0.44135837560925567 __DUMMY__ 0.07241311873588678	false	1.0
beschweren	neg 1.0		neg 0.4829448040623692 off 0.44429420959768223 __DUMMY__ 0.07276098633994843	false	1.0
scheiden	neg 1.0		neg 0.4851118430440188 off 0.4421070525143355 __DUMMY__ 0.07278110444164575	false	1.0
frustriert	neg 1.0		neg 0.4862007486726325 off 0.440980541951068 __DUMMY__ 0.07281870937629943	false	1.0
schimmelig	neg 1.0		neg 0.4878748362212 off 0.43934853160031806 __DUMMY__ 0.07277663217848186	false	1.0
fisch	neg 1.0		neg 0.48718595649588164 off 0.43998477647976864 __DUMMY__ 0.07282926702434969	false	1.0
schmuggel	neg 1.0		neg 0.4873276188212031 off 0.4394640314187956 __DUMMY__ 0.07320834976000125	false	1.0
auffallen	neg 1.0		neg 0.4828749104947967 off 0.4444552555028294 __DUMMY__ 0.07266983400237388	false	1.0
konkurrenz	neg 1.0		neg 0.49012930438239694 off 0.43692928123529434 __DUMMY__ 0.07294141438230865	false	1.0
teufelskreis	neg 1.0		neg 0.48635222534279815 off 0.440927285112778 __DUMMY__ 0.07272048954442385	false	1.0
aufschreien	neg 1.0		neg 0.48409993107661387 off 0.4434541733317225 __DUMMY__ 0.07244589559166367	false	1.0
schuldner	neg 1.0		neg 0.4896539194738186 off 0.4377679906231173 __DUMMY__ 0.07257808990306418	false	1.0
missgeburt	off 1.0	off 1.0	off 0.7111659915240881 neg 0.254351046782746 __DUMMY__ 0.03448296169316593	false	1.0
arbeitslos	neg 1.0		neg 0.48832800318627145 off 0.4390704194855681 __DUMMY__ 0.07260157732816033	false	1.0
befallen	neg 1.0		neg 0.4881685637946144 off 0.4393623795159726 __DUMMY__ 0.07246905668941306	false	1.0
miesepetrig	off 1.0		neg 0.477580220182472 off 0.44958928559526457 __DUMMY__ 0.0728304942222634	false	0.5
alarmieren	neg 1.0		neg 0.4815559340103854 off 0.44622144036861217 __DUMMY__ 0.07222262562100239	false	1.0
ungeduscht	off 1.0		neg 0.4812583463311769 off 0.4460619660480403 __DUMMY__ 0.07267968762078278	false	0.5
knappheit	neg 1.0		neg 0.48762668534308173 off 0.43976412254765124 __DUMMY__ 0.07260919210926715	false	1.0
schlange	neg 1.0		neg 0.4819129882852927 off 0.44511501265533593 __DUMMY__ 0.0729719990593715	false	1.0
harsch	neg 1.0		neg 0.47203764908332946 off 0.455474415154476 __DUMMY__ 0.07248793576219456	false	1.0
lang	neg 1.0		neg 0.4830092212179061 off 0.44423251975171607 __DUMMY__ 0.07275825903037773	false	1.0
ziellos	neg 1.0		neg 0.4871201771034254 off 0.4399596327299826 __DUMMY__ 0.07292019016659183	false	1.0
selbstverliebt	neg 1.0		neg 0.47269851924362405 off 0.45589783796049893 __DUMMY__ 0.07140364279587702	false	1.0
beseitigen	neg 1.0		neg 0.48312171126501496 off 0.4440703695879012 __DUMMY__ 0.07280791914708389	false	1.0
dumm	off 1.0		neg 0.4750486171812707 off 0.45290566147695044 __DUMMY__ 0.0720457213417789	false	0.5
arbeitsloser	neg 1.0		neg 0.4891261844739158 off 0.43824137485931414 __DUMMY__ 0.07263244066676985	false	1.0
blitzen	neg 1.0		neg 0.48101194261990515 off 0.44641099457116284 __DUMMY__ 0.07257706280893199	false	1.0
hilflos	neg 1.0		neg 0.4863629724426226 off 0.4407742299494162 __DUMMY__ 0.07286279760796124	false	1.0
eklig	off 1.0		neg 0.4746773036911454 off 0.4534131134027857 __DUMMY__ 0.0719095829060689	false	0.5
begriff			neg 0.48672174060742607 off 0.44057099963779844 __DUMMY__ 0.07270725975477553	false	0.0
hungersnot	neg 1.0		neg 0.4878423104071537 off 0.4399962594260947 __DUMMY__ 0.07216143016675165	false	1.0
ungesetzlich	neg 1.0		neg 0.48622569192513354 off 0.4418685651840739 __DUMMY__ 0.07190574289079256	false	1.0
verschwendung	neg 1.0		neg 0.48916193994914575 off 0.43793029784901544 __DUMMY__ 0.07290776220183876	false	1.0
schmerzvoll	neg 1.0		neg 0.4828003232574766 off 0.4444160423753186 __DUMMY__ 0.07278363436720475	false	1.0
vorzeitig	neg 1.0		neg 0.47987354856932435 off 0.44769572841858374 __DUMMY__ 0.07243072301209198	false	1.0
unvollkommenheit	neg 1.0		neg 0.4840110173015005 off 0.44321141418894217 __DUMMY__ 0.07277756850955741	false	1.0
intervenieren	neg 1.0		neg 0.4905574958810065 off 0.43695525294658677 __DUMMY__ 0.07248725117240662	false	1.0
banause	off 1.0		neg 0.4730739613989988 off 0.45506083922776275 __DUMMY__ 0.07186519937323838	false	0.5
rebell	neg 1.0		neg 0.48899288327862495 off 0.437943967463797 __DUMMY__ 0.07306314925757806	false	1.0
unlogisch	neg 1.0		neg 0.47866781704744804 off 0.4491750750695483 __DUMMY__ 0.07215710788300372	false	1.0
leiden	neg 1.0	neg 1.0	neg 0.7279268310470819 off 0.23634729022913678 __DUMMY__ 0.0357258787237813	false	1.0
abschaffung	neg 1.0		neg 0.4857932041507643 off 0.4419055152945218 __DUMMY__ 0.07230128055471392	false	1.0
sturz	neg 1.0		neg 0.4847490100892896 off 0.4429092127712011 __DUMMY__ 0.07234177713950915	false	1.0
verkleinerung	neg 1.0		neg 0.4843191766805341 off 0.44375622499913103 __DUMMY__ 0.07192459832033474	false	1.0
schmarotzer	off 1.0		neg 0.4894675211459445 off 0.43805294355757585 __DUMMY__ 0.0724795352964796	false	0.5
bestrafung	neg 1.0		neg 0.4838560542855546 off 0.44349811102294623 __DUMMY__ 0.07264583469149911	false	1.0
achtlos	neg 1.0		neg 0.4843166822263162 off 0.4427276150501905 __DUMMY__ 0.0729557027234932	false	1.0
ungeheuer	neg 1.0		neg 0.48252000596036426 off 0.4448433873688581 __DUMMY__ 0.07263660667077768	false	1.0
unaufrichtig	neg 1.0		neg 0.4833017334451311 off 0.44441894466244564 __DUMMY__ 0.07227932189242318	false	1.0
groggy	neg 1.0		neg 0.4817829045072212 off 0.4457227272106813 __DUMMY__ 0.0724943682820976	false	1.0
verletzlich	neg 1.0		neg 0.47907833280779766 off 0.44844903761459914 __DUMMY__ 0.07247262957760328	false	1.0
