unsolidarisch	neg 1.0		__DUMMY__ 0.488198903898174 neg 0.27026291683683556 off 0.2415381792649904	false	1.0
nachteilig	neg 1.0		__DUMMY__ 0.4932028035657126 neg 0.267692063978747 off 0.23910513245554033	false	1.0
skeptisch	neg 1.0		__DUMMY__ 0.49480437920195897 neg 0.268725324487607 off 0.23647029631043406	false	1.0
schrecklich	neg 1.0		__DUMMY__ 0.49079330910246816 neg 0.2584804356094032 off 0.2507262552881286	false	1.0
schlapp	neg 1.0		__DUMMY__ 0.4942627547909022 neg 0.25885358208349435 off 0.24688366312560342	false	1.0
abfall	neg 1.0		__DUMMY__ 0.49576073820861905 neg 0.2692975332651629 off 0.23494172852621817	false	1.0
widerspenstig	neg 1.0		__DUMMY__ 0.4958509405165497 neg 0.2619010171245556 off 0.2422480423588948	false	1.0
abrupt	neg 1.0		__DUMMY__ 0.4971945217524475 neg 0.2616315652376558 off 0.24117391300989682	false	1.0
unwirksam	neg 1.0		__DUMMY__ 0.4886748303068719 neg 0.269653145134168 off 0.24167202455896006	false	1.0
angreifen	neg 1.0		__DUMMY__ 0.49355920690176913 neg 0.26874675771195017 off 0.2376940353862807	false	1.0
inkonsistent	neg 1.0		__DUMMY__ 0.492560240809425 neg 0.26293480846874334 off 0.2445049507218317	false	1.0
abrutschen	neg 1.0		__DUMMY__ 0.4962511219910345 neg 0.2685673769349674 off 0.235181501073998	false	1.0
unsicher	neg 1.0		__DUMMY__ 0.49415732690930525 neg 0.26391623170562595 off 0.2419264413850688	false	1.0
bauernkind	off 1.0		__DUMMY__ 0.4871461321365841 neg 0.2592117263409513 off 0.25364214152246456	false	0.5
angreifer	neg 1.0		__DUMMY__ 0.4907262993667825 neg 0.26424393440923555 off 0.2450297662239818	false	1.0
trennen	neg 1.0		__DUMMY__ 0.4972956611196731 neg 0.2648684386076929 off 0.23783590027263407	false	1.0
schmutz	neg 1.0		__DUMMY__ 0.4960534134042912 neg 0.2554823116892047 off 0.24846427490650402	false	1.0
inkonsistenz	neg 1.0	neg 1.0	neg 0.620281200698699 __DUMMY__ 0.24066457145355222 off 0.13905422784774885	false	1.0
erschreckend	neg 1.0		__DUMMY__ 0.49310600061093035 neg 0.26647892442709226 off 0.2404150749619775	false	1.0
ertrinken	neg 1.0		__DUMMY__ 0.49617053943007405 neg 0.26485287746574826 off 0.23897658310417752	false	1.0
pickelface	off 1.0		__DUMMY__ 0.49148202928441304 neg 0.2659062644941599 off 0.24261170622142716	false	0.5
seiner			__DUMMY__ 0.49438906888047707 neg 0.2679639821476972 off 0.23764694897182567	false	0.0
lauch	neg 1.0		__DUMMY__ 0.4954258584515983 neg 0.2681239745894028 off 0.23645016695899881	false	1.0
unwichtig	neg 1.0		__DUMMY__ 0.49203018411524274 neg 0.2615289910797095 off 0.24644082480504778	false	1.0
steuerhinterziehung	neg 1.0		__DUMMY__ 0.48999015615885083 neg 0.2694705033349411 off 0.2405393405062081	false	1.0
schock	neg 1.0		__DUMMY__ 0.49678909781790537 neg 0.26228203542880163 off 0.24092886675329303	false	1.0
beule	neg 1.0		__DUMMY__ 0.4934258214767507 neg 0.2584679599662126 off 0.24810621855703666	false	1.0
vergelten	neg 1.0		__DUMMY__ 0.48896671601908936 neg 0.25892054679421117 off 0.2521127371866994	false	1.0
verdorbenheit	neg 1.0		__DUMMY__ 0.4944549254863291 neg 0.2619434454711758 off 0.2436016290424952	false	1.0
trauma	neg 1.0		__DUMMY__ 0.4929170365537408 neg 0.26322243233158404 off 0.24386053111467523	false	1.0
sinnlos	neg 1.0		__DUMMY__ 0.4930267620908627 neg 0.2628713712743494 off 0.24410186663478783	false	1.0
fettsack	off 1.0	off 1.0	off 0.6135319313928302 __DUMMY__ 0.2393486472047198 neg 0.14711942140245	false	1.0
feige	off 1.0		__DUMMY__ 0.4907718065686305 neg 0.2634856735168365 off 0.2457425199145331	false	0.5
abdanken	neg 1.0		__DUMMY__ 0.48832529598152674 neg 0.27141525525034405 off 0.24025944876812905	false	1.0
wichtigtuer	off 1.0	off 1.0	off 0.6082010813452263 __DUMMY__ 0.24083633085097722 neg 0.15096258780379643	false	1.0
misslingen	neg 1.0		__DUMMY__ 0.49629573668645255 neg 0.25852793586875766 off 0.24517632744478984	false	1.0
untreu	off 1.0		__DUMMY__ 0.4919733425981287 neg 0.26077666478131944 off 0.2472499926205519	false	0.5
missmutig	neg 1.0		__DUMMY__ 0.4940743638257652 neg 0.2597033501937395 off 0.2462222859804953	false	1.0
hurenbock	off 1.0		__DUMMY__ 0.4959575224915908 neg 0.2596833594163174 off 0.24435911809209163	false	0.5
betrunken	neg 1.0		__DUMMY__ 0.4928136926330375 neg 0.2581356909214497 off 0.24905061644551288	false	1.0
korrupt	off 1.0		__DUMMY__ 0.4900880405166807 neg 0.27082403370283753 off 0.23908792578048182	false	0.5
unmut	neg 1.0		__DUMMY__ 0.4944373856341547 neg 0.2700939897106572 off 0.23546862465518828	false	1.0
hackfresse	off 1.0		__DUMMY__ 0.4894767368850575 neg 0.2563591351876306 off 0.25416412792731197	false	0.5
aufblasen	neg 1.0		__DUMMY__ 0.4950683001393688 neg 0.26121612272918165 off 0.24371557713144956	false	1.0
gewaltsam	neg 1.0		__DUMMY__ 0.49089307528597187 neg 0.2662761883788872 off 0.2428307363351411	false	1.0
unbeliebtheit	neg 1.0		__DUMMY__ 0.4870576838393859 neg 0.26483775759447337 off 0.2481045585661406	false	1.0
sturheit	neg 1.0		__DUMMY__ 0.49225509961548347 neg 0.2671968487287991 off 0.24054805165571738	false	1.0
kuh	neg 1.0		__DUMMY__ 0.49201898671768973 neg 0.26437914023903913 off 0.24360187304327105	false	1.0
erschrecken	neg 1.0		__DUMMY__ 0.49336226112794324 neg 0.2609889645824261 off 0.2456487742896307	false	1.0
opfer	neg 1.0		__DUMMY__ 0.4940762009101714 neg 0.26753129700478995 off 0.2383925020850385	false	1.0
sinken	neg 1.0		__DUMMY__ 0.4945390648956209 neg 0.2692105052471938 off 0.23625042985718533	false	1.0
stinktier	neg 1.0		__DUMMY__ 0.48913939287462266 neg 0.2600115914756627 off 0.2508490156497146	false	1.0
tucke	off 1.0		__DUMMY__ 0.4904936561139569 off 0.25510335924968014 neg 0.25440298463636296	false	1.0
ein			__DUMMY__ 0.4960114976068714 neg 0.2609429927449911 off 0.24304550964813731	false	0.0
abstieg	neg 1.0		__DUMMY__ 0.49213657655529996 neg 0.26791934919289956 off 0.2399440742518004	false	1.0
missverstehen	neg 1.0		__DUMMY__ 0.4910965187104033 neg 0.2654250631099411 off 0.24347841817965554	false	1.0
ergebnislos	neg 1.0		__DUMMY__ 0.49266119950186493 neg 0.2678288449140684 off 0.23950995558406665	false	1.0
unter			__DUMMY__ 0.4998760267812465 neg 0.2680399526789076 off 0.232084020539846	false	0.0
manipulieren	neg 1.0		__DUMMY__ 0.4947488487064509 neg 0.26726182874451787 off 0.23798932254903127	false	1.0
unbewiesen	neg 1.0		__DUMMY__ 0.4880771849278558 neg 0.27063683847968234 off 0.24128597659246181	false	1.0
verschleppen	neg 1.0		__DUMMY__ 0.4931989689632757 neg 0.26718843645135276 off 0.2396125945853717	false	1.0
weib	off 1.0		__DUMMY__ 0.48878273410311834 neg 0.2557428711525908 off 0.25547439474429084	false	0.5
opposition	neg 1.0		__DUMMY__ 0.48993894958820716 neg 0.2666618636670125 off 0.2433991867447802	false	1.0
verkehrswidrig	neg 1.0		__DUMMY__ 0.49265463660332576 neg 0.2541876073332618 off 0.25315775606341256	false	1.0
inkorrekt	neg 1.0		__DUMMY__ 0.4882855046912136 neg 0.26483936422767274 off 0.24687513108111375	false	1.0
vermeiden	neg 1.0		__DUMMY__ 0.4981231312654226 neg 0.26751616381140364 off 0.2343607049231738	false	1.0
abweichung	neg 1.0		__DUMMY__ 0.49019397282650706 neg 0.27093347757579905 off 0.23887254959769372	false	1.0
alkoholisiert	neg 1.0		__DUMMY__ 0.4970577460635972 neg 0.26205124813519687 off 0.2408910058012058	false	1.0
scheiss	off 1.0	off 1.0	off 0.6112216658433798 __DUMMY__ 0.2415413117755643 neg 0.14723702238105593	false	1.0
herausforderung	neg 1.0		__DUMMY__ 0.49734175333738284 neg 0.26236225672574714 off 0.24029598993686999	false	1.0
pervers	off 1.0		__DUMMY__ 0.487470855052275 off 0.25803175830608566 neg 0.2544973866416393	false	1.0
wackelig	neg 1.0		__DUMMY__ 0.4978376988845805 neg 0.26173831152295046 off 0.24042398959246894	false	1.0
verwickeln	neg 1.0		__DUMMY__ 0.49199541868707974 neg 0.26459497180015346 off 0.24340960951276674	false	1.0
vorwand	neg 1.0		__DUMMY__ 0.4935923152980603 neg 0.270276957052947 off 0.23613072764899262	false	1.0
muschi	off 1.0		__DUMMY__ 0.49150444158982637 neg 0.26637731891381033 off 0.2421182394963632	false	0.5
entmutigung	neg 1.0		__DUMMY__ 0.48714736664905617 neg 0.26912998464865784 off 0.2437226487022861	false	1.0
unangemessen	neg 1.0		__DUMMY__ 0.4914000848488245 neg 0.26965098278365685 off 0.23894893236751877	false	1.0
unstetig	neg 1.0		__DUMMY__ 0.49194619945799645 neg 0.26206709644494147 off 0.245986704097062	false	1.0
entmutigen	neg 1.0		__DUMMY__ 0.49441884276286874 neg 0.26215632571511616 off 0.24342483152201508	false	1.0
schwanz	neg 1.0		__DUMMY__ 0.49325784002369427 neg 0.2666642796598804 off 0.2400778803164252	false	1.0
verbot	neg 1.0		__DUMMY__ 0.4901196254412269 neg 0.2702571749245157 off 0.23962319963425743	false	1.0
leid	neg 1.0		__DUMMY__ 0.4902586672828514 neg 0.25739132548325094 off 0.25235000723389756	false	1.0
archaisch	neg 1.0		__DUMMY__ 0.49237889123944095 neg 0.2677788536766101 off 0.23984225508394894	false	1.0
gegen			__DUMMY__ 0.49232776309061654 neg 0.2714662940582011 off 0.23620594285118227	false	0.0
scheidung	neg 1.0	neg 1.0	neg 0.6086004065402855 __DUMMY__ 0.2396399491311029 off 0.15175964432861155	false	1.0
einschlag	neg 1.0		__DUMMY__ 0.48882774012079194 neg 0.25993419499255377 off 0.25123806488665423	false	1.0
m			__DUMMY__ 0.49516534457273687 neg 0.26370773032056843 off 0.24112692510669465	false	0.0
abgestanden	neg 1.0		__DUMMY__ 0.4955742512069561 neg 0.2617635835642831 off 0.2426621652287609	false	1.0
schmierig	off 1.0		__DUMMY__ 0.4914690889686134 neg 0.2570659206935318 off 0.25146499033785485	false	0.5
unpraktisch	neg 1.0		__DUMMY__ 0.49533920695080674 neg 0.26094792636539377 off 0.2437128666837994	false	1.0
wixxer	off 1.0		__DUMMY__ 0.48673796326802193 off 0.258105602930361 neg 0.25515643380161696	false	1.0
bezeichnet			__DUMMY__ 0.49173416163587486 neg 0.2675050362070062 off 0.24076080215711887	false	0.0
jammerlappen	off 1.0		__DUMMY__ 0.49213135308098477 neg 0.26146921486011016 off 0.24639943205890516	false	0.5
farce	neg 1.0		__DUMMY__ 0.48851520643250923 neg 0.27171155023905885 off 0.23977324332843195	false	1.0
zwecklos	neg 1.0		__DUMMY__ 0.4923757699997575 neg 0.26879311900947617 off 0.2388311109907663	false	1.0
turbulent	neg 1.0		__DUMMY__ 0.49009347280681304 neg 0.25962020410577535 off 0.2502863230874115	false	1.0
invasion	neg 1.0		__DUMMY__ 0.4936836461506998 neg 0.26072266123752835 off 0.24559369261177202	false	1.0
schuld	neg 1.0		__DUMMY__ 0.4925392795246833 neg 0.2649279032355014 off 0.2425328172398152	false	1.0
risiko	neg 1.0		__DUMMY__ 0.4950094734263453 neg 0.2587810801977732 off 0.2462094463758815	false	1.0
finster	neg 1.0		__DUMMY__ 0.4953674573291158 neg 0.26188251102178806 off 0.24275003164909612	false	1.0
geisteskrank	off 1.0		__DUMMY__ 0.48928130469315795 neg 0.26317306610517593 off 0.24754562920166617	false	0.5
zusammenbrechen	neg 1.0		__DUMMY__ 0.4950185593078191 neg 0.2642541625066854 off 0.24072727818549547	false	1.0
ausbeute	neg 1.0		__DUMMY__ 0.4961641039914176 neg 0.2640867919248701 off 0.2397491040837124	false	1.0
hinterhalt	neg 1.0		__DUMMY__ 0.49347637866091243 neg 0.26307576452520826 off 0.2434478568138794	false	1.0
kritik	neg 1.0		__DUMMY__ 0.48963406078881555 neg 0.2702872360795502 off 0.24007870313163424	false	1.0
einschrumpfen	neg 1.0		__DUMMY__ 0.48957799533228685 neg 0.2648170500306137 off 0.2456049546370996	false	1.0
riskant	neg 1.0		__DUMMY__ 0.4943283840535252 neg 0.26763355689406076 off 0.2380380590524141	false	1.0
frustrieren	neg 1.0		__DUMMY__ 0.49402332265635296 neg 0.26802770539232784 off 0.23794897195131923	false	1.0
groll	neg 1.0		__DUMMY__ 0.4929450634468466 neg 0.26777907079911395 off 0.23927586575403942	false	1.0
gibt			__DUMMY__ 0.49395952519624725 neg 0.2660406360873353 off 0.23999983871641747	false	0.0
qualvoll	neg 1.0		__DUMMY__ 0.4943480228536061 neg 0.26092124332267347 off 0.2447307338237204	false	1.0
wackeln	neg 1.0		__DUMMY__ 0.49592300654381566 neg 0.2608186348392551 off 0.24325835861692938	false	1.0
klagen	neg 1.0		__DUMMY__ 0.49299377822122054 neg 0.2711395491048144 off 0.23586667267396516	false	1.0
bankrott	neg 1.0		__DUMMY__ 0.4930712334324387 neg 0.259814467401424 off 0.24711429916613734	false	1.0
trauern	neg 1.0		__DUMMY__ 0.4944775675983648 neg 0.26713008790663945 off 0.23839234449499566	false	1.0
ablehnung	neg 1.0	neg 1.0	neg 0.6233550235225651 __DUMMY__ 0.24033822974693797 off 0.1363067467304969	false	1.0
stur	neg 1.0		__DUMMY__ 0.4927159719730143 neg 0.2642862856514364 off 0.24299774237554916	false	1.0
aufruhr	neg 1.0		__DUMMY__ 0.49055366423354896 neg 0.2672525627618963 off 0.24219377300455472	false	1.0
melancholie	neg 1.0		__DUMMY__ 0.4969658888959388 neg 0.26268166499836354 off 0.24035244610569753	false	1.0
ist			__DUMMY__ 0.4928700305503977 neg 0.26384604069009315 off 0.24328392875950905	false	0.0
torheit	neg 1.0		__DUMMY__ 0.48897646047849674 neg 0.26867235546877455 off 0.24235118405272865	false	1.0
dreckskind	off 1.0		__DUMMY__ 0.4868336497677338 neg 0.26070553834369237 off 0.2524608118885738	false	0.5
umtauschen	neg 1.0		__DUMMY__ 0.4954429896413316 neg 0.2625531304931669 off 0.24200387986550145	false	1.0
zum			__DUMMY__ 0.49912414652502296 neg 0.2658899007303988 off 0.23498595274457817	false	0.0
zersetzen	neg 1.0		__DUMMY__ 0.49386819539918103 neg 0.2691102694705435 off 0.23702153513027552	false	1.0
zur			__DUMMY__ 0.49497388145555304 neg 0.2713018318047833 off 0.23372428673966364	false	0.0
frust	neg 1.0		__DUMMY__ 0.494388801935966 neg 0.26536436015814896 off 0.240246837905885	false	1.0
unerbittlichkeit	neg 1.0		__DUMMY__ 0.4936470569548822 neg 0.26837622603038574 off 0.23797671701473203	false	1.0
zwei			__DUMMY__ 0.4979167358757813 neg 0.2655388823036201 off 0.23654438182059842	false	0.0
unkorrekt	neg 1.0		__DUMMY__ 0.48846036988781055 neg 0.26387915766332876 off 0.2476604724488606	false	1.0
hexe	off 1.0		__DUMMY__ 0.49261466907999457 neg 0.2599974851049921 off 0.24738784581501333	false	0.5
lasch	neg 1.0		__DUMMY__ 0.49110631370644425 neg 0.2640530084348051 off 0.24484067785875066	false	1.0
rivale	neg 1.0		__DUMMY__ 0.48957411520497895 neg 0.2594910419601132 off 0.25093484283490786	false	1.0
mutlos	off 1.0	off 1.0	off 0.605453761428853 __DUMMY__ 0.241551901413211 neg 0.15299433715793612	false	1.0
wirr	off 1.0		__DUMMY__ 0.48914319875164725 neg 0.2611905324208938 off 0.24966626882745882	false	0.5
jahr			__DUMMY__ 0.4968526402293481 neg 0.2644161459898833 off 0.2387312137807686	false	0.0
wird			__DUMMY__ 0.49423989259639994 neg 0.26710659243336404 off 0.238653514970236	false	0.0
strafbar	neg 1.0		__DUMMY__ 0.4913880597737714 neg 0.2710389424629005 off 0.23757299776332813	false	1.0
erosion	neg 1.0		__DUMMY__ 0.49454588323819876 neg 0.26138660208714853 off 0.24406751467465274	false	1.0
eingehen	neg 1.0		__DUMMY__ 0.4930786822688463 neg 0.2682265236700307 off 0.23869479406112284	false	1.0
faul	off 1.0		__DUMMY__ 0.494248928882137 neg 0.25909979524967724 off 0.24665127586818567	false	0.5
provisorium	neg 1.0		__DUMMY__ 0.49903084674482456 neg 0.2696419142024088 off 0.2313272390527666	false	1.0
schmerzen	neg 1.0		__DUMMY__ 0.4953269334276347 neg 0.2635146155314369 off 0.24115845104092848	false	1.0
schrumpfen	neg 1.0		__DUMMY__ 0.49626281133209904 neg 0.26993653007257556 off 0.23380065859532553	false	1.0
geistlos	off 1.0		__DUMMY__ 0.48848596356978125 neg 0.2676012519274387 off 0.24391278450278012	false	0.5
fehlkauf	neg 1.0		__DUMMY__ 0.49156969547946 neg 0.2636205496283643 off 0.2448097548921757	false	1.0
frustrierend	neg 1.0		__DUMMY__ 0.49296458868932647 neg 0.26158104051204256 off 0.24545437079863108	false	1.0
unzufrieden	neg 1.0		__DUMMY__ 0.49337871062186484 neg 0.26745444123928613 off 0.23916684813884914	false	1.0
verzweifeln	neg 1.0		__DUMMY__ 0.4943896679538257 neg 0.2642295643982916 off 0.2413807676478826	false	1.0
verzweifelt	neg 1.0		__DUMMY__ 0.49289044075898775 neg 0.26418460545145417 off 0.2429249537895581	false	1.0
misstrauensantrag	neg 1.0		__DUMMY__ 0.4901977134617534 neg 0.2655323765187809 off 0.24426991001946577	false	1.0
abfallen	neg 1.0		__DUMMY__ 0.49687392632439686 neg 0.25939775615134936 off 0.2437283175242539	false	1.0
fucker	off 1.0		__DUMMY__ 0.4899274910520523 neg 0.26039281250342616 off 0.24967969644452162	false	0.5
ungezogen	neg 1.0		__DUMMY__ 0.4893685343132101 off 0.25584627812223854 neg 0.25478518756455126	false	0.5
irrsinnig	neg 1.0	neg 1.0	neg 0.6210228848857218 __DUMMY__ 0.24140428261877742 off 0.1375728324955008	false	1.0
unfassbar	neg 1.0		__DUMMY__ 0.49226103042384023 neg 0.2607096633370364 off 0.24702930623912336	false	1.0
hart	neg 1.0		__DUMMY__ 0.49105757390027327 neg 0.2618711187574827 off 0.24707130734224417	false	1.0
widerlich	off 1.0		__DUMMY__ 0.49060912671100415 neg 0.2618881830696879 off 0.24750269021930799	false	0.5
fatal	neg 1.0		__DUMMY__ 0.49198348178736123 neg 0.26321454562050417 off 0.2448019725921347	false	1.0
bruch	neg 1.0		__DUMMY__ 0.4922332996577109 neg 0.2726249055698201 off 0.23514179477246896	false	1.0
aushungern	neg 1.0		__DUMMY__ 0.4902569109131439 neg 0.26801299599347234 off 0.24173009309338397	false	1.0
anspannung	neg 1.0		__DUMMY__ 0.49769528478618774 neg 0.2665556753192044 off 0.23574903989460774	false	1.0
von			__DUMMY__ 0.49595168066083434 neg 0.2667299428462425 off 0.23731837649292314	false	0.0
kraftlos	neg 1.0		__DUMMY__ 0.49734614205622585 neg 0.262673081316307 off 0.239980776627467	false	1.0
vom			__DUMMY__ 0.49878479496677186 neg 0.26884427169424563 off 0.2323709333389826	false	0.0
grenzdebil	off 1.0		__DUMMY__ 0.4923484321055805 neg 0.25943378258141686 off 0.2482177853130028	false	0.5
vor			__DUMMY__ 0.4961236844778836 neg 0.26753685843462827 off 0.2363394570874881	false	0.0
unterwerfen	neg 1.0		__DUMMY__ 0.4933130044899805 neg 0.26821920654875575 off 0.23846778896126383	false	1.0
versenkung	neg 1.0		__DUMMY__ 0.493822358149951 neg 0.2682268647321627 off 0.23795077711788618	false	1.0
entziehen	neg 1.0		__DUMMY__ 0.4939269336828765 neg 0.2704469348221641 off 0.23562613149495934	false	1.0
finanzkrise	neg 1.0		__DUMMY__ 0.49013238303339 neg 0.2685860836593037 off 0.24128153330730642	false	1.0
schimpfend	neg 1.0		__DUMMY__ 0.49757434933125605 neg 0.2576149895876809 off 0.24481066108106292	false	1.0
profan	neg 1.0		__DUMMY__ 0.49310574451862127 neg 0.26281304516758597 off 0.24408121031379273	false	1.0
korruption	neg 1.0		__DUMMY__ 0.49020205950945056 neg 0.2705852549892021 off 0.2392126855013473	false	1.0
â			__DUMMY__ 0.49487736838648655 neg 0.26507684496614325 off 0.24004578664737022	false	0.0
schmutzig	neg 1.0		__DUMMY__ 0.49431390418340965 neg 0.2574569233491426 off 0.24822917246744766	false	1.0
sexy	neg 1.0		__DUMMY__ 0.4925795301014977 neg 0.26100489892672496 off 0.2464155709717773	false	1.0
abraten	neg 1.0		__DUMMY__ 0.4938902331546635 neg 0.26281459850659056 off 0.24329516833874595	false	1.0
schwarz	neg 1.0		__DUMMY__ 0.49223786126453534 neg 0.2638718941293044 off 0.24389024460616016	false	1.0
fotze	off 1.0		__DUMMY__ 0.4921981923601864 neg 0.2674898427507189 off 0.24031196488909456	false	0.5
verwirren	neg 1.0		__DUMMY__ 0.4927103747038607 neg 0.26244570274233053 off 0.2448439225538088	false	1.0
zahnlos	off 1.0		__DUMMY__ 0.4918693975213522 neg 0.26909805891345473 off 0.23903254356519313	false	0.5
verheeren	neg 1.0		__DUMMY__ 0.4871965526742402 off 0.25776521420769977 neg 0.25503823311806006	false	0.5
hippie	neg 1.0		__DUMMY__ 0.4922976304598024 neg 0.2615931754871695 off 0.2461091940530281	false	1.0
rammen	neg 1.0		__DUMMY__ 0.4928523273545109 neg 0.2622363090088037 off 0.2449113636366854	false	1.0
unlauter	neg 1.0	neg 1.0	neg 0.6211478272930283 __DUMMY__ 0.24035224928906734 off 0.13849992341790435	false	1.0
unheilvoll	neg 1.0		__DUMMY__ 0.4940994627184253 neg 0.2616645326044591 off 0.2442360046771156	false	1.0
niedrig	neg 1.0		__DUMMY__ 0.49284532979099055 neg 0.26817495455087137 off 0.23897971565813808	false	1.0
explosion	neg 1.0		__DUMMY__ 0.49323823415864454 neg 0.2609808438738248 off 0.2457809219675305	false	1.0
weichei	off 1.0		__DUMMY__ 0.4895402499713182 neg 0.25758666368858585 off 0.252873086340096	false	0.5
minusmensch	off 1.0		__DUMMY__ 0.48459983118695726 neg 0.2587924178872387 off 0.256607750925804	false	0.5
farblos	neg 1.0		__DUMMY__ 0.4934473647206441 neg 0.2631988224318021 off 0.24335381284755378	false	1.0
unwissend	neg 1.0		__DUMMY__ 0.4911272146702557 neg 0.26218135267716713 off 0.24669143265257712	false	1.0
traurig	neg 1.0		__DUMMY__ 0.4922741212430695 neg 0.2576371228680477 off 0.25008875588888285	false	1.0
senkung	neg 1.0		__DUMMY__ 0.4920370488791374 neg 0.26259654927954434 off 0.2453664018413182	false	1.0
ungleich	neg 1.0	neg 1.0	neg 0.6232774816281832 __DUMMY__ 0.24166361285468804 off 0.1350589055171287	false	1.0
heikel	neg 1.0		__DUMMY__ 0.4938368605933581 neg 0.26929255958013965 off 0.2368705798265024	false	1.0
drosselung	neg 1.0		__DUMMY__ 0.49212877960638235 neg 0.25745355543544873 off 0.25041766495816886	false	1.0
falsch	neg 1.0		__DUMMY__ 0.4922167569881612 neg 0.2619904050936693 off 0.24579283791816953	false	1.0
unzufriedenheit	neg 1.0		__DUMMY__ 0.49391820729406544 neg 0.2692650452565429 off 0.2368167474493917	false	1.0
kurz	neg 1.0		__DUMMY__ 0.4963539885367784 neg 0.26279963805415907 off 0.2408463734090626	false	1.0
unsinnig	neg 1.0		__DUMMY__ 0.49269506927771906 neg 0.2678414723100637 off 0.2394634584122171	false	1.0
penner	off 1.0	off 1.0	off 0.6147606457575037 __DUMMY__ 0.24004364165381564 neg 0.1451957125886807	false	1.0
seicht	neg 1.0		__DUMMY__ 0.487212048154398 neg 0.25780086411384473 off 0.2549870877317574	false	1.0
dummheit	off 1.0	off 1.0	off 0.6087008422132821 __DUMMY__ 0.2409349066667593 neg 0.1503642511199585	false	1.0
unerfreulich	neg 1.0		__DUMMY__ 0.49489199308480614 neg 0.2685813493066437 off 0.23652665760855016	false	1.0
motherfucker	off 1.0	off 1.0	off 0.6119144051794896 __DUMMY__ 0.240297819307715 neg 0.14778777551279534	false	1.0
pikiert	neg 1.0		__DUMMY__ 0.4912110958739859 neg 0.2624635281262138 off 0.24632537599980037	false	1.0
wrack	neg 1.0		__DUMMY__ 0.49398080764902874 neg 0.26616729413953677 off 0.23985189821143463	false	1.0
gangster	neg 1.0		__DUMMY__ 0.49248480274577794 neg 0.2622353454432401 off 0.24527985181098197	false	1.0
krank	neg 1.0		__DUMMY__ 0.4936292088751866 neg 0.25793647374024425 off 0.24843431738456928	false	1.0
reich	neg 1.0		__DUMMY__ 0.4874126198708577 neg 0.2658310849672784 off 0.2467562951618639	false	1.0
gnadenlos	neg 1.0		__DUMMY__ 0.4926483241722048 neg 0.26467755431451245 off 0.2426741215132826	false	1.0
niedergeschlagen	neg 1.0		__DUMMY__ 0.4949104715169063 neg 0.26433062343954006 off 0.24075890504355366	false	1.0
terrorisieren	off 1.0	off 1.0	off 0.6054373200878965 __DUMMY__ 0.24258067558971794 neg 0.1519820043223855	false	1.0
sinnlosigkeit	neg 1.0		__DUMMY__ 0.4926157035052586 neg 0.2680364554615494 off 0.23934784103319184	false	1.0
behindern	neg 1.0		__DUMMY__ 0.494772226480656 neg 0.2629682942318386 off 0.24225947928750546	false	1.0
undemokratisch	neg 1.0		__DUMMY__ 0.48933180679409755 neg 0.2678951311133406 off 0.24277306209256178	false	1.0
wirtschaftskrise	neg 1.0		__DUMMY__ 0.4916926332088871 neg 0.26869090569912846 off 0.23961646109198453	false	1.0
neid	neg 1.0		__DUMMY__ 0.4947156679723694 neg 0.25920951200936676 off 0.2460748200182639	false	1.0
rutschen	neg 1.0		__DUMMY__ 0.5005282339378397 neg 0.26376188039587645 off 0.23570988566628373	false	1.0
rezession	neg 1.0		__DUMMY__ 0.48803466865673445 neg 0.2606503651435853 off 0.25131496619968025	false	1.0
fehlgeburt	neg 1.0		__DUMMY__ 0.4939917097829685 neg 0.2629593595019491 off 0.24304893071508243	false	1.0
charakterschwach	off 1.0		__DUMMY__ 0.49066246889249615 neg 0.26199072990431616 off 0.24734680120318764	false	0.5
isolation	neg 1.0		__DUMMY__ 0.4919642597722965 neg 0.2608017529798477 off 0.24723398724785592	false	1.0
ablenkung	neg 1.0		__DUMMY__ 0.49448397641060526 neg 0.2630873026208567 off 0.24242872096853796	false	1.0
pech	neg 1.0		__DUMMY__ 0.49327288543933523 neg 0.26156549405511553 off 0.24516162050554924	false	1.0
vermeidung	neg 1.0		__DUMMY__ 0.4932111407735881 neg 0.2573371664197354 off 0.24945169280667648	false	1.0
dominieren	neg 1.0		__DUMMY__ 0.49211808268320567 neg 0.2676757262494714 off 0.24020619106732288	false	1.0
schwindlig	neg 1.0		__DUMMY__ 0.49490165564955974 neg 0.2598907936080033 off 0.24520755074243689	false	1.0
lutscher	neg 1.0		__DUMMY__ 0.4873228741148241 neg 0.25679730598353223 off 0.2558798199016436	false	1.0
pflicht	neg 1.0		__DUMMY__ 0.49369310070326866 neg 0.2696175403354172 off 0.23668935896131402	false	1.0
faschist	off 1.0		__DUMMY__ 0.4895367596293499 neg 0.26648539737678967 off 0.2439778429938605	false	0.5
verschleudern	neg 1.0		__DUMMY__ 0.4914042302938244 neg 0.2698535024524158 off 0.23874226725375983	false	1.0
wenn			__DUMMY__ 0.4923177626931488 neg 0.2619130744365835 off 0.24576916287026768	false	0.0
ehebruch	neg 1.0		__DUMMY__ 0.49258429568315903 neg 0.26869018045355403 off 0.2387255238632869	false	1.0
spott	off 1.0		__DUMMY__ 0.49284093450169075 neg 0.2690516807168653 off 0.23810738478144378	false	0.5
trostlosigkeit	neg 1.0		__DUMMY__ 0.49152112603754594 neg 0.2720676395387519 off 0.2364112344237021	false	1.0
lutschen	neg 1.0		__DUMMY__ 0.490137482949034 neg 0.26356886703206156 off 0.24629365001890444	false	1.0
undiszipliniert	neg 1.0		__DUMMY__ 0.4915733147604521 neg 0.25921964152296256 off 0.2492070437165854	false	1.0
kopfschmerz	neg 1.0		__DUMMY__ 0.4947433339447445 neg 0.2634912736441606 off 0.2417653924110949	false	1.0
unvorhergesehen	neg 1.0		__DUMMY__ 0.4970188400387306 neg 0.26219117568641187 off 0.24078998427485748	false	1.0
desinteressiert	neg 1.0		__DUMMY__ 0.49076520764084425 neg 0.26053070453901367 off 0.2487040878201422	false	1.0
armselig	off 1.0		__DUMMY__ 0.4898627857420659 neg 0.26058402908719147 off 0.24955318517074251	false	0.5
desaster	neg 1.0		__DUMMY__ 0.4918317528542211 neg 0.2735634964334538 off 0.23460475071232523	false	1.0
tod	neg 1.0		__DUMMY__ 0.49232159050243307 neg 0.26922675229769205 off 0.23845165719987493	false	1.0
herzlos	neg 1.0		__DUMMY__ 0.4919453305864409 neg 0.25725414274603225 off 0.2508005266675268	false	1.0
unwissenheit	neg 1.0		__DUMMY__ 0.4923973713309288 neg 0.26824562348176856 off 0.23935700518730266	false	1.0
widersinnig	neg 1.0		__DUMMY__ 0.48909617553756896 neg 0.2712007747573644 off 0.2397030497050666	false	1.0
bedenklich	neg 1.0		__DUMMY__ 0.49346624519552756 neg 0.2686462376425615 off 0.23788751716191095	false	1.0
beanstanden	neg 1.0		__DUMMY__ 0.4935769419315385 neg 0.2702209987635853 off 0.23620205930487612	false	1.0
panisch	neg 1.0	neg 1.0	neg 0.6169021312186743 __DUMMY__ 0.24405807411920347 off 0.13903979466212213	false	1.0
debil	off 1.0		__DUMMY__ 0.4956748088361498 neg 0.27037022754702367 off 0.23395496361682658	false	0.5
abstrich	neg 1.0		__DUMMY__ 0.4968066446598578 neg 0.25990929871726215 off 0.24328405662287997	false	1.0
primitiv	neg 1.0		__DUMMY__ 0.4903029157078836 neg 0.2616667922811569 off 0.2480302920109595	false	1.0
abschaum	off 1.0	off 1.0	off 0.6100866323902523 __DUMMY__ 0.24043873682947978 neg 0.1494746307802679	false	1.0
provozieren	neg 1.0		__DUMMY__ 0.4917798973186776 neg 0.2663353569322393 off 0.24188474574908309	false	1.0
tot	neg 1.0		__DUMMY__ 0.4929306667069252 neg 0.2660441351293136 off 0.24102519816376108	false	1.0
instabil	neg 1.0		__DUMMY__ 0.487852826183764 neg 0.2619532607555772 off 0.2501939130606588	false	1.0
schwuchtel	off 1.0		__DUMMY__ 0.48410231507451185 off 0.2607498604514277 neg 0.25514782447406054	false	1.0
zerren	neg 1.0		__DUMMY__ 0.4945784417302587 neg 0.26492961007412597 off 0.2404919481956153	false	1.0
kinderficker	off 1.0		__DUMMY__ 0.48836741723588223 neg 0.26000637246721203 off 0.2516262102969057	false	0.5
gefahr	neg 1.0		__DUMMY__ 0.49227557958789453 neg 0.2695070467704913 off 0.23821737364161422	false	1.0
rabiat	neg 1.0		__DUMMY__ 0.4931194625237824 neg 0.26500333632372997 off 0.24187720115248754	false	1.0
verlangsamung	neg 1.0		__DUMMY__ 0.48777304342237554 neg 0.2573528827318827 off 0.2548740738457416	false	1.0
ausgestorben	neg 1.0		__DUMMY__ 0.4940219141361682 neg 0.26555833203686946 off 0.24041975382696248	false	1.0
anklagen	neg 1.0		__DUMMY__ 0.49209951577100136 neg 0.26647354960684605 off 0.2414269346221525	false	1.0
trott	neg 1.0		__DUMMY__ 0.494194089830566 neg 0.26353075613720855 off 0.2422751540322254	false	1.0
verminderung	neg 1.0		__DUMMY__ 0.4909947263565931 neg 0.2593457989845364 off 0.24965947465887045	false	1.0
nach			__DUMMY__ 0.4991320694278597 neg 0.26569255344730236 off 0.235175377124838	false	0.0
rost	neg 1.0		__DUMMY__ 0.4886942351956807 neg 0.2559195174445275 off 0.2553862473597917	false	1.0
destruktiv	neg 1.0		__DUMMY__ 0.4914476693575836 neg 0.2679871901004879 off 0.24056514054192846	false	1.0
unzumutbarkeit	neg 1.0		__DUMMY__ 0.4922865797916621 neg 0.25848772146568594 off 0.2492256987426519	false	1.0
labil	off 1.0	off 1.0	off 0.6107377811528197 __DUMMY__ 0.2405238890474494 neg 0.14873832979973084	false	1.0
ziemlich	neg 1.0		__DUMMY__ 0.49217835515598213 neg 0.2602186603981224 off 0.24760298444589565	false	1.0
lachnummer	off 1.0		__DUMMY__ 0.49133055280717414 neg 0.26815878263311077 off 0.24051066455971512	false	0.5
oder			__DUMMY__ 0.4947676971893783 neg 0.2631446236352935 off 0.2420876791753283	false	0.0
verfall	neg 1.0		__DUMMY__ 0.4949190833606131 neg 0.27165072390173606 off 0.2334301927376508	false	1.0
ausgrenzung	neg 1.0		__DUMMY__ 0.48971456730863483 neg 0.26659429964700176 off 0.24369113304436332	false	1.0
unordnung	neg 1.0		__DUMMY__ 0.488193198287803 neg 0.2608202755939776 off 0.2509865261182195	false	1.0
fehlverhalten	neg 1.0		__DUMMY__ 0.49230610399970953 neg 0.27013530827350335 off 0.23755858772678723	false	1.0
eine			__DUMMY__ 0.4958293359891782 neg 0.2675472975221288 off 0.23662336648869292	false	0.0
nille	neg 1.0		__DUMMY__ 0.49085840318869306 neg 0.26747333892965147 off 0.24166825788165552	false	1.0
qual	neg 1.0		__DUMMY__ 0.49391831550781184 neg 0.2639669438356588 off 0.2421147406565294	false	1.0
verschwenden	neg 1.0		__DUMMY__ 0.4943534939434449 neg 0.2673568818826474 off 0.23828962417390773	false	1.0
riesig	neg 1.0		__DUMMY__ 0.49521512008872487 neg 0.262968876593022 off 0.24181600331825318	false	1.0
verurteilen	neg 1.0		__DUMMY__ 0.49192974391656624 neg 0.26860196381162105 off 0.2394682922718126	false	1.0
klischee	neg 1.0	neg 1.0	neg 0.6205473909862788 __DUMMY__ 0.24045782610668576 off 0.13899478290703554	false	1.0
diktatorisch	neg 1.0		__DUMMY__ 0.48848533695518837 neg 0.26902656052581936 off 0.2424881025189923	false	1.0
vorhersehbar	neg 1.0		__DUMMY__ 0.4908965092009935 neg 0.265520469392756 off 0.24358302140625046	false	1.0
sowie			__DUMMY__ 0.4877942611238244 neg 0.25903912557045333 off 0.2531666133057224	false	0.0
stornieren	neg 1.0		__DUMMY__ 0.49508911650683973 neg 0.25939003471147404 off 0.24552084878168634	false	1.0
besteuerung	neg 1.0		__DUMMY__ 0.492284397841759 neg 0.2642527510702013 off 0.24346285108803972	false	1.0
ungeschminkt	neg 1.0		__DUMMY__ 0.4919510020144134 neg 0.2596987475819334 off 0.24835025040365316	false	1.0
kritisch	neg 1.0		__DUMMY__ 0.4924310354197454 neg 0.26961017776944846 off 0.23795878681080632	false	1.0
schlamperei	off 1.0		__DUMMY__ 0.4915827430419322 neg 0.27004867180977665 off 0.23836858514829115	false	0.5
sucht	neg 1.0	neg 1.0	neg 0.61624378008186 __DUMMY__ 0.24404387036400127 off 0.13971234955413867	false	1.0
egoistisch	off 1.0		__DUMMY__ 0.4897847390200391 neg 0.25742299960702625 off 0.2527922613729345	false	0.5
ausbeuter	off 1.0		__DUMMY__ 0.49220038973942426 neg 0.2705722546234233 off 0.2372273556371523	false	0.5
arschgeburt	off 1.0		__DUMMY__ 0.4840672820430485 off 0.2605928484463798 neg 0.2553398695105716	false	1.0
schubs	neg 1.0	neg 1.0	neg 0.6197311560521168 __DUMMY__ 0.24394277003425902 off 0.13632607391362417	false	1.0
unsolide	neg 1.0		__DUMMY__ 0.48494094512100433 neg 0.2701327088839452 off 0.24492634599505037	false	1.0
beschwerde	neg 1.0		__DUMMY__ 0.49159359597395025 neg 0.26919618032977416 off 0.23921022369627554	false	1.0
stocken	neg 1.0		__DUMMY__ 0.49414412454313283 neg 0.26641008781693337 off 0.23944578763993377	false	1.0
isolieren	neg 1.0		__DUMMY__ 0.49552305716253603 neg 0.2624579639571257 off 0.2420189788803383	false	1.0
unheilbar	neg 1.0		__DUMMY__ 0.4939491447106933 neg 0.26297594311043954 off 0.24307491217886718	false	1.0
pisser	off 1.0		__DUMMY__ 0.48899450800698263 neg 0.260430562957792 off 0.25057492903522527	false	0.5
löschen	neg 1.0		__DUMMY__ 0.4925411405779041 neg 0.26427397083651727 off 0.24318488858557855	false	1.0
durchfallen	neg 1.0		__DUMMY__ 0.4932350517997221 neg 0.26841073744418287 off 0.23835421075609511	false	1.0
wichser	off 1.0		__DUMMY__ 0.4876554091061555 off 0.2572285502977763 neg 0.2551160405960682	false	1.0
terror	neg 1.0		__DUMMY__ 0.493503077056199 neg 0.2603041172363053 off 0.24619280570749566	false	1.0
krass	neg 1.0		__DUMMY__ 0.49089368477373563 neg 0.25820793131264635 off 0.25089838391361796	false	1.0
revolte	neg 1.0	neg 1.0	neg 0.6223417244861492 __DUMMY__ 0.23883890220058948 off 0.13881937331326138	false	1.0
besorgt	neg 1.0		__DUMMY__ 0.49635623728254535 neg 0.2627413555936957 off 0.24090240712375882	false	1.0
nachlassen	neg 1.0		__DUMMY__ 0.49595685607565637 neg 0.2634114522898965 off 0.24063169163444706	false	1.0
alt	neg 1.0		__DUMMY__ 0.4959132869242769 neg 0.2657431471982822 off 0.238343565877441	false	1.0
hundesohn	off 1.0		__DUMMY__ 0.4857831287147045 neg 0.25823911335960564 off 0.2559777579256898	false	0.5
als			__DUMMY__ 0.49477783321228186 neg 0.2655520477146378 off 0.23967011907308036	false	0.0
abschreckung	neg 1.0		__DUMMY__ 0.4931301671910401 neg 0.2704463643783519 off 0.23642346843060802	false	1.0
unqualifiziert	neg 1.0		__DUMMY__ 0.4908403321355218 neg 0.2652434195121722 off 0.24391624835230608	false	1.0
abgewichst	off 1.0		__DUMMY__ 0.4929643202792773 neg 0.2658557989846032 off 0.2411798807361196	false	0.5
schwer	neg 1.0		__DUMMY__ 0.49416288249297513 neg 0.2643327049860964 off 0.2415044125209284	false	1.0
bedeutungslosigkeit	neg 1.0		__DUMMY__ 0.4925225582988772 neg 0.27056130001992496 off 0.2369161416811978	false	1.0
kapitulation	neg 1.0		__DUMMY__ 0.4898510944667728 neg 0.27154811901777354 off 0.23860078651545374	false	1.0
unscharf	neg 1.0		__DUMMY__ 0.49310137352959577 neg 0.2616700918774476 off 0.2452285345929566	false	1.0
schwinden	neg 1.0		__DUMMY__ 0.49518374504547935 neg 0.2666137124355142 off 0.2382025425190066	false	1.0
versklavung	neg 1.0		__DUMMY__ 0.48944826552657833 neg 0.26796239787880366 off 0.24258933659461793	false	1.0
schlecht	neg 1.0		__DUMMY__ 0.49248454106769574 neg 0.25946142318563725 off 0.24805403574666704	false	1.0
verhasst	neg 1.0		__DUMMY__ 0.4912831714048772 neg 0.26691112412017043 off 0.2418057044749523	false	1.0
beschweren	neg 1.0		__DUMMY__ 0.4934712788257838 neg 0.2629115367917865 off 0.24361718438242985	false	1.0
scheiden	neg 1.0		__DUMMY__ 0.49376843000935855 neg 0.2648596281667891 off 0.24137194182385235	false	1.0
frustriert	neg 1.0		__DUMMY__ 0.49382688654746565 neg 0.2657582309599638 off 0.24041488249257065	false	1.0
schimmelig	neg 1.0		__DUMMY__ 0.49373909150683315 neg 0.26750463367515814 off 0.23875627481800868	false	1.0
fisch	neg 1.0		__DUMMY__ 0.49412428843454576 neg 0.2666528214650788 off 0.23922289010037553	false	1.0
schmuggel	neg 1.0		__DUMMY__ 0.49649369583103775 neg 0.265546438471013 off 0.23795986569794925	false	1.0
auffallen	neg 1.0		__DUMMY__ 0.4928971363924517 neg 0.26312544679995603 off 0.2439774168075923	false	1.0
konkurrenz	neg 1.0		__DUMMY__ 0.49469732889774515 neg 0.2689437343544377 off 0.23635893674781724	false	1.0
teufelskreis	neg 1.0		__DUMMY__ 0.493218315304574 neg 0.2661612789238583 off 0.2406204057715677	false	1.0
aufschreien	neg 1.0		__DUMMY__ 0.49147799841192685 neg 0.26488279286157984 off 0.2436392087264934	false	1.0
schuldner	neg 1.0		__DUMMY__ 0.4924113903885222 neg 0.2695291482818207 off 0.23805946132965705	false	1.0
missgeburt	off 1.0	off 1.0	off 0.6137838110595332 __DUMMY__ 0.2386147610587874 neg 0.1476014278816793	false	1.0
arbeitslos	neg 1.0		__DUMMY__ 0.49246068718076613 neg 0.2683135021501935 off 0.23922581066904053	false	1.0
befallen	neg 1.0		__DUMMY__ 0.4917768442165353 neg 0.26848513111247285 off 0.23973802467099176	false	1.0
miesepetrig	off 1.0		__DUMMY__ 0.493987368856285 neg 0.25778220626267656 off 0.2482304248810383	false	0.5
alarmieren	neg 1.0		__DUMMY__ 0.49018365184806306 neg 0.26302960112557117 off 0.2467867470263659	false	1.0
ungeduscht	off 1.0		__DUMMY__ 0.49305334520179794 neg 0.26168493909111923 off 0.2452617157070827	false	0.5
knappheit	neg 1.0		__DUMMY__ 0.492626120815758 neg 0.2675822975791924 off 0.23979158160504968	false	1.0
schlange	neg 1.0		__DUMMY__ 0.4948406685619076 neg 0.2613887743641696 off 0.24377055707392276	false	1.0
harsch	neg 1.0		__DUMMY__ 0.49185482094322847 off 0.25459253567217527 neg 0.2535526433845963	false	0.5
lang	neg 1.0		__DUMMY__ 0.49345008007126623 neg 0.26299113060643686 off 0.24355878932229696	false	1.0
ziellos	neg 1.0		__DUMMY__ 0.4944871662220408 neg 0.2663393301466243 off 0.23917350363133474	false	1.0
selbstverliebt	neg 1.0		__DUMMY__ 0.4849312325469607 off 0.2578029357274927 neg 0.2572658317255468	false	0.5
beseitigen	neg 1.0		__DUMMY__ 0.49391425699516367 neg 0.2628457811070666 off 0.24323996189776984	false	1.0
dumm	off 1.0		__DUMMY__ 0.48898133056363985 neg 0.25764146799181403 off 0.2533772014445462	false	0.5
arbeitsloser	neg 1.0		__DUMMY__ 0.4927179075960912 neg 0.26889592236350063 off 0.23838617004040816	false	1.0
blitzen	neg 1.0		__DUMMY__ 0.49233939428228807 neg 0.261608423613661 off 0.24605218210405091	false	1.0
hilflos	neg 1.0		__DUMMY__ 0.4941157852620586 neg 0.2657905396096536 off 0.2400936751282878	false	1.0
eklig	off 1.0		__DUMMY__ 0.48813893610925535 neg 0.2577133237587483 off 0.2541477401319963	false	0.5
begriff			__DUMMY__ 0.49316475114393377 neg 0.2665045972608702 off 0.24033065159519604	false	0.0
hungersnot	neg 1.0		__DUMMY__ 0.48979538045999704 neg 0.26903776070375623 off 0.24116685883624667	false	1.0
ungesetzlich	neg 1.0		__DUMMY__ 0.4881409610812551 neg 0.2681984945153014 off 0.24366054440344354	false	1.0
verschwendung	neg 1.0		__DUMMY__ 0.4944041187328553 neg 0.26823043133155516 off 0.23736544993558958	false	1.0
schmerzvoll	neg 1.0		__DUMMY__ 0.4936160823617401 neg 0.26272951880961903 off 0.24365439882864087	false	1.0
vorzeitig	neg 1.0		__DUMMY__ 0.4915253460060341 neg 0.26091962257113904 off 0.24755503142282678	false	1.0
unvollkommenheit	neg 1.0		__DUMMY__ 0.49372384146484316 neg 0.26376032123907145 off 0.24251583729608556	false	1.0
intervenieren	neg 1.0		__DUMMY__ 0.49179953040569974 neg 0.27062049811999167 off 0.23757997147430857	false	1.0
banause	off 1.0		__DUMMY__ 0.4878919414084485 neg 0.256329911104361 off 0.25577814748719047	false	0.5
rebell	neg 1.0		__DUMMY__ 0.49553820914675123 neg 0.26761871106391777 off 0.23684307978933117	false	1.0
unlogisch	neg 1.0		__DUMMY__ 0.48967619268529716 neg 0.260682368217901 off 0.2496414390968018	false	1.0
leiden	neg 1.0	neg 1.0	neg 0.6173654515141137 __DUMMY__ 0.2469715617834298 off 0.13566298670245647	false	1.0
abschaffung	neg 1.0		__DUMMY__ 0.49065162828742337 neg 0.2667802224904599 off 0.24256814922211664	false	1.0
sturz	neg 1.0		__DUMMY__ 0.490957873284514 neg 0.265693878416687 off 0.24334824829879897	false	1.0
verkleinerung	neg 1.0		__DUMMY__ 0.4883000259446668 neg 0.266490745412476 off 0.2452092286428571	false	1.0
schmarotzer	off 1.0		__DUMMY__ 0.49171285788990526 neg 0.2696907499139254 off 0.2385963921961694	false	0.5
bestrafung	neg 1.0		__DUMMY__ 0.4927831655527867 neg 0.26401097010276586 off 0.24320586434444752	false	1.0
achtlos	neg 1.0		__DUMMY__ 0.4947174827702974 neg 0.2636387783390062 off 0.24164373889069654	false	1.0
ungeheuer	neg 1.0		__DUMMY__ 0.4927813208695054 neg 0.2628700126610203 off 0.2443486664694744	false	1.0
unaufrichtig	neg 1.0		__DUMMY__ 0.4905332599998382 neg 0.2644859716571614 off 0.24498076834300037	false	1.0
groggy	neg 1.0		__DUMMY__ 0.4917993011342906 neg 0.2625326596103853 off 0.2456680392553241	false	1.0
verletzlich	neg 1.0		__DUMMY__ 0.4917082120803407 neg 0.26016336776709503 off 0.24812842015256426	false	1.0
ablehnen	neg 1.0		__DUMMY__ 0.492137342816257 neg 0.2686360961589105 off 0.23922656102483242	false	1.0
