unsolidarisch	neg 1.0		__DUMMY__ 0.9339428890449765 neg 0.03596850383535492 off 0.030088607119668584	false	1.0
nachteilig	neg 1.0		__DUMMY__ 0.9396595062138856 neg 0.03307708029088605 off 0.027263413495228345	false	1.0
skeptisch	neg 1.0		__DUMMY__ 0.9413658383958101 neg 0.03330199068929427 off 0.025332170914895657	false	1.0
schrecklich	neg 1.0		__DUMMY__ 0.9367918203191995 off 0.03437811778935977 neg 0.02883006189144081	false	0.5
schlapp	neg 1.0		__DUMMY__ 0.9408735316523443 off 0.03101936874960941 neg 0.02810709959804633	false	0.5
abfall	neg 1.0		__DUMMY__ 0.9423427505215092 neg 0.03342350377509246 off 0.02423374570339831	false	1.0
widerspenstig	neg 1.0		__DUMMY__ 0.9426364455829339 neg 0.029263413929491236 off 0.02810014048757492	false	1.0
abrupt	neg 1.0		__DUMMY__ 0.9442048696575125 neg 0.028505669447576373 off 0.027289460894911195	false	1.0
unwirksam	neg 1.0		__DUMMY__ 0.9345453735498725 neg 0.03587512622294214 off 0.02957950022718538	false	1.0
angreifen	neg 1.0		__DUMMY__ 0.9397764743155811 neg 0.033697061380824775 off 0.02652646430359418	false	1.0
inkonsistent	neg 1.0		__DUMMY__ 0.9391962991263872 neg 0.030663143959489447 off 0.03014055691412325	false	1.0
abrutschen	neg 1.0		__DUMMY__ 0.9428448231587829 neg 0.03290090656586812 off 0.02425427027534898	false	1.0
unsicher	neg 1.0		__DUMMY__ 0.9404191399570294 neg 0.030908863361043697 off 0.02867199668192682	false	1.0
bauernkind	off 1.0		__DUMMY__ 0.933151091221331 off 0.036599096920211675 neg 0.03024981185845725	false	1.0
angreifer	neg 1.0		__DUMMY__ 0.9369503247184711 neg 0.03179273408866637 off 0.03125694119286266	false	1.0
trennen	neg 1.0		__DUMMY__ 0.9439961621563288 neg 0.030563980089651697 off 0.025439857754019454	false	1.0
schmutz	neg 1.0		__DUMMY__ 0.9432446946731252 off 0.03172081467757793 neg 0.025034490649296855	false	0.5
inkonsistenz	neg 1.0	neg 1.0	neg 0.49914336523527925 __DUMMY__ 0.47253625026614 off 0.028320384498580792	false	1.0
erschreckend	neg 1.0		__DUMMY__ 0.9393198375999587 neg 0.03257994539139024 off 0.02810021700865102	false	1.0
ertrinken	neg 1.0		__DUMMY__ 0.9427558378082324 neg 0.03079782691921025 off 0.02644633527255731	false	1.0
pickelface	off 1.0		__DUMMY__ 0.9378897284614472 neg 0.032553893782616514 off 0.02955637775593621	false	0.5
seiner			__DUMMY__ 0.9407596630737491 neg 0.03307838946928227 off 0.026161947456968645	false	0.0
lauch	neg 1.0		__DUMMY__ 0.9423891567982231 neg 0.03275933045729643 off 0.024851512744480473	false	1.0
unwichtig	neg 1.0		__DUMMY__ 0.9382124628866274 off 0.03173679846263625 neg 0.03005073865073641	false	0.5
steuerhinterziehung	neg 1.0		__DUMMY__ 0.9361799049567184 neg 0.034928157430224795 off 0.028891937613056792	false	1.0
schock	neg 1.0		__DUMMY__ 0.9435581062995213 neg 0.029168197069737885 off 0.02727369663074078	false	1.0
beule	neg 1.0		__DUMMY__ 0.9401171980668737 off 0.031810033139400826 neg 0.02807276879372553	false	0.5
vergelten	neg 1.0		__DUMMY__ 0.9350412363101158 off 0.035804992698865744 neg 0.029153770991018395	false	0.5
verdorbenheit	neg 1.0		__DUMMY__ 0.9412393810664021 neg 0.029721503560706207 off 0.02903911537289164	false	1.0
trauma	neg 1.0		__DUMMY__ 0.939223660975323 neg 0.030820355981506654 off 0.02995598304317038	false	1.0
sinnlos	neg 1.0		__DUMMY__ 0.9392145834894836 neg 0.030607119647000934 off 0.030178296863515468	false	1.0
fettsack	off 1.0	off 1.0	off 0.5026036336933365 __DUMMY__ 0.4702643696463942 neg 0.027131996660269428	false	1.0
feige	off 1.0		__DUMMY__ 0.9368497158178207 off 0.031640773018368366 neg 0.03150951116381091	false	1.0
abdanken	neg 1.0		__DUMMY__ 0.9341273666677654 neg 0.03654528048188867 off 0.029327352850345965	false	1.0
wichtigtuer	off 1.0	off 1.0	off 0.497501190887778 __DUMMY__ 0.4726438902797114 neg 0.02985491883251054	false	1.0
misslingen	neg 1.0		__DUMMY__ 0.9434939664151203 off 0.029708944474810584 neg 0.026797089110069144	false	0.5
untreu	off 1.0		__DUMMY__ 0.9380601776411418 off 0.0321800135852142 neg 0.029759808773643953	false	1.0
missmutig	neg 1.0		__DUMMY__ 0.9405207198371819 off 0.030960404846339388 neg 0.028518875316478672	false	0.5
hurenbock	off 1.0		__DUMMY__ 0.9432510190745286 off 0.028998812861069846 neg 0.027750168064401556	false	1.0
betrunken	neg 1.0		__DUMMY__ 0.9391708602298916 off 0.03272544956293356 neg 0.028103690207174913	false	0.5
korrupt	off 1.0		__DUMMY__ 0.9361795799440272 neg 0.03566638999699949 off 0.028154030058973333	false	0.5
unmut	neg 1.0		__DUMMY__ 0.9410278280585419 neg 0.03403266144585189 off 0.02493951049560614	false	1.0
hackfresse	off 1.0		__DUMMY__ 0.9354710101601907 off 0.03660008570276362 neg 0.027928904137045674	false	1.0
aufblasen	neg 1.0		__DUMMY__ 0.9415449465431275 off 0.02927804539142827 neg 0.029177008065444213	false	0.5
gewaltsam	neg 1.0		__DUMMY__ 0.9371562577372965 neg 0.032944576103864885 off 0.029899166158838544	false	1.0
unbeliebtheit	neg 1.0		__DUMMY__ 0.9328192520176437 off 0.03399116397463103 neg 0.0331895840077252	false	0.5
sturheit	neg 1.0		__DUMMY__ 0.9384970424500296 neg 0.03302399252859252 off 0.028478965021377898	false	1.0
kuh	neg 1.0		__DUMMY__ 0.9388545859760016 neg 0.031773864919082455 off 0.029371549104915923	false	1.0
erschrecken	neg 1.0		__DUMMY__ 0.9395979810936553 off 0.030858458300664388 neg 0.02954356060568032	false	0.5
opfer	neg 1.0		__DUMMY__ 0.9406303040970801 neg 0.032719502317831446 off 0.026650193585088355	false	1.0
sinken	neg 1.0		__DUMMY__ 0.9411674747455236 neg 0.033662963681179006 off 0.02516956157329733	false	1.0
stinktier	neg 1.0		__DUMMY__ 0.9353068352025522 off 0.03457827615920579 neg 0.030114888638242052	false	0.5
tucke	off 1.0		__DUMMY__ 0.9370961940249023 off 0.03654584565822183 neg 0.026357960316875817	false	1.0
ein			__DUMMY__ 0.9427389443492092 neg 0.028713114861299547 off 0.02854794078949127	false	0.0
abstieg	neg 1.0		__DUMMY__ 0.9384507345014829 neg 0.03347752785294262 off 0.02807173764557451	false	1.0
missverstehen	neg 1.0		__DUMMY__ 0.9371242870069144 neg 0.03258340550448665 off 0.03029230748859889	false	1.0
ergebnislos	neg 1.0		__DUMMY__ 0.9391335493458328 neg 0.033204212528531375 off 0.02766223812563584	false	1.0
unter			__DUMMY__ 0.9470557559541082 neg 0.03151239022468459 off 0.02143185382120724	false	0.0
manipulieren	neg 1.0		__DUMMY__ 0.9413662594610256 neg 0.03226649602895519 off 0.02636724451001923	false	1.0
unbewiesen	neg 1.0		__DUMMY__ 0.9338046991543271 neg 0.036213910383264804 off 0.029981390462408133	false	1.0
verschleppen	neg 1.0		__DUMMY__ 0.9398594703047425 neg 0.032576335974598414 off 0.027564193720659113	false	1.0
weib	off 1.0		__DUMMY__ 0.9348982664419672 off 0.037455481888597195 neg 0.02764625166943558	false	1.0
opposition	neg 1.0		__DUMMY__ 0.9359556960531621 neg 0.03383169456217867 off 0.030212609384659334	false	1.0
verkehrswidrig	neg 1.0		__DUMMY__ 0.9394435624694867 off 0.03499289122834955 neg 0.025563546302163686	false	0.5
inkorrekt	neg 1.0		__DUMMY__ 0.9341941090710477 off 0.0329213234132329 neg 0.03288456751571935	false	0.5
vermeiden	neg 1.0		__DUMMY__ 0.9452753958241442 neg 0.03163026344145937 off 0.023094340734396514	false	1.0
abweichung	neg 1.0		__DUMMY__ 0.9362360304032071 neg 0.03590427834733973 off 0.027859691249453214	false	1.0
alkoholisiert	neg 1.0		__DUMMY__ 0.9444018341127002 neg 0.02887969880311552 off 0.026718467084184353	false	1.0
scheiss	off 1.0	off 1.0	off 0.4993874621585222 __DUMMY__ 0.47429013464735387 neg 0.026322403194123933	false	1.0
herausforderung	neg 1.0		__DUMMY__ 0.9444327309709091 neg 0.028664755800679804 off 0.026902513228411088	false	1.0
pervers	off 1.0		__DUMMY__ 0.933348413691436 off 0.03931677619481133 neg 0.027334810113752665	false	1.0
wackelig	neg 1.0		__DUMMY__ 0.9447639222129015 neg 0.02865947326102856 off 0.026576604526069893	false	1.0
verwickeln	neg 1.0		__DUMMY__ 0.9380824458271171 neg 0.03183301960655115 off 0.030084534566331828	false	1.0
vorwand	neg 1.0		__DUMMY__ 0.9399893623293024 neg 0.034525140336713875 off 0.02548549733398377	false	1.0
muschi	off 1.0		__DUMMY__ 0.9377866707220063 neg 0.032892123206506974 off 0.029321206071486753	false	0.5
entmutigung	neg 1.0		__DUMMY__ 0.9328736179424819 neg 0.03555646031000013 off 0.031569921747518	false	1.0
unangemessen	neg 1.0		__DUMMY__ 0.9375211969846866 neg 0.03480357611562809 off 0.02767522689968525	false	1.0
unstetig	neg 1.0		__DUMMY__ 0.938499492491932 off 0.031187181775925932 neg 0.030313325732142092	false	0.5
entmutigen	neg 1.0		__DUMMY__ 0.9409585476941954 neg 0.029635776593440785 off 0.029405675712363875	false	1.0
schwanz	neg 1.0		__DUMMY__ 0.9399889164832612 neg 0.03254723301339549 off 0.02746385050334324	false	1.0
verbot	neg 1.0		__DUMMY__ 0.9362663506417251 neg 0.0352942767720987 off 0.02843937258617615	false	1.0
leid	neg 1.0		__DUMMY__ 0.936345261958257 off 0.03535172677662053 neg 0.028303011265122573	false	0.5
archaisch	neg 1.0		__DUMMY__ 0.9385898122123186 neg 0.033527989800882826 off 0.027882197986798554	false	1.0
gegen			__DUMMY__ 0.9385157047446487 neg 0.035483049284684896 off 0.026001245970666324	false	0.0
scheidung	neg 1.0	neg 1.0	neg 0.4884812574739269 __DUMMY__ 0.47082313320761493 off 0.040695609318458226	false	1.0
einschlag	neg 1.0		__DUMMY__ 0.9348271195752086 off 0.03513300688894713 neg 0.03003987353584433	false	0.5
m			__DUMMY__ 0.9417806206451939 neg 0.030491307471132052 off 0.027728071883674075	false	0.0
abgestanden	neg 1.0		__DUMMY__ 0.9427214385810023 neg 0.029396900939954323 off 0.02788166047904329	false	1.0
schmierig	off 1.0		__DUMMY__ 0.9376935084945107 off 0.034555718838318414 neg 0.027750772667170773	false	1.0
unpraktisch	neg 1.0		__DUMMY__ 0.9420306437395066 off 0.029037525707355825 neg 0.02893183055313763	false	0.5
wixxer	off 1.0		__DUMMY__ 0.9325273430127458 off 0.03952784493238428 neg 0.027944812054870025	false	1.0
bezeichnet			__DUMMY__ 0.9378961183127954 neg 0.03350481513659077 off 0.02859906655061379	false	0.0
jammerlappen	off 1.0		__DUMMY__ 0.9382559488196036 off 0.031680418965231216 neg 0.0300636322151652	false	1.0
farce	neg 1.0		__DUMMY__ 0.9344358728678114 neg 0.03668287891278648 off 0.028881248219402213	false	1.0
zwecklos	neg 1.0		__DUMMY__ 0.9384747262268228 neg 0.03415854888604516 off 0.027366724887131957	false	1.0
turbulent	neg 1.0		__DUMMY__ 0.9365358685562001 off 0.03414280030761933 neg 0.02932133113618063	false	0.5
invasion	neg 1.0		__DUMMY__ 0.9401245514592462 off 0.03075657220072232 neg 0.029118876340031453	false	0.5
schuld	neg 1.0		__DUMMY__ 0.9386996623007843 neg 0.031868111713754275 off 0.029432225985461476	false	1.0
risiko	neg 1.0		__DUMMY__ 0.9420221001625684 off 0.030803071460731943 neg 0.027174828376699607	false	0.5
finster	neg 1.0		__DUMMY__ 0.9421398742337103 neg 0.029656844175537506 off 0.02820328159075225	false	1.0
geisteskrank	off 1.0		__DUMMY__ 0.9351355510394563 off 0.03308899262252304 neg 0.03177545633802054	false	1.0
zusammenbrechen	neg 1.0		__DUMMY__ 0.9413803163513524 neg 0.030815268690212554 off 0.027804414958434977	false	1.0
ausbeute	neg 1.0		__DUMMY__ 0.9431662498106209 neg 0.03041707537316988 off 0.026416674816209237	false	1.0
hinterhalt	neg 1.0		__DUMMY__ 0.9402610814016475 neg 0.030342125870863393 off 0.029396792727489005	false	1.0
kritik	neg 1.0		__DUMMY__ 0.9357227821799305 neg 0.035463602617963906 off 0.02881361520210551	false	1.0
einschrumpfen	neg 1.0		__DUMMY__ 0.9357080340230308 neg 0.032589055203826434 off 0.031702910773142745	false	1.0
riskant	neg 1.0		__DUMMY__ 0.9406838700341088 neg 0.032899412574825856 off 0.02641671739106538	false	1.0
frustrieren	neg 1.0		__DUMMY__ 0.9403482679363411 neg 0.033225009866503 off 0.02642672219715598	false	1.0
groll	neg 1.0		__DUMMY__ 0.9393054848612686 neg 0.03320460411515365 off 0.02748991102357772	false	1.0
gibt			__DUMMY__ 0.9401416424097997 neg 0.032160234491100115 off 0.02769812309910028	false	0.0
qualvoll	neg 1.0		__DUMMY__ 0.9407701151403622 off 0.030006019658597845 neg 0.029223865201039888	false	0.5
wackeln	neg 1.0		__DUMMY__ 0.9424650362180338 off 0.028856159512713215 neg 0.028678804269253025	false	0.5
klagen	neg 1.0		__DUMMY__ 0.9394685077291027 neg 0.03504631960541025 off 0.025485172665487013	false	1.0
bankrott	neg 1.0		__DUMMY__ 0.9394256306356655 off 0.031606825577411256 neg 0.028967543786923212	false	0.5
trauern	neg 1.0		__DUMMY__ 0.9411171253897664 neg 0.03237632358713969 off 0.026506551023093815	false	1.0
ablehnung	neg 1.0	neg 1.0	neg 0.5019774046610983 __DUMMY__ 0.47192529283114376 off 0.02609730250775796	false	1.0
stur	neg 1.0		__DUMMY__ 0.9388947488515382 neg 0.031454004541407204 off 0.029651246607054652	false	1.0
aufruhr	neg 1.0		__DUMMY__ 0.9367552789495226 neg 0.03357173124656098 off 0.029672989803916354	false	1.0
melancholie	neg 1.0		__DUMMY__ 0.9439315977249885 neg 0.029415272659409644 off 0.026653129615601893	false	1.0
ist			__DUMMY__ 0.9389539553415543 neg 0.03132681543711501 off 0.02971922922133064	false	0.0
torheit	neg 1.0		__DUMMY__ 0.9348450493242021 neg 0.034872972050977995 off 0.03028197862481996	false	1.0
dreckskind	off 1.0		__DUMMY__ 0.9326174616922522 off 0.03618429695154435 neg 0.031198241356203506	false	1.0
umtauschen	neg 1.0		__DUMMY__ 0.9421519997289634 neg 0.029974611196185517 off 0.027873389074851092	false	1.0
zum			__DUMMY__ 0.946177190981135 neg 0.03059507275086556 off 0.023227736267999524	false	0.0
zersetzen	neg 1.0		__DUMMY__ 0.9403059746630518 neg 0.0337612236970326 off 0.025932801639915622	false	1.0
zur			__DUMMY__ 0.9415363162588894 neg 0.03474626993555546 off 0.023717413805555074	false	0.0
frust	neg 1.0		__DUMMY__ 0.9406094676276298 neg 0.03165267204326656 off 0.027737860329103615	false	1.0
unerbittlichkeit	neg 1.0		__DUMMY__ 0.9401368586173757 neg 0.033282425119440184 off 0.026580716263184114	false	1.0
zwei			__DUMMY__ 0.944688642395141 neg 0.03085882455532767 off 0.024452533049531273	false	0.0
unkorrekt	neg 1.0		__DUMMY__ 0.9344855042426857 off 0.033174560366428095 neg 0.03233993539088611	false	0.5
hexe	off 1.0		__DUMMY__ 0.9392114550034102 off 0.03163445002034717 neg 0.029154094976242682	false	1.0
lasch	neg 1.0		__DUMMY__ 0.9372242106817633 neg 0.031671170331971615 off 0.03110461898626509	false	1.0
rivale	neg 1.0		__DUMMY__ 0.9356777331880741 off 0.03470512446345302 neg 0.02961714234847291	false	0.5
mutlos	off 1.0	off 1.0	off 0.494824539214384 __DUMMY__ 0.47402004124177516 neg 0.031155419543840723	false	1.0
wirr	off 1.0		__DUMMY__ 0.9352683602231223 off 0.03405609426306498 neg 0.03067554551381275	false	1.0
jahr			__DUMMY__ 0.9436262549322625 neg 0.030440563223834982 off 0.025933181843902434	false	0.0
wird			__DUMMY__ 0.9405223485673688 neg 0.03277665601728732 off 0.026700995415343813	false	0.0
strafbar	neg 1.0		__DUMMY__ 0.9375550636961025 neg 0.03552171309825024 off 0.026923223205647197	false	1.0
erosion	neg 1.0		__DUMMY__ 0.9410832407157289 off 0.029606984342215432 neg 0.029309774942055677	false	0.5
eingehen	neg 1.0		__DUMMY__ 0.9392032242781736 neg 0.03361928386771948 off 0.027177491854106898	false	1.0
faul	off 1.0		__DUMMY__ 0.9408595727078897 off 0.03094937477194061 neg 0.028191052520169707	false	1.0
provisorium	neg 1.0		__DUMMY__ 0.946114593699631 neg 0.0328156451232839 off 0.021069761177085103	false	1.0
schmerzen	neg 1.0		__DUMMY__ 0.9420170314992141 neg 0.030599488960654956 off 0.02738347954013092	false	1.0
schrumpfen	neg 1.0		__DUMMY__ 0.9430911648291059 neg 0.033488484478524615 off 0.0234203506923694	false	1.0
geistlos	off 1.0		__DUMMY__ 0.9342751659629863 neg 0.03437227072426267 off 0.031352563312751006	false	0.5
fehlkauf	neg 1.0		__DUMMY__ 0.9378572326249747 neg 0.03133595843396155 off 0.03080680894106379	false	1.0
frustrierend	neg 1.0		__DUMMY__ 0.939119458063245 off 0.030935268856607877 neg 0.029945273080147095	false	0.5
unzufrieden	neg 1.0		__DUMMY__ 0.9395765202057932 neg 0.033078242321424936 off 0.027345237472781826	false	1.0
verzweifeln	neg 1.0		__DUMMY__ 0.9406878387776515 neg 0.030981540791870047 off 0.028330620430478532	false	1.0
verzweifelt	neg 1.0		__DUMMY__ 0.9389676895712346 neg 0.031490920253839635 off 0.02954139017492585	false	1.0
misstrauensantrag	neg 1.0		__DUMMY__ 0.9361656013487683 neg 0.03316179744700862 off 0.03067260120422318	false	1.0
abfallen	neg 1.0		__DUMMY__ 0.9437232558636353 off 0.028678171073242886 neg 0.027598573063121887	false	0.5
fucker	off 1.0		__DUMMY__ 0.9357438319411021 off 0.03416460591417443 neg 0.03009156214472345	false	1.0
ungezogen	neg 1.0		__DUMMY__ 0.9354990550685232 off 0.03751066511769424 neg 0.026990279813782606	false	0.5
irrsinnig	neg 1.0	neg 1.0	neg 0.49980589106157436 __DUMMY__ 0.4734864426422835 off 0.026707666296142036	false	1.0
unfassbar	neg 1.0		__DUMMY__ 0.9384099465774892 off 0.031957686138775636 neg 0.02963236728373506	false	0.5
hart	neg 1.0		__DUMMY__ 0.9377153926205307 off 0.03185001967232478 neg 0.030434587707144495	false	0.5
widerlich	off 1.0		__DUMMY__ 0.9366357817026366 off 0.03264482323159393 neg 0.030719395065769574	false	1.0
fatal	neg 1.0		__DUMMY__ 0.9381641049426189 neg 0.031067863429819122 off 0.030768031627562007	false	1.0
bruch	neg 1.0		__DUMMY__ 0.9384621051601532 neg 0.036228171581538814 off 0.02530972325830798	false	1.0
aushungern	neg 1.0		__DUMMY__ 0.9363812275255661 neg 0.03383823081552093 off 0.029780541658913008	false	1.0
anspannung	neg 1.0		__DUMMY__ 0.9445382711253123 neg 0.03126516364868605 off 0.024196565226001637	false	1.0
von			__DUMMY__ 0.9426988738071596 neg 0.031952282496340724 off 0.025348843696499708	false	0.0
kraftlos	neg 1.0		__DUMMY__ 0.9441807319315485 neg 0.029216763899310966 off 0.026602504169140544	false	1.0
vom			__DUMMY__ 0.945786479480937 neg 0.03252020603493266 off 0.021693314484130324	false	0.0
grenzdebil	off 1.0		__DUMMY__ 0.9385626184862403 off 0.03258162612027486 neg 0.028855755393484808	false	1.0
vor			__DUMMY__ 0.9426778532995663 neg 0.032382855140597064 off 0.02493929155983666	false	0.0
unterwerfen	neg 1.0		__DUMMY__ 0.9397846929023383 neg 0.033300334660425326 off 0.026914972437236343	false	1.0
versenkung	neg 1.0		__DUMMY__ 0.9400740465330368 neg 0.033321515908748565 off 0.026604437558214636	false	1.0
entziehen	neg 1.0		__DUMMY__ 0.9403432465637062 neg 0.03452617855568503 off 0.025130574880608762	false	1.0
finanzkrise	neg 1.0		__DUMMY__ 0.936338704868618 neg 0.03453118235449152 off 0.02913011277689047	false	1.0
schimpfend	neg 1.0		__DUMMY__ 0.9447414125481925 off 0.02897948114039611 neg 0.026279106311411334	false	0.5
profan	neg 1.0		__DUMMY__ 0.9393301734726108 neg 0.03062845370940955 off 0.030041372817979597	false	1.0
korruption	neg 1.0		__DUMMY__ 0.9363933075228624 neg 0.0355107713742052 off 0.028095921102932343	false	1.0
â			__DUMMY__ 0.941491805058197 neg 0.03137511544918191 off 0.027133079492621146	false	0.0
schmutzig	neg 1.0		__DUMMY__ 0.9408131794981278 off 0.032062844737600286 neg 0.027123975764271842	false	0.5
sexy	neg 1.0		__DUMMY__ 0.9388126844496408 off 0.03150890834103102 neg 0.02967840720932816	false	0.5
abraten	neg 1.0		__DUMMY__ 0.9402742859673822 neg 0.03040575254697842 off 0.029319961485639447	false	1.0
schwarz	neg 1.0		__DUMMY__ 0.9384729668292969 neg 0.031403610530965485 off 0.030123422639737503	false	1.0
fotze	off 1.0		__DUMMY__ 0.9386025478008241 neg 0.03336463248795086 off 0.028032819711225135	false	0.5
verwirren	neg 1.0		__DUMMY__ 0.9388403174889716 off 0.0306587521855787 neg 0.030500930325449743	false	0.5
zahnlos	off 1.0		__DUMMY__ 0.9379184969921526 neg 0.03443202578086355 off 0.02764947722698385	false	0.5
verheeren	neg 1.0		__DUMMY__ 0.9329556963074002 off 0.03941529599215175 neg 0.027629007700448023	false	0.5
hippie	neg 1.0		__DUMMY__ 0.938491458134332 off 0.03145121059808715 neg 0.030057331267580915	false	0.5
rammen	neg 1.0		__DUMMY__ 0.9393790693785582 neg 0.030436775894085975 off 0.030184154727355812	false	1.0
unlauter	neg 1.0	neg 1.0	neg 0.5000763394975832 __DUMMY__ 0.47199382996416 off 0.027929830538256734	false	1.0
unheilvoll	neg 1.0		__DUMMY__ 0.9407419561643872 neg 0.02966248902781483 off 0.029595554807797984	false	1.0
niedrig	neg 1.0		__DUMMY__ 0.9393538274275398 neg 0.03367834598232485 off 0.026967826590135358	false	1.0
explosion	neg 1.0		__DUMMY__ 0.9396729595894686 off 0.03092625595633961 neg 0.02940078445419182	false	0.5
weichei	off 1.0		__DUMMY__ 0.9354893130836629 off 0.035787025201898734 neg 0.028723661714438315	false	1.0
minusmensch	off 1.0		__DUMMY__ 0.930053338691779 off 0.039496026125076515 neg 0.030450635183144493	false	1.0
farblos	neg 1.0		__DUMMY__ 0.9405281891045144 neg 0.0304742416130972 off 0.02899756928238848	false	1.0
unwissend	neg 1.0		__DUMMY__ 0.9371419750175863 off 0.03203742509227964 neg 0.030820599890134033	false	0.5
traurig	neg 1.0		__DUMMY__ 0.938532594809653 off 0.03365151657878349 neg 0.027815888611563498	false	0.5
senkung	neg 1.0		__DUMMY__ 0.9385004024656682 off 0.030817501549672433 neg 0.030682095984659305	false	0.5
ungleich	neg 1.0	neg 1.0	neg 0.5014704460666353 __DUMMY__ 0.4741811553727831 off 0.024348398560581644	false	1.0
heikel	neg 1.0		__DUMMY__ 0.9402477488225625 neg 0.033940070388321954 off 0.02581218078911553	false	1.0
drosselung	neg 1.0		__DUMMY__ 0.9386744611192733 off 0.033690172388914294 neg 0.027635366491812346	false	0.5
falsch	neg 1.0		__DUMMY__ 0.9384082463605861 off 0.03125184468248408 neg 0.030339908956929833	false	0.5
unzufriedenheit	neg 1.0		__DUMMY__ 0.9403758970832329 neg 0.0337748004110217 off 0.025849302505745474	false	1.0
kurz	neg 1.0		__DUMMY__ 0.9429684249945665 neg 0.0297524263643203 off 0.02727914864111321	false	1.0
unsinnig	neg 1.0		__DUMMY__ 0.9389251221916739 neg 0.033471443997113035 off 0.02760343381121315	false	1.0
penner	off 1.0	off 1.0	off 0.5037369367796167 __DUMMY__ 0.47121897334214535 neg 0.025044089878237797	false	1.0
seicht	neg 1.0		__DUMMY__ 0.9328986330516124 off 0.03786001862219257 neg 0.029241348326195137	false	0.5
dummheit	off 1.0	off 1.0	off 0.4979318157289289 __DUMMY__ 0.47280938468518147 neg 0.02925879958588962	false	1.0
unerfreulich	neg 1.0		__DUMMY__ 0.9413938046589932 neg 0.03331047224148214 off 0.02529572309952455	false	1.0
motherfucker	off 1.0	off 1.0	off 0.5011867815765916 __DUMMY__ 0.4716371330029311 neg 0.02717608542047734	false	1.0
pikiert	neg 1.0		__DUMMY__ 0.937371237008675 off 0.03178672059758796 neg 0.030842042393737144	false	0.5
wrack	neg 1.0		__DUMMY__ 0.9408158471564654 neg 0.03216590445812901 off 0.027018248385405598	false	1.0
gangster	neg 1.0		__DUMMY__ 0.9387460054099224 off 0.030838106763766547 neg 0.03041588782631107	false	0.5
krank	neg 1.0		__DUMMY__ 0.9400999309179646 off 0.032207863184287665 neg 0.027692205897747648	false	0.5
reich	neg 1.0		__DUMMY__ 0.9332037325823975 neg 0.03399408667091693 off 0.032802180746685596	false	1.0
gnadenlos	neg 1.0		__DUMMY__ 0.9387172576664097 neg 0.031760310501500404 off 0.029522431832089902	false	1.0
niedergeschlagen	neg 1.0		__DUMMY__ 0.941423941013528 neg 0.030914481370177556 off 0.027661577616294394	false	1.0
terrorisieren	off 1.0	off 1.0	off 0.4943859955788116 __DUMMY__ 0.47582838597352073 neg 0.029785618447667785	false	1.0
sinnlosigkeit	neg 1.0		__DUMMY__ 0.9387386329034523 neg 0.03366022321176797 off 0.027601143884779807	false	1.0
behindern	neg 1.0		__DUMMY__ 0.9414092826730852 neg 0.03014219700933661 off 0.028448520317578184	false	1.0
undemokratisch	neg 1.0		__DUMMY__ 0.935394352207435 neg 0.03413623944253186 off 0.03046940835003311	false	1.0
wirtschaftskrise	neg 1.0		__DUMMY__ 0.9381189224987178 neg 0.03399556083424369 off 0.0278855166670386	false	1.0
neid	neg 1.0		__DUMMY__ 0.9413942119021195 off 0.030602428415724452 neg 0.028003359682156087	false	0.5
rutschen	neg 1.0		__DUMMY__ 0.947751627555511 neg 0.02903256185110368 off 0.023215810593385355	false	1.0
rezession	neg 1.0		__DUMMY__ 0.9338106756741161 off 0.035466357955840404 neg 0.0307229663700435	false	0.5
fehlgeburt	neg 1.0		__DUMMY__ 0.9409682395738128 neg 0.03018101645130306 off 0.028850743974884217	false	1.0
charakterschwach	off 1.0		__DUMMY__ 0.9367737190838409 off 0.03261937349591691 neg 0.030606907420242198	false	1.0
isolation	neg 1.0		__DUMMY__ 0.9381443864716194 off 0.03206971570415168 neg 0.02978589782422907	false	0.5
ablenkung	neg 1.0		__DUMMY__ 0.9408044088631893 neg 0.03037409728085635 off 0.028821493855954426	false	1.0
pech	neg 1.0		__DUMMY__ 0.9397987672601321 off 0.03017937528637704 neg 0.03002185745349079	false	0.5
vermeidung	neg 1.0		__DUMMY__ 0.9397572313435588 off 0.03288438065105497 neg 0.027358388005386293	false	0.5
dominieren	neg 1.0		__DUMMY__ 0.9383970213085282 neg 0.03353019360946287 off 0.028072785082008864	false	1.0
schwindlig	neg 1.0		__DUMMY__ 0.9415951023135745 off 0.02985827121914417 neg 0.028546626467281483	false	0.5
lutscher	neg 1.0		__DUMMY__ 0.9332077861132706 off 0.03802635721963273 neg 0.028765856667096593	false	0.5
pflicht	neg 1.0		__DUMMY__ 0.9399726187478383 neg 0.03412695692458298 off 0.025900424327578768	false	1.0
faschist	off 1.0		__DUMMY__ 0.9357075122950657 neg 0.03321392699628635 off 0.03107856070864809	false	0.5
verschleudern	neg 1.0		__DUMMY__ 0.9376532813005357 neg 0.03489087700471658 off 0.027455841694747705	false	1.0
wenn			__DUMMY__ 0.9383844260369592 off 0.03124202399816738 neg 0.03037354996487351	false	0.0
ehebruch	neg 1.0		__DUMMY__ 0.9390184290474805 neg 0.03370423316827979 off 0.027277337784239686	false	1.0
spott	off 1.0		__DUMMY__ 0.9393125891907759 neg 0.0338295651868909 off 0.02685784562233326	false	0.5
trostlosigkeit	neg 1.0		__DUMMY__ 0.9375843515524379 neg 0.03627339527259978 off 0.026142253174962295	false	1.0
lutschen	neg 1.0		__DUMMY__ 0.9364142438884309 off 0.03192648275029168 neg 0.031659273361277454	false	0.5
undiszipliniert	neg 1.0		__DUMMY__ 0.9378153872367027 off 0.0332392113062243 neg 0.02894540145707303	false	0.5
kopfschmerz	neg 1.0		__DUMMY__ 0.941295372534735 neg 0.030730498409478165 off 0.02797412905578678	false	1.0
unvorhergesehen	neg 1.0		__DUMMY__ 0.9438735146831266 neg 0.029175724579710897 off 0.0269507607371624	false	1.0
desinteressiert	neg 1.0		__DUMMY__ 0.936809272335697 off 0.033260227459946834 neg 0.029930500204356135	false	0.5
armselig	off 1.0		__DUMMY__ 0.9358047761679585 off 0.03408178982888553 neg 0.030113434003155873	false	1.0
desaster	neg 1.0		__DUMMY__ 0.9380037310184182 neg 0.03689811400822178 off 0.025098154973360078	false	1.0
tod	neg 1.0		__DUMMY__ 0.9388420809938999 neg 0.034466923458067844 off 0.026690995548032354	false	1.0
herzlos	neg 1.0		__DUMMY__ 0.9381830898142883 off 0.03420030814546528 neg 0.027616602040246397	false	0.5
unwissenheit	neg 1.0		__DUMMY__ 0.9387112278345361 neg 0.03362738388257935 off 0.027661388282884572	false	1.0
widersinnig	neg 1.0		__DUMMY__ 0.9349969576136666 neg 0.036238019217286206 off 0.028765023169047187	false	1.0
bedenklich	neg 1.0		__DUMMY__ 0.9398089523765284 neg 0.03368975893185014 off 0.026501288691621376	false	1.0
beanstanden	neg 1.0		__DUMMY__ 0.940002381218122 neg 0.03444058521501646 off 0.02555703356686153	false	1.0
panisch	neg 1.0	neg 1.0	neg 0.4947656999622074 __DUMMY__ 0.4784883172876537 off 0.02674598275013885	false	1.0
debil	off 1.0		__DUMMY__ 0.9426017363837962 neg 0.03407620021425105 off 0.023322063401952822	false	0.5
abstrich	neg 1.0		__DUMMY__ 0.9445100926479146 off 0.027751518793143116 neg 0.027738388558942215	false	0.5
primitiv	neg 1.0		__DUMMY__ 0.9363189442592821 off 0.033057465124338235 neg 0.030623590616379693	false	0.5
abschaum	off 1.0	off 1.0	off 0.49946608010967963 __DUMMY__ 0.4720034392776444 neg 0.02853048061267598	false	1.0
provozieren	neg 1.0		__DUMMY__ 0.9378483134471344 neg 0.03291925563894682 off 0.029232430913918837	false	1.0
tot	neg 1.0		__DUMMY__ 0.9397226538727943 neg 0.03243620184937126 off 0.027841144277834424	false	1.0
instabil	neg 1.0		__DUMMY__ 0.9336284071232864 off 0.03481259486845591 neg 0.03155899800825762	false	0.5
schwuchtel	off 1.0		__DUMMY__ 0.9294487392109929 off 0.04194894252238061 neg 0.02860231826662652	false	1.0
zerren	neg 1.0		__DUMMY__ 0.9409213262608408 neg 0.031359003742085695 off 0.027719669997073485	false	1.0
kinderficker	off 1.0		__DUMMY__ 0.9344268802149541 off 0.03561447642163358 neg 0.029958643363412318	false	1.0
gefahr	neg 1.0		__DUMMY__ 0.9385903782780338 neg 0.034305977572501374 off 0.027103644149464753	false	1.0
rabiat	neg 1.0		__DUMMY__ 0.9392973872220691 neg 0.03179358121581712 off 0.02890903156211372	false	1.0
verlangsamung	neg 1.0		__DUMMY__ 0.9336547371850988 off 0.03760129827570413 neg 0.028743964539197073	false	0.5
ausgestorben	neg 1.0		__DUMMY__ 0.9403178797694075 neg 0.03191662201408425 off 0.027765498216508262	false	1.0
anklagen	neg 1.0		__DUMMY__ 0.9386474618279196 neg 0.032459430040513944 off 0.028893108131566418	false	1.0
trott	neg 1.0		__DUMMY__ 0.9406711659721461 neg 0.030694149683881643 off 0.0286346843439723	false	1.0
verminderung	neg 1.0		__DUMMY__ 0.9371187783892883 off 0.033586250995140954 neg 0.029294970615570792	false	0.5
nach			__DUMMY__ 0.9461990913130226 neg 0.030427107816382856 off 0.023373800870594597	false	0.0
rost	neg 1.0		__DUMMY__ 0.9349779439751371 off 0.03750316333850409 neg 0.027518892686358813	false	0.5
destruktiv	neg 1.0		__DUMMY__ 0.9376138479697151 neg 0.033836418904520785 off 0.028549733125764178	false	1.0
unzumutbarkeit	neg 1.0		__DUMMY__ 0.9388381021062789 off 0.033054117867688824 neg 0.02810778002603217	false	0.5
labil	off 1.0	off 1.0	off 0.5000516240690749 __DUMMY__ 0.47203202750419937 neg 0.027916348426725718	false	1.0
ziemlich	neg 1.0		__DUMMY__ 0.9382827044338228 off 0.032293228449153305 neg 0.029424067117023948	false	0.5
lachnummer	off 1.0		__DUMMY__ 0.9373821922391968 neg 0.033949649157150034 off 0.028668158603653144	false	0.5
oder			__DUMMY__ 0.941168496706516 neg 0.030448368263442844 off 0.02838313503004116	false	0.0
verfall	neg 1.0		__DUMMY__ 0.9416226004279594 neg 0.034867304109844385 off 0.023510095462196214	false	1.0
ausgrenzung	neg 1.0		__DUMMY__ 0.9358817869049609 neg 0.03324322664817733 off 0.030874986446861707	false	1.0
unordnung	neg 1.0		__DUMMY__ 0.9343822555788124 off 0.03496787450723969 neg 0.03064986991394795	false	0.5
fehlverhalten	neg 1.0		__DUMMY__ 0.9385807325235093 neg 0.03468111675154233 off 0.02673815072494844	false	1.0
eine			__DUMMY__ 0.9423126448953618 neg 0.03256372099748841 off 0.02512363410714967	false	0.0
nille	neg 1.0		__DUMMY__ 0.9369373799254771 neg 0.0337696284290956 off 0.02929299164542736	false	1.0
qual	neg 1.0		__DUMMY__ 0.9403608232912399 neg 0.03099532945934627 off 0.02864384724941378	false	1.0
verschwenden	neg 1.0		__DUMMY__ 0.9406782485956785 neg 0.03287794241101646 off 0.026443808993305097	false	1.0
riesig	neg 1.0		__DUMMY__ 0.9422872914726126 neg 0.029720690605295943 off 0.027992017922091512	false	1.0
verurteilen	neg 1.0		__DUMMY__ 0.9382643773540674 neg 0.03382967987481075 off 0.02790594277112171	false	1.0
klischee	neg 1.0	neg 1.0	neg 0.499790010443791 __DUMMY__ 0.47180145770594956 off 0.028408531850259416	false	1.0
diktatorisch	neg 1.0		__DUMMY__ 0.9344414113472467 neg 0.03501151228707875 off 0.030547076365674605	false	1.0
vorhersehbar	neg 1.0		__DUMMY__ 0.9368490150120258 neg 0.03271603612620342 off 0.030434948861770818	false	1.0
sowie			__DUMMY__ 0.9335431485011618 off 0.03658621474626231 neg 0.029870636752575848	false	0.0
stornieren	neg 1.0		__DUMMY__ 0.9419378767063592 off 0.03023155681841679 neg 0.027830566475223955	false	0.5
besteuerung	neg 1.0		__DUMMY__ 0.9388187710112036 neg 0.03154533765502903 off 0.029635891333767417	false	1.0
ungeschminkt	neg 1.0		__DUMMY__ 0.9385641313697908 off 0.032303847990127116 neg 0.029132020640082173	false	0.5
kritisch	neg 1.0		__DUMMY__ 0.9386735245517345 neg 0.034440227956498114 off 0.02688624749176731	false	1.0
schlamperei	off 1.0		__DUMMY__ 0.9379563780800191 neg 0.03475190265447973 off 0.027291719265501235	false	0.5
sucht	neg 1.0	neg 1.0	neg 0.4937474720766695 __DUMMY__ 0.47905818750229495 off 0.027194340421035537	false	1.0
egoistisch	off 1.0		__DUMMY__ 0.9358240688961077 off 0.03586641150351362 neg 0.02830951960037866	false	1.0
ausbeuter	off 1.0		__DUMMY__ 0.938529057601429 neg 0.03493340533760537 off 0.026537537060965614	false	0.5
arschgeburt	off 1.0		__DUMMY__ 0.9294309656833217 off 0.041945434781682306 neg 0.028623599534995964	false	1.0
schubs	neg 1.0	neg 1.0	neg 0.497474265006329 __DUMMY__ 0.47855086148069986 off 0.023974873512971034	false	1.0
unsolide	neg 1.0		__DUMMY__ 0.930220547169864 neg 0.036929547063508365 off 0.03284990576662768	false	1.0
beschwerde	neg 1.0		__DUMMY__ 0.9379599258775565 neg 0.0343015781120625 off 0.027738496010381065	false	1.0
stocken	neg 1.0		__DUMMY__ 0.940791978350413 neg 0.03202572144070277 off 0.027182300208884336	false	1.0
isolieren	neg 1.0		__DUMMY__ 0.9425032484009902 neg 0.029116446578586398 off 0.028380305020423352	false	1.0
unheilbar	neg 1.0		__DUMMY__ 0.9404072927130495 neg 0.030121347380864284 off 0.029471359906086264	false	1.0
pisser	off 1.0		__DUMMY__ 0.9351829319166622 off 0.03467679067426104 neg 0.030140277409076675	false	1.0
löschen	neg 1.0		__DUMMY__ 0.9387976380027889 neg 0.03153303777165138 off 0.029669324225559738	false	1.0
durchfallen	neg 1.0		__DUMMY__ 0.9394999804101729 neg 0.033675730309186185 off 0.02682428928064095	false	1.0
wichser	off 1.0		__DUMMY__ 0.9333200316712527 off 0.03895522659953909 neg 0.02772474172920823	false	1.0
terror	neg 1.0		__DUMMY__ 0.9399071870202813 off 0.030991435383435868 neg 0.029101377596282865	false	0.5
krass	neg 1.0		__DUMMY__ 0.9372573530963706 off 0.03411448242186283 neg 0.02862816448176659	false	0.5
revolte	neg 1.0	neg 1.0	neg 0.5018633634971462 __DUMMY__ 0.4691650930439189 off 0.02897154345893499	false	1.0
besorgt	neg 1.0		__DUMMY__ 0.9430807034536345 neg 0.02944976237801425 off 0.027469534168351295	false	1.0
nachlassen	neg 1.0		__DUMMY__ 0.9428077017062284 neg 0.029895505255692182 off 0.027296793038079414	false	1.0
alt	neg 1.0		__DUMMY__ 0.9432589387884992 neg 0.031422350136123205 off 0.02531871107537763	false	1.0
hundesohn	off 1.0		__DUMMY__ 0.9314099241797532 off 0.03885577021033157 neg 0.0297343056099152	false	1.0
als			__DUMMY__ 0.941189165535294 neg 0.03163459872632283 off 0.027176235738383184	false	0.0
abschreckung	neg 1.0		__DUMMY__ 0.939640520431268 neg 0.03453187169929315 off 0.025827607869438905	false	1.0
unqualifiziert	neg 1.0		__DUMMY__ 0.9369911951567128 neg 0.03235739721798389 off 0.030651407625303332	false	1.0
abgewichst	off 1.0		__DUMMY__ 0.9394111310668978 neg 0.03223908185661686 off 0.028349787076485326	false	0.5
schwer	neg 1.0		__DUMMY__ 0.940401013196218 neg 0.031194375455643297 off 0.02840461134813867	false	1.0
bedeutungslosigkeit	neg 1.0		__DUMMY__ 0.9387904738874517 neg 0.034925906688533515 off 0.02628361942401481	false	1.0
kapitulation	neg 1.0		__DUMMY__ 0.9359344092348618 neg 0.03614435821115717 off 0.027921232553981087	false	1.0
unscharf	neg 1.0		__DUMMY__ 0.9398206817633213 off 0.030143243463749372 neg 0.030036074772929373	false	0.5
schwinden	neg 1.0		__DUMMY__ 0.9419349456598723 neg 0.0318138181255725 off 0.026251236214555246	false	1.0
versklavung	neg 1.0		__DUMMY__ 0.9355036116633536 neg 0.03424420846225775 off 0.030252179874388597	false	1.0
schlecht	neg 1.0		__DUMMY__ 0.9386011464062177 off 0.03256189675550192 neg 0.028836956838280404	false	0.5
verhasst	neg 1.0		__DUMMY__ 0.9373459897832908 neg 0.03335403414162486 off 0.029299976075084302	false	1.0
beschweren	neg 1.0		__DUMMY__ 0.9396878512342366 neg 0.030519169440824927 off 0.029792979324938455	false	1.0
scheiden	neg 1.0		__DUMMY__ 0.9404021770593959 neg 0.031642530349947434 off 0.0279552925906567	false	1.0
frustriert	neg 1.0		__DUMMY__ 0.9400522434398754 neg 0.03204964939003673 off 0.027898107170087887	false	1.0
schimmelig	neg 1.0		__DUMMY__ 0.9406960419679671 neg 0.03325209251934055 off 0.026051865512692375	false	1.0
fisch	neg 1.0		__DUMMY__ 0.9411978542216964 neg 0.03248861108055505 off 0.026313534697748515	false	1.0
schmuggel	neg 1.0		__DUMMY__ 0.9435750130571451 neg 0.030743524678159172 off 0.02568146226469583	false	1.0
auffallen	neg 1.0		__DUMMY__ 0.9390250335932548 neg 0.030883886629549266 off 0.030091079777196	false	1.0
konkurrenz	neg 1.0		__DUMMY__ 0.9411976289237911 neg 0.03337296534955068 off 0.025429405726658194	false	1.0
teufelskreis	neg 1.0		__DUMMY__ 0.9393828128164244 neg 0.03242562956389447 off 0.028191557619681083	false	1.0
aufschreien	neg 1.0		__DUMMY__ 0.9375110824268885 neg 0.032241007879485854 off 0.030247909693625702	false	1.0
schuldner	neg 1.0		__DUMMY__ 0.9389104507501759 neg 0.034250107391788756 off 0.02683944185803528	false	1.0
missgeburt	off 1.0	off 1.0	off 0.5032433384951625 __DUMMY__ 0.46902633394994286 neg 0.027730327554894674	false	1.0
arbeitslos	neg 1.0		__DUMMY__ 0.9385279626911556 neg 0.03384002515341992 off 0.02763201215542451	false	1.0
befallen	neg 1.0		__DUMMY__ 0.9381106773939066 neg 0.034034867412414266 off 0.027854455193679125	false	1.0
miesepetrig	off 1.0		__DUMMY__ 0.9406019445259134 off 0.03192520073827214 neg 0.027472854735814376	false	1.0
alarmieren	neg 1.0		__DUMMY__ 0.9363758854693554 off 0.032462531555088034 neg 0.031161582975556573	false	0.5
ungeduscht	off 1.0		__DUMMY__ 0.9397029211170578 neg 0.03017630908853856 off 0.0301207697944037	false	0.5
knappheit	neg 1.0		__DUMMY__ 0.9391460095366546 neg 0.0331473890038878 off 0.02770660145945758	false	1.0
schlange	neg 1.0		__DUMMY__ 0.9412453137129497 off 0.029378293295115432 neg 0.029376392991934754	false	0.5
harsch	neg 1.0		__DUMMY__ 0.9381039816905254 off 0.03636217203916919 neg 0.02553384627030537	false	0.5
lang	neg 1.0		__DUMMY__ 0.9398267989475783 neg 0.030526826689099524 off 0.029646374363322254	false	1.0
ziellos	neg 1.0		__DUMMY__ 0.9407046016226764 neg 0.032315135195033776 off 0.026980263182289715	false	1.0
selbstverliebt	neg 1.0		__DUMMY__ 0.9302635513022214 off 0.04001331628490822 neg 0.02972313241287037	false	0.5
beseitigen	neg 1.0		__DUMMY__ 0.9405836591217417 neg 0.03008754846689871 off 0.029328792411359546	false	1.0
dumm	off 1.0		__DUMMY__ 0.9348449642439408 off 0.03637002241577341 neg 0.02878501334028576	false	1.0
arbeitsloser	neg 1.0		__DUMMY__ 0.9390041078899433 neg 0.03389173812358698 off 0.027104153986469714	false	1.0
blitzen	neg 1.0		__DUMMY__ 0.9387408758562504 off 0.031373044953210937 neg 0.02988607919053861	false	0.5
hilflos	neg 1.0		__DUMMY__ 0.9404784694432688 neg 0.031975464446291436 off 0.02754606611043965	false	1.0
eklig	off 1.0		__DUMMY__ 0.9339243275968907 off 0.036896856143089005 neg 0.029178816260020293	false	1.0
begriff			__DUMMY__ 0.9395841328208587 neg 0.032451969618717026 off 0.027963897560424226	false	0.0
hungersnot	neg 1.0		__DUMMY__ 0.9358745297155947 neg 0.03482074483188801 off 0.029304725452517295	false	1.0
ungesetzlich	neg 1.0		__DUMMY__ 0.9339111296763472 neg 0.03460285454004958 off 0.03148601578360321	false	1.0
verschwendung	neg 1.0		__DUMMY__ 0.9408398508693419 neg 0.03321455107066825 off 0.025945598059989895	false	1.0
schmerzvoll	neg 1.0		__DUMMY__ 0.9398562692820137 neg 0.03041969090335604 off 0.02972403981463017	false	1.0
vorzeitig	neg 1.0		__DUMMY__ 0.9379360434294871 off 0.03238129501019275 neg 0.029682661560320175	false	0.5
unvollkommenheit	neg 1.0		__DUMMY__ 0.9404276744233268 neg 0.030666071393161992 off 0.028906254183511264	false	1.0
intervenieren	neg 1.0		__DUMMY__ 0.9381348583372767 neg 0.0350357628704957 off 0.026829378792227535	false	1.0
banause	off 1.0		__DUMMY__ 0.93375335446477 off 0.03786787509374815 neg 0.02837877044148187	false	1.0
rebell	neg 1.0		__DUMMY__ 0.9426671467980932 neg 0.0324567603870764 off 0.02487609281483053	false	1.0
unlogisch	neg 1.0		__DUMMY__ 0.935543189296339 off 0.03407850844725142 neg 0.030378302256409695	false	0.5
leiden	neg 1.0	neg 1.0	neg 0.4935378956510366 __DUMMY__ 0.4840506958334966 off 0.022411408515466736	false	1.0
abschaffung	neg 1.0		__DUMMY__ 0.9369379213703061 neg 0.03328042535936476 off 0.029781653270329098	false	1.0
sturz	neg 1.0		__DUMMY__ 0.9371900495421172 neg 0.03267797429217513 off 0.030131976165707782	false	1.0
verkleinerung	neg 1.0		__DUMMY__ 0.9342104834558282 neg 0.03391371086258805 off 0.031875805681583796	false	1.0
schmarotzer	off 1.0		__DUMMY__ 0.9378554321500193 neg 0.03473851153412603 off 0.027406056315854643	false	0.5
bestrafung	neg 1.0		__DUMMY__ 0.9390927045471171 neg 0.031120460190319325 off 0.029786835262563486	false	1.0
achtlos	neg 1.0		__DUMMY__ 0.94106091005942 neg 0.030639581599170844 off 0.028299508341409155	false	1.0
