unsolidarisch	neg 1.0		__DUMMY__ 0.8938832527832439 neg 0.05726995656322585 off 0.04884679065353031	false	1.0
nachteilig	neg 1.0		__DUMMY__ 0.9005488369239611 neg 0.05387944958700998 off 0.04557171348902895	false	1.0
skeptisch	neg 1.0		__DUMMY__ 0.9025554135017768 neg 0.05418971101929334 off 0.04325487547892978	false	1.0
schrecklich	neg 1.0		__DUMMY__ 0.8972344093381425 off 0.054338401742001254 neg 0.048427188919856284	false	0.5
schlapp	neg 1.0		__DUMMY__ 0.901957151618186 off 0.050405928509029356 neg 0.04763691987278461	false	0.5
abfall	neg 1.0		__DUMMY__ 0.9037775249179657 neg 0.05432575434218728 off 0.04189672073984699	false	1.0
widerspenstig	neg 1.0		__DUMMY__ 0.9040404039511171 neg 0.04916566958140177 off 0.04679392646748119	false	1.0
abrupt	neg 1.0		__DUMMY__ 0.9059278047434098 neg 0.04833302664808373 off 0.04573916860850644	false	1.0
unwirksam	neg 1.0		__DUMMY__ 0.8945858134052925 neg 0.057009260865207106 off 0.048404925729500385	false	1.0
angreifen	neg 1.0		__DUMMY__ 0.9007768860125032 neg 0.0546125414502708 off 0.044610572537225994	false	1.0
inkonsistent	neg 1.0		__DUMMY__ 0.8999377706744626 neg 0.05081930146464454 off 0.049242927860892856	false	1.0
abrutschen	neg 1.0		__DUMMY__ 0.9043585143622788 neg 0.05369658990279269 off 0.04194489573492865	false	1.0
unsicher	neg 1.0		__DUMMY__ 0.9015443189684224 neg 0.051135947305017894 off 0.04731973372655973	false	1.0
bauernkind	off 1.0		__DUMMY__ 0.8928364443050164 off 0.05711456211678963 neg 0.05004899357819389	false	1.0
angreifer	neg 1.0		__DUMMY__ 0.8973925046901348 neg 0.052193980742614984 off 0.050413514567250274	false	1.0
trennen	neg 1.0		__DUMMY__ 0.9057354555165132 neg 0.05081061590361057 off 0.043453928579876205	false	1.0
schmutz	neg 1.0		__DUMMY__ 0.9046867152392628 off 0.05119046004952095 neg 0.044122824711216334	false	0.5
inkonsistenz	neg 1.0	neg 1.0	neg 0.5097942317387298 __DUMMY__ 0.45208581496600225 off 0.03811995329526793	false	1.0
erschreckend	neg 1.0		__DUMMY__ 0.9002088664467066 neg 0.05320570891618635 off 0.046585424637107006	false	1.0
ertrinken	neg 1.0		__DUMMY__ 0.9042751308072638 neg 0.05108922803705627 off 0.04463564115567991	false	1.0
pickelface	off 1.0		__DUMMY__ 0.8984081930906769 neg 0.053173194525376735 off 0.04841861238394637	false	0.5
seiner			__DUMMY__ 0.9019098901688924 neg 0.05385310502245659 off 0.044237004808650865	false	0.0
lauch	neg 1.0		__DUMMY__ 0.9036556644294387 neg 0.053543416951157385 off 0.04280091861940403	false	1.0
unwichtig	neg 1.0		__DUMMY__ 0.8988759854164785 off 0.05107489480734957 neg 0.05004911977617195	false	0.5
steuerhinterziehung	neg 1.0		__DUMMY__ 0.8964361495769084 neg 0.0560787444741276 off 0.04748510594896394	false	1.0
schock	neg 1.0		__DUMMY__ 0.9051787723985136 neg 0.049093595547452545 off 0.04572763205403383	false	1.0
beule	neg 1.0		__DUMMY__ 0.901010035636178 off 0.05140616394028683 neg 0.04758380042353514	false	0.5
vergelten	neg 1.0		__DUMMY__ 0.8951548228217747 off 0.0559428622026679 neg 0.04890231497555732	false	0.5
verdorbenheit	neg 1.0		__DUMMY__ 0.9023353659374642 neg 0.04967326640057921 off 0.04799136766195659	false	1.0
trauma	neg 1.0		__DUMMY__ 0.9000341178032946 neg 0.051020521139592157 off 0.048945361057113265	false	1.0
sinnlos	neg 1.0		__DUMMY__ 0.9000951422192286 neg 0.05074145848327319 off 0.04916339929749816	false	1.0
fettsack	off 1.0	off 1.0	off 0.5125869789391966 __DUMMY__ 0.4498433735544095 neg 0.037569647506393924	false	1.0
feige	off 1.0		__DUMMY__ 0.897256954385286 neg 0.051812922917755445 off 0.050930122696958596	false	0.5
abdanken	neg 1.0		__DUMMY__ 0.8941074919211438 neg 0.057993433756038715 off 0.04789907432281748	false	1.0
wichtigtuer	off 1.0	off 1.0	off 0.5072732230599769 __DUMMY__ 0.45224786191033794 neg 0.04047891502968505	false	1.0
misslingen	neg 1.0		__DUMMY__ 0.9049453821855827 off 0.04876526608106319 neg 0.04628935173335395	false	0.5
untreu	off 1.0		__DUMMY__ 0.8987394244460751 off 0.05162629668546863 neg 0.049634278868456214	false	1.0
missmutig	neg 1.0		__DUMMY__ 0.901609500395301 off 0.05021207428431882 neg 0.048178425320380226	false	0.5
hurenbock	off 1.0		__DUMMY__ 0.904632832821302 off 0.04799949392243 neg 0.04736767325626807	false	1.0
betrunken	neg 1.0		__DUMMY__ 0.8999877058043604 off 0.052429280621918706 neg 0.04758301357372093	false	0.5
korrupt	off 1.0		__DUMMY__ 0.8964536837406225 neg 0.057003508591787606 off 0.04654280766758982	false	0.5
unmut	neg 1.0		__DUMMY__ 0.9021394831479979 neg 0.05513746947667274 off 0.0427230473753295	false	1.0
hackfresse	off 1.0		__DUMMY__ 0.8956277768216524 off 0.057077579904195735 neg 0.04729464327415188	false	1.0
aufblasen	neg 1.0		__DUMMY__ 0.9028354932571169 neg 0.04900037000564597 off 0.04816413673723723	false	1.0
gewaltsam	neg 1.0		__DUMMY__ 0.8976211048730657 neg 0.053608008885190024 off 0.04877088624174421	false	1.0
unbeliebtheit	neg 1.0		__DUMMY__ 0.8925644863070485 neg 0.0537776591434539 off 0.05365785454949756	false	1.0
sturheit	neg 1.0		__DUMMY__ 0.8992069455705544 neg 0.05380028464096844 off 0.04699276978847713	false	1.0
kuh	neg 1.0		__DUMMY__ 0.8994442242160898 neg 0.05211789252517714 off 0.04843788325873305	false	1.0
erschrecken	neg 1.0		__DUMMY__ 0.9005510474828582 off 0.0500544979938538 neg 0.04939445452328812	false	0.5
opfer	neg 1.0		__DUMMY__ 0.9016751063310847 neg 0.05348165801823033 off 0.0448432356506849	false	1.0
sinken	neg 1.0		__DUMMY__ 0.9023498088647467 neg 0.05459306818039021 off 0.04305712295486308	false	1.0
stinktier	neg 1.0		__DUMMY__ 0.895377535203854 off 0.054651439637868476 neg 0.049971025158277504	false	0.5
tucke	off 1.0		__DUMMY__ 0.8973882556995539 off 0.057167962361043614 neg 0.04544378193940249	false	1.0
ein			__DUMMY__ 0.9042216543576649 neg 0.04845909284975408 off 0.04731925279258103	false	0.0
abstieg	neg 1.0		__DUMMY__ 0.8991887606585445 neg 0.05432294101289398 off 0.04648829832856159	false	1.0
missverstehen	neg 1.0		__DUMMY__ 0.8976182712355947 neg 0.05312292123811903 off 0.049258807526286204	false	1.0
ergebnislos	neg 1.0		__DUMMY__ 0.899919039118329 neg 0.054052516883955945 off 0.046028443997715045	false	1.0
unter			__DUMMY__ 0.9092604904467465 neg 0.052125986169872636 off 0.03861352338338091	false	0.0
manipulieren	neg 1.0		__DUMMY__ 0.9025575107263938 neg 0.05298322169191013 off 0.04445926758169614	false	1.0
unbewiesen	neg 1.0		__DUMMY__ 0.8937355906683386 neg 0.05756294935544449 off 0.04870145997621691	false	1.0
verschleppen	neg 1.0		__DUMMY__ 0.9007281988865957 neg 0.05333899510888176 off 0.04593280600452243	false	1.0
weib	off 1.0		__DUMMY__ 0.8948956829526235 off 0.05813791249237596 neg 0.04696640455500046	false	1.0
opposition	neg 1.0		__DUMMY__ 0.896229209693936 neg 0.05452831198622316 off 0.04924247831984074	false	1.0
verkehrswidrig	neg 1.0		__DUMMY__ 0.9001883838847808 off 0.05525742500526051 neg 0.04455419110995865	false	0.5
inkorrekt	neg 1.0		__DUMMY__ 0.8941263256782411 neg 0.05344963383865727 off 0.05242404048310162	false	1.0
vermeiden	neg 1.0		__DUMMY__ 0.9071019211657323 neg 0.05224490474364142 off 0.040653174090626375	false	1.0
abweichung	neg 1.0		__DUMMY__ 0.8965801347735778 neg 0.0572015325356461 off 0.04621833269077624	false	1.0
alkoholisiert	neg 1.0		__DUMMY__ 0.9060336863142909 neg 0.0487510205508479 off 0.04521529313486107	false	1.0
scheiss	off 1.0	off 1.0	off 0.5094400980339061 __DUMMY__ 0.45374256781506317 neg 0.036817334151030716	false	1.0
herausforderung	neg 1.0		__DUMMY__ 0.9061363310957501 neg 0.04863814292107 off 0.04522552598317991	false	1.0
pervers	off 1.0		__DUMMY__ 0.8931046302112934 off 0.06037000959162477 neg 0.046525360197081846	false	1.0
wackelig	neg 1.0		__DUMMY__ 0.9065717412703433 neg 0.04847097172670907 off 0.044957287002947585	false	1.0
verwickeln	neg 1.0		__DUMMY__ 0.8987663179054446 neg 0.05223252090031225 off 0.04900116119424323	false	1.0
vorwand	neg 1.0		__DUMMY__ 0.9009535244100085 neg 0.05565608352473855 off 0.04339039206525288	false	1.0
muschi	off 1.0		__DUMMY__ 0.8983329653270424 neg 0.053561289115291316 off 0.04810574555766638	false	0.5
entmutigung	neg 1.0		__DUMMY__ 0.892616540167933 neg 0.05673830778711788 off 0.05064515204494904	false	1.0
unangemessen	neg 1.0		__DUMMY__ 0.8980612536746181 neg 0.05591806818176862 off 0.04602067814361339	false	1.0
unstetig	neg 1.0		__DUMMY__ 0.8991659687276263 off 0.050477554620497446 neg 0.05035647665187611	false	0.5
entmutigen	neg 1.0		__DUMMY__ 0.9020922706879294 neg 0.049648419150355304 off 0.048259310161715384	false	1.0
schwanz	neg 1.0		__DUMMY__ 0.9008346810326904 neg 0.05320081007055708 off 0.045964508896752555	false	1.0
verbot	neg 1.0		__DUMMY__ 0.8965489567234678 neg 0.056557063697601447 off 0.04689397957893066	false	1.0
leid	neg 1.0		__DUMMY__ 0.8966563248463462 off 0.055564016451481055 neg 0.047779658702172795	false	0.5
archaisch	neg 1.0		__DUMMY__ 0.8993440650143182 neg 0.05433997686105405 off 0.046315958124627805	false	1.0
gegen			__DUMMY__ 0.899282789249851 neg 0.056808290871801614 off 0.043908919878347434	false	0.0
scheidung	neg 1.0	neg 1.0	neg 0.4989146599324158 __DUMMY__ 0.4504127033508704 off 0.05067263671671375	false	1.0
einschlag	neg 1.0		__DUMMY__ 0.894872806634699 off 0.05521842722802854 neg 0.049908766137272485	false	0.5
m			__DUMMY__ 0.9030188079115975 neg 0.05068158725196992 off 0.04629960483643258	false	0.0
abgestanden	neg 1.0		__DUMMY__ 0.9040178964849578 neg 0.04926110723421366 off 0.04672099628082855	false	1.0
schmierig	off 1.0		__DUMMY__ 0.8982397337935693 off 0.05460843011700302 neg 0.047151836089427634	false	1.0
unpraktisch	neg 1.0		__DUMMY__ 0.9033310299286607 neg 0.04871962096818588 off 0.04794934910315347	false	1.0
wixxer	off 1.0		__DUMMY__ 0.892143335486976 off 0.060615451541482145 neg 0.04724121297154185	false	1.0
bezeichnet			__DUMMY__ 0.8984975029967917 neg 0.0543188898103103 off 0.04718360719289808	false	0.0
jammerlappen	off 1.0		__DUMMY__ 0.8989552274941263 off 0.051007600021290955 neg 0.05003717248458278	false	1.0
farce	neg 1.0		__DUMMY__ 0.8944151669511886 neg 0.05817321021942002 off 0.047411622829391396	false	1.0
zwecklos	neg 1.0		__DUMMY__ 0.8992345296664825 neg 0.05510415668086085 off 0.04566131365265653	false	1.0
turbulent	neg 1.0		__DUMMY__ 0.89683457367744 off 0.05405775740706418 neg 0.04910766891549584	false	0.5
invasion	neg 1.0		__DUMMY__ 0.9010861204911105 off 0.049949470169248715 neg 0.048964409339640844	false	0.5
schuld	neg 1.0		__DUMMY__ 0.8994732770385164 neg 0.052303504894284474 off 0.04822321806719911	false	1.0
risiko	neg 1.0		__DUMMY__ 0.9032336614019852 off 0.05000303304580517 neg 0.046763305552209714	false	0.5
finster	neg 1.0		__DUMMY__ 0.9034581072509748 neg 0.049522899950385994 off 0.04701899279863933	false	1.0
geisteskrank	off 1.0		__DUMMY__ 0.8952658114703548 off 0.05265618664476931 neg 0.05207800188487594	false	1.0
zusammenbrechen	neg 1.0		__DUMMY__ 0.9026679477201747 neg 0.05106950833803036 off 0.046262543941795034	false	1.0
ausbeute	neg 1.0		__DUMMY__ 0.9046417150379537 neg 0.05058228982501802 off 0.04477599513702832	false	1.0
hinterhalt	neg 1.0		__DUMMY__ 0.9012156886010902 neg 0.050491948664683914 off 0.048292362734225824	false	1.0
kritik	neg 1.0		__DUMMY__ 0.8959081973537493 neg 0.05674480790403656 off 0.04734699474221423	false	1.0
einschrumpfen	neg 1.0		__DUMMY__ 0.8958627645522237 neg 0.05310628520678704 off 0.05103095024098929	false	1.0
riskant	neg 1.0		__DUMMY__ 0.9018148647350894 neg 0.05363823979216271 off 0.04454689547274787	false	1.0
frustrieren	neg 1.0		__DUMMY__ 0.9014217659123334 neg 0.054022261732050054 off 0.044555972355616556	false	1.0
groll	neg 1.0		__DUMMY__ 0.9001406880737083 neg 0.05403150055502178 off 0.04582781137126997	false	1.0
gibt			__DUMMY__ 0.9012373340764658 neg 0.05268085980673202 off 0.046081806116802224	false	0.0
qualvoll	neg 1.0		__DUMMY__ 0.9019292136975225 off 0.04904998517235835 neg 0.04902080113011913	false	0.5
wackeln	neg 1.0		__DUMMY__ 0.9039360560769434 neg 0.048422331570757135 off 0.04764161235229951	false	1.0
klagen	neg 1.0		__DUMMY__ 0.9003006634698612 neg 0.05633095680764134 off 0.043368379722497435	false	1.0
bankrott	neg 1.0		__DUMMY__ 0.9002939722952211 off 0.05103770824540754 neg 0.04866831945937146	false	0.5
trauern	neg 1.0		__DUMMY__ 0.902261792860795 neg 0.05305870889356401 off 0.04467949824564101	false	1.0
ablehnung	neg 1.0	neg 1.0	neg 0.512734342194404 __DUMMY__ 0.45149992444026066 off 0.03576573336533543	false	1.0
stur	neg 1.0		__DUMMY__ 0.8997088354757709 neg 0.05179459509323248 off 0.0484965694309966	false	1.0
aufruhr	neg 1.0		__DUMMY__ 0.8971446348309252 neg 0.05438868543286873 off 0.04846667973620598	false	1.0
melancholie	neg 1.0		__DUMMY__ 0.9055560868322597 neg 0.049378951045745884 off 0.04506496212199439	false	1.0
ist			__DUMMY__ 0.8998289163897907 neg 0.051572728718659824 off 0.04859835489154955	false	0.0
torheit	neg 1.0		__DUMMY__ 0.8949500237013204 neg 0.05592062658207914 off 0.04912934971660045	false	1.0
dreckskind	off 1.0		__DUMMY__ 0.8922549598943271 off 0.056529795726142355 neg 0.051215244379530525	false	1.0
umtauschen	neg 1.0		__DUMMY__ 0.9034909324970883 neg 0.04993801272648365 off 0.04657105477642809	false	1.0
zum			__DUMMY__ 0.9082691038608833 neg 0.050916367813600906 off 0.04081452832551583	false	0.0
zersetzen	neg 1.0		__DUMMY__ 0.9013259038744751 neg 0.0547282649513978 off 0.043945831174127106	false	1.0
zur			__DUMMY__ 0.9028007658649889 neg 0.05595175798990971 off 0.04124747614510134	false	0.0
frust	neg 1.0		__DUMMY__ 0.901795130153141 neg 0.052067004614151584 off 0.04613786523270733	false	1.0
unerbittlichkeit	neg 1.0		__DUMMY__ 0.9010995240156618 neg 0.05417799953088325 off 0.044722476453454944	false	1.0
zwei			__DUMMY__ 0.9065686259417035 neg 0.0511520342795402 off 0.0422793397787563	false	0.0
unkorrekt	neg 1.0		__DUMMY__ 0.8944458359013192 off 0.05279770785603496 neg 0.052756456242645786	false	0.5
hexe	off 1.0		__DUMMY__ 0.8999773565600034 off 0.051139854231264034 neg 0.048882789208732486	false	1.0
lasch	neg 1.0		__DUMMY__ 0.8977140153986738 neg 0.052042626760687945 off 0.05024335784063831	false	1.0
rivale	neg 1.0		__DUMMY__ 0.8958718374122964 off 0.054734099996195565 neg 0.049394062591508095	false	0.5
mutlos	off 1.0	off 1.0	off 0.5045063168087797 __DUMMY__ 0.4535684447514737 neg 0.04192523843974663	false	1.0
wirr	off 1.0		__DUMMY__ 0.8953793391328249 off 0.05393040305513559 neg 0.05069025781203963	false	1.0
jahr			__DUMMY__ 0.9053005135099911 neg 0.05061838302806372 off 0.04408110346194517	false	0.0
wird			__DUMMY__ 0.901651373386757 neg 0.053421910710087235 off 0.044926715903155674	false	0.0
strafbar	neg 1.0		__DUMMY__ 0.8980955872531531 neg 0.05682962212526312 off 0.04507479062158383	false	1.0
erosion	neg 1.0		__DUMMY__ 0.9022206369307914 neg 0.049204363918684116 off 0.048574999150524566	false	1.0
eingehen	neg 1.0		__DUMMY__ 0.900115819679784 neg 0.05446725960652759 off 0.045416920713688365	false	1.0
faul	off 1.0		__DUMMY__ 0.9019344556668751 off 0.05029823097214938 neg 0.04776731336097549	false	1.0
provisorium	neg 1.0		__DUMMY__ 0.9081551652801848 neg 0.0536468676747751 off 0.03819796704504009	false	1.0
schmerzen	neg 1.0		__DUMMY__ 0.903332374654163 neg 0.050688407632833686 off 0.045979217713003166	false	1.0
schrumpfen	neg 1.0		__DUMMY__ 0.9045832661177599 neg 0.05448990713963177 off 0.0409268267426084	false	1.0
geistlos	off 1.0		__DUMMY__ 0.89427703675339 neg 0.055302381881603205 off 0.050420581365006774	false	0.5
fehlkauf	neg 1.0		__DUMMY__ 0.8983959436166219 neg 0.051639121240683906 off 0.04996493514269427	false	1.0
frustrierend	neg 1.0		__DUMMY__ 0.9000065393448199 off 0.0501001208629973 neg 0.04989333979218276	false	0.5
unzufrieden	neg 1.0		__DUMMY__ 0.9005359850570186 neg 0.05381840592228212 off 0.0456456090206994	false	1.0
verzweifeln	neg 1.0		__DUMMY__ 0.9018474475444523 neg 0.051253889440411836 off 0.04689866301513583	false	1.0
verzweifelt	neg 1.0		__DUMMY__ 0.8998455992315991 neg 0.05178575728155459 off 0.04836864348684623	false	1.0
misstrauensantrag	neg 1.0		__DUMMY__ 0.8965026009038881 neg 0.05369130049074202 off 0.04980609860536986	false	1.0
abfallen	neg 1.0		__DUMMY__ 0.9053235663920803 off 0.04754325271665544 neg 0.04713318089126433	false	0.5
fucker	off 1.0		__DUMMY__ 0.8960167121933713 off 0.05399190099903208 neg 0.04999138680759654	false	1.0
ungezogen	neg 1.0		__DUMMY__ 0.8956177450785621 off 0.0582262989305508 neg 0.04615595599088719	false	0.5
irrsinnig	neg 1.0	neg 1.0	neg 0.5104003970419021 __DUMMY__ 0.4531339576090727 off 0.03646564534902517	false	1.0
unfassbar	neg 1.0		__DUMMY__ 0.8991422371458084 off 0.051369025503304 neg 0.04948873735088761	false	0.5
hart	neg 1.0		__DUMMY__ 0.8981335987545656 off 0.0513667443760354 neg 0.05049965686939907	false	0.5
widerlich	off 1.0		__DUMMY__ 0.8970216709465523 off 0.05217816314033493 neg 0.0508001659131128	false	1.0
fatal	neg 1.0		__DUMMY__ 0.8987968045626737 neg 0.051297945504358046 off 0.049905249932968195	false	1.0
bruch	neg 1.0		__DUMMY__ 0.8992190721686211 neg 0.05769324356337224 off 0.043087684268006715	false	1.0
aushungern	neg 1.0		__DUMMY__ 0.8967091540987728 neg 0.054811131702526404 off 0.04847971419870081	false	1.0
anspannung	neg 1.0		__DUMMY__ 0.9063633299606553 neg 0.05173745826464895 off 0.041899211774695806	false	1.0
von			__DUMMY__ 0.9042015121770591 neg 0.05247021105620999 off 0.04332827676673081	false	0.0
kraftlos	neg 1.0		__DUMMY__ 0.9058922339507299 neg 0.049189322512226866 off 0.0449184435370433	false	1.0
vom			__DUMMY__ 0.9078181042585735 neg 0.053222369414002976 off 0.03895952632742359	false	0.0
grenzdebil	off 1.0		__DUMMY__ 0.8992926887685249 off 0.05215888455621245 neg 0.04854842667526265	false	1.0
vor			__DUMMY__ 0.9041694915285939 neg 0.05304014755778094 off 0.042790360913625175	false	0.0
unterwerfen	neg 1.0		__DUMMY__ 0.9006801152181098 neg 0.05418261569744894 off 0.04513726908444134	false	1.0
versenkung	neg 1.0		__DUMMY__ 0.9011339550127824 neg 0.05415620667807736 off 0.044709838309140146	false	1.0
entziehen	neg 1.0		__DUMMY__ 0.9013743398328131 neg 0.05567013119384615 off 0.04295552897334061	false	1.0
finanzkrise	neg 1.0		__DUMMY__ 0.8966212565001414 neg 0.055535292699467866 off 0.04784345080039084	false	1.0
schimpfend	neg 1.0		__DUMMY__ 0.906474784402822 off 0.04797558631886317 neg 0.045549629278314734	false	0.5
profan	neg 1.0		__DUMMY__ 0.9002348132082598 neg 0.05073354593594402 off 0.04903164085579618	false	1.0
korruption	neg 1.0		__DUMMY__ 0.8966779542072383 neg 0.05681026189484453 off 0.0465117838979173	false	1.0
â			__DUMMY__ 0.9026678133877979 neg 0.05175481388306843 off 0.045577372729133626	false	0.0
schmutzig	neg 1.0		__DUMMY__ 0.9019221105386092 off 0.051582171057513684 neg 0.046495718403877034	false	0.5
sexy	neg 1.0		__DUMMY__ 0.8995693246974992 off 0.05084558602574681 neg 0.04958508927675401	false	0.5
abraten	neg 1.0		__DUMMY__ 0.9013212697158096 neg 0.05048569292159738 off 0.048193037362593054	false	1.0
schwarz	neg 1.0		__DUMMY__ 0.8991564163663734 neg 0.05170524364396069 off 0.049138339989665825	false	1.0
fotze	off 1.0		__DUMMY__ 0.8992779674753405 neg 0.05415468210589892 off 0.04656735041876056	false	0.5
verwirren	neg 1.0		__DUMMY__ 0.8996657031782056 neg 0.05057910440174109 off 0.04975519242005321	false	1.0
zahnlos	off 1.0		__DUMMY__ 0.8985754303586084 neg 0.055443597428493675 off 0.04598097221289786	false	0.5
verheeren	neg 1.0		__DUMMY__ 0.8927230820052038 off 0.06038388278492861 neg 0.046893035209867644	false	0.5
hippie	neg 1.0		__DUMMY__ 0.8991920510643936 off 0.05074904103390085 neg 0.05005890790170561	false	0.5
rammen	neg 1.0		__DUMMY__ 0.9002336094312192 neg 0.05043345462805923 off 0.049332935940721606	false	1.0
unlauter	neg 1.0	neg 1.0	neg 0.5107348995281784 __DUMMY__ 0.4515656914085671 off 0.03769940906325451	false	1.0
unheilvoll	neg 1.0		__DUMMY__ 0.9018045768600337 neg 0.04957745469361511 off 0.048617968446351245	false	1.0
niedrig	neg 1.0		__DUMMY__ 0.9002128383465641 neg 0.05449297053998019 off 0.04529419111345574	false	1.0
explosion	neg 1.0		__DUMMY__ 0.9005431079749606 off 0.05016464633158199 neg 0.049292245693457484	false	0.5
weichei	off 1.0		__DUMMY__ 0.8956737755925446 off 0.056094790132998874 neg 0.04823143427445642	false	1.0
minusmensch	off 1.0		__DUMMY__ 0.8893019269240909 off 0.06038547892835103 neg 0.05031259414755809	false	1.0
farblos	neg 1.0		__DUMMY__ 0.9014010845661388 neg 0.050642606878099405 off 0.04795630855576184	false	1.0
unwissend	neg 1.0		__DUMMY__ 0.8976452143242153 off 0.051444846312571714 neg 0.05090993936321295	false	0.5
traurig	neg 1.0		__DUMMY__ 0.8992405416340584 off 0.053484510314569945 neg 0.04727494805137159	false	0.5
senkung	neg 1.0		__DUMMY__ 0.8991420214874675 neg 0.050809665056354175 off 0.05004831345617837	false	1.0
ungleich	neg 1.0	neg 1.0	neg 0.5122190108392743 __DUMMY__ 0.4537397211716744 off 0.034041267989051334	false	1.0
heikel	neg 1.0		__DUMMY__ 0.9012592004125205 neg 0.05492609045979641 off 0.04381470912768307	false	1.0
drosselung	neg 1.0		__DUMMY__ 0.8993346315217583 off 0.053587366723335604 neg 0.04707800175490611	false	0.5
falsch	neg 1.0		__DUMMY__ 0.8991104134838439 off 0.05050768125712235 neg 0.05038190525903377	false	0.5
unzufriedenheit	neg 1.0		__DUMMY__ 0.9014021927634475 neg 0.05477137333934479 off 0.043826433897207855	false	1.0
kurz	neg 1.0		__DUMMY__ 0.9045068167704489 neg 0.04974327921016205 off 0.04574990401938906	false	1.0
unsinnig	neg 1.0		__DUMMY__ 0.8997266686385508 neg 0.05429111632293216 off 0.045982215038517016	false	1.0
penner	off 1.0	off 1.0	off 0.5136763462949957 __DUMMY__ 0.45086589275219774 neg 0.035457760952806526	false	1.0
seicht	neg 1.0		__DUMMY__ 0.8926372926212452 off 0.05847471423346599 neg 0.0488879931452887	false	0.5
dummheit	off 1.0	off 1.0	off 0.5077144939725867 __DUMMY__ 0.4524143159592443 neg 0.03987119006816892	false	1.0
unerfreulich	neg 1.0		__DUMMY__ 0.9026326732334738 neg 0.054148719844000937 off 0.04321860692252514	false	1.0
motherfucker	off 1.0	off 1.0	off 0.5110145471707754 __DUMMY__ 0.4512806144274559 neg 0.037704838401768775	false	1.0
pikiert	neg 1.0		__DUMMY__ 0.8978655055413 off 0.051149636014656906 neg 0.05098485844404319	false	0.5
wrack	neg 1.0		__DUMMY__ 0.9018673054162742 neg 0.05267974875012809 off 0.04545294583359768	false	1.0
gangster	neg 1.0		__DUMMY__ 0.8994725894144846 neg 0.05049129883378664 off 0.050036111751728674	false	1.0
krank	neg 1.0		__DUMMY__ 0.9010712572528623 off 0.05179810056404843 neg 0.04713064218308919	false	0.5
reich	neg 1.0		__DUMMY__ 0.8930805724264695 neg 0.05461716307280081 off 0.05230226450072955	false	1.0
gnadenlos	neg 1.0		__DUMMY__ 0.8995396348635941 neg 0.052144191235667145 off 0.04831617390073882	false	1.0
niedergeschlagen	neg 1.0		__DUMMY__ 0.9026832575048244 neg 0.0511662755018908 off 0.04615046699328475	false	1.0
terrorisieren	off 1.0	off 1.0	off 0.5040956838592093 __DUMMY__ 0.4553474678500408 neg 0.04055684829074986	false	1.0
sinnlosigkeit	neg 1.0		__DUMMY__ 0.8995488114685156 neg 0.05449590087166607 off 0.045955287659818315	false	1.0
behindern	neg 1.0		__DUMMY__ 0.902564181054585 neg 0.05024928154631132 off 0.04718653739910358	false	1.0
undemokratisch	neg 1.0		__DUMMY__ 0.895522818547627 neg 0.055112408826878595 off 0.04936477262549438	false	1.0
wirtschaftskrise	neg 1.0		__DUMMY__ 0.898693975735403 neg 0.054990715651158796 off 0.04631530861343826	false	1.0
neid	neg 1.0		__DUMMY__ 0.902562492309071 off 0.049843617980746366 neg 0.04759388971018264	false	0.5
rutschen	neg 1.0		__DUMMY__ 0.9100961393577459 neg 0.049027151205673886 off 0.040876709436580116	false	1.0
rezession	neg 1.0		__DUMMY__ 0.8937399899656758 off 0.055561047264602544 neg 0.05069896276972164	false	0.5
fehlgeburt	neg 1.0		__DUMMY__ 0.9020136382665896 neg 0.05028175673957951 off 0.04770460499383085	false	1.0
charakterschwach	off 1.0		__DUMMY__ 0.8971697176890499 off 0.052112443449543557 neg 0.05071783886140657	false	1.0
isolation	neg 1.0		__DUMMY__ 0.8988003701866236 off 0.05153401016229017 neg 0.04966561965108627	false	0.5
ablenkung	neg 1.0		__DUMMY__ 0.9019853909228285 neg 0.050477032220939924 off 0.04753757685623151	false	1.0
pech	neg 1.0		__DUMMY__ 0.9007111746798676 neg 0.04991675318676605 off 0.04937207213336628	false	1.0
vermeidung	neg 1.0		__DUMMY__ 0.9006392179023408 off 0.0526197842380084 neg 0.04674099785965085	false	0.5
dominieren	neg 1.0		__DUMMY__ 0.8991361418971507 neg 0.0543142616817966 off 0.046549596421052684	false	1.0
schwindlig	neg 1.0		__DUMMY__ 0.9027994710972139 off 0.049009037947273994 neg 0.04819149095551211	false	0.5
lutscher	neg 1.0		__DUMMY__ 0.8929326954125408 off 0.058811784842742965 neg 0.04825551974471621	false	0.5
pflicht	neg 1.0		__DUMMY__ 0.9009900302822154 neg 0.05516005974260807 off 0.04384990997517664	false	1.0
faschist	off 1.0		__DUMMY__ 0.8958619757504477 neg 0.05400169307363868 off 0.050136331175913644	false	0.5
verschleudern	neg 1.0		__DUMMY__ 0.8982232005296361 neg 0.056012898349182556 off 0.045763901121181325	false	1.0
wenn			__DUMMY__ 0.8991398206470133 off 0.0504796373152743 neg 0.05038054203771246	false	0.0
ehebruch	neg 1.0		__DUMMY__ 0.8997756313832925 neg 0.05467842627070125 off 0.045545942346006174	false	1.0
spott	off 1.0		__DUMMY__ 0.900103608376073 neg 0.05485325893885432 off 0.04504313268507282	false	0.5
trostlosigkeit	neg 1.0		__DUMMY__ 0.8982050116135798 neg 0.05766600120690832 off 0.04412898717951189	false	1.0
lutschen	neg 1.0		__DUMMY__ 0.8966805708909837 neg 0.051991773938072826 off 0.051327655170943426	false	1.0
undiszipliniert	neg 1.0		__DUMMY__ 0.8983861700155307 off 0.05298476925675037 neg 0.04862906072771892	false	0.5
kopfschmerz	neg 1.0		__DUMMY__ 0.9025432824457513 neg 0.05082302737753897 off 0.046633690176709694	false	1.0
unvorhergesehen	neg 1.0		__DUMMY__ 0.9055532710391001 neg 0.049051385050838996 off 0.045395343910060795	false	1.0
desinteressiert	neg 1.0		__DUMMY__ 0.8972269635094828 off 0.05295331301562554 neg 0.04981972347489165	false	0.5
armselig	off 1.0		__DUMMY__ 0.896044487875434 off 0.05390088119215176 neg 0.05005463093241416	false	1.0
desaster	neg 1.0		__DUMMY__ 0.8986484575450646 neg 0.058517090169774244 off 0.042834452285161126	false	1.0
tod	neg 1.0		__DUMMY__ 0.8996039782802537 neg 0.05542355577159294 off 0.044972465948153205	false	1.0
herzlos	neg 1.0		__DUMMY__ 0.8988195257531452 off 0.0541321950032695 neg 0.04704827924358537	false	0.5
unwissenheit	neg 1.0		__DUMMY__ 0.8994341187809072 neg 0.05453523440408063 off 0.04603064681501216	false	1.0
widersinnig	neg 1.0		__DUMMY__ 0.8951027774261976 neg 0.05763924044874513 off 0.047257982125057385	false	1.0
bedenklich	neg 1.0		__DUMMY__ 0.9007499115822363 neg 0.054599542050657715 off 0.04465054636710602	false	1.0
beanstanden	neg 1.0		__DUMMY__ 0.9009675898311711 neg 0.05557004735290533 off 0.04346236281592357	false	1.0
panisch	neg 1.0	neg 1.0	neg 0.5053664956110199 __DUMMY__ 0.45794771879155066 off 0.0366857855974295	false	1.0
debil	off 1.0		__DUMMY__ 0.90395003902693 neg 0.0551254364167357 off 0.04092452455633424	false	0.5
abstrich	neg 1.0		__DUMMY__ 0.9060167900691548 neg 0.047334922526520516 off 0.046648287404324716	false	1.0
primitiv	neg 1.0		__DUMMY__ 0.896637770288471 off 0.05266767974990795 neg 0.05069454996162111	false	0.5
abschaum	off 1.0	off 1.0	off 0.5092545683823163 __DUMMY__ 0.451598594944882 neg 0.03914683667280162	false	1.0
provozieren	neg 1.0		__DUMMY__ 0.8984770706501464 neg 0.053559437170108866 off 0.04796349217974483	false	1.0
tot	neg 1.0		__DUMMY__ 0.900563050165933 neg 0.052956153989180715 off 0.046480795844886194	false	1.0
instabil	neg 1.0		__DUMMY__ 0.8935635757085123 off 0.05475251572557004 neg 0.05168390856591765	false	0.5
schwuchtel	off 1.0		__DUMMY__ 0.8885854791079373 off 0.06342527655726349 neg 0.04798924433479921	false	1.0
zerren	neg 1.0		__DUMMY__ 0.9021169427900794 neg 0.05171202647333792 off 0.046171030736582734	false	1.0
kinderficker	off 1.0		__DUMMY__ 0.8943429665427576 off 0.055757393826437913 neg 0.04989963963080456	false	1.0
gefahr	neg 1.0		__DUMMY__ 0.8993205731654833 neg 0.05538391557096842 off 0.04529551126354825	false	1.0
rabiat	neg 1.0		__DUMMY__ 0.9002226909740867 neg 0.05219808653267771 off 0.047579222493235526	false	1.0
verlangsamung	neg 1.0		__DUMMY__ 0.8935281697317274 off 0.05816674914759763 neg 0.04830508112067486	false	0.5
ausgestorben	neg 1.0		__DUMMY__ 0.9014059364896789 neg 0.052363426812730124 off 0.046230636697591004	false	1.0
anklagen	neg 1.0		__DUMMY__ 0.8992884606872317 neg 0.053170870916019554 off 0.04754066839674875	false	1.0
trott	neg 1.0		__DUMMY__ 0.9017246427856778 neg 0.0508867431157735 off 0.047388614098548734	false	1.0
verminderung	neg 1.0		__DUMMY__ 0.897603173754798 off 0.053409615383117316 neg 0.048987210862084636	false	0.5
nach			__DUMMY__ 0.9082671996729453 neg 0.050741176819461144 off 0.040991623507593604	false	0.0
rost	neg 1.0		__DUMMY__ 0.8949677146506765 off 0.05814578767931062 neg 0.0468864976700129	false	0.5
destruktiv	neg 1.0		__DUMMY__ 0.8981600145721739 neg 0.05472473191023606 off 0.04711525351759011	false	1.0
unzumutbarkeit	neg 1.0		__DUMMY__ 0.8995379364003773 off 0.052769103708808655 neg 0.04769295989081405	false	0.5
labil	off 1.0	off 1.0	off 0.5098458410898337 __DUMMY__ 0.4516682853256855 neg 0.03848587358448082	false	1.0
ziemlich	neg 1.0		__DUMMY__ 0.8990076265341677 off 0.05178186274083934 neg 0.049210510724993065	false	0.5
lachnummer	off 1.0		__DUMMY__ 0.8979256338983749 neg 0.054867138724015045 off 0.04720722737761021	false	0.5
oder			__DUMMY__ 0.9024006273429448 neg 0.050529099363205786 off 0.047070273293849434	false	0.0
verfall	neg 1.0		__DUMMY__ 0.9028191365314595 neg 0.05615127354429804 off 0.04102958992424239	false	1.0
ausgrenzung	neg 1.0		__DUMMY__ 0.8960702759660042 neg 0.05404235748989344 off 0.04988736654410233	false	1.0
unordnung	neg 1.0		__DUMMY__ 0.8943090939353462 off 0.055045955895285124 neg 0.050644950169368694	false	0.5
fehlverhalten	neg 1.0		__DUMMY__ 0.8992924138660829 neg 0.05585340322785974 off 0.044854182906057395	false	1.0
eine			__DUMMY__ 0.9037606222501169 neg 0.053212858757652186 off 0.043026518992230874	false	0.0
nille	neg 1.0		__DUMMY__ 0.8973811025110371 neg 0.054594260446504485 off 0.04802463704245838	false	1.0
qual	neg 1.0		__DUMMY__ 0.9013608293096796 neg 0.051259155774675554 off 0.047380014915644725	false	1.0
verschwenden	neg 1.0		__DUMMY__ 0.9018352942708673 neg 0.053548243080892184 off 0.044616462648240526	false	1.0
riesig	neg 1.0		__DUMMY__ 0.9035046676254717 neg 0.049840181927338606 off 0.046655150447189646	false	1.0
verurteilen	neg 1.0		__DUMMY__ 0.898885892698861 neg 0.054821064362371524 off 0.046293042938767515	false	1.0
klischee	neg 1.0	neg 1.0	neg 0.5103433800268468 __DUMMY__ 0.45148215539820435 off 0.038174464574948976	false	1.0
diktatorisch	neg 1.0		__DUMMY__ 0.8944115331922986 neg 0.056164687433544885 off 0.04942377937415654	false	1.0
vorhersehbar	neg 1.0		__DUMMY__ 0.8973253471378242 neg 0.05326627154838867 off 0.04940838131378708	false	1.0
sowie			__DUMMY__ 0.893396230306212 off 0.05695155539996838 neg 0.049652214293819635	false	0.0
stornieren	neg 1.0		__DUMMY__ 0.9032131354232839 off 0.04935275923464614 neg 0.047434105342069995	false	0.5
besteuerung	neg 1.0		__DUMMY__ 0.8994971372145751 neg 0.051890483368599874 off 0.04861237941682505	false	1.0
ungeschminkt	neg 1.0		__DUMMY__ 0.8991419258682909 off 0.05198967232332036 neg 0.04886840180838882	false	0.5
kritisch	neg 1.0		__DUMMY__ 0.8994156896178288 neg 0.055524015772214254 off 0.045060294609956995	false	1.0
schlamperei	off 1.0		__DUMMY__ 0.898518303486949 neg 0.05593936373621493 off 0.04554233277683604	false	0.5
sucht	neg 1.0	neg 1.0	neg 0.5044575950760857 __DUMMY__ 0.45833374071172944 off 0.03720866421218495	false	1.0
egoistisch	off 1.0		__DUMMY__ 0.8960403430765748 off 0.056130147002329135 neg 0.04782950992109604	false	1.0
ausbeuter	off 1.0		__DUMMY__ 0.8992088098862818 neg 0.056172254165297565 off 0.044618935948420646	false	0.5
arschgeburt	off 1.0		__DUMMY__ 0.888569057485485 off 0.06338369646380701 neg 0.04804724605070792	false	1.0
schubs	neg 1.0	neg 1.0	neg 0.5081227478706578 __DUMMY__ 0.45793109562533935 off 0.03394615650400273	false	1.0
unsolide	neg 1.0		__DUMMY__ 0.889595975430938 neg 0.05827220366870576 off 0.052131820900356146	false	1.0
beschwerde	neg 1.0		__DUMMY__ 0.898532098107269 neg 0.05536607723666294 off 0.046101824656068116	false	1.0
stocken	neg 1.0		__DUMMY__ 0.9018647675248354 neg 0.052628793496786834 off 0.045506438978377826	false	1.0
isolieren	neg 1.0		__DUMMY__ 0.9038164520943569 neg 0.049187956306422004 off 0.04699559159922111	false	1.0
unheilbar	neg 1.0		__DUMMY__ 0.9014733309031386 neg 0.050267674180439106 off 0.04825899491642224	false	1.0
pisser	off 1.0		__DUMMY__ 0.8952210735942211 off 0.05468280878075605 neg 0.050096117625022744	false	1.0
löschen	neg 1.0		__DUMMY__ 0.8995499295207722 neg 0.05187778979928393 off 0.0485722806799439	false	1.0
durchfallen	neg 1.0		__DUMMY__ 0.9004218645684832 neg 0.0545444827067922 off 0.04503365272472467	false	1.0
wichser	off 1.0		__DUMMY__ 0.8931555595789583 off 0.05986768832681971 neg 0.046976752094222037	false	1.0
terror	neg 1.0		__DUMMY__ 0.9008602994202087 off 0.05028184074618392 neg 0.04885785983360736	false	0.5
krass	neg 1.0		__DUMMY__ 0.8976568287524528 off 0.05415542616552552 neg 0.048187745082021574	false	0.5
revolte	neg 1.0	neg 1.0	neg 0.5124964639328753 __DUMMY__ 0.4488385843972543 off 0.03866495166987041	false	1.0
besorgt	neg 1.0		__DUMMY__ 0.9046190097998779 neg 0.04946543813878917 off 0.0459155520613329	false	1.0
nachlassen	neg 1.0		__DUMMY__ 0.9042469589086477 neg 0.050017199614778574 off 0.045735841476573724	false	1.0
alt	neg 1.0		__DUMMY__ 0.9045849041626403 neg 0.05183610346312754 off 0.04357899237423222	false	1.0
hundesohn	off 1.0		__DUMMY__ 0.8908660914639355 off 0.059630267378573784 neg 0.04950364115749075	false	1.0
als			__DUMMY__ 0.9024291892404795 neg 0.0520617666392289 off 0.045509044120291664	false	0.0
abschreckung	neg 1.0		__DUMMY__ 0.9004915205522855 neg 0.055733670094588586 off 0.043774809353125846	false	1.0
unqualifiziert	neg 1.0		__DUMMY__ 0.8974153932229243 neg 0.052909439253824964 off 0.049675167523250796	false	1.0
abgewichst	off 1.0		__DUMMY__ 0.9002260346949941 neg 0.052791539894351695 off 0.04698242541065425	false	0.5
schwer	neg 1.0		__DUMMY__ 0.9015295533528231 neg 0.05146934850879276 off 0.04700109813838405	false	1.0
bedeutungslosigkeit	neg 1.0		__DUMMY__ 0.89954888062716 neg 0.056138693538157716 off 0.04431242583468225	false	1.0
kapitulation	neg 1.0		__DUMMY__ 0.8961666202414968 neg 0.05758383536978258 off 0.04624954438872046	false	1.0
unscharf	neg 1.0		__DUMMY__ 0.9006526682243338 neg 0.04997074286256072 off 0.04937658891310546	false	1.0
schwinden	neg 1.0		__DUMMY__ 0.9032140747634114 neg 0.0524151783937058 off 0.0443707468428827	false	1.0
versklavung	neg 1.0		__DUMMY__ 0.8956700283936034 neg 0.055202768629724897 off 0.0491272029766717	false	1.0
schlecht	neg 1.0		__DUMMY__ 0.899387751529109 off 0.05208822908164317 neg 0.04852401938924787	false	0.5
verhasst	neg 1.0		__DUMMY__ 0.8978720576294426 neg 0.05409148067201848 off 0.04803646169853905	false	1.0
beschweren	neg 1.0		__DUMMY__ 0.9006642988514671 neg 0.050639346074585874 off 0.04869635507394703	false	1.0
scheiden	neg 1.0		__DUMMY__ 0.9014433579258148 neg 0.05196081052229193 off 0.04659583155189325	false	1.0
frustriert	neg 1.0		__DUMMY__ 0.9011016047386154 neg 0.052539245574391095 off 0.04635914968699348	false	1.0
schimmelig	neg 1.0		__DUMMY__ 0.9016267405481587 neg 0.05393449618085882 off 0.0444387632709824	false	1.0
fisch	neg 1.0		__DUMMY__ 0.9022207849343066 neg 0.05305841131811263 off 0.04472080374758078	false	1.0
schmuggel	neg 1.0		__DUMMY__ 0.9051243496203765 neg 0.05115199587992112 off 0.04372365449970231	false	1.0
auffallen	neg 1.0		__DUMMY__ 0.8998982988198705 neg 0.051035981816480586 off 0.04906571936364897	false	1.0
konkurrenz	neg 1.0		__DUMMY__ 0.902433770274796 neg 0.054278962846691724 off 0.043287266878512365	false	1.0
teufelskreis	neg 1.0		__DUMMY__ 0.9003198550778476 neg 0.052988398533256736 off 0.046691746388895575	false	1.0
aufschreien	neg 1.0		__DUMMY__ 0.8980827304043572 neg 0.05268574389863381 off 0.049231525697008977	false	1.0
schuldner	neg 1.0		__DUMMY__ 0.8996263037823689 neg 0.055337919374391274 off 0.04503577684323986	false	1.0
missgeburt	off 1.0	off 1.0	off 0.5131782056392887 __DUMMY__ 0.4486172904915173 neg 0.03820450386919406	false	1.0
arbeitslos	neg 1.0		__DUMMY__ 0.89931650901091 neg 0.05472036134717296 off 0.04596312964191707	false	1.0
befallen	neg 1.0		__DUMMY__ 0.8987742984795029 neg 0.05494165491018736 off 0.04628404661030973	false	1.0
miesepetrig	off 1.0		__DUMMY__ 0.9016270519378604 off 0.051490535869320654 neg 0.046882412192819065	false	1.0
alarmieren	neg 1.0		__DUMMY__ 0.8966891502811649 off 0.05187036134183206 neg 0.051440488377002984	false	0.5
ungeduscht	off 1.0		__DUMMY__ 0.9005157945636094 neg 0.0501064174474604 off 0.04937778798893019	false	0.5
knappheit	neg 1.0		__DUMMY__ 0.899918570826323 neg 0.05395043290277473 off 0.046130996270902294	false	1.0
schlange	neg 1.0		__DUMMY__ 0.9025062159536537 neg 0.049220771362721405 off 0.04827301268362485	false	1.0
harsch	neg 1.0		__DUMMY__ 0.8987814079029711 off 0.05677537692139602 neg 0.04444321517563275	false	0.5
lang	neg 1.0		__DUMMY__ 0.9007451072756761 neg 0.05067791071178414 off 0.04857698201253976	false	1.0
ziellos	neg 1.0		__DUMMY__ 0.9019240380707572 neg 0.05282964917315629 off 0.045246312756086524	false	1.0
selbstverliebt	neg 1.0		__DUMMY__ 0.8895743016701464 off 0.06107851157839702 neg 0.04934718675145665	false	0.5
beseitigen	neg 1.0		__DUMMY__ 0.9016310028648526 neg 0.05020141110424241 off 0.04816758603090487	false	1.0
dumm	off 1.0		__DUMMY__ 0.8949161725361876 off 0.05674202214903583 neg 0.048341805314776665	false	1.0
arbeitsloser	neg 1.0		__DUMMY__ 0.8998292216048116 neg 0.05486608143783083 off 0.045304696957357525	false	1.0
blitzen	neg 1.0		__DUMMY__ 0.8994199564650418 off 0.05066868253198961 neg 0.04991136100296852	false	0.5
hilflos	neg 1.0		__DUMMY__ 0.9015584306155073 neg 0.052465285226536505 off 0.04597628415795605	false	1.0
eklig	off 1.0		__DUMMY__ 0.8938405752407015 off 0.0574115234987124 neg 0.048747901260586084	false	1.0
begriff			__DUMMY__ 0.9004490587268995 neg 0.053099432781586645 off 0.04645150849151381	false	0.0
hungersnot	neg 1.0		__DUMMY__ 0.8961334955290873 neg 0.05589170404767869 off 0.047974800423234	false	1.0
ungesetzlich	neg 1.0		__DUMMY__ 0.8938560272789817 neg 0.05565279799616231 off 0.050491174724856	false	1.0
verschwendung	neg 1.0		__DUMMY__ 0.9019663033324138 neg 0.05403451530273758 off 0.043999181364848636	false	1.0
schmerzvoll	neg 1.0		__DUMMY__ 0.9008599225299944 neg 0.05050390790650613 off 0.04863616956349946	false	1.0
vorzeitig	neg 1.0		__DUMMY__ 0.8985088831868654 off 0.051875760825697136 neg 0.04961535598743737	false	0.5
unvollkommenheit	neg 1.0		__DUMMY__ 0.9014204657929321 neg 0.050910855971330535 off 0.04766867823573733	false	1.0
intervenieren	neg 1.0		__DUMMY__ 0.8987312788410411 neg 0.05629852814832588 off 0.04497019301063297	false	1.0
banause	off 1.0		__DUMMY__ 0.893613130648205 off 0.05860890788468832 neg 0.04777796146710659	false	1.0
rebell	neg 1.0		__DUMMY__ 0.9039515096127697 neg 0.05315570342403379 off 0.04289278696319654	false	1.0
unlogisch	neg 1.0		__DUMMY__ 0.8957678449046087 off 0.05392249120565108 neg 0.05030966388974029	false	0.5
leiden	neg 1.0	neg 1.0	neg 0.5043518977814655 __DUMMY__ 0.46327589108837 off 0.03237221113016444	false	1.0
abschaffung	neg 1.0		__DUMMY__ 0.8973064846031219 neg 0.05404433098150889 off 0.04864918441536922	false	1.0
sturz	neg 1.0		__DUMMY__ 0.8976856640813032 neg 0.053242474134120185 off 0.04907186178457657	false	1.0
verkleinerung	neg 1.0		__DUMMY__ 0.894178474290592 neg 0.05467172739397386 off 0.0511497983154341	false	1.0
schmarotzer	off 1.0		__DUMMY__ 0.8984637636764097 neg 0.0558457287910523 off 0.0456905075325381	false	0.5
bestrafung	neg 1.0		__DUMMY__ 0.8999092676217434 neg 0.05144113349534779 off 0.048649598882908845	false	1.0
achtlos	neg 1.0		__DUMMY__ 0.9022976229445762 neg 0.05080109216844558 off 0.04690128488697827	false	1.0
ungeheuer	neg 1.0		__DUMMY__ 0.8999304904429698 neg 0.05087007120443607 off 0.04919943835259416	false	1.0
