unsolidarisch	neg 1.0		neg 0.5030580050734917 off 0.45294937311387884 __DUMMY__ 0.04399262181262955	false	1.0
nachteilig	neg 1.0		neg 0.5028273656935883 off 0.452696730218967 __DUMMY__ 0.04447590408744468	false	1.0
skeptisch	neg 1.0		neg 0.5047585926367181 off 0.4506050599392138 __DUMMY__ 0.044636347424068114	false	1.0
schrecklich	neg 1.0		neg 0.4914857869942157 off 0.46426766292674315 __DUMMY__ 0.04424655007904111	false	1.0
schlapp	neg 1.0		neg 0.49362878608780647 off 0.4617923672638134 __DUMMY__ 0.0445788466483801	false	1.0
abfall	neg 1.0		neg 0.505866337051538 off 0.4494084128605881 __DUMMY__ 0.04472525008787385	false	1.0
widerspenstig	neg 1.0		neg 0.4978132621229949 off 0.45745479752137713 __DUMMY__ 0.04473194035562795	false	1.0
abrupt	neg 1.0		neg 0.49828268811789844 off 0.45686547365788693 __DUMMY__ 0.04485183822421459	false	1.0
unwirksam	neg 1.0		neg 0.5024849224851616 off 0.45348003664434006 __DUMMY__ 0.04403504087049833	false	1.0
angreifen	neg 1.0		neg 0.5041628545192305 off 0.45132015756723776 __DUMMY__ 0.044516987913531765	false	1.0
inkonsistent	neg 1.0		neg 0.49724140518538157 off 0.4583529545421269 __DUMMY__ 0.044405640272491595	false	1.0
abrutschen	neg 1.0		neg 0.5053213284171553 off 0.44990167086432303 __DUMMY__ 0.04477700071852162	false	1.0
unsicher	neg 1.0		neg 0.4991756651098868 off 0.4562493643307056 __DUMMY__ 0.04457497055940745	false	1.0
bauernkind	off 1.0		neg 0.49033999721957333 off 0.46577949604124985 __DUMMY__ 0.04388050673917676	false	0.5
angreifer	neg 1.0		neg 0.49779881595262426 off 0.45797235456401025 __DUMMY__ 0.04422882948336544	false	1.0
trennen	neg 1.0		neg 0.5018193672819241 off 0.45330472698392876 __DUMMY__ 0.044875905734147174	false	1.0
schmutz	neg 1.0		neg 0.4910634288664063 off 0.464200925032318 __DUMMY__ 0.044735646101275825	false	1.0
inkonsistenz	neg 1.0	neg 1.0	neg 0.735126216535248 off 0.24361457833015102 __DUMMY__ 0.021259205134600993	false	1.0
erschreckend	neg 1.0		neg 0.5014383262778273 off 0.4540877288404428 __DUMMY__ 0.04447394488173002	false	1.0
ertrinken	neg 1.0		neg 0.5012467644580155 off 0.4539869663576387 __DUMMY__ 0.04476626918434574	false	1.0
pickelface	off 1.0		neg 0.4999725405798897 off 0.4557201091026255 __DUMMY__ 0.04430735031748488	false	0.5
seiner			neg 0.5037090532691787 off 0.45169432620465017 __DUMMY__ 0.044596620526171034	false	0.0
lauch	neg 1.0		neg 0.5043804994928299 off 0.45093089312098444 __DUMMY__ 0.04468860738618567	false	1.0
unwichtig	neg 1.0		neg 0.49549287363086164 off 0.4601395928855781 __DUMMY__ 0.044367533483560165	false	1.0
steuerhinterziehung	neg 1.0		neg 0.5031066387594664 off 0.45273247812943035 __DUMMY__ 0.04416088311110339	false	1.0
schock	neg 1.0		neg 0.49874960052313716 off 0.4564264855976148 __DUMMY__ 0.04482391387924806	false	1.0
beule	neg 1.0		neg 0.49276693909991404 off 0.46273924126725247 __DUMMY__ 0.04449381963283344	false	1.0
vergelten	neg 1.0		neg 0.49113463962620396 off 0.4648114463743861 __DUMMY__ 0.04405391399940999	false	1.0
verdorbenheit	neg 1.0		neg 0.4970940532925135 off 0.4583113076263032 __DUMMY__ 0.04459463908118344	false	1.0
trauma	neg 1.0		neg 0.497764932094831 off 0.45777863510892985 __DUMMY__ 0.04445643279623916	false	1.0
sinnlos	neg 1.0		neg 0.49745600341337204 off 0.45807797420728513 __DUMMY__ 0.04446602237934276	false	1.0
fettsack	off 1.0	off 1.0	off 0.71765924901055 neg 0.26120247696610077 __DUMMY__ 0.021138274023349213	false	1.0
feige	off 1.0		neg 0.4969684952134346 off 0.45878641522245395 __DUMMY__ 0.04424508956411144	false	0.5
abdanken	neg 1.0		neg 0.5043841802080796 off 0.45161476184151517 __DUMMY__ 0.04400105795040521	false	1.0
wichtigtuer	off 1.0	off 1.0	off 0.7128347700307447 neg 0.2658881326583414 __DUMMY__ 0.021277097310913914	false	1.0
misslingen	neg 1.0		neg 0.4944686570213768 off 0.4607663753923961 __DUMMY__ 0.044764967586227035	false	1.0
untreu	off 1.0		neg 0.49461645872559196 off 0.4610212368350463 __DUMMY__ 0.0443623044393616	false	0.5
missmutig	neg 1.0		neg 0.4945283629315172 off 0.4609105288908472 __DUMMY__ 0.044561108177635644	false	1.0
hurenbock	off 1.0		neg 0.4954525422613121 off 0.4598203550897836 __DUMMY__ 0.044727102648904275	false	0.5
betrunken	neg 1.0		neg 0.49211754044141764 off 0.46344259957854905 __DUMMY__ 0.044439859980033344	false	1.0
korrupt	off 1.0		neg 0.5046522001349372 off 0.45117282985908563 __DUMMY__ 0.04417497000597712	false	0.5
unmut	neg 1.0		neg 0.5060997668597466 off 0.44930167479716626 __DUMMY__ 0.04459855834308708	false	1.0
hackfresse	off 1.0		neg 0.48850088078543935 off 0.4673828468459764 __DUMMY__ 0.04411627236858417	false	0.5
aufblasen	neg 1.0		neg 0.49666873582175547 off 0.45867101970701485 __DUMMY__ 0.044660244471229606	false	1.0
gewaltsam	neg 1.0		neg 0.5000772148957582 off 0.45567732256217564 __DUMMY__ 0.04424546254206604	false	1.0
unbeliebtheit	neg 1.0		neg 0.4965496834358462 off 0.4595780982612902 __DUMMY__ 0.04387221830286358	false	1.0
sturheit	neg 1.0		neg 0.5018353956664069 off 0.4537768958289026 __DUMMY__ 0.04438770850469047	false	1.0
kuh	neg 1.0		neg 0.4984405596673394 off 0.4572113516136697 __DUMMY__ 0.044348088718990895	false	1.0
erschrecken	neg 1.0		neg 0.4955435813002421 off 0.45995919943722535 __DUMMY__ 0.04449721926253252	false	1.0
opfer	neg 1.0		neg 0.5031131023072367 off 0.4523241801638456 __DUMMY__ 0.04456271752891779	false	1.0
sinken	neg 1.0		neg 0.5051292663805145 off 0.45027003282676836 __DUMMY__ 0.044600700792717246	false	1.0
stinktier	neg 1.0		neg 0.4922572021205373 off 0.4636654494610415 __DUMMY__ 0.044077348418421224	false	1.0
tucke	off 1.0		neg 0.4868815887314218 off 0.4689160920537862 __DUMMY__ 0.04420231921479198	false	0.5
ein			neg 0.4968527216551451 off 0.45840290311781534 __DUMMY__ 0.0447443752270396	false	0.0
abstieg	neg 1.0		neg 0.5025394786283647 off 0.4530945937078586 __DUMMY__ 0.04436592766377679	false	1.0
missverstehen	neg 1.0		neg 0.499236190590831 off 0.4564865006703518 __DUMMY__ 0.04427730873881705	false	1.0
ergebnislos	neg 1.0		neg 0.5027193407229327 off 0.45286071380779136 __DUMMY__ 0.044419945469275995	false	1.0
unter			neg 0.5066142576100158 off 0.44826215621227616 __DUMMY__ 0.0451235861777079	false	0.0
manipulieren	neg 1.0		neg 0.5032089613690913 off 0.4521643623313964 __DUMMY__ 0.04462667629951233	false	1.0
unbewiesen	neg 1.0		neg 0.503402871519276 off 0.4526180436102558 __DUMMY__ 0.04397908487046825	false	1.0
verschleppen	neg 1.0		neg 0.5023209487807253 off 0.45320935246433836 __DUMMY__ 0.04446969875493615	false	1.0
weib	off 1.0		neg 0.4874858111909307 off 0.46847052860350274 __DUMMY__ 0.04404366020556647	false	0.5
opposition	neg 1.0		neg 0.49987982386136215 off 0.45596076908044636 __DUMMY__ 0.04415940705819157	false	1.0
verkehrswidrig	neg 1.0		neg 0.4877924539185592 off 0.4677965635320698 __DUMMY__ 0.04441098254937107	false	1.0
inkorrekt	neg 1.0		neg 0.49717284675308127 off 0.4588297502054401 __DUMMY__ 0.04399740304147874	false	1.0
vermeiden	neg 1.0		neg 0.5051396785848943 off 0.449909428617987 __DUMMY__ 0.044950892797118745	false	1.0
abweichung	neg 1.0		neg 0.5047609385125588 off 0.45105765861559394 __DUMMY__ 0.04418140287184726	false	1.0
alkoholisiert	neg 1.0		neg 0.49857853192115986 off 0.45658918829055867 __DUMMY__ 0.04483227978828153	false	1.0
scheiss	off 1.0	off 1.0	off 0.7163064226172972 neg 0.26235636562277637 __DUMMY__ 0.021337211759926502	false	1.0
herausforderung	neg 1.0		neg 0.49921998659568834 off 0.45591015661425005 __DUMMY__ 0.04486985679006161	false	1.0
pervers	off 1.0		neg 0.485459990662979 off 0.47062195273910923 __DUMMY__ 0.04391805659791167	false	0.5
wackelig	neg 1.0		neg 0.49865424673047576 off 0.4564192960803536 __DUMMY__ 0.04492645718917066	false	1.0
verwickeln	neg 1.0		neg 0.4988151654501185 off 0.4568203307244323 __DUMMY__ 0.04436450382544921	false	1.0
vorwand	neg 1.0		neg 0.5058255805732497 off 0.44965610204888895 __DUMMY__ 0.044518317377861265	false	1.0
muschi	off 1.0		neg 0.5004894987945836 off 0.45519852435247243 __DUMMY__ 0.04431197685294394	false	0.5
entmutigung	neg 1.0		neg 0.5012883884616829 off 0.45482627813025334 __DUMMY__ 0.043885333408063776	false	1.0
unangemessen	neg 1.0		neg 0.5040119307436371 off 0.4516819884185191 __DUMMY__ 0.044306080837843674	false	1.0
unstetig	neg 1.0		neg 0.49599479162398874 off 0.45966452521736223 __DUMMY__ 0.04434068315864899	false	1.0
entmutigen	neg 1.0		neg 0.49743037318034444 off 0.4579743256575395 __DUMMY__ 0.04459530116211597	false	1.0
schwanz	neg 1.0		neg 0.5016698075330838 off 0.453852975951249 __DUMMY__ 0.04447721651566726	false	1.0
verbot	neg 1.0		neg 0.5040558963932089 off 0.451768408432453 __DUMMY__ 0.044175695174338184	false	1.0
leid	neg 1.0		neg 0.49002401273043955 off 0.4657842478775258 __DUMMY__ 0.044191739392034614	false	1.0
archaisch	neg 1.0		neg 0.5024625510437823 off 0.45313854840994283 __DUMMY__ 0.04439890054627487	false	1.0
gegen			neg 0.5065029490359022 off 0.4491051678238344 __DUMMY__ 0.04439188314026342	false	0.0
scheidung	neg 1.0	neg 1.0	neg 0.722818123208364 off 0.25602011999521723 __DUMMY__ 0.02116175679641874	false	1.0
einschlag	neg 1.0		neg 0.49207771762277774 off 0.46387401931396194 __DUMMY__ 0.04404826306326027	false	1.0
m			neg 0.4994332312520494 off 0.45589276698107195 __DUMMY__ 0.044674001766878614	false	0.0
abgestanden	neg 1.0		neg 0.4974054367707506 off 0.4578991031619691 __DUMMY__ 0.044695460067280375	false	1.0
schmierig	off 1.0		neg 0.49030152522973564 off 0.46538898422561953 __DUMMY__ 0.04430949054464468	false	0.5
unpraktisch	neg 1.0		neg 0.49649004605688385 off 0.4588256018979845 __DUMMY__ 0.044684352045131756	false	1.0
wixxer	off 1.0		neg 0.4857890821031556 off 0.47036421869459766 __DUMMY__ 0.043846699202246694	false	0.5
bezeichnet			neg 0.5018465573458366 off 0.4538145914884052 __DUMMY__ 0.04433885116575831	false	0.0
jammerlappen	off 1.0		neg 0.49546365220023647 off 0.4601581113140855 __DUMMY__ 0.04437823648567805	false	0.5
farce	neg 1.0		neg 0.5047764948862077 off 0.4512030530390531 __DUMMY__ 0.04402045207473908	false	1.0
zwecklos	neg 1.0		neg 0.503563742429494 off 0.452033616024889 __DUMMY__ 0.044402641545617086	false	1.0
turbulent	neg 1.0		neg 0.4924088625021694 off 0.46343354352969557 __DUMMY__ 0.044157593968134984	false	1.0
invasion	neg 1.0		neg 0.4954589726292701 off 0.460012387509192 __DUMMY__ 0.04452863986153802	false	1.0
schuld	neg 1.0		neg 0.4994538758463636 off 0.456127044798932 __DUMMY__ 0.04441907935470443	false	1.0
risiko	neg 1.0		neg 0.4941291784239714 off 0.4612302494456236 __DUMMY__ 0.0446405721304049	false	1.0
finster	neg 1.0		neg 0.4974364023449251 off 0.45788146661955287 __DUMMY__ 0.04468213103552205	false	1.0
geisteskrank	off 1.0		neg 0.495860444015929 off 0.4600387470145615 __DUMMY__ 0.04410080896950949	false	0.5
zusammenbrechen	neg 1.0		neg 0.5000033122937032 off 0.45533739260575395 __DUMMY__ 0.04465929510054298	false	1.0
ausbeute	neg 1.0		neg 0.500321751573373 off 0.45492489210698145 __DUMMY__ 0.04475335631964557	false	1.0
hinterhalt	neg 1.0		neg 0.4979105647240774 off 0.4576010329997855 __DUMMY__ 0.044488402276137096	false	1.0
kritik	neg 1.0		neg 0.5038328309315239 off 0.4520382138685197 __DUMMY__ 0.04412895519995642	false	1.0
einschrumpfen	neg 1.0		neg 0.49777117501978757 off 0.4581047733189663 __DUMMY__ 0.04412405166124612	false	1.0
riskant	neg 1.0		neg 0.5033212681403986 off 0.4520866026122544 __DUMMY__ 0.04459212924734701	false	1.0
frustrieren	neg 1.0		neg 0.5035866338944721 off 0.451851353294311 __DUMMY__ 0.04456201281121676	false	1.0
groll	neg 1.0		neg 0.5028011640406023 off 0.4527446564360829 __DUMMY__ 0.04445417952331489	false	1.0
gibt			neg 0.5013977027395046 off 0.4540452555082543 __DUMMY__ 0.04455704175224106	false	0.0
qualvoll	neg 1.0		neg 0.49596951565960734 off 0.4594425777100798 __DUMMY__ 0.04458790663031297	false	1.0
wackeln	neg 1.0		neg 0.49669516591619 off 0.4585620137620644 __DUMMY__ 0.044742820321745466	false	1.0
klagen	neg 1.0		neg 0.5064776958670612 off 0.44906615885557927 __DUMMY__ 0.04445614527735957	false	1.0
bankrott	neg 1.0		neg 0.4940886359754652 off 0.46144505578682177 __DUMMY__ 0.04446630823771302	false	1.0
trauern	neg 1.0		neg 0.5028779505735623 off 0.4525248658801062 __DUMMY__ 0.044597183546331444	false	1.0
ablehnung	neg 1.0	neg 1.0	neg 0.7381251693798854 off 0.24064523555489206 __DUMMY__ 0.021229595065222533	false	1.0
stur	neg 1.0		neg 0.4988480522909327 off 0.4567164810929301 __DUMMY__ 0.0444354666161372	false	1.0
aufruhr	neg 1.0		neg 0.5009735682696808 off 0.45481169284593653 __DUMMY__ 0.04421473888438262	false	1.0
melancholie	neg 1.0		neg 0.49921790407038835 off 0.45594454471114226 __DUMMY__ 0.04483755121846946	false	1.0
ist			neg 0.4984049420338873 off 0.45714387443000853 __DUMMY__ 0.04445118353610434	false	0.0
torheit	neg 1.0		neg 0.5017169026668293 off 0.4542182570587631 __DUMMY__ 0.04406484027440757	false	1.0
dreckskind	off 1.0		neg 0.4918300445384578 off 0.4643135504266474 __DUMMY__ 0.04385640503489468	false	0.5
umtauschen	neg 1.0		neg 0.49823229806793684 off 0.457075958201076 __DUMMY__ 0.04469174373098723	false	1.0
zum			neg 0.5038614348267847 off 0.45109081246753474 __DUMMY__ 0.04504775270568056	false	0.0
zersetzen	neg 1.0		neg 0.5047071289529038 off 0.45074837684123664 __DUMMY__ 0.04454449420585956	false	1.0
zur			neg 0.507640201044351 off 0.44771171603525944 __DUMMY__ 0.04464808292038949	false	0.0
frust	neg 1.0		neg 0.5008866731144592 off 0.4545149847152467 __DUMMY__ 0.044598342170294035	false	1.0
unerbittlichkeit	neg 1.0		neg 0.503827391370618 off 0.45165108013236155 __DUMMY__ 0.04452152849702047	false	1.0
zwei			neg 0.5028363371294252 off 0.45223004147848495 __DUMMY__ 0.044933621392089874	false	0.0
unkorrekt	neg 1.0		neg 0.4961856916735212 off 0.4598032082269854 __DUMMY__ 0.044011100099493425	false	1.0
hexe	off 1.0		neg 0.4940198816267141 off 0.4615690592986439 __DUMMY__ 0.04441105907464204	false	0.5
lasch	neg 1.0		neg 0.4977815434636644 off 0.4579432947069646 __DUMMY__ 0.044275161829370996	false	1.0
rivale	neg 1.0		neg 0.49196264549260504 off 0.46391784182179435 __DUMMY__ 0.044119512685600576	false	1.0
mutlos	off 1.0	off 1.0	off 0.7103164208489935 neg 0.2683425839419186 __DUMMY__ 0.02134099520908781	false	1.0
wirr	off 1.0		neg 0.4935903764019271 off 0.4623353847982796 __DUMMY__ 0.044074238799793414	false	0.5
jahr			neg 0.5010752896590454 off 0.4540999292525993 __DUMMY__ 0.04482478108835541	false	0.0
wird			neg 0.5026566952873736 off 0.4527591095120758 __DUMMY__ 0.04458419520055051	false	0.0
strafbar	neg 1.0		neg 0.5055337872145559 off 0.45016362421372136 __DUMMY__ 0.04430258857172274	false	1.0
erosion	neg 1.0		neg 0.49660570696839956 off 0.4587829335443252 __DUMMY__ 0.044611359487275175	false	1.0
eingehen	neg 1.0		neg 0.5033256218112366 off 0.4522031698026206 __DUMMY__ 0.044471208386142796	false	1.0
faul	off 1.0		neg 0.49391006864608683 off 0.4615116691204069 __DUMMY__ 0.04457826223350617	false	0.5
provisorium	neg 1.0		neg 0.5078620198515268 off 0.4470965822358536 __DUMMY__ 0.04504139791261972	false	1.0
schmerzen	neg 1.0		neg 0.4992034717176635 off 0.4561156878904785 __DUMMY__ 0.044680840391858025	false	1.0
schrumpfen	neg 1.0		neg 0.5068446369631655 off 0.44838401906036723 __DUMMY__ 0.04477134397646718	false	1.0
geistlos	off 1.0		neg 0.500313625289018 off 0.4556672701683155 __DUMMY__ 0.04401910454266657	false	0.5
fehlkauf	neg 1.0		neg 0.4975141235481537 off 0.45816486419897057 __DUMMY__ 0.044321012252875644	false	1.0
frustrierend	neg 1.0		neg 0.49600499442300583 off 0.45953645247551994 __DUMMY__ 0.04445855310147417	false	1.0
unzufrieden	neg 1.0		neg 0.5026404714185488 off 0.4528593439272923 __DUMMY__ 0.04450018465415882	false	1.0
verzweifeln	neg 1.0		neg 0.4996495011010712 off 0.4557519213173242 __DUMMY__ 0.04459857758160452	false	1.0
verzweifelt	neg 1.0		neg 0.49879448422375233 off 0.4567517813625236 __DUMMY__ 0.04445373441372412	false	1.0
misstrauensantrag	neg 1.0		neg 0.49878265146305834 off 0.45703123258476724 __DUMMY__ 0.04418611595217448	false	1.0
abfallen	neg 1.0		neg 0.49560769650160036 off 0.4595582899497178 __DUMMY__ 0.044834013548681745	false	1.0
fucker	off 1.0		neg 0.4931576036534622 off 0.4626758967617808 __DUMMY__ 0.04416649958475705	false	0.5
ungezogen	neg 1.0		neg 0.4867356939280935 off 0.4691625949480834 __DUMMY__ 0.04410171112382315	false	1.0
irrsinnig	neg 1.0	neg 1.0	neg 0.7362069177610168 off 0.24246337386022426 __DUMMY__ 0.02132970837875896	false	1.0
unfassbar	neg 1.0		neg 0.49469063350531 off 0.46092007103543914 __DUMMY__ 0.04438929545925082	false	1.0
hart	neg 1.0		neg 0.49529707335121487 off 0.46044727521935525 __DUMMY__ 0.044255651429429735	false	1.0
widerlich	off 1.0		neg 0.4951262135707992 off 0.4606444754562944 __DUMMY__ 0.04422931097290638	false	0.5
fatal	neg 1.0		neg 0.49728194606765164 off 0.4583519973220763 __DUMMY__ 0.044366056610272125	false	1.0
bruch	neg 1.0		neg 0.5076846930358524 off 0.4479359589490661 __DUMMY__ 0.04437934801508129	false	1.0
aushungern	neg 1.0		neg 0.5017469958536956 off 0.4540647947022137 __DUMMY__ 0.04418820944409059	false	1.0
anspannung	neg 1.0		neg 0.5038961621854996 off 0.45119420963018747 __DUMMY__ 0.044909628184312905	false	1.0
von			neg 0.50313421008688 off 0.4521324151780322 __DUMMY__ 0.0447333747350877	false	0.0
kraftlos	neg 1.0		neg 0.4994660154216507 off 0.45565366752601816 __DUMMY__ 0.044880317052331094	false	1.0
vom			neg 0.506846755665665 off 0.44813866159553983 __DUMMY__ 0.04501458273879534	false	0.0
grenzdebil	off 1.0		neg 0.49334673875840723 off 0.46225523799741525 __DUMMY__ 0.04439802324417752	false	0.5
vor			neg 0.504127310844943 off 0.45110736577529015 __DUMMY__ 0.04476532337976676	false	0.0
unterwerfen	neg 1.0		neg 0.5034762996621533 off 0.45203517557500766 __DUMMY__ 0.04448852476283895	false	1.0
versenkung	neg 1.0		neg 0.5037337394464999 off 0.4517250578045766 __DUMMY__ 0.04454120274892357	false	1.0
entziehen	neg 1.0		neg 0.5061869532482648 off 0.4492615836769669 __DUMMY__ 0.04455146307476844	false	1.0
finanzkrise	neg 1.0		neg 0.5021658914634513 off 0.4536592273157409 __DUMMY__ 0.04417488122080786	false	1.0
schimpfend	neg 1.0		neg 0.49403324468426907 off 0.4610745913513725 __DUMMY__ 0.04489216396435829	false	1.0
profan	neg 1.0		neg 0.49740095550555474 off 0.45812777638081653 __DUMMY__ 0.0444712681136287	false	1.0
korruption	neg 1.0		neg 0.5044297435806395 off 0.45138621280610397 __DUMMY__ 0.044184043613256535	false	1.0
â			neg 0.5007585793502898 off 0.45459597613935443 __DUMMY__ 0.04464544451035577	false	0.0
schmutzig	neg 1.0		neg 0.49221947865817306 off 0.4631936007621114 __DUMMY__ 0.04458692057971559	false	1.0
sexy	neg 1.0		neg 0.49517703356039555 off 0.46039937729757935 __DUMMY__ 0.04442358914202518	false	1.0
abraten	neg 1.0		neg 0.4977966908130269 off 0.45765749707637954 __DUMMY__ 0.044545812110593566	false	1.0
schwarz	neg 1.0		neg 0.49811215144370896 off 0.45749837319753556 __DUMMY__ 0.044389475358755454	false	1.0
fotze	off 1.0		neg 0.5020369748539569 off 0.45358468752586556 __DUMMY__ 0.04437833762017747	false	0.5
verwirren	neg 1.0		neg 0.4968170457640658 off 0.45874760796760583 __DUMMY__ 0.04443534626832829	false	1.0
zahnlos	off 1.0		neg 0.5036468730368622 off 0.45199945653949974 __DUMMY__ 0.044353670423638	false	0.5
verheeren	neg 1.0		neg 0.4859523039753461 off 0.4701606815027741 __DUMMY__ 0.043887014521879764	false	1.0
hippie	neg 1.0		neg 0.4956846742906335 off 0.45991865267567716 __DUMMY__ 0.044396673033689396	false	1.0
rammen	neg 1.0		neg 0.4965656882189401 off 0.459001601399769 __DUMMY__ 0.0444327103812909	false	1.0
unlauter	neg 1.0	neg 1.0	neg 0.7358531249253188 off 0.24291737781809047 __DUMMY__ 0.021229497256590728	false	1.0
unheilvoll	neg 1.0		neg 0.49662797250666013 off 0.4588125988909658 __DUMMY__ 0.04455942860237404	false	1.0
niedrig	neg 1.0		neg 0.5030715453965369 off 0.4524962385735588 __DUMMY__ 0.04443221602990418	false	1.0
explosion	neg 1.0		neg 0.4954984910221836 off 0.46001746636790863 __DUMMY__ 0.04448404260990782	false	1.0
weichei	off 1.0		neg 0.4898341424277692 off 0.4660431802424509 __DUMMY__ 0.044122677329779966	false	0.5
minusmensch	off 1.0		neg 0.4887150109942021 off 0.46764830412852115 __DUMMY__ 0.04363668487727665	false	0.5
farblos	neg 1.0		neg 0.49796157605104496 off 0.4575556669732045 __DUMMY__ 0.044482756975750444	false	1.0
unwissend	neg 1.0		neg 0.49569414215111846 off 0.46002533974789567 __DUMMY__ 0.04428051810098588	false	1.0
traurig	neg 1.0		neg 0.4913611039861497 off 0.46424937362967855 __DUMMY__ 0.044389522384171716	false	1.0
senkung	neg 1.0		neg 0.49659606829619085 off 0.4590442548299465 __DUMMY__ 0.04435967687386267	false	1.0
ungleich	neg 1.0	neg 1.0	neg 0.7386649029635569 off 0.23998371354994275 __DUMMY__ 0.021351383486500338	false	1.0
heikel	neg 1.0		neg 0.5048670991001522 off 0.45059017782088107 __DUMMY__ 0.04454272307896673	false	1.0
drosselung	neg 1.0		neg 0.49107674416515223 off 0.4645578637228058 __DUMMY__ 0.04436539211204185	false	1.0
falsch	neg 1.0		neg 0.4960631914145821 off 0.4595509201406115 __DUMMY__ 0.04438588844480649	false	1.0
unzufriedenheit	neg 1.0		neg 0.5049204458037647 off 0.4505303744867025 __DUMMY__ 0.044549179709532774	false	1.0
kurz	neg 1.0		neg 0.499042125724937 off 0.4561719878265728 __DUMMY__ 0.04478588644849025	false	1.0
unsinnig	neg 1.0		neg 0.5026968074481795 off 0.4528708753832815 __DUMMY__ 0.04443231716853892	false	1.0
penner	off 1.0	off 1.0	off 0.7191850162830508 neg 0.25961075523441124 __DUMMY__ 0.02120422848253789	false	1.0
seicht	neg 1.0		neg 0.48896219770902016 off 0.4671425090067794 __DUMMY__ 0.04389529328420039	false	1.0
dummheit	off 1.0	off 1.0	off 0.7133852729891411 neg 0.26532867970383767 __DUMMY__ 0.021286047307021334	false	1.0
unerfreulich	neg 1.0		neg 0.5046160739022274 off 0.45074041723682495 __DUMMY__ 0.04464350886094775	false	1.0
motherfucker	off 1.0	off 1.0	off 0.7163693440938336 neg 0.262402489663756 __DUMMY__ 0.021228166242410383	false	1.0
pikiert	neg 1.0		neg 0.4960650356438268 off 0.4596487685470413 __DUMMY__ 0.044286195809132005	false	1.0
wrack	neg 1.0		neg 0.5014615327878775 off 0.4540007067477873 __DUMMY__ 0.04453776046433518	false	1.0
gangster	neg 1.0		neg 0.4964551220412436 off 0.4591306465446415 __DUMMY__ 0.044414231414114935	false	1.0
krank	neg 1.0		neg 0.49234286194062044 off 0.46313839597148865 __DUMMY__ 0.04451874208789101	false	1.0
reich	neg 1.0		neg 0.4976962175202239 off 0.4584049295343762 __DUMMY__ 0.043898852945399705	false	1.0
gnadenlos	neg 1.0		neg 0.49923086514544035 off 0.4563386270200776 __DUMMY__ 0.04443050783448201	false	1.0
niedergeschlagen	neg 1.0		neg 0.4999967110518038 off 0.45536065740938336 __DUMMY__ 0.044642631538812816	false	1.0
terrorisieren	off 1.0	off 1.0	off 0.7107575919428541 neg 0.2678076057976698 __DUMMY__ 0.021434802259476086	false	1.0
sinnlosigkeit	neg 1.0		neg 0.5028647529327361 off 0.45270964597680996 __DUMMY__ 0.044425601090453806	false	1.0
behindern	neg 1.0		neg 0.4984302731441664 off 0.4569359869896014 __DUMMY__ 0.044633739866232404	false	1.0
undemokratisch	neg 1.0		neg 0.5010945102434246 off 0.45480650589499433 __DUMMY__ 0.04409898386158114	false	1.0
wirtschaftskrise	neg 1.0		neg 0.5031356109343088 off 0.45253836209457543 __DUMMY__ 0.0443260269711158	false	1.0
neid	neg 1.0		neg 0.4943146699999107 off 0.4610627607816742 __DUMMY__ 0.04462256921841509	false	1.0
rutschen	neg 1.0		neg 0.5022532516190763 off 0.4525601669673903 __DUMMY__ 0.0451865814135335	false	1.0
rezession	neg 1.0		neg 0.4924480322524178 off 0.4635799837019925 __DUMMY__ 0.043971984045589635	false	1.0
fehlgeburt	neg 1.0		neg 0.4980132730038553 off 0.4574528291807118 __DUMMY__ 0.044533897815432925	false	1.0
charakterschwach	off 1.0		neg 0.4953096655064839 off 0.4604592516663327 __DUMMY__ 0.044231082827183264	false	0.5
isolation	neg 1.0		neg 0.49461860886703934 off 0.46102093137408867 __DUMMY__ 0.04436045975887201	false	1.0
ablenkung	neg 1.0		neg 0.4984289373896689 off 0.456964240590621 __DUMMY__ 0.0446068220197101	false	1.0
pech	neg 1.0		neg 0.4960312003487391 off 0.4594902022670562 __DUMMY__ 0.04447859738420471	false	1.0
vermeidung	neg 1.0		neg 0.4914951502085809 off 0.46403063252230686 __DUMMY__ 0.04447421726911216	false	1.0
dominieren	neg 1.0		neg 0.5022026584124946 off 0.4534324921361361 __DUMMY__ 0.04436484945136939	false	1.0
schwindlig	neg 1.0		neg 0.49507374059039144 off 0.4602852076112381 __DUMMY__ 0.04464105179837046	false	1.0
lutscher	neg 1.0		neg 0.4878506572931594 off 0.46824636428628696 __DUMMY__ 0.04390297842055362	false	1.0
pflicht	neg 1.0		neg 0.5051805290601388 off 0.4502902708321583 __DUMMY__ 0.04452920010770282	false	1.0
faschist	off 1.0		neg 0.49968012028945713 off 0.45620298396177633 __DUMMY__ 0.044116895748766614	false	0.5
verschleudern	neg 1.0		neg 0.5042214401101509 off 0.451481106467738 __DUMMY__ 0.04429745342211116	false	1.0
wenn			neg 0.4960150815299249 off 0.45958777657123445 __DUMMY__ 0.04439714189884077	false	0.0
ehebruch	neg 1.0		neg 0.5036297245930758 off 0.4519549491353701 __DUMMY__ 0.044415326271554006	false	1.0
spott	off 1.0		neg 0.5041553796868552 off 0.4514026276349449 __DUMMY__ 0.04444199267819989	false	0.5
trostlosigkeit	neg 1.0		neg 0.5066670318695649 off 0.4490195061419748 __DUMMY__ 0.04431346198846046	false	1.0
lutschen	neg 1.0		neg 0.49671372597137453 off 0.4591117237748165 __DUMMY__ 0.04417455025380889	false	1.0
undiszipliniert	neg 1.0		neg 0.4926971513869452 off 0.4629840312965923 __DUMMY__ 0.04431881731646248	false	1.0
kopfschmerz	neg 1.0		neg 0.498894459153781 off 0.45648431201908857 __DUMMY__ 0.044621228827130315	false	1.0
unvorhergesehen	neg 1.0		neg 0.4987118871744596 off 0.45644630927820096 __DUMMY__ 0.04484180354733956	false	1.0
desinteressiert	neg 1.0		neg 0.4937203231527865 off 0.4620353984468007 __DUMMY__ 0.04424427840041277	false	1.0
armselig	off 1.0		neg 0.4933511657339604 off 0.4624919844725942 __DUMMY__ 0.04415684979344556	false	0.5
desaster	neg 1.0		neg 0.5084884972197914 off 0.4471661741000234 __DUMMY__ 0.044345328680185155	false	1.0
tod	neg 1.0		neg 0.5039178969564395 off 0.4517043652799553 __DUMMY__ 0.04437773776360527	false	1.0
herzlos	neg 1.0		neg 0.4908000447226671 off 0.4648420900961238 __DUMMY__ 0.04435786518120907	false	1.0
unwissenheit	neg 1.0		neg 0.5030216976481685 off 0.4525772295266872 __DUMMY__ 0.044401072825144265	false	1.0
widersinnig	neg 1.0		neg 0.5045344527771854 off 0.4513867679667497 __DUMMY__ 0.04407877925606488	false	1.0
bedenklich	neg 1.0		neg 0.5039736908263308 off 0.4515186701537698 __DUMMY__ 0.044507639019899285	false	1.0
beanstanden	neg 1.0		neg 0.5057712646153038 off 0.44971368494300057 __DUMMY__ 0.044515050441695764	false	1.0
panisch	neg 1.0	neg 1.0	neg 0.733283678941855 off 0.24514769080168144 __DUMMY__ 0.021568630256463665	false	1.0
debil	off 1.0		neg 0.5069222918524304 off 0.4483665037016111 __DUMMY__ 0.04471120444595866	false	0.5
abstrich	neg 1.0		neg 0.496050330231613 off 0.45914843193364496 __DUMMY__ 0.044801237834742	false	1.0
primitiv	neg 1.0		neg 0.4947444333462819 off 0.4610560873950093 __DUMMY__ 0.04419947925870893	false	1.0
abschaum	off 1.0	off 1.0	off 0.7145547531831458 neg 0.2642049266358113 __DUMMY__ 0.02124032018104306	false	1.0
provozieren	neg 1.0		neg 0.5005814765484589 off 0.45507342102610127 __DUMMY__ 0.04434510242543987	false	1.0
tot	neg 1.0		neg 0.5007568673370348 off 0.45480962850233364 __DUMMY__ 0.04443350416063152	false	1.0
instabil	neg 1.0		neg 0.4937562715379307 off 0.4622959445294324 __DUMMY__ 0.04394778393263698	false	1.0
schwuchtel	off 1.0		neg 0.4844731385146097 off 0.47193454892467074 __DUMMY__ 0.043592312560719645	false	0.5
zerren	neg 1.0		neg 0.5004929614951459 off 0.45489097531488604 __DUMMY__ 0.04461606318996819	false	1.0
kinderficker	off 1.0		neg 0.4919952743861123 off 0.4640011787686326 __DUMMY__ 0.04400354684525519	false	0.5
gefahr	neg 1.0		neg 0.5043522837360762 off 0.4512629584628615 __DUMMY__ 0.04438475780106218	false	1.0
rabiat	neg 1.0		neg 0.49982793873862175 off 0.45569969988135856 __DUMMY__ 0.04447236138001984	false	1.0
verlangsamung	neg 1.0		neg 0.48877050314957987 off 0.4672880537918753 __DUMMY__ 0.04394144305854467	false	1.0
ausgestorben	neg 1.0		neg 0.500869953013307 off 0.45456898643934013 __DUMMY__ 0.044561060547352795	false	1.0
anklagen	neg 1.0		neg 0.5009795376123285 off 0.4546562865797881 __DUMMY__ 0.044364175807883516	false	1.0
trott	neg 1.0		neg 0.49873345485860326 off 0.4566863487030625 __DUMMY__ 0.04458019643833438	false	1.0
verminderung	neg 1.0		neg 0.4925026419206772 off 0.46323570391027113 __DUMMY__ 0.04426165416905169	false	1.0
nach			neg 0.5036683949893703 off 0.4512801891953561 __DUMMY__ 0.045051415815273485	false	0.0
rost	neg 1.0		neg 0.4876948253542879 off 0.4682788525531654 __DUMMY__ 0.04402632209254679	false	1.0
destruktiv	neg 1.0		neg 0.502225122128512 off 0.45346548650359586 __DUMMY__ 0.04430939136789199	false	1.0
unzumutbarkeit	neg 1.0		neg 0.4923096591211181 off 0.46331031432299175 __DUMMY__ 0.04438002655589013	false	1.0
labil	off 1.0	off 1.0	off 0.7152648711833363 neg 0.26348618439548677 __DUMMY__ 0.021248944421177016	false	1.0
ziemlich	neg 1.0		neg 0.4940992247580523 off 0.4615190941198017 __DUMMY__ 0.044381681122146084	false	1.0
lachnummer	off 1.0		neg 0.5023732273760323 off 0.4533270827936125 __DUMMY__ 0.044299689830355336	false	0.5
oder			neg 0.4985842134062838 off 0.4567829452018643 __DUMMY__ 0.04463284139185184	false	0.0
verfall	neg 1.0		neg 0.5080003633679783 off 0.4473556045627822 __DUMMY__ 0.04464403206923949	false	1.0
ausgrenzung	neg 1.0		neg 0.4998833247512027 off 0.45598114889260377 __DUMMY__ 0.0441355263561934	false	1.0
unordnung	neg 1.0		neg 0.4926964005872584 off 0.4633288362584988 __DUMMY__ 0.043974763154242855	false	1.0
fehlverhalten	neg 1.0		neg 0.5050488750794906 off 0.45055844521367155 __DUMMY__ 0.04439267970683771	false	1.0
eine			neg 0.5039606048391143 off 0.4513029254150739 __DUMMY__ 0.04473646974581177	false	0.0
nille	neg 1.0		neg 0.5013433875322735 off 0.45440495954712734 __DUMMY__ 0.04425165292059923	false	1.0
qual	neg 1.0		neg 0.4990750176482852 off 0.45637148203416783 __DUMMY__ 0.04455350031754701	false	1.0
verschwenden	neg 1.0		neg 0.5029876293579209 off 0.45241923229893183 __DUMMY__ 0.04459313834314736	false	1.0
riesig	neg 1.0		neg 0.49870403444926653 off 0.4566325032935992 __DUMMY__ 0.04466346225713423	false	1.0
verurteilen	neg 1.0		neg 0.5032019902435857 off 0.4524441278382892 __DUMMY__ 0.04435388191812506	false	1.0
klischee	neg 1.0	neg 1.0	neg 0.7352672679874934 off 0.24348908900490068 __DUMMY__ 0.02124364300760588	false	1.0
diktatorisch	neg 1.0		neg 0.5018924860379701 off 0.45409120237512846 __DUMMY__ 0.0440163115869016	false	1.0
vorhersehbar	neg 1.0		neg 0.49923604539743816 off 0.45650670319663844 __DUMMY__ 0.044257251405923397	false	1.0
sowie			neg 0.49057438655182384 off 0.4654733507838303 __DUMMY__ 0.04395226266434599	false	0.0
stornieren	neg 1.0		neg 0.494743815225035 off 0.4606070242302309 __DUMMY__ 0.044649160544734105	false	1.0
besteuerung	neg 1.0		neg 0.49852057626751 off 0.4570960368193267 __DUMMY__ 0.0443833869131634	false	1.0
ungeschminkt	neg 1.0		neg 0.4933512666688861 off 0.4622983153139231 __DUMMY__ 0.04435041801719084	false	1.0
kritisch	neg 1.0		neg 0.5045164693315108 off 0.45107759744868825 __DUMMY__ 0.04440593321980087	false	1.0
schlamperei	off 1.0		neg 0.5045792579034978 off 0.4511047237229942 __DUMMY__ 0.04431601837350793	false	0.5
sucht	neg 1.0	neg 1.0	neg 0.7326374697757804 off 0.24580184960580892 __DUMMY__ 0.0215606806184107	false	1.0
egoistisch	off 1.0		neg 0.48986540042422005 off 0.4659887996131118 __DUMMY__ 0.04414579996266826	false	0.5
ausbeuter	off 1.0		neg 0.5054669438850063 off 0.45015198508487747 __DUMMY__ 0.04438107103011623	false	0.5
arschgeburt	off 1.0		neg 0.4846962110548035 off 0.4717167719480677 __DUMMY__ 0.04358701699712878	false	0.5
schubs	neg 1.0	neg 1.0	neg 0.7360674073003579 off 0.24237743168098957 __DUMMY__ 0.021555161018652565	false	1.0
unsolide	neg 1.0		neg 0.501208250001194 off 0.45512065028127624 __DUMMY__ 0.04367109971752979	false	1.0
beschwerde	neg 1.0		neg 0.5036442947897835 off 0.4520393418501316 __DUMMY__ 0.04431636336008499	false	1.0
stocken	neg 1.0		neg 0.5019253596104405 off 0.45351070264945825 __DUMMY__ 0.044563937740101256	false	1.0
isolieren	neg 1.0		neg 0.49841122595828585 off 0.4568946807128452 __DUMMY__ 0.04469409332886889	false	1.0
unheilbar	neg 1.0		neg 0.4981253885656992 off 0.45732682931106033 __DUMMY__ 0.04454778212324039	false	1.0
pisser	off 1.0		neg 0.49272534857989986 off 0.46321233260984185 __DUMMY__ 0.04406231881025813	false	0.5
löschen	neg 1.0		neg 0.4987128494531387 off 0.45686886868771903 __DUMMY__ 0.044418281859142386	false	1.0
durchfallen	neg 1.0		neg 0.5035868367166048 off 0.4519292493156443 __DUMMY__ 0.044483913967750977	false	1.0
wichser	off 1.0		neg 0.4862344576526444 off 0.46982539992257966 __DUMMY__ 0.043940142424775945	false	0.5
terror	neg 1.0		neg 0.4948515340234645 off 0.46064027904622373 __DUMMY__ 0.044508186930311895	false	1.0
krass	neg 1.0		neg 0.4911903756347851 off 0.4645602099237025 __DUMMY__ 0.044249414441512404	false	1.0
revolte	neg 1.0	neg 1.0	neg 0.7363474273992626 off 0.24255976544745492 __DUMMY__ 0.021092807153282392	false	1.0
besorgt	neg 1.0		neg 0.49906195942565335 off 0.4561565931183299 __DUMMY__ 0.044781447456016796	false	1.0
nachlassen	neg 1.0		neg 0.4995730248251179 off 0.45568882564731067 __DUMMY__ 0.0447381495275713	false	1.0
alt	neg 1.0		neg 0.501932845149314 off 0.45334074157601506 __DUMMY__ 0.04472641327467072	false	1.0
hundesohn	off 1.0		neg 0.48874202899246794 off 0.46750499671438667 __DUMMY__ 0.043752974293145445	false	0.5
als			neg 0.5012732563739737 off 0.454094158677164 __DUMMY__ 0.04463258494886217	false	0.0
abschreckung	neg 1.0		neg 0.505822004413088 off 0.44970850445986943 __DUMMY__ 0.04446949112704248	false	1.0
unqualifiziert	neg 1.0		neg 0.49895087093325374 off 0.4568006077942228 __DUMMY__ 0.044248521272523475	false	1.0
abgewichst	off 1.0		neg 0.5006552584639429 off 0.4548888576670736 __DUMMY__ 0.04445588386898336	false	0.5
schwer	neg 1.0		neg 0.4996181806681806 off 0.4558055575213032 __DUMMY__ 0.044576261810516306	false	1.0
bedeutungslosigkeit	neg 1.0		neg 0.5056058902657498 off 0.44997971866708514 __DUMMY__ 0.04441439106716517	false	1.0
kapitulation	neg 1.0		neg 0.5053122782463374 off 0.4505370386672702 __DUMMY__ 0.04415068308639252	false	1.0
unscharf	neg 1.0		neg 0.49605370305003954 off 0.4594871333755702 __DUMMY__ 0.044459163574390274	false	1.0
schwinden	neg 1.0		neg 0.502700385733737 off 0.4526345944286758 __DUMMY__ 0.044665019837587264	false	1.0
versklavung	neg 1.0		neg 0.501195195207312 off 0.45469557178880937 __DUMMY__ 0.04410923300387854	false	1.0
schlecht	neg 1.0		neg 0.4934638313347135 off 0.462124020374549 __DUMMY__ 0.04441214829073754	false	1.0
verhasst	neg 1.0		neg 0.5009537199481684 off 0.45475089601775087 __DUMMY__ 0.044295384034080634	false	1.0
beschweren	neg 1.0		neg 0.4977283098936786 off 0.4577627889024026 __DUMMY__ 0.04450890120391896	false	1.0
scheiden	neg 1.0		neg 0.49990315163162286 off 0.4555764959804529 __DUMMY__ 0.04452035238792415	false	1.0
frustriert	neg 1.0		neg 0.501008175046609 off 0.45444745427727773 __DUMMY__ 0.044544370676113165	false	1.0
schimmelig	neg 1.0		neg 0.502671292288726 off 0.4528110364367596 __DUMMY__ 0.04451767127451443	false	1.0
fisch	neg 1.0		neg 0.5019927966430431 off 0.45345751605728213 __DUMMY__ 0.04454968729967473	false	1.0
schmuggel	neg 1.0		neg 0.5022216945067519 off 0.45299588444468836 __DUMMY__ 0.044782421048559805	false	1.0
auffallen	neg 1.0		neg 0.4976384012331384 off 0.45790864971730344 __DUMMY__ 0.04445294904955804	false	1.0
konkurrenz	neg 1.0		neg 0.5049789930464531 off 0.45040184213666834 __DUMMY__ 0.04461916481687863	false	1.0
teufelskreis	neg 1.0		neg 0.5011406082864512 off 0.4543753626812918 __DUMMY__ 0.044484029032257	false	1.0
aufschreien	neg 1.0		neg 0.49882269012865277 off 0.45686175094589404 __DUMMY__ 0.0443155589254532	false	1.0
schuldner	neg 1.0		neg 0.5044275232001091 off 0.45117628390403974 __DUMMY__ 0.044396192895851345	false	1.0
missgeburt	off 1.0	off 1.0	off 0.7175607284615013 neg 0.26136913260016564 __DUMMY__ 0.021070138938333028	false	1.0
arbeitslos	neg 1.0		neg 0.5031000082994606 off 0.45248890200032005 __DUMMY__ 0.04441108970021927	false	1.0
befallen	neg 1.0		neg 0.5029120546824173 off 0.45275898679580573 __DUMMY__ 0.04432895852177696	false	1.0
miesepetrig	off 1.0		neg 0.49235507425351355 off 0.46309374667138326 __DUMMY__ 0.04455117907510328	false	0.5
alarmieren	neg 1.0		neg 0.4962278144489271 off 0.45959424383902325 __DUMMY__ 0.04417794171204973	false	1.0
ungeduscht	off 1.0		neg 0.4960113997726136 off 0.4595300486082615 __DUMMY__ 0.044458551619124806	false	0.5
knappheit	neg 1.0		neg 0.5023979933329713 off 0.45318683096190954 __DUMMY__ 0.044415175705119145	false	1.0
schlange	neg 1.0		neg 0.4967335051001052 off 0.4586282991383771 __DUMMY__ 0.04463819576151779	false	1.0
harsch	neg 1.0		neg 0.48672532054639844 off 0.46893391806406026 __DUMMY__ 0.044340761389541246	false	1.0
lang	neg 1.0		neg 0.4977918686913312 off 0.4577008520606097 __DUMMY__ 0.044507279248059334	false	1.0
ziellos	neg 1.0		neg 0.5019502802696038 off 0.45344319518849546 __DUMMY__ 0.04460652454190078	false	1.0
selbstverliebt	neg 1.0		neg 0.48716692476505796 off 0.46915733070652793 __DUMMY__ 0.04367574452841411	false	1.0
beseitigen	neg 1.0		neg 0.49791690964787977 off 0.4575461443712045 __DUMMY__ 0.04453694598091569	false	1.0
dumm	off 1.0		neg 0.48965601868757785 off 0.46627415985562 __DUMMY__ 0.044069821456802175	false	0.5
arbeitsloser	neg 1.0		neg 0.503909443765985 off 0.45166084550820385 __DUMMY__ 0.04442971072581115	false	1.0
blitzen	neg 1.0		neg 0.49575197312399966 off 0.4598521104310838 __DUMMY__ 0.04439591644491661	false	1.0
hilflos	neg 1.0		neg 0.5011793929607129 off 0.454249220865641 __DUMMY__ 0.04457138617364615	false	1.0
eklig	off 1.0		neg 0.4892535110567818 off 0.4667603086575055 __DUMMY__ 0.04398618028571257	false	0.5
begriff			neg 0.5015099113394244 off 0.45401430347796345 __DUMMY__ 0.04447578518261212	false	0.0
hungersnot	neg 1.0		neg 0.5025234617325733 off 0.45333615308264413 __DUMMY__ 0.04414038518478242	false	1.0
ungesetzlich	neg 1.0		neg 0.5008531680141535 off 0.4551631570744971 __DUMMY__ 0.04398367491134941	false	1.0
verschwendung	neg 1.0		neg 0.5039987421110211 off 0.4514022950040772 __DUMMY__ 0.04459896288490156	false	1.0
schmerzvoll	neg 1.0		neg 0.4975870725370703 off 0.45789013616153046 __DUMMY__ 0.04452279130139923	false	1.0
vorzeitig	neg 1.0		neg 0.4945793965622037 off 0.4611150991254435 __DUMMY__ 0.04430550431235298	false	1.0
unvollkommenheit	neg 1.0		neg 0.4988028981666892 off 0.4566787795102146 __DUMMY__ 0.044518322323096014	false	1.0
intervenieren	neg 1.0		neg 0.5053168088130783 off 0.45034254675989666 __DUMMY__ 0.044340644427024935	false	1.0
banause	off 1.0		neg 0.48763582094815106 off 0.4684054071162859 __DUMMY__ 0.04395877193556296	false	0.5
rebell	neg 1.0		neg 0.5038579489020769 off 0.45144849315572694 __DUMMY__ 0.044693557942196	false	1.0
unlogisch	neg 1.0		neg 0.49331088962209274 off 0.4625508961905712 __DUMMY__ 0.04413821418733608	false	1.0
leiden	neg 1.0	neg 1.0	neg 0.7352017029288417 off 0.24296757449199147 __DUMMY__ 0.02183072257916688	false	1.0
abschaffung	neg 1.0		neg 0.5004944293286204 off 0.45527918993038174 __DUMMY__ 0.04422638074099786	false	1.0
sturz	neg 1.0		neg 0.49945381717458975 off 0.4562952503488834 __DUMMY__ 0.044250932476526846	false	1.0
verkleinerung	neg 1.0		neg 0.4989369195386908 off 0.4570680383917085 __DUMMY__ 0.043995042069600865	false	1.0
schmarotzer	off 1.0		neg 0.5042192952480424 off 0.45144461342139935 __DUMMY__ 0.04433609133055828	false	0.5
bestrafung	neg 1.0		neg 0.49862198875166036 off 0.45693996970911716 __DUMMY__ 0.04443804153922246	false	1.0
achtlos	neg 1.0		neg 0.49914410414837823 off 0.4562275944853182 __DUMMY__ 0.04462830136630361	false	1.0
ungeheuer	neg 1.0		neg 0.497274217362791 off 0.45829372792474454 __DUMMY__ 0.044432054712464475	false	1.0
unaufrichtig	neg 1.0		neg 0.497991666930664 off 0.45779554615996904 __DUMMY__ 0.04421278690936685	false	1.0
groggy	neg 1.0		neg 0.49651044123662375 off 0.45914432101274744 __DUMMY__ 0.04434523775062879	false	1.0
