unsolidarisch	neg 1.0		neg 0.3456680180003383 __DUMMY__ 0.34432326673650265 off 0.31000871526315915	false	1.0
nachteilig	neg 1.0		__DUMMY__ 0.3479573691192172 neg 0.3438041086438013 off 0.30823852223698145	false	1.0
skeptisch	neg 1.0		__DUMMY__ 0.3491366994180067 neg 0.34511680966666514 off 0.3057464909153283	false	1.0
schrecklich	neg 1.0		__DUMMY__ 0.34621723425860895 neg 0.33384327352450005 off 0.319939492216891	false	1.0
schlapp	neg 1.0		__DUMMY__ 0.3487287062044585 neg 0.33477058404357335 off 0.3165007097519681	false	1.0
abfall	neg 1.0		__DUMMY__ 0.34982280479506794 neg 0.3458637614131499 off 0.304313433791782	false	1.0
widerspenstig	neg 1.0		__DUMMY__ 0.34988168658360547 neg 0.33820108275962746 off 0.31191723065676696	false	1.0
abrupt	neg 1.0		__DUMMY__ 0.35083093386416503 neg 0.33817700262287587 off 0.3109920635129591	false	1.0
unwirksam	neg 1.0		neg 0.3450574151965874 __DUMMY__ 0.34465900798613897 off 0.3102835768172737	false	1.0
angreifen	neg 1.0		__DUMMY__ 0.3482359188211231 neg 0.3449463286988387 off 0.30681775248003823	false	1.0
inkonsistent	neg 1.0		__DUMMY__ 0.34746702565901283 neg 0.33875437207607373 off 0.3137786022649135	false	1.0
abrutschen	neg 1.0		__DUMMY__ 0.3501910266518355 neg 0.34517959198397385 off 0.30462938136419077	false	1.0
unsicher	neg 1.0		__DUMMY__ 0.34867116180068125 neg 0.34002406919425726 off 0.3113047690050615	false	1.0
bauernkind	off 1.0		__DUMMY__ 0.343528138196217 neg 0.33400917689031207 off 0.322462684913471	false	0.5
angreifer	neg 1.0		__DUMMY__ 0.3461369119369064 neg 0.33984535036298524 off 0.3140177377001084	false	1.0
trennen	neg 1.0		__DUMMY__ 0.3509446703063945 neg 0.3415127330828089 off 0.3075425966107966	false	1.0
schmutz	neg 1.0		__DUMMY__ 0.3499839004495863 neg 0.3316568005880678 off 0.3183592989623459	false	1.0
inkonsistenz	neg 1.0	neg 1.0	neg 0.6580424871997554 off 0.1734522300061168 __DUMMY__ 0.1685052827941278	false	1.0
erschreckend	neg 1.0		__DUMMY__ 0.3479083089257171 neg 0.34251516817243904 off 0.309576522901844	false	1.0
ertrinken	neg 1.0		__DUMMY__ 0.35012463797445964 neg 0.341326686937159 off 0.3085486750883813	false	1.0
pickelface	off 1.0		__DUMMY__ 0.34670000998324446 neg 0.3416721167154982 off 0.3116278733012574	false	0.5
seiner			__DUMMY__ 0.34883699941972307 neg 0.34425801870671574 off 0.3069049818735611	false	0.0
lauch	neg 1.0		__DUMMY__ 0.34956520336519015 neg 0.3445869172005255 off 0.30584787943428443	false	1.0
unwichtig	neg 1.0		__DUMMY__ 0.3471195209052154 neg 0.3372175172821494 off 0.3156629618126352	false	1.0
steuerhinterziehung	neg 1.0		__DUMMY__ 0.34561019837762647 neg 0.3451365736211567 off 0.3092532280012168	false	1.0
schock	neg 1.0		__DUMMY__ 0.35056766132969924 neg 0.33875907359556384 off 0.31067326507473686	false	1.0
beule	neg 1.0		__DUMMY__ 0.34810832888468773 neg 0.33423825070845 off 0.31765342040686234	false	1.0
vergelten	neg 1.0		__DUMMY__ 0.3448450645945063 neg 0.33406961011943204 off 0.3210853252860615	false	1.0
verdorbenheit	neg 1.0		__DUMMY__ 0.34885984273840204 neg 0.33800680871978944 off 0.3131333485418084	false	1.0
trauma	neg 1.0		__DUMMY__ 0.34777218649654834 neg 0.33909914530051294 off 0.3131286682029387	false	1.0
sinnlos	neg 1.0		__DUMMY__ 0.34785015079320314 neg 0.33876040471235713 off 0.31338944449443973	false	1.0
fettsack	off 1.0	off 1.0	off 0.6478037444335595 neg 0.18462670646616666 __DUMMY__ 0.16756954910027375	false	1.0
feige	off 1.0		__DUMMY__ 0.34620270026162725 neg 0.339041292489869 off 0.3147560072485038	false	0.5
abdanken	neg 1.0		neg 0.3468891845569215 __DUMMY__ 0.3444047318343929 off 0.3087060836086856	false	1.0
wichtigtuer	off 1.0	off 1.0	off 0.642619526474498 neg 0.18874637361178914 __DUMMY__ 0.1686340999137128	false	1.0
misslingen	neg 1.0		__DUMMY__ 0.350175867690778 neg 0.3348295414030054 off 0.31499459090621656	false	1.0
untreu	off 1.0		__DUMMY__ 0.3470795180342823 neg 0.33641764597016444 off 0.31650283599555334	false	0.5
missmutig	neg 1.0		__DUMMY__ 0.3485940353678056 neg 0.3356472814173278 off 0.31575868321486655	false	1.0
hurenbock	off 1.0		__DUMMY__ 0.34991537001786904 neg 0.3359402356986598 off 0.31414439428347113	false	0.5
betrunken	neg 1.0		__DUMMY__ 0.34767920821336507 neg 0.33379964211465435 off 0.31852114967198064	false	1.0
korrupt	off 1.0		neg 0.34655665810820613 __DUMMY__ 0.34569444381531983 off 0.307748898076474	false	0.5
unmut	neg 1.0		__DUMMY__ 0.3488633659531787 neg 0.34649435215651936 off 0.30464228189030207	false	1.0
hackfresse	off 1.0		__DUMMY__ 0.3452515258205687 neg 0.33143994376050656 off 0.32330853041892466	false	0.5
aufblasen	neg 1.0		__DUMMY__ 0.34932497833734366 neg 0.33736258312509154 off 0.3133124385375648	false	1.0
gewaltsam	neg 1.0		__DUMMY__ 0.34625933044977825 neg 0.3419688371139243 off 0.31177183243629747	false	1.0
unbeliebtheit	neg 1.0		__DUMMY__ 0.34346602535371684 neg 0.33987259208562187 off 0.31666138256066145	false	1.0
sturheit	neg 1.0		__DUMMY__ 0.34727852808819243 neg 0.34314842064067136 off 0.30957305127113616	false	1.0
kuh	neg 1.0		__DUMMY__ 0.34705799859958125 neg 0.34013412371264523 off 0.31280787768777363	false	1.0
erschrecken	neg 1.0		__DUMMY__ 0.3480906000700686 neg 0.3368518507920502 off 0.3150575491378813	false	1.0
opfer	neg 1.0		__DUMMY__ 0.3485984224535377 neg 0.34377877734543577 off 0.3076228002010265	false	1.0
sinken	neg 1.0		__DUMMY__ 0.3489165672777553 neg 0.34558115331668526 off 0.3055022794055596	false	1.0
stinktier	neg 1.0		__DUMMY__ 0.34498809073359077 neg 0.3351596377900521 off 0.3198522714763573	false	1.0
tucke	off 1.0		__DUMMY__ 0.34595450411344253 neg 0.3295874251591491 off 0.32445807072740834	false	0.5
ein			__DUMMY__ 0.34999068075957374 neg 0.33723785081875535 off 0.31277146842167114	false	0.0
abstieg	neg 1.0		__DUMMY__ 0.34716427307884634 neg 0.34388235949145224 off 0.30895336742970136	false	1.0
missverstehen	neg 1.0		__DUMMY__ 0.34644144820981876 neg 0.34109680523076613 off 0.31246174655941505	false	1.0
ergebnislos	neg 1.0		__DUMMY__ 0.34755363766832126 neg 0.3438722155050289 off 0.3085741468266499	false	1.0
unter			__DUMMY__ 0.3528138119910101 neg 0.34521915632173494 off 0.301967031687255	false	0.0
manipulieren	neg 1.0		__DUMMY__ 0.3490844536116617 neg 0.343625283619542 off 0.30729026276879623	false	1.0
unbewiesen	neg 1.0		neg 0.34603816897674666 __DUMMY__ 0.34423010354714806 off 0.3097317274761051	false	1.0
verschleppen	neg 1.0		__DUMMY__ 0.34793759837396854 neg 0.34330648200537595 off 0.30875591962065535	false	1.0
weib	off 1.0		__DUMMY__ 0.3447311010824661 neg 0.3307027779264724 off 0.3245661209910615	false	0.5
opposition	neg 1.0		__DUMMY__ 0.3455833859444179 neg 0.342158899431843 off 0.3122577146237391	false	1.0
verkehrswidrig	neg 1.0		__DUMMY__ 0.3475245284705117 neg 0.32972335281136056 off 0.32275211871812776	false	1.0
inkorrekt	neg 1.0		__DUMMY__ 0.34437565344371923 neg 0.34005869543694883 off 0.3155656511193319	false	1.0
vermeiden	neg 1.0		__DUMMY__ 0.3515302019058127 neg 0.3443995410856529 off 0.30407025700853446	false	1.0
abweichung	neg 1.0		neg 0.346666257959366 __DUMMY__ 0.345761682592152 off 0.3075720594484819	false	1.0
alkoholisiert	neg 1.0		__DUMMY__ 0.3507122672646489 neg 0.33856316669152997 off 0.3107245660438211	false	1.0
scheiss	off 1.0	off 1.0	off 0.6458022078705158 neg 0.185077126232246 __DUMMY__ 0.16912066589723818	false	1.0
herausforderung	neg 1.0		__DUMMY__ 0.3509475627082087 neg 0.33897869830110877 off 0.31007373899068247	false	1.0
pervers	off 1.0		__DUMMY__ 0.3437816355491976 neg 0.32920295510099606 off 0.32701540934980633	false	0.5
wackelig	neg 1.0		__DUMMY__ 0.3513325288020008 neg 0.33834580737344805 off 0.3103216638245512	false	1.0
verwickeln	neg 1.0		__DUMMY__ 0.34709574924701736 neg 0.3403880801826267 off 0.312516170570356	false	1.0
vorwand	neg 1.0		__DUMMY__ 0.3482538049638595 neg 0.34653162552316713 off 0.3052145695129733	false	1.0
muschi	off 1.0		__DUMMY__ 0.346723699688942 neg 0.3421574764805594 off 0.3111188238304987	false	0.5
entmutigung	neg 1.0		neg 0.34433522845005987 __DUMMY__ 0.34354338455021105 off 0.31212138699972924	false	1.0
unangemessen	neg 1.0		__DUMMY__ 0.346660101995042 neg 0.3455310888292079 off 0.3078088091757501	false	1.0
unstetig	neg 1.0		__DUMMY__ 0.34700596909516984 neg 0.33776942442046387 off 0.3152246064843663	false	1.0
entmutigen	neg 1.0		__DUMMY__ 0.3488463491158598 neg 0.3382634597698457 off 0.31289019111429445	false	1.0
schwanz	neg 1.0		__DUMMY__ 0.3479848205129907 neg 0.34272783300749193 off 0.3092873464795174	false	1.0
verbot	neg 1.0		neg 0.34597935864135654 __DUMMY__ 0.3457108072073917 off 0.30830983415125174	false	1.0
leid	neg 1.0		__DUMMY__ 0.34581940888273405 neg 0.3326332703285414 off 0.32154732078872456	false	1.0
archaisch	neg 1.0		__DUMMY__ 0.3473667437108733 neg 0.3437447548432972 off 0.3088885014458295	false	1.0
gegen			neg 0.3475791041021991 __DUMMY__ 0.34732412613877117 off 0.3050967697590298	false	0.0
scheidung	neg 1.0	neg 1.0	neg 0.6461546173549214 off 0.1860782096224787 __DUMMY__ 0.16776717302259983	false	1.0
einschlag	neg 1.0		__DUMMY__ 0.34476524105967055 neg 0.33505325049196116 off 0.32018150844836835	false	1.0
m			__DUMMY__ 0.3494062157891115 neg 0.33995496775052075 off 0.3106388164603678	false	0.0
abgestanden	neg 1.0		__DUMMY__ 0.3496520057463324 neg 0.3379824127477311 off 0.3123655815059366	false	1.0
schmierig	off 1.0		__DUMMY__ 0.3467009519858185 neg 0.3324925743253494 off 0.3208064736888321	false	0.5
unpraktisch	neg 1.0		__DUMMY__ 0.34951505753566636 neg 0.3371210805842912 off 0.31336386188004234	false	1.0
wixxer	off 1.0		__DUMMY__ 0.343247739420253 neg 0.32976456802481857 off 0.3269876925549283	false	0.5
bezeichnet			__DUMMY__ 0.34690412832246315 neg 0.34336061098423026 off 0.3097352606933064	false	0.0
jammerlappen	off 1.0		__DUMMY__ 0.34719595694967514 neg 0.3371642237344996 off 0.31563981931582524	false	0.5
farce	neg 1.0		neg 0.3472147815890096 __DUMMY__ 0.34454482255819374 off 0.3082403958527966	false	1.0
zwecklos	neg 1.0		__DUMMY__ 0.3473759828064179 neg 0.3447891473940085 off 0.3078348697995735	false	1.0
turbulent	neg 1.0		__DUMMY__ 0.3456482776174589 neg 0.3349554453117505 off 0.3193962770707907	false	1.0
invasion	neg 1.0		__DUMMY__ 0.34832388803618336 neg 0.3366429435355013 off 0.3150331684283154	false	1.0
schuld	neg 1.0		__DUMMY__ 0.34749619553211747 neg 0.3408162957767644 off 0.3116875086911182	false	1.0
risiko	neg 1.0		__DUMMY__ 0.34924122938178837 neg 0.3349042143761076 off 0.315854556242104	false	1.0
finster	neg 1.0		__DUMMY__ 0.3495218679598601 neg 0.33806661987564984 off 0.31241151216449004	false	1.0
geisteskrank	off 1.0		__DUMMY__ 0.3451194375242045 neg 0.3384787174476256 off 0.31640184502816987	false	0.5
zusammenbrechen	neg 1.0		__DUMMY__ 0.34929982890978417 neg 0.34051707649009966 off 0.31018309460011606	false	1.0
ausbeute	neg 1.0		__DUMMY__ 0.3500844029607944 neg 0.34051406698569375 off 0.3094015300535117	false	1.0
hinterhalt	neg 1.0		__DUMMY__ 0.34811695264856596 neg 0.33907138487857374 off 0.31281166247286035	false	1.0
kritik	neg 1.0		neg 0.34593023708368176 __DUMMY__ 0.3453585144950827 off 0.30871124842123543	false	1.0
einschrumpfen	neg 1.0		__DUMMY__ 0.3453188341728713 neg 0.3402242172274529 off 0.3144569485996759	false	1.0
riskant	neg 1.0		__DUMMY__ 0.3487966050346426 neg 0.3439056376814238 off 0.3072977572839335	false	1.0
frustrieren	neg 1.0		__DUMMY__ 0.34857323752489655 neg 0.34426322013623106 off 0.30716354233887244	false	1.0
groll	neg 1.0		__DUMMY__ 0.3477790445825806 neg 0.3438533754282902 off 0.30836757998912934	false	1.0
gibt			__DUMMY__ 0.34853097875879596 neg 0.3421956857769887 off 0.3092733354642152	false	0.0
qualvoll	neg 1.0		__DUMMY__ 0.34879416827306076 neg 0.33694221296260923 off 0.3142636187643299	false	1.0
wackeln	neg 1.0		__DUMMY__ 0.3499461544729346 neg 0.337095079794311 off 0.31295876573275433	false	1.0
klagen	neg 1.0		__DUMMY__ 0.3478063508219471 neg 0.3473432409246838 off 0.30485040825336907	false	1.0
bankrott	neg 1.0		__DUMMY__ 0.34787065942969964 neg 0.3355821031299892 off 0.31654723744031116	false	1.0
trauern	neg 1.0		__DUMMY__ 0.3488782612874036 neg 0.3434308666129672 off 0.3076908720996292	false	1.0
ablehnung	neg 1.0	neg 1.0	neg 0.6610988050798562 off 0.1706267256612321 __DUMMY__ 0.1682744692589118	false	1.0
stur	neg 1.0		__DUMMY__ 0.3476227688375047 neg 0.3401814414735789 off 0.31219578968891637	false	1.0
aufruhr	neg 1.0		__DUMMY__ 0.3460183994900493 neg 0.3429265391372071 off 0.3110550613727436	false	1.0
melancholie	neg 1.0		__DUMMY__ 0.35068574626518634 neg 0.33918367002248295 off 0.3101305837123306	false	1.0
ist			__DUMMY__ 0.3477376701171664 neg 0.33973212264049 off 0.31253020724234354	false	0.0
torheit	neg 1.0		__DUMMY__ 0.34488020961702043 neg 0.34414466498936563 off 0.31097512539361405	false	1.0
dreckskind	off 1.0		__DUMMY__ 0.3433185809870011 neg 0.3355081966825835 off 0.3211732223304153	false	0.5
umtauschen	neg 1.0		__DUMMY__ 0.3495834016476884 neg 0.33878082592275116 off 0.3116357724295603	false	1.0
zum			__DUMMY__ 0.3522593438592817 neg 0.3428655805524302 off 0.304875075588288	false	0.0
zersetzen	neg 1.0		__DUMMY__ 0.3484528976992878 neg 0.34537160955235574 off 0.3061754927483565	false	1.0
zur			__DUMMY__ 0.3492476003033712 neg 0.34781433412031615 off 0.3029380655763126	false	0.0
frust	neg 1.0		__DUMMY__ 0.3488424690211198 neg 0.3415657323776688 off 0.30959179860121133	false	1.0
unerbittlichkeit	neg 1.0		__DUMMY__ 0.34828745975865383 neg 0.34459083275161334 off 0.3071217074897327	false	1.0
zwei			__DUMMY__ 0.3513897924820945 neg 0.34229682616869617 off 0.30631338134920927	false	0.0
unkorrekt	neg 1.0		__DUMMY__ 0.3444935133512763 neg 0.3390838123775489 off 0.3164226742711749	false	1.0
hexe	off 1.0		__DUMMY__ 0.34750730151205367 neg 0.33570001554256035 off 0.31679268294538593	false	0.5
lasch	neg 1.0		__DUMMY__ 0.34643974139658457 neg 0.3396942884781616 off 0.3138659701252539	false	1.0
rivale	neg 1.0		__DUMMY__ 0.3453050871705822 neg 0.3347083462300922 off 0.31998656659932545	false	1.0
mutlos	off 1.0	off 1.0	off 0.6399406247066908 neg 0.19092221975277124 __DUMMY__ 0.16913715554053801	false	1.0
wirr	off 1.0		__DUMMY__ 0.34498189114928707 neg 0.3364039699400422 off 0.3186141389106708	false	0.5
jahr			__DUMMY__ 0.3505997887274363 neg 0.3409744917571575 off 0.3084257195154062	false	0.0
wird			__DUMMY__ 0.3487343819542942 neg 0.34332714342910997 off 0.30793847461659585	false	0.0
strafbar	neg 1.0		neg 0.3469764561003122 __DUMMY__ 0.34664482198562924 off 0.3063787219140585	false	1.0
erosion	neg 1.0		__DUMMY__ 0.34894879924814287 neg 0.33746176648989673 off 0.31358943426196023	false	1.0
eingehen	neg 1.0		__DUMMY__ 0.3478887733416555 neg 0.34432046442534303 off 0.3077907622330014	false	1.0
faul	off 1.0		__DUMMY__ 0.3487206489290496 neg 0.33503043385223796 off 0.3162489172187124	false	0.5
provisorium	neg 1.0		__DUMMY__ 0.35219834659838195 neg 0.34672016473684547 off 0.3010814886647725	false	1.0
schmerzen	neg 1.0		__DUMMY__ 0.34949994645081817 neg 0.3397516266394372 off 0.31074842690974463	false	1.0
schrumpfen	neg 1.0		__DUMMY__ 0.3501798547090493 neg 0.3466189489595753 off 0.30320119633137543	false	1.0
geistlos	off 1.0		__DUMMY__ 0.344528432099247 neg 0.3429604583020308 off 0.3125111095987222	false	0.5
fehlkauf	neg 1.0		__DUMMY__ 0.3467784163688166 neg 0.33930601470546606 off 0.31391556892571715	false	1.0
frustrierend	neg 1.0		__DUMMY__ 0.3478012733253615 neg 0.3374100241798874 off 0.31478870249475105	false	1.0
unzufrieden	neg 1.0		__DUMMY__ 0.3481064662326902 neg 0.3435692483997287 off 0.30832428536758105	false	1.0
verzweifeln	neg 1.0		__DUMMY__ 0.3488429812241403 neg 0.3403895548285716 off 0.3107674639472882	false	1.0
verzweifelt	neg 1.0		__DUMMY__ 0.3477540915676019 neg 0.3400893911806433 off 0.3121565172517549	false	1.0
misstrauensantrag	neg 1.0		__DUMMY__ 0.3457764776016689 neg 0.3410277610333517 off 0.31319576136497945	false	1.0
abfallen	neg 1.0		__DUMMY__ 0.35063388893868863 neg 0.3357652893569618 off 0.3136008217043495	false	1.0
fucker	off 1.0		__DUMMY__ 0.3455982732550092 neg 0.3356947966419437 off 0.3187069301030472	false	0.5
ungezogen	neg 1.0		__DUMMY__ 0.34516095369963856 neg 0.3297991619146321 off 0.3250398843857293	false	1.0
irrsinnig	neg 1.0	neg 1.0	neg 0.6588872538124098 off 0.17207306463682326 __DUMMY__ 0.16903968155076687	false	1.0
unfassbar	neg 1.0		__DUMMY__ 0.34728621304398033 neg 0.3363949728851115 off 0.3163188140709082	false	1.0
hart	neg 1.0		__DUMMY__ 0.3463611314838781 neg 0.3374131469783381 off 0.3162257215377837	false	1.0
widerlich	off 1.0		__DUMMY__ 0.3460845687737068 neg 0.33735293514254994 off 0.3165624960837433	false	0.5
fatal	neg 1.0		__DUMMY__ 0.347093577448907 neg 0.3389440002292957 off 0.3139624223217974	false	1.0
bruch	neg 1.0		neg 0.34875633627039127 __DUMMY__ 0.34724607478109026 off 0.3039975889485186	false	1.0
aushungern	neg 1.0		__DUMMY__ 0.34580880734853164 neg 0.3437020717944744 off 0.310489120856994	false	1.0
anspannung	neg 1.0		__DUMMY__ 0.35122131187452216 neg 0.3433439727109057 off 0.3054347154145721	false	1.0
von			__DUMMY__ 0.3499330988418602 neg 0.3432338806120388 off 0.3068330205461009	false	0.0
kraftlos	neg 1.0		__DUMMY__ 0.35097923536573095 neg 0.339251846104717 off 0.3097689185295521	false	1.0
vom			__DUMMY__ 0.3520118531257946 neg 0.34585011072849725 off 0.30213803614570817	false	0.0
grenzdebil	off 1.0		__DUMMY__ 0.34735008322156824 neg 0.3350872708385332 off 0.3175626459398986	false	0.5
vor			__DUMMY__ 0.3501003005640539 neg 0.3440883526006245 off 0.3058113468353215	false	0.0
unterwerfen	neg 1.0		__DUMMY__ 0.34804267989554866 neg 0.3443724305077163 off 0.3075848895967349	false	1.0
versenkung	neg 1.0		__DUMMY__ 0.3484238687244472 neg 0.34445199524036246 off 0.30712413603519034	false	1.0
entziehen	neg 1.0		__DUMMY__ 0.34849920490251335 neg 0.34676183542149713 off 0.3047389596759895	false	1.0
finanzkrise	neg 1.0		__DUMMY__ 0.34571421023115906 neg 0.3442230612209476 off 0.31006272854789335	false	1.0
schimpfend	neg 1.0		__DUMMY__ 0.3511158244427752 neg 0.33404509548017375 off 0.31483908007705114	false	1.0
profan	neg 1.0		__DUMMY__ 0.3479010129557862 neg 0.3387030906891099 off 0.31339589635510395	false	1.0
korruption	neg 1.0		neg 0.34632205189787574 __DUMMY__ 0.34577148711586025 off 0.30790646098626406	false	1.0
â			__DUMMY__ 0.3491948231617656 neg 0.34132148066953044 off 0.3094836961687041	false	0.0
schmutzig	neg 1.0		__DUMMY__ 0.34877498168440224 neg 0.3333608581346265 off 0.3178641601809713	false	1.0
sexy	neg 1.0		__DUMMY__ 0.34752658262358466 neg 0.33674821232146485 off 0.3157252050549505	false	1.0
abraten	neg 1.0		__DUMMY__ 0.34846717423418455 neg 0.33882825753827245 off 0.3127045682275429	false	1.0
schwarz	neg 1.0		__DUMMY__ 0.3472751436214818 neg 0.33966075492050873 off 0.3130641014580095	false	1.0
fotze	off 1.0		__DUMMY__ 0.347225662911424 neg 0.3434138708430933 off 0.30936046624548275	false	0.5
verwirren	neg 1.0		__DUMMY__ 0.3476201484946496 neg 0.3382639290793357 off 0.31411592242601466	false	1.0
zahnlos	off 1.0		__DUMMY__ 0.3470079071117241 neg 0.3450286238831563 off 0.30796346900511967	false	0.5
verheeren	neg 1.0		__DUMMY__ 0.3435707459764144 neg 0.329741956223994 off 0.32668729779959155	false	1.0
hippie	neg 1.0		__DUMMY__ 0.34732267144222256 neg 0.3373168202010454 off 0.31536050835673207	false	1.0
rammen	neg 1.0		__DUMMY__ 0.3476771275751373 neg 0.33805312256164644 off 0.3142697498632164	false	1.0
unlauter	neg 1.0	neg 1.0	neg 0.6588668005477343 off 0.17285284198533044 __DUMMY__ 0.16828035746693526	false	1.0
unheilvoll	neg 1.0		__DUMMY__ 0.34860001921601863 neg 0.3376695516823784 off 0.31373042910160287	false	1.0
niedrig	neg 1.0		__DUMMY__ 0.3476725999283499 neg 0.3442205306144395 off 0.3081068694572105	false	1.0
explosion	neg 1.0		__DUMMY__ 0.3479958234134243 neg 0.33683630149231036 off 0.3151678750942653	false	1.0
weichei	off 1.0		__DUMMY__ 0.34529873563936836 neg 0.33270735950225316 off 0.32199390485837853	false	0.5
minusmensch	off 1.0		__DUMMY__ 0.3416857249705396 neg 0.33321882183504536 off 0.32509545319441485	false	0.5
farblos	neg 1.0		__DUMMY__ 0.34808629391147433 neg 0.33917200358976646 off 0.31274170249875916	false	1.0
unwissend	neg 1.0		__DUMMY__ 0.3464645205357706 neg 0.33773109259910417 off 0.3158043868651252	false	1.0
traurig	neg 1.0		__DUMMY__ 0.3472922247966358 neg 0.3332193200387379 off 0.3194884551646263	false	1.0
senkung	neg 1.0		__DUMMY__ 0.3470998318450533 neg 0.3383114605793726 off 0.3145887075755742	false	1.0
ungleich	neg 1.0	neg 1.0	neg 0.6612164866453064 off 0.16956645907903267 __DUMMY__ 0.16921705427566086	false	1.0
heikel	neg 1.0		__DUMMY__ 0.34843364484339046 neg 0.34554522804340504 off 0.30602112711320445	false	1.0
drosselung	neg 1.0		__DUMMY__ 0.34715761181178 neg 0.3330152425510151 off 0.319827145637205	false	1.0
falsch	neg 1.0		__DUMMY__ 0.3472560265833752 neg 0.3377140812842015 off 0.31502989213242333	false	1.0
unzufriedenheit	neg 1.0		__DUMMY__ 0.34848874838671606 neg 0.3455475725146928 off 0.30596367909859123	false	1.0
kurz	neg 1.0		__DUMMY__ 0.35026292116142266 neg 0.33920227110836304 off 0.31053480773021425	false	1.0
unsinnig	neg 1.0		__DUMMY__ 0.3476041968641109 neg 0.3438580808663215 off 0.30853772226956755	false	1.0
penner	off 1.0	off 1.0	off 0.6491236999306976 neg 0.18280573458731247 __DUMMY__ 0.16807056548198993	false	1.0
seicht	neg 1.0		__DUMMY__ 0.3436007053037088 neg 0.33259539559442736 off 0.3238038991018638	false	1.0
dummheit	off 1.0	off 1.0	off 0.643136227748569 neg 0.18815985750904238 __DUMMY__ 0.16870391474238855	false	1.0
unerfreulich	neg 1.0		__DUMMY__ 0.34919736614037405 neg 0.3449711424943705 off 0.30583149136525545	false	1.0
motherfucker	off 1.0	off 1.0	off 0.6462797323662955 neg 0.18546721484310713 __DUMMY__ 0.16825305279059743	false	1.0
pikiert	neg 1.0		__DUMMY__ 0.34651808198565703 neg 0.3380480267387734 off 0.3154338912755696	false	1.0
wrack	neg 1.0		__DUMMY__ 0.34848517191431466 neg 0.342324824571999 off 0.3091900035136863	false	1.0
gangster	neg 1.0		__DUMMY__ 0.347456955390633 neg 0.33800304897477224 off 0.3145399956345949	false	1.0
krank	neg 1.0		__DUMMY__ 0.34827181703998716 neg 0.3337325489714071 off 0.3179956339886058	false	1.0
reich	neg 1.0		__DUMMY__ 0.3437035636500671 neg 0.34092185007516285 off 0.3153745862747701	false	1.0
gnadenlos	neg 1.0		__DUMMY__ 0.347578494521266 neg 0.34057054459016284 off 0.31185096088857117	false	1.0
niedergeschlagen	neg 1.0		__DUMMY__ 0.34920363937763166 neg 0.34057356509510456 off 0.31022279552726384	false	1.0
terrorisieren	off 1.0	off 1.0	off 0.6400716891069697 neg 0.19006176059356472 __DUMMY__ 0.16986655029946565	false	1.0
sinnlosigkeit	neg 1.0		__DUMMY__ 0.34754973689092344 neg 0.3440445551142051 off 0.3084057079948715	false	1.0
behindern	neg 1.0		__DUMMY__ 0.3491141018201502 neg 0.3391306588378517 off 0.31175523934199817	false	1.0
undemokratisch	neg 1.0		__DUMMY__ 0.34513681362216236 neg 0.34341318522099396 off 0.31145000115684374	false	1.0
wirtschaftskrise	neg 1.0		__DUMMY__ 0.34684859420282177 neg 0.3446014728300648 off 0.30854993296711347	false	1.0
neid	neg 1.0		__DUMMY__ 0.34905756925751186 neg 0.33523710636399046 off 0.31570532437849763	false	1.0
rutschen	neg 1.0		__DUMMY__ 0.3532878203558347 neg 0.34087687256725324 off 0.30583530707691214	false	1.0
rezession	neg 1.0		__DUMMY__ 0.3441908385035001 neg 0.33566696310424515 off 0.3201421983922547	false	1.0
fehlgeburt	neg 1.0		__DUMMY__ 0.34847904313140493 neg 0.33902484942367467 off 0.31249610744492035	false	1.0
charakterschwach	off 1.0		__DUMMY__ 0.3461137997795146 neg 0.3374891696127994 off 0.3163970306076861	false	0.5
isolation	neg 1.0		__DUMMY__ 0.3470696559563573 neg 0.3364357269404075 off 0.31649461710323523	false	1.0
ablenkung	neg 1.0		__DUMMY__ 0.3489091173514944 neg 0.3392126096079434 off 0.3118782730405623	false	1.0
pech	neg 1.0		__DUMMY__ 0.3479970604353654 neg 0.3374110589097883 off 0.3145918806548462	false	1.0
vermeidung	neg 1.0		__DUMMY__ 0.34795617001700413 neg 0.3330578836399889 off 0.3189859463430069	false	1.0
dominieren	neg 1.0		__DUMMY__ 0.34715296492673653 neg 0.34360201589007666 off 0.3092450191831868	false	1.0
schwindlig	neg 1.0		__DUMMY__ 0.34919407909257993 neg 0.3359416979672687 off 0.3148642229401513	false	1.0
lutscher	neg 1.0		__DUMMY__ 0.34367187628526236 neg 0.33154830315504025 off 0.32477982055969734	false	1.0
pflicht	neg 1.0		__DUMMY__ 0.3483309472070714 neg 0.3458710948461929 off 0.30579795794673564	false	1.0
faschist	off 1.0		__DUMMY__ 0.3452801536725548 neg 0.3419938388237628 off 0.31272600750368246	false	0.5
verschleudern	neg 1.0		__DUMMY__ 0.3466381398747866 neg 0.34574778538896833 off 0.30761407473624514	false	1.0
wenn			__DUMMY__ 0.347334303777127 neg 0.3376418248072592 off 0.31502387141561383	false	0.0
ehebruch	neg 1.0		__DUMMY__ 0.3475054909823066 neg 0.3447532156224785 off 0.3077412933952148	false	1.0
spott	off 1.0		__DUMMY__ 0.34769688721368586 neg 0.3451665869478877 off 0.30713652583842643	false	0.5
trostlosigkeit	neg 1.0		neg 0.3480440209940327 __DUMMY__ 0.34673701163161397 off 0.3052189673743534	false	1.0
lutschen	neg 1.0		__DUMMY__ 0.3457152733986693 neg 0.3390305466167728 off 0.31525417998455796	false	1.0
undiszipliniert	neg 1.0		__DUMMY__ 0.34677465217595244 neg 0.3347400590456583 off 0.3184852887783893	false	1.0
kopfschmerz	neg 1.0		__DUMMY__ 0.34906779770941126 neg 0.3396442811974425 off 0.3112879210931461	false	1.0
unvorhergesehen	neg 1.0		__DUMMY__ 0.3507226956865602 neg 0.33868508295802 off 0.31059222135541975	false	1.0
desinteressiert	neg 1.0		__DUMMY__ 0.34619767501422904 neg 0.3359686800756274 off 0.3178336449101435	false	1.0
armselig	off 1.0		__DUMMY__ 0.34554139376537135 neg 0.33589408213577565 off 0.31856452409885305	false	0.5
desaster	neg 1.0		neg 0.34965418135972987 __DUMMY__ 0.34696713770690146 off 0.3033786809333686	false	1.0
tod	neg 1.0		__DUMMY__ 0.34728124747743777 neg 0.34521973650859206 off 0.3074990160139701	false	1.0
herzlos	neg 1.0		__DUMMY__ 0.34705352266528894 neg 0.3327795721442278 off 0.3201669051904832	false	1.0
unwissenheit	neg 1.0		__DUMMY__ 0.34738050531211706 neg 0.3442471044353674 off 0.30837239025251567	false	1.0
widersinnig	neg 1.0		neg 0.34678156701453916 __DUMMY__ 0.3449733560657794 off 0.3082450769196813	false	1.0
bedenklich	neg 1.0		__DUMMY__ 0.3481664753625742 neg 0.3448157814317944 off 0.30701774320563147	false	1.0
beanstanden	neg 1.0		__DUMMY__ 0.34823767443441145 neg 0.3464791149511057 off 0.30528321061448294	false	1.0
panisch	neg 1.0	neg 1.0	neg 0.6551490695281054 off 0.17393963935184362 __DUMMY__ 0.17091129112005102	false	1.0
debil	off 1.0		__DUMMY__ 0.349742622372866 neg 0.34694286115456824 off 0.30331451647256563	false	0.5
abstrich	neg 1.0		__DUMMY__ 0.35050917033598844 neg 0.3362875035510016 off 0.31320332611301	false	1.0
primitiv	neg 1.0		__DUMMY__ 0.34586127995360866 neg 0.33708144233793896 off 0.31705727770845243	false	1.0
abschaum	off 1.0	off 1.0	off 0.6444533533501766 neg 0.1871961269245546 __DUMMY__ 0.16835051972526882	false	1.0
provozieren	neg 1.0		__DUMMY__ 0.346942901234665 neg 0.3421479166538305 off 0.31090918211150453	false	1.0
tot	neg 1.0		__DUMMY__ 0.34771420234560396 neg 0.342021004957069 off 0.31026479269732693	false	1.0
instabil	neg 1.0		__DUMMY__ 0.3440409499856062 neg 0.3369889202679022 off 0.3189701297464915	false	1.0
schwuchtel	off 1.0		__DUMMY__ 0.3413344901994577 neg 0.32935224027130167 off 0.32931326952924067	false	0.5
zerren	neg 1.0		__DUMMY__ 0.3489779602866819 neg 0.34113975567912097 off 0.30988228403419726	false	1.0
kinderficker	off 1.0		__DUMMY__ 0.3444294942059806 neg 0.3350841575099363 off 0.320486348284083	false	0.5
gefahr	neg 1.0		__DUMMY__ 0.3472797460109042 neg 0.3455476616416122 off 0.3071725923474837	false	1.0
rabiat	neg 1.0		__DUMMY__ 0.34791066690588346 neg 0.34098793521307724 off 0.31110139788103924	false	1.0
verlangsamung	neg 1.0		__DUMMY__ 0.34398581032559294 neg 0.3322342638545407 off 0.3237799258198664	false	1.0
ausgestorben	neg 1.0		__DUMMY__ 0.34857025299813643 neg 0.3416952945018522 off 0.3097344525000113	false	1.0
anklagen	neg 1.0		__DUMMY__ 0.3471405865573565 neg 0.34239021111085555 off 0.31046920233178793	false	1.0
trott	neg 1.0		__DUMMY__ 0.3487008495617228 neg 0.33961318541479746 off 0.3116859650234798	false	1.0
verminderung	neg 1.0		__DUMMY__ 0.34635121514993755 neg 0.33476628418224785 off 0.31888250066781465	false	1.0
nach			__DUMMY__ 0.3522727112633262 neg 0.34266583577445076 off 0.30506145296222315	false	0.0
rost	neg 1.0		__DUMMY__ 0.34464214723405506 neg 0.33090683631603535 off 0.32445101644990976	false	1.0
destruktiv	neg 1.0		__DUMMY__ 0.3466909851380731 neg 0.3438168638752523 off 0.3094921509866746	false	1.0
unzumutbarkeit	neg 1.0		__DUMMY__ 0.3472707170977511 neg 0.3341225193519817 off 0.3186067635502673	false	1.0
labil	off 1.0	off 1.0	off 0.6451238866070218 neg 0.18646230810237607 __DUMMY__ 0.168413805290602	false	1.0
ziemlich	neg 1.0		__DUMMY__ 0.3472273648506126 neg 0.3358671504405227 off 0.3169054847088646	false	1.0
lachnummer	off 1.0		__DUMMY__ 0.3466108776782223 neg 0.34398204806583665 off 0.3094070742559411	false	0.5
oder			__DUMMY__ 0.349111222272344 neg 0.3392986579532278 off 0.3115901197744282	false	0.0
verfall	neg 1.0		__DUMMY__ 0.349210105416348 neg 0.3481691650568306 off 0.3026207295268214	false	1.0
ausgrenzung	neg 1.0		__DUMMY__ 0.3454133121518184 neg 0.3421308220701041 off 0.3124558657780774	false	1.0
unordnung	neg 1.0		__DUMMY__ 0.3442699577340624 neg 0.33587743891029265 off 0.3198526033556449	false	1.0
fehlverhalten	neg 1.0		__DUMMY__ 0.3473154991391934 neg 0.3461959934580755 off 0.3064885074027312	false	1.0
eine			__DUMMY__ 0.3498856038591733 neg 0.34404207792569363 off 0.3060723182151331	false	0.0
nille	neg 1.0		__DUMMY__ 0.3462607915894182 neg 0.3431838109562215 off 0.3105553974543603	false	1.0
qual	neg 1.0		__DUMMY__ 0.3485003746819609 neg 0.3400242498769575 off 0.3114753754410816	false	1.0
verschwenden	neg 1.0		__DUMMY__ 0.3488113154767264 neg 0.34360706009524944 off 0.30758162442802417	false	1.0
riesig	neg 1.0		__DUMMY__ 0.34939846077115233 neg 0.3392365283042707 off 0.311365010924577	false	1.0
verurteilen	neg 1.0		__DUMMY__ 0.3470348913082747 neg 0.3445568391843974 off 0.3084082695073279	false	1.0
klischee	neg 1.0	neg 1.0	neg 0.6582616056577181 off 0.17336899214970272 __DUMMY__ 0.1683694021925792	false	1.0
diktatorisch	neg 1.0		__DUMMY__ 0.3445195215638231 neg 0.34445139500046523 off 0.3110290834357118	false	1.0
vorhersehbar	neg 1.0		__DUMMY__ 0.34629454614332356 neg 0.34116398078225846 off 0.31254147307441793	false	1.0
sowie			__DUMMY__ 0.3440255665304179 neg 0.3339567721991744 off 0.3220176612704076	false	0.0
stornieren	neg 1.0		__DUMMY__ 0.3493026768959244 neg 0.3355114490604525 off 0.3151858740436232	false	1.0
besteuerung	neg 1.0		__DUMMY__ 0.3472787490139301 neg 0.3400647360765383 off 0.3126565149095316	false	1.0
ungeschminkt	neg 1.0		__DUMMY__ 0.34703378187527906 neg 0.3352796275247036 off 0.3176865906000173	false	1.0
kritisch	neg 1.0		__DUMMY__ 0.3474097433524542 neg 0.34566077111590965 off 0.30692948553163596	false	1.0
schlamperei	off 1.0		__DUMMY__ 0.3467706380255616 neg 0.34599802902673626 off 0.3072313329477022	false	0.5
sucht	neg 1.0	neg 1.0	neg 0.6545055872649989 off 0.1746141675379675 __DUMMY__ 0.17088024519703357	false	1.0
egoistisch	off 1.0		__DUMMY__ 0.34547462471141005 neg 0.33261010676073666 off 0.3219152685278533	false	0.5
ausbeuter	off 1.0		__DUMMY__ 0.34723453347942507 neg 0.3466323275894358 off 0.3061331389311392	false	0.5
arschgeburt	off 1.0		__DUMMY__ 0.34130378127824107 neg 0.3295603525190744 off 0.32913586620268453	false	0.5
schubs	neg 1.0	neg 1.0	neg 0.6579685602834655 off 0.17121122193565944 __DUMMY__ 0.17082021778087508	false	1.0
unsolide	neg 1.0		neg 0.34500724599413857 __DUMMY__ 0.34193884069036656 off 0.31305391331549504	false	1.0
beschwerde	neg 1.0		__DUMMY__ 0.34677670636378594 neg 0.3451127479444735 off 0.30811054569174057	false	1.0
stocken	neg 1.0		__DUMMY__ 0.3486329014257658 neg 0.3426342539131241 off 0.30873284466111	false	1.0
isolieren	neg 1.0		__DUMMY__ 0.34962538404545945 neg 0.33879589027450036 off 0.31157872568003997	false	1.0
unheilbar	neg 1.0		__DUMMY__ 0.3484995748489272 neg 0.3390569963325046 off 0.3124434288185681	false	1.0
pisser	off 1.0		__DUMMY__ 0.3448798086862018 neg 0.33560532786595426 off 0.3195148634478438	false	0.5
löschen	neg 1.0		__DUMMY__ 0.34749424117705296 neg 0.34012906102704055 off 0.3123766977959063	false	1.0
durchfallen	neg 1.0		__DUMMY__ 0.3479951620304168 neg 0.3445319017446772 off 0.30747293622490596	false	1.0
wichser	off 1.0		__DUMMY__ 0.34392866172562087 neg 0.3298698665853632 off 0.3262014716890159	false	0.5
terror	neg 1.0		__DUMMY__ 0.34818481180871885 neg 0.33616124348762644 off 0.31565394470365454	false	1.0
krass	neg 1.0		__DUMMY__ 0.34626957233274924 neg 0.33356669126553257 off 0.3201637364017182	false	1.0
revolte	neg 1.0	neg 1.0	neg 0.6598363988186124 off 0.17295187275763657 __DUMMY__ 0.16721172842375084	false	1.0
besorgt	neg 1.0		__DUMMY__ 0.3502514123653343 neg 0.3391799481843753 off 0.31056863945029034	false	1.0
nachlassen	neg 1.0		__DUMMY__ 0.3499475231544125 neg 0.339811283409781 off 0.31024119343580653	false	1.0
alt	neg 1.0		__DUMMY__ 0.3498924368871645 neg 0.3421695174064793 off 0.30793804570635636	false	1.0
hundesohn	off 1.0		__DUMMY__ 0.34255041718850027 neg 0.3328408022510902 off 0.3246087805604096	false	0.5
als			__DUMMY__ 0.3491152419989822 neg 0.34181987943887315 off 0.30906487856214465	false	0.0
abschreckung	neg 1.0		__DUMMY__ 0.3479057698039571 neg 0.3466579947609397 off 0.30543623543510323	false	1.0
unqualifiziert	neg 1.0		__DUMMY__ 0.34624354154094167 neg 0.3408901270157957 off 0.3128663314432627	false	1.0
abgewichst	off 1.0		__DUMMY__ 0.3477919967256012 neg 0.34184067782896754 off 0.31036732544543133	false	0.5
schwer	neg 1.0		__DUMMY__ 0.3486773695112387 neg 0.34045002088487564 off 0.3108726096038857	false	1.0
bedeutungslosigkeit	neg 1.0		__DUMMY__ 0.34747511099655715 neg 0.34666382819220354 off 0.3058610608112394	false	1.0
kapitulation	neg 1.0		neg 0.34726815387127646 __DUMMY__ 0.34551843175672625 off 0.30721341437199734	false	1.0
unscharf	neg 1.0		__DUMMY__ 0.3478633595615042 neg 0.3374948317080238 off 0.31464180873047204	false	1.0
schwinden	neg 1.0		__DUMMY__ 0.3493900343738448 neg 0.343017861734127 off 0.3075921038920282	false	1.0
versklavung	neg 1.0		__DUMMY__ 0.34521887465936313 neg 0.3434900316475919 off 0.3112910936930451	false	1.0
schlecht	neg 1.0		__DUMMY__ 0.347452324100795 neg 0.335142819392741 off 0.317404856506464	false	1.0
verhasst	neg 1.0		__DUMMY__ 0.34657708163833123 neg 0.3426674496195988 off 0.31075546874207016	false	1.0
beschweren	neg 1.0		__DUMMY__ 0.348173074587861 neg 0.33887311076677623 off 0.3129538146453628	false	1.0
scheiden	neg 1.0		__DUMMY__ 0.348340406887501 neg 0.3409220550310883 off 0.31073753808141064	false	1.0
frustriert	neg 1.0		__DUMMY__ 0.3484346019708351 neg 0.3418765239997005 off 0.3096888740294644	false	1.0
schimmelig	neg 1.0		__DUMMY__ 0.3483172427511531 neg 0.3436206800848904 off 0.3080620771639564	false	1.0
fisch	neg 1.0		__DUMMY__ 0.34858275356453633 neg 0.3428261520878396 off 0.30859109434762394	false	1.0
schmuggel	neg 1.0		__DUMMY__ 0.3503161509447336 neg 0.3421370888452894 off 0.30754676020997684	false	1.0
auffallen	neg 1.0		__DUMMY__ 0.34775482220263915 neg 0.3389926989068761 off 0.3132524788904847	false	1.0
konkurrenz	neg 1.0		__DUMMY__ 0.3490410194423908 neg 0.3453486993443298 off 0.30561028121327943	false	1.0
teufelskreis	neg 1.0		__DUMMY__ 0.3479882904559649 neg 0.3422010944861948 off 0.30981061505784024	false	1.0
aufschreien	neg 1.0		__DUMMY__ 0.34672257516093713 neg 0.3405868483458944 off 0.3126905764931685	false	1.0
schuldner	neg 1.0		__DUMMY__ 0.3473727705412618 neg 0.34558760016855034 off 0.30703962929018785	false	1.0
missgeburt	off 1.0	off 1.0	off 0.6479422639415818 neg 0.1850121161936047 __DUMMY__ 0.1670456198648134	false	1.0
arbeitslos	neg 1.0		__DUMMY__ 0.34743859756827133 neg 0.34431126689346336 off 0.3082501355382654	false	1.0
befallen	neg 1.0		__DUMMY__ 0.34689660767376923 neg 0.34439100256691435 off 0.30871238975931636	false	1.0
miesepetrig	off 1.0		__DUMMY__ 0.3485255757987659 neg 0.3336313376416033 off 0.31784308655963067	false	0.5
alarmieren	neg 1.0		__DUMMY__ 0.3457465551475615 neg 0.33851053103952217 off 0.3157429138129164	false	1.0
ungeduscht	off 1.0		__DUMMY__ 0.3478396318181828 neg 0.3374844304341592 off 0.314675937747658	false	0.5
knappheit	neg 1.0		__DUMMY__ 0.3475241186364158 neg 0.34359947864353757 off 0.30887640272004663	false	1.0
schlange	neg 1.0		__DUMMY__ 0.34915974986605436 neg 0.33750257152800767 off 0.31333767860593803	false	1.0
harsch	neg 1.0		__DUMMY__ 0.34696526438170594 neg 0.32894169621637265 off 0.32409303940192136	false	1.0
lang	neg 1.0		__DUMMY__ 0.34815765573739826 neg 0.33894741113132554 off 0.31289493313127614	false	1.0
ziellos	neg 1.0		__DUMMY__ 0.3489105229237251 neg 0.3425741921211017 off 0.3085152849551734	false	1.0
selbstverliebt	neg 1.0		__DUMMY__ 0.3419463907918602 neg 0.33165961992190046 off 0.3263939892862393	false	1.0
beseitigen	neg 1.0		__DUMMY__ 0.3484528400412875 neg 0.338907341627743 off 0.31263981833096954	false	1.0
dumm	off 1.0		__DUMMY__ 0.3448958730680061 neg 0.33269249020290226 off 0.3224116367290915	false	0.5
arbeitsloser	neg 1.0		__DUMMY__ 0.3476076037626074 neg 0.3449804853519256 off 0.307411910885467	false	1.0
blitzen	neg 1.0		__DUMMY__ 0.3473388899447146 neg 0.33735689929507345 off 0.3153042107602119	false	1.0
hilflos	neg 1.0		__DUMMY__ 0.3486413978943418 neg 0.3419527030999601 off 0.30940589900569815	false	1.0
eklig	off 1.0		__DUMMY__ 0.3442776896472653 neg 0.3326165498658758 off 0.32310576048685885	false	0.5
begriff			__DUMMY__ 0.34793944328237075 neg 0.34256150783472367 off 0.3094990488829056	false	0.0
hungersnot	neg 1.0		__DUMMY__ 0.34546480309257166 neg 0.34465420779739 off 0.30988098911003825	false	1.0
ungesetzlich	neg 1.0		__DUMMY__ 0.34427198653514973 neg 0.3435525641529265 off 0.31217544931192387	false	1.0
verschwendung	neg 1.0		__DUMMY__ 0.3488498595142028 neg 0.3445324236754166 off 0.30661771681038064	false	1.0
schmerzvoll	neg 1.0		__DUMMY__ 0.34827796494769175 neg 0.33870108339099014 off 0.31302095166131816	false	1.0
vorzeitig	neg 1.0		__DUMMY__ 0.34671543474514865 neg 0.3365261418957658 off 0.31675842335908544	false	1.0
unvollkommenheit	neg 1.0		__DUMMY__ 0.34831352221446005 neg 0.3398200516140575 off 0.31186642617148247	false	1.0
intervenieren	neg 1.0		__DUMMY__ 0.3469384077647094 neg 0.3466217533258928 off 0.3064398389093977	false	1.0
banause	off 1.0		__DUMMY__ 0.34408810398173145 neg 0.33115451321537953 off 0.32475738280288907	false	0.5
rebell	neg 1.0		__DUMMY__ 0.349630056179737 neg 0.3440773168187426 off 0.3062926270015203	false	1.0
unlogisch	neg 1.0		__DUMMY__ 0.3454045692845753 neg 0.33594686722993955 off 0.3186485634854852	false	1.0
leiden	neg 1.0	neg 1.0	neg 0.6560891146783162 __DUMMY__ 0.1729651503121029 off 0.17094573500958085	false	1.0
abschaffung	neg 1.0		__DUMMY__ 0.3460948814261037 neg 0.3424446336020245 off 0.3114604849718719	false	1.0
sturz	neg 1.0		__DUMMY__ 0.3463045741844498 neg 0.34136802470956285 off 0.31232740110598733	false	1.0
verkleinerung	neg 1.0		__DUMMY__ 0.3443760453953978 neg 0.34176041759647546 off 0.3138635370081268	false	1.0
schmarotzer	off 1.0		__DUMMY__ 0.34688688429606623 neg 0.34562376403369827 off 0.30748935167023544	false	0.5
bestrafung	neg 1.0		__DUMMY__ 0.34766033787635253 neg 0.33992717226486174 off 0.3124124898587858	false	1.0
achtlos	neg 1.0		__DUMMY__ 0.34907591191490367 neg 0.33982043157746755 off 0.31110365650762883	false	1.0
ungeheuer	neg 1.0		__DUMMY__ 0.347643719758748 neg 0.33871141569753654 off 0.3136448645437153	false	1.0
unaufrichtig	neg 1.0		__DUMMY__ 0.34600326285615285 neg 0.34007317435243767 off 0.31392356279140937	false	1.0
groggy	neg 1.0		__DUMMY__ 0.34695170155086247 neg 0.3382371943082976 off 0.31481110414083985	false	1.0
verletzlich	neg 1.0		__DUMMY__ 0.3468723197720349 neg 0.33573650608278277 off 0.31739117414518236	false	1.0
ablehnen	neg 1.0		__DUMMY__ 0.3471914285075493 neg 0.344618939795037 off 0.30818963169741365	false	1.0
kollaps	neg 1.0		__DUMMY__ 0.34679231958887163 neg 0.341805986775934 off 0.3114016936351944	false	1.0
