unsolidarisch	neg 1.0		neg 0.3456680180003377 __DUMMY__ 0.3443232667365031 off 0.3100087152631593	false	1.0
nachteilig	neg 1.0		__DUMMY__ 0.34795736911921693 neg 0.34380410864380145 off 0.3082385222369816	false	1.0
skeptisch	neg 1.0		__DUMMY__ 0.349136699418007 neg 0.34511680966666486 off 0.3057464909153282	false	1.0
schrecklich	neg 1.0		__DUMMY__ 0.34621723425860873 neg 0.33384327352449955 off 0.3199394922168916	false	1.0
schlapp	neg 1.0		__DUMMY__ 0.3487287062044588 neg 0.3347705840435733 off 0.316500709751968	false	1.0
abfall	neg 1.0		__DUMMY__ 0.34982280479506783 neg 0.34586376141314934 off 0.3043134337917828	false	1.0
widerspenstig	neg 1.0		__DUMMY__ 0.34988168658360547 neg 0.33820108275962757 off 0.31191723065676696	false	1.0
abrupt	neg 1.0		__DUMMY__ 0.35083093386416514 neg 0.33817700262287576 off 0.31099206351295916	false	1.0
unwirksam	neg 1.0		neg 0.3450574151965871 __DUMMY__ 0.344659007986139 off 0.3102835768172739	false	1.0
angreifen	neg 1.0		__DUMMY__ 0.34823591882112304 neg 0.34494632869883896 off 0.3068177524800381	false	1.0
inkonsistent	neg 1.0		__DUMMY__ 0.3474670256590127 neg 0.3387543720760738 off 0.3137786022649135	false	1.0
abrutschen	neg 1.0		__DUMMY__ 0.350191026651835 neg 0.34517959198397363 off 0.3046293813641914	false	1.0
unsicher	neg 1.0		__DUMMY__ 0.3486711618006809 neg 0.3400240691942572 off 0.31130476900506193	false	1.0
bauernkind	off 1.0		__DUMMY__ 0.34352813819621647 neg 0.33400917689031223 off 0.32246268491347124	false	0.5
angreifer	neg 1.0		__DUMMY__ 0.3461369119369066 neg 0.3398453503629849 off 0.31401773770010843	false	1.0
trennen	neg 1.0		__DUMMY__ 0.35094467030639437 neg 0.3415127330828091 off 0.3075425966107965	false	1.0
schmutz	neg 1.0		__DUMMY__ 0.3499839004495865 neg 0.3316568005880678 off 0.3183592989623458	false	1.0
inkonsistenz	neg 1.0	neg 1.0	neg 0.6580424871997556 off 0.1734522300061166 __DUMMY__ 0.16850528279412785	false	1.0
erschreckend	neg 1.0		__DUMMY__ 0.3479083089257169 neg 0.3425151681724392 off 0.3095765229018439	false	1.0
ertrinken	neg 1.0		__DUMMY__ 0.3501246379744597 neg 0.34132668693715873 off 0.30854867508838146	false	1.0
pickelface	off 1.0		__DUMMY__ 0.3467000099832446 neg 0.34167211671549796 off 0.31162787330125746	false	0.5
seiner			__DUMMY__ 0.34883699941972307 neg 0.34425801870671574 off 0.3069049818735613	false	0.0
lauch	neg 1.0		__DUMMY__ 0.3495652033651905 neg 0.3445869172005251 off 0.30584787943428454	false	1.0
unwichtig	neg 1.0		__DUMMY__ 0.34711952090521536 neg 0.3372175172821494 off 0.31566296181263537	false	1.0
steuerhinterziehung	neg 1.0		__DUMMY__ 0.3456101983776265 neg 0.3451365736211571 off 0.3092532280012165	false	1.0
schock	neg 1.0		__DUMMY__ 0.35056766132969913 neg 0.3387590735955635 off 0.3106732650747374	false	1.0
beule	neg 1.0		__DUMMY__ 0.3481083288846876 neg 0.3342382507084504 off 0.31765342040686195	false	1.0
vergelten	neg 1.0		__DUMMY__ 0.34484506459450665 neg 0.3340696101194318 off 0.3210853252860615	false	1.0
verdorbenheit	neg 1.0		__DUMMY__ 0.3488598427384019 neg 0.33800680871978966 off 0.31313334854180835	false	1.0
trauma	neg 1.0		__DUMMY__ 0.3477721864965479 neg 0.3390991453005131 off 0.313128668202939	false	1.0
sinnlos	neg 1.0		__DUMMY__ 0.3478501507932029 neg 0.33876040471235674 off 0.3133894444944403	false	1.0
fettsack	off 1.0	off 1.0	off 0.6478037444335597 neg 0.18462670646616663 __DUMMY__ 0.16756954910027366	false	1.0
feige	off 1.0		__DUMMY__ 0.34620270026162764 neg 0.33904129248986886 off 0.3147560072485035	false	0.5
abdanken	neg 1.0		neg 0.346889184556921 __DUMMY__ 0.3444047318343931 off 0.30870608360868584	false	1.0
wichtigtuer	off 1.0	off 1.0	off 0.6426195264744979 neg 0.18874637361178936 __DUMMY__ 0.1686340999137127	false	1.0
misslingen	neg 1.0		__DUMMY__ 0.35017586769077846 neg 0.3348295414030047 off 0.3149945909062169	false	1.0
untreu	off 1.0		__DUMMY__ 0.3470795180342823 neg 0.3364176459701641 off 0.3165028359955535	false	0.5
missmutig	neg 1.0		__DUMMY__ 0.34859403536780553 neg 0.33564728141732786 off 0.3157586832148665	false	1.0
hurenbock	off 1.0		__DUMMY__ 0.34991537001786926 neg 0.33594023569865933 off 0.31414439428347135	false	0.5
betrunken	neg 1.0		__DUMMY__ 0.3476792082133644 neg 0.33379964211465485 off 0.3185211496719808	false	1.0
korrupt	off 1.0		neg 0.34655665810820624 __DUMMY__ 0.34569444381531983 off 0.30774889807647404	false	0.5
unmut	neg 1.0		__DUMMY__ 0.34886336595317846 neg 0.3464943521565196 off 0.30464228189030196	false	1.0
hackfresse	off 1.0		__DUMMY__ 0.345251525820569 neg 0.33143994376050606 off 0.3233085304189249	false	0.5
aufblasen	neg 1.0		__DUMMY__ 0.3493249783373435 neg 0.3373625831250917 off 0.31331243853756463	false	1.0
gewaltsam	neg 1.0		__DUMMY__ 0.346259330449778 neg 0.34196883711392423 off 0.31177183243629775	false	1.0
unbeliebtheit	neg 1.0		__DUMMY__ 0.34346602535371745 neg 0.3398725920856213 off 0.3166613825606613	false	1.0
sturheit	neg 1.0		__DUMMY__ 0.3472785280881924 neg 0.3431484206406718 off 0.3095730512711359	false	1.0
kuh	neg 1.0		__DUMMY__ 0.347057998599581 neg 0.3401341237126455 off 0.31280787768777346	false	1.0
erschrecken	neg 1.0		__DUMMY__ 0.34809060007006853 neg 0.33685185079204993 off 0.31505754913788153	false	1.0
opfer	neg 1.0		__DUMMY__ 0.34859842245353806 neg 0.3437787773454352 off 0.3076228002010268	false	1.0
sinken	neg 1.0		__DUMMY__ 0.34891656727775516 neg 0.3455811533166853 off 0.3055022794055595	false	1.0
stinktier	neg 1.0		__DUMMY__ 0.3449880907335915 neg 0.33515963779005176 off 0.31985227147635686	false	1.0
tucke	off 1.0		__DUMMY__ 0.34595450411344225 neg 0.3295874251591491 off 0.3244580707274086	false	0.5
ein			__DUMMY__ 0.3499906807595738 neg 0.3372378508187552 off 0.31277146842167086	false	0.0
abstieg	neg 1.0		__DUMMY__ 0.3471642730788462 neg 0.34388235949145235 off 0.3089533674297014	false	1.0
missverstehen	neg 1.0		__DUMMY__ 0.3464414482098181 neg 0.34109680523076685 off 0.312461746559415	false	1.0
ergebnislos	neg 1.0		__DUMMY__ 0.3475536376683215 neg 0.3438722155050288 off 0.30857414682664974	false	1.0
unter			__DUMMY__ 0.3528138119910105 neg 0.34521915632173494 off 0.30196703168725475	false	0.0
manipulieren	neg 1.0		__DUMMY__ 0.3490844536116617 neg 0.3436252836195421 off 0.30729026276879634	false	1.0
unbewiesen	neg 1.0		neg 0.3460381689767462 __DUMMY__ 0.3442301035471483 off 0.3097317274761055	false	1.0
verschleppen	neg 1.0		__DUMMY__ 0.3479375983739684 neg 0.34330648200537606 off 0.30875591962065546	false	1.0
weib	off 1.0		__DUMMY__ 0.34473110108246635 neg 0.33070277792647246 off 0.3245661209910613	false	0.5
opposition	neg 1.0		__DUMMY__ 0.34558338594441756 neg 0.3421588994318428 off 0.3122577146237396	false	1.0
verkehrswidrig	neg 1.0		__DUMMY__ 0.3475245284705116 neg 0.32972335281136056 off 0.32275211871812776	false	1.0
inkorrekt	neg 1.0		__DUMMY__ 0.3443756534437196 neg 0.34005869543694855 off 0.31556565111933177	false	1.0
vermeiden	neg 1.0		__DUMMY__ 0.3515302019058127 neg 0.34439954108565307 off 0.30407025700853424	false	1.0
abweichung	neg 1.0		neg 0.34666625795936623 __DUMMY__ 0.3457616825921517 off 0.3075720594484821	false	1.0
alkoholisiert	neg 1.0		__DUMMY__ 0.3507122672646487 neg 0.3385631666915301 off 0.31072456604382115	false	1.0
scheiss	off 1.0	off 1.0	off 0.6458022078705155 neg 0.18507712623224631 __DUMMY__ 0.16912066589723823	false	1.0
herausforderung	neg 1.0		__DUMMY__ 0.3509475627082088 neg 0.3389786983011085 off 0.31007373899068263	false	1.0
pervers	off 1.0		__DUMMY__ 0.3437816355491981 neg 0.32920295510099606 off 0.32701540934980583	false	0.5
wackelig	neg 1.0		__DUMMY__ 0.35133252880200055 neg 0.33834580737344805 off 0.31032166382455134	false	1.0
verwickeln	neg 1.0		__DUMMY__ 0.3470957492470169 neg 0.34038808018262695 off 0.3125161705703561	false	1.0
vorwand	neg 1.0		__DUMMY__ 0.3482538049638601 neg 0.34653162552316663 off 0.3052145695129733	false	1.0
muschi	off 1.0		__DUMMY__ 0.34672369968894184 neg 0.34215747648055966 off 0.31111882383049855	false	0.5
entmutigung	neg 1.0		neg 0.34433522845006 __DUMMY__ 0.3435433845502111 off 0.3121213869997289	false	1.0
unangemessen	neg 1.0		__DUMMY__ 0.3466601019950418 neg 0.3455310888292081 off 0.30780880917575026	false	1.0
unstetig	neg 1.0		__DUMMY__ 0.3470059690951696 neg 0.33776942442046387 off 0.31522460648436645	false	1.0
entmutigen	neg 1.0		__DUMMY__ 0.34884634911585993 neg 0.3382634597698458 off 0.3128901911142944	false	1.0
schwanz	neg 1.0		__DUMMY__ 0.34798482051299046 neg 0.34272783300749193 off 0.30928734647951756	false	1.0
verbot	neg 1.0		neg 0.34597935864135626 __DUMMY__ 0.34571080720739206 off 0.3083098341512516	false	1.0
leid	neg 1.0		__DUMMY__ 0.34581940888273366 neg 0.3326332703285418 off 0.32154732078872456	false	1.0
archaisch	neg 1.0		__DUMMY__ 0.34736674371087356 neg 0.34374475484329653 off 0.30888850144582974	false	1.0
gegen			neg 0.3475791041021993 __DUMMY__ 0.3473241261387705 off 0.3050967697590303	false	0.0
scheidung	neg 1.0	neg 1.0	neg 0.6461546173549215 off 0.18607820962247862 __DUMMY__ 0.1677671730225999	false	1.0
einschlag	neg 1.0		__DUMMY__ 0.34476524105967066 neg 0.3350532504919615 off 0.32018150844836785	false	1.0
m			__DUMMY__ 0.34940621578911063 neg 0.3399549677505211 off 0.3106388164603683	false	0.0
abgestanden	neg 1.0		__DUMMY__ 0.3496520057463323 neg 0.3379824127477312 off 0.31236558150593663	false	1.0
schmierig	off 1.0		__DUMMY__ 0.346700951985818 neg 0.33249257432534934 off 0.3208064736888327	false	0.5
unpraktisch	neg 1.0		__DUMMY__ 0.3495150575356661 neg 0.3371210805842911 off 0.3133638618800429	false	1.0
wixxer	off 1.0		__DUMMY__ 0.3432477394202531 neg 0.32976456802481835 off 0.3269876925549284	false	0.5
bezeichnet			__DUMMY__ 0.3469041283224635 neg 0.34336061098423004 off 0.3097352606933064	false	0.0
jammerlappen	off 1.0		__DUMMY__ 0.3471959569496748 neg 0.3371642237344995 off 0.3156398193158257	false	0.5
farce	neg 1.0		neg 0.3472147815890094 __DUMMY__ 0.34454482255819374 off 0.3082403958527969	false	1.0
zwecklos	neg 1.0		__DUMMY__ 0.347375982806418 neg 0.34478914739400873 off 0.30783486979957314	false	1.0
turbulent	neg 1.0		__DUMMY__ 0.3456482776174591 neg 0.3349554453117505 off 0.31939627707079055	false	1.0
invasion	neg 1.0		__DUMMY__ 0.3483238880361836 neg 0.33664294353550145 off 0.3150331684283149	false	1.0
schuld	neg 1.0		__DUMMY__ 0.34749619553211736 neg 0.34081629577676475 off 0.3116875086911179	false	1.0
risiko	neg 1.0		__DUMMY__ 0.3492412293817879 neg 0.3349042143761083 off 0.31585455624210373	false	1.0
finster	neg 1.0		__DUMMY__ 0.3495218679598598 neg 0.33806661987564984 off 0.3124115121644905	false	1.0
geisteskrank	off 1.0		__DUMMY__ 0.3451194375242046 neg 0.3384787174476252 off 0.31640184502817026	false	0.5
zusammenbrechen	neg 1.0		__DUMMY__ 0.3492998289097842 neg 0.34051707649010005 off 0.3101830946001156	false	1.0
ausbeute	neg 1.0		__DUMMY__ 0.35008440296079424 neg 0.340514066985694 off 0.3094015300535117	false	1.0
hinterhalt	neg 1.0		__DUMMY__ 0.3481169526485657 neg 0.3390713848785737 off 0.3128116624728605	false	1.0
kritik	neg 1.0		neg 0.34593023708368176 __DUMMY__ 0.34535851449508276 off 0.3087112484212355	false	1.0
einschrumpfen	neg 1.0		__DUMMY__ 0.3453188341728715 neg 0.3402242172274531 off 0.3144569485996755	false	1.0
riskant	neg 1.0		__DUMMY__ 0.3487966050346427 neg 0.3439056376814237 off 0.30729775728393366	false	1.0
frustrieren	neg 1.0		__DUMMY__ 0.34857323752489655 neg 0.34426322013623095 off 0.30716354233887255	false	1.0
groll	neg 1.0		__DUMMY__ 0.34777904458258124 neg 0.34385337542829003 off 0.3083675799891289	false	1.0
gibt			__DUMMY__ 0.34853097875879574 neg 0.34219568577698894 off 0.30927333546421537	false	0.0
qualvoll	neg 1.0		__DUMMY__ 0.3487941682730606 neg 0.3369422129626091 off 0.3142636187643303	false	1.0
wackeln	neg 1.0		__DUMMY__ 0.3499461544729345 neg 0.3370950797943109 off 0.31295876573275455	false	1.0
klagen	neg 1.0		__DUMMY__ 0.3478063508219473 neg 0.347343240924684 off 0.30485040825336873	false	1.0
bankrott	neg 1.0		__DUMMY__ 0.3478706594296995 neg 0.3355821031299888 off 0.31654723744031155	false	1.0
trauern	neg 1.0		__DUMMY__ 0.34887826128740346 neg 0.3434308666129675 off 0.307690872099629	false	1.0
ablehnung	neg 1.0	neg 1.0	neg 0.6610988050798557 off 0.17062672566123224 __DUMMY__ 0.16827446925891193	false	1.0
stur	neg 1.0		__DUMMY__ 0.34762276883750487 neg 0.3401814414735785 off 0.3121957896889167	false	1.0
aufruhr	neg 1.0		__DUMMY__ 0.34601839949004926 neg 0.3429265391372072 off 0.3110550613727436	false	1.0
melancholie	neg 1.0		__DUMMY__ 0.3506857462651863 neg 0.339183670022483 off 0.3101305837123307	false	1.0
ist			__DUMMY__ 0.34773767011716616 neg 0.3397321226404905 off 0.3125302072423433	false	0.0
torheit	neg 1.0		__DUMMY__ 0.3448802096170204 neg 0.34414466498936547 off 0.31097512539361416	false	1.0
dreckskind	off 1.0		__DUMMY__ 0.3433185809870015 neg 0.3355081966825835 off 0.321173222330415	false	0.5
umtauschen	neg 1.0		__DUMMY__ 0.34958340164768875 neg 0.33878082592275094 off 0.31163577242956025	false	1.0
zum			__DUMMY__ 0.35225934385928226 neg 0.3428655805524304 off 0.30487507558828747	false	0.0
zersetzen	neg 1.0		__DUMMY__ 0.34845289769928794 neg 0.345371609552355 off 0.30617549274835704	false	1.0
zur			__DUMMY__ 0.34924760030337126 neg 0.34781433412031615 off 0.30293806557631264	false	0.0
frust	neg 1.0		__DUMMY__ 0.34884246902111926 neg 0.34156573237766935 off 0.3095917986012114	false	1.0
unerbittlichkeit	neg 1.0		__DUMMY__ 0.3482874597586539 neg 0.3445908327516132 off 0.30712170748973294	false	1.0
zwei			__DUMMY__ 0.3513897924820945 neg 0.34229682616869617 off 0.30631338134920927	false	0.0
unkorrekt	neg 1.0		__DUMMY__ 0.3444935133512759 neg 0.33908381237754914 off 0.31642267427117493	false	1.0
hexe	off 1.0		__DUMMY__ 0.34750730151205356 neg 0.33570001554256085 off 0.3167926829453857	false	0.5
lasch	neg 1.0		__DUMMY__ 0.3464397413965848 neg 0.33969428847816113 off 0.31386597012525413	false	1.0
rivale	neg 1.0		__DUMMY__ 0.3453050871705821 neg 0.33470834623009216 off 0.3199865665993257	false	1.0
mutlos	off 1.0	off 1.0	off 0.6399406247066909 neg 0.19092221975277127 __DUMMY__ 0.16913715554053776	false	1.0
wirr	off 1.0		__DUMMY__ 0.34498189114928707 neg 0.336403969940042 off 0.3186141389106709	false	0.5
jahr			__DUMMY__ 0.35059978872743636 neg 0.3409744917571575 off 0.3084257195154061	false	0.0
wird			__DUMMY__ 0.34873438195429396 neg 0.34332714342910997 off 0.30793847461659624	false	0.0
strafbar	neg 1.0		neg 0.34697645610031225 __DUMMY__ 0.3466448219856288 off 0.30637872191405896	false	1.0
erosion	neg 1.0		__DUMMY__ 0.3489487992481431 neg 0.33746176648989684 off 0.31358943426196006	false	1.0
eingehen	neg 1.0		__DUMMY__ 0.3478887733416556 neg 0.344320464425343 off 0.30779076223300145	false	1.0
faul	off 1.0		__DUMMY__ 0.3487206489290496 neg 0.3350304338522383 off 0.3162489172187121	false	0.5
provisorium	neg 1.0		__DUMMY__ 0.3521983465983817 neg 0.34672016473684564 off 0.3010814886647728	false	1.0
schmerzen	neg 1.0		__DUMMY__ 0.3494999464508176 neg 0.3397516266394383 off 0.3107484269097442	false	1.0
schrumpfen	neg 1.0		__DUMMY__ 0.3501798547090492 neg 0.3466189489595754 off 0.30320119633137527	false	1.0
geistlos	off 1.0		__DUMMY__ 0.3445284320992469 neg 0.3429604583020305 off 0.31251110959872264	false	0.5
fehlkauf	neg 1.0		__DUMMY__ 0.3467784163688163 neg 0.3393060147054668 off 0.31391556892571704	false	1.0
frustrierend	neg 1.0		__DUMMY__ 0.34780127332536137 neg 0.3374100241798877 off 0.31478870249475094	false	1.0
unzufrieden	neg 1.0		__DUMMY__ 0.3481064662326904 neg 0.3435692483997279 off 0.3083242853675816	false	1.0
verzweifeln	neg 1.0		__DUMMY__ 0.34884298122414015 neg 0.340389554828572 off 0.3107674639472877	false	1.0
verzweifelt	neg 1.0		__DUMMY__ 0.34775409156760145 neg 0.3400893911806432 off 0.31215651725175536	false	1.0
misstrauensantrag	neg 1.0		__DUMMY__ 0.3457764776016684 neg 0.34102776103335225 off 0.31319576136497934	false	1.0
abfallen	neg 1.0		__DUMMY__ 0.35063388893868863 neg 0.3357652893569616 off 0.31360082170434983	false	1.0
fucker	off 1.0		__DUMMY__ 0.34559827325500897 neg 0.33569479664194407 off 0.318706930103047	false	0.5
ungezogen	neg 1.0		__DUMMY__ 0.34516095369963856 neg 0.3297991619146323 off 0.325039884385729	false	1.0
irrsinnig	neg 1.0	neg 1.0	neg 0.6588872538124098 off 0.17207306463682304 __DUMMY__ 0.1690396815507671	false	1.0
unfassbar	neg 1.0		__DUMMY__ 0.34728621304398016 neg 0.3363949728851122 off 0.31631881407090773	false	1.0
hart	neg 1.0		__DUMMY__ 0.3463611314838782 neg 0.3374131469783378 off 0.3162257215377838	false	1.0
widerlich	off 1.0		__DUMMY__ 0.3460845687737072 neg 0.3373529351425493 off 0.31656249608374365	false	0.5
fatal	neg 1.0		__DUMMY__ 0.3470935774489075 neg 0.3389440002292955 off 0.3139624223217971	false	1.0
bruch	neg 1.0		neg 0.34875633627039127 __DUMMY__ 0.34724607478109043 off 0.30399758894851836	false	1.0
aushungern	neg 1.0		__DUMMY__ 0.34580880734853187 neg 0.343702071794474 off 0.31048912085699415	false	1.0
anspannung	neg 1.0		__DUMMY__ 0.35122131187452216 neg 0.34334397271090583 off 0.30543471541457196	false	1.0
von			__DUMMY__ 0.3499330988418602 neg 0.34323388061203863 off 0.3068330205461011	false	0.0
kraftlos	neg 1.0		__DUMMY__ 0.3509792353657308 neg 0.33925184610471676 off 0.30976891852955246	false	1.0
vom			__DUMMY__ 0.3520118531257946 neg 0.34585011072849725 off 0.302138036145708	false	0.0
grenzdebil	off 1.0		__DUMMY__ 0.34735008322156835 neg 0.3350872708385335 off 0.317562645939898	false	0.5
vor			__DUMMY__ 0.35010030056405417 neg 0.3440883526006242 off 0.3058113468353216	false	0.0
unterwerfen	neg 1.0		__DUMMY__ 0.3480426798955492 neg 0.34437243050771543 off 0.30758488959673547	false	1.0
versenkung	neg 1.0		__DUMMY__ 0.3484238687244469 neg 0.3444519952403625 off 0.3071241360351905	false	1.0
entziehen	neg 1.0		__DUMMY__ 0.3484992049025134 neg 0.3467618354214972 off 0.3047389596759894	false	1.0
finanzkrise	neg 1.0		__DUMMY__ 0.3457142102311594 neg 0.3442230612209476 off 0.31006272854789296	false	1.0
schimpfend	neg 1.0		__DUMMY__ 0.3511158244427757 neg 0.33404509548017375 off 0.3148390800770507	false	1.0
profan	neg 1.0		__DUMMY__ 0.34790101295578596 neg 0.33870309068911 off 0.313395896355104	false	1.0
korruption	neg 1.0		neg 0.34632205189787624 __DUMMY__ 0.34577148711586014 off 0.3079064609862635	false	1.0
â			__DUMMY__ 0.34919482316176514 neg 0.3413214806695299 off 0.30948369616870497	false	0.0
schmutzig	neg 1.0		__DUMMY__ 0.3487749816844026 neg 0.3333608581346262 off 0.3178641601809713	false	1.0
sexy	neg 1.0		__DUMMY__ 0.34752658262358443 neg 0.33674821232146496 off 0.31572520505495055	false	1.0
abraten	neg 1.0		__DUMMY__ 0.3484671742341845 neg 0.3388282575382729 off 0.31270456822754256	false	1.0
schwarz	neg 1.0		__DUMMY__ 0.34727514362148165 neg 0.33966075492050873 off 0.3130641014580096	false	1.0
fotze	off 1.0		__DUMMY__ 0.3472256629114244 neg 0.34341387084309266 off 0.30936046624548286	false	0.5
verwirren	neg 1.0		__DUMMY__ 0.34762014849464934 neg 0.3382639290793358 off 0.31411592242601477	false	1.0
zahnlos	off 1.0		__DUMMY__ 0.34700790711172386 neg 0.34502862388315636 off 0.30796346900511984	false	0.5
verheeren	neg 1.0		__DUMMY__ 0.3435707459764141 neg 0.3297419562239938 off 0.3266872977995922	false	1.0
hippie	neg 1.0		__DUMMY__ 0.3473226714422221 neg 0.33731682020104636 off 0.3153605083567316	false	1.0
rammen	neg 1.0		__DUMMY__ 0.3476771275751372 neg 0.3380531225616463 off 0.3142697498632165	false	1.0
unlauter	neg 1.0	neg 1.0	neg 0.658866800547734 off 0.17285284198533066 __DUMMY__ 0.16828035746693534	false	1.0
unheilvoll	neg 1.0		__DUMMY__ 0.3486000192160185 neg 0.3376695516823786 off 0.31373042910160287	false	1.0
niedrig	neg 1.0		__DUMMY__ 0.3476725999283501 neg 0.34422053061443936 off 0.30810686945721055	false	1.0
explosion	neg 1.0		__DUMMY__ 0.3479958234134245 neg 0.3368363014923105 off 0.31516787509426514	false	1.0
weichei	off 1.0		__DUMMY__ 0.34529873563936825 neg 0.33270735950225344 off 0.32199390485837837	false	0.5
minusmensch	off 1.0		__DUMMY__ 0.34168572497053956 neg 0.33321882183504486 off 0.32509545319441563	false	0.5
farblos	neg 1.0		__DUMMY__ 0.34808629391147394 neg 0.33917200358976657 off 0.3127417024987595	false	1.0
unwissend	neg 1.0		__DUMMY__ 0.34646452053577026 neg 0.33773109259910417 off 0.3158043868651255	false	1.0
traurig	neg 1.0		__DUMMY__ 0.34729222479663624 neg 0.3332193200387373 off 0.31948845516462626	false	1.0
senkung	neg 1.0		__DUMMY__ 0.34709983184505355 neg 0.33831146057937284 off 0.3145887075755736	false	1.0
ungleich	neg 1.0	neg 1.0	neg 0.6612164866453069 off 0.16956645907903278 __DUMMY__ 0.16921705427566053	false	1.0
heikel	neg 1.0		__DUMMY__ 0.34843364484339034 neg 0.34554522804340515 off 0.3060211271132046	false	1.0
drosselung	neg 1.0		__DUMMY__ 0.34715761181177957 neg 0.3330152425510152 off 0.31982714563720516	false	1.0
falsch	neg 1.0		__DUMMY__ 0.3472560265833755 neg 0.33771408128420116 off 0.31502989213242344	false	1.0
unzufriedenheit	neg 1.0		__DUMMY__ 0.3484887483867161 neg 0.3455475725146926 off 0.30596367909859135	false	1.0
kurz	neg 1.0		__DUMMY__ 0.35026292116142227 neg 0.33920227110836304 off 0.31053480773021475	false	1.0
unsinnig	neg 1.0		__DUMMY__ 0.347604196864111 neg 0.3438580808663214 off 0.30853772226956755	false	1.0
penner	off 1.0	off 1.0	off 0.6491236999306974 neg 0.18280573458731242 __DUMMY__ 0.1680705654819901	false	1.0
seicht	neg 1.0		__DUMMY__ 0.34360070530370873 neg 0.33259539559442763 off 0.32380389910186363	false	1.0
dummheit	off 1.0	off 1.0	off 0.6431362277485693 neg 0.18815985750904218 __DUMMY__ 0.1687039147423885	false	1.0
unerfreulich	neg 1.0		__DUMMY__ 0.3491973661403743 neg 0.3449711424943705 off 0.30583149136525517	false	1.0
motherfucker	off 1.0	off 1.0	off 0.6462797323662958 neg 0.18546721484310671 __DUMMY__ 0.16825305279059755	false	1.0
pikiert	neg 1.0		__DUMMY__ 0.34651808198565737 neg 0.3380480267387733 off 0.3154338912755693	false	1.0
wrack	neg 1.0		__DUMMY__ 0.3484851719143147 neg 0.342324824571999 off 0.3091900035136863	false	1.0
gangster	neg 1.0		__DUMMY__ 0.3474569553906329 neg 0.3380030489747721 off 0.31453999563459495	false	1.0
krank	neg 1.0		__DUMMY__ 0.3482718170399872 neg 0.33373254897140675 off 0.31799563398860603	false	1.0
reich	neg 1.0		__DUMMY__ 0.3437035636500668 neg 0.34092185007516296 off 0.3153745862747702	false	1.0
gnadenlos	neg 1.0		__DUMMY__ 0.3475784945212665 neg 0.34057054459016245 off 0.31185096088857095	false	1.0
niedergeschlagen	neg 1.0		__DUMMY__ 0.34920363937763155 neg 0.3405735650951046 off 0.3102227955272638	false	1.0
terrorisieren	off 1.0	off 1.0	off 0.6400716891069693 neg 0.19006176059356458 __DUMMY__ 0.16986655029946604	false	1.0
sinnlosigkeit	neg 1.0		__DUMMY__ 0.3475497368909237 neg 0.34404455511420473 off 0.3084057079948716	false	1.0
behindern	neg 1.0		__DUMMY__ 0.3491141018201498 neg 0.3391306588378525 off 0.31175523934199784	false	1.0
undemokratisch	neg 1.0		__DUMMY__ 0.3451368136221623 neg 0.343413185220994 off 0.31145000115684385	false	1.0
wirtschaftskrise	neg 1.0		__DUMMY__ 0.3468485942028215 neg 0.34460147283006526 off 0.3085499329671134	false	1.0
neid	neg 1.0		__DUMMY__ 0.3490575692575119 neg 0.33523710636399057 off 0.3157053243784976	false	1.0
rutschen	neg 1.0		__DUMMY__ 0.3532878203558349 neg 0.34087687256725335 off 0.30583530707691176	false	1.0
rezession	neg 1.0		__DUMMY__ 0.3441908385035005 neg 0.3356669631042451 off 0.32014219839225433	false	1.0
fehlgeburt	neg 1.0		__DUMMY__ 0.3484790431314047 neg 0.33902484942367483 off 0.3124961074449204	false	1.0
charakterschwach	off 1.0		__DUMMY__ 0.3461137997795147 neg 0.3374891696127992 off 0.3163970306076862	false	0.5
isolation	neg 1.0		__DUMMY__ 0.3470696559563573 neg 0.33643572694040763 off 0.31649461710323507	false	1.0
ablenkung	neg 1.0		__DUMMY__ 0.3489091173514947 neg 0.3392126096079432 off 0.31187827304056204	false	1.0
pech	neg 1.0		__DUMMY__ 0.34799706043536544 neg 0.33741105890978795 off 0.3145918806548465	false	1.0
vermeidung	neg 1.0		__DUMMY__ 0.3479561700170039 neg 0.3330578836399886 off 0.31898594634300736	false	1.0
dominieren	neg 1.0		__DUMMY__ 0.34715296492673664 neg 0.34360201589007666 off 0.3092450191831867	false	1.0
schwindlig	neg 1.0		__DUMMY__ 0.34919407909257977 neg 0.3359416979672686 off 0.3148642229401518	false	1.0
lutscher	neg 1.0		__DUMMY__ 0.34367187628526213 neg 0.3315483031550404 off 0.3247798205596974	false	1.0
pflicht	neg 1.0		__DUMMY__ 0.3483309472070716 neg 0.3458710948461935 off 0.305797957946735	false	1.0
faschist	off 1.0		__DUMMY__ 0.3452801536725544 neg 0.3419938388237629 off 0.31272600750368273	false	0.5
verschleudern	neg 1.0		__DUMMY__ 0.34663813987478653 neg 0.34574778538896833 off 0.30761407473624514	false	1.0
wenn			__DUMMY__ 0.34733430377712676 neg 0.33764182480725907 off 0.3150238714156141	false	0.0
ehebruch	neg 1.0		__DUMMY__ 0.3475054909823066 neg 0.34475321562247835 off 0.30774129339521505	false	1.0
spott	off 1.0		__DUMMY__ 0.34769688721368597 neg 0.3451665869478873 off 0.3071365258384268	false	0.5
trostlosigkeit	neg 1.0		neg 0.3480440209940331 __DUMMY__ 0.3467370116316135 off 0.30521896737435344	false	1.0
lutschen	neg 1.0		__DUMMY__ 0.3457152733986696 neg 0.33903054661677223 off 0.3152541799845582	false	1.0
undiszipliniert	neg 1.0		__DUMMY__ 0.3467746521759524 neg 0.3347400590456581 off 0.3184852887783895	false	1.0
kopfschmerz	neg 1.0		__DUMMY__ 0.34906779770941126 neg 0.3396442811974425 off 0.31128792109314624	false	1.0
unvorhergesehen	neg 1.0		__DUMMY__ 0.35072269568656017 neg 0.3386850829580202 off 0.3105922213554196	false	1.0
desinteressiert	neg 1.0		__DUMMY__ 0.34619767501422927 neg 0.3359686800756275 off 0.31783364491014326	false	1.0
armselig	off 1.0		__DUMMY__ 0.3455413937653715 neg 0.33589408213577593 off 0.3185645240988527	false	0.5
desaster	neg 1.0		neg 0.34965418135973003 __DUMMY__ 0.34696713770690124 off 0.30337868093336867	false	1.0
tod	neg 1.0		__DUMMY__ 0.3472812474774378 neg 0.34521973650859217 off 0.3074990160139699	false	1.0
herzlos	neg 1.0		__DUMMY__ 0.3470535226652881 neg 0.3327795721442279 off 0.320166905190484	false	1.0
unwissenheit	neg 1.0		__DUMMY__ 0.34738050531211745 neg 0.34424710443536666 off 0.3083723902525159	false	1.0
widersinnig	neg 1.0		neg 0.34678156701453966 __DUMMY__ 0.34497335606577895 off 0.3082450769196814	false	1.0
bedenklich	neg 1.0		__DUMMY__ 0.34816647536257356 neg 0.3448157814317949 off 0.3070177432056316	false	1.0
beanstanden	neg 1.0		__DUMMY__ 0.3482376744344111 neg 0.34647911495110617 off 0.30528321061448266	false	1.0
panisch	neg 1.0	neg 1.0	neg 0.6551490695281053 off 0.17393963935184356 __DUMMY__ 0.17091129112005118	false	1.0
debil	off 1.0		__DUMMY__ 0.3497426223728656 neg 0.34694286115456874 off 0.3033145164725656	false	0.5
abstrich	neg 1.0		__DUMMY__ 0.3505091703359885 neg 0.33628750355100173 off 0.3132033261130098	false	1.0
primitiv	neg 1.0		__DUMMY__ 0.34586127995360894 neg 0.33708144233793846 off 0.3170572777084525	false	1.0
abschaum	off 1.0	off 1.0	off 0.6444533533501765 neg 0.1871961269245544 __DUMMY__ 0.16835051972526904	false	1.0
provozieren	neg 1.0		__DUMMY__ 0.346942901234665 neg 0.3421479166538296 off 0.31090918211150537	false	1.0
tot	neg 1.0		__DUMMY__ 0.3477142023456041 neg 0.3420210049570687 off 0.3102647926973272	false	1.0
instabil	neg 1.0		__DUMMY__ 0.34404094998560636 neg 0.3369889202679021 off 0.31897012974649147	false	1.0
schwuchtel	off 1.0		__DUMMY__ 0.3413344901994578 neg 0.3293522402713015 off 0.3293132695292407	false	0.5
zerren	neg 1.0		__DUMMY__ 0.3489779602866817 neg 0.3411397556791209 off 0.30988228403419743	false	1.0
kinderficker	off 1.0		__DUMMY__ 0.3444294942059806 neg 0.33508415750993653 off 0.32048634828408296	false	0.5
gefahr	neg 1.0		__DUMMY__ 0.34727974601090433 neg 0.3455476616416124 off 0.3071725923474832	false	1.0
rabiat	neg 1.0		__DUMMY__ 0.34791066690588385 neg 0.3409879352130767 off 0.3111013978810395	false	1.0
verlangsamung	neg 1.0		__DUMMY__ 0.34398581032559267 neg 0.3322342638545411 off 0.3237799258198662	false	1.0
ausgestorben	neg 1.0		__DUMMY__ 0.3485702529981366 neg 0.34169529450185193 off 0.30973445250001164	false	1.0
anklagen	neg 1.0		__DUMMY__ 0.3471405865573566 neg 0.3423902111108556 off 0.3104692023317879	false	1.0
trott	neg 1.0		__DUMMY__ 0.3487008495617224 neg 0.3396131854147973 off 0.3116859650234802	false	1.0
verminderung	neg 1.0		__DUMMY__ 0.34635121514993755 neg 0.33476628418224813 off 0.31888250066781415	false	1.0
nach			__DUMMY__ 0.35227271126332615 neg 0.3426658357744507 off 0.3050614529622231	false	0.0
rost	neg 1.0		__DUMMY__ 0.3446421472340545 neg 0.3309068363160351 off 0.32445101644991026	false	1.0
destruktiv	neg 1.0		__DUMMY__ 0.3466909851380732 neg 0.3438168638752519 off 0.3094921509866749	false	1.0
unzumutbarkeit	neg 1.0		__DUMMY__ 0.3472707170977512 neg 0.33412251935198145 off 0.31860676355026735	false	1.0
labil	off 1.0	off 1.0	off 0.6451238866070219 neg 0.18646230810237596 __DUMMY__ 0.16841380529060215	false	1.0
ziemlich	neg 1.0		__DUMMY__ 0.34722736485061295 neg 0.33586715044052234 off 0.3169054847088647	false	1.0
lachnummer	off 1.0		__DUMMY__ 0.34661087767822224 neg 0.34398204806583693 off 0.3094070742559409	false	0.5
oder			__DUMMY__ 0.34911122227234404 neg 0.3392986579532282 off 0.3115901197744277	false	0.0
verfall	neg 1.0		__DUMMY__ 0.3492101054163479 neg 0.3481691650568308 off 0.30262072952682123	false	1.0
ausgrenzung	neg 1.0		__DUMMY__ 0.34541331215181814 neg 0.3421308220701046 off 0.31245586577807727	false	1.0
unordnung	neg 1.0		__DUMMY__ 0.3442699577340623 neg 0.3358774389102929 off 0.31985260335564475	false	1.0
fehlverhalten	neg 1.0		__DUMMY__ 0.34731549913919296 neg 0.3461959934580758 off 0.3064885074027313	false	1.0
eine			__DUMMY__ 0.34988560385917306 neg 0.34404207792569363 off 0.3060723182151333	false	0.0
nille	neg 1.0		__DUMMY__ 0.3462607915894174 neg 0.34318381095622197 off 0.3105553974543606	false	1.0
qual	neg 1.0		__DUMMY__ 0.34850037468196127 neg 0.3400242498769572 off 0.31147537544108167	false	1.0
verschwenden	neg 1.0		__DUMMY__ 0.348811315476726 neg 0.34360706009525 off 0.307581624428024	false	1.0
riesig	neg 1.0		__DUMMY__ 0.34939846077115183 neg 0.33923652830427087 off 0.3113650109245772	false	1.0
verurteilen	neg 1.0		__DUMMY__ 0.347034891308275 neg 0.3445568391843969 off 0.30840826950732797	false	1.0
klischee	neg 1.0	neg 1.0	neg 0.6582616056577183 off 0.17336899214970264 __DUMMY__ 0.16836940219257912	false	1.0
diktatorisch	neg 1.0		__DUMMY__ 0.3445195215638229 neg 0.3444513950004651 off 0.3110290834357119	false	1.0
vorhersehbar	neg 1.0		__DUMMY__ 0.34629454614332356 neg 0.3411639807822582 off 0.3125414730744183	false	1.0
sowie			__DUMMY__ 0.34402556653041794 neg 0.33395677219917386 off 0.32201766127040815	false	0.0
stornieren	neg 1.0		__DUMMY__ 0.34930267689592476 neg 0.3355114490604521 off 0.31518587404362325	false	1.0
besteuerung	neg 1.0		__DUMMY__ 0.3472787490139298 neg 0.34006473607653837 off 0.31265651490953167	false	1.0
ungeschminkt	neg 1.0		__DUMMY__ 0.34703378187527906 neg 0.3352796275247035 off 0.31768659060001736	false	1.0
kritisch	neg 1.0		__DUMMY__ 0.34740974335245434 neg 0.34566077111590926 off 0.30692948553163646	false	1.0
schlamperei	off 1.0		__DUMMY__ 0.3467706380255616 neg 0.34599802902673554 off 0.30723133294770294	false	0.5
sucht	neg 1.0	neg 1.0	neg 0.6545055872649991 off 0.1746141675379676 __DUMMY__ 0.1708802451970334	false	1.0
egoistisch	off 1.0		__DUMMY__ 0.3454746247114102 neg 0.33261010676073643 off 0.3219152685278534	false	0.5
ausbeuter	off 1.0		__DUMMY__ 0.34723453347942507 neg 0.34663232758943535 off 0.30613313893113964	false	0.5
arschgeburt	off 1.0		__DUMMY__ 0.3413037812782412 neg 0.32956035251907395 off 0.32913586620268476	false	0.5
schubs	neg 1.0	neg 1.0	neg 0.6579685602834655 off 0.1712112219356595 __DUMMY__ 0.17082021778087492	false	1.0
unsolide	neg 1.0		neg 0.34500724599413873 __DUMMY__ 0.34193884069036595 off 0.31305391331549526	false	1.0
beschwerde	neg 1.0		__DUMMY__ 0.3467767063637858 neg 0.3451127479444738 off 0.30811054569174035	false	1.0
stocken	neg 1.0		__DUMMY__ 0.348632901425766 neg 0.3426342539131241 off 0.30873284466111	false	1.0
isolieren	neg 1.0		__DUMMY__ 0.3496253840454594 neg 0.3387958902745005 off 0.31157872568004014	false	1.0
unheilbar	neg 1.0		__DUMMY__ 0.3484995748489269 neg 0.33905699633250497 off 0.3124434288185682	false	1.0
pisser	off 1.0		__DUMMY__ 0.34487980868620216 neg 0.3356053278659541 off 0.3195148634478438	false	0.5
löschen	neg 1.0		__DUMMY__ 0.3474942411770528 neg 0.34012906102704066 off 0.3123766977959065	false	1.0
durchfallen	neg 1.0		__DUMMY__ 0.34799516203041697 neg 0.34453190174467696 off 0.30747293622490623	false	1.0
wichser	off 1.0		__DUMMY__ 0.3439286617256206 neg 0.32986986658536327 off 0.32620147168901614	false	0.5
terror	neg 1.0		__DUMMY__ 0.348184811808719 neg 0.33616124348762655 off 0.3156539447036544	false	1.0
krass	neg 1.0		__DUMMY__ 0.3462695723327492 neg 0.3335666912655329 off 0.32016373640171786	false	1.0
revolte	neg 1.0	neg 1.0	neg 0.6598363988186123 off 0.17295187275763663 __DUMMY__ 0.167211728423751	false	1.0
besorgt	neg 1.0		__DUMMY__ 0.3502514123653345 neg 0.339179948184375 off 0.31056863945029056	false	1.0
nachlassen	neg 1.0		__DUMMY__ 0.34994752315441247 neg 0.3398112834097807 off 0.3102411934358068	false	1.0
alt	neg 1.0		__DUMMY__ 0.34989243688716426 neg 0.3421695174064793 off 0.3079380457063564	false	1.0
hundesohn	off 1.0		__DUMMY__ 0.34255041718850027 neg 0.3328408022510902 off 0.3246087805604097	false	0.5
als			__DUMMY__ 0.34911524199898203 neg 0.3418198794388736 off 0.3090648785621443	false	0.0
abschreckung	neg 1.0		__DUMMY__ 0.3479057698039572 neg 0.3466579947609395 off 0.3054362354351034	false	1.0
unqualifiziert	neg 1.0		__DUMMY__ 0.3462435415409416 neg 0.34089012701579563 off 0.31286633144326287	false	1.0
abgewichst	off 1.0		__DUMMY__ 0.3477919967256011 neg 0.3418406778289673 off 0.3103673254454315	false	0.5
schwer	neg 1.0		__DUMMY__ 0.34867736951123796 neg 0.3404500208848763 off 0.31087260960388574	false	1.0
bedeutungslosigkeit	neg 1.0		__DUMMY__ 0.34747511099655726 neg 0.34666382819220287 off 0.3058610608112399	false	1.0
kapitulation	neg 1.0		neg 0.34726815387127674 __DUMMY__ 0.3455184317567257 off 0.30721341437199756	false	1.0
unscharf	neg 1.0		__DUMMY__ 0.3478633595615043 neg 0.33749483170802363 off 0.314641808730472	false	1.0
schwinden	neg 1.0		__DUMMY__ 0.34939003437384475 neg 0.34301786173412735 off 0.30759210389202796	false	1.0
versklavung	neg 1.0		__DUMMY__ 0.34521887465936324 neg 0.3434900316475916 off 0.3112910936930453	false	1.0
schlecht	neg 1.0		__DUMMY__ 0.3474523241007956 neg 0.33514281939274043 off 0.3174048565064639	false	1.0
verhasst	neg 1.0		__DUMMY__ 0.34657708163833084 neg 0.34266744961959866 off 0.31075546874207044	false	1.0
beschweren	neg 1.0		__DUMMY__ 0.3481730745878608 neg 0.33887311076677606 off 0.31295381464536304	false	1.0
scheiden	neg 1.0		__DUMMY__ 0.348340406887501 neg 0.34092205503108836 off 0.31073753808141064	false	1.0
frustriert	neg 1.0		__DUMMY__ 0.3484346019708348 neg 0.3418765239997007 off 0.30968887402946454	false	1.0
schimmelig	neg 1.0		__DUMMY__ 0.34831724275115333 neg 0.3436206800848905 off 0.3080620771639563	false	1.0
fisch	neg 1.0		__DUMMY__ 0.3485827535645363 neg 0.3428261520878396 off 0.3085910943476241	false	1.0
schmuggel	neg 1.0		__DUMMY__ 0.3503161509447338 neg 0.3421370888452895 off 0.3075467602099766	false	1.0
auffallen	neg 1.0		__DUMMY__ 0.34775482220263937 neg 0.3389926989068757 off 0.313252478890485	false	1.0
konkurrenz	neg 1.0		__DUMMY__ 0.34904101944239085 neg 0.3453486993443303 off 0.30561028121327893	false	1.0
teufelskreis	neg 1.0		__DUMMY__ 0.34798829045596497 neg 0.34220109448619496 off 0.30981061505784013	false	1.0
aufschreien	neg 1.0		__DUMMY__ 0.34672257516093746 neg 0.34058684834589364 off 0.31269057649316906	false	1.0
schuldner	neg 1.0		__DUMMY__ 0.3473727705412615 neg 0.3455876001685506 off 0.30703962929018785	false	1.0
missgeburt	off 1.0	off 1.0	off 0.6479422639415819 neg 0.18501211619360472 __DUMMY__ 0.1670456198648133	false	1.0
arbeitslos	neg 1.0		__DUMMY__ 0.34743859756827133 neg 0.34431126689346286 off 0.30825013553826586	false	1.0
befallen	neg 1.0		__DUMMY__ 0.34689660767376895 neg 0.3443910025669146 off 0.3087123897593166	false	1.0
miesepetrig	off 1.0		__DUMMY__ 0.34852557579876575 neg 0.3336313376416037 off 0.3178430865596306	false	0.5
alarmieren	neg 1.0		__DUMMY__ 0.34574655514756164 neg 0.338510531039522 off 0.3157429138129165	false	1.0
ungeduscht	off 1.0		__DUMMY__ 0.34783963181818317 neg 0.3374844304341589 off 0.31467593774765806	false	0.5
knappheit	neg 1.0		__DUMMY__ 0.34752411863641613 neg 0.34359947864353707 off 0.3088764027200468	false	1.0
schlange	neg 1.0		__DUMMY__ 0.3491597498660546 neg 0.3375025715280073 off 0.31333767860593825	false	1.0
harsch	neg 1.0		__DUMMY__ 0.34696526438170583 neg 0.3289416962163729 off 0.3240930394019213	false	1.0
lang	neg 1.0		__DUMMY__ 0.34815765573739876 neg 0.3389474111313251 off 0.31289493313127614	false	1.0
ziellos	neg 1.0		__DUMMY__ 0.34891052292372476 neg 0.34257419212110163 off 0.30851528495517366	false	1.0
selbstverliebt	neg 1.0		__DUMMY__ 0.34194639079186046 neg 0.33165961992190013 off 0.3263939892862394	false	1.0
beseitigen	neg 1.0		__DUMMY__ 0.3484528400412877 neg 0.33890734162774283 off 0.3126398183309694	false	1.0
dumm	off 1.0		__DUMMY__ 0.34489587306800656 neg 0.33269249020290154 off 0.3224116367290918	false	0.5
arbeitsloser	neg 1.0		__DUMMY__ 0.34760760376260713 neg 0.34498048535192566 off 0.3074119108854672	false	1.0
blitzen	neg 1.0		__DUMMY__ 0.34733888994471496 neg 0.33735689929507323 off 0.3153042107602118	false	1.0
hilflos	neg 1.0		__DUMMY__ 0.3486413978943422 neg 0.34195270309995984 off 0.309405899005698	false	1.0
eklig	off 1.0		__DUMMY__ 0.34427768964726535 neg 0.332616549865876 off 0.32310576048685863	false	0.5
begriff			__DUMMY__ 0.3479394432823709 neg 0.3425615078347235 off 0.3094990488829057	false	0.0
hungersnot	neg 1.0		__DUMMY__ 0.3454648030925715 neg 0.34465420779739026 off 0.30988098911003825	false	1.0
ungesetzlich	neg 1.0		__DUMMY__ 0.34427198653514973 neg 0.3435525641529261 off 0.3121754493119243	false	1.0
verschwendung	neg 1.0		__DUMMY__ 0.34884985951420255 neg 0.3445324236754164 off 0.3066177168103809	false	1.0
schmerzvoll	neg 1.0		__DUMMY__ 0.3482779649476919 neg 0.3387010833909896 off 0.3130209516613184	false	1.0
vorzeitig	neg 1.0		__DUMMY__ 0.3467154347451491 neg 0.33652614189576574 off 0.3167584233590852	false	1.0
unvollkommenheit	neg 1.0		__DUMMY__ 0.3483135222144601 neg 0.3398200516140572 off 0.3118664261714827	false	1.0
intervenieren	neg 1.0		__DUMMY__ 0.3469384077647095 neg 0.34662175332589307 off 0.3064398389093974	false	1.0
banause	off 1.0		__DUMMY__ 0.3440881039817316 neg 0.33115451321538 off 0.3247573828028885	false	0.5
rebell	neg 1.0		__DUMMY__ 0.3496300561797368 neg 0.34407731681874254 off 0.3062926270015206	false	1.0
unlogisch	neg 1.0		__DUMMY__ 0.3454045692845752 neg 0.3359468672299392 off 0.31864856348548554	false	1.0
leiden	neg 1.0	neg 1.0	neg 0.656089114678316 __DUMMY__ 0.1729651503121031 off 0.170945735009581	false	1.0
abschaffung	neg 1.0		__DUMMY__ 0.3460948814261036 neg 0.3424446336020244 off 0.311460484971872	false	1.0
sturz	neg 1.0		__DUMMY__ 0.34630457418445015 neg 0.3413680247095626 off 0.3123274011059873	false	1.0
verkleinerung	neg 1.0		__DUMMY__ 0.3443760453953977 neg 0.34176041759647535 off 0.313863537008127	false	1.0
schmarotzer	off 1.0		__DUMMY__ 0.3468868842960656 neg 0.3456237640336987 off 0.3074893516702357	false	0.5
bestrafung	neg 1.0		__DUMMY__ 0.3476603378763529 neg 0.3399271722648615 off 0.3124124898587857	false	1.0
achtlos	neg 1.0		__DUMMY__ 0.3490759119149038 neg 0.3398204315774672 off 0.31110365650762906	false	1.0
ungeheuer	neg 1.0		__DUMMY__ 0.347643719758748 neg 0.338711415697537 off 0.31364486454371493	false	1.0
unaufrichtig	neg 1.0		__DUMMY__ 0.34600326285615296 neg 0.340073174352438 off 0.3139235627914091	false	1.0
groggy	neg 1.0		__DUMMY__ 0.34695170155086247 neg 0.33823719430829774 off 0.3148111041408399	false	1.0
verletzlich	neg 1.0		__DUMMY__ 0.3468723197720353 neg 0.3357365060827824 off 0.31739117414518225	false	1.0
ablehnen	neg 1.0		__DUMMY__ 0.34719142850754914 neg 0.344618939795037 off 0.3081896316974139	false	1.0
kollaps	neg 1.0		__DUMMY__ 0.34679231958887086 neg 0.3418059867759346 off 0.31140169363519443	false	1.0
