unsolidarisch	neg 1.0		__DUMMY__ 0.8938832527832437 neg 0.05726995656322598 off 0.048846790653530446	false	1.0
nachteilig	neg 1.0		__DUMMY__ 0.9005488369239611 neg 0.05387944958701003 off 0.0455717134890289	false	1.0
skeptisch	neg 1.0		__DUMMY__ 0.9025554135017769 neg 0.054189711019293346 off 0.043254875478929776	false	1.0
schrecklich	neg 1.0		__DUMMY__ 0.8972344093381424 off 0.05433840174200127 neg 0.048427188919856395	false	0.5
schlapp	neg 1.0		__DUMMY__ 0.901957151618186 off 0.050405928509029294 neg 0.04763691987278461	false	0.5
abfall	neg 1.0		__DUMMY__ 0.9037775249179657 neg 0.05432575434218724 off 0.04189672073984702	false	1.0
widerspenstig	neg 1.0		__DUMMY__ 0.9040404039511171 neg 0.04916566958140171 off 0.04679392646748123	false	1.0
abrupt	neg 1.0		__DUMMY__ 0.9059278047434098 neg 0.048333026648083754 off 0.045739168608506436	false	1.0
unwirksam	neg 1.0		__DUMMY__ 0.8945858134052923 neg 0.05700926086520723 off 0.048404925729500455	false	1.0
angreifen	neg 1.0		__DUMMY__ 0.9007768860125033 neg 0.05461254145027078 off 0.04461057253722599	false	1.0
inkonsistent	neg 1.0		__DUMMY__ 0.8999377706744626 neg 0.050819301464644515 off 0.049242927860892884	false	1.0
abrutschen	neg 1.0		__DUMMY__ 0.9043585143622788 neg 0.05369658990279268 off 0.04194489573492865	false	1.0
unsicher	neg 1.0		__DUMMY__ 0.9015443189684224 neg 0.05113594730501775 off 0.047319733726559794	false	1.0
bauernkind	off 1.0		__DUMMY__ 0.8928364443050167 off 0.05711456211678943 neg 0.05004899357819386	false	1.0
angreifer	neg 1.0		__DUMMY__ 0.8973925046901345 neg 0.05219398074261508 off 0.050413514567250316	false	1.0
trennen	neg 1.0		__DUMMY__ 0.9057354555165132 neg 0.05081061590361057 off 0.04345392857987621	false	1.0
schmutz	neg 1.0		__DUMMY__ 0.9046867152392627 off 0.05119046004952098 neg 0.04412282471121634	false	0.5
inkonsistenz	neg 1.0	neg 1.0	neg 0.5097942317387298 __DUMMY__ 0.45208581496600225 off 0.03811995329526795	false	1.0
erschreckend	neg 1.0		__DUMMY__ 0.9002088664467067 neg 0.053205708916186194 off 0.04658542463710709	false	1.0
ertrinken	neg 1.0		__DUMMY__ 0.9042751308072638 neg 0.051089228037056324 off 0.044635641155679834	false	1.0
pickelface	off 1.0		__DUMMY__ 0.8984081930906771 neg 0.05317319452537662 off 0.04841861238394629	false	0.5
seiner			__DUMMY__ 0.9019098901688928 neg 0.05385310502245641 off 0.0442370048086508	false	0.0
lauch	neg 1.0		__DUMMY__ 0.9036556644294387 neg 0.05354341695115745 off 0.042800918619403924	false	1.0
unwichtig	neg 1.0		__DUMMY__ 0.8988759854164786 off 0.0510748948073495 neg 0.05004911977617186	false	0.5
steuerhinterziehung	neg 1.0		__DUMMY__ 0.8964361495769085 neg 0.05607874447412765 off 0.047485105948963824	false	1.0
schock	neg 1.0		__DUMMY__ 0.9051787723985136 neg 0.049093595547452566 off 0.04572763205403388	false	1.0
beule	neg 1.0		__DUMMY__ 0.9010100356361781 off 0.05140616394028685 neg 0.047583800423535036	false	0.5
vergelten	neg 1.0		__DUMMY__ 0.8951548228217748 off 0.05594286220266786 neg 0.048902314975557304	false	0.5
verdorbenheit	neg 1.0		__DUMMY__ 0.9023353659374641 neg 0.04967326640057923 off 0.047991367661956656	false	1.0
trauma	neg 1.0		__DUMMY__ 0.9000341178032945 neg 0.05102052113959222 off 0.04894536105711332	false	1.0
sinnlos	neg 1.0		__DUMMY__ 0.9000951422192286 neg 0.050741458483273195 off 0.04916339929749815	false	1.0
fettsack	off 1.0	off 1.0	off 0.5125869789391967 __DUMMY__ 0.4498433735544094 neg 0.03756964750639394	false	1.0
feige	off 1.0		__DUMMY__ 0.8972569543852859 neg 0.051812922917755536 off 0.05093012269695857	false	0.5
abdanken	neg 1.0		__DUMMY__ 0.8941074919211439 neg 0.0579934337560387 off 0.047899074322817384	false	1.0
wichtigtuer	off 1.0	off 1.0	off 0.5072732230599768 __DUMMY__ 0.45224786191033806 neg 0.040478915029685016	false	1.0
misslingen	neg 1.0		__DUMMY__ 0.904945382185583 off 0.04876526608106315 neg 0.046289351733353946	false	0.5
untreu	off 1.0		__DUMMY__ 0.8987394244460751 off 0.05162629668546855 neg 0.04963427886845617	false	1.0
missmutig	neg 1.0		__DUMMY__ 0.9016095003953011 off 0.05021207428431878 neg 0.0481784253203802	false	0.5
hurenbock	off 1.0		__DUMMY__ 0.9046328328213018 off 0.04799949392243 neg 0.04736767325626809	false	1.0
betrunken	neg 1.0		__DUMMY__ 0.8999877058043605 off 0.05242928062191856 neg 0.04758301357372083	false	0.5
korrupt	off 1.0		__DUMMY__ 0.8964536837406227 neg 0.05700350859178763 off 0.046542807667589746	false	0.5
unmut	neg 1.0		__DUMMY__ 0.9021394831479977 neg 0.055137469476672765 off 0.04272304737532952	false	1.0
hackfresse	off 1.0		__DUMMY__ 0.8956277768216525 off 0.05707757990419568 neg 0.047294643274151844	false	1.0
aufblasen	neg 1.0		__DUMMY__ 0.9028354932571169 neg 0.04900037000564597 off 0.04816413673723721	false	1.0
gewaltsam	neg 1.0		__DUMMY__ 0.8976211048730657 neg 0.053608008885190045 off 0.0487708862417442	false	1.0
unbeliebtheit	neg 1.0		__DUMMY__ 0.8925644863070484 neg 0.05377765914345393 off 0.05365785454949761	false	1.0
sturheit	neg 1.0		__DUMMY__ 0.8992069455705544 neg 0.053800284640968504 off 0.04699276978847718	false	1.0
kuh	neg 1.0		__DUMMY__ 0.8994442242160898 neg 0.05211789252517709 off 0.04843788325873302	false	1.0
erschrecken	neg 1.0		__DUMMY__ 0.9005510474828583 off 0.05005449799385371 neg 0.049394454523288	false	0.5
opfer	neg 1.0		__DUMMY__ 0.9016751063310847 neg 0.05348165801823034 off 0.0448432356506849	false	1.0
sinken	neg 1.0		__DUMMY__ 0.9023498088647465 neg 0.05459306818039031 off 0.043057122954863136	false	1.0
stinktier	neg 1.0		__DUMMY__ 0.895377535203854 off 0.054651439637868456 neg 0.04997102515827754	false	0.5
tucke	off 1.0		__DUMMY__ 0.8973882556995537 off 0.057167962361043635 neg 0.04544378193940252	false	1.0
ein			__DUMMY__ 0.9042216543576647 neg 0.048459092849754144 off 0.0473192527925811	false	0.0
abstieg	neg 1.0		__DUMMY__ 0.8991887606585444 neg 0.054322941012894005 off 0.04648829832856163	false	1.0
missverstehen	neg 1.0		__DUMMY__ 0.8976182712355949 neg 0.05312292123811898 off 0.04925880752628613	false	1.0
ergebnislos	neg 1.0		__DUMMY__ 0.8999190391183288 neg 0.05405251688395608 off 0.046028443997715045	false	1.0
unter			__DUMMY__ 0.9092604904467465 neg 0.05212598616987261 off 0.03861352338338087	false	0.0
manipulieren	neg 1.0		__DUMMY__ 0.9025575107263938 neg 0.05298322169191006 off 0.04445926758169613	false	1.0
unbewiesen	neg 1.0		__DUMMY__ 0.8937355906683385 neg 0.05756294935544464 off 0.04870145997621691	false	1.0
verschleppen	neg 1.0		__DUMMY__ 0.9007281988865959 neg 0.053338995108881675 off 0.045932806004522396	false	1.0
weib	off 1.0		__DUMMY__ 0.8948956829526233 off 0.05813791249237612 neg 0.046966404555000556	false	1.0
opposition	neg 1.0		__DUMMY__ 0.896229209693936 neg 0.05452831198622319 off 0.04924247831984081	false	1.0
verkehrswidrig	neg 1.0		__DUMMY__ 0.9001883838847808 off 0.05525742500526056 neg 0.04455419110995865	false	0.5
inkorrekt	neg 1.0		__DUMMY__ 0.8941263256782411 neg 0.05344963383865724 off 0.052424040483101564	false	1.0
vermeiden	neg 1.0		__DUMMY__ 0.9071019211657321 neg 0.05224490474364148 off 0.04065317409062638	false	1.0
abweichung	neg 1.0		__DUMMY__ 0.8965801347735778 neg 0.05720153253564603 off 0.04621833269077622	false	1.0
alkoholisiert	neg 1.0		__DUMMY__ 0.9060336863142909 neg 0.04875102055084797 off 0.04521529313486109	false	1.0
scheiss	off 1.0	off 1.0	off 0.5094400980339061 __DUMMY__ 0.4537425678150633 neg 0.03681733415103066	false	1.0
herausforderung	neg 1.0		__DUMMY__ 0.9061363310957501 neg 0.04863814292106997 off 0.04522552598317995	false	1.0
pervers	off 1.0		__DUMMY__ 0.8931046302112934 off 0.0603700095916248 neg 0.04652536019708182	false	1.0
wackelig	neg 1.0		__DUMMY__ 0.9065717412703433 neg 0.04847097172670905 off 0.04495728700294761	false	1.0
verwickeln	neg 1.0		__DUMMY__ 0.8987663179054446 neg 0.052232520900312294 off 0.04900116119424314	false	1.0
vorwand	neg 1.0		__DUMMY__ 0.9009535244100083 neg 0.05565608352473864 off 0.04339039206525295	false	1.0
muschi	off 1.0		__DUMMY__ 0.8983329653270424 neg 0.05356128911529123 off 0.04810574555766639	false	0.5
entmutigung	neg 1.0		__DUMMY__ 0.8926165401679331 neg 0.05673830778711783 off 0.05064515204494897	false	1.0
unangemessen	neg 1.0		__DUMMY__ 0.8980612536746181 neg 0.055918068181768525 off 0.04602067814361335	false	1.0
unstetig	neg 1.0		__DUMMY__ 0.8991659687276266 off 0.05047755462049738 neg 0.05035647665187614	false	0.5
entmutigen	neg 1.0		__DUMMY__ 0.9020922706879294 neg 0.04964841915035531 off 0.048259310161715356	false	1.0
schwanz	neg 1.0		__DUMMY__ 0.9008346810326905 neg 0.05320081007055696 off 0.045964508896752534	false	1.0
verbot	neg 1.0		__DUMMY__ 0.8965489567234681 neg 0.0565570636976013 off 0.0468939795789306	false	1.0
leid	neg 1.0		__DUMMY__ 0.8966563248463462 off 0.05556401645148106 neg 0.04777965870217284	false	0.5
archaisch	neg 1.0		__DUMMY__ 0.8993440650143182 neg 0.054339976861054004 off 0.04631595812462784	false	1.0
gegen			__DUMMY__ 0.899282789249851 neg 0.056808290871801566 off 0.04390891987834742	false	0.0
scheidung	neg 1.0	neg 1.0	neg 0.4989146599324159 __DUMMY__ 0.45041270335087036 off 0.050672636716713716	false	1.0
einschlag	neg 1.0		__DUMMY__ 0.894872806634699 off 0.055218427228028506 neg 0.049908766137272464	false	0.5
m			__DUMMY__ 0.9030188079115974 neg 0.05068158725196987 off 0.04629960483643271	false	0.0
abgestanden	neg 1.0		__DUMMY__ 0.9040178964849577 neg 0.04926110723421372 off 0.04672099628082859	false	1.0
schmierig	off 1.0		__DUMMY__ 0.8982397337935693 off 0.054608430117003066 neg 0.04715183608942764	false	1.0
unpraktisch	neg 1.0		__DUMMY__ 0.9033310299286605 neg 0.0487196209681859 off 0.047949349103153516	false	1.0
wixxer	off 1.0		__DUMMY__ 0.8921433354869758 off 0.06061545154148224 neg 0.04724121297154203	false	1.0
bezeichnet			__DUMMY__ 0.8984975029967915 neg 0.0543188898103104 off 0.047183607192898165	false	0.0
jammerlappen	off 1.0		__DUMMY__ 0.8989552274941263 off 0.05100760002129085 neg 0.05003717248458287	false	1.0
farce	neg 1.0		__DUMMY__ 0.8944151669511885 neg 0.05817321021942007 off 0.04741162282939141	false	1.0
zwecklos	neg 1.0		__DUMMY__ 0.8992345296664825 neg 0.05510415668086088 off 0.04566131365265648	false	1.0
turbulent	neg 1.0		__DUMMY__ 0.8968345736774398 off 0.054057757407064255 neg 0.04910766891549585	false	0.5
invasion	neg 1.0		__DUMMY__ 0.9010861204911105 off 0.04994947016924877 neg 0.04896440933964081	false	0.5
schuld	neg 1.0		__DUMMY__ 0.8994732770385163 neg 0.052303504894284536 off 0.04822321806719912	false	1.0
risiko	neg 1.0		__DUMMY__ 0.9032336614019852 off 0.0500030330458051 neg 0.046763305552209665	false	0.5
finster	neg 1.0		__DUMMY__ 0.9034581072509748 neg 0.049522899950385973 off 0.04701899279863932	false	1.0
geisteskrank	off 1.0		__DUMMY__ 0.8952658114703548 off 0.05265618664476936 neg 0.05207800188487585	false	1.0
zusammenbrechen	neg 1.0		__DUMMY__ 0.9026679477201747 neg 0.05106950833803026 off 0.04626254394179505	false	1.0
ausbeute	neg 1.0		__DUMMY__ 0.9046417150379537 neg 0.05058228982501807 off 0.04477599513702835	false	1.0
hinterhalt	neg 1.0		__DUMMY__ 0.9012156886010902 neg 0.050491948664683914 off 0.04829236273422576	false	1.0
kritik	neg 1.0		__DUMMY__ 0.8959081973537493 neg 0.05674480790403653 off 0.04734699474221421	false	1.0
einschrumpfen	neg 1.0		__DUMMY__ 0.8958627645522237 neg 0.053106285206787056 off 0.05103095024098932	false	1.0
riskant	neg 1.0		__DUMMY__ 0.9018148647350896 neg 0.053638239792162604 off 0.04454689547274779	false	1.0
frustrieren	neg 1.0		__DUMMY__ 0.9014217659123333 neg 0.05402226173205003 off 0.044555972355616646	false	1.0
groll	neg 1.0		__DUMMY__ 0.9001406880737083 neg 0.054031500555021775 off 0.0458278113712699	false	1.0
gibt			__DUMMY__ 0.9012373340764656 neg 0.052680859806732025 off 0.04608180611680239	false	0.0
qualvoll	neg 1.0		__DUMMY__ 0.9019292136975225 off 0.04904998517235834 neg 0.049020801130119133	false	0.5
wackeln	neg 1.0		__DUMMY__ 0.9039360560769432 neg 0.0484223315707572 off 0.047641612352299675	false	1.0
klagen	neg 1.0		__DUMMY__ 0.9003006634698612 neg 0.05633095680764137 off 0.04336837972249742	false	1.0
bankrott	neg 1.0		__DUMMY__ 0.9002939722952211 off 0.05103770824540748 neg 0.04866831945937142	false	0.5
trauern	neg 1.0		__DUMMY__ 0.902261792860795 neg 0.05305870889356398 off 0.044679498245641006	false	1.0
ablehnung	neg 1.0	neg 1.0	neg 0.512734342194404 __DUMMY__ 0.4514999244402607 off 0.035765733365335395	false	1.0
stur	neg 1.0		__DUMMY__ 0.8997088354757707 neg 0.05179459509323257 off 0.04849656943099666	false	1.0
aufruhr	neg 1.0		__DUMMY__ 0.8971446348309253 neg 0.05438868543286877 off 0.04846667973620594	false	1.0
melancholie	neg 1.0		__DUMMY__ 0.9055560868322597 neg 0.04937895104574593 off 0.045064962121994435	false	1.0
ist			__DUMMY__ 0.8998289163897907 neg 0.05157272871865971 off 0.04859835489154955	false	0.0
torheit	neg 1.0		__DUMMY__ 0.8949500237013206 neg 0.05592062658207906 off 0.04912934971660039	false	1.0
dreckskind	off 1.0		__DUMMY__ 0.8922549598943271 off 0.056529795726142355 neg 0.05121524437953052	false	1.0
umtauschen	neg 1.0		__DUMMY__ 0.9034909324970882 neg 0.04993801272648364 off 0.04657105477642811	false	1.0
zum			__DUMMY__ 0.9082691038608834 neg 0.050916367813600844 off 0.04081452832551578	false	0.0
zersetzen	neg 1.0		__DUMMY__ 0.9013259038744751 neg 0.05472826495139784 off 0.04394583117412715	false	1.0
zur			__DUMMY__ 0.9028007658649888 neg 0.055951757989909826 off 0.04124747614510144	false	0.0
frust	neg 1.0		__DUMMY__ 0.901795130153141 neg 0.05206700461415163 off 0.04613786523270738	false	1.0
unerbittlichkeit	neg 1.0		__DUMMY__ 0.9010995240156618 neg 0.054177999530883265 off 0.04472247645345487	false	1.0
zwei			__DUMMY__ 0.9065686259417035 neg 0.05115203427954018 off 0.04227933977875625	false	0.0
unkorrekt	neg 1.0		__DUMMY__ 0.8944458359013193 off 0.05279770785603499 neg 0.05275645624264575	false	0.5
hexe	off 1.0		__DUMMY__ 0.8999773565600035 off 0.05113985423126394 neg 0.04888278920873251	false	1.0
lasch	neg 1.0		__DUMMY__ 0.8977140153986738 neg 0.05204262676068804 off 0.05024335784063829	false	1.0
rivale	neg 1.0		__DUMMY__ 0.8958718374122963 off 0.05473409999619562 neg 0.04939406259150811	false	0.5
mutlos	off 1.0	off 1.0	off 0.5045063168087796 __DUMMY__ 0.4535684447514737 neg 0.0419252384397467	false	1.0
wirr	off 1.0		__DUMMY__ 0.8953793391328249 off 0.053930403055135565 neg 0.050690257812039674	false	1.0
jahr			__DUMMY__ 0.9053005135099911 neg 0.05061838302806377 off 0.04408110346194512	false	0.0
wird			__DUMMY__ 0.9016513733867572 neg 0.053421910710087166 off 0.044926715903155626	false	0.0
strafbar	neg 1.0		__DUMMY__ 0.8980955872531529 neg 0.05682962212526323 off 0.04507479062158386	false	1.0
erosion	neg 1.0		__DUMMY__ 0.9022206369307911 neg 0.04920436391868419 off 0.048574999150524746	false	1.0
eingehen	neg 1.0		__DUMMY__ 0.9001158196797842 neg 0.0544672596065275 off 0.04541692071368836	false	1.0
faul	off 1.0		__DUMMY__ 0.9019344556668751 off 0.050298230972149395 neg 0.0477673133609755	false	1.0
provisorium	neg 1.0		__DUMMY__ 0.9081551652801848 neg 0.05364686767477517 off 0.03819796704504	false	1.0
schmerzen	neg 1.0		__DUMMY__ 0.9033323746541632 neg 0.050688407632833714 off 0.0459792177130031	false	1.0
schrumpfen	neg 1.0		__DUMMY__ 0.9045832661177599 neg 0.054489907139631776 off 0.04092682674260844	false	1.0
geistlos	off 1.0		__DUMMY__ 0.89427703675339 neg 0.05530238188160317 off 0.050420581365006836	false	0.5
fehlkauf	neg 1.0		__DUMMY__ 0.8983959436166219 neg 0.05163912124068374 off 0.04996493514269433	false	1.0
frustrierend	neg 1.0		__DUMMY__ 0.9000065393448198 off 0.05010012086299732 neg 0.04989333979218292	false	0.5
unzufrieden	neg 1.0		__DUMMY__ 0.9005359850570184 neg 0.05381840592228217 off 0.04564560902069946	false	1.0
verzweifeln	neg 1.0		__DUMMY__ 0.9018474475444523 neg 0.05125388944041186 off 0.04689866301513577	false	1.0
verzweifelt	neg 1.0		__DUMMY__ 0.8998455992315995 neg 0.05178575728155443 off 0.048368643486846156	false	1.0
misstrauensantrag	neg 1.0		__DUMMY__ 0.896502600903888 neg 0.05369130049074213 off 0.04980609860536993	false	1.0
abfallen	neg 1.0		__DUMMY__ 0.9053235663920802 off 0.04754325271665543 neg 0.047133180891264365	false	0.5
fucker	off 1.0		__DUMMY__ 0.8960167121933715 off 0.05399190099903199 neg 0.04999138680759657	false	1.0
ungezogen	neg 1.0		__DUMMY__ 0.8956177450785621 off 0.058226298930550736 neg 0.046155955990887156	false	0.5
irrsinnig	neg 1.0	neg 1.0	neg 0.510400397041902 __DUMMY__ 0.4531339576090728 off 0.036465645349025126	false	1.0
unfassbar	neg 1.0		__DUMMY__ 0.8991422371458084 off 0.05136902550330392 neg 0.0494887373508876	false	0.5
hart	neg 1.0		__DUMMY__ 0.8981335987545656 off 0.051366744376035424 neg 0.050499656869399015	false	0.5
widerlich	off 1.0		__DUMMY__ 0.8970216709465519 off 0.052178163140334965 neg 0.050800165913112975	false	1.0
fatal	neg 1.0		__DUMMY__ 0.8987968045626737 neg 0.051297945504357935 off 0.04990524993296827	false	1.0
bruch	neg 1.0		__DUMMY__ 0.8992190721686208 neg 0.05769324356337236 off 0.04308768426800674	false	1.0
aushungern	neg 1.0		__DUMMY__ 0.8967091540987728 neg 0.054811131702526404 off 0.04847971419870081	false	1.0
anspannung	neg 1.0		__DUMMY__ 0.9063633299606554 neg 0.051737458264648886 off 0.0418992117746958	false	1.0
von			__DUMMY__ 0.9042015121770594 neg 0.052470211056209984 off 0.043328276766730796	false	0.0
kraftlos	neg 1.0		__DUMMY__ 0.9058922339507297 neg 0.049189322512226887 off 0.04491844353704333	false	1.0
vom			__DUMMY__ 0.9078181042585733 neg 0.05322236941400305 off 0.03895952632742364	false	0.0
grenzdebil	off 1.0		__DUMMY__ 0.8992926887685246 off 0.0521588845562126 neg 0.048548426675262706	false	1.0
vor			__DUMMY__ 0.9041694915285939 neg 0.05304014755778095 off 0.04279036091362514	false	0.0
unterwerfen	neg 1.0		__DUMMY__ 0.9006801152181096 neg 0.05418261569744904 off 0.04513726908444134	false	1.0
versenkung	neg 1.0		__DUMMY__ 0.9011339550127825 neg 0.05415620667807735 off 0.04470983830914018	false	1.0
entziehen	neg 1.0		__DUMMY__ 0.9013743398328131 neg 0.05567013119384622 off 0.04295552897334068	false	1.0
finanzkrise	neg 1.0		__DUMMY__ 0.8966212565001412 neg 0.05553529269946789 off 0.04784345080039081	false	1.0
schimpfend	neg 1.0		__DUMMY__ 0.906474784402822 off 0.047975586318863145 neg 0.04554962927831476	false	0.5
profan	neg 1.0		__DUMMY__ 0.9002348132082598 neg 0.05073354593594412 off 0.04903164085579606	false	1.0
korruption	neg 1.0		__DUMMY__ 0.8966779542072383 neg 0.056810261894844484 off 0.04651178389791727	false	1.0
â			__DUMMY__ 0.9026678133877979 neg 0.05175481388306844 off 0.04557737272913359	false	0.0
schmutzig	neg 1.0		__DUMMY__ 0.9019221105386096 off 0.05158217105751353 neg 0.04649571840387689	false	0.5
sexy	neg 1.0		__DUMMY__ 0.8995693246974992 off 0.05084558602574679 neg 0.04958508927675409	false	0.5
abraten	neg 1.0		__DUMMY__ 0.9013212697158096 neg 0.050485692921597304 off 0.04819303736259305	false	1.0
schwarz	neg 1.0		__DUMMY__ 0.8991564163663736 neg 0.05170524364396069 off 0.04913833998966575	false	1.0
fotze	off 1.0		__DUMMY__ 0.8992779674753405 neg 0.05415468210589899 off 0.04656735041876052	false	0.5
verwirren	neg 1.0		__DUMMY__ 0.8996657031782056 neg 0.050579104401741196 off 0.04975519242005325	false	1.0
zahnlos	off 1.0		__DUMMY__ 0.8985754303586085 neg 0.05544359742849357 off 0.04598097221289778	false	0.5
verheeren	neg 1.0		__DUMMY__ 0.8927230820052037 off 0.060383882784928664 neg 0.046893035209867685	false	0.5
hippie	neg 1.0		__DUMMY__ 0.8991920510643935 off 0.05074904103390071 neg 0.05005890790170571	false	0.5
rammen	neg 1.0		__DUMMY__ 0.900233609431219 neg 0.050433454628059315 off 0.049332935940721606	false	1.0
unlauter	neg 1.0	neg 1.0	neg 0.5107348995281784 __DUMMY__ 0.45156569140856706 off 0.03769940906325448	false	1.0
unheilvoll	neg 1.0		__DUMMY__ 0.9018045768600337 neg 0.04957745469361511 off 0.04861796844635122	false	1.0
niedrig	neg 1.0		__DUMMY__ 0.900212838346564 neg 0.0544929705399802 off 0.04529419111345574	false	1.0
explosion	neg 1.0		__DUMMY__ 0.9005431079749606 off 0.05016464633158201 neg 0.0492922456934574	false	0.5
weichei	off 1.0		__DUMMY__ 0.8956737755925448 off 0.056094790132998805 neg 0.04823143427445641	false	1.0
minusmensch	off 1.0		__DUMMY__ 0.8893019269240908 off 0.06038547892835105 neg 0.05031259414755812	false	1.0
farblos	neg 1.0		__DUMMY__ 0.9014010845661388 neg 0.05064260687809948 off 0.047956308555761884	false	1.0
unwissend	neg 1.0		__DUMMY__ 0.8976452143242153 off 0.05144484631257178 neg 0.05090993936321284	false	0.5
traurig	neg 1.0		__DUMMY__ 0.8992405416340583 off 0.05348451031456998 neg 0.04727494805137164	false	0.5
senkung	neg 1.0		__DUMMY__ 0.8991420214874675 neg 0.05080966505635417 off 0.05004831345617839	false	1.0
ungleich	neg 1.0	neg 1.0	neg 0.5122190108392742 __DUMMY__ 0.4537397211716744 off 0.034041267989051306	false	1.0
heikel	neg 1.0		__DUMMY__ 0.9012592004125207 neg 0.05492609045979627 off 0.043814709127683066	false	1.0
drosselung	neg 1.0		__DUMMY__ 0.8993346315217585 off 0.05358736672333544 neg 0.047078001754906104	false	0.5
falsch	neg 1.0		__DUMMY__ 0.899110413483844 off 0.05050768125712229 neg 0.05038190525903372	false	0.5
unzufriedenheit	neg 1.0		__DUMMY__ 0.9014021927634472 neg 0.05477137333934479 off 0.04382643389720792	false	1.0
kurz	neg 1.0		__DUMMY__ 0.904506816770449 neg 0.049743279210162 off 0.045749904019388964	false	1.0
unsinnig	neg 1.0		__DUMMY__ 0.8997266686385508 neg 0.05429111632293221 off 0.045982215038517044	false	1.0
penner	off 1.0	off 1.0	off 0.5136763462949959 __DUMMY__ 0.45086589275219763 neg 0.03545776095280654	false	1.0
seicht	neg 1.0		__DUMMY__ 0.8926372926212452 off 0.05847471423346599 neg 0.048887993145288654	false	0.5
dummheit	off 1.0	off 1.0	off 0.5077144939725867 __DUMMY__ 0.4524143159592444 neg 0.039871190068168846	false	1.0
unerfreulich	neg 1.0		__DUMMY__ 0.9026326732334737 neg 0.05414871984400104 off 0.04321860692252516	false	1.0
motherfucker	off 1.0	off 1.0	off 0.5110145471707753 __DUMMY__ 0.4512806144274559 neg 0.03770483840176882	false	1.0
pikiert	neg 1.0		__DUMMY__ 0.8978655055413 off 0.051149636014656816 neg 0.050984858444043143	false	0.5
wrack	neg 1.0		__DUMMY__ 0.9018673054162742 neg 0.05267974875012806 off 0.045452945833597734	false	1.0
gangster	neg 1.0		__DUMMY__ 0.8994725894144846 neg 0.05049129883378661 off 0.0500361117517287	false	1.0
krank	neg 1.0		__DUMMY__ 0.9010712572528624 off 0.051798100564048405 neg 0.04713064218308917	false	0.5
reich	neg 1.0		__DUMMY__ 0.8930805724264697 neg 0.05461716307280079 off 0.05230226450072953	false	1.0
gnadenlos	neg 1.0		__DUMMY__ 0.8995396348635941 neg 0.052144191235667124 off 0.048316173900738814	false	1.0
niedergeschlagen	neg 1.0		__DUMMY__ 0.9026832575048244 neg 0.05116627550189088 off 0.046150466993284726	false	1.0
terrorisieren	off 1.0	off 1.0	off 0.5040956838592092 __DUMMY__ 0.4553474678500409 neg 0.04055684829074983	false	1.0
sinnlosigkeit	neg 1.0		__DUMMY__ 0.8995488114685155 neg 0.054495900871666156 off 0.04595528765981838	false	1.0
behindern	neg 1.0		__DUMMY__ 0.9025641810545852 neg 0.050249281546311204 off 0.04718653739910348	false	1.0
undemokratisch	neg 1.0		__DUMMY__ 0.895522818547627 neg 0.05511240882687862 off 0.04936477262549436	false	1.0
wirtschaftskrise	neg 1.0		__DUMMY__ 0.8986939757354029 neg 0.05499071565115884 off 0.04631530861343837	false	1.0
neid	neg 1.0		__DUMMY__ 0.902562492309071 off 0.04984361798074629 neg 0.04759388971018262	false	0.5
rutschen	neg 1.0		__DUMMY__ 0.9100961393577458 neg 0.04902715120567397 off 0.04087670943658017	false	1.0
rezession	neg 1.0		__DUMMY__ 0.8937399899656756 off 0.05556104726460262 neg 0.05069896276972172	false	0.5
fehlgeburt	neg 1.0		__DUMMY__ 0.9020136382665898 neg 0.050281756739579464 off 0.04770460499383086	false	1.0
charakterschwach	off 1.0		__DUMMY__ 0.8971697176890497 off 0.05211244344954367 neg 0.05071783886140664	false	1.0
isolation	neg 1.0		__DUMMY__ 0.8988003701866235 off 0.051534010162290256 neg 0.04966561965108629	false	0.5
ablenkung	neg 1.0		__DUMMY__ 0.9019853909228285 neg 0.05047703222093988 off 0.04753757685623164	false	1.0
pech	neg 1.0		__DUMMY__ 0.9007111746798676 neg 0.0499167531867661 off 0.04937207213336631	false	1.0
vermeidung	neg 1.0		__DUMMY__ 0.9006392179023409 off 0.052619784238008345 neg 0.04674099785965073	false	0.5
dominieren	neg 1.0		__DUMMY__ 0.8991361418971507 neg 0.05431426168179655 off 0.04654959642105275	false	1.0
schwindlig	neg 1.0		__DUMMY__ 0.9027994710972139 off 0.049009037947273855 neg 0.04819149095551227	false	0.5
lutscher	neg 1.0		__DUMMY__ 0.8929326954125408 off 0.05881178484274296 neg 0.048255519744716154	false	0.5
pflicht	neg 1.0		__DUMMY__ 0.9009900302822151 neg 0.055160059742608146 off 0.04384990997517671	false	1.0
faschist	off 1.0		__DUMMY__ 0.8958619757504476 neg 0.054001693073638744 off 0.05013633117591373	false	0.5
verschleudern	neg 1.0		__DUMMY__ 0.8982232005296361 neg 0.05601289834918253 off 0.04576390112118135	false	1.0
wenn			__DUMMY__ 0.8991398206470133 off 0.05047963731527435 neg 0.0503805420377124	false	0.0
ehebruch	neg 1.0		__DUMMY__ 0.8997756313832928 neg 0.05467842627070122 off 0.04554594234600608	false	1.0
spott	off 1.0		__DUMMY__ 0.900103608376073 neg 0.054853258938854274 off 0.04504313268507286	false	0.5
trostlosigkeit	neg 1.0		__DUMMY__ 0.8982050116135796 neg 0.05766600120690844 off 0.04412898717951201	false	1.0
lutschen	neg 1.0		__DUMMY__ 0.8966805708909837 neg 0.05199177393807288 off 0.051327655170943384	false	1.0
undiszipliniert	neg 1.0		__DUMMY__ 0.8983861700155304 off 0.05298476925675049 neg 0.048629060727718956	false	0.5
kopfschmerz	neg 1.0		__DUMMY__ 0.9025432824457514 neg 0.050823027377538924 off 0.04663369017670964	false	1.0
unvorhergesehen	neg 1.0		__DUMMY__ 0.9055532710391003 neg 0.049051385050839016 off 0.045395343910060774	false	1.0
desinteressiert	neg 1.0		__DUMMY__ 0.8972269635094826 off 0.05295331301562559 neg 0.049819723474891706	false	0.5
armselig	off 1.0		__DUMMY__ 0.896044487875434 off 0.05390088119215181 neg 0.050054630932414176	false	1.0
desaster	neg 1.0		__DUMMY__ 0.8986484575450646 neg 0.05851709016977426 off 0.042834452285161126	false	1.0
tod	neg 1.0		__DUMMY__ 0.899603978280254 neg 0.05542355577159288 off 0.04497246594815321	false	1.0
herzlos	neg 1.0		__DUMMY__ 0.8988195257531452 off 0.05413219500326947 neg 0.04704827924358542	false	0.5
unwissenheit	neg 1.0		__DUMMY__ 0.8994341187809073 neg 0.05453523440408063 off 0.04603064681501203	false	1.0
widersinnig	neg 1.0		__DUMMY__ 0.8951027774261976 neg 0.05763924044874503 off 0.0472579821250573	false	1.0
bedenklich	neg 1.0		__DUMMY__ 0.9007499115822363 neg 0.05459954205065764 off 0.044650546367106025	false	1.0
beanstanden	neg 1.0		__DUMMY__ 0.9009675898311711 neg 0.055570047352905244 off 0.0434623628159236	false	1.0
panisch	neg 1.0	neg 1.0	neg 0.5053664956110199 __DUMMY__ 0.4579477187915505 off 0.03668578559742957	false	1.0
debil	off 1.0		__DUMMY__ 0.90395003902693 neg 0.05512543641673565 off 0.04092452455633434	false	0.5
abstrich	neg 1.0		__DUMMY__ 0.9060167900691548 neg 0.04733492252652049 off 0.046648287404324765	false	1.0
primitiv	neg 1.0		__DUMMY__ 0.896637770288471 off 0.052667679749908006 neg 0.05069454996162102	false	0.5
abschaum	off 1.0	off 1.0	off 0.5092545683823163 __DUMMY__ 0.45159859494488214 neg 0.03914683667280151	false	1.0
provozieren	neg 1.0		__DUMMY__ 0.8984770706501463 neg 0.0535594371701089 off 0.04796349217974486	false	1.0
tot	neg 1.0		__DUMMY__ 0.9005630501659332 neg 0.05295615398918068 off 0.04648079584488615	false	1.0
instabil	neg 1.0		__DUMMY__ 0.8935635757085123 off 0.05475251572557014 neg 0.05168390856591762	false	0.5
schwuchtel	off 1.0		__DUMMY__ 0.8885854791079375 off 0.06342527655726343 neg 0.04798924433479915	false	1.0
zerren	neg 1.0		__DUMMY__ 0.9021169427900793 neg 0.05171202647333787 off 0.046171030736582915	false	1.0
kinderficker	off 1.0		__DUMMY__ 0.8943429665427576 off 0.05575739382643791 neg 0.04989963963080452	false	1.0
gefahr	neg 1.0		__DUMMY__ 0.8993205731654833 neg 0.055383915570968396 off 0.04529551126354827	false	1.0
rabiat	neg 1.0		__DUMMY__ 0.9002226909740869 neg 0.052198086532677726 off 0.0475792224932354	false	1.0
verlangsamung	neg 1.0		__DUMMY__ 0.8935281697317274 off 0.058166749147597674 neg 0.04830508112067496	false	0.5
ausgestorben	neg 1.0		__DUMMY__ 0.901405936489679 neg 0.052363426812730075 off 0.046230636697590886	false	1.0
anklagen	neg 1.0		__DUMMY__ 0.8992884606872319 neg 0.05317087091601952 off 0.04754066839674872	false	1.0
trott	neg 1.0		__DUMMY__ 0.9017246427856779 neg 0.050886743115773424 off 0.04738861409854868	false	1.0
verminderung	neg 1.0		__DUMMY__ 0.8976031737547983 off 0.05340961538311727 neg 0.04898721086208458	false	0.5
nach			__DUMMY__ 0.9082671996729451 neg 0.05074117681946116 off 0.040991623507593625	false	0.0
rost	neg 1.0		__DUMMY__ 0.8949677146506765 off 0.0581457876793107 neg 0.046886497670012815	false	0.5
destruktiv	neg 1.0		__DUMMY__ 0.8981600145721739 neg 0.05472473191023608 off 0.04711525351759003	false	1.0
unzumutbarkeit	neg 1.0		__DUMMY__ 0.8995379364003773 off 0.05276910370880864 neg 0.04769295989081404	false	0.5
labil	off 1.0	off 1.0	off 0.5098458410898336 __DUMMY__ 0.45166828532568565 neg 0.03848587358448077	false	1.0
ziemlich	neg 1.0		__DUMMY__ 0.8990076265341678 off 0.051781862740839256 neg 0.049210510724993	false	0.5
lachnummer	off 1.0		__DUMMY__ 0.8979256338983745 neg 0.05486713872401521 off 0.04720722737761027	false	0.5
oder			__DUMMY__ 0.9024006273429447 neg 0.050529099363205814 off 0.04707027329384948	false	0.0
verfall	neg 1.0		__DUMMY__ 0.9028191365314595 neg 0.05615127354429801 off 0.0410295899242424	false	1.0
ausgrenzung	neg 1.0		__DUMMY__ 0.8960702759660043 neg 0.05404235748989336 off 0.04988736654410225	false	1.0
unordnung	neg 1.0		__DUMMY__ 0.8943090939353462 off 0.05504595589528511 neg 0.0506449501693687	false	0.5
fehlverhalten	neg 1.0		__DUMMY__ 0.8992924138660827 neg 0.0558534032278598 off 0.04485418290605742	false	1.0
eine			__DUMMY__ 0.9037606222501171 neg 0.053212858757652075 off 0.043026518992230825	false	0.0
nille	neg 1.0		__DUMMY__ 0.8973811025110373 neg 0.05459426044650447 off 0.048024637042458296	false	1.0
qual	neg 1.0		__DUMMY__ 0.9013608293096799 neg 0.05125915577467541 off 0.04738001491564465	false	1.0
verschwenden	neg 1.0		__DUMMY__ 0.9018352942708672 neg 0.05354824308089223 off 0.04461646264824049	false	1.0
riesig	neg 1.0		__DUMMY__ 0.903504667625472 neg 0.04984018192733851 off 0.04665515044718945	false	1.0
verurteilen	neg 1.0		__DUMMY__ 0.8988858926988609 neg 0.05482106436237152 off 0.046293042938767584	false	1.0
klischee	neg 1.0	neg 1.0	neg 0.5103433800268469 __DUMMY__ 0.45148215539820424 off 0.03817446457494904	false	1.0
diktatorisch	neg 1.0		__DUMMY__ 0.8944115331922986 neg 0.05616468743354492 off 0.04942377937415656	false	1.0
vorhersehbar	neg 1.0		__DUMMY__ 0.8973253471378242 neg 0.05326627154838864 off 0.04940838131378712	false	1.0
sowie			__DUMMY__ 0.8933962303062121 off 0.05695155539996831 neg 0.04965221429381966	false	0.0
stornieren	neg 1.0		__DUMMY__ 0.9032131354232839 off 0.04935275923464611 neg 0.04743410534207	false	0.5
besteuerung	neg 1.0		__DUMMY__ 0.899497137214575 neg 0.05189048336859987 off 0.04861237941682509	false	1.0
ungeschminkt	neg 1.0		__DUMMY__ 0.8991419258682907 off 0.051989672323320475 neg 0.04886840180838881	false	0.5
kritisch	neg 1.0		__DUMMY__ 0.8994156896178287 neg 0.05552401577221423 off 0.04506029460995707	false	1.0
schlamperei	off 1.0		__DUMMY__ 0.898518303486949 neg 0.05593936373621491 off 0.04554233277683606	false	0.5
sucht	neg 1.0	neg 1.0	neg 0.5044575950760856 __DUMMY__ 0.45833374071172944 off 0.03720866421218496	false	1.0
egoistisch	off 1.0		__DUMMY__ 0.896040343076575 off 0.05613014700232903 neg 0.04782950992109598	false	1.0
ausbeuter	off 1.0		__DUMMY__ 0.8992088098862819 neg 0.0561722541652975 off 0.04461893594842062	false	0.5
arschgeburt	off 1.0		__DUMMY__ 0.8885690574854851 off 0.06338369646380701 neg 0.04804724605070787	false	1.0
schubs	neg 1.0	neg 1.0	neg 0.5081227478706579 __DUMMY__ 0.45793109562533935 off 0.03394615650400269	false	1.0
unsolide	neg 1.0		__DUMMY__ 0.8895959754309382 neg 0.05827220366870578 off 0.05213182090035608	false	1.0
beschwerde	neg 1.0		__DUMMY__ 0.898532098107269 neg 0.055366077236662925 off 0.04610182465606809	false	1.0
stocken	neg 1.0		__DUMMY__ 0.9018647675248352 neg 0.05262879349678687 off 0.045506438978377875	false	1.0
isolieren	neg 1.0		__DUMMY__ 0.9038164520943568 neg 0.0491879563064221 off 0.04699559159922118	false	1.0
unheilbar	neg 1.0		__DUMMY__ 0.9014733309031385 neg 0.050267674180439155 off 0.04825899491642232	false	1.0
pisser	off 1.0		__DUMMY__ 0.8952210735942211 off 0.05468280878075603 neg 0.05009611762502276	false	1.0
löschen	neg 1.0		__DUMMY__ 0.8995499295207722 neg 0.05187778979928398 off 0.048572280679943784	false	1.0
durchfallen	neg 1.0		__DUMMY__ 0.9004218645684832 neg 0.05454448270679223 off 0.04503365272472456	false	1.0
wichser	off 1.0		__DUMMY__ 0.8931555595789583 off 0.05986768832681975 neg 0.04697675209422197	false	1.0
terror	neg 1.0		__DUMMY__ 0.900860299420209 off 0.05028184074618387 neg 0.04885785983360726	false	0.5
krass	neg 1.0		__DUMMY__ 0.8976568287524528 off 0.05415542616552557 neg 0.04818774508202155	false	0.5
revolte	neg 1.0	neg 1.0	neg 0.5124964639328752 __DUMMY__ 0.44883858439725455 off 0.03866495166987035	false	1.0
besorgt	neg 1.0		__DUMMY__ 0.9046190097998782 neg 0.0494654381387891 off 0.04591555206133279	false	1.0
nachlassen	neg 1.0		__DUMMY__ 0.9042469589086477 neg 0.05001719961477856 off 0.04573584147657368	false	1.0
alt	neg 1.0		__DUMMY__ 0.9045849041626403 neg 0.05183610346312758 off 0.04357899237423212	false	1.0
hundesohn	off 1.0		__DUMMY__ 0.8908660914639355 off 0.05963026737857377 neg 0.04950364115749075	false	1.0
als			__DUMMY__ 0.9024291892404795 neg 0.05206176663922883 off 0.04550904412029159	false	0.0
abschreckung	neg 1.0		__DUMMY__ 0.9004915205522855 neg 0.05573367009458856 off 0.0437748093531259	false	1.0
unqualifiziert	neg 1.0		__DUMMY__ 0.8974153932229244 neg 0.052909439253824846 off 0.04967516752325068	false	1.0
abgewichst	off 1.0		__DUMMY__ 0.9002260346949942 neg 0.05279153989435164 off 0.04698242541065422	false	0.5
schwer	neg 1.0		__DUMMY__ 0.9015295533528231 neg 0.051469348508792714 off 0.04700109813838406	false	1.0
bedeutungslosigkeit	neg 1.0		__DUMMY__ 0.8995488806271602 neg 0.05613869353815759 off 0.04431242583468218	false	1.0
kapitulation	neg 1.0		__DUMMY__ 0.8961666202414971 neg 0.05758383536978265 off 0.04624954438872032	false	1.0
unscharf	neg 1.0		__DUMMY__ 0.9006526682243338 neg 0.0499707428625607 off 0.0493765889131055	false	1.0
schwinden	neg 1.0		__DUMMY__ 0.9032140747634115 neg 0.05241517839370572 off 0.044370746842882745	false	1.0
versklavung	neg 1.0		__DUMMY__ 0.8956700283936033 neg 0.055202768629724924 off 0.049127202976671704	false	1.0
schlecht	neg 1.0		__DUMMY__ 0.899387751529109 off 0.05208822908164311 neg 0.04852401938924784	false	0.5
verhasst	neg 1.0		__DUMMY__ 0.8978720576294427 neg 0.05409148067201836 off 0.04803646169853898	false	1.0
beschweren	neg 1.0		__DUMMY__ 0.9006642988514671 neg 0.05063934607458576 off 0.04869635507394716	false	1.0
scheiden	neg 1.0		__DUMMY__ 0.9014433579258146 neg 0.05196081052229199 off 0.04659583155189328	false	1.0
frustriert	neg 1.0		__DUMMY__ 0.9011016047386156 neg 0.052539245574391054 off 0.04635914968699338	false	1.0
schimmelig	neg 1.0		__DUMMY__ 0.901626740548159 neg 0.053934496180858764 off 0.044438763270982395	false	1.0
fisch	neg 1.0		__DUMMY__ 0.9022207849343066 neg 0.05305841131811257 off 0.04472080374758082	false	1.0
schmuggel	neg 1.0		__DUMMY__ 0.9051243496203767 neg 0.05115199587992105 off 0.04372365449970228	false	1.0
auffallen	neg 1.0		__DUMMY__ 0.8998982988198708 neg 0.051035981816480364 off 0.04906571936364891	false	1.0
konkurrenz	neg 1.0		__DUMMY__ 0.9024337702747961 neg 0.05427896284669158 off 0.04328726687851235	false	1.0
teufelskreis	neg 1.0		__DUMMY__ 0.9003198550778476 neg 0.0529883985332568 off 0.046691746388895554	false	1.0
aufschreien	neg 1.0		__DUMMY__ 0.8980827304043572 neg 0.05268574389863382 off 0.0492315256970091	false	1.0
schuldner	neg 1.0		__DUMMY__ 0.8996263037823686 neg 0.055337919374391344 off 0.045035776843239936	false	1.0
missgeburt	off 1.0	off 1.0	off 0.5131782056392887 __DUMMY__ 0.4486172904915173 neg 0.03820450386919408	false	1.0
arbeitslos	neg 1.0		__DUMMY__ 0.8993165090109096 neg 0.054720361347173084 off 0.04596312964191716	false	1.0
befallen	neg 1.0		__DUMMY__ 0.8987742984795027 neg 0.05494165491018739 off 0.046284046610309854	false	1.0
miesepetrig	off 1.0		__DUMMY__ 0.9016270519378602 off 0.051490535869320744 neg 0.04688241219281904	false	1.0
alarmieren	neg 1.0		__DUMMY__ 0.8966891502811649 off 0.05187036134183217 neg 0.051440488377002984	false	0.5
ungeduscht	off 1.0		__DUMMY__ 0.9005157945636094 neg 0.05010641744746042 off 0.04937778798893016	false	0.5
knappheit	neg 1.0		__DUMMY__ 0.899918570826323 neg 0.053950432902774785 off 0.046130996270902266	false	1.0
schlange	neg 1.0		__DUMMY__ 0.9025062159536537 neg 0.04922077136272141 off 0.04827301268362485	false	1.0
harsch	neg 1.0		__DUMMY__ 0.8987814079029713 off 0.0567753769213959 neg 0.04444321517563275	false	0.5
lang	neg 1.0		__DUMMY__ 0.9007451072756759 neg 0.050677910711784284 off 0.048576982012539835	false	1.0
ziellos	neg 1.0		__DUMMY__ 0.9019240380707573 neg 0.05282964917315635 off 0.04524631275608641	false	1.0
selbstverliebt	neg 1.0		__DUMMY__ 0.8895743016701462 off 0.061078511578397 neg 0.049347186751456745	false	0.5
beseitigen	neg 1.0		__DUMMY__ 0.9016310028648528 neg 0.05020141110424239 off 0.04816758603090486	false	1.0
dumm	off 1.0		__DUMMY__ 0.8949161725361876 off 0.05674202214903571 neg 0.04834180531477678	false	1.0
arbeitsloser	neg 1.0		__DUMMY__ 0.8998292216048114 neg 0.05486608143783088 off 0.04530469695735762	false	1.0
blitzen	neg 1.0		__DUMMY__ 0.8994199564650419 off 0.05066868253198951 neg 0.049911361002968474	false	0.5
hilflos	neg 1.0		__DUMMY__ 0.9015584306155072 neg 0.05246528522653663 off 0.04597628415795604	false	1.0
eklig	off 1.0		__DUMMY__ 0.8938405752407015 off 0.057411523498712376 neg 0.048747901260586105	false	1.0
begriff			__DUMMY__ 0.9004490587268996 neg 0.05309943278158666 off 0.046451508491513756	false	0.0
hungersnot	neg 1.0		__DUMMY__ 0.8961334955290873 neg 0.055891704047678695 off 0.04797480042323395	false	1.0
ungesetzlich	neg 1.0		__DUMMY__ 0.8938560272789817 neg 0.05565279799616235 off 0.05049117472485598	false	1.0
verschwendung	neg 1.0		__DUMMY__ 0.9019663033324138 neg 0.0540345153027375 off 0.043999181364848663	false	1.0
schmerzvoll	neg 1.0		__DUMMY__ 0.9008599225299946 neg 0.05050390790650609 off 0.0486361695634994	false	1.0
vorzeitig	neg 1.0		__DUMMY__ 0.8985088831868654 off 0.05187576082569714 neg 0.04961535598743739	false	0.5
unvollkommenheit	neg 1.0		__DUMMY__ 0.9014204657929319 neg 0.05091085597133058 off 0.0476686782357374	false	1.0
intervenieren	neg 1.0		__DUMMY__ 0.8987312788410413 neg 0.056298528148325824 off 0.04497019301063287	false	1.0
banause	off 1.0		__DUMMY__ 0.8936131306482052 off 0.05860890788468822 neg 0.0477779614671066	false	1.0
rebell	neg 1.0		__DUMMY__ 0.9039515096127697 neg 0.053155703424033765 off 0.04289278696319651	false	1.0
unlogisch	neg 1.0		__DUMMY__ 0.8957678449046085 off 0.05392249120565114 neg 0.05030966388974034	false	0.5
leiden	neg 1.0	neg 1.0	neg 0.5043518977814656 __DUMMY__ 0.46327589108837 off 0.03237221113016447	false	1.0
abschaffung	neg 1.0		__DUMMY__ 0.8973064846031219 neg 0.054044330981508924 off 0.04864918441536928	false	1.0
sturz	neg 1.0		__DUMMY__ 0.8976856640813032 neg 0.05324247413412024 off 0.04907186178457658	false	1.0
verkleinerung	neg 1.0		__DUMMY__ 0.894178474290592 neg 0.05467172739397376 off 0.05114979831543415	false	1.0
schmarotzer	off 1.0		__DUMMY__ 0.8984637636764095 neg 0.05584572879105228 off 0.04569050753253822	false	0.5
bestrafung	neg 1.0		__DUMMY__ 0.8999092676217432 neg 0.05144113349534792 off 0.04864959888290897	false	1.0
achtlos	neg 1.0		__DUMMY__ 0.9022976229445758 neg 0.05080109216844571 off 0.046901284886978395	false	1.0
ungeheuer	neg 1.0		__DUMMY__ 0.8999304904429696 neg 0.05087007120443622 off 0.04919943835259422	false	1.0
unaufrichtig	neg 1.0		__DUMMY__ 0.8971564237097421 neg 0.0523538843359026 off 0.050489691954355244	false	1.0
