unsolidarisch	neg 1.0		neg 0.5221751435300848 off 0.4703117521943304 __DUMMY__ 0.007513104275584817	false	1.0
nachteilig	neg 1.0		neg 0.5221524845668626 off 0.47025156757200204 __DUMMY__ 0.007595947861135387	false	1.0
skeptisch	neg 1.0		neg 0.5241615584042815 off 0.4682149256211275 __DUMMY__ 0.007623515974590908	false	1.0
schrecklich	neg 1.0		neg 0.5106534824268784 off 0.4817898492750354 __DUMMY__ 0.007556668298086334	false	1.0
schlapp	neg 1.0		neg 0.5129478085175805 off 0.47943859056073623 __DUMMY__ 0.007613600921683153	false	1.0
abfall	neg 1.0		neg 0.5253125533511717 off 0.46704873753845105 __DUMMY__ 0.007638709110377117	false	1.0
widerspenstig	neg 1.0		neg 0.5172213921945197 off 0.4751387692927489 __DUMMY__ 0.007639838512731323	false	1.0
abrupt	neg 1.0		neg 0.5177488239073185 off 0.47459090310487934 __DUMMY__ 0.007660272987802253	false	1.0
unwirksam	neg 1.0		neg 0.5216086967101746 off 0.4708709679959771 __DUMMY__ 0.007520335293848148	false	1.0
angreifen	neg 1.0		neg 0.5235125143061612 off 0.46888442571498706 __DUMMY__ 0.007603059978851812	false	1.0
inkonsistent	neg 1.0		neg 0.5165049369189657 off 0.475911248843082 __DUMMY__ 0.007583814237952199	false	1.0
abrutschen	neg 1.0		neg 0.5247873680993275 off 0.46756500073722823 __DUMMY__ 0.007647631163444325	false	1.0
unsicher	neg 1.0		neg 0.5185246709542757 off 0.4738623287633972 __DUMMY__ 0.007613000282327019	false	1.0
bauernkind	off 1.0		neg 0.5093395293942004 off 0.48316669586561184 __DUMMY__ 0.00749377474018781	false	0.5
angreifer	neg 1.0		neg 0.5169927099714304 off 0.475453786114813 __DUMMY__ 0.007553503913756494	false	1.0
trennen	neg 1.0		neg 0.5213108573347276 off 0.47102458312823525 __DUMMY__ 0.007664559537037045	false	1.0
schmutz	neg 1.0		neg 0.5104484062468273 off 0.481911297304331 __DUMMY__ 0.007640296448841679	false	1.0
inkonsistenz	neg 1.0	neg 1.0	neg 0.7443592753013826 off 0.2520149556731886 __DUMMY__ 0.0036257690254288717	false	1.0
erschreckend	neg 1.0		neg 0.5207551275699919 off 0.4716491796703874 __DUMMY__ 0.007595692759620794	false	1.0
ertrinken	neg 1.0		neg 0.5206893403340115 off 0.47166490381024817 __DUMMY__ 0.007645755855740392	false	1.0
pickelface	off 1.0		neg 0.5192095729758126 off 0.47322339328048685 __DUMMY__ 0.007567033743700572	false	0.5
seiner			neg 0.5230894175351015 off 0.46929387689727253 __DUMMY__ 0.007616705567625872	false	0.0
lauch	neg 1.0		neg 0.5238016556842712 off 0.46856595176816584 __DUMMY__ 0.007632392547563107	false	1.0
unwichtig	neg 1.0		neg 0.5147350922725704 off 0.477687481774037 __DUMMY__ 0.007577425953392623	false	1.0
steuerhinterziehung	neg 1.0		neg 0.5222961825033374 off 0.4701619198755977 __DUMMY__ 0.007541897621064851	false	1.0
schock	neg 1.0		neg 0.5182042932643851 off 0.4741400913847629 __DUMMY__ 0.007655615350852046	false	1.0
beule	neg 1.0		neg 0.5120442687998796 off 0.48035674850120824 __DUMMY__ 0.0075989826989119975	false	1.0
vergelten	neg 1.0		neg 0.5102230661957007 off 0.48225347000413277 __DUMMY__ 0.007523463800166675	false	1.0
verdorbenheit	neg 1.0		neg 0.5164364657898648 off 0.4759472536781756 __DUMMY__ 0.007616280531959491	false	1.0
trauma	neg 1.0		neg 0.5170549429191581 off 0.4753523523583333 __DUMMY__ 0.00759270472250852	false	1.0
sinnlos	neg 1.0		neg 0.5167496186759459 off 0.47565605051726456 __DUMMY__ 0.0075943308067895655	false	1.0
fettsack	off 1.0	off 1.0	off 0.7260198572048528 neg 0.270375048745222 __DUMMY__ 0.0036050940499251245	false	1.0
feige	off 1.0		neg 0.5161642395077926 off 0.47627933187436383 __DUMMY__ 0.0075564286178435676	false	0.5
abdanken	neg 1.0		neg 0.5235115419734634 off 0.4689739517661454 __DUMMY__ 0.00751450626039138	false	1.0
wichtigtuer	off 1.0	off 1.0	off 0.7212422133092807 neg 0.2751289383311487 __DUMMY__ 0.0036288483595705093	false	1.0
misslingen	neg 1.0		neg 0.5138806795997664 off 0.47847392715830384 __DUMMY__ 0.0076453932419299495	false	1.0
untreu	off 1.0		neg 0.5138506142624135 off 0.4785728563152602 __DUMMY__ 0.007576529422326244	false	0.5
missmutig	neg 1.0		neg 0.513848114383729 off 0.4785413251982572 __DUMMY__ 0.007610560418013698	false	1.0
hurenbock	off 1.0		neg 0.5148468925278802 off 0.47751426223422466 __DUMMY__ 0.0076388452378951385	false	0.5
betrunken	neg 1.0		neg 0.5113700956263066 off 0.4810401184611836 __DUMMY__ 0.00758978591250969	false	1.0
korrupt	off 1.0		neg 0.5238565971866925 off 0.4685990389116256 __DUMMY__ 0.007544363901681999	false	0.5
unmut	neg 1.0		neg 0.5254949699409065 off 0.4668880170842856 __DUMMY__ 0.007617012974807942	false	1.0
hackfresse	off 1.0		neg 0.5075979979164118 off 0.48486769666853097 __DUMMY__ 0.007534305415057284	false	0.5
aufblasen	neg 1.0		neg 0.5160406327340101 off 0.4763317790812827 __DUMMY__ 0.007627588184707103	false	1.0
gewaltsam	neg 1.0		neg 0.5192880273849281 off 0.4731556105163356 __DUMMY__ 0.007556362098736218	false	1.0
unbeliebtheit	neg 1.0		neg 0.5155825684316633 off 0.4769250827664614 __DUMMY__ 0.007492348801875196	false	1.0
sturheit	neg 1.0		neg 0.5211197105773153 off 0.47129942261981655 __DUMMY__ 0.007580866802868272	false	1.0
kuh	neg 1.0		neg 0.5176792724350628 off 0.47474683196997597 __DUMMY__ 0.007573895594961059	false	1.0
erschrecken	neg 1.0		neg 0.5148395301643633 off 0.47756080596073214 __DUMMY__ 0.007599663874904475	false	1.0
opfer	neg 1.0		neg 0.5224779522541944 off 0.4699111897081148 __DUMMY__ 0.007610858037690906	false	1.0
sinken	neg 1.0		neg 0.5245170356753613 off 0.46786567613587193 __DUMMY__ 0.007617288188766588	false	1.0
stinktier	neg 1.0		neg 0.5113524481453361 off 0.48111998684261925 __DUMMY__ 0.007527565012044739	false	1.0
tucke	off 1.0		neg 0.5060072964205127 off 0.4864437777306402 __DUMMY__ 0.007548925848847157	false	0.5
ein			neg 0.5162615517908349 off 0.476096518679034 __DUMMY__ 0.00764192953013105	false	0.0
abstieg	neg 1.0		neg 0.5218161230169939 off 0.470606865450538 __DUMMY__ 0.007577011532468112	false	1.0
missverstehen	neg 1.0		neg 0.5184560533502248 off 0.4739819883041221 __DUMMY__ 0.007561958345653076	false	1.0
ergebnislos	neg 1.0		neg 0.522020834393097 off 0.47039285054421176 __DUMMY__ 0.007586315062691336	false	1.0
unter			neg 0.5262366720529038 off 0.46605632555235926 __DUMMY__ 0.007707002394736957	false	0.0
manipulieren	neg 1.0		neg 0.5226044359149544 off 0.46977375566047774 __DUMMY__ 0.007621808424567719	false	1.0
unbewiesen	neg 1.0		neg 0.5225157504209291 off 0.4699734872793925 __DUMMY__ 0.007510762299678384	false	1.0
verschleppen	neg 1.0		neg 0.5216433545398987 off 0.4707618238193182 __DUMMY__ 0.00759482164078322	false	1.0
weib	off 1.0		neg 0.5065472527110406 off 0.485930947954453 __DUMMY__ 0.007521799334506351	false	0.5
opposition	neg 1.0		neg 0.5190452518563032 off 0.47341306795238863 __DUMMY__ 0.007541680191308266	false	1.0
verkehrswidrig	neg 1.0		neg 0.5070148066139468 off 0.48540050344572805 __DUMMY__ 0.007584689940325116	false	1.0
inkorrekt	neg 1.0		neg 0.5162625830224628 off 0.47622353108997895 __DUMMY__ 0.007513885887558419	false	1.0
vermeiden	neg 1.0		neg 0.5246800416767091 off 0.4676425913296931 __DUMMY__ 0.007677366993597853	false	1.0
abweichung	neg 1.0		neg 0.5239647538889163 off 0.4684898279888909 __DUMMY__ 0.007545418122192992	false	1.0
alkoholisiert	neg 1.0		neg 0.5180322656101186 off 0.4743108772305312 __DUMMY__ 0.007656857159350239	false	1.0
scheiss	off 1.0	off 1.0	off 0.7247460509235661 neg 0.27161486901655135 __DUMMY__ 0.0036390800598825484	false	1.0
herausforderung	neg 1.0		neg 0.5187023268634917 off 0.47363426294915495 __DUMMY__ 0.007663410187353222	false	1.0
pervers	off 1.0		neg 0.5044576962176492 off 0.48804202400222635 __DUMMY__ 0.007500279780124349	false	0.5
wackelig	neg 1.0		neg 0.5181504533008807 off 0.4741763377733774 __DUMMY__ 0.007673208925741972	false	1.0
verwickeln	neg 1.0		neg 0.518071994259506 off 0.4743510985950743 __DUMMY__ 0.007576907145419663	false	1.0
vorwand	neg 1.0		neg 0.5251825184594169 off 0.46721420956486975 __DUMMY__ 0.007603271975713283	false	1.0
muschi	off 1.0		neg 0.5197306137408461 off 0.47270153445648994 __DUMMY__ 0.007567851802663929	false	0.5
entmutigung	neg 1.0		neg 0.5203507345079518 off 0.47215461658583785 __DUMMY__ 0.007494648906210479	false	1.0
unangemessen	neg 1.0		neg 0.5232680178880691 off 0.46916509627805936 __DUMMY__ 0.007566885833871566	false	1.0
unstetig	neg 1.0		neg 0.5152248880332436 off 0.47720250086257143 __DUMMY__ 0.007572611104185066	false	1.0
entmutigen	neg 1.0		neg 0.5167819055721855 off 0.47560165963636103 __DUMMY__ 0.007616434791453469	false	1.0
schwanz	neg 1.0		neg 0.5209860760899903 off 0.47141778899907394 __DUMMY__ 0.007596134910935856	false	1.0
verbot	neg 1.0		neg 0.5232579533541047 off 0.4691975844523393 __DUMMY__ 0.007544462193556129	false	1.0
leid	neg 1.0		neg 0.5091609032935 off 0.48329185630254584 __DUMMY__ 0.007547240403954226	false	1.0
archaisch	neg 1.0		neg 0.5217505952085876 off 0.4706666307219573 __DUMMY__ 0.0075827740694550845	false	1.0
gegen			neg 0.5258100713634325 off 0.4666083829922278 __DUMMY__ 0.00758154564433961	false	0.0
scheidung	neg 1.0	neg 1.0	neg 0.7320005511334714 off 0.26439037683969974 __DUMMY__ 0.0036090720268288044	false	1.0
einschlag	neg 1.0		neg 0.5111632785579725 off 0.4813141343794858 __DUMMY__ 0.007522587062541685	false	1.0
m			neg 0.5188244955979443 off 0.4735454994527498 __DUMMY__ 0.00763000494930596	false	0.0
abgestanden	neg 1.0		neg 0.5167888881657117 off 0.4755776293927156 __DUMMY__ 0.007633482441572745	false	1.0
schmierig	off 1.0		neg 0.5094912806987605 off 0.48294128508568096 __DUMMY__ 0.007567434215558403	false	0.5
unpraktisch	neg 1.0		neg 0.5158699861039574 off 0.4764983113764368 __DUMMY__ 0.007631702519606005	false	1.0
wixxer	off 1.0		neg 0.5047567590519463 off 0.4877551995371619 __DUMMY__ 0.007488041410891712	false	0.5
bezeichnet			neg 0.5211065333302586 off 0.4713209575975252 __DUMMY__ 0.0075725090722163395	false	0.0
jammerlappen	off 1.0		neg 0.5147094446760488 off 0.47771128610741503 __DUMMY__ 0.0075792692165360795	false	0.5
farce	neg 1.0		neg 0.523912530713365 off 0.46856962210012637 __DUMMY__ 0.0075178471865087	false	1.0
zwecklos	neg 1.0		neg 0.5228586668542975 off 0.46955787296824364 __DUMMY__ 0.007583460177458804	false	1.0
turbulent	neg 1.0		neg 0.5115443052558905 off 0.4809145126682954 __DUMMY__ 0.00754118207581424	false	1.0
invasion	neg 1.0		neg 0.514770497978028 off 0.4776244409352085 __DUMMY__ 0.007605061086763459	false	1.0
schuld	neg 1.0		neg 0.518737226712948 off 0.4736764860550652 __DUMMY__ 0.007586287231986718	false	1.0
risiko	neg 1.0		neg 0.5134883293491712 off 0.4788876028765488 __DUMMY__ 0.007624067774280122	false	1.0
finster	neg 1.0		neg 0.5168148046363179 off 0.47555393062682877 __DUMMY__ 0.007631264736853445	false	1.0
geisteskrank	off 1.0		neg 0.5149883390802755 off 0.4774799691586302 __DUMMY__ 0.007531691761094166	false	0.5
zusammenbrechen	neg 1.0		neg 0.5193937921183173 off 0.4729787397056903 __DUMMY__ 0.007627468175992367	false	1.0
ausbeute	neg 1.0		neg 0.519748972199665 off 0.4726076184373192 __DUMMY__ 0.007643409363015951	false	1.0
hinterhalt	neg 1.0		neg 0.5172155154024766 off 0.4751865517100472 __DUMMY__ 0.007597932887476151	false	1.0
kritik	neg 1.0		neg 0.5230132343369529 off 0.4694503133002807 __DUMMY__ 0.00753645236276633	false	1.0
einschrumpfen	neg 1.0		neg 0.5169162378497478 off 0.47554814228869247 __DUMMY__ 0.007535619861559667	false	1.0
riskant	neg 1.0		neg 0.5226980542258299 off 0.4696859936399292 __DUMMY__ 0.007615952134240921	false	1.0
frustrieren	neg 1.0		neg 0.5229512248129227 off 0.46943799307171974 __DUMMY__ 0.0076107821153577	false	1.0
groll	neg 1.0		neg 0.5221175335161505 off 0.47029020659381404 __DUMMY__ 0.007592259890035496	false	1.0
gibt			neg 0.5207501572433063 off 0.4716399034966765 __DUMMY__ 0.007609939260017228	false	0.0
qualvoll	neg 1.0		neg 0.5153062409493123 off 0.47707860272824154 __DUMMY__ 0.007615156322446118	false	1.0
wackeln	neg 1.0		neg 0.5161040938800499 off 0.4762541646723132 __DUMMY__ 0.007641741447637098	false	1.0
klagen	neg 1.0		neg 0.525811869041905 off 0.46659556286843457 __DUMMY__ 0.007592568089660323	false	1.0
bankrott	neg 1.0		neg 0.5133626995633837 off 0.479042962912776 __DUMMY__ 0.007594337523840477	false	1.0
trauern	neg 1.0		neg 0.5222562098981273 off 0.47012707491742795 __DUMMY__ 0.007616715184444764	false	1.0
ablehnung	neg 1.0	neg 1.0	neg 0.7473500771326799 off 0.24902921265903846 __DUMMY__ 0.003620710208281602	false	1.0
stur	neg 1.0		neg 0.5181357126733639 off 0.4742751995594263 __DUMMY__ 0.0075890877672097476	false	1.0
aufruhr	neg 1.0		neg 0.5201758243458164 off 0.47227305571129696 __DUMMY__ 0.007551119942886706	false	1.0
melancholie	neg 1.0		neg 0.5186773005851748 off 0.4736647814719134 __DUMMY__ 0.0076579179429119015	false	1.0
ist			neg 0.5176948033220858 off 0.4747134090591053 __DUMMY__ 0.007591787618808778	false	0.0
torheit	neg 1.0		neg 0.520858361864796 off 0.47161618867036914 __DUMMY__ 0.007525449464834858	false	1.0
dreckskind	off 1.0		neg 0.5108277823880508 off 0.48168250744123314 __DUMMY__ 0.007489710170715958	false	0.5
umtauschen	neg 1.0		neg 0.5176202639751994 off 0.47474679825935207 __DUMMY__ 0.007632937765448586	false	1.0
zum			neg 0.523436343209005 off 0.46886969358059694 __DUMMY__ 0.007693963210397874	false	0.0
zersetzen	neg 1.0		neg 0.5240706583379495 off 0.4683215880520914 __DUMMY__ 0.007607753609959052	false	1.0
zur			neg 0.5270611716352452 off 0.4653133577782464 __DUMMY__ 0.007625470586508444	false	0.0
frust	neg 1.0		neg 0.5202548440164654 off 0.4721281398657643 __DUMMY__ 0.007617016117770382	false	1.0
unerbittlichkeit	neg 1.0		neg 0.523178675711859 off 0.4692175237816721 __DUMMY__ 0.007603800506468854	false	1.0
zwei			neg 0.5223557176514395 off 0.4699698574025916 __DUMMY__ 0.007674424945968846	false	0.0
unkorrekt	neg 1.0		neg 0.5152747701189535 off 0.4772090311439627 __DUMMY__ 0.007516198737083841	false	1.0
hexe	off 1.0		neg 0.5132674742803749 off 0.4791477824374115 __DUMMY__ 0.00758474328221374	false	0.5
lasch	neg 1.0		neg 0.5169954523510792 off 0.47544299152771563 __DUMMY__ 0.007561556121205075	false	1.0
rivale	neg 1.0		neg 0.5110775437791167 off 0.48138766587761905 __DUMMY__ 0.0075347903432643115	false	1.0
mutlos	off 1.0	off 1.0	off 0.7187443231909735 neg 0.27761592290296894 __DUMMY__ 0.0036397539060575913	false	1.0
wirr	off 1.0		neg 0.5126932710527082 off 0.4797797408791654 __DUMMY__ 0.007526988068126365	false	0.5
jahr			neg 0.5205394832179996 off 0.4718048168018085 __DUMMY__ 0.007655699980191851	false	0.0
wird			neg 0.5220242633993545 off 0.470361139441406 __DUMMY__ 0.0076145971592395	false	0.0
strafbar	neg 1.0		neg 0.524796505781384 off 0.467637233363921 __DUMMY__ 0.007566260854694942	false	1.0
erosion	neg 1.0		neg 0.5159573680422491 off 0.47642339902500946 __DUMMY__ 0.007619232932741517	false	1.0
eingehen	neg 1.0		neg 0.5226501161570648 off 0.4697546645922113 __DUMMY__ 0.007595219250723809	false	1.0
faul	off 1.0		neg 0.5132313654947098 off 0.4791551245568426 __DUMMY__ 0.007613509948447575	false	0.5
provisorium	neg 1.0		neg 0.5274511648288771 off 0.46485592726280395 __DUMMY__ 0.0076929079083189935	false	1.0
schmerzen	neg 1.0		neg 0.5185904304101039 off 0.47377849725246485 __DUMMY__ 0.007631072337431296	false	1.0
schrumpfen	neg 1.0		neg 0.5263168317195955 off 0.46603658003622017 __DUMMY__ 0.007646588244184368	false	1.0
geistlos	off 1.0		neg 0.5194295198909592 off 0.4730528512476458 __DUMMY__ 0.007517628861394961	false	0.5
fehlkauf	neg 1.0		neg 0.5167446513950534 off 0.4756859150735872 __DUMMY__ 0.007569433531359336	false	1.0
frustrierend	neg 1.0		neg 0.5152876000191519 off 0.47711936833730934 __DUMMY__ 0.007593031643538721	false	1.0
unzufrieden	neg 1.0		neg 0.5219743318261645 off 0.4704254807079161 __DUMMY__ 0.007600187465919337	false	1.0
verzweifeln	neg 1.0		neg 0.5190117911366077 off 0.47337114756899595 __DUMMY__ 0.007617061294396442	false	1.0
verzweifelt	neg 1.0		neg 0.5180879322231988 off 0.47431983616397727 __DUMMY__ 0.007592231612823824	false	1.0
misstrauensantrag	neg 1.0		neg 0.5179544491301605 off 0.47449927481839554 __DUMMY__ 0.007546276051444065	false	1.0
abfallen	neg 1.0		neg 0.5150492583332846 off 0.47729336928537636 __DUMMY__ 0.0076573723813388945	false	1.0
fucker	off 1.0		neg 0.5123006881326678 off 0.480156324246074 __DUMMY__ 0.007542987621258153	false	0.5
ungezogen	neg 1.0		neg 0.5058182474039727 off 0.48664998717332164 __DUMMY__ 0.007531765422705562	false	1.0
irrsinnig	neg 1.0	neg 1.0	neg 0.745469860643906 off 0.250892294486057 __DUMMY__ 0.003637844870036998	false	1.0
unfassbar	neg 1.0		neg 0.5139367694533783 off 0.4784820832952103 __DUMMY__ 0.0075811472514112944	false	1.0
hart	neg 1.0		neg 0.5144855238294397 off 0.47795642242021796 __DUMMY__ 0.007558053750342225	false	1.0
widerlich	off 1.0		neg 0.5143052345267642 off 0.47814104351949094 __DUMMY__ 0.007553721953744792	false	0.5
fatal	neg 1.0		neg 0.516530831235669 off 0.47589195852267324 __DUMMY__ 0.007577210241657759	false	1.0
bruch	neg 1.0		neg 0.5269901185655854 off 0.46543052388536404 __DUMMY__ 0.007579357549050498	false	1.0
aushungern	neg 1.0		neg 0.5209471792748005 off 0.4715062239930129 __DUMMY__ 0.007546596732186757	false	1.0
anspannung	neg 1.0		neg 0.5234139716517555 off 0.4689157438152716 __DUMMY__ 0.0076702845329728675	false	1.0
von			neg 0.5225686498896671 off 0.4697913683279399 __DUMMY__ 0.007639981782392981	false	0.0
kraftlos	neg 1.0		neg 0.5189488544523884 off 0.4733858305357392 __DUMMY__ 0.007665315011872519	false	1.0
vom			neg 0.5264181987415038 off 0.4658935288860823 __DUMMY__ 0.007688272372413889	false	0.0
grenzdebil	off 1.0		neg 0.5125902843140674 off 0.4798270667399264 __DUMMY__ 0.007582648946006078	false	0.5
vor			neg 0.5235822525343673 off 0.468772111198463 __DUMMY__ 0.007645636267169696	false	0.0
unterwerfen	neg 1.0		neg 0.5228111188725326 off 0.4695907459151958 __DUMMY__ 0.007598135212271683	false	1.0
versenkung	neg 1.0		neg 0.523091893305415 off 0.46930091060531953 __DUMMY__ 0.0076071960892653955	false	1.0
entziehen	neg 1.0		neg 0.5255602356903583 off 0.4668308015042354 __DUMMY__ 0.007608962805406437	false	1.0
finanzkrise	neg 1.0		neg 0.5213540966645687 off 0.471101603127529 __DUMMY__ 0.007544300207902371	false	1.0
schimpfend	neg 1.0		neg 0.5134926479945789 off 0.4788401184890122 __DUMMY__ 0.007667233516408944	false	1.0
profan	neg 1.0		neg 0.5166946546150297 off 0.4757101434016638 __DUMMY__ 0.007595201983306269	false	1.0
korruption	neg 1.0		neg 0.523635724885211 off 0.46881837589961967 __DUMMY__ 0.007545899215169226	false	1.0
â			neg 0.520142758979255 off 0.47223213882381826 __DUMMY__ 0.007625102196926572	false	0.0
schmutzig	neg 1.0		neg 0.5115402841234673 off 0.48084469736588453 __DUMMY__ 0.007615018510648169	false	1.0
sexy	neg 1.0		neg 0.5144405040760663 off 0.4779724251798336 __DUMMY__ 0.007587070744100165	false	1.0
abraten	neg 1.0		neg 0.5171239938727733 off 0.47526803892259634 __DUMMY__ 0.007607967204630258	false	1.0
schwarz	neg 1.0		neg 0.5173741610338951 off 0.4750446276014327 __DUMMY__ 0.007581211364672128	false	1.0
fotze	off 1.0		neg 0.5213129914548167 off 0.47110778811978726 __DUMMY__ 0.007579220425396109	false	0.5
verwirren	neg 1.0		neg 0.5160935925029446 off 0.47631733712345453 __DUMMY__ 0.0075890703736008445	false	1.0
zahnlos	off 1.0		neg 0.5229216329715667 off 0.4695033013618334 __DUMMY__ 0.007575065666599853	false	0.5
verheeren	neg 1.0		neg 0.5049413001093046 off 0.4875637989929299 __DUMMY__ 0.007494900897765441	false	1.0
hippie	neg 1.0		neg 0.5149396028501488 off 0.4774779365287972 __DUMMY__ 0.007582460621053956	false	1.0
rammen	neg 1.0		neg 0.5158338990075351 off 0.47657766603496915 __DUMMY__ 0.007588434957495744	false	1.0
unlauter	neg 1.0	neg 1.0	neg 0.7450737476704828 off 0.2513055739794311 __DUMMY__ 0.0036206783500860565	false	1.0
unheilvoll	neg 1.0		neg 0.5159540781493247 off 0.47643569161083893 __DUMMY__ 0.0076102302398363695	false	1.0
niedrig	neg 1.0		neg 0.5223729959586856 off 0.4700386520083178 __DUMMY__ 0.007588352032996636	false	1.0
explosion	neg 1.0		neg 0.5147901181581522 off 0.47761248256047895 __DUMMY__ 0.007597399281368908	false	1.0
weichei	off 1.0		neg 0.5089382854098042 off 0.4835263100283519 __DUMMY__ 0.007535404561843868	false	0.5
minusmensch	off 1.0		neg 0.5076093609126989 off 0.48493864156720645 __DUMMY__ 0.007451997520094536	false	0.5
farblos	neg 1.0		neg 0.5172603792588243 off 0.4751426785379022 __DUMMY__ 0.007596942203273492	false	1.0
unwissend	neg 1.0		neg 0.514897037681238 off 0.4775404515933486 __DUMMY__ 0.007562510725413397	false	1.0
traurig	neg 1.0		neg 0.510592006198767 off 0.4818268160454943 __DUMMY__ 0.0075811777557386745	false	1.0
senkung	neg 1.0		neg 0.5158362531307802 off 0.47658775968194816 __DUMMY__ 0.007575987187271495	false	1.0
ungleich	neg 1.0	neg 1.0	neg 0.7479419220654748 off 0.2484165472164874 __DUMMY__ 0.00364153071803771	false	1.0
heikel	neg 1.0		neg 0.52422934611621 off 0.46816318957092684 __DUMMY__ 0.007607464312863219	false	1.0
drosselung	neg 1.0		neg 0.5102950070558828 off 0.48212806154974314 __DUMMY__ 0.0075769313943741205	false	1.0
falsch	neg 1.0		neg 0.5153144557952202 off 0.4771049684403745 __DUMMY__ 0.00758057576440531	false	1.0
unzufriedenheit	neg 1.0		neg 0.52428811572512 off 0.4681033287499306 __DUMMY__ 0.0076085555249493	false	1.0
kurz	neg 1.0		neg 0.5184790917296662 off 0.4738717665675079 __DUMMY__ 0.007649141702826083	false	1.0
unsinnig	neg 1.0		neg 0.5220007204220914 off 0.4704107432243932 __DUMMY__ 0.0075885363535153115	false	1.0
penner	off 1.0	off 1.0	off 0.7275715376637097 neg 0.2688120732830525 __DUMMY__ 0.003616389053237727	false	1.0
seicht	neg 1.0		neg 0.507968966421624 off 0.4845346349782883 __DUMMY__ 0.007496398600087569	false	1.0
dummheit	off 1.0	off 1.0	off 0.7217967243377559 neg 0.27457289858037875 __DUMMY__ 0.0036303770818653432	false	1.0
unerfreulich	neg 1.0		neg 0.5240196198875346 off 0.468355655184865 __DUMMY__ 0.007624724927600349	false	1.0
motherfucker	off 1.0	off 1.0	off 0.724760672901103 neg 0.2716188394772668 __DUMMY__ 0.003620487621630199	false	1.0
pikiert	neg 1.0		neg 0.5152733049879202 off 0.4771632352669583 __DUMMY__ 0.0075634597451216265	false	1.0
wrack	neg 1.0		neg 0.520800501615483 off 0.47159309781111464 __DUMMY__ 0.007606400573402315	false	1.0
gangster	neg 1.0		neg 0.5157198702596677 off 0.47669466404826766 __DUMMY__ 0.007585465692064487	false	1.0
krank	neg 1.0		neg 0.5116319808958768 off 0.480764710009651 __DUMMY__ 0.007603309094471991	false	1.0
reich	neg 1.0		neg 0.5167391045731397 off 0.47576407443538404 __DUMMY__ 0.007496820991476438	false	1.0
gnadenlos	neg 1.0		neg 0.5185177306386778 off 0.4738940162890669 __DUMMY__ 0.007588253072255419	false	1.0
niedergeschlagen	neg 1.0		neg 0.5193778219327599 off 0.4729976355086916 __DUMMY__ 0.007624542558548576	false	1.0
terrorisieren	off 1.0	off 1.0	off 0.7192232690144783 neg 0.2771209475245836 __DUMMY__ 0.0036557834609381125	false	1.0
sinnlosigkeit	neg 1.0		neg 0.52216636803467 off 0.4702462390867683 __DUMMY__ 0.007587392878561722	false	1.0
behindern	neg 1.0		neg 0.5177995230777291 off 0.4745773986015924 __DUMMY__ 0.007623078320678398	false	1.0
undemokratisch	neg 1.0		neg 0.5202501436849799 off 0.4722185504152372 __DUMMY__ 0.007531305899782807	false	1.0
wirtschaftskrise	neg 1.0		neg 0.5223970032883655 off 0.4700327819864336 __DUMMY__ 0.0075702147252010065	false	1.0
neid	neg 1.0		neg 0.5136597029446309 off 0.47871920144649505 __DUMMY__ 0.007621095608873962	false	1.0
rutschen	neg 1.0		neg 0.5218799705946952 off 0.4704022302827714 __DUMMY__ 0.007717799122533345	false	1.0
rezession	neg 1.0		neg 0.5115021822123691 off 0.48098830666780273 __DUMMY__ 0.0075095111198280025	false	1.0
fehlgeburt	neg 1.0		neg 0.5173362921684297 off 0.4750580235664398 __DUMMY__ 0.007605684265130441	false	1.0
charakterschwach	off 1.0		neg 0.5144928055035412 off 0.4779532069346205 __DUMMY__ 0.007553987561838348	false	0.5
isolation	neg 1.0		neg 0.5138507685351361 off 0.4785730260311621 __DUMMY__ 0.007576205433701916	false	1.0
ablenkung	neg 1.0		neg 0.5177874998937988 off 0.47459403573588876 __DUMMY__ 0.007618464370312349	false	1.0
pech	neg 1.0		neg 0.5153157305429953 off 0.47708790737466383 __DUMMY__ 0.007596362082340909	false	1.0
vermeidung	neg 1.0		neg 0.5107619892015545 off 0.4816423787947848 __DUMMY__ 0.007595632003660864	false	1.0
dominieren	neg 1.0		neg 0.5214736630173953 off 0.47094950305234634 __DUMMY__ 0.007576833930258366	false	1.0
schwindlig	neg 1.0		neg 0.5144258512596699 off 0.4779498788501223 __DUMMY__ 0.0076242698902077655	false	1.0
lutscher	neg 1.0		neg 0.5068510230431967 off 0.48565129028330095 __DUMMY__ 0.007497686673502354	false	1.0
pflicht	neg 1.0		neg 0.5245403430750142 off 0.4678545105798315 __DUMMY__ 0.007605146345154364	false	1.0
faschist	off 1.0		neg 0.5188376523272276 off 0.4736279913799788 __DUMMY__ 0.007534356292793542	false	0.5
verschleudern	neg 1.0		neg 0.5234737575169823 off 0.46896093975898057 __DUMMY__ 0.007565302724037141	false	1.0
wenn			neg 0.5152700923587268 off 0.47714738996913336 __DUMMY__ 0.007582517672139756	false	0.0
ehebruch	neg 1.0		neg 0.5229343732263624 off 0.46948007075887654 __DUMMY__ 0.007585556014761057	false	1.0
spott	off 1.0		neg 0.523474131517953 off 0.4689357185634578 __DUMMY__ 0.007590149918589326	false	0.5
trostlosigkeit	neg 1.0		neg 0.5259365787379495 off 0.4664953251875653 __DUMMY__ 0.007568096074485317	false	1.0
lutschen	neg 1.0		neg 0.5158763565217493 off 0.4765794074480735 __DUMMY__ 0.007544236030177146	false	1.0
undiszipliniert	neg 1.0		neg 0.5119021555165832 off 0.48052882031323796 __DUMMY__ 0.007569024170178634	false	1.0
kopfschmerz	neg 1.0		neg 0.5182549470971055 off 0.47412424043358425 __DUMMY__ 0.00762081246931022	false	1.0
unvorhergesehen	neg 1.0		neg 0.518170713161798 off 0.4741706549318172 __DUMMY__ 0.0076586319063848655	false	1.0
desinteressiert	neg 1.0		neg 0.5128986606872709 off 0.47954505317517315 __DUMMY__ 0.00755628613755593	false	1.0
armselig	off 1.0		neg 0.51249201353213 off 0.4799666895489456 __DUMMY__ 0.007541296918924299	false	0.5
desaster	neg 1.0		neg 0.5277824593211163 off 0.464643956909016 __DUMMY__ 0.007573583769867626	false	1.0
tod	neg 1.0		neg 0.5231979692379299 off 0.46922306107536615 __DUMMY__ 0.0075789696867039425	false	1.0
herzlos	neg 1.0		neg 0.5100160256463393 off 0.48240822103260844 __DUMMY__ 0.007575753321052339	false	1.0
unwissenheit	neg 1.0		neg 0.5223157720658781 off 0.4701010728292946 __DUMMY__ 0.007583155104827264	false	1.0
widersinnig	neg 1.0		neg 0.5236955634452634 off 0.4687765681078166 __DUMMY__ 0.007527868446920128	false	1.0
bedenklich	neg 1.0		neg 0.5233165697376142 off 0.46908197195686424 __DUMMY__ 0.007601458305521502	false	1.0
beanstanden	neg 1.0		neg 0.5251273053371035 off 0.4672700030694069 __DUMMY__ 0.007602691593489663	false	1.0
panisch	neg 1.0	neg 1.0	neg 0.7426464437578865 off 0.25367491365656036 __DUMMY__ 0.0036786425855531795	false	1.0
debil	off 1.0		neg 0.526363420207809 off 0.46600033393664403 __DUMMY__ 0.007636245855546947	false	0.5
abstrich	neg 1.0		neg 0.51547456633959 off 0.476873964918886 __DUMMY__ 0.007651468741523872	false	1.0
primitiv	neg 1.0		neg 0.5139096857137994 off 0.4785417079351882 __DUMMY__ 0.007548606351012406	false	1.0
abschaum	off 1.0	off 1.0	off 0.722948033210126 neg 0.27342940778673264 __DUMMY__ 0.003622559003141338	false	1.0
provozieren	neg 1.0		neg 0.5198373142741954 off 0.47258908666174093 __DUMMY__ 0.007573599064063532	false	1.0
tot	neg 1.0		neg 0.5200454906325989 off 0.47236601029185715 __DUMMY__ 0.007588499075544023	false	1.0
instabil	neg 1.0		neg 0.5128050251920995 off 0.4796896917455806 __DUMMY__ 0.0075052830623198894	false	1.0
schwuchtel	off 1.0		neg 0.50332717008196 off 0.48922839569362286 __DUMMY__ 0.007444434224417158	false	0.5
zerren	neg 1.0		neg 0.5198659098567253 off 0.4725140397942839 __DUMMY__ 0.007620050348990829	false	1.0
kinderficker	off 1.0		neg 0.5110654941422683 off 0.4814195828684328 __DUMMY__ 0.007514922989298896	false	0.5
gefahr	neg 1.0		neg 0.5236466002004352 off 0.46877309556153335 __DUMMY__ 0.007580304238031391	false	1.0
rabiat	neg 1.0		neg 0.5191356899774577 off 0.4732689251988342 __DUMMY__ 0.007595384823708022	false	1.0
verlangsamung	neg 1.0		neg 0.507796534944018 off 0.48469924761068345 __DUMMY__ 0.007504217445298702	false	1.0
ausgestorben	neg 1.0		neg 0.52021959085964 off 0.4721698013894996 __DUMMY__ 0.007610607750860538	false	1.0
anklagen	neg 1.0		neg 0.5202499970280678 off 0.4721732601830165 __DUMMY__ 0.007576742788915706	false	1.0
trott	neg 1.0		neg 0.5180803147702844 off 0.4743057603452098 __DUMMY__ 0.007613924884505693	false	1.0
verminderung	neg 1.0		neg 0.5116799286231868 off 0.4807608626082153 __DUMMY__ 0.007559208768598005	false	1.0
nach			neg 0.5232450941464669 off 0.4690602789434268 __DUMMY__ 0.00769462691010636	false	0.0
rost	neg 1.0		neg 0.5067531068124986 off 0.485728165323277 __DUMMY__ 0.007518727864224484	false	1.0
destruktiv	neg 1.0		neg 0.5214741417494363 off 0.47095841908658437 __DUMMY__ 0.007567439163979307	false	1.0
unzumutbarkeit	neg 1.0		neg 0.5115415830516455 off 0.48087898495912723 __DUMMY__ 0.007579431989227208	false	1.0
labil	off 1.0	off 1.0	off 0.7236629013927567 neg 0.27271305856949174 __DUMMY__ 0.003624040037751517	false	1.0
ziemlich	neg 1.0		neg 0.5133383972938189 off 0.47908175738393094 __DUMMY__ 0.007579845322250209	false	1.0
lachnummer	off 1.0		neg 0.5216200085938267 off 0.4708141995188178 __DUMMY__ 0.007565791887355455	false	0.5
oder			neg 0.5179516758492503 off 0.47442541483562284 __DUMMY__ 0.0076229093151269555	false	0.0
verfall	neg 1.0		neg 0.5274218515367327 off 0.4649533514527638 __DUMMY__ 0.0076247970105035165	false	1.0
ausgrenzung	neg 1.0		neg 0.5190494997341277 off 0.4734129334447621 __DUMMY__ 0.007537566821110157	false	1.0
unordnung	neg 1.0		neg 0.5117515893496986 off 0.48073856011229654 __DUMMY__ 0.0075098505380047425	false	1.0
fehlverhalten	neg 1.0		neg 0.5243499031693164 off 0.4680683762194551 __DUMMY__ 0.007581720611228577	false	1.0
eine			neg 0.5234007027566348 off 0.46895861337796935 __DUMMY__ 0.007640683865395898	false	0.0
nille	neg 1.0		neg 0.5205620576837198 off 0.4718804104002208 __DUMMY__ 0.0075575319160595044	false	1.0
qual	neg 1.0		neg 0.5184124259774218 off 0.4739782259336179 __DUMMY__ 0.007609348088960256	false	1.0
verschwenden	neg 1.0		neg 0.52236060393623 off 0.470023289549169 __DUMMY__ 0.007616106514600968	false	1.0
riesig	neg 1.0		neg 0.5180897511278836 off 0.4742822194932628 __DUMMY__ 0.007628029378853626	false	1.0
verurteilen	neg 1.0		neg 0.522478311922001 off 0.46994664353774496 __DUMMY__ 0.007575044540254178	false	1.0
klischee	neg 1.0	neg 1.0	neg 0.7444920543533958 off 0.25188480517653705 __DUMMY__ 0.003623140470067191	false	1.0
diktatorisch	neg 1.0		neg 0.5210161587055485 off 0.47146671759430087 __DUMMY__ 0.007517123700150442	false	1.0
vorhersehbar	neg 1.0		neg 0.5184471039230292 off 0.4739943867903329 __DUMMY__ 0.007558509286637872	false	1.0
sowie			neg 0.5096114511641895 off 0.4828823759686984 __DUMMY__ 0.007506172867112077	false	0.0
stornieren	neg 1.0		neg 0.5141044708158153 off 0.47826998530777287 __DUMMY__ 0.007625543876411822	false	1.0
besteuerung	neg 1.0		neg 0.5177798432727005 off 0.47464010597618955 __DUMMY__ 0.007580050751109878	false	1.0
ungeschminkt	neg 1.0		neg 0.5125694199172705 off 0.47985618566203203 __DUMMY__ 0.007574394420697573	false	1.0
kritisch	neg 1.0		neg 0.5238192976228938 off 0.46859669746192295 __DUMMY__ 0.00758400491518316	false	1.0
schlamperei	off 1.0		neg 0.5238444564947171 off 0.46858703847934396 __DUMMY__ 0.007568505025938869	false	0.5
sucht	neg 1.0	neg 1.0	neg 0.7419977637375734 off 0.25432501787869444 __DUMMY__ 0.003677218383732169	false	1.0
egoistisch	off 1.0		neg 0.5089845575375269 off 0.4834760781100924 __DUMMY__ 0.007539364352380727	false	0.5
ausbeuter	off 1.0		neg 0.5247647018373786 off 0.46765558180718364 __DUMMY__ 0.007579716355437856	false	0.5
arschgeburt	off 1.0		neg 0.5035508042353566 off 0.48900569149781936 __DUMMY__ 0.007443504266824018	false	0.5
schubs	neg 1.0	neg 1.0	neg 0.745424830884733 off 0.2508988572909413 __DUMMY__ 0.0036763118243256306	false	1.0
unsolide	neg 1.0		neg 0.5201752068764898 off 0.472366886795978 __DUMMY__ 0.007457906327532318	false	1.0
beschwerde	neg 1.0		neg 0.522904444980299 off 0.46952699972952755 __DUMMY__ 0.007568555290173432	false	1.0
stocken	neg 1.0		neg 0.5212848008516924 off 0.47110419312109286 __DUMMY__ 0.007611006027214708	false	1.0
isolieren	neg 1.0		neg 0.5178148933475945 off 0.4745518209506549 __DUMMY__ 0.007633285701750761	false	1.0
unheilbar	neg 1.0		neg 0.5174621255958647 off 0.4749296118967286 __DUMMY__ 0.007608262507406727	false	1.0
pisser	off 1.0		neg 0.5118212932605042 off 0.4806537289448264 __DUMMY__ 0.0075249777946695216	false	0.5
löschen	neg 1.0		neg 0.5179905759006199 off 0.474423281383523 __DUMMY__ 0.007586142715857029	false	1.0
durchfallen	neg 1.0		neg 0.5229168757104463 off 0.46948575162186806 __DUMMY__ 0.007597372667685613	false	1.0
wichser	off 1.0		neg 0.5052458479891712 off 0.4872500440122538 __DUMMY__ 0.007504107998574983	false	0.5
terror	neg 1.0		neg 0.5141478094671548 off 0.4782506725413833 __DUMMY__ 0.0076015179914619814	false	1.0
krass	neg 1.0		neg 0.5103548664262266 off 0.48208804359459256 __DUMMY__ 0.007557089979180779	false	1.0
revolte	neg 1.0	neg 1.0	neg 0.7455099440397727 off 0.250892723279988 __DUMMY__ 0.0035973326802394446	false	1.0
besorgt	neg 1.0		neg 0.5185017389271581 off 0.47384993255900587 __DUMMY__ 0.007648328513836059	false	1.0
nachlassen	neg 1.0		neg 0.5189956060008286 off 0.47336353772521467 __DUMMY__ 0.007640856273956815	false	1.0
alt	neg 1.0		neg 0.521352379707831 off 0.47100884776446234 __DUMMY__ 0.007638772527706725	false	1.0
hundesohn	off 1.0		neg 0.5076881556504917 off 0.4848398881989583 __DUMMY__ 0.007471956150550136	false	0.5
als			neg 0.5206569987977696 off 0.4717201505482561 __DUMMY__ 0.00762285065397435	false	0.0
abschreckung	neg 1.0		neg 0.5251605304947028 off 0.4672446110457956 __DUMMY__ 0.00759485845950157	false	1.0
unqualifiziert	neg 1.0		neg 0.5181593523897537 off 0.4742836668883816 __DUMMY__ 0.0075569807218647395	false	1.0
abgewichst	off 1.0		neg 0.5199585878537524 off 0.47244885842081535 __DUMMY__ 0.007592553725432298	false	0.5
schwer	neg 1.0		neg 0.5189690828316669 off 0.4734176873142019 __DUMMY__ 0.007613229854131387	false	1.0
bedeutungslosigkeit	neg 1.0		neg 0.5249179444480392 off 0.46749660494624146 __DUMMY__ 0.007585450605719156	false	1.0
kapitulation	neg 1.0		neg 0.5245088629737956 off 0.467950952254201 __DUMMY__ 0.007540184772003217	false	1.0
unscharf	neg 1.0		neg 0.5153296800162843 off 0.477077315447752 __DUMMY__ 0.007593004535963608	false	1.0
schwinden	neg 1.0		neg 0.5221084142714933 off 0.470263245929294 __DUMMY__ 0.007628339799212738	false	1.0
versklavung	neg 1.0		neg 0.5203538500990517 off 0.4721131000295868 __DUMMY__ 0.007533049871361716	false	1.0
schlecht	neg 1.0		neg 0.5127150352001049 off 0.4796998871463211 __DUMMY__ 0.007585077653573984	false	1.0
verhasst	neg 1.0		neg 0.5201897860801415 off 0.47224515625022695 __DUMMY__ 0.007565057669631336	false	1.0
beschweren	neg 1.0		neg 0.5170417933919301 off 0.4753565275507356 __DUMMY__ 0.00760167905733436	false	1.0
scheiden	neg 1.0		neg 0.5192257807834775 off 0.4731707719892465 __DUMMY__ 0.007603447227275942	false	1.0
frustriert	neg 1.0		neg 0.5203525092203334 off 0.47203971949294604 __DUMMY__ 0.007607771286720528	false	1.0
schimmelig	neg 1.0		neg 0.5220003896142756 off 0.4703966079372533 __DUMMY__ 0.007603002448470989	false	1.0
fisch	neg 1.0		neg 0.5213353131698654 off 0.4710562567341634 __DUMMY__ 0.007608430095971035	false	1.0
schmuggel	neg 1.0		neg 0.52167862033355 off 0.4706730202151775 __DUMMY__ 0.007648359451272517	false	1.0
auffallen	neg 1.0		neg 0.5169256043776624 off 0.475482314201266 __DUMMY__ 0.00759208142107157	false	1.0
konkurrenz	neg 1.0		neg 0.5243775076725355 off 0.46800200648650686 __DUMMY__ 0.007620485840957668	false	1.0
teufelskreis	neg 1.0		neg 0.520459772356452 off 0.47194281808784255 __DUMMY__ 0.007597409555705368	false	1.0
aufschreien	neg 1.0		neg 0.5180560750949782 off 0.47437539458464506 __DUMMY__ 0.00756853032037691	false	1.0
schuldner	neg 1.0		neg 0.5237260388862972 off 0.4686917106228717 __DUMMY__ 0.007582250490830935	false	1.0
missgeburt	off 1.0	off 1.0	off 0.7258924670520394 neg 0.27051409494992584 __DUMMY__ 0.003593437998034765	false	1.0
arbeitslos	neg 1.0		neg 0.5223972315416266 off 0.47001785874897517 __DUMMY__ 0.007584909709398032	false	1.0
befallen	neg 1.0		neg 0.5221710441686401 off 0.4702583057578483 __DUMMY__ 0.007570650073511642	false	1.0
miesepetrig	off 1.0		neg 0.5116580326144043 off 0.48073312059868284 __DUMMY__ 0.007608846786912808	false	0.5
alarmieren	neg 1.0		neg 0.5153939976281787 off 0.47706120133158747 __DUMMY__ 0.00754480104023366	false	1.0
ungeduscht	off 1.0		neg 0.5152850630858986 off 0.47712199087007306 __DUMMY__ 0.007592946044028354	false	0.5
knappheit	neg 1.0		neg 0.5216938488209616 off 0.4707206684329679 __DUMMY__ 0.007585482746070543	false	1.0
schlange	neg 1.0		neg 0.5160957952700727 off 0.4762803983622147 __DUMMY__ 0.0076238063677125335	false	1.0
harsch	neg 1.0		neg 0.5059143582846826 off 0.48651292029129745 __DUMMY__ 0.0075727214240199	false	1.0
lang	neg 1.0		neg 0.5171042884155314 off 0.4752942987544449 __DUMMY__ 0.007601412830023835	false	1.0
ziellos	neg 1.0		neg 0.5213242041249337 off 0.47105739386332 __DUMMY__ 0.007618402011746232	false	1.0
selbstverliebt	neg 1.0		neg 0.506067760028627 off 0.48647346821817894 __DUMMY__ 0.007458771753194065	false	1.0
beseitigen	neg 1.0		neg 0.5172449311673957 off 0.47514874577882027 __DUMMY__ 0.007606323053783977	false	1.0
dumm	off 1.0		neg 0.5087393254343825 off 0.4837343171707726 __DUMMY__ 0.007526357394844868	false	0.5
arbeitsloser	neg 1.0		neg 0.5232209065938689 off 0.469191060162534 __DUMMY__ 0.0075880332435970645	false	1.0
blitzen	neg 1.0		neg 0.51500848838452 off 0.4774092310702968 __DUMMY__ 0.0075822805451832	false	1.0
hilflos	neg 1.0		neg 0.5205355170302164 off 0.47185208772367915 __DUMMY__ 0.007612395246104503	false	1.0
eklig	off 1.0		neg 0.5082958504023609 off 0.48419215573799185 __DUMMY__ 0.007511993859647239	false	0.5
begriff			neg 0.5208285512132071 off 0.47157547952701184 __DUMMY__ 0.007595969259780936	false	0.0
hungersnot	neg 1.0		neg 0.5217006311277124 off 0.4707610085979037 __DUMMY__ 0.007538360274383886	false	1.0
ungesetzlich	neg 1.0		neg 0.5199600396768658 off 0.47252842878279366 __DUMMY__ 0.007511531540340657	false	1.0
verschwendung	neg 1.0		neg 0.5233810575822516 off 0.46900182203278945 __DUMMY__ 0.007617120384958951	false	1.0
schmerzvoll	neg 1.0		neg 0.5169048823937308 off 0.47549105856635887 __DUMMY__ 0.007604059039910236	false	1.0
vorzeitig	neg 1.0		neg 0.5137905747346861 off 0.47864278127206306 __DUMMY__ 0.007566643993250654	false	1.0
unvollkommenheit	neg 1.0		neg 0.5181263973398793 off 0.47427047255221255 __DUMMY__ 0.007603130107908134	false	1.0
intervenieren	neg 1.0		neg 0.5245964921655358 off 0.46783073957963794 __DUMMY__ 0.00757276825482619	false	1.0
banause	off 1.0		neg 0.50665941311342 off 0.4858333302118799 __DUMMY__ 0.007507256674700012	false	0.5
rebell	neg 1.0		neg 0.5232768667593791 off 0.469089957790278 __DUMMY__ 0.0076331754503429685	false	1.0
unlogisch	neg 1.0		neg 0.5124404469976349 off 0.48002145988920575 __DUMMY__ 0.007538093113159281	false	1.0
leiden	neg 1.0	neg 1.0	neg 0.7446822088104724 off 0.25159439511881404 __DUMMY__ 0.0037233960707135274	false	1.0
abschaffung	neg 1.0		neg 0.5196986350184849 off 0.4727482202518347 __DUMMY__ 0.007553144729680229	false	1.0
sturz	neg 1.0		neg 0.5186626894174822 off 0.4737800220280471 __DUMMY__ 0.0075572885544707155	false	1.0
verkleinerung	neg 1.0		neg 0.5180314691222045 off 0.47445509456940094 __DUMMY__ 0.007513436308394438	false	1.0
schmarotzer	off 1.0		neg 0.5234895494223881 off 0.46893842367280336 __DUMMY__ 0.00757202690480842	false	0.5
bestrafung	neg 1.0		neg 0.5179118664486214 off 0.47449864730366226 __DUMMY__ 0.0075894862477164345	false	1.0
achtlos	neg 1.0		neg 0.5185150356265571 off 0.4738628314480251 __DUMMY__ 0.0076221329254177695	false	1.0
ungeheuer	neg 1.0		neg 0.5165488431906328 off 0.4758627683981489 __DUMMY__ 0.007588388411218345	false	1.0
unaufrichtig	neg 1.0		neg 0.5171813000069375 off 0.4752679123403226 __DUMMY__ 0.007550787652739953	false	1.0
