unsolidarisch	neg 1.0		__DUMMY__ 0.488198903898174 neg 0.2702629168368352 off 0.24153817926499072	false	1.0
nachteilig	neg 1.0		__DUMMY__ 0.4932028035657132 neg 0.26769206397874673 off 0.23910513245554016	false	1.0
skeptisch	neg 1.0		__DUMMY__ 0.49480437920195947 neg 0.268725324487607 off 0.23647029631043356	false	1.0
schrecklich	neg 1.0		__DUMMY__ 0.49079330910246877 neg 0.2584804356094029 off 0.2507262552881284	false	1.0
schlapp	neg 1.0		__DUMMY__ 0.4942627547909022 neg 0.2588535820834947 off 0.24688366312560311	false	1.0
abfall	neg 1.0		__DUMMY__ 0.4957607382086186 neg 0.26929753326516287 off 0.23494172852621842	false	1.0
widerspenstig	neg 1.0		__DUMMY__ 0.49585094051654993 neg 0.2619010171245552 off 0.24224804235889472	false	1.0
abrupt	neg 1.0		__DUMMY__ 0.49719452175244727 neg 0.2616315652376559 off 0.24117391300989677	false	1.0
unwirksam	neg 1.0		__DUMMY__ 0.4886748303068719 neg 0.26965314513416794 off 0.24167202455896006	false	1.0
angreifen	neg 1.0		__DUMMY__ 0.49355920690176963 neg 0.2687467577119499 off 0.2376940353862806	false	1.0
inkonsistent	neg 1.0		__DUMMY__ 0.49256024080942556 neg 0.262934808468743 off 0.24450495072183145	false	1.0
abrutschen	neg 1.0		__DUMMY__ 0.4962511219910351 neg 0.26856737693496713 off 0.2351815010739978	false	1.0
unsicher	neg 1.0		__DUMMY__ 0.49415732690930525 neg 0.263916231705626 off 0.2419264413850688	false	1.0
bauernkind	off 1.0		__DUMMY__ 0.48714613213658375 neg 0.25921172634095124 off 0.253642141522465	false	0.5
angreifer	neg 1.0		__DUMMY__ 0.4907262993667822 neg 0.2642439344092355 off 0.24502976622398218	false	1.0
trennen	neg 1.0		__DUMMY__ 0.497295661119673 neg 0.2648684386076927 off 0.23783590027263432	false	1.0
schmutz	neg 1.0		__DUMMY__ 0.4960534134042912 neg 0.25548231168920466 off 0.24846427490650413	false	1.0
inkonsistenz	neg 1.0	neg 1.0	neg 0.6202812006986989 __DUMMY__ 0.24066457145355222 off 0.13905422784774896	false	1.0
erschreckend	neg 1.0		__DUMMY__ 0.49310600061093096 neg 0.2664789244270913 off 0.24041507496197773	false	1.0
ertrinken	neg 1.0		__DUMMY__ 0.49617053943007416 neg 0.2648528774657482 off 0.23897658310417766	false	1.0
pickelface	off 1.0		__DUMMY__ 0.49148202928441304 neg 0.26590626449415966 off 0.24261170622142747	false	0.5
seiner			__DUMMY__ 0.49438906888047673 neg 0.26796398214769745 off 0.23764694897182567	false	0.0
lauch	neg 1.0		__DUMMY__ 0.49542585845159864 neg 0.2681239745894024 off 0.23645016695899887	false	1.0
unwichtig	neg 1.0		__DUMMY__ 0.49203018411524274 neg 0.2615289910797098 off 0.2464408248050476	false	1.0
steuerhinterziehung	neg 1.0		__DUMMY__ 0.48999015615885083 neg 0.2694705033349408 off 0.2405393405062082	false	1.0
schock	neg 1.0		__DUMMY__ 0.4967890978179055 neg 0.2622820354288014 off 0.24092886675329292	false	1.0
beule	neg 1.0		__DUMMY__ 0.4934258214767509 neg 0.2584679599662126 off 0.24810621855703652	false	1.0
vergelten	neg 1.0		__DUMMY__ 0.48896671601908964 neg 0.2589205467942111 off 0.25211273718669924	false	1.0
verdorbenheit	neg 1.0		__DUMMY__ 0.49445492548632947 neg 0.26194344547117543 off 0.24360162904249508	false	1.0
trauma	neg 1.0		__DUMMY__ 0.4929170365537409 neg 0.26322243233158366 off 0.24386053111467543	false	1.0
sinnlos	neg 1.0		__DUMMY__ 0.49302676209086294 neg 0.26287137127434945 off 0.24410186663478753	false	1.0
fettsack	off 1.0	off 1.0	off 0.6135319313928302 __DUMMY__ 0.2393486472047194 neg 0.14711942140245027	false	1.0
feige	off 1.0		__DUMMY__ 0.4907718065686306 neg 0.2634856735168364 off 0.2457425199145331	false	0.5
abdanken	neg 1.0		__DUMMY__ 0.48832529598152674 neg 0.27141525525034454 off 0.24025944876812863	false	1.0
wichtigtuer	off 1.0	off 1.0	off 0.6082010813452261 __DUMMY__ 0.24083633085097778 neg 0.15096258780379607	false	1.0
misslingen	neg 1.0		__DUMMY__ 0.49629573668645216 neg 0.2585279358687577 off 0.24517632744479032	false	1.0
untreu	off 1.0		__DUMMY__ 0.4919733425981285 neg 0.2607766647813196 off 0.24724999262055183	false	0.5
missmutig	neg 1.0		__DUMMY__ 0.494074363825765 neg 0.25970335019373963 off 0.2462222859804953	false	1.0
hurenbock	off 1.0		__DUMMY__ 0.49595752249159103 neg 0.2596833594163174 off 0.24435911809209138	false	0.5
betrunken	neg 1.0		__DUMMY__ 0.4928136926330376 neg 0.2581356909214494 off 0.24905061644551288	false	1.0
korrupt	off 1.0		__DUMMY__ 0.4900880405166805 neg 0.2708240337028372 off 0.23908792578048216	false	0.5
unmut	neg 1.0		__DUMMY__ 0.4944373856341547 neg 0.2700939897106565 off 0.23546862465518892	false	1.0
hackfresse	off 1.0		__DUMMY__ 0.4894767368850568 neg 0.25635913518763054 off 0.2541641279273128	false	0.5
aufblasen	neg 1.0		__DUMMY__ 0.4950683001393691 neg 0.26121612272918165 off 0.24371557713144926	false	1.0
gewaltsam	neg 1.0		__DUMMY__ 0.49089307528597176 neg 0.266276188378887 off 0.24283073633514124	false	1.0
unbeliebtheit	neg 1.0		__DUMMY__ 0.4870576838393858 neg 0.26483775759447353 off 0.24810455856614072	false	1.0
sturheit	neg 1.0		__DUMMY__ 0.49225509961548264 neg 0.2671968487287997 off 0.2405480516557177	false	1.0
kuh	neg 1.0		__DUMMY__ 0.4920189867176896 neg 0.26437914023903925 off 0.2436018730432711	false	1.0
erschrecken	neg 1.0		__DUMMY__ 0.49336226112794346 neg 0.26098896458242576 off 0.24564877428963072	false	1.0
opfer	neg 1.0		__DUMMY__ 0.4940762009101716 neg 0.26753129700478967 off 0.23839250208503865	false	1.0
sinken	neg 1.0		__DUMMY__ 0.4945390648956211 neg 0.2692105052471935 off 0.2362504298571855	false	1.0
stinktier	neg 1.0		__DUMMY__ 0.48913939287462266 neg 0.2600115914756629 off 0.25084901564971457	false	1.0
tucke	off 1.0		__DUMMY__ 0.4904936561139568 off 0.2551033592496802 neg 0.2544029846363631	false	1.0
ein			__DUMMY__ 0.49601149760687097 neg 0.2609429927449913 off 0.24304550964813773	false	0.0
abstieg	neg 1.0		__DUMMY__ 0.4921365765553002 neg 0.26791934919289945 off 0.23994407425180028	false	1.0
missverstehen	neg 1.0		__DUMMY__ 0.4910965187104031 neg 0.2654250631099417 off 0.24347841817965535	false	1.0
ergebnislos	neg 1.0		__DUMMY__ 0.492661199501865 neg 0.2678288449140686 off 0.2395099555840665	false	1.0
unter			__DUMMY__ 0.4998760267812465 neg 0.26803995267890757 off 0.2320840205398458	false	0.0
manipulieren	neg 1.0		__DUMMY__ 0.4947488487064508 neg 0.2672618287445183 off 0.237989322549031	false	1.0
unbewiesen	neg 1.0		__DUMMY__ 0.4880771849278557 neg 0.2706368384796819 off 0.24128597659246234	false	1.0
verschleppen	neg 1.0		__DUMMY__ 0.49319896896327536 neg 0.267188436451353 off 0.23961259458537165	false	1.0
weib	off 1.0		__DUMMY__ 0.48878273410311845 neg 0.25574287115259076 off 0.25547439474429084	false	0.5
opposition	neg 1.0		__DUMMY__ 0.48993894958820683 neg 0.2666618636670129 off 0.24339918674478025	false	1.0
verkehrswidrig	neg 1.0		__DUMMY__ 0.49265463660332565 neg 0.25418760733326207 off 0.2531577560634124	false	1.0
inkorrekt	neg 1.0		__DUMMY__ 0.4882855046912139 neg 0.2648393642276726 off 0.24687513108111356	false	1.0
vermeiden	neg 1.0		__DUMMY__ 0.49812313126542274 neg 0.26751616381140336 off 0.2343607049231739	false	1.0
abweichung	neg 1.0		__DUMMY__ 0.4901939728265072 neg 0.2709334775757995 off 0.23887254959769327	false	1.0
alkoholisiert	neg 1.0		__DUMMY__ 0.4970577460635971 neg 0.2620512481351969 off 0.24089100580120595	false	1.0
scheiss	off 1.0	off 1.0	off 0.6112216658433797 __DUMMY__ 0.2415413117755643 neg 0.14723702238105607	false	1.0
herausforderung	neg 1.0		__DUMMY__ 0.4973417533373824 neg 0.2623622567257475 off 0.2402959899368702	false	1.0
pervers	off 1.0		__DUMMY__ 0.48747085505227533 off 0.2580317583060852 neg 0.25449738664163946	false	1.0
wackelig	neg 1.0		__DUMMY__ 0.4978376988845808 neg 0.2617383115229504 off 0.2404239895924688	false	1.0
verwickeln	neg 1.0		__DUMMY__ 0.49199541868707974 neg 0.26459497180015373 off 0.24340960951276647	false	1.0
vorwand	neg 1.0		__DUMMY__ 0.4935923152980606 neg 0.27027695705294696 off 0.23613072764899232	false	1.0
muschi	off 1.0		__DUMMY__ 0.4915044415898265 neg 0.2663773189138099 off 0.2421182394963636	false	0.5
entmutigung	neg 1.0		__DUMMY__ 0.48714736664905645 neg 0.26912998464865734 off 0.2437226487022862	false	1.0
unangemessen	neg 1.0		__DUMMY__ 0.49140008484882514 neg 0.2696509827836566 off 0.2389489323675184	false	1.0
unstetig	neg 1.0		__DUMMY__ 0.4919461994579961 neg 0.2620670964449419 off 0.245986704097062	false	1.0
entmutigen	neg 1.0		__DUMMY__ 0.49441884276286885 neg 0.262156325715116 off 0.24342483152201524	false	1.0
schwanz	neg 1.0		__DUMMY__ 0.4932578400236938 neg 0.26666427965988054 off 0.24007788031642566	false	1.0
verbot	neg 1.0		__DUMMY__ 0.4901196254412275 neg 0.2702571749245152 off 0.23962319963425727	false	1.0
leid	neg 1.0		__DUMMY__ 0.4902586672828516 neg 0.2573913254832507 off 0.25235000723389767	false	1.0
archaisch	neg 1.0		__DUMMY__ 0.49237889123944073 neg 0.26777885367661003 off 0.23984225508394924	false	1.0
gegen			__DUMMY__ 0.4923277630906167 neg 0.2714662940582009 off 0.2362059428511823	false	0.0
scheidung	neg 1.0	neg 1.0	neg 0.6086004065402854 __DUMMY__ 0.23963994913110312 off 0.1517596443286116	false	1.0
einschlag	neg 1.0		__DUMMY__ 0.48882774012079194 neg 0.25993419499255377 off 0.2512380648866543	false	1.0
m			__DUMMY__ 0.495165344572737 neg 0.2637077303205683 off 0.24112692510669473	false	0.0
abgestanden	neg 1.0		__DUMMY__ 0.4955742512069561 neg 0.26176358356428336 off 0.24266216522876063	false	1.0
schmierig	off 1.0		__DUMMY__ 0.491469088968613 neg 0.25706592069353196 off 0.25146499033785513	false	0.5
unpraktisch	neg 1.0		__DUMMY__ 0.49533920695080685 neg 0.2609479263653932 off 0.24371286668379988	false	1.0
wixxer	off 1.0		__DUMMY__ 0.4867379632680222 off 0.25810560293036083 neg 0.25515643380161707	false	1.0
bezeichnet			__DUMMY__ 0.49173416163587474 neg 0.26750503620700644 off 0.2407608021571189	false	0.0
jammerlappen	off 1.0		__DUMMY__ 0.4921313530809852 neg 0.26146921486010993 off 0.246399432058905	false	0.5
farce	neg 1.0		__DUMMY__ 0.48851520643250934 neg 0.27171155023905835 off 0.23977324332843225	false	1.0
zwecklos	neg 1.0		__DUMMY__ 0.4923757699997582 neg 0.2687931190094757 off 0.23883111099076618	false	1.0
turbulent	neg 1.0		__DUMMY__ 0.49009347280681304 neg 0.2596202041057757 off 0.2502863230874112	false	1.0
invasion	neg 1.0		__DUMMY__ 0.4936836461507 neg 0.2607226612375286 off 0.24559369261177136	false	1.0
schuld	neg 1.0		__DUMMY__ 0.49253927952468346 neg 0.26492790323550125 off 0.24253281723981526	false	1.0
risiko	neg 1.0		__DUMMY__ 0.4950094734263453 neg 0.25878108019777335 off 0.24620944637588135	false	1.0
finster	neg 1.0		__DUMMY__ 0.49536745732911613 neg 0.26188251102178756 off 0.2427500316490964	false	1.0
geisteskrank	off 1.0		__DUMMY__ 0.48928130469315795 neg 0.26317306610517605 off 0.247545629201666	false	0.5
zusammenbrechen	neg 1.0		__DUMMY__ 0.4950185593078189 neg 0.26425416250668504 off 0.24072727818549614	false	1.0
ausbeute	neg 1.0		__DUMMY__ 0.4961641039914177 neg 0.26408679192487 off 0.23974910408371233	false	1.0
hinterhalt	neg 1.0		__DUMMY__ 0.49347637866091215 neg 0.2630757645252085 off 0.24344785681387945	false	1.0
kritik	neg 1.0		__DUMMY__ 0.4896340607888158 neg 0.2702872360795499 off 0.2400787031316343	false	1.0
einschrumpfen	neg 1.0		__DUMMY__ 0.48957799533228674 neg 0.2648170500306135 off 0.2456049546370997	false	1.0
riskant	neg 1.0		__DUMMY__ 0.49432838405352486 neg 0.26763355689406076 off 0.23803805905241432	false	1.0
frustrieren	neg 1.0		__DUMMY__ 0.4940233226563533 neg 0.2680277053923278 off 0.23794897195131898	false	1.0
groll	neg 1.0		__DUMMY__ 0.492945063446847 neg 0.2677790707991135 off 0.23927586575403947	false	1.0
gibt			__DUMMY__ 0.49395952519624714 neg 0.2660406360873353 off 0.23999983871641753	false	0.0
qualvoll	neg 1.0		__DUMMY__ 0.49434802285360646 neg 0.26092124332267336 off 0.2447307338237202	false	1.0
wackeln	neg 1.0		__DUMMY__ 0.49592300654381616 neg 0.2608186348392547 off 0.24325835861692907	false	1.0
klagen	neg 1.0		__DUMMY__ 0.49299377822122054 neg 0.2711395491048146 off 0.23586667267396497	false	1.0
bankrott	neg 1.0		__DUMMY__ 0.4930712334324386 neg 0.2598144674014239 off 0.24711429916613753	false	1.0
trauern	neg 1.0		__DUMMY__ 0.49447756759836453 neg 0.2671300879066397 off 0.23839234449499577	false	1.0
ablehnung	neg 1.0	neg 1.0	neg 0.6233550235225653 __DUMMY__ 0.24033822974693808 off 0.1363067467304966	false	1.0
stur	neg 1.0		__DUMMY__ 0.4927159719730145 neg 0.26428628565143675 off 0.2429977423755486	false	1.0
aufruhr	neg 1.0		__DUMMY__ 0.49055366423354885 neg 0.26725256276189646 off 0.24219377300455472	false	1.0
melancholie	neg 1.0		__DUMMY__ 0.49696588889593857 neg 0.2626816649983638 off 0.24035244610569773	false	1.0
ist			__DUMMY__ 0.492870030550398 neg 0.2638460406900932 off 0.2432839287595087	false	0.0
torheit	neg 1.0		__DUMMY__ 0.48897646047849674 neg 0.2686723554687743 off 0.24235118405272896	false	1.0
dreckskind	off 1.0		__DUMMY__ 0.4868336497677342 neg 0.2607055383436919 off 0.2524608118885738	false	0.5
umtauschen	neg 1.0		__DUMMY__ 0.49544298964133127 neg 0.2625531304931669 off 0.24200387986550165	false	1.0
zum			__DUMMY__ 0.49912414652502274 neg 0.2658899007303987 off 0.23498595274457848	false	0.0
zersetzen	neg 1.0		__DUMMY__ 0.4938681953991806 neg 0.2691102694705438 off 0.23702153513027568	false	1.0
zur			__DUMMY__ 0.4949738814555533 neg 0.27130183180478296 off 0.23372428673966372	false	0.0
frust	neg 1.0		__DUMMY__ 0.49438880193596635 neg 0.2653643601581489 off 0.24024683790588477	false	1.0
unerbittlichkeit	neg 1.0		__DUMMY__ 0.4936470569548824 neg 0.26837622603038547 off 0.23797671701473228	false	1.0
zwei			__DUMMY__ 0.4979167358757813 neg 0.2655388823036206 off 0.23654438182059825	false	0.0
unkorrekt	neg 1.0		__DUMMY__ 0.48846036988781066 neg 0.26387915766332903 off 0.24766047244886033	false	1.0
hexe	off 1.0		__DUMMY__ 0.4926146690799952 neg 0.259997485104992 off 0.24738784581501297	false	0.5
lasch	neg 1.0		__DUMMY__ 0.4911063137064447 neg 0.2640530084348052 off 0.24484067785875	false	1.0
rivale	neg 1.0		__DUMMY__ 0.4895741152049788 neg 0.25949104196011336 off 0.25093484283490775	false	1.0
mutlos	off 1.0	off 1.0	off 0.605453761428853 __DUMMY__ 0.24155190141321103 neg 0.15299433715793595	false	1.0
wirr	off 1.0		__DUMMY__ 0.48914319875164697 neg 0.26119053242089374 off 0.24966626882745913	false	0.5
jahr			__DUMMY__ 0.4968526402293479 neg 0.2644161459898835 off 0.2387312137807685	false	0.0
wird			__DUMMY__ 0.4942398925963995 neg 0.2671065924333641 off 0.2386535149702363	false	0.0
strafbar	neg 1.0		__DUMMY__ 0.491388059773772 neg 0.27103894246290006 off 0.23757299776332802	false	1.0
erosion	neg 1.0		__DUMMY__ 0.49454588323819887 neg 0.26138660208714853 off 0.24406751467465262	false	1.0
eingehen	neg 1.0		__DUMMY__ 0.4930786822688456 neg 0.268226523670031 off 0.23869479406112332	false	1.0
faul	off 1.0		__DUMMY__ 0.49424892888213695 neg 0.25909979524967697 off 0.2466512758681861	false	0.5
provisorium	neg 1.0		__DUMMY__ 0.4990308467448244 neg 0.2696419142024086 off 0.23132723905276703	false	1.0
schmerzen	neg 1.0		__DUMMY__ 0.49532693342763484 neg 0.2635146155314368 off 0.24115845104092842	false	1.0
schrumpfen	neg 1.0		__DUMMY__ 0.49626281133209893 neg 0.2699365300725762 off 0.23380065859532492	false	1.0
geistlos	off 1.0		__DUMMY__ 0.488485963569781 neg 0.2676012519274388 off 0.24391278450278028	false	0.5
fehlkauf	neg 1.0		__DUMMY__ 0.49156969547945933 neg 0.26362054962836506 off 0.24480975489217544	false	1.0
frustrierend	neg 1.0		__DUMMY__ 0.49296458868932647 neg 0.2615810405120422 off 0.24545437079863133	false	1.0
unzufrieden	neg 1.0		__DUMMY__ 0.4933787106218652 neg 0.26745444123928575 off 0.2391668481388491	false	1.0
verzweifeln	neg 1.0		__DUMMY__ 0.4943896679538256 neg 0.26422956439829154 off 0.24138076764788277	false	1.0
verzweifelt	neg 1.0		__DUMMY__ 0.49289044075898825 neg 0.26418460545145445 off 0.24292495378955745	false	1.0
misstrauensantrag	neg 1.0		__DUMMY__ 0.4901977134617531 neg 0.2655323765187808 off 0.24426991001946602	false	1.0
abfallen	neg 1.0		__DUMMY__ 0.4968739263243971 neg 0.2593977561513492 off 0.24372831752425372	false	1.0
fucker	off 1.0		__DUMMY__ 0.48992749105205263 neg 0.2603928125034259 off 0.24967969644452145	false	0.5
ungezogen	neg 1.0		__DUMMY__ 0.48936853431320976 off 0.2558462781222387 neg 0.25478518756455143	false	0.5
irrsinnig	neg 1.0	neg 1.0	neg 0.6210228848857215 __DUMMY__ 0.24140428261877772 off 0.13757283249550073	false	1.0
unfassbar	neg 1.0		__DUMMY__ 0.4922610304238402 neg 0.2607096633370362 off 0.24702930623912372	false	1.0
hart	neg 1.0		__DUMMY__ 0.49105757390027327 neg 0.26187111875748265 off 0.2470713073422442	false	1.0
widerlich	off 1.0		__DUMMY__ 0.49060912671100376 neg 0.26188818306968836 off 0.24750269021930782	false	0.5
fatal	neg 1.0		__DUMMY__ 0.49198348178736173 neg 0.26321454562050384 off 0.24480197259213435	false	1.0
bruch	neg 1.0		__DUMMY__ 0.4922332996577109 neg 0.27262490556982 off 0.23514179477246913	false	1.0
aushungern	neg 1.0		__DUMMY__ 0.4902569109131443 neg 0.2680129959934719 off 0.24173009309338386	false	1.0
anspannung	neg 1.0		__DUMMY__ 0.49769528478618835 neg 0.26655567531920393 off 0.2357490398946077	false	1.0
von			__DUMMY__ 0.495951680660834 neg 0.2667299428462426 off 0.23731837649292337	false	0.0
kraftlos	neg 1.0		__DUMMY__ 0.49734614205622585 neg 0.2626730813163069 off 0.2399807766274671	false	1.0
vom			__DUMMY__ 0.49878479496677197 neg 0.26884427169424535 off 0.2323709333389827	false	0.0
grenzdebil	off 1.0		__DUMMY__ 0.4923484321055804 neg 0.2594337825814168 off 0.24821778531300293	false	0.5
vor			__DUMMY__ 0.4961236844778841 neg 0.2675368584346281 off 0.2363394570874878	false	0.0
unterwerfen	neg 1.0		__DUMMY__ 0.4933130044899805 neg 0.26821920654875564 off 0.23846778896126394	false	1.0
versenkung	neg 1.0		__DUMMY__ 0.4938223581499502 neg 0.26822686473216334 off 0.23795077711788667	false	1.0
entziehen	neg 1.0		__DUMMY__ 0.4939269336828764 neg 0.270446934822164 off 0.23562613149495945	false	1.0
finanzkrise	neg 1.0		__DUMMY__ 0.49013238303338974 neg 0.2685860836593038 off 0.24128153330730653	false	1.0
schimpfend	neg 1.0		__DUMMY__ 0.49757434933125616 neg 0.25761498958768114 off 0.24481066108106286	false	1.0
profan	neg 1.0		__DUMMY__ 0.49310574451862177 neg 0.26281304516758586 off 0.24408121031379235	false	1.0
korruption	neg 1.0		__DUMMY__ 0.49020205950945034 neg 0.27058525498920244 off 0.23921268550134717	false	1.0
â			__DUMMY__ 0.4948773683864861 neg 0.2650768449661435 off 0.24004578664737022	false	0.0
schmutzig	neg 1.0		__DUMMY__ 0.49431390418340954 neg 0.25745692334914294 off 0.24822917246744744	false	1.0
sexy	neg 1.0		__DUMMY__ 0.4925795301014979 neg 0.26100489892672435 off 0.24641557097177766	false	1.0
abraten	neg 1.0		__DUMMY__ 0.4938902331546635 neg 0.2628145985065903 off 0.24329516833874607	false	1.0
schwarz	neg 1.0		__DUMMY__ 0.4922378612645356 neg 0.26387189412930456 off 0.2438902446061598	false	1.0
fotze	off 1.0		__DUMMY__ 0.4921981923601864 neg 0.267489842750719 off 0.2403119648890946	false	0.5
verwirren	neg 1.0		__DUMMY__ 0.4927103747038607 neg 0.2624457027423307 off 0.24484392255380874	false	1.0
zahnlos	off 1.0		__DUMMY__ 0.49186939752135256 neg 0.26909805891345423 off 0.23903254356519324	false	0.5
verheeren	neg 1.0		__DUMMY__ 0.4871965526742401 off 0.25776521420769966 neg 0.25503823311806006	false	0.5
hippie	neg 1.0		__DUMMY__ 0.4922976304598024 neg 0.2615931754871698 off 0.24610919405302775	false	1.0
rammen	neg 1.0		__DUMMY__ 0.4928523273545107 neg 0.26223630900880374 off 0.24491136363668556	false	1.0
unlauter	neg 1.0	neg 1.0	neg 0.6211478272930283 __DUMMY__ 0.24035224928906723 off 0.13849992341790446	false	1.0
unheilvoll	neg 1.0		__DUMMY__ 0.4940994627184255 neg 0.2616645326044588 off 0.24423600467711581	false	1.0
niedrig	neg 1.0		__DUMMY__ 0.49284532979099055 neg 0.2681749545508714 off 0.23897971565813814	false	1.0
explosion	neg 1.0		__DUMMY__ 0.49323823415864504 neg 0.26098084387382425 off 0.24578092196753057	false	1.0
weichei	off 1.0		__DUMMY__ 0.4895402499713183 neg 0.25758666368858585 off 0.25287308634009587	false	0.5
minusmensch	off 1.0		__DUMMY__ 0.4845998311869573 neg 0.2587924178872387 off 0.2566077509258039	false	0.5
farblos	neg 1.0		__DUMMY__ 0.4934473647206443 neg 0.26319882243180226 off 0.24335381284755356	false	1.0
unwissend	neg 1.0		__DUMMY__ 0.4911272146702557 neg 0.26218135267716697 off 0.24669143265257726	false	1.0
traurig	neg 1.0		__DUMMY__ 0.49227412124306913 neg 0.25763712286804763 off 0.25008875588888313	false	1.0
senkung	neg 1.0		__DUMMY__ 0.4920370488791374 neg 0.26259654927954434 off 0.24536640184131825	false	1.0
ungleich	neg 1.0	neg 1.0	neg 0.6232774816281834 __DUMMY__ 0.24166361285468793 off 0.13505890551712874	false	1.0
heikel	neg 1.0		__DUMMY__ 0.4938368605933581 neg 0.2692925595801397 off 0.2368705798265023	false	1.0
drosselung	neg 1.0		__DUMMY__ 0.49212877960638235 neg 0.25745355543544884 off 0.25041766495816864	false	1.0
falsch	neg 1.0		__DUMMY__ 0.4922167569881611 neg 0.2619904050936693 off 0.24579283791816958	false	1.0
unzufriedenheit	neg 1.0		__DUMMY__ 0.493918207294065 neg 0.26926504525654305 off 0.23681674744939193	false	1.0
kurz	neg 1.0		__DUMMY__ 0.496353988536779 neg 0.26279963805415874 off 0.24084637340906237	false	1.0
unsinnig	neg 1.0		__DUMMY__ 0.4926950692777195 neg 0.26784147231006356 off 0.23946345841221695	false	1.0
penner	off 1.0	off 1.0	off 0.6147606457575038 __DUMMY__ 0.24004364165381561 neg 0.14519571258868064	false	1.0
seicht	neg 1.0		__DUMMY__ 0.48721204815439834 neg 0.25780086411384495 off 0.25498708773175666	false	1.0
dummheit	off 1.0	off 1.0	off 0.6087008422132824 __DUMMY__ 0.2409349066667594 neg 0.15036425111995835	false	1.0
unerfreulich	neg 1.0		__DUMMY__ 0.49489199308480614 neg 0.26858134930664396 off 0.23652665760855004	false	1.0
motherfucker	off 1.0	off 1.0	off 0.6119144051794896 __DUMMY__ 0.24029781930771496 neg 0.14778777551279546	false	1.0
pikiert	neg 1.0		__DUMMY__ 0.4912110958739856 neg 0.262463528126214 off 0.24632537599980053	false	1.0
wrack	neg 1.0		__DUMMY__ 0.49398080764902863 neg 0.2661672941395368 off 0.23985189821143457	false	1.0
gangster	neg 1.0		__DUMMY__ 0.4924848027457774 neg 0.2622353454432406 off 0.2452798518109819	false	1.0
krank	neg 1.0		__DUMMY__ 0.49362920887518685 neg 0.25793647374024414 off 0.248434317384569	false	1.0
reich	neg 1.0		__DUMMY__ 0.48741261987085793 neg 0.26583108496727836 off 0.24675629516186373	false	1.0
gnadenlos	neg 1.0		__DUMMY__ 0.4926483241722042 neg 0.2646775543145131 off 0.24267412151328277	false	1.0
niedergeschlagen	neg 1.0		__DUMMY__ 0.4949104715169056 neg 0.26433062343954034 off 0.24075890504355404	false	1.0
terrorisieren	off 1.0	off 1.0	off 0.6054373200878966 __DUMMY__ 0.24258067558971794 neg 0.15198200432238534	false	1.0
sinnlosigkeit	neg 1.0		__DUMMY__ 0.4926157035052586 neg 0.2680364554615492 off 0.23934784103319215	false	1.0
behindern	neg 1.0		__DUMMY__ 0.4947722264806566 neg 0.26296829423183815 off 0.24225947928750527	false	1.0
undemokratisch	neg 1.0		__DUMMY__ 0.489331806794098 neg 0.2678951311133408 off 0.24277306209256125	false	1.0
wirtschaftskrise	neg 1.0		__DUMMY__ 0.49169263320888723 neg 0.2686909056991283 off 0.23961646109198437	false	1.0
neid	neg 1.0		__DUMMY__ 0.49471566797236977 neg 0.25920951200936637 off 0.2460748200182639	false	1.0
rutschen	neg 1.0		__DUMMY__ 0.5005282339378399 neg 0.26376188039587645 off 0.2357098856662835	false	1.0
rezession	neg 1.0		__DUMMY__ 0.4880346686567344 neg 0.2606503651435851 off 0.25131496619968063	false	1.0
fehlgeburt	neg 1.0		__DUMMY__ 0.49399170978296886 neg 0.2629593595019488 off 0.24304893071508224	false	1.0
charakterschwach	off 1.0		__DUMMY__ 0.49066246889249554 neg 0.2619907299043168 off 0.24734680120318747	false	0.5
isolation	neg 1.0		__DUMMY__ 0.4919642597722964 neg 0.26080175297984803 off 0.24723398724785556	false	1.0
ablenkung	neg 1.0		__DUMMY__ 0.4944839764106051 neg 0.26308730262085694 off 0.2424287209685379	false	1.0
pech	neg 1.0		__DUMMY__ 0.493272885439335 neg 0.26156549405511587 off 0.24516162050554904	false	1.0
vermeidung	neg 1.0		__DUMMY__ 0.49321114077358746 neg 0.2573371664197357 off 0.2494516928066768	false	1.0
dominieren	neg 1.0		__DUMMY__ 0.49211808268320584 neg 0.26767572624947117 off 0.240206191067323	false	1.0
schwindlig	neg 1.0		__DUMMY__ 0.49490165564956007 neg 0.2598907936080031 off 0.24520755074243694	false	1.0
lutscher	neg 1.0		__DUMMY__ 0.4873228741148245 neg 0.2567973059835324 off 0.2558798199016431	false	1.0
pflicht	neg 1.0		__DUMMY__ 0.49369310070326905 neg 0.26961754033541707 off 0.2366893589613137	false	1.0
faschist	off 1.0		__DUMMY__ 0.48953675962935 neg 0.26648539737678945 off 0.24397784299386058	false	0.5
verschleudern	neg 1.0		__DUMMY__ 0.4914042302938246 neg 0.2698535024524156 off 0.23874226725375983	false	1.0
wenn			__DUMMY__ 0.4923177626931488 neg 0.26191307443658407 off 0.24576916287026715	false	0.0
ehebruch	neg 1.0		__DUMMY__ 0.49258429568315953 neg 0.26869018045355414 off 0.2387255238632863	false	1.0
spott	off 1.0		__DUMMY__ 0.49284093450169075 neg 0.2690516807168654 off 0.2381073847814439	false	0.5
trostlosigkeit	neg 1.0		__DUMMY__ 0.4915211260375457 neg 0.27206763953875246 off 0.23641123442370185	false	1.0
lutschen	neg 1.0		__DUMMY__ 0.49013748294903375 neg 0.26356886703206145 off 0.2462936500189047	false	1.0
undiszipliniert	neg 1.0		__DUMMY__ 0.4915733147604523 neg 0.25921964152296256 off 0.24920704371658525	false	1.0
kopfschmerz	neg 1.0		__DUMMY__ 0.4947433339447449 neg 0.2634912736441606 off 0.2417653924110946	false	1.0
unvorhergesehen	neg 1.0		__DUMMY__ 0.49701884003873037 neg 0.2621911756864119 off 0.24078998427485765	false	1.0
desinteressiert	neg 1.0		__DUMMY__ 0.49076520764084414 neg 0.2605307045390135 off 0.24870408782014256	false	1.0
armselig	off 1.0		__DUMMY__ 0.48986278574206515 neg 0.26058402908719186 off 0.24955318517074287	false	0.5
desaster	neg 1.0		__DUMMY__ 0.49183175285422087 neg 0.273563496433454 off 0.23460475071232506	false	1.0
tod	neg 1.0		__DUMMY__ 0.49232159050243285 neg 0.26922675229769194 off 0.23845165719987518	false	1.0
herzlos	neg 1.0		__DUMMY__ 0.49194533058644146 neg 0.2572541427460319 off 0.25080052666752656	false	1.0
unwissenheit	neg 1.0		__DUMMY__ 0.4923973713309284 neg 0.268245623481769 off 0.2393570051873026	false	1.0
widersinnig	neg 1.0		__DUMMY__ 0.48909617553756896 neg 0.27120077475736437 off 0.23970304970506665	false	1.0
bedenklich	neg 1.0		__DUMMY__ 0.49346624519552806 neg 0.2686462376425612 off 0.23788751716191084	false	1.0
beanstanden	neg 1.0		__DUMMY__ 0.49357694193153817 neg 0.27022099876358546 off 0.23620205930487626	false	1.0
panisch	neg 1.0	neg 1.0	neg 0.6169021312186745 __DUMMY__ 0.2440580741192033 off 0.13903979466212218	false	1.0
debil	off 1.0		__DUMMY__ 0.4956748088361501 neg 0.2703702275470235 off 0.23395496361682652	false	0.5
abstrich	neg 1.0		__DUMMY__ 0.496806644659858 neg 0.25990929871726226 off 0.24328405662287983	false	1.0
primitiv	neg 1.0		__DUMMY__ 0.49030291570788365 neg 0.26166679228115675 off 0.24803029201095975	false	1.0
abschaum	off 1.0	off 1.0	off 0.6100866323902526 __DUMMY__ 0.24043873682947955 neg 0.1494746307802679	false	1.0
provozieren	neg 1.0		__DUMMY__ 0.49177989731867716 neg 0.2663353569322395 off 0.24188474574908328	false	1.0
tot	neg 1.0		__DUMMY__ 0.4929306667069253 neg 0.2660441351293135 off 0.24102519816376108	false	1.0
instabil	neg 1.0		__DUMMY__ 0.4878528261837639 neg 0.26195326075557723 off 0.25019391306065897	false	1.0
schwuchtel	off 1.0		__DUMMY__ 0.48410231507451185 off 0.2607498604514276 neg 0.25514782447406065	false	1.0
zerren	neg 1.0		__DUMMY__ 0.4945784417302585 neg 0.2649296100741262 off 0.2404919481956153	false	1.0
kinderficker	off 1.0		__DUMMY__ 0.48836741723588256 neg 0.26000637246721187 off 0.2516262102969055	false	0.5
gefahr	neg 1.0		__DUMMY__ 0.49227557958789453 neg 0.2695070467704914 off 0.23821737364161408	false	1.0
rabiat	neg 1.0		__DUMMY__ 0.49311946252378236 neg 0.26500333632373024 off 0.24187720115248737	false	1.0
verlangsamung	neg 1.0		__DUMMY__ 0.48777304342237554 neg 0.25735288273188295 off 0.2548740738457415	false	1.0
ausgestorben	neg 1.0		__DUMMY__ 0.49402191413616797 neg 0.2655583320368698 off 0.24041975382696223	false	1.0
anklagen	neg 1.0		__DUMMY__ 0.49209951577100147 neg 0.26647354960684555 off 0.24142693462215303	false	1.0
trott	neg 1.0		__DUMMY__ 0.4941940898305658 neg 0.2635307561372084 off 0.24227515403222588	false	1.0
verminderung	neg 1.0		__DUMMY__ 0.4909947263565928 neg 0.25934579898453647 off 0.24965947465887087	false	1.0
nach			__DUMMY__ 0.4991320694278593 neg 0.26569255344730247 off 0.23517537712483824	false	0.0
rost	neg 1.0		__DUMMY__ 0.4886942351956807 neg 0.2559195174445274 off 0.25538624735979193	false	1.0
destruktiv	neg 1.0		__DUMMY__ 0.49144766935758377 neg 0.26798719010048805 off 0.24056514054192804	false	1.0
unzumutbarkeit	neg 1.0		__DUMMY__ 0.4922865797916614 neg 0.2584877214656867 off 0.24922569874265196	false	1.0
labil	off 1.0	off 1.0	off 0.6107377811528197 __DUMMY__ 0.2405238890474492 neg 0.14873832979973103	false	1.0
ziemlich	neg 1.0		__DUMMY__ 0.4921783551559819 neg 0.2602186603981225 off 0.2476029844458956	false	1.0
lachnummer	off 1.0		__DUMMY__ 0.4913305528071739 neg 0.26815878263311077 off 0.24051066455971537	false	0.5
oder			__DUMMY__ 0.49476769718937746 neg 0.26314462363529395 off 0.24208767917532872	false	0.0
verfall	neg 1.0		__DUMMY__ 0.4949190833606131 neg 0.27165072390173606 off 0.2334301927376507	false	1.0
ausgrenzung	neg 1.0		__DUMMY__ 0.4897145673086346 neg 0.26659429964700176 off 0.24369113304436352	false	1.0
unordnung	neg 1.0		__DUMMY__ 0.4881931982878029 neg 0.2608202755939777 off 0.2509865261182194	false	1.0
fehlverhalten	neg 1.0		__DUMMY__ 0.49230610399970987 neg 0.27013530827350274 off 0.23755858772678745	false	1.0
eine			__DUMMY__ 0.4958293359891781 neg 0.2675472975221288 off 0.23662336648869298	false	0.0
nille	neg 1.0		__DUMMY__ 0.49085840318869295 neg 0.2674733389296514 off 0.24166825788165563	false	1.0
qual	neg 1.0		__DUMMY__ 0.49391831550781223 neg 0.2639669438356583 off 0.24211474065652946	false	1.0
verschwenden	neg 1.0		__DUMMY__ 0.49435349394344524 neg 0.2673568818826473 off 0.23828962417390748	false	1.0
riesig	neg 1.0		__DUMMY__ 0.49521512008872537 neg 0.262968876593022 off 0.24181600331825281	false	1.0
verurteilen	neg 1.0		__DUMMY__ 0.49192974391656563 neg 0.26860196381162155 off 0.23946829227181282	false	1.0
klischee	neg 1.0	neg 1.0	neg 0.6205473909862786 __DUMMY__ 0.2404578261066858 off 0.13899478290703568	false	1.0
diktatorisch	neg 1.0		__DUMMY__ 0.48848533695518814 neg 0.2690265605258195 off 0.2424881025189924	false	1.0
vorhersehbar	neg 1.0		__DUMMY__ 0.4908965092009938 neg 0.26552046939275625 off 0.24358302140624993	false	1.0
sowie			__DUMMY__ 0.48779426112382407 neg 0.2590391255704533 off 0.2531666133057227	false	0.0
stornieren	neg 1.0		__DUMMY__ 0.49508911650683995 neg 0.2593900347114738 off 0.2455208487816864	false	1.0
besteuerung	neg 1.0		__DUMMY__ 0.492284397841759 neg 0.26425275107020113 off 0.24346285108803972	false	1.0
ungeschminkt	neg 1.0		__DUMMY__ 0.4919510020144136 neg 0.25969874758193334 off 0.24835025040365308	false	1.0
kritisch	neg 1.0		__DUMMY__ 0.49243103541974625 neg 0.2696101777694479 off 0.23795878681080596	false	1.0
schlamperei	off 1.0		__DUMMY__ 0.49158274304193245 neg 0.2700486718097765 off 0.23836858514829115	false	0.5
sucht	neg 1.0	neg 1.0	neg 0.61624378008186 __DUMMY__ 0.2440438703640012 off 0.13971234955413867	false	1.0
egoistisch	off 1.0		__DUMMY__ 0.4897847390200397 neg 0.2574229996070258 off 0.25279226137293453	false	0.5
ausbeuter	off 1.0		__DUMMY__ 0.4922003897394241 neg 0.27057225462342327 off 0.23722735563715255	false	0.5
arschgeburt	off 1.0		__DUMMY__ 0.48406728204304833 off 0.2605928484463797 neg 0.2553398695105719	false	1.0
schubs	neg 1.0	neg 1.0	neg 0.6197311560521169 __DUMMY__ 0.2439427700342591 off 0.13632607391362395	false	1.0
unsolide	neg 1.0		__DUMMY__ 0.4849409451210048 neg 0.27013270888394497 off 0.2449263459950503	false	1.0
beschwerde	neg 1.0		__DUMMY__ 0.4915935959739506 neg 0.2691961803297739 off 0.23921022369627554	false	1.0
stocken	neg 1.0		__DUMMY__ 0.49414412454313306 neg 0.26641008781693304 off 0.23944578763993393	false	1.0
isolieren	neg 1.0		__DUMMY__ 0.4955230571625358 neg 0.26245796395712584 off 0.24201897888033821	false	1.0
unheilbar	neg 1.0		__DUMMY__ 0.49394914471069357 neg 0.26297594311043937 off 0.24307491217886712	false	1.0
pisser	off 1.0		__DUMMY__ 0.48899450800698224 neg 0.2604305629577923 off 0.2505749290352253	false	0.5
löschen	neg 1.0		__DUMMY__ 0.4925411405779038 neg 0.26427397083651716 off 0.24318488858557896	false	1.0
durchfallen	neg 1.0		__DUMMY__ 0.4932350517997225 neg 0.26841073744418276 off 0.2383542107560947	false	1.0
wichser	off 1.0		__DUMMY__ 0.48765540910615535 off 0.2572285502977767 neg 0.25511604059606796	false	1.0
terror	neg 1.0		__DUMMY__ 0.4935030770561992 neg 0.26030411723630525 off 0.24619280570749558	false	1.0
krass	neg 1.0		__DUMMY__ 0.49089368477373596 neg 0.2582079313126462 off 0.25089838391361785	false	1.0
revolte	neg 1.0	neg 1.0	neg 0.6223417244861491 __DUMMY__ 0.23883890220058968 off 0.13881937331326122	false	1.0
besorgt	neg 1.0		__DUMMY__ 0.49635623728254535 neg 0.26274135559369566 off 0.240902407123759	false	1.0
nachlassen	neg 1.0		__DUMMY__ 0.49595685607565676 neg 0.26341145228989643 off 0.24063169163444675	false	1.0
alt	neg 1.0		__DUMMY__ 0.4959132869242772 neg 0.26574314719828196 off 0.23834356587744093	false	1.0
hundesohn	off 1.0		__DUMMY__ 0.4857831287147043 neg 0.25823911335960564 off 0.2559777579256901	false	0.5
als			__DUMMY__ 0.4947778332122821 neg 0.26555204771463764 off 0.2396701190730803	false	0.0
abschreckung	neg 1.0		__DUMMY__ 0.4931301671910404 neg 0.2704463643783516 off 0.23642346843060794	false	1.0
unqualifiziert	neg 1.0		__DUMMY__ 0.49084033213552175 neg 0.26524341951217206 off 0.2439162483523062	false	1.0
abgewichst	off 1.0		__DUMMY__ 0.4929643202792773 neg 0.26585579898460315 off 0.24117988073611954	false	0.5
schwer	neg 1.0		__DUMMY__ 0.4941628824929754 neg 0.2643327049860963 off 0.24150441252092836	false	1.0
bedeutungslosigkeit	neg 1.0		__DUMMY__ 0.4925225582988774 neg 0.2705613000199245 off 0.23691614168119796	false	1.0
kapitulation	neg 1.0		__DUMMY__ 0.4898510944667731 neg 0.27154811901777326 off 0.23860078651545358	false	1.0
unscharf	neg 1.0		__DUMMY__ 0.4931013735295956 neg 0.26167009187744755 off 0.24522853459295674	false	1.0
schwinden	neg 1.0		__DUMMY__ 0.49518374504547913 neg 0.26661371243551407 off 0.23820254251900672	false	1.0
versklavung	neg 1.0		__DUMMY__ 0.4894482655265785 neg 0.2679623978788036 off 0.24258933659461782	false	1.0
schlecht	neg 1.0		__DUMMY__ 0.4924845410676954 neg 0.2594614231856374 off 0.24805403574666726	false	1.0
verhasst	neg 1.0		__DUMMY__ 0.491283171404878 neg 0.26691112412017004 off 0.24180570447495195	false	1.0
beschweren	neg 1.0		__DUMMY__ 0.4934712788257843 neg 0.2629115367917858 off 0.2436171843824298	false	1.0
scheiden	neg 1.0		__DUMMY__ 0.4937684300093589 neg 0.26485962816678904 off 0.2413719418238522	false	1.0
frustriert	neg 1.0		__DUMMY__ 0.49382688654746537 neg 0.2657582309599635 off 0.24041488249257115	false	1.0
schimmelig	neg 1.0		__DUMMY__ 0.493739091506833 neg 0.2675046336751582 off 0.23875627481800868	false	1.0
fisch	neg 1.0		__DUMMY__ 0.49412428843454587 neg 0.2666528214650786 off 0.23922289010037537	false	1.0
schmuggel	neg 1.0		__DUMMY__ 0.49649369583103753 neg 0.26554643847101295 off 0.23795986569794947	false	1.0
auffallen	neg 1.0		__DUMMY__ 0.49289713639245175 neg 0.26312544679995575 off 0.2439774168075926	false	1.0
konkurrenz	neg 1.0		__DUMMY__ 0.49469732889774504 neg 0.2689437343544378 off 0.23635893674781716	false	1.0
teufelskreis	neg 1.0		__DUMMY__ 0.4932183153045741 neg 0.2661612789238582 off 0.24062040577156765	false	1.0
aufschreien	neg 1.0		__DUMMY__ 0.49147799841192646 neg 0.26488279286157995 off 0.24363920872649347	false	1.0
schuldner	neg 1.0		__DUMMY__ 0.49241139038852233 neg 0.2695291482818207 off 0.2380594613296569	false	1.0
missgeburt	off 1.0	off 1.0	off 0.6137838110595333 __DUMMY__ 0.23861476105878765 neg 0.14760142788167918	false	1.0
arbeitslos	neg 1.0		__DUMMY__ 0.49246068718076547 neg 0.2683135021501937 off 0.23922581066904097	false	1.0
befallen	neg 1.0		__DUMMY__ 0.4917768442165354 neg 0.26848513111247285 off 0.23973802467099167	false	1.0
miesepetrig	off 1.0		__DUMMY__ 0.49398736885628447 neg 0.25778220626267667 off 0.24823042488103889	false	0.5
alarmieren	neg 1.0		__DUMMY__ 0.49018365184806295 neg 0.26302960112557133 off 0.24678674702636585	false	1.0
ungeduscht	off 1.0		__DUMMY__ 0.4930533452017985 neg 0.261684939091119 off 0.24526171570708263	false	0.5
knappheit	neg 1.0		__DUMMY__ 0.49262612081575813 neg 0.2675822975791926 off 0.23979158160504932	false	1.0
schlange	neg 1.0		__DUMMY__ 0.4948406685619075 neg 0.2613887743641695 off 0.243770557073923	false	1.0
harsch	neg 1.0		__DUMMY__ 0.49185482094322847 off 0.25459253567217516 neg 0.25355264338459643	false	0.5
lang	neg 1.0		__DUMMY__ 0.49345008007126584 neg 0.26299113060643753 off 0.24355878932229666	false	1.0
ziellos	neg 1.0		__DUMMY__ 0.4944871662220406 neg 0.2663393301466242 off 0.23917350363133505	false	1.0
selbstverliebt	neg 1.0		__DUMMY__ 0.4849312325469609 off 0.25780293572749274 neg 0.2572658317255463	false	0.5
beseitigen	neg 1.0		__DUMMY__ 0.49391425699516345 neg 0.2628457811070666 off 0.2432399618977699	false	1.0
dumm	off 1.0		__DUMMY__ 0.48898133056364035 neg 0.25764146799181353 off 0.25337720144454623	false	0.5
arbeitsloser	neg 1.0		__DUMMY__ 0.49271790759609146 neg 0.2688959223635005 off 0.2383861700404079	false	1.0
blitzen	neg 1.0		__DUMMY__ 0.4923393942822876 neg 0.26160842361366143 off 0.24605218210405108	false	1.0
hilflos	neg 1.0		__DUMMY__ 0.4941157852620584 neg 0.26579053960965376 off 0.2400936751282878	false	1.0
eklig	off 1.0		__DUMMY__ 0.48813893610925563 neg 0.2577133237587483 off 0.25414774013199604	false	0.5
begriff			__DUMMY__ 0.4931647511439339 neg 0.2665045972608704 off 0.24033065159519573	false	0.0
hungersnot	neg 1.0		__DUMMY__ 0.48979538045999715 neg 0.2690377607037565 off 0.24116685883624642	false	1.0
ungesetzlich	neg 1.0		__DUMMY__ 0.4881409610812549 neg 0.2681984945153012 off 0.24366054440344373	false	1.0
verschwendung	neg 1.0		__DUMMY__ 0.494404118732856 neg 0.2682304313315549 off 0.23736544993558922	false	1.0
schmerzvoll	neg 1.0		__DUMMY__ 0.49361608236174 neg 0.2627295188096187 off 0.2436543988286413	false	1.0
vorzeitig	neg 1.0		__DUMMY__ 0.491525346006034 neg 0.2609196225711389 off 0.2475550314228271	false	1.0
unvollkommenheit	neg 1.0		__DUMMY__ 0.49372384146484355 neg 0.263760321239071 off 0.24251583729608547	false	1.0
intervenieren	neg 1.0		__DUMMY__ 0.49179953040569974 neg 0.27062049811999195 off 0.23757997147430832	false	1.0
banause	off 1.0		__DUMMY__ 0.48789194140844844 neg 0.25632991110436115 off 0.2557781474871904	false	0.5
rebell	neg 1.0		__DUMMY__ 0.49553820914675095 neg 0.2676187110639178 off 0.2368430797893311	false	1.0
unlogisch	neg 1.0		__DUMMY__ 0.48967619268529694 neg 0.2606823682179012 off 0.24964143909680192	false	1.0
leiden	neg 1.0	neg 1.0	neg 0.6173654515141137 __DUMMY__ 0.24697156178343002 off 0.13566298670245633	false	1.0
abschaffung	neg 1.0		__DUMMY__ 0.4906516282874236 neg 0.2667802224904598 off 0.2425681492221167	false	1.0
sturz	neg 1.0		__DUMMY__ 0.490957873284514 neg 0.2656938784166869 off 0.24334824829879914	false	1.0
verkleinerung	neg 1.0		__DUMMY__ 0.4883000259446667 neg 0.2664907454124762 off 0.245209228642857	false	1.0
schmarotzer	off 1.0		__DUMMY__ 0.4917128578899049 neg 0.2696907499139258 off 0.23859639219616946	false	0.5
bestrafung	neg 1.0		__DUMMY__ 0.4927831655527868 neg 0.26401097010276575 off 0.2432058643444474	false	1.0
achtlos	neg 1.0		__DUMMY__ 0.4947174827702966 neg 0.26363877833900684 off 0.24164373889069649	false	1.0
ungeheuer	neg 1.0		__DUMMY__ 0.4927813208695056 neg 0.2628700126610201 off 0.24434866646947434	false	1.0
unaufrichtig	neg 1.0		__DUMMY__ 0.4905332599998384 neg 0.26448597165716137 off 0.24498076834300025	false	1.0
groggy	neg 1.0		__DUMMY__ 0.4917993011342901 neg 0.2625326596103856 off 0.24566803925532446	false	1.0
verletzlich	neg 1.0		__DUMMY__ 0.4917082120803407 neg 0.26016336776709487 off 0.24812842015256434	false	1.0
ablehnen	neg 1.0		__DUMMY__ 0.492137342816257 neg 0.26863609615891054 off 0.23922656102483256	false	1.0
