unsolidarisch	neg 1.0		neg 0.3456680180003383 __DUMMY__ 0.34432326673650293 off 0.31000871526315893	false	1.0
nachteilig	neg 1.0		__DUMMY__ 0.34795736911921693 neg 0.3438041086438015 off 0.30823852223698167	false	1.0
skeptisch	neg 1.0		__DUMMY__ 0.3491366994180066 neg 0.34511680966666514 off 0.3057464909153282	false	1.0
schrecklich	neg 1.0		__DUMMY__ 0.34621723425860945 neg 0.33384327352449933 off 0.31993949221689116	false	1.0
schlapp	neg 1.0		__DUMMY__ 0.34872870620445856 neg 0.33477058404357357 off 0.31650070975196787	false	1.0
abfall	neg 1.0		__DUMMY__ 0.34982280479506817 neg 0.34586376141314956 off 0.30431343379178233	false	1.0
widerspenstig	neg 1.0		__DUMMY__ 0.34988168658360536 neg 0.33820108275962735 off 0.31191723065676735	false	1.0
abrupt	neg 1.0		__DUMMY__ 0.3508309338641652 neg 0.33817700262287537 off 0.31099206351295944	false	1.0
unwirksam	neg 1.0		neg 0.3450574151965871 __DUMMY__ 0.3446590079861388 off 0.310283576817274	false	1.0
angreifen	neg 1.0		__DUMMY__ 0.34823591882112315 neg 0.3449463286988391 off 0.30681775248003773	false	1.0
inkonsistent	neg 1.0		__DUMMY__ 0.34746702565901283 neg 0.33875437207607395 off 0.31377860226491333	false	1.0
abrutschen	neg 1.0		__DUMMY__ 0.3501910266518349 neg 0.34517959198397413 off 0.3046293813641909	false	1.0
unsicher	neg 1.0		__DUMMY__ 0.34867116180068114 neg 0.3400240691942573 off 0.3113047690050615	false	1.0
bauernkind	off 1.0		__DUMMY__ 0.3435281381962166 neg 0.3340091768903121 off 0.3224626849134712	false	0.5
angreifer	neg 1.0		__DUMMY__ 0.3461369119369064 neg 0.33984535036298535 off 0.31401773770010827	false	1.0
trennen	neg 1.0		__DUMMY__ 0.3509446703063947 neg 0.34151273308280855 off 0.3075425966107966	false	1.0
schmutz	neg 1.0		__DUMMY__ 0.34998390044958605 neg 0.331656800588068 off 0.31835929896234594	false	1.0
inkonsistenz	neg 1.0	neg 1.0	neg 0.6580424871997556 off 0.1734522300061166 __DUMMY__ 0.16850528279412788	false	1.0
erschreckend	neg 1.0		__DUMMY__ 0.3479083089257173 neg 0.34251516817243893 off 0.30957652290184384	false	1.0
ertrinken	neg 1.0		__DUMMY__ 0.35012463797445975 neg 0.3413266869371588 off 0.3085486750883814	false	1.0
pickelface	off 1.0		__DUMMY__ 0.34670000998324435 neg 0.34167211671549796 off 0.3116278733012577	false	0.5
seiner			__DUMMY__ 0.3488369994197233 neg 0.3442580187067156 off 0.3069049818735612	false	0.0
lauch	neg 1.0		__DUMMY__ 0.34956520336519004 neg 0.34458691720052537 off 0.3058478794342847	false	1.0
unwichtig	neg 1.0		__DUMMY__ 0.34711952090521525 neg 0.33721751728214955 off 0.3156629618126352	false	1.0
steuerhinterziehung	neg 1.0		__DUMMY__ 0.3456101983776263 neg 0.3451365736211573 off 0.30925322800121635	false	1.0
schock	neg 1.0		__DUMMY__ 0.3505676613296992 neg 0.3387590735955639 off 0.31067326507473686	false	1.0
beule	neg 1.0		__DUMMY__ 0.3481083288846874 neg 0.33423825070845026 off 0.31765342040686223	false	1.0
vergelten	neg 1.0		__DUMMY__ 0.3448450645945065 neg 0.33406961011943176 off 0.32108532528606176	false	1.0
verdorbenheit	neg 1.0		__DUMMY__ 0.34885984273840204 neg 0.33800680871978944 off 0.3131333485418085	false	1.0
trauma	neg 1.0		__DUMMY__ 0.3477721864965484 neg 0.33909914530051266 off 0.3131286682029389	false	1.0
sinnlos	neg 1.0		__DUMMY__ 0.3478501507932033 neg 0.33876040471235663 off 0.31338944449444006	false	1.0
fettsack	off 1.0	off 1.0	off 0.6478037444335599 neg 0.18462670646616644 __DUMMY__ 0.16756954910027375	false	1.0
feige	off 1.0		__DUMMY__ 0.3462027002616276 neg 0.3390412924898687 off 0.3147560072485037	false	0.5
abdanken	neg 1.0		neg 0.34688918455692147 __DUMMY__ 0.3444047318343931 off 0.30870608360868534	false	1.0
wichtigtuer	off 1.0	off 1.0	off 0.6426195264744978 neg 0.18874637361178917 __DUMMY__ 0.1686340999137131	false	1.0
misslingen	neg 1.0		__DUMMY__ 0.3501758676907779 neg 0.3348295414030051 off 0.3149945909062169	false	1.0
untreu	off 1.0		__DUMMY__ 0.34707951803428266 neg 0.3364176459701647 off 0.3165028359955527	false	0.5
missmutig	neg 1.0		__DUMMY__ 0.3485940353678059 neg 0.3356472814173277 off 0.3157586832148664	false	1.0
hurenbock	off 1.0		__DUMMY__ 0.3499153700178689 neg 0.33594023569865994 off 0.31414439428347124	false	0.5
betrunken	neg 1.0		__DUMMY__ 0.3476792082133646 neg 0.3337996421146544 off 0.31852114967198086	false	1.0
korrupt	off 1.0		neg 0.3465566581082064 __DUMMY__ 0.3456944438153195 off 0.30774889807647404	false	0.5
unmut	neg 1.0		__DUMMY__ 0.34886336595317885 neg 0.34649435215651914 off 0.3046422818903019	false	1.0
hackfresse	off 1.0		__DUMMY__ 0.34525152582056906 neg 0.33143994376050595 off 0.32330853041892493	false	0.5
aufblasen	neg 1.0		__DUMMY__ 0.3493249783373436 neg 0.3373625831250919 off 0.3133124385375646	false	1.0
gewaltsam	neg 1.0		__DUMMY__ 0.34625933044977825 neg 0.3419688371139243 off 0.3117718324362974	false	1.0
unbeliebtheit	neg 1.0		__DUMMY__ 0.3434660253537169 neg 0.3398725920856218 off 0.3166613825606613	false	1.0
sturheit	neg 1.0		__DUMMY__ 0.34727852808819265 neg 0.34314842064067164 off 0.3095730512711359	false	1.0
kuh	neg 1.0		__DUMMY__ 0.34705799859958114 neg 0.3401341237126451 off 0.31280787768777374	false	1.0
erschrecken	neg 1.0		__DUMMY__ 0.3480906000700686 neg 0.33685185079205004 off 0.3150575491378814	false	1.0
opfer	neg 1.0		__DUMMY__ 0.348598422453538 neg 0.3437787773454354 off 0.3076228002010266	false	1.0
sinken	neg 1.0		__DUMMY__ 0.34891656727775533 neg 0.34558115331668504 off 0.3055022794055597	false	1.0
stinktier	neg 1.0		__DUMMY__ 0.34498809073359105 neg 0.33515963779005226 off 0.3198522714763568	false	1.0
tucke	off 1.0		__DUMMY__ 0.3459545041134424 neg 0.3295874251591489 off 0.32445807072740873	false	0.5
ein			__DUMMY__ 0.3499906807595738 neg 0.3372378508187553 off 0.31277146842167103	false	0.0
abstieg	neg 1.0		__DUMMY__ 0.34716427307884634 neg 0.34388235949145207 off 0.3089533674297015	false	1.0
missverstehen	neg 1.0		__DUMMY__ 0.34644144820981815 neg 0.34109680523076663 off 0.31246174655941505	false	1.0
ergebnislos	neg 1.0		__DUMMY__ 0.34755363766832126 neg 0.34387221550502867 off 0.30857414682665013	false	1.0
unter			__DUMMY__ 0.35281381199101025 neg 0.3452191563217348 off 0.301967031687255	false	0.0
manipulieren	neg 1.0		__DUMMY__ 0.3490844536116618 neg 0.3436252836195418 off 0.3072902627687964	false	1.0
unbewiesen	neg 1.0		neg 0.3460381689767469 __DUMMY__ 0.34423010354714806 off 0.30973172747610495	false	1.0
verschleppen	neg 1.0		__DUMMY__ 0.3479375983739685 neg 0.3433064820053763 off 0.30875591962065524	false	1.0
weib	off 1.0		__DUMMY__ 0.34473110108246596 neg 0.33070277792647296 off 0.3245661209910611	false	0.5
opposition	neg 1.0		__DUMMY__ 0.34558338594441806 neg 0.34215889943184274 off 0.3122577146237393	false	1.0
verkehrswidrig	neg 1.0		__DUMMY__ 0.34752452847051174 neg 0.3297233528113606 off 0.3227521187181276	false	1.0
inkorrekt	neg 1.0		__DUMMY__ 0.3443756534437193 neg 0.3400586954369486 off 0.31556565111933205	false	1.0
vermeiden	neg 1.0		__DUMMY__ 0.35153020190581286 neg 0.3443995410856529 off 0.3040702570085343	false	1.0
abweichung	neg 1.0		neg 0.34666625795936595 __DUMMY__ 0.3457616825921519 off 0.3075720594484822	false	1.0
alkoholisiert	neg 1.0		__DUMMY__ 0.3507122672646488 neg 0.33856316669152975 off 0.31072456604382137	false	1.0
scheiss	off 1.0	off 1.0	off 0.6458022078705157 neg 0.18507712623224593 __DUMMY__ 0.1691206658972384	false	1.0
herausforderung	neg 1.0		__DUMMY__ 0.35094756270820926 neg 0.3389786983011085 off 0.3100737389906824	false	1.0
pervers	off 1.0		__DUMMY__ 0.34378163554919833 neg 0.3292029551009956 off 0.32701540934980605	false	0.5
wackelig	neg 1.0		__DUMMY__ 0.3513325288020008 neg 0.33834580737344816 off 0.31032166382455095	false	1.0
verwickeln	neg 1.0		__DUMMY__ 0.3470957492470174 neg 0.34038808018262656 off 0.3125161705703561	false	1.0
vorwand	neg 1.0		__DUMMY__ 0.3482538049638599 neg 0.346531625523167 off 0.30521456951297327	false	1.0
muschi	off 1.0		__DUMMY__ 0.34672369968894234 neg 0.3421574764805595 off 0.31111882383049816	false	0.5
entmutigung	neg 1.0		neg 0.3443352284500602 __DUMMY__ 0.343543384550211 off 0.3121213869997288	false	1.0
unangemessen	neg 1.0		__DUMMY__ 0.3466601019950418 neg 0.3455310888292078 off 0.3078088091757504	false	1.0
unstetig	neg 1.0		__DUMMY__ 0.3470059690951699 neg 0.33776942442046354 off 0.3152246064843665	false	1.0
entmutigen	neg 1.0		__DUMMY__ 0.34884634911586043 neg 0.3382634597698452 off 0.31289019111429445	false	1.0
schwanz	neg 1.0		__DUMMY__ 0.3479848205129905 neg 0.342727833007492 off 0.3092873464795175	false	1.0
verbot	neg 1.0		neg 0.34597935864135654 __DUMMY__ 0.34571080720739167 off 0.3083098341512517	false	1.0
leid	neg 1.0		__DUMMY__ 0.34581940888273377 neg 0.33263327032854134 off 0.32154732078872494	false	1.0
archaisch	neg 1.0		__DUMMY__ 0.3473667437108731 neg 0.34374475484329686 off 0.30888850144582997	false	1.0
gegen			neg 0.3475791041021989 __DUMMY__ 0.34732412613877117 off 0.30509676975902994	false	0.0
scheidung	neg 1.0	neg 1.0	neg 0.6461546173549214 off 0.18607820962247879 __DUMMY__ 0.16776717302259977	false	1.0
einschlag	neg 1.0		__DUMMY__ 0.34476524105967055 neg 0.335053250491961 off 0.3201815084483685	false	1.0
m			__DUMMY__ 0.3494062157891105 neg 0.3399549677505213 off 0.31063881646036806	false	0.0
abgestanden	neg 1.0		__DUMMY__ 0.34965200574633254 neg 0.3379824127477311 off 0.31236558150593624	false	1.0
schmierig	off 1.0		__DUMMY__ 0.34670095198581846 neg 0.332492574325349 off 0.3208064736888326	false	0.5
unpraktisch	neg 1.0		__DUMMY__ 0.34951505753566625 neg 0.33712108058429124 off 0.31336386188004234	false	1.0
wixxer	off 1.0		__DUMMY__ 0.3432477394202529 neg 0.32976456802481835 off 0.3269876925549287	false	0.5
bezeichnet			__DUMMY__ 0.34690412832246337 neg 0.34336061098423004 off 0.30973526069330665	false	0.0
jammerlappen	off 1.0		__DUMMY__ 0.34719595694967503 neg 0.33716422373449967 off 0.3156398193158252	false	0.5
farce	neg 1.0		neg 0.34721478158900926 __DUMMY__ 0.34454482255819385 off 0.30824039585279694	false	1.0
zwecklos	neg 1.0		__DUMMY__ 0.34737598280641807 neg 0.34478914739400884 off 0.3078348697995731	false	1.0
turbulent	neg 1.0		__DUMMY__ 0.3456482776174588 neg 0.3349554453117505 off 0.31939627707079066	false	1.0
invasion	neg 1.0		__DUMMY__ 0.3483238880361828 neg 0.3366429435355013 off 0.315033168428316	false	1.0
schuld	neg 1.0		__DUMMY__ 0.3474961955321176 neg 0.34081629577676414 off 0.3116875086911182	false	1.0
risiko	neg 1.0		__DUMMY__ 0.3492412293817881 neg 0.3349042143761083 off 0.31585455624210357	false	1.0
finster	neg 1.0		__DUMMY__ 0.34952186795985984 neg 0.33806661987565 off 0.3124115121644901	false	1.0
geisteskrank	off 1.0		__DUMMY__ 0.3451194375242043 neg 0.3384787174476256 off 0.3164018450281701	false	0.5
zusammenbrechen	neg 1.0		__DUMMY__ 0.34929982890978434 neg 0.3405170764901 off 0.3101830946001156	false	1.0
ausbeute	neg 1.0		__DUMMY__ 0.35008440296079424 neg 0.3405140669856941 off 0.30940153005351173	false	1.0
hinterhalt	neg 1.0		__DUMMY__ 0.34811695264856585 neg 0.3390713848785736 off 0.3128116624728605	false	1.0
kritik	neg 1.0		neg 0.3459302370836822 __DUMMY__ 0.34535851449508254 off 0.3087112484212354	false	1.0
einschrumpfen	neg 1.0		__DUMMY__ 0.3453188341728713 neg 0.3402242172274531 off 0.3144569485996756	false	1.0
riskant	neg 1.0		__DUMMY__ 0.3487966050346427 neg 0.3439056376814237 off 0.30729775728393355	false	1.0
frustrieren	neg 1.0		__DUMMY__ 0.3485732375248965 neg 0.34426322013623095 off 0.30716354233887255	false	1.0
groll	neg 1.0		__DUMMY__ 0.34777904458258035 neg 0.34385337542829014 off 0.3083675799891295	false	1.0
gibt			__DUMMY__ 0.34853097875879585 neg 0.3421956857769888 off 0.3092733354642153	false	0.0
qualvoll	neg 1.0		__DUMMY__ 0.34879416827306087 neg 0.336942212962609 off 0.31426361876433	false	1.0
wackeln	neg 1.0		__DUMMY__ 0.3499461544729347 neg 0.3370950797943106 off 0.31295876573275483	false	1.0
klagen	neg 1.0		__DUMMY__ 0.3478063508219475 neg 0.34734324092468366 off 0.30485040825336884	false	1.0
bankrott	neg 1.0		__DUMMY__ 0.3478706594296994 neg 0.3355821031299892 off 0.3165472374403114	false	1.0
trauern	neg 1.0		__DUMMY__ 0.34887826128740335 neg 0.3434308666129674 off 0.30769087209962936	false	1.0
ablehnung	neg 1.0	neg 1.0	neg 0.661098805079856 off 0.1706267256612319 __DUMMY__ 0.16827446925891212	false	1.0
stur	neg 1.0		__DUMMY__ 0.347622768837505 neg 0.3401814414735785 off 0.31219578968891654	false	1.0
aufruhr	neg 1.0		__DUMMY__ 0.34601839949004914 neg 0.3429265391372071 off 0.3110550613727438	false	1.0
melancholie	neg 1.0		__DUMMY__ 0.3506857462651865 neg 0.3391836700224834 off 0.3101305837123301	false	1.0
ist			__DUMMY__ 0.3477376701171668 neg 0.3397321226404901 off 0.31253020724234315	false	0.0
torheit	neg 1.0		__DUMMY__ 0.3448802096170203 neg 0.34414466498936575 off 0.31097512539361405	false	1.0
dreckskind	off 1.0		__DUMMY__ 0.3433185809870011 neg 0.33550819668258397 off 0.32117322233041484	false	0.5
umtauschen	neg 1.0		__DUMMY__ 0.34958340164768836 neg 0.33878082592275127 off 0.3116357724295605	false	1.0
zum			__DUMMY__ 0.35225934385928187 neg 0.3428655805524304 off 0.30487507558828764	false	0.0
zersetzen	neg 1.0		__DUMMY__ 0.3484528976992881 neg 0.34537160955235535 off 0.30617549274835654	false	1.0
zur			__DUMMY__ 0.349247600303371 neg 0.3478143341203164 off 0.3029380655763126	false	0.0
frust	neg 1.0		__DUMMY__ 0.34884246902111904 neg 0.3415657323776692 off 0.3095917986012116	false	1.0
unerbittlichkeit	neg 1.0		__DUMMY__ 0.3482874597586535 neg 0.34459083275161334 off 0.30712170748973305	false	1.0
zwei			__DUMMY__ 0.3513897924820946 neg 0.34229682616869667 off 0.3063133813492089	false	0.0
unkorrekt	neg 1.0		__DUMMY__ 0.34449351335127604 neg 0.33908381237754903 off 0.31642267427117493	false	1.0
hexe	off 1.0		__DUMMY__ 0.34750730151205383 neg 0.3357000155425604 off 0.31679268294538576	false	0.5
lasch	neg 1.0		__DUMMY__ 0.3464397413965848 neg 0.33969428847816113 off 0.31386597012525413	false	1.0
rivale	neg 1.0		__DUMMY__ 0.3453050871705821 neg 0.3347083462300924 off 0.3199865665993255	false	1.0
mutlos	off 1.0	off 1.0	off 0.6399406247066907 neg 0.19092221975277132 __DUMMY__ 0.16913715554053796	false	1.0
wirr	off 1.0		__DUMMY__ 0.3449818911492871 neg 0.33640396994004207 off 0.31861413891067075	false	0.5
jahr			__DUMMY__ 0.35059978872743625 neg 0.3409744917571576 off 0.30842571951540626	false	0.0
wird			__DUMMY__ 0.34873438195429385 neg 0.34332714342910964 off 0.3079384746165964	false	0.0
strafbar	neg 1.0		neg 0.34697645610031247 __DUMMY__ 0.34664482198562874 off 0.30637872191405885	false	1.0
erosion	neg 1.0		__DUMMY__ 0.34894879924814287 neg 0.33746176648989695 off 0.3135894342619602	false	1.0
eingehen	neg 1.0		__DUMMY__ 0.34788877334165574 neg 0.34432046442534225 off 0.307790762233002	false	1.0
faul	off 1.0		__DUMMY__ 0.3487206489290498 neg 0.3350304338522375 off 0.3162489172187127	false	0.5
provisorium	neg 1.0		__DUMMY__ 0.35219834659838145 neg 0.3467201647368456 off 0.30108148866477286	false	1.0
schmerzen	neg 1.0		__DUMMY__ 0.34949994645081806 neg 0.33975162663943786 off 0.3107484269097441	false	1.0
schrumpfen	neg 1.0		__DUMMY__ 0.35017985470904933 neg 0.3466189489595753 off 0.3032011963313754	false	1.0
geistlos	off 1.0		__DUMMY__ 0.3445284320992473 neg 0.3429604583020308 off 0.3125111095987221	false	0.5
fehlkauf	neg 1.0		__DUMMY__ 0.3467784163688168 neg 0.3393060147054659 off 0.3139155689257174	false	1.0
frustrierend	neg 1.0		__DUMMY__ 0.3478012733253616 neg 0.3374100241798871 off 0.31478870249475127	false	1.0
unzufrieden	neg 1.0		__DUMMY__ 0.3481064662326906 neg 0.34356924839972763 off 0.3083242853675818	false	1.0
verzweifeln	neg 1.0		__DUMMY__ 0.3488429812241402 neg 0.3403895548285719 off 0.31076746394728794	false	1.0
verzweifelt	neg 1.0		__DUMMY__ 0.3477540915676015 neg 0.34008939118064335 off 0.31215651725175503	false	1.0
misstrauensantrag	neg 1.0		__DUMMY__ 0.3457764776016691 neg 0.3410277610333517 off 0.31319576136497923	false	1.0
abfallen	neg 1.0		__DUMMY__ 0.3506338889386885 neg 0.33576528935696165 off 0.3136008217043499	false	1.0
fucker	off 1.0		__DUMMY__ 0.3455982732550089 neg 0.3356947966419439 off 0.31870693010304724	false	0.5
ungezogen	neg 1.0		__DUMMY__ 0.34516095369963884 neg 0.32979916191463193 off 0.3250398843857292	false	1.0
irrsinnig	neg 1.0	neg 1.0	neg 0.6588872538124099 off 0.1720730646368233 __DUMMY__ 0.1690396815507668	false	1.0
unfassbar	neg 1.0		__DUMMY__ 0.3472862130439804 neg 0.3363949728851115 off 0.31631881407090817	false	1.0
hart	neg 1.0		__DUMMY__ 0.34636113148387826 neg 0.3374131469783378 off 0.31622572153778383	false	1.0
widerlich	off 1.0		__DUMMY__ 0.346084568773707 neg 0.3373529351425498 off 0.31656249608374315	false	0.5
fatal	neg 1.0		__DUMMY__ 0.3470935774489076 neg 0.3389440002292955 off 0.313962422321797	false	1.0
bruch	neg 1.0		neg 0.3487563362703916 __DUMMY__ 0.34724607478109015 off 0.3039975889485184	false	1.0
aushungern	neg 1.0		__DUMMY__ 0.34580880734853164 neg 0.3437020717944739 off 0.3104891208569944	false	1.0
anspannung	neg 1.0		__DUMMY__ 0.35122131187452216 neg 0.343343972710906 off 0.30543471541457196	false	1.0
von			__DUMMY__ 0.34993309884186036 neg 0.3432338806120384 off 0.3068330205461012	false	0.0
kraftlos	neg 1.0		__DUMMY__ 0.3509792353657309 neg 0.3392518461047166 off 0.3097689185295527	false	1.0
vom			__DUMMY__ 0.3520118531257948 neg 0.3458501107284973 off 0.3021380361457079	false	0.0
grenzdebil	off 1.0		__DUMMY__ 0.34735008322156824 neg 0.3350872708385333 off 0.3175626459398984	false	0.5
vor			__DUMMY__ 0.35010030056405406 neg 0.3440883526006239 off 0.30581134683532196	false	0.0
unterwerfen	neg 1.0		__DUMMY__ 0.3480426798955493 neg 0.34437243050771593 off 0.30758488959673463	false	1.0
versenkung	neg 1.0		__DUMMY__ 0.34842386872444775 neg 0.34445199524036196 off 0.3071241360351901	false	1.0
entziehen	neg 1.0		__DUMMY__ 0.3484992049025139 neg 0.34676183542149686 off 0.3047389596759893	false	1.0
finanzkrise	neg 1.0		__DUMMY__ 0.34571421023115917 neg 0.3442230612209472 off 0.3100627285478935	false	1.0
schimpfend	neg 1.0		__DUMMY__ 0.3511158244427755 neg 0.33404509548017386 off 0.31483908007705075	false	1.0
profan	neg 1.0		__DUMMY__ 0.3479010129557863 neg 0.33870309068911 off 0.31339589635510384	false	1.0
korruption	neg 1.0		neg 0.34632205189787596 __DUMMY__ 0.3457714871158601 off 0.30790646098626384	false	1.0
â			__DUMMY__ 0.34919482316176537 neg 0.3413214806695301 off 0.30948369616870447	false	0.0
schmutzig	neg 1.0		__DUMMY__ 0.3487749816844026 neg 0.3333608581346263 off 0.3178641601809712	false	1.0
sexy	neg 1.0		__DUMMY__ 0.3475265826235844 neg 0.33674821232146535 off 0.3157252050549502	false	1.0
abraten	neg 1.0		__DUMMY__ 0.34846717423418494 neg 0.33882825753827267 off 0.3127045682275424	false	1.0
schwarz	neg 1.0		__DUMMY__ 0.347275143621482 neg 0.33966075492050846 off 0.3130641014580096	false	1.0
fotze	off 1.0		__DUMMY__ 0.3472256629114241 neg 0.34341387084309244 off 0.3093604662454836	false	0.5
verwirren	neg 1.0		__DUMMY__ 0.34762014849464984 neg 0.3382639290793358 off 0.31411592242601427	false	1.0
zahnlos	off 1.0		__DUMMY__ 0.3470079071117242 neg 0.34502862388315636 off 0.3079634690051195	false	0.5
verheeren	neg 1.0		__DUMMY__ 0.34357074597641435 neg 0.32974195622399405 off 0.3266872977995917	false	1.0
hippie	neg 1.0		__DUMMY__ 0.347322671442222 neg 0.33731682020104614 off 0.31536050835673196	false	1.0
rammen	neg 1.0		__DUMMY__ 0.34767712757513686 neg 0.3380531225616466 off 0.31426974986321665	false	1.0
unlauter	neg 1.0	neg 1.0	neg 0.6588668005477342 off 0.1728528419853306 __DUMMY__ 0.1682803574669352	false	1.0
unheilvoll	neg 1.0		__DUMMY__ 0.34860001921601824 neg 0.33766955168237867 off 0.31373042910160304	false	1.0
niedrig	neg 1.0		__DUMMY__ 0.34767259992835003 neg 0.3442205306144394 off 0.3081068694572107	false	1.0
explosion	neg 1.0		__DUMMY__ 0.34799582341342417 neg 0.33683630149231053 off 0.3151678750942653	false	1.0
weichei	off 1.0		__DUMMY__ 0.34529873563936836 neg 0.3327073595022535 off 0.3219939048583782	false	0.5
minusmensch	off 1.0		__DUMMY__ 0.3416857249705394 neg 0.3332188218350454 off 0.325095453194415	false	0.5
farblos	neg 1.0		__DUMMY__ 0.3480862939114742 neg 0.33917200358976646 off 0.3127417024987592	false	1.0
unwissend	neg 1.0		__DUMMY__ 0.34646452053577004 neg 0.3377310925991045 off 0.31580438686512535	false	1.0
traurig	neg 1.0		__DUMMY__ 0.3472922247966358 neg 0.3332193200387377 off 0.3194884551646265	false	1.0
senkung	neg 1.0		__DUMMY__ 0.34709983184505344 neg 0.3383114605793727 off 0.31458870757557383	false	1.0
ungleich	neg 1.0	neg 1.0	neg 0.6612164866453064 off 0.16956645907903276 __DUMMY__ 0.1692170542756609	false	1.0
heikel	neg 1.0		__DUMMY__ 0.3484336448433907 neg 0.34554522804340465 off 0.3060211271132047	false	1.0
drosselung	neg 1.0		__DUMMY__ 0.34715761181177945 neg 0.33301524255101544 off 0.3198271456372051	false	1.0
falsch	neg 1.0		__DUMMY__ 0.34725602658337523 neg 0.33771408128420105 off 0.3150298921324237	false	1.0
unzufriedenheit	neg 1.0		__DUMMY__ 0.34848874838671595 neg 0.34554757251469287 off 0.3059636790985911	false	1.0
kurz	neg 1.0		__DUMMY__ 0.35026292116142244 neg 0.33920227110836265 off 0.31053480773021497	false	1.0
unsinnig	neg 1.0		__DUMMY__ 0.3476041968641112 neg 0.34385808086632125 off 0.30853772226956755	false	1.0
penner	off 1.0	off 1.0	off 0.6491236999306974 neg 0.1828057345873125 __DUMMY__ 0.16807056548199004	false	1.0
seicht	neg 1.0		__DUMMY__ 0.343600705303709 neg 0.3325953955944271 off 0.3238038991018638	false	1.0
dummheit	off 1.0	off 1.0	off 0.6431362277485694 neg 0.18815985750904218 __DUMMY__ 0.16870391474238858	false	1.0
unerfreulich	neg 1.0		__DUMMY__ 0.3491973661403737 neg 0.3449711424943706 off 0.3058314913652556	false	1.0
motherfucker	off 1.0	off 1.0	off 0.6462797323662957 neg 0.18546721484310677 __DUMMY__ 0.16825305279059755	false	1.0
pikiert	neg 1.0		__DUMMY__ 0.34651808198565714 neg 0.33804802673877327 off 0.3154338912755696	false	1.0
wrack	neg 1.0		__DUMMY__ 0.34848517191431466 neg 0.3423248245719992 off 0.3091900035136862	false	1.0
gangster	neg 1.0		__DUMMY__ 0.347456955390633 neg 0.3380030489747719 off 0.314539995634595	false	1.0
krank	neg 1.0		__DUMMY__ 0.3482718170399874 neg 0.3337325489714066 off 0.31799563398860603	false	1.0
reich	neg 1.0		__DUMMY__ 0.343703563650067 neg 0.3409218500751629 off 0.31537458627477016	false	1.0
gnadenlos	neg 1.0		__DUMMY__ 0.3475784945212672 neg 0.340570544590162 off 0.3118509608885707	false	1.0
niedergeschlagen	neg 1.0		__DUMMY__ 0.3492036393776317 neg 0.3405735650951047 off 0.31022279552726373	false	1.0
terrorisieren	off 1.0	off 1.0	off 0.6400716891069693 neg 0.19006176059356492 __DUMMY__ 0.1698665502994658	false	1.0
sinnlosigkeit	neg 1.0		__DUMMY__ 0.3475497368909233 neg 0.34404455511420473 off 0.3084057079948719	false	1.0
behindern	neg 1.0		__DUMMY__ 0.3491141018201498 neg 0.3391306588378522 off 0.311755239341998	false	1.0
undemokratisch	neg 1.0		__DUMMY__ 0.3451368136221623 neg 0.3434131852209944 off 0.31145000115684324	false	1.0
wirtschaftskrise	neg 1.0		__DUMMY__ 0.3468485942028217 neg 0.34460147283006476 off 0.30854993296711347	false	1.0
neid	neg 1.0		__DUMMY__ 0.3490575692575121 neg 0.33523710636399046 off 0.31570532437849746	false	1.0
rutschen	neg 1.0		__DUMMY__ 0.35328782035583484 neg 0.3408768725672535 off 0.30583530707691164	false	1.0
rezession	neg 1.0		__DUMMY__ 0.3441908385035002 neg 0.3356669631042453 off 0.3201421983922546	false	1.0
fehlgeburt	neg 1.0		__DUMMY__ 0.34847904313140454 neg 0.3390248494236748 off 0.31249610744492073	false	1.0
charakterschwach	off 1.0		__DUMMY__ 0.34611379977951473 neg 0.33748916961279923 off 0.31639703060768615	false	0.5
isolation	neg 1.0		__DUMMY__ 0.3470696559563574 neg 0.33643572694040785 off 0.31649461710323473	false	1.0
ablenkung	neg 1.0		__DUMMY__ 0.3489091173514948 neg 0.3392126096079433 off 0.3118782730405618	false	1.0
pech	neg 1.0		__DUMMY__ 0.3479970604353656 neg 0.33741105890978795 off 0.31459188065484633	false	1.0
vermeidung	neg 1.0		__DUMMY__ 0.3479561700170046 neg 0.3330578836399885 off 0.318985946343007	false	1.0
dominieren	neg 1.0		__DUMMY__ 0.3471529649267367 neg 0.3436020158900765 off 0.30924501918318686	false	1.0
schwindlig	neg 1.0		__DUMMY__ 0.3491940790925802 neg 0.33594169796726897 off 0.31486422294015076	false	1.0
lutscher	neg 1.0		__DUMMY__ 0.34367187628526213 neg 0.3315483031550401 off 0.3247798205596978	false	1.0
pflicht	neg 1.0		__DUMMY__ 0.34833094720707175 neg 0.34587109484619316 off 0.30579795794673514	false	1.0
faschist	off 1.0		__DUMMY__ 0.34528015367255455 neg 0.3419938388237629 off 0.3127260075036826	false	0.5
verschleudern	neg 1.0		__DUMMY__ 0.34663813987478653 neg 0.34574778538896844 off 0.307614074736245	false	1.0
wenn			__DUMMY__ 0.3473343037771268 neg 0.33764182480725896 off 0.3150238714156143	false	0.0
ehebruch	neg 1.0		__DUMMY__ 0.3475054909823069 neg 0.3447532156224782 off 0.30774129339521505	false	1.0
spott	off 1.0		__DUMMY__ 0.3476968872136859 neg 0.3451665869478873 off 0.30713652583842665	false	0.5
trostlosigkeit	neg 1.0		neg 0.348044020994033 __DUMMY__ 0.3467370116316135 off 0.30521896737435344	false	1.0
lutschen	neg 1.0		__DUMMY__ 0.3457152733986694 neg 0.339030546616772 off 0.31525417998455857	false	1.0
undiszipliniert	neg 1.0		__DUMMY__ 0.34677465217595255 neg 0.3347400590456579 off 0.31848528877838944	false	1.0
kopfschmerz	neg 1.0		__DUMMY__ 0.349067797709411 neg 0.3396442811974428 off 0.3112879210931462	false	1.0
unvorhergesehen	neg 1.0		__DUMMY__ 0.35072269568656067 neg 0.33868508295801986 off 0.3105922213554194	false	1.0
desinteressiert	neg 1.0		__DUMMY__ 0.34619767501422916 neg 0.33596868007562714 off 0.3178336449101436	false	1.0
armselig	off 1.0		__DUMMY__ 0.34554139376537146 neg 0.33589408213577565 off 0.31856452409885294	false	0.5
desaster	neg 1.0		neg 0.34965418135972987 __DUMMY__ 0.34696713770690163 off 0.3033786809333686	false	1.0
tod	neg 1.0		__DUMMY__ 0.34728124747743805 neg 0.34521973650859195 off 0.30749901601397	false	1.0
herzlos	neg 1.0		__DUMMY__ 0.34705352266528816 neg 0.3327795721442283 off 0.3201669051904835	false	1.0
unwissenheit	neg 1.0		__DUMMY__ 0.34738050531211745 neg 0.34424710443536694 off 0.30837239025251556	false	1.0
widersinnig	neg 1.0		neg 0.34678156701453916 __DUMMY__ 0.34497335606577945 off 0.3082450769196814	false	1.0
bedenklich	neg 1.0		__DUMMY__ 0.3481664753625737 neg 0.344815781431795 off 0.30701774320563135	false	1.0
beanstanden	neg 1.0		__DUMMY__ 0.34823767443441134 neg 0.3464791149511056 off 0.3052832106144831	false	1.0
panisch	neg 1.0	neg 1.0	neg 0.6551490695281049 off 0.1739396393518438 __DUMMY__ 0.17091129112005127	false	1.0
debil	off 1.0		__DUMMY__ 0.34974262237286585 neg 0.34694286115456824 off 0.3033145164725658	false	0.5
abstrich	neg 1.0		__DUMMY__ 0.3505091703359886 neg 0.3362875035510015 off 0.31320332611300994	false	1.0
primitiv	neg 1.0		__DUMMY__ 0.345861279953609 neg 0.33708144233793846 off 0.3170572777084525	false	1.0
abschaum	off 1.0	off 1.0	off 0.6444533533501766 neg 0.18719612692455437 __DUMMY__ 0.168350519725269	false	1.0
provozieren	neg 1.0		__DUMMY__ 0.3469429012346651 neg 0.3421479166538298 off 0.31090918211150503	false	1.0
tot	neg 1.0		__DUMMY__ 0.3477142023456039 neg 0.34202100495706894 off 0.3102647926973271	false	1.0
instabil	neg 1.0		__DUMMY__ 0.344040949985606 neg 0.33698892026790245 off 0.31897012974649147	false	1.0
schwuchtel	off 1.0		__DUMMY__ 0.3413344901994581 neg 0.3293522402713017 off 0.32931326952924006	false	0.5
zerren	neg 1.0		__DUMMY__ 0.3489779602866819 neg 0.3411397556791208 off 0.3098822840341974	false	1.0
kinderficker	off 1.0		__DUMMY__ 0.34442949420598085 neg 0.33508415750993614 off 0.32048634828408307	false	0.5
gefahr	neg 1.0		__DUMMY__ 0.34727974601090417 neg 0.34554766164161244 off 0.30717259234748323	false	1.0
rabiat	neg 1.0		__DUMMY__ 0.34791066690588374 neg 0.34098793521307713 off 0.3111013978810391	false	1.0
verlangsamung	neg 1.0		__DUMMY__ 0.34398581032559256 neg 0.3322342638545411 off 0.3237799258198663	false	1.0
ausgestorben	neg 1.0		__DUMMY__ 0.3485702529981363 neg 0.3416952945018517 off 0.309734452500012	false	1.0
anklagen	neg 1.0		__DUMMY__ 0.3471405865573565 neg 0.3423902111108554 off 0.31046920233178804	false	1.0
trott	neg 1.0		__DUMMY__ 0.3487008495617222 neg 0.3396131854147974 off 0.3116859650234804	false	1.0
verminderung	neg 1.0		__DUMMY__ 0.34635121514993794 neg 0.33476628418224724 off 0.31888250066781476	false	1.0
nach			__DUMMY__ 0.35227271126332654 neg 0.3426658357744505 off 0.30506145296222303	false	0.0
rost	neg 1.0		__DUMMY__ 0.34464214723405484 neg 0.3309068363160349 off 0.32445101644991015	false	1.0
destruktiv	neg 1.0		__DUMMY__ 0.34669098513807317 neg 0.34381686387525207 off 0.3094921509866748	false	1.0
unzumutbarkeit	neg 1.0		__DUMMY__ 0.3472707170977511 neg 0.3341225193519815 off 0.31860676355026746	false	1.0
labil	off 1.0	off 1.0	off 0.6451238866070217 neg 0.18646230810237618 __DUMMY__ 0.16841380529060207	false	1.0
ziemlich	neg 1.0		__DUMMY__ 0.3472273648506127 neg 0.3358671504405228 off 0.3169054847088645	false	1.0
lachnummer	off 1.0		__DUMMY__ 0.34661087767822224 neg 0.3439820480658363 off 0.30940707425594144	false	0.5
oder			__DUMMY__ 0.349111222272344 neg 0.3392986579532278 off 0.3115901197744282	false	0.0
verfall	neg 1.0		__DUMMY__ 0.3492101054163482 neg 0.3481691650568304 off 0.30262072952682134	false	1.0
ausgrenzung	neg 1.0		__DUMMY__ 0.34541331215181836 neg 0.3421308220701041 off 0.3124558657780776	false	1.0
unordnung	neg 1.0		__DUMMY__ 0.3442699577340623 neg 0.33587743891029254 off 0.31985260335564497	false	1.0
fehlverhalten	neg 1.0		__DUMMY__ 0.34731549913919363 neg 0.3461959934580749 off 0.3064885074027315	false	1.0
eine			__DUMMY__ 0.34988560385917333 neg 0.34404207792569347 off 0.30607231821513325	false	0.0
nille	neg 1.0		__DUMMY__ 0.3462607915894179 neg 0.3431838109562219 off 0.3105553974543603	false	1.0
qual	neg 1.0		__DUMMY__ 0.3485003746819609 neg 0.3400242498769574 off 0.31147537544108167	false	1.0
verschwenden	neg 1.0		__DUMMY__ 0.3488113154767263 neg 0.3436070600952495 off 0.3075816244280242	false	1.0
riesig	neg 1.0		__DUMMY__ 0.34939846077115194 neg 0.3392365283042709 off 0.3113650109245772	false	1.0
verurteilen	neg 1.0		__DUMMY__ 0.3470348913082752 neg 0.34455683918439695 off 0.3084082695073279	false	1.0
klischee	neg 1.0	neg 1.0	neg 0.6582616056577182 off 0.17336899214970267 __DUMMY__ 0.16836940219257915	false	1.0
diktatorisch	neg 1.0		__DUMMY__ 0.3445195215638227 neg 0.3444513950004651 off 0.311029083435712	false	1.0
vorhersehbar	neg 1.0		__DUMMY__ 0.346294546143324 neg 0.341163980782258 off 0.31254147307441793	false	1.0
sowie			__DUMMY__ 0.344025566530418 neg 0.33395677219917463 off 0.3220176612704074	false	0.0
stornieren	neg 1.0		__DUMMY__ 0.3493026768959245 neg 0.33551144906045227 off 0.31518587404362314	false	1.0
besteuerung	neg 1.0		__DUMMY__ 0.3472787490139295 neg 0.3400647360765382 off 0.3126565149095322	false	1.0
ungeschminkt	neg 1.0		__DUMMY__ 0.34703378187527906 neg 0.3352796275247037 off 0.3176865906000172	false	1.0
kritisch	neg 1.0		__DUMMY__ 0.34740974335245445 neg 0.34566077111590937 off 0.30692948553163624	false	1.0
schlamperei	off 1.0		__DUMMY__ 0.34677063802556135 neg 0.3459980290267358 off 0.3072313329477029	false	0.5
sucht	neg 1.0	neg 1.0	neg 0.6545055872649991 off 0.17461416753796766 __DUMMY__ 0.1708802451970333	false	1.0
egoistisch	off 1.0		__DUMMY__ 0.3454746247114097 neg 0.33261010676073677 off 0.32191526852785346	false	0.5
ausbeuter	off 1.0		__DUMMY__ 0.34723453347942557 neg 0.3466323275894353 off 0.30613313893113914	false	0.5
arschgeburt	off 1.0		__DUMMY__ 0.3413037812782411 neg 0.32956035251907395 off 0.32913586620268487	false	0.5
schubs	neg 1.0	neg 1.0	neg 0.6579685602834654 off 0.17121122193565966 __DUMMY__ 0.17082021778087492	false	1.0
unsolide	neg 1.0		neg 0.3450072459941384 __DUMMY__ 0.34193884069036634 off 0.3130539133154952	false	1.0
beschwerde	neg 1.0		__DUMMY__ 0.34677670636378577 neg 0.3451127479444734 off 0.3081105456917409	false	1.0
stocken	neg 1.0		__DUMMY__ 0.3486329014257659 neg 0.34263425391312374 off 0.3087328446611104	false	1.0
isolieren	neg 1.0		__DUMMY__ 0.3496253840454598 neg 0.3387958902745007 off 0.31157872568003964	false	1.0
unheilbar	neg 1.0		__DUMMY__ 0.3484995748489269 neg 0.33905699633250497 off 0.31244342881856824	false	1.0
pisser	off 1.0		__DUMMY__ 0.3448798086862018 neg 0.3356053278659543 off 0.31951486344784397	false	0.5
löschen	neg 1.0		__DUMMY__ 0.34749424117705274 neg 0.34012906102704055 off 0.3123766977959067	false	1.0
durchfallen	neg 1.0		__DUMMY__ 0.3479951620304168 neg 0.344531901744677 off 0.3074729362249062	false	1.0
wichser	off 1.0		__DUMMY__ 0.34392866172562075 neg 0.3298698665853629 off 0.3262014716890164	false	0.5
terror	neg 1.0		__DUMMY__ 0.3481848118087192 neg 0.3361612434876266 off 0.31565394470365415	false	1.0
krass	neg 1.0		__DUMMY__ 0.34626957233274913 neg 0.3335666912655326 off 0.32016373640171825	false	1.0
revolte	neg 1.0	neg 1.0	neg 0.6598363988186123 off 0.17295187275763654 __DUMMY__ 0.1672117284237511	false	1.0
besorgt	neg 1.0		__DUMMY__ 0.3502514123653346 neg 0.33917994818437514 off 0.3105686394502903	false	1.0
nachlassen	neg 1.0		__DUMMY__ 0.3499475231544121 neg 0.33981128340978084 off 0.310241193435807	false	1.0
alt	neg 1.0		__DUMMY__ 0.34989243688716437 neg 0.3421695174064793 off 0.3079380457063564	false	1.0
hundesohn	off 1.0		__DUMMY__ 0.3425504171885004 neg 0.3328408022510902 off 0.3246087805604095	false	0.5
als			__DUMMY__ 0.3491152419989824 neg 0.34181987943887326 off 0.30906487856214426	false	0.0
abschreckung	neg 1.0		__DUMMY__ 0.3479057698039574 neg 0.346657994760939 off 0.30543623543510373	false	1.0
unqualifiziert	neg 1.0		__DUMMY__ 0.3462435415409419 neg 0.34089012701579524 off 0.31286633144326276	false	1.0
abgewichst	off 1.0		__DUMMY__ 0.3477919967256012 neg 0.341840677828967 off 0.31036732544543166	false	0.5
schwer	neg 1.0		__DUMMY__ 0.3486773695112385 neg 0.34045002088487597 off 0.31087260960388546	false	1.0
bedeutungslosigkeit	neg 1.0		__DUMMY__ 0.34747511099655676 neg 0.3466638281922032 off 0.30586106081124004	false	1.0
kapitulation	neg 1.0		neg 0.34726815387127674 __DUMMY__ 0.3455184317567257 off 0.3072134143719976	false	1.0
unscharf	neg 1.0		__DUMMY__ 0.3478633595615043 neg 0.33749483170802375 off 0.31464180873047204	false	1.0
schwinden	neg 1.0		__DUMMY__ 0.34939003437384475 neg 0.343017861734127 off 0.30759210389202835	false	1.0
versklavung	neg 1.0		__DUMMY__ 0.3452188746593633 neg 0.3434900316475918 off 0.311291093693045	false	1.0
schlecht	neg 1.0		__DUMMY__ 0.34745232410079485 neg 0.3351428193927409 off 0.3174048565064644	false	1.0
verhasst	neg 1.0		__DUMMY__ 0.3465770816383317 neg 0.34266744961959844 off 0.3107554687420699	false	1.0
beschweren	neg 1.0		__DUMMY__ 0.3481730745878614 neg 0.338873110766776 off 0.31295381464536254	false	1.0
scheiden	neg 1.0		__DUMMY__ 0.3483404068875009 neg 0.34092205503108836 off 0.3107375380814107	false	1.0
frustriert	neg 1.0		__DUMMY__ 0.3484346019708347 neg 0.3418765239997005 off 0.30968887402946477	false	1.0
schimmelig	neg 1.0		__DUMMY__ 0.3483172427511529 neg 0.3436206800848908 off 0.30806207716395634	false	1.0
fisch	neg 1.0		__DUMMY__ 0.34858275356453655 neg 0.3428261520878395 off 0.3085910943476239	false	1.0
schmuggel	neg 1.0		__DUMMY__ 0.3503161509447335 neg 0.3421370888452896 off 0.30754676020997684	false	1.0
auffallen	neg 1.0		__DUMMY__ 0.3477548222026396 neg 0.33899269890687556 off 0.3132524788904849	false	1.0
konkurrenz	neg 1.0		__DUMMY__ 0.3490410194423905 neg 0.3453486993443303 off 0.3056102812132792	false	1.0
teufelskreis	neg 1.0		__DUMMY__ 0.347988290455965 neg 0.3422010944861949 off 0.3098106150578401	false	1.0
aufschreien	neg 1.0		__DUMMY__ 0.3467225751609374 neg 0.3405868483458942 off 0.3126905764931683	false	1.0
schuldner	neg 1.0		__DUMMY__ 0.3473727705412616 neg 0.3455876001685505 off 0.3070396292901878	false	1.0
missgeburt	off 1.0	off 1.0	off 0.6479422639415818 neg 0.18501211619360478 __DUMMY__ 0.16704561986481328	false	1.0
arbeitslos	neg 1.0		__DUMMY__ 0.34743859756827145 neg 0.34431126689346325 off 0.3082501355382654	false	1.0
befallen	neg 1.0		__DUMMY__ 0.3468966076737691 neg 0.3443910025669146 off 0.3087123897593163	false	1.0
miesepetrig	off 1.0		__DUMMY__ 0.3485255757987658 neg 0.3336313376416034 off 0.31784308655963084	false	0.5
alarmieren	neg 1.0		__DUMMY__ 0.34574655514756164 neg 0.33851053103952167 off 0.31574291381291664	false	1.0
ungeduscht	off 1.0		__DUMMY__ 0.34783963181818256 neg 0.3374844304341591 off 0.3146759377476583	false	0.5
knappheit	neg 1.0		__DUMMY__ 0.3475241186364161 neg 0.3435994786435372 off 0.30887640272004663	false	1.0
schlange	neg 1.0		__DUMMY__ 0.34915974986605436 neg 0.3375025715280077 off 0.313337678605938	false	1.0
harsch	neg 1.0		__DUMMY__ 0.3469652643817061 neg 0.3289416962163726 off 0.32409303940192113	false	1.0
lang	neg 1.0		__DUMMY__ 0.34815765573739843 neg 0.3389474111313251 off 0.3128949331312765	false	1.0
ziellos	neg 1.0		__DUMMY__ 0.3489105229237251 neg 0.34257419212110196 off 0.30851528495517305	false	1.0
selbstverliebt	neg 1.0		__DUMMY__ 0.3419463907918605 neg 0.33165961992190035 off 0.32639398928623925	false	1.0
beseitigen	neg 1.0		__DUMMY__ 0.34845284004128785 neg 0.3389073416277428 off 0.3126398183309694	false	1.0
dumm	off 1.0		__DUMMY__ 0.3448958730680061 neg 0.3326924902029022 off 0.3224116367290918	false	0.5
arbeitsloser	neg 1.0		__DUMMY__ 0.3476076037626071 neg 0.3449804853519261 off 0.307411910885467	false	1.0
blitzen	neg 1.0		__DUMMY__ 0.3473388899447146 neg 0.3373568992950733 off 0.31530421076021203	false	1.0
hilflos	neg 1.0		__DUMMY__ 0.348641397894342 neg 0.3419527030999598 off 0.30940589900569804	false	1.0
eklig	off 1.0		__DUMMY__ 0.3442776896472653 neg 0.33261654986587574 off 0.323105760486859	false	0.5
begriff			__DUMMY__ 0.3479394432823706 neg 0.34256150783472333 off 0.30949904888290614	false	0.0
hungersnot	neg 1.0		__DUMMY__ 0.3454648030925711 neg 0.3446542077973902 off 0.30988098911003864	false	1.0
ungesetzlich	neg 1.0		__DUMMY__ 0.3442719865351494 neg 0.34355256415292634 off 0.31217544931192415	false	1.0
verschwendung	neg 1.0		__DUMMY__ 0.34884985951420283 neg 0.344532423675416 off 0.3066177168103812	false	1.0
schmerzvoll	neg 1.0		__DUMMY__ 0.34827796494769164 neg 0.3387010833909897 off 0.31302095166131866	false	1.0
vorzeitig	neg 1.0		__DUMMY__ 0.34671543474514904 neg 0.3365261418957658 off 0.3167584233590853	false	1.0
unvollkommenheit	neg 1.0		__DUMMY__ 0.34831352221446027 neg 0.33982005161405743 off 0.31186642617148247	false	1.0
intervenieren	neg 1.0		__DUMMY__ 0.3469384077647095 neg 0.34662175332589285 off 0.30643983890939747	false	1.0
banause	off 1.0		__DUMMY__ 0.3440881039817314 neg 0.3311545132153797 off 0.32475738280288896	false	0.5
rebell	neg 1.0		__DUMMY__ 0.3496300561797365 neg 0.34407731681874293 off 0.30629262700152055	false	1.0
unlogisch	neg 1.0		__DUMMY__ 0.3454045692845749 neg 0.33594686722993966 off 0.31864856348548537	false	1.0
leiden	neg 1.0	neg 1.0	neg 0.6560891146783164 __DUMMY__ 0.17296515031210274 off 0.17094573500958085	false	1.0
abschaffung	neg 1.0		__DUMMY__ 0.34609488142610395 neg 0.3424446336020242 off 0.3114604849718719	false	1.0
sturz	neg 1.0		__DUMMY__ 0.34630457418445004 neg 0.34136802470956246 off 0.31232740110598756	false	1.0
verkleinerung	neg 1.0		__DUMMY__ 0.34437604539539807 neg 0.34176041759647535 off 0.3138635370081265	false	1.0
schmarotzer	off 1.0		__DUMMY__ 0.34688688429606634 neg 0.34562376403369854 off 0.30748935167023506	false	0.5
bestrafung	neg 1.0		__DUMMY__ 0.34766033787635275 neg 0.3399271722648616 off 0.3124124898587856	false	1.0
achtlos	neg 1.0		__DUMMY__ 0.349075911914904 neg 0.33982043157746694 off 0.311103656507629	false	1.0
ungeheuer	neg 1.0		__DUMMY__ 0.34764371975874764 neg 0.338711415697537 off 0.3136448645437153	false	1.0
unaufrichtig	neg 1.0		__DUMMY__ 0.34600326285615346 neg 0.3400731743524379 off 0.31392356279140865	false	1.0
groggy	neg 1.0		__DUMMY__ 0.3469517015508626 neg 0.33823719430829763 off 0.31481110414083974	false	1.0
verletzlich	neg 1.0		__DUMMY__ 0.34687231977203464 neg 0.3357365060827826 off 0.31739117414518275	false	1.0
ablehnen	neg 1.0		__DUMMY__ 0.34719142850754897 neg 0.34461893979503716 off 0.308189631697414	false	1.0
kollaps	neg 1.0		__DUMMY__ 0.3467923195888712 neg 0.3418059867759342 off 0.3114016936351945	false	1.0
