unsolidarisch	neg 1.0		__DUMMY__ 0.48819890389817394 neg 0.2702629168368357 off 0.24153817926499047	false	1.0
nachteilig	neg 1.0		__DUMMY__ 0.49320280356571283 neg 0.26769206397874723 off 0.2391051324555399	false	1.0
skeptisch	neg 1.0		__DUMMY__ 0.49480437920195947 neg 0.26872532448760683 off 0.2364702963104337	false	1.0
schrecklich	neg 1.0		__DUMMY__ 0.4907933091024684 neg 0.25848043560940315 off 0.2507262552881286	false	1.0
schlapp	neg 1.0		__DUMMY__ 0.49426275479090187 neg 0.2588535820834946 off 0.24688366312560348	false	1.0
abfall	neg 1.0		__DUMMY__ 0.4957607382086188 neg 0.26929753326516276 off 0.2349417285262184	false	1.0
widerspenstig	neg 1.0		__DUMMY__ 0.4958509405165498 neg 0.2619010171245558 off 0.24224804235889436	false	1.0
abrupt	neg 1.0		__DUMMY__ 0.4971945217524474 neg 0.2616315652376559 off 0.24117391300989674	false	1.0
unwirksam	neg 1.0		__DUMMY__ 0.4886748303068717 neg 0.26965314513416805 off 0.24167202455896022	false	1.0
angreifen	neg 1.0		__DUMMY__ 0.4935592069017693 neg 0.26874675771194995 off 0.23769403538628084	false	1.0
inkonsistent	neg 1.0		__DUMMY__ 0.49256024080942556 neg 0.26293480846874323 off 0.24450495072183132	false	1.0
abrutschen	neg 1.0		__DUMMY__ 0.49625112199103555 neg 0.26856737693496696 off 0.2351815010739975	false	1.0
unsicher	neg 1.0		__DUMMY__ 0.49415732690930564 neg 0.2639162317056259 off 0.2419264413850685	false	1.0
bauernkind	off 1.0		__DUMMY__ 0.487146132136584 neg 0.2592117263409514 off 0.25364214152246456	false	0.5
angreifer	neg 1.0		__DUMMY__ 0.4907262993667825 neg 0.2642439344092353 off 0.24502976622398223	false	1.0
trennen	neg 1.0		__DUMMY__ 0.4972956611196728 neg 0.264868438607693 off 0.23783590027263427	false	1.0
schmutz	neg 1.0		__DUMMY__ 0.4960534134042911 neg 0.2554823116892049 off 0.24846427490650408	false	1.0
inkonsistenz	neg 1.0	neg 1.0	neg 0.6202812006986991 __DUMMY__ 0.240664571453552 off 0.13905422784774896	false	1.0
erschreckend	neg 1.0		__DUMMY__ 0.49310600061093085 neg 0.26647892442709215 off 0.2404150749619771	false	1.0
ertrinken	neg 1.0		__DUMMY__ 0.49617053943007416 neg 0.26485287746574826 off 0.23897658310417758	false	1.0
pickelface	off 1.0		__DUMMY__ 0.49148202928441304 neg 0.2659062644941597 off 0.24261170622142716	false	0.5
seiner			__DUMMY__ 0.49438906888047707 neg 0.2679639821476975 off 0.2376469489718254	false	0.0
lauch	neg 1.0		__DUMMY__ 0.4954258584515984 neg 0.26812397458940296 off 0.23645016695899865	false	1.0
unwichtig	neg 1.0		__DUMMY__ 0.4920301841152425 neg 0.2615289910797099 off 0.24644082480504742	false	1.0
steuerhinterziehung	neg 1.0		__DUMMY__ 0.48999015615885066 neg 0.269470503334941 off 0.24053934050620837	false	1.0
schock	neg 1.0		__DUMMY__ 0.4967890978179051 neg 0.26228203542880174 off 0.24092886675329328	false	1.0
beule	neg 1.0		__DUMMY__ 0.49342582147675046 neg 0.25846795996621275 off 0.24810621855703666	false	1.0
vergelten	neg 1.0		__DUMMY__ 0.4889667160190894 neg 0.2589205467942114 off 0.2521127371866991	false	1.0
verdorbenheit	neg 1.0		__DUMMY__ 0.49445492548632924 neg 0.2619434454711758 off 0.24360162904249488	false	1.0
trauma	neg 1.0		__DUMMY__ 0.49291703655374103 neg 0.2632224323315837 off 0.24386053111467543	false	1.0
sinnlos	neg 1.0		__DUMMY__ 0.49302676209086266 neg 0.26287137127434945 off 0.24410186663478783	false	1.0
fettsack	off 1.0	off 1.0	off 0.6135319313928302 __DUMMY__ 0.23934864720471952 neg 0.1471194214024502	false	1.0
feige	off 1.0		__DUMMY__ 0.4907718065686309 neg 0.26348567351683644 off 0.24574251991453258	false	0.5
abdanken	neg 1.0		__DUMMY__ 0.48832529598152663 neg 0.27141525525034454 off 0.2402594487681288	false	1.0
wichtigtuer	off 1.0	off 1.0	off 0.6082010813452262 __DUMMY__ 0.24083633085097753 neg 0.15096258780379632	false	1.0
misslingen	neg 1.0		__DUMMY__ 0.49629573668645216 neg 0.2585279358687577 off 0.2451763274447901	false	1.0
untreu	off 1.0		__DUMMY__ 0.4919733425981281 neg 0.2607766647813199 off 0.2472499926205522	false	0.5
missmutig	neg 1.0		__DUMMY__ 0.4940743638257653 neg 0.25970335019373963 off 0.24622228598049503	false	1.0
hurenbock	off 1.0		__DUMMY__ 0.4959575224915906 neg 0.25968335941631787 off 0.2443591180920914	false	0.5
betrunken	neg 1.0		__DUMMY__ 0.49281369263303737 neg 0.25813569092144956 off 0.24905061644551293	false	1.0
korrupt	off 1.0		__DUMMY__ 0.4900880405166809 neg 0.2708240337028374 off 0.23908792578048163	false	0.5
unmut	neg 1.0		__DUMMY__ 0.49443738563415424 neg 0.27009398971065685 off 0.23546862465518886	false	1.0
hackfresse	off 1.0		__DUMMY__ 0.4894767368850571 neg 0.2563591351876307 off 0.25416412792731224	false	0.5
aufblasen	neg 1.0		__DUMMY__ 0.4950683001393689 neg 0.2612161227291814 off 0.24371557713144978	false	1.0
gewaltsam	neg 1.0		__DUMMY__ 0.49089307528597165 neg 0.2662761883788872 off 0.24283073633514124	false	1.0
unbeliebtheit	neg 1.0		__DUMMY__ 0.4870576838393856 neg 0.26483775759447364 off 0.2481045585661408	false	1.0
sturheit	neg 1.0		__DUMMY__ 0.4922550996154833 neg 0.26719684872879923 off 0.24054805165571744	false	1.0
kuh	neg 1.0		__DUMMY__ 0.49201898671768945 neg 0.26437914023903936 off 0.2436018730432711	false	1.0
erschrecken	neg 1.0		__DUMMY__ 0.493362261127944 neg 0.26098896458242554 off 0.24564877428963047	false	1.0
opfer	neg 1.0		__DUMMY__ 0.49407620091017196 neg 0.2675312970047902 off 0.23839250208503787	false	1.0
sinken	neg 1.0		__DUMMY__ 0.4945390648956212 neg 0.26921050524719364 off 0.23625042985718508	false	1.0
stinktier	neg 1.0		__DUMMY__ 0.48913939287462316 neg 0.2600115914756625 off 0.2508490156497143	false	1.0
tucke	off 1.0		__DUMMY__ 0.4904936561139568 off 0.2551033592496799 neg 0.2544029846363632	false	1.0
ein			__DUMMY__ 0.4960114976068714 neg 0.26094299274499133 off 0.24304550964813743	false	0.0
abstieg	neg 1.0		__DUMMY__ 0.49213657655529996 neg 0.26791934919289956 off 0.2399440742518004	false	1.0
missverstehen	neg 1.0		__DUMMY__ 0.4910965187104036 neg 0.265425063109941 off 0.24347841817965524	false	1.0
ergebnislos	neg 1.0		__DUMMY__ 0.4926611995018652 neg 0.2678288449140683 off 0.2395099555840665	false	1.0
unter			__DUMMY__ 0.4998760267812466 neg 0.2680399526789077 off 0.23208402053984586	false	0.0
manipulieren	neg 1.0		__DUMMY__ 0.4947488487064511 neg 0.26726182874451804 off 0.23798932254903093	false	1.0
unbewiesen	neg 1.0		__DUMMY__ 0.4880771849278559 neg 0.2706368384796821 off 0.24128597659246212	false	1.0
verschleppen	neg 1.0		__DUMMY__ 0.49319896896327575 neg 0.26718843645135293 off 0.23961259458537137	false	1.0
weib	off 1.0		__DUMMY__ 0.48878273410311845 neg 0.2557428711525908 off 0.25547439474429084	false	0.5
opposition	neg 1.0		__DUMMY__ 0.48993894958820705 neg 0.26666186366701267 off 0.24339918674478025	false	1.0
verkehrswidrig	neg 1.0		__DUMMY__ 0.49265463660332576 neg 0.25418760733326173 off 0.25315775606341256	false	1.0
inkorrekt	neg 1.0		__DUMMY__ 0.4882855046912136 neg 0.26483936422767246 off 0.24687513108111395	false	1.0
vermeiden	neg 1.0		__DUMMY__ 0.4981231312654226 neg 0.2675161638114034 off 0.2343607049231738	false	1.0
abweichung	neg 1.0		__DUMMY__ 0.4901939728265075 neg 0.2709334775757994 off 0.238872549597693	false	1.0
alkoholisiert	neg 1.0		__DUMMY__ 0.4970577460635972 neg 0.2620512481351968 off 0.2408910058012059	false	1.0
scheiss	off 1.0	off 1.0	off 0.6112216658433799 __DUMMY__ 0.24154131177556407 neg 0.14723702238105602	false	1.0
herausforderung	neg 1.0		__DUMMY__ 0.49734175333738273 neg 0.26236225672574753 off 0.24029598993686974	false	1.0
pervers	off 1.0		__DUMMY__ 0.487470855052275 off 0.2580317583060856 neg 0.2544973866416394	false	1.0
wackelig	neg 1.0		__DUMMY__ 0.49783769888458057 neg 0.26173831152295074 off 0.24042398959246855	false	1.0
verwickeln	neg 1.0		__DUMMY__ 0.4919954186870795 neg 0.26459497180015396 off 0.24340960951276652	false	1.0
vorwand	neg 1.0		__DUMMY__ 0.49359231529806047 neg 0.27027695705294696 off 0.23613072764899248	false	1.0
muschi	off 1.0		__DUMMY__ 0.49150444158982637 neg 0.26637731891381 off 0.2421182394963636	false	0.5
entmutigung	neg 1.0		__DUMMY__ 0.48714736664905606 neg 0.26912998464865756 off 0.2437226487022864	false	1.0
unangemessen	neg 1.0		__DUMMY__ 0.49140008484882514 neg 0.26965098278365657 off 0.2389489323675183	false	1.0
unstetig	neg 1.0		__DUMMY__ 0.49194619945799634 neg 0.2620670964449418 off 0.2459867040970619	false	1.0
entmutigen	neg 1.0		__DUMMY__ 0.49441884276286885 neg 0.26215632571511593 off 0.24342483152201524	false	1.0
schwanz	neg 1.0		__DUMMY__ 0.4932578400236938 neg 0.2666642796598808 off 0.24007788031642535	false	1.0
verbot	neg 1.0		__DUMMY__ 0.49011962544122717 neg 0.2702571749245154 off 0.23962319963425732	false	1.0
leid	neg 1.0		__DUMMY__ 0.4902586672828508 neg 0.25739132548325133 off 0.2523500072338978	false	1.0
archaisch	neg 1.0		__DUMMY__ 0.49237889123944084 neg 0.2677788536766098 off 0.2398422550839494	false	1.0
gegen			__DUMMY__ 0.49232776309061693 neg 0.2714662940582008 off 0.23620594285118235	false	0.0
scheidung	neg 1.0	neg 1.0	neg 0.6086004065402855 __DUMMY__ 0.2396399491311029 off 0.15175964432861172	false	1.0
einschlag	neg 1.0		__DUMMY__ 0.48882774012079216 neg 0.25993419499255355 off 0.25123806488665434	false	1.0
m			__DUMMY__ 0.4951653445727376 neg 0.2637077303205679 off 0.24112692510669453	false	0.0
abgestanden	neg 1.0		__DUMMY__ 0.49557425120695586 neg 0.2617635835642835 off 0.2426621652287607	false	1.0
schmierig	off 1.0		__DUMMY__ 0.4914690889686133 neg 0.2570659206935318 off 0.25146499033785485	false	0.5
unpraktisch	neg 1.0		__DUMMY__ 0.495339206950806 neg 0.260947926365394 off 0.24371286668379988	false	1.0
wixxer	off 1.0		__DUMMY__ 0.4867379632680221 off 0.25810560293036094 neg 0.255156433801617	false	1.0
bezeichnet			__DUMMY__ 0.49173416163587486 neg 0.2675050362070062 off 0.24076080215711895	false	0.0
jammerlappen	off 1.0		__DUMMY__ 0.4921313530809851 neg 0.26146921486010993 off 0.24639943205890494	false	0.5
farce	neg 1.0		__DUMMY__ 0.48851520643250906 neg 0.2717115502390589 off 0.23977324332843208	false	1.0
zwecklos	neg 1.0		__DUMMY__ 0.49237576999975824 neg 0.26879311900947556 off 0.23883111099076618	false	1.0
turbulent	neg 1.0		__DUMMY__ 0.4900934728068125 neg 0.25962020410577585 off 0.25028632308741156	false	1.0
invasion	neg 1.0		__DUMMY__ 0.4936836461507002 neg 0.2607226612375282 off 0.24559369261177177	false	1.0
schuld	neg 1.0		__DUMMY__ 0.49253927952468307 neg 0.26492790323550125 off 0.24253281723981562	false	1.0
risiko	neg 1.0		__DUMMY__ 0.4950094734263452 neg 0.25878108019777346 off 0.24620944637588135	false	1.0
finster	neg 1.0		__DUMMY__ 0.4953674573291159 neg 0.2618825110217877 off 0.2427500316490965	false	1.0
geisteskrank	off 1.0		__DUMMY__ 0.4892813046931578 neg 0.26317306610517577 off 0.24754562920166648	false	0.5
zusammenbrechen	neg 1.0		__DUMMY__ 0.495018559307819 neg 0.2642541625066852 off 0.24072727818549577	false	1.0
ausbeute	neg 1.0		__DUMMY__ 0.4961641039914176 neg 0.26408679192487 off 0.23974910408371244	false	1.0
hinterhalt	neg 1.0		__DUMMY__ 0.4934763786609124 neg 0.26307576452520837 off 0.24344785681387912	false	1.0
kritik	neg 1.0		__DUMMY__ 0.48963406078881544 neg 0.2702872360795502 off 0.2400787031316343	false	1.0
einschrumpfen	neg 1.0		__DUMMY__ 0.4895779953322873 neg 0.26481705003061334 off 0.24560495463709925	false	1.0
riskant	neg 1.0		__DUMMY__ 0.49432838405352475 neg 0.26763355689406065 off 0.23803805905241443	false	1.0
frustrieren	neg 1.0		__DUMMY__ 0.4940233226563535 neg 0.26802770539232745 off 0.23794897195131917	false	1.0
groll	neg 1.0		__DUMMY__ 0.4929450634468466 neg 0.2677790707991137 off 0.2392758657540396	false	1.0
gibt			__DUMMY__ 0.49395952519624736 neg 0.2660406360873352 off 0.23999983871641736	false	0.0
qualvoll	neg 1.0		__DUMMY__ 0.49434802285360613 neg 0.26092124332267325 off 0.24473073382372051	false	1.0
wackeln	neg 1.0		__DUMMY__ 0.49592300654381577 neg 0.2608186348392552 off 0.24325835861692907	false	1.0
klagen	neg 1.0		__DUMMY__ 0.4929937782212206 neg 0.2711395491048145 off 0.2358666726739649	false	1.0
bankrott	neg 1.0		__DUMMY__ 0.4930712334324388 neg 0.259814467401424 off 0.24711429916613728	false	1.0
trauern	neg 1.0		__DUMMY__ 0.49447756759836475 neg 0.2671300879066395 off 0.23839234449499577	false	1.0
ablehnung	neg 1.0	neg 1.0	neg 0.6233550235225653 __DUMMY__ 0.24033822974693822 off 0.1363067467304965	false	1.0
stur	neg 1.0		__DUMMY__ 0.4927159719730147 neg 0.26428628565143647 off 0.24299774237554875	false	1.0
aufruhr	neg 1.0		__DUMMY__ 0.49055366423354896 neg 0.2672525627618962 off 0.24219377300455494	false	1.0
melancholie	neg 1.0		__DUMMY__ 0.4969658888959388 neg 0.26268166499836354 off 0.24035244610569764	false	1.0
ist			__DUMMY__ 0.492870030550398 neg 0.2638460406900932 off 0.2432839287595087	false	0.0
torheit	neg 1.0		__DUMMY__ 0.48897646047849674 neg 0.2686723554687743 off 0.24235118405272907	false	1.0
dreckskind	off 1.0		__DUMMY__ 0.4868336497677342 neg 0.26070553834369214 off 0.25246081188857367	false	0.5
umtauschen	neg 1.0		__DUMMY__ 0.4954429896413316 neg 0.2625531304931669 off 0.2420038798655015	false	1.0
zum			__DUMMY__ 0.49912414652502274 neg 0.26588990073039875 off 0.23498595274457848	false	0.0
zersetzen	neg 1.0		__DUMMY__ 0.4938681953991807 neg 0.26911026947054406 off 0.2370215351302752	false	1.0
zur			__DUMMY__ 0.49497388145555304 neg 0.2713018318047831 off 0.23372428673966383	false	0.0
frust	neg 1.0		__DUMMY__ 0.494388801935966 neg 0.26536436015814924 off 0.24024683790588477	false	1.0
unerbittlichkeit	neg 1.0		__DUMMY__ 0.4936470569548821 neg 0.26837622603038574 off 0.23797671701473216	false	1.0
zwei			__DUMMY__ 0.4979167358757815 neg 0.26553888230362044 off 0.23654438182059823	false	0.0
unkorrekt	neg 1.0		__DUMMY__ 0.4884603698878109 neg 0.2638791576633289 off 0.2476604724488602	false	1.0
hexe	off 1.0		__DUMMY__ 0.4926146690799952 neg 0.25999748510499177 off 0.2473878458150129	false	0.5
lasch	neg 1.0		__DUMMY__ 0.4911063137064451 neg 0.2640530084348047 off 0.24484067785875013	false	1.0
rivale	neg 1.0		__DUMMY__ 0.4895741152049787 neg 0.2594910419601136 off 0.2509348428349077	false	1.0
mutlos	off 1.0	off 1.0	off 0.6054537614288529 __DUMMY__ 0.24155190141321112 neg 0.15299433715793595	false	1.0
wirr	off 1.0		__DUMMY__ 0.48914319875164725 neg 0.2611905324208937 off 0.24966626882745893	false	0.5
jahr			__DUMMY__ 0.49685264022934833 neg 0.26441614598988333 off 0.23873121378076845	false	0.0
wird			__DUMMY__ 0.49423989259639994 neg 0.26710659243336377 off 0.23865351497023637	false	0.0
strafbar	neg 1.0		__DUMMY__ 0.491388059773772 neg 0.2710389424629 off 0.23757299776332808	false	1.0
erosion	neg 1.0		__DUMMY__ 0.4945458832381989 neg 0.2613866020871485 off 0.24406751467465262	false	1.0
eingehen	neg 1.0		__DUMMY__ 0.4930786822688462 neg 0.2682265236700307 off 0.238694794061123	false	1.0
faul	off 1.0		__DUMMY__ 0.4942489288821366 neg 0.2590997952496774 off 0.24665127586818592	false	0.5
provisorium	neg 1.0		__DUMMY__ 0.4990308467448249 neg 0.2696419142024084 off 0.23132723905276661	false	1.0
schmerzen	neg 1.0		__DUMMY__ 0.49532693342763445 neg 0.26351461553143707 off 0.24115845104092837	false	1.0
schrumpfen	neg 1.0		__DUMMY__ 0.49626281133209893 neg 0.26993653007257573 off 0.23380065859532542	false	1.0
geistlos	off 1.0		__DUMMY__ 0.48848596356978125 neg 0.2676012519274388 off 0.24391278450278006	false	0.5
fehlkauf	neg 1.0		__DUMMY__ 0.4915696954794598 neg 0.26362054962836473 off 0.24480975489217544	false	1.0
frustrierend	neg 1.0		__DUMMY__ 0.4929645886893266 neg 0.2615810405120425 off 0.24545437079863094	false	1.0
unzufrieden	neg 1.0		__DUMMY__ 0.493378710621865 neg 0.2674544412392859 off 0.23916684813884903	false	1.0
verzweifeln	neg 1.0		__DUMMY__ 0.49438966795382505 neg 0.26422956439829187 off 0.24138076764788297	false	1.0
verzweifelt	neg 1.0		__DUMMY__ 0.49289044075898814 neg 0.26418460545145456 off 0.24292495378955736	false	1.0
misstrauensantrag	neg 1.0		__DUMMY__ 0.4901977134617534 neg 0.2655323765187807 off 0.24426991001946588	false	1.0
abfallen	neg 1.0		__DUMMY__ 0.496873926324397 neg 0.2593977561513493 off 0.24372831752425367	false	1.0
fucker	off 1.0		__DUMMY__ 0.4899274910520519 neg 0.2603928125034262 off 0.24967969644452198	false	0.5
ungezogen	neg 1.0		__DUMMY__ 0.48936853431321037 off 0.2558462781222384 neg 0.2547851875645512	false	0.5
irrsinnig	neg 1.0	neg 1.0	neg 0.6210228848857218 __DUMMY__ 0.24140428261877733 off 0.13757283249550087	false	1.0
unfassbar	neg 1.0		__DUMMY__ 0.49226103042384023 neg 0.26070966333703627 off 0.2470293062391233	false	1.0
hart	neg 1.0		__DUMMY__ 0.49105757390027316 neg 0.26187111875748287 off 0.24707130734224395	false	1.0
widerlich	off 1.0		__DUMMY__ 0.49060912671100365 neg 0.2618881830696881 off 0.2475026902193083	false	0.5
fatal	neg 1.0		__DUMMY__ 0.49198348178736073 neg 0.2632145456205046 off 0.2448019725921347	false	1.0
bruch	neg 1.0		__DUMMY__ 0.4922332996577111 neg 0.2726249055698197 off 0.23514179477246908	false	1.0
aushungern	neg 1.0		__DUMMY__ 0.490256910913144 neg 0.268012995993472 off 0.24173009309338397	false	1.0
anspannung	neg 1.0		__DUMMY__ 0.49769528478618824 neg 0.2665556753192041 off 0.23574903989460755	false	1.0
von			__DUMMY__ 0.49595168066083434 neg 0.26672994284624235 off 0.23731837649292326	false	0.0
kraftlos	neg 1.0		__DUMMY__ 0.4973461420562256 neg 0.2626730813163074 off 0.2399807766274671	false	1.0
vom			__DUMMY__ 0.4987847949667723 neg 0.26884427169424524 off 0.2323709333389824	false	0.0
grenzdebil	off 1.0		__DUMMY__ 0.49234843210558016 neg 0.2594337825814173 off 0.2482177853130025	false	0.5
vor			__DUMMY__ 0.4961236844778842 neg 0.267536858434628 off 0.2363394570874877	false	0.0
unterwerfen	neg 1.0		__DUMMY__ 0.4933130044899806 neg 0.26821920654875564 off 0.23846778896126383	false	1.0
versenkung	neg 1.0		__DUMMY__ 0.49382235814995057 neg 0.268226864732163 off 0.23795077711788648	false	1.0
entziehen	neg 1.0		__DUMMY__ 0.493926933682876 neg 0.27044693482216414 off 0.23562613149495976	false	1.0
finanzkrise	neg 1.0		__DUMMY__ 0.49013238303338985 neg 0.2685860836593036 off 0.24128153330730662	false	1.0
schimpfend	neg 1.0		__DUMMY__ 0.49757434933125627 neg 0.25761498958768136 off 0.24481066108106236	false	1.0
profan	neg 1.0		__DUMMY__ 0.49310574451862177 neg 0.26281304516758575 off 0.24408121031379243	false	1.0
korruption	neg 1.0		__DUMMY__ 0.49020205950945045 neg 0.2705852549892021 off 0.23921268550134747	false	1.0
â			__DUMMY__ 0.4948773683864862 neg 0.26507684496614337 off 0.2400457866473704	false	0.0
schmutzig	neg 1.0		__DUMMY__ 0.4943139041834101 neg 0.2574569233491421 off 0.2482291724674478	false	1.0
sexy	neg 1.0		__DUMMY__ 0.4925795301014985 neg 0.26100489892672485 off 0.2464155709717766	false	1.0
abraten	neg 1.0		__DUMMY__ 0.4938902331546632 neg 0.2628145985065907 off 0.24329516833874607	false	1.0
schwarz	neg 1.0		__DUMMY__ 0.4922378612645352 neg 0.26387189412930445 off 0.24389024460616038	false	1.0
fotze	off 1.0		__DUMMY__ 0.49219819236018686 neg 0.2674898427507187 off 0.24031196488909434	false	0.5
verwirren	neg 1.0		__DUMMY__ 0.4927103747038607 neg 0.2624457027423305 off 0.24484392255380885	false	1.0
zahnlos	off 1.0		__DUMMY__ 0.49186939752135256 neg 0.2690980589134544 off 0.23903254356519305	false	0.5
verheeren	neg 1.0		__DUMMY__ 0.4871965526742401 off 0.2577652142076998 neg 0.2550382331180601	false	0.5
hippie	neg 1.0		__DUMMY__ 0.49229763045980207 neg 0.26159317548716987 off 0.2461091940530281	false	1.0
rammen	neg 1.0		__DUMMY__ 0.49285232735451057 neg 0.262236309008804 off 0.2449113636366854	false	1.0
unlauter	neg 1.0	neg 1.0	neg 0.6211478272930282 __DUMMY__ 0.24035224928906745 off 0.13849992341790435	false	1.0
unheilvoll	neg 1.0		__DUMMY__ 0.4940994627184251 neg 0.261664532604459 off 0.244236004677116	false	1.0
niedrig	neg 1.0		__DUMMY__ 0.49284532979099066 neg 0.26817495455087137 off 0.23897971565813808	false	1.0
explosion	neg 1.0		__DUMMY__ 0.49323823415864404 neg 0.2609808438738248 off 0.24578092196753118	false	1.0
weichei	off 1.0		__DUMMY__ 0.4895402499713184 neg 0.25758666368858607 off 0.2528730863400955	false	0.5
minusmensch	off 1.0		__DUMMY__ 0.48459983118695726 neg 0.2587924178872389 off 0.25660775092580396	false	0.5
farblos	neg 1.0		__DUMMY__ 0.4934473647206442 neg 0.26319882243180215 off 0.24335381284755378	false	1.0
unwissend	neg 1.0		__DUMMY__ 0.491127214670256 neg 0.26218135267716675 off 0.24669143265257718	false	1.0
traurig	neg 1.0		__DUMMY__ 0.49227412124306963 neg 0.2576371228680478 off 0.2500887558888826	false	1.0
senkung	neg 1.0		__DUMMY__ 0.49203704887913763 neg 0.2625965492795445 off 0.2453664018413179	false	1.0
ungleich	neg 1.0	neg 1.0	neg 0.6232774816281834 __DUMMY__ 0.24166361285468793 off 0.13505890551712857	false	1.0
heikel	neg 1.0		__DUMMY__ 0.4938368605933584 neg 0.26929255958013987 off 0.2368705798265019	false	1.0
drosselung	neg 1.0		__DUMMY__ 0.49212877960638235 neg 0.25745355543544884 off 0.250417664958169	false	1.0
falsch	neg 1.0		__DUMMY__ 0.49221675698816203 neg 0.2619904050936688 off 0.24579283791816908	false	1.0
unzufriedenheit	neg 1.0		__DUMMY__ 0.493918207294065 neg 0.2692650452565432 off 0.23681674744939182	false	1.0
kurz	neg 1.0		__DUMMY__ 0.496353988536779 neg 0.2627996380541587 off 0.2408463734090624	false	1.0
unsinnig	neg 1.0		__DUMMY__ 0.49269506927771894 neg 0.2678414723100639 off 0.23946345841221714	false	1.0
penner	off 1.0	off 1.0	off 0.6147606457575037 __DUMMY__ 0.24004364165381573 neg 0.1451957125886806	false	1.0
seicht	neg 1.0		__DUMMY__ 0.4872120481543981 neg 0.2578008641138447 off 0.2549870877317573	false	1.0
dummheit	off 1.0	off 1.0	off 0.6087008422132822 __DUMMY__ 0.24093490666675924 neg 0.1503642511199585	false	1.0
unerfreulich	neg 1.0		__DUMMY__ 0.49489199308480675 neg 0.26858134930664346 off 0.2365266576085498	false	1.0
motherfucker	off 1.0	off 1.0	off 0.6119144051794898 __DUMMY__ 0.24029781930771493 neg 0.14778777551279526	false	1.0
pikiert	neg 1.0		__DUMMY__ 0.4912110958739859 neg 0.2624635281262139 off 0.2463253759998002	false	1.0
wrack	neg 1.0		__DUMMY__ 0.49398080764902863 neg 0.26616729413953677 off 0.23985189821143474	false	1.0
gangster	neg 1.0		__DUMMY__ 0.4924848027457778 neg 0.26223534544324006 off 0.2452798518109821	false	1.0
krank	neg 1.0		__DUMMY__ 0.4936292088751866 neg 0.25793647374024425 off 0.24843431738456917	false	1.0
reich	neg 1.0		__DUMMY__ 0.4874126198708575 neg 0.2658310849672787 off 0.24675629516186384	false	1.0
gnadenlos	neg 1.0		__DUMMY__ 0.4926483241722049 neg 0.26467755431451256 off 0.24267412151328244	false	1.0
niedergeschlagen	neg 1.0		__DUMMY__ 0.49491047151690604 neg 0.2643306234395402 off 0.2407589050435538	false	1.0
terrorisieren	off 1.0	off 1.0	off 0.6054373200878965 __DUMMY__ 0.24258067558971808 neg 0.15198200432238537	false	1.0
sinnlosigkeit	neg 1.0		__DUMMY__ 0.4926157035052587 neg 0.26803645546154925 off 0.23934784103319204	false	1.0
behindern	neg 1.0		__DUMMY__ 0.49477222648065616 neg 0.26296829423183854 off 0.24225947928750532	false	1.0
undemokratisch	neg 1.0		__DUMMY__ 0.4893318067940982 neg 0.2678951311133405 off 0.2427730620925613	false	1.0
wirtschaftskrise	neg 1.0		__DUMMY__ 0.4916926332088871 neg 0.2686909056991282 off 0.23961646109198473	false	1.0
neid	neg 1.0		__DUMMY__ 0.49471566797236965 neg 0.25920951200936654 off 0.2460748200182638	false	1.0
rutschen	neg 1.0		__DUMMY__ 0.5005282339378397 neg 0.26376188039587645 off 0.23570988566628376	false	1.0
rezession	neg 1.0		__DUMMY__ 0.4880346686567344 neg 0.2606503651435851 off 0.25131496619968063	false	1.0
fehlgeburt	neg 1.0		__DUMMY__ 0.49399170978296875 neg 0.262959359501949 off 0.2430489307150822	false	1.0
charakterschwach	off 1.0		__DUMMY__ 0.49066246889249626 neg 0.26199072990431604 off 0.24734680120318758	false	0.5
isolation	neg 1.0		__DUMMY__ 0.4919642597722965 neg 0.260801752979848 off 0.24723398724785545	false	1.0
ablenkung	neg 1.0		__DUMMY__ 0.494483976410605 neg 0.26308730262085706 off 0.24242872096853785	false	1.0
pech	neg 1.0		__DUMMY__ 0.4932728854393354 neg 0.26156549405511575 off 0.24516162050554888	false	1.0
vermeidung	neg 1.0		__DUMMY__ 0.49321114077358774 neg 0.25733716641973564 off 0.2494516928066766	false	1.0
dominieren	neg 1.0		__DUMMY__ 0.4921180826832058 neg 0.2676757262494713 off 0.24020619106732294	false	1.0
schwindlig	neg 1.0		__DUMMY__ 0.4949016556495603 neg 0.2598907936080031 off 0.2452075507424367	false	1.0
lutscher	neg 1.0		__DUMMY__ 0.48732287411482444 neg 0.2567973059835321 off 0.2558798199016435	false	1.0
pflicht	neg 1.0		__DUMMY__ 0.4936931007032695 neg 0.2696175403354168 off 0.2366893589613136	false	1.0
faschist	off 1.0		__DUMMY__ 0.4895367596293499 neg 0.2664853973767893 off 0.2439778429938608	false	0.5
verschleudern	neg 1.0		__DUMMY__ 0.491404230293825 neg 0.26985350245241546 off 0.23874226725375952	false	1.0
wenn			__DUMMY__ 0.49231776269314836 neg 0.2619130744365841 off 0.24576916287026745	false	0.0
ehebruch	neg 1.0		__DUMMY__ 0.4925842956831595 neg 0.26869018045355375 off 0.23872552386328674	false	1.0
spott	off 1.0		__DUMMY__ 0.4928409345016906 neg 0.2690516807168654 off 0.238107384781444	false	0.5
trostlosigkeit	neg 1.0		__DUMMY__ 0.49152112603754605 neg 0.2720676395387522 off 0.23641123442370168	false	1.0
lutschen	neg 1.0		__DUMMY__ 0.49013748294903364 neg 0.2635688670320617 off 0.2462936500189046	false	1.0
undiszipliniert	neg 1.0		__DUMMY__ 0.4915733147604523 neg 0.2592196415229624 off 0.2492070437165853	false	1.0
kopfschmerz	neg 1.0		__DUMMY__ 0.4947433339447448 neg 0.2634912736441604 off 0.2417653924110947	false	1.0
unvorhergesehen	neg 1.0		__DUMMY__ 0.4970188400387308 neg 0.26219117568641165 off 0.24078998427485748	false	1.0
desinteressiert	neg 1.0		__DUMMY__ 0.4907652076408437 neg 0.26053070453901395 off 0.24870408782014233	false	1.0
armselig	off 1.0		__DUMMY__ 0.489862785742066 neg 0.2605840290871916 off 0.24955318517074235	false	0.5
desaster	neg 1.0		__DUMMY__ 0.49183175285422087 neg 0.27356349643345385 off 0.23460475071232528	false	1.0
tod	neg 1.0		__DUMMY__ 0.4923215905024333 neg 0.26922675229769194 off 0.23845165719987493	false	1.0
herzlos	neg 1.0		__DUMMY__ 0.4919453305864409 neg 0.25725414274603225 off 0.2508005266675267	false	1.0
unwissenheit	neg 1.0		__DUMMY__ 0.4923973713309285 neg 0.26824562348176884 off 0.23935700518730266	false	1.0
widersinnig	neg 1.0		__DUMMY__ 0.48909617553756896 neg 0.2712007747573644 off 0.23970304970506678	false	1.0
bedenklich	neg 1.0		__DUMMY__ 0.49346624519552856 neg 0.2686462376425609 off 0.23788751716191067	false	1.0
beanstanden	neg 1.0		__DUMMY__ 0.49357694193153817 neg 0.2702209987635859 off 0.23620205930487584	false	1.0
panisch	neg 1.0	neg 1.0	neg 0.6169021312186747 __DUMMY__ 0.24405807411920313 off 0.13903979466212216	false	1.0
debil	off 1.0		__DUMMY__ 0.49567480883615 neg 0.2703702275470235 off 0.2339549636168267	false	0.5
abstrich	neg 1.0		__DUMMY__ 0.4968066446598578 neg 0.25990929871726237 off 0.24328405662287977	false	1.0
primitiv	neg 1.0		__DUMMY__ 0.4903029157078836 neg 0.26166679228115697 off 0.24803029201095939	false	1.0
abschaum	off 1.0	off 1.0	off 0.6100866323902524 __DUMMY__ 0.24043873682947967 neg 0.14947463078026801	false	1.0
provozieren	neg 1.0		__DUMMY__ 0.49177989731867716 neg 0.26633535693223975 off 0.24188474574908314	false	1.0
tot	neg 1.0		__DUMMY__ 0.4929306667069252 neg 0.2660441351293136 off 0.24102519816376108	false	1.0
instabil	neg 1.0		__DUMMY__ 0.48785282618376413 neg 0.2619532607555772 off 0.2501939130606587	false	1.0
schwuchtel	off 1.0		__DUMMY__ 0.48410231507451124 off 0.2607498604514281 neg 0.25514782447406065	false	1.0
zerren	neg 1.0		__DUMMY__ 0.4945784417302587 neg 0.264929610074126 off 0.24049194819561528	false	1.0
kinderficker	off 1.0		__DUMMY__ 0.48836741723588223 neg 0.26000637246721187 off 0.25162621029690574	false	0.5
gefahr	neg 1.0		__DUMMY__ 0.4922755795878944 neg 0.26950704677049114 off 0.23821737364161444	false	1.0
rabiat	neg 1.0		__DUMMY__ 0.4931194625237825 neg 0.2650033363237303 off 0.2418772011524872	false	1.0
verlangsamung	neg 1.0		__DUMMY__ 0.48777304342237554 neg 0.2573528827318827 off 0.2548740738457418	false	1.0
ausgestorben	neg 1.0		__DUMMY__ 0.4940219141361683 neg 0.2655583320368696 off 0.24041975382696204	false	1.0
anklagen	neg 1.0		__DUMMY__ 0.4920995157710019 neg 0.2664735496068455 off 0.24142693462215256	false	1.0
trott	neg 1.0		__DUMMY__ 0.49419408983056723 neg 0.2635307561372077 off 0.2422751540322251	false	1.0
verminderung	neg 1.0		__DUMMY__ 0.49099472635659297 neg 0.2593457989845366 off 0.24965947465887034	false	1.0
nach			__DUMMY__ 0.4991320694278597 neg 0.2656925534473024 off 0.23517537712483783	false	0.0
rost	neg 1.0		__DUMMY__ 0.48869423519568045 neg 0.25591951744452734 off 0.25538624735979215	false	1.0
destruktiv	neg 1.0		__DUMMY__ 0.491447669357584 neg 0.26798719010048805 off 0.24056514054192793	false	1.0
unzumutbarkeit	neg 1.0		__DUMMY__ 0.4922865797916615 neg 0.25848772146568644 off 0.24922569874265202	false	1.0
labil	off 1.0	off 1.0	off 0.6107377811528197 __DUMMY__ 0.2405238890474495 neg 0.14873832979973076	false	1.0
ziemlich	neg 1.0		__DUMMY__ 0.49217835515598213 neg 0.2602186603981223 off 0.2476029844458956	false	1.0
lachnummer	off 1.0		__DUMMY__ 0.491330552807174 neg 0.26815878263311105 off 0.24051066455971487	false	0.5
oder			__DUMMY__ 0.49476769718937796 neg 0.2631446236352937 off 0.24208767917532836	false	0.0
verfall	neg 1.0		__DUMMY__ 0.4949190833606132 neg 0.27165072390173595 off 0.2334301927376508	false	1.0
ausgrenzung	neg 1.0		__DUMMY__ 0.4897145673086341 neg 0.2665942996470023 off 0.24369113304436357	false	1.0
unordnung	neg 1.0		__DUMMY__ 0.4881931982878033 neg 0.2608202755939774 off 0.2509865261182192	false	1.0
fehlverhalten	neg 1.0		__DUMMY__ 0.49230610399970964 neg 0.2701353082735031 off 0.23755858772678715	false	1.0
eine			__DUMMY__ 0.4958293359891785 neg 0.2675472975221286 off 0.23662336648869292	false	0.0
nille	neg 1.0		__DUMMY__ 0.4908584031886927 neg 0.2674733389296515 off 0.2416682578816557	false	1.0
qual	neg 1.0		__DUMMY__ 0.4939183155078121 neg 0.26396694383565833 off 0.24211474065652946	false	1.0
verschwenden	neg 1.0		__DUMMY__ 0.49435349394344524 neg 0.2673568818826475 off 0.23828962417390723	false	1.0
riesig	neg 1.0		__DUMMY__ 0.495215120088725 neg 0.2629688765930221 off 0.24181600331825298	false	1.0
verurteilen	neg 1.0		__DUMMY__ 0.4919297439165659 neg 0.2686019638116211 off 0.23946829227181288	false	1.0
klischee	neg 1.0	neg 1.0	neg 0.6205473909862786 __DUMMY__ 0.24045782610668578 off 0.13899478290703568	false	1.0
diktatorisch	neg 1.0		__DUMMY__ 0.48848533695518814 neg 0.26902656052581947 off 0.24248810251899244	false	1.0
vorhersehbar	neg 1.0		__DUMMY__ 0.4908965092009939 neg 0.2655204693927559 off 0.24358302140625016	false	1.0
sowie			__DUMMY__ 0.48779426112382407 neg 0.25903912557045344 off 0.25316661330572243	false	0.0
stornieren	neg 1.0		__DUMMY__ 0.49508911650684007 neg 0.25939003471147387 off 0.24552084878168617	false	1.0
besteuerung	neg 1.0		__DUMMY__ 0.4922843978417594 neg 0.2642527510702011 off 0.24346285108803942	false	1.0
ungeschminkt	neg 1.0		__DUMMY__ 0.4919510020144135 neg 0.2596987475819337 off 0.2483502504036529	false	1.0
kritisch	neg 1.0		__DUMMY__ 0.49243103541974614 neg 0.26961017776944785 off 0.237958786810806	false	1.0
schlamperei	off 1.0		__DUMMY__ 0.4915827430419322 neg 0.27004867180977676 off 0.23836858514829104	false	0.5
sucht	neg 1.0	neg 1.0	neg 0.61624378008186 __DUMMY__ 0.24404387036400144 off 0.1397123495541386	false	1.0
egoistisch	off 1.0		__DUMMY__ 0.48978473902003944 neg 0.25742299960702625 off 0.2527922613729343	false	0.5
ausbeuter	off 1.0		__DUMMY__ 0.49220038973942387 neg 0.2705722546234233 off 0.23722735563715283	false	0.5
arschgeburt	off 1.0		__DUMMY__ 0.4840672820430485 off 0.26059284844637953 neg 0.25533986951057186	false	1.0
schubs	neg 1.0	neg 1.0	neg 0.6197311560521169 __DUMMY__ 0.24394277003425913 off 0.13632607391362397	false	1.0
unsolide	neg 1.0		__DUMMY__ 0.48494094512100455 neg 0.27013270888394514 off 0.24492634599505037	false	1.0
beschwerde	neg 1.0		__DUMMY__ 0.4915935959739506 neg 0.26919618032977405 off 0.23921022369627543	false	1.0
stocken	neg 1.0		__DUMMY__ 0.49414412454313295 neg 0.2664100878169334 off 0.23944578763993357	false	1.0
isolieren	neg 1.0		__DUMMY__ 0.49552305716253636 neg 0.26245796395712523 off 0.24201897888033846	false	1.0
unheilbar	neg 1.0		__DUMMY__ 0.4939491447106932 neg 0.2629759431104398 off 0.24307491217886718	false	1.0
pisser	off 1.0		__DUMMY__ 0.48899450800698213 neg 0.2604305629577921 off 0.25057492903522566	false	0.5
löschen	neg 1.0		__DUMMY__ 0.492541140577904 neg 0.26427397083651744 off 0.24318488858557866	false	1.0
durchfallen	neg 1.0		__DUMMY__ 0.4932350517997224 neg 0.26841073744418276 off 0.2383542107560948	false	1.0
wichser	off 1.0		__DUMMY__ 0.48765540910615524 off 0.2572285502977767 neg 0.255116040596068	false	1.0
terror	neg 1.0		__DUMMY__ 0.49350307705619934 neg 0.2603041172363051 off 0.24619280570749558	false	1.0
krass	neg 1.0		__DUMMY__ 0.49089368477373546 neg 0.2582079313126468 off 0.2508983839136178	false	1.0
revolte	neg 1.0	neg 1.0	neg 0.6223417244861492 __DUMMY__ 0.2388389022005897 off 0.1388193733132611	false	1.0
besorgt	neg 1.0		__DUMMY__ 0.49635623728254585 neg 0.2627413555936955 off 0.24090240712375863	false	1.0
nachlassen	neg 1.0		__DUMMY__ 0.495956856075657 neg 0.263411452289896 off 0.24063169163444692	false	1.0
alt	neg 1.0		__DUMMY__ 0.4959132869242772 neg 0.26574314719828196 off 0.23834356587744082	false	1.0
hundesohn	off 1.0		__DUMMY__ 0.4857831287147041 neg 0.25823911335960564 off 0.2559777579256902	false	0.5
als			__DUMMY__ 0.4947778332122825 neg 0.26555204771463736 off 0.2396701190730802	false	0.0
abschreckung	neg 1.0		__DUMMY__ 0.4931301671910404 neg 0.27044636437835184 off 0.23642346843060782	false	1.0
unqualifiziert	neg 1.0		__DUMMY__ 0.49084033213552203 neg 0.26524341951217195 off 0.24391624835230608	false	1.0
abgewichst	off 1.0		__DUMMY__ 0.4929643202792773 neg 0.26585579898460315 off 0.2411798807361195	false	0.5
schwer	neg 1.0		__DUMMY__ 0.4941628824929753 neg 0.264332704986096 off 0.2415044125209286	false	1.0
bedeutungslosigkeit	neg 1.0		__DUMMY__ 0.492522558298877 neg 0.2705613000199248 off 0.2369161416811982	false	1.0
kapitulation	neg 1.0		__DUMMY__ 0.4898510944667732 neg 0.27154811901777326 off 0.23860078651545358	false	1.0
unscharf	neg 1.0		__DUMMY__ 0.4931013735295962 neg 0.2616700918774475 off 0.24522853459295624	false	1.0
schwinden	neg 1.0		__DUMMY__ 0.49518374504547913 neg 0.266613712435514 off 0.23820254251900697	false	1.0
versklavung	neg 1.0		__DUMMY__ 0.4894482655265784 neg 0.2679623978788039 off 0.24258933659461776	false	1.0
schlecht	neg 1.0		__DUMMY__ 0.4924845410676956 neg 0.25946142318563714 off 0.24805403574666732	false	1.0
verhasst	neg 1.0		__DUMMY__ 0.49128317140487715 neg 0.26691112412017043 off 0.2418057044749526	false	1.0
beschweren	neg 1.0		__DUMMY__ 0.4934712788257842 neg 0.26291153679178575 off 0.24361718438242994	false	1.0
scheiden	neg 1.0		__DUMMY__ 0.49376843000935866 neg 0.26485962816678876 off 0.2413719418238526	false	1.0
frustriert	neg 1.0		__DUMMY__ 0.49382688654746554 neg 0.26575823095996387 off 0.2404148824925707	false	1.0
schimmelig	neg 1.0		__DUMMY__ 0.49373909150683304 neg 0.26750463367515825 off 0.2387562748180086	false	1.0
fisch	neg 1.0		__DUMMY__ 0.49412428843454587 neg 0.2666528214650787 off 0.23922289010037542	false	1.0
schmuggel	neg 1.0		__DUMMY__ 0.4964936958310373 neg 0.2655464384710133 off 0.23795986569794947	false	1.0
auffallen	neg 1.0		__DUMMY__ 0.49289713639245136 neg 0.2631254467999562 off 0.2439774168075924	false	1.0
konkurrenz	neg 1.0		__DUMMY__ 0.4946973288977449 neg 0.2689437343544379 off 0.23635893674781716	false	1.0
teufelskreis	neg 1.0		__DUMMY__ 0.49321831530457416 neg 0.26616127892385816 off 0.24062040577156776	false	1.0
aufschreien	neg 1.0		__DUMMY__ 0.49147799841192674 neg 0.26488279286157956 off 0.24363920872649358	false	1.0
schuldner	neg 1.0		__DUMMY__ 0.4924113903885222 neg 0.2695291482818208 off 0.23805946132965716	false	1.0
missgeburt	off 1.0	off 1.0	off 0.6137838110595332 __DUMMY__ 0.2386147610587874 neg 0.14760142788167935	false	1.0
arbeitslos	neg 1.0		__DUMMY__ 0.49246068718076613 neg 0.2683135021501935 off 0.23922581066904053	false	1.0
befallen	neg 1.0		__DUMMY__ 0.4917768442165355 neg 0.2684851311124727 off 0.2397380246709917	false	1.0
miesepetrig	off 1.0		__DUMMY__ 0.4939873688562848 neg 0.2577822062626765 off 0.24823042488103877	false	0.5
alarmieren	neg 1.0		__DUMMY__ 0.49018365184806273 neg 0.2630296011255714 off 0.24678674702636585	false	1.0
ungeduscht	off 1.0		__DUMMY__ 0.49305334520179817 neg 0.26168493909111884 off 0.24526171570708288	false	0.5
knappheit	neg 1.0		__DUMMY__ 0.492626120815758 neg 0.26758229757919255 off 0.2397915816050495	false	1.0
schlange	neg 1.0		__DUMMY__ 0.4948406685619077 neg 0.2613887743641693 off 0.24377055707392278	false	1.0
harsch	neg 1.0		__DUMMY__ 0.49185482094322847 off 0.25459253567217505 neg 0.2535526433845966	false	0.5
lang	neg 1.0		__DUMMY__ 0.4934500800712656 neg 0.26299113060643764 off 0.24355878932229671	false	1.0
ziellos	neg 1.0		__DUMMY__ 0.49448716622204053 neg 0.2663393301466246 off 0.23917350363133483	false	1.0
selbstverliebt	neg 1.0		__DUMMY__ 0.48493123254696113 off 0.2578029357274925 neg 0.25726583172554635	false	0.5
beseitigen	neg 1.0		__DUMMY__ 0.49391425699516417 neg 0.26284578110706636 off 0.24323996189776953	false	1.0
dumm	off 1.0		__DUMMY__ 0.48898133056364 neg 0.25764146799181387 off 0.25337720144454623	false	0.5
arbeitsloser	neg 1.0		__DUMMY__ 0.4927179075960914 neg 0.2688959223635005 off 0.23838617004040805	false	1.0
blitzen	neg 1.0		__DUMMY__ 0.49233939428228807 neg 0.2616084236136612 off 0.24605218210405072	false	1.0
hilflos	neg 1.0		__DUMMY__ 0.49411578526205824 neg 0.265790539609654 off 0.24009367512828778	false	1.0
eklig	off 1.0		__DUMMY__ 0.48813893610925607 neg 0.257713323758748 off 0.2541477401319958	false	0.5
begriff			__DUMMY__ 0.4931647511439339 neg 0.2665045972608701 off 0.24033065159519598	false	0.0
hungersnot	neg 1.0		__DUMMY__ 0.48979538045999715 neg 0.2690377607037562 off 0.24116685883624653	false	1.0
ungesetzlich	neg 1.0		__DUMMY__ 0.4881409610812549 neg 0.26819849451530164 off 0.24366054440344354	false	1.0
verschwendung	neg 1.0		__DUMMY__ 0.4944041187328559 neg 0.2682304313315545 off 0.23736544993558964	false	1.0
schmerzvoll	neg 1.0		__DUMMY__ 0.4936160823617399 neg 0.2627295188096191 off 0.24365439882864098	false	1.0
vorzeitig	neg 1.0		__DUMMY__ 0.4915253460060341 neg 0.26091962257113904 off 0.24755503142282678	false	1.0
unvollkommenheit	neg 1.0		__DUMMY__ 0.4937238414648434 neg 0.2637603212390715 off 0.2425158372960853	false	1.0
intervenieren	neg 1.0		__DUMMY__ 0.49179953040569996 neg 0.2706204981199912 off 0.2375799714743088	false	1.0
banause	off 1.0		__DUMMY__ 0.4878919414084486 neg 0.25632991110436115 off 0.2557781474871902	false	0.5
rebell	neg 1.0		__DUMMY__ 0.49553820914675106 neg 0.26761871106391794 off 0.23684307978933092	false	1.0
unlogisch	neg 1.0		__DUMMY__ 0.48967619268529716 neg 0.260682368217901 off 0.24964143909680175	false	1.0
leiden	neg 1.0	neg 1.0	neg 0.6173654515141137 __DUMMY__ 0.24697156178343002 off 0.13566298670245625	false	1.0
abschaffung	neg 1.0		__DUMMY__ 0.490651628287423 neg 0.26678022249046013 off 0.24256814922211692	false	1.0
sturz	neg 1.0		__DUMMY__ 0.4909578732845138 neg 0.2656938784166867 off 0.24334824829879956	false	1.0
verkleinerung	neg 1.0		__DUMMY__ 0.4883000259446668 neg 0.2664907454124759 off 0.24520922864285719	false	1.0
schmarotzer	off 1.0		__DUMMY__ 0.4917128578899054 neg 0.2696907499139254 off 0.23859639219616938	false	0.5
bestrafung	neg 1.0		__DUMMY__ 0.49278316555278656 neg 0.2640109701027658 off 0.24320586434444763	false	1.0
achtlos	neg 1.0		__DUMMY__ 0.4947174827702974 neg 0.2636387783390062 off 0.24164373889069649	false	1.0
ungeheuer	neg 1.0		__DUMMY__ 0.4927813208695054 neg 0.26287001266102 off 0.24434866646947445	false	1.0
unaufrichtig	neg 1.0		__DUMMY__ 0.49053325999983827 neg 0.26448597165716115 off 0.24498076834300048	false	1.0
groggy	neg 1.0		__DUMMY__ 0.49179930113429043 neg 0.2625326596103854 off 0.24566803925532427	false	1.0
verletzlich	neg 1.0		__DUMMY__ 0.49170821208034066 neg 0.2601633677670954 off 0.2481284201525639	false	1.0
ablehnen	neg 1.0		__DUMMY__ 0.492137342816257 neg 0.2686360961589109 off 0.239226561024832	false	1.0
