unsolidarisch	neg 1.0		__DUMMY__ 0.8938832527832438 neg 0.05726995656322589 off 0.048846790653530356	false	1.0
nachteilig	neg 1.0		__DUMMY__ 0.9005488369239613 neg 0.05387944958700986 off 0.045571713489028866	false	1.0
skeptisch	neg 1.0		__DUMMY__ 0.9025554135017767 neg 0.05418971101929345 off 0.043254875478929845	false	1.0
schrecklich	neg 1.0		__DUMMY__ 0.8972344093381422 off 0.05433840174200136 neg 0.04842718891985637	false	0.5
schlapp	neg 1.0		__DUMMY__ 0.9019571516181859 off 0.05040592850902937 neg 0.047636919872784664	false	0.5
abfall	neg 1.0		__DUMMY__ 0.9037775249179657 neg 0.05432575434218734 off 0.04189672073984706	false	1.0
widerspenstig	neg 1.0		__DUMMY__ 0.9040404039511171 neg 0.049165669581401734 off 0.04679392646748119	false	1.0
abrupt	neg 1.0		__DUMMY__ 0.90592780474341 neg 0.048333026648083637 off 0.045739168608506374	false	1.0
unwirksam	neg 1.0		__DUMMY__ 0.8945858134052925 neg 0.057009260865207106 off 0.04840492572950041	false	1.0
angreifen	neg 1.0		__DUMMY__ 0.9007768860125032 neg 0.054612541450270835 off 0.044610572537225945	false	1.0
inkonsistent	neg 1.0		__DUMMY__ 0.8999377706744627 neg 0.05081930146464451 off 0.049242927860892856	false	1.0
abrutschen	neg 1.0		__DUMMY__ 0.9043585143622785 neg 0.053696589902792746 off 0.041944895734928725	false	1.0
unsicher	neg 1.0		__DUMMY__ 0.9015443189684224 neg 0.05113594730501785 off 0.047319733726559746	false	1.0
bauernkind	off 1.0		__DUMMY__ 0.8928364443050166 off 0.0571145621167895 neg 0.0500489935781939	false	1.0
angreifer	neg 1.0		__DUMMY__ 0.8973925046901348 neg 0.052193980742614984 off 0.05041351456725034	false	1.0
trennen	neg 1.0		__DUMMY__ 0.9057354555165129 neg 0.05081061590361062 off 0.04345392857987633	false	1.0
schmutz	neg 1.0		__DUMMY__ 0.9046867152392628 off 0.051190460049520936 neg 0.044122824711216264	false	0.5
inkonsistenz	neg 1.0	neg 1.0	neg 0.5097942317387298 __DUMMY__ 0.45208581496600225 off 0.03811995329526792	false	1.0
erschreckend	neg 1.0		__DUMMY__ 0.9002088664467067 neg 0.05320570891618618 off 0.04658542463710701	false	1.0
ertrinken	neg 1.0		__DUMMY__ 0.904275130807264 neg 0.05108922803705619 off 0.04463564115567986	false	1.0
pickelface	off 1.0		__DUMMY__ 0.898408193090677 neg 0.05317319452537663 off 0.04841861238394634	false	0.5
seiner			__DUMMY__ 0.9019098901688926 neg 0.05385310502245647 off 0.04423700480865087	false	0.0
lauch	neg 1.0		__DUMMY__ 0.9036556644294388 neg 0.053543416951157316 off 0.0428009186194039	false	1.0
unwichtig	neg 1.0		__DUMMY__ 0.8988759854164783 off 0.05107489480734967 neg 0.05004911977617191	false	0.5
steuerhinterziehung	neg 1.0		__DUMMY__ 0.8964361495769084 neg 0.05607874447412765 off 0.047485105948963956	false	1.0
schock	neg 1.0		__DUMMY__ 0.9051787723985133 neg 0.04909359554745267 off 0.04572763205403402	false	1.0
beule	neg 1.0		__DUMMY__ 0.9010100356361781 off 0.051406163940286825 neg 0.0475838004235351	false	0.5
vergelten	neg 1.0		__DUMMY__ 0.8951548228217749 off 0.05594286220266782 neg 0.048902314975557304	false	0.5
verdorbenheit	neg 1.0		__DUMMY__ 0.9023353659374641 neg 0.04967326640057926 off 0.04799136766195663	false	1.0
trauma	neg 1.0		__DUMMY__ 0.9000341178032947 neg 0.05102052113959203 off 0.048945361057113314	false	1.0
sinnlos	neg 1.0		__DUMMY__ 0.9000951422192286 neg 0.05074145848327325 off 0.04916339929749814	false	1.0
fettsack	off 1.0	off 1.0	off 0.5125869789391967 __DUMMY__ 0.44984337355440945 neg 0.037569647506393904	false	1.0
feige	off 1.0		__DUMMY__ 0.8972569543852859 neg 0.05181292291775554 off 0.0509301226969586	false	0.5
abdanken	neg 1.0		__DUMMY__ 0.8941074919211438 neg 0.05799343375603874 off 0.047899074322817425	false	1.0
wichtigtuer	off 1.0	off 1.0	off 0.5072732230599769 __DUMMY__ 0.45224786191033806 neg 0.04047891502968504	false	1.0
misslingen	neg 1.0		__DUMMY__ 0.904945382185583 off 0.04876526608106311 neg 0.04628935173335389	false	0.5
untreu	off 1.0		__DUMMY__ 0.898739424446075 off 0.051626296685468684 neg 0.04963427886845629	false	1.0
missmutig	neg 1.0		__DUMMY__ 0.9016095003953011 off 0.0502120742843188 neg 0.04817842532038013	false	0.5
hurenbock	off 1.0		__DUMMY__ 0.9046328328213018 off 0.04799949392243009 neg 0.04736767325626805	false	1.0
betrunken	neg 1.0		__DUMMY__ 0.8999877058043605 off 0.0524292806219186 neg 0.04758301357372089	false	0.5
korrupt	off 1.0		__DUMMY__ 0.8964536837406225 neg 0.057003508591787606 off 0.04654280766758991	false	0.5
unmut	neg 1.0		__DUMMY__ 0.9021394831479979 neg 0.05513746947667264 off 0.042723047375329434	false	1.0
hackfresse	off 1.0		__DUMMY__ 0.8956277768216525 off 0.05707757990419572 neg 0.04729464327415181	false	1.0
aufblasen	neg 1.0		__DUMMY__ 0.9028354932571169 neg 0.04900037000564594 off 0.048164136737237184	false	1.0
gewaltsam	neg 1.0		__DUMMY__ 0.8976211048730657 neg 0.05360800888519012 off 0.04877088624174413	false	1.0
unbeliebtheit	neg 1.0		__DUMMY__ 0.8925644863070485 neg 0.05377765914345386 off 0.053657854549497536	false	1.0
sturheit	neg 1.0		__DUMMY__ 0.8992069455705543 neg 0.05380028464096853 off 0.046992769788477225	false	1.0
kuh	neg 1.0		__DUMMY__ 0.8994442242160898 neg 0.05211789252517714 off 0.048437883258733105	false	1.0
erschrecken	neg 1.0		__DUMMY__ 0.9005510474828585 off 0.05005449799385359 neg 0.04939445452328798	false	0.5
opfer	neg 1.0		__DUMMY__ 0.9016751063310846 neg 0.053481658018230516 off 0.044843235650685	false	1.0
sinken	neg 1.0		__DUMMY__ 0.9023498088647465 neg 0.05459306818039027 off 0.04305712295486323	false	1.0
stinktier	neg 1.0		__DUMMY__ 0.8953775352038541 off 0.05465143963786843 neg 0.04997102515827747	false	0.5
tucke	off 1.0		__DUMMY__ 0.897388255699554 off 0.057167962361043545 neg 0.045443781939402496	false	1.0
ein			__DUMMY__ 0.904221654357665 neg 0.048459092849754096 off 0.047319252792581	false	0.0
abstieg	neg 1.0		__DUMMY__ 0.8991887606585445 neg 0.054322941012893956 off 0.04648829832856156	false	1.0
missverstehen	neg 1.0		__DUMMY__ 0.897618271235595 neg 0.05312292123811895 off 0.0492588075262861	false	1.0
ergebnislos	neg 1.0		__DUMMY__ 0.8999190391183288 neg 0.054052516883956084 off 0.04602844399771514	false	1.0
unter			__DUMMY__ 0.9092604904467465 neg 0.05212598616987261 off 0.03861352338338087	false	0.0
manipulieren	neg 1.0		__DUMMY__ 0.9025575107263938 neg 0.05298322169191011 off 0.04445926758169611	false	1.0
unbewiesen	neg 1.0		__DUMMY__ 0.8937355906683385 neg 0.0575629493554445 off 0.04870145997621697	false	1.0
verschleppen	neg 1.0		__DUMMY__ 0.9007281988865959 neg 0.05333899510888169 off 0.045932806004522424	false	1.0
weib	off 1.0		__DUMMY__ 0.8948956829526235 off 0.05813791249237607 neg 0.04696640455500054	false	1.0
opposition	neg 1.0		__DUMMY__ 0.8962292096939359 neg 0.05452831198622327 off 0.04924247831984082	false	1.0
verkehrswidrig	neg 1.0		__DUMMY__ 0.9001883838847808 off 0.05525742500526053 neg 0.04455419110995868	false	0.5
inkorrekt	neg 1.0		__DUMMY__ 0.8941263256782411 neg 0.05344963383865725 off 0.05242404048310162	false	1.0
vermeiden	neg 1.0		__DUMMY__ 0.9071019211657321 neg 0.05224490474364142 off 0.040653174090626375	false	1.0
abweichung	neg 1.0		__DUMMY__ 0.8965801347735776 neg 0.05720153253564621 off 0.046218332690776256	false	1.0
alkoholisiert	neg 1.0		__DUMMY__ 0.9060336863142909 neg 0.048751020550847964 off 0.04521529313486106	false	1.0
scheiss	off 1.0	off 1.0	off 0.5094400980339061 __DUMMY__ 0.45374256781506317 neg 0.036817334151030716	false	1.0
herausforderung	neg 1.0		__DUMMY__ 0.90613633109575 neg 0.04863814292107001 off 0.045225525983179964	false	1.0
pervers	off 1.0		__DUMMY__ 0.8931046302112934 off 0.06037000959162475 neg 0.04652536019708187	false	1.0
wackelig	neg 1.0		__DUMMY__ 0.9065717412703436 neg 0.048470971726709 off 0.04495728700294753	false	1.0
verwickeln	neg 1.0		__DUMMY__ 0.8987663179054445 neg 0.052232520900312294 off 0.04900116119424326	false	1.0
vorwand	neg 1.0		__DUMMY__ 0.9009535244100085 neg 0.055656083524738616 off 0.043390392065252914	false	1.0
muschi	off 1.0		__DUMMY__ 0.8983329653270422 neg 0.05356128911529131 off 0.04810574555766641	false	0.5
entmutigung	neg 1.0		__DUMMY__ 0.8926165401679331 neg 0.056738307787117845 off 0.050645152044948995	false	1.0
unangemessen	neg 1.0		__DUMMY__ 0.8980612536746182 neg 0.055918068181768456 off 0.0460206781436133	false	1.0
unstetig	neg 1.0		__DUMMY__ 0.8991659687276266 off 0.05047755462049739 neg 0.05035647665187607	false	0.5
entmutigen	neg 1.0		__DUMMY__ 0.9020922706879292 neg 0.04964841915035538 off 0.04825931016171544	false	1.0
schwanz	neg 1.0		__DUMMY__ 0.9008346810326906 neg 0.053200810070556985 off 0.0459645088967524	false	1.0
verbot	neg 1.0		__DUMMY__ 0.8965489567234681 neg 0.05655706369760135 off 0.04689397957893049	false	1.0
leid	neg 1.0		__DUMMY__ 0.8966563248463462 off 0.05556401645148099 neg 0.04777965870217279	false	0.5
archaisch	neg 1.0		__DUMMY__ 0.8993440650143181 neg 0.05433997686105417 off 0.04631595812462781	false	1.0
gegen			__DUMMY__ 0.8992827892498512 neg 0.05680829087180152 off 0.043908919878347365	false	0.0
scheidung	neg 1.0	neg 1.0	neg 0.49891465993241574 __DUMMY__ 0.4504127033508705 off 0.0506726367167137	false	1.0
einschlag	neg 1.0		__DUMMY__ 0.894872806634699 off 0.0552184272280285 neg 0.04990876613727254	false	0.5
m			__DUMMY__ 0.9030188079115974 neg 0.05068158725196989 off 0.0462996048364327	false	0.0
abgestanden	neg 1.0		__DUMMY__ 0.9040178964849578 neg 0.04926110723421366 off 0.046720996280828576	false	1.0
schmierig	off 1.0		__DUMMY__ 0.8982397337935691 off 0.054608430117003164 neg 0.0471518360894277	false	1.0
unpraktisch	neg 1.0		__DUMMY__ 0.9033310299286605 neg 0.04871962096818588 off 0.04794934910315351	false	1.0
wixxer	off 1.0		__DUMMY__ 0.8921433354869759 off 0.0606154515414822 neg 0.04724121297154197	false	1.0
bezeichnet			__DUMMY__ 0.8984975029967914 neg 0.05431888981031038 off 0.0471836071928982	false	0.0
jammerlappen	off 1.0		__DUMMY__ 0.8989552274941263 off 0.051007600021290955 neg 0.05003717248458276	false	1.0
farce	neg 1.0		__DUMMY__ 0.8944151669511888 neg 0.05817321021941991 off 0.047411622829391264	false	1.0
zwecklos	neg 1.0		__DUMMY__ 0.8992345296664824 neg 0.05510415668086086 off 0.045661313652656674	false	1.0
turbulent	neg 1.0		__DUMMY__ 0.8968345736774398 off 0.0540577574070642 neg 0.0491076689154959	false	0.5
invasion	neg 1.0		__DUMMY__ 0.9010861204911105 off 0.04994947016924877 neg 0.04896440933964074	false	0.5
schuld	neg 1.0		__DUMMY__ 0.8994732770385163 neg 0.052303504894284474 off 0.04822321806719917	false	1.0
risiko	neg 1.0		__DUMMY__ 0.9032336614019852 off 0.050003033045805126 neg 0.04676330555220973	false	0.5
finster	neg 1.0		__DUMMY__ 0.9034581072509748 neg 0.04952289995038598 off 0.04701899279863937	false	1.0
geisteskrank	off 1.0		__DUMMY__ 0.8952658114703548 off 0.05265618664476921 neg 0.052078001884875956	false	1.0
zusammenbrechen	neg 1.0		__DUMMY__ 0.9026679477201747 neg 0.05106950833803025 off 0.04626254394179505	false	1.0
ausbeute	neg 1.0		__DUMMY__ 0.9046417150379534 neg 0.05058228982501807 off 0.04477599513702841	false	1.0
hinterhalt	neg 1.0		__DUMMY__ 0.9012156886010902 neg 0.0504919486646839 off 0.04829236273422578	false	1.0
kritik	neg 1.0		__DUMMY__ 0.8959081973537493 neg 0.05674480790403649 off 0.04734699474221426	false	1.0
einschrumpfen	neg 1.0		__DUMMY__ 0.8958627645522237 neg 0.05310628520678698 off 0.05103095024098926	false	1.0
riskant	neg 1.0		__DUMMY__ 0.9018148647350898 neg 0.053638239792162604 off 0.04454689547274772	false	1.0
frustrieren	neg 1.0		__DUMMY__ 0.9014217659123334 neg 0.05402226173205008 off 0.044555972355616494	false	1.0
groll	neg 1.0		__DUMMY__ 0.9001406880737083 neg 0.05403150055502172 off 0.04582781137126993	false	1.0
gibt			__DUMMY__ 0.9012373340764657 neg 0.05268085980673205 off 0.04608180611680235	false	0.0
qualvoll	neg 1.0		__DUMMY__ 0.9019292136975224 off 0.04904998517235831 neg 0.04902080113011917	false	0.5
wackeln	neg 1.0		__DUMMY__ 0.9039360560769433 neg 0.04842233157075727 off 0.04764161235229954	false	1.0
klagen	neg 1.0		__DUMMY__ 0.9003006634698613 neg 0.05633095680764129 off 0.043368379722497435	false	1.0
bankrott	neg 1.0		__DUMMY__ 0.9002939722952211 off 0.05103770824540751 neg 0.04866831945937141	false	0.5
trauern	neg 1.0		__DUMMY__ 0.902261792860795 neg 0.05305870889356395 off 0.044679498245640985	false	1.0
ablehnung	neg 1.0	neg 1.0	neg 0.5127343421944041 __DUMMY__ 0.45149992444026066 off 0.03576573336533541	false	1.0
stur	neg 1.0		__DUMMY__ 0.8997088354757711 neg 0.05179459509323241 off 0.04849656943099657	false	1.0
aufruhr	neg 1.0		__DUMMY__ 0.8971446348309253 neg 0.05438868543286877 off 0.048466679736205914	false	1.0
melancholie	neg 1.0		__DUMMY__ 0.9055560868322599 neg 0.049378951045745856 off 0.04506496212199428	false	1.0
ist			__DUMMY__ 0.8998289163897907 neg 0.05157272871865971 off 0.048598354891549525	false	0.0
torheit	neg 1.0		__DUMMY__ 0.8949500237013204 neg 0.05592062658207914 off 0.04912934971660045	false	1.0
dreckskind	off 1.0		__DUMMY__ 0.892254959894327 off 0.056529795726142355 neg 0.05121524437953057	false	1.0
umtauschen	neg 1.0		__DUMMY__ 0.9034909324970883 neg 0.0499380127264836 off 0.04657105477642806	false	1.0
zum			__DUMMY__ 0.9082691038608832 neg 0.05091636781360097 off 0.040814528325515825	false	0.0
zersetzen	neg 1.0		__DUMMY__ 0.9013259038744751 neg 0.05472826495139777 off 0.0439458311741271	false	1.0
zur			__DUMMY__ 0.9028007658649889 neg 0.05595175798990968 off 0.041247476145101374	false	0.0
frust	neg 1.0		__DUMMY__ 0.901795130153141 neg 0.05206700461415152 off 0.046137865232707465	false	1.0
unerbittlichkeit	neg 1.0		__DUMMY__ 0.901099524015662 neg 0.05417799953088317 off 0.0447224764534549	false	1.0
zwei			__DUMMY__ 0.9065686259417036 neg 0.05115203427954019 off 0.0422793397787562	false	0.0
unkorrekt	neg 1.0		__DUMMY__ 0.8944458359013191 off 0.05279770785603502 neg 0.05275645624264589	false	0.5
hexe	off 1.0		__DUMMY__ 0.8999773565600034 off 0.051139854231264034 neg 0.04888278920873254	false	1.0
lasch	neg 1.0		__DUMMY__ 0.8977140153986737 neg 0.05204262676068796 off 0.05024335784063834	false	1.0
rivale	neg 1.0		__DUMMY__ 0.8958718374122964 off 0.05473409999619559 neg 0.049394062591508046	false	0.5
mutlos	off 1.0	off 1.0	off 0.5045063168087797 __DUMMY__ 0.45356844475147373 neg 0.04192523843974662	false	1.0
wirr	off 1.0		__DUMMY__ 0.8953793391328249 off 0.053930403055135544 neg 0.050690257812039605	false	1.0
jahr			__DUMMY__ 0.9053005135099911 neg 0.05061838302806372 off 0.04408110346194519	false	0.0
wird			__DUMMY__ 0.9016513733867572 neg 0.053421910710087124 off 0.044926715903155674	false	0.0
strafbar	neg 1.0		__DUMMY__ 0.8980955872531531 neg 0.05682962212526317 off 0.04507479062158386	false	1.0
erosion	neg 1.0		__DUMMY__ 0.9022206369307914 neg 0.04920436391868407 off 0.04857499915052452	false	1.0
eingehen	neg 1.0		__DUMMY__ 0.9001158196797842 neg 0.05446725960652752 off 0.04541692071368842	false	1.0
faul	off 1.0		__DUMMY__ 0.9019344556668752 off 0.050298230972149305 neg 0.04776731336097548	false	1.0
provisorium	neg 1.0		__DUMMY__ 0.9081551652801848 neg 0.05364686767477516 off 0.0381979670450401	false	1.0
schmerzen	neg 1.0		__DUMMY__ 0.9033323746541629 neg 0.05068840763283379 off 0.04597921771300324	false	1.0
schrumpfen	neg 1.0		__DUMMY__ 0.9045832661177599 neg 0.054489907139631706 off 0.04092682674260842	false	1.0
geistlos	off 1.0		__DUMMY__ 0.8942770367533899 neg 0.055302381881603246 off 0.050420581365006906	false	0.5
fehlkauf	neg 1.0		__DUMMY__ 0.8983959436166217 neg 0.0516391212406839 off 0.04996493514269441	false	1.0
frustrierend	neg 1.0		__DUMMY__ 0.9000065393448199 off 0.05010012086299732 neg 0.04989333979218278	false	0.5
unzufrieden	neg 1.0		__DUMMY__ 0.9005359850570186 neg 0.053818405922282084 off 0.04564560902069937	false	1.0
verzweifeln	neg 1.0		__DUMMY__ 0.9018474475444521 neg 0.05125388944041195 off 0.04689866301513586	false	1.0
verzweifelt	neg 1.0		__DUMMY__ 0.8998455992315993 neg 0.051785757281554504 off 0.048368643486846156	false	1.0
misstrauensantrag	neg 1.0		__DUMMY__ 0.8965026009038883 neg 0.0536913004907419 off 0.04980609860536984	false	1.0
abfallen	neg 1.0		__DUMMY__ 0.9053235663920803 off 0.04754325271665544 neg 0.047133180891264274	false	0.5
fucker	off 1.0		__DUMMY__ 0.8960167121933715 off 0.053991900999032075 neg 0.04999138680759651	false	1.0
ungezogen	neg 1.0		__DUMMY__ 0.8956177450785621 off 0.05822629893055079 neg 0.046155955990887156	false	0.5
irrsinnig	neg 1.0	neg 1.0	neg 0.510400397041902 __DUMMY__ 0.4531339576090727 off 0.036465645349025175	false	1.0
unfassbar	neg 1.0		__DUMMY__ 0.8991422371458082 off 0.05136902550330404 neg 0.04948873735088775	false	0.5
hart	neg 1.0		__DUMMY__ 0.8981335987545656 off 0.05136674437603544 neg 0.05049965686939901	false	0.5
widerlich	off 1.0		__DUMMY__ 0.8970216709465523 off 0.05217816314033492 neg 0.05080016591311283	false	1.0
fatal	neg 1.0		__DUMMY__ 0.8987968045626739 neg 0.051297945504357935 off 0.049905249932968174	false	1.0
bruch	neg 1.0		__DUMMY__ 0.8992190721686211 neg 0.05769324356337229 off 0.04308768426800676	false	1.0
aushungern	neg 1.0		__DUMMY__ 0.8967091540987726 neg 0.054811131702526515 off 0.048479714198700945	false	1.0
anspannung	neg 1.0		__DUMMY__ 0.9063633299606553 neg 0.05173745826464891 off 0.04189921177469584	false	1.0
von			__DUMMY__ 0.9042015121770591 neg 0.05247021105621001 off 0.04332827676673082	false	0.0
kraftlos	neg 1.0		__DUMMY__ 0.9058922339507296 neg 0.04918932251222696 off 0.04491844353704338	false	1.0
vom			__DUMMY__ 0.9078181042585735 neg 0.053222369414003 off 0.038959526327423576	false	0.0
grenzdebil	off 1.0		__DUMMY__ 0.8992926887685246 off 0.0521588845562126 neg 0.04854842667526268	false	1.0
vor			__DUMMY__ 0.9041694915285937 neg 0.05304014755778099 off 0.04279036091362524	false	0.0
unterwerfen	neg 1.0		__DUMMY__ 0.9006801152181096 neg 0.05418261569744909 off 0.04513726908444129	false	1.0
versenkung	neg 1.0		__DUMMY__ 0.9011339550127826 neg 0.0541562066780773 off 0.044709838309140146	false	1.0
entziehen	neg 1.0		__DUMMY__ 0.9013743398328131 neg 0.05567013119384624 off 0.042955528973340595	false	1.0
finanzkrise	neg 1.0		__DUMMY__ 0.8966212565001414 neg 0.05553529269946792 off 0.047843450800390826	false	1.0
schimpfend	neg 1.0		__DUMMY__ 0.906474784402822 off 0.047975586318863214 neg 0.045549629278314845	false	0.5
profan	neg 1.0		__DUMMY__ 0.9002348132082598 neg 0.05073354593594404 off 0.04903164085579605	false	1.0
korruption	neg 1.0		__DUMMY__ 0.8966779542072381 neg 0.05681026189484458 off 0.04651178389791729	false	1.0
â			__DUMMY__ 0.9026678133877978 neg 0.051754813883068525 off 0.04557737272913367	false	0.0
schmutzig	neg 1.0		__DUMMY__ 0.9019221105386095 off 0.05158217105751354 neg 0.04649571840387691	false	0.5
sexy	neg 1.0		__DUMMY__ 0.8995693246974992 off 0.050845586025746854 neg 0.049585089276754035	false	0.5
abraten	neg 1.0		__DUMMY__ 0.9013212697158096 neg 0.050485692921597346 off 0.048193037362593005	false	1.0
schwarz	neg 1.0		__DUMMY__ 0.8991564163663734 neg 0.051705243643960674 off 0.04913833998966583	false	1.0
fotze	off 1.0		__DUMMY__ 0.8992779674753404 neg 0.05415468210589906 off 0.046567350418760534	false	0.5
verwirren	neg 1.0		__DUMMY__ 0.8996657031782056 neg 0.05057910440174122 off 0.049755192420053225	false	1.0
zahnlos	off 1.0		__DUMMY__ 0.8985754303586085 neg 0.05544359742849363 off 0.045980972212897736	false	0.5
verheeren	neg 1.0		__DUMMY__ 0.8927230820052037 off 0.06038388278492864 neg 0.04689303520986765	false	0.5
hippie	neg 1.0		__DUMMY__ 0.8991920510643935 off 0.05074904103390072 neg 0.05005890790170574	false	0.5
rammen	neg 1.0		__DUMMY__ 0.900233609431219 neg 0.050433454628059336 off 0.04933293594072164	false	1.0
unlauter	neg 1.0	neg 1.0	neg 0.5107348995281784 __DUMMY__ 0.451565691408567 off 0.03769940906325455	false	1.0
unheilvoll	neg 1.0		__DUMMY__ 0.9018045768600337 neg 0.049577454693615096 off 0.048617968446351245	false	1.0
niedrig	neg 1.0		__DUMMY__ 0.900212838346564 neg 0.05449297053998023 off 0.045294191113455756	false	1.0
explosion	neg 1.0		__DUMMY__ 0.9005431079749604 off 0.050164646331582 neg 0.04929224569345756	false	0.5
weichei	off 1.0		__DUMMY__ 0.8956737755925446 off 0.05609479013299888 neg 0.04823143427445643	false	1.0
minusmensch	off 1.0		__DUMMY__ 0.8893019269240909 off 0.06038547892835101 neg 0.05031259414755809	false	1.0
farblos	neg 1.0		__DUMMY__ 0.9014010845661385 neg 0.05064260687809943 off 0.047956308555761946	false	1.0
unwissend	neg 1.0		__DUMMY__ 0.8976452143242153 off 0.05144484631257167 neg 0.050909939363213016	false	0.5
traurig	neg 1.0		__DUMMY__ 0.8992405416340588 off 0.053484510314569814 neg 0.047274948051371404	false	0.5
senkung	neg 1.0		__DUMMY__ 0.8991420214874676 neg 0.0508096650563541 off 0.05004831345617832	false	1.0
ungleich	neg 1.0	neg 1.0	neg 0.5122190108392743 __DUMMY__ 0.4537397211716744 off 0.03404126798905135	false	1.0
heikel	neg 1.0		__DUMMY__ 0.9012592004125208 neg 0.05492609045979619 off 0.043814709127682996	false	1.0
drosselung	neg 1.0		__DUMMY__ 0.8993346315217584 off 0.05358736672333547 neg 0.04707800175490608	false	0.5
falsch	neg 1.0		__DUMMY__ 0.899110413483844 off 0.050507681257122225 neg 0.05038190525903374	false	0.5
unzufriedenheit	neg 1.0		__DUMMY__ 0.9014021927634472 neg 0.05477137333934479 off 0.04382643389720795	false	1.0
kurz	neg 1.0		__DUMMY__ 0.9045068167704489 neg 0.04974327921016207 off 0.04574990401938899	false	1.0
unsinnig	neg 1.0		__DUMMY__ 0.8997266686385509 neg 0.05429111632293216 off 0.04598221503851694	false	1.0
penner	off 1.0	off 1.0	off 0.5136763462949958 __DUMMY__ 0.45086589275219763 neg 0.0354577609528066	false	1.0
seicht	neg 1.0		__DUMMY__ 0.8926372926212455 off 0.05847471423346594 neg 0.04888799314528855	false	0.5
dummheit	off 1.0	off 1.0	off 0.5077144939725866 __DUMMY__ 0.45241431595924464 neg 0.03987119006816873	false	1.0
unerfreulich	neg 1.0		__DUMMY__ 0.9026326732334741 neg 0.054148719844000895 off 0.0432186069225251	false	1.0
motherfucker	off 1.0	off 1.0	off 0.5110145471707753 __DUMMY__ 0.45128061442745593 neg 0.03770483840176878	false	1.0
pikiert	neg 1.0		__DUMMY__ 0.8978655055413002 off 0.05114963601465684 neg 0.05098485844404305	false	0.5
wrack	neg 1.0		__DUMMY__ 0.9018673054162742 neg 0.05267974875012807 off 0.0454529458335977	false	1.0
gangster	neg 1.0		__DUMMY__ 0.8994725894144848 neg 0.0504912988337866 off 0.05003611175172865	false	1.0
krank	neg 1.0		__DUMMY__ 0.9010712572528624 off 0.05179810056404849 neg 0.04713064218308909	false	0.5
reich	neg 1.0		__DUMMY__ 0.8930805724264697 neg 0.05461716307280082 off 0.05230226450072953	false	1.0
gnadenlos	neg 1.0		__DUMMY__ 0.8995396348635941 neg 0.05214419123566717 off 0.048316173900738835	false	1.0
niedergeschlagen	neg 1.0		__DUMMY__ 0.9026832575048244 neg 0.051166275501890846 off 0.046150466993284726	false	1.0
terrorisieren	off 1.0	off 1.0	off 0.5040956838592092 __DUMMY__ 0.45534746785004093 neg 0.040556848290749827	false	1.0
sinnlosigkeit	neg 1.0		__DUMMY__ 0.8995488114685156 neg 0.05449590087166603 off 0.04595528765981837	false	1.0
behindern	neg 1.0		__DUMMY__ 0.9025641810545849 neg 0.05024928154631146 off 0.0471865373991036	false	1.0
undemokratisch	neg 1.0		__DUMMY__ 0.895522818547627 neg 0.055112408826878574 off 0.04936477262549439	false	1.0
wirtschaftskrise	neg 1.0		__DUMMY__ 0.898693975735403 neg 0.05499071565115877 off 0.04631530861343823	false	1.0
neid	neg 1.0		__DUMMY__ 0.9025624923090709 off 0.04984361798074639 neg 0.04759388971018267	false	0.5
rutschen	neg 1.0		__DUMMY__ 0.9100961393577459 neg 0.04902715120567392 off 0.04087670943658012	false	1.0
rezession	neg 1.0		__DUMMY__ 0.8937399899656756 off 0.055561047264602564 neg 0.05069896276972172	false	0.5
fehlgeburt	neg 1.0		__DUMMY__ 0.9020136382665896 neg 0.050281756739579464 off 0.04770460499383089	false	1.0
charakterschwach	off 1.0		__DUMMY__ 0.8971697176890497 off 0.052112443449543557 neg 0.05071783886140667	false	1.0
isolation	neg 1.0		__DUMMY__ 0.8988003701866235 off 0.05153401016229018 neg 0.049665619651086304	false	0.5
ablenkung	neg 1.0		__DUMMY__ 0.9019853909228285 neg 0.05047703222093991 off 0.04753757685623158	false	1.0
pech	neg 1.0		__DUMMY__ 0.9007111746798676 neg 0.04991675318676604 off 0.04937207213336634	false	1.0
vermeidung	neg 1.0		__DUMMY__ 0.9006392179023408 off 0.05261978423800838 neg 0.04674099785965078	false	0.5
dominieren	neg 1.0		__DUMMY__ 0.8991361418971506 neg 0.0543142616817966 off 0.04654959642105275	false	1.0
schwindlig	neg 1.0		__DUMMY__ 0.9027994710972139 off 0.04900903794727396 neg 0.048191490955512145	false	0.5
lutscher	neg 1.0		__DUMMY__ 0.8929326954125408 off 0.058811784842743055 neg 0.04825551974471615	false	0.5
pflicht	neg 1.0		__DUMMY__ 0.9009900302822151 neg 0.05516005974260814 off 0.043849909975176696	false	1.0
faschist	off 1.0		__DUMMY__ 0.8958619757504477 neg 0.05400169307363865 off 0.05013633117591358	false	0.5
verschleudern	neg 1.0		__DUMMY__ 0.8982232005296361 neg 0.056012898349182536 off 0.04576390112118133	false	1.0
wenn			__DUMMY__ 0.8991398206470131 off 0.0504796373152743 neg 0.05038054203771253	false	0.0
ehebruch	neg 1.0		__DUMMY__ 0.8997756313832925 neg 0.05467842627070122 off 0.04554594234600619	false	1.0
spott	off 1.0		__DUMMY__ 0.900103608376073 neg 0.05485325893885419 off 0.045043132685072845	false	0.5
trostlosigkeit	neg 1.0		__DUMMY__ 0.8982050116135796 neg 0.05766600120690849 off 0.04412898717951193	false	1.0
lutschen	neg 1.0		__DUMMY__ 0.8966805708909836 neg 0.051991773938072965 off 0.05132765517094343	false	1.0
undiszipliniert	neg 1.0		__DUMMY__ 0.8983861700155304 off 0.05298476925675044 neg 0.04862906072771898	false	0.5
kopfschmerz	neg 1.0		__DUMMY__ 0.9025432824457513 neg 0.05082302737753897 off 0.04663369017670967	false	1.0
unvorhergesehen	neg 1.0		__DUMMY__ 0.9055532710391001 neg 0.04905138505083902 off 0.04539534391006079	false	1.0
desinteressiert	neg 1.0		__DUMMY__ 0.8972269635094828 off 0.052953313015625614 neg 0.04981972347489163	false	0.5
armselig	off 1.0		__DUMMY__ 0.8960444878754339 off 0.05390088119215181 neg 0.050054630932414225	false	1.0
desaster	neg 1.0		__DUMMY__ 0.8986484575450646 neg 0.05851709016977433 off 0.04283445228516111	false	1.0
tod	neg 1.0		__DUMMY__ 0.899603978280254 neg 0.055423555771592845 off 0.04497246594815324	false	1.0
herzlos	neg 1.0		__DUMMY__ 0.898819525753145 off 0.05413219500326948 neg 0.04704827924358543	false	0.5
unwissenheit	neg 1.0		__DUMMY__ 0.8994341187809073 neg 0.05453523440408064 off 0.046030646815012115	false	1.0
widersinnig	neg 1.0		__DUMMY__ 0.8951027774261977 neg 0.05763924044874496 off 0.04725798212505733	false	1.0
bedenklich	neg 1.0		__DUMMY__ 0.9007499115822363 neg 0.0545995420506577 off 0.04465054636710612	false	1.0
beanstanden	neg 1.0		__DUMMY__ 0.9009675898311712 neg 0.0555700473529052 off 0.043462362815923555	false	1.0
panisch	neg 1.0	neg 1.0	neg 0.5053664956110199 __DUMMY__ 0.4579477187915504 off 0.03668578559742963	false	1.0
debil	off 1.0		__DUMMY__ 0.9039500390269297 neg 0.05512543641673582 off 0.04092452455633437	false	0.5
abstrich	neg 1.0		__DUMMY__ 0.9060167900691546 neg 0.047334922526520586 off 0.046648287404324806	false	1.0
primitiv	neg 1.0		__DUMMY__ 0.8966377702884711 off 0.05266767974990789 neg 0.050694549961620886	false	0.5
abschaum	off 1.0	off 1.0	off 0.5092545683823164 __DUMMY__ 0.4515985949448819 neg 0.03914683667280164	false	1.0
provozieren	neg 1.0		__DUMMY__ 0.8984770706501463 neg 0.053559437170108956 off 0.047963492179744875	false	1.0
tot	neg 1.0		__DUMMY__ 0.900563050165933 neg 0.05295615398918074 off 0.04648079584488617	false	1.0
instabil	neg 1.0		__DUMMY__ 0.8935635757085123 off 0.054752515725570106 neg 0.051683908565917654	false	0.5
schwuchtel	off 1.0		__DUMMY__ 0.8885854791079374 off 0.06342527655726352 neg 0.047989244334799085	false	1.0
zerren	neg 1.0		__DUMMY__ 0.9021169427900793 neg 0.051712026473337995 off 0.04617103073658286	false	1.0
kinderficker	off 1.0		__DUMMY__ 0.8943429665427576 off 0.05575739382643792 neg 0.04989963963080454	false	1.0
gefahr	neg 1.0		__DUMMY__ 0.8993205731654834 neg 0.055383915570968424 off 0.04529551126354818	false	1.0
rabiat	neg 1.0		__DUMMY__ 0.9002226909740869 neg 0.05219808653267766 off 0.04757922249323543	false	1.0
verlangsamung	neg 1.0		__DUMMY__ 0.8935281697317272 off 0.058166749147597674 neg 0.04830508112067502	false	0.5
ausgestorben	neg 1.0		__DUMMY__ 0.9014059364896789 neg 0.05236342681273013 off 0.04623063669759102	false	1.0
anklagen	neg 1.0		__DUMMY__ 0.8992884606872317 neg 0.05317087091601948 off 0.04754066839674878	false	1.0
trott	neg 1.0		__DUMMY__ 0.9017246427856777 neg 0.050886743115773576 off 0.04738861409854875	false	1.0
verminderung	neg 1.0		__DUMMY__ 0.897603173754798 off 0.05340961538311743 neg 0.04898721086208456	false	0.5
nach			__DUMMY__ 0.9082671996729453 neg 0.05074117681946105 off 0.04099162350759358	false	0.0
rost	neg 1.0		__DUMMY__ 0.8949677146506765 off 0.05814578767931067 neg 0.04688649767001283	false	0.5
destruktiv	neg 1.0		__DUMMY__ 0.8981600145721738 neg 0.05472473191023605 off 0.04711525351759011	false	1.0
unzumutbarkeit	neg 1.0		__DUMMY__ 0.8995379364003773 off 0.05276910370880867 neg 0.04769295989081405	false	0.5
labil	off 1.0	off 1.0	off 0.5098458410898336 __DUMMY__ 0.45166828532568554 neg 0.038485873584480836	false	1.0
ziemlich	neg 1.0		__DUMMY__ 0.8990076265341677 off 0.05178186274083932 neg 0.04921051072499297	false	0.5
lachnummer	off 1.0		__DUMMY__ 0.8979256338983747 neg 0.05486713872401505 off 0.04720722737761023	false	0.5
oder			__DUMMY__ 0.9024006273429446 neg 0.05052909936320584 off 0.04707027329384955	false	0.0
verfall	neg 1.0		__DUMMY__ 0.9028191365314596 neg 0.056151273544297914 off 0.04102958992424235	false	1.0
ausgrenzung	neg 1.0		__DUMMY__ 0.8960702759660046 neg 0.05404235748989327 off 0.04988736654410214	false	1.0
unordnung	neg 1.0		__DUMMY__ 0.8943090939353462 off 0.05504595589528504 neg 0.05064495016936869	false	0.5
fehlverhalten	neg 1.0		__DUMMY__ 0.899292413866083 neg 0.05585340322785964 off 0.04485418290605732	false	1.0
eine			__DUMMY__ 0.9037606222501171 neg 0.0532128587576521 off 0.04302651899223086	false	0.0
nille	neg 1.0		__DUMMY__ 0.8973811025110373 neg 0.054594260446504436 off 0.0480246370424583	false	1.0
qual	neg 1.0		__DUMMY__ 0.9013608293096799 neg 0.05125915577467546 off 0.04738001491564473	false	1.0
verschwenden	neg 1.0		__DUMMY__ 0.9018352942708672 neg 0.05354824308089223 off 0.044616462648240506	false	1.0
riesig	neg 1.0		__DUMMY__ 0.9035046676254719 neg 0.049840181927338564 off 0.04665515044718957	false	1.0
verurteilen	neg 1.0		__DUMMY__ 0.898885892698861 neg 0.054821064362371455 off 0.046293042938767556	false	1.0
klischee	neg 1.0	neg 1.0	neg 0.5103433800268468 __DUMMY__ 0.45148215539820424 off 0.03817446457494905	false	1.0
diktatorisch	neg 1.0		__DUMMY__ 0.8944115331922984 neg 0.05616468743354494 off 0.04942377937415666	false	1.0
vorhersehbar	neg 1.0		__DUMMY__ 0.8973253471378242 neg 0.05326627154838866 off 0.04940838131378708	false	1.0
sowie			__DUMMY__ 0.8933962303062118 off 0.056951555399968455 neg 0.04965221429381965	false	0.0
stornieren	neg 1.0		__DUMMY__ 0.9032131354232839 off 0.04935275923464614 neg 0.04743410534207	false	0.5
besteuerung	neg 1.0		__DUMMY__ 0.8994971372145751 neg 0.051890483368599784 off 0.04861237941682506	false	1.0
ungeschminkt	neg 1.0		__DUMMY__ 0.8991419258682907 off 0.051989672323320454 neg 0.0488684018083888	false	0.5
kritisch	neg 1.0		__DUMMY__ 0.8994156896178287 neg 0.05552401577221428 off 0.045060294609957065	false	1.0
schlamperei	off 1.0		__DUMMY__ 0.8985183034869492 neg 0.05593936373621488 off 0.04554233277683604	false	0.5
sucht	neg 1.0	neg 1.0	neg 0.5044575950760856 __DUMMY__ 0.4583337407117295 off 0.037208664212184925	false	1.0
egoistisch	off 1.0		__DUMMY__ 0.8960403430765749 off 0.05613014700232904 neg 0.04782950992109603	false	1.0
ausbeuter	off 1.0		__DUMMY__ 0.8992088098862818 neg 0.0561722541652976 off 0.04461893594842067	false	0.5
arschgeburt	off 1.0		__DUMMY__ 0.888569057485485 off 0.06338369646380702 neg 0.04804724605070796	false	1.0
schubs	neg 1.0	neg 1.0	neg 0.5081227478706579 __DUMMY__ 0.45793109562533946 off 0.033946156504002685	false	1.0
unsolide	neg 1.0		__DUMMY__ 0.8895959754309382 neg 0.0582722036687058 off 0.05213182090035611	false	1.0
beschwerde	neg 1.0		__DUMMY__ 0.898532098107269 neg 0.05536607723666292 off 0.04610182465606805	false	1.0
stocken	neg 1.0		__DUMMY__ 0.9018647675248355 neg 0.05262879349678672 off 0.04550643897837773	false	1.0
isolieren	neg 1.0		__DUMMY__ 0.9038164520943569 neg 0.04918795630642195 off 0.046995591599221134	false	1.0
unheilbar	neg 1.0		__DUMMY__ 0.9014733309031386 neg 0.050267674180439086 off 0.04825899491642234	false	1.0
pisser	off 1.0		__DUMMY__ 0.8952210735942211 off 0.05468280878075611 neg 0.05009611762502275	false	1.0
löschen	neg 1.0		__DUMMY__ 0.8995499295207724 neg 0.051877789799283806 off 0.04857228067994381	false	1.0
durchfallen	neg 1.0		__DUMMY__ 0.9004218645684832 neg 0.054544482706792255 off 0.04503365272472465	false	1.0
wichser	off 1.0		__DUMMY__ 0.8931555595789581 off 0.05986768832681982 neg 0.04697675209422197	false	1.0
terror	neg 1.0		__DUMMY__ 0.9008602994202088 off 0.0502818407461839 neg 0.048857859833607346	false	0.5
krass	neg 1.0		__DUMMY__ 0.8976568287524527 off 0.054155426165525676 neg 0.048187745082021616	false	0.5
revolte	neg 1.0	neg 1.0	neg 0.5124964639328752 __DUMMY__ 0.4488385843972545 off 0.03866495166987038	false	1.0
besorgt	neg 1.0		__DUMMY__ 0.9046190097998781 neg 0.0494654381387892 off 0.04591555206133284	false	1.0
nachlassen	neg 1.0		__DUMMY__ 0.9042469589086477 neg 0.050017199614778594 off 0.04573584147657369	false	1.0
alt	neg 1.0		__DUMMY__ 0.9045849041626403 neg 0.05183610346312748 off 0.043578992374232184	false	1.0
hundesohn	off 1.0		__DUMMY__ 0.8908660914639354 off 0.05963026737857388 neg 0.049503641157490744	false	1.0
als			__DUMMY__ 0.9024291892404797 neg 0.0520617666392288 off 0.045509044120291615	false	0.0
abschreckung	neg 1.0		__DUMMY__ 0.9004915205522854 neg 0.05573367009458858 off 0.04377480935312595	false	1.0
unqualifiziert	neg 1.0		__DUMMY__ 0.8974153932229244 neg 0.05290943925382489 off 0.049675167523250754	false	1.0
abgewichst	off 1.0		__DUMMY__ 0.9002260346949941 neg 0.052791539894351654 off 0.046982425410654276	false	0.5
schwer	neg 1.0		__DUMMY__ 0.9015295533528231 neg 0.05146934850879274 off 0.04700109813838407	false	1.0
bedeutungslosigkeit	neg 1.0		__DUMMY__ 0.8995488806271599 neg 0.056138693538157744 off 0.04431242583468229	false	1.0
kapitulation	neg 1.0		__DUMMY__ 0.8961666202414971 neg 0.057583835369782545 off 0.046249544388720365	false	1.0
unscharf	neg 1.0		__DUMMY__ 0.9006526682243338 neg 0.049970742862560695 off 0.04937658891310553	false	1.0
schwinden	neg 1.0		__DUMMY__ 0.9032140747634114 neg 0.052415178393705825 off 0.04437074684288275	false	1.0
versklavung	neg 1.0		__DUMMY__ 0.8956700283936035 neg 0.055202768629724834 off 0.049127202976671655	false	1.0
schlecht	neg 1.0		__DUMMY__ 0.8993877515291089 off 0.05208822908164321 neg 0.048524019389247865	false	0.5
verhasst	neg 1.0		__DUMMY__ 0.8978720576294427 neg 0.05409148067201836 off 0.048036461698538986	false	1.0
beschweren	neg 1.0		__DUMMY__ 0.9006642988514671 neg 0.05063934607458588 off 0.04869635507394706	false	1.0
scheiden	neg 1.0		__DUMMY__ 0.9014433579258148 neg 0.05196081052229196 off 0.04659583155189327	false	1.0
frustriert	neg 1.0		__DUMMY__ 0.9011016047386159 neg 0.05253924557439086 off 0.04635914968699334	false	1.0
schimmelig	neg 1.0		__DUMMY__ 0.9016267405481588 neg 0.05393449618085882 off 0.044438763270982354	false	1.0
fisch	neg 1.0		__DUMMY__ 0.9022207849343066 neg 0.053058411318112626 off 0.04472080374758076	false	1.0
schmuggel	neg 1.0		__DUMMY__ 0.9051243496203765 neg 0.05115199587992117 off 0.04372365449970228	false	1.0
auffallen	neg 1.0		__DUMMY__ 0.8998982988198705 neg 0.05103598181648051 off 0.04906571936364901	false	1.0
konkurrenz	neg 1.0		__DUMMY__ 0.902433770274796 neg 0.05427896284669167 off 0.043287266878512365	false	1.0
teufelskreis	neg 1.0		__DUMMY__ 0.9003198550778476 neg 0.05298839853325675 off 0.04669174638889554	false	1.0
aufschreien	neg 1.0		__DUMMY__ 0.8980827304043572 neg 0.05268574389863382 off 0.049231525697009094	false	1.0
schuldner	neg 1.0		__DUMMY__ 0.8996263037823689 neg 0.055337919374391246 off 0.04503577684323988	false	1.0
missgeburt	off 1.0	off 1.0	off 0.5131782056392887 __DUMMY__ 0.4486172904915173 neg 0.03820450386919407	false	1.0
arbeitslos	neg 1.0		__DUMMY__ 0.89931650901091 neg 0.05472036134717294 off 0.04596312964191712	false	1.0
befallen	neg 1.0		__DUMMY__ 0.8987742984795029 neg 0.05494165491018739 off 0.04628404661030979	false	1.0
miesepetrig	off 1.0		__DUMMY__ 0.9016270519378602 off 0.05149053586932072 neg 0.046882412192819106	false	1.0
alarmieren	neg 1.0		__DUMMY__ 0.8966891502811649 off 0.05187036134183213 neg 0.051440488377002956	false	0.5
ungeduscht	off 1.0		__DUMMY__ 0.9005157945636094 neg 0.05010641744746046 off 0.04937778798893023	false	0.5
knappheit	neg 1.0		__DUMMY__ 0.899918570826323 neg 0.053950432902774785 off 0.04613099627090231	false	1.0
schlange	neg 1.0		__DUMMY__ 0.9025062159536539 neg 0.0492207713627213 off 0.0482730126836248	false	1.0
harsch	neg 1.0		__DUMMY__ 0.8987814079029713 off 0.05677537692139593 neg 0.04444321517563275	false	0.5
lang	neg 1.0		__DUMMY__ 0.9007451072756759 neg 0.05067791071178422 off 0.048576982012539856	false	1.0
ziellos	neg 1.0		__DUMMY__ 0.9019240380707572 neg 0.052829649173156426 off 0.04524631275608645	false	1.0
selbstverliebt	neg 1.0		__DUMMY__ 0.8895743016701462 off 0.06107851157839699 neg 0.0493471867514567	false	0.5
beseitigen	neg 1.0		__DUMMY__ 0.9016310028648528 neg 0.0502014111042424 off 0.04816758603090485	false	1.0
dumm	off 1.0		__DUMMY__ 0.8949161725361876 off 0.056742022149035766 neg 0.04834180531477675	false	1.0
arbeitsloser	neg 1.0		__DUMMY__ 0.8998292216048116 neg 0.054866081437830866 off 0.045304696957357636	false	1.0
blitzen	neg 1.0		__DUMMY__ 0.8994199564650421 off 0.0506686825319896 neg 0.04991136100296839	false	0.5
hilflos	neg 1.0		__DUMMY__ 0.9015584306155076 neg 0.052465285226536505 off 0.045976284157955946	false	1.0
eklig	off 1.0		__DUMMY__ 0.8938405752407015 off 0.05741152349871239 neg 0.048747901260586084	false	1.0
begriff			__DUMMY__ 0.9004490587268995 neg 0.05309943278158674 off 0.046451508491513784	false	0.0
hungersnot	neg 1.0		__DUMMY__ 0.8961334955290874 neg 0.05589170404767867 off 0.047974800423233974	false	1.0
ungesetzlich	neg 1.0		__DUMMY__ 0.8938560272789817 neg 0.055652797996162295 off 0.05049117472485593	false	1.0
verschwendung	neg 1.0		__DUMMY__ 0.9019663033324137 neg 0.05403451530273762 off 0.04399918136484866	false	1.0
schmerzvoll	neg 1.0		__DUMMY__ 0.9008599225299944 neg 0.05050390790650614 off 0.048636169563499414	false	1.0
vorzeitig	neg 1.0		__DUMMY__ 0.8985088831868654 off 0.05187576082569713 neg 0.04961535598743735	false	0.5
unvollkommenheit	neg 1.0		__DUMMY__ 0.9014204657929321 neg 0.050910855971330535 off 0.047668678235737345	false	1.0
intervenieren	neg 1.0		__DUMMY__ 0.8987312788410413 neg 0.05629852814832581 off 0.044970193010632965	false	1.0
banause	off 1.0		__DUMMY__ 0.893613130648205 off 0.05860890788468829 neg 0.047777961467106674	false	1.0
rebell	neg 1.0		__DUMMY__ 0.9039515096127697 neg 0.05315570342403372 off 0.042892786963196594	false	1.0
unlogisch	neg 1.0		__DUMMY__ 0.8957678449046084 off 0.05392249120565123 neg 0.05030966388974041	false	0.5
leiden	neg 1.0	neg 1.0	neg 0.5043518977814655 __DUMMY__ 0.46327589108837 off 0.032372211130164454	false	1.0
abschaffung	neg 1.0		__DUMMY__ 0.8973064846031217 neg 0.05404433098150895 off 0.04864918441536934	false	1.0
sturz	neg 1.0		__DUMMY__ 0.8976856640813032 neg 0.05324247413412019 off 0.04907186178457659	false	1.0
verkleinerung	neg 1.0		__DUMMY__ 0.894178474290592 neg 0.0546717273939738 off 0.05114979831543409	false	1.0
schmarotzer	off 1.0		__DUMMY__ 0.8984637636764097 neg 0.055845728791052256 off 0.045690507532538054	false	0.5
bestrafung	neg 1.0		__DUMMY__ 0.8999092676217433 neg 0.05144113349534788 off 0.048649598882908915	false	1.0
achtlos	neg 1.0		__DUMMY__ 0.9022976229445762 neg 0.05080109216844566 off 0.04690128488697826	false	1.0
ungeheuer	neg 1.0		__DUMMY__ 0.8999304904429697 neg 0.050870071204436075 off 0.04919943835259424	false	1.0
unaufrichtig	neg 1.0		__DUMMY__ 0.897156423709742 neg 0.052353884335902615 off 0.05048969195435532	false	1.0
