unsolidarisch	neg 1.0		neg 0.48842262809491865 off 0.43965733667618884 __DUMMY__ 0.07192003522889241	false	1.0
nachteilig	neg 1.0		neg 0.4880339117648554 off 0.4392583239785126 __DUMMY__ 0.07270776425663196	false	1.0
skeptisch	neg 1.0		neg 0.48990590421532104 off 0.4371253018006152 __DUMMY__ 0.07296879398406374	false	1.0
schrecklich	neg 1.0		neg 0.4768140223512886 off 0.45085232016199556 __DUMMY__ 0.0723336574867159	false	1.0
schlapp	neg 1.0		neg 0.4788416127202658 off 0.4482828815871654 __DUMMY__ 0.07287550569256865	false	1.0
abfall	neg 1.0		neg 0.4909804463665575 off 0.4359055103983155 __DUMMY__ 0.07311404323512695	false	1.0
widerspenstig	neg 1.0		neg 0.48295759575418595 off 0.44391732267877654 __DUMMY__ 0.07312508156703751	false	1.0
abrupt	neg 1.0		neg 0.48338232992799296 off 0.44329628229417617 __DUMMY__ 0.07332138777783091	false	1.0
unwirksam	neg 1.0		neg 0.48784469161590144 off 0.4401658307394135 __DUMMY__ 0.07198947764468508	false	1.0
angreifen	neg 1.0		neg 0.48935076787016896 off 0.4378750257763646 __DUMMY__ 0.07277420635346647	false	1.0
inkonsistent	neg 1.0		neg 0.4824954584747083 off 0.4449106372396405 __DUMMY__ 0.07259390428565113	false	1.0
abrutschen	neg 1.0		neg 0.49042062991606045 off 0.4363813553633436 __DUMMY__ 0.07319801472059578	false	1.0
unsicher	neg 1.0		neg 0.4843649112952266 off 0.4427663815320616 __DUMMY__ 0.07286870717271192	false	1.0
bauernkind	off 1.0		neg 0.4757958619395079 off 0.4524660135374308 __DUMMY__ 0.07173812452306139	false	0.5
angreifer	neg 1.0		neg 0.48310560085732857 off 0.4445886796265789 __DUMMY__ 0.0723057195160925	false	1.0
trennen	neg 1.0		neg 0.4868997960370882 off 0.4397407881945607 __DUMMY__ 0.07335941576835106	false	1.0
schmutz	neg 1.0		neg 0.4762255972657083 off 0.45064195709108124 __DUMMY__ 0.07313244564321063	false	1.0
inkonsistenz	neg 1.0	neg 1.0	neg 0.7280406750418922 off 0.2371675949584254 __DUMMY__ 0.03479172999968248	false	1.0
erschreckend	neg 1.0		neg 0.4866517185801601 off 0.4406443147113884 __DUMMY__ 0.07270396670845156	false	1.0
ertrinken	neg 1.0		neg 0.48636440019614746 off 0.44045481205009335 __DUMMY__ 0.07318078775375918	false	1.0
pickelface	off 1.0		neg 0.48524647036646573 off 0.4423203413344619 __DUMMY__ 0.07243318829907242	false	0.5
seiner			neg 0.4888737217727718 off 0.4382222368711085 __DUMMY__ 0.07290404135611953	false	0.0
lauch	neg 1.0		neg 0.48951382837998914 off 0.43743158242008195 __DUMMY__ 0.07305458919992894	false	1.0
unwichtig	neg 1.0		neg 0.48076381116938516 off 0.44670547323162946 __DUMMY__ 0.07253071559898537	false	1.0
steuerhinterziehung	neg 1.0		neg 0.488416049648007 off 0.43938928276975425 __DUMMY__ 0.0721946675822386	false	1.0
schock	neg 1.0		neg 0.4838583639627969 off 0.4428667255760451 __DUMMY__ 0.07327491046115799	false	1.0
beule	neg 1.0		neg 0.4780114685490371 off 0.44925129242085876 __DUMMY__ 0.07273723903010407	false	1.0
vergelten	neg 1.0		neg 0.4765223964202245 off 0.45145656843677223 __DUMMY__ 0.07202103514300337	false	1.0
verdorbenheit	neg 1.0		neg 0.4822884592790568 off 0.4448100864136879 __DUMMY__ 0.07290145430725536	false	1.0
trauma	neg 1.0		neg 0.4829993596879357 off 0.44432531740638503 __DUMMY__ 0.07267532290567931	false	1.0
sinnlos	neg 1.0		neg 0.4826876515658513 off 0.44462126659222856 __DUMMY__ 0.07269108184192019	false	1.0
fettsack	off 1.0	off 1.0	off 0.7112424230280531 neg 0.25416337775715414 __DUMMY__ 0.03459419921479273	false	1.0
feige	off 1.0		neg 0.48227452004094534 off 0.44539428034816647 __DUMMY__ 0.07233119961088824	false	0.5
abdanken	neg 1.0		neg 0.4897406623452855 off 0.4383252236518318 __DUMMY__ 0.07193411400288267	false	1.0
wichtigtuer	off 1.0	off 1.0	off 0.7063824547186113 neg 0.25879674508289946 __DUMMY__ 0.034820800198489356	false	1.0
misslingen	neg 1.0		neg 0.47961003136329394 off 0.44721025420873467 __DUMMY__ 0.07317971442797136	false	1.0
untreu	off 1.0		neg 0.47989370628677 off 0.44758410190554426 __DUMMY__ 0.0725221918076857	false	0.5
missmutig	neg 1.0		neg 0.4797403855106624 off 0.44741302638558317 __DUMMY__ 0.07284658810375438	false	1.0
hurenbock	off 1.0		neg 0.4806071585920157 off 0.4462744171082436 __DUMMY__ 0.07311842429974065	false	0.5
betrunken	neg 1.0		neg 0.4773811452202656 off 0.4499699657595354 __DUMMY__ 0.07264888902019907	false	1.0
korrupt	off 1.0		neg 0.4899502222410119 off 0.43783253409052003 __DUMMY__ 0.07221724366846798	false	0.5
unmut	neg 1.0		neg 0.4912526219354966 off 0.43583998948583597 __DUMMY__ 0.07290738857866742	false	1.0
hackfresse	off 1.0		neg 0.47388313177721586 off 0.4539953247158222 __DUMMY__ 0.07212154350696194	false	0.5
aufblasen	neg 1.0		neg 0.4818409234860384 off 0.4451511548852358 __DUMMY__ 0.07300792162872574	false	1.0
gewaltsam	neg 1.0		neg 0.48537083836101647 off 0.4422963822971962 __DUMMY__ 0.07233277934178733	false	1.0
unbeliebtheit	neg 1.0		neg 0.4819790000863844 off 0.44629635184308997 __DUMMY__ 0.07172464807052577	false	1.0
sturheit	neg 1.0		neg 0.487073193459648 off 0.4403630758054997 __DUMMY__ 0.07256373073485227	false	1.0
kuh	neg 1.0		neg 0.4837132625267818 off 0.4437862384888501 __DUMMY__ 0.07250049898436811	false	1.0
erschrecken	neg 1.0		neg 0.480773758553269 off 0.4464842013467183 __DUMMY__ 0.07274204010001267	false	1.0
opfer	neg 1.0		neg 0.4882894789836044 off 0.43886146841571105 __DUMMY__ 0.07284905260068453	false	1.0
sinken	neg 1.0		neg 0.4902877045134515 off 0.4368007315020385 __DUMMY__ 0.0729115639845099	false	1.0
stinktier	neg 1.0		neg 0.4776401301363394 off 0.45030126026891204 __DUMMY__ 0.07205860959474869	false	1.0
tucke	off 1.0		neg 0.4722419324222605 off 0.45549529958000967 __DUMMY__ 0.07226276799772971	false	0.5
ein			neg 0.481996533433609 off 0.44485781790559814 __DUMMY__ 0.07314564866079291	false	0.0
abstieg	neg 1.0		neg 0.48778261380752613 off 0.4396882529653339 __DUMMY__ 0.07252913322713986	false	1.0
missverstehen	neg 1.0		neg 0.4845235654976157 off 0.443092771345854 __DUMMY__ 0.07238366315653028	false	1.0
ergebnislos	neg 1.0		neg 0.4879436915589102 off 0.43943945200831724 __DUMMY__ 0.07261685643277256	false	1.0
unter			neg 0.4915943297593857 off 0.43464243831665134 __DUMMY__ 0.07376323192396292	false	0.0
manipulieren	neg 1.0		neg 0.48836192633274333 off 0.4386846728004061 __DUMMY__ 0.07295340086685059	false	1.0
unbewiesen	neg 1.0		neg 0.48877060497108815 off 0.4393312649529943 __DUMMY__ 0.07189813007591754	false	1.0
verschleppen	neg 1.0		neg 0.48752935293278615 off 0.4397725286775962 __DUMMY__ 0.07269811838961776	false	1.0
weib	off 1.0		neg 0.47289512106690074 off 0.4551012472752579 __DUMMY__ 0.07200363165784127	false	0.5
opposition	neg 1.0		neg 0.48520841858251496 off 0.442599587581811 __DUMMY__ 0.07219199383567411	false	1.0
verkehrswidrig	neg 1.0		neg 0.4730791089447433 off 0.4543179785371703 __DUMMY__ 0.07260291251808625	false	1.0
inkorrekt	neg 1.0		neg 0.48255912948093954 off 0.44551275718888395 __DUMMY__ 0.07192811333017658	false	1.0
vermeiden	neg 1.0		neg 0.4901822544721567 off 0.43633574980772877 __DUMMY__ 0.07348199572011457	false	1.0
abweichung	neg 1.0		neg 0.4900593211238727 off 0.43771259169097904 __DUMMY__ 0.07222808718514834	false	1.0
alkoholisiert	neg 1.0		neg 0.4836874844754677 off 0.44302253055520724 __DUMMY__ 0.07328998496932512	false	1.0
scheiss	off 1.0	off 1.0	off 0.7098291258188534 neg 0.25525153458062566 __DUMMY__ 0.03491933960052084	false	1.0
herausforderung	neg 1.0		neg 0.4843072251945161 off 0.4423423756977898 __DUMMY__ 0.07335039910769424	false	1.0
pervers	off 1.0		neg 0.47091810354042973 off 0.4572830778443295 __DUMMY__ 0.07179881861524078	false	0.5
wackelig	neg 1.0		neg 0.48373158260609983 off 0.44282648234396804 __DUMMY__ 0.07344193504993214	false	1.0
verwickeln	neg 1.0		neg 0.48407447700139317 off 0.44339975159645656 __DUMMY__ 0.07252577140215029	false	1.0
vorwand	neg 1.0		neg 0.4910076788516157 off 0.4362158259022043 __DUMMY__ 0.07277649524617995	false	1.0
muschi	off 1.0		neg 0.4857603412871607 off 0.44179911755377893 __DUMMY__ 0.07244054115906023	false	0.5
entmutigung	neg 1.0		neg 0.48669471617457 off 0.4415596451207659 __DUMMY__ 0.071745638704664	false	1.0
unangemessen	neg 1.0		neg 0.4892709757643469 off 0.4382984285804739 __DUMMY__ 0.07243059565517915	false	1.0
unstetig	neg 1.0		neg 0.48127420323646714 off 0.4462372631823982 __DUMMY__ 0.07248853358113468	false	1.0
entmutigen	neg 1.0		neg 0.4826177416936382 off 0.44448003286561666 __DUMMY__ 0.07290222544074515	false	1.0
schwanz	neg 1.0		neg 0.48688323855357857 off 0.4404065703818797 __DUMMY__ 0.07271019106454177	false	1.0
verbot	neg 1.0		neg 0.48935569288454295 off 0.4384256871893859 __DUMMY__ 0.07221861992607125	false	1.0
leid	neg 1.0		neg 0.47537578762683536 off 0.452379650540445 __DUMMY__ 0.07224456183271954	false	1.0
archaisch	neg 1.0		neg 0.48769748665117313 off 0.4397204577685731 __DUMMY__ 0.07258205558025364	false	1.0
gegen			neg 0.4917225803356239 off 0.43570661308946446 __DUMMY__ 0.07257080657491155	false	0.0
scheidung	neg 1.0	neg 1.0	neg 0.7157713717032638 off 0.24959579601958068 __DUMMY__ 0.03463283227715559	false	1.0
einschlag	neg 1.0		neg 0.4774679616061014 off 0.4505208973135875 __DUMMY__ 0.07201114108031112	false	1.0
m			neg 0.4845904613614842 off 0.44237962395299957 __DUMMY__ 0.07302991468551626	false	0.0
abgestanden	neg 1.0		neg 0.48256842575781095 off 0.4443651831602911 __DUMMY__ 0.07306639108189793	false	1.0
schmierig	off 1.0		neg 0.475613080714349 off 0.451950496190841 __DUMMY__ 0.0724364230948099	false	0.5
unpraktisch	neg 1.0		neg 0.48165612443985584 off 0.4452965209738637 __DUMMY__ 0.0730473545862803	false	1.0
wixxer	off 1.0		neg 0.4712699697881487 off 0.4570474733628969 __DUMMY__ 0.0716825568489544	false	0.5
bezeichnet			neg 0.487103005081933 off 0.4404130282279821 __DUMMY__ 0.07248396669008504	false	0.0
jammerlappen	off 1.0		neg 0.4807319316398276 off 0.4467199725091995 __DUMMY__ 0.0725480958509729	false	0.5
farce	neg 1.0		neg 0.4901264200191939 off 0.4379079739536944 __DUMMY__ 0.07196560602711152	false	1.0
zwecklos	neg 1.0		neg 0.48879343182510043 off 0.4386187499126979 __DUMMY__ 0.07258781826220176	false	1.0
turbulent	neg 1.0		neg 0.47776059626693135 off 0.4500489665342649 __DUMMY__ 0.07219043719880373	false	1.0
invasion	neg 1.0		neg 0.48067729670496173 off 0.4465295276865406 __DUMMY__ 0.07279317560849781	false	1.0
schuld	neg 1.0		neg 0.4846930135314835 off 0.4426924434536369 __DUMMY__ 0.07261454301487964	false	1.0
risiko	neg 1.0		neg 0.47931072120828805 off 0.44771231023744423 __DUMMY__ 0.07297696855426773	false	1.0
finster	neg 1.0		neg 0.48260344205506267 off 0.4443523985424546 __DUMMY__ 0.07304415940248278	false	1.0
geisteskrank	off 1.0		neg 0.4812182116840203 off 0.44668572690515973 __DUMMY__ 0.07209606141081984	false	0.5
zusammenbrechen	neg 1.0		neg 0.48516091700609104 off 0.44183302809812514 __DUMMY__ 0.07300605489578399	false	1.0
ausbeute	neg 1.0		neg 0.48545088746544085 off 0.4413883763069147 __DUMMY__ 0.07316073622764445	false	1.0
hinterhalt	neg 1.0		neg 0.48313271949036274 off 0.4441379705392053 __DUMMY__ 0.07272930997043209	false	1.0
kritik	neg 1.0		neg 0.4891491420018617 off 0.4387084388213189 __DUMMY__ 0.0721424191768195	false	1.0
einschrumpfen	neg 1.0		neg 0.48311544901548004 off 0.4447501830206738 __DUMMY__ 0.07213436796384622	false	1.0
riskant	neg 1.0		neg 0.4884887681564129 off 0.4386146332091112 __DUMMY__ 0.07289659863447583	false	1.0
frustrieren	neg 1.0		neg 0.48876334953798795 off 0.4383890844296033 __DUMMY__ 0.07284756603240881	false	1.0
groll	neg 1.0		neg 0.48801447270021964 off 0.43931344174915493 __DUMMY__ 0.07267208555062539	false	1.0
gibt			neg 0.48658400606229396 off 0.44057660238221 __DUMMY__ 0.07283939155549608	false	0.0
qualvoll	neg 1.0		neg 0.48116845599611846 off 0.44594129290474993 __DUMMY__ 0.07289025109913162	false	1.0
wackeln	neg 1.0		neg 0.48183915936569366 off 0.4450183120419942 __DUMMY__ 0.07314252859231207	false	1.0
klagen	neg 1.0		neg 0.4916768068355292 off 0.4356476874946853 __DUMMY__ 0.07267550566978548	false	1.0
bankrott	neg 1.0		neg 0.4793356261994972 off 0.4479725086352786 __DUMMY__ 0.07269186516522409	false	1.0
trauern	neg 1.0		neg 0.4880440018470496 off 0.43905038871413593 __DUMMY__ 0.07290560943881444	false	1.0
ablehnung	neg 1.0	neg 1.0	neg 0.7310457323157215 off 0.2342109297623437 __DUMMY__ 0.03474333792193482	false	1.0
stur	neg 1.0		neg 0.4840839759858711 off 0.44327470728689283 __DUMMY__ 0.07264131672723602	false	1.0
aufruhr	neg 1.0		neg 0.48627362751224007 off 0.4414438530149582 __DUMMY__ 0.07228251947280176	false	1.0
melancholie	neg 1.0		neg 0.484322987686083 off 0.44237960933528847 __DUMMY__ 0.07329740297862869	false	1.0
ist			neg 0.4836393473630972 off 0.4436937627918905 __DUMMY__ 0.07266688984501223	false	0.0
torheit	neg 1.0		neg 0.4870631425343019 off 0.44089885384829525 __DUMMY__ 0.07203800361740294	false	1.0
dreckskind	off 1.0		neg 0.4772872323394164 off 0.45101442817441156 __DUMMY__ 0.07169833948617203	false	0.5
umtauschen	neg 1.0		neg 0.483391987243424 off 0.44354837393815394 __DUMMY__ 0.07305963881842205	false	1.0
zum			neg 0.4888779558530291 off 0.4374821219888614 __DUMMY__ 0.07363992215810942	false	0.0
zersetzen	neg 1.0		neg 0.48988435609538566 off 0.4372964402493211 __DUMMY__ 0.0728192036552934	false	1.0
zur			neg 0.4927731959269235 off 0.43423845896338914 __DUMMY__ 0.07298834510968727	false	0.0
frust	neg 1.0		neg 0.48606109085373406 off 0.44103217943391726 __DUMMY__ 0.07290672971234861	false	1.0
unerbittlichkeit	neg 1.0		neg 0.4890139572424547 off 0.43820414905553223 __DUMMY__ 0.072781893702013	false	1.0
zwei			neg 0.48789535740744017 off 0.438650944548632 __DUMMY__ 0.0734536980439279	false	0.0
unkorrekt	neg 1.0		neg 0.481572558358044 off 0.4464767403534158 __DUMMY__ 0.07195070128854014	false	1.0
hexe	off 1.0		neg 0.4792866364242466 off 0.44811062914189126 __DUMMY__ 0.07260273443386209	false	0.5
lasch	neg 1.0		neg 0.4830735007422038 off 0.44454607983078526 __DUMMY__ 0.0723804194270109	false	1.0
rivale	neg 1.0		neg 0.4773305935520076 off 0.45054205575631395 __DUMMY__ 0.07212735069167853	false	1.0
mutlos	off 1.0	off 1.0	off 0.7038485491025984 neg 0.26122613682610607 __DUMMY__ 0.03492531407129543	false	1.0
wirr	off 1.0		neg 0.4789670575758824 off 0.4489790768183456 __DUMMY__ 0.072053865605772	false	0.5
jahr			neg 0.4861762957602908 off 0.4405469054557827 __DUMMY__ 0.07327679878392655	false	0.0
wird			neg 0.48783139490388017 off 0.43928497760720975 __DUMMY__ 0.07288362748891006	false	0.0
strafbar	neg 1.0		neg 0.49078743655158524 off 0.4367874635276257 __DUMMY__ 0.07242509992078901	false	1.0
erosion	neg 1.0		neg 0.4817933423594309 off 0.44527859516489066 __DUMMY__ 0.07292806247567855	false	1.0
eingehen	neg 1.0		neg 0.48853285839797117 off 0.4387676043748761 __DUMMY__ 0.07269953722715278	false	1.0
faul	off 1.0		neg 0.47912112158282844 off 0.4480043935157928 __DUMMY__ 0.07287448490137857	false	0.5
provisorium	neg 1.0		neg 0.4928672670866991 off 0.43350342008403747 __DUMMY__ 0.07362931282926356	false	1.0
schmerzen	neg 1.0		neg 0.48436381335802575 off 0.44259434660421126 __DUMMY__ 0.07304184003776283	false	1.0
schrumpfen	neg 1.0		neg 0.49193872856372106 off 0.43487192831750787 __DUMMY__ 0.07318934311877091	false	1.0
geistlos	off 1.0		neg 0.48567956213775687 off 0.44235712533630484 __DUMMY__ 0.07196331252593836	false	0.5
fehlkauf	neg 1.0		neg 0.4827936027683397 off 0.44475137288163374 __DUMMY__ 0.07245502435002653	false	1.0
frustrierend	neg 1.0		neg 0.4812451964587305 off 0.44607575755363277 __DUMMY__ 0.07267904598763675	false	1.0
unzufrieden	neg 1.0		neg 0.48784069603954083 off 0.4394125444756818 __DUMMY__ 0.07274675948477721	false	1.0
verzweifeln	neg 1.0		neg 0.4848286025602709 off 0.44226431801723215 __DUMMY__ 0.07290707942249701	false	1.0
verzweifelt	neg 1.0		neg 0.4840261092092231 off 0.4433028931872074 __DUMMY__ 0.07267099760356938	false	1.0
misstrauensantrag	neg 1.0		neg 0.484106635446192 off 0.4436579678718217 __DUMMY__ 0.0722353966819863	false	1.0
abfallen	neg 1.0		neg 0.480727090470723 off 0.44598172653563195 __DUMMY__ 0.07329118299364511	false	1.0
fucker	off 1.0		neg 0.47850437658937983 off 0.4492927533681122 __DUMMY__ 0.07220287004250793	false	0.5
ungezogen	neg 1.0		neg 0.47212913522346556 off 0.45577272616334236 __DUMMY__ 0.07209813861319213	false	1.0
irrsinnig	neg 1.0	neg 1.0	neg 0.7290986415168299 off 0.23599463831870557 __DUMMY__ 0.03490672016446444	false	1.0
unfassbar	neg 1.0		neg 0.47995873206439765 off 0.44747501527135075 __DUMMY__ 0.07256625266425162	false	1.0
hart	neg 1.0		neg 0.4806083636917304 off 0.44704183382565194 __DUMMY__ 0.07234980248261765	false	1.0
widerlich	off 1.0		neg 0.48044526316397507 off 0.4472492420648807 __DUMMY__ 0.0723054947711442	false	0.5
fatal	neg 1.0		neg 0.4825476984418457 off 0.4449242705434477 __DUMMY__ 0.07252803101470655	false	1.0
bruch	neg 1.0		neg 0.49290534469591957 off 0.43454398744345574 __DUMMY__ 0.07255066786062465	false	1.0
aushungern	neg 1.0		neg 0.4870484409804391 off 0.44071246341389614 __DUMMY__ 0.07223909560566492	false	1.0
anspannung	neg 1.0		neg 0.48895601260614774 off 0.43762919062584865 __DUMMY__ 0.07341479676800362	false	1.0
von			neg 0.4882573416780481 off 0.4386144789213914 __DUMMY__ 0.07312817940056056	false	0.0
kraftlos	neg 1.0		neg 0.4845533678735702 off 0.44208001793485757 __DUMMY__ 0.0733666141915722	false	1.0
vom			neg 0.49186551851804877 off 0.4345485887278601 __DUMMY__ 0.07358589275409108	false	0.0
grenzdebil	off 1.0		neg 0.4786170339874667 off 0.44880252763631145 __DUMMY__ 0.07258043837622186	false	0.5
vor			neg 0.4892352692143212 off 0.4375858006735739 __DUMMY__ 0.07317893011210486	false	0.0
unterwerfen	neg 1.0		neg 0.4886754244216012 off 0.4385964177033342 __DUMMY__ 0.07272815787506465	false	1.0
versenkung	neg 1.0		neg 0.4889152083121199 off 0.4382710068375934 __DUMMY__ 0.07281378485028686	false	1.0
entziehen	neg 1.0		neg 0.4913565934640606 off 0.4358129528821527 __DUMMY__ 0.07283045365378667	false	1.0
finanzkrise	neg 1.0		neg 0.4874765573184105 off 0.4403059814851038 __DUMMY__ 0.07221746119648567	false	1.0
schimpfend	neg 1.0		neg 0.4791389444950898 off 0.44747429190790994 __DUMMY__ 0.07338676359700033	false	1.0
profan	neg 1.0		neg 0.4826325028852895 off 0.4446676564895957 __DUMMY__ 0.07269984062511473	false	1.0
korruption	neg 1.0		neg 0.4897265590330794 off 0.43804125679110106 __DUMMY__ 0.07223218417581939	false	1.0
â			neg 0.48592099021026103 off 0.44109558561293694 __DUMMY__ 0.07298342417680208	false	0.0
schmutzig	neg 1.0		neg 0.47743115088269966 off 0.4496804348513583 __DUMMY__ 0.07288841426594204	false	1.0
sexy	neg 1.0		neg 0.48043202855908157 off 0.4469461534331658 __DUMMY__ 0.07262181800775278	false	1.0
abraten	neg 1.0		neg 0.4830025987804919 off 0.4441759595698004 __DUMMY__ 0.07282144164970766	false	1.0
schwarz	neg 1.0		neg 0.4833677767814682 off 0.44406592173570586 __DUMMY__ 0.07256630148282588	false	1.0
fotze	off 1.0		neg 0.4872810504567209 off 0.44017019186739104 __DUMMY__ 0.07254875767588796	false	0.5
verwirren	neg 1.0		neg 0.4820617836066603 off 0.4452971209353408 __DUMMY__ 0.07264109545799875	false	1.0
zahnlos	off 1.0		neg 0.48889186130521767 off 0.4386001411112471 __DUMMY__ 0.07250799758353513	false	0.5
verheeren	neg 1.0		neg 0.47141669298309324 off 0.45683465919020616 __DUMMY__ 0.07174864782670058	false	1.0
hippie	neg 1.0		neg 0.48094607811418105 off 0.4464760041159752 __DUMMY__ 0.07257791776984371	false	1.0
rammen	neg 1.0		neg 0.48181632517847145 off 0.44554550548126287 __DUMMY__ 0.0726381693402656	false	1.0
unlauter	neg 1.0	neg 1.0	neg 0.7287770285737357 off 0.23647967940985667 __DUMMY__ 0.03474329201640764	false	1.0
unheilvoll	neg 1.0		neg 0.4818347682423261 off 0.44532106334110805 __DUMMY__ 0.07284416841656584	false	1.0
niedrig	neg 1.0		neg 0.4882958350091808 off 0.4390668151012583 __DUMMY__ 0.07263734988956093	false	1.0
explosion	neg 1.0		neg 0.48073189806748584 off 0.44654749050618797 __DUMMY__ 0.07272061142632617	false	1.0
weichei	off 1.0		neg 0.4752109039419209 off 0.45265712299482813 __DUMMY__ 0.07213197306325111	false	0.5
minusmensch	off 1.0		neg 0.47425093682103237 off 0.4544084982532739 __DUMMY__ 0.07134056492569367	false	0.5
farblos	neg 1.0		neg 0.48318842567594417 off 0.4440912887274996 __DUMMY__ 0.07272028559655623	false	1.0
unwissend	neg 1.0		neg 0.4809950169862315 off 0.4466161057550314 __DUMMY__ 0.07238887725873702	false	1.0
traurig	neg 1.0		neg 0.47664125971527166 off 0.4507920529938699 __DUMMY__ 0.07256668729085858	false	1.0
senkung	neg 1.0		neg 0.48186816101311525 off 0.445613240239807 __DUMMY__ 0.07251859874707788	false	1.0
ungleich	neg 1.0	neg 1.0	neg 0.7315456695840442 off 0.2335120541946266 __DUMMY__ 0.0349422762213292	false	1.0
heikel	neg 1.0		neg 0.490045359552276 off 0.4371384303113603 __DUMMY__ 0.07281621013636377	false	1.0
drosselung	neg 1.0		neg 0.4763661911339066 off 0.4511056297330106 __DUMMY__ 0.0725281791330828	false	1.0
falsch	neg 1.0		neg 0.48132721822751684 off 0.4461121741954775 __DUMMY__ 0.0725606075770058	false	1.0
unzufriedenheit	neg 1.0		neg 0.4900944573347758 off 0.43707869215192524 __DUMMY__ 0.07282685051329892	false	1.0
kurz	neg 1.0		neg 0.48416454781098195 off 0.4426228603284506 __DUMMY__ 0.07321259186056736	false	1.0
unsinnig	neg 1.0		neg 0.4879197528963438 off 0.4394439769557836 __DUMMY__ 0.0726362701478726	false	1.0
penner	off 1.0	off 1.0	off 0.71274845972965 neg 0.25254975607004787 __DUMMY__ 0.034701784200302156	false	1.0
seicht	neg 1.0		neg 0.4744128855850714 off 0.45382555753732534 __DUMMY__ 0.07176155687760334	false	1.0
dummheit	off 1.0	off 1.0	off 0.706929877408017 neg 0.2582346928519865 __DUMMY__ 0.03483542973999645	false	1.0
unerfreulich	neg 1.0		neg 0.48976295046800544 off 0.4372564461064976 __DUMMY__ 0.07298060342549705	false	1.0
motherfucker	off 1.0	off 1.0	off 0.7099292663346339 neg 0.25532989491131397 __DUMMY__ 0.03474083875405213	false	1.0
pikiert	neg 1.0		neg 0.4813616526547228 off 0.446240032793177 __DUMMY__ 0.07239831455210023	false	1.0
wrack	neg 1.0		neg 0.48665741296207493 off 0.44053287620366516 __DUMMY__ 0.07280971083425988	false	1.0
gangster	neg 1.0		neg 0.48170896322770806 off 0.4456844633796059 __DUMMY__ 0.07260657339268602	false	1.0
krank	neg 1.0		neg 0.4775786020139913 off 0.44964394442590566 __DUMMY__ 0.07277745356010308	false	1.0
reich	neg 1.0		neg 0.4831176171442518 off 0.44511362855346515 __DUMMY__ 0.07176875430228306	false	1.0
gnadenlos	neg 1.0		neg 0.48446739857934 off 0.4428994832370687 __DUMMY__ 0.07263311818359124	false	1.0
niedergeschlagen	neg 1.0		neg 0.4851612575718883 off 0.44185933163476787 __DUMMY__ 0.07297941079334373	false	1.0
terrorisieren	off 1.0	off 1.0	off 0.7042608121875117 neg 0.2606605865954334 __DUMMY__ 0.03507860121705491	false	1.0
sinnlosigkeit	neg 1.0		neg 0.4880894516499335 off 0.4392852850759 __DUMMY__ 0.07262526327416645	false	1.0
behindern	neg 1.0		neg 0.4836043043429952 off 0.44343121910905675 __DUMMY__ 0.07296447654794809	false	1.0
undemokratisch	neg 1.0		neg 0.4864300162134041 off 0.44147635081445125 __DUMMY__ 0.07209363297214458	false	1.0
wirtschaftskrise	neg 1.0		neg 0.4883904192916754 off 0.439145798112647 __DUMMY__ 0.0724637825956775	false	1.0
neid	neg 1.0		neg 0.47950751297744115 off 0.4475457141054483 __DUMMY__ 0.07294677291711055	false	1.0
rutschen	neg 1.0		neg 0.4872307843774035 off 0.43890329176234383 __DUMMY__ 0.07386592386025255	false	1.0
rezession	neg 1.0		neg 0.47786209936187146 off 0.4502510912658603 __DUMMY__ 0.07188680937226807	false	1.0
fehlgeburt	neg 1.0		neg 0.4832215701061796 off 0.4439746099425103 __DUMMY__ 0.07280381995131013	false	1.0
charakterschwach	off 1.0		neg 0.4806253550728568 off 0.44706597767871087 __DUMMY__ 0.0723086672484323	false	0.5
isolation	neg 1.0		neg 0.4798973784393845 off 0.4475833764586904 __DUMMY__ 0.072519245101925	false	1.0
ablenkung	neg 1.0		neg 0.48361106781754903 off 0.44346833904713073 __DUMMY__ 0.07292059313532033	false	1.0
pech	neg 1.0		neg 0.4812697558622429 off 0.44601773677947615 __DUMMY__ 0.07271250735828094	false	1.0
vermeidung	neg 1.0		neg 0.4767477767732684 off 0.4505470082497564 __DUMMY__ 0.07270521497697516	false	1.0
dominieren	neg 1.0		neg 0.4874502558317793 off 0.44002242277188097 __DUMMY__ 0.07252732139633973	false	1.0
schwindlig	neg 1.0		neg 0.48026122646157027 off 0.446761919646889 __DUMMY__ 0.07297685389154084	false	1.0
lutscher	neg 1.0		neg 0.4733064048174842 off 0.45491929018583754 __DUMMY__ 0.07177430499667821	false	1.0
pflicht	neg 1.0		neg 0.49036053850976774 off 0.4368452966358692 __DUMMY__ 0.07279416485436316	false	1.0
faschist	off 1.0		neg 0.48501431277419077 off 0.44286270839799025 __DUMMY__ 0.07212297882781882	false	0.5
verschleudern	neg 1.0		neg 0.4894829811864658 off 0.43809970940504744 __DUMMY__ 0.07241730940848663	false	1.0
wenn			neg 0.48127633617569754 off 0.4461448121079793 __DUMMY__ 0.0725788517163233	false	0.0
ehebruch	neg 1.0		neg 0.4888516304595073 off 0.43853928602064146 __DUMMY__ 0.07260908351985118	false	1.0
spott	off 1.0		neg 0.4893665588464216 off 0.4379810615573132 __DUMMY__ 0.07265237959626519	false	0.5
trostlosigkeit	neg 1.0		neg 0.49191530160778885 off 0.43564166529619963 __DUMMY__ 0.07244303309601151	false	1.0
lutschen	neg 1.0		neg 0.48204464998481533 off 0.44573837157259616 __DUMMY__ 0.07221697844258843	false	1.0
undiszipliniert	neg 1.0		neg 0.4779967150665548 off 0.44955159404550765 __DUMMY__ 0.07245169088793754	false	1.0
kopfschmerz	neg 1.0		neg 0.4840748050623556 off 0.44298021372301705 __DUMMY__ 0.0729449812146273	false	1.0
unvorhergesehen	neg 1.0		neg 0.48381743062700927 off 0.4428781269649787 __DUMMY__ 0.07330444240801211	false	1.0
desinteressiert	neg 1.0		neg 0.4790401187524139 off 0.4486299791362087 __DUMMY__ 0.07232990211137734	false	1.0
armselig	off 1.0		neg 0.4786994559483508 off 0.4491131289289874 __DUMMY__ 0.07218741512266182	false	0.5
desaster	neg 1.0		neg 0.49371795382978656 off 0.4337872567971881 __DUMMY__ 0.07249478937302525	false	1.0
tod	neg 1.0		neg 0.4891582044107383 off 0.43829291628729783 __DUMMY__ 0.07254887930196373	false	1.0
herzlos	neg 1.0		neg 0.47609160078183654 off 0.45139332749972494 __DUMMY__ 0.07251507171843863	false	1.0
unwissenheit	neg 1.0		neg 0.488251926563567 off 0.439162539051067 __DUMMY__ 0.072585534385366	false	1.0
widersinnig	neg 1.0		neg 0.4898654076858015 off 0.4380740877009459 __DUMMY__ 0.0720605046132527	false	1.0
bedenklich	neg 1.0		neg 0.48916684204070543 off 0.43807419337450504 __DUMMY__ 0.0727589645847896	false	1.0
beanstanden	neg 1.0		neg 0.4909539602413984 off 0.4362747176635331 __DUMMY__ 0.07277132209506845	false	1.0
panisch	neg 1.0	neg 1.0	neg 0.7260990712633011 off 0.23860357436331636 __DUMMY__ 0.035297354373382536	false	1.0
debil	off 1.0		neg 0.49204002090423404 off 0.43486840908895663 __DUMMY__ 0.0730915700068093	false	0.5
abstrich	neg 1.0		neg 0.48118197648988453 off 0.4455781278449956 __DUMMY__ 0.07323989566511989	false	1.0
primitiv	neg 1.0		neg 0.48007397776582844 off 0.4476691371011066 __DUMMY__ 0.07225688513306511	false	1.0
abschaum	off 1.0	off 1.0	off 0.7081132422728993 neg 0.257126016082924 __DUMMY__ 0.03476074164417671	false	1.0
provozieren	neg 1.0		neg 0.48584135442279747 off 0.4416646284190328 __DUMMY__ 0.07249401715816967	false	1.0
tot	neg 1.0		neg 0.48599107836294664 off 0.44136891875377254 __DUMMY__ 0.07264000288328078	false	1.0
instabil	neg 1.0		neg 0.4791739924978653 off 0.4489780516135091 __DUMMY__ 0.0718479558886256	false	1.0
schwuchtel	off 1.0		neg 0.47004055334349015 off 0.45869152620390047 __DUMMY__ 0.07126792045260935	false	0.5
zerren	neg 1.0		neg 0.4856638249731102 off 0.44140053278517727 __DUMMY__ 0.0729356422417126	false	1.0
kinderficker	off 1.0		neg 0.4773970815501823 off 0.4506646686802494 __DUMMY__ 0.07193824976956817	false	0.5
gefahr	neg 1.0		neg 0.48958190328383 off 0.43785875271481867 __DUMMY__ 0.07255934400135138	false	1.0
rabiat	neg 1.0		neg 0.48504835465867036 off 0.44224998990968817 __DUMMY__ 0.07270165543164141	false	1.0
verlangsamung	neg 1.0		neg 0.47420624693506697 off 0.4539562878601299 __DUMMY__ 0.07183746520480319	false	1.0
ausgestorben	neg 1.0		neg 0.4860584645899963 off 0.44109543972553844 __DUMMY__ 0.07284609568446529	false	1.0
anklagen	neg 1.0		neg 0.48622767265946876 off 0.44124627803706407 __DUMMY__ 0.07252604930346707	false	1.0
trott	neg 1.0		neg 0.483924564865621 off 0.4431984184733447 __DUMMY__ 0.07287701666103447	false	1.0
verminderung	neg 1.0		neg 0.477823305478339 off 0.44981805473263625 __DUMMY__ 0.07235863978902465	false	1.0
nach			neg 0.48868367957744047 off 0.4376706925050073 __DUMMY__ 0.07364562791755218	false	0.0
rost	neg 1.0		neg 0.4731060671252268 off 0.45491782008644355 __DUMMY__ 0.0719761127883297	false	1.0
destruktiv	neg 1.0		neg 0.4874897707250127 off 0.44007413176001925 __DUMMY__ 0.07243609751496792	false	1.0
unzumutbarkeit	neg 1.0		neg 0.47758845952025436 off 0.44985944874630795 __DUMMY__ 0.07255209173343778	false	1.0
labil	off 1.0	off 1.0	off 0.7088197164001925 neg 0.2564055059999879 __DUMMY__ 0.03477477759981969	false	1.0
ziemlich	neg 1.0		neg 0.47937274169888255 off 0.44807344192155435 __DUMMY__ 0.07255381637956317	false	1.0
lachnummer	off 1.0		neg 0.4876395741455511 off 0.4399402604588623 __DUMMY__ 0.07242016539558664	false	0.5
oder			neg 0.4837595837143404 off 0.4432772986334284 __DUMMY__ 0.07296311765223107	false	0.0
verfall	neg 1.0		neg 0.4931329669510457 off 0.43388544161610965 __DUMMY__ 0.0729815914328447	false	1.0
ausgrenzung	neg 1.0		neg 0.48521098111491756 off 0.44263579873149583 __DUMMY__ 0.07215322015358668	false	1.0
unordnung	neg 1.0		neg 0.47810919934769597 off 0.4499984366342398 __DUMMY__ 0.07189236401806418	false	1.0
fehlverhalten	neg 1.0		neg 0.4902734887400156 off 0.4371546892681437 __DUMMY__ 0.07257182199184072	false	1.0
eine			neg 0.489079894987356 off 0.4377881586742022 __DUMMY__ 0.07313194633844185	false	0.0
nille	neg 1.0		neg 0.48663124334958696 off 0.4410266974285782 __DUMMY__ 0.0723420592218348	false	1.0
qual	neg 1.0		neg 0.48427324489583273 off 0.4428932475354715 __DUMMY__ 0.0728335075686957	false	1.0
verschwenden	neg 1.0		neg 0.4881580867764317 off 0.4389435327263907 __DUMMY__ 0.0728983804971775	false	1.0
riesig	neg 1.0		neg 0.4838649398630589 off 0.44312106147311864 __DUMMY__ 0.07301399866382238	false	1.0
verurteilen	neg 1.0		neg 0.4884455631800017 off 0.4390456625546215 __DUMMY__ 0.07250877426537672	false	1.0
klischee	neg 1.0	neg 1.0	neg 0.7281882024456516 off 0.23704573140520183 __DUMMY__ 0.03476606614914652	false	1.0
diktatorisch	neg 1.0		neg 0.4872521278641172 off 0.4407889122068943 __DUMMY__ 0.07195895992898842	false	1.0
vorhersehbar	neg 1.0		neg 0.48453007770715434 off 0.4431188723003846 __DUMMY__ 0.0723510499924611	false	1.0
sowie			neg 0.47600187419727685 off 0.4521437756521905 __DUMMY__ 0.07185435015053272	false	0.0
stornieren	neg 1.0		neg 0.4799242729990875 off 0.4470847926998106 __DUMMY__ 0.07299093430110189	false	1.0
besteuerung	neg 1.0		neg 0.48377786822499885 off 0.44366488009436406 __DUMMY__ 0.0725572516806371	false	1.0
ungeschminkt	neg 1.0		neg 0.47864066895108565 off 0.448855778646732 __DUMMY__ 0.07250355240218234	false	1.0
kritisch	neg 1.0		neg 0.48973987896946103 off 0.43766678958532973 __DUMMY__ 0.07259333144520931	false	1.0
schlamperei	off 1.0		neg 0.48983093378023074 off 0.43772164222225646 __DUMMY__ 0.0724474239975128	false	0.5
sucht	neg 1.0	neg 1.0	neg 0.7254544933017807 off 0.239260643032635 __DUMMY__ 0.03528486366558432	false	1.0
egoistisch	off 1.0		neg 0.4752305986823403 off 0.4525997095102717 __DUMMY__ 0.07216969180738804	false	0.5
ausbeuter	off 1.0		neg 0.49069393435250164 off 0.4367530575690595 __DUMMY__ 0.0725530080784388	false	0.5
arschgeburt	off 1.0		neg 0.47026303794437396 off 0.45847750789582087 __DUMMY__ 0.07125945415980517	false	0.5
schubs	neg 1.0	neg 1.0	neg 0.72888676782872 off 0.23583766593261657 __DUMMY__ 0.035275566238663535	false	1.0
unsolide	neg 1.0		neg 0.4866871051390572 off 0.4419163103715302 __DUMMY__ 0.07139658448941258	false	1.0
beschwerde	neg 1.0		neg 0.4888999428132344 off 0.43865200527296627 __DUMMY__ 0.07244805191379927	false	1.0
stocken	neg 1.0		neg 0.48710582536812 off 0.4400426772479988 __DUMMY__ 0.07285149738388111	false	1.0
isolieren	neg 1.0		neg 0.4835583838991249 off 0.44337773464814806 __DUMMY__ 0.0730638814527271	false	1.0
unheilbar	neg 1.0		neg 0.4833237366824001 off 0.44385129457762934 __DUMMY__ 0.07282496873997057	false	1.0
pisser	off 1.0		neg 0.47810750014706194 off 0.4498583062778028 __DUMMY__ 0.07203419357513535	false	0.5
löschen	neg 1.0		neg 0.48395639846070165 off 0.4434302980556408 __DUMMY__ 0.07261330348365758	false	1.0
durchfallen	neg 1.0		neg 0.4887897637436484 off 0.4384898046823064 __DUMMY__ 0.07272043157404524	false	1.0
wichser	off 1.0		neg 0.47168218130431944 off 0.4564833204282905 __DUMMY__ 0.07183449826739016	false	0.5
terror	neg 1.0		neg 0.4800815118092472 off 0.44715837526696794 __DUMMY__ 0.07276011292378481	false	1.0
krass	neg 1.0		neg 0.47652093560833597 off 0.45114021594214526 __DUMMY__ 0.07233884844951867	false	1.0
revolte	neg 1.0	neg 1.0	neg 0.7293157743387791 off 0.2361643840095292 __DUMMY__ 0.034519841651691544	false	1.0
besorgt	neg 1.0		neg 0.48418193257351416 off 0.4426123208107456 __DUMMY__ 0.07320574661574024	false	1.0
nachlassen	neg 1.0		neg 0.484705842354182 off 0.4421586084331021 __DUMMY__ 0.0731355492127158	false	1.0
alt	neg 1.0		neg 0.48706761006449417 off 0.4398154252902466 __DUMMY__ 0.07311696464525927	false	1.0
hundesohn	off 1.0		neg 0.47423863753469075 off 0.45423143218905954 __DUMMY__ 0.07152993027624979	false	0.5
als			neg 0.48643568277076404 off 0.4406015083637864 __DUMMY__ 0.07296280886544945	false	0.0
abschreckung	neg 1.0		neg 0.4910178725557197 off 0.43628488790621656 __DUMMY__ 0.07269723953806359	false	1.0
unqualifiziert	neg 1.0		neg 0.48424672625039933 off 0.44341621096978373 __DUMMY__ 0.07233706277981701	false	1.0
abgewichst	off 1.0		neg 0.4858789173976793 off 0.44144622935478744 __DUMMY__ 0.07267485324753332	false	0.5
schwer	neg 1.0		neg 0.48480596650618885 off 0.44232328320562014 __DUMMY__ 0.07287075028819098	false	1.0
bedeutungslosigkeit	neg 1.0		neg 0.49082209107321073 off 0.4365707605493301 __DUMMY__ 0.07260714837745912	false	1.0
kapitulation	neg 1.0		neg 0.49061609156775093 off 0.43720613279494663 __DUMMY__ 0.07217777563730239	false	1.0
unscharf	neg 1.0		neg 0.4812986724966231 off 0.44602029677691124 __DUMMY__ 0.07268103072646552	false	1.0
schwinden	neg 1.0		neg 0.4878437851306201 off 0.43914000671892367 __DUMMY__ 0.07301620815045629	false	1.0
versklavung	neg 1.0		neg 0.4865283955541523 off 0.441361170450112 __DUMMY__ 0.07211043399573562	false	1.0
schlecht	neg 1.0		neg 0.4787282842050704 off 0.44866831182574285 __DUMMY__ 0.0726034039691869	false	1.0
verhasst	neg 1.0		neg 0.48622850565485753 off 0.4413583756092558 __DUMMY__ 0.07241311873588666	false	1.0
beschweren	neg 1.0		neg 0.4829448040623691 off 0.44429420959768234 __DUMMY__ 0.07276098633994851	false	1.0
scheiden	neg 1.0		neg 0.4851118430440181 off 0.442107052514336 __DUMMY__ 0.07278110444164582	false	1.0
frustriert	neg 1.0		neg 0.4862007486726329 off 0.44098054195106756 __DUMMY__ 0.0728187093762995	false	1.0
schimmelig	neg 1.0		neg 0.48787483622120026 off 0.439348531600318 __DUMMY__ 0.07277663217848174	false	1.0
fisch	neg 1.0		neg 0.4871859564958812 off 0.4399847764797692 __DUMMY__ 0.07282926702434965	false	1.0
schmuggel	neg 1.0		neg 0.4873276188212034 off 0.43946403141879536 __DUMMY__ 0.07320834976000129	false	1.0
auffallen	neg 1.0		neg 0.48287491049479636 off 0.44445525550282977 __DUMMY__ 0.07266983400237388	false	1.0
konkurrenz	neg 1.0		neg 0.4901293043823974 off 0.4369292812352939 __DUMMY__ 0.07294141438230864	false	1.0
teufelskreis	neg 1.0		neg 0.486352225342798 off 0.4409272851127782 __DUMMY__ 0.07272048954442385	false	1.0
aufschreien	neg 1.0		neg 0.4840999310766136 off 0.44345417333172277 __DUMMY__ 0.07244589559166362	false	1.0
schuldner	neg 1.0		neg 0.48965391947381787 off 0.43776799062311783 __DUMMY__ 0.0725780899030643	false	1.0
missgeburt	off 1.0	off 1.0	off 0.711165991524088 neg 0.25435104678274606 __DUMMY__ 0.0344829616931659	false	1.0
arbeitslos	neg 1.0		neg 0.4883280031862713 off 0.4390704194855684 __DUMMY__ 0.07260157732816026	false	1.0
befallen	neg 1.0		neg 0.48816856379461493 off 0.439362379515972 __DUMMY__ 0.07246905668941309	false	1.0
miesepetrig	off 1.0		neg 0.47758022018247204 off 0.4495892855952646 __DUMMY__ 0.07283049422226336	false	0.5
alarmieren	neg 1.0		neg 0.4815559340103852 off 0.44622144036861244 __DUMMY__ 0.07222262562100239	false	1.0
ungeduscht	off 1.0		neg 0.4812583463311768 off 0.4460619660480405 __DUMMY__ 0.07267968762078277	false	0.5
knappheit	neg 1.0		neg 0.48762668534308157 off 0.4397641225476514 __DUMMY__ 0.07260919210926717	false	1.0
schlange	neg 1.0		neg 0.4819129882852926 off 0.445115012655336 __DUMMY__ 0.07297199905937145	false	1.0
harsch	neg 1.0		neg 0.47203764908332974 off 0.4554744151544756 __DUMMY__ 0.07248793576219467	false	1.0
lang	neg 1.0		neg 0.4830092212179061 off 0.44423251975171624 __DUMMY__ 0.07275825903037784	false	1.0
ziellos	neg 1.0		neg 0.4871201771034252 off 0.43995963272998295 __DUMMY__ 0.07292019016659188	false	1.0
selbstverliebt	neg 1.0		neg 0.47269851924362355 off 0.45589783796049954 __DUMMY__ 0.07140364279587692	false	1.0
beseitigen	neg 1.0		neg 0.4831217112650149 off 0.4440703695879012 __DUMMY__ 0.07280791914708394	false	1.0
dumm	off 1.0		neg 0.47504861718127056 off 0.45290566147695055 __DUMMY__ 0.07204572134177903	false	0.5
arbeitsloser	neg 1.0		neg 0.4891261844739164 off 0.4382413748593137 __DUMMY__ 0.07263244066676988	false	1.0
blitzen	neg 1.0		neg 0.4810119426199053 off 0.4464109945711626 __DUMMY__ 0.07257706280893196	false	1.0
hilflos	neg 1.0		neg 0.4863629724426226 off 0.44077422994941606 __DUMMY__ 0.07286279760796138	false	1.0
eklig	off 1.0		neg 0.47467730369114547 off 0.45341311340278556 __DUMMY__ 0.07190958290606894	false	0.5
begriff			neg 0.48672174060742596 off 0.4405709996377986 __DUMMY__ 0.07270725975477549	false	0.0
hungersnot	neg 1.0		neg 0.4878423104071533 off 0.43999625942609494 __DUMMY__ 0.07216143016675186	false	1.0
ungesetzlich	neg 1.0		neg 0.48622569192513315 off 0.44186856518407414 __DUMMY__ 0.07190574289079255	false	1.0
verschwendung	neg 1.0		neg 0.48916193994914586 off 0.4379302978490153 __DUMMY__ 0.07290776220183895	false	1.0
schmerzvoll	neg 1.0		neg 0.4828003232574768 off 0.4444160423753183 __DUMMY__ 0.07278363436720484	false	1.0
vorzeitig	neg 1.0		neg 0.47987354856932474 off 0.4476957284185832 __DUMMY__ 0.07243072301209202	false	1.0
unvollkommenheit	neg 1.0		neg 0.48401101730150065 off 0.4432114141889421 __DUMMY__ 0.0727775685095573	false	1.0
intervenieren	neg 1.0		neg 0.4905574958810068 off 0.4369552529465866 __DUMMY__ 0.07248725117240669	false	1.0
banause	off 1.0		neg 0.47307396139899865 off 0.4550608392277629 __DUMMY__ 0.07186519937323847	false	0.5
rebell	neg 1.0		neg 0.4889928832786249 off 0.43794396746379693 __DUMMY__ 0.07306314925757805	false	1.0
unlogisch	neg 1.0		neg 0.478667817047448 off 0.4491750750695484 __DUMMY__ 0.07215710788300371	false	1.0
leiden	neg 1.0	neg 1.0	neg 0.727926831047082 off 0.2363472902291367 __DUMMY__ 0.03572587872378133	false	1.0
abschaffung	neg 1.0		neg 0.4857932041507643 off 0.4419055152945216 __DUMMY__ 0.07230128055471403	false	1.0
sturz	neg 1.0		neg 0.48474901008928967 off 0.4429092127712011 __DUMMY__ 0.07234177713950916	false	1.0
verkleinerung	neg 1.0		neg 0.484319176680534 off 0.44375622499913114 __DUMMY__ 0.07192459832033485	false	1.0
schmarotzer	off 1.0		neg 0.48946752114594444 off 0.43805294355757607 __DUMMY__ 0.07247953529647956	false	0.5
bestrafung	neg 1.0		neg 0.48385605428555484 off 0.44349811102294606 __DUMMY__ 0.072645834691499	false	1.0
achtlos	neg 1.0		neg 0.48431668222631624 off 0.4427276150501904 __DUMMY__ 0.07295570272349317	false	1.0
ungeheuer	neg 1.0		neg 0.4825200059603645 off 0.44484338736885787 __DUMMY__ 0.07263660667077754	false	1.0
unaufrichtig	neg 1.0		neg 0.4833017334451308 off 0.44441894466244597 __DUMMY__ 0.0722793218924232	false	1.0
groggy	neg 1.0		neg 0.48178290450722094 off 0.4457227272106815 __DUMMY__ 0.07249436828209768	false	1.0
verletzlich	neg 1.0		neg 0.47907833280779727 off 0.4484490376145994 __DUMMY__ 0.07247262957760332	false	1.0
