unsolidarisch	neg 1.0		neg 0.5030580050734923 off 0.4529493731138781 __DUMMY__ 0.04399262181262958	false	1.0
nachteilig	neg 1.0		neg 0.5028273656935882 off 0.4526967302189673 __DUMMY__ 0.04447590408744469	false	1.0
skeptisch	neg 1.0		neg 0.5047585926367183 off 0.4506050599392136 __DUMMY__ 0.04463634742406815	false	1.0
schrecklich	neg 1.0		neg 0.49148578699421547 off 0.4642676629267433 __DUMMY__ 0.0442465500790412	false	1.0
schlapp	neg 1.0		neg 0.4936287860878065 off 0.4617923672638135 __DUMMY__ 0.04457884664838006	false	1.0
abfall	neg 1.0		neg 0.5058663370515378 off 0.4494084128605884 __DUMMY__ 0.044725250087873814	false	1.0
widerspenstig	neg 1.0		neg 0.4978132621229949 off 0.4574547975213771 __DUMMY__ 0.044731940355627844	false	1.0
abrupt	neg 1.0		neg 0.4982826881178981 off 0.4568654736578872 __DUMMY__ 0.04485183822421459	false	1.0
unwirksam	neg 1.0		neg 0.5024849224851611 off 0.4534800366443405 __DUMMY__ 0.04403504087049838	false	1.0
angreifen	neg 1.0		neg 0.5041628545192304 off 0.45132015756723776 __DUMMY__ 0.044516987913531716	false	1.0
inkonsistent	neg 1.0		neg 0.49724140518538124 off 0.45835295454212716 __DUMMY__ 0.04440564027249154	false	1.0
abrutschen	neg 1.0		neg 0.5053213284171555 off 0.44990167086432276 __DUMMY__ 0.044777000718521656	false	1.0
unsicher	neg 1.0		neg 0.49917566510988715 off 0.45624936433070545 __DUMMY__ 0.044574970559407484	false	1.0
bauernkind	off 1.0		neg 0.49033999721957333 off 0.46577949604125013 __DUMMY__ 0.0438805067391767	false	0.5
angreifer	neg 1.0		neg 0.49779881595262376 off 0.4579723545640107 __DUMMY__ 0.044228829483365505	false	1.0
trennen	neg 1.0		neg 0.5018193672819237 off 0.45330472698392893 __DUMMY__ 0.04487590573414725	false	1.0
schmutz	neg 1.0		neg 0.491063428866406 off 0.46420092503231813 __DUMMY__ 0.044735646101275804	false	1.0
inkonsistenz	neg 1.0	neg 1.0	neg 0.7351262165352482 off 0.2436145783301509 __DUMMY__ 0.021259205134600955	false	1.0
erschreckend	neg 1.0		neg 0.5014383262778274 off 0.4540877288404426 __DUMMY__ 0.04447394488172997	false	1.0
ertrinken	neg 1.0		neg 0.5012467644580155 off 0.4539869663576387 __DUMMY__ 0.044766269184345744	false	1.0
pickelface	off 1.0		neg 0.4999725405798894 off 0.45572010910262567 __DUMMY__ 0.04430735031748494	false	0.5
seiner			neg 0.5037090532691791 off 0.45169432620464983 __DUMMY__ 0.04459662052617107	false	0.0
lauch	neg 1.0		neg 0.5043804994928298 off 0.4509308931209846 __DUMMY__ 0.044688607386185665	false	1.0
unwichtig	neg 1.0		neg 0.4954928736308621 off 0.4601395928855776 __DUMMY__ 0.04436753348356023	false	1.0
steuerhinterziehung	neg 1.0		neg 0.5031066387594663 off 0.4527324781294304 __DUMMY__ 0.04416088311110339	false	1.0
schock	neg 1.0		neg 0.49874960052313727 off 0.4564264855976147 __DUMMY__ 0.044823913879247994	false	1.0
beule	neg 1.0		neg 0.4927669390999139 off 0.46273924126725263 __DUMMY__ 0.04449381963283352	false	1.0
vergelten	neg 1.0		neg 0.491134639626204 off 0.464811446374386 __DUMMY__ 0.044053913999409985	false	1.0
verdorbenheit	neg 1.0		neg 0.4970940532925134 off 0.45831130762630323 __DUMMY__ 0.0445946390811834	false	1.0
trauma	neg 1.0		neg 0.4977649320948305 off 0.45777863510893 __DUMMY__ 0.04445643279623928	false	1.0
sinnlos	neg 1.0		neg 0.49745600341337237 off 0.4580779742072849 __DUMMY__ 0.044466022379342725	false	1.0
fettsack	off 1.0	off 1.0	off 0.7176592490105499 neg 0.2612024769661009 __DUMMY__ 0.021138274023349196	false	1.0
feige	off 1.0		neg 0.49696849521343506 off 0.4587864152224534 __DUMMY__ 0.04424508956411148	false	0.5
abdanken	neg 1.0		neg 0.5043841802080798 off 0.45161476184151494 __DUMMY__ 0.04400105795040522	false	1.0
wichtigtuer	off 1.0	off 1.0	off 0.7128347700307447 neg 0.2658881326583413 __DUMMY__ 0.021277097310913998	false	1.0
misslingen	neg 1.0		neg 0.494468657021377 off 0.460766375392396 __DUMMY__ 0.044764967586227014	false	1.0
untreu	off 1.0		neg 0.4946164587255919 off 0.4610212368350463 __DUMMY__ 0.04436230443936163	false	0.5
missmutig	neg 1.0		neg 0.4945283629315172 off 0.460910528890847 __DUMMY__ 0.04456110817763567	false	1.0
hurenbock	off 1.0		neg 0.49545254226131213 off 0.4598203550897834 __DUMMY__ 0.044727102648904254	false	0.5
betrunken	neg 1.0		neg 0.492117540441418 off 0.4634425995785488 __DUMMY__ 0.04443985998003331	false	1.0
korrupt	off 1.0		neg 0.5046522001349366 off 0.4511728298590862 __DUMMY__ 0.04417497000597714	false	0.5
unmut	neg 1.0		neg 0.5060997668597462 off 0.4493016747971667 __DUMMY__ 0.04459855834308705	false	1.0
hackfresse	off 1.0		neg 0.4885008807854393 off 0.4673828468459765 __DUMMY__ 0.04411627236858411	false	0.5
aufblasen	neg 1.0		neg 0.49666873582175536 off 0.4586710197070152 __DUMMY__ 0.044660244471229515	false	1.0
gewaltsam	neg 1.0		neg 0.5000772148957586 off 0.4556773225621753 __DUMMY__ 0.044245462542066065	false	1.0
unbeliebtheit	neg 1.0		neg 0.4965496834358465 off 0.45957809826129004 __DUMMY__ 0.04387221830286356	false	1.0
sturheit	neg 1.0		neg 0.5018353956664068 off 0.4537768958289027 __DUMMY__ 0.044387708504690544	false	1.0
kuh	neg 1.0		neg 0.49844055966733963 off 0.45721135161366944 __DUMMY__ 0.044348088718990916	false	1.0
erschrecken	neg 1.0		neg 0.4955435813002427 off 0.4599591994372248 __DUMMY__ 0.04449721926253252	false	1.0
opfer	neg 1.0		neg 0.5031131023072368 off 0.4523241801638453 __DUMMY__ 0.04456271752891781	false	1.0
sinken	neg 1.0		neg 0.5051292663805147 off 0.4502700328267681 __DUMMY__ 0.04460070079271719	false	1.0
stinktier	neg 1.0		neg 0.49225720212053753 off 0.4636654494610414 __DUMMY__ 0.0440773484184212	false	1.0
tucke	off 1.0		neg 0.48688158873142184 off 0.46891609205378626 __DUMMY__ 0.044202319214791994	false	0.5
ein			neg 0.49685272165514505 off 0.4584029031178153 __DUMMY__ 0.04474437522703961	false	0.0
abstieg	neg 1.0		neg 0.5025394786283648 off 0.4530945937078584 __DUMMY__ 0.04436592766377681	false	1.0
missverstehen	neg 1.0		neg 0.49923619059083163 off 0.4564865006703511 __DUMMY__ 0.04427730873881716	false	1.0
ergebnislos	neg 1.0		neg 0.502719340722933 off 0.4528607138077911 __DUMMY__ 0.044419945469276044	false	1.0
unter			neg 0.5066142576100157 off 0.4482621562122763 __DUMMY__ 0.045123586177707904	false	0.0
manipulieren	neg 1.0		neg 0.5032089613690914 off 0.4521643623313963 __DUMMY__ 0.044626676299512356	false	1.0
unbewiesen	neg 1.0		neg 0.5034028715192763 off 0.4526180436102555 __DUMMY__ 0.04397908487046825	false	1.0
verschleppen	neg 1.0		neg 0.5023209487807255 off 0.4532093524643384 __DUMMY__ 0.04446969875493613	false	1.0
weib	off 1.0		neg 0.4874858111909307 off 0.46847052860350274 __DUMMY__ 0.044043660205566465	false	0.5
opposition	neg 1.0		neg 0.49987982386136237 off 0.45596076908044614 __DUMMY__ 0.044159407058191526	false	1.0
verkehrswidrig	neg 1.0		neg 0.48779245391855947 off 0.4677965635320695 __DUMMY__ 0.04441098254937104	false	1.0
inkorrekt	neg 1.0		neg 0.4971728467530813 off 0.4588297502054399 __DUMMY__ 0.043997403041478804	false	1.0
vermeiden	neg 1.0		neg 0.5051396785848945 off 0.4499094286179869 __DUMMY__ 0.044950892797118745	false	1.0
abweichung	neg 1.0		neg 0.5047609385125593 off 0.45105765861559344 __DUMMY__ 0.04418140287184722	false	1.0
alkoholisiert	neg 1.0		neg 0.49857853192115986 off 0.4565891882905585 __DUMMY__ 0.04483227978828151	false	1.0
scheiss	off 1.0	off 1.0	off 0.7163064226172968 neg 0.2623563656227767 __DUMMY__ 0.02133721175992645	false	1.0
herausforderung	neg 1.0		neg 0.49921998659568856 off 0.4559101566142498 __DUMMY__ 0.044869856790061585	false	1.0
pervers	off 1.0		neg 0.48545999066298 off 0.47062195273910834 __DUMMY__ 0.04391805659791173	false	0.5
wackelig	neg 1.0		neg 0.49865424673047587 off 0.4564192960803535 __DUMMY__ 0.04492645718917069	false	1.0
verwickeln	neg 1.0		neg 0.4988151654501187 off 0.456820330724432 __DUMMY__ 0.04436450382544927	false	1.0
vorwand	neg 1.0		neg 0.5058255805732503 off 0.44965610204888856 __DUMMY__ 0.04451831737786118	false	1.0
muschi	off 1.0		neg 0.500489498794584 off 0.45519852435247204 __DUMMY__ 0.044311976852943816	false	0.5
entmutigung	neg 1.0		neg 0.5012883884616828 off 0.45482627813025356 __DUMMY__ 0.043885333408063686	false	1.0
unangemessen	neg 1.0		neg 0.504011930743637 off 0.4516819884185192 __DUMMY__ 0.044306080837843695	false	1.0
unstetig	neg 1.0		neg 0.4959947916239893 off 0.4596645252173619 __DUMMY__ 0.044340683158648926	false	1.0
entmutigen	neg 1.0		neg 0.4974303731803444 off 0.45797432565753965 __DUMMY__ 0.044595301162115984	false	1.0
schwanz	neg 1.0		neg 0.5016698075330835 off 0.45385297595124907 __DUMMY__ 0.04447721651566733	false	1.0
verbot	neg 1.0		neg 0.504055896393209 off 0.4517684084324529 __DUMMY__ 0.04417569517433814	false	1.0
leid	neg 1.0		neg 0.4900240127304395 off 0.4657842478775258 __DUMMY__ 0.04419173939203462	false	1.0
archaisch	neg 1.0		neg 0.5024625510437815 off 0.4531385484099437 __DUMMY__ 0.04439890054627478	false	1.0
gegen			neg 0.5065029490359019 off 0.4491051678238347 __DUMMY__ 0.04439188314026339	false	0.0
scheidung	neg 1.0	neg 1.0	neg 0.7228181232083644 off 0.256020119995217 __DUMMY__ 0.02116175679641873	false	1.0
einschlag	neg 1.0		neg 0.49207771762277785 off 0.4638740193139618 __DUMMY__ 0.04404826306326026	false	1.0
m			neg 0.4994332312520493 off 0.45589276698107206 __DUMMY__ 0.044674001766878725	false	0.0
abgestanden	neg 1.0		neg 0.4974054367707505 off 0.4578991031619691 __DUMMY__ 0.04469546006728034	false	1.0
schmierig	off 1.0		neg 0.4903015252297357 off 0.46538898422561964 __DUMMY__ 0.044309490544644614	false	0.5
unpraktisch	neg 1.0		neg 0.4964900460568837 off 0.4588256018979845 __DUMMY__ 0.04468435204513176	false	1.0
wixxer	off 1.0		neg 0.4857890821031559 off 0.4703642186945973 __DUMMY__ 0.043846699202246646	false	0.5
bezeichnet			neg 0.5018465573458367 off 0.4538145914884051 __DUMMY__ 0.044338851165758246	false	0.0
jammerlappen	off 1.0		neg 0.49546365220023636 off 0.46015811131408546 __DUMMY__ 0.04437823648567803	false	0.5
farce	neg 1.0		neg 0.5047764948862082 off 0.4512030530390526 __DUMMY__ 0.04402045207473903	false	1.0
zwecklos	neg 1.0		neg 0.5035637424294931 off 0.4520336160248899 __DUMMY__ 0.04440264154561708	false	1.0
turbulent	neg 1.0		neg 0.4924088625021696 off 0.4634335435296953 __DUMMY__ 0.044157593968135005	false	1.0
invasion	neg 1.0		neg 0.4954589726292694 off 0.4600123875091926 __DUMMY__ 0.044528639861537905	false	1.0
schuld	neg 1.0		neg 0.4994538758463636 off 0.4561270447989319 __DUMMY__ 0.04441907935470449	false	1.0
risiko	neg 1.0		neg 0.4941291784239718 off 0.4612302494456234 __DUMMY__ 0.04464057213040486	false	1.0
finster	neg 1.0		neg 0.49743640234492553 off 0.45788146661955237 __DUMMY__ 0.044682131035522085	false	1.0
geisteskrank	off 1.0		neg 0.4958604440159289 off 0.46003874701456154 __DUMMY__ 0.04410080896950948	false	0.5
zusammenbrechen	neg 1.0		neg 0.5000033122937028 off 0.45533739260575407 __DUMMY__ 0.044659295100543006	false	1.0
ausbeute	neg 1.0		neg 0.5003217515733729 off 0.45492489210698145 __DUMMY__ 0.044753356319645596	false	1.0
hinterhalt	neg 1.0		neg 0.4979105647240774 off 0.4576010329997855 __DUMMY__ 0.044488402276137096	false	1.0
kritik	neg 1.0		neg 0.503832830931524 off 0.4520382138685197 __DUMMY__ 0.0441289551999564	false	1.0
einschrumpfen	neg 1.0		neg 0.4977711750197876 off 0.4581047733189662 __DUMMY__ 0.04412405166124618	false	1.0
riskant	neg 1.0		neg 0.5033212681403988 off 0.4520866026122543 __DUMMY__ 0.04459212924734703	false	1.0
frustrieren	neg 1.0		neg 0.503586633894472 off 0.4518513532943111 __DUMMY__ 0.04456201281121676	false	1.0
groll	neg 1.0		neg 0.5028011640406018 off 0.45274465643608325 __DUMMY__ 0.04445417952331486	false	1.0
gibt			neg 0.5013977027395048 off 0.45404525550825414 __DUMMY__ 0.044557041752241074	false	0.0
qualvoll	neg 1.0		neg 0.49596951565960695 off 0.45944257771008 __DUMMY__ 0.04458790663031295	false	1.0
wackeln	neg 1.0		neg 0.4966951659161894 off 0.45856201376206496 __DUMMY__ 0.04474282032174557	false	1.0
klagen	neg 1.0		neg 0.5064776958670617 off 0.44906615885557866 __DUMMY__ 0.04445614527735957	false	1.0
bankrott	neg 1.0		neg 0.4940886359754651 off 0.4614450557868218 __DUMMY__ 0.044466308237713144	false	1.0
trauern	neg 1.0		neg 0.5028779505735622 off 0.45252486588010643 __DUMMY__ 0.044597183546331354	false	1.0
ablehnung	neg 1.0	neg 1.0	neg 0.7381251693798855 off 0.24064523555489195 __DUMMY__ 0.021229595065222543	false	1.0
stur	neg 1.0		neg 0.49884805229093304 off 0.45671648109292984 __DUMMY__ 0.04443546661613715	false	1.0
aufruhr	neg 1.0		neg 0.5009735682696806 off 0.4548116928459366 __DUMMY__ 0.04421473888438262	false	1.0
melancholie	neg 1.0		neg 0.4992179040703889 off 0.4559445447111415 __DUMMY__ 0.04483755121846949	false	1.0
ist			neg 0.4984049420338875 off 0.45714387443000815 __DUMMY__ 0.04445118353610428	false	0.0
torheit	neg 1.0		neg 0.5017169026668292 off 0.4542182570587633 __DUMMY__ 0.044064840274407595	false	1.0
dreckskind	off 1.0		neg 0.49183004453845813 off 0.46431355042664735 __DUMMY__ 0.04385640503489465	false	0.5
umtauschen	neg 1.0		neg 0.49823229806793673 off 0.45707595820107605 __DUMMY__ 0.044691743730987187	false	1.0
zum			neg 0.5038614348267849 off 0.45109081246753446 __DUMMY__ 0.04504775270568054	false	0.0
zersetzen	neg 1.0		neg 0.5047071289529043 off 0.45074837684123614 __DUMMY__ 0.044544494205859556	false	1.0
zur			neg 0.5076402010443508 off 0.4477117160352596 __DUMMY__ 0.04464808292038951	false	0.0
frust	neg 1.0		neg 0.5008866731144596 off 0.45451498471524626 __DUMMY__ 0.04459834217029412	false	1.0
unerbittlichkeit	neg 1.0		neg 0.5038273913706182 off 0.45165108013236127 __DUMMY__ 0.04452152849702044	false	1.0
zwei			neg 0.5028363371294253 off 0.45223004147848483 __DUMMY__ 0.04493362139208983	false	0.0
unkorrekt	neg 1.0		neg 0.4961856916735214 off 0.45980320822698534 __DUMMY__ 0.044011100099493425	false	1.0
hexe	off 1.0		neg 0.49401988162671406 off 0.46156905929864384 __DUMMY__ 0.04441105907464203	false	0.5
lasch	neg 1.0		neg 0.4977815434636647 off 0.4579432947069644 __DUMMY__ 0.04427516182937109	false	1.0
rivale	neg 1.0		neg 0.49196264549260554 off 0.46391784182179385 __DUMMY__ 0.04411951268560051	false	1.0
mutlos	off 1.0	off 1.0	off 0.7103164208489939 neg 0.2683425839419184 __DUMMY__ 0.021340995209087797	false	1.0
wirr	off 1.0		neg 0.49359037640192693 off 0.46233538479827957 __DUMMY__ 0.04407423879979347	false	0.5
jahr			neg 0.5010752896590449 off 0.4540999292525997 __DUMMY__ 0.04482478108835535	false	0.0
wird			neg 0.5026566952873729 off 0.45275910951207654 __DUMMY__ 0.044584195200550555	false	0.0
strafbar	neg 1.0		neg 0.5055337872145559 off 0.4501636242137216 __DUMMY__ 0.04430258857172263	false	1.0
erosion	neg 1.0		neg 0.4966057069684003 off 0.4587829335443247 __DUMMY__ 0.044611359487275126	false	1.0
eingehen	neg 1.0		neg 0.5033256218112366 off 0.4522031698026205 __DUMMY__ 0.0444712083861427	false	1.0
faul	off 1.0		neg 0.4939100686460862 off 0.4615116691204076 __DUMMY__ 0.04457826223350609	false	0.5
provisorium	neg 1.0		neg 0.507862019851527 off 0.44709658223585336 __DUMMY__ 0.04504139791261973	false	1.0
schmerzen	neg 1.0		neg 0.4992034717176637 off 0.4561156878904784 __DUMMY__ 0.04468084039185793	false	1.0
schrumpfen	neg 1.0		neg 0.5068446369631657 off 0.448384019060367 __DUMMY__ 0.04477134397646714	false	1.0
geistlos	off 1.0		neg 0.5003136252890185 off 0.45566727016831504 __DUMMY__ 0.044019104542666575	false	0.5
fehlkauf	neg 1.0		neg 0.4975141235481543 off 0.45816486419897 __DUMMY__ 0.04432101225287561	false	1.0
frustrierend	neg 1.0		neg 0.4960049944230058 off 0.4595364524755201 __DUMMY__ 0.04445855310147415	false	1.0
unzufrieden	neg 1.0		neg 0.5026404714185487 off 0.45285934392729243 __DUMMY__ 0.044500184654158816	false	1.0
verzweifeln	neg 1.0		neg 0.4996495011010712 off 0.4557519213173243 __DUMMY__ 0.044598577581604536	false	1.0
verzweifelt	neg 1.0		neg 0.4987944842237528 off 0.4567517813625229 __DUMMY__ 0.044453734413724216	false	1.0
misstrauensantrag	neg 1.0		neg 0.4987826514630592 off 0.4570312325847664 __DUMMY__ 0.0441861159521745	false	1.0
abfallen	neg 1.0		neg 0.49560769650160036 off 0.45955828994971787 __DUMMY__ 0.04483401354868173	false	1.0
fucker	off 1.0		neg 0.49315760365346234 off 0.46267589676178056 __DUMMY__ 0.044166499584757	false	0.5
ungezogen	neg 1.0		neg 0.48673569392809346 off 0.4691625949480833 __DUMMY__ 0.044101711123823155	false	1.0
irrsinnig	neg 1.0	neg 1.0	neg 0.7362069177610169 off 0.24246337386022418 __DUMMY__ 0.021329708378758954	false	1.0
unfassbar	neg 1.0		neg 0.4946906335053097 off 0.4609200710354394 __DUMMY__ 0.04438929545925085	false	1.0
hart	neg 1.0		neg 0.4952970733512145 off 0.46044727521935574 __DUMMY__ 0.04425565142942976	false	1.0
widerlich	off 1.0		neg 0.4951262135707997 off 0.4606444754562937 __DUMMY__ 0.044229310972906416	false	0.5
fatal	neg 1.0		neg 0.4972819460676506 off 0.45835199732207715 __DUMMY__ 0.04436605661027218	false	1.0
bruch	neg 1.0		neg 0.5076846930358525 off 0.44793595894906607 __DUMMY__ 0.04437934801508132	false	1.0
aushungern	neg 1.0		neg 0.5017469958536954 off 0.45406479470221395 __DUMMY__ 0.04418820944409066	false	1.0
anspannung	neg 1.0		neg 0.5038961621855002 off 0.4511942096301869 __DUMMY__ 0.04490962818431288	false	1.0
von			neg 0.5031342100868798 off 0.45213241517803254 __DUMMY__ 0.044733374735087664	false	0.0
kraftlos	neg 1.0		neg 0.4994660154216506 off 0.45565366752601816 __DUMMY__ 0.044880317052331094	false	1.0
vom			neg 0.5068467556656647 off 0.44813866159554 __DUMMY__ 0.04501458273879533	false	0.0
grenzdebil	off 1.0		neg 0.493346738758407 off 0.4622552379974154 __DUMMY__ 0.044398023244177534	false	0.5
vor			neg 0.5041273108449436 off 0.45110736577528965 __DUMMY__ 0.0447653233797667	false	0.0
unterwerfen	neg 1.0		neg 0.5034762996621535 off 0.45203517557500733 __DUMMY__ 0.0444885247628391	false	1.0
versenkung	neg 1.0		neg 0.5037337394464998 off 0.45172505780457667 __DUMMY__ 0.0445412027489236	false	1.0
entziehen	neg 1.0		neg 0.5061869532482651 off 0.44926158367696617 __DUMMY__ 0.04455146307476847	false	1.0
finanzkrise	neg 1.0		neg 0.5021658914634516 off 0.45365922731574065 __DUMMY__ 0.04417488122080782	false	1.0
schimpfend	neg 1.0		neg 0.4940332446842696 off 0.4610745913513722 __DUMMY__ 0.04489216396435823	false	1.0
profan	neg 1.0		neg 0.4974009555055543 off 0.4581277763808169 __DUMMY__ 0.04447126811362868	false	1.0
korruption	neg 1.0		neg 0.5044297435806396 off 0.4513862128061037 __DUMMY__ 0.044184043613256604	false	1.0
â			neg 0.500758579350289 off 0.454595976139355 __DUMMY__ 0.04464544451035586	false	0.0
schmutzig	neg 1.0		neg 0.4922194786581726 off 0.46319360076211163 __DUMMY__ 0.04458692057971558	false	1.0
sexy	neg 1.0		neg 0.49517703356039555 off 0.4603993772975793 __DUMMY__ 0.04442358914202509	false	1.0
abraten	neg 1.0		neg 0.4977966908130261 off 0.45765749707638037 __DUMMY__ 0.04454581211059354	false	1.0
schwarz	neg 1.0		neg 0.49811215144370885 off 0.4574983731975357 __DUMMY__ 0.044389475358755384	false	1.0
fotze	off 1.0		neg 0.502036974853957 off 0.4535846875258655 __DUMMY__ 0.04437833762017751	false	0.5
verwirren	neg 1.0		neg 0.4968170457640648 off 0.4587476079676068 __DUMMY__ 0.044435346268328305	false	1.0
zahnlos	off 1.0		neg 0.5036468730368626 off 0.45199945653949936 __DUMMY__ 0.044353670423637984	false	0.5
verheeren	neg 1.0		neg 0.4859523039753461 off 0.4701606815027741 __DUMMY__ 0.043887014521879826	false	1.0
hippie	neg 1.0		neg 0.4956846742906337 off 0.45991865267567694 __DUMMY__ 0.044396673033689396	false	1.0
rammen	neg 1.0		neg 0.49656568821894004 off 0.45900160139976903 __DUMMY__ 0.044432710381290874	false	1.0
unlauter	neg 1.0	neg 1.0	neg 0.7358531249253188 off 0.24291737781809042 __DUMMY__ 0.021229497256590707	false	1.0
unheilvoll	neg 1.0		neg 0.49662797250666024 off 0.45881259889096576 __DUMMY__ 0.04455942860237395	false	1.0
niedrig	neg 1.0		neg 0.5030715453965371 off 0.45249623857355853 __DUMMY__ 0.04443221602990417	false	1.0
explosion	neg 1.0		neg 0.4954984910221829 off 0.46001746636790936 __DUMMY__ 0.04448404260990778	false	1.0
weichei	off 1.0		neg 0.4898341424277695 off 0.4660431802424506 __DUMMY__ 0.044122677329779904	false	0.5
minusmensch	off 1.0		neg 0.48871501099420256 off 0.4676483041285209 __DUMMY__ 0.043636684877276635	false	0.5
farblos	neg 1.0		neg 0.49796157605104474 off 0.4575556669732048 __DUMMY__ 0.04448275697575045	false	1.0
unwissend	neg 1.0		neg 0.4956941421511188 off 0.4600253397478953 __DUMMY__ 0.04428051810098592	false	1.0
traurig	neg 1.0		neg 0.49136110398614985 off 0.4642493736296785 __DUMMY__ 0.044389522384171744	false	1.0
senkung	neg 1.0		neg 0.4965960682961913 off 0.4590442548299461 __DUMMY__ 0.044359676873862684	false	1.0
ungleich	neg 1.0	neg 1.0	neg 0.7386649029635569 off 0.23998371354994266 __DUMMY__ 0.021351383486500355	false	1.0
heikel	neg 1.0		neg 0.5048670991001519 off 0.45059017782088134 __DUMMY__ 0.044542723078966735	false	1.0
drosselung	neg 1.0		neg 0.4910767441651522 off 0.4645578637228059 __DUMMY__ 0.044365392112041886	false	1.0
falsch	neg 1.0		neg 0.49606319141458177 off 0.45955092014061144 __DUMMY__ 0.04438588844480659	false	1.0
unzufriedenheit	neg 1.0		neg 0.5049204458037647 off 0.4505303744867025 __DUMMY__ 0.04454917970953266	false	1.0
kurz	neg 1.0		neg 0.4990421257249372 off 0.45617198782657264 __DUMMY__ 0.04478588644849021	false	1.0
unsinnig	neg 1.0		neg 0.5026968074481795 off 0.45287087538328147 __DUMMY__ 0.04443231716853892	false	1.0
penner	off 1.0	off 1.0	off 0.7191850162830511 neg 0.25961075523441096 __DUMMY__ 0.021204228482537918	false	1.0
seicht	neg 1.0		neg 0.48896219770902 off 0.4671425090067796 __DUMMY__ 0.0438952932842004	false	1.0
dummheit	off 1.0	off 1.0	off 0.7133852729891412 neg 0.2653286797038375 __DUMMY__ 0.02128604730702133	false	1.0
unerfreulich	neg 1.0		neg 0.5046160739022281 off 0.4507404172368243 __DUMMY__ 0.044643508860947756	false	1.0
motherfucker	off 1.0	off 1.0	off 0.7163693440938338 neg 0.2624024896637558 __DUMMY__ 0.021228166242410373	false	1.0
pikiert	neg 1.0		neg 0.49606503564382715 off 0.459648768547041 __DUMMY__ 0.044286195809131894	false	1.0
wrack	neg 1.0		neg 0.5014615327878773 off 0.45400070674778753 __DUMMY__ 0.04453776046433518	false	1.0
gangster	neg 1.0		neg 0.4964551220412437 off 0.45913064654464136 __DUMMY__ 0.04441423141411491	false	1.0
krank	neg 1.0		neg 0.4923428619406209 off 0.46313839597148815 __DUMMY__ 0.044518742087890986	false	1.0
reich	neg 1.0		neg 0.49769621752022425 off 0.4584049295343762 __DUMMY__ 0.043898852945399705	false	1.0
gnadenlos	neg 1.0		neg 0.4992308651454403 off 0.45633862702007766 __DUMMY__ 0.044430507834481915	false	1.0
niedergeschlagen	neg 1.0		neg 0.4999967110518037 off 0.45536065740938353 __DUMMY__ 0.04464263153881279	false	1.0
terrorisieren	off 1.0	off 1.0	off 0.7107575919428541 neg 0.26780760579766977 __DUMMY__ 0.021434802259476114	false	1.0
sinnlosigkeit	neg 1.0		neg 0.5028647529327364 off 0.45270964597681 __DUMMY__ 0.04442560109045378	false	1.0
behindern	neg 1.0		neg 0.49843027314416616 off 0.4569359869896015 __DUMMY__ 0.04463373986623235	false	1.0
undemokratisch	neg 1.0		neg 0.5010945102434243 off 0.45480650589499466 __DUMMY__ 0.044098983861581065	false	1.0
wirtschaftskrise	neg 1.0		neg 0.5031356109343083 off 0.45253836209457604 __DUMMY__ 0.0443260269711158	false	1.0
neid	neg 1.0		neg 0.4943146699999103 off 0.4610627607816745 __DUMMY__ 0.0446225692184151	false	1.0
rutschen	neg 1.0		neg 0.5022532516190759 off 0.45256016696739076 __DUMMY__ 0.04518658141353343	false	1.0
rezession	neg 1.0		neg 0.49244803225241796 off 0.4635799837019924 __DUMMY__ 0.043971984045589635	false	1.0
fehlgeburt	neg 1.0		neg 0.4980132730038556 off 0.4574528291807114 __DUMMY__ 0.04453389781543291	false	1.0
charakterschwach	off 1.0		neg 0.49530966550648403 off 0.4604592516663327 __DUMMY__ 0.04423108282718329	false	0.5
isolation	neg 1.0		neg 0.49461860886703934 off 0.4610209313740886 __DUMMY__ 0.044360459758872046	false	1.0
ablenkung	neg 1.0		neg 0.4984289373896689 off 0.456964240590621 __DUMMY__ 0.04460682201971004	false	1.0
pech	neg 1.0		neg 0.4960312003487392 off 0.45949020226705595 __DUMMY__ 0.04447859738420471	false	1.0
vermeidung	neg 1.0		neg 0.4914951502085804 off 0.4640306325223073 __DUMMY__ 0.04447421726911225	false	1.0
dominieren	neg 1.0		neg 0.5022026584124942 off 0.45343249213613646 __DUMMY__ 0.04436484945136934	false	1.0
schwindlig	neg 1.0		neg 0.49507374059039155 off 0.46028520761123803 __DUMMY__ 0.04464105179837053	false	1.0
lutscher	neg 1.0		neg 0.48785065729315963 off 0.4682463642862868 __DUMMY__ 0.04390297842055363	false	1.0
pflicht	neg 1.0		neg 0.505180529060139 off 0.4502902708321582 __DUMMY__ 0.04452920010770281	false	1.0
faschist	off 1.0		neg 0.4996801202894576 off 0.4562029839617757 __DUMMY__ 0.04411689574876657	false	0.5
verschleudern	neg 1.0		neg 0.5042214401101511 off 0.4514811064677378 __DUMMY__ 0.044297453422111166	false	1.0
wenn			neg 0.49601508152992463 off 0.45958777657123456 __DUMMY__ 0.044397141898840746	false	0.0
ehebruch	neg 1.0		neg 0.5036297245930761 off 0.4519549491353698 __DUMMY__ 0.04441532627155395	false	1.0
spott	off 1.0		neg 0.5041553796868555 off 0.4514026276349447 __DUMMY__ 0.044441992678199795	false	0.5
trostlosigkeit	neg 1.0		neg 0.5066670318695654 off 0.4490195061419742 __DUMMY__ 0.044313461988460374	false	1.0
lutschen	neg 1.0		neg 0.4967137259713745 off 0.4591117237748166 __DUMMY__ 0.044174550253808884	false	1.0
undiszipliniert	neg 1.0		neg 0.4926971513869448 off 0.46298403129659255 __DUMMY__ 0.044318817316462596	false	1.0
kopfschmerz	neg 1.0		neg 0.49889445915378056 off 0.456484312019089 __DUMMY__ 0.044621228827130315	false	1.0
unvorhergesehen	neg 1.0		neg 0.4987118871744599 off 0.45644630927820057 __DUMMY__ 0.04484180354733954	false	1.0
desinteressiert	neg 1.0		neg 0.49372032315278636 off 0.46203539844680086 __DUMMY__ 0.04424427840041272	false	1.0
armselig	off 1.0		neg 0.49335116573396054 off 0.4624919844725939 __DUMMY__ 0.04415684979344553	false	0.5
desaster	neg 1.0		neg 0.5084884972197911 off 0.4471661741000238 __DUMMY__ 0.044345328680185155	false	1.0
tod	neg 1.0		neg 0.5039178969564398 off 0.45170436527995494 __DUMMY__ 0.044377737763605256	false	1.0
herzlos	neg 1.0		neg 0.4908000447226673 off 0.4648420900961237 __DUMMY__ 0.0443578651812091	false	1.0
unwissenheit	neg 1.0		neg 0.5030216976481693 off 0.45257722952668655 __DUMMY__ 0.044401072825144286	false	1.0
widersinnig	neg 1.0		neg 0.5045344527771858 off 0.45138676796674926 __DUMMY__ 0.044078779256064876	false	1.0
bedenklich	neg 1.0		neg 0.5039736908263316 off 0.45151867015376906 __DUMMY__ 0.04450763901989935	false	1.0
beanstanden	neg 1.0		neg 0.5057712646153033 off 0.44971368494300096 __DUMMY__ 0.04451505044169577	false	1.0
panisch	neg 1.0	neg 1.0	neg 0.7332836789418552 off 0.2451476908016812 __DUMMY__ 0.021568630256463665	false	1.0
debil	off 1.0		neg 0.5069222918524307 off 0.4483665037016108 __DUMMY__ 0.0447112044459587	false	0.5
abstrich	neg 1.0		neg 0.4960503302316132 off 0.4591484319336448 __DUMMY__ 0.04480123783474195	false	1.0
primitiv	neg 1.0		neg 0.49474443334628204 off 0.46105608739500914 __DUMMY__ 0.04419947925870894	false	1.0
abschaum	off 1.0	off 1.0	off 0.7145547531831458 neg 0.26420492663581124 __DUMMY__ 0.021240320181043073	false	1.0
provozieren	neg 1.0		neg 0.5005814765484591 off 0.4550734210261011 __DUMMY__ 0.044345102425439875	false	1.0
tot	neg 1.0		neg 0.5007568673370348 off 0.45480962850233353 __DUMMY__ 0.044433504160631535	false	1.0
instabil	neg 1.0		neg 0.49375627153793067 off 0.4622959445294324 __DUMMY__ 0.043947783932636986	false	1.0
schwuchtel	off 1.0		neg 0.48447313851460955 off 0.47193454892467074 __DUMMY__ 0.04359231256071967	false	0.5
zerren	neg 1.0		neg 0.5004929614951458 off 0.45489097531488615 __DUMMY__ 0.04461606318996811	false	1.0
kinderficker	off 1.0		neg 0.49199527438611157 off 0.4640011787686334 __DUMMY__ 0.0440035468452551	false	0.5
gefahr	neg 1.0		neg 0.504352283736077 off 0.4512629584628607 __DUMMY__ 0.0443847578010621	false	1.0
rabiat	neg 1.0		neg 0.4998279387386214 off 0.4556996998813587 __DUMMY__ 0.04447236138001978	false	1.0
verlangsamung	neg 1.0		neg 0.4887705031495799 off 0.4672880537918753 __DUMMY__ 0.04394144305854473	false	1.0
ausgestorben	neg 1.0		neg 0.5008699530133073 off 0.45456898643933996 __DUMMY__ 0.0445610605473528	false	1.0
anklagen	neg 1.0		neg 0.500979537612328 off 0.4546562865797885 __DUMMY__ 0.04436417580788348	false	1.0
trott	neg 1.0		neg 0.4987334548586035 off 0.45668634870306213 __DUMMY__ 0.04458019643833429	false	1.0
verminderung	neg 1.0		neg 0.49250264192067666 off 0.4632357039102715 __DUMMY__ 0.04426165416905174	false	1.0
nach			neg 0.5036683949893699 off 0.45128018919535673 __DUMMY__ 0.045051415815273436	false	0.0
rost	neg 1.0		neg 0.48769482535428815 off 0.4682788525531651 __DUMMY__ 0.04402632209254679	false	1.0
destruktiv	neg 1.0		neg 0.5022251221285114 off 0.4534654865035966 __DUMMY__ 0.044309391367891963	false	1.0
unzumutbarkeit	neg 1.0		neg 0.49230965912111885 off 0.4633103143229911 __DUMMY__ 0.044380026555890115	false	1.0
labil	off 1.0	off 1.0	off 0.7152648711833363 neg 0.26348618439548666 __DUMMY__ 0.02124894442117704	false	1.0
ziemlich	neg 1.0		neg 0.49409922475805296 off 0.46151909411980097 __DUMMY__ 0.04438168112214608	false	1.0
lachnummer	off 1.0		neg 0.5023732273760327 off 0.45332708279361195 __DUMMY__ 0.04429968983035528	false	0.5
oder			neg 0.49858421340628367 off 0.45678294520186463 __DUMMY__ 0.04463284139185177	false	0.0
verfall	neg 1.0		neg 0.5080003633679785 off 0.447355604562782 __DUMMY__ 0.04464403206923946	false	1.0
ausgrenzung	neg 1.0		neg 0.49988332475120245 off 0.4559811488926042 __DUMMY__ 0.044135526356193354	false	1.0
unordnung	neg 1.0		neg 0.492696400587258 off 0.4633288362584991 __DUMMY__ 0.04397476315424292	false	1.0
fehlverhalten	neg 1.0		neg 0.5050488750794907 off 0.4505584452136716 __DUMMY__ 0.044392679706837655	false	1.0
eine			neg 0.5039606048391138 off 0.4513029254150744 __DUMMY__ 0.04473646974581172	false	0.0
nille	neg 1.0		neg 0.5013433875322734 off 0.45440495954712734 __DUMMY__ 0.04425165292059917	false	1.0
qual	neg 1.0		neg 0.49907501764828577 off 0.4563714820341674 __DUMMY__ 0.04455350031754697	false	1.0
verschwenden	neg 1.0		neg 0.5029876293579204 off 0.4524192322989323 __DUMMY__ 0.04459313834314743	false	1.0
riesig	neg 1.0		neg 0.49870403444926653 off 0.4566325032935993 __DUMMY__ 0.04466346225713423	false	1.0
verurteilen	neg 1.0		neg 0.5032019902435859 off 0.4524441278382891 __DUMMY__ 0.044353881918125004	false	1.0
klischee	neg 1.0	neg 1.0	neg 0.7352672679874934 off 0.2434890890049007 __DUMMY__ 0.021243643007605867	false	1.0
diktatorisch	neg 1.0		neg 0.5018924860379697 off 0.4540912023751289 __DUMMY__ 0.04401631158690159	false	1.0
vorhersehbar	neg 1.0		neg 0.49923604539743816 off 0.45650670319663844 __DUMMY__ 0.04425725140592344	false	1.0
sowie			neg 0.4905743865518244 off 0.46547335078382984 __DUMMY__ 0.04395226266434581	false	0.0
stornieren	neg 1.0		neg 0.4947438152250353 off 0.4606070242302305 __DUMMY__ 0.04464916054473411	false	1.0
besteuerung	neg 1.0		neg 0.4985205762675102 off 0.45709603681932637 __DUMMY__ 0.044383386913163424	false	1.0
ungeschminkt	neg 1.0		neg 0.49335126666888574 off 0.4622983153139235 __DUMMY__ 0.044350418017190814	false	1.0
kritisch	neg 1.0		neg 0.504516469331511 off 0.4510775974486883 __DUMMY__ 0.04440593321980082	false	1.0
schlamperei	off 1.0		neg 0.5045792579034981 off 0.45110472372299404 __DUMMY__ 0.04431601837350792	false	0.5
sucht	neg 1.0	neg 1.0	neg 0.7326374697757804 off 0.24580184960580898 __DUMMY__ 0.021560680618410714	false	1.0
egoistisch	off 1.0		neg 0.4898654004242197 off 0.4659887996131121 __DUMMY__ 0.0441457999626683	false	0.5
ausbeuter	off 1.0		neg 0.5054669438850063 off 0.4501519850848775 __DUMMY__ 0.0443810710301162	false	0.5
arschgeburt	off 1.0		neg 0.48469621105480415 off 0.4717167719480672 __DUMMY__ 0.04358701699712879	false	0.5
schubs	neg 1.0	neg 1.0	neg 0.7360674073003578 off 0.24237743168098966 __DUMMY__ 0.021555161018652555	false	1.0
unsolide	neg 1.0		neg 0.5012082500011942 off 0.45512065028127613 __DUMMY__ 0.04367109971752973	false	1.0
beschwerde	neg 1.0		neg 0.5036442947897836 off 0.45203934185013145 __DUMMY__ 0.044316363360084966	false	1.0
stocken	neg 1.0		neg 0.5019253596104413 off 0.45351070264945736 __DUMMY__ 0.04456393774010127	false	1.0
isolieren	neg 1.0		neg 0.49841122595828596 off 0.4568946807128452 __DUMMY__ 0.04469409332886891	false	1.0
unheilbar	neg 1.0		neg 0.49812538856569943 off 0.45732682931106017 __DUMMY__ 0.04454778212324034	false	1.0
pisser	off 1.0		neg 0.4927253485798996 off 0.4632123326098421 __DUMMY__ 0.04406231881025815	false	0.5
löschen	neg 1.0		neg 0.4987128494531388 off 0.45686886868771887 __DUMMY__ 0.044418281859142386	false	1.0
durchfallen	neg 1.0		neg 0.5035868367166042 off 0.45192924931564477 __DUMMY__ 0.044483913967750865	false	1.0
wichser	off 1.0		neg 0.4862344576526449 off 0.46982539992257927 __DUMMY__ 0.04394014242477594	false	0.5
terror	neg 1.0		neg 0.49485153402346377 off 0.4606402790462244 __DUMMY__ 0.04450818693031191	false	1.0
krass	neg 1.0		neg 0.4911903756347851 off 0.4645602099237025 __DUMMY__ 0.044249414441512355	false	1.0
revolte	neg 1.0	neg 1.0	neg 0.7363474273992625 off 0.24255976544745508 __DUMMY__ 0.021092807153282402	false	1.0
besorgt	neg 1.0		neg 0.499061959425653 off 0.4561565931183302 __DUMMY__ 0.04478144745601674	false	1.0
nachlassen	neg 1.0		neg 0.4995730248251179 off 0.4556888256473109 __DUMMY__ 0.04473814952757124	false	1.0
alt	neg 1.0		neg 0.501932845149314 off 0.4533407415760152 __DUMMY__ 0.044726413274670765	false	1.0
hundesohn	off 1.0		neg 0.4887420289924681 off 0.46750499671438633 __DUMMY__ 0.04375297429314541	false	0.5
als			neg 0.501273256373973 off 0.4540941586771649 __DUMMY__ 0.044632584948862124	false	0.0
abschreckung	neg 1.0		neg 0.5058220044130881 off 0.4497085044598694 __DUMMY__ 0.0444694911270425	false	1.0
unqualifiziert	neg 1.0		neg 0.49895087093325385 off 0.45680060779422277 __DUMMY__ 0.044248521272523426	false	1.0
abgewichst	off 1.0		neg 0.5006552584639435 off 0.454888857667073 __DUMMY__ 0.04445588386898342	false	0.5
schwer	neg 1.0		neg 0.49961818066818103 off 0.45580555752130264 __DUMMY__ 0.044576261810516236	false	1.0
bedeutungslosigkeit	neg 1.0		neg 0.5056058902657502 off 0.4499797186670846 __DUMMY__ 0.0444143910671652	false	1.0
kapitulation	neg 1.0		neg 0.5053122782463373 off 0.45053703866727013 __DUMMY__ 0.04415068308639255	false	1.0
unscharf	neg 1.0		neg 0.4960537030500397 off 0.45948713337557 __DUMMY__ 0.04445916357439023	false	1.0
schwinden	neg 1.0		neg 0.5027003857337361 off 0.45263459442867643 __DUMMY__ 0.04466501983758731	false	1.0
versklavung	neg 1.0		neg 0.5011951952073121 off 0.4546955717888093 __DUMMY__ 0.04410923300387851	false	1.0
schlecht	neg 1.0		neg 0.4934638313347132 off 0.4621240203745493 __DUMMY__ 0.0444121482907376	false	1.0
verhasst	neg 1.0		neg 0.5009537199481695 off 0.45475089601775 __DUMMY__ 0.04429538403408054	false	1.0
beschweren	neg 1.0		neg 0.49772830989367867 off 0.4577627889024022 __DUMMY__ 0.044508901203919	false	1.0
scheiden	neg 1.0		neg 0.49990315163162286 off 0.45557649598045286 __DUMMY__ 0.044520352387924234	false	1.0
frustriert	neg 1.0		neg 0.5010081750466089 off 0.4544474542772781 __DUMMY__ 0.04454437067611314	false	1.0
schimmelig	neg 1.0		neg 0.5026712922887262 off 0.4528110364367593 __DUMMY__ 0.044517671274514455	false	1.0
fisch	neg 1.0		neg 0.501992796643043 off 0.4534575160572823 __DUMMY__ 0.04454968729967474	false	1.0
schmuggel	neg 1.0		neg 0.5022216945067522 off 0.4529958844446879 __DUMMY__ 0.04478242104855976	false	1.0
auffallen	neg 1.0		neg 0.4976384012331387 off 0.45790864971730333 __DUMMY__ 0.04445294904955807	false	1.0
konkurrenz	neg 1.0		neg 0.5049789930464534 off 0.45040184213666806 __DUMMY__ 0.04461916481687857	false	1.0
teufelskreis	neg 1.0		neg 0.5011406082864512 off 0.4543753626812918 __DUMMY__ 0.04448402903225686	false	1.0
aufschreien	neg 1.0		neg 0.4988226901286533 off 0.45686175094589326 __DUMMY__ 0.04431555892545328	false	1.0
schuldner	neg 1.0		neg 0.5044275232001082 off 0.4511762839040405 __DUMMY__ 0.04439619289585128	false	1.0
missgeburt	off 1.0	off 1.0	off 0.7175607284615011 neg 0.2613691326001658 __DUMMY__ 0.021070138938333084	false	1.0
arbeitslos	neg 1.0		neg 0.5031000082994611 off 0.45248890200031966 __DUMMY__ 0.04441108970021917	false	1.0
befallen	neg 1.0		neg 0.502912054682417 off 0.45275898679580606 __DUMMY__ 0.04432895852177695	false	1.0
miesepetrig	off 1.0		neg 0.4923550742535136 off 0.4630937466713832 __DUMMY__ 0.044551179075103295	false	0.5
alarmieren	neg 1.0		neg 0.4962278144489266 off 0.4595942438390236 __DUMMY__ 0.044177941712049716	false	1.0
ungeduscht	off 1.0		neg 0.4960113997726137 off 0.4595300486082616 __DUMMY__ 0.044458551619124716	false	0.5
knappheit	neg 1.0		neg 0.502397993332971 off 0.45318683096190976 __DUMMY__ 0.044415175705119235	false	1.0
schlange	neg 1.0		neg 0.4967335051001053 off 0.45862829913837677 __DUMMY__ 0.04463819576151784	false	1.0
harsch	neg 1.0		neg 0.48672532054639855 off 0.46893391806406026 __DUMMY__ 0.044340761389541225	false	1.0
lang	neg 1.0		neg 0.4977918686913301 off 0.4577008520606106 __DUMMY__ 0.04450727924805937	false	1.0
ziellos	neg 1.0		neg 0.5019502802696039 off 0.45344319518849535 __DUMMY__ 0.04460652454190086	false	1.0
selbstverliebt	neg 1.0		neg 0.487166924765058 off 0.4691573307065278 __DUMMY__ 0.04367574452841412	false	1.0
beseitigen	neg 1.0		neg 0.49791690964787977 off 0.45754614437120433 __DUMMY__ 0.04453694598091576	false	1.0
dumm	off 1.0		neg 0.48965601868757785 off 0.46627415985561993 __DUMMY__ 0.04406982145680228	false	0.5
arbeitsloser	neg 1.0		neg 0.5039094437659851 off 0.4516608455082037 __DUMMY__ 0.04442971072581123	false	1.0
blitzen	neg 1.0		neg 0.49575197312399977 off 0.4598521104310837 __DUMMY__ 0.04439591644491659	false	1.0
hilflos	neg 1.0		neg 0.5011793929607123 off 0.4542492208656417 __DUMMY__ 0.044571386173646144	false	1.0
eklig	off 1.0		neg 0.4892535110567814 off 0.46676030865750606 __DUMMY__ 0.04398618028571261	false	0.5
begriff			neg 0.5015099113394247 off 0.4540143034779633 __DUMMY__ 0.04447578518261207	false	0.0
hungersnot	neg 1.0		neg 0.5025234617325732 off 0.45333615308264436 __DUMMY__ 0.04414038518478242	false	1.0
ungesetzlich	neg 1.0		neg 0.5008531680141534 off 0.45516315707449717 __DUMMY__ 0.04398367491134946	false	1.0
verschwendung	neg 1.0		neg 0.5039987421110207 off 0.45140229500407764 __DUMMY__ 0.044598962884901616	false	1.0
schmerzvoll	neg 1.0		neg 0.4975870725370706 off 0.45789013616153 __DUMMY__ 0.044522791301399245	false	1.0
vorzeitig	neg 1.0		neg 0.4945793965622037 off 0.46111509912544346 __DUMMY__ 0.044305504312352965	false	1.0
unvollkommenheit	neg 1.0		neg 0.49880289816668977 off 0.45667877951021424 __DUMMY__ 0.04451832232309596	false	1.0
intervenieren	neg 1.0		neg 0.5053168088130784 off 0.4503425467598966 __DUMMY__ 0.04434064442702496	false	1.0
banause	off 1.0		neg 0.4876358209481509 off 0.4684054071162861 __DUMMY__ 0.04395877193556297	false	0.5
rebell	neg 1.0		neg 0.5038579489020776 off 0.4514484931557265 __DUMMY__ 0.04469355794219594	false	1.0
unlogisch	neg 1.0		neg 0.4933108896220925 off 0.4625508961905715 __DUMMY__ 0.044138214187336045	false	1.0
leiden	neg 1.0	neg 1.0	neg 0.7352017029288418 off 0.2429675744919913 __DUMMY__ 0.021830722579166878	false	1.0
abschaffung	neg 1.0		neg 0.5004944293286205 off 0.4552791899303816 __DUMMY__ 0.04422638074099789	false	1.0
sturz	neg 1.0		neg 0.4994538171745903 off 0.45629525034888285 __DUMMY__ 0.04425093247652687	false	1.0
verkleinerung	neg 1.0		neg 0.49893691953869057 off 0.4570680383917087 __DUMMY__ 0.04399504206960087	false	1.0
schmarotzer	off 1.0		neg 0.5042192952480425 off 0.4514446134213991 __DUMMY__ 0.04433609133055835	false	0.5
bestrafung	neg 1.0		neg 0.49862198875166047 off 0.45693996970911716 __DUMMY__ 0.04443804153922239	false	1.0
achtlos	neg 1.0		neg 0.499144104148378 off 0.4562275944853184 __DUMMY__ 0.04462830136630362	false	1.0
ungeheuer	neg 1.0		neg 0.497274217362791 off 0.4582937279247446 __DUMMY__ 0.04443205471246447	false	1.0
unaufrichtig	neg 1.0		neg 0.49799166693066377 off 0.45779554615996937 __DUMMY__ 0.04421278690936685	false	1.0
groggy	neg 1.0		neg 0.49651044123662413 off 0.45914432101274727 __DUMMY__ 0.044345237750628576	false	1.0
