unsolidarisch	neg 1.0		neg 0.5221751435300852 off 0.47031175219432986 __DUMMY__ 0.0075131042755848185	false	1.0
nachteilig	neg 1.0		neg 0.522152484566862 off 0.47025156757200254 __DUMMY__ 0.007595947861135379	false	1.0
skeptisch	neg 1.0		neg 0.5241615584042814 off 0.4682149256211276 __DUMMY__ 0.007623515974590917	false	1.0
schrecklich	neg 1.0		neg 0.5106534824268781 off 0.4817898492750356 __DUMMY__ 0.007556668298086332	false	1.0
schlapp	neg 1.0		neg 0.5129478085175804 off 0.47943859056073634 __DUMMY__ 0.007613600921683167	false	1.0
abfall	neg 1.0		neg 0.5253125533511714 off 0.4670487375384514 __DUMMY__ 0.007638709110377121	false	1.0
widerspenstig	neg 1.0		neg 0.5172213921945196 off 0.4751387692927491 __DUMMY__ 0.007639838512731333	false	1.0
abrupt	neg 1.0		neg 0.5177488239073184 off 0.47459090310487934 __DUMMY__ 0.007660272987802249	false	1.0
unwirksam	neg 1.0		neg 0.5216086967101745 off 0.4708709679959772 __DUMMY__ 0.007520335293848136	false	1.0
angreifen	neg 1.0		neg 0.5235125143061614 off 0.4688844257149869 __DUMMY__ 0.007603059978851805	false	1.0
inkonsistent	neg 1.0		neg 0.5165049369189659 off 0.47591124884308195 __DUMMY__ 0.007583814237952216	false	1.0
abrutschen	neg 1.0		neg 0.5247873680993269 off 0.4675650007372288 __DUMMY__ 0.007647631163444306	false	1.0
unsicher	neg 1.0		neg 0.5185246709542755 off 0.4738623287633974 __DUMMY__ 0.00761300028232703	false	1.0
bauernkind	off 1.0		neg 0.5093395293941999 off 0.48316669586561223 __DUMMY__ 0.007493774740187808	false	0.5
angreifer	neg 1.0		neg 0.5169927099714301 off 0.4754537861148135 __DUMMY__ 0.007553503913756496	false	1.0
trennen	neg 1.0		neg 0.5213108573347273 off 0.4710245831282357 __DUMMY__ 0.007664559537037045	false	1.0
schmutz	neg 1.0		neg 0.5104484062468277 off 0.4819112973043305 __DUMMY__ 0.007640296448841667	false	1.0
inkonsistenz	neg 1.0	neg 1.0	neg 0.7443592753013824 off 0.25201495567318877 __DUMMY__ 0.003625769025428868	false	1.0
erschreckend	neg 1.0		neg 0.5207551275699915 off 0.4716491796703878 __DUMMY__ 0.007595692759620781	false	1.0
ertrinken	neg 1.0		neg 0.5206893403340113 off 0.47166490381024834 __DUMMY__ 0.007645755855740392	false	1.0
pickelface	off 1.0		neg 0.5192095729758129 off 0.4732233932804865 __DUMMY__ 0.007567033743700574	false	0.5
seiner			neg 0.5230894175351014 off 0.46929387689727275 __DUMMY__ 0.007616705567625869	false	0.0
lauch	neg 1.0		neg 0.5238016556842717 off 0.4685659517681653 __DUMMY__ 0.007632392547563093	false	1.0
unwichtig	neg 1.0		neg 0.5147350922725701 off 0.47768748177403725 __DUMMY__ 0.007577425953392624	false	1.0
steuerhinterziehung	neg 1.0		neg 0.522296182503338 off 0.4701619198755971 __DUMMY__ 0.007541897621064864	false	1.0
schock	neg 1.0		neg 0.5182042932643856 off 0.4741400913847624 __DUMMY__ 0.007655615350852035	false	1.0
beule	neg 1.0		neg 0.5120442687998794 off 0.4803567485012085 __DUMMY__ 0.007598982698911992	false	1.0
vergelten	neg 1.0		neg 0.5102230661956999 off 0.4822534700041335 __DUMMY__ 0.007523463800166679	false	1.0
verdorbenheit	neg 1.0		neg 0.5164364657898646 off 0.4759472536781759 __DUMMY__ 0.0076162805319595055	false	1.0
trauma	neg 1.0		neg 0.517054942919158 off 0.47535235235833334 __DUMMY__ 0.00759270472250852	false	1.0
sinnlos	neg 1.0		neg 0.5167496186759457 off 0.4756560505172649 __DUMMY__ 0.007594330806789558	false	1.0
fettsack	off 1.0	off 1.0	off 0.7260198572048528 neg 0.270375048745222 __DUMMY__ 0.0036050940499251167	false	1.0
feige	off 1.0		neg 0.5161642395077924 off 0.47627933187436394 __DUMMY__ 0.007556428617843573	false	0.5
abdanken	neg 1.0		neg 0.5235115419734632 off 0.46897395176614565 __DUMMY__ 0.007514506260391391	false	1.0
wichtigtuer	off 1.0	off 1.0	off 0.7212422133092806 neg 0.2751289383311487 __DUMMY__ 0.003628848359570507	false	1.0
misslingen	neg 1.0		neg 0.5138806795997659 off 0.47847392715830417 __DUMMY__ 0.007645393241929954	false	1.0
untreu	off 1.0		neg 0.513850614262414 off 0.4785728563152597 __DUMMY__ 0.007576529422326239	false	0.5
missmutig	neg 1.0		neg 0.5138481143837292 off 0.47854132519825715 __DUMMY__ 0.007610560418013694	false	1.0
hurenbock	off 1.0		neg 0.51484689252788 off 0.477514262234225 __DUMMY__ 0.007638845237895147	false	0.5
betrunken	neg 1.0		neg 0.511370095626307 off 0.4810401184611834 __DUMMY__ 0.007589785912509685	false	1.0
korrupt	off 1.0		neg 0.5238565971866928 off 0.46859903891162524 __DUMMY__ 0.007544363901682005	false	0.5
unmut	neg 1.0		neg 0.5254949699409058 off 0.4668880170842861 __DUMMY__ 0.007617012974807956	false	1.0
hackfresse	off 1.0		neg 0.5075979979164116 off 0.4848676966685312 __DUMMY__ 0.0075343054150573	false	0.5
aufblasen	neg 1.0		neg 0.5160406327340102 off 0.4763317790812827 __DUMMY__ 0.007627588184707097	false	1.0
gewaltsam	neg 1.0		neg 0.5192880273849283 off 0.47315561051633553 __DUMMY__ 0.007556362098736219	false	1.0
unbeliebtheit	neg 1.0		neg 0.5155825684316632 off 0.4769250827664615 __DUMMY__ 0.007492348801875209	false	1.0
sturheit	neg 1.0		neg 0.5211197105773147 off 0.471299422619817 __DUMMY__ 0.007580866802868276	false	1.0
kuh	neg 1.0		neg 0.517679272435063 off 0.4747468319699759 __DUMMY__ 0.007573895594961057	false	1.0
erschrecken	neg 1.0		neg 0.5148395301643636 off 0.4775608059607319 __DUMMY__ 0.007599663874904471	false	1.0
opfer	neg 1.0		neg 0.5224779522541947 off 0.46991118970811446 __DUMMY__ 0.007610858037690912	false	1.0
sinken	neg 1.0		neg 0.5245170356753617 off 0.4678656761358716 __DUMMY__ 0.007617288188766589	false	1.0
stinktier	neg 1.0		neg 0.5113524481453364 off 0.4811199868426188 __DUMMY__ 0.007527565012044753	false	1.0
tucke	off 1.0		neg 0.5060072964205127 off 0.48644377773064007 __DUMMY__ 0.007548925848847152	false	0.5
ein			neg 0.5162615517908354 off 0.47609651867903346 __DUMMY__ 0.007641929530131054	false	0.0
abstieg	neg 1.0		neg 0.521816123016994 off 0.4706068654505379 __DUMMY__ 0.007577011532468119	false	1.0
missverstehen	neg 1.0		neg 0.5184560533502252 off 0.4739819883041217 __DUMMY__ 0.00756195834565307	false	1.0
ergebnislos	neg 1.0		neg 0.5220208343930968 off 0.47039285054421187 __DUMMY__ 0.007586315062691354	false	1.0
unter			neg 0.5262366720529041 off 0.46605632555235893 __DUMMY__ 0.007707002394736946	false	0.0
manipulieren	neg 1.0		neg 0.5226044359149553 off 0.469773755660477 __DUMMY__ 0.007621808424567722	false	1.0
unbewiesen	neg 1.0		neg 0.522515750420929 off 0.46997348727939264 __DUMMY__ 0.0075107622996783965	false	1.0
verschleppen	neg 1.0		neg 0.5216433545398984 off 0.4707618238193184 __DUMMY__ 0.007594821640783215	false	1.0
weib	off 1.0		neg 0.5065472527110397 off 0.48593094795445374 __DUMMY__ 0.007521799334506353	false	0.5
opposition	neg 1.0		neg 0.5190452518563032 off 0.47341306795238847 __DUMMY__ 0.007541680191308266	false	1.0
verkehrswidrig	neg 1.0		neg 0.507014806613947 off 0.4854005034457279 __DUMMY__ 0.007584689940325124	false	1.0
inkorrekt	neg 1.0		neg 0.5162625830224622 off 0.47622353108997945 __DUMMY__ 0.007513885887558426	false	1.0
vermeiden	neg 1.0		neg 0.5246800416767091 off 0.46764259132969294 __DUMMY__ 0.007677366993597869	false	1.0
abweichung	neg 1.0		neg 0.5239647538889154 off 0.4684898279888916 __DUMMY__ 0.007545418122192983	false	1.0
alkoholisiert	neg 1.0		neg 0.5180322656101188 off 0.4743108772305309 __DUMMY__ 0.007656857159350228	false	1.0
scheiss	off 1.0	off 1.0	off 0.7247460509235663 neg 0.2716148690165512 __DUMMY__ 0.0036390800598825484	false	1.0
herausforderung	neg 1.0		neg 0.5187023268634918 off 0.4736342629491549 __DUMMY__ 0.00766341018735322	false	1.0
pervers	off 1.0		neg 0.5044576962176488 off 0.4880420240022268 __DUMMY__ 0.007500279780124342	false	0.5
wackelig	neg 1.0		neg 0.5181504533008815 off 0.47417633777337664 __DUMMY__ 0.007673208925741992	false	1.0
verwickeln	neg 1.0		neg 0.5180719942595058 off 0.4743510985950747 __DUMMY__ 0.007576907145419664	false	1.0
vorwand	neg 1.0		neg 0.525182518459417 off 0.4672142095648698 __DUMMY__ 0.007603271975713294	false	1.0
muschi	off 1.0		neg 0.5197306137408458 off 0.47270153445649016 __DUMMY__ 0.007567851802663928	false	0.5
entmutigung	neg 1.0		neg 0.5203507345079517 off 0.47215461658583785 __DUMMY__ 0.007494648906210469	false	1.0
unangemessen	neg 1.0		neg 0.5232680178880691 off 0.46916509627805936 __DUMMY__ 0.007566885833871561	false	1.0
unstetig	neg 1.0		neg 0.5152248880332438 off 0.47720250086257104 __DUMMY__ 0.00757261110418506	false	1.0
entmutigen	neg 1.0		neg 0.5167819055721858 off 0.47560165963636064 __DUMMY__ 0.0076164347914534705	false	1.0
schwanz	neg 1.0		neg 0.5209860760899905 off 0.4714177889990738 __DUMMY__ 0.007596134910935843	false	1.0
verbot	neg 1.0		neg 0.5232579533541047 off 0.46919758445233933 __DUMMY__ 0.007544462193556126	false	1.0
leid	neg 1.0		neg 0.5091609032935009 off 0.4832918563025449 __DUMMY__ 0.007547240403954218	false	1.0
archaisch	neg 1.0		neg 0.5217505952085878 off 0.4706666307219571 __DUMMY__ 0.007582774069455071	false	1.0
gegen			neg 0.5258100713634327 off 0.4666083829922277 __DUMMY__ 0.0075815456443396045	false	0.0
scheidung	neg 1.0	neg 1.0	neg 0.7320005511334714 off 0.2643903768396998 __DUMMY__ 0.0036090720268288057	false	1.0
einschlag	neg 1.0		neg 0.5111632785579726 off 0.4813141343794856 __DUMMY__ 0.007522587062541685	false	1.0
m			neg 0.5188244955979446 off 0.4735454994527494 __DUMMY__ 0.007630004949305961	false	0.0
abgestanden	neg 1.0		neg 0.5167888881657114 off 0.47557762939271575 __DUMMY__ 0.007633482441572747	false	1.0
schmierig	off 1.0		neg 0.5094912806987603 off 0.4829412850856813 __DUMMY__ 0.007567434215558402	false	0.5
unpraktisch	neg 1.0		neg 0.515869986103957 off 0.47649831137643717 __DUMMY__ 0.007631702519605994	false	1.0
wixxer	off 1.0		neg 0.5047567590519465 off 0.4877551995371616 __DUMMY__ 0.007488041410891724	false	0.5
bezeichnet			neg 0.5211065333302584 off 0.4713209575975254 __DUMMY__ 0.007572509072216331	false	0.0
jammerlappen	off 1.0		neg 0.5147094446760492 off 0.4777112861074148 __DUMMY__ 0.007579269216536092	false	0.5
farce	neg 1.0		neg 0.5239125307133651 off 0.4685696221001262 __DUMMY__ 0.007517847186508695	false	1.0
zwecklos	neg 1.0		neg 0.522858666854298 off 0.4695578729682431 __DUMMY__ 0.007583460177458811	false	1.0
turbulent	neg 1.0		neg 0.5115443052558905 off 0.4809145126682953 __DUMMY__ 0.007541182075814245	false	1.0
invasion	neg 1.0		neg 0.514770497978028 off 0.47762444093520845 __DUMMY__ 0.007605061086763436	false	1.0
schuld	neg 1.0		neg 0.5187372267129483 off 0.47367648605506496 __DUMMY__ 0.007586287231986737	false	1.0
risiko	neg 1.0		neg 0.5134883293491717 off 0.47888760287654836 __DUMMY__ 0.007624067774280112	false	1.0
finster	neg 1.0		neg 0.5168148046363181 off 0.4755539306268282 __DUMMY__ 0.007631264736853451	false	1.0
geisteskrank	off 1.0		neg 0.5149883390802753 off 0.4774799691586305 __DUMMY__ 0.00753169176109418	false	0.5
zusammenbrechen	neg 1.0		neg 0.5193937921183183 off 0.4729787397056896 __DUMMY__ 0.007627468175992356	false	1.0
ausbeute	neg 1.0		neg 0.5197489721996652 off 0.4726076184373191 __DUMMY__ 0.007643409363015944	false	1.0
hinterhalt	neg 1.0		neg 0.517215515402476 off 0.47518655171004776 __DUMMY__ 0.00759793288747615	false	1.0
kritik	neg 1.0		neg 0.5230132343369528 off 0.4694503133002808 __DUMMY__ 0.007536452362766333	false	1.0
einschrumpfen	neg 1.0		neg 0.5169162378497489 off 0.47554814228869147 __DUMMY__ 0.007535619861559666	false	1.0
riskant	neg 1.0		neg 0.5226980542258296 off 0.4696859936399294 __DUMMY__ 0.00761595213424092	false	1.0
frustrieren	neg 1.0		neg 0.5229512248129231 off 0.4694379930717192 __DUMMY__ 0.007610782115357693	false	1.0
groll	neg 1.0		neg 0.5221175335161502 off 0.47029020659381426 __DUMMY__ 0.007592259890035489	false	1.0
gibt			neg 0.5207501572433063 off 0.47163990349667656 __DUMMY__ 0.0076099392600172235	false	0.0
qualvoll	neg 1.0		neg 0.515306240949313 off 0.4770786027282409 __DUMMY__ 0.00761515632244612	false	1.0
wackeln	neg 1.0		neg 0.5161040938800501 off 0.4762541646723129 __DUMMY__ 0.007641741447637081	false	1.0
klagen	neg 1.0		neg 0.5258118690419051 off 0.46659556286843445 __DUMMY__ 0.0075925680896603304	false	1.0
bankrott	neg 1.0		neg 0.5133626995633832 off 0.47904296291277626 __DUMMY__ 0.00759433752384048	false	1.0
trauern	neg 1.0		neg 0.5222562098981272 off 0.47012707491742806 __DUMMY__ 0.007616715184444762	false	1.0
ablehnung	neg 1.0	neg 1.0	neg 0.7473500771326795 off 0.24902921265903888 __DUMMY__ 0.0036207102082816095	false	1.0
stur	neg 1.0		neg 0.5181357126733634 off 0.4742751995594268 __DUMMY__ 0.007589087767209754	false	1.0
aufruhr	neg 1.0		neg 0.5201758243458166 off 0.4722730557112967 __DUMMY__ 0.007551119942886695	false	1.0
melancholie	neg 1.0		neg 0.5186773005851744 off 0.4736647814719137 __DUMMY__ 0.007657917942911884	false	1.0
ist			neg 0.5176948033220866 off 0.47471340905910464 __DUMMY__ 0.007591787618808783	false	0.0
torheit	neg 1.0		neg 0.5208583618647962 off 0.4716161886703689 __DUMMY__ 0.007525449464834867	false	1.0
dreckskind	off 1.0		neg 0.5108277823880509 off 0.48168250744123314 __DUMMY__ 0.007489710170715964	false	0.5
umtauschen	neg 1.0		neg 0.5176202639751994 off 0.474746798259352 __DUMMY__ 0.007632937765448577	false	1.0
zum			neg 0.5234363432090053 off 0.46886969358059666 __DUMMY__ 0.007693963210397892	false	0.0
zersetzen	neg 1.0		neg 0.5240706583379494 off 0.4683215880520916 __DUMMY__ 0.007607753609959051	false	1.0
zur			neg 0.5270611716352455 off 0.4653133577782462 __DUMMY__ 0.007625470586508454	false	0.0
frust	neg 1.0		neg 0.5202548440164655 off 0.4721281398657642 __DUMMY__ 0.007617016117770379	false	1.0
unerbittlichkeit	neg 1.0		neg 0.5231786757118588 off 0.46921752378167225 __DUMMY__ 0.007603800506468842	false	1.0
zwei			neg 0.5223557176514391 off 0.4699698574025922 __DUMMY__ 0.007674424945968833	false	0.0
unkorrekt	neg 1.0		neg 0.5152747701189541 off 0.4772090311439621 __DUMMY__ 0.007516198737083842	false	1.0
hexe	off 1.0		neg 0.5132674742803746 off 0.4791477824374117 __DUMMY__ 0.007584743282213732	false	0.5
lasch	neg 1.0		neg 0.5169954523510791 off 0.47544299152771574 __DUMMY__ 0.007561556121205054	false	1.0
rivale	neg 1.0		neg 0.5110775437791166 off 0.4813876658776191 __DUMMY__ 0.007534790343264322	false	1.0
mutlos	off 1.0	off 1.0	off 0.7187443231909735 neg 0.27761592290296894 __DUMMY__ 0.0036397539060575895	false	1.0
wirr	off 1.0		neg 0.5126932710527077 off 0.4797797408791661 __DUMMY__ 0.007526988068126365	false	0.5
jahr			neg 0.5205394832179998 off 0.4718048168018083 __DUMMY__ 0.0076556999801918515	false	0.0
wird			neg 0.522024263399355 off 0.47036113944140556 __DUMMY__ 0.007614597159239493	false	0.0
strafbar	neg 1.0		neg 0.5247965057813841 off 0.4676372333639209 __DUMMY__ 0.007566260854694937	false	1.0
erosion	neg 1.0		neg 0.5159573680422498 off 0.4764233990250087 __DUMMY__ 0.0076192329327415195	false	1.0
eingehen	neg 1.0		neg 0.5226501161570648 off 0.4697546645922115 __DUMMY__ 0.007595219250723808	false	1.0
faul	off 1.0		neg 0.5132313654947094 off 0.4791551245568431 __DUMMY__ 0.00761350994844758	false	0.5
provisorium	neg 1.0		neg 0.5274511648288776 off 0.4648559272628035 __DUMMY__ 0.007692907908318991	false	1.0
schmerzen	neg 1.0		neg 0.5185904304101037 off 0.4737784972524651 __DUMMY__ 0.007631072337431306	false	1.0
schrumpfen	neg 1.0		neg 0.5263168317195954 off 0.46603658003622034 __DUMMY__ 0.007646588244184375	false	1.0
geistlos	off 1.0		neg 0.5194295198909591 off 0.47305285124764596 __DUMMY__ 0.007517628861394967	false	0.5
fehlkauf	neg 1.0		neg 0.516744651395053 off 0.4756859150735876 __DUMMY__ 0.007569433531359335	false	1.0
frustrierend	neg 1.0		neg 0.5152876000191522 off 0.4771193683373091 __DUMMY__ 0.0075930316435387215	false	1.0
unzufrieden	neg 1.0		neg 0.521974331826165 off 0.4704254807079157 __DUMMY__ 0.007600187465919332	false	1.0
verzweifeln	neg 1.0		neg 0.5190117911366084 off 0.47337114756899523 __DUMMY__ 0.00761706129439645	false	1.0
verzweifelt	neg 1.0		neg 0.518087932223199 off 0.47431983616397705 __DUMMY__ 0.007592231612823823	false	1.0
misstrauensantrag	neg 1.0		neg 0.5179544491301604 off 0.47449927481839554 __DUMMY__ 0.007546276051444039	false	1.0
abfallen	neg 1.0		neg 0.5150492583332851 off 0.4772933692853761 __DUMMY__ 0.00765737238133892	false	1.0
fucker	off 1.0		neg 0.5123006881326688 off 0.48015632424607296 __DUMMY__ 0.007542987621258155	false	0.5
ungezogen	neg 1.0		neg 0.5058182474039731 off 0.48664998717332136 __DUMMY__ 0.007531765422705567	false	1.0
irrsinnig	neg 1.0	neg 1.0	neg 0.7454698606439061 off 0.25089229448605693 __DUMMY__ 0.0036378448700370033	false	1.0
unfassbar	neg 1.0		neg 0.5139367694533781 off 0.4784820832952106 __DUMMY__ 0.0075811472514113075	false	1.0
hart	neg 1.0		neg 0.5144855238294405 off 0.47795642242021724 __DUMMY__ 0.007558053750342224	false	1.0
widerlich	off 1.0		neg 0.5143052345267641 off 0.47814104351949094 __DUMMY__ 0.007553721953744788	false	0.5
fatal	neg 1.0		neg 0.5165308312356683 off 0.47589195852267385 __DUMMY__ 0.007577210241657761	false	1.0
bruch	neg 1.0		neg 0.5269901185655855 off 0.4654305238853639 __DUMMY__ 0.007579357549050503	false	1.0
aushungern	neg 1.0		neg 0.5209471792748003 off 0.47150622399301295 __DUMMY__ 0.0075465967321867574	false	1.0
anspannung	neg 1.0		neg 0.5234139716517551 off 0.4689157438152721 __DUMMY__ 0.007670284532972872	false	1.0
von			neg 0.522568649889667 off 0.46979136832793994 __DUMMY__ 0.007639981782392985	false	0.0
kraftlos	neg 1.0		neg 0.5189488544523879 off 0.47338583053573946 __DUMMY__ 0.007665315011872519	false	1.0
vom			neg 0.5264181987415035 off 0.4658935288860825 __DUMMY__ 0.00768827237241388	false	0.0
grenzdebil	off 1.0		neg 0.5125902843140667 off 0.4798270667399271 __DUMMY__ 0.007582648946006102	false	0.5
vor			neg 0.5235822525343675 off 0.46877211119846274 __DUMMY__ 0.007645636267169689	false	0.0
unterwerfen	neg 1.0		neg 0.5228111188725332 off 0.4695907459151953 __DUMMY__ 0.007598135212271701	false	1.0
versenkung	neg 1.0		neg 0.5230918933054155 off 0.4693009106053191 __DUMMY__ 0.007607196089265406	false	1.0
entziehen	neg 1.0		neg 0.5255602356903585 off 0.46683080150423506 __DUMMY__ 0.007608962805406419	false	1.0
finanzkrise	neg 1.0		neg 0.5213540966645691 off 0.4711016031275284 __DUMMY__ 0.007544300207902384	false	1.0
schimpfend	neg 1.0		neg 0.5134926479945789 off 0.47884011848901215 __DUMMY__ 0.007667233516408939	false	1.0
profan	neg 1.0		neg 0.5166946546150292 off 0.4757101434016647 __DUMMY__ 0.007595201983306255	false	1.0
korruption	neg 1.0		neg 0.5236357248852109 off 0.4688183758996197 __DUMMY__ 0.007545899215169228	false	1.0
â			neg 0.520142758979255 off 0.47223213882381826 __DUMMY__ 0.007625102196926598	false	0.0
schmutzig	neg 1.0		neg 0.5115402841234681 off 0.48084469736588376 __DUMMY__ 0.007615018510648187	false	1.0
sexy	neg 1.0		neg 0.514440504076067 off 0.4779724251798329 __DUMMY__ 0.00758707074410015	false	1.0
abraten	neg 1.0		neg 0.5171239938727737 off 0.475268038922596 __DUMMY__ 0.007607967204630245	false	1.0
schwarz	neg 1.0		neg 0.5173741610338954 off 0.47504462760143246 __DUMMY__ 0.007581211364672156	false	1.0
fotze	off 1.0		neg 0.521312991454816 off 0.47110778811978793 __DUMMY__ 0.007579220425396112	false	0.5
verwirren	neg 1.0		neg 0.516093592502945 off 0.47631733712345414 __DUMMY__ 0.0075890703736008445	false	1.0
zahnlos	off 1.0		neg 0.5229216329715661 off 0.469503301361834 __DUMMY__ 0.007575065666599842	false	0.5
verheeren	neg 1.0		neg 0.5049413001093049 off 0.48756379899292956 __DUMMY__ 0.007494900897765463	false	1.0
hippie	neg 1.0		neg 0.5149396028501486 off 0.4774779365287974 __DUMMY__ 0.007582460621053996	false	1.0
rammen	neg 1.0		neg 0.5158338990075356 off 0.47657766603496865 __DUMMY__ 0.007588434957495735	false	1.0
unlauter	neg 1.0	neg 1.0	neg 0.7450737476704831 off 0.251305573979431 __DUMMY__ 0.003620678350086057	false	1.0
unheilvoll	neg 1.0		neg 0.5159540781493246 off 0.47643569161083893 __DUMMY__ 0.007610230239836386	false	1.0
niedrig	neg 1.0		neg 0.5223729959586857 off 0.4700386520083178 __DUMMY__ 0.007588352032996636	false	1.0
explosion	neg 1.0		neg 0.5147901181581518 off 0.4776124825604794 __DUMMY__ 0.007597399281368899	false	1.0
weichei	off 1.0		neg 0.5089382854098041 off 0.483526310028352 __DUMMY__ 0.007535404561843867	false	0.5
minusmensch	off 1.0		neg 0.5076093609126988 off 0.48493864156720656 __DUMMY__ 0.007451997520094539	false	0.5
farblos	neg 1.0		neg 0.5172603792588244 off 0.4751426785379021 __DUMMY__ 0.0075969422032734985	false	1.0
unwissend	neg 1.0		neg 0.5148970376812377 off 0.4775404515933489 __DUMMY__ 0.007562510725413402	false	1.0
traurig	neg 1.0		neg 0.5105920061987671 off 0.4818268160454943 __DUMMY__ 0.007581177755738688	false	1.0
senkung	neg 1.0		neg 0.5158362531307802 off 0.4765877596819482 __DUMMY__ 0.00757598718727149	false	1.0
ungleich	neg 1.0	neg 1.0	neg 0.7479419220654752 off 0.2484165472164872 __DUMMY__ 0.003641530718037711	false	1.0
heikel	neg 1.0		neg 0.52422934611621 off 0.4681631895709268 __DUMMY__ 0.007607464312863223	false	1.0
drosselung	neg 1.0		neg 0.5102950070558832 off 0.4821280615497427 __DUMMY__ 0.007576931394374127	false	1.0
falsch	neg 1.0		neg 0.5153144557952201 off 0.4771049684403747 __DUMMY__ 0.007580575764405303	false	1.0
unzufriedenheit	neg 1.0		neg 0.5242881157251199 off 0.4681033287499307 __DUMMY__ 0.007608555524949287	false	1.0
kurz	neg 1.0		neg 0.5184790917296659 off 0.4738717665675081 __DUMMY__ 0.007649141702826076	false	1.0
unsinnig	neg 1.0		neg 0.5220007204220917 off 0.4704107432243931 __DUMMY__ 0.007588536353515305	false	1.0
penner	off 1.0	off 1.0	off 0.7275715376637099 neg 0.2688120732830524 __DUMMY__ 0.003616389053237733	false	1.0
seicht	neg 1.0		neg 0.5079689664216243 off 0.4845346349782881 __DUMMY__ 0.007496398600087583	false	1.0
dummheit	off 1.0	off 1.0	off 0.721796724337756 neg 0.27457289858037853 __DUMMY__ 0.003630377081865342	false	1.0
unerfreulich	neg 1.0		neg 0.5240196198875345 off 0.4683556551848651 __DUMMY__ 0.007624724927600356	false	1.0
motherfucker	off 1.0	off 1.0	off 0.7247606729011032 neg 0.27161883947726645 __DUMMY__ 0.0036204876216302056	false	1.0
pikiert	neg 1.0		neg 0.5152733049879205 off 0.4771632352669581 __DUMMY__ 0.007563459745121632	false	1.0
wrack	neg 1.0		neg 0.5208005016154827 off 0.47159309781111497 __DUMMY__ 0.0076064005734023275	false	1.0
gangster	neg 1.0		neg 0.5157198702596678 off 0.4766946640482676 __DUMMY__ 0.0075854656920644765	false	1.0
krank	neg 1.0		neg 0.5116319808958777 off 0.4807647100096504 __DUMMY__ 0.007603309094471988	false	1.0
reich	neg 1.0		neg 0.5167391045731397 off 0.47576407443538404 __DUMMY__ 0.007496820991476448	false	1.0
gnadenlos	neg 1.0		neg 0.5185177306386777 off 0.47389401628906686 __DUMMY__ 0.00758825307225543	false	1.0
niedergeschlagen	neg 1.0		neg 0.5193778219327602 off 0.4729976355086912 __DUMMY__ 0.007624542558548577	false	1.0
terrorisieren	off 1.0	off 1.0	off 0.7192232690144784 neg 0.27712094752458344 __DUMMY__ 0.0036557834609381194	false	1.0
sinnlosigkeit	neg 1.0		neg 0.5221663680346701 off 0.4702462390867682 __DUMMY__ 0.007587392878561718	false	1.0
behindern	neg 1.0		neg 0.517799523077729 off 0.4745773986015925 __DUMMY__ 0.007623078320678399	false	1.0
undemokratisch	neg 1.0		neg 0.5202501436849795 off 0.47221855041523775 __DUMMY__ 0.0075313058997828084	false	1.0
wirtschaftskrise	neg 1.0		neg 0.5223970032883656 off 0.4700327819864335 __DUMMY__ 0.007570214725200997	false	1.0
neid	neg 1.0		neg 0.5136597029446311 off 0.47871920144649494 __DUMMY__ 0.007621095608873982	false	1.0
rutschen	neg 1.0		neg 0.5218799705946953 off 0.4704022302827713 __DUMMY__ 0.0077177991225333455	false	1.0
rezession	neg 1.0		neg 0.5115021822123694 off 0.48098830666780246 __DUMMY__ 0.007509511119827993	false	1.0
fehlgeburt	neg 1.0		neg 0.5173362921684298 off 0.47505802356643984 __DUMMY__ 0.007605684265130439	false	1.0
charakterschwach	off 1.0		neg 0.5144928055035408 off 0.47795320693462073 __DUMMY__ 0.007553987561838343	false	0.5
isolation	neg 1.0		neg 0.5138507685351361 off 0.47857302603116203 __DUMMY__ 0.007576205433701919	false	1.0
ablenkung	neg 1.0		neg 0.5177874998937987 off 0.474594035735889 __DUMMY__ 0.007618464370312346	false	1.0
pech	neg 1.0		neg 0.5153157305429951 off 0.477087907374664 __DUMMY__ 0.007596362082340909	false	1.0
vermeidung	neg 1.0		neg 0.5107619892015545 off 0.4816423787947847 __DUMMY__ 0.0075956320036608665	false	1.0
dominieren	neg 1.0		neg 0.5214736630173956 off 0.47094950305234595 __DUMMY__ 0.0075768339302583814	false	1.0
schwindlig	neg 1.0		neg 0.5144258512596691 off 0.47794987885012313 __DUMMY__ 0.00762426989020776	false	1.0
lutscher	neg 1.0		neg 0.5068510230431967 off 0.4856512902833009 __DUMMY__ 0.00749768667350236	false	1.0
pflicht	neg 1.0		neg 0.5245403430750142 off 0.46785451057983146 __DUMMY__ 0.007605146345154366	false	1.0
faschist	off 1.0		neg 0.5188376523272279 off 0.47362799137997846 __DUMMY__ 0.007534356292793556	false	0.5
verschleudern	neg 1.0		neg 0.5234737575169822 off 0.4689609397589806 __DUMMY__ 0.00756530272403714	false	1.0
wenn			neg 0.5152700923587261 off 0.47714738996913403 __DUMMY__ 0.007582517672139783	false	0.0
ehebruch	neg 1.0		neg 0.5229343732263622 off 0.46948007075887677 __DUMMY__ 0.007585556014761058	false	1.0
spott	off 1.0		neg 0.5234741315179532 off 0.4689357185634575 __DUMMY__ 0.007590149918589321	false	0.5
trostlosigkeit	neg 1.0		neg 0.5259365787379493 off 0.4664953251875652 __DUMMY__ 0.007568096074485323	false	1.0
lutschen	neg 1.0		neg 0.5158763565217495 off 0.47657940744807337 __DUMMY__ 0.007544236030177163	false	1.0
undiszipliniert	neg 1.0		neg 0.5119021555165829 off 0.48052882031323835 __DUMMY__ 0.007569024170178617	false	1.0
kopfschmerz	neg 1.0		neg 0.5182549470971051 off 0.4741242404335848 __DUMMY__ 0.00762081246931022	false	1.0
unvorhergesehen	neg 1.0		neg 0.5181707131617981 off 0.47417065493181704 __DUMMY__ 0.007658631906384861	false	1.0
desinteressiert	neg 1.0		neg 0.5128986606872702 off 0.4795450531751738 __DUMMY__ 0.007556286137555921	false	1.0
armselig	off 1.0		neg 0.5124920135321299 off 0.4799666895489459 __DUMMY__ 0.007541296918924297	false	0.5
desaster	neg 1.0		neg 0.5277824593211166 off 0.4646439569090157 __DUMMY__ 0.007573583769867613	false	1.0
tod	neg 1.0		neg 0.5231979692379298 off 0.46922306107536643 __DUMMY__ 0.007578969686703946	false	1.0
herzlos	neg 1.0		neg 0.5100160256463397 off 0.4824082210326079 __DUMMY__ 0.007575753321052325	false	1.0
unwissenheit	neg 1.0		neg 0.5223157720658783 off 0.4701010728292945 __DUMMY__ 0.00758315510482727	false	1.0
widersinnig	neg 1.0		neg 0.5236955634452629 off 0.46877656810781687 __DUMMY__ 0.007527868446920141	false	1.0
bedenklich	neg 1.0		neg 0.5233165697376142 off 0.4690819719568643 __DUMMY__ 0.007601458305521489	false	1.0
beanstanden	neg 1.0		neg 0.5251273053371033 off 0.4672700030694072 __DUMMY__ 0.007602691593489666	false	1.0
panisch	neg 1.0	neg 1.0	neg 0.7426464437578864 off 0.2536749136565605 __DUMMY__ 0.003678642585553185	false	1.0
debil	off 1.0		neg 0.5263634202078088 off 0.46600033393664425 __DUMMY__ 0.007636245855546947	false	0.5
abstrich	neg 1.0		neg 0.5154745663395904 off 0.47687396491888556 __DUMMY__ 0.007651468741523871	false	1.0
primitiv	neg 1.0		neg 0.5139096857137995 off 0.47854170793518813 __DUMMY__ 0.007548606351012413	false	1.0
abschaum	off 1.0	off 1.0	off 0.7229480332101257 neg 0.2734294077867329 __DUMMY__ 0.003622559003141346	false	1.0
provozieren	neg 1.0		neg 0.5198373142741952 off 0.47258908666174115 __DUMMY__ 0.007573599064063532	false	1.0
tot	neg 1.0		neg 0.5200454906325985 off 0.4723660102918574 __DUMMY__ 0.0075884990755440375	false	1.0
instabil	neg 1.0		neg 0.5128050251920991 off 0.479689691745581 __DUMMY__ 0.007505283062319896	false	1.0
schwuchtel	off 1.0		neg 0.5033271700819596 off 0.4892283956936233 __DUMMY__ 0.00744443422441717	false	0.5
zerren	neg 1.0		neg 0.5198659098567252 off 0.4725140397942839 __DUMMY__ 0.0076200503489908325	false	1.0
kinderficker	off 1.0		neg 0.5110654941422682 off 0.4814195828684329 __DUMMY__ 0.0075149229892988835	false	0.5
gefahr	neg 1.0		neg 0.5236466002004352 off 0.46877309556153335 __DUMMY__ 0.0075803042380314	false	1.0
rabiat	neg 1.0		neg 0.5191356899774576 off 0.4732689251988343 __DUMMY__ 0.007595384823708026	false	1.0
verlangsamung	neg 1.0		neg 0.5077965349440179 off 0.48469924761068356 __DUMMY__ 0.007504217445298707	false	1.0
ausgestorben	neg 1.0		neg 0.5202195908596394 off 0.4721698013895 __DUMMY__ 0.007610607750860529	false	1.0
anklagen	neg 1.0		neg 0.5202499970280675 off 0.4721732601830168 __DUMMY__ 0.007576742788915712	false	1.0
trott	neg 1.0		neg 0.518080314770284 off 0.4743057603452102 __DUMMY__ 0.00761392488450569	false	1.0
verminderung	neg 1.0		neg 0.5116799286231876 off 0.4807608626082145 __DUMMY__ 0.007559208768597994	false	1.0
nach			neg 0.5232450941464669 off 0.46906027894342683 __DUMMY__ 0.007694626910106363	false	0.0
rost	neg 1.0		neg 0.5067531068124983 off 0.48572816532327723 __DUMMY__ 0.007518727864224486	false	1.0
destruktiv	neg 1.0		neg 0.5214741417494372 off 0.47095841908658354 __DUMMY__ 0.007567439163979317	false	1.0
unzumutbarkeit	neg 1.0		neg 0.5115415830516453 off 0.48087898495912745 __DUMMY__ 0.007579431989227199	false	1.0
labil	off 1.0	off 1.0	off 0.723662901392757 neg 0.2727130585694914 __DUMMY__ 0.0036240400377515157	false	1.0
ziemlich	neg 1.0		neg 0.5133383972938192 off 0.47908175738393055 __DUMMY__ 0.007579845322250205	false	1.0
lachnummer	off 1.0		neg 0.5216200085938263 off 0.47081419951881814 __DUMMY__ 0.007565791887355439	false	0.5
oder			neg 0.5179516758492501 off 0.474425414835623 __DUMMY__ 0.007622909315126948	false	0.0
verfall	neg 1.0		neg 0.5274218515367324 off 0.46495335145276423 __DUMMY__ 0.007624797010503517	false	1.0
ausgrenzung	neg 1.0		neg 0.5190494997341277 off 0.4734129334447621 __DUMMY__ 0.0075375668211101485	false	1.0
unordnung	neg 1.0		neg 0.511751589349699 off 0.48073856011229615 __DUMMY__ 0.007509850538004751	false	1.0
fehlverhalten	neg 1.0		neg 0.524349903169316 off 0.46806837621945546 __DUMMY__ 0.007581720611228591	false	1.0
eine			neg 0.5234007027566351 off 0.46895861337796907 __DUMMY__ 0.007640683865395891	false	0.0
nille	neg 1.0		neg 0.5205620576837194 off 0.47188041040022105 __DUMMY__ 0.007557531916059489	false	1.0
qual	neg 1.0		neg 0.5184124259774225 off 0.4739782259336172 __DUMMY__ 0.00760934808896024	false	1.0
verschwenden	neg 1.0		neg 0.52236060393623 off 0.470023289549169 __DUMMY__ 0.007616106514600962	false	1.0
riesig	neg 1.0		neg 0.5180897511278835 off 0.47428221949326294 __DUMMY__ 0.00762802937885362	false	1.0
verurteilen	neg 1.0		neg 0.5224783119220013 off 0.46994664353774457 __DUMMY__ 0.00757504454025418	false	1.0
klischee	neg 1.0	neg 1.0	neg 0.7444920543533953 off 0.25188480517653766 __DUMMY__ 0.0036231404700671817	false	1.0
diktatorisch	neg 1.0		neg 0.5210161587055486 off 0.4714667175943009 __DUMMY__ 0.007517123700150451	false	1.0
vorhersehbar	neg 1.0		neg 0.5184471039230296 off 0.4739943867903325 __DUMMY__ 0.007558509286637879	false	1.0
sowie			neg 0.5096114511641896 off 0.4828823759686983 __DUMMY__ 0.007506172867112081	false	0.0
stornieren	neg 1.0		neg 0.5141044708158151 off 0.4782699853077729 __DUMMY__ 0.007625543876411828	false	1.0
besteuerung	neg 1.0		neg 0.5177798432727004 off 0.4746401059761897 __DUMMY__ 0.007580050751109875	false	1.0
ungeschminkt	neg 1.0		neg 0.5125694199172709 off 0.4798561856620315 __DUMMY__ 0.007574394420697562	false	1.0
kritisch	neg 1.0		neg 0.5238192976228944 off 0.4685966974619225 __DUMMY__ 0.007584004915183153	false	1.0
schlamperei	off 1.0		neg 0.5238444564947166 off 0.46858703847934446 __DUMMY__ 0.007568505025938876	false	0.5
sucht	neg 1.0	neg 1.0	neg 0.7419977637375733 off 0.25432501787869444 __DUMMY__ 0.0036772183837321627	false	1.0
egoistisch	off 1.0		neg 0.5089845575375266 off 0.4834760781100927 __DUMMY__ 0.007539364352380731	false	0.5
ausbeuter	off 1.0		neg 0.5247647018373792 off 0.4676555818071829 __DUMMY__ 0.007579716355437855	false	0.5
arschgeburt	off 1.0		neg 0.5035508042353569 off 0.48900569149781903 __DUMMY__ 0.007443504266824017	false	0.5
schubs	neg 1.0	neg 1.0	neg 0.7454248308847328 off 0.2508988572909417 __DUMMY__ 0.003676311824325632	false	1.0
unsolide	neg 1.0		neg 0.5201752068764894 off 0.4723668867959782 __DUMMY__ 0.007457906327532311	false	1.0
beschwerde	neg 1.0		neg 0.5229044449802991 off 0.4695269997295274 __DUMMY__ 0.007568555290173418	false	1.0
stocken	neg 1.0		neg 0.5212848008516926 off 0.4711041931210927 __DUMMY__ 0.007611006027214717	false	1.0
isolieren	neg 1.0		neg 0.5178148933475941 off 0.47455182095065507 __DUMMY__ 0.007633285701750749	false	1.0
unheilbar	neg 1.0		neg 0.5174621255958647 off 0.47492961189672867 __DUMMY__ 0.0076082625074067245	false	1.0
pisser	off 1.0		neg 0.5118212932605041 off 0.4806537289448264 __DUMMY__ 0.007524977794669527	false	0.5
löschen	neg 1.0		neg 0.5179905759006197 off 0.4744232813835232 __DUMMY__ 0.007586142715857034	false	1.0
durchfallen	neg 1.0		neg 0.5229168757104463 off 0.46948575162186795 __DUMMY__ 0.00759737266768561	false	1.0
wichser	off 1.0		neg 0.5052458479891703 off 0.48725004401225475 __DUMMY__ 0.0075041079985749895	false	0.5
terror	neg 1.0		neg 0.5141478094671548 off 0.4782506725413833 __DUMMY__ 0.007601517991461985	false	1.0
krass	neg 1.0		neg 0.5103548664262265 off 0.48208804359459284 __DUMMY__ 0.00755708997918079	false	1.0
revolte	neg 1.0	neg 1.0	neg 0.7455099440397723 off 0.2508927232799882 __DUMMY__ 0.0035973326802394424	false	1.0
besorgt	neg 1.0		neg 0.5185017389271579 off 0.47384993255900604 __DUMMY__ 0.007648328513836061	false	1.0
nachlassen	neg 1.0		neg 0.5189956060008287 off 0.4733635377252144 __DUMMY__ 0.0076408562739568205	false	1.0
alt	neg 1.0		neg 0.5213523797078311 off 0.4710088477644621 __DUMMY__ 0.007638772527706704	false	1.0
hundesohn	off 1.0		neg 0.5076881556504915 off 0.48483988819895835 __DUMMY__ 0.007471956150550124	false	0.5
als			neg 0.5206569987977699 off 0.47172015054825567 __DUMMY__ 0.0076228506539743595	false	0.0
abschreckung	neg 1.0		neg 0.5251605304947032 off 0.46724461104579507 __DUMMY__ 0.007594858459501579	false	1.0
unqualifiziert	neg 1.0		neg 0.5181593523897532 off 0.47428366688838214 __DUMMY__ 0.007556980721864742	false	1.0
abgewichst	off 1.0		neg 0.5199585878537524 off 0.4724488584208153 __DUMMY__ 0.007592553725432298	false	0.5
schwer	neg 1.0		neg 0.5189690828316664 off 0.4734176873142022 __DUMMY__ 0.007613229854131367	false	1.0
bedeutungslosigkeit	neg 1.0		neg 0.5249179444480392 off 0.46749660494624173 __DUMMY__ 0.007585450605719149	false	1.0
kapitulation	neg 1.0		neg 0.5245088629737961 off 0.4679509522542006 __DUMMY__ 0.007540184772003217	false	1.0
unscharf	neg 1.0		neg 0.5153296800162839 off 0.47707731544775245 __DUMMY__ 0.007593004535963602	false	1.0
schwinden	neg 1.0		neg 0.5221084142714937 off 0.4702632459292936 __DUMMY__ 0.007628339799212728	false	1.0
versklavung	neg 1.0		neg 0.5203538500990518 off 0.4721131000295865 __DUMMY__ 0.007533049871361713	false	1.0
schlecht	neg 1.0		neg 0.5127150352001054 off 0.4796998871463205 __DUMMY__ 0.007585077653573987	false	1.0
verhasst	neg 1.0		neg 0.5201897860801412 off 0.4722451562502273 __DUMMY__ 0.007565057669631328	false	1.0
beschweren	neg 1.0		neg 0.5170417933919303 off 0.4753565275507352 __DUMMY__ 0.007601679057334358	false	1.0
scheiden	neg 1.0		neg 0.5192257807834776 off 0.47317077198924645 __DUMMY__ 0.007603447227275956	false	1.0
frustriert	neg 1.0		neg 0.520352509220333 off 0.47203971949294643 __DUMMY__ 0.007607771286720529	false	1.0
schimmelig	neg 1.0		neg 0.5220003896142758 off 0.47039660793725313 __DUMMY__ 0.007603002448470996	false	1.0
fisch	neg 1.0		neg 0.5213353131698655 off 0.47105625673416346 __DUMMY__ 0.007608430095971044	false	1.0
schmuggel	neg 1.0		neg 0.5216786203335511 off 0.47067302021517643 __DUMMY__ 0.007648359451272515	false	1.0
auffallen	neg 1.0		neg 0.5169256043776628 off 0.4754823142012656 __DUMMY__ 0.007592081421071556	false	1.0
konkurrenz	neg 1.0		neg 0.5243775076725351 off 0.46800200648650725 __DUMMY__ 0.007620485840957671	false	1.0
teufelskreis	neg 1.0		neg 0.520459772356453 off 0.4719428180878415 __DUMMY__ 0.007597409555705388	false	1.0
aufschreien	neg 1.0		neg 0.5180560750949775 off 0.4743753945846457 __DUMMY__ 0.007568530320376908	false	1.0
schuldner	neg 1.0		neg 0.5237260388862974 off 0.4686917106228716 __DUMMY__ 0.007582250490830939	false	1.0
missgeburt	off 1.0	off 1.0	off 0.7258924670520392 neg 0.2705140949499259 __DUMMY__ 0.0035934379980347617	false	1.0
arbeitslos	neg 1.0		neg 0.5223972315416271 off 0.4700178587489747 __DUMMY__ 0.007584909709398044	false	1.0
befallen	neg 1.0		neg 0.5221710441686401 off 0.4702583057578483 __DUMMY__ 0.0075706500735116455	false	1.0
miesepetrig	off 1.0		neg 0.5116580326144042 off 0.4807331205986829 __DUMMY__ 0.0076088467869128125	false	0.5
alarmieren	neg 1.0		neg 0.5153939976281785 off 0.4770612013315878 __DUMMY__ 0.0075448010402336535	false	1.0
ungeduscht	off 1.0		neg 0.5152850630858994 off 0.47712199087007223 __DUMMY__ 0.007592946044028362	false	0.5
knappheit	neg 1.0		neg 0.5216938488209616 off 0.4707206684329679 __DUMMY__ 0.007585482746070527	false	1.0
schlange	neg 1.0		neg 0.5160957952700728 off 0.4762803983622147 __DUMMY__ 0.007623806367712541	false	1.0
harsch	neg 1.0		neg 0.5059143582846828 off 0.4865129202912974 __DUMMY__ 0.0075727214240199035	false	1.0
lang	neg 1.0		neg 0.5171042884155295 off 0.4752942987544468 __DUMMY__ 0.0076014128300238215	false	1.0
ziellos	neg 1.0		neg 0.5213242041249343 off 0.47105739386331935 __DUMMY__ 0.007618402011746236	false	1.0
selbstverliebt	neg 1.0		neg 0.5060677600286274 off 0.4864734682181786 __DUMMY__ 0.007458771753194079	false	1.0
beseitigen	neg 1.0		neg 0.5172449311673954 off 0.47514874577882055 __DUMMY__ 0.007606323053783977	false	1.0
dumm	off 1.0		neg 0.5087393254343816 off 0.4837343171707736 __DUMMY__ 0.007526357394844859	false	0.5
arbeitsloser	neg 1.0		neg 0.5232209065938682 off 0.46919106016253476 __DUMMY__ 0.007588033243597063	false	1.0
blitzen	neg 1.0		neg 0.5150084883845208 off 0.477409231070296 __DUMMY__ 0.0075822805451832	false	1.0
hilflos	neg 1.0		neg 0.5205355170302164 off 0.471852087723679 __DUMMY__ 0.0076123952461045145	false	1.0
eklig	off 1.0		neg 0.5082958504023609 off 0.48419215573799196 __DUMMY__ 0.007511993859647241	false	0.5
begriff			neg 0.5208285512132075 off 0.4715754795270116 __DUMMY__ 0.00759596925978094	false	0.0
hungersnot	neg 1.0		neg 0.5217006311277125 off 0.47076100859790376 __DUMMY__ 0.007538360274383898	false	1.0
ungesetzlich	neg 1.0		neg 0.5199600396768651 off 0.4725284287827942 __DUMMY__ 0.007511531540340663	false	1.0
verschwendung	neg 1.0		neg 0.5233810575822513 off 0.4690018220327898 __DUMMY__ 0.007617120384958963	false	1.0
schmerzvoll	neg 1.0		neg 0.5169048823937311 off 0.47549105856635865 __DUMMY__ 0.007604059039910229	false	1.0
vorzeitig	neg 1.0		neg 0.5137905747346864 off 0.47864278127206283 __DUMMY__ 0.007566643993250653	false	1.0
unvollkommenheit	neg 1.0		neg 0.518126397339879 off 0.47427047255221283 __DUMMY__ 0.007603130107908128	false	1.0
intervenieren	neg 1.0		neg 0.5245964921655363 off 0.46783073957963744 __DUMMY__ 0.007572768254826198	false	1.0
banause	off 1.0		neg 0.5066594131134197 off 0.48583333021188024 __DUMMY__ 0.00750725667470002	false	0.5
rebell	neg 1.0		neg 0.523276866759379 off 0.46908995779027823 __DUMMY__ 0.007633175450342951	false	1.0
unlogisch	neg 1.0		neg 0.5124404469976349 off 0.4800214598892058 __DUMMY__ 0.007538093113159282	false	1.0
leiden	neg 1.0	neg 1.0	neg 0.7446822088104724 off 0.25159439511881404 __DUMMY__ 0.0037233960707135235	false	1.0
abschaffung	neg 1.0		neg 0.5196986350184853 off 0.47274822025183433 __DUMMY__ 0.007553144729680234	false	1.0
sturz	neg 1.0		neg 0.5186626894174822 off 0.47378002202804714 __DUMMY__ 0.00755728855447072	false	1.0
verkleinerung	neg 1.0		neg 0.5180314691222043 off 0.4744550945694014 __DUMMY__ 0.007513436308394436	false	1.0
schmarotzer	off 1.0		neg 0.5234895494223885 off 0.46893842367280314 __DUMMY__ 0.007572026904808444	false	0.5
bestrafung	neg 1.0		neg 0.5179118664486216 off 0.474498647303662 __DUMMY__ 0.00758948624771643	false	1.0
achtlos	neg 1.0		neg 0.5185150356265564 off 0.47386283144802577 __DUMMY__ 0.007622132925417771	false	1.0
ungeheuer	neg 1.0		neg 0.5165488431906333 off 0.47586276839814834 __DUMMY__ 0.007588388411218341	false	1.0
unaufrichtig	neg 1.0		neg 0.5171813000069373 off 0.4752679123403228 __DUMMY__ 0.00755078765273996	false	1.0
