unsolidarisch	neg 1.0		__DUMMY__ 0.48819890389817394 neg 0.2702629168368351 off 0.2415381792649909	false	1.0
nachteilig	neg 1.0		__DUMMY__ 0.49320280356571294 neg 0.2676920639787469 off 0.23910513245554027	false	1.0
skeptisch	neg 1.0		__DUMMY__ 0.4948043792019597 neg 0.2687253244876066 off 0.23647029631043376	false	1.0
schrecklich	neg 1.0		__DUMMY__ 0.4907933091024689 neg 0.258480435609403 off 0.25072625528812814	false	1.0
schlapp	neg 1.0		__DUMMY__ 0.4942627547909025 neg 0.2588535820834943 off 0.2468836631256033	false	1.0
abfall	neg 1.0		__DUMMY__ 0.4957607382086188 neg 0.269297533265163 off 0.23494172852621817	false	1.0
widerspenstig	neg 1.0		__DUMMY__ 0.49585094051655015 neg 0.2619010171245556 off 0.24224804235889436	false	1.0
abrupt	neg 1.0		__DUMMY__ 0.49719452175244727 neg 0.2616315652376557 off 0.24117391300989693	false	1.0
unwirksam	neg 1.0		__DUMMY__ 0.4886748303068717 neg 0.2696531451341681 off 0.24167202455896022	false	1.0
angreifen	neg 1.0		__DUMMY__ 0.49355920690176963 neg 0.2687467577119495 off 0.2376940353862809	false	1.0
inkonsistent	neg 1.0		__DUMMY__ 0.49256024080942523 neg 0.26293480846874334 off 0.2445049507218315	false	1.0
abrutschen	neg 1.0		__DUMMY__ 0.49625112199103505 neg 0.2685673769349674 off 0.23518150107399757	false	1.0
unsicher	neg 1.0		__DUMMY__ 0.49415732690930525 neg 0.26391623170562595 off 0.24192644138506886	false	1.0
bauernkind	off 1.0		__DUMMY__ 0.48714613213658375 neg 0.2592117263409518 off 0.25364214152246456	false	0.5
angreifer	neg 1.0		__DUMMY__ 0.4907262993667821 neg 0.2642439344092356 off 0.24502976622398234	false	1.0
trennen	neg 1.0		__DUMMY__ 0.4972956611196725 neg 0.26486843860769316 off 0.23783590027263427	false	1.0
schmutz	neg 1.0		__DUMMY__ 0.4960534134042913 neg 0.25548231168920466 off 0.24846427490650413	false	1.0
inkonsistenz	neg 1.0	neg 1.0	neg 0.620281200698699 __DUMMY__ 0.24066457145355216 off 0.13905422784774882	false	1.0
erschreckend	neg 1.0		__DUMMY__ 0.49310600061093096 neg 0.26647892442709187 off 0.24041507496197714	false	1.0
ertrinken	neg 1.0		__DUMMY__ 0.49617053943007383 neg 0.26485287746574854 off 0.23897658310417758	false	1.0
pickelface	off 1.0		__DUMMY__ 0.49148202928441276 neg 0.26590626449416 off 0.24261170622142736	false	0.5
seiner			__DUMMY__ 0.49438906888047707 neg 0.2679639821476976 off 0.23764694897182534	false	0.0
lauch	neg 1.0		__DUMMY__ 0.49542585845159864 neg 0.26812397458940246 off 0.23645016695899887	false	1.0
unwichtig	neg 1.0		__DUMMY__ 0.4920301841152424 neg 0.2615289910797097 off 0.24644082480504795	false	1.0
steuerhinterziehung	neg 1.0		__DUMMY__ 0.48999015615885066 neg 0.2694705033349413 off 0.2405393405062081	false	1.0
schock	neg 1.0		__DUMMY__ 0.4967890978179056 neg 0.2622820354288012 off 0.24092886675329328	false	1.0
beule	neg 1.0		__DUMMY__ 0.49342582147675035 neg 0.25846795996621297 off 0.24810621855703652	false	1.0
vergelten	neg 1.0		__DUMMY__ 0.48896671601908914 neg 0.25892054679421156 off 0.2521127371866993	false	1.0
verdorbenheit	neg 1.0		__DUMMY__ 0.49445492548632897 neg 0.26194344547117576 off 0.24360162904249533	false	1.0
trauma	neg 1.0		__DUMMY__ 0.4929170365537409 neg 0.2632224323315832 off 0.24386053111467584	false	1.0
sinnlos	neg 1.0		__DUMMY__ 0.49302676209086244 neg 0.2628713712743498 off 0.24410186663478772	false	1.0
fettsack	off 1.0	off 1.0	off 0.6135319313928302 __DUMMY__ 0.2393486472047196 neg 0.14711942140245024	false	1.0
feige	off 1.0		__DUMMY__ 0.4907718065686309 neg 0.26348567351683616 off 0.24574251991453305	false	0.5
abdanken	neg 1.0		__DUMMY__ 0.48832529598152663 neg 0.27141525525034454 off 0.2402594487681288	false	1.0
wichtigtuer	off 1.0	off 1.0	off 0.6082010813452263 __DUMMY__ 0.24083633085097772 neg 0.15096258780379593	false	1.0
misslingen	neg 1.0		__DUMMY__ 0.4962957366864523 neg 0.2585279358687576 off 0.24517632744479	false	1.0
untreu	off 1.0		__DUMMY__ 0.4919733425981283 neg 0.2607766647813195 off 0.24724999262055225	false	0.5
missmutig	neg 1.0		__DUMMY__ 0.4940743638257653 neg 0.2597033501937397 off 0.2462222859804952	false	1.0
hurenbock	off 1.0		__DUMMY__ 0.49595752249159125 neg 0.25968335941631726 off 0.24435911809209138	false	0.5
betrunken	neg 1.0		__DUMMY__ 0.49281369263303776 neg 0.2581356909214495 off 0.24905061644551274	false	1.0
korrupt	off 1.0		__DUMMY__ 0.4900880405166807 neg 0.27082403370283736 off 0.23908792578048194	false	0.5
unmut	neg 1.0		__DUMMY__ 0.49443738563415474 neg 0.2700939897106568 off 0.2354686246551885	false	1.0
hackfresse	off 1.0		__DUMMY__ 0.4894767368850568 neg 0.2563591351876307 off 0.2541641279273124	false	0.5
aufblasen	neg 1.0		__DUMMY__ 0.4950683001393689 neg 0.26121612272918154 off 0.24371557713144967	false	1.0
gewaltsam	neg 1.0		__DUMMY__ 0.49089307528597154 neg 0.26627618837888734 off 0.24283073633514105	false	1.0
unbeliebtheit	neg 1.0		__DUMMY__ 0.487057683839386 neg 0.2648377575944736 off 0.24810455856614044	false	1.0
sturheit	neg 1.0		__DUMMY__ 0.4922550996154832 neg 0.2671968487287992 off 0.24054805165571774	false	1.0
kuh	neg 1.0		__DUMMY__ 0.49201898671768945 neg 0.2643791402390393 off 0.2436018730432711	false	1.0
erschrecken	neg 1.0		__DUMMY__ 0.49336226112794346 neg 0.2609889645824261 off 0.24564877428963053	false	1.0
opfer	neg 1.0		__DUMMY__ 0.49407620091017174 neg 0.26753129700478995 off 0.2383925020850383	false	1.0
sinken	neg 1.0		__DUMMY__ 0.494539064895621 neg 0.26921050524719353 off 0.2362504298571855	false	1.0
stinktier	neg 1.0		__DUMMY__ 0.48913939287462305 neg 0.26001159147566244 off 0.25084901564971457	false	1.0
tucke	off 1.0		__DUMMY__ 0.490493656113957 off 0.25510335924968025 neg 0.25440298463636274	false	1.0
ein			__DUMMY__ 0.4960114976068712 neg 0.2609429927449913 off 0.24304550964813756	false	0.0
abstieg	neg 1.0		__DUMMY__ 0.49213657655529996 neg 0.26791934919289956 off 0.2399440742518004	false	1.0
missverstehen	neg 1.0		__DUMMY__ 0.4910965187104035 neg 0.26542506310994124 off 0.24347841817965524	false	1.0
ergebnislos	neg 1.0		__DUMMY__ 0.4926611995018651 neg 0.2678288449140683 off 0.23950995558406654	false	1.0
unter			__DUMMY__ 0.4998760267812466 neg 0.26803995267890773 off 0.23208402053984578	false	0.0
manipulieren	neg 1.0		__DUMMY__ 0.4947488487064506 neg 0.2672618287445185 off 0.2379893225490309	false	1.0
unbewiesen	neg 1.0		__DUMMY__ 0.4880771849278559 neg 0.270636838479682 off 0.2412859765924623	false	1.0
verschleppen	neg 1.0		__DUMMY__ 0.4931989689632756 neg 0.26718843645135276 off 0.23961259458537165	false	1.0
weib	off 1.0		__DUMMY__ 0.48878273410311857 neg 0.25574287115259076 off 0.2554743947442908	false	0.5
opposition	neg 1.0		__DUMMY__ 0.4899389495882073 neg 0.2666618636670129 off 0.2433991867447799	false	1.0
verkehrswidrig	neg 1.0		__DUMMY__ 0.49265463660332565 neg 0.2541876073332619 off 0.25315775606341256	false	1.0
inkorrekt	neg 1.0		__DUMMY__ 0.4882855046912136 neg 0.2648393642276725 off 0.2468751310811137	false	1.0
vermeiden	neg 1.0		__DUMMY__ 0.4981231312654226 neg 0.26751616381140336 off 0.23436070492317393	false	1.0
abweichung	neg 1.0		__DUMMY__ 0.4901939728265075 neg 0.2709334775757991 off 0.23887254959769347	false	1.0
alkoholisiert	neg 1.0		__DUMMY__ 0.4970577460635973 neg 0.26205124813519687 off 0.2408910058012057	false	1.0
scheiss	off 1.0	off 1.0	off 0.6112216658433799 __DUMMY__ 0.24154131177556434 neg 0.1472370223810558	false	1.0
herausforderung	neg 1.0		__DUMMY__ 0.49734175333738223 neg 0.26236225672574753 off 0.24029598993687015	false	1.0
pervers	off 1.0		__DUMMY__ 0.4874708550522752 off 0.2580317583060857 neg 0.2544973866416391	false	1.0
wackelig	neg 1.0		__DUMMY__ 0.4978376988845804 neg 0.2617383115229509 off 0.24042398959246863	false	1.0
verwickeln	neg 1.0		__DUMMY__ 0.49199541868707963 neg 0.26459497180015373 off 0.24340960951276652	false	1.0
vorwand	neg 1.0		__DUMMY__ 0.49359231529806036 neg 0.2702769570529468 off 0.23613072764899273	false	1.0
muschi	off 1.0		__DUMMY__ 0.49150444158982637 neg 0.2663773189138098 off 0.2421182394963638	false	0.5
entmutigung	neg 1.0		__DUMMY__ 0.48714736664905606 neg 0.2691299846486579 off 0.24372264870228605	false	1.0
unangemessen	neg 1.0		__DUMMY__ 0.4914000848488245 neg 0.26965098278365673 off 0.23894893236751882	false	1.0
unstetig	neg 1.0		__DUMMY__ 0.49194619945799656 neg 0.26206709644494164 off 0.24598670409706183	false	1.0
entmutigen	neg 1.0		__DUMMY__ 0.49441884276286896 neg 0.26215632571511593 off 0.24342483152201513	false	1.0
schwanz	neg 1.0		__DUMMY__ 0.49325784002369466 neg 0.26666427965988043 off 0.24007788031642494	false	1.0
verbot	neg 1.0		__DUMMY__ 0.49011962544122717 neg 0.27025717492451523 off 0.23962319963425757	false	1.0
leid	neg 1.0		__DUMMY__ 0.4902586672828511 neg 0.2573913254832512 off 0.2523500072338976	false	1.0
archaisch	neg 1.0		__DUMMY__ 0.49237889123944034 neg 0.26777885367661025 off 0.2398422550839494	false	1.0
gegen			__DUMMY__ 0.49232776309061715 neg 0.2714662940582009 off 0.2362059428511821	false	0.0
scheidung	neg 1.0	neg 1.0	neg 0.6086004065402856 __DUMMY__ 0.2396399491311029 off 0.1517596443286114	false	1.0
einschlag	neg 1.0		__DUMMY__ 0.48882774012079183 neg 0.2599341949925539 off 0.2512380648866543	false	1.0
m			__DUMMY__ 0.4951653445727371 neg 0.26370773032056816 off 0.2411269251066947	false	0.0
abgestanden	neg 1.0		__DUMMY__ 0.4955742512069561 neg 0.2617635835642835 off 0.2426621652287605	false	1.0
schmierig	off 1.0		__DUMMY__ 0.49146908896861324 neg 0.2570659206935318 off 0.2514649903378551	false	0.5
unpraktisch	neg 1.0		__DUMMY__ 0.4953392069508063 neg 0.26094792636539343 off 0.2437128666838003	false	1.0
wixxer	off 1.0		__DUMMY__ 0.48673796326802254 off 0.2581056029303602 neg 0.2551564338016172	false	1.0
bezeichnet			__DUMMY__ 0.49173416163587497 neg 0.26750503620700616 off 0.240760802157119	false	0.0
jammerlappen	off 1.0		__DUMMY__ 0.4921313530809852 neg 0.26146921486010993 off 0.24639943205890494	false	0.5
farce	neg 1.0		__DUMMY__ 0.48851520643250923 neg 0.2717115502390584 off 0.2397732433284323	false	1.0
zwecklos	neg 1.0		__DUMMY__ 0.4923757699997575 neg 0.2687931190094761 off 0.23883111099076634	false	1.0
turbulent	neg 1.0		__DUMMY__ 0.49009347280681304 neg 0.2596202041057756 off 0.2502863230874113	false	1.0
invasion	neg 1.0		__DUMMY__ 0.4936836461506998 neg 0.26072266123752846 off 0.2455936926117718	false	1.0
schuld	neg 1.0		__DUMMY__ 0.49253927952468357 neg 0.2649279032355012 off 0.2425328172398152	false	1.0
risiko	neg 1.0		__DUMMY__ 0.495009473426345 neg 0.25878108019777346 off 0.24620944637588155	false	1.0
finster	neg 1.0		__DUMMY__ 0.4953674573291158 neg 0.2618825110217878 off 0.24275003164909645	false	1.0
geisteskrank	off 1.0		__DUMMY__ 0.4892813046931584 neg 0.26317306610517577 off 0.2475456292016659	false	0.5
zusammenbrechen	neg 1.0		__DUMMY__ 0.4950185593078191 neg 0.26425416250668526 off 0.24072727818549564	false	1.0
ausbeute	neg 1.0		__DUMMY__ 0.496164103991418 neg 0.2640867919248696 off 0.2397491040837125	false	1.0
hinterhalt	neg 1.0		__DUMMY__ 0.49347637866091215 neg 0.2630757645252084 off 0.24344785681387945	false	1.0
kritik	neg 1.0		__DUMMY__ 0.4896340607888153 neg 0.27028723607955035 off 0.2400787031316345	false	1.0
einschrumpfen	neg 1.0		__DUMMY__ 0.4895779953322872 neg 0.2648170500306133 off 0.24560495463709955	false	1.0
riskant	neg 1.0		__DUMMY__ 0.4943283840535252 neg 0.2676335568940609 off 0.2380380590524141	false	1.0
frustrieren	neg 1.0		__DUMMY__ 0.4940233226563532 neg 0.2680277053923277 off 0.23794897195131912	false	1.0
groll	neg 1.0		__DUMMY__ 0.49294506344684647 neg 0.26777907079911367 off 0.23927586575403978	false	1.0
gibt			__DUMMY__ 0.4939595251962476 neg 0.26604063608733475 off 0.23999983871641775	false	0.0
qualvoll	neg 1.0		__DUMMY__ 0.49434802285360624 neg 0.26092124332267297 off 0.2447307338237207	false	1.0
wackeln	neg 1.0		__DUMMY__ 0.4959230065438159 neg 0.2608186348392548 off 0.24325835861692918	false	1.0
klagen	neg 1.0		__DUMMY__ 0.49299377822122065 neg 0.27113954910481436 off 0.23586667267396497	false	1.0
bankrott	neg 1.0		__DUMMY__ 0.4930712334324387 neg 0.25981446740142394 off 0.24711429916613747	false	1.0
trauern	neg 1.0		__DUMMY__ 0.49447756759836464 neg 0.26713008790663934 off 0.23839234449499597	false	1.0
ablehnung	neg 1.0	neg 1.0	neg 0.6233550235225651 __DUMMY__ 0.2403382297469383 off 0.13630674673049661	false	1.0
stur	neg 1.0		__DUMMY__ 0.4927159719730141 neg 0.2642862856514369 off 0.24299774237554891	false	1.0
aufruhr	neg 1.0		__DUMMY__ 0.49055366423354896 neg 0.26725256276189613 off 0.242193773004555	false	1.0
melancholie	neg 1.0		__DUMMY__ 0.49696588889593923 neg 0.26268166499836365 off 0.24035244610569706	false	1.0
ist			__DUMMY__ 0.4928700305503982 neg 0.26384604069009304 off 0.2432839287595088	false	0.0
torheit	neg 1.0		__DUMMY__ 0.488976460478497 neg 0.2686723554687743 off 0.2423511840527286	false	1.0
dreckskind	off 1.0		__DUMMY__ 0.4868336497677338 neg 0.26070553834369237 off 0.25246081188857383	false	0.5
umtauschen	neg 1.0		__DUMMY__ 0.4954429896413318 neg 0.26255313049316686 off 0.24200387986550145	false	1.0
zum			__DUMMY__ 0.49912414652502274 neg 0.26588990073039914 off 0.23498595274457806	false	0.0
zersetzen	neg 1.0		__DUMMY__ 0.4938681953991803 neg 0.26911026947054406 off 0.23702153513027557	false	1.0
zur			__DUMMY__ 0.4949738814555532 neg 0.2713018318047829 off 0.23372428673966372	false	0.0
frust	neg 1.0		__DUMMY__ 0.4943888019359661 neg 0.265364360158149 off 0.24024683790588489	false	1.0
unerbittlichkeit	neg 1.0		__DUMMY__ 0.4936470569548824 neg 0.2683762260303854 off 0.23797671701473222	false	1.0
zwei			__DUMMY__ 0.4979167358757815 neg 0.2655388823036202 off 0.23654438182059823	false	0.0
unkorrekt	neg 1.0		__DUMMY__ 0.48846036988781066 neg 0.2638791576633288 off 0.24766047244886039	false	1.0
hexe	off 1.0		__DUMMY__ 0.4926146690799952 neg 0.25999748510499193 off 0.24738784581501305	false	0.5
lasch	neg 1.0		__DUMMY__ 0.4911063137064445 neg 0.264053008434805 off 0.2448406778587506	false	1.0
rivale	neg 1.0		__DUMMY__ 0.48957411520497857 neg 0.25949104196011347 off 0.25093484283490797	false	1.0
mutlos	off 1.0	off 1.0	off 0.605453761428853 __DUMMY__ 0.2415519014132107 neg 0.1529943371579363	false	1.0
wirr	off 1.0		__DUMMY__ 0.48914319875164736 neg 0.2611905324208937 off 0.24966626882745904	false	0.5
jahr			__DUMMY__ 0.49685264022934833 neg 0.26441614598988344 off 0.23873121378076828	false	0.0
wird			__DUMMY__ 0.4942398925964001 neg 0.26710659243336365 off 0.23865351497023612	false	0.0
strafbar	neg 1.0		__DUMMY__ 0.49138805977377176 neg 0.2710389424629002 off 0.23757299776332802	false	1.0
erosion	neg 1.0		__DUMMY__ 0.49454588323819854 neg 0.26138660208714876 off 0.24406751467465262	false	1.0
eingehen	neg 1.0		__DUMMY__ 0.4930786822688461 neg 0.2682265236700306 off 0.23869479406112326	false	1.0
faul	off 1.0		__DUMMY__ 0.49424892888213745 neg 0.25909979524967713 off 0.2466512758681854	false	0.5
provisorium	neg 1.0		__DUMMY__ 0.4990308467448243 neg 0.2696419142024088 off 0.23132723905276684	false	1.0
schmerzen	neg 1.0		__DUMMY__ 0.49532693342763456 neg 0.26351461553143685 off 0.2411584510409286	false	1.0
schrumpfen	neg 1.0		__DUMMY__ 0.4962628113320993 neg 0.26993653007257534 off 0.23380065859532537	false	1.0
geistlos	off 1.0		__DUMMY__ 0.48848596356978136 neg 0.2676012519274388 off 0.24391278450278	false	0.5
fehlkauf	neg 1.0		__DUMMY__ 0.4915696954794599 neg 0.2636205496283647 off 0.24480975489217544	false	1.0
frustrierend	neg 1.0		__DUMMY__ 0.4929645886893266 neg 0.2615810405120423 off 0.24545437079863108	false	1.0
unzufrieden	neg 1.0		__DUMMY__ 0.4933787106218652 neg 0.26745444123928597 off 0.23916684813884873	false	1.0
verzweifeln	neg 1.0		__DUMMY__ 0.4943896679538262 neg 0.2642295643982914 off 0.24138076764788224	false	1.0
verzweifelt	neg 1.0		__DUMMY__ 0.49289044075898814 neg 0.2641846054514543 off 0.2429249537895576	false	1.0
misstrauensantrag	neg 1.0		__DUMMY__ 0.4901977134617535 neg 0.26553237651878064 off 0.24426991001946582	false	1.0
abfallen	neg 1.0		__DUMMY__ 0.49687392632439664 neg 0.25939775615134925 off 0.2437283175242542	false	1.0
fucker	off 1.0		__DUMMY__ 0.4899274910520519 neg 0.26039281250342616 off 0.24967969644452198	false	0.5
ungezogen	neg 1.0		__DUMMY__ 0.48936853431320976 off 0.2558462781222385 neg 0.2547851875645517	false	0.5
irrsinnig	neg 1.0	neg 1.0	neg 0.6210228848857217 __DUMMY__ 0.2414042826187775 off 0.13757283249550076	false	1.0
unfassbar	neg 1.0		__DUMMY__ 0.49226103042384056 neg 0.2607096633370362 off 0.24702930623912325	false	1.0
hart	neg 1.0		__DUMMY__ 0.4910575739002734 neg 0.2618711187574826 off 0.2470713073422442	false	1.0
widerlich	off 1.0		__DUMMY__ 0.4906091267110039 neg 0.26188818306968825 off 0.24750269021930787	false	0.5
fatal	neg 1.0		__DUMMY__ 0.49198348178736095 neg 0.2632145456205045 off 0.24480197259213465	false	1.0
bruch	neg 1.0		__DUMMY__ 0.4922332996577111 neg 0.2726249055698198 off 0.23514179477246913	false	1.0
aushungern	neg 1.0		__DUMMY__ 0.4902569109131439 neg 0.2680129959934725 off 0.24173009309338356	false	1.0
anspannung	neg 1.0		__DUMMY__ 0.4976952847861879 neg 0.2665556753192044 off 0.23574903989460774	false	1.0
von			__DUMMY__ 0.49595168066083434 neg 0.2667299428462424 off 0.2373183764929232	false	0.0
kraftlos	neg 1.0		__DUMMY__ 0.49734614205622596 neg 0.262673081316307 off 0.23998077662746695	false	1.0
vom			__DUMMY__ 0.49878479496677125 neg 0.268844271694246 off 0.2323709333389826	false	0.0
grenzdebil	off 1.0		__DUMMY__ 0.49234843210558 neg 0.2594337825814169 off 0.2482177853130031	false	0.5
vor			__DUMMY__ 0.49612368447788374 neg 0.2675368584346283 off 0.23633945708748794	false	0.0
unterwerfen	neg 1.0		__DUMMY__ 0.4933130044899807 neg 0.26821920654875564 off 0.2384677889612637	false	1.0
versenkung	neg 1.0		__DUMMY__ 0.4938223581499503 neg 0.2682268647321633 off 0.23795077711788648	false	1.0
entziehen	neg 1.0		__DUMMY__ 0.4939269336828764 neg 0.270446934822164 off 0.23562613149495956	false	1.0
finanzkrise	neg 1.0		__DUMMY__ 0.4901323830333895 neg 0.26858608365930386 off 0.24128153330730656	false	1.0
schimpfend	neg 1.0		__DUMMY__ 0.49757434933125594 neg 0.2576149895876808 off 0.24481066108106309	false	1.0
profan	neg 1.0		__DUMMY__ 0.4931057445186215 neg 0.26281304516758586 off 0.2440812103137927	false	1.0
korruption	neg 1.0		__DUMMY__ 0.4902020595094502 neg 0.2705852549892021 off 0.23921268550134767	false	1.0
â			__DUMMY__ 0.4948773683864867 neg 0.26507684496614353 off 0.24004578664736975	false	0.0
schmutzig	neg 1.0		__DUMMY__ 0.49431390418340965 neg 0.2574569233491427 off 0.24822917246744772	false	1.0
sexy	neg 1.0		__DUMMY__ 0.4925795301014982 neg 0.26100489892672435 off 0.24641557097177738	false	1.0
abraten	neg 1.0		__DUMMY__ 0.49389023315466307 neg 0.26281459850659067 off 0.24329516833874631	false	1.0
schwarz	neg 1.0		__DUMMY__ 0.4922378612645351 neg 0.2638718941293043 off 0.24389024460616057	false	1.0
fotze	off 1.0		__DUMMY__ 0.4921981923601865 neg 0.26748984275071896 off 0.2403119648890944	false	0.5
verwirren	neg 1.0		__DUMMY__ 0.4927103747038602 neg 0.2624457027423308 off 0.244843922553809	false	1.0
zahnlos	off 1.0		__DUMMY__ 0.4918693975213528 neg 0.26909805891345423 off 0.239032543565193	false	0.5
verheeren	neg 1.0		__DUMMY__ 0.4871965526742401 off 0.25776521420769966 neg 0.2550382331180602	false	0.5
hippie	neg 1.0		__DUMMY__ 0.4922976304598022 neg 0.26159317548716976 off 0.24610919405302803	false	1.0
rammen	neg 1.0		__DUMMY__ 0.49285232735451023 neg 0.26223630900880396 off 0.24491136363668572	false	1.0
unlauter	neg 1.0	neg 1.0	neg 0.6211478272930282 __DUMMY__ 0.24035224928906768 off 0.13849992341790418	false	1.0
unheilvoll	neg 1.0		__DUMMY__ 0.4940994627184259 neg 0.2616645326044587 off 0.24423600467711543	false	1.0
niedrig	neg 1.0		__DUMMY__ 0.49284532979099066 neg 0.26817495455087115 off 0.23897971565813828	false	1.0
explosion	neg 1.0		__DUMMY__ 0.49323823415864476 neg 0.26098084387382453 off 0.24578092196753062	false	1.0
weichei	off 1.0		__DUMMY__ 0.4895402499713185 neg 0.25758666368858574 off 0.2528730863400956	false	0.5
minusmensch	off 1.0		__DUMMY__ 0.48459983118695726 neg 0.2587924178872387 off 0.25660775092580407	false	0.5
farblos	neg 1.0		__DUMMY__ 0.493447364720644 neg 0.2631988224318023 off 0.24335381284755367	false	1.0
unwissend	neg 1.0		__DUMMY__ 0.4911272146702557 neg 0.2621813526771668 off 0.24669143265257754	false	1.0
traurig	neg 1.0		__DUMMY__ 0.4922741212430688 neg 0.25763712286804785 off 0.25008875588888324	false	1.0
senkung	neg 1.0		__DUMMY__ 0.4920370488791373 neg 0.26259654927954407 off 0.24536640184131855	false	1.0
ungleich	neg 1.0	neg 1.0	neg 0.6232774816281832 __DUMMY__ 0.24166361285468824 off 0.1350589055171286	false	1.0
heikel	neg 1.0		__DUMMY__ 0.4938368605933581 neg 0.26929255958013953 off 0.23687057982650245	false	1.0
drosselung	neg 1.0		__DUMMY__ 0.49212877960638224 neg 0.25745355543544907 off 0.25041766495816875	false	1.0
falsch	neg 1.0		__DUMMY__ 0.4922167569881607 neg 0.26199040509366933 off 0.24579283791817	false	1.0
unzufriedenheit	neg 1.0		__DUMMY__ 0.4939182072940653 neg 0.2692650452565428 off 0.23681674744939188	false	1.0
kurz	neg 1.0		__DUMMY__ 0.49635398853677853 neg 0.26279963805415896 off 0.24084637340906234	false	1.0
unsinnig	neg 1.0		__DUMMY__ 0.4926950692777193 neg 0.26784147231006367 off 0.23946345841221706	false	1.0
penner	off 1.0	off 1.0	off 0.6147606457575038 __DUMMY__ 0.24004364165381556 neg 0.1451957125886807	false	1.0
seicht	neg 1.0		__DUMMY__ 0.4872120481543979 neg 0.25780086411384495 off 0.2549870877317571	false	1.0
dummheit	off 1.0	off 1.0	off 0.6087008422132821 __DUMMY__ 0.2409349066667596 neg 0.15036425111995824	false	1.0
unerfreulich	neg 1.0		__DUMMY__ 0.49489199308480686 neg 0.26858134930664357 off 0.23652665760854957	false	1.0
motherfucker	off 1.0	off 1.0	off 0.6119144051794896 __DUMMY__ 0.24029781930771546 neg 0.14778777551279493	false	1.0
pikiert	neg 1.0		__DUMMY__ 0.4912110958739859 neg 0.262463528126214 off 0.24632537599980017	false	1.0
wrack	neg 1.0		__DUMMY__ 0.4939808076490284 neg 0.2661672941395368 off 0.23985189821143468	false	1.0
gangster	neg 1.0		__DUMMY__ 0.4924848027457781 neg 0.2622353454432407 off 0.24527985181098133	false	1.0
krank	neg 1.0		__DUMMY__ 0.49362920887518674 neg 0.2579364737402442 off 0.24843431738456923	false	1.0
reich	neg 1.0		__DUMMY__ 0.4874126198708575 neg 0.26583108496727864 off 0.24675629516186373	false	1.0
gnadenlos	neg 1.0		__DUMMY__ 0.49264832417220433 neg 0.2646775543145129 off 0.24267412151328271	false	1.0
niedergeschlagen	neg 1.0		__DUMMY__ 0.4949104715169063 neg 0.2643306234395397 off 0.24075890504355385	false	1.0
terrorisieren	off 1.0	off 1.0	off 0.6054373200878965 __DUMMY__ 0.24258067558971796 neg 0.15198200432238546	false	1.0
sinnlosigkeit	neg 1.0		__DUMMY__ 0.4926157035052586 neg 0.26803645546154964 off 0.23934784103319165	false	1.0
behindern	neg 1.0		__DUMMY__ 0.4947722264806559 neg 0.26296829423183876 off 0.24225947928750538	false	1.0
undemokratisch	neg 1.0		__DUMMY__ 0.4893318067940981 neg 0.2678951311133407 off 0.2427730620925612	false	1.0
wirtschaftskrise	neg 1.0		__DUMMY__ 0.4916926332088869 neg 0.2686909056991282 off 0.239616461091985	false	1.0
neid	neg 1.0		__DUMMY__ 0.49471566797237 neg 0.2592095120093664 off 0.2460748200182637	false	1.0
rutschen	neg 1.0		__DUMMY__ 0.5005282339378399 neg 0.263761880395876 off 0.23570988566628412	false	1.0
rezession	neg 1.0		__DUMMY__ 0.48803466865673467 neg 0.2606503651435851 off 0.2513149661996803	false	1.0
fehlgeburt	neg 1.0		__DUMMY__ 0.49399170978296897 neg 0.26295935950194854 off 0.24304893071508243	false	1.0
charakterschwach	off 1.0		__DUMMY__ 0.490662468892496 neg 0.26199072990431616 off 0.24734680120318794	false	0.5
isolation	neg 1.0		__DUMMY__ 0.49196425977229685 neg 0.2608017529798477 off 0.24723398724785545	false	1.0
ablenkung	neg 1.0		__DUMMY__ 0.4944839764106052 neg 0.26308730262085706 off 0.2424287209685378	false	1.0
pech	neg 1.0		__DUMMY__ 0.49327288543933445 neg 0.2615654940551162 off 0.24516162050554924	false	1.0
vermeidung	neg 1.0		__DUMMY__ 0.4932111407735877 neg 0.2573371664197357 off 0.24945169280667664	false	1.0
dominieren	neg 1.0		__DUMMY__ 0.49211808268320606 neg 0.26767572624947134 off 0.24020619106732247	false	1.0
schwindlig	neg 1.0		__DUMMY__ 0.4949016556495607 neg 0.25989079360800327 off 0.24520755074243603	false	1.0
lutscher	neg 1.0		__DUMMY__ 0.48732287411482444 neg 0.2567973059835323 off 0.2558798199016434	false	1.0
pflicht	neg 1.0		__DUMMY__ 0.49369310070326966 neg 0.26961754033541696 off 0.2366893589613135	false	1.0
faschist	off 1.0		__DUMMY__ 0.4895367596293497 neg 0.26648539737678967 off 0.24397784299386058	false	0.5
verschleudern	neg 1.0		__DUMMY__ 0.4914042302938246 neg 0.26985350245241574 off 0.23874226725375972	false	1.0
wenn			__DUMMY__ 0.4923177626931488 neg 0.2619130744365839 off 0.24576916287026732	false	0.0
ehebruch	neg 1.0		__DUMMY__ 0.49258429568315937 neg 0.2686901804535541 off 0.23872552386328666	false	1.0
spott	off 1.0		__DUMMY__ 0.49284093450168986 neg 0.2690516807168657 off 0.23810738478144444	false	0.5
trostlosigkeit	neg 1.0		__DUMMY__ 0.4915211260375462 neg 0.27206763953875235 off 0.2364112344237015	false	1.0
lutschen	neg 1.0		__DUMMY__ 0.4901374829490341 neg 0.2635688670320615 off 0.24629365001890444	false	1.0
undiszipliniert	neg 1.0		__DUMMY__ 0.4915733147604523 neg 0.25921964152296234 off 0.24920704371658525	false	1.0
kopfschmerz	neg 1.0		__DUMMY__ 0.4947433339447449 neg 0.2634912736441607 off 0.24176539241109446	false	1.0
unvorhergesehen	neg 1.0		__DUMMY__ 0.49701884003873104 neg 0.2621911756864114 off 0.24078998427485754	false	1.0
desinteressiert	neg 1.0		__DUMMY__ 0.4907652076408439 neg 0.260530704539014 off 0.24870408782014225	false	1.0
armselig	off 1.0		__DUMMY__ 0.489862785742066 neg 0.26058402908719164 off 0.2495531851707423	false	0.5
desaster	neg 1.0		__DUMMY__ 0.4918317528542211 neg 0.27356349643345385 off 0.23460475071232503	false	1.0
tod	neg 1.0		__DUMMY__ 0.4923215905024326 neg 0.2692267522976922 off 0.23845165719987513	false	1.0
herzlos	neg 1.0		__DUMMY__ 0.49194533058644113 neg 0.25725414274603214 off 0.2508005266675266	false	1.0
unwissenheit	neg 1.0		__DUMMY__ 0.4923973713309288 neg 0.26824562348176867 off 0.2393570051873024	false	1.0
widersinnig	neg 1.0		__DUMMY__ 0.48909617553756896 neg 0.2712007747573642 off 0.23970304970506678	false	1.0
bedenklich	neg 1.0		__DUMMY__ 0.4934662451955283 neg 0.2686462376425612 off 0.2378875171619106	false	1.0
beanstanden	neg 1.0		__DUMMY__ 0.49357694193153817 neg 0.2702209987635856 off 0.23620205930487626	false	1.0
panisch	neg 1.0	neg 1.0	neg 0.6169021312186745 __DUMMY__ 0.2440580741192035 off 0.13903979466212193	false	1.0
debil	off 1.0		__DUMMY__ 0.49567480883615 neg 0.27037022754702367 off 0.2339549636168264	false	0.5
abstrich	neg 1.0		__DUMMY__ 0.4968066446598579 neg 0.25990929871726226 off 0.2432840566228799	false	1.0
primitiv	neg 1.0		__DUMMY__ 0.49030291570788304 neg 0.261666792281157 off 0.24803029201095986	false	1.0
abschaum	off 1.0	off 1.0	off 0.6100866323902521 __DUMMY__ 0.24043873682947978 neg 0.14947463078026815	false	1.0
provozieren	neg 1.0		__DUMMY__ 0.4917798973186776 neg 0.2663353569322393 off 0.24188474574908314	false	1.0
tot	neg 1.0		__DUMMY__ 0.4929306667069252 neg 0.26604413512931363 off 0.24102519816376103	false	1.0
instabil	neg 1.0		__DUMMY__ 0.4878528261837639 neg 0.26195326075557746 off 0.2501939130606587	false	1.0
schwuchtel	off 1.0		__DUMMY__ 0.48410231507451157 off 0.26074986045142806 neg 0.25514782447406037	false	1.0
zerren	neg 1.0		__DUMMY__ 0.4945784417302587 neg 0.26492961007412585 off 0.24049194819561542	false	1.0
kinderficker	off 1.0		__DUMMY__ 0.48836741723588223 neg 0.26000637246721187 off 0.25162621029690574	false	0.5
gefahr	neg 1.0		__DUMMY__ 0.4922755795878944 neg 0.2695070467704911 off 0.23821737364161438	false	1.0
rabiat	neg 1.0		__DUMMY__ 0.49311946252378264 neg 0.26500333632373024 off 0.24187720115248718	false	1.0
verlangsamung	neg 1.0		__DUMMY__ 0.48777304342237543 neg 0.2573528827318827 off 0.25487407384574173	false	1.0
ausgestorben	neg 1.0		__DUMMY__ 0.49402191413616786 neg 0.26555833203686957 off 0.24041975382696254	false	1.0
anklagen	neg 1.0		__DUMMY__ 0.49209951577100136 neg 0.26647354960684555 off 0.24142693462215303	false	1.0
trott	neg 1.0		__DUMMY__ 0.4941940898305665 neg 0.26353075613720783 off 0.24227515403222566	false	1.0
verminderung	neg 1.0		__DUMMY__ 0.4909947263565932 neg 0.25934579898453647 off 0.24965947465887028	false	1.0
nach			__DUMMY__ 0.4991320694278591 neg 0.26569255344730247 off 0.23517537712483846	false	0.0
rost	neg 1.0		__DUMMY__ 0.4886942351956807 neg 0.25591951744452746 off 0.2553862473597919	false	1.0
destruktiv	neg 1.0		__DUMMY__ 0.49144766935758377 neg 0.2679871901004877 off 0.24056514054192846	false	1.0
unzumutbarkeit	neg 1.0		__DUMMY__ 0.4922865797916616 neg 0.2584877214656862 off 0.24922569874265207	false	1.0
labil	off 1.0	off 1.0	off 0.6107377811528196 __DUMMY__ 0.2405238890474494 neg 0.14873832979973095	false	1.0
ziemlich	neg 1.0		__DUMMY__ 0.4921783551559819 neg 0.26021866039812236 off 0.2476029844458958	false	1.0
lachnummer	off 1.0		__DUMMY__ 0.4913305528071739 neg 0.26815878263311066 off 0.2405106645597153	false	0.5
oder			__DUMMY__ 0.49476769718937796 neg 0.2631446236352935 off 0.24208767917532853	false	0.0
verfall	neg 1.0		__DUMMY__ 0.4949190833606132 neg 0.271650723901736 off 0.23343019273765075	false	1.0
ausgrenzung	neg 1.0		__DUMMY__ 0.4897145673086344 neg 0.26659429964700226 off 0.24369113304436343	false	1.0
unordnung	neg 1.0		__DUMMY__ 0.488193198287803 neg 0.2608202755939777 off 0.25098652611821914	false	1.0
fehlverhalten	neg 1.0		__DUMMY__ 0.49230610399970964 neg 0.2701353082735032 off 0.23755858772678717	false	1.0
eine			__DUMMY__ 0.4958293359891781 neg 0.2675472975221289 off 0.23662336648869298	false	0.0
nille	neg 1.0		__DUMMY__ 0.49085840318869356 neg 0.2674733389296512 off 0.24166825788165536	false	1.0
qual	neg 1.0		__DUMMY__ 0.49391831550781234 neg 0.2639669438356584 off 0.24211474065652924	false	1.0
verschwenden	neg 1.0		__DUMMY__ 0.4943534939434453 neg 0.2673568818826474 off 0.2382896241739073	false	1.0
riesig	neg 1.0		__DUMMY__ 0.49521512008872476 neg 0.262968876593022 off 0.24181600331825323	false	1.0
verurteilen	neg 1.0		__DUMMY__ 0.49192974391656624 neg 0.26860196381162127 off 0.23946829227181254	false	1.0
klischee	neg 1.0	neg 1.0	neg 0.620547390986279 __DUMMY__ 0.24045782610668592 off 0.1389947829070352	false	1.0
diktatorisch	neg 1.0		__DUMMY__ 0.48848533695518814 neg 0.2690265605258192 off 0.2424881025189926	false	1.0
vorhersehbar	neg 1.0		__DUMMY__ 0.4908965092009938 neg 0.2655204693927558 off 0.24358302140625027	false	1.0
sowie			__DUMMY__ 0.4877942611238242 neg 0.2590391255704533 off 0.2531666133057225	false	0.0
stornieren	neg 1.0		__DUMMY__ 0.49508911650683973 neg 0.25939003471147404 off 0.24552084878168634	false	1.0
besteuerung	neg 1.0		__DUMMY__ 0.4922843978417594 neg 0.2642527510702011 off 0.24346285108803953	false	1.0
ungeschminkt	neg 1.0		__DUMMY__ 0.4919510020144139 neg 0.25969874758193345 off 0.2483502504036527	false	1.0
kritisch	neg 1.0		__DUMMY__ 0.49243103541974603 neg 0.2696101777694481 off 0.23795878681080596	false	1.0
schlamperei	off 1.0		__DUMMY__ 0.49158274304193234 neg 0.2700486718097766 off 0.2383685851482911	false	0.5
sucht	neg 1.0	neg 1.0	neg 0.6162437800818601 __DUMMY__ 0.24404387036400127 off 0.13971234955413864	false	1.0
egoistisch	off 1.0		__DUMMY__ 0.4897847390200389 neg 0.2574229996070264 off 0.2527922613729346	false	0.5
ausbeuter	off 1.0		__DUMMY__ 0.49220038973942437 neg 0.270572254623423 off 0.23722735563715266	false	0.5
arschgeburt	off 1.0		__DUMMY__ 0.48406728204304883 off 0.2605928484463795 neg 0.25533986951057175	false	1.0
schubs	neg 1.0	neg 1.0	neg 0.6197311560521168 __DUMMY__ 0.2439427700342592 off 0.1363260739136239	false	1.0
unsolide	neg 1.0		__DUMMY__ 0.4849409451210049 neg 0.2701327088839448 off 0.24492634599505025	false	1.0
beschwerde	neg 1.0		__DUMMY__ 0.49159359597395047 neg 0.2691961803297739 off 0.2392102236962756	false	1.0
stocken	neg 1.0		__DUMMY__ 0.4941441245431327 neg 0.2664100878169336 off 0.23944578763993352	false	1.0
isolieren	neg 1.0		__DUMMY__ 0.49552305716253614 neg 0.2624579639571257 off 0.24201897888033816	false	1.0
unheilbar	neg 1.0		__DUMMY__ 0.4939491447106934 neg 0.26297594311043965 off 0.24307491217886712	false	1.0
pisser	off 1.0		__DUMMY__ 0.4889945080069826 neg 0.260430562957792 off 0.2505749290352253	false	0.5
löschen	neg 1.0		__DUMMY__ 0.4925411405779042 neg 0.2642739708365173 off 0.24318488858557846	false	1.0
durchfallen	neg 1.0		__DUMMY__ 0.4932350517997222 neg 0.26841073744418287 off 0.23835421075609486	false	1.0
wichser	off 1.0		__DUMMY__ 0.48765540910615524 off 0.2572285502977767 neg 0.2551160405960682	false	1.0
terror	neg 1.0		__DUMMY__ 0.49350307705619934 neg 0.2603041172363052 off 0.24619280570749535	false	1.0
krass	neg 1.0		__DUMMY__ 0.49089368477373585 neg 0.25820793131264613 off 0.25089838391361796	false	1.0
revolte	neg 1.0	neg 1.0	neg 0.6223417244861491 __DUMMY__ 0.23883890220058976 off 0.13881937331326114	false	1.0
besorgt	neg 1.0		__DUMMY__ 0.49635623728254596 neg 0.26274135559369544 off 0.24090240712375868	false	1.0
nachlassen	neg 1.0		__DUMMY__ 0.495956856075657 neg 0.26341145228989615 off 0.24063169163444675	false	1.0
alt	neg 1.0		__DUMMY__ 0.4959132869242771 neg 0.265743147198282 off 0.23834356587744088	false	1.0
hundesohn	off 1.0		__DUMMY__ 0.4857831287147046 neg 0.25823911335960525 off 0.25597775792569005	false	0.5
als			__DUMMY__ 0.4947778332122822 neg 0.2655520477146376 off 0.23967011907308017	false	0.0
abschreckung	neg 1.0		__DUMMY__ 0.4931301671910408 neg 0.27044636437835123 off 0.23642346843060796	false	1.0
unqualifiziert	neg 1.0		__DUMMY__ 0.49084033213552153 neg 0.2652434195121724 off 0.243916248352306	false	1.0
abgewichst	off 1.0		__DUMMY__ 0.4929643202792774 neg 0.2658557989846032 off 0.24117988073611948	false	0.5
schwer	neg 1.0		__DUMMY__ 0.4941628824929753 neg 0.26433270498609646 off 0.2415044125209283	false	1.0
bedeutungslosigkeit	neg 1.0		__DUMMY__ 0.4925225582988769 neg 0.2705613000199249 off 0.23691614168119812	false	1.0
kapitulation	neg 1.0		__DUMMY__ 0.4898510944667732 neg 0.27154811901777304 off 0.23860078651545363	false	1.0
unscharf	neg 1.0		__DUMMY__ 0.4931013735295957 neg 0.26167009187744766 off 0.2452285345929566	false	1.0
schwinden	neg 1.0		__DUMMY__ 0.49518374504547874 neg 0.26661371243551457 off 0.23820254251900685	false	1.0
versklavung	neg 1.0		__DUMMY__ 0.4894482655265782 neg 0.26796239787880405 off 0.24258933659461782	false	1.0
schlecht	neg 1.0		__DUMMY__ 0.49248454106769507 neg 0.25946142318563753 off 0.24805403574666735	false	1.0
verhasst	neg 1.0		__DUMMY__ 0.49128317140487776 neg 0.26691112412017015 off 0.24180570447495206	false	1.0
beschweren	neg 1.0		__DUMMY__ 0.49347127882578395 neg 0.262911536791786 off 0.24361718438243005	false	1.0
scheiden	neg 1.0		__DUMMY__ 0.49376843000935855 neg 0.264859628166789 off 0.24137194182385252	false	1.0
frustriert	neg 1.0		__DUMMY__ 0.49382688654746554 neg 0.26575823095996354 off 0.2404148824925709	false	1.0
schimmelig	neg 1.0		__DUMMY__ 0.49373909150683315 neg 0.2675046336751583 off 0.23875627481800854	false	1.0
fisch	neg 1.0		__DUMMY__ 0.49412428843454576 neg 0.2666528214650788 off 0.23922289010037542	false	1.0
schmuggel	neg 1.0		__DUMMY__ 0.4964936958310373 neg 0.26554643847101295 off 0.23795986569794983	false	1.0
auffallen	neg 1.0		__DUMMY__ 0.49289713639245186 neg 0.26312544679995575 off 0.24397741680759238	false	1.0
konkurrenz	neg 1.0		__DUMMY__ 0.49469732889774487 neg 0.26894373435443797 off 0.2363589367478172	false	1.0
teufelskreis	neg 1.0		__DUMMY__ 0.4932183153045741 neg 0.26616127892385816 off 0.2406204057715677	false	1.0
aufschreien	neg 1.0		__DUMMY__ 0.49147799841192685 neg 0.2648827928615799 off 0.24363920872649317	false	1.0
schuldner	neg 1.0		__DUMMY__ 0.49241139038852233 neg 0.26952914828182084 off 0.2380594613296569	false	1.0
missgeburt	off 1.0	off 1.0	off 0.6137838110595333 __DUMMY__ 0.23861476105878737 neg 0.1476014278816792	false	1.0
arbeitslos	neg 1.0		__DUMMY__ 0.4924606871807656 neg 0.2683135021501935 off 0.23922581066904092	false	1.0
befallen	neg 1.0		__DUMMY__ 0.4917768442165353 neg 0.2684851311124728 off 0.23973802467099192	false	1.0
miesepetrig	off 1.0		__DUMMY__ 0.4939873688562848 neg 0.25778220626267656 off 0.24823042488103872	false	0.5
alarmieren	neg 1.0		__DUMMY__ 0.4901836518480632 neg 0.26302960112557133 off 0.2467867470263655	false	1.0
ungeduscht	off 1.0		__DUMMY__ 0.49305334520179817 neg 0.2616849390911191 off 0.24526171570708288	false	0.5
knappheit	neg 1.0		__DUMMY__ 0.4926261208157579 neg 0.26758229757919255 off 0.23979158160504963	false	1.0
schlange	neg 1.0		__DUMMY__ 0.4948406685619072 neg 0.2613887743641694 off 0.24377055707392326	false	1.0
harsch	neg 1.0		__DUMMY__ 0.49185482094322847 off 0.25459253567217505 neg 0.25355264338459643	false	0.5
lang	neg 1.0		__DUMMY__ 0.4934500800712656 neg 0.2629911306064377 off 0.24355878932229671	false	1.0
ziellos	neg 1.0		__DUMMY__ 0.4944871662220406 neg 0.26633933014662425 off 0.23917350363133505	false	1.0
selbstverliebt	neg 1.0		__DUMMY__ 0.4849312325469609 off 0.2578029357274928 neg 0.2572658317255463	false	0.5
beseitigen	neg 1.0		__DUMMY__ 0.4939142569951637 neg 0.26284578110706625 off 0.2432399618977699	false	1.0
dumm	off 1.0		__DUMMY__ 0.48898133056364024 neg 0.2576414679918138 off 0.25337720144454606	false	0.5
arbeitsloser	neg 1.0		__DUMMY__ 0.4927179075960916 neg 0.2688959223635004 off 0.238386170040408	false	1.0
blitzen	neg 1.0		__DUMMY__ 0.49233939428228796 neg 0.26160842361366105 off 0.24605218210405097	false	1.0
hilflos	neg 1.0		__DUMMY__ 0.49411578526205824 neg 0.26579053960965354 off 0.2400936751282882	false	1.0
eklig	off 1.0		__DUMMY__ 0.48813893610925585 neg 0.2577133237587482 off 0.25414774013199587	false	0.5
begriff			__DUMMY__ 0.4931647511439339 neg 0.2665045972608702 off 0.24033065159519598	false	0.0
hungersnot	neg 1.0		__DUMMY__ 0.4897953804599975 neg 0.2690377607037562 off 0.24116685883624642	false	1.0
ungesetzlich	neg 1.0		__DUMMY__ 0.488140961081255 neg 0.2681984945153016 off 0.24366054440344354	false	1.0
verschwendung	neg 1.0		__DUMMY__ 0.4944041187328553 neg 0.26823043133155494 off 0.2373654499355898	false	1.0
schmerzvoll	neg 1.0		__DUMMY__ 0.4936160823617398 neg 0.2627295188096189 off 0.24365439882864118	false	1.0
vorzeitig	neg 1.0		__DUMMY__ 0.4915253460060341 neg 0.26091962257113877 off 0.2475550314228271	false	1.0
unvollkommenheit	neg 1.0		__DUMMY__ 0.49372384146484316 neg 0.2637603212390712 off 0.2425158372960856	false	1.0
intervenieren	neg 1.0		__DUMMY__ 0.49179953040569996 neg 0.2706204981199917 off 0.23757997147430832	false	1.0
banause	off 1.0		__DUMMY__ 0.48789194140844894 neg 0.256329911104361 off 0.25577814748719	false	0.5
rebell	neg 1.0		__DUMMY__ 0.49553820914675145 neg 0.2676187110639177 off 0.2368430797893308	false	1.0
unlogisch	neg 1.0		__DUMMY__ 0.48967619268529755 neg 0.26068236821790086 off 0.24964143909680167	false	1.0
leiden	neg 1.0	neg 1.0	neg 0.6173654515141137 __DUMMY__ 0.24697156178342994 off 0.13566298670245647	false	1.0
abschaffung	neg 1.0		__DUMMY__ 0.49065162828742304 neg 0.26678022249045985 off 0.2425681492221171	false	1.0
sturz	neg 1.0		__DUMMY__ 0.4909578732845141 neg 0.2656938784166865 off 0.24334824829879928	false	1.0
verkleinerung	neg 1.0		__DUMMY__ 0.4883000259446669 neg 0.26649074541247586 off 0.24520922864285716	false	1.0
schmarotzer	off 1.0		__DUMMY__ 0.4917128578899051 neg 0.26969074991392544 off 0.23859639219616946	false	0.5
bestrafung	neg 1.0		__DUMMY__ 0.4927831655527862 neg 0.26401097010276603 off 0.24320586434444774	false	1.0
achtlos	neg 1.0		__DUMMY__ 0.4947174827702977 neg 0.26363877833900595 off 0.24164373889069626	false	1.0
ungeheuer	neg 1.0		__DUMMY__ 0.4927813208695055 neg 0.26287001266102006 off 0.2443486664694744	false	1.0
unaufrichtig	neg 1.0		__DUMMY__ 0.4905332599998384 neg 0.26448597165716126 off 0.24498076834300037	false	1.0
groggy	neg 1.0		__DUMMY__ 0.4917993011342906 neg 0.26253265961038535 off 0.24566803925532402	false	1.0
verletzlich	neg 1.0		__DUMMY__ 0.49170821208034093 neg 0.2601633677670946 off 0.2481284201525644	false	1.0
ablehnen	neg 1.0		__DUMMY__ 0.4921373428162571 neg 0.268636096158911 off 0.23922656102483197	false	1.0
