unsolidarisch	neg 1.0		neg 0.48842262809491827 off 0.43965733667618917 __DUMMY__ 0.07192003522889256	false	1.0
nachteilig	neg 1.0		neg 0.48803391176485517 off 0.43925832397851305 __DUMMY__ 0.07270776425663195	false	1.0
skeptisch	neg 1.0		neg 0.48990590421532115 off 0.43712530180061515 __DUMMY__ 0.07296879398406367	false	1.0
schrecklich	neg 1.0		neg 0.4768140223512883 off 0.45085232016199583 __DUMMY__ 0.07233365748671589	false	1.0
schlapp	neg 1.0		neg 0.47884161272026576 off 0.44828288158716545 __DUMMY__ 0.07287550569256869	false	1.0
abfall	neg 1.0		neg 0.49098044636655713 off 0.4359055103983158 __DUMMY__ 0.07311404323512691	false	1.0
widerspenstig	neg 1.0		neg 0.48295759575418623 off 0.4439173226787761 __DUMMY__ 0.07312508156703751	false	1.0
abrupt	neg 1.0		neg 0.4833823299279931 off 0.4432962822941761 __DUMMY__ 0.07332138777783088	false	1.0
unwirksam	neg 1.0		neg 0.4878446916159014 off 0.4401658307394135 __DUMMY__ 0.07198947764468513	false	1.0
angreifen	neg 1.0		neg 0.48935076787016923 off 0.4378750257763641 __DUMMY__ 0.07277420635346657	false	1.0
inkonsistent	neg 1.0		neg 0.4824954584747083 off 0.4449106372396406 __DUMMY__ 0.07259390428565109	false	1.0
abrutschen	neg 1.0		neg 0.4904206299160603 off 0.43638135536334394 __DUMMY__ 0.07319801472059582	false	1.0
unsicher	neg 1.0		neg 0.4843649112952266 off 0.44276638153206155 __DUMMY__ 0.07286870717271202	false	1.0
bauernkind	off 1.0		neg 0.4757958619395079 off 0.45246601353743066 __DUMMY__ 0.07173812452306144	false	0.5
angreifer	neg 1.0		neg 0.48310560085732834 off 0.44458867962657916 __DUMMY__ 0.07230571951609248	false	1.0
trennen	neg 1.0		neg 0.4868997960370879 off 0.43974078819456086 __DUMMY__ 0.0733594157683512	false	1.0
schmutz	neg 1.0		neg 0.4762255972657082 off 0.45064195709108124 __DUMMY__ 0.07313244564321064	false	1.0
inkonsistenz	neg 1.0	neg 1.0	neg 0.7280406750418924 off 0.23716759495842513 __DUMMY__ 0.03479172999968248	false	1.0
erschreckend	neg 1.0		neg 0.48665171858016076 off 0.44064431471138776 __DUMMY__ 0.07270396670845156	false	1.0
ertrinken	neg 1.0		neg 0.48636440019614746 off 0.44045481205009335 __DUMMY__ 0.07318078775375923	false	1.0
pickelface	off 1.0		neg 0.485246470366466 off 0.44232034133446174 __DUMMY__ 0.07243318829907233	false	0.5
seiner			neg 0.48887372177277144 off 0.43822223687110895 __DUMMY__ 0.0729040413561196	false	0.0
lauch	neg 1.0		neg 0.4895138283799892 off 0.43743158242008173 __DUMMY__ 0.07305458919992908	false	1.0
unwichtig	neg 1.0		neg 0.4807638111693857 off 0.446705473231629 __DUMMY__ 0.07253071559898537	false	1.0
steuerhinterziehung	neg 1.0		neg 0.4884160496480069 off 0.4393892827697544 __DUMMY__ 0.07219466758223869	false	1.0
schock	neg 1.0		neg 0.4838583639627973 off 0.44286672557604456 __DUMMY__ 0.07327491046115811	false	1.0
beule	neg 1.0		neg 0.47801146854903664 off 0.44925129242085937 __DUMMY__ 0.07273723903010401	false	1.0
vergelten	neg 1.0		neg 0.47652239642022415 off 0.4514565684367725 __DUMMY__ 0.07202103514300343	false	1.0
verdorbenheit	neg 1.0		neg 0.4822884592790564 off 0.44481008641368824 __DUMMY__ 0.07290145430725549	false	1.0
trauma	neg 1.0		neg 0.48299935968793495 off 0.44432531740638576 __DUMMY__ 0.07267532290567923	false	1.0
sinnlos	neg 1.0		neg 0.4826876515658511 off 0.44462126659222906 __DUMMY__ 0.07269108184191994	false	1.0
fettsack	off 1.0	off 1.0	off 0.7112424230280532 neg 0.254163377757154 __DUMMY__ 0.03459419921479279	false	1.0
feige	off 1.0		neg 0.4822745200409459 off 0.44539428034816586 __DUMMY__ 0.07233119961088831	false	0.5
abdanken	neg 1.0		neg 0.4897406623452847 off 0.4383252236518325 __DUMMY__ 0.07193411400288274	false	1.0
wichtigtuer	off 1.0	off 1.0	off 0.7063824547186108 neg 0.2587967450828998 __DUMMY__ 0.03482080019848928	false	1.0
misslingen	neg 1.0		neg 0.47961003136329405 off 0.4472102542087345 __DUMMY__ 0.0731797144279714	false	1.0
untreu	off 1.0		neg 0.4798937062867691 off 0.4475841019055452 __DUMMY__ 0.07252219180768567	false	0.5
missmutig	neg 1.0		neg 0.47974038551066145 off 0.44741302638558406 __DUMMY__ 0.07284658810375448	false	1.0
hurenbock	off 1.0		neg 0.48060715859201636 off 0.446274417108243 __DUMMY__ 0.07311842429974065	false	0.5
betrunken	neg 1.0		neg 0.4773811452202655 off 0.4499699657595354 __DUMMY__ 0.07264888902019917	false	1.0
korrupt	off 1.0		neg 0.48995022224101165 off 0.43783253409052014 __DUMMY__ 0.0722172436684681	false	0.5
unmut	neg 1.0		neg 0.49125262193549624 off 0.43583998948583624 __DUMMY__ 0.07290738857866752	false	1.0
hackfresse	off 1.0		neg 0.4738831317772154 off 0.45399532471582243 __DUMMY__ 0.07212154350696208	false	0.5
aufblasen	neg 1.0		neg 0.481840923486038 off 0.44515115488523616 __DUMMY__ 0.07300792162872577	false	1.0
gewaltsam	neg 1.0		neg 0.4853708383610156 off 0.442296382297197 __DUMMY__ 0.07233277934178746	false	1.0
unbeliebtheit	neg 1.0		neg 0.4819790000863843 off 0.4462963518430898 __DUMMY__ 0.07172464807052585	false	1.0
sturheit	neg 1.0		neg 0.48707319345964867 off 0.44036307580549927 __DUMMY__ 0.0725637307348522	false	1.0
kuh	neg 1.0		neg 0.4837132625267821 off 0.44378623848885 __DUMMY__ 0.07250049898436803	false	1.0
erschrecken	neg 1.0		neg 0.4807737585532689 off 0.44648420134671835 __DUMMY__ 0.07274204010001276	false	1.0
opfer	neg 1.0		neg 0.48828947898360425 off 0.4388614684157113 __DUMMY__ 0.07284905260068456	false	1.0
sinken	neg 1.0		neg 0.49028770451345205 off 0.43680073150203796 __DUMMY__ 0.07291156398450996	false	1.0
stinktier	neg 1.0		neg 0.477640130136339 off 0.4503012602689124 __DUMMY__ 0.0720586095947487	false	1.0
tucke	off 1.0		neg 0.47224193242226065 off 0.4554952995800097 __DUMMY__ 0.07226276799772957	false	0.5
ein			neg 0.4819965334336084 off 0.4448578179055987 __DUMMY__ 0.07314564866079294	false	0.0
abstieg	neg 1.0		neg 0.48778261380752636 off 0.43968825296533387 __DUMMY__ 0.0725291332271398	false	1.0
missverstehen	neg 1.0		neg 0.48452356549761594 off 0.4430927713458537 __DUMMY__ 0.07238366315653029	false	1.0
ergebnislos	neg 1.0		neg 0.4879436915589094 off 0.43943945200831797 __DUMMY__ 0.07261685643277262	false	1.0
unter			neg 0.4915943297593863 off 0.43464243831665067 __DUMMY__ 0.07376323192396303	false	0.0
manipulieren	neg 1.0		neg 0.4883619263327434 off 0.4386846728004059 __DUMMY__ 0.07295340086685066	false	1.0
unbewiesen	neg 1.0		neg 0.4887706049710884 off 0.4393312649529941 __DUMMY__ 0.07189813007591742	false	1.0
verschleppen	neg 1.0		neg 0.4875293529327865 off 0.43977252867759575 __DUMMY__ 0.0726981183896177	false	1.0
weib	off 1.0		neg 0.47289512106690107 off 0.45510124727525747 __DUMMY__ 0.07200363165784136	false	0.5
opposition	neg 1.0		neg 0.4852084185825142 off 0.4425995875818116 __DUMMY__ 0.07219199383567419	false	1.0
verkehrswidrig	neg 1.0		neg 0.4730791089447431 off 0.4543179785371706 __DUMMY__ 0.07260291251808614	false	1.0
inkorrekt	neg 1.0		neg 0.4825591294809396 off 0.44551275718888367 __DUMMY__ 0.07192811333017665	false	1.0
vermeiden	neg 1.0		neg 0.4901822544721569 off 0.4363357498077287 __DUMMY__ 0.07348199572011445	false	1.0
abweichung	neg 1.0		neg 0.4900593211238725 off 0.43771259169097915 __DUMMY__ 0.07222808718514838	false	1.0
alkoholisiert	neg 1.0		neg 0.48368748447546767 off 0.4430225305552072 __DUMMY__ 0.07328998496932512	false	1.0
scheiss	off 1.0	off 1.0	off 0.7098291258188535 neg 0.25525153458062566 __DUMMY__ 0.03491933960052091	false	1.0
herausforderung	neg 1.0		neg 0.4843072251945164 off 0.44234237569778934 __DUMMY__ 0.07335039910769423	false	1.0
pervers	off 1.0		neg 0.4709181035404297 off 0.4572830778443296 __DUMMY__ 0.07179881861524072	false	0.5
wackelig	neg 1.0		neg 0.48373158260610005 off 0.4428264823439679 __DUMMY__ 0.07344193504993216	false	1.0
verwickeln	neg 1.0		neg 0.4840744770013932 off 0.4433997515964565 __DUMMY__ 0.0725257714021503	false	1.0
vorwand	neg 1.0		neg 0.4910076788516162 off 0.436215825902204 __DUMMY__ 0.07277649524617989	false	1.0
muschi	off 1.0		neg 0.48576034128716067 off 0.4417991175537792 __DUMMY__ 0.07244054115906019	false	0.5
entmutigung	neg 1.0		neg 0.48669471617456955 off 0.4415596451207664 __DUMMY__ 0.07174563870466405	false	1.0
unangemessen	neg 1.0		neg 0.4892709757643471 off 0.43829842858047363 __DUMMY__ 0.0724305956551792	false	1.0
unstetig	neg 1.0		neg 0.48127420323646736 off 0.4462372631823979 __DUMMY__ 0.07248853358113475	false	1.0
entmutigen	neg 1.0		neg 0.4826177416936382 off 0.4444800328656168 __DUMMY__ 0.07290222544074497	false	1.0
schwanz	neg 1.0		neg 0.4868832385535781 off 0.44040657038188 __DUMMY__ 0.07271019106454181	false	1.0
verbot	neg 1.0		neg 0.48935569288454345 off 0.4384256871893854 __DUMMY__ 0.07221861992607122	false	1.0
leid	neg 1.0		neg 0.4753757876268358 off 0.45237965054044454 __DUMMY__ 0.07224456183271963	false	1.0
archaisch	neg 1.0		neg 0.48769748665117263 off 0.43972045776857377 __DUMMY__ 0.07258205558025356	false	1.0
gegen			neg 0.49172258033562427 off 0.4357066130894644 __DUMMY__ 0.07257080657491143	false	0.0
scheidung	neg 1.0	neg 1.0	neg 0.7157713717032637 off 0.24959579601958082 __DUMMY__ 0.03463283227715558	false	1.0
einschlag	neg 1.0		neg 0.4774679616061006 off 0.45052089731358824 __DUMMY__ 0.07201114108031106	false	1.0
m			neg 0.4845904613614846 off 0.4423796239529991 __DUMMY__ 0.07302991468551628	false	0.0
abgestanden	neg 1.0		neg 0.4825684257578106 off 0.44436518316029144 __DUMMY__ 0.07306639108189787	false	1.0
schmierig	off 1.0		neg 0.47561308071434905 off 0.451950496190841 __DUMMY__ 0.07243642309480991	false	0.5
unpraktisch	neg 1.0		neg 0.48165612443985584 off 0.445296520973864 __DUMMY__ 0.07304735458628023	false	1.0
wixxer	off 1.0		neg 0.47126996978814895 off 0.4570474733628969 __DUMMY__ 0.0716825568489542	false	0.5
bezeichnet			neg 0.487103005081933 off 0.4404130282279819 __DUMMY__ 0.0724839666900851	false	0.0
jammerlappen	off 1.0		neg 0.48073193163982725 off 0.4467199725092 __DUMMY__ 0.07254809585097283	false	0.5
farce	neg 1.0		neg 0.49012642001919415 off 0.43790797395369413 __DUMMY__ 0.0719656060271116	false	1.0
zwecklos	neg 1.0		neg 0.48879343182510104 off 0.43861874991269734 __DUMMY__ 0.0725878182622017	false	1.0
turbulent	neg 1.0		neg 0.47776059626693124 off 0.450048966534265 __DUMMY__ 0.07219043719880372	false	1.0
invasion	neg 1.0		neg 0.4806772967049621 off 0.44652952768654014 __DUMMY__ 0.07279317560849766	false	1.0
schuld	neg 1.0		neg 0.4846930135314838 off 0.4426924434536365 __DUMMY__ 0.07261454301487959	false	1.0
risiko	neg 1.0		neg 0.47931072120828805 off 0.44771231023744434 __DUMMY__ 0.07297696855426775	false	1.0
finster	neg 1.0		neg 0.48260344205506267 off 0.4443523985424547 __DUMMY__ 0.0730441594024827	false	1.0
geisteskrank	off 1.0		neg 0.48121821168402024 off 0.4466857269051597 __DUMMY__ 0.07209606141081998	false	0.5
zusammenbrechen	neg 1.0		neg 0.48516091700609026 off 0.44183302809812564 __DUMMY__ 0.07300605489578398	false	1.0
ausbeute	neg 1.0		neg 0.485450887465441 off 0.44138837630691447 __DUMMY__ 0.07316073622764448	false	1.0
hinterhalt	neg 1.0		neg 0.4831327194903624 off 0.44413797053920556 __DUMMY__ 0.07272930997043194	false	1.0
kritik	neg 1.0		neg 0.4891491420018608 off 0.4387084388213195 __DUMMY__ 0.07214241917681966	false	1.0
einschrumpfen	neg 1.0		neg 0.4831154490154799 off 0.44475018302067393 __DUMMY__ 0.07213436796384619	false	1.0
riskant	neg 1.0		neg 0.4884887681564132 off 0.43861463320911104 __DUMMY__ 0.07289659863447584	false	1.0
frustrieren	neg 1.0		neg 0.48876334953798817 off 0.438389084429603 __DUMMY__ 0.07284756603240891	false	1.0
groll	neg 1.0		neg 0.48801447270021964 off 0.43931344174915493 __DUMMY__ 0.07267208555062554	false	1.0
gibt			neg 0.48658400606229407 off 0.4405766023822099 __DUMMY__ 0.07283939155549603	false	0.0
qualvoll	neg 1.0		neg 0.4811684559961186 off 0.4459412929047497 __DUMMY__ 0.07289025109913169	false	1.0
wackeln	neg 1.0		neg 0.4818391593656935 off 0.4450183120419945 __DUMMY__ 0.07314252859231207	false	1.0
klagen	neg 1.0		neg 0.4916768068355295 off 0.43564768749468474 __DUMMY__ 0.07267550566978573	false	1.0
bankrott	neg 1.0		neg 0.4793356261994978 off 0.44797250863527793 __DUMMY__ 0.07269186516522413	false	1.0
trauern	neg 1.0		neg 0.48804400184704955 off 0.43905038871413593 __DUMMY__ 0.07290560943881456	false	1.0
ablehnung	neg 1.0	neg 1.0	neg 0.7310457323157217 off 0.23421092976234353 __DUMMY__ 0.034743337921934764	false	1.0
stur	neg 1.0		neg 0.48408397598587166 off 0.4432747072868921 __DUMMY__ 0.0726413167272361	false	1.0
aufruhr	neg 1.0		neg 0.48627362751224024 off 0.44144385301495803 __DUMMY__ 0.07228251947280175	false	1.0
melancholie	neg 1.0		neg 0.48432298768608295 off 0.44237960933528836 __DUMMY__ 0.07329740297862872	false	1.0
ist			neg 0.48363934736309755 off 0.44369376279189027 __DUMMY__ 0.07266688984501217	false	0.0
torheit	neg 1.0		neg 0.4870631425343016 off 0.4408988538482957 __DUMMY__ 0.07203800361740283	false	1.0
dreckskind	off 1.0		neg 0.47728723233941617 off 0.4510144281744117 __DUMMY__ 0.07169833948617212	false	0.5
umtauschen	neg 1.0		neg 0.4833919872434238 off 0.44354837393815405 __DUMMY__ 0.07305963881842212	false	1.0
zum			neg 0.48887795585302923 off 0.43748212198886127 __DUMMY__ 0.07363992215810942	false	0.0
zersetzen	neg 1.0		neg 0.48988435609538517 off 0.43729644024932135 __DUMMY__ 0.0728192036552936	false	1.0
zur			neg 0.4927731959269235 off 0.43423845896338936 __DUMMY__ 0.07298834510968719	false	0.0
frust	neg 1.0		neg 0.486061090853734 off 0.4410321794339174 __DUMMY__ 0.07290672971234868	false	1.0
unerbittlichkeit	neg 1.0		neg 0.48901395724245467 off 0.4382041490555321 __DUMMY__ 0.0727818937020132	false	1.0
zwei			neg 0.4878953574074405 off 0.43865094454863157 __DUMMY__ 0.07345369804392789	false	0.0
unkorrekt	neg 1.0		neg 0.48157255835804375 off 0.4464767403534162 __DUMMY__ 0.07195070128854014	false	1.0
hexe	off 1.0		neg 0.4792866364242474 off 0.4481106291418905 __DUMMY__ 0.07260273443386216	false	0.5
lasch	neg 1.0		neg 0.48307350074220384 off 0.44454607983078526 __DUMMY__ 0.07238041942701078	false	1.0
rivale	neg 1.0		neg 0.4773305935520079 off 0.45054205575631356 __DUMMY__ 0.07212735069167857	false	1.0
mutlos	off 1.0	off 1.0	off 0.7038485491025989 neg 0.2612261368261058 __DUMMY__ 0.03492531407129539	false	1.0
wirr	off 1.0		neg 0.47896705757588237 off 0.44897907681834565 __DUMMY__ 0.07205386560577197	false	0.5
jahr			neg 0.4861762957602907 off 0.44054690545578284 __DUMMY__ 0.07327679878392657	false	0.0
wird			neg 0.4878313949038802 off 0.4392849776072098 __DUMMY__ 0.07288362748891003	false	0.0
strafbar	neg 1.0		neg 0.49078743655158574 off 0.4367874635276251 __DUMMY__ 0.07242509992078912	false	1.0
erosion	neg 1.0		neg 0.48179334235943067 off 0.44527859516489077 __DUMMY__ 0.07292806247567842	false	1.0
eingehen	neg 1.0		neg 0.4885328583979712 off 0.43876760437487616 __DUMMY__ 0.07269953722715267	false	1.0
faul	off 1.0		neg 0.4791211215828282 off 0.44800439351579324 __DUMMY__ 0.07287448490137849	false	0.5
provisorium	neg 1.0		neg 0.4928672670866988 off 0.4335034200840376 __DUMMY__ 0.07362931282926354	false	1.0
schmerzen	neg 1.0		neg 0.48436381335802636 off 0.4425943466042108 __DUMMY__ 0.07304184003776275	false	1.0
schrumpfen	neg 1.0		neg 0.49193872856372156 off 0.43487192831750765 __DUMMY__ 0.07318934311877086	false	1.0
geistlos	off 1.0		neg 0.4856795621377566 off 0.44235712533630495 __DUMMY__ 0.07196331252593834	false	0.5
fehlkauf	neg 1.0		neg 0.4827936027683401 off 0.4447513728816335 __DUMMY__ 0.0724550243500264	false	1.0
frustrierend	neg 1.0		neg 0.48124519645873004 off 0.4460757575536331 __DUMMY__ 0.07267904598763683	false	1.0
unzufrieden	neg 1.0		neg 0.48784069603954133 off 0.43941254447568157 __DUMMY__ 0.0727467594847772	false	1.0
verzweifeln	neg 1.0		neg 0.484828602560271 off 0.44226431801723204 __DUMMY__ 0.072907079422497	false	1.0
verzweifelt	neg 1.0		neg 0.4840261092092226 off 0.44330289318720817 __DUMMY__ 0.07267099760356929	false	1.0
misstrauensantrag	neg 1.0		neg 0.4841066354461925 off 0.4436579678718212 __DUMMY__ 0.07223539668198634	false	1.0
abfallen	neg 1.0		neg 0.4807270904707235 off 0.44598172653563145 __DUMMY__ 0.07329118299364518	false	1.0
fucker	off 1.0		neg 0.47850437658938016 off 0.4492927533681119 __DUMMY__ 0.07220287004250789	false	0.5
ungezogen	neg 1.0		neg 0.47212913522346545 off 0.45577272616334225 __DUMMY__ 0.07209813861319221	false	1.0
irrsinnig	neg 1.0	neg 1.0	neg 0.7290986415168298 off 0.23599463831870587 __DUMMY__ 0.034906720164464396	false	1.0
unfassbar	neg 1.0		neg 0.4799587320643976 off 0.4474750152713507 __DUMMY__ 0.07256625266425178	false	1.0
hart	neg 1.0		neg 0.4806083636917301 off 0.44704183382565216 __DUMMY__ 0.0723498024826177	false	1.0
widerlich	off 1.0		neg 0.48044526316397557 off 0.4472492420648802 __DUMMY__ 0.07230549477114422	false	0.5
fatal	neg 1.0		neg 0.4825476984418453 off 0.4449242705434481 __DUMMY__ 0.0725280310147065	false	1.0
bruch	neg 1.0		neg 0.49290534469591935 off 0.4345439874434558 __DUMMY__ 0.07255066786062482	false	1.0
aushungern	neg 1.0		neg 0.4870484409804387 off 0.44071246341389647 __DUMMY__ 0.07223909560566483	false	1.0
anspannung	neg 1.0		neg 0.4889560126061474 off 0.4376291906258491 __DUMMY__ 0.0734147967680035	false	1.0
von			neg 0.48825734167804813 off 0.4386144789213913 __DUMMY__ 0.0731281794005605	false	0.0
kraftlos	neg 1.0		neg 0.48455336787357073 off 0.44208001793485724 __DUMMY__ 0.07336661419157212	false	1.0
vom			neg 0.4918655185180493 off 0.4345485887278596 __DUMMY__ 0.07358589275409101	false	0.0
grenzdebil	off 1.0		neg 0.47861703398746674 off 0.44880252763631145 __DUMMY__ 0.0725804383762218	false	0.5
vor			neg 0.4892352692143205 off 0.4375858006735747 __DUMMY__ 0.07317893011210479	false	0.0
unterwerfen	neg 1.0		neg 0.4886754244216008 off 0.43859641770333463 __DUMMY__ 0.07272815787506455	false	1.0
versenkung	neg 1.0		neg 0.4889152083121197 off 0.43827100683759357 __DUMMY__ 0.07281378485028682	false	1.0
entziehen	neg 1.0		neg 0.49135659346406074 off 0.43581295288215266 __DUMMY__ 0.07283045365378665	false	1.0
finanzkrise	neg 1.0		neg 0.4874765573184103 off 0.4403059814851041 __DUMMY__ 0.07221746119648574	false	1.0
schimpfend	neg 1.0		neg 0.47913894449508887 off 0.4474742919079106 __DUMMY__ 0.07338676359700048	false	1.0
profan	neg 1.0		neg 0.48263250288528947 off 0.44466765648959583 __DUMMY__ 0.07269984062511473	false	1.0
korruption	neg 1.0		neg 0.48972655903307943 off 0.43804125679110106 __DUMMY__ 0.07223218417581942	false	1.0
â			neg 0.48592099021026075 off 0.4410955856129373 __DUMMY__ 0.07298342417680209	false	0.0
schmutzig	neg 1.0		neg 0.4774311508826992 off 0.44968043485135867 __DUMMY__ 0.07288841426594214	false	1.0
sexy	neg 1.0		neg 0.4804320285590817 off 0.4469461534331656 __DUMMY__ 0.07262181800775283	false	1.0
abraten	neg 1.0		neg 0.4830025987804919 off 0.4441759595698006 __DUMMY__ 0.07282144164970751	false	1.0
schwarz	neg 1.0		neg 0.483367776781468 off 0.444065921735706 __DUMMY__ 0.07256630148282592	false	1.0
fotze	off 1.0		neg 0.48728105045672054 off 0.4401701918673913 __DUMMY__ 0.07254875767588806	false	0.5
verwirren	neg 1.0		neg 0.48206178360665997 off 0.44529712093534113 __DUMMY__ 0.07264109545799881	false	1.0
zahnlos	off 1.0		neg 0.4888918613052169 off 0.4386001411112482 __DUMMY__ 0.07250799758353504	false	0.5
verheeren	neg 1.0		neg 0.4714166929830932 off 0.4568346591902061 __DUMMY__ 0.07174864782670065	false	1.0
hippie	neg 1.0		neg 0.48094607811418116 off 0.44647600411597516 __DUMMY__ 0.07257791776984367	false	1.0
rammen	neg 1.0		neg 0.4818163251784714 off 0.44554550548126315 __DUMMY__ 0.07263816934026548	false	1.0
unlauter	neg 1.0	neg 1.0	neg 0.7287770285737356 off 0.23647967940985679 __DUMMY__ 0.03474329201640768	false	1.0
unheilvoll	neg 1.0		neg 0.48183476824232646 off 0.44532106334110766 __DUMMY__ 0.07284416841656578	false	1.0
niedrig	neg 1.0		neg 0.48829583500918033 off 0.4390668151012588 __DUMMY__ 0.07263734988956098	false	1.0
explosion	neg 1.0		neg 0.4807318980674858 off 0.4465474905061881 __DUMMY__ 0.072720611426326	false	1.0
weichei	off 1.0		neg 0.47521090394192095 off 0.45265712299482797 __DUMMY__ 0.07213197306325103	false	0.5
minusmensch	off 1.0		neg 0.47425093682103253 off 0.4544084982532738 __DUMMY__ 0.07134056492569367	false	0.5
farblos	neg 1.0		neg 0.48318842567594433 off 0.4440912887274995 __DUMMY__ 0.07272028559655626	false	1.0
unwissend	neg 1.0		neg 0.4809950169862318 off 0.44661610575503125 __DUMMY__ 0.07238887725873704	false	1.0
traurig	neg 1.0		neg 0.47664125971527094 off 0.4507920529938703 __DUMMY__ 0.07256668729085866	false	1.0
senkung	neg 1.0		neg 0.48186816101311497 off 0.4456132402398071 __DUMMY__ 0.072518598747078	false	1.0
ungleich	neg 1.0	neg 1.0	neg 0.7315456695840442 off 0.2335120541946265 __DUMMY__ 0.03494227622132915	false	1.0
heikel	neg 1.0		neg 0.49004535955227574 off 0.4371384303113605 __DUMMY__ 0.07281621013636379	false	1.0
drosselung	neg 1.0		neg 0.4763661911339062 off 0.451105629733011 __DUMMY__ 0.07252817913308278	false	1.0
falsch	neg 1.0		neg 0.4813272182275175 off 0.44611217419547655 __DUMMY__ 0.07256060757700591	false	1.0
unzufriedenheit	neg 1.0		neg 0.4900944573347763 off 0.4370786921519246 __DUMMY__ 0.07282685051329908	false	1.0
kurz	neg 1.0		neg 0.48416454781098234 off 0.4426228603284501 __DUMMY__ 0.07321259186056746	false	1.0
unsinnig	neg 1.0		neg 0.48791975289634343 off 0.4394439769557839 __DUMMY__ 0.07263627014787258	false	1.0
penner	off 1.0	off 1.0	off 0.7127484597296502 neg 0.2525497560700477 __DUMMY__ 0.034701784200302135	false	1.0
seicht	neg 1.0		neg 0.4744128855850713 off 0.45382555753732556 __DUMMY__ 0.07176155687760333	false	1.0
dummheit	off 1.0	off 1.0	off 0.7069298774080172 neg 0.25823469285198636 __DUMMY__ 0.03483542973999643	false	1.0
unerfreulich	neg 1.0		neg 0.4897629504680057 off 0.4372564461064973 __DUMMY__ 0.07298060342549696	false	1.0
motherfucker	off 1.0	off 1.0	off 0.7099292663346335 neg 0.2553298949113143 __DUMMY__ 0.034740838754052136	false	1.0
pikiert	neg 1.0		neg 0.4813616526547229 off 0.4462400327931768 __DUMMY__ 0.07239831455210023	false	1.0
wrack	neg 1.0		neg 0.4866574129620752 off 0.44053287620366494 __DUMMY__ 0.07280971083425991	false	1.0
gangster	neg 1.0		neg 0.48170896322770734 off 0.4456844633796066 __DUMMY__ 0.07260657339268602	false	1.0
krank	neg 1.0		neg 0.47757860201399116 off 0.4496439444259058 __DUMMY__ 0.07277745356010294	false	1.0
reich	neg 1.0		neg 0.4831176171442518 off 0.44511362855346515 __DUMMY__ 0.07176875430228302	false	1.0
gnadenlos	neg 1.0		neg 0.48446739857933957 off 0.4428994832370692 __DUMMY__ 0.0726331181835913	false	1.0
niedergeschlagen	neg 1.0		neg 0.4851612575718886 off 0.44185933163476776 __DUMMY__ 0.07297941079334365	false	1.0
terrorisieren	off 1.0	off 1.0	off 0.7042608121875117 neg 0.26066058659543334 __DUMMY__ 0.035078601217054875	false	1.0
sinnlosigkeit	neg 1.0		neg 0.4880894516499336 off 0.43928528507590003 __DUMMY__ 0.07262526327416644	false	1.0
behindern	neg 1.0		neg 0.4836043043429945 off 0.4434312191090572 __DUMMY__ 0.07296447654794813	false	1.0
undemokratisch	neg 1.0		neg 0.48643001621340337 off 0.44147635081445197 __DUMMY__ 0.07209363297214472	false	1.0
wirtschaftskrise	neg 1.0		neg 0.4883904192916756 off 0.4391457981126467 __DUMMY__ 0.07246378259567764	false	1.0
neid	neg 1.0		neg 0.47950751297744154 off 0.4475457141054479 __DUMMY__ 0.07294677291711057	false	1.0
rutschen	neg 1.0		neg 0.48723078437740364 off 0.4389032917623439 __DUMMY__ 0.07386592386025255	false	1.0
rezession	neg 1.0		neg 0.4778620993618709 off 0.45025109126586105 __DUMMY__ 0.07188680937226813	false	1.0
fehlgeburt	neg 1.0		neg 0.4832215701061796 off 0.4439746099425103 __DUMMY__ 0.07280381995131009	false	1.0
charakterschwach	off 1.0		neg 0.48062535507285636 off 0.44706597767871137 __DUMMY__ 0.07230866724843227	false	0.5
isolation	neg 1.0		neg 0.4798973784393852 off 0.4475833764586899 __DUMMY__ 0.07251924510192484	false	1.0
ablenkung	neg 1.0		neg 0.48361106781754926 off 0.4434683390471305 __DUMMY__ 0.07292059313532036	false	1.0
pech	neg 1.0		neg 0.48126975586224247 off 0.44601773677947654 __DUMMY__ 0.07271250735828097	false	1.0
vermeidung	neg 1.0		neg 0.47674777677326885 off 0.45054700824975613 __DUMMY__ 0.072705214976975	false	1.0
dominieren	neg 1.0		neg 0.4874502558317784 off 0.4400224227718817 __DUMMY__ 0.0725273213963398	false	1.0
schwindlig	neg 1.0		neg 0.48026122646157093 off 0.4467619196468884 __DUMMY__ 0.07297685389154068	false	1.0
lutscher	neg 1.0		neg 0.4733064048174841 off 0.45491929018583754 __DUMMY__ 0.07177430499667833	false	1.0
pflicht	neg 1.0		neg 0.4903605385097676 off 0.43684529663586924 __DUMMY__ 0.07279416485436328	false	1.0
faschist	off 1.0		neg 0.4850143127741911 off 0.4428627083979901 __DUMMY__ 0.0721229788278189	false	0.5
verschleudern	neg 1.0		neg 0.48948298118646566 off 0.43809970940504767 __DUMMY__ 0.07241730940848666	false	1.0
wenn			neg 0.48127633617569787 off 0.44614481210797874 __DUMMY__ 0.07257885171632344	false	0.0
ehebruch	neg 1.0		neg 0.4888516304595077 off 0.43853928602064113 __DUMMY__ 0.07260908351985118	false	1.0
spott	off 1.0		neg 0.48936655884642205 off 0.4379810615573128 __DUMMY__ 0.07265237959626517	false	0.5
trostlosigkeit	neg 1.0		neg 0.49191530160778857 off 0.4356416652961999 __DUMMY__ 0.07244303309601144	false	1.0
lutschen	neg 1.0		neg 0.4820446499848158 off 0.4457383715725959 __DUMMY__ 0.0722169784425884	false	1.0
undiszipliniert	neg 1.0		neg 0.4779967150665543 off 0.4495515940455082 __DUMMY__ 0.07245169088793753	false	1.0
kopfschmerz	neg 1.0		neg 0.48407480506235556 off 0.44298021372301727 __DUMMY__ 0.07294498121462721	false	1.0
unvorhergesehen	neg 1.0		neg 0.4838174306270087 off 0.4428781269649792 __DUMMY__ 0.07330444240801218	false	1.0
desinteressiert	neg 1.0		neg 0.4790401187524146 off 0.4486299791362083 __DUMMY__ 0.07232990211137723	false	1.0
armselig	off 1.0		neg 0.4786994559483507 off 0.4491131289289874 __DUMMY__ 0.07218741512266177	false	0.5
desaster	neg 1.0		neg 0.49371795382978695 off 0.4337872567971879 __DUMMY__ 0.07249478937302513	false	1.0
tod	neg 1.0		neg 0.4891582044107385 off 0.4382929162872979 __DUMMY__ 0.07254887930196367	false	1.0
herzlos	neg 1.0		neg 0.47609160078183643 off 0.451393327499725 __DUMMY__ 0.07251507171843859	false	1.0
unwissenheit	neg 1.0		neg 0.4882519265635666 off 0.4391625390510674 __DUMMY__ 0.07258553438536608	false	1.0
widersinnig	neg 1.0		neg 0.48986540768580156 off 0.43807408770094586 __DUMMY__ 0.07206050461325256	false	1.0
bedenklich	neg 1.0		neg 0.4891668420407058 off 0.43807419337450465 __DUMMY__ 0.07275896458478943	false	1.0
beanstanden	neg 1.0		neg 0.4909539602413979 off 0.4362747176635334 __DUMMY__ 0.07277132209506856	false	1.0
panisch	neg 1.0	neg 1.0	neg 0.7260990712633012 off 0.2386035743633163 __DUMMY__ 0.03529735437338253	false	1.0
debil	off 1.0		neg 0.4920400209042342 off 0.43486840908895663 __DUMMY__ 0.07309157000680931	false	0.5
abstrich	neg 1.0		neg 0.48118197648988403 off 0.445578127844996 __DUMMY__ 0.07323989566511993	false	1.0
primitiv	neg 1.0		neg 0.48007397776582905 off 0.4476691371011059 __DUMMY__ 0.07225688513306498	false	1.0
abschaum	off 1.0	off 1.0	off 0.7081132422728993 neg 0.257126016082924 __DUMMY__ 0.03476074164417676	false	1.0
provozieren	neg 1.0		neg 0.48584135442279813 off 0.44166462841903215 __DUMMY__ 0.07249401715816961	false	1.0
tot	neg 1.0		neg 0.4859910783629468 off 0.4413689187537724 __DUMMY__ 0.07264000288328075	false	1.0
instabil	neg 1.0		neg 0.4791739924978652 off 0.44897805161350934 __DUMMY__ 0.07184795588862547	false	1.0
schwuchtel	off 1.0		neg 0.4700405533434897 off 0.45869152620390075 __DUMMY__ 0.07126792045260952	false	0.5
zerren	neg 1.0		neg 0.4856638249731099 off 0.4414005327851774 __DUMMY__ 0.07293564224171269	false	1.0
kinderficker	off 1.0		neg 0.4773970815501821 off 0.45066466868024957 __DUMMY__ 0.07193824976956817	false	0.5
gefahr	neg 1.0		neg 0.48958190328383017 off 0.43785875271481844 __DUMMY__ 0.0725593440013513	false	1.0
rabiat	neg 1.0		neg 0.48504835465867013 off 0.4422499899096884 __DUMMY__ 0.07270165543164142	false	1.0
verlangsamung	neg 1.0		neg 0.4742062469350667 off 0.4539562878601303 __DUMMY__ 0.0718374652048031	false	1.0
ausgestorben	neg 1.0		neg 0.4860584645899968 off 0.44109543972553805 __DUMMY__ 0.07284609568446514	false	1.0
anklagen	neg 1.0		neg 0.4862276726594688 off 0.4412462780370642 __DUMMY__ 0.07252604930346707	false	1.0
trott	neg 1.0		neg 0.4839245648656212 off 0.44319841847334435 __DUMMY__ 0.07287701666103451	false	1.0
verminderung	neg 1.0		neg 0.47782330547833896 off 0.4498180547326363 __DUMMY__ 0.07235863978902476	false	1.0
nach			neg 0.48868367957744085 off 0.43767069250500706 __DUMMY__ 0.07364562791755205	false	0.0
rost	neg 1.0		neg 0.4731060671252272 off 0.4549178200864432 __DUMMY__ 0.07197611278832972	false	1.0
destruktiv	neg 1.0		neg 0.48748977072501276 off 0.4400741317600193 __DUMMY__ 0.0724360975149679	false	1.0
unzumutbarkeit	neg 1.0		neg 0.4775884595202543 off 0.44985944874630784 __DUMMY__ 0.07255209173343775	false	1.0
labil	off 1.0	off 1.0	off 0.7088197164001924 neg 0.256405505999988 __DUMMY__ 0.03477477759981969	false	1.0
ziemlich	neg 1.0		neg 0.47937274169888217 off 0.44807344192155457 __DUMMY__ 0.07255381637956324	false	1.0
lachnummer	off 1.0		neg 0.4876395741455509 off 0.43994026045886253 __DUMMY__ 0.0724201653955866	false	0.5
oder			neg 0.4837595837143401 off 0.4432772986334288 __DUMMY__ 0.07296311765223104	false	0.0
verfall	neg 1.0		neg 0.49313296695104564 off 0.43388544161610976 __DUMMY__ 0.07298159143284468	false	1.0
ausgrenzung	neg 1.0		neg 0.4852109811149175 off 0.4426357987314961 __DUMMY__ 0.07215322015358655	false	1.0
unordnung	neg 1.0		neg 0.47810919934769597 off 0.44999843663423983 __DUMMY__ 0.07189236401806422	false	1.0
fehlverhalten	neg 1.0		neg 0.49027348874001525 off 0.437154689268144 __DUMMY__ 0.07257182199184078	false	1.0
eine			neg 0.4890798949873559 off 0.4377881586742022 __DUMMY__ 0.07313194633844185	false	0.0
nille	neg 1.0		neg 0.48663124334958713 off 0.44102669742857803 __DUMMY__ 0.07234205922183484	false	1.0
qual	neg 1.0		neg 0.4842732448958322 off 0.442893247535472 __DUMMY__ 0.0728335075686958	false	1.0
verschwenden	neg 1.0		neg 0.4881580867764319 off 0.43894353272639036 __DUMMY__ 0.07289838049717762	false	1.0
riesig	neg 1.0		neg 0.4838649398630588 off 0.44312106147311886 __DUMMY__ 0.07301399866382234	false	1.0
verurteilen	neg 1.0		neg 0.48844556318000226 off 0.43904566255462096 __DUMMY__ 0.07250877426537675	false	1.0
klischee	neg 1.0	neg 1.0	neg 0.7281882024456515 off 0.23704573140520196 __DUMMY__ 0.034766066149146596	false	1.0
diktatorisch	neg 1.0		neg 0.48725212786411715 off 0.44078891220689465 __DUMMY__ 0.07195895992898833	false	1.0
vorhersehbar	neg 1.0		neg 0.48453007770715417 off 0.44311887230038466 __DUMMY__ 0.07235104999246116	false	1.0
sowie			neg 0.47600187419727713 off 0.4521437756521902 __DUMMY__ 0.0718543501505327	false	0.0
stornieren	neg 1.0		neg 0.4799242729990873 off 0.44708479269981083 __DUMMY__ 0.07299093430110185	false	1.0
besteuerung	neg 1.0		neg 0.4837778682249984 off 0.4436648800943646 __DUMMY__ 0.07255725168063705	false	1.0
ungeschminkt	neg 1.0		neg 0.47864066895108587 off 0.4488557786467318 __DUMMY__ 0.0725035524021824	false	1.0
kritisch	neg 1.0		neg 0.4897398789694612 off 0.43766678958532973 __DUMMY__ 0.07259333144520924	false	1.0
schlamperei	off 1.0		neg 0.48983093378023074 off 0.43772164222225646 __DUMMY__ 0.07244742399751283	false	0.5
sucht	neg 1.0	neg 1.0	neg 0.7254544933017806 off 0.2392606430326351 __DUMMY__ 0.03528486366558434	false	1.0
egoistisch	off 1.0		neg 0.47523059868234047 off 0.45259970951027145 __DUMMY__ 0.07216969180738808	false	0.5
ausbeuter	off 1.0		neg 0.4906939343525016 off 0.4367530575690597 __DUMMY__ 0.0725530080784388	false	0.5
arschgeburt	off 1.0		neg 0.4702630379443734 off 0.4584775078958213 __DUMMY__ 0.07125945415980524	false	0.5
schubs	neg 1.0	neg 1.0	neg 0.7288867678287201 off 0.23583766593261635 __DUMMY__ 0.035275566238663486	false	1.0
unsolide	neg 1.0		neg 0.48668710513905705 off 0.4419163103715304 __DUMMY__ 0.07139658448941255	false	1.0
beschwerde	neg 1.0		neg 0.488899942813234 off 0.43865200527296666 __DUMMY__ 0.07244805191379934	false	1.0
stocken	neg 1.0		neg 0.48710582536812 off 0.4400426772479988 __DUMMY__ 0.07285149738388129	false	1.0
isolieren	neg 1.0		neg 0.48355838389912514 off 0.44337773464814767 __DUMMY__ 0.07306388145272709	false	1.0
unheilbar	neg 1.0		neg 0.4833237366824003 off 0.44385129457762923 __DUMMY__ 0.07282496873997045	false	1.0
pisser	off 1.0		neg 0.47810750014706127 off 0.4498583062778035 __DUMMY__ 0.07203419357513532	false	0.5
löschen	neg 1.0		neg 0.4839563984607013 off 0.443430298055641 __DUMMY__ 0.07261330348365773	false	1.0
durchfallen	neg 1.0		neg 0.48878976374364874 off 0.438489804682306 __DUMMY__ 0.0727204315740453	false	1.0
wichser	off 1.0		neg 0.47168218130431916 off 0.4564833204282905 __DUMMY__ 0.07183449826739019	false	0.5
terror	neg 1.0		neg 0.48008151180924624 off 0.44715837526696917 __DUMMY__ 0.07276011292378474	false	1.0
krass	neg 1.0		neg 0.4765209356083355 off 0.45114021594214576 __DUMMY__ 0.07233884844951878	false	1.0
revolte	neg 1.0	neg 1.0	neg 0.7293157743387788 off 0.2361643840095296 __DUMMY__ 0.03451984165169155	false	1.0
besorgt	neg 1.0		neg 0.48418193257351355 off 0.4426123208107463 __DUMMY__ 0.07320574661574021	false	1.0
nachlassen	neg 1.0		neg 0.4847058423541824 off 0.44215860843310184 __DUMMY__ 0.07313554921271578	false	1.0
alt	neg 1.0		neg 0.4870676100644943 off 0.4398154252902464 __DUMMY__ 0.07311696464525934	false	1.0
hundesohn	off 1.0		neg 0.4742386375346902 off 0.45423143218906 __DUMMY__ 0.07152993027624983	false	0.5
als			neg 0.48643568277076366 off 0.4406015083637869 __DUMMY__ 0.07296280886544937	false	0.0
abschreckung	neg 1.0		neg 0.49101787255572 off 0.43628488790621656 __DUMMY__ 0.07269723953806359	false	1.0
unqualifiziert	neg 1.0		neg 0.4842467262503998 off 0.44341621096978334 __DUMMY__ 0.07233706277981697	false	1.0
abgewichst	off 1.0		neg 0.48587891739767924 off 0.4414462293547875 __DUMMY__ 0.07267485324753332	false	0.5
schwer	neg 1.0		neg 0.48480596650618907 off 0.44232328320561975 __DUMMY__ 0.07287075028819119	false	1.0
bedeutungslosigkeit	neg 1.0		neg 0.49082209107321084 off 0.43657076054933014 __DUMMY__ 0.07260714837745898	false	1.0
kapitulation	neg 1.0		neg 0.4906160915677514 off 0.4372061327949464 __DUMMY__ 0.0721777756373022	false	1.0
unscharf	neg 1.0		neg 0.4812986724966228 off 0.4460202967769115 __DUMMY__ 0.0726810307264656	false	1.0
schwinden	neg 1.0		neg 0.48784378513062004 off 0.43914000671892356 __DUMMY__ 0.07301620815045622	false	1.0
versklavung	neg 1.0		neg 0.48652839555415256 off 0.441361170450112 __DUMMY__ 0.07211043399573554	false	1.0
schlecht	neg 1.0		neg 0.4787282842050702 off 0.44866831182574296 __DUMMY__ 0.07260340396918692	false	1.0
verhasst	neg 1.0		neg 0.4862285056548582 off 0.44135837560925506 __DUMMY__ 0.0724131187358867	false	1.0
beschweren	neg 1.0		neg 0.4829448040623691 off 0.4442942095976823 __DUMMY__ 0.07276098633994871	false	1.0
scheiden	neg 1.0		neg 0.4851118430440183 off 0.442107052514336 __DUMMY__ 0.07278110444164564	false	1.0
frustriert	neg 1.0		neg 0.48620074867263297 off 0.4409805419510677 __DUMMY__ 0.07281870937629946	false	1.0
schimmelig	neg 1.0		neg 0.4878748362212003 off 0.4393485316003178 __DUMMY__ 0.07277663217848176	false	1.0
fisch	neg 1.0		neg 0.4871859564958819 off 0.4399847764797684 __DUMMY__ 0.07282926702434968	false	1.0
schmuggel	neg 1.0		neg 0.4873276188212036 off 0.43946403141879525 __DUMMY__ 0.0732083497600012	false	1.0
auffallen	neg 1.0		neg 0.4828749104947968 off 0.44445525550282944 __DUMMY__ 0.07266983400237384	false	1.0
konkurrenz	neg 1.0		neg 0.49012930438239743 off 0.43692928123529384 __DUMMY__ 0.07294141438230872	false	1.0
teufelskreis	neg 1.0		neg 0.4863522253427981 off 0.44092728511277796 __DUMMY__ 0.07272048954442391	false	1.0
aufschreien	neg 1.0		neg 0.4840999310766141 off 0.4434541733317222 __DUMMY__ 0.07244589559166374	false	1.0
schuldner	neg 1.0		neg 0.48965391947381853 off 0.4377679906231172 __DUMMY__ 0.07257808990306423	false	1.0
missgeburt	off 1.0	off 1.0	off 0.7111659915240882 neg 0.25435104678274584 __DUMMY__ 0.034482961693165955	false	1.0
arbeitslos	neg 1.0		neg 0.48832800318627095 off 0.4390704194855689 __DUMMY__ 0.0726015773281602	false	1.0
befallen	neg 1.0		neg 0.4881685637946148 off 0.43936237951597223 __DUMMY__ 0.07246905668941303	false	1.0
miesepetrig	off 1.0		neg 0.4775802201824715 off 0.4495892855952651 __DUMMY__ 0.07283049422226343	false	0.5
alarmieren	neg 1.0		neg 0.4815559340103851 off 0.44622144036861255 __DUMMY__ 0.07222262562100232	false	1.0
ungeduscht	off 1.0		neg 0.4812583463311769 off 0.4460619660480403 __DUMMY__ 0.0726796876207828	false	0.5
knappheit	neg 1.0		neg 0.4876266853430824 off 0.43976412254765035 __DUMMY__ 0.0726091921092673	false	1.0
schlange	neg 1.0		neg 0.4819129882852935 off 0.4451150126553348 __DUMMY__ 0.07297199905937152	false	1.0
harsch	neg 1.0		neg 0.4720376490833294 off 0.455474415154476 __DUMMY__ 0.0724879357621946	false	1.0
lang	neg 1.0		neg 0.4830092212179062 off 0.44423251975171624 __DUMMY__ 0.07275825903037766	false	1.0
ziellos	neg 1.0		neg 0.48712017710342503 off 0.439959632729983 __DUMMY__ 0.0729201901665919	false	1.0
selbstverliebt	neg 1.0		neg 0.4726985192436234 off 0.45589783796049954 __DUMMY__ 0.07140364279587709	false	1.0
beseitigen	neg 1.0		neg 0.48312171126501496 off 0.44407036958790114 __DUMMY__ 0.072807919147084	false	1.0
dumm	off 1.0		neg 0.47504861718127034 off 0.45290566147695077 __DUMMY__ 0.0720457213417789	false	0.5
arbeitsloser	neg 1.0		neg 0.4891261844739163 off 0.4382413748593138 __DUMMY__ 0.07263244066676984	false	1.0
blitzen	neg 1.0		neg 0.48101194261990493 off 0.446410994571163 __DUMMY__ 0.07257706280893207	false	1.0
hilflos	neg 1.0		neg 0.4863629724426215 off 0.440774229949417 __DUMMY__ 0.07286279760796142	false	1.0
eklig	off 1.0		neg 0.4746773036911458 off 0.45341311340278545 __DUMMY__ 0.07190958290606869	false	0.5
begriff			neg 0.4867217406074259 off 0.4405709996377986 __DUMMY__ 0.07270725975477557	false	0.0
hungersnot	neg 1.0		neg 0.487842310407153 off 0.43999625942609516 __DUMMY__ 0.07216143016675185	false	1.0
ungesetzlich	neg 1.0		neg 0.4862256919251336 off 0.44186856518407386 __DUMMY__ 0.07190574289079264	false	1.0
verschwendung	neg 1.0		neg 0.4891619399491458 off 0.43793029784901544 __DUMMY__ 0.07290776220183885	false	1.0
schmerzvoll	neg 1.0		neg 0.48280032325747646 off 0.44441604237531884 __DUMMY__ 0.0727836343672047	false	1.0
vorzeitig	neg 1.0		neg 0.4798735485693245 off 0.44769572841858324 __DUMMY__ 0.07243072301209214	false	1.0
unvollkommenheit	neg 1.0		neg 0.48401101730150037 off 0.4432114141889423 __DUMMY__ 0.07277756850955738	false	1.0
intervenieren	neg 1.0		neg 0.49055749588100617 off 0.43695525294658716 __DUMMY__ 0.07248725117240663	false	1.0
banause	off 1.0		neg 0.47307396139899915 off 0.45506083922776236 __DUMMY__ 0.07186519937323851	false	0.5
rebell	neg 1.0		neg 0.48899288327862483 off 0.4379439674637971 __DUMMY__ 0.07306314925757806	false	1.0
unlogisch	neg 1.0		neg 0.47866781704744804 off 0.44917507506954835 __DUMMY__ 0.07215710788300377	false	1.0
leiden	neg 1.0	neg 1.0	neg 0.7279268310470823 off 0.2363472902291365 __DUMMY__ 0.035725878723781294	false	1.0
abschaffung	neg 1.0		neg 0.4857932041507639 off 0.44190551529452227 __DUMMY__ 0.07230128055471392	false	1.0
sturz	neg 1.0		neg 0.48474901008929 off 0.44290921277120104 __DUMMY__ 0.07234177713950905	false	1.0
verkleinerung	neg 1.0		neg 0.484319176680534 off 0.4437562249991312 __DUMMY__ 0.07192459832033485	false	1.0
schmarotzer	off 1.0		neg 0.48946752114594416 off 0.43805294355757624 __DUMMY__ 0.07247953529647964	false	0.5
bestrafung	neg 1.0		neg 0.4838560542855546 off 0.4434981110229464 __DUMMY__ 0.07264583469149907	false	1.0
achtlos	neg 1.0		neg 0.4843166822263166 off 0.4427276150501901 __DUMMY__ 0.07295570272349323	false	1.0
ungeheuer	neg 1.0		neg 0.482520005960364 off 0.44484338736885837 __DUMMY__ 0.07263660667077759	false	1.0
unaufrichtig	neg 1.0		neg 0.48330173344513094 off 0.44441894466244597 __DUMMY__ 0.07227932189242302	false	1.0
groggy	neg 1.0		neg 0.48178290450722094 off 0.4457227272106817 __DUMMY__ 0.07249436828209747	false	1.0
verletzlich	neg 1.0		neg 0.47907833280779694 off 0.4484490376145997 __DUMMY__ 0.07247262957760346	false	1.0
