unsolidarisch	neg 1.0		__DUMMY__ 0.8938832527832439 neg 0.05726995656322589 off 0.04884679065353026	false	1.0
nachteilig	neg 1.0		__DUMMY__ 0.900548836923961 neg 0.053879449587010006 off 0.04557171348902897	false	1.0
skeptisch	neg 1.0		__DUMMY__ 0.9025554135017767 neg 0.05418971101929348 off 0.0432548754789298	false	1.0
schrecklich	neg 1.0		__DUMMY__ 0.8972344093381422 off 0.05433840174200134 neg 0.04842718891985644	false	0.5
schlapp	neg 1.0		__DUMMY__ 0.901957151618186 off 0.05040592850902931 neg 0.04763691987278468	false	0.5
abfall	neg 1.0		__DUMMY__ 0.9037775249179657 neg 0.05432575434218723 off 0.04189672073984703	false	1.0
widerspenstig	neg 1.0		__DUMMY__ 0.9040404039511171 neg 0.04916566958140169 off 0.046793926467481234	false	1.0
abrupt	neg 1.0		__DUMMY__ 0.9059278047434098 neg 0.04833302664808375 off 0.045739168608506416	false	1.0
unwirksam	neg 1.0		__DUMMY__ 0.8945858134052925 neg 0.05700926086520712 off 0.04840492572950046	false	1.0
angreifen	neg 1.0		__DUMMY__ 0.9007768860125032 neg 0.05461254145027083 off 0.044610572537225966	false	1.0
inkonsistent	neg 1.0		__DUMMY__ 0.8999377706744626 neg 0.050819301464644515 off 0.04924292786089287	false	1.0
abrutschen	neg 1.0		__DUMMY__ 0.9043585143622785 neg 0.0536965899027927 off 0.041944895734928704	false	1.0
unsicher	neg 1.0		__DUMMY__ 0.9015443189684224 neg 0.051135947305017845 off 0.047319733726559794	false	1.0
bauernkind	off 1.0		__DUMMY__ 0.8928364443050166 off 0.05711456211678953 neg 0.0500489935781939	false	1.0
angreifer	neg 1.0		__DUMMY__ 0.8973925046901348 neg 0.05219398074261499 off 0.05041351456725025	false	1.0
trennen	neg 1.0		__DUMMY__ 0.9057354555165132 neg 0.05081061590361053 off 0.043453928579876205	false	1.0
schmutz	neg 1.0		__DUMMY__ 0.9046867152392628 off 0.05119046004952094 neg 0.044122824711216334	false	0.5
inkonsistenz	neg 1.0	neg 1.0	neg 0.5097942317387298 __DUMMY__ 0.4520858149660023 off 0.03811995329526794	false	1.0
erschreckend	neg 1.0		__DUMMY__ 0.9002088664467067 neg 0.05320570891618625 off 0.04658542463710702	false	1.0
ertrinken	neg 1.0		__DUMMY__ 0.9042751308072638 neg 0.051089228037056234 off 0.04463564115567981	false	1.0
pickelface	off 1.0		__DUMMY__ 0.898408193090677 neg 0.05317319452537669 off 0.048418612383946305	false	0.5
seiner			__DUMMY__ 0.9019098901688926 neg 0.05385310502245655 off 0.04423700480865084	false	0.0
lauch	neg 1.0		__DUMMY__ 0.9036556644294388 neg 0.05354341695115736 off 0.04280091861940386	false	1.0
unwichtig	neg 1.0		__DUMMY__ 0.8988759854164785 off 0.05107489480734961 neg 0.05004911977617186	false	0.5
steuerhinterziehung	neg 1.0		__DUMMY__ 0.8964361495769084 neg 0.05607874447412768 off 0.0474851059489639	false	1.0
schock	neg 1.0		__DUMMY__ 0.9051787723985134 neg 0.04909359554745262 off 0.045727632054033907	false	1.0
beule	neg 1.0		__DUMMY__ 0.9010100356361781 off 0.05140616394028689 neg 0.04758380042353501	false	0.5
vergelten	neg 1.0		__DUMMY__ 0.8951548228217748 off 0.05594286220266788 neg 0.04890231497555736	false	0.5
verdorbenheit	neg 1.0		__DUMMY__ 0.9023353659374641 neg 0.04967326640057924 off 0.04799136766195663	false	1.0
trauma	neg 1.0		__DUMMY__ 0.9000341178032946 neg 0.051020521139592136 off 0.048945361057113196	false	1.0
sinnlos	neg 1.0		__DUMMY__ 0.9000951422192288 neg 0.05074145848327306 off 0.049163399297498085	false	1.0
fettsack	off 1.0	off 1.0	off 0.5125869789391966 __DUMMY__ 0.44984337355440945 neg 0.037569647506393966	false	1.0
feige	off 1.0		__DUMMY__ 0.8972569543852856 neg 0.05181292291775563 off 0.050930122696958666	false	0.5
abdanken	neg 1.0		__DUMMY__ 0.8941074919211439 neg 0.05799343375603862 off 0.0478990743228174	false	1.0
wichtigtuer	off 1.0	off 1.0	off 0.5072732230599769 __DUMMY__ 0.45224786191033806 neg 0.04047891502968504	false	1.0
misslingen	neg 1.0		__DUMMY__ 0.904945382185583 off 0.0487652660810631 neg 0.04628935173335392	false	0.5
untreu	off 1.0		__DUMMY__ 0.8987394244460751 off 0.051626296685468635 neg 0.04963427886845618	false	1.0
missmutig	neg 1.0		__DUMMY__ 0.901609500395301 off 0.0502120742843188 neg 0.0481784253203802	false	0.5
hurenbock	off 1.0		__DUMMY__ 0.9046328328213018 off 0.04799949392243007 neg 0.047367673256268075	false	1.0
betrunken	neg 1.0		__DUMMY__ 0.8999877058043604 off 0.05242928062191863 neg 0.04758301357372093	false	0.5
korrupt	off 1.0		__DUMMY__ 0.8964536837406225 neg 0.0570035085917876 off 0.04654280766758985	false	0.5
unmut	neg 1.0		__DUMMY__ 0.9021394831479979 neg 0.05513746947667276 off 0.04272304737532945	false	1.0
hackfresse	off 1.0		__DUMMY__ 0.8956277768216525 off 0.05707757990419574 neg 0.04729464327415179	false	1.0
aufblasen	neg 1.0		__DUMMY__ 0.9028354932571165 neg 0.049000370005646075 off 0.04816413673723732	false	1.0
gewaltsam	neg 1.0		__DUMMY__ 0.8976211048730656 neg 0.05360800888519021 off 0.04877088624174426	false	1.0
unbeliebtheit	neg 1.0		__DUMMY__ 0.8925644863070485 neg 0.05377765914345391 off 0.05365785454949754	false	1.0
sturheit	neg 1.0		__DUMMY__ 0.8992069455705543 neg 0.05380028464096858 off 0.04699276978847722	false	1.0
kuh	neg 1.0		__DUMMY__ 0.8994442242160898 neg 0.052117892525177165 off 0.048437883258733	false	1.0
erschrecken	neg 1.0		__DUMMY__ 0.9005510474828585 off 0.05005449799385359 neg 0.04939445452328797	false	0.5
opfer	neg 1.0		__DUMMY__ 0.9016751063310847 neg 0.05348165801823039 off 0.04484323565068491	false	1.0
sinken	neg 1.0		__DUMMY__ 0.9023498088647465 neg 0.05459306818039029 off 0.043057122954863185	false	1.0
stinktier	neg 1.0		__DUMMY__ 0.895377535203854 off 0.05465143963786843 neg 0.04997102515827751	false	0.5
tucke	off 1.0		__DUMMY__ 0.8973882556995537 off 0.057167962361043705 neg 0.04544378193940254	false	1.0
ein			__DUMMY__ 0.9042216543576647 neg 0.048459092849754165 off 0.04731925279258111	false	0.0
abstieg	neg 1.0		__DUMMY__ 0.8991887606585445 neg 0.05432294101289394 off 0.04648829832856148	false	1.0
missverstehen	neg 1.0		__DUMMY__ 0.8976182712355947 neg 0.05312292123811914 off 0.049258807526286176	false	1.0
ergebnislos	neg 1.0		__DUMMY__ 0.8999190391183288 neg 0.05405251688395613 off 0.046028443997715156	false	1.0
unter			__DUMMY__ 0.9092604904467466 neg 0.05212598616987257 off 0.03861352338338085	false	0.0
manipulieren	neg 1.0		__DUMMY__ 0.9025575107263938 neg 0.052983221691910075 off 0.04445926758169614	false	1.0
unbewiesen	neg 1.0		__DUMMY__ 0.8937355906683385 neg 0.05756294935544455 off 0.04870145997621693	false	1.0
verschleppen	neg 1.0		__DUMMY__ 0.9007281988865957 neg 0.05333899510888173 off 0.045932806004522424	false	1.0
weib	off 1.0		__DUMMY__ 0.8948956829526233 off 0.058137912492376084 neg 0.04696640455500058	false	1.0
opposition	neg 1.0		__DUMMY__ 0.8962292096939359 neg 0.05452831198622331 off 0.049242478319840806	false	1.0
verkehrswidrig	neg 1.0		__DUMMY__ 0.9001883838847808 off 0.055257425005260576 neg 0.04455419110995863	false	0.5
inkorrekt	neg 1.0		__DUMMY__ 0.8941263256782411 neg 0.0534496338386572 off 0.05242404048310164	false	1.0
vermeiden	neg 1.0		__DUMMY__ 0.9071019211657323 neg 0.05224490474364142 off 0.040653174090626375	false	1.0
abweichung	neg 1.0		__DUMMY__ 0.8965801347735779 neg 0.05720153253564606 off 0.046218332690776125	false	1.0
alkoholisiert	neg 1.0		__DUMMY__ 0.9060336863142909 neg 0.04875102055084797 off 0.04521529313486109	false	1.0
scheiss	off 1.0	off 1.0	off 0.5094400980339061 __DUMMY__ 0.4537425678150633 neg 0.03681733415103071	false	1.0
herausforderung	neg 1.0		__DUMMY__ 0.9061363310957501 neg 0.04863814292106998 off 0.04522552598317994	false	1.0
pervers	off 1.0		__DUMMY__ 0.8931046302112934 off 0.06037000959162481 neg 0.04652536019708183	false	1.0
wackelig	neg 1.0		__DUMMY__ 0.9065717412703433 neg 0.04847097172670908 off 0.044957287002947634	false	1.0
verwickeln	neg 1.0		__DUMMY__ 0.8987663179054446 neg 0.052232520900312225 off 0.04900116119424318	false	1.0
vorwand	neg 1.0		__DUMMY__ 0.9009535244100083 neg 0.05565608352473862 off 0.043390392065253	false	1.0
muschi	off 1.0		__DUMMY__ 0.8983329653270422 neg 0.053561289115291316 off 0.048105745557666474	false	0.5
entmutigung	neg 1.0		__DUMMY__ 0.8926165401679331 neg 0.05673830778711787 off 0.05064515204494904	false	1.0
unangemessen	neg 1.0		__DUMMY__ 0.8980612536746181 neg 0.055918068181768504 off 0.04602067814361335	false	1.0
unstetig	neg 1.0		__DUMMY__ 0.8991659687276266 off 0.05047755462049737 neg 0.050356476651876106	false	0.5
entmutigen	neg 1.0		__DUMMY__ 0.9020922706879291 neg 0.049648419150355505 off 0.04825931016171548	false	1.0
schwanz	neg 1.0		__DUMMY__ 0.9008346810326905 neg 0.05320081007055696 off 0.04596450889675248	false	1.0
verbot	neg 1.0		__DUMMY__ 0.8965489567234679 neg 0.056557063697601356 off 0.04689397957893067	false	1.0
leid	neg 1.0		__DUMMY__ 0.8966563248463459 off 0.055564016451481124 neg 0.0477796587021728	false	0.5
archaisch	neg 1.0		__DUMMY__ 0.8993440650143181 neg 0.05433997686105405 off 0.04631595812462785	false	1.0
gegen			__DUMMY__ 0.899282789249851 neg 0.056808290871801656 off 0.043908919878347406	false	0.0
scheidung	neg 1.0	neg 1.0	neg 0.49891465993241574 __DUMMY__ 0.45041270335087047 off 0.0506726367167137	false	1.0
einschlag	neg 1.0		__DUMMY__ 0.894872806634699 off 0.05521842722802846 neg 0.04990876613727257	false	0.5
m			__DUMMY__ 0.9030188079115974 neg 0.050681587251969897 off 0.04629960483643266	false	0.0
abgestanden	neg 1.0		__DUMMY__ 0.9040178964849577 neg 0.04926110723421371 off 0.046720996280828674	false	1.0
schmierig	off 1.0		__DUMMY__ 0.8982397337935691 off 0.054608430117003115 neg 0.04715183608942772	false	1.0
unpraktisch	neg 1.0		__DUMMY__ 0.9033310299286609 neg 0.04871962096818577 off 0.04794934910315334	false	1.0
wixxer	off 1.0		__DUMMY__ 0.892143335486976 off 0.060615451541482054 neg 0.047241212971541886	false	1.0
bezeichnet			__DUMMY__ 0.8984975029967917 neg 0.05431888981031028 off 0.047183607192898096	false	0.0
jammerlappen	off 1.0		__DUMMY__ 0.8989552274941263 off 0.05100760002129092 neg 0.05003717248458278	false	1.0
farce	neg 1.0		__DUMMY__ 0.8944151669511886 neg 0.05817321021942007 off 0.04741162282939122	false	1.0
zwecklos	neg 1.0		__DUMMY__ 0.8992345296664825 neg 0.05510415668086085 off 0.04566131365265665	false	1.0
turbulent	neg 1.0		__DUMMY__ 0.8968345736774398 off 0.05405775740706426 neg 0.04910766891549588	false	0.5
invasion	neg 1.0		__DUMMY__ 0.9010861204911105 off 0.04994947016924874 neg 0.04896440933964081	false	0.5
schuld	neg 1.0		__DUMMY__ 0.8994732770385163 neg 0.05230350489428452 off 0.048223218067199154	false	1.0
risiko	neg 1.0		__DUMMY__ 0.9032336614019852 off 0.050003033045805195 neg 0.046763305552209665	false	0.5
finster	neg 1.0		__DUMMY__ 0.9034581072509746 neg 0.049522899950386036 off 0.04701899279863942	false	1.0
geisteskrank	off 1.0		__DUMMY__ 0.8952658114703548 off 0.05265618664476925 neg 0.05207800188487591	false	1.0
zusammenbrechen	neg 1.0		__DUMMY__ 0.9026679477201747 neg 0.05106950833803028 off 0.04626254394179506	false	1.0
ausbeute	neg 1.0		__DUMMY__ 0.9046417150379537 neg 0.05058228982501808 off 0.04477599513702838	false	1.0
hinterhalt	neg 1.0		__DUMMY__ 0.9012156886010901 neg 0.05049194866468398 off 0.048292362734225824	false	1.0
kritik	neg 1.0		__DUMMY__ 0.8959081973537493 neg 0.05674480790403653 off 0.04734699474221421	false	1.0
einschrumpfen	neg 1.0		__DUMMY__ 0.8958627645522236 neg 0.053106285206787056 off 0.051030950240989366	false	1.0
riskant	neg 1.0		__DUMMY__ 0.9018148647350896 neg 0.053638239792162645 off 0.04454689547274773	false	1.0
frustrieren	neg 1.0		__DUMMY__ 0.9014217659123336 neg 0.054022261732049985 off 0.04455597235561656	false	1.0
groll	neg 1.0		__DUMMY__ 0.9001406880737083 neg 0.054031500555021726 off 0.04582781137126994	false	1.0
gibt			__DUMMY__ 0.9012373340764656 neg 0.05268085980673214 off 0.046081806116802335	false	0.0
qualvoll	neg 1.0		__DUMMY__ 0.9019292136975225 off 0.04904998517235831 neg 0.04902080113011913	false	0.5
wackeln	neg 1.0		__DUMMY__ 0.9039360560769433 neg 0.04842233157075726 off 0.04764161235229953	false	1.0
klagen	neg 1.0		__DUMMY__ 0.9003006634698612 neg 0.056330956807641344 off 0.04336837972249744	false	1.0
bankrott	neg 1.0		__DUMMY__ 0.9002939722952211 off 0.051037708245407425 neg 0.04866831945937143	false	0.5
trauern	neg 1.0		__DUMMY__ 0.9022617928607949 neg 0.05305870889356401 off 0.044679498245641075	false	1.0
ablehnung	neg 1.0	neg 1.0	neg 0.512734342194404 __DUMMY__ 0.45149992444026077 off 0.03576573336533536	false	1.0
stur	neg 1.0		__DUMMY__ 0.8997088354757709 neg 0.05179459509323243 off 0.04849656943099665	false	1.0
aufruhr	neg 1.0		__DUMMY__ 0.8971446348309253 neg 0.054388685432868726 off 0.04846667973620596	false	1.0
melancholie	neg 1.0		__DUMMY__ 0.9055560868322595 neg 0.049378951045746 off 0.045064962121994394	false	1.0
ist			__DUMMY__ 0.8998289163897906 neg 0.0515727287186598 off 0.0485983548915496	false	0.0
torheit	neg 1.0		__DUMMY__ 0.8949500237013204 neg 0.055920626582079164 off 0.04912934971660045	false	1.0
dreckskind	off 1.0		__DUMMY__ 0.892254959894327 off 0.05652979572614245 neg 0.05121524437953054	false	1.0
umtauschen	neg 1.0		__DUMMY__ 0.9034909324970883 neg 0.04993801272648357 off 0.04657105477642808	false	1.0
zum			__DUMMY__ 0.9082691038608833 neg 0.05091636781360089 off 0.04081452832551582	false	0.0
zersetzen	neg 1.0		__DUMMY__ 0.9013259038744752 neg 0.05472826495139764 off 0.043945831174127085	false	1.0
zur			__DUMMY__ 0.9028007658649889 neg 0.05595175798990971 off 0.04124747614510144	false	0.0
frust	neg 1.0		__DUMMY__ 0.9017951301531412 neg 0.052067004614151535 off 0.046137865232707416	false	1.0
unerbittlichkeit	neg 1.0		__DUMMY__ 0.9010995240156618 neg 0.05417799953088321 off 0.04472247645345489	false	1.0
zwei			__DUMMY__ 0.9065686259417037 neg 0.05115203427954013 off 0.04227933977875615	false	0.0
unkorrekt	neg 1.0		__DUMMY__ 0.894445835901319 off 0.05279770785603501 neg 0.052756456242645945	false	0.5
hexe	off 1.0		__DUMMY__ 0.8999773565600034 off 0.05113985423126403 neg 0.04888278920873252	false	1.0
lasch	neg 1.0		__DUMMY__ 0.8977140153986736 neg 0.05204262676068799 off 0.050243357840638346	false	1.0
rivale	neg 1.0		__DUMMY__ 0.8958718374122965 off 0.054734099996195475 neg 0.04939406259150807	false	0.5
mutlos	off 1.0	off 1.0	off 0.5045063168087797 __DUMMY__ 0.4535684447514738 neg 0.041925238439746666	false	1.0
wirr	off 1.0		__DUMMY__ 0.8953793391328249 off 0.05393040305513555 neg 0.05069025781203966	false	1.0
jahr			__DUMMY__ 0.9053005135099912 neg 0.050618383028063686 off 0.04408110346194515	false	0.0
wird			__DUMMY__ 0.9016513733867572 neg 0.05342191071008712 off 0.04492671590315564	false	0.0
strafbar	neg 1.0		__DUMMY__ 0.8980955872531531 neg 0.05682962212526313 off 0.04507479062158377	false	1.0
erosion	neg 1.0		__DUMMY__ 0.902220636930791 neg 0.049204363918684255 off 0.04857499915052469	false	1.0
eingehen	neg 1.0		__DUMMY__ 0.900115819679784 neg 0.054467259606527624 off 0.04541692071368838	false	1.0
faul	off 1.0		__DUMMY__ 0.9019344556668752 off 0.0502982309721493 neg 0.0477673133609754	false	1.0
provisorium	neg 1.0		__DUMMY__ 0.9081551652801849 neg 0.05364686767477507 off 0.03819796704504007	false	1.0
schmerzen	neg 1.0		__DUMMY__ 0.903332374654163 neg 0.05068840763283375 off 0.045979217713003104	false	1.0
schrumpfen	neg 1.0		__DUMMY__ 0.9045832661177599 neg 0.0544899071396318 off 0.04092682674260843	false	1.0
geistlos	off 1.0		__DUMMY__ 0.8942770367533899 neg 0.05530238188160316 off 0.050420581365006885	false	0.5
fehlkauf	neg 1.0		__DUMMY__ 0.8983959436166218 neg 0.051639121240683906 off 0.049964935142694344	false	1.0
frustrierend	neg 1.0		__DUMMY__ 0.9000065393448199 off 0.0501001208629973 neg 0.04989333979218276	false	0.5
unzufrieden	neg 1.0		__DUMMY__ 0.9005359850570183 neg 0.053818405922282236 off 0.04564560902069945	false	1.0
verzweifeln	neg 1.0		__DUMMY__ 0.9018474475444525 neg 0.0512538894404118 off 0.046898663015135816	false	1.0
verzweifelt	neg 1.0		__DUMMY__ 0.8998455992315991 neg 0.051785757281554545 off 0.048368643486846184	false	1.0
misstrauensantrag	neg 1.0		__DUMMY__ 0.896502600903888 neg 0.05369130049074213 off 0.04980609860536989	false	1.0
abfallen	neg 1.0		__DUMMY__ 0.9053235663920803 off 0.04754325271665545 neg 0.04713318089126424	false	0.5
fucker	off 1.0		__DUMMY__ 0.8960167121933716 off 0.05399190099903198 neg 0.049991386807596426	false	1.0
ungezogen	neg 1.0		__DUMMY__ 0.8956177450785621 off 0.05822629893055072 neg 0.04615595599088718	false	0.5
irrsinnig	neg 1.0	neg 1.0	neg 0.510400397041902 __DUMMY__ 0.4531339576090728 off 0.0364656453490252	false	1.0
unfassbar	neg 1.0		__DUMMY__ 0.8991422371458084 off 0.05136902550330388 neg 0.04948873735088775	false	0.5
hart	neg 1.0		__DUMMY__ 0.8981335987545657 off 0.051366744376035375 neg 0.05049965686939898	false	0.5
widerlich	off 1.0		__DUMMY__ 0.8970216709465523 off 0.05217816314033492 neg 0.050800165913112864	false	1.0
fatal	neg 1.0		__DUMMY__ 0.8987968045626741 neg 0.05129794550435785 off 0.049905249932968146	false	1.0
bruch	neg 1.0		__DUMMY__ 0.8992190721686211 neg 0.057693243563372264 off 0.04308768426800672	false	1.0
aushungern	neg 1.0		__DUMMY__ 0.8967091540987725 neg 0.05481113170252653 off 0.04847971419870095	false	1.0
anspannung	neg 1.0		__DUMMY__ 0.9063633299606553 neg 0.05173745826464891 off 0.04189921177469586	false	1.0
von			__DUMMY__ 0.9042015121770594 neg 0.05247021105620996 off 0.04332827676673076	false	0.0
kraftlos	neg 1.0		__DUMMY__ 0.9058922339507296 neg 0.049189322512227 off 0.0449184435370434	false	1.0
vom			__DUMMY__ 0.9078181042585735 neg 0.05322236941400302 off 0.03895952632742359	false	0.0
grenzdebil	off 1.0		__DUMMY__ 0.8992926887685246 off 0.05215888455621262 neg 0.04854842667526266	false	1.0
vor			__DUMMY__ 0.9041694915285939 neg 0.05304014755778092 off 0.04279036091362513	false	0.0
unterwerfen	neg 1.0		__DUMMY__ 0.9006801152181095 neg 0.05418261569744907 off 0.04513726908444133	false	1.0
versenkung	neg 1.0		__DUMMY__ 0.9011339550127825 neg 0.05415620667807733 off 0.04470983830914016	false	1.0
entziehen	neg 1.0		__DUMMY__ 0.9013743398328131 neg 0.05567013119384621 off 0.04295552897334064	false	1.0
finanzkrise	neg 1.0		__DUMMY__ 0.8966212565001412 neg 0.055535292699467914 off 0.047843450800390916	false	1.0
schimpfend	neg 1.0		__DUMMY__ 0.9064747844028219 off 0.04797558631886325 neg 0.045549629278314914	false	0.5
profan	neg 1.0		__DUMMY__ 0.9002348132082599 neg 0.05073354593594399 off 0.04903164085579599	false	1.0
korruption	neg 1.0		__DUMMY__ 0.8966779542072383 neg 0.05681026189484449 off 0.04651178389791731	false	1.0
â			__DUMMY__ 0.9026678133877977 neg 0.05175481388306861 off 0.04557737272913374	false	0.0
schmutzig	neg 1.0		__DUMMY__ 0.9019221105386095 off 0.05158217105751359 neg 0.04649571840387693	false	0.5
sexy	neg 1.0		__DUMMY__ 0.8995693246974992 off 0.050845586025746785 neg 0.049585089276754125	false	0.5
abraten	neg 1.0		__DUMMY__ 0.9013212697158096 neg 0.05048569292159738 off 0.048193037362592984	false	1.0
schwarz	neg 1.0		__DUMMY__ 0.8991564163663734 neg 0.051705243643960674 off 0.04913833998966588	false	1.0
fotze	off 1.0		__DUMMY__ 0.8992779674753404 neg 0.054154682105899035 off 0.046567350418760534	false	0.5
verwirren	neg 1.0		__DUMMY__ 0.8996657031782055 neg 0.050579104401741244 off 0.04975519242005327	false	1.0
zahnlos	off 1.0		__DUMMY__ 0.8985754303586085 neg 0.05544359742849369 off 0.04598097221289777	false	0.5
verheeren	neg 1.0		__DUMMY__ 0.8927230820052038 off 0.06038388278492866 neg 0.046893035209867595	false	0.5
hippie	neg 1.0		__DUMMY__ 0.8991920510643936 off 0.05074904103390086 neg 0.0500589079017056	false	0.5
rammen	neg 1.0		__DUMMY__ 0.900233609431219 neg 0.05043345462805936 off 0.049332935940721634	false	1.0
unlauter	neg 1.0	neg 1.0	neg 0.5107348995281783 __DUMMY__ 0.4515656914085671 off 0.03769940906325449	false	1.0
unheilvoll	neg 1.0		__DUMMY__ 0.9018045768600337 neg 0.04957745469361508 off 0.04861796844635121	false	1.0
niedrig	neg 1.0		__DUMMY__ 0.900212838346564 neg 0.05449297053998025 off 0.04529419111345577	false	1.0
explosion	neg 1.0		__DUMMY__ 0.9005431079749604 off 0.05016464633158205 neg 0.04929224569345753	false	0.5
weichei	off 1.0		__DUMMY__ 0.8956737755925448 off 0.056094790132998784 neg 0.048231434274456385	false	1.0
minusmensch	off 1.0		__DUMMY__ 0.8893019269240907 off 0.06038547892835108 neg 0.0503125941475582	false	1.0
farblos	neg 1.0		__DUMMY__ 0.9014010845661388 neg 0.050642606878099405 off 0.04795630855576187	false	1.0
unwissend	neg 1.0		__DUMMY__ 0.8976452143242155 off 0.05144484631257169 neg 0.050909939363212864	false	0.5
traurig	neg 1.0		__DUMMY__ 0.8992405416340585 off 0.05348451031456989 neg 0.04727494805137159	false	0.5
senkung	neg 1.0		__DUMMY__ 0.8991420214874677 neg 0.05080966505635406 off 0.05004831345617827	false	1.0
ungleich	neg 1.0	neg 1.0	neg 0.5122190108392743 __DUMMY__ 0.4537397211716744 off 0.0340412679890513	false	1.0
heikel	neg 1.0		__DUMMY__ 0.9012592004125208 neg 0.05492609045979623 off 0.043814709127682996	false	1.0
drosselung	neg 1.0		__DUMMY__ 0.8993346315217584 off 0.05358736672333555 neg 0.0470780017549061	false	0.5
falsch	neg 1.0		__DUMMY__ 0.8991104134838439 off 0.050507681257122274 neg 0.05038190525903379	false	0.5
unzufriedenheit	neg 1.0		__DUMMY__ 0.9014021927634475 neg 0.05477137333934478 off 0.04382643389720788	false	1.0
kurz	neg 1.0		__DUMMY__ 0.904506816770449 neg 0.04974327921016203 off 0.04574990401938897	false	1.0
unsinnig	neg 1.0		__DUMMY__ 0.8997266686385509 neg 0.054291116322932174 off 0.045982215038516905	false	1.0
penner	off 1.0	off 1.0	off 0.5136763462949957 __DUMMY__ 0.45086589275219763 neg 0.03545776095280652	false	1.0
seicht	neg 1.0		__DUMMY__ 0.8926372926212455 off 0.05847471423346594 neg 0.048887993145288654	false	0.5
dummheit	off 1.0	off 1.0	off 0.5077144939725868 __DUMMY__ 0.4524143159592444 neg 0.039871190068168895	false	1.0
unerfreulich	neg 1.0		__DUMMY__ 0.9026326732334738 neg 0.05414871984400097 off 0.043218606922525146	false	1.0
motherfucker	off 1.0	off 1.0	off 0.5110145471707754 __DUMMY__ 0.4512806144274558 neg 0.0377048384017688	false	1.0
pikiert	neg 1.0		__DUMMY__ 0.8978655055413 off 0.05114963601465695 neg 0.05098485844404308	false	0.5
wrack	neg 1.0		__DUMMY__ 0.9018673054162742 neg 0.05267974875012806 off 0.045452945833597734	false	1.0
gangster	neg 1.0		__DUMMY__ 0.8994725894144846 neg 0.05049129883378666 off 0.05003611175172875	false	1.0
krank	neg 1.0		__DUMMY__ 0.9010712572528624 off 0.05179810056404842 neg 0.04713064218308913	false	0.5
reich	neg 1.0		__DUMMY__ 0.8930805724264698 neg 0.05461716307280084 off 0.05230226450072953	false	1.0
gnadenlos	neg 1.0		__DUMMY__ 0.8995396348635939 neg 0.05214419123566727 off 0.0483161739007388	false	1.0
niedergeschlagen	neg 1.0		__DUMMY__ 0.9026832575048244 neg 0.051166275501890846 off 0.046150466993284726	false	1.0
terrorisieren	off 1.0	off 1.0	off 0.5040956838592093 __DUMMY__ 0.4553474678500408 neg 0.04055684829074983	false	1.0
sinnlosigkeit	neg 1.0		__DUMMY__ 0.8995488114685156 neg 0.054495900871666 off 0.04595528765981837	false	1.0
behindern	neg 1.0		__DUMMY__ 0.902564181054585 neg 0.050249281546311274 off 0.047186537399103556	false	1.0
undemokratisch	neg 1.0		__DUMMY__ 0.895522818547627 neg 0.05511240882687855 off 0.04936477262549439	false	1.0
wirtschaftskrise	neg 1.0		__DUMMY__ 0.898693975735403 neg 0.05499071565115876 off 0.04631530861343831	false	1.0
neid	neg 1.0		__DUMMY__ 0.902562492309071 off 0.04984361798074634 neg 0.04759388971018264	false	0.5
rutschen	neg 1.0		__DUMMY__ 0.9100961393577458 neg 0.04902715120567405 off 0.040876709436580214	false	1.0
rezession	neg 1.0		__DUMMY__ 0.8937399899656759 off 0.055561047264602516 neg 0.05069896276972156	false	0.5
fehlgeburt	neg 1.0		__DUMMY__ 0.9020136382665895 neg 0.0502817567395795 off 0.04770460499383088	false	1.0
charakterschwach	off 1.0		__DUMMY__ 0.8971697176890497 off 0.052112443449543654 neg 0.05071783886140662	false	1.0
isolation	neg 1.0		__DUMMY__ 0.8988003701866236 off 0.05153401016229012 neg 0.04966561965108617	false	0.5
ablenkung	neg 1.0		__DUMMY__ 0.9019853909228285 neg 0.05047703222093991 off 0.04753757685623157	false	1.0
pech	neg 1.0		__DUMMY__ 0.9007111746798676 neg 0.04991675318676605 off 0.049372072133366286	false	1.0
vermeidung	neg 1.0		__DUMMY__ 0.9006392179023408 off 0.05261978423800843 neg 0.04674099785965083	false	0.5
dominieren	neg 1.0		__DUMMY__ 0.8991361418971506 neg 0.05431426168179666 off 0.04654959642105271	false	1.0
schwindlig	neg 1.0		__DUMMY__ 0.9027994710972137 off 0.04900903794727396 neg 0.04819149095551222	false	0.5
lutscher	neg 1.0		__DUMMY__ 0.8929326954125406 off 0.05881178484274315 neg 0.04825551974471622	false	0.5
pflicht	neg 1.0		__DUMMY__ 0.9009900302822151 neg 0.055160059742608084 off 0.04384990997517668	false	1.0
faschist	off 1.0		__DUMMY__ 0.8958619757504477 neg 0.054001693073638696 off 0.05013633117591361	false	0.5
verschleudern	neg 1.0		__DUMMY__ 0.8982232005296361 neg 0.05601289834918256 off 0.04576390112118136	false	1.0
wenn			__DUMMY__ 0.8991398206470135 off 0.05047963731527424 neg 0.050380542037712306	false	0.0
ehebruch	neg 1.0		__DUMMY__ 0.8997756313832924 neg 0.05467842627070133 off 0.0455459423460062	false	1.0
spott	off 1.0		__DUMMY__ 0.900103608376073 neg 0.0548532589388543 off 0.04504313268507285	false	0.5
trostlosigkeit	neg 1.0		__DUMMY__ 0.8982050116135796 neg 0.05766600120690843 off 0.04412898717951194	false	1.0
lutschen	neg 1.0		__DUMMY__ 0.8966805708909839 neg 0.051991773938072854 off 0.051327655170943384	false	1.0
undiszipliniert	neg 1.0		__DUMMY__ 0.8983861700155304 off 0.052984769256750434 neg 0.048629060727718984	false	0.5
kopfschmerz	neg 1.0		__DUMMY__ 0.9025432824457514 neg 0.05082302737753897 off 0.046633690176709625	false	1.0
unvorhergesehen	neg 1.0		__DUMMY__ 0.9055532710391003 neg 0.04905138505083897 off 0.045395343910060774	false	1.0
desinteressiert	neg 1.0		__DUMMY__ 0.8972269635094828 off 0.05295331301562552 neg 0.04981972347489162	false	0.5
armselig	off 1.0		__DUMMY__ 0.8960444878754339 off 0.05390088119215185 neg 0.05005463093241426	false	1.0
desaster	neg 1.0		__DUMMY__ 0.8986484575450646 neg 0.05851709016977433 off 0.04283445228516112	false	1.0
tod	neg 1.0		__DUMMY__ 0.899603978280254 neg 0.05542355577159288 off 0.04497246594815327	false	1.0
herzlos	neg 1.0		__DUMMY__ 0.8988195257531452 off 0.05413219500326941 neg 0.04704827924358538	false	0.5
unwissenheit	neg 1.0		__DUMMY__ 0.8994341187809072 neg 0.054535234404080785 off 0.04603064681501206	false	1.0
widersinnig	neg 1.0		__DUMMY__ 0.8951027774261975 neg 0.057639240448745174 off 0.04725798212505738	false	1.0
bedenklich	neg 1.0		__DUMMY__ 0.900749911582236 neg 0.054599542050657666 off 0.04465054636710615	false	1.0
beanstanden	neg 1.0		__DUMMY__ 0.9009675898311712 neg 0.05557004735290519 off 0.04346236281592358	false	1.0
panisch	neg 1.0	neg 1.0	neg 0.50536649561102 __DUMMY__ 0.4579477187915505 off 0.03668578559742958	false	1.0
debil	off 1.0		__DUMMY__ 0.9039500390269299 neg 0.0551254364167358 off 0.04092452455633432	false	0.5
abstrich	neg 1.0		__DUMMY__ 0.9060167900691547 neg 0.04733492252652054 off 0.04664828740432478	false	1.0
primitiv	neg 1.0		__DUMMY__ 0.8966377702884711 off 0.052667679749907846 neg 0.05069454996162096	false	0.5
abschaum	off 1.0	off 1.0	off 0.5092545683823164 __DUMMY__ 0.45159859494488197 neg 0.03914683667280159	false	1.0
provozieren	neg 1.0		__DUMMY__ 0.8984770706501464 neg 0.053559437170108894 off 0.0479634921797448	false	1.0
tot	neg 1.0		__DUMMY__ 0.900563050165933 neg 0.05295615398918073 off 0.0464807958448862	false	1.0
instabil	neg 1.0		__DUMMY__ 0.8935635757085123 off 0.054752515725570126 neg 0.051683908565917654	false	0.5
schwuchtel	off 1.0		__DUMMY__ 0.8885854791079375 off 0.06342527655726347 neg 0.04798924433479909	false	1.0
zerren	neg 1.0		__DUMMY__ 0.9021169427900793 neg 0.05171202647333789 off 0.04617103073658284	false	1.0
kinderficker	off 1.0		__DUMMY__ 0.8943429665427576 off 0.055757393826437886 neg 0.04989963963080456	false	1.0
gefahr	neg 1.0		__DUMMY__ 0.8993205731654834 neg 0.05538391557096836 off 0.04529551126354822	false	1.0
rabiat	neg 1.0		__DUMMY__ 0.900222690974087 neg 0.05219808653267759 off 0.04757922249323541	false	1.0
verlangsamung	neg 1.0		__DUMMY__ 0.8935281697317274 off 0.05816674914759761 neg 0.048305081120674886	false	0.5
ausgestorben	neg 1.0		__DUMMY__ 0.9014059364896787 neg 0.052363426812730166 off 0.046230636697591074	false	1.0
anklagen	neg 1.0		__DUMMY__ 0.8992884606872316 neg 0.053170870916019644 off 0.047540668396748836	false	1.0
trott	neg 1.0		__DUMMY__ 0.9017246427856779 neg 0.050886743115773445 off 0.047388614098548686	false	1.0
verminderung	neg 1.0		__DUMMY__ 0.897603173754798 off 0.0534096153831174 neg 0.048987210862084546	false	0.5
nach			__DUMMY__ 0.9082671996729451 neg 0.050741176819461185 off 0.04099162350759368	false	0.0
rost	neg 1.0		__DUMMY__ 0.8949677146506765 off 0.05814578767931069 neg 0.0468864976700128	false	0.5
destruktiv	neg 1.0		__DUMMY__ 0.8981600145721736 neg 0.0547247319102362 off 0.047115253517590126	false	1.0
unzumutbarkeit	neg 1.0		__DUMMY__ 0.8995379364003774 off 0.052769103708808614 neg 0.047692959890814055	false	0.5
labil	off 1.0	off 1.0	off 0.5098458410898336 __DUMMY__ 0.4516682853256856 neg 0.03848587358448075	false	1.0
ziemlich	neg 1.0		__DUMMY__ 0.8990076265341673 off 0.05178186274083944 neg 0.04921051072499316	false	0.5
lachnummer	off 1.0		__DUMMY__ 0.8979256338983747 neg 0.054867138724015024 off 0.04720722737761028	false	0.5
oder			__DUMMY__ 0.9024006273429447 neg 0.050529099363205765 off 0.0470702732938495	false	0.0
verfall	neg 1.0		__DUMMY__ 0.9028191365314596 neg 0.05615127354429795 off 0.04102958992424239	false	1.0
ausgrenzung	neg 1.0		__DUMMY__ 0.8960702759660044 neg 0.05404235748989333 off 0.049887366544102245	false	1.0
unordnung	neg 1.0		__DUMMY__ 0.8943090939353462 off 0.0550459558952851 neg 0.050644950169368735	false	0.5
fehlverhalten	neg 1.0		__DUMMY__ 0.8992924138660827 neg 0.055853403227859824 off 0.04485418290605745	false	1.0
eine			__DUMMY__ 0.9037606222501169 neg 0.05321285875765216 off 0.04302651899223085	false	0.0
nille	neg 1.0		__DUMMY__ 0.8973811025110373 neg 0.05459426044650435 off 0.04802463704245832	false	1.0
qual	neg 1.0		__DUMMY__ 0.9013608293096799 neg 0.05125915577467545 off 0.047380014915644704	false	1.0
verschwenden	neg 1.0		__DUMMY__ 0.9018352942708673 neg 0.053548243080892115 off 0.04461646264824055	false	1.0
riesig	neg 1.0		__DUMMY__ 0.903504667625472 neg 0.04984018192733854 off 0.0466551504471895	false	1.0
verurteilen	neg 1.0		__DUMMY__ 0.898885892698861 neg 0.054821064362371476 off 0.046293042938767584	false	1.0
klischee	neg 1.0	neg 1.0	neg 0.5103433800268468 __DUMMY__ 0.45148215539820413 off 0.03817446457494911	false	1.0
diktatorisch	neg 1.0		__DUMMY__ 0.8944115331922986 neg 0.0561646874335449 off 0.049423779374156526	false	1.0
vorhersehbar	neg 1.0		__DUMMY__ 0.8973253471378241 neg 0.05326627154838869 off 0.04940838131378723	false	1.0
sowie			__DUMMY__ 0.8933962303062118 off 0.05695155539996847 neg 0.04965221429381966	false	0.0
stornieren	neg 1.0		__DUMMY__ 0.9032131354232839 off 0.049352759234646076 neg 0.04743410534207002	false	0.5
besteuerung	neg 1.0		__DUMMY__ 0.899497137214575 neg 0.05189048336859992 off 0.048612379416825044	false	1.0
ungeschminkt	neg 1.0		__DUMMY__ 0.8991419258682907 off 0.05198967232332036 neg 0.04886840180838887	false	0.5
kritisch	neg 1.0		__DUMMY__ 0.8994156896178287 neg 0.05552401577221437 off 0.04506029460995705	false	1.0
schlamperei	off 1.0		__DUMMY__ 0.8985183034869492 neg 0.05593936373621493 off 0.045542332776835996	false	0.5
sucht	neg 1.0	neg 1.0	neg 0.5044575950760856 __DUMMY__ 0.45833374071172944 off 0.03720866421218493	false	1.0
egoistisch	off 1.0		__DUMMY__ 0.8960403430765752 off 0.056130147002328885 neg 0.04782950992109594	false	1.0
ausbeuter	off 1.0		__DUMMY__ 0.8992088098862816 neg 0.05617225416529757 off 0.044618935948420736	false	0.5
arschgeburt	off 1.0		__DUMMY__ 0.8885690574854851 off 0.06338369646380689 neg 0.048047246050707926	false	1.0
schubs	neg 1.0	neg 1.0	neg 0.508122747870658 __DUMMY__ 0.45793109562533935 off 0.033946156504002754	false	1.0
unsolide	neg 1.0		__DUMMY__ 0.8895959754309383 neg 0.05827220366870569 off 0.05213182090035601	false	1.0
beschwerde	neg 1.0		__DUMMY__ 0.898532098107269 neg 0.05536607723666299 off 0.046101824656068026	false	1.0
stocken	neg 1.0		__DUMMY__ 0.9018647675248354 neg 0.052628793496786834 off 0.04550643897837775	false	1.0
isolieren	neg 1.0		__DUMMY__ 0.9038164520943568 neg 0.04918795630642202 off 0.0469955915992212	false	1.0
unheilbar	neg 1.0		__DUMMY__ 0.9014733309031385 neg 0.050267674180439155 off 0.048258994916422375	false	1.0
pisser	off 1.0		__DUMMY__ 0.8952210735942211 off 0.0546828087807561 neg 0.050096117625022724	false	1.0
löschen	neg 1.0		__DUMMY__ 0.8995499295207725 neg 0.05187778979928377 off 0.04857228067994374	false	1.0
durchfallen	neg 1.0		__DUMMY__ 0.9004218645684832 neg 0.05454448270679223 off 0.04503365272472469	false	1.0
wichser	off 1.0		__DUMMY__ 0.8931555595789581 off 0.05986768832681986 neg 0.04697675209422201	false	1.0
terror	neg 1.0		__DUMMY__ 0.9008602994202088 off 0.050281840746183956 neg 0.048857859833607235	false	0.5
krass	neg 1.0		__DUMMY__ 0.897656828752453 off 0.05415542616552549 neg 0.0481877450820215	false	0.5
revolte	neg 1.0	neg 1.0	neg 0.5124964639328752 __DUMMY__ 0.4488385843972545 off 0.038664951669870336	false	1.0
besorgt	neg 1.0		__DUMMY__ 0.9046190097998779 neg 0.04946543813878921 off 0.04591555206133286	false	1.0
nachlassen	neg 1.0		__DUMMY__ 0.9042469589086478 neg 0.05001719961477851 off 0.04573584147657371	false	1.0
alt	neg 1.0		__DUMMY__ 0.9045849041626405 neg 0.05183610346312744 off 0.043578992374232135	false	1.0
hundesohn	off 1.0		__DUMMY__ 0.8908660914639355 off 0.059630267378573784 neg 0.049503641157490744	false	1.0
als			__DUMMY__ 0.9024291892404795 neg 0.052061766639228825 off 0.04550904412029167	false	0.0
abschreckung	neg 1.0		__DUMMY__ 0.9004915205522855 neg 0.05573367009458855 off 0.043774809353125846	false	1.0
unqualifiziert	neg 1.0		__DUMMY__ 0.8974153932229244 neg 0.05290943925382489 off 0.049675167523250734	false	1.0
abgewichst	off 1.0		__DUMMY__ 0.9002260346949942 neg 0.05279153989435152 off 0.046982425410654255	false	0.5
schwer	neg 1.0		__DUMMY__ 0.9015295533528231 neg 0.05146934850879274 off 0.04700109813838407	false	1.0
bedeutungslosigkeit	neg 1.0		__DUMMY__ 0.89954888062716 neg 0.056138693538157675 off 0.04431242583468225	false	1.0
kapitulation	neg 1.0		__DUMMY__ 0.8961666202414971 neg 0.05758383536978262 off 0.046249544388720344	false	1.0
unscharf	neg 1.0		__DUMMY__ 0.9006526682243339 neg 0.049970742862560744 off 0.04937658891310542	false	1.0
schwinden	neg 1.0		__DUMMY__ 0.9032140747634114 neg 0.05241517839370578 off 0.044370746842882745	false	1.0
versklavung	neg 1.0		__DUMMY__ 0.8956700283936034 neg 0.05520276862972488 off 0.04912720297667168	false	1.0
schlecht	neg 1.0		__DUMMY__ 0.899387751529109 off 0.05208822908164313 neg 0.048524019389247816	false	0.5
verhasst	neg 1.0		__DUMMY__ 0.8978720576294426 neg 0.05409148067201844 off 0.04803646169853901	false	1.0
beschweren	neg 1.0		__DUMMY__ 0.900664298851467 neg 0.05063934607458585 off 0.0486963550739471	false	1.0
scheiden	neg 1.0		__DUMMY__ 0.9014433579258148 neg 0.05196081052229189 off 0.046595831551893264	false	1.0
frustriert	neg 1.0		__DUMMY__ 0.9011016047386156 neg 0.05253924557439114 off 0.046359149686993374	false	1.0
schimmelig	neg 1.0		__DUMMY__ 0.901626740548159 neg 0.053934496180858695 off 0.044438763270982375	false	1.0
fisch	neg 1.0		__DUMMY__ 0.9022207849343065 neg 0.05305841131811267 off 0.04472080374758084	false	1.0
schmuggel	neg 1.0		__DUMMY__ 0.9051243496203767 neg 0.05115199587992115 off 0.04372365449970225	false	1.0
auffallen	neg 1.0		__DUMMY__ 0.8998982988198707 neg 0.05103598181648043 off 0.04906571936364887	false	1.0
konkurrenz	neg 1.0		__DUMMY__ 0.9024337702747961 neg 0.05427896284669159 off 0.04328726687851232	false	1.0
teufelskreis	neg 1.0		__DUMMY__ 0.9003198550778476 neg 0.05298839853325677 off 0.04669174638889552	false	1.0
aufschreien	neg 1.0		__DUMMY__ 0.8980827304043572 neg 0.052685743898633716 off 0.049231525697009074	false	1.0
schuldner	neg 1.0		__DUMMY__ 0.8996263037823689 neg 0.055337919374391316 off 0.04503577684323989	false	1.0
missgeburt	off 1.0	off 1.0	off 0.5131782056392886 __DUMMY__ 0.4486172904915172 neg 0.03820450386919416	false	1.0
arbeitslos	neg 1.0		__DUMMY__ 0.8993165090109101 neg 0.05472036134717292 off 0.04596312964191704	false	1.0
befallen	neg 1.0		__DUMMY__ 0.8987742984795027 neg 0.05494165491018741 off 0.04628404661030981	false	1.0
miesepetrig	off 1.0		__DUMMY__ 0.9016270519378604 off 0.051490535869320626 neg 0.04688241219281906	false	1.0
alarmieren	neg 1.0		__DUMMY__ 0.8966891502811648 off 0.051870361341832226 neg 0.051440488377003005	false	0.5
ungeduscht	off 1.0		__DUMMY__ 0.9005157945636094 neg 0.05010641744746042 off 0.04937778798893012	false	0.5
knappheit	neg 1.0		__DUMMY__ 0.899918570826323 neg 0.053950432902774736 off 0.04613099627090236	false	1.0
schlange	neg 1.0		__DUMMY__ 0.9025062159536539 neg 0.04922077136272132 off 0.048273012683624744	false	1.0
harsch	neg 1.0		__DUMMY__ 0.8987814079029715 off 0.05677537692139584 neg 0.044443215175632676	false	0.5
lang	neg 1.0		__DUMMY__ 0.900745107275676 neg 0.0506779107117842 off 0.048576982012539786	false	1.0
ziellos	neg 1.0		__DUMMY__ 0.9019240380707572 neg 0.052829649173156426 off 0.04524631275608651	false	1.0
selbstverliebt	neg 1.0		__DUMMY__ 0.8895743016701465 off 0.061078511578396874 neg 0.04934718675145663	false	0.5
beseitigen	neg 1.0		__DUMMY__ 0.9016310028648529 neg 0.0502014111042423 off 0.048167586030904805	false	1.0
dumm	off 1.0		__DUMMY__ 0.8949161725361876 off 0.05674202214903571 neg 0.04834180531477671	false	1.0
arbeitsloser	neg 1.0		__DUMMY__ 0.8998292216048116 neg 0.05486608143783078 off 0.045304696957357615	false	1.0
blitzen	neg 1.0		__DUMMY__ 0.8994199564650419 off 0.05066868253198954 neg 0.049911361002968564	false	0.5
hilflos	neg 1.0		__DUMMY__ 0.9015584306155076 neg 0.052465285226536526 off 0.045976284157955905	false	1.0
eklig	off 1.0		__DUMMY__ 0.8938405752407015 off 0.05741152349871242 neg 0.04874790126058611	false	1.0
begriff			__DUMMY__ 0.9004490587268996 neg 0.0530994327815866 off 0.04645150849151373	false	0.0
hungersnot	neg 1.0		__DUMMY__ 0.8961334955290873 neg 0.05589170404767872 off 0.04797480042323407	false	1.0
ungesetzlich	neg 1.0		__DUMMY__ 0.8938560272789818 neg 0.0556527979961623 off 0.05049117472485586	false	1.0
verschwendung	neg 1.0		__DUMMY__ 0.9019663033324137 neg 0.05403451530273759 off 0.043999181364848754	false	1.0
schmerzvoll	neg 1.0		__DUMMY__ 0.9008599225299944 neg 0.05050390790650614 off 0.04863616956349946	false	1.0
vorzeitig	neg 1.0		__DUMMY__ 0.8985088831868654 off 0.05187576082569716 neg 0.04961535598743744	false	0.5
unvollkommenheit	neg 1.0		__DUMMY__ 0.9014204657929319 neg 0.05091085597133056 off 0.04766867823573742	false	1.0
intervenieren	neg 1.0		__DUMMY__ 0.8987312788410411 neg 0.05629852814832585 off 0.044970193010632965	false	1.0
banause	off 1.0		__DUMMY__ 0.8936131306482052 off 0.05860890788468823 neg 0.04777796146710664	false	1.0
rebell	neg 1.0		__DUMMY__ 0.9039515096127698 neg 0.05315570342403368 off 0.04289278696319653	false	1.0
unlogisch	neg 1.0		__DUMMY__ 0.8957678449046087 off 0.053922491205651076 neg 0.05030966388974031	false	0.5
leiden	neg 1.0	neg 1.0	neg 0.5043518977814655 __DUMMY__ 0.46327589108837 off 0.032372211130164454	false	1.0
abschaffung	neg 1.0		__DUMMY__ 0.897306484603122 neg 0.0540443309815088 off 0.04864918441536922	false	1.0
sturz	neg 1.0		__DUMMY__ 0.8976856640813029 neg 0.05324247413412034 off 0.04907186178457668	false	1.0
verkleinerung	neg 1.0		__DUMMY__ 0.8941784742905922 neg 0.05467172739397378 off 0.05114979831543407	false	1.0
schmarotzer	off 1.0		__DUMMY__ 0.8984637636764095 neg 0.055845728791052325 off 0.04569050753253812	false	0.5
bestrafung	neg 1.0		__DUMMY__ 0.8999092676217433 neg 0.05144113349534788 off 0.04864959888290892	false	1.0
achtlos	neg 1.0		__DUMMY__ 0.9022976229445759 neg 0.05080109216844569 off 0.046901284886978326	false	1.0
ungeheuer	neg 1.0		__DUMMY__ 0.8999304904429698 neg 0.050870071204436054 off 0.04919943835259417	false	1.0
unaufrichtig	neg 1.0		__DUMMY__ 0.8971564237097421 neg 0.052353884335902615 off 0.05048969195435525	false	1.0
