unsolidarisch	neg 1.0		neg 0.5030580050734925 off 0.45294937311387806 __DUMMY__ 0.0439926218126296	false	1.0
nachteilig	neg 1.0		neg 0.5028273656935887 off 0.45269673021896684 __DUMMY__ 0.04447590408744467	false	1.0
skeptisch	neg 1.0		neg 0.5047585926367184 off 0.45060505993921346 __DUMMY__ 0.04463634742406813	false	1.0
schrecklich	neg 1.0		neg 0.4914857869942153 off 0.46426766292674354 __DUMMY__ 0.04424655007904122	false	1.0
schlapp	neg 1.0		neg 0.49362878608780647 off 0.46179236726381345 __DUMMY__ 0.044578846648380056	false	1.0
abfall	neg 1.0		neg 0.5058663370515383 off 0.44940841286058786 __DUMMY__ 0.0447252500878738	false	1.0
widerspenstig	neg 1.0		neg 0.49781326212299476 off 0.4574547975213773 __DUMMY__ 0.044731940355627935	false	1.0
abrupt	neg 1.0		neg 0.49828268811789833 off 0.4568654736578871 __DUMMY__ 0.044851838224214596	false	1.0
unwirksam	neg 1.0		neg 0.5024849224851615 off 0.45348003664433995 __DUMMY__ 0.04403504087049841	false	1.0
angreifen	neg 1.0		neg 0.50416285451923 off 0.45132015756723803 __DUMMY__ 0.0445169879135318	false	1.0
inkonsistent	neg 1.0		neg 0.4972414051853815 off 0.4583529545421269 __DUMMY__ 0.04440564027249158	false	1.0
abrutschen	neg 1.0		neg 0.5053213284171563 off 0.4499016708643221 __DUMMY__ 0.04477700071852161	false	1.0
unsicher	neg 1.0		neg 0.4991756651098875 off 0.4562493643307052 __DUMMY__ 0.04457497055940742	false	1.0
bauernkind	off 1.0		neg 0.4903399972195737 off 0.46577949604124963 __DUMMY__ 0.04388050673917666	false	0.5
angreifer	neg 1.0		neg 0.49779881595262393 off 0.45797235456401064 __DUMMY__ 0.044228829483365435	false	1.0
trennen	neg 1.0		neg 0.5018193672819237 off 0.4533047269839291 __DUMMY__ 0.044875905734147147	false	1.0
schmutz	neg 1.0		neg 0.491063428866406 off 0.4642009250323182 __DUMMY__ 0.04473564610127581	false	1.0
inkonsistenz	neg 1.0	neg 1.0	neg 0.7351262165352479 off 0.2436145783301511 __DUMMY__ 0.021259205134600966	false	1.0
erschreckend	neg 1.0		neg 0.5014383262778274 off 0.4540877288404425 __DUMMY__ 0.04447394488172995	false	1.0
ertrinken	neg 1.0		neg 0.5012467644580153 off 0.45398696635763897 __DUMMY__ 0.04476626918434573	false	1.0
pickelface	off 1.0		neg 0.4999725405798895 off 0.45572010910262567 __DUMMY__ 0.044307350317484936	false	0.5
seiner			neg 0.5037090532691791 off 0.45169432620464983 __DUMMY__ 0.04459662052617103	false	0.0
lauch	neg 1.0		neg 0.5043804994928299 off 0.4509308931209846 __DUMMY__ 0.04468860738618562	false	1.0
unwichtig	neg 1.0		neg 0.49549287363086264 off 0.46013959288557715 __DUMMY__ 0.044367533483560255	false	1.0
steuerhinterziehung	neg 1.0		neg 0.503106638759466 off 0.4527324781294306 __DUMMY__ 0.044160883111103326	false	1.0
schock	neg 1.0		neg 0.49874960052313727 off 0.45642648559761473 __DUMMY__ 0.044823913879248015	false	1.0
beule	neg 1.0		neg 0.4927669390999137 off 0.46273924126725285 __DUMMY__ 0.0444938196328335	false	1.0
vergelten	neg 1.0		neg 0.49113463962620396 off 0.46481144637438604 __DUMMY__ 0.04405391399941002	false	1.0
verdorbenheit	neg 1.0		neg 0.4970940532925128 off 0.45831130762630373 __DUMMY__ 0.044594639081183426	false	1.0
trauma	neg 1.0		neg 0.4977649320948308 off 0.45777863510892985 __DUMMY__ 0.044456432796239294	false	1.0
sinnlos	neg 1.0		neg 0.4974560034133722 off 0.45807797420728497 __DUMMY__ 0.04446602237934271	false	1.0
fettsack	off 1.0	off 1.0	off 0.7176592490105503 neg 0.2612024769661005 __DUMMY__ 0.02113827402334922	false	1.0
feige	off 1.0		neg 0.49696849521343506 off 0.45878641522245345 __DUMMY__ 0.044245089564111446	false	0.5
abdanken	neg 1.0		neg 0.5043841802080793 off 0.4516147618415155 __DUMMY__ 0.04400105795040522	false	1.0
wichtigtuer	off 1.0	off 1.0	off 0.7128347700307448 neg 0.26588813265834127 __DUMMY__ 0.021277097310913994	false	1.0
misslingen	neg 1.0		neg 0.49446865702137655 off 0.4607663753923965 __DUMMY__ 0.04476496758622703	false	1.0
untreu	off 1.0		neg 0.49461645872559123 off 0.46102123683504714 __DUMMY__ 0.044362304439361545	false	0.5
missmutig	neg 1.0		neg 0.4945283629315168 off 0.46091052889084755 __DUMMY__ 0.044561108177635624	false	1.0
hurenbock	off 1.0		neg 0.49545254226131225 off 0.4598203550897836 __DUMMY__ 0.04472710264890421	false	0.5
betrunken	neg 1.0		neg 0.4921175404414175 off 0.4634425995785492 __DUMMY__ 0.044439859980033386	false	1.0
korrupt	off 1.0		neg 0.5046522001349365 off 0.4511728298590863 __DUMMY__ 0.044174970005977164	false	0.5
unmut	neg 1.0		neg 0.5060997668597471 off 0.4493016747971659 __DUMMY__ 0.044598558343087034	false	1.0
hackfresse	off 1.0		neg 0.48850088078543946 off 0.46738284684597636 __DUMMY__ 0.044116272368584106	false	0.5
aufblasen	neg 1.0		neg 0.49666873582175586 off 0.45867101970701457 __DUMMY__ 0.044660244471229626	false	1.0
gewaltsam	neg 1.0		neg 0.5000772148957584 off 0.45567732256217575 __DUMMY__ 0.04424546254206596	false	1.0
unbeliebtheit	neg 1.0		neg 0.4965496834358465 off 0.45957809826129004 __DUMMY__ 0.04387221830286362	false	1.0
sturheit	neg 1.0		neg 0.5018353956664066 off 0.4537768958289028 __DUMMY__ 0.044387708504690544	false	1.0
kuh	neg 1.0		neg 0.4984405596673391 off 0.45721135161367 __DUMMY__ 0.04434808871899085	false	1.0
erschrecken	neg 1.0		neg 0.4955435813002429 off 0.4599591994372247 __DUMMY__ 0.0444972192625325	false	1.0
opfer	neg 1.0		neg 0.5031131023072365 off 0.45232418016384557 __DUMMY__ 0.04456271752891781	false	1.0
sinken	neg 1.0		neg 0.5051292663805145 off 0.4502700328267684 __DUMMY__ 0.04460070079271724	false	1.0
stinktier	neg 1.0		neg 0.4922572021205375 off 0.4636654494610414 __DUMMY__ 0.0440773484184212	false	1.0
tucke	off 1.0		neg 0.48688158873142184 off 0.4689160920537861 __DUMMY__ 0.04420231921479201	false	0.5
ein			neg 0.4968527216551452 off 0.4584029031178152 __DUMMY__ 0.04474437522703964	false	0.0
abstieg	neg 1.0		neg 0.5025394786283648 off 0.45309459370785843 __DUMMY__ 0.04436592766377677	false	1.0
missverstehen	neg 1.0		neg 0.49923619059083174 off 0.456486500670351 __DUMMY__ 0.04427730873881714	false	1.0
ergebnislos	neg 1.0		neg 0.5027193407229322 off 0.45286071380779186 __DUMMY__ 0.044419945469275975	false	1.0
unter			neg 0.5066142576100157 off 0.44826215621227644 __DUMMY__ 0.045123586177707876	false	0.0
manipulieren	neg 1.0		neg 0.503208961369091 off 0.4521643623313965 __DUMMY__ 0.04462667629951236	false	1.0
unbewiesen	neg 1.0		neg 0.5034028715192763 off 0.45261804361025554 __DUMMY__ 0.04397908487046825	false	1.0
verschleppen	neg 1.0		neg 0.5023209487807255 off 0.4532093524643382 __DUMMY__ 0.04446969875493614	false	1.0
weib	off 1.0		neg 0.487485811190931 off 0.46847052860350247 __DUMMY__ 0.04404366020556647	false	0.5
opposition	neg 1.0		neg 0.4998798238613617 off 0.45596076908044675 __DUMMY__ 0.04415940705819149	false	1.0
verkehrswidrig	neg 1.0		neg 0.48779245391855935 off 0.46779656353206966 __DUMMY__ 0.044410982549371016	false	1.0
inkorrekt	neg 1.0		neg 0.4971728467530808 off 0.45882975020544037 __DUMMY__ 0.043997403041478825	false	1.0
vermeiden	neg 1.0		neg 0.5051396785848944 off 0.4499094286179867 __DUMMY__ 0.04495089279711877	false	1.0
abweichung	neg 1.0		neg 0.5047609385125589 off 0.4510576586155939 __DUMMY__ 0.04418140287184721	false	1.0
alkoholisiert	neg 1.0		neg 0.4985785319211601 off 0.45658918829055856 __DUMMY__ 0.044832279788281464	false	1.0
scheiss	off 1.0	off 1.0	off 0.7163064226172969 neg 0.26235636562277664 __DUMMY__ 0.021337211759926478	false	1.0
herausforderung	neg 1.0		neg 0.49921998659568856 off 0.45591015661424983 __DUMMY__ 0.044869856790061634	false	1.0
pervers	off 1.0		neg 0.48545999066297973 off 0.47062195273910856 __DUMMY__ 0.04391805659791168	false	0.5
wackelig	neg 1.0		neg 0.4986542467304761 off 0.4564192960803531 __DUMMY__ 0.04492645718917073	false	1.0
verwickeln	neg 1.0		neg 0.4988151654501184 off 0.45682033072443223 __DUMMY__ 0.044364503825449327	false	1.0
vorwand	neg 1.0		neg 0.5058255805732497 off 0.44965610204888895 __DUMMY__ 0.04451831737786132	false	1.0
muschi	off 1.0		neg 0.5004894987945834 off 0.4551985243524728 __DUMMY__ 0.04431197685294385	false	0.5
entmutigung	neg 1.0		neg 0.5012883884616826 off 0.4548262781302537 __DUMMY__ 0.04388533340806378	false	1.0
unangemessen	neg 1.0		neg 0.5040119307436368 off 0.4516819884185195 __DUMMY__ 0.04430608083784375	false	1.0
unstetig	neg 1.0		neg 0.4959947916239889 off 0.4596645252173622 __DUMMY__ 0.044340683158648926	false	1.0
entmutigen	neg 1.0		neg 0.4974303731803448 off 0.45797432565753915 __DUMMY__ 0.04459530116211601	false	1.0
schwanz	neg 1.0		neg 0.501669807533084 off 0.4538529759512487 __DUMMY__ 0.04447721651566731	false	1.0
verbot	neg 1.0		neg 0.5040558963932085 off 0.45176840843245325 __DUMMY__ 0.044175695174338205	false	1.0
leid	neg 1.0		neg 0.49002401273043894 off 0.4657842478775264 __DUMMY__ 0.044191739392034586	false	1.0
archaisch	neg 1.0		neg 0.5024625510437819 off 0.4531385484099433 __DUMMY__ 0.04439890054627483	false	1.0
gegen			neg 0.5065029490359018 off 0.44910516782383486 __DUMMY__ 0.04439188314026338	false	0.0
scheidung	neg 1.0	neg 1.0	neg 0.7228181232083642 off 0.25602011999521707 __DUMMY__ 0.02116175679641876	false	1.0
einschlag	neg 1.0		neg 0.4920777176227781 off 0.46387401931396166 __DUMMY__ 0.04404826306326028	false	1.0
m			neg 0.49943323125204897 off 0.4558927669810724 __DUMMY__ 0.04467400176687864	false	0.0
abgestanden	neg 1.0		neg 0.49740543677075055 off 0.45789910316196913 __DUMMY__ 0.04469546006728034	false	1.0
schmierig	off 1.0		neg 0.4903015252297356 off 0.46538898422561975 __DUMMY__ 0.04430949054464464	false	0.5
unpraktisch	neg 1.0		neg 0.49649004605688357 off 0.45882560189798466 __DUMMY__ 0.044684352045131714	false	1.0
wixxer	off 1.0		neg 0.48578908210315574 off 0.4703642186945975 __DUMMY__ 0.0438466992022467	false	0.5
bezeichnet			neg 0.5018465573458364 off 0.4538145914884055 __DUMMY__ 0.04433885116575823	false	0.0
jammerlappen	off 1.0		neg 0.4954636522002365 off 0.4601581113140854 __DUMMY__ 0.04437823648567805	false	0.5
farce	neg 1.0		neg 0.5047764948862085 off 0.4512030530390525 __DUMMY__ 0.0440204520747391	false	1.0
zwecklos	neg 1.0		neg 0.5035637424294938 off 0.4520336160248891 __DUMMY__ 0.04440264154561711	false	1.0
turbulent	neg 1.0		neg 0.4924088625021697 off 0.46343354352969524 __DUMMY__ 0.04415759396813498	false	1.0
invasion	neg 1.0		neg 0.4954589726292698 off 0.4600123875091923 __DUMMY__ 0.04452863986153794	false	1.0
schuld	neg 1.0		neg 0.49945387584636336 off 0.4561270447989321 __DUMMY__ 0.04441907935470446	false	1.0
risiko	neg 1.0		neg 0.49412917842397186 off 0.46123024944562335 __DUMMY__ 0.04464057213040487	false	1.0
finster	neg 1.0		neg 0.49743640234492487 off 0.45788146661955315 __DUMMY__ 0.044682131035522044	false	1.0
geisteskrank	off 1.0		neg 0.4958604440159288 off 0.4600387470145617 __DUMMY__ 0.04410080896950949	false	0.5
zusammenbrechen	neg 1.0		neg 0.5000033122937027 off 0.45533739260575434 __DUMMY__ 0.04465929510054298	false	1.0
ausbeute	neg 1.0		neg 0.5003217515733729 off 0.4549248921069815 __DUMMY__ 0.04475335631964557	false	1.0
hinterhalt	neg 1.0		neg 0.4979105647240775 off 0.45760103299978544 __DUMMY__ 0.04448840227613708	false	1.0
kritik	neg 1.0		neg 0.5038328309315244 off 0.4520382138685191 __DUMMY__ 0.04412895519995637	false	1.0
einschrumpfen	neg 1.0		neg 0.4977711750197877 off 0.45810477331896626 __DUMMY__ 0.04412405166124608	false	1.0
riskant	neg 1.0		neg 0.503321268140399 off 0.45208660261225403 __DUMMY__ 0.044592129247347005	false	1.0
frustrieren	neg 1.0		neg 0.503586633894472 off 0.4518513532943112 __DUMMY__ 0.04456201281121676	false	1.0
groll	neg 1.0		neg 0.502801164040602 off 0.45274465643608297 __DUMMY__ 0.0444541795233149	false	1.0
gibt			neg 0.5013977027395046 off 0.4540452555082543 __DUMMY__ 0.044557041752241025	false	0.0
qualvoll	neg 1.0		neg 0.4959695156596073 off 0.4594425777100797 __DUMMY__ 0.04458790663031302	false	1.0
wackeln	neg 1.0		neg 0.4966951659161897 off 0.4585620137620648 __DUMMY__ 0.04474282032174554	false	1.0
klagen	neg 1.0		neg 0.5064776958670616 off 0.449066158855579 __DUMMY__ 0.04445614527735955	false	1.0
bankrott	neg 1.0		neg 0.494088635975465 off 0.4614450557868218 __DUMMY__ 0.04446630823771311	false	1.0
trauern	neg 1.0		neg 0.5028779505735625 off 0.45252486588010615 __DUMMY__ 0.04459718354633133	false	1.0
ablehnung	neg 1.0	neg 1.0	neg 0.7381251693798855 off 0.24064523555489203 __DUMMY__ 0.021229595065222526	false	1.0
stur	neg 1.0		neg 0.49884805229093226 off 0.45671648109293045 __DUMMY__ 0.04443546661613725	false	1.0
aufruhr	neg 1.0		neg 0.5009735682696805 off 0.45481169284593675 __DUMMY__ 0.04421473888438268	false	1.0
melancholie	neg 1.0		neg 0.49921790407038846 off 0.4559445447111419 __DUMMY__ 0.044837551218469475	false	1.0
ist			neg 0.4984049420338872 off 0.4571438744300085 __DUMMY__ 0.0444511835361043	false	0.0
torheit	neg 1.0		neg 0.5017169026668289 off 0.45421825705876356 __DUMMY__ 0.04406484027440755	false	1.0
dreckskind	off 1.0		neg 0.49183004453845786 off 0.4643135504266474 __DUMMY__ 0.04385640503489467	false	0.5
umtauschen	neg 1.0		neg 0.4982322980679365 off 0.45707595820107627 __DUMMY__ 0.044691743730987214	false	1.0
zum			neg 0.5038614348267855 off 0.451090812467534 __DUMMY__ 0.04504775270568054	false	0.0
zersetzen	neg 1.0		neg 0.5047071289529043 off 0.4507483768412364 __DUMMY__ 0.044544494205859486	false	1.0
zur			neg 0.507640201044351 off 0.44771171603525944 __DUMMY__ 0.044648082920389444	false	0.0
frust	neg 1.0		neg 0.5008866731144593 off 0.45451498471524654 __DUMMY__ 0.04459834217029415	false	1.0
unerbittlichkeit	neg 1.0		neg 0.5038273913706183 off 0.4516510801323613 __DUMMY__ 0.04452152849702039	false	1.0
zwei			neg 0.5028363371294255 off 0.45223004147848467 __DUMMY__ 0.04493362139208983	false	0.0
unkorrekt	neg 1.0		neg 0.4961856916735211 off 0.4598032082269853 __DUMMY__ 0.04401110009949347	false	1.0
hexe	off 1.0		neg 0.494019881626714 off 0.46156905929864395 __DUMMY__ 0.044411059074641976	false	0.5
lasch	neg 1.0		neg 0.49778154346366427 off 0.4579432947069647 __DUMMY__ 0.04427516182937099	false	1.0
rivale	neg 1.0		neg 0.4919626454926052 off 0.4639178418217943 __DUMMY__ 0.044119512685600534	false	1.0
mutlos	off 1.0	off 1.0	off 0.7103164208489938 neg 0.26834258394191846 __DUMMY__ 0.021340995209087804	false	1.0
wirr	off 1.0		neg 0.49359037640192716 off 0.4623353847982794 __DUMMY__ 0.044074238799793455	false	0.5
jahr			neg 0.5010752896590454 off 0.4540999292525993 __DUMMY__ 0.04482478108835541	false	0.0
wird			neg 0.5026566952873737 off 0.4527591095120757 __DUMMY__ 0.044584195200550465	false	0.0
strafbar	neg 1.0		neg 0.5055337872145559 off 0.45016362421372164 __DUMMY__ 0.044302588571722624	false	1.0
erosion	neg 1.0		neg 0.4966057069683998 off 0.458782933544325 __DUMMY__ 0.04461135948727523	false	1.0
eingehen	neg 1.0		neg 0.5033256218112372 off 0.4522031698026202 __DUMMY__ 0.04447120838614268	false	1.0
faul	off 1.0		neg 0.49391006864608633 off 0.4615116691204074 __DUMMY__ 0.04457826223350617	false	0.5
provisorium	neg 1.0		neg 0.5078620198515265 off 0.4470965822358538 __DUMMY__ 0.04504139791261971	false	1.0
schmerzen	neg 1.0		neg 0.4992034717176637 off 0.45611568789047824 __DUMMY__ 0.044680840391857914	false	1.0
schrumpfen	neg 1.0		neg 0.5068446369631656 off 0.4483840190603671 __DUMMY__ 0.04477134397646718	false	1.0
geistlos	off 1.0		neg 0.5003136252890185 off 0.4556672701683149 __DUMMY__ 0.04401910454266658	false	0.5
fehlkauf	neg 1.0		neg 0.4975141235481538 off 0.45816486419897046 __DUMMY__ 0.044321012252875575	false	1.0
frustrierend	neg 1.0		neg 0.49600499442300566 off 0.4595364524755201 __DUMMY__ 0.044458553101474216	false	1.0
unzufrieden	neg 1.0		neg 0.5026404714185493 off 0.45285934392729177 __DUMMY__ 0.04450018465415889	false	1.0
verzweifeln	neg 1.0		neg 0.49964950110107154 off 0.455751921317324 __DUMMY__ 0.044598577581604536	false	1.0
verzweifelt	neg 1.0		neg 0.49879448422375244 off 0.4567517813625234 __DUMMY__ 0.044453734413724195	false	1.0
misstrauensantrag	neg 1.0		neg 0.4987826514630592 off 0.45703123258476636 __DUMMY__ 0.04418611595217448	false	1.0
abfallen	neg 1.0		neg 0.49560769650160075 off 0.4595582899497175 __DUMMY__ 0.044834013548681786	false	1.0
fucker	off 1.0		neg 0.49315760365346256 off 0.4626758967617804 __DUMMY__ 0.04416649958475693	false	0.5
ungezogen	neg 1.0		neg 0.4867356939280931 off 0.4691625949480837 __DUMMY__ 0.044101711123823224	false	1.0
irrsinnig	neg 1.0	neg 1.0	neg 0.736206917761017 off 0.24246337386022412 __DUMMY__ 0.021329708378758982	false	1.0
unfassbar	neg 1.0		neg 0.49469063350530973 off 0.4609200710354393 __DUMMY__ 0.04438929545925081	false	1.0
hart	neg 1.0		neg 0.4952970733512148 off 0.4604472752193553 __DUMMY__ 0.04425565142942971	false	1.0
widerlich	off 1.0		neg 0.495126213570799 off 0.46064447545629467 __DUMMY__ 0.04422931097290636	false	0.5
fatal	neg 1.0		neg 0.4972819460676514 off 0.4583519973220765 __DUMMY__ 0.04436605661027208	false	1.0
bruch	neg 1.0		neg 0.5076846930358528 off 0.4479359589490658 __DUMMY__ 0.044379348015081296	false	1.0
aushungern	neg 1.0		neg 0.5017469958536954 off 0.45406479470221395 __DUMMY__ 0.04418820944409063	false	1.0
anspannung	neg 1.0		neg 0.5038961621854995 off 0.4511942096301877 __DUMMY__ 0.04490962818431288	false	1.0
von			neg 0.5031342100868801 off 0.4521324151780322 __DUMMY__ 0.044733374735087664	false	0.0
kraftlos	neg 1.0		neg 0.49946601542165003 off 0.45565366752601905 __DUMMY__ 0.04488031705233107	false	1.0
vom			neg 0.5068467556656654 off 0.44813866159553917 __DUMMY__ 0.04501458273879535	false	0.0
grenzdebil	off 1.0		neg 0.493346738758407 off 0.4622552379974154 __DUMMY__ 0.04439802324417753	false	0.5
vor			neg 0.5041273108449439 off 0.4511073657752894 __DUMMY__ 0.04476532337976675	false	0.0
unterwerfen	neg 1.0		neg 0.5034762996621543 off 0.45203517557500666 __DUMMY__ 0.04448852476283908	false	1.0
versenkung	neg 1.0		neg 0.5037337394464997 off 0.45172505780457667 __DUMMY__ 0.0445412027489236	false	1.0
entziehen	neg 1.0		neg 0.5061869532482652 off 0.44926158367696606 __DUMMY__ 0.044551463074768545	false	1.0
finanzkrise	neg 1.0		neg 0.5021658914634517 off 0.4536592273157404 __DUMMY__ 0.0441748812208079	false	1.0
schimpfend	neg 1.0		neg 0.49403324468426946 off 0.4610745913513723 __DUMMY__ 0.04489216396435826	false	1.0
profan	neg 1.0		neg 0.49740095550555435 off 0.45812777638081686 __DUMMY__ 0.04447126811362862	false	1.0
korruption	neg 1.0		neg 0.5044297435806395 off 0.4513862128061039 __DUMMY__ 0.04418404361325657	false	1.0
â			neg 0.5007585793502887 off 0.4545959761393555 __DUMMY__ 0.044645444510355764	false	0.0
schmutzig	neg 1.0		neg 0.4922194786581727 off 0.46319360076211163 __DUMMY__ 0.04458692057971561	false	1.0
sexy	neg 1.0		neg 0.49517703356039505 off 0.4603993772975797 __DUMMY__ 0.04442358914202517	false	1.0
abraten	neg 1.0		neg 0.49779669081302635 off 0.45765749707638026 __DUMMY__ 0.044545812110593525	false	1.0
schwarz	neg 1.0		neg 0.49811215144370874 off 0.4574983731975358 __DUMMY__ 0.04438947535875545	false	1.0
fotze	off 1.0		neg 0.5020369748539567 off 0.45358468752586567 __DUMMY__ 0.04437833762017756	false	0.5
verwirren	neg 1.0		neg 0.49681704576406477 off 0.458747607967607 __DUMMY__ 0.04443534626832835	false	1.0
zahnlos	off 1.0		neg 0.5036468730368626 off 0.4519994565394996 __DUMMY__ 0.044353670423637984	false	0.5
verheeren	neg 1.0		neg 0.48595230397534644 off 0.4701606815027738 __DUMMY__ 0.043887014521879805	false	1.0
hippie	neg 1.0		neg 0.4956846742906337 off 0.4599186526756769 __DUMMY__ 0.04439667303368936	false	1.0
rammen	neg 1.0		neg 0.49656568821894087 off 0.45900160139976837 __DUMMY__ 0.044432710381290895	false	1.0
unlauter	neg 1.0	neg 1.0	neg 0.7358531249253187 off 0.2429173778180905 __DUMMY__ 0.021229497256590707	false	1.0
unheilvoll	neg 1.0		neg 0.49662797250666063 off 0.4588125988909654 __DUMMY__ 0.04455942860237401	false	1.0
niedrig	neg 1.0		neg 0.5030715453965372 off 0.45249623857355875 __DUMMY__ 0.04443221602990419	false	1.0
explosion	neg 1.0		neg 0.4954984910221836 off 0.46001746636790875 __DUMMY__ 0.04448404260990773	false	1.0
weichei	off 1.0		neg 0.4898341424277696 off 0.46604318024245045 __DUMMY__ 0.04412267732977996	false	0.5
minusmensch	off 1.0		neg 0.4887150109942025 off 0.4676483041285209 __DUMMY__ 0.0436366848772766	false	0.5
farblos	neg 1.0		neg 0.4979615760510451 off 0.4575556669732046 __DUMMY__ 0.04448275697575037	false	1.0
unwissend	neg 1.0		neg 0.49569414215111895 off 0.4600253397478952 __DUMMY__ 0.044280518100985905	false	1.0
traurig	neg 1.0		neg 0.4913611039861495 off 0.4642493736296788 __DUMMY__ 0.04438952238417173	false	1.0
senkung	neg 1.0		neg 0.4965960682961913 off 0.4590442548299461 __DUMMY__ 0.0443596768738626	false	1.0
ungleich	neg 1.0	neg 1.0	neg 0.7386649029635567 off 0.23998371354994297 __DUMMY__ 0.021351383486500303	false	1.0
heikel	neg 1.0		neg 0.5048670991001517 off 0.45059017782088157 __DUMMY__ 0.044542723078966596	false	1.0
drosselung	neg 1.0		neg 0.491076744165152 off 0.464557863722806 __DUMMY__ 0.044365392112041956	false	1.0
falsch	neg 1.0		neg 0.4960631914145818 off 0.45955092014061155 __DUMMY__ 0.04438588844480657	false	1.0
unzufriedenheit	neg 1.0		neg 0.5049204458037647 off 0.4505303744867027 __DUMMY__ 0.0445491797095327	false	1.0
kurz	neg 1.0		neg 0.499042125724937 off 0.4561719878265728 __DUMMY__ 0.044785886448490256	false	1.0
unsinnig	neg 1.0		neg 0.5026968074481801 off 0.45287087538328114 __DUMMY__ 0.04443231716853883	false	1.0
penner	off 1.0	off 1.0	off 0.719185016283051 neg 0.2596107552344112 __DUMMY__ 0.02120422848253784	false	1.0
seicht	neg 1.0		neg 0.4889621977090201 off 0.46714250900677956 __DUMMY__ 0.043895293284200415	false	1.0
dummheit	off 1.0	off 1.0	off 0.7133852729891411 neg 0.26532867970383767 __DUMMY__ 0.021286047307021324	false	1.0
unerfreulich	neg 1.0		neg 0.5046160739022274 off 0.4507404172368249 __DUMMY__ 0.04464350886094777	false	1.0
motherfucker	off 1.0	off 1.0	off 0.7163693440938333 neg 0.2624024896637563 __DUMMY__ 0.021228166242410362	false	1.0
pikiert	neg 1.0		neg 0.49606503564382726 off 0.45964876854704095 __DUMMY__ 0.04428619580913188	false	1.0
wrack	neg 1.0		neg 0.5014615327878775 off 0.45400070674778753 __DUMMY__ 0.044537760464335184	false	1.0
gangster	neg 1.0		neg 0.49645512204124354 off 0.4591306465446416 __DUMMY__ 0.04441423141411485	false	1.0
krank	neg 1.0		neg 0.4923428619406213 off 0.463138395971488 __DUMMY__ 0.0445187420878909	false	1.0
reich	neg 1.0		neg 0.49769621752022414 off 0.4584049295343761 __DUMMY__ 0.0438988529453997	false	1.0
gnadenlos	neg 1.0		neg 0.4992308651454401 off 0.45633862702007805 __DUMMY__ 0.0444305078344819	false	1.0
niedergeschlagen	neg 1.0		neg 0.4999967110518038 off 0.4553606574093833 __DUMMY__ 0.044642631538812774	false	1.0
terrorisieren	off 1.0	off 1.0	off 0.7107575919428541 neg 0.2678076057976698 __DUMMY__ 0.021434802259476086	false	1.0
sinnlosigkeit	neg 1.0		neg 0.5028647529327359 off 0.4527096459768102 __DUMMY__ 0.044425601090453806	false	1.0
behindern	neg 1.0		neg 0.49843027314416627 off 0.45693598698960136 __DUMMY__ 0.044633739866232376	false	1.0
undemokratisch	neg 1.0		neg 0.5010945102434239 off 0.45480650589499494 __DUMMY__ 0.04409898386158117	false	1.0
wirtschaftskrise	neg 1.0		neg 0.5031356109343085 off 0.4525383620945758 __DUMMY__ 0.04432602697111575	false	1.0
neid	neg 1.0		neg 0.4943146699999104 off 0.46106276078167446 __DUMMY__ 0.044622569218415065	false	1.0
rutschen	neg 1.0		neg 0.5022532516190762 off 0.4525601669673904 __DUMMY__ 0.045186581413533426	false	1.0
rezession	neg 1.0		neg 0.49244803225241796 off 0.46357998370199244 __DUMMY__ 0.043971984045589683	false	1.0
fehlgeburt	neg 1.0		neg 0.4980132730038555 off 0.4574528291807116 __DUMMY__ 0.04453389781543292	false	1.0
charakterschwach	off 1.0		neg 0.4953096655064845 off 0.4604592516663322 __DUMMY__ 0.04423108282718323	false	0.5
isolation	neg 1.0		neg 0.4946186088670388 off 0.46102093137408917 __DUMMY__ 0.04436045975887206	false	1.0
ablenkung	neg 1.0		neg 0.4984289373896688 off 0.456964240590621 __DUMMY__ 0.04460682201971005	false	1.0
pech	neg 1.0		neg 0.49603120034873877 off 0.45949020226705656 __DUMMY__ 0.04447859738420473	false	1.0
vermeidung	neg 1.0		neg 0.4914951502085806 off 0.46403063252230714 __DUMMY__ 0.04447421726911226	false	1.0
dominieren	neg 1.0		neg 0.5022026584124946 off 0.45343249213613607 __DUMMY__ 0.044364849451369384	false	1.0
schwindlig	neg 1.0		neg 0.4950737405903915 off 0.460285207611238 __DUMMY__ 0.044641051798370454	false	1.0
lutscher	neg 1.0		neg 0.4878506572931593 off 0.46824636428628724 __DUMMY__ 0.04390297842055355	false	1.0
pflicht	neg 1.0		neg 0.5051805290601392 off 0.450290270832158 __DUMMY__ 0.04452920010770281	false	1.0
faschist	off 1.0		neg 0.49968012028945724 off 0.45620298396177605 __DUMMY__ 0.04411689574876659	false	0.5
verschleudern	neg 1.0		neg 0.5042214401101508 off 0.45148110646773804 __DUMMY__ 0.04429745342211111	false	1.0
wenn			neg 0.4960150815299248 off 0.45958777657123456 __DUMMY__ 0.04439714189884077	false	0.0
ehebruch	neg 1.0		neg 0.5036297245930759 off 0.4519549491353701 __DUMMY__ 0.04441532627155399	false	1.0
spott	off 1.0		neg 0.5041553796868553 off 0.4514026276349448 __DUMMY__ 0.04444199267819991	false	0.5
trostlosigkeit	neg 1.0		neg 0.5066670318695649 off 0.44901950614197467 __DUMMY__ 0.0443134619884604	false	1.0
lutschen	neg 1.0		neg 0.4967137259713745 off 0.4591117237748167 __DUMMY__ 0.04417455025380898	false	1.0
undiszipliniert	neg 1.0		neg 0.4926971513869452 off 0.4629840312965923 __DUMMY__ 0.04431881731646255	false	1.0
kopfschmerz	neg 1.0		neg 0.498894459153781 off 0.4564843120190885 __DUMMY__ 0.04462122882713034	false	1.0
unvorhergesehen	neg 1.0		neg 0.4987118871744599 off 0.45644630927820057 __DUMMY__ 0.04484180354733947	false	1.0
desinteressiert	neg 1.0		neg 0.4937203231527869 off 0.46203539844680047 __DUMMY__ 0.044244278400412715	false	1.0
armselig	off 1.0		neg 0.4933511657339606 off 0.462491984472594 __DUMMY__ 0.04415684979344546	false	0.5
desaster	neg 1.0		neg 0.5084884972197911 off 0.4471661741000239 __DUMMY__ 0.044345328680185064	false	1.0
tod	neg 1.0		neg 0.5039178969564396 off 0.45170436527995506 __DUMMY__ 0.044377737763605235	false	1.0
herzlos	neg 1.0		neg 0.4908000447226671 off 0.4648420900961238 __DUMMY__ 0.044357865181209086	false	1.0
unwissenheit	neg 1.0		neg 0.5030216976481687 off 0.4525772295266869 __DUMMY__ 0.04440107282514434	false	1.0
widersinnig	neg 1.0		neg 0.5045344527771861 off 0.45138676796674904 __DUMMY__ 0.04407877925606486	false	1.0
bedenklich	neg 1.0		neg 0.5039736908263308 off 0.4515186701537698 __DUMMY__ 0.04450763901989931	false	1.0
beanstanden	neg 1.0		neg 0.5057712646153032 off 0.44971368494300096 __DUMMY__ 0.04451505044169579	false	1.0
panisch	neg 1.0	neg 1.0	neg 0.7332836789418551 off 0.24514769080168133 __DUMMY__ 0.021568630256463637	false	1.0
debil	off 1.0		neg 0.5069222918524303 off 0.44836650370161113 __DUMMY__ 0.04471120444595866	false	0.5
abstrich	neg 1.0		neg 0.496050330231613 off 0.459148431933645 __DUMMY__ 0.044801237834742	false	1.0
primitiv	neg 1.0		neg 0.49474443334628204 off 0.46105608739500903 __DUMMY__ 0.044199479258708915	false	1.0
abschaum	off 1.0	off 1.0	off 0.7145547531831458 neg 0.26420492663581113 __DUMMY__ 0.021240320181043035	false	1.0
provozieren	neg 1.0		neg 0.5005814765484589 off 0.4550734210261012 __DUMMY__ 0.044345102425439854	false	1.0
tot	neg 1.0		neg 0.5007568673370346 off 0.4548096285023338 __DUMMY__ 0.044433504160631514	false	1.0
instabil	neg 1.0		neg 0.4937562715379305 off 0.46229594452943257 __DUMMY__ 0.04394778393263696	false	1.0
schwuchtel	off 1.0		neg 0.48447313851460944 off 0.4719345489246709 __DUMMY__ 0.043592312560719604	false	0.5
zerren	neg 1.0		neg 0.5004929614951461 off 0.45489097531488576 __DUMMY__ 0.044616063189968164	false	1.0
kinderficker	off 1.0		neg 0.49199527438611174 off 0.46400117876863317 __DUMMY__ 0.04400354684525513	false	0.5
gefahr	neg 1.0		neg 0.5043522837360763 off 0.4512629584628615 __DUMMY__ 0.04438475780106218	false	1.0
rabiat	neg 1.0		neg 0.49982793873862175 off 0.4556996998813585 __DUMMY__ 0.04447236138001975	false	1.0
verlangsamung	neg 1.0		neg 0.4887705031495801 off 0.4672880537918751 __DUMMY__ 0.043941443058544714	false	1.0
ausgestorben	neg 1.0		neg 0.5008699530133074 off 0.45456898643933974 __DUMMY__ 0.04456106054735282	false	1.0
anklagen	neg 1.0		neg 0.5009795376123283 off 0.45465628657978824 __DUMMY__ 0.044364175807883516	false	1.0
trott	neg 1.0		neg 0.49873345485860293 off 0.4566863487030628 __DUMMY__ 0.04458019643833428	false	1.0
verminderung	neg 1.0		neg 0.4925026419206772 off 0.4632357039102711 __DUMMY__ 0.0442616541690517	false	1.0
nach			neg 0.5036683949893704 off 0.4512801891953562 __DUMMY__ 0.045051415815273436	false	0.0
rost	neg 1.0		neg 0.4876948253542885 off 0.4682788525531647 __DUMMY__ 0.04402632209254683	false	1.0
destruktiv	neg 1.0		neg 0.5022251221285116 off 0.4534654865035966 __DUMMY__ 0.044309391367891984	false	1.0
unzumutbarkeit	neg 1.0		neg 0.4923096591211184 off 0.46331031432299147 __DUMMY__ 0.04438002655589013	false	1.0
labil	off 1.0	off 1.0	off 0.7152648711833363 neg 0.2634861843954867 __DUMMY__ 0.021248944421177047	false	1.0
ziemlich	neg 1.0		neg 0.494099224758053 off 0.4615190941198008 __DUMMY__ 0.044381681122146154	false	1.0
lachnummer	off 1.0		neg 0.5023732273760325 off 0.4533270827936121 __DUMMY__ 0.04429968983035538	false	0.5
oder			neg 0.4985842134062839 off 0.45678294520186424 __DUMMY__ 0.0446328413918518	false	0.0
verfall	neg 1.0		neg 0.508000363367978 off 0.4473556045627825 __DUMMY__ 0.04464403206923943	false	1.0
ausgrenzung	neg 1.0		neg 0.4998833247512027 off 0.4559811488926041 __DUMMY__ 0.044135526356193375	false	1.0
unordnung	neg 1.0		neg 0.49269640058725794 off 0.46332883625849913 __DUMMY__ 0.04397476315424291	false	1.0
fehlverhalten	neg 1.0		neg 0.5050488750794904 off 0.45055844521367183 __DUMMY__ 0.044392679706837766	false	1.0
eine			neg 0.5039606048391142 off 0.45130292541507405 __DUMMY__ 0.044736469745811754	false	0.0
nille	neg 1.0		neg 0.5013433875322729 off 0.4544049595471281 __DUMMY__ 0.04425165292059914	false	1.0
qual	neg 1.0		neg 0.49907501764828544 off 0.45637148203416755 __DUMMY__ 0.044553500317547054	false	1.0
verschwenden	neg 1.0		neg 0.5029876293579205 off 0.4524192322989321 __DUMMY__ 0.044593138343147376	false	1.0
riesig	neg 1.0		neg 0.4987040344492664 off 0.45663250329359933 __DUMMY__ 0.04466346225713425	false	1.0
verurteilen	neg 1.0		neg 0.5032019902435853 off 0.4524441278382897 __DUMMY__ 0.044353881918125004	false	1.0
klischee	neg 1.0	neg 1.0	neg 0.7352672679874933 off 0.24348908900490085 __DUMMY__ 0.021243643007605863	false	1.0
diktatorisch	neg 1.0		neg 0.5018924860379701 off 0.45409120237512846 __DUMMY__ 0.044016311586901544	false	1.0
vorhersehbar	neg 1.0		neg 0.49923604539743793 off 0.4565067031966387 __DUMMY__ 0.04425725140592331	false	1.0
sowie			neg 0.4905743865518245 off 0.4654733507838298 __DUMMY__ 0.04395226266434586	false	0.0
stornieren	neg 1.0		neg 0.49474381522503486 off 0.460607024230231 __DUMMY__ 0.04464916054473416	false	1.0
besteuerung	neg 1.0		neg 0.49852057626751 off 0.45709603681932665 __DUMMY__ 0.04438338691316342	false	1.0
ungeschminkt	neg 1.0		neg 0.4933512666688862 off 0.46229831531392296 __DUMMY__ 0.04435041801719074	false	1.0
kritisch	neg 1.0		neg 0.5045164693315113 off 0.45107759744868803 __DUMMY__ 0.044405933219800776	false	1.0
schlamperei	off 1.0		neg 0.5045792579034973 off 0.4511047237229947 __DUMMY__ 0.04431601837350793	false	0.5
sucht	neg 1.0	neg 1.0	neg 0.7326374697757804 off 0.24580184960580884 __DUMMY__ 0.021560680618410717	false	1.0
egoistisch	off 1.0		neg 0.4898654004242197 off 0.46598879961311196 __DUMMY__ 0.04414579996266824	false	0.5
ausbeuter	off 1.0		neg 0.5054669438850062 off 0.4501519850848776 __DUMMY__ 0.0443810710301162	false	0.5
arschgeburt	off 1.0		neg 0.484696211054804 off 0.4717167719480673 __DUMMY__ 0.043587016997128705	false	0.5
schubs	neg 1.0	neg 1.0	neg 0.7360674073003578 off 0.24237743168098963 __DUMMY__ 0.021555161018652565	false	1.0
unsolide	neg 1.0		neg 0.5012082500011943 off 0.45512065028127596 __DUMMY__ 0.04367109971752975	false	1.0
beschwerde	neg 1.0		neg 0.5036442947897836 off 0.4520393418501317 __DUMMY__ 0.04431636336008488	false	1.0
stocken	neg 1.0		neg 0.501925359610441 off 0.4535107026494577 __DUMMY__ 0.044563937740101284	false	1.0
isolieren	neg 1.0		neg 0.4984112259582861 off 0.45689468071284506 __DUMMY__ 0.04469409332886898	false	1.0
unheilbar	neg 1.0		neg 0.49812538856569955 off 0.45732682931106006 __DUMMY__ 0.044547782123240356	false	1.0
pisser	off 1.0		neg 0.4927253485799 off 0.46321233260984174 __DUMMY__ 0.04406231881025814	false	0.5
löschen	neg 1.0		neg 0.49871284945313893 off 0.45686886868771864 __DUMMY__ 0.04441828185914243	false	1.0
durchfallen	neg 1.0		neg 0.5035868367166051 off 0.45192924931564393 __DUMMY__ 0.04448391396775093	false	1.0
wichser	off 1.0		neg 0.4862344576526446 off 0.46982539992257927 __DUMMY__ 0.04394014242477596	false	0.5
terror	neg 1.0		neg 0.4948515340234638 off 0.4606402790462243 __DUMMY__ 0.0445081869303119	false	1.0
krass	neg 1.0		neg 0.491190375634785 off 0.46456020992370256 __DUMMY__ 0.04424941444151244	false	1.0
revolte	neg 1.0	neg 1.0	neg 0.7363474273992625 off 0.24255976544745506 __DUMMY__ 0.0210928071532824	false	1.0
besorgt	neg 1.0		neg 0.499061959425653 off 0.4561565931183303 __DUMMY__ 0.044781447456016824	false	1.0
nachlassen	neg 1.0		neg 0.49957302482511745 off 0.4556888256473112 __DUMMY__ 0.04473814952757129	false	1.0
alt	neg 1.0		neg 0.5019328451493134 off 0.4533407415760158 __DUMMY__ 0.044726413274670744	false	1.0
hundesohn	off 1.0		neg 0.4887420289924679 off 0.46750499671438656 __DUMMY__ 0.043752974293145425	false	0.5
als			neg 0.5012732563739734 off 0.45409415867716457 __DUMMY__ 0.04463258494886213	false	0.0
abschreckung	neg 1.0		neg 0.5058220044130882 off 0.4497085044598692 __DUMMY__ 0.04446949112704255	false	1.0
unqualifiziert	neg 1.0		neg 0.49895087093325396 off 0.4568006077942226 __DUMMY__ 0.04424852127252347	false	1.0
abgewichst	off 1.0		neg 0.5006552584639431 off 0.45488885766707343 __DUMMY__ 0.044455883868983366	false	0.5
schwer	neg 1.0		neg 0.4996181806681808 off 0.4558055575213027 __DUMMY__ 0.044576261810516334	false	1.0
bedeutungslosigkeit	neg 1.0		neg 0.5056058902657495 off 0.44997971866708514 __DUMMY__ 0.044414391067165264	false	1.0
kapitulation	neg 1.0		neg 0.5053122782463367 off 0.45053703866727063 __DUMMY__ 0.04415068308639256	false	1.0
unscharf	neg 1.0		neg 0.49605370305004004 off 0.4594871333755698 __DUMMY__ 0.044459163574390205	false	1.0
schwinden	neg 1.0		neg 0.5027003857337371 off 0.4526345944286757 __DUMMY__ 0.04466501983758724	false	1.0
versklavung	neg 1.0		neg 0.5011951952073123 off 0.45469557178880915 __DUMMY__ 0.04410923300387857	false	1.0
schlecht	neg 1.0		neg 0.4934638313347133 off 0.46212402037454914 __DUMMY__ 0.044412148290737585	false	1.0
verhasst	neg 1.0		neg 0.5009537199481693 off 0.4547508960177504 __DUMMY__ 0.04429538403408051	false	1.0
beschweren	neg 1.0		neg 0.4977283098936784 off 0.45776278890240274 __DUMMY__ 0.044508901203918934	false	1.0
scheiden	neg 1.0		neg 0.49990315163162297 off 0.4555764959804528 __DUMMY__ 0.04452035238792419	false	1.0
frustriert	neg 1.0		neg 0.5010081750466089 off 0.4544474542772779 __DUMMY__ 0.04454437067611318	false	1.0
schimmelig	neg 1.0		neg 0.5026712922887263 off 0.4528110364367593 __DUMMY__ 0.04451767127451449	false	1.0
fisch	neg 1.0		neg 0.5019927966430434 off 0.45345751605728185 __DUMMY__ 0.044549687299674776	false	1.0
schmuggel	neg 1.0		neg 0.5022216945067519 off 0.4529958844446882 __DUMMY__ 0.0447824210485598	false	1.0
auffallen	neg 1.0		neg 0.49763840123313857 off 0.4579086497173033 __DUMMY__ 0.04445294904955804	false	1.0
konkurrenz	neg 1.0		neg 0.5049789930464533 off 0.4504018421366682 __DUMMY__ 0.04461916481687858	false	1.0
teufelskreis	neg 1.0		neg 0.5011406082864515 off 0.45437536268129153 __DUMMY__ 0.04448402903225692	false	1.0
aufschreien	neg 1.0		neg 0.4988226901286532 off 0.45686175094589343 __DUMMY__ 0.04431555892545324	false	1.0
schuldner	neg 1.0		neg 0.5044275232001089 off 0.45117628390403985 __DUMMY__ 0.04439619289585134	false	1.0
missgeburt	off 1.0	off 1.0	off 0.7175607284615012 neg 0.26136913260016564 __DUMMY__ 0.021070138938333142	false	1.0
arbeitslos	neg 1.0		neg 0.5031000082994621 off 0.45248890200031855 __DUMMY__ 0.044411089700219154	false	1.0
befallen	neg 1.0		neg 0.5029120546824171 off 0.452758986795806 __DUMMY__ 0.044328958521776984	false	1.0
miesepetrig	off 1.0		neg 0.49235507425351394 off 0.46309374667138264 __DUMMY__ 0.044551179075103295	false	0.5
alarmieren	neg 1.0		neg 0.4962278144489268 off 0.4595942438390236 __DUMMY__ 0.04417794171204973	false	1.0
ungeduscht	off 1.0		neg 0.4960113997726136 off 0.4595300486082616 __DUMMY__ 0.044458551619124674	false	0.5
knappheit	neg 1.0		neg 0.5023979933329713 off 0.4531868309619094 __DUMMY__ 0.04441517570511921	false	1.0
schlange	neg 1.0		neg 0.4967335051001049 off 0.45862829913837744 __DUMMY__ 0.04463819576151776	false	1.0
harsch	neg 1.0		neg 0.48672532054639894 off 0.46893391806405993 __DUMMY__ 0.04434076138954124	false	1.0
lang	neg 1.0		neg 0.49779186869133074 off 0.45770085206060995 __DUMMY__ 0.04450727924805931	false	1.0
ziellos	neg 1.0		neg 0.5019502802696039 off 0.4534431951884953 __DUMMY__ 0.04460652454190084	false	1.0
selbstverliebt	neg 1.0		neg 0.4871669247650579 off 0.46915733070652804 __DUMMY__ 0.0436757445284141	false	1.0
beseitigen	neg 1.0		neg 0.49791690964787955 off 0.4575461443712047 __DUMMY__ 0.044536945980915704	false	1.0
dumm	off 1.0		neg 0.489656018687578 off 0.4662741598556199 __DUMMY__ 0.044069821456802195	false	0.5
arbeitsloser	neg 1.0		neg 0.5039094437659845 off 0.45166084550820423 __DUMMY__ 0.04442971072581116	false	1.0
blitzen	neg 1.0		neg 0.4957519731239996 off 0.45985211043108376 __DUMMY__ 0.04439591644491661	false	1.0
hilflos	neg 1.0		neg 0.5011793929607125 off 0.45424922086564157 __DUMMY__ 0.044571386173646144	false	1.0
eklig	off 1.0		neg 0.4892535110567819 off 0.46676030865750556 __DUMMY__ 0.04398618028571257	false	0.5
begriff			neg 0.5015099113394244 off 0.4540143034779635 __DUMMY__ 0.04447578518261206	false	0.0
hungersnot	neg 1.0		neg 0.5025234617325732 off 0.45333615308264424 __DUMMY__ 0.04414038518478241	false	1.0
ungesetzlich	neg 1.0		neg 0.5008531680141531 off 0.4551631570744974 __DUMMY__ 0.04398367491134944	false	1.0
verschwendung	neg 1.0		neg 0.5039987421110212 off 0.45140229500407714 __DUMMY__ 0.044598962884901616	false	1.0
schmerzvoll	neg 1.0		neg 0.4975870725370704 off 0.45789013616153046 __DUMMY__ 0.04452279130139919	false	1.0
vorzeitig	neg 1.0		neg 0.49457939656220407 off 0.461115099125443 __DUMMY__ 0.044305504312353	false	1.0
unvollkommenheit	neg 1.0		neg 0.4988028981666893 off 0.4566787795102148 __DUMMY__ 0.04451832232309594	false	1.0
intervenieren	neg 1.0		neg 0.5053168088130781 off 0.4503425467598971 __DUMMY__ 0.04434064442702487	false	1.0
banause	off 1.0		neg 0.4876358209481512 off 0.46840540711628587 __DUMMY__ 0.04395877193556297	false	0.5
rebell	neg 1.0		neg 0.5038579489020779 off 0.4514484931557261 __DUMMY__ 0.04469355794219599	false	1.0
unlogisch	neg 1.0		neg 0.4933108896220927 off 0.4625508961905712 __DUMMY__ 0.04413821418733612	false	1.0
leiden	neg 1.0	neg 1.0	neg 0.7352017029288418 off 0.24296757449199133 __DUMMY__ 0.021830722579166864	false	1.0
abschaffung	neg 1.0		neg 0.5004944293286206 off 0.45527918993038147 __DUMMY__ 0.04422638074099789	false	1.0
sturz	neg 1.0		neg 0.49945381717458975 off 0.4562952503488834 __DUMMY__ 0.04425093247652688	false	1.0
verkleinerung	neg 1.0		neg 0.49893691953869046 off 0.45706803839170873 __DUMMY__ 0.04399504206960086	false	1.0
schmarotzer	off 1.0		neg 0.5042192952480424 off 0.4514446134213992 __DUMMY__ 0.04433609133055835	false	0.5
bestrafung	neg 1.0		neg 0.49862198875166003 off 0.4569399697091176 __DUMMY__ 0.04443804153922233	false	1.0
achtlos	neg 1.0		neg 0.4991441041483779 off 0.4562275944853184 __DUMMY__ 0.04462830136630366	false	1.0
ungeheuer	neg 1.0		neg 0.49727421736279137 off 0.4582937279247442 __DUMMY__ 0.04443205471246451	false	1.0
unaufrichtig	neg 1.0		neg 0.4979916669306641 off 0.457795546159969 __DUMMY__ 0.04421278690936688	false	1.0
groggy	neg 1.0		neg 0.49651044123662436 off 0.4591443210127469 __DUMMY__ 0.044345237750628694	false	1.0
