unsolidarisch	neg 1.0		neg 0.5221751435300853 off 0.47031175219432986 __DUMMY__ 0.007513104275584816	false	1.0
nachteilig	neg 1.0		neg 0.5221524845668625 off 0.4702515675720021 __DUMMY__ 0.007595947861135379	false	1.0
skeptisch	neg 1.0		neg 0.5241615584042814 off 0.46821492562112765 __DUMMY__ 0.007623515974590925	false	1.0
schrecklich	neg 1.0		neg 0.5106534824268781 off 0.48178984927503543 __DUMMY__ 0.007556668298086327	false	1.0
schlapp	neg 1.0		neg 0.5129478085175808 off 0.47943859056073607 __DUMMY__ 0.00761360092168316	false	1.0
abfall	neg 1.0		neg 0.5253125533511716 off 0.4670487375384513 __DUMMY__ 0.00763870911037713	false	1.0
widerspenstig	neg 1.0		neg 0.5172213921945195 off 0.47513876929274923 __DUMMY__ 0.007639838512731328	false	1.0
abrupt	neg 1.0		neg 0.5177488239073187 off 0.47459090310487917 __DUMMY__ 0.007660272987802255	false	1.0
unwirksam	neg 1.0		neg 0.521608696710175 off 0.47087096799597694 __DUMMY__ 0.0075203352938481354	false	1.0
angreifen	neg 1.0		neg 0.5235125143061611 off 0.4688844257149871 __DUMMY__ 0.0076030599788518075	false	1.0
inkonsistent	neg 1.0		neg 0.5165049369189655 off 0.4759112488430824 __DUMMY__ 0.007583814237952205	false	1.0
abrutschen	neg 1.0		neg 0.5247873680993271 off 0.46756500073722856 __DUMMY__ 0.007647631163444321	false	1.0
unsicher	neg 1.0		neg 0.5185246709542756 off 0.47386232876339734 __DUMMY__ 0.007613000282327021	false	1.0
bauernkind	off 1.0		neg 0.5093395293942 off 0.48316669586561223 __DUMMY__ 0.007493774740187811	false	0.5
angreifer	neg 1.0		neg 0.5169927099714298 off 0.4754537861148137 __DUMMY__ 0.007553503913756497	false	1.0
trennen	neg 1.0		neg 0.5213108573347272 off 0.4710245831282358 __DUMMY__ 0.007664559537037039	false	1.0
schmutz	neg 1.0		neg 0.5104484062468279 off 0.4819112973043306 __DUMMY__ 0.007640296448841672	false	1.0
inkonsistenz	neg 1.0	neg 1.0	neg 0.7443592753013824 off 0.25201495567318877 __DUMMY__ 0.0036257690254288748	false	1.0
erschreckend	neg 1.0		neg 0.5207551275699915 off 0.4716491796703879 __DUMMY__ 0.007595692759620792	false	1.0
ertrinken	neg 1.0		neg 0.520689340334011 off 0.47166490381024856 __DUMMY__ 0.0076457558557403785	false	1.0
pickelface	off 1.0		neg 0.5192095729758122 off 0.4732233932804872 __DUMMY__ 0.007567033743700572	false	0.5
seiner			neg 0.5230894175351014 off 0.46929387689727275 __DUMMY__ 0.007616705567625878	false	0.0
lauch	neg 1.0		neg 0.5238016556842716 off 0.46856595176816523 __DUMMY__ 0.007632392547563106	false	1.0
unwichtig	neg 1.0		neg 0.51473509227257 off 0.47768748177403736 __DUMMY__ 0.007577425953392621	false	1.0
steuerhinterziehung	neg 1.0		neg 0.5222961825033376 off 0.47016191987559747 __DUMMY__ 0.007541897621064849	false	1.0
schock	neg 1.0		neg 0.5182042932643859 off 0.4741400913847622 __DUMMY__ 0.007655615350852035	false	1.0
beule	neg 1.0		neg 0.5120442687998793 off 0.48035674850120863 __DUMMY__ 0.007598982698911973	false	1.0
vergelten	neg 1.0		neg 0.5102230661956999 off 0.48225347000413343 __DUMMY__ 0.007523463800166678	false	1.0
verdorbenheit	neg 1.0		neg 0.5164364657898642 off 0.4759472536781762 __DUMMY__ 0.007616280531959495	false	1.0
trauma	neg 1.0		neg 0.5170549429191587 off 0.4753523523583327 __DUMMY__ 0.00759270472250853	false	1.0
sinnlos	neg 1.0		neg 0.5167496186759459 off 0.4756560505172647 __DUMMY__ 0.007594330806789564	false	1.0
fettsack	off 1.0	off 1.0	off 0.7260198572048527 neg 0.2703750487452222 __DUMMY__ 0.003605094049925127	false	1.0
feige	off 1.0		neg 0.5161642395077928 off 0.4762793318743637 __DUMMY__ 0.007556428617843568	false	0.5
abdanken	neg 1.0		neg 0.523511541973463 off 0.46897395176614576 __DUMMY__ 0.007514506260391381	false	1.0
wichtigtuer	off 1.0	off 1.0	off 0.7212422133092811 neg 0.2751289383311483 __DUMMY__ 0.003628848359570515	false	1.0
misslingen	neg 1.0		neg 0.5138806795997666 off 0.47847392715830367 __DUMMY__ 0.007645393241929955	false	1.0
untreu	off 1.0		neg 0.5138506142624142 off 0.4785728563152596 __DUMMY__ 0.007576529422326242	false	0.5
missmutig	neg 1.0		neg 0.5138481143837297 off 0.4785413251982567 __DUMMY__ 0.0076105604180137084	false	1.0
hurenbock	off 1.0		neg 0.51484689252788 off 0.477514262234225 __DUMMY__ 0.007638845237895141	false	0.5
betrunken	neg 1.0		neg 0.5113700956263068 off 0.4810401184611835 __DUMMY__ 0.007589785912509686	false	1.0
korrupt	off 1.0		neg 0.5238565971866926 off 0.46859903891162535 __DUMMY__ 0.007544363901682002	false	0.5
unmut	neg 1.0		neg 0.5254949699409059 off 0.4668880170842861 __DUMMY__ 0.007617012974807946	false	1.0
hackfresse	off 1.0		neg 0.5075979979164117 off 0.484867696668531 __DUMMY__ 0.007534305415057299	false	0.5
aufblasen	neg 1.0		neg 0.5160406327340099 off 0.47633177908128294 __DUMMY__ 0.007627588184707104	false	1.0
gewaltsam	neg 1.0		neg 0.5192880273849279 off 0.47315561051633587 __DUMMY__ 0.007556362098736218	false	1.0
unbeliebtheit	neg 1.0		neg 0.5155825684316631 off 0.47692508276646167 __DUMMY__ 0.007492348801875194	false	1.0
sturheit	neg 1.0		neg 0.5211197105773152 off 0.4712994226198165 __DUMMY__ 0.007580866802868255	false	1.0
kuh	neg 1.0		neg 0.5176792724350631 off 0.4747468319699759 __DUMMY__ 0.00757389559496105	false	1.0
erschrecken	neg 1.0		neg 0.5148395301643633 off 0.4775608059607322 __DUMMY__ 0.007599663874904466	false	1.0
opfer	neg 1.0		neg 0.5224779522541945 off 0.46991118970811463 __DUMMY__ 0.0076108580376909075	false	1.0
sinken	neg 1.0		neg 0.524517035675361 off 0.46786567613587243 __DUMMY__ 0.007617288188766577	false	1.0
stinktier	neg 1.0		neg 0.5113524481453362 off 0.48111998684261903 __DUMMY__ 0.007527565012044751	false	1.0
tucke	off 1.0		neg 0.5060072964205126 off 0.48644377773064035 __DUMMY__ 0.007548925848847161	false	0.5
ein			neg 0.5162615517908351 off 0.47609651867903396 __DUMMY__ 0.007641929530131049	false	0.0
abstieg	neg 1.0		neg 0.5218161230169939 off 0.47060686545053815 __DUMMY__ 0.007577011532468127	false	1.0
missverstehen	neg 1.0		neg 0.518456053350225 off 0.4739819883041219 __DUMMY__ 0.007561958345653066	false	1.0
ergebnislos	neg 1.0		neg 0.5220208343930972 off 0.47039285054421154 __DUMMY__ 0.007586315062691344	false	1.0
unter			neg 0.5262366720529037 off 0.4660563255523593 __DUMMY__ 0.007707002394736953	false	0.0
manipulieren	neg 1.0		neg 0.5226044359149549 off 0.46977375566047747 __DUMMY__ 0.007621808424567723	false	1.0
unbewiesen	neg 1.0		neg 0.5225157504209285 off 0.4699734872793933 __DUMMY__ 0.007510762299678386	false	1.0
verschleppen	neg 1.0		neg 0.5216433545398986 off 0.47076182381931814 __DUMMY__ 0.0075948216407832276	false	1.0
weib	off 1.0		neg 0.5065472527110407 off 0.4859309479544529 __DUMMY__ 0.007521799334506347	false	0.5
opposition	neg 1.0		neg 0.519045251856304 off 0.4734130679523878 __DUMMY__ 0.007541680191308276	false	1.0
verkehrswidrig	neg 1.0		neg 0.5070148066139469 off 0.4854005034457278 __DUMMY__ 0.007584689940325132	false	1.0
inkorrekt	neg 1.0		neg 0.5162625830224626 off 0.476223531089979 __DUMMY__ 0.007513885887558429	false	1.0
vermeiden	neg 1.0		neg 0.5246800416767088 off 0.46764259132969344 __DUMMY__ 0.007677366993597861	false	1.0
abweichung	neg 1.0		neg 0.523964753888916 off 0.46848982798889116 __DUMMY__ 0.0075454181221929865	false	1.0
alkoholisiert	neg 1.0		neg 0.5180322656101191 off 0.4743108772305307 __DUMMY__ 0.007656857159350231	false	1.0
scheiss	off 1.0	off 1.0	off 0.7247460509235664 neg 0.27161486901655096 __DUMMY__ 0.0036390800598825484	false	1.0
herausforderung	neg 1.0		neg 0.5187023268634919 off 0.4736342629491548 __DUMMY__ 0.00766341018735322	false	1.0
pervers	off 1.0		neg 0.5044576962176497 off 0.48804202400222585 __DUMMY__ 0.00750027978012434	false	0.5
wackelig	neg 1.0		neg 0.5181504533008809 off 0.4741763377733772 __DUMMY__ 0.007673208925741979	false	1.0
verwickeln	neg 1.0		neg 0.5180719942595056 off 0.4743510985950748 __DUMMY__ 0.0075769071454196545	false	1.0
vorwand	neg 1.0		neg 0.5251825184594168 off 0.4672142095648699 __DUMMY__ 0.007603271975713288	false	1.0
muschi	off 1.0		neg 0.5197306137408458 off 0.4727015344564901 __DUMMY__ 0.007567851802663933	false	0.5
entmutigung	neg 1.0		neg 0.5203507345079513 off 0.47215461658583835 __DUMMY__ 0.007494648906210477	false	1.0
unangemessen	neg 1.0		neg 0.5232680178880691 off 0.46916509627805947 __DUMMY__ 0.007566885833871559	false	1.0
unstetig	neg 1.0		neg 0.515224888033244 off 0.47720250086257104 __DUMMY__ 0.00757261110418507	false	1.0
entmutigen	neg 1.0		neg 0.5167819055721861 off 0.4756016596363605 __DUMMY__ 0.007616434791453469	false	1.0
schwanz	neg 1.0		neg 0.5209860760899904 off 0.47141778899907366 __DUMMY__ 0.007596134910935863	false	1.0
verbot	neg 1.0		neg 0.5232579533541042 off 0.4691975844523399 __DUMMY__ 0.007544462193556131	false	1.0
leid	neg 1.0		neg 0.5091609032935005 off 0.4832918563025453 __DUMMY__ 0.007547240403954218	false	1.0
archaisch	neg 1.0		neg 0.5217505952085881 off 0.4706666307219567 __DUMMY__ 0.00758277406945507	false	1.0
gegen			neg 0.5258100713634325 off 0.4666083829922278 __DUMMY__ 0.007581545644339602	false	0.0
scheidung	neg 1.0	neg 1.0	neg 0.7320005511334714 off 0.2643903768396998 __DUMMY__ 0.003609072026828812	false	1.0
einschlag	neg 1.0		neg 0.5111632785579733 off 0.4813141343794851 __DUMMY__ 0.007522587062541678	false	1.0
m			neg 0.5188244955979453 off 0.4735454994527488 __DUMMY__ 0.007630004949305939	false	0.0
abgestanden	neg 1.0		neg 0.5167888881657116 off 0.4755776293927156 __DUMMY__ 0.00763348244157274	false	1.0
schmierig	off 1.0		neg 0.50949128069876 off 0.48294128508568135 __DUMMY__ 0.007567434215558394	false	0.5
unpraktisch	neg 1.0		neg 0.5158699861039571 off 0.4764983113764371 __DUMMY__ 0.007631702519605989	false	1.0
wixxer	off 1.0		neg 0.5047567590519462 off 0.48775519953716207 __DUMMY__ 0.0074880414108917165	false	0.5
bezeichnet			neg 0.5211065333302581 off 0.4713209575975256 __DUMMY__ 0.007572509072216328	false	0.0
jammerlappen	off 1.0		neg 0.5147094446760496 off 0.4777112861074144 __DUMMY__ 0.0075792692165360795	false	0.5
farce	neg 1.0		neg 0.5239125307133651 off 0.4685696221001263 __DUMMY__ 0.007517847186508695	false	1.0
zwecklos	neg 1.0		neg 0.5228586668542983 off 0.46955787296824286 __DUMMY__ 0.007583460177458813	false	1.0
turbulent	neg 1.0		neg 0.5115443052558906 off 0.48091451266829527 __DUMMY__ 0.00754118207581424	false	1.0
invasion	neg 1.0		neg 0.5147704979780282 off 0.4776244409352082 __DUMMY__ 0.007605061086763445	false	1.0
schuld	neg 1.0		neg 0.5187372267129482 off 0.4736764860550651 __DUMMY__ 0.007586287231986716	false	1.0
risiko	neg 1.0		neg 0.5134883293491711 off 0.4788876028765489 __DUMMY__ 0.007624067774280117	false	1.0
finster	neg 1.0		neg 0.5168148046363182 off 0.4755539306268282 __DUMMY__ 0.007631264736853457	false	1.0
geisteskrank	off 1.0		neg 0.5149883390802753 off 0.47747996915863045 __DUMMY__ 0.00753169176109417	false	0.5
zusammenbrechen	neg 1.0		neg 0.5193937921183178 off 0.4729787397056898 __DUMMY__ 0.007627468175992367	false	1.0
ausbeute	neg 1.0		neg 0.5197489721996653 off 0.4726076184373189 __DUMMY__ 0.007643409363015947	false	1.0
hinterhalt	neg 1.0		neg 0.5172155154024768 off 0.47518655171004703 __DUMMY__ 0.007597932887476146	false	1.0
kritik	neg 1.0		neg 0.5230132343369528 off 0.4694503133002808 __DUMMY__ 0.007536452362766333	false	1.0
einschrumpfen	neg 1.0		neg 0.5169162378497479 off 0.4755481422886924 __DUMMY__ 0.00753561986155967	false	1.0
riskant	neg 1.0		neg 0.5226980542258298 off 0.4696859936399293 __DUMMY__ 0.007615952134240909	false	1.0
frustrieren	neg 1.0		neg 0.5229512248129231 off 0.46943799307171935 __DUMMY__ 0.007610782115357696	false	1.0
groll	neg 1.0		neg 0.5221175335161504 off 0.47029020659381415 __DUMMY__ 0.0075922598900355	false	1.0
gibt			neg 0.5207501572433066 off 0.47163990349667617 __DUMMY__ 0.007609939260017222	false	0.0
qualvoll	neg 1.0		neg 0.5153062409493127 off 0.4770786027282412 __DUMMY__ 0.007615156322446116	false	1.0
wackeln	neg 1.0		neg 0.5161040938800504 off 0.47625416467231263 __DUMMY__ 0.007641741447637094	false	1.0
klagen	neg 1.0		neg 0.5258118690419055 off 0.4665955628684341 __DUMMY__ 0.0075925680896603235	false	1.0
bankrott	neg 1.0		neg 0.513362699563383 off 0.4790429629127766 __DUMMY__ 0.00759433752384047	false	1.0
trauern	neg 1.0		neg 0.5222562098981273 off 0.47012707491742806 __DUMMY__ 0.0076167151844447585	false	1.0
ablehnung	neg 1.0	neg 1.0	neg 0.7473500771326798 off 0.24902921265903857 __DUMMY__ 0.0036207102082816134	false	1.0
stur	neg 1.0		neg 0.518135712673364 off 0.47427519955942643 __DUMMY__ 0.007589087767209738	false	1.0
aufruhr	neg 1.0		neg 0.5201758243458172 off 0.472273055711296 __DUMMY__ 0.0075511199428867	false	1.0
melancholie	neg 1.0		neg 0.5186773005851747 off 0.4736647814719135 __DUMMY__ 0.007657917942911892	false	1.0
ist			neg 0.5176948033220863 off 0.4747134090591049 __DUMMY__ 0.007591787618808767	false	0.0
torheit	neg 1.0		neg 0.5208583618647957 off 0.47161618867036925 __DUMMY__ 0.007525449464834857	false	1.0
dreckskind	off 1.0		neg 0.5108277823880512 off 0.4816825074412329 __DUMMY__ 0.007489710170715957	false	0.5
umtauschen	neg 1.0		neg 0.5176202639751998 off 0.4747467982593516 __DUMMY__ 0.007632937765448577	false	1.0
zum			neg 0.5234363432090055 off 0.46886969358059655 __DUMMY__ 0.0076939632103978795	false	0.0
zersetzen	neg 1.0		neg 0.5240706583379494 off 0.4683215880520916 __DUMMY__ 0.007607753609959058	false	1.0
zur			neg 0.5270611716352455 off 0.4653133577782461 __DUMMY__ 0.007625470586508441	false	0.0
frust	neg 1.0		neg 0.5202548440164655 off 0.4721281398657641 __DUMMY__ 0.0076170161177703775	false	1.0
unerbittlichkeit	neg 1.0		neg 0.523178675711859 off 0.4692175237816721 __DUMMY__ 0.007603800506468838	false	1.0
zwei			neg 0.5223557176514393 off 0.4699698574025919 __DUMMY__ 0.007674424945968845	false	0.0
unkorrekt	neg 1.0		neg 0.5152747701189534 off 0.4772090311439628 __DUMMY__ 0.007516198737083842	false	1.0
hexe	off 1.0		neg 0.5132674742803748 off 0.4791477824374114 __DUMMY__ 0.007584743282213732	false	0.5
lasch	neg 1.0		neg 0.5169954523510792 off 0.47544299152771563 __DUMMY__ 0.007561556121205056	false	1.0
rivale	neg 1.0		neg 0.5110775437791168 off 0.4813876658776188 __DUMMY__ 0.007534790343264323	false	1.0
mutlos	off 1.0	off 1.0	off 0.7187443231909733 neg 0.27761592290296927 __DUMMY__ 0.0036397539060575895	false	1.0
wirr	off 1.0		neg 0.5126932710527081 off 0.47977974087916553 __DUMMY__ 0.007526988068126363	false	0.5
jahr			neg 0.5205394832179998 off 0.47180481680180847 __DUMMY__ 0.007655699980191844	false	0.0
wird			neg 0.5220242633993546 off 0.47036113944140584 __DUMMY__ 0.007614597159239502	false	0.0
strafbar	neg 1.0		neg 0.5247965057813844 off 0.46763723336392066 __DUMMY__ 0.007566260854694933	false	1.0
erosion	neg 1.0		neg 0.5159573680422496 off 0.4764233990250091 __DUMMY__ 0.007619232932741512	false	1.0
eingehen	neg 1.0		neg 0.5226501161570648 off 0.4697546645922115 __DUMMY__ 0.007595219250723817	false	1.0
faul	off 1.0		neg 0.5132313654947097 off 0.4791551245568428 __DUMMY__ 0.007613509948447584	false	0.5
provisorium	neg 1.0		neg 0.5274511648288774 off 0.4648559272628038 __DUMMY__ 0.007692907908318972	false	1.0
schmerzen	neg 1.0		neg 0.5185904304101038 off 0.47377849725246485 __DUMMY__ 0.007631072337431305	false	1.0
schrumpfen	neg 1.0		neg 0.5263168317195956 off 0.4660365800362201 __DUMMY__ 0.007646588244184379	false	1.0
geistlos	off 1.0		neg 0.5194295198909593 off 0.4730528512476458 __DUMMY__ 0.007517628861394958	false	0.5
fehlkauf	neg 1.0		neg 0.5167446513950533 off 0.47568591507358743 __DUMMY__ 0.007569433531359317	false	1.0
frustrierend	neg 1.0		neg 0.5152876000191516 off 0.4771193683373097 __DUMMY__ 0.007593031643538732	false	1.0
unzufrieden	neg 1.0		neg 0.5219743318261649 off 0.4704254807079157 __DUMMY__ 0.007600187465919342	false	1.0
verzweifeln	neg 1.0		neg 0.5190117911366079 off 0.4733711475689958 __DUMMY__ 0.007617061294396459	false	1.0
verzweifelt	neg 1.0		neg 0.5180879322231988 off 0.47431983616397744 __DUMMY__ 0.007592231612823814	false	1.0
misstrauensantrag	neg 1.0		neg 0.5179544491301611 off 0.4744992748183949 __DUMMY__ 0.0075462760514440515	false	1.0
abfallen	neg 1.0		neg 0.5150492583332846 off 0.4772933692853764 __DUMMY__ 0.007657372381338904	false	1.0
fucker	off 1.0		neg 0.5123006881326683 off 0.48015632424607363 __DUMMY__ 0.007542987621258155	false	0.5
ungezogen	neg 1.0		neg 0.5058182474039737 off 0.4866499871733206 __DUMMY__ 0.00753176542270555	false	1.0
irrsinnig	neg 1.0	neg 1.0	neg 0.7454698606439063 off 0.25089229448605677 __DUMMY__ 0.003637844870036993	false	1.0
unfassbar	neg 1.0		neg 0.5139367694533784 off 0.4784820832952103 __DUMMY__ 0.0075811472514113005	false	1.0
hart	neg 1.0		neg 0.5144855238294402 off 0.4779564224202174 __DUMMY__ 0.007558053750342224	false	1.0
widerlich	off 1.0		neg 0.514305234526764 off 0.4781410435194911 __DUMMY__ 0.007553721953744788	false	0.5
fatal	neg 1.0		neg 0.5165308312356688 off 0.4758919585226735 __DUMMY__ 0.007577210241657732	false	1.0
bruch	neg 1.0		neg 0.5269901185655855 off 0.4654305238853639 __DUMMY__ 0.007579357549050498	false	1.0
aushungern	neg 1.0		neg 0.5209471792748006 off 0.4715062239930128 __DUMMY__ 0.007546596732186761	false	1.0
anspannung	neg 1.0		neg 0.5234139716517553 off 0.46891574381527185 __DUMMY__ 0.007670284532972869	false	1.0
von			neg 0.5225686498896672 off 0.46979136832793966 __DUMMY__ 0.007639981782392971	false	0.0
kraftlos	neg 1.0		neg 0.5189488544523884 off 0.47338583053573907 __DUMMY__ 0.007665315011872495	false	1.0
vom			neg 0.5264181987415039 off 0.46589352888608215 __DUMMY__ 0.0076882723724138805	false	0.0
grenzdebil	off 1.0		neg 0.5125902843140676 off 0.4798270667399262 __DUMMY__ 0.0075826489460061	false	0.5
vor			neg 0.5235822525343673 off 0.468772111198463 __DUMMY__ 0.007645636267169682	false	0.0
unterwerfen	neg 1.0		neg 0.5228111188725331 off 0.46959074591519534 __DUMMY__ 0.0075981352122716905	false	1.0
versenkung	neg 1.0		neg 0.523091893305415 off 0.4693009106053197 __DUMMY__ 0.007607196089265408	false	1.0
entziehen	neg 1.0		neg 0.5255602356903585 off 0.466830801504235 __DUMMY__ 0.0076089628054064155	false	1.0
finanzkrise	neg 1.0		neg 0.5213540966645688 off 0.47110160312752886 __DUMMY__ 0.007544300207902377	false	1.0
schimpfend	neg 1.0		neg 0.5134926479945785 off 0.4788401184890126 __DUMMY__ 0.0076672335164089415	false	1.0
profan	neg 1.0		neg 0.5166946546150301 off 0.47571014340166373 __DUMMY__ 0.007595201983306255	false	1.0
korruption	neg 1.0		neg 0.5236357248852113 off 0.4688183758996194 __DUMMY__ 0.007545899215169242	false	1.0
â			neg 0.5201427589792554 off 0.4722321388238179 __DUMMY__ 0.007625102196926583	false	0.0
schmutzig	neg 1.0		neg 0.511540284123468 off 0.4808446973658838 __DUMMY__ 0.007615018510648175	false	1.0
sexy	neg 1.0		neg 0.5144405040760663 off 0.47797242517983357 __DUMMY__ 0.007587070744100141	false	1.0
abraten	neg 1.0		neg 0.5171239938727739 off 0.4752680389225959 __DUMMY__ 0.0076079672046302565	false	1.0
schwarz	neg 1.0		neg 0.517374161033895 off 0.47504462760143296 __DUMMY__ 0.0075812113646721345	false	1.0
fotze	off 1.0		neg 0.5213129914548168 off 0.47110778811978704 __DUMMY__ 0.007579220425396112	false	0.5
verwirren	neg 1.0		neg 0.5160935925029441 off 0.47631733712345514 __DUMMY__ 0.007589070373600838	false	1.0
zahnlos	off 1.0		neg 0.5229216329715671 off 0.46950330136183305 __DUMMY__ 0.007575065666599845	false	0.5
verheeren	neg 1.0		neg 0.504941300109305 off 0.4875637989929295 __DUMMY__ 0.007494900897765463	false	1.0
hippie	neg 1.0		neg 0.5149396028501486 off 0.47747793652879744 __DUMMY__ 0.007582460621053971	false	1.0
rammen	neg 1.0		neg 0.5158338990075356 off 0.4765776660349686 __DUMMY__ 0.007588434957495732	false	1.0
unlauter	neg 1.0	neg 1.0	neg 0.7450737476704828 off 0.2513055739794311 __DUMMY__ 0.0036206783500860548	false	1.0
unheilvoll	neg 1.0		neg 0.5159540781493247 off 0.4764356916108388 __DUMMY__ 0.0076102302398363755	false	1.0
niedrig	neg 1.0		neg 0.5223729959586857 off 0.47003865200831774 __DUMMY__ 0.007588352032996636	false	1.0
explosion	neg 1.0		neg 0.514790118158152 off 0.47761248256047906 __DUMMY__ 0.007597399281368908	false	1.0
weichei	off 1.0		neg 0.5089382854098037 off 0.4835263100283525 __DUMMY__ 0.007535404561843857	false	0.5
minusmensch	off 1.0		neg 0.5076093609126991 off 0.4849386415672061 __DUMMY__ 0.0074519975200945275	false	0.5
farblos	neg 1.0		neg 0.5172603792588242 off 0.4751426785379023 __DUMMY__ 0.0075969422032734985	false	1.0
unwissend	neg 1.0		neg 0.5148970376812378 off 0.47754045159334885 __DUMMY__ 0.0075625107254133905	false	1.0
traurig	neg 1.0		neg 0.5105920061987675 off 0.4818268160454938 __DUMMY__ 0.007581177755738687	false	1.0
senkung	neg 1.0		neg 0.5158362531307801 off 0.47658775968194844 __DUMMY__ 0.007575987187271496	false	1.0
ungleich	neg 1.0	neg 1.0	neg 0.7479419220654752 off 0.2484165472164872 __DUMMY__ 0.0036415307180377083	false	1.0
heikel	neg 1.0		neg 0.5242293461162101 off 0.4681631895709267 __DUMMY__ 0.007607464312863227	false	1.0
drosselung	neg 1.0		neg 0.5102950070558829 off 0.4821280615497431 __DUMMY__ 0.007576931394374129	false	1.0
falsch	neg 1.0		neg 0.5153144557952201 off 0.47710496844037464 __DUMMY__ 0.007580575764405312	false	1.0
unzufriedenheit	neg 1.0		neg 0.5242881157251201 off 0.46810332874993044 __DUMMY__ 0.007608555524949294	false	1.0
kurz	neg 1.0		neg 0.5184790917296654 off 0.47387176656750835 __DUMMY__ 0.007649141702826085	false	1.0
unsinnig	neg 1.0		neg 0.5220007204220908 off 0.47041074322439386 __DUMMY__ 0.007588536353515287	false	1.0
penner	off 1.0	off 1.0	off 0.7275715376637097 neg 0.26881207328305246 __DUMMY__ 0.0036163890532377326	false	1.0
seicht	neg 1.0		neg 0.5079689664216246 off 0.48453463497828786 __DUMMY__ 0.007496398600087589	false	1.0
dummheit	off 1.0	off 1.0	off 0.7217967243377561 neg 0.2745728985803784 __DUMMY__ 0.003630377081865346	false	1.0
unerfreulich	neg 1.0		neg 0.5240196198875344 off 0.4683556551848654 __DUMMY__ 0.007624724927600342	false	1.0
motherfucker	off 1.0	off 1.0	off 0.7247606729011028 neg 0.271618839477267 __DUMMY__ 0.0036204876216301934	false	1.0
pikiert	neg 1.0		neg 0.5152733049879199 off 0.4771632352669586 __DUMMY__ 0.007563459745121635	false	1.0
wrack	neg 1.0		neg 0.5208005016154829 off 0.4715930978111148 __DUMMY__ 0.00760640057340232	false	1.0
gangster	neg 1.0		neg 0.5157198702596681 off 0.47669466404826727 __DUMMY__ 0.00758546569206448	false	1.0
krank	neg 1.0		neg 0.5116319808958772 off 0.4807647100096507 __DUMMY__ 0.007603309094471984	false	1.0
reich	neg 1.0		neg 0.5167391045731395 off 0.475764074435384 __DUMMY__ 0.007496820991476441	false	1.0
gnadenlos	neg 1.0		neg 0.5185177306386775 off 0.4738940162890672 __DUMMY__ 0.007588253072255426	false	1.0
niedergeschlagen	neg 1.0		neg 0.5193778219327594 off 0.472997635508692 __DUMMY__ 0.007624542558548575	false	1.0
terrorisieren	off 1.0	off 1.0	off 0.7192232690144783 neg 0.27712094752458355 __DUMMY__ 0.0036557834609381185	false	1.0
sinnlosigkeit	neg 1.0		neg 0.5221663680346701 off 0.4702462390867682 __DUMMY__ 0.00758739287856171	false	1.0
behindern	neg 1.0		neg 0.5177995230777296 off 0.4745773986015921 __DUMMY__ 0.007623078320678385	false	1.0
undemokratisch	neg 1.0		neg 0.5202501436849791 off 0.4722185504152381 __DUMMY__ 0.007531305899782814	false	1.0
wirtschaftskrise	neg 1.0		neg 0.522397003288365 off 0.47003278198643395 __DUMMY__ 0.007570214725201012	false	1.0
neid	neg 1.0		neg 0.5136597029446308 off 0.47871920144649505 __DUMMY__ 0.007621095608873988	false	1.0
rutschen	neg 1.0		neg 0.521879970594695 off 0.47040223028277145 __DUMMY__ 0.007717799122533332	false	1.0
rezession	neg 1.0		neg 0.5115021822123685 off 0.48098830666780334 __DUMMY__ 0.0075095111198279964	false	1.0
fehlgeburt	neg 1.0		neg 0.5173362921684299 off 0.4750580235664397 __DUMMY__ 0.0076056842651304425	false	1.0
charakterschwach	off 1.0		neg 0.5144928055035407 off 0.47795320693462084 __DUMMY__ 0.00755398756183835	false	0.5
isolation	neg 1.0		neg 0.5138507685351366 off 0.4785730260311616 __DUMMY__ 0.007576205433701929	false	1.0
ablenkung	neg 1.0		neg 0.5177874998937981 off 0.47459403573588943 __DUMMY__ 0.007618464370312339	false	1.0
pech	neg 1.0		neg 0.515315730542995 off 0.47708790737466394 __DUMMY__ 0.007596362082340911	false	1.0
vermeidung	neg 1.0		neg 0.5107619892015547 off 0.4816423787947844 __DUMMY__ 0.00759563200366086	false	1.0
dominieren	neg 1.0		neg 0.5214736630173954 off 0.4709495030523463 __DUMMY__ 0.007576833930258364	false	1.0
schwindlig	neg 1.0		neg 0.5144258512596696 off 0.47794987885012274 __DUMMY__ 0.007624269890207763	false	1.0
lutscher	neg 1.0		neg 0.5068510230431973 off 0.48565129028330045 __DUMMY__ 0.007497686673502353	false	1.0
pflicht	neg 1.0		neg 0.524540343075014 off 0.46785451057983174 __DUMMY__ 0.007605146345154367	false	1.0
faschist	off 1.0		neg 0.5188376523272272 off 0.4736279913799793 __DUMMY__ 0.007534356292793559	false	0.5
verschleudern	neg 1.0		neg 0.5234737575169821 off 0.4689609397589807 __DUMMY__ 0.007565302724037138	false	1.0
wenn			neg 0.5152700923587265 off 0.47714738996913375 __DUMMY__ 0.007582517672139766	false	0.0
ehebruch	neg 1.0		neg 0.5229343732263625 off 0.46948007075887643 __DUMMY__ 0.007585556014761052	false	1.0
spott	off 1.0		neg 0.5234741315179531 off 0.46893571856345767 __DUMMY__ 0.007590149918589332	false	0.5
trostlosigkeit	neg 1.0		neg 0.5259365787379496 off 0.46649532518756487 __DUMMY__ 0.007568096074485323	false	1.0
lutschen	neg 1.0		neg 0.5158763565217489 off 0.476579407448074 __DUMMY__ 0.00754423603017715	false	1.0
undiszipliniert	neg 1.0		neg 0.511902155516583 off 0.48052882031323824 __DUMMY__ 0.0075690241701786174	false	1.0
kopfschmerz	neg 1.0		neg 0.5182549470971054 off 0.4741242404335845 __DUMMY__ 0.007620812469310217	false	1.0
unvorhergesehen	neg 1.0		neg 0.5181707131617983 off 0.47417065493181687 __DUMMY__ 0.007658631906384855	false	1.0
desinteressiert	neg 1.0		neg 0.5128986606872703 off 0.47954505317517376 __DUMMY__ 0.007556286137555928	false	1.0
armselig	off 1.0		neg 0.51249201353213 off 0.47996668954894567 __DUMMY__ 0.007541296918924301	false	0.5
desaster	neg 1.0		neg 0.5277824593211169 off 0.4646439569090155 __DUMMY__ 0.007573583769867617	false	1.0
tod	neg 1.0		neg 0.5231979692379302 off 0.46922306107536593 __DUMMY__ 0.007578969686703939	false	1.0
herzlos	neg 1.0		neg 0.5100160256463399 off 0.4824082210326077 __DUMMY__ 0.007575753321052337	false	1.0
unwissenheit	neg 1.0		neg 0.5223157720658779 off 0.4701010728292949 __DUMMY__ 0.007583155104827266	false	1.0
widersinnig	neg 1.0		neg 0.5236955634452629 off 0.468776568107817 __DUMMY__ 0.007527868446920142	false	1.0
bedenklich	neg 1.0		neg 0.5233165697376148 off 0.4690819719568638 __DUMMY__ 0.007601458305521493	false	1.0
beanstanden	neg 1.0		neg 0.5251273053371034 off 0.467270003069407 __DUMMY__ 0.007602691593489666	false	1.0
panisch	neg 1.0	neg 1.0	neg 0.7426464437578864 off 0.25367491365656053 __DUMMY__ 0.0036786425855531778	false	1.0
debil	off 1.0		neg 0.5263634202078091 off 0.4660003339366439 __DUMMY__ 0.007636245855546958	false	0.5
abstrich	neg 1.0		neg 0.5154745663395901 off 0.47687396491888595 __DUMMY__ 0.007651468741523874	false	1.0
primitiv	neg 1.0		neg 0.5139096857137994 off 0.47854170793518813 __DUMMY__ 0.00754860635101241	false	1.0
abschaum	off 1.0	off 1.0	off 0.7229480332101255 neg 0.2734294077867332 __DUMMY__ 0.003622559003141343	false	1.0
provozieren	neg 1.0		neg 0.5198373142741949 off 0.4725890866617416 __DUMMY__ 0.007573599064063536	false	1.0
tot	neg 1.0		neg 0.5200454906325985 off 0.4723660102918575 __DUMMY__ 0.007588499075544031	false	1.0
instabil	neg 1.0		neg 0.5128050251920996 off 0.4796896917455807 __DUMMY__ 0.007505283062319896	false	1.0
schwuchtel	off 1.0		neg 0.5033271700819597 off 0.48922839569362314 __DUMMY__ 0.007444434224417167	false	0.5
zerren	neg 1.0		neg 0.5198659098567253 off 0.47251403979428375 __DUMMY__ 0.007620050348990826	false	1.0
kinderficker	off 1.0		neg 0.5110654941422681 off 0.481419582868433 __DUMMY__ 0.0075149229892988905	false	0.5
gefahr	neg 1.0		neg 0.5236466002004357 off 0.4687730955615328 __DUMMY__ 0.007580304238031388	false	1.0
rabiat	neg 1.0		neg 0.5191356899774583 off 0.4732689251988338 __DUMMY__ 0.0075953848237080325	false	1.0
verlangsamung	neg 1.0		neg 0.507796534944018 off 0.48469924761068334 __DUMMY__ 0.0075042174452987056	false	1.0
ausgestorben	neg 1.0		neg 0.52021959085964 off 0.47216980138949954 __DUMMY__ 0.007610607750860523	false	1.0
anklagen	neg 1.0		neg 0.5202499970280675 off 0.47217326018301675 __DUMMY__ 0.007576742788915718	false	1.0
trott	neg 1.0		neg 0.5180803147702835 off 0.47430576034521077 __DUMMY__ 0.00761392488450569	false	1.0
verminderung	neg 1.0		neg 0.5116799286231869 off 0.4807608626082151 __DUMMY__ 0.007559208768598007	false	1.0
nach			neg 0.523245094146467 off 0.4690602789434266 __DUMMY__ 0.007694626910106355	false	0.0
rost	neg 1.0		neg 0.5067531068124984 off 0.4857281653232771 __DUMMY__ 0.0075187278642244735	false	1.0
destruktiv	neg 1.0		neg 0.5214741417494374 off 0.4709584190865833 __DUMMY__ 0.007567439163979309	false	1.0
unzumutbarkeit	neg 1.0		neg 0.5115415830516455 off 0.4808789849591273 __DUMMY__ 0.007579431989227211	false	1.0
labil	off 1.0	off 1.0	off 0.7236629013927568 neg 0.2727130585694916 __DUMMY__ 0.0036240400377515135	false	1.0
ziemlich	neg 1.0		neg 0.5133383972938197 off 0.4790817573839302 __DUMMY__ 0.007579845322250191	false	1.0
lachnummer	off 1.0		neg 0.5216200085938264 off 0.47081419951881803 __DUMMY__ 0.007565791887355451	false	0.5
oder			neg 0.5179516758492513 off 0.47442541483562184 __DUMMY__ 0.007622909315126945	false	0.0
verfall	neg 1.0		neg 0.5274218515367327 off 0.4649533514527639 __DUMMY__ 0.007624797010503512	false	1.0
ausgrenzung	neg 1.0		neg 0.5190494997341278 off 0.4734129334447619 __DUMMY__ 0.007537566821110152	false	1.0
unordnung	neg 1.0		neg 0.5117515893496984 off 0.48073856011229676 __DUMMY__ 0.00750985053800475	false	1.0
fehlverhalten	neg 1.0		neg 0.5243499031693164 off 0.468068376219455 __DUMMY__ 0.00758172061122859	false	1.0
eine			neg 0.5234007027566353 off 0.46895861337796874 __DUMMY__ 0.00764068386539589	false	0.0
nille	neg 1.0		neg 0.5205620576837194 off 0.47188041040022105 __DUMMY__ 0.007557531916059503	false	1.0
qual	neg 1.0		neg 0.5184124259774224 off 0.4739782259336172 __DUMMY__ 0.007609348088960243	false	1.0
verschwenden	neg 1.0		neg 0.5223606039362294 off 0.47002328954916966 __DUMMY__ 0.007616106514600962	false	1.0
riesig	neg 1.0		neg 0.5180897511278836 off 0.47428221949326277 __DUMMY__ 0.007628029378853606	false	1.0
verurteilen	neg 1.0		neg 0.5224783119220011 off 0.46994664353774473 __DUMMY__ 0.007575044540254188	false	1.0
klischee	neg 1.0	neg 1.0	neg 0.7444920543533955 off 0.2518848051765374 __DUMMY__ 0.0036231404700671774	false	1.0
diktatorisch	neg 1.0		neg 0.5210161587055485 off 0.471466717594301 __DUMMY__ 0.007517123700150441	false	1.0
vorhersehbar	neg 1.0		neg 0.5184471039230292 off 0.4739943867903329 __DUMMY__ 0.007558509286637875	false	1.0
sowie			neg 0.5096114511641893 off 0.48288237596869876 __DUMMY__ 0.007506172867112075	false	0.0
stornieren	neg 1.0		neg 0.514104470815815 off 0.47826998530777304 __DUMMY__ 0.007625543876411823	false	1.0
besteuerung	neg 1.0		neg 0.5177798432727009 off 0.47464010597618933 __DUMMY__ 0.007580050751109869	false	1.0
ungeschminkt	neg 1.0		neg 0.5125694199172708 off 0.47985618566203175 __DUMMY__ 0.007574394420697569	false	1.0
kritisch	neg 1.0		neg 0.5238192976228946 off 0.4685966974619223 __DUMMY__ 0.007584004915183146	false	1.0
schlamperei	off 1.0		neg 0.5238444564947177 off 0.46858703847934347 __DUMMY__ 0.007568505025938873	false	0.5
sucht	neg 1.0	neg 1.0	neg 0.7419977637375732 off 0.25432501787869466 __DUMMY__ 0.003677218383732167	false	1.0
egoistisch	off 1.0		neg 0.5089845575375266 off 0.48347607811009263 __DUMMY__ 0.0075393643523807416	false	0.5
ausbeuter	off 1.0		neg 0.5247647018373789 off 0.4676555818071832 __DUMMY__ 0.007579716355437857	false	0.5
arschgeburt	off 1.0		neg 0.5035508042353571 off 0.4890056914978188 __DUMMY__ 0.007443504266824029	false	0.5
schubs	neg 1.0	neg 1.0	neg 0.745424830884733 off 0.2508988572909414 __DUMMY__ 0.0036763118243256345	false	1.0
unsolide	neg 1.0		neg 0.5201752068764895 off 0.47236688679597816 __DUMMY__ 0.007457906327532316	false	1.0
beschwerde	neg 1.0		neg 0.5229044449802991 off 0.4695269997295275 __DUMMY__ 0.007568555290173416	false	1.0
stocken	neg 1.0		neg 0.5212848008516923 off 0.47110419312109314 __DUMMY__ 0.0076110060272147105	false	1.0
isolieren	neg 1.0		neg 0.5178148933475942 off 0.474551820950655 __DUMMY__ 0.007633285701750759	false	1.0
unheilbar	neg 1.0		neg 0.5174621255958646 off 0.4749296118967287 __DUMMY__ 0.0076082625074067175	false	1.0
pisser	off 1.0		neg 0.5118212932605037 off 0.4806537289448269 __DUMMY__ 0.007524977794669524	false	0.5
löschen	neg 1.0		neg 0.5179905759006199 off 0.4744232813835231 __DUMMY__ 0.007586142715857018	false	1.0
durchfallen	neg 1.0		neg 0.5229168757104465 off 0.4694857516218678 __DUMMY__ 0.0075973726676856115	false	1.0
wichser	off 1.0		neg 0.5052458479891702 off 0.4872500440122549 __DUMMY__ 0.007504107998574993	false	0.5
terror	neg 1.0		neg 0.5141478094671551 off 0.4782506725413829 __DUMMY__ 0.007601517991461954	false	1.0
krass	neg 1.0		neg 0.5103548664262264 off 0.48208804359459295 __DUMMY__ 0.007557089979180785	false	1.0
revolte	neg 1.0	neg 1.0	neg 0.7455099440397726 off 0.25089272327998813 __DUMMY__ 0.0035973326802394416	false	1.0
besorgt	neg 1.0		neg 0.5185017389271577 off 0.47384993255900626 __DUMMY__ 0.007648328513836047	false	1.0
nachlassen	neg 1.0		neg 0.5189956060008285 off 0.4733635377252146 __DUMMY__ 0.007640856273956806	false	1.0
alt	neg 1.0		neg 0.5213523797078311 off 0.47100884776446217 __DUMMY__ 0.007638772527706708	false	1.0
hundesohn	off 1.0		neg 0.5076881556504917 off 0.48483988819895824 __DUMMY__ 0.007471956150550126	false	0.5
als			neg 0.5206569987977697 off 0.47172015054825595 __DUMMY__ 0.007622850653974348	false	0.0
abschreckung	neg 1.0		neg 0.5251605304947038 off 0.46724461104579457 __DUMMY__ 0.007594858459501577	false	1.0
unqualifiziert	neg 1.0		neg 0.5181593523897546 off 0.4742836668883806 __DUMMY__ 0.007556980721864727	false	1.0
abgewichst	off 1.0		neg 0.5199585878537522 off 0.47244885842081563 __DUMMY__ 0.007592553725432271	false	0.5
schwer	neg 1.0		neg 0.5189690828316672 off 0.4734176873142016 __DUMMY__ 0.007613229854131391	false	1.0
bedeutungslosigkeit	neg 1.0		neg 0.524917944448039 off 0.467496604946242 __DUMMY__ 0.00758545060571914	false	1.0
kapitulation	neg 1.0		neg 0.524508862973796 off 0.4679509522542008 __DUMMY__ 0.007540184772003219	false	1.0
unscharf	neg 1.0		neg 0.515329680016284 off 0.47707731544775234 __DUMMY__ 0.007593004535963616	false	1.0
schwinden	neg 1.0		neg 0.5221084142714936 off 0.47026324592929364 __DUMMY__ 0.007628339799212739	false	1.0
versklavung	neg 1.0		neg 0.5203538500990511 off 0.4721131000295873 __DUMMY__ 0.0075330498713617215	false	1.0
schlecht	neg 1.0		neg 0.5127150352001052 off 0.4796998871463208 __DUMMY__ 0.007585077653573984	false	1.0
verhasst	neg 1.0		neg 0.5201897860801412 off 0.47224515625022734 __DUMMY__ 0.007565057669631324	false	1.0
beschweren	neg 1.0		neg 0.5170417933919298 off 0.47535652755073576 __DUMMY__ 0.00760167905733436	false	1.0
scheiden	neg 1.0		neg 0.5192257807834776 off 0.4731707719892465 __DUMMY__ 0.007603447227275954	false	1.0
frustriert	neg 1.0		neg 0.5203525092203338 off 0.4720397194929457 __DUMMY__ 0.007607771286720545	false	1.0
schimmelig	neg 1.0		neg 0.5220003896142758 off 0.47039660793725313 __DUMMY__ 0.007603002448471001	false	1.0
fisch	neg 1.0		neg 0.5213353131698657 off 0.47105625673416324 __DUMMY__ 0.00760843009597104	false	1.0
schmuggel	neg 1.0		neg 0.5216786203335506 off 0.4706730202151769 __DUMMY__ 0.007648359451272521	false	1.0
auffallen	neg 1.0		neg 0.5169256043776629 off 0.47548231420126547 __DUMMY__ 0.007592081421071561	false	1.0
konkurrenz	neg 1.0		neg 0.5243775076725353 off 0.46800200648650697 __DUMMY__ 0.007620485840957674	false	1.0
teufelskreis	neg 1.0		neg 0.5204597723564521 off 0.4719428180878425 __DUMMY__ 0.007597409555705377	false	1.0
aufschreien	neg 1.0		neg 0.5180560750949772 off 0.474375394584646 __DUMMY__ 0.007568530320376906	false	1.0
schuldner	neg 1.0		neg 0.5237260388862972 off 0.46869171062287185 __DUMMY__ 0.007582250490830948	false	1.0
missgeburt	off 1.0	off 1.0	off 0.7258924670520397 neg 0.27051409494992557 __DUMMY__ 0.0035934379980347634	false	1.0
arbeitslos	neg 1.0		neg 0.5223972315416269 off 0.47001785874897506 __DUMMY__ 0.007584909709398033	false	1.0
befallen	neg 1.0		neg 0.5221710441686401 off 0.47025830575784816 __DUMMY__ 0.007570650073511661	false	1.0
miesepetrig	off 1.0		neg 0.5116580326144043 off 0.48073312059868284 __DUMMY__ 0.007608846786912806	false	0.5
alarmieren	neg 1.0		neg 0.5153939976281784 off 0.47706120133158797 __DUMMY__ 0.007544801040233659	false	1.0
ungeduscht	off 1.0		neg 0.5152850630858989 off 0.47712199087007273 __DUMMY__ 0.007592946044028361	false	0.5
knappheit	neg 1.0		neg 0.521693848820962 off 0.4707206684329675 __DUMMY__ 0.0075854827460705475	false	1.0
schlange	neg 1.0		neg 0.516095795270073 off 0.4762803983622144 __DUMMY__ 0.007623806367712543	false	1.0
harsch	neg 1.0		neg 0.5059143582846823 off 0.48651292029129767 __DUMMY__ 0.007572721424019897	false	1.0
lang	neg 1.0		neg 0.5171042884155294 off 0.4752942987544469 __DUMMY__ 0.0076014128300238475	false	1.0
ziellos	neg 1.0		neg 0.5213242041249345 off 0.4710573938633192 __DUMMY__ 0.007618402011746239	false	1.0
selbstverliebt	neg 1.0		neg 0.5060677600286271 off 0.4864734682181788 __DUMMY__ 0.007458771753194069	false	1.0
beseitigen	neg 1.0		neg 0.5172449311673954 off 0.47514874577882055 __DUMMY__ 0.007606323053783979	false	1.0
dumm	off 1.0		neg 0.5087393254343825 off 0.48373431717077275 __DUMMY__ 0.007526357394844862	false	0.5
arbeitsloser	neg 1.0		neg 0.5232209065938682 off 0.46919106016253465 __DUMMY__ 0.007588033243597068	false	1.0
blitzen	neg 1.0		neg 0.5150084883845207 off 0.4774092310702961 __DUMMY__ 0.007582280545183213	false	1.0
hilflos	neg 1.0		neg 0.5205355170302159 off 0.4718520877236794 __DUMMY__ 0.007612395246104509	false	1.0
eklig	off 1.0		neg 0.5082958504023611 off 0.48419215573799157 __DUMMY__ 0.00751199385964724	false	0.5
begriff			neg 0.520828551213207 off 0.47157547952701195 __DUMMY__ 0.007595969259780928	false	0.0
hungersnot	neg 1.0		neg 0.5217006311277126 off 0.4707610085979035 __DUMMY__ 0.007538360274383888	false	1.0
ungesetzlich	neg 1.0		neg 0.5199600396768652 off 0.47252842878279416 __DUMMY__ 0.007511531540340663	false	1.0
verschwendung	neg 1.0		neg 0.5233810575822514 off 0.4690018220327896 __DUMMY__ 0.00761712038495895	false	1.0
schmerzvoll	neg 1.0		neg 0.5169048823937316 off 0.4754910585663582 __DUMMY__ 0.007604059039910237	false	1.0
vorzeitig	neg 1.0		neg 0.5137905747346855 off 0.4786427812720639 __DUMMY__ 0.007566643993250655	false	1.0
unvollkommenheit	neg 1.0		neg 0.5181263973398788 off 0.47427047255221316 __DUMMY__ 0.007603130107908134	false	1.0
intervenieren	neg 1.0		neg 0.5245964921655358 off 0.46783073957963794 __DUMMY__ 0.007572768254826206	false	1.0
banause	off 1.0		neg 0.5066594131134203 off 0.4858333302118797 __DUMMY__ 0.0075072566747000176	false	0.5
rebell	neg 1.0		neg 0.5232768667593788 off 0.4690899577902784 __DUMMY__ 0.007633175450342963	false	1.0
unlogisch	neg 1.0		neg 0.5124404469976348 off 0.48002145988920586 __DUMMY__ 0.007538093113159277	false	1.0
leiden	neg 1.0	neg 1.0	neg 0.7446822088104726 off 0.2515943951188137 __DUMMY__ 0.0037233960707135226	false	1.0
abschaffung	neg 1.0		neg 0.5196986350184847 off 0.4727482202518351 __DUMMY__ 0.007553144729680226	false	1.0
sturz	neg 1.0		neg 0.518662689417482 off 0.4737800220280474 __DUMMY__ 0.0075572885544707095	false	1.0
verkleinerung	neg 1.0		neg 0.5180314691222052 off 0.4744550945694005 __DUMMY__ 0.0075134363083944325	false	1.0
schmarotzer	off 1.0		neg 0.523489549422388 off 0.4689384236728035 __DUMMY__ 0.007572026904808428	false	0.5
bestrafung	neg 1.0		neg 0.5179118664486214 off 0.4744986473036623 __DUMMY__ 0.007589486247716435	false	1.0
achtlos	neg 1.0		neg 0.5185150356265567 off 0.4738628314480256 __DUMMY__ 0.007622132925417768	false	1.0
ungeheuer	neg 1.0		neg 0.5165488431906331 off 0.4758627683981484 __DUMMY__ 0.007588388411218345	false	1.0
