unsolidarisch	neg 1.0		neg 0.5221751435300849 off 0.4703117521943303 __DUMMY__ 0.00751310427558482	false	1.0
nachteilig	neg 1.0		neg 0.522152484566862 off 0.4702515675720027 __DUMMY__ 0.007595947861135375	false	1.0
skeptisch	neg 1.0		neg 0.5241615584042815 off 0.46821492562112754 __DUMMY__ 0.00762351597459091	false	1.0
schrecklich	neg 1.0		neg 0.5106534824268778 off 0.48178984927503593 __DUMMY__ 0.007556668298086317	false	1.0
schlapp	neg 1.0		neg 0.5129478085175809 off 0.4794385905607359 __DUMMY__ 0.0076136009216831654	false	1.0
abfall	neg 1.0		neg 0.5253125533511714 off 0.4670487375384514 __DUMMY__ 0.0076387091103771185	false	1.0
widerspenstig	neg 1.0		neg 0.51722139219452 off 0.4751387692927487 __DUMMY__ 0.007639838512731321	false	1.0
abrupt	neg 1.0		neg 0.5177488239073185 off 0.4745909031048794 __DUMMY__ 0.007660272987802257	false	1.0
unwirksam	neg 1.0		neg 0.5216086967101755 off 0.4708709679959764 __DUMMY__ 0.0075203352938481354	false	1.0
angreifen	neg 1.0		neg 0.5235125143061614 off 0.4688844257149869 __DUMMY__ 0.007603059978851818	false	1.0
inkonsistent	neg 1.0		neg 0.516504936918965 off 0.47591124884308283 __DUMMY__ 0.007583814237952207	false	1.0
abrutschen	neg 1.0		neg 0.5247873680993274 off 0.4675650007372284 __DUMMY__ 0.007647631163444324	false	1.0
unsicher	neg 1.0		neg 0.5185246709542758 off 0.4738623287633971 __DUMMY__ 0.007613000282327033	false	1.0
bauernkind	off 1.0		neg 0.5093395293942 off 0.4831666958656121 __DUMMY__ 0.00749377474018782	false	0.5
angreifer	neg 1.0		neg 0.5169927099714298 off 0.47545378611481376 __DUMMY__ 0.007553503913756488	false	1.0
trennen	neg 1.0		neg 0.5213108573347279 off 0.471024583128235 __DUMMY__ 0.007664559537037034	false	1.0
schmutz	neg 1.0		neg 0.5104484062468274 off 0.4819112973043309 __DUMMY__ 0.007640296448841681	false	1.0
inkonsistenz	neg 1.0	neg 1.0	neg 0.7443592753013826 off 0.25201495567318866 __DUMMY__ 0.003625769025428875	false	1.0
erschreckend	neg 1.0		neg 0.5207551275699916 off 0.47164917967038766 __DUMMY__ 0.007595692759620776	false	1.0
ertrinken	neg 1.0		neg 0.520689340334011 off 0.47166490381024856 __DUMMY__ 0.0076457558557403785	false	1.0
pickelface	off 1.0		neg 0.5192095729758126 off 0.4732233932804868 __DUMMY__ 0.007567033743700572	false	0.5
seiner			neg 0.5230894175351011 off 0.46929387689727303 __DUMMY__ 0.007616705567625868	false	0.0
lauch	neg 1.0		neg 0.523801655684272 off 0.46856595176816496 __DUMMY__ 0.007632392547563094	false	1.0
unwichtig	neg 1.0		neg 0.5147350922725702 off 0.47768748177403714 __DUMMY__ 0.00757742595339262	false	1.0
steuerhinterziehung	neg 1.0		neg 0.5222961825033378 off 0.47016191987559736 __DUMMY__ 0.007541897621064861	false	1.0
schock	neg 1.0		neg 0.5182042932643852 off 0.4741400913847627 __DUMMY__ 0.007655615350852029	false	1.0
beule	neg 1.0		neg 0.5120442687998793 off 0.4803567485012086 __DUMMY__ 0.007598982698911968	false	1.0
vergelten	neg 1.0		neg 0.5102230661957002 off 0.4822534700041331 __DUMMY__ 0.007523463800166685	false	1.0
verdorbenheit	neg 1.0		neg 0.516436465789865 off 0.47594725367817536 __DUMMY__ 0.0076162805319594995	false	1.0
trauma	neg 1.0		neg 0.5170549429191581 off 0.47535235235833323 __DUMMY__ 0.00759270472250853	false	1.0
sinnlos	neg 1.0		neg 0.5167496186759457 off 0.47565605051726473 __DUMMY__ 0.007594330806789561	false	1.0
fettsack	off 1.0	off 1.0	off 0.7260198572048528 neg 0.27037504874522206 __DUMMY__ 0.003605094049925115	false	1.0
feige	off 1.0		neg 0.5161642395077929 off 0.47627933187436355 __DUMMY__ 0.007556428617843558	false	0.5
abdanken	neg 1.0		neg 0.5235115419734636 off 0.4689739517661452 __DUMMY__ 0.007514506260391376	false	1.0
wichtigtuer	off 1.0	off 1.0	off 0.7212422133092811 neg 0.27512893833114843 __DUMMY__ 0.0036288483595705106	false	1.0
misslingen	neg 1.0		neg 0.5138806795997665 off 0.47847392715830367 __DUMMY__ 0.0076453932419299556	false	1.0
untreu	off 1.0		neg 0.5138506142624142 off 0.4785728563152596 __DUMMY__ 0.007576529422326238	false	0.5
missmutig	neg 1.0		neg 0.5138481143837297 off 0.47854132519825665 __DUMMY__ 0.007610560418013702	false	1.0
hurenbock	off 1.0		neg 0.5148468925278805 off 0.4775142622342243 __DUMMY__ 0.0076388452378951385	false	0.5
betrunken	neg 1.0		neg 0.5113700956263069 off 0.4810401184611834 __DUMMY__ 0.007589785912509689	false	1.0
korrupt	off 1.0		neg 0.5238565971866929 off 0.4685990389116252 __DUMMY__ 0.0075443639016819965	false	0.5
unmut	neg 1.0		neg 0.5254949699409057 off 0.4668880170842864 __DUMMY__ 0.007617012974807951	false	1.0
hackfresse	off 1.0		neg 0.5075979979164117 off 0.484867696668531 __DUMMY__ 0.007534305415057297	false	0.5
aufblasen	neg 1.0		neg 0.51604063273401 off 0.4763317790812828 __DUMMY__ 0.007627588184707101	false	1.0
gewaltsam	neg 1.0		neg 0.5192880273849283 off 0.4731556105163355 __DUMMY__ 0.007556362098736216	false	1.0
unbeliebtheit	neg 1.0		neg 0.515582568431663 off 0.4769250827664617 __DUMMY__ 0.0074923488018752114	false	1.0
sturheit	neg 1.0		neg 0.5211197105773142 off 0.47129942261981755 __DUMMY__ 0.007580866802868263	false	1.0
kuh	neg 1.0		neg 0.5176792724350626 off 0.4747468319699762 __DUMMY__ 0.007573895594961056	false	1.0
erschrecken	neg 1.0		neg 0.5148395301643635 off 0.47756080596073197 __DUMMY__ 0.007599663874904478	false	1.0
opfer	neg 1.0		neg 0.5224779522541944 off 0.46991118970811474 __DUMMY__ 0.007610858037690902	false	1.0
sinken	neg 1.0		neg 0.5245170356753609 off 0.46786567613587254 __DUMMY__ 0.007617288188766593	false	1.0
stinktier	neg 1.0		neg 0.5113524481453363 off 0.4811199868426189 __DUMMY__ 0.007527565012044756	false	1.0
tucke	off 1.0		neg 0.5060072964205125 off 0.4864437777306403 __DUMMY__ 0.007548925848847156	false	0.5
ein			neg 0.5162615517908357 off 0.47609651867903335 __DUMMY__ 0.007641929530131051	false	0.0
abstieg	neg 1.0		neg 0.5218161230169941 off 0.4706068654505379 __DUMMY__ 0.007577011532468123	false	1.0
missverstehen	neg 1.0		neg 0.5184560533502256 off 0.47398198830412125 __DUMMY__ 0.007561958345653066	false	1.0
ergebnislos	neg 1.0		neg 0.5220208343930972 off 0.47039285054421137 __DUMMY__ 0.00758631506269135	false	1.0
unter			neg 0.5262366720529041 off 0.46605632555235893 __DUMMY__ 0.007707002394736952	false	0.0
manipulieren	neg 1.0		neg 0.5226044359149544 off 0.469773755660478 __DUMMY__ 0.007621808424567729	false	1.0
unbewiesen	neg 1.0		neg 0.5225157504209288 off 0.4699734872793928 __DUMMY__ 0.00751076229967839	false	1.0
verschleppen	neg 1.0		neg 0.521643354539899 off 0.4707618238193179 __DUMMY__ 0.0075948216407832345	false	1.0
weib	off 1.0		neg 0.5065472527110403 off 0.48593094795445346 __DUMMY__ 0.007521799334506343	false	0.5
opposition	neg 1.0		neg 0.5190452518563035 off 0.4734130679523884 __DUMMY__ 0.007541680191308268	false	1.0
verkehrswidrig	neg 1.0		neg 0.5070148066139474 off 0.4854005034457274 __DUMMY__ 0.007584689940325125	false	1.0
inkorrekt	neg 1.0		neg 0.5162625830224625 off 0.47622353108997917 __DUMMY__ 0.0075138858875584335	false	1.0
vermeiden	neg 1.0		neg 0.5246800416767086 off 0.46764259132969355 __DUMMY__ 0.007677366993597862	false	1.0
abweichung	neg 1.0		neg 0.5239647538889163 off 0.4684898279888909 __DUMMY__ 0.007545418122192997	false	1.0
alkoholisiert	neg 1.0		neg 0.5180322656101187 off 0.47431087723053117 __DUMMY__ 0.007656857159350232	false	1.0
scheiss	off 1.0	off 1.0	off 0.724746050923566 neg 0.27161486901655135 __DUMMY__ 0.0036390800598825467	false	1.0
herausforderung	neg 1.0		neg 0.5187023268634918 off 0.47363426294915495 __DUMMY__ 0.007663410187353215	false	1.0
pervers	off 1.0		neg 0.5044576962176488 off 0.4880420240022268 __DUMMY__ 0.007500279780124334	false	0.5
wackelig	neg 1.0		neg 0.5181504533008812 off 0.474176337773377 __DUMMY__ 0.007673208925741985	false	1.0
verwickeln	neg 1.0		neg 0.5180719942595056 off 0.47435109859507474 __DUMMY__ 0.007576907145419661	false	1.0
vorwand	neg 1.0		neg 0.5251825184594168 off 0.4672142095648699 __DUMMY__ 0.0076032719757133	false	1.0
muschi	off 1.0		neg 0.5197306137408462 off 0.4727015344564899 __DUMMY__ 0.0075678518026639436	false	0.5
entmutigung	neg 1.0		neg 0.5203507345079511 off 0.47215461658583846 __DUMMY__ 0.007494648906210474	false	1.0
unangemessen	neg 1.0		neg 0.5232680178880693 off 0.46916509627805925 __DUMMY__ 0.007566885833871549	false	1.0
unstetig	neg 1.0		neg 0.5152248880332437 off 0.4772025008625713 __DUMMY__ 0.007572611104185063	false	1.0
entmutigen	neg 1.0		neg 0.5167819055721858 off 0.4756016596363608 __DUMMY__ 0.007616434791453465	false	1.0
schwanz	neg 1.0		neg 0.5209860760899906 off 0.4714177889990735 __DUMMY__ 0.007596134910935857	false	1.0
verbot	neg 1.0		neg 0.5232579533541049 off 0.46919758445233894 __DUMMY__ 0.00754446219355613	false	1.0
leid	neg 1.0		neg 0.5091609032935005 off 0.48329185630254545 __DUMMY__ 0.007547240403954224	false	1.0
archaisch	neg 1.0		neg 0.5217505952085886 off 0.4706666307219563 __DUMMY__ 0.007582774069455079	false	1.0
gegen			neg 0.5258100713634327 off 0.46660838299222773 __DUMMY__ 0.007581545644339603	false	0.0
scheidung	neg 1.0	neg 1.0	neg 0.7320005511334713 off 0.26439037683969985 __DUMMY__ 0.003609072026828809	false	1.0
einschlag	neg 1.0		neg 0.511163278557973 off 0.4813141343794853 __DUMMY__ 0.007522587062541699	false	1.0
m			neg 0.5188244955979454 off 0.47354549945274865 __DUMMY__ 0.007630004949305951	false	0.0
abgestanden	neg 1.0		neg 0.5167888881657114 off 0.4755776293927158 __DUMMY__ 0.007633482441572742	false	1.0
schmierig	off 1.0		neg 0.5094912806987605 off 0.48294128508568096 __DUMMY__ 0.007567434215558396	false	0.5
unpraktisch	neg 1.0		neg 0.5158699861039568 off 0.47649831137643717 __DUMMY__ 0.00763170251960599	false	1.0
wixxer	off 1.0		neg 0.5047567590519462 off 0.48775519953716207 __DUMMY__ 0.0074880414108917095	false	0.5
bezeichnet			neg 0.5211065333302582 off 0.4713209575975254 __DUMMY__ 0.007572509072216345	false	0.0
jammerlappen	off 1.0		neg 0.5147094446760492 off 0.4777112861074148 __DUMMY__ 0.0075792692165360725	false	0.5
farce	neg 1.0		neg 0.523912530713365 off 0.4685696221001263 __DUMMY__ 0.007517847186508703	false	1.0
zwecklos	neg 1.0		neg 0.522858666854298 off 0.46955787296824314 __DUMMY__ 0.007583460177458813	false	1.0
turbulent	neg 1.0		neg 0.5115443052558906 off 0.48091451266829516 __DUMMY__ 0.007541182075814247	false	1.0
invasion	neg 1.0		neg 0.5147704979780283 off 0.4776244409352082 __DUMMY__ 0.007605061086763445	false	1.0
schuld	neg 1.0		neg 0.5187372267129484 off 0.47367648605506485 __DUMMY__ 0.007586287231986714	false	1.0
risiko	neg 1.0		neg 0.5134883293491709 off 0.47888760287654897 __DUMMY__ 0.007624067774280106	false	1.0
finster	neg 1.0		neg 0.516814804636318 off 0.4755539306268285 __DUMMY__ 0.007631264736853454	false	1.0
geisteskrank	off 1.0		neg 0.5149883390802754 off 0.4774799691586304 __DUMMY__ 0.007531691761094168	false	0.5
zusammenbrechen	neg 1.0		neg 0.5193937921183175 off 0.4729787397056901 __DUMMY__ 0.007627468175992372	false	1.0
ausbeute	neg 1.0		neg 0.5197489721996651 off 0.4726076184373191 __DUMMY__ 0.0076434093630159475	false	1.0
hinterhalt	neg 1.0		neg 0.5172155154024767 off 0.47518655171004714 __DUMMY__ 0.007597932887476149	false	1.0
kritik	neg 1.0		neg 0.523013234336953 off 0.4694503133002807 __DUMMY__ 0.0075364523627663394	false	1.0
einschrumpfen	neg 1.0		neg 0.5169162378497486 off 0.4755481422886918 __DUMMY__ 0.007535619861559662	false	1.0
riskant	neg 1.0		neg 0.5226980542258296 off 0.46968599363992936 __DUMMY__ 0.007615952134240919	false	1.0
frustrieren	neg 1.0		neg 0.5229512248129233 off 0.469437993071719 __DUMMY__ 0.007610782115357697	false	1.0
groll	neg 1.0		neg 0.5221175335161506 off 0.4702902065938138 __DUMMY__ 0.0075922598900354825	false	1.0
gibt			neg 0.5207501572433065 off 0.4716399034966763 __DUMMY__ 0.007609939260017224	false	0.0
qualvoll	neg 1.0		neg 0.5153062409493128 off 0.47707860272824115 __DUMMY__ 0.007615156322446116	false	1.0
wackeln	neg 1.0		neg 0.51610409388005 off 0.4762541646723129 __DUMMY__ 0.0076417414476370946	false	1.0
klagen	neg 1.0		neg 0.5258118690419055 off 0.4665955628684341 __DUMMY__ 0.00759256808966032	false	1.0
bankrott	neg 1.0		neg 0.5133626995633831 off 0.4790429629127764 __DUMMY__ 0.00759433752384049	false	1.0
trauern	neg 1.0		neg 0.5222562098981269 off 0.47012707491742833 __DUMMY__ 0.00761671518444476	false	1.0
ablehnung	neg 1.0	neg 1.0	neg 0.7473500771326798 off 0.24902921265903866 __DUMMY__ 0.0036207102082816103	false	1.0
stur	neg 1.0		neg 0.5181357126733636 off 0.4742751995594267 __DUMMY__ 0.007589087767209753	false	1.0
aufruhr	neg 1.0		neg 0.5201758243458172 off 0.4722730557112962 __DUMMY__ 0.0075511199428866865	false	1.0
melancholie	neg 1.0		neg 0.5186773005851748 off 0.47366478147191327 __DUMMY__ 0.007657917942911891	false	1.0
ist			neg 0.5176948033220864 off 0.47471340905910475 __DUMMY__ 0.007591787618808764	false	0.0
torheit	neg 1.0		neg 0.5208583618647964 off 0.47161618867036875 __DUMMY__ 0.007525449464834859	false	1.0
dreckskind	off 1.0		neg 0.510827782388051 off 0.4816825074412329 __DUMMY__ 0.007489710170715953	false	0.5
umtauschen	neg 1.0		neg 0.5176202639751998 off 0.47474679825935173 __DUMMY__ 0.007632937765448575	false	1.0
zum			neg 0.5234363432090055 off 0.4688696935805965 __DUMMY__ 0.007693963210397879	false	0.0
zersetzen	neg 1.0		neg 0.5240706583379489 off 0.46832158805209206 __DUMMY__ 0.00760775360995906	false	1.0
zur			neg 0.5270611716352459 off 0.4653133577782457 __DUMMY__ 0.007625470586508448	false	0.0
frust	neg 1.0		neg 0.5202548440164652 off 0.4721281398657644 __DUMMY__ 0.007617016117770379	false	1.0
unerbittlichkeit	neg 1.0		neg 0.5231786757118592 off 0.46921752378167186 __DUMMY__ 0.0076038005064688555	false	1.0
zwei			neg 0.5223557176514395 off 0.46996985740259173 __DUMMY__ 0.007674424945968836	false	0.0
unkorrekt	neg 1.0		neg 0.5152747701189534 off 0.47720903114396285 __DUMMY__ 0.007516198737083845	false	1.0
hexe	off 1.0		neg 0.5132674742803748 off 0.4791477824374114 __DUMMY__ 0.007584743282213729	false	0.5
lasch	neg 1.0		neg 0.5169954523510789 off 0.47544299152771585 __DUMMY__ 0.007561556121205054	false	1.0
rivale	neg 1.0		neg 0.5110775437791173 off 0.4813876658776185 __DUMMY__ 0.007534790343264312	false	1.0
mutlos	off 1.0	off 1.0	off 0.7187443231909735 neg 0.277615922902969 __DUMMY__ 0.0036397539060575882	false	1.0
wirr	off 1.0		neg 0.5126932710527079 off 0.47977974087916575 __DUMMY__ 0.007526988068126366	false	0.5
jahr			neg 0.5205394832179999 off 0.4718048168018081 __DUMMY__ 0.0076556999801918515	false	0.0
wird			neg 0.5220242633993555 off 0.470361139441405 __DUMMY__ 0.0076145971592395	false	0.0
strafbar	neg 1.0		neg 0.5247965057813841 off 0.4676372333639209 __DUMMY__ 0.007566260854694939	false	1.0
erosion	neg 1.0		neg 0.5159573680422491 off 0.4764233990250094 __DUMMY__ 0.007619232932741519	false	1.0
eingehen	neg 1.0		neg 0.5226501161570652 off 0.46975466459221094 __DUMMY__ 0.007595219250723802	false	1.0
faul	off 1.0		neg 0.5132313654947097 off 0.47915512455684267 __DUMMY__ 0.007613509948447564	false	0.5
provisorium	neg 1.0		neg 0.5274511648288771 off 0.4648559272628039 __DUMMY__ 0.007692907908318989	false	1.0
schmerzen	neg 1.0		neg 0.5185904304101037 off 0.47377849725246496 __DUMMY__ 0.007631072337431307	false	1.0
schrumpfen	neg 1.0		neg 0.5263168317195958 off 0.46603658003621995 __DUMMY__ 0.00764658824418437	false	1.0
geistlos	off 1.0		neg 0.5194295198909596 off 0.47305285124764546 __DUMMY__ 0.007517628861394965	false	0.5
fehlkauf	neg 1.0		neg 0.5167446513950534 off 0.4756859150735872 __DUMMY__ 0.00756943353135933	false	1.0
frustrierend	neg 1.0		neg 0.515287600019152 off 0.4771193683373092 __DUMMY__ 0.007593031643538724	false	1.0
unzufrieden	neg 1.0		neg 0.5219743318261654 off 0.47042548070791523 __DUMMY__ 0.007600187465919334	false	1.0
verzweifeln	neg 1.0		neg 0.5190117911366074 off 0.4733711475689962 __DUMMY__ 0.0076170612943964565	false	1.0
verzweifelt	neg 1.0		neg 0.518087932223199 off 0.47431983616397705 __DUMMY__ 0.007592231612823824	false	1.0
misstrauensantrag	neg 1.0		neg 0.5179544491301604 off 0.4744992748183956 __DUMMY__ 0.007546276051444046	false	1.0
abfallen	neg 1.0		neg 0.5150492583332846 off 0.47729336928537636 __DUMMY__ 0.00765737238133891	false	1.0
fucker	off 1.0		neg 0.5123006881326679 off 0.48015632424607385 __DUMMY__ 0.007542987621258154	false	0.5
ungezogen	neg 1.0		neg 0.5058182474039732 off 0.4866499871733213 __DUMMY__ 0.007531765422705555	false	1.0
irrsinnig	neg 1.0	neg 1.0	neg 0.7454698606439059 off 0.2508922944860571 __DUMMY__ 0.003637844870036996	false	1.0
unfassbar	neg 1.0		neg 0.5139367694533781 off 0.47848208329521064 __DUMMY__ 0.007581147251411299	false	1.0
hart	neg 1.0		neg 0.5144855238294405 off 0.4779564224202172 __DUMMY__ 0.007558053750342218	false	1.0
widerlich	off 1.0		neg 0.5143052345267642 off 0.47814104351949077 __DUMMY__ 0.007553721953744787	false	0.5
fatal	neg 1.0		neg 0.5165308312356686 off 0.47589195852267374 __DUMMY__ 0.0075772102416577555	false	1.0
bruch	neg 1.0		neg 0.5269901185655856 off 0.4654305238853638 __DUMMY__ 0.007579357549050484	false	1.0
aushungern	neg 1.0		neg 0.5209471792748004 off 0.47150622399301284 __DUMMY__ 0.007546596732186761	false	1.0
anspannung	neg 1.0		neg 0.5234139716517556 off 0.4689157438152715 __DUMMY__ 0.007670284532972878	false	1.0
von			neg 0.522568649889667 off 0.46979136832794005 __DUMMY__ 0.007639981782392979	false	0.0
kraftlos	neg 1.0		neg 0.5189488544523878 off 0.4733858305357396 __DUMMY__ 0.007665315011872511	false	1.0
vom			neg 0.5264181987415033 off 0.46589352888608276 __DUMMY__ 0.007688272372413874	false	0.0
grenzdebil	off 1.0		neg 0.5125902843140672 off 0.47982706673992664 __DUMMY__ 0.0075826489460060955	false	0.5
vor			neg 0.5235822525343674 off 0.46877211119846296 __DUMMY__ 0.007645636267169689	false	0.0
unterwerfen	neg 1.0		neg 0.5228111188725331 off 0.4695907459151953 __DUMMY__ 0.007598135212271707	false	1.0
versenkung	neg 1.0		neg 0.5230918933054154 off 0.4693009106053192 __DUMMY__ 0.007607196089265403	false	1.0
entziehen	neg 1.0		neg 0.5255602356903579 off 0.46683080150423556 __DUMMY__ 0.007608962805406419	false	1.0
finanzkrise	neg 1.0		neg 0.5213540966645689 off 0.47110160312752863 __DUMMY__ 0.007544300207902376	false	1.0
schimpfend	neg 1.0		neg 0.5134926479945783 off 0.47884011848901287 __DUMMY__ 0.007667233516408943	false	1.0
profan	neg 1.0		neg 0.5166946546150296 off 0.47571014340166407 __DUMMY__ 0.0075952019833062665	false	1.0
korruption	neg 1.0		neg 0.523635724885211 off 0.46881837589961967 __DUMMY__ 0.007545899215169231	false	1.0
â			neg 0.5201427589792554 off 0.47223213882381787 __DUMMY__ 0.0076251021969266	false	0.0
schmutzig	neg 1.0		neg 0.5115402841234682 off 0.4808446973658836 __DUMMY__ 0.0076150185106481786	false	1.0
sexy	neg 1.0		neg 0.5144405040760659 off 0.477972425179834 __DUMMY__ 0.007587070744100161	false	1.0
abraten	neg 1.0		neg 0.5171239938727736 off 0.47526803892259617 __DUMMY__ 0.007607967204630261	false	1.0
schwarz	neg 1.0		neg 0.5173741610338954 off 0.47504462760143235 __DUMMY__ 0.007581211364672126	false	1.0
fotze	off 1.0		neg 0.5213129914548161 off 0.47110778811978793 __DUMMY__ 0.007579220425396098	false	0.5
verwirren	neg 1.0		neg 0.5160935925029445 off 0.47631733712345464 __DUMMY__ 0.007589070373600843	false	1.0
zahnlos	off 1.0		neg 0.5229216329715674 off 0.4695033013618328 __DUMMY__ 0.00757506566659985	false	0.5
verheeren	neg 1.0		neg 0.5049413001093048 off 0.4875637989929296 __DUMMY__ 0.0074949008977654615	false	1.0
hippie	neg 1.0		neg 0.5149396028501483 off 0.4774779365287977 __DUMMY__ 0.007582460621053973	false	1.0
rammen	neg 1.0		neg 0.5158338990075352 off 0.47657766603496904 __DUMMY__ 0.007588434957495743	false	1.0
unlauter	neg 1.0	neg 1.0	neg 0.7450737476704828 off 0.2513055739794311 __DUMMY__ 0.00362067835008606	false	1.0
unheilvoll	neg 1.0		neg 0.5159540781493249 off 0.47643569161083876 __DUMMY__ 0.007610230239836373	false	1.0
niedrig	neg 1.0		neg 0.5223729959586856 off 0.47003865200831785 __DUMMY__ 0.007588352032996633	false	1.0
explosion	neg 1.0		neg 0.5147901181581526 off 0.4776124825604785 __DUMMY__ 0.007597399281368906	false	1.0
weichei	off 1.0		neg 0.5089382854098038 off 0.4835263100283524 __DUMMY__ 0.007535404561843871	false	0.5
minusmensch	off 1.0		neg 0.5076093609126989 off 0.4849386415672064 __DUMMY__ 0.007451997520094533	false	0.5
farblos	neg 1.0		neg 0.5172603792588242 off 0.47514267853790243 __DUMMY__ 0.007596942203273503	false	1.0
unwissend	neg 1.0		neg 0.5148970376812377 off 0.47754045159334896 __DUMMY__ 0.007562510725413384	false	1.0
traurig	neg 1.0		neg 0.5105920061987672 off 0.48182681604549404 __DUMMY__ 0.00758117775573868	false	1.0
senkung	neg 1.0		neg 0.5158362531307803 off 0.4765877596819481 __DUMMY__ 0.0075759871872715006	false	1.0
ungleich	neg 1.0	neg 1.0	neg 0.747941922065475 off 0.24841654721648734 __DUMMY__ 0.003641530718037702	false	1.0
heikel	neg 1.0		neg 0.5242293461162102 off 0.46816318957092656 __DUMMY__ 0.00760746431286322	false	1.0
drosselung	neg 1.0		neg 0.5102950070558833 off 0.4821280615497427 __DUMMY__ 0.007576931394374123	false	1.0
falsch	neg 1.0		neg 0.5153144557952201 off 0.47710496844037453 __DUMMY__ 0.0075805757644053125	false	1.0
unzufriedenheit	neg 1.0		neg 0.5242881157251212 off 0.4681033287499295 __DUMMY__ 0.007608555524949292	false	1.0
kurz	neg 1.0		neg 0.5184790917296663 off 0.4738717665675077 __DUMMY__ 0.007649141702826079	false	1.0
unsinnig	neg 1.0		neg 0.5220007204220916 off 0.47041074322439314 __DUMMY__ 0.007588536353515297	false	1.0
penner	off 1.0	off 1.0	off 0.7275715376637099 neg 0.26881207328305234 __DUMMY__ 0.0036163890532377183	false	1.0
seicht	neg 1.0		neg 0.5079689664216236 off 0.48453463497828886 __DUMMY__ 0.007496398600087583	false	1.0
dummheit	off 1.0	off 1.0	off 0.7217967243377559 neg 0.27457289858037875 __DUMMY__ 0.0036303770818653424	false	1.0
unerfreulich	neg 1.0		neg 0.5240196198875345 off 0.46835565518486527 __DUMMY__ 0.0076247249276003735	false	1.0
motherfucker	off 1.0	off 1.0	off 0.724760672901103 neg 0.2716188394772667 __DUMMY__ 0.0036204876216301865	false	1.0
pikiert	neg 1.0		neg 0.5152733049879202 off 0.4771632352669583 __DUMMY__ 0.0075634597451216265	false	1.0
wrack	neg 1.0		neg 0.5208005016154825 off 0.47159309781111514 __DUMMY__ 0.00760640057340232	false	1.0
gangster	neg 1.0		neg 0.5157198702596685 off 0.476694664048267 __DUMMY__ 0.007585465692064473	false	1.0
krank	neg 1.0		neg 0.5116319808958775 off 0.4807647100096505 __DUMMY__ 0.007603309094471981	false	1.0
reich	neg 1.0		neg 0.5167391045731397 off 0.47576407443538404 __DUMMY__ 0.007496820991476446	false	1.0
gnadenlos	neg 1.0		neg 0.5185177306386776 off 0.473894016289067 __DUMMY__ 0.007588253072255407	false	1.0
niedergeschlagen	neg 1.0		neg 0.51937782193276 off 0.47299763550869134 __DUMMY__ 0.00762454255854858	false	1.0
terrorisieren	off 1.0	off 1.0	off 0.7192232690144782 neg 0.2771209475245837 __DUMMY__ 0.00365578346093811	false	1.0
sinnlosigkeit	neg 1.0		neg 0.52216636803467 off 0.4702462390867683 __DUMMY__ 0.007587392878561704	false	1.0
behindern	neg 1.0		neg 0.5177995230777296 off 0.474577398601592 __DUMMY__ 0.007623078320678377	false	1.0
undemokratisch	neg 1.0		neg 0.5202501436849797 off 0.4722185504152374 __DUMMY__ 0.0075313058997828015	false	1.0
wirtschaftskrise	neg 1.0		neg 0.5223970032883651 off 0.47003278198643383 __DUMMY__ 0.007570214725200997	false	1.0
neid	neg 1.0		neg 0.513659702944631 off 0.47871920144649477 __DUMMY__ 0.007621095608873984	false	1.0
rutschen	neg 1.0		neg 0.5218799705946953 off 0.4704022302827714 __DUMMY__ 0.007717799122533349	false	1.0
rezession	neg 1.0		neg 0.511502182212369 off 0.4809883066678028 __DUMMY__ 0.007509511119828001	false	1.0
fehlgeburt	neg 1.0		neg 0.5173362921684298 off 0.4750580235664397 __DUMMY__ 0.007605684265130444	false	1.0
charakterschwach	off 1.0		neg 0.5144928055035408 off 0.47795320693462073 __DUMMY__ 0.007553987561838352	false	0.5
isolation	neg 1.0		neg 0.5138507685351363 off 0.4785730260311618 __DUMMY__ 0.007576205433701914	false	1.0
ablenkung	neg 1.0		neg 0.5177874998937986 off 0.47459403573588904 __DUMMY__ 0.00761846437031235	false	1.0
pech	neg 1.0		neg 0.5153157305429953 off 0.4770879073746639 __DUMMY__ 0.007596362082340912	false	1.0
vermeidung	neg 1.0		neg 0.5107619892015546 off 0.48164237879478455 __DUMMY__ 0.007595632003660849	false	1.0
dominieren	neg 1.0		neg 0.5214736630173957 off 0.4709495030523459 __DUMMY__ 0.007576833930258379	false	1.0
schwindlig	neg 1.0		neg 0.5144258512596693 off 0.47794987885012286 __DUMMY__ 0.0076242698902077525	false	1.0
lutscher	neg 1.0		neg 0.5068510230431968 off 0.4856512902833009 __DUMMY__ 0.007497686673502359	false	1.0
pflicht	neg 1.0		neg 0.5245403430750141 off 0.4678545105798316 __DUMMY__ 0.007605146345154374	false	1.0
faschist	off 1.0		neg 0.5188376523272277 off 0.4736279913799787 __DUMMY__ 0.007534356292793567	false	0.5
verschleudern	neg 1.0		neg 0.5234737575169823 off 0.4689609397589805 __DUMMY__ 0.007565302724037136	false	1.0
wenn			neg 0.5152700923587262 off 0.4771473899691339 __DUMMY__ 0.007582517672139783	false	0.0
ehebruch	neg 1.0		neg 0.5229343732263618 off 0.46948007075887715 __DUMMY__ 0.0075855560147610555	false	1.0
spott	off 1.0		neg 0.5234741315179531 off 0.46893571856345767 __DUMMY__ 0.007590149918589328	false	0.5
trostlosigkeit	neg 1.0		neg 0.5259365787379493 off 0.46649532518756537 __DUMMY__ 0.007568096074485328	false	1.0
lutschen	neg 1.0		neg 0.5158763565217489 off 0.476579407448074 __DUMMY__ 0.0075442360301771535	false	1.0
undiszipliniert	neg 1.0		neg 0.5119021555165832 off 0.480528820313238 __DUMMY__ 0.007569024170178624	false	1.0
kopfschmerz	neg 1.0		neg 0.518254947097105 off 0.4741242404335849 __DUMMY__ 0.007620812469310221	false	1.0
unvorhergesehen	neg 1.0		neg 0.5181707131617981 off 0.474170654931817 __DUMMY__ 0.007658631906384852	false	1.0
desinteressiert	neg 1.0		neg 0.5128986606872704 off 0.4795450531751737 __DUMMY__ 0.007556286137555921	false	1.0
armselig	off 1.0		neg 0.5124920135321294 off 0.4799666895489463 __DUMMY__ 0.007541296918924284	false	0.5
desaster	neg 1.0		neg 0.5277824593211168 off 0.4646439569090156 __DUMMY__ 0.007573583769867606	false	1.0
tod	neg 1.0		neg 0.5231979692379297 off 0.4692230610753664 __DUMMY__ 0.00757896968670393	false	1.0
herzlos	neg 1.0		neg 0.5100160256463393 off 0.4824082210326083 __DUMMY__ 0.007575753321052319	false	1.0
unwissenheit	neg 1.0		neg 0.5223157720658774 off 0.4701010728292953 __DUMMY__ 0.007583155104827268	false	1.0
widersinnig	neg 1.0		neg 0.523695563445263 off 0.4687765681078168 __DUMMY__ 0.00752786844692015	false	1.0
bedenklich	neg 1.0		neg 0.5233165697376144 off 0.46908197195686413 __DUMMY__ 0.007601458305521485	false	1.0
beanstanden	neg 1.0		neg 0.5251273053371035 off 0.467270003069407 __DUMMY__ 0.007602691593489666	false	1.0
panisch	neg 1.0	neg 1.0	neg 0.7426464437578865 off 0.25367491365656025 __DUMMY__ 0.0036786425855531843	false	1.0
debil	off 1.0		neg 0.5263634202078085 off 0.4660003339366444 __DUMMY__ 0.007636245855546945	false	0.5
abstrich	neg 1.0		neg 0.5154745663395901 off 0.47687396491888606 __DUMMY__ 0.0076514687415238725	false	1.0
primitiv	neg 1.0		neg 0.5139096857137992 off 0.4785417079351883 __DUMMY__ 0.007548606351012397	false	1.0
abschaum	off 1.0	off 1.0	off 0.7229480332101257 neg 0.27342940778673286 __DUMMY__ 0.003622559003141346	false	1.0
provozieren	neg 1.0		neg 0.5198373142741953 off 0.4725890866617411 __DUMMY__ 0.00757359906406353	false	1.0
tot	neg 1.0		neg 0.5200454906325985 off 0.47236601029185754 __DUMMY__ 0.007588499075544036	false	1.0
instabil	neg 1.0		neg 0.5128050251920996 off 0.47968969174558057 __DUMMY__ 0.007505283062319895	false	1.0
schwuchtel	off 1.0		neg 0.5033271700819598 off 0.4892283956936232 __DUMMY__ 0.007444434224417174	false	0.5
zerren	neg 1.0		neg 0.5198659098567254 off 0.4725140397942837 __DUMMY__ 0.007620050348990826	false	1.0
kinderficker	off 1.0		neg 0.5110654941422674 off 0.48141958286843367 __DUMMY__ 0.0075149229892989	false	0.5
gefahr	neg 1.0		neg 0.5236466002004353 off 0.46877309556153324 __DUMMY__ 0.007580304238031393	false	1.0
rabiat	neg 1.0		neg 0.5191356899774586 off 0.47326892519883346 __DUMMY__ 0.007595384823708027	false	1.0
verlangsamung	neg 1.0		neg 0.507796534944018 off 0.48469924761068345 __DUMMY__ 0.007504217445298689	false	1.0
ausgestorben	neg 1.0		neg 0.5202195908596396 off 0.47216980138949977 __DUMMY__ 0.007610607750860532	false	1.0
anklagen	neg 1.0		neg 0.5202499970280673 off 0.47217326018301703 __DUMMY__ 0.0075767427889157175	false	1.0
trott	neg 1.0		neg 0.5180803147702834 off 0.47430576034521094 __DUMMY__ 0.0076139248845056885	false	1.0
verminderung	neg 1.0		neg 0.5116799286231876 off 0.4807608626082145 __DUMMY__ 0.00755920876859801	false	1.0
nach			neg 0.5232450941464676 off 0.46906027894342617 __DUMMY__ 0.0076946269101063535	false	0.0
rost	neg 1.0		neg 0.5067531068124983 off 0.48572816532327734 __DUMMY__ 0.007518727864224479	false	1.0
destruktiv	neg 1.0		neg 0.5214741417494372 off 0.47095841908658354 __DUMMY__ 0.007567439163979308	false	1.0
unzumutbarkeit	neg 1.0		neg 0.5115415830516454 off 0.48087898495912723 __DUMMY__ 0.0075794319892272	false	1.0
labil	off 1.0	off 1.0	off 0.7236629013927568 neg 0.27271305856949163 __DUMMY__ 0.003624040037751519	false	1.0
ziemlich	neg 1.0		neg 0.5133383972938186 off 0.47908175738393116 __DUMMY__ 0.007579845322250199	false	1.0
lachnummer	off 1.0		neg 0.5216200085938265 off 0.47081419951881803 __DUMMY__ 0.007565791887355424	false	0.5
oder			neg 0.5179516758492506 off 0.4744254148356225 __DUMMY__ 0.007622909315126929	false	0.0
verfall	neg 1.0		neg 0.527421851536733 off 0.46495335145276345 __DUMMY__ 0.007624797010503512	false	1.0
ausgrenzung	neg 1.0		neg 0.5190494997341275 off 0.4734129334447622 __DUMMY__ 0.007537566821110155	false	1.0
unordnung	neg 1.0		neg 0.5117515893496988 off 0.4807385601122965 __DUMMY__ 0.007509850538004749	false	1.0
fehlverhalten	neg 1.0		neg 0.5243499031693167 off 0.46806837621945463 __DUMMY__ 0.0075817206112285904	false	1.0
eine			neg 0.5234007027566355 off 0.46895861337796846 __DUMMY__ 0.007640683865395896	false	0.0
nille	neg 1.0		neg 0.5205620576837197 off 0.47188041040022083 __DUMMY__ 0.007557531916059497	false	1.0
qual	neg 1.0		neg 0.5184124259774217 off 0.47397822593361805 __DUMMY__ 0.007609348088960255	false	1.0
verschwenden	neg 1.0		neg 0.5223606039362301 off 0.47002328954916894 __DUMMY__ 0.007616106514600964	false	1.0
riesig	neg 1.0		neg 0.5180897511278838 off 0.47428221949326255 __DUMMY__ 0.007628029378853613	false	1.0
verurteilen	neg 1.0		neg 0.5224783119220012 off 0.46994664353774457 __DUMMY__ 0.007575044540254173	false	1.0
klischee	neg 1.0	neg 1.0	neg 0.7444920543533958 off 0.25188480517653705 __DUMMY__ 0.0036231404700671744	false	1.0
diktatorisch	neg 1.0		neg 0.5210161587055487 off 0.4714667175943007 __DUMMY__ 0.007517123700150445	false	1.0
vorhersehbar	neg 1.0		neg 0.5184471039230295 off 0.47399438679033257 __DUMMY__ 0.007558509286637871	false	1.0
sowie			neg 0.5096114511641899 off 0.48288237596869804 __DUMMY__ 0.007506172867112079	false	0.0
stornieren	neg 1.0		neg 0.5141044708158152 off 0.478269985307773 __DUMMY__ 0.007625543876411824	false	1.0
besteuerung	neg 1.0		neg 0.5177798432727003 off 0.4746401059761899 __DUMMY__ 0.007580050751109884	false	1.0
ungeschminkt	neg 1.0		neg 0.5125694199172708 off 0.47985618566203164 __DUMMY__ 0.00757439442069757	false	1.0
kritisch	neg 1.0		neg 0.5238192976228941 off 0.46859669746192273 __DUMMY__ 0.007584004915183145	false	1.0
schlamperei	off 1.0		neg 0.523844456494717 off 0.46858703847934396 __DUMMY__ 0.007568505025938872	false	0.5
sucht	neg 1.0	neg 1.0	neg 0.7419977637375733 off 0.25432501787869444 __DUMMY__ 0.0036772183837321627	false	1.0
egoistisch	off 1.0		neg 0.5089845575375266 off 0.4834760781100927 __DUMMY__ 0.0075393643523807286	false	0.5
ausbeuter	off 1.0		neg 0.5247647018373786 off 0.46765558180718364 __DUMMY__ 0.007579716355437862	false	0.5
arschgeburt	off 1.0		neg 0.5035508042353569 off 0.489005691497819 __DUMMY__ 0.0074435042668240204	false	0.5
schubs	neg 1.0	neg 1.0	neg 0.7454248308847331 off 0.2508988572909413 __DUMMY__ 0.0036763118243256336	false	1.0
unsolide	neg 1.0		neg 0.5201752068764894 off 0.47236688679597816 __DUMMY__ 0.007457906327532315	false	1.0
beschwerde	neg 1.0		neg 0.5229044449802994 off 0.46952699972952705 __DUMMY__ 0.007568555290173431	false	1.0
stocken	neg 1.0		neg 0.5212848008516924 off 0.47110419312109303 __DUMMY__ 0.007611006027214706	false	1.0
isolieren	neg 1.0		neg 0.5178148933475942 off 0.47455182095065507 __DUMMY__ 0.007633285701750746	false	1.0
unheilbar	neg 1.0		neg 0.5174621255958647 off 0.4749296118967287 __DUMMY__ 0.007608262507406716	false	1.0
pisser	off 1.0		neg 0.5118212932605037 off 0.4806537289448269 __DUMMY__ 0.007524977794669538	false	0.5
löschen	neg 1.0		neg 0.5179905759006193 off 0.4744232813835236 __DUMMY__ 0.00758614271585703	false	1.0
durchfallen	neg 1.0		neg 0.522916875710447 off 0.4694857516218673 __DUMMY__ 0.007597372667685617	false	1.0
wichser	off 1.0		neg 0.5052458479891705 off 0.48725004401225447 __DUMMY__ 0.007504107998574997	false	0.5
terror	neg 1.0		neg 0.5141478094671549 off 0.47825067254138326 __DUMMY__ 0.007601517991461969	false	1.0
krass	neg 1.0		neg 0.510354866426226 off 0.48208804359459323 __DUMMY__ 0.007557089979180778	false	1.0
revolte	neg 1.0	neg 1.0	neg 0.7455099440397727 off 0.250892723279988 __DUMMY__ 0.0035973326802394485	false	1.0
besorgt	neg 1.0		neg 0.5185017389271575 off 0.4738499325590064 __DUMMY__ 0.007648328513836054	false	1.0
nachlassen	neg 1.0		neg 0.5189956060008287 off 0.4733635377252145 __DUMMY__ 0.007640856273956808	false	1.0
alt	neg 1.0		neg 0.521352379707831 off 0.4710088477644623 __DUMMY__ 0.007638772527706706	false	1.0
hundesohn	off 1.0		neg 0.5076881556504914 off 0.48483988819895846 __DUMMY__ 0.007471956150550133	false	0.5
als			neg 0.5206569987977698 off 0.4717201505482557 __DUMMY__ 0.007622850653974347	false	0.0
abschreckung	neg 1.0		neg 0.5251605304947035 off 0.46724461104579496 __DUMMY__ 0.0075948584595015795	false	1.0
unqualifiziert	neg 1.0		neg 0.5181593523897534 off 0.47428366688838197 __DUMMY__ 0.007556980721864741	false	1.0
abgewichst	off 1.0		neg 0.5199585878537522 off 0.47244885842081563 __DUMMY__ 0.007592553725432276	false	0.5
schwer	neg 1.0		neg 0.5189690828316664 off 0.47341768731420214 __DUMMY__ 0.007613229854131391	false	1.0
bedeutungslosigkeit	neg 1.0		neg 0.524917944448039 off 0.467496604946242 __DUMMY__ 0.007585450605719133	false	1.0
kapitulation	neg 1.0		neg 0.5245088629737958 off 0.46795095225420097 __DUMMY__ 0.007540184772003224	false	1.0
unscharf	neg 1.0		neg 0.5153296800162837 off 0.4770773154477526 __DUMMY__ 0.0075930045359636185	false	1.0
schwinden	neg 1.0		neg 0.5221084142714932 off 0.4702632459292941 __DUMMY__ 0.007628339799212719	false	1.0
versklavung	neg 1.0		neg 0.5203538500990517 off 0.4721131000295868 __DUMMY__ 0.0075330498713617145	false	1.0
schlecht	neg 1.0		neg 0.512715035200105 off 0.47969988714632095 __DUMMY__ 0.007585077653573998	false	1.0
verhasst	neg 1.0		neg 0.5201897860801411 off 0.47224515625022745 __DUMMY__ 0.0075650576696313305	false	1.0
beschweren	neg 1.0		neg 0.51704179339193 off 0.4753565275507357 __DUMMY__ 0.007601679057334356	false	1.0
scheiden	neg 1.0		neg 0.5192257807834773 off 0.4731707719892468 __DUMMY__ 0.007603447227275958	false	1.0
frustriert	neg 1.0		neg 0.5203525092203339 off 0.4720397194929456 __DUMMY__ 0.00760777128672053	false	1.0
schimmelig	neg 1.0		neg 0.5220003896142756 off 0.47039660793725335 __DUMMY__ 0.007603002448470991	false	1.0
fisch	neg 1.0		neg 0.5213353131698657 off 0.4710562567341632 __DUMMY__ 0.007608430095971039	false	1.0
schmuggel	neg 1.0		neg 0.5216786203335503 off 0.47067302021517715 __DUMMY__ 0.0076483594512725276	false	1.0
auffallen	neg 1.0		neg 0.516925604377663 off 0.4754823142012655 __DUMMY__ 0.007592081421071569	false	1.0
konkurrenz	neg 1.0		neg 0.5243775076725351 off 0.4680020064865072 __DUMMY__ 0.007620485840957662	false	1.0
teufelskreis	neg 1.0		neg 0.5204597723564522 off 0.4719428180878424 __DUMMY__ 0.00759740955570537	false	1.0
aufschreien	neg 1.0		neg 0.518056075094977 off 0.4743753945846462 __DUMMY__ 0.007568530320376907	false	1.0
schuldner	neg 1.0		neg 0.5237260388862969 off 0.4686917106228721 __DUMMY__ 0.0075822504908309345	false	1.0
missgeburt	off 1.0	off 1.0	off 0.7258924670520392 neg 0.270514094949926 __DUMMY__ 0.0035934379980347673	false	1.0
arbeitslos	neg 1.0		neg 0.5223972315416269 off 0.4700178587489751 __DUMMY__ 0.007584909709398033	false	1.0
befallen	neg 1.0		neg 0.5221710441686399 off 0.47025830575784844 __DUMMY__ 0.007570650073511647	false	1.0
miesepetrig	off 1.0		neg 0.5116580326144042 off 0.48073312059868295 __DUMMY__ 0.007608846786912808	false	0.5
alarmieren	neg 1.0		neg 0.5153939976281783 off 0.477061201331588 __DUMMY__ 0.007544801040233665	false	1.0
ungeduscht	off 1.0		neg 0.5152850630858994 off 0.4771219908700723 __DUMMY__ 0.007592946044028357	false	0.5
knappheit	neg 1.0		neg 0.521693848820962 off 0.47072066843296745 __DUMMY__ 0.007585482746070536	false	1.0
schlange	neg 1.0		neg 0.5160957952700728 off 0.4762803983622146 __DUMMY__ 0.007623806367712523	false	1.0
harsch	neg 1.0		neg 0.5059143582846828 off 0.48651292029129733 __DUMMY__ 0.007572721424019896	false	1.0
lang	neg 1.0		neg 0.5171042884155302 off 0.47529429875444607 __DUMMY__ 0.007601412830023832	false	1.0
ziellos	neg 1.0		neg 0.5213242041249343 off 0.4710573938633195 __DUMMY__ 0.007618402011746245	false	1.0
selbstverliebt	neg 1.0		neg 0.5060677600286271 off 0.4864734682181788 __DUMMY__ 0.007458771753194063	false	1.0
beseitigen	neg 1.0		neg 0.5172449311673954 off 0.4751487457788204 __DUMMY__ 0.00760632305378398	false	1.0
dumm	off 1.0		neg 0.5087393254343827 off 0.4837343171707724 __DUMMY__ 0.007526357394844863	false	0.5
arbeitsloser	neg 1.0		neg 0.5232209065938687 off 0.46919106016253426 __DUMMY__ 0.007588033243597061	false	1.0
blitzen	neg 1.0		neg 0.51500848838452 off 0.47740923107029687 __DUMMY__ 0.007582280545183195	false	1.0
hilflos	neg 1.0		neg 0.5205355170302162 off 0.47185208772367937 __DUMMY__ 0.007612395246104522	false	1.0
eklig	off 1.0		neg 0.5082958504023614 off 0.4841921557379915 __DUMMY__ 0.007511993859647241	false	0.5
begriff			neg 0.5208285512132071 off 0.47157547952701184 __DUMMY__ 0.007595969259780923	false	0.0
hungersnot	neg 1.0		neg 0.5217006311277127 off 0.47076100859790354 __DUMMY__ 0.0075383602743839	false	1.0
ungesetzlich	neg 1.0		neg 0.5199600396768654 off 0.47252842878279383 __DUMMY__ 0.007511531540340671	false	1.0
verschwendung	neg 1.0		neg 0.5233810575822514 off 0.4690018220327895 __DUMMY__ 0.0076171203849589525	false	1.0
schmerzvoll	neg 1.0		neg 0.5169048823937316 off 0.4754910585663581 __DUMMY__ 0.007604059039910237	false	1.0
vorzeitig	neg 1.0		neg 0.5137905747346859 off 0.47864278127206344 __DUMMY__ 0.007566643993250651	false	1.0
unvollkommenheit	neg 1.0		neg 0.5181263973398789 off 0.474270472552213 __DUMMY__ 0.007603130107908133	false	1.0
intervenieren	neg 1.0		neg 0.5245964921655364 off 0.4678307395796374 __DUMMY__ 0.007572768254826198	false	1.0
banause	off 1.0		neg 0.5066594131134203 off 0.4858333302118796 __DUMMY__ 0.007507256674700022	false	0.5
rebell	neg 1.0		neg 0.5232768667593791 off 0.4690899577902781 __DUMMY__ 0.00763317545034296	false	1.0
unlogisch	neg 1.0		neg 0.5124404469976341 off 0.48002145988920647 __DUMMY__ 0.007538093113159281	false	1.0
leiden	neg 1.0	neg 1.0	neg 0.7446822088104725 off 0.25159439511881393 __DUMMY__ 0.0037233960707135174	false	1.0
abschaffung	neg 1.0		neg 0.5196986350184857 off 0.47274822025183405 __DUMMY__ 0.007553144729680232	false	1.0
sturz	neg 1.0		neg 0.5186626894174817 off 0.47378002202804764 __DUMMY__ 0.007557288554470711	false	1.0
verkleinerung	neg 1.0		neg 0.5180314691222051 off 0.47445509456940044 __DUMMY__ 0.007513436308394438	false	1.0
schmarotzer	off 1.0		neg 0.5234895494223883 off 0.46893842367280314 __DUMMY__ 0.007572026904808423	false	0.5
bestrafung	neg 1.0		neg 0.5179118664486214 off 0.4744986473036622 __DUMMY__ 0.007589486247716426	false	1.0
achtlos	neg 1.0		neg 0.5185150356265567 off 0.47386283144802555 __DUMMY__ 0.007622132925417756	false	1.0
ungeheuer	neg 1.0		neg 0.5165488431906328 off 0.47586276839814884 __DUMMY__ 0.007588388411218333	false	1.0
