unsolidarisch	neg 1.0		neg 0.5221751435300854 off 0.4703117521943297 __DUMMY__ 0.007513104275584804	false	1.0
nachteilig	neg 1.0		neg 0.5221524845668627 off 0.47025156757200204 __DUMMY__ 0.007595947861135376	false	1.0
skeptisch	neg 1.0		neg 0.5241615584042812 off 0.46821492562112776 __DUMMY__ 0.007623515974590915	false	1.0
schrecklich	neg 1.0		neg 0.5106534824268778 off 0.48178984927503576 __DUMMY__ 0.007556668298086324	false	1.0
schlapp	neg 1.0		neg 0.5129478085175807 off 0.4794385905607361 __DUMMY__ 0.00761360092168316	false	1.0
abfall	neg 1.0		neg 0.5253125533511719 off 0.46704873753845094 __DUMMY__ 0.007638709110377115	false	1.0
widerspenstig	neg 1.0		neg 0.5172213921945197 off 0.475138769292749 __DUMMY__ 0.007639838512731321	false	1.0
abrupt	neg 1.0		neg 0.5177488239073184 off 0.47459090310487945 __DUMMY__ 0.007660272987802244	false	1.0
unwirksam	neg 1.0		neg 0.521608696710175 off 0.4708709679959769 __DUMMY__ 0.0075203352938481415	false	1.0
angreifen	neg 1.0		neg 0.5235125143061613 off 0.468884425714987 __DUMMY__ 0.007603059978851808	false	1.0
inkonsistent	neg 1.0		neg 0.5165049369189654 off 0.47591124884308234 __DUMMY__ 0.007583814237952199	false	1.0
abrutschen	neg 1.0		neg 0.5247873680993274 off 0.4675650007372283 __DUMMY__ 0.0076476311634443225	false	1.0
unsicher	neg 1.0		neg 0.5185246709542757 off 0.4738623287633973 __DUMMY__ 0.007613000282327023	false	1.0
bauernkind	off 1.0		neg 0.5093395293942004 off 0.48316669586561184 __DUMMY__ 0.0074937747401878085	false	0.5
angreifer	neg 1.0		neg 0.5169927099714298 off 0.47545378611481365 __DUMMY__ 0.0075535039137565	false	1.0
trennen	neg 1.0		neg 0.5213108573347276 off 0.47102458312823525 __DUMMY__ 0.007664559537037033	false	1.0
schmutz	neg 1.0		neg 0.5104484062468273 off 0.48191129730433097 __DUMMY__ 0.007640296448841659	false	1.0
inkonsistenz	neg 1.0	neg 1.0	neg 0.7443592753013828 off 0.25201495567318843 __DUMMY__ 0.0036257690254288726	false	1.0
erschreckend	neg 1.0		neg 0.520755127569992 off 0.4716491796703874 __DUMMY__ 0.007595692759620772	false	1.0
ertrinken	neg 1.0		neg 0.5206893403340116 off 0.4716649038102479 __DUMMY__ 0.007645755855740385	false	1.0
pickelface	off 1.0		neg 0.5192095729758123 off 0.47322339328048724 __DUMMY__ 0.007567033743700559	false	0.5
seiner			neg 0.5230894175351016 off 0.4692938768972725 __DUMMY__ 0.007616705567625846	false	0.0
lauch	neg 1.0		neg 0.523801655684272 off 0.46856595176816496 __DUMMY__ 0.0076323925475631025	false	1.0
unwichtig	neg 1.0		neg 0.51473509227257 off 0.47768748177403736 __DUMMY__ 0.007577425953392612	false	1.0
steuerhinterziehung	neg 1.0		neg 0.5222961825033381 off 0.4701619198755969 __DUMMY__ 0.007541897621064851	false	1.0
schock	neg 1.0		neg 0.5182042932643851 off 0.4741400913847628 __DUMMY__ 0.007655615350852032	false	1.0
beule	neg 1.0		neg 0.51204426879988 off 0.4803567485012081 __DUMMY__ 0.007598982698911978	false	1.0
vergelten	neg 1.0		neg 0.5102230661957005 off 0.482253470004133 __DUMMY__ 0.007523463800166671	false	1.0
verdorbenheit	neg 1.0		neg 0.5164364657898648 off 0.4759472536781757 __DUMMY__ 0.007616280531959492	false	1.0
trauma	neg 1.0		neg 0.5170549429191582 off 0.4753523523583332 __DUMMY__ 0.007592704722508535	false	1.0
sinnlos	neg 1.0		neg 0.5167496186759466 off 0.4756560505172639 __DUMMY__ 0.00759433080678955	false	1.0
fettsack	off 1.0	off 1.0	off 0.7260198572048528 neg 0.27037504874522206 __DUMMY__ 0.0036050940499251206	false	1.0
feige	off 1.0		neg 0.516164239507793 off 0.47627933187436344 __DUMMY__ 0.007556428617843541	false	0.5
abdanken	neg 1.0		neg 0.5235115419734633 off 0.4689739517661455 __DUMMY__ 0.007514506260391391	false	1.0
wichtigtuer	off 1.0	off 1.0	off 0.7212422133092806 neg 0.2751289383311489 __DUMMY__ 0.0036288483595705114	false	1.0
misslingen	neg 1.0		neg 0.5138806795997662 off 0.478473927158304 __DUMMY__ 0.00764539324192995	false	1.0
untreu	off 1.0		neg 0.5138506142624139 off 0.4785728563152598 __DUMMY__ 0.007576529422326237	false	0.5
missmutig	neg 1.0		neg 0.5138481143837295 off 0.47854132519825676 __DUMMY__ 0.007610560418013695	false	1.0
hurenbock	off 1.0		neg 0.5148468925278799 off 0.477514262234225 __DUMMY__ 0.007638845237895144	false	0.5
betrunken	neg 1.0		neg 0.5113700956263065 off 0.48104011846118383 __DUMMY__ 0.007589785912509682	false	1.0
korrupt	off 1.0		neg 0.523856597186693 off 0.46859903891162513 __DUMMY__ 0.007544363901682014	false	0.5
unmut	neg 1.0		neg 0.5254949699409058 off 0.4668880170842862 __DUMMY__ 0.007617012974807946	false	1.0
hackfresse	off 1.0		neg 0.5075979979164117 off 0.48486769666853097 __DUMMY__ 0.007534305415057289	false	0.5
aufblasen	neg 1.0		neg 0.51604063273401 off 0.4763317790812828 __DUMMY__ 0.0076275881847071006	false	1.0
gewaltsam	neg 1.0		neg 0.5192880273849284 off 0.47315561051633537 __DUMMY__ 0.007556362098736207	false	1.0
unbeliebtheit	neg 1.0		neg 0.5155825684316631 off 0.4769250827664618 __DUMMY__ 0.007492348801875205	false	1.0
sturheit	neg 1.0		neg 0.5211197105773151 off 0.4712994226198166 __DUMMY__ 0.007580866802868263	false	1.0
kuh	neg 1.0		neg 0.5176792724350627 off 0.4747468319699761 __DUMMY__ 0.007573895594961056	false	1.0
erschrecken	neg 1.0		neg 0.5148395301643641 off 0.47756080596073136 __DUMMY__ 0.007599663874904468	false	1.0
opfer	neg 1.0		neg 0.5224779522541948 off 0.46991118970811435 __DUMMY__ 0.007610858037690902	false	1.0
sinken	neg 1.0		neg 0.5245170356753612 off 0.4678656761358721 __DUMMY__ 0.007617288188766586	false	1.0
stinktier	neg 1.0		neg 0.5113524481453365 off 0.48111998684261875 __DUMMY__ 0.007527565012044751	false	1.0
tucke	off 1.0		neg 0.506007296420512 off 0.48644377773064085 __DUMMY__ 0.007548925848847156	false	0.5
ein			neg 0.5162615517908353 off 0.4760965186790336 __DUMMY__ 0.007641929530131044	false	0.0
abstieg	neg 1.0		neg 0.5218161230169942 off 0.4706068654505378 __DUMMY__ 0.0075770115324681276	false	1.0
missverstehen	neg 1.0		neg 0.5184560533502257 off 0.47398198830412114 __DUMMY__ 0.007561958345653058	false	1.0
ergebnislos	neg 1.0		neg 0.5220208343930968 off 0.470392850544212 __DUMMY__ 0.0075863150626913406	false	1.0
unter			neg 0.526236672052904 off 0.46605632555235904 __DUMMY__ 0.007707002394736953	false	0.0
manipulieren	neg 1.0		neg 0.5226044359149549 off 0.4697737556604773 __DUMMY__ 0.007621808424567724	false	1.0
unbewiesen	neg 1.0		neg 0.5225157504209289 off 0.4699734872793927 __DUMMY__ 0.007510762299678386	false	1.0
verschleppen	neg 1.0		neg 0.5216433545398986 off 0.47076182381931814 __DUMMY__ 0.007594821640783219	false	1.0
weib	off 1.0		neg 0.5065472527110405 off 0.48593094795445324 __DUMMY__ 0.007521799334506335	false	0.5
opposition	neg 1.0		neg 0.5190452518563031 off 0.4734130679523887 __DUMMY__ 0.0075416801913082586	false	1.0
verkehrswidrig	neg 1.0		neg 0.5070148066139472 off 0.4854005034457277 __DUMMY__ 0.007584689940325119	false	1.0
inkorrekt	neg 1.0		neg 0.5162625830224623 off 0.47622353108997934 __DUMMY__ 0.00751388588755843	false	1.0
vermeiden	neg 1.0		neg 0.524680041676709 off 0.4676425913296932 __DUMMY__ 0.007677366993597869	false	1.0
abweichung	neg 1.0		neg 0.5239647538889158 off 0.4684898279888912 __DUMMY__ 0.007545418122192984	false	1.0
alkoholisiert	neg 1.0		neg 0.5180322656101188 off 0.4743108772305309 __DUMMY__ 0.007656857159350231	false	1.0
scheiss	off 1.0	off 1.0	off 0.7247460509235661 neg 0.27161486901655135 __DUMMY__ 0.003639080059882542	false	1.0
herausforderung	neg 1.0		neg 0.5187023268634915 off 0.4736342629491552 __DUMMY__ 0.007663410187353218	false	1.0
pervers	off 1.0		neg 0.5044576962176486 off 0.488042024002227 __DUMMY__ 0.007500279780124345	false	0.5
wackelig	neg 1.0		neg 0.5181504533008819 off 0.47417633777337603 __DUMMY__ 0.007673208925741979	false	1.0
verwickeln	neg 1.0		neg 0.5180719942595055 off 0.47435109859507496 __DUMMY__ 0.007576907145419658	false	1.0
vorwand	neg 1.0		neg 0.525182518459417 off 0.46721420956486975 __DUMMY__ 0.007603271975713282	false	1.0
muschi	off 1.0		neg 0.5197306137408458 off 0.4727015344564902 __DUMMY__ 0.007567851802663939	false	0.5
entmutigung	neg 1.0		neg 0.5203507345079516 off 0.472154616585838 __DUMMY__ 0.0074946489062104665	false	1.0
unangemessen	neg 1.0		neg 0.5232680178880694 off 0.46916509627805913 __DUMMY__ 0.007566885833871547	false	1.0
unstetig	neg 1.0		neg 0.5152248880332441 off 0.4772025008625708 __DUMMY__ 0.007572611104185058	false	1.0
entmutigen	neg 1.0		neg 0.5167819055721853 off 0.47560165963636125 __DUMMY__ 0.007616434791453478	false	1.0
schwanz	neg 1.0		neg 0.5209860760899904 off 0.4714177889990739 __DUMMY__ 0.007596134910935858	false	1.0
verbot	neg 1.0		neg 0.5232579533541052 off 0.4691975844523389 __DUMMY__ 0.007544462193556143	false	1.0
leid	neg 1.0		neg 0.5091609032935006 off 0.4832918563025452 __DUMMY__ 0.0075472404039542175	false	1.0
archaisch	neg 1.0		neg 0.5217505952085879 off 0.47066663072195686 __DUMMY__ 0.007582774069455074	false	1.0
gegen			neg 0.5258100713634333 off 0.4666083829922271 __DUMMY__ 0.007581545644339601	false	0.0
scheidung	neg 1.0	neg 1.0	neg 0.7320005511334715 off 0.26439037683969957 __DUMMY__ 0.0036090720268288044	false	1.0
einschlag	neg 1.0		neg 0.5111632785579728 off 0.48131413437948545 __DUMMY__ 0.007522587062541681	false	1.0
m			neg 0.5188244955979452 off 0.4735454994527489 __DUMMY__ 0.007630004949305962	false	0.0
abgestanden	neg 1.0		neg 0.5167888881657114 off 0.4755776293927157 __DUMMY__ 0.0076334824415727484	false	1.0
schmierig	off 1.0		neg 0.5094912806987607 off 0.48294128508568074 __DUMMY__ 0.007567434215558405	false	0.5
unpraktisch	neg 1.0		neg 0.515869986103957 off 0.47649831137643706 __DUMMY__ 0.00763170251960599	false	1.0
wixxer	off 1.0		neg 0.5047567590519465 off 0.4877551995371616 __DUMMY__ 0.007488041410891724	false	0.5
bezeichnet			neg 0.5211065333302587 off 0.47132095759752496 __DUMMY__ 0.007572509072216324	false	0.0
jammerlappen	off 1.0		neg 0.5147094446760486 off 0.4777112861074154 __DUMMY__ 0.0075792692165360795	false	0.5
farce	neg 1.0		neg 0.5239125307133653 off 0.4685696221001261 __DUMMY__ 0.007517847186508685	false	1.0
zwecklos	neg 1.0		neg 0.5228586668542978 off 0.4695578729682434 __DUMMY__ 0.007583460177458821	false	1.0
turbulent	neg 1.0		neg 0.5115443052558906 off 0.48091451266829527 __DUMMY__ 0.007541182075814248	false	1.0
invasion	neg 1.0		neg 0.5147704979780283 off 0.4776244409352083 __DUMMY__ 0.007605061086763438	false	1.0
schuld	neg 1.0		neg 0.5187372267129478 off 0.4736764860550654 __DUMMY__ 0.007586287231986726	false	1.0
risiko	neg 1.0		neg 0.5134883293491712 off 0.47888760287654875 __DUMMY__ 0.007624067774280116	false	1.0
finster	neg 1.0		neg 0.5168148046363181 off 0.4755539306268282 __DUMMY__ 0.007631264736853454	false	1.0
geisteskrank	off 1.0		neg 0.5149883390802757 off 0.47747996915863006 __DUMMY__ 0.007531691761094164	false	0.5
zusammenbrechen	neg 1.0		neg 0.5193937921183179 off 0.4729787397056896 __DUMMY__ 0.007627468175992388	false	1.0
ausbeute	neg 1.0		neg 0.5197489721996649 off 0.47260761843731924 __DUMMY__ 0.007643409363015942	false	1.0
hinterhalt	neg 1.0		neg 0.5172155154024765 off 0.47518655171004737 __DUMMY__ 0.007597932887476155	false	1.0
kritik	neg 1.0		neg 0.523013234336953 off 0.46945031330028053 __DUMMY__ 0.007536452362766331	false	1.0
einschrumpfen	neg 1.0		neg 0.5169162378497486 off 0.4755481422886918 __DUMMY__ 0.0075356198615596556	false	1.0
riskant	neg 1.0		neg 0.5226980542258299 off 0.4696859936399291 __DUMMY__ 0.007615952134240928	false	1.0
frustrieren	neg 1.0		neg 0.5229512248129228 off 0.4694379930717196 __DUMMY__ 0.007610782115357707	false	1.0
groll	neg 1.0		neg 0.5221175335161502 off 0.4702902065938144 __DUMMY__ 0.007592259890035496	false	1.0
gibt			neg 0.5207501572433062 off 0.47163990349667656 __DUMMY__ 0.007609939260017236	false	0.0
qualvoll	neg 1.0		neg 0.5153062409493127 off 0.4770786027282413 __DUMMY__ 0.007615156322446116	false	1.0
wackeln	neg 1.0		neg 0.516104093880051 off 0.47625416467231196 __DUMMY__ 0.007641741447637095	false	1.0
klagen	neg 1.0		neg 0.5258118690419048 off 0.46659556286843473 __DUMMY__ 0.007592568089660323	false	1.0
bankrott	neg 1.0		neg 0.5133626995633838 off 0.47904296291277565 __DUMMY__ 0.007594337523840479	false	1.0
trauern	neg 1.0		neg 0.5222562098981272 off 0.47012707491742817 __DUMMY__ 0.007616715184444772	false	1.0
ablehnung	neg 1.0	neg 1.0	neg 0.7473500771326796 off 0.24902921265903868 __DUMMY__ 0.0036207102082816056	false	1.0
stur	neg 1.0		neg 0.5181357126733643 off 0.47427519955942593 __DUMMY__ 0.007589087767209757	false	1.0
aufruhr	neg 1.0		neg 0.5201758243458168 off 0.4722730557112966 __DUMMY__ 0.007551119942886702	false	1.0
melancholie	neg 1.0		neg 0.5186773005851746 off 0.47366478147191354 __DUMMY__ 0.007657917942911887	false	1.0
ist			neg 0.5176948033220865 off 0.47471340905910475 __DUMMY__ 0.007591787618808764	false	0.0
torheit	neg 1.0		neg 0.5208583618647956 off 0.47161618867036953 __DUMMY__ 0.007525449464834862	false	1.0
dreckskind	off 1.0		neg 0.510827782388051 off 0.481682507441233 __DUMMY__ 0.007489710170715966	false	0.5
umtauschen	neg 1.0		neg 0.5176202639751997 off 0.4747467982593518 __DUMMY__ 0.007632937765448579	false	1.0
zum			neg 0.5234363432090053 off 0.46886969358059677 __DUMMY__ 0.007693963210397869	false	0.0
zersetzen	neg 1.0		neg 0.5240706583379485 off 0.4683215880520925 __DUMMY__ 0.007607753609959067	false	1.0
zur			neg 0.5270611716352458 off 0.4653133577782458 __DUMMY__ 0.007625470586508457	false	0.0
frust	neg 1.0		neg 0.5202548440164656 off 0.47212813986576396 __DUMMY__ 0.0076170161177703775	false	1.0
unerbittlichkeit	neg 1.0		neg 0.5231786757118593 off 0.4692175237816718 __DUMMY__ 0.007603800506468838	false	1.0
zwei			neg 0.5223557176514393 off 0.469969857402592 __DUMMY__ 0.007674424945968843	false	0.0
unkorrekt	neg 1.0		neg 0.5152747701189542 off 0.47720903114396207 __DUMMY__ 0.007516198737083854	false	1.0
hexe	off 1.0		neg 0.5132674742803752 off 0.4791477824374112 __DUMMY__ 0.007584743282213741	false	0.5
lasch	neg 1.0		neg 0.5169954523510791 off 0.47544299152771574 __DUMMY__ 0.007561556121205065	false	1.0
rivale	neg 1.0		neg 0.5110775437791174 off 0.4813876658776184 __DUMMY__ 0.007534790343264321	false	1.0
mutlos	off 1.0	off 1.0	off 0.7187443231909733 neg 0.27761592290296916 __DUMMY__ 0.0036397539060575904	false	1.0
wirr	off 1.0		neg 0.5126932710527081 off 0.4797797408791654 __DUMMY__ 0.007526988068126378	false	0.5
jahr			neg 0.5205394832179994 off 0.47180481680180864 __DUMMY__ 0.007655699980191847	false	0.0
wird			neg 0.5220242633993548 off 0.4703611394414058 __DUMMY__ 0.007614597159239495	false	0.0
strafbar	neg 1.0		neg 0.524796505781384 off 0.46763723336392093 __DUMMY__ 0.007566260854694944	false	1.0
erosion	neg 1.0		neg 0.5159573680422499 off 0.4764233990250087 __DUMMY__ 0.007619232932741531	false	1.0
eingehen	neg 1.0		neg 0.522650116157065 off 0.46975466459221116 __DUMMY__ 0.007595219250723796	false	1.0
faul	off 1.0		neg 0.5132313654947097 off 0.47915512455684267 __DUMMY__ 0.0076135099484475706	false	0.5
provisorium	neg 1.0		neg 0.5274511648288769 off 0.4648559272628041 __DUMMY__ 0.0076929079083189866	false	1.0
schmerzen	neg 1.0		neg 0.5185904304101041 off 0.4737784972524646 __DUMMY__ 0.007631072337431307	false	1.0
schrumpfen	neg 1.0		neg 0.5263168317195955 off 0.4660365800362201 __DUMMY__ 0.007646588244184384	false	1.0
geistlos	off 1.0		neg 0.5194295198909589 off 0.4730528512476462 __DUMMY__ 0.007517628861394964	false	0.5
fehlkauf	neg 1.0		neg 0.5167446513950528 off 0.47568591507358793 __DUMMY__ 0.007569433531359325	false	1.0
frustrierend	neg 1.0		neg 0.5152876000191517 off 0.47711936833730956 __DUMMY__ 0.007593031643538725	false	1.0
unzufrieden	neg 1.0		neg 0.5219743318261654 off 0.4704254807079153 __DUMMY__ 0.007600187465919344	false	1.0
verzweifeln	neg 1.0		neg 0.5190117911366077 off 0.4733711475689958 __DUMMY__ 0.007617061294396445	false	1.0
verzweifelt	neg 1.0		neg 0.5180879322231994 off 0.4743198361639769 __DUMMY__ 0.007592231612823825	false	1.0
misstrauensantrag	neg 1.0		neg 0.5179544491301615 off 0.4744992748183944 __DUMMY__ 0.007546276051444053	false	1.0
abfallen	neg 1.0		neg 0.5150492583332842 off 0.4772933692853768 __DUMMY__ 0.007657372381338906	false	1.0
fucker	off 1.0		neg 0.5123006881326689 off 0.4801563242460729 __DUMMY__ 0.00754298762125815	false	0.5
ungezogen	neg 1.0		neg 0.5058182474039733 off 0.48664998717332114 __DUMMY__ 0.007531765422705562	false	1.0
irrsinnig	neg 1.0	neg 1.0	neg 0.7454698606439063 off 0.2508922944860567 __DUMMY__ 0.0036378448700369994	false	1.0
unfassbar	neg 1.0		neg 0.5139367694533788 off 0.47848208329520975 __DUMMY__ 0.007581147251411301	false	1.0
hart	neg 1.0		neg 0.5144855238294406 off 0.4779564224202172 __DUMMY__ 0.007558053750342224	false	1.0
widerlich	off 1.0		neg 0.5143052345267642 off 0.47814104351949077 __DUMMY__ 0.007553721953744786	false	0.5
fatal	neg 1.0		neg 0.5165308312356698 off 0.4758919585226725 __DUMMY__ 0.007577210241657755	false	1.0
bruch	neg 1.0		neg 0.5269901185655853 off 0.4654305238853641 __DUMMY__ 0.007579357549050498	false	1.0
aushungern	neg 1.0		neg 0.5209471792748002 off 0.4715062239930132 __DUMMY__ 0.007546596732186764	false	1.0
anspannung	neg 1.0		neg 0.5234139716517554 off 0.46891574381527185 __DUMMY__ 0.007670284532972872	false	1.0
von			neg 0.5225686498896672 off 0.4697913683279397 __DUMMY__ 0.0076399817823929765	false	0.0
kraftlos	neg 1.0		neg 0.518948854452388 off 0.4733858305357395 __DUMMY__ 0.007665315011872504	false	1.0
vom			neg 0.5264181987415039 off 0.46589352888608215 __DUMMY__ 0.0076882723724138865	false	0.0
grenzdebil	off 1.0		neg 0.5125902843140675 off 0.4798270667399264 __DUMMY__ 0.007582648946006085	false	0.5
vor			neg 0.523582252534368 off 0.4687721111984624 __DUMMY__ 0.007645636267169684	false	0.0
unterwerfen	neg 1.0		neg 0.5228111188725328 off 0.46959074591519545 __DUMMY__ 0.0075981352122716905	false	1.0
versenkung	neg 1.0		neg 0.5230918933054151 off 0.46930091060531953 __DUMMY__ 0.007607196089265401	false	1.0
entziehen	neg 1.0		neg 0.5255602356903579 off 0.4668308015042357 __DUMMY__ 0.007608962805406423	false	1.0
finanzkrise	neg 1.0		neg 0.5213540966645696 off 0.4711016031275281 __DUMMY__ 0.0075443002079023805	false	1.0
schimpfend	neg 1.0		neg 0.5134926479945782 off 0.47884011848901287 __DUMMY__ 0.0076672335164089545	false	1.0
profan	neg 1.0		neg 0.5166946546150291 off 0.4757101434016646 __DUMMY__ 0.00759520198330626	false	1.0
korruption	neg 1.0		neg 0.5236357248852112 off 0.46881837589961955 __DUMMY__ 0.007545899215169231	false	1.0
â			neg 0.5201427589792553 off 0.47223213882381804 __DUMMY__ 0.007625102196926577	false	0.0
schmutzig	neg 1.0		neg 0.5115402841234679 off 0.48084469736588387 __DUMMY__ 0.007615018510648169	false	1.0
sexy	neg 1.0		neg 0.514440504076067 off 0.47797242517983285 __DUMMY__ 0.007587070744100174	false	1.0
abraten	neg 1.0		neg 0.5171239938727736 off 0.4752680389225962 __DUMMY__ 0.0076079672046302565	false	1.0
schwarz	neg 1.0		neg 0.5173741610338956 off 0.4750446276014323 __DUMMY__ 0.007581211364672119	false	1.0
fotze	off 1.0		neg 0.5213129914548162 off 0.47110778811978765 __DUMMY__ 0.007579220425396097	false	0.5
verwirren	neg 1.0		neg 0.5160935925029445 off 0.47631733712345464 __DUMMY__ 0.007589070373600831	false	1.0
zahnlos	off 1.0		neg 0.5229216329715664 off 0.46950330136183366 __DUMMY__ 0.007575065666599856	false	0.5
verheeren	neg 1.0		neg 0.5049413001093053 off 0.4875637989929292 __DUMMY__ 0.007494900897765453	false	1.0
hippie	neg 1.0		neg 0.5149396028501484 off 0.4774779365287975 __DUMMY__ 0.007582460621053978	false	1.0
rammen	neg 1.0		neg 0.5158338990075357 off 0.47657766603496854 __DUMMY__ 0.007588434957495738	false	1.0
unlauter	neg 1.0	neg 1.0	neg 0.745073747670483 off 0.25130557397943093 __DUMMY__ 0.0036206783500860556	false	1.0
unheilvoll	neg 1.0		neg 0.5159540781493247 off 0.476435691610839 __DUMMY__ 0.007610230239836382	false	1.0
niedrig	neg 1.0		neg 0.5223729959586855 off 0.4700386520083179 __DUMMY__ 0.00758835203299664	false	1.0
explosion	neg 1.0		neg 0.5147901181581528 off 0.4776124825604784 __DUMMY__ 0.007597399281368902	false	1.0
weichei	off 1.0		neg 0.5089382854098039 off 0.4835263100283522 __DUMMY__ 0.0075354045618438665	false	0.5
minusmensch	off 1.0		neg 0.5076093609126995 off 0.4849386415672058 __DUMMY__ 0.007451997520094528	false	0.5
farblos	neg 1.0		neg 0.5172603792588238 off 0.47514267853790265 __DUMMY__ 0.007596942203273496	false	1.0
unwissend	neg 1.0		neg 0.5148970376812374 off 0.4775404515933492 __DUMMY__ 0.007562510725413398	false	1.0
traurig	neg 1.0		neg 0.5105920061987675 off 0.4818268160454938 __DUMMY__ 0.0075811777557386615	false	1.0
senkung	neg 1.0		neg 0.5158362531307804 off 0.47658775968194805 __DUMMY__ 0.007575987187271495	false	1.0
ungleich	neg 1.0	neg 1.0	neg 0.747941922065475 off 0.24841654721648734 __DUMMY__ 0.003641530718037701	false	1.0
heikel	neg 1.0		neg 0.52422934611621 off 0.4681631895709268 __DUMMY__ 0.007607464312863227	false	1.0
drosselung	neg 1.0		neg 0.510295007055883 off 0.4821280615497428 __DUMMY__ 0.007576931394374128	false	1.0
falsch	neg 1.0		neg 0.5153144557952202 off 0.47710496844037453 __DUMMY__ 0.007580575764405311	false	1.0
unzufriedenheit	neg 1.0		neg 0.5242881157251199 off 0.4681033287499308 __DUMMY__ 0.0076085555249492745	false	1.0
kurz	neg 1.0		neg 0.5184790917296661 off 0.47387176656750796 __DUMMY__ 0.007649141702826085	false	1.0
unsinnig	neg 1.0		neg 0.5220007204220916 off 0.470410743224393 __DUMMY__ 0.007588536353515304	false	1.0
penner	off 1.0	off 1.0	off 0.7275715376637096 neg 0.26881207328305257 __DUMMY__ 0.0036163890532377244	false	1.0
seicht	neg 1.0		neg 0.5079689664216241 off 0.48453463497828825 __DUMMY__ 0.00749639860008758	false	1.0
dummheit	off 1.0	off 1.0	off 0.7217967243377559 neg 0.2745728985803787 __DUMMY__ 0.0036303770818653476	false	1.0
unerfreulich	neg 1.0		neg 0.5240196198875346 off 0.4683556551848651 __DUMMY__ 0.007624724927600353	false	1.0
motherfucker	off 1.0	off 1.0	off 0.7247606729011029 neg 0.27161883947726684 __DUMMY__ 0.003620487621630201	false	1.0
pikiert	neg 1.0		neg 0.5152733049879205 off 0.4771632352669581 __DUMMY__ 0.007563459745121628	false	1.0
wrack	neg 1.0		neg 0.520800501615483 off 0.4715930978111147 __DUMMY__ 0.007606400573402325	false	1.0
gangster	neg 1.0		neg 0.5157198702596681 off 0.47669466404826727 __DUMMY__ 0.007585465692064485	false	1.0
krank	neg 1.0		neg 0.5116319808958776 off 0.48076471000965043 __DUMMY__ 0.007603309094471987	false	1.0
reich	neg 1.0		neg 0.5167391045731397 off 0.47576407443538404 __DUMMY__ 0.007496820991476443	false	1.0
gnadenlos	neg 1.0		neg 0.5185177306386778 off 0.47389401628906686 __DUMMY__ 0.007588253072255416	false	1.0
niedergeschlagen	neg 1.0		neg 0.51937782193276 off 0.4729976355086915 __DUMMY__ 0.007624542558548573	false	1.0
terrorisieren	off 1.0	off 1.0	off 0.7192232690144781 neg 0.2771209475245838 __DUMMY__ 0.003655783460938104	false	1.0
sinnlosigkeit	neg 1.0		neg 0.5221663680346699 off 0.4702462390867684 __DUMMY__ 0.007587392878561719	false	1.0
behindern	neg 1.0		neg 0.5177995230777293 off 0.47457739860159226 __DUMMY__ 0.007623078320678405	false	1.0
undemokratisch	neg 1.0		neg 0.5202501436849802 off 0.47221855041523697 __DUMMY__ 0.007531305899782803	false	1.0
wirtschaftskrise	neg 1.0		neg 0.522397003288365 off 0.4700327819864339 __DUMMY__ 0.007570214725200996	false	1.0
neid	neg 1.0		neg 0.5136597029446313 off 0.4787192014464947 __DUMMY__ 0.007621095608873977	false	1.0
rutschen	neg 1.0		neg 0.5218799705946953 off 0.4704022302827713 __DUMMY__ 0.00771779912253335	false	1.0
rezession	neg 1.0		neg 0.5115021822123696 off 0.4809883066678023 __DUMMY__ 0.007509511119828008	false	1.0
fehlgeburt	neg 1.0		neg 0.5173362921684299 off 0.47505802356643956 __DUMMY__ 0.007605684265130441	false	1.0
charakterschwach	off 1.0		neg 0.5144928055035412 off 0.4779532069346204 __DUMMY__ 0.0075539875618383405	false	0.5
isolation	neg 1.0		neg 0.5138507685351366 off 0.47857302603116164 __DUMMY__ 0.007576205433701933	false	1.0
ablenkung	neg 1.0		neg 0.5177874998937986 off 0.474594035735889 __DUMMY__ 0.007618464370312349	false	1.0
pech	neg 1.0		neg 0.515315730542995 off 0.4770879073746642 __DUMMY__ 0.007596362082340914	false	1.0
vermeidung	neg 1.0		neg 0.5107619892015548 off 0.4816423787947844 __DUMMY__ 0.007595632003660868	false	1.0
dominieren	neg 1.0		neg 0.5214736630173958 off 0.47094950305234584 __DUMMY__ 0.007576833930258383	false	1.0
schwindlig	neg 1.0		neg 0.51442585125967 off 0.47794987885012225 __DUMMY__ 0.007624269890207763	false	1.0
lutscher	neg 1.0		neg 0.5068510230431965 off 0.48565129028330123 __DUMMY__ 0.007497686673502357	false	1.0
pflicht	neg 1.0		neg 0.5245403430750135 off 0.467854510579832 __DUMMY__ 0.007605146345154367	false	1.0
faschist	off 1.0		neg 0.5188376523272273 off 0.473627991379979 __DUMMY__ 0.00753435629279355	false	0.5
verschleudern	neg 1.0		neg 0.5234737575169823 off 0.4689609397589805 __DUMMY__ 0.007565302724037145	false	1.0
wenn			neg 0.5152700923587263 off 0.47714738996913386 __DUMMY__ 0.007582517672139766	false	0.0
ehebruch	neg 1.0		neg 0.5229343732263623 off 0.46948007075887677 __DUMMY__ 0.007585556014761046	false	1.0
spott	off 1.0		neg 0.5234741315179529 off 0.4689357185634578 __DUMMY__ 0.007590149918589338	false	0.5
trostlosigkeit	neg 1.0		neg 0.5259365787379492 off 0.4664953251875654 __DUMMY__ 0.007568096074485336	false	1.0
lutschen	neg 1.0		neg 0.5158763565217493 off 0.47657940744807353 __DUMMY__ 0.007544236030177139	false	1.0
undiszipliniert	neg 1.0		neg 0.5119021555165829 off 0.48052882031323835 __DUMMY__ 0.007569024170178622	false	1.0
kopfschmerz	neg 1.0		neg 0.5182549470971054 off 0.4741242404335845 __DUMMY__ 0.00762081246931021	false	1.0
unvorhergesehen	neg 1.0		neg 0.5181707131617984 off 0.47417065493181676 __DUMMY__ 0.007658631906384862	false	1.0
desinteressiert	neg 1.0		neg 0.5128986606872709 off 0.4795450531751732 __DUMMY__ 0.007556286137555945	false	1.0
armselig	off 1.0		neg 0.5124920135321301 off 0.4799666895489456 __DUMMY__ 0.007541296918924303	false	0.5
desaster	neg 1.0		neg 0.5277824593211164 off 0.46464395690901583 __DUMMY__ 0.007573583769867628	false	1.0
tod	neg 1.0		neg 0.5231979692379299 off 0.46922306107536615 __DUMMY__ 0.007578969686703939	false	1.0
herzlos	neg 1.0		neg 0.5100160256463399 off 0.4824082210326077 __DUMMY__ 0.0075757533210523385	false	1.0
unwissenheit	neg 1.0		neg 0.522315772065878 off 0.47010107282929464 __DUMMY__ 0.007583155104827252	false	1.0
widersinnig	neg 1.0		neg 0.5236955634452628 off 0.46877656810781704 __DUMMY__ 0.007527868446920141	false	1.0
bedenklich	neg 1.0		neg 0.5233165697376145 off 0.4690819719568639 __DUMMY__ 0.007601458305521475	false	1.0
beanstanden	neg 1.0		neg 0.5251273053371037 off 0.46727000306940664 __DUMMY__ 0.007602691593489669	false	1.0
panisch	neg 1.0	neg 1.0	neg 0.7426464437578865 off 0.25367491365656036 __DUMMY__ 0.0036786425855531864	false	1.0
debil	off 1.0		neg 0.5263634202078089 off 0.46600033393664414 __DUMMY__ 0.007636245855546952	false	0.5
abstrich	neg 1.0		neg 0.5154745663395903 off 0.4768739649188858 __DUMMY__ 0.007651468741523875	false	1.0
primitiv	neg 1.0		neg 0.513909685713799 off 0.47854170793518847 __DUMMY__ 0.007548606351012396	false	1.0
abschaum	off 1.0	off 1.0	off 0.7229480332101256 neg 0.2734294077867331 __DUMMY__ 0.00362255900314134	false	1.0
provozieren	neg 1.0		neg 0.5198373142741957 off 0.47258908666174076 __DUMMY__ 0.007573599064063533	false	1.0
tot	neg 1.0		neg 0.5200454906325985 off 0.47236601029185743 __DUMMY__ 0.007588499075544038	false	1.0
instabil	neg 1.0		neg 0.5128050251920997 off 0.4796896917455804 __DUMMY__ 0.007505283062319893	false	1.0
schwuchtel	off 1.0		neg 0.5033271700819596 off 0.4892283956936234 __DUMMY__ 0.007444434224417165	false	0.5
zerren	neg 1.0		neg 0.5198659098567254 off 0.4725140397942837 __DUMMY__ 0.007620050348990819	false	1.0
kinderficker	off 1.0		neg 0.511065494142268 off 0.4814195828684331 __DUMMY__ 0.007514922989298885	false	0.5
gefahr	neg 1.0		neg 0.5236466002004356 off 0.46877309556153307 __DUMMY__ 0.0075803042380314	false	1.0
rabiat	neg 1.0		neg 0.5191356899774577 off 0.4732689251988343 __DUMMY__ 0.007595384823708019	false	1.0
verlangsamung	neg 1.0		neg 0.507796534944018 off 0.48469924761068345 __DUMMY__ 0.007504217445298703	false	1.0
ausgestorben	neg 1.0		neg 0.5202195908596396 off 0.47216980138949993 __DUMMY__ 0.007610607750860531	false	1.0
anklagen	neg 1.0		neg 0.5202499970280676 off 0.47217326018301664 __DUMMY__ 0.007576742788915703	false	1.0
trott	neg 1.0		neg 0.5180803147702835 off 0.47430576034521066 __DUMMY__ 0.007613924884505697	false	1.0
verminderung	neg 1.0		neg 0.5116799286231871 off 0.48076086260821493 __DUMMY__ 0.0075592087685979895	false	1.0
nach			neg 0.5232450941464672 off 0.4690602789434264 __DUMMY__ 0.007694626910106355	false	0.0
rost	neg 1.0		neg 0.5067531068124987 off 0.4857281653232769 __DUMMY__ 0.00751872786422448	false	1.0
destruktiv	neg 1.0		neg 0.5214741417494366 off 0.47095841908658403 __DUMMY__ 0.007567439163979312	false	1.0
unzumutbarkeit	neg 1.0		neg 0.5115415830516458 off 0.480878984959127 __DUMMY__ 0.007579431989227198	false	1.0
labil	off 1.0	off 1.0	off 0.7236629013927568 neg 0.27271305856949163 __DUMMY__ 0.0036240400377515114	false	1.0
ziemlich	neg 1.0		neg 0.5133383972938189 off 0.4790817573839309 __DUMMY__ 0.007579845322250202	false	1.0
lachnummer	off 1.0		neg 0.5216200085938266 off 0.4708141995188179 __DUMMY__ 0.007565791887355441	false	0.5
oder			neg 0.517951675849251 off 0.47442541483562223 __DUMMY__ 0.007622909315126938	false	0.0
verfall	neg 1.0		neg 0.5274218515367328 off 0.4649533514527638 __DUMMY__ 0.00762479701050354	false	1.0
ausgrenzung	neg 1.0		neg 0.5190494997341277 off 0.47341293344476215 __DUMMY__ 0.007537566821110148	false	1.0
unordnung	neg 1.0		neg 0.5117515893496986 off 0.4807385601122967 __DUMMY__ 0.0075098505380047495	false	1.0
fehlverhalten	neg 1.0		neg 0.5243499031693166 off 0.46806837621945485 __DUMMY__ 0.007581720611228579	false	1.0
eine			neg 0.5234007027566352 off 0.46895861337796885 __DUMMY__ 0.0076406838653958935	false	0.0
nille	neg 1.0		neg 0.5205620576837201 off 0.47188041040022033 __DUMMY__ 0.007557531916059494	false	1.0
qual	neg 1.0		neg 0.5184124259774214 off 0.47397822593361827 __DUMMY__ 0.007609348088960258	false	1.0
verschwenden	neg 1.0		neg 0.5223606039362299 off 0.4700232895491691 __DUMMY__ 0.0076161065146009566	false	1.0
riesig	neg 1.0		neg 0.5180897511278836 off 0.4742822194932628 __DUMMY__ 0.007628029378853611	false	1.0
verurteilen	neg 1.0		neg 0.5224783119220012 off 0.4699466435377447 __DUMMY__ 0.0075750445402541855	false	1.0
klischee	neg 1.0	neg 1.0	neg 0.7444920543533955 off 0.2518848051765373 __DUMMY__ 0.0036231404700671883	false	1.0
diktatorisch	neg 1.0		neg 0.5210161587055491 off 0.4714667175943005 __DUMMY__ 0.007517123700150441	false	1.0
vorhersehbar	neg 1.0		neg 0.5184471039230292 off 0.4739943867903329 __DUMMY__ 0.007558509286637868	false	1.0
sowie			neg 0.5096114511641896 off 0.48288237596869843 __DUMMY__ 0.007506172867112073	false	0.0
stornieren	neg 1.0		neg 0.514104470815815 off 0.4782699853077731 __DUMMY__ 0.007625543876411821	false	1.0
besteuerung	neg 1.0		neg 0.5177798432727008 off 0.47464010597618944 __DUMMY__ 0.007580050751109885	false	1.0
ungeschminkt	neg 1.0		neg 0.5125694199172709 off 0.47985618566203153 __DUMMY__ 0.007574394420697558	false	1.0
kritisch	neg 1.0		neg 0.5238192976228939 off 0.46859669746192295 __DUMMY__ 0.00758400491518316	false	1.0
schlamperei	off 1.0		neg 0.5238444564947169 off 0.4685870384793441 __DUMMY__ 0.007568505025938881	false	0.5
sucht	neg 1.0	neg 1.0	neg 0.7419977637375734 off 0.25432501787869444 __DUMMY__ 0.0036772183837321696	false	1.0
egoistisch	off 1.0		neg 0.5089845575375265 off 0.48347607811009286 __DUMMY__ 0.007539364352380741	false	0.5
ausbeuter	off 1.0		neg 0.5247647018373791 off 0.4676555818071831 __DUMMY__ 0.007579716355437855	false	0.5
arschgeburt	off 1.0		neg 0.5035508042353567 off 0.4890056914978193 __DUMMY__ 0.007443504266824021	false	0.5
schubs	neg 1.0	neg 1.0	neg 0.7454248308847331 off 0.2508988572909413 __DUMMY__ 0.003676311824325633	false	1.0
unsolide	neg 1.0		neg 0.5201752068764895 off 0.4723668867959782 __DUMMY__ 0.007457906327532304	false	1.0
beschwerde	neg 1.0		neg 0.5229044449802996 off 0.46952699972952694 __DUMMY__ 0.007568555290173411	false	1.0
stocken	neg 1.0		neg 0.5212848008516928 off 0.4711041931210926 __DUMMY__ 0.007611006027214705	false	1.0
isolieren	neg 1.0		neg 0.5178148933475943 off 0.47455182095065496 __DUMMY__ 0.007633285701750748	false	1.0
unheilbar	neg 1.0		neg 0.5174621255958638 off 0.47492961189672955 __DUMMY__ 0.007608262507406715	false	1.0
pisser	off 1.0		neg 0.511821293260504 off 0.48065372894482655 __DUMMY__ 0.007524977794669519	false	0.5
löschen	neg 1.0		neg 0.51799057590062 off 0.47442328138352285 __DUMMY__ 0.007586142715857017	false	1.0
durchfallen	neg 1.0		neg 0.5229168757104464 off 0.4694857516218679 __DUMMY__ 0.007597372667685606	false	1.0
wichser	off 1.0		neg 0.5052458479891704 off 0.48725004401225475 __DUMMY__ 0.007504107998574994	false	0.5
terror	neg 1.0		neg 0.514147809467155 off 0.47825067254138304 __DUMMY__ 0.007601517991461973	false	1.0
krass	neg 1.0		neg 0.5103548664262264 off 0.48208804359459284 __DUMMY__ 0.007557089979180775	false	1.0
revolte	neg 1.0	neg 1.0	neg 0.7455099440397728 off 0.25089272327998785 __DUMMY__ 0.0035973326802394507	false	1.0
besorgt	neg 1.0		neg 0.5185017389271576 off 0.47384993255900637 __DUMMY__ 0.007648328513836049	false	1.0
nachlassen	neg 1.0		neg 0.5189956060008288 off 0.47336353772521433 __DUMMY__ 0.007640856273956806	false	1.0
alt	neg 1.0		neg 0.5213523797078318 off 0.4710088477644615 __DUMMY__ 0.007638772527706711	false	1.0
hundesohn	off 1.0		neg 0.5076881556504921 off 0.48483988819895796 __DUMMY__ 0.007471956150550121	false	0.5
als			neg 0.5206569987977697 off 0.471720150548256 __DUMMY__ 0.007622850653974364	false	0.0
abschreckung	neg 1.0		neg 0.5251605304947032 off 0.4672446110457952 __DUMMY__ 0.007594858459501576	false	1.0
unqualifiziert	neg 1.0		neg 0.5181593523897534 off 0.4742836668883819 __DUMMY__ 0.0075569807218647455	false	1.0
abgewichst	off 1.0		neg 0.5199585878537523 off 0.4724488584208156 __DUMMY__ 0.007592553725432301	false	0.5
schwer	neg 1.0		neg 0.5189690828316679 off 0.4734176873142009 __DUMMY__ 0.007613229854131382	false	1.0
bedeutungslosigkeit	neg 1.0		neg 0.5249179444480393 off 0.4674966049462417 __DUMMY__ 0.007585450605719137	false	1.0
kapitulation	neg 1.0		neg 0.5245088629737952 off 0.4679509522542016 __DUMMY__ 0.007540184772003204	false	1.0
unscharf	neg 1.0		neg 0.5153296800162837 off 0.47707731544775267 __DUMMY__ 0.007593004535963612	false	1.0
schwinden	neg 1.0		neg 0.5221084142714932 off 0.470263245929294 __DUMMY__ 0.007628339799212729	false	1.0
versklavung	neg 1.0		neg 0.5203538500990513 off 0.4721131000295871 __DUMMY__ 0.0075330498713617145	false	1.0
schlecht	neg 1.0		neg 0.5127150352001055 off 0.4796998871463205 __DUMMY__ 0.007585077653573982	false	1.0
verhasst	neg 1.0		neg 0.5201897860801414 off 0.4722451562502272 __DUMMY__ 0.007565057669631322	false	1.0
beschweren	neg 1.0		neg 0.5170417933919296 off 0.47535652755073604 __DUMMY__ 0.007601679057334362	false	1.0
scheiden	neg 1.0		neg 0.5192257807834775 off 0.4731707719892465 __DUMMY__ 0.007603447227275959	false	1.0
frustriert	neg 1.0		neg 0.5203525092203336 off 0.4720397194929458 __DUMMY__ 0.007607771286720535	false	1.0
schimmelig	neg 1.0		neg 0.5220003896142756 off 0.4703966079372533 __DUMMY__ 0.007603002448470984	false	1.0
fisch	neg 1.0		neg 0.5213353131698657 off 0.47105625673416307 __DUMMY__ 0.00760843009597104	false	1.0
schmuggel	neg 1.0		neg 0.5216786203335508 off 0.47067302021517654 __DUMMY__ 0.007648359451272521	false	1.0
auffallen	neg 1.0		neg 0.5169256043776629 off 0.47548231420126563 __DUMMY__ 0.007592081421071562	false	1.0
konkurrenz	neg 1.0		neg 0.5243775076725352 off 0.4680020064865071 __DUMMY__ 0.007620485840957666	false	1.0
teufelskreis	neg 1.0		neg 0.5204597723564527 off 0.47194281808784194 __DUMMY__ 0.00759740955570537	false	1.0
aufschreien	neg 1.0		neg 0.5180560750949772 off 0.474375394584646 __DUMMY__ 0.007568530320376912	false	1.0
schuldner	neg 1.0		neg 0.5237260388862968 off 0.4686917106228722 __DUMMY__ 0.007582250490830934	false	1.0
missgeburt	off 1.0	off 1.0	off 0.7258924670520394 neg 0.2705140949499258 __DUMMY__ 0.0035934379980347665	false	1.0
arbeitslos	neg 1.0		neg 0.5223972315416265 off 0.4700178587489754 __DUMMY__ 0.007584909709398041	false	1.0
befallen	neg 1.0		neg 0.5221710441686398 off 0.4702583057578485 __DUMMY__ 0.0075706500735116524	false	1.0
miesepetrig	off 1.0		neg 0.5116580326144042 off 0.4807331205986829 __DUMMY__ 0.0076088467869128065	false	0.5
alarmieren	neg 1.0		neg 0.5153939976281786 off 0.47706120133158775 __DUMMY__ 0.007544801040233666	false	1.0
ungeduscht	off 1.0		neg 0.5152850630858992 off 0.47712199087007245 __DUMMY__ 0.007592946044028368	false	0.5
knappheit	neg 1.0		neg 0.5216938488209617 off 0.47072066843296767 __DUMMY__ 0.007585482746070532	false	1.0
schlange	neg 1.0		neg 0.516095795270073 off 0.47628039836221453 __DUMMY__ 0.007623806367712534	false	1.0
harsch	neg 1.0		neg 0.5059143582846828 off 0.48651292029129733 __DUMMY__ 0.007572721424019907	false	1.0
lang	neg 1.0		neg 0.5171042884155305 off 0.47529429875444584 __DUMMY__ 0.007601412830023825	false	1.0
ziellos	neg 1.0		neg 0.5213242041249345 off 0.4710573938633193 __DUMMY__ 0.007618402011746234	false	1.0
selbstverliebt	neg 1.0		neg 0.5060677600286274 off 0.4864734682181786 __DUMMY__ 0.0074587717531940725	false	1.0
beseitigen	neg 1.0		neg 0.5172449311673956 off 0.47514874577882044 __DUMMY__ 0.00760632305378398	false	1.0
dumm	off 1.0		neg 0.5087393254343819 off 0.4837343171707732 __DUMMY__ 0.007526357394844863	false	0.5
arbeitsloser	neg 1.0		neg 0.5232209065938689 off 0.469191060162534 __DUMMY__ 0.0075880332435970645	false	1.0
blitzen	neg 1.0		neg 0.5150084883845205 off 0.4774092310702963 __DUMMY__ 0.007582280545183197	false	1.0
hilflos	neg 1.0		neg 0.5205355170302166 off 0.47185208772367887 __DUMMY__ 0.0076123952461045075	false	1.0
eklig	off 1.0		neg 0.5082958504023612 off 0.4841921557379915 __DUMMY__ 0.00751199385964724	false	0.5
begriff			neg 0.5208285512132076 off 0.47157547952701145 __DUMMY__ 0.007595969259780937	false	0.0
hungersnot	neg 1.0		neg 0.5217006311277126 off 0.47076100859790354 __DUMMY__ 0.007538360274383885	false	1.0
ungesetzlich	neg 1.0		neg 0.5199600396768651 off 0.4725284287827943 __DUMMY__ 0.0075115315403406525	false	1.0
verschwendung	neg 1.0		neg 0.5233810575822516 off 0.4690018220327894 __DUMMY__ 0.007617120384958947	false	1.0
schmerzvoll	neg 1.0		neg 0.5169048823937318 off 0.47549105856635787 __DUMMY__ 0.007604059039910237	false	1.0
vorzeitig	neg 1.0		neg 0.5137905747346863 off 0.47864278127206306 __DUMMY__ 0.0075666439932506515	false	1.0
unvollkommenheit	neg 1.0		neg 0.5181263973398786 off 0.47427047255221316 __DUMMY__ 0.007603130107908141	false	1.0
intervenieren	neg 1.0		neg 0.5245964921655362 off 0.4678307395796376 __DUMMY__ 0.007572768254826193	false	1.0
banause	off 1.0		neg 0.5066594131134196 off 0.4858333302118805 __DUMMY__ 0.007507256674700027	false	0.5
rebell	neg 1.0		neg 0.523276866759379 off 0.4690899577902782 __DUMMY__ 0.007633175450342956	false	1.0
unlogisch	neg 1.0		neg 0.512440446997635 off 0.48002145988920564 __DUMMY__ 0.007538093113159276	false	1.0
leiden	neg 1.0	neg 1.0	neg 0.7446822088104724 off 0.2515943951188141 __DUMMY__ 0.003723396070713523	false	1.0
abschaffung	neg 1.0		neg 0.5196986350184858 off 0.4727482202518339 __DUMMY__ 0.007553144729680224	false	1.0
sturz	neg 1.0		neg 0.5186626894174818 off 0.47378002202804753 __DUMMY__ 0.007557288554470707	false	1.0
verkleinerung	neg 1.0		neg 0.5180314691222047 off 0.4744550945694009 __DUMMY__ 0.007513436308394414	false	1.0
schmarotzer	off 1.0		neg 0.5234895494223879 off 0.4689384236728036 __DUMMY__ 0.007572026904808427	false	0.5
bestrafung	neg 1.0		neg 0.5179118664486214 off 0.47449864730366226 __DUMMY__ 0.007589486247716427	false	1.0
achtlos	neg 1.0		neg 0.5185150356265573 off 0.47386283144802477 __DUMMY__ 0.007622132925417782	false	1.0
ungeheuer	neg 1.0		neg 0.5165488431906331 off 0.47586276839814856 __DUMMY__ 0.007588388411218342	false	1.0
