unsolidarisch	neg 1.0		__DUMMY__ 0.48819890389817433 neg 0.2702629168368351 off 0.24153817926499055	false	1.0
nachteilig	neg 1.0		__DUMMY__ 0.49320280356571294 neg 0.2676920639787466 off 0.23910513245554033	false	1.0
skeptisch	neg 1.0		__DUMMY__ 0.4948043792019591 neg 0.2687253244876065 off 0.23647029631043429	false	1.0
schrecklich	neg 1.0		__DUMMY__ 0.49079330910246877 neg 0.25848043560940276 off 0.25072625528812853	false	1.0
schlapp	neg 1.0		__DUMMY__ 0.4942627547909022 neg 0.2588535820834945 off 0.24688366312560342	false	1.0
abfall	neg 1.0		__DUMMY__ 0.49576073820861893 neg 0.2692975332651626 off 0.23494172852621845	false	1.0
widerspenstig	neg 1.0		__DUMMY__ 0.4958509405165497 neg 0.26190101712455555 off 0.2422480423588946	false	1.0
abrupt	neg 1.0		__DUMMY__ 0.49719452175244716 neg 0.2616315652376557 off 0.241173913009897	false	1.0
unwirksam	neg 1.0		__DUMMY__ 0.4886748303068717 neg 0.26965314513416816 off 0.24167202455896017	false	1.0
angreifen	neg 1.0		__DUMMY__ 0.4935592069017694 neg 0.26874675771194995 off 0.23769403538628073	false	1.0
inkonsistent	neg 1.0		__DUMMY__ 0.4925602408094251 neg 0.2629348084687431 off 0.24450495072183176	false	1.0
abrutschen	neg 1.0		__DUMMY__ 0.4962511219910351 neg 0.2685673769349671 off 0.2351815010739978	false	1.0
unsicher	neg 1.0		__DUMMY__ 0.4941573269093055 neg 0.26391623170562584 off 0.24192644138506877	false	1.0
bauernkind	off 1.0		__DUMMY__ 0.487146132136584 neg 0.25921172634095163 off 0.25364214152246445	false	0.5
angreifer	neg 1.0		__DUMMY__ 0.4907262993667819 neg 0.2642439344092356 off 0.24502976622398234	false	1.0
trennen	neg 1.0		__DUMMY__ 0.49729566111967294 neg 0.264868438607693 off 0.23783590027263427	false	1.0
schmutz	neg 1.0		__DUMMY__ 0.4960534134042912 neg 0.2554823116892047 off 0.24846427490650413	false	1.0
inkonsistenz	neg 1.0	neg 1.0	neg 0.6202812006986989 __DUMMY__ 0.2406645714535522 off 0.1390542278477489	false	1.0
erschreckend	neg 1.0		__DUMMY__ 0.49310600061093074 neg 0.2664789244270916 off 0.24041507496197756	false	1.0
ertrinken	neg 1.0		__DUMMY__ 0.49617053943007405 neg 0.264852877465748 off 0.23897658310417783	false	1.0
pickelface	off 1.0		__DUMMY__ 0.49148202928441265 neg 0.2659062644941598 off 0.24261170622142766	false	0.5
seiner			__DUMMY__ 0.49438906888047707 neg 0.26796398214769723 off 0.23764694897182573	false	0.0
lauch	neg 1.0		__DUMMY__ 0.4954258584515984 neg 0.26812397458940274 off 0.23645016695899893	false	1.0
unwichtig	neg 1.0		__DUMMY__ 0.49203018411524263 neg 0.2615289910797098 off 0.2464408248050476	false	1.0
steuerhinterziehung	neg 1.0		__DUMMY__ 0.48999015615885083 neg 0.269470503334941 off 0.24053934050620815	false	1.0
schock	neg 1.0		__DUMMY__ 0.49678909781790526 neg 0.26228203542880146 off 0.2409288667532934	false	1.0
beule	neg 1.0		__DUMMY__ 0.4934258214767511 neg 0.25846795996621247 off 0.24810621855703652	false	1.0
vergelten	neg 1.0		__DUMMY__ 0.48896671601908914 neg 0.2589205467942114 off 0.2521127371866994	false	1.0
verdorbenheit	neg 1.0		__DUMMY__ 0.49445492548632897 neg 0.26194344547117593 off 0.24360162904249502	false	1.0
trauma	neg 1.0		__DUMMY__ 0.49291703655374103 neg 0.26322243233158354 off 0.24386053111467543	false	1.0
sinnlos	neg 1.0		__DUMMY__ 0.49302676209086244 neg 0.2628713712743498 off 0.24410186663478778	false	1.0
fettsack	off 1.0	off 1.0	off 0.6135319313928304 __DUMMY__ 0.23934864720471963 neg 0.14711942140245018	false	1.0
feige	off 1.0		__DUMMY__ 0.4907718065686305 neg 0.26348567351683644 off 0.245742519914533	false	0.5
abdanken	neg 1.0		__DUMMY__ 0.48832529598152663 neg 0.27141525525034466 off 0.24025944876812869	false	1.0
wichtigtuer	off 1.0	off 1.0	off 0.6082010813452265 __DUMMY__ 0.2408363308509774 neg 0.15096258780379612	false	1.0
misslingen	neg 1.0		__DUMMY__ 0.49629573668645194 neg 0.2585279358687576 off 0.24517632744479032	false	1.0
untreu	off 1.0		__DUMMY__ 0.4919733425981285 neg 0.26077666478131956 off 0.2472499926205519	false	0.5
missmutig	neg 1.0		__DUMMY__ 0.4940743638257653 neg 0.25970335019373975 off 0.2462222859804951	false	1.0
hurenbock	off 1.0		__DUMMY__ 0.4959575224915906 neg 0.2596833594163178 off 0.24435911809209174	false	0.5
betrunken	neg 1.0		__DUMMY__ 0.49281369263303765 neg 0.2581356909214497 off 0.24905061644551263	false	1.0
korrupt	off 1.0		__DUMMY__ 0.4900880405166808 neg 0.27082403370283736 off 0.23908792578048182	false	0.5
unmut	neg 1.0		__DUMMY__ 0.4944373856341547 neg 0.2700939897106566 off 0.23546862465518867	false	1.0
hackfresse	off 1.0		__DUMMY__ 0.4894767368850575 neg 0.2563591351876306 off 0.2541641279273121	false	0.5
aufblasen	neg 1.0		__DUMMY__ 0.4950683001393689 neg 0.26121612272918143 off 0.24371557713144962	false	1.0
gewaltsam	neg 1.0		__DUMMY__ 0.49089307528597165 neg 0.2662761883788873 off 0.24283073633514113	false	1.0
unbeliebtheit	neg 1.0		__DUMMY__ 0.4870576838393857 neg 0.26483775759447353 off 0.24810455856614075	false	1.0
sturheit	neg 1.0		__DUMMY__ 0.4922550996154834 neg 0.26719684872879895 off 0.2405480516557177	false	1.0
kuh	neg 1.0		__DUMMY__ 0.49201898671768923 neg 0.26437914023903947 off 0.2436018730432712	false	1.0
erschrecken	neg 1.0		__DUMMY__ 0.49336226112794346 neg 0.2609889645824259 off 0.2456487742896307	false	1.0
opfer	neg 1.0		__DUMMY__ 0.4940762009101715 neg 0.26753129700478984 off 0.2383925020850386	false	1.0
sinken	neg 1.0		__DUMMY__ 0.494539064895621 neg 0.26921050524719364 off 0.23625042985718545	false	1.0
stinktier	neg 1.0		__DUMMY__ 0.48913939287462305 neg 0.2600115914756627 off 0.25084901564971424	false	1.0
tucke	off 1.0		__DUMMY__ 0.4904936561139571 off 0.2551033592496801 neg 0.25440298463636274	false	1.0
ein			__DUMMY__ 0.4960114976068712 neg 0.2609429927449912 off 0.24304550964813773	false	0.0
abstieg	neg 1.0		__DUMMY__ 0.49213657655529996 neg 0.2679193491928997 off 0.23994407425180034	false	1.0
missverstehen	neg 1.0		__DUMMY__ 0.4910965187104037 neg 0.26542506310994096 off 0.2434784181796554	false	1.0
ergebnislos	neg 1.0		__DUMMY__ 0.4926611995018648 neg 0.26782884491406844 off 0.23950995558406685	false	1.0
unter			__DUMMY__ 0.4998760267812465 neg 0.26803995267890784 off 0.23208402053984575	false	0.0
manipulieren	neg 1.0		__DUMMY__ 0.4947488487064511 neg 0.26726182874451787 off 0.237989322549031	false	1.0
unbewiesen	neg 1.0		__DUMMY__ 0.4880771849278563 neg 0.27063683847968195 off 0.2412859765924617	false	1.0
verschleppen	neg 1.0		__DUMMY__ 0.49319896896327525 neg 0.26718843645135304 off 0.2396125945853718	false	1.0
weib	off 1.0		__DUMMY__ 0.48878273410311823 neg 0.2557428711525906 off 0.2554743947442912	false	0.5
opposition	neg 1.0		__DUMMY__ 0.48993894958820683 neg 0.26666186366701256 off 0.2433991867447805	false	1.0
verkehrswidrig	neg 1.0		__DUMMY__ 0.49265463660332576 neg 0.2541876073332618 off 0.2531577560634125	false	1.0
inkorrekt	neg 1.0		__DUMMY__ 0.4882855046912138 neg 0.2648393642276723 off 0.24687513108111386	false	1.0
vermeiden	neg 1.0		__DUMMY__ 0.49812313126542285 neg 0.26751616381140375 off 0.23436070492317343	false	1.0
abweichung	neg 1.0		__DUMMY__ 0.4901939728265075 neg 0.27093347757579944 off 0.2388725495976931	false	1.0
alkoholisiert	neg 1.0		__DUMMY__ 0.49705774606359754 neg 0.2620512481351968 off 0.24089100580120554	false	1.0
scheiss	off 1.0	off 1.0	off 0.6112216658433798 __DUMMY__ 0.24154131177556415 neg 0.14723702238105607	false	1.0
herausforderung	neg 1.0		__DUMMY__ 0.4973417533373826 neg 0.26236225672574726 off 0.2402959899368701	false	1.0
pervers	off 1.0		__DUMMY__ 0.4874708550522751 off 0.25803175830608555 neg 0.2544973866416393	false	1.0
wackelig	neg 1.0		__DUMMY__ 0.4978376988845802 neg 0.2617383115229508 off 0.24042398959246894	false	1.0
verwickeln	neg 1.0		__DUMMY__ 0.49199541868707963 neg 0.2645949718001536 off 0.24340960951276688	false	1.0
vorwand	neg 1.0		__DUMMY__ 0.49359231529806036 neg 0.2702769570529472 off 0.23613072764899232	false	1.0
muschi	off 1.0		__DUMMY__ 0.4915044415898262 neg 0.2663773189138101 off 0.24211823949636369	false	0.5
entmutigung	neg 1.0		__DUMMY__ 0.48714736664905645 neg 0.2691299846486577 off 0.24372264870228577	false	1.0
unangemessen	neg 1.0		__DUMMY__ 0.49140008484882497 neg 0.26965098278365657 off 0.23894893236751852	false	1.0
unstetig	neg 1.0		__DUMMY__ 0.4919461994579961 neg 0.2620670964449418 off 0.2459867040970621	false	1.0
entmutigen	neg 1.0		__DUMMY__ 0.49441884276286907 neg 0.26215632571511577 off 0.2434248315220152	false	1.0
schwanz	neg 1.0		__DUMMY__ 0.4932578400236937 neg 0.26666427965988104 off 0.24007788031642516	false	1.0
verbot	neg 1.0		__DUMMY__ 0.4901196254412271 neg 0.2702571749245153 off 0.23962319963425757	false	1.0
leid	neg 1.0		__DUMMY__ 0.49025866728285067 neg 0.25739132548325133 off 0.252350007233898	false	1.0
archaisch	neg 1.0		__DUMMY__ 0.4923788912394406 neg 0.2677788536766102 off 0.2398422550839491	false	1.0
gegen			__DUMMY__ 0.49232776309061704 neg 0.2714662940582009 off 0.23620594285118204	false	0.0
scheidung	neg 1.0	neg 1.0	neg 0.6086004065402855 __DUMMY__ 0.23963994913110315 off 0.15175964432861147	false	1.0
einschlag	neg 1.0		__DUMMY__ 0.4888277401207917 neg 0.25993419499255394 off 0.2512380648866545	false	1.0
m			__DUMMY__ 0.4951653445727371 neg 0.2637077303205685 off 0.24112692510669428	false	0.0
abgestanden	neg 1.0		__DUMMY__ 0.4955742512069561 neg 0.2617635835642832 off 0.2426621652287608	false	1.0
schmierig	off 1.0		__DUMMY__ 0.4914690889686134 neg 0.25706592069353157 off 0.25146499033785513	false	0.5
unpraktisch	neg 1.0		__DUMMY__ 0.4953392069508064 neg 0.26094792636539343 off 0.24371286668380013	false	1.0
wixxer	off 1.0		__DUMMY__ 0.4867379632680221 off 0.25810560293036083 neg 0.25515643380161707	false	1.0
bezeichnet			__DUMMY__ 0.49173416163587486 neg 0.267505036207006 off 0.24076080215711917	false	0.0
jammerlappen	off 1.0		__DUMMY__ 0.49213135308098543 neg 0.26146921486010993 off 0.2463994320589048	false	0.5
farce	neg 1.0		__DUMMY__ 0.4885152064325092 neg 0.27171155023905874 off 0.23977324332843214	false	1.0
zwecklos	neg 1.0		__DUMMY__ 0.49237576999975774 neg 0.268793119009476 off 0.23883111099076618	false	1.0
turbulent	neg 1.0		__DUMMY__ 0.4900934728068129 neg 0.25962020410577563 off 0.2502863230874115	false	1.0
invasion	neg 1.0		__DUMMY__ 0.49368364615069993 neg 0.26072266123752863 off 0.24559369261177155	false	1.0
schuld	neg 1.0		__DUMMY__ 0.4925392795246838 neg 0.264927903235501 off 0.24253281723981512	false	1.0
risiko	neg 1.0		__DUMMY__ 0.495009473426345 neg 0.25878108019777357 off 0.24620944637588144	false	1.0
finster	neg 1.0		__DUMMY__ 0.4953674573291156 neg 0.26188251102178783 off 0.24275003164909664	false	1.0
geisteskrank	off 1.0		__DUMMY__ 0.48928130469315795 neg 0.2631730661051757 off 0.24754562920166642	false	0.5
zusammenbrechen	neg 1.0		__DUMMY__ 0.4950185593078189 neg 0.2642541625066854 off 0.24072727818549575	false	1.0
ausbeute	neg 1.0		__DUMMY__ 0.4961641039914179 neg 0.26408679192487006 off 0.2397491040837122	false	1.0
hinterhalt	neg 1.0		__DUMMY__ 0.49347637866091254 neg 0.2630757645252079 off 0.2434478568138794	false	1.0
kritik	neg 1.0		__DUMMY__ 0.4896340607888159 neg 0.27028723607955024 off 0.24007870313163393	false	1.0
einschrumpfen	neg 1.0		__DUMMY__ 0.4895779953322874 neg 0.26481705003061295 off 0.24560495463709967	false	1.0
riskant	neg 1.0		__DUMMY__ 0.49432838405352475 neg 0.267633556894061 off 0.2380380590524142	false	1.0
frustrieren	neg 1.0		__DUMMY__ 0.4940233226563532 neg 0.26802770539232773 off 0.23794897195131917	false	1.0
groll	neg 1.0		__DUMMY__ 0.4929450634468467 neg 0.26777907079911367 off 0.23927586575403953	false	1.0
gibt			__DUMMY__ 0.4939595251962475 neg 0.26604063608733514 off 0.23999983871641734	false	0.0
qualvoll	neg 1.0		__DUMMY__ 0.49434802285360596 neg 0.26092124332267347 off 0.24473073382372051	false	1.0
wackeln	neg 1.0		__DUMMY__ 0.49592300654381594 neg 0.26081863483925494 off 0.243258358616929	false	1.0
klagen	neg 1.0		__DUMMY__ 0.4929937782212202 neg 0.2711395491048146 off 0.23586667267396516	false	1.0
bankrott	neg 1.0		__DUMMY__ 0.4930712334324388 neg 0.25981446740142383 off 0.24711429916613734	false	1.0
trauern	neg 1.0		__DUMMY__ 0.4944775675983643 neg 0.26713008790663983 off 0.23839234449499572	false	1.0
ablehnung	neg 1.0	neg 1.0	neg 0.6233550235225653 __DUMMY__ 0.2403382297469381 off 0.13630674673049656	false	1.0
stur	neg 1.0		__DUMMY__ 0.4927159719730145 neg 0.2642862856514366 off 0.24299774237554875	false	1.0
aufruhr	neg 1.0		__DUMMY__ 0.49055366423354907 neg 0.2672525627618964 off 0.24219377300455447	false	1.0
melancholie	neg 1.0		__DUMMY__ 0.4969658888959388 neg 0.26268166499836354 off 0.24035244610569753	false	1.0
ist			__DUMMY__ 0.49287003055039813 neg 0.263846040690093 off 0.24328392875950886	false	0.0
torheit	neg 1.0		__DUMMY__ 0.488976460478497 neg 0.2686723554687743 off 0.2423511840527286	false	1.0
dreckskind	off 1.0		__DUMMY__ 0.4868336497677337 neg 0.2607055383436922 off 0.2524608118885742	false	0.5
umtauschen	neg 1.0		__DUMMY__ 0.4954429896413317 neg 0.26255313049316653 off 0.24200387986550176	false	1.0
zum			__DUMMY__ 0.4991241465250232 neg 0.2658899007303984 off 0.23498595274457834	false	0.0
zersetzen	neg 1.0		__DUMMY__ 0.4938681953991806 neg 0.26911026947054384 off 0.23702153513027552	false	1.0
zur			__DUMMY__ 0.49497388145555304 neg 0.27130183180478307 off 0.23372428673966383	false	0.0
frust	neg 1.0		__DUMMY__ 0.4943888019359661 neg 0.2653643601581492 off 0.24024683790588477	false	1.0
unerbittlichkeit	neg 1.0		__DUMMY__ 0.4936470569548824 neg 0.26837622603038563 off 0.23797671701473186	false	1.0
zwei			__DUMMY__ 0.4979167358757816 neg 0.26553888230362027 off 0.23654438182059812	false	0.0
unkorrekt	neg 1.0		__DUMMY__ 0.4884603698878105 neg 0.263879157663329 off 0.24766047244886039	false	1.0
hexe	off 1.0		__DUMMY__ 0.4926146690799948 neg 0.2599974851049918 off 0.24738784581501327	false	0.5
lasch	neg 1.0		__DUMMY__ 0.4911063137064446 neg 0.264053008434805 off 0.24484067785875036	false	1.0
rivale	neg 1.0		__DUMMY__ 0.48957411520497846 neg 0.2594910419601134 off 0.2509348428349081	false	1.0
mutlos	off 1.0	off 1.0	off 0.6054537614288531 __DUMMY__ 0.24155190141321084 neg 0.1529943371579361	false	1.0
wirr	off 1.0		__DUMMY__ 0.48914319875164736 neg 0.2611905324208937 off 0.249666268827459	false	0.5
jahr			__DUMMY__ 0.4968526402293482 neg 0.26441614598988333 off 0.23873121378076834	false	0.0
wird			__DUMMY__ 0.49423989259639994 neg 0.26710659243336404 off 0.23865351497023607	false	0.0
strafbar	neg 1.0		__DUMMY__ 0.49138805977377165 neg 0.2710389424629002 off 0.23757299776332821	false	1.0
erosion	neg 1.0		__DUMMY__ 0.49454588323819915 neg 0.2613866020871485 off 0.24406751467465243	false	1.0
eingehen	neg 1.0		__DUMMY__ 0.4930786822688462 neg 0.2682265236700307 off 0.238694794061123	false	1.0
faul	off 1.0		__DUMMY__ 0.49424892888213684 neg 0.2590997952496774 off 0.24665127586818575	false	0.5
provisorium	neg 1.0		__DUMMY__ 0.4990308467448245 neg 0.2696419142024087 off 0.23132723905276678	false	1.0
schmerzen	neg 1.0		__DUMMY__ 0.49532693342763473 neg 0.26351461553143685 off 0.24115845104092837	false	1.0
schrumpfen	neg 1.0		__DUMMY__ 0.4962628113320984 neg 0.2699365300725757 off 0.23380065859532584	false	1.0
geistlos	off 1.0		__DUMMY__ 0.488485963569781 neg 0.2676012519274388 off 0.24391278450278028	false	0.5
fehlkauf	neg 1.0		__DUMMY__ 0.49156969547945967 neg 0.2636205496283647 off 0.24480975489217566	false	1.0
frustrierend	neg 1.0		__DUMMY__ 0.4929645886893271 neg 0.2615810405120421 off 0.24545437079863092	false	1.0
unzufrieden	neg 1.0		__DUMMY__ 0.49337871062186534 neg 0.2674544412392859 off 0.2391668481388489	false	1.0
verzweifeln	neg 1.0		__DUMMY__ 0.4943896679538256 neg 0.26422956439829154 off 0.2413807676478829	false	1.0
verzweifelt	neg 1.0		__DUMMY__ 0.49289044075898775 neg 0.2641846054514546 off 0.24292495378955767	false	1.0
misstrauensantrag	neg 1.0		__DUMMY__ 0.49019771346175384 neg 0.2655323765187803 off 0.24426991001946582	false	1.0
abfallen	neg 1.0		__DUMMY__ 0.49687392632439675 neg 0.25939775615134936 off 0.24372831752425383	false	1.0
fucker	off 1.0		__DUMMY__ 0.48992749105205147 neg 0.2603928125034264 off 0.24967969644452223	false	0.5
ungezogen	neg 1.0		__DUMMY__ 0.4893685343132102 off 0.25584627812223837 neg 0.25478518756455154	false	0.5
irrsinnig	neg 1.0	neg 1.0	neg 0.6210228848857215 __DUMMY__ 0.24140428261877755 off 0.13757283249550084	false	1.0
unfassbar	neg 1.0		__DUMMY__ 0.4922610304238407 neg 0.260709663337036 off 0.2470293062391233	false	1.0
hart	neg 1.0		__DUMMY__ 0.49105757390027355 neg 0.2618711187574828 off 0.24707130734224378	false	1.0
widerlich	off 1.0		__DUMMY__ 0.490609126711004 neg 0.26188818306968803 off 0.24750269021930793	false	0.5
fatal	neg 1.0		__DUMMY__ 0.4919834817873617 neg 0.2632145456205039 off 0.2448019725921345	false	1.0
bruch	neg 1.0		__DUMMY__ 0.49223329965771084 neg 0.2726249055698197 off 0.23514179477246933	false	1.0
aushungern	neg 1.0		__DUMMY__ 0.4902569109131438 neg 0.26801299599347206 off 0.24173009309338417	false	1.0
anspannung	neg 1.0		__DUMMY__ 0.49769528478618813 neg 0.2665556753192042 off 0.2357490398946077	false	1.0
von			__DUMMY__ 0.4959516806608341 neg 0.2667299428462428 off 0.23731837649292303	false	0.0
kraftlos	neg 1.0		__DUMMY__ 0.4973461420562256 neg 0.2626730813163068 off 0.2399807766274676	false	1.0
vom			__DUMMY__ 0.49878479496677175 neg 0.2688442716942459 off 0.23237093333898234	false	0.0
grenzdebil	off 1.0		__DUMMY__ 0.4923484321055807 neg 0.25943378258141625 off 0.24821778531300304	false	0.5
vor			__DUMMY__ 0.49612368447788374 neg 0.2675368584346281 off 0.236339457087488	false	0.0
unterwerfen	neg 1.0		__DUMMY__ 0.4933130044899806 neg 0.2682192065487557 off 0.2384677889612637	false	1.0
versenkung	neg 1.0		__DUMMY__ 0.4938223581499508 neg 0.26822686473216245 off 0.23795077711788662	false	1.0
entziehen	neg 1.0		__DUMMY__ 0.4939269336828764 neg 0.27044693482216414 off 0.2356261314949593	false	1.0
finanzkrise	neg 1.0		__DUMMY__ 0.49013238303338996 neg 0.26858608365930353 off 0.24128153330730653	false	1.0
schimpfend	neg 1.0		__DUMMY__ 0.49757434933125616 neg 0.2576149895876812 off 0.24481066108106284	false	1.0
profan	neg 1.0		__DUMMY__ 0.4931057445186216 neg 0.26281304516758597 off 0.2440812103137923	false	1.0
korruption	neg 1.0		__DUMMY__ 0.49020205950945 neg 0.27058525498920244 off 0.23921268550134764	false	1.0
â			__DUMMY__ 0.4948773683864866 neg 0.2650768449661429 off 0.2400457866473704	false	0.0
schmutzig	neg 1.0		__DUMMY__ 0.4943139041834094 neg 0.25745692334914316 off 0.24822917246744744	false	1.0
sexy	neg 1.0		__DUMMY__ 0.4925795301014984 neg 0.2610048989267243 off 0.24641557097177713	false	1.0
abraten	neg 1.0		__DUMMY__ 0.49389023315466357 neg 0.26281459850659006 off 0.24329516833874623	false	1.0
schwarz	neg 1.0		__DUMMY__ 0.492237861264535 neg 0.2638718941293047 off 0.2438902446061602	false	1.0
fotze	off 1.0		__DUMMY__ 0.49219819236018625 neg 0.26748984275071913 off 0.24031196488909462	false	0.5
verwirren	neg 1.0		__DUMMY__ 0.4927103747038602 neg 0.2624457027423308 off 0.2448439225538091	false	1.0
zahnlos	off 1.0		__DUMMY__ 0.49186939752135245 neg 0.2690980589134543 off 0.2390325435651931	false	0.5
verheeren	neg 1.0		__DUMMY__ 0.48719655267423995 off 0.25776521420769966 neg 0.2550382331180604	false	0.5
hippie	neg 1.0		__DUMMY__ 0.4922976304598022 neg 0.26159317548716965 off 0.24610919405302817	false	1.0
rammen	neg 1.0		__DUMMY__ 0.4928523273545108 neg 0.2622363090088039 off 0.24491136363668536	false	1.0
unlauter	neg 1.0	neg 1.0	neg 0.6211478272930284 __DUMMY__ 0.24035224928906723 off 0.13849992341790435	false	1.0
unheilvoll	neg 1.0		__DUMMY__ 0.49409946271842536 neg 0.2616645326044586 off 0.2442360046771159	false	1.0
niedrig	neg 1.0		__DUMMY__ 0.49284532979099066 neg 0.2681749545508712 off 0.23897971565813825	false	1.0
explosion	neg 1.0		__DUMMY__ 0.49323823415864443 neg 0.2609808438738247 off 0.24578092196753093	false	1.0
weichei	off 1.0		__DUMMY__ 0.4895402499713179 neg 0.25758666368858574 off 0.2528730863400963	false	0.5
minusmensch	off 1.0		__DUMMY__ 0.4845998311869567 neg 0.25879241788723895 off 0.2566077509258043	false	0.5
farblos	neg 1.0		__DUMMY__ 0.493447364720644 neg 0.2631988224318022 off 0.24335381284755395	false	1.0
unwissend	neg 1.0		__DUMMY__ 0.4911272146702559 neg 0.2621813526771666 off 0.24669143265257742	false	1.0
traurig	neg 1.0		__DUMMY__ 0.49227412124306913 neg 0.25763712286804774 off 0.2500887558888831	false	1.0
senkung	neg 1.0		__DUMMY__ 0.49203704887913763 neg 0.2625965492795443 off 0.24536640184131808	false	1.0
ungleich	neg 1.0	neg 1.0	neg 0.6232774816281833 __DUMMY__ 0.24166361285468807 off 0.13505890551712854	false	1.0
heikel	neg 1.0		__DUMMY__ 0.4938368605933581 neg 0.26929255958013987 off 0.2368705798265021	false	1.0
drosselung	neg 1.0		__DUMMY__ 0.49212877960638235 neg 0.25745355543544896 off 0.25041766495816864	false	1.0
falsch	neg 1.0		__DUMMY__ 0.49221675698816175 neg 0.26199040509366905 off 0.24579283791816928	false	1.0
unzufriedenheit	neg 1.0		__DUMMY__ 0.49391820729406566 neg 0.2692650452565427 off 0.23681674744939166	false	1.0
kurz	neg 1.0		__DUMMY__ 0.49635398853677815 neg 0.26279963805415923 off 0.24084637340906248	false	1.0
unsinnig	neg 1.0		__DUMMY__ 0.49269506927771883 neg 0.2678414723100637 off 0.23946345841221742	false	1.0
penner	off 1.0	off 1.0	off 0.6147606457575036 __DUMMY__ 0.2400436416538156 neg 0.1451957125886809	false	1.0
seicht	neg 1.0		__DUMMY__ 0.48721204815439767 neg 0.257800864113845 off 0.25498708773175727	false	1.0
dummheit	off 1.0	off 1.0	off 0.6087008422132825 __DUMMY__ 0.24093490666675924 neg 0.15036425111995821	false	1.0
unerfreulich	neg 1.0		__DUMMY__ 0.49489199308480664 neg 0.2685813493066435 off 0.23652665760854993	false	1.0
motherfucker	off 1.0	off 1.0	off 0.6119144051794896 __DUMMY__ 0.2402978193077149 neg 0.1477877755127955	false	1.0
pikiert	neg 1.0		__DUMMY__ 0.4912110958739861 neg 0.26246352812621376 off 0.24632537599980012	false	1.0
wrack	neg 1.0		__DUMMY__ 0.4939808076490285 neg 0.2661672941395368 off 0.23985189821143463	false	1.0
gangster	neg 1.0		__DUMMY__ 0.49248480274577794 neg 0.26223534544324006 off 0.24527985181098216	false	1.0
krank	neg 1.0		__DUMMY__ 0.4936292088751867 neg 0.25793647374024425 off 0.24843431738456917	false	1.0
reich	neg 1.0		__DUMMY__ 0.4874126198708578 neg 0.26583108496727836 off 0.2467562951618637	false	1.0
gnadenlos	neg 1.0		__DUMMY__ 0.4926483241722048 neg 0.2646775543145131 off 0.24267412151328213	false	1.0
niedergeschlagen	neg 1.0		__DUMMY__ 0.4949104715169058 neg 0.26433062343954017 off 0.2407589050435539	false	1.0
terrorisieren	off 1.0	off 1.0	off 0.6054373200878965 __DUMMY__ 0.24258067558971808 neg 0.1519820043223854	false	1.0
sinnlosigkeit	neg 1.0		__DUMMY__ 0.4926157035052588 neg 0.26803645546154903 off 0.23934784103319215	false	1.0
behindern	neg 1.0		__DUMMY__ 0.49477222648065566 neg 0.2629682942318385 off 0.24225947928750585	false	1.0
undemokratisch	neg 1.0		__DUMMY__ 0.4893318067940982 neg 0.26789513111334046 off 0.24277306209256141	false	1.0
wirtschaftskrise	neg 1.0		__DUMMY__ 0.4916926332088871 neg 0.2686909056991284 off 0.23961646109198442	false	1.0
neid	neg 1.0		__DUMMY__ 0.4947156679723702 neg 0.259209512009366 off 0.2460748200182637	false	1.0
rutschen	neg 1.0		__DUMMY__ 0.5005282339378395 neg 0.2637618803958766 off 0.23570988566628398	false	1.0
rezession	neg 1.0		__DUMMY__ 0.48803466865673456 neg 0.2606503651435851 off 0.2513149661996804	false	1.0
fehlgeburt	neg 1.0		__DUMMY__ 0.49399170978296875 neg 0.2629593595019489 off 0.24304893071508238	false	1.0
charakterschwach	off 1.0		__DUMMY__ 0.4906624688924959 neg 0.2619907299043164 off 0.2473468012031879	false	0.5
isolation	neg 1.0		__DUMMY__ 0.49196425977229663 neg 0.26080175297984776 off 0.2472339872478555	false	1.0
ablenkung	neg 1.0		__DUMMY__ 0.4944839764106051 neg 0.2630873026208566 off 0.24242872096853826	false	1.0
pech	neg 1.0		__DUMMY__ 0.4932728854393348 neg 0.261565494055116 off 0.24516162050554924	false	1.0
vermeidung	neg 1.0		__DUMMY__ 0.49321114077358785 neg 0.2573371664197354 off 0.24945169280667653	false	1.0
dominieren	neg 1.0		__DUMMY__ 0.4921180826832058 neg 0.2676757262494713 off 0.24020619106732294	false	1.0
schwindlig	neg 1.0		__DUMMY__ 0.4949016556495596 neg 0.2598907936080033 off 0.245207550742437	false	1.0
lutscher	neg 1.0		__DUMMY__ 0.4873228741148242 neg 0.2567973059835321 off 0.25587981990164366	false	1.0
pflicht	neg 1.0		__DUMMY__ 0.49369310070326927 neg 0.2696175403354171 off 0.23668935896131343	false	1.0
faschist	off 1.0		__DUMMY__ 0.48953675962935 neg 0.2664853973767891 off 0.243977842993861	false	0.5
verschleudern	neg 1.0		__DUMMY__ 0.4914042302938248 neg 0.2698535024524154 off 0.23874226725375983	false	1.0
wenn			__DUMMY__ 0.4923177626931491 neg 0.2619130744365836 off 0.2457691628702672	false	0.0
ehebruch	neg 1.0		__DUMMY__ 0.49258429568315926 neg 0.2686901804535539 off 0.23872552386328671	false	1.0
spott	off 1.0		__DUMMY__ 0.49284093450169003 neg 0.2690516807168658 off 0.23810738478144408	false	0.5
trostlosigkeit	neg 1.0		__DUMMY__ 0.49152112603754644 neg 0.27206763953875196 off 0.23641123442370157	false	1.0
lutschen	neg 1.0		__DUMMY__ 0.49013748294903364 neg 0.2635688670320616 off 0.2462936500189046	false	1.0
undiszipliniert	neg 1.0		__DUMMY__ 0.49157331476045196 neg 0.2592196415229626 off 0.2492070437165854	false	1.0
kopfschmerz	neg 1.0		__DUMMY__ 0.4947433339447447 neg 0.2634912736441608 off 0.24176539241109452	false	1.0
unvorhergesehen	neg 1.0		__DUMMY__ 0.4970188400387305 neg 0.26219117568641204 off 0.24078998427485754	false	1.0
desinteressiert	neg 1.0		__DUMMY__ 0.49076520764084414 neg 0.26053070453901356 off 0.2487040878201423	false	1.0
armselig	off 1.0		__DUMMY__ 0.48986278574206576 neg 0.26058402908719175 off 0.24955318517074246	false	0.5
desaster	neg 1.0		__DUMMY__ 0.4918317528542211 neg 0.27356349643345373 off 0.23460475071232523	false	1.0
tod	neg 1.0		__DUMMY__ 0.4923215905024326 neg 0.2692267522976919 off 0.2384516571998753	false	1.0
herzlos	neg 1.0		__DUMMY__ 0.4919453305864409 neg 0.2572541427460324 off 0.2508005266675266	false	1.0
unwissenheit	neg 1.0		__DUMMY__ 0.4923973713309286 neg 0.2682456234817692 off 0.23935700518730219	false	1.0
widersinnig	neg 1.0		__DUMMY__ 0.48909617553756896 neg 0.2712007747573642 off 0.2397030497050667	false	1.0
bedenklich	neg 1.0		__DUMMY__ 0.4934662451955283 neg 0.2686462376425609 off 0.23788751716191084	false	1.0
beanstanden	neg 1.0		__DUMMY__ 0.4935769419315383 neg 0.2702209987635856 off 0.23620205930487614	false	1.0
panisch	neg 1.0	neg 1.0	neg 0.6169021312186745 __DUMMY__ 0.24405807411920352 off 0.139039794662122	false	1.0
debil	off 1.0		__DUMMY__ 0.49567480883614945 neg 0.2703702275470242 off 0.2339549636168264	false	0.5
abstrich	neg 1.0		__DUMMY__ 0.4968066446598577 neg 0.2599092987172623 off 0.24328405662287989	false	1.0
primitiv	neg 1.0		__DUMMY__ 0.49030291570788376 neg 0.26166679228115675 off 0.24803029201095955	false	1.0
abschaum	off 1.0	off 1.0	off 0.6100866323902522 __DUMMY__ 0.24043873682947978 neg 0.14947463078026796	false	1.0
provozieren	neg 1.0		__DUMMY__ 0.49177989731867716 neg 0.2663353569322397 off 0.24188474574908314	false	1.0
tot	neg 1.0		__DUMMY__ 0.4929306667069253 neg 0.2660441351293135 off 0.2410251981637612	false	1.0
instabil	neg 1.0		__DUMMY__ 0.48785282618376374 neg 0.26195326075557746 off 0.25019391306065875	false	1.0
schwuchtel	off 1.0		__DUMMY__ 0.48410231507451135 off 0.2607498604514281 neg 0.2551478244740606	false	1.0
zerren	neg 1.0		__DUMMY__ 0.49457844173025894 neg 0.2649296100741261 off 0.240491948195615	false	1.0
kinderficker	off 1.0		__DUMMY__ 0.4883674172358827 neg 0.2600063724672118 off 0.2516262102969057	false	0.5
gefahr	neg 1.0		__DUMMY__ 0.49227557958789453 neg 0.26950704677049153 off 0.2382173736416139	false	1.0
rabiat	neg 1.0		__DUMMY__ 0.4931194625237831 neg 0.26500333632372985 off 0.24187720115248712	false	1.0
verlangsamung	neg 1.0		__DUMMY__ 0.4877730434223756 neg 0.2573528827318827 off 0.25487407384574173	false	1.0
ausgestorben	neg 1.0		__DUMMY__ 0.49402191413616764 neg 0.26555833203686985 off 0.2404197538269626	false	1.0
anklagen	neg 1.0		__DUMMY__ 0.49209951577100147 neg 0.2664735496068458 off 0.24142693462215262	false	1.0
trott	neg 1.0		__DUMMY__ 0.494194089830566 neg 0.2635307561372081 off 0.24227515403222588	false	1.0
verminderung	neg 1.0		__DUMMY__ 0.4909947263565932 neg 0.25934579898453647 off 0.24965947465887034	false	1.0
nach			__DUMMY__ 0.4991320694278593 neg 0.2656925534473022 off 0.23517537712483846	false	0.0
rost	neg 1.0		__DUMMY__ 0.48869423519568117 neg 0.2559195174445273 off 0.2553862473597916	false	1.0
destruktiv	neg 1.0		__DUMMY__ 0.4914476693575839 neg 0.2679871901004877 off 0.2405651405419284	false	1.0
unzumutbarkeit	neg 1.0		__DUMMY__ 0.4922865797916617 neg 0.25848772146568605 off 0.24922569874265224	false	1.0
labil	off 1.0	off 1.0	off 0.6107377811528197 __DUMMY__ 0.24052388904744934 neg 0.14873832979973092	false	1.0
ziemlich	neg 1.0		__DUMMY__ 0.4921783551559825 neg 0.2602186603981218 off 0.2476029844458956	false	1.0
lachnummer	off 1.0		__DUMMY__ 0.4913305528071737 neg 0.268158782633111 off 0.2405106645597153	false	0.5
oder			__DUMMY__ 0.4947676971893777 neg 0.26314462363529334 off 0.24208767917532906	false	0.0
verfall	neg 1.0		__DUMMY__ 0.4949190833606132 neg 0.27165072390173584 off 0.23343019273765095	false	1.0
ausgrenzung	neg 1.0		__DUMMY__ 0.48971456730863483 neg 0.26659429964700154 off 0.24369113304436352	false	1.0
unordnung	neg 1.0		__DUMMY__ 0.4881931982878031 neg 0.26082027559397764 off 0.25098652611821926	false	1.0
fehlverhalten	neg 1.0		__DUMMY__ 0.4923061039997092 neg 0.2701353082735031 off 0.23755858772678753	false	1.0
eine			__DUMMY__ 0.4958293359891785 neg 0.2675472975221284 off 0.23662336648869314	false	0.0
nille	neg 1.0		__DUMMY__ 0.4908584031886925 neg 0.26747333892965136 off 0.2416682578816561	false	1.0
qual	neg 1.0		__DUMMY__ 0.49391831550781196 neg 0.2639669438356584 off 0.24211474065652958	false	1.0
verschwenden	neg 1.0		__DUMMY__ 0.494353493943445 neg 0.2673568818826475 off 0.23828962417390753	false	1.0
riesig	neg 1.0		__DUMMY__ 0.49521512008872504 neg 0.2629688765930218 off 0.2418160033182531	false	1.0
verurteilen	neg 1.0		__DUMMY__ 0.49192974391656635 neg 0.26860196381162127 off 0.2394682922718123	false	1.0
klischee	neg 1.0	neg 1.0	neg 0.6205473909862785 __DUMMY__ 0.240457826106686 off 0.1389947829070355	false	1.0
diktatorisch	neg 1.0		__DUMMY__ 0.4884853369551879 neg 0.26902656052581936 off 0.24248810251899267	false	1.0
vorhersehbar	neg 1.0		__DUMMY__ 0.4908965092009938 neg 0.2655204693927558 off 0.24358302140625027	false	1.0
sowie			__DUMMY__ 0.4877942611238242 neg 0.25903912557045305 off 0.2531666133057228	false	0.0
stornieren	neg 1.0		__DUMMY__ 0.49508911650684007 neg 0.2593900347114738 off 0.24552084878168623	false	1.0
besteuerung	neg 1.0		__DUMMY__ 0.492284397841759 neg 0.26425275107020146 off 0.24346285108803958	false	1.0
ungeschminkt	neg 1.0		__DUMMY__ 0.4919510020144133 neg 0.2596987475819336 off 0.2483502504036531	false	1.0
kritisch	neg 1.0		__DUMMY__ 0.49243103541974553 neg 0.26961017776944823 off 0.23795878681080632	false	1.0
schlamperei	off 1.0		__DUMMY__ 0.49158274304193217 neg 0.2700486718097766 off 0.23836858514829132	false	0.5
sucht	neg 1.0	neg 1.0	neg 0.61624378008186 __DUMMY__ 0.24404387036400135 off 0.13971234955413864	false	1.0
egoistisch	off 1.0		__DUMMY__ 0.4897847390200392 neg 0.2574229996070264 off 0.2527922613729343	false	0.5
ausbeuter	off 1.0		__DUMMY__ 0.49220038973942365 neg 0.27057225462342355 off 0.23722735563715272	false	0.5
arschgeburt	off 1.0		__DUMMY__ 0.4840672820430482 off 0.26059284844637987 neg 0.2553398695105718	false	1.0
schubs	neg 1.0	neg 1.0	neg 0.6197311560521168 __DUMMY__ 0.24394277003425907 off 0.1363260739136241	false	1.0
unsolide	neg 1.0		__DUMMY__ 0.48494094512100455 neg 0.27013270888394514 off 0.2449263459950503	false	1.0
beschwerde	neg 1.0		__DUMMY__ 0.4915935959739507 neg 0.2691961803297737 off 0.2392102236962756	false	1.0
stocken	neg 1.0		__DUMMY__ 0.49414412454313306 neg 0.2664100878169337 off 0.23944578763993335	false	1.0
isolieren	neg 1.0		__DUMMY__ 0.4955230571625365 neg 0.26245796395712534 off 0.24201897888033821	false	1.0
unheilbar	neg 1.0		__DUMMY__ 0.4939491447106932 neg 0.2629759431104395 off 0.2430749121788673	false	1.0
pisser	off 1.0		__DUMMY__ 0.4889945080069826 neg 0.2604305629577921 off 0.25057492903522527	false	0.5
löschen	neg 1.0		__DUMMY__ 0.4925411405779041 neg 0.26427397083651727 off 0.2431848885855786	false	1.0
durchfallen	neg 1.0		__DUMMY__ 0.4932350517997225 neg 0.2684107374441828 off 0.23835421075609475	false	1.0
wichser	off 1.0		__DUMMY__ 0.48765540910615535 off 0.2572285502977767 neg 0.25511604059606785	false	1.0
terror	neg 1.0		__DUMMY__ 0.49350307705619983 neg 0.2603041172363051 off 0.2461928057074951	false	1.0
krass	neg 1.0		__DUMMY__ 0.4908936847737356 neg 0.25820793131264613 off 0.25089838391361835	false	1.0
revolte	neg 1.0	neg 1.0	neg 0.6223417244861489 __DUMMY__ 0.23883890220058993 off 0.13881937331326116	false	1.0
besorgt	neg 1.0		__DUMMY__ 0.4963562372825455 neg 0.26274135559369555 off 0.24090240712375893	false	1.0
nachlassen	neg 1.0		__DUMMY__ 0.4959568560756572 neg 0.2634114522898961 off 0.24063169163444686	false	1.0
alt	neg 1.0		__DUMMY__ 0.4959132869242771 neg 0.26574314719828207 off 0.23834356587744077	false	1.0
hundesohn	off 1.0		__DUMMY__ 0.4857831287147046 neg 0.2582391133596053 off 0.25597775792568994	false	0.5
als			__DUMMY__ 0.4947778332122818 neg 0.26555204771463786 off 0.23967011907308036	false	0.0
abschreckung	neg 1.0		__DUMMY__ 0.4931301671910399 neg 0.2704463643783518 off 0.23642346843060824	false	1.0
unqualifiziert	neg 1.0		__DUMMY__ 0.49084033213552203 neg 0.26524341951217223 off 0.24391624835230577	false	1.0
abgewichst	off 1.0		__DUMMY__ 0.4929643202792771 neg 0.26585579898460343 off 0.2411798807361193	false	0.5
schwer	neg 1.0		__DUMMY__ 0.49416288249297513 neg 0.2643327049860964 off 0.24150441252092852	false	1.0
bedeutungslosigkeit	neg 1.0		__DUMMY__ 0.4925225582988773 neg 0.27056130001992457 off 0.23691614168119815	false	1.0
kapitulation	neg 1.0		__DUMMY__ 0.4898510944667732 neg 0.2715481190177731 off 0.23860078651545363	false	1.0
unscharf	neg 1.0		__DUMMY__ 0.4931013735295961 neg 0.2616700918774477 off 0.24522853459295624	false	1.0
schwinden	neg 1.0		__DUMMY__ 0.49518374504547874 neg 0.26661371243551424 off 0.23820254251900713	false	1.0
versklavung	neg 1.0		__DUMMY__ 0.4894482655265785 neg 0.2679623978788041 off 0.24258933659461746	false	1.0
schlecht	neg 1.0		__DUMMY__ 0.49248454106769585 neg 0.25946142318563686 off 0.24805403574666732	false	1.0
verhasst	neg 1.0		__DUMMY__ 0.4912831714048773 neg 0.2669111241201702 off 0.2418057044749526	false	1.0
beschweren	neg 1.0		__DUMMY__ 0.4934712788257844 neg 0.26291153679178586 off 0.24361718438242988	false	1.0
scheiden	neg 1.0		__DUMMY__ 0.49376843000935855 neg 0.264859628166789 off 0.2413719418238526	false	1.0
frustriert	neg 1.0		__DUMMY__ 0.49382688654746526 neg 0.2657582309599641 off 0.24041488249257084	false	1.0
schimmelig	neg 1.0		__DUMMY__ 0.49373909150683304 neg 0.2675046336751583 off 0.23875627481800873	false	1.0
fisch	neg 1.0		__DUMMY__ 0.49412428843454587 neg 0.26665282146507857 off 0.23922289010037553	false	1.0
schmuggel	neg 1.0		__DUMMY__ 0.49649369583103775 neg 0.2655464384710127 off 0.2379598656979495	false	1.0
auffallen	neg 1.0		__DUMMY__ 0.492897136392452 neg 0.263125446799956 off 0.2439774168075922	false	1.0
konkurrenz	neg 1.0		__DUMMY__ 0.49469732889774537 neg 0.2689437343544375 off 0.2363589367478171	false	1.0
teufelskreis	neg 1.0		__DUMMY__ 0.4932183153045739 neg 0.26616127892385827 off 0.2406204057715677	false	1.0
aufschreien	neg 1.0		__DUMMY__ 0.49147799841192696 neg 0.2648827928615795 off 0.24363920872649347	false	1.0
schuldner	neg 1.0		__DUMMY__ 0.4924113903885222 neg 0.26952914828182056 off 0.23805946132965727	false	1.0
missgeburt	off 1.0	off 1.0	off 0.6137838110595333 __DUMMY__ 0.23861476105878746 neg 0.1476014278816792	false	1.0
arbeitslos	neg 1.0		__DUMMY__ 0.49246068718076547 neg 0.2683135021501934 off 0.2392258106690412	false	1.0
befallen	neg 1.0		__DUMMY__ 0.4917768442165355 neg 0.2684851311124728 off 0.23973802467099167	false	1.0
miesepetrig	off 1.0		__DUMMY__ 0.4939873688562848 neg 0.25778220626267667 off 0.2482304248810386	false	0.5
alarmieren	neg 1.0		__DUMMY__ 0.49018365184806284 neg 0.2630296011255712 off 0.24678674702636608	false	1.0
ungeduscht	off 1.0		__DUMMY__ 0.49305334520179783 neg 0.26168493909111934 off 0.2452617157070827	false	0.5
knappheit	neg 1.0		__DUMMY__ 0.49262612081575774 neg 0.26758229757919266 off 0.23979158160504963	false	1.0
schlange	neg 1.0		__DUMMY__ 0.4948406685619077 neg 0.26138877436416946 off 0.24377055707392278	false	1.0
harsch	neg 1.0		__DUMMY__ 0.49185482094322824 off 0.25459253567217527 neg 0.2535526433845965	false	0.5
lang	neg 1.0		__DUMMY__ 0.49345008007126584 neg 0.2629911306064373 off 0.24355878932229688	false	1.0
ziellos	neg 1.0		__DUMMY__ 0.4944871662220408 neg 0.26633933014662436 off 0.23917350363133488	false	1.0
selbstverliebt	neg 1.0		__DUMMY__ 0.4849312325469607 off 0.25780293572749263 neg 0.25726583172554685	false	0.5
beseitigen	neg 1.0		__DUMMY__ 0.49391425699516406 neg 0.26284578110706625 off 0.24323996189776964	false	1.0
dumm	off 1.0		__DUMMY__ 0.48898133056364024 neg 0.2576414679918135 off 0.2533772014445463	false	0.5
arbeitsloser	neg 1.0		__DUMMY__ 0.4927179075960914 neg 0.2688959223635004 off 0.2383861700404081	false	1.0
blitzen	neg 1.0		__DUMMY__ 0.4923393942822876 neg 0.2616084236136612 off 0.24605218210405128	false	1.0
hilflos	neg 1.0		__DUMMY__ 0.49411578526205874 neg 0.26579053960965354 off 0.24009367512828772	false	1.0
eklig	off 1.0		__DUMMY__ 0.48813893610925596 neg 0.2577133237587483 off 0.2541477401319957	false	0.5
begriff			__DUMMY__ 0.4931647511439335 neg 0.26650459726087045 off 0.2403306515951961	false	0.0
hungersnot	neg 1.0		__DUMMY__ 0.48979538045999704 neg 0.26903776070375635 off 0.2411668588362466	false	1.0
ungesetzlich	neg 1.0		__DUMMY__ 0.4881409610812551 neg 0.2681984945153016 off 0.24366054440344326	false	1.0
verschwendung	neg 1.0		__DUMMY__ 0.49440411873285506 neg 0.26823043133155505 off 0.2373654499355898	false	1.0
schmerzvoll	neg 1.0		__DUMMY__ 0.4936160823617397 neg 0.2627295188096193 off 0.24365439882864093	false	1.0
vorzeitig	neg 1.0		__DUMMY__ 0.49152534600603387 neg 0.26091962257113915 off 0.24755503142282692	false	1.0
unvollkommenheit	neg 1.0		__DUMMY__ 0.49372384146484316 neg 0.2637603212390712 off 0.24251583729608578	false	1.0
intervenieren	neg 1.0		__DUMMY__ 0.49179953040569974 neg 0.2706204981199917 off 0.23757997147430848	false	1.0
banause	off 1.0		__DUMMY__ 0.4878919414084486 neg 0.256329911104361 off 0.25577814748719035	false	0.5
rebell	neg 1.0		__DUMMY__ 0.4955382091467511 neg 0.2676187110639178 off 0.23684307978933106	false	1.0
unlogisch	neg 1.0		__DUMMY__ 0.4896761926852972 neg 0.2606823682179011 off 0.24964143909680167	false	1.0
leiden	neg 1.0	neg 1.0	neg 0.6173654515141138 __DUMMY__ 0.24697156178342997 off 0.13566298670245636	false	1.0
abschaffung	neg 1.0		__DUMMY__ 0.49065162828742337 neg 0.26678022249045996 off 0.2425681492221167	false	1.0
sturz	neg 1.0		__DUMMY__ 0.4909578732845139 neg 0.2656938784166867 off 0.24334824829879945	false	1.0
verkleinerung	neg 1.0		__DUMMY__ 0.48830002594466704 neg 0.2664907454124758 off 0.24520922864285705	false	1.0
schmarotzer	off 1.0		__DUMMY__ 0.4917128578899052 neg 0.26969074991392517 off 0.23859639219616957	false	0.5
bestrafung	neg 1.0		__DUMMY__ 0.49278316555278634 neg 0.2640109701027659 off 0.24320586434444777	false	1.0
achtlos	neg 1.0		__DUMMY__ 0.494717482770297 neg 0.26363877833900623 off 0.24164373889069685	false	1.0
ungeheuer	neg 1.0		__DUMMY__ 0.4927813208695056 neg 0.26287001266102 off 0.24434866646947445	false	1.0
unaufrichtig	neg 1.0		__DUMMY__ 0.4905332599998386 neg 0.26448597165716103 off 0.24498076834300037	false	1.0
groggy	neg 1.0		__DUMMY__ 0.49179930113429043 neg 0.26253265961038535 off 0.24566803925532432	false	1.0
verletzlich	neg 1.0		__DUMMY__ 0.4917082120803408 neg 0.2601633677670947 off 0.2481284201525644	false	1.0
ablehnen	neg 1.0		__DUMMY__ 0.4921373428162571 neg 0.2686360961589108 off 0.2392265610248322	false	1.0
