unsolidarisch	neg 1.0		neg 0.522175143530085 off 0.4703117521943301 __DUMMY__ 0.00751310427558481	false	1.0
nachteilig	neg 1.0		neg 0.5221524845668623 off 0.4702515675720023 __DUMMY__ 0.007595947861135376	false	1.0
skeptisch	neg 1.0		neg 0.5241615584042811 off 0.46821492562112793 __DUMMY__ 0.007623515974590894	false	1.0
schrecklich	neg 1.0		neg 0.5106534824268784 off 0.4817898492750354 __DUMMY__ 0.007556668298086329	false	1.0
schlapp	neg 1.0		neg 0.5129478085175805 off 0.4794385905607363 __DUMMY__ 0.007613600921683155	false	1.0
abfall	neg 1.0		neg 0.5253125533511716 off 0.4670487375384512 __DUMMY__ 0.007638709110377116	false	1.0
widerspenstig	neg 1.0		neg 0.5172213921945192 off 0.47513876929274945 __DUMMY__ 0.007639838512731319	false	1.0
abrupt	neg 1.0		neg 0.5177488239073185 off 0.4745909031048794 __DUMMY__ 0.0076602729878022515	false	1.0
unwirksam	neg 1.0		neg 0.5216086967101747 off 0.4708709679959771 __DUMMY__ 0.0075203352938481285	false	1.0
angreifen	neg 1.0		neg 0.5235125143061615 off 0.4688844257149868 __DUMMY__ 0.007603059978851801	false	1.0
inkonsistent	neg 1.0		neg 0.5165049369189657 off 0.47591124884308217 __DUMMY__ 0.007583814237952203	false	1.0
abrutschen	neg 1.0		neg 0.524787368099327 off 0.4675650007372286 __DUMMY__ 0.007647631163444327	false	1.0
unsicher	neg 1.0		neg 0.5185246709542758 off 0.47386232876339707 __DUMMY__ 0.007613000282327026	false	1.0
bauernkind	off 1.0		neg 0.5093395293942001 off 0.48316669586561206 __DUMMY__ 0.007493774740187818	false	0.5
angreifer	neg 1.0		neg 0.5169927099714297 off 0.47545378611481376 __DUMMY__ 0.007553503913756497	false	1.0
trennen	neg 1.0		neg 0.5213108573347274 off 0.4710245831282354 __DUMMY__ 0.007664559537037051	false	1.0
schmutz	neg 1.0		neg 0.5104484062468275 off 0.48191129730433085 __DUMMY__ 0.007640296448841675	false	1.0
inkonsistenz	neg 1.0	neg 1.0	neg 0.7443592753013821 off 0.252014955673189 __DUMMY__ 0.0036257690254288717	false	1.0
erschreckend	neg 1.0		neg 0.5207551275699921 off 0.47164917967038733 __DUMMY__ 0.007595692759620779	false	1.0
ertrinken	neg 1.0		neg 0.5206893403340112 off 0.47166490381024845 __DUMMY__ 0.007645755855740389	false	1.0
pickelface	off 1.0		neg 0.5192095729758127 off 0.4732233932804867 __DUMMY__ 0.007567033743700571	false	0.5
seiner			neg 0.5230894175351015 off 0.46929387689727253 __DUMMY__ 0.0076167055676258635	false	0.0
lauch	neg 1.0		neg 0.5238016556842714 off 0.46856595176816546 __DUMMY__ 0.007632392547563097	false	1.0
unwichtig	neg 1.0		neg 0.5147350922725705 off 0.47768748177403697 __DUMMY__ 0.007577425953392629	false	1.0
steuerhinterziehung	neg 1.0		neg 0.522296182503338 off 0.47016191987559713 __DUMMY__ 0.007541897621064851	false	1.0
schock	neg 1.0		neg 0.5182042932643851 off 0.47414009138476293 __DUMMY__ 0.007655615350852032	false	1.0
beule	neg 1.0		neg 0.5120442687998793 off 0.4803567485012087 __DUMMY__ 0.007598982698911993	false	1.0
vergelten	neg 1.0		neg 0.5102230661957001 off 0.4822534700041333 __DUMMY__ 0.007523463800166671	false	1.0
verdorbenheit	neg 1.0		neg 0.5164364657898651 off 0.4759472536781753 __DUMMY__ 0.0076162805319594865	false	1.0
trauma	neg 1.0		neg 0.517054942919158 off 0.4753523523583335 __DUMMY__ 0.0075927047225085266	false	1.0
sinnlos	neg 1.0		neg 0.5167496186759454 off 0.47565605051726517 __DUMMY__ 0.0075943308067895595	false	1.0
fettsack	off 1.0	off 1.0	off 0.7260198572048526 neg 0.2703750487452222 __DUMMY__ 0.0036050940499251162	false	1.0
feige	off 1.0		neg 0.5161642395077926 off 0.47627933187436383 __DUMMY__ 0.0075564286178435545	false	0.5
abdanken	neg 1.0		neg 0.5235115419734631 off 0.4689739517661456 __DUMMY__ 0.0075145062603913845	false	1.0
wichtigtuer	off 1.0	off 1.0	off 0.7212422133092808 neg 0.27512893833114865 __DUMMY__ 0.003628848359570498	false	1.0
misslingen	neg 1.0		neg 0.5138806795997664 off 0.4784739271583039 __DUMMY__ 0.007645393241929957	false	1.0
untreu	off 1.0		neg 0.5138506142624139 off 0.4785728563152599 __DUMMY__ 0.007576529422326241	false	0.5
missmutig	neg 1.0		neg 0.5138481143837291 off 0.4785413251982572 __DUMMY__ 0.0076105604180137015	false	1.0
hurenbock	off 1.0		neg 0.5148468925278802 off 0.4775142622342246 __DUMMY__ 0.007638845237895147	false	0.5
betrunken	neg 1.0		neg 0.5113700956263068 off 0.4810401184611835 __DUMMY__ 0.00758978591250969	false	1.0
korrupt	off 1.0		neg 0.5238565971866926 off 0.46859903891162547 __DUMMY__ 0.007544363901682003	false	0.5
unmut	neg 1.0		neg 0.5254949699409057 off 0.46688801708428623 __DUMMY__ 0.007617012974807957	false	1.0
hackfresse	off 1.0		neg 0.5075979979164108 off 0.4848676966685318 __DUMMY__ 0.007534305415057298	false	0.5
aufblasen	neg 1.0		neg 0.5160406327340105 off 0.4763317790812823 __DUMMY__ 0.007627588184707106	false	1.0
gewaltsam	neg 1.0		neg 0.5192880273849282 off 0.4731556105163356 __DUMMY__ 0.007556362098736218	false	1.0
unbeliebtheit	neg 1.0		neg 0.5155825684316633 off 0.4769250827664615 __DUMMY__ 0.007492348801875206	false	1.0
sturheit	neg 1.0		neg 0.521119710577315 off 0.4712994226198168 __DUMMY__ 0.007580866802868268	false	1.0
kuh	neg 1.0		neg 0.5176792724350626 off 0.47474683196997636 __DUMMY__ 0.007573895594961055	false	1.0
erschrecken	neg 1.0		neg 0.5148395301643635 off 0.47756080596073214 __DUMMY__ 0.007599663874904475	false	1.0
opfer	neg 1.0		neg 0.522477952254195 off 0.46991118970811413 __DUMMY__ 0.007610858037690904	false	1.0
sinken	neg 1.0		neg 0.5245170356753611 off 0.46786567613587227 __DUMMY__ 0.007617288188766584	false	1.0
stinktier	neg 1.0		neg 0.5113524481453361 off 0.48111998684261914 __DUMMY__ 0.007527565012044741	false	1.0
tucke	off 1.0		neg 0.5060072964205126 off 0.48644377773064035 __DUMMY__ 0.007548925848847149	false	0.5
ein			neg 0.5162615517908352 off 0.4760965186790337 __DUMMY__ 0.007641929530131047	false	0.0
abstieg	neg 1.0		neg 0.521816123016994 off 0.470606865450538 __DUMMY__ 0.007577011532468121	false	1.0
missverstehen	neg 1.0		neg 0.5184560533502252 off 0.4739819883041217 __DUMMY__ 0.0075619583456530675	false	1.0
ergebnislos	neg 1.0		neg 0.5220208343930965 off 0.47039285054421215 __DUMMY__ 0.007586315062691336	false	1.0
unter			neg 0.5262366720529034 off 0.46605632555235965 __DUMMY__ 0.007707002394736941	false	0.0
manipulieren	neg 1.0		neg 0.5226044359149549 off 0.4697737556604775 __DUMMY__ 0.007621808424567734	false	1.0
unbewiesen	neg 1.0		neg 0.5225157504209283 off 0.4699734872793933 __DUMMY__ 0.007510762299678383	false	1.0
verschleppen	neg 1.0		neg 0.5216433545398983 off 0.4707618238193186 __DUMMY__ 0.007594821640783233	false	1.0
weib	off 1.0		neg 0.5065472527110395 off 0.48593094795445396 __DUMMY__ 0.007521799334506348	false	0.5
opposition	neg 1.0		neg 0.5190452518563028 off 0.47341306795238897 __DUMMY__ 0.007541680191308272	false	1.0
verkehrswidrig	neg 1.0		neg 0.5070148066139469 off 0.4854005034457279 __DUMMY__ 0.007584689940325125	false	1.0
inkorrekt	neg 1.0		neg 0.5162625830224621 off 0.47622353108997956 __DUMMY__ 0.0075138858875584335	false	1.0
vermeiden	neg 1.0		neg 0.5246800416767089 off 0.46764259132969327 __DUMMY__ 0.007677366993597871	false	1.0
abweichung	neg 1.0		neg 0.5239647538889163 off 0.4684898279888909 __DUMMY__ 0.007545418122192994	false	1.0
alkoholisiert	neg 1.0		neg 0.5180322656101191 off 0.47431087723053067 __DUMMY__ 0.0076568571593502235	false	1.0
scheiss	off 1.0	off 1.0	off 0.724746050923566 neg 0.27161486901655135 __DUMMY__ 0.003639080059882544	false	1.0
herausforderung	neg 1.0		neg 0.5187023268634917 off 0.4736342629491551 __DUMMY__ 0.007663410187353216	false	1.0
pervers	off 1.0		neg 0.5044576962176488 off 0.48804202400222674 __DUMMY__ 0.007500279780124349	false	0.5
wackelig	neg 1.0		neg 0.5181504533008807 off 0.4741763377733773 __DUMMY__ 0.007673208925741991	false	1.0
verwickeln	neg 1.0		neg 0.5180719942595057 off 0.4743510985950746 __DUMMY__ 0.007576907145419642	false	1.0
vorwand	neg 1.0		neg 0.5251825184594163 off 0.4672142095648703 __DUMMY__ 0.007603271975713293	false	1.0
muschi	off 1.0		neg 0.5197306137408462 off 0.4727015344564898 __DUMMY__ 0.0075678518026639375	false	0.5
entmutigung	neg 1.0		neg 0.5203507345079516 off 0.47215461658583796 __DUMMY__ 0.007494648906210485	false	1.0
unangemessen	neg 1.0		neg 0.5232680178880685 off 0.4691650962780599 __DUMMY__ 0.0075668858338715575	false	1.0
unstetig	neg 1.0		neg 0.5152248880332438 off 0.4772025008625711 __DUMMY__ 0.007572611104185066	false	1.0
entmutigen	neg 1.0		neg 0.5167819055721861 off 0.4756016596363604 __DUMMY__ 0.007616434791453474	false	1.0
schwanz	neg 1.0		neg 0.5209860760899903 off 0.4714177889990739 __DUMMY__ 0.007596134910935859	false	1.0
verbot	neg 1.0		neg 0.5232579533541044 off 0.4691975844523396 __DUMMY__ 0.007544462193556138	false	1.0
leid	neg 1.0		neg 0.5091609032935005 off 0.48329185630254534 __DUMMY__ 0.00754724040395423	false	1.0
archaisch	neg 1.0		neg 0.5217505952085878 off 0.47066663072195697 __DUMMY__ 0.007582774069455075	false	1.0
gegen			neg 0.5258100713634324 off 0.4666083829922282 __DUMMY__ 0.007581545644339606	false	0.0
scheidung	neg 1.0	neg 1.0	neg 0.7320005511334713 off 0.2643903768396998 __DUMMY__ 0.0036090720268288075	false	1.0
einschlag	neg 1.0		neg 0.5111632785579729 off 0.4813141343794853 __DUMMY__ 0.007522587062541699	false	1.0
m			neg 0.518824495597946 off 0.47354549945274815 __DUMMY__ 0.00763000494930596	false	0.0
abgestanden	neg 1.0		neg 0.5167888881657117 off 0.47557762939271553 __DUMMY__ 0.007633482441572738	false	1.0
schmierig	off 1.0		neg 0.5094912806987602 off 0.4829412850856813 __DUMMY__ 0.0075674342155584015	false	0.5
unpraktisch	neg 1.0		neg 0.5158699861039568 off 0.4764983113764372 __DUMMY__ 0.007631702519605991	false	1.0
wixxer	off 1.0		neg 0.504756759051946 off 0.48775519953716234 __DUMMY__ 0.007488041410891717	false	0.5
bezeichnet			neg 0.5211065333302584 off 0.47132095759752535 __DUMMY__ 0.007572509072216333	false	0.0
jammerlappen	off 1.0		neg 0.5147094446760488 off 0.47771128610741503 __DUMMY__ 0.007579269216536079	false	0.5
farce	neg 1.0		neg 0.5239125307133655 off 0.46856962210012576 __DUMMY__ 0.007517847186508691	false	1.0
zwecklos	neg 1.0		neg 0.5228586668542984 off 0.46955787296824286 __DUMMY__ 0.007583460177458821	false	1.0
turbulent	neg 1.0		neg 0.5115443052558906 off 0.4809145126682951 __DUMMY__ 0.007541182075814248	false	1.0
invasion	neg 1.0		neg 0.5147704979780287 off 0.47762444093520795 __DUMMY__ 0.007605061086763439	false	1.0
schuld	neg 1.0		neg 0.518737226712948 off 0.47367648605506535 __DUMMY__ 0.007586287231986721	false	1.0
risiko	neg 1.0		neg 0.5134883293491711 off 0.4788876028765489 __DUMMY__ 0.007624067774280111	false	1.0
finster	neg 1.0		neg 0.5168148046363181 off 0.4755539306268284 __DUMMY__ 0.007631264736853457	false	1.0
geisteskrank	off 1.0		neg 0.514988339080276 off 0.47747996915862984 __DUMMY__ 0.007531691761094159	false	0.5
zusammenbrechen	neg 1.0		neg 0.5193937921183176 off 0.47297873970569015 __DUMMY__ 0.007627468175992355	false	1.0
ausbeute	neg 1.0		neg 0.5197489721996649 off 0.47260761843731935 __DUMMY__ 0.007643409363015946	false	1.0
hinterhalt	neg 1.0		neg 0.5172155154024765 off 0.4751865517100474 __DUMMY__ 0.007597932887476143	false	1.0
kritik	neg 1.0		neg 0.5230132343369532 off 0.4694503133002803 __DUMMY__ 0.007536452362766323	false	1.0
einschrumpfen	neg 1.0		neg 0.516916237849748 off 0.4755481422886923 __DUMMY__ 0.007535619861559662	false	1.0
riskant	neg 1.0		neg 0.5226980542258305 off 0.46968599363992847 __DUMMY__ 0.007615952134240907	false	1.0
frustrieren	neg 1.0		neg 0.5229512248129232 off 0.4694379930717191 __DUMMY__ 0.007610782115357692	false	1.0
groll	neg 1.0		neg 0.5221175335161504 off 0.4702902065938142 __DUMMY__ 0.007592259890035489	false	1.0
gibt			neg 0.5207501572433061 off 0.4716399034966766 __DUMMY__ 0.007609939260017234	false	0.0
qualvoll	neg 1.0		neg 0.5153062409493121 off 0.4770786027282418 __DUMMY__ 0.0076151563224461215	false	1.0
wackeln	neg 1.0		neg 0.5161040938800502 off 0.47625416467231285 __DUMMY__ 0.0076417414476371	false	1.0
klagen	neg 1.0		neg 0.5258118690419051 off 0.46659556286843445 __DUMMY__ 0.007592568089660327	false	1.0
bankrott	neg 1.0		neg 0.5133626995633829 off 0.47904296291277654 __DUMMY__ 0.007594337523840496	false	1.0
trauern	neg 1.0		neg 0.5222562098981274 off 0.47012707491742783 __DUMMY__ 0.007616715184444755	false	1.0
ablehnung	neg 1.0	neg 1.0	neg 0.7473500771326799 off 0.2490292126590385 __DUMMY__ 0.0036207102082816043	false	1.0
stur	neg 1.0		neg 0.5181357126733639 off 0.4742751995594263 __DUMMY__ 0.007589087767209744	false	1.0
aufruhr	neg 1.0		neg 0.5201758243458171 off 0.47227305571129624 __DUMMY__ 0.007551119942886702	false	1.0
melancholie	neg 1.0		neg 0.5186773005851748 off 0.4736647814719133 __DUMMY__ 0.007657917942911889	false	1.0
ist			neg 0.5176948033220858 off 0.47471340905910536 __DUMMY__ 0.0075917876188087785	false	0.0
torheit	neg 1.0		neg 0.5208583618647958 off 0.47161618867036925 __DUMMY__ 0.007525449464834864	false	1.0
dreckskind	off 1.0		neg 0.5108277823880508 off 0.4816825074412332 __DUMMY__ 0.007489710170715969	false	0.5
umtauschen	neg 1.0		neg 0.5176202639751994 off 0.474746798259352 __DUMMY__ 0.007632937765448581	false	1.0
zum			neg 0.5234363432090055 off 0.46886969358059666 __DUMMY__ 0.007693963210397886	false	0.0
zersetzen	neg 1.0		neg 0.5240706583379491 off 0.46832158805209195 __DUMMY__ 0.0076077536099590564	false	1.0
zur			neg 0.5270611716352457 off 0.4653133577782458 __DUMMY__ 0.007625470586508438	false	0.0
frust	neg 1.0		neg 0.5202548440164654 off 0.47212813986576424 __DUMMY__ 0.00761701611777038	false	1.0
unerbittlichkeit	neg 1.0		neg 0.5231786757118593 off 0.46921752378167186 __DUMMY__ 0.007603800506468843	false	1.0
zwei			neg 0.5223557176514392 off 0.4699698574025921 __DUMMY__ 0.0076744249459688284	false	0.0
unkorrekt	neg 1.0		neg 0.5152747701189537 off 0.4772090311439625 __DUMMY__ 0.007516198737083845	false	1.0
hexe	off 1.0		neg 0.5132674742803751 off 0.4791477824374111 __DUMMY__ 0.007584743282213742	false	0.5
lasch	neg 1.0		neg 0.5169954523510787 off 0.4754429915277161 __DUMMY__ 0.00756155612120507	false	1.0
rivale	neg 1.0		neg 0.5110775437791171 off 0.48138766587761866 __DUMMY__ 0.0075347903432643245	false	1.0
mutlos	off 1.0	off 1.0	off 0.7187443231909734 neg 0.27761592290296905 __DUMMY__ 0.003639753906057597	false	1.0
wirr	off 1.0		neg 0.5126932710527081 off 0.4797797408791655 __DUMMY__ 0.007526988068126373	false	0.5
jahr			neg 0.5205394832179997 off 0.4718048168018086 __DUMMY__ 0.007655699980191842	false	0.0
wird			neg 0.5220242633993545 off 0.4703611394414061 __DUMMY__ 0.007614597159239502	false	0.0
strafbar	neg 1.0		neg 0.524796505781384 off 0.46763723336392093 __DUMMY__ 0.007566260854694946	false	1.0
erosion	neg 1.0		neg 0.5159573680422498 off 0.47642339902500885 __DUMMY__ 0.007619232932741503	false	1.0
eingehen	neg 1.0		neg 0.5226501161570649 off 0.4697546645922113 __DUMMY__ 0.00759521925072383	false	1.0
faul	off 1.0		neg 0.5132313654947104 off 0.479155124556842 __DUMMY__ 0.00761350994844758	false	0.5
provisorium	neg 1.0		neg 0.5274511648288771 off 0.4648559272628038 __DUMMY__ 0.007692907908318987	false	1.0
schmerzen	neg 1.0		neg 0.5185904304101038 off 0.47377849725246496 __DUMMY__ 0.007631072337431297	false	1.0
schrumpfen	neg 1.0		neg 0.5263168317195953 off 0.46603658003622045 __DUMMY__ 0.007646588244184384	false	1.0
geistlos	off 1.0		neg 0.5194295198909594 off 0.4730528512476455 __DUMMY__ 0.007517628861394964	false	0.5
fehlkauf	neg 1.0		neg 0.5167446513950541 off 0.47568591507358665 __DUMMY__ 0.00756943353135932	false	1.0
frustrierend	neg 1.0		neg 0.515287600019152 off 0.4771193683373093 __DUMMY__ 0.007593031643538713	false	1.0
unzufrieden	neg 1.0		neg 0.5219743318261647 off 0.4704254807079159 __DUMMY__ 0.007600187465919334	false	1.0
verzweifeln	neg 1.0		neg 0.5190117911366076 off 0.47337114756899584 __DUMMY__ 0.0076170612943964305	false	1.0
verzweifelt	neg 1.0		neg 0.5180879322231988 off 0.4743198361639774 __DUMMY__ 0.007592231612823814	false	1.0
misstrauensantrag	neg 1.0		neg 0.5179544491301609 off 0.4744992748183951 __DUMMY__ 0.00754627605144406	false	1.0
abfallen	neg 1.0		neg 0.515049258333285 off 0.477293369285376 __DUMMY__ 0.0076573723813389075	false	1.0
fucker	off 1.0		neg 0.5123006881326689 off 0.4801563242460729 __DUMMY__ 0.007542987621258165	false	0.5
ungezogen	neg 1.0		neg 0.5058182474039732 off 0.48664998717332125 __DUMMY__ 0.007531765422705558	false	1.0
irrsinnig	neg 1.0	neg 1.0	neg 0.7454698606439061 off 0.25089229448605693 __DUMMY__ 0.0036378448700369955	false	1.0
unfassbar	neg 1.0		neg 0.5139367694533786 off 0.47848208329521 __DUMMY__ 0.007581147251411308	false	1.0
hart	neg 1.0		neg 0.5144855238294403 off 0.4779564224202174 __DUMMY__ 0.007558053750342227	false	1.0
widerlich	off 1.0		neg 0.5143052345267641 off 0.47814104351949105 __DUMMY__ 0.007553721953744797	false	0.5
fatal	neg 1.0		neg 0.5165308312356696 off 0.47589195852267274 __DUMMY__ 0.007577210241657757	false	1.0
bruch	neg 1.0		neg 0.5269901185655853 off 0.4654305238853641 __DUMMY__ 0.007579357549050489	false	1.0
aushungern	neg 1.0		neg 0.5209471792748004 off 0.4715062239930128 __DUMMY__ 0.007546596732186765	false	1.0
anspannung	neg 1.0		neg 0.5234139716517552 off 0.46891574381527196 __DUMMY__ 0.007670284532972876	false	1.0
von			neg 0.5225686498896671 off 0.46979136832793994 __DUMMY__ 0.007639981782392978	false	0.0
kraftlos	neg 1.0		neg 0.5189488544523887 off 0.47338583053573874 __DUMMY__ 0.007665315011872504	false	1.0
vom			neg 0.5264181987415035 off 0.46589352888608265 __DUMMY__ 0.007688272372413877	false	0.0
grenzdebil	off 1.0		neg 0.5125902843140674 off 0.4798270667399265 __DUMMY__ 0.007582648946006083	false	0.5
vor			neg 0.5235822525343674 off 0.46877211119846296 __DUMMY__ 0.007645636267169686	false	0.0
unterwerfen	neg 1.0		neg 0.5228111188725333 off 0.4695907459151952 __DUMMY__ 0.00759813521227169	false	1.0
versenkung	neg 1.0		neg 0.5230918933054146 off 0.46930091060532003 __DUMMY__ 0.007607196089265404	false	1.0
entziehen	neg 1.0		neg 0.5255602356903579 off 0.46683080150423556 __DUMMY__ 0.00760896280540641	false	1.0
finanzkrise	neg 1.0		neg 0.5213540966645687 off 0.47110160312752897 __DUMMY__ 0.007544300207902377	false	1.0
schimpfend	neg 1.0		neg 0.5134926479945783 off 0.47884011848901287 __DUMMY__ 0.007667233516408946	false	1.0
profan	neg 1.0		neg 0.5166946546150288 off 0.47571014340166473 __DUMMY__ 0.007595201983306272	false	1.0
korruption	neg 1.0		neg 0.5236357248852117 off 0.468818375899619 __DUMMY__ 0.007545899215169249	false	1.0
â			neg 0.5201427589792552 off 0.47223213882381815 __DUMMY__ 0.007625102196926586	false	0.0
schmutzig	neg 1.0		neg 0.5115402841234676 off 0.48084469736588425 __DUMMY__ 0.007615018510648182	false	1.0
sexy	neg 1.0		neg 0.5144405040760661 off 0.47797242517983374 __DUMMY__ 0.007587070744100171	false	1.0
abraten	neg 1.0		neg 0.5171239938727731 off 0.4752680389225966 __DUMMY__ 0.007607967204630248	false	1.0
schwarz	neg 1.0		neg 0.5173741610338952 off 0.4750446276014326 __DUMMY__ 0.0075812113646721415	false	1.0
fotze	off 1.0		neg 0.5213129914548167 off 0.47110778811978715 __DUMMY__ 0.007579220425396114	false	0.5
verwirren	neg 1.0		neg 0.5160935925029447 off 0.4763173371234545 __DUMMY__ 0.007589070373600844	false	1.0
zahnlos	off 1.0		neg 0.5229216329715657 off 0.4695033013618344 __DUMMY__ 0.007575065666599857	false	0.5
verheeren	neg 1.0		neg 0.5049413001093046 off 0.48756379899292984 __DUMMY__ 0.007494900897765453	false	1.0
hippie	neg 1.0		neg 0.5149396028501482 off 0.4774779365287978 __DUMMY__ 0.007582460621053963	false	1.0
rammen	neg 1.0		neg 0.515833899007536 off 0.4765776660349683 __DUMMY__ 0.007588434957495738	false	1.0
unlauter	neg 1.0	neg 1.0	neg 0.745073747670483 off 0.251305573979431 __DUMMY__ 0.0036206783500860617	false	1.0
unheilvoll	neg 1.0		neg 0.5159540781493247 off 0.47643569161083893 __DUMMY__ 0.007610230239836381	false	1.0
niedrig	neg 1.0		neg 0.5223729959586854 off 0.47003865200831796 __DUMMY__ 0.0075883520329966345	false	1.0
explosion	neg 1.0		neg 0.5147901181581519 off 0.4776124825604792 __DUMMY__ 0.007597399281368894	false	1.0
weichei	off 1.0		neg 0.5089382854098042 off 0.4835263100283519 __DUMMY__ 0.007535404561843873	false	0.5
minusmensch	off 1.0		neg 0.5076093609126987 off 0.4849386415672066 __DUMMY__ 0.007451997520094526	false	0.5
farblos	neg 1.0		neg 0.5172603792588241 off 0.4751426785379025 __DUMMY__ 0.007596942203273506	false	1.0
unwissend	neg 1.0		neg 0.5148970376812381 off 0.4775404515933487 __DUMMY__ 0.007562510725413398	false	1.0
traurig	neg 1.0		neg 0.5105920061987673 off 0.481826816045494 __DUMMY__ 0.007581177755738676	false	1.0
senkung	neg 1.0		neg 0.5158362531307797 off 0.47658775968194883 __DUMMY__ 0.00757598718727148	false	1.0
ungleich	neg 1.0	neg 1.0	neg 0.747941922065475 off 0.2484165472164872 __DUMMY__ 0.003641530718037705	false	1.0
heikel	neg 1.0		neg 0.5242293461162103 off 0.46816318957092656 __DUMMY__ 0.007607464312863225	false	1.0
drosselung	neg 1.0		neg 0.5102950070558829 off 0.4821280615497429 __DUMMY__ 0.007576931394374137	false	1.0
falsch	neg 1.0		neg 0.5153144557952192 off 0.47710496844037553 __DUMMY__ 0.007580575764405312	false	1.0
unzufriedenheit	neg 1.0		neg 0.5242881157251202 off 0.4681033287499303 __DUMMY__ 0.007608555524949292	false	1.0
kurz	neg 1.0		neg 0.5184790917296662 off 0.47387176656750774 __DUMMY__ 0.007649141702826076	false	1.0
unsinnig	neg 1.0		neg 0.5220007204220912 off 0.47041074322439347 __DUMMY__ 0.007588536353515298	false	1.0
penner	off 1.0	off 1.0	off 0.72757153766371 neg 0.2688120732830523 __DUMMY__ 0.003616389053237729	false	1.0
seicht	neg 1.0		neg 0.5079689664216238 off 0.48453463497828864 __DUMMY__ 0.0074963986000875825	false	1.0
dummheit	off 1.0	off 1.0	off 0.7217967243377558 neg 0.27457289858037887 __DUMMY__ 0.0036303770818653484	false	1.0
unerfreulich	neg 1.0		neg 0.5240196198875343 off 0.4683556551848653 __DUMMY__ 0.00762472492760036	false	1.0
motherfucker	off 1.0	off 1.0	off 0.724760672901103 neg 0.2716188394772668 __DUMMY__ 0.003620487621630203	false	1.0
pikiert	neg 1.0		neg 0.5152733049879208 off 0.47716323526695775 __DUMMY__ 0.007563459745121618	false	1.0
wrack	neg 1.0		neg 0.520800501615483 off 0.4715930978111148 __DUMMY__ 0.007606400573402326	false	1.0
gangster	neg 1.0		neg 0.5157198702596678 off 0.4766946640482676 __DUMMY__ 0.007585465692064504	false	1.0
krank	neg 1.0		neg 0.5116319808958769 off 0.48076471000965104 __DUMMY__ 0.007603309094471992	false	1.0
reich	neg 1.0		neg 0.5167391045731394 off 0.47576407443538427 __DUMMY__ 0.007496820991476442	false	1.0
gnadenlos	neg 1.0		neg 0.5185177306386776 off 0.47389401628906713 __DUMMY__ 0.007588253072255412	false	1.0
niedergeschlagen	neg 1.0		neg 0.51937782193276 off 0.4729976355086914 __DUMMY__ 0.0076245425585485796	false	1.0
terrorisieren	off 1.0	off 1.0	off 0.7192232690144782 neg 0.2771209475245837 __DUMMY__ 0.003655783460938104	false	1.0
sinnlosigkeit	neg 1.0		neg 0.5221663680346698 off 0.47024623908676866 __DUMMY__ 0.007587392878561728	false	1.0
behindern	neg 1.0		neg 0.5177995230777296 off 0.474577398601592 __DUMMY__ 0.0076230783206783954	false	1.0
undemokratisch	neg 1.0		neg 0.5202501436849796 off 0.47221855041523764 __DUMMY__ 0.0075313058997828084	false	1.0
wirtschaftskrise	neg 1.0		neg 0.5223970032883652 off 0.4700327819864338 __DUMMY__ 0.007570214725201003	false	1.0
neid	neg 1.0		neg 0.5136597029446314 off 0.4787192014464946 __DUMMY__ 0.0076210956088739665	false	1.0
rutschen	neg 1.0		neg 0.5218799705946952 off 0.4704022302827715 __DUMMY__ 0.007717799122533356	false	1.0
rezession	neg 1.0		neg 0.5115021822123689 off 0.480988306667803 __DUMMY__ 0.007509511119827994	false	1.0
fehlgeburt	neg 1.0		neg 0.5173362921684299 off 0.4750580235664396 __DUMMY__ 0.0076056842651304425	false	1.0
charakterschwach	off 1.0		neg 0.514492805503541 off 0.47795320693462057 __DUMMY__ 0.007553987561838351	false	0.5
isolation	neg 1.0		neg 0.5138507685351362 off 0.4785730260311618 __DUMMY__ 0.0075762054337019345	false	1.0
ablenkung	neg 1.0		neg 0.5177874998937986 off 0.474594035735889 __DUMMY__ 0.007618464370312351	false	1.0
pech	neg 1.0		neg 0.5153157305429951 off 0.47708790737466383 __DUMMY__ 0.007596362082340905	false	1.0
vermeidung	neg 1.0		neg 0.5107619892015544 off 0.4816423787947847 __DUMMY__ 0.00759563200366086	false	1.0
dominieren	neg 1.0		neg 0.5214736630173955 off 0.4709495030523461 __DUMMY__ 0.007576833930258377	false	1.0
schwindlig	neg 1.0		neg 0.5144258512596702 off 0.477949878850122 __DUMMY__ 0.007624269890207762	false	1.0
lutscher	neg 1.0		neg 0.5068510230431967 off 0.4856512902833009 __DUMMY__ 0.007497686673502347	false	1.0
pflicht	neg 1.0		neg 0.5245403430750141 off 0.4678545105798316 __DUMMY__ 0.007605146345154363	false	1.0
faschist	off 1.0		neg 0.5188376523272279 off 0.47362799137997863 __DUMMY__ 0.0075343562927935506	false	0.5
verschleudern	neg 1.0		neg 0.523473757516982 off 0.46896093975898073 __DUMMY__ 0.007565302724037129	false	1.0
wenn			neg 0.5152700923587266 off 0.4771473899691336 __DUMMY__ 0.007582517672139769	false	0.0
ehebruch	neg 1.0		neg 0.5229343732263623 off 0.4694800707588769 __DUMMY__ 0.0075855560147610485	false	1.0
spott	off 1.0		neg 0.523474131517953 off 0.46893571856345784 __DUMMY__ 0.007590149918589325	false	0.5
trostlosigkeit	neg 1.0		neg 0.5259365787379496 off 0.46649532518756487 __DUMMY__ 0.0075680960744853275	false	1.0
lutschen	neg 1.0		neg 0.5158763565217496 off 0.47657940744807326 __DUMMY__ 0.007544236030177148	false	1.0
undiszipliniert	neg 1.0		neg 0.511902155516583 off 0.4805288203132382 __DUMMY__ 0.007569024170178618	false	1.0
kopfschmerz	neg 1.0		neg 0.5182549470971054 off 0.47412424043358437 __DUMMY__ 0.007620812469310217	false	1.0
unvorhergesehen	neg 1.0		neg 0.5181707131617983 off 0.47417065493181676 __DUMMY__ 0.007658631906384852	false	1.0
desinteressiert	neg 1.0		neg 0.5128986606872703 off 0.47954505317517365 __DUMMY__ 0.007556286137555926	false	1.0
armselig	off 1.0		neg 0.5124920135321299 off 0.4799666895489457 __DUMMY__ 0.007541296918924296	false	0.5
desaster	neg 1.0		neg 0.527782459321117 off 0.46464395690901544 __DUMMY__ 0.007573583769867621	false	1.0
tod	neg 1.0		neg 0.5231979692379302 off 0.4692230610753661 __DUMMY__ 0.007578969686703952	false	1.0
herzlos	neg 1.0		neg 0.5100160256463396 off 0.482408221032608 __DUMMY__ 0.007575753321052339	false	1.0
unwissenheit	neg 1.0		neg 0.5223157720658775 off 0.47010107282929525 __DUMMY__ 0.007583155104827268	false	1.0
widersinnig	neg 1.0		neg 0.5236955634452635 off 0.4687765681078164 __DUMMY__ 0.007527868446920134	false	1.0
bedenklich	neg 1.0		neg 0.5233165697376141 off 0.46908197195686435 __DUMMY__ 0.007601458305521465	false	1.0
beanstanden	neg 1.0		neg 0.5251273053371035 off 0.467270003069407 __DUMMY__ 0.007602691593489659	false	1.0
panisch	neg 1.0	neg 1.0	neg 0.7426464437578861 off 0.25367491365656064 __DUMMY__ 0.0036786425855531856	false	1.0
debil	off 1.0		neg 0.5263634202078088 off 0.4660003339366441 __DUMMY__ 0.00763624585554694	false	0.5
abstrich	neg 1.0		neg 0.5154745663395899 off 0.4768739649188861 __DUMMY__ 0.00765146874152387	false	1.0
primitiv	neg 1.0		neg 0.5139096857137996 off 0.47854170793518785 __DUMMY__ 0.007548606351012409	false	1.0
abschaum	off 1.0	off 1.0	off 0.722948033210126 neg 0.2734294077867327 __DUMMY__ 0.003622559003141338	false	1.0
provozieren	neg 1.0		neg 0.5198373142741958 off 0.4725890866617407 __DUMMY__ 0.007573599064063534	false	1.0
tot	neg 1.0		neg 0.5200454906325989 off 0.47236601029185704 __DUMMY__ 0.00758849907554403	false	1.0
instabil	neg 1.0		neg 0.5128050251920995 off 0.47968969174558057 __DUMMY__ 0.007505283062319899	false	1.0
schwuchtel	off 1.0		neg 0.5033271700819595 off 0.4892283956936234 __DUMMY__ 0.007444434224417169	false	0.5
zerren	neg 1.0		neg 0.5198659098567252 off 0.4725140397942839 __DUMMY__ 0.007620050348990829	false	1.0
kinderficker	off 1.0		neg 0.5110654941422681 off 0.4814195828684329 __DUMMY__ 0.007514922989298883	false	0.5
gefahr	neg 1.0		neg 0.5236466002004356 off 0.468773095561533 __DUMMY__ 0.007580304238031395	false	1.0
rabiat	neg 1.0		neg 0.5191356899774581 off 0.47326892519883396 __DUMMY__ 0.00759538482370802	false	1.0
verlangsamung	neg 1.0		neg 0.5077965349440177 off 0.4846992476106838 __DUMMY__ 0.007504217445298695	false	1.0
ausgestorben	neg 1.0		neg 0.52021959085964 off 0.4721698013894995 __DUMMY__ 0.007610607750860532	false	1.0
anklagen	neg 1.0		neg 0.5202499970280672 off 0.4721732601830171 __DUMMY__ 0.007576742788915712	false	1.0
trott	neg 1.0		neg 0.518080314770284 off 0.4743057603452102 __DUMMY__ 0.00761392488450568	false	1.0
verminderung	neg 1.0		neg 0.5116799286231872 off 0.4807608626082149 __DUMMY__ 0.0075592087685979956	false	1.0
nach			neg 0.5232450941464668 off 0.4690602789434269 __DUMMY__ 0.0076946269101063605	false	0.0
rost	neg 1.0		neg 0.5067531068124982 off 0.4857281653232773 __DUMMY__ 0.007518727864224475	false	1.0
destruktiv	neg 1.0		neg 0.5214741417494373 off 0.4709584190865835 __DUMMY__ 0.0075674391639793245	false	1.0
unzumutbarkeit	neg 1.0		neg 0.5115415830516449 off 0.48087898495912795 __DUMMY__ 0.007579431989227195	false	1.0
labil	off 1.0	off 1.0	off 0.7236629013927568 neg 0.27271305856949163 __DUMMY__ 0.003624040037751518	false	1.0
ziemlich	neg 1.0		neg 0.513338397293819 off 0.4790817573839309 __DUMMY__ 0.007579845322250198	false	1.0
lachnummer	off 1.0		neg 0.5216200085938267 off 0.4708141995188177 __DUMMY__ 0.007565791887355436	false	0.5
oder			neg 0.5179516758492504 off 0.47442541483562256 __DUMMY__ 0.00762290931512694	false	0.0
verfall	neg 1.0		neg 0.5274218515367324 off 0.46495335145276395 __DUMMY__ 0.007624797010503517	false	1.0
ausgrenzung	neg 1.0		neg 0.5190494997341275 off 0.4734129334447624 __DUMMY__ 0.00753756682111015	false	1.0
unordnung	neg 1.0		neg 0.5117515893496986 off 0.4807385601122967 __DUMMY__ 0.007509850538004749	false	1.0
fehlverhalten	neg 1.0		neg 0.5243499031693171 off 0.4680683762194545 __DUMMY__ 0.007581720611228587	false	1.0
eine			neg 0.5234007027566354 off 0.4689586133779686 __DUMMY__ 0.00764068386539589	false	0.0
nille	neg 1.0		neg 0.5205620576837195 off 0.47188041040022094 __DUMMY__ 0.007557531916059513	false	1.0
qual	neg 1.0		neg 0.5184124259774215 off 0.47397822593361816 __DUMMY__ 0.0076093480889602464	false	1.0
verschwenden	neg 1.0		neg 0.5223606039362297 off 0.4700232895491692 __DUMMY__ 0.007616106514600966	false	1.0
riesig	neg 1.0		neg 0.5180897511278834 off 0.4742822194932631 __DUMMY__ 0.007628029378853617	false	1.0
verurteilen	neg 1.0		neg 0.5224783119220011 off 0.46994664353774485 __DUMMY__ 0.007575044540254174	false	1.0
klischee	neg 1.0	neg 1.0	neg 0.7444920543533956 off 0.2518848051765373 __DUMMY__ 0.0036231404700671844	false	1.0
diktatorisch	neg 1.0		neg 0.5210161587055492 off 0.4714667175943002 __DUMMY__ 0.00751712370015045	false	1.0
vorhersehbar	neg 1.0		neg 0.5184471039230294 off 0.47399438679033273 __DUMMY__ 0.007558509286637876	false	1.0
sowie			neg 0.5096114511641902 off 0.4828823759686978 __DUMMY__ 0.007506172867112074	false	0.0
stornieren	neg 1.0		neg 0.5141044708158151 off 0.4782699853077729 __DUMMY__ 0.0076255438764118244	false	1.0
besteuerung	neg 1.0		neg 0.5177798432727002 off 0.47464010597618983 __DUMMY__ 0.007580050751109881	false	1.0
ungeschminkt	neg 1.0		neg 0.5125694199172699 off 0.4798561856620326 __DUMMY__ 0.007574394420697567	false	1.0
kritisch	neg 1.0		neg 0.523819297622894 off 0.46859669746192284 __DUMMY__ 0.007584004915183153	false	1.0
schlamperei	off 1.0		neg 0.5238444564947172 off 0.46858703847934374 __DUMMY__ 0.007568505025938872	false	0.5
sucht	neg 1.0	neg 1.0	neg 0.7419977637375734 off 0.25432501787869444 __DUMMY__ 0.003677218383732175	false	1.0
egoistisch	off 1.0		neg 0.508984557537527 off 0.4834760781100923 __DUMMY__ 0.007539364352380728	false	0.5
ausbeuter	off 1.0		neg 0.5247647018373789 off 0.4676555818071832 __DUMMY__ 0.007579716355437855	false	0.5
arschgeburt	off 1.0		neg 0.5035508042353571 off 0.4890056914978187 __DUMMY__ 0.0074435042668240265	false	0.5
schubs	neg 1.0	neg 1.0	neg 0.745424830884733 off 0.25089885729094136 __DUMMY__ 0.0036763118243256275	false	1.0
unsolide	neg 1.0		neg 0.5201752068764897 off 0.472366886795978 __DUMMY__ 0.0074579063275323106	false	1.0
beschwerde	neg 1.0		neg 0.5229044449802988 off 0.4695269997295277 __DUMMY__ 0.0075685552901734255	false	1.0
stocken	neg 1.0		neg 0.5212848008516925 off 0.4711041931210929 __DUMMY__ 0.007611006027214711	false	1.0
isolieren	neg 1.0		neg 0.5178148933475943 off 0.4745518209506549 __DUMMY__ 0.00763328570175075	false	1.0
unheilbar	neg 1.0		neg 0.5174621255958648 off 0.47492961189672867 __DUMMY__ 0.007608262507406717	false	1.0
pisser	off 1.0		neg 0.5118212932605039 off 0.4806537289448266 __DUMMY__ 0.0075249777946695415	false	0.5
löschen	neg 1.0		neg 0.5179905759006195 off 0.4744232813835235 __DUMMY__ 0.007586142715857007	false	1.0
durchfallen	neg 1.0		neg 0.5229168757104463 off 0.469485751621868 __DUMMY__ 0.007597372667685616	false	1.0
wichser	off 1.0		neg 0.5052458479891702 off 0.48725004401225486 __DUMMY__ 0.007504107998574994	false	0.5
terror	neg 1.0		neg 0.5141478094671542 off 0.47825067254138387 __DUMMY__ 0.007601517991461962	false	1.0
krass	neg 1.0		neg 0.5103548664262264 off 0.48208804359459295 __DUMMY__ 0.007557089979180782	false	1.0
revolte	neg 1.0	neg 1.0	neg 0.7455099440397723 off 0.2508927232799883 __DUMMY__ 0.0035973326802394407	false	1.0
besorgt	neg 1.0		neg 0.518501738927158 off 0.473849932559006 __DUMMY__ 0.007648328513836052	false	1.0
nachlassen	neg 1.0		neg 0.5189956060008287 off 0.4733635377252145 __DUMMY__ 0.007640856273956815	false	1.0
alt	neg 1.0		neg 0.5213523797078311 off 0.4710088477644621 __DUMMY__ 0.007638772527706718	false	1.0
hundesohn	off 1.0		neg 0.5076881556504916 off 0.48483988819895824 __DUMMY__ 0.007471956150550137	false	0.5
als			neg 0.5206569987977697 off 0.47172015054825595 __DUMMY__ 0.007622850653974365	false	0.0
abschreckung	neg 1.0		neg 0.5251605304947031 off 0.4672446110457953 __DUMMY__ 0.007594858459501573	false	1.0
unqualifiziert	neg 1.0		neg 0.5181593523897534 off 0.4742836668883818 __DUMMY__ 0.00755698072186474	false	1.0
abgewichst	off 1.0		neg 0.5199585878537518 off 0.4724488584208159 __DUMMY__ 0.007592553725432289	false	0.5
schwer	neg 1.0		neg 0.5189690828316674 off 0.47341768731420136 __DUMMY__ 0.007613229854131385	false	1.0
bedeutungslosigkeit	neg 1.0		neg 0.5249179444480387 off 0.46749660494624223 __DUMMY__ 0.007585450605719151	false	1.0
kapitulation	neg 1.0		neg 0.5245088629737956 off 0.4679509522542011 __DUMMY__ 0.007540184772003221	false	1.0
unscharf	neg 1.0		neg 0.515329680016284 off 0.4770773154477523 __DUMMY__ 0.007593004535963616	false	1.0
schwinden	neg 1.0		neg 0.5221084142714931 off 0.4702632459292942 __DUMMY__ 0.007628339799212726	false	1.0
versklavung	neg 1.0		neg 0.5203538500990513 off 0.4721131000295871 __DUMMY__ 0.007533049871361716	false	1.0
schlecht	neg 1.0		neg 0.5127150352001053 off 0.47969988714632067 __DUMMY__ 0.007585077653573975	false	1.0
verhasst	neg 1.0		neg 0.5201897860801411 off 0.47224515625022756 __DUMMY__ 0.007565057669631325	false	1.0
beschweren	neg 1.0		neg 0.5170417933919301 off 0.4753565275507355 __DUMMY__ 0.0076016790573343596	false	1.0
scheiden	neg 1.0		neg 0.5192257807834768 off 0.4731707719892471 __DUMMY__ 0.0076034472272759526	false	1.0
frustriert	neg 1.0		neg 0.520352509220333 off 0.47203971949294643 __DUMMY__ 0.0076077712867205355	false	1.0
schimmelig	neg 1.0		neg 0.5220003896142758 off 0.4703966079372532 __DUMMY__ 0.007603002448470983	false	1.0
fisch	neg 1.0		neg 0.5213353131698657 off 0.4710562567341632 __DUMMY__ 0.007608430095971044	false	1.0
schmuggel	neg 1.0		neg 0.5216786203335505 off 0.470673020215177 __DUMMY__ 0.00764835945127251	false	1.0
auffallen	neg 1.0		neg 0.5169256043776626 off 0.4754823142012659 __DUMMY__ 0.007592081421071564	false	1.0
konkurrenz	neg 1.0		neg 0.5243775076725352 off 0.4680020064865071 __DUMMY__ 0.007620485840957672	false	1.0
teufelskreis	neg 1.0		neg 0.5204597723564528 off 0.47194281808784183 __DUMMY__ 0.007597409555705384	false	1.0
aufschreien	neg 1.0		neg 0.5180560750949779 off 0.47437539458464534 __DUMMY__ 0.0075685303203769155	false	1.0
schuldner	neg 1.0		neg 0.5237260388862972 off 0.4686917106228717 __DUMMY__ 0.00758225049083095	false	1.0
missgeburt	off 1.0	off 1.0	off 0.7258924670520392 neg 0.270514094949926 __DUMMY__ 0.003593437998034769	false	1.0
arbeitslos	neg 1.0		neg 0.5223972315416269 off 0.47001785874897506 __DUMMY__ 0.007584909709398034	false	1.0
befallen	neg 1.0		neg 0.5221710441686404 off 0.47025830575784805 __DUMMY__ 0.007570650073511651	false	1.0
miesepetrig	off 1.0		neg 0.5116580326144045 off 0.4807331205986827 __DUMMY__ 0.0076088467869127995	false	0.5
alarmieren	neg 1.0		neg 0.5153939976281784 off 0.477061201331588 __DUMMY__ 0.0075448010402336535	false	1.0
ungeduscht	off 1.0		neg 0.5152850630858989 off 0.47712199087007273 __DUMMY__ 0.007592946044028342	false	0.5
knappheit	neg 1.0		neg 0.5216938488209617 off 0.47072066843296767 __DUMMY__ 0.007585482746070533	false	1.0
schlange	neg 1.0		neg 0.5160957952700732 off 0.47628039836221414 __DUMMY__ 0.007623806367712528	false	1.0
harsch	neg 1.0		neg 0.5059143582846825 off 0.4865129202912977 __DUMMY__ 0.0075727214240198905	false	1.0
lang	neg 1.0		neg 0.5171042884155298 off 0.4752942987544464 __DUMMY__ 0.00760141283002383	false	1.0
ziellos	neg 1.0		neg 0.5213242041249343 off 0.4710573938633194 __DUMMY__ 0.007618402011746225	false	1.0
selbstverliebt	neg 1.0		neg 0.5060677600286272 off 0.48647346821817883 __DUMMY__ 0.007458771753194065	false	1.0
beseitigen	neg 1.0		neg 0.5172449311673953 off 0.47514874577882066 __DUMMY__ 0.007606323053783988	false	1.0
dumm	off 1.0		neg 0.5087393254343825 off 0.4837343171707726 __DUMMY__ 0.007526357394844868	false	0.5
arbeitsloser	neg 1.0		neg 0.523220906593868 off 0.46919106016253487 __DUMMY__ 0.007588033243597054	false	1.0
blitzen	neg 1.0		neg 0.5150084883845205 off 0.4774092310702964 __DUMMY__ 0.007582280545183207	false	1.0
hilflos	neg 1.0		neg 0.5205355170302163 off 0.47185208772367926 __DUMMY__ 0.007612395246104517	false	1.0
eklig	off 1.0		neg 0.5082958504023609 off 0.48419215573799185 __DUMMY__ 0.007511993859647241	false	0.5
begriff			neg 0.5208285512132069 off 0.4715754795270121 __DUMMY__ 0.0075959692597809296	false	0.0
hungersnot	neg 1.0		neg 0.5217006311277126 off 0.47076100859790365 __DUMMY__ 0.007538360274383895	false	1.0
ungesetzlich	neg 1.0		neg 0.5199600396768652 off 0.4725284287827941 __DUMMY__ 0.007511531540340663	false	1.0
verschwendung	neg 1.0		neg 0.5233810575822513 off 0.4690018220327897 __DUMMY__ 0.0076171203849589465	false	1.0
schmerzvoll	neg 1.0		neg 0.5169048823937307 off 0.47549105856635904 __DUMMY__ 0.0076040590399102355	false	1.0
vorzeitig	neg 1.0		neg 0.513790574734686 off 0.47864278127206333 __DUMMY__ 0.007566643993250653	false	1.0
unvollkommenheit	neg 1.0		neg 0.5181263973398786 off 0.4742704725522132 __DUMMY__ 0.007603130107908137	false	1.0
intervenieren	neg 1.0		neg 0.5245964921655362 off 0.46783073957963767 __DUMMY__ 0.007572768254826194	false	1.0
banause	off 1.0		neg 0.5066594131134199 off 0.48583333021188013 __DUMMY__ 0.007507256674700028	false	0.5
rebell	neg 1.0		neg 0.5232768667593789 off 0.46908995779027834 __DUMMY__ 0.00763317545034296	false	1.0
unlogisch	neg 1.0		neg 0.5124404469976347 off 0.480021459889206 __DUMMY__ 0.00753809311315928	false	1.0
leiden	neg 1.0	neg 1.0	neg 0.7446822088104726 off 0.2515943951188139 __DUMMY__ 0.0037233960707135252	false	1.0
abschaffung	neg 1.0		neg 0.5196986350184849 off 0.4727482202518349 __DUMMY__ 0.007553144729680244	false	1.0
sturz	neg 1.0		neg 0.5186626894174817 off 0.47378002202804753 __DUMMY__ 0.00755728855447072	false	1.0
verkleinerung	neg 1.0		neg 0.5180314691222045 off 0.47445509456940105 __DUMMY__ 0.007513436308394431	false	1.0
schmarotzer	off 1.0		neg 0.523489549422388 off 0.4689384236728037 __DUMMY__ 0.007572026904808438	false	0.5
bestrafung	neg 1.0		neg 0.5179118664486216 off 0.4744986473036619 __DUMMY__ 0.007589486247716444	false	1.0
achtlos	neg 1.0		neg 0.518515035626557 off 0.4738628314480252 __DUMMY__ 0.0076221329254177695	false	1.0
ungeheuer	neg 1.0		neg 0.5165488431906329 off 0.4758627683981488 __DUMMY__ 0.0075883884112183525	false	1.0
