unsolidarisch	neg 1.0		neg 0.503058005073492 off 0.45294937311387856 __DUMMY__ 0.04399262181262954	false	1.0
nachteilig	neg 1.0		neg 0.5028273656935879 off 0.4526967302189676 __DUMMY__ 0.044475904087444666	false	1.0
skeptisch	neg 1.0		neg 0.5047585926367183 off 0.4506050599392135 __DUMMY__ 0.04463634742406823	false	1.0
schrecklich	neg 1.0		neg 0.49148578699421536 off 0.4642676629267435 __DUMMY__ 0.0442465500790412	false	1.0
schlapp	neg 1.0		neg 0.49362878608780625 off 0.4617923672638137 __DUMMY__ 0.04457884664838002	false	1.0
abfall	neg 1.0		neg 0.5058663370515383 off 0.44940841286058775 __DUMMY__ 0.044725250087873814	false	1.0
widerspenstig	neg 1.0		neg 0.4978132621229946 off 0.45745479752137747 __DUMMY__ 0.04473194035562788	false	1.0
abrupt	neg 1.0		neg 0.49828268811789844 off 0.4568654736578869 __DUMMY__ 0.044851838224214596	false	1.0
unwirksam	neg 1.0		neg 0.5024849224851617 off 0.4534800366443397 __DUMMY__ 0.04403504087049837	false	1.0
angreifen	neg 1.0		neg 0.5041628545192308 off 0.4513201575672375 __DUMMY__ 0.044516987913531654	false	1.0
inkonsistent	neg 1.0		neg 0.49724140518538174 off 0.4583529545421268 __DUMMY__ 0.04440564027249157	false	1.0
abrutschen	neg 1.0		neg 0.5053213284171554 off 0.4499016708643229 __DUMMY__ 0.04477700071852167	false	1.0
unsicher	neg 1.0		neg 0.49917566510988715 off 0.45624936433070545 __DUMMY__ 0.04457497055940744	false	1.0
bauernkind	off 1.0		neg 0.49033999721957355 off 0.4657794960412497 __DUMMY__ 0.04388050673917672	false	0.5
angreifer	neg 1.0		neg 0.49779881595262404 off 0.4579723545640105 __DUMMY__ 0.044228829483365484	false	1.0
trennen	neg 1.0		neg 0.5018193672819246 off 0.4533047269839282 __DUMMY__ 0.044875905734147195	false	1.0
schmutz	neg 1.0		neg 0.4910634288664059 off 0.46420092503231825 __DUMMY__ 0.04473564610127581	false	1.0
inkonsistenz	neg 1.0	neg 1.0	neg 0.7351262165352478 off 0.24361457833015135 __DUMMY__ 0.02125920513460095	false	1.0
erschreckend	neg 1.0		neg 0.5014383262778274 off 0.45408772884044263 __DUMMY__ 0.04447394488173	false	1.0
ertrinken	neg 1.0		neg 0.5012467644580155 off 0.45398696635763874 __DUMMY__ 0.0447662691843457	false	1.0
pickelface	off 1.0		neg 0.4999725405798897 off 0.4557201091026254 __DUMMY__ 0.04430735031748493	false	0.5
seiner			neg 0.5037090532691791 off 0.4516943262046497 __DUMMY__ 0.04459662052617103	false	0.0
lauch	neg 1.0		neg 0.5043804994928298 off 0.45093089312098456 __DUMMY__ 0.04468860738618565	false	1.0
unwichtig	neg 1.0		neg 0.4954928736308621 off 0.4601395928855776 __DUMMY__ 0.04436753348356024	false	1.0
steuerhinterziehung	neg 1.0		neg 0.5031066387594664 off 0.4527324781294305 __DUMMY__ 0.04416088311110328	false	1.0
schock	neg 1.0		neg 0.4987496005231374 off 0.4564264855976145 __DUMMY__ 0.044823913879248035	false	1.0
beule	neg 1.0		neg 0.49276693909991365 off 0.46273924126725285 __DUMMY__ 0.0444938196328335	false	1.0
vergelten	neg 1.0		neg 0.4911346396262037 off 0.4648114463743863 __DUMMY__ 0.04405391399940992	false	1.0
verdorbenheit	neg 1.0		neg 0.4970940532925132 off 0.4583113076263033 __DUMMY__ 0.044594639081183406	false	1.0
trauma	neg 1.0		neg 0.49776493209483125 off 0.4577786351089294 __DUMMY__ 0.0444564327962393	false	1.0
sinnlos	neg 1.0		neg 0.49745600341337265 off 0.45807797420728447 __DUMMY__ 0.04446602237934279	false	1.0
fettsack	off 1.0	off 1.0	off 0.7176592490105502 neg 0.2612024769661005 __DUMMY__ 0.021138274023349182	false	1.0
feige	off 1.0		neg 0.4969684952134347 off 0.4587864152224537 __DUMMY__ 0.04424508956411149	false	0.5
abdanken	neg 1.0		neg 0.5043841802080793 off 0.4516147618415155 __DUMMY__ 0.04400105795040521	false	1.0
wichtigtuer	off 1.0	off 1.0	off 0.7128347700307447 neg 0.2658881326583413 __DUMMY__ 0.021277097310913966	false	1.0
misslingen	neg 1.0		neg 0.49446865702137655 off 0.4607663753923963 __DUMMY__ 0.044764967586227083	false	1.0
untreu	off 1.0		neg 0.4946164587255918 off 0.46102123683504664 __DUMMY__ 0.044362304439361594	false	0.5
missmutig	neg 1.0		neg 0.49452836293151703 off 0.4609105288908472 __DUMMY__ 0.04456110817763575	false	1.0
hurenbock	off 1.0		neg 0.49545254226131197 off 0.45982035508978375 __DUMMY__ 0.04472710264890424	false	0.5
betrunken	neg 1.0		neg 0.49211754044141753 off 0.46344259957854916 __DUMMY__ 0.04443985998003335	false	1.0
korrupt	off 1.0		neg 0.5046522001349364 off 0.45117282985908624 __DUMMY__ 0.04417497000597723	false	0.5
unmut	neg 1.0		neg 0.5060997668597467 off 0.4493016747971662 __DUMMY__ 0.04459855834308705	false	1.0
hackfresse	off 1.0		neg 0.48850088078543985 off 0.4673828468459761 __DUMMY__ 0.04411627236858411	false	0.5
aufblasen	neg 1.0		neg 0.4966687358217561 off 0.4586710197070142 __DUMMY__ 0.044660244471229564	false	1.0
gewaltsam	neg 1.0		neg 0.5000772148957588 off 0.45567732256217514 __DUMMY__ 0.04424546254206596	false	1.0
unbeliebtheit	neg 1.0		neg 0.4965496834358465 off 0.45957809826129 __DUMMY__ 0.04387221830286359	false	1.0
sturheit	neg 1.0		neg 0.501835395666407 off 0.45377689582890235 __DUMMY__ 0.04438770850469049	false	1.0
kuh	neg 1.0		neg 0.4984405596673393 off 0.4572113516136697 __DUMMY__ 0.044348088718990916	false	1.0
erschrecken	neg 1.0		neg 0.49554358130024273 off 0.45995919943722485 __DUMMY__ 0.04449721926253249	false	1.0
opfer	neg 1.0		neg 0.5031131023072366 off 0.45232418016384546 __DUMMY__ 0.044562717528917835	false	1.0
sinken	neg 1.0		neg 0.5051292663805144 off 0.4502700328267685 __DUMMY__ 0.04460070079271721	false	1.0
stinktier	neg 1.0		neg 0.49225720212053764 off 0.4636654494610411 __DUMMY__ 0.044077348418421244	false	1.0
tucke	off 1.0		neg 0.48688158873142157 off 0.46891609205378637 __DUMMY__ 0.044202319214791994	false	0.5
ein			neg 0.4968527216551456 off 0.45840290311781484 __DUMMY__ 0.04474437522703961	false	0.0
abstieg	neg 1.0		neg 0.5025394786283645 off 0.4530945937078587 __DUMMY__ 0.04436592766377684	false	1.0
missverstehen	neg 1.0		neg 0.4992361905908314 off 0.45648650067035146 __DUMMY__ 0.04427730873881716	false	1.0
ergebnislos	neg 1.0		neg 0.5027193407229319 off 0.45286071380779197 __DUMMY__ 0.04441994546927607	false	1.0
unter			neg 0.5066142576100157 off 0.4482621562122765 __DUMMY__ 0.04512358617770788	false	0.0
manipulieren	neg 1.0		neg 0.5032089613690913 off 0.45216436233139623 __DUMMY__ 0.04462667629951242	false	1.0
unbewiesen	neg 1.0		neg 0.5034028715192764 off 0.45261804361025537 __DUMMY__ 0.043979084870468275	false	1.0
verschleppen	neg 1.0		neg 0.5023209487807252 off 0.45320935246433847 __DUMMY__ 0.04446969875493616	false	1.0
weib	off 1.0		neg 0.4874858111909302 off 0.4684705286035033 __DUMMY__ 0.044043660205566486	false	0.5
opposition	neg 1.0		neg 0.49987982386136204 off 0.4559607690804463 __DUMMY__ 0.04415940705819151	false	1.0
verkehrswidrig	neg 1.0		neg 0.4877924539185597 off 0.4677965635320694 __DUMMY__ 0.044410982549371	false	1.0
inkorrekt	neg 1.0		neg 0.49717284675308127 off 0.4588297502054398 __DUMMY__ 0.04399740304147879	false	1.0
vermeiden	neg 1.0		neg 0.5051396785848943 off 0.44990942861798705 __DUMMY__ 0.04495089279711873	false	1.0
abweichung	neg 1.0		neg 0.5047609385125594 off 0.4510576586155935 __DUMMY__ 0.04418140287184721	false	1.0
alkoholisiert	neg 1.0		neg 0.49857853192116 off 0.45658918829055867 __DUMMY__ 0.044832279788281464	false	1.0
scheiss	off 1.0	off 1.0	off 0.7163064226172969 neg 0.26235636562277664 __DUMMY__ 0.0213372117599265	false	1.0
herausforderung	neg 1.0		neg 0.4992199865956882 off 0.45591015661425005 __DUMMY__ 0.04486985679006158	false	1.0
pervers	off 1.0		neg 0.48545999066297996 off 0.47062195273910845 __DUMMY__ 0.043918056597911696	false	0.5
wackelig	neg 1.0		neg 0.4986542467304752 off 0.456419296080354 __DUMMY__ 0.04492645718917072	false	1.0
verwickeln	neg 1.0		neg 0.4988151654501185 off 0.4568203307244323 __DUMMY__ 0.044364503825449264	false	1.0
vorwand	neg 1.0		neg 0.5058255805732499 off 0.44965610204888873 __DUMMY__ 0.04451831737786135	false	1.0
muschi	off 1.0		neg 0.5004894987945835 off 0.4551985243524728 __DUMMY__ 0.044311976852943816	false	0.5
entmutigung	neg 1.0		neg 0.5012883884616828 off 0.45482627813025345 __DUMMY__ 0.0438853334080638	false	1.0
unangemessen	neg 1.0		neg 0.5040119307436371 off 0.45168198841851903 __DUMMY__ 0.04430608083784373	false	1.0
unstetig	neg 1.0		neg 0.495994791623989 off 0.4596645252173622 __DUMMY__ 0.044340683158648926	false	1.0
entmutigen	neg 1.0		neg 0.4974303731803442 off 0.4579743256575397 __DUMMY__ 0.044595301162115915	false	1.0
schwanz	neg 1.0		neg 0.5016698075330842 off 0.4538529759512484 __DUMMY__ 0.04447721651566733	false	1.0
verbot	neg 1.0		neg 0.5040558963932091 off 0.4517684084324527 __DUMMY__ 0.04417569517433819	false	1.0
leid	neg 1.0		neg 0.4900240127304394 off 0.4657842478775259 __DUMMY__ 0.04419173939203464	false	1.0
archaisch	neg 1.0		neg 0.502462551043782 off 0.453138548409943 __DUMMY__ 0.044398900546274905	false	1.0
gegen			neg 0.5065029490359022 off 0.4491051678238345 __DUMMY__ 0.044391883140263454	false	0.0
scheidung	neg 1.0	neg 1.0	neg 0.7228181232083642 off 0.25602011999521707 __DUMMY__ 0.021161756796418758	false	1.0
einschlag	neg 1.0		neg 0.49207771762277724 off 0.46387401931396244 __DUMMY__ 0.044048263063260304	false	1.0
m			neg 0.49943323125204886 off 0.4558927669810725 __DUMMY__ 0.04467400176687871	false	0.0
abgestanden	neg 1.0		neg 0.4974054367707509 off 0.45789910316196875 __DUMMY__ 0.04469546006728036	false	1.0
schmierig	off 1.0		neg 0.4903015252297358 off 0.4653889842256195 __DUMMY__ 0.04430949054464467	false	0.5
unpraktisch	neg 1.0		neg 0.49649004605688346 off 0.45882560189798477 __DUMMY__ 0.04468435204513179	false	1.0
wixxer	off 1.0		neg 0.48578908210315574 off 0.4703642186945975 __DUMMY__ 0.04384669920224669	false	0.5
bezeichnet			neg 0.501846557345836 off 0.4538145914884057 __DUMMY__ 0.04433885116575832	false	0.0
jammerlappen	off 1.0		neg 0.49546365220023647 off 0.46015811131408546 __DUMMY__ 0.04437823648567809	false	0.5
farce	neg 1.0		neg 0.5047764948862082 off 0.4512030530390527 __DUMMY__ 0.04402045207473905	false	1.0
zwecklos	neg 1.0		neg 0.503563742429493 off 0.4520336160248898 __DUMMY__ 0.0444026415456171	false	1.0
turbulent	neg 1.0		neg 0.4924088625021693 off 0.4634335435296956 __DUMMY__ 0.044157593968135005	false	1.0
invasion	neg 1.0		neg 0.4954589726292696 off 0.46001238750919266 __DUMMY__ 0.0445286398615379	false	1.0
schuld	neg 1.0		neg 0.49945387584636314 off 0.4561270447989323 __DUMMY__ 0.044419079354704474	false	1.0
risiko	neg 1.0		neg 0.4941291784239716 off 0.4612302494456234 __DUMMY__ 0.044640572130404885	false	1.0
finster	neg 1.0		neg 0.49743640234492514 off 0.45788146661955276 __DUMMY__ 0.04468213103552208	false	1.0
geisteskrank	off 1.0		neg 0.4958604440159296 off 0.46003874701456104 __DUMMY__ 0.044100808969509436	false	0.5
zusammenbrechen	neg 1.0		neg 0.5000033122937028 off 0.4553373926057541 __DUMMY__ 0.044659295100543096	false	1.0
ausbeute	neg 1.0		neg 0.5003217515733731 off 0.4549248921069813 __DUMMY__ 0.04475335631964556	false	1.0
hinterhalt	neg 1.0		neg 0.49791056472407763 off 0.45760103299978533 __DUMMY__ 0.0444884022761371	false	1.0
kritik	neg 1.0		neg 0.5038328309315242 off 0.4520382138685194 __DUMMY__ 0.04412895519995637	false	1.0
einschrumpfen	neg 1.0		neg 0.49777117501978796 off 0.45810477331896593 __DUMMY__ 0.0441240516612461	false	1.0
riskant	neg 1.0		neg 0.5033212681403989 off 0.45208660261225414 __DUMMY__ 0.044592129247347026	false	1.0
frustrieren	neg 1.0		neg 0.5035866338944716 off 0.45185135329431164 __DUMMY__ 0.044562012811216786	false	1.0
groll	neg 1.0		neg 0.5028011640406015 off 0.45274465643608347 __DUMMY__ 0.044454179523314895	false	1.0
gibt			neg 0.5013977027395045 off 0.45404525550825453 __DUMMY__ 0.04455704175224103	false	0.0
qualvoll	neg 1.0		neg 0.49596951565960706 off 0.45944257771007985 __DUMMY__ 0.044587906630313034	false	1.0
wackeln	neg 1.0		neg 0.4966951659161894 off 0.45856201376206507 __DUMMY__ 0.04474282032174548	false	1.0
klagen	neg 1.0		neg 0.5064776958670619 off 0.4490661588555783 __DUMMY__ 0.0444561452773596	false	1.0
bankrott	neg 1.0		neg 0.4940886359754653 off 0.46144505578682155 __DUMMY__ 0.044466308237713074	false	1.0
trauern	neg 1.0		neg 0.5028779505735625 off 0.45252486588010626 __DUMMY__ 0.044597183546331264	false	1.0
ablehnung	neg 1.0	neg 1.0	neg 0.7381251693798854 off 0.2406452355548921 __DUMMY__ 0.021229595065222536	false	1.0
stur	neg 1.0		neg 0.4988480522909324 off 0.45671648109293045 __DUMMY__ 0.044435466616137204	false	1.0
aufruhr	neg 1.0		neg 0.5009735682696804 off 0.4548116928459369 __DUMMY__ 0.04421473888438262	false	1.0
melancholie	neg 1.0		neg 0.4992179040703886 off 0.45594454471114193 __DUMMY__ 0.04483755121846953	false	1.0
ist			neg 0.4984049420338872 off 0.4571438744300085 __DUMMY__ 0.04445118353610432	false	0.0
torheit	neg 1.0		neg 0.501716902666829 off 0.45421825705876334 __DUMMY__ 0.04406484027440762	false	1.0
dreckskind	off 1.0		neg 0.49183004453845786 off 0.46431355042664746 __DUMMY__ 0.043856405034894706	false	0.5
umtauschen	neg 1.0		neg 0.49823229806793695 off 0.45707595820107594 __DUMMY__ 0.044691743730987187	false	1.0
zum			neg 0.5038614348267851 off 0.4510908124675344 __DUMMY__ 0.045047752705680524	false	0.0
zersetzen	neg 1.0		neg 0.5047071289529041 off 0.4507483768412364 __DUMMY__ 0.044544494205859535	false	1.0
zur			neg 0.507640201044351 off 0.44771171603525944 __DUMMY__ 0.04464808292038949	false	0.0
frust	neg 1.0		neg 0.5008866731144589 off 0.454514984715247 __DUMMY__ 0.04459834217029419	false	1.0
unerbittlichkeit	neg 1.0		neg 0.5038273913706182 off 0.45165108013236155 __DUMMY__ 0.04452152849702029	false	1.0
zwei			neg 0.5028363371294252 off 0.45223004147848495 __DUMMY__ 0.04493362139208991	false	0.0
unkorrekt	neg 1.0		neg 0.49618569167352106 off 0.45980320822698545 __DUMMY__ 0.044011100099493446	false	1.0
hexe	off 1.0		neg 0.494019881626714 off 0.46156905929864406 __DUMMY__ 0.04441105907464204	false	0.5
lasch	neg 1.0		neg 0.4977815434636649 off 0.45794329470696427 __DUMMY__ 0.04427516182937098	false	1.0
rivale	neg 1.0		neg 0.4919626454926056 off 0.4639178418217938 __DUMMY__ 0.0441195126856005	false	1.0
mutlos	off 1.0	off 1.0	off 0.710316420848994 neg 0.2683425839419183 __DUMMY__ 0.02134099520908778	false	1.0
wirr	off 1.0		neg 0.493590376401927 off 0.46233538479827946 __DUMMY__ 0.04407423879979339	false	0.5
jahr			neg 0.5010752896590456 off 0.45409992925259907 __DUMMY__ 0.04482478108835535	false	0.0
wird			neg 0.5026566952873733 off 0.452759109512076 __DUMMY__ 0.04458419520055057	false	0.0
strafbar	neg 1.0		neg 0.5055337872145558 off 0.4501636242137214 __DUMMY__ 0.04430258857172266	false	1.0
erosion	neg 1.0		neg 0.4966057069684006 off 0.4587829335443243 __DUMMY__ 0.04461135948727509	false	1.0
eingehen	neg 1.0		neg 0.5033256218112363 off 0.452203169802621 __DUMMY__ 0.04447120838614279	false	1.0
faul	off 1.0		neg 0.4939100686460863 off 0.46151166912040753 __DUMMY__ 0.04457826223350621	false	0.5
provisorium	neg 1.0		neg 0.5078620198515267 off 0.4470965822358537 __DUMMY__ 0.045041397912619734	false	1.0
schmerzen	neg 1.0		neg 0.4992034717176635 off 0.4561156878904786 __DUMMY__ 0.044680840391857934	false	1.0
schrumpfen	neg 1.0		neg 0.5068446369631654 off 0.4483840190603675 __DUMMY__ 0.044771343976467134	false	1.0
geistlos	off 1.0		neg 0.5003136252890186 off 0.45566727016831493 __DUMMY__ 0.04401910454266657	false	0.5
fehlkauf	neg 1.0		neg 0.4975141235481537 off 0.4581648641989706 __DUMMY__ 0.04432101225287568	false	1.0
frustrierend	neg 1.0		neg 0.4960049944230057 off 0.45953645247552005 __DUMMY__ 0.04445855310147413	false	1.0
unzufrieden	neg 1.0		neg 0.5026404714185487 off 0.4528593439272924 __DUMMY__ 0.04450018465415884	false	1.0
verzweifeln	neg 1.0		neg 0.499649501101071 off 0.45575192131732445 __DUMMY__ 0.04459857758160449	false	1.0
verzweifelt	neg 1.0		neg 0.49879448422375267 off 0.4567517813625232 __DUMMY__ 0.04445373441372419	false	1.0
misstrauensantrag	neg 1.0		neg 0.49878265146305845 off 0.4570312325847671 __DUMMY__ 0.044186115952174504	false	1.0
abfallen	neg 1.0		neg 0.49560769650160036 off 0.45955828994971787 __DUMMY__ 0.044834013548681786	false	1.0
fucker	off 1.0		neg 0.49315760365346273 off 0.46267589676178034 __DUMMY__ 0.044166499584757005	false	0.5
ungezogen	neg 1.0		neg 0.4867356939280937 off 0.46916259494808327 __DUMMY__ 0.044101711123823197	false	1.0
irrsinnig	neg 1.0	neg 1.0	neg 0.7362069177610173 off 0.24246337386022365 __DUMMY__ 0.021329708378758958	false	1.0
unfassbar	neg 1.0		neg 0.4946906335053099 off 0.46092007103543925 __DUMMY__ 0.04438929545925091	false	1.0
hart	neg 1.0		neg 0.49529707335121476 off 0.46044727521935536 __DUMMY__ 0.0442556514294297	false	1.0
widerlich	off 1.0		neg 0.49512621357080006 off 0.46064447545629356 __DUMMY__ 0.04422931097290641	false	0.5
fatal	neg 1.0		neg 0.4972819460676508 off 0.45835199732207704 __DUMMY__ 0.044366056610272174	false	1.0
bruch	neg 1.0		neg 0.5076846930358526 off 0.44793595894906607 __DUMMY__ 0.04437934801508133	false	1.0
aushungern	neg 1.0		neg 0.5017469958536956 off 0.4540647947022138 __DUMMY__ 0.04418820944409067	false	1.0
anspannung	neg 1.0		neg 0.5038961621854998 off 0.45119420963018725 __DUMMY__ 0.044909628184312905	false	1.0
von			neg 0.5031342100868795 off 0.45213241517803265 __DUMMY__ 0.04473337473508774	false	0.0
kraftlos	neg 1.0		neg 0.49946601542165026 off 0.4556536675260185 __DUMMY__ 0.04488031705233109	false	1.0
vom			neg 0.5068467556656651 off 0.44813866159553967 __DUMMY__ 0.04501458273879525	false	0.0
grenzdebil	off 1.0		neg 0.49334673875840684 off 0.46225523799741564 __DUMMY__ 0.04439802324417752	false	0.5
vor			neg 0.5041273108449431 off 0.45110736577529004 __DUMMY__ 0.04476532337976671	false	0.0
unterwerfen	neg 1.0		neg 0.503476299662153 off 0.4520351755750078 __DUMMY__ 0.04448852476283913	false	1.0
versenkung	neg 1.0		neg 0.5037337394464994 off 0.451725057804577 __DUMMY__ 0.044541202748923626	false	1.0
entziehen	neg 1.0		neg 0.5061869532482648 off 0.4492615836769668 __DUMMY__ 0.04455146307476846	false	1.0
finanzkrise	neg 1.0		neg 0.5021658914634517 off 0.4536592273157404 __DUMMY__ 0.044174881220807836	false	1.0
schimpfend	neg 1.0		neg 0.49403324468426923 off 0.4610745913513724 __DUMMY__ 0.04489216396435834	false	1.0
profan	neg 1.0		neg 0.49740095550555463 off 0.45812777638081664 __DUMMY__ 0.044471268113628705	false	1.0
korruption	neg 1.0		neg 0.5044297435806397 off 0.4513862128061037 __DUMMY__ 0.044184043613256604	false	1.0
â			neg 0.5007585793502892 off 0.4545959761393548 __DUMMY__ 0.044645444510355896	false	0.0
schmutzig	neg 1.0		neg 0.49221947865817306 off 0.46319360076211125 __DUMMY__ 0.044586920579715604	false	1.0
sexy	neg 1.0		neg 0.49517703356039505 off 0.46039937729757985 __DUMMY__ 0.044423589142025134	false	1.0
abraten	neg 1.0		neg 0.4977966908130265 off 0.45765749707638 __DUMMY__ 0.04454581211059353	false	1.0
schwarz	neg 1.0		neg 0.4981121514437093 off 0.4574983731975353 __DUMMY__ 0.04438947535875541	false	1.0
fotze	off 1.0		neg 0.5020369748539566 off 0.453584687525866 __DUMMY__ 0.044378337620177455	false	0.5
verwirren	neg 1.0		neg 0.4968170457640651 off 0.45874760796760655 __DUMMY__ 0.04443534626832826	false	1.0
zahnlos	off 1.0		neg 0.5036468730368621 off 0.4519994565395 __DUMMY__ 0.04435367042363797	false	0.5
verheeren	neg 1.0		neg 0.48595230397534595 off 0.4701606815027741 __DUMMY__ 0.043887014521879826	false	1.0
hippie	neg 1.0		neg 0.49568467429063323 off 0.4599186526756773 __DUMMY__ 0.04439667303368942	false	1.0
rammen	neg 1.0		neg 0.4965656882189402 off 0.4590016013997689 __DUMMY__ 0.04443271038129091	false	1.0
unlauter	neg 1.0	neg 1.0	neg 0.7358531249253187 off 0.24291737781809056 __DUMMY__ 0.021229497256590707	false	1.0
unheilvoll	neg 1.0		neg 0.49662797250666024 off 0.45881259889096565 __DUMMY__ 0.04455942860237403	false	1.0
niedrig	neg 1.0		neg 0.503071545396537 off 0.45249623857355864 __DUMMY__ 0.04443221602990423	false	1.0
explosion	neg 1.0		neg 0.49549849102218335 off 0.4600174663679089 __DUMMY__ 0.04448404260990785	false	1.0
weichei	off 1.0		neg 0.48983414242776935 off 0.4660431802424508 __DUMMY__ 0.04412267732977999	false	0.5
minusmensch	off 1.0		neg 0.4887150109942025 off 0.4676483041285209 __DUMMY__ 0.04363668487727663	false	0.5
farblos	neg 1.0		neg 0.49796157605104496 off 0.45755566697320477 __DUMMY__ 0.0444827569757504	false	1.0
unwissend	neg 1.0		neg 0.4956941421511185 off 0.4600253397478955 __DUMMY__ 0.04428051810098588	false	1.0
traurig	neg 1.0		neg 0.49136110398614924 off 0.46424937362967894 __DUMMY__ 0.04438952238417178	false	1.0
senkung	neg 1.0		neg 0.4965960682961911 off 0.4590442548299464 __DUMMY__ 0.044359676873862615	false	1.0
ungleich	neg 1.0	neg 1.0	neg 0.7386649029635568 off 0.2399837135499428 __DUMMY__ 0.021351383486500314	false	1.0
heikel	neg 1.0		neg 0.5048670991001523 off 0.450590177820881 __DUMMY__ 0.04454272307896668	false	1.0
drosselung	neg 1.0		neg 0.4910767441651524 off 0.46455786372280566 __DUMMY__ 0.04436539211204194	false	1.0
falsch	neg 1.0		neg 0.49606319141458144 off 0.45955092014061194 __DUMMY__ 0.044385888444806544	false	1.0
unzufriedenheit	neg 1.0		neg 0.5049204458037646 off 0.4505303744867025 __DUMMY__ 0.044549179709532774	false	1.0
kurz	neg 1.0		neg 0.4990421257249371 off 0.45617198782657276 __DUMMY__ 0.04478588644849027	false	1.0
unsinnig	neg 1.0		neg 0.5026968074481795 off 0.4528708753832817 __DUMMY__ 0.04443231716853886	false	1.0
penner	off 1.0	off 1.0	off 0.7191850162830508 neg 0.25961075523441124 __DUMMY__ 0.021204228482537942	false	1.0
seicht	neg 1.0		neg 0.4889621977090199 off 0.4671425090067797 __DUMMY__ 0.04389529328420037	false	1.0
dummheit	off 1.0	off 1.0	off 0.7133852729891412 neg 0.26532867970383744 __DUMMY__ 0.021286047307021303	false	1.0
unerfreulich	neg 1.0		neg 0.5046160739022274 off 0.4507404172368249 __DUMMY__ 0.044643508860947714	false	1.0
motherfucker	off 1.0	off 1.0	off 0.7163693440938332 neg 0.26240248966375623 __DUMMY__ 0.02122816624241039	false	1.0
pikiert	neg 1.0		neg 0.49606503564382703 off 0.45964876854704123 __DUMMY__ 0.04428619580913189	false	1.0
wrack	neg 1.0		neg 0.5014615327878773 off 0.45400070674778775 __DUMMY__ 0.04453776046433517	false	1.0
gangster	neg 1.0		neg 0.49645512204124415 off 0.45913064654464103 __DUMMY__ 0.044414231414114914	false	1.0
krank	neg 1.0		neg 0.4923428619406208 off 0.4631383959714882 __DUMMY__ 0.04451874208789092	false	1.0
reich	neg 1.0		neg 0.4976962175202243 off 0.45840492953437617 __DUMMY__ 0.04389885294539969	false	1.0
gnadenlos	neg 1.0		neg 0.4992308651454402 off 0.4563386270200779 __DUMMY__ 0.04443050783448197	false	1.0
niedergeschlagen	neg 1.0		neg 0.4999967110518036 off 0.4553606574093837 __DUMMY__ 0.044642631538812795	false	1.0
terrorisieren	off 1.0	off 1.0	off 0.7107575919428538 neg 0.26780760579767 __DUMMY__ 0.021434802259476107	false	1.0
sinnlosigkeit	neg 1.0		neg 0.502864752932736 off 0.45270964597681007 __DUMMY__ 0.0444256010904538	false	1.0
behindern	neg 1.0		neg 0.4984302731441664 off 0.45693598698960136 __DUMMY__ 0.044633739866232335	false	1.0
undemokratisch	neg 1.0		neg 0.501094510243424 off 0.45480650589499483 __DUMMY__ 0.0440989838615811	false	1.0
wirtschaftskrise	neg 1.0		neg 0.5031356109343078 off 0.45253836209457643 __DUMMY__ 0.04432602697111585	false	1.0
neid	neg 1.0		neg 0.49431466999991047 off 0.4610627607816744 __DUMMY__ 0.04462256921841508	false	1.0
rutschen	neg 1.0		neg 0.5022532516190761 off 0.45256016696739043 __DUMMY__ 0.04518658141353349	false	1.0
rezession	neg 1.0		neg 0.4924480322524178 off 0.4635799837019926 __DUMMY__ 0.04397198404558958	false	1.0
fehlgeburt	neg 1.0		neg 0.4980132730038556 off 0.45745282918071145 __DUMMY__ 0.04453389781543296	false	1.0
charakterschwach	off 1.0		neg 0.495309665506484 off 0.4604592516663327 __DUMMY__ 0.04423108282718327	false	0.5
isolation	neg 1.0		neg 0.49461860886703995 off 0.461020931374088 __DUMMY__ 0.04436045975887204	false	1.0
ablenkung	neg 1.0		neg 0.49842893738966937 off 0.4569642405906205 __DUMMY__ 0.04460682201971	false	1.0
pech	neg 1.0		neg 0.4960312003487386 off 0.4594902022670566 __DUMMY__ 0.04447859738420476	false	1.0
vermeidung	neg 1.0		neg 0.4914951502085811 off 0.46403063252230664 __DUMMY__ 0.04447421726911226	false	1.0
dominieren	neg 1.0		neg 0.5022026584124943 off 0.4534324921361362 __DUMMY__ 0.04436484945136936	false	1.0
schwindlig	neg 1.0		neg 0.4950737405903914 off 0.46028520761123803 __DUMMY__ 0.044641051798370586	false	1.0
lutscher	neg 1.0		neg 0.4878506572931592 off 0.46824636428628713 __DUMMY__ 0.043902978420553664	false	1.0
pflicht	neg 1.0		neg 0.5051805290601391 off 0.4502902708321581 __DUMMY__ 0.04452920010770279	false	1.0
faschist	off 1.0		neg 0.49968012028945724 off 0.45620298396177617 __DUMMY__ 0.044116895748766594	false	0.5
verschleudern	neg 1.0		neg 0.5042214401101509 off 0.451481106467738 __DUMMY__ 0.04429745342211119	false	1.0
wenn			neg 0.49601508152992463 off 0.45958777657123456 __DUMMY__ 0.044397141898840815	false	0.0
ehebruch	neg 1.0		neg 0.503629724593076 off 0.45195494913537 __DUMMY__ 0.044415326271554	false	1.0
spott	off 1.0		neg 0.5041553796868553 off 0.4514026276349447 __DUMMY__ 0.04444199267819985	false	0.5
trostlosigkeit	neg 1.0		neg 0.5066670318695652 off 0.4490195061419745 __DUMMY__ 0.04431346198846045	false	1.0
lutschen	neg 1.0		neg 0.49671372597137486 off 0.4591117237748164 __DUMMY__ 0.044174550253808856	false	1.0
undiszipliniert	neg 1.0		neg 0.49269715138694453 off 0.462984031296593 __DUMMY__ 0.044318817316462505	false	1.0
kopfschmerz	neg 1.0		neg 0.4988944591537809 off 0.4564843120190888 __DUMMY__ 0.044621228827130384	false	1.0
unvorhergesehen	neg 1.0		neg 0.49871188717445947 off 0.45644630927820107 __DUMMY__ 0.04484180354733949	false	1.0
desinteressiert	neg 1.0		neg 0.49372032315278636 off 0.46203539844680086 __DUMMY__ 0.044244278400412784	false	1.0
armselig	off 1.0		neg 0.49335116573396076 off 0.4624919844725937 __DUMMY__ 0.044156849793445516	false	0.5
desaster	neg 1.0		neg 0.5084884972197913 off 0.4471661741000236 __DUMMY__ 0.044345328680185196	false	1.0
tod	neg 1.0		neg 0.5039178969564397 off 0.45170436527995506 __DUMMY__ 0.04437773776360523	false	1.0
herzlos	neg 1.0		neg 0.4908000447226667 off 0.4648420900961241 __DUMMY__ 0.04435786518120916	false	1.0
unwissenheit	neg 1.0		neg 0.5030216976481687 off 0.45257722952668705 __DUMMY__ 0.04440107282514427	false	1.0
widersinnig	neg 1.0		neg 0.5045344527771857 off 0.45138676796674954 __DUMMY__ 0.044078779256064876	false	1.0
bedenklich	neg 1.0		neg 0.503973690826331 off 0.45151867015376956 __DUMMY__ 0.04450763901989942	false	1.0
beanstanden	neg 1.0		neg 0.5057712646153036 off 0.44971368494300057 __DUMMY__ 0.04451505044169583	false	1.0
panisch	neg 1.0	neg 1.0	neg 0.733283678941855 off 0.24514769080168142 __DUMMY__ 0.021568630256463644	false	1.0
debil	off 1.0		neg 0.5069222918524302 off 0.44836650370161124 __DUMMY__ 0.04471120444595866	false	0.5
abstrich	neg 1.0		neg 0.4960503302316132 off 0.4591484319336448 __DUMMY__ 0.04480123783474199	false	1.0
primitiv	neg 1.0		neg 0.4947444333462824 off 0.4610560873950088 __DUMMY__ 0.04419947925870888	false	1.0
abschaum	off 1.0	off 1.0	off 0.7145547531831455 neg 0.26420492663581147 __DUMMY__ 0.02124032018104302	false	1.0
provozieren	neg 1.0		neg 0.5005814765484587 off 0.4550734210261013 __DUMMY__ 0.04434510242543987	false	1.0
tot	neg 1.0		neg 0.5007568673370342 off 0.45480962850233425 __DUMMY__ 0.044433504160631514	false	1.0
instabil	neg 1.0		neg 0.4937562715379306 off 0.46229594452943235 __DUMMY__ 0.043947783932637006	false	1.0
schwuchtel	off 1.0		neg 0.48447313851460977 off 0.4719345489246705 __DUMMY__ 0.043592312560719666	false	0.5
zerren	neg 1.0		neg 0.5004929614951453 off 0.45489097531488654 __DUMMY__ 0.044616063189968205	false	1.0
kinderficker	off 1.0		neg 0.4919952743861116 off 0.4640011787686333 __DUMMY__ 0.044003546845255176	false	0.5
gefahr	neg 1.0		neg 0.5043522837360767 off 0.45126295846286113 __DUMMY__ 0.04438475780106218	false	1.0
rabiat	neg 1.0		neg 0.4998279387386213 off 0.45569969988135894 __DUMMY__ 0.04447236138001979	false	1.0
verlangsamung	neg 1.0		neg 0.48877050314958004 off 0.46728805379187527 __DUMMY__ 0.04394144305854473	false	1.0
ausgestorben	neg 1.0		neg 0.5008699530133071 off 0.45456898643934 __DUMMY__ 0.044561060547352815	false	1.0
anklagen	neg 1.0		neg 0.500979537612328 off 0.45465628657978846 __DUMMY__ 0.04436417580788353	false	1.0
trott	neg 1.0		neg 0.4987334548586037 off 0.456686348703062 __DUMMY__ 0.04458019643833432	false	1.0
verminderung	neg 1.0		neg 0.492502641920677 off 0.4632357039102713 __DUMMY__ 0.04426165416905173	false	1.0
nach			neg 0.5036683949893695 off 0.451280189195357 __DUMMY__ 0.04505141581527352	false	0.0
rost	neg 1.0		neg 0.48769482535428754 off 0.4682788525531656 __DUMMY__ 0.04402632209254681	false	1.0
destruktiv	neg 1.0		neg 0.5022251221285114 off 0.4534654865035964 __DUMMY__ 0.04430939136789205	false	1.0
unzumutbarkeit	neg 1.0		neg 0.4923096591211183 off 0.4633103143229915 __DUMMY__ 0.04438002655589016	false	1.0
labil	off 1.0	off 1.0	off 0.7152648711833364 neg 0.2634861843954866 __DUMMY__ 0.021248944421177005	false	1.0
ziemlich	neg 1.0		neg 0.49409922475805346 off 0.4615190941198005 __DUMMY__ 0.04438168112214611	false	1.0
lachnummer	off 1.0		neg 0.5023732273760325 off 0.4533270827936123 __DUMMY__ 0.04429968983035539	false	0.5
oder			neg 0.4985842134062841 off 0.45678294520186413 __DUMMY__ 0.04463284139185178	false	0.0
verfall	neg 1.0		neg 0.5080003633679793 off 0.4473556045627814 __DUMMY__ 0.04464403206923938	false	1.0
ausgrenzung	neg 1.0		neg 0.499883324751202 off 0.45598114889260455 __DUMMY__ 0.04413552635619343	false	1.0
unordnung	neg 1.0		neg 0.4926964005872578 off 0.46332883625849935 __DUMMY__ 0.04397476315424293	false	1.0
fehlverhalten	neg 1.0		neg 0.5050488750794907 off 0.45055844521367155 __DUMMY__ 0.044392679706837725	false	1.0
eine			neg 0.5039606048391139 off 0.45130292541507433 __DUMMY__ 0.04473646974581171	false	0.0
nille	neg 1.0		neg 0.5013433875322731 off 0.45440495954712773 __DUMMY__ 0.04425165292059916	false	1.0
qual	neg 1.0		neg 0.4990750176482853 off 0.4563714820341679 __DUMMY__ 0.04455350031754695	false	1.0
verschwenden	neg 1.0		neg 0.5029876293579205 off 0.45241923229893205 __DUMMY__ 0.0445931383431473	false	1.0
riesig	neg 1.0		neg 0.49870403444926653 off 0.4566325032935993 __DUMMY__ 0.044663462257134266	false	1.0
verurteilen	neg 1.0		neg 0.5032019902435855 off 0.4524441278382894 __DUMMY__ 0.044353881918124984	false	1.0
klischee	neg 1.0	neg 1.0	neg 0.7352672679874933 off 0.24348908900490077 __DUMMY__ 0.021243643007605898	false	1.0
diktatorisch	neg 1.0		neg 0.5018924860379699 off 0.45409120237512857 __DUMMY__ 0.04401631158690156	false	1.0
vorhersehbar	neg 1.0		neg 0.49923604539743793 off 0.4565067031966387 __DUMMY__ 0.04425725140592341	false	1.0
sowie			neg 0.49057438655182434 off 0.4654733507838299 __DUMMY__ 0.04395226266434587	false	0.0
stornieren	neg 1.0		neg 0.4947438152250344 off 0.4606070242302314 __DUMMY__ 0.04464916054473413	false	1.0
besteuerung	neg 1.0		neg 0.49852057626751006 off 0.45709603681932665 __DUMMY__ 0.04438338691316337	false	1.0
ungeschminkt	neg 1.0		neg 0.49335126666888646 off 0.46229831531392285 __DUMMY__ 0.04435041801719075	false	1.0
kritisch	neg 1.0		neg 0.5045164693315106 off 0.4510775974486884 __DUMMY__ 0.04440593321980084	false	1.0
schlamperei	off 1.0		neg 0.5045792579034979 off 0.45110472372299426 __DUMMY__ 0.04431601837350787	false	0.5
sucht	neg 1.0	neg 1.0	neg 0.7326374697757803 off 0.24580184960580898 __DUMMY__ 0.02156068061841073	false	1.0
egoistisch	off 1.0		neg 0.4898654004242197 off 0.465988799613112 __DUMMY__ 0.044145799962668264	false	0.5
ausbeuter	off 1.0		neg 0.5054669438850067 off 0.4501519850848772 __DUMMY__ 0.04438107103011621	false	0.5
arschgeburt	off 1.0		neg 0.4846962110548036 off 0.47171677194806777 __DUMMY__ 0.043587016997128775	false	0.5
schubs	neg 1.0	neg 1.0	neg 0.736067407300358 off 0.24237743168098946 __DUMMY__ 0.02155516101865257	false	1.0
unsolide	neg 1.0		neg 0.5012082500011943 off 0.45512065028127585 __DUMMY__ 0.043671099717529804	false	1.0
beschwerde	neg 1.0		neg 0.5036442947897832 off 0.45203934185013195 __DUMMY__ 0.04431636336008491	false	1.0
stocken	neg 1.0		neg 0.5019253596104408 off 0.45351070264945786 __DUMMY__ 0.044563937740101284	false	1.0
isolieren	neg 1.0		neg 0.49841122595828596 off 0.456894680712845 __DUMMY__ 0.044694093328868964	false	1.0
unheilbar	neg 1.0		neg 0.4981253885656992 off 0.4573268293110604 __DUMMY__ 0.044547782123240405	false	1.0
pisser	off 1.0		neg 0.4927253485799001 off 0.46321233260984185 __DUMMY__ 0.044062318810258135	false	0.5
löschen	neg 1.0		neg 0.4987128494531388 off 0.45686886868771887 __DUMMY__ 0.04441828185914234	false	1.0
durchfallen	neg 1.0		neg 0.5035868367166045 off 0.4519292493156444 __DUMMY__ 0.044483913967750886	false	1.0
wichser	off 1.0		neg 0.48623445765264445 off 0.46982539992257955 __DUMMY__ 0.043940142424775994	false	0.5
terror	neg 1.0		neg 0.49485153402346443 off 0.46064027904622357 __DUMMY__ 0.04450818693031196	false	1.0
krass	neg 1.0		neg 0.4911903756347849 off 0.4645602099237028 __DUMMY__ 0.04424941444151236	false	1.0
revolte	neg 1.0	neg 1.0	neg 0.7363474273992621 off 0.24255976544745544 __DUMMY__ 0.021092807153282395	false	1.0
besorgt	neg 1.0		neg 0.4990619594256528 off 0.45615659311833046 __DUMMY__ 0.04478144745601681	false	1.0
nachlassen	neg 1.0		neg 0.49957302482511756 off 0.455688825647311 __DUMMY__ 0.044738149527571276	false	1.0
alt	neg 1.0		neg 0.5019328451493135 off 0.4533407415760157 __DUMMY__ 0.04472641327467076	false	1.0
hundesohn	off 1.0		neg 0.48874202899246755 off 0.46750499671438694 __DUMMY__ 0.04375297429314544	false	0.5
als			neg 0.5012732563739731 off 0.4540941586771647 __DUMMY__ 0.044632584948862165	false	0.0
abschreckung	neg 1.0		neg 0.505822004413088 off 0.4497085044598697 __DUMMY__ 0.04446949112704247	false	1.0
unqualifiziert	neg 1.0		neg 0.4989508709332533 off 0.4568006077942232 __DUMMY__ 0.04424852127252349	false	1.0
abgewichst	off 1.0		neg 0.500655258463943 off 0.4548888576670736 __DUMMY__ 0.04445588386898336	false	0.5
schwer	neg 1.0		neg 0.49961818066818114 off 0.4558055575213026 __DUMMY__ 0.044576261810516334	false	1.0
bedeutungslosigkeit	neg 1.0		neg 0.5056058902657498 off 0.44997971866708497 __DUMMY__ 0.04441439106716532	false	1.0
kapitulation	neg 1.0		neg 0.5053122782463371 off 0.4505370386672704 __DUMMY__ 0.04415068308639259	false	1.0
unscharf	neg 1.0		neg 0.49605370305004 off 0.4594871333755697 __DUMMY__ 0.04445916357439029	false	1.0
schwinden	neg 1.0		neg 0.5027003857337367 off 0.45263459442867615 __DUMMY__ 0.0446650198375873	false	1.0
versklavung	neg 1.0		neg 0.5011951952073116 off 0.45469557178880987 __DUMMY__ 0.044109233003878534	false	1.0
schlecht	neg 1.0		neg 0.4934638313347131 off 0.46212402037454947 __DUMMY__ 0.04441214829073748	false	1.0
verhasst	neg 1.0		neg 0.5009537199481691 off 0.4547508960177504 __DUMMY__ 0.04429538403408056	false	1.0
beschweren	neg 1.0		neg 0.4977283098936787 off 0.45776278890240235 __DUMMY__ 0.044508901203918934	false	1.0
scheiden	neg 1.0		neg 0.49990315163162297 off 0.4555764959804529 __DUMMY__ 0.04452035238792421	false	1.0
frustriert	neg 1.0		neg 0.5010081750466087 off 0.4544474542772782 __DUMMY__ 0.04454437067611312	false	1.0
schimmelig	neg 1.0		neg 0.5026712922887256 off 0.45281103643675996 __DUMMY__ 0.044517671274514455	false	1.0
fisch	neg 1.0		neg 0.5019927966430431 off 0.45345751605728213 __DUMMY__ 0.04454968729967476	false	1.0
schmuggel	neg 1.0		neg 0.5022216945067519 off 0.45299588444468836 __DUMMY__ 0.04478242104855982	false	1.0
auffallen	neg 1.0		neg 0.4976384012331385 off 0.4579086497173034 __DUMMY__ 0.04445294904955807	false	1.0
konkurrenz	neg 1.0		neg 0.5049789930464532 off 0.4504018421366682 __DUMMY__ 0.04461916481687857	false	1.0
teufelskreis	neg 1.0		neg 0.5011406082864511 off 0.45437536268129186 __DUMMY__ 0.04448402903225694	false	1.0
aufschreien	neg 1.0		neg 0.49882269012865355 off 0.4568617509458933 __DUMMY__ 0.04431555892545319	false	1.0
schuldner	neg 1.0		neg 0.5044275232001089 off 0.45117628390403985 __DUMMY__ 0.04439619289585132	false	1.0
missgeburt	off 1.0	off 1.0	off 0.7175607284615012 neg 0.2613691326001658 __DUMMY__ 0.021070138938333094	false	1.0
arbeitslos	neg 1.0		neg 0.5031000082994612 off 0.4524889020003195 __DUMMY__ 0.04441108970021922	false	1.0
befallen	neg 1.0		neg 0.5029120546824164 off 0.45275898679580656 __DUMMY__ 0.04432895852177698	false	1.0
miesepetrig	off 1.0		neg 0.492355074253514 off 0.4630937466713828 __DUMMY__ 0.04455117907510322	false	0.5
alarmieren	neg 1.0		neg 0.4962278144489266 off 0.4595942438390236 __DUMMY__ 0.044177941712049716	false	1.0
ungeduscht	off 1.0		neg 0.49601139977261377 off 0.45953004860826147 __DUMMY__ 0.04445855161912481	false	0.5
knappheit	neg 1.0		neg 0.5023979933329714 off 0.45318683096190937 __DUMMY__ 0.044415175705119166	false	1.0
schlange	neg 1.0		neg 0.49673350510010505 off 0.4586282991383771 __DUMMY__ 0.04463819576151775	false	1.0
harsch	neg 1.0		neg 0.4867253205463991 off 0.4689339180640596 __DUMMY__ 0.04434076138954126	false	1.0
lang	neg 1.0		neg 0.49779186869133063 off 0.45770085206061006 __DUMMY__ 0.04450727924805944	false	1.0
ziellos	neg 1.0		neg 0.5019502802696035 off 0.45344319518849546 __DUMMY__ 0.04460652454190093	false	1.0
selbstverliebt	neg 1.0		neg 0.4871669247650585 off 0.4691573307065273 __DUMMY__ 0.043675744528414114	false	1.0
beseitigen	neg 1.0		neg 0.49791690964787966 off 0.4575461443712048 __DUMMY__ 0.044536945980915704	false	1.0
dumm	off 1.0		neg 0.4896560186875785 off 0.4662741598556193 __DUMMY__ 0.04406982145680222	false	0.5
arbeitsloser	neg 1.0		neg 0.5039094437659847 off 0.4516608455082042 __DUMMY__ 0.04442971072581118	false	1.0
blitzen	neg 1.0		neg 0.49575197312399955 off 0.45985211043108376 __DUMMY__ 0.04439591644491661	false	1.0
hilflos	neg 1.0		neg 0.5011793929607123 off 0.4542492208656415 __DUMMY__ 0.04457138617364613	false	1.0
eklig	off 1.0		neg 0.48925351105678133 off 0.4667603086575059 __DUMMY__ 0.04398618028571264	false	0.5
begriff			neg 0.5015099113394245 off 0.4540143034779634 __DUMMY__ 0.044475785182612124	false	0.0
hungersnot	neg 1.0		neg 0.5025234617325733 off 0.4533361530826442 __DUMMY__ 0.04414038518478249	false	1.0
ungesetzlich	neg 1.0		neg 0.5008531680141535 off 0.45516315707449706 __DUMMY__ 0.04398367491134948	false	1.0
verschwendung	neg 1.0		neg 0.5039987421110208 off 0.4514022950040774 __DUMMY__ 0.04459896288490168	false	1.0
schmerzvoll	neg 1.0		neg 0.4975870725370705 off 0.4578901361615301 __DUMMY__ 0.04452279130139929	false	1.0
vorzeitig	neg 1.0		neg 0.49457939656220357 off 0.4611150991254436 __DUMMY__ 0.04430550431235301	false	1.0
unvollkommenheit	neg 1.0		neg 0.49880289816668955 off 0.45667877951021446 __DUMMY__ 0.044518322323096014	false	1.0
intervenieren	neg 1.0		neg 0.5053168088130785 off 0.4503425467598965 __DUMMY__ 0.04434064442702494	false	1.0
banause	off 1.0		neg 0.4876358209481508 off 0.46840540711628614 __DUMMY__ 0.04395877193556302	false	0.5
rebell	neg 1.0		neg 0.5038579489020776 off 0.4514484931557265 __DUMMY__ 0.04469355794219591	false	1.0
unlogisch	neg 1.0		neg 0.49331088962209296 off 0.46255089619057094 __DUMMY__ 0.044138214187336045	false	1.0
leiden	neg 1.0	neg 1.0	neg 0.735201702928842 off 0.24296757449199102 __DUMMY__ 0.021830722579166906	false	1.0
abschaffung	neg 1.0		neg 0.5004944293286208 off 0.4552791899303813 __DUMMY__ 0.04422638074099789	false	1.0
sturz	neg 1.0		neg 0.4994538171745902 off 0.45629525034888296 __DUMMY__ 0.044250932476526915	false	1.0
verkleinerung	neg 1.0		neg 0.49893691953869046 off 0.45706803839170873 __DUMMY__ 0.04399504206960085	false	1.0
schmarotzer	off 1.0		neg 0.5042192952480424 off 0.4514446134213992 __DUMMY__ 0.044336091330558325	false	0.5
bestrafung	neg 1.0		neg 0.49862198875166 off 0.4569399697091176 __DUMMY__ 0.04443804153922239	false	1.0
achtlos	neg 1.0		neg 0.49914410414837745 off 0.456227594485319 __DUMMY__ 0.04462830136630361	false	1.0
ungeheuer	neg 1.0		neg 0.49727421736279104 off 0.45829372792474454 __DUMMY__ 0.04443205471246444	false	1.0
unaufrichtig	neg 1.0		neg 0.497991666930664 off 0.4577955461599691 __DUMMY__ 0.04421278690936683	false	1.0
groggy	neg 1.0		neg 0.4965104412366244 off 0.45914432101274694 __DUMMY__ 0.044345237750628645	false	1.0
