unsolidarisch	neg 1.0		__DUMMY__ 0.8938832527832437 neg 0.0572699565632259 off 0.04884679065353038	false	1.0
nachteilig	neg 1.0		__DUMMY__ 0.9005488369239611 neg 0.05387944958700994 off 0.04557171348902895	false	1.0
skeptisch	neg 1.0		__DUMMY__ 0.9025554135017767 neg 0.05418971101929343 off 0.043254875478929894	false	1.0
schrecklich	neg 1.0		__DUMMY__ 0.8972344093381424 off 0.05433840174200129 neg 0.0484271889198563	false	0.5
schlapp	neg 1.0		__DUMMY__ 0.9019571516181859 off 0.05040592850902936 neg 0.04763691987278467	false	0.5
abfall	neg 1.0		__DUMMY__ 0.9037775249179657 neg 0.05432575434218733 off 0.041896720739846995	false	1.0
widerspenstig	neg 1.0		__DUMMY__ 0.904040403951117 neg 0.049165669581401734 off 0.046793926467481275	false	1.0
abrupt	neg 1.0		__DUMMY__ 0.90592780474341 neg 0.048333026648083706 off 0.04573916860850638	false	1.0
unwirksam	neg 1.0		__DUMMY__ 0.8945858134052924 neg 0.057009260865207134 off 0.048404925729500434	false	1.0
angreifen	neg 1.0		__DUMMY__ 0.9007768860125032 neg 0.0546125414502708 off 0.04461057253722598	false	1.0
inkonsistent	neg 1.0		__DUMMY__ 0.8999377706744626 neg 0.050819301464644584 off 0.049242927860892925	false	1.0
abrutschen	neg 1.0		__DUMMY__ 0.9043585143622787 neg 0.053696589902792635 off 0.0419448957349287	false	1.0
unsicher	neg 1.0		__DUMMY__ 0.9015443189684222 neg 0.05113594730501785 off 0.04731973372655985	false	1.0
bauernkind	off 1.0		__DUMMY__ 0.8928364443050166 off 0.05711456211678948 neg 0.05004899357819389	false	1.0
angreifer	neg 1.0		__DUMMY__ 0.8973925046901345 neg 0.052193980742615026 off 0.05041351456725032	false	1.0
trennen	neg 1.0		__DUMMY__ 0.9057354555165132 neg 0.05081061590361054 off 0.04345392857987624	false	1.0
schmutz	neg 1.0		__DUMMY__ 0.9046867152392628 off 0.051190460049520936 neg 0.0441228247112163	false	0.5
inkonsistenz	neg 1.0	neg 1.0	neg 0.5097942317387297 __DUMMY__ 0.45208581496600236 off 0.038119953295267905	false	1.0
erschreckend	neg 1.0		__DUMMY__ 0.9002088664467067 neg 0.053205708916186256 off 0.046585424637106986	false	1.0
ertrinken	neg 1.0		__DUMMY__ 0.9042751308072638 neg 0.05108922803705626 off 0.04463564115567989	false	1.0
pickelface	off 1.0		__DUMMY__ 0.8984081930906771 neg 0.053173194525376596 off 0.04841861238394634	false	0.5
seiner			__DUMMY__ 0.9019098901688928 neg 0.05385310502245646 off 0.04423700480865077	false	0.0
lauch	neg 1.0		__DUMMY__ 0.9036556644294388 neg 0.05354341695115732 off 0.04280091861940382	false	1.0
unwichtig	neg 1.0		__DUMMY__ 0.8988759854164786 off 0.05107489480734958 neg 0.050049119776171845	false	0.5
steuerhinterziehung	neg 1.0		__DUMMY__ 0.8964361495769084 neg 0.05607874447412764 off 0.047485105948963914	false	1.0
schock	neg 1.0		__DUMMY__ 0.9051787723985136 neg 0.04909359554745257 off 0.04572763205403387	false	1.0
beule	neg 1.0		__DUMMY__ 0.901010035636178 off 0.051406163940286895 neg 0.04758380042353509	false	0.5
vergelten	neg 1.0		__DUMMY__ 0.8951548228217748 off 0.055942862202667885 neg 0.04890231497555732	false	0.5
verdorbenheit	neg 1.0		__DUMMY__ 0.902335365937464 neg 0.04967326640057923 off 0.04799136766195669	false	1.0
trauma	neg 1.0		__DUMMY__ 0.9000341178032946 neg 0.0510205211395921 off 0.048945361057113265	false	1.0
sinnlos	neg 1.0		__DUMMY__ 0.9000951422192288 neg 0.050741458483273175 off 0.04916339929749809	false	1.0
fettsack	off 1.0	off 1.0	off 0.5125869789391966 __DUMMY__ 0.44984337355440934 neg 0.03756964750639395	false	1.0
feige	off 1.0		__DUMMY__ 0.8972569543852859 neg 0.051812922917755466 off 0.05093012269695866	false	0.5
abdanken	neg 1.0		__DUMMY__ 0.8941074919211438 neg 0.05799343375603869 off 0.047899074322817446	false	1.0
wichtigtuer	off 1.0	off 1.0	off 0.5072732230599769 __DUMMY__ 0.45224786191033794 neg 0.0404789150296851	false	1.0
misslingen	neg 1.0		__DUMMY__ 0.904945382185583 off 0.04876526608106321 neg 0.04628935173335391	false	0.5
untreu	off 1.0		__DUMMY__ 0.8987394244460751 off 0.05162629668546862 neg 0.04963427886845619	false	1.0
missmutig	neg 1.0		__DUMMY__ 0.9016095003953011 off 0.050212074284318724 neg 0.04817842532038013	false	0.5
hurenbock	off 1.0		__DUMMY__ 0.9046328328213018 off 0.0479994939224301 neg 0.04736767325626814	false	1.0
betrunken	neg 1.0		__DUMMY__ 0.8999877058043604 off 0.05242928062191868 neg 0.04758301357372094	false	0.5
korrupt	off 1.0		__DUMMY__ 0.8964536837406227 neg 0.057003508591787586 off 0.046542807667589794	false	0.5
unmut	neg 1.0		__DUMMY__ 0.9021394831479979 neg 0.055137469476672696 off 0.042723047375329455	false	1.0
hackfresse	off 1.0		__DUMMY__ 0.8956277768216525 off 0.05707757990419572 neg 0.04729464327415187	false	1.0
aufblasen	neg 1.0		__DUMMY__ 0.9028354932571168 neg 0.04900037000564598 off 0.048164136737237254	false	1.0
gewaltsam	neg 1.0		__DUMMY__ 0.8976211048730658 neg 0.05360800888519005 off 0.048770886241744166	false	1.0
unbeliebtheit	neg 1.0		__DUMMY__ 0.8925644863070484 neg 0.053777659143453935 off 0.05365785454949759	false	1.0
sturheit	neg 1.0		__DUMMY__ 0.8992069455705543 neg 0.05380028464096853 off 0.0469927697884772	false	1.0
kuh	neg 1.0		__DUMMY__ 0.8994442242160898 neg 0.05211789252517714 off 0.048437883258733	false	1.0
erschrecken	neg 1.0		__DUMMY__ 0.9005510474828583 off 0.05005449799385361 neg 0.049394454523287945	false	0.5
opfer	neg 1.0		__DUMMY__ 0.9016751063310847 neg 0.053481658018230335 off 0.04484323565068492	false	1.0
sinken	neg 1.0		__DUMMY__ 0.9023498088647467 neg 0.05459306818039022 off 0.04305712295486315	false	1.0
stinktier	neg 1.0		__DUMMY__ 0.895377535203854 off 0.054651439637868525 neg 0.049971025158277546	false	0.5
tucke	off 1.0		__DUMMY__ 0.8973882556995537 off 0.057167962361043705 neg 0.04544378193940256	false	1.0
ein			__DUMMY__ 0.9042216543576649 neg 0.04845909284975404 off 0.04731925279258107	false	0.0
abstieg	neg 1.0		__DUMMY__ 0.8991887606585445 neg 0.054322941012894026 off 0.04648829832856157	false	1.0
missverstehen	neg 1.0		__DUMMY__ 0.8976182712355947 neg 0.05312292123811908 off 0.049258807526286155	false	1.0
ergebnislos	neg 1.0		__DUMMY__ 0.8999190391183288 neg 0.054052516883956125 off 0.04602844399771507	false	1.0
unter			__DUMMY__ 0.9092604904467466 neg 0.052125986169872546 off 0.038613523383380845	false	0.0
manipulieren	neg 1.0		__DUMMY__ 0.9025575107263939 neg 0.052983221691910026 off 0.044459267581696126	false	1.0
unbewiesen	neg 1.0		__DUMMY__ 0.8937355906683385 neg 0.057562949355444544 off 0.04870145997621698	false	1.0
verschleppen	neg 1.0		__DUMMY__ 0.9007281988865957 neg 0.05333899510888172 off 0.04593280600452246	false	1.0
weib	off 1.0		__DUMMY__ 0.8948956829526233 off 0.058137912492376084 neg 0.04696640455500053	false	1.0
opposition	neg 1.0		__DUMMY__ 0.8962292096939359 neg 0.05452831198622326 off 0.04924247831984082	false	1.0
verkehrswidrig	neg 1.0		__DUMMY__ 0.9001883838847808 off 0.055257425005260534 neg 0.044554191109958674	false	0.5
inkorrekt	neg 1.0		__DUMMY__ 0.8941263256782412 neg 0.05344963383865712 off 0.05242404048310154	false	1.0
vermeiden	neg 1.0		__DUMMY__ 0.9071019211657323 neg 0.0522449047436414 off 0.04065317409062632	false	1.0
abweichung	neg 1.0		__DUMMY__ 0.8965801347735776 neg 0.05720153253564611 off 0.04621833269077624	false	1.0
alkoholisiert	neg 1.0		__DUMMY__ 0.9060336863142909 neg 0.048751020550848005 off 0.045215293134861105	false	1.0
scheiss	off 1.0	off 1.0	off 0.5094400980339061 __DUMMY__ 0.45374256781506317 neg 0.03681733415103074	false	1.0
herausforderung	neg 1.0		__DUMMY__ 0.90613633109575 neg 0.04863814292107002 off 0.04522552598317999	false	1.0
pervers	off 1.0		__DUMMY__ 0.8931046302112934 off 0.06037000959162482 neg 0.046525360197081825	false	1.0
wackelig	neg 1.0		__DUMMY__ 0.9065717412703433 neg 0.048470971726708965 off 0.04495728700294765	false	1.0
verwickeln	neg 1.0		__DUMMY__ 0.8987663179054446 neg 0.05223252090031217 off 0.0490011611942432	false	1.0
vorwand	neg 1.0		__DUMMY__ 0.9009535244100083 neg 0.055656083524738616 off 0.04339039206525301	false	1.0
muschi	off 1.0		__DUMMY__ 0.8983329653270422 neg 0.053561289115291406 off 0.048105745557666446	false	0.5
entmutigung	neg 1.0		__DUMMY__ 0.8926165401679332 neg 0.056738307787117796 off 0.05064515204494898	false	1.0
unangemessen	neg 1.0		__DUMMY__ 0.8980612536746179 neg 0.05591806818176859 off 0.04602067814361344	false	1.0
unstetig	neg 1.0		__DUMMY__ 0.8991659687276266 off 0.05047755462049739 neg 0.05035647665187609	false	0.5
entmutigen	neg 1.0		__DUMMY__ 0.9020922706879292 neg 0.04964841915035538 off 0.04825931016171544	false	1.0
schwanz	neg 1.0		__DUMMY__ 0.9008346810326906 neg 0.053200810070556985 off 0.045964508896752417	false	1.0
verbot	neg 1.0		__DUMMY__ 0.8965489567234681 neg 0.056557063697601336 off 0.046893979578930566	false	1.0
leid	neg 1.0		__DUMMY__ 0.8966563248463462 off 0.055564016451481034 neg 0.04777965870217287	false	0.5
archaisch	neg 1.0		__DUMMY__ 0.8993440650143179 neg 0.054339976861054136 off 0.046315958124627896	false	1.0
gegen			__DUMMY__ 0.8992827892498512 neg 0.05680829087180149 off 0.043908919878347386	false	0.0
scheidung	neg 1.0	neg 1.0	neg 0.4989146599324158 __DUMMY__ 0.4504127033508704 off 0.050672636716713744	false	1.0
einschlag	neg 1.0		__DUMMY__ 0.8948728066346991 off 0.055218427228028395 neg 0.04990876613727239	false	0.5
m			__DUMMY__ 0.9030188079115975 neg 0.05068158725196984 off 0.0462996048364326	false	0.0
abgestanden	neg 1.0		__DUMMY__ 0.9040178964849578 neg 0.04926110723421369 off 0.046720996280828576	false	1.0
schmierig	off 1.0		__DUMMY__ 0.8982397337935691 off 0.05460843011700314 neg 0.047151836089427634	false	1.0
unpraktisch	neg 1.0		__DUMMY__ 0.9033310299286607 neg 0.0487196209681858 off 0.04794934910315345	false	1.0
wixxer	off 1.0		__DUMMY__ 0.8921433354869759 off 0.06061545154148217 neg 0.04724121297154202	false	1.0
bezeichnet			__DUMMY__ 0.8984975029967915 neg 0.054318889810310286 off 0.04718360719289823	false	0.0
jammerlappen	off 1.0		__DUMMY__ 0.8989552274941263 off 0.051007600021290976 neg 0.0500371724845828	false	1.0
farce	neg 1.0		__DUMMY__ 0.8944151669511886 neg 0.05817321021942008 off 0.04741162282939125	false	1.0
zwecklos	neg 1.0		__DUMMY__ 0.8992345296664825 neg 0.05510415668086085 off 0.045661313652656625	false	1.0
turbulent	neg 1.0		__DUMMY__ 0.8968345736774398 off 0.05405775740706423 neg 0.04910766891549594	false	0.5
invasion	neg 1.0		__DUMMY__ 0.9010861204911105 off 0.049949470169248666 neg 0.048964409339640844	false	0.5
schuld	neg 1.0		__DUMMY__ 0.8994732770385163 neg 0.05230350489428453 off 0.04822321806719921	false	1.0
risiko	neg 1.0		__DUMMY__ 0.9032336614019852 off 0.05000303304580514 neg 0.04676330555220973	false	0.5
finster	neg 1.0		__DUMMY__ 0.9034581072509746 neg 0.049522899950385973 off 0.04701899279863939	false	1.0
geisteskrank	off 1.0		__DUMMY__ 0.8952658114703551 off 0.05265618664476918 neg 0.052078001884875776	false	1.0
zusammenbrechen	neg 1.0		__DUMMY__ 0.9026679477201747 neg 0.0510695083380303 off 0.046262543941795124	false	1.0
ausbeute	neg 1.0		__DUMMY__ 0.9046417150379534 neg 0.05058228982501814 off 0.044775995137028395	false	1.0
hinterhalt	neg 1.0		__DUMMY__ 0.9012156886010902 neg 0.05049194866468394 off 0.04829236273422581	false	1.0
kritik	neg 1.0		__DUMMY__ 0.895908197353749 neg 0.056744807904036604 off 0.04734699474221428	false	1.0
einschrumpfen	neg 1.0		__DUMMY__ 0.8958627645522237 neg 0.05310628520678695 off 0.05103095024098928	false	1.0
riskant	neg 1.0		__DUMMY__ 0.9018148647350896 neg 0.05363823979216261 off 0.04454689547274781	false	1.0
frustrieren	neg 1.0		__DUMMY__ 0.9014217659123334 neg 0.054022261732050054 off 0.04455597235561659	false	1.0
groll	neg 1.0		__DUMMY__ 0.9001406880737083 neg 0.054031500555021796 off 0.04582781137126992	false	1.0
gibt			__DUMMY__ 0.9012373340764656 neg 0.05268085980673211 off 0.04608180611680232	false	0.0
qualvoll	neg 1.0		__DUMMY__ 0.9019292136975225 off 0.04904998517235832 neg 0.049020801130119106	false	0.5
wackeln	neg 1.0		__DUMMY__ 0.9039360560769432 neg 0.048422331570757274 off 0.04764161235229963	false	1.0
klagen	neg 1.0		__DUMMY__ 0.9003006634698612 neg 0.056330956807641316 off 0.04336837972249744	false	1.0
bankrott	neg 1.0		__DUMMY__ 0.9002939722952212 off 0.05103770824540748 neg 0.04866831945937135	false	0.5
trauern	neg 1.0		__DUMMY__ 0.902261792860795 neg 0.053058708893564024 off 0.04467949824564102	false	1.0
ablehnung	neg 1.0	neg 1.0	neg 0.5127343421944037 __DUMMY__ 0.45149992444026077 off 0.03576573336533539	false	1.0
stur	neg 1.0		__DUMMY__ 0.8997088354757711 neg 0.051794595093232434 off 0.048496569430996526	false	1.0
aufruhr	neg 1.0		__DUMMY__ 0.8971446348309254 neg 0.05438868543286872 off 0.04846667973620591	false	1.0
melancholie	neg 1.0		__DUMMY__ 0.9055560868322599 neg 0.04937895104574583 off 0.04506496212199435	false	1.0
ist			__DUMMY__ 0.8998289163897905 neg 0.05157272871865983 off 0.04859835489154969	false	0.0
torheit	neg 1.0		__DUMMY__ 0.8949500237013204 neg 0.05592062658207914 off 0.04912934971660045	false	1.0
dreckskind	off 1.0		__DUMMY__ 0.8922549598943271 off 0.05652979572614236 neg 0.05121524437953054	false	1.0
umtauschen	neg 1.0		__DUMMY__ 0.9034909324970882 neg 0.04993801272648366 off 0.04657105477642808	false	1.0
zum			__DUMMY__ 0.9082691038608831 neg 0.050916367813601 off 0.04081452832551584	false	0.0
zersetzen	neg 1.0		__DUMMY__ 0.901325903874475 neg 0.054728264951397834 off 0.043945831174127155	false	1.0
zur			__DUMMY__ 0.9028007658649889 neg 0.05595175798990966 off 0.04124747614510142	false	0.0
frust	neg 1.0		__DUMMY__ 0.9017951301531412 neg 0.052067004614151514 off 0.04613786523270733	false	1.0
unerbittlichkeit	neg 1.0		__DUMMY__ 0.9010995240156618 neg 0.05417799953088325 off 0.044722476453454924	false	1.0
zwei			__DUMMY__ 0.9065686259417036 neg 0.051152034279540216 off 0.04227933977875623	false	0.0
unkorrekt	neg 1.0		__DUMMY__ 0.8944458359013191 off 0.052797707856034985 neg 0.052756456242645806	false	0.5
hexe	off 1.0		__DUMMY__ 0.8999773565600035 off 0.05113985423126398 neg 0.04888278920873247	false	1.0
lasch	neg 1.0		__DUMMY__ 0.8977140153986737 neg 0.052042626760688014 off 0.0502433578406383	false	1.0
rivale	neg 1.0		__DUMMY__ 0.8958718374122964 off 0.054734099996195544 neg 0.04939406259150804	false	0.5
mutlos	off 1.0	off 1.0	off 0.5045063168087797 __DUMMY__ 0.4535684447514735 neg 0.04192523843974675	false	1.0
wirr	off 1.0		__DUMMY__ 0.8953793391328249 off 0.053930403055135565 neg 0.05069025781203961	false	1.0
jahr			__DUMMY__ 0.9053005135099912 neg 0.05061838302806367 off 0.04408110346194515	false	0.0
wird			__DUMMY__ 0.9016513733867572 neg 0.05342191071008717 off 0.04492671590315563	false	0.0
strafbar	neg 1.0		__DUMMY__ 0.8980955872531532 neg 0.05682962212526306 off 0.0450747906215838	false	1.0
erosion	neg 1.0		__DUMMY__ 0.902220636930791 neg 0.04920436391868427 off 0.048574999150524746	false	1.0
eingehen	neg 1.0		__DUMMY__ 0.900115819679784 neg 0.054467259606527596 off 0.04541692071368839	false	1.0
faul	off 1.0		__DUMMY__ 0.9019344556668752 off 0.05029823097214934 neg 0.047767313360975484	false	1.0
provisorium	neg 1.0		__DUMMY__ 0.9081551652801849 neg 0.05364686767477508 off 0.038197967045040006	false	1.0
schmerzen	neg 1.0		__DUMMY__ 0.9033323746541632 neg 0.050688407632833665 off 0.04597921771300312	false	1.0
schrumpfen	neg 1.0		__DUMMY__ 0.90458326611776 neg 0.05448990713963168 off 0.04092682674260835	false	1.0
geistlos	off 1.0		__DUMMY__ 0.8942770367533899 neg 0.05530238188160321 off 0.05042058136500684	false	0.5
fehlkauf	neg 1.0		__DUMMY__ 0.8983959436166217 neg 0.05163912124068393 off 0.04996493514269442	false	1.0
frustrierend	neg 1.0		__DUMMY__ 0.9000065393448199 off 0.050100120862997345 neg 0.04989333979218278	false	0.5
unzufrieden	neg 1.0		__DUMMY__ 0.9005359850570187 neg 0.05381840592228207 off 0.04564560902069929	false	1.0
verzweifeln	neg 1.0		__DUMMY__ 0.9018474475444525 neg 0.05125388944041178 off 0.04689866301513569	false	1.0
verzweifelt	neg 1.0		__DUMMY__ 0.8998455992315993 neg 0.05178575728155447 off 0.048368643486846136	false	1.0
misstrauensantrag	neg 1.0		__DUMMY__ 0.8965026009038881 neg 0.05369130049074199 off 0.04980609860536992	false	1.0
abfallen	neg 1.0		__DUMMY__ 0.9053235663920803 off 0.047543252716655424 neg 0.04713318089126428	false	0.5
fucker	off 1.0		__DUMMY__ 0.8960167121933713 off 0.05399190099903204 neg 0.04999138680759654	false	1.0
ungezogen	neg 1.0		__DUMMY__ 0.895617745078562 off 0.05822629893055079 neg 0.04615595599088725	false	0.5
irrsinnig	neg 1.0	neg 1.0	neg 0.510400397041902 __DUMMY__ 0.45313395760907277 off 0.036465645349025154	false	1.0
unfassbar	neg 1.0		__DUMMY__ 0.8991422371458082 off 0.051369025503303994 neg 0.049488737350887727	false	0.5
hart	neg 1.0		__DUMMY__ 0.8981335987545656 off 0.0513667443760354 neg 0.05049965686939907	false	0.5
widerlich	off 1.0		__DUMMY__ 0.8970216709465523 off 0.05217816314033493 neg 0.05080016591311281	false	1.0
fatal	neg 1.0		__DUMMY__ 0.8987968045626739 neg 0.05129794550435796 off 0.0499052499329681	false	1.0
bruch	neg 1.0		__DUMMY__ 0.8992190721686211 neg 0.057693243563372264 off 0.043087684268006715	false	1.0
aushungern	neg 1.0		__DUMMY__ 0.8967091540987726 neg 0.054811131702526425 off 0.048479714198700966	false	1.0
anspannung	neg 1.0		__DUMMY__ 0.9063633299606553 neg 0.05173745826464888 off 0.04189921177469581	false	1.0
von			__DUMMY__ 0.9042015121770591 neg 0.05247021105621003 off 0.043328276766730775	false	0.0
kraftlos	neg 1.0		__DUMMY__ 0.9058922339507296 neg 0.04918932251222703 off 0.044918443537043426	false	1.0
vom			__DUMMY__ 0.9078181042585733 neg 0.05322236941400299 off 0.03895952632742362	false	0.0
grenzdebil	off 1.0		__DUMMY__ 0.8992926887685249 off 0.052158884556212586 neg 0.04854842667526263	false	1.0
vor			__DUMMY__ 0.9041694915285939 neg 0.053040147557780915 off 0.04279036091362514	false	0.0
unterwerfen	neg 1.0		__DUMMY__ 0.9006801152181095 neg 0.054182615697449074 off 0.04513726908444129	false	1.0
versenkung	neg 1.0		__DUMMY__ 0.9011339550127824 neg 0.054156206678077405 off 0.04470983830914018	false	1.0
entziehen	neg 1.0		__DUMMY__ 0.901374339832813 neg 0.05567013119384623 off 0.04295552897334067	false	1.0
finanzkrise	neg 1.0		__DUMMY__ 0.8966212565001412 neg 0.055535292699467914 off 0.047843450800390847	false	1.0
schimpfend	neg 1.0		__DUMMY__ 0.9064747844028219 off 0.04797558631886326 neg 0.04554962927831484	false	0.5
profan	neg 1.0		__DUMMY__ 0.9002348132082599 neg 0.05073354593594412 off 0.04903164085579601	false	1.0
korruption	neg 1.0		__DUMMY__ 0.8966779542072383 neg 0.05681026189484449 off 0.0465117838979173	false	1.0
â			__DUMMY__ 0.9026678133877978 neg 0.05175481388306861 off 0.04557737272913364	false	0.0
schmutzig	neg 1.0		__DUMMY__ 0.9019221105386094 off 0.051582171057513664 neg 0.04649571840387704	false	0.5
sexy	neg 1.0		__DUMMY__ 0.8995693246974992 off 0.050845586025746854 neg 0.04958508927675403	false	0.5
abraten	neg 1.0		__DUMMY__ 0.9013212697158096 neg 0.05048569292159743 off 0.04819303736259302	false	1.0
schwarz	neg 1.0		__DUMMY__ 0.8991564163663734 neg 0.051705243643960674 off 0.049138339989665845	false	1.0
fotze	off 1.0		__DUMMY__ 0.8992779674753405 neg 0.05415468210589894 off 0.04656735041876052	false	0.5
verwirren	neg 1.0		__DUMMY__ 0.8996657031782055 neg 0.05057910440174121 off 0.049755192420053246	false	1.0
zahnlos	off 1.0		__DUMMY__ 0.8985754303586085 neg 0.05544359742849357 off 0.04598097221289781	false	0.5
verheeren	neg 1.0		__DUMMY__ 0.8927230820052038 off 0.06038388278492854 neg 0.046893035209867595	false	0.5
hippie	neg 1.0		__DUMMY__ 0.8991920510643936 off 0.050749041033900724 neg 0.05005890790170566	false	0.5
rammen	neg 1.0		__DUMMY__ 0.9002336094312189 neg 0.05043345462805937 off 0.04933293594072174	false	1.0
unlauter	neg 1.0	neg 1.0	neg 0.5107348995281784 __DUMMY__ 0.451565691408567 off 0.0376994090632545	false	1.0
unheilvoll	neg 1.0		__DUMMY__ 0.9018045768600336 neg 0.04957745469361516 off 0.04861796844635131	false	1.0
niedrig	neg 1.0		__DUMMY__ 0.900212838346564 neg 0.05449297053998025 off 0.045294191113455784	false	1.0
explosion	neg 1.0		__DUMMY__ 0.9005431079749604 off 0.0501646463315821 neg 0.049292245693457463	false	0.5
weichei	off 1.0		__DUMMY__ 0.8956737755925448 off 0.05609479013299881 neg 0.04823143427445643	false	1.0
minusmensch	off 1.0		__DUMMY__ 0.8893019269240909 off 0.06038547892835097 neg 0.050312594147558065	false	1.0
farblos	neg 1.0		__DUMMY__ 0.9014010845661388 neg 0.05064260687809935 off 0.04795630855576187	false	1.0
unwissend	neg 1.0		__DUMMY__ 0.8976452143242155 off 0.051444846312571596 neg 0.050909939363212864	false	0.5
traurig	neg 1.0		__DUMMY__ 0.8992405416340586 off 0.053484510314569876 neg 0.04727494805137153	false	0.5
senkung	neg 1.0		__DUMMY__ 0.8991420214874675 neg 0.050809665056354106 off 0.05004831345617839	false	1.0
ungleich	neg 1.0	neg 1.0	neg 0.5122190108392743 __DUMMY__ 0.4537397211716744 off 0.03404126798905133	false	1.0
heikel	neg 1.0		__DUMMY__ 0.9012592004125207 neg 0.054926090459796253 off 0.04381470912768299	false	1.0
drosselung	neg 1.0		__DUMMY__ 0.8993346315217584 off 0.05358736672333543 neg 0.047078001754906056	false	0.5
falsch	neg 1.0		__DUMMY__ 0.899110413483844 off 0.05050768125712229 neg 0.050381905259033716	false	0.5
unzufriedenheit	neg 1.0		__DUMMY__ 0.9014021927634472 neg 0.05477137333934484 off 0.043826433897207924	false	1.0
kurz	neg 1.0		__DUMMY__ 0.904506816770449 neg 0.04974327921016199 off 0.045749904019389	false	1.0
unsinnig	neg 1.0		__DUMMY__ 0.8997266686385509 neg 0.054291116322932126 off 0.045982215038517	false	1.0
penner	off 1.0	off 1.0	off 0.5136763462949957 __DUMMY__ 0.45086589275219774 neg 0.035457760952806505	false	1.0
seicht	neg 1.0		__DUMMY__ 0.8926372926212456 off 0.05847471423346587 neg 0.04888799314528858	false	0.5
dummheit	off 1.0	off 1.0	off 0.5077144939725867 __DUMMY__ 0.45241431595924453 neg 0.03987119006816882	false	1.0
unerfreulich	neg 1.0		__DUMMY__ 0.9026326732334738 neg 0.05414871984400097 off 0.04321860692252514	false	1.0
motherfucker	off 1.0	off 1.0	off 0.5110145471707753 __DUMMY__ 0.451280614427456 neg 0.03770483840176876	false	1.0
pikiert	neg 1.0		__DUMMY__ 0.8978655055413002 off 0.0511496360146568 neg 0.0509848584440431	false	0.5
wrack	neg 1.0		__DUMMY__ 0.9018673054162741 neg 0.05267974875012812 off 0.04545294583359772	false	1.0
gangster	neg 1.0		__DUMMY__ 0.8994725894144848 neg 0.05049129883378662 off 0.05003611175172862	false	1.0
krank	neg 1.0		__DUMMY__ 0.9010712572528624 off 0.05179810056404844 neg 0.047130642183089114	false	0.5
reich	neg 1.0		__DUMMY__ 0.8930805724264698 neg 0.05461716307280073 off 0.0523022645007295	false	1.0
gnadenlos	neg 1.0		__DUMMY__ 0.8995396348635941 neg 0.052144191235667145 off 0.04831617390073875	false	1.0
niedergeschlagen	neg 1.0		__DUMMY__ 0.9026832575048244 neg 0.05116627550189086 off 0.04615046699328477	false	1.0
terrorisieren	off 1.0	off 1.0	off 0.5040956838592093 __DUMMY__ 0.4553474678500409 neg 0.04055684829074984	false	1.0
sinnlosigkeit	neg 1.0		__DUMMY__ 0.8995488114685156 neg 0.05449590087166605 off 0.045955287659818274	false	1.0
behindern	neg 1.0		__DUMMY__ 0.902564181054585 neg 0.050249281546311274 off 0.04718653739910362	false	1.0
undemokratisch	neg 1.0		__DUMMY__ 0.8955228185476272 neg 0.05511240882687855 off 0.04936477262549435	false	1.0
wirtschaftskrise	neg 1.0		__DUMMY__ 0.8986939757354029 neg 0.05499071565115881 off 0.0463153086134383	false	1.0
neid	neg 1.0		__DUMMY__ 0.902562492309071 off 0.04984361798074627 neg 0.04759388971018268	false	0.5
rutschen	neg 1.0		__DUMMY__ 0.9100961393577459 neg 0.049027151205673865 off 0.040876709436580144	false	1.0
rezession	neg 1.0		__DUMMY__ 0.8937399899656758 off 0.0555610472646026 neg 0.050698962769721675	false	0.5
fehlgeburt	neg 1.0		__DUMMY__ 0.9020136382665895 neg 0.0502817567395795 off 0.04770460499383088	false	1.0
charakterschwach	off 1.0		__DUMMY__ 0.8971697176890497 off 0.052112443449543605 neg 0.050717838861406586	false	1.0
isolation	neg 1.0		__DUMMY__ 0.8988003701866235 off 0.051534010162290166 neg 0.049665619651086255	false	0.5
ablenkung	neg 1.0		__DUMMY__ 0.9019853909228285 neg 0.050477032220939924 off 0.04753757685623154	false	1.0
pech	neg 1.0		__DUMMY__ 0.9007111746798675 neg 0.049916753186766076 off 0.049372072133366404	false	1.0
vermeidung	neg 1.0		__DUMMY__ 0.9006392179023408 off 0.05261978423800845 neg 0.04674099785965081	false	0.5
dominieren	neg 1.0		__DUMMY__ 0.8991361418971506 neg 0.054314261681796615 off 0.04654959642105272	false	1.0
schwindlig	neg 1.0		__DUMMY__ 0.9027994710972139 off 0.0490090379472739 neg 0.048191490955512235	false	0.5
lutscher	neg 1.0		__DUMMY__ 0.8929326954125408 off 0.058811784842742944 neg 0.04825551974471618	false	0.5
pflicht	neg 1.0		__DUMMY__ 0.9009900302822154 neg 0.05516005974260811 off 0.043849909975176564	false	1.0
faschist	off 1.0		__DUMMY__ 0.8958619757504477 neg 0.054001693073638675 off 0.050136331175913644	false	0.5
verschleudern	neg 1.0		__DUMMY__ 0.8982232005296361 neg 0.056012898349182556 off 0.045763901121181345	false	1.0
wenn			__DUMMY__ 0.8991398206470131 off 0.050479637315274314 neg 0.05038054203771246	false	0.0
ehebruch	neg 1.0		__DUMMY__ 0.8997756313832925 neg 0.054678426270701345 off 0.045545942346006195	false	1.0
spott	off 1.0		__DUMMY__ 0.9001036083760728 neg 0.05485325893885427 off 0.04504313268507291	false	0.5
trostlosigkeit	neg 1.0		__DUMMY__ 0.8982050116135796 neg 0.05766600120690844 off 0.04412898717951195	false	1.0
lutschen	neg 1.0		__DUMMY__ 0.8966805708909837 neg 0.051991773938072874 off 0.05132765517094336	false	1.0
undiszipliniert	neg 1.0		__DUMMY__ 0.8983861700155307 off 0.05298476925675042 neg 0.04862906072771893	false	0.5
kopfschmerz	neg 1.0		__DUMMY__ 0.9025432824457514 neg 0.050823027377538924 off 0.04663369017670961	false	1.0
unvorhergesehen	neg 1.0		__DUMMY__ 0.9055532710391003 neg 0.04905138505083895 off 0.045395343910060774	false	1.0
desinteressiert	neg 1.0		__DUMMY__ 0.8972269635094826 off 0.052953313015625565 neg 0.04981972347489173	false	0.5
armselig	off 1.0		__DUMMY__ 0.8960444878754342 off 0.053900881192151764 neg 0.05005463093241408	false	1.0
desaster	neg 1.0		__DUMMY__ 0.8986484575450646 neg 0.05851709016977423 off 0.04283445228516112	false	1.0
tod	neg 1.0		__DUMMY__ 0.899603978280254 neg 0.055423555771592935 off 0.04497246594815321	false	1.0
herzlos	neg 1.0		__DUMMY__ 0.8988195257531452 off 0.05413219500326953 neg 0.04704827924358538	false	0.5
unwissenheit	neg 1.0		__DUMMY__ 0.8994341187809075 neg 0.05453523440408058 off 0.046030646815011976	false	1.0
widersinnig	neg 1.0		__DUMMY__ 0.8951027774261976 neg 0.057639240448745056 off 0.047257982125057385	false	1.0
bedenklich	neg 1.0		__DUMMY__ 0.9007499115822363 neg 0.05459954205065762 off 0.044650546367106095	false	1.0
beanstanden	neg 1.0		__DUMMY__ 0.9009675898311714 neg 0.055570047352905126 off 0.04346236281592358	false	1.0
panisch	neg 1.0	neg 1.0	neg 0.5053664956110199 __DUMMY__ 0.4579477187915506 off 0.036685785597429535	false	1.0
debil	off 1.0		__DUMMY__ 0.9039500390269297 neg 0.05512543641673581 off 0.04092452455633437	false	0.5
abstrich	neg 1.0		__DUMMY__ 0.9060167900691546 neg 0.047334922526520516 off 0.04664828740432483	false	1.0
primitiv	neg 1.0		__DUMMY__ 0.8966377702884714 off 0.05266767974990784 neg 0.05069454996162088	false	0.5
abschaum	off 1.0	off 1.0	off 0.5092545683823163 __DUMMY__ 0.4515985949448823 neg 0.03914683667280147	false	1.0
provozieren	neg 1.0		__DUMMY__ 0.8984770706501464 neg 0.053559437170108866 off 0.04796349217974474	false	1.0
tot	neg 1.0		__DUMMY__ 0.9005630501659332 neg 0.05295615398918068 off 0.046480795844886166	false	1.0
instabil	neg 1.0		__DUMMY__ 0.8935635757085123 off 0.0547525157255701 neg 0.05168390856591767	false	0.5
schwuchtel	off 1.0		__DUMMY__ 0.8885854791079375 off 0.06342527655726346 neg 0.04798924433479907	false	1.0
zerren	neg 1.0		__DUMMY__ 0.9021169427900789 neg 0.051712026473338085 off 0.046171030736582935	false	1.0
kinderficker	off 1.0		__DUMMY__ 0.8943429665427576 off 0.05575739382643787 neg 0.04989963963080453	false	1.0
gefahr	neg 1.0		__DUMMY__ 0.8993205731654835 neg 0.05538391557096835 off 0.04529551126354812	false	1.0
rabiat	neg 1.0		__DUMMY__ 0.9002226909740869 neg 0.05219808653267768 off 0.047579222493235374	false	1.0
verlangsamung	neg 1.0		__DUMMY__ 0.8935281697317274 off 0.05816674914759766 neg 0.04830508112067497	false	0.5
ausgestorben	neg 1.0		__DUMMY__ 0.9014059364896789 neg 0.05236342681273008 off 0.04623063669759099	false	1.0
anklagen	neg 1.0		__DUMMY__ 0.8992884606872317 neg 0.053170870916019505 off 0.04754066839674883	false	1.0
trott	neg 1.0		__DUMMY__ 0.9017246427856778 neg 0.050886743115773486 off 0.047388614098548755	false	1.0
verminderung	neg 1.0		__DUMMY__ 0.897603173754798 off 0.05340961538311729 neg 0.04898721086208456	false	0.5
nach			__DUMMY__ 0.9082671996729454 neg 0.05074117681946095 off 0.040991623507593555	false	0.0
rost	neg 1.0		__DUMMY__ 0.8949677146506765 off 0.05814578767931069 neg 0.046886497670012815	false	0.5
destruktiv	neg 1.0		__DUMMY__ 0.8981600145721739 neg 0.05472473191023603 off 0.047115253517589994	false	1.0
unzumutbarkeit	neg 1.0		__DUMMY__ 0.8995379364003774 off 0.05276910370880859 neg 0.04769295989081402	false	0.5
labil	off 1.0	off 1.0	off 0.5098458410898336 __DUMMY__ 0.45166828532568576 neg 0.03848587358448071	false	1.0
ziemlich	neg 1.0		__DUMMY__ 0.8990076265341678 off 0.05178186274083924 neg 0.04921051072499304	false	0.5
lachnummer	off 1.0		__DUMMY__ 0.8979256338983749 neg 0.05486713872401494 off 0.04720722737761025	false	0.5
oder			__DUMMY__ 0.9024006273429446 neg 0.05052909936320588 off 0.04707027329384952	false	0.0
verfall	neg 1.0		__DUMMY__ 0.9028191365314596 neg 0.05615127354429796 off 0.0410295899242424	false	1.0
ausgrenzung	neg 1.0		__DUMMY__ 0.8960702759660043 neg 0.05404235748989338 off 0.0498873665441023	false	1.0
unordnung	neg 1.0		__DUMMY__ 0.8943090939353462 off 0.05504595589528507 neg 0.05064495016936874	false	0.5
fehlverhalten	neg 1.0		__DUMMY__ 0.8992924138660827 neg 0.055853403227859755 off 0.04485418290605747	false	1.0
eine			__DUMMY__ 0.9037606222501172 neg 0.05321285875765199 off 0.04302651899223072	false	0.0
nille	neg 1.0		__DUMMY__ 0.8973811025110371 neg 0.05459426044650457 off 0.048024637042458324	false	1.0
qual	neg 1.0		__DUMMY__ 0.9013608293096799 neg 0.05125915577467548 off 0.047380014915644766	false	1.0
verschwenden	neg 1.0		__DUMMY__ 0.9018352942708674 neg 0.0535482430808922 off 0.044616462648240394	false	1.0
riesig	neg 1.0		__DUMMY__ 0.903504667625472 neg 0.0498401819273385 off 0.046655150447189576	false	1.0
verurteilen	neg 1.0		__DUMMY__ 0.8988858926988609 neg 0.054821064362371504 off 0.04629304293876761	false	1.0
klischee	neg 1.0	neg 1.0	neg 0.5103433800268468 __DUMMY__ 0.45148215539820424 off 0.03817446457494903	false	1.0
diktatorisch	neg 1.0		__DUMMY__ 0.8944115331922984 neg 0.05616468743354501 off 0.04942377937415659	false	1.0
vorhersehbar	neg 1.0		__DUMMY__ 0.8973253471378241 neg 0.05326627154838869 off 0.04940838131378717	false	1.0
sowie			__DUMMY__ 0.8933962303062121 off 0.05695155539996832 neg 0.04965221429381961	false	0.0
stornieren	neg 1.0		__DUMMY__ 0.9032131354232839 off 0.04935275923464617 neg 0.04743410534206997	false	0.5
besteuerung	neg 1.0		__DUMMY__ 0.8994971372145751 neg 0.05189048336859982 off 0.048612379416824995	false	1.0
ungeschminkt	neg 1.0		__DUMMY__ 0.8991419258682909 off 0.05198967232332038 neg 0.04886840180838883	false	0.5
kritisch	neg 1.0		__DUMMY__ 0.8994156896178288 neg 0.05552401577221424 off 0.04506029460995699	false	1.0
schlamperei	off 1.0		__DUMMY__ 0.8985183034869492 neg 0.05593936373621491 off 0.04554233277683601	false	0.5
sucht	neg 1.0	neg 1.0	neg 0.5044575950760856 __DUMMY__ 0.4583337407117295 off 0.03720866421218493	false	1.0
egoistisch	off 1.0		__DUMMY__ 0.8960403430765751 off 0.05613014700232896 neg 0.04782950992109594	false	1.0
ausbeuter	off 1.0		__DUMMY__ 0.8992088098862819 neg 0.056172254165297454 off 0.044618935948420584	false	0.5
arschgeburt	off 1.0		__DUMMY__ 0.8885690574854853 off 0.06338369646380693 neg 0.048047246050707905	false	1.0
schubs	neg 1.0	neg 1.0	neg 0.508122747870658 __DUMMY__ 0.45793109562533935 off 0.033946156504002754	false	1.0
unsolide	neg 1.0		__DUMMY__ 0.889595975430938 neg 0.05827220366870583 off 0.0521318209003561	false	1.0
beschwerde	neg 1.0		__DUMMY__ 0.898532098107269 neg 0.05536607723666297 off 0.04610182465606805	false	1.0
stocken	neg 1.0		__DUMMY__ 0.9018647675248354 neg 0.05262879349678685 off 0.04550643897837782	false	1.0
isolieren	neg 1.0		__DUMMY__ 0.9038164520943567 neg 0.049187956306422045 off 0.046995591599221245	false	1.0
unheilbar	neg 1.0		__DUMMY__ 0.9014733309031386 neg 0.050267674180439106 off 0.048258994916422306	false	1.0
pisser	off 1.0		__DUMMY__ 0.8952210735942211 off 0.05468280878075601 neg 0.0500961176250228	false	1.0
löschen	neg 1.0		__DUMMY__ 0.8995499295207724 neg 0.05187778979928391 off 0.0485722806799438	false	1.0
durchfallen	neg 1.0		__DUMMY__ 0.9004218645684829 neg 0.054544482706792276 off 0.04503365272472472	false	1.0
wichser	off 1.0		__DUMMY__ 0.8931555595789583 off 0.05986768832681981 neg 0.046976752094221974	false	1.0
terror	neg 1.0		__DUMMY__ 0.900860299420209 off 0.05028184074618391 neg 0.04885785983360723	false	0.5
krass	neg 1.0		__DUMMY__ 0.8976568287524528 off 0.054155426165525586 neg 0.04818774508202152	false	0.5
revolte	neg 1.0	neg 1.0	neg 0.5124964639328751 __DUMMY__ 0.4488385843972546 off 0.03866495166987037	false	1.0
besorgt	neg 1.0		__DUMMY__ 0.9046190097998779 neg 0.04946543813878924 off 0.04591555206133278	false	1.0
nachlassen	neg 1.0		__DUMMY__ 0.9042469589086477 neg 0.05001719961477858 off 0.045735841476573766	false	1.0
alt	neg 1.0		__DUMMY__ 0.9045849041626401 neg 0.05183610346312768 off 0.043578992374232205	false	1.0
hundesohn	off 1.0		__DUMMY__ 0.8908660914639354 off 0.059630267378573805 neg 0.049503641157490744	false	1.0
als			__DUMMY__ 0.9024291892404795 neg 0.052061766639228825 off 0.045509044120291685	false	0.0
abschreckung	neg 1.0		__DUMMY__ 0.9004915205522855 neg 0.05573367009458855 off 0.043774809353125846	false	1.0
unqualifiziert	neg 1.0		__DUMMY__ 0.8974153932229244 neg 0.05290943925382484 off 0.049675167523250706	false	1.0
abgewichst	off 1.0		__DUMMY__ 0.9002260346949941 neg 0.05279153989435173 off 0.04698242541065424	false	0.5
schwer	neg 1.0		__DUMMY__ 0.9015295533528234 neg 0.05146934850879269 off 0.04700109813838401	false	1.0
bedeutungslosigkeit	neg 1.0		__DUMMY__ 0.8995488806271601 neg 0.05613869353815767 off 0.04431242583468223	false	1.0
kapitulation	neg 1.0		__DUMMY__ 0.8961666202414967 neg 0.05758383536978269 off 0.04624954438872046	false	1.0
unscharf	neg 1.0		__DUMMY__ 0.9006526682243339 neg 0.049970742862560605 off 0.049376588913105465	false	1.0
schwinden	neg 1.0		__DUMMY__ 0.9032140747634112 neg 0.05241517839370594 off 0.044370746842882794	false	1.0
versklavung	neg 1.0		__DUMMY__ 0.8956700283936034 neg 0.05520276862972486 off 0.0491272029766717	false	1.0
schlecht	neg 1.0		__DUMMY__ 0.8993877515291092 off 0.05208822908164308 neg 0.048524019389247684	false	0.5
verhasst	neg 1.0		__DUMMY__ 0.8978720576294423 neg 0.05409148067201843 off 0.048036461698539194	false	1.0
beschweren	neg 1.0		__DUMMY__ 0.9006642988514671 neg 0.05063934607458581 off 0.04869635507394706	false	1.0
scheiden	neg 1.0		__DUMMY__ 0.9014433579258148 neg 0.05196081052229199 off 0.0465958315518932	false	1.0
frustriert	neg 1.0		__DUMMY__ 0.9011016047386157 neg 0.05253924557439098 off 0.046359149686993395	false	1.0
schimmelig	neg 1.0		__DUMMY__ 0.901626740548159 neg 0.05393449618085874 off 0.04443876327098232	false	1.0
fisch	neg 1.0		__DUMMY__ 0.9022207849343066 neg 0.05305841131811262 off 0.04472080374758072	false	1.0
schmuggel	neg 1.0		__DUMMY__ 0.9051243496203767 neg 0.051151995879921114 off 0.043723654499702225	false	1.0
auffallen	neg 1.0		__DUMMY__ 0.8998982988198706 neg 0.0510359818164804 off 0.04906571936364901	false	1.0
konkurrenz	neg 1.0		__DUMMY__ 0.9024337702747959 neg 0.05427896284669172 off 0.04328726687851243	false	1.0
teufelskreis	neg 1.0		__DUMMY__ 0.9003198550778475 neg 0.05298839853325693 off 0.04669174638889562	false	1.0
aufschreien	neg 1.0		__DUMMY__ 0.8980827304043572 neg 0.05268574389863378 off 0.04923152569700904	false	1.0
schuldner	neg 1.0		__DUMMY__ 0.899626303782369 neg 0.055337919374391226 off 0.04503577684323983	false	1.0
missgeburt	off 1.0	off 1.0	off 0.5131782056392886 __DUMMY__ 0.44861729049151733 neg 0.03820450386919407	false	1.0
arbeitslos	neg 1.0		__DUMMY__ 0.89931650901091 neg 0.05472036134717291 off 0.04596312964191705	false	1.0
befallen	neg 1.0		__DUMMY__ 0.8987742984795027 neg 0.05494165491018743 off 0.04628404661030986	false	1.0
miesepetrig	off 1.0		__DUMMY__ 0.9016270519378601 off 0.051490535869320744 neg 0.04688241219281915	false	1.0
alarmieren	neg 1.0		__DUMMY__ 0.8966891502811651 off 0.051870361341832046 neg 0.05144048837700292	false	0.5
ungeduscht	off 1.0		__DUMMY__ 0.9005157945636094 neg 0.05010641744746045 off 0.0493777879889301	false	0.5
knappheit	neg 1.0		__DUMMY__ 0.8999185708263229 neg 0.05395043290277483 off 0.04613099627090231	false	1.0
schlange	neg 1.0		__DUMMY__ 0.902506215953654 neg 0.04922077136272132 off 0.04827301268362468	false	1.0
harsch	neg 1.0		__DUMMY__ 0.8987814079029713 off 0.056775376921395934 neg 0.044443215175632704	false	0.5
lang	neg 1.0		__DUMMY__ 0.9007451072756759 neg 0.05067791071178428 off 0.04857698201253978	false	1.0
ziellos	neg 1.0		__DUMMY__ 0.9019240380707572 neg 0.052829649173156336 off 0.04524631275608645	false	1.0
selbstverliebt	neg 1.0		__DUMMY__ 0.8895743016701464 off 0.06107851157839692 neg 0.049347186751456676	false	0.5
beseitigen	neg 1.0		__DUMMY__ 0.9016310028648526 neg 0.05020141110424241 off 0.04816758603090486	false	1.0
dumm	off 1.0		__DUMMY__ 0.8949161725361876 off 0.05674202214903573 neg 0.0483418053147767	false	1.0
arbeitsloser	neg 1.0		__DUMMY__ 0.8998292216048114 neg 0.05486608143783087 off 0.045304696957357636	false	1.0
blitzen	neg 1.0		__DUMMY__ 0.8994199564650419 off 0.050668682531989584 neg 0.04991136100296851	false	0.5
hilflos	neg 1.0		__DUMMY__ 0.9015584306155072 neg 0.05246528522653663 off 0.045976284157956085	false	1.0
eklig	off 1.0		__DUMMY__ 0.8938405752407016 off 0.0574115234987124 neg 0.04874790126058599	false	1.0
begriff			__DUMMY__ 0.9004490587268995 neg 0.05309943278158665 off 0.046451508491513804	false	0.0
hungersnot	neg 1.0		__DUMMY__ 0.8961334955290872 neg 0.05589170404767875 off 0.04797480042323405	false	1.0
ungesetzlich	neg 1.0		__DUMMY__ 0.8938560272789817 neg 0.055652797996162295 off 0.05049117472485603	false	1.0
verschwendung	neg 1.0		__DUMMY__ 0.9019663033324137 neg 0.05403451530273756 off 0.043999181364848726	false	1.0
schmerzvoll	neg 1.0		__DUMMY__ 0.9008599225299946 neg 0.050503907906506065 off 0.04863616956349942	false	1.0
vorzeitig	neg 1.0		__DUMMY__ 0.8985088831868653 off 0.05187576082569731 neg 0.04961535598743744	false	0.5
unvollkommenheit	neg 1.0		__DUMMY__ 0.9014204657929321 neg 0.05091085597133054 off 0.047668678235737345	false	1.0
intervenieren	neg 1.0		__DUMMY__ 0.8987312788410413 neg 0.056298528148325755 off 0.0449701930106329	false	1.0
banause	off 1.0		__DUMMY__ 0.8936131306482052 off 0.05860890788468822 neg 0.04777796146710657	false	1.0
rebell	neg 1.0		__DUMMY__ 0.9039515096127698 neg 0.05315570342403373 off 0.04289278696319648	false	1.0
unlogisch	neg 1.0		__DUMMY__ 0.8957678449046084 off 0.05392249120565121 neg 0.050309663889740314	false	0.5
leiden	neg 1.0	neg 1.0	neg 0.5043518977814655 __DUMMY__ 0.46327589108837 off 0.03237221113016444	false	1.0
abschaffung	neg 1.0		__DUMMY__ 0.8973064846031219 neg 0.05404433098150893 off 0.048649184415369175	false	1.0
sturz	neg 1.0		__DUMMY__ 0.8976856640813032 neg 0.053242474134120234 off 0.0490718617845766	false	1.0
verkleinerung	neg 1.0		__DUMMY__ 0.894178474290592 neg 0.054671727393973864 off 0.05114979831543409	false	1.0
schmarotzer	off 1.0		__DUMMY__ 0.8984637636764093 neg 0.05584572879105244 off 0.045690507532538206	false	0.5
bestrafung	neg 1.0		__DUMMY__ 0.8999092676217433 neg 0.05144113349534789 off 0.048649598882908866	false	1.0
achtlos	neg 1.0		__DUMMY__ 0.9022976229445762 neg 0.050801092168445604 off 0.04690128488697821	false	1.0
ungeheuer	neg 1.0		__DUMMY__ 0.8999304904429697 neg 0.050870071204436144 off 0.049199438352594244	false	1.0
