unsolidarisch	neg 1.0		__DUMMY__ 0.9339428890449765 neg 0.03596850383535496 off 0.030088607119668632	false	1.0
nachteilig	neg 1.0		__DUMMY__ 0.9396595062138856 neg 0.03307708029088602 off 0.027263413495228338	false	1.0
skeptisch	neg 1.0		__DUMMY__ 0.9413658383958101 neg 0.03330199068929426 off 0.025332170914895615	false	1.0
schrecklich	neg 1.0		__DUMMY__ 0.9367918203191995 off 0.03437811778935973 neg 0.028830061891440866	false	0.5
schlapp	neg 1.0		__DUMMY__ 0.9408735316523443 off 0.031019368749609415 neg 0.028107099598046272	false	0.5
abfall	neg 1.0		__DUMMY__ 0.9423427505215092 neg 0.03342350377509253 off 0.024233745703398278	false	1.0
widerspenstig	neg 1.0		__DUMMY__ 0.942636445582934 neg 0.029263413929491184 off 0.02810014048757489	false	1.0
abrupt	neg 1.0		__DUMMY__ 0.9442048696575125 neg 0.028505669447576397 off 0.027289460894911195	false	1.0
unwirksam	neg 1.0		__DUMMY__ 0.9345453735498723 neg 0.03587512622294217 off 0.029579500227185435	false	1.0
angreifen	neg 1.0		__DUMMY__ 0.9397764743155811 neg 0.03369706138082476 off 0.026526464303594174	false	1.0
inkonsistent	neg 1.0		__DUMMY__ 0.9391962991263874 neg 0.030663143959489412 off 0.03014055691412318	false	1.0
abrutschen	neg 1.0		__DUMMY__ 0.9428448231587828 neg 0.032900906565868186 off 0.024254270275349033	false	1.0
unsicher	neg 1.0		__DUMMY__ 0.9404191399570294 neg 0.0309088633610437 off 0.028671996681926847	false	1.0
bauernkind	off 1.0		__DUMMY__ 0.933151091221331 off 0.0365990969202117 neg 0.030249811858457275	false	1.0
angreifer	neg 1.0		__DUMMY__ 0.9369503247184708 neg 0.031792734088666404 off 0.03125694119286266	false	1.0
trennen	neg 1.0		__DUMMY__ 0.9439961621563289 neg 0.030563980089651575 off 0.02543985775401946	false	1.0
schmutz	neg 1.0		__DUMMY__ 0.9432446946731252 off 0.03172081467757793 neg 0.025034490649296862	false	0.5
inkonsistenz	neg 1.0	neg 1.0	neg 0.49914336523527925 __DUMMY__ 0.47253625026614 off 0.02832038449858081	false	1.0
erschreckend	neg 1.0		__DUMMY__ 0.9393198375999587 neg 0.032579945391390246 off 0.028100217008650973	false	1.0
ertrinken	neg 1.0		__DUMMY__ 0.9427558378082324 neg 0.03079782691921027 off 0.026446335272557336	false	1.0
pickelface	off 1.0		__DUMMY__ 0.9378897284614472 neg 0.0325538937826165 off 0.029556377755936242	false	0.5
seiner			__DUMMY__ 0.940759663073749 neg 0.0330783894692823 off 0.026161947456968693	false	0.0
lauch	neg 1.0		__DUMMY__ 0.9423891567982231 neg 0.032759330457296454 off 0.024851512744480497	false	1.0
unwichtig	neg 1.0		__DUMMY__ 0.9382124628866274 off 0.03173679846263618 neg 0.030050738650736424	false	0.5
steuerhinterziehung	neg 1.0		__DUMMY__ 0.9361799049567184 neg 0.034928157430224725 off 0.028891937613056792	false	1.0
schock	neg 1.0		__DUMMY__ 0.9435581062995213 neg 0.02916819706973788 off 0.027273696630740796	false	1.0
beule	neg 1.0		__DUMMY__ 0.9401171980668734 off 0.0318100331394009 neg 0.028072768793725607	false	0.5
vergelten	neg 1.0		__DUMMY__ 0.9350412363101158 off 0.03580499269886576 neg 0.029153770991018426	false	0.5
verdorbenheit	neg 1.0		__DUMMY__ 0.9412393810664021 neg 0.02972150356070621 off 0.029039115372891645	false	1.0
trauma	neg 1.0		__DUMMY__ 0.9392236609753232 neg 0.0308203559815065 off 0.029955983043170317	false	1.0
sinnlos	neg 1.0		__DUMMY__ 0.9392145834894836 neg 0.0306071196470009 off 0.030178296863515492	false	1.0
fettsack	off 1.0	off 1.0	off 0.5026036336933365 __DUMMY__ 0.4702643696463942 neg 0.027131996660269435	false	1.0
feige	off 1.0		__DUMMY__ 0.9368497158178206 off 0.031640773018368436 neg 0.03150951116381095	false	1.0
abdanken	neg 1.0		__DUMMY__ 0.9341273666677654 neg 0.03654528048188868 off 0.029327352850345923	false	1.0
wichtigtuer	off 1.0	off 1.0	off 0.497501190887778 __DUMMY__ 0.4726438902797115 neg 0.029854918832510482	false	1.0
misslingen	neg 1.0		__DUMMY__ 0.9434939664151201 off 0.029708944474810633 neg 0.026797089110069196	false	0.5
untreu	off 1.0		__DUMMY__ 0.9380601776411419 off 0.03218001358521416 neg 0.029759808773643905	false	1.0
missmutig	neg 1.0		__DUMMY__ 0.9405207198371819 off 0.030960404846339388 neg 0.028518875316478697	false	0.5
hurenbock	off 1.0		__DUMMY__ 0.9432510190745286 off 0.028998812861069832 neg 0.027750168064401566	false	1.0
betrunken	neg 1.0		__DUMMY__ 0.9391708602298916 off 0.03272544956293356 neg 0.028103690207174913	false	0.5
korrupt	off 1.0		__DUMMY__ 0.9361795799440272 neg 0.035666389996999455 off 0.02815403005897336	false	0.5
unmut	neg 1.0		__DUMMY__ 0.9410278280585418 neg 0.034032661445851986 off 0.02493951049560619	false	1.0
hackfresse	off 1.0		__DUMMY__ 0.9354710101601907 off 0.03660008570276358 neg 0.027928904137045688	false	1.0
aufblasen	neg 1.0		__DUMMY__ 0.9415449465431275 off 0.02927804539142831 neg 0.02917700806544416	false	0.5
gewaltsam	neg 1.0		__DUMMY__ 0.9371562577372965 neg 0.032944576103864906 off 0.029899166158838572	false	1.0
unbeliebtheit	neg 1.0		__DUMMY__ 0.9328192520176437 off 0.03399116397463103 neg 0.03318958400772518	false	0.5
sturheit	neg 1.0		__DUMMY__ 0.9384970424500296 neg 0.03302399252859244 off 0.02847896502137793	false	1.0
kuh	neg 1.0		__DUMMY__ 0.9388545859760016 neg 0.03177386491908247 off 0.029371549104915944	false	1.0
erschrecken	neg 1.0		__DUMMY__ 0.9395979810936552 off 0.030858458300664443 neg 0.02954356060568037	false	0.5
opfer	neg 1.0		__DUMMY__ 0.9406303040970803 neg 0.03271950231783143 off 0.026650193585088237	false	1.0
sinken	neg 1.0		__DUMMY__ 0.9411674747455236 neg 0.03366296368117898 off 0.02516956157329734	false	1.0
stinktier	neg 1.0		__DUMMY__ 0.9353068352025522 off 0.03457827615920584 neg 0.030114888638242035	false	0.5
tucke	off 1.0		__DUMMY__ 0.9370961940249022 off 0.036545845658221894 neg 0.026357960316875866	false	1.0
ein			__DUMMY__ 0.9427389443492092 neg 0.028713114861299502 off 0.02854794078949127	false	0.0
abstieg	neg 1.0		__DUMMY__ 0.9384507345014829 neg 0.033477527852942585 off 0.028071737645574503	false	1.0
missverstehen	neg 1.0		__DUMMY__ 0.9371242870069144 neg 0.03258340550448661 off 0.030292307488598926	false	1.0
ergebnislos	neg 1.0		__DUMMY__ 0.9391335493458328 neg 0.03320421252853141 off 0.027662238125635796	false	1.0
unter			__DUMMY__ 0.9470557559541081 neg 0.03151239022468465 off 0.02143185382120727	false	0.0
manipulieren	neg 1.0		__DUMMY__ 0.9413662594610255 neg 0.03226649602895528 off 0.02636724451001923	false	1.0
unbewiesen	neg 1.0		__DUMMY__ 0.9338046991543271 neg 0.03621391038326484 off 0.02998139046240811	false	1.0
verschleppen	neg 1.0		__DUMMY__ 0.9398594703047425 neg 0.03257633597459843 off 0.02756419372065909	false	1.0
weib	off 1.0		__DUMMY__ 0.9348982664419672 off 0.03745548188859714 neg 0.02764625166943565	false	1.0
opposition	neg 1.0		__DUMMY__ 0.9359556960531621 neg 0.03383169456217863 off 0.03021260938465932	false	1.0
verkehrswidrig	neg 1.0		__DUMMY__ 0.9394435624694867 off 0.03499289122834954 neg 0.025563546302163696	false	0.5
inkorrekt	neg 1.0		__DUMMY__ 0.9341941090710477 off 0.032921323413232916 neg 0.032884567515719394	false	0.5
vermeiden	neg 1.0		__DUMMY__ 0.945275395824144 neg 0.031630263441459416 off 0.02309434073439659	false	1.0
abweichung	neg 1.0		__DUMMY__ 0.936236030403207 neg 0.03590427834733976 off 0.027859691249453193	false	1.0
alkoholisiert	neg 1.0		__DUMMY__ 0.9444018341127002 neg 0.028879698803115535 off 0.026718467084184294	false	1.0
scheiss	off 1.0	off 1.0	off 0.49938746215852214 __DUMMY__ 0.474290134647354 neg 0.026322403194123864	false	1.0
herausforderung	neg 1.0		__DUMMY__ 0.9444327309709091 neg 0.02866475580067978 off 0.026902513228411112	false	1.0
pervers	off 1.0		__DUMMY__ 0.933348413691436 off 0.03931677619481133 neg 0.027334810113752654	false	1.0
wackelig	neg 1.0		__DUMMY__ 0.9447639222129015 neg 0.028659473261028637 off 0.02657660452606986	false	1.0
verwickeln	neg 1.0		__DUMMY__ 0.9380824458271171 neg 0.03183301960655112 off 0.030084534566331863	false	1.0
vorwand	neg 1.0		__DUMMY__ 0.9399893623293024 neg 0.034525140336713854 off 0.025485497333983795	false	1.0
muschi	off 1.0		__DUMMY__ 0.9377866707220063 neg 0.032892123206507015 off 0.029321206071486722	false	0.5
entmutigung	neg 1.0		__DUMMY__ 0.9328736179424818 neg 0.035556460310000176 off 0.0315699217475181	false	1.0
unangemessen	neg 1.0		__DUMMY__ 0.9375211969846867 neg 0.03480357611562804 off 0.027675226899685258	false	1.0
unstetig	neg 1.0		__DUMMY__ 0.938499492491932 off 0.031187181775925926 neg 0.030313325732142102	false	0.5
entmutigen	neg 1.0		__DUMMY__ 0.9409585476941952 neg 0.029635776593440886 off 0.029405675712363938	false	1.0
schwanz	neg 1.0		__DUMMY__ 0.9399889164832613 neg 0.032547233013395495 off 0.02746385050334317	false	1.0
verbot	neg 1.0		__DUMMY__ 0.9362663506417251 neg 0.035294276772098745 off 0.028439372586176143	false	1.0
leid	neg 1.0		__DUMMY__ 0.936345261958257 off 0.035351726776620546 neg 0.02830301126512257	false	0.5
archaisch	neg 1.0		__DUMMY__ 0.9385898122123185 neg 0.033527989800882826 off 0.02788219798679858	false	1.0
gegen			__DUMMY__ 0.9385157047446487 neg 0.03548304928468486 off 0.026001245970666324	false	0.0
scheidung	neg 1.0	neg 1.0	neg 0.4884812574739269 __DUMMY__ 0.47082313320761493 off 0.040695609318458205	false	1.0
einschlag	neg 1.0		__DUMMY__ 0.9348271195752085 off 0.03513300688894718 neg 0.030039873535844325	false	0.5
m			__DUMMY__ 0.9417806206451939 neg 0.030491307471132063 off 0.027728071883674082	false	0.0
abgestanden	neg 1.0		__DUMMY__ 0.9427214385810023 neg 0.02939690093995429 off 0.02788166047904328	false	1.0
schmierig	off 1.0		__DUMMY__ 0.9376935084945106 off 0.0345557188383185 neg 0.027750772667170815	false	1.0
unpraktisch	neg 1.0		__DUMMY__ 0.9420306437395066 off 0.0290375257073558 neg 0.028931830553137614	false	0.5
wixxer	off 1.0		__DUMMY__ 0.9325273430127456 off 0.039527844932384336 neg 0.02794481205487005	false	1.0
bezeichnet			__DUMMY__ 0.9378961183127954 neg 0.033504815136590836 off 0.028599066550613804	false	0.0
jammerlappen	off 1.0		__DUMMY__ 0.9382559488196036 off 0.031680418965231154 neg 0.03006363221516521	false	1.0
farce	neg 1.0		__DUMMY__ 0.9344358728678114 neg 0.03668287891278644 off 0.028881248219402182	false	1.0
zwecklos	neg 1.0		__DUMMY__ 0.938474726226823 neg 0.034158548886045054 off 0.027366724887131922	false	1.0
turbulent	neg 1.0		__DUMMY__ 0.9365358685562001 off 0.034142800307619264 neg 0.029321331136180587	false	0.5
invasion	neg 1.0		__DUMMY__ 0.9401245514592462 off 0.030756572200722282 neg 0.02911887634003146	false	0.5
schuld	neg 1.0		__DUMMY__ 0.9386996623007843 neg 0.03186811171375427 off 0.029432225985461417	false	1.0
risiko	neg 1.0		__DUMMY__ 0.9420221001625685 off 0.03080307146073192 neg 0.027174828376699597	false	0.5
finster	neg 1.0		__DUMMY__ 0.9421398742337103 neg 0.02965684417553748 off 0.028203281590752246	false	1.0
geisteskrank	off 1.0		__DUMMY__ 0.9351355510394564 off 0.033088992622523 neg 0.03177545633802054	false	1.0
zusammenbrechen	neg 1.0		__DUMMY__ 0.9413803163513524 neg 0.030815268690212543 off 0.027804414958434987	false	1.0
ausbeute	neg 1.0		__DUMMY__ 0.9431662498106209 neg 0.03041707537316992 off 0.026416674816209226	false	1.0
hinterhalt	neg 1.0		__DUMMY__ 0.9402610814016475 neg 0.03034212587086343 off 0.02939679272748904	false	1.0
kritik	neg 1.0		__DUMMY__ 0.9357227821799305 neg 0.03546360261796392 off 0.02881361520210551	false	1.0
einschrumpfen	neg 1.0		__DUMMY__ 0.9357080340230308 neg 0.03258905520382647 off 0.03170291077314278	false	1.0
riskant	neg 1.0		__DUMMY__ 0.9406838700341088 neg 0.03289941257482578 off 0.026416717391065388	false	1.0
frustrieren	neg 1.0		__DUMMY__ 0.9403482679363411 neg 0.03322500986650299 off 0.02642672219715597	false	1.0
groll	neg 1.0		__DUMMY__ 0.9393054848612685 neg 0.03320460411515368 off 0.02748991102357777	false	1.0
gibt			__DUMMY__ 0.9401416424097997 neg 0.03216023449110008 off 0.02769812309910026	false	0.0
qualvoll	neg 1.0		__DUMMY__ 0.9407701151403622 off 0.030006019658597862 neg 0.02922386520103992	false	0.5
wackeln	neg 1.0		__DUMMY__ 0.9424650362180337 off 0.028856159512713253 neg 0.02867880426925303	false	0.5
klagen	neg 1.0		__DUMMY__ 0.9394685077291028 neg 0.03504631960541021 off 0.025485172665487	false	1.0
bankrott	neg 1.0		__DUMMY__ 0.9394256306356655 off 0.031606825577411235 neg 0.028967543786923282	false	0.5
trauern	neg 1.0		__DUMMY__ 0.9411171253897664 neg 0.03237632358713972 off 0.02650655102309381	false	1.0
ablehnung	neg 1.0	neg 1.0	neg 0.5019774046610983 __DUMMY__ 0.4719252928311437 off 0.026097302507757974	false	1.0
stur	neg 1.0		__DUMMY__ 0.9388947488515382 neg 0.03145400454140722 off 0.02965124660705463	false	1.0
aufruhr	neg 1.0		__DUMMY__ 0.9367552789495227 neg 0.03357173124656093 off 0.029672989803916326	false	1.0
melancholie	neg 1.0		__DUMMY__ 0.9439315977249885 neg 0.02941527265940965 off 0.026653129615601876	false	1.0
ist			__DUMMY__ 0.9389539553415545 neg 0.031326815437115 off 0.0297192292213306	false	0.0
torheit	neg 1.0		__DUMMY__ 0.9348450493242021 neg 0.03487297205097801 off 0.030281978624819964	false	1.0
dreckskind	off 1.0		__DUMMY__ 0.9326174616922525 off 0.036184296951544175 neg 0.031198241356203416	false	1.0
umtauschen	neg 1.0		__DUMMY__ 0.9421519997289635 neg 0.02997461119618546 off 0.027873389074851124	false	1.0
zum			__DUMMY__ 0.946177190981135 neg 0.030595072750865558 off 0.02322773626799951	false	0.0
zersetzen	neg 1.0		__DUMMY__ 0.9403059746630518 neg 0.03376122369703255 off 0.02593280163991559	false	1.0
zur			__DUMMY__ 0.9415363162588894 neg 0.03474626993555542 off 0.0237174138055551	false	0.0
frust	neg 1.0		__DUMMY__ 0.9406094676276299 neg 0.031652672043266564 off 0.02773786032910361	false	1.0
unerbittlichkeit	neg 1.0		__DUMMY__ 0.9401368586173757 neg 0.03328242511944022 off 0.026580716263184073	false	1.0
zwei			__DUMMY__ 0.944688642395141 neg 0.030858824555327728 off 0.024452533049531315	false	0.0
unkorrekt	neg 1.0		__DUMMY__ 0.9344855042426857 off 0.03317456036642816 neg 0.03233993539088611	false	0.5
hexe	off 1.0		__DUMMY__ 0.9392114550034102 off 0.031634450020347156 neg 0.02915409497624265	false	1.0
lasch	neg 1.0		__DUMMY__ 0.9372242106817633 neg 0.03167117033197159 off 0.03110461898626506	false	1.0
rivale	neg 1.0		__DUMMY__ 0.9356777331880742 off 0.03470512446345292 neg 0.02961714234847285	false	0.5
mutlos	off 1.0	off 1.0	off 0.494824539214384 __DUMMY__ 0.4740200412417752 neg 0.03115541954384067	false	1.0
wirr	off 1.0		__DUMMY__ 0.9352683602231223 off 0.03405609426306497 neg 0.030675545513812724	false	1.0
jahr			__DUMMY__ 0.9436262549322627 neg 0.030440563223834875 off 0.0259331818439024	false	0.0
wird			__DUMMY__ 0.9405223485673688 neg 0.03277665601728732 off 0.026700995415343813	false	0.0
strafbar	neg 1.0		__DUMMY__ 0.9375550636961026 neg 0.03552171309825018 off 0.02692322320564716	false	1.0
erosion	neg 1.0		__DUMMY__ 0.941083240715729 off 0.02960698434221533 neg 0.02930977494205565	false	0.5
eingehen	neg 1.0		__DUMMY__ 0.9392032242781737 neg 0.03361928386771944 off 0.02717749185410694	false	1.0
faul	off 1.0		__DUMMY__ 0.9408595727078897 off 0.030949374771940548 neg 0.028191052520169704	false	1.0
provisorium	neg 1.0		__DUMMY__ 0.946114593699631 neg 0.032815645123283846 off 0.021069761177085106	false	1.0
schmerzen	neg 1.0		__DUMMY__ 0.9420170314992142 neg 0.030599488960654876 off 0.02738347954013093	false	1.0
schrumpfen	neg 1.0		__DUMMY__ 0.9430911648291059 neg 0.03348848447852461 off 0.023420350692369404	false	1.0
geistlos	off 1.0		__DUMMY__ 0.9342751659629863 neg 0.034372270724262674 off 0.03135256331275099	false	0.5
fehlkauf	neg 1.0		__DUMMY__ 0.9378572326249747 neg 0.03133595843396157 off 0.030806808941063784	false	1.0
frustrierend	neg 1.0		__DUMMY__ 0.9391194580632449 off 0.030935268856607915 neg 0.029945273080147102	false	0.5
unzufrieden	neg 1.0		__DUMMY__ 0.9395765202057932 neg 0.03307824232142491 off 0.027345237472781843	false	1.0
verzweifeln	neg 1.0		__DUMMY__ 0.9406878387776515 neg 0.030981540791870047 off 0.028330620430478518	false	1.0
verzweifelt	neg 1.0		__DUMMY__ 0.9389676895712344 neg 0.03149092025383976 off 0.029541390174925852	false	1.0
misstrauensantrag	neg 1.0		__DUMMY__ 0.9361656013487681 neg 0.03316179744700864 off 0.03067260120422323	false	1.0
abfallen	neg 1.0		__DUMMY__ 0.9437232558636353 off 0.028678171073242886 neg 0.027598573063121898	false	0.5
fucker	off 1.0		__DUMMY__ 0.9357438319411019 off 0.034164605914174556 neg 0.03009156214472356	false	1.0
ungezogen	neg 1.0		__DUMMY__ 0.9354990550685232 off 0.037510665117694256 neg 0.026990279813782648	false	0.5
irrsinnig	neg 1.0	neg 1.0	neg 0.4998058910615744 __DUMMY__ 0.47348644264228346 off 0.026707666296142036	false	1.0
unfassbar	neg 1.0		__DUMMY__ 0.9384099465774892 off 0.03195768613877566 neg 0.02963236728373504	false	0.5
hart	neg 1.0		__DUMMY__ 0.9377153926205308 off 0.03185001967232478 neg 0.03043458770714444	false	0.5
widerlich	off 1.0		__DUMMY__ 0.9366357817026363 off 0.03264482323159405 neg 0.030719395065769636	false	1.0
fatal	neg 1.0		__DUMMY__ 0.9381641049426188 neg 0.031067863429819147 off 0.03076803162756205	false	1.0
bruch	neg 1.0		__DUMMY__ 0.9384621051601533 neg 0.03622817158153877 off 0.025309723258307975	false	1.0
aushungern	neg 1.0		__DUMMY__ 0.9363812275255663 neg 0.033838230815520814 off 0.02978054165891297	false	1.0
anspannung	neg 1.0		__DUMMY__ 0.9445382711253123 neg 0.031265163648686006 off 0.02419656522600163	false	1.0
von			__DUMMY__ 0.9426988738071596 neg 0.03195228249634068 off 0.025348843696499684	false	0.0
kraftlos	neg 1.0		__DUMMY__ 0.9441807319315485 neg 0.02921676389931099 off 0.026602504169140548	false	1.0
vom			__DUMMY__ 0.945786479480937 neg 0.032520206034932664 off 0.02169331448413032	false	0.0
grenzdebil	off 1.0		__DUMMY__ 0.9385626184862403 off 0.03258162612027492 neg 0.028855755393484783	false	1.0
vor			__DUMMY__ 0.9426778532995664 neg 0.03238285514059697 off 0.024939291559836672	false	0.0
unterwerfen	neg 1.0		__DUMMY__ 0.9397846929023383 neg 0.033300334660425285 off 0.026914972437236395	false	1.0
versenkung	neg 1.0		__DUMMY__ 0.9400740465330367 neg 0.03332151590874857 off 0.026604437558214674	false	1.0
entziehen	neg 1.0		__DUMMY__ 0.9403432465637063 neg 0.034526178555684996 off 0.025130574880608728	false	1.0
finanzkrise	neg 1.0		__DUMMY__ 0.9363387048686181 neg 0.034531182354491444 off 0.029130112776890423	false	1.0
schimpfend	neg 1.0		__DUMMY__ 0.9447414125481925 off 0.028979481140396137 neg 0.026279106311411338	false	0.5
profan	neg 1.0		__DUMMY__ 0.9393301734726108 neg 0.03062845370940959 off 0.030041372817979597	false	1.0
korruption	neg 1.0		__DUMMY__ 0.9363933075228627 neg 0.03551077137420515 off 0.028095921102932242	false	1.0
â			__DUMMY__ 0.941491805058197 neg 0.03137511544918185 off 0.02713307949262119	false	0.0
schmutzig	neg 1.0		__DUMMY__ 0.9408131794981278 off 0.032062844737600266 neg 0.027123975764271852	false	0.5
sexy	neg 1.0		__DUMMY__ 0.9388126844496408 off 0.03150890834103103 neg 0.029678407209328142	false	0.5
abraten	neg 1.0		__DUMMY__ 0.9402742859673823 neg 0.030405752546978394 off 0.029319961485639357	false	1.0
schwarz	neg 1.0		__DUMMY__ 0.9384729668292968 neg 0.031403610530965555 off 0.030123422639737538	false	1.0
fotze	off 1.0		__DUMMY__ 0.9386025478008241 neg 0.03336463248795082 off 0.028032819711225197	false	0.5
verwirren	neg 1.0		__DUMMY__ 0.9388403174889716 off 0.03065875218557871 neg 0.030500930325449746	false	0.5
zahnlos	off 1.0		__DUMMY__ 0.9379184969921528 neg 0.03443202578086354 off 0.02764947722698377	false	0.5
verheeren	neg 1.0		__DUMMY__ 0.9329556963074003 off 0.03941529599215174 neg 0.027629007700447964	false	0.5
hippie	neg 1.0		__DUMMY__ 0.938491458134332 off 0.03145121059808712 neg 0.03005733126758094	false	0.5
rammen	neg 1.0		__DUMMY__ 0.9393790693785582 neg 0.03043677589408597 off 0.03018415472735583	false	1.0
unlauter	neg 1.0	neg 1.0	neg 0.5000763394975832 __DUMMY__ 0.47199382996415995 off 0.027929830538256754	false	1.0
unheilvoll	neg 1.0		__DUMMY__ 0.9407419561643874 neg 0.029662489027814765 off 0.02959555480779792	false	1.0
niedrig	neg 1.0		__DUMMY__ 0.9393538274275399 neg 0.03367834598232485 off 0.026967826590135323	false	1.0
explosion	neg 1.0		__DUMMY__ 0.9396729595894686 off 0.030926255956339528 neg 0.029400784454191857	false	0.5
weichei	off 1.0		__DUMMY__ 0.9354893130836631 off 0.035787025201898685 neg 0.028723661714438256	false	1.0
minusmensch	off 1.0		__DUMMY__ 0.930053338691779 off 0.039496026125076515 neg 0.03045063518314451	false	1.0
farblos	neg 1.0		__DUMMY__ 0.9405281891045143 neg 0.03047424161309725 off 0.028997569282388544	false	1.0
unwissend	neg 1.0		__DUMMY__ 0.9371419750175862 off 0.032037425092279734 neg 0.03082059989013405	false	0.5
traurig	neg 1.0		__DUMMY__ 0.9385325948096531 off 0.033651516578783375 neg 0.027815888611563495	false	0.5
senkung	neg 1.0		__DUMMY__ 0.9385004024656683 off 0.0308175015496724 neg 0.030682095984659256	false	0.5
ungleich	neg 1.0	neg 1.0	neg 0.501470446066635 __DUMMY__ 0.4741811553727832 off 0.024348398560581627	false	1.0
heikel	neg 1.0		__DUMMY__ 0.9402477488225623 neg 0.03394007038832205 off 0.02581218078911561	false	1.0
drosselung	neg 1.0		__DUMMY__ 0.9386744611192734 off 0.033690172388914245 neg 0.02763536649181236	false	0.5
falsch	neg 1.0		__DUMMY__ 0.9384082463605861 off 0.03125184468248412 neg 0.030339908956929874	false	0.5
unzufriedenheit	neg 1.0		__DUMMY__ 0.9403758970832328 neg 0.0337748004110217 off 0.025849302505745478	false	1.0
kurz	neg 1.0		__DUMMY__ 0.9429684249945666 neg 0.029752426364320236 off 0.02727914864111324	false	1.0
unsinnig	neg 1.0		__DUMMY__ 0.9389251221916738 neg 0.03347144399711311 off 0.027603433811213114	false	1.0
penner	off 1.0	off 1.0	off 0.5037369367796168 __DUMMY__ 0.4712189733421453 neg 0.025044089878237804	false	1.0
seicht	neg 1.0		__DUMMY__ 0.9328986330516125 off 0.03786001862219251 neg 0.02924134832619507	false	0.5
dummheit	off 1.0	off 1.0	off 0.497931815728929 __DUMMY__ 0.4728093846851814 neg 0.029258799585889627	false	1.0
unerfreulich	neg 1.0		__DUMMY__ 0.9413938046589934 neg 0.03331047224148209 off 0.025295723099524554	false	1.0
motherfucker	off 1.0	off 1.0	off 0.5011867815765916 __DUMMY__ 0.4716371330029311 neg 0.027176085420477385	false	1.0
pikiert	neg 1.0		__DUMMY__ 0.937371237008675 off 0.03178672059758795 neg 0.03084204239373711	false	0.5
wrack	neg 1.0		__DUMMY__ 0.9408158471564655 neg 0.032165904458128974 off 0.02701824838540554	false	1.0
gangster	neg 1.0		__DUMMY__ 0.9387460054099224 off 0.030838106763766516 neg 0.030415887826311088	false	0.5
krank	neg 1.0		__DUMMY__ 0.9400999309179647 off 0.032207863184287665 neg 0.027692205897747565	false	0.5
reich	neg 1.0		__DUMMY__ 0.9332037325823975 neg 0.033994086670916954 off 0.0328021807466856	false	1.0
gnadenlos	neg 1.0		__DUMMY__ 0.9387172576664099 neg 0.031760310501500334 off 0.029522431832089812	false	1.0
niedergeschlagen	neg 1.0		__DUMMY__ 0.9414239410135281 neg 0.030914481370177476 off 0.02766157761629439	false	1.0
terrorisieren	off 1.0	off 1.0	off 0.49438599557881147 __DUMMY__ 0.47582838597352084 neg 0.029785618447667674	false	1.0
sinnlosigkeit	neg 1.0		__DUMMY__ 0.9387386329034522 neg 0.03366022321176803 off 0.027601143884779824	false	1.0
behindern	neg 1.0		__DUMMY__ 0.9414092826730854 neg 0.030142197009336586 off 0.028448520317578056	false	1.0
undemokratisch	neg 1.0		__DUMMY__ 0.935394352207435 neg 0.034136239442531864 off 0.030469408350033134	false	1.0
wirtschaftskrise	neg 1.0		__DUMMY__ 0.9381189224987178 neg 0.03399556083424365 off 0.027885516667038614	false	1.0
neid	neg 1.0		__DUMMY__ 0.9413942119021195 off 0.030602428415724428 neg 0.028003359682156035	false	0.5
rutschen	neg 1.0		__DUMMY__ 0.947751627555511 neg 0.029032561851103696 off 0.023215810593385348	false	1.0
rezession	neg 1.0		__DUMMY__ 0.9338106756741161 off 0.035466357955840404 neg 0.030722966370043455	false	0.5
fehlgeburt	neg 1.0		__DUMMY__ 0.9409682395738128 neg 0.03018101645130303 off 0.028850743974884203	false	1.0
charakterschwach	off 1.0		__DUMMY__ 0.936773719083841 off 0.032619373495916884 neg 0.030606907420242146	false	1.0
isolation	neg 1.0		__DUMMY__ 0.9381443864716194 off 0.032069715704151666 neg 0.02978589782422908	false	0.5
ablenkung	neg 1.0		__DUMMY__ 0.9408044088631892 neg 0.030374097280856365 off 0.02882149385595451	false	1.0
pech	neg 1.0		__DUMMY__ 0.9397987672601321 off 0.030179375286377087 neg 0.03002185745349072	false	0.5
vermeidung	neg 1.0		__DUMMY__ 0.9397572313435588 off 0.03288438065105497 neg 0.027358388005386244	false	0.5
dominieren	neg 1.0		__DUMMY__ 0.9383970213085282 neg 0.03353019360946288 off 0.02807278508200886	false	1.0
schwindlig	neg 1.0		__DUMMY__ 0.9415951023135741 off 0.029858271219144267 neg 0.028546626467281584	false	0.5
lutscher	neg 1.0		__DUMMY__ 0.9332077861132708 off 0.03802635721963268 neg 0.02876585666709654	false	0.5
pflicht	neg 1.0		__DUMMY__ 0.9399726187478382 neg 0.03412695692458298 off 0.025900424327578813	false	1.0
faschist	off 1.0		__DUMMY__ 0.9357075122950657 neg 0.033213926996286364 off 0.031078560708648072	false	0.5
verschleudern	neg 1.0		__DUMMY__ 0.9376532813005357 neg 0.034890877004716596 off 0.027455841694747688	false	1.0
wenn			__DUMMY__ 0.9383844260369593 off 0.031242023998167272 neg 0.030373549964873493	false	0.0
ehebruch	neg 1.0		__DUMMY__ 0.9390184290474806 neg 0.03370423316827974 off 0.027277337784239714	false	1.0
spott	off 1.0		__DUMMY__ 0.939312589190776 neg 0.03382956518689086 off 0.026857845622333246	false	0.5
trostlosigkeit	neg 1.0		__DUMMY__ 0.937584351552438 neg 0.036273395272599776 off 0.02614225317496223	false	1.0
lutschen	neg 1.0		__DUMMY__ 0.9364142438884308 off 0.03192648275029171 neg 0.03165927336127746	false	0.5
undiszipliniert	neg 1.0		__DUMMY__ 0.9378153872367025 off 0.03323921130622433 neg 0.028945401457073056	false	0.5
kopfschmerz	neg 1.0		__DUMMY__ 0.941295372534735 neg 0.030730498409478096 off 0.027974129055786792	false	1.0
unvorhergesehen	neg 1.0		__DUMMY__ 0.9438735146831266 neg 0.029175724579710897 off 0.026950760737162426	false	1.0
desinteressiert	neg 1.0		__DUMMY__ 0.936809272335697 off 0.03326022745994687 neg 0.02993050020435617	false	0.5
armselig	off 1.0		__DUMMY__ 0.9358047761679585 off 0.03408178982888552 neg 0.030113434003155908	false	1.0
desaster	neg 1.0		__DUMMY__ 0.9380037310184183 neg 0.03689811400822175 off 0.025098154973360043	false	1.0
tod	neg 1.0		__DUMMY__ 0.9388420809938999 neg 0.03446692345806785 off 0.02669099554803233	false	1.0
herzlos	neg 1.0		__DUMMY__ 0.9381830898142882 off 0.03420030814546532 neg 0.02761660204024645	false	0.5
unwissenheit	neg 1.0		__DUMMY__ 0.9387112278345361 neg 0.03362738388257931 off 0.027661388282884617	false	1.0
widersinnig	neg 1.0		__DUMMY__ 0.9349969576136666 neg 0.03623801921728627 off 0.028765023169047187	false	1.0
bedenklich	neg 1.0		__DUMMY__ 0.9398089523765286 neg 0.033689758931850104 off 0.026501288691621373	false	1.0
beanstanden	neg 1.0		__DUMMY__ 0.9400023812181221 neg 0.03444058521501644 off 0.025557033566861523	false	1.0
panisch	neg 1.0	neg 1.0	neg 0.4947656999622074 __DUMMY__ 0.47848831728765373 off 0.02674598275013887	false	1.0
debil	off 1.0		__DUMMY__ 0.9426017363837962 neg 0.03407620021425103 off 0.023322063401952843	false	0.5
abstrich	neg 1.0		__DUMMY__ 0.9445100926479146 off 0.027751518793143085 neg 0.027738388558942208	false	0.5
primitiv	neg 1.0		__DUMMY__ 0.9363189442592821 off 0.0330574651243382 neg 0.030623590616379648	false	0.5
abschaum	off 1.0	off 1.0	off 0.49946608010967963 __DUMMY__ 0.4720034392776445 neg 0.028530480612675924	false	1.0
provozieren	neg 1.0		__DUMMY__ 0.9378483134471343 neg 0.03291925563894686 off 0.029232430913918868	false	1.0
tot	neg 1.0		__DUMMY__ 0.9397226538727942 neg 0.0324362018493713 off 0.027841144277834445	false	1.0
instabil	neg 1.0		__DUMMY__ 0.9336284071232864 off 0.0348125948684559 neg 0.031558998008257656	false	0.5
schwuchtel	off 1.0		__DUMMY__ 0.9294487392109929 off 0.04194894252238063 neg 0.02860231826662648	false	1.0
zerren	neg 1.0		__DUMMY__ 0.9409213262608409 neg 0.0313590037420856 off 0.027719669997073464	false	1.0
kinderficker	off 1.0		__DUMMY__ 0.9344268802149541 off 0.03561447642163353 neg 0.029958643363412345	false	1.0
gefahr	neg 1.0		__DUMMY__ 0.9385903782780339 neg 0.034305977572501346 off 0.0271036441494647	false	1.0
rabiat	neg 1.0		__DUMMY__ 0.9392973872220691 neg 0.031793581215817115 off 0.02890903156211378	false	1.0
verlangsamung	neg 1.0		__DUMMY__ 0.9336547371850988 off 0.03760129827570414 neg 0.02874396453919706	false	0.5
ausgestorben	neg 1.0		__DUMMY__ 0.9403178797694075 neg 0.03191662201408425 off 0.027765498216508262	false	1.0
anklagen	neg 1.0		__DUMMY__ 0.9386474618279195 neg 0.03245943004051403 off 0.02889310813156647	false	1.0
trott	neg 1.0		__DUMMY__ 0.940671165972146 neg 0.03069414968388168 off 0.028634684343972382	false	1.0
verminderung	neg 1.0		__DUMMY__ 0.9371187783892883 off 0.03358625099514093 neg 0.02929497061557078	false	0.5
nach			__DUMMY__ 0.9461990913130226 neg 0.03042710781638287 off 0.023373800870594548	false	0.0
rost	neg 1.0		__DUMMY__ 0.9349779439751373 off 0.03750316333850398 neg 0.027518892686358803	false	0.5
destruktiv	neg 1.0		__DUMMY__ 0.9376138479697151 neg 0.033836418904520695 off 0.028549733125764157	false	1.0
unzumutbarkeit	neg 1.0		__DUMMY__ 0.938838102106279 off 0.03305411786768883 neg 0.02810778002603214	false	0.5
labil	off 1.0	off 1.0	off 0.5000516240690749 __DUMMY__ 0.4720320275041993 neg 0.02791634842672577	false	1.0
ziemlich	neg 1.0		__DUMMY__ 0.9382827044338228 off 0.03229322844915332 neg 0.02942406711702391	false	0.5
lachnummer	off 1.0		__DUMMY__ 0.9373821922391968 neg 0.03394964915715002 off 0.02866815860365312	false	0.5
oder			__DUMMY__ 0.9411684967065159 neg 0.03044836826344285 off 0.028383135030041196	false	0.0
verfall	neg 1.0		__DUMMY__ 0.9416226004279594 neg 0.03486730410984434 off 0.023510095462196203	false	1.0
ausgrenzung	neg 1.0		__DUMMY__ 0.9358817869049608 neg 0.03324322664817741 off 0.030874986446861676	false	1.0
unordnung	neg 1.0		__DUMMY__ 0.9343822555788124 off 0.03496787450723969 neg 0.03064986991394791	false	0.5
fehlverhalten	neg 1.0		__DUMMY__ 0.9385807325235092 neg 0.03468111675154243 off 0.026738150724948468	false	1.0
eine			__DUMMY__ 0.942312644895362 neg 0.03256372099748836 off 0.02512363410714967	false	0.0
nille	neg 1.0		__DUMMY__ 0.9369373799254771 neg 0.033769628429095574 off 0.02929299164542735	false	1.0
qual	neg 1.0		__DUMMY__ 0.9403608232912399 neg 0.03099532945934628 off 0.02864384724941377	false	1.0
verschwenden	neg 1.0		__DUMMY__ 0.9406782485956785 neg 0.03287794241101647 off 0.02644380899330512	false	1.0
riesig	neg 1.0		__DUMMY__ 0.9422872914726126 neg 0.0297206906052959 off 0.02799201792209146	false	1.0
verurteilen	neg 1.0		__DUMMY__ 0.9382643773540674 neg 0.03382967987481077 off 0.027905942771121756	false	1.0
klischee	neg 1.0	neg 1.0	neg 0.49979001044379107 __DUMMY__ 0.4718014577059495 off 0.0284085318502595	false	1.0
diktatorisch	neg 1.0		__DUMMY__ 0.9344414113472468 neg 0.035011512287078675 off 0.03054707636567453	false	1.0
vorhersehbar	neg 1.0		__DUMMY__ 0.9368490150120258 neg 0.03271603612620343 off 0.030434948861770828	false	1.0
sowie			__DUMMY__ 0.9335431485011619 off 0.03658621474626226 neg 0.02987063675257586	false	0.0
stornieren	neg 1.0		__DUMMY__ 0.9419378767063591 off 0.03023155681841684 neg 0.027830566475223993	false	0.5
besteuerung	neg 1.0		__DUMMY__ 0.9388187710112035 neg 0.03154533765502907 off 0.029635891333767404	false	1.0
ungeschminkt	neg 1.0		__DUMMY__ 0.9385641313697907 off 0.03230384799012718 neg 0.029132020640082232	false	0.5
kritisch	neg 1.0		__DUMMY__ 0.9386735245517345 neg 0.03444022795649812 off 0.02688624749176743	false	1.0
schlamperei	off 1.0		__DUMMY__ 0.9379563780800191 neg 0.034751902654479735 off 0.02729171926550123	false	0.5
sucht	neg 1.0	neg 1.0	neg 0.49374747207666947 __DUMMY__ 0.47905818750229495 off 0.027194340421035534	false	1.0
egoistisch	off 1.0		__DUMMY__ 0.9358240688961078 off 0.03586641150351362 neg 0.02830951960037859	false	1.0
ausbeuter	off 1.0		__DUMMY__ 0.938529057601429 neg 0.03493340533760535 off 0.02653753706096564	false	0.5
arschgeburt	off 1.0		__DUMMY__ 0.9294309656833217 off 0.04194543478168232 neg 0.02862359953499595	false	1.0
schubs	neg 1.0	neg 1.0	neg 0.4974742650063291 __DUMMY__ 0.47855086148069986 off 0.02397487351297108	false	1.0
unsolide	neg 1.0		__DUMMY__ 0.9302205471698638 neg 0.03692954706350841 off 0.03284990576662772	false	1.0
beschwerde	neg 1.0		__DUMMY__ 0.9379599258775564 neg 0.03430157811206258 off 0.027738496010381114	false	1.0
stocken	neg 1.0		__DUMMY__ 0.9407919783504128 neg 0.03202572144070276 off 0.02718230020888438	false	1.0
isolieren	neg 1.0		__DUMMY__ 0.9425032484009902 neg 0.029116446578586398 off 0.02838030502042337	false	1.0
unheilbar	neg 1.0		__DUMMY__ 0.9404072927130496 neg 0.030121347380864187 off 0.029471359906086222	false	1.0
pisser	off 1.0		__DUMMY__ 0.9351829319166624 off 0.034676790674261077 neg 0.030140277409076637	false	1.0
löschen	neg 1.0		__DUMMY__ 0.9387976380027888 neg 0.031533037771651486 off 0.02966932422555981	false	1.0
durchfallen	neg 1.0		__DUMMY__ 0.939499980410173 neg 0.03367573030918613 off 0.026824289280640914	false	1.0
wichser	off 1.0		__DUMMY__ 0.9333200316712528 off 0.038955226599539004 neg 0.027724741729208222	false	1.0
terror	neg 1.0		__DUMMY__ 0.9399071870202813 off 0.03099143538343579 neg 0.029101377596282813	false	0.5
krass	neg 1.0		__DUMMY__ 0.9372573530963706 off 0.03411448242186281 neg 0.028628164481766583	false	0.5
revolte	neg 1.0	neg 1.0	neg 0.5018633634971462 __DUMMY__ 0.46916509304391885 off 0.02897154345893502	false	1.0
besorgt	neg 1.0		__DUMMY__ 0.9430807034536345 neg 0.029449762378014284 off 0.027469534168351312	false	1.0
nachlassen	neg 1.0		__DUMMY__ 0.9428077017062284 neg 0.029895505255692182 off 0.027296793038079404	false	1.0
alt	neg 1.0		__DUMMY__ 0.9432589387884992 neg 0.03142235013612319 off 0.02531871107537765	false	1.0
hundesohn	off 1.0		__DUMMY__ 0.9314099241797532 off 0.038855770210331514 neg 0.029734305609915298	false	1.0
als			__DUMMY__ 0.9411891655352941 neg 0.03163459872632278 off 0.027176235738383087	false	0.0
abschreckung	neg 1.0		__DUMMY__ 0.939640520431268 neg 0.03453187169929319 off 0.025827607869438874	false	1.0
unqualifiziert	neg 1.0		__DUMMY__ 0.9369911951567128 neg 0.03235739721798386 off 0.030651407625303318	false	1.0
abgewichst	off 1.0		__DUMMY__ 0.9394111310668977 neg 0.032239081856617 off 0.028349787076485375	false	0.5
schwer	neg 1.0		__DUMMY__ 0.9404010131962182 neg 0.03119437545564328 off 0.028404611348138587	false	1.0
bedeutungslosigkeit	neg 1.0		__DUMMY__ 0.9387904738874517 neg 0.03492590668853349 off 0.026283619424014793	false	1.0
kapitulation	neg 1.0		__DUMMY__ 0.9359344092348619 neg 0.036144358211157045 off 0.027921232553981042	false	1.0
unscharf	neg 1.0		__DUMMY__ 0.9398206817633213 off 0.03014324346374935 neg 0.03003607477292939	false	0.5
schwinden	neg 1.0		__DUMMY__ 0.9419349456598723 neg 0.0318138181255725 off 0.026251236214555218	false	1.0
versklavung	neg 1.0		__DUMMY__ 0.9355036116633536 neg 0.03424420846225777 off 0.030252179874388586	false	1.0
schlecht	neg 1.0		__DUMMY__ 0.9386011464062176 off 0.03256189675550198 neg 0.028836956838280445	false	0.5
verhasst	neg 1.0		__DUMMY__ 0.9373459897832908 neg 0.033354034141624855 off 0.02929997607508429	false	1.0
beschweren	neg 1.0		__DUMMY__ 0.9396878512342367 neg 0.030519169440824837 off 0.0297929793249384	false	1.0
scheiden	neg 1.0		__DUMMY__ 0.9404021770593959 neg 0.0316425303499474 off 0.027955292590656725	false	1.0
frustriert	neg 1.0		__DUMMY__ 0.9400522434398755 neg 0.03204964939003668 off 0.0278981071700879	false	1.0
schimmelig	neg 1.0		__DUMMY__ 0.9406960419679671 neg 0.03325209251934056 off 0.026051865512692337	false	1.0
fisch	neg 1.0		__DUMMY__ 0.9411978542216964 neg 0.03248861108055503 off 0.02631353469774853	false	1.0
schmuggel	neg 1.0		__DUMMY__ 0.9435750130571451 neg 0.030743524678159176 off 0.02568146226469581	false	1.0
auffallen	neg 1.0		__DUMMY__ 0.9390250335932546 neg 0.030883886629549353 off 0.03009107977719602	false	1.0
konkurrenz	neg 1.0		__DUMMY__ 0.9411976289237912 neg 0.033372965349550664 off 0.025429405726658173	false	1.0
teufelskreis	neg 1.0		__DUMMY__ 0.9393828128164246 neg 0.032425629563894415 off 0.02819155761968104	false	1.0
aufschreien	neg 1.0		__DUMMY__ 0.9375110824268882 neg 0.032241007879485944 off 0.030247909693625813	false	1.0
schuldner	neg 1.0		__DUMMY__ 0.9389104507501761 neg 0.03425010739178873 off 0.026839441858035235	false	1.0
missgeburt	off 1.0	off 1.0	off 0.5032433384951625 __DUMMY__ 0.4690263339499429 neg 0.027730327554894622	false	1.0
arbeitslos	neg 1.0		__DUMMY__ 0.9385279626911556 neg 0.03384002515341995 off 0.027632012155424476	false	1.0
befallen	neg 1.0		__DUMMY__ 0.9381106773939067 neg 0.0340348674124142 off 0.027854455193679087	false	1.0
miesepetrig	off 1.0		__DUMMY__ 0.9406019445259134 off 0.03192520073827214 neg 0.027472854735814366	false	1.0
alarmieren	neg 1.0		__DUMMY__ 0.9363758854693555 off 0.03246253155508798 neg 0.031161582975556608	false	0.5
ungeduscht	off 1.0		__DUMMY__ 0.9397029211170577 neg 0.030176309088538626 off 0.03012076979440367	false	0.5
knappheit	neg 1.0		__DUMMY__ 0.9391460095366546 neg 0.03314738900388779 off 0.027706601459457636	false	1.0
schlange	neg 1.0		__DUMMY__ 0.9412453137129497 off 0.029378293295115487 neg 0.029376392991934754	false	0.5
harsch	neg 1.0		__DUMMY__ 0.9381039816905253 off 0.0363621720391692 neg 0.025533846270305416	false	0.5
lang	neg 1.0		__DUMMY__ 0.9398267989475784 neg 0.030526826689099396 off 0.02964637436332215	false	1.0
ziellos	neg 1.0		__DUMMY__ 0.9407046016226763 neg 0.0323151351950338 off 0.026980263182289802	false	1.0
selbstverliebt	neg 1.0		__DUMMY__ 0.9302635513022216 off 0.04001331628490813 neg 0.0297231324128703	false	0.5
beseitigen	neg 1.0		__DUMMY__ 0.9405836591217417 neg 0.030087548466898765 off 0.029328792411359564	false	1.0
dumm	off 1.0		__DUMMY__ 0.9348449642439407 off 0.036370022415773466 neg 0.02878501334028579	false	1.0
arbeitsloser	neg 1.0		__DUMMY__ 0.9390041078899433 neg 0.033891738123586986 off 0.02710415398646975	false	1.0
blitzen	neg 1.0		__DUMMY__ 0.9387408758562504 off 0.03137304495321095 neg 0.029886079190538657	false	0.5
hilflos	neg 1.0		__DUMMY__ 0.9404784694432691 neg 0.03197546444629141 off 0.027546066110439624	false	1.0
eklig	off 1.0		__DUMMY__ 0.9339243275968906 off 0.03689685614308907 neg 0.029178816260020394	false	1.0
begriff			__DUMMY__ 0.9395841328208588 neg 0.032451969618716964 off 0.02796389756042417	false	0.0
hungersnot	neg 1.0		__DUMMY__ 0.9358745297155947 neg 0.034820744831888 off 0.029304725452517274	false	1.0
ungesetzlich	neg 1.0		__DUMMY__ 0.9339111296763473 neg 0.034602854540049535 off 0.031486015783603195	false	1.0
verschwendung	neg 1.0		__DUMMY__ 0.9408398508693419 neg 0.033214551070668265 off 0.025945598059989885	false	1.0
schmerzvoll	neg 1.0		__DUMMY__ 0.9398562692820139 neg 0.030419690903355914 off 0.029724039814630204	false	1.0
vorzeitig	neg 1.0		__DUMMY__ 0.937936043429487 off 0.03238129501019273 neg 0.029682661560320196	false	0.5
unvollkommenheit	neg 1.0		__DUMMY__ 0.9404276744233268 neg 0.030666071393161982 off 0.028906254183511216	false	1.0
intervenieren	neg 1.0		__DUMMY__ 0.9381348583372767 neg 0.03503576287049577 off 0.026829378792227587	false	1.0
banause	off 1.0		__DUMMY__ 0.9337533544647699 off 0.03786787509374817 neg 0.028378770441481894	false	1.0
rebell	neg 1.0		__DUMMY__ 0.9426671467980933 neg 0.03245676038707632 off 0.024876092814830487	false	1.0
unlogisch	neg 1.0		__DUMMY__ 0.9355431892963388 off 0.03407850844725139 neg 0.03037830225640974	false	0.5
leiden	neg 1.0	neg 1.0	neg 0.4935378956510366 __DUMMY__ 0.4840506958334965 off 0.022411408515466774	false	1.0
abschaffung	neg 1.0		__DUMMY__ 0.9369379213703061 neg 0.03328042535936482 off 0.029781653270329108	false	1.0
sturz	neg 1.0		__DUMMY__ 0.9371900495421172 neg 0.032677974292175144 off 0.030131976165707786	false	1.0
verkleinerung	neg 1.0		__DUMMY__ 0.9342104834558282 neg 0.033913710862588015 off 0.03187580568158382	false	1.0
schmarotzer	off 1.0		__DUMMY__ 0.9378554321500192 neg 0.034738511534126035 off 0.027406056315854733	false	0.5
bestrafung	neg 1.0		__DUMMY__ 0.9390927045471172 neg 0.03112046019031933 off 0.029786835262563455	false	1.0
achtlos	neg 1.0		__DUMMY__ 0.9410609100594199 neg 0.03063958159917087 off 0.028299508341409162	false	1.0
