unsolidarisch	neg 1.0		__DUMMY__ 0.9339428890449765 neg 0.03596850383535494 off 0.03008860711966861	false	1.0
nachteilig	neg 1.0		__DUMMY__ 0.9396595062138856 neg 0.033077080290886025 off 0.0272634134952283	false	1.0
skeptisch	neg 1.0		__DUMMY__ 0.9413658383958102 neg 0.03330199068929413 off 0.025332170914895605	false	1.0
schrecklich	neg 1.0		__DUMMY__ 0.9367918203191996 off 0.034378117789359716 neg 0.028830061891440762	false	0.5
schlapp	neg 1.0		__DUMMY__ 0.9408735316523443 off 0.031019368749609415 neg 0.028107099598046314	false	0.5
abfall	neg 1.0		__DUMMY__ 0.9423427505215092 neg 0.033423503775092525 off 0.024233745703398275	false	1.0
widerspenstig	neg 1.0		__DUMMY__ 0.9426364455829339 neg 0.029263413929491215 off 0.028100140487574927	false	1.0
abrupt	neg 1.0		__DUMMY__ 0.9442048696575125 neg 0.02850566944757637 off 0.027289460894911174	false	1.0
unwirksam	neg 1.0		__DUMMY__ 0.9345453735498725 neg 0.03587512622294214 off 0.02957950022718539	false	1.0
angreifen	neg 1.0		__DUMMY__ 0.9397764743155811 neg 0.033697061380824726 off 0.026526464303594243	false	1.0
inkonsistent	neg 1.0		__DUMMY__ 0.9391962991263872 neg 0.030663143959489478 off 0.030140556914123227	false	1.0
abrutschen	neg 1.0		__DUMMY__ 0.9428448231587829 neg 0.03290090656586814 off 0.024254270275349016	false	1.0
unsicher	neg 1.0		__DUMMY__ 0.9404191399570294 neg 0.03090886336104369 off 0.02867199668192684	false	1.0
bauernkind	off 1.0		__DUMMY__ 0.933151091221331 off 0.03659909692021171 neg 0.030249811858457296	false	1.0
angreifer	neg 1.0		__DUMMY__ 0.9369503247184708 neg 0.031792734088666466 off 0.03125694119286272	false	1.0
trennen	neg 1.0		__DUMMY__ 0.9439961621563289 neg 0.03056398008965159 off 0.025439857754019458	false	1.0
schmutz	neg 1.0		__DUMMY__ 0.9432446946731253 off 0.0317208146775779 neg 0.025034490649296862	false	0.5
inkonsistenz	neg 1.0	neg 1.0	neg 0.49914336523527925 __DUMMY__ 0.47253625026614 off 0.02832038449858079	false	1.0
erschreckend	neg 1.0		__DUMMY__ 0.9393198375999589 neg 0.0325799453913902 off 0.02810021700865094	false	1.0
ertrinken	neg 1.0		__DUMMY__ 0.9427558378082324 neg 0.030797826919210285 off 0.026446335272557294	false	1.0
pickelface	off 1.0		__DUMMY__ 0.9378897284614471 neg 0.032553893782616555 off 0.029556377755936256	false	0.5
seiner			__DUMMY__ 0.9407596630737491 neg 0.033078389469282245 off 0.026161947456968662	false	0.0
lauch	neg 1.0		__DUMMY__ 0.9423891567982232 neg 0.03275933045729636 off 0.024851512744480473	false	1.0
unwichtig	neg 1.0		__DUMMY__ 0.9382124628866274 off 0.031736798462636225 neg 0.030050738650736368	false	0.5
steuerhinterziehung	neg 1.0		__DUMMY__ 0.9361799049567184 neg 0.03492815743022471 off 0.02889193761305678	false	1.0
schock	neg 1.0		__DUMMY__ 0.9435581062995215 neg 0.029168197069737823 off 0.027273696630740713	false	1.0
beule	neg 1.0		__DUMMY__ 0.9401171980668737 off 0.03181003313940086 neg 0.0280727687937255	false	0.5
vergelten	neg 1.0		__DUMMY__ 0.9350412363101158 off 0.03580499269886577 neg 0.02915377099101837	false	0.5
verdorbenheit	neg 1.0		__DUMMY__ 0.9412393810664019 neg 0.02972150356070626 off 0.029039115372891697	false	1.0
trauma	neg 1.0		__DUMMY__ 0.939223660975323 neg 0.030820355981506578 off 0.02995598304317047	false	1.0
sinnlos	neg 1.0		__DUMMY__ 0.9392145834894836 neg 0.030607119647000896 off 0.030178296863515485	false	1.0
fettsack	off 1.0	off 1.0	off 0.5026036336933364 __DUMMY__ 0.4702643696463942 neg 0.027131996660269383	false	1.0
feige	off 1.0		__DUMMY__ 0.9368497158178206 off 0.031640773018368415 neg 0.03150951116381096	false	1.0
abdanken	neg 1.0		__DUMMY__ 0.9341273666677654 neg 0.03654528048188865 off 0.02932735285034598	false	1.0
wichtigtuer	off 1.0	off 1.0	off 0.49750119088777806 __DUMMY__ 0.4726438902797113 neg 0.029854918832510537	false	1.0
misslingen	neg 1.0		__DUMMY__ 0.9434939664151203 off 0.029708944474810584 neg 0.026797089110069196	false	0.5
untreu	off 1.0		__DUMMY__ 0.9380601776411419 off 0.03218001358521417 neg 0.029759808773643943	false	1.0
missmutig	neg 1.0		__DUMMY__ 0.940520719837182 off 0.0309604048463394 neg 0.028518875316478568	false	0.5
hurenbock	off 1.0		__DUMMY__ 0.9432510190745286 off 0.02899881286106989 neg 0.02775016806440155	false	1.0
betrunken	neg 1.0		__DUMMY__ 0.9391708602298916 off 0.03272544956293352 neg 0.02810369020717493	false	0.5
korrupt	off 1.0		__DUMMY__ 0.9361795799440272 neg 0.03566638999699941 off 0.028154030058973305	false	0.5
unmut	neg 1.0		__DUMMY__ 0.9410278280585419 neg 0.0340326614458519 off 0.024939510495606162	false	1.0
hackfresse	off 1.0		__DUMMY__ 0.9354710101601907 off 0.03660008570276355 neg 0.027928904137045667	false	1.0
aufblasen	neg 1.0		__DUMMY__ 0.9415449465431276 off 0.029278045391428253 neg 0.029177008065444196	false	0.5
gewaltsam	neg 1.0		__DUMMY__ 0.9371562577372965 neg 0.03294457610386492 off 0.029899166158838565	false	1.0
unbeliebtheit	neg 1.0		__DUMMY__ 0.9328192520176438 off 0.033991163974631006 neg 0.033189584007725176	false	0.5
sturheit	neg 1.0		__DUMMY__ 0.9384970424500297 neg 0.03302399252859242 off 0.028478965021377884	false	1.0
kuh	neg 1.0		__DUMMY__ 0.9388545859760016 neg 0.03177386491908249 off 0.029371549104915885	false	1.0
erschrecken	neg 1.0		__DUMMY__ 0.9395979810936552 off 0.03085845830066438 neg 0.029543560605680395	false	0.5
opfer	neg 1.0		__DUMMY__ 0.9406303040970803 neg 0.03271950231783141 off 0.026650193585088296	false	1.0
sinken	neg 1.0		__DUMMY__ 0.9411674747455236 neg 0.03366296368117898 off 0.025169561573297326	false	1.0
stinktier	neg 1.0		__DUMMY__ 0.9353068352025523 off 0.03457827615920577 neg 0.03011488863824198	false	0.5
tucke	off 1.0		__DUMMY__ 0.9370961940249023 off 0.03654584565822184 neg 0.026357960316875883	false	1.0
ein			__DUMMY__ 0.9427389443492094 neg 0.028713114861299485 off 0.02854794078949123	false	0.0
abstieg	neg 1.0		__DUMMY__ 0.9384507345014829 neg 0.033477527852942564 off 0.028071737645574496	false	1.0
missverstehen	neg 1.0		__DUMMY__ 0.9371242870069145 neg 0.03258340550448654 off 0.03029230748859889	false	1.0
ergebnislos	neg 1.0		__DUMMY__ 0.9391335493458328 neg 0.03320421252853135 off 0.027662238125635834	false	1.0
unter			__DUMMY__ 0.9470557559541081 neg 0.031512390224684696 off 0.021431853821207283	false	0.0
manipulieren	neg 1.0		__DUMMY__ 0.9413662594610255 neg 0.03226649602895528 off 0.026367244510019188	false	1.0
unbewiesen	neg 1.0		__DUMMY__ 0.9338046991543271 neg 0.03621391038326485 off 0.02998139046240817	false	1.0
verschleppen	neg 1.0		__DUMMY__ 0.9398594703047425 neg 0.032576335974598414 off 0.027564193720659085	false	1.0
weib	off 1.0		__DUMMY__ 0.9348982664419672 off 0.03745548188859718 neg 0.027646251669435674	false	1.0
opposition	neg 1.0		__DUMMY__ 0.9359556960531621 neg 0.03383169456217866 off 0.03021260938465934	false	1.0
verkehrswidrig	neg 1.0		__DUMMY__ 0.9394435624694867 off 0.03499289122834959 neg 0.025563546302163665	false	0.5
inkorrekt	neg 1.0		__DUMMY__ 0.9341941090710477 off 0.032921323413232916 neg 0.03288456751571936	false	0.5
vermeiden	neg 1.0		__DUMMY__ 0.9452753958241441 neg 0.03163026344145938 off 0.023094340734396517	false	1.0
abweichung	neg 1.0		__DUMMY__ 0.9362360304032071 neg 0.03590427834733972 off 0.027859691249453165	false	1.0
alkoholisiert	neg 1.0		__DUMMY__ 0.9444018341127002 neg 0.028879698803115503 off 0.026718467084184305	false	1.0
scheiss	off 1.0	off 1.0	off 0.4993874621585222 __DUMMY__ 0.474290134647354 neg 0.026322403194123854	false	1.0
herausforderung	neg 1.0		__DUMMY__ 0.9444327309709091 neg 0.02866475580067982 off 0.026902513228411088	false	1.0
pervers	off 1.0		__DUMMY__ 0.933348413691436 off 0.03931677619481132 neg 0.02733481011375267	false	1.0
wackelig	neg 1.0		__DUMMY__ 0.9447639222129014 neg 0.02865947326102863 off 0.02657660452606992	false	1.0
verwickeln	neg 1.0		__DUMMY__ 0.9380824458271171 neg 0.03183301960655111 off 0.030084534566331853	false	1.0
vorwand	neg 1.0		__DUMMY__ 0.9399893623293023 neg 0.034525140336713896 off 0.025485497333983795	false	1.0
muschi	off 1.0		__DUMMY__ 0.9377866707220063 neg 0.03289212320650701 off 0.029321206071486677	false	0.5
entmutigung	neg 1.0		__DUMMY__ 0.9328736179424818 neg 0.03555646031000023 off 0.03156992174751802	false	1.0
unangemessen	neg 1.0		__DUMMY__ 0.9375211969846866 neg 0.03480357611562808 off 0.027675226899685334	false	1.0
unstetig	neg 1.0		__DUMMY__ 0.938499492491932 off 0.031187181775925898 neg 0.0303133257321421	false	0.5
entmutigen	neg 1.0		__DUMMY__ 0.9409585476941954 neg 0.02963577659344079 off 0.02940567571236385	false	1.0
schwanz	neg 1.0		__DUMMY__ 0.9399889164832613 neg 0.032547233013395536 off 0.027463850503343167	false	1.0
verbot	neg 1.0		__DUMMY__ 0.9362663506417251 neg 0.0352942767720987 off 0.02843937258617613	false	1.0
leid	neg 1.0		__DUMMY__ 0.936345261958257 off 0.03535172677662054 neg 0.02830301126512253	false	0.5
archaisch	neg 1.0		__DUMMY__ 0.9385898122123186 neg 0.03352798980088283 off 0.02788219798679855	false	1.0
gegen			__DUMMY__ 0.9385157047446488 neg 0.035483049284684806 off 0.026001245970666345	false	0.0
scheidung	neg 1.0	neg 1.0	neg 0.48848125747392684 __DUMMY__ 0.47082313320761493 off 0.04069560931845821	false	1.0
einschlag	neg 1.0		__DUMMY__ 0.9348271195752086 off 0.03513300688894706 neg 0.030039873535844332	false	0.5
m			__DUMMY__ 0.9417806206451939 neg 0.030491307471132042 off 0.027728071883674016	false	0.0
abgestanden	neg 1.0		__DUMMY__ 0.9427214385810024 neg 0.029396900939954312 off 0.02788166047904328	false	1.0
schmierig	off 1.0		__DUMMY__ 0.9376935084945106 off 0.03455571883831848 neg 0.02775077266717085	false	1.0
unpraktisch	neg 1.0		__DUMMY__ 0.9420306437395065 off 0.029037525707355835 neg 0.02893183055313763	false	0.5
wixxer	off 1.0		__DUMMY__ 0.9325273430127456 off 0.03952784493238433 neg 0.027944812054870077	false	1.0
bezeichnet			__DUMMY__ 0.9378961183127954 neg 0.03350481513659077 off 0.02859906655061378	false	0.0
jammerlappen	off 1.0		__DUMMY__ 0.9382559488196036 off 0.03168041896523122 neg 0.030063632215165215	false	1.0
farce	neg 1.0		__DUMMY__ 0.9344358728678114 neg 0.03668287891278647 off 0.02888124821940219	false	1.0
zwecklos	neg 1.0		__DUMMY__ 0.9384747262268229 neg 0.03415854888604513 off 0.02736672488713191	false	1.0
turbulent	neg 1.0		__DUMMY__ 0.9365358685562001 off 0.03414280030761934 neg 0.029321331136180642	false	0.5
invasion	neg 1.0		__DUMMY__ 0.9401245514592462 off 0.030756572200722376 neg 0.029118876340031494	false	0.5
schuld	neg 1.0		__DUMMY__ 0.9386996623007843 neg 0.03186811171375425 off 0.02943222598546146	false	1.0
risiko	neg 1.0		__DUMMY__ 0.9420221001625684 off 0.03080307146073194 neg 0.027174828376699618	false	0.5
finster	neg 1.0		__DUMMY__ 0.9421398742337103 neg 0.029656844175537482 off 0.02820328159075221	false	1.0
geisteskrank	off 1.0		__DUMMY__ 0.9351355510394563 off 0.033088992622522975 neg 0.03177545633802061	false	1.0
zusammenbrechen	neg 1.0		__DUMMY__ 0.9413803163513522 neg 0.030815268690212623 off 0.027804414958435088	false	1.0
ausbeute	neg 1.0		__DUMMY__ 0.9431662498106209 neg 0.030417075373169893 off 0.026416674816209223	false	1.0
hinterhalt	neg 1.0		__DUMMY__ 0.9402610814016475 neg 0.030342125870863414 off 0.02939679272748906	false	1.0
kritik	neg 1.0		__DUMMY__ 0.9357227821799304 neg 0.035463602617963975 off 0.028813615202105576	false	1.0
einschrumpfen	neg 1.0		__DUMMY__ 0.9357080340230306 neg 0.03258905520382652 off 0.03170291077314279	false	1.0
riskant	neg 1.0		__DUMMY__ 0.9406838700341089 neg 0.03289941257482573 off 0.026416717391065398	false	1.0
frustrieren	neg 1.0		__DUMMY__ 0.940348267936341 neg 0.033225009866503036 off 0.02642672219715596	false	1.0
groll	neg 1.0		__DUMMY__ 0.9393054848612685 neg 0.03320460411515367 off 0.0274899110235778	false	1.0
gibt			__DUMMY__ 0.9401416424097997 neg 0.03216023449110005 off 0.027698123099100243	false	0.0
qualvoll	neg 1.0		__DUMMY__ 0.9407701151403622 off 0.0300060196585978 neg 0.02922386520103993	false	0.5
wackeln	neg 1.0		__DUMMY__ 0.9424650362180337 off 0.028856159512713277 neg 0.02867880426925307	false	0.5
klagen	neg 1.0		__DUMMY__ 0.9394685077291027 neg 0.0350463196054103 off 0.025485172665487037	false	1.0
bankrott	neg 1.0		__DUMMY__ 0.9394256306356656 off 0.03160682557741122 neg 0.028967543786923178	false	0.5
trauern	neg 1.0		__DUMMY__ 0.9411171253897664 neg 0.032376323587139676 off 0.026506551023093832	false	1.0
ablehnung	neg 1.0	neg 1.0	neg 0.5019774046610982 __DUMMY__ 0.47192529283114376 off 0.026097302507757932	false	1.0
stur	neg 1.0		__DUMMY__ 0.938894748851538 neg 0.03145400454140725 off 0.02965124660705465	false	1.0
aufruhr	neg 1.0		__DUMMY__ 0.9367552789495227 neg 0.03357173124656084 off 0.029672989803916375	false	1.0
melancholie	neg 1.0		__DUMMY__ 0.9439315977249884 neg 0.029415272659409717 off 0.026653129615601876	false	1.0
ist			__DUMMY__ 0.9389539553415545 neg 0.031326815437114956 off 0.029719229221330606	false	0.0
torheit	neg 1.0		__DUMMY__ 0.9348450493242019 neg 0.03487297205097802 off 0.030281978624820023	false	1.0
dreckskind	off 1.0		__DUMMY__ 0.9326174616922522 off 0.036184296951544265 neg 0.031198241356203457	false	1.0
umtauschen	neg 1.0		__DUMMY__ 0.9421519997289634 neg 0.029974611196185507 off 0.02787338907485117	false	1.0
zum			__DUMMY__ 0.9461771909811351 neg 0.030595072750865527 off 0.0232277362679995	false	0.0
zersetzen	neg 1.0		__DUMMY__ 0.9403059746630519 neg 0.03376122369703255 off 0.02593280163991555	false	1.0
zur			__DUMMY__ 0.9415363162588896 neg 0.03474626993555541 off 0.02371741380555504	false	0.0
frust	neg 1.0		__DUMMY__ 0.94060946762763 neg 0.031652672043266494 off 0.027737860329103525	false	1.0
unerbittlichkeit	neg 1.0		__DUMMY__ 0.9401368586173757 neg 0.033282425119440164 off 0.02658071626318405	false	1.0
zwei			__DUMMY__ 0.944688642395141 neg 0.03085882455532771 off 0.02445253304953132	false	0.0
unkorrekt	neg 1.0		__DUMMY__ 0.9344855042426856 off 0.03317456036642822 neg 0.03233993539088614	false	0.5
hexe	off 1.0		__DUMMY__ 0.93921145500341 off 0.031634450020347225 neg 0.029154094976242773	false	1.0
lasch	neg 1.0		__DUMMY__ 0.9372242106817634 neg 0.03167117033197152 off 0.031104618986265018	false	1.0
rivale	neg 1.0		__DUMMY__ 0.9356777331880741 off 0.03470512446345299 neg 0.029617142348472902	false	0.5
mutlos	off 1.0	off 1.0	off 0.4948245392143841 __DUMMY__ 0.4740200412417752 neg 0.03115541954384068	false	1.0
wirr	off 1.0		__DUMMY__ 0.9352683602231222 off 0.034056094263065 neg 0.030675545513812772	false	1.0
jahr			__DUMMY__ 0.9436262549322627 neg 0.030440563223834902 off 0.025933181843902448	false	0.0
wird			__DUMMY__ 0.9405223485673689 neg 0.03277665601728725 off 0.026700995415343803	false	0.0
strafbar	neg 1.0		__DUMMY__ 0.9375550636961028 neg 0.0355217130982502 off 0.026923223205647082	false	1.0
erosion	neg 1.0		__DUMMY__ 0.941083240715729 off 0.029606984342215373 neg 0.029309774942055628	false	0.5
eingehen	neg 1.0		__DUMMY__ 0.9392032242781736 neg 0.03361928386771948 off 0.02717749185410695	false	1.0
faul	off 1.0		__DUMMY__ 0.9408595727078897 off 0.03094937477194058 neg 0.028191052520169745	false	1.0
provisorium	neg 1.0		__DUMMY__ 0.946114593699631 neg 0.032815645123283894 off 0.0210697611770851	false	1.0
schmerzen	neg 1.0		__DUMMY__ 0.9420170314992141 neg 0.030599488960654935 off 0.027383479540130883	false	1.0
schrumpfen	neg 1.0		__DUMMY__ 0.9430911648291059 neg 0.03348848447852468 off 0.023420350692369387	false	1.0
geistlos	off 1.0		__DUMMY__ 0.9342751659629863 neg 0.034372270724262695 off 0.031352563312751	false	0.5
fehlkauf	neg 1.0		__DUMMY__ 0.9378572326249748 neg 0.031335958433961524 off 0.030806808941063687	false	1.0
frustrierend	neg 1.0		__DUMMY__ 0.9391194580632449 off 0.03093526885660793 neg 0.029945273080147078	false	0.5
unzufrieden	neg 1.0		__DUMMY__ 0.9395765202057932 neg 0.03307824232142491 off 0.027345237472781794	false	1.0
verzweifeln	neg 1.0		__DUMMY__ 0.9406878387776515 neg 0.030981540791870047 off 0.028330620430478494	false	1.0
verzweifelt	neg 1.0		__DUMMY__ 0.9389676895712344 neg 0.031490920253839746 off 0.029541390174925828	false	1.0
misstrauensantrag	neg 1.0		__DUMMY__ 0.936165601348768 neg 0.033161797447008694 off 0.03067260120422327	false	1.0
abfallen	neg 1.0		__DUMMY__ 0.9437232558636353 off 0.02867817107324288 neg 0.027598573063121887	false	0.5
fucker	off 1.0		__DUMMY__ 0.9357438319411021 off 0.034164605914174535 neg 0.030091562144723374	false	1.0
ungezogen	neg 1.0		__DUMMY__ 0.9354990550685232 off 0.037510665117694235 neg 0.026990279813782627	false	0.5
irrsinnig	neg 1.0	neg 1.0	neg 0.49980589106157447 __DUMMY__ 0.47348644264228346 off 0.02670766629614205	false	1.0
unfassbar	neg 1.0		__DUMMY__ 0.9384099465774892 off 0.031957686138775705 neg 0.029632367283735035	false	0.5
hart	neg 1.0		__DUMMY__ 0.9377153926205307 off 0.03185001967232477 neg 0.030434587707144512	false	0.5
widerlich	off 1.0		__DUMMY__ 0.9366357817026363 off 0.032644823231594004 neg 0.0307193950657696	false	1.0
fatal	neg 1.0		__DUMMY__ 0.9381641049426188 neg 0.031067863429819088 off 0.030768031627562097	false	1.0
bruch	neg 1.0		__DUMMY__ 0.9384621051601532 neg 0.03622817158153882 off 0.025309723258308027	false	1.0
aushungern	neg 1.0		__DUMMY__ 0.936381227525566 neg 0.033838230815520905 off 0.02978054165891304	false	1.0
anspannung	neg 1.0		__DUMMY__ 0.9445382711253123 neg 0.031265163648686076 off 0.024196565226001616	false	1.0
von			__DUMMY__ 0.9426988738071596 neg 0.0319522824963407 off 0.0253488436964997	false	0.0
kraftlos	neg 1.0		__DUMMY__ 0.9441807319315485 neg 0.02921676389931096 off 0.026602504169140524	false	1.0
vom			__DUMMY__ 0.945786479480937 neg 0.03252020603493264 off 0.021693314484130324	false	0.0
grenzdebil	off 1.0		__DUMMY__ 0.9385626184862405 off 0.032581626120274876 neg 0.028855755393484738	false	1.0
vor			__DUMMY__ 0.9426778532995663 neg 0.03238285514059703 off 0.024939291559836665	false	0.0
unterwerfen	neg 1.0		__DUMMY__ 0.9397846929023383 neg 0.03330033466042533 off 0.02691497243723639	false	1.0
versenkung	neg 1.0		__DUMMY__ 0.9400740465330368 neg 0.03332151590874851 off 0.026604437558214657	false	1.0
entziehen	neg 1.0		__DUMMY__ 0.9403432465637063 neg 0.034526178555684975 off 0.02513057488060875	false	1.0
finanzkrise	neg 1.0		__DUMMY__ 0.9363387048686183 neg 0.03453118235449141 off 0.029130112776890392	false	1.0
schimpfend	neg 1.0		__DUMMY__ 0.9447414125481925 off 0.028979481140396106 neg 0.026279106311411348	false	0.5
profan	neg 1.0		__DUMMY__ 0.9393301734726108 neg 0.03062845370940954 off 0.030041372817979594	false	1.0
korruption	neg 1.0		__DUMMY__ 0.9363933075228625 neg 0.035510771374205136 off 0.028095921102932287	false	1.0
â			__DUMMY__ 0.9414918050581969 neg 0.03137511544918191 off 0.027133079492621236	false	0.0
schmutzig	neg 1.0		__DUMMY__ 0.9408131794981278 off 0.03206284473760031 neg 0.02712397576427185	false	0.5
sexy	neg 1.0		__DUMMY__ 0.9388126844496407 off 0.03150890834103113 neg 0.029678407209328135	false	0.5
abraten	neg 1.0		__DUMMY__ 0.9402742859673822 neg 0.030405752546978384 off 0.02931996148563942	false	1.0
schwarz	neg 1.0		__DUMMY__ 0.9384729668292969 neg 0.03140361053096547 off 0.030123422639737482	false	1.0
fotze	off 1.0		__DUMMY__ 0.9386025478008241 neg 0.033364632487950775 off 0.028032819711225152	false	0.5
verwirren	neg 1.0		__DUMMY__ 0.9388403174889716 off 0.030658752185578727 neg 0.030500930325449746	false	0.5
zahnlos	off 1.0		__DUMMY__ 0.9379184969921528 neg 0.034432025780863525 off 0.027649477226983778	false	0.5
verheeren	neg 1.0		__DUMMY__ 0.9329556963074002 off 0.0394152959921518 neg 0.027629007700448027	false	0.5
hippie	neg 1.0		__DUMMY__ 0.938491458134332 off 0.03145121059808713 neg 0.030057331267580936	false	0.5
rammen	neg 1.0		__DUMMY__ 0.9393790693785582 neg 0.03043677589408601 off 0.03018415472735588	false	1.0
unlauter	neg 1.0	neg 1.0	neg 0.5000763394975832 __DUMMY__ 0.47199382996416 off 0.027929830538256734	false	1.0
unheilvoll	neg 1.0		__DUMMY__ 0.9407419561643872 neg 0.029662489027814834 off 0.02959555480779798	false	1.0
niedrig	neg 1.0		__DUMMY__ 0.9393538274275398 neg 0.03367834598232487 off 0.026967826590135312	false	1.0
explosion	neg 1.0		__DUMMY__ 0.9396729595894686 off 0.030926255956339584 neg 0.02940078445419187	false	0.5
weichei	off 1.0		__DUMMY__ 0.9354893130836631 off 0.03578702520189869 neg 0.028723661714438246	false	1.0
minusmensch	off 1.0		__DUMMY__ 0.930053338691779 off 0.039496026125076536 neg 0.030450635183144524	false	1.0
farblos	neg 1.0		__DUMMY__ 0.9405281891045143 neg 0.030474241613097214 off 0.028997569282388502	false	1.0
unwissend	neg 1.0		__DUMMY__ 0.9371419750175862 off 0.032037425092279706 neg 0.030820599890134057	false	0.5
traurig	neg 1.0		__DUMMY__ 0.9385325948096531 off 0.0336515165787834 neg 0.027815888611563443	false	0.5
senkung	neg 1.0		__DUMMY__ 0.9385004024656683 off 0.03081750154967241 neg 0.03068209598465918	false	0.5
ungleich	neg 1.0	neg 1.0	neg 0.5014704460666353 __DUMMY__ 0.47418115537278316 off 0.02434839856058166	false	1.0
heikel	neg 1.0		__DUMMY__ 0.9402477488225625 neg 0.03394007038832201 off 0.025812180789115544	false	1.0
drosselung	neg 1.0		__DUMMY__ 0.9386744611192734 off 0.03369017238891423 neg 0.02763536649181232	false	0.5
falsch	neg 1.0		__DUMMY__ 0.9384082463605861 off 0.031251844682484126 neg 0.030339908956929847	false	0.5
unzufriedenheit	neg 1.0		__DUMMY__ 0.9403758970832329 neg 0.033774800411021676 off 0.02584930250574547	false	1.0
kurz	neg 1.0		__DUMMY__ 0.9429684249945666 neg 0.02975242636432025 off 0.027279148641113186	false	1.0
unsinnig	neg 1.0		__DUMMY__ 0.9389251221916738 neg 0.033471443997113055 off 0.027603433811213152	false	1.0
penner	off 1.0	off 1.0	off 0.503736936779617 __DUMMY__ 0.47121897334214524 neg 0.025044089878237794	false	1.0
seicht	neg 1.0		__DUMMY__ 0.9328986330516124 off 0.03786001862219258 neg 0.029241348326195092	false	0.5
dummheit	off 1.0	off 1.0	off 0.4979318157289289 __DUMMY__ 0.4728093846851814 neg 0.029258799585889648	false	1.0
unerfreulich	neg 1.0		__DUMMY__ 0.9413938046589932 neg 0.03331047224148212 off 0.025295723099524586	false	1.0
motherfucker	off 1.0	off 1.0	off 0.5011867815765915 __DUMMY__ 0.4716371330029312 neg 0.027176085420477322	false	1.0
pikiert	neg 1.0		__DUMMY__ 0.937371237008675 off 0.031786720597587935 neg 0.03084204239373716	false	0.5
wrack	neg 1.0		__DUMMY__ 0.9408158471564655 neg 0.03216590445812896 off 0.027018248385405563	false	1.0
gangster	neg 1.0		__DUMMY__ 0.9387460054099224 off 0.030838106763766564 neg 0.03041588782631107	false	0.5
krank	neg 1.0		__DUMMY__ 0.9400999309179646 off 0.0322078631842877 neg 0.027692205897747672	false	0.5
reich	neg 1.0		__DUMMY__ 0.9332037325823975 neg 0.033994086670916975 off 0.03280218074668558	false	1.0
gnadenlos	neg 1.0		__DUMMY__ 0.9387172576664098 neg 0.03176031050150039 off 0.029522431832089878	false	1.0
niedergeschlagen	neg 1.0		__DUMMY__ 0.941423941013528 neg 0.03091448137017756 off 0.027661577616294463	false	1.0
terrorisieren	off 1.0	off 1.0	off 0.4943859955788114 __DUMMY__ 0.47582838597352084 neg 0.029785618447667757	false	1.0
sinnlosigkeit	neg 1.0		__DUMMY__ 0.9387386329034522 neg 0.033660223211767995 off 0.02760114388477988	false	1.0
behindern	neg 1.0		__DUMMY__ 0.9414092826730852 neg 0.030142197009336593 off 0.02844852031757817	false	1.0
undemokratisch	neg 1.0		__DUMMY__ 0.935394352207435 neg 0.03413623944253186 off 0.030469408350033103	false	1.0
wirtschaftskrise	neg 1.0		__DUMMY__ 0.9381189224987178 neg 0.03399556083424369 off 0.02788551666703866	false	1.0
neid	neg 1.0		__DUMMY__ 0.9413942119021194 off 0.030602428415724515 neg 0.028003359682156132	false	0.5
rutschen	neg 1.0		__DUMMY__ 0.9477516275555109 neg 0.029032561851103717 off 0.023215810593385334	false	1.0
rezession	neg 1.0		__DUMMY__ 0.9338106756741162 off 0.0354663579558404 neg 0.030722966370043358	false	0.5
fehlgeburt	neg 1.0		__DUMMY__ 0.9409682395738128 neg 0.030181016451303028 off 0.028850743974884234	false	1.0
charakterschwach	off 1.0		__DUMMY__ 0.9367737190838409 off 0.03261937349591692 neg 0.030606907420242156	false	1.0
isolation	neg 1.0		__DUMMY__ 0.9381443864716194 off 0.03206971570415173 neg 0.029785897824229024	false	0.5
ablenkung	neg 1.0		__DUMMY__ 0.9408044088631893 neg 0.030374097280856358 off 0.028821493855954464	false	1.0
pech	neg 1.0		__DUMMY__ 0.9397987672601321 off 0.030179375286377073 neg 0.030021857453490768	false	0.5
vermeidung	neg 1.0		__DUMMY__ 0.9397572313435587 off 0.03288438065105506 neg 0.02735838800538629	false	0.5
dominieren	neg 1.0		__DUMMY__ 0.9383970213085282 neg 0.0335301936094629 off 0.02807278508200885	false	1.0
schwindlig	neg 1.0		__DUMMY__ 0.9415951023135742 off 0.02985827121914423 neg 0.02854662646728154	false	0.5
lutscher	neg 1.0		__DUMMY__ 0.9332077861132708 off 0.03802635721963266 neg 0.028765856667096582	false	0.5
pflicht	neg 1.0		__DUMMY__ 0.9399726187478383 neg 0.034126956924583 off 0.02590042432757873	false	1.0
faschist	off 1.0		__DUMMY__ 0.9357075122950657 neg 0.03321392699628634 off 0.031078560708648065	false	0.5
verschleudern	neg 1.0		__DUMMY__ 0.9376532813005357 neg 0.03489087700471663 off 0.027455841694747733	false	1.0
wenn			__DUMMY__ 0.9383844260369592 off 0.031242023998167362 neg 0.030373549964873545	false	0.0
ehebruch	neg 1.0		__DUMMY__ 0.9390184290474806 neg 0.03370423316827977 off 0.0272773377842397	false	1.0
spott	off 1.0		__DUMMY__ 0.9393125891907759 neg 0.033829565186890925 off 0.02685784562233326	false	0.5
trostlosigkeit	neg 1.0		__DUMMY__ 0.9375843515524378 neg 0.03627339527259985 off 0.026142253174962302	false	1.0
lutschen	neg 1.0		__DUMMY__ 0.9364142438884308 off 0.03192648275029176 neg 0.03165927336127748	false	0.5
undiszipliniert	neg 1.0		__DUMMY__ 0.9378153872367027 off 0.03323921130622428 neg 0.028945401457073035	false	0.5
kopfschmerz	neg 1.0		__DUMMY__ 0.941295372534735 neg 0.030730498409478144 off 0.027974129055786764	false	1.0
unvorhergesehen	neg 1.0		__DUMMY__ 0.9438735146831267 neg 0.029175724579710842 off 0.026950760737162394	false	1.0
desinteressiert	neg 1.0		__DUMMY__ 0.9368092723356971 off 0.03326022745994678 neg 0.02993050020435614	false	0.5
armselig	off 1.0		__DUMMY__ 0.9358047761679585 off 0.03408178982888556 neg 0.03011343400315592	false	1.0
desaster	neg 1.0		__DUMMY__ 0.9380037310184183 neg 0.03689811400822181 off 0.025098154973359994	false	1.0
tod	neg 1.0		__DUMMY__ 0.9388420809938997 neg 0.03446692345806792 off 0.026690995548032368	false	1.0
herzlos	neg 1.0		__DUMMY__ 0.9381830898142883 off 0.03420030814546529 neg 0.027616602040246428	false	0.5
unwissenheit	neg 1.0		__DUMMY__ 0.9387112278345361 neg 0.03362738388257938 off 0.02766138828288459	false	1.0
widersinnig	neg 1.0		__DUMMY__ 0.9349969576136666 neg 0.036238019217286234 off 0.02876502316904718	false	1.0
bedenklich	neg 1.0		__DUMMY__ 0.9398089523765286 neg 0.03368975893185015 off 0.02650128869162132	false	1.0
beanstanden	neg 1.0		__DUMMY__ 0.9400023812181221 neg 0.03444058521501644 off 0.025557033566861523	false	1.0
panisch	neg 1.0	neg 1.0	neg 0.4947656999622073 __DUMMY__ 0.47848831728765384 off 0.02674598275013884	false	1.0
debil	off 1.0		__DUMMY__ 0.9426017363837961 neg 0.03407620021425106 off 0.023322063401952864	false	0.5
abstrich	neg 1.0		__DUMMY__ 0.9445100926479146 off 0.027751518793143134 neg 0.027738388558942225	false	0.5
primitiv	neg 1.0		__DUMMY__ 0.9363189442592821 off 0.033057465124338256 neg 0.03062359061637961	false	0.5
abschaum	off 1.0	off 1.0	off 0.49946608010967963 __DUMMY__ 0.4720034392776444 neg 0.028530480612675938	false	1.0
provozieren	neg 1.0		__DUMMY__ 0.9378483134471344 neg 0.03291925563894689 off 0.029232430913918805	false	1.0
tot	neg 1.0		__DUMMY__ 0.9397226538727944 neg 0.032436201849371224 off 0.0278411442778344	false	1.0
instabil	neg 1.0		__DUMMY__ 0.9336284071232864 off 0.034812594868455955 neg 0.03155899800825768	false	0.5
schwuchtel	off 1.0		__DUMMY__ 0.9294487392109928 off 0.04194894252238067 neg 0.028602318266626497	false	1.0
zerren	neg 1.0		__DUMMY__ 0.9409213262608409 neg 0.03135900374208563 off 0.027719669997073485	false	1.0
kinderficker	off 1.0		__DUMMY__ 0.9344268802149541 off 0.035614476421633526 neg 0.029958643363412307	false	1.0
gefahr	neg 1.0		__DUMMY__ 0.9385903782780339 neg 0.03430597757250134 off 0.02710364414946477	false	1.0
rabiat	neg 1.0		__DUMMY__ 0.9392973872220691 neg 0.031793581215817115 off 0.02890903156211377	false	1.0
verlangsamung	neg 1.0		__DUMMY__ 0.9336547371850988 off 0.03760129827570411 neg 0.028743964539196996	false	0.5
ausgestorben	neg 1.0		__DUMMY__ 0.9403178797694075 neg 0.031916622014084246 off 0.027765498216508318	false	1.0
anklagen	neg 1.0		__DUMMY__ 0.9386474618279195 neg 0.032459430040514034 off 0.02889310813156642	false	1.0
trott	neg 1.0		__DUMMY__ 0.940671165972146 neg 0.03069414968388169 off 0.02863468434397228	false	1.0
verminderung	neg 1.0		__DUMMY__ 0.9371187783892881 off 0.03358625099514097 neg 0.029294970615570824	false	0.5
nach			__DUMMY__ 0.9461990913130225 neg 0.030427107816382918 off 0.023373800870594597	false	0.0
rost	neg 1.0		__DUMMY__ 0.9349779439751371 off 0.03750316333850398 neg 0.027518892686358817	false	0.5
destruktiv	neg 1.0		__DUMMY__ 0.9376138479697149 neg 0.03383641890452083 off 0.028549733125764233	false	1.0
unzumutbarkeit	neg 1.0		__DUMMY__ 0.9388381021062789 off 0.03305411786768883 neg 0.02810778002603214	false	0.5
labil	off 1.0	off 1.0	off 0.5000516240690749 __DUMMY__ 0.4720320275041995 neg 0.027916348426725635	false	1.0
ziemlich	neg 1.0		__DUMMY__ 0.9382827044338228 off 0.0322932284491533 neg 0.02942406711702397	false	0.5
lachnummer	off 1.0		__DUMMY__ 0.9373821922391969 neg 0.03394964915715002 off 0.0286681586036531	false	0.5
oder			__DUMMY__ 0.9411684967065159 neg 0.030448368263442868 off 0.028383135030041185	false	0.0
verfall	neg 1.0		__DUMMY__ 0.9416226004279594 neg 0.03486730410984432 off 0.023510095462196238	false	1.0
ausgrenzung	neg 1.0		__DUMMY__ 0.9358817869049608 neg 0.03324322664817739 off 0.03087498644686171	false	1.0
unordnung	neg 1.0		__DUMMY__ 0.9343822555788124 off 0.034967874507239656 neg 0.03064986991394791	false	0.5
fehlverhalten	neg 1.0		__DUMMY__ 0.9385807325235093 neg 0.03468111675154232 off 0.02673815072494846	false	1.0
eine			__DUMMY__ 0.942312644895362 neg 0.03256372099748837 off 0.02512363410714968	false	0.0
nille	neg 1.0		__DUMMY__ 0.936937379925477 neg 0.03376962842909562 off 0.029292991645427383	false	1.0
qual	neg 1.0		__DUMMY__ 0.9403608232912399 neg 0.03099532945934628 off 0.02864384724941375	false	1.0
verschwenden	neg 1.0		__DUMMY__ 0.9406782485956785 neg 0.03287794241101648 off 0.02644380899330507	false	1.0
riesig	neg 1.0		__DUMMY__ 0.9422872914726126 neg 0.02972069060529593 off 0.027992017922091467	false	1.0
verurteilen	neg 1.0		__DUMMY__ 0.9382643773540676 neg 0.03382967987481073 off 0.02790594277112172	false	1.0
klischee	neg 1.0	neg 1.0	neg 0.499790010443791 __DUMMY__ 0.4718014577059496 off 0.028408531850259457	false	1.0
diktatorisch	neg 1.0		__DUMMY__ 0.9344414113472467 neg 0.03501151228707869 off 0.030547076365674546	false	1.0
vorhersehbar	neg 1.0		__DUMMY__ 0.9368490150120258 neg 0.03271603612620341 off 0.030434948861770863	false	1.0
sowie			__DUMMY__ 0.9335431485011618 off 0.0365862147462623 neg 0.029870636752575886	false	0.0
stornieren	neg 1.0		__DUMMY__ 0.9419378767063592 off 0.030231556818416765 neg 0.02783056647522398	false	0.5
besteuerung	neg 1.0		__DUMMY__ 0.9388187710112035 neg 0.031545337655029086 off 0.029635891333767428	false	1.0
ungeschminkt	neg 1.0		__DUMMY__ 0.9385641313697907 off 0.032303847990127164 neg 0.029132020640082152	false	0.5
kritisch	neg 1.0		__DUMMY__ 0.9386735245517345 neg 0.03444022795649815 off 0.026886247491767358	false	1.0
schlamperei	off 1.0		__DUMMY__ 0.9379563780800191 neg 0.03475190265447974 off 0.027291719265501266	false	0.5
sucht	neg 1.0	neg 1.0	neg 0.4937474720766695 __DUMMY__ 0.4790581875022948 off 0.027194340421035596	false	1.0
egoistisch	off 1.0		__DUMMY__ 0.9358240688961077 off 0.035866411503513634 neg 0.028309519600378617	false	1.0
ausbeuter	off 1.0		__DUMMY__ 0.938529057601429 neg 0.03493340533760534 off 0.026537537060965656	false	0.5
arschgeburt	off 1.0		__DUMMY__ 0.9294309656833217 off 0.04194543478168229 neg 0.02862359953499594	false	1.0
schubs	neg 1.0	neg 1.0	neg 0.4974742650063291 __DUMMY__ 0.47855086148069975 off 0.023974873512971104	false	1.0
unsolide	neg 1.0		__DUMMY__ 0.9302205471698638 neg 0.03692954706350841 off 0.03284990576662773	false	1.0
beschwerde	neg 1.0		__DUMMY__ 0.9379599258775561 neg 0.034301578112062636 off 0.027738496010381253	false	1.0
stocken	neg 1.0		__DUMMY__ 0.940791978350413 neg 0.032025721440702724 off 0.027182300208884305	false	1.0
isolieren	neg 1.0		__DUMMY__ 0.9425032484009902 neg 0.0291164465785864 off 0.02838030502042338	false	1.0
unheilbar	neg 1.0		__DUMMY__ 0.9404072927130495 neg 0.030121347380864267 off 0.029471359906086295	false	1.0
pisser	off 1.0		__DUMMY__ 0.9351829319166624 off 0.034676790674261077 neg 0.03014027740907664	false	1.0
löschen	neg 1.0		__DUMMY__ 0.9387976380027887 neg 0.031533037771651506 off 0.029669324225559783	false	1.0
durchfallen	neg 1.0		__DUMMY__ 0.939499980410173 neg 0.033675730309186185 off 0.026824289280640897	false	1.0
wichser	off 1.0		__DUMMY__ 0.9333200316712527 off 0.03895522659953912 neg 0.027724741729208233	false	1.0
terror	neg 1.0		__DUMMY__ 0.9399071870202814 off 0.030991435383435767 neg 0.029101377596282743	false	0.5
krass	neg 1.0		__DUMMY__ 0.9372573530963707 off 0.03411448242186278 neg 0.028628164481766524	false	0.5
revolte	neg 1.0	neg 1.0	neg 0.5018633634971462 __DUMMY__ 0.4691650930439188 off 0.028971543458935045	false	1.0
besorgt	neg 1.0		__DUMMY__ 0.9430807034536344 neg 0.029449762378014294 off 0.027469534168351368	false	1.0
nachlassen	neg 1.0		__DUMMY__ 0.9428077017062283 neg 0.029895505255692175 off 0.027296793038079428	false	1.0
alt	neg 1.0		__DUMMY__ 0.9432589387884993 neg 0.03142235013612317 off 0.02531871107537761	false	1.0
hundesohn	off 1.0		__DUMMY__ 0.9314099241797532 off 0.03885577021033156 neg 0.029734305609915218	false	1.0
als			__DUMMY__ 0.941189165535294 neg 0.03163459872632277 off 0.027176235738383157	false	0.0
abschreckung	neg 1.0		__DUMMY__ 0.9396405204312678 neg 0.03453187169929327 off 0.025827607869438943	false	1.0
unqualifiziert	neg 1.0		__DUMMY__ 0.9369911951567128 neg 0.03235739721798387 off 0.03065140762530335	false	1.0
abgewichst	off 1.0		__DUMMY__ 0.9394111310668977 neg 0.032239081856616975 off 0.02834978707648534	false	0.5
schwer	neg 1.0		__DUMMY__ 0.9404010131962182 neg 0.03119437545564322 off 0.028404611348138594	false	1.0
bedeutungslosigkeit	neg 1.0		__DUMMY__ 0.9387904738874515 neg 0.03492590668853356 off 0.02628361942401482	false	1.0
kapitulation	neg 1.0		__DUMMY__ 0.9359344092348618 neg 0.03614435821115707 off 0.027921232553981074	false	1.0
unscharf	neg 1.0		__DUMMY__ 0.9398206817633213 off 0.030143243463749355 neg 0.030036074772929345	false	0.5
schwinden	neg 1.0		__DUMMY__ 0.9419349456598723 neg 0.031813818125572484 off 0.026251236214555183	false	1.0
versklavung	neg 1.0		__DUMMY__ 0.9355036116633536 neg 0.03424420846225772 off 0.030252179874388618	false	1.0
schlecht	neg 1.0		__DUMMY__ 0.9386011464062177 off 0.03256189675550193 neg 0.028836956838280418	false	0.5
verhasst	neg 1.0		__DUMMY__ 0.9373459897832906 neg 0.03335403414162493 off 0.02929997607508436	false	1.0
beschweren	neg 1.0		__DUMMY__ 0.9396878512342366 neg 0.030519169440824917 off 0.029792979324938452	false	1.0
scheiden	neg 1.0		__DUMMY__ 0.9404021770593959 neg 0.03164253034994746 off 0.027955292590656655	false	1.0
frustriert	neg 1.0		__DUMMY__ 0.9400522434398754 neg 0.03204964939003676 off 0.02789810717008785	false	1.0
schimmelig	neg 1.0		__DUMMY__ 0.9406960419679671 neg 0.033252092519340526 off 0.026051865512692323	false	1.0
fisch	neg 1.0		__DUMMY__ 0.9411978542216963 neg 0.03248861108055507 off 0.026313534697748563	false	1.0
schmuggel	neg 1.0		__DUMMY__ 0.9435750130571451 neg 0.030743524678159193 off 0.025681462264695837	false	1.0
auffallen	neg 1.0		__DUMMY__ 0.9390250335932548 neg 0.03088388662954922 off 0.030091079777196023	false	1.0
konkurrenz	neg 1.0		__DUMMY__ 0.9411976289237912 neg 0.033372965349550594 off 0.025429405726658225	false	1.0
teufelskreis	neg 1.0		__DUMMY__ 0.9393828128164246 neg 0.032425629563894436 off 0.02819155761968099	false	1.0
aufschreien	neg 1.0		__DUMMY__ 0.9375110824268883 neg 0.032241007879485944 off 0.03024790969362574	false	1.0
schuldner	neg 1.0		__DUMMY__ 0.9389104507501759 neg 0.03425010739178885 off 0.026839441858035305	false	1.0
missgeburt	off 1.0	off 1.0	off 0.5032433384951625 __DUMMY__ 0.4690263339499428 neg 0.02773032755489466	false	1.0
arbeitslos	neg 1.0		__DUMMY__ 0.9385279626911555 neg 0.033840025153420016 off 0.027632012155424573	false	1.0
befallen	neg 1.0		__DUMMY__ 0.9381106773939067 neg 0.0340348674124142 off 0.027854455193679097	false	1.0
miesepetrig	off 1.0		__DUMMY__ 0.9406019445259134 off 0.0319252007382722 neg 0.02747285473581434	false	1.0
alarmieren	neg 1.0		__DUMMY__ 0.9363758854693555 off 0.03246253155508796 neg 0.031161582975556556	false	0.5
ungeduscht	off 1.0		__DUMMY__ 0.9397029211170577 neg 0.030176309088538637 off 0.0301207697944037	false	0.5
knappheit	neg 1.0		__DUMMY__ 0.9391460095366546 neg 0.03314738900388781 off 0.02770660145945756	false	1.0
schlange	neg 1.0		__DUMMY__ 0.9412453137129497 off 0.029378293295115532 neg 0.02937639299193479	false	0.5
harsch	neg 1.0		__DUMMY__ 0.9381039816905254 off 0.036362172039169145 neg 0.025533846270305367	false	0.5
lang	neg 1.0		__DUMMY__ 0.9398267989475783 neg 0.03052682668909948 off 0.029646374363322275	false	1.0
ziellos	neg 1.0		__DUMMY__ 0.9407046016226764 neg 0.032315135195033824 off 0.02698026318228977	false	1.0
selbstverliebt	neg 1.0		__DUMMY__ 0.9302635513022215 off 0.04001331628490822 neg 0.029723132412870338	false	0.5
beseitigen	neg 1.0		__DUMMY__ 0.9405836591217417 neg 0.030087548466898727 off 0.029328792411359564	false	1.0
dumm	off 1.0		__DUMMY__ 0.9348449642439408 off 0.03637002241577336 neg 0.028785013340285798	false	1.0
arbeitsloser	neg 1.0		__DUMMY__ 0.9390041078899432 neg 0.033891738123586986 off 0.02710415398646979	false	1.0
blitzen	neg 1.0		__DUMMY__ 0.9387408758562504 off 0.03137304495321096 neg 0.02988607919053867	false	0.5
hilflos	neg 1.0		__DUMMY__ 0.9404784694432688 neg 0.03197546444629148 off 0.027546066110439638	false	1.0
eklig	off 1.0		__DUMMY__ 0.9339243275968906 off 0.03689685614308904 neg 0.029178816260020356	false	1.0
begriff			__DUMMY__ 0.9395841328208587 neg 0.032451969618717005 off 0.02796389756042417	false	0.0
hungersnot	neg 1.0		__DUMMY__ 0.9358745297155947 neg 0.03482074483188806 off 0.02930472545251728	false	1.0
ungesetzlich	neg 1.0		__DUMMY__ 0.9339111296763473 neg 0.034602854540049494 off 0.031486015783603195	false	1.0
verschwendung	neg 1.0		__DUMMY__ 0.9408398508693417 neg 0.033214551070668306 off 0.02594559805998995	false	1.0
schmerzvoll	neg 1.0		__DUMMY__ 0.939856269282014 neg 0.030419690903355903 off 0.02972403981463006	false	1.0
vorzeitig	neg 1.0		__DUMMY__ 0.9379360434294872 off 0.03238129501019263 neg 0.029682661560320147	false	0.5
unvollkommenheit	neg 1.0		__DUMMY__ 0.9404276744233268 neg 0.030666071393162027 off 0.028906254183511247	false	1.0
intervenieren	neg 1.0		__DUMMY__ 0.9381348583372766 neg 0.035035762870495785 off 0.026829378792227555	false	1.0
banause	off 1.0		__DUMMY__ 0.93375335446477 off 0.037867875093748164 neg 0.028378770441481863	false	1.0
rebell	neg 1.0		__DUMMY__ 0.9426671467980932 neg 0.032456760387076386 off 0.024876092814830466	false	1.0
unlogisch	neg 1.0		__DUMMY__ 0.9355431892963388 off 0.03407850844725139 neg 0.03037830225640974	false	0.5
leiden	neg 1.0	neg 1.0	neg 0.4935378956510366 __DUMMY__ 0.48405069583349664 off 0.022411408515466743	false	1.0
abschaffung	neg 1.0		__DUMMY__ 0.9369379213703061 neg 0.03328042535936476 off 0.029781653270329136	false	1.0
sturz	neg 1.0		__DUMMY__ 0.937190049542117 neg 0.03267797429217517 off 0.030131976165707786	false	1.0
verkleinerung	neg 1.0		__DUMMY__ 0.9342104834558282 neg 0.03391371086258803 off 0.03187580568158378	false	1.0
schmarotzer	off 1.0		__DUMMY__ 0.9378554321500193 neg 0.03473851153412595 off 0.02740605631585469	false	0.5
bestrafung	neg 1.0		__DUMMY__ 0.9390927045471172 neg 0.03112046019031935 off 0.029786835262563437	false	1.0
achtlos	neg 1.0		__DUMMY__ 0.94106091005942 neg 0.03063958159917087 off 0.028299508341409114	false	1.0
