unsolidarisch	neg 1.0		__DUMMY__ 0.48819890389817394 neg 0.27026291683683556 off 0.24153817926499055	false	1.0
nachteilig	neg 1.0		__DUMMY__ 0.4932028035657126 neg 0.26769206397874706 off 0.23910513245554033	false	1.0
skeptisch	neg 1.0		__DUMMY__ 0.49480437920195947 neg 0.2687253244876066 off 0.23647029631043393	false	1.0
schrecklich	neg 1.0		__DUMMY__ 0.4907933091024689 neg 0.25848043560940276 off 0.2507262552881285	false	1.0
schlapp	neg 1.0		__DUMMY__ 0.49426275479090165 neg 0.2588535820834946 off 0.24688366312560384	false	1.0
abfall	neg 1.0		__DUMMY__ 0.4957607382086187 neg 0.2692975332651631 off 0.2349417285262184	false	1.0
widerspenstig	neg 1.0		__DUMMY__ 0.49585094051654993 neg 0.2619010171245556 off 0.2422480423588945	false	1.0
abrupt	neg 1.0		__DUMMY__ 0.49719452175244716 neg 0.2616315652376559 off 0.24117391300989693	false	1.0
unwirksam	neg 1.0		__DUMMY__ 0.488674830306872 neg 0.2696531451341679 off 0.24167202455896017	false	1.0
angreifen	neg 1.0		__DUMMY__ 0.49355920690176974 neg 0.2687467577119497 off 0.23769403538628048	false	1.0
inkonsistent	neg 1.0		__DUMMY__ 0.49256024080942556 neg 0.2629348084687431 off 0.24450495072183132	false	1.0
abrutschen	neg 1.0		__DUMMY__ 0.4962511219910348 neg 0.26856737693496746 off 0.23518150107399774	false	1.0
unsicher	neg 1.0		__DUMMY__ 0.49415732690930547 neg 0.2639162317056259 off 0.24192644138506877	false	1.0
bauernkind	off 1.0		__DUMMY__ 0.4871461321365841 neg 0.2592117263409515 off 0.25364214152246445	false	0.5
angreifer	neg 1.0		__DUMMY__ 0.4907262993667825 neg 0.26424393440923544 off 0.24502976622398218	false	1.0
trennen	neg 1.0		__DUMMY__ 0.497295661119673 neg 0.26486843860769294 off 0.23783590027263407	false	1.0
schmutz	neg 1.0		__DUMMY__ 0.49605341340429143 neg 0.2554823116892046 off 0.24846427490650394	false	1.0
inkonsistenz	neg 1.0	neg 1.0	neg 0.6202812006986989 __DUMMY__ 0.2406645714535521 off 0.13905422784774907	false	1.0
erschreckend	neg 1.0		__DUMMY__ 0.49310600061093063 neg 0.2664789244270916 off 0.24041507496197784	false	1.0
ertrinken	neg 1.0		__DUMMY__ 0.49617053943007383 neg 0.26485287746574837 off 0.23897658310417763	false	1.0
pickelface	off 1.0		__DUMMY__ 0.49148202928441265 neg 0.26590626449415994 off 0.24261170622142736	false	0.5
seiner			__DUMMY__ 0.49438906888047723 neg 0.2679639821476971 off 0.23764694897182562	false	0.0
lauch	neg 1.0		__DUMMY__ 0.4954258584515983 neg 0.26812397458940285 off 0.23645016695899876	false	1.0
unwichtig	neg 1.0		__DUMMY__ 0.4920301841152424 neg 0.2615289910797094 off 0.24644082480504825	false	1.0
steuerhinterziehung	neg 1.0		__DUMMY__ 0.48999015615885066 neg 0.26947050333494127 off 0.24053934050620815	false	1.0
schock	neg 1.0		__DUMMY__ 0.4967890978179051 neg 0.2622820354288015 off 0.24092886675329334	false	1.0
beule	neg 1.0		__DUMMY__ 0.4934258214767511 neg 0.2584679599662126 off 0.2481062185570364	false	1.0
vergelten	neg 1.0		__DUMMY__ 0.48896671601908925 neg 0.25892054679421145 off 0.25211273718669924	false	1.0
verdorbenheit	neg 1.0		__DUMMY__ 0.49445492548632913 neg 0.26194344547117565 off 0.2436016290424953	false	1.0
trauma	neg 1.0		__DUMMY__ 0.4929170365537409 neg 0.26322243233158366 off 0.24386053111467554	false	1.0
sinnlos	neg 1.0		__DUMMY__ 0.4930267620908621 neg 0.26287137127434995 off 0.24410186663478778	false	1.0
fettsack	off 1.0	off 1.0	off 0.61353193139283 __DUMMY__ 0.2393486472047197 neg 0.14711942140245016	false	1.0
feige	off 1.0		__DUMMY__ 0.4907718065686308 neg 0.2634856735168363 off 0.2457425199145329	false	0.5
abdanken	neg 1.0		__DUMMY__ 0.48832529598152674 neg 0.27141525525034477 off 0.24025944876812858	false	1.0
wichtigtuer	off 1.0	off 1.0	off 0.6082010813452265 __DUMMY__ 0.2408363308509774 neg 0.1509625878037961	false	1.0
misslingen	neg 1.0		__DUMMY__ 0.49629573668645194 neg 0.25852793586875783 off 0.2451763274447902	false	1.0
untreu	off 1.0		__DUMMY__ 0.4919733425981285 neg 0.2607766647813196 off 0.24724999262055178	false	0.5
missmutig	neg 1.0		__DUMMY__ 0.4940743638257653 neg 0.25970335019373963 off 0.24622228598049503	false	1.0
hurenbock	off 1.0		__DUMMY__ 0.4959575224915908 neg 0.25968335941631765 off 0.24435911809209168	false	0.5
betrunken	neg 1.0		__DUMMY__ 0.49281369263303787 neg 0.25813569092144956 off 0.24905061644551263	false	1.0
korrupt	off 1.0		__DUMMY__ 0.49008804051668153 neg 0.27082403370283686 off 0.23908792578048169	false	0.5
unmut	neg 1.0		__DUMMY__ 0.4944373856341547 neg 0.27009398971065685 off 0.2354686246551886	false	1.0
hackfresse	off 1.0		__DUMMY__ 0.48947673688505733 neg 0.2563591351876309 off 0.25416412792731186	false	0.5
aufblasen	neg 1.0		__DUMMY__ 0.49506830013936903 neg 0.2612161227291813 off 0.24371557713144967	false	1.0
gewaltsam	neg 1.0		__DUMMY__ 0.4908930752859712 neg 0.26627618837888734 off 0.24283073633514152	false	1.0
unbeliebtheit	neg 1.0		__DUMMY__ 0.4870576838393857 neg 0.2648377575944735 off 0.24810455856614075	false	1.0
sturheit	neg 1.0		__DUMMY__ 0.49225509961548297 neg 0.2671968487287994 off 0.24054805165571758	false	1.0
kuh	neg 1.0		__DUMMY__ 0.4920189867176896 neg 0.26437914023903913 off 0.24360187304327124	false	1.0
erschrecken	neg 1.0		__DUMMY__ 0.49336226112794324 neg 0.2609889645824261 off 0.24564877428963064	false	1.0
opfer	neg 1.0		__DUMMY__ 0.49407620091017174 neg 0.2675312970047901 off 0.23839250208503818	false	1.0
sinken	neg 1.0		__DUMMY__ 0.4945390648956213 neg 0.2692105052471935 off 0.2362504298571852	false	1.0
stinktier	neg 1.0		__DUMMY__ 0.48913939287462266 neg 0.26001159147566294 off 0.2508490156497144	false	1.0
tucke	off 1.0		__DUMMY__ 0.4904936561139569 off 0.2551033592496802 neg 0.254402984636363	false	1.0
ein			__DUMMY__ 0.49601149760687097 neg 0.26094299274499133 off 0.24304550964813754	false	0.0
abstieg	neg 1.0		__DUMMY__ 0.4921365765552997 neg 0.2679193491928999 off 0.2399440742518004	false	1.0
missverstehen	neg 1.0		__DUMMY__ 0.49109651871040316 neg 0.26542506310994135 off 0.24347841817965554	false	1.0
ergebnislos	neg 1.0		__DUMMY__ 0.4926611995018652 neg 0.2678288449140683 off 0.23950995558406654	false	1.0
unter			__DUMMY__ 0.4998760267812466 neg 0.2680399526789075 off 0.232084020539846	false	0.0
manipulieren	neg 1.0		__DUMMY__ 0.4947488487064514 neg 0.2672618287445178 off 0.23798932254903093	false	1.0
unbewiesen	neg 1.0		__DUMMY__ 0.4880771849278559 neg 0.27063683847968206 off 0.24128597659246204	false	1.0
verschleppen	neg 1.0		__DUMMY__ 0.4931989689632756 neg 0.26718843645135315 off 0.23961259458537132	false	1.0
weib	off 1.0		__DUMMY__ 0.48878273410311796 neg 0.25574287115259114 off 0.25547439474429096	false	0.5
opposition	neg 1.0		__DUMMY__ 0.48993894958820716 neg 0.2666618636670127 off 0.24339918674478	false	1.0
verkehrswidrig	neg 1.0		__DUMMY__ 0.49265463660332603 neg 0.2541876073332616 off 0.2531577560634124	false	1.0
inkorrekt	neg 1.0		__DUMMY__ 0.4882855046912136 neg 0.26483936422767257 off 0.24687513108111386	false	1.0
vermeiden	neg 1.0		__DUMMY__ 0.4981231312654224 neg 0.2675161638114038 off 0.2343607049231738	false	1.0
abweichung	neg 1.0		__DUMMY__ 0.4901939728265074 neg 0.27093347757579916 off 0.23887254959769333	false	1.0
alkoholisiert	neg 1.0		__DUMMY__ 0.4970577460635976 neg 0.26205124813519676 off 0.24089100580120565	false	1.0
scheiss	off 1.0	off 1.0	off 0.6112216658433799 __DUMMY__ 0.24154131177556415 neg 0.1472370223810559	false	1.0
herausforderung	neg 1.0		__DUMMY__ 0.4973417533373825 neg 0.2623622567257473 off 0.24029598993686999	false	1.0
pervers	off 1.0		__DUMMY__ 0.4874708550522751 off 0.2580317583060855 neg 0.25449738664163934	false	1.0
wackelig	neg 1.0		__DUMMY__ 0.4978376988845805 neg 0.2617383115229503 off 0.24042398959246905	false	1.0
verwickeln	neg 1.0		__DUMMY__ 0.4919954186870793 neg 0.2645949718001539 off 0.24340960951276677	false	1.0
vorwand	neg 1.0		__DUMMY__ 0.4935923152980608 neg 0.270276957052947 off 0.23613072764899212	false	1.0
muschi	off 1.0		__DUMMY__ 0.49150444158982637 neg 0.26637731891381006 off 0.2421182394963636	false	0.5
entmutigung	neg 1.0		__DUMMY__ 0.4871473666490562 neg 0.2691299846486579 off 0.243722648702286	false	1.0
unangemessen	neg 1.0		__DUMMY__ 0.4914000848488245 neg 0.26965098278365685 off 0.23894893236751877	false	1.0
unstetig	neg 1.0		__DUMMY__ 0.49194619945799634 neg 0.2620670964449416 off 0.24598670409706194	false	1.0
entmutigen	neg 1.0		__DUMMY__ 0.49441884276286896 neg 0.2621563257151158 off 0.2434248315220152	false	1.0
schwanz	neg 1.0		__DUMMY__ 0.49325784002369394 neg 0.26666427965988054 off 0.24007788031642546	false	1.0
verbot	neg 1.0		__DUMMY__ 0.490119625441227 neg 0.2702571749245156 off 0.23962319963425732	false	1.0
leid	neg 1.0		__DUMMY__ 0.4902586672828516 neg 0.2573913254832509 off 0.25235000723389744	false	1.0
archaisch	neg 1.0		__DUMMY__ 0.49237889123944084 neg 0.2677788536766098 off 0.2398422550839493	false	1.0
gegen			__DUMMY__ 0.49232776309061693 neg 0.271466294058201 off 0.2362059428511821	false	0.0
scheidung	neg 1.0	neg 1.0	neg 0.6086004065402854 __DUMMY__ 0.23963994913110304 off 0.15175964432861155	false	1.0
einschlag	neg 1.0		__DUMMY__ 0.4888277401207917 neg 0.2599341949925539 off 0.25123806488665446	false	1.0
m			__DUMMY__ 0.49516534457273714 neg 0.26370773032056827 off 0.24112692510669448	false	0.0
abgestanden	neg 1.0		__DUMMY__ 0.495574251206956 neg 0.2617635835642835 off 0.24266216522876058	false	1.0
schmierig	off 1.0		__DUMMY__ 0.4914690889686134 neg 0.25706592069353185 off 0.25146499033785474	false	0.5
unpraktisch	neg 1.0		__DUMMY__ 0.4953392069508059 neg 0.260947926365394 off 0.24371286668380007	false	1.0
wixxer	off 1.0		__DUMMY__ 0.4867379632680218 off 0.258105602930361 neg 0.2551564338016171	false	1.0
bezeichnet			__DUMMY__ 0.4917341616358751 neg 0.26750503620700605 off 0.240760802157119	false	0.0
jammerlappen	off 1.0		__DUMMY__ 0.492131353080985 neg 0.26146921486011054 off 0.24639943205890463	false	0.5
farce	neg 1.0		__DUMMY__ 0.48851520643250945 neg 0.2717115502390585 off 0.23977324332843214	false	1.0
zwecklos	neg 1.0		__DUMMY__ 0.4923757699997575 neg 0.26879311900947644 off 0.23883111099076618	false	1.0
turbulent	neg 1.0		__DUMMY__ 0.49009347280681304 neg 0.2596202041057758 off 0.2502863230874111	false	1.0
invasion	neg 1.0		__DUMMY__ 0.4936836461507001 neg 0.2607226612375281 off 0.2455936926117718	false	1.0
schuld	neg 1.0		__DUMMY__ 0.49253927952468296 neg 0.26492790323550147 off 0.24253281723981543	false	1.0
risiko	neg 1.0		__DUMMY__ 0.4950094734263456 neg 0.25878108019777313 off 0.2462094463758813	false	1.0
finster	neg 1.0		__DUMMY__ 0.4953674573291153 neg 0.26188251102178817 off 0.2427500316490965	false	1.0
geisteskrank	off 1.0		__DUMMY__ 0.4892813046931586 neg 0.2631730661051755 off 0.247545629201666	false	0.5
zusammenbrechen	neg 1.0		__DUMMY__ 0.4950185593078189 neg 0.2642541625066852 off 0.24072727818549575	false	1.0
ausbeute	neg 1.0		__DUMMY__ 0.4961641039914179 neg 0.2640867919248699 off 0.2397491040837122	false	1.0
hinterhalt	neg 1.0		__DUMMY__ 0.49347637866091243 neg 0.2630757645252082 off 0.24344785681387934	false	1.0
kritik	neg 1.0		__DUMMY__ 0.4896340607888153 neg 0.27028723607955046 off 0.24007870313163418	false	1.0
einschrumpfen	neg 1.0		__DUMMY__ 0.4895779953322873 neg 0.2648170500306133 off 0.2456049546370994	false	1.0
riskant	neg 1.0		__DUMMY__ 0.49432838405352475 neg 0.26763355689406076 off 0.23803805905241462	false	1.0
frustrieren	neg 1.0		__DUMMY__ 0.4940233226563533 neg 0.26802770539232784 off 0.23794897195131887	false	1.0
groll	neg 1.0		__DUMMY__ 0.4929450634468468 neg 0.2677790707991136 off 0.23927586575403953	false	1.0
gibt			__DUMMY__ 0.49395952519624736 neg 0.26604063608733514 off 0.23999983871641747	false	0.0
qualvoll	neg 1.0		__DUMMY__ 0.49434802285360646 neg 0.26092124332267286 off 0.24473073382372068	false	1.0
wackeln	neg 1.0		__DUMMY__ 0.4959230065438159 neg 0.2608186348392547 off 0.2432583586169294	false	1.0
klagen	neg 1.0		__DUMMY__ 0.4929937782212206 neg 0.2711395491048145 off 0.23586667267396502	false	1.0
bankrott	neg 1.0		__DUMMY__ 0.49307123343243825 neg 0.25981446740142417 off 0.2471142991661377	false	1.0
trauern	neg 1.0		__DUMMY__ 0.4944775675983644 neg 0.26713008790663945 off 0.238392344494996	false	1.0
ablehnung	neg 1.0	neg 1.0	neg 0.6233550235225652 __DUMMY__ 0.24033822974693816 off 0.13630674673049675	false	1.0
stur	neg 1.0		__DUMMY__ 0.4927159719730147 neg 0.2642862856514367 off 0.24299774237554844	false	1.0
aufruhr	neg 1.0		__DUMMY__ 0.49055366423354885 neg 0.26725256276189613 off 0.24219377300455494	false	1.0
melancholie	neg 1.0		__DUMMY__ 0.496965888895939 neg 0.26268166499836365 off 0.24035244610569753	false	1.0
ist			__DUMMY__ 0.4928700305503982 neg 0.26384604069009304 off 0.2432839287595088	false	0.0
torheit	neg 1.0		__DUMMY__ 0.4889764604784964 neg 0.26867235546877444 off 0.24235118405272907	false	1.0
dreckskind	off 1.0		__DUMMY__ 0.48683364976773397 neg 0.26070553834369203 off 0.25246081188857394	false	0.5
umtauschen	neg 1.0		__DUMMY__ 0.4954429896413314 neg 0.2625531304931667 off 0.24200387986550193	false	1.0
zum			__DUMMY__ 0.49912414652502296 neg 0.2658899007303986 off 0.2349859527445784	false	0.0
zersetzen	neg 1.0		__DUMMY__ 0.4938681953991804 neg 0.2691102694705439 off 0.2370215351302758	false	1.0
zur			__DUMMY__ 0.49497388145555343 neg 0.27130183180478296 off 0.23372428673966367	false	0.0
frust	neg 1.0		__DUMMY__ 0.4943888019359659 neg 0.26536436015814924 off 0.24024683790588494	false	1.0
unerbittlichkeit	neg 1.0		__DUMMY__ 0.4936470569548822 neg 0.26837622603038586 off 0.23797671701473203	false	1.0
zwei			__DUMMY__ 0.4979167358757815 neg 0.2655388823036203 off 0.2365443818205983	false	0.0
unkorrekt	neg 1.0		__DUMMY__ 0.48846036988781066 neg 0.26387915766332865 off 0.2476604724488606	false	1.0
hexe	off 1.0		__DUMMY__ 0.4926146690799952 neg 0.2599974851049918 off 0.2473878458150131	false	0.5
lasch	neg 1.0		__DUMMY__ 0.4911063137064445 neg 0.2640530084348052 off 0.24484067785875036	false	1.0
rivale	neg 1.0		__DUMMY__ 0.48957411520497857 neg 0.25949104196011336 off 0.25093484283490797	false	1.0
mutlos	off 1.0	off 1.0	off 0.605453761428853 __DUMMY__ 0.2415519014132108 neg 0.15299433715793623	false	1.0
wirr	off 1.0		__DUMMY__ 0.48914319875164736 neg 0.261190532420894 off 0.24966626882745876	false	0.5
jahr			__DUMMY__ 0.4968526402293481 neg 0.26441614598988333 off 0.23873121378076845	false	0.0
wird			__DUMMY__ 0.4942398925963997 neg 0.26710659243336377 off 0.2386535149702366	false	0.0
strafbar	neg 1.0		__DUMMY__ 0.49138805977377187 neg 0.27103894246290006 off 0.23757299776332802	false	1.0
erosion	neg 1.0		__DUMMY__ 0.49454588323819904 neg 0.26138660208714837 off 0.24406751467465257	false	1.0
eingehen	neg 1.0		__DUMMY__ 0.4930786822688459 neg 0.268226523670031 off 0.238694794061123	false	1.0
faul	off 1.0		__DUMMY__ 0.49424892888213695 neg 0.25909979524967763 off 0.24665127586818544	false	0.5
provisorium	neg 1.0		__DUMMY__ 0.4990308467448248 neg 0.26964191420240846 off 0.23132723905276667	false	1.0
schmerzen	neg 1.0		__DUMMY__ 0.49532693342763495 neg 0.2635146155314364 off 0.2411584510409286	false	1.0
schrumpfen	neg 1.0		__DUMMY__ 0.49626281133209893 neg 0.2699365300725754 off 0.23380065859532553	false	1.0
geistlos	off 1.0		__DUMMY__ 0.4884859635697809 neg 0.26760125192743905 off 0.24391278450278	false	0.5
fehlkauf	neg 1.0		__DUMMY__ 0.4915696954794599 neg 0.2636205496283644 off 0.2448097548921756	false	1.0
frustrierend	neg 1.0		__DUMMY__ 0.49296458868932674 neg 0.261581040512042 off 0.24545437079863108	false	1.0
unzufrieden	neg 1.0		__DUMMY__ 0.4933787106218652 neg 0.26745444123928586 off 0.23916684813884895	false	1.0
verzweifeln	neg 1.0		__DUMMY__ 0.4943896679538257 neg 0.2642295643982918 off 0.2413807676478825	false	1.0
verzweifelt	neg 1.0		__DUMMY__ 0.49289044075898825 neg 0.2641846054514542 off 0.2429249537895576	false	1.0
misstrauensantrag	neg 1.0		__DUMMY__ 0.49019771346175334 neg 0.26553237651878075 off 0.24426991001946602	false	1.0
abfallen	neg 1.0		__DUMMY__ 0.4968739263243972 neg 0.25939775615134947 off 0.24372831752425342	false	1.0
fucker	off 1.0		__DUMMY__ 0.4899274910520522 neg 0.26039281250342594 off 0.24967969644452193	false	0.5
ungezogen	neg 1.0		__DUMMY__ 0.4893685343132103 off 0.25584627812223837 neg 0.25478518756455143	false	0.5
irrsinnig	neg 1.0	neg 1.0	neg 0.6210228848857214 __DUMMY__ 0.2414042826187778 off 0.13757283249550073	false	1.0
unfassbar	neg 1.0		__DUMMY__ 0.49226103042384045 neg 0.26070966333703627 off 0.24702930623912342	false	1.0
hart	neg 1.0		__DUMMY__ 0.49105757390027327 neg 0.2618711187574826 off 0.24707130734224406	false	1.0
widerlich	off 1.0		__DUMMY__ 0.49060912671100415 neg 0.26188818306968825 off 0.24750269021930746	false	0.5
fatal	neg 1.0		__DUMMY__ 0.49198348178736073 neg 0.2632145456205044 off 0.24480197259213485	false	1.0
bruch	neg 1.0		__DUMMY__ 0.49223329965771084 neg 0.27262490556981983 off 0.23514179477246938	false	1.0
aushungern	neg 1.0		__DUMMY__ 0.49025691091314355 neg 0.2680129959934723 off 0.2417300930933841	false	1.0
anspannung	neg 1.0		__DUMMY__ 0.49769528478618763 neg 0.2665556753192044 off 0.235749039894608	false	1.0
von			__DUMMY__ 0.495951680660834 neg 0.26672994284624285 off 0.2373183764929231	false	0.0
kraftlos	neg 1.0		__DUMMY__ 0.49734614205622596 neg 0.26267308131630684 off 0.2399807766274671	false	1.0
vom			__DUMMY__ 0.49878479496677136 neg 0.26884427169424585 off 0.23237093333898276	false	0.0
grenzdebil	off 1.0		__DUMMY__ 0.49234843210558016 neg 0.2594337825814171 off 0.24821778531300273	false	0.5
vor			__DUMMY__ 0.4961236844778842 neg 0.2675368584346282 off 0.23633945708748774	false	0.0
unterwerfen	neg 1.0		__DUMMY__ 0.4933130044899804 neg 0.26821920654875564 off 0.23846778896126394	false	1.0
versenkung	neg 1.0		__DUMMY__ 0.4938223581499502 neg 0.26822686473216323 off 0.23795077711788662	false	1.0
entziehen	neg 1.0		__DUMMY__ 0.4939269336828763 neg 0.27044693482216414 off 0.2356261314949595	false	1.0
finanzkrise	neg 1.0		__DUMMY__ 0.49013238303339 neg 0.26858608365930375 off 0.2412815333073062	false	1.0
schimpfend	neg 1.0		__DUMMY__ 0.49757434933125616 neg 0.25761498958768114 off 0.24481066108106278	false	1.0
profan	neg 1.0		__DUMMY__ 0.49310574451862166 neg 0.26281304516758575 off 0.2440812103137926	false	1.0
korruption	neg 1.0		__DUMMY__ 0.49020205950945045 neg 0.2705852549892021 off 0.23921268550134753	false	1.0
â			__DUMMY__ 0.4948773683864862 neg 0.2650768449661434 off 0.2400457866473704	false	0.0
schmutzig	neg 1.0		__DUMMY__ 0.49431390418340987 neg 0.2574569233491428 off 0.24822917246744736	false	1.0
sexy	neg 1.0		__DUMMY__ 0.49257953010149885 neg 0.26100489892672407 off 0.24641557097177708	false	1.0
abraten	neg 1.0		__DUMMY__ 0.49389023315466357 neg 0.26281459850659017 off 0.24329516833874618	false	1.0
schwarz	neg 1.0		__DUMMY__ 0.4922378612645351 neg 0.2638718941293048 off 0.24389024460616007	false	1.0
fotze	off 1.0		__DUMMY__ 0.492198192360186 neg 0.267489842750719 off 0.24031196488909481	false	0.5
verwirren	neg 1.0		__DUMMY__ 0.4927103747038606 neg 0.26244570274233026 off 0.24484392255380927	false	1.0
zahnlos	off 1.0		__DUMMY__ 0.49186939752135206 neg 0.26909805891345456 off 0.23903254356519335	false	0.5
verheeren	neg 1.0		__DUMMY__ 0.48719655267424034 off 0.2577652142076999 neg 0.25503823311805984	false	0.5
hippie	neg 1.0		__DUMMY__ 0.4922976304598023 neg 0.2615931754871696 off 0.2461091940530281	false	1.0
rammen	neg 1.0		__DUMMY__ 0.4928523273545108 neg 0.2622363090088039 off 0.24491136363668545	false	1.0
unlauter	neg 1.0	neg 1.0	neg 0.6211478272930283 __DUMMY__ 0.24035224928906737 off 0.13849992341790432	false	1.0
unheilvoll	neg 1.0		__DUMMY__ 0.49409946271842536 neg 0.2616645326044588 off 0.24423600467711584	false	1.0
niedrig	neg 1.0		__DUMMY__ 0.4928453297909905 neg 0.2681749545508713 off 0.2389797156581382	false	1.0
explosion	neg 1.0		__DUMMY__ 0.4932382341586443 neg 0.26098084387382425 off 0.24578092196753124	false	1.0
weichei	off 1.0		__DUMMY__ 0.4895402499713182 neg 0.2575866636885858 off 0.252873086340096	false	0.5
minusmensch	off 1.0		__DUMMY__ 0.48459983118695693 neg 0.258792417887239 off 0.25660775092580407	false	0.5
farblos	neg 1.0		__DUMMY__ 0.4934473647206439 neg 0.2631988224318021 off 0.24335381284755397	false	1.0
unwissend	neg 1.0		__DUMMY__ 0.49112721467025583 neg 0.2621813526771668 off 0.2466914326525773	false	1.0
traurig	neg 1.0		__DUMMY__ 0.49227412124306913 neg 0.2576371228680481 off 0.25008875588888285	false	1.0
senkung	neg 1.0		__DUMMY__ 0.4920370488791373 neg 0.26259654927954423 off 0.2453664018413184	false	1.0
ungleich	neg 1.0	neg 1.0	neg 0.6232774816281834 __DUMMY__ 0.2416636128546881 off 0.13505890551712849	false	1.0
heikel	neg 1.0		__DUMMY__ 0.49383686059335785 neg 0.2692925595801399 off 0.2368705798265023	false	1.0
drosselung	neg 1.0		__DUMMY__ 0.49212877960638235 neg 0.25745355543544873 off 0.25041766495816903	false	1.0
falsch	neg 1.0		__DUMMY__ 0.4922167569881618 neg 0.2619904050936687 off 0.2457928379181694	false	1.0
unzufriedenheit	neg 1.0		__DUMMY__ 0.493918207294065 neg 0.26926504525654316 off 0.23681674744939182	false	1.0
kurz	neg 1.0		__DUMMY__ 0.49635398853677853 neg 0.26279963805415896 off 0.24084637340906234	false	1.0
unsinnig	neg 1.0		__DUMMY__ 0.4926950692777188 neg 0.2678414723100639 off 0.23946345841221736	false	1.0
penner	off 1.0	off 1.0	off 0.6147606457575036 __DUMMY__ 0.24004364165381567 neg 0.14519571258868072	false	1.0
seicht	neg 1.0		__DUMMY__ 0.4872120481543979 neg 0.2578008641138452 off 0.254987087731757	false	1.0
dummheit	off 1.0	off 1.0	off 0.6087008422132822 __DUMMY__ 0.2409349066667594 neg 0.1503642511199583	false	1.0
unerfreulich	neg 1.0		__DUMMY__ 0.4948919930848059 neg 0.26858134930664396 off 0.23652665760855018	false	1.0
motherfucker	off 1.0	off 1.0	off 0.6119144051794898 __DUMMY__ 0.24029781930771507 neg 0.1477877755127952	false	1.0
pikiert	neg 1.0		__DUMMY__ 0.4912110958739859 neg 0.26246352812621365 off 0.2463253759998006	false	1.0
wrack	neg 1.0		__DUMMY__ 0.4939808076490285 neg 0.2661672941395369 off 0.23985189821143457	false	1.0
gangster	neg 1.0		__DUMMY__ 0.492484802745778 neg 0.2622353454432401 off 0.24527985181098186	false	1.0
krank	neg 1.0		__DUMMY__ 0.4936292088751866 neg 0.25793647374024414 off 0.24843431738456948	false	1.0
reich	neg 1.0		__DUMMY__ 0.4874126198708575 neg 0.2658310849672786 off 0.2467562951618639	false	1.0
gnadenlos	neg 1.0		__DUMMY__ 0.49264832417220494 neg 0.26467755431451284 off 0.24267412151328235	false	1.0
niedergeschlagen	neg 1.0		__DUMMY__ 0.49491047151690604 neg 0.26433062343953995 off 0.24075890504355396	false	1.0
terrorisieren	off 1.0	off 1.0	off 0.6054373200878966 __DUMMY__ 0.24258067558971763 neg 0.15198200432238568	false	1.0
sinnlosigkeit	neg 1.0		__DUMMY__ 0.4926157035052589 neg 0.2680364554615488 off 0.2393478410331922	false	1.0
behindern	neg 1.0		__DUMMY__ 0.4947722264806564 neg 0.26296829423183826 off 0.24225947928750532	false	1.0
undemokratisch	neg 1.0		__DUMMY__ 0.4893318067940982 neg 0.2678951311133407 off 0.24277306209256114	false	1.0
wirtschaftskrise	neg 1.0		__DUMMY__ 0.4916926332088868 neg 0.26869090569912835 off 0.23961646109198476	false	1.0
neid	neg 1.0		__DUMMY__ 0.49471566797237 neg 0.2592095120093664 off 0.24607482001826358	false	1.0
rutschen	neg 1.0		__DUMMY__ 0.5005282339378399 neg 0.26376188039587617 off 0.23570988566628376	false	1.0
rezession	neg 1.0		__DUMMY__ 0.48803466865673456 neg 0.2606503651435852 off 0.25131496619968025	false	1.0
fehlgeburt	neg 1.0		__DUMMY__ 0.49399170978296875 neg 0.2629593595019489 off 0.24304893071508243	false	1.0
charakterschwach	off 1.0		__DUMMY__ 0.49066246889249576 neg 0.2619907299043163 off 0.247346801203188	false	0.5
isolation	neg 1.0		__DUMMY__ 0.4919642597722965 neg 0.260801752979848 off 0.24723398724785545	false	1.0
ablenkung	neg 1.0		__DUMMY__ 0.4944839764106052 neg 0.2630873026208565 off 0.24242872096853832	false	1.0
pech	neg 1.0		__DUMMY__ 0.4932728854393347 neg 0.261565494055116 off 0.2451616205055493	false	1.0
vermeidung	neg 1.0		__DUMMY__ 0.49321114077358774 neg 0.2573371664197351 off 0.24945169280667712	false	1.0
dominieren	neg 1.0		__DUMMY__ 0.4921180826832058 neg 0.2676757262494712 off 0.24020619106732288	false	1.0
schwindlig	neg 1.0		__DUMMY__ 0.49490165564956007 neg 0.25989079360800305 off 0.24520755074243686	false	1.0
lutscher	neg 1.0		__DUMMY__ 0.48732287411482444 neg 0.25679730598353223 off 0.2558798199016435	false	1.0
pflicht	neg 1.0		__DUMMY__ 0.49369310070326966 neg 0.26961754033541685 off 0.23668935896131343	false	1.0
faschist	off 1.0		__DUMMY__ 0.4895367596293496 neg 0.2664853973767899 off 0.24397784299386058	false	0.5
verschleudern	neg 1.0		__DUMMY__ 0.4914042302938246 neg 0.2698535024524155 off 0.23874226725375988	false	1.0
wenn			__DUMMY__ 0.49231776269314836 neg 0.26191307443658424 off 0.24576916287026743	false	0.0
ehebruch	neg 1.0		__DUMMY__ 0.49258429568315976 neg 0.2686901804535535 off 0.23872552386328666	false	1.0
spott	off 1.0		__DUMMY__ 0.4928409345016899 neg 0.26905168071686586 off 0.23810738478144405	false	0.5
trostlosigkeit	neg 1.0		__DUMMY__ 0.49152112603754633 neg 0.27206763953875174 off 0.2364112344237019	false	1.0
lutschen	neg 1.0		__DUMMY__ 0.4901374829490342 neg 0.2635688670320614 off 0.24629365001890433	false	1.0
undiszipliniert	neg 1.0		__DUMMY__ 0.49157331476045196 neg 0.2592196415229624 off 0.24920704371658545	false	1.0
kopfschmerz	neg 1.0		__DUMMY__ 0.4947433339447445 neg 0.2634912736441607 off 0.24176539241109482	false	1.0
unvorhergesehen	neg 1.0		__DUMMY__ 0.4970188400387308 neg 0.26219117568641176 off 0.24078998427485743	false	1.0
desinteressiert	neg 1.0		__DUMMY__ 0.4907652076408443 neg 0.2605307045390136 off 0.24870408782014225	false	1.0
armselig	off 1.0		__DUMMY__ 0.4898627857420656 neg 0.26058402908719164 off 0.24955318517074282	false	0.5
desaster	neg 1.0		__DUMMY__ 0.4918317528542213 neg 0.2735634964334536 off 0.23460475071232512	false	1.0
tod	neg 1.0		__DUMMY__ 0.4923215905024326 neg 0.2692267522976919 off 0.2384516571998753	false	1.0
herzlos	neg 1.0		__DUMMY__ 0.49194533058644113 neg 0.2572541427460321 off 0.2508005266675267	false	1.0
unwissenheit	neg 1.0		__DUMMY__ 0.4923973713309285 neg 0.268245623481769 off 0.23935700518730255	false	1.0
widersinnig	neg 1.0		__DUMMY__ 0.4890961755375692 neg 0.2712007747573641 off 0.2397030497050667	false	1.0
bedenklich	neg 1.0		__DUMMY__ 0.49346624519552806 neg 0.26864623764256157 off 0.23788751716191037	false	1.0
beanstanden	neg 1.0		__DUMMY__ 0.49357694193153817 neg 0.2702209987635854 off 0.23620205930487642	false	1.0
panisch	neg 1.0	neg 1.0	neg 0.6169021312186743 __DUMMY__ 0.2440580741192034 off 0.13903979466212213	false	1.0
debil	off 1.0		__DUMMY__ 0.49567480883614956 neg 0.27037022754702406 off 0.2339549636168264	false	0.5
abstrich	neg 1.0		__DUMMY__ 0.496806644659858 neg 0.25990929871726226 off 0.24328405662287972	false	1.0
primitiv	neg 1.0		__DUMMY__ 0.4903029157078837 neg 0.26166679228115675 off 0.24803029201095955	false	1.0
abschaum	off 1.0	off 1.0	off 0.6100866323902525 __DUMMY__ 0.24043873682947978 neg 0.1494746307802678	false	1.0
provozieren	neg 1.0		__DUMMY__ 0.49177989731867716 neg 0.26633535693223953 off 0.2418847457490832	false	1.0
tot	neg 1.0		__DUMMY__ 0.4929306667069251 neg 0.26604413512931374 off 0.24102519816376108	false	1.0
instabil	neg 1.0		__DUMMY__ 0.48785282618376374 neg 0.2619532607555775 off 0.25019391306065875	false	1.0
schwuchtel	off 1.0		__DUMMY__ 0.48410231507451146 off 0.2607498604514282 neg 0.25514782447406037	false	1.0
zerren	neg 1.0		__DUMMY__ 0.4945784417302584 neg 0.2649296100741259 off 0.2404919481956157	false	1.0
kinderficker	off 1.0		__DUMMY__ 0.48836741723588317 neg 0.26000637246721153 off 0.2516262102969054	false	0.5
gefahr	neg 1.0		__DUMMY__ 0.4922755795878943 neg 0.2695070467704913 off 0.23821737364161422	false	1.0
rabiat	neg 1.0		__DUMMY__ 0.49311946252378275 neg 0.26500333632373 off 0.24187720115248731	false	1.0
verlangsamung	neg 1.0		__DUMMY__ 0.48777304342237543 neg 0.25735288273188284 off 0.2548740738457417	false	1.0
ausgestorben	neg 1.0		__DUMMY__ 0.49402191413616786 neg 0.26555833203687007 off 0.24041975382696223	false	1.0
anklagen	neg 1.0		__DUMMY__ 0.49209951577100125 neg 0.2664735496068457 off 0.24142693462215298	false	1.0
trott	neg 1.0		__DUMMY__ 0.4941940898305659 neg 0.2635307561372084 off 0.24227515403222577	false	1.0
verminderung	neg 1.0		__DUMMY__ 0.4909947263565934 neg 0.25934579898453597 off 0.24965947465887053	false	1.0
nach			__DUMMY__ 0.4991320694278593 neg 0.26569255344730247 off 0.2351753771248381	false	0.0
rost	neg 1.0		__DUMMY__ 0.48869423519568095 neg 0.25591951744452734 off 0.2553862473597917	false	1.0
destruktiv	neg 1.0		__DUMMY__ 0.4914476693575836 neg 0.2679871901004878 off 0.24056514054192865	false	1.0
unzumutbarkeit	neg 1.0		__DUMMY__ 0.4922865797916617 neg 0.2584877214656863 off 0.24922569874265182	false	1.0
labil	off 1.0	off 1.0	off 0.6107377811528195 __DUMMY__ 0.24052388904744942 neg 0.1487383297997311	false	1.0
ziemlich	neg 1.0		__DUMMY__ 0.49217835515598213 neg 0.2602186603981227 off 0.24760298444589535	false	1.0
lachnummer	off 1.0		__DUMMY__ 0.4913305528071734 neg 0.2681587826331113 off 0.24051066455971518	false	0.5
oder			__DUMMY__ 0.49476769718937746 neg 0.2631446236352939 off 0.24208767917532872	false	0.0
verfall	neg 1.0		__DUMMY__ 0.4949190833606132 neg 0.2716507239017361 off 0.2334301927376507	false	1.0
ausgrenzung	neg 1.0		__DUMMY__ 0.4897145673086347 neg 0.2665942996470018 off 0.24369113304436346	false	1.0
unordnung	neg 1.0		__DUMMY__ 0.48819319828780317 neg 0.2608202755939776 off 0.25098652611821914	false	1.0
fehlverhalten	neg 1.0		__DUMMY__ 0.49230610399970975 neg 0.27013530827350285 off 0.2375585877267874	false	1.0
eine			__DUMMY__ 0.49582933598917756 neg 0.26754729752212925 off 0.2366233664886931	false	0.0
nille	neg 1.0		__DUMMY__ 0.4908584031886927 neg 0.26747333892965147 off 0.24166825788165588	false	1.0
qual	neg 1.0		__DUMMY__ 0.49391831550781207 neg 0.2639669438356583 off 0.24211474065652963	false	1.0
verschwenden	neg 1.0		__DUMMY__ 0.49435349394344563 neg 0.2673568818826471 off 0.23828962417390717	false	1.0
riesig	neg 1.0		__DUMMY__ 0.49521512008872537 neg 0.26296887659302154 off 0.2418160033182531	false	1.0
verurteilen	neg 1.0		__DUMMY__ 0.4919297439165658 neg 0.26860196381162144 off 0.23946829227181265	false	1.0
klischee	neg 1.0	neg 1.0	neg 0.6205473909862786 __DUMMY__ 0.24045782610668567 off 0.1389947829070356	false	1.0
diktatorisch	neg 1.0		__DUMMY__ 0.4884853369551879 neg 0.2690265605258195 off 0.24248810251899255	false	1.0
vorhersehbar	neg 1.0		__DUMMY__ 0.4908965092009938 neg 0.2655204693927559 off 0.24358302140625032	false	1.0
sowie			__DUMMY__ 0.4877942611238245 neg 0.25903912557045294 off 0.2531666133057226	false	0.0
stornieren	neg 1.0		__DUMMY__ 0.49508911650683984 neg 0.2593900347114737 off 0.24552084878168648	false	1.0
besteuerung	neg 1.0		__DUMMY__ 0.4922843978417591 neg 0.26425275107020124 off 0.24346285108803967	false	1.0
ungeschminkt	neg 1.0		__DUMMY__ 0.4919510020144134 neg 0.2596987475819337 off 0.24835025040365286	false	1.0
kritisch	neg 1.0		__DUMMY__ 0.4924310354197458 neg 0.26961017776944807 off 0.23795878681080615	false	1.0
schlamperei	off 1.0		__DUMMY__ 0.49158274304193234 neg 0.2700486718097764 off 0.23836858514829137	false	0.5
sucht	neg 1.0	neg 1.0	neg 0.61624378008186 __DUMMY__ 0.2440438703640013 off 0.13971234955413872	false	1.0
egoistisch	off 1.0		__DUMMY__ 0.48978473902003944 neg 0.25742299960702647 off 0.252792261372934	false	0.5
ausbeuter	off 1.0		__DUMMY__ 0.4922003897394245 neg 0.27057225462342277 off 0.23722735563715266	false	0.5
arschgeburt	off 1.0		__DUMMY__ 0.4840672820430486 off 0.2605928484463796 neg 0.2553398695105719	false	1.0
schubs	neg 1.0	neg 1.0	neg 0.6197311560521168 __DUMMY__ 0.24394277003425924 off 0.13632607391362395	false	1.0
unsolide	neg 1.0		__DUMMY__ 0.48494094512100444 neg 0.2701327088839452 off 0.24492634599505037	false	1.0
beschwerde	neg 1.0		__DUMMY__ 0.49159359597395036 neg 0.2691961803297742 off 0.23921022369627543	false	1.0
stocken	neg 1.0		__DUMMY__ 0.49414412454313317 neg 0.26641008781693326 off 0.23944578763993363	false	1.0
isolieren	neg 1.0		__DUMMY__ 0.49552305716253636 neg 0.2624579639571255 off 0.2420189788803381	false	1.0
unheilbar	neg 1.0		__DUMMY__ 0.4939491447106932 neg 0.26297594311043937 off 0.24307491217886748	false	1.0
pisser	off 1.0		__DUMMY__ 0.48899450800698213 neg 0.2604305629577923 off 0.2505749290352254	false	0.5
löschen	neg 1.0		__DUMMY__ 0.4925411405779041 neg 0.264273970836517 off 0.24318488858557896	false	1.0
durchfallen	neg 1.0		__DUMMY__ 0.493235051799722 neg 0.2684107374441831 off 0.23835421075609492	false	1.0
wichser	off 1.0		__DUMMY__ 0.4876554091061554 off 0.2572285502977765 neg 0.25511604059606807	false	1.0
terror	neg 1.0		__DUMMY__ 0.4935030770561997 neg 0.26030411723630487 off 0.2461928057074954	false	1.0
krass	neg 1.0		__DUMMY__ 0.49089368477373535 neg 0.2582079313126464 off 0.2508983839136183	false	1.0
revolte	neg 1.0	neg 1.0	neg 0.6223417244861493 __DUMMY__ 0.23883890220058937 off 0.13881937331326125	false	1.0
besorgt	neg 1.0		__DUMMY__ 0.49635623728254596 neg 0.2627413555936955 off 0.24090240712375863	false	1.0
nachlassen	neg 1.0		__DUMMY__ 0.49595685607565676 neg 0.2634114522898963 off 0.2406316916344468	false	1.0
alt	neg 1.0		__DUMMY__ 0.49591328692427733 neg 0.265743147198282 off 0.23834356587744082	false	1.0
hundesohn	off 1.0		__DUMMY__ 0.4857831287147045 neg 0.25823911335960564 off 0.25597775792568983	false	0.5
als			__DUMMY__ 0.4947778332122821 neg 0.2655520477146375 off 0.2396701190730803	false	0.0
abschreckung	neg 1.0		__DUMMY__ 0.4931301671910402 neg 0.2704463643783515 off 0.23642346843060824	false	1.0
unqualifiziert	neg 1.0		__DUMMY__ 0.49084033213552164 neg 0.26524341951217245 off 0.24391624835230588	false	1.0
abgewichst	off 1.0		__DUMMY__ 0.4929643202792774 neg 0.2658557989846035 off 0.24117988073611918	false	0.5
schwer	neg 1.0		__DUMMY__ 0.4941628824929754 neg 0.2643327049860964 off 0.2415044125209283	false	1.0
bedeutungslosigkeit	neg 1.0		__DUMMY__ 0.492522558298877 neg 0.27056130001992484 off 0.23691614168119815	false	1.0
kapitulation	neg 1.0		__DUMMY__ 0.4898510944667731 neg 0.2715481190177734 off 0.23860078651545358	false	1.0
unscharf	neg 1.0		__DUMMY__ 0.4931013735295959 neg 0.2616700918774477 off 0.24522853459295638	false	1.0
schwinden	neg 1.0		__DUMMY__ 0.49518374504547874 neg 0.26661371243551446 off 0.23820254251900666	false	1.0
versklavung	neg 1.0		__DUMMY__ 0.48944826552657833 neg 0.26796239787880416 off 0.2425893365946175	false	1.0
schlecht	neg 1.0		__DUMMY__ 0.492484541067695 neg 0.2594614231856375 off 0.24805403574666746	false	1.0
verhasst	neg 1.0		__DUMMY__ 0.49128317140487776 neg 0.2669111241201703 off 0.24180570447495206	false	1.0
beschweren	neg 1.0		__DUMMY__ 0.4934712788257838 neg 0.2629115367917859 off 0.24361718438243016	false	1.0
scheiden	neg 1.0		__DUMMY__ 0.49376843000935866 neg 0.26485962816678893 off 0.24137194182385246	false	1.0
frustriert	neg 1.0		__DUMMY__ 0.49382688654746526 neg 0.2657582309599635 off 0.24041488249257126	false	1.0
schimmelig	neg 1.0		__DUMMY__ 0.49373909150683337 neg 0.267504633675158 off 0.2387562748180086	false	1.0
fisch	neg 1.0		__DUMMY__ 0.494124288434546 neg 0.26665282146507857 off 0.23922289010037537	false	1.0
schmuggel	neg 1.0		__DUMMY__ 0.4964936958310374 neg 0.26554643847101295 off 0.23795986569794972	false	1.0
auffallen	neg 1.0		__DUMMY__ 0.4928971363924521 neg 0.26312544679995564 off 0.2439774168075922	false	1.0
konkurrenz	neg 1.0		__DUMMY__ 0.4946973288977449 neg 0.2689437343544376 off 0.23635893674781736	false	1.0
teufelskreis	neg 1.0		__DUMMY__ 0.49321831530457366 neg 0.26616127892385855 off 0.2406204057715677	false	1.0
aufschreien	neg 1.0		__DUMMY__ 0.49147799841192624 neg 0.2648827928615804 off 0.24363920872649333	false	1.0
schuldner	neg 1.0		__DUMMY__ 0.49241139038852233 neg 0.26952914828182056 off 0.23805946132965716	false	1.0
missgeburt	off 1.0	off 1.0	off 0.6137838110595332 __DUMMY__ 0.23861476105878762 neg 0.14760142788167907	false	1.0
arbeitslos	neg 1.0		__DUMMY__ 0.49246068718076536 neg 0.26831350215019356 off 0.23922581066904114	false	1.0
befallen	neg 1.0		__DUMMY__ 0.4917768442165354 neg 0.2684851311124727 off 0.23973802467099187	false	1.0
miesepetrig	off 1.0		__DUMMY__ 0.4939873688562848 neg 0.25778220626267623 off 0.24823042488103883	false	0.5
alarmieren	neg 1.0		__DUMMY__ 0.4901836518480625 neg 0.26302960112557144 off 0.24678674702636602	false	1.0
ungeduscht	off 1.0		__DUMMY__ 0.4930533452017984 neg 0.261684939091119 off 0.24526171570708258	false	0.5
knappheit	neg 1.0		__DUMMY__ 0.4926261208157579 neg 0.2675822975791926 off 0.23979158160504943	false	1.0
schlange	neg 1.0		__DUMMY__ 0.494840668561907 neg 0.26138877436416963 off 0.24377055707392326	false	1.0
harsch	neg 1.0		__DUMMY__ 0.49185482094322835 off 0.25459253567217505 neg 0.2535526433845966	false	0.5
lang	neg 1.0		__DUMMY__ 0.4934500800712655 neg 0.26299113060643736 off 0.24355878932229724	false	1.0
ziellos	neg 1.0		__DUMMY__ 0.4944871662220407 neg 0.2663393301466243 off 0.239173503631335	false	1.0
selbstverliebt	neg 1.0		__DUMMY__ 0.48493123254696113 off 0.2578029357274925 neg 0.2572658317255464	false	0.5
beseitigen	neg 1.0		__DUMMY__ 0.49391425699516417 neg 0.2628457811070662 off 0.24323996189776959	false	1.0
dumm	off 1.0		__DUMMY__ 0.4889813305636399 neg 0.2576414679918139 off 0.2533772014445463	false	0.5
arbeitsloser	neg 1.0		__DUMMY__ 0.4927179075960914 neg 0.2688959223635006 off 0.238386170040408	false	1.0
blitzen	neg 1.0		__DUMMY__ 0.49233939428228807 neg 0.2616084236136609 off 0.24605218210405108	false	1.0
hilflos	neg 1.0		__DUMMY__ 0.4941157852620586 neg 0.26579053960965365 off 0.2400936751282876	false	1.0
eklig	off 1.0		__DUMMY__ 0.48813893610925563 neg 0.25771332375874834 off 0.25414774013199587	false	0.5
begriff			__DUMMY__ 0.4931647511439334 neg 0.26650459726087034 off 0.24033065159519615	false	0.0
hungersnot	neg 1.0		__DUMMY__ 0.48979538045999715 neg 0.26903776070375623 off 0.24116685883624656	false	1.0
ungesetzlich	neg 1.0		__DUMMY__ 0.4881409610812557 neg 0.2681984945153012 off 0.24366054440344306	false	1.0
verschwendung	neg 1.0		__DUMMY__ 0.4944041187328556 neg 0.2682304313315548 off 0.23736544993558964	false	1.0
schmerzvoll	neg 1.0		__DUMMY__ 0.4936160823617401 neg 0.26272951880961887 off 0.24365439882864098	false	1.0
vorzeitig	neg 1.0		__DUMMY__ 0.491525346006034 neg 0.260919622571139 off 0.24755503142282698	false	1.0
unvollkommenheit	neg 1.0		__DUMMY__ 0.49372384146484327 neg 0.2637603212390712 off 0.24251583729608542	false	1.0
intervenieren	neg 1.0		__DUMMY__ 0.49179953040569974 neg 0.27062049811999156 off 0.2375799714743088	false	1.0
banause	off 1.0		__DUMMY__ 0.4878919414084488 neg 0.25632991110436115 off 0.25577814748719	false	0.5
rebell	neg 1.0		__DUMMY__ 0.4955382091467506 neg 0.26761871106391805 off 0.23684307978933117	false	1.0
unlogisch	neg 1.0		__DUMMY__ 0.48967619268529683 neg 0.2606823682179011 off 0.2496414390968021	false	1.0
leiden	neg 1.0	neg 1.0	neg 0.6173654515141137 __DUMMY__ 0.24697156178342997 off 0.13566298670245627	false	1.0
abschaffung	neg 1.0		__DUMMY__ 0.49065162828742337 neg 0.2667802224904598 off 0.2425681492221168	false	1.0
sturz	neg 1.0		__DUMMY__ 0.490957873284514 neg 0.2656938784166866 off 0.2433482482987994	false	1.0
verkleinerung	neg 1.0		__DUMMY__ 0.4883000259446669 neg 0.2664907454124761 off 0.24520922864285705	false	1.0
schmarotzer	off 1.0		__DUMMY__ 0.4917128578899052 neg 0.2696907499139252 off 0.23859639219616974	false	0.5
bestrafung	neg 1.0		__DUMMY__ 0.4927831655527869 neg 0.2640109701027657 off 0.24320586434444733	false	1.0
achtlos	neg 1.0		__DUMMY__ 0.49471748277029676 neg 0.2636387783390065 off 0.24164373889069665	false	1.0
ungeheuer	neg 1.0		__DUMMY__ 0.4927813208695055 neg 0.26287001266101995 off 0.2443486664694745	false	1.0
unaufrichtig	neg 1.0		__DUMMY__ 0.4905332599998384 neg 0.26448597165716115 off 0.2449807683430006	false	1.0
groggy	neg 1.0		__DUMMY__ 0.4917993011342906 neg 0.2625326596103854 off 0.24566803925532396	false	1.0
verletzlich	neg 1.0		__DUMMY__ 0.49170821208034104 neg 0.2601633677670949 off 0.24812842015256414	false	1.0
ablehnen	neg 1.0		__DUMMY__ 0.49213734281625726 neg 0.2686360961589107 off 0.23922656102483209	false	1.0
