unsolidarisch	neg 1.0		neg 0.34566801800033825 __DUMMY__ 0.3443232667365028 off 0.31000871526315904	false	1.0
nachteilig	neg 1.0		__DUMMY__ 0.34795736911921693 neg 0.34380410864380134 off 0.3082385222369817	false	1.0
skeptisch	neg 1.0		__DUMMY__ 0.3491366994180068 neg 0.3451168096666652 off 0.30574649091532796	false	1.0
schrecklich	neg 1.0		__DUMMY__ 0.3462172342586089 neg 0.3338432735244998 off 0.3199394922168914	false	1.0
schlapp	neg 1.0		__DUMMY__ 0.34872870620445867 neg 0.3347705840435733 off 0.316500709751968	false	1.0
abfall	neg 1.0		__DUMMY__ 0.349822804795068 neg 0.3458637614131495 off 0.3043134337917825	false	1.0
widerspenstig	neg 1.0		__DUMMY__ 0.3498816865836055 neg 0.33820108275962774 off 0.31191723065676674	false	1.0
abrupt	neg 1.0		__DUMMY__ 0.3508309338641648 neg 0.3381770026228756 off 0.31099206351295955	false	1.0
unwirksam	neg 1.0		neg 0.34505741519658706 __DUMMY__ 0.344659007986139 off 0.310283576817274	false	1.0
angreifen	neg 1.0		__DUMMY__ 0.3482359188211228 neg 0.34494632869883896 off 0.30681775248003823	false	1.0
inkonsistent	neg 1.0		__DUMMY__ 0.3474670256590128 neg 0.3387543720760742 off 0.3137786022649131	false	1.0
abrutschen	neg 1.0		__DUMMY__ 0.3501910266518353 neg 0.34517959198397397 off 0.3046293813641908	false	1.0
unsicher	neg 1.0		__DUMMY__ 0.34867116180068153 neg 0.34002406919425754 off 0.31130476900506093	false	1.0
bauernkind	off 1.0		__DUMMY__ 0.3435281381962167 neg 0.3340091768903118 off 0.3224626849134716	false	0.5
angreifer	neg 1.0		__DUMMY__ 0.3461369119369061 neg 0.3398453503629854 off 0.3140177377001084	false	1.0
trennen	neg 1.0		__DUMMY__ 0.3509446703063945 neg 0.34151273308280905 off 0.30754259661079647	false	1.0
schmutz	neg 1.0		__DUMMY__ 0.3499839004495862 neg 0.33165680058806785 off 0.31835929896234594	false	1.0
inkonsistenz	neg 1.0	neg 1.0	neg 0.6580424871997554 off 0.17345223000611673 __DUMMY__ 0.16850528279412777	false	1.0
erschreckend	neg 1.0		__DUMMY__ 0.34790830892571734 neg 0.3425151681724392 off 0.3095765229018434	false	1.0
ertrinken	neg 1.0		__DUMMY__ 0.35012463797446014 neg 0.34132668693715856 off 0.3085486750883813	false	1.0
pickelface	off 1.0		__DUMMY__ 0.34670000998324474 neg 0.3416721167154983 off 0.3116278733012569	false	0.5
seiner			__DUMMY__ 0.3488369994197229 neg 0.3442580187067158 off 0.30690498187356124	false	0.0
lauch	neg 1.0		__DUMMY__ 0.3495652033651905 neg 0.3445869172005252 off 0.30584787943428443	false	1.0
unwichtig	neg 1.0		__DUMMY__ 0.3471195209052149 neg 0.33721751728214966 off 0.31566296181263537	false	1.0
steuerhinterziehung	neg 1.0		__DUMMY__ 0.3456101983776265 neg 0.3451365736211571 off 0.3092532280012165	false	1.0
schock	neg 1.0		__DUMMY__ 0.350567661329699 neg 0.33875907359556395 off 0.310673265074737	false	1.0
beule	neg 1.0		__DUMMY__ 0.34810832888468735 neg 0.33423825070845 off 0.3176534204068625	false	1.0
vergelten	neg 1.0		__DUMMY__ 0.3448450645945067 neg 0.3340696101194318 off 0.32108532528606154	false	1.0
verdorbenheit	neg 1.0		__DUMMY__ 0.3488598427384022 neg 0.33800680871978944 off 0.31313334854180835	false	1.0
trauma	neg 1.0		__DUMMY__ 0.3477721864965483 neg 0.33909914530051316 off 0.31312866820293855	false	1.0
sinnlos	neg 1.0		__DUMMY__ 0.3478501507932027 neg 0.33876040471235724 off 0.31338944449444	false	1.0
fettsack	off 1.0	off 1.0	off 0.6478037444335597 neg 0.18462670646616663 __DUMMY__ 0.16756954910027366	false	1.0
feige	off 1.0		__DUMMY__ 0.3462027002616276 neg 0.33904129248986875 off 0.31475600724850383	false	0.5
abdanken	neg 1.0		neg 0.3468891845569217 __DUMMY__ 0.34440473183439274 off 0.3087060836086855	false	1.0
wichtigtuer	off 1.0	off 1.0	off 0.6426195264744977 neg 0.18874637361178928 __DUMMY__ 0.16863409991371286	false	1.0
misslingen	neg 1.0		__DUMMY__ 0.3501758676907782 neg 0.33482954140300497 off 0.3149945909062168	false	1.0
untreu	off 1.0		__DUMMY__ 0.3470795180342823 neg 0.33641764597016416 off 0.31650283599555346	false	0.5
missmutig	neg 1.0		__DUMMY__ 0.3485940353678058 neg 0.33564728141732775 off 0.3157586832148664	false	1.0
hurenbock	off 1.0		__DUMMY__ 0.34991537001786893 neg 0.3359402356986596 off 0.3141443942834714	false	0.5
betrunken	neg 1.0		__DUMMY__ 0.3476792082133644 neg 0.3337996421146546 off 0.31852114967198086	false	1.0
korrupt	off 1.0		neg 0.34655665810820657 __DUMMY__ 0.3456944438153193 off 0.3077488980764741	false	0.5
unmut	neg 1.0		__DUMMY__ 0.34886336595317874 neg 0.34649435215651936 off 0.3046422818903019	false	1.0
hackfresse	off 1.0		__DUMMY__ 0.3452515258205691 neg 0.33143994376050606 off 0.3233085304189247	false	0.5
aufblasen	neg 1.0		__DUMMY__ 0.3493249783373438 neg 0.33736258312509154 off 0.3133124385375647	false	1.0
gewaltsam	neg 1.0		__DUMMY__ 0.346259330449778 neg 0.34196883711392434 off 0.3117718324362977	false	1.0
unbeliebtheit	neg 1.0		__DUMMY__ 0.34346602535371745 neg 0.33987259208562176 off 0.31666138256066084	false	1.0
sturheit	neg 1.0		__DUMMY__ 0.34727852808819265 neg 0.3431484206406714 off 0.30957305127113605	false	1.0
kuh	neg 1.0		__DUMMY__ 0.34705799859958136 neg 0.3401341237126451 off 0.3128078776877737	false	1.0
erschrecken	neg 1.0		__DUMMY__ 0.34809060007006876 neg 0.33685185079204977 off 0.3150575491378815	false	1.0
opfer	neg 1.0		__DUMMY__ 0.34859842245353795 neg 0.34377877734543555 off 0.30762280020102656	false	1.0
sinken	neg 1.0		__DUMMY__ 0.34891656727775544 neg 0.34558115331668504 off 0.3055022794055595	false	1.0
stinktier	neg 1.0		__DUMMY__ 0.34498809073359116 neg 0.335159637790052 off 0.31985227147635675	false	1.0
tucke	off 1.0		__DUMMY__ 0.34595450411344253 neg 0.3295874251591487 off 0.3244580707274088	false	0.5
ein			__DUMMY__ 0.3499906807595736 neg 0.3372378508187555 off 0.31277146842167086	false	0.0
abstieg	neg 1.0		__DUMMY__ 0.34716427307884645 neg 0.343882359491452 off 0.3089533674297015	false	1.0
missverstehen	neg 1.0		__DUMMY__ 0.346441448209818 neg 0.3410968052307666 off 0.31246174655941533	false	1.0
ergebnislos	neg 1.0		__DUMMY__ 0.3475536376683215 neg 0.3438722155050286 off 0.30857414682664985	false	1.0
unter			__DUMMY__ 0.35281381199101014 neg 0.3452191563217352 off 0.30196703168725475	false	0.0
manipulieren	neg 1.0		__DUMMY__ 0.34908445361166196 neg 0.3436252836195416 off 0.30729026276879645	false	1.0
unbewiesen	neg 1.0		neg 0.34603816897674666 __DUMMY__ 0.3442301035471481 off 0.3097317274761053	false	1.0
verschleppen	neg 1.0		__DUMMY__ 0.34793759837396854 neg 0.34330648200537617 off 0.30875591962065513	false	1.0
weib	off 1.0		__DUMMY__ 0.34473110108246585 neg 0.3307027779264729 off 0.3245661209910614	false	0.5
opposition	neg 1.0		__DUMMY__ 0.34558338594441806 neg 0.3421588994318428 off 0.31225771462373897	false	1.0
verkehrswidrig	neg 1.0		__DUMMY__ 0.34752452847051185 neg 0.3297233528113605 off 0.32275211871812765	false	1.0
inkorrekt	neg 1.0		__DUMMY__ 0.3443756534437195 neg 0.34005869543694867 off 0.3155656511193319	false	1.0
vermeiden	neg 1.0		__DUMMY__ 0.3515302019058128 neg 0.34439954108565274 off 0.30407025700853435	false	1.0
abweichung	neg 1.0		neg 0.346666257959366 __DUMMY__ 0.34576168259215195 off 0.30757205944848215	false	1.0
alkoholisiert	neg 1.0		__DUMMY__ 0.3507122672646487 neg 0.33856316669153 off 0.31072456604382126	false	1.0
scheiss	off 1.0	off 1.0	off 0.6458022078705157 neg 0.185077126232246 __DUMMY__ 0.16912066589723823	false	1.0
herausforderung	neg 1.0		__DUMMY__ 0.3509475627082089 neg 0.3389786983011083 off 0.31007373899068275	false	1.0
pervers	off 1.0		__DUMMY__ 0.3437816355491977 neg 0.3292029551009958 off 0.32701540934980655	false	0.5
wackelig	neg 1.0		__DUMMY__ 0.35133252880200055 neg 0.3383458073734484 off 0.31032166382455095	false	1.0
verwickeln	neg 1.0		__DUMMY__ 0.34709574924701747 neg 0.340388080182627 off 0.31251617057035563	false	1.0
vorwand	neg 1.0		__DUMMY__ 0.34825380496385955 neg 0.3465316255231672 off 0.3052145695129731	false	1.0
muschi	off 1.0		__DUMMY__ 0.34672369968894173 neg 0.34215747648056 off 0.31111882383049827	false	0.5
entmutigung	neg 1.0		neg 0.3443352284500599 __DUMMY__ 0.3435433845502108 off 0.3121213869997293	false	1.0
unangemessen	neg 1.0		__DUMMY__ 0.3466601019950419 neg 0.3455310888292082 off 0.3078088091757499	false	1.0
unstetig	neg 1.0		__DUMMY__ 0.34700596909517 neg 0.3377694244204635 off 0.31522460648436634	false	1.0
entmutigen	neg 1.0		__DUMMY__ 0.34884634911585966 neg 0.3382634597698459 off 0.31289019111429445	false	1.0
schwanz	neg 1.0		__DUMMY__ 0.3479848205129906 neg 0.34272783300749154 off 0.30928734647951783	false	1.0
verbot	neg 1.0		neg 0.3459793586413563 __DUMMY__ 0.3457108072073921 off 0.3083098341512515	false	1.0
leid	neg 1.0		__DUMMY__ 0.3458194088827334 neg 0.3326332703285417 off 0.3215473207887251	false	1.0
archaisch	neg 1.0		__DUMMY__ 0.34736674371087317 neg 0.343744754843297 off 0.3088885014458298	false	1.0
gegen			neg 0.34757910410219905 __DUMMY__ 0.34732412613877117 off 0.30509676975902983	false	0.0
scheidung	neg 1.0	neg 1.0	neg 0.6461546173549215 off 0.18607820962247867 __DUMMY__ 0.16776717302259983	false	1.0
einschlag	neg 1.0		__DUMMY__ 0.34476524105967055 neg 0.3350532504919612 off 0.3201815084483681	false	1.0
m			__DUMMY__ 0.3494062157891112 neg 0.3399549677505215 off 0.3106388164603674	false	0.0
abgestanden	neg 1.0		__DUMMY__ 0.3496520057463325 neg 0.3379824127477309 off 0.3123655815059366	false	1.0
schmierig	off 1.0		__DUMMY__ 0.34670095198581863 neg 0.33249257432534907 off 0.3208064736888323	false	0.5
unpraktisch	neg 1.0		__DUMMY__ 0.3495150575356661 neg 0.33712108058429113 off 0.3133638618800427	false	1.0
wixxer	off 1.0		__DUMMY__ 0.34324773942025316 neg 0.3297645680248185 off 0.32698769255492843	false	0.5
bezeichnet			__DUMMY__ 0.3469041283224633 neg 0.3433606109842298 off 0.3097352606933069	false	0.0
jammerlappen	off 1.0		__DUMMY__ 0.3471959569496753 neg 0.3371642237344994 off 0.3156398193158252	false	0.5
farce	neg 1.0		neg 0.3472147815890092 __DUMMY__ 0.344544822558194 off 0.30824039585279694	false	1.0
zwecklos	neg 1.0		__DUMMY__ 0.34737598280641807 neg 0.34478914739400873 off 0.30783486979957336	false	1.0
turbulent	neg 1.0		__DUMMY__ 0.3456482776174588 neg 0.3349554453117504 off 0.31939627707079066	false	1.0
invasion	neg 1.0		__DUMMY__ 0.3483238880361835 neg 0.3366429435355012 off 0.3150331684283153	false	1.0
schuld	neg 1.0		__DUMMY__ 0.34749619553211725 neg 0.34081629577676426 off 0.3116875086911185	false	1.0
risiko	neg 1.0		__DUMMY__ 0.3492412293817882 neg 0.334904214376108 off 0.3158545562421037	false	1.0
finster	neg 1.0		__DUMMY__ 0.34952186795986 neg 0.3380666198756498 off 0.31241151216449026	false	1.0
geisteskrank	off 1.0		__DUMMY__ 0.3451194375242037 neg 0.33847871744762614 off 0.31640184502817	false	0.5
zusammenbrechen	neg 1.0		__DUMMY__ 0.3492998289097843 neg 0.3405170764901001 off 0.3101830946001156	false	1.0
ausbeute	neg 1.0		__DUMMY__ 0.35008440296079407 neg 0.3405140669856942 off 0.3094015300535117	false	1.0
hinterhalt	neg 1.0		__DUMMY__ 0.348116952648566 neg 0.3390713848785737 off 0.3128116624728604	false	1.0
kritik	neg 1.0		neg 0.34593023708368187 __DUMMY__ 0.3453585144950831 off 0.3087112484212351	false	1.0
einschrumpfen	neg 1.0		__DUMMY__ 0.3453188341728713 neg 0.3402242172274527 off 0.3144569485996759	false	1.0
riskant	neg 1.0		__DUMMY__ 0.3487966050346425 neg 0.3439056376814236 off 0.3072977572839339	false	1.0
frustrieren	neg 1.0		__DUMMY__ 0.3485732375248962 neg 0.34426322013623123 off 0.30716354233887266	false	1.0
groll	neg 1.0		__DUMMY__ 0.3477790445825806 neg 0.34385337542829014 off 0.30836757998912934	false	1.0
gibt			__DUMMY__ 0.34853097875879574 neg 0.3421956857769888 off 0.3092733354642153	false	0.0
qualvoll	neg 1.0		__DUMMY__ 0.3487941682730608 neg 0.33694221296260946 off 0.3142636187643297	false	1.0
wackeln	neg 1.0		__DUMMY__ 0.34994615447293476 neg 0.33709507979431086 off 0.31295876573275444	false	1.0
klagen	neg 1.0		__DUMMY__ 0.34780635082194716 neg 0.34734324092468416 off 0.3048504082533688	false	1.0
bankrott	neg 1.0		__DUMMY__ 0.3478706594297 neg 0.3355821031299886 off 0.31654723744031127	false	1.0
trauern	neg 1.0		__DUMMY__ 0.3488782612874035 neg 0.34343086661296734 off 0.3076908720996292	false	1.0
ablehnung	neg 1.0	neg 1.0	neg 0.6610988050798557 off 0.1706267256612322 __DUMMY__ 0.168274469258912	false	1.0
stur	neg 1.0		__DUMMY__ 0.34762276883750487 neg 0.34018144147357837 off 0.3121957896889167	false	1.0
aufruhr	neg 1.0		__DUMMY__ 0.3460183994900493 neg 0.34292653913720683 off 0.3110550613727438	false	1.0
melancholie	neg 1.0		__DUMMY__ 0.35068574626518584 neg 0.3391836700224837 off 0.3101305837123306	false	1.0
ist			__DUMMY__ 0.3477376701171663 neg 0.33973212264049046 off 0.3125302072423433	false	0.0
torheit	neg 1.0		__DUMMY__ 0.3448802096170203 neg 0.3441446649893657 off 0.3109751253936141	false	1.0
dreckskind	off 1.0		__DUMMY__ 0.3433185809870011 neg 0.3355081966825841 off 0.32117322233041484	false	0.5
umtauschen	neg 1.0		__DUMMY__ 0.3495834016476884 neg 0.3387808259227513 off 0.3116357724295602	false	1.0
zum			__DUMMY__ 0.35225934385928226 neg 0.34286558055243027 off 0.3048750755882876	false	0.0
zersetzen	neg 1.0		__DUMMY__ 0.34845289769928783 neg 0.3453716095523556 off 0.30617549274835665	false	1.0
zur			__DUMMY__ 0.3492476003033707 neg 0.3478143341203162 off 0.302938065576313	false	0.0
frust	neg 1.0		__DUMMY__ 0.3488424690211198 neg 0.341565732377669 off 0.30959179860121133	false	1.0
unerbittlichkeit	neg 1.0		__DUMMY__ 0.34828745975865366 neg 0.34459083275161356 off 0.3071217074897328	false	1.0
zwei			__DUMMY__ 0.35138979248209445 neg 0.3422968261686964 off 0.30631338134920916	false	0.0
unkorrekt	neg 1.0		__DUMMY__ 0.3444935133512759 neg 0.339083812377549 off 0.3164226742711752	false	1.0
hexe	off 1.0		__DUMMY__ 0.3475073015120534 neg 0.33570001554256085 off 0.3167926829453856	false	0.5
lasch	neg 1.0		__DUMMY__ 0.346439741396585 neg 0.33969428847816113 off 0.31386597012525386	false	1.0
rivale	neg 1.0		__DUMMY__ 0.3453050871705822 neg 0.33470834623009255 off 0.3199865665993252	false	1.0
mutlos	off 1.0	off 1.0	off 0.6399406247066908 neg 0.19092221975277143 __DUMMY__ 0.16913715554053785	false	1.0
wirr	off 1.0		__DUMMY__ 0.3449818911492875 neg 0.3364039699400418 off 0.3186141389106707	false	0.5
jahr			__DUMMY__ 0.3505997887274362 neg 0.3409744917571577 off 0.30842571951540604	false	0.0
wird			__DUMMY__ 0.3487343819542935 neg 0.34332714342911025 off 0.30793847461659624	false	0.0
strafbar	neg 1.0		neg 0.3469764561003127 __DUMMY__ 0.3466448219856287 off 0.30637872191405874	false	1.0
erosion	neg 1.0		__DUMMY__ 0.34894879924814237 neg 0.33746176648989706 off 0.31358943426196056	false	1.0
eingehen	neg 1.0		__DUMMY__ 0.34788877334165574 neg 0.3443204644253424 off 0.30779076223300195	false	1.0
faul	off 1.0		__DUMMY__ 0.3487206489290499 neg 0.33503043385223796 off 0.31624891721871223	false	0.5
provisorium	neg 1.0		__DUMMY__ 0.3521983465983817 neg 0.3467201647368454 off 0.30108148866477286	false	1.0
schmerzen	neg 1.0		__DUMMY__ 0.34949994645081783 neg 0.339751626639438 off 0.31074842690974425	false	1.0
schrumpfen	neg 1.0		__DUMMY__ 0.35017985470904955 neg 0.3466189489595754 off 0.3032011963313751	false	1.0
geistlos	off 1.0		__DUMMY__ 0.34452843209924683 neg 0.34296045830203076 off 0.31251110959872247	false	0.5
fehlkauf	neg 1.0		__DUMMY__ 0.346778416368816 neg 0.33930601470546684 off 0.31391556892571726	false	1.0
frustrierend	neg 1.0		__DUMMY__ 0.3478012733253617 neg 0.33741002417988697 off 0.31478870249475127	false	1.0
unzufrieden	neg 1.0		__DUMMY__ 0.3481064662326905 neg 0.34356924839972847 off 0.3083242853675811	false	1.0
verzweifeln	neg 1.0		__DUMMY__ 0.3488429812241399 neg 0.3403895548285717 off 0.31076746394728827	false	1.0
verzweifelt	neg 1.0		__DUMMY__ 0.3477540915676011 neg 0.3400893911806436 off 0.3121565172517552	false	1.0
misstrauensantrag	neg 1.0		__DUMMY__ 0.3457764776016688 neg 0.34102776103335136 off 0.3131957613649798	false	1.0
abfallen	neg 1.0		__DUMMY__ 0.35063388893868913 neg 0.33576528935696204 off 0.31360082170434894	false	1.0
fucker	off 1.0		__DUMMY__ 0.3455982732550088 neg 0.3356947966419444 off 0.31870693010304696	false	0.5
ungezogen	neg 1.0		__DUMMY__ 0.34516095369963884 neg 0.3297991619146321 off 0.3250398843857292	false	1.0
irrsinnig	neg 1.0	neg 1.0	neg 0.6588872538124099 off 0.17207306463682312 __DUMMY__ 0.169039681550767	false	1.0
unfassbar	neg 1.0		__DUMMY__ 0.34728621304397994 neg 0.3363949728851121 off 0.316318814070908	false	1.0
hart	neg 1.0		__DUMMY__ 0.3463611314838781 neg 0.3374131469783379 off 0.316225721537784	false	1.0
widerlich	off 1.0		__DUMMY__ 0.34608456877370714 neg 0.33735293514254994 off 0.3165624960837429	false	0.5
fatal	neg 1.0		__DUMMY__ 0.34709357744890734 neg 0.3389440002292957 off 0.3139624223217971	false	1.0
bruch	neg 1.0		neg 0.3487563362703912 __DUMMY__ 0.34724607478109065 off 0.30399758894851814	false	1.0
aushungern	neg 1.0		__DUMMY__ 0.3458088073485319 neg 0.34370207179447393 off 0.3104891208569942	false	1.0
anspannung	neg 1.0		__DUMMY__ 0.351221311874522 neg 0.343343972710906 off 0.30543471541457196	false	1.0
von			__DUMMY__ 0.34993309884186047 neg 0.34323388061203847 off 0.30683302054610107	false	0.0
kraftlos	neg 1.0		__DUMMY__ 0.350979235365731 neg 0.3392518461047169 off 0.309768918529552	false	1.0
vom			__DUMMY__ 0.35201185312579447 neg 0.34585011072849764 off 0.30213803614570794	false	0.0
grenzdebil	off 1.0		__DUMMY__ 0.34735008322156835 neg 0.3350872708385334 off 0.3175626459398983	false	0.5
vor			__DUMMY__ 0.3501003005640544 neg 0.3440883526006234 off 0.3058113468353222	false	0.0
unterwerfen	neg 1.0		__DUMMY__ 0.34804267989554893 neg 0.34437243050771565 off 0.30758488959673536	false	1.0
versenkung	neg 1.0		__DUMMY__ 0.34842386872444714 neg 0.34445199524036246 off 0.3071241360351904	false	1.0
entziehen	neg 1.0		__DUMMY__ 0.3484992049025135 neg 0.34676183542149686 off 0.3047389596759897	false	1.0
finanzkrise	neg 1.0		__DUMMY__ 0.34571421023115917 neg 0.34422306122094737 off 0.31006272854789346	false	1.0
schimpfend	neg 1.0		__DUMMY__ 0.3511158244427755 neg 0.33404509548017375 off 0.31483908007705075	false	1.0
profan	neg 1.0		__DUMMY__ 0.34790101295578624 neg 0.33870309068910986 off 0.3133958963551039	false	1.0
korruption	neg 1.0		neg 0.34632205189787596 __DUMMY__ 0.3457714871158597 off 0.3079064609862642	false	1.0
â			__DUMMY__ 0.3491948231617653 neg 0.34132148066953033 off 0.3094836961687043	false	0.0
schmutzig	neg 1.0		__DUMMY__ 0.34877498168440235 neg 0.3333608581346264 off 0.3178641601809713	false	1.0
sexy	neg 1.0		__DUMMY__ 0.34752658262358405 neg 0.3367482123214656 off 0.3157252050549504	false	1.0
abraten	neg 1.0		__DUMMY__ 0.34846717423418483 neg 0.33882825753827267 off 0.3127045682275424	false	1.0
schwarz	neg 1.0		__DUMMY__ 0.3472751436214826 neg 0.3396607549205081 off 0.31306410145800945	false	1.0
fotze	off 1.0		__DUMMY__ 0.3472256629114241 neg 0.34341387084309255 off 0.30936046624548336	false	0.5
verwirren	neg 1.0		__DUMMY__ 0.34762014849465017 neg 0.33826392907933545 off 0.3141159224260142	false	1.0
zahnlos	off 1.0		__DUMMY__ 0.3470079071117241 neg 0.3450286238831563 off 0.3079634690051196	false	0.5
verheeren	neg 1.0		__DUMMY__ 0.34357074597641435 neg 0.3297419562239938 off 0.32668729779959177	false	1.0
hippie	neg 1.0		__DUMMY__ 0.34732267144222223 neg 0.3373168202010458 off 0.315360508356732	false	1.0
rammen	neg 1.0		__DUMMY__ 0.34767712757513675 neg 0.3380531225616466 off 0.31426974986321665	false	1.0
unlauter	neg 1.0	neg 1.0	neg 0.658866800547734 off 0.1728528419853306 __DUMMY__ 0.16828035746693526	false	1.0
unheilvoll	neg 1.0		__DUMMY__ 0.3486000192160188 neg 0.33766955168237817 off 0.3137304291016029	false	1.0
niedrig	neg 1.0		__DUMMY__ 0.34767259992834976 neg 0.3442205306144397 off 0.3081068694572106	false	1.0
explosion	neg 1.0		__DUMMY__ 0.3479958234134245 neg 0.33683630149231003 off 0.31516787509426564	false	1.0
weichei	off 1.0		__DUMMY__ 0.34529873563936825 neg 0.33270735950225355 off 0.3219939048583781	false	0.5
minusmensch	off 1.0		__DUMMY__ 0.3416857249705394 neg 0.3332188218350456 off 0.3250954531944151	false	0.5
farblos	neg 1.0		__DUMMY__ 0.34808629391147416 neg 0.3391720035897667 off 0.3127417024987593	false	1.0
unwissend	neg 1.0		__DUMMY__ 0.3464645205357705 neg 0.3377310925991039 off 0.31580438686512574	false	1.0
traurig	neg 1.0		__DUMMY__ 0.347292224796636 neg 0.3332193200387374 off 0.31948845516462654	false	1.0
senkung	neg 1.0		__DUMMY__ 0.3470998318450531 neg 0.33831146057937267 off 0.3145887075755741	false	1.0
ungleich	neg 1.0	neg 1.0	neg 0.6612164866453067 off 0.1695664590790326 __DUMMY__ 0.16921705427566064	false	1.0
heikel	neg 1.0		__DUMMY__ 0.3484336448433902 neg 0.3455452280434047 off 0.306021127113205	false	1.0
drosselung	neg 1.0		__DUMMY__ 0.3471576118117798 neg 0.33301524255101517 off 0.3198271456372051	false	1.0
falsch	neg 1.0		__DUMMY__ 0.34725602658337523 neg 0.33771408128420155 off 0.3150298921324232	false	1.0
unzufriedenheit	neg 1.0		__DUMMY__ 0.34848874838671584 neg 0.3455475725146929 off 0.3059636790985912	false	1.0
kurz	neg 1.0		__DUMMY__ 0.35026292116142244 neg 0.3392022711083628 off 0.3105348077302148	false	1.0
unsinnig	neg 1.0		__DUMMY__ 0.34760419686411154 neg 0.34385808086632125 off 0.30853772226956727	false	1.0
penner	off 1.0	off 1.0	off 0.6491236999306974 neg 0.18280573458731234 __DUMMY__ 0.16807056548199026	false	1.0
seicht	neg 1.0		__DUMMY__ 0.34360070530370906 neg 0.3325953955944269 off 0.32380389910186397	false	1.0
dummheit	off 1.0	off 1.0	off 0.6431362277485694 neg 0.18815985750904216 __DUMMY__ 0.16870391474238847	false	1.0
unerfreulich	neg 1.0		__DUMMY__ 0.3491973661403739 neg 0.34497114249437066 off 0.30583149136525545	false	1.0
motherfucker	off 1.0	off 1.0	off 0.6462797323662957 neg 0.1854672148431069 __DUMMY__ 0.1682530527905974	false	1.0
pikiert	neg 1.0		__DUMMY__ 0.3465180819856573 neg 0.33804802673877304 off 0.31543389127556976	false	1.0
wrack	neg 1.0		__DUMMY__ 0.3484851719143146 neg 0.34232482457199886 off 0.3091900035136865	false	1.0
gangster	neg 1.0		__DUMMY__ 0.347456955390633 neg 0.33800304897477235 off 0.3145399956345947	false	1.0
krank	neg 1.0		__DUMMY__ 0.34827181703998733 neg 0.33373254897140675 off 0.3179956339886059	false	1.0
reich	neg 1.0		__DUMMY__ 0.34370356365006677 neg 0.3409218500751629 off 0.31537458627477033	false	1.0
gnadenlos	neg 1.0		__DUMMY__ 0.34757849452126727 neg 0.340570544590162 off 0.31185096088857084	false	1.0
niedergeschlagen	neg 1.0		__DUMMY__ 0.3492036393776315 neg 0.3405735650951047 off 0.3102227955272638	false	1.0
terrorisieren	off 1.0	off 1.0	off 0.6400716891069695 neg 0.19006176059356478 __DUMMY__ 0.16986655029946568	false	1.0
sinnlosigkeit	neg 1.0		__DUMMY__ 0.34754973689092405 neg 0.34404455511420473 off 0.3084057079948713	false	1.0
behindern	neg 1.0		__DUMMY__ 0.34911410182015 neg 0.3391306588378523 off 0.3117552393419977	false	1.0
undemokratisch	neg 1.0		__DUMMY__ 0.3451368136221624 neg 0.34341318522099423 off 0.3114500011568433	false	1.0
wirtschaftskrise	neg 1.0		__DUMMY__ 0.34684859420282177 neg 0.34460147283006476 off 0.30854993296711347	false	1.0
neid	neg 1.0		__DUMMY__ 0.3490575692575115 neg 0.3352371063639908 off 0.3157053243784977	false	1.0
rutschen	neg 1.0		__DUMMY__ 0.3532878203558349 neg 0.34087687256725324 off 0.3058353070769117	false	1.0
rezession	neg 1.0		__DUMMY__ 0.3441908385035 neg 0.33566696310424526 off 0.3201421983922548	false	1.0
fehlgeburt	neg 1.0		__DUMMY__ 0.34847904313140493 neg 0.33902484942367483 off 0.3124961074449203	false	1.0
charakterschwach	off 1.0		__DUMMY__ 0.34611379977951473 neg 0.33748916961279896 off 0.3163970306076863	false	0.5
isolation	neg 1.0		__DUMMY__ 0.3470696559563573 neg 0.33643572694040785 off 0.3164946171032349	false	1.0
ablenkung	neg 1.0		__DUMMY__ 0.348909117351495 neg 0.33921260960794347 off 0.31187827304056165	false	1.0
pech	neg 1.0		__DUMMY__ 0.34799706043536555 neg 0.33741105890978795 off 0.3145918806548465	false	1.0
vermeidung	neg 1.0		__DUMMY__ 0.34795617001700424 neg 0.3330578836399887 off 0.31898594634300703	false	1.0
dominieren	neg 1.0		__DUMMY__ 0.3471529649267367 neg 0.34360201589007655 off 0.3092450191831868	false	1.0
schwindlig	neg 1.0		__DUMMY__ 0.3491940790925802 neg 0.33594169796726864 off 0.31486422294015104	false	1.0
lutscher	neg 1.0		__DUMMY__ 0.3436718762852618 neg 0.33154830315504064 off 0.32477982055969745	false	1.0
pflicht	neg 1.0		__DUMMY__ 0.34833094720707186 neg 0.3458710948461928 off 0.3057979579467355	false	1.0
faschist	off 1.0		__DUMMY__ 0.34528015367255466 neg 0.34199383882376266 off 0.3127260075036826	false	0.5
verschleudern	neg 1.0		__DUMMY__ 0.3466381398747864 neg 0.3457477853889685 off 0.307614074736245	false	1.0
wenn			__DUMMY__ 0.347334303777127 neg 0.337641824807259 off 0.31502387141561405	false	0.0
ehebruch	neg 1.0		__DUMMY__ 0.3475054909823068 neg 0.34475321562247885 off 0.3077412933952144	false	1.0
spott	off 1.0		__DUMMY__ 0.34769688721368575 neg 0.34516658694788765 off 0.30713652583842665	false	0.5
trostlosigkeit	neg 1.0		neg 0.3480440209940331 __DUMMY__ 0.34673701163161386 off 0.30521896737435306	false	1.0
lutschen	neg 1.0		__DUMMY__ 0.3457152733986694 neg 0.3390305466167729 off 0.31525417998455774	false	1.0
undiszipliniert	neg 1.0		__DUMMY__ 0.34677465217595244 neg 0.3347400590456579 off 0.3184852887783896	false	1.0
kopfschmerz	neg 1.0		__DUMMY__ 0.34906779770941143 neg 0.33964428119744267 off 0.311287921093146	false	1.0
unvorhergesehen	neg 1.0		__DUMMY__ 0.35072269568656034 neg 0.3386850829580201 off 0.31059222135541953	false	1.0
desinteressiert	neg 1.0		__DUMMY__ 0.3461976750142296 neg 0.3359686800756274 off 0.31783364491014304	false	1.0
armselig	off 1.0		__DUMMY__ 0.3455413937653717 neg 0.33589408213577554 off 0.31856452409885283	false	0.5
desaster	neg 1.0		neg 0.3496541813597301 __DUMMY__ 0.34696713770690146 off 0.3033786809333684	false	1.0
tod	neg 1.0		__DUMMY__ 0.3472812474774378 neg 0.34521973650859206 off 0.30749901601397	false	1.0
herzlos	neg 1.0		__DUMMY__ 0.3470535226652886 neg 0.33277957214422793 off 0.3201669051904834	false	1.0
unwissenheit	neg 1.0		__DUMMY__ 0.34738050531211734 neg 0.34424710443536716 off 0.3083723902525154	false	1.0
widersinnig	neg 1.0		neg 0.34678156701453966 __DUMMY__ 0.3449733560657794 off 0.308245076919681	false	1.0
bedenklich	neg 1.0		__DUMMY__ 0.34816647536257367 neg 0.34481578143179487 off 0.3070177432056314	false	1.0
beanstanden	neg 1.0		__DUMMY__ 0.3482376744344112 neg 0.34647911495110617 off 0.30528321061448255	false	1.0
panisch	neg 1.0	neg 1.0	neg 0.6551490695281048 off 0.17393963935184376 __DUMMY__ 0.17091129112005155	false	1.0
debil	off 1.0		__DUMMY__ 0.3497426223728657 neg 0.34694286115456857 off 0.3033145164725658	false	0.5
abstrich	neg 1.0		__DUMMY__ 0.3505091703359886 neg 0.33628750355100134 off 0.3132033261130101	false	1.0
primitiv	neg 1.0		__DUMMY__ 0.3458612799536087 neg 0.3370814423379392 off 0.31705727770845205	false	1.0
abschaum	off 1.0	off 1.0	off 0.6444533533501766 neg 0.18719612692455437 __DUMMY__ 0.1683505197252689	false	1.0
provozieren	neg 1.0		__DUMMY__ 0.3469429012346652 neg 0.34214791665383015 off 0.3109091821115047	false	1.0
tot	neg 1.0		__DUMMY__ 0.34771420234560413 neg 0.34202100495706866 off 0.3102647926973272	false	1.0
instabil	neg 1.0		__DUMMY__ 0.3440409499856062 neg 0.3369889202679025 off 0.3189701297464914	false	1.0
schwuchtel	off 1.0		__DUMMY__ 0.3413344901994581 neg 0.32935224027130117 off 0.3293132695292406	false	0.5
zerren	neg 1.0		__DUMMY__ 0.3489779602866823 neg 0.3411397556791206 off 0.3098822840341971	false	1.0
kinderficker	off 1.0		__DUMMY__ 0.3444294942059808 neg 0.33508415750993653 off 0.32048634828408273	false	0.5
gefahr	neg 1.0		__DUMMY__ 0.34727974601090444 neg 0.3455476616416121 off 0.3071725923474834	false	1.0
rabiat	neg 1.0		__DUMMY__ 0.3479106669058835 neg 0.34098793521307713 off 0.3111013978810394	false	1.0
verlangsamung	neg 1.0		__DUMMY__ 0.3439858103255928 neg 0.3322342638545408 off 0.3237799258198665	false	1.0
ausgestorben	neg 1.0		__DUMMY__ 0.3485702529981359 neg 0.34169529450185215 off 0.309734452500012	false	1.0
anklagen	neg 1.0		__DUMMY__ 0.34714058655735647 neg 0.3423902111108554 off 0.3104692023317881	false	1.0
trott	neg 1.0		__DUMMY__ 0.34870084956172265 neg 0.3396131854147967 off 0.3116859650234807	false	1.0
verminderung	neg 1.0		__DUMMY__ 0.34635121514993794 neg 0.33476628418224746 off 0.3188825006678146	false	1.0
nach			__DUMMY__ 0.3522727112633265 neg 0.34266583577445076 off 0.30506145296222276	false	0.0
rost	neg 1.0		__DUMMY__ 0.344642147234055 neg 0.33090683631603496 off 0.32445101644991	false	1.0
destruktiv	neg 1.0		__DUMMY__ 0.34669098513807317 neg 0.3438168638752519 off 0.30949215098667493	false	1.0
unzumutbarkeit	neg 1.0		__DUMMY__ 0.34727071709775115 neg 0.3341225193519817 off 0.3186067635502672	false	1.0
labil	off 1.0	off 1.0	off 0.6451238866070218 neg 0.18646230810237627 __DUMMY__ 0.16841380529060185	false	1.0
ziemlich	neg 1.0		__DUMMY__ 0.34722736485061256 neg 0.3358671504405226 off 0.31690548470886476	false	1.0
lachnummer	off 1.0		__DUMMY__ 0.3466108776782221 neg 0.34398204806583677 off 0.3094070742559412	false	0.5
oder			__DUMMY__ 0.34911122227234426 neg 0.3392986579532275 off 0.31159011977442813	false	0.0
verfall	neg 1.0		__DUMMY__ 0.3492101054163478 neg 0.3481691650568309 off 0.3026207295268212	false	1.0
ausgrenzung	neg 1.0		__DUMMY__ 0.345413312151818 neg 0.3421308220701042 off 0.3124558657780777	false	1.0
unordnung	neg 1.0		__DUMMY__ 0.3442699577340627 neg 0.33587743891029265 off 0.3198526033556447	false	1.0
fehlverhalten	neg 1.0		__DUMMY__ 0.3473154991391932 neg 0.34619599345807545 off 0.3064885074027313	false	1.0
eine			__DUMMY__ 0.34988560385917333 neg 0.34404207792569325 off 0.3060723182151333	false	0.0
nille	neg 1.0		__DUMMY__ 0.3462607915894173 neg 0.3431838109562222 off 0.31055539745436045	false	1.0
qual	neg 1.0		__DUMMY__ 0.3485003746819609 neg 0.34002424987695706 off 0.31147537544108206	false	1.0
verschwenden	neg 1.0		__DUMMY__ 0.3488113154767265 neg 0.34360706009524977 off 0.3075816244280238	false	1.0
riesig	neg 1.0		__DUMMY__ 0.349398460771152 neg 0.33923652830427087 off 0.31136501092457713	false	1.0
verurteilen	neg 1.0		__DUMMY__ 0.347034891308275 neg 0.34455683918439695 off 0.308408269507328	false	1.0
klischee	neg 1.0	neg 1.0	neg 0.6582616056577181 off 0.1733689921497026 __DUMMY__ 0.1683694021925792	false	1.0
diktatorisch	neg 1.0		__DUMMY__ 0.34451952156382276 neg 0.3444513950004655 off 0.3110290834357116	false	1.0
vorhersehbar	neg 1.0		__DUMMY__ 0.34629454614332394 neg 0.34116398078225835 off 0.31254147307441776	false	1.0
sowie			__DUMMY__ 0.3440255665304175 neg 0.3339567721991748 off 0.3220176612704078	false	0.0
stornieren	neg 1.0		__DUMMY__ 0.3493026768959244 neg 0.3355114490604524 off 0.31518587404362314	false	1.0
besteuerung	neg 1.0		__DUMMY__ 0.34727874901393 neg 0.3400647360765387 off 0.31265651490953134	false	1.0
ungeschminkt	neg 1.0		__DUMMY__ 0.3470337818752792 neg 0.3352796275247033 off 0.31768659060001736	false	1.0
kritisch	neg 1.0		__DUMMY__ 0.347409743352454 neg 0.34566077111590965 off 0.3069294855316364	false	1.0
schlamperei	off 1.0		__DUMMY__ 0.34677063802556146 neg 0.345998029026736 off 0.30723133294770266	false	0.5
sucht	neg 1.0	neg 1.0	neg 0.654505587264999 off 0.17461416753796752 __DUMMY__ 0.17088024519703343	false	1.0
egoistisch	off 1.0		__DUMMY__ 0.3454746247114097 neg 0.3326101067607369 off 0.3219152685278534	false	0.5
ausbeuter	off 1.0		__DUMMY__ 0.34723453347942534 neg 0.3466323275894357 off 0.306133138931139	false	0.5
arschgeburt	off 1.0		__DUMMY__ 0.34130378127824107 neg 0.3295603525190742 off 0.3291358662026848	false	0.5
schubs	neg 1.0	neg 1.0	neg 0.6579685602834654 off 0.17121122193565969 __DUMMY__ 0.1708202177808749	false	1.0
unsolide	neg 1.0		neg 0.3450072459941387 __DUMMY__ 0.3419388406903662 off 0.3130539133154952	false	1.0
beschwerde	neg 1.0		__DUMMY__ 0.3467767063637858 neg 0.3451127479444733 off 0.3081105456917409	false	1.0
stocken	neg 1.0		__DUMMY__ 0.34863290142576614 neg 0.3426342539131237 off 0.3087328446611101	false	1.0
isolieren	neg 1.0		__DUMMY__ 0.3496253840454596 neg 0.3387958902745005 off 0.3115787256800398	false	1.0
unheilbar	neg 1.0		__DUMMY__ 0.34849957484892696 neg 0.33905699633250513 off 0.31244342881856796	false	1.0
pisser	off 1.0		__DUMMY__ 0.3448798086862018 neg 0.3356053278659543 off 0.3195148634478438	false	0.5
löschen	neg 1.0		__DUMMY__ 0.3474942411770532 neg 0.3401290610270399 off 0.31237669779590693	false	1.0
durchfallen	neg 1.0		__DUMMY__ 0.34799516203041714 neg 0.3445319017446771 off 0.3074729362249057	false	1.0
wichser	off 1.0		__DUMMY__ 0.34392866172562075 neg 0.3298698665853631 off 0.32620147168901614	false	0.5
terror	neg 1.0		__DUMMY__ 0.34818481180871874 neg 0.33616124348762677 off 0.3156539447036546	false	1.0
krass	neg 1.0		__DUMMY__ 0.3462695723327494 neg 0.3335666912655327 off 0.32016373640171786	false	1.0
revolte	neg 1.0	neg 1.0	neg 0.6598363988186124 off 0.17295187275763652 __DUMMY__ 0.16721172842375107	false	1.0
besorgt	neg 1.0		__DUMMY__ 0.3502514123653342 neg 0.3391799481843751 off 0.3105686394502907	false	1.0
nachlassen	neg 1.0		__DUMMY__ 0.34994752315441197 neg 0.3398112834097812 off 0.31024119343580686	false	1.0
alt	neg 1.0		__DUMMY__ 0.3498924368871642 neg 0.34216951740647905 off 0.3079380457063567	false	1.0
hundesohn	off 1.0		__DUMMY__ 0.34255041718850027 neg 0.33284080225108986 off 0.3246087805604098	false	0.5
als			__DUMMY__ 0.34911524199898214 neg 0.34181987943887365 off 0.3090648785621444	false	0.0
abschreckung	neg 1.0		__DUMMY__ 0.3479057698039574 neg 0.3466579947609398 off 0.30543623543510295	false	1.0
unqualifiziert	neg 1.0		__DUMMY__ 0.3462435415409417 neg 0.3408901270157956 off 0.31286633144326276	false	1.0
abgewichst	off 1.0		__DUMMY__ 0.34779199672560135 neg 0.34184067782896704 off 0.31036732544543166	false	0.5
schwer	neg 1.0		__DUMMY__ 0.3486773695112386 neg 0.3404500208848758 off 0.3108726096038855	false	1.0
bedeutungslosigkeit	neg 1.0		__DUMMY__ 0.34747511099655726 neg 0.3466638281922035 off 0.30586106081123926	false	1.0
kapitulation	neg 1.0		neg 0.347268153871277 __DUMMY__ 0.34551843175672575 off 0.3072134143719972	false	1.0
unscharf	neg 1.0		__DUMMY__ 0.3478633595615043 neg 0.33749483170802363 off 0.31464180873047204	false	1.0
schwinden	neg 1.0		__DUMMY__ 0.3493900343738446 neg 0.3430178617341273 off 0.307592103892028	false	1.0
versklavung	neg 1.0		__DUMMY__ 0.3452188746593635 neg 0.34349003164759184 off 0.3112910936930445	false	1.0
schlecht	neg 1.0		__DUMMY__ 0.3474523241007952 neg 0.3351428193927408 off 0.317404856506464	false	1.0
verhasst	neg 1.0		__DUMMY__ 0.346577081638331 neg 0.3426674496195987 off 0.3107554687420702	false	1.0
beschweren	neg 1.0		__DUMMY__ 0.34817307458786134 neg 0.3388731107667759 off 0.31295381464536276	false	1.0
scheiden	neg 1.0		__DUMMY__ 0.34834040688750056 neg 0.3409220550310886 off 0.3107375380814109	false	1.0
frustriert	neg 1.0		__DUMMY__ 0.3484346019708351 neg 0.3418765239997005 off 0.3096888740294643	false	1.0
schimmelig	neg 1.0		__DUMMY__ 0.3483172427511531 neg 0.34362068008489044 off 0.3080620771639565	false	1.0
fisch	neg 1.0		__DUMMY__ 0.3485827535645367 neg 0.34282615208783956 off 0.3085910943476238	false	1.0
schmuggel	neg 1.0		__DUMMY__ 0.3503161509447337 neg 0.34213708884528937 off 0.30754676020997695	false	1.0
auffallen	neg 1.0		__DUMMY__ 0.3477548222026393 neg 0.33899269890687594 off 0.31325247889048463	false	1.0
konkurrenz	neg 1.0		__DUMMY__ 0.34904101944239047 neg 0.3453486993443302 off 0.3056102812132793	false	1.0
teufelskreis	neg 1.0		__DUMMY__ 0.3479882904559648 neg 0.3422010944861948 off 0.30981061505784036	false	1.0
aufschreien	neg 1.0		__DUMMY__ 0.34672257516093735 neg 0.3405868483458942 off 0.31269057649316856	false	1.0
schuldner	neg 1.0		__DUMMY__ 0.34737277054126164 neg 0.3455876001685505 off 0.3070396292901877	false	1.0
missgeburt	off 1.0	off 1.0	off 0.6479422639415819 neg 0.18501211619360483 __DUMMY__ 0.16704561986481323	false	1.0
arbeitslos	neg 1.0		__DUMMY__ 0.3474385975682713 neg 0.3443112668934633 off 0.3082501355382654	false	1.0
befallen	neg 1.0		__DUMMY__ 0.34689660767376923 neg 0.3443910025669143 off 0.3087123897593164	false	1.0
miesepetrig	off 1.0		__DUMMY__ 0.3485255757987657 neg 0.3336313376416036 off 0.31784308655963084	false	0.5
alarmieren	neg 1.0		__DUMMY__ 0.34574655514756136 neg 0.33851053103952217 off 0.31574291381291647	false	1.0
ungeduscht	off 1.0		__DUMMY__ 0.34783963181818234 neg 0.3374844304341591 off 0.3146759377476585	false	0.5
knappheit	neg 1.0		__DUMMY__ 0.34752411863641625 neg 0.34359947864353724 off 0.30887640272004646	false	1.0
schlange	neg 1.0		__DUMMY__ 0.3491597498660547 neg 0.3375025715280071 off 0.31333767860593814	false	1.0
harsch	neg 1.0		__DUMMY__ 0.346965264381706 neg 0.3289416962163724 off 0.3240930394019215	false	1.0
lang	neg 1.0		__DUMMY__ 0.3481576557373986 neg 0.3389474111313258 off 0.31289493313127553	false	1.0
ziellos	neg 1.0		__DUMMY__ 0.3489105229237251 neg 0.3425741921211021 off 0.3085152849551729	false	1.0
selbstverliebt	neg 1.0		__DUMMY__ 0.34194639079186007 neg 0.33165961992190046 off 0.3263939892862394	false	1.0
beseitigen	neg 1.0		__DUMMY__ 0.3484528400412877 neg 0.33890734162774305 off 0.3126398183309693	false	1.0
dumm	off 1.0		__DUMMY__ 0.34489587306800606 neg 0.3326924902029023 off 0.3224116367290915	false	0.5
arbeitsloser	neg 1.0		__DUMMY__ 0.3476076037626071 neg 0.34498048535192544 off 0.30741191088546743	false	1.0
blitzen	neg 1.0		__DUMMY__ 0.34733888994471407 neg 0.33735689929507373 off 0.31530421076021226	false	1.0
hilflos	neg 1.0		__DUMMY__ 0.34864139789434195 neg 0.3419527030999601 off 0.309405899005698	false	1.0
eklig	off 1.0		__DUMMY__ 0.34427768964726585 neg 0.3326165498658754 off 0.32310576048685874	false	0.5
begriff			__DUMMY__ 0.3479394432823705 neg 0.3425615078347232 off 0.3094990488829063	false	0.0
hungersnot	neg 1.0		__DUMMY__ 0.34546480309257155 neg 0.34465420779738987 off 0.3098809891100384	false	1.0
ungesetzlich	neg 1.0		__DUMMY__ 0.34427198653514973 neg 0.3435525641529263 off 0.3121754493119241	false	1.0
verschwendung	neg 1.0		__DUMMY__ 0.3488498595142024 neg 0.3445324236754165 off 0.30661771681038114	false	1.0
schmerzvoll	neg 1.0		__DUMMY__ 0.3482779649476921 neg 0.33870108339098987 off 0.3130209516613181	false	1.0
vorzeitig	neg 1.0		__DUMMY__ 0.34671543474514877 neg 0.3365261418957658 off 0.3167584233590854	false	1.0
unvollkommenheit	neg 1.0		__DUMMY__ 0.3483135222144603 neg 0.3398200516140575 off 0.31186642617148214	false	1.0
intervenieren	neg 1.0		__DUMMY__ 0.3469384077647092 neg 0.34662175332589323 off 0.3064398389093975	false	1.0
banause	off 1.0		__DUMMY__ 0.3440881039817314 neg 0.33115451321537953 off 0.32475738280288907	false	0.5
rebell	neg 1.0		__DUMMY__ 0.34963005617973675 neg 0.3440773168187427 off 0.3062926270015205	false	1.0
unlogisch	neg 1.0		__DUMMY__ 0.3454045692845754 neg 0.3359468672299392 off 0.3186485634854854	false	1.0
leiden	neg 1.0	neg 1.0	neg 0.6560891146783161 __DUMMY__ 0.17296515031210297 off 0.1709457350095809	false	1.0
abschaffung	neg 1.0		__DUMMY__ 0.3460948814261037 neg 0.3424446336020245 off 0.31146048497187184	false	1.0
sturz	neg 1.0		__DUMMY__ 0.34630457418444976 neg 0.34136802470956257 off 0.31232740110598767	false	1.0
verkleinerung	neg 1.0		__DUMMY__ 0.3443760453953979 neg 0.34176041759647524 off 0.3138635370081269	false	1.0
schmarotzer	off 1.0		__DUMMY__ 0.3468868842960661 neg 0.34562376403369877 off 0.3074893516702351	false	0.5
bestrafung	neg 1.0		__DUMMY__ 0.3476603378763527 neg 0.3399271722648619 off 0.3124124898587853	false	1.0
achtlos	neg 1.0		__DUMMY__ 0.34907591191490367 neg 0.3398204315774672 off 0.3111036565076291	false	1.0
ungeheuer	neg 1.0		__DUMMY__ 0.3476437197587484 neg 0.3387114156975364 off 0.3136448645437152	false	1.0
unaufrichtig	neg 1.0		__DUMMY__ 0.3460032628561528 neg 0.3400731743524378 off 0.3139235627914093	false	1.0
groggy	neg 1.0		__DUMMY__ 0.3469517015508628 neg 0.33823719430829785 off 0.3148111041408394	false	1.0
verletzlich	neg 1.0		__DUMMY__ 0.3468723197720349 neg 0.33573650608278277 off 0.31739117414518236	false	1.0
ablehnen	neg 1.0		__DUMMY__ 0.34719142850754925 neg 0.34461893979503716 off 0.3081896316974137	false	1.0
kollaps	neg 1.0		__DUMMY__ 0.34679231958887147 neg 0.34180598677593416 off 0.3114016936351943	false	1.0
