unsolidarisch	neg 1.0		neg 0.34566801800033786 __DUMMY__ 0.34432326673650293 off 0.31000871526315926	false	1.0
nachteilig	neg 1.0		__DUMMY__ 0.3479573691192171 neg 0.3438041086438012 off 0.3082385222369817	false	1.0
skeptisch	neg 1.0		__DUMMY__ 0.34913669941800674 neg 0.3451168096666648 off 0.30574649091532835	false	1.0
schrecklich	neg 1.0		__DUMMY__ 0.34621723425860923 neg 0.3338432735244999 off 0.319939492216891	false	1.0
schlapp	neg 1.0		__DUMMY__ 0.3487287062044584 neg 0.3347705840435734 off 0.3165007097519682	false	1.0
abfall	neg 1.0		__DUMMY__ 0.34982280479506767 neg 0.34586376141314995 off 0.30431343379178233	false	1.0
widerspenstig	neg 1.0		__DUMMY__ 0.3498816865836055 neg 0.33820108275962757 off 0.31191723065676685	false	1.0
abrupt	neg 1.0		__DUMMY__ 0.3508309338641648 neg 0.3381770026228757 off 0.31099206351295944	false	1.0
unwirksam	neg 1.0		neg 0.3450574151965879 __DUMMY__ 0.3446590079861386 off 0.3102835768172734	false	1.0
angreifen	neg 1.0		__DUMMY__ 0.348235918821123 neg 0.3449463286988391 off 0.30681775248003784	false	1.0
inkonsistent	neg 1.0		__DUMMY__ 0.3474670256590129 neg 0.338754372076074 off 0.31377860226491305	false	1.0
abrutschen	neg 1.0		__DUMMY__ 0.35019102665183505 neg 0.3451795919839744 off 0.30462938136419065	false	1.0
unsicher	neg 1.0		__DUMMY__ 0.34867116180068114 neg 0.3400240691942576 off 0.31130476900506127	false	1.0
bauernkind	off 1.0		__DUMMY__ 0.3435281381962164 neg 0.33400917689031207 off 0.3224626849134714	false	0.5
angreifer	neg 1.0		__DUMMY__ 0.3461369119369065 neg 0.33984535036298524 off 0.3140177377001084	false	1.0
trennen	neg 1.0		__DUMMY__ 0.35094467030639453 neg 0.3415127330828089 off 0.3075425966107965	false	1.0
schmutz	neg 1.0		__DUMMY__ 0.34998390044958616 neg 0.33165680058806796 off 0.3183592989623458	false	1.0
inkonsistenz	neg 1.0	neg 1.0	neg 0.6580424871997554 off 0.1734522300061168 __DUMMY__ 0.16850528279412774	false	1.0
erschreckend	neg 1.0		__DUMMY__ 0.34790830892571767 neg 0.34251516817243877 off 0.30957652290184373	false	1.0
ertrinken	neg 1.0		__DUMMY__ 0.3501246379744596 neg 0.34132668693715906 off 0.3085486750883814	false	1.0
pickelface	off 1.0		__DUMMY__ 0.34670000998324446 neg 0.34167211671549813 off 0.31162787330125746	false	0.5
seiner			__DUMMY__ 0.3488369994197233 neg 0.34425801870671585 off 0.3069049818735608	false	0.0
lauch	neg 1.0		__DUMMY__ 0.3495652033651906 neg 0.34458691720052526 off 0.30584787943428415	false	1.0
unwichtig	neg 1.0		__DUMMY__ 0.34711952090521514 neg 0.3372175172821496 off 0.3156629618126353	false	1.0
steuerhinterziehung	neg 1.0		__DUMMY__ 0.3456101983776266 neg 0.3451365736211568 off 0.30925322800121663	false	1.0
schock	neg 1.0		__DUMMY__ 0.3505676613296993 neg 0.33875907359556395 off 0.3106732650747367	false	1.0
beule	neg 1.0		__DUMMY__ 0.34810832888468735 neg 0.3342382507084499 off 0.3176534204068626	false	1.0
vergelten	neg 1.0		__DUMMY__ 0.3448450645945066 neg 0.3340696101194318 off 0.3210853252860616	false	1.0
verdorbenheit	neg 1.0		__DUMMY__ 0.3488598427384021 neg 0.3380068087197895 off 0.31313334854180835	false	1.0
trauma	neg 1.0		__DUMMY__ 0.3477721864965483 neg 0.3390991453005127 off 0.313128668202939	false	1.0
sinnlos	neg 1.0		__DUMMY__ 0.3478501507932029 neg 0.3387604047123566 off 0.31338944449444056	false	1.0
fettsack	off 1.0	off 1.0	off 0.6478037444335596 neg 0.18462670646616672 __DUMMY__ 0.1675695491002737	false	1.0
feige	off 1.0		__DUMMY__ 0.3462027002616274 neg 0.33904129248986875 off 0.314756007248504	false	0.5
abdanken	neg 1.0		neg 0.3468891845569213 __DUMMY__ 0.3444047318343929 off 0.30870608360868573	false	1.0
wichtigtuer	off 1.0	off 1.0	off 0.6426195264744978 neg 0.1887463736117892 __DUMMY__ 0.16863409991371292	false	1.0
misslingen	neg 1.0		__DUMMY__ 0.3501758676907779 neg 0.3348295414030051 off 0.3149945909062169	false	1.0
untreu	off 1.0		__DUMMY__ 0.347079518034282 neg 0.33641764597016455 off 0.3165028359955534	false	0.5
missmutig	neg 1.0		__DUMMY__ 0.3485940353678059 neg 0.3356472814173274 off 0.31575868321486666	false	1.0
hurenbock	off 1.0		__DUMMY__ 0.3499153700178689 neg 0.3359402356986596 off 0.3141443942834716	false	0.5
betrunken	neg 1.0		__DUMMY__ 0.34767920821336457 neg 0.33379964211465507 off 0.3185211496719803	false	1.0
korrupt	off 1.0		neg 0.34655665810820657 __DUMMY__ 0.3456944438153195 off 0.3077488980764739	false	0.5
unmut	neg 1.0		__DUMMY__ 0.34886336595317835 neg 0.3464943521565194 off 0.3046422818903021	false	1.0
hackfresse	off 1.0		__DUMMY__ 0.34525152582056884 neg 0.33143994376050623 off 0.32330853041892493	false	0.5
aufblasen	neg 1.0		__DUMMY__ 0.3493249783373436 neg 0.337362583125092 off 0.31331243853756446	false	1.0
gewaltsam	neg 1.0		__DUMMY__ 0.34625933044977814 neg 0.3419688371139244 off 0.31177183243629747	false	1.0
unbeliebtheit	neg 1.0		__DUMMY__ 0.3434660253537171 neg 0.33987259208562187 off 0.316661382560661	false	1.0
sturheit	neg 1.0		__DUMMY__ 0.34727852808819243 neg 0.34314842064067175 off 0.30957305127113594	false	1.0
kuh	neg 1.0		__DUMMY__ 0.3470579985995812 neg 0.34013412371264506 off 0.3128078776877738	false	1.0
erschrecken	neg 1.0		__DUMMY__ 0.34809060007006887 neg 0.33685185079204966 off 0.3150575491378813	false	1.0
opfer	neg 1.0		__DUMMY__ 0.34859842245353817 neg 0.34377877734543527 off 0.30762280020102667	false	1.0
sinken	neg 1.0		__DUMMY__ 0.3489165672777554 neg 0.34558115331668515 off 0.30550227940555946	false	1.0
stinktier	neg 1.0		__DUMMY__ 0.34498809073359143 neg 0.33515963779005176 off 0.3198522714763568	false	1.0
tucke	off 1.0		__DUMMY__ 0.3459545041134427 neg 0.32958742515914874 off 0.3244580707274085	false	0.5
ein			__DUMMY__ 0.34999068075957357 neg 0.33723785081875546 off 0.3127714684216709	false	0.0
abstieg	neg 1.0		__DUMMY__ 0.3471642730788461 neg 0.3438823594914522 off 0.30895336742970153	false	1.0
missverstehen	neg 1.0		__DUMMY__ 0.34644144820981815 neg 0.34109680523076646 off 0.3124617465594152	false	1.0
ergebnislos	neg 1.0		__DUMMY__ 0.34755363766832154 neg 0.3438722155050285 off 0.30857414682665	false	1.0
unter			__DUMMY__ 0.3528138119910103 neg 0.3452191563217348 off 0.3019670316872549	false	0.0
manipulieren	neg 1.0		__DUMMY__ 0.3490844536116617 neg 0.3436252836195418 off 0.3072902627687964	false	1.0
unbewiesen	neg 1.0		neg 0.34603816897674683 __DUMMY__ 0.3442301035471481 off 0.30973172747610506	false	1.0
verschleppen	neg 1.0		__DUMMY__ 0.3479375983739686 neg 0.34330648200537633 off 0.308755919620655	false	1.0
weib	off 1.0		__DUMMY__ 0.3447311010824661 neg 0.33070277792647224 off 0.3245661209910616	false	0.5
opposition	neg 1.0		__DUMMY__ 0.345583385944418 neg 0.34215889943184263 off 0.31225771462373936	false	1.0
verkehrswidrig	neg 1.0		__DUMMY__ 0.3475245284705117 neg 0.3297233528113607 off 0.32275211871812753	false	1.0
inkorrekt	neg 1.0		__DUMMY__ 0.34437565344371945 neg 0.34005869543694855 off 0.31556565111933205	false	1.0
vermeiden	neg 1.0		__DUMMY__ 0.35153020190581286 neg 0.3443995410856528 off 0.30407025700853435	false	1.0
abweichung	neg 1.0		neg 0.3466662579593658 __DUMMY__ 0.3457616825921519 off 0.30757205944848226	false	1.0
alkoholisiert	neg 1.0		__DUMMY__ 0.35071226726464855 neg 0.3385631666915301 off 0.3107245660438213	false	1.0
scheiss	off 1.0	off 1.0	off 0.6458022078705155 neg 0.1850771262322461 __DUMMY__ 0.16912066589723837	false	1.0
herausforderung	neg 1.0		__DUMMY__ 0.3509475627082089 neg 0.3389786983011085 off 0.3100737389906825	false	1.0
pervers	off 1.0		__DUMMY__ 0.34378163554919794 neg 0.3292029551009963 off 0.3270154093498057	false	0.5
wackelig	neg 1.0		__DUMMY__ 0.35133252880200067 neg 0.3383458073734481 off 0.3103216638245512	false	1.0
verwickeln	neg 1.0		__DUMMY__ 0.3470957492470169 neg 0.340388080182627 off 0.3125161705703561	false	1.0
vorwand	neg 1.0		__DUMMY__ 0.34825380496385977 neg 0.34653162552316724 off 0.305214569512973	false	1.0
muschi	off 1.0		__DUMMY__ 0.3467236996889422 neg 0.3421574764805596 off 0.311118823830498	false	0.5
entmutigung	neg 1.0		neg 0.34433522845005987 __DUMMY__ 0.3435433845502112 off 0.3121213869997288	false	1.0
unangemessen	neg 1.0		__DUMMY__ 0.3466601019950419 neg 0.3455310888292079 off 0.3078088091757502	false	1.0
unstetig	neg 1.0		__DUMMY__ 0.3470059690951699 neg 0.3377694244204638 off 0.31522460648436645	false	1.0
entmutigen	neg 1.0		__DUMMY__ 0.3488463491158601 neg 0.3382634597698458 off 0.3128901911142941	false	1.0
schwanz	neg 1.0		__DUMMY__ 0.34798482051299107 neg 0.34272783300749154 off 0.3092873464795174	false	1.0
verbot	neg 1.0		neg 0.34597935864135676 __DUMMY__ 0.34571080720739167 off 0.30830983415125157	false	1.0
leid	neg 1.0		__DUMMY__ 0.34581940888273394 neg 0.3326332703285415 off 0.3215473207887245	false	1.0
archaisch	neg 1.0		__DUMMY__ 0.3473667437108734 neg 0.34374475484329664 off 0.30888850144583	false	1.0
gegen			neg 0.3475791041021987 __DUMMY__ 0.34732412613877145 off 0.30509676975902994	false	0.0
scheidung	neg 1.0	neg 1.0	neg 0.6461546173549214 off 0.18607820962247884 __DUMMY__ 0.16776717302259983	false	1.0
einschlag	neg 1.0		__DUMMY__ 0.3447652410596707 neg 0.335053250491961 off 0.3201815084483683	false	1.0
m			__DUMMY__ 0.34940621578911035 neg 0.3399549677505207 off 0.31063881646036884	false	0.0
abgestanden	neg 1.0		__DUMMY__ 0.3496520057463323 neg 0.33798241274773105 off 0.31236558150593663	false	1.0
schmierig	off 1.0		__DUMMY__ 0.3467009519858184 neg 0.3324925743253493 off 0.32080647368883236	false	0.5
unpraktisch	neg 1.0		__DUMMY__ 0.34951505753566625 neg 0.337121080584291 off 0.3133638618800428	false	1.0
wixxer	off 1.0		__DUMMY__ 0.3432477394202529 neg 0.32976456802481857 off 0.3269876925549285	false	0.5
bezeichnet			__DUMMY__ 0.34690412832246337 neg 0.3433606109842298 off 0.3097352606933068	false	0.0
jammerlappen	off 1.0		__DUMMY__ 0.3471959569496752 neg 0.33716422373449995 off 0.3156398193158249	false	0.5
farce	neg 1.0		neg 0.34721478158900915 __DUMMY__ 0.34454482255819363 off 0.30824039585279733	false	1.0
zwecklos	neg 1.0		__DUMMY__ 0.3473759828064181 neg 0.3447891473940084 off 0.30783486979957336	false	1.0
turbulent	neg 1.0		__DUMMY__ 0.34564827761745875 neg 0.3349554453117506 off 0.31939627707079077	false	1.0
invasion	neg 1.0		__DUMMY__ 0.3483238880361837 neg 0.3366429435355008 off 0.3150331684283155	false	1.0
schuld	neg 1.0		__DUMMY__ 0.3474961955321175 neg 0.34081629577676437 off 0.311687508691118	false	1.0
risiko	neg 1.0		__DUMMY__ 0.3492412293817884 neg 0.33490421437610784 off 0.31585455624210373	false	1.0
finster	neg 1.0		__DUMMY__ 0.34952186795986034 neg 0.3380666198756497 off 0.3124115121644901	false	1.0
geisteskrank	off 1.0		__DUMMY__ 0.3451194375242045 neg 0.3384787174476254 off 0.31640184502817004	false	0.5
zusammenbrechen	neg 1.0		__DUMMY__ 0.349299828909784 neg 0.34051707649010055 off 0.3101830946001155	false	1.0
ausbeute	neg 1.0		__DUMMY__ 0.350084402960794 neg 0.3405140669856941 off 0.3094015300535118	false	1.0
hinterhalt	neg 1.0		__DUMMY__ 0.3481169526485658 neg 0.33907138487857363 off 0.31281166247286046	false	1.0
kritik	neg 1.0		neg 0.3459302370836819 __DUMMY__ 0.34535851449508304 off 0.3087112484212351	false	1.0
einschrumpfen	neg 1.0		__DUMMY__ 0.3453188341728714 neg 0.340224217227453 off 0.3144569485996756	false	1.0
riskant	neg 1.0		__DUMMY__ 0.3487966050346425 neg 0.3439056376814238 off 0.30729775728393366	false	1.0
frustrieren	neg 1.0		__DUMMY__ 0.3485732375248965 neg 0.3442632201362309 off 0.30716354233887255	false	1.0
groll	neg 1.0		__DUMMY__ 0.3477790445825807 neg 0.3438533754282898 off 0.3083675799891295	false	1.0
gibt			__DUMMY__ 0.34853097875879596 neg 0.34219568577698917 off 0.30927333546421487	false	0.0
qualvoll	neg 1.0		__DUMMY__ 0.34879416827306065 neg 0.33694221296260934 off 0.3142636187643299	false	1.0
wackeln	neg 1.0		__DUMMY__ 0.3499461544729343 neg 0.3370950797943112 off 0.31295876573275466	false	1.0
klagen	neg 1.0		__DUMMY__ 0.3478063508219474 neg 0.3473432409246842 off 0.30485040825336845	false	1.0
bankrott	neg 1.0		__DUMMY__ 0.34787065942969975 neg 0.33558210312998893 off 0.31654723744031116	false	1.0
trauern	neg 1.0		__DUMMY__ 0.34887826128740335 neg 0.34343086661296746 off 0.30769087209962903	false	1.0
ablehnung	neg 1.0	neg 1.0	neg 0.661098805079856 off 0.1706267256612321 __DUMMY__ 0.168274469258912	false	1.0
stur	neg 1.0		__DUMMY__ 0.34762276883750515 neg 0.34018144147357815 off 0.3121957896889167	false	1.0
aufruhr	neg 1.0		__DUMMY__ 0.3460183994900491 neg 0.34292653913720733 off 0.31105506137274364	false	1.0
melancholie	neg 1.0		__DUMMY__ 0.35068574626518595 neg 0.33918367002248373 off 0.31013058371233043	false	1.0
ist			__DUMMY__ 0.3477376701171666 neg 0.33973212264049 off 0.31253020724234337	false	0.0
torheit	neg 1.0		__DUMMY__ 0.34488020961702054 neg 0.3441446649893655 off 0.31097512539361394	false	1.0
dreckskind	off 1.0		__DUMMY__ 0.3433185809870012 neg 0.3355081966825838 off 0.32117322233041495	false	0.5
umtauschen	neg 1.0		__DUMMY__ 0.3495834016476886 neg 0.33878082592275094 off 0.3116357724295607	false	1.0
zum			__DUMMY__ 0.35225934385928176 neg 0.3428655805524305 off 0.3048750755882878	false	0.0
zersetzen	neg 1.0		__DUMMY__ 0.3484528976992877 neg 0.3453716095523555 off 0.3061754927483569	false	1.0
zur			__DUMMY__ 0.34924760030337093 neg 0.34781433412031626 off 0.30293806557631275	false	0.0
frust	neg 1.0		__DUMMY__ 0.34884246902111976 neg 0.3415657323776689 off 0.3095917986012114	false	1.0
unerbittlichkeit	neg 1.0		__DUMMY__ 0.34828745975865383 neg 0.34459083275161345 off 0.30712170748973266	false	1.0
zwei			__DUMMY__ 0.3513897924820945 neg 0.3422968261686965 off 0.306313381349209	false	0.0
unkorrekt	neg 1.0		__DUMMY__ 0.34449351335127626 neg 0.339083812377549 off 0.3164226742711748	false	1.0
hexe	off 1.0		__DUMMY__ 0.3475073015120536 neg 0.33570001554256074 off 0.3167926829453857	false	0.5
lasch	neg 1.0		__DUMMY__ 0.3464397413965847 neg 0.33969428847816147 off 0.3138659701252539	false	1.0
rivale	neg 1.0		__DUMMY__ 0.34530508717058195 neg 0.33470834623009266 off 0.3199865665993255	false	1.0
mutlos	off 1.0	off 1.0	off 0.6399406247066907 neg 0.19092221975277143 __DUMMY__ 0.16913715554053796	false	1.0
wirr	off 1.0		__DUMMY__ 0.34498189114928735 neg 0.33640396994004174 off 0.3186141389106711	false	0.5
jahr			__DUMMY__ 0.35059978872743613 neg 0.34097449175715755 off 0.3084257195154064	false	0.0
wird			__DUMMY__ 0.348734381954294 neg 0.34332714342910947 off 0.3079384746165964	false	0.0
strafbar	neg 1.0		neg 0.34697645610031247 __DUMMY__ 0.34664482198562907 off 0.3063787219140584	false	1.0
erosion	neg 1.0		__DUMMY__ 0.34894879924814265 neg 0.337461766489897 off 0.31358943426196045	false	1.0
eingehen	neg 1.0		__DUMMY__ 0.3478887733416555 neg 0.34432046442534214 off 0.3077907622330022	false	1.0
faul	off 1.0		__DUMMY__ 0.3487206489290497 neg 0.3350304338522382 off 0.31624891721871223	false	0.5
provisorium	neg 1.0		__DUMMY__ 0.3521983465983818 neg 0.34672016473684514 off 0.3010814886647731	false	1.0
schmerzen	neg 1.0		__DUMMY__ 0.3494999464508179 neg 0.33975162663943753 off 0.31074842690974447	false	1.0
schrumpfen	neg 1.0		__DUMMY__ 0.3501798547090494 neg 0.3466189489595753 off 0.30320119633137527	false	1.0
geistlos	off 1.0		__DUMMY__ 0.34452843209924694 neg 0.34296045830203054 off 0.3125111095987225	false	0.5
fehlkauf	neg 1.0		__DUMMY__ 0.34677841636881634 neg 0.3393060147054667 off 0.31391556892571704	false	1.0
frustrierend	neg 1.0		__DUMMY__ 0.3478012733253615 neg 0.3374100241798874 off 0.31478870249475105	false	1.0
unzufrieden	neg 1.0		__DUMMY__ 0.34810646623269037 neg 0.34356924839972847 off 0.30832428536758116	false	1.0
verzweifeln	neg 1.0		__DUMMY__ 0.34884298122414026 neg 0.3403895548285722 off 0.31076746394728766	false	1.0
verzweifelt	neg 1.0		__DUMMY__ 0.3477540915676013 neg 0.3400893911806436 off 0.31215651725175525	false	1.0
misstrauensantrag	neg 1.0		__DUMMY__ 0.34577647760166896 neg 0.34102776103335186 off 0.31319576136497934	false	1.0
abfallen	neg 1.0		__DUMMY__ 0.3506338889386888 neg 0.3357652893569622 off 0.313600821704349	false	1.0
fucker	off 1.0		__DUMMY__ 0.3455982732550087 neg 0.3356947966419445 off 0.3187069301030469	false	0.5
ungezogen	neg 1.0		__DUMMY__ 0.34516095369963906 neg 0.32979916191463193 off 0.32503988438572895	false	1.0
irrsinnig	neg 1.0	neg 1.0	neg 0.6588872538124099 off 0.17207306463682323 __DUMMY__ 0.16903968155076687	false	1.0
unfassbar	neg 1.0		__DUMMY__ 0.34728621304398016 neg 0.3363949728851117 off 0.3163188140709082	false	1.0
hart	neg 1.0		__DUMMY__ 0.3463611314838783 neg 0.33741314697833813 off 0.3162257215377835	false	1.0
widerlich	off 1.0		__DUMMY__ 0.346084568773707 neg 0.33735293514255027 off 0.3165624960837429	false	0.5
fatal	neg 1.0		__DUMMY__ 0.3470935774489075 neg 0.3389440002292956 off 0.313962422321797	false	1.0
bruch	neg 1.0		neg 0.3487563362703914 __DUMMY__ 0.34724607478109026 off 0.3039975889485185	false	1.0
aushungern	neg 1.0		__DUMMY__ 0.3458088073485321 neg 0.3437020717944737 off 0.31048912085699415	false	1.0
anspannung	neg 1.0		__DUMMY__ 0.3512213118745221 neg 0.3433439727109058 off 0.30543471541457223	false	1.0
von			__DUMMY__ 0.34993309884186025 neg 0.3432338806120387 off 0.30683302054610107	false	0.0
kraftlos	neg 1.0		__DUMMY__ 0.3509792353657305 neg 0.3392518461047166 off 0.3097689185295528	false	1.0
vom			__DUMMY__ 0.3520118531257946 neg 0.34585011072849736 off 0.30213803614570806	false	0.0
grenzdebil	off 1.0		__DUMMY__ 0.34735008322156874 neg 0.33508727083853307 off 0.3175626459398982	false	0.5
vor			__DUMMY__ 0.35010030056405433 neg 0.3440883526006238 off 0.3058113468353219	false	0.0
unterwerfen	neg 1.0		__DUMMY__ 0.34804267989554927 neg 0.3443724305077156 off 0.3075848895967351	false	1.0
versenkung	neg 1.0		__DUMMY__ 0.34842386872444764 neg 0.34445199524036196 off 0.3071241360351903	false	1.0
entziehen	neg 1.0		__DUMMY__ 0.3484992049025135 neg 0.34676183542149697 off 0.3047389596759896	false	1.0
finanzkrise	neg 1.0		__DUMMY__ 0.34571421023115934 neg 0.3442230612209471 off 0.3100627285478935	false	1.0
schimpfend	neg 1.0		__DUMMY__ 0.35111582444277534 neg 0.3340450954801737 off 0.314839080077051	false	1.0
profan	neg 1.0		__DUMMY__ 0.34790101295578596 neg 0.3387030906891101 off 0.31339589635510395	false	1.0
korruption	neg 1.0		neg 0.3463220518978758 __DUMMY__ 0.34577148711585987 off 0.3079064609862643	false	1.0
â			__DUMMY__ 0.3491948231617654 neg 0.34132148066952994 off 0.3094836961687047	false	0.0
schmutzig	neg 1.0		__DUMMY__ 0.3487749816844025 neg 0.33336085813462607 off 0.3178641601809714	false	1.0
sexy	neg 1.0		__DUMMY__ 0.34752658262358477 neg 0.33674821232146485 off 0.3157252050549504	false	1.0
abraten	neg 1.0		__DUMMY__ 0.3484671742341846 neg 0.33882825753827234 off 0.31270456822754306	false	1.0
schwarz	neg 1.0		__DUMMY__ 0.3472751436214819 neg 0.33966075492050896 off 0.3130641014580093	false	1.0
fotze	off 1.0		__DUMMY__ 0.3472256629114239 neg 0.3434138708430931 off 0.309360466245483	false	0.5
verwirren	neg 1.0		__DUMMY__ 0.34762014849465 neg 0.33826392907933567 off 0.31411592242601444	false	1.0
zahnlos	off 1.0		__DUMMY__ 0.34700790711172413 neg 0.3450286238831563 off 0.3079634690051196	false	0.5
verheeren	neg 1.0		__DUMMY__ 0.34357074597641435 neg 0.3297419562239937 off 0.326687297799592	false	1.0
hippie	neg 1.0		__DUMMY__ 0.3473226714422222 neg 0.33731682020104586 off 0.3153605083567319	false	1.0
rammen	neg 1.0		__DUMMY__ 0.34767712757513686 neg 0.3380531225616465 off 0.31426974986321665	false	1.0
unlauter	neg 1.0	neg 1.0	neg 0.6588668005477343 off 0.17285284198533038 __DUMMY__ 0.16828035746693534	false	1.0
unheilvoll	neg 1.0		__DUMMY__ 0.34860001921601863 neg 0.33766955168237844 off 0.3137304291016029	false	1.0
niedrig	neg 1.0		__DUMMY__ 0.34767259992834987 neg 0.34422053061443936 off 0.3081068694572107	false	1.0
explosion	neg 1.0		__DUMMY__ 0.3479958234134243 neg 0.33683630149231053 off 0.31516787509426514	false	1.0
weichei	off 1.0		__DUMMY__ 0.3452987356393683 neg 0.3327073595022536 off 0.32199390485837803	false	0.5
minusmensch	off 1.0		__DUMMY__ 0.3416857249705398 neg 0.3332188218350453 off 0.32509545319441496	false	0.5
farblos	neg 1.0		__DUMMY__ 0.348086293911474 neg 0.3391720035897666 off 0.3127417024987593	false	1.0
unwissend	neg 1.0		__DUMMY__ 0.34646452053577065 neg 0.33773109259910394 off 0.31580438686512535	false	1.0
traurig	neg 1.0		__DUMMY__ 0.34729222479663585 neg 0.33321932003873767 off 0.31948845516462643	false	1.0
senkung	neg 1.0		__DUMMY__ 0.34709983184505316 neg 0.33831146057937284 off 0.314588707575574	false	1.0
ungleich	neg 1.0	neg 1.0	neg 0.6612164866453066 off 0.16956645907903267 __DUMMY__ 0.16921705427566072	false	1.0
heikel	neg 1.0		__DUMMY__ 0.3484336448433905 neg 0.3455452280434047 off 0.30602112711320484	false	1.0
drosselung	neg 1.0		__DUMMY__ 0.34715761181177945 neg 0.3330152425510155 off 0.3198271456372051	false	1.0
falsch	neg 1.0		__DUMMY__ 0.3472560265833752 neg 0.3377140812842017 off 0.31502989213242316	false	1.0
unzufriedenheit	neg 1.0		__DUMMY__ 0.34848874838671634 neg 0.3455475725146927 off 0.3059636790985911	false	1.0
kurz	neg 1.0		__DUMMY__ 0.3502629211614221 neg 0.33920227110836304 off 0.3105348077302149	false	1.0
unsinnig	neg 1.0		__DUMMY__ 0.3476041968641111 neg 0.34385808086632125 off 0.30853772226956766	false	1.0
penner	off 1.0	off 1.0	off 0.6491236999306979 neg 0.1828057345873124 __DUMMY__ 0.1680705654819899	false	1.0
seicht	neg 1.0		__DUMMY__ 0.3436007053037087 neg 0.33259539559442736 off 0.3238038991018638	false	1.0
dummheit	off 1.0	off 1.0	off 0.6431362277485692 neg 0.1881598575090423 __DUMMY__ 0.16870391474238847	false	1.0
unerfreulich	neg 1.0		__DUMMY__ 0.3491973661403742 neg 0.34497114249437044 off 0.30583149136525534	false	1.0
motherfucker	off 1.0	off 1.0	off 0.6462797323662953 neg 0.185467214843107 __DUMMY__ 0.16825305279059766	false	1.0
pikiert	neg 1.0		__DUMMY__ 0.34651808198565714 neg 0.3380480267387732 off 0.31543389127556964	false	1.0
wrack	neg 1.0		__DUMMY__ 0.34848517191431466 neg 0.3423248245719991 off 0.30919000351368625	false	1.0
gangster	neg 1.0		__DUMMY__ 0.34745695539063276 neg 0.33800304897477246 off 0.3145399956345949	false	1.0
krank	neg 1.0		__DUMMY__ 0.3482718170399872 neg 0.33373254897140686 off 0.3179956339886059	false	1.0
reich	neg 1.0		__DUMMY__ 0.34370356365006666 neg 0.34092185007516307 off 0.3153745862747702	false	1.0
gnadenlos	neg 1.0		__DUMMY__ 0.3475784945212667 neg 0.3405705445901626 off 0.31185096088857056	false	1.0
niedergeschlagen	neg 1.0		__DUMMY__ 0.34920363937763194 neg 0.34057356509510495 off 0.3102227955272633	false	1.0
terrorisieren	off 1.0	off 1.0	off 0.6400716891069695 neg 0.19006176059356467 __DUMMY__ 0.16986655029946576	false	1.0
sinnlosigkeit	neg 1.0		__DUMMY__ 0.34754973689092344 neg 0.3440445551142045 off 0.308405707994872	false	1.0
behindern	neg 1.0		__DUMMY__ 0.34911410182015007 neg 0.3391306588378521 off 0.3117552393419977	false	1.0
undemokratisch	neg 1.0		__DUMMY__ 0.3451368136221624 neg 0.3434131852209943 off 0.3114500011568433	false	1.0
wirtschaftskrise	neg 1.0		__DUMMY__ 0.34684859420282127 neg 0.34460147283006515 off 0.30854993296711364	false	1.0
neid	neg 1.0		__DUMMY__ 0.3490575692575121 neg 0.33523710636399034 off 0.3157053243784976	false	1.0
rutschen	neg 1.0		__DUMMY__ 0.3532878203558349 neg 0.3408768725672532 off 0.30583530707691176	false	1.0
rezession	neg 1.0		__DUMMY__ 0.34419083850350024 neg 0.3356669631042452 off 0.3201421983922545	false	1.0
fehlgeburt	neg 1.0		__DUMMY__ 0.34847904313140465 neg 0.3390248494236747 off 0.3124961074449206	false	1.0
charakterschwach	off 1.0		__DUMMY__ 0.34611379977951445 neg 0.33748916961279934 off 0.3163970306076863	false	0.5
isolation	neg 1.0		__DUMMY__ 0.3470696559563573 neg 0.3364357269404079 off 0.3164946171032349	false	1.0
ablenkung	neg 1.0		__DUMMY__ 0.34890911735149444 neg 0.33921260960794325 off 0.3118782730405622	false	1.0
pech	neg 1.0		__DUMMY__ 0.34799706043536593 neg 0.33741105890978773 off 0.31459188065484633	false	1.0
vermeidung	neg 1.0		__DUMMY__ 0.3479561700170039 neg 0.3330578836399889 off 0.31898594634300725	false	1.0
dominieren	neg 1.0		__DUMMY__ 0.3471529649267365 neg 0.34360201589007683 off 0.30924501918318664	false	1.0
schwindlig	neg 1.0		__DUMMY__ 0.34919407909257993 neg 0.33594169796726864 off 0.3148642229401515	false	1.0
lutscher	neg 1.0		__DUMMY__ 0.3436718762852619 neg 0.33154830315504047 off 0.3247798205596976	false	1.0
pflicht	neg 1.0		__DUMMY__ 0.3483309472070714 neg 0.34587109484619316 off 0.3057979579467355	false	1.0
faschist	off 1.0		__DUMMY__ 0.34528015367255477 neg 0.34199383882376255 off 0.3127260075036827	false	0.5
verschleudern	neg 1.0		__DUMMY__ 0.3466381398747867 neg 0.34574778538896844 off 0.3076140747362449	false	1.0
wenn			__DUMMY__ 0.34733430377712704 neg 0.3376418248072592 off 0.3150238714156137	false	0.0
ehebruch	neg 1.0		__DUMMY__ 0.34750549098230693 neg 0.3447532156224784 off 0.30774129339521467	false	1.0
spott	off 1.0		__DUMMY__ 0.3476968872136862 neg 0.34516658694788754 off 0.3071365258384263	false	0.5
trostlosigkeit	neg 1.0		neg 0.34804402099403264 __DUMMY__ 0.34673701163161397 off 0.3052189673743533	false	1.0
lutschen	neg 1.0		__DUMMY__ 0.3457152733986691 neg 0.3390305466167726 off 0.3152541799845583	false	1.0
undiszipliniert	neg 1.0		__DUMMY__ 0.3467746521759527 neg 0.3347400590456582 off 0.31848528877838916	false	1.0
kopfschmerz	neg 1.0		__DUMMY__ 0.3490677977094112 neg 0.33964428119744255 off 0.31128792109314635	false	1.0
unvorhergesehen	neg 1.0		__DUMMY__ 0.3507226956865604 neg 0.3386850829580199 off 0.3105922213554197	false	1.0
desinteressiert	neg 1.0		__DUMMY__ 0.34619767501422904 neg 0.3359686800756274 off 0.3178336449101435	false	1.0
armselig	off 1.0		__DUMMY__ 0.34554139376537113 neg 0.33589408213577654 off 0.31856452409885244	false	0.5
desaster	neg 1.0		neg 0.34965418135973 __DUMMY__ 0.34696713770690146 off 0.3033786809333685	false	1.0
tod	neg 1.0		__DUMMY__ 0.34728124747743816 neg 0.34521973650859195 off 0.3074990160139699	false	1.0
herzlos	neg 1.0		__DUMMY__ 0.3470535226652885 neg 0.3327795721442281 off 0.32016690519048346	false	1.0
unwissenheit	neg 1.0		__DUMMY__ 0.34738050531211717 neg 0.34424710443536677 off 0.30837239025251606	false	1.0
widersinnig	neg 1.0		neg 0.3467815670145394 __DUMMY__ 0.34497335606577956 off 0.3082450769196811	false	1.0
bedenklich	neg 1.0		__DUMMY__ 0.34816647536257384 neg 0.3448157814317944 off 0.30701774320563163	false	1.0
beanstanden	neg 1.0		__DUMMY__ 0.34823767443441106 neg 0.34647911495110606 off 0.3052832106144829	false	1.0
panisch	neg 1.0	neg 1.0	neg 0.655149069528105 off 0.17393963935184395 __DUMMY__ 0.17091129112005105	false	1.0
debil	off 1.0		__DUMMY__ 0.34974262237286585 neg 0.34694286115456796 off 0.3033145164725661	false	0.5
abstrich	neg 1.0		__DUMMY__ 0.3505091703359884 neg 0.33628750355100157 off 0.31320332611301	false	1.0
primitiv	neg 1.0		__DUMMY__ 0.3458612799536087 neg 0.33708144233793863 off 0.3170572777084527	false	1.0
abschaum	off 1.0	off 1.0	off 0.6444533533501768 neg 0.1871961269245544 __DUMMY__ 0.1683505197252689	false	1.0
provozieren	neg 1.0		__DUMMY__ 0.3469429012346649 neg 0.34214791665382993 off 0.31090918211150526	false	1.0
tot	neg 1.0		__DUMMY__ 0.3477142023456039 neg 0.34202100495706905 off 0.31026479269732715	false	1.0
instabil	neg 1.0		__DUMMY__ 0.344040949985606 neg 0.3369889202679024 off 0.31897012974649164	false	1.0
schwuchtel	off 1.0		__DUMMY__ 0.34133449019945766 neg 0.3293522402713015 off 0.3293132695292408	false	0.5
zerren	neg 1.0		__DUMMY__ 0.348977960286682 neg 0.3411397556791204 off 0.30988228403419754	false	1.0
kinderficker	off 1.0		__DUMMY__ 0.3444294942059808 neg 0.3350841575099363 off 0.3204863482840829	false	0.5
gefahr	neg 1.0		__DUMMY__ 0.34727974601090433 neg 0.3455476616416125 off 0.30717259234748334	false	1.0
rabiat	neg 1.0		__DUMMY__ 0.3479106669058837 neg 0.3409879352130772 off 0.31110139788103924	false	1.0
verlangsamung	neg 1.0		__DUMMY__ 0.34398581032559267 neg 0.33223426385454086 off 0.3237799258198665	false	1.0
ausgestorben	neg 1.0		__DUMMY__ 0.3485702529981366 neg 0.34169529450185165 off 0.30973445250001164	false	1.0
anklagen	neg 1.0		__DUMMY__ 0.34714058655735663 neg 0.3423902111108551 off 0.31046920233178815	false	1.0
trott	neg 1.0		__DUMMY__ 0.34870084956172287 neg 0.3396131854147972 off 0.31168596502347995	false	1.0
verminderung	neg 1.0		__DUMMY__ 0.3463512151499378 neg 0.33476628418224746 off 0.31888250066781465	false	1.0
nach			__DUMMY__ 0.35227271126332643 neg 0.34266583577445076 off 0.30506145296222276	false	0.0
rost	neg 1.0		__DUMMY__ 0.3446421472340549 neg 0.33090683631603496 off 0.3244510164499101	false	1.0
destruktiv	neg 1.0		__DUMMY__ 0.3466909851380725 neg 0.34381686387525234 off 0.30949215098667515	false	1.0
unzumutbarkeit	neg 1.0		__DUMMY__ 0.34727071709775154 neg 0.3341225193519811 off 0.31860676355026735	false	1.0
labil	off 1.0	off 1.0	off 0.6451238866070219 neg 0.18646230810237627 __DUMMY__ 0.1684138052906017	false	1.0
ziemlich	neg 1.0		__DUMMY__ 0.34722736485061323 neg 0.3358671504405221 off 0.31690548470886465	false	1.0
lachnummer	off 1.0		__DUMMY__ 0.3466108776782223 neg 0.34398204806583643 off 0.30940707425594133	false	0.5
oder			__DUMMY__ 0.3491112222723447 neg 0.3392986579532275 off 0.3115901197744278	false	0.0
verfall	neg 1.0		__DUMMY__ 0.34921010541634756 neg 0.34816916505683076 off 0.30262072952682156	false	1.0
ausgrenzung	neg 1.0		__DUMMY__ 0.34541331215181836 neg 0.3421308220701044 off 0.31245586577807716	false	1.0
unordnung	neg 1.0		__DUMMY__ 0.3442699577340627 neg 0.3358774389102924 off 0.31985260335564497	false	1.0
fehlverhalten	neg 1.0		__DUMMY__ 0.3473154991391935 neg 0.34619599345807567 off 0.3064885074027308	false	1.0
eine			__DUMMY__ 0.3498856038591732 neg 0.34404207792569347 off 0.30607231821513337	false	0.0
nille	neg 1.0		__DUMMY__ 0.3462607915894177 neg 0.3431838109562218 off 0.3105553974543606	false	1.0
qual	neg 1.0		__DUMMY__ 0.34850037468196093 neg 0.34002424987695745 off 0.3114753754410816	false	1.0
verschwenden	neg 1.0		__DUMMY__ 0.34881131547672617 neg 0.34360706009524966 off 0.30758162442802406	false	1.0
riesig	neg 1.0		__DUMMY__ 0.34939846077115194 neg 0.3392365283042712 off 0.3113650109245769	false	1.0
verurteilen	neg 1.0		__DUMMY__ 0.34703489130827486 neg 0.3445568391843974 off 0.3084082695073278	false	1.0
klischee	neg 1.0	neg 1.0	neg 0.6582616056577182 off 0.1733689921497026 __DUMMY__ 0.1683694021925792	false	1.0
diktatorisch	neg 1.0		__DUMMY__ 0.3445195215638233 neg 0.344451395000465 off 0.31102908343571173	false	1.0
vorhersehbar	neg 1.0		__DUMMY__ 0.3462945461433237 neg 0.3411639807822583 off 0.31254147307441804	false	1.0
sowie			__DUMMY__ 0.3440255665304181 neg 0.3339567721991741 off 0.3220176612704077	false	0.0
stornieren	neg 1.0		__DUMMY__ 0.3493026768959247 neg 0.335511449060452 off 0.31518587404362314	false	1.0
besteuerung	neg 1.0		__DUMMY__ 0.34727874901393 neg 0.3400647360765377 off 0.3126565149095321	false	1.0
ungeschminkt	neg 1.0		__DUMMY__ 0.3470337818752791 neg 0.3352796275247036 off 0.3176865906000173	false	1.0
kritisch	neg 1.0		__DUMMY__ 0.3474097433524538 neg 0.34566077111590954 off 0.30692948553163657	false	1.0
schlamperei	off 1.0		__DUMMY__ 0.34677063802556163 neg 0.3459980290267357 off 0.30723133294770266	false	0.5
sucht	neg 1.0	neg 1.0	neg 0.6545055872649989 off 0.1746141675379675 __DUMMY__ 0.17088024519703354	false	1.0
egoistisch	off 1.0		__DUMMY__ 0.34547462471140983 neg 0.33261010676073693 off 0.32191526852785324	false	0.5
ausbeuter	off 1.0		__DUMMY__ 0.34723453347942534 neg 0.3466323275894356 off 0.30613313893113897	false	0.5
arschgeburt	off 1.0		__DUMMY__ 0.34130378127824096 neg 0.32956035251907423 off 0.3291358662026848	false	0.5
schubs	neg 1.0	neg 1.0	neg 0.6579685602834655 off 0.17121122193565944 __DUMMY__ 0.17082021778087508	false	1.0
unsolide	neg 1.0		neg 0.34500724599413873 __DUMMY__ 0.34193884069036623 off 0.3130539133154951	false	1.0
beschwerde	neg 1.0		__DUMMY__ 0.346776706363786 neg 0.34511274794447333 off 0.3081105456917406	false	1.0
stocken	neg 1.0		__DUMMY__ 0.34863290142576564 neg 0.3426342539131244 off 0.30873284466111	false	1.0
isolieren	neg 1.0		__DUMMY__ 0.3496253840454592 neg 0.338795890274501 off 0.31157872568003975	false	1.0
unheilbar	neg 1.0		__DUMMY__ 0.3484995748489273 neg 0.3390569963325048 off 0.312443428818568	false	1.0
pisser	off 1.0		__DUMMY__ 0.3448798086862022 neg 0.3356053278659543 off 0.31951486344784336	false	0.5
löschen	neg 1.0		__DUMMY__ 0.34749424117705285 neg 0.34012906102704044 off 0.3123766977959068	false	1.0
durchfallen	neg 1.0		__DUMMY__ 0.34799516203041686 neg 0.3445319017446772 off 0.30747293622490596	false	1.0
wichser	off 1.0		__DUMMY__ 0.34392866172562075 neg 0.3298698665853632 off 0.3262014716890161	false	0.5
terror	neg 1.0		__DUMMY__ 0.348184811808719 neg 0.3361612434876267 off 0.31565394470365443	false	1.0
krass	neg 1.0		__DUMMY__ 0.3462695723327492 neg 0.3335666912655327 off 0.32016373640171825	false	1.0
revolte	neg 1.0	neg 1.0	neg 0.6598363988186127 off 0.17295187275763674 __DUMMY__ 0.1672117284237507	false	1.0
besorgt	neg 1.0		__DUMMY__ 0.350251412365334 neg 0.33917994818437536 off 0.3105686394502907	false	1.0
nachlassen	neg 1.0		__DUMMY__ 0.3499475231544121 neg 0.3398112834097813 off 0.31024119343580664	false	1.0
alt	neg 1.0		__DUMMY__ 0.3498924368871645 neg 0.34216951740647883 off 0.3079380457063566	false	1.0
hundesohn	off 1.0		__DUMMY__ 0.34255041718850004 neg 0.3328408022510899 off 0.32460878056041004	false	0.5
als			__DUMMY__ 0.3491152419989821 neg 0.3418198794388735 off 0.3090648785621444	false	0.0
abschreckung	neg 1.0		__DUMMY__ 0.3479057698039572 neg 0.3466579947609393 off 0.3054362354351035	false	1.0
unqualifiziert	neg 1.0		__DUMMY__ 0.34624354154094167 neg 0.34089012701579563 off 0.31286633144326276	false	1.0
abgewichst	off 1.0		__DUMMY__ 0.3477919967256014 neg 0.34184067782896704 off 0.31036732544543144	false	0.5
schwer	neg 1.0		__DUMMY__ 0.34867736951123846 neg 0.34045002088487564 off 0.310872609603886	false	1.0
bedeutungslosigkeit	neg 1.0		__DUMMY__ 0.34747511099655726 neg 0.3466638281922032 off 0.3058610608112396	false	1.0
kapitulation	neg 1.0		neg 0.34726815387127685 __DUMMY__ 0.3455184317567257 off 0.3072134143719974	false	1.0
unscharf	neg 1.0		__DUMMY__ 0.3478633595615045 neg 0.3374948317080237 off 0.31464180873047193	false	1.0
schwinden	neg 1.0		__DUMMY__ 0.3493900343738443 neg 0.3430178617341271 off 0.30759210389202846	false	1.0
versklavung	neg 1.0		__DUMMY__ 0.34521887465936313 neg 0.3434900316475917 off 0.3112910936930451	false	1.0
schlecht	neg 1.0		__DUMMY__ 0.3474523241007951 neg 0.33514281939274077 off 0.3174048565064642	false	1.0
verhasst	neg 1.0		__DUMMY__ 0.3465770816383309 neg 0.34266744961959844 off 0.31075546874207066	false	1.0
beschweren	neg 1.0		__DUMMY__ 0.34817307458786134 neg 0.3388731107667758 off 0.31295381464536276	false	1.0
scheiden	neg 1.0		__DUMMY__ 0.3483404068875008 neg 0.34092205503108847 off 0.31073753808141086	false	1.0
frustriert	neg 1.0		__DUMMY__ 0.34843460197083487 neg 0.3418765239997005 off 0.3096888740294647	false	1.0
schimmelig	neg 1.0		__DUMMY__ 0.3483172427511534 neg 0.3436206800848901 off 0.30806207716395645	false	1.0
fisch	neg 1.0		__DUMMY__ 0.3485827535645364 neg 0.34282615208783945 off 0.30859109434762416	false	1.0
schmuggel	neg 1.0		__DUMMY__ 0.3503161509447337 neg 0.34213708884528926 off 0.307546760209977	false	1.0
auffallen	neg 1.0		__DUMMY__ 0.34775482220263937 neg 0.3389926989068758 off 0.3132524788904849	false	1.0
konkurrenz	neg 1.0		__DUMMY__ 0.34904101944239063 neg 0.3453486993443305 off 0.30561028121327893	false	1.0
teufelskreis	neg 1.0		__DUMMY__ 0.347988290455965 neg 0.3422010944861945 off 0.30981061505784047	false	1.0
aufschreien	neg 1.0		__DUMMY__ 0.34672257516093735 neg 0.34058684834589403 off 0.3126905764931687	false	1.0
schuldner	neg 1.0		__DUMMY__ 0.3473727705412614 neg 0.34558760016855083 off 0.30703962929018774	false	1.0
missgeburt	off 1.0	off 1.0	off 0.6479422639415819 neg 0.18501211619360483 __DUMMY__ 0.16704561986481317	false	1.0
arbeitslos	neg 1.0		__DUMMY__ 0.34743859756827156 neg 0.344311266893463 off 0.30825013553826547	false	1.0
befallen	neg 1.0		__DUMMY__ 0.34689660767376934 neg 0.3443910025669143 off 0.3087123897593164	false	1.0
miesepetrig	off 1.0		__DUMMY__ 0.34852557579876536 neg 0.33363133764160385 off 0.3178430865596308	false	0.5
alarmieren	neg 1.0		__DUMMY__ 0.34574655514756164 neg 0.33851053103952156 off 0.31574291381291675	false	1.0
ungeduscht	off 1.0		__DUMMY__ 0.34783963181818267 neg 0.337484430434159 off 0.31467593774765823	false	0.5
knappheit	neg 1.0		__DUMMY__ 0.34752411863641625 neg 0.34359947864353685 off 0.30887640272004685	false	1.0
schlange	neg 1.0		__DUMMY__ 0.3491597498660546 neg 0.3375025715280077 off 0.3133376786059378	false	1.0
harsch	neg 1.0		__DUMMY__ 0.3469652643817061 neg 0.32894169621637237 off 0.32409303940192147	false	1.0
lang	neg 1.0		__DUMMY__ 0.348157655737398 neg 0.3389474111313258 off 0.31289493313127625	false	1.0
ziellos	neg 1.0		__DUMMY__ 0.34891052292372515 neg 0.342574192121102 off 0.30851528495517294	false	1.0
selbstverliebt	neg 1.0		__DUMMY__ 0.3419463907918603 neg 0.3316596199219005 off 0.32639398928623914	false	1.0
beseitigen	neg 1.0		__DUMMY__ 0.3484528400412879 neg 0.3389073416277428 off 0.31263981833096927	false	1.0
dumm	off 1.0		__DUMMY__ 0.3448958730680065 neg 0.33269249020290187 off 0.32241163672909173	false	0.5
arbeitsloser	neg 1.0		__DUMMY__ 0.34760760376260685 neg 0.3449804853519257 off 0.3074119108854674	false	1.0
blitzen	neg 1.0		__DUMMY__ 0.34733888994471446 neg 0.33735689929507384 off 0.3153042107602116	false	1.0
hilflos	neg 1.0		__DUMMY__ 0.34864139789434206 neg 0.3419527030999594 off 0.30940589900569854	false	1.0
eklig	off 1.0		__DUMMY__ 0.34427768964726535 neg 0.33261654986587597 off 0.32310576048685874	false	0.5
begriff			__DUMMY__ 0.34793944328237036 neg 0.34256150783472367 off 0.3094990488829061	false	0.0
hungersnot	neg 1.0		__DUMMY__ 0.3454648030925713 neg 0.3446542077973904 off 0.3098809891100383	false	1.0
ungesetzlich	neg 1.0		__DUMMY__ 0.34427198653514957 neg 0.34355256415292645 off 0.312175449311924	false	1.0
verschwendung	neg 1.0		__DUMMY__ 0.3488498595142026 neg 0.34453242367541653 off 0.3066177168103808	false	1.0
schmerzvoll	neg 1.0		__DUMMY__ 0.34827796494769164 neg 0.33870108339099037 off 0.3130209516613181	false	1.0
vorzeitig	neg 1.0		__DUMMY__ 0.34671543474514893 neg 0.33652614189576563 off 0.31675842335908544	false	1.0
unvollkommenheit	neg 1.0		__DUMMY__ 0.34831352221445994 neg 0.33982005161405754 off 0.3118664261714825	false	1.0
intervenieren	neg 1.0		__DUMMY__ 0.3469384077647097 neg 0.34662175332589257 off 0.3064398389093977	false	1.0
banause	off 1.0		__DUMMY__ 0.34408810398173134 neg 0.33115451321537986 off 0.32475738280288874	false	0.5
rebell	neg 1.0		__DUMMY__ 0.34963005617973675 neg 0.3440773168187425 off 0.30629262700152066	false	1.0
unlogisch	neg 1.0		__DUMMY__ 0.3454045692845749 neg 0.33594686722993977 off 0.31864856348548526	false	1.0
leiden	neg 1.0	neg 1.0	neg 0.6560891146783161 __DUMMY__ 0.17296515031210294 off 0.1709457350095809	false	1.0
abschaffung	neg 1.0		__DUMMY__ 0.34609488142610384 neg 0.3424446336020243 off 0.31146048497187184	false	1.0
sturz	neg 1.0		__DUMMY__ 0.34630457418444993 neg 0.3413680247095626 off 0.3123274011059875	false	1.0
verkleinerung	neg 1.0		__DUMMY__ 0.34437604539539773 neg 0.3417604175964757 off 0.3138635370081265	false	1.0
schmarotzer	off 1.0		__DUMMY__ 0.3468868842960663 neg 0.3456237640336986 off 0.3074893516702353	false	0.5
bestrafung	neg 1.0		__DUMMY__ 0.34766033787635264 neg 0.33992717226486163 off 0.3124124898587858	false	1.0
achtlos	neg 1.0		__DUMMY__ 0.349075911914904 neg 0.3398204315774672 off 0.3111036565076287	false	1.0
ungeheuer	neg 1.0		__DUMMY__ 0.34764371975874836 neg 0.3387114156975366 off 0.313644864543715	false	1.0
unaufrichtig	neg 1.0		__DUMMY__ 0.34600326285615296 neg 0.3400731743524375 off 0.3139235627914094	false	1.0
groggy	neg 1.0		__DUMMY__ 0.3469517015508625 neg 0.33823719430829746 off 0.31481110414084	false	1.0
verletzlich	neg 1.0		__DUMMY__ 0.3468723197720349 neg 0.33573650608278227 off 0.31739117414518275	false	1.0
ablehnen	neg 1.0		__DUMMY__ 0.3471914285075491 neg 0.3446189397950371 off 0.308189631697414	false	1.0
kollaps	neg 1.0		__DUMMY__ 0.3467923195888713 neg 0.3418059867759343 off 0.31140169363519443	false	1.0
