unsolidarisch	neg 1.0		__DUMMY__ 0.9339428890449765 neg 0.03596850383535497 off 0.030088607119668574	false	1.0
nachteilig	neg 1.0		__DUMMY__ 0.9396595062138856 neg 0.03307708029088609 off 0.027263413495228317	false	1.0
skeptisch	neg 1.0		__DUMMY__ 0.9413658383958101 neg 0.03330199068929418 off 0.025332170914895678	false	1.0
schrecklich	neg 1.0		__DUMMY__ 0.9367918203191995 off 0.034378117789359744 neg 0.028830061891440797	false	0.5
schlapp	neg 1.0		__DUMMY__ 0.9408735316523444 off 0.031019368749609384 neg 0.028107099598046248	false	0.5
abfall	neg 1.0		__DUMMY__ 0.9423427505215091 neg 0.033423503775092546 off 0.02423374570339831	false	1.0
widerspenstig	neg 1.0		__DUMMY__ 0.9426364455829339 neg 0.02926341392949119 off 0.02810014048757492	false	1.0
abrupt	neg 1.0		__DUMMY__ 0.9442048696575125 neg 0.028505669447576393 off 0.027289460894911178	false	1.0
unwirksam	neg 1.0		__DUMMY__ 0.9345453735498723 neg 0.03587512622294218 off 0.029579500227185414	false	1.0
angreifen	neg 1.0		__DUMMY__ 0.939776474315581 neg 0.03369706138082476 off 0.026526464303594247	false	1.0
inkonsistent	neg 1.0		__DUMMY__ 0.9391962991263874 neg 0.030663143959489467 off 0.030140556914123196	false	1.0
abrutschen	neg 1.0		__DUMMY__ 0.9428448231587829 neg 0.03290090656586811 off 0.024254270275348964	false	1.0
unsicher	neg 1.0		__DUMMY__ 0.9404191399570295 neg 0.0309088633610437 off 0.028671996681926812	false	1.0
bauernkind	off 1.0		__DUMMY__ 0.9331510912213312 off 0.036599096920211585 neg 0.030249811858457248	false	1.0
angreifer	neg 1.0		__DUMMY__ 0.9369503247184711 neg 0.03179273408866635 off 0.03125694119286267	false	1.0
trennen	neg 1.0		__DUMMY__ 0.9439961621563289 neg 0.030563980089651662 off 0.025439857754019423	false	1.0
schmutz	neg 1.0		__DUMMY__ 0.9432446946731253 off 0.03172081467757792 neg 0.025034490649296876	false	0.5
inkonsistenz	neg 1.0	neg 1.0	neg 0.49914336523527925 __DUMMY__ 0.47253625026613993 off 0.02832038449858082	false	1.0
erschreckend	neg 1.0		__DUMMY__ 0.9393198375999587 neg 0.03257994539139024 off 0.028100217008650976	false	1.0
ertrinken	neg 1.0		__DUMMY__ 0.9427558378082324 neg 0.030797826919210253 off 0.02644633527255737	false	1.0
pickelface	off 1.0		__DUMMY__ 0.9378897284614472 neg 0.03255389378261655 off 0.029556377755936215	false	0.5
seiner			__DUMMY__ 0.940759663073749 neg 0.03307838946928229 off 0.026161947456968725	false	0.0
lauch	neg 1.0		__DUMMY__ 0.9423891567982231 neg 0.03275933045729645 off 0.02485151274448051	false	1.0
unwichtig	neg 1.0		__DUMMY__ 0.9382124628866274 off 0.031736798462636176 neg 0.030050738650736437	false	0.5
steuerhinterziehung	neg 1.0		__DUMMY__ 0.9361799049567184 neg 0.03492815743022473 off 0.02889193761305677	false	1.0
schock	neg 1.0		__DUMMY__ 0.9435581062995213 neg 0.029168197069737813 off 0.027273696630740772	false	1.0
beule	neg 1.0		__DUMMY__ 0.9401171980668735 off 0.031810033139400874 neg 0.028072768793725573	false	0.5
vergelten	neg 1.0		__DUMMY__ 0.9350412363101158 off 0.03580499269886579 neg 0.029153770991018364	false	0.5
verdorbenheit	neg 1.0		__DUMMY__ 0.9412393810664021 neg 0.029721503560706252 off 0.02903911537289168	false	1.0
trauma	neg 1.0		__DUMMY__ 0.939223660975323 neg 0.03082035598150663 off 0.029955983043170493	false	1.0
sinnlos	neg 1.0		__DUMMY__ 0.9392145834894837 neg 0.03060711964700094 off 0.030178296863515437	false	1.0
fettsack	off 1.0	off 1.0	off 0.5026036336933365 __DUMMY__ 0.4702643696463942 neg 0.02713199666026939	false	1.0
feige	off 1.0		__DUMMY__ 0.9368497158178207 off 0.03164077301836834 neg 0.03150951116381093	false	1.0
abdanken	neg 1.0		__DUMMY__ 0.9341273666677654 neg 0.036545280481888605 off 0.02932735285034597	false	1.0
wichtigtuer	off 1.0	off 1.0	off 0.49750119088777806 __DUMMY__ 0.47264389027971143 neg 0.029854918832510506	false	1.0
misslingen	neg 1.0		__DUMMY__ 0.9434939664151203 off 0.029708944474810633 neg 0.026797089110069193	false	0.5
untreu	off 1.0		__DUMMY__ 0.9380601776411418 off 0.03218001358521423 neg 0.02975980877364397	false	1.0
missmutig	neg 1.0		__DUMMY__ 0.940520719837182 off 0.030960404846339332 neg 0.02851887531647864	false	0.5
hurenbock	off 1.0		__DUMMY__ 0.9432510190745285 off 0.028998812861069857 neg 0.027750168064401618	false	1.0
betrunken	neg 1.0		__DUMMY__ 0.9391708602298915 off 0.0327254495629336 neg 0.02810369020717495	false	0.5
korrupt	off 1.0		__DUMMY__ 0.9361795799440272 neg 0.0356663899969995 off 0.02815403005897333	false	0.5
unmut	neg 1.0		__DUMMY__ 0.9410278280585419 neg 0.0340326614458519 off 0.024939510495606172	false	1.0
hackfresse	off 1.0		__DUMMY__ 0.9354710101601907 off 0.0366000857027636 neg 0.027928904137045643	false	1.0
aufblasen	neg 1.0		__DUMMY__ 0.9415449465431275 off 0.029278045391428274 neg 0.029177008065444186	false	0.5
gewaltsam	neg 1.0		__DUMMY__ 0.9371562577372965 neg 0.03294457610386489 off 0.02989916615883853	false	1.0
unbeliebtheit	neg 1.0		__DUMMY__ 0.9328192520176438 off 0.033991163974630964 neg 0.033189584007725176	false	0.5
sturheit	neg 1.0		__DUMMY__ 0.9384970424500296 neg 0.033023992528592436 off 0.028478965021377967	false	1.0
kuh	neg 1.0		__DUMMY__ 0.9388545859760016 neg 0.03177386491908248 off 0.0293715491049159	false	1.0
erschrecken	neg 1.0		__DUMMY__ 0.9395979810936552 off 0.03085845830066444 neg 0.029543560605680405	false	0.5
opfer	neg 1.0		__DUMMY__ 0.9406303040970804 neg 0.032719502317831314 off 0.026650193585088265	false	1.0
sinken	neg 1.0		__DUMMY__ 0.9411674747455236 neg 0.03366296368117907 off 0.02516956157329734	false	1.0
stinktier	neg 1.0		__DUMMY__ 0.9353068352025522 off 0.03457827615920577 neg 0.030114888638242066	false	0.5
tucke	off 1.0		__DUMMY__ 0.9370961940249023 off 0.03654584565822184 neg 0.026357960316875855	false	1.0
ein			__DUMMY__ 0.9427389443492092 neg 0.02871311486129952 off 0.02854794078949122	false	0.0
abstieg	neg 1.0		__DUMMY__ 0.9384507345014829 neg 0.03347752785294261 off 0.02807173764557449	false	1.0
missverstehen	neg 1.0		__DUMMY__ 0.9371242870069143 neg 0.032583405504486684 off 0.03029230748859898	false	1.0
ergebnislos	neg 1.0		__DUMMY__ 0.9391335493458328 neg 0.03320421252853133 off 0.02766223812563584	false	1.0
unter			__DUMMY__ 0.9470557559541082 neg 0.03151239022468463 off 0.02143185382120724	false	0.0
manipulieren	neg 1.0		__DUMMY__ 0.9413662594610255 neg 0.03226649602895525 off 0.02636724451001916	false	1.0
unbewiesen	neg 1.0		__DUMMY__ 0.9338046991543271 neg 0.03621391038326482 off 0.02998139046240812	false	1.0
verschleppen	neg 1.0		__DUMMY__ 0.9398594703047426 neg 0.0325763359745984 off 0.02756419372065907	false	1.0
weib	off 1.0		__DUMMY__ 0.9348982664419672 off 0.037455481888597174 neg 0.027646251669435656	false	1.0
opposition	neg 1.0		__DUMMY__ 0.9359556960531621 neg 0.03383169456217862 off 0.030212609384659334	false	1.0
verkehrswidrig	neg 1.0		__DUMMY__ 0.9394435624694868 off 0.034992891228349546 neg 0.025563546302163648	false	0.5
inkorrekt	neg 1.0		__DUMMY__ 0.9341941090710477 off 0.03292132341323287 neg 0.03288456751571934	false	0.5
vermeiden	neg 1.0		__DUMMY__ 0.9452753958241441 neg 0.03163026344145939 off 0.02309434073439651	false	1.0
abweichung	neg 1.0		__DUMMY__ 0.936236030403207 neg 0.035904278347339794 off 0.027859691249453183	false	1.0
alkoholisiert	neg 1.0		__DUMMY__ 0.9444018341127002 neg 0.028879698803115552 off 0.026718467084184343	false	1.0
scheiss	off 1.0	off 1.0	off 0.49938746215852214 __DUMMY__ 0.474290134647354 neg 0.026322403194123895	false	1.0
herausforderung	neg 1.0		__DUMMY__ 0.9444327309709091 neg 0.028664755800679818 off 0.02690251322841106	false	1.0
pervers	off 1.0		__DUMMY__ 0.9333484136914361 off 0.03931677619481126 neg 0.027334810113752633	false	1.0
wackelig	neg 1.0		__DUMMY__ 0.9447639222129014 neg 0.02865947326102859 off 0.026576604526069927	false	1.0
verwickeln	neg 1.0		__DUMMY__ 0.9380824458271169 neg 0.03183301960655113 off 0.0300845345663319	false	1.0
vorwand	neg 1.0		__DUMMY__ 0.9399893623293024 neg 0.03452514033671389 off 0.025485497333983795	false	1.0
muschi	off 1.0		__DUMMY__ 0.9377866707220063 neg 0.03289212320650707 off 0.029321206071486704	false	0.5
entmutigung	neg 1.0		__DUMMY__ 0.9328736179424818 neg 0.035556460310000156 off 0.031569921747518014	false	1.0
unangemessen	neg 1.0		__DUMMY__ 0.9375211969846867 neg 0.03480357611562803 off 0.027675226899685264	false	1.0
unstetig	neg 1.0		__DUMMY__ 0.938499492491932 off 0.031187181775925922 neg 0.030313325732142116	false	0.5
entmutigen	neg 1.0		__DUMMY__ 0.9409585476941954 neg 0.029635776593440796 off 0.029405675712363907	false	1.0
schwanz	neg 1.0		__DUMMY__ 0.9399889164832613 neg 0.03254723301339551 off 0.027463850503343188	false	1.0
verbot	neg 1.0		__DUMMY__ 0.9362663506417251 neg 0.03529427677209872 off 0.028439372586176168	false	1.0
leid	neg 1.0		__DUMMY__ 0.936345261958257 off 0.03535172677662058 neg 0.02830301126512257	false	0.5
archaisch	neg 1.0		__DUMMY__ 0.9385898122123186 neg 0.03352798980088274 off 0.027882197986798526	false	1.0
gegen			__DUMMY__ 0.9385157047446488 neg 0.03548304928468487 off 0.026001245970666293	false	0.0
scheidung	neg 1.0	neg 1.0	neg 0.4884812574739269 __DUMMY__ 0.47082313320761493 off 0.040695609318458205	false	1.0
einschlag	neg 1.0		__DUMMY__ 0.9348271195752085 off 0.035133006888947126 neg 0.030039873535844353	false	0.5
m			__DUMMY__ 0.9417806206451939 neg 0.03049130747113202 off 0.027728071883674075	false	0.0
abgestanden	neg 1.0		__DUMMY__ 0.9427214385810023 neg 0.029396900939954333 off 0.027881660479043297	false	1.0
schmierig	off 1.0		__DUMMY__ 0.9376935084945106 off 0.034555718838318435 neg 0.027750772667170878	false	1.0
unpraktisch	neg 1.0		__DUMMY__ 0.9420306437395065 off 0.029037525707355884 neg 0.028931830553137656	false	0.5
wixxer	off 1.0		__DUMMY__ 0.9325273430127456 off 0.03952784493238438 neg 0.027944812054870056	false	1.0
bezeichnet			__DUMMY__ 0.9378961183127955 neg 0.03350481513659074 off 0.028599066550613714	false	0.0
jammerlappen	off 1.0		__DUMMY__ 0.9382559488196035 off 0.03168041896523128 neg 0.03006363221516519	false	1.0
farce	neg 1.0		__DUMMY__ 0.9344358728678114 neg 0.036682878912786494 off 0.028881248219402196	false	1.0
zwecklos	neg 1.0		__DUMMY__ 0.9384747262268229 neg 0.03415854888604512 off 0.02736672488713196	false	1.0
turbulent	neg 1.0		__DUMMY__ 0.9365358685562001 off 0.03414280030761935 neg 0.0293213311361806	false	0.5
invasion	neg 1.0		__DUMMY__ 0.9401245514592462 off 0.030756572200722383 neg 0.029118876340031442	false	0.5
schuld	neg 1.0		__DUMMY__ 0.9386996623007843 neg 0.031868111713754206 off 0.029432225985461483	false	1.0
risiko	neg 1.0		__DUMMY__ 0.9420221001625686 off 0.030803071460731926 neg 0.027174828376699593	false	0.5
finster	neg 1.0		__DUMMY__ 0.9421398742337103 neg 0.02965684417553748 off 0.028203281590752208	false	1.0
geisteskrank	off 1.0		__DUMMY__ 0.9351355510394564 off 0.033088992622522996 neg 0.03177545633802056	false	1.0
zusammenbrechen	neg 1.0		__DUMMY__ 0.9413803163513523 neg 0.030815268690212606 off 0.02780441495843501	false	1.0
ausbeute	neg 1.0		__DUMMY__ 0.9431662498106209 neg 0.03041707537316988 off 0.02641667481620924	false	1.0
hinterhalt	neg 1.0		__DUMMY__ 0.9402610814016474 neg 0.03034212587086344 off 0.02939679272748905	false	1.0
kritik	neg 1.0		__DUMMY__ 0.9357227821799304 neg 0.03546360261796395 off 0.028813615202105593	false	1.0
einschrumpfen	neg 1.0		__DUMMY__ 0.9357080340230308 neg 0.03258905520382643 off 0.03170291077314279	false	1.0
riskant	neg 1.0		__DUMMY__ 0.9406838700341088 neg 0.032899412574825745 off 0.026416717391065395	false	1.0
frustrieren	neg 1.0		__DUMMY__ 0.940348267936341 neg 0.03322500986650303 off 0.026426722197155975	false	1.0
groll	neg 1.0		__DUMMY__ 0.9393054848612685 neg 0.03320460411515374 off 0.027489911023577777	false	1.0
gibt			__DUMMY__ 0.9401416424097996 neg 0.03216023449110013 off 0.02769812309910032	false	0.0
qualvoll	neg 1.0		__DUMMY__ 0.9407701151403622 off 0.03000601965859782 neg 0.029223865201039898	false	0.5
wackeln	neg 1.0		__DUMMY__ 0.9424650362180337 off 0.028856159512713257 neg 0.02867880426925305	false	0.5
klagen	neg 1.0		__DUMMY__ 0.9394685077291027 neg 0.03504631960541025 off 0.02548517266548701	false	1.0
bankrott	neg 1.0		__DUMMY__ 0.9394256306356655 off 0.03160682557741123 neg 0.028967543786923282	false	0.5
trauern	neg 1.0		__DUMMY__ 0.9411171253897664 neg 0.0323763235871397 off 0.026506551023093808	false	1.0
ablehnung	neg 1.0	neg 1.0	neg 0.5019774046610982 __DUMMY__ 0.47192529283114387 off 0.026097302507757932	false	1.0
stur	neg 1.0		__DUMMY__ 0.938894748851538 neg 0.03145400454140726 off 0.029651246607054635	false	1.0
aufruhr	neg 1.0		__DUMMY__ 0.9367552789495229 neg 0.03357173124656084 off 0.02967298980391633	false	1.0
melancholie	neg 1.0		__DUMMY__ 0.9439315977249885 neg 0.029415272659409672 off 0.026653129615601893	false	1.0
ist			__DUMMY__ 0.9389539553415545 neg 0.031326815437114984 off 0.02971922922133058	false	0.0
torheit	neg 1.0		__DUMMY__ 0.9348450493242021 neg 0.03487297205097799 off 0.030281978624820006	false	1.0
dreckskind	off 1.0		__DUMMY__ 0.9326174616922522 off 0.03618429695154422 neg 0.031198241356203513	false	1.0
umtauschen	neg 1.0		__DUMMY__ 0.9421519997289635 neg 0.02997461119618545 off 0.02787338907485112	false	1.0
zum			__DUMMY__ 0.946177190981135 neg 0.030595072750865555 off 0.02322773626799957	false	0.0
zersetzen	neg 1.0		__DUMMY__ 0.9403059746630518 neg 0.03376122369703261 off 0.0259328016399156	false	1.0
zur			__DUMMY__ 0.9415363162588894 neg 0.034746269935555414 off 0.02371741380555506	false	0.0
frust	neg 1.0		__DUMMY__ 0.94060946762763 neg 0.03165267204326654 off 0.027737860329103536	false	1.0
unerbittlichkeit	neg 1.0		__DUMMY__ 0.9401368586173757 neg 0.033282425119440184 off 0.02658071626318407	false	1.0
zwei			__DUMMY__ 0.944688642395141 neg 0.030858824555327704 off 0.02445253304953128	false	0.0
unkorrekt	neg 1.0		__DUMMY__ 0.9344855042426857 off 0.0331745603664281 neg 0.0323399353908861	false	0.5
hexe	off 1.0		__DUMMY__ 0.9392114550034101 off 0.031634450020347184 neg 0.029154094976242727	false	1.0
lasch	neg 1.0		__DUMMY__ 0.9372242106817632 neg 0.03167117033197162 off 0.031104618986265094	false	1.0
rivale	neg 1.0		__DUMMY__ 0.9356777331880741 off 0.034705124463453 neg 0.029617142348472868	false	0.5
mutlos	off 1.0	off 1.0	off 0.4948245392143841 __DUMMY__ 0.4740200412417752 neg 0.031155419543840702	false	1.0
wirr	off 1.0		__DUMMY__ 0.9352683602231223 off 0.03405609426306491 neg 0.03067554551381279	false	1.0
jahr			__DUMMY__ 0.9436262549322627 neg 0.030440563223834902 off 0.025933181843902413	false	0.0
wird			__DUMMY__ 0.9405223485673688 neg 0.03277665601728733 off 0.026700995415343813	false	0.0
strafbar	neg 1.0		__DUMMY__ 0.9375550636961028 neg 0.035521713098250196 off 0.026923223205647075	false	1.0
erosion	neg 1.0		__DUMMY__ 0.9410832407157289 off 0.029606984342215426 neg 0.029309774942055625	false	0.5
eingehen	neg 1.0		__DUMMY__ 0.9392032242781737 neg 0.033619283867719445 off 0.02717749185410693	false	1.0
faul	off 1.0		__DUMMY__ 0.9408595727078896 off 0.030949374771940603 neg 0.028191052520169766	false	1.0
provisorium	neg 1.0		__DUMMY__ 0.9461145936996309 neg 0.03281564512328391 off 0.021069761177085106	false	1.0
schmerzen	neg 1.0		__DUMMY__ 0.9420170314992142 neg 0.0305994889606549 off 0.027383479540130862	false	1.0
schrumpfen	neg 1.0		__DUMMY__ 0.9430911648291059 neg 0.033488484478524636 off 0.023420350692369394	false	1.0
geistlos	off 1.0		__DUMMY__ 0.9342751659629863 neg 0.034372270724262646 off 0.031352563312750964	false	0.5
fehlkauf	neg 1.0		__DUMMY__ 0.9378572326249747 neg 0.03133595843396152 off 0.03080680894106373	false	1.0
frustrierend	neg 1.0		__DUMMY__ 0.9391194580632449 off 0.03093526885660793 neg 0.029945273080147137	false	0.5
unzufrieden	neg 1.0		__DUMMY__ 0.9395765202057934 neg 0.03307824232142487 off 0.027345237472781815	false	1.0
verzweifeln	neg 1.0		__DUMMY__ 0.9406878387776515 neg 0.030981540791870085 off 0.028330620430478532	false	1.0
verzweifelt	neg 1.0		__DUMMY__ 0.9389676895712344 neg 0.03149092025383974 off 0.029541390174925856	false	1.0
misstrauensantrag	neg 1.0		__DUMMY__ 0.9361656013487681 neg 0.03316179744700869 off 0.03067260120422324	false	1.0
abfallen	neg 1.0		__DUMMY__ 0.9437232558636353 off 0.028678171073242897 neg 0.02759857306312188	false	0.5
fucker	off 1.0		__DUMMY__ 0.935743831941102 off 0.034164605914174515 neg 0.030091562144723413	false	1.0
ungezogen	neg 1.0		__DUMMY__ 0.9354990550685232 off 0.037510665117694235 neg 0.02699027981378261	false	0.5
irrsinnig	neg 1.0	neg 1.0	neg 0.4998058910615744 __DUMMY__ 0.4734864426422834 off 0.0267076662961421	false	1.0
unfassbar	neg 1.0		__DUMMY__ 0.9384099465774894 off 0.03195768613877565 neg 0.029632367283735004	false	0.5
hart	neg 1.0		__DUMMY__ 0.9377153926205307 off 0.031850019672324766 neg 0.03043458770714448	false	0.5
widerlich	off 1.0		__DUMMY__ 0.9366357817026364 off 0.032644823231593983 neg 0.030719395065769557	false	1.0
fatal	neg 1.0		__DUMMY__ 0.9381641049426188 neg 0.031067863429819095 off 0.030768031627562056	false	1.0
bruch	neg 1.0		__DUMMY__ 0.9384621051601532 neg 0.03622817158153884 off 0.025309723258308006	false	1.0
aushungern	neg 1.0		__DUMMY__ 0.9363812275255662 neg 0.03383823081552086 off 0.029780541658912956	false	1.0
anspannung	neg 1.0		__DUMMY__ 0.9445382711253123 neg 0.03126516364868605 off 0.024196565226001606	false	1.0
von			__DUMMY__ 0.9426988738071597 neg 0.03195228249634069 off 0.02534884369649968	false	0.0
kraftlos	neg 1.0		__DUMMY__ 0.9441807319315484 neg 0.02921676389931101 off 0.026602504169140583	false	1.0
vom			__DUMMY__ 0.945786479480937 neg 0.03252020603493271 off 0.021693314484130328	false	0.0
grenzdebil	off 1.0		__DUMMY__ 0.9385626184862403 off 0.03258162612027488 neg 0.0288557553934848	false	1.0
vor			__DUMMY__ 0.9426778532995664 neg 0.032382855140596974 off 0.02493929155983668	false	0.0
unterwerfen	neg 1.0		__DUMMY__ 0.9397846929023383 neg 0.03330033466042527 off 0.02691497243723641	false	1.0
versenkung	neg 1.0		__DUMMY__ 0.9400740465330367 neg 0.033321515908748565 off 0.02660443755821467	false	1.0
entziehen	neg 1.0		__DUMMY__ 0.9403432465637062 neg 0.03452617855568504 off 0.02513057488060875	false	1.0
finanzkrise	neg 1.0		__DUMMY__ 0.9363387048686181 neg 0.03453118235449141 off 0.029130112776890416	false	1.0
schimpfend	neg 1.0		__DUMMY__ 0.9447414125481925 off 0.02897948114039613 neg 0.02627910631141136	false	0.5
profan	neg 1.0		__DUMMY__ 0.9393301734726108 neg 0.030628453709409618 off 0.03004137281797956	false	1.0
korruption	neg 1.0		__DUMMY__ 0.9363933075228625 neg 0.03551077137420517 off 0.02809592110293229	false	1.0
â			__DUMMY__ 0.9414918050581971 neg 0.03137511544918187 off 0.027133079492621153	false	0.0
schmutzig	neg 1.0		__DUMMY__ 0.9408131794981279 off 0.03206284473760026 neg 0.02712397576427185	false	0.5
sexy	neg 1.0		__DUMMY__ 0.9388126844496406 off 0.03150890834103109 neg 0.02967840720932825	false	0.5
abraten	neg 1.0		__DUMMY__ 0.940274285967382 neg 0.030405752546978443 off 0.029319961485639423	false	1.0
schwarz	neg 1.0		__DUMMY__ 0.9384729668292972 neg 0.03140361053096542 off 0.030123422639737517	false	1.0
fotze	off 1.0		__DUMMY__ 0.938602547800824 neg 0.033364632487950845 off 0.02803281971122519	false	0.5
verwirren	neg 1.0		__DUMMY__ 0.9388403174889716 off 0.030658752185578696 neg 0.030500930325449784	false	0.5
zahnlos	off 1.0		__DUMMY__ 0.9379184969921526 neg 0.03443202578086347 off 0.027649477226983854	false	0.5
verheeren	neg 1.0		__DUMMY__ 0.9329556963074002 off 0.03941529599215174 neg 0.027629007700448033	false	0.5
hippie	neg 1.0		__DUMMY__ 0.938491458134332 off 0.03145121059808714 neg 0.030057331267580888	false	0.5
rammen	neg 1.0		__DUMMY__ 0.9393790693785582 neg 0.030436775894085964 off 0.03018415472735582	false	1.0
unlauter	neg 1.0	neg 1.0	neg 0.5000763394975832 __DUMMY__ 0.47199382996415995 off 0.027929830538256796	false	1.0
unheilvoll	neg 1.0		__DUMMY__ 0.9407419561643872 neg 0.02966248902781481 off 0.02959555480779793	false	1.0
niedrig	neg 1.0		__DUMMY__ 0.9393538274275399 neg 0.03367834598232484 off 0.026967826590135316	false	1.0
explosion	neg 1.0		__DUMMY__ 0.9396729595894686 off 0.030926255956339545 neg 0.029400784454191826	false	0.5
weichei	off 1.0		__DUMMY__ 0.9354893130836631 off 0.03578702520189869 neg 0.028723661714438267	false	1.0
minusmensch	off 1.0		__DUMMY__ 0.930053338691779 off 0.03949602612507651 neg 0.030450635183144538	false	1.0
farblos	neg 1.0		__DUMMY__ 0.9405281891045143 neg 0.030474241613097218 off 0.02899756928238853	false	1.0
unwissend	neg 1.0		__DUMMY__ 0.9371419750175862 off 0.03203742509227968 neg 0.030820599890134078	false	0.5
traurig	neg 1.0		__DUMMY__ 0.938532594809653 off 0.03365151657878346 neg 0.027815888611563474	false	0.5
senkung	neg 1.0		__DUMMY__ 0.9385004024656682 off 0.030817501549672378 neg 0.03068209598465933	false	0.5
ungleich	neg 1.0	neg 1.0	neg 0.501470446066635 __DUMMY__ 0.4741811553727832 off 0.024348398560581616	false	1.0
heikel	neg 1.0		__DUMMY__ 0.9402477488225623 neg 0.033940070388322065 off 0.025812180789115593	false	1.0
drosselung	neg 1.0		__DUMMY__ 0.9386744611192733 off 0.03369017238891426 neg 0.02763536649181239	false	0.5
falsch	neg 1.0		__DUMMY__ 0.9384082463605861 off 0.031251844682484146 neg 0.030339908956929847	false	0.5
unzufriedenheit	neg 1.0		__DUMMY__ 0.9403758970832329 neg 0.03377480041102168 off 0.02584930250574549	false	1.0
kurz	neg 1.0		__DUMMY__ 0.9429684249945666 neg 0.029752426364320253 off 0.027279148641113207	false	1.0
unsinnig	neg 1.0		__DUMMY__ 0.9389251221916739 neg 0.033471443997113035 off 0.027603433811213118	false	1.0
penner	off 1.0	off 1.0	off 0.5037369367796168 __DUMMY__ 0.47121897334214535 neg 0.0250440898782378	false	1.0
seicht	neg 1.0		__DUMMY__ 0.9328986330516124 off 0.03786001862219255 neg 0.02924134832619509	false	0.5
dummheit	off 1.0	off 1.0	off 0.49793181572892886 __DUMMY__ 0.47280938468518147 neg 0.029258799585889658	false	1.0
unerfreulich	neg 1.0		__DUMMY__ 0.9413938046589934 neg 0.03331047224148209 off 0.025295723099524575	false	1.0
motherfucker	off 1.0	off 1.0	off 0.5011867815765915 __DUMMY__ 0.47163713300293114 neg 0.027176085420477385	false	1.0
pikiert	neg 1.0		__DUMMY__ 0.937371237008675 off 0.03178672059758791 neg 0.030842042393737137	false	0.5
wrack	neg 1.0		__DUMMY__ 0.9408158471564655 neg 0.03216590445812896 off 0.02701824838540563	false	1.0
gangster	neg 1.0		__DUMMY__ 0.9387460054099224 off 0.030838106763766547 neg 0.03041588782631112	false	0.5
krank	neg 1.0		__DUMMY__ 0.9400999309179647 off 0.03220786318428765 neg 0.027692205897747613	false	0.5
reich	neg 1.0		__DUMMY__ 0.9332037325823975 neg 0.03399408667091695 off 0.0328021807466856	false	1.0
gnadenlos	neg 1.0		__DUMMY__ 0.9387172576664097 neg 0.03176031050150041 off 0.029522431832089906	false	1.0
niedergeschlagen	neg 1.0		__DUMMY__ 0.941423941013528 neg 0.030914481370177493 off 0.02766157761629443	false	1.0
terrorisieren	off 1.0	off 1.0	off 0.49438599557881147 __DUMMY__ 0.4758283859735208 neg 0.029785618447667746	false	1.0
sinnlosigkeit	neg 1.0		__DUMMY__ 0.9387386329034522 neg 0.033660223211768044 off 0.027601143884779893	false	1.0
behindern	neg 1.0		__DUMMY__ 0.9414092826730851 neg 0.030142197009336662 off 0.02844852031757819	false	1.0
undemokratisch	neg 1.0		__DUMMY__ 0.935394352207435 neg 0.03413623944253191 off 0.030469408350033107	false	1.0
wirtschaftskrise	neg 1.0		__DUMMY__ 0.9381189224987178 neg 0.03399556083424369 off 0.027885516667038635	false	1.0
neid	neg 1.0		__DUMMY__ 0.9413942119021194 off 0.030602428415724487 neg 0.02800335968215606	false	0.5
rutschen	neg 1.0		__DUMMY__ 0.947751627555511 neg 0.029032561851103703 off 0.02321581059338534	false	1.0
rezession	neg 1.0		__DUMMY__ 0.9338106756741161 off 0.03546635795584041 neg 0.030722966370043476	false	0.5
fehlgeburt	neg 1.0		__DUMMY__ 0.9409682395738128 neg 0.03018101645130305 off 0.028850743974884213	false	1.0
charakterschwach	off 1.0		__DUMMY__ 0.9367737190838409 off 0.03261937349591694 neg 0.030606907420242215	false	1.0
isolation	neg 1.0		__DUMMY__ 0.9381443864716191 off 0.032069715704151756 neg 0.02978589782422909	false	0.5
ablenkung	neg 1.0		__DUMMY__ 0.9408044088631893 neg 0.030374097280856337 off 0.028821493855954446	false	1.0
pech	neg 1.0		__DUMMY__ 0.9397987672601322 off 0.03017937528637705 neg 0.03002185745349075	false	0.5
vermeidung	neg 1.0		__DUMMY__ 0.9397572313435587 off 0.03288438065105502 neg 0.02735838800538628	false	0.5
dominieren	neg 1.0		__DUMMY__ 0.9383970213085282 neg 0.033530193609462904 off 0.028072785082008847	false	1.0
schwindlig	neg 1.0		__DUMMY__ 0.9415951023135741 off 0.02985827121914426 neg 0.02854662646728155	false	0.5
lutscher	neg 1.0		__DUMMY__ 0.9332077861132708 off 0.03802635721963266 neg 0.02876585666709654	false	0.5
pflicht	neg 1.0		__DUMMY__ 0.9399726187478383 neg 0.03412695692458293 off 0.02590042432757878	false	1.0
faschist	off 1.0		__DUMMY__ 0.9357075122950654 neg 0.03321392699628635 off 0.0310785607086481	false	0.5
verschleudern	neg 1.0		__DUMMY__ 0.9376532813005357 neg 0.034890877004716596 off 0.027455841694747705	false	1.0
wenn			__DUMMY__ 0.9383844260369592 off 0.031242023998167348 neg 0.030373549964873472	false	0.0
ehebruch	neg 1.0		__DUMMY__ 0.9390184290474806 neg 0.033704233168279744 off 0.027277337784239665	false	1.0
spott	off 1.0		__DUMMY__ 0.9393125891907759 neg 0.033829565186890925 off 0.026857845622333277	false	0.5
trostlosigkeit	neg 1.0		__DUMMY__ 0.9375843515524379 neg 0.03627339527259978 off 0.026142253174962223	false	1.0
lutschen	neg 1.0		__DUMMY__ 0.9364142438884308 off 0.031926482750291675 neg 0.03165927336127748	false	0.5
undiszipliniert	neg 1.0		__DUMMY__ 0.9378153872367027 off 0.0332392113062243 neg 0.02894540145707303	false	0.5
kopfschmerz	neg 1.0		__DUMMY__ 0.941295372534735 neg 0.030730498409478137 off 0.027974129055786792	false	1.0
unvorhergesehen	neg 1.0		__DUMMY__ 0.9438735146831266 neg 0.029175724579710887 off 0.026950760737162408	false	1.0
desinteressiert	neg 1.0		__DUMMY__ 0.9368092723356971 off 0.033260227459946744 neg 0.029930500204356076	false	0.5
armselig	off 1.0		__DUMMY__ 0.9358047761679587 off 0.03408178982888551 neg 0.030113434003155862	false	1.0
desaster	neg 1.0		__DUMMY__ 0.9380037310184183 neg 0.03689811400822171 off 0.02509815497336	false	1.0
tod	neg 1.0		__DUMMY__ 0.9388420809938999 neg 0.034466923458067865 off 0.02669099554803234	false	1.0
herzlos	neg 1.0		__DUMMY__ 0.9381830898142882 off 0.03420030814546532 neg 0.027616602040246463	false	0.5
unwissenheit	neg 1.0		__DUMMY__ 0.9387112278345361 neg 0.03362738388257936 off 0.027661388282884617	false	1.0
widersinnig	neg 1.0		__DUMMY__ 0.9349969576136664 neg 0.0362380192172863 off 0.028765023169047225	false	1.0
bedenklich	neg 1.0		__DUMMY__ 0.9398089523765286 neg 0.0336897589318501 off 0.026501288691621345	false	1.0
beanstanden	neg 1.0		__DUMMY__ 0.9400023812181221 neg 0.03444058521501644 off 0.025557033566861502	false	1.0
panisch	neg 1.0	neg 1.0	neg 0.4947656999622073 __DUMMY__ 0.47848831728765373 off 0.026745982750138845	false	1.0
debil	off 1.0		__DUMMY__ 0.9426017363837962 neg 0.03407620021425107 off 0.023322063401952833	false	0.5
abstrich	neg 1.0		__DUMMY__ 0.9445100926479146 off 0.027751518793143106 neg 0.027738388558942208	false	0.5
primitiv	neg 1.0		__DUMMY__ 0.9363189442592821 off 0.03305746512433825 neg 0.030623590616379624	false	0.5
abschaum	off 1.0	off 1.0	off 0.49946608010967963 __DUMMY__ 0.47200343927764427 neg 0.028530480612676042	false	1.0
provozieren	neg 1.0		__DUMMY__ 0.9378483134471343 neg 0.03291925563894689 off 0.029232430913918833	false	1.0
tot	neg 1.0		__DUMMY__ 0.9397226538727943 neg 0.03243620184937126 off 0.02784114427783445	false	1.0
instabil	neg 1.0		__DUMMY__ 0.9336284071232864 off 0.03481259486845589 neg 0.03155899800825763	false	0.5
schwuchtel	off 1.0		__DUMMY__ 0.929448739210993 off 0.041948942522380545 neg 0.028602318266626483	false	1.0
zerren	neg 1.0		__DUMMY__ 0.9409213262608409 neg 0.031359003742085674 off 0.02771966999707346	false	1.0
kinderficker	off 1.0		__DUMMY__ 0.9344268802149541 off 0.03561447642163351 neg 0.029958643363412318	false	1.0
gefahr	neg 1.0		__DUMMY__ 0.9385903782780338 neg 0.03430597757250135 off 0.027103644149464767	false	1.0
rabiat	neg 1.0		__DUMMY__ 0.939297387222069 neg 0.03179358121581715 off 0.028909031562113795	false	1.0
verlangsamung	neg 1.0		__DUMMY__ 0.9336547371850988 off 0.037601298275704104 neg 0.028743964539197045	false	0.5
ausgestorben	neg 1.0		__DUMMY__ 0.9403178797694074 neg 0.03191662201408426 off 0.02776549821650833	false	1.0
anklagen	neg 1.0		__DUMMY__ 0.9386474618279195 neg 0.032459430040514034 off 0.028893108131566477	false	1.0
trott	neg 1.0		__DUMMY__ 0.940671165972146 neg 0.030694149683881712 off 0.02863468434397236	false	1.0
verminderung	neg 1.0		__DUMMY__ 0.9371187783892883 off 0.033586250995140926 neg 0.029294970615570758	false	0.5
nach			__DUMMY__ 0.9461990913130225 neg 0.030427107816382942 off 0.023373800870594617	false	0.0
rost	neg 1.0		__DUMMY__ 0.9349779439751371 off 0.03750316333850407 neg 0.02751889268635883	false	0.5
destruktiv	neg 1.0		__DUMMY__ 0.9376138479697151 neg 0.03383641890452075 off 0.028549733125764188	false	1.0
unzumutbarkeit	neg 1.0		__DUMMY__ 0.938838102106279 off 0.033054117867688755 neg 0.02810778002603211	false	0.5
labil	off 1.0	off 1.0	off 0.5000516240690749 __DUMMY__ 0.4720320275041994 neg 0.027916348426725766	false	1.0
ziemlich	neg 1.0		__DUMMY__ 0.9382827044338229 off 0.03229322844915329 neg 0.029424067117023875	false	0.5
lachnummer	off 1.0		__DUMMY__ 0.9373821922391968 neg 0.033949649157150055 off 0.028668158603653127	false	0.5
oder			__DUMMY__ 0.941168496706516 neg 0.030448368263442844 off 0.028383135030041192	false	0.0
verfall	neg 1.0		__DUMMY__ 0.9416226004279594 neg 0.03486730410984428 off 0.023510095462196266	false	1.0
ausgrenzung	neg 1.0		__DUMMY__ 0.9358817869049608 neg 0.03324322664817737 off 0.03087498644686172	false	1.0
unordnung	neg 1.0		__DUMMY__ 0.9343822555788124 off 0.034967874507239684 neg 0.03064986991394792	false	0.5
fehlverhalten	neg 1.0		__DUMMY__ 0.9385807325235093 neg 0.034681116751542375 off 0.026738150724948395	false	1.0
eine			__DUMMY__ 0.942312644895362 neg 0.03256372099748834 off 0.025123634107149635	false	0.0
nille	neg 1.0		__DUMMY__ 0.936937379925477 neg 0.033769628429095616 off 0.029292991645427365	false	1.0
qual	neg 1.0		__DUMMY__ 0.9403608232912399 neg 0.03099532945934627 off 0.028643847249413792	false	1.0
verschwenden	neg 1.0		__DUMMY__ 0.9406782485956785 neg 0.03287794241101646 off 0.026443808993305035	false	1.0
riesig	neg 1.0		__DUMMY__ 0.9422872914726126 neg 0.029720690605295915 off 0.027992017922091446	false	1.0
verurteilen	neg 1.0		__DUMMY__ 0.9382643773540674 neg 0.03382967987481081 off 0.027905942771121732	false	1.0
klischee	neg 1.0	neg 1.0	neg 0.499790010443791 __DUMMY__ 0.4718014577059496 off 0.028408531850259454	false	1.0
diktatorisch	neg 1.0		__DUMMY__ 0.9344414113472466 neg 0.03501151228707876 off 0.030547076365674608	false	1.0
vorhersehbar	neg 1.0		__DUMMY__ 0.9368490150120256 neg 0.03271603612620345 off 0.03043494886177089	false	1.0
sowie			__DUMMY__ 0.9335431485011619 off 0.03658621474626226 neg 0.029870636752575837	false	0.0
stornieren	neg 1.0		__DUMMY__ 0.9419378767063593 off 0.030231556818416747 neg 0.027830566475223948	false	0.5
besteuerung	neg 1.0		__DUMMY__ 0.9388187710112036 neg 0.031545337655029045 off 0.029635891333767383	false	1.0
ungeschminkt	neg 1.0		__DUMMY__ 0.9385641313697907 off 0.03230384799012716 neg 0.029132020640082218	false	0.5
kritisch	neg 1.0		__DUMMY__ 0.9386735245517346 neg 0.03444022795649805 off 0.026886247491767348	false	1.0
schlamperei	off 1.0		__DUMMY__ 0.9379563780800191 neg 0.03475190265447971 off 0.02729171926550122	false	0.5
sucht	neg 1.0	neg 1.0	neg 0.49374747207666947 __DUMMY__ 0.47905818750229495 off 0.027194340421035544	false	1.0
egoistisch	off 1.0		__DUMMY__ 0.9358240688961077 off 0.035866411503513586 neg 0.028309519600378644	false	1.0
ausbeuter	off 1.0		__DUMMY__ 0.9385290576014291 neg 0.03493340533760527 off 0.026537537060965607	false	0.5
arschgeburt	off 1.0		__DUMMY__ 0.9294309656833218 off 0.04194543478168232 neg 0.02862359953499589	false	1.0
schubs	neg 1.0	neg 1.0	neg 0.49747426500632913 __DUMMY__ 0.47855086148069975 off 0.023974873512971114	false	1.0
unsolide	neg 1.0		__DUMMY__ 0.9302205471698637 neg 0.03692954706350844 off 0.03284990576662779	false	1.0
beschwerde	neg 1.0		__DUMMY__ 0.9379599258775564 neg 0.03430157811206253 off 0.027738496010381093	false	1.0
stocken	neg 1.0		__DUMMY__ 0.940791978350413 neg 0.032025721440702745 off 0.027182300208884333	false	1.0
isolieren	neg 1.0		__DUMMY__ 0.9425032484009902 neg 0.029116446578586423 off 0.02838030502042335	false	1.0
unheilbar	neg 1.0		__DUMMY__ 0.9404072927130496 neg 0.030121347380864225 off 0.029471359906086236	false	1.0
pisser	off 1.0		__DUMMY__ 0.9351829319166624 off 0.03467679067426105 neg 0.03014027740907665	false	1.0
löschen	neg 1.0		__DUMMY__ 0.9387976380027888 neg 0.03153303777165147 off 0.029669324225559738	false	1.0
durchfallen	neg 1.0		__DUMMY__ 0.9394999804101729 neg 0.03367573030918616 off 0.026824289280640946	false	1.0
wichser	off 1.0		__DUMMY__ 0.9333200316712528 off 0.038955226599539 neg 0.027724741729208215	false	1.0
terror	neg 1.0		__DUMMY__ 0.9399071870202813 off 0.030991435383435857 neg 0.029101377596282837	false	0.5
krass	neg 1.0		__DUMMY__ 0.9372573530963707 off 0.03411448242186278 neg 0.02862816448176651	false	0.5
revolte	neg 1.0	neg 1.0	neg 0.5018633634971462 __DUMMY__ 0.46916509304391885 off 0.028971543458935003	false	1.0
besorgt	neg 1.0		__DUMMY__ 0.9430807034536344 neg 0.029449762378014294 off 0.027469534168351326	false	1.0
nachlassen	neg 1.0		__DUMMY__ 0.9428077017062283 neg 0.029895505255692217 off 0.02729679303807941	false	1.0
alt	neg 1.0		__DUMMY__ 0.9432589387884991 neg 0.03142235013612322 off 0.025318711075377674	false	1.0
hundesohn	off 1.0		__DUMMY__ 0.9314099241797532 off 0.038855770210331556 neg 0.029734305609915232	false	1.0
als			__DUMMY__ 0.9411891655352941 neg 0.03163459872632278 off 0.027176235738383122	false	0.0
abschreckung	neg 1.0		__DUMMY__ 0.939640520431268 neg 0.03453187169929316 off 0.025827607869438864	false	1.0
unqualifiziert	neg 1.0		__DUMMY__ 0.9369911951567128 neg 0.03235739721798389 off 0.03065140762530337	false	1.0
abgewichst	off 1.0		__DUMMY__ 0.9394111310668978 neg 0.03223908185661693 off 0.028349787076485333	false	0.5
schwer	neg 1.0		__DUMMY__ 0.940401013196218 neg 0.031194375455643318 off 0.028404611348138594	false	1.0
bedeutungslosigkeit	neg 1.0		__DUMMY__ 0.9387904738874517 neg 0.03492590668853351 off 0.02628361942401485	false	1.0
kapitulation	neg 1.0		__DUMMY__ 0.9359344092348618 neg 0.03614435821115712 off 0.02792123255398105	false	1.0
unscharf	neg 1.0		__DUMMY__ 0.9398206817633211 off 0.030143243463749414 neg 0.030036074772929435	false	0.5
schwinden	neg 1.0		__DUMMY__ 0.9419349456598723 neg 0.03181381812557245 off 0.026251236214555232	false	1.0
versklavung	neg 1.0		__DUMMY__ 0.9355036116633536 neg 0.034244208462257744 off 0.03025217987438863	false	1.0
schlecht	neg 1.0		__DUMMY__ 0.9386011464062176 off 0.03256189675550195 neg 0.028836956838280418	false	0.5
verhasst	neg 1.0		__DUMMY__ 0.9373459897832906 neg 0.033354034141624946 off 0.029299976075084416	false	1.0
beschweren	neg 1.0		__DUMMY__ 0.9396878512342367 neg 0.0305191694408249 off 0.029792979324938414	false	1.0
scheiden	neg 1.0		__DUMMY__ 0.9404021770593959 neg 0.03164253034994746 off 0.027955292590656693	false	1.0
frustriert	neg 1.0		__DUMMY__ 0.9400522434398755 neg 0.03204964939003672 off 0.02789810717008786	false	1.0
schimmelig	neg 1.0		__DUMMY__ 0.9406960419679671 neg 0.033252092519340554 off 0.026051865512692375	false	1.0
fisch	neg 1.0		__DUMMY__ 0.9411978542216963 neg 0.03248861108055505 off 0.026313534697748553	false	1.0
schmuggel	neg 1.0		__DUMMY__ 0.9435750130571449 neg 0.030743524678159218 off 0.025681462264695844	false	1.0
auffallen	neg 1.0		__DUMMY__ 0.9390250335932548 neg 0.0308838866295492 off 0.030091079777195946	false	1.0
konkurrenz	neg 1.0		__DUMMY__ 0.9411976289237912 neg 0.033372965349550615 off 0.025429405726658166	false	1.0
teufelskreis	neg 1.0		__DUMMY__ 0.9393828128164246 neg 0.03242562956389447 off 0.028191557619681017	false	1.0
aufschreien	neg 1.0		__DUMMY__ 0.9375110824268882 neg 0.03224100787948599 off 0.03024790969362582	false	1.0
schuldner	neg 1.0		__DUMMY__ 0.9389104507501759 neg 0.03425010739178887 off 0.026839441858035263	false	1.0
missgeburt	off 1.0	off 1.0	off 0.5032433384951623 __DUMMY__ 0.469026333949943 neg 0.02773032755489464	false	1.0
arbeitslos	neg 1.0		__DUMMY__ 0.9385279626911555 neg 0.033840025153419995 off 0.027632012155424546	false	1.0
befallen	neg 1.0		__DUMMY__ 0.9381106773939067 neg 0.03403486741241421 off 0.027854455193679094	false	1.0
miesepetrig	off 1.0		__DUMMY__ 0.9406019445259136 off 0.03192520073827211 neg 0.027472854735814362	false	1.0
alarmieren	neg 1.0		__DUMMY__ 0.9363758854693554 off 0.032462531555088055 neg 0.031161582975556584	false	0.5
ungeduscht	off 1.0		__DUMMY__ 0.9397029211170577 neg 0.030176309088538623 off 0.0301207697944037	false	0.5
knappheit	neg 1.0		__DUMMY__ 0.9391460095366545 neg 0.03314738900388781 off 0.027706601459457643	false	1.0
schlange	neg 1.0		__DUMMY__ 0.9412453137129497 off 0.029378293295115473 neg 0.029376392991934785	false	0.5
harsch	neg 1.0		__DUMMY__ 0.9381039816905254 off 0.036362172039169166 neg 0.025533846270305395	false	0.5
lang	neg 1.0		__DUMMY__ 0.9398267989475783 neg 0.030526826689099427 off 0.029646374363322313	false	1.0
ziellos	neg 1.0		__DUMMY__ 0.9407046016226764 neg 0.0323151351950338 off 0.026980263182289792	false	1.0
selbstverliebt	neg 1.0		__DUMMY__ 0.9302635513022216 off 0.040013316284908125 neg 0.02972313241287032	false	0.5
beseitigen	neg 1.0		__DUMMY__ 0.9405836591217417 neg 0.03008754846689873 off 0.02932879241135955	false	1.0
dumm	off 1.0		__DUMMY__ 0.9348449642439408 off 0.036370022415773404 neg 0.028785013340285766	false	1.0
arbeitsloser	neg 1.0		__DUMMY__ 0.9390041078899433 neg 0.033891738123587034 off 0.02710415398646975	false	1.0
blitzen	neg 1.0		__DUMMY__ 0.9387408758562504 off 0.03137304495321093 neg 0.029886079190538675	false	0.5
hilflos	neg 1.0		__DUMMY__ 0.9404784694432691 neg 0.03197546444629144 off 0.027546066110439575	false	1.0
eklig	off 1.0		__DUMMY__ 0.9339243275968907 off 0.03689685614308897 neg 0.02917881626002029	false	1.0
begriff			__DUMMY__ 0.9395841328208588 neg 0.03245196961871696 off 0.027963897560424195	false	0.0
hungersnot	neg 1.0		__DUMMY__ 0.9358745297155947 neg 0.034820744831887976 off 0.029304725452517274	false	1.0
ungesetzlich	neg 1.0		__DUMMY__ 0.9339111296763472 neg 0.034602854540049556 off 0.031486015783603265	false	1.0
verschwendung	neg 1.0		__DUMMY__ 0.9408398508693419 neg 0.03321455107066824 off 0.025945598059989906	false	1.0
schmerzvoll	neg 1.0		__DUMMY__ 0.9398562692820139 neg 0.030419690903355927 off 0.02972403981463014	false	1.0
vorzeitig	neg 1.0		__DUMMY__ 0.9379360434294871 off 0.03238129501019275 neg 0.029682661560320168	false	0.5
unvollkommenheit	neg 1.0		__DUMMY__ 0.9404276744233268 neg 0.03066607139316201 off 0.028906254183511244	false	1.0
intervenieren	neg 1.0		__DUMMY__ 0.9381348583372767 neg 0.03503576287049576 off 0.026829378792227573	false	1.0
banause	off 1.0		__DUMMY__ 0.9337533544647699 off 0.03786787509374823 neg 0.028378770441481887	false	1.0
rebell	neg 1.0		__DUMMY__ 0.9426671467980933 neg 0.03245676038707634 off 0.024876092814830452	false	1.0
unlogisch	neg 1.0		__DUMMY__ 0.9355431892963388 off 0.0340785084472514 neg 0.030378302256409726	false	0.5
leiden	neg 1.0	neg 1.0	neg 0.4935378956510367 __DUMMY__ 0.4840506958334965 off 0.02241140851546675	false	1.0
abschaffung	neg 1.0		__DUMMY__ 0.9369379213703061 neg 0.033280425359364804 off 0.02978165327032915	false	1.0
sturz	neg 1.0		__DUMMY__ 0.9371900495421169 neg 0.03267797429217521 off 0.030131976165707793	false	1.0
verkleinerung	neg 1.0		__DUMMY__ 0.9342104834558282 neg 0.03391371086258804 off 0.031875805681583776	false	1.0
schmarotzer	off 1.0		__DUMMY__ 0.9378554321500192 neg 0.03473851153412607 off 0.02740605631585466	false	0.5
bestrafung	neg 1.0		__DUMMY__ 0.9390927045471172 neg 0.03112046019031929 off 0.029786835262563455	false	1.0
achtlos	neg 1.0		__DUMMY__ 0.94106091005942 neg 0.030639581599170778 off 0.028299508341409114	false	1.0
