unsolidarisch	neg 1.0		__DUMMY__ 0.8938832527832439 neg 0.057269956563225866 off 0.04884679065353035	false	1.0
nachteilig	neg 1.0		__DUMMY__ 0.9005488369239611 neg 0.05387944958700993 off 0.04557171348902896	false	1.0
skeptisch	neg 1.0		__DUMMY__ 0.9025554135017767 neg 0.05418971101929344 off 0.043254875478929894	false	1.0
schrecklich	neg 1.0		__DUMMY__ 0.8972344093381422 off 0.05433840174200137 neg 0.04842718891985637	false	0.5
schlapp	neg 1.0		__DUMMY__ 0.9019571516181862 off 0.05040592850902925 neg 0.047636919872784594	false	0.5
abfall	neg 1.0		__DUMMY__ 0.9037775249179656 neg 0.05432575434218729 off 0.041896720739847106	false	1.0
widerspenstig	neg 1.0		__DUMMY__ 0.9040404039511171 neg 0.04916566958140168 off 0.046793926467481206	false	1.0
abrupt	neg 1.0		__DUMMY__ 0.9059278047434098 neg 0.048333026648083706 off 0.045739168608506436	false	1.0
unwirksam	neg 1.0		__DUMMY__ 0.8945858134052926 neg 0.057009260865207065 off 0.048404925729500364	false	1.0
angreifen	neg 1.0		__DUMMY__ 0.9007768860125033 neg 0.05461254145027073 off 0.044610572537225994	false	1.0
inkonsistent	neg 1.0		__DUMMY__ 0.8999377706744626 neg 0.050819301464644535 off 0.049242927860892884	false	1.0
abrutschen	neg 1.0		__DUMMY__ 0.9043585143622784 neg 0.053696589902792795 off 0.04194489573492878	false	1.0
unsicher	neg 1.0		__DUMMY__ 0.9015443189684224 neg 0.051135947305017866 off 0.04731973372655966	false	1.0
bauernkind	off 1.0		__DUMMY__ 0.8928364443050167 off 0.05711456211678946 neg 0.05004899357819383	false	1.0
angreifer	neg 1.0		__DUMMY__ 0.8973925046901348 neg 0.05219398074261492 off 0.05041351456725035	false	1.0
trennen	neg 1.0		__DUMMY__ 0.9057354555165132 neg 0.050810615903610606 off 0.04345392857987616	false	1.0
schmutz	neg 1.0		__DUMMY__ 0.9046867152392628 off 0.05119046004952092 neg 0.044122824711216264	false	0.5
inkonsistenz	neg 1.0	neg 1.0	neg 0.5097942317387298 __DUMMY__ 0.45208581496600225 off 0.03811995329526791	false	1.0
erschreckend	neg 1.0		__DUMMY__ 0.900208866446707 neg 0.053205708916186235 off 0.04658542463710688	false	1.0
ertrinken	neg 1.0		__DUMMY__ 0.904275130807264 neg 0.05108922803705622 off 0.04463564115567982	false	1.0
pickelface	off 1.0		__DUMMY__ 0.8984081930906771 neg 0.05317319452537656 off 0.04841861238394632	false	0.5
seiner			__DUMMY__ 0.9019098901688928 neg 0.05385310502245646 off 0.044237004808650816	false	0.0
lauch	neg 1.0		__DUMMY__ 0.9036556644294388 neg 0.053543416951157274 off 0.04280091861940389	false	1.0
unwichtig	neg 1.0		__DUMMY__ 0.8988759854164785 off 0.05107489480734963 neg 0.05004911977617189	false	0.5
steuerhinterziehung	neg 1.0		__DUMMY__ 0.8964361495769082 neg 0.05607874447412779 off 0.04748510594896398	false	1.0
schock	neg 1.0		__DUMMY__ 0.9051787723985136 neg 0.049093595547452545 off 0.04572763205403385	false	1.0
beule	neg 1.0		__DUMMY__ 0.9010100356361781 off 0.0514061639402868 neg 0.04758380042353503	false	0.5
vergelten	neg 1.0		__DUMMY__ 0.8951548228217747 off 0.055942862202667906 neg 0.048902314975557394	false	0.5
verdorbenheit	neg 1.0		__DUMMY__ 0.9023353659374641 neg 0.04967326640057923 off 0.04799136766195665	false	1.0
trauma	neg 1.0		__DUMMY__ 0.9000341178032946 neg 0.051020521139592094 off 0.04894536105711332	false	1.0
sinnlos	neg 1.0		__DUMMY__ 0.9000951422192286 neg 0.05074145848327325 off 0.04916339929749811	false	1.0
fettsack	off 1.0	off 1.0	off 0.5125869789391967 __DUMMY__ 0.4498433735544093 neg 0.03756964750639397	false	1.0
feige	off 1.0		__DUMMY__ 0.897256954385286 neg 0.051812922917755466 off 0.050930122696958624	false	0.5
abdanken	neg 1.0		__DUMMY__ 0.8941074919211439 neg 0.057993433756038666 off 0.04789907432281743	false	1.0
wichtigtuer	off 1.0	off 1.0	off 0.5072732230599769 __DUMMY__ 0.45224786191033806 neg 0.040478915029685036	false	1.0
misslingen	neg 1.0		__DUMMY__ 0.9049453821855827 off 0.04876526608106324 neg 0.04628935173335394	false	0.5
untreu	off 1.0		__DUMMY__ 0.8987394244460751 off 0.05162629668546857 neg 0.049634278868456186	false	1.0
missmutig	neg 1.0		__DUMMY__ 0.9016095003953011 off 0.0502120742843188 neg 0.04817842532038015	false	0.5
hurenbock	off 1.0		__DUMMY__ 0.9046328328213018 off 0.047999493922430046 neg 0.04736767325626808	false	1.0
betrunken	neg 1.0		__DUMMY__ 0.8999877058043605 off 0.05242928062191858 neg 0.047583013573720884	false	0.5
korrupt	off 1.0		__DUMMY__ 0.8964536837406225 neg 0.057003508591787586 off 0.04654280766758982	false	0.5
unmut	neg 1.0		__DUMMY__ 0.9021394831479977 neg 0.055137469476672786 off 0.042723047375329455	false	1.0
hackfresse	off 1.0		__DUMMY__ 0.8956277768216525 off 0.0570775799041957 neg 0.04729464327415177	false	1.0
aufblasen	neg 1.0		__DUMMY__ 0.9028354932571169 neg 0.04900037000564599 off 0.04816413673723725	false	1.0
gewaltsam	neg 1.0		__DUMMY__ 0.8976211048730658 neg 0.05360800888518999 off 0.0487708862417441	false	1.0
unbeliebtheit	neg 1.0		__DUMMY__ 0.8925644863070488 neg 0.05377765914345385 off 0.05365785454949745	false	1.0
sturheit	neg 1.0		__DUMMY__ 0.8992069455705544 neg 0.053800284640968435 off 0.04699276978847715	false	1.0
kuh	neg 1.0		__DUMMY__ 0.8994442242160898 neg 0.05211789252517716 off 0.048437883258733	false	1.0
erschrecken	neg 1.0		__DUMMY__ 0.9005510474828583 off 0.05005449799385363 neg 0.049394454523287994	false	0.5
opfer	neg 1.0		__DUMMY__ 0.9016751063310847 neg 0.05348165801823038 off 0.044843235650684946	false	1.0
sinken	neg 1.0		__DUMMY__ 0.9023498088647467 neg 0.05459306818039027 off 0.04305712295486314	false	1.0
stinktier	neg 1.0		__DUMMY__ 0.8953775352038541 off 0.05465143963786843 neg 0.04997102515827749	false	0.5
tucke	off 1.0		__DUMMY__ 0.897388255699554 off 0.057167962361043566 neg 0.04544378193940248	false	1.0
ein			__DUMMY__ 0.904221654357665 neg 0.04845909284975404 off 0.047319252792581035	false	0.0
abstieg	neg 1.0		__DUMMY__ 0.8991887606585444 neg 0.054322941012894026 off 0.046488298328561585	false	1.0
missverstehen	neg 1.0		__DUMMY__ 0.8976182712355947 neg 0.05312292123811909 off 0.04925880752628618	false	1.0
ergebnislos	neg 1.0		__DUMMY__ 0.8999190391183288 neg 0.05405251688395608 off 0.04602844399771511	false	1.0
unter			__DUMMY__ 0.9092604904467466 neg 0.052125986169872525 off 0.03861352338338086	false	0.0
manipulieren	neg 1.0		__DUMMY__ 0.9025575107263939 neg 0.05298322169191005 off 0.04445926758169611	false	1.0
unbewiesen	neg 1.0		__DUMMY__ 0.8937355906683385 neg 0.05756294935544455 off 0.04870145997621691	false	1.0
verschleppen	neg 1.0		__DUMMY__ 0.9007281988865959 neg 0.05333899510888168 off 0.04593280600452235	false	1.0
weib	off 1.0		__DUMMY__ 0.8948956829526233 off 0.05813791249237603 neg 0.046966404555000556	false	1.0
opposition	neg 1.0		__DUMMY__ 0.896229209693936 neg 0.05452831198622321 off 0.049242478319840764	false	1.0
verkehrswidrig	neg 1.0		__DUMMY__ 0.9001883838847808 off 0.05525742500526049 neg 0.0445541911099587	false	0.5
inkorrekt	neg 1.0		__DUMMY__ 0.8941263256782411 neg 0.05344963383865725 off 0.05242404048310169	false	1.0
vermeiden	neg 1.0		__DUMMY__ 0.9071019211657321 neg 0.05224490474364148 off 0.04065317409062637	false	1.0
abweichung	neg 1.0		__DUMMY__ 0.8965801347735778 neg 0.05720153253564608 off 0.04621833269077623	false	1.0
alkoholisiert	neg 1.0		__DUMMY__ 0.9060336863142909 neg 0.04875102055084794 off 0.04521529313486109	false	1.0
scheiss	off 1.0	off 1.0	off 0.5094400980339061 __DUMMY__ 0.45374256781506317 neg 0.03681733415103074	false	1.0
herausforderung	neg 1.0		__DUMMY__ 0.90613633109575 neg 0.04863814292107 off 0.04522552598317995	false	1.0
pervers	off 1.0		__DUMMY__ 0.8931046302112934 off 0.06037000959162476 neg 0.04652536019708188	false	1.0
wackelig	neg 1.0		__DUMMY__ 0.9065717412703436 neg 0.048470971726708924 off 0.04495728700294756	false	1.0
verwickeln	neg 1.0		__DUMMY__ 0.8987663179054445 neg 0.052232520900312294 off 0.0490011611942432	false	1.0
vorwand	neg 1.0		__DUMMY__ 0.9009535244100083 neg 0.0556560835247387 off 0.04339039206525297	false	1.0
muschi	off 1.0		__DUMMY__ 0.8983329653270424 neg 0.05356128911529126 off 0.048105745557666314	false	0.5
entmutigung	neg 1.0		__DUMMY__ 0.8926165401679333 neg 0.056738307787117775 off 0.050645152044948925	false	1.0
unangemessen	neg 1.0		__DUMMY__ 0.8980612536746181 neg 0.05591806818176857 off 0.04602067814361343	false	1.0
unstetig	neg 1.0		__DUMMY__ 0.8991659687276266 off 0.05047755462049737 neg 0.050356476651876106	false	0.5
entmutigen	neg 1.0		__DUMMY__ 0.9020922706879292 neg 0.04964841915035538 off 0.04825931016171545	false	1.0
schwanz	neg 1.0		__DUMMY__ 0.9008346810326906 neg 0.053200810070557006 off 0.045964508896752417	false	1.0
verbot	neg 1.0		__DUMMY__ 0.896548956723468 neg 0.056557063697601384 off 0.04689397957893059	false	1.0
leid	neg 1.0		__DUMMY__ 0.8966563248463462 off 0.055564016451481034 neg 0.047779658702172746	false	0.5
archaisch	neg 1.0		__DUMMY__ 0.8993440650143179 neg 0.05433997686105419 off 0.04631595812462785	false	1.0
gegen			__DUMMY__ 0.899282789249851 neg 0.05680829087180151 off 0.043908919878347455	false	0.0
scheidung	neg 1.0	neg 1.0	neg 0.4989146599324159 __DUMMY__ 0.4504127033508703 off 0.050672636716713786	false	1.0
einschlag	neg 1.0		__DUMMY__ 0.894872806634699 off 0.05521842722802847 neg 0.04990876613727245	false	0.5
m			__DUMMY__ 0.9030188079115975 neg 0.05068158725196984 off 0.046299604836432626	false	0.0
abgestanden	neg 1.0		__DUMMY__ 0.9040178964849578 neg 0.049261107234213626 off 0.04672099628082853	false	1.0
schmierig	off 1.0		__DUMMY__ 0.8982397337935691 off 0.05460843011700314 neg 0.047151836089427794	false	1.0
unpraktisch	neg 1.0		__DUMMY__ 0.9033310299286607 neg 0.04871962096818583 off 0.04794934910315348	false	1.0
wixxer	off 1.0		__DUMMY__ 0.8921433354869759 off 0.06061545154148219 neg 0.04724121297154195	false	1.0
bezeichnet			__DUMMY__ 0.8984975029967915 neg 0.054318889810310314 off 0.04718360719289817	false	0.0
jammerlappen	off 1.0		__DUMMY__ 0.8989552274941263 off 0.05100760002129089 neg 0.05003717248458282	false	1.0
farce	neg 1.0		__DUMMY__ 0.8944151669511886 neg 0.05817321021942 off 0.04741162282939132	false	1.0
zwecklos	neg 1.0		__DUMMY__ 0.8992345296664825 neg 0.0551041566808609 off 0.045661313652656584	false	1.0
turbulent	neg 1.0		__DUMMY__ 0.89683457367744 off 0.05405775740706423 neg 0.049107668915495846	false	0.5
invasion	neg 1.0		__DUMMY__ 0.9010861204911106 off 0.0499494701692486 neg 0.04896440933964079	false	0.5
schuld	neg 1.0		__DUMMY__ 0.8994732770385163 neg 0.05230350489428452 off 0.04822321806719925	false	1.0
risiko	neg 1.0		__DUMMY__ 0.9032336614019852 off 0.05000303304580512 neg 0.046763305552209644	false	0.5
finster	neg 1.0		__DUMMY__ 0.9034581072509744 neg 0.049522899950386036 off 0.04701899279863945	false	1.0
geisteskrank	off 1.0		__DUMMY__ 0.8952658114703548 off 0.05265618664476933 neg 0.05207800188487588	false	1.0
zusammenbrechen	neg 1.0		__DUMMY__ 0.9026679477201747 neg 0.05106950833803022 off 0.04626254394179509	false	1.0
ausbeute	neg 1.0		__DUMMY__ 0.9046417150379537 neg 0.05058228982501802 off 0.044775995137028346	false	1.0
hinterhalt	neg 1.0		__DUMMY__ 0.9012156886010902 neg 0.0504919486646839 off 0.04829236273422586	false	1.0
kritik	neg 1.0		__DUMMY__ 0.8959081973537493 neg 0.05674480790403653 off 0.047346994742214224	false	1.0
einschrumpfen	neg 1.0		__DUMMY__ 0.8958627645522237 neg 0.05310628520678695 off 0.05103095024098934	false	1.0
riskant	neg 1.0		__DUMMY__ 0.9018148647350894 neg 0.05363823979216267 off 0.04454689547274783	false	1.0
frustrieren	neg 1.0		__DUMMY__ 0.9014217659123333 neg 0.05402226173205007 off 0.0445559723556166	false	1.0
groll	neg 1.0		__DUMMY__ 0.9001406880737083 neg 0.054031500555021754 off 0.04582781137126996	false	1.0
gibt			__DUMMY__ 0.9012373340764657 neg 0.05268085980673204 off 0.046081806116802314	false	0.0
qualvoll	neg 1.0		__DUMMY__ 0.9019292136975225 off 0.04904998517235831 neg 0.049020801130119154	false	0.5
wackeln	neg 1.0		__DUMMY__ 0.9039360560769432 neg 0.04842233157075727 off 0.047641612352299564	false	1.0
klagen	neg 1.0		__DUMMY__ 0.9003006634698612 neg 0.05633095680764135 off 0.04336837972249749	false	1.0
bankrott	neg 1.0		__DUMMY__ 0.9002939722952211 off 0.051037708245407494 neg 0.04866831945937139	false	0.5
trauern	neg 1.0		__DUMMY__ 0.9022617928607951 neg 0.05305870889356393 off 0.04467949824564094	false	1.0
ablehnung	neg 1.0	neg 1.0	neg 0.512734342194404 __DUMMY__ 0.45149992444026066 off 0.03576573336533537	false	1.0
stur	neg 1.0		__DUMMY__ 0.8997088354757711 neg 0.05179459509323244 off 0.04849656943099659	false	1.0
aufruhr	neg 1.0		__DUMMY__ 0.8971446348309252 neg 0.054388685432868705 off 0.04846667973620598	false	1.0
melancholie	neg 1.0		__DUMMY__ 0.9055560868322597 neg 0.04937895104574588 off 0.04506496212199435	false	1.0
ist			__DUMMY__ 0.8998289163897906 neg 0.051572728718659755 off 0.04859835489154965	false	0.0
torheit	neg 1.0		__DUMMY__ 0.8949500237013204 neg 0.05592062658207906 off 0.049129349716600455	false	1.0
dreckskind	off 1.0		__DUMMY__ 0.892254959894327 off 0.056529795726142376 neg 0.051215244379530615	false	1.0
umtauschen	neg 1.0		__DUMMY__ 0.9034909324970882 neg 0.04993801272648365 off 0.046571054776428096	false	1.0
zum			__DUMMY__ 0.9082691038608832 neg 0.05091636781360093 off 0.04081452832551581	false	0.0
zersetzen	neg 1.0		__DUMMY__ 0.9013259038744751 neg 0.05472826495139779 off 0.0439458311741271	false	1.0
zur			__DUMMY__ 0.9028007658649888 neg 0.055951757989909805 off 0.04124747614510135	false	0.0
frust	neg 1.0		__DUMMY__ 0.9017951301531412 neg 0.05206700461415144 off 0.046137865232707374	false	1.0
unerbittlichkeit	neg 1.0		__DUMMY__ 0.901099524015662 neg 0.05417799953088321 off 0.044722476453454896	false	1.0
zwei			__DUMMY__ 0.9065686259417036 neg 0.05115203427954014 off 0.04227933977875618	false	0.0
unkorrekt	neg 1.0		__DUMMY__ 0.8944458359013193 off 0.052797707856034944 neg 0.05275645624264584	false	0.5
hexe	off 1.0		__DUMMY__ 0.8999773565600035 off 0.05113985423126398 neg 0.04888278920873245	false	1.0
lasch	neg 1.0		__DUMMY__ 0.8977140153986737 neg 0.05204262676068801 off 0.05024335784063837	false	1.0
rivale	neg 1.0		__DUMMY__ 0.8958718374122963 off 0.05473409999619561 neg 0.04939406259150821	false	0.5
mutlos	off 1.0	off 1.0	off 0.5045063168087796 __DUMMY__ 0.4535684447514737 neg 0.04192523843974668	false	1.0
wirr	off 1.0		__DUMMY__ 0.8953793391328249 off 0.053930403055135544 neg 0.05069025781203966	false	1.0
jahr			__DUMMY__ 0.9053005135099912 neg 0.050618383028063686 off 0.044081103461945104	false	0.0
wird			__DUMMY__ 0.9016513733867572 neg 0.053421910710087166 off 0.04492671590315558	false	0.0
strafbar	neg 1.0		__DUMMY__ 0.8980955872531531 neg 0.05682962212526315 off 0.045074790621583885	false	1.0
erosion	neg 1.0		__DUMMY__ 0.9022206369307911 neg 0.04920436391868417 off 0.048574999150524684	false	1.0
eingehen	neg 1.0		__DUMMY__ 0.900115819679784 neg 0.054467259606527596 off 0.04541692071368845	false	1.0
faul	off 1.0		__DUMMY__ 0.9019344556668752 off 0.0502982309721493 neg 0.04776731336097544	false	1.0
provisorium	neg 1.0		__DUMMY__ 0.9081551652801849 neg 0.0536468676747751 off 0.03819796704504002	false	1.0
schmerzen	neg 1.0		__DUMMY__ 0.903332374654163 neg 0.05068840763283374 off 0.045979217713003166	false	1.0
schrumpfen	neg 1.0		__DUMMY__ 0.90458326611776 neg 0.05448990713963172 off 0.04092682674260835	false	1.0
geistlos	off 1.0		__DUMMY__ 0.8942770367533899 neg 0.05530238188160322 off 0.05042058136500696	false	0.5
fehlkauf	neg 1.0		__DUMMY__ 0.8983959436166217 neg 0.051639121240683955 off 0.04996493514269439	false	1.0
frustrierend	neg 1.0		__DUMMY__ 0.9000065393448199 off 0.05010012086299732 neg 0.04989333979218277	false	0.5
unzufrieden	neg 1.0		__DUMMY__ 0.9005359850570184 neg 0.053818405922282146 off 0.045645609020699425	false	1.0
verzweifeln	neg 1.0		__DUMMY__ 0.9018474475444523 neg 0.05125388944041188 off 0.046898663015135886	false	1.0
verzweifelt	neg 1.0		__DUMMY__ 0.8998455992315995 neg 0.05178575728155442 off 0.048368643486846156	false	1.0
misstrauensantrag	neg 1.0		__DUMMY__ 0.896502600903888 neg 0.05369130049074207 off 0.04980609860536993	false	1.0
abfallen	neg 1.0		__DUMMY__ 0.9053235663920801 off 0.047543252716655514 neg 0.04713318089126433	false	0.5
fucker	off 1.0		__DUMMY__ 0.8960167121933713 off 0.05399190099903209 neg 0.049991386807596495	false	1.0
ungezogen	neg 1.0		__DUMMY__ 0.8956177450785621 off 0.058226298930550695 neg 0.04615595599088719	false	0.5
irrsinnig	neg 1.0	neg 1.0	neg 0.510400397041902 __DUMMY__ 0.45313395760907277 off 0.036465645349025154	false	1.0
unfassbar	neg 1.0		__DUMMY__ 0.8991422371458084 off 0.05136902550330392 neg 0.04948873735088769	false	0.5
hart	neg 1.0		__DUMMY__ 0.8981335987545656 off 0.051366744376035396 neg 0.050499656869399036	false	0.5
widerlich	off 1.0		__DUMMY__ 0.8970216709465522 off 0.052178163140335014 neg 0.05080016591311286	false	1.0
fatal	neg 1.0		__DUMMY__ 0.8987968045626737 neg 0.051297945504358004 off 0.0499052499329682	false	1.0
bruch	neg 1.0		__DUMMY__ 0.8992190721686211 neg 0.05769324356337227 off 0.04308768426800669	false	1.0
aushungern	neg 1.0		__DUMMY__ 0.8967091540987728 neg 0.05481113170252634 off 0.04847971419870082	false	1.0
anspannung	neg 1.0		__DUMMY__ 0.9063633299606553 neg 0.05173745826464888 off 0.04189921177469581	false	1.0
von			__DUMMY__ 0.9042015121770591 neg 0.05247021105621005 off 0.04332827676673081	false	0.0
kraftlos	neg 1.0		__DUMMY__ 0.9058922339507297 neg 0.04918932251222691 off 0.044918443537043364	false	1.0
vom			__DUMMY__ 0.9078181042585735 neg 0.05322236941400302 off 0.03895952632742354	false	0.0
grenzdebil	off 1.0		__DUMMY__ 0.899292688768525 off 0.05215888455621248 neg 0.048548426675262615	false	1.0
vor			__DUMMY__ 0.9041694915285939 neg 0.0530401475577809 off 0.04279036091362515	false	0.0
unterwerfen	neg 1.0		__DUMMY__ 0.9006801152181095 neg 0.05418261569744907 off 0.0451372690844413	false	1.0
versenkung	neg 1.0		__DUMMY__ 0.9011339550127824 neg 0.05415620667807748 off 0.04470983830914021	false	1.0
entziehen	neg 1.0		__DUMMY__ 0.9013743398328131 neg 0.05567013119384617 off 0.04295552897334066	false	1.0
finanzkrise	neg 1.0		__DUMMY__ 0.8966212565001412 neg 0.055535292699467956 off 0.04784345080039081	false	1.0
schimpfend	neg 1.0		__DUMMY__ 0.906474784402822 off 0.047975586318863214 neg 0.04554962927831482	false	0.5
profan	neg 1.0		__DUMMY__ 0.9002348132082602 neg 0.05073354593594398 off 0.04903164085579597	false	1.0
korruption	neg 1.0		__DUMMY__ 0.8966779542072384 neg 0.056810261894844435 off 0.046511783897917214	false	1.0
â			__DUMMY__ 0.9026678133877981 neg 0.05175481388306849 off 0.04557737272913353	false	0.0
schmutzig	neg 1.0		__DUMMY__ 0.9019221105386095 off 0.05158217105751358 neg 0.04649571840387691	false	0.5
sexy	neg 1.0		__DUMMY__ 0.899569324697499 off 0.05084558602574693 neg 0.049585089276754125	false	0.5
abraten	neg 1.0		__DUMMY__ 0.9013212697158097 neg 0.050485692921597304 off 0.048193037362592984	false	1.0
schwarz	neg 1.0		__DUMMY__ 0.8991564163663731 neg 0.05170524364396089 off 0.04913833998966596	false	1.0
fotze	off 1.0		__DUMMY__ 0.8992779674753405 neg 0.054154682105898966 off 0.046567350418760596	false	0.5
verwirren	neg 1.0		__DUMMY__ 0.8996657031782055 neg 0.050579104401741314 off 0.04975519242005326	false	1.0
zahnlos	off 1.0		__DUMMY__ 0.8985754303586087 neg 0.05544359742849364 off 0.04598097221289774	false	0.5
verheeren	neg 1.0		__DUMMY__ 0.8927230820052037 off 0.060383882784928705 neg 0.046893035209867664	false	0.5
hippie	neg 1.0		__DUMMY__ 0.8991920510643937 off 0.05074904103390072 neg 0.05005890790170562	false	0.5
rammen	neg 1.0		__DUMMY__ 0.900233609431219 neg 0.05043345462805935 off 0.049332935940721606	false	1.0
unlauter	neg 1.0	neg 1.0	neg 0.5107348995281784 __DUMMY__ 0.451565691408567 off 0.03769940906325454	false	1.0
unheilvoll	neg 1.0		__DUMMY__ 0.9018045768600336 neg 0.049577454693615144 off 0.04861796844635128	false	1.0
niedrig	neg 1.0		__DUMMY__ 0.900212838346564 neg 0.05449297053998022 off 0.045294191113455756	false	1.0
explosion	neg 1.0		__DUMMY__ 0.9005431079749606 off 0.05016464633158201 neg 0.049292245693457484	false	0.5
weichei	off 1.0		__DUMMY__ 0.8956737755925445 off 0.05609479013299896 neg 0.04823143427445653	false	1.0
minusmensch	off 1.0		__DUMMY__ 0.8893019269240908 off 0.06038547892835101 neg 0.05031259414755813	false	1.0
farblos	neg 1.0		__DUMMY__ 0.9014010845661388 neg 0.0506426068780994 off 0.047956308555761815	false	1.0
unwissend	neg 1.0		__DUMMY__ 0.8976452143242153 off 0.05144484631257168 neg 0.050909939363213016	false	0.5
traurig	neg 1.0		__DUMMY__ 0.8992405416340585 off 0.05348451031456987 neg 0.047274948051371585	false	0.5
senkung	neg 1.0		__DUMMY__ 0.8991420214874676 neg 0.05080966505635408 off 0.05004831345617837	false	1.0
ungleich	neg 1.0	neg 1.0	neg 0.5122190108392742 __DUMMY__ 0.4537397211716744 off 0.034041267989051355	false	1.0
heikel	neg 1.0		__DUMMY__ 0.9012592004125208 neg 0.05492609045979627 off 0.04381470912768294	false	1.0
drosselung	neg 1.0		__DUMMY__ 0.8993346315217585 off 0.05358736672333545 neg 0.04707800175490603	false	0.5
falsch	neg 1.0		__DUMMY__ 0.8991104134838442 off 0.050507681257122176 neg 0.05038190525903366	false	0.5
unzufriedenheit	neg 1.0		__DUMMY__ 0.9014021927634472 neg 0.05477137333934484 off 0.04382643389720793	false	1.0
kurz	neg 1.0		__DUMMY__ 0.904506816770449 neg 0.04974327921016202 off 0.045749904019389	false	1.0
unsinnig	neg 1.0		__DUMMY__ 0.8997266686385508 neg 0.054291116322932126 off 0.04598221503851703	false	1.0
penner	off 1.0	off 1.0	off 0.5136763462949958 __DUMMY__ 0.45086589275219774 neg 0.03545776095280647	false	1.0
seicht	neg 1.0		__DUMMY__ 0.8926372926212455 off 0.05847471423346591 neg 0.04888799314528865	false	0.5
dummheit	off 1.0	off 1.0	off 0.5077144939725867 __DUMMY__ 0.4524143159592445 neg 0.03987119006816881	false	1.0
unerfreulich	neg 1.0		__DUMMY__ 0.9026326732334737 neg 0.05414871984400104 off 0.04321860692252517	false	1.0
motherfucker	off 1.0	off 1.0	off 0.5110145471707752 __DUMMY__ 0.45128061442745604 neg 0.03770483840176873	false	1.0
pikiert	neg 1.0		__DUMMY__ 0.8978655055413 off 0.0511496360146568 neg 0.050984858444043143	false	0.5
wrack	neg 1.0		__DUMMY__ 0.901867305416274 neg 0.05267974875012818 off 0.04545294583359775	false	1.0
gangster	neg 1.0		__DUMMY__ 0.8994725894144848 neg 0.05049129883378654 off 0.05003611175172867	false	1.0
krank	neg 1.0		__DUMMY__ 0.9010712572528624 off 0.05179810056404839 neg 0.04713064218308914	false	0.5
reich	neg 1.0		__DUMMY__ 0.8930805724264698 neg 0.05461716307280072 off 0.05230226450072951	false	1.0
gnadenlos	neg 1.0		__DUMMY__ 0.8995396348635941 neg 0.05214419123566712 off 0.04831617390073882	false	1.0
niedergeschlagen	neg 1.0		__DUMMY__ 0.9026832575048244 neg 0.05116627550189087 off 0.046150466993284754	false	1.0
terrorisieren	off 1.0	off 1.0	off 0.5040956838592093 __DUMMY__ 0.4553474678500409 neg 0.04055684829074981	false	1.0
sinnlosigkeit	neg 1.0		__DUMMY__ 0.8995488114685155 neg 0.0544959008716661 off 0.04595528765981837	false	1.0
behindern	neg 1.0		__DUMMY__ 0.9025641810545852 neg 0.05024928154631122 off 0.04718653739910353	false	1.0
undemokratisch	neg 1.0		__DUMMY__ 0.895522818547627 neg 0.055112408826878616 off 0.04936477262549443	false	1.0
wirtschaftskrise	neg 1.0		__DUMMY__ 0.8986939757354029 neg 0.05499071565115882 off 0.046315308613438286	false	1.0
neid	neg 1.0		__DUMMY__ 0.902562492309071 off 0.0498436179807463 neg 0.04759388971018258	false	0.5
rutschen	neg 1.0		__DUMMY__ 0.9100961393577458 neg 0.04902715120567396 off 0.04087670943658014	false	1.0
rezession	neg 1.0		__DUMMY__ 0.8937399899656755 off 0.05556104726460271 neg 0.05069896276972173	false	0.5
fehlgeburt	neg 1.0		__DUMMY__ 0.9020136382665898 neg 0.050281756739579506 off 0.04770460499383082	false	1.0
charakterschwach	off 1.0		__DUMMY__ 0.8971697176890497 off 0.052112443449543605 neg 0.05071783886140666	false	1.0
isolation	neg 1.0		__DUMMY__ 0.8988003701866235 off 0.051534010162290235 neg 0.04966561965108622	false	0.5
ablenkung	neg 1.0		__DUMMY__ 0.9019853909228287 neg 0.05047703222093987 off 0.04753757685623144	false	1.0
pech	neg 1.0		__DUMMY__ 0.9007111746798676 neg 0.04991675318676613 off 0.049372072133366335	false	1.0
vermeidung	neg 1.0		__DUMMY__ 0.9006392179023409 off 0.05261978423800836 neg 0.04674099785965075	false	0.5
dominieren	neg 1.0		__DUMMY__ 0.8991361418971506 neg 0.054314261681796615 off 0.04654959642105274	false	1.0
schwindlig	neg 1.0		__DUMMY__ 0.9027994710972139 off 0.049009037947273945 neg 0.04819149095551216	false	0.5
lutscher	neg 1.0		__DUMMY__ 0.8929326954125408 off 0.05881178484274298 neg 0.048255519744716105	false	0.5
pflicht	neg 1.0		__DUMMY__ 0.9009900302822151 neg 0.05516005974260805 off 0.0438499099751767	false	1.0
faschist	off 1.0		__DUMMY__ 0.8958619757504476 neg 0.054001693073638814 off 0.05013633117591365	false	0.5
verschleudern	neg 1.0		__DUMMY__ 0.8982232005296362 neg 0.05601289834918246 off 0.04576390112118136	false	1.0
wenn			__DUMMY__ 0.8991398206470133 off 0.05047963731527432 neg 0.05038054203771238	false	0.0
ehebruch	neg 1.0		__DUMMY__ 0.8997756313832928 neg 0.05467842627070114 off 0.045545942346006105	false	1.0
spott	off 1.0		__DUMMY__ 0.9001036083760731 neg 0.05485325893885413 off 0.04504313268507286	false	0.5
trostlosigkeit	neg 1.0		__DUMMY__ 0.8982050116135798 neg 0.057666001206908374 off 0.044128987179511865	false	1.0
lutschen	neg 1.0		__DUMMY__ 0.8966805708909836 neg 0.051991773938072874 off 0.05132765517094341	false	1.0
undiszipliniert	neg 1.0		__DUMMY__ 0.8983861700155307 off 0.05298476925675046 neg 0.048629060727718956	false	0.5
kopfschmerz	neg 1.0		__DUMMY__ 0.9025432824457513 neg 0.050823027377539 off 0.04663369017670967	false	1.0
unvorhergesehen	neg 1.0		__DUMMY__ 0.9055532710391001 neg 0.04905138505083908 off 0.04539534391006079	false	1.0
desinteressiert	neg 1.0		__DUMMY__ 0.8972269635094828 off 0.052953313015625496 neg 0.0498197234748917	false	0.5
armselig	off 1.0		__DUMMY__ 0.896044487875434 off 0.05390088119215177 neg 0.05005463093241421	false	1.0
desaster	neg 1.0		__DUMMY__ 0.8986484575450647 neg 0.05851709016977418 off 0.04283445228516102	false	1.0
tod	neg 1.0		__DUMMY__ 0.899603978280254 neg 0.05542355577159288 off 0.04497246594815322	false	1.0
herzlos	neg 1.0		__DUMMY__ 0.8988195257531452 off 0.05413219500326951 neg 0.0470482792435854	false	0.5
unwissenheit	neg 1.0		__DUMMY__ 0.8994341187809073 neg 0.05453523440408059 off 0.04603064681501211	false	1.0
widersinnig	neg 1.0		__DUMMY__ 0.8951027774261976 neg 0.057639240448745126 off 0.047257982125057336	false	1.0
bedenklich	neg 1.0		__DUMMY__ 0.9007499115822363 neg 0.05459954205065775 off 0.04465054636710606	false	1.0
beanstanden	neg 1.0		__DUMMY__ 0.9009675898311714 neg 0.055570047352905175 off 0.04346236281592353	false	1.0
panisch	neg 1.0	neg 1.0	neg 0.50536649561102 __DUMMY__ 0.4579477187915505 off 0.036685785597429535	false	1.0
debil	off 1.0		__DUMMY__ 0.90395003902693 neg 0.055125436416735694 off 0.04092452455633419	false	0.5
abstrich	neg 1.0		__DUMMY__ 0.9060167900691547 neg 0.047334922526520495 off 0.046648287404324786	false	1.0
primitiv	neg 1.0		__DUMMY__ 0.8966377702884711 off 0.05266767974990784 neg 0.05069454996162095	false	0.5
abschaum	off 1.0	off 1.0	off 0.5092545683823164 __DUMMY__ 0.4515985949448819 neg 0.03914683667280167	false	1.0
provozieren	neg 1.0		__DUMMY__ 0.8984770706501463 neg 0.053559437170108914 off 0.04796349217974487	false	1.0
tot	neg 1.0		__DUMMY__ 0.9005630501659332 neg 0.052956153989180695 off 0.04648079584488621	false	1.0
instabil	neg 1.0		__DUMMY__ 0.8935635757085123 off 0.05475251572557009 neg 0.05168390856591766	false	0.5
schwuchtel	off 1.0		__DUMMY__ 0.8885854791079375 off 0.06342527655726336 neg 0.04798924433479915	false	1.0
zerren	neg 1.0		__DUMMY__ 0.902116942790079 neg 0.05171202647333806 off 0.046171030736582866	false	1.0
kinderficker	off 1.0		__DUMMY__ 0.8943429665427575 off 0.05575739382643796 neg 0.04989963963080454	false	1.0
gefahr	neg 1.0		__DUMMY__ 0.8993205731654834 neg 0.05538391557096831 off 0.045295511263548256	false	1.0
rabiat	neg 1.0		__DUMMY__ 0.900222690974087 neg 0.05219808653267763 off 0.0475792224932354	false	1.0
verlangsamung	neg 1.0		__DUMMY__ 0.8935281697317274 off 0.05816674914759763 neg 0.04830508112067499	false	0.5
ausgestorben	neg 1.0		__DUMMY__ 0.9014059364896789 neg 0.052363426812730145 off 0.04623063669759101	false	1.0
anklagen	neg 1.0		__DUMMY__ 0.8992884606872317 neg 0.05317087091601944 off 0.0475406683967488	false	1.0
trott	neg 1.0		__DUMMY__ 0.9017246427856779 neg 0.050886743115773445 off 0.0473886140985487	false	1.0
verminderung	neg 1.0		__DUMMY__ 0.897603173754798 off 0.053409615383117275 neg 0.04898721086208457	false	0.5
nach			__DUMMY__ 0.9082671996729453 neg 0.05074117681946114 off 0.04099162350759359	false	0.0
rost	neg 1.0		__DUMMY__ 0.8949677146506765 off 0.05814578767931065 neg 0.04688649767001278	false	0.5
destruktiv	neg 1.0		__DUMMY__ 0.8981600145721739 neg 0.05472473191023607 off 0.047115253517590036	false	1.0
unzumutbarkeit	neg 1.0		__DUMMY__ 0.8995379364003773 off 0.05276910370880873 neg 0.047692959890814096	false	0.5
labil	off 1.0	off 1.0	off 0.5098458410898336 __DUMMY__ 0.4516682853256857 neg 0.038485873584480745	false	1.0
ziemlich	neg 1.0		__DUMMY__ 0.8990076265341677 off 0.05178186274083925 neg 0.049210510724993085	false	0.5
lachnummer	off 1.0		__DUMMY__ 0.8979256338983745 neg 0.05486713872401509 off 0.04720722737761034	false	0.5
oder			__DUMMY__ 0.9024006273429448 neg 0.050529099363205786 off 0.04707027329384946	false	0.0
verfall	neg 1.0		__DUMMY__ 0.9028191365314595 neg 0.05615127354429804 off 0.041029589924242424	false	1.0
ausgrenzung	neg 1.0		__DUMMY__ 0.8960702759660045 neg 0.054042357489893285 off 0.04988736654410221	false	1.0
unordnung	neg 1.0		__DUMMY__ 0.8943090939353461 off 0.05504595589528514 neg 0.05064495016936874	false	0.5
fehlverhalten	neg 1.0		__DUMMY__ 0.8992924138660827 neg 0.05585340322785976 off 0.04485418290605747	false	1.0
eine			__DUMMY__ 0.9037606222501171 neg 0.053212858757652026 off 0.04302651899223084	false	0.0
nille	neg 1.0		__DUMMY__ 0.8973811025110373 neg 0.0545942604465045 off 0.048024637042458296	false	1.0
qual	neg 1.0		__DUMMY__ 0.9013608293096799 neg 0.05125915577467545 off 0.047380014915644676	false	1.0
verschwenden	neg 1.0		__DUMMY__ 0.9018352942708673 neg 0.05354824308089214 off 0.04461646264824047	false	1.0
riesig	neg 1.0		__DUMMY__ 0.903504667625472 neg 0.049840181927338516 off 0.04665515044718953	false	1.0
verurteilen	neg 1.0		__DUMMY__ 0.8988858926988609 neg 0.05482106436237152 off 0.046293042938767605	false	1.0
klischee	neg 1.0	neg 1.0	neg 0.510343380026847 __DUMMY__ 0.4514821553982041 off 0.03817446457494906	false	1.0
diktatorisch	neg 1.0		__DUMMY__ 0.8944115331922984 neg 0.05616468743354499 off 0.04942377937415662	false	1.0
vorhersehbar	neg 1.0		__DUMMY__ 0.8973253471378242 neg 0.05326627154838866 off 0.04940838131378714	false	1.0
sowie			__DUMMY__ 0.8933962303062117 off 0.0569515553999685 neg 0.049652214293819684	false	0.0
stornieren	neg 1.0		__DUMMY__ 0.903213135423284 off 0.049352759234646125 neg 0.04743410534206996	false	0.5
besteuerung	neg 1.0		__DUMMY__ 0.8994971372145751 neg 0.051890483368599784 off 0.048612379416825134	false	1.0
ungeschminkt	neg 1.0		__DUMMY__ 0.8991419258682909 off 0.05198967232332026 neg 0.04886840180838883	false	0.5
kritisch	neg 1.0		__DUMMY__ 0.8994156896178287 neg 0.0555240157722144 off 0.04506029460995702	false	1.0
schlamperei	off 1.0		__DUMMY__ 0.8985183034869492 neg 0.05593936373621484 off 0.04554233277683599	false	0.5
sucht	neg 1.0	neg 1.0	neg 0.5044575950760856 __DUMMY__ 0.45833374071172955 off 0.0372086642121849	false	1.0
egoistisch	off 1.0		__DUMMY__ 0.8960403430765752 off 0.056130147002328885 neg 0.04782950992109596	false	1.0
ausbeuter	off 1.0		__DUMMY__ 0.8992088098862819 neg 0.05617225416529739 off 0.04461893594842062	false	0.5
arschgeburt	off 1.0		__DUMMY__ 0.8885690574854851 off 0.063383696463807 neg 0.04804724605070794	false	1.0
schubs	neg 1.0	neg 1.0	neg 0.508122747870658 __DUMMY__ 0.45793109562533935 off 0.03394615650400273	false	1.0
unsolide	neg 1.0		__DUMMY__ 0.8895959754309382 neg 0.058272203668705724 off 0.052131820900356125	false	1.0
beschwerde	neg 1.0		__DUMMY__ 0.898532098107269 neg 0.05536607723666291 off 0.046101824656068074	false	1.0
stocken	neg 1.0		__DUMMY__ 0.9018647675248352 neg 0.05262879349678688 off 0.04550643897837784	false	1.0
isolieren	neg 1.0		__DUMMY__ 0.9038164520943568 neg 0.049187956306422025 off 0.04699559159922123	false	1.0
unheilbar	neg 1.0		__DUMMY__ 0.9014733309031386 neg 0.050267674180439086 off 0.04825899491642223	false	1.0
pisser	off 1.0		__DUMMY__ 0.8952210735942213 off 0.05468280878075606 neg 0.05009611762502269	false	1.0
löschen	neg 1.0		__DUMMY__ 0.8995499295207724 neg 0.051877789799283855 off 0.0485722806799438	false	1.0
durchfallen	neg 1.0		__DUMMY__ 0.9004218645684832 neg 0.05454448270679231 off 0.04503365272472459	false	1.0
wichser	off 1.0		__DUMMY__ 0.8931555595789583 off 0.05986768832681978 neg 0.04697675209422196	false	1.0
terror	neg 1.0		__DUMMY__ 0.9008602994202087 off 0.05028184074618397 neg 0.04885785983360731	false	0.5
krass	neg 1.0		__DUMMY__ 0.8976568287524528 off 0.05415542616552566 neg 0.04818774508202153	false	0.5
revolte	neg 1.0	neg 1.0	neg 0.5124964639328752 __DUMMY__ 0.44883858439725455 off 0.038664951669870315	false	1.0
besorgt	neg 1.0		__DUMMY__ 0.9046190097998781 neg 0.04946543813878915 off 0.0459155520613328	false	1.0
nachlassen	neg 1.0		__DUMMY__ 0.9042469589086478 neg 0.0500171996147785 off 0.04573584147657368	false	1.0
alt	neg 1.0		__DUMMY__ 0.9045849041626401 neg 0.051836103463127586 off 0.04357899237423222	false	1.0
hundesohn	off 1.0		__DUMMY__ 0.8908660914639355 off 0.059630267378573736 neg 0.04950364115749078	false	1.0
als			__DUMMY__ 0.9024291892404793 neg 0.05206176663922895 off 0.04550904412029169	false	0.0
abschreckung	neg 1.0		__DUMMY__ 0.9004915205522854 neg 0.05573367009458863 off 0.043774809353125894	false	1.0
unqualifiziert	neg 1.0		__DUMMY__ 0.8974153932229243 neg 0.052909439253824915 off 0.049675167523250796	false	1.0
abgewichst	off 1.0		__DUMMY__ 0.9002260346949941 neg 0.052791539894351654 off 0.046982425410654276	false	0.5
schwer	neg 1.0		__DUMMY__ 0.9015295533528231 neg 0.0514693485087928 off 0.047001098138384115	false	1.0
bedeutungslosigkeit	neg 1.0		__DUMMY__ 0.8995488806271602 neg 0.05613869353815762 off 0.04431242583468222	false	1.0
kapitulation	neg 1.0		__DUMMY__ 0.8961666202414971 neg 0.05758383536978248 off 0.046249544388720386	false	1.0
unscharf	neg 1.0		__DUMMY__ 0.9006526682243339 neg 0.049970742862560674 off 0.04937658891310544	false	1.0
schwinden	neg 1.0		__DUMMY__ 0.9032140747634113 neg 0.052415178393705845 off 0.04437074684288277	false	1.0
versklavung	neg 1.0		__DUMMY__ 0.8956700283936035 neg 0.05520276862972488 off 0.04912720297667161	false	1.0
schlecht	neg 1.0		__DUMMY__ 0.8993877515291092 off 0.05208822908164303 neg 0.04852401938924774	false	0.5
verhasst	neg 1.0		__DUMMY__ 0.8978720576294426 neg 0.054091480672018466 off 0.048036461698539056	false	1.0
beschweren	neg 1.0		__DUMMY__ 0.9006642988514671 neg 0.05063934607458585 off 0.04869635507394708	false	1.0
scheiden	neg 1.0		__DUMMY__ 0.9014433579258146 neg 0.05196081052229199 off 0.046595831551893264	false	1.0
frustriert	neg 1.0		__DUMMY__ 0.9011016047386156 neg 0.052539245574391 off 0.04635914968699338	false	1.0
schimmelig	neg 1.0		__DUMMY__ 0.9016267405481591 neg 0.05393449618085872 off 0.04443876327098226	false	1.0
fisch	neg 1.0		__DUMMY__ 0.9022207849343068 neg 0.0530584113181125 off 0.04472080374758074	false	1.0
schmuggel	neg 1.0		__DUMMY__ 0.9051243496203765 neg 0.05115199587992116 off 0.043723654499702336	false	1.0
auffallen	neg 1.0		__DUMMY__ 0.8998982988198708 neg 0.05103598181648045 off 0.04906571936364882	false	1.0
konkurrenz	neg 1.0		__DUMMY__ 0.9024337702747961 neg 0.05427896284669163 off 0.043287266878512295	false	1.0
teufelskreis	neg 1.0		__DUMMY__ 0.9003198550778476 neg 0.052988398533256785 off 0.046691746388895505	false	1.0
aufschreien	neg 1.0		__DUMMY__ 0.8980827304043572 neg 0.05268574389863382 off 0.049231525697008977	false	1.0
schuldner	neg 1.0		__DUMMY__ 0.899626303782369 neg 0.05533791937439122 off 0.045035776843239894	false	1.0
missgeburt	off 1.0	off 1.0	off 0.5131782056392886 __DUMMY__ 0.4486172904915172 neg 0.03820450386919412	false	1.0
arbeitslos	neg 1.0		__DUMMY__ 0.8993165090109101 neg 0.05472036134717288 off 0.04596312964191696	false	1.0
befallen	neg 1.0		__DUMMY__ 0.8987742984795027 neg 0.05494165491018739 off 0.04628404661030982	false	1.0
miesepetrig	off 1.0		__DUMMY__ 0.9016270519378601 off 0.0514905358693208 neg 0.046882412192819134	false	1.0
alarmieren	neg 1.0		__DUMMY__ 0.8966891502811649 off 0.051870361341832025 neg 0.05144048837700294	false	0.5
ungeduscht	off 1.0		__DUMMY__ 0.9005157945636095 neg 0.0501064174474603 off 0.04937778798893021	false	0.5
knappheit	neg 1.0		__DUMMY__ 0.8999185708263229 neg 0.05395043290277487 off 0.04613099627090228	false	1.0
schlange	neg 1.0		__DUMMY__ 0.9025062159536542 neg 0.04922077136272128 off 0.04827301268362465	false	1.0
harsch	neg 1.0		__DUMMY__ 0.8987814079029715 off 0.05677537692139583 neg 0.044443215175632725	false	0.5
lang	neg 1.0		__DUMMY__ 0.900745107275676 neg 0.05067791071178417 off 0.04857698201253974	false	1.0
ziellos	neg 1.0		__DUMMY__ 0.9019240380707572 neg 0.05282964917315638 off 0.04524631275608641	false	1.0
selbstverliebt	neg 1.0		__DUMMY__ 0.8895743016701464 off 0.0610785115783969 neg 0.04934718675145673	false	0.5
beseitigen	neg 1.0		__DUMMY__ 0.9016310028648529 neg 0.05020141110424233 off 0.0481675860309048	false	1.0
dumm	off 1.0		__DUMMY__ 0.8949161725361877 off 0.0567420221490356 neg 0.04834180531477664	false	1.0
arbeitsloser	neg 1.0		__DUMMY__ 0.8998292216048116 neg 0.05486608143783088 off 0.045304696957357594	false	1.0
blitzen	neg 1.0		__DUMMY__ 0.8994199564650419 off 0.05066868253198956 neg 0.04991136100296846	false	0.5
hilflos	neg 1.0		__DUMMY__ 0.9015584306155073 neg 0.05246528522653656 off 0.045976284157956064	false	1.0
eklig	off 1.0		__DUMMY__ 0.8938405752407015 off 0.057411523498712445 neg 0.04874790126058599	false	1.0
begriff			__DUMMY__ 0.9004490587268998 neg 0.053099432781586485 off 0.0464515084915137	false	0.0
hungersnot	neg 1.0		__DUMMY__ 0.8961334955290873 neg 0.05589170404767875 off 0.047974800423233994	false	1.0
ungesetzlich	neg 1.0		__DUMMY__ 0.8938560272789815 neg 0.05565279799616244 off 0.05049117472485601	false	1.0
verschwendung	neg 1.0		__DUMMY__ 0.9019663033324137 neg 0.05403451530273764 off 0.0439991813648487	false	1.0
schmerzvoll	neg 1.0		__DUMMY__ 0.9008599225299947 neg 0.05050390790650606 off 0.04863616956349933	false	1.0
vorzeitig	neg 1.0		__DUMMY__ 0.8985088831868654 off 0.051875760825697156 neg 0.04961535598743735	false	0.5
unvollkommenheit	neg 1.0		__DUMMY__ 0.9014204657929319 neg 0.05091085597133058 off 0.04766867823573745	false	1.0
intervenieren	neg 1.0		__DUMMY__ 0.8987312788410411 neg 0.05629852814832586 off 0.044970193010632986	false	1.0
banause	off 1.0		__DUMMY__ 0.8936131306482052 off 0.05860890788468822 neg 0.0477779614671066	false	1.0
rebell	neg 1.0		__DUMMY__ 0.9039515096127698 neg 0.053155703424033765 off 0.04289278696319648	false	1.0
unlogisch	neg 1.0		__DUMMY__ 0.8957678449046085 off 0.05392249120565118 neg 0.050309663889740355	false	0.5
leiden	neg 1.0	neg 1.0	neg 0.5043518977814655 __DUMMY__ 0.46327589108837003 off 0.032372211130164454	false	1.0
abschaffung	neg 1.0		__DUMMY__ 0.8973064846031219 neg 0.05404433098150884 off 0.04864918441536932	false	1.0
sturz	neg 1.0		__DUMMY__ 0.8976856640813032 neg 0.05324247413412029 off 0.049071861784576544	false	1.0
verkleinerung	neg 1.0		__DUMMY__ 0.894178474290592 neg 0.054671727393973885 off 0.05114979831543406	false	1.0
schmarotzer	off 1.0		__DUMMY__ 0.8984637636764097 neg 0.05584572879105228 off 0.04569050753253809	false	0.5
bestrafung	neg 1.0		__DUMMY__ 0.8999092676217433 neg 0.05144113349534784 off 0.04864959888290896	false	1.0
achtlos	neg 1.0		__DUMMY__ 0.9022976229445759 neg 0.05080109216844566 off 0.046901284886978305	false	1.0
ungeheuer	neg 1.0		__DUMMY__ 0.8999304904429697 neg 0.05087007120443617 off 0.049199438352594195	false	1.0
unaufrichtig	neg 1.0		__DUMMY__ 0.897156423709742 neg 0.05235388433590268 off 0.05048969195435532	false	1.0
