unsolidarisch	neg 1.0		neg 0.4884226280949189 off 0.43965733667618867 __DUMMY__ 0.07192003522889238	false	1.0
nachteilig	neg 1.0		neg 0.488033911764855 off 0.439258323978513 __DUMMY__ 0.07270776425663202	false	1.0
skeptisch	neg 1.0		neg 0.48990590421532093 off 0.43712530180061543 __DUMMY__ 0.07296879398406365	false	1.0
schrecklich	neg 1.0		neg 0.47681402235128767 off 0.45085232016199633 __DUMMY__ 0.07233365748671587	false	1.0
schlapp	neg 1.0		neg 0.478841612720266 off 0.4482828815871655 __DUMMY__ 0.07287550569256862	false	1.0
abfall	neg 1.0		neg 0.49098044636655747 off 0.4359055103983156 __DUMMY__ 0.07311404323512706	false	1.0
widerspenstig	neg 1.0		neg 0.4829575957541863 off 0.4439173226787763 __DUMMY__ 0.07312508156703745	false	1.0
abrupt	neg 1.0		neg 0.4833823299279931 off 0.44329628229417595 __DUMMY__ 0.07332138777783094	false	1.0
unwirksam	neg 1.0		neg 0.48784469161590105 off 0.44016583073941395 __DUMMY__ 0.0719894776446851	false	1.0
angreifen	neg 1.0		neg 0.48935076787016907 off 0.4378750257763643 __DUMMY__ 0.07277420635346661	false	1.0
inkonsistent	neg 1.0		neg 0.482495458474708 off 0.444910637239641 __DUMMY__ 0.07259390428565107	false	1.0
abrutschen	neg 1.0		neg 0.4904206299160601 off 0.43638135536334427 __DUMMY__ 0.07319801472059578	false	1.0
unsicher	neg 1.0		neg 0.48436491129522635 off 0.44276638153206177 __DUMMY__ 0.07286870717271199	false	1.0
bauernkind	off 1.0		neg 0.4757958619395075 off 0.4524660135374309 __DUMMY__ 0.0717381245230615	false	0.5
angreifer	neg 1.0		neg 0.48310560085732823 off 0.44458867962657916 __DUMMY__ 0.07230571951609249	false	1.0
trennen	neg 1.0		neg 0.48689979603708833 off 0.4397407881945605 __DUMMY__ 0.07335941576835127	false	1.0
schmutz	neg 1.0		neg 0.4762255972657078 off 0.45064195709108157 __DUMMY__ 0.07313244564321068	false	1.0
inkonsistenz	neg 1.0	neg 1.0	neg 0.7280406750418923 off 0.2371675949584252 __DUMMY__ 0.03479172999968244	false	1.0
erschreckend	neg 1.0		neg 0.4866517185801596 off 0.440644314711389 __DUMMY__ 0.07270396670845143	false	1.0
ertrinken	neg 1.0		neg 0.4863644001961474 off 0.44045481205009346 __DUMMY__ 0.07318078775375914	false	1.0
pickelface	off 1.0		neg 0.485246470366466 off 0.4423203413344617 __DUMMY__ 0.07243318829907232	false	0.5
seiner			neg 0.4888737217727715 off 0.43822223687110906 __DUMMY__ 0.07290404135611957	false	0.0
lauch	neg 1.0		neg 0.4895138283799892 off 0.43743158242008184 __DUMMY__ 0.07305458919992895	false	1.0
unwichtig	neg 1.0		neg 0.48076381116938544 off 0.44670547323162924 __DUMMY__ 0.07253071559898545	false	1.0
steuerhinterziehung	neg 1.0		neg 0.4884160496480074 off 0.4393892827697539 __DUMMY__ 0.07219466758223869	false	1.0
schock	neg 1.0		neg 0.4838583639627973 off 0.4428667255760448 __DUMMY__ 0.07327491046115803	false	1.0
beule	neg 1.0		neg 0.4780114685490367 off 0.44925129242085926 __DUMMY__ 0.07273723903010419	false	1.0
vergelten	neg 1.0		neg 0.4765223964202247 off 0.45145656843677195 __DUMMY__ 0.0720210351430034	false	1.0
verdorbenheit	neg 1.0		neg 0.48228845927905584 off 0.44481008641368847 __DUMMY__ 0.07290145430725557	false	1.0
trauma	neg 1.0		neg 0.4829993596879362 off 0.4443253174063847 __DUMMY__ 0.07267532290567917	false	1.0
sinnlos	neg 1.0		neg 0.4826876515658511 off 0.44462126659222884 __DUMMY__ 0.07269108184192015	false	1.0
fettsack	off 1.0	off 1.0	off 0.7112424230280531 neg 0.2541633777571541 __DUMMY__ 0.034594199214792745	false	1.0
feige	off 1.0		neg 0.48227452004094506 off 0.4453942803481668 __DUMMY__ 0.07233119961088812	false	0.5
abdanken	neg 1.0		neg 0.48974066234528524 off 0.438325223651832 __DUMMY__ 0.07193411400288274	false	1.0
wichtigtuer	off 1.0	off 1.0	off 0.7063824547186109 neg 0.2587967450828998 __DUMMY__ 0.03482080019848931	false	1.0
misslingen	neg 1.0		neg 0.4796100313632944 off 0.4472102542087342 __DUMMY__ 0.07317971442797142	false	1.0
untreu	off 1.0		neg 0.47989370628676925 off 0.4475841019055451 __DUMMY__ 0.07252219180768556	false	0.5
missmutig	neg 1.0		neg 0.479740385510662 off 0.44741302638558345 __DUMMY__ 0.07284658810375444	false	1.0
hurenbock	off 1.0		neg 0.4806071585920159 off 0.44627441710824334 __DUMMY__ 0.07311842429974075	false	0.5
betrunken	neg 1.0		neg 0.4773811452202653 off 0.4499699657595355 __DUMMY__ 0.07264888902019913	false	1.0
korrupt	off 1.0		neg 0.48995022224101165 off 0.4378325340905202 __DUMMY__ 0.07221724366846807	false	0.5
unmut	neg 1.0		neg 0.4912526219354964 off 0.43583998948583635 __DUMMY__ 0.0729073885786673	false	1.0
hackfresse	off 1.0		neg 0.47388313177721547 off 0.4539953247158226 __DUMMY__ 0.07212154350696189	false	0.5
aufblasen	neg 1.0		neg 0.4818409234860381 off 0.4451511548852361 __DUMMY__ 0.07300792162872577	false	1.0
gewaltsam	neg 1.0		neg 0.4853708383610157 off 0.44229638229719676 __DUMMY__ 0.07233277934178747	false	1.0
unbeliebtheit	neg 1.0		neg 0.48197900008638445 off 0.44629635184308974 __DUMMY__ 0.07172464807052585	false	1.0
sturheit	neg 1.0		neg 0.48707319345964833 off 0.44036307580549944 __DUMMY__ 0.07256373073485227	false	1.0
kuh	neg 1.0		neg 0.4837132625267818 off 0.44378623848885024 __DUMMY__ 0.07250049898436806	false	1.0
erschrecken	neg 1.0		neg 0.4807737585532696 off 0.4464842013467177 __DUMMY__ 0.07274204010001267	false	1.0
opfer	neg 1.0		neg 0.4882894789836051 off 0.4388614684157105 __DUMMY__ 0.07284905260068437	false	1.0
sinken	neg 1.0		neg 0.4902877045134514 off 0.43680073150203863 __DUMMY__ 0.07291156398450993	false	1.0
stinktier	neg 1.0		neg 0.4776401301363397 off 0.45030126026891176 __DUMMY__ 0.07205860959474865	false	1.0
tucke	off 1.0		neg 0.4722419324222605 off 0.45549529958000984 __DUMMY__ 0.07226276799772972	false	0.5
ein			neg 0.4819965334336086 off 0.44485781790559836 __DUMMY__ 0.07314564866079294	false	0.0
abstieg	neg 1.0		neg 0.48778261380752624 off 0.4396882529653339 __DUMMY__ 0.07252913322713979	false	1.0
missverstehen	neg 1.0		neg 0.48452356549761594 off 0.44309277134585384 __DUMMY__ 0.07238366315653023	false	1.0
ergebnislos	neg 1.0		neg 0.4879436915589099 off 0.4394394520083177 __DUMMY__ 0.07261685643277256	false	1.0
unter			neg 0.49159432975938605 off 0.434642438316651 __DUMMY__ 0.07376323192396293	false	0.0
manipulieren	neg 1.0		neg 0.48836192633274333 off 0.43868467280040613 __DUMMY__ 0.07295340086685057	false	1.0
unbewiesen	neg 1.0		neg 0.48877060497108893 off 0.4393312649529937 __DUMMY__ 0.07189813007591746	false	1.0
verschleppen	neg 1.0		neg 0.487529352932786 off 0.43977252867759636 __DUMMY__ 0.07269811838961772	false	1.0
weib	off 1.0		neg 0.47289512106690096 off 0.4551012472752575 __DUMMY__ 0.07200363165784136	false	0.5
opposition	neg 1.0		neg 0.4852084185825142 off 0.4425995875818117 __DUMMY__ 0.0721919938356741	false	1.0
verkehrswidrig	neg 1.0		neg 0.4730791089447434 off 0.4543179785371702 __DUMMY__ 0.07260291251808627	false	1.0
inkorrekt	neg 1.0		neg 0.48255912948093976 off 0.4455127571888836 __DUMMY__ 0.07192811333017658	false	1.0
vermeiden	neg 1.0		neg 0.49018225447215663 off 0.4363357498077288 __DUMMY__ 0.07348199572011448	false	1.0
abweichung	neg 1.0		neg 0.4900593211238727 off 0.43771259169097876 __DUMMY__ 0.07222808718514859	false	1.0
alkoholisiert	neg 1.0		neg 0.48368748447546767 off 0.4430225305552072 __DUMMY__ 0.0732899849693251	false	1.0
scheiss	off 1.0	off 1.0	off 0.7098291258188537 neg 0.25525153458062555 __DUMMY__ 0.03491933960052084	false	1.0
herausforderung	neg 1.0		neg 0.48430722519451636 off 0.4423423756977894 __DUMMY__ 0.07335039910769421	false	1.0
pervers	off 1.0		neg 0.47091810354042984 off 0.45728307784432937 __DUMMY__ 0.07179881861524084	false	0.5
wackelig	neg 1.0		neg 0.4837315826061001 off 0.4428264823439677 __DUMMY__ 0.07344193504993216	false	1.0
verwickeln	neg 1.0		neg 0.4840744770013927 off 0.4433997515964569 __DUMMY__ 0.07252577140215027	false	1.0
vorwand	neg 1.0		neg 0.49100767885161656 off 0.43621582590220354 __DUMMY__ 0.0727764952461799	false	1.0
muschi	off 1.0		neg 0.4857603412871607 off 0.4417991175537789 __DUMMY__ 0.07244054115906025	false	0.5
entmutigung	neg 1.0		neg 0.48669471617457005 off 0.441559645120766 __DUMMY__ 0.07174563870466392	false	1.0
unangemessen	neg 1.0		neg 0.48927097576434686 off 0.4382984285804739 __DUMMY__ 0.07243059565517924	false	1.0
unstetig	neg 1.0		neg 0.4812742032364675 off 0.44623726318239776 __DUMMY__ 0.07248853358113463	false	1.0
entmutigen	neg 1.0		neg 0.4826177416936382 off 0.4444800328656168 __DUMMY__ 0.0729022254407451	false	1.0
schwanz	neg 1.0		neg 0.4868832385535782 off 0.44040657038188014 __DUMMY__ 0.0727101910645418	false	1.0
verbot	neg 1.0		neg 0.48935569288454295 off 0.43842568718938574 __DUMMY__ 0.07221861992607118	false	1.0
leid	neg 1.0		neg 0.47537578762683597 off 0.4523796505404443 __DUMMY__ 0.07224456183271961	false	1.0
archaisch	neg 1.0		neg 0.48769748665117274 off 0.43972045776857366 __DUMMY__ 0.07258205558025352	false	1.0
gegen			neg 0.4917225803356238 off 0.4357066130894648 __DUMMY__ 0.07257080657491145	false	0.0
scheidung	neg 1.0	neg 1.0	neg 0.7157713717032637 off 0.2495957960195807 __DUMMY__ 0.034632832277155606	false	1.0
einschlag	neg 1.0		neg 0.4774679616061013 off 0.45052089731358774 __DUMMY__ 0.07201114108031101	false	1.0
m			neg 0.4845904613614848 off 0.44237962395299885 __DUMMY__ 0.0730299146855163	false	0.0
abgestanden	neg 1.0		neg 0.4825684257578105 off 0.4443651831602916 __DUMMY__ 0.0730663910818979	false	1.0
schmierig	off 1.0		neg 0.47561308071434893 off 0.4519504961908412 __DUMMY__ 0.07243642309480984	false	0.5
unpraktisch	neg 1.0		neg 0.48165612443985545 off 0.44529652097386435 __DUMMY__ 0.07304735458628012	false	1.0
wixxer	off 1.0		neg 0.4712699697881485 off 0.4570474733628971 __DUMMY__ 0.07168255684895432	false	0.5
bezeichnet			neg 0.48710300508193294 off 0.440413028227982 __DUMMY__ 0.07248396669008497	false	0.0
jammerlappen	off 1.0		neg 0.48073193163982647 off 0.4467199725092005 __DUMMY__ 0.07254809585097287	false	0.5
farce	neg 1.0		neg 0.4901264200191946 off 0.4379079739536937 __DUMMY__ 0.07196560602711169	false	1.0
zwecklos	neg 1.0		neg 0.4887934318251001 off 0.43861874991269817 __DUMMY__ 0.07258781826220179	false	1.0
turbulent	neg 1.0		neg 0.4777605962669316 off 0.45004896653426474 __DUMMY__ 0.07219043719880364	false	1.0
invasion	neg 1.0		neg 0.480677296704962 off 0.4465295276865403 __DUMMY__ 0.07279317560849788	false	1.0
schuld	neg 1.0		neg 0.4846930135314832 off 0.4426924434536371 __DUMMY__ 0.07261454301487962	false	1.0
risiko	neg 1.0		neg 0.47931072120828816 off 0.44771231023744423 __DUMMY__ 0.07297696855426775	false	1.0
finster	neg 1.0		neg 0.48260344205506234 off 0.444352398542455 __DUMMY__ 0.0730441594024827	false	1.0
geisteskrank	off 1.0		neg 0.48121821168402046 off 0.44668572690515973 __DUMMY__ 0.07209606141081985	false	0.5
zusammenbrechen	neg 1.0		neg 0.4851609170060905 off 0.44183302809812536 __DUMMY__ 0.07300605489578407	false	1.0
ausbeute	neg 1.0		neg 0.485450887465441 off 0.4413883763069145 __DUMMY__ 0.07316073622764444	false	1.0
hinterhalt	neg 1.0		neg 0.48313271949036257 off 0.44413797053920545 __DUMMY__ 0.07272930997043207	false	1.0
kritik	neg 1.0		neg 0.4891491420018613 off 0.43870843882131927 __DUMMY__ 0.07214241917681954	false	1.0
einschrumpfen	neg 1.0		neg 0.4831154490154801 off 0.4447501830206737 __DUMMY__ 0.07213436796384615	false	1.0
riskant	neg 1.0		neg 0.4884887681564134 off 0.43861463320911076 __DUMMY__ 0.07289659863447578	false	1.0
frustrieren	neg 1.0		neg 0.4887633495379877 off 0.4383890844296034 __DUMMY__ 0.07284756603240893	false	1.0
groll	neg 1.0		neg 0.4880144727002193 off 0.4393134417491552 __DUMMY__ 0.07267208555062556	false	1.0
gibt			neg 0.4865840060622937 off 0.4405766023822103 __DUMMY__ 0.07283939155549607	false	0.0
qualvoll	neg 1.0		neg 0.48116845599611846 off 0.4459412929047497 __DUMMY__ 0.07289025109913175	false	1.0
wackeln	neg 1.0		neg 0.48183915936569305 off 0.4450183120419949 __DUMMY__ 0.07314252859231211	false	1.0
klagen	neg 1.0		neg 0.49167680683552967 off 0.4356476874946848 __DUMMY__ 0.07267550566978552	false	1.0
bankrott	neg 1.0		neg 0.47933562619949793 off 0.44797250863527793 __DUMMY__ 0.07269186516522415	false	1.0
trauern	neg 1.0		neg 0.48804400184704955 off 0.43905038871413576 __DUMMY__ 0.07290560943881455	false	1.0
ablehnung	neg 1.0	neg 1.0	neg 0.7310457323157217 off 0.23421092976234356 __DUMMY__ 0.03474333792193474	false	1.0
stur	neg 1.0		neg 0.4840839759858709 off 0.4432747072868931 __DUMMY__ 0.07264131672723596	false	1.0
aufruhr	neg 1.0		neg 0.48627362751224035 off 0.4414438530149579 __DUMMY__ 0.07228251947280173	false	1.0
melancholie	neg 1.0		neg 0.48432298768608284 off 0.4423796093352885 __DUMMY__ 0.07329740297862858	false	1.0
ist			neg 0.48363934736309794 off 0.44369376279189 __DUMMY__ 0.0726668898450122	false	0.0
torheit	neg 1.0		neg 0.4870631425343014 off 0.4408988538482958 __DUMMY__ 0.07203800361740278	false	1.0
dreckskind	off 1.0		neg 0.47728723233941617 off 0.4510144281744118 __DUMMY__ 0.07169833948617203	false	0.5
umtauschen	neg 1.0		neg 0.4833919872434238 off 0.44354837393815405 __DUMMY__ 0.07305963881842212	false	1.0
zum			neg 0.48887795585302934 off 0.43748212198886116 __DUMMY__ 0.0736399221581095	false	0.0
zersetzen	neg 1.0		neg 0.4898843560953851 off 0.43729644024932135 __DUMMY__ 0.0728192036552935	false	1.0
zur			neg 0.4927731959269236 off 0.43423845896338925 __DUMMY__ 0.0729883451096871	false	0.0
frust	neg 1.0		neg 0.4860610908537342 off 0.4410321794339171 __DUMMY__ 0.07290672971234871	false	1.0
unerbittlichkeit	neg 1.0		neg 0.48901395724245467 off 0.43820414905553223 __DUMMY__ 0.07278189370201311	false	1.0
zwei			neg 0.4878953574074404 off 0.4386509445486317 __DUMMY__ 0.07345369804392782	false	0.0
unkorrekt	neg 1.0		neg 0.48157255835804363 off 0.44647674035341617 __DUMMY__ 0.07195070128854009	false	1.0
hexe	off 1.0		neg 0.47928663642424724 off 0.44811062914189065 __DUMMY__ 0.07260273443386217	false	0.5
lasch	neg 1.0		neg 0.4830735007422034 off 0.44454607983078565 __DUMMY__ 0.07238041942701091	false	1.0
rivale	neg 1.0		neg 0.47733059355200763 off 0.4505420557563138 __DUMMY__ 0.07212735069167849	false	1.0
mutlos	off 1.0	off 1.0	off 0.7038485491025985 neg 0.26122613682610596 __DUMMY__ 0.034925314071295455	false	1.0
wirr	off 1.0		neg 0.47896705757588326 off 0.4489790768183449 __DUMMY__ 0.07205386560577194	false	0.5
jahr			neg 0.4861762957602906 off 0.4405469054557829 __DUMMY__ 0.07327679878392664	false	0.0
wird			neg 0.48783139490388006 off 0.43928497760720997 __DUMMY__ 0.07288362748891003	false	0.0
strafbar	neg 1.0		neg 0.4907874365515857 off 0.4367874635276251 __DUMMY__ 0.07242509992078913	false	1.0
erosion	neg 1.0		neg 0.48179334235943105 off 0.44527859516489066 __DUMMY__ 0.07292806247567839	false	1.0
eingehen	neg 1.0		neg 0.48853285839797117 off 0.43876760437487605 __DUMMY__ 0.07269953722715278	false	1.0
faul	off 1.0		neg 0.4791211215828284 off 0.44800439351579324 __DUMMY__ 0.07287448490137849	false	0.5
provisorium	neg 1.0		neg 0.492867267086699 off 0.4335034200840374 __DUMMY__ 0.07362931282926352	false	1.0
schmerzen	neg 1.0		neg 0.4843638133580254 off 0.44259434660421165 __DUMMY__ 0.07304184003776285	false	1.0
schrumpfen	neg 1.0		neg 0.4919387285637214 off 0.4348719283175077 __DUMMY__ 0.07318934311877087	false	1.0
geistlos	off 1.0		neg 0.4856795621377568 off 0.4423571253363048 __DUMMY__ 0.07196331252593831	false	0.5
fehlkauf	neg 1.0		neg 0.48279360276833977 off 0.4447513728816337 __DUMMY__ 0.07245502435002646	false	1.0
frustrierend	neg 1.0		neg 0.4812451964587308 off 0.44607575755363266 __DUMMY__ 0.07267904598763669	false	1.0
unzufrieden	neg 1.0		neg 0.48784069603954133 off 0.4394125444756816 __DUMMY__ 0.07274675948477714	false	1.0
verzweifeln	neg 1.0		neg 0.4848286025602711 off 0.44226431801723204 __DUMMY__ 0.07290707942249687	false	1.0
verzweifelt	neg 1.0		neg 0.4840261092092227 off 0.44330289318720817 __DUMMY__ 0.0726709976035693	false	1.0
misstrauensantrag	neg 1.0		neg 0.48410663544619176 off 0.44365796787182177 __DUMMY__ 0.07223539668198653	false	1.0
abfallen	neg 1.0		neg 0.48072709047072315 off 0.4459817265356317 __DUMMY__ 0.0732911829936451	false	1.0
fucker	off 1.0		neg 0.4785043765893795 off 0.4492927533681127 __DUMMY__ 0.07220287004250787	false	0.5
ungezogen	neg 1.0		neg 0.47212913522346545 off 0.4557727261633423 __DUMMY__ 0.07209813861319216	false	1.0
irrsinnig	neg 1.0	neg 1.0	neg 0.7290986415168298 off 0.23599463831870585 __DUMMY__ 0.034906720164464396	false	1.0
unfassbar	neg 1.0		neg 0.4799587320643979 off 0.4474750152713503 __DUMMY__ 0.07256625266425171	false	1.0
hart	neg 1.0		neg 0.48060836369173 off 0.44704183382565243 __DUMMY__ 0.07234980248261769	false	1.0
widerlich	off 1.0		neg 0.4804452631639752 off 0.44724924206488076 __DUMMY__ 0.07230549477114405	false	0.5
fatal	neg 1.0		neg 0.48254769844184575 off 0.44492427054344785 __DUMMY__ 0.07252803101470645	false	1.0
bruch	neg 1.0		neg 0.4929053446959197 off 0.4345439874434554 __DUMMY__ 0.0725506678606248	false	1.0
aushungern	neg 1.0		neg 0.4870484409804387 off 0.4407124634138964 __DUMMY__ 0.07223909560566494	false	1.0
anspannung	neg 1.0		neg 0.4889560126061474 off 0.4376291906258491 __DUMMY__ 0.0734147967680036	false	1.0
von			neg 0.4882573416780477 off 0.43861447892139166 __DUMMY__ 0.07312817940056059	false	0.0
kraftlos	neg 1.0		neg 0.4845533678735701 off 0.4420800179348578 __DUMMY__ 0.07336661419157206	false	1.0
vom			neg 0.4918655185180492 off 0.43454858872785973 __DUMMY__ 0.07358589275409111	false	0.0
grenzdebil	off 1.0		neg 0.47861703398746674 off 0.44880252763631145 __DUMMY__ 0.07258043837622175	false	0.5
vor			neg 0.4892352692143204 off 0.43758580067357483 __DUMMY__ 0.0731789301121049	false	0.0
unterwerfen	neg 1.0		neg 0.48867542442160167 off 0.43859641770333374 __DUMMY__ 0.07272815787506456	false	1.0
versenkung	neg 1.0		neg 0.48891520831211954 off 0.43827100683759357 __DUMMY__ 0.07281378485028688	false	1.0
entziehen	neg 1.0		neg 0.49135659346406124 off 0.43581295288215216 __DUMMY__ 0.07283045365378661	false	1.0
finanzkrise	neg 1.0		neg 0.4874765573184102 off 0.4403059814851041 __DUMMY__ 0.07221746119648578	false	1.0
schimpfend	neg 1.0		neg 0.47913894449508904 off 0.4474742919079105 __DUMMY__ 0.07338676359700053	false	1.0
profan	neg 1.0		neg 0.48263250288528964 off 0.44466765648959566 __DUMMY__ 0.07269984062511464	false	1.0
korruption	neg 1.0		neg 0.4897265590330791 off 0.43804125679110145 __DUMMY__ 0.0722321841758195	false	1.0
â			neg 0.48592099021026053 off 0.4410955856129373 __DUMMY__ 0.07298342417680212	false	0.0
schmutzig	neg 1.0		neg 0.4774311508826998 off 0.4496804348513582 __DUMMY__ 0.07288841426594198	false	1.0
sexy	neg 1.0		neg 0.48043202855908124 off 0.44694615343316585 __DUMMY__ 0.07262181800775294	false	1.0
abraten	neg 1.0		neg 0.48300259878049234 off 0.44417595956979994 __DUMMY__ 0.07282144164970766	false	1.0
schwarz	neg 1.0		neg 0.48336777678146775 off 0.4440659217357063 __DUMMY__ 0.07256630148282582	false	1.0
fotze	off 1.0		neg 0.4872810504567209 off 0.4401701918673912 __DUMMY__ 0.07254875767588785	false	0.5
verwirren	neg 1.0		neg 0.48206178360665963 off 0.4452971209353414 __DUMMY__ 0.07264109545799888	false	1.0
zahnlos	off 1.0		neg 0.48889186130521745 off 0.4386001411112474 __DUMMY__ 0.07250799758353509	false	0.5
verheeren	neg 1.0		neg 0.4714166929830933 off 0.45683465919020605 __DUMMY__ 0.07174864782670061	false	1.0
hippie	neg 1.0		neg 0.480946078114181 off 0.4464760041159756 __DUMMY__ 0.07257791776984333	false	1.0
rammen	neg 1.0		neg 0.48181632517847134 off 0.44554550548126315 __DUMMY__ 0.07263816934026557	false	1.0
unlauter	neg 1.0	neg 1.0	neg 0.7287770285737356 off 0.23647967940985684 __DUMMY__ 0.03474329201640769	false	1.0
unheilvoll	neg 1.0		neg 0.48183476824232646 off 0.44532106334110766 __DUMMY__ 0.07284416841656584	false	1.0
niedrig	neg 1.0		neg 0.48829583500918095 off 0.43906681510125817 __DUMMY__ 0.07263734988956093	false	1.0
explosion	neg 1.0		neg 0.4807318980674856 off 0.44654749050618836 __DUMMY__ 0.07272061142632599	false	1.0
weichei	off 1.0		neg 0.4752109039419208 off 0.45265712299482824 __DUMMY__ 0.07213197306325105	false	0.5
minusmensch	off 1.0		neg 0.4742509368210326 off 0.45440849825327373 __DUMMY__ 0.07134056492569368	false	0.5
farblos	neg 1.0		neg 0.4831884256759444 off 0.44409128872749937 __DUMMY__ 0.07272028559655626	false	1.0
unwissend	neg 1.0		neg 0.48099501698623087 off 0.44661610575503186 __DUMMY__ 0.0723888772587372	false	1.0
traurig	neg 1.0		neg 0.47664125971527105 off 0.4507920529938702 __DUMMY__ 0.07256668729085866	false	1.0
senkung	neg 1.0		neg 0.48186816101311536 off 0.44561324023980675 __DUMMY__ 0.0725185987470779	false	1.0
ungleich	neg 1.0	neg 1.0	neg 0.7315456695840444 off 0.23351205419462653 __DUMMY__ 0.03494227622132914	false	1.0
heikel	neg 1.0		neg 0.4900453595522759 off 0.4371384303113602 __DUMMY__ 0.0728162101363639	false	1.0
drosselung	neg 1.0		neg 0.4763661911339063 off 0.4511056297330109 __DUMMY__ 0.07252817913308274	false	1.0
falsch	neg 1.0		neg 0.4813272182275171 off 0.44611217419547716 __DUMMY__ 0.07256060757700585	false	1.0
unzufriedenheit	neg 1.0		neg 0.4900944573347753 off 0.43707869215192585 __DUMMY__ 0.07282685051329882	false	1.0
kurz	neg 1.0		neg 0.4841645478109821 off 0.4426228603284505 __DUMMY__ 0.07321259186056735	false	1.0
unsinnig	neg 1.0		neg 0.48791975289634393 off 0.43944397695578374 __DUMMY__ 0.07263627014787245	false	1.0
penner	off 1.0	off 1.0	off 0.7127484597296503 neg 0.25254975607004776 __DUMMY__ 0.034701784200302066	false	1.0
seicht	neg 1.0		neg 0.4744128855850713 off 0.4538255575373254 __DUMMY__ 0.07176155687760333	false	1.0
dummheit	off 1.0	off 1.0	off 0.7069298774080172 neg 0.25823469285198647 __DUMMY__ 0.034835429739996406	false	1.0
unerfreulich	neg 1.0		neg 0.48976295046800566 off 0.4372564461064974 __DUMMY__ 0.07298060342549692	false	1.0
motherfucker	off 1.0	off 1.0	off 0.7099292663346338 neg 0.255329894911314 __DUMMY__ 0.03474083875405208	false	1.0
pikiert	neg 1.0		neg 0.48136165265472297 off 0.44624003279317676 __DUMMY__ 0.07239831455210019	false	1.0
wrack	neg 1.0		neg 0.4866574129620752 off 0.44053287620366477 __DUMMY__ 0.07280971083425991	false	1.0
gangster	neg 1.0		neg 0.48170896322770784 off 0.4456844633796063 __DUMMY__ 0.07260657339268595	false	1.0
krank	neg 1.0		neg 0.47757860201399066 off 0.44964394442590633 __DUMMY__ 0.07277745356010298	false	1.0
reich	neg 1.0		neg 0.4831176171442518 off 0.4451136285534651 __DUMMY__ 0.071768754302283	false	1.0
gnadenlos	neg 1.0		neg 0.48446739857933974 off 0.442899483237069 __DUMMY__ 0.07263311818359124	false	1.0
niedergeschlagen	neg 1.0		neg 0.48516125757188855 off 0.4418593316347678 __DUMMY__ 0.07297941079334365	false	1.0
terrorisieren	off 1.0	off 1.0	off 0.7042608121875115 neg 0.2606605865954335 __DUMMY__ 0.03507860121705494	false	1.0
sinnlosigkeit	neg 1.0		neg 0.48808945164993367 off 0.43928528507589987 __DUMMY__ 0.07262526327416642	false	1.0
behindern	neg 1.0		neg 0.4836043043429946 off 0.44343121910905736 __DUMMY__ 0.072964476547948	false	1.0
undemokratisch	neg 1.0		neg 0.4864300162134035 off 0.44147635081445186 __DUMMY__ 0.07209363297214466	false	1.0
wirtschaftskrise	neg 1.0		neg 0.4883904192916756 off 0.43914579811264687 __DUMMY__ 0.0724637825956775	false	1.0
neid	neg 1.0		neg 0.47950751297744126 off 0.4475457141054481 __DUMMY__ 0.0729467729171106	false	1.0
rutschen	neg 1.0		neg 0.48723078437740364 off 0.4389032917623439 __DUMMY__ 0.07386592386025262	false	1.0
rezession	neg 1.0		neg 0.4778620993618711 off 0.4502510912658606 __DUMMY__ 0.07188680937226827	false	1.0
fehlgeburt	neg 1.0		neg 0.48322157010617944 off 0.4439746099425104 __DUMMY__ 0.0728038199513101	false	1.0
charakterschwach	off 1.0		neg 0.48062535507285636 off 0.4470659776787114 __DUMMY__ 0.0723086672484323	false	0.5
isolation	neg 1.0		neg 0.47989737843938474 off 0.44758337645869045 __DUMMY__ 0.07251924510192483	false	1.0
ablenkung	neg 1.0		neg 0.4836110678175492 off 0.44346833904713057 __DUMMY__ 0.07292059313532033	false	1.0
pech	neg 1.0		neg 0.48126975586224285 off 0.4460177367794762 __DUMMY__ 0.07271250735828094	false	1.0
vermeidung	neg 1.0		neg 0.47674777677326824 off 0.45054700824975685 __DUMMY__ 0.07270521497697505	false	1.0
dominieren	neg 1.0		neg 0.4874502558317783 off 0.44002242277188197 __DUMMY__ 0.07252732139633972	false	1.0
schwindlig	neg 1.0		neg 0.4802612264615708 off 0.4467619196468883 __DUMMY__ 0.07297685389154078	false	1.0
lutscher	neg 1.0		neg 0.4733064048174846 off 0.45491929018583716 __DUMMY__ 0.07177430499667828	false	1.0
pflicht	neg 1.0		neg 0.49036053850976835 off 0.43684529663586835 __DUMMY__ 0.07279416485436327	false	1.0
faschist	off 1.0		neg 0.48501431277419127 off 0.44286270839798975 __DUMMY__ 0.07212297882781886	false	0.5
verschleudern	neg 1.0		neg 0.48948298118646594 off 0.43809970940504744 __DUMMY__ 0.07241730940848666	false	1.0
wenn			neg 0.48127633617569815 off 0.44614481210797863 __DUMMY__ 0.07257885171632332	false	0.0
ehebruch	neg 1.0		neg 0.4888516304595075 off 0.4385392860206413 __DUMMY__ 0.07260908351985121	false	1.0
spott	off 1.0		neg 0.48936655884642155 off 0.43798106155731314 __DUMMY__ 0.07265237959626525	false	0.5
trostlosigkeit	neg 1.0		neg 0.49191530160778857 off 0.43564166529619996 __DUMMY__ 0.07244303309601144	false	1.0
lutschen	neg 1.0		neg 0.48204464998481533 off 0.4457383715725962 __DUMMY__ 0.07221697844258844	false	1.0
undiszipliniert	neg 1.0		neg 0.47799671506655494 off 0.4495515940455075 __DUMMY__ 0.07245169088793751	false	1.0
kopfschmerz	neg 1.0		neg 0.4840748050623559 off 0.44298021372301694 __DUMMY__ 0.07294498121462724	false	1.0
unvorhergesehen	neg 1.0		neg 0.4838174306270085 off 0.44287812696497925 __DUMMY__ 0.0733044424080122	false	1.0
desinteressiert	neg 1.0		neg 0.4790401187524146 off 0.4486299791362083 __DUMMY__ 0.07232990211137724	false	1.0
armselig	off 1.0		neg 0.4786994559483505 off 0.44911312892898786 __DUMMY__ 0.07218741512266169	false	0.5
desaster	neg 1.0		neg 0.4937179538297865 off 0.43378725679718844 __DUMMY__ 0.07249478937302518	false	1.0
tod	neg 1.0		neg 0.4891582044107387 off 0.4382929162872976 __DUMMY__ 0.0725488793019636	false	1.0
herzlos	neg 1.0		neg 0.47609160078183693 off 0.45139332749972444 __DUMMY__ 0.07251507171843856	false	1.0
unwissenheit	neg 1.0		neg 0.4882519265635669 off 0.439162539051067 __DUMMY__ 0.07258553438536608	false	1.0
widersinnig	neg 1.0		neg 0.4898654076858017 off 0.43807408770094575 __DUMMY__ 0.07206050461325261	false	1.0
bedenklich	neg 1.0		neg 0.48916684204070543 off 0.43807419337450504 __DUMMY__ 0.07275896458478946	false	1.0
beanstanden	neg 1.0		neg 0.49095396024139787 off 0.43627471766353354 __DUMMY__ 0.07277132209506856	false	1.0
panisch	neg 1.0	neg 1.0	neg 0.7260990712633008 off 0.23860357436331656 __DUMMY__ 0.03529735437338257	false	1.0
debil	off 1.0		neg 0.49204002090423404 off 0.4348684090889568 __DUMMY__ 0.07309157000680924	false	0.5
abstrich	neg 1.0		neg 0.4811819764898842 off 0.44557812784499584 __DUMMY__ 0.07323989566511992	false	1.0
primitiv	neg 1.0		neg 0.48007397776582916 off 0.44766913710110584 __DUMMY__ 0.07225688513306493	false	1.0
abschaum	off 1.0	off 1.0	off 0.7081132422728995 neg 0.25712601608292385 __DUMMY__ 0.03476074164417672	false	1.0
provozieren	neg 1.0		neg 0.48584135442279847 off 0.4416646284190319 __DUMMY__ 0.07249401715816965	false	1.0
tot	neg 1.0		neg 0.4859910783629465 off 0.4413689187537727 __DUMMY__ 0.07264000288328079	false	1.0
instabil	neg 1.0		neg 0.4791739924978658 off 0.44897805161350884 __DUMMY__ 0.07184795588862548	false	1.0
schwuchtel	off 1.0		neg 0.47004055334348976 off 0.45869152620390086 __DUMMY__ 0.07126792045260945	false	0.5
zerren	neg 1.0		neg 0.4856638249731097 off 0.4414005327851774 __DUMMY__ 0.07293564224171271	false	1.0
kinderficker	off 1.0		neg 0.47739708155018246 off 0.45066466868024935 __DUMMY__ 0.07193824976956824	false	0.5
gefahr	neg 1.0		neg 0.48958190328383006 off 0.4378587527148183 __DUMMY__ 0.0725593440013515	false	1.0
rabiat	neg 1.0		neg 0.4850483546586705 off 0.44224998990968806 __DUMMY__ 0.07270165543164152	false	1.0
verlangsamung	neg 1.0		neg 0.47420624693506674 off 0.45395628786013015 __DUMMY__ 0.07183746520480316	false	1.0
ausgestorben	neg 1.0		neg 0.4860584645899972 off 0.44109543972553766 __DUMMY__ 0.07284609568446528	false	1.0
anklagen	neg 1.0		neg 0.4862276726594685 off 0.4412462780370645 __DUMMY__ 0.07252604930346714	false	1.0
trott	neg 1.0		neg 0.4839245648656215 off 0.44319841847334396 __DUMMY__ 0.07287701666103451	false	1.0
verminderung	neg 1.0		neg 0.4778233054783387 off 0.44981805473263664 __DUMMY__ 0.07235863978902467	false	1.0
nach			neg 0.48868367957744074 off 0.4376706925050071 __DUMMY__ 0.07364562791755212	false	0.0
rost	neg 1.0		neg 0.47310606712522674 off 0.4549178200864436 __DUMMY__ 0.07197611278832969	false	1.0
destruktiv	neg 1.0		neg 0.4874897707250129 off 0.4400741317600191 __DUMMY__ 0.07243609751496785	false	1.0
unzumutbarkeit	neg 1.0		neg 0.4775884595202546 off 0.44985944874630773 __DUMMY__ 0.07255209173343777	false	1.0
labil	off 1.0	off 1.0	off 0.7088197164001925 neg 0.25640550599998785 __DUMMY__ 0.03477477759981968	false	1.0
ziemlich	neg 1.0		neg 0.4793727416988828 off 0.44807344192155407 __DUMMY__ 0.07255381637956321	false	1.0
lachnummer	off 1.0		neg 0.48763957414555065 off 0.43994026045886286 __DUMMY__ 0.07242016539558654	false	0.5
oder			neg 0.4837595837143398 off 0.44327729863342913 __DUMMY__ 0.07296311765223117	false	0.0
verfall	neg 1.0		neg 0.49313296695104525 off 0.43388544161611015 __DUMMY__ 0.07298159143284456	false	1.0
ausgrenzung	neg 1.0		neg 0.48521098111491767 off 0.4426357987314958 __DUMMY__ 0.07215322015358658	false	1.0
unordnung	neg 1.0		neg 0.47810919934769575 off 0.4499984366342401 __DUMMY__ 0.07189236401806412	false	1.0
fehlverhalten	neg 1.0		neg 0.49027348874001486 off 0.4371546892681443 __DUMMY__ 0.07257182199184081	false	1.0
eine			neg 0.4890798949873564 off 0.4377881586742017 __DUMMY__ 0.07313194633844192	false	0.0
nille	neg 1.0		neg 0.4866312433495866 off 0.4410266974285787 __DUMMY__ 0.07234205922183475	false	1.0
qual	neg 1.0		neg 0.4842732448958331 off 0.44289324753547143 __DUMMY__ 0.07283350756869565	false	1.0
verschwenden	neg 1.0		neg 0.4881580867764321 off 0.43894353272639025 __DUMMY__ 0.07289838049717763	false	1.0
riesig	neg 1.0		neg 0.48386493986305845 off 0.4431210614731192 __DUMMY__ 0.07301399866382233	false	1.0
verurteilen	neg 1.0		neg 0.488445563180002 off 0.4390456625546211 __DUMMY__ 0.0725087742653768	false	1.0
klischee	neg 1.0	neg 1.0	neg 0.7281882024456521 off 0.23704573140520122 __DUMMY__ 0.03476606614914665	false	1.0
diktatorisch	neg 1.0		neg 0.487252127864117 off 0.44078891220689465 __DUMMY__ 0.07195895992898844	false	1.0
vorhersehbar	neg 1.0		neg 0.48453007770715445 off 0.44311887230038427 __DUMMY__ 0.07235104999246121	false	1.0
sowie			neg 0.4760018741972766 off 0.4521437756521906 __DUMMY__ 0.07185435015053268	false	0.0
stornieren	neg 1.0		neg 0.4799242729990875 off 0.4470847926998106 __DUMMY__ 0.07299093430110185	false	1.0
besteuerung	neg 1.0		neg 0.4837778682249984 off 0.4436648800943646 __DUMMY__ 0.07255725168063695	false	1.0
ungeschminkt	neg 1.0		neg 0.4786406689510858 off 0.4488557786467319 __DUMMY__ 0.07250355240218238	false	1.0
kritisch	neg 1.0		neg 0.4897398789694611 off 0.4376667895853297 __DUMMY__ 0.07259333144520926	false	1.0
schlamperei	off 1.0		neg 0.48983093378023046 off 0.4377216422222566 __DUMMY__ 0.07244742399751286	false	0.5
sucht	neg 1.0	neg 1.0	neg 0.7254544933017806 off 0.23926064303263503 __DUMMY__ 0.03528486366558436	false	1.0
egoistisch	off 1.0		neg 0.4752305986823405 off 0.4525997095102715 __DUMMY__ 0.072169691807388	false	0.5
ausbeuter	off 1.0		neg 0.4906939343525012 off 0.4367530575690599 __DUMMY__ 0.0725530080784388	false	0.5
arschgeburt	off 1.0		neg 0.4702630379443737 off 0.4584775078958212 __DUMMY__ 0.07125945415980511	false	0.5
schubs	neg 1.0	neg 1.0	neg 0.72888676782872 off 0.23583766593261665 __DUMMY__ 0.03527556623866346	false	1.0
unsolide	neg 1.0		neg 0.4866871051390574 off 0.44191631037153006 __DUMMY__ 0.07139658448941257	false	1.0
beschwerde	neg 1.0		neg 0.4888999428132343 off 0.4386520052729664 __DUMMY__ 0.07244805191379931	false	1.0
stocken	neg 1.0		neg 0.4871058253681202 off 0.4400426772479986 __DUMMY__ 0.07285149738388129	false	1.0
isolieren	neg 1.0		neg 0.4835583838991247 off 0.44337773464814806 __DUMMY__ 0.07306388145272719	false	1.0
unheilbar	neg 1.0		neg 0.4833237366824003 off 0.44385129457762923 __DUMMY__ 0.07282496873997055	false	1.0
pisser	off 1.0		neg 0.47810750014706166 off 0.44985830627780304 __DUMMY__ 0.07203419357513537	false	0.5
löschen	neg 1.0		neg 0.4839563984607022 off 0.4434302980556401 __DUMMY__ 0.0726133034836577	false	1.0
durchfallen	neg 1.0		neg 0.4887897637436482 off 0.43848980468230664 __DUMMY__ 0.07272043157404524	false	1.0
wichser	off 1.0		neg 0.47168218130431955 off 0.4564833204282904 __DUMMY__ 0.0718344982673901	false	0.5
terror	neg 1.0		neg 0.48008151180924624 off 0.44715837526696883 __DUMMY__ 0.07276011292378479	false	1.0
krass	neg 1.0		neg 0.4765209356083358 off 0.4511402159421456 __DUMMY__ 0.07233884844951864	false	1.0
revolte	neg 1.0	neg 1.0	neg 0.729315774338779 off 0.23616438400952944 __DUMMY__ 0.0345198416516915	false	1.0
besorgt	neg 1.0		neg 0.4841819325735139 off 0.44261232081074603 __DUMMY__ 0.07320574661574014	false	1.0
nachlassen	neg 1.0		neg 0.4847058423541826 off 0.44215860843310156 __DUMMY__ 0.07313554921271578	false	1.0
alt	neg 1.0		neg 0.48706761006449406 off 0.43981542529024653 __DUMMY__ 0.07311696464525926	false	1.0
hundesohn	off 1.0		neg 0.4742386375346904 off 0.45423143218905987 __DUMMY__ 0.07152993027624974	false	0.5
als			neg 0.4864356827707634 off 0.44060150836378736 __DUMMY__ 0.07296280886544926	false	0.0
abschreckung	neg 1.0		neg 0.4910178725557193 off 0.43628488790621694 __DUMMY__ 0.07269723953806374	false	1.0
unqualifiziert	neg 1.0		neg 0.48424672625039966 off 0.44341621096978334 __DUMMY__ 0.07233706277981694	false	1.0
abgewichst	off 1.0		neg 0.48587891739767936 off 0.44144622935478733 __DUMMY__ 0.07267485324753332	false	0.5
schwer	neg 1.0		neg 0.4848059665061893 off 0.44232328320561964 __DUMMY__ 0.07287075028819112	false	1.0
bedeutungslosigkeit	neg 1.0		neg 0.4908220910732103 off 0.4365707605493307 __DUMMY__ 0.07260714837745907	false	1.0
kapitulation	neg 1.0		neg 0.49061609156775104 off 0.4372061327949464 __DUMMY__ 0.0721777756373024	false	1.0
unscharf	neg 1.0		neg 0.48129867249662295 off 0.4460202967769116 __DUMMY__ 0.07268103072646549	false	1.0
schwinden	neg 1.0		neg 0.48784378513061966 off 0.4391400067189243 __DUMMY__ 0.07301620815045616	false	1.0
versklavung	neg 1.0		neg 0.48652839555415256 off 0.44136117045011186 __DUMMY__ 0.07211043399573565	false	1.0
schlecht	neg 1.0		neg 0.4787282842050703 off 0.4486683118257428 __DUMMY__ 0.07260340396918685	false	1.0
verhasst	neg 1.0		neg 0.48622850565485803 off 0.44135837560925534 __DUMMY__ 0.07241311873588677	false	1.0
beschweren	neg 1.0		neg 0.4829448040623693 off 0.44429420959768223 __DUMMY__ 0.07276098633994849	false	1.0
scheiden	neg 1.0		neg 0.4851118430440183 off 0.442107052514336 __DUMMY__ 0.07278110444164575	false	1.0
frustriert	neg 1.0		neg 0.4862007486726329 off 0.4409805419510677 __DUMMY__ 0.07281870937629935	false	1.0
schimmelig	neg 1.0		neg 0.48787483622120004 off 0.43934853160031817 __DUMMY__ 0.07277663217848174	false	1.0
fisch	neg 1.0		neg 0.48718595649588137 off 0.439984776479769 __DUMMY__ 0.07282926702434966	false	1.0
schmuggel	neg 1.0		neg 0.48732761882120323 off 0.4394640314187955 __DUMMY__ 0.07320834976000122	false	1.0
auffallen	neg 1.0		neg 0.48287491049479686 off 0.4444552555028294 __DUMMY__ 0.07266983400237385	false	1.0
konkurrenz	neg 1.0		neg 0.49012930438239743 off 0.4369292812352938 __DUMMY__ 0.07294141438230876	false	1.0
teufelskreis	neg 1.0		neg 0.4863522253427984 off 0.44092728511277784 __DUMMY__ 0.07272048954442376	false	1.0
aufschreien	neg 1.0		neg 0.4840999310766135 off 0.4434541733317228 __DUMMY__ 0.0724458955916636	false	1.0
schuldner	neg 1.0		neg 0.48965391947381803 off 0.4377679906231177 __DUMMY__ 0.07257808990306419	false	1.0
missgeburt	off 1.0	off 1.0	off 0.7111659915240881 neg 0.254351046782746 __DUMMY__ 0.034482961693165934	false	1.0
arbeitslos	neg 1.0		neg 0.4883280031862718 off 0.4390704194855679 __DUMMY__ 0.07260157732816033	false	1.0
befallen	neg 1.0		neg 0.4881685637946143 off 0.43936237951597285 __DUMMY__ 0.07246905668941296	false	1.0
miesepetrig	off 1.0		neg 0.47758022018247165 off 0.44958928559526484 __DUMMY__ 0.0728304942222634	false	0.5
alarmieren	neg 1.0		neg 0.4815559340103856 off 0.4462214403686121 __DUMMY__ 0.07222262562100232	false	1.0
ungeduscht	off 1.0		neg 0.48125834633117637 off 0.4460619660480409 __DUMMY__ 0.07267968762078282	false	0.5
knappheit	neg 1.0		neg 0.48762668534308184 off 0.43976412254765085 __DUMMY__ 0.07260919210926721	false	1.0
schlange	neg 1.0		neg 0.4819129882852925 off 0.4451150126553361 __DUMMY__ 0.0729719990593715	false	1.0
harsch	neg 1.0		neg 0.4720376490833299 off 0.45547441515447545 __DUMMY__ 0.0724879357621946	false	1.0
lang	neg 1.0		neg 0.48300922121790607 off 0.4442325197517163 __DUMMY__ 0.07275825903037775	false	1.0
ziellos	neg 1.0		neg 0.48712017710342514 off 0.439959632729983 __DUMMY__ 0.0729201901665919	false	1.0
selbstverliebt	neg 1.0		neg 0.47269851924362405 off 0.4558978379604991 __DUMMY__ 0.07140364279587692	false	1.0
beseitigen	neg 1.0		neg 0.483121711265015 off 0.44407036958790097 __DUMMY__ 0.07280791914708391	false	1.0
dumm	off 1.0		neg 0.47504861718127084 off 0.45290566147695027 __DUMMY__ 0.07204572134177895	false	0.5
arbeitsloser	neg 1.0		neg 0.48912618447391626 off 0.43824137485931364 __DUMMY__ 0.07263244066676997	false	1.0
blitzen	neg 1.0		neg 0.48101194261990493 off 0.44641099457116307 __DUMMY__ 0.0725770628089321	false	1.0
hilflos	neg 1.0		neg 0.4863629724426226 off 0.44077422994941606 __DUMMY__ 0.07286279760796142	false	1.0
eklig	off 1.0		neg 0.4746773036911456 off 0.45341311340278573 __DUMMY__ 0.07190958290606873	false	0.5
begriff			neg 0.48672174060742635 off 0.4405709996377983 __DUMMY__ 0.07270725975477546	false	0.0
hungersnot	neg 1.0		neg 0.48784231040715315 off 0.439996259426095 __DUMMY__ 0.07216143016675171	false	1.0
ungesetzlich	neg 1.0		neg 0.48622569192513393 off 0.44186856518407347 __DUMMY__ 0.07190574289079263	false	1.0
verschwendung	neg 1.0		neg 0.48916193994914625 off 0.4379302978490148 __DUMMY__ 0.0729077622018389	false	1.0
schmerzvoll	neg 1.0		neg 0.48280032325747635 off 0.44441604237531884 __DUMMY__ 0.0727836343672047	false	1.0
vorzeitig	neg 1.0		neg 0.47987354856932496 off 0.447695728418583 __DUMMY__ 0.07243072301209204	false	1.0
unvollkommenheit	neg 1.0		neg 0.48401101730150053 off 0.44321141418894217 __DUMMY__ 0.07277756850955748	false	1.0
intervenieren	neg 1.0		neg 0.4905574958810064 off 0.4369552529465869 __DUMMY__ 0.0724872511724068	false	1.0
banause	off 1.0		neg 0.4730739613989991 off 0.4550608392277625 __DUMMY__ 0.0718651993732384	false	0.5
rebell	neg 1.0		neg 0.48899288327862506 off 0.4379439674637969 __DUMMY__ 0.07306314925757794	false	1.0
unlogisch	neg 1.0		neg 0.4786678170474488 off 0.4491750750695476 __DUMMY__ 0.07215710788300365	false	1.0
leiden	neg 1.0	neg 1.0	neg 0.7279268310470822 off 0.23634729022913656 __DUMMY__ 0.03572587872378127	false	1.0
abschaffung	neg 1.0		neg 0.48579320415076455 off 0.4419055152945213 __DUMMY__ 0.072301280554714	false	1.0
sturz	neg 1.0		neg 0.4847490100892897 off 0.44290921277120116 __DUMMY__ 0.07234177713950918	false	1.0
verkleinerung	neg 1.0		neg 0.48431917668053437 off 0.44375622499913087 __DUMMY__ 0.07192459832033474	false	1.0
schmarotzer	off 1.0		neg 0.48946752114594494 off 0.4380529435575756 __DUMMY__ 0.07247953529647957	false	0.5
bestrafung	neg 1.0		neg 0.483856054285555 off 0.4434981110229459 __DUMMY__ 0.07264583469149902	false	1.0
achtlos	neg 1.0		neg 0.48431668222631646 off 0.4427276150501903 __DUMMY__ 0.07295570272349322	false	1.0
ungeheuer	neg 1.0		neg 0.482520005960364 off 0.44484338736885837 __DUMMY__ 0.07263660667077762	false	1.0
unaufrichtig	neg 1.0		neg 0.4833017334451306 off 0.44441894466244636 __DUMMY__ 0.07227932189242317	false	1.0
groggy	neg 1.0		neg 0.48178290450722056 off 0.44572272721068185 __DUMMY__ 0.07249436828209754	false	1.0
verletzlich	neg 1.0		neg 0.4790783328077974 off 0.4484490376145994 __DUMMY__ 0.07247262957760335	false	1.0
