unsolidarisch	neg 1.0		neg 0.3456680180003377 __DUMMY__ 0.34432326673650315 off 0.3100087152631591	false	1.0
nachteilig	neg 1.0		__DUMMY__ 0.34795736911921743 neg 0.34380410864380134 off 0.30823852223698117	false	1.0
skeptisch	neg 1.0		__DUMMY__ 0.3491366994180066 neg 0.3451168096666652 off 0.30574649091532824	false	1.0
schrecklich	neg 1.0		__DUMMY__ 0.3462172342586089 neg 0.3338432735244997 off 0.3199394922168914	false	1.0
schlapp	neg 1.0		__DUMMY__ 0.34872870620445845 neg 0.3347705840435738 off 0.3165007097519679	false	1.0
abfall	neg 1.0		__DUMMY__ 0.3498228047950679 neg 0.3458637614131496 off 0.3043134337917825	false	1.0
widerspenstig	neg 1.0		__DUMMY__ 0.34988168658360536 neg 0.33820108275962774 off 0.31191723065676685	false	1.0
abrupt	neg 1.0		__DUMMY__ 0.3508309338641649 neg 0.33817700262287587 off 0.3109920635129593	false	1.0
unwirksam	neg 1.0		neg 0.3450574151965873 __DUMMY__ 0.3446590079861388 off 0.3102835768172738	false	1.0
angreifen	neg 1.0		__DUMMY__ 0.3482359188211227 neg 0.3449463286988392 off 0.30681775248003806	false	1.0
inkonsistent	neg 1.0		__DUMMY__ 0.3474670256590125 neg 0.3387543720760742 off 0.31377860226491333	false	1.0
abrutschen	neg 1.0		__DUMMY__ 0.35019102665183494 neg 0.3451795919839736 off 0.30462938136419154	false	1.0
unsicher	neg 1.0		__DUMMY__ 0.34867116180068164 neg 0.34002406919425693 off 0.3113047690050613	false	1.0
bauernkind	off 1.0		__DUMMY__ 0.3435281381962166 neg 0.3340091768903123 off 0.32246268491347113	false	0.5
angreifer	neg 1.0		__DUMMY__ 0.34613691193690677 neg 0.339845350362985 off 0.3140177377001084	false	1.0
trennen	neg 1.0		__DUMMY__ 0.3509446703063943 neg 0.3415127330828088 off 0.3075425966107968	false	1.0
schmutz	neg 1.0		__DUMMY__ 0.34998390044958655 neg 0.3316568005880681 off 0.31835929896234544	false	1.0
inkonsistenz	neg 1.0	neg 1.0	neg 0.6580424871997554 off 0.17345223000611673 __DUMMY__ 0.16850528279412774	false	1.0
erschreckend	neg 1.0		__DUMMY__ 0.34790830892571706 neg 0.34251516817243927 off 0.3095765229018438	false	1.0
ertrinken	neg 1.0		__DUMMY__ 0.35012463797445953 neg 0.34132668693715895 off 0.3085486750883815	false	1.0
pickelface	off 1.0		__DUMMY__ 0.3467000099832447 neg 0.3416721167154982 off 0.31162787330125713	false	0.5
seiner			__DUMMY__ 0.3488369994197226 neg 0.344258018706716 off 0.30690498187356147	false	0.0
lauch	neg 1.0		__DUMMY__ 0.3495652033651906 neg 0.3445869172005248 off 0.3058478794342846	false	1.0
unwichtig	neg 1.0		__DUMMY__ 0.3471195209052154 neg 0.3372175172821492 off 0.31566296181263537	false	1.0
steuerhinterziehung	neg 1.0		__DUMMY__ 0.3456101983776263 neg 0.34513657362115696 off 0.3092532280012167	false	1.0
schock	neg 1.0		__DUMMY__ 0.35056766132969913 neg 0.3387590735955634 off 0.3106732650747373	false	1.0
beule	neg 1.0		__DUMMY__ 0.3481083288846879 neg 0.3342382507084497 off 0.3176534204068625	false	1.0
vergelten	neg 1.0		__DUMMY__ 0.3448450645945068 neg 0.3340696101194317 off 0.3210853252860615	false	1.0
verdorbenheit	neg 1.0		__DUMMY__ 0.3488598427384024 neg 0.3380068087197892 off 0.31313334854180835	false	1.0
trauma	neg 1.0		__DUMMY__ 0.34777218649654784 neg 0.339099145300513 off 0.3131286682029391	false	1.0
sinnlos	neg 1.0		__DUMMY__ 0.3478501507932027 neg 0.3387604047123574 off 0.31338944449444	false	1.0
fettsack	off 1.0	off 1.0	off 0.6478037444335597 neg 0.18462670646616675 __DUMMY__ 0.16756954910027352	false	1.0
feige	off 1.0		__DUMMY__ 0.34620270026162714 neg 0.33904129248986903 off 0.31475600724850394	false	0.5
abdanken	neg 1.0		neg 0.3468891845569211 __DUMMY__ 0.34440473183439346 off 0.3087060836086855	false	1.0
wichtigtuer	off 1.0	off 1.0	off 0.6426195264744978 neg 0.1887463736117893 __DUMMY__ 0.16863409991371275	false	1.0
misslingen	neg 1.0		__DUMMY__ 0.35017586769077824 neg 0.33482954140300536 off 0.3149945909062164	false	1.0
untreu	off 1.0		__DUMMY__ 0.34707951803428205 neg 0.3364176459701645 off 0.31650283599555346	false	0.5
missmutig	neg 1.0		__DUMMY__ 0.34859403536780614 neg 0.3356472814173273 off 0.3157586832148665	false	1.0
hurenbock	off 1.0		__DUMMY__ 0.34991537001786904 neg 0.3359402356986597 off 0.31414439428347113	false	0.5
betrunken	neg 1.0		__DUMMY__ 0.3476792082133645 neg 0.333799642114655 off 0.3185211496719804	false	1.0
korrupt	off 1.0		neg 0.34655665810820635 __DUMMY__ 0.34569444381531983 off 0.3077488980764738	false	0.5
unmut	neg 1.0		__DUMMY__ 0.3488633659531787 neg 0.34649435215651914 off 0.3046422818903021	false	1.0
hackfresse	off 1.0		__DUMMY__ 0.3452515258205693 neg 0.33143994376050634 off 0.32330853041892427	false	0.5
aufblasen	neg 1.0		__DUMMY__ 0.34932497833734344 neg 0.33736258312509165 off 0.31331243853756485	false	1.0
gewaltsam	neg 1.0		__DUMMY__ 0.3462593304497783 neg 0.34196883711392423 off 0.3117718324362975	false	1.0
unbeliebtheit	neg 1.0		__DUMMY__ 0.34346602535371723 neg 0.3398725920856218 off 0.31666138256066084	false	1.0
sturheit	neg 1.0		__DUMMY__ 0.34727852808819215 neg 0.3431484206406719 off 0.309573051271136	false	1.0
kuh	neg 1.0		__DUMMY__ 0.34705799859958114 neg 0.3401341237126452 off 0.31280787768777374	false	1.0
erschrecken	neg 1.0		__DUMMY__ 0.34809060007006887 neg 0.33685185079204993 off 0.3150575491378813	false	1.0
opfer	neg 1.0		__DUMMY__ 0.34859842245353817 neg 0.3437787773454354 off 0.3076228002010266	false	1.0
sinken	neg 1.0		__DUMMY__ 0.3489165672777552 neg 0.3455811533166853 off 0.30550227940555946	false	1.0
stinktier	neg 1.0		__DUMMY__ 0.3449880907335914 neg 0.33515963779005187 off 0.31985227147635686	false	1.0
tucke	off 1.0		__DUMMY__ 0.3459545041134426 neg 0.32958742515914863 off 0.3244580707274087	false	0.5
ein			__DUMMY__ 0.3499906807595738 neg 0.3372378508187551 off 0.312771468421671	false	0.0
abstieg	neg 1.0		__DUMMY__ 0.3471642730788464 neg 0.34388235949145207 off 0.3089533674297016	false	1.0
missverstehen	neg 1.0		__DUMMY__ 0.3464414482098183 neg 0.34109680523076663 off 0.3124617465594151	false	1.0
ergebnislos	neg 1.0		__DUMMY__ 0.3475536376683217 neg 0.343872215505028 off 0.3085741468266502	false	1.0
unter			__DUMMY__ 0.35281381199101053 neg 0.34521915632173467 off 0.3019670316872548	false	0.0
manipulieren	neg 1.0		__DUMMY__ 0.3490844536116617 neg 0.3436252836195423 off 0.3072902627687961	false	1.0
unbewiesen	neg 1.0		neg 0.34603816897674705 __DUMMY__ 0.3442301035471481 off 0.3097317274761049	false	1.0
verschleppen	neg 1.0		__DUMMY__ 0.34793759837396865 neg 0.3433064820053761 off 0.30875591962065524	false	1.0
weib	off 1.0		__DUMMY__ 0.34473110108246585 neg 0.3307027779264725 off 0.32456612099106164	false	0.5
opposition	neg 1.0		__DUMMY__ 0.34558338594441806 neg 0.34215889943184274 off 0.31225771462373925	false	1.0
verkehrswidrig	neg 1.0		__DUMMY__ 0.3475245284705116 neg 0.3297233528113607 off 0.32275211871812765	false	1.0
inkorrekt	neg 1.0		__DUMMY__ 0.3443756534437197 neg 0.3400586954369484 off 0.315565651119332	false	1.0
vermeiden	neg 1.0		__DUMMY__ 0.35153020190581263 neg 0.3443995410856532 off 0.3040702570085342	false	1.0
abweichung	neg 1.0		neg 0.3466662579593659 __DUMMY__ 0.3457616825921522 off 0.30757205944848204	false	1.0
alkoholisiert	neg 1.0		__DUMMY__ 0.3507122672646489 neg 0.33856316669152986 off 0.3107245660438212	false	1.0
scheiss	off 1.0	off 1.0	off 0.6458022078705158 neg 0.18507712623224593 __DUMMY__ 0.16912066589723831	false	1.0
herausforderung	neg 1.0		__DUMMY__ 0.3509475627082092 neg 0.33897869830110805 off 0.31007373899068275	false	1.0
pervers	off 1.0		__DUMMY__ 0.3437816355491979 neg 0.32920295510099606 off 0.3270154093498061	false	0.5
wackelig	neg 1.0		__DUMMY__ 0.35133252880200055 neg 0.33834580737344844 off 0.3103216638245509	false	1.0
verwickeln	neg 1.0		__DUMMY__ 0.34709574924701725 neg 0.3403880801826268 off 0.3125161705703559	false	1.0
vorwand	neg 1.0		__DUMMY__ 0.34825380496386 neg 0.34653162552316635 off 0.3052145695129735	false	1.0
muschi	off 1.0		__DUMMY__ 0.3467236996889421 neg 0.3421574764805598 off 0.3111188238304981	false	0.5
entmutigung	neg 1.0		neg 0.34433522845006004 __DUMMY__ 0.34354338455021094 off 0.31212138699972913	false	1.0
unangemessen	neg 1.0		__DUMMY__ 0.3466601019950419 neg 0.3455310888292077 off 0.3078088091757503	false	1.0
unstetig	neg 1.0		__DUMMY__ 0.3470059690951698 neg 0.33776942442046387 off 0.3152246064843663	false	1.0
entmutigen	neg 1.0		__DUMMY__ 0.3488463491158602 neg 0.3382634597698457 off 0.3128901911142942	false	1.0
schwanz	neg 1.0		__DUMMY__ 0.3479848205129905 neg 0.3427278330074919 off 0.3092873464795176	false	1.0
verbot	neg 1.0		neg 0.34597935864135704 __DUMMY__ 0.3457108072073916 off 0.30830983415125135	false	1.0
leid	neg 1.0		__DUMMY__ 0.3458194088827336 neg 0.3326332703285418 off 0.32154732078872456	false	1.0
archaisch	neg 1.0		__DUMMY__ 0.3473667437108735 neg 0.34374475484329686 off 0.3088885014458296	false	1.0
gegen			neg 0.3475791041021991 __DUMMY__ 0.34732412613877117 off 0.3050967697590298	false	0.0
scheidung	neg 1.0	neg 1.0	neg 0.6461546173549215 off 0.1860782096224786 __DUMMY__ 0.1677671730225999	false	1.0
einschlag	neg 1.0		__DUMMY__ 0.3447652410596708 neg 0.335053250491961 off 0.3201815084483682	false	1.0
m			__DUMMY__ 0.34940621578911085 neg 0.33995496775052125 off 0.31063881646036795	false	0.0
abgestanden	neg 1.0		__DUMMY__ 0.3496520057463321 neg 0.33798241274773116 off 0.3123655815059367	false	1.0
schmierig	off 1.0		__DUMMY__ 0.346700951985818 neg 0.33249257432534945 off 0.32080647368883247	false	0.5
unpraktisch	neg 1.0		__DUMMY__ 0.34951505753566603 neg 0.33712108058429074 off 0.3133638618800432	false	1.0
wixxer	off 1.0		__DUMMY__ 0.3432477394202525 neg 0.32976456802481885 off 0.32698769255492866	false	0.5
bezeichnet			__DUMMY__ 0.34690412832246315 neg 0.34336061098422993 off 0.30973526069330676	false	0.0
jammerlappen	off 1.0		__DUMMY__ 0.34719595694967503 neg 0.33716422373449967 off 0.31563981931582535	false	0.5
farce	neg 1.0		neg 0.34721478158900954 __DUMMY__ 0.34454482255819385 off 0.30824039585279667	false	1.0
zwecklos	neg 1.0		__DUMMY__ 0.347375982806418 neg 0.3447891473940085 off 0.30783486979957336	false	1.0
turbulent	neg 1.0		__DUMMY__ 0.34564827761745887 neg 0.3349554453117503 off 0.3193962770707907	false	1.0
invasion	neg 1.0		__DUMMY__ 0.34832388803618347 neg 0.3366429435355012 off 0.3150331684283152	false	1.0
schuld	neg 1.0		__DUMMY__ 0.3474961955321173 neg 0.340816295776764 off 0.3116875086911188	false	1.0
risiko	neg 1.0		__DUMMY__ 0.3492412293817882 neg 0.3349042143761078 off 0.315854556242104	false	1.0
finster	neg 1.0		__DUMMY__ 0.34952186795986007 neg 0.3380666198756495 off 0.3124115121644904	false	1.0
geisteskrank	off 1.0		__DUMMY__ 0.3451194375242044 neg 0.3384787174476254 off 0.31640184502817026	false	0.5
zusammenbrechen	neg 1.0		__DUMMY__ 0.34929982890978384 neg 0.3405170764901 off 0.3101830946001161	false	1.0
ausbeute	neg 1.0		__DUMMY__ 0.35008440296079435 neg 0.34051406698569386 off 0.30940153005351173	false	1.0
hinterhalt	neg 1.0		__DUMMY__ 0.34811695264856557 neg 0.33907138487857386 off 0.3128116624728604	false	1.0
kritik	neg 1.0		neg 0.3459302370836828 __DUMMY__ 0.34535851449508254 off 0.30871124842123465	false	1.0
einschrumpfen	neg 1.0		__DUMMY__ 0.3453188341728716 neg 0.34022421722745305 off 0.31445694859967527	false	1.0
riskant	neg 1.0		__DUMMY__ 0.3487966050346427 neg 0.34390563768142357 off 0.30729775728393366	false	1.0
frustrieren	neg 1.0		__DUMMY__ 0.34857323752489644 neg 0.34426322013623134 off 0.3071635423388723	false	1.0
groll	neg 1.0		__DUMMY__ 0.347779044582581 neg 0.34385337542828986 off 0.3083675799891292	false	1.0
gibt			__DUMMY__ 0.34853097875879563 neg 0.34219568577698883 off 0.30927333546421554	false	0.0
qualvoll	neg 1.0		__DUMMY__ 0.34879416827306065 neg 0.3369422129626092 off 0.31426361876433023	false	1.0
wackeln	neg 1.0		__DUMMY__ 0.3499461544729347 neg 0.337095079794311 off 0.31295876573275433	false	1.0
klagen	neg 1.0		__DUMMY__ 0.3478063508219475 neg 0.3473432409246839 off 0.3048504082533686	false	1.0
bankrott	neg 1.0		__DUMMY__ 0.3478706594296997 neg 0.335582103129989 off 0.31654723744031127	false	1.0
trauern	neg 1.0		__DUMMY__ 0.3488782612874036 neg 0.3434308666129673 off 0.3076908720996291	false	1.0
ablehnung	neg 1.0	neg 1.0	neg 0.6610988050798557 off 0.17062672566123227 __DUMMY__ 0.16827446925891196	false	1.0
stur	neg 1.0		__DUMMY__ 0.347622768837505 neg 0.34018144147357876 off 0.31219578968891637	false	1.0
aufruhr	neg 1.0		__DUMMY__ 0.34601839949004914 neg 0.34292653913720716 off 0.3110550613727438	false	1.0
melancholie	neg 1.0		__DUMMY__ 0.3506857462651862 neg 0.3391836700224834 off 0.3101305837123304	false	1.0
ist			__DUMMY__ 0.34773767011716644 neg 0.3397321226404901 off 0.31253020724234337	false	0.0
torheit	neg 1.0		__DUMMY__ 0.34488020961702004 neg 0.3441446649893657 off 0.3109751253936143	false	1.0
dreckskind	off 1.0		__DUMMY__ 0.3433185809870011 neg 0.33550819668258386 off 0.321173222330415	false	0.5
umtauschen	neg 1.0		__DUMMY__ 0.34958340164768836 neg 0.33878082592275127 off 0.3116357724295605	false	1.0
zum			__DUMMY__ 0.35225934385928165 neg 0.34286558055243027 off 0.3048750755882881	false	0.0
zersetzen	neg 1.0		__DUMMY__ 0.3484528976992879 neg 0.3453716095523553 off 0.3061754927483568	false	1.0
zur			__DUMMY__ 0.3492476003033711 neg 0.34781433412031615 off 0.3029380655763127	false	0.0
frust	neg 1.0		__DUMMY__ 0.34884246902111965 neg 0.3415657323776691 off 0.3095917986012111	false	1.0
unerbittlichkeit	neg 1.0		__DUMMY__ 0.3482874597586537 neg 0.3445908327516135 off 0.3071217074897327	false	1.0
zwei			__DUMMY__ 0.35138979248209434 neg 0.3422968261686964 off 0.3063133813492092	false	0.0
unkorrekt	neg 1.0		__DUMMY__ 0.3444935133512758 neg 0.3390838123775489 off 0.31642267427117515	false	1.0
hexe	off 1.0		__DUMMY__ 0.3475073015120535 neg 0.33570001554256074 off 0.3167926829453858	false	0.5
lasch	neg 1.0		__DUMMY__ 0.3464397413965849 neg 0.3396942884781615 off 0.3138659701252537	false	1.0
rivale	neg 1.0		__DUMMY__ 0.34530508717058195 neg 0.3347083462300921 off 0.3199865665993259	false	1.0
mutlos	off 1.0	off 1.0	off 0.6399406247066909 neg 0.19092221975277132 __DUMMY__ 0.16913715554053785	false	1.0
wirr	off 1.0		__DUMMY__ 0.34498189114928707 neg 0.3364039699400422 off 0.3186141389106707	false	0.5
jahr			__DUMMY__ 0.35059978872743625 neg 0.3409744917571576 off 0.30842571951540615	false	0.0
wird			__DUMMY__ 0.3487343819542935 neg 0.34332714342910997 off 0.30793847461659646	false	0.0
strafbar	neg 1.0		neg 0.34697645610031247 __DUMMY__ 0.34664482198562835 off 0.3063787219140592	false	1.0
erosion	neg 1.0		__DUMMY__ 0.34894879924814265 neg 0.3374617664898968 off 0.31358943426196056	false	1.0
eingehen	neg 1.0		__DUMMY__ 0.3478887733416558 neg 0.3443204644253422 off 0.30779076223300195	false	1.0
faul	off 1.0		__DUMMY__ 0.34872064892904914 neg 0.33503043385223796 off 0.31624891721871284	false	0.5
provisorium	neg 1.0		__DUMMY__ 0.3521983465983818 neg 0.34672016473684536 off 0.3010814886647729	false	1.0
schmerzen	neg 1.0		__DUMMY__ 0.349499946450818 neg 0.3397516266394376 off 0.31074842690974447	false	1.0
schrumpfen	neg 1.0		__DUMMY__ 0.3501798547090494 neg 0.34661894895957507 off 0.3032011963313754	false	1.0
geistlos	off 1.0		__DUMMY__ 0.3445284320992473 neg 0.3429604583020306 off 0.3125111095987222	false	0.5
fehlkauf	neg 1.0		__DUMMY__ 0.3467784163688164 neg 0.3393060147054666 off 0.313915568925717	false	1.0
frustrierend	neg 1.0		__DUMMY__ 0.34780127332536126 neg 0.33741002417988747 off 0.3147887024947512	false	1.0
unzufrieden	neg 1.0		__DUMMY__ 0.34810646623269054 neg 0.343569248399728 off 0.30832428536758144	false	1.0
verzweifeln	neg 1.0		__DUMMY__ 0.34884298122414037 neg 0.34038955482857214 off 0.31076746394728755	false	1.0
verzweifelt	neg 1.0		__DUMMY__ 0.3477540915676016 neg 0.3400893911806431 off 0.31215651725175536	false	1.0
misstrauensantrag	neg 1.0		__DUMMY__ 0.34577647760166913 neg 0.3410277610333515 off 0.3131957613649794	false	1.0
abfallen	neg 1.0		__DUMMY__ 0.35063388893868885 neg 0.33576528935696187 off 0.3136008217043492	false	1.0
fucker	off 1.0		__DUMMY__ 0.34559827325500864 neg 0.3356947966419447 off 0.3187069301030465	false	0.5
ungezogen	neg 1.0		__DUMMY__ 0.3451609536996383 neg 0.32979916191463193 off 0.32503988438572984	false	1.0
irrsinnig	neg 1.0	neg 1.0	neg 0.6588872538124099 off 0.17207306463682315 __DUMMY__ 0.16903968155076696	false	1.0
unfassbar	neg 1.0		__DUMMY__ 0.3472862130439801 neg 0.3363949728851117 off 0.3163188140709082	false	1.0
hart	neg 1.0		__DUMMY__ 0.3463611314838783 neg 0.337413146978338 off 0.3162257215377836	false	1.0
widerlich	off 1.0		__DUMMY__ 0.34608456877370686 neg 0.33735293514255016 off 0.31656249608374304	false	0.5
fatal	neg 1.0		__DUMMY__ 0.3470935774489071 neg 0.3389440002292953 off 0.3139624223217977	false	1.0
bruch	neg 1.0		neg 0.34875633627039115 __DUMMY__ 0.3472460747810903 off 0.30399758894851847	false	1.0
aushungern	neg 1.0		__DUMMY__ 0.3458088073485318 neg 0.34370207179447376 off 0.3104891208569946	false	1.0
anspannung	neg 1.0		__DUMMY__ 0.3512213118745223 neg 0.3433439727109058 off 0.30543471541457196	false	1.0
von			__DUMMY__ 0.3499330988418603 neg 0.34323388061203847 off 0.30683302054610123	false	0.0
kraftlos	neg 1.0		__DUMMY__ 0.350979235365731 neg 0.339251846104717 off 0.3097689185295519	false	1.0
vom			__DUMMY__ 0.35201185312579447 neg 0.3458501107284977 off 0.3021380361457077	false	0.0
grenzdebil	off 1.0		__DUMMY__ 0.34735008322156835 neg 0.3350872708385335 off 0.3175626459398982	false	0.5
vor			__DUMMY__ 0.3501003005640542 neg 0.3440883526006236 off 0.3058113468353221	false	0.0
unterwerfen	neg 1.0		__DUMMY__ 0.34804267989554893 neg 0.344372430507716 off 0.3075848895967351	false	1.0
versenkung	neg 1.0		__DUMMY__ 0.34842386872444747 neg 0.34445199524036224 off 0.3071241360351903	false	1.0
entziehen	neg 1.0		__DUMMY__ 0.34849920490251324 neg 0.3467618354214972 off 0.3047389596759896	false	1.0
finanzkrise	neg 1.0		__DUMMY__ 0.34571421023115956 neg 0.3442230612209469 off 0.31006272854789346	false	1.0
schimpfend	neg 1.0		__DUMMY__ 0.35111582444277545 neg 0.3340450954801737 off 0.31483908007705097	false	1.0
profan	neg 1.0		__DUMMY__ 0.34790101295578635 neg 0.3387030906891097 off 0.31339589635510395	false	1.0
korruption	neg 1.0		neg 0.34632205189787585 __DUMMY__ 0.34577148711586003 off 0.30790646098626423	false	1.0
â			__DUMMY__ 0.3491948231617655 neg 0.34132148066953 off 0.3094836961687046	false	0.0
schmutzig	neg 1.0		__DUMMY__ 0.3487749816844026 neg 0.3333608581346266 off 0.31786416018097086	false	1.0
sexy	neg 1.0		__DUMMY__ 0.3475265826235844 neg 0.33674821232146473 off 0.3157252050549508	false	1.0
abraten	neg 1.0		__DUMMY__ 0.3484671742341844 neg 0.3388282575382725 off 0.3127045682275431	false	1.0
schwarz	neg 1.0		__DUMMY__ 0.34727514362148165 neg 0.33966075492050934 off 0.31306410145800906	false	1.0
fotze	off 1.0		__DUMMY__ 0.34722566291142426 neg 0.34341387084309266 off 0.30936046624548313	false	0.5
verwirren	neg 1.0		__DUMMY__ 0.34762014849464956 neg 0.33826392907933595 off 0.3141159224260145	false	1.0
zahnlos	off 1.0		__DUMMY__ 0.3470079071117243 neg 0.345028623883156 off 0.3079634690051196	false	0.5
verheeren	neg 1.0		__DUMMY__ 0.34357074597641407 neg 0.32974195622399416 off 0.3266872977995918	false	1.0
hippie	neg 1.0		__DUMMY__ 0.34732267144222206 neg 0.33731682020104586 off 0.3153605083567319	false	1.0
rammen	neg 1.0		__DUMMY__ 0.3476771275751371 neg 0.33805312256164655 off 0.31426974986321643	false	1.0
unlauter	neg 1.0	neg 1.0	neg 0.6588668005477342 off 0.17285284198533063 __DUMMY__ 0.16828035746693523	false	1.0
unheilvoll	neg 1.0		__DUMMY__ 0.34860001921601885 neg 0.33766955168237867 off 0.3137304291016024	false	1.0
niedrig	neg 1.0		__DUMMY__ 0.3476725999283501 neg 0.3442205306144394 off 0.3081068694572105	false	1.0
explosion	neg 1.0		__DUMMY__ 0.3479958234134241 neg 0.3368363014923107 off 0.31516787509426514	false	1.0
weichei	off 1.0		__DUMMY__ 0.3452987356393679 neg 0.33270735950225433 off 0.3219939048583778	false	0.5
minusmensch	off 1.0		__DUMMY__ 0.34168572497053956 neg 0.33321882183504553 off 0.32509545319441496	false	0.5
farblos	neg 1.0		__DUMMY__ 0.3480862939114742 neg 0.33917200358976674 off 0.31274170249875927	false	1.0
unwissend	neg 1.0		__DUMMY__ 0.3464645205357703 neg 0.3377310925991042 off 0.3158043868651255	false	1.0
traurig	neg 1.0		__DUMMY__ 0.347292224796636 neg 0.3332193200387376 off 0.3194884551646264	false	1.0
senkung	neg 1.0		__DUMMY__ 0.3470998318450532 neg 0.33831146057937295 off 0.31458870757557383	false	1.0
ungleich	neg 1.0	neg 1.0	neg 0.6612164866453071 off 0.1695664590790326 __DUMMY__ 0.16921705427566042	false	1.0
heikel	neg 1.0		__DUMMY__ 0.34843364484339034 neg 0.3455452280434047 off 0.30602112711320484	false	1.0
drosselung	neg 1.0		__DUMMY__ 0.3471576118117797 neg 0.33301524255101517 off 0.31982714563720516	false	1.0
falsch	neg 1.0		__DUMMY__ 0.3472560265833746 neg 0.33771408128420183 off 0.3150298921324236	false	1.0
unzufriedenheit	neg 1.0		__DUMMY__ 0.3484887483867161 neg 0.34554757251469254 off 0.30596367909859123	false	1.0
kurz	neg 1.0		__DUMMY__ 0.35026292116142255 neg 0.3392022711083626 off 0.3105348077302148	false	1.0
unsinnig	neg 1.0		__DUMMY__ 0.34760419686411137 neg 0.3438580808663213 off 0.3085377222695672	false	1.0
penner	off 1.0	off 1.0	off 0.6491236999306975 neg 0.18280573458731242 __DUMMY__ 0.1680705654819901	false	1.0
seicht	neg 1.0		__DUMMY__ 0.3436007053037089 neg 0.3325953955944272 off 0.32380389910186397	false	1.0
dummheit	off 1.0	off 1.0	off 0.6431362277485695 neg 0.18815985750904232 __DUMMY__ 0.16870391474238822	false	1.0
unerfreulich	neg 1.0		__DUMMY__ 0.3491973661403741 neg 0.3449711424943704 off 0.3058314913652555	false	1.0
motherfucker	off 1.0	off 1.0	off 0.6462797323662953 neg 0.18546721484310727 __DUMMY__ 0.1682530527905974	false	1.0
pikiert	neg 1.0		__DUMMY__ 0.34651808198565703 neg 0.3380480267387736 off 0.31543389127556953	false	1.0
wrack	neg 1.0		__DUMMY__ 0.3484851719143148 neg 0.34232482457199886 off 0.30919000351368625	false	1.0
gangster	neg 1.0		__DUMMY__ 0.3474569553906332 neg 0.33800304897477174 off 0.314539995634595	false	1.0
krank	neg 1.0		__DUMMY__ 0.3482718170399872 neg 0.3337325489714072 off 0.3179956339886056	false	1.0
reich	neg 1.0		__DUMMY__ 0.3437035636500669 neg 0.34092185007516274 off 0.31537458627477044	false	1.0
gnadenlos	neg 1.0		__DUMMY__ 0.34757849452126705 neg 0.34057054459016234 off 0.31185096088857056	false	1.0
niedergeschlagen	neg 1.0		__DUMMY__ 0.3492036393776319 neg 0.34057356509510445 off 0.3102227955272638	false	1.0
terrorisieren	off 1.0	off 1.0	off 0.6400716891069695 neg 0.19006176059356478 __DUMMY__ 0.1698665502994657	false	1.0
sinnlosigkeit	neg 1.0		__DUMMY__ 0.3475497368909232 neg 0.3440445551142049 off 0.3084057079948718	false	1.0
behindern	neg 1.0		__DUMMY__ 0.34911410182015 neg 0.33913065883785193 off 0.31175523934199806	false	1.0
undemokratisch	neg 1.0		__DUMMY__ 0.3451368136221623 neg 0.3434131852209939 off 0.31145000115684374	false	1.0
wirtschaftskrise	neg 1.0		__DUMMY__ 0.3468485942028219 neg 0.34460147283006476 off 0.30854993296711336	false	1.0
neid	neg 1.0		__DUMMY__ 0.3490575692575119 neg 0.3352371063639905 off 0.3157053243784977	false	1.0
rutschen	neg 1.0		__DUMMY__ 0.35328782035583484 neg 0.3408768725672536 off 0.3058353070769116	false	1.0
rezession	neg 1.0		__DUMMY__ 0.34419083850350035 neg 0.33566696310424465 off 0.3201421983922551	false	1.0
fehlgeburt	neg 1.0		__DUMMY__ 0.3484790431314046 neg 0.33902484942367495 off 0.3124961074449204	false	1.0
charakterschwach	off 1.0		__DUMMY__ 0.3461137997795149 neg 0.33748916961279923 off 0.316397030607686	false	0.5
isolation	neg 1.0		__DUMMY__ 0.3470696559563571 neg 0.33643572694040796 off 0.31649461710323507	false	1.0
ablenkung	neg 1.0		__DUMMY__ 0.3489091173514946 neg 0.3392126096079434 off 0.3118782730405619	false	1.0
pech	neg 1.0		__DUMMY__ 0.3479970604353657 neg 0.33741105890978795 off 0.31459188065484633	false	1.0
vermeidung	neg 1.0		__DUMMY__ 0.3479561700170039 neg 0.333057883639989 off 0.318985946343007	false	1.0
dominieren	neg 1.0		__DUMMY__ 0.3471529649267366 neg 0.3436020158900763 off 0.3092450191831871	false	1.0
schwindlig	neg 1.0		__DUMMY__ 0.34919407909258 neg 0.3359416979672688 off 0.3148642229401512	false	1.0
lutscher	neg 1.0		__DUMMY__ 0.34367187628526236 neg 0.33154830315503997 off 0.3247798205596977	false	1.0
pflicht	neg 1.0		__DUMMY__ 0.34833094720707153 neg 0.3458710948461931 off 0.3057979579467353	false	1.0
faschist	off 1.0		__DUMMY__ 0.34528015367255455 neg 0.34199383882376266 off 0.3127260075036827	false	0.5
verschleudern	neg 1.0		__DUMMY__ 0.34663813987478653 neg 0.3457477853889685 off 0.307614074736245	false	1.0
wenn			__DUMMY__ 0.3473343037771268 neg 0.3376418248072596 off 0.3150238714156136	false	0.0
ehebruch	neg 1.0		__DUMMY__ 0.34750549098230676 neg 0.34475321562247824 off 0.30774129339521505	false	1.0
spott	off 1.0		__DUMMY__ 0.34769688721368563 neg 0.34516658694788754 off 0.30713652583842677	false	0.5
trostlosigkeit	neg 1.0		neg 0.34804402099403264 __DUMMY__ 0.34673701163161375 off 0.30521896737435356	false	1.0
lutschen	neg 1.0		__DUMMY__ 0.34571527339866936 neg 0.3390305466167724 off 0.31525417998455824	false	1.0
undiszipliniert	neg 1.0		__DUMMY__ 0.34677465217595255 neg 0.3347400590456579 off 0.31848528877838966	false	1.0
kopfschmerz	neg 1.0		__DUMMY__ 0.3490677977094116 neg 0.33964428119744233 off 0.3112879210931461	false	1.0
unvorhergesehen	neg 1.0		__DUMMY__ 0.35072269568656045 neg 0.3386850829580198 off 0.3105922213554197	false	1.0
desinteressiert	neg 1.0		__DUMMY__ 0.3461976750142293 neg 0.33596868007562714 off 0.31783364491014343	false	1.0
armselig	off 1.0		__DUMMY__ 0.3455413937653713 neg 0.33589408213577576 off 0.31856452409885283	false	0.5
desaster	neg 1.0		neg 0.34965418135973025 __DUMMY__ 0.34696713770690146 off 0.30337868093336834	false	1.0
tod	neg 1.0		__DUMMY__ 0.3472812474774378 neg 0.3452197365085921 off 0.30749901601396995	false	1.0
herzlos	neg 1.0		__DUMMY__ 0.3470535226652886 neg 0.3327795721442283 off 0.3201669051904832	false	1.0
unwissenheit	neg 1.0		__DUMMY__ 0.34738050531211684 neg 0.34424710443536705 off 0.308372390252516	false	1.0
widersinnig	neg 1.0		neg 0.34678156701453955 __DUMMY__ 0.3449733560657793 off 0.30824507691968117	false	1.0
bedenklich	neg 1.0		__DUMMY__ 0.3481664753625735 neg 0.3448157814317945 off 0.3070177432056321	false	1.0
beanstanden	neg 1.0		__DUMMY__ 0.348237674434411 neg 0.3464791149511062 off 0.30528321061448266	false	1.0
panisch	neg 1.0	neg 1.0	neg 0.655149069528105 off 0.173939639351844 __DUMMY__ 0.17091129112005107	false	1.0
debil	off 1.0		__DUMMY__ 0.3497426223728661 neg 0.34694286115456824 off 0.30331451647256563	false	0.5
abstrich	neg 1.0		__DUMMY__ 0.3505091703359885 neg 0.33628750355100173 off 0.31320332611300994	false	1.0
primitiv	neg 1.0		__DUMMY__ 0.3458612799536089 neg 0.33708144233793846 off 0.31705727770845277	false	1.0
abschaum	off 1.0	off 1.0	off 0.6444533533501768 neg 0.18719612692455415 __DUMMY__ 0.16835051972526902	false	1.0
provozieren	neg 1.0		__DUMMY__ 0.3469429012346652 neg 0.34214791665382976 off 0.3109091821115052	false	1.0
tot	neg 1.0		__DUMMY__ 0.34771420234560385 neg 0.34202100495706894 off 0.3102647926973272	false	1.0
instabil	neg 1.0		__DUMMY__ 0.3440409499856064 neg 0.3369889202679023 off 0.31897012974649125	false	1.0
schwuchtel	off 1.0		__DUMMY__ 0.34133449019945794 neg 0.3293522402713012 off 0.32931326952924084	false	0.5
zerren	neg 1.0		__DUMMY__ 0.34897796028668193 neg 0.3411397556791203 off 0.3098822840341977	false	1.0
kinderficker	off 1.0		__DUMMY__ 0.3444294942059806 neg 0.33508415750993625 off 0.3204863482840832	false	0.5
gefahr	neg 1.0		__DUMMY__ 0.3472797460109044 neg 0.34554766164161227 off 0.3071725923474832	false	1.0
rabiat	neg 1.0		__DUMMY__ 0.3479106669058837 neg 0.3409879352130771 off 0.3111013978810394	false	1.0
verlangsamung	neg 1.0		__DUMMY__ 0.3439858103255929 neg 0.33223426385454063 off 0.3237799258198665	false	1.0
ausgestorben	neg 1.0		__DUMMY__ 0.34857025299813676 neg 0.3416952945018518 off 0.3097344525000116	false	1.0
anklagen	neg 1.0		__DUMMY__ 0.3471405865573565 neg 0.3423902111108551 off 0.3104692023317883	false	1.0
trott	neg 1.0		__DUMMY__ 0.34870084956172226 neg 0.33961318541479785 off 0.3116859650234799	false	1.0
verminderung	neg 1.0		__DUMMY__ 0.34635121514993816 neg 0.3347662841822476 off 0.3188825006678143	false	1.0
nach			__DUMMY__ 0.3522727112633265 neg 0.3426658357744508 off 0.3050614529622226	false	0.0
rost	neg 1.0		__DUMMY__ 0.34464214723405473 neg 0.33090683631603496 off 0.32445101644991037	false	1.0
destruktiv	neg 1.0		__DUMMY__ 0.3466909851380733 neg 0.3438168638752523 off 0.30949215098667443	false	1.0
unzumutbarkeit	neg 1.0		__DUMMY__ 0.3472707170977512 neg 0.33412251935198145 off 0.31860676355026746	false	1.0
labil	off 1.0	off 1.0	off 0.6451238866070221 neg 0.18646230810237588 __DUMMY__ 0.16841380529060207	false	1.0
ziemlich	neg 1.0		__DUMMY__ 0.3472273648506129 neg 0.33586715044052257 off 0.3169054847088646	false	1.0
lachnummer	off 1.0		__DUMMY__ 0.34661087767822213 neg 0.3439820480658368 off 0.30940707425594094	false	0.5
oder			__DUMMY__ 0.34911122227234415 neg 0.33929865795322744 off 0.3115901197744284	false	0.0
verfall	neg 1.0		__DUMMY__ 0.3492101054163483 neg 0.3481691650568308 off 0.3026207295268209	false	1.0
ausgrenzung	neg 1.0		__DUMMY__ 0.34541331215181814 neg 0.34213082207010403 off 0.3124558657780778	false	1.0
unordnung	neg 1.0		__DUMMY__ 0.3442699577340625 neg 0.33587743891029265 off 0.3198526033556449	false	1.0
fehlverhalten	neg 1.0		__DUMMY__ 0.3473154991391931 neg 0.3461959934580758 off 0.3064885074027311	false	1.0
eine			__DUMMY__ 0.3498856038591733 neg 0.3440420779256937 off 0.306072318215133	false	0.0
nille	neg 1.0		__DUMMY__ 0.3462607915894177 neg 0.34318381095622164 off 0.31055539745436056	false	1.0
qual	neg 1.0		__DUMMY__ 0.3485003746819612 neg 0.34002424987695673 off 0.31147537544108206	false	1.0
verschwenden	neg 1.0		__DUMMY__ 0.34881131547672606 neg 0.34360706009525005 off 0.30758162442802384	false	1.0
riesig	neg 1.0		__DUMMY__ 0.3493984607711518 neg 0.3392365283042711 off 0.3113650109245772	false	1.0
verurteilen	neg 1.0		__DUMMY__ 0.3470348913082752 neg 0.34455683918439695 off 0.30840826950732797	false	1.0
klischee	neg 1.0	neg 1.0	neg 0.6582616056577179 off 0.17336899214970272 __DUMMY__ 0.16836940219257943	false	1.0
diktatorisch	neg 1.0		__DUMMY__ 0.34451952156382276 neg 0.3444513950004654 off 0.3110290834357119	false	1.0
vorhersehbar	neg 1.0		__DUMMY__ 0.3462945461433239 neg 0.34116398078225835 off 0.3125414730744178	false	1.0
sowie			__DUMMY__ 0.3440255665304177 neg 0.33395677219917463 off 0.32201766127040765	false	0.0
stornieren	neg 1.0		__DUMMY__ 0.3493026768959246 neg 0.33551144906045205 off 0.31518587404362325	false	1.0
besteuerung	neg 1.0		__DUMMY__ 0.34727874901392997 neg 0.34006473607653853 off 0.31265651490953156	false	1.0
ungeschminkt	neg 1.0		__DUMMY__ 0.3470337818752792 neg 0.3352796275247031 off 0.3176865906000176	false	1.0
kritisch	neg 1.0		__DUMMY__ 0.3474097433524536 neg 0.3456607711159099 off 0.30692948553163646	false	1.0
schlamperei	off 1.0		__DUMMY__ 0.3467706380255612 neg 0.3459980290267358 off 0.30723133294770294	false	0.5
sucht	neg 1.0	neg 1.0	neg 0.6545055872649992 off 0.1746141675379675 __DUMMY__ 0.17088024519703338	false	1.0
egoistisch	off 1.0		__DUMMY__ 0.3454746247114096 neg 0.33261010676073666 off 0.3219152685278536	false	0.5
ausbeuter	off 1.0		__DUMMY__ 0.3472345334794249 neg 0.3466323275894356 off 0.3061331389311393	false	0.5
arschgeburt	off 1.0		__DUMMY__ 0.3413037812782413 neg 0.32956035251907434 off 0.32913586620268426	false	0.5
schubs	neg 1.0	neg 1.0	neg 0.6579685602834655 off 0.17121122193565969 __DUMMY__ 0.17082021778087478	false	1.0
unsolide	neg 1.0		neg 0.3450072459941387 __DUMMY__ 0.3419388406903663 off 0.31305391331549487	false	1.0
beschwerde	neg 1.0		__DUMMY__ 0.34677670636378544 neg 0.34511274794447355 off 0.3081105456917411	false	1.0
stocken	neg 1.0		__DUMMY__ 0.3486329014257658 neg 0.3426342539131241 off 0.3087328446611102	false	1.0
isolieren	neg 1.0		__DUMMY__ 0.3496253840454596 neg 0.3387958902745008 off 0.3115787256800397	false	1.0
unheilbar	neg 1.0		__DUMMY__ 0.3484995748489271 neg 0.33905699633250447 off 0.31244342881856857	false	1.0
pisser	off 1.0		__DUMMY__ 0.34487980868620244 neg 0.33560532786595426 off 0.31951486344784347	false	0.5
löschen	neg 1.0		__DUMMY__ 0.3474942411770527 neg 0.3401290610270409 off 0.3123766977959064	false	1.0
durchfallen	neg 1.0		__DUMMY__ 0.34799516203041664 neg 0.3445319017446777 off 0.3074729362249057	false	1.0
wichser	off 1.0		__DUMMY__ 0.3439286617256204 neg 0.32986986658536266 off 0.326201471689017	false	0.5
terror	neg 1.0		__DUMMY__ 0.34818481180871885 neg 0.33616124348762627 off 0.3156539447036548	false	1.0
krass	neg 1.0		__DUMMY__ 0.34626957233274924 neg 0.33356669126553273 off 0.320163736401718	false	1.0
revolte	neg 1.0	neg 1.0	neg 0.6598363988186124 off 0.17295187275763643 __DUMMY__ 0.16721172842375115	false	1.0
besorgt	neg 1.0		__DUMMY__ 0.35025141236533436 neg 0.3391799481843754 off 0.3105686394502903	false	1.0
nachlassen	neg 1.0		__DUMMY__ 0.34994752315441213 neg 0.33981128340978123 off 0.3102411934358067	false	1.0
alt	neg 1.0		__DUMMY__ 0.34989243688716426 neg 0.34216951740647916 off 0.30793804570635647	false	1.0
hundesohn	off 1.0		__DUMMY__ 0.34255041718850016 neg 0.3328408022510902 off 0.32460878056040965	false	0.5
als			__DUMMY__ 0.349115241998982 neg 0.34181987943887354 off 0.30906487856214443	false	0.0
abschreckung	neg 1.0		__DUMMY__ 0.3479057698039572 neg 0.3466579947609393 off 0.3054362354351035	false	1.0
unqualifiziert	neg 1.0		__DUMMY__ 0.34624354154094156 neg 0.3408901270157956 off 0.3128663314432629	false	1.0
abgewichst	off 1.0		__DUMMY__ 0.34779199672560135 neg 0.341840677828967 off 0.31036732544543155	false	0.5
schwer	neg 1.0		__DUMMY__ 0.3486773695112385 neg 0.34045002088487564 off 0.3108726096038859	false	1.0
bedeutungslosigkeit	neg 1.0		__DUMMY__ 0.34747511099655637 neg 0.3466638281922037 off 0.3058610608112398	false	1.0
kapitulation	neg 1.0		neg 0.34726815387127696 __DUMMY__ 0.34551843175672564 off 0.30721341437199756	false	1.0
unscharf	neg 1.0		__DUMMY__ 0.3478633595615041 neg 0.3374948317080239 off 0.31464180873047204	false	1.0
schwinden	neg 1.0		__DUMMY__ 0.3493900343738446 neg 0.3430178617341269 off 0.30759210389202846	false	1.0
versklavung	neg 1.0		__DUMMY__ 0.34521887465936324 neg 0.34349003164759145 off 0.3112910936930454	false	1.0
schlecht	neg 1.0		__DUMMY__ 0.34745232410079524 neg 0.3351428193927407 off 0.3174048565064641	false	1.0
verhasst	neg 1.0		__DUMMY__ 0.3465770816383309 neg 0.3426674496195987 off 0.3107554687420704	false	1.0
beschweren	neg 1.0		__DUMMY__ 0.34817307458786123 neg 0.33887311076677573 off 0.31295381464536315	false	1.0
scheiden	neg 1.0		__DUMMY__ 0.3483404068875009 neg 0.34092205503108847 off 0.3107375380814106	false	1.0
frustriert	neg 1.0		__DUMMY__ 0.3484346019708351 neg 0.3418765239997004 off 0.30968887402946443	false	1.0
schimmelig	neg 1.0		__DUMMY__ 0.3483172427511531 neg 0.3436206800848905 off 0.3080620771639565	false	1.0
fisch	neg 1.0		__DUMMY__ 0.34858275356453666 neg 0.3428261520878397 off 0.3085910943476238	false	1.0
schmuggel	neg 1.0		__DUMMY__ 0.3503161509447338 neg 0.3421370888452895 off 0.30754676020997673	false	1.0
auffallen	neg 1.0		__DUMMY__ 0.34775482220263915 neg 0.3389926989068757 off 0.31325247889048513	false	1.0
konkurrenz	neg 1.0		__DUMMY__ 0.34904101944239063 neg 0.34534869934433055 off 0.30561028121327893	false	1.0
teufelskreis	neg 1.0		__DUMMY__ 0.3479882904559649 neg 0.34220109448619485 off 0.3098106150578402	false	1.0
aufschreien	neg 1.0		__DUMMY__ 0.3467225751609372 neg 0.340586848345894 off 0.3126905764931688	false	1.0
schuldner	neg 1.0		__DUMMY__ 0.34737277054126164 neg 0.34558760016854995 off 0.30703962929018846	false	1.0
missgeburt	off 1.0	off 1.0	off 0.6479422639415819 neg 0.18501211619360475 __DUMMY__ 0.16704561986481334	false	1.0
arbeitslos	neg 1.0		__DUMMY__ 0.3474385975682714 neg 0.34431126689346303 off 0.3082501355382654	false	1.0
befallen	neg 1.0		__DUMMY__ 0.3468966076737689 neg 0.34439100256691463 off 0.3087123897593163	false	1.0
miesepetrig	off 1.0		__DUMMY__ 0.34852557579876575 neg 0.33363133764160313 off 0.3178430865596311	false	0.5
alarmieren	neg 1.0		__DUMMY__ 0.3457465551475618 neg 0.3385105310395217 off 0.3157429138129166	false	1.0
ungeduscht	off 1.0		__DUMMY__ 0.34783963181818284 neg 0.3374844304341586 off 0.3146759377476585	false	0.5
knappheit	neg 1.0		__DUMMY__ 0.347524118636416 neg 0.343599478643537 off 0.3088764027200469	false	1.0
schlange	neg 1.0		__DUMMY__ 0.34915974986605436 neg 0.3375025715280072 off 0.31333767860593853	false	1.0
harsch	neg 1.0		__DUMMY__ 0.3469652643817061 neg 0.3289416962163723 off 0.3240930394019216	false	1.0
lang	neg 1.0		__DUMMY__ 0.3481576557373984 neg 0.33894741113132565 off 0.312894933131276	false	1.0
ziellos	neg 1.0		__DUMMY__ 0.3489105229237249 neg 0.3425741921211018 off 0.3085152849551734	false	1.0
selbstverliebt	neg 1.0		__DUMMY__ 0.34194639079186046 neg 0.3316596199219006 off 0.3263939892862392	false	1.0
beseitigen	neg 1.0		__DUMMY__ 0.3484528400412877 neg 0.33890734162774283 off 0.3126398183309694	false	1.0
dumm	off 1.0		__DUMMY__ 0.3448958730680066 neg 0.3326924902029017 off 0.3224116367290917	false	0.5
arbeitsloser	neg 1.0		__DUMMY__ 0.34760760376260685 neg 0.3449804853519257 off 0.3074119108854674	false	1.0
blitzen	neg 1.0		__DUMMY__ 0.34733888994471485 neg 0.3373568992950737 off 0.3153042107602114	false	1.0
hilflos	neg 1.0		__DUMMY__ 0.3486413978943418 neg 0.34195270309995995 off 0.3094058990056981	false	1.0
eklig	off 1.0		__DUMMY__ 0.3442776896472654 neg 0.3326165498658759 off 0.3231057604868588	false	0.5
begriff			__DUMMY__ 0.34793944328237053 neg 0.34256150783472383 off 0.3094990488829057	false	0.0
hungersnot	neg 1.0		__DUMMY__ 0.3454648030925715 neg 0.34465420779739 off 0.3098809891100385	false	1.0
ungesetzlich	neg 1.0		__DUMMY__ 0.3442719865351494 neg 0.34355256415292657 off 0.3121754493119241	false	1.0
verschwendung	neg 1.0		__DUMMY__ 0.3488498595142027 neg 0.3445324236754162 off 0.306617716810381	false	1.0
schmerzvoll	neg 1.0		__DUMMY__ 0.3482779649476916 neg 0.33870108339099 off 0.31302095166131855	false	1.0
vorzeitig	neg 1.0		__DUMMY__ 0.34671543474514893 neg 0.33652614189576574 off 0.31675842335908533	false	1.0
unvollkommenheit	neg 1.0		__DUMMY__ 0.3483135222144602 neg 0.33982005161405743 off 0.31186642617148247	false	1.0
intervenieren	neg 1.0		__DUMMY__ 0.346938407764709 neg 0.3466217533258933 off 0.30643983890939763	false	1.0
banause	off 1.0		__DUMMY__ 0.34408810398173106 neg 0.3311545132153797 off 0.32475738280288924	false	0.5
rebell	neg 1.0		__DUMMY__ 0.34963005617973697 neg 0.3440773168187426 off 0.3062926270015203	false	1.0
unlogisch	neg 1.0		__DUMMY__ 0.3454045692845753 neg 0.33594686722993955 off 0.3186485634854851	false	1.0
leiden	neg 1.0	neg 1.0	neg 0.6560891146783161 __DUMMY__ 0.17296515031210286 off 0.17094573500958102	false	1.0
abschaffung	neg 1.0		__DUMMY__ 0.34609488142610373 neg 0.34244463360202415 off 0.3114604849718722	false	1.0
sturz	neg 1.0		__DUMMY__ 0.34630457418444993 neg 0.3413680247095626 off 0.3123274011059874	false	1.0
verkleinerung	neg 1.0		__DUMMY__ 0.34437604539539785 neg 0.34176041759647524 off 0.31386353700812675	false	1.0
schmarotzer	off 1.0		__DUMMY__ 0.34688688429606573 neg 0.34562376403369865 off 0.30748935167023556	false	0.5
bestrafung	neg 1.0		__DUMMY__ 0.34766033787635264 neg 0.3399271722648618 off 0.3124124898587856	false	1.0
achtlos	neg 1.0		__DUMMY__ 0.34907591191490417 neg 0.3398204315774668 off 0.3111036565076289	false	1.0
ungeheuer	neg 1.0		__DUMMY__ 0.34764371975874814 neg 0.33871141569753654 off 0.3136448645437152	false	1.0
unaufrichtig	neg 1.0		__DUMMY__ 0.34600326285615274 neg 0.34007317435243795 off 0.3139235627914092	false	1.0
groggy	neg 1.0		__DUMMY__ 0.34695170155086263 neg 0.33823719430829785 off 0.31481110414083957	false	1.0
verletzlich	neg 1.0		__DUMMY__ 0.3468723197720346 neg 0.33573650608278255 off 0.3173911741451828	false	1.0
ablehnen	neg 1.0		__DUMMY__ 0.3471914285075491 neg 0.34461893979503694 off 0.30818963169741415	false	1.0
kollaps	neg 1.0		__DUMMY__ 0.34679231958887125 neg 0.3418059867759342 off 0.3114016936351945	false	1.0
