unsolidarisch	neg 1.0		__DUMMY__ 0.8938832527832437 neg 0.05726995656322587 off 0.048846790653530404	false	1.0
nachteilig	neg 1.0		__DUMMY__ 0.9005488369239613 neg 0.0538794495870099 off 0.0455717134890288	false	1.0
skeptisch	neg 1.0		__DUMMY__ 0.9025554135017768 neg 0.05418971101929346 off 0.04325487547892982	false	1.0
schrecklich	neg 1.0		__DUMMY__ 0.8972344093381422 off 0.054338401742001365 neg 0.048427188919856375	false	0.5
schlapp	neg 1.0		__DUMMY__ 0.9019571516181862 off 0.050405928509029245 neg 0.04763691987278461	false	0.5
abfall	neg 1.0		__DUMMY__ 0.9037775249179656 neg 0.05432575434218731 off 0.04189672073984713	false	1.0
widerspenstig	neg 1.0		__DUMMY__ 0.9040404039511171 neg 0.04916566958140175 off 0.04679392646748126	false	1.0
abrupt	neg 1.0		__DUMMY__ 0.90592780474341 neg 0.04833302664808371 off 0.04573916860850638	false	1.0
unwirksam	neg 1.0		__DUMMY__ 0.8945858134052925 neg 0.057009260865207155 off 0.04840492572950039	false	1.0
angreifen	neg 1.0		__DUMMY__ 0.9007768860125034 neg 0.05461254145027078 off 0.04461057253722588	false	1.0
inkonsistent	neg 1.0		__DUMMY__ 0.8999377706744626 neg 0.05081930146464459 off 0.04924292786089293	false	1.0
abrutschen	neg 1.0		__DUMMY__ 0.9043585143622784 neg 0.05369658990279279 off 0.04194489573492881	false	1.0
unsicher	neg 1.0		__DUMMY__ 0.9015443189684224 neg 0.051135947305017845 off 0.04731973372655971	false	1.0
bauernkind	off 1.0		__DUMMY__ 0.8928364443050167 off 0.05711456211678951 neg 0.050048993578193784	false	1.0
angreifer	neg 1.0		__DUMMY__ 0.8973925046901348 neg 0.05219398074261499 off 0.05041351456725034	false	1.0
trennen	neg 1.0		__DUMMY__ 0.9057354555165131 neg 0.05081061590361062 off 0.04345392857987619	false	1.0
schmutz	neg 1.0		__DUMMY__ 0.9046867152392627 off 0.051190460049520964 neg 0.04412282471121634	false	0.5
inkonsistenz	neg 1.0	neg 1.0	neg 0.5097942317387297 __DUMMY__ 0.45208581496600225 off 0.03811995329526796	false	1.0
erschreckend	neg 1.0		__DUMMY__ 0.9002088664467067 neg 0.05320570891618628 off 0.04658542463710699	false	1.0
ertrinken	neg 1.0		__DUMMY__ 0.904275130807264 neg 0.05108922803705619 off 0.04463564115567979	false	1.0
pickelface	off 1.0		__DUMMY__ 0.898408193090677 neg 0.053173194525376666 off 0.04841861238394636	false	0.5
seiner			__DUMMY__ 0.9019098901688928 neg 0.053853105022456486 off 0.0442370048086508	false	0.0
lauch	neg 1.0		__DUMMY__ 0.9036556644294388 neg 0.053543416951157295 off 0.042800918619403945	false	1.0
unwichtig	neg 1.0		__DUMMY__ 0.8988759854164786 off 0.05107489480734955 neg 0.050049119776171914	false	0.5
steuerhinterziehung	neg 1.0		__DUMMY__ 0.8964361495769084 neg 0.056078744474127695 off 0.04748510594896387	false	1.0
schock	neg 1.0		__DUMMY__ 0.9051787723985134 neg 0.04909359554745262 off 0.045727632054033955	false	1.0
beule	neg 1.0		__DUMMY__ 0.901010035636178 off 0.05140616394028688 neg 0.04758380042353511	false	0.5
vergelten	neg 1.0		__DUMMY__ 0.8951548228217748 off 0.055942862202667885 neg 0.04890231497555735	false	0.5
verdorbenheit	neg 1.0		__DUMMY__ 0.9023353659374641 neg 0.04967326640057924 off 0.04799136766195662	false	1.0
trauma	neg 1.0		__DUMMY__ 0.9000341178032947 neg 0.05102052113959212 off 0.048945361057113265	false	1.0
sinnlos	neg 1.0		__DUMMY__ 0.9000951422192286 neg 0.05074145848327324 off 0.049163399297498134	false	1.0
fettsack	off 1.0	off 1.0	off 0.5125869789391968 __DUMMY__ 0.4498433735544093 neg 0.037569647506393945	false	1.0
feige	off 1.0		__DUMMY__ 0.8972569543852859 neg 0.051812922917755556 off 0.05093012269695859	false	0.5
abdanken	neg 1.0		__DUMMY__ 0.8941074919211439 neg 0.05799343375603865 off 0.04789907432281736	false	1.0
wichtigtuer	off 1.0	off 1.0	off 0.5072732230599768 __DUMMY__ 0.45224786191033806 neg 0.040478915029684995	false	1.0
misslingen	neg 1.0		__DUMMY__ 0.904945382185583 off 0.04876526608106319 neg 0.04628935173335393	false	0.5
untreu	off 1.0		__DUMMY__ 0.8987394244460751 off 0.05162629668546862 neg 0.04963427886845624	false	1.0
missmutig	neg 1.0		__DUMMY__ 0.901609500395301 off 0.050212074284318814 neg 0.04817842532038019	false	0.5
hurenbock	off 1.0		__DUMMY__ 0.904632832821302 off 0.047999493922430005 neg 0.047367673256268054	false	1.0
betrunken	neg 1.0		__DUMMY__ 0.8999877058043605 off 0.05242928062191856 neg 0.04758301357372093	false	0.5
korrupt	off 1.0		__DUMMY__ 0.8964536837406227 neg 0.05700350859178749 off 0.04654280766758979	false	0.5
unmut	neg 1.0		__DUMMY__ 0.9021394831479979 neg 0.055137469476672696 off 0.04272304737532952	false	1.0
hackfresse	off 1.0		__DUMMY__ 0.8956277768216525 off 0.057077579904195694 neg 0.047294643274151824	false	1.0
aufblasen	neg 1.0		__DUMMY__ 0.9028354932571169 neg 0.049000370005645964 off 0.04816413673723716	false	1.0
gewaltsam	neg 1.0		__DUMMY__ 0.8976211048730658 neg 0.05360800888519 off 0.04877088624174421	false	1.0
unbeliebtheit	neg 1.0		__DUMMY__ 0.8925644863070485 neg 0.05377765914345387 off 0.05365785454949749	false	1.0
sturheit	neg 1.0		__DUMMY__ 0.8992069455705543 neg 0.05380028464096853 off 0.0469927697884772	false	1.0
kuh	neg 1.0		__DUMMY__ 0.8994442242160897 neg 0.052117892525177234 off 0.04843788325873313	false	1.0
erschrecken	neg 1.0		__DUMMY__ 0.9005510474828582 off 0.050054497993853746 neg 0.04939445452328806	false	0.5
opfer	neg 1.0		__DUMMY__ 0.9016751063310847 neg 0.053481658018230314 off 0.04484323565068504	false	1.0
sinken	neg 1.0		__DUMMY__ 0.9023498088647467 neg 0.05459306818039022 off 0.043057122954863115	false	1.0
stinktier	neg 1.0		__DUMMY__ 0.895377535203854 off 0.05465143963786847 neg 0.049971025158277504	false	0.5
tucke	off 1.0		__DUMMY__ 0.8973882556995539 off 0.05716796236104365 neg 0.045443781939402475	false	1.0
ein			__DUMMY__ 0.904221654357665 neg 0.048459092849754 off 0.04731925279258097	false	0.0
abstieg	neg 1.0		__DUMMY__ 0.8991887606585445 neg 0.05432294101289398 off 0.04648829832856162	false	1.0
missverstehen	neg 1.0		__DUMMY__ 0.8976182712355947 neg 0.05312292123811904 off 0.04925880752628623	false	1.0
ergebnislos	neg 1.0		__DUMMY__ 0.8999190391183289 neg 0.054052516883956056 off 0.04602844399771505	false	1.0
unter			__DUMMY__ 0.9092604904467465 neg 0.05212598616987264 off 0.03861352338338085	false	0.0
manipulieren	neg 1.0		__DUMMY__ 0.9025575107263938 neg 0.0529832216919101 off 0.04445926758169613	false	1.0
unbewiesen	neg 1.0		__DUMMY__ 0.8937355906683385 neg 0.05756294935544455 off 0.04870145997621692	false	1.0
verschleppen	neg 1.0		__DUMMY__ 0.900728198886596 neg 0.053338995108881626 off 0.04593280600452231	false	1.0
weib	off 1.0		__DUMMY__ 0.8948956829526233 off 0.05813791249237609 neg 0.04696640455500063	false	1.0
opposition	neg 1.0		__DUMMY__ 0.8962292096939357 neg 0.05452831198622332 off 0.04924247831984094	false	1.0
verkehrswidrig	neg 1.0		__DUMMY__ 0.9001883838847807 off 0.05525742500526054 neg 0.04455419110995871	false	0.5
inkorrekt	neg 1.0		__DUMMY__ 0.8941263256782409 neg 0.05344963383865734 off 0.05242404048310163	false	1.0
vermeiden	neg 1.0		__DUMMY__ 0.9071019211657324 neg 0.05224490474364135 off 0.040653174090626285	false	1.0
abweichung	neg 1.0		__DUMMY__ 0.8965801347735778 neg 0.057201532535646075 off 0.0462183326907762	false	1.0
alkoholisiert	neg 1.0		__DUMMY__ 0.9060336863142909 neg 0.04875102055084798 off 0.04521529313486106	false	1.0
scheiss	off 1.0	off 1.0	off 0.5094400980339061 __DUMMY__ 0.4537425678150632 neg 0.03681733415103068	false	1.0
herausforderung	neg 1.0		__DUMMY__ 0.9061363310957501 neg 0.04863814292106993 off 0.04522552598317994	false	1.0
pervers	off 1.0		__DUMMY__ 0.8931046302112934 off 0.06037000959162473 neg 0.04652536019708182	false	1.0
wackelig	neg 1.0		__DUMMY__ 0.9065717412703436 neg 0.04847097172670897 off 0.04495728700294758	false	1.0
verwickeln	neg 1.0		__DUMMY__ 0.8987663179054445 neg 0.05223252090031229 off 0.0490011611942432	false	1.0
vorwand	neg 1.0		__DUMMY__ 0.9009535244100082 neg 0.05565608352473867 off 0.04339039206525305	false	1.0
muschi	off 1.0		__DUMMY__ 0.8983329653270424 neg 0.05356128911529126 off 0.04810574555766634	false	0.5
entmutigung	neg 1.0		__DUMMY__ 0.8926165401679331 neg 0.056738307787117845 off 0.050645152044948974	false	1.0
unangemessen	neg 1.0		__DUMMY__ 0.8980612536746182 neg 0.055918068181768504 off 0.046020678143613276	false	1.0
unstetig	neg 1.0		__DUMMY__ 0.8991659687276266 off 0.05047755462049738 neg 0.05035647665187607	false	0.5
entmutigen	neg 1.0		__DUMMY__ 0.9020922706879292 neg 0.04964841915035537 off 0.048259310161715335	false	1.0
schwanz	neg 1.0		__DUMMY__ 0.9008346810326906 neg 0.053200810070556916 off 0.045964508896752444	false	1.0
verbot	neg 1.0		__DUMMY__ 0.8965489567234681 neg 0.0565570636976013 off 0.04689397957893059	false	1.0
leid	neg 1.0		__DUMMY__ 0.8966563248463462 off 0.055564016451481055 neg 0.047779658702172705	false	0.5
archaisch	neg 1.0		__DUMMY__ 0.8993440650143179 neg 0.05433997686105417 off 0.046315958124627896	false	1.0
gegen			__DUMMY__ 0.8992827892498512 neg 0.056808290871801524 off 0.0439089198783473	false	0.0
scheidung	neg 1.0	neg 1.0	neg 0.4989146599324158 __DUMMY__ 0.4504127033508704 off 0.050672636716713744	false	1.0
einschlag	neg 1.0		__DUMMY__ 0.8948728066346989 off 0.05521842722802861 neg 0.04990876613727251	false	0.5
m			__DUMMY__ 0.9030188079115975 neg 0.05068158725196978 off 0.04629960483643261	false	0.0
abgestanden	neg 1.0		__DUMMY__ 0.9040178964849578 neg 0.04926110723421371 off 0.04672099628082857	false	1.0
schmierig	off 1.0		__DUMMY__ 0.8982397337935693 off 0.054608430117003066 neg 0.04715183608942768	false	1.0
unpraktisch	neg 1.0		__DUMMY__ 0.9033310299286607 neg 0.04871962096818589 off 0.04794934910315348	false	1.0
wixxer	off 1.0		__DUMMY__ 0.8921433354869759 off 0.06061545154148215 neg 0.04724121297154194	false	1.0
bezeichnet			__DUMMY__ 0.8984975029967917 neg 0.054318889810310286 off 0.04718360719289808	false	0.0
jammerlappen	off 1.0		__DUMMY__ 0.8989552274941262 off 0.05100760002129094 neg 0.05003717248458286	false	1.0
farce	neg 1.0		__DUMMY__ 0.8944151669511885 neg 0.05817321021942003 off 0.04741162282939141	false	1.0
zwecklos	neg 1.0		__DUMMY__ 0.8992345296664825 neg 0.05510415668086084 off 0.04566131365265651	false	1.0
turbulent	neg 1.0		__DUMMY__ 0.8968345736774398 off 0.054057757407064214 neg 0.049107668915495936	false	0.5
invasion	neg 1.0		__DUMMY__ 0.9010861204911105 off 0.04994947016924861 neg 0.048964409339640934	false	0.5
schuld	neg 1.0		__DUMMY__ 0.8994732770385163 neg 0.05230350489428447 off 0.048223218067199154	false	1.0
risiko	neg 1.0		__DUMMY__ 0.9032336614019852 off 0.050003033045805126 neg 0.04676330555220974	false	0.5
finster	neg 1.0		__DUMMY__ 0.9034581072509746 neg 0.049522899950386015 off 0.04701899279863941	false	1.0
geisteskrank	off 1.0		__DUMMY__ 0.8952658114703548 off 0.05265618664476935 neg 0.05207800188487588	false	1.0
zusammenbrechen	neg 1.0		__DUMMY__ 0.9026679477201748 neg 0.05106950833803023 off 0.046262543941795006	false	1.0
ausbeute	neg 1.0		__DUMMY__ 0.9046417150379534 neg 0.05058228982501809 off 0.044775995137028415	false	1.0
hinterhalt	neg 1.0		__DUMMY__ 0.9012156886010902 neg 0.050491948664683914 off 0.04829236273422588	false	1.0
kritik	neg 1.0		__DUMMY__ 0.8959081973537494 neg 0.05674480790403649 off 0.047346994742214175	false	1.0
einschrumpfen	neg 1.0		__DUMMY__ 0.8958627645522236 neg 0.053106285206787084 off 0.051030950240989394	false	1.0
riskant	neg 1.0		__DUMMY__ 0.9018148647350896 neg 0.05363823979216265 off 0.04454689547274782	false	1.0
frustrieren	neg 1.0		__DUMMY__ 0.9014217659123334 neg 0.05402226173205 off 0.04455597235561664	false	1.0
groll	neg 1.0		__DUMMY__ 0.9001406880737083 neg 0.054031500555021796 off 0.045827811371269934	false	1.0
gibt			__DUMMY__ 0.9012373340764657 neg 0.0526808598067321 off 0.04608180611680232	false	0.0
qualvoll	neg 1.0		__DUMMY__ 0.9019292136975224 off 0.04904998517235836 neg 0.04902080113011915	false	0.5
wackeln	neg 1.0		__DUMMY__ 0.9039360560769432 neg 0.04842233157075732 off 0.04764161235229959	false	1.0
klagen	neg 1.0		__DUMMY__ 0.9003006634698612 neg 0.05633095680764134 off 0.04336837972249744	false	1.0
bankrott	neg 1.0		__DUMMY__ 0.9002939722952209 off 0.05103770824540759 neg 0.04866831945937144	false	0.5
trauern	neg 1.0		__DUMMY__ 0.902261792860795 neg 0.05305870889356402 off 0.044679498245641	false	1.0
ablehnung	neg 1.0	neg 1.0	neg 0.512734342194404 __DUMMY__ 0.4514999244402605 off 0.035765733365335485	false	1.0
stur	neg 1.0		__DUMMY__ 0.8997088354757709 neg 0.0517945950932325 off 0.04849656943099657	false	1.0
aufruhr	neg 1.0		__DUMMY__ 0.8971446348309251 neg 0.0543886854328689 off 0.048466679736205956	false	1.0
melancholie	neg 1.0		__DUMMY__ 0.9055560868322599 neg 0.04937895104574581 off 0.04506496212199433	false	1.0
ist			__DUMMY__ 0.8998289163897907 neg 0.05157272871865975 off 0.048598354891549546	false	0.0
torheit	neg 1.0		__DUMMY__ 0.8949500237013204 neg 0.05592062658207904 off 0.04912934971660045	false	1.0
dreckskind	off 1.0		__DUMMY__ 0.892254959894327 off 0.056529795726142425 neg 0.051215244379530636	false	1.0
umtauschen	neg 1.0		__DUMMY__ 0.9034909324970883 neg 0.04993801272648359 off 0.046571054776428054	false	1.0
zum			__DUMMY__ 0.9082691038608834 neg 0.05091636781360085 off 0.040814528325515756	false	0.0
zersetzen	neg 1.0		__DUMMY__ 0.9013259038744751 neg 0.05472826495139777 off 0.043945831174127134	false	1.0
zur			__DUMMY__ 0.9028007658649889 neg 0.0559517579899097 off 0.04124747614510135	false	0.0
frust	neg 1.0		__DUMMY__ 0.901795130153141 neg 0.052067004614151514 off 0.04613786523270741	false	1.0
unerbittlichkeit	neg 1.0		__DUMMY__ 0.9010995240156617 neg 0.05417799953088327 off 0.04472247645345494	false	1.0
zwei			__DUMMY__ 0.9065686259417035 neg 0.05115203427954021 off 0.042279339778756225	false	0.0
unkorrekt	neg 1.0		__DUMMY__ 0.8944458359013193 off 0.05279770785603496 neg 0.052756456242645806	false	0.5
hexe	off 1.0		__DUMMY__ 0.8999773565600035 off 0.051139854231264 neg 0.048882789208732465	false	1.0
lasch	neg 1.0		__DUMMY__ 0.8977140153986735 neg 0.0520426267606881 off 0.050243357840638395	false	1.0
rivale	neg 1.0		__DUMMY__ 0.8958718374122964 off 0.05473409999619553 neg 0.04939406259150808	false	0.5
mutlos	off 1.0	off 1.0	off 0.5045063168087797 __DUMMY__ 0.4535684447514738 neg 0.041925238439746666	false	1.0
wirr	off 1.0		__DUMMY__ 0.8953793391328249 off 0.053930403055135544 neg 0.05069025781203965	false	1.0
jahr			__DUMMY__ 0.9053005135099911 neg 0.05061838302806374 off 0.044081103461945194	false	0.0
wird			__DUMMY__ 0.901651373386757 neg 0.05342191071008723 off 0.044926715903155695	false	0.0
strafbar	neg 1.0		__DUMMY__ 0.8980955872531531 neg 0.05682962212526312 off 0.045074790621583795	false	1.0
erosion	neg 1.0		__DUMMY__ 0.9022206369307911 neg 0.04920436391868419 off 0.04857499915052462	false	1.0
eingehen	neg 1.0		__DUMMY__ 0.9001158196797842 neg 0.05446725960652751 off 0.045416920713688386	false	1.0
faul	off 1.0		__DUMMY__ 0.9019344556668752 off 0.05029823097214931 neg 0.04776731336097544	false	1.0
provisorium	neg 1.0		__DUMMY__ 0.9081551652801848 neg 0.053646867674775146 off 0.038197967045040034	false	1.0
schmerzen	neg 1.0		__DUMMY__ 0.903332374654163 neg 0.05068840763283379 off 0.04597921771300319	false	1.0
schrumpfen	neg 1.0		__DUMMY__ 0.9045832661177599 neg 0.054489907139631706 off 0.040926826742608384	false	1.0
geistlos	off 1.0		__DUMMY__ 0.8942770367533899 neg 0.05530238188160326 off 0.050420581365006836	false	0.5
fehlkauf	neg 1.0		__DUMMY__ 0.8983959436166218 neg 0.051639121240683865 off 0.049964935142694344	false	1.0
frustrierend	neg 1.0		__DUMMY__ 0.9000065393448198 off 0.05010012086299737 neg 0.04989333979218279	false	0.5
unzufrieden	neg 1.0		__DUMMY__ 0.9005359850570184 neg 0.05381840592228215 off 0.04564560902069943	false	1.0
verzweifeln	neg 1.0		__DUMMY__ 0.9018474475444525 neg 0.05125388944041174 off 0.04689866301513579	false	1.0
verzweifelt	neg 1.0		__DUMMY__ 0.8998455992315993 neg 0.05178575728155437 off 0.048368643486846205	false	1.0
misstrauensantrag	neg 1.0		__DUMMY__ 0.8965026009038879 neg 0.05369130049074219 off 0.04980609860536995	false	1.0
abfallen	neg 1.0		__DUMMY__ 0.9053235663920804 off 0.04754325271665528 neg 0.04713318089126426	false	0.5
fucker	off 1.0		__DUMMY__ 0.8960167121933715 off 0.05399190099903197 neg 0.04999138680759646	false	1.0
ungezogen	neg 1.0		__DUMMY__ 0.8956177450785621 off 0.058226298930550736 neg 0.04615595599088721	false	0.5
irrsinnig	neg 1.0	neg 1.0	neg 0.5104003970419021 __DUMMY__ 0.4531339576090727 off 0.03646564534902515	false	1.0
unfassbar	neg 1.0		__DUMMY__ 0.8991422371458084 off 0.051369025503303946 neg 0.04948873735088769	false	0.5
hart	neg 1.0		__DUMMY__ 0.8981335987545656 off 0.05136674437603537 neg 0.05049965686939906	false	0.5
widerlich	off 1.0		__DUMMY__ 0.8970216709465523 off 0.05217816314033496 neg 0.05080016591311273	false	1.0
fatal	neg 1.0		__DUMMY__ 0.8987968045626737 neg 0.051297945504357956 off 0.04990524993296827	false	1.0
bruch	neg 1.0		__DUMMY__ 0.8992190721686208 neg 0.05769324356337235 off 0.043087684268006715	false	1.0
aushungern	neg 1.0		__DUMMY__ 0.8967091540987727 neg 0.054811131702526515 off 0.048479714198700875	false	1.0
anspannung	neg 1.0		__DUMMY__ 0.9063633299606553 neg 0.051737458264648914 off 0.041899211774695834	false	1.0
von			__DUMMY__ 0.9042015121770594 neg 0.052470211056209894 off 0.043328276766730824	false	0.0
kraftlos	neg 1.0		__DUMMY__ 0.9058922339507296 neg 0.049189322512227046 off 0.044918443537043364	false	1.0
vom			__DUMMY__ 0.9078181042585733 neg 0.05322236941400304 off 0.0389595263274236	false	0.0
grenzdebil	off 1.0		__DUMMY__ 0.8992926887685249 off 0.05215888455621249 neg 0.04854842667526263	false	1.0
vor			__DUMMY__ 0.9041694915285939 neg 0.05304014755778098 off 0.042790360913625126	false	0.0
unterwerfen	neg 1.0		__DUMMY__ 0.9006801152181095 neg 0.054182615697449095 off 0.045137269084441316	false	1.0
versenkung	neg 1.0		__DUMMY__ 0.9011339550127824 neg 0.05415620667807743 off 0.044709838309140236	false	1.0
entziehen	neg 1.0		__DUMMY__ 0.901374339832813 neg 0.05567013119384629 off 0.04295552897334066	false	1.0
finanzkrise	neg 1.0		__DUMMY__ 0.8966212565001412 neg 0.05553529269946789 off 0.04784345080039091	false	1.0
schimpfend	neg 1.0		__DUMMY__ 0.906474784402822 off 0.04797558631886319 neg 0.04554962927831482	false	0.5
profan	neg 1.0		__DUMMY__ 0.9002348132082598 neg 0.05073354593594405 off 0.04903164085579611	false	1.0
korruption	neg 1.0		__DUMMY__ 0.8966779542072384 neg 0.056810261894844435 off 0.04651178389791724	false	1.0
â			__DUMMY__ 0.9026678133877979 neg 0.05175481388306854 off 0.045577372729133606	false	0.0
schmutzig	neg 1.0		__DUMMY__ 0.9019221105386095 off 0.05158217105751362 neg 0.04649571840387694	false	0.5
sexy	neg 1.0		__DUMMY__ 0.8995693246974992 off 0.050845586025746785 neg 0.04958508927675413	false	0.5
abraten	neg 1.0		__DUMMY__ 0.9013212697158096 neg 0.05048569292159738 off 0.04819303736259306	false	1.0
schwarz	neg 1.0		__DUMMY__ 0.8991564163663734 neg 0.05170524364396074 off 0.04913833998966582	false	1.0
fotze	off 1.0		__DUMMY__ 0.8992779674753406 neg 0.054154682105898924 off 0.04656735041876053	false	0.5
verwirren	neg 1.0		__DUMMY__ 0.8996657031782056 neg 0.050579104401741216 off 0.04975519242005317	false	1.0
zahnlos	off 1.0		__DUMMY__ 0.8985754303586084 neg 0.055443597428493724 off 0.04598097221289784	false	0.5
verheeren	neg 1.0		__DUMMY__ 0.8927230820052038 off 0.06038388278492858 neg 0.04689303520986763	false	0.5
hippie	neg 1.0		__DUMMY__ 0.8991920510643935 off 0.05074904103390079 neg 0.05005890790170577	false	0.5
rammen	neg 1.0		__DUMMY__ 0.9002336094312189 neg 0.05043345462805937 off 0.049332935940721676	false	1.0
unlauter	neg 1.0	neg 1.0	neg 0.5107348995281784 __DUMMY__ 0.45156569140856695 off 0.0376994090632546	false	1.0
unheilvoll	neg 1.0		__DUMMY__ 0.9018045768600337 neg 0.049577454693615096 off 0.048617968446351266	false	1.0
niedrig	neg 1.0		__DUMMY__ 0.900212838346564 neg 0.05449297053998028 off 0.0452941911134558	false	1.0
explosion	neg 1.0		__DUMMY__ 0.9005431079749606 off 0.05016464633158208 neg 0.049292245693457436	false	0.5
weichei	off 1.0		__DUMMY__ 0.8956737755925446 off 0.05609479013299896 neg 0.04823143427445641	false	1.0
minusmensch	off 1.0		__DUMMY__ 0.8893019269240909 off 0.06038547892835102 neg 0.05031259414755808	false	1.0
farblos	neg 1.0		__DUMMY__ 0.9014010845661388 neg 0.05064260687809939 off 0.04795630855576189	false	1.0
unwissend	neg 1.0		__DUMMY__ 0.8976452143242155 off 0.0514448463125717 neg 0.05090993936321278	false	0.5
traurig	neg 1.0		__DUMMY__ 0.8992405416340584 off 0.053484510314569925 neg 0.04727494805137157	false	0.5
senkung	neg 1.0		__DUMMY__ 0.8991420214874675 neg 0.05080966505635412 off 0.050048313456178405	false	1.0
ungleich	neg 1.0	neg 1.0	neg 0.5122190108392743 __DUMMY__ 0.4537397211716744 off 0.03404126798905135	false	1.0
heikel	neg 1.0		__DUMMY__ 0.9012592004125207 neg 0.05492609045979626 off 0.04381470912768305	false	1.0
drosselung	neg 1.0		__DUMMY__ 0.8993346315217584 off 0.053587366723335486 neg 0.04707800175490608	false	0.5
falsch	neg 1.0		__DUMMY__ 0.899110413483844 off 0.05050768125712232 neg 0.050381905259033695	false	0.5
unzufriedenheit	neg 1.0		__DUMMY__ 0.9014021927634472 neg 0.05477137333934487 off 0.0438264338972079	false	1.0
kurz	neg 1.0		__DUMMY__ 0.904506816770449 neg 0.049743279210162056 off 0.04574990401938897	false	1.0
unsinnig	neg 1.0		__DUMMY__ 0.8997266686385509 neg 0.0542911163229321 off 0.04598221503851691	false	1.0
penner	off 1.0	off 1.0	off 0.5136763462949959 __DUMMY__ 0.45086589275219763 neg 0.035457760952806505	false	1.0
seicht	neg 1.0		__DUMMY__ 0.8926372926212456 off 0.05847471423346589 neg 0.04888799314528857	false	0.5
dummheit	off 1.0	off 1.0	off 0.5077144939725866 __DUMMY__ 0.45241431595924453 neg 0.03987119006816881	false	1.0
unerfreulich	neg 1.0		__DUMMY__ 0.9026326732334738 neg 0.05414871984400103 off 0.04321860692252509	false	1.0
motherfucker	off 1.0	off 1.0	off 0.5110145471707754 __DUMMY__ 0.4512806144274559 neg 0.03770483840176882	false	1.0
pikiert	neg 1.0		__DUMMY__ 0.8978655055413002 off 0.05114963601465681 neg 0.050984858444043046	false	0.5
wrack	neg 1.0		__DUMMY__ 0.9018673054162741 neg 0.05267974875012815 off 0.0454529458335977	false	1.0
gangster	neg 1.0		__DUMMY__ 0.8994725894144849 neg 0.05049129883378655 off 0.050036111751728556	false	1.0
krank	neg 1.0		__DUMMY__ 0.9010712572528624 off 0.05179810056404846 neg 0.04713064218308912	false	0.5
reich	neg 1.0		__DUMMY__ 0.8930805724264698 neg 0.05461716307280079 off 0.0523022645007295	false	1.0
gnadenlos	neg 1.0		__DUMMY__ 0.8995396348635939 neg 0.05214419123566722 off 0.04831617390073881	false	1.0
niedergeschlagen	neg 1.0		__DUMMY__ 0.9026832575048244 neg 0.05116627550189082 off 0.04615046699328473	false	1.0
terrorisieren	off 1.0	off 1.0	off 0.5040956838592093 __DUMMY__ 0.4553474678500408 neg 0.0405568482907499	false	1.0
sinnlosigkeit	neg 1.0		__DUMMY__ 0.8995488114685156 neg 0.05449590087166605 off 0.045955287659818315	false	1.0
behindern	neg 1.0		__DUMMY__ 0.902564181054585 neg 0.05024928154631134 off 0.04718653739910355	false	1.0
undemokratisch	neg 1.0		__DUMMY__ 0.8955228185476272 neg 0.05511240882687855 off 0.04936477262549435	false	1.0
wirtschaftskrise	neg 1.0		__DUMMY__ 0.8986939757354029 neg 0.054990715651158796 off 0.046315308613438376	false	1.0
neid	neg 1.0		__DUMMY__ 0.902562492309071 off 0.04984361798074626 neg 0.04759388971018265	false	0.5
rutschen	neg 1.0		__DUMMY__ 0.9100961393577459 neg 0.04902715120567392 off 0.040876709436580075	false	1.0
rezession	neg 1.0		__DUMMY__ 0.8937399899656758 off 0.055561047264602495 neg 0.05069896276972166	false	0.5
fehlgeburt	neg 1.0		__DUMMY__ 0.9020136382665895 neg 0.050281756739579506 off 0.04770460499383086	false	1.0
charakterschwach	off 1.0		__DUMMY__ 0.8971697176890497 off 0.05211244344954364 neg 0.050717838861406614	false	1.0
isolation	neg 1.0		__DUMMY__ 0.8988003701866235 off 0.051534010162290235 neg 0.04966561965108626	false	0.5
ablenkung	neg 1.0		__DUMMY__ 0.9019853909228285 neg 0.05047703222093997 off 0.04753757685623155	false	1.0
pech	neg 1.0		__DUMMY__ 0.9007111746798676 neg 0.04991675318676613 off 0.04937207213336629	false	1.0
vermeidung	neg 1.0		__DUMMY__ 0.900639217902341 off 0.052619784238008324 neg 0.04674099785965073	false	0.5
dominieren	neg 1.0		__DUMMY__ 0.8991361418971506 neg 0.054314261681796684 off 0.046549596421052754	false	1.0
schwindlig	neg 1.0		__DUMMY__ 0.9027994710972139 off 0.049009037947273876 neg 0.048191490955512256	false	0.5
lutscher	neg 1.0		__DUMMY__ 0.8929326954125408 off 0.05881178484274301 neg 0.04825551974471615	false	0.5
pflicht	neg 1.0		__DUMMY__ 0.9009900302822151 neg 0.0551600597426081 off 0.04384990997517674	false	1.0
faschist	off 1.0		__DUMMY__ 0.8958619757504476 neg 0.054001693073638675 off 0.050136331175913706	false	0.5
verschleudern	neg 1.0		__DUMMY__ 0.898223200529636 neg 0.05601289834918258 off 0.045763901121181366	false	1.0
wenn			__DUMMY__ 0.8991398206470133 off 0.05047963731527429 neg 0.05038054203771245	false	0.0
ehebruch	neg 1.0		__DUMMY__ 0.8997756313832925 neg 0.054678426270701234 off 0.04554594234600615	false	1.0
spott	off 1.0		__DUMMY__ 0.900103608376073 neg 0.05485325893885424 off 0.04504313268507287	false	0.5
trostlosigkeit	neg 1.0		__DUMMY__ 0.8982050116135795 neg 0.057666001206908464 off 0.044128987179512004	false	1.0
lutschen	neg 1.0		__DUMMY__ 0.8966805708909836 neg 0.051991773938072874 off 0.051327655170943426	false	1.0
undiszipliniert	neg 1.0		__DUMMY__ 0.8983861700155304 off 0.052984769256750434 neg 0.04862906072771898	false	0.5
kopfschmerz	neg 1.0		__DUMMY__ 0.9025432824457513 neg 0.050823027377539 off 0.046633690176709715	false	1.0
unvorhergesehen	neg 1.0		__DUMMY__ 0.9055532710391 neg 0.04905138505083908 off 0.04539534391006088	false	1.0
desinteressiert	neg 1.0		__DUMMY__ 0.8972269635094828 off 0.0529533130156255 neg 0.04981972347489166	false	0.5
armselig	off 1.0		__DUMMY__ 0.8960444878754342 off 0.053900881192151716 neg 0.050054630932414156	false	1.0
desaster	neg 1.0		__DUMMY__ 0.8986484575450645 neg 0.05851709016977439 off 0.04283445228516114	false	1.0
tod	neg 1.0		__DUMMY__ 0.8996039782802537 neg 0.055423555771592935 off 0.0449724659481533	false	1.0
herzlos	neg 1.0		__DUMMY__ 0.8988195257531452 off 0.05413219500326945 neg 0.04704827924358543	false	0.5
unwissenheit	neg 1.0		__DUMMY__ 0.8994341187809073 neg 0.05453523440408067 off 0.046030646815012066	false	1.0
widersinnig	neg 1.0		__DUMMY__ 0.8951027774261976 neg 0.057639240448745147 off 0.04725798212505734	false	1.0
bedenklich	neg 1.0		__DUMMY__ 0.9007499115822363 neg 0.054599542050657604 off 0.044650546367106095	false	1.0
beanstanden	neg 1.0		__DUMMY__ 0.9009675898311712 neg 0.055570047352905175 off 0.04346236281592358	false	1.0
panisch	neg 1.0	neg 1.0	neg 0.5053664956110199 __DUMMY__ 0.4579477187915506 off 0.03668578559742953	false	1.0
debil	off 1.0		__DUMMY__ 0.9039500390269299 neg 0.05512543641673577 off 0.04092452455633434	false	0.5
abstrich	neg 1.0		__DUMMY__ 0.9060167900691548 neg 0.04733492252652049 off 0.046648287404324765	false	1.0
primitiv	neg 1.0		__DUMMY__ 0.8966377702884711 off 0.05266767974990789 neg 0.05069454996162095	false	0.5
abschaum	off 1.0	off 1.0	off 0.5092545683823164 __DUMMY__ 0.451598594944882 neg 0.03914683667280157	false	1.0
provozieren	neg 1.0		__DUMMY__ 0.8984770706501463 neg 0.053559437170108894 off 0.04796349217974492	false	1.0
tot	neg 1.0		__DUMMY__ 0.9005630501659332 neg 0.05295615398918066 off 0.0464807958448862	false	1.0
instabil	neg 1.0		__DUMMY__ 0.8935635757085123 off 0.054752515725570106 neg 0.05168390856591769	false	0.5
schwuchtel	off 1.0		__DUMMY__ 0.8885854791079373 off 0.06342527655726353 neg 0.04798924433479917	false	1.0
zerren	neg 1.0		__DUMMY__ 0.902116942790079 neg 0.05171202647333804 off 0.04617103073658291	false	1.0
kinderficker	off 1.0		__DUMMY__ 0.8943429665427576 off 0.055757393826437844 neg 0.04989963963080451	false	1.0
gefahr	neg 1.0		__DUMMY__ 0.8993205731654834 neg 0.05538391557096836 off 0.0452955112635482	false	1.0
rabiat	neg 1.0		__DUMMY__ 0.9002226909740869 neg 0.05219808653267768 off 0.047579222493235346	false	1.0
verlangsamung	neg 1.0		__DUMMY__ 0.8935281697317276 off 0.05816674914759756 neg 0.0483050811206749	false	0.5
ausgestorben	neg 1.0		__DUMMY__ 0.901405936489679 neg 0.05236342681273006 off 0.04623063669759094	false	1.0
anklagen	neg 1.0		__DUMMY__ 0.8992884606872316 neg 0.05317087091601955 off 0.04754066839674881	false	1.0
trott	neg 1.0		__DUMMY__ 0.9017246427856777 neg 0.05088674311577355 off 0.04738861409854889	false	1.0
verminderung	neg 1.0		__DUMMY__ 0.897603173754798 off 0.05340961538311745 neg 0.04898721086208454	false	0.5
nach			__DUMMY__ 0.9082671996729453 neg 0.05074117681946105 off 0.040991623507593625	false	0.0
rost	neg 1.0		__DUMMY__ 0.8949677146506764 off 0.05814578767931074 neg 0.04688649767001289	false	0.5
destruktiv	neg 1.0		__DUMMY__ 0.8981600145721739 neg 0.05472473191023611 off 0.04711525351759003	false	1.0
unzumutbarkeit	neg 1.0		__DUMMY__ 0.8995379364003774 off 0.05276910370880864 neg 0.04769295989081403	false	0.5
labil	off 1.0	off 1.0	off 0.5098458410898334 __DUMMY__ 0.4516682853256856 neg 0.03848587358448082	false	1.0
ziemlich	neg 1.0		__DUMMY__ 0.8990076265341677 off 0.05178186274083935 neg 0.04921051072499307	false	0.5
lachnummer	off 1.0		__DUMMY__ 0.8979256338983747 neg 0.05486713872401505 off 0.04720722737761028	false	0.5
oder			__DUMMY__ 0.9024006273429447 neg 0.050529099363205814 off 0.047070273293849496	false	0.0
verfall	neg 1.0		__DUMMY__ 0.9028191365314595 neg 0.056151273544298004 off 0.04102958992424239	false	1.0
ausgrenzung	neg 1.0		__DUMMY__ 0.8960702759660044 neg 0.054042357489893326 off 0.049887366544102245	false	1.0
unordnung	neg 1.0		__DUMMY__ 0.8943090939353462 off 0.05504595589528507 neg 0.050644950169368715	false	0.5
fehlverhalten	neg 1.0		__DUMMY__ 0.8992924138660829 neg 0.05585340322785966 off 0.04485418290605742	false	1.0
eine			__DUMMY__ 0.9037606222501171 neg 0.053212858757651985 off 0.0430265189922309	false	0.0
nille	neg 1.0		__DUMMY__ 0.8973811025110374 neg 0.054594260446504346 off 0.0480246370424583	false	1.0
qual	neg 1.0		__DUMMY__ 0.9013608293096799 neg 0.05125915577467548 off 0.04738001491564475	false	1.0
verschwenden	neg 1.0		__DUMMY__ 0.9018352942708672 neg 0.05354824308089226 off 0.04461646264824051	false	1.0
riesig	neg 1.0		__DUMMY__ 0.903504667625472 neg 0.04984018192733847 off 0.04665515044718948	false	1.0
verurteilen	neg 1.0		__DUMMY__ 0.898885892698861 neg 0.05482106436237138 off 0.046293042938767556	false	1.0
klischee	neg 1.0	neg 1.0	neg 0.5103433800268468 __DUMMY__ 0.45148215539820435 off 0.03817446457494902	false	1.0
diktatorisch	neg 1.0		__DUMMY__ 0.8944115331922986 neg 0.05616468743354491 off 0.04942377937415659	false	1.0
vorhersehbar	neg 1.0		__DUMMY__ 0.8973253471378241 neg 0.05326627154838866 off 0.04940838131378722	false	1.0
sowie			__DUMMY__ 0.8933962303062121 off 0.05695155539996838 neg 0.04965221429381963	false	0.0
stornieren	neg 1.0		__DUMMY__ 0.903213135423284 off 0.04935275923464609 neg 0.047434105342069925	false	0.5
besteuerung	neg 1.0		__DUMMY__ 0.899497137214575 neg 0.051890483368599846 off 0.048612379416825065	false	1.0
ungeschminkt	neg 1.0		__DUMMY__ 0.8991419258682907 off 0.05198967232332041 neg 0.04886840180838885	false	0.5
kritisch	neg 1.0		__DUMMY__ 0.8994156896178285 neg 0.05552401577221437 off 0.04506029460995705	false	1.0
schlamperei	off 1.0		__DUMMY__ 0.8985183034869492 neg 0.05593936373621493 off 0.04554233277683598	false	0.5
sucht	neg 1.0	neg 1.0	neg 0.5044575950760856 __DUMMY__ 0.4583337407117295 off 0.03720866421218497	false	1.0
egoistisch	off 1.0		__DUMMY__ 0.8960403430765749 off 0.056130147002329 neg 0.04782950992109601	false	1.0
ausbeuter	off 1.0		__DUMMY__ 0.8992088098862818 neg 0.056172254165297524 off 0.04461893594842066	false	0.5
arschgeburt	off 1.0		__DUMMY__ 0.888569057485485 off 0.063383696463807 neg 0.04804724605070795	false	1.0
schubs	neg 1.0	neg 1.0	neg 0.5081227478706579 __DUMMY__ 0.45793109562533935 off 0.03394615650400271	false	1.0
unsolide	neg 1.0		__DUMMY__ 0.889595975430938 neg 0.05827220366870583 off 0.05213182090035613	false	1.0
beschwerde	neg 1.0		__DUMMY__ 0.8985320981072689 neg 0.05536607723666299 off 0.0461018246560681	false	1.0
stocken	neg 1.0		__DUMMY__ 0.9018647675248352 neg 0.052628793496786855 off 0.04550643897837785	false	1.0
isolieren	neg 1.0		__DUMMY__ 0.9038164520943568 neg 0.049187956306422025 off 0.04699559159922113	false	1.0
unheilbar	neg 1.0		__DUMMY__ 0.9014733309031386 neg 0.050267674180439086 off 0.048258994916422306	false	1.0
pisser	off 1.0		__DUMMY__ 0.895221073594221 off 0.054682808780756174 neg 0.05009611762502281	false	1.0
löschen	neg 1.0		__DUMMY__ 0.8995499295207724 neg 0.05187778979928387 off 0.04857228067994377	false	1.0
durchfallen	neg 1.0		__DUMMY__ 0.9004218645684832 neg 0.05454448270679226 off 0.045033652724724614	false	1.0
wichser	off 1.0		__DUMMY__ 0.8931555595789583 off 0.059867688326819796 neg 0.04697675209422201	false	1.0
terror	neg 1.0		__DUMMY__ 0.9008602994202086 off 0.050281840746184 neg 0.048857859833607326	false	0.5
krass	neg 1.0		__DUMMY__ 0.8976568287524528 off 0.05415542616552568 neg 0.04818774508202158	false	0.5
revolte	neg 1.0	neg 1.0	neg 0.5124964639328751 __DUMMY__ 0.4488385843972545 off 0.038664951669870384	false	1.0
besorgt	neg 1.0		__DUMMY__ 0.9046190097998781 neg 0.04946543813878912 off 0.0459155520613328	false	1.0
nachlassen	neg 1.0		__DUMMY__ 0.9042469589086478 neg 0.050017199614778546 off 0.04573584147657363	false	1.0
alt	neg 1.0		__DUMMY__ 0.9045849041626403 neg 0.05183610346312759 off 0.04357899237423217	false	1.0
hundesohn	off 1.0		__DUMMY__ 0.8908660914639354 off 0.059630267378573784 neg 0.04950364115749083	false	1.0
als			__DUMMY__ 0.9024291892404795 neg 0.052061766639228894 off 0.045509044120291595	false	0.0
abschreckung	neg 1.0		__DUMMY__ 0.9004915205522855 neg 0.05573367009458856 off 0.04377480935312582	false	1.0
unqualifiziert	neg 1.0		__DUMMY__ 0.8974153932229243 neg 0.052909439253824936 off 0.049675167523250865	false	1.0
abgewichst	off 1.0		__DUMMY__ 0.9002260346949941 neg 0.052791539894351674 off 0.04698242541065425	false	0.5
schwer	neg 1.0		__DUMMY__ 0.901529553352823 neg 0.05146934850879283 off 0.0470010981383841	false	1.0
bedeutungslosigkeit	neg 1.0		__DUMMY__ 0.8995488806271602 neg 0.05613869353815764 off 0.04431242583468222	false	1.0
kapitulation	neg 1.0		__DUMMY__ 0.8961666202414968 neg 0.05758383536978272 off 0.04624954438872043	false	1.0
unscharf	neg 1.0		__DUMMY__ 0.9006526682243339 neg 0.04997074286256065 off 0.04937658891310543	false	1.0
schwinden	neg 1.0		__DUMMY__ 0.9032140747634114 neg 0.052415178393705804 off 0.04437074684288277	false	1.0
versklavung	neg 1.0		__DUMMY__ 0.8956700283936033 neg 0.05520276862972492 off 0.049127202976671704	false	1.0
schlecht	neg 1.0		__DUMMY__ 0.899387751529109 off 0.05208822908164316 neg 0.04852401938924785	false	0.5
verhasst	neg 1.0		__DUMMY__ 0.8978720576294426 neg 0.05409148067201838 off 0.04803646169853907	false	1.0
beschweren	neg 1.0		__DUMMY__ 0.900664298851467 neg 0.05063934607458592 off 0.04869635507394706	false	1.0
scheiden	neg 1.0		__DUMMY__ 0.9014433579258146 neg 0.05196081052229197 off 0.04659583155189333	false	1.0
frustriert	neg 1.0		__DUMMY__ 0.9011016047386157 neg 0.05253924557439101 off 0.04635914968699334	false	1.0
schimmelig	neg 1.0		__DUMMY__ 0.901626740548159 neg 0.05393449618085879 off 0.04443876327098235	false	1.0
fisch	neg 1.0		__DUMMY__ 0.9022207849343068 neg 0.05305841131811251 off 0.04472080374758072	false	1.0
schmuggel	neg 1.0		__DUMMY__ 0.9051243496203767 neg 0.05115199587992109 off 0.04372365449970229	false	1.0
auffallen	neg 1.0		__DUMMY__ 0.8998982988198705 neg 0.05103598181648053 off 0.04906571936364892	false	1.0
konkurrenz	neg 1.0		__DUMMY__ 0.9024337702747961 neg 0.05427896284669163 off 0.043287266878512316	false	1.0
teufelskreis	neg 1.0		__DUMMY__ 0.9003198550778478 neg 0.05298839853325666 off 0.046691746388895575	false	1.0
aufschreien	neg 1.0		__DUMMY__ 0.8980827304043569 neg 0.052685743898633855 off 0.04923152569700912	false	1.0
schuldner	neg 1.0		__DUMMY__ 0.8996263037823689 neg 0.05533791937439132 off 0.045035776843239915	false	1.0
missgeburt	off 1.0	off 1.0	off 0.5131782056392887 __DUMMY__ 0.44861729049151716 neg 0.03820450386919409	false	1.0
arbeitslos	neg 1.0		__DUMMY__ 0.8993165090109101 neg 0.054720361347172834 off 0.045963129641917025	false	1.0
befallen	neg 1.0		__DUMMY__ 0.8987742984795027 neg 0.05494165491018745 off 0.04628404661030982	false	1.0
miesepetrig	off 1.0		__DUMMY__ 0.9016270519378602 off 0.051490535869320654 neg 0.046882412192819085	false	1.0
alarmieren	neg 1.0		__DUMMY__ 0.8966891502811651 off 0.05187036134183208 neg 0.05144048837700286	false	0.5
ungeduscht	off 1.0		__DUMMY__ 0.9005157945636095 neg 0.050106417447460395 off 0.049377787988930145	false	0.5
knappheit	neg 1.0		__DUMMY__ 0.8999185708263229 neg 0.05395043290277485 off 0.046130996270902315	false	1.0
schlange	neg 1.0		__DUMMY__ 0.9025062159536537 neg 0.04922077136272149 off 0.04827301268362482	false	1.0
harsch	neg 1.0		__DUMMY__ 0.8987814079029713 off 0.056775376921395934 neg 0.04444321517563272	false	0.5
lang	neg 1.0		__DUMMY__ 0.9007451072756759 neg 0.05067791071178421 off 0.04857698201253993	false	1.0
ziellos	neg 1.0		__DUMMY__ 0.9019240380707573 neg 0.05282964917315634 off 0.04524631275608645	false	1.0
selbstverliebt	neg 1.0		__DUMMY__ 0.8895743016701465 off 0.06107851157839695 neg 0.049347186751456634	false	0.5
beseitigen	neg 1.0		__DUMMY__ 0.9016310028648528 neg 0.050201411104242366 off 0.04816758603090489	false	1.0
dumm	off 1.0		__DUMMY__ 0.8949161725361876 off 0.05674202214903576 neg 0.0483418053147767	false	1.0
arbeitsloser	neg 1.0		__DUMMY__ 0.8998292216048114 neg 0.05486608143783093 off 0.045304696957357636	false	1.0
blitzen	neg 1.0		__DUMMY__ 0.8994199564650419 off 0.05066868253198955 neg 0.04991136100296854	false	0.5
hilflos	neg 1.0		__DUMMY__ 0.9015584306155073 neg 0.05246528522653656 off 0.04597628415795605	false	1.0
eklig	off 1.0		__DUMMY__ 0.8938405752407015 off 0.05741152349871245 neg 0.04874790126058609	false	1.0
begriff			__DUMMY__ 0.9004490587269 neg 0.0530994327815865 off 0.04645150849151361	false	0.0
hungersnot	neg 1.0		__DUMMY__ 0.8961334955290873 neg 0.0558917040476787 off 0.047974800423234	false	1.0
ungesetzlich	neg 1.0		__DUMMY__ 0.8938560272789815 neg 0.05565279799616237 off 0.050491174724856085	false	1.0
verschwendung	neg 1.0		__DUMMY__ 0.9019663033324138 neg 0.05403451530273754 off 0.04399918136484865	false	1.0
schmerzvoll	neg 1.0		__DUMMY__ 0.9008599225299944 neg 0.050503907906506294 off 0.0486361695634994	false	1.0
vorzeitig	neg 1.0		__DUMMY__ 0.8985088831868654 off 0.05187576082569716 neg 0.0496153559874374	false	0.5
unvollkommenheit	neg 1.0		__DUMMY__ 0.9014204657929319 neg 0.05091085597133055 off 0.04766867823573742	false	1.0
intervenieren	neg 1.0		__DUMMY__ 0.8987312788410413 neg 0.05629852814832583 off 0.044970193010632944	false	1.0
banause	off 1.0		__DUMMY__ 0.893613130648205 off 0.058608907884688276 neg 0.047777961467106646	false	1.0
rebell	neg 1.0		__DUMMY__ 0.9039515096127698 neg 0.0531557034240337 off 0.04289278696319644	false	1.0
unlogisch	neg 1.0		__DUMMY__ 0.8957678449046084 off 0.05392249120565122 neg 0.050309663889740404	false	0.5
leiden	neg 1.0	neg 1.0	neg 0.5043518977814655 __DUMMY__ 0.46327589108837 off 0.03237221113016443	false	1.0
abschaffung	neg 1.0		__DUMMY__ 0.8973064846031219 neg 0.05404433098150893 off 0.04864918441536928	false	1.0
sturz	neg 1.0		__DUMMY__ 0.8976856640813032 neg 0.05324247413412022 off 0.04907186178457654	false	1.0
verkleinerung	neg 1.0		__DUMMY__ 0.894178474290592 neg 0.054671727393973836 off 0.05114979831543415	false	1.0
schmarotzer	off 1.0		__DUMMY__ 0.8984637636764095 neg 0.055845728791052374 off 0.04569050753253814	false	0.5
bestrafung	neg 1.0		__DUMMY__ 0.8999092676217432 neg 0.05144113349534788 off 0.04864959888290898	false	1.0
achtlos	neg 1.0		__DUMMY__ 0.9022976229445762 neg 0.05080109216844559 off 0.04690128488697826	false	1.0
ungeheuer	neg 1.0		__DUMMY__ 0.8999304904429697 neg 0.050870071204436186 off 0.04919943835259421	false	1.0
unaufrichtig	neg 1.0		__DUMMY__ 0.897156423709742 neg 0.052353884335902656 off 0.05048969195435522	false	1.0
