unsolidarisch	neg 1.0		__DUMMY__ 0.46430007492778286 off 0.2717547004264327 neg 0.2639452246457844	false	0.5
nachteilig	neg 1.0		__DUMMY__ 0.4682475694218357 off 0.26781021464026067 neg 0.2639422159379036	false	0.5
skeptisch	neg 1.0		__DUMMY__ 0.4688894112289158 off 0.2673726798956016 neg 0.26373790887548265	false	0.5
schrecklich	neg 1.0		__DUMMY__ 0.46260722781432323 off 0.28396233291959405 neg 0.25343043926608283	false	0.5
schlapp	neg 1.0		__DUMMY__ 0.4650228339064977 off 0.2796591800558729 neg 0.2553179860376294	false	0.5
abfall	neg 1.0		__DUMMY__ 0.47165164655985664 neg 0.2645154517590429 off 0.2638329016811005	false	1.0
widerspenstig	neg 1.0		__DUMMY__ 0.46729129495820926 off 0.27359270681126235 neg 0.25911599823052844	false	0.5
abrupt	neg 1.0		__DUMMY__ 0.4713701648681689 off 0.2694599669921231 neg 0.25916986813970805	false	0.5
unwirksam	neg 1.0		__DUMMY__ 0.46394378800407315 off 0.27164988656577366 neg 0.26440632543015313	false	0.5
angreifen	neg 1.0		__DUMMY__ 0.46851393602717395 off 0.267131607552108 neg 0.26435445642071803	false	0.5
inkonsistent	neg 1.0		__DUMMY__ 0.46504673157259935 off 0.2735972904638817 neg 0.2613559779635189	false	0.5
abrutschen	neg 1.0		__DUMMY__ 0.4705505894554127 neg 0.2653969945231127 off 0.2640524160214746	false	1.0
unsicher	neg 1.0		__DUMMY__ 0.4680071451157688 off 0.2734298658591971 neg 0.25856298902503405	false	0.5
bauernkind	off 1.0	off 1.0	off 0.6303334030369581 __DUMMY__ 0.22096571486357525 neg 0.14870088209946672	false	1.0
angreifer	neg 1.0	neg 1.0	neg 0.6149767518674739 __DUMMY__ 0.2281847254671574 off 0.15683852266536866	false	1.0
trennen	neg 1.0		__DUMMY__ 0.4714101921051223 off 0.2679703561904668 neg 0.2606194517044108	false	0.5
schmutz	neg 1.0		__DUMMY__ 0.469868625017829 off 0.27643337053968997 neg 0.25369800444248103	false	0.5
inkonsistenz	neg 1.0		__DUMMY__ 0.46055672878164905 off 0.27766520513135295 neg 0.261778066086998	false	0.5
erschreckend	neg 1.0		__DUMMY__ 0.4664141048110391 off 0.2718919078084378 neg 0.26169398738052313	false	0.5
ertrinken	neg 1.0		__DUMMY__ 0.4696262550363598 off 0.26820947695477765 neg 0.2621642680088625	false	0.5
pickelface	off 1.0		__DUMMY__ 0.4682867213835917 off 0.2724532709092494 neg 0.25926000770715896	false	1.0
seiner			__DUMMY__ 0.4693745536335743 off 0.2679963344723477 neg 0.26262911189407795	false	0.0
lauch	neg 1.0		__DUMMY__ 0.471985659154895 off 0.2653315363258848 neg 0.2626828045192202	false	0.5
unwichtig	neg 1.0		__DUMMY__ 0.4630688697889994 off 0.2781944388940644 neg 0.25873669131693616	false	0.5
steuerhinterziehung	neg 1.0	neg 1.0	neg 0.6191757254421181 __DUMMY__ 0.22752501759158325 off 0.15329925696629862	false	1.0
schock	neg 1.0		__DUMMY__ 0.46877159494079135 off 0.27271704680790354 neg 0.2585113582513052	false	0.5
beule	neg 1.0		__DUMMY__ 0.46370566155881116 off 0.28042278192198666 neg 0.25587155651920207	false	0.5
vergelten	neg 1.0		__DUMMY__ 0.4654327898099491 off 0.283490098691904 neg 0.25107711149814693	false	0.5
verdorbenheit	neg 1.0		__DUMMY__ 0.4697167801152194 off 0.27512629400059746 neg 0.2551569258841833	false	0.5
trauma	neg 1.0		__DUMMY__ 0.4668776284723072 off 0.27438085688455727 neg 0.2587415146431355	false	0.5
sinnlos	neg 1.0		__DUMMY__ 0.4660514283983068 off 0.275773397978725 neg 0.2581751736229682	false	0.5
fettsack	off 1.0	off 1.0	off 0.6316131906919384 __DUMMY__ 0.22202513524670642 neg 0.14636167406135503	false	1.0
feige	off 1.0	off 1.0	off 0.6281282378589077 __DUMMY__ 0.22431485315228925 neg 0.14755690898880305	false	1.0
abdanken	neg 1.0		__DUMMY__ 0.4679239921569743 off 0.2726473833309852 neg 0.2594286245120406	false	0.5
wichtigtuer	off 1.0	off 1.0	off 0.6266457185131904 __DUMMY__ 0.22541242397690386 neg 0.14794185750990568	false	1.0
misslingen	neg 1.0		__DUMMY__ 0.47139680484651203 off 0.27557162525025536 neg 0.25303156990323267	false	0.5
untreu	off 1.0		__DUMMY__ 0.4639881347627708 off 0.2793057940223075 neg 0.2567060712149217	false	1.0
missmutig	neg 1.0		__DUMMY__ 0.4653157431834447 off 0.27888406527379983 neg 0.25580019154275546	false	0.5
hurenbock	off 1.0		__DUMMY__ 0.4679057177782264 off 0.2761193938517674 neg 0.25597488837000615	false	1.0
betrunken	neg 1.0		__DUMMY__ 0.4641411247558113 off 0.2815846032997336 neg 0.254274271944455	false	0.5
korrupt	off 1.0		__DUMMY__ 0.46517351345122004 off 0.269098921402898 neg 0.2657275651458821	false	1.0
unmut	neg 1.0		__DUMMY__ 0.47105066299727083 neg 0.2645591445675508 off 0.26439019243517836	false	1.0
hackfresse	off 1.0		__DUMMY__ 0.4594739981812807 off 0.2874853806105097 neg 0.2530406212082097	false	1.0
aufblasen	neg 1.0		__DUMMY__ 0.46721044149073643 off 0.275752141754751 neg 0.2570374167545127	false	0.5
gewaltsam	neg 1.0		__DUMMY__ 0.46895144255236726 off 0.2719775125164723 neg 0.2590710449311604	false	0.5
unbeliebtheit	neg 1.0		__DUMMY__ 0.4631069437943952 off 0.27704183082630374 neg 0.25985122537930105	false	0.5
sturheit	neg 1.0		__DUMMY__ 0.4666615367530662 off 0.27118926088870104 neg 0.26214920235823264	false	0.5
kuh	neg 1.0		__DUMMY__ 0.4620811805005684 off 0.27453315095691266 neg 0.26338566854251894	false	0.5
erschrecken	neg 1.0		__DUMMY__ 0.46610449110985513 off 0.2788061032826974 neg 0.2550894056074475	false	0.5
opfer	neg 1.0		__DUMMY__ 0.46877647708130976 off 0.26919761209886806 neg 0.2620259108198221	false	0.5
sinken	neg 1.0		__DUMMY__ 0.47148741632905905 off 0.2653998456161969 neg 0.26311273805474417	false	0.5
stinktier	neg 1.0		__DUMMY__ 0.4572024641245943 off 0.282726698949851 neg 0.26007083692555477	false	0.5
tucke	off 1.0		__DUMMY__ 0.45729048821149604 off 0.28808609820007947 neg 0.25462341358842455	false	1.0
ein			__DUMMY__ 0.4672509549396694 off 0.2747393686920342 neg 0.2580096763682964	false	0.0
abstieg	neg 1.0		__DUMMY__ 0.47020635907016 off 0.2684079293301304 neg 0.2613857115997095	false	0.5
missverstehen	neg 1.0		__DUMMY__ 0.4632490585878491 off 0.27569006898397164 neg 0.2610608724281792	false	0.5
ergebnislos	neg 1.0		__DUMMY__ 0.47029492068783313 off 0.26802072108704766 neg 0.26168435822511926	false	0.5
unter			__DUMMY__ 0.47562721161465876 neg 0.26450532866594545 off 0.25986745971939595	false	0.0
manipulieren	neg 1.0		__DUMMY__ 0.46953173049274605 off 0.2670827736296677 neg 0.26338549587758636	false	0.5
unbewiesen	neg 1.0		__DUMMY__ 0.46339415035993703 off 0.27131522319599033 neg 0.2652906264440726	false	0.5
verschleppen	neg 1.0		__DUMMY__ 0.4679587698163879 off 0.2692704251943509 neg 0.26277080498926114	false	0.5
weib	off 1.0		__DUMMY__ 0.45627712624651007 off 0.28711392747116 neg 0.25660894628233	false	1.0
opposition	neg 1.0		__DUMMY__ 0.46516571273279883 off 0.2744986323641654 neg 0.2603356549030359	false	0.5
verkehrswidrig	neg 1.0		__DUMMY__ 0.46611393402054807 off 0.28521129622501834 neg 0.24867476975443367	false	0.5
inkorrekt	neg 1.0		__DUMMY__ 0.4603566623476984 off 0.2820036889863466 neg 0.25763964866595496	false	0.5
vermeiden	neg 1.0	neg 1.0	neg 0.6201083980922191 __DUMMY__ 0.23053329371201034 off 0.1493583081957705	false	1.0
abweichung	neg 1.0		__DUMMY__ 0.46827561821052766 off 0.2688446319394919 neg 0.26287974984998047	false	0.5
alkoholisiert	neg 1.0		__DUMMY__ 0.4703725551830284 off 0.2685261674881988 neg 0.2611012773287728	false	0.5
scheiss	off 1.0	off 1.0	off 0.6287979519162062 __DUMMY__ 0.22498114218846846 neg 0.14622090589532527	false	1.0
herausforderung	neg 1.0		__DUMMY__ 0.46940148698694645 off 0.26746143293091235 neg 0.2631370800821413	false	0.5
pervers	off 1.0		__DUMMY__ 0.4571868144418692 off 0.29113656716203057 neg 0.2516766183961001	false	1.0
wackelig	neg 1.0		__DUMMY__ 0.47097151864099646 off 0.2721404534959958 neg 0.2568880278630078	false	0.5
verwickeln	neg 1.0		__DUMMY__ 0.46354873526570267 off 0.27507145447627984 neg 0.2613798102580175	false	0.5
vorwand	neg 1.0		__DUMMY__ 0.46876174212159055 off 0.2666072395762809 neg 0.26463101830212843	false	0.5
muschi	off 1.0		__DUMMY__ 0.46822448088965224 off 0.2726200696882289 neg 0.2591554494221188	false	1.0
entmutigung	neg 1.0		__DUMMY__ 0.46637445341325806 off 0.274505843982551 neg 0.2591197026041908	false	0.5
unangemessen	neg 1.0		__DUMMY__ 0.4653863040865951 off 0.2703230759096021 neg 0.26429062000380277	false	0.5
unstetig	neg 1.0		__DUMMY__ 0.4664653788586332 off 0.27655720598233274 neg 0.256977415159034	false	0.5
entmutigen	neg 1.0		__DUMMY__ 0.46640344924539306 off 0.2741784916823382 neg 0.2594180590722688	false	0.5
schwanz	neg 1.0		__DUMMY__ 0.46932121896528445 off 0.2697432940588992 neg 0.2609354869758163	false	0.5
verbot	neg 1.0		__DUMMY__ 0.46773282056474097 off 0.26966079535237114 neg 0.26260638408288783	false	0.5
leid	neg 1.0		__DUMMY__ 0.4602572247564263 off 0.28515524365833184 neg 0.25458753158524194	false	0.5
archaisch	neg 1.0		__DUMMY__ 0.46719683561346 off 0.2714338352275584 neg 0.2613693291589818	false	0.5
gegen			__DUMMY__ 0.47145867409593856 off 0.26550168254918727 neg 0.2630396433548743	false	0.0
scheidung	neg 1.0		__DUMMY__ 0.4596070133978083 off 0.2977322182361385 neg 0.24266076836605321	false	0.5
einschlag	neg 1.0		__DUMMY__ 0.46314427347937925 off 0.28247545515654665 neg 0.2543802713640741	false	0.5
m			__DUMMY__ 0.4693440704150153 off 0.271010144484117 neg 0.2596457851008678	false	0.0
abgestanden	neg 1.0		__DUMMY__ 0.46575493562871595 off 0.27357432367123524 neg 0.26067074070004886	false	0.5
schmierig	off 1.0		__DUMMY__ 0.46196183876789193 off 0.2848816718863466 neg 0.2531564893457616	false	1.0
unpraktisch	neg 1.0		__DUMMY__ 0.467002163394978 off 0.2753252666493555 neg 0.2576725699556665	false	0.5
wixxer	off 1.0		__DUMMY__ 0.45556861644967117 off 0.29071133779581365 neg 0.2537200457545151	false	1.0
bezeichnet			__DUMMY__ 0.46496434025135724 off 0.27244637198636995 neg 0.2625892877622729	false	0.0
jammerlappen	off 1.0		__DUMMY__ 0.46529135975271546 off 0.2792184935634501 neg 0.2554901466838344	false	1.0
farce	neg 1.0		__DUMMY__ 0.46727171803911094 off 0.2708705905888526 neg 0.2618576913720366	false	0.5
zwecklos	neg 1.0		__DUMMY__ 0.4665334097396279 off 0.2703562239938427 neg 0.2631103662665294	false	0.5
turbulent	neg 1.0		__DUMMY__ 0.462657911591792 off 0.280091056317268 neg 0.2572510320909399	false	0.5
invasion	neg 1.0		__DUMMY__ 0.4659161853419409 off 0.27546942924297585 neg 0.25861438541508325	false	0.5
schuld	neg 1.0		__DUMMY__ 0.4652458004289347 off 0.2739781129602236 neg 0.26077608661084156	false	0.5
risiko	neg 1.0	neg 1.0	neg 0.6157773705681596 __DUMMY__ 0.22803339578467569 off 0.15618923364716472	false	1.0
finster	neg 1.0		__DUMMY__ 0.4649497456769665 off 0.2741824040548207 neg 0.26086785026821274	false	0.5
geisteskrank	off 1.0		__DUMMY__ 0.4606414342107688 off 0.2796847307244848 neg 0.2596738350647464	false	1.0
zusammenbrechen	neg 1.0		__DUMMY__ 0.46787359646151655 off 0.2710632225936111 neg 0.2610631809448724	false	0.5
ausbeute	neg 1.0		__DUMMY__ 0.474370549822574 off 0.27154701537892956 neg 0.25408243479849646	false	0.5
hinterhalt	neg 1.0		__DUMMY__ 0.4732807266304755 off 0.27354911307883245 neg 0.253170160290692	false	0.5
kritik	neg 1.0		__DUMMY__ 0.4669664183370472 off 0.27046692232796504 neg 0.2625666593349877	false	0.5
einschrumpfen	neg 1.0		__DUMMY__ 0.4637920569693262 off 0.2773074558722178 neg 0.2589004871584561	false	0.5
riskant	neg 1.0		__DUMMY__ 0.4676367345192052 off 0.26759613258409654 neg 0.2647671328966984	false	0.5
frustrieren	neg 1.0		__DUMMY__ 0.46778528019015414 off 0.26886533781228333 neg 0.2633493819975627	false	0.5
groll	neg 1.0		__DUMMY__ 0.466675359321677 off 0.26978417411755823 neg 0.26354046656076474	false	0.5
gibt			__DUMMY__ 0.4681391898985445 off 0.27126913905669997 neg 0.2605916710447555	false	0.0
qualvoll	neg 1.0		__DUMMY__ 0.4661351539385271 off 0.27706103322716874 neg 0.25680381283430415	false	0.5
wackeln	neg 1.0		__DUMMY__ 0.4687712431555108 off 0.2751056440408902 neg 0.2561231128035989	false	0.5
klagen	neg 1.0		__DUMMY__ 0.4699529409200782 neg 0.26511378665165014 off 0.26493327242827175	false	1.0
bankrott	neg 1.0		__DUMMY__ 0.4662564160195767 off 0.27874419246188104 neg 0.2549993915185424	false	0.5
trauern	neg 1.0		__DUMMY__ 0.47087668293134055 off 0.26951179426834254 neg 0.2596115228003169	false	0.5
ablehnung	neg 1.0		__DUMMY__ 0.46691051579269394 off 0.2700585934376902 neg 0.26303089076961583	false	0.5
stur	neg 1.0		__DUMMY__ 0.46543138505916287 off 0.2743054804696853 neg 0.2602631344711518	false	0.5
aufruhr	neg 1.0		__DUMMY__ 0.46818389346786937 off 0.27218089253364325 neg 0.25963521399848727	false	0.5
melancholie	neg 1.0		__DUMMY__ 0.46967023491263754 off 0.27019070845979093 neg 0.26013905662757153	false	0.5
ist			__DUMMY__ 0.46631492068543695 off 0.27557365178069837 neg 0.2581114275338647	false	0.0
torheit	neg 1.0		__DUMMY__ 0.46668316062077686 off 0.2734672097549784 neg 0.2598496296242447	false	0.5
dreckskind	off 1.0		__DUMMY__ 0.4580555465146872 off 0.2855443808972695 neg 0.25640007258804326	false	1.0
umtauschen	neg 1.0		__DUMMY__ 0.4678803217249991 off 0.2731659165108857 neg 0.25895376176411516	false	0.5
zum			__DUMMY__ 0.47592626998460097 off 0.2643841599260828 neg 0.2596895700893163	false	0.0
zersetzen	neg 1.0		__DUMMY__ 0.46778447243191684 off 0.266575771812008 neg 0.2656397557560753	false	0.5
zur			__DUMMY__ 0.47414442734311596 neg 0.26308419108150977 off 0.2627713815753744	false	0.0
frust	neg 1.0		__DUMMY__ 0.4683212271182435 off 0.27123478540929247 neg 0.26044398747246394	false	0.5
unerbittlichkeit	neg 1.0		__DUMMY__ 0.46891357669916717 off 0.2670266911532727 neg 0.2640597321475603	false	0.5
zwei			__DUMMY__ 0.4747689194134705 off 0.265382117797719 neg 0.2598489627888105	false	0.0
unkorrekt	neg 1.0		__DUMMY__ 0.46199169700242504 off 0.28219754248619633 neg 0.25581076051137847	false	0.5
hexe	off 1.0		__DUMMY__ 0.4621270580818966 off 0.2783160689157407 neg 0.2595568730023628	false	1.0
lasch	neg 1.0		__DUMMY__ 0.4631667878806642 off 0.27696098048911355 neg 0.2598722316302224	false	0.5
rivale	neg 1.0		__DUMMY__ 0.4630367047699925 off 0.2814317723473002 neg 0.2555315228827073	false	0.5
mutlos	off 1.0	off 1.0	off 0.6220658685957389 __DUMMY__ 0.2272970273596791 neg 0.15063710404458205	false	1.0
wirr	off 1.0		__DUMMY__ 0.46043312765757877 off 0.28263785928591584 neg 0.25692901305650534	false	1.0
jahr			__DUMMY__ 0.47530804331585774 off 0.2689499182763201 neg 0.2557420384078221	false	0.0
wird			__DUMMY__ 0.46827298428460407 off 0.2698271529263772 neg 0.2618998627890187	false	0.0
strafbar	neg 1.0		__DUMMY__ 0.4674867612286647 off 0.26811874576721223 neg 0.2643944930041231	false	0.5
erosion	neg 1.0		__DUMMY__ 0.46866609669184967 off 0.27392653112731236 neg 0.257407372180838	false	0.5
eingehen	neg 1.0		__DUMMY__ 0.46743828856085745 off 0.2683975746676753 neg 0.26416413677146733	false	0.5
faul	off 1.0		__DUMMY__ 0.46613877454774055 off 0.2787079161452441 neg 0.25515330930701524	false	1.0
provisorium	neg 1.0		__DUMMY__ 0.47642000295181386 neg 0.2626017925880376 off 0.2609782044601486	false	1.0
schmerzen	neg 1.0		__DUMMY__ 0.46640496703239165 off 0.2715792818108335 neg 0.2620157511567747	false	0.5
schrumpfen	neg 1.0		__DUMMY__ 0.4708824177466982 neg 0.26726027583766065 off 0.261857306415641	false	1.0
geistlos	off 1.0		__DUMMY__ 0.4623415000351435 off 0.2749866100502915 neg 0.2626718899145649	false	1.0
fehlkauf	neg 1.0		__DUMMY__ 0.4670011602775678 off 0.27572993372327403 neg 0.25726890599915825	false	0.5
frustrierend	neg 1.0		__DUMMY__ 0.46485268400514623 off 0.27765417388958935 neg 0.25749314210526436	false	0.5
unzufrieden	neg 1.0		__DUMMY__ 0.4665217886543435 off 0.26991585870147633 neg 0.2635623526441803	false	0.5
verzweifeln	neg 1.0		__DUMMY__ 0.46725270249739453 off 0.27199335573434297 neg 0.2607539417682624	false	0.5
verzweifelt	neg 1.0	neg 1.0	neg 0.6186888416013819 __DUMMY__ 0.22577089506711254 off 0.15554026333150547	false	1.0
misstrauensantrag	neg 1.0		__DUMMY__ 0.4660013028973105 off 0.2757128121244346 neg 0.258285884978255	false	0.5
abfallen	neg 1.0		__DUMMY__ 0.4683830667572544 off 0.2750010099284626 neg 0.25661592331428307	false	0.5
fucker	off 1.0		__DUMMY__ 0.4640428474214903 off 0.28259293076355113 neg 0.25336422181495866	false	1.0
ungezogen	neg 1.0		__DUMMY__ 0.45807305583589 off 0.29029939150659284 neg 0.25162755265751713	false	0.5
irrsinnig	neg 1.0	neg 1.0	neg 0.61824917479436 __DUMMY__ 0.22609664317991324 off 0.1556541820257267	false	1.0
unfassbar	neg 1.0		__DUMMY__ 0.464634697303234 off 0.2805318588187563 neg 0.25483344387800955	false	0.5
hart	neg 1.0		__DUMMY__ 0.4640567521874951 off 0.2797101084679597 neg 0.2562331393445452	false	0.5
widerlich	off 1.0		__DUMMY__ 0.4619841656580851 off 0.28026247941939586 neg 0.257753354922519	false	1.0
fatal	neg 1.0		__DUMMY__ 0.4661175430793171 off 0.27599681271319726 neg 0.2578856442074857	false	0.5
bruch	neg 1.0		__DUMMY__ 0.4707849872656161 off 0.2657786955530201 neg 0.26343631718136395	false	0.5
aushungern	neg 1.0		__DUMMY__ 0.4682171765251679 off 0.27101935911720215 neg 0.26076346435763004	false	0.5
anspannung	neg 1.0		__DUMMY__ 0.47499944220237494 off 0.2640913374268376 neg 0.26090922037078745	false	0.5
von			__DUMMY__ 0.47645950483463423 off 0.2694472063936666 neg 0.2540932887716991	false	0.0
kraftlos	neg 1.0		__DUMMY__ 0.4691269708401995 off 0.270907352944397 neg 0.25996567621540334	false	0.5
vom			__DUMMY__ 0.4777232395058577 off 0.26219009937761784 neg 0.2600866611165243	false	0.0
grenzdebil	off 1.0		__DUMMY__ 0.4646094034177809 off 0.2809873190671823 neg 0.25440327751503694	false	1.0
vor			__DUMMY__ 0.47170467032718105 off 0.26700053203826696 neg 0.2612947976345519	false	0.0
unterwerfen	neg 1.0		__DUMMY__ 0.468387462058738 off 0.2689694457414409 neg 0.26264309219982124	false	0.5
versenkung	neg 1.0		__DUMMY__ 0.47002609316663363 off 0.26977402761078506 neg 0.26019987922258137	false	0.5
entziehen	neg 1.0		__DUMMY__ 0.4698188937959642 off 0.2655491470644484 neg 0.26463195913958726	false	0.5
finanzkrise	neg 1.0		__DUMMY__ 0.46633273137206727 off 0.27140846191519646 neg 0.26225880671273627	false	0.5
schimpfend	neg 1.0		__DUMMY__ 0.4662105225004877 off 0.27559197701600635 neg 0.2581975004835058	false	0.5
profan	neg 1.0		__DUMMY__ 0.46500028665214643 off 0.27611971600949253 neg 0.258879997338361	false	0.5
korruption	neg 1.0		__DUMMY__ 0.46791048707949656 off 0.2694316633855413 neg 0.2626578495349622	false	0.5
â			__DUMMY__ 0.47005830093421364 off 0.2706106371626441 neg 0.2593310619031424	false	0.0
schmutzig	neg 1.0		__DUMMY__ 0.4650042651816581 off 0.28174242992807425 neg 0.2532533048902677	false	0.5
sexy	neg 1.0		__DUMMY__ 0.46633699896503406 off 0.27789834437048316 neg 0.2557646566644827	false	0.5
abraten	neg 1.0		__DUMMY__ 0.4661907709826585 off 0.2756865099052672 neg 0.25812271911207413	false	0.5
schwarz	neg 1.0		__DUMMY__ 0.4662888194686718 off 0.2751259552388975 neg 0.2585852252924308	false	0.5
fotze	off 1.0	off 1.0	off 0.6239740249557861 __DUMMY__ 0.22847764147110233 neg 0.1475483335731115	false	1.0
verwirren	neg 1.0		__DUMMY__ 0.4652438732351802 off 0.2768132425201279 neg 0.25794288424469186	false	0.5
zahnlos	off 1.0		__DUMMY__ 0.46689515470344206 off 0.2711537984945306 neg 0.2619510468020274	false	1.0
verheeren	neg 1.0		__DUMMY__ 0.4588408084673148 off 0.2922244600661598 neg 0.2489347314665254	false	0.5
hippie	neg 1.0		__DUMMY__ 0.4663524263723902 off 0.2774267102656287 neg 0.2562208633619812	false	0.5
rammen	neg 1.0		__DUMMY__ 0.46522723777661706 off 0.27454623850423676 neg 0.2602265237191463	false	0.5
unlauter	neg 1.0		__DUMMY__ 0.46446430473538697 off 0.2734843328418069 neg 0.26205136242280597	false	0.5
unheilvoll	neg 1.0		__DUMMY__ 0.46695612671034237 off 0.27575451687088176 neg 0.25728935641877604	false	0.5
niedrig	neg 1.0		__DUMMY__ 0.4673715696443503 off 0.2670395033623042 neg 0.2655889269933456	false	0.5
explosion	neg 1.0		__DUMMY__ 0.46586261028092085 off 0.2765549421901302 neg 0.257582447528949	false	0.5
weichei	off 1.0	off 1.0	off 0.6322456846876079 __DUMMY__ 0.22304024980208623 neg 0.1447140655103059	false	1.0
minusmensch	off 1.0		__DUMMY__ 0.4570867683009918 off 0.28818866650846825 neg 0.25472456519054	false	1.0
farblos	neg 1.0		__DUMMY__ 0.4680992616732446 off 0.2731574185443826 neg 0.2587433197823729	false	0.5
unwissend	neg 1.0	neg 1.0	neg 0.6168907993619228 __DUMMY__ 0.22491644528621343 off 0.15819275535186378	false	1.0
traurig	neg 1.0		__DUMMY__ 0.46335541298363503 off 0.2832677758379238 neg 0.25337681117844113	false	0.5
senkung	neg 1.0		__DUMMY__ 0.463983104925644 off 0.27563587614657364 neg 0.26038101892778237	false	0.5
ungleich	neg 1.0	neg 1.0	neg 0.6208575184068852 __DUMMY__ 0.22746294960316182 off 0.15167953198995304	false	1.0
heikel	neg 1.0		__DUMMY__ 0.46762343744971296 off 0.26756174996002546 neg 0.2648148125902617	false	0.5
drosselung	neg 1.0		__DUMMY__ 0.46389991899786026 off 0.2804751737060605 neg 0.2556249072960793	false	0.5
falsch	neg 1.0		__DUMMY__ 0.4641206480798815 off 0.2776504286751128 neg 0.2582289232450057	false	0.5
unzufriedenheit	neg 1.0		__DUMMY__ 0.46930331983405754 off 0.266284555702874 neg 0.26441212446306855	false	0.5
kurz	neg 1.0		__DUMMY__ 0.4702026030016004 off 0.2725648401330243 neg 0.2572325568653754	false	0.5
unsinnig	neg 1.0		__DUMMY__ 0.46575115124354716 off 0.27092846280180416 neg 0.2633203859546487	false	0.5
penner	off 1.0	off 1.0	off 0.6333353133863157 __DUMMY__ 0.22290643295085028 neg 0.14375825366283407	false	1.0
seicht	neg 1.0		__DUMMY__ 0.4567827144618384 off 0.2890195774709615 neg 0.25419770806720005	false	0.5
dummheit	off 1.0	off 1.0	off 0.6268083314995435 __DUMMY__ 0.2252284282736135 neg 0.147963240226843	false	1.0
unerfreulich	neg 1.0		__DUMMY__ 0.46923021180042473 off 0.2671328225071497 neg 0.2636369656924257	false	0.5
motherfucker	off 1.0	off 1.0	off 0.629979853430743 __DUMMY__ 0.22524251797475642 neg 0.14477762859450058	false	1.0
pikiert	neg 1.0		__DUMMY__ 0.4629551405296408 off 0.27965697450166443 neg 0.25738788496869486	false	0.5
wrack	neg 1.0		__DUMMY__ 0.46978484434926016 off 0.271343373637774 neg 0.2588717820129659	false	0.5
gangster	neg 1.0		__DUMMY__ 0.4662501322119714 off 0.2774619015482947 neg 0.25628796623973393	false	0.5
krank	neg 1.0		__DUMMY__ 0.4648460412773012 off 0.2810755820333029 neg 0.25407837668939587	false	0.5
reich	neg 1.0		__DUMMY__ 0.46628844221268756 off 0.28005230093886985 neg 0.2536592568484425	false	0.5
gnadenlos	neg 1.0		__DUMMY__ 0.4658752935374985 off 0.27435795443164684 neg 0.25976675203085464	false	0.5
niedergeschlagen	neg 1.0		__DUMMY__ 0.46841240882619095 off 0.2719095639005695 neg 0.25967802727323963	false	0.5
terrorisieren	off 1.0	off 1.0	off 0.6226428546563818 __DUMMY__ 0.2282329614261794 neg 0.14912418391743884	false	1.0
sinnlosigkeit	neg 1.0		__DUMMY__ 0.467297207640879 off 0.27065925546235303 neg 0.26204353689676785	false	0.5
behindern	neg 1.0		__DUMMY__ 0.4679587883017857 off 0.272623269111267 neg 0.2594179425869473	false	0.5
undemokratisch	neg 1.0		__DUMMY__ 0.46597769867336025 off 0.2740105552512856 neg 0.2600117460753542	false	0.5
wirtschaftskrise	neg 1.0		__DUMMY__ 0.467626912007493 off 0.2690884699259388 neg 0.26328461806656833	false	0.5
neid	neg 1.0		__DUMMY__ 0.46622034723795747 off 0.2783435850219395 neg 0.25543606774010313	false	0.5
rutschen	neg 1.0		__DUMMY__ 0.47520644884152696 off 0.26541208087929463 neg 0.25938147027917835	false	0.5
rezession	neg 1.0		__DUMMY__ 0.45832958442602123 off 0.28150930541241465 neg 0.260161110161564	false	0.5
fehlgeburt	neg 1.0		__DUMMY__ 0.4672998777500018 off 0.275724474266022 neg 0.2569756479839763	false	0.5
charakterschwach	off 1.0		__DUMMY__ 0.4620961197363095 off 0.2800338271496954 neg 0.2578700531139951	false	1.0
isolation	neg 1.0		__DUMMY__ 0.4656338705200242 off 0.2776518463193138 neg 0.2567142831606621	false	0.5
ablenkung	neg 1.0		__DUMMY__ 0.4680104950864292 off 0.2737922721911814 neg 0.2581972327223893	false	0.5
pech	neg 1.0		__DUMMY__ 0.4650833619082427 off 0.2775949919384804 neg 0.2573216461532768	false	0.5
vermeidung	neg 1.0		__DUMMY__ 0.46444759453908757 off 0.280884520987798 neg 0.2546678844731144	false	0.5
dominieren	neg 1.0		__DUMMY__ 0.4697582712905722 off 0.26924518600766495 neg 0.26099654270176276	false	0.5
schwindlig	neg 1.0		__DUMMY__ 0.46735960197274634 off 0.2764854348730906 neg 0.25615496315416314	false	0.5
lutscher	neg 1.0		__DUMMY__ 0.45733532659610415 off 0.2898579483081547 neg 0.2528067250957412	false	0.5
pflicht	neg 1.0		__DUMMY__ 0.468663384388122 off 0.2664610022075277 neg 0.2648756134043501	false	0.5
faschist	off 1.0		__DUMMY__ 0.4653799979653627 off 0.2771075832927394 neg 0.2575124187418979	false	1.0
verschleudern	neg 1.0		__DUMMY__ 0.46780054437372975 off 0.26744450488747235 neg 0.2647549507387979	false	0.5
wenn			__DUMMY__ 0.4647187196980501 off 0.2781054748945269 neg 0.2571758054074228	false	0.0
ehebruch	neg 1.0		__DUMMY__ 0.4682527157130195 off 0.2695023510118495 neg 0.26224493327513104	false	0.5
spott	off 1.0		__DUMMY__ 0.4679507005718157 off 0.268742676149602 neg 0.26330662327858234	false	1.0
trostlosigkeit	neg 1.0		__DUMMY__ 0.4712774792551782 off 0.2668660667640788 neg 0.2618564539807431	false	0.5
lutschen	neg 1.0		__DUMMY__ 0.46443831869568497 off 0.27729705440271424 neg 0.2582646269016009	false	0.5
undiszipliniert	neg 1.0		__DUMMY__ 0.4624588370095694 off 0.28215960349476277 neg 0.25538155949566776	false	0.5
kopfschmerz	neg 1.0		__DUMMY__ 0.46707468784448747 off 0.27053507612038014 neg 0.2623902360351323	false	0.5
unvorhergesehen	neg 1.0		__DUMMY__ 0.47250156644680885 off 0.26922375077755134 neg 0.2582746827756398	false	0.5
desinteressiert	neg 1.0	neg 1.0	neg 0.6155604349672851 __DUMMY__ 0.22458488257288842 off 0.1598546824598265	false	1.0
armselig	off 1.0		__DUMMY__ 0.4605902135999709 off 0.28227593448460847 neg 0.25713385191542065	false	1.0
desaster	neg 1.0		__DUMMY__ 0.47046104069784245 off 0.2648455319066045 neg 0.26469342739555296	false	0.5
tod	neg 1.0		__DUMMY__ 0.47144787814325007 off 0.27117505704753975 neg 0.2573770648092102	false	0.5
herzlos	neg 1.0		__DUMMY__ 0.4619724021954854 off 0.2827826644229162 neg 0.2552449333815983	false	0.5
unwissenheit	neg 1.0		__DUMMY__ 0.4670692341820734 off 0.2701101608780211 neg 0.2628206049399055	false	0.5
widersinnig	neg 1.0		__DUMMY__ 0.46476970599117495 off 0.2692019344374984 neg 0.2660283595713266	false	0.5
bedenklich	neg 1.0		__DUMMY__ 0.4670500120868721 off 0.26888369127221934 neg 0.26406629664090864	false	0.5
beanstanden	neg 1.0		__DUMMY__ 0.4691563843255938 off 0.26618604451412287 neg 0.2646575711602833	false	0.5
panisch	neg 1.0	neg 1.0	neg 0.6146373115020486 __DUMMY__ 0.22801767343412693 off 0.15734501506382453	false	1.0
debil	off 1.0		__DUMMY__ 0.4748339140009717 neg 0.26374021688081184 off 0.26142586911821647	false	0.5
abstrich	neg 1.0		__DUMMY__ 0.4723132760731179 off 0.27413197125738437 neg 0.25355475266949784	false	0.5
primitiv	neg 1.0		__DUMMY__ 0.46158932220641835 off 0.28034527903515855 neg 0.25806539875842316	false	0.5
abschaum	off 1.0	off 1.0	off 0.6284805891546351 __DUMMY__ 0.22499867970680784 neg 0.14652073113855707	false	1.0
provozieren	neg 1.0		__DUMMY__ 0.4645690719238336 off 0.2735517042341317 neg 0.26187922384203455	false	0.5
tot	neg 1.0		__DUMMY__ 0.4680434372075352 off 0.2701567669498985 neg 0.2617997958425662	false	0.5
instabil	neg 1.0		__DUMMY__ 0.4624817349129397 off 0.28234239645671805 neg 0.2551758686303423	false	0.5
schwuchtel	off 1.0	off 1.0	off 0.6367663189879199 __DUMMY__ 0.22047508490187248 neg 0.1427585961102076	false	1.0
zerren	neg 1.0		__DUMMY__ 0.46861545142317257 off 0.2713123377936362 neg 0.2600722107831912	false	0.5
kinderficker	off 1.0		__DUMMY__ 0.4610745938296587 off 0.28598742298815677 neg 0.25293798318218447	false	1.0
gefahr	neg 1.0		__DUMMY__ 0.4707210594664535 off 0.26667450197411036 neg 0.26260443855943605	false	0.5
rabiat	neg 1.0		__DUMMY__ 0.4671709493247835 off 0.27352786345925234 neg 0.2593011872159642	false	0.5
verlangsamung	neg 1.0		__DUMMY__ 0.4569480730756874 off 0.2862771281771361 neg 0.25677479874717635	false	0.5
ausgestorben	neg 1.0		__DUMMY__ 0.46799466621818653 off 0.27344056397755123 neg 0.25856476980426235	false	0.5
anklagen	neg 1.0		__DUMMY__ 0.46861804615160946 off 0.2700354071290088 neg 0.26134654671938173	false	0.5
trott	neg 1.0		__DUMMY__ 0.46786946797790907 off 0.27304763057636344 neg 0.2590829014457273	false	0.5
verminderung	neg 1.0		__DUMMY__ 0.46283170956169317 off 0.2806273541011825 neg 0.25654093633712444	false	0.5
nach			__DUMMY__ 0.4755313035042684 off 0.2639531814851946 neg 0.26051551501053716	false	0.0
rost	neg 1.0		__DUMMY__ 0.4600947427980771 off 0.28602412851682596 neg 0.25388112868509694	false	0.5
destruktiv	neg 1.0		__DUMMY__ 0.4653743585958561 off 0.2722614452543524 neg 0.2623641961497914	false	0.5
unzumutbarkeit	neg 1.0		__DUMMY__ 0.46524919666807407 off 0.27998429977601014 neg 0.25476650355591585	false	0.5
labil	off 1.0	off 1.0	off 0.6281690239999366 __DUMMY__ 0.22566791108709666 neg 0.14616306491296677	false	1.0
ziemlich	neg 1.0		__DUMMY__ 0.465186675870345 off 0.28056294849767666 neg 0.2542503756319785	false	0.5
lachnummer	off 1.0		__DUMMY__ 0.46541774427000604 off 0.2731846043109872 neg 0.26139765141900667	false	1.0
oder			__DUMMY__ 0.46774045580473195 off 0.27470951092855384 neg 0.2575500332667144	false	0.0
verfall	neg 1.0		__DUMMY__ 0.47194821989242547 neg 0.26561511020271783 off 0.2624366699048566	false	1.0
ausgrenzung	neg 1.0		__DUMMY__ 0.46602981714520625 off 0.2748591931746483 neg 0.25911098968014545	false	0.5
unordnung	neg 1.0		__DUMMY__ 0.4660292330446049 off 0.2836732048594881 neg 0.250297562095907	false	0.5
fehlverhalten	neg 1.0		__DUMMY__ 0.4673278635214408 off 0.2666986744014483 neg 0.2659734620771109	false	0.5
eine			__DUMMY__ 0.47084245919589013 off 0.26740174470669076 neg 0.2617557960974192	false	0.0
nille	neg 1.0		__DUMMY__ 0.4686805885724237 off 0.27331966923970236 neg 0.25799974218787397	false	0.5
qual	neg 1.0		__DUMMY__ 0.4680740585328674 off 0.27260116741138507 neg 0.2593247740557474	false	0.5
verschwenden	neg 1.0		__DUMMY__ 0.4673241987294677 off 0.26817323122577696 neg 0.2645025700447554	false	0.5
riesig	neg 1.0		__DUMMY__ 0.4700089540194382 off 0.26991822828737316 neg 0.2600728176931886	false	0.5
verurteilen	neg 1.0		__DUMMY__ 0.4662410950799864 off 0.26962529990135153 neg 0.2641336050186621	false	0.5
klischee	neg 1.0	neg 1.0	neg 0.6173417161064346 __DUMMY__ 0.22530738743874307 off 0.1573508964548224	false	1.0
diktatorisch	neg 1.0		__DUMMY__ 0.46557566473714895 off 0.2741029906409372 neg 0.2603213446219138	false	0.5
vorhersehbar	neg 1.0		__DUMMY__ 0.4634089110370017 off 0.27614671738274954 neg 0.2604443715802488	false	0.5
sowie			__DUMMY__ 0.4607671447829599 off 0.28507038373949306 neg 0.254162471477547	false	0.0
stornieren	neg 1.0		__DUMMY__ 0.470483864662085 off 0.2772646900156093 neg 0.2522514453223058	false	0.5
besteuerung	neg 1.0		__DUMMY__ 0.4639578762505204 off 0.272803035152726 neg 0.2632390885967535	false	0.5
ungeschminkt	neg 1.0		__DUMMY__ 0.46121675460388933 off 0.2798539472110808 neg 0.2589292981850298	false	0.5
kritisch	neg 1.0		__DUMMY__ 0.4676244359198392 off 0.2687687290134058 neg 0.2636068350667549	false	0.5
schlamperei	off 1.0		__DUMMY__ 0.4699802398067617 off 0.2680274558114675 neg 0.2619923043817709	false	1.0
sucht	neg 1.0	neg 1.0	neg 0.6130175171998412 __DUMMY__ 0.2301804018766663 off 0.15680208092349257	false	1.0
egoistisch	off 1.0		__DUMMY__ 0.45920698098928564 off 0.28542999765148974 neg 0.2553630213592246	false	1.0
ausbeuter	off 1.0		__DUMMY__ 0.46664809960167225 neg 0.2669461837636177 off 0.26640571663470997	false	0.5
arschgeburt	off 1.0		__DUMMY__ 0.4537024292277646 off 0.29316638633438263 neg 0.2531311844378528	false	1.0
schubs	neg 1.0		__DUMMY__ 0.4683469248105622 off 0.2712655754528413 neg 0.2603874997365964	false	0.5
unsolide	neg 1.0		__DUMMY__ 0.46455126726078894 off 0.27458015383208323 neg 0.2608685789071276	false	0.5
beschwerde	neg 1.0		__DUMMY__ 0.4685150556466161 off 0.2684844173389411 neg 0.2630005270144429	false	0.5
stocken	neg 1.0		__DUMMY__ 0.4696061148895978 off 0.26832808345178183 neg 0.26206580165862037	false	0.5
isolieren	neg 1.0		__DUMMY__ 0.4682737065671088 off 0.26976202050175957 neg 0.2619642729311317	false	0.5
unheilbar	neg 1.0		__DUMMY__ 0.4670035545685434 off 0.27367734849626935 neg 0.25931909693518723	false	0.5
pisser	off 1.0		__DUMMY__ 0.46182433929627337 off 0.2822311677509495 neg 0.25594449295277716	false	1.0
löschen	neg 1.0		__DUMMY__ 0.4677921188744367 off 0.27344221531775303 neg 0.25876566580781035	false	0.5
durchfallen	neg 1.0		__DUMMY__ 0.46611118578159116 off 0.2690071799782117 neg 0.2648816342401971	false	0.5
wichser	off 1.0	off 1.0	off 0.6352519180397455 __DUMMY__ 0.22186946476345393 neg 0.14287861719680062	false	1.0
terror	neg 1.0		__DUMMY__ 0.4664196431993473 off 0.2770767452563923 neg 0.25650361154426043	false	0.5
krass	neg 1.0		__DUMMY__ 0.4618075429717458 off 0.283685440080946 neg 0.2545070169473083	false	0.5
revolte	neg 1.0		__DUMMY__ 0.466718021492864 off 0.27582200254947326 neg 0.2574599759576628	false	0.5
besorgt	neg 1.0		__DUMMY__ 0.4713733411497189 off 0.27271414793814414 neg 0.25591251091213696	false	0.5
nachlassen	neg 1.0		__DUMMY__ 0.4712656434422147 off 0.2689889449068429 neg 0.2597454116509422	false	0.5
alt	neg 1.0		__DUMMY__ 0.4676729584181537 off 0.2701598051542792 neg 0.2621672364275672	false	0.5
hundesohn	off 1.0		__DUMMY__ 0.45787756153025355 off 0.29023947821042895 neg 0.25188296025931756	false	1.0
als			__DUMMY__ 0.467970002850635 off 0.27085997555234465 neg 0.26117002159702024	false	0.0
abschreckung	neg 1.0		__DUMMY__ 0.46923456045813355 off 0.26594327971884807 neg 0.2648221598230184	false	0.5
unqualifiziert	neg 1.0		__DUMMY__ 0.462662937173522 off 0.2769493628380656 neg 0.26038769998841244	false	0.5
abgewichst	off 1.0		__DUMMY__ 0.4689713623532989 off 0.27253528560115253 neg 0.25849335204554846	false	1.0
schwer	neg 1.0		__DUMMY__ 0.4666167813374995 off 0.2723987619061764 neg 0.2609844567563241	false	0.5
bedeutungslosigkeit	neg 1.0		__DUMMY__ 0.4688674610062316 off 0.2671914962792367 neg 0.2639410427145316	false	0.5
kapitulation	neg 1.0		__DUMMY__ 0.4691266947668058 off 0.26903290972918603 neg 0.2618403955040081	false	0.5
unscharf	neg 1.0		__DUMMY__ 0.4642683481223618 off 0.2755717387212673 neg 0.2601599131563708	false	0.5
schwinden	neg 1.0		__DUMMY__ 0.46981609018990395 off 0.26722758891179493 neg 0.26295632089830107	false	0.5
versklavung	neg 1.0		__DUMMY__ 0.46698374366830575 off 0.27416903525389535 neg 0.25884722107779895	false	0.5
schlecht	neg 1.0		__DUMMY__ 0.46492768193955625 off 0.2806429625761764 neg 0.2544293554842674	false	0.5
verhasst	neg 1.0		__DUMMY__ 0.46342546332834467 off 0.273794588964947 neg 0.26277994770670837	false	0.5
beschweren	neg 1.0		__DUMMY__ 0.46587029777658834 off 0.2755420594828964 neg 0.2585876427405152	false	0.5
scheiden	neg 1.0		__DUMMY__ 0.468888428280597 off 0.27387644285827184 neg 0.25723512886113115	false	0.5
frustriert	neg 1.0		__DUMMY__ 0.46677429503257917 off 0.27130474469838195 neg 0.26192096026903894	false	0.5
schimmelig	neg 1.0		__DUMMY__ 0.466189501273046 off 0.26925471072020857 neg 0.26455578800674534	false	0.5
fisch	neg 1.0		__DUMMY__ 0.4683487259941568 off 0.2662932442376045 neg 0.26535802976823875	false	0.5
schmuggel	neg 1.0		__DUMMY__ 0.4693066713623887 off 0.26791050193850985 neg 0.2627828266991015	false	0.5
auffallen	neg 1.0		__DUMMY__ 0.46544830374046814 off 0.27641765278539576 neg 0.258134043474136	false	0.5
konkurrenz	neg 1.0		__DUMMY__ 0.47027513413675803 off 0.2659322025824883 neg 0.2637926632807537	false	0.5
teufelskreis	neg 1.0	neg 1.0	neg 0.6192878955351995 __DUMMY__ 0.22623696706456353 off 0.15447513740023702	false	1.0
aufschreien	neg 1.0		__DUMMY__ 0.46433363735627814 off 0.27609592678681577 neg 0.25957043585690603	false	0.5
schuldner	neg 1.0		__DUMMY__ 0.4678774911728628 off 0.26607146359281286 neg 0.2660510452343244	false	0.5
missgeburt	off 1.0	off 1.0	off 0.6325020871489843 __DUMMY__ 0.2225117398608806 neg 0.14498617299013514	false	1.0
arbeitslos	neg 1.0		__DUMMY__ 0.46599048200788806 off 0.26941045558544724 neg 0.26459906240666475	false	0.5
befallen	neg 1.0		__DUMMY__ 0.4673689360398618 off 0.27132173810224297 neg 0.2613093258578953	false	0.5
miesepetrig	off 1.0	off 1.0	off 0.6288848018137628 __DUMMY__ 0.225717701481774 neg 0.14539749670446325	false	1.0
alarmieren	neg 1.0		__DUMMY__ 0.46373598803094984 off 0.277802041619494 neg 0.25846197034955615	false	0.5
ungeduscht	off 1.0		__DUMMY__ 0.46356813474488634 off 0.27776854338963497 neg 0.2586633218654785	false	1.0
knappheit	neg 1.0		__DUMMY__ 0.46529814291966565 off 0.2683644812506599 neg 0.26633737582967437	false	0.5
schlange	neg 1.0		__DUMMY__ 0.4692618766617594 off 0.2763100184832929 neg 0.25442810485494766	false	0.5
harsch	neg 1.0		__DUMMY__ 0.4640698730601919 off 0.2858083499456803 neg 0.2501217769941278	false	0.5
lang	neg 1.0		__DUMMY__ 0.46775892608790526 off 0.27459653660627475 neg 0.25764453730582	false	0.5
ziellos	neg 1.0		__DUMMY__ 0.46997651195060336 off 0.2701295942532944 neg 0.2598938937961023	false	0.5
selbstverliebt	neg 1.0		__DUMMY__ 0.4558924999757667 off 0.2911236877634769 neg 0.2529838122607564	false	0.5
beseitigen	neg 1.0		__DUMMY__ 0.46812027418376767 off 0.27162236705821546 neg 0.26025735875801687	false	0.5
dumm	off 1.0		__DUMMY__ 0.4598215780201054 off 0.28663452597908523 neg 0.2535438960008093	false	1.0
arbeitsloser	neg 1.0		__DUMMY__ 0.46834458852546124 off 0.27033992557042946 neg 0.26131548590410936	false	0.5
blitzen	neg 1.0		__DUMMY__ 0.4657399670902693 off 0.2770002993990955 neg 0.2572597335106352	false	0.5
hilflos	neg 1.0		__DUMMY__ 0.467061420149959 off 0.27084140839658716 neg 0.26209717145345385	false	0.5
eklig	off 1.0		__DUMMY__ 0.4579963374934635 off 0.2867343264326657 neg 0.2552693360738708	false	1.0
begriff			__DUMMY__ 0.4665119578805653 off 0.27210274569799603 neg 0.26138529642143865	false	0.0
hungersnot	neg 1.0		__DUMMY__ 0.4691755329764335 off 0.2707591848148554 neg 0.26006528220871117	false	0.5
ungesetzlich	neg 1.0		__DUMMY__ 0.4636476258438396 off 0.272833962904642 neg 0.26351841125151837	false	0.5
verschwendung	neg 1.0		__DUMMY__ 0.4685649011957309 off 0.26805445312529075 neg 0.26338064567897834	false	0.5
schmerzvoll	neg 1.0		__DUMMY__ 0.4663704882752855 off 0.275388718821389 neg 0.2582407929033255	false	0.5
vorzeitig	neg 1.0		__DUMMY__ 0.46636970736108785 off 0.27679525882992767 neg 0.2568350338089845	false	0.5
unvollkommenheit	neg 1.0		__DUMMY__ 0.4712326330878681 off 0.2711444663087188 neg 0.2576229006034129	false	0.5
intervenieren	neg 1.0		__DUMMY__ 0.46793757761435245 off 0.26755603802793915 neg 0.26450638435770846	false	0.5
banause	off 1.0		__DUMMY__ 0.4556812808241671 off 0.28917844139022764 neg 0.2551402777856053	false	1.0
rebell	neg 1.0		__DUMMY__ 0.47039260284825274 neg 0.2656732521349709 off 0.26393414501677626	false	1.0
unlogisch	neg 1.0		__DUMMY__ 0.4611240811889236 off 0.2822066119405615 neg 0.2566693068705149	false	0.5
leiden	neg 1.0		__DUMMY__ 0.47047695394944955 off 0.26743414775737856 neg 0.26208889829317195	false	0.5
abschaffung	neg 1.0		__DUMMY__ 0.46662883224882723 off 0.2734497109913651 neg 0.25992145675980766	false	0.5
sturz	neg 1.0		__DUMMY__ 0.4691890089628512 off 0.2742189086777322 neg 0.25659208235941666	false	0.5
verkleinerung	neg 1.0		__DUMMY__ 0.46322353617431555 off 0.27566732090605917 neg 0.26110914291962534	false	0.5
schmarotzer	off 1.0		__DUMMY__ 0.46495055655016515 off 0.27000633140169045 neg 0.2650431120481445	false	1.0
bestrafung	neg 1.0		__DUMMY__ 0.46666144857493186 off 0.27454395867071485 neg 0.25879459275435324	false	0.5
achtlos	neg 1.0	neg 1.0	neg 0.617327840760832 __DUMMY__ 0.22777731439338708 off 0.154894844845781	false	1.0
ungeheuer	neg 1.0		__DUMMY__ 0.46738426534383903 off 0.27678810492257433 neg 0.2558276297335866	false	0.5
unaufrichtig	neg 1.0		__DUMMY__ 0.4673273252629645 off 0.27750818291369567 neg 0.2551644918233399	false	0.5
groggy	neg 1.0		__DUMMY__ 0.46623038928430227 off 0.27708760297560453 neg 0.25668200774009325	false	0.5
verletzlich	neg 1.0		__DUMMY__ 0.4624273829522475 off 0.28007521432413646 neg 0.2574974027236161	false	0.5
ablehnen	neg 1.0		__DUMMY__ 0.46706792831919536 off 0.26940748192729586 neg 0.26352458975350873	false	0.5
