unsolidarisch	neg 1.0		__DUMMY__ 0.9237066056017701 neg 0.03847672832670886 off 0.03781666607152108	false	1.0
nachteilig	neg 1.0		__DUMMY__ 0.9285184776084863 neg 0.03736189368954299 off 0.03411962870197074	false	1.0
skeptisch	neg 1.0		__DUMMY__ 0.9289596937705696 neg 0.03721456708925157 off 0.03382573914017877	false	1.0
schrecklich	neg 1.0		__DUMMY__ 0.9220971276725612 off 0.044886292196773765 neg 0.03301658013066502	false	0.5
schlapp	neg 1.0		__DUMMY__ 0.9250402694916616 off 0.041415944120756436 neg 0.033543786387581855	false	0.5
abfall	neg 1.0		__DUMMY__ 0.9322702484064705 neg 0.03682251010921494 off 0.030907241484314518	false	1.0
widerspenstig	neg 1.0		__DUMMY__ 0.9275523254056192 off 0.03741326785209232 neg 0.03503440674228852	false	0.5
abrupt	neg 1.0		__DUMMY__ 0.9322022904073644 off 0.03393414462920819 neg 0.03386356496342744	false	0.5
unwirksam	neg 1.0		__DUMMY__ 0.9234429519892483 neg 0.039170359730821835 off 0.03738668827992985	false	1.0
angreifen	neg 1.0		__DUMMY__ 0.928357000949245 neg 0.037740567541254724 off 0.03390243150950027	false	1.0
inkonsistent	neg 1.0		__DUMMY__ 0.924979867753928 off 0.03794097650425729 neg 0.03707915574181477	false	0.5
abrutschen	neg 1.0		__DUMMY__ 0.9308394836307138 neg 0.03778500882731805 off 0.0313755075419682	false	1.0
unsicher	neg 1.0		__DUMMY__ 0.9280286646424175 off 0.03750536181492413 neg 0.03446597354265834	false	0.5
bauernkind	off 1.0	off 1.0	off 0.5113468752048055 __DUMMY__ 0.451994095348934 neg 0.03665902944626047	false	1.0
angreifer	neg 1.0	neg 1.0	neg 0.4992686056509213 __DUMMY__ 0.4652404362920628 off 0.035490958057015846	false	1.0
trennen	neg 1.0		__DUMMY__ 0.9319447007182359 neg 0.03478797194315091 off 0.033267327338613206	false	1.0
schmutz	neg 1.0		__DUMMY__ 0.9308032895523868 off 0.03833718625652681 neg 0.030859524191086427	false	0.5
inkonsistenz	neg 1.0		__DUMMY__ 0.9194163377831424 off 0.042130828826359906 neg 0.03845283339049773	false	0.5
erschreckend	neg 1.0		__DUMMY__ 0.9260350410045147 off 0.03719304053898661 neg 0.036771918456498624	false	0.5
ertrinken	neg 1.0		__DUMMY__ 0.9298110917299037 neg 0.036186897049430185 off 0.03400201122066612	false	1.0
pickelface	off 1.0		__DUMMY__ 0.9285298980481267 off 0.03674156923064999 neg 0.03472853272122324	false	1.0
seiner			__DUMMY__ 0.9294558769369947 neg 0.036520926652946414 off 0.03402319641005896	false	0.0
lauch	neg 1.0		__DUMMY__ 0.9328566993992069 neg 0.03574857158343809 off 0.03139472901735508	false	1.0
unwichtig	neg 1.0		__DUMMY__ 0.9223928959074028 off 0.04160035103439542 neg 0.0360067530582018	false	0.5
steuerhinterziehung	neg 1.0	neg 1.0	neg 0.5034445859862232 __DUMMY__ 0.4640547717012836 off 0.032500642312493194	false	1.0
schock	neg 1.0		__DUMMY__ 0.9288223128599762 off 0.03681580737436232 neg 0.03436187976566147	false	0.5
beule	neg 1.0		__DUMMY__ 0.9235425606417668 off 0.042161179867124164 neg 0.034296259491109087	false	0.5
vergelten	neg 1.0		__DUMMY__ 0.9254502775415158 off 0.04405726425646814 neg 0.030492458202016116	false	0.5
verdorbenheit	neg 1.0		__DUMMY__ 0.9304428274735316 off 0.03747062630670917 neg 0.03208654621975925	false	0.5
trauma	neg 1.0		__DUMMY__ 0.9267566310867752 off 0.03826220233237645 neg 0.03498116658084838	false	0.5
sinnlos	neg 1.0		__DUMMY__ 0.9258311738404514 off 0.039387419333240525 neg 0.03478140682630812	false	0.5
fettsack	off 1.0	off 1.0	off 0.512221510335491 __DUMMY__ 0.45396507551012544 neg 0.03381341415438358	false	1.0
feige	off 1.0	off 1.0	off 0.508349826695274 __DUMMY__ 0.45800331484766277 neg 0.03364685845706333	false	1.0
abdanken	neg 1.0		__DUMMY__ 0.9279158395142673 off 0.03739807932458702 neg 0.034686081161145695	false	0.5
wichtigtuer	off 1.0	off 1.0	off 0.5065120186520871 __DUMMY__ 0.46001103497326445 neg 0.033476946374648375	false	1.0
misslingen	neg 1.0		__DUMMY__ 0.9327104117750765 off 0.03738801748097963 neg 0.029901570743943878	false	0.5
untreu	off 1.0		__DUMMY__ 0.9235223332282194 off 0.04189884673887643 neg 0.03457882003290421	false	1.0
missmutig	neg 1.0		__DUMMY__ 0.925125441621745 off 0.04122883954456613 neg 0.03364571883368886	false	0.5
hurenbock	off 1.0		__DUMMY__ 0.9282578212216792 off 0.038714464260093485 neg 0.033027714518227266	false	1.0
betrunken	neg 1.0		__DUMMY__ 0.9239857603767395 off 0.04286981344483006 neg 0.03314442617843032	false	0.5
korrupt	off 1.0		__DUMMY__ 0.9246383147503352 neg 0.03932788163673781 off 0.03603380361292698	false	0.5
unmut	neg 1.0		__DUMMY__ 0.9315043793500116 neg 0.036970606901020074 off 0.03152501374896826	false	1.0
hackfresse	off 1.0		__DUMMY__ 0.9185138288814998 off 0.047741581442451164 neg 0.03374458967604894	false	1.0
aufblasen	neg 1.0		__DUMMY__ 0.9273171831627149 off 0.03884179148489675 neg 0.03384102535238831	false	0.5
gewaltsam	neg 1.0		__DUMMY__ 0.9292327270964476 off 0.03633895891764706 neg 0.034428313985905366	false	0.5
unbeliebtheit	neg 1.0		__DUMMY__ 0.9225060558381017 off 0.040985337740409966 neg 0.03650860642148816	false	0.5
sturheit	neg 1.0		__DUMMY__ 0.9263861331152803 off 0.03680807079875221 neg 0.036805796085967526	false	0.5
kuh	neg 1.0		__DUMMY__ 0.9214799689269996 neg 0.039298879289370495 off 0.03922115178362996	false	1.0
erschrecken	neg 1.0		__DUMMY__ 0.926035477916359 off 0.041011005840365905 neg 0.03295351624327504	false	0.5
opfer	neg 1.0		__DUMMY__ 0.928836548985176 neg 0.0362142504015295 off 0.034949200613294575	false	1.0
sinken	neg 1.0		__DUMMY__ 0.932190646117305 neg 0.035996520457033374 off 0.031812833425661664	false	1.0
stinktier	neg 1.0		__DUMMY__ 0.9155836614705644 off 0.045640988866416966 neg 0.03877534966301869	false	0.5
tucke	off 1.0		__DUMMY__ 0.9159932988817562 off 0.0485748673789408 neg 0.035431833739303135	false	1.0
ein			__DUMMY__ 0.9272774917847284 off 0.038165595049142936 neg 0.03455691316612864	false	0.0
abstieg	neg 1.0		__DUMMY__ 0.9305550823552431 neg 0.03537413920467613 off 0.0340707784400808	false	1.0
missverstehen	neg 1.0		__DUMMY__ 0.9224783379820471 off 0.04021099295553971 neg 0.03731066906241306	false	0.5
ergebnislos	neg 1.0		__DUMMY__ 0.9307004928306579 neg 0.035478402596231605 off 0.03382110457311042	false	1.0
unter			__DUMMY__ 0.9369104496565425 neg 0.035809016204902226 off 0.02728053413855526	false	0.0
manipulieren	neg 1.0		__DUMMY__ 0.9298787433690116 neg 0.03660838639140417 off 0.03351287023958421	false	1.0
unbewiesen	neg 1.0		__DUMMY__ 0.9225945479074188 neg 0.03955686638107789 off 0.0378485857115034	false	1.0
verschleppen	neg 1.0		__DUMMY__ 0.9279766118259232 neg 0.03673667087656798 off 0.035286717297508756	false	1.0
weib	off 1.0		__DUMMY__ 0.9145292415612042 off 0.04850531964729389 neg 0.0369654387915019	false	1.0
opposition	neg 1.0		__DUMMY__ 0.9248567424937807 off 0.03862517260183576 neg 0.03651808490438362	false	0.5
verkehrswidrig	neg 1.0		__DUMMY__ 0.9264982656444648 off 0.04434494915098844 neg 0.029156785204546683	false	0.5
inkorrekt	neg 1.0		__DUMMY__ 0.9192649073185505 off 0.04478270905619952 neg 0.03595238362524998	false	0.5
vermeiden	neg 1.0	neg 1.0	neg 0.5029934871064394 __DUMMY__ 0.4698328843825423 off 0.027173628511018292	false	1.0
abweichung	neg 1.0		__DUMMY__ 0.928624574533469 neg 0.03667002241003442 off 0.03470540305649665	false	1.0
alkoholisiert	neg 1.0		__DUMMY__ 0.931185544014865 neg 0.03553831749685195 off 0.03327613848828308	false	1.0
scheiss	off 1.0	off 1.0	off 0.5078989871605373 __DUMMY__ 0.4597622756665648 neg 0.03233873717289787	false	1.0
herausforderung	neg 1.0		__DUMMY__ 0.9297095183997021 neg 0.03672464653953972 off 0.0335658350607582	false	1.0
pervers	off 1.0		__DUMMY__ 0.915798975090874 off 0.05057662704303143 neg 0.03362439786609446	false	1.0
wackelig	neg 1.0		__DUMMY__ 0.93176019507189 off 0.03556078800527338 neg 0.03267901692283654	false	0.5
verwickeln	neg 1.0		__DUMMY__ 0.9227748602397868 off 0.03980531198666993 neg 0.03741982777354317	false	0.5
vorwand	neg 1.0		__DUMMY__ 0.9288048035931362 neg 0.03774485797137077 off 0.033450338435492916	false	1.0
muschi	off 1.0		__DUMMY__ 0.9283651012120013 off 0.03692635576970655 neg 0.03470854301829215	false	1.0
entmutigung	neg 1.0		__DUMMY__ 0.926250447426174 off 0.03879714837766613 neg 0.03495240419615984	false	0.5
unangemessen	neg 1.0		__DUMMY__ 0.9248434497517708 neg 0.0385388448461277 off 0.0366177054021015	false	1.0
unstetig	neg 1.0		__DUMMY__ 0.9266981122696804 off 0.03933106468338451 neg 0.033970823046935134	false	0.5
entmutigen	neg 1.0		__DUMMY__ 0.926299126710789 off 0.03832319318485231 neg 0.035377680104358676	false	0.5
schwanz	neg 1.0		__DUMMY__ 0.9298152547976329 neg 0.03550701985121588 off 0.034677725351151184	false	1.0
verbot	neg 1.0		__DUMMY__ 0.9277190998708594 neg 0.036642970165524064 off 0.03563792996361658	false	1.0
leid	neg 1.0		__DUMMY__ 0.9193868720640522 off 0.046162194650254965 neg 0.034450933285692834	false	0.5
archaisch	neg 1.0		__DUMMY__ 0.9271334863322294 off 0.03659412571926805 neg 0.036272387948502516	false	0.5
gegen			__DUMMY__ 0.931854290815325 neg 0.03593277615016259 off 0.03221293303451241	false	0.0
scheidung	neg 1.0		__DUMMY__ 0.9186055852322728 off 0.05419145204158136 neg 0.02720296272614589	false	0.5
einschlag	neg 1.0		__DUMMY__ 0.9227376517358441 off 0.0438800724560087 neg 0.03338227580814719	false	0.5
m			__DUMMY__ 0.9296616201516862 off 0.03549589453953484 neg 0.034842485308778925	false	0.0
abgestanden	neg 1.0		__DUMMY__ 0.9259671144335961 off 0.037334652161058024 neg 0.03669823340534573	false	0.5
schmierig	off 1.0		__DUMMY__ 0.9214421829274225 off 0.0455272933824088 neg 0.033030523690168685	false	1.0
unpraktisch	neg 1.0		__DUMMY__ 0.9271989081331847 off 0.03845854978436522 neg 0.03434254208245005	false	0.5
wixxer	off 1.0		__DUMMY__ 0.9137822464285307 off 0.05080757662998729 neg 0.035410176941482	false	1.0
bezeichnet			__DUMMY__ 0.924382975848294 off 0.03791131982309902 neg 0.03770570432860698	false	0.0
jammerlappen	off 1.0		__DUMMY__ 0.9250558772066297 off 0.04155878081640519 neg 0.03338534197696505	false	1.0
farce	neg 1.0		__DUMMY__ 0.927266547713272 off 0.036396487161958944 neg 0.03633696512476898	false	0.5
zwecklos	neg 1.0		__DUMMY__ 0.9261672992262842 neg 0.0375549187316128 off 0.03627778204210304	false	1.0
turbulent	neg 1.0		__DUMMY__ 0.9220681499423751 off 0.042626008496877976 neg 0.035305841560746946	false	0.5
invasion	neg 1.0		__DUMMY__ 0.9256823120893918 off 0.03912315063904835 neg 0.03519453727155988	false	0.5
schuld	neg 1.0		__DUMMY__ 0.9247343356136573 off 0.03867732516212699 neg 0.03658833922421574	false	0.5
risiko	neg 1.0	neg 1.0	neg 0.49992682085813356 __DUMMY__ 0.46526419325758717 off 0.034808985884279275	false	1.0
finster	neg 1.0		__DUMMY__ 0.924784966179372 off 0.03815318014958116 neg 0.03706185367104676	false	0.5
geisteskrank	off 1.0		__DUMMY__ 0.919498954204068 off 0.04322821043211214 neg 0.03727283536381983	false	1.0
zusammenbrechen	neg 1.0		__DUMMY__ 0.9277575096091222 off 0.036225266017357385 neg 0.03601722437352038	false	0.5
ausbeute	neg 1.0		__DUMMY__ 0.935969209780589 off 0.034054871155018 neg 0.029975919064393123	false	0.5
hinterhalt	neg 1.0		__DUMMY__ 0.9347590240474631 off 0.03569732388427497 neg 0.029543652068261848	false	0.5
kritik	neg 1.0		__DUMMY__ 0.9268554222057814 neg 0.036858548364628735 off 0.03628602942958978	false	1.0
einschrumpfen	neg 1.0		__DUMMY__ 0.9232517234339798 off 0.04085118028892342 neg 0.03589709627709677	false	0.5
riskant	neg 1.0		__DUMMY__ 0.9273876389852923 neg 0.03828375977087631 off 0.034328601243831365	false	1.0
frustrieren	neg 1.0		__DUMMY__ 0.9276440449373614 neg 0.03734181312584168 off 0.03501414193679691	false	1.0
groll	neg 1.0		__DUMMY__ 0.9263733178309884 neg 0.03772270236738075 off 0.035903979801630834	false	1.0
gibt			__DUMMY__ 0.9280053214252373 off 0.03636002682045702 neg 0.0356346517543058	false	0.0
qualvoll	neg 1.0		__DUMMY__ 0.9260068832912254 off 0.039939108221463494 neg 0.034054008487311084	false	0.5
wackeln	neg 1.0		__DUMMY__ 0.9290331484785677 off 0.038110883815847964 neg 0.03285596770558447	false	0.5
klagen	neg 1.0		__DUMMY__ 0.9303204157235961 neg 0.03753536554706982 off 0.032144218729334095	false	1.0
bankrott	neg 1.0		__DUMMY__ 0.9262198561902979 off 0.04073161768139506 neg 0.033048526128307054	false	0.5
trauern	neg 1.0		__DUMMY__ 0.9314585323233967 off 0.03445217392189184 neg 0.034089293754711515	false	0.5
ablehnung	neg 1.0		__DUMMY__ 0.9267925523570812 neg 0.037111370580472536 off 0.036096077062446226	false	1.0
stur	neg 1.0		__DUMMY__ 0.9250128864990887 off 0.0387757448429338 neg 0.03621136865797733	false	0.5
aufruhr	neg 1.0		__DUMMY__ 0.9282656417562631 off 0.03681381275823 neg 0.03492054548550684	false	0.5
melancholie	neg 1.0		__DUMMY__ 0.9302806463351412 neg 0.035051889554196754 off 0.0346674641106621	false	1.0
ist			__DUMMY__ 0.9260902278756394 off 0.03918026854191018 neg 0.034729503582450374	false	0.0
torheit	neg 1.0		__DUMMY__ 0.9266489033840468 off 0.03799945602760811 neg 0.03535164058834506	false	0.5
dreckskind	off 1.0		__DUMMY__ 0.9166050514170399 off 0.047137375003004835 neg 0.036257573579955404	false	1.0
umtauschen	neg 1.0		__DUMMY__ 0.9282312483526122 off 0.036772485466046397 neg 0.034996266181341364	false	0.5
zum			__DUMMY__ 0.9373530844050724 neg 0.032903774015984495 off 0.0297431415789432	false	0.0
zersetzen	neg 1.0		__DUMMY__ 0.9277052940109605 neg 0.03861798250157784 off 0.03367672348746176	false	1.0
zur			__DUMMY__ 0.9352088278929077 neg 0.035222259709913696 off 0.02956891239717851	false	0.0
frust	neg 1.0		__DUMMY__ 0.9282340796664619 off 0.03627919129276658 neg 0.03548672904077161	false	0.5
unerbittlichkeit	neg 1.0		__DUMMY__ 0.9291002941156319 neg 0.03730053443609395 off 0.03359917144827424	false	1.0
zwei			__DUMMY__ 0.935942417022475 neg 0.03343159547089377 off 0.030625987506631112	false	0.0
unkorrekt	neg 1.0		__DUMMY__ 0.9213809912788636 off 0.04419962939646865 neg 0.03441937932466781	false	0.5
hexe	off 1.0		__DUMMY__ 0.9214899760256462 off 0.041496938586621096 neg 0.03701308538773272	false	1.0
lasch	neg 1.0		__DUMMY__ 0.9224236697917898 off 0.04098755333659759 neg 0.03658877687161262	false	0.5
rivale	neg 1.0		__DUMMY__ 0.9225732770482681 off 0.043248652993973825 neg 0.03417806995775807	false	0.5
mutlos	off 1.0	off 1.0	off 0.5015161721321956 __DUMMY__ 0.4634557590753172 neg 0.035028068792487266	false	1.0
wirr	off 1.0		__DUMMY__ 0.9193520437515184 off 0.04486447720155961 neg 0.035783479046922084	false	1.0
jahr			__DUMMY__ 0.9368019082472814 off 0.03249691433724451 neg 0.030701177415474117	false	0.0
wird			__DUMMY__ 0.928238213903864 neg 0.036436134173872925 off 0.03532565192226319	false	0.0
strafbar	neg 1.0		__DUMMY__ 0.9273962146515795 neg 0.037864824381023295 off 0.03473896096739717	false	1.0
erosion	neg 1.0		__DUMMY__ 0.9289666491112597 off 0.03734124864006192 neg 0.03369210224867832	false	0.5
eingehen	neg 1.0		__DUMMY__ 0.927193920314483 neg 0.037930928037925825 off 0.034875151647591196	false	1.0
faul	off 1.0		__DUMMY__ 0.9263666371751628 off 0.040577608923676615 neg 0.033055753901160626	false	1.0
provisorium	neg 1.0		__DUMMY__ 0.9379755374765991 neg 0.034430475754417295 off 0.027593986768983593	false	1.0
schmerzen	neg 1.0		__DUMMY__ 0.9264951816306178 neg 0.03724786650182884 off 0.03625695186755339	false	1.0
schrumpfen	neg 1.0		__DUMMY__ 0.9313138345243857 neg 0.03865103291745346 off 0.030035132558160912	false	1.0
geistlos	off 1.0		__DUMMY__ 0.9214017322842466 off 0.04021396275132382 neg 0.03838430496442963	false	1.0
fehlkauf	neg 1.0		__DUMMY__ 0.9270557209971066 off 0.03900046767109773 neg 0.03394381133179555	false	0.5
frustrierend	neg 1.0		__DUMMY__ 0.9244275453532677 off 0.040784393239329655 neg 0.03478806140740265	false	0.5
unzufrieden	neg 1.0		__DUMMY__ 0.9260850590015925 neg 0.037857032886257774 off 0.03605790811214969	false	1.0
verzweifeln	neg 1.0		__DUMMY__ 0.927060460596891 off 0.03693460688550473 neg 0.03600493251760432	false	0.5
verzweifelt	neg 1.0	neg 1.0	neg 0.5041535994278274 __DUMMY__ 0.46057269954537994 off 0.03527370102679265	false	1.0
misstrauensantrag	neg 1.0		__DUMMY__ 0.9258909975803857 off 0.03907365881229236 neg 0.03503534360732198	false	0.5
abfallen	neg 1.0		__DUMMY__ 0.9288664456177416 off 0.037857530140458215 neg 0.03327602424180027	false	0.5
fucker	off 1.0		__DUMMY__ 0.9234221006916746 off 0.043986808704692446 neg 0.03259109060363287	false	1.0
ungezogen	neg 1.0		__DUMMY__ 0.9168538955619626 off 0.04981054343619503 neg 0.03333556100184237	false	0.5
irrsinnig	neg 1.0	neg 1.0	neg 0.5035267819365471 __DUMMY__ 0.46122176473096055 off 0.03525145333249242	false	1.0
unfassbar	neg 1.0		__DUMMY__ 0.924279218119713 off 0.04247788879148259 neg 0.03324289308880436	false	0.5
hart	neg 1.0		__DUMMY__ 0.9238055613623571 off 0.0419387418869969 neg 0.0342556967506459	false	0.5
widerlich	off 1.0		__DUMMY__ 0.9212146616660523 off 0.043068814149272536 neg 0.035716524184675205	false	1.0
fatal	neg 1.0		__DUMMY__ 0.9258349386229994 off 0.03948587739412838 neg 0.03467918398287228	false	0.5
bruch	neg 1.0		__DUMMY__ 0.931199032725108 neg 0.03631791378124851 off 0.03248305349364345	false	1.0
aushungern	neg 1.0		__DUMMY__ 0.9283087673097934 off 0.03638000631672977 neg 0.035311226373476896	false	0.5
anspannung	neg 1.0		__DUMMY__ 0.9361657849041554 neg 0.03379987676459852 off 0.030034338331246153	false	1.0
von			__DUMMY__ 0.9382831656289689 off 0.032523085405761556 neg 0.029193748965269634	false	0.0
kraftlos	neg 1.0		__DUMMY__ 0.9294196050853508 off 0.03558828215046261 neg 0.03499211276418649	false	0.5
vom			__DUMMY__ 0.9395072141608022 neg 0.032641883347641745 off 0.02785090249155607	false	0.0
grenzdebil	off 1.0		__DUMMY__ 0.9244216322647899 off 0.0426275561658633 neg 0.03295081156934682	false	1.0
vor			__DUMMY__ 0.932205911265979 neg 0.035026979556960026 off 0.03276710917706105	false	0.0
unterwerfen	neg 1.0		__DUMMY__ 0.9285345056199056 neg 0.03656059736933249 off 0.03490489701076197	false	1.0
versenkung	neg 1.0		__DUMMY__ 0.9301895299853689 off 0.035055886822165774 neg 0.034754583192465355	false	0.5
entziehen	neg 1.0		__DUMMY__ 0.9300576319195694 neg 0.03741215999514336 off 0.0325302080852873	false	1.0
finanzkrise	neg 1.0		__DUMMY__ 0.9262141946357595 neg 0.03700575295692052 off 0.03678005240732004	false	1.0
schimpfend	neg 1.0		__DUMMY__ 0.9262002635669826 off 0.03876003530980023 neg 0.03503970112321717	false	0.5
profan	neg 1.0		__DUMMY__ 0.924672745147208 off 0.039763062983511475 neg 0.03556419186928054	false	0.5
korruption	neg 1.0		__DUMMY__ 0.928021050211219 neg 0.036627711828214254 off 0.035351237960566856	false	1.0
â			__DUMMY__ 0.930529185501487 off 0.035042635732229765 neg 0.03442817876628324	false	0.0
schmutzig	neg 1.0		__DUMMY__ 0.9248467294577029 off 0.04298648104542234 neg 0.032166789496874806	false	0.5
sexy	neg 1.0		__DUMMY__ 0.9261808023846018 off 0.04044194349076691 neg 0.03337725412463135	false	0.5
abraten	neg 1.0		__DUMMY__ 0.9261411922039713 off 0.03909899311760481 neg 0.03475981467842396	false	0.5
schwarz	neg 1.0		__DUMMY__ 0.9260667436603031 off 0.03888198436010374 neg 0.03505127197959326	false	0.5
fotze	off 1.0	off 1.0	off 0.5024844281338071 __DUMMY__ 0.4658419531740626 neg 0.031673618692130166	false	1.0
verwirren	neg 1.0		__DUMMY__ 0.9248981054431094 off 0.04019296337473844 neg 0.034908931182152256	false	0.5
zahnlos	off 1.0		__DUMMY__ 0.9265754097807039 neg 0.03672173599064452 off 0.03670285422865165	false	0.5
verheeren	neg 1.0		__DUMMY__ 0.9175202741816125 off 0.05110034350745921 neg 0.03137938231092821	false	0.5
hippie	neg 1.0		__DUMMY__ 0.9261283657596059 off 0.04023399783268049 neg 0.03363763640771371	false	0.5
rammen	neg 1.0		__DUMMY__ 0.9251469275586843 off 0.0383496420989225 neg 0.03650343034239319	false	0.5
unlauter	neg 1.0		__DUMMY__ 0.9240896286275394 off 0.03849445779737832 neg 0.03741591357508229	false	0.5
unheilvoll	neg 1.0		__DUMMY__ 0.9272257252501847 off 0.03869304442492509 neg 0.03408123032489019	false	0.5
niedrig	neg 1.0		__DUMMY__ 0.9274949683922517 neg 0.03886046075852829 off 0.03364457084922003	false	1.0
explosion	neg 1.0		__DUMMY__ 0.9257078239401334 off 0.03972994180865064 neg 0.03456223425121603	false	0.5
weichei	off 1.0	off 1.0	off 0.5123708714217822 __DUMMY__ 0.4559513032907614 neg 0.031677825287456454	false	1.0
minusmensch	off 1.0		__DUMMY__ 0.9151867198896543 off 0.04939905144305562 neg 0.03541422866729018	false	1.0
farblos	neg 1.0		__DUMMY__ 0.9285996902828458 off 0.03670050049315559 neg 0.03469980922399861	false	0.5
unwissend	neg 1.0	neg 1.0	neg 0.5027639615935212 __DUMMY__ 0.4592747283927306 off 0.03796131001374824	false	1.0
traurig	neg 1.0		__DUMMY__ 0.9229675772423901 off 0.04430630362318959 neg 0.03272611913442035	false	0.5
senkung	neg 1.0		__DUMMY__ 0.9235619781332032 off 0.03963192726927981 neg 0.03680609459751702	false	0.5
ungleich	neg 1.0	neg 1.0	neg 0.5051477653275681 __DUMMY__ 0.4638928332046778 off 0.030959401467754076	false	1.0
heikel	neg 1.0		__DUMMY__ 0.9274719367110377 neg 0.038243354374714884 off 0.034284708914247466	false	1.0
drosselung	neg 1.0		__DUMMY__ 0.9235841660812524 off 0.04238072940939016 neg 0.0340351045093575	false	0.5
falsch	neg 1.0		__DUMMY__ 0.9236999850956126 off 0.040897478406566413 neg 0.03540253649782098	false	0.5
unzufriedenheit	neg 1.0		__DUMMY__ 0.9294717331252579 neg 0.037396067243592845 off 0.033132199631149335	false	1.0
kurz	neg 1.0		__DUMMY__ 0.9307815043979859 off 0.0361124816665525 neg 0.03310601393546157	false	0.5
unsinnig	neg 1.0		__DUMMY__ 0.9253255182147381 neg 0.037879595395297325 off 0.036794886389964546	false	1.0
penner	off 1.0	off 1.0	off 0.5135875846071052 __DUMMY__ 0.4556186613619024 neg 0.03079375403099243	false	1.0
seicht	neg 1.0		__DUMMY__ 0.9151299170304688 off 0.04974145373071193 neg 0.03512862923881932	false	0.5
dummheit	off 1.0	off 1.0	off 0.5067237101403476 __DUMMY__ 0.45967155529704895 neg 0.033604734562603475	false	1.0
unerfreulich	neg 1.0		__DUMMY__ 0.9294638069563791 neg 0.0370734606812211 off 0.03346273236239987	false	1.0
motherfucker	off 1.0	off 1.0	off 0.5096911745266287 __DUMMY__ 0.45969594006328657 neg 0.030612885410084733	false	1.0
pikiert	neg 1.0		__DUMMY__ 0.9223408424431032 off 0.04245849218452628 neg 0.03520066537237056	false	0.5
wrack	neg 1.0		__DUMMY__ 0.9304572065330878 off 0.03539865336900489 neg 0.03414414009790723	false	0.5
gangster	neg 1.0		__DUMMY__ 0.9260598337387118 off 0.040226070521644626 neg 0.03371409573964359	false	0.5
krank	neg 1.0		__DUMMY__ 0.9248206966047151 off 0.04240947628891582 neg 0.032769827106369116	false	0.5
reich	neg 1.0		__DUMMY__ 0.9264366897323322 off 0.04158692259347187 neg 0.03197638767419595	false	0.5
gnadenlos	neg 1.0		__DUMMY__ 0.9254187525808111 off 0.038752677012834774 neg 0.03582857040635424	false	0.5
niedergeschlagen	neg 1.0		__DUMMY__ 0.9285041757215611 off 0.036403709168814316 neg 0.035092115109624636	false	0.5
terrorisieren	off 1.0	off 1.0	off 0.501640077413408 __DUMMY__ 0.4651666680231856 neg 0.03319325456340642	false	1.0
sinnlosigkeit	neg 1.0		__DUMMY__ 0.9271000064208479 neg 0.036706812500552494 off 0.0361931810785996	false	1.0
behindern	neg 1.0		__DUMMY__ 0.928127619832598 off 0.036782326591523244 neg 0.035090053575878834	false	0.5
undemokratisch	neg 1.0		__DUMMY__ 0.9257959160577347 off 0.0386577447840584 neg 0.0355463391582069	false	0.5
wirtschaftskrise	neg 1.0		__DUMMY__ 0.927628062082428 neg 0.037170450102907954 off 0.03520148781466402	false	1.0
neid	neg 1.0		__DUMMY__ 0.9263667963528179 off 0.0404829779424103 neg 0.033150225704771795	false	0.5
rutschen	neg 1.0		__DUMMY__ 0.9365997503588516 neg 0.03294439541153246 off 0.030455854229615952	false	1.0
rezession	neg 1.0		__DUMMY__ 0.9166761196660188 off 0.04492043693231523 neg 0.03840344340166592	false	0.5
fehlgeburt	neg 1.0		__DUMMY__ 0.9276019594523456 off 0.03869441573981783 neg 0.03370362480783665	false	0.5
charakterschwach	off 1.0		__DUMMY__ 0.9213080954932641 off 0.0430246632187442 neg 0.0356672412879918	false	1.0
isolation	neg 1.0		__DUMMY__ 0.9254274265638636 off 0.040381060120365186 neg 0.03419151331577125	false	0.5
ablenkung	neg 1.0		__DUMMY__ 0.9281375924526282 off 0.03760831281410638 neg 0.03425409473326545	false	0.5
pech	neg 1.0		__DUMMY__ 0.9250414390771489 off 0.04013816326514183 neg 0.034820397657709265	false	0.5
vermeidung	neg 1.0		__DUMMY__ 0.9241159992753507 off 0.042510113683257696 neg 0.033373887041391555	false	0.5
dominieren	neg 1.0		__DUMMY__ 0.9301505002110891 neg 0.035336921762119375 off 0.03451257802679148	false	1.0
schwindlig	neg 1.0		__DUMMY__ 0.9278421640473034 off 0.03879460579223377 neg 0.03336323016046285	false	0.5
lutscher	neg 1.0		__DUMMY__ 0.9159071180523303 off 0.04978292014443022 neg 0.03430996180323959	false	0.5
pflicht	neg 1.0		__DUMMY__ 0.9285382048791998 neg 0.037961834888056045 off 0.03349996023274413	false	1.0
faschist	off 1.0		__DUMMY__ 0.9251240787443482 off 0.04063789761135095 neg 0.03423802364430077	false	1.0
verschleudern	neg 1.0		__DUMMY__ 0.9278997882830421 neg 0.038000404850795484 off 0.03409980686616237	false	1.0
wenn			__DUMMY__ 0.9243249859471299 off 0.04103552591720607 neg 0.034639488135664094	false	0.0
ehebruch	neg 1.0		__DUMMY__ 0.9283324573921605 neg 0.03634431072552306 off 0.0353232318823164	false	1.0
spott	off 1.0		__DUMMY__ 0.9279038829254611 neg 0.037095975536828314 off 0.03500014153771061	false	0.5
trostlosigkeit	neg 1.0		__DUMMY__ 0.9318971965994607 neg 0.03529843599013334 off 0.03280436741040591	false	1.0
lutschen	neg 1.0		__DUMMY__ 0.9239729597202834 off 0.040642864300193676 neg 0.03538417597952296	false	0.5
undiszipliniert	neg 1.0		__DUMMY__ 0.9218786431405384 off 0.04387018551870792 neg 0.03425117134075369	false	0.5
kopfschmerz	neg 1.0		__DUMMY__ 0.9272238120625574 neg 0.03729075468368318 off 0.035485433253759455	false	1.0
unvorhergesehen	neg 1.0		__DUMMY__ 0.9335996839039522 off 0.03320654372736683 neg 0.0331937723686809	false	0.5
desinteressiert	neg 1.0	neg 1.0	neg 0.5016075515042389 __DUMMY__ 0.45873797574634134 off 0.039654472749419786	false	1.0
armselig	off 1.0		__DUMMY__ 0.9195315640241888 off 0.04471362933865646 neg 0.03575480663715479	false	1.0
desaster	neg 1.0		__DUMMY__ 0.9307574323032745 neg 0.03719831167308165 off 0.03204425602364385	false	1.0
tod	neg 1.0		__DUMMY__ 0.9324698657721733 off 0.03488552106299682 neg 0.03264461316482995	false	0.5
herzlos	neg 1.0		__DUMMY__ 0.9212864790230154 off 0.044455205574793086 neg 0.03425831540219155	false	0.5
unwissenheit	neg 1.0		__DUMMY__ 0.9269512042744571 neg 0.03709551008394967 off 0.035953285641593245	false	1.0
widersinnig	neg 1.0		__DUMMY__ 0.924228846122253 neg 0.039593672858149284 off 0.03617748101959783	false	1.0
bedenklich	neg 1.0		__DUMMY__ 0.9267954532489195 neg 0.037962641706357034 off 0.035241905044723396	false	1.0
beanstanden	neg 1.0		__DUMMY__ 0.929278484053335 neg 0.037602317563513066 off 0.033119198383151825	false	1.0
panisch	neg 1.0	neg 1.0	neg 0.4991826022709185 __DUMMY__ 0.4652313089883693 off 0.03558608874071222	false	1.0
debil	off 1.0		__DUMMY__ 0.9361584194987985 neg 0.03561297740558994 off 0.0282286030956115	false	0.5
abstrich	neg 1.0		__DUMMY__ 0.9341269656807338 off 0.03554028100116578 neg 0.0303327533181004	false	0.5
primitiv	neg 1.0		__DUMMY__ 0.9207134449980576 off 0.04325925878350097 neg 0.03602729621844135	false	0.5
abschaum	off 1.0	off 1.0	off 0.5084476742335554 __DUMMY__ 0.4592977343965056 neg 0.03225459136993899	false	1.0
provozieren	neg 1.0		__DUMMY__ 0.9239111159067278 off 0.038638192724932706 neg 0.037450691368339464	false	0.5
tot	neg 1.0		__DUMMY__ 0.9285141930745519 neg 0.03646177600041991 off 0.03502403092502834	false	1.0
instabil	neg 1.0		__DUMMY__ 0.9218345510240248 off 0.044082652494651854 neg 0.034082796481323306	false	0.5
schwuchtel	off 1.0	off 1.0	off 0.5181349739022006 __DUMMY__ 0.45090100140548556 neg 0.030964024692313703	false	1.0
zerren	neg 1.0		__DUMMY__ 0.9286908916378633 off 0.03610639443467317 neg 0.035202713927463526	false	0.5
kinderficker	off 1.0		__DUMMY__ 0.9203276354904831 off 0.046786812705633236 neg 0.03288555180388363	false	1.0
gefahr	neg 1.0		__DUMMY__ 0.9311713159061554 neg 0.03583926009238985 off 0.03298942400145478	false	1.0
rabiat	neg 1.0		__DUMMY__ 0.926982192173583 off 0.03786034535634112 neg 0.03515746247007587	false	0.5
verlangsamung	neg 1.0		__DUMMY__ 0.9151945507854254 off 0.048186956888986346 neg 0.03661849232558818	false	0.5
ausgestorben	neg 1.0		__DUMMY__ 0.9280264265631838 off 0.03752158831821442 neg 0.034451985118601806	false	0.5
anklagen	neg 1.0		__DUMMY__ 0.9288660524035353 neg 0.03570520034655491 off 0.0354287472499098	false	1.0
trott	neg 1.0		__DUMMY__ 0.9279322473910592 off 0.03712159027089748 neg 0.03494616233804335	false	0.5
verminderung	neg 1.0		__DUMMY__ 0.9222595176685283 off 0.042738466472176884 neg 0.035002015859294786	false	0.5
nach			__DUMMY__ 0.9368379578821854 neg 0.033515881559802015 off 0.02964616055801255	false	0.0
rost	neg 1.0		__DUMMY__ 0.9191718558985676 off 0.046797709980450596 neg 0.034030434120981765	false	0.5
destruktiv	neg 1.0		__DUMMY__ 0.9249924973418594 off 0.037658124963479485 neg 0.037349377694661144	false	0.5
unzumutbarkeit	neg 1.0		__DUMMY__ 0.9251722088766245 off 0.04183610254664069 neg 0.03299168857673476	false	0.5
labil	off 1.0	off 1.0	off 0.5078334107079856 __DUMMY__ 0.4604553803748673 neg 0.031711208917147085	false	1.0
ziemlich	neg 1.0		__DUMMY__ 0.9250268152454103 off 0.04224599187211088 neg 0.03272719288247873	false	0.5
lachnummer	off 1.0		__DUMMY__ 0.9247964386211197 off 0.0384018190186647 neg 0.03680174236021555	false	1.0
oder			__DUMMY__ 0.9279180004052117 off 0.03808025828920022 neg 0.03400174130558807	false	0.0
verfall	neg 1.0		__DUMMY__ 0.9326371800248229 neg 0.03735088051219798 off 0.03001193946297914	false	1.0
ausgrenzung	neg 1.0		__DUMMY__ 0.9258604910914868 off 0.039124807431585105 neg 0.035014701476928034	false	0.5
unordnung	neg 1.0		__DUMMY__ 0.9261855001474824 off 0.043739949928465416 neg 0.03007454992405229	false	0.5
fehlverhalten	neg 1.0		__DUMMY__ 0.9270645358478167 neg 0.03891219929438828 off 0.03402326485779506	false	1.0
eine			__DUMMY__ 0.9312857491290701 neg 0.03557472341300841 off 0.03313952745792141	false	0.0
nille	neg 1.0		__DUMMY__ 0.9288249879932732 off 0.03732492083525116 neg 0.03385009117147565	false	0.5
qual	neg 1.0		__DUMMY__ 0.92817144568538 off 0.036829605559709176 neg 0.03499894875491078	false	0.5
verschwenden	neg 1.0		__DUMMY__ 0.9271993189913998 neg 0.03823082460113387 off 0.03456985640746629	false	1.0
riesig	neg 1.0		__DUMMY__ 0.9306464420773922 neg 0.03483444511388406 off 0.034519112808723725	false	1.0
verurteilen	neg 1.0		__DUMMY__ 0.9258856443541309 neg 0.03810047933187769 off 0.036013876313991444	false	1.0
klischee	neg 1.0	neg 1.0	neg 0.5030105872650293 __DUMMY__ 0.4598072866727131 off 0.03718212606225756	false	1.0
diktatorisch	neg 1.0		__DUMMY__ 0.9253182354900903 off 0.03885708895356235 neg 0.035824675556347364	false	0.5
vorhersehbar	neg 1.0		__DUMMY__ 0.9226282095265442 off 0.040472440917012346 neg 0.03689934955644355	false	0.5
sowie			__DUMMY__ 0.9197790159644582 off 0.04616739806742521 neg 0.034053585968116695	false	0.0
stornieren	neg 1.0		__DUMMY__ 0.9312846650752286 off 0.03879254166227821 neg 0.029922793262493225	false	0.5
besteuerung	neg 1.0		__DUMMY__ 0.9235175397058698 neg 0.03851655068095019 off 0.03796590961317989	false	1.0
ungeschminkt	neg 1.0		__DUMMY__ 0.9204682946957257 off 0.042607434798989485 neg 0.0369242705052848	false	0.5
kritisch	neg 1.0		__DUMMY__ 0.927497292997716 neg 0.037412135183966265 off 0.03509057181831779	false	1.0
schlamperei	off 1.0		__DUMMY__ 0.9304614798918237 neg 0.03557579835662845 off 0.03396272175154791	false	0.5
sucht	neg 1.0	neg 1.0	neg 0.49642248508549813 __DUMMY__ 0.4696583820722291 off 0.033919132842272715	false	1.0
egoistisch	off 1.0		__DUMMY__ 0.9180091288599553 off 0.046830530383109296 neg 0.035160340756935415	false	1.0
ausbeuter	off 1.0		__DUMMY__ 0.9263164053492422 neg 0.03966020867557935 off 0.03402338597517854	false	0.5
arschgeburt	off 1.0		__DUMMY__ 0.9112431737149492 off 0.05326622390333959 neg 0.03549060238171124	false	1.0
schubs	neg 1.0		__DUMMY__ 0.9288049677163898 neg 0.035695746214986356 off 0.03549928606862385	false	1.0
unsolide	neg 1.0		__DUMMY__ 0.9241509056840537 off 0.03928958131303233 neg 0.03655951300291401	false	0.5
beschwerde	neg 1.0		__DUMMY__ 0.9286970590022271 neg 0.03670469451159089 off 0.0345982464861821	false	1.0
stocken	neg 1.0		__DUMMY__ 0.9299064969608373 neg 0.035927102404134076 off 0.03416640063502875	false	1.0
isolieren	neg 1.0		__DUMMY__ 0.9285128974405414 neg 0.0361133234950539 off 0.03537377906440465	false	1.0
unheilbar	neg 1.0		__DUMMY__ 0.9268963930354956 off 0.038061762595267244 neg 0.0350418443692372	false	0.5
pisser	off 1.0		__DUMMY__ 0.9209500967580116 off 0.04428203341788719 neg 0.034767869824101114	false	1.0
löschen	neg 1.0		__DUMMY__ 0.9278478179501478 off 0.03745930196504302 neg 0.03469288008480916	false	0.5
durchfallen	neg 1.0		__DUMMY__ 0.9257108229421184 neg 0.03874728031997759 off 0.03554189673790412	false	1.0
wichser	off 1.0	off 1.0	off 0.5159071258147019 __DUMMY__ 0.4536754164604529 neg 0.030417457724845224	false	1.0
terror	neg 1.0		__DUMMY__ 0.9263785881313024 off 0.039746123986862746 neg 0.03387528788183489	false	0.5
krass	neg 1.0		__DUMMY__ 0.9213097428169592 off 0.04465878184638741 neg 0.03403147533665342	false	0.5
revolte	neg 1.0		__DUMMY__ 0.9265886433128548 off 0.03942683503867966 neg 0.033984521648465556	false	0.5
besorgt	neg 1.0		__DUMMY__ 0.9320978275084976 off 0.03607804036304187 neg 0.03182413212846066	false	0.5
nachlassen	neg 1.0		__DUMMY__ 0.9321329736141529 neg 0.03415922972758971 off 0.033707796658257315	false	1.0
alt	neg 1.0		__DUMMY__ 0.9280844686384062 neg 0.03689173206006763 off 0.03502379930152618	false	1.0
hundesohn	off 1.0		__DUMMY__ 0.9161614719559665 off 0.05046533104823308 neg 0.03337319699580037	false	1.0
als			__DUMMY__ 0.9279801359242023 neg 0.03602131194708687 off 0.03599855212871092	false	0.0
abschreckung	neg 1.0		__DUMMY__ 0.9294094955852558 neg 0.03757654110134096 off 0.033013963313403234	false	1.0
unqualifiziert	neg 1.0		__DUMMY__ 0.9218218871826739 off 0.041231931846528944 neg 0.03694618097079722	false	0.5
abgewichst	off 1.0		__DUMMY__ 0.9292880016063579 off 0.03661294526860746 neg 0.03409905312503463	false	1.0
schwer	neg 1.0		__DUMMY__ 0.9262980854798012 off 0.03729739465177958 neg 0.036404519868419284	false	0.5
bedeutungslosigkeit	neg 1.0		__DUMMY__ 0.9289035111398283 neg 0.03724774936760468 off 0.03384873949256704	false	1.0
kapitulation	neg 1.0		__DUMMY__ 0.9293964158973215 neg 0.03576488045809775 off 0.034838703644580714	false	1.0
unscharf	neg 1.0		__DUMMY__ 0.9241515433901367 off 0.03902188382995098 neg 0.03682657277991227	false	0.5
schwinden	neg 1.0		__DUMMY__ 0.9301620004274385 neg 0.03632727938209039 off 0.033510720190471126	false	1.0
versklavung	neg 1.0		__DUMMY__ 0.9269572749629154 off 0.03839778985604874 neg 0.034644935181035896	false	0.5
schlecht	neg 1.0		__DUMMY__ 0.9246398144485275 off 0.04246700357636183 neg 0.03289318197511071	false	0.5
verhasst	neg 1.0		__DUMMY__ 0.9225453877930725 off 0.03912517926023242 neg 0.038329432946695066	false	0.5
beschweren	neg 1.0		__DUMMY__ 0.9255620330456594 off 0.03933522531377985 neg 0.03510274164056072	false	0.5
scheiden	neg 1.0		__DUMMY__ 0.9295627800086199 off 0.037014055789776165 neg 0.033423164201603975	false	0.5
frustriert	neg 1.0		__DUMMY__ 0.926462784825522 neg 0.03685028224234878 off 0.03668693293212919	false	1.0
schimmelig	neg 1.0		__DUMMY__ 0.9263251461586179 neg 0.038894440305773534 off 0.03478041353560855	false	1.0
fisch	neg 1.0		__DUMMY__ 0.9290560825506088 neg 0.03863486348791097 off 0.03230905396148027	false	1.0
schmuggel	neg 1.0		__DUMMY__ 0.9294178299900626 neg 0.036532102755957765 off 0.034050067253979695	false	1.0
auffallen	neg 1.0		__DUMMY__ 0.9251196211802198 off 0.03990937984164375 neg 0.03497099897813646	false	0.5
konkurrenz	neg 1.0		__DUMMY__ 0.930462231477559 neg 0.03678560365705586 off 0.03275216486538521	false	1.0
teufelskreis	neg 1.0	neg 1.0	neg 0.5044177453482803 __DUMMY__ 0.46136681561348236 off 0.03421543903823718	false	1.0
aufschreien	neg 1.0		__DUMMY__ 0.9238089449850102 off 0.040060080837373405 neg 0.03613097417761637	false	0.5
schuldner	neg 1.0		__DUMMY__ 0.92796296370871 neg 0.038710357147903426 off 0.033326679143386585	false	1.0
missgeburt	off 1.0	off 1.0	off 0.5130965153364814 __DUMMY__ 0.45475459120249523 neg 0.0321488934610234	false	1.0
arbeitslos	neg 1.0		__DUMMY__ 0.9254528363641547 neg 0.038633105058533526 off 0.03591405857731186	false	1.0
befallen	neg 1.0		__DUMMY__ 0.9273568939606552 off 0.0365066354986672 neg 0.03613647054067755	false	0.5
miesepetrig	off 1.0	off 1.0	off 0.5079008841248069 __DUMMY__ 0.4610248946191505 neg 0.0310742212560427	false	1.0
alarmieren	neg 1.0		__DUMMY__ 0.9229770543573678 off 0.04150353909602685 neg 0.035519406546605375	false	0.5
ungeduscht	off 1.0		__DUMMY__ 0.9233770026004335 off 0.040529709552828114 neg 0.036093287846738396	false	1.0
knappheit	neg 1.0		__DUMMY__ 0.9249453185668767 neg 0.039705691069868675 off 0.035348990363254715	false	1.0
schlange	neg 1.0		__DUMMY__ 0.9297092933520004 off 0.038603512894577 neg 0.03168719375342259	false	0.5
harsch	neg 1.0		__DUMMY__ 0.9235730902692055 off 0.04565715718856971 neg 0.030769752542224804	false	0.5
lang	neg 1.0		__DUMMY__ 0.9278031086020471 off 0.03815140310605361 neg 0.0340454882918993	false	0.5
ziellos	neg 1.0		__DUMMY__ 0.9302801676862882 off 0.035013131586178636 neg 0.03470670072753311	false	0.5
selbstverliebt	neg 1.0		__DUMMY__ 0.9140812259457489 off 0.051148991798693894 neg 0.03476978225555719	false	0.5
beseitigen	neg 1.0		__DUMMY__ 0.9284556680991297 off 0.036267259038032004 neg 0.03527707286283818	false	0.5
dumm	off 1.0		__DUMMY__ 0.9188777178909343 off 0.04724019656033555 neg 0.03388208554873021	false	1.0
arbeitsloser	neg 1.0		__DUMMY__ 0.9283029581550889 off 0.03593022999860395 neg 0.035766811846307055	false	0.5
blitzen	neg 1.0		__DUMMY__ 0.9255184583706615 off 0.04014986475048492 neg 0.03433167687885354	false	0.5
hilflos	neg 1.0		__DUMMY__ 0.9268831297380767 neg 0.03688591910608969 off 0.03623095115583364	false	1.0
eklig	off 1.0		__DUMMY__ 0.9166388025872011 off 0.04774157494941886 neg 0.03561962246338007	false	1.0
begriff			__DUMMY__ 0.9263397656013799 off 0.037217458114537014 neg 0.03644277628408317	false	0.0
hungersnot	neg 1.0		__DUMMY__ 0.9295529775482906 off 0.03566095513156313 neg 0.034786067320146365	false	0.5
ungesetzlich	neg 1.0		__DUMMY__ 0.9228374256099766 off 0.03880896811238016 neg 0.03835360627764312	false	0.5
verschwendung	neg 1.0		__DUMMY__ 0.9286050700755447 neg 0.037124346494730294 off 0.034270583429725034	false	1.0
schmerzvoll	neg 1.0		__DUMMY__ 0.9262004456111986 off 0.0390182204163621 neg 0.034781333972439286	false	0.5
vorzeitig	neg 1.0		__DUMMY__ 0.9263244093373862 off 0.03977018064042158 neg 0.033905410022192134	false	0.5
unvollkommenheit	neg 1.0		__DUMMY__ 0.9323035082837591 off 0.03492318483390987 neg 0.032773306882331085	false	0.5
intervenieren	neg 1.0		__DUMMY__ 0.9279321900795431 neg 0.037743389629047816 off 0.03432442029140917	false	1.0
banause	off 1.0		__DUMMY__ 0.9138829123932205 off 0.04987299247778874 neg 0.036244095128990836	false	1.0
rebell	neg 1.0		__DUMMY__ 0.9310927842471636 neg 0.03807895830845193 off 0.030828257444384468	false	1.0
unlogisch	neg 1.0		__DUMMY__ 0.9202692681162169 off 0.044345801048401225 neg 0.03538493083538197	false	0.5
leiden	neg 1.0		__DUMMY__ 0.9313312872814512 neg 0.035840512252074595 off 0.03282820046647428	false	1.0
abschaffung	neg 1.0		__DUMMY__ 0.9266463795030904 off 0.03788793389010811 neg 0.03546568660680151	false	0.5
sturz	neg 1.0		__DUMMY__ 0.9295274813841122 off 0.03757567452672659 neg 0.0328968440891612	false	0.5
verkleinerung	neg 1.0		__DUMMY__ 0.9225196809621765 off 0.040182529879052825 neg 0.03729778915877066	false	0.5
schmarotzer	off 1.0		__DUMMY__ 0.9242935899848718 neg 0.03910825015443024 off 0.036598159860698025	false	0.5
bestrafung	neg 1.0		__DUMMY__ 0.9265429277824301 off 0.038583945996056815 neg 0.034873126221513055	false	0.5
achtlos	neg 1.0	neg 1.0	neg 0.5018349623515677 __DUMMY__ 0.464473199248972 off 0.033691838399460286	false	1.0
ungeheuer	neg 1.0		__DUMMY__ 0.9275235407677634 off 0.03938528767500259 neg 0.03309117155723396	false	0.5
