unsolidarisch	neg 1.0		off 0.4874517550429593 neg 0.47126316007598235 __DUMMY__ 0.04128508488105825	false	0.5
nachteilig	neg 1.0		off 0.4852190627298195 neg 0.4731211289900722 __DUMMY__ 0.04165980828010829	false	0.5
skeptisch	neg 1.0		off 0.4850639884443949 neg 0.47320791818548313 __DUMMY__ 0.04172809337012189	false	0.5
schrecklich	neg 1.0		off 0.499943918188227 neg 0.45893583256721115 __DUMMY__ 0.04112024924456187	false	0.5
schlapp	neg 1.0		off 0.4965715795283007 neg 0.46208019526689875 __DUMMY__ 0.04134822520480057	false	0.5
abfall	neg 1.0		off 0.48262878714142665 neg 0.47538403274104396 __DUMMY__ 0.041987180117529506	false	0.5
widerspenstig	neg 1.0		off 0.49109714623773293 neg 0.4673369838622129 __DUMMY__ 0.04156586990005427	false	0.5
abrupt	neg 1.0		off 0.4886543411185829 neg 0.46939677547965164 __DUMMY__ 0.04194888340176552	false	0.5
unwirksam	neg 1.0		off 0.48730982141166246 neg 0.4714435262857696 __DUMMY__ 0.04124665230256797	false	0.5
angreifen	neg 1.0		off 0.4846071200136872 neg 0.47369960927773846 __DUMMY__ 0.04169327070857414	false	0.5
inkonsistent	neg 1.0		off 0.49001461504104865 neg 0.4686384922242746 __DUMMY__ 0.041346892734676725	false	0.5
abrutschen	neg 1.0		off 0.4823312955418175 neg 0.4757821372872939 __DUMMY__ 0.04188656717088872	false	0.5
unsicher	neg 1.0		off 0.4912030485476897 neg 0.4671554861934513 __DUMMY__ 0.041641465258858965	false	0.5
bauernkind	off 1.0	off 1.0	off 0.7334354622086575 neg 0.24729950960275668 __DUMMY__ 0.019265028188585775	false	1.0
angreifer	neg 1.0	neg 1.0	neg 0.7169372893956641 off 0.26314903310796905 __DUMMY__ 0.019913677496366772	false	1.0
trennen	neg 1.0		off 0.48703561720252136 neg 0.4709991177356095 __DUMMY__ 0.041965265061869185	false	0.5
schmutz	neg 1.0		off 0.495419126877154 neg 0.46278108232439746 __DUMMY__ 0.041799790798448554	false	0.5
inkonsistenz	neg 1.0		off 0.49203506235392325 neg 0.46704062079621483 __DUMMY__ 0.04092431684986183	false	0.5
erschreckend	neg 1.0		off 0.48871606781312915 neg 0.4697917460982702 __DUMMY__ 0.04149218608860077	false	0.5
ertrinken	neg 1.0		off 0.48638289312818517 neg 0.47182210725417784 __DUMMY__ 0.04179499961763689	false	0.5
pickelface	off 1.0		off 0.49028603746807803 neg 0.46804984920689946 __DUMMY__ 0.04166411332502252	false	1.0
seiner			off 0.4860032736365866 neg 0.4722224121128446 __DUMMY__ 0.04177431425056887	false	0.0
lauch	neg 1.0		off 0.4844774848661624 neg 0.47350492287485524 __DUMMY__ 0.04201759225898254	false	0.5
unwichtig	neg 1.0		off 0.49389896009247164 neg 0.4649326690031477 __DUMMY__ 0.04116837090438069	false	0.5
steuerhinterziehung	neg 1.0	neg 1.0	neg 0.72090096207696 off 0.2592438812560588 __DUMMY__ 0.019855156666981177	false	1.0
schock	neg 1.0		off 0.49085012858752286 neg 0.4674377397844498 __DUMMY__ 0.04171213162802729	false	0.5
beule	neg 1.0		off 0.49675911592504174 neg 0.4620206667700777 __DUMMY__ 0.04122021730488055	false	0.5
vergelten	neg 1.0		off 0.5007479332870605 neg 0.45787243380068565 __DUMMY__ 0.04137963291225395	false	0.5
verdorbenheit	neg 1.0		off 0.4940060041377163 neg 0.4641967337693717 __DUMMY__ 0.04179726209291207	false	0.5
trauma	neg 1.0		off 0.4916970551221981 neg 0.46676651059999236 __DUMMY__ 0.04153643427780964	false	0.5
sinnlos	neg 1.0		off 0.4927613122453891 neg 0.4657840137447551 __DUMMY__ 0.04145467400985571	false	0.5
fettsack	off 1.0	off 1.0	off 0.7351952911096425 neg 0.24544389791186086 __DUMMY__ 0.019360810978496595	false	1.0
feige	off 1.0	off 1.0	off 0.7326666941967246 neg 0.24776420456543155 __DUMMY__ 0.019569101237843847	false	1.0
abdanken	neg 1.0		off 0.4901932982738359 neg 0.46817759285893 __DUMMY__ 0.0416291088672342	false	0.5
wichtigtuer	off 1.0	off 1.0	off 0.731671562262637 neg 0.24866054109011673 __DUMMY__ 0.019667896647246223	false	1.0
misslingen	neg 1.0		off 0.495225028167619 neg 0.46282545119465934 __DUMMY__ 0.041949520637721796	false	0.5
untreu	off 1.0		off 0.49558324953195304 neg 0.46316167043648404 __DUMMY__ 0.04125508003156296	false	1.0
missmutig	neg 1.0		off 0.4957986547780313 neg 0.4628231630685948 __DUMMY__ 0.04137818215337404	false	0.5
hurenbock	off 1.0		off 0.49414425739186757 neg 0.46423912075941964 __DUMMY__ 0.04161662184871288	false	1.0
betrunken	neg 1.0		off 0.4981901344148729 neg 0.46054510041625685 __DUMMY__ 0.04126476516887017	false	0.5
korrupt	off 1.0		off 0.4850230054014179 neg 0.4736069235963207 __DUMMY__ 0.041370071002261595	false	1.0
unmut	neg 1.0		off 0.4828912622879562 neg 0.4751751577197524 __DUMMY__ 0.041933579992291324	false	0.5
hackfresse	off 1.0		off 0.5022084314412995 neg 0.4569725971119592 __DUMMY__ 0.040818971446741244	false	1.0
aufblasen	neg 1.0		off 0.4933702254726434 neg 0.46506862535770466 __DUMMY__ 0.041561149169652034	false	0.5
gewaltsam	neg 1.0		off 0.4901000446424512 neg 0.468176356420043 __DUMMY__ 0.0417235989375057	false	0.5
unbeliebtheit	neg 1.0		off 0.4926412223486377 neg 0.46619688525379754 __DUMMY__ 0.04116189239756471	false	0.5
sturheit	neg 1.0		off 0.4880312315158613 neg 0.470455400823529 __DUMMY__ 0.04151336766060963	false	0.5
kuh	neg 1.0		off 0.48959230076800897 neg 0.4693458105300549 __DUMMY__ 0.04106188870193611	false	0.5
erschrecken	neg 1.0		off 0.4960926093685427 neg 0.46245032375003237 __DUMMY__ 0.041457066881424975	false	0.5
opfer	neg 1.0		off 0.48696801214355484 neg 0.4713165199347764 __DUMMY__ 0.04171546792166869	false	0.5
sinken	neg 1.0		off 0.484243050976689 neg 0.4737899452782877 __DUMMY__ 0.04196700374502337	false	0.5
stinktier	neg 1.0		off 0.495968575673415 neg 0.46342994729898807 __DUMMY__ 0.04060147702759696	false	0.5
tucke	off 1.0		off 0.5018130851020426 neg 0.45758312927565997 __DUMMY__ 0.04060378562229747	false	1.0
ein			off 0.49233503089590885 neg 0.46610404320605675 __DUMMY__ 0.04156092589803439	false	0.0
abstieg	neg 1.0		off 0.4868315853106808 neg 0.47132424996472155 __DUMMY__ 0.0418441647245976	false	0.5
missverstehen	neg 1.0		off 0.4912564638460262 neg 0.46755665822841125 __DUMMY__ 0.041186877925562436	false	0.5
ergebnislos	neg 1.0		off 0.4864462183295942 neg 0.47169785805583037 __DUMMY__ 0.041855923614575394	false	0.5
unter			off 0.4803851769243414 neg 0.47724702073631964 __DUMMY__ 0.042367802339338866	false	0.0
manipulieren	neg 1.0		off 0.4850297350410457 neg 0.4731855954350537 __DUMMY__ 0.04178466952390072	false	0.5
unbewiesen	neg 1.0		off 0.48652533692851424 neg 0.4722771405506936 __DUMMY__ 0.041197522520792215	false	0.5
verschleppen	neg 1.0		off 0.48660759087163064 neg 0.4717608105343894 __DUMMY__ 0.04163159859397988	false	0.5
weib	off 1.0		off 0.5002319728640522 neg 0.4592547308153018 __DUMMY__ 0.04051329632064607	false	1.0
opposition	neg 1.0		off 0.4910269871245088 neg 0.46760797632504203 __DUMMY__ 0.04136503655044921	false	0.5
verkehrswidrig	neg 1.0		off 0.5030874388736579 neg 0.4554684734810587 __DUMMY__ 0.04144408764528341	false	0.5
inkorrekt	neg 1.0		off 0.4965893009219692 neg 0.4625063950282798 __DUMMY__ 0.04090430404975113	false	0.5
vermeiden	neg 1.0	neg 1.0	neg 0.7231783642525461 off 0.2566972298913291 __DUMMY__ 0.020124405856124777	false	1.0
abweichung	neg 1.0		off 0.4863438063475374 neg 0.47199738550369486 __DUMMY__ 0.0416588081487677	false	0.5
alkoholisiert	neg 1.0		off 0.4872565161561683 neg 0.47089365348766643 __DUMMY__ 0.04184983035616527	false	0.5
scheiss	off 1.0	off 1.0	off 0.7337659612879923 neg 0.24660974919321016 __DUMMY__ 0.019624289518797484	false	1.0
herausforderung	neg 1.0		off 0.48545706309347847 neg 0.47277617249487913 __DUMMY__ 0.04176676441164225	false	0.5
pervers	off 1.0		off 0.5050049904388481 neg 0.4543963109882343 __DUMMY__ 0.0405986985729176	false	1.0
wackelig	neg 1.0		off 0.4913670991366583 neg 0.46671343370039553 __DUMMY__ 0.04191946716294604	false	0.5
verwickeln	neg 1.0		off 0.49073281275109515 neg 0.4680514927623591 __DUMMY__ 0.041215694486545794	false	0.5
vorwand	neg 1.0		off 0.48415987585869574 neg 0.4741247234334316 __DUMMY__ 0.04171540070787283	false	0.5
muschi	off 1.0		off 0.49042844501043004 neg 0.4679115927029369 __DUMMY__ 0.04165996228663315	false	1.0
entmutigung	neg 1.0		off 0.49145305543081863 neg 0.4670682870315103 __DUMMY__ 0.04147865753767108	false	0.5
unangemessen	neg 1.0		off 0.4864852917948797 neg 0.4721218495270773 __DUMMY__ 0.04139285867804295	false	0.5
unstetig	neg 1.0		off 0.49389205391610136 neg 0.4646308763179811 __DUMMY__ 0.041477069765917425	false	0.5
entmutigen	neg 1.0		off 0.49121189544479543 neg 0.4673035047095156 __DUMMY__ 0.04148459984568895	false	0.5
schwanz	neg 1.0		off 0.4879250843528813 neg 0.4703137462138398 __DUMMY__ 0.04176116943327902	false	0.5
verbot	neg 1.0		off 0.48689169217002576 neg 0.47149583841163906 __DUMMY__ 0.04161246941833532	false	0.5
leid	neg 1.0		off 0.5000849591735029 neg 0.4590210448559962 __DUMMY__ 0.04089399597050099	false	0.5
archaisch	neg 1.0		off 0.48861697873356463 neg 0.46982105756777065 __DUMMY__ 0.041561963698664606	false	0.5
gegen			off 0.48426786237058206 neg 0.47376136252551226 __DUMMY__ 0.041970775103905754	false	0.0
scheidung	neg 1.0		off 0.5132023999260552 neg 0.44597718223894495 __DUMMY__ 0.040820417834999845	false	0.5
einschlag	neg 1.0		off 0.49859421264637815 neg 0.46023850585382375 __DUMMY__ 0.04116728149979802	false	0.5
m			off 0.48931267888076185 neg 0.4689152444513551 __DUMMY__ 0.04177207666788311	false	0.0
abgestanden	neg 1.0		off 0.49045454773335695 neg 0.46813342923631945 __DUMMY__ 0.04141202303032366	false	0.5
schmierig	off 1.0		off 0.5006272151724269 neg 0.45831618412835834 __DUMMY__ 0.04105660069921481	false	1.0
unpraktisch	neg 1.0		off 0.49285043909312837 neg 0.46560984117912685 __DUMMY__ 0.041539719727744846	false	0.5
wixxer	off 1.0		off 0.5037532996287123 neg 0.45580171399896197 __DUMMY__ 0.04044498637232567	false	1.0
bezeichnet			off 0.48858774238561964 neg 0.4700597840175892 __DUMMY__ 0.041352473596791305	false	0.0
jammerlappen	off 1.0		off 0.4961062933526759 neg 0.4625133201754906 __DUMMY__ 0.04138038647183349	false	1.0
farce	neg 1.0		off 0.48798212135420327 neg 0.4704505557158261 __DUMMY__ 0.04156732292997071	false	0.5
zwecklos	neg 1.0		off 0.48710957660134707 neg 0.4713874138543394 __DUMMY__ 0.04150300954431343	false	0.5
turbulent	neg 1.0		off 0.4957950261542394 neg 0.46309179582425397 __DUMMY__ 0.04111317802150668	false	0.5
invasion	neg 1.0		off 0.49240591941356626 neg 0.46615166179199147 __DUMMY__ 0.04144241879444231	false	0.5
schuld	neg 1.0		off 0.49040227279221793 neg 0.4682177681345354 __DUMMY__ 0.0413799590732467	false	0.5
risiko	neg 1.0	neg 1.0	neg 0.7176806602291629 off 0.2624211180937114 __DUMMY__ 0.019898221677125582	false	1.0
finster	neg 1.0		off 0.490675502176193 neg 0.46798446740822863 __DUMMY__ 0.041340030415578294	false	0.5
geisteskrank	off 1.0		off 0.49428261468519846 neg 0.4647805746072407 __DUMMY__ 0.04093681070756091	false	1.0
zusammenbrechen	neg 1.0		off 0.48857476430249536 neg 0.4697945954694077 __DUMMY__ 0.04163064022809689	false	0.5
ausbeute	neg 1.0		off 0.49243996549302776 neg 0.46532461028227673 __DUMMY__ 0.04223542422469544	false	0.5
hinterhalt	neg 1.0		off 0.493996584667128 neg 0.46387553414576754 __DUMMY__ 0.04212788118710456	false	0.5
kritik	neg 1.0		off 0.4873895384642127 neg 0.47107140301411865 __DUMMY__ 0.04153905852166855	false	0.5
einschrumpfen	neg 1.0		off 0.493303980951536 neg 0.4654609542178087 __DUMMY__ 0.041235064830655366	false	0.5
riskant	neg 1.0		off 0.484698189484677 neg 0.4736921467889072 __DUMMY__ 0.04160966372641586	false	0.5
frustrieren	neg 1.0		off 0.48613392127468374 neg 0.4722435579187384 __DUMMY__ 0.0416225208065778	false	0.5
groll	neg 1.0		off 0.48655167349167644 neg 0.4719333719147738 __DUMMY__ 0.04151495459354961	false	0.5
gibt			off 0.4889076428331518 neg 0.46943576023459865 __DUMMY__ 0.041656596932249546	false	0.0
qualvoll	neg 1.0		off 0.4942493381510466 neg 0.46429361323980795 __DUMMY__ 0.041457048609145404	false	0.5
wackeln	neg 1.0		off 0.4934361414416347 neg 0.46485287643620027 __DUMMY__ 0.04171098212216497	false	0.5
klagen	neg 1.0		off 0.48292068599761145 neg 0.4752532498519429 __DUMMY__ 0.04182606415044566	false	0.5
bankrott	neg 1.0		off 0.4961680582462935 neg 0.4623612795457857 __DUMMY__ 0.04147066220792079	false	0.5
trauern	neg 1.0		off 0.48835853883422503 neg 0.4697304437017322 __DUMMY__ 0.04191101746404272	false	0.5
ablehnung	neg 1.0		off 0.4869081271018724 neg 0.471557375843141 __DUMMY__ 0.04153449705498648	false	0.5
stur	neg 1.0		off 0.49085295880025215 neg 0.46775071453728045 __DUMMY__ 0.041396326662467314	false	0.5
aufruhr	neg 1.0		off 0.48990113804890767 neg 0.4684461645880273 __DUMMY__ 0.041652697363064976	false	0.5
melancholie	neg 1.0		off 0.4886453183771939 neg 0.4695624640224599 __DUMMY__ 0.041792217600346244	false	0.5
ist			off 0.49269255762102904 neg 0.46582759988169875 __DUMMY__ 0.041479842497272164	false	0.0
torheit	neg 1.0		off 0.4905119258316445 neg 0.4679793152013807 __DUMMY__ 0.041508758966974854	false	0.5
dreckskind	off 1.0		off 0.49939838607058096 neg 0.4599175156172182 __DUMMY__ 0.040684098312200774	false	1.0
umtauschen	neg 1.0		off 0.49101364048190516 neg 0.4673650688264963 __DUMMY__ 0.041621290691598346	false	0.5
zum			off 0.4854372192519065 neg 0.4721704271936387 __DUMMY__ 0.042392353554454795	false	0.0
zersetzen	neg 1.0		off 0.48364501028790174 neg 0.474733962946019 __DUMMY__ 0.04162102676607925	false	0.5
zur			off 0.4827177582659286 neg 0.4750568656311475 __DUMMY__ 0.04222537610292393	false	0.0
frust	neg 1.0		off 0.4889627834669612 neg 0.46936378130990647 __DUMMY__ 0.04167343522313231	false	0.5
unerbittlichkeit	neg 1.0		off 0.48468585141100123 neg 0.4735864867247524 __DUMMY__ 0.041727661864246396	false	0.5
zwei			off 0.4859608546983758 neg 0.47175565407165554 __DUMMY__ 0.04228349122996867	false	0.0
unkorrekt	neg 1.0		off 0.4976597263604023 neg 0.46128371208541213 __DUMMY__ 0.04105656155418562	false	0.5
hexe	off 1.0		off 0.4936908302435698 neg 0.4652410507624197 __DUMMY__ 0.04106811899401041	false	1.0
lasch	neg 1.0		off 0.49257745300290895 neg 0.46624572405814874 __DUMMY__ 0.041176822938942266	false	0.5
rivale	neg 1.0		off 0.4974406850210196 neg 0.46140278068633545 __DUMMY__ 0.04115653429264501	false	0.5
mutlos	off 1.0	off 1.0	off 0.7278877138689033 neg 0.25227529748588573 __DUMMY__ 0.019836988645210895	false	1.0
wirr	off 1.0		off 0.4974137875064255 neg 0.4616789838360327 __DUMMY__ 0.04090722865754177	false	1.0
jahr			off 0.4900691123992059 neg 0.4676020011689017 __DUMMY__ 0.04232888643189233	false	0.0
wird			off 0.48745582458142783 neg 0.47087496601226975 __DUMMY__ 0.04166920940630238	false	0.0
strafbar	neg 1.0		off 0.4851293972249872 neg 0.47327937051066293 __DUMMY__ 0.04159123226434991	false	0.5
erosion	neg 1.0		off 0.4921304590706599 neg 0.46616568588504625 __DUMMY__ 0.041703855044293796	false	0.5
eingehen	neg 1.0		off 0.4854517098273275 neg 0.47295862892332025 __DUMMY__ 0.04158966124935216	false	0.5
faul	off 1.0		off 0.4960823207602565 neg 0.4624622865958981 __DUMMY__ 0.04145539264384547	false	1.0
provisorium	neg 1.0		off 0.48199659989818433 neg 0.47556144460553856 __DUMMY__ 0.042441955496277	false	0.5
schmerzen	neg 1.0		off 0.4885685602609619 neg 0.46995081894327984 __DUMMY__ 0.04148062079575833	false	0.5
schrumpfen	neg 1.0		off 0.48009561518540506 neg 0.47799041715397494 __DUMMY__ 0.041913967660620007	false	0.5
geistlos	off 1.0		off 0.4899894870477968 neg 0.46891376016939545 __DUMMY__ 0.04109675278280771	false	1.0
fehlkauf	neg 1.0		off 0.4931934510478512 neg 0.46526259169127426 __DUMMY__ 0.04154395726087449	false	0.5
frustrierend	neg 1.0		off 0.4942168390442508 neg 0.4644447378059837 __DUMMY__ 0.041338423149765414	false	0.5
unzufrieden	neg 1.0		off 0.48663075520358506 neg 0.4718665778851795 __DUMMY__ 0.04150266691123536	false	0.5
verzweifeln	neg 1.0		off 0.4892691579587732 neg 0.46915954913331737 __DUMMY__ 0.04157129290790935	false	0.5
verzweifelt	neg 1.0	neg 1.0	neg 0.7195562024585483 off 0.26074330495518105 __DUMMY__ 0.019700492586270647	false	1.0
misstrauensantrag	neg 1.0		off 0.4927549124097427 neg 0.46580020001806094 __DUMMY__ 0.04144488757219633	false	0.5
abfallen	neg 1.0		off 0.4931864441175071 neg 0.4651418541948204 __DUMMY__ 0.04167170168767247	false	0.5
fucker	off 1.0		off 0.49912701014038324 neg 0.4596088412718054 __DUMMY__ 0.04126414858781135	false	1.0
ungezogen	neg 1.0		off 0.5045480930365928 neg 0.45476875551651924 __DUMMY__ 0.04068315144688811	false	0.5
irrsinnig	neg 1.0	neg 1.0	neg 0.7192677674679501 off 0.2610027573677082 __DUMMY__ 0.01972947516434164	false	1.0
unfassbar	neg 1.0		off 0.4972135258720708 neg 0.4614700908758598 __DUMMY__ 0.04131638325206946	false	0.5
hart	neg 1.0		off 0.4960784935546032 neg 0.4626707460390726 __DUMMY__ 0.04125076040632426	false	0.5
widerlich	off 1.0		off 0.49559471136773303 neg 0.4633418132325426 __DUMMY__ 0.04106347539972438	false	1.0
fatal	neg 1.0		off 0.493048124318487 neg 0.4654877673841033 __DUMMY__ 0.0414641082974098	false	0.5
bruch	neg 1.0		off 0.4842388776067191 neg 0.4738587549811066 __DUMMY__ 0.041902367412174485	false	0.5
aushungern	neg 1.0		off 0.48856675494828533 neg 0.4697757782488861 __DUMMY__ 0.04165746680282859	false	0.5
anspannung	neg 1.0		off 0.48460684250714436 neg 0.4730881890550312 __DUMMY__ 0.04230496843782435	false	0.5
von			off 0.491133256829137 neg 0.4664318778023591 __DUMMY__ 0.042434865368503785	false	0.0
kraftlos	neg 1.0		off 0.4890650932147178 neg 0.4691887690177118 __DUMMY__ 0.041746137767570336	false	0.5
vom			off 0.4839847786226852 neg 0.4734518692636368 __DUMMY__ 0.042563352113677975	false	0.0
grenzdebil	off 1.0		off 0.4977089774693495 neg 0.4609781825856254 __DUMMY__ 0.04131283994502517	false	1.0
vor			off 0.48609069539853134 neg 0.471912236042998 __DUMMY__ 0.0419970685584706	false	0.0
unterwerfen	neg 1.0		off 0.48650879232677957 neg 0.47181470460267183 __DUMMY__ 0.041676503070548696	false	0.5
versenkung	neg 1.0		off 0.4881930940725539 neg 0.4699708514825249 __DUMMY__ 0.041836054444921146	false	0.5
entziehen	neg 1.0		off 0.4835402925301478 neg 0.4746429480065394 __DUMMY__ 0.04181675946331285	false	0.5
finanzkrise	neg 1.0		off 0.4881633254419716 neg 0.47036085965809116 __DUMMY__ 0.04147581489993719	false	0.5
schimpfend	neg 1.0		off 0.492785781295976 neg 0.4657551233129782 __DUMMY__ 0.04145909539104587	false	0.5
profan	neg 1.0		off 0.492646418711893 neg 0.4660021352660675 __DUMMY__ 0.04135144602203951	false	0.5
korruption	neg 1.0		off 0.48675177183401314 neg 0.47161915542797755 __DUMMY__ 0.041629072738009386	false	0.5
â			off 0.48923555903043076 neg 0.46892459325320845 __DUMMY__ 0.04183984771636077	false	0.0
schmutzig	neg 1.0		off 0.4987221784925212 neg 0.4599278911375049 __DUMMY__ 0.04134993036997383	false	0.5
sexy	neg 1.0		off 0.4952330795848288 neg 0.46328328653698453 __DUMMY__ 0.04148363387818654	false	0.5
abraten	neg 1.0		off 0.49278312464884594 neg 0.4657531200532425 __DUMMY__ 0.041463755297911416	false	0.5
schwarz	neg 1.0		off 0.4922028487205535 neg 0.4663178615914174 __DUMMY__ 0.041479289688029046	false	0.5
fotze	off 1.0	off 1.0	off 0.7304134060116231 neg 0.2496458797296046 __DUMMY__ 0.01994071425877237	false	1.0
verwirren	neg 1.0		off 0.4934934113700273 neg 0.46512950024464783 __DUMMY__ 0.04137708838532481	false	0.5
zahnlos	off 1.0		off 0.4881317496354084 neg 0.4703302062055967 __DUMMY__ 0.04153804415899483	false	1.0
verheeren	neg 1.0		off 0.5069241171210763 neg 0.452321197509059 __DUMMY__ 0.04075468536986467	false	0.5
hippie	neg 1.0		off 0.4947167482734451 neg 0.46379704726942333 __DUMMY__ 0.04148620445713155	false	0.5
rammen	neg 1.0		off 0.4911780258170589 neg 0.4674600100928825 __DUMMY__ 0.04136196409005857	false	0.5
unlauter	neg 1.0		off 0.4894800608346291 neg 0.46922498491173326 __DUMMY__ 0.04129495425363777	false	0.5
unheilvoll	neg 1.0		off 0.4932843216983294 neg 0.46518430141731476 __DUMMY__ 0.041531376884355806	false	0.5
niedrig	neg 1.0		off 0.4840526717535812 neg 0.4743781866948581 __DUMMY__ 0.04156914155156063	false	0.5
explosion	neg 1.0		off 0.49355236798277713 neg 0.46501204870335644 __DUMMY__ 0.041435583313866396	false	0.5
weichei	off 1.0	off 1.0	off 0.7362996208871645 neg 0.2442483736521074 __DUMMY__ 0.01945200546072813	false	1.0
minusmensch	off 1.0		off 0.5016712996697404 neg 0.45773727883937076 __DUMMY__ 0.040591421490888784	false	1.0
farblos	neg 1.0		off 0.491088673123742 neg 0.4672774635245123 __DUMMY__ 0.041633863351745765	false	0.5
unwissend	neg 1.0	neg 1.0	neg 0.7173402771017646 off 0.26303767411361867 __DUMMY__ 0.019622048784616736	false	1.0
traurig	neg 1.0		off 0.4995512219394801 neg 0.4592566266905819 __DUMMY__ 0.04119215136993801	false	0.5
senkung	neg 1.0		off 0.4916526947570007 neg 0.46709718715461995 __DUMMY__ 0.04125011808837937	false	0.5
ungleich	neg 1.0	neg 1.0	neg 0.722561184503507 off 0.25758782749336084 __DUMMY__ 0.019850988003132057	false	1.0
heikel	neg 1.0		off 0.4846435423950582 neg 0.4737495504467891 __DUMMY__ 0.0416069071581525	false	0.5
drosselung	neg 1.0		off 0.4968592746325334 neg 0.46190192370110844 __DUMMY__ 0.04123880166635818	false	0.5
falsch	neg 1.0		off 0.49385314094524024 neg 0.4648786260786356 __DUMMY__ 0.04126823297612414	false	0.5
unzufriedenheit	neg 1.0		off 0.4840670413079825 neg 0.47416651849302915 __DUMMY__ 0.04176644019898844	false	0.5
kurz	neg 1.0		off 0.49142490900150504 neg 0.46672667535522844 __DUMMY__ 0.04184841564326641	false	0.5
unsinnig	neg 1.0		off 0.48734134394115136 neg 0.4712314819954946 __DUMMY__ 0.0414271740633541	false	0.5
penner	off 1.0	off 1.0	off 0.7373219997372625 neg 0.24323747202162707 __DUMMY__ 0.0194405282411105	false	1.0
seicht	neg 1.0		off 0.5024460431163932 neg 0.45699128431401626 __DUMMY__ 0.040562672569590674	false	0.5
dummheit	off 1.0	off 1.0	off 0.7317556584774062 neg 0.2485930693472318 __DUMMY__ 0.019651272175361948	false	1.0
unerfreulich	neg 1.0		off 0.48500585644167005 neg 0.47323653372077984 __DUMMY__ 0.041757609837550114	false	0.5
motherfucker	off 1.0	off 1.0	off 0.7349772804086984 neg 0.2453703295170181 __DUMMY__ 0.019652390074283564	false	1.0
pikiert	neg 1.0		off 0.495416562283466 neg 0.46342762849698566 __DUMMY__ 0.0411558092195482	false	0.5
wrack	neg 1.0		off 0.48990729795298843 neg 0.4682965520819091 __DUMMY__ 0.04179614996510239	false	0.5
gangster	neg 1.0		off 0.494714781439946 neg 0.4638094132752895 __DUMMY__ 0.04147580528476448	false	0.5
krank	neg 1.0		off 0.4979757935806197 neg 0.4606921817885587 __DUMMY__ 0.041332024630821494	false	0.5
reich	neg 1.0		off 0.4975377823309262 neg 0.46100560531966306 __DUMMY__ 0.04145661234941089	false	0.5
gnadenlos	neg 1.0		off 0.49112736797823026 neg 0.46743221680502295 __DUMMY__ 0.04144041521674684	false	0.5
niedergeschlagen	neg 1.0		off 0.48979301698235694 neg 0.46852978172077353 __DUMMY__ 0.04167720129686945	false	0.5
terrorisieren	off 1.0	off 1.0	off 0.7289120904023296 neg 0.25116672999338285 __DUMMY__ 0.01992117960428759	false	1.0
sinnlosigkeit	neg 1.0		off 0.48782770794757435 neg 0.4705970070117845 __DUMMY__ 0.041575285040641334	false	0.5
behindern	neg 1.0		off 0.49036882094824014 neg 0.4679937645207893 __DUMMY__ 0.041637414530970494	false	0.5
undemokratisch	neg 1.0		off 0.49070580643435535 neg 0.46785125079301426 __DUMMY__ 0.04144294277263026	false	0.5
wirtschaftskrise	neg 1.0		off 0.48626355087377165 neg 0.4721354941783385 __DUMMY__ 0.04160095494788997	false	0.5
neid	neg 1.0		off 0.4956911720274089 neg 0.4628452576805871 __DUMMY__ 0.04146357029200385	false	0.5
rutschen	neg 1.0		off 0.48621075501879857 neg 0.47146442005823797 __DUMMY__ 0.04232482492296342	false	0.5
rezession	neg 1.0		off 0.4951494795947125 neg 0.46413971435045714 __DUMMY__ 0.04071080605483032	false	0.5
fehlgeburt	neg 1.0		off 0.4933902007089798 neg 0.46505475995752893 __DUMMY__ 0.04155503933349129	false	0.5
charakterschwach	off 1.0		off 0.4953663129029198 neg 0.46356128524437035 __DUMMY__ 0.041072401852709994	false	1.0
isolation	neg 1.0		off 0.49464819211001154 neg 0.46393901581356056 __DUMMY__ 0.04141279207642796	false	0.5
ablenkung	neg 1.0		off 0.49161711258749985 neg 0.4667419372584795 __DUMMY__ 0.04164095015402069	false	0.5
pech	neg 1.0		off 0.4943987807774606 neg 0.46424983120492475 __DUMMY__ 0.04135138801761454	false	0.5
vermeidung	neg 1.0		off 0.4975772512735388 neg 0.46112839130509325 __DUMMY__ 0.041294357421367826	false	0.5
dominieren	neg 1.0		off 0.4875570872166435 neg 0.47064261154683623 __DUMMY__ 0.04180030123652023	false	0.5
schwindlig	neg 1.0		off 0.49432788629480723 neg 0.4641008963302838 __DUMMY__ 0.04157121737490904	false	0.5
lutscher	neg 1.0		off 0.503708231621805 neg 0.45567857223841884 __DUMMY__ 0.040613196139776146	false	0.5
pflicht	neg 1.0		off 0.48394409195562166 neg 0.47434861221242497 __DUMMY__ 0.04170729583195343	false	0.5
faschist	off 1.0		off 0.49374600324561324 neg 0.46486940858049236 __DUMMY__ 0.04138458817389449	false	1.0
verschleudern	neg 1.0		off 0.48459688113391586 neg 0.47378832239277974 __DUMMY__ 0.04161479647330442	false	0.5
wenn			off 0.4946445007523436 neg 0.46402933921846634 __DUMMY__ 0.04132616002919008	false	0.0
ehebruch	neg 1.0		off 0.4870000710213888 neg 0.4713374477452908 __DUMMY__ 0.04166248123332042	false	0.5
spott	off 1.0		off 0.48602855307063214 neg 0.47233545424170137 __DUMMY__ 0.04163599268766656	false	1.0
trostlosigkeit	neg 1.0		off 0.4856997807090314 neg 0.47235013957389255 __DUMMY__ 0.0419500797170759	false	0.5
lutschen	neg 1.0		off 0.4936265423836548 neg 0.46507873741392775 __DUMMY__ 0.041294720202417326	false	0.5
undiszipliniert	neg 1.0		off 0.49792906542444615 neg 0.46096588413019174 __DUMMY__ 0.04110505044536218	false	0.5
kopfschmerz	neg 1.0		off 0.4877779009325176 neg 0.4706801823767029 __DUMMY__ 0.04154191669077949	false	0.5
unvorhergesehen	neg 1.0		off 0.4890429163029171 neg 0.46889622866013786 __DUMMY__ 0.04206085503694509	false	0.5
desinteressiert	neg 1.0	neg 1.0	neg 0.7158477443227677 off 0.2645605340311518 __DUMMY__ 0.019591721646080553	false	1.0
armselig	off 1.0		off 0.4970597951170265 neg 0.46200947190100705 __DUMMY__ 0.0409307329819665	false	1.0
desaster	neg 1.0		off 0.4830724078016805 neg 0.47505123519009046 __DUMMY__ 0.04187635700822917	false	0.5
tod	neg 1.0		off 0.49052270956872385 neg 0.46752322312922373 __DUMMY__ 0.04195406730205235	false	0.5
herzlos	neg 1.0		off 0.498333484445051 neg 0.46060554205047893 __DUMMY__ 0.04106097350447017	false	0.5
unwissenheit	neg 1.0		off 0.48709002787619726 neg 0.47135844727161996 __DUMMY__ 0.04155152485218283	false	0.5
widersinnig	neg 1.0		off 0.4849366280880262 neg 0.47373328301546924 __DUMMY__ 0.04133008889650448	false	0.5
bedenklich	neg 1.0		off 0.485780315403365 neg 0.472667023421483 __DUMMY__ 0.04155266117515205	false	0.5
beanstanden	neg 1.0		off 0.4838917383979702 neg 0.47435647258909275 __DUMMY__ 0.041751789012937114	false	0.5
panisch	neg 1.0	neg 1.0	neg 0.7164516082803236 off 0.2636499880809071 __DUMMY__ 0.019898403638769244	false	1.0
debil	off 1.0		off 0.48170657868072797 neg 0.47600511866473655 __DUMMY__ 0.0422883026545355	false	1.0
abstrich	neg 1.0		off 0.4943283599485075 neg 0.46364563025687755 __DUMMY__ 0.04202600979461499	false	0.5
primitiv	neg 1.0		off 0.4954821472648432 neg 0.46349155275863524 __DUMMY__ 0.04102629997652168	false	0.5
abschaum	off 1.0	off 1.0	off 0.7333238476589014 neg 0.24704585514140553 __DUMMY__ 0.01963029719969302	false	1.0
provozieren	neg 1.0		off 0.48960136004538823 neg 0.46908331930555586 __DUMMY__ 0.04131532064905592	false	0.5
tot	neg 1.0		off 0.48780534697314654 neg 0.4705673267801749 __DUMMY__ 0.04162732624667861	false	0.5
instabil	neg 1.0		off 0.4981150740918416 neg 0.46078586133242017 __DUMMY__ 0.0410990645757382	false	0.5
schwuchtel	off 1.0	off 1.0	off 0.7396290994243975 neg 0.2411479659560695 __DUMMY__ 0.019222934619533002	false	1.0
zerren	neg 1.0		off 0.48921925986946246 neg 0.4690799420247757 __DUMMY__ 0.04170079810576176	false	0.5
kinderficker	off 1.0		off 0.5012543569211063 neg 0.4577751639459101 __DUMMY__ 0.0409704791329836	false	1.0
gefahr	neg 1.0		off 0.4851786839127085 neg 0.4729234941252117 __DUMMY__ 0.041897821962079744	false	0.5
rabiat	neg 1.0		off 0.4908796332795626 neg 0.467559333195887 __DUMMY__ 0.04156103352455035	false	0.5
verlangsamung	neg 1.0		off 0.49956483590475276 neg 0.45986093308914433 __DUMMY__ 0.04057423100610284	false	0.5
ausgestorben	neg 1.0		off 0.4912020614511237 neg 0.4671579481826631 __DUMMY__ 0.04163999036621318	false	0.5
anklagen	neg 1.0		off 0.4877824313674336 neg 0.4705231554701915 __DUMMY__ 0.04169441316237487	false	0.5
trott	neg 1.0		off 0.4907759324187132 neg 0.4675928787441213 __DUMMY__ 0.04163118883716555	false	0.5
verminderung	neg 1.0		off 0.49651672656182183 neg 0.4623433526158135 __DUMMY__ 0.0411399208223646	false	0.5
nach			off 0.4847653729131918 neg 0.47287673315296525 __DUMMY__ 0.042357893933842906	false	0.0
rost	neg 1.0		off 0.5009197530904137 neg 0.4582094720693372 __DUMMY__ 0.04087077484024915	false	0.5
destruktiv	neg 1.0		off 0.4885806832153601 neg 0.4700301514604067 __DUMMY__ 0.041389165324233194	false	0.5
unzumutbarkeit	neg 1.0		off 0.4969556127506116 neg 0.4616772988097302 __DUMMY__ 0.04136708843965833	false	0.5
labil	off 1.0	off 1.0	off 0.7333380963465096 neg 0.24697099244324736 __DUMMY__ 0.01969091121024298	false	1.0
ziemlich	neg 1.0		off 0.49754213826862326 neg 0.4610898648833164 __DUMMY__ 0.0413679968480604	false	0.5
lachnummer	off 1.0		off 0.4895672415928971 neg 0.46903625341564487 __DUMMY__ 0.04139650499145799	false	1.0
oder			off 0.49251040923514394 neg 0.46587640157249327 __DUMMY__ 0.04161318919236281	false	0.0
verfall	neg 1.0		off 0.4812532196011943 neg 0.4767287651983947 __DUMMY__ 0.04201801520041108	false	0.5
ausgrenzung	neg 1.0		off 0.4916534312619067 neg 0.46689857079934516 __DUMMY__ 0.04144799793874814	false	0.5
unordnung	neg 1.0		off 0.5013220728899556 neg 0.4572432829497 __DUMMY__ 0.041434644160344494	false	0.5
fehlverhalten	neg 1.0		off 0.4835163297651282 neg 0.47490510201792324 __DUMMY__ 0.04157856821694853	false	0.5
eine			off 0.48611909092967653 neg 0.4719679527056151 __DUMMY__ 0.04191295636470835	false	0.0
nille	neg 1.0		off 0.49138291743396406 neg 0.466911821270039 __DUMMY__ 0.04170526129599701	false	0.5
qual	neg 1.0		off 0.49038474469118715 neg 0.467964440824859 __DUMMY__ 0.04165081448395375	false	0.5
verschwenden	neg 1.0		off 0.48520509023602676 neg 0.47321876415347985 __DUMMY__ 0.0415761456104934	false	0.5
riesig	neg 1.0		off 0.48847756640934764 neg 0.46969797974121996 __DUMMY__ 0.04182445384943245	false	0.5
verurteilen	neg 1.0		off 0.4861314825100803 neg 0.4723958744681975 __DUMMY__ 0.04147264302172205	false	0.5
klischee	neg 1.0	neg 1.0	neg 0.7179926870939126 off 0.26234893364689205 __DUMMY__ 0.019658379259195297	false	1.0
diktatorisch	neg 1.0		off 0.49059415971803144 neg 0.4680018310054407 __DUMMY__ 0.04140400927652772	false	0.5
vorhersehbar	neg 1.0		off 0.4918248010786732 neg 0.4669737069354867 __DUMMY__ 0.04120149198584013	false	0.5
sowie			off 0.5002129504632609 neg 0.45884283655719793 __DUMMY__ 0.040944212979541046	false	0.0
stornieren	neg 1.0		off 0.4966114914711459 neg 0.46152333092988423 __DUMMY__ 0.04186517759896988	false	0.5
besteuerung	neg 1.0		off 0.48858500325669946 neg 0.47016692497607854 __DUMMY__ 0.041248071767222054	false	0.5
ungeschminkt	neg 1.0		off 0.4949020340497175 neg 0.46411328670030233 __DUMMY__ 0.04098467924998018	false	0.5
kritisch	neg 1.0		off 0.48590815062529974 neg 0.47248542635797897 __DUMMY__ 0.04160642301672128	false	0.5
schlamperei	off 1.0		off 0.48625507529776124 neg 0.47191959146970724 __DUMMY__ 0.04182533323253145	false	1.0
sucht	neg 1.0	neg 1.0	neg 0.7158086825458468 off 0.26410373759605593 __DUMMY__ 0.02008757985809723	false	1.0
egoistisch	off 1.0		off 0.4998099321543298 neg 0.45939474444850265 __DUMMY__ 0.04079532339716764	false	1.0
ausbeuter	off 1.0		off 0.48286103906451466 neg 0.47562643256022247 __DUMMY__ 0.04151252837526271	false	1.0
arschgeburt	off 1.0		off 0.5053667198687667 neg 0.45436427778370975 __DUMMY__ 0.04026900234752368	false	1.0
schubs	neg 1.0		off 0.4891927588558917 neg 0.46914334343166486 __DUMMY__ 0.04166389771244349	false	0.5
unsolide	neg 1.0		off 0.49064910545547424 neg 0.46804899699148317 __DUMMY__ 0.041301897553042595	false	0.5
beschwerde	neg 1.0		off 0.4860484537407827 neg 0.4722665528002738 __DUMMY__ 0.041684993458943435	false	0.5
stocken	neg 1.0		off 0.4864468015607103 neg 0.471763151322473 __DUMMY__ 0.04179004711681656	false	0.5
isolieren	neg 1.0		off 0.4873089284127461 neg 0.4710317234510493 __DUMMY__ 0.04165934813620462	false	0.5
unheilbar	neg 1.0		off 0.49091617960997674 neg 0.46754252682398795 __DUMMY__ 0.041541293566035246	false	0.5
pisser	off 1.0		off 0.497649816038126 neg 0.4613065983147114 __DUMMY__ 0.041043585647162484	false	1.0
löschen	neg 1.0		off 0.4911323626458751 neg 0.4672454224462388 __DUMMY__ 0.04162221490788617	false	0.5
durchfallen	neg 1.0		off 0.4854616663642212 neg 0.4730772923736613 __DUMMY__ 0.04146104126211738	false	0.5
wichser	off 1.0	off 1.0	off 0.7387672464431091 neg 0.24188518803901016 __DUMMY__ 0.019347565517880774	false	1.0
terror	neg 1.0		off 0.4944411522164115 neg 0.4640722448772018 __DUMMY__ 0.04148660290638679	false	0.5
krass	neg 1.0		off 0.4993195629509584 neg 0.4596407965873194 __DUMMY__ 0.0410396404617221	false	0.5
revolte	neg 1.0		off 0.4930739647515381 neg 0.4654132875851941 __DUMMY__ 0.041512747663267825	false	0.5
besorgt	neg 1.0		off 0.4920995707745993 neg 0.4659423198314514 __DUMMY__ 0.04195810939394917	false	0.5
nachlassen	neg 1.0		off 0.48807016844297646 neg 0.46998592924934623 __DUMMY__ 0.041943902307677396	false	0.5
alt	neg 1.0		off 0.4876531760546027 neg 0.4707499438623767 __DUMMY__ 0.04159688008302072	false	0.5
hundesohn	off 1.0		off 0.5042397135628788 neg 0.4550921518155658 __DUMMY__ 0.04066813462155543	false	1.0
als			off 0.4884109818785282 neg 0.4699525169490456 __DUMMY__ 0.0416365011724261	false	0.0
abschreckung	neg 1.0		off 0.48363763750778643 neg 0.47460396389824067 __DUMMY__ 0.04175839859397296	false	0.5
unqualifiziert	neg 1.0		off 0.4922785224208283 neg 0.4665927949425078 __DUMMY__ 0.041128682636663874	false	0.5
abgewichst	off 1.0		off 0.49071925774558245 neg 0.46754798402723724 __DUMMY__ 0.041732758227180256	false	1.0
schwer	neg 1.0		off 0.48941434978076515 neg 0.4690756190617677 __DUMMY__ 0.04151003115746711	false	0.5
bedeutungslosigkeit	neg 1.0		off 0.48481721650249876 neg 0.4734571245441275 __DUMMY__ 0.041725658953373664	false	0.5
kapitulation	neg 1.0		off 0.48690885113391996 neg 0.471345319725965 __DUMMY__ 0.041745829140115015	false	0.5
unscharf	neg 1.0		off 0.4918499637618579 neg 0.4668776381743841 __DUMMY__ 0.04127239806375791	false	0.5
schwinden	neg 1.0		off 0.4853429371308588 neg 0.4728470293037919 __DUMMY__ 0.04181003356534944	false	0.5
versklavung	neg 1.0		off 0.4914044720803277 neg 0.4670573336015822 __DUMMY__ 0.04153819431809014	false	0.5
schlecht	neg 1.0		off 0.4974786217771435 neg 0.4611767942890953 __DUMMY__ 0.04134458393376111	false	0.5
verhasst	neg 1.0		off 0.4892919165131326 neg 0.4695026348724025 __DUMMY__ 0.041205448614464964	false	0.5
beschweren	neg 1.0		off 0.4924204285039398 neg 0.46614205974373946 __DUMMY__ 0.04143751175232077	false	0.5
scheiden	neg 1.0		off 0.4922167884279678 neg 0.4660735351426787 __DUMMY__ 0.04170967642935345	false	0.5
frustriert	neg 1.0		off 0.4882851006989844 neg 0.4701886595620259 __DUMMY__ 0.041526239738989744	false	0.5
schimmelig	neg 1.0		off 0.4859890183898841 neg 0.47255520564005665 __DUMMY__ 0.04145577597005913	false	0.5
fisch	neg 1.0		off 0.48387586369120744 neg 0.47446803806507554 __DUMMY__ 0.0416560982437171	false	0.5
schmuggel	neg 1.0		off 0.485856979131303 neg 0.4723868626313655 __DUMMY__ 0.04175615823733152	false	0.5
auffallen	neg 1.0		off 0.49316999692918123 neg 0.46543387989497986 __DUMMY__ 0.041396123175838885	false	0.5
konkurrenz	neg 1.0		off 0.48416773288765075 neg 0.47397662521610445 __DUMMY__ 0.041855641896244924	false	0.5
teufelskreis	neg 1.0	neg 1.0	neg 0.7204001729609057 off 0.25985710675800905 __DUMMY__ 0.019742720281085206	false	1.0
aufschreien	neg 1.0		off 0.49225367963275535 neg 0.4664557015370446 __DUMMY__ 0.041290618830200146	false	0.5
schuldner	neg 1.0		off 0.4831337442102513 neg 0.4752415233961911 __DUMMY__ 0.041624732393557656	false	0.5
missgeburt	off 1.0	off 1.0	off 0.7362786088252261 neg 0.2443168837619681 __DUMMY__ 0.019404507412805787	false	1.0
arbeitslos	neg 1.0		off 0.48582074544760473 neg 0.4727275082694143 __DUMMY__ 0.04145174628298091	false	0.5
befallen	neg 1.0		off 0.4885745158958847 neg 0.4698552425350649 __DUMMY__ 0.04157024156905034	false	0.5
miesepetrig	off 1.0	off 1.0	off 0.7341594841220627 neg 0.24614896732269614 __DUMMY__ 0.019691548555241262	false	1.0
alarmieren	neg 1.0		off 0.4937312141644147 neg 0.46504096679084633 __DUMMY__ 0.041227819044739086	false	0.5
ungeduscht	off 1.0		off 0.49386127340310776 neg 0.4649308685538843 __DUMMY__ 0.04120785804300791	false	1.0
knappheit	neg 1.0		off 0.4843520176212711 neg 0.47427164034890357 __DUMMY__ 0.04137634202982537	false	0.5
schlange	neg 1.0		off 0.49498930961422805 neg 0.4632536213668607 __DUMMY__ 0.041757069018911123	false	0.5
harsch	neg 1.0		off 0.5026784076009365 neg 0.45606525673483755 __DUMMY__ 0.04125633566422582	false	0.5
lang	neg 1.0		off 0.492361957960947 neg 0.46601815004249186 __DUMMY__ 0.04161989199656111	false	0.5
ziellos	neg 1.0		off 0.48862810655722694 neg 0.46954269162830503 __DUMMY__ 0.04182920181446807	false	0.5
selbstverliebt	neg 1.0		off 0.5043061270932938 neg 0.45521565853923246 __DUMMY__ 0.04047821436747373	false	0.5
beseitigen	neg 1.0		off 0.48931027212940154 neg 0.46904862960449784 __DUMMY__ 0.04164109826610069	false	0.5
dumm	off 1.0		off 0.5014352025886687 neg 0.457711441070177 __DUMMY__ 0.04085335634115423	false	1.0
arbeitsloser	neg 1.0		off 0.4879298745653818 neg 0.47039776700738534 __DUMMY__ 0.04167235842723279	false	0.5
blitzen	neg 1.0		off 0.4939322409412877 neg 0.4646433802090635 __DUMMY__ 0.041424378849648766	false	0.5
hilflos	neg 1.0		off 0.48794675498795564 neg 0.47050029012689615 __DUMMY__ 0.041552954885148194	false	0.5
eklig	off 1.0		off 0.5006821788823687 neg 0.45863942073073416 __DUMMY__ 0.04067840038689724	false	1.0
begriff			off 0.4889818572553005 neg 0.4695200282702478 __DUMMY__ 0.041498114474451626	false	0.0
hungersnot	neg 1.0		off 0.4888489026130039 neg 0.46940598090883506 __DUMMY__ 0.041745116478160996	false	0.5
ungesetzlich	neg 1.0		off 0.48825282654426727 neg 0.4705258657419779 __DUMMY__ 0.04122130771375493	false	0.5
verschwendung	neg 1.0		off 0.4856523827580732 neg 0.47265036604545174 __DUMMY__ 0.04169725119647503	false	0.5
schmerzvoll	neg 1.0		off 0.49252552667206767 neg 0.4659898010551973 __DUMMY__ 0.04148467227273511	false	0.5
vorzeitig	neg 1.0		off 0.49405041161963237 neg 0.46447456472822257 __DUMMY__ 0.04147502365214508	false	0.5
unvollkommenheit	neg 1.0		off 0.49036617712300257 neg 0.4676970893880458 __DUMMY__ 0.041936733488951716	false	0.5
intervenieren	neg 1.0		off 0.48472955067565654 neg 0.4736365185647614 __DUMMY__ 0.04163393075958215	false	0.5
banause	off 1.0		off 0.5021634485216394 neg 0.4573809758250746 __DUMMY__ 0.04045557565328597	false	1.0
rebell	neg 1.0		off 0.48223176904664933 neg 0.47590783608481574 __DUMMY__ 0.04186039486853491	false	0.5
unlogisch	neg 1.0		off 0.497298739893696 neg 0.461721818130883 __DUMMY__ 0.04097944197542093	false	0.5
leiden	neg 1.0		off 0.4860447639951199 neg 0.4720873251683491 __DUMMY__ 0.04186791083653096	false	0.5
abschaffung	neg 1.0		off 0.490502428883275 neg 0.4679932898275948 __DUMMY__ 0.04150428128913012	false	0.5
sturz	neg 1.0		off 0.49264326773487815 neg 0.4656117430502609 __DUMMY__ 0.04174498921486084	false	0.5
verkleinerung	neg 1.0		off 0.49122304214629403 neg 0.46760055638081527 __DUMMY__ 0.0411764014728906	false	0.5
schmarotzer	off 1.0		off 0.48591921214288286 neg 0.47272959221195937 __DUMMY__ 0.041351195645157705	false	1.0
bestrafung	neg 1.0		off 0.49169785489407264 neg 0.46679127611538546 __DUMMY__ 0.04151086899054177	false	0.5
achtlos	neg 1.0	neg 1.0	neg 0.7190955136148268 off 0.2610253556634032 __DUMMY__ 0.019879130721769993	false	1.0
ungeheuer	neg 1.0		off 0.4945783840998227 neg 0.4638486373779726 __DUMMY__ 0.04157297852220466	false	0.5
unaufrichtig	neg 1.0		off 0.4951938058125018 neg 0.4632378771119051 __DUMMY__ 0.04156831707559327	false	0.5
