unsolidarisch	neg 1.0		off 0.5049070711291858 neg 0.4880478595555974 __DUMMY__ 0.007045069315216773	false	0.5
nachteilig	neg 1.0		off 0.5028265921666347 neg 0.4900641685517631 __DUMMY__ 0.007109239281602062	false	0.5
skeptisch	neg 1.0		off 0.5026997238488713 neg 0.4901792658541885 __DUMMY__ 0.007121010296940254	false	0.5
schrecklich	neg 1.0		off 0.5173918822390259 neg 0.47559130900688845 __DUMMY__ 0.007016808754085731	false	0.5
schlapp	neg 1.0		off 0.5141054869603588 neg 0.47883868046424377 __DUMMY__ 0.007055832575397338	false	0.5
abfall	neg 1.0		off 0.5003641235144789 neg 0.492470538941202 __DUMMY__ 0.00716533754431907	false	0.5
widerspenstig	neg 1.0		off 0.5086964660297416 neg 0.48421041199315323 __DUMMY__ 0.007093121977105216	false	0.5
abrupt	neg 1.0		off 0.506404157771697 neg 0.48643719380243144 __DUMMY__ 0.0071586484258715265	false	0.5
unwirksam	neg 1.0		off 0.5047568781825001 neg 0.4882046833708978 __DUMMY__ 0.007038438446602154	false	0.5
angreifen	neg 1.0		off 0.5022256823983424 neg 0.4906592659335228 __DUMMY__ 0.00711505166813462	false	0.5
inkonsistent	neg 1.0		off 0.5075184421704204 neg 0.4854260011036483 __DUMMY__ 0.007055556725931298	false	0.5
abrutschen	neg 1.0		off 0.5000237912045553 neg 0.492828056225686 __DUMMY__ 0.007148152569758719	false	0.5
unsicher	neg 1.0		off 0.5088306285220751 neg 0.48406322538130264 __DUMMY__ 0.007106146096622329	false	0.5
bauernkind	off 1.0	off 1.0	off 0.7415973220059168 neg 0.25511959062513345 __DUMMY__ 0.003283087368949703	false	1.0
angreifer	neg 1.0	neg 1.0	neg 0.7250293047894921 off 0.2715768654075657 __DUMMY__ 0.0033938298029422263	false	1.0
trennen	neg 1.0		off 0.5047840202022087 neg 0.4880543835862656 __DUMMY__ 0.007161596211525607	false	0.5
schmutz	neg 1.0		off 0.5131337117831473 neg 0.479733235433991 __DUMMY__ 0.007133052782861765	false	0.5
inkonsistenz	neg 1.0		off 0.5093612997400018 neg 0.48365546713646385 __DUMMY__ 0.00698323312353443	false	0.5
erschreckend	neg 1.0		off 0.5062680945891643 neg 0.4866513011011761 __DUMMY__ 0.007080604309659642	false	0.5
ertrinken	neg 1.0		off 0.5040552987502087 neg 0.4888122721860517 __DUMMY__ 0.007132429063739469	false	0.5
pickelface	off 1.0		off 0.5079189423923851 neg 0.48497107506520315 __DUMMY__ 0.0071099825424116875	false	1.0
seiner			off 0.5036639468698785 neg 0.4892071291039382 __DUMMY__ 0.007128924026183347	false	0.0
lauch	neg 1.0		off 0.5022371641427913 neg 0.4905922993741826 __DUMMY__ 0.007170536483026164	false	0.5
unwichtig	neg 1.0		off 0.5113387841127636 neg 0.4816361240332469 __DUMMY__ 0.00702509185398955	false	0.5
steuerhinterziehung	neg 1.0	neg 1.0	neg 0.7289726620837051 off 0.2676434899760835 __DUMMY__ 0.0033838479402113248	false	1.0
schock	neg 1.0		off 0.5085080564594668 neg 0.48437372449036054 __DUMMY__ 0.007118219050172506	false	0.5
beule	neg 1.0		off 0.5142407839142473 neg 0.47872533662416406 __DUMMY__ 0.0070338794615885745	false	0.5
vergelten	neg 1.0		off 0.5183031719244736 neg 0.47463571234748636 __DUMMY__ 0.007061115728039864	false	0.5
verdorbenheit	neg 1.0		off 0.5117180609676253 neg 0.4811491802577971 __DUMMY__ 0.0071327587745776055	false	0.5
trauma	neg 1.0		off 0.5092841428924334 neg 0.4836276664649919 __DUMMY__ 0.007088190642574632	false	0.5
sinnlos	neg 1.0		off 0.5103167536855424 neg 0.48260909451355427 __DUMMY__ 0.0070741518009032915	false	0.5
fettsack	off 1.0	off 1.0	off 0.7433969871312393 neg 0.2533035651854004 __DUMMY__ 0.0032994476833602764	false	1.0
feige	off 1.0	off 1.0	off 0.7409502896285175 neg 0.25571467495033506 __DUMMY__ 0.003335035421147511	false	1.0
abdanken	neg 1.0		off 0.507803952662131 neg 0.48509207286708056 __DUMMY__ 0.007103974470788576	false	0.5
wichtigtuer	off 1.0	off 1.0	off 0.7399956481704525 neg 0.2566524473068729 __DUMMY__ 0.0033519045226746177	false	1.0
misslingen	neg 1.0		off 0.5130006480584414 neg 0.4798406001170455 __DUMMY__ 0.0071587518245132264	false	0.5
untreu	off 1.0		off 0.5130684136263849 neg 0.4798916522793082 __DUMMY__ 0.0070399340943069115	false	1.0
missmutig	neg 1.0		off 0.5133371982434957 neg 0.47960182310827837 __DUMMY__ 0.007060978648226152	false	0.5
hurenbock	off 1.0		off 0.5117785795466742 neg 0.48111970132843046 __DUMMY__ 0.0071017191248953495	false	1.0
betrunken	neg 1.0		off 0.5156944856132585 neg 0.47726397044222946 __DUMMY__ 0.0070415439445120605	false	0.5
korrupt	off 1.0		off 0.5025040946291265 neg 0.4904362622029538 __DUMMY__ 0.00705964316791987	false	1.0
unmut	neg 1.0		off 0.5006027945510263 neg 0.4922410059960674 __DUMMY__ 0.0071561994529061885	false	0.5
hackfresse	off 1.0		off 0.5195399452697221 neg 0.47349487702357956 __DUMMY__ 0.006965177706698391	false	1.0
aufblasen	neg 1.0		off 0.5109763290845385 neg 0.48193132613570905 __DUMMY__ 0.007092344779752451	false	0.5
gewaltsam	neg 1.0		off 0.5077570215731991 neg 0.48512285733566585 __DUMMY__ 0.007120121091135102	false	0.5
unbeliebtheit	neg 1.0		off 0.5100708093837055 neg 0.48290532901641814 __DUMMY__ 0.007023861599876389	false	0.5
sturheit	neg 1.0		off 0.5055863060368443 neg 0.48732948909398366 __DUMMY__ 0.007084204869172022	false	0.5
kuh	neg 1.0		off 0.5069764451428791 neg 0.4860168422370881 __DUMMY__ 0.007006712620032708	false	0.5
erschrecken	neg 1.0		off 0.5136649969073045 neg 0.47926046859023697 __DUMMY__ 0.007074534502458571	false	0.5
opfer	neg 1.0		off 0.5046058691733718 neg 0.48827530553337095 __DUMMY__ 0.007118825293257274	false	0.5
sinken	neg 1.0		off 0.5019768742352562 neg 0.490861295027115 __DUMMY__ 0.007161830737628764	false	0.5
stinktier	neg 1.0		off 0.5131832910394765 neg 0.4798888049512444 __DUMMY__ 0.0069279040092791845	false	0.5
tucke	off 1.0		off 0.5190543377101602 neg 0.4740174256531669 __DUMMY__ 0.006928236636672972	false	1.0
ein			off 0.5099386912322698 neg 0.4829690553086093 __DUMMY__ 0.007092253459121123	false	0.0
abstieg	neg 1.0		off 0.5045232960278486 neg 0.4883359267521498 __DUMMY__ 0.007140777220001731	false	0.5
missverstehen	neg 1.0		off 0.5086912063127237 neg 0.4842805204716846 __DUMMY__ 0.007028273215591686	false	0.5
ergebnislos	neg 1.0		off 0.5041406687881567 neg 0.4887164980012555 __DUMMY__ 0.007142833210587806	false	0.5
unter			off 0.4982750728655053 neg 0.49449437750903796 __DUMMY__ 0.007230549625456738	false	0.0
manipulieren	neg 1.0		off 0.5026867124054375 neg 0.49018263779771154 __DUMMY__ 0.00713064979685095	false	0.5
unbewiesen	neg 1.0		off 0.5039396577492775 neg 0.4890302870649106 __DUMMY__ 0.007030055185811723	false	0.5
verschleppen	neg 1.0		off 0.5042065308357745 neg 0.4886890774449118 __DUMMY__ 0.0071043917193137985	false	0.5
weib	off 1.0		off 0.5174268988731435 neg 0.4756602990911264 __DUMMY__ 0.006912802035730031	false	1.0
opposition	neg 1.0		off 0.5085418383943894 neg 0.4843994236752171 __DUMMY__ 0.007058737930393422	false	0.5
verkehrswidrig	neg 1.0		off 0.5206880803442328 neg 0.4722397603739427 __DUMMY__ 0.0070721592818246345	false	0.5
inkorrekt	neg 1.0		off 0.5139247163334961 neg 0.47909548669721064 __DUMMY__ 0.006979796969293243	false	0.5
vermeiden	neg 1.0	neg 1.0	neg 0.7313596294903624 off 0.2652105613745749 __DUMMY__ 0.0034298091350626982	false	1.0
abweichung	neg 1.0		off 0.5039552576837362 neg 0.4889357163650702 __DUMMY__ 0.007109025951193738	false	0.5
alkoholisiert	neg 1.0		off 0.5049645864714016 neg 0.48789377325897015 __DUMMY__ 0.007141640269628187	false	0.5
scheiss	off 1.0	off 1.0	off 0.74207981704569 neg 0.2545757697581847 __DUMMY__ 0.00334441319612539	false	1.0
herausforderung	neg 1.0		off 0.5031130329290999 neg 0.4897594513132306 __DUMMY__ 0.007127515757669464	false	0.5
pervers	off 1.0		off 0.5222549563278375 neg 0.47081762254520476 __DUMMY__ 0.006927421126957755	false	1.0
wackelig	neg 1.0		off 0.5091173214124225 neg 0.4837289626376489 __DUMMY__ 0.00715371594992859	false	0.5
verwickeln	neg 1.0		off 0.5081772176734517 neg 0.4847895724935574 __DUMMY__ 0.0070332098329908355	false	0.5
vorwand	neg 1.0		off 0.5017855471799342 neg 0.491095623203264 __DUMMY__ 0.007118829616801755	false	0.5
muschi	off 1.0		off 0.5080598844968229 neg 0.4848308255439729 __DUMMY__ 0.007109289959204166	false	1.0
entmutigung	neg 1.0		off 0.509006938378807 neg 0.48391488389162757 __DUMMY__ 0.007078177729565489	false	0.5
unangemessen	neg 1.0		off 0.5039843284695475 neg 0.4889520961950238 __DUMMY__ 0.007063575335428774	false	0.5
unstetig	neg 1.0		off 0.5114658300185301 neg 0.48145637611335973 __DUMMY__ 0.007077793868110353	false	0.5
entmutigen	neg 1.0		off 0.5087730764880434 neg 0.48414768844430195 __DUMMY__ 0.0070792350676546646	false	0.5
schwanz	neg 1.0		off 0.5055917544646905 neg 0.487281655472655 __DUMMY__ 0.007126590062654631	false	0.5
verbot	neg 1.0		off 0.5044823694864949 neg 0.4884164856504778 __DUMMY__ 0.0071011448630272506	false	0.5
leid	neg 1.0		off 0.5174392396609169 neg 0.475582729751059 __DUMMY__ 0.006978030588024122	false	0.5
archaisch	neg 1.0		off 0.5061982310514229 neg 0.48670926559029665 __DUMMY__ 0.007092503358280343	false	0.5
gegen			off 0.5019994070324179 neg 0.4908380482754687 __DUMMY__ 0.007162544692113435	false	0.0
scheidung	neg 1.0		off 0.5305733316333261 neg 0.46246138182548424 __DUMMY__ 0.006965286541189698	false	0.5
einschlag	neg 1.0		off 0.5160554409680961 neg 0.47691974489702577 __DUMMY__ 0.007024814134878176	false	0.5
m			off 0.5069906779843886 neg 0.4858807637241423 __DUMMY__ 0.0071285582914692135	false	0.0
abgestanden	neg 1.0		off 0.5079941990079871 neg 0.48493911153237146 __DUMMY__ 0.007066689459641434	false	0.5
schmierig	off 1.0		off 0.518051855438491 neg 0.474942259636965 __DUMMY__ 0.0070058849245439305	false	1.0
unpraktisch	neg 1.0		off 0.5104478222584584 neg 0.48246351779424773 __DUMMY__ 0.007088659947293955	false	0.5
wixxer	off 1.0		off 0.5209337919653659 neg 0.47216511239526726 __DUMMY__ 0.00690109563936687	false	1.0
bezeichnet			off 0.5060798454827949 neg 0.48686349699553677 __DUMMY__ 0.007056657521668389	false	0.0
jammerlappen	off 1.0		off 0.5136447866272597 neg 0.4792938036013109 __DUMMY__ 0.007061409771429501	false	1.0
farce	neg 1.0		off 0.5055591455910717 neg 0.4873474534174364 __DUMMY__ 0.00709340099149193	false	0.5
zwecklos	neg 1.0		off 0.5046588375522408 neg 0.488258711380034 __DUMMY__ 0.007082451067725125	false	0.5
turbulent	neg 1.0		off 0.5132222666953329 neg 0.4797622840634521 __DUMMY__ 0.007015449241214947	false	0.5
invasion	neg 1.0		off 0.5099569974585468 neg 0.48297094162844756 __DUMMY__ 0.0070720609130056605	false	0.5
schuld	neg 1.0		off 0.5079149827735235 neg 0.4850236429671261 __DUMMY__ 0.007061374259350409	false	0.5
risiko	neg 1.0	neg 1.0	neg 0.7257669222914873 off 0.27084190254807405 __DUMMY__ 0.0033911751604385246	false	1.0
finster	neg 1.0		off 0.5081838818744221 neg 0.4847617101997977 __DUMMY__ 0.0070544079257802705	false	0.5
geisteskrank	off 1.0		off 0.5116252824086275 neg 0.4813892911677256 __DUMMY__ 0.0069854264236468904	false	1.0
zusammenbrechen	neg 1.0		off 0.5061862362554597 neg 0.4867094527773821 __DUMMY__ 0.007104310967158295	false	0.5
ausbeute	neg 1.0		off 0.5103290949025192 neg 0.48246316246159116 __DUMMY__ 0.007207742635889566	false	0.5
hinterhalt	neg 1.0		off 0.5118432451376381 neg 0.48096747434463566 __DUMMY__ 0.007189280517726278	false	0.5
kritik	neg 1.0		off 0.5049518521924673 neg 0.48795957968509385 __DUMMY__ 0.007088568122438981	false	0.5
einschrumpfen	neg 1.0		off 0.5107694755791107 neg 0.48219403635062336 __DUMMY__ 0.007036488070265827	false	0.5
riskant	neg 1.0		off 0.5022833883956869 neg 0.49061587757659547 __DUMMY__ 0.007100734027717654	false	0.5
frustrieren	neg 1.0		off 0.5037301279026996 neg 0.4891669487233384 __DUMMY__ 0.007102923373962113	false	0.5
groll	neg 1.0		off 0.5041028859865245 neg 0.4888126351155208 __DUMMY__ 0.007084478897954549	false	0.5
gibt			off 0.5065302427087169 neg 0.4863609950696168 __DUMMY__ 0.007108762221666298	false	0.0
qualvoll	neg 1.0		off 0.5118152605633471 neg 0.4811102462606393 __DUMMY__ 0.007074493176013561	false	0.5
wackeln	neg 1.0		off 0.5111050569579206 neg 0.48177692643124737 __DUMMY__ 0.0071180166108320685	false	0.5
klagen	neg 1.0		off 0.5005862863928696 neg 0.492275960669724 __DUMMY__ 0.00713775293740646	false	0.5
bankrott	neg 1.0		off 0.5137503152777241 neg 0.4791728319940463 __DUMMY__ 0.007076852728229762	false	0.5
trauern	neg 1.0		off 0.5060851161497518 neg 0.48676261582822233 __DUMMY__ 0.007152268022025975	false	0.5
ablehnung	neg 1.0		off 0.5044657494219196 neg 0.48844645432841766 __DUMMY__ 0.007087796249662786	false	0.5
stur	neg 1.0		off 0.5083747517934666 neg 0.48456108437502354 __DUMMY__ 0.007064163831509892	false	0.5
aufruhr	neg 1.0		off 0.5075252941726287 neg 0.4853667036035763 __DUMMY__ 0.007108002223794892	false	0.5
melancholie	neg 1.0		off 0.5063318953946364 neg 0.4865362212462319 __DUMMY__ 0.007131883359131563	false	0.5
ist			off 0.5102592615619891 neg 0.482662276971112 __DUMMY__ 0.007078461466898966	false	0.0
torheit	neg 1.0		off 0.5080760510665915 neg 0.48484060593317346 __DUMMY__ 0.007083343000235056	false	0.5
dreckskind	off 1.0		off 0.516660458569384 neg 0.4763974695384469 __DUMMY__ 0.006942071892169165	false	1.0
umtauschen	neg 1.0		off 0.5086408872227953 neg 0.48425650731682607 __DUMMY__ 0.007102605460378534	false	0.5
zum			off 0.5033604825828376 neg 0.4894048073131057 __DUMMY__ 0.007234710104056484	false	0.0
zersetzen	neg 1.0		off 0.5012289499588686 neg 0.49166839779436333 __DUMMY__ 0.007102652246768164	false	0.5
zur			off 0.5005536702280566 neg 0.49224018678379905 __DUMMY__ 0.007206142988144267	false	0.0
frust	neg 1.0		off 0.5065928167631479 neg 0.48629554269187963 __DUMMY__ 0.007111640544972333	false	0.5
unerbittlichkeit	neg 1.0		off 0.5023187190151575 neg 0.49056037396838736 __DUMMY__ 0.007120907016455112	false	0.5
zwei			off 0.5038417376621626 neg 0.4889421820936851 __DUMMY__ 0.007216080244152375	false	0.0
unkorrekt	neg 1.0		off 0.5150666168654312 neg 0.47792754413728467 __DUMMY__ 0.0070058389972843	false	0.5
hexe	off 1.0		off 0.5110946974857639 neg 0.48189750156739825 __DUMMY__ 0.007007800946838077	false	1.0
lasch	neg 1.0		off 0.5100129123353321 neg 0.48296056224286854 __DUMMY__ 0.007026525421799308	false	0.5
rivale	neg 1.0		off 0.5148940285889083 neg 0.47808300538839194 __DUMMY__ 0.007022966022699871	false	0.5
mutlos	off 1.0	off 1.0	off 0.7362786776162203 neg 0.26034055239110704 __DUMMY__ 0.003380769992672667	false	1.0
wirr	off 1.0		off 0.51475977199137 neg 0.4782599830192115 __DUMMY__ 0.006980244989418477	false	1.0
jahr			off 0.5079858021256429 neg 0.4847904070695293 __DUMMY__ 0.007223790804827696	false	0.0
wird			off 0.5050797802398459 neg 0.4878092961892558 __DUMMY__ 0.007110923570898236	false	0.0
strafbar	neg 1.0		off 0.5027050945698252 neg 0.49019737227874677 __DUMMY__ 0.007097533151428068	false	0.5
erosion	neg 1.0		off 0.5097919564796826 neg 0.4830912103033729 __DUMMY__ 0.007116833216944586	false	0.5
eingehen	neg 1.0		off 0.5030308940513988 neg 0.48987180966555555 __DUMMY__ 0.0070972962830454555	false	0.5
faul	off 1.0		off 0.5136583761498396 neg 0.47926742545155476 __DUMMY__ 0.007074198398605644	false	1.0
provisorium	neg 1.0		off 0.49992565687871865 neg 0.4928311047956205 __DUMMY__ 0.0072432383256607865	false	0.5
schmerzen	neg 1.0		off 0.5061261367459035 neg 0.4867953523020795 __DUMMY__ 0.007078510952017047	false	0.5
schrumpfen	neg 1.0		off 0.4977882265292735 neg 0.4950589765197658 __DUMMY__ 0.00715279695096064	false	0.5
geistlos	off 1.0		off 0.5073774141380354 neg 0.48560979401700105 __DUMMY__ 0.007012791844963422	false	1.0
fehlkauf	neg 1.0		off 0.5107886922705329 neg 0.48212187486010494 __DUMMY__ 0.007089432869362156	false	0.5
frustrierend	neg 1.0		off 0.5117306403039423 neg 0.4812151431896416 __DUMMY__ 0.007054216506416017	false	0.5
unzufrieden	neg 1.0		off 0.5041780220176777 neg 0.4887395787874982 __DUMMY__ 0.00708239919482411	false	0.5
verzweifeln	neg 1.0		off 0.5068584819777789 neg 0.48604737282448823 __DUMMY__ 0.0070941451977328505	false	0.5
verzweifelt	neg 1.0	neg 1.0	neg 0.7275606656947892 off 0.2690818620413529 __DUMMY__ 0.0033574722638579015	false	1.0
misstrauensantrag	neg 1.0		off 0.5103109202221874 neg 0.48261666054632507 __DUMMY__ 0.007072419231487668	false	0.5
abfallen	neg 1.0		off 0.5108409270928866 neg 0.48204780124777274 __DUMMY__ 0.00711127165934059	false	0.5
fucker	off 1.0		off 0.5166293286977423 neg 0.47632914293256445 __DUMMY__ 0.007041528369693278	false	1.0
ungezogen	neg 1.0		off 0.5218321119639124 neg 0.47122600162223577 __DUMMY__ 0.00694188641385167	false	0.5
irrsinnig	neg 1.0	neg 1.0	neg 0.7272843513491193 off 0.2693532306011962 __DUMMY__ 0.003362418049684425	false	1.0
unfassbar	neg 1.0		off 0.51473061667618 neg 0.4782189533631374 __DUMMY__ 0.007050429960682445	false	0.5
hart	neg 1.0		off 0.5135650028656924 neg 0.4793959277004893 __DUMMY__ 0.007039069433818382	false	0.5
widerlich	off 1.0		off 0.5129975980230326 neg 0.47999529136742 __DUMMY__ 0.007007110609547432	false	1.0
fatal	neg 1.0		off 0.5106095505718483 neg 0.4823146463065932 __DUMMY__ 0.007075803121558503	false	0.5
bruch	neg 1.0		off 0.5019417230979841 neg 0.4909074951042621 __DUMMY__ 0.007150781797753716	false	0.5
aushungern	neg 1.0		off 0.5061816254237084 neg 0.4867095361911768 __DUMMY__ 0.0071088383851148716	false	0.5
anspannung	neg 1.0		off 0.5024866347119329 neg 0.49029361453511355 __DUMMY__ 0.00721975075295365	false	0.5
von			off 0.5090964326940427 neg 0.48366166613291167 __DUMMY__ 0.007241901173045511	false	0.0
kraftlos	neg 1.0		off 0.5067293264250232 neg 0.48614662162589073 __DUMMY__ 0.007124051949085919	false	0.5
vom			off 0.5019752861370511 neg 0.4907607172416093 __DUMMY__ 0.007263996621339603	false	0.0
grenzdebil	off 1.0		off 0.5152276191807295 neg 0.47772256512294686 __DUMMY__ 0.007049815696323793	false	1.0
vor			off 0.5038459896310457 neg 0.4889869246172943 __DUMMY__ 0.007167085751660007	false	0.0
unterwerfen	neg 1.0		off 0.5041270762540493 neg 0.48876078952099555 __DUMMY__ 0.007112134224955108	false	0.5
versenkung	neg 1.0		off 0.5058860528826629 neg 0.4869744539448238 __DUMMY__ 0.007139493172513301	false	0.5
entziehen	neg 1.0		off 0.5012059337097711 neg 0.4916578684162904 __DUMMY__ 0.007136197873938417	false	0.5
finanzkrise	neg 1.0		off 0.5057064213010651 neg 0.4872158733757223 __DUMMY__ 0.007077705323212766	false	0.5
schimpfend	neg 1.0		off 0.5103510971166232 neg 0.4825741177723938 __DUMMY__ 0.007074785110982963	false	0.5
profan	neg 1.0		off 0.5101597183552816 neg 0.48278384473415553 __DUMMY__ 0.007056436910562842	false	0.5
korruption	neg 1.0		off 0.5043499539148353 neg 0.48854605798980344 __DUMMY__ 0.007103988095361241	false	0.5
â			off 0.5069417420500365 neg 0.4859180946398277 __DUMMY__ 0.007140163310135684	false	0.0
schmutzig	neg 1.0		off 0.5162609011857769 neg 0.4766829382215934 __DUMMY__ 0.007056160592629772	false	0.5
sexy	neg 1.0		off 0.512813366099876 neg 0.4801074999927627 __DUMMY__ 0.007079133907361318	false	0.5
abraten	neg 1.0		off 0.5103450692667092 neg 0.4825792692558519 __DUMMY__ 0.007075661477438927	false	0.5
schwarz	neg 1.0		off 0.5097676078594557 neg 0.48315400160638255 __DUMMY__ 0.00707839053416175	false	0.5
fotze	off 1.0	off 1.0	off 0.7388522391225865 neg 0.25774930563942855 __DUMMY__ 0.0033984552379849368	false	1.0
verwirren	neg 1.0		off 0.5110198726405054 neg 0.4819192712137816 __DUMMY__ 0.007060856145712968	false	0.5
zahnlos	off 1.0		off 0.505699063688207 neg 0.4872124785113409 __DUMMY__ 0.0070884578004521605	false	1.0
verheeren	neg 1.0		off 0.5242435654571482 neg 0.46880232444643755 __DUMMY__ 0.0069541100964142415	false	0.5
hippie	neg 1.0		off 0.5122950825492897 neg 0.48062533249489936 __DUMMY__ 0.0070795849558109745	false	0.5
rammen	neg 1.0		off 0.5086960140247352 neg 0.48424587512151607 __DUMMY__ 0.007058110853748842	false	0.5
unlauter	neg 1.0		off 0.506952687052194 neg 0.48600061631168945 __DUMMY__ 0.0070466966361165525	false	0.5
unheilvoll	neg 1.0		off 0.5108794913372148 neg 0.4820333230253075 __DUMMY__ 0.007087185637477753	false	0.5
niedrig	neg 1.0		off 0.5016226891758766 neg 0.49128368773778275 __DUMMY__ 0.007093623086340601	false	0.5
explosion	neg 1.0		off 0.5111054611658109 neg 0.48182366646556885 __DUMMY__ 0.007070872368620193	false	0.5
weichei	off 1.0	off 1.0	off 0.7445399416954354 neg 0.25214503882872336 __DUMMY__ 0.003315019475841283	false	1.0
minusmensch	off 1.0		off 0.5188981572540153 neg 0.47417565906150494 __DUMMY__ 0.00692618368447965	false	1.0
farblos	neg 1.0		off 0.5087197810686833 neg 0.48417555733406775 __DUMMY__ 0.007104661597248995	false	0.5
unwissend	neg 1.0	neg 1.0	neg 0.7253106809470561 off 0.27134525361853234 __DUMMY__ 0.0033440654344115872	false	1.0
traurig	neg 1.0		off 0.5170269844353341 neg 0.47594388470925686 __DUMMY__ 0.007029130855408991	false	0.5
senkung	neg 1.0		off 0.509120882997109 neg 0.4838400854799482 __DUMMY__ 0.007039031522942717	false	0.5
ungleich	neg 1.0	neg 1.0	neg 0.7306315868561115 off 0.26598526108852527 __DUMMY__ 0.0033831520553631654	false	1.0
heikel	neg 1.0		off 0.5022266377892878 neg 0.49067311485617926 __DUMMY__ 0.007100247354533025	false	0.5
drosselung	neg 1.0		off 0.5143461327873681 neg 0.4786168106577453 __DUMMY__ 0.007037056554886594	false	0.5
falsch	neg 1.0		off 0.5113359739767005 neg 0.4816218319622872 __DUMMY__ 0.007042194061012362	false	0.5
unzufriedenheit	neg 1.0		off 0.5017130400111383 neg 0.4911593943788632 __DUMMY__ 0.007127565609998605	false	0.5
kurz	neg 1.0		off 0.5091444102996279 neg 0.4837140189946696 __DUMMY__ 0.007141570705702583	false	0.5
unsinnig	neg 1.0		off 0.5048597495085985 neg 0.4880708011031511 __DUMMY__ 0.007069449388250368	false	0.5
penner	off 1.0	off 1.0	off 0.7455571861830345 neg 0.2511297491169807 __DUMMY__ 0.003313064699984804	false	1.0
seicht	neg 1.0		off 0.5196657593738427 neg 0.4734129671008729 __DUMMY__ 0.006921273525284365	false	0.5
dummheit	off 1.0	off 1.0	off 0.7400731217297887 neg 0.25657781311362365 __DUMMY__ 0.0033490651565876916	false	1.0
unerfreulich	neg 1.0		off 0.502655574855623 neg 0.490218391488891 __DUMMY__ 0.007126033655486152	false	0.5
motherfucker	off 1.0	off 1.0	off 0.7432977801259458 neg 0.25335296584241795 __DUMMY__ 0.003349254031636244	false	1.0
pikiert	neg 1.0		off 0.5128571936160017 neg 0.4801198841901199 __DUMMY__ 0.007022922193878532	false	0.5
wrack	neg 1.0		off 0.5075983803982174 neg 0.4852691467133418 __DUMMY__ 0.007132472888440734	false	0.5
gangster	neg 1.0		off 0.512289329656985 neg 0.4806328725755071 __DUMMY__ 0.007077797767507907	false	0.5
krank	neg 1.0		off 0.5155067190193342 neg 0.47744021578077955 __DUMMY__ 0.00705306519988631	false	0.5
reich	neg 1.0		off 0.5151160769037858 neg 0.4778096787371803 __DUMMY__ 0.007074244359033893	false	0.5
gnadenlos	neg 1.0		off 0.5086688306037265 neg 0.4842594366781128 __DUMMY__ 0.007071732718160845	false	0.5
niedergeschlagen	neg 1.0		off 0.5074312727735515 neg 0.48545649575316036 __DUMMY__ 0.007112231473288114	false	0.5
terrorisieren	off 1.0	off 1.0	off 0.7373394205796578 neg 0.25926543464591445 __DUMMY__ 0.003395144774427704	false	1.0
sinnlosigkeit	neg 1.0		off 0.5054111625045418 neg 0.48749401220520977 __DUMMY__ 0.007094825290248548	false	0.5
behindern	neg 1.0		off 0.5079946279269267 neg 0.48489990713292563 __DUMMY__ 0.007105464940147558	false	0.5
undemokratisch	neg 1.0		off 0.5082406303845257 neg 0.48468728308962966 __DUMMY__ 0.007072086525844664	false	0.5
wirtschaftskrise	neg 1.0		off 0.5038491333812235 neg 0.4890517099604588 __DUMMY__ 0.0070991566583177	false	0.5
neid	neg 1.0		off 0.5132667507093297 neg 0.4796576490265958 __DUMMY__ 0.007075600264074542	false	0.5
rutschen	neg 1.0		off 0.5041101585881026 neg 0.48866668068024355 __DUMMY__ 0.007223160731654048	false	0.5
rezession	neg 1.0		off 0.5124031500214009 neg 0.48065020550598864 __DUMMY__ 0.006946644472610517	false	0.5
fehlgeburt	neg 1.0		off 0.5109936515376853 neg 0.4819152221073233 __DUMMY__ 0.007091126354991471	false	0.5
charakterschwach	off 1.0		off 0.5127697713271046 neg 0.48022161190950036 __DUMMY__ 0.007008616763394957	false	1.0
isolation	neg 1.0		off 0.5121977990141752 neg 0.48073524468157336 __DUMMY__ 0.007066956304251495	false	0.5
ablenkung	neg 1.0		off 0.5092474501288438 neg 0.48364649820316985 __DUMMY__ 0.007106051667986333	false	0.5
pech	neg 1.0		off 0.5119261388878056 neg 0.48101752113690455 __DUMMY__ 0.007056339975289909	false	0.5
vermeidung	neg 1.0		off 0.5150909227339983 neg 0.4778624684128637 __DUMMY__ 0.007046608853138093	false	0.5
dominieren	neg 1.0		off 0.5052359544531415 neg 0.4876307906866428 __DUMMY__ 0.007133254860215744	false	0.5
schwindlig	neg 1.0		off 0.5119475104027209 neg 0.4809584578328927 __DUMMY__ 0.007094031764386472	false	0.5
lutscher	neg 1.0		off 0.5209593512051074 neg 0.47211074281778703 __DUMMY__ 0.006929905977105506	false	0.5
pflicht	neg 1.0		off 0.5015649642154996 neg 0.4913175843995317 __DUMMY__ 0.007117451384968811	false	0.5
faschist	off 1.0		off 0.5112687114233069 neg 0.48166921287319275 __DUMMY__ 0.007062075703500304	false	1.0
verschleudern	neg 1.0		off 0.5021824210800304 neg 0.4907160819449149 __DUMMY__ 0.007101496975054699	false	0.5
wenn			off 0.5121553579270429 neg 0.48079251787558186 __DUMMY__ 0.007052124197375267	false	0.0
ehebruch	neg 1.0		off 0.5046134919948186 neg 0.48827679157510223 __DUMMY__ 0.007109716430079273	false	0.5
spott	off 1.0		off 0.5036266566238192 neg 0.48926813858201895 __DUMMY__ 0.00710520479416179	false	1.0
trostlosigkeit	neg 1.0		off 0.5034314446215453 neg 0.4894095873823143 __DUMMY__ 0.007158967996140296	false	0.5
lutschen	neg 1.0		off 0.5111192291849443 neg 0.4818340899798614 __DUMMY__ 0.007046680835194263	false	0.5
undiszipliniert	neg 1.0		off 0.5153622829419697 neg 0.4776235260105835 __DUMMY__ 0.007014191047446762	false	0.5
kopfschmerz	neg 1.0		off 0.5053581464939222 neg 0.4875528767727821 __DUMMY__ 0.007088976733295635	false	0.5
unvorhergesehen	neg 1.0		off 0.5068464437160253 neg 0.48597567623179494 __DUMMY__ 0.007177880052179661	false	0.5
desinteressiert	neg 1.0	neg 1.0	neg 0.7238049785472402 off 0.27285613860736163 __DUMMY__ 0.0033388828453980953	false	1.0
armselig	off 1.0		off 0.5144120185186588 neg 0.4786036071105251 __DUMMY__ 0.006984374370816136	false	1.0
desaster	neg 1.0		off 0.500759563337913 neg 0.4920940528148687 __DUMMY__ 0.007146383847218158	false	0.5
tod	neg 1.0		off 0.508281294030089 neg 0.484559190248392 __DUMMY__ 0.007159515721519083	false	0.5
herzlos	neg 1.0		off 0.5157483571920164 neg 0.47724497424843215 __DUMMY__ 0.007006668559551584	false	0.5
unwissenheit	neg 1.0		off 0.5046583868436364 neg 0.48825087811781714 __DUMMY__ 0.007090735038546544	false	0.5
widersinnig	neg 1.0		off 0.5024006549875076 neg 0.4905465656575741 __DUMMY__ 0.007052779354918261	false	0.5
bedenklich	neg 1.0		off 0.5033450770576873 neg 0.4895639618530369 __DUMMY__ 0.007090961089275757	false	0.5
beanstanden	neg 1.0		off 0.5015310416580719 neg 0.49134391080896367 __DUMMY__ 0.0071250475329643105	false	0.5
panisch	neg 1.0	neg 1.0	neg 0.7245331750241023 off 0.2720755997956444 __DUMMY__ 0.0033912251802533104	false	1.0
debil	off 1.0		off 0.4995703435570583 neg 0.49321276402321684 __DUMMY__ 0.007216892419724847	false	1.0
abstrich	neg 1.0		off 0.5121437980187856 neg 0.4806844685651329 __DUMMY__ 0.007171733416081303	false	0.5
primitiv	neg 1.0		off 0.512868542014293 neg 0.4801307105646146 __DUMMY__ 0.007000747421092428	false	0.5
abschaum	off 1.0	off 1.0	off 0.7416325639958641 neg 0.25502195487295454 __DUMMY__ 0.0033454811311813947	false	1.0
provozieren	neg 1.0		off 0.5070831287185453 neg 0.48586657102268815 __DUMMY__ 0.007050300258766635	false	0.5
tot	neg 1.0		off 0.5054188014044887 neg 0.4874776721804943 __DUMMY__ 0.007103526415017075	false	0.5
instabil	neg 1.0		off 0.515545016176317 neg 0.47744192018730924 __DUMMY__ 0.007013063636373836	false	0.5
schwuchtel	off 1.0	off 1.0	off 0.7477725312784903 neg 0.24895154825737761 __DUMMY__ 0.0032759204641321705	false	1.0
zerren	neg 1.0		off 0.5068634270074075 neg 0.48602024998523696 __DUMMY__ 0.007116323007355663	false	0.5
kinderficker	off 1.0		off 0.518637892629887 neg 0.47437099551801337 __DUMMY__ 0.006991111852099652	false	1.0
gefahr	neg 1.0		off 0.5028839158469185 neg 0.48996606022562117 __DUMMY__ 0.007150023927460182	false	0.5
rabiat	neg 1.0		off 0.508471066095396 neg 0.48443657552943875 __DUMMY__ 0.007092358375165232	false	0.5
verlangsamung	neg 1.0		off 0.5167769728682294 neg 0.4762998295923921 __DUMMY__ 0.006923197539378374	false	0.5
ausgestorben	neg 1.0		off 0.5088286203057111 neg 0.4840654893138592 __DUMMY__ 0.007105890380429782	false	0.5
anklagen	neg 1.0		off 0.5054140899259814 neg 0.48747075549964974 __DUMMY__ 0.007115154574368829	false	0.5
trott	neg 1.0		off 0.5084005349581759 neg 0.4844950418429665 __DUMMY__ 0.007104423198857565	false	0.5
verminderung	neg 1.0		off 0.5139619105958211 neg 0.4790179358407445 __DUMMY__ 0.007020153563434578	false	0.5
nach			off 0.502670713576918 neg 0.4901004416056153 __DUMMY__ 0.007228844817466762	false	0.0
rost	neg 1.0		off 0.5182662452010469 neg 0.47475979652355665 __DUMMY__ 0.006973958275396397	false	0.5
destruktiv	neg 1.0		off 0.5060875204741174 neg 0.48684956183139055 __DUMMY__ 0.007062917694492105	false	0.5
unzumutbarkeit	neg 1.0		off 0.5144944115879827 neg 0.47844656300969196 __DUMMY__ 0.0070590254023253415	false	0.5
labil	off 1.0	off 1.0	off 0.7416733809744409 neg 0.2549707853034971 __DUMMY__ 0.003355833722061932	false	1.0
ziemlich	neg 1.0		off 0.5150836149241886 neg 0.4778571230984406 __DUMMY__ 0.007059261977370928	false	0.5
lachnummer	off 1.0		off 0.5070796387354548 neg 0.48585615658596487 __DUMMY__ 0.007064204678580203	false	1.0
oder			off 0.510134975982888 neg 0.48276374813419987 __DUMMY__ 0.007101275882912246	false	0.0
verfall	neg 1.0		off 0.4989947927201086 neg 0.4938345565775424 __DUMMY__ 0.007170650702348882	false	0.5
ausgrenzung	neg 1.0		off 0.5091947459332792 neg 0.4837323004214142 __DUMMY__ 0.0070729536453064705	false	0.5
unordnung	neg 1.0		off 0.5189075007481379 neg 0.47402198246102384 __DUMMY__ 0.007070516790838362	false	0.5
fehlverhalten	neg 1.0		off 0.5010798333675559 neg 0.49182477768732813 __DUMMY__ 0.007095388945115888	false	0.5
eine			off 0.50384037187772 neg 0.48900696902348073 __DUMMY__ 0.007152659098799337	false	0.0
nille	neg 1.0		off 0.5090359905026866 neg 0.48384694137338174 __DUMMY__ 0.007117068123931783	false	0.5
qual	neg 1.0		off 0.5080153224484816 neg 0.48487689146635526 __DUMMY__ 0.007107786085163132	false	0.5
verschwenden	neg 1.0		off 0.5027805155767175 neg 0.4901245300017098 __DUMMY__ 0.007094954421572628	false	0.5
riesig	neg 1.0		off 0.5061744956618274 neg 0.48668810163362775 __DUMMY__ 0.0071374027045448185	false	0.5
verurteilen	neg 1.0		off 0.5036611221059778 neg 0.48926165660728343 __DUMMY__ 0.007077221286738747	false	0.5
klischee	neg 1.0	neg 1.0	neg 0.7259794724348443 off 0.2706702490450695 __DUMMY__ 0.003350278520086232	false	1.0
diktatorisch	neg 1.0		off 0.5081113789234676 neg 0.4848232107759359 __DUMMY__ 0.007065410300596508	false	0.5
vorhersehbar	neg 1.0		off 0.509267894617358 neg 0.4837013380982774 __DUMMY__ 0.00703076728436457	false	0.5
sowie			off 0.5175870357483239 neg 0.47542632038102306 __DUMMY__ 0.006986643870653025	false	0.0
stornieren	neg 1.0		off 0.5143582721144148 neg 0.47849740234963806 __DUMMY__ 0.007144325535947218	false	0.5
besteuerung	neg 1.0		off 0.5060394404550307 neg 0.4869218747931472 __DUMMY__ 0.007038684751822188	false	0.5
ungeschminkt	neg 1.0		off 0.512276108364731 neg 0.4807303398415393 __DUMMY__ 0.006993551793729682	false	0.5
kritisch	neg 1.0		off 0.5034941446124586 neg 0.489405697262143 __DUMMY__ 0.007100158125398356	false	0.5
schlamperei	off 1.0		off 0.503933339985868 neg 0.4889290688256109 __DUMMY__ 0.007137591188521019	false	1.0
sucht	neg 1.0	neg 1.0	neg 0.723967781619856 off 0.27260874750198605 __DUMMY__ 0.0034234708781578924	false	1.0
egoistisch	off 1.0		off 0.5171185782078347 neg 0.47592027963741884 __DUMMY__ 0.006961142154746525	false	1.0
ausbeuter	off 1.0		off 0.5003938001828374 neg 0.49252213548153334 __DUMMY__ 0.00708406433562938	false	1.0
arschgeburt	off 1.0		off 0.5224735753622537 neg 0.470655461297001 __DUMMY__ 0.006870963340745314	false	1.0
schubs	neg 1.0		off 0.5068300450573856 neg 0.48606007379297467 __DUMMY__ 0.007109881149639646	false	0.5
unsolide	neg 1.0		off 0.5081262522938312 neg 0.48482588004318583 __DUMMY__ 0.007047867662982996	false	0.5
beschwerde	neg 1.0		off 0.5036683018584769 neg 0.4892181539616725 __DUMMY__ 0.0071135441798504655	false	0.5
stocken	neg 1.0		off 0.5041141391026281 neg 0.4887543130160651 __DUMMY__ 0.007131547881306772	false	0.5
isolieren	neg 1.0		off 0.5049233433036727 neg 0.4879675335156859 __DUMMY__ 0.007109123180641515	false	0.5
unheilbar	neg 1.0		off 0.5084969201978994 neg 0.48441414456550086 __DUMMY__ 0.007088935236599753	false	0.5
pisser	off 1.0		off 0.5150534357490546 neg 0.4779429198024089 __DUMMY__ 0.007003644448536604	false	1.0
löschen	neg 1.0		off 0.5087528386005913 neg 0.484144294676464 __DUMMY__ 0.007102866722944628	false	0.5
durchfallen	neg 1.0		off 0.5029872537752054 neg 0.4899375029895862 __DUMMY__ 0.007075243235208513	false	0.5
wichser	off 1.0	off 1.0	off 0.7469636953723546 neg 0.2497391095538268 __DUMMY__ 0.0032971950738185395	false	1.0
terror	neg 1.0		off 0.512022343553414 neg 0.4808980700074735 __DUMMY__ 0.007079586439112556	false	0.5
krass	neg 1.0		off 0.5167348734147776 neg 0.4762621721881704 __DUMMY__ 0.007002954397052108	false	0.5
revolte	neg 1.0		off 0.5106508744123139 neg 0.4822650948597837 __DUMMY__ 0.0070840307279023814	false	0.5
besorgt	neg 1.0		off 0.5098641323064259 neg 0.482975534422536 __DUMMY__ 0.007160333271038019	false	0.5
nachlassen	neg 1.0		off 0.505814114858968 neg 0.4870280274740383 __DUMMY__ 0.0071578576669937164	false	0.5
alt	neg 1.0		off 0.5052548859169615 neg 0.4876467430060164 __DUMMY__ 0.007098371077022082	false	0.5
hundesohn	off 1.0		off 0.5215076551825049 neg 0.47155300385229465 __DUMMY__ 0.006939340965200438	false	1.0
als			off 0.5060245607585059 neg 0.4868701610481054 __DUMMY__ 0.007105278193388698	false	0.0
abschreckung	neg 1.0		off 0.5012768009495887 neg 0.49159702845941633 __DUMMY__ 0.007126170590994975	false	0.5
unqualifiziert	neg 1.0		off 0.5096903225982504 neg 0.48329139922352055 __DUMMY__ 0.007018278178229148	false	0.5
abgewichst	off 1.0		off 0.5083833429729748 neg 0.48449487733775093 __DUMMY__ 0.007121779689274287	false	1.0
schwer	neg 1.0		off 0.506979813091694 neg 0.4859365430001665 __DUMMY__ 0.007083643908139467	false	0.5
bedeutungslosigkeit	neg 1.0		off 0.5024485071510224 neg 0.4904309050151507 __DUMMY__ 0.007120587833827108	false	0.5
kapitulation	neg 1.0		off 0.5045559608354145 neg 0.48832004506483856 __DUMMY__ 0.007123994099746961	false	0.5
unscharf	neg 1.0		off 0.5093354348844741 neg 0.4836217678067382 __DUMMY__ 0.007042797308787607	false	0.5
schwinden	neg 1.0		off 0.5030128292830737 neg 0.4898521996460931 __DUMMY__ 0.007134971070833154	false	0.5
versklavung	neg 1.0		off 0.5089840164694661 neg 0.4839275908348873 __DUMMY__ 0.007088392695646507	false	0.5
schlecht	neg 1.0		off 0.5150087627070816 neg 0.4779359730251987 __DUMMY__ 0.007055264267719609	false	0.5
verhasst	neg 1.0		off 0.5067258110033817 neg 0.4862427189600599 __DUMMY__ 0.007031470036558506	false	0.5
beschweren	neg 1.0		off 0.5099671232159416 neg 0.48296166537266244 __DUMMY__ 0.007071211411395745	false	0.5
scheiden	neg 1.0		off 0.5098824177340083 neg 0.4829999271801615 __DUMMY__ 0.00711765508583014	false	0.5
frustriert	neg 1.0		off 0.5058510702284428 neg 0.4870624959280505 __DUMMY__ 0.007086433843506679	false	0.5
schimmelig	neg 1.0		off 0.5035270645206132 neg 0.4893987294400171 __DUMMY__ 0.007074206039369752	false	0.5
fisch	neg 1.0		off 0.5014898865552437 neg 0.49140165625684207 __DUMMY__ 0.007108457187914088	false	0.5
schmuggel	neg 1.0		off 0.5035079201965071 neg 0.4893664065525332 __DUMMY__ 0.007125673250959675	false	0.5
auffallen	neg 1.0		off 0.5107032257478716 neg 0.4822326639772797 __DUMMY__ 0.007064110274848714	false	0.5
konkurrenz	neg 1.0		off 0.5018516297011971 neg 0.49100557372280107 __DUMMY__ 0.007142796576001721	false	0.5
teufelskreis	neg 1.0	neg 1.0	neg 0.7284239860585174 off 0.2682113292850875 __DUMMY__ 0.003364684656395064	false	1.0
aufschreien	neg 1.0		off 0.5097376014416116 neg 0.48321635016304115 __DUMMY__ 0.0070460483953472125	false	0.5
schuldner	neg 1.0		off 0.5007161819855201 neg 0.492180588646821 __DUMMY__ 0.007103229367658855	false	0.5
missgeburt	off 1.0	off 1.0	off 0.7444969182346517 neg 0.25219617639377423 __DUMMY__ 0.003306905371574107	false	1.0
arbeitslos	neg 1.0		off 0.5033430535096128 neg 0.4895832726688921 __DUMMY__ 0.007073673821495119	false	0.5
befallen	neg 1.0		off 0.5061584715397852 neg 0.4867477056341723 __DUMMY__ 0.007093822826042621	false	0.5
miesepetrig	off 1.0	off 1.0	off 0.7424997773637829 neg 0.25414431533329557 __DUMMY__ 0.0033559073029214717	false	1.0
alarmieren	neg 1.0		off 0.5111908969304817 neg 0.48177388696267903 __DUMMY__ 0.007035216106839182	false	0.5
ungeduscht	off 1.0		off 0.511327469031511 neg 0.48164075936975087 __DUMMY__ 0.007031771598738018	false	1.0
knappheit	neg 1.0		off 0.5018363062421421 neg 0.4911030386979001 __DUMMY__ 0.007060655059957817	false	0.5
schlange	neg 1.0		off 0.5126847774479172 neg 0.48018931683944477 __DUMMY__ 0.007125905712638051	false	0.5
harsch	neg 1.0		off 0.5201962067108659 neg 0.47276372489908425 __DUMMY__ 0.007040068390049762	false	0.5
lang	neg 1.0		off 0.5099867140090676 neg 0.48291080704122397 __DUMMY__ 0.007102478949708469	false	0.5
ziellos	neg 1.0		off 0.5063244367613443 neg 0.4865372638350288 __DUMMY__ 0.007138299403627036	false	0.5
selbstverliebt	neg 1.0		off 0.5214999664477746 neg 0.4715932210908777 __DUMMY__ 0.00690681246134768	false	0.5
beseitigen	neg 1.0		off 0.5069294560989912 neg 0.48596458594641523 __DUMMY__ 0.007105957954593617	false	0.5
dumm	off 1.0		off 0.5187763679229933 neg 0.4742525514053824 __DUMMY__ 0.006971080671624334	false	1.0
arbeitsloser	neg 1.0		off 0.5055503412526149 neg 0.4873382419379205 __DUMMY__ 0.00711141680946453	false	0.5
blitzen	neg 1.0		off 0.5114798797065537 neg 0.48145116295324575 __DUMMY__ 0.007068957340200413	false	0.5
hilflos	neg 1.0		off 0.5055236196864343 neg 0.4873853756587616 __DUMMY__ 0.007091004654804101	false	0.5
eklig	off 1.0		off 0.5179490418732596 neg 0.4751098588437298 __DUMMY__ 0.0069410992830105135	false	1.0
begriff			off 0.5065367813636164 neg 0.48638163350770786 __DUMMY__ 0.007081585128675708	false	0.0
hungersnot	neg 1.0		off 0.5065068845458278 neg 0.48636930495942104 __DUMMY__ 0.007123810494751108	false	0.5
ungesetzlich	neg 1.0		off 0.5056823232168149 neg 0.48728355429168807 __DUMMY__ 0.007034122491496996	false	0.5
verschwendung	neg 1.0		off 0.503278424291722 neg 0.4896058458577701 __DUMMY__ 0.007115729850507733	false	0.5
schmerzvoll	neg 1.0		off 0.5100938292457814 neg 0.48282688607924246 __DUMMY__ 0.007079284674976281	false	0.5
vorzeitig	neg 1.0		off 0.5116212438225571 neg 0.4813012363783141 __DUMMY__ 0.00707751979912861	false	0.5
unvollkommenheit	neg 1.0		off 0.5081159026902017 neg 0.48472750864903374 __DUMMY__ 0.0071565886607647	false	0.5
intervenieren	neg 1.0		off 0.5023205943720952 neg 0.49057456226739293 __DUMMY__ 0.007104843360511871	false	0.5
banause	off 1.0		off 0.519342187325676 neg 0.47375490623333194 __DUMMY__ 0.006902906440991966	false	1.0
rebell	neg 1.0		off 0.4999186329641484 neg 0.4929378162735067 __DUMMY__ 0.007143550762344782	false	0.5
unlogisch	neg 1.0		off 0.5146753213652847 neg 0.47833198362566276 __DUMMY__ 0.006992695009052446	false	0.5
leiden	neg 1.0		off 0.5037506368566136 neg 0.48910452629622875 __DUMMY__ 0.007144836847157782	false	0.5
abschaffung	neg 1.0		off 0.5080668174119716 neg 0.4848505953826019 __DUMMY__ 0.007082587205426505	false	0.5
sturz	neg 1.0		off 0.5103203968685431 neg 0.48255583296902826 __DUMMY__ 0.007123770162428625	false	0.5
verkleinerung	neg 1.0		off 0.5086532674391986 neg 0.48432034901343324 __DUMMY__ 0.007026383547368278	false	0.5
schmarotzer	off 1.0		off 0.5033978352251198 neg 0.4895457284367956 __DUMMY__ 0.007056436338084456	false	1.0
bestrafung	neg 1.0		off 0.5092700498914755 neg 0.48364619770747214 __DUMMY__ 0.007083752401052544	false	0.5
achtlos	neg 1.0	neg 1.0	neg 0.7271728556050723 off 0.2694391885713474 __DUMMY__ 0.0033879558235803122	false	1.0
ungeheuer	neg 1.0		off 0.5121946426699748 neg 0.4807110441994688 __DUMMY__ 0.007094313130556432	false	0.5
