unsolidarisch	neg 1.0		off 0.3424146091402917 neg 0.33184082477716803 __DUMMY__ 0.32574456608254027	false	0.5
nachteilig	neg 1.0		off 0.3389856781745963 neg 0.33242276855718744 __DUMMY__ 0.32859155326821626	false	0.5
skeptisch	neg 1.0		off 0.33862428012890194 neg 0.3322993804304529 __DUMMY__ 0.3290763394406451	false	0.5
schrecklich	neg 1.0		off 0.35481796786030123 __DUMMY__ 0.3245095188319889 neg 0.3206725133077098	false	0.5
schlapp	neg 1.0		off 0.3507838755143015 __DUMMY__ 0.32624811886111993 neg 0.3229680056245786	false	0.5
abfall	neg 1.0		off 0.3354112920847216 neg 0.33352818163302655 __DUMMY__ 0.33106052628225197	false	0.5
widerspenstig	neg 1.0		off 0.34485273792166277 __DUMMY__ 0.32789202437866166 neg 0.32725523769967557	false	0.5
abrupt	neg 1.0		off 0.341225879594051 __DUMMY__ 0.3308246888870896 neg 0.3279494315188595	false	0.5
unwirksam	neg 1.0		off 0.34231396164149336 neg 0.33221198187857004 __DUMMY__ 0.32547405647993655	false	0.5
angreifen	neg 1.0		off 0.3383112135567776 neg 0.33288010197233714 __DUMMY__ 0.32880868447088524	false	0.5
inkonsistent	neg 1.0		off 0.34452423457933096 neg 0.3292194100163862 __DUMMY__ 0.3262563554042829	false	0.5
abrutschen	neg 1.0		off 0.33546550877516174 neg 0.3342570527462289 __DUMMY__ 0.3302774384786094	false	0.5
unsicher	neg 1.0		off 0.34475766486067105 __DUMMY__ 0.32843133877622627 neg 0.3268109963631027	false	0.5
bauernkind	off 1.0	off 1.0	off 0.6646343252462017 neg 0.18145540542191255 __DUMMY__ 0.15391026933188584	false	1.0
angreifer	neg 1.0	neg 1.0	neg 0.6488327101877587 off 0.19216853034563416 __DUMMY__ 0.15899875946660733	false	1.0
trennen	neg 1.0		off 0.3396668109589041 __DUMMY__ 0.3308892137109121 neg 0.3294439753301837	false	0.5
schmutz	neg 1.0		off 0.34819197161431015 __DUMMY__ 0.3297213974579949 neg 0.322086630927695	false	0.5
inkonsistenz	neg 1.0		off 0.3479614942425396 neg 0.3290100076118764 __DUMMY__ 0.32302849814558393	false	0.5
erschreckend	neg 1.0		off 0.3429045373661784 neg 0.32980748819823474 __DUMMY__ 0.3272879744355869	false	0.5
ertrinken	neg 1.0		off 0.33962593191680407 neg 0.3307741740776726 __DUMMY__ 0.3295998940055232	false	0.5
pickelface	off 1.0		off 0.34379812065017057 __DUMMY__ 0.3286215696232115 neg 0.327580309726618	false	1.0
seiner			off 0.3393532881689149 neg 0.33121942157553025 __DUMMY__ 0.32942729025555473	false	0.0
lauch	neg 1.0		off 0.3370383292305962 neg 0.33166490692819 __DUMMY__ 0.33129676384121376	false	0.5
unwichtig	neg 1.0		off 0.3489116021687194 neg 0.32623265865948853 __DUMMY__ 0.3248557391717921	false	0.5
steuerhinterziehung	neg 1.0	neg 1.0	neg 0.65295918807168 off 0.18850499486742286 __DUMMY__ 0.1585358170608972	false	1.0
schock	neg 1.0		off 0.3441576684970642 __DUMMY__ 0.3289784906058548 neg 0.3268638408970811	false	0.5
beule	neg 1.0		off 0.35137663827189364 __DUMMY__ 0.32528948295105653 neg 0.32333387877704983	false	0.5
vergelten	neg 1.0		off 0.3547480881395796 __DUMMY__ 0.32652430883520517 neg 0.3187276030252153	false	0.5
verdorbenheit	neg 1.0		off 0.3468330275278277 __DUMMY__ 0.32964479270923114 neg 0.3235221797629412	false	0.5
trauma	neg 1.0		off 0.3455715372994511 __DUMMY__ 0.3276218896013069 neg 0.326806573099242	false	0.5
sinnlos	neg 1.0		off 0.3468726366247739 __DUMMY__ 0.32701657586485827 neg 0.3261107875103679	false	0.5
fettsack	off 1.0	off 1.0	off 0.6660681586049847 neg 0.17927325090069146 __DUMMY__ 0.1546585904943239	false	1.0
feige	off 1.0	off 1.0	off 0.662881470087236 neg 0.18083815507346893 __DUMMY__ 0.15628037483929513	false	1.0
abdanken	neg 1.0		off 0.34389433464148195 __DUMMY__ 0.3283596073278942 neg 0.32774605803062384	false	0.5
wichtigtuer	off 1.0	off 1.0	off 0.6615550223043833 neg 0.18139044225451978 __DUMMY__ 0.15705453544109677	false	1.0
misslingen	neg 1.0		off 0.3475275582991809 __DUMMY__ 0.3308357822541898 neg 0.32163665944662934	false	0.5
untreu	off 1.0		off 0.3502142765554846 __DUMMY__ 0.3255171740781258 neg 0.32426854936638966	false	1.0
missmutig	neg 1.0		off 0.34999448092794794 __DUMMY__ 0.32646692506430697 neg 0.323538594007745	false	0.5
hurenbock	off 1.0		off 0.34757151669435943 __DUMMY__ 0.3283151288523089 neg 0.3241133544533316	false	1.0
betrunken	neg 1.0		off 0.3526247119791263 __DUMMY__ 0.3256127350017428 neg 0.32176255301913065	false	0.5
korrupt	off 1.0		off 0.3398086301025434 neg 0.3338104354647625 __DUMMY__ 0.3263809344326941	false	1.0
unmut	neg 1.0		off 0.3358728172434188 neg 0.33349061313303147 __DUMMY__ 0.3306365696235497	false	0.5
hackfresse	off 1.0		off 0.3579765774939947 __DUMMY__ 0.3222379598610827 neg 0.31978546264492264	false	1.0
aufblasen	neg 1.0		off 0.3470582551200329 __DUMMY__ 0.3278424811028624 neg 0.3250992637771046	false	0.5
gewaltsam	neg 1.0		off 0.3434137741072079 __DUMMY__ 0.3290919985392993 neg 0.3274942273534926	false	0.5
unbeliebtheit	neg 1.0		off 0.34772711608579965 neg 0.32741713846605386 __DUMMY__ 0.32485574544814655	false	0.5
sturheit	neg 1.0		off 0.34220178353926006 neg 0.33033822824975256 __DUMMY__ 0.3274599882109872	false	0.5
kuh	neg 1.0		off 0.3450463091967655 neg 0.3308462615506142 __DUMMY__ 0.3241074292526203	false	0.5
erschrecken	neg 1.0		off 0.35002720923132685 __DUMMY__ 0.32704684783057075 neg 0.32292594293810223	false	0.5
opfer	neg 1.0		off 0.3404890439345622 neg 0.33052122678903695 __DUMMY__ 0.32898972927640097	false	0.5
sinken	neg 1.0		off 0.33701060504590663 neg 0.33206035878413565 __DUMMY__ 0.3309290361699578	false	0.5
stinktier	neg 1.0		off 0.3527200454339479 neg 0.32668422508594286 __DUMMY__ 0.3205957294801092	false	0.5
tucke	off 1.0		off 0.35828054364575285 neg 0.32107839336899013 __DUMMY__ 0.32064106298525685	false	1.0
ein			off 0.3460384564018407 __DUMMY__ 0.3278613979062203 neg 0.32610014569193896	false	0.0
abstieg	neg 1.0		off 0.3399079235154636 neg 0.3300897730208095 __DUMMY__ 0.33000230346372705	false	0.5
missverstehen	neg 1.0		off 0.34634141179872163 neg 0.3286682582743358 __DUMMY__ 0.32499032992694243	false	0.5
ergebnislos	neg 1.0		off 0.33951388187920095 neg 0.3304112105058233 __DUMMY__ 0.3300749076149758	false	0.5
unter			neg 0.33410225408550465 __DUMMY__ 0.3339377427696006 off 0.3319600031448949	false	0.0
manipulieren	neg 1.0		off 0.33841542951449505 neg 0.332057594451864 __DUMMY__ 0.32952697603364095	false	0.5
unbewiesen	neg 1.0		off 0.3418200735955346 neg 0.3330928684568361 __DUMMY__ 0.3250870579476291	false	0.5
verschleppen	neg 1.0		off 0.3404310025672264 neg 0.3311866210517691 __DUMMY__ 0.32838237638100454	false	0.5
weib	off 1.0		off 0.3570997911674507 neg 0.3229732512476821 __DUMMY__ 0.3199269575848671	false	1.0
opposition	neg 1.0		off 0.34545671642827525 neg 0.32818110269219836 __DUMMY__ 0.3263621808795263	false	0.5
verkehrswidrig	neg 1.0		off 0.3566882407909877 __DUMMY__ 0.3270135379835052 neg 0.31629822122550705	false	0.5
inkorrekt	neg 1.0		off 0.3523988239589701 neg 0.3247203057981172 __DUMMY__ 0.3228808702429127	false	0.5
vermeiden	neg 1.0	neg 1.0	neg 0.6543299125305102 off 0.18501777084035625 __DUMMY__ 0.16065231662913362	false	1.0
abweichung	neg 1.0		off 0.3400601772113029 neg 0.3313383174832325 __DUMMY__ 0.32860150530546467	false	0.5
alkoholisiert	neg 1.0		off 0.34015281552767684 __DUMMY__ 0.33009223231936125 neg 0.32975495215296186	false	0.5
scheiss	off 1.0	off 1.0	off 0.6637068163356104 neg 0.17955838124363938 __DUMMY__ 0.15673480242075033	false	1.0
herausforderung	neg 1.0		off 0.3388246132992018 neg 0.33175714932490435 __DUMMY__ 0.32941823737589393	false	0.5
pervers	off 1.0		off 0.3613882328016086 __DUMMY__ 0.3205794520919679 neg 0.3180323151064235	false	1.0
wackelig	neg 1.0		off 0.343927456344008 __DUMMY__ 0.3305593898884114 neg 0.3255131537675805	false	0.5
verwickeln	neg 1.0		off 0.34574719914736984 neg 0.3290448923958536 __DUMMY__ 0.32520790845677666	false	0.5
vorwand	neg 1.0		off 0.33780923621994063 neg 0.33320801957640256 __DUMMY__ 0.32898274420365675	false	0.5
muschi	off 1.0		off 0.3439555312551978 __DUMMY__ 0.3285819489152102 neg 0.3274625198295921	false	1.0
entmutigung	neg 1.0		off 0.34558387086551956 __DUMMY__ 0.3272315761403724 neg 0.32718455299410804	false	0.5
unangemessen	neg 1.0		off 0.3411160843537395 neg 0.3323422736103656 __DUMMY__ 0.32654164203589475	false	0.5
unstetig	neg 1.0		off 0.347798375615857 __DUMMY__ 0.3272675382754921 neg 0.32493408610865093	false	0.5
entmutigen	neg 1.0		off 0.34528462658445336 neg 0.3274544770929221 __DUMMY__ 0.32726089632262456	false	0.5
schwanz	neg 1.0		off 0.34118363491355636 neg 0.32945194670370676 __DUMMY__ 0.32936441838273683	false	0.5
verbot	neg 1.0		off 0.34078627549221546 neg 0.33098820316353367 __DUMMY__ 0.3282255213442508	false	0.5
leid	neg 1.0		off 0.3556938326613834 __DUMMY__ 0.3228051741595169 neg 0.32150099317909975	false	0.5
archaisch	neg 1.0		off 0.34256260385276127 neg 0.32959792939765137 __DUMMY__ 0.3278394667495873	false	0.5
gegen			off 0.33707525483730455 neg 0.3319970572081907 __DUMMY__ 0.3309276879545047	false	0.0
scheidung	neg 1.0		off 0.3685360341818374 __DUMMY__ 0.32230436382750427 neg 0.3091596019906585	false	0.5
einschlag	neg 1.0		off 0.35336744503637485 __DUMMY__ 0.324886359741237 neg 0.3217461952223881	false	0.5
m			off 0.34248728022172975 __DUMMY__ 0.32940541245308025 neg 0.32810730732518995	false	0.0
abgestanden	neg 1.0		off 0.34465818727141456 neg 0.3285811859174072 __DUMMY__ 0.3267606268111783	false	0.5
schmierig	off 1.0		off 0.35567365329027567 __DUMMY__ 0.32403681908710247 neg 0.32028952762262175	false	1.0
unpraktisch	neg 1.0		off 0.34660470264087234 __DUMMY__ 0.3276869279087804 neg 0.32570836945034726	false	0.5
wixxer	off 1.0		off 0.36070023286527114 neg 0.31988737046173754 __DUMMY__ 0.31941239667299126	false	1.0
bezeichnet			off 0.3432502796907429 neg 0.33051363772560854 __DUMMY__ 0.3262360825836485	false	0.0
jammerlappen	off 1.0		off 0.3503145008805553 __DUMMY__ 0.3264617114922166 neg 0.3232237876272281	false	1.0
farce	neg 1.0		off 0.3419702281633838 neg 0.3301412053300914 __DUMMY__ 0.3278885665065249	false	0.5
zwecklos	neg 1.0		off 0.34133539185083817 neg 0.3312918308223736 __DUMMY__ 0.3273727773267882	false	0.5
turbulent	neg 1.0		off 0.35084524313994275 neg 0.32463989376540425 __DUMMY__ 0.32451486309465305	false	0.5
invasion	neg 1.0		off 0.3465526304961615 __DUMMY__ 0.3269204845483665 neg 0.32652688495547205	false	0.5
schuld	neg 1.0		off 0.3448827994245152 neg 0.32867616916307213 __DUMMY__ 0.32644103141241254	false	0.5
risiko	neg 1.0	neg 1.0	neg 0.649618430677627 off 0.19149584136420625 __DUMMY__ 0.15888572795816683	false	1.0
finster	neg 1.0		off 0.34513994488513583 neg 0.32866696254377403 __DUMMY__ 0.3261930925710902	false	0.5
geisteskrank	off 1.0		off 0.35006413912472395 neg 0.3268342386619073 __DUMMY__ 0.32310162221336874	false	1.0
zusammenbrechen	neg 1.0		off 0.34228831623676764 neg 0.32937099812796283 __DUMMY__ 0.3283406856352696	false	0.5
ausbeute	neg 1.0		off 0.34386517664276894 __DUMMY__ 0.3329924981300313 neg 0.3231423252271997	false	0.5
hinterhalt	neg 1.0		off 0.3457418142842429 __DUMMY__ 0.33219481800720524 neg 0.32206336770855193	false	0.5
kritik	neg 1.0		off 0.3415027211769824 neg 0.33082672479405445 __DUMMY__ 0.3276705540289632	false	0.5
einschrumpfen	neg 1.0		off 0.34811283402327475 neg 0.3265149222475838 __DUMMY__ 0.32537224372914136	false	0.5
riskant	neg 1.0		off 0.3386638946001282 neg 0.3331616479534994 __DUMMY__ 0.3281744574463723	false	0.5
frustrieren	neg 1.0		off 0.3399959527507497 neg 0.33172628122881126 __DUMMY__ 0.32827776602043907	false	0.5
groll	neg 1.0		off 0.34076485754186137 neg 0.3317642589021323 __DUMMY__ 0.3274708835560062	false	0.5
gibt			off 0.3425330995547228 neg 0.3289321745407189 __DUMMY__ 0.3285347259045584	false	0.0
qualvoll	neg 1.0		off 0.3482436008532156 __DUMMY__ 0.3270615446966284 neg 0.324694854450156	false	0.5
wackeln	neg 1.0		off 0.346628209964103 __DUMMY__ 0.3289738390707135 neg 0.3243979509651835	false	0.5
klagen	neg 1.0		off 0.3362613778241525 neg 0.3339036032210228 __DUMMY__ 0.32983501895482475	false	0.5
bankrott	neg 1.0		off 0.3500141747229576 __DUMMY__ 0.32715417734213126 neg 0.3228316479349112	false	0.5
trauern	neg 1.0		off 0.34114996907545136 __DUMMY__ 0.3304938158411419 neg 0.3283562150834068	false	0.5
ablehnung	neg 1.0		off 0.34106657127580076 neg 0.3313012253635138 __DUMMY__ 0.32763220336068544	false	0.5
stur	neg 1.0		off 0.3452534045573888 neg 0.3281754047089433 __DUMMY__ 0.32657119073366797	false	0.5
aufruhr	neg 1.0		off 0.3434866485578984 __DUMMY__ 0.32854388443052934 neg 0.3279694670115722	false	0.5
melancholie	neg 1.0		off 0.3417271870926578 __DUMMY__ 0.32961023508478615 neg 0.3286625778225559	false	0.5
ist			off 0.34671346772038264 __DUMMY__ 0.32720742302353484 neg 0.3260791092560824	false	0.0
torheit	neg 1.0		off 0.3445695830376294 neg 0.32797420131091415 __DUMMY__ 0.32745621565145644	false	0.5
dreckskind	off 1.0		off 0.35574666443986247 neg 0.3230378285721505 __DUMMY__ 0.3212155069879869	false	1.0
umtauschen	neg 1.0		off 0.34453765637743544 __DUMMY__ 0.32831571178957386 neg 0.3271466318329907	false	0.5
zum			off 0.3366849542891553 __DUMMY__ 0.334142618622433 neg 0.32917242708841166	false	0.0
zersetzen	neg 1.0		off 0.337627622448742 neg 0.33409934952234865 __DUMMY__ 0.32827302802890945	false	0.5
zur			off 0.33470246223199207 __DUMMY__ 0.3328632113434807 neg 0.3324343264245272	false	0.0
frust	neg 1.0		off 0.3425273396970294 neg 0.3288078701942563 __DUMMY__ 0.32866479010871424	false	0.5
unerbittlichkeit	neg 1.0		off 0.3382680910258428 neg 0.3326461268192415 __DUMMY__ 0.3290857821549156	false	0.5
zwei			off 0.33754099580953056 __DUMMY__ 0.3333105750288629 neg 0.3291484291616065	false	0.0
unkorrekt	neg 1.0		off 0.3528778914323175 __DUMMY__ 0.3240513777722856 neg 0.3230707307953969	false	0.5
hexe	off 1.0		off 0.34895301618309665 neg 0.32690118115415784 __DUMMY__ 0.32414580266274545	false	1.0
lasch	neg 1.0		off 0.347639423854298 neg 0.3274358601545013 __DUMMY__ 0.32492471599120065	false	0.5
rivale	neg 1.0		off 0.35228394048038736 __DUMMY__ 0.3248075466696614 neg 0.3229085128499512	false	0.5
mutlos	off 1.0	off 1.0	off 0.6572273605540655 neg 0.18439032726216306 __DUMMY__ 0.15838231218377147	false	1.0
wirr	off 1.0		off 0.35311003650754674 neg 0.32396556853989217 __DUMMY__ 0.32292439495256114	false	1.0
jahr			off 0.341311703746774 __DUMMY__ 0.3336826106341355 neg 0.3250056856190904	false	0.0
wird			off 0.34108071468294093 neg 0.3302887554860653 __DUMMY__ 0.32863052983099367	false	0.0
strafbar	neg 1.0		off 0.33916291709301644 neg 0.3327831989615499 __DUMMY__ 0.3280538839454338	false	0.5
erosion	neg 1.0		off 0.34539915817846484 __DUMMY__ 0.32890525667798814 neg 0.32569558514354713	false	0.5
eingehen	neg 1.0		off 0.3394566137919516 neg 0.33251548988347374 __DUMMY__ 0.3280278963245748	false	0.5
faul	off 1.0		off 0.349968562696809 __DUMMY__ 0.3270564803806424 neg 0.32297495692254874	false	1.0
provisorium	neg 1.0		__DUMMY__ 0.33450590298309024 off 0.3332395992005292 neg 0.3322544978163805	false	0.5
schmerzen	neg 1.0		off 0.3426698491926796 neg 0.33008053676950694 __DUMMY__ 0.3272496140378135	false	0.5
schrumpfen	neg 1.0		neg 0.3362501577406771 off 0.33324445393181124 __DUMMY__ 0.33050538832751164	false	1.0
geistlos	off 1.0		off 0.34545589603862886 neg 0.3302190931221466 __DUMMY__ 0.3243250108392245	false	1.0
fehlkauf	neg 1.0		off 0.34698078777799 __DUMMY__ 0.32769879548222647 neg 0.32532041673978335	false	0.5
frustrierend	neg 1.0		off 0.3486375040179192 __DUMMY__ 0.3261450508671451 neg 0.3252174451149357	false	0.5
unzufrieden	neg 1.0		off 0.3408786509181922 neg 0.33175447939569236 __DUMMY__ 0.3273668696861154	false	0.5
verzweifeln	neg 1.0		off 0.34315149049487037 neg 0.32895710207624884 __DUMMY__ 0.32789140742888084	false	0.5
verzweifelt	neg 1.0	neg 1.0	neg 0.6521842966066319 off 0.19050705798040113 __DUMMY__ 0.157308645412967	false	1.0
misstrauensantrag	neg 1.0		off 0.34684120282933806 __DUMMY__ 0.3269661320148672 neg 0.3261926651557948	false	0.5
abfallen	neg 1.0		off 0.3464850632317287 __DUMMY__ 0.3286853710140844 neg 0.32482956575418687	false	0.5
fucker	off 1.0		off 0.35359876921042077 __DUMMY__ 0.325568066540537 neg 0.3208331642490422	false	1.0
ungezogen	neg 1.0		off 0.36066483349914047 __DUMMY__ 0.3212196520053381 neg 0.3181155144955215	false	0.5
irrsinnig	neg 1.0	neg 1.0	neg 0.6517945712393546 off 0.19066817496871966 __DUMMY__ 0.15753725379192574	false	1.0
unfassbar	neg 1.0		off 0.351575605506846 __DUMMY__ 0.3259834965707514 neg 0.32244089792240266	false	0.5
hart	neg 1.0		off 0.3506656195266392 __DUMMY__ 0.32553635846849743 neg 0.32379802200486324	false	0.5
widerlich	off 1.0		off 0.3508802245202379 neg 0.3250524268360395 __DUMMY__ 0.3240673486437226	false	1.0
fatal	neg 1.0		off 0.34711480569582387 __DUMMY__ 0.32707321477710105 neg 0.32581197952707525	false	0.5
bruch	neg 1.0		off 0.33726408513924633 neg 0.3323071040315365 __DUMMY__ 0.33042881082921716	false	0.5
aushungern	neg 1.0		off 0.3422532783111015 neg 0.32917448179684183 __DUMMY__ 0.3285722398920565	false	0.5
anspannung	neg 1.0		off 0.33621569518716676 __DUMMY__ 0.3334761679196678 neg 0.33030813689316546	false	0.5
von			off 0.3419922109075832 __DUMMY__ 0.33450371250061295 neg 0.32350407659180386	false	0.0
kraftlos	neg 1.0		off 0.34234215023252035 __DUMMY__ 0.3292344386948366 neg 0.3284234110726432	false	0.5
vom			__DUMMY__ 0.33543998845947887 off 0.3347099063731135 neg 0.3298501051674076	false	0.0
grenzdebil	off 1.0		off 0.3520500107318347 __DUMMY__ 0.32596106123758123 neg 0.321988928030584	false	1.0
vor			off 0.3386898198544238 __DUMMY__ 0.33111255352218744 neg 0.3301976266233887	false	0.0
unterwerfen	neg 1.0		off 0.3401878836479205 neg 0.3311095265861842 __DUMMY__ 0.3287025897658953	false	0.5
versenkung	neg 1.0		off 0.3412697750596027 __DUMMY__ 0.32989730290078306 neg 0.3288329220396142	false	0.5
entziehen	neg 1.0		off 0.33688019212434206 neg 0.33337170046765585 __DUMMY__ 0.32974810740800214	false	0.5
finanzkrise	neg 1.0		off 0.34240743353059233 neg 0.33038821352672393 __DUMMY__ 0.32720435294268363	false	0.5
schimpfend	neg 1.0		off 0.3467782594413763 __DUMMY__ 0.32710155556827897 neg 0.3261201849903446	false	0.5
profan	neg 1.0		off 0.34708293927285067 neg 0.3266686192137782 __DUMMY__ 0.3262484415133712	false	0.5
korruption	neg 1.0		off 0.34058560700760077 neg 0.33106199528798147 __DUMMY__ 0.3283523977044176	false	0.5
â			off 0.34218651696650015 __DUMMY__ 0.3299204774084835 neg 0.3278930056250165	false	0.0
schmutzig	neg 1.0		off 0.3528922494220108 __DUMMY__ 0.3262451261105254 neg 0.3208626244674637	false	0.5
sexy	neg 1.0		off 0.3491229051309976 __DUMMY__ 0.32722745432056544 neg 0.323649640548437	false	0.5
abraten	neg 1.0		off 0.3468280812308349 __DUMMY__ 0.3271050599638179 neg 0.3260668588053472	false	0.5
schwarz	neg 1.0		off 0.3462477549420035 __DUMMY__ 0.32719371305278594 neg 0.3265585320052106	false	0.5
fotze	off 1.0	off 1.0	off 0.6593446091799843 neg 0.18144833638771998 __DUMMY__ 0.15920705443229574	false	1.0
verwirren	neg 1.0		off 0.3478250370674797 __DUMMY__ 0.32643133859904877 neg 0.3257436243334716	false	0.5
zahnlos	off 1.0		off 0.34220729398353233 neg 0.3301569434157255 __DUMMY__ 0.32763576260074223	false	1.0
verheeren	neg 1.0		off 0.3627404133193634 __DUMMY__ 0.32177148100672315 neg 0.31548810567391344	false	0.5
hippie	neg 1.0		off 0.34863116168234026 __DUMMY__ 0.32724200999295094 neg 0.32412682832470896	false	0.5
rammen	neg 1.0		off 0.34555338338877895 neg 0.32806532122130816 __DUMMY__ 0.3263812953899129	false	0.5
unlauter	neg 1.0		off 0.3442638863155324 neg 0.3298896627652022 __DUMMY__ 0.32584645091926534	false	0.5
unheilvoll	neg 1.0		off 0.3470431342436583 __DUMMY__ 0.32764257767678784 neg 0.325314288079554	false	0.5
niedrig	neg 1.0		off 0.33810091226011185 neg 0.3339597553437034 __DUMMY__ 0.32793933239618483	false	0.5
explosion	neg 1.0		off 0.3476676912618374 __DUMMY__ 0.3268765671699646 neg 0.3254557415681981	false	0.5
weichei	off 1.0	off 1.0	off 0.6668538722563958 neg 0.17777252764249615 __DUMMY__ 0.1553736001011081	false	1.0
minusmensch	off 1.0		off 0.3582856907243558 neg 0.32119784209144503 __DUMMY__ 0.3205164671841991	false	1.0
farblos	neg 1.0		off 0.344563931936853 __DUMMY__ 0.3284510276709001 neg 0.32698504039224685	false	0.5
unwissend	neg 1.0	neg 1.0	neg 0.650250241933809 off 0.1930491039276586 __DUMMY__ 0.15670065413853243	false	1.0
traurig	neg 1.0		off 0.35421133002860367 __DUMMY__ 0.325051755529227 neg 0.32073691444216945	false	0.5
senkung	neg 1.0		off 0.34644340119009454 neg 0.32805539439099096 __DUMMY__ 0.3255012044189143	false	0.5
ungleich	neg 1.0	neg 1.0	neg 0.6546327005029994 off 0.18687110224252795 __DUMMY__ 0.15849619725447275	false	1.0
heikel	neg 1.0		off 0.338624267551177 neg 0.33321550500999036 __DUMMY__ 0.3281602274388327	false	0.5
drosselung	neg 1.0		off 0.3514397924838781 __DUMMY__ 0.3254312290318434 neg 0.32312897848427846	false	0.5
falsch	neg 1.0		off 0.34852208546977487 neg 0.3258637330174062 __DUMMY__ 0.32561418151281885	false	0.5
unzufriedenheit	neg 1.0		off 0.33755609863192165 neg 0.333071592859863 __DUMMY__ 0.3293723085082154	false	0.5
kurz	neg 1.0		off 0.34423564378703725 __DUMMY__ 0.33001031476242687 neg 0.32575404145053605	false	0.5
unsinnig	neg 1.0		off 0.34180681795694684 neg 0.33138953197523546 __DUMMY__ 0.32680365006781775	false	0.5
penner	off 1.0	off 1.0	off 0.667920423897303 neg 0.1767984326357057 __DUMMY__ 0.1552811434669914	false	1.0
seicht	neg 1.0		off 0.3591079155211944 neg 0.32059663567603136 __DUMMY__ 0.3202954488027742	false	0.5
dummheit	off 1.0	off 1.0	off 0.6616928067857555 neg 0.18138260690628974 __DUMMY__ 0.15692458630795478	false	1.0
unerfreulich	neg 1.0		off 0.3384457448274379 neg 0.3322403114889973 __DUMMY__ 0.3293139436835648	false	0.5
motherfucker	off 1.0	off 1.0	off 0.6648841235878893 neg 0.1781817414810293 __DUMMY__ 0.15693413493108146	false	1.0
pikiert	neg 1.0		off 0.35040422783895725 neg 0.32482732115370494 __DUMMY__ 0.3247684510073378	false	0.5
wrack	neg 1.0		off 0.34292820806353863 __DUMMY__ 0.3296741143554862 neg 0.3273976775809752	false	0.5
gangster	neg 1.0		off 0.34865670143624855 __DUMMY__ 0.3271660308561557 neg 0.3241772677075957	false	0.5
krank	neg 1.0		off 0.3522032996369113 __DUMMY__ 0.32612220517570933 neg 0.32167449518737945	false	0.5
reich	neg 1.0		off 0.35136753720744957 __DUMMY__ 0.32713039688316686 neg 0.3215020659093836	false	0.5
gnadenlos	neg 1.0		off 0.3453732035487262 neg 0.3277293662741441 __DUMMY__ 0.32689743017712963	false	0.5
niedergeschlagen	neg 1.0		off 0.34326655878487145 __DUMMY__ 0.32871645194123433 neg 0.3280169892738943	false	0.5
terrorisieren	off 1.0	off 1.0	off 0.6579503140537198 neg 0.18300737857453048 __DUMMY__ 0.15904230737174968	false	1.0
sinnlosigkeit	neg 1.0		off 0.34177256501555175 neg 0.3303044309414601 __DUMMY__ 0.3279230040429881	false	0.5
behindern	neg 1.0		off 0.3439409980382043 __DUMMY__ 0.3283968694028325 neg 0.3276621325589631	false	0.5
undemokratisch	neg 1.0		off 0.3450021640829104 neg 0.32804736906989923 __DUMMY__ 0.32695046684719037	false	0.5
wirtschaftskrise	neg 1.0		off 0.3401970838737517 neg 0.3316579431202881 __DUMMY__ 0.3281449730059602	false	0.5
neid	neg 1.0		off 0.3495896362960819 __DUMMY__ 0.32711714491785976 neg 0.3232932187860584	false	0.5
rutschen	neg 1.0		off 0.3376410529911203 __DUMMY__ 0.33362477096326265 neg 0.32873417604561717	false	0.5
rezession	neg 1.0		off 0.35161074847646856 neg 0.3269725748966893 __DUMMY__ 0.32141667662684226	false	0.5
fehlgeburt	neg 1.0		off 0.34706371566990935 __DUMMY__ 0.3278668020767247 neg 0.32506948225336596	false	0.5
charakterschwach	off 1.0		off 0.35064915650628137 neg 0.3252070109895092 __DUMMY__ 0.32414383250420953	false	1.0
isolation	neg 1.0		off 0.3487752824255742 __DUMMY__ 0.3267087096965198 neg 0.32451600787790613	false	0.5
ablenkung	neg 1.0		off 0.34514183885636873 __DUMMY__ 0.3284308302560728 neg 0.3264273308875584	false	0.5
pech	neg 1.0		off 0.34867528248398094 __DUMMY__ 0.3262853257266719 neg 0.32503939178934715	false	0.5
vermeidung	neg 1.0		off 0.35194503991729303 __DUMMY__ 0.3258366449478494 neg 0.3222183151348575	false	0.5
dominieren	neg 1.0		off 0.3407212136427044 __DUMMY__ 0.329674648135751 neg 0.3296041382215446	false	0.5
schwindlig	neg 1.0		off 0.3478803527111479 __DUMMY__ 0.32793685447593607 neg 0.324182792812916	false	0.5
lutscher	neg 1.0		off 0.3600946833532234 __DUMMY__ 0.32068810325400965 neg 0.3192172133927668	false	0.5
pflicht	neg 1.0		off 0.3376373359636611 neg 0.33344661781029755 __DUMMY__ 0.3289160462260414	false	0.5
faschist	off 1.0		off 0.34810558274012815 __DUMMY__ 0.32651472715152774 neg 0.325379690108344	false	1.0
verschleudern	neg 1.0		off 0.3385388166042466 neg 0.33319845246671015 __DUMMY__ 0.3282627309290432	false	0.5
wenn			off 0.3490848635455174 __DUMMY__ 0.3260492681485876 neg 0.3248658683058949	false	0.0
ehebruch	neg 1.0		off 0.34071165987867275 neg 0.33068595252263955 __DUMMY__ 0.3286023875986876	false	0.5
spott	off 1.0		off 0.3398768311913129 neg 0.3317323707033279 __DUMMY__ 0.3283907981053591	false	1.0
trostlosigkeit	neg 1.0		off 0.3384794138946169 __DUMMY__ 0.3307858956340818 neg 0.3307346904713013	false	0.5
lutschen	neg 1.0		off 0.3482100927741868 neg 0.32595569261297463 __DUMMY__ 0.3258342146128386	false	0.5
undiszipliniert	neg 1.0		off 0.3529369109661358 __DUMMY__ 0.3243997611303981 neg 0.3226633279034662	false	0.5
kopfschmerz	neg 1.0		off 0.3417005294478326 neg 0.33057240354776596 __DUMMY__ 0.32772706700440146	false	0.5
unvorhergesehen	neg 1.0		off 0.3411856060150303 __DUMMY__ 0.33165272662677897 neg 0.3271616673581907	false	0.5
desinteressiert	neg 1.0	neg 1.0	neg 0.6488669032037098 off 0.19466792592996013 __DUMMY__ 0.15646517086633013	false	1.0
armselig	off 1.0		off 0.35273483714600035 neg 0.3242043644422398 __DUMMY__ 0.32306079841175983	false	1.0
desaster	neg 1.0		off 0.3362450379042563 neg 0.3335467971439404 __DUMMY__ 0.3302081649518034	false	0.5
tod	neg 1.0		off 0.3430034475156035 __DUMMY__ 0.33087374636154687 neg 0.32612280612284955	false	0.5
herzlos	neg 1.0		off 0.35349118084107867 __DUMMY__ 0.324054575829064 neg 0.32245424332985734	false	0.5
unwissenheit	neg 1.0		off 0.34116075561479375 neg 0.33108712265877627 __DUMMY__ 0.32775212172643	false	0.5
widersinnig	neg 1.0		off 0.33985501495426934 neg 0.3340602477902761 __DUMMY__ 0.3260847372554547	false	0.5
bedenklich	neg 1.0		off 0.3398968888236067 neg 0.3323560951679662 __DUMMY__ 0.3277470160084271	false	0.5
beanstanden	neg 1.0		off 0.3374336971750346 neg 0.33330175587855765 __DUMMY__ 0.3292645469464077	false	0.5
panisch	neg 1.0	neg 1.0	neg 0.6484411609761926 off 0.19267971224329167 __DUMMY__ 0.1588791267805158	false	1.0
debil	off 1.0		off 0.33346327786026564 __DUMMY__ 0.33335296233779094 neg 0.3331837598019434	false	1.0
abstrich	neg 1.0		off 0.3462769586766117 __DUMMY__ 0.3314666070324275 neg 0.3222564342909609	false	0.5
primitiv	neg 1.0		off 0.3509012505674057 neg 0.3253152130037537 __DUMMY__ 0.3237835364288407	false	0.5
abschaum	off 1.0	off 1.0	off 0.6633320918041642 neg 0.17990636732421394 __DUMMY__ 0.15676154087162197	false	1.0
provozieren	neg 1.0		off 0.34433546340648824 neg 0.3297126319437231 __DUMMY__ 0.3259519046497887	false	0.5
tot	neg 1.0		off 0.3414523683664259 neg 0.3301400723076123 __DUMMY__ 0.3284075593259618	false	0.5
instabil	neg 1.0		off 0.35312969986516407 __DUMMY__ 0.3243949007767924 neg 0.3224753993580434	false	0.5
schwuchtel	off 1.0	off 1.0	off 0.6709859175338898 neg 0.1754433080769954 __DUMMY__ 0.15357077438911482	false	1.0
zerren	neg 1.0		off 0.34266485817739334 __DUMMY__ 0.3288748387661852 neg 0.32846030305642154	false	0.5
kinderficker	off 1.0		off 0.35662984588942825 __DUMMY__ 0.32339216808179416 neg 0.31997798602877753	false	1.0
gefahr	neg 1.0		off 0.33817898944644154 neg 0.33143456338980437 __DUMMY__ 0.33038644716375426	false	0.5
rabiat	neg 1.0		off 0.3447238007612183 __DUMMY__ 0.3278256506402149 neg 0.32745054859856687	false	0.5
verlangsamung	neg 1.0		off 0.3563056929672297 neg 0.323289838188925 __DUMMY__ 0.3204044688438454	false	0.5
ausgestorben	neg 1.0		off 0.3447647403677978 __DUMMY__ 0.328421490398107 neg 0.32681376923409533	false	0.5
anklagen	neg 1.0		off 0.34133237486797435 neg 0.3298097229722806 __DUMMY__ 0.32885790215974514	false	0.5
trott	neg 1.0		off 0.3443595680913359 __DUMMY__ 0.328339035440392 neg 0.327301396468272	false	0.5
verminderung	neg 1.0		off 0.3514358281747524 __DUMMY__ 0.324667715090877 neg 0.32389645673437045	false	0.5
nach			off 0.3361705704710997 __DUMMY__ 0.3338661064053499 neg 0.3299633231235503	false	0.0
rost	neg 1.0		off 0.35656583804955616 __DUMMY__ 0.3226672089866165 neg 0.32076695296382735	false	0.5
destruktiv	neg 1.0		off 0.34312220872266236 neg 0.3303526872630476 __DUMMY__ 0.32652510401429	false	0.5
unzumutbarkeit	neg 1.0		off 0.35112674430605667 __DUMMY__ 0.326405289602024 neg 0.32246796609191936	false	0.5
labil	off 1.0	off 1.0	off 0.6631265023367106 neg 0.17963858778276998 __DUMMY__ 0.15723490988051944	false	1.0
ziemlich	neg 1.0		off 0.3517032434730692 __DUMMY__ 0.32637897432096424 neg 0.32191778220596645	false	0.5
lachnummer	off 1.0		off 0.3440651144369731 neg 0.3293682419811364 __DUMMY__ 0.32656664358189064	false	1.0
oder			off 0.3460636919519484 __DUMMY__ 0.3282296505842932 neg 0.3257066574637582	false	0.0
verfall	neg 1.0		neg 0.3347109827991417 off 0.3340074187942074 __DUMMY__ 0.33128159840665095	false	1.0
ausgrenzung	neg 1.0		off 0.34588846907709786 neg 0.32712320819165264 __DUMMY__ 0.32698832273124945	false	0.5
unordnung	neg 1.0		off 0.3550637661629253 __DUMMY__ 0.3269501278537041 neg 0.31798610598337074	false	0.5
fehlverhalten	neg 1.0		off 0.3376683051759965 neg 0.3343850370541707 __DUMMY__ 0.3279466577698328	false	0.5
eine			off 0.33898120300952084 neg 0.3305350087408702 __DUMMY__ 0.3304837882496089	false	0.0
nille	neg 1.0		off 0.3447358470796398 __DUMMY__ 0.3289168883263312 neg 0.3263472645940289	false	0.5
qual	neg 1.0		off 0.3439262405074744 __DUMMY__ 0.3284872113124849 neg 0.3275865481800408	false	0.5
verschwenden	neg 1.0		off 0.3392309672351549 neg 0.33283156464334795 __DUMMY__ 0.32793746812149716	false	0.5
riesig	neg 1.0		off 0.34148274361448855 __DUMMY__ 0.32985509345340164 neg 0.32866216293210987	false	0.5
verurteilen	neg 1.0		off 0.3405214634879932 neg 0.3323240078858175 __DUMMY__ 0.32715452862618927	false	0.5
klischee	neg 1.0	neg 1.0	neg 0.6507668854450935 off 0.1922528081042429 __DUMMY__ 0.15698030645066371	false	1.0
diktatorisch	neg 1.0		off 0.34503108543747085 neg 0.328310530171142 __DUMMY__ 0.32665838439138717	false	0.5
vorhersehbar	neg 1.0		off 0.34683670991594145 neg 0.32805887582118376 __DUMMY__ 0.32510441426287484	false	0.5
sowie			off 0.3556701159433407 __DUMMY__ 0.32317924989578467 neg 0.32115063416087475	false	0.0
stornieren	neg 1.0		off 0.3491333529354965 __DUMMY__ 0.33018553793708594 neg 0.3206811091274176	false	0.5
besteuerung	neg 1.0		off 0.34351576924772553 neg 0.3310001832899817 __DUMMY__ 0.32548404746229276	false	0.5
ungeschminkt	neg 1.0		off 0.3503963199605208 neg 0.32610701752345633 __DUMMY__ 0.3234966625160229	false	0.5
kritisch	neg 1.0		off 0.339856099645071 neg 0.33198463621477237 __DUMMY__ 0.3281592641401566	false	0.5
schlamperei	off 1.0		off 0.33945656127254825 neg 0.33069832957776857 __DUMMY__ 0.3298451091496831	false	1.0
sucht	neg 1.0	neg 1.0	neg 0.6471458116548668 off 0.1924668069719765 __DUMMY__ 0.16038738137315672	false	1.0
egoistisch	off 1.0		off 0.35579212425079976 neg 0.3221567728556537 __DUMMY__ 0.3220511028935465	false	1.0
ausbeuter	off 1.0		off 0.33726093000177737 neg 0.335287231044599 __DUMMY__ 0.32745183895362356	false	1.0
arschgeburt	off 1.0		off 0.3628974653107887 neg 0.3190311859742967 __DUMMY__ 0.3180713487149145	false	1.0
schubs	neg 1.0		off 0.34265064508026266 neg 0.3287016386920684 __DUMMY__ 0.3286477162276689	false	0.5
unsolide	neg 1.0		off 0.34538802773058785 neg 0.32870597358164694 __DUMMY__ 0.32590599868776526	false	0.5
beschwerde	neg 1.0		off 0.33971117136608614 neg 0.3315039571863642 __DUMMY__ 0.32878487144754964	false	0.5
stocken	neg 1.0		off 0.33972820139003396 neg 0.33069528815515115 __DUMMY__ 0.3295765104548148	false	0.5
isolieren	neg 1.0		off 0.34099622618366526 neg 0.33040100388346066 __DUMMY__ 0.32860276993287396	false	0.5
unheilbar	neg 1.0		off 0.3448406028912525 __DUMMY__ 0.327693863043722 neg 0.3274655340650255	false	0.5
pisser	off 1.0		off 0.3528965736106941 __DUMMY__ 0.32393988452814376 neg 0.32316354186116225	false	1.0
löschen	neg 1.0		off 0.3447446746109561 __DUMMY__ 0.32827884404690666 neg 0.32697648134213714	false	0.5
durchfallen	neg 1.0		off 0.33988597458251385 neg 0.33305119211418555 __DUMMY__ 0.3270628333033006	false	0.5
wichser	off 1.0	off 1.0	off 0.6696846910377434 neg 0.17576434792609127 __DUMMY__ 0.15455096103616528	false	1.0
terror	neg 1.0		off 0.348314584988289 __DUMMY__ 0.3272733602591334 neg 0.32441205475257756	false	0.5
krass	neg 1.0		off 0.3544411491569058 __DUMMY__ 0.323918975015725 neg 0.32163987582736914	false	0.5
revolte	neg 1.0		off 0.3470057873372782 __DUMMY__ 0.3274838150558015 neg 0.3255103976069203	false	0.5
besorgt	neg 1.0		off 0.34454812824094533 __DUMMY__ 0.3308515907402934 neg 0.32460028101876126	false	0.5
nachlassen	neg 1.0		off 0.34070856103047614 __DUMMY__ 0.3307622016066464 neg 0.3285292373628775	false	0.5
alt	neg 1.0		off 0.341403349620282 neg 0.3304437779559536 __DUMMY__ 0.3281528724237645	false	0.5
hundesohn	off 1.0		off 0.36050984550648335 __DUMMY__ 0.32109114242927594 neg 0.3183990120642408	false	1.0
als			off 0.34210087678460294 neg 0.32949838013769817 __DUMMY__ 0.32840074307769884	false	0.0
abschreckung	neg 1.0		off 0.337184490389797 neg 0.33349695012259 __DUMMY__ 0.329318559487613	false	0.5
unqualifiziert	neg 1.0		off 0.3475348787954481 neg 0.3279046943933669 __DUMMY__ 0.32456042681118513	false	0.5
abgewichst	off 1.0		off 0.3439871189539276 __DUMMY__ 0.32912559671979774 neg 0.3268872843262746	false	1.0
schwer	neg 1.0		off 0.34348060988498413 neg 0.3290891027352095 __DUMMY__ 0.32743028737980634	false	0.5
bedeutungslosigkeit	neg 1.0		off 0.33841852492297864 neg 0.33252168087010936 __DUMMY__ 0.32905979420691206	false	0.5
kapitulation	neg 1.0		off 0.34035614731760455 neg 0.330410105771305 __DUMMY__ 0.32923374691109036	false	0.5
unscharf	neg 1.0		off 0.3464769969600665 neg 0.32783050536941155 __DUMMY__ 0.32569249767052194	false	0.5
schwinden	neg 1.0		off 0.338617111500286 neg 0.33165478333111187 __DUMMY__ 0.3297281051686021	false	0.5
versklavung	neg 1.0		off 0.34533423441576644 __DUMMY__ 0.32767577038324947 neg 0.326989995200984	false	0.5
schlecht	neg 1.0		off 0.3517354190348911 __DUMMY__ 0.32619579071855653 neg 0.3220687902465524	false	0.5
verhasst	neg 1.0		off 0.3444073972318928 neg 0.3304691730635461 __DUMMY__ 0.3251234297045612	false	0.5
beschweren	neg 1.0		off 0.3466047890716831 __DUMMY__ 0.326886344595043 neg 0.326508866333274	false	0.5
scheiden	neg 1.0		off 0.34541284950986856 __DUMMY__ 0.32902262903105733 neg 0.3255645214590741	false	0.5
frustriert	neg 1.0		off 0.34236409762761316 neg 0.33008846317094637 __DUMMY__ 0.3275474392014406	false	0.5
schimmelig	neg 1.0		off 0.3402565547539293 neg 0.3326615687462415 __DUMMY__ 0.3270818764998293	false	0.5
fisch	neg 1.0		off 0.3375474875597974 neg 0.3338264248289774 __DUMMY__ 0.3286260876112252	false	0.5
schmuggel	neg 1.0		off 0.3392600660256372 neg 0.3313932156761872 __DUMMY__ 0.3293467182981756	false	0.5
auffallen	neg 1.0		off 0.34744978721266767 __DUMMY__ 0.32657795426050107 neg 0.3259722585268313	false	0.5
konkurrenz	neg 1.0		off 0.3373465965699531 neg 0.3325871046039679 __DUMMY__ 0.330066298826079	false	0.5
teufelskreis	neg 1.0	neg 1.0	neg 0.6528651384788308 off 0.1894964871407527 __DUMMY__ 0.1576383743804165	false	1.0
aufschreien	neg 1.0		off 0.34693718636406295 neg 0.32728822929175583 __DUMMY__ 0.3257745843441812	false	0.5
schuldner	neg 1.0		off 0.3371229046746798 neg 0.3345516064443677 __DUMMY__ 0.32832548888095253	false	0.5
missgeburt	off 1.0	off 1.0	off 0.6670175305003097 neg 0.17798055465401197 __DUMMY__ 0.15500191484567832	false	1.0
arbeitslos	neg 1.0		off 0.3402741695170759 neg 0.3327435379063186 __DUMMY__ 0.3269822925766055	false	0.5
befallen	neg 1.0		off 0.342480520156495 neg 0.32957753384137106 __DUMMY__ 0.32794194600213394	false	0.5
miesepetrig	off 1.0	off 1.0	off 0.6638887197166673 neg 0.1788539557979624 __DUMMY__ 0.15725732448537041	false	1.0
alarmieren	neg 1.0		off 0.3485853731331984 neg 0.3260866264056679 __DUMMY__ 0.32532800046113386	false	0.5
ungeduscht	off 1.0		off 0.3486282617731053 neg 0.3261795985937511 __DUMMY__ 0.32519213963314364	false	1.0
knappheit	neg 1.0		off 0.33909996333397174 neg 0.3344451400044426 __DUMMY__ 0.32645489666158567	false	0.5
schlange	neg 1.0		off 0.3479528098127835 __DUMMY__ 0.32932588476526375 neg 0.32272130542195276	false	0.5
harsch	neg 1.0		off 0.3569606722642949 __DUMMY__ 0.3255589433670083 neg 0.31748038436869686	false	0.5
lang	neg 1.0		off 0.34593010639067445 __DUMMY__ 0.3282571398417725 neg 0.32581275376755314	false	0.5
ziellos	neg 1.0		off 0.34166130947041995 __DUMMY__ 0.32985476052407586 neg 0.3284839300055043	false	0.5
selbstverliebt	neg 1.0		off 0.361152687823748 __DUMMY__ 0.31965327688439427 neg 0.31919403529185775	false	0.5
beseitigen	neg 1.0		off 0.34292427660336483 neg 0.3285943543598011 __DUMMY__ 0.32848136903683395	false	0.5
dumm	off 1.0		off 0.3571401718701067 __DUMMY__ 0.322492764422558 neg 0.32036706370733514	false	1.0
arbeitsloser	neg 1.0		off 0.3415809031783929 neg 0.3297464448734392 __DUMMY__ 0.3286726519481678	false	0.5
blitzen	neg 1.0		off 0.3480922005141962 __DUMMY__ 0.32678957511006684 neg 0.32511822437573684	false	0.5
hilflos	neg 1.0		off 0.3419391549764754 neg 0.3303082232858137 __DUMMY__ 0.3277526217377107	false	0.5
eklig	off 1.0		off 0.3569771260546745 neg 0.321850991468053 __DUMMY__ 0.3211718824772726	false	1.0
begriff			off 0.3431381118505207 neg 0.3295135095748441 __DUMMY__ 0.32734837857463533	false	0.0
hungersnot	neg 1.0		off 0.3421726536582165 __DUMMY__ 0.329253988211734 neg 0.3285733581300494	false	0.5
ungesetzlich	neg 1.0		off 0.3434129327979313 neg 0.33131751055104686 __DUMMY__ 0.32526955665102203	false	0.5
verschwendung	neg 1.0		off 0.33928270740414923 neg 0.33187537705075165 __DUMMY__ 0.3288419155450991	false	0.5
schmerzvoll	neg 1.0		off 0.3465338770032424 __DUMMY__ 0.32724603273834535 neg 0.32622009025841237	false	0.5
vorzeitig	neg 1.0		off 0.3480001404232742 __DUMMY__ 0.327219063724445 neg 0.32478079585228076	false	0.5
unvollkommenheit	neg 1.0		off 0.3429284299282292 __DUMMY__ 0.3307262005293518 neg 0.326345369542419	false	0.5
intervenieren	neg 1.0		off 0.3386463119011639 neg 0.3329748267107827 __DUMMY__ 0.3283788613880535	false	0.5
banause	off 1.0		off 0.35913880417519084 neg 0.3213676006260475 __DUMMY__ 0.31949359519876164	false	1.0
rebell	neg 1.0		off 0.3353748748947771 neg 0.33449446540363975 __DUMMY__ 0.33013065970158323	false	0.5
unlogisch	neg 1.0		off 0.3527681836742531 neg 0.32379186364677565 __DUMMY__ 0.3234399526789712	false	0.5
leiden	neg 1.0		off 0.3389992603517123 neg 0.33081143871730184 __DUMMY__ 0.33018930093098586	false	0.5
abschaffung	neg 1.0		off 0.34455636168177284 neg 0.32802525388781023 __DUMMY__ 0.3274183844304169	false	0.5
sturz	neg 1.0		off 0.3457682968365967 __DUMMY__ 0.3292601823129385 neg 0.32497152085046477	false	0.5
verkleinerung	neg 1.0		off 0.34632492584406077 neg 0.32872519908043674 __DUMMY__ 0.3249498750755023	false	0.5
schmarotzer	off 1.0		off 0.3407181312514371 neg 0.33305516963784865 __DUMMY__ 0.3262266991107143	false	1.0
bestrafung	neg 1.0		off 0.34568586022673603 __DUMMY__ 0.3274522319171933 neg 0.32686190785607055	false	0.5
achtlos	neg 1.0	neg 1.0	neg 0.6511180184882093 off 0.19016453574943257 __DUMMY__ 0.1587174457623581	false	1.0
ungeheuer	neg 1.0		off 0.3481618846764234 __DUMMY__ 0.3279553931477495 neg 0.3238827221758271	false	0.5
unaufrichtig	neg 1.0		off 0.3488440080454402 __DUMMY__ 0.32791586170405246 neg 0.3232401302505073	false	0.5
groggy	neg 1.0		off 0.3482348186716181 __DUMMY__ 0.32715203708059015 neg 0.3246131442477918	false	0.5
verletzlich	neg 1.0		off 0.3507809146377657 neg 0.3248410817902586 __DUMMY__ 0.32437800357197566	false	0.5
ablehnen	neg 1.0		off 0.3404238016737573 neg 0.3318230983190606 __DUMMY__ 0.32775310000718216	false	0.5
