unsolidarisch	neg 1.0		__DUMMY__ 0.8777903392185059 neg 0.061189491234053144 off 0.06102016954744089	false	1.0
nachteilig	neg 1.0		__DUMMY__ 0.8833147913928945 neg 0.05996511243846239 off 0.05672009616864307	false	1.0
skeptisch	neg 1.0		__DUMMY__ 0.8839280450316942 neg 0.05974534304191706 off 0.0563266119263888	false	1.0
schrecklich	neg 1.0		__DUMMY__ 0.8757618790610638 off 0.06985793101874929 neg 0.05438018992018683	false	0.5
schlapp	neg 1.0		__DUMMY__ 0.8791526128112417 off 0.06578167422237663 neg 0.055065712966381804	false	0.5
abfall	neg 1.0		__DUMMY__ 0.8877796500038443 neg 0.059376183087909665 off 0.05284416690824599	false	1.0
widerspenstig	neg 1.0		__DUMMY__ 0.8821382187682066 off 0.060867269338530254 neg 0.05699451189326308	false	0.5
abrupt	neg 1.0		__DUMMY__ 0.8876624477380357 off 0.056652910596123186 neg 0.05568464166584104	false	0.5
unwirksam	neg 1.0		__DUMMY__ 0.8774457131222371 neg 0.06189908285043205 off 0.06065520402733092	false	1.0
angreifen	neg 1.0		__DUMMY__ 0.8832987874035478 neg 0.06034560417708323 off 0.05635560841936899	false	1.0
inkonsistent	neg 1.0		__DUMMY__ 0.8791519788086586 off 0.061477453836594594 neg 0.05937056735474681	false	0.5
abrutschen	neg 1.0		__DUMMY__ 0.8861496689809435 neg 0.060470278094836995 off 0.053380052924219636	false	1.0
unsicher	neg 1.0		__DUMMY__ 0.8828147197718597 off 0.06084607169448908 neg 0.05633920853365126	false	0.5
bauernkind	off 1.0	off 1.0	off 0.5234038053403622 __DUMMY__ 0.4289606291067551 neg 0.04763556555288261	false	1.0
angreifer	neg 1.0	neg 1.0	neg 0.5106229111662982 __DUMMY__ 0.4418940791907833 off 0.047483009642918475	false	1.0
trennen	neg 1.0		__DUMMY__ 0.887415397059434 neg 0.05680692931454285 off 0.055777673626023296	false	1.0
schmutz	neg 1.0		__DUMMY__ 0.8859015479912021 off 0.062048959610795054 neg 0.052049492398002786	false	0.5
inkonsistenz	neg 1.0		__DUMMY__ 0.8727774930659106 off 0.06626765168360593 neg 0.060954855250483435	false	0.5
erschreckend	neg 1.0		__DUMMY__ 0.8805346452484043 off 0.06036668410272041 neg 0.05909867064887525	false	0.5
ertrinken	neg 1.0		__DUMMY__ 0.8849529401466971 neg 0.05846120328626393 off 0.05658585656703897	false	1.0
pickelface	off 1.0		__DUMMY__ 0.8833419238204406 off 0.059969321754434896 neg 0.056688754425124506	false	1.0
seiner			__DUMMY__ 0.8845422189704202 neg 0.05886954460714017 off 0.05658823642243961	false	0.0
lauch	neg 1.0		__DUMMY__ 0.8883784067356228 neg 0.058040284120060966 off 0.05358130914431617	false	1.0
unwichtig	neg 1.0		__DUMMY__ 0.8761942315263574 off 0.06575921577101612 neg 0.05804655270262634	false	0.5
steuerhinterziehung	neg 1.0	neg 1.0	neg 0.5148803595068425 __DUMMY__ 0.44071531380830364 off 0.04440432668485381	false	1.0
schock	neg 1.0		__DUMMY__ 0.8838065031130279 off 0.06002994482043329 neg 0.0561635520665388	false	0.5
beule	neg 1.0		__DUMMY__ 0.8774052982871666 off 0.06668014290810559 neg 0.05591455880472777	false	0.5
vergelten	neg 1.0		__DUMMY__ 0.8797234211153236 off 0.068792248050818 neg 0.05148433083385842	false	0.5
verdorbenheit	neg 1.0		__DUMMY__ 0.8854805146303178 off 0.06107349603455775 neg 0.05344598933512441	false	0.5
trauma	neg 1.0		__DUMMY__ 0.8812872652776559 off 0.06180400996585822 neg 0.05690872475648593	false	0.5
sinnlos	neg 1.0		__DUMMY__ 0.8802117888934237 off 0.06311764316451178 neg 0.056670567942064536	false	0.5
fettsack	off 1.0	off 1.0	off 0.5242922319581482 __DUMMY__ 0.43086675167281324 neg 0.04484101636903853	false	1.0
feige	off 1.0	off 1.0	off 0.5202959524418241 __DUMMY__ 0.43484637230074635 neg 0.04485767525742947	false	1.0
abdanken	neg 1.0		__DUMMY__ 0.8827215080567145 off 0.06057406501715286 neg 0.05670442692613269	false	0.5
wichtigtuer	off 1.0	off 1.0	off 0.5184478694003832 __DUMMY__ 0.43680754847401376 neg 0.04474458212560298	false	1.0
misslingen	neg 1.0		__DUMMY__ 0.8880319916361497 off 0.06096509110507811 neg 0.05100291725877228	false	0.5
untreu	off 1.0		__DUMMY__ 0.8774914266148303 off 0.06618679065099198 neg 0.05632178273417774	false	1.0
missmutig	neg 1.0		__DUMMY__ 0.8793624956474423 off 0.06541293822393932 neg 0.05522456612861833	false	0.5
hurenbock	off 1.0		__DUMMY__ 0.8830295708839286 off 0.062445484236065635 neg 0.054524944880005734	false	1.0
betrunken	neg 1.0		__DUMMY__ 0.8779299336250207 off 0.06750734162203019 neg 0.05456272475294898	false	0.5
korrupt	off 1.0		__DUMMY__ 0.8789067156941227 neg 0.06223808208590633 off 0.058855202219971016	false	0.5
unmut	neg 1.0		__DUMMY__ 0.8868881359930476 neg 0.059561411932875084 off 0.0535504520740772	false	1.0
hackfresse	off 1.0		__DUMMY__ 0.8715648257005375 off 0.07329975470734405 neg 0.055135419592118366	false	1.0
aufblasen	neg 1.0		__DUMMY__ 0.881911419118393 off 0.06255543873241953 neg 0.05553314214918754	false	0.5
gewaltsam	neg 1.0		__DUMMY__ 0.8842284760273231 off 0.05944553891742749 neg 0.056325985055249425	false	0.5
unbeliebtheit	neg 1.0		__DUMMY__ 0.8763711800873555 off 0.06494310027875619 neg 0.05868571963388834	false	0.5
sturheit	neg 1.0		__DUMMY__ 0.8809300053058365 off 0.05986384883314634 neg 0.05920614586101709	false	0.5
kuh	neg 1.0		__DUMMY__ 0.8751072974200238 off 0.06299028354315968 neg 0.06190241903681658	false	0.5
erschrecken	neg 1.0		__DUMMY__ 0.8804006929345763 off 0.06516057612789973 neg 0.054438730937523855	false	0.5
opfer	neg 1.0		__DUMMY__ 0.8837934226698329 neg 0.05852031995014453 off 0.05768625738002274	false	1.0
sinken	neg 1.0		__DUMMY__ 0.8876659080978607 neg 0.05837113245257301 off 0.05396295944956633	false	1.0
stinktier	neg 1.0		__DUMMY__ 0.8682933466313691 off 0.07061739315691454 neg 0.061089260211716255	false	0.5
tucke	off 1.0		__DUMMY__ 0.8686662387785746 off 0.07428668178352649 neg 0.05704707943789882	false	1.0
ein			__DUMMY__ 0.8819397878564197 off 0.0617357930673023 neg 0.05632441907627802	false	0.0
abstieg	neg 1.0		__DUMMY__ 0.8858330524594293 neg 0.05754106921309265 off 0.056625878327477994	false	1.0
missverstehen	neg 1.0		__DUMMY__ 0.8763451655781282 off 0.06400901169221346 neg 0.05964582272965836	false	0.5
ergebnislos	neg 1.0		__DUMMY__ 0.8859558344433174 neg 0.05770481434886921 off 0.056339351207813367	false	1.0
unter			__DUMMY__ 0.8931806372063186 neg 0.058224682887707706 off 0.04859467990597363	false	0.0
manipulieren	neg 1.0		__DUMMY__ 0.8849510075882668 neg 0.05910684531925541 off 0.05594214709247764	false	1.0
unbewiesen	neg 1.0		__DUMMY__ 0.8765296014719354 neg 0.062460292848525854 off 0.06101010567953872	false	1.0
verschleppen	neg 1.0		__DUMMY__ 0.882789588610803 neg 0.05917853444626125 off 0.058031876942935656	false	1.0
weib	off 1.0		__DUMMY__ 0.8670507673274854 off 0.07408822103052815 neg 0.05886101164198643	false	1.0
opposition	neg 1.0		__DUMMY__ 0.8790877650966588 off 0.062247080122500825 neg 0.05866515478084038	false	0.5
verkehrswidrig	neg 1.0		__DUMMY__ 0.8808264879365665 off 0.06939003516126128 neg 0.04978347690217223	false	0.5
inkorrekt	neg 1.0		__DUMMY__ 0.8725675737415266 off 0.06949209227870877 neg 0.05794033397976461	false	0.5
vermeiden	neg 1.0	neg 1.0	neg 0.5145541062170697 __DUMMY__ 0.44626103031566666 off 0.03918486346726368	false	1.0
abweichung	neg 1.0		__DUMMY__ 0.8834310777638055 neg 0.05913471531506436 off 0.057434206921130215	false	1.0
alkoholisiert	neg 1.0		__DUMMY__ 0.8864345739979181 neg 0.057592954282913014 off 0.05597247171916877	false	1.0
scheiss	off 1.0	off 1.0	off 0.5201236378583038 __DUMMY__ 0.4363952315402565 neg 0.04348113060143962	false	1.0
herausforderung	neg 1.0		__DUMMY__ 0.8848064153426427 neg 0.0591365336751881 off 0.05605705098216931	false	1.0
pervers	off 1.0		__DUMMY__ 0.8684388043237891 off 0.07667425945055996 neg 0.05488693622565106	false	1.0
wackelig	neg 1.0		__DUMMY__ 0.8870703613615933 off 0.058688819626919735 neg 0.05424081901148698	false	0.5
verwickeln	neg 1.0		__DUMMY__ 0.876715114330707 off 0.0635009305379008 neg 0.059783955131392064	false	0.5
vorwand	neg 1.0		__DUMMY__ 0.8837535788720067 neg 0.06039889178190893 off 0.05584752934608445	false	1.0
muschi	off 1.0		__DUMMY__ 0.8831819853411583 off 0.06016455083582545 neg 0.05665346382301626	false	1.0
entmutigung	neg 1.0		__DUMMY__ 0.8807303979289641 off 0.06229148364599169 neg 0.056978118425044265	false	0.5
unangemessen	neg 1.0		__DUMMY__ 0.8791494134557077 neg 0.06124032384042004 off 0.059610262703872235	false	1.0
unstetig	neg 1.0		__DUMMY__ 0.8811655664969984 off 0.06318206445846032 neg 0.05565236904454129	false	0.5
entmutigen	neg 1.0		__DUMMY__ 0.8807565137082418 off 0.06182939042452489 neg 0.057414095867233284	false	0.5
schwanz	neg 1.0		__DUMMY__ 0.8848157383905695 neg 0.05764117391982862 off 0.05754308768960196	false	1.0
verbot	neg 1.0		__DUMMY__ 0.8824668808563755 neg 0.05908881889750161 off 0.058444300246122835	false	1.0
leid	neg 1.0		__DUMMY__ 0.8726008454276776 off 0.07138356998320636 neg 0.05601558458911606	false	0.5
archaisch	neg 1.0		__DUMMY__ 0.8817612314375236 off 0.059695973052362086 neg 0.058542795510114334	false	0.5
gegen			__DUMMY__ 0.8873720815292891 neg 0.058301740624445764 off 0.05432617784626505	false	0.0
scheidung	neg 1.0		__DUMMY__ 0.8717930405533855 off 0.080954868932031 neg 0.047252090514583615	false	0.5
einschlag	neg 1.0		__DUMMY__ 0.8765352689772563 off 0.06862118154859526 neg 0.054843549474148504	false	0.5
m			__DUMMY__ 0.8846596394764028 off 0.058527365483462865 neg 0.05681299504013432	false	0.0
abgestanden	neg 1.0		__DUMMY__ 0.8802454495018099 off 0.06091122556181581 neg 0.058843324936374224	false	0.5
schmierig	off 1.0		__DUMMY__ 0.8749655492068422 off 0.07065564059955849 neg 0.054378810193599254	false	1.0
unpraktisch	neg 1.0		__DUMMY__ 0.881724513794695 off 0.06215971580034564 neg 0.056115770404959506	false	0.5
wixxer	off 1.0		__DUMMY__ 0.8661454563193917 off 0.07689392696351523 neg 0.056960616717093	false	1.0
bezeichnet			__DUMMY__ 0.8785976031212634 off 0.061212184921024086 neg 0.060190211957712354	false	0.0
jammerlappen	off 1.0		__DUMMY__ 0.8792657383223085 off 0.06578252666915077 neg 0.05495173500854075	false	1.0
farce	neg 1.0		__DUMMY__ 0.8819059907077449 off 0.059394303993761936 neg 0.05869970529849312	false	0.5
zwecklos	neg 1.0		__DUMMY__ 0.880696122797667 neg 0.06006325760591473 off 0.05924061959641824	false	1.0
turbulent	neg 1.0		__DUMMY__ 0.8758643716566714 off 0.0670307052400513 neg 0.0571049231032773	false	0.5
invasion	neg 1.0		__DUMMY__ 0.8800289483894633 off 0.06284310378560856 neg 0.05712794782492807	false	0.5
schuld	neg 1.0		__DUMMY__ 0.878992672010755 off 0.062179038080296914 neg 0.05882828990894804	false	0.5
risiko	neg 1.0	neg 1.0	neg 0.5113524984314256 __DUMMY__ 0.44181189614621325 off 0.04683560542236116	false	1.0
finster	neg 1.0		__DUMMY__ 0.8789498767206129 off 0.061793058539921744 neg 0.0592570647394654	false	0.5
geisteskrank	off 1.0		__DUMMY__ 0.8728482006651355 off 0.06765400762312167 neg 0.05949779171174282	false	1.0
zusammenbrechen	neg 1.0		__DUMMY__ 0.8825406545419849 off 0.059245680966013625 neg 0.05821366449200138	false	0.5
ausbeute	neg 1.0		__DUMMY__ 0.8919220352556583 off 0.05701395109492864 neg 0.051064013649413126	false	0.5
hinterhalt	neg 1.0		__DUMMY__ 0.8905068895766293 off 0.0589199634052577 neg 0.05057314701811302	false	0.5
kritik	neg 1.0		__DUMMY__ 0.8814469216983019 neg 0.05931970164498707 off 0.05923337665671109	false	1.0
einschrumpfen	neg 1.0		__DUMMY__ 0.8772057163430443 off 0.06486730902090444 neg 0.05792697463605121	false	0.5
riskant	neg 1.0		__DUMMY__ 0.8821416721365687 neg 0.06096668017206607 off 0.05689164769136535	false	1.0
frustrieren	neg 1.0		__DUMMY__ 0.8824100035676398 neg 0.05984604486252549 off 0.05774395156983473	false	1.0
groll	neg 1.0		__DUMMY__ 0.8809273958755625 neg 0.060286432217895515 off 0.05878617190654209	false	1.0
gibt			__DUMMY__ 0.8828555433469958 off 0.059381623802387304 neg 0.0577628328506169	false	0.0
qualvoll	neg 1.0		__DUMMY__ 0.8804225673265603 off 0.06384781591591235 neg 0.0557296167575272	false	0.5
wackeln	neg 1.0		__DUMMY__ 0.883957631044241 off 0.06166565280464262 neg 0.05437671615111642	false	0.5
klagen	neg 1.0		__DUMMY__ 0.8854806736622411 neg 0.060243180688976126 off 0.05427614564878265	false	1.0
bankrott	neg 1.0		__DUMMY__ 0.8806205235973578 off 0.06489974131726704 neg 0.054479735085375146	false	0.5
trauern	neg 1.0		__DUMMY__ 0.886803707382387 off 0.05716606281991013 neg 0.05603022979770281	false	0.5
ablehnung	neg 1.0		__DUMMY__ 0.8813661409406871 neg 0.05964458655529442 off 0.058989272504018454	false	1.0
stur	neg 1.0		__DUMMY__ 0.8792973245276472 off 0.0623204084703668 neg 0.05838226700198605	false	0.5
aufruhr	neg 1.0		__DUMMY__ 0.8831177870021906 off 0.059953241899198255 neg 0.05692897109861124	false	0.5
melancholie	neg 1.0		__DUMMY__ 0.8853495081825735 off 0.05759673037954878 neg 0.057053761437877645	false	0.5
ist			__DUMMY__ 0.8805380021063485 off 0.06287266341107989 neg 0.05658933448257169	false	0.0
torheit	neg 1.0		__DUMMY__ 0.8811708146282876 off 0.06137039376721216 neg 0.05745879160450016	false	0.5
dreckskind	off 1.0		__DUMMY__ 0.8694616743850164 off 0.07245045465784189 neg 0.05808787095714172	false	1.0
umtauschen	neg 1.0		__DUMMY__ 0.8829424274284665 off 0.06018074230617299 neg 0.0568768302653605	false	0.5
zum			__DUMMY__ 0.8936826491671702 neg 0.05466946483979277 off 0.051647885993036866	false	0.0
zersetzen	neg 1.0		__DUMMY__ 0.8824600593411113 neg 0.061433457817245435 off 0.05610648284164325	false	1.0
zur			__DUMMY__ 0.8911883210159768 neg 0.057522624929466956 off 0.05128905405455632	false	0.0
frust	neg 1.0		__DUMMY__ 0.883118185315274 off 0.05929022207352573 neg 0.057591592611200365	false	0.5
unerbittlichkeit	neg 1.0		__DUMMY__ 0.884056491817972 neg 0.05988599184288414 off 0.05605751633914385	false	1.0
zwei			__DUMMY__ 0.8920561220089122 neg 0.05523710791275409 off 0.052706770078333784	false	0.0
unkorrekt	neg 1.0		__DUMMY__ 0.8749613772195328 off 0.06892007156861416 neg 0.056118551211853045	false	0.5
hexe	off 1.0		__DUMMY__ 0.8751272309039181 off 0.06574931056477766 neg 0.05912345853130423	false	1.0
lasch	neg 1.0		__DUMMY__ 0.8762771129166177 off 0.06495055891312043 neg 0.058772328170261824	false	0.5
rivale	neg 1.0		__DUMMY__ 0.876367149157709 off 0.0678573499037535 neg 0.05577550093853754	false	0.5
mutlos	off 1.0	off 1.0	off 0.5133731353174512 __DUMMY__ 0.44017866720486226 neg 0.046448197477686505	false	1.0
wirr	off 1.0		__DUMMY__ 0.8727066074714177 off 0.0696785170592659 neg 0.05761487546931643	false	1.0
jahr			__DUMMY__ 0.8929912670904505 off 0.05503528448897976 neg 0.05197344842056974	false	0.0
wird			__DUMMY__ 0.8830902398953816 neg 0.058725669829763454 off 0.058184090274855015	false	0.0
strafbar	neg 1.0		__DUMMY__ 0.8820905947716623 neg 0.060540379393149615 off 0.057369025835188076	false	1.0
erosion	neg 1.0		__DUMMY__ 0.883829008543716 off 0.06078289434119077 neg 0.0553880971150932	false	0.5
eingehen	neg 1.0		__DUMMY__ 0.8819056861500817 neg 0.06054868811574599 off 0.05754562573417228	false	1.0
faul	off 1.0		__DUMMY__ 0.8806818296221841 off 0.06477892012575699 neg 0.05453925025205887	false	1.0
provisorium	neg 1.0		__DUMMY__ 0.8943654893722988 neg 0.056583697572299516 off 0.049050813055401765	false	1.0
schmerzen	neg 1.0		__DUMMY__ 0.8809238661347754 neg 0.0595694241950113 off 0.059506709670213265	false	1.0
schrumpfen	neg 1.0		__DUMMY__ 0.8866908464682203 neg 0.061584454784267745 off 0.05172469874751201	false	1.0
geistlos	off 1.0		__DUMMY__ 0.8751239946456258 off 0.0639116384273186 neg 0.06096436692705556	false	1.0
fehlkauf	neg 1.0		__DUMMY__ 0.8815915061019038 off 0.06271670267163967 neg 0.055691791226456594	false	0.5
frustrierend	neg 1.0		__DUMMY__ 0.8785927194632003 off 0.0648006783525382 neg 0.05660660218426156	false	0.5
unzufrieden	neg 1.0		__DUMMY__ 0.8806284461896886 neg 0.06041887992928628 off 0.058952673881025125	false	1.0
verzweifeln	neg 1.0		__DUMMY__ 0.881715009276673 off 0.060102830257747465 neg 0.058182160465579454	false	0.5
verzweifelt	neg 1.0	neg 1.0	neg 0.5154052195757283 __DUMMY__ 0.4373929089796246 off 0.04720187144464715	false	1.0
misstrauensantrag	neg 1.0		__DUMMY__ 0.8802637989097543 off 0.0628357406511051 neg 0.056900460439140654	false	0.5
abfallen	neg 1.0		__DUMMY__ 0.8836390154410082 off 0.061476742782536606 neg 0.05488424177645513	false	0.5
fucker	off 1.0		__DUMMY__ 0.8774267210036893 off 0.06867732048096742 neg 0.053895958515343324	false	1.0
ungezogen	neg 1.0		__DUMMY__ 0.8696596834887089 off 0.07577215481795849 neg 0.0545681616933326	false	0.5
irrsinnig	neg 1.0	neg 1.0	neg 0.5148037466806075 __DUMMY__ 0.43800859911800655 off 0.04718765420138594	false	1.0
unfassbar	neg 1.0		__DUMMY__ 0.8783757402120691 off 0.0668970794545164 neg 0.054727180333414525	false	0.5
hart	neg 1.0		__DUMMY__ 0.877806206383713 off 0.06628506748412051 neg 0.05590872613216652	false	0.5
widerlich	off 1.0		__DUMMY__ 0.8747873863558808 off 0.06754819355099664 neg 0.05766442009312254	false	1.0
fatal	neg 1.0		__DUMMY__ 0.8802279521432174 off 0.06325463696861322 neg 0.05651741088816946	false	0.5
bruch	neg 1.0		__DUMMY__ 0.8865751802420643 neg 0.058760384363064126 off 0.05466443539487162	false	1.0
aushungern	neg 1.0		__DUMMY__ 0.8831513297476913 off 0.059332681808249646 neg 0.057515988444059155	false	0.5
anspannung	neg 1.0		__DUMMY__ 0.8923415441596103 neg 0.055763976578714715 off 0.05189447926167504	false	1.0
von			__DUMMY__ 0.8946785708492759 off 0.05507557209004067 neg 0.050245857060683366	false	0.0
kraftlos	neg 1.0		__DUMMY__ 0.8844121817642934 off 0.05857660637376888 neg 0.057011211861937645	false	0.5
vom			__DUMMY__ 0.8961693382335072 neg 0.05440506643688697 off 0.04942559532960573	false	0.0
grenzdebil	off 1.0		__DUMMY__ 0.8784656931148097 off 0.06713639752360473 neg 0.05439790936158552	false	1.0
vor			__DUMMY__ 0.8877312555312876 neg 0.05714408824122838 off 0.05512465622748399	false	0.0
unterwerfen	neg 1.0		__DUMMY__ 0.8833805046739123 neg 0.05898587442876042 off 0.05763362089732721	false	1.0
versenkung	neg 1.0		__DUMMY__ 0.8854139653552465 off 0.05779845706104496 neg 0.056787577583708504	false	0.5
entziehen	neg 1.0		__DUMMY__ 0.8852010426079066 neg 0.06004367014806629 off 0.05475528724402722	false	1.0
finanzkrise	neg 1.0		__DUMMY__ 0.8806741671618079 off 0.05990594123799532 neg 0.059419891600196756	false	0.5
schimpfend	neg 1.0		__DUMMY__ 0.8806364168781511 off 0.06251201347239482 neg 0.056851569649454085	false	0.5
profan	neg 1.0		__DUMMY__ 0.8788504680781764 off 0.06358881062395755 neg 0.05756072129786609	false	0.5
korruption	neg 1.0		__DUMMY__ 0.8827748832161703 neg 0.05908022074619112 off 0.05814489603763862	false	1.0
â			__DUMMY__ 0.8856570444635234 off 0.05800212342679602 neg 0.0563408321096806	false	0.0
schmutzig	neg 1.0		__DUMMY__ 0.8789847892424352 off 0.06756809441717576 neg 0.05344711634038899	false	0.5
sexy	neg 1.0		__DUMMY__ 0.8805988461762486 off 0.06446918030955225 neg 0.05493197351419907	false	0.5
abraten	neg 1.0		__DUMMY__ 0.8805332199850476 off 0.06284108281332722 neg 0.05662569720162522	false	0.5
schwarz	neg 1.0		__DUMMY__ 0.8804913519432347 off 0.06253611710289525 neg 0.05697253095387007	false	0.5
fotze	off 1.0	off 1.0	off 0.5145012343295406 __DUMMY__ 0.4424443660874286 neg 0.04305439958303067	false	1.0
verwirren	neg 1.0		__DUMMY__ 0.8791233343120183 off 0.06409132997221773 neg 0.05678533571576403	false	0.5
zahnlos	off 1.0		__DUMMY__ 0.8811743724675554 off 0.059749908654904565 neg 0.05907571887754006	false	1.0
verheeren	neg 1.0		__DUMMY__ 0.8705652896074537 off 0.07719516506943384 neg 0.05223954532311248	false	0.5
hippie	neg 1.0		__DUMMY__ 0.8805638518126228 off 0.06418561661762635 neg 0.0552505315697508	false	0.5
rammen	neg 1.0		__DUMMY__ 0.879387615900655 off 0.062004387940978636 neg 0.05860799615836635	false	0.5
unlauter	neg 1.0		__DUMMY__ 0.8781895742312329 off 0.06195545072763013 neg 0.059854975041136904	false	0.5
unheilvoll	neg 1.0		__DUMMY__ 0.8817458062631398 off 0.0624518734244494 neg 0.05580232031241082	false	0.5
niedrig	neg 1.0		__DUMMY__ 0.8821788245759843 neg 0.06163328413099963 off 0.05618789129301613	false	1.0
explosion	neg 1.0		__DUMMY__ 0.8800286807322597 off 0.06360265277542486 neg 0.05636866649231539	false	0.5
weichei	off 1.0	off 1.0	off 0.5244853356081962 __DUMMY__ 0.4327540896266053 neg 0.04276057476519859	false	1.0
minusmensch	off 1.0		__DUMMY__ 0.8679514329128065 off 0.07499487327343918 neg 0.05705369381375429	false	1.0
farblos	neg 1.0		__DUMMY__ 0.8833791555966964 off 0.06008433336768992 neg 0.05653651103561374	false	0.5
unwissend	neg 1.0	neg 1.0	neg 0.5139863747537968 __DUMMY__ 0.4360312914035933 off 0.04998233384260978	false	1.0
traurig	neg 1.0		__DUMMY__ 0.8767738135555857 off 0.06915728114648804 neg 0.05406890529792623	false	0.5
senkung	neg 1.0		__DUMMY__ 0.8775517018940644 off 0.06344055068900649 neg 0.05900774741692915	false	0.5
ungleich	neg 1.0	neg 1.0	neg 0.5165871227768637 __DUMMY__ 0.440560757975758 off 0.04285211924737827	false	1.0
heikel	neg 1.0		__DUMMY__ 0.8822016413918039 neg 0.060945439415963955 off 0.05685291919223214	false	1.0
drosselung	neg 1.0		__DUMMY__ 0.8775456843082687 off 0.06684367280055667 neg 0.05561064289117449	false	0.5
falsch	neg 1.0		__DUMMY__ 0.8776829967505169 off 0.06496655545314416 neg 0.05735044779633903	false	0.5
unzufriedenheit	neg 1.0		__DUMMY__ 0.8845186668612673 neg 0.060016991413582146 off 0.05546434172515046	false	1.0
kurz	neg 1.0		__DUMMY__ 0.8859506806842498 off 0.05931200570480501 neg 0.054737313610945235	false	0.5
unsinnig	neg 1.0		__DUMMY__ 0.8796886048154968 neg 0.060444600851610894 off 0.05986679433289231	false	1.0
penner	off 1.0	off 1.0	off 0.5256744263888612 __DUMMY__ 0.43245941122797804 neg 0.04186616238316071	false	1.0
seicht	neg 1.0		__DUMMY__ 0.8677351181636983 off 0.07552119362269401 neg 0.05674368821360771	false	0.5
dummheit	off 1.0	off 1.0	off 0.5186631432422275 __DUMMY__ 0.4364782134217824 neg 0.0448586433359901	false	1.0
unerfreulich	neg 1.0		__DUMMY__ 0.8844873930003714 neg 0.05957762677307699 off 0.05593498022655163	false	1.0
motherfucker	off 1.0	off 1.0	off 0.5216885037434192 __DUMMY__ 0.4365042320060485 neg 0.04180726425053222	false	1.0
pikiert	neg 1.0		__DUMMY__ 0.8761059966615694 off 0.06682136814235656 neg 0.05707263519607403	false	0.5
wrack	neg 1.0		__DUMMY__ 0.8855868061881107 off 0.058440571179751516 neg 0.055972622632137856	false	0.5
gangster	neg 1.0		__DUMMY__ 0.880463498037966 off 0.06419757433599703 neg 0.05533892762603706	false	0.5
krank	neg 1.0		__DUMMY__ 0.8788976203915569 off 0.06695045999415575 neg 0.054151919614287315	false	0.5
reich	neg 1.0		__DUMMY__ 0.8809169243284689 off 0.06585706015346444 neg 0.0532260155180667	false	0.5
gnadenlos	neg 1.0		__DUMMY__ 0.879813111522336 off 0.062272687892891254 neg 0.05791420058477278	false	0.5
niedergeschlagen	neg 1.0		__DUMMY__ 0.8833897453034955 off 0.05953818278873731 neg 0.057072071907767204	false	0.5
terrorisieren	off 1.0	off 1.0	off 0.5135332530335527 __DUMMY__ 0.44185134488878425 neg 0.04461540207766311	false	1.0
sinnlosigkeit	neg 1.0		__DUMMY__ 0.881768325419596 off 0.0591774851049284 neg 0.05905418947547556	false	0.5
behindern	neg 1.0		__DUMMY__ 0.8828489854980125 off 0.06008002392160031 neg 0.05707099058038719	false	0.5
undemokratisch	neg 1.0		__DUMMY__ 0.8801790249006963 off 0.062102461400100645 neg 0.05771851369920293	false	0.5
wirtschaftskrise	neg 1.0		__DUMMY__ 0.8823558486868049 neg 0.05969024022406917 off 0.05795391108912585	false	1.0
neid	neg 1.0		__DUMMY__ 0.8807251430640224 off 0.0646070167436224 neg 0.05466784019235514	false	0.5
rutschen	neg 1.0		__DUMMY__ 0.8927536721680407 neg 0.05470194666273428 off 0.052544381169225086	false	1.0
rezession	neg 1.0		__DUMMY__ 0.8696648930667357 off 0.06962985128098007 neg 0.06070525565228426	false	0.5
fehlgeburt	neg 1.0		__DUMMY__ 0.8822667754295387 off 0.062380245640417775 neg 0.05535297893004349	false	0.5
charakterschwach	off 1.0		__DUMMY__ 0.8749280033954021 off 0.06744096603647004 neg 0.057631030568127836	false	1.0
isolation	neg 1.0		__DUMMY__ 0.8797164377358535 off 0.06440916195440526 neg 0.055874400309741126	false	0.5
ablenkung	neg 1.0		__DUMMY__ 0.8828966358906284 off 0.06101926408774958 neg 0.05608410002162195	false	0.5
pech	neg 1.0		__DUMMY__ 0.8792090300634263 off 0.06422526114576807 neg 0.056565708790805545	false	0.5
vermeidung	neg 1.0		__DUMMY__ 0.8781934679872966 off 0.06700443142910746 neg 0.054802100583596	false	0.5
dominieren	neg 1.0		__DUMMY__ 0.885311694279725 neg 0.057462126475354085 off 0.05722617924492085	false	1.0
schwindlig	neg 1.0		__DUMMY__ 0.882382899764426 off 0.06268547392476082 neg 0.0549316263108132	false	0.5
lutscher	neg 1.0		__DUMMY__ 0.8685947705648989 off 0.07570446377929041 neg 0.055700765655810704	false	0.5
pflicht	neg 1.0		__DUMMY__ 0.8835084288634084 neg 0.06063754868926722 off 0.055854022447324375	false	1.0
faschist	off 1.0		__DUMMY__ 0.8793921997915456 off 0.06451253232049345 neg 0.056095267887961014	false	1.0
verschleudern	neg 1.0		__DUMMY__ 0.8826600274837951 neg 0.060702182665388245 off 0.05663778985081668	false	1.0
wenn			__DUMMY__ 0.8784418343018762 off 0.06513208782078607 neg 0.05642607787733774	false	0.0
ehebruch	neg 1.0		__DUMMY__ 0.8831752271779874 neg 0.058716061508387485 off 0.058108711313625175	false	1.0
spott	off 1.0		__DUMMY__ 0.8826950703386971 neg 0.0596121110242596 off 0.05769281863704327	false	0.5
trostlosigkeit	neg 1.0		__DUMMY__ 0.8873241460575454 neg 0.057522629091053976 off 0.05515322485140064	false	1.0
lutschen	neg 1.0		__DUMMY__ 0.8780797512468674 off 0.06462867705671554 neg 0.05729157169641702	false	0.5
undiszipliniert	neg 1.0		__DUMMY__ 0.875537809476024 off 0.06860347888574478 neg 0.055858711638231175	false	0.5
kopfschmerz	neg 1.0		__DUMMY__ 0.8818212564472585 neg 0.059626839665192444 off 0.05855190388754901	false	1.0
unvorhergesehen	neg 1.0		__DUMMY__ 0.8892247679640133 off 0.055921186005199144 neg 0.05485404603078765	false	0.5
desinteressiert	neg 1.0	neg 1.0	neg 0.5128123761718159 __DUMMY__ 0.43548326448414265 off 0.05170435934404149	false	1.0
armselig	off 1.0		__DUMMY__ 0.8728501098750376 off 0.0694915564686949 neg 0.05765833365626746	false	1.0
desaster	neg 1.0		__DUMMY__ 0.8860536114348773 neg 0.05982080424055803 off 0.05412558432456471	false	1.0
tod	neg 1.0		__DUMMY__ 0.8879041883268733 off 0.057840463399268655 neg 0.05425534827385795	false	0.5
herzlos	neg 1.0		__DUMMY__ 0.8748402279620758 off 0.06928162587339497 neg 0.05587814616452923	false	0.5
unwissenheit	neg 1.0		__DUMMY__ 0.8815506121549967 neg 0.05957378669775851 off 0.05887560114724477	false	1.0
widersinnig	neg 1.0		__DUMMY__ 0.8784103531460519 neg 0.06256095637054196 off 0.05902869048340608	false	1.0
bedenklich	neg 1.0		__DUMMY__ 0.881412912251841 neg 0.06058554727379098 off 0.05800154047436787	false	1.0
beanstanden	neg 1.0		__DUMMY__ 0.8843090426924556 neg 0.060253204641039726 off 0.05543775266650475	false	1.0
panisch	neg 1.0	neg 1.0	neg 0.5104975827398661 __DUMMY__ 0.4417638759745807 off 0.047738541285553195	false	1.0
debil	off 1.0		__DUMMY__ 0.8922480414113834 neg 0.05794332066522826 off 0.04980863792338844	false	0.5
abstrich	neg 1.0		__DUMMY__ 0.8895999400629901 off 0.059007342068884805 neg 0.05139271786812505	false	0.5
primitiv	neg 1.0		__DUMMY__ 0.8742188426550587 off 0.06775790220765729 neg 0.05802325513728401	false	0.5
abschaum	off 1.0	off 1.0	off 0.5203998441749773 __DUMMY__ 0.4360962420599638 neg 0.043503913765058876	false	1.0
provozieren	neg 1.0		__DUMMY__ 0.8780491988819019 off 0.0621026052489095 neg 0.05984819586918856	false	0.5
tot	neg 1.0		__DUMMY__ 0.8832992188956463 neg 0.05870746565425567 off 0.057993315450097976	false	1.0
instabil	neg 1.0		__DUMMY__ 0.8755852110207263 off 0.06878188718134177 neg 0.05563290179793187	false	0.5
schwuchtel	off 1.0	off 1.0	off 0.5301354466239274 __DUMMY__ 0.4279507468100196 neg 0.04191380656605293	false	1.0
zerren	neg 1.0		__DUMMY__ 0.8835999413691527 off 0.05914773735796373 neg 0.05725232127288365	false	0.5
kinderficker	off 1.0		__DUMMY__ 0.8737125860022018 off 0.07202864436568557 neg 0.05425876963211266	false	1.0
gefahr	neg 1.0		__DUMMY__ 0.8865077681792835 neg 0.05818522750498474 off 0.05530700431573185	false	1.0
rabiat	neg 1.0		__DUMMY__ 0.8816332756550566 off 0.061227382506404304 neg 0.057139341838539054	false	0.5
verlangsamung	neg 1.0		__DUMMY__ 0.8679089030645751 off 0.07354851900331677 neg 0.058542577932108056	false	0.5
ausgestorben	neg 1.0		__DUMMY__ 0.8828077332835195 off 0.06086442403841529 neg 0.05632784267806524	false	0.5
anklagen	neg 1.0		__DUMMY__ 0.8837685478439404 off 0.0582818037430268 neg 0.05794964841303273	false	0.5
trott	neg 1.0		__DUMMY__ 0.8826486642004523 off 0.060468207134413546 neg 0.05688312866513416	false	0.5
verminderung	neg 1.0		__DUMMY__ 0.8760159125608061 off 0.0672692319095721 neg 0.05671485552962178	false	0.5
nach			__DUMMY__ 0.893083398376769 neg 0.055406305912839855 off 0.05151029571039119	false	0.0
rost	neg 1.0		__DUMMY__ 0.8724237002651886 off 0.07209381601461932 neg 0.055482483720192106	false	0.5
destruktiv	neg 1.0		__DUMMY__ 0.8792626599484059 off 0.06092584004449318 neg 0.05981150000710078	false	0.5
unzumutbarkeit	neg 1.0		__DUMMY__ 0.8793933269303937 off 0.06616630040345008 neg 0.05444037266615615	false	0.5
labil	off 1.0	off 1.0	off 0.5197995811399923 __DUMMY__ 0.4372507322400338 neg 0.04294968661997389	false	1.0
ziemlich	neg 1.0		__DUMMY__ 0.879205645133478 off 0.06666656879544297 neg 0.05412778607107912	false	0.5
lachnummer	off 1.0		__DUMMY__ 0.879131041898827 off 0.06174571157786803 neg 0.059123246523305056	false	1.0
oder			__DUMMY__ 0.8826094319225912 off 0.061642848465505724 neg 0.05574771961190307	false	0.0
verfall	neg 1.0		__DUMMY__ 0.888176065549857 neg 0.06005307817712045 off 0.05177085627302255	false	1.0
ausgrenzung	neg 1.0		__DUMMY__ 0.8802523637241466 off 0.0626824086449632 neg 0.05706522763089028	false	0.5
unordnung	neg 1.0		__DUMMY__ 0.8805756972410422 off 0.06852090136048802 neg 0.050903401398469744	false	0.5
fehlverhalten	neg 1.0		__DUMMY__ 0.8817568257318816 neg 0.06178577690967657 off 0.05645739735844174	false	1.0
eine			__DUMMY__ 0.8866304773506588 neg 0.05777343304562425 off 0.055596089603717036	false	0.0
nille	neg 1.0		__DUMMY__ 0.8837400887297712 off 0.060620547760440624 neg 0.05563936350978822	false	0.5
qual	neg 1.0		__DUMMY__ 0.8829262396942262 off 0.06010695842340591 neg 0.056966801882367885	false	0.5
verschwenden	neg 1.0		__DUMMY__ 0.8818644578522631 neg 0.0608878024634472 off 0.05724773968428965	false	1.0
riesig	neg 1.0		__DUMMY__ 0.8857898728367548 off 0.05738682926196664 neg 0.056823297901278595	false	0.5
verurteilen	neg 1.0		__DUMMY__ 0.8803551119942786 neg 0.06076921191355198 off 0.05887567609216941	false	1.0
klischee	neg 1.0	neg 1.0	neg 0.5142495487603321 __DUMMY__ 0.43661491648953416 off 0.049135534750133714	false	1.0
diktatorisch	neg 1.0		__DUMMY__ 0.8796302972977859 off 0.062320951640787534 neg 0.05804875106142669	false	0.5
vorhersehbar	neg 1.0		__DUMMY__ 0.8765429470574121 off 0.06431161921508727 neg 0.05914543372750067	false	0.5
sowie			__DUMMY__ 0.8731476739496242 off 0.07131510280239658 neg 0.055537223247979266	false	0.0
stornieren	neg 1.0		__DUMMY__ 0.886528865555001 off 0.06257641723480849 neg 0.050894717210190496	false	0.5
besteuerung	neg 1.0		__DUMMY__ 0.8775038788545155 off 0.06140610346644667 neg 0.06109001767903784	false	0.5
ungeschminkt	neg 1.0		__DUMMY__ 0.8738891439788122 off 0.06712189051577132 neg 0.05898896550541637	false	0.5
kritisch	neg 1.0		__DUMMY__ 0.882222879463429 neg 0.05997535984199699 off 0.05780176069457397	false	1.0
schlamperei	off 1.0		__DUMMY__ 0.8856172952909585 neg 0.05788852891170468 off 0.056494175797336926	false	0.5
sucht	neg 1.0	neg 1.0	neg 0.5078608513676709 __DUMMY__ 0.44595335795642943 off 0.046185790675899716	false	1.0
egoistisch	off 1.0		__DUMMY__ 0.871057555621514 off 0.07208318356059953 neg 0.056859260817886476	false	1.0
ausbeuter	off 1.0		__DUMMY__ 0.8808710019025617 neg 0.06268420605120947 off 0.05644479204622871	false	0.5
arschgeburt	off 1.0		__DUMMY__ 0.8633464943120398 off 0.07963611575110703 neg 0.05701738993685324	false	1.0
schubs	neg 1.0		__DUMMY__ 0.8836108741126641 off 0.05864477867638846 neg 0.05774434721094743	false	0.5
unsolide	neg 1.0		__DUMMY__ 0.8782896408594494 off 0.06285643570398816 neg 0.058853923436562455	false	0.5
beschwerde	neg 1.0		__DUMMY__ 0.8835920882709136 neg 0.05916886574236306 off 0.05723904598672327	false	1.0
stocken	neg 1.0		__DUMMY__ 0.8850266630642483 neg 0.058221280352534564 off 0.05675205658321712	false	1.0
isolieren	neg 1.0		__DUMMY__ 0.8833494583997712 neg 0.058456105894416736 off 0.058194435705812016	false	1.0
unheilbar	neg 1.0		__DUMMY__ 0.8815078733312977 off 0.06143729248990674 neg 0.05705483417879557	false	0.5
pisser	off 1.0		__DUMMY__ 0.8745546952113287 off 0.06900047641323145 neg 0.05644482837543996	false	1.0
löschen	neg 1.0		__DUMMY__ 0.8825589199937537 off 0.06084159082141353 neg 0.056599489184832805	false	0.5
durchfallen	neg 1.0		__DUMMY__ 0.8801589113352671 neg 0.06149405666180312 off 0.05834703200292976	false	1.0
wichser	off 1.0	off 1.0	off 0.5279835118055167 __DUMMY__ 0.43057648242047236 neg 0.04144000577401097	false	1.0
terror	neg 1.0		__DUMMY__ 0.8808182857316933 off 0.06368096822868555 neg 0.05550074603962118	false	0.5
krass	neg 1.0		__DUMMY__ 0.874805363042605 off 0.06966872927456998 neg 0.055525907682825046	false	0.5
revolte	neg 1.0		__DUMMY__ 0.8811465242684405 off 0.06308886420039762 neg 0.055764611531161794	false	0.5
besorgt	neg 1.0		__DUMMY__ 0.887523974176872 off 0.059214483785109816 neg 0.053261542038018195	false	0.5
nachlassen	neg 1.0		__DUMMY__ 0.8875147736081774 off 0.056392569670799995 neg 0.05609265672102251	false	0.5
alt	neg 1.0		__DUMMY__ 0.8827582521408103 neg 0.05919371524335553 off 0.058048032615834175	false	1.0
hundesohn	off 1.0		__DUMMY__ 0.8690522320369809 off 0.07629874225641653 neg 0.05464902570660256	false	1.0
als			__DUMMY__ 0.8827710601593648 off 0.05899999126192788 neg 0.058228948578707446	false	0.0
abschreckung	neg 1.0		__DUMMY__ 0.8844474544042463 neg 0.060262178753514396 off 0.05529036684223925	false	1.0
unqualifiziert	neg 1.0		__DUMMY__ 0.8755824051243237 off 0.0651909308241409 neg 0.05922666405153526	false	0.5
abgewichst	off 1.0		__DUMMY__ 0.8842210603667471 off 0.059832184048045314 neg 0.0559467555852077	false	1.0
schwer	neg 1.0		__DUMMY__ 0.8808407586572068 off 0.0605455310863996 neg 0.05861371025639359	false	0.5
bedeutungslosigkeit	neg 1.0		__DUMMY__ 0.8838791427283236 neg 0.05981688181798316 off 0.05630397545369327	false	1.0
kapitulation	neg 1.0		__DUMMY__ 0.8843945057887833 neg 0.05807741911507301 off 0.0575280750961437	false	1.0
unscharf	neg 1.0		__DUMMY__ 0.878150930875048 off 0.06289976390187228 neg 0.05894930522307961	false	0.5
schwinden	neg 1.0		__DUMMY__ 0.8853194239875083 neg 0.058743390610735656 off 0.055937185401756045	false	1.0
versklavung	neg 1.0		__DUMMY__ 0.881546364786885 off 0.061835956539309324 neg 0.05661767867380566	false	0.5
schlecht	neg 1.0		__DUMMY__ 0.878786091013249 off 0.06688833057076034 neg 0.054325578415990665	false	0.5
verhasst	neg 1.0		__DUMMY__ 0.8764776027182318 off 0.06265236637761243 neg 0.06087003090415575	false	0.5
beschweren	neg 1.0		__DUMMY__ 0.8799255391669565 off 0.06303143077645999 neg 0.05704303005658359	false	0.5
scheiden	neg 1.0		__DUMMY__ 0.8844756186069248 off 0.06044820177117317 neg 0.055076179621901915	false	0.5
frustriert	neg 1.0		__DUMMY__ 0.8810326977373627 off 0.05977757672577948 neg 0.059189725536857765	false	0.5
schimmelig	neg 1.0		__DUMMY__ 0.8807182088957312 neg 0.061524759336305516 off 0.05775703176796332	false	1.0
fisch	neg 1.0		__DUMMY__ 0.8838414681269186 neg 0.06132216417724008 off 0.05483636769584146	false	1.0
schmuggel	neg 1.0		__DUMMY__ 0.884567701768349 neg 0.058880478383321284 off 0.05655181984832969	false	1.0
auffallen	neg 1.0		__DUMMY__ 0.8793941260221976 off 0.06374352887836528 neg 0.056862345099437106	false	0.5
konkurrenz	neg 1.0		__DUMMY__ 0.8857722579789287 neg 0.059269710669840873 off 0.05495803135123055	false	1.0
teufelskreis	neg 1.0	neg 1.0	neg 0.5157202754903945 __DUMMY__ 0.43818991468431295 off 0.04608980982529252	false	1.0
aufschreien	neg 1.0		__DUMMY__ 0.8778627718811899 off 0.06389346259809091 neg 0.05824376552071925	false	0.5
schuldner	neg 1.0		__DUMMY__ 0.8827259026982357 neg 0.06159158142735137 off 0.055682515874412954	false	1.0
missgeburt	off 1.0	off 1.0	off 0.5251136638095701 __DUMMY__ 0.431680768766575 neg 0.04320556742385484	false	1.0
arbeitslos	neg 1.0		__DUMMY__ 0.8798987245995157 neg 0.06134225899333183 off 0.058759016407152385	false	1.0
befallen	neg 1.0		__DUMMY__ 0.8820733930772813 off 0.05955113028168772 neg 0.058375476641030995	false	0.5
miesepetrig	off 1.0	off 1.0	off 0.5200685915393202 __DUMMY__ 0.4376533214747517 neg 0.04227808698592797	false	1.0
alarmieren	neg 1.0		__DUMMY__ 0.8770039600795259 off 0.06550063623171255 neg 0.05749540368876161	false	0.5
ungeduscht	off 1.0		__DUMMY__ 0.8772090294795604 off 0.06472755668043785 neg 0.0580634138400019	false	1.0
knappheit	neg 1.0		__DUMMY__ 0.8792296397014722 neg 0.06267986623014682 off 0.058090494068381036	false	1.0
schlange	neg 1.0		__DUMMY__ 0.8847001853622487 off 0.06231845475653833 neg 0.05298135988121302	false	0.5
harsch	neg 1.0		__DUMMY__ 0.8776272698228086 off 0.0707669708560436 neg 0.051605759321147755	false	0.5
lang	neg 1.0		__DUMMY__ 0.8825034474513965 off 0.061688216446917875 neg 0.055808336101685556	false	0.5
ziellos	neg 1.0		__DUMMY__ 0.8854646828142885 off 0.05784667499513258 neg 0.05668864219057905	false	0.5
selbstverliebt	neg 1.0		__DUMMY__ 0.8665143016743786 off 0.07724922488475483 neg 0.05623647344086654	false	0.5
beseitigen	neg 1.0		__DUMMY__ 0.8832517635069947 off 0.05937146462545248 neg 0.05737677186755284	false	0.5
dumm	off 1.0		__DUMMY__ 0.871999754062631 off 0.07266021459433933 neg 0.05534003134302964	false	1.0
arbeitsloser	neg 1.0		__DUMMY__ 0.8832002779183304 off 0.058788689558165706 neg 0.05801103252350387	false	0.5
blitzen	neg 1.0		__DUMMY__ 0.8798258514741712 off 0.06406606472628087 neg 0.05610808379954784	false	0.5
hilflos	neg 1.0		__DUMMY__ 0.881485572014996 off 0.05927391235511324 neg 0.05924051562989078	false	0.5
eklig	off 1.0		__DUMMY__ 0.8694512789990498 off 0.07323506990682266 neg 0.05731365109412753	false	1.0
begriff			__DUMMY__ 0.8808209747759712 off 0.06043228834626242 neg 0.05874673687776634	false	0.0
hungersnot	neg 1.0		__DUMMY__ 0.8845709535395803 off 0.05858896967196507 neg 0.05684007678845459	false	0.5
ungesetzlich	neg 1.0		__DUMMY__ 0.8768422431091658 off 0.06213131010768513 neg 0.06102644678314904	false	0.5
verschwendung	neg 1.0		__DUMMY__ 0.8835022085553731 neg 0.059616300123580476 off 0.05688149132104643	false	1.0
schmerzvoll	neg 1.0		__DUMMY__ 0.8806476632257688 off 0.0626928544443714 neg 0.05665948232985986	false	0.5
vorzeitig	neg 1.0		__DUMMY__ 0.880803843003108 off 0.06361601832953498 neg 0.05558013866735701	false	0.5
unvollkommenheit	neg 1.0		__DUMMY__ 0.8876422505863311 off 0.05790361410493518 neg 0.05445413530873376	false	0.5
intervenieren	neg 1.0		__DUMMY__ 0.8827127381395399 neg 0.060430025979929775 off 0.05685723588053035	false	1.0
banause	off 1.0		__DUMMY__ 0.8662798185453342 off 0.07574907913358751 neg 0.057971102321078244	false	1.0
rebell	neg 1.0		__DUMMY__ 0.886315756794239 neg 0.060780071266654113 off 0.05290417193910688	false	1.0
unlogisch	neg 1.0		__DUMMY__ 0.8736724309112052 off 0.06912225377319532 neg 0.057205315315599504	false	0.5
leiden	neg 1.0		__DUMMY__ 0.8865283733572431 neg 0.058098366588467634 off 0.05537326005428918	false	1.0
abschaffung	neg 1.0		__DUMMY__ 0.881134137770011 off 0.06128068513809758 neg 0.057585177091891405	false	0.5
sturz	neg 1.0		__DUMMY__ 0.8845738697186972 off 0.06096547149612436 neg 0.05446065878517848	false	0.5
verkleinerung	neg 1.0		__DUMMY__ 0.8764216533131304 off 0.06395217071684356 neg 0.05962617597002598	false	0.5
schmarotzer	off 1.0		__DUMMY__ 0.8785292919943646 neg 0.061918115858167415 off 0.059552592147467984	false	0.5
bestrafung	neg 1.0		__DUMMY__ 0.8810547074763856 off 0.06211498833472497 neg 0.05683030418888939	false	0.5
achtlos	neg 1.0	neg 1.0	neg 0.5131776550666767 __DUMMY__ 0.44112924476711074 off 0.04569310016621263	false	1.0
ungeheuer	neg 1.0		__DUMMY__ 0.8821869161898355 off 0.06321617666002749 neg 0.05459690715013702	false	0.5
