unsolidarisch	neg 1.0		off 0.3424146091402918 neg 0.33184082477716803 __DUMMY__ 0.32574456608254015	false	0.5
nachteilig	neg 1.0		off 0.3389856781745963 neg 0.33242276855718733 __DUMMY__ 0.32859155326821643	false	0.5
skeptisch	neg 1.0		off 0.33862428012890156 neg 0.33229938043045276 __DUMMY__ 0.3290763394406456	false	0.5
schrecklich	neg 1.0		off 0.3548179678603008 __DUMMY__ 0.3245095188319892 neg 0.3206725133077099	false	0.5
schlapp	neg 1.0		off 0.3507838755143015 __DUMMY__ 0.3262481188611201 neg 0.32296800562457834	false	0.5
abfall	neg 1.0		off 0.3354112920847218 neg 0.33352818163302655 __DUMMY__ 0.3310605262822517	false	0.5
widerspenstig	neg 1.0		off 0.34485273792166315 __DUMMY__ 0.3278920243786612 neg 0.3272552376996757	false	0.5
abrupt	neg 1.0		off 0.34122587959405126 __DUMMY__ 0.33082468888708944 neg 0.32794943151885925	false	0.5
unwirksam	neg 1.0		off 0.34231396164149297 neg 0.33221198187857076 __DUMMY__ 0.32547405647993616	false	0.5
angreifen	neg 1.0		off 0.33831121355677757 neg 0.33288010197233714 __DUMMY__ 0.32880868447088535	false	0.5
inkonsistent	neg 1.0		off 0.34452423457933123 neg 0.329219410016386 __DUMMY__ 0.3262563554042828	false	0.5
abrutschen	neg 1.0		off 0.3354655087751616 neg 0.33425705274622897 __DUMMY__ 0.33027743847860946	false	0.5
unsicher	neg 1.0		off 0.3447576648606709 __DUMMY__ 0.32843133877622677 neg 0.32681099636310246	false	0.5
bauernkind	off 1.0	off 1.0	off 0.6646343252462017 neg 0.1814554054219124 __DUMMY__ 0.15391026933188592	false	1.0
angreifer	neg 1.0	neg 1.0	neg 0.6488327101877582 off 0.19216853034563436 __DUMMY__ 0.1589987594666074	false	1.0
trennen	neg 1.0		off 0.3396668109589044 __DUMMY__ 0.3308892137109119 neg 0.3294439753301838	false	0.5
schmutz	neg 1.0		off 0.3481919716143104 __DUMMY__ 0.3297213974579948 neg 0.3220866309276948	false	0.5
inkonsistenz	neg 1.0		off 0.3479614942425401 neg 0.3290100076118761 __DUMMY__ 0.3230284981455838	false	0.5
erschreckend	neg 1.0		off 0.34290453736617854 neg 0.32980748819823447 __DUMMY__ 0.327287974435587	false	0.5
ertrinken	neg 1.0		off 0.3396259319168046 neg 0.3307741740776725 __DUMMY__ 0.3295998940055229	false	0.5
pickelface	off 1.0		off 0.3437981206501706 __DUMMY__ 0.3286215696232117 neg 0.3275803097266176	false	1.0
seiner			off 0.3393532881689154 neg 0.33121942157552997 __DUMMY__ 0.3294272902555545	false	0.0
lauch	neg 1.0		off 0.3370383292305958 neg 0.3316649069281902 __DUMMY__ 0.3312967638412141	false	0.5
unwichtig	neg 1.0		off 0.3489116021687195 neg 0.3262326586594882 __DUMMY__ 0.3248557391717922	false	0.5
steuerhinterziehung	neg 1.0	neg 1.0	neg 0.6529591880716796 off 0.18850499486742292 __DUMMY__ 0.15853581706089734	false	1.0
schock	neg 1.0		off 0.3441576684970645 __DUMMY__ 0.3289784906058548 neg 0.32686384089708076	false	0.5
beule	neg 1.0		off 0.35137663827189386 __DUMMY__ 0.3252894829510565 neg 0.32333387877704967	false	0.5
vergelten	neg 1.0		off 0.35474808813957937 __DUMMY__ 0.3265243088352053 neg 0.3187276030252153	false	0.5
verdorbenheit	neg 1.0		off 0.34683302752782774 __DUMMY__ 0.32964479270923147 neg 0.3235221797629407	false	0.5
trauma	neg 1.0		off 0.34557153729945056 __DUMMY__ 0.3276218896013075 neg 0.3268065730992418	false	0.5
sinnlos	neg 1.0		off 0.3468726366247741 __DUMMY__ 0.32701657586485744 neg 0.3261107875103685	false	0.5
fettsack	off 1.0	off 1.0	off 0.6660681586049848 neg 0.17927325090069135 __DUMMY__ 0.15465859049432387	false	1.0
feige	off 1.0	off 1.0	off 0.6628814700872359 neg 0.1808381550734689 __DUMMY__ 0.15628037483929527	false	1.0
abdanken	neg 1.0		off 0.3438943346414821 __DUMMY__ 0.328359607327894 neg 0.3277460580306238	false	0.5
wichtigtuer	off 1.0	off 1.0	off 0.6615550223043833 neg 0.1813904422545198 __DUMMY__ 0.15705453544109674	false	1.0
misslingen	neg 1.0		off 0.34752755829918086 __DUMMY__ 0.3308357822541898 neg 0.32163665944662934	false	0.5
untreu	off 1.0		off 0.3502142765554851 __DUMMY__ 0.32551717407812536 neg 0.3242685493663896	false	1.0
missmutig	neg 1.0		off 0.34999448092794816 __DUMMY__ 0.32646692506430686 neg 0.32353859400774504	false	0.5
hurenbock	off 1.0		off 0.34757151669435943 __DUMMY__ 0.3283151288523089 neg 0.32411335445333167	false	1.0
betrunken	neg 1.0		off 0.3526247119791261 __DUMMY__ 0.3256127350017428 neg 0.321762553019131	false	0.5
korrupt	off 1.0		off 0.3398086301025436 neg 0.3338104354647622 __DUMMY__ 0.32638093443269417	false	1.0
unmut	neg 1.0		off 0.33587281724341916 neg 0.3334906131330311 __DUMMY__ 0.3306365696235497	false	0.5
hackfresse	off 1.0		off 0.35797657749399525 __DUMMY__ 0.32223795986108256 neg 0.3197854626449223	false	1.0
aufblasen	neg 1.0		off 0.3470582551200325 __DUMMY__ 0.3278424811028624 neg 0.32509926377710496	false	0.5
gewaltsam	neg 1.0		off 0.34341377410720814 __DUMMY__ 0.3290919985392992 neg 0.32749422735349254	false	0.5
unbeliebtheit	neg 1.0		off 0.3477271160857997 neg 0.32741713846605364 __DUMMY__ 0.32485574544814666	false	0.5
sturheit	neg 1.0		off 0.3422017835392601 neg 0.3303382282497531 __DUMMY__ 0.32745998821098693	false	0.5
kuh	neg 1.0		off 0.34504630919676593 neg 0.3308462615506139 __DUMMY__ 0.32410742925262026	false	0.5
erschrecken	neg 1.0		off 0.3500272092313267 __DUMMY__ 0.3270468478305713 neg 0.322925942938102	false	0.5
opfer	neg 1.0		off 0.3404890439345621 neg 0.3305212267890371 __DUMMY__ 0.32898972927640086	false	0.5
sinken	neg 1.0		off 0.33701060504590663 neg 0.3320603587841357 __DUMMY__ 0.33092903616995767	false	0.5
stinktier	neg 1.0		off 0.3527200454339479 neg 0.32668422508594264 __DUMMY__ 0.32059572948010945	false	0.5
tucke	off 1.0		off 0.35828054364575285 neg 0.32107839336899024 __DUMMY__ 0.3206410629852571	false	1.0
ein			off 0.3460384564018408 __DUMMY__ 0.3278613979062203 neg 0.32610014569193885	false	0.0
abstieg	neg 1.0		off 0.3399079235154633 neg 0.3300897730208094 __DUMMY__ 0.3300023034637273	false	0.5
missverstehen	neg 1.0		off 0.3463414117987218 neg 0.3286682582743358 __DUMMY__ 0.3249903299269423	false	0.5
ergebnislos	neg 1.0		off 0.3395138818792008 neg 0.3304112105058231 __DUMMY__ 0.33007490761497604	false	0.5
unter			neg 0.33410225408550515 __DUMMY__ 0.3339377427696007 off 0.33196000314489427	false	0.0
manipulieren	neg 1.0		off 0.33841542951449416 neg 0.33205759445186417 __DUMMY__ 0.32952697603364167	false	0.5
unbewiesen	neg 1.0		off 0.3418200735955347 neg 0.333092868456836 __DUMMY__ 0.32508705794762927	false	0.5
verschleppen	neg 1.0		off 0.3404310025672268 neg 0.3311866210517691 __DUMMY__ 0.32838237638100415	false	0.5
weib	off 1.0		off 0.35709979116745144 neg 0.32297325124768167 __DUMMY__ 0.31992695758486683	false	1.0
opposition	neg 1.0		off 0.3454567164282756 neg 0.32818110269219813 __DUMMY__ 0.32636218087952634	false	0.5
verkehrswidrig	neg 1.0		off 0.3566882407909872 __DUMMY__ 0.3270135379835049 neg 0.3162982212255079	false	0.5
inkorrekt	neg 1.0		off 0.3523988239589703 neg 0.3247203057981171 __DUMMY__ 0.32288087024291257	false	0.5
vermeiden	neg 1.0	neg 1.0	neg 0.6543299125305102 off 0.1850177708403562 __DUMMY__ 0.16065231662913365	false	1.0
abweichung	neg 1.0		off 0.3400601772113026 neg 0.33133831748323295 __DUMMY__ 0.3286015053054645	false	0.5
alkoholisiert	neg 1.0		off 0.3401528155276768 __DUMMY__ 0.33009223231936097 neg 0.32975495215296213	false	0.5
scheiss	off 1.0	off 1.0	off 0.6637068163356105 neg 0.17955838124363918 __DUMMY__ 0.15673480242075033	false	1.0
herausforderung	neg 1.0		off 0.3388246132992012 neg 0.33175714932490474 __DUMMY__ 0.32941823737589404	false	0.5
pervers	off 1.0		off 0.3613882328016087 __DUMMY__ 0.3205794520919676 neg 0.3180323151064237	false	1.0
wackelig	neg 1.0		off 0.34392745634400773 __DUMMY__ 0.33055938988841177 neg 0.32551315376758044	false	0.5
verwickeln	neg 1.0		off 0.34574719914736934 neg 0.32904489239585394 __DUMMY__ 0.3252079084567768	false	0.5
vorwand	neg 1.0		off 0.33780923621994075 neg 0.33320801957640317 __DUMMY__ 0.3289827442036562	false	0.5
muschi	off 1.0		off 0.34395553125519823 __DUMMY__ 0.3285819489152098 neg 0.32746251982959196	false	1.0
entmutigung	neg 1.0		off 0.3455838708655196 __DUMMY__ 0.3272315761403724 neg 0.327184552994108	false	0.5
unangemessen	neg 1.0		off 0.34111608435373963 neg 0.3323422736103656 __DUMMY__ 0.3265416420358947	false	0.5
unstetig	neg 1.0		off 0.34779837561585725 __DUMMY__ 0.3272675382754922 neg 0.3249340861086506	false	0.5
entmutigen	neg 1.0		off 0.3452846265844534 neg 0.3274544770929221 __DUMMY__ 0.3272608963226245	false	0.5
schwanz	neg 1.0		off 0.3411836349135567 neg 0.32945194670370653 __DUMMY__ 0.3293644183827368	false	0.5
verbot	neg 1.0		off 0.34078627549221546 neg 0.3309882031635333 __DUMMY__ 0.3282255213442513	false	0.5
leid	neg 1.0		off 0.35569383266138377 __DUMMY__ 0.3228051741595169 neg 0.32150099317909936	false	0.5
archaisch	neg 1.0		off 0.34256260385276166 neg 0.32959792939765137 __DUMMY__ 0.32783946674958686	false	0.5
gegen			off 0.3370752548373048 neg 0.33199705720819056 __DUMMY__ 0.3309276879545045	false	0.0
scheidung	neg 1.0		off 0.36853603418183734 __DUMMY__ 0.32230436382750405 neg 0.3091596019906585	false	0.5
einschlag	neg 1.0		off 0.3533674450363755 __DUMMY__ 0.32488635974123675 neg 0.3217461952223879	false	0.5
m			off 0.34248728022172936 __DUMMY__ 0.32940541245308 neg 0.3281073073251907	false	0.0
abgestanden	neg 1.0		off 0.3446581872714148 neg 0.32858118591740715 __DUMMY__ 0.3267606268111782	false	0.5
schmierig	off 1.0		off 0.35567365329027567 __DUMMY__ 0.32403681908710275 neg 0.32028952762262175	false	1.0
unpraktisch	neg 1.0		off 0.3466047026408723 __DUMMY__ 0.3276869279087807 neg 0.3257083694503471	false	0.5
wixxer	off 1.0		off 0.3607002328652712 neg 0.3198873704617376 __DUMMY__ 0.3194123966729912	false	1.0
bezeichnet			off 0.34325027969074273 neg 0.33051363772560904 __DUMMY__ 0.32623608258364833	false	0.0
jammerlappen	off 1.0		off 0.35031450088055516 __DUMMY__ 0.3264617114922162 neg 0.3232237876272287	false	1.0
farce	neg 1.0		off 0.34197022816338385 neg 0.3301412053300917 __DUMMY__ 0.3278885665065244	false	0.5
zwecklos	neg 1.0		off 0.3413353918508382 neg 0.33129183082237385 __DUMMY__ 0.3273727773267878	false	0.5
turbulent	neg 1.0		off 0.35084524313994286 neg 0.32463989376540403 __DUMMY__ 0.32451486309465316	false	0.5
invasion	neg 1.0		off 0.3465526304961608 __DUMMY__ 0.3269204845483666 neg 0.3265268849554726	false	0.5
schuld	neg 1.0		off 0.344882799424515 neg 0.3286761691630722 __DUMMY__ 0.3264410314124128	false	0.5
risiko	neg 1.0	neg 1.0	neg 0.6496184306776273 off 0.19149584136420617 __DUMMY__ 0.15888572795816672	false	1.0
finster	neg 1.0		off 0.3451399448851357 neg 0.3286669625437739 __DUMMY__ 0.3261930925710904	false	0.5
geisteskrank	off 1.0		off 0.3500641391247241 neg 0.32683423866190753 __DUMMY__ 0.32310162221336847	false	1.0
zusammenbrechen	neg 1.0		off 0.34228831623676775 neg 0.3293709981279622 __DUMMY__ 0.32834068563527	false	0.5
ausbeute	neg 1.0		off 0.34386517664276905 __DUMMY__ 0.33299249813003107 neg 0.32314232522719993	false	0.5
hinterhalt	neg 1.0		off 0.34574181428424305 __DUMMY__ 0.33219481800720513 neg 0.32206336770855193	false	0.5
kritik	neg 1.0		off 0.3415027211769823 neg 0.3308267247940544 __DUMMY__ 0.3276705540289632	false	0.5
einschrumpfen	neg 1.0		off 0.3481128340232747 neg 0.3265149222475837 __DUMMY__ 0.32537224372914164	false	0.5
riskant	neg 1.0		off 0.33866389460012797 neg 0.3331616479534995 __DUMMY__ 0.32817445744637236	false	0.5
frustrieren	neg 1.0		off 0.3399959527507492 neg 0.33172628122881176 __DUMMY__ 0.328277766020439	false	0.5
groll	neg 1.0		off 0.34076485754186125 neg 0.3317642589021321 __DUMMY__ 0.3274708835560065	false	0.5
gibt			off 0.3425330995547237 neg 0.328932174540718 __DUMMY__ 0.3285347259045581	false	0.0
qualvoll	neg 1.0		off 0.3482436008532153 __DUMMY__ 0.3270615446966285 neg 0.3246948544501562	false	0.5
wackeln	neg 1.0		off 0.34662820996410265 __DUMMY__ 0.3289738390707135 neg 0.32439795096518387	false	0.5
klagen	neg 1.0		off 0.33626137782415255 neg 0.3339036032210232 __DUMMY__ 0.32983501895482426	false	0.5
bankrott	neg 1.0		off 0.35001417472295776 __DUMMY__ 0.3271541773421315 neg 0.3228316479349108	false	0.5
trauern	neg 1.0		off 0.3411499690754521 __DUMMY__ 0.3304938158411419 neg 0.3283562150834058	false	0.5
ablehnung	neg 1.0		off 0.341066571275801 neg 0.3313012253635138 __DUMMY__ 0.3276322033606852	false	0.5
stur	neg 1.0		off 0.3452534045573892 neg 0.32817540470894324 __DUMMY__ 0.3265711907336675	false	0.5
aufruhr	neg 1.0		off 0.3434866485578986 __DUMMY__ 0.3285438844305293 neg 0.3279694670115722	false	0.5
melancholie	neg 1.0		off 0.341727187092658 __DUMMY__ 0.32961023508478604 neg 0.328662577822556	false	0.5
ist			off 0.34671346772038314 __DUMMY__ 0.3272074230235352 neg 0.3260791092560817	false	0.0
torheit	neg 1.0		off 0.3445695830376292 neg 0.327974201310914 __DUMMY__ 0.32745621565145683	false	0.5
dreckskind	off 1.0		off 0.35574666443986297 neg 0.3230378285721499 __DUMMY__ 0.32121550698798707	false	1.0
umtauschen	neg 1.0		off 0.34453765637743516 __DUMMY__ 0.32831571178957386 neg 0.327146631832991	false	0.5
zum			off 0.3366849542891556 __DUMMY__ 0.33414261862243266 neg 0.3291724270884117	false	0.0
zersetzen	neg 1.0		off 0.33762762244874245 neg 0.33409934952234815 __DUMMY__ 0.3282730280289095	false	0.5
zur			off 0.3347024622319921 __DUMMY__ 0.3328632113434806 neg 0.33243432642452725	false	0.0
frust	neg 1.0		off 0.34252733969702925 neg 0.32880787019425667 __DUMMY__ 0.32866479010871397	false	0.5
unerbittlichkeit	neg 1.0		off 0.33826809102584304 neg 0.3326461268192413 __DUMMY__ 0.32908578215491563	false	0.5
zwei			off 0.3375409958095307 __DUMMY__ 0.3333105750288632 neg 0.3291484291616061	false	0.0
unkorrekt	neg 1.0		off 0.35287789143231724 __DUMMY__ 0.3240513777722855 neg 0.3230707307953973	false	0.5
hexe	off 1.0		off 0.3489530161830969 neg 0.3269011811541576 __DUMMY__ 0.32414580266274534	false	1.0
lasch	neg 1.0		off 0.3476394238542977 neg 0.3274358601545012 __DUMMY__ 0.32492471599120115	false	0.5
rivale	neg 1.0		off 0.35228394048038747 __DUMMY__ 0.32480754666966166 neg 0.32290851284995087	false	0.5
mutlos	off 1.0	off 1.0	off 0.6572273605540653 neg 0.18439032726216326 __DUMMY__ 0.15838231218377136	false	1.0
wirr	off 1.0		off 0.3531100365075466 neg 0.3239655685398919 __DUMMY__ 0.3229243949525616	false	1.0
jahr			off 0.3413117037467739 __DUMMY__ 0.3336826106341357 neg 0.3250056856190904	false	0.0
wird			off 0.34108071468294066 neg 0.3302887554860655 __DUMMY__ 0.3286305298309938	false	0.0
strafbar	neg 1.0		off 0.339162917093016 neg 0.3327831989615505 __DUMMY__ 0.32805388394543356	false	0.5
erosion	neg 1.0		off 0.3453991581784652 __DUMMY__ 0.32890525667798803 neg 0.3256955851435467	false	0.5
eingehen	neg 1.0		off 0.33945661379195224 neg 0.33251548988347374 __DUMMY__ 0.32802789632457413	false	0.5
faul	off 1.0		off 0.3499685626968092 __DUMMY__ 0.32705648038064206 neg 0.32297495692254874	false	1.0
provisorium	neg 1.0		__DUMMY__ 0.33450590298308996 off 0.33323959920052926 neg 0.3322544978163807	false	0.5
schmerzen	neg 1.0		off 0.34266984919267973 neg 0.33008053676950666 __DUMMY__ 0.32724961403781355	false	0.5
schrumpfen	neg 1.0		neg 0.33625015774067757 off 0.3332444539318108 __DUMMY__ 0.3305053883275116	false	1.0
geistlos	off 1.0		off 0.34545589603862886 neg 0.3302190931221467 __DUMMY__ 0.3243250108392244	false	1.0
fehlkauf	neg 1.0		off 0.34698078777798963 __DUMMY__ 0.32769879548222725 neg 0.32532041673978324	false	0.5
frustrierend	neg 1.0		off 0.3486375040179188 __DUMMY__ 0.326145050867145 neg 0.3252174451149361	false	0.5
unzufrieden	neg 1.0		off 0.34087865091819214 neg 0.33175447939569247 __DUMMY__ 0.32736686968611545	false	0.5
verzweifeln	neg 1.0		off 0.34315149049487087 neg 0.32895710207624873 __DUMMY__ 0.3278914074288804	false	0.5
verzweifelt	neg 1.0	neg 1.0	neg 0.652184296606632 off 0.1905070579804007 __DUMMY__ 0.15730864541296727	false	1.0
misstrauensantrag	neg 1.0		off 0.3468412028293379 __DUMMY__ 0.32696613201486735 neg 0.3261926651557948	false	0.5
abfallen	neg 1.0		off 0.3464850632317283 __DUMMY__ 0.3286853710140846 neg 0.32482956575418714	false	0.5
fucker	off 1.0		off 0.35359876921042094 __DUMMY__ 0.3255680665405369 neg 0.32083316424904224	false	1.0
ungezogen	neg 1.0		off 0.36066483349914047 __DUMMY__ 0.32121965200533864 neg 0.318115514495521	false	0.5
irrsinnig	neg 1.0	neg 1.0	neg 0.6517945712393547 off 0.1906681749687196 __DUMMY__ 0.15753725379192568	false	1.0
unfassbar	neg 1.0		off 0.3515756055068464 __DUMMY__ 0.32598349657075165 neg 0.32244089792240194	false	0.5
hart	neg 1.0		off 0.3506656195266394 __DUMMY__ 0.3255363584684974 neg 0.32379802200486313	false	0.5
widerlich	off 1.0		off 0.3508802245202381 neg 0.32505242683603963 __DUMMY__ 0.32406734864372244	false	1.0
fatal	neg 1.0		off 0.34711480569582365 __DUMMY__ 0.3270732147771013 neg 0.3258119795270751	false	0.5
bruch	neg 1.0		off 0.3372640851392462 neg 0.33230710403153635 __DUMMY__ 0.33042881082921743	false	0.5
aushungern	neg 1.0		off 0.34225327831110186 neg 0.32917448179684206 __DUMMY__ 0.32857223989205614	false	0.5
anspannung	neg 1.0		off 0.33621569518716676 __DUMMY__ 0.33347616791966805 neg 0.3303081368931652	false	0.5
von			off 0.34199221090758325 __DUMMY__ 0.33450371250061317 neg 0.3235040765918036	false	0.0
kraftlos	neg 1.0		off 0.34234215023252 __DUMMY__ 0.3292344386948365 neg 0.32842341107264356	false	0.5
vom			__DUMMY__ 0.33543998845947887 off 0.33470990637311365 neg 0.3298501051674075	false	0.0
grenzdebil	off 1.0		off 0.35205001073183484 __DUMMY__ 0.325961061237581 neg 0.32198892803058415	false	1.0
vor			off 0.33868981985442337 __DUMMY__ 0.33111255352218705 neg 0.33019762662338964	false	0.0
unterwerfen	neg 1.0		off 0.34018788364792046 neg 0.33110952658618426 __DUMMY__ 0.3287025897658952	false	0.5
versenkung	neg 1.0		off 0.3412697750596028 __DUMMY__ 0.32989730290078284 neg 0.3288329220396143	false	0.5
entziehen	neg 1.0		off 0.3368801921243418 neg 0.33337170046765563 __DUMMY__ 0.32974810740800276	false	0.5
finanzkrise	neg 1.0		off 0.34240743353059233 neg 0.3303882135267235 __DUMMY__ 0.327204352942684	false	0.5
schimpfend	neg 1.0		off 0.34677825944137625 __DUMMY__ 0.3271015555682791 neg 0.32612018499034484	false	0.5
profan	neg 1.0		off 0.34708293927285105 neg 0.326668619213778 __DUMMY__ 0.3262484415133709	false	0.5
korruption	neg 1.0		off 0.34058560700760054 neg 0.3310619952879816 __DUMMY__ 0.3283523977044179	false	0.5
â			off 0.34218651696650015 __DUMMY__ 0.329920477408483 neg 0.32789300562501694	false	0.0
schmutzig	neg 1.0		off 0.3528922494220105 __DUMMY__ 0.326245126110526 neg 0.32086262446746344	false	0.5
sexy	neg 1.0		off 0.34912290513099686 __DUMMY__ 0.3272274543205655 neg 0.32364964054843776	false	0.5
abraten	neg 1.0		off 0.3468280812308353 __DUMMY__ 0.32710505996381756 neg 0.32606685880534714	false	0.5
schwarz	neg 1.0		off 0.3462477549420038 __DUMMY__ 0.32719371305278555 neg 0.3265585320052108	false	0.5
fotze	off 1.0	off 1.0	off 0.6593446091799843 neg 0.1814483363877198 __DUMMY__ 0.1592070544322959	false	1.0
verwirren	neg 1.0		off 0.3478250370674797 __DUMMY__ 0.3264313385990488 neg 0.3257436243334715	false	0.5
zahnlos	off 1.0		off 0.3422072939835326 neg 0.33015694341572527 __DUMMY__ 0.32763576260074223	false	1.0
verheeren	neg 1.0		off 0.3627404133193632 __DUMMY__ 0.32177148100672326 neg 0.31548810567391355	false	0.5
hippie	neg 1.0		off 0.34863116168234043 __DUMMY__ 0.32724200999295106 neg 0.32412682832470857	false	0.5
rammen	neg 1.0		off 0.34555338338877883 neg 0.3280653212213084 __DUMMY__ 0.32638129538991284	false	0.5
unlauter	neg 1.0		off 0.34426388631553206 neg 0.3298896627652023 __DUMMY__ 0.32584645091926556	false	0.5
unheilvoll	neg 1.0		off 0.3470431342436586 __DUMMY__ 0.32764257767678745 neg 0.3253142880795538	false	0.5
niedrig	neg 1.0		off 0.3381009122601116 neg 0.33395975534370365 __DUMMY__ 0.3279393323961848	false	0.5
explosion	neg 1.0		off 0.3476676912618373 __DUMMY__ 0.3268765671699647 neg 0.32545574156819795	false	0.5
weichei	off 1.0	off 1.0	off 0.6668538722563956 neg 0.177772527642496 __DUMMY__ 0.15537360010110837	false	1.0
minusmensch	off 1.0		off 0.3582856907243559 neg 0.3211978420914449 __DUMMY__ 0.32051646718419924	false	1.0
farblos	neg 1.0		off 0.34456393193685286 __DUMMY__ 0.3284510276709001 neg 0.326985040392247	false	0.5
unwissend	neg 1.0	neg 1.0	neg 0.6502502419338092 off 0.19304910392765862 __DUMMY__ 0.15670065413853212	false	1.0
traurig	neg 1.0		off 0.3542113300286041 __DUMMY__ 0.3250517555292266 neg 0.3207369144421694	false	0.5
senkung	neg 1.0		off 0.3464434011900944 neg 0.3280553943909911 __DUMMY__ 0.3255012044189145	false	0.5
ungleich	neg 1.0	neg 1.0	neg 0.6546327005029992 off 0.18687110224252784 __DUMMY__ 0.15849619725447286	false	1.0
heikel	neg 1.0		off 0.3386242675511773 neg 0.33321550500999036 __DUMMY__ 0.3281602274388323	false	0.5
drosselung	neg 1.0		off 0.3514397924838786 __DUMMY__ 0.3254312290318434 neg 0.32312897848427785	false	0.5
falsch	neg 1.0		off 0.348522085469775 neg 0.3258637330174063 __DUMMY__ 0.3256141815128187	false	0.5
unzufriedenheit	neg 1.0		off 0.3375560986319215 neg 0.33307159285986365 __DUMMY__ 0.32937230850821486	false	0.5
kurz	neg 1.0		off 0.3442356437870371 __DUMMY__ 0.3300103147624271 neg 0.3257540414505357	false	0.5
unsinnig	neg 1.0		off 0.34180681795694673 neg 0.33138953197523613 __DUMMY__ 0.32680365006781714	false	0.5
penner	off 1.0	off 1.0	off 0.667920423897303 neg 0.17679843263570577 __DUMMY__ 0.15528114346699126	false	1.0
seicht	neg 1.0		off 0.3591079155211947 neg 0.32059663567603136 __DUMMY__ 0.32029544880277383	false	0.5
dummheit	off 1.0	off 1.0	off 0.6616928067857557 neg 0.18138260690628968 __DUMMY__ 0.15692458630795458	false	1.0
unerfreulich	neg 1.0		off 0.33844574482743806 neg 0.3322403114889969 __DUMMY__ 0.32931394368356504	false	0.5
motherfucker	off 1.0	off 1.0	off 0.6648841235878891 neg 0.17818174148102905 __DUMMY__ 0.1569341349310819	false	1.0
pikiert	neg 1.0		off 0.35040422783895725 neg 0.32482732115370505 __DUMMY__ 0.3247684510073377	false	0.5
wrack	neg 1.0		off 0.34292820806353846 __DUMMY__ 0.3296741143554861 neg 0.3273976775809755	false	0.5
gangster	neg 1.0		off 0.34865670143624833 __DUMMY__ 0.3271660308561558 neg 0.3241772677075958	false	0.5
krank	neg 1.0		off 0.35220329963691155 __DUMMY__ 0.3261222051757092 neg 0.32167449518737934	false	0.5
reich	neg 1.0		off 0.35136753720744957 __DUMMY__ 0.32713039688316686 neg 0.32150206590938374	false	0.5
gnadenlos	neg 1.0		off 0.3453732035487262 neg 0.32772936627414395 __DUMMY__ 0.32689743017712986	false	0.5
niedergeschlagen	neg 1.0		off 0.3432665587848716 __DUMMY__ 0.32871645194123417 neg 0.32801698927389417	false	0.5
terrorisieren	off 1.0	off 1.0	off 0.6579503140537194 neg 0.18300737857453062 __DUMMY__ 0.1590423073717499	false	1.0
sinnlosigkeit	neg 1.0		off 0.34177256501555153 neg 0.3303044309414604 __DUMMY__ 0.32792300404298796	false	0.5
behindern	neg 1.0		off 0.34394099803820427 __DUMMY__ 0.32839686940283264 neg 0.32766213255896315	false	0.5
undemokratisch	neg 1.0		off 0.3450021640829099 neg 0.3280473690698994 __DUMMY__ 0.32695046684719065	false	0.5
wirtschaftskrise	neg 1.0		off 0.34019708387375214 neg 0.33165794312028823 __DUMMY__ 0.32814497300595974	false	0.5
neid	neg 1.0		off 0.3495896362960823 __DUMMY__ 0.32711714491786 neg 0.3232932187860578	false	0.5
rutschen	neg 1.0		off 0.33764105299111996 __DUMMY__ 0.3336247709632629 neg 0.3287341760456172	false	0.5
rezession	neg 1.0		off 0.3516107484764682 neg 0.32697257489668946 __DUMMY__ 0.32141667662684237	false	0.5
fehlgeburt	neg 1.0		off 0.3470637156699089 __DUMMY__ 0.327866802076725 neg 0.325069482253366	false	0.5
charakterschwach	off 1.0		off 0.35064915650628165 neg 0.32520701098950855 __DUMMY__ 0.32414383250420997	false	1.0
isolation	neg 1.0		off 0.34877528242557404 __DUMMY__ 0.32670870969651966 neg 0.3245160078779063	false	0.5
ablenkung	neg 1.0		off 0.34514183885636895 __DUMMY__ 0.32843083025607267 neg 0.3264273308875584	false	0.5
pech	neg 1.0		off 0.3486752824839808 __DUMMY__ 0.32628532572667196 neg 0.32503939178934715	false	0.5
vermeidung	neg 1.0		off 0.3519450399172937 __DUMMY__ 0.3258366449478492 neg 0.3222183151348572	false	0.5
dominieren	neg 1.0		off 0.340721213642704 __DUMMY__ 0.32967464813575076 neg 0.32960413822154516	false	0.5
schwindlig	neg 1.0		off 0.3478803527111482 __DUMMY__ 0.32793685447593574 neg 0.324182792812916	false	0.5
lutscher	neg 1.0		off 0.3600946833532239 __DUMMY__ 0.3206881032540094 neg 0.31921721339276665	false	0.5
pflicht	neg 1.0		off 0.33763733596366086 neg 0.3334466178102976 __DUMMY__ 0.3289160462260416	false	0.5
faschist	off 1.0		off 0.3481055827401282 __DUMMY__ 0.3265147271515279 neg 0.32537969010834383	false	1.0
verschleudern	neg 1.0		off 0.3385388166042467 neg 0.33319845246671004 __DUMMY__ 0.3282627309290433	false	0.5
wenn			off 0.34908486354551743 __DUMMY__ 0.3260492681485879 neg 0.32486586830589476	false	0.0
ehebruch	neg 1.0		off 0.34071165987867263 neg 0.33068595252263955 __DUMMY__ 0.32860238759868776	false	0.5
spott	off 1.0		off 0.33987683119131296 neg 0.33173237070332773 __DUMMY__ 0.3283907981053594	false	1.0
trostlosigkeit	neg 1.0		off 0.33847941389461694 __DUMMY__ 0.33078589563408206 neg 0.330734690471301	false	0.5
lutschen	neg 1.0		off 0.34821009277418674 neg 0.32595569261297486 __DUMMY__ 0.3258342146128384	false	0.5
undiszipliniert	neg 1.0		off 0.35293691096613583 __DUMMY__ 0.32439976113039787 neg 0.32266332790346636	false	0.5
kopfschmerz	neg 1.0		off 0.34170052944783236 neg 0.3305724035477657 __DUMMY__ 0.32772706700440196	false	0.5
unvorhergesehen	neg 1.0		off 0.34118560601503023 __DUMMY__ 0.3316527266267791 neg 0.3271616673581907	false	0.5
desinteressiert	neg 1.0	neg 1.0	neg 0.6488669032037095 off 0.1946679259299601 __DUMMY__ 0.1564651708663303	false	1.0
armselig	off 1.0		off 0.3527348371460008 neg 0.3242043644422395 __DUMMY__ 0.32306079841175983	false	1.0
desaster	neg 1.0		off 0.3362450379042563 neg 0.3335467971439404 __DUMMY__ 0.33020816495180333	false	0.5
tod	neg 1.0		off 0.34300344751560374 __DUMMY__ 0.33087374636154687 neg 0.3261228061228493	false	0.5
herzlos	neg 1.0		off 0.353491180841079 __DUMMY__ 0.32405457582906366 neg 0.32245424332985734	false	0.5
unwissenheit	neg 1.0		off 0.3411607556147943 neg 0.3310871226587755 __DUMMY__ 0.32775212172643026	false	0.5
widersinnig	neg 1.0		off 0.33985501495426923 neg 0.334060247790276 __DUMMY__ 0.32608473725545495	false	0.5
bedenklich	neg 1.0		off 0.33989688882360614 neg 0.3323560951679671 __DUMMY__ 0.3277470160084267	false	0.5
beanstanden	neg 1.0		off 0.337433697175035 neg 0.3333017558785572 __DUMMY__ 0.3292645469464079	false	0.5
panisch	neg 1.0	neg 1.0	neg 0.6484411609761929 off 0.1926797122432916 __DUMMY__ 0.15887912678051555	false	1.0
debil	off 1.0		off 0.33346327786026564 __DUMMY__ 0.33335296233779116 neg 0.3331837598019431	false	1.0
abstrich	neg 1.0		off 0.34627695867661146 __DUMMY__ 0.33146660703242764 neg 0.3222564342909608	false	0.5
primitiv	neg 1.0		off 0.35090125056740556 neg 0.3253152130037535 __DUMMY__ 0.323783536428841	false	0.5
abschaum	off 1.0	off 1.0	off 0.6633320918041641 neg 0.17990636732421406 __DUMMY__ 0.1567615408716217	false	1.0
provozieren	neg 1.0		off 0.3443354634064878 neg 0.3297126319437234 __DUMMY__ 0.32595190464978885	false	0.5
tot	neg 1.0		off 0.34145236836642606 neg 0.3301400723076121 __DUMMY__ 0.3284075593259618	false	0.5
instabil	neg 1.0		off 0.3531296998651642 __DUMMY__ 0.3243949007767924 neg 0.3224753993580434	false	0.5
schwuchtel	off 1.0	off 1.0	off 0.6709859175338897 neg 0.1754433080769953 __DUMMY__ 0.15357077438911504	false	1.0
zerren	neg 1.0		off 0.34266485817739367 __DUMMY__ 0.3288748387661852 neg 0.32846030305642115	false	0.5
kinderficker	off 1.0		off 0.35662984588942837 __DUMMY__ 0.3233921680817935 neg 0.319977986028778	false	1.0
gefahr	neg 1.0		off 0.3381789894464411 neg 0.33143456338980426 __DUMMY__ 0.3303864471637548	false	0.5
rabiat	neg 1.0		off 0.34472380076121795 __DUMMY__ 0.3278256506402151 neg 0.3274505485985669	false	0.5
verlangsamung	neg 1.0		off 0.35630569296723014 neg 0.32328983818892504 __DUMMY__ 0.32040446884384477	false	0.5
ausgestorben	neg 1.0		off 0.3447647403677979 __DUMMY__ 0.32842149039810686 neg 0.3268137692340952	false	0.5
anklagen	neg 1.0		off 0.34133237486797396 neg 0.3298097229722809 __DUMMY__ 0.3288579021597452	false	0.5
trott	neg 1.0		off 0.344359568091336 __DUMMY__ 0.3283390354403916 neg 0.3273013964682724	false	0.5
verminderung	neg 1.0		off 0.35143582817475233 __DUMMY__ 0.32466771509087694 neg 0.3238964567343709	false	0.5
nach			off 0.33617057047109944 __DUMMY__ 0.33386610640534997 neg 0.32996332312355064	false	0.0
rost	neg 1.0		off 0.3565658380495559 __DUMMY__ 0.32266720898661666 neg 0.3207669529638274	false	0.5
destruktiv	neg 1.0		off 0.3431222087226629 neg 0.3303526872630476 __DUMMY__ 0.3265251040142895	false	0.5
unzumutbarkeit	neg 1.0		off 0.35112674430605667 __DUMMY__ 0.3264052896020238 neg 0.32246796609191947	false	0.5
labil	off 1.0	off 1.0	off 0.6631265023367107 neg 0.17963858778276998 __DUMMY__ 0.15723490988051939	false	1.0
ziemlich	neg 1.0		off 0.3517032434730688 __DUMMY__ 0.32637897432096435 neg 0.3219177822059667	false	0.5
lachnummer	off 1.0		off 0.3440651144369731 neg 0.32936824198113634 __DUMMY__ 0.3265666435818906	false	1.0
oder			off 0.3460636919519486 __DUMMY__ 0.3282296505842935 neg 0.32570665746375793	false	0.0
verfall	neg 1.0		neg 0.3347109827991415 off 0.3340074187942072 __DUMMY__ 0.33128159840665133	false	1.0
ausgrenzung	neg 1.0		off 0.345888469077098 neg 0.3271232081916528 __DUMMY__ 0.3269883227312491	false	0.5
unordnung	neg 1.0		off 0.35506376616292545 __DUMMY__ 0.3269501278537042 neg 0.3179861059833703	false	0.5
fehlverhalten	neg 1.0		off 0.3376683051759971 neg 0.33438503705417033 __DUMMY__ 0.32794665776983256	false	0.5
eine			off 0.3389812030095206 neg 0.3305350087408699 __DUMMY__ 0.33048378824960944	false	0.0
nille	neg 1.0		off 0.34473584707963945 __DUMMY__ 0.3289168883263312 neg 0.32634726459402924	false	0.5
qual	neg 1.0		off 0.34392624050747517 __DUMMY__ 0.328487211312485 neg 0.3275865481800399	false	0.5
verschwenden	neg 1.0		off 0.3392309672351545 neg 0.33283156464334823 __DUMMY__ 0.32793746812149727	false	0.5
riesig	neg 1.0		off 0.3414827436144884 __DUMMY__ 0.32985509345340175 neg 0.3286621629321099	false	0.5
verurteilen	neg 1.0		off 0.34052146348799345 neg 0.33232400788581773 __DUMMY__ 0.3271545286261888	false	0.5
klischee	neg 1.0	neg 1.0	neg 0.6507668854450936 off 0.19225280810424267 __DUMMY__ 0.15698030645066363	false	1.0
diktatorisch	neg 1.0		off 0.3450310854374705 neg 0.32831053017114215 __DUMMY__ 0.3266583843913874	false	0.5
vorhersehbar	neg 1.0		off 0.34683670991594073 neg 0.3280588758211841 __DUMMY__ 0.325104414262875	false	0.5
sowie			off 0.35567011594334086 __DUMMY__ 0.32317924989578467 neg 0.32115063416087447	false	0.0
stornieren	neg 1.0		off 0.3491333529354968 __DUMMY__ 0.33018553793708577 neg 0.32068110912741726	false	0.5
besteuerung	neg 1.0		off 0.34351576924772526 neg 0.3310001832899817 __DUMMY__ 0.3254840474622931	false	0.5
ungeschminkt	neg 1.0		off 0.35039631996052073 neg 0.32610701752345606 __DUMMY__ 0.3234966625160232	false	0.5
kritisch	neg 1.0		off 0.3398560996450706 neg 0.3319846362147727 __DUMMY__ 0.3281592641401567	false	0.5
schlamperei	off 1.0		off 0.33945656127254875 neg 0.33069832957776835 __DUMMY__ 0.32984510914968285	false	1.0
sucht	neg 1.0	neg 1.0	neg 0.6471458116548667 off 0.1924668069719764 __DUMMY__ 0.16038738137315678	false	1.0
egoistisch	off 1.0		off 0.3557921242508 neg 0.32215677285565314 __DUMMY__ 0.3220511028935468	false	1.0
ausbeuter	off 1.0		off 0.3372609300017775 neg 0.33528723104459907 __DUMMY__ 0.3274518389536234	false	1.0
arschgeburt	off 1.0		off 0.3628974653107885 neg 0.31903118597429686 __DUMMY__ 0.31807134871491455	false	1.0
schubs	neg 1.0		off 0.34265064508026283 neg 0.32870163869206837 __DUMMY__ 0.32864771622766886	false	0.5
unsolide	neg 1.0		off 0.34538802773058774 neg 0.3287059735816468 __DUMMY__ 0.3259059986877656	false	0.5
beschwerde	neg 1.0		off 0.3397111713660868 neg 0.33150395718636394 __DUMMY__ 0.32878487144754914	false	0.5
stocken	neg 1.0		off 0.33972820139003396 neg 0.33069528815515153 __DUMMY__ 0.3295765104548145	false	0.5
isolieren	neg 1.0		off 0.34099622618366543 neg 0.3304010038834609 __DUMMY__ 0.3286027699328738	false	0.5
unheilbar	neg 1.0		off 0.34484060289125223 __DUMMY__ 0.327693863043722 neg 0.32746553406502577	false	0.5
pisser	off 1.0		off 0.35289657361069393 __DUMMY__ 0.3239398845281437 neg 0.3231635418611624	false	1.0
löschen	neg 1.0		off 0.34474467461095604 __DUMMY__ 0.3282788440469063 neg 0.3269764813421377	false	0.5
durchfallen	neg 1.0		off 0.3398859745825139 neg 0.33305119211418555 __DUMMY__ 0.32706283330330055	false	0.5
wichser	off 1.0	off 1.0	off 0.6696846910377438 neg 0.17576434792609102 __DUMMY__ 0.1545509610361653	false	1.0
terror	neg 1.0		off 0.348314584988289 __DUMMY__ 0.32727336025913345 neg 0.32441205475257767	false	0.5
krass	neg 1.0		off 0.35444114915690556 __DUMMY__ 0.3239189750157251 neg 0.3216398758273693	false	0.5
revolte	neg 1.0		off 0.3470057873372786 __DUMMY__ 0.3274838150558015 neg 0.32551039760692	false	0.5
besorgt	neg 1.0		off 0.34454812824094555 __DUMMY__ 0.3308515907402936 neg 0.324600281018761	false	0.5
nachlassen	neg 1.0		off 0.34070856103047636 __DUMMY__ 0.3307622016066463 neg 0.32852923736287737	false	0.5
alt	neg 1.0		off 0.3414033496202819 neg 0.3304437779559538 __DUMMY__ 0.32815287242376434	false	0.5
hundesohn	off 1.0		off 0.3605098455064833 __DUMMY__ 0.32109114242927583 neg 0.3183990120642409	false	1.0
als			off 0.34210087678460255 neg 0.3294983801376985 __DUMMY__ 0.32840074307769895	false	0.0
abschreckung	neg 1.0		off 0.33718449038979653 neg 0.33349695012259023 __DUMMY__ 0.3293185594876131	false	0.5
unqualifiziert	neg 1.0		off 0.34753487879544764 neg 0.32790469439336717 __DUMMY__ 0.324560426811185	false	0.5
abgewichst	off 1.0		off 0.343987118953927 __DUMMY__ 0.32912559671979796 neg 0.32688728432627506	false	1.0
schwer	neg 1.0		off 0.3434806098849841 neg 0.3290891027352096 __DUMMY__ 0.32743028737980634	false	0.5
bedeutungslosigkeit	neg 1.0		off 0.33841852492297875 neg 0.33252168087010925 __DUMMY__ 0.329059794206912	false	0.5
kapitulation	neg 1.0		off 0.34035614731760433 neg 0.33041010577130503 __DUMMY__ 0.3292337469110907	false	0.5
unscharf	neg 1.0		off 0.34647699696006656 neg 0.3278305053694114 __DUMMY__ 0.32569249767052205	false	0.5
schwinden	neg 1.0		off 0.3386171115002857 neg 0.3316547833311121 __DUMMY__ 0.32972810516860224	false	0.5
versklavung	neg 1.0		off 0.3453342344157666 __DUMMY__ 0.32767577038324947 neg 0.32698999520098404	false	0.5
schlecht	neg 1.0		off 0.3517354190348911 __DUMMY__ 0.32619579071855676 neg 0.32206879024655216	false	0.5
verhasst	neg 1.0		off 0.3444073972318927 neg 0.3304691730635465 __DUMMY__ 0.3251234297045609	false	0.5
beschweren	neg 1.0		off 0.34660478907168274 __DUMMY__ 0.32688634459504307 neg 0.3265088663332742	false	0.5
scheiden	neg 1.0		off 0.3454128495098688 __DUMMY__ 0.3290226290310574 neg 0.32556452145907383	false	0.5
frustriert	neg 1.0		off 0.3423640976276132 neg 0.33008846317094614 __DUMMY__ 0.3275474392014406	false	0.5
schimmelig	neg 1.0		off 0.34025655475392935 neg 0.33266156874624087 __DUMMY__ 0.3270818764998299	false	0.5
fisch	neg 1.0		off 0.33754748755979747 neg 0.33382642482897723 __DUMMY__ 0.32862608761122514	false	0.5
schmuggel	neg 1.0		off 0.33926006602563713 neg 0.3313932156761873 __DUMMY__ 0.3293467182981755	false	0.5
auffallen	neg 1.0		off 0.34744978721266745 __DUMMY__ 0.3265779542605015 neg 0.32597225852683104	false	0.5
konkurrenz	neg 1.0		off 0.3373465965699531 neg 0.3325871046039682 __DUMMY__ 0.33006629882607874	false	0.5
teufelskreis	neg 1.0	neg 1.0	neg 0.6528651384788305 off 0.1894964871407531 __DUMMY__ 0.1576383743804163	false	1.0
aufschreien	neg 1.0		off 0.34693718636406323 neg 0.32728822929175555 __DUMMY__ 0.32577458434418133	false	0.5
schuldner	neg 1.0		off 0.3371229046746796 neg 0.33455160644436754 __DUMMY__ 0.3283254888809529	false	0.5
missgeburt	off 1.0	off 1.0	off 0.6670175305003097 neg 0.17798055465401214 __DUMMY__ 0.15500191484567827	false	1.0
arbeitslos	neg 1.0		off 0.3402741695170762 neg 0.33274353790631855 __DUMMY__ 0.3269822925766051	false	0.5
befallen	neg 1.0		off 0.34248052015649505 neg 0.32957753384137073 __DUMMY__ 0.3279419460021342	false	0.5
miesepetrig	off 1.0	off 1.0	off 0.6638887197166676 neg 0.17885395579796223 __DUMMY__ 0.1572573244853701	false	1.0
alarmieren	neg 1.0		off 0.3485853731331984 neg 0.32608662640566827 __DUMMY__ 0.32532800046113336	false	0.5
ungeduscht	off 1.0		off 0.34862826177310596 neg 0.3261795985937509 __DUMMY__ 0.32519213963314325	false	1.0
knappheit	neg 1.0		off 0.33909996333397197 neg 0.3344451400044428 __DUMMY__ 0.3264548966615852	false	0.5
schlange	neg 1.0		off 0.34795280981278326 __DUMMY__ 0.32932588476526387 neg 0.3227213054219528	false	0.5
harsch	neg 1.0		off 0.3569606722642951 __DUMMY__ 0.32555894336700786 neg 0.31748038436869697	false	0.5
lang	neg 1.0		off 0.34593010639067456 __DUMMY__ 0.3282571398417724 neg 0.3258127537675531	false	0.5
ziellos	neg 1.0		off 0.3416613094704196 __DUMMY__ 0.32985476052407603 neg 0.32848393000550435	false	0.5
selbstverliebt	neg 1.0		off 0.3611526878237482 __DUMMY__ 0.31965327688439443 neg 0.31919403529185747	false	0.5
beseitigen	neg 1.0		off 0.34292427660336483 neg 0.32859435435980133 __DUMMY__ 0.3284813690368339	false	0.5
dumm	off 1.0		off 0.3571401718701069 __DUMMY__ 0.3224927644225582 neg 0.32036706370733486	false	1.0
arbeitsloser	neg 1.0		off 0.3415809031783936 neg 0.32974644487343896 __DUMMY__ 0.3286726519481676	false	0.5
blitzen	neg 1.0		off 0.3480922005141966 __DUMMY__ 0.32678957511006673 neg 0.3251182243757367	false	0.5
hilflos	neg 1.0		off 0.3419391549764752 neg 0.33030822328581416 __DUMMY__ 0.32775262173771064	false	0.5
eklig	off 1.0		off 0.3569771260546749 neg 0.32185099146805235 __DUMMY__ 0.32117188247727285	false	1.0
begriff			off 0.3431381118505203 neg 0.3295135095748443 __DUMMY__ 0.32734837857463545	false	0.0
hungersnot	neg 1.0		off 0.3421726536582166 __DUMMY__ 0.32925398821173407 neg 0.3285733581300494	false	0.5
ungesetzlich	neg 1.0		off 0.34341293279793134 neg 0.3313175105510471 __DUMMY__ 0.32526955665102164	false	0.5
verschwendung	neg 1.0		off 0.33928270740415023 neg 0.33187537705075115 __DUMMY__ 0.32884191554509856	false	0.5
schmerzvoll	neg 1.0		off 0.3465338770032424 __DUMMY__ 0.32724603273834524 neg 0.32622009025841237	false	0.5
vorzeitig	neg 1.0		off 0.3480001404232743 __DUMMY__ 0.32721906372444476 neg 0.3247807958522808	false	0.5
unvollkommenheit	neg 1.0		off 0.34292842992822925 __DUMMY__ 0.3307262005293514 neg 0.32634536954241933	false	0.5
intervenieren	neg 1.0		off 0.33864631190116434 neg 0.3329748267107825 __DUMMY__ 0.32837886138805306	false	0.5
banause	off 1.0		off 0.35913880417519106 neg 0.32136760062604747 __DUMMY__ 0.3194935951987615	false	1.0
rebell	neg 1.0		off 0.3353748748947768 neg 0.33449446540363986 __DUMMY__ 0.3301306597015834	false	0.5
unlogisch	neg 1.0		off 0.3527681836742528 neg 0.32379186364677603 __DUMMY__ 0.3234399526789714	false	0.5
leiden	neg 1.0		off 0.33899926035171246 neg 0.33081143871730156 __DUMMY__ 0.330189300930986	false	0.5
abschaffung	neg 1.0		off 0.34455636168177284 neg 0.32802525388781006 __DUMMY__ 0.3274183844304172	false	0.5
sturz	neg 1.0		off 0.34576829683659627 __DUMMY__ 0.3292601823129391 neg 0.32497152085046466	false	0.5
verkleinerung	neg 1.0		off 0.3463249258440608 neg 0.32872519908043635 __DUMMY__ 0.32494987507550277	false	0.5
schmarotzer	off 1.0		off 0.34071813125143635 neg 0.3330551696378489 __DUMMY__ 0.3262266991107148	false	1.0
bestrafung	neg 1.0		off 0.34568586022673614 __DUMMY__ 0.3274522319171931 neg 0.3268619078560709	false	0.5
achtlos	neg 1.0	neg 1.0	neg 0.6511180184882092 off 0.19016453574943298 __DUMMY__ 0.15871744576235786	false	1.0
ungeheuer	neg 1.0		off 0.34816188467642295 __DUMMY__ 0.32795539314774946 neg 0.3238827221758276	false	0.5
unaufrichtig	neg 1.0		off 0.34884400804544075 __DUMMY__ 0.3279158617040525 neg 0.32324013025050674	false	0.5
groggy	neg 1.0		off 0.3482348186716182 __DUMMY__ 0.32715203708059026 neg 0.3246131442477916	false	0.5
verletzlich	neg 1.0		off 0.35078091463776573 neg 0.32484108179025845 __DUMMY__ 0.3243780035719759	false	0.5
ablehnen	neg 1.0		off 0.340423801673757 neg 0.3318230983190608 __DUMMY__ 0.32775310000718216	false	0.5
