unsolidarisch	neg 1.0		off 0.4740686263284712 neg 0.4583949052578597 __DUMMY__ 0.06753646841366898	false	0.5
nachteilig	neg 1.0		off 0.47172020580189994 neg 0.46013205484398984 __DUMMY__ 0.06814773935411016	false	0.5
skeptisch	neg 1.0		off 0.47154393058183824 neg 0.4601975217605417 __DUMMY__ 0.06825854765762	false	0.5
schrecklich	neg 1.0		off 0.48656434015688005 neg 0.4461678250154553 __DUMMY__ 0.06726783482766469	false	0.5
schlapp	neg 1.0		off 0.4831268370190502 neg 0.4492333199978412 __DUMMY__ 0.06763984298310868	false	0.5
abfall	neg 1.0		off 0.469033045374869 neg 0.4622854709261446 __DUMMY__ 0.06868148369898629	false	0.5
widerspenstig	neg 1.0		off 0.4776034693352218 neg 0.45440179639682526 __DUMMY__ 0.06799473426795305	false	0.5
abrupt	neg 1.0		off 0.47504617256859866 neg 0.45633383718723797 __DUMMY__ 0.06861999024416347	false	0.5
unwirksam	neg 1.0		off 0.47393261639531997 neg 0.45859323754122716 __DUMMY__ 0.06747414606345292	false	0.5
angreifen	neg 1.0		off 0.47110023727022526 neg 0.4606980573699105 __DUMMY__ 0.06820170535986428	false	0.5
inkonsistent	neg 1.0		off 0.4765935556981014 neg 0.45576842324598466 __DUMMY__ 0.06763802105591395	false	0.5
abrutschen	neg 1.0		off 0.4687683554880096 neg 0.4627146196305661 __DUMMY__ 0.06851702488142444	false	0.5
unsicher	neg 1.0		off 0.47768821033128295 neg 0.45419433276364396 __DUMMY__ 0.06811745690507316	false	0.5
bauernkind	off 1.0	off 1.0	off 0.7271622191579983 neg 0.24129004860517422 __DUMMY__ 0.031547732236827414	false	1.0
angreifer	neg 1.0	neg 1.0	neg 0.7107193126934074 off 0.25667227924915037 __DUMMY__ 0.03260840805744224	false	1.0
trennen	neg 1.0		off 0.4734292694741122 neg 0.4579250820290997 __DUMMY__ 0.06864564849678807	false	0.5
schmutz	neg 1.0		off 0.48183667865544505 neg 0.4497860543853493 __DUMMY__ 0.06837726695920553	false	0.5
inkonsistenz	neg 1.0		off 0.4787493410931181 neg 0.4543022745605617 __DUMMY__ 0.06694838434632017	false	0.5
erschreckend	neg 1.0		off 0.47525923995573915 neg 0.45686697850288144 __DUMMY__ 0.06787378154137942	false	0.5
ertrinken	neg 1.0		off 0.4728345242874079 neg 0.4587975004174394 __DUMMY__ 0.0683679752951527	false	0.5
pickelface	off 1.0		off 0.4767671242557785 neg 0.4550781592471699 __DUMMY__ 0.0681547164970515	false	1.0
seiner			off 0.472464051137316 neg 0.45920199448267185 __DUMMY__ 0.06833395438001219	false	0.0
lauch	neg 1.0		off 0.47086281547396813 neg 0.46040601969094147 __DUMMY__ 0.06873116483509044	false	0.5
unwichtig	neg 1.0		off 0.4805266211617783 neg 0.452127366249416 __DUMMY__ 0.06734601258880578	false	0.5
steuerhinterziehung	neg 1.0	neg 1.0	neg 0.7146984837777602 off 0.2527888710219741 __DUMMY__ 0.03251264520026565	false	1.0
schock	neg 1.0		off 0.4773120731160499 neg 0.4544549871107717 __DUMMY__ 0.06823293977317828	false	0.5
beule	neg 1.0		off 0.48335400157571906 neg 0.4492147276796478 __DUMMY__ 0.06743127074463308	false	0.5
vergelten	neg 1.0		off 0.48728630105632686 neg 0.4450219165145279 __DUMMY__ 0.0676917824291453	false	0.5
verdorbenheit	neg 1.0		off 0.48042602647506316 neg 0.4512018672809767 __DUMMY__ 0.06837210624396022	false	0.5
trauma	neg 1.0		off 0.478213047715231 neg 0.4538410537073981 __DUMMY__ 0.06794589857737093	false	0.5
sinnlos	neg 1.0		off 0.4793011826175757 neg 0.4528860092932421 __DUMMY__ 0.06781280808918222	false	0.5
fettsack	off 1.0	off 1.0	off 0.7288915773180504 neg 0.23940412185111906 __DUMMY__ 0.03170430083083049	false	1.0
feige	off 1.0	off 1.0	off 0.7263005026584924 neg 0.24165480159509736 __DUMMY__ 0.03204469574641017	false	1.0
abdanken	neg 1.0		off 0.4766914857746701 neg 0.455210801446305 __DUMMY__ 0.06809771277902486	false	0.5
wichtigtuer	off 1.0	off 1.0	off 0.7252743963793418 neg 0.24251937184618286 __DUMMY__ 0.03220623177447533	false	1.0
misslingen	neg 1.0		off 0.4815963441892058 neg 0.4497825732356924 __DUMMY__ 0.06862108257510174	false	0.5
untreu	off 1.0		off 0.48217608367810155 neg 0.4503364111533317 __DUMMY__ 0.0674875051685667	false	1.0
missmutig	neg 1.0		off 0.4823506647813757 neg 0.44996075000803754 __DUMMY__ 0.06768858521058677	false	0.5
hurenbock	off 1.0		off 0.48062317074741484 neg 0.4512986089049809 __DUMMY__ 0.06807822034760422	false	1.0
betrunken	neg 1.0		off 0.4847677282215444 neg 0.44772859994974656 __DUMMY__ 0.06750367182870899	false	0.5
korrupt	off 1.0		off 0.47162063879763055 neg 0.4607044121154633 __DUMMY__ 0.06767494908690602	false	1.0
unmut	neg 1.0		off 0.4693138094720239 neg 0.4620924457240614 __DUMMY__ 0.06859374480391481	false	0.5
hackfresse	off 1.0		off 0.48891708354346364 neg 0.44430625381114314 __DUMMY__ 0.06677666264539317	false	1.0
aufblasen	neg 1.0		off 0.479871205987225 neg 0.45214199506964664 __DUMMY__ 0.06798679894312835	false	0.5
gewaltsam	neg 1.0		off 0.47656266831427635 neg 0.4551852237503059 __DUMMY__ 0.06825210793541776	false	0.5
unbeliebtheit	neg 1.0		off 0.47927649852144105 neg 0.453387158490893 __DUMMY__ 0.067336342987666	false	0.5
sturheit	neg 1.0		off 0.4745721586660458 neg 0.4575193080610265 __DUMMY__ 0.06790853327292787	false	0.5
kuh	neg 1.0		off 0.47626226804769745 neg 0.4565643397545279 __DUMMY__ 0.06717339219777468	false	0.5
erschrecken	neg 1.0		off 0.48261898056340596 neg 0.44956410388134344 __DUMMY__ 0.06781691555525055	false	0.5
opfer	neg 1.0		off 0.47344601511492085 neg 0.4583158620979746 __DUMMY__ 0.06823812278710455	false	0.5
sinken	neg 1.0		off 0.4706480615403783 neg 0.4607029814135122 __DUMMY__ 0.06864895704610958	false	0.5
stinktier	neg 1.0		off 0.48276690942543377 neg 0.45081100880436986 __DUMMY__ 0.0664220817701964	false	0.5
tucke	off 1.0		off 0.48859017230915347 neg 0.4449835078052492 __DUMMY__ 0.06642631988559744	false	1.0
ein			off 0.47883777846352327 neg 0.4531753947189576 __DUMMY__ 0.06798682681751896	false	0.0
abstieg	neg 1.0		off 0.47326829240907214 neg 0.4582830023027731 __DUMMY__ 0.06844870528815485	false	0.5
missverstehen	neg 1.0		off 0.47788843970686906 neg 0.4547354508131794 __DUMMY__ 0.06737610947995161	false	0.5
ergebnislos	neg 1.0		off 0.472881048666438 neg 0.45865137764800407 __DUMMY__ 0.06846757368555785	false	0.5
unter			off 0.4666720301228511 neg 0.46402583451055956 __DUMMY__ 0.06930213536658943	false	0.0
manipulieren	neg 1.0		off 0.4714933995962525 neg 0.46015539615049056 __DUMMY__ 0.06835120425325694	false	0.5
unbewiesen	neg 1.0		off 0.4731734988187332 neg 0.4594327257585294 __DUMMY__ 0.06739377542273751	false	0.5
verschleppen	neg 1.0		off 0.4731150985819702 neg 0.4587830591455619 __DUMMY__ 0.0681018422724678	false	0.5
weib	off 1.0		off 0.48704481189656246 neg 0.44667694013073533 __DUMMY__ 0.06627824797270226	false	1.0
opposition	neg 1.0		off 0.47759767278281096 neg 0.4547352649837045 __DUMMY__ 0.06766706223348454	false	0.5
verkehrswidrig	neg 1.0		off 0.4895907056367239 neg 0.4426124085174145 __DUMMY__ 0.06779688584586155	false	0.5
inkorrekt	neg 1.0		off 0.4832959807996625 neg 0.4497882117750892 __DUMMY__ 0.06691580742524832	false	0.5
vermeiden	neg 1.0	neg 1.0	neg 0.7168919332040908 off 0.2501550869782819 __DUMMY__ 0.03295297981762726	false	1.0
abweichung	neg 1.0		off 0.4728416766393066 neg 0.4590119016227364 __DUMMY__ 0.06814642173795717	false	0.5
alkoholisiert	neg 1.0		off 0.4736800185226318 neg 0.45786122870736695 __DUMMY__ 0.06845875277000121	false	0.5
scheiss	off 1.0	off 1.0	off 0.7273762502242671 neg 0.24048847080513872 __DUMMY__ 0.03213527897059408	false	1.0
herausforderung	neg 1.0		off 0.47192108697455193 neg 0.45975641297211656 __DUMMY__ 0.06832250005333158	false	0.5
pervers	off 1.0		off 0.49177526695824697 neg 0.44180712588381016 __DUMMY__ 0.06641760715794288	false	1.0
wackelig	neg 1.0		off 0.47775857590744847 neg 0.4536701972216361 __DUMMY__ 0.0685712268709155	false	0.5
verwickeln	neg 1.0		off 0.4773575148901738 neg 0.4552193839504513 __DUMMY__ 0.06742310115937497	false	0.5
vorwand	neg 1.0		off 0.47064760432538894 neg 0.46111450032798595 __DUMMY__ 0.06823789534662515	false	0.5
muschi	off 1.0		off 0.47691070127791013 neg 0.4549414911485466 __DUMMY__ 0.06814780757354323	false	1.0
entmutigung	neg 1.0		off 0.47799416819442336 neg 0.4541532976214991 __DUMMY__ 0.06785253418407743	false	0.5
unangemessen	neg 1.0		off 0.4730691027841627 neg 0.459218998258102 __DUMMY__ 0.06771189895773534	false	0.5
unstetig	neg 1.0		off 0.4804170375515453 neg 0.4517321794466899 __DUMMY__ 0.06785078300176477	false	0.5
entmutigen	neg 1.0		off 0.4777474695858674 neg 0.4543905973312503 __DUMMY__ 0.06786193308288227	false	0.5
schwanz	neg 1.0		off 0.474380655466741 neg 0.4573062074639441 __DUMMY__ 0.06831313706931492	false	0.5
verbot	neg 1.0		off 0.47340558780122305 neg 0.4585239890762469 __DUMMY__ 0.06807042312252999	false	0.5
leid	neg 1.0		off 0.4867765739642388 neg 0.44632441947816576 __DUMMY__ 0.06689900655759536	false	0.5
archaisch	neg 1.0		off 0.4751377250535565 neg 0.4568742930228168 __DUMMY__ 0.06798798192362661	false	0.5
gegen			off 0.4706749393527322 neg 0.46067046399695705 __DUMMY__ 0.0686545966503109	false	0.0
scheidung	neg 1.0		off 0.4998792713871002 neg 0.43334067702092705 __DUMMY__ 0.06678005159197281	false	0.5
einschlag	neg 1.0		off 0.48520456850705707 neg 0.44745051350837245 __DUMMY__ 0.06734491798457042	false	0.5
m			off 0.47575975838646256 neg 0.4559100611563251 __DUMMY__ 0.06833018045721237	false	0.0
abgestanden	neg 1.0		off 0.47700590188303577 neg 0.4552496768427933 __DUMMY__ 0.06774442127417098	false	0.5
schmierig	off 1.0		off 0.4872652096447339 neg 0.4455705998225757 __DUMMY__ 0.06716419053269028	false	1.0
unpraktisch	neg 1.0		off 0.47935801339408574 neg 0.4526900293099043 __DUMMY__ 0.06795195729600978	false	0.5
wixxer	off 1.0		off 0.4905766370286227 neg 0.443256480002964 __DUMMY__ 0.06616688296841322	false	1.0
bezeichnet			off 0.4751765097389408 neg 0.45717745363605544 __DUMMY__ 0.06764603662500383	false	0.0
jammerlappen	off 1.0		off 0.48265854001246816 neg 0.44964967812765894 __DUMMY__ 0.06769178185987289	false	1.0
farce	neg 1.0		off 0.47450620317654746 neg 0.45749692255045576 __DUMMY__ 0.06799687427299676	false	0.5
zwecklos	neg 1.0		off 0.4736550638378343 neg 0.45845344924556913 __DUMMY__ 0.06789148691659648	false	0.5
turbulent	neg 1.0		off 0.4824312948657314 neg 0.4503113042142409 __DUMMY__ 0.0672574009200277	false	0.5
invasion	neg 1.0		off 0.47894912623411495 neg 0.4532581144087859 __DUMMY__ 0.0677927593570993	false	0.5
schuld	neg 1.0		off 0.4769751001085416 neg 0.4553341008640706 __DUMMY__ 0.06769079902738774	false	0.5
risiko	neg 1.0	neg 1.0	neg 0.7114670202194052 off 0.25594972244639935 __DUMMY__ 0.032583257334195447	false	1.0
finster	neg 1.0		off 0.4772508600084784 neg 0.455122510074153 __DUMMY__ 0.06762662991736852	false	0.5
geisteskrank	off 1.0		off 0.4809842130182117 neg 0.4520474214916079 __DUMMY__ 0.06696836549018044	false	1.0
zusammenbrechen	neg 1.0		off 0.47507262783431636 neg 0.4568277142802707 __DUMMY__ 0.06809965788541301	false	0.5
ausbeute	neg 1.0		off 0.4787251846596024 neg 0.45218758724113944 __DUMMY__ 0.06908722809925819	false	0.5
hinterhalt	neg 1.0		off 0.48031388209860515 neg 0.45077397802278607 __DUMMY__ 0.06891213987860878	false	0.5
kritik	neg 1.0		off 0.47392493849622525 neg 0.4581243488914999 __DUMMY__ 0.06795071261227485	false	0.5
einschrumpfen	neg 1.0		off 0.47991208068688274 neg 0.4526329276360442 __DUMMY__ 0.06745499167707317	false	0.5
riskant	neg 1.0		off 0.47121666774417564 neg 0.4607180073021652 __DUMMY__ 0.06806532495365906	false	0.5
frustrieren	neg 1.0		off 0.4726437890518532 neg 0.4592698191814012 __DUMMY__ 0.0680863917667455	false	0.5
groll	neg 1.0		off 0.47309570591715033 neg 0.4589931896264719 __DUMMY__ 0.06791110445637774	false	0.5
gibt			off 0.4753970382202908 neg 0.4564610099977368 __DUMMY__ 0.06814195178197245	false	0.0
qualvoll	neg 1.0		off 0.4807807203347347 neg 0.45140211178377176 __DUMMY__ 0.06781716788149353	false	0.5
wackeln	neg 1.0		off 0.4798893345455246 neg 0.4518795545137756 __DUMMY__ 0.0682311109406998	false	0.5
klagen	neg 1.0		off 0.46937811560972914 neg 0.46220326383010846 __DUMMY__ 0.06841862056016251	false	0.5
bankrott	neg 1.0		off 0.482686765823839 neg 0.44947406734183265 __DUMMY__ 0.0678391668343283	false	0.5
trauern	neg 1.0		off 0.4747686161260723 neg 0.4566739382456962 __DUMMY__ 0.06855744562823153	false	0.5
ablehnung	neg 1.0		off 0.47344721670395706 neg 0.45860958027929427 __DUMMY__ 0.06794320301674871	false	0.5
stur	neg 1.0		off 0.477418754040114 neg 0.454863647142019 __DUMMY__ 0.06771759881786693	false	0.5
aufruhr	neg 1.0		off 0.4763889206244469 neg 0.4554747999402817 __DUMMY__ 0.06813627943527137	false	0.5
melancholie	neg 1.0		off 0.47508545847140715 neg 0.45655058063227655 __DUMMY__ 0.06836396089631637	false	0.5
ist			off 0.4792238349450061 neg 0.4529222994354033 __DUMMY__ 0.06785386561959068	false	0.0
torheit	neg 1.0		off 0.4770453596031369 neg 0.4550530805814592 __DUMMY__ 0.06790155981540381	false	0.5
dreckskind	off 1.0		off 0.4861602971419142 neg 0.447282988098006 __DUMMY__ 0.06655671476007972	false	1.0
umtauschen	neg 1.0		off 0.47749855362939064 neg 0.4544162542147821 __DUMMY__ 0.06808519215582738	false	0.5
zum			off 0.47169778001463475 neg 0.45895970805642156 __DUMMY__ 0.06934251192894371	false	0.0
zersetzen	neg 1.0		off 0.4701645343259489 neg 0.4617513964562053 __DUMMY__ 0.06808406921784593	false	0.5
zur			off 0.4690454529008051 neg 0.4618846197735165 __DUMMY__ 0.06906992732567835	false	0.0
frust	neg 1.0		off 0.47544648996216143 neg 0.45638405212242955 __DUMMY__ 0.06816945791540907	false	0.5
unerbittlichkeit	neg 1.0		off 0.4711679541386574 neg 0.46057398162864227 __DUMMY__ 0.06825806423270023	false	0.5
zwei			off 0.4722536339506498 neg 0.4585815287298319 __DUMMY__ 0.06916483731951849	false	0.0
unkorrekt	neg 1.0		off 0.48431163861252075 neg 0.44852394600522066 __DUMMY__ 0.06716441538225865	false	0.5
hexe	off 1.0		off 0.4803453023831389 neg 0.45247130203985947 __DUMMY__ 0.06718339557700162	false	1.0
lasch	neg 1.0		off 0.47920863015412046 neg 0.4534314693741722 __DUMMY__ 0.06735990047170742	false	0.5
rivale	neg 1.0		off 0.4840571398319811 neg 0.4486154172222973 __DUMMY__ 0.06732744294572153	false	0.5
mutlos	off 1.0	off 1.0	off 0.7214394318141215 neg 0.24607781205419502 __DUMMY__ 0.0324827561316834	false	1.0
wirr	off 1.0		off 0.48411197628214525 neg 0.4489670533541835 __DUMMY__ 0.06692097036367121	false	1.0
jahr			off 0.4763338615492726 neg 0.4544267762160098 __DUMMY__ 0.06923936223471763	false	0.0
wird			off 0.473944331779221 neg 0.4578931518993094 __DUMMY__ 0.06816251632146958	false	0.0
strafbar	neg 1.0		off 0.471654989188091 neg 0.46030941760467914 __DUMMY__ 0.06803559320722986	false	0.5
erosion	neg 1.0		off 0.4785895711675856 neg 0.4531912180384155 __DUMMY__ 0.06821921079399887	false	0.5
eingehen	neg 1.0		off 0.4719746444800801 neg 0.4599925666697634 __DUMMY__ 0.06803278885015651	false	0.5
faul	off 1.0		off 0.4826056132723862 neg 0.44957982913083033 __DUMMY__ 0.06781455759678344	false	1.0
provisorium	neg 1.0		off 0.46825334389271994 neg 0.4623234831351192 __DUMMY__ 0.0694231729721609	false	0.5
schmerzen	neg 1.0		off 0.47510685478466874 neg 0.45703738127445365 __DUMMY__ 0.06785576394087763	false	0.5
schrumpfen	neg 1.0		off 0.4665327784120683 neg 0.4649051428878161 __DUMMY__ 0.06856207870011556	false	0.5
geistlos	off 1.0		off 0.47665721880050166 neg 0.45611333403161214 __DUMMY__ 0.0672294471678862	false	1.0
fehlkauf	neg 1.0		off 0.47970290502096596 neg 0.4523385794242351 __DUMMY__ 0.0679585155547988	false	0.5
frustrierend	neg 1.0		off 0.48078810428843594 neg 0.45158851535487204 __DUMMY__ 0.06762338035669196	false	0.5
unzufrieden	neg 1.0		off 0.47317784799082147 neg 0.45893127598948763 __DUMMY__ 0.06789087601969096	false	0.5
verzweifeln	neg 1.0		off 0.4757837882214755 neg 0.4562133429003868 __DUMMY__ 0.06800286887813785	false	0.5
verzweifelt	neg 1.0	neg 1.0	neg 0.7134054394758681 off 0.25433504905227505 __DUMMY__ 0.032259511471856864	false	1.0
misstrauensantrag	neg 1.0		off 0.47929403498771267 neg 0.45290869752180535 __DUMMY__ 0.06779726749048204	false	0.5
abfallen	neg 1.0		off 0.4796505159367799 neg 0.45218230686206956 __DUMMY__ 0.06816717720115047	false	0.5
fucker	off 1.0		off 0.4857064811404291 neg 0.44679153084233764 __DUMMY__ 0.06750198801723341	false	1.0
ungezogen	neg 1.0		off 0.49129249545042375 neg 0.4421521560713277 __DUMMY__ 0.06655534847824843	false	0.5
irrsinnig	neg 1.0	neg 1.0	neg 0.7131077033950112 off 0.2545853744399431 __DUMMY__ 0.03230692216504582	false	1.0
unfassbar	neg 1.0		off 0.48378183433044397 neg 0.44863064434565136 __DUMMY__ 0.06758752132390468	false	0.5
hart	neg 1.0		off 0.48266977648509596 neg 0.44984883282706734 __DUMMY__ 0.0674813906878368	false	0.5
widerlich	off 1.0		off 0.48225020939726104 neg 0.4505747508771558 __DUMMY__ 0.06717503972558296	false	1.0
fatal	neg 1.0		off 0.4795834951900716 neg 0.452588573931512 __DUMMY__ 0.06782793087841642	false	0.5
bruch	neg 1.0		off 0.4706676454489934 neg 0.4607889860987812 __DUMMY__ 0.06854336845222529	false	0.5
aushungern	neg 1.0		off 0.47506200225036704 neg 0.45679408241471575 __DUMMY__ 0.06814391533491732	false	0.5
anspannung	neg 1.0		off 0.4709007263801951 neg 0.45989934807345123 __DUMMY__ 0.06919992554635371	false	0.5
von			off 0.47736239193434 neg 0.4532250822369001 __DUMMY__ 0.06941252582875992	false	0.0
kraftlos	neg 1.0		off 0.475522522463029 neg 0.4561891316149456 __DUMMY__ 0.06828834592202546	false	0.5
vom			off 0.4701942955754876 neg 0.46018427758605657 __DUMMY__ 0.06962142683845587	false	0.0
grenzdebil	off 1.0		off 0.4842759869246908 neg 0.4481422123715936 __DUMMY__ 0.06758180070371562	false	1.0
vor			off 0.4724794382932417 neg 0.4588233572227628 __DUMMY__ 0.06869720448399547	false	0.0
unterwerfen	neg 1.0		off 0.47300173326656886 neg 0.45882356467565505 __DUMMY__ 0.06817470205777615	false	0.5
versenkung	neg 1.0		off 0.47462905047857284 neg 0.4569362553276415 __DUMMY__ 0.06843469419378566	false	0.5
entziehen	neg 1.0		off 0.469997702225354 neg 0.46159914215516634 __DUMMY__ 0.06840315561947972	false	0.5
finanzkrise	neg 1.0		off 0.474713041077261 neg 0.4574391681604196 __DUMMY__ 0.0678477907623195	false	0.5
schimpfend	neg 1.0		off 0.4793174999312162 neg 0.45286155626507074 __DUMMY__ 0.06782094380371302	false	0.5
profan	neg 1.0		off 0.4792182274629594 neg 0.4531370749875973 __DUMMY__ 0.06764469754944334	false	0.5
korruption	neg 1.0		off 0.47325994046865083 neg 0.45864255002661997 __DUMMY__ 0.06809750950472922	false	0.5
â			off 0.475661180612363 neg 0.45589808305613677 __DUMMY__ 0.06844073633150016	false	0.0
schmutzig	neg 1.0		off 0.4852737314396436 neg 0.44708391515447377 __DUMMY__ 0.06764235340588269	false	0.5
sexy	neg 1.0		off 0.4817537090212804 neg 0.4503864112450808 __DUMMY__ 0.06785987973363893	false	0.5
abraten	neg 1.0		off 0.47931781635223186 neg 0.45285422105135786 __DUMMY__ 0.06782796259641025	false	0.5
schwarz	neg 1.0		off 0.47873574021619536 neg 0.4534114720074074 __DUMMY__ 0.06785278777639735	false	0.5
fotze	off 1.0	off 1.0	off 0.7239282666936219 neg 0.2434191851691591 __DUMMY__ 0.032652548137218976	false	1.0
verwirren	neg 1.0		off 0.4800552077200363 neg 0.45225847544465764 __DUMMY__ 0.06768631683530604	false	0.5
zahnlos	off 1.0		off 0.4746633984578369 neg 0.4573880182342607 __DUMMY__ 0.06794858330790239	false	1.0
verheeren	neg 1.0		off 0.49364125266878484 neg 0.4396865195634612 __DUMMY__ 0.06667222776775401	false	0.5
hippie	neg 1.0		off 0.4812389940208722 neg 0.4508970150763469 __DUMMY__ 0.06786399090278084	false	0.5
rammen	neg 1.0		off 0.47774586057712376 neg 0.4545913351480006 __DUMMY__ 0.0676628042748756	false	0.5
unlauter	neg 1.0		off 0.47608314250191297 neg 0.45636381931707737 __DUMMY__ 0.0675530381810098	false	0.5
unheilvoll	neg 1.0		off 0.47979337765738367 neg 0.4522679339251146 __DUMMY__ 0.0679386884175019	false	0.5
niedrig	neg 1.0		off 0.47058209540643214 neg 0.4614173979056935 __DUMMY__ 0.06800050668787427	false	0.5
explosion	neg 1.0		off 0.48009382050970767 neg 0.4521244349740018 __DUMMY__ 0.0677817445162907	false	0.5
weichei	off 1.0	off 1.0	off 0.7299663281543648 neg 0.2381802653129858 __DUMMY__ 0.03185340653264941	false	1.0
minusmensch	off 1.0		off 0.48845981848534487 neg 0.4451345209376861 __DUMMY__ 0.0664056605769691	false	1.0
farblos	neg 1.0		off 0.477570343273166 neg 0.4543232340432521 __DUMMY__ 0.06810642268358197	false	0.5
unwissend	neg 1.0	neg 1.0	neg 0.7112156135122386 off 0.2566530365493563 __DUMMY__ 0.03213134993840504	false	1.0
traurig	neg 1.0		off 0.4861505761991087 neg 0.44646436675026163 __DUMMY__ 0.0673850570506298	false	0.5
senkung	neg 1.0		off 0.4782587690181995 neg 0.45426142646290585 __DUMMY__ 0.06747980451889467	false	0.5
ungleich	neg 1.0	neg 1.0	neg 0.7163597421172054 off 0.25113454823589754 __DUMMY__ 0.03250570964689709	false	1.0
heikel	neg 1.0		off 0.4711635956352731 neg 0.4607754653862529 __DUMMY__ 0.06806093897847403	false	0.5
drosselung	neg 1.0		off 0.48345025661449864 neg 0.4490881208467096 __DUMMY__ 0.06746162253879168	false	0.5
falsch	neg 1.0		off 0.48044802507736767 neg 0.4520430697931247 __DUMMY__ 0.06750890512950757	false	0.5
unzufriedenheit	neg 1.0		off 0.47053930582055026 neg 0.4611395079614053 __DUMMY__ 0.06832118621804437	false	0.5
kurz	neg 1.0		off 0.4778398784856036 neg 0.45370496282461836 __DUMMY__ 0.06845515868977811	false	0.5
unsinnig	neg 1.0		off 0.473910246752536 neg 0.45832185878643256 __DUMMY__ 0.06776789446103144	false	0.5
penner	off 1.0	off 1.0	off 0.7309926644744311 neg 0.23717273289706797 __DUMMY__ 0.03183460262850091	false	1.0
seicht	neg 1.0		off 0.48923989301124077 neg 0.4444014328490871 __DUMMY__ 0.06635867413967197	false	0.5
dummheit	off 1.0	off 1.0	off 0.725363551351312 neg 0.24245739304634575 __DUMMY__ 0.032179055602342264	false	1.0
unerfreulich	neg 1.0		off 0.4714750056540193 neg 0.460218063841158 __DUMMY__ 0.06830693050482285	false	0.5
motherfucker	off 1.0	off 1.0	off 0.7285827734113759 neg 0.23923632834241873 __DUMMY__ 0.03218089824620542	false	1.0
pikiert	neg 1.0		off 0.4820433443060486 neg 0.45063099517993244 __DUMMY__ 0.06732566051401884	false	0.5
wrack	neg 1.0		off 0.47634361111944384 neg 0.45528539004950236 __DUMMY__ 0.06837099883105374	false	0.5
gangster	neg 1.0		off 0.4812398728559676 neg 0.4509130514862426 __DUMMY__ 0.06784707565778969	false	0.5
krank	neg 1.0		off 0.4845332096344025 neg 0.4478534261452987 __DUMMY__ 0.06761336422029883	false	0.5
reich	neg 1.0		off 0.48405873279769446 neg 0.4481235130589459 __DUMMY__ 0.06781775414335964	false	0.5
gnadenlos	neg 1.0		off 0.47767821322330345 neg 0.4545324112570475 __DUMMY__ 0.06778937551964906	false	0.5
niedergeschlagen	neg 1.0		off 0.4762700785746694 neg 0.45555391579819454 __DUMMY__ 0.06817600562713591	false	0.5
terrorisieren	off 1.0	off 1.0	off 0.7224359351714446 neg 0.24494364695249338 __DUMMY__ 0.03262041787606207	false	1.0
sinnlosigkeit	neg 1.0		off 0.47434702660734007 neg 0.4576435664232257 __DUMMY__ 0.06800940696943437	false	0.5
behindern	neg 1.0		off 0.47685539384374753 neg 0.45503384641516587 __DUMMY__ 0.06811075974108662	false	0.5
undemokratisch	neg 1.0		off 0.47726164488773637 neg 0.4549442645818259 __DUMMY__ 0.06779409053043765	false	0.5
wirtschaftskrise	neg 1.0		off 0.47278129488840936 neg 0.45916694249138257 __DUMMY__ 0.06805176262020808	false	0.5
neid	neg 1.0		off 0.4822149425433197 neg 0.4499571732315276 __DUMMY__ 0.06782788422515273	false	0.5
rutschen	neg 1.0		off 0.47248940108545023 neg 0.458278349531073 __DUMMY__ 0.06923224938347672	false	0.5
rezession	neg 1.0		off 0.48191841791752804 neg 0.4514812981415018 __DUMMY__ 0.0666002839409702	false	0.5
fehlgeburt	neg 1.0		off 0.47989261233155833 neg 0.4521292738358851 __DUMMY__ 0.0679781138325567	false	0.5
charakterschwach	off 1.0		off 0.4820213876299575 neg 0.4507888455035841 __DUMMY__ 0.06718976686645833	false	1.0
isolation	neg 1.0		off 0.4811920691277444 neg 0.4510632671258414 __DUMMY__ 0.06774466374641419	false	0.5
ablenkung	neg 1.0		off 0.4781000642103006 neg 0.45378327062401047 __DUMMY__ 0.06811666516568882	false	0.5
pech	neg 1.0		off 0.4809591694777457 neg 0.45139557571418026 __DUMMY__ 0.06764525480807394	false	0.5
vermeidung	neg 1.0		off 0.4841478361867987 neg 0.44830020485989874 __DUMMY__ 0.06755195895330261	false	0.5
dominieren	neg 1.0		off 0.47400337473298576 neg 0.45761938857709483 __DUMMY__ 0.06837723668991945	false	0.5
schwindlig	neg 1.0		off 0.4808181711340898 neg 0.4511783225825128 __DUMMY__ 0.06800350628339748	false	0.5
lutscher	neg 1.0		off 0.4904777988632755 neg 0.4430809625978787 __DUMMY__ 0.06644123853884588	false	0.5
pflicht	neg 1.0		off 0.47043555372649026 neg 0.46133984725171195 __DUMMY__ 0.06822459902179766	false	0.5
faschist	off 1.0		off 0.48031060158320527 neg 0.4519903659391723 __DUMMY__ 0.06769903247762248	false	1.0
verschleudern	neg 1.0		off 0.4711147532600187 neg 0.460810680993917 __DUMMY__ 0.06807456574606438	false	0.5
wenn			off 0.48121796382713694 neg 0.4511787160551624 __DUMMY__ 0.06760332011770079	false	0.0
ehebruch	neg 1.0		off 0.47349661867032705 neg 0.4583514301732787 __DUMMY__ 0.06815195115639434	false	0.5
spott	off 1.0		off 0.4725369844549475 neg 0.45935445672874053 __DUMMY__ 0.06810855881631192	false	1.0
trostlosigkeit	neg 1.0		off 0.4721063860218796 neg 0.45927252821327164 __DUMMY__ 0.06862108576484877	false	0.5
lutschen	neg 1.0		off 0.4802137901516481 neg 0.4522337354875238 __DUMMY__ 0.06755247436082809	false	0.5
undiszipliniert	neg 1.0		off 0.48456093653095905 neg 0.44819591150696264 __DUMMY__ 0.06724315196207836	false	0.5
kopfschmerz	neg 1.0		off 0.47429893055875827 neg 0.4577450883679648 __DUMMY__ 0.06795598107327679	false	0.5
unvorhergesehen	neg 1.0		off 0.4753938507781025 neg 0.4558039260457819 __DUMMY__ 0.06880222317611558	false	0.5
desinteressiert	neg 1.0	neg 1.0	neg 0.7097331747094507 off 0.25818502892066436 __DUMMY__ 0.03208179636988498	false	1.0
armselig	off 1.0		off 0.4837536904164767 neg 0.44928777266914915 __DUMMY__ 0.06695853691437427	false	1.0
desaster	neg 1.0		off 0.4695134705933496 neg 0.46198600912220783 __DUMMY__ 0.06850052028444263	false	0.5
tod	neg 1.0		off 0.47690756846752974 neg 0.45446382957000286 __DUMMY__ 0.06862860196246737	false	0.5
herzlos	neg 1.0		off 0.4849793979746701 neg 0.44784954052147874 __DUMMY__ 0.0671710615038513	false	0.5
unwissenheit	neg 1.0		off 0.4736209185706452 neg 0.45840827189779015 __DUMMY__ 0.06797080953156452	false	0.5
widersinnig	neg 1.0		off 0.47154720872110784 neg 0.46084293508199414 __DUMMY__ 0.06760985619689794	false	0.5
bedenklich	neg 1.0		off 0.4723141964126159 neg 0.4597133767610429 __DUMMY__ 0.06797242682634108	false	0.5
beanstanden	neg 1.0		off 0.4703690908207535 neg 0.46133355547465715 __DUMMY__ 0.06829735370458943	false	0.5
panisch	neg 1.0	neg 1.0	neg 0.7102417540645887 off 0.2571748328911366 __DUMMY__ 0.032583413044274825	false	1.0
debil	off 1.0		off 0.46801295631761813 neg 0.46281426749972343 __DUMMY__ 0.06917277618265845	false	1.0
abstrich	neg 1.0		off 0.4806687699649207 neg 0.4505844992066613 __DUMMY__ 0.06874673082841792	false	0.5
primitiv	neg 1.0		off 0.4821502401844057 neg 0.4507353852908394 __DUMMY__ 0.06711437452475495	false	0.5
abschaum	off 1.0	off 1.0	off 0.7269384252869996 neg 0.24091679441755928 __DUMMY__ 0.03214478029544118	false	1.0
provozieren	neg 1.0		off 0.47619785329532616 neg 0.4562167532404504 __DUMMY__ 0.06758539346422336	false	0.5
tot	neg 1.0		off 0.4743008871590311 neg 0.457603237464876 __DUMMY__ 0.06809587537609287	false	0.5
instabil	neg 1.0		off 0.4847491083996741 neg 0.44801674587099843 __DUMMY__ 0.06723414572932741	false	0.5
schwuchtel	off 1.0	off 1.0	off 0.7333700570420364 neg 0.23515119177716148 __DUMMY__ 0.03147875118080199	false	1.0
zerren	neg 1.0		off 0.47569211291131813 neg 0.4560937663783406 __DUMMY__ 0.06821412071034123	false	0.5
kinderficker	off 1.0		off 0.4879236748914772 neg 0.4450524361462795 __DUMMY__ 0.06702388896224329	false	1.0
gefahr	neg 1.0		off 0.4716055667004224 neg 0.4598586308537032 __DUMMY__ 0.06853580244587443	false	0.5
rabiat	neg 1.0		off 0.47739234389997803 neg 0.4546213003178608 __DUMMY__ 0.0679863557821612	false	0.5
verlangsamung	neg 1.0		off 0.4863646777178145 neg 0.44725738542998755 __DUMMY__ 0.06637793685219806	false	0.5
ausgestorben	neg 1.0		off 0.4776879991514023 neg 0.4541969262844247 __DUMMY__ 0.06811507456417293	false	0.5
anklagen	neg 1.0		off 0.47426484407665404 neg 0.45753089013313447 __DUMMY__ 0.0682042657902115	false	0.5
trott	neg 1.0		off 0.47726345946471393 neg 0.4546361194081799 __DUMMY__ 0.06810042112710618	false	0.5
verminderung	neg 1.0		off 0.48313956204413105 neg 0.44956033873635753 __DUMMY__ 0.06730009921951138	false	0.5
nach			off 0.47103981090738656 neg 0.4596741562053315 __DUMMY__ 0.06928603288728194	false	0.0
rost	neg 1.0		off 0.48761689925602997 neg 0.4455212631011663 __DUMMY__ 0.06686183764280372	false	0.5
destruktiv	neg 1.0		off 0.4751581679563337 neg 0.4571357674276746 __DUMMY__ 0.0677060646159917	false	0.5
unzumutbarkeit	neg 1.0		off 0.4835070877826744 neg 0.4488220237288097 __DUMMY__ 0.06767088848851582	false	0.5
labil	off 1.0	off 1.0	off 0.726932314908703 neg 0.24082382003766986 __DUMMY__ 0.032243865053627044	false	1.0
ziemlich	neg 1.0		off 0.48409177578440343 neg 0.4482364568492628 __DUMMY__ 0.06767176736633372	false	0.5
lachnummer	off 1.0		off 0.47614050719378775 neg 0.4561416842152052 __DUMMY__ 0.06771780859100707	false	1.0
oder			off 0.47899750565730487 neg 0.45293094998878913 __DUMMY__ 0.06807154435390585	false	0.0
verfall	neg 1.0		off 0.4676530444216095 neg 0.46361541513773136 __DUMMY__ 0.06873154044065924	false	0.5
ausgrenzung	neg 1.0		off 0.4782041926511607 neg 0.45399348115318533 __DUMMY__ 0.06780232619565386	false	0.5
unordnung	neg 1.0		off 0.48783717946600014 neg 0.44438115631142305 __DUMMY__ 0.06778166422257671	false	0.5
fehlverhalten	neg 1.0		off 0.4700515144412923 neg 0.46193373533999216 __DUMMY__ 0.06801475021871568	false	0.5
eine			off 0.4725336251408013 neg 0.4589062072768722 __DUMMY__ 0.06856016758232643	false	0.0
nille	neg 1.0		off 0.4778486776750933 neg 0.45392977747650765 __DUMMY__ 0.06822154484839897	false	0.5
qual	neg 1.0		off 0.4768677969908112 neg 0.4549997829831033 __DUMMY__ 0.06813242002608565	false	0.5
verschwenden	neg 1.0		off 0.4717307518995992 neg 0.46025830039881 __DUMMY__ 0.06801094770159084	false	0.5
riesig	neg 1.0		off 0.47490989998221145 neg 0.456673547304542 __DUMMY__ 0.06841655271324663	false	0.5
verurteilen	neg 1.0		off 0.4726920132991936 neg 0.45946581411876053 __DUMMY__ 0.067842172582046	false	0.5
klischee	neg 1.0	neg 1.0	neg 0.7118554679103594 off 0.2559538549370555 __DUMMY__ 0.032190677152585126	false	1.0
diktatorisch	neg 1.0		off 0.47716340921424966 neg 0.4551059437478893 __DUMMY__ 0.06773064703786122	false	0.5
vorhersehbar	neg 1.0		off 0.4784503176534358 neg 0.45414967120173744 __DUMMY__ 0.0674000111448268	false	0.5
sowie			off 0.4868895615885003 neg 0.4461296223679309 __DUMMY__ 0.06698081604356876	false	0.0
stornieren	neg 1.0		off 0.4830046268657553 neg 0.44851200977652095 __DUMMY__ 0.06848336335772377	false	0.5
besteuerung	neg 1.0		off 0.47520197751058746 neg 0.45732158354014313 __DUMMY__ 0.06747643894926947	false	0.5
ungeschminkt	neg 1.0		off 0.4815791571370472 neg 0.4513738510706463 __DUMMY__ 0.06704699179230655	false	0.5
kritisch	neg 1.0		off 0.4724258603842581 neg 0.4595139430288064 __DUMMY__ 0.06806019658693557	false	0.5
schlamperei	off 1.0		off 0.4727023099651624 neg 0.4588799878304664 __DUMMY__ 0.06841770220437107	false	1.0
sucht	neg 1.0	neg 1.0	neg 0.7095392549195428 off 0.2575675956100026 __DUMMY__ 0.03289314947045459	false	1.0
egoistisch	off 1.0		off 0.48653644858580186 neg 0.44672557341690683 __DUMMY__ 0.0667379779972913	false	1.0
ausbeuter	off 1.0		off 0.4694196788317575 neg 0.4626731819586553 __DUMMY__ 0.06790713920958716	false	1.0
arschgeburt	off 1.0		off 0.4922461073164282 neg 0.44187412312008006 __DUMMY__ 0.06587976956349167	false	1.0
schubs	neg 1.0		off 0.475670204458519 neg 0.4561749473661637 __DUMMY__ 0.06815484817531736	false	0.5
unsolide	neg 1.0		off 0.4772486094952026 neg 0.45518689365805387 __DUMMY__ 0.06756449684674372	false	0.5
beschwerde	neg 1.0		off 0.4725401223399725 neg 0.4592709988406195 __DUMMY__ 0.06818887881940787	false	0.5
stocken	neg 1.0		off 0.47290225354491316 neg 0.4587376019611511 __DUMMY__ 0.06836014449393582	false	0.5
isolieren	neg 1.0		off 0.47380446385948954 neg 0.45804827128531894 __DUMMY__ 0.06814726485519136	false	0.5
unheilbar	neg 1.0		off 0.4774369487702859 neg 0.45460857655769715 __DUMMY__ 0.06795447467201696	false	0.5
pisser	off 1.0		off 0.48430425936760885 neg 0.44855270142739817 __DUMMY__ 0.06714303920499308	false	1.0
löschen	neg 1.0		off 0.47762296485472516 neg 0.45429110628214525 __DUMMY__ 0.06808592886312968	false	0.5
durchfallen	neg 1.0		off 0.4720253140634641 neg 0.46015150356061235 __DUMMY__ 0.0678231823759236	false	0.5
wichser	off 1.0	off 1.0	off 0.732467573519141 neg 0.2358498502788434 __DUMMY__ 0.03168257620201544	false	1.0
terror	neg 1.0		off 0.48096093351169394 neg 0.4511739263028504 __DUMMY__ 0.06786514018545578	false	0.5
krass	neg 1.0		off 0.4859646607725514 neg 0.44689861983713747 __DUMMY__ 0.06713671939031117	false	0.5
revolte	neg 1.0		off 0.47959732455911636 neg 0.4524946459041112 __DUMMY__ 0.06790802953677247	false	0.5
besorgt	neg 1.0		off 0.4784801544134848 neg 0.4528855867803072 __DUMMY__ 0.06863425880620792	false	0.5
nachlassen	neg 1.0		off 0.47446679163870975 neg 0.4569218044960371 __DUMMY__ 0.0686114038652531	false	0.5
alt	neg 1.0		off 0.4741578312405302 neg 0.4577963924580492 __DUMMY__ 0.0680457763014206	false	0.5
hundesohn	off 1.0		off 0.4909967146675852 neg 0.4424726373617823 __DUMMY__ 0.0665306479706324	false	1.0
als			off 0.4749071278868539 neg 0.45698338076960143 __DUMMY__ 0.06810949134354473	false	0.0
abschreckung	neg 1.0		off 0.4701151466493779 neg 0.46157665167780126 __DUMMY__ 0.06830820167282085	false	0.5
unqualifiziert	neg 1.0		off 0.47892780451796624 neg 0.45379079884626355 __DUMMY__ 0.0672813966357701	false	0.5
abgewichst	off 1.0		off 0.4771766713734357 neg 0.45455694764094595 __DUMMY__ 0.0682663809856183	false	1.0
schwer	neg 1.0		off 0.4759470643248997 neg 0.45614992273413457 __DUMMY__ 0.06790301294096573	false	0.5
bedeutungslosigkeit	neg 1.0		off 0.4713006192815429 neg 0.4604447635964752 __DUMMY__ 0.06825461712198184	false	0.5
kapitulation	neg 1.0		off 0.47337979576912614 neg 0.45833232562559345 __DUMMY__ 0.06828787860528053	false	0.5
unscharf	neg 1.0		off 0.47844248852330323 neg 0.45404098912285973 __DUMMY__ 0.06751652235383694	false	0.5
schwinden	neg 1.0		off 0.47179662641497194 neg 0.45981063041270614 __DUMMY__ 0.06839274317232204	false	0.5
versklavung	neg 1.0		off 0.47792609297375827 neg 0.4541243985536929 __DUMMY__ 0.06794950847254878	false	0.5
schlecht	neg 1.0		off 0.4840369737766973 neg 0.44832953955836397 __DUMMY__ 0.0676334866649387	false	0.5
verhasst	neg 1.0		off 0.4759248713688374 neg 0.45666885259716455 __DUMMY__ 0.067406276033998	false	0.5
beschweren	neg 1.0		off 0.47896700529045916 neg 0.45324817326046635 __DUMMY__ 0.06778482144907458	false	0.5
scheiden	neg 1.0		off 0.47867211055062203 neg 0.453097876203543 __DUMMY__ 0.06823001324583491	false	0.5
frustriert	neg 1.0		off 0.474817670838233 neg 0.45725298245608537 __DUMMY__ 0.06792934670568156	false	0.5
schimmelig	neg 1.0		off 0.4725423117114904 neg 0.4596420770879574 __DUMMY__ 0.06781561120055213	false	0.5
fisch	neg 1.0		off 0.47037138162345954 neg 0.4614858320211832 __DUMMY__ 0.0681427863553573	false	0.5
schmuggel	neg 1.0		off 0.47232474848674666 neg 0.4593698620308527 __DUMMY__ 0.06830538948240078	false	0.5
auffallen	neg 1.0		off 0.4797266620357617 neg 0.4525559301486213 __DUMMY__ 0.0677174078156171	false	0.5
konkurrenz	neg 1.0		off 0.47061097623777065 neg 0.4609220005075256 __DUMMY__ 0.0684670232547038	false	0.5
teufelskreis	neg 1.0	neg 1.0	neg 0.714234540905734 off 0.25343691941575375 __DUMMY__ 0.032328539678512264	false	1.0
aufschreien	neg 1.0		off 0.47884806338945096 neg 0.4536066724352342 __DUMMY__ 0.0675452641753149	false	0.5
schuldner	neg 1.0		off 0.46965430986710277 neg 0.46225514649966065 __DUMMY__ 0.06809054363323673	false	0.5
missgeburt	off 1.0	off 1.0	off 0.7299622093336746 neg 0.2382620196963343 __DUMMY__ 0.031775770969991166	false	1.0
arbeitslos	neg 1.0		off 0.47238694158538036 neg 0.459805206675767 __DUMMY__ 0.06780785173885276	false	0.5
befallen	neg 1.0		off 0.47509289363431567 neg 0.4569048927027449 __DUMMY__ 0.06800221366293939	false	0.5
miesepetrig	off 1.0	off 1.0	off 0.7277496164312919 neg 0.24000520637394568 __DUMMY__ 0.03224517719476246	false	1.0
alarmieren	neg 1.0		off 0.4803437019297026 neg 0.4522128994517351 __DUMMY__ 0.0674433986185622	false	0.5
ungeduscht	off 1.0		off 0.4804683130769104 neg 0.45212064121515816 __DUMMY__ 0.06741104570793137	false	1.0
knappheit	neg 1.0		off 0.4709470117777889 neg 0.46136734566655835 __DUMMY__ 0.06768564255565267	false	0.5
schlange	neg 1.0		off 0.481422040857443 neg 0.4502716437898027 __DUMMY__ 0.06830631535275418	false	0.5
harsch	neg 1.0		off 0.4892450970624789 neg 0.4432647509307354 __DUMMY__ 0.06749015200678578	false	0.5
lang	neg 1.0		off 0.47884916586779186 neg 0.45306876895355946 __DUMMY__ 0.06808206517864866	false	0.5
ziellos	neg 1.0		off 0.4750612557294345 neg 0.4565150743679631 __DUMMY__ 0.06842366990260229	false	0.5
selbstverliebt	neg 1.0		off 0.49111939328653537 neg 0.4426597203447574 __DUMMY__ 0.06622088636870727	false	0.5
beseitigen	neg 1.0		off 0.47580166394384193 neg 0.45608054147929683 __DUMMY__ 0.06811779457686121	false	0.5
dumm	off 1.0		off 0.48813669975837726 neg 0.44503065729544017 __DUMMY__ 0.06683264294618266	false	1.0
arbeitsloser	neg 1.0		off 0.47442099262728676 neg 0.45741101345210045 __DUMMY__ 0.06816799392061285	false	0.5
blitzen	neg 1.0		off 0.48047786708701257 neg 0.45175869419866255 __DUMMY__ 0.06776343871432486	false	0.5
hilflos	neg 1.0		off 0.47447102842363215 neg 0.4575560139175286 __DUMMY__ 0.06797295765883934	false	0.5
eklig	off 1.0		off 0.4874402356135215 neg 0.4460123652777232 __DUMMY__ 0.06654739910875518	false	1.0
begriff			off 0.4755226842738597 neg 0.4565936041639737 __DUMMY__ 0.06788371156216658	false	0.0
hungersnot	neg 1.0		off 0.4753110179060174 neg 0.4564018067225072 __DUMMY__ 0.0682871753714755	false	0.5
ungesetzlich	neg 1.0		off 0.47488923226140806 neg 0.45767815075926854 __DUMMY__ 0.06743261697932341	false	0.5
verschwendung	neg 1.0		off 0.4721396117152062 neg 0.45965215983868163 __DUMMY__ 0.06820822844611217	false	0.5
schmerzvoll	neg 1.0		off 0.4790555881565066 neg 0.4530826379275024 __DUMMY__ 0.06786177391599098	false	0.5
vorzeitig	neg 1.0		off 0.48057795019932487 neg 0.45157517687680876 __DUMMY__ 0.06784687292386639	false	0.5
unvollkommenheit	neg 1.0		off 0.4767579664278353 neg 0.4546420120379939 __DUMMY__ 0.06860002153417075	false	0.5
intervenieren	neg 1.0		off 0.4712435273943504 neg 0.46065121446803653 __DUMMY__ 0.06810525813761299	false	0.5
banause	off 1.0		off 0.48898831844887325 neg 0.44482750638072704 __DUMMY__ 0.0661841751703997	false	1.0
rebell	neg 1.0		off 0.4686725651390027 neg 0.4628522037757073 __DUMMY__ 0.06847523108529009	false	0.5
unlogisch	neg 1.0		off 0.4839739091845017 neg 0.4489879419562979 __DUMMY__ 0.06703814885920041	false	0.5
leiden	neg 1.0		off 0.4724705695975023 neg 0.45904192845140335 __DUMMY__ 0.0684875019510944	false	0.5
abschaffung	neg 1.0		off 0.47703564753062444 neg 0.4550701768751019 __DUMMY__ 0.06789417559427358	false	0.5
sturz	neg 1.0		off 0.47909014077040124 neg 0.45262275462076207 __DUMMY__ 0.06828710460883664	false	0.5
verkleinerung	neg 1.0		off 0.4778581403975216 neg 0.45478212844394517 __DUMMY__ 0.06735973115853308	false	0.5
schmarotzer	off 1.0		off 0.47251864676865885 neg 0.4598373855262172 __DUMMY__ 0.06764396770512393	false	1.0
bestrafung	neg 1.0		off 0.4782250902776086 neg 0.45387026646834544 __DUMMY__ 0.06790464325404591	false	0.5
achtlos	neg 1.0	neg 1.0	neg 0.7128888702122811 off 0.25455939351896467 __DUMMY__ 0.03255173626875437	false	1.0
ungeheuer	neg 1.0		off 0.48107126620512375 neg 0.45092221232182333 __DUMMY__ 0.06800652147305294	false	0.5
unaufrichtig	neg 1.0		off 0.4816922881002589 neg 0.45030887946960135 __DUMMY__ 0.06799883243013986	false	0.5
groggy	neg 1.0		off 0.4807491091784694 neg 0.45140735731731435 __DUMMY__ 0.0678435335042161	false	0.5
