unsolidarisch	neg 1.0		__DUMMY__ 0.8777903392185059 neg 0.06118949123405319 off 0.06102016954744092	false	1.0
nachteilig	neg 1.0		__DUMMY__ 0.8833147913928947 neg 0.05996511243846229 off 0.056720096168643	false	1.0
skeptisch	neg 1.0		__DUMMY__ 0.8839280450316942 neg 0.059745343041916886 off 0.056326611926388936	false	1.0
schrecklich	neg 1.0		__DUMMY__ 0.8757618790610637 off 0.06985793101874942 neg 0.0543801899201869	false	0.5
schlapp	neg 1.0		__DUMMY__ 0.8791526128112415 off 0.06578167422237673 neg 0.05506571296638185	false	0.5
abfall	neg 1.0		__DUMMY__ 0.8877796500038445 neg 0.05937618308790966 off 0.05284416690824587	false	1.0
widerspenstig	neg 1.0		__DUMMY__ 0.8821382187682066 off 0.060867269338530164 neg 0.05699451189326315	false	0.5
abrupt	neg 1.0		__DUMMY__ 0.8876624477380358 off 0.056652910596123165 neg 0.05568464166584102	false	0.5
unwirksam	neg 1.0		__DUMMY__ 0.8774457131222372 neg 0.06189908285043198 off 0.060655204027330885	false	1.0
angreifen	neg 1.0		__DUMMY__ 0.8832987874035475 neg 0.060345604177083324 off 0.05635560841936907	false	1.0
inkonsistent	neg 1.0		__DUMMY__ 0.8791519788086586 off 0.061477453836594594 neg 0.05937056735474685	false	0.5
abrutschen	neg 1.0		__DUMMY__ 0.8861496689809432 neg 0.06047027809483712 off 0.05338005292421977	false	1.0
unsicher	neg 1.0		__DUMMY__ 0.8828147197718597 off 0.06084607169448895 neg 0.05633920853365131	false	0.5
bauernkind	off 1.0	off 1.0	off 0.5234038053403622 __DUMMY__ 0.42896062910675514 neg 0.047635565552882606	false	1.0
angreifer	neg 1.0	neg 1.0	neg 0.5106229111662982 __DUMMY__ 0.44189407919078316 off 0.04748300964291855	false	1.0
trennen	neg 1.0		__DUMMY__ 0.8874153970594337 neg 0.056806929314542835 off 0.05577767362602337	false	1.0
schmutz	neg 1.0		__DUMMY__ 0.8859015479912024 off 0.062048959610794936 neg 0.052049492398002814	false	0.5
inkonsistenz	neg 1.0		__DUMMY__ 0.8727774930659103 off 0.06626765168360609 neg 0.060954855250483456	false	0.5
erschreckend	neg 1.0		__DUMMY__ 0.8805346452484045 off 0.060366684102720385 neg 0.059098670648875154	false	0.5
ertrinken	neg 1.0		__DUMMY__ 0.884952940146697 neg 0.05846120328626396 off 0.05658585656703897	false	1.0
pickelface	off 1.0		__DUMMY__ 0.8833419238204406 off 0.05996932175443493 neg 0.05668875442512449	false	1.0
seiner			__DUMMY__ 0.8845422189704202 neg 0.05886954460714019 off 0.056588236422439535	false	0.0
lauch	neg 1.0		__DUMMY__ 0.8883784067356228 neg 0.05804028412006089 off 0.0535813091443162	false	1.0
unwichtig	neg 1.0		__DUMMY__ 0.8761942315263574 off 0.06575921577101615 neg 0.05804655270262642	false	0.5
steuerhinterziehung	neg 1.0	neg 1.0	neg 0.5148803595068425 __DUMMY__ 0.44071531380830375 off 0.04440432668485383	false	1.0
schock	neg 1.0		__DUMMY__ 0.883806503113028 off 0.0600299448204332 neg 0.05616355206653874	false	0.5
beule	neg 1.0		__DUMMY__ 0.8774052982871666 off 0.06668014290810549 neg 0.05591455880472787	false	0.5
vergelten	neg 1.0		__DUMMY__ 0.8797234211153235 off 0.06879224805081809 neg 0.05148433083385846	false	0.5
verdorbenheit	neg 1.0		__DUMMY__ 0.8854805146303177 off 0.06107349603455781 neg 0.05344598933512446	false	0.5
trauma	neg 1.0		__DUMMY__ 0.8812872652776557 off 0.06180400996585828 neg 0.05690872475648595	false	0.5
sinnlos	neg 1.0		__DUMMY__ 0.8802117888934237 off 0.0631176431645118 neg 0.056670567942064605	false	0.5
fettsack	off 1.0	off 1.0	off 0.5242922319581482 __DUMMY__ 0.43086675167281324 neg 0.044841016369038575	false	1.0
feige	off 1.0	off 1.0	off 0.5202959524418241 __DUMMY__ 0.4348463723007464 neg 0.04485767525742943	false	1.0
abdanken	neg 1.0		__DUMMY__ 0.8827215080567145 off 0.060574065017152866 neg 0.05670442692613266	false	0.5
wichtigtuer	off 1.0	off 1.0	off 0.5184478694003832 __DUMMY__ 0.4368075484740136 neg 0.0447445821256031	false	1.0
misslingen	neg 1.0		__DUMMY__ 0.8880319916361498 off 0.06096509110507793 neg 0.05100291725877225	false	0.5
untreu	off 1.0		__DUMMY__ 0.8774914266148304 off 0.06618679065099202 neg 0.056321782734177636	false	1.0
missmutig	neg 1.0		__DUMMY__ 0.8793624956474425 off 0.06541293822393927 neg 0.0552245661286183	false	0.5
hurenbock	off 1.0		__DUMMY__ 0.8830295708839286 off 0.06244548423606567 neg 0.054524944880005734	false	1.0
betrunken	neg 1.0		__DUMMY__ 0.8779299336250207 off 0.06750734162203022 neg 0.05456272475294901	false	0.5
korrupt	off 1.0		__DUMMY__ 0.8789067156941227 neg 0.06223808208590626 off 0.058855202219971	false	0.5
unmut	neg 1.0		__DUMMY__ 0.8868881359930479 neg 0.059561411932875084 off 0.053550452074076986	false	1.0
hackfresse	off 1.0		__DUMMY__ 0.8715648257005378 off 0.07329975470734386 neg 0.05513541959211835	false	1.0
aufblasen	neg 1.0		__DUMMY__ 0.8819114191183928 off 0.06255543873241962 neg 0.05553314214918754	false	0.5
gewaltsam	neg 1.0		__DUMMY__ 0.8842284760273231 off 0.05944553891742753 neg 0.056325985055249446	false	0.5
unbeliebtheit	neg 1.0		__DUMMY__ 0.8763711800873554 off 0.06494310027875624 neg 0.058685719633888356	false	0.5
sturheit	neg 1.0		__DUMMY__ 0.8809300053058365 off 0.05986384883314636 neg 0.05920614586101708	false	0.5
kuh	neg 1.0		__DUMMY__ 0.8751072974200236 off 0.06299028354315975 neg 0.06190241903681657	false	0.5
erschrecken	neg 1.0		__DUMMY__ 0.8804006929345763 off 0.06516057612789988 neg 0.054438730937523716	false	0.5
opfer	neg 1.0		__DUMMY__ 0.8837934226698329 neg 0.05852031995014448 off 0.05768625738002276	false	1.0
sinken	neg 1.0		__DUMMY__ 0.8876659080978605 neg 0.05837113245257315 off 0.05396295944956639	false	1.0
stinktier	neg 1.0		__DUMMY__ 0.8682933466313695 off 0.07061739315691445 neg 0.06108926021171611	false	0.5
tucke	off 1.0		__DUMMY__ 0.8686662387785749 off 0.07428668178352643 neg 0.05704707943789875	false	1.0
ein			__DUMMY__ 0.8819397878564198 off 0.06173579306730221 neg 0.05632441907627807	false	0.0
abstieg	neg 1.0		__DUMMY__ 0.8858330524594293 neg 0.057541069213092606 off 0.05662587832747805	false	1.0
missverstehen	neg 1.0		__DUMMY__ 0.8763451655781281 off 0.06400901169221346 neg 0.05964582272965835	false	0.5
ergebnislos	neg 1.0		__DUMMY__ 0.8859558344433174 neg 0.0577048143488692 off 0.05633935120781337	false	1.0
unter			__DUMMY__ 0.8931806372063186 neg 0.058224682887707706 off 0.04859467990597364	false	0.0
manipulieren	neg 1.0		__DUMMY__ 0.8849510075882671 neg 0.05910684531925527 off 0.05594214709247764	false	1.0
unbewiesen	neg 1.0		__DUMMY__ 0.8765296014719355 neg 0.06246029284852584 off 0.06101010567953865	false	1.0
verschleppen	neg 1.0		__DUMMY__ 0.882789588610803 neg 0.05917853444626124 off 0.058031876942935684	false	1.0
weib	off 1.0		__DUMMY__ 0.8670507673274854 off 0.07408822103052819 neg 0.05886101164198639	false	1.0
opposition	neg 1.0		__DUMMY__ 0.8790877650966588 off 0.062247080122500735 neg 0.05866515478084053	false	0.5
verkehrswidrig	neg 1.0		__DUMMY__ 0.8808264879365665 off 0.0693900351612612 neg 0.049783476902172205	false	0.5
inkorrekt	neg 1.0		__DUMMY__ 0.8725675737415266 off 0.06949209227870877 neg 0.0579403339797646	false	0.5
vermeiden	neg 1.0	neg 1.0	neg 0.5145541062170694 __DUMMY__ 0.44626103031566694 off 0.03918486346726358	false	1.0
abweichung	neg 1.0		__DUMMY__ 0.8834310777638056 neg 0.059134715315064264 off 0.05743420692113012	false	1.0
alkoholisiert	neg 1.0		__DUMMY__ 0.8864345739979184 neg 0.05759295428291298 off 0.05597247171916872	false	1.0
scheiss	off 1.0	off 1.0	off 0.5201236378583037 __DUMMY__ 0.4363952315402568 neg 0.0434811306014395	false	1.0
herausforderung	neg 1.0		__DUMMY__ 0.8848064153426428 neg 0.059136533675188015 off 0.056057050982169176	false	1.0
pervers	off 1.0		__DUMMY__ 0.8684388043237888 off 0.07667425945056003 neg 0.054886936225651044	false	1.0
wackelig	neg 1.0		__DUMMY__ 0.8870703613615933 off 0.05868881962691973 neg 0.05424081901148697	false	0.5
verwickeln	neg 1.0		__DUMMY__ 0.8767151143307069 off 0.06350093053790083 neg 0.05978395513139216	false	0.5
vorwand	neg 1.0		__DUMMY__ 0.8837535788720065 neg 0.06039889178190906 off 0.05584752934608445	false	1.0
muschi	off 1.0		__DUMMY__ 0.8831819853411583 off 0.06016455083582542 neg 0.0566534638230163	false	1.0
entmutigung	neg 1.0		__DUMMY__ 0.880730397928964 off 0.0622914836459918 neg 0.05697811842504429	false	0.5
unangemessen	neg 1.0		__DUMMY__ 0.8791494134557079 neg 0.06124032384041992 off 0.05961026270387211	false	1.0
unstetig	neg 1.0		__DUMMY__ 0.8811655664969982 off 0.06318206445846042 neg 0.05565236904454135	false	0.5
entmutigen	neg 1.0		__DUMMY__ 0.8807565137082419 off 0.06182939042452482 neg 0.0574140958672333	false	0.5
schwanz	neg 1.0		__DUMMY__ 0.8848157383905694 neg 0.05764117391982862 off 0.05754308768960201	false	1.0
verbot	neg 1.0		__DUMMY__ 0.8824668808563755 neg 0.05908881889750164 off 0.05844430024612285	false	1.0
leid	neg 1.0		__DUMMY__ 0.8726008454276778 off 0.07138356998320626 neg 0.056015584589116006	false	0.5
archaisch	neg 1.0		__DUMMY__ 0.8817612314375236 off 0.05969597305236204 neg 0.05854279551011435	false	0.5
gegen			__DUMMY__ 0.8873720815292893 neg 0.05830174062444569 off 0.054326177846264985	false	0.0
scheidung	neg 1.0		__DUMMY__ 0.8717930405533855 off 0.08095486893203102 neg 0.047252090514583636	false	0.5
einschlag	neg 1.0		__DUMMY__ 0.8765352689772565 off 0.06862118154859519 neg 0.05484354947414838	false	0.5
m			__DUMMY__ 0.8846596394764029 off 0.05852736548346279 neg 0.056812995040134276	false	0.0
abgestanden	neg 1.0		__DUMMY__ 0.8802454495018099 off 0.060911225561815795 neg 0.058843324936374244	false	0.5
schmierig	off 1.0		__DUMMY__ 0.874965549206842 off 0.0706556405995587 neg 0.05437881019359929	false	1.0
unpraktisch	neg 1.0		__DUMMY__ 0.8817245137946947 off 0.06215971580034562 neg 0.05611577040495955	false	0.5
wixxer	off 1.0		__DUMMY__ 0.8661454563193915 off 0.0768939269635154 neg 0.05696061671709302	false	1.0
bezeichnet			__DUMMY__ 0.8785976031212637 off 0.06121218492102397 neg 0.060190211957712396	false	0.0
jammerlappen	off 1.0		__DUMMY__ 0.8792657383223085 off 0.06578252666915073 neg 0.05495173500854071	false	1.0
farce	neg 1.0		__DUMMY__ 0.881905990707745 off 0.05939430399376193 neg 0.05869970529849309	false	0.5
zwecklos	neg 1.0		__DUMMY__ 0.8806961227976671 neg 0.06006325760591471 off 0.05924061959641823	false	1.0
turbulent	neg 1.0		__DUMMY__ 0.8758643716566714 off 0.06703070524005132 neg 0.05710492310327729	false	0.5
invasion	neg 1.0		__DUMMY__ 0.8800289483894637 off 0.06284310378560849 neg 0.05712794782492795	false	0.5
schuld	neg 1.0		__DUMMY__ 0.878992672010755 off 0.06217903808029687 neg 0.05882828990894812	false	0.5
risiko	neg 1.0	neg 1.0	neg 0.5113524984314255 __DUMMY__ 0.4418118961462134 off 0.04683560542236116	false	1.0
finster	neg 1.0		__DUMMY__ 0.8789498767206128 off 0.06179305853992183 neg 0.05925706473946542	false	0.5
geisteskrank	off 1.0		__DUMMY__ 0.8728482006651354 off 0.06765400762312176 neg 0.05949779171174287	false	1.0
zusammenbrechen	neg 1.0		__DUMMY__ 0.8825406545419848 off 0.05924568096601374 neg 0.05821366449200145	false	0.5
ausbeute	neg 1.0		__DUMMY__ 0.8919220352556583 off 0.05701395109492872 neg 0.051064013649413056	false	0.5
hinterhalt	neg 1.0		__DUMMY__ 0.8905068895766293 off 0.058919963405257736 neg 0.050573147018113	false	0.5
kritik	neg 1.0		__DUMMY__ 0.8814469216983016 neg 0.05931970164498715 off 0.059233376656711176	false	1.0
einschrumpfen	neg 1.0		__DUMMY__ 0.8772057163430443 off 0.06486730902090453 neg 0.05792697463605122	false	0.5
riskant	neg 1.0		__DUMMY__ 0.8821416721365687 neg 0.06096668017206599 off 0.05689164769136537	false	1.0
frustrieren	neg 1.0		__DUMMY__ 0.8824100035676399 neg 0.05984604486252535 off 0.05774395156983466	false	1.0
groll	neg 1.0		__DUMMY__ 0.8809273958755626 neg 0.060286432217895425 off 0.05878617190654206	false	1.0
gibt			__DUMMY__ 0.8828555433469958 off 0.05938162380238736 neg 0.05776283285061685	false	0.0
qualvoll	neg 1.0		__DUMMY__ 0.8804225673265605 off 0.06384781591591232 neg 0.05572961675752722	false	0.5
wackeln	neg 1.0		__DUMMY__ 0.8839576310442411 off 0.06166565280464257 neg 0.054376716151116326	false	0.5
klagen	neg 1.0		__DUMMY__ 0.8854806736622413 neg 0.060243180688976085 off 0.05427614564878262	false	1.0
bankrott	neg 1.0		__DUMMY__ 0.8806205235973581 off 0.06489974131726683 neg 0.05447973508537511	false	0.5
trauern	neg 1.0		__DUMMY__ 0.886803707382387 off 0.05716606281991016 neg 0.056030229797702856	false	0.5
ablehnung	neg 1.0		__DUMMY__ 0.8813661409406872 neg 0.059644586555294435 off 0.05898927250401844	false	1.0
stur	neg 1.0		__DUMMY__ 0.879297324527647 off 0.06232040847036699 neg 0.058382267001985975	false	0.5
aufruhr	neg 1.0		__DUMMY__ 0.8831177870021907 off 0.05995324189919808 neg 0.05692897109861116	false	0.5
melancholie	neg 1.0		__DUMMY__ 0.8853495081825735 off 0.05759673037954885 neg 0.05705376143787763	false	0.5
ist			__DUMMY__ 0.8805380021063485 off 0.06287266341107982 neg 0.056589334482571745	false	0.0
torheit	neg 1.0		__DUMMY__ 0.8811708146282878 off 0.06137039376721209 neg 0.057458791604500056	false	0.5
dreckskind	off 1.0		__DUMMY__ 0.8694616743850163 off 0.07245045465784186 neg 0.05808787095714181	false	1.0
umtauschen	neg 1.0		__DUMMY__ 0.8829424274284665 off 0.06018074230617302 neg 0.05687683026536044	false	0.5
zum			__DUMMY__ 0.8936826491671704 neg 0.054669464839792695 off 0.05164788599303689	false	0.0
zersetzen	neg 1.0		__DUMMY__ 0.8824600593411113 neg 0.06143345781724549 off 0.05610648284164321	false	1.0
zur			__DUMMY__ 0.8911883210159769 neg 0.057522624929466866 off 0.0512890540545563	false	0.0
frust	neg 1.0		__DUMMY__ 0.8831181853152738 off 0.05929022207352586 neg 0.05759159261120037	false	0.5
unerbittlichkeit	neg 1.0		__DUMMY__ 0.8840564918179722 neg 0.059885991842884 off 0.05605751633914385	false	1.0
zwei			__DUMMY__ 0.8920561220089122 neg 0.05523710791275411 off 0.05270677007833376	false	0.0
unkorrekt	neg 1.0		__DUMMY__ 0.8749613772195329 off 0.06892007156861413 neg 0.05611855121185302	false	0.5
hexe	off 1.0		__DUMMY__ 0.8751272309039181 off 0.06574931056477762 neg 0.05912345853130425	false	1.0
lasch	neg 1.0		__DUMMY__ 0.8762771129166179 off 0.0649505589131204 neg 0.05877232817026175	false	0.5
rivale	neg 1.0		__DUMMY__ 0.8763671491577091 off 0.06785734990375339 neg 0.055775500938537566	false	0.5
mutlos	off 1.0	off 1.0	off 0.5133731353174513 __DUMMY__ 0.44017866720486226 neg 0.04644819747768652	false	1.0
wirr	off 1.0		__DUMMY__ 0.8727066074714177 off 0.0696785170592659 neg 0.05761487546931643	false	1.0
jahr			__DUMMY__ 0.8929912670904503 off 0.05503528448897989 neg 0.05197344842056972	false	0.0
wird			__DUMMY__ 0.8830902398953816 neg 0.05872566982976343 off 0.05818409027485493	false	0.0
strafbar	neg 1.0		__DUMMY__ 0.8820905947716625 neg 0.060540379393149636 off 0.05736902583518796	false	1.0
erosion	neg 1.0		__DUMMY__ 0.8838290085437158 off 0.060782894341190837 neg 0.05538809711509331	false	0.5
eingehen	neg 1.0		__DUMMY__ 0.8819056861500819 neg 0.060548688115745965 off 0.057545625734172205	false	1.0
faul	off 1.0		__DUMMY__ 0.8806818296221842 off 0.064778920125757 neg 0.054539250252058774	false	1.0
provisorium	neg 1.0		__DUMMY__ 0.8943654893722988 neg 0.05658369757229956 off 0.049050813055401814	false	1.0
schmerzen	neg 1.0		__DUMMY__ 0.8809238661347755 neg 0.05956942419501118 off 0.05950670967021327	false	1.0
schrumpfen	neg 1.0		__DUMMY__ 0.8866908464682203 neg 0.061584454784267786 off 0.05172469874751196	false	1.0
geistlos	off 1.0		__DUMMY__ 0.875123994645626 off 0.06391163842731856 neg 0.06096436692705548	false	1.0
fehlkauf	neg 1.0		__DUMMY__ 0.8815915061019035 off 0.06271670267163984 neg 0.055691791226456545	false	0.5
frustrierend	neg 1.0		__DUMMY__ 0.8785927194632002 off 0.06480067835253822 neg 0.05660660218426163	false	0.5
unzufrieden	neg 1.0		__DUMMY__ 0.8806284461896884 neg 0.06041887992928644 off 0.058952673881025215	false	1.0
verzweifeln	neg 1.0		__DUMMY__ 0.8817150092766732 off 0.060102830257747465 neg 0.05818216046557925	false	0.5
verzweifelt	neg 1.0	neg 1.0	neg 0.5154052195757283 __DUMMY__ 0.4373929089796245 off 0.047201871444647193	false	1.0
misstrauensantrag	neg 1.0		__DUMMY__ 0.8802637989097544 off 0.06283574065110503 neg 0.056900460439140634	false	0.5
abfallen	neg 1.0		__DUMMY__ 0.8836390154410085 off 0.0614767427825365 neg 0.05488424177645506	false	0.5
fucker	off 1.0		__DUMMY__ 0.8774267210036893 off 0.06867732048096746 neg 0.053895958515343206	false	1.0
ungezogen	neg 1.0		__DUMMY__ 0.8696596834887089 off 0.07577215481795851 neg 0.05456816169333268	false	0.5
irrsinnig	neg 1.0	neg 1.0	neg 0.5148037466806075 __DUMMY__ 0.4380085991180066 off 0.04718765420138589	false	1.0
unfassbar	neg 1.0		__DUMMY__ 0.8783757402120691 off 0.06689707945451626 neg 0.054727180333414546	false	0.5
hart	neg 1.0		__DUMMY__ 0.8778062063837132 off 0.06628506748412039 neg 0.05590872613216645	false	0.5
widerlich	off 1.0		__DUMMY__ 0.874787386355881 off 0.06754819355099649 neg 0.05766442009312247	false	1.0
fatal	neg 1.0		__DUMMY__ 0.8802279521432176 off 0.06325463696861304 neg 0.05651741088816945	false	0.5
bruch	neg 1.0		__DUMMY__ 0.8865751802420644 neg 0.05876038436306414 off 0.05466443539487151	false	1.0
aushungern	neg 1.0		__DUMMY__ 0.8831513297476911 off 0.05933268180824972 neg 0.05751598844405915	false	0.5
anspannung	neg 1.0		__DUMMY__ 0.8923415441596101 neg 0.05576397657871476 off 0.05189447926167514	false	1.0
von			__DUMMY__ 0.894678570849276 off 0.0550755720900406 neg 0.05024585706068331	false	0.0
kraftlos	neg 1.0		__DUMMY__ 0.8844121817642931 off 0.058576606373768984 neg 0.05701121186193786	false	0.5
vom			__DUMMY__ 0.8961693382335071 neg 0.05440506643688707 off 0.04942559532960589	false	0.0
grenzdebil	off 1.0		__DUMMY__ 0.8784656931148097 off 0.06713639752360465 neg 0.054397909361585596	false	1.0
vor			__DUMMY__ 0.8877312555312878 neg 0.05714408824122828 off 0.055124656227483894	false	0.0
unterwerfen	neg 1.0		__DUMMY__ 0.8833805046739125 neg 0.058985874428760396 off 0.05763362089732722	false	1.0
versenkung	neg 1.0		__DUMMY__ 0.8854139653552465 off 0.057798457061045 neg 0.056787577583708566	false	0.5
entziehen	neg 1.0		__DUMMY__ 0.8852010426079066 neg 0.06004367014806629 off 0.05475528724402721	false	1.0
finanzkrise	neg 1.0		__DUMMY__ 0.8806741671618079 off 0.059905941237995336 neg 0.05941989160019672	false	0.5
schimpfend	neg 1.0		__DUMMY__ 0.8806364168781511 off 0.06251201347239481 neg 0.05685156964945409	false	0.5
profan	neg 1.0		__DUMMY__ 0.8788504680781765 off 0.06358881062395748 neg 0.05756072129786609	false	0.5
korruption	neg 1.0		__DUMMY__ 0.8827748832161703 neg 0.059080220746191105 off 0.05814489603763855	false	1.0
â			__DUMMY__ 0.8856570444635236 off 0.05800212342679593 neg 0.0563408321096805	false	0.0
schmutzig	neg 1.0		__DUMMY__ 0.8789847892424354 off 0.0675680944171757 neg 0.053447116340388845	false	0.5
sexy	neg 1.0		__DUMMY__ 0.8805988461762488 off 0.06446918030955225 neg 0.054931973514198956	false	0.5
abraten	neg 1.0		__DUMMY__ 0.8805332199850474 off 0.0628410828133272 neg 0.05662569720162531	false	0.5
schwarz	neg 1.0		__DUMMY__ 0.8804913519432347 off 0.06253611710289529 neg 0.05697253095387002	false	0.5
fotze	off 1.0	off 1.0	off 0.5145012343295406 __DUMMY__ 0.4424443660874287 neg 0.04305439958303061	false	1.0
verwirren	neg 1.0		__DUMMY__ 0.8791233343120182 off 0.0640913299722176 neg 0.05678533571576419	false	0.5
zahnlos	off 1.0		__DUMMY__ 0.8811743724675554 off 0.05974990865490464 neg 0.059075718877539984	false	1.0
verheeren	neg 1.0		__DUMMY__ 0.8705652896074534 off 0.07719516506943395 neg 0.05223954532311256	false	0.5
hippie	neg 1.0		__DUMMY__ 0.880563851812623 off 0.06418561661762635 neg 0.055250531569750724	false	0.5
rammen	neg 1.0		__DUMMY__ 0.879387615900655 off 0.062004387940978595 neg 0.0586079961583664	false	0.5
unlauter	neg 1.0		__DUMMY__ 0.8781895742312332 off 0.06195545072762998 neg 0.05985497504113677	false	0.5
unheilvoll	neg 1.0		__DUMMY__ 0.8817458062631399 off 0.06245187342444926 neg 0.05580232031241077	false	0.5
niedrig	neg 1.0		__DUMMY__ 0.8821788245759842 neg 0.061633284130999715 off 0.05618789129301606	false	1.0
explosion	neg 1.0		__DUMMY__ 0.88002868073226 off 0.06360265277542473 neg 0.05636866649231529	false	0.5
weichei	off 1.0	off 1.0	off 0.5244853356081962 __DUMMY__ 0.4327540896266052 neg 0.042760574765198595	false	1.0
minusmensch	off 1.0		__DUMMY__ 0.8679514329128063 off 0.0749948732734393 neg 0.05705369381375432	false	1.0
farblos	neg 1.0		__DUMMY__ 0.8833791555966964 off 0.06008433336768988 neg 0.05653651103561371	false	0.5
unwissend	neg 1.0	neg 1.0	neg 0.5139863747537969 __DUMMY__ 0.4360312914035933 off 0.04998233384260979	false	1.0
traurig	neg 1.0		__DUMMY__ 0.8767738135555857 off 0.06915728114648803 neg 0.05406890529792625	false	0.5
senkung	neg 1.0		__DUMMY__ 0.8775517018940645 off 0.06344055068900638 neg 0.05900774741692917	false	0.5
ungleich	neg 1.0	neg 1.0	neg 0.5165871227768637 __DUMMY__ 0.4405607579757581 off 0.042852119247378265	false	1.0
heikel	neg 1.0		__DUMMY__ 0.882201641391804 neg 0.06094543941596398 off 0.056852919192232045	false	1.0
drosselung	neg 1.0		__DUMMY__ 0.8775456843082687 off 0.0668436728005567 neg 0.05561064289117455	false	0.5
falsch	neg 1.0		__DUMMY__ 0.8776829967505169 off 0.06496655545314414 neg 0.057350447796338966	false	0.5
unzufriedenheit	neg 1.0		__DUMMY__ 0.8845186668612673 neg 0.0600169914135821 off 0.05546434172515052	false	1.0
kurz	neg 1.0		__DUMMY__ 0.8859506806842496 off 0.059312005704805056 neg 0.05473731361094523	false	0.5
unsinnig	neg 1.0		__DUMMY__ 0.8796886048154967 neg 0.06044460085161091 off 0.05986679433289237	false	1.0
penner	off 1.0	off 1.0	off 0.5256744263888611 __DUMMY__ 0.4324594112279781 neg 0.04186616238316075	false	1.0
seicht	neg 1.0		__DUMMY__ 0.8677351181636982 off 0.07552119362269402 neg 0.056743688213607764	false	0.5
dummheit	off 1.0	off 1.0	off 0.5186631432422275 __DUMMY__ 0.43647821342178245 neg 0.044858643335990114	false	1.0
unerfreulich	neg 1.0		__DUMMY__ 0.8844873930003716 neg 0.059577626773076896 off 0.055934980226551516	false	1.0
motherfucker	off 1.0	off 1.0	off 0.5216885037434192 __DUMMY__ 0.4365042320060486 neg 0.04180726425053215	false	1.0
pikiert	neg 1.0		__DUMMY__ 0.8761059966615699 off 0.06682136814235629 neg 0.05707263519607397	false	0.5
wrack	neg 1.0		__DUMMY__ 0.8855868061881107 off 0.058440571179751426 neg 0.055972622632137876	false	0.5
gangster	neg 1.0		__DUMMY__ 0.8804634980379655 off 0.06419757433599722 neg 0.055338927626037204	false	0.5
krank	neg 1.0		__DUMMY__ 0.8788976203915572 off 0.0669504599941557 neg 0.054151919614287204	false	0.5
reich	neg 1.0		__DUMMY__ 0.8809169243284687 off 0.06585706015346453 neg 0.0532260155180667	false	0.5
gnadenlos	neg 1.0		__DUMMY__ 0.879813111522336 off 0.062272687892891344 neg 0.05791420058477262	false	0.5
niedergeschlagen	neg 1.0		__DUMMY__ 0.8833897453034955 off 0.05953818278873733 neg 0.0570720719077672	false	0.5
terrorisieren	off 1.0	off 1.0	off 0.5135332530335528 __DUMMY__ 0.44185134488878397 neg 0.044615402077663194	false	1.0
sinnlosigkeit	neg 1.0		__DUMMY__ 0.8817683254195959 off 0.05917748510492842 neg 0.05905418947547558	false	0.5
behindern	neg 1.0		__DUMMY__ 0.8828489854980127 off 0.060080023921600154 neg 0.05707099058038712	false	0.5
undemokratisch	neg 1.0		__DUMMY__ 0.8801790249006963 off 0.062102461400100666 neg 0.05771851369920296	false	0.5
wirtschaftskrise	neg 1.0		__DUMMY__ 0.8823558486868052 neg 0.059690240224069095 off 0.057953911089125704	false	1.0
neid	neg 1.0		__DUMMY__ 0.8807251430640225 off 0.06460701674362238 neg 0.05466784019235515	false	0.5
rutschen	neg 1.0		__DUMMY__ 0.8927536721680406 neg 0.0547019466627342 off 0.05254438116922513	false	1.0
rezession	neg 1.0		__DUMMY__ 0.8696648930667358 off 0.06962985128097997 neg 0.060705255652284254	false	0.5
fehlgeburt	neg 1.0		__DUMMY__ 0.8822667754295387 off 0.062380245640417824 neg 0.055352978930043525	false	0.5
charakterschwach	off 1.0		__DUMMY__ 0.8749280033954021 off 0.06744096603647005 neg 0.05763103056812786	false	1.0
isolation	neg 1.0		__DUMMY__ 0.8797164377358535 off 0.0644091619544053 neg 0.055874400309741126	false	0.5
ablenkung	neg 1.0		__DUMMY__ 0.8828966358906284 off 0.0610192640877497 neg 0.05608410002162193	false	0.5
pech	neg 1.0		__DUMMY__ 0.8792090300634262 off 0.0642252611457681 neg 0.056565708790805615	false	0.5
vermeidung	neg 1.0		__DUMMY__ 0.8781934679872966 off 0.06700443142910746 neg 0.05480210058359595	false	0.5
dominieren	neg 1.0		__DUMMY__ 0.885311694279725 neg 0.05746212647535409 off 0.05722617924492085	false	1.0
schwindlig	neg 1.0		__DUMMY__ 0.882382899764426 off 0.06268547392476082 neg 0.054931626310813275	false	0.5
lutscher	neg 1.0		__DUMMY__ 0.8685947705648988 off 0.07570446377929042 neg 0.05570076565581084	false	0.5
pflicht	neg 1.0		__DUMMY__ 0.8835084288634085 neg 0.06063754868926712 off 0.05585402244732435	false	1.0
faschist	off 1.0		__DUMMY__ 0.8793921997915456 off 0.06451253232049338 neg 0.056095267887961014	false	1.0
verschleudern	neg 1.0		__DUMMY__ 0.8826600274837952 neg 0.0607021826653881 off 0.05663778985081663	false	1.0
wenn			__DUMMY__ 0.8784418343018761 off 0.06513208782078618 neg 0.05642607787733774	false	0.0
ehebruch	neg 1.0		__DUMMY__ 0.8831752271779872 neg 0.05871606150838759 off 0.05810871131362527	false	1.0
spott	off 1.0		__DUMMY__ 0.8826950703386971 neg 0.05961211102425969 off 0.057692818637043224	false	0.5
trostlosigkeit	neg 1.0		__DUMMY__ 0.8873241460575454 neg 0.057522629091054 off 0.055153224851400645	false	1.0
lutschen	neg 1.0		__DUMMY__ 0.8780797512468673 off 0.06462867705671556 neg 0.05729157169641705	false	0.5
undiszipliniert	neg 1.0		__DUMMY__ 0.8755378094760244 off 0.06860347888574457 neg 0.05585871163823106	false	0.5
kopfschmerz	neg 1.0		__DUMMY__ 0.8818212564472585 neg 0.05962683966519248 off 0.058551903887548995	false	1.0
unvorhergesehen	neg 1.0		__DUMMY__ 0.8892247679640133 off 0.05592118600519916 neg 0.05485404603078766	false	0.5
desinteressiert	neg 1.0	neg 1.0	neg 0.5128123761718159 __DUMMY__ 0.4354832644841428 off 0.05170435934404135	false	1.0
armselig	off 1.0		__DUMMY__ 0.8728501098750381 off 0.0694915564686946 neg 0.05765833365626734	false	1.0
desaster	neg 1.0		__DUMMY__ 0.8860536114348774 neg 0.05982080424055802 off 0.05412558432456463	false	1.0
tod	neg 1.0		__DUMMY__ 0.8879041883268733 off 0.0578404633992687 neg 0.05425534827385789	false	0.5
herzlos	neg 1.0		__DUMMY__ 0.8748402279620755 off 0.06928162587339522 neg 0.055878146164529255	false	0.5
unwissenheit	neg 1.0		__DUMMY__ 0.8815506121549966 neg 0.05957378669775858 off 0.058875601147244785	false	1.0
widersinnig	neg 1.0		__DUMMY__ 0.8784103531460521 neg 0.06256095637054199 off 0.05902869048340603	false	1.0
bedenklich	neg 1.0		__DUMMY__ 0.8814129122518413 neg 0.060585547273790924 off 0.05800154047436782	false	1.0
beanstanden	neg 1.0		__DUMMY__ 0.8843090426924557 neg 0.06025320464103958 off 0.055437752666504664	false	1.0
panisch	neg 1.0	neg 1.0	neg 0.5104975827398661 __DUMMY__ 0.4417638759745807 off 0.04773854128555315	false	1.0
debil	off 1.0		__DUMMY__ 0.8922480414113834 neg 0.05794332066522829 off 0.04980863792338841	false	0.5
abstrich	neg 1.0		__DUMMY__ 0.8895999400629901 off 0.059007342068884784 neg 0.051392717868125035	false	0.5
primitiv	neg 1.0		__DUMMY__ 0.8742188426550587 off 0.06775790220765739 neg 0.05802325513728388	false	0.5
abschaum	off 1.0	off 1.0	off 0.5203998441749773 __DUMMY__ 0.4360962420599639 neg 0.0435039137650588	false	1.0
provozieren	neg 1.0		__DUMMY__ 0.8780491988819019 off 0.06210260524890953 neg 0.05984819586918856	false	0.5
tot	neg 1.0		__DUMMY__ 0.8832992188956463 neg 0.05870746565425565 off 0.057993315450098	false	1.0
instabil	neg 1.0		__DUMMY__ 0.8755852110207264 off 0.06878188718134173 neg 0.055632901797931844	false	0.5
schwuchtel	off 1.0	off 1.0	off 0.5301354466239274 __DUMMY__ 0.42795074681001966 neg 0.04191380656605291	false	1.0
zerren	neg 1.0		__DUMMY__ 0.8835999413691528 off 0.0591477373579637 neg 0.057252321272883544	false	0.5
kinderficker	off 1.0		__DUMMY__ 0.8737125860022018 off 0.07202864436568553 neg 0.054258769632112604	false	1.0
gefahr	neg 1.0		__DUMMY__ 0.8865077681792832 neg 0.05818522750498486 off 0.05530700431573191	false	1.0
rabiat	neg 1.0		__DUMMY__ 0.8816332756550566 off 0.06122738250640433 neg 0.05713934183853902	false	0.5
verlangsamung	neg 1.0		__DUMMY__ 0.867908903064575 off 0.07354851900331683 neg 0.0585425779321081	false	0.5
ausgestorben	neg 1.0		__DUMMY__ 0.8828077332835191 off 0.060864424038415424 neg 0.056327842678065385	false	0.5
anklagen	neg 1.0		__DUMMY__ 0.8837685478439404 off 0.0582818037430268 neg 0.05794964841303277	false	0.5
trott	neg 1.0		__DUMMY__ 0.8826486642004521 off 0.06046820713441354 neg 0.05688312866513429	false	0.5
verminderung	neg 1.0		__DUMMY__ 0.876015912560806 off 0.0672692319095722 neg 0.056714855529621876	false	0.5
nach			__DUMMY__ 0.893083398376769 neg 0.055406305912839834 off 0.051510295710391264	false	0.0
rost	neg 1.0		__DUMMY__ 0.8724237002651886 off 0.07209381601461927 neg 0.05548248372019208	false	0.5
destruktiv	neg 1.0		__DUMMY__ 0.8792626599484062 off 0.060925840044493126 neg 0.059811500007100685	false	0.5
unzumutbarkeit	neg 1.0		__DUMMY__ 0.8793933269303937 off 0.06616630040345008 neg 0.054440372666156166	false	0.5
labil	off 1.0	off 1.0	off 0.5197995811399923 __DUMMY__ 0.4372507322400338 neg 0.0429496866199739	false	1.0
ziemlich	neg 1.0		__DUMMY__ 0.879205645133478 off 0.06666656879544301 neg 0.05412778607107899	false	0.5
lachnummer	off 1.0		__DUMMY__ 0.879131041898827 off 0.06174571157786803 neg 0.05912324652330499	false	1.0
oder			__DUMMY__ 0.8826094319225912 off 0.061642848465505676 neg 0.05574771961190309	false	0.0
verfall	neg 1.0		__DUMMY__ 0.8881760655498568 neg 0.06005307817712058 off 0.05177085627302253	false	1.0
ausgrenzung	neg 1.0		__DUMMY__ 0.8802523637241465 off 0.06268240864496327 neg 0.0570652276308903	false	0.5
unordnung	neg 1.0		__DUMMY__ 0.8805756972410423 off 0.06852090136048795 neg 0.050903401398469765	false	0.5
fehlverhalten	neg 1.0		__DUMMY__ 0.8817568257318817 neg 0.061785776909676605 off 0.056457397358441595	false	1.0
eine			__DUMMY__ 0.8866304773506586 neg 0.05777343304562433 off 0.055596089603717	false	0.0
nille	neg 1.0		__DUMMY__ 0.8837400887297711 off 0.0606205477604407 neg 0.05563936350978831	false	0.5
qual	neg 1.0		__DUMMY__ 0.8829262396942262 off 0.060106958423405916 neg 0.056966801882367905	false	0.5
verschwenden	neg 1.0		__DUMMY__ 0.881864457852263 neg 0.06088780246344725 off 0.05724773968428974	false	1.0
riesig	neg 1.0		__DUMMY__ 0.8857898728367549 off 0.05738682926196662 neg 0.05682329790127851	false	0.5
verurteilen	neg 1.0		__DUMMY__ 0.8803551119942786 neg 0.06076921191355204 off 0.05887567609216934	false	1.0
klischee	neg 1.0	neg 1.0	neg 0.5142495487603322 __DUMMY__ 0.43661491648953393 off 0.04913553475013386	false	1.0
diktatorisch	neg 1.0		__DUMMY__ 0.8796302972977856 off 0.062320951640787534 neg 0.05804875106142681	false	0.5
vorhersehbar	neg 1.0		__DUMMY__ 0.876542947057412 off 0.06431161921508728 neg 0.05914543372750068	false	0.5
sowie			__DUMMY__ 0.8731476739496239 off 0.07131510280239675 neg 0.055537223247979384	false	0.0
stornieren	neg 1.0		__DUMMY__ 0.886528865555001 off 0.06257641723480845 neg 0.05089471721019048	false	0.5
besteuerung	neg 1.0		__DUMMY__ 0.8775038788545153 off 0.06140610346644675 neg 0.06109001767903791	false	0.5
ungeschminkt	neg 1.0		__DUMMY__ 0.8738891439788121 off 0.0671218905157713 neg 0.05898896550541648	false	0.5
kritisch	neg 1.0		__DUMMY__ 0.8822228794634293 neg 0.059975359841996936 off 0.05780176069457384	false	1.0
schlamperei	off 1.0		__DUMMY__ 0.8856172952909585 neg 0.05788852891170474 off 0.056494175797336774	false	0.5
sucht	neg 1.0	neg 1.0	neg 0.507860851367671 __DUMMY__ 0.4459533579564292 off 0.04618579067589976	false	1.0
egoistisch	off 1.0		__DUMMY__ 0.871057555621514 off 0.07208318356059942 neg 0.05685926081788655	false	1.0
ausbeuter	off 1.0		__DUMMY__ 0.880871001902562 neg 0.0626842060512095 off 0.05644479204622861	false	0.5
arschgeburt	off 1.0		__DUMMY__ 0.8633464943120399 off 0.07963611575110699 neg 0.057017389936853145	false	1.0
schubs	neg 1.0		__DUMMY__ 0.8836108741126641 off 0.05864477867638841 neg 0.05774434721094742	false	0.5
unsolide	neg 1.0		__DUMMY__ 0.8782896408594495 off 0.06285643570398806 neg 0.058853923436562344	false	0.5
beschwerde	neg 1.0		__DUMMY__ 0.8835920882709137 neg 0.059168865742363075 off 0.05723904598672324	false	1.0
stocken	neg 1.0		__DUMMY__ 0.8850266630642485 neg 0.05822128035253442 off 0.05675205658321711	false	1.0
isolieren	neg 1.0		__DUMMY__ 0.8833494583997714 neg 0.05845610589441668 off 0.05819443570581194	false	1.0
unheilbar	neg 1.0		__DUMMY__ 0.8815078733312977 off 0.06143729248990674 neg 0.05705483417879554	false	0.5
pisser	off 1.0		__DUMMY__ 0.8745546952113288 off 0.06900047641323129 neg 0.056444828375439855	false	1.0
löschen	neg 1.0		__DUMMY__ 0.8825589199937537 off 0.06084159082141356 neg 0.05659948918483275	false	0.5
durchfallen	neg 1.0		__DUMMY__ 0.880158911335267 neg 0.06149405666180323 off 0.05834703200292982	false	1.0
wichser	off 1.0	off 1.0	off 0.5279835118055167 __DUMMY__ 0.4305764824204724 neg 0.04144000577401092	false	1.0
terror	neg 1.0		__DUMMY__ 0.8808182857316931 off 0.06368096822868578 neg 0.055500746039621206	false	0.5
krass	neg 1.0		__DUMMY__ 0.8748053630426049 off 0.06966872927457007 neg 0.055525907682824976	false	0.5
revolte	neg 1.0		__DUMMY__ 0.8811465242684406 off 0.06308886420039765 neg 0.055764611531161704	false	0.5
besorgt	neg 1.0		__DUMMY__ 0.887523974176872 off 0.05921448378510984 neg 0.053261542038018195	false	0.5
nachlassen	neg 1.0		__DUMMY__ 0.8875147736081774 off 0.05639256967080007 neg 0.05609265672102242	false	0.5
alt	neg 1.0		__DUMMY__ 0.8827582521408104 neg 0.059193715243355476 off 0.0580480326158341	false	1.0
hundesohn	off 1.0		__DUMMY__ 0.8690522320369809 off 0.07629874225641659 neg 0.054649025706602565	false	1.0
als			__DUMMY__ 0.8827710601593648 off 0.05899999126192785 neg 0.058228948578707355	false	0.0
abschreckung	neg 1.0		__DUMMY__ 0.8844474544042463 neg 0.060262178753514334 off 0.055290366842239286	false	1.0
unqualifiziert	neg 1.0		__DUMMY__ 0.875582405124324 off 0.06519093082414089 neg 0.05922666405153521	false	0.5
abgewichst	off 1.0		__DUMMY__ 0.8842210603667471 off 0.059832184048045224 neg 0.05594675558520767	false	1.0
schwer	neg 1.0		__DUMMY__ 0.8808407586572068 off 0.06054553108639972 neg 0.0586137102563936	false	0.5
bedeutungslosigkeit	neg 1.0		__DUMMY__ 0.8838791427283238 neg 0.059816881817983045 off 0.056303975453693145	false	1.0
kapitulation	neg 1.0		__DUMMY__ 0.8843945057887833 neg 0.05807741911507308 off 0.05752807509614371	false	1.0
unscharf	neg 1.0		__DUMMY__ 0.8781509308750483 off 0.06289976390187224 neg 0.05894930522307948	false	0.5
schwinden	neg 1.0		__DUMMY__ 0.8853194239875083 neg 0.058743390610735635 off 0.05593718540175603	false	1.0
versklavung	neg 1.0		__DUMMY__ 0.8815463647868851 off 0.06183595653930926 neg 0.05661767867380562	false	0.5
schlecht	neg 1.0		__DUMMY__ 0.878786091013249 off 0.06688833057076035 neg 0.0543255784159907	false	0.5
verhasst	neg 1.0		__DUMMY__ 0.8764776027182315 off 0.06265236637761264 neg 0.06087003090415581	false	0.5
beschweren	neg 1.0		__DUMMY__ 0.8799255391669561 off 0.06303143077646013 neg 0.057043030056583656	false	0.5
scheiden	neg 1.0		__DUMMY__ 0.884475618606925 off 0.0604482017711731 neg 0.05507617962190193	false	0.5
frustriert	neg 1.0		__DUMMY__ 0.8810326977373624 off 0.05977757672577968 neg 0.059189725536857966	false	0.5
schimmelig	neg 1.0		__DUMMY__ 0.8807182088957312 neg 0.061524759336305516 off 0.05775703176796328	false	1.0
fisch	neg 1.0		__DUMMY__ 0.8838414681269187 neg 0.06132216417723996 off 0.054836367695841395	false	1.0
schmuggel	neg 1.0		__DUMMY__ 0.8845677017683492 neg 0.0588804783833212 off 0.0565518198483296	false	1.0
auffallen	neg 1.0		__DUMMY__ 0.8793941260221976 off 0.06374352887836526 neg 0.056862345099437064	false	0.5
konkurrenz	neg 1.0		__DUMMY__ 0.8857722579789287 neg 0.05926971066984084 off 0.05495803135123052	false	1.0
teufelskreis	neg 1.0	neg 1.0	neg 0.5157202754903946 __DUMMY__ 0.43818991468431295 off 0.04608980982529259	false	1.0
aufschreien	neg 1.0		__DUMMY__ 0.8778627718811899 off 0.06389346259809085 neg 0.05824376552071923	false	0.5
schuldner	neg 1.0		__DUMMY__ 0.8827259026982357 neg 0.06159158142735138 off 0.05568251587441285	false	1.0
missgeburt	off 1.0	off 1.0	off 0.5251136638095701 __DUMMY__ 0.431680768766575 neg 0.043205567423854806	false	1.0
arbeitslos	neg 1.0		__DUMMY__ 0.8798987245995159 neg 0.06134225899333181 off 0.05875901640715234	false	1.0
befallen	neg 1.0		__DUMMY__ 0.882073393077281 off 0.05955113028168786 neg 0.058375476641031064	false	0.5
miesepetrig	off 1.0	off 1.0	off 0.5200685915393202 __DUMMY__ 0.4376533214747517 neg 0.042278086985928005	false	1.0
alarmieren	neg 1.0		__DUMMY__ 0.8770039600795259 off 0.06550063623171255 neg 0.05749540368876165	false	0.5
ungeduscht	off 1.0		__DUMMY__ 0.8772090294795604 off 0.06472755668043781 neg 0.058063413840001854	false	1.0
knappheit	neg 1.0		__DUMMY__ 0.8792296397014722 neg 0.0626798662301468 off 0.058090494068381064	false	1.0
schlange	neg 1.0		__DUMMY__ 0.8847001853622486 off 0.06231845475653831 neg 0.052981359881213066	false	0.5
harsch	neg 1.0		__DUMMY__ 0.8776272698228086 off 0.07076697085604361 neg 0.05160575932114786	false	0.5
lang	neg 1.0		__DUMMY__ 0.8825034474513963 off 0.06168821644691811 neg 0.055808336101685625	false	0.5
ziellos	neg 1.0		__DUMMY__ 0.8854646828142886 off 0.05784667499513252 neg 0.056688642190578946	false	0.5
selbstverliebt	neg 1.0		__DUMMY__ 0.8665143016743788 off 0.07724922488475468 neg 0.05623647344086648	false	0.5
beseitigen	neg 1.0		__DUMMY__ 0.8832517635069949 off 0.05937146462545243 neg 0.05737677186755275	false	0.5
dumm	off 1.0		__DUMMY__ 0.871999754062631 off 0.07266021459433925 neg 0.05534003134302985	false	1.0
arbeitsloser	neg 1.0		__DUMMY__ 0.8832002779183302 off 0.05878868955816575 neg 0.05801103252350399	false	0.5
blitzen	neg 1.0		__DUMMY__ 0.8798258514741717 off 0.06406606472628074 neg 0.05610808379954761	false	0.5
hilflos	neg 1.0		__DUMMY__ 0.881485572014996 off 0.059273912355113346 neg 0.05924051562989073	false	0.5
eklig	off 1.0		__DUMMY__ 0.8694512789990498 off 0.07323506990682266 neg 0.05731365109412755	false	1.0
begriff			__DUMMY__ 0.8808209747759712 off 0.06043228834626249 neg 0.05874673687776624	false	0.0
hungersnot	neg 1.0		__DUMMY__ 0.8845709535395803 off 0.05858896967196516 neg 0.056840076788454506	false	0.5
ungesetzlich	neg 1.0		__DUMMY__ 0.8768422431091658 off 0.06213131010768512 neg 0.06102644678314908	false	0.5
verschwendung	neg 1.0		__DUMMY__ 0.8835022085553729 neg 0.05961630012358063 off 0.05688149132104647	false	1.0
schmerzvoll	neg 1.0		__DUMMY__ 0.8806476632257688 off 0.06269285444437134 neg 0.056659482329859956	false	0.5
vorzeitig	neg 1.0		__DUMMY__ 0.8808038430031079 off 0.06361601832953506 neg 0.055580138667357	false	0.5
unvollkommenheit	neg 1.0		__DUMMY__ 0.8876422505863308 off 0.0579036141049352 neg 0.05445413530873388	false	0.5
intervenieren	neg 1.0		__DUMMY__ 0.88271273813954 neg 0.06043002597992983 off 0.05685723588053029	false	1.0
banause	off 1.0		__DUMMY__ 0.866279818545334 off 0.07574907913358765 neg 0.0579711023210783	false	1.0
rebell	neg 1.0		__DUMMY__ 0.886315756794239 neg 0.06078007126665411 off 0.052904171939106896	false	1.0
unlogisch	neg 1.0		__DUMMY__ 0.8736724309112051 off 0.06912225377319532 neg 0.0572053153155996	false	0.5
leiden	neg 1.0		__DUMMY__ 0.8865283733572432 neg 0.05809836658846754 off 0.05537326005428925	false	1.0
abschaffung	neg 1.0		__DUMMY__ 0.881134137770011 off 0.061280685138097486 neg 0.057585177091891405	false	0.5
sturz	neg 1.0		__DUMMY__ 0.8845738697186972 off 0.06096547149612436 neg 0.054460658785178535	false	0.5
verkleinerung	neg 1.0		__DUMMY__ 0.8764216533131304 off 0.06395217071684359 neg 0.059626175970025966	false	0.5
schmarotzer	off 1.0		__DUMMY__ 0.8785292919943646 neg 0.06191811585816739 off 0.05955259214746802	false	0.5
bestrafung	neg 1.0		__DUMMY__ 0.8810547074763857 off 0.062114988334724855 neg 0.056830304188889354	false	0.5
achtlos	neg 1.0	neg 1.0	neg 0.5131776550666767 __DUMMY__ 0.44112924476711074 off 0.04569310016621264	false	1.0
ungeheuer	neg 1.0		__DUMMY__ 0.8821869161898357 off 0.06321617666002737 neg 0.05459690715013702	false	0.5
unaufrichtig	neg 1.0		__DUMMY__ 0.8821535424742236 off 0.06403083070179798 neg 0.05381562682397836	false	0.5
