unsolidarisch	neg 1.0		__DUMMY__ 0.46430007492778325 off 0.2717547004264327 neg 0.2639452246457842	false	0.5
nachteilig	neg 1.0		__DUMMY__ 0.46824756942183643 off 0.2678102146402603 neg 0.26394221593790346	false	0.5
skeptisch	neg 1.0		__DUMMY__ 0.46888941122891525 off 0.2673726798956019 neg 0.26373790887548293	false	0.5
schrecklich	neg 1.0		__DUMMY__ 0.46260722781432334 off 0.28396233291959455 neg 0.2534304392660821	false	0.5
schlapp	neg 1.0		__DUMMY__ 0.4650228339064974 off 0.2796591800558733 neg 0.25531798603762934	false	0.5
abfall	neg 1.0		__DUMMY__ 0.47165164655985675 neg 0.26451545175904284 off 0.2638329016811006	false	1.0
widerspenstig	neg 1.0		__DUMMY__ 0.4672912949582095 off 0.27359270681126213 neg 0.2591159982305284	false	0.5
abrupt	neg 1.0		__DUMMY__ 0.4713701648681692 off 0.26945996699212293 neg 0.2591698681397077	false	0.5
unwirksam	neg 1.0		__DUMMY__ 0.46394378800407304 off 0.27164988656577405 neg 0.26440632543015297	false	0.5
angreifen	neg 1.0		__DUMMY__ 0.4685139360271741 off 0.2671316075521076 neg 0.26435445642071825	false	0.5
inkonsistent	neg 1.0		__DUMMY__ 0.4650467315725989 off 0.27359729046388215 neg 0.26135597796351884	false	0.5
abrutschen	neg 1.0		__DUMMY__ 0.4705505894554126 neg 0.2653969945231124 off 0.26405241602147494	false	1.0
unsicher	neg 1.0		__DUMMY__ 0.46800714511576963 off 0.273429865859197 neg 0.25856298902503344	false	0.5
bauernkind	off 1.0	off 1.0	off 0.6303334030369581 __DUMMY__ 0.220965714863575 neg 0.1487008820994669	false	1.0
angreifer	neg 1.0	neg 1.0	neg 0.6149767518674739 __DUMMY__ 0.22818472546715737 off 0.15683852266536868	false	1.0
trennen	neg 1.0		__DUMMY__ 0.4714101921051231 off 0.26797035619046633 neg 0.26061945170441053	false	0.5
schmutz	neg 1.0		__DUMMY__ 0.4698686250178289 off 0.2764333705396899 neg 0.2536980044424812	false	0.5
inkonsistenz	neg 1.0		__DUMMY__ 0.460556728781649 off 0.2776652051313528 neg 0.2617780660869984	false	0.5
erschreckend	neg 1.0		__DUMMY__ 0.4664141048110395 off 0.27189190780843747 neg 0.26169398738052313	false	0.5
ertrinken	neg 1.0		__DUMMY__ 0.4696262550363603 off 0.26820947695477754 neg 0.2621642680088621	false	0.5
pickelface	off 1.0		__DUMMY__ 0.4682867213835917 off 0.27245327090924976 neg 0.2592600077071587	false	1.0
seiner			__DUMMY__ 0.4693745536335745 off 0.2679963344723479 neg 0.2626291118940776	false	0.0
lauch	neg 1.0		__DUMMY__ 0.4719856591548949 off 0.26533153632588496 neg 0.26268280451922005	false	0.5
unwichtig	neg 1.0		__DUMMY__ 0.4630688697889996 off 0.2781944388940642 neg 0.25873669131693616	false	0.5
steuerhinterziehung	neg 1.0	neg 1.0	neg 0.6191757254421182 __DUMMY__ 0.22752501759158342 off 0.15329925696629845	false	1.0
schock	neg 1.0		__DUMMY__ 0.46877159494079124 off 0.27271704680790354 neg 0.25851135825130533	false	0.5
beule	neg 1.0		__DUMMY__ 0.4637056615588112 off 0.280422781921987 neg 0.25587155651920185	false	0.5
vergelten	neg 1.0		__DUMMY__ 0.4654327898099488 off 0.2834900986919044 neg 0.25107711149814693	false	0.5
verdorbenheit	neg 1.0		__DUMMY__ 0.46971678011521956 off 0.27512629400059724 neg 0.2551569258841833	false	0.5
trauma	neg 1.0		__DUMMY__ 0.4668776284723073 off 0.27438085688455677 neg 0.258741514643136	false	0.5
sinnlos	neg 1.0		__DUMMY__ 0.4660514283983067 off 0.27577339797872524 neg 0.25817517362296816	false	0.5
fettsack	off 1.0	off 1.0	off 0.6316131906919386 __DUMMY__ 0.22202513524670645 neg 0.14636167406135503	false	1.0
feige	off 1.0	off 1.0	off 0.6281282378589076 __DUMMY__ 0.22431485315228933 neg 0.14755690898880314	false	1.0
abdanken	neg 1.0		__DUMMY__ 0.4679239921569739 off 0.27264738333098554 neg 0.25942862451204046	false	0.5
wichtigtuer	off 1.0	off 1.0	off 0.6266457185131903 __DUMMY__ 0.2254124239769043 neg 0.14794185750990543	false	1.0
misslingen	neg 1.0		__DUMMY__ 0.47139680484651225 off 0.27557162525025514 neg 0.2530315699032326	false	0.5
untreu	off 1.0		__DUMMY__ 0.4639881347627709 off 0.27930579402230715 neg 0.25670607121492195	false	1.0
missmutig	neg 1.0		__DUMMY__ 0.4653157431834446 off 0.27888406527379994 neg 0.2558001915427555	false	0.5
hurenbock	off 1.0		__DUMMY__ 0.4679057177782268 off 0.2761193938517672 neg 0.2559748883700059	false	1.0
betrunken	neg 1.0		__DUMMY__ 0.46414112475581126 off 0.2815846032997336 neg 0.2542742719444552	false	0.5
korrupt	off 1.0		__DUMMY__ 0.46517351345122027 off 0.26909892140289776 neg 0.265727565145882	false	1.0
unmut	neg 1.0		__DUMMY__ 0.47105066299727105 neg 0.2645591445675504 off 0.26439019243517853	false	1.0
hackfresse	off 1.0		__DUMMY__ 0.45947399818128026 off 0.28748538061050977 neg 0.25304062120821014	false	1.0
aufblasen	neg 1.0		__DUMMY__ 0.46721044149073665 off 0.275752141754751 neg 0.2570374167545124	false	0.5
gewaltsam	neg 1.0		__DUMMY__ 0.4689514425523673 off 0.2719775125164723 neg 0.2590710449311604	false	0.5
unbeliebtheit	neg 1.0		__DUMMY__ 0.4631069437943954 off 0.27704183082630324 neg 0.2598512253793014	false	0.5
sturheit	neg 1.0		__DUMMY__ 0.4666615367530655 off 0.2711892608887018 neg 0.26214920235823286	false	0.5
kuh	neg 1.0		__DUMMY__ 0.46208118050056834 off 0.2745331509569128 neg 0.26338566854251894	false	0.5
erschrecken	neg 1.0		__DUMMY__ 0.46610449110985536 off 0.27880610328269706 neg 0.2550894056074476	false	0.5
opfer	neg 1.0		__DUMMY__ 0.46877647708131 off 0.26919761209886794 neg 0.26202591081982207	false	0.5
sinken	neg 1.0		__DUMMY__ 0.47148741632905894 off 0.2653998456161965 neg 0.26311273805474455	false	0.5
stinktier	neg 1.0		__DUMMY__ 0.45720246412459414 off 0.28272669894985103 neg 0.260070836925555	false	0.5
tucke	off 1.0		__DUMMY__ 0.45729048821149587 off 0.2880860982000796 neg 0.2546234135884246	false	1.0
ein			__DUMMY__ 0.4672509549396693 off 0.2747393686920344 neg 0.2580096763682963	false	0.0
abstieg	neg 1.0		__DUMMY__ 0.47020635907016045 off 0.2684079293301301 neg 0.2613857115997096	false	0.5
missverstehen	neg 1.0		__DUMMY__ 0.4632490585878491 off 0.2756900689839717 neg 0.2610608724281792	false	0.5
ergebnislos	neg 1.0		__DUMMY__ 0.47029492068783324 off 0.2680207210870477 neg 0.26168435822511915	false	0.5
unter			__DUMMY__ 0.4756272116146591 neg 0.2645053286659452 off 0.2598674597193957	false	0.0
manipulieren	neg 1.0		__DUMMY__ 0.46953173049274616 off 0.26708277362966787 neg 0.263385495877586	false	0.5
unbewiesen	neg 1.0		__DUMMY__ 0.4633941503599371 off 0.27131522319598994 neg 0.26529062644407303	false	0.5
verschleppen	neg 1.0		__DUMMY__ 0.46795876981638784 off 0.26927042519435085 neg 0.2627708049892615	false	0.5
weib	off 1.0		__DUMMY__ 0.4562771262465097 off 0.28711392747115977 neg 0.25660894628233044	false	1.0
opposition	neg 1.0		__DUMMY__ 0.46516571273279905 off 0.27449863236416544 neg 0.2603356549030356	false	0.5
verkehrswidrig	neg 1.0		__DUMMY__ 0.4661139340205484 off 0.28521129622501806 neg 0.24867476975443356	false	0.5
inkorrekt	neg 1.0		__DUMMY__ 0.4603566623476979 off 0.2820036889863471 neg 0.2576396486659551	false	0.5
vermeiden	neg 1.0	neg 1.0	neg 0.6201083980922192 __DUMMY__ 0.23053329371201037 off 0.1493583081957704	false	1.0
abweichung	neg 1.0		__DUMMY__ 0.46827561821052766 off 0.2688446319394915 neg 0.2628797498499807	false	0.5
alkoholisiert	neg 1.0		__DUMMY__ 0.4703725551830285 off 0.2685261674881985 neg 0.2611012773287729	false	0.5
scheiss	off 1.0	off 1.0	off 0.6287979519162061 __DUMMY__ 0.22498114218846862 neg 0.14622090589532527	false	1.0
herausforderung	neg 1.0		__DUMMY__ 0.46940148698694656 off 0.26746143293091246 neg 0.2631370800821411	false	0.5
pervers	off 1.0		__DUMMY__ 0.45718681444186954 off 0.2911365671620303 neg 0.25167661839610017	false	1.0
wackelig	neg 1.0		__DUMMY__ 0.47097151864099657 off 0.2721404534959955 neg 0.25688802786300785	false	0.5
verwickeln	neg 1.0		__DUMMY__ 0.4635487352657024 off 0.2750714544762802 neg 0.2613798102580175	false	0.5
vorwand	neg 1.0		__DUMMY__ 0.46876174212159055 off 0.2666072395762808 neg 0.2646310183021285	false	0.5
muschi	off 1.0		__DUMMY__ 0.46822448088965246 off 0.2726200696882287 neg 0.259155449422119	false	1.0
entmutigung	neg 1.0		__DUMMY__ 0.4663744534132585 off 0.2745058439825506 neg 0.2591197026041909	false	0.5
unangemessen	neg 1.0		__DUMMY__ 0.46538630408659537 off 0.27032307590960225 neg 0.2642906200038024	false	0.5
unstetig	neg 1.0		__DUMMY__ 0.4664653788586333 off 0.27655720598233274 neg 0.25697741515903394	false	0.5
entmutigen	neg 1.0		__DUMMY__ 0.46640344924539306 off 0.2741784916823383 neg 0.2594180590722686	false	0.5
schwanz	neg 1.0		__DUMMY__ 0.4693212189652847 off 0.2697432940588992 neg 0.260935486975816	false	0.5
verbot	neg 1.0		__DUMMY__ 0.4677328205647416 off 0.26966079535237103 neg 0.26260638408288745	false	0.5
leid	neg 1.0		__DUMMY__ 0.46025722475642666 off 0.28515524365833145 neg 0.25458753158524183	false	0.5
archaisch	neg 1.0		__DUMMY__ 0.46719683561345965 off 0.27143383522755854 neg 0.2613693291589819	false	0.5
gegen			__DUMMY__ 0.47145867409593817 off 0.2655016825491873 neg 0.26303964335487445	false	0.0
scheidung	neg 1.0		__DUMMY__ 0.45960701339780874 off 0.2977322182361381 neg 0.24266076836605327	false	0.5
einschlag	neg 1.0		__DUMMY__ 0.4631442734793792 off 0.2824754551565465 neg 0.2543802713640743	false	0.5
m			__DUMMY__ 0.4693440704150149 off 0.27101014448411753 neg 0.25964578510086744	false	0.0
abgestanden	neg 1.0		__DUMMY__ 0.46575493562871606 off 0.273574323671235 neg 0.260670740700049	false	0.5
schmierig	off 1.0		__DUMMY__ 0.46196183876789193 off 0.2848816718863462 neg 0.25315648934576185	false	1.0
unpraktisch	neg 1.0		__DUMMY__ 0.4670021633949772 off 0.2753252666493556 neg 0.2576725699556673	false	0.5
wixxer	off 1.0		__DUMMY__ 0.4555686164496717 off 0.29071133779581354 neg 0.2537200457545146	false	1.0
bezeichnet			__DUMMY__ 0.4649643402513574 off 0.27244637198636973 neg 0.26258928776227297	false	0.0
jammerlappen	off 1.0		__DUMMY__ 0.4652913597527156 off 0.2792184935634501 neg 0.2554901466838343	false	1.0
farce	neg 1.0		__DUMMY__ 0.4672717180391107 off 0.2708705905888523 neg 0.26185769137203685	false	0.5
zwecklos	neg 1.0		__DUMMY__ 0.4665334097396272 off 0.27035622399384285 neg 0.2631103662665299	false	0.5
turbulent	neg 1.0		__DUMMY__ 0.462657911591792 off 0.280091056317268 neg 0.25725103209093997	false	0.5
invasion	neg 1.0		__DUMMY__ 0.4659161853419398 off 0.27546942924297646 neg 0.2586143854150838	false	0.5
schuld	neg 1.0		__DUMMY__ 0.46524580042893526 off 0.2739781129602233 neg 0.26077608661084145	false	0.5
risiko	neg 1.0	neg 1.0	neg 0.6157773705681597 __DUMMY__ 0.22803339578467552 off 0.15618923364716475	false	1.0
finster	neg 1.0		__DUMMY__ 0.4649497456769667 off 0.27418240405482047 neg 0.2608678502682128	false	0.5
geisteskrank	off 1.0		__DUMMY__ 0.4606414342107688 off 0.2796847307244847 neg 0.25967383506474656	false	1.0
zusammenbrechen	neg 1.0		__DUMMY__ 0.4678735964615168 off 0.27106322259361115 neg 0.26106318094487185	false	0.5
ausbeute	neg 1.0		__DUMMY__ 0.4743705498225741 off 0.27154701537892934 neg 0.25408243479849657	false	0.5
hinterhalt	neg 1.0		__DUMMY__ 0.4732807266304756 off 0.27354911307883256 neg 0.25317016029069184	false	0.5
kritik	neg 1.0		__DUMMY__ 0.46696641833704783 off 0.27046692232796493 neg 0.26256665933498724	false	0.5
einschrumpfen	neg 1.0		__DUMMY__ 0.4637920569693255 off 0.27730745587221756 neg 0.2589004871584568	false	0.5
riskant	neg 1.0		__DUMMY__ 0.46763673451920473 off 0.267596132584097 neg 0.26476713289669834	false	0.5
frustrieren	neg 1.0		__DUMMY__ 0.4677852801901542 off 0.2688653378122833 neg 0.2633493819975625	false	0.5
groll	neg 1.0		__DUMMY__ 0.46667535932167686 off 0.2697841741175582 neg 0.2635404665607648	false	0.5
gibt			__DUMMY__ 0.4681391898985445 off 0.2712691390567004 neg 0.2605916710447551	false	0.0
qualvoll	neg 1.0		__DUMMY__ 0.4661351539385271 off 0.2770610332271684 neg 0.2568038128343044	false	0.5
wackeln	neg 1.0		__DUMMY__ 0.4687712431555108 off 0.27510564404089 neg 0.2561231128035992	false	0.5
klagen	neg 1.0		__DUMMY__ 0.4699529409200782 neg 0.26511378665164986 off 0.26493327242827175	false	1.0
bankrott	neg 1.0		__DUMMY__ 0.4662564160195767 off 0.27874419246188137 neg 0.2549993915185421	false	0.5
trauern	neg 1.0		__DUMMY__ 0.4708766829313408 off 0.26951179426834226 neg 0.25961152280031696	false	0.5
ablehnung	neg 1.0		__DUMMY__ 0.46691051579269466 off 0.27005859343768973 neg 0.2630308907696157	false	0.5
stur	neg 1.0		__DUMMY__ 0.4654313850591632 off 0.2743054804696848 neg 0.26026313447115207	false	0.5
aufruhr	neg 1.0		__DUMMY__ 0.46818389346786915 off 0.2721808925336434 neg 0.25963521399848755	false	0.5
melancholie	neg 1.0		__DUMMY__ 0.46967023491263754 off 0.27019070845979104 neg 0.26013905662757125	false	0.5
ist			__DUMMY__ 0.4663149206854363 off 0.2755736517806983 neg 0.2581114275338654	false	0.0
torheit	neg 1.0		__DUMMY__ 0.46668316062077675 off 0.2734672097549784 neg 0.25984962962424474	false	0.5
dreckskind	off 1.0		__DUMMY__ 0.45805554651468766 off 0.28554438089726913 neg 0.2564000725880432	false	1.0
umtauschen	neg 1.0		__DUMMY__ 0.4678803217249994 off 0.27316591651088523 neg 0.25895376176411533	false	0.5
zum			__DUMMY__ 0.4759262699846011 off 0.2643841599260827 neg 0.2596895700893162	false	0.0
zersetzen	neg 1.0		__DUMMY__ 0.46778447243191684 off 0.2665757718120082 neg 0.2656397557560749	false	0.5
zur			__DUMMY__ 0.47414442734311646 neg 0.2630841910815093 off 0.2627713815753741	false	0.0
frust	neg 1.0		__DUMMY__ 0.4683212271182435 off 0.2712347854092922 neg 0.2604439874724644	false	0.5
unerbittlichkeit	neg 1.0		__DUMMY__ 0.46891357669916706 off 0.2670266911532734 neg 0.2640597321475598	false	0.5
zwei			__DUMMY__ 0.4747689194134709 off 0.26538211779771903 neg 0.2598489627888102	false	0.0
unkorrekt	neg 1.0		__DUMMY__ 0.46199169700242537 off 0.28219754248619633 neg 0.25581076051137824	false	0.5
hexe	off 1.0		__DUMMY__ 0.46212705808189675 off 0.2783160689157405 neg 0.2595568730023627	false	1.0
lasch	neg 1.0		__DUMMY__ 0.4631667878806645 off 0.27696098048911344 neg 0.2598722316302222	false	0.5
rivale	neg 1.0		__DUMMY__ 0.4630367047699926 off 0.2814317723473005 neg 0.2555315228827069	false	0.5
mutlos	off 1.0	off 1.0	off 0.622065868595739 __DUMMY__ 0.22729702735967924 neg 0.15063710404458167	false	1.0
wirr	off 1.0		__DUMMY__ 0.4604331276575787 off 0.2826378592859158 neg 0.25692901305650534	false	1.0
jahr			__DUMMY__ 0.47530804331585774 off 0.26894991827632003 neg 0.25574203840782206	false	0.0
wird			__DUMMY__ 0.46827298428460346 off 0.2698271529263777 neg 0.26189986278901883	false	0.0
strafbar	neg 1.0		__DUMMY__ 0.4674867612286645 off 0.26811874576721223 neg 0.2643944930041232	false	0.5
erosion	neg 1.0		__DUMMY__ 0.4686660966918499 off 0.27392653112731263 neg 0.2574073721808376	false	0.5
eingehen	neg 1.0		__DUMMY__ 0.46743828856085734 off 0.26839757466767505 neg 0.2641641367714677	false	0.5
faul	off 1.0		__DUMMY__ 0.46613877454774055 off 0.2787079161452442 neg 0.2551533093070152	false	1.0
provisorium	neg 1.0		__DUMMY__ 0.47642000295181386 neg 0.26260179258803756 off 0.26097820446014863	false	1.0
schmerzen	neg 1.0		__DUMMY__ 0.4664049670323924 off 0.2715792818108331 neg 0.2620157511567746	false	0.5
schrumpfen	neg 1.0		__DUMMY__ 0.4708824177466987 neg 0.2672602758376607 off 0.2618573064156406	false	1.0
geistlos	off 1.0		__DUMMY__ 0.46234150003514357 off 0.2749866100502915 neg 0.26267188991456486	false	1.0
fehlkauf	neg 1.0		__DUMMY__ 0.4670011602775672 off 0.27572993372327403 neg 0.25726890599915864	false	0.5
frustrierend	neg 1.0		__DUMMY__ 0.46485268400514584 off 0.27765417388959013 neg 0.25749314210526403	false	0.5
unzufrieden	neg 1.0		__DUMMY__ 0.4665217886543428 off 0.26991585870147655 neg 0.2635623526441808	false	0.5
verzweifeln	neg 1.0		__DUMMY__ 0.46725270249739415 off 0.2719933557343434 neg 0.26075394176826244	false	0.5
verzweifelt	neg 1.0	neg 1.0	neg 0.618688841601382 __DUMMY__ 0.22577089506711262 off 0.1555402633315054	false	1.0
misstrauensantrag	neg 1.0		__DUMMY__ 0.4660013028973102 off 0.2757128121244347 neg 0.2582858849782552	false	0.5
abfallen	neg 1.0		__DUMMY__ 0.4683830667572548 off 0.27500100992846194 neg 0.2566159233142833	false	0.5
fucker	off 1.0		__DUMMY__ 0.4640428474214905 off 0.28259293076355074 neg 0.2533642218149588	false	1.0
ungezogen	neg 1.0		__DUMMY__ 0.4580730558358899 off 0.2902993915065932 neg 0.2516275526575169	false	0.5
irrsinnig	neg 1.0	neg 1.0	neg 0.6182491747943601 __DUMMY__ 0.22609664317991318 off 0.15565418202572662	false	1.0
unfassbar	neg 1.0		__DUMMY__ 0.4646346973032338 off 0.2805318588187568 neg 0.2548334438780094	false	0.5
hart	neg 1.0		__DUMMY__ 0.46405675218749476 off 0.2797101084679599 neg 0.25623313934454534	false	0.5
widerlich	off 1.0		__DUMMY__ 0.46198416565808526 off 0.2802624794193957 neg 0.2577533549225189	false	1.0
fatal	neg 1.0		__DUMMY__ 0.4661175430793172 off 0.27599681271319715 neg 0.25788564420748566	false	0.5
bruch	neg 1.0		__DUMMY__ 0.4707849872656163 off 0.2657786955530197 neg 0.26343631718136407	false	0.5
aushungern	neg 1.0		__DUMMY__ 0.4682171765251676 off 0.2710193591172024 neg 0.26076346435763004	false	0.5
anspannung	neg 1.0		__DUMMY__ 0.47499944220237483 off 0.26409133742683777 neg 0.2609092203707874	false	0.5
von			__DUMMY__ 0.47645950483463423 off 0.2694472063936663 neg 0.25409328877169945	false	0.0
kraftlos	neg 1.0		__DUMMY__ 0.4691269708401991 off 0.27090735294439683 neg 0.259965676215404	false	0.5
vom			__DUMMY__ 0.47772323950585793 off 0.262190099377618 neg 0.2600866611165242	false	0.0
grenzdebil	off 1.0		__DUMMY__ 0.4646094034177808 off 0.28098731906718233 neg 0.2544032775150368	false	1.0
vor			__DUMMY__ 0.47170467032718094 off 0.2670005320382672 neg 0.2612947976345518	false	0.0
unterwerfen	neg 1.0		__DUMMY__ 0.468387462058738 off 0.268969445741441 neg 0.26264309219982107	false	0.5
versenkung	neg 1.0		__DUMMY__ 0.4700260931666335 off 0.26977402761078534 neg 0.2601998792225811	false	0.5
entziehen	neg 1.0		__DUMMY__ 0.4698188937959642 off 0.2655491470644483 neg 0.2646319591395875	false	0.5
finanzkrise	neg 1.0		__DUMMY__ 0.4663327313720675 off 0.2714084619151967 neg 0.2622588067127359	false	0.5
schimpfend	neg 1.0		__DUMMY__ 0.46621052250048745 off 0.2755919770160066 neg 0.2581975004835059	false	0.5
profan	neg 1.0		__DUMMY__ 0.4650002866521464 off 0.27611971600949264 neg 0.2588799973383608	false	0.5
korruption	neg 1.0		__DUMMY__ 0.46791048707949573 off 0.26943166338554186 neg 0.26265784953496235	false	0.5
â			__DUMMY__ 0.47005830093421314 off 0.2706106371626441 neg 0.2593310619031427	false	0.0
schmutzig	neg 1.0		__DUMMY__ 0.4650042651816585 off 0.2817424299280737 neg 0.2532533048902678	false	0.5
sexy	neg 1.0		__DUMMY__ 0.46633699896503344 off 0.2778983443704842 neg 0.2557646566644824	false	0.5
abraten	neg 1.0		__DUMMY__ 0.46619077098265843 off 0.27568650990526744 neg 0.25812271911207413	false	0.5
schwarz	neg 1.0		__DUMMY__ 0.46628881946867223 off 0.27512595523889705 neg 0.2585852252924307	false	0.5
fotze	off 1.0	off 1.0	off 0.623974024955786 __DUMMY__ 0.22847764147110233 neg 0.1475483335731117	false	1.0
verwirren	neg 1.0		__DUMMY__ 0.46524387323517996 off 0.27681324252012823 neg 0.2579428842446918	false	0.5
zahnlos	off 1.0		__DUMMY__ 0.46689515470344206 off 0.2711537984945301 neg 0.26195104680202785	false	1.0
verheeren	neg 1.0		__DUMMY__ 0.45884080846731473 off 0.2922244600661598 neg 0.24893473146652545	false	0.5
hippie	neg 1.0		__DUMMY__ 0.4663524263723901 off 0.2774267102656283 neg 0.2562208633619817	false	0.5
rammen	neg 1.0		__DUMMY__ 0.46522723777661695 off 0.2745462385042371 neg 0.26022652371914606	false	0.5
unlauter	neg 1.0		__DUMMY__ 0.46446430473538697 off 0.27348433284180684 neg 0.2620513624228062	false	0.5
unheilvoll	neg 1.0		__DUMMY__ 0.46695612671034226 off 0.2757545168708816 neg 0.25728935641877615	false	0.5
niedrig	neg 1.0		__DUMMY__ 0.4673715696443505 off 0.26703950336230403 neg 0.2655889269933454	false	0.5
explosion	neg 1.0		__DUMMY__ 0.46586261028092146 off 0.2765549421901296 neg 0.2575824475289489	false	0.5
weichei	off 1.0	off 1.0	off 0.6322456846876076 __DUMMY__ 0.22304024980208625 neg 0.1447140655103062	false	1.0
minusmensch	off 1.0		__DUMMY__ 0.4570867683009916 off 0.2881886665084685 neg 0.2547245651905398	false	1.0
farblos	neg 1.0		__DUMMY__ 0.46809926167324467 off 0.27315741854438247 neg 0.2587433197823729	false	0.5
unwissend	neg 1.0	neg 1.0	neg 0.6168907993619227 __DUMMY__ 0.22491644528621327 off 0.158192755351864	false	1.0
traurig	neg 1.0		__DUMMY__ 0.4633554129836352 off 0.2832677758379242 neg 0.25337681117844063	false	0.5
senkung	neg 1.0		__DUMMY__ 0.46398310492564443 off 0.27563587614657337 neg 0.26038101892778226	false	0.5
ungleich	neg 1.0	neg 1.0	neg 0.620857518406885 __DUMMY__ 0.2274629496031619 off 0.15167953198995307	false	1.0
heikel	neg 1.0		__DUMMY__ 0.46762343744971263 off 0.26756174996002496 neg 0.26481481259026224	false	0.5
drosselung	neg 1.0		__DUMMY__ 0.46389991899786054 off 0.28047517370606034 neg 0.2556249072960791	false	0.5
falsch	neg 1.0		__DUMMY__ 0.46412064807988135 off 0.27765042867511264 neg 0.258228923245006	false	0.5
unzufriedenheit	neg 1.0		__DUMMY__ 0.4693033198340578 off 0.26628455570287374 neg 0.26441212446306844	false	0.5
kurz	neg 1.0		__DUMMY__ 0.47020260300160066 off 0.27256484013302396 neg 0.25723255686537533	false	0.5
unsinnig	neg 1.0		__DUMMY__ 0.4657511512435479 off 0.27092846280180394 neg 0.26332038595464824	false	0.5
penner	off 1.0	off 1.0	off 0.6333353133863154 __DUMMY__ 0.2229064329508503 neg 0.1437582536628342	false	1.0
seicht	neg 1.0		__DUMMY__ 0.4567827144618381 off 0.2890195774709617 neg 0.2541977080672002	false	0.5
dummheit	off 1.0	off 1.0	off 0.6268083314995436 __DUMMY__ 0.22522842827361347 neg 0.14796324022684293	false	1.0
unerfreulich	neg 1.0		__DUMMY__ 0.4692302118004244 off 0.2671328225071498 neg 0.26363696569242584	false	0.5
motherfucker	off 1.0	off 1.0	off 0.6299798534307433 __DUMMY__ 0.2252425179747563 neg 0.14477762859450047	false	1.0
pikiert	neg 1.0		__DUMMY__ 0.46295514052964065 off 0.27965697450166477 neg 0.25738788496869464	false	0.5
wrack	neg 1.0		__DUMMY__ 0.46978484434926016 off 0.27134337363777405 neg 0.2588717820129659	false	0.5
gangster	neg 1.0		__DUMMY__ 0.4662501322119717 off 0.27746190154829414 neg 0.2562879662397341	false	0.5
krank	neg 1.0		__DUMMY__ 0.4648460412773013 off 0.2810755820333025 neg 0.25407837668939615	false	0.5
reich	neg 1.0		__DUMMY__ 0.46628844221268734 off 0.28005230093886996 neg 0.2536592568484426	false	0.5
gnadenlos	neg 1.0		__DUMMY__ 0.46587529353749835 off 0.2743579544316471 neg 0.2597667520308545	false	0.5
niedergeschlagen	neg 1.0		__DUMMY__ 0.46841240882619106 off 0.27190956390056936 neg 0.25967802727323946	false	0.5
terrorisieren	off 1.0	off 1.0	off 0.6226428546563817 __DUMMY__ 0.22823296142617977 neg 0.14912418391743856	false	1.0
sinnlosigkeit	neg 1.0		__DUMMY__ 0.46729720764087856 off 0.27065925546235287 neg 0.2620435368967685	false	0.5
behindern	neg 1.0		__DUMMY__ 0.4679587883017851 off 0.27262326911126694 neg 0.2594179425869479	false	0.5
undemokratisch	neg 1.0		__DUMMY__ 0.4659776986733599 off 0.27401055525128587 neg 0.2600117460753542	false	0.5
wirtschaftskrise	neg 1.0		__DUMMY__ 0.467626912007493 off 0.26908846992593916 neg 0.26328461806656794	false	0.5
neid	neg 1.0		__DUMMY__ 0.4662203472379569 off 0.2783435850219398 neg 0.2554360677401032	false	0.5
rutschen	neg 1.0		__DUMMY__ 0.47520644884152724 off 0.2654120808792943 neg 0.25938147027917835	false	0.5
rezession	neg 1.0		__DUMMY__ 0.4583295844260209 off 0.28150930541241503 neg 0.2601611101615642	false	0.5
fehlgeburt	neg 1.0		__DUMMY__ 0.46729987775000204 off 0.275724474266022 neg 0.256975647983976	false	0.5
charakterschwach	off 1.0		__DUMMY__ 0.4620961197363098 off 0.2800338271496954 neg 0.2578700531139948	false	1.0
isolation	neg 1.0		__DUMMY__ 0.465633870520024 off 0.27765184631931417 neg 0.2567142831606619	false	0.5
ablenkung	neg 1.0		__DUMMY__ 0.4680104950864287 off 0.2737922721911817 neg 0.2581972327223896	false	0.5
pech	neg 1.0		__DUMMY__ 0.46508336190824273 off 0.27759499193848036 neg 0.25732164615327696	false	0.5
vermeidung	neg 1.0		__DUMMY__ 0.46444759453908807 off 0.2808845209877977 neg 0.25466788447311417	false	0.5
dominieren	neg 1.0		__DUMMY__ 0.46975827129057274 off 0.2692451860076646 neg 0.2609965427017626	false	0.5
schwindlig	neg 1.0		__DUMMY__ 0.46735960197274584 off 0.2764854348730906 neg 0.25615496315416353	false	0.5
lutscher	neg 1.0		__DUMMY__ 0.4573353265961037 off 0.2898579483081548 neg 0.2528067250957416	false	0.5
pflicht	neg 1.0		__DUMMY__ 0.468663384388122 off 0.2664610022075278 neg 0.26487561340435006	false	0.5
faschist	off 1.0		__DUMMY__ 0.465379997965363 off 0.27710758329273916 neg 0.2575124187418979	false	1.0
verschleudern	neg 1.0		__DUMMY__ 0.46780054437372925 off 0.2674445048874723 neg 0.2647549507387985	false	0.5
wenn			__DUMMY__ 0.46471871969804995 off 0.2781054748945277 neg 0.2571758054074223	false	0.0
ehebruch	neg 1.0		__DUMMY__ 0.46825271571301963 off 0.26950235101184955 neg 0.26224493327513076	false	0.5
spott	off 1.0		__DUMMY__ 0.4679507005718156 off 0.2687426761496021 neg 0.26330662327858223	false	1.0
trostlosigkeit	neg 1.0		__DUMMY__ 0.4712774792551782 off 0.26686606676407887 neg 0.2618564539807428	false	0.5
lutschen	neg 1.0		__DUMMY__ 0.46443831869568536 off 0.277297054402714 neg 0.25826462690160046	false	0.5
undiszipliniert	neg 1.0		__DUMMY__ 0.4624588370095694 off 0.28215960349476277 neg 0.25538155949566776	false	0.5
kopfschmerz	neg 1.0		__DUMMY__ 0.4670746878444876 off 0.2705350761203797 neg 0.2623902360351327	false	0.5
unvorhergesehen	neg 1.0		__DUMMY__ 0.472501566446809 off 0.26922375077755145 neg 0.25827468277563964	false	0.5
desinteressiert	neg 1.0	neg 1.0	neg 0.6155604349672851 __DUMMY__ 0.22458488257288853 off 0.15985468245982634	false	1.0
armselig	off 1.0		__DUMMY__ 0.4605902135999711 off 0.282275934484608 neg 0.2571338519154209	false	1.0
desaster	neg 1.0		__DUMMY__ 0.47046104069784267 off 0.2648455319066046 neg 0.2646934273955527	false	0.5
tod	neg 1.0		__DUMMY__ 0.47144787814325007 off 0.27117505704753964 neg 0.2573770648092103	false	0.5
herzlos	neg 1.0		__DUMMY__ 0.4619724021954861 off 0.28278266442291616 neg 0.25524493338159776	false	0.5
unwissenheit	neg 1.0		__DUMMY__ 0.4670692341820732 off 0.2701101608780211 neg 0.2628206049399058	false	0.5
widersinnig	neg 1.0		__DUMMY__ 0.4647697059911745 off 0.2692019344374988 neg 0.26602835957132664	false	0.5
bedenklich	neg 1.0		__DUMMY__ 0.4670500120868726 off 0.26888369127221895 neg 0.2640662966409086	false	0.5
beanstanden	neg 1.0		__DUMMY__ 0.4691563843255938 off 0.26618604451412264 neg 0.2646575711602835	false	0.5
panisch	neg 1.0	neg 1.0	neg 0.6146373115020486 __DUMMY__ 0.22801767343412707 off 0.15734501506382437	false	1.0
debil	off 1.0		__DUMMY__ 0.4748339140009716 neg 0.263740216880812 off 0.2614258691182164	false	0.5
abstrich	neg 1.0		__DUMMY__ 0.4723132760731184 off 0.27413197125738437 neg 0.2535547526694974	false	0.5
primitiv	neg 1.0		__DUMMY__ 0.4615893222064179 off 0.2803452790351586 neg 0.2580653987584235	false	0.5
abschaum	off 1.0	off 1.0	off 0.6284805891546349 __DUMMY__ 0.2249986797068081 neg 0.14652073113855693	false	1.0
provozieren	neg 1.0		__DUMMY__ 0.464569071923834 off 0.27355170423413155 neg 0.26187922384203455	false	0.5
tot	neg 1.0		__DUMMY__ 0.4680434372075351 off 0.2701567669498987 neg 0.26179979584256624	false	0.5
instabil	neg 1.0		__DUMMY__ 0.46248173491294003 off 0.2823423964567179 neg 0.25517586863034203	false	0.5
schwuchtel	off 1.0	off 1.0	off 0.6367663189879198 __DUMMY__ 0.22047508490187254 neg 0.14275859611020764	false	1.0
zerren	neg 1.0		__DUMMY__ 0.4686154514231725 off 0.2713123377936363 neg 0.26007221078319115	false	0.5
kinderficker	off 1.0		__DUMMY__ 0.4610745938296588 off 0.28598742298815677 neg 0.2529379831821844	false	1.0
gefahr	neg 1.0		__DUMMY__ 0.4707210594664534 off 0.26667450197411025 neg 0.26260443855943644	false	0.5
rabiat	neg 1.0		__DUMMY__ 0.46717094932478304 off 0.2735278634592527 neg 0.2593011872159643	false	0.5
verlangsamung	neg 1.0		__DUMMY__ 0.4569480730756876 off 0.28627712817713613 neg 0.25677479874717635	false	0.5
ausgestorben	neg 1.0		__DUMMY__ 0.46799466621818664 off 0.27344056397755123 neg 0.2585647698042622	false	0.5
anklagen	neg 1.0		__DUMMY__ 0.46861804615160985 off 0.27003540712900875 neg 0.26134654671938135	false	0.5
trott	neg 1.0		__DUMMY__ 0.4678694679779097 off 0.27304763057636317 neg 0.25908290144572715	false	0.5
verminderung	neg 1.0		__DUMMY__ 0.4628317095616933 off 0.28062735410118234 neg 0.2565409363371244	false	0.5
nach			__DUMMY__ 0.47553130350426803 off 0.26395318148519475 neg 0.2605155150105371	false	0.0
rost	neg 1.0		__DUMMY__ 0.46009474279807694 off 0.2860241285168262 neg 0.2538811286850968	false	0.5
destruktiv	neg 1.0		__DUMMY__ 0.46537435859585596 off 0.2722614452543524 neg 0.2623641961497915	false	0.5
unzumutbarkeit	neg 1.0		__DUMMY__ 0.4652491966680738 off 0.2799842997760101 neg 0.2547665035559163	false	0.5
labil	off 1.0	off 1.0	off 0.6281690239999366 __DUMMY__ 0.22566791108709647 neg 0.14616306491296693	false	1.0
ziemlich	neg 1.0		__DUMMY__ 0.46518667587034507 off 0.2805629484976764 neg 0.25425037563197866	false	0.5
lachnummer	off 1.0		__DUMMY__ 0.4654177442700062 off 0.2731846043109869 neg 0.26139765141900684	false	1.0
oder			__DUMMY__ 0.46774045580473206 off 0.2747095109285538 neg 0.25755003326671433	false	0.0
verfall	neg 1.0		__DUMMY__ 0.47194821989242586 neg 0.26561511020271805 off 0.26243666990485603	false	1.0
ausgrenzung	neg 1.0		__DUMMY__ 0.46602981714520597 off 0.27485919317464863 neg 0.25911098968014534	false	0.5
unordnung	neg 1.0		__DUMMY__ 0.46602923304460514 off 0.2836732048594879 neg 0.25029756209590687	false	0.5
fehlverhalten	neg 1.0		__DUMMY__ 0.4673278635214413 off 0.2666986744014478 neg 0.2659734620771109	false	0.5
eine			__DUMMY__ 0.4708424591958902 off 0.26740174470669065 neg 0.261755796097419	false	0.0
nille	neg 1.0		__DUMMY__ 0.46868058857242323 off 0.2733196692397025 neg 0.25799974218787425	false	0.5
qual	neg 1.0		__DUMMY__ 0.46807405853286665 off 0.27260116741138524 neg 0.2593247740557481	false	0.5
verschwenden	neg 1.0		__DUMMY__ 0.4673241987294677 off 0.268173231225777 neg 0.2645025700447553	false	0.5
riesig	neg 1.0		__DUMMY__ 0.4700089540194378 off 0.2699182282873731 neg 0.260072817693189	false	0.5
verurteilen	neg 1.0		__DUMMY__ 0.46624109507998657 off 0.2696252999013518 neg 0.2641336050186615	false	0.5
klischee	neg 1.0	neg 1.0	neg 0.6173417161064346 __DUMMY__ 0.22530738743874304 off 0.1573508964548224	false	1.0
diktatorisch	neg 1.0		__DUMMY__ 0.4655756647371492 off 0.27410299064093663 neg 0.26032134462191414	false	0.5
vorhersehbar	neg 1.0		__DUMMY__ 0.46340891103700155 off 0.2761467173827496 neg 0.2604443715802488	false	0.5
sowie			__DUMMY__ 0.4607671447829592 off 0.28507038373949367 neg 0.2541624714775472	false	0.0
stornieren	neg 1.0		__DUMMY__ 0.47048386466208486 off 0.2772646900156095 neg 0.25225144532230565	false	0.5
besteuerung	neg 1.0		__DUMMY__ 0.4639578762505199 off 0.2728030351527265 neg 0.26323908859675355	false	0.5
ungeschminkt	neg 1.0		__DUMMY__ 0.4612167546038895 off 0.27985394721108076 neg 0.2589292981850298	false	0.5
kritisch	neg 1.0		__DUMMY__ 0.467624435919839 off 0.26876872901340576 neg 0.2636068350667552	false	0.5
schlamperei	off 1.0		__DUMMY__ 0.4699802398067621 off 0.26802745581146725 neg 0.2619923043817707	false	1.0
sucht	neg 1.0	neg 1.0	neg 0.6130175171998411 __DUMMY__ 0.23018040187666636 off 0.1568020809234926	false	1.0
egoistisch	off 1.0		__DUMMY__ 0.4592069809892853 off 0.2854299976514898 neg 0.25536302135922484	false	1.0
ausbeuter	off 1.0		__DUMMY__ 0.4666480996016722 neg 0.2669461837636178 off 0.26640571663470997	false	0.5
arschgeburt	off 1.0		__DUMMY__ 0.4537024292277649 off 0.29316638633438225 neg 0.25313118443785276	false	1.0
schubs	neg 1.0		__DUMMY__ 0.468346924810562 off 0.2712655754528416 neg 0.2603874997365966	false	0.5
unsolide	neg 1.0		__DUMMY__ 0.464551267260789 off 0.27458015383208334 neg 0.2608685789071277	false	0.5
beschwerde	neg 1.0		__DUMMY__ 0.4685150556466161 off 0.2684844173389412 neg 0.26300052701444276	false	0.5
stocken	neg 1.0		__DUMMY__ 0.4696061148895978 off 0.26832808345178155 neg 0.26206580165862076	false	0.5
isolieren	neg 1.0		__DUMMY__ 0.46827370656710837 off 0.26976202050175985 neg 0.2619642729311317	false	0.5
unheilbar	neg 1.0		__DUMMY__ 0.46700355456854353 off 0.27367734849626973 neg 0.2593190969351868	false	0.5
pisser	off 1.0		__DUMMY__ 0.4618243392962736 off 0.28223116775094925 neg 0.255944492952777	false	1.0
löschen	neg 1.0		__DUMMY__ 0.4677921188744359 off 0.27344221531775365 neg 0.2587656658078104	false	0.5
durchfallen	neg 1.0		__DUMMY__ 0.4661111857815916 off 0.26900717997821133 neg 0.264881634240197	false	0.5
wichser	off 1.0	off 1.0	off 0.6352519180397452 __DUMMY__ 0.22186946476345396 neg 0.14287861719680073	false	1.0
terror	neg 1.0		__DUMMY__ 0.4664196431993474 off 0.277076745256392 neg 0.2565036115442606	false	0.5
krass	neg 1.0		__DUMMY__ 0.4618075429717457 off 0.28368544008094626 neg 0.2545070169473081	false	0.5
revolte	neg 1.0		__DUMMY__ 0.46671802149286445 off 0.27582200254947264 neg 0.25745997595766285	false	0.5
besorgt	neg 1.0		__DUMMY__ 0.4713733411497185 off 0.2727141479381445 neg 0.2559125109121369	false	0.5
nachlassen	neg 1.0		__DUMMY__ 0.4712656434422151 off 0.26898894490684255 neg 0.2597454116509423	false	0.5
alt	neg 1.0		__DUMMY__ 0.4676729584181538 off 0.27015980515427906 neg 0.2621672364275671	false	0.5
hundesohn	off 1.0		__DUMMY__ 0.45787756153025394 off 0.29023947821042884 neg 0.2518829602593171	false	1.0
als			__DUMMY__ 0.467970002850635 off 0.27085997555234465 neg 0.2611700215970203	false	0.0
abschreckung	neg 1.0		__DUMMY__ 0.46923456045813366 off 0.26594327971884824 neg 0.2648221598230182	false	0.5
unqualifiziert	neg 1.0		__DUMMY__ 0.4626629371735218 off 0.27694936283806537 neg 0.26038769998841294	false	0.5
abgewichst	off 1.0		__DUMMY__ 0.46897136235329856 off 0.27253528560115314 neg 0.25849335204554846	false	1.0
schwer	neg 1.0		__DUMMY__ 0.4666167813374994 off 0.2723987619061766 neg 0.260984456756324	false	0.5
bedeutungslosigkeit	neg 1.0		__DUMMY__ 0.4688674610062319 off 0.2671914962792362 neg 0.26394104271453195	false	0.5
kapitulation	neg 1.0		__DUMMY__ 0.46912669476680585 off 0.26903290972918603 neg 0.2618403955040081	false	0.5
unscharf	neg 1.0		__DUMMY__ 0.4642683481223617 off 0.27557173872126717 neg 0.26015991315637105	false	0.5
schwinden	neg 1.0		__DUMMY__ 0.4698160901899036 off 0.26722758891179527 neg 0.2629563208983012	false	0.5
versklavung	neg 1.0		__DUMMY__ 0.46698374366830514 off 0.2741690352538958 neg 0.25884722107779906	false	0.5
schlecht	neg 1.0		__DUMMY__ 0.46492768193955725 off 0.28064296257617566 neg 0.254429355484267	false	0.5
verhasst	neg 1.0		__DUMMY__ 0.4634254633283443 off 0.27379458896494757 neg 0.2627799477067082	false	0.5
beschweren	neg 1.0		__DUMMY__ 0.46587029777658956 off 0.27554205948289584 neg 0.25858764274051466	false	0.5
scheiden	neg 1.0		__DUMMY__ 0.4688884282805971 off 0.27387644285827184 neg 0.25723512886113115	false	0.5
frustriert	neg 1.0		__DUMMY__ 0.4667742950325794 off 0.27130474469838195 neg 0.26192096026903866	false	0.5
schimmelig	neg 1.0		__DUMMY__ 0.466189501273046 off 0.26925471072020873 neg 0.2645557880067452	false	0.5
fisch	neg 1.0		__DUMMY__ 0.4683487259941565 off 0.26629324423760486 neg 0.2653580297682387	false	0.5
schmuggel	neg 1.0		__DUMMY__ 0.4693066713623889 off 0.26791050193850935 neg 0.2627828266991018	false	0.5
auffallen	neg 1.0		__DUMMY__ 0.46544830374046775 off 0.27641765278539576 neg 0.25813404347413654	false	0.5
konkurrenz	neg 1.0		__DUMMY__ 0.4702751341367578 off 0.2659322025824884 neg 0.2637926632807538	false	0.5
teufelskreis	neg 1.0	neg 1.0	neg 0.6192878955351997 __DUMMY__ 0.22623696706456348 off 0.15447513740023688	false	1.0
aufschreien	neg 1.0		__DUMMY__ 0.4643336373562782 off 0.27609592678681566 neg 0.25957043585690603	false	0.5
schuldner	neg 1.0		__DUMMY__ 0.46787749117286254 off 0.266071463592813 neg 0.2660510452343246	false	0.5
missgeburt	off 1.0	off 1.0	off 0.6325020871489839 __DUMMY__ 0.22251173986088088 neg 0.1449861729901351	false	1.0
arbeitslos	neg 1.0		__DUMMY__ 0.4659904820078882 off 0.26941045558544724 neg 0.26459906240666453	false	0.5
befallen	neg 1.0		__DUMMY__ 0.46736893603986157 off 0.2713217381022431 neg 0.2613093258578952	false	0.5
miesepetrig	off 1.0	off 1.0	off 0.6288848018137627 __DUMMY__ 0.22571770148177403 neg 0.14539749670446314	false	1.0
alarmieren	neg 1.0		__DUMMY__ 0.46373598803094984 off 0.27780204161949407 neg 0.2584619703495562	false	0.5
ungeduscht	off 1.0		__DUMMY__ 0.46356813474488673 off 0.2777685433896346 neg 0.25866332186547863	false	1.0
knappheit	neg 1.0		__DUMMY__ 0.4652981429196653 off 0.26836448125066004 neg 0.26633737582967476	false	0.5
schlange	neg 1.0		__DUMMY__ 0.46926187666175906 off 0.27631001848329323 neg 0.25442810485494777	false	0.5
harsch	neg 1.0		__DUMMY__ 0.4640698730601923 off 0.28580834994568005 neg 0.25012177699412746	false	0.5
lang	neg 1.0		__DUMMY__ 0.467758926087905 off 0.2745965366062748 neg 0.2576445373058203	false	0.5
ziellos	neg 1.0		__DUMMY__ 0.469976511950604 off 0.2701295942532938 neg 0.2598938937961021	false	0.5
selbstverliebt	neg 1.0		__DUMMY__ 0.45589249997576686 off 0.29112368776347675 neg 0.2529838122607565	false	0.5
beseitigen	neg 1.0		__DUMMY__ 0.46812027418376806 off 0.2716223670582151 neg 0.2602573587580168	false	0.5
dumm	off 1.0		__DUMMY__ 0.45982157802010587 off 0.28663452597908506 neg 0.2535438960008091	false	1.0
arbeitsloser	neg 1.0		__DUMMY__ 0.46834458852546107 off 0.27033992557042963 neg 0.2613154859041094	false	0.5
blitzen	neg 1.0		__DUMMY__ 0.4657399670902689 off 0.2770002993990959 neg 0.2572597335106353	false	0.5
hilflos	neg 1.0		__DUMMY__ 0.4670614201499585 off 0.2708414083965878 neg 0.2620971714534536	false	0.5
eklig	off 1.0		__DUMMY__ 0.4579963374934626 off 0.2867343264326663 neg 0.255269336073871	false	1.0
begriff			__DUMMY__ 0.46651195788056515 off 0.27210274569799586 neg 0.261385296421439	false	0.0
hungersnot	neg 1.0		__DUMMY__ 0.46917553297643405 off 0.27075918481485495 neg 0.26006528220871095	false	0.5
ungesetzlich	neg 1.0		__DUMMY__ 0.4636476258438394 off 0.2728339629046422 neg 0.26351841125151837	false	0.5
verschwendung	neg 1.0		__DUMMY__ 0.4685649011957303 off 0.2680544531252914 neg 0.2633806456789784	false	0.5
schmerzvoll	neg 1.0		__DUMMY__ 0.4663704882752856 off 0.2753887188213888 neg 0.25824079290332563	false	0.5
vorzeitig	neg 1.0		__DUMMY__ 0.46636970736108807 off 0.27679525882992756 neg 0.2568350338089843	false	0.5
unvollkommenheit	neg 1.0		__DUMMY__ 0.4712326330878682 off 0.27114446630871875 neg 0.2576229006034129	false	0.5
intervenieren	neg 1.0		__DUMMY__ 0.4679375776143521 off 0.267556038027939 neg 0.2645063843577089	false	0.5
banause	off 1.0		__DUMMY__ 0.4556812808241671 off 0.2891784413902276 neg 0.25514027778560516	false	1.0
rebell	neg 1.0		__DUMMY__ 0.4703926028482524 neg 0.2656732521349707 off 0.2639341450167767	false	1.0
unlogisch	neg 1.0		__DUMMY__ 0.46112408118892356 off 0.2822066119405615 neg 0.2566693068705149	false	0.5
leiden	neg 1.0		__DUMMY__ 0.47047695394944944 off 0.26743414775737834 neg 0.2620888982931723	false	0.5
abschaffung	neg 1.0		__DUMMY__ 0.4666288322488273 off 0.2734497109913652 neg 0.25992145675980755	false	0.5
sturz	neg 1.0		__DUMMY__ 0.4691890089628509 off 0.2742189086777325 neg 0.25659208235941655	false	0.5
verkleinerung	neg 1.0		__DUMMY__ 0.463223536174316 off 0.2756673209060589 neg 0.26110914291962506	false	0.5
schmarotzer	off 1.0		__DUMMY__ 0.4649505565501653 off 0.27000633140169034 neg 0.2650431120481444	false	1.0
bestrafung	neg 1.0		__DUMMY__ 0.46666144857493186 off 0.2745439586707147 neg 0.2587945927543535	false	0.5
achtlos	neg 1.0	neg 1.0	neg 0.6173278407608319 __DUMMY__ 0.22777731439338716 off 0.15489484484578098	false	1.0
ungeheuer	neg 1.0		__DUMMY__ 0.46738426534383937 off 0.2767881049225741 neg 0.2558276297335864	false	0.5
unaufrichtig	neg 1.0		__DUMMY__ 0.4673273252629646 off 0.27750818291369556 neg 0.25516449182333983	false	0.5
groggy	neg 1.0		__DUMMY__ 0.46623038928430216 off 0.27708760297560453 neg 0.2566820077400933	false	0.5
verletzlich	neg 1.0		__DUMMY__ 0.4624273829522475 off 0.2800752143241364 neg 0.25749740272361615	false	0.5
ablehnen	neg 1.0		__DUMMY__ 0.46706792831919536 off 0.26940748192729624 neg 0.26352458975350856	false	0.5
