unsolidarisch	neg 1.0		off 0.4740686263284712 neg 0.45839490525785975 __DUMMY__ 0.067536468413669	false	0.5
nachteilig	neg 1.0		off 0.47172020580190044 neg 0.46013205484398934 __DUMMY__ 0.06814773935411013	false	0.5
skeptisch	neg 1.0		off 0.47154393058183836 neg 0.4601975217605415 __DUMMY__ 0.06825854765762011	false	0.5
schrecklich	neg 1.0		off 0.4865643401568795 neg 0.4461678250154561 __DUMMY__ 0.06726783482766456	false	0.5
schlapp	neg 1.0		off 0.4831268370190506 neg 0.449233319997841 __DUMMY__ 0.06763984298310857	false	0.5
abfall	neg 1.0		off 0.4690330453748697 neg 0.4622854709261439 __DUMMY__ 0.06868148369898629	false	0.5
widerspenstig	neg 1.0		off 0.47760346933522185 neg 0.4544017963968252 __DUMMY__ 0.06799473426795298	false	0.5
abrupt	neg 1.0		off 0.4750461725685992 neg 0.45633383718723736 __DUMMY__ 0.06861999024416345	false	0.5
unwirksam	neg 1.0		off 0.4739326163953196 neg 0.4585932375412274 __DUMMY__ 0.06747414606345292	false	0.5
angreifen	neg 1.0		off 0.4711002372702252 neg 0.4606980573699103 __DUMMY__ 0.06820170535986443	false	0.5
inkonsistent	neg 1.0		off 0.47659355569810175 neg 0.4557684232459843 __DUMMY__ 0.06763802105591397	false	0.5
abrutschen	neg 1.0		off 0.4687683554880094 neg 0.46271461963056604 __DUMMY__ 0.06851702488142457	false	0.5
unsicher	neg 1.0		off 0.47768821033128345 neg 0.45419433276364335 __DUMMY__ 0.06811745690507329	false	0.5
bauernkind	off 1.0	off 1.0	off 0.7271622191579987 neg 0.24129004860517395 __DUMMY__ 0.03154773223682734	false	1.0
angreifer	neg 1.0	neg 1.0	neg 0.7107193126934077 off 0.25667227924915015 __DUMMY__ 0.03260840805744223	false	1.0
trennen	neg 1.0		off 0.47342926947411174 neg 0.45792508202910026 __DUMMY__ 0.06864564849678809	false	0.5
schmutz	neg 1.0		off 0.4818366786554451 neg 0.4497860543853493 __DUMMY__ 0.06837726695920557	false	0.5
inkonsistenz	neg 1.0		off 0.478749341093119 neg 0.4543022745605609 __DUMMY__ 0.06694838434632024	false	0.5
erschreckend	neg 1.0		off 0.47525923995573904 neg 0.4568669785028812 __DUMMY__ 0.06787378154137957	false	0.5
ertrinken	neg 1.0		off 0.47283452428740813 neg 0.458797500417439 __DUMMY__ 0.06836797529515275	false	0.5
pickelface	off 1.0		off 0.4767671242557789 neg 0.45507815924716943 __DUMMY__ 0.06815471649705161	false	1.0
seiner			off 0.4724640511373162 neg 0.4592019944826716 __DUMMY__ 0.06833395438001225	false	0.0
lauch	neg 1.0		off 0.47086281547396874 neg 0.4604060196909409 __DUMMY__ 0.0687311648350904	false	0.5
unwichtig	neg 1.0		off 0.48052662116177797 neg 0.4521273662494161 __DUMMY__ 0.06734601258880586	false	0.5
steuerhinterziehung	neg 1.0	neg 1.0	neg 0.7146984837777604 off 0.25278887102197395 __DUMMY__ 0.032512645200265713	false	1.0
schock	neg 1.0		off 0.47731207311605 neg 0.45445498711077176 __DUMMY__ 0.06823293977317824	false	0.5
beule	neg 1.0		off 0.48335400157571934 neg 0.44921472767964765 __DUMMY__ 0.06743127074463307	false	0.5
vergelten	neg 1.0		off 0.4872863010563271 neg 0.4450219165145275 __DUMMY__ 0.06769178242914538	false	0.5
verdorbenheit	neg 1.0		off 0.48042602647506394 neg 0.451201867280976 __DUMMY__ 0.06837210624396027	false	0.5
trauma	neg 1.0		off 0.4782130477152309 neg 0.45384105370739813 __DUMMY__ 0.06794589857737092	false	0.5
sinnlos	neg 1.0		off 0.47930118261757615 neg 0.45288600929324163 __DUMMY__ 0.06781280808918223	false	0.5
fettsack	off 1.0	off 1.0	off 0.7288915773180504 neg 0.23940412185111914 __DUMMY__ 0.03170430083083046	false	1.0
feige	off 1.0	off 1.0	off 0.7263005026584923 neg 0.2416548015950975 __DUMMY__ 0.032044695746410175	false	1.0
abdanken	neg 1.0		off 0.47669148577466985 neg 0.45521080144630516 __DUMMY__ 0.06809771277902484	false	0.5
wichtigtuer	off 1.0	off 1.0	off 0.725274396379342 neg 0.24251937184618258 __DUMMY__ 0.03220623177447541	false	1.0
misslingen	neg 1.0		off 0.48159634418920566 neg 0.4497825732356925 __DUMMY__ 0.06862108257510185	false	0.5
untreu	off 1.0		off 0.48217608367810205 neg 0.45033641115333123 __DUMMY__ 0.06748750516856684	false	1.0
missmutig	neg 1.0		off 0.482350664781376 neg 0.4499607500080372 __DUMMY__ 0.06768858521058681	false	0.5
hurenbock	off 1.0		off 0.48062317074741506 neg 0.45129860890498064 __DUMMY__ 0.06807822034760422	false	1.0
betrunken	neg 1.0		off 0.4847677282215446 neg 0.4477285999497464 __DUMMY__ 0.06750367182870903	false	0.5
korrupt	off 1.0		off 0.47162063879763033 neg 0.46070441211546376 __DUMMY__ 0.0676749490869059	false	1.0
unmut	neg 1.0		off 0.4693138094720238 neg 0.46209244572406133 __DUMMY__ 0.06859374480391481	false	0.5
hackfresse	off 1.0		off 0.48891708354346375 neg 0.444306253811143 __DUMMY__ 0.06677666264539324	false	1.0
aufblasen	neg 1.0		off 0.479871205987224 neg 0.4521419950696477 __DUMMY__ 0.0679867989431283	false	0.5
gewaltsam	neg 1.0		off 0.4765626683142761 neg 0.4551852237503061 __DUMMY__ 0.06825210793541772	false	0.5
unbeliebtheit	neg 1.0		off 0.47927649852144116 neg 0.45338715849089284 __DUMMY__ 0.06733634298766598	false	0.5
sturheit	neg 1.0		off 0.4745721586660458 neg 0.4575193080610264 __DUMMY__ 0.06790853327292769	false	0.5
kuh	neg 1.0		off 0.47626226804769706 neg 0.45656433975452826 __DUMMY__ 0.0671733921977747	false	0.5
erschrecken	neg 1.0		off 0.4826189805634058 neg 0.4495641038813436 __DUMMY__ 0.06781691555525066	false	0.5
opfer	neg 1.0		off 0.4734460151149204 neg 0.45831586209797504 __DUMMY__ 0.06823812278710455	false	0.5
sinken	neg 1.0		off 0.4706480615403783 neg 0.46070298141351224 __DUMMY__ 0.06864895704610964	false	0.5
stinktier	neg 1.0		off 0.4827669094254338 neg 0.45081100880436986 __DUMMY__ 0.0664220817701964	false	0.5
tucke	off 1.0		off 0.48859017230915336 neg 0.4449835078052493 __DUMMY__ 0.06642631988559748	false	1.0
ein			off 0.47883777846352354 neg 0.45317539471895746 __DUMMY__ 0.06798682681751905	false	0.0
abstieg	neg 1.0		off 0.47326829240907203 neg 0.4582830023027731 __DUMMY__ 0.06844870528815479	false	0.5
missverstehen	neg 1.0		off 0.47788843970686884 neg 0.45473545081317956 __DUMMY__ 0.06737610947995164	false	0.5
ergebnislos	neg 1.0		off 0.4728810486664378 neg 0.4586513776480043 __DUMMY__ 0.0684675736855579	false	0.5
unter			off 0.4666720301228515 neg 0.4640258345105591 __DUMMY__ 0.06930213536658951	false	0.0
manipulieren	neg 1.0		off 0.4714933995962522 neg 0.4601553961504908 __DUMMY__ 0.06835120425325707	false	0.5
unbewiesen	neg 1.0		off 0.47317349881873294 neg 0.4594327257585296 __DUMMY__ 0.06739377542273738	false	0.5
verschleppen	neg 1.0		off 0.4731150985819706 neg 0.45878305914556167 __DUMMY__ 0.06810184227246778	false	0.5
weib	off 1.0		off 0.4870448118965625 neg 0.44667694013073533 __DUMMY__ 0.06627824797270225	false	1.0
opposition	neg 1.0		off 0.4775976727828111 neg 0.4547352649837044 __DUMMY__ 0.0676670622334845	false	0.5
verkehrswidrig	neg 1.0		off 0.48959070563672424 neg 0.44261240851741407 __DUMMY__ 0.0677968858458617	false	0.5
inkorrekt	neg 1.0		off 0.4832959807996624 neg 0.44978821177508926 __DUMMY__ 0.06691580742524833	false	0.5
vermeiden	neg 1.0	neg 1.0	neg 0.7168919332040908 off 0.2501550869782819 __DUMMY__ 0.03295297981762731	false	1.0
abweichung	neg 1.0		off 0.4728416766393069 neg 0.4590119016227361 __DUMMY__ 0.06814642173795715	false	0.5
alkoholisiert	neg 1.0		off 0.47368001852263214 neg 0.45786122870736673 __DUMMY__ 0.06845875277000113	false	0.5
scheiss	off 1.0	off 1.0	off 0.7273762502242672 neg 0.24048847080513866 __DUMMY__ 0.032135278970594136	false	1.0
herausforderung	neg 1.0		off 0.47192108697455143 neg 0.45975641297211695 __DUMMY__ 0.06832250005333163	false	0.5
pervers	off 1.0		off 0.491775266958247 neg 0.4418071258838101 __DUMMY__ 0.06641760715794286	false	1.0
wackelig	neg 1.0		off 0.4777585759074487 neg 0.4536701972216358 __DUMMY__ 0.06857122687091549	false	0.5
verwickeln	neg 1.0		off 0.477357514890173 neg 0.45521938395045225 __DUMMY__ 0.06742310115937483	false	0.5
vorwand	neg 1.0		off 0.4706476043253887 neg 0.4611145003279862 __DUMMY__ 0.06823789534662511	false	0.5
muschi	off 1.0		off 0.47691070127791024 neg 0.45494149114854654 __DUMMY__ 0.0681478075735434	false	1.0
entmutigung	neg 1.0		off 0.4779941681944235 neg 0.4541532976214991 __DUMMY__ 0.06785253418407734	false	0.5
unangemessen	neg 1.0		off 0.47306910278416325 neg 0.45921899825810136 __DUMMY__ 0.0677118989577353	false	0.5
unstetig	neg 1.0		off 0.48041703755154586 neg 0.4517321794466895 __DUMMY__ 0.06785078300176478	false	0.5
entmutigen	neg 1.0		off 0.4777474695858678 neg 0.45439059733124987 __DUMMY__ 0.06786193308288228	false	0.5
schwanz	neg 1.0		off 0.474380655466741 neg 0.45730620746394396 __DUMMY__ 0.06831313706931506	false	0.5
verbot	neg 1.0		off 0.47340558780122355 neg 0.4585239890762465 __DUMMY__ 0.0680704231225299	false	0.5
leid	neg 1.0		off 0.4867765739642386 neg 0.4463244194781659 __DUMMY__ 0.06689900655759541	false	0.5
archaisch	neg 1.0		off 0.475137725053556 neg 0.4568742930228174 __DUMMY__ 0.06798798192362675	false	0.5
gegen			off 0.470674939352732 neg 0.46067046399695716 __DUMMY__ 0.0686545966503109	false	0.0
scheidung	neg 1.0		off 0.49987927138710053 neg 0.43334067702092677 __DUMMY__ 0.06678005159197285	false	0.5
einschlag	neg 1.0		off 0.4852045685070573 neg 0.4474505135083722 __DUMMY__ 0.06734491798457042	false	0.5
m			off 0.4757597583864627 neg 0.45591006115632493 __DUMMY__ 0.0683301804572123	false	0.0
abgestanden	neg 1.0		off 0.4770059018830361 neg 0.4552496768427928 __DUMMY__ 0.06774442127417098	false	0.5
schmierig	off 1.0		off 0.4872652096447341 neg 0.44557059982257535 __DUMMY__ 0.0671641905326904	false	1.0
unpraktisch	neg 1.0		off 0.4793580133940856 neg 0.4526900293099045 __DUMMY__ 0.0679519572960098	false	0.5
wixxer	off 1.0		off 0.4905766370286224 neg 0.44325648000296447 __DUMMY__ 0.06616688296841308	false	1.0
bezeichnet			off 0.47517650973894043 neg 0.4571774536360555 __DUMMY__ 0.06764603662500401	false	0.0
jammerlappen	off 1.0		off 0.4826585400124681 neg 0.4496496781276592 __DUMMY__ 0.06769178185987278	false	1.0
farce	neg 1.0		off 0.4745062031765473 neg 0.45749692255045593 __DUMMY__ 0.06799687427299671	false	0.5
zwecklos	neg 1.0		off 0.47365506383783446 neg 0.45845344924556897 __DUMMY__ 0.06789148691659644	false	0.5
turbulent	neg 1.0		off 0.4824312948657313 neg 0.45031130421424115 __DUMMY__ 0.06725740092002765	false	0.5
invasion	neg 1.0		off 0.4789491262341141 neg 0.45325811440878666 __DUMMY__ 0.0677927593570992	false	0.5
schuld	neg 1.0		off 0.47697510010854133 neg 0.455334100864071 __DUMMY__ 0.06769079902738767	false	0.5
risiko	neg 1.0	neg 1.0	neg 0.711467020219405 off 0.2559497224463996 __DUMMY__ 0.03258325733419548	false	1.0
finster	neg 1.0		off 0.4772508600084789 neg 0.45512251007415266 __DUMMY__ 0.06762662991736856	false	0.5
geisteskrank	off 1.0		off 0.48098421301821126 neg 0.45204742149160826 __DUMMY__ 0.06696836549018045	false	1.0
zusammenbrechen	neg 1.0		off 0.47507262783431636 neg 0.4568277142802705 __DUMMY__ 0.06809965788541311	false	0.5
ausbeute	neg 1.0		off 0.47872518465960223 neg 0.4521875872411396 __DUMMY__ 0.06908722809925828	false	0.5
hinterhalt	neg 1.0		off 0.48031388209860487 neg 0.45077397802278624 __DUMMY__ 0.06891213987860872	false	0.5
kritik	neg 1.0		off 0.47392493849622513 neg 0.4581243488914999 __DUMMY__ 0.06795071261227491	false	0.5
einschrumpfen	neg 1.0		off 0.4799120806868826 neg 0.4526329276360442 __DUMMY__ 0.06745499167707317	false	0.5
riskant	neg 1.0		off 0.47121666774417637 neg 0.46071800730216445 __DUMMY__ 0.06806532495365904	false	0.5
frustrieren	neg 1.0		off 0.4726437890518535 neg 0.459269819181401 __DUMMY__ 0.06808639176674558	false	0.5
groll	neg 1.0		off 0.47309570591715017 neg 0.4589931896264719 __DUMMY__ 0.06791110445637787	false	0.5
gibt			off 0.47539703822029133 neg 0.45646100999773626 __DUMMY__ 0.06814195178197238	false	0.0
qualvoll	neg 1.0		off 0.4807807203347344 neg 0.4514021117837721 __DUMMY__ 0.06781716788149357	false	0.5
wackeln	neg 1.0		off 0.47988933454552474 neg 0.45187955451377565 __DUMMY__ 0.06823111094069975	false	0.5
klagen	neg 1.0		off 0.46937811560972936 neg 0.4622032638301082 __DUMMY__ 0.06841862056016251	false	0.5
bankrott	neg 1.0		off 0.48268676582383885 neg 0.4494740673418328 __DUMMY__ 0.06783916683432833	false	0.5
trauern	neg 1.0		off 0.47476861612607246 neg 0.456673938245696 __DUMMY__ 0.06855744562823159	false	0.5
ablehnung	neg 1.0		off 0.47344721670395745 neg 0.4586095802792938 __DUMMY__ 0.0679432030167487	false	0.5
stur	neg 1.0		off 0.47741875404011386 neg 0.45486364714201916 __DUMMY__ 0.06771759881786701	false	0.5
aufruhr	neg 1.0		off 0.476388920624447 neg 0.45547479994028156 __DUMMY__ 0.06813627943527137	false	0.5
melancholie	neg 1.0		off 0.47508545847140704 neg 0.4565505806322768 __DUMMY__ 0.06836396089631626	false	0.5
ist			off 0.4792238349450057 neg 0.4529222994354036 __DUMMY__ 0.0678538656195907	false	0.0
torheit	neg 1.0		off 0.4770453596031368 neg 0.4550530805814595 __DUMMY__ 0.06790155981540373	false	0.5
dreckskind	off 1.0		off 0.4861602971419139 neg 0.44728298809800626 __DUMMY__ 0.06655671476007981	false	1.0
umtauschen	neg 1.0		off 0.4774985536293901 neg 0.4544162542147826 __DUMMY__ 0.06808519215582737	false	0.5
zum			off 0.4716977800146347 neg 0.45895970805642156 __DUMMY__ 0.06934251192894372	false	0.0
zersetzen	neg 1.0		off 0.47016453432594896 neg 0.4617513964562051 __DUMMY__ 0.06808406921784585	false	0.5
zur			off 0.4690454529008052 neg 0.4618846197735165 __DUMMY__ 0.06906992732567833	false	0.0
frust	neg 1.0		off 0.47544648996216093 neg 0.45638405212242994 __DUMMY__ 0.06816945791540915	false	0.5
unerbittlichkeit	neg 1.0		off 0.47116795413865836 neg 0.4605739816286416 __DUMMY__ 0.0682580642327002	false	0.5
zwei			off 0.47225363395064995 neg 0.4585815287298317 __DUMMY__ 0.06916483731951839	false	0.0
unkorrekt	neg 1.0		off 0.48431163861252047 neg 0.44852394600522083 __DUMMY__ 0.06716441538225856	false	0.5
hexe	off 1.0		off 0.48034530238313905 neg 0.4524713020398594 __DUMMY__ 0.06718339557700162	false	1.0
lasch	neg 1.0		off 0.4792086301541201 neg 0.45343146937417256 __DUMMY__ 0.06735990047170742	false	0.5
rivale	neg 1.0		off 0.4840571398319811 neg 0.44861541722229725 __DUMMY__ 0.06732744294572156	false	0.5
mutlos	off 1.0	off 1.0	off 0.7214394318141216 neg 0.24607781205419502 __DUMMY__ 0.032482756131683395	false	1.0
wirr	off 1.0		off 0.4841119762821458 neg 0.44896705335418297 __DUMMY__ 0.06692097036367116	false	1.0
jahr			off 0.47633386154927315 neg 0.4544267762160093 __DUMMY__ 0.06923936223471756	false	0.0
wird			off 0.4739443317792212 neg 0.45789315189930935 __DUMMY__ 0.06816251632146958	false	0.0
strafbar	neg 1.0		off 0.4716549891880907 neg 0.46030941760467925 __DUMMY__ 0.06803559320722989	false	0.5
erosion	neg 1.0		off 0.4785895711675856 neg 0.45319121803841544 __DUMMY__ 0.06821921079399905	false	0.5
eingehen	neg 1.0		off 0.47197464448008086 neg 0.45999256666976257 __DUMMY__ 0.06803278885015668	false	0.5
faul	off 1.0		off 0.4826056132723865 neg 0.44957982913082994 __DUMMY__ 0.06781455759678352	false	1.0
provisorium	neg 1.0		off 0.4682533438927199 neg 0.4623234831351191 __DUMMY__ 0.06942317297216082	false	0.5
schmerzen	neg 1.0		off 0.4751068547846684 neg 0.45703738127445404 __DUMMY__ 0.06785576394087764	false	0.5
schrumpfen	neg 1.0		off 0.4665327784120676 neg 0.46490514288781687 __DUMMY__ 0.06856207870011548	false	0.5
geistlos	off 1.0		off 0.47665721880050155 neg 0.4561133340316121 __DUMMY__ 0.06722944716788633	false	1.0
fehlkauf	neg 1.0		off 0.47970290502096574 neg 0.45233857942423533 __DUMMY__ 0.06795851555479886	false	0.5
frustrierend	neg 1.0		off 0.48078810428843627 neg 0.45158851535487177 __DUMMY__ 0.067623380356692	false	0.5
unzufrieden	neg 1.0		off 0.47317784799082124 neg 0.4589312759894879 __DUMMY__ 0.06789087601969092	false	0.5
verzweifeln	neg 1.0		off 0.47578378822147543 neg 0.45621334290038695 __DUMMY__ 0.06800286887813775	false	0.5
verzweifelt	neg 1.0	neg 1.0	neg 0.7134054394758681 off 0.25433504905227505 __DUMMY__ 0.03225951147185688	false	1.0
misstrauensantrag	neg 1.0		off 0.4792940349877119 neg 0.45290869752180585 __DUMMY__ 0.06779726749048227	false	0.5
abfallen	neg 1.0		off 0.4796505159367796 neg 0.45218230686207 __DUMMY__ 0.06816717720115052	false	0.5
fucker	off 1.0		off 0.4857064811404291 neg 0.4467915308423375 __DUMMY__ 0.0675019880172334	false	1.0
ungezogen	neg 1.0		off 0.491292495450424 neg 0.4421521560713276 __DUMMY__ 0.06655534847824847	false	0.5
irrsinnig	neg 1.0	neg 1.0	neg 0.7131077033950112 off 0.25458537443994306 __DUMMY__ 0.032306922165045764	false	1.0
unfassbar	neg 1.0		off 0.48378183433044397 neg 0.4486306443456514 __DUMMY__ 0.06758752132390465	false	0.5
hart	neg 1.0		off 0.4826697764850958 neg 0.44984883282706734 __DUMMY__ 0.06748139068783687	false	0.5
widerlich	off 1.0		off 0.48225020939726077 neg 0.45057475087715626 __DUMMY__ 0.06717503972558293	false	1.0
fatal	neg 1.0		off 0.4795834951900707 neg 0.4525885739315129 __DUMMY__ 0.06782793087841633	false	0.5
bruch	neg 1.0		off 0.4706676454489934 neg 0.4607889860987812 __DUMMY__ 0.06854336845222528	false	0.5
aushungern	neg 1.0		off 0.47506200225036693 neg 0.4567940824147156 __DUMMY__ 0.06814391533491734	false	0.5
anspannung	neg 1.0		off 0.4709007263801951 neg 0.4598993480734512 __DUMMY__ 0.06919992554635372	false	0.5
von			off 0.4773623919343403 neg 0.45322508223689967 __DUMMY__ 0.06941252582875987	false	0.0
kraftlos	neg 1.0		off 0.4755225224630291 neg 0.45618913161494545 __DUMMY__ 0.06828834592202546	false	0.5
vom			off 0.47019429557548786 neg 0.4601842775860563 __DUMMY__ 0.06962142683845583	false	0.0
grenzdebil	off 1.0		off 0.48427598692469104 neg 0.44814221237159324 __DUMMY__ 0.06758180070371572	false	1.0
vor			off 0.47247943829324096 neg 0.4588233572227634 __DUMMY__ 0.0686972044839956	false	0.0
unterwerfen	neg 1.0		off 0.4730017332665694 neg 0.45882356467565444 __DUMMY__ 0.06817470205777601	false	0.5
versenkung	neg 1.0		off 0.47462905047857284 neg 0.45693625532764126 __DUMMY__ 0.06843469419378576	false	0.5
entziehen	neg 1.0		off 0.46999770222535336 neg 0.461599142155167 __DUMMY__ 0.06840315561947966	false	0.5
finanzkrise	neg 1.0		off 0.47471304107726087 neg 0.4574391681604198 __DUMMY__ 0.06784779076231946	false	0.5
schimpfend	neg 1.0		off 0.47931749993121614 neg 0.4528615562650709 __DUMMY__ 0.06782094380371309	false	0.5
profan	neg 1.0		off 0.4792182274629598 neg 0.453137074987597 __DUMMY__ 0.06764469754944327	false	0.5
korruption	neg 1.0		off 0.4732599404686507 neg 0.4586425500266199 __DUMMY__ 0.06809750950472933	false	0.5
â			off 0.4756611806123634 neg 0.4558980830561365 __DUMMY__ 0.06844073633150008	false	0.0
schmutzig	neg 1.0		off 0.48527373143964336 neg 0.44708391515447404 __DUMMY__ 0.0676423534058826	false	0.5
sexy	neg 1.0		off 0.48175370902128045 neg 0.45038641124508055 __DUMMY__ 0.06785987973363895	false	0.5
abraten	neg 1.0		off 0.47931781635223175 neg 0.452854221051358 __DUMMY__ 0.06782796259641026	false	0.5
schwarz	neg 1.0		off 0.4787357402161947 neg 0.45341147200740795 __DUMMY__ 0.06785278777639737	false	0.5
fotze	off 1.0	off 1.0	off 0.723928266693622 neg 0.243419185169159 __DUMMY__ 0.03265254813721895	false	1.0
verwirren	neg 1.0		off 0.4800552077200366 neg 0.4522584754446574 __DUMMY__ 0.06768631683530615	false	0.5
zahnlos	off 1.0		off 0.47466339845783695 neg 0.4573880182342609 __DUMMY__ 0.0679485833079023	false	1.0
verheeren	neg 1.0		off 0.4936412526687847 neg 0.4396865195634614 __DUMMY__ 0.06667222776775393	false	0.5
hippie	neg 1.0		off 0.4812389940208712 neg 0.45089701507634766 __DUMMY__ 0.06786399090278102	false	0.5
rammen	neg 1.0		off 0.4777458605771239 neg 0.45459133514800043 __DUMMY__ 0.06766280427487557	false	0.5
unlauter	neg 1.0		off 0.4760831425019131 neg 0.45636381931707704 __DUMMY__ 0.06755303818100983	false	0.5
unheilvoll	neg 1.0		off 0.4797933776573836 neg 0.45226793392511444 __DUMMY__ 0.06793868841750199	false	0.5
niedrig	neg 1.0		off 0.4705820954064326 neg 0.46141739790569314 __DUMMY__ 0.06800050668787422	false	0.5
explosion	neg 1.0		off 0.4800938205097079 neg 0.4521244349740015 __DUMMY__ 0.0677817445162906	false	0.5
weichei	off 1.0	off 1.0	off 0.7299663281543648 neg 0.2381802653129858 __DUMMY__ 0.03185340653264942	false	1.0
minusmensch	off 1.0		off 0.48845981848534487 neg 0.445134520937686 __DUMMY__ 0.06640566057696914	false	1.0
farblos	neg 1.0		off 0.47757034327316594 neg 0.454323234043252 __DUMMY__ 0.06810642268358198	false	0.5
unwissend	neg 1.0	neg 1.0	neg 0.7112156135122385 off 0.25665303654935634 __DUMMY__ 0.032131349938405114	false	1.0
traurig	neg 1.0		off 0.4861505761991079 neg 0.4464643667502624 __DUMMY__ 0.06738505705062962	false	0.5
senkung	neg 1.0		off 0.47825876901819925 neg 0.454261426462906 __DUMMY__ 0.06747980451889471	false	0.5
ungleich	neg 1.0	neg 1.0	neg 0.7163597421172054 off 0.2511345482358975 __DUMMY__ 0.03250570964689714	false	1.0
heikel	neg 1.0		off 0.47116359563527305 neg 0.4607754653862529 __DUMMY__ 0.06806093897847404	false	0.5
drosselung	neg 1.0		off 0.4834502566144988 neg 0.4490881208467094 __DUMMY__ 0.06746162253879164	false	0.5
falsch	neg 1.0		off 0.4804480250773679 neg 0.4520430697931248 __DUMMY__ 0.0675089051295074	false	0.5
unzufriedenheit	neg 1.0		off 0.47053930582055037 neg 0.46113950796140535 __DUMMY__ 0.06832118621804426	false	0.5
kurz	neg 1.0		off 0.4778398784856036 neg 0.4537049628246183 __DUMMY__ 0.06845515868977822	false	0.5
unsinnig	neg 1.0		off 0.4739102467525361 neg 0.4583218587864325 __DUMMY__ 0.0677678944610314	false	0.5
penner	off 1.0	off 1.0	off 0.7309926644744311 neg 0.23717273289706794 __DUMMY__ 0.03183460262850091	false	1.0
seicht	neg 1.0		off 0.48923989301124055 neg 0.4444014328490875 __DUMMY__ 0.06635867413967196	false	0.5
dummheit	off 1.0	off 1.0	off 0.7253635513513121 neg 0.24245739304634562 __DUMMY__ 0.0321790556023423	false	1.0
unerfreulich	neg 1.0		off 0.4714750056540192 neg 0.460218063841158 __DUMMY__ 0.06830693050482295	false	0.5
motherfucker	off 1.0	off 1.0	off 0.7285827734113758 neg 0.23923632834241876 __DUMMY__ 0.03218089824620536	false	1.0
pikiert	neg 1.0		off 0.4820433443060489 neg 0.45063099517993227 __DUMMY__ 0.06732566051401886	false	0.5
wrack	neg 1.0		off 0.47634361111944423 neg 0.4552853900495021 __DUMMY__ 0.06837099883105373	false	0.5
gangster	neg 1.0		off 0.48123987285596775 neg 0.4509130514862427 __DUMMY__ 0.06784707565778961	false	0.5
krank	neg 1.0		off 0.4845332096344023 neg 0.44785342614529905 __DUMMY__ 0.06761336422029877	false	0.5
reich	neg 1.0		off 0.4840587327976946 neg 0.44812351305894577 __DUMMY__ 0.06781775414335968	false	0.5
gnadenlos	neg 1.0		off 0.47767821322330334 neg 0.4545324112570478 __DUMMY__ 0.06778937551964899	false	0.5
niedergeschlagen	neg 1.0		off 0.4762700785746698 neg 0.4555539157981942 __DUMMY__ 0.06817600562713605	false	0.5
terrorisieren	off 1.0	off 1.0	off 0.7224359351714447 neg 0.24494364695249324 __DUMMY__ 0.03262041787606207	false	1.0
sinnlosigkeit	neg 1.0		off 0.47434702660734024 neg 0.45764356642322546 __DUMMY__ 0.06800940696943429	false	0.5
behindern	neg 1.0		off 0.47685539384374753 neg 0.4550338464151659 __DUMMY__ 0.06811075974108666	false	0.5
undemokratisch	neg 1.0		off 0.4772616448877358 neg 0.4549442645818265 __DUMMY__ 0.06779409053043756	false	0.5
wirtschaftskrise	neg 1.0		off 0.47278129488840903 neg 0.45916694249138285 __DUMMY__ 0.06805176262020815	false	0.5
neid	neg 1.0		off 0.4822149425433192 neg 0.4499571732315282 __DUMMY__ 0.06782788422515275	false	0.5
rutschen	neg 1.0		off 0.47248940108545046 neg 0.45827834953107294 __DUMMY__ 0.06923224938347668	false	0.5
rezession	neg 1.0		off 0.4819184179175282 neg 0.45148129814150156 __DUMMY__ 0.06660028394097027	false	0.5
fehlgeburt	neg 1.0		off 0.47989261233155817 neg 0.4521292738358851 __DUMMY__ 0.06797811383255671	false	0.5
charakterschwach	off 1.0		off 0.48202138762995755 neg 0.45078884550358406 __DUMMY__ 0.06718976686645836	false	1.0
isolation	neg 1.0		off 0.4811920691277445 neg 0.4510632671258416 __DUMMY__ 0.067744663746414	false	0.5
ablenkung	neg 1.0		off 0.4781000642103009 neg 0.45378327062401025 __DUMMY__ 0.06811666516568887	false	0.5
pech	neg 1.0		off 0.4809591694777459 neg 0.4513955757141801 __DUMMY__ 0.06764525480807394	false	0.5
vermeidung	neg 1.0		off 0.48414783618679885 neg 0.4483002048598985 __DUMMY__ 0.06755195895330265	false	0.5
dominieren	neg 1.0		off 0.4740033747329859 neg 0.45761938857709455 __DUMMY__ 0.06837723668991946	false	0.5
schwindlig	neg 1.0		off 0.48081817113408953 neg 0.4511783225825131 __DUMMY__ 0.06800350628339746	false	0.5
lutscher	neg 1.0		off 0.49047779886327536 neg 0.4430809625978787 __DUMMY__ 0.0664412385388459	false	0.5
pflicht	neg 1.0		off 0.47043555372649054 neg 0.46133984725171184 __DUMMY__ 0.0682245990217976	false	0.5
faschist	off 1.0		off 0.48031060158320515 neg 0.45199036593917247 __DUMMY__ 0.06769903247762245	false	1.0
verschleudern	neg 1.0		off 0.4711147532600185 neg 0.46081068099391714 __DUMMY__ 0.06807456574606434	false	0.5
wenn			off 0.4812179638271368 neg 0.4511787160551624 __DUMMY__ 0.06760332011770082	false	0.0
ehebruch	neg 1.0		off 0.4734966186703273 neg 0.45835143017327823 __DUMMY__ 0.06815195115639452	false	0.5
spott	off 1.0		off 0.4725369844549479 neg 0.4593544567287401 __DUMMY__ 0.06810855881631196	false	1.0
trostlosigkeit	neg 1.0		off 0.4721063860218799 neg 0.45927252821327147 __DUMMY__ 0.06862108576484874	false	0.5
lutschen	neg 1.0		off 0.4802137901516482 neg 0.4522337354875234 __DUMMY__ 0.0675524743608282	false	0.5
undiszipliniert	neg 1.0		off 0.4845609365309589 neg 0.4481959115069627 __DUMMY__ 0.06724315196207836	false	0.5
kopfschmerz	neg 1.0		off 0.47429893055875844 neg 0.45774508836796474 __DUMMY__ 0.06795598107327686	false	0.5
unvorhergesehen	neg 1.0		off 0.4753938507781031 neg 0.45580392604578135 __DUMMY__ 0.06880222317611559	false	0.5
desinteressiert	neg 1.0	neg 1.0	neg 0.7097331747094509 off 0.25818502892066414 __DUMMY__ 0.03208179636988492	false	1.0
armselig	off 1.0		off 0.4837536904164764 neg 0.4492877726691495 __DUMMY__ 0.06695853691437417	false	1.0
desaster	neg 1.0		off 0.4695134705933504 neg 0.46198600912220694 __DUMMY__ 0.06850052028444258	false	0.5
tod	neg 1.0		off 0.4769075684675298 neg 0.45446382957000286 __DUMMY__ 0.06862860196246738	false	0.5
herzlos	neg 1.0		off 0.4849793979746701 neg 0.4478495405214786 __DUMMY__ 0.06717106150385121	false	0.5
unwissenheit	neg 1.0		off 0.47362091857064526 neg 0.4584082718977901 __DUMMY__ 0.06797080953156462	false	0.5
widersinnig	neg 1.0		off 0.47154720872110795 neg 0.46084293508199414 __DUMMY__ 0.06760985619689801	false	0.5
bedenklich	neg 1.0		off 0.47231419641261635 neg 0.4597133767610427 __DUMMY__ 0.06797242682634103	false	0.5
beanstanden	neg 1.0		off 0.4703690908207529 neg 0.4613335554746577 __DUMMY__ 0.06829735370458936	false	0.5
panisch	neg 1.0	neg 1.0	neg 0.7102417540645888 off 0.2571748328911364 __DUMMY__ 0.03258341304427484	false	1.0
debil	off 1.0		off 0.46801295631761775 neg 0.462814267499724 __DUMMY__ 0.06917277618265837	false	1.0
abstrich	neg 1.0		off 0.48066876996492075 neg 0.4505844992066613 __DUMMY__ 0.06874673082841792	false	0.5
primitiv	neg 1.0		off 0.4821502401844052 neg 0.45073538529083995 __DUMMY__ 0.06711437452475483	false	0.5
abschaum	off 1.0	off 1.0	off 0.7269384252869991 neg 0.2409167944175596 __DUMMY__ 0.03214478029544123	false	1.0
provozieren	neg 1.0		off 0.4761978532953254 neg 0.456216753240451 __DUMMY__ 0.06758539346422349	false	0.5
tot	neg 1.0		off 0.4743008871590313 neg 0.4576032374648757 __DUMMY__ 0.06809587537609292	false	0.5
instabil	neg 1.0		off 0.48474910839967406 neg 0.4480167458709985 __DUMMY__ 0.06723414572932734	false	0.5
schwuchtel	off 1.0	off 1.0	off 0.7333700570420367 neg 0.23515119177716143 __DUMMY__ 0.03147875118080198	false	1.0
zerren	neg 1.0		off 0.47569211291131785 neg 0.4560937663783409 __DUMMY__ 0.06821412071034123	false	0.5
kinderficker	off 1.0		off 0.48792367489147714 neg 0.44505243614627954 __DUMMY__ 0.06702388896224343	false	1.0
gefahr	neg 1.0		off 0.47160556670042264 neg 0.459858630853703 __DUMMY__ 0.06853580244587439	false	0.5
rabiat	neg 1.0		off 0.4773923438999782 neg 0.4546213003178606 __DUMMY__ 0.06798635578216125	false	0.5
verlangsamung	neg 1.0		off 0.48636467771781466 neg 0.44725738542998733 __DUMMY__ 0.06637793685219803	false	0.5
ausgestorben	neg 1.0		off 0.47768799915140236 neg 0.45419692628442443 __DUMMY__ 0.068115074564173	false	0.5
anklagen	neg 1.0		off 0.47426484407665337 neg 0.4575308901331351 __DUMMY__ 0.0682042657902115	false	0.5
trott	neg 1.0		off 0.4772634594647144 neg 0.45463611940817955 __DUMMY__ 0.06810042112710613	false	0.5
verminderung	neg 1.0		off 0.4831395620441311 neg 0.44956033873635737 __DUMMY__ 0.06730009921951144	false	0.5
nach			off 0.4710398109073865 neg 0.4596741562053316 __DUMMY__ 0.06928603288728195	false	0.0
rost	neg 1.0		off 0.48761689925602986 neg 0.44552126310116635 __DUMMY__ 0.06686183764280372	false	0.5
destruktiv	neg 1.0		off 0.47515816795633337 neg 0.45713576742767476 __DUMMY__ 0.06770606461599186	false	0.5
unzumutbarkeit	neg 1.0		off 0.4835070877826745 neg 0.44882202372880975 __DUMMY__ 0.06767088848851585	false	0.5
labil	off 1.0	off 1.0	off 0.7269323149087034 neg 0.24082382003766964 __DUMMY__ 0.03224386505362699	false	1.0
ziemlich	neg 1.0		off 0.48409177578440343 neg 0.4482364568492626 __DUMMY__ 0.06767176736633392	false	0.5
lachnummer	off 1.0		off 0.4761405071937876 neg 0.45614168421520546 __DUMMY__ 0.06771780859100703	false	1.0
oder			off 0.47899750565730426 neg 0.45293094998878974 __DUMMY__ 0.06807154435390586	false	0.0
verfall	neg 1.0		off 0.4676530444216098 neg 0.46361541513773075 __DUMMY__ 0.06873154044065931	false	0.5
ausgrenzung	neg 1.0		off 0.4782041926511603 neg 0.4539934811531858 __DUMMY__ 0.06780232619565399	false	0.5
unordnung	neg 1.0		off 0.48783717946599964 neg 0.44438115631142355 __DUMMY__ 0.06778166422257671	false	0.5
fehlverhalten	neg 1.0		off 0.4700515144412923 neg 0.46193373533999194 __DUMMY__ 0.06801475021871575	false	0.5
eine			off 0.4725336251408016 neg 0.45890620727687187 __DUMMY__ 0.06856016758232646	false	0.0
nille	neg 1.0		off 0.4778486776750936 neg 0.4539297774765076 __DUMMY__ 0.0682215448483989	false	0.5
qual	neg 1.0		off 0.4768677969908118 neg 0.45499978298310256 __DUMMY__ 0.06813242002608562	false	0.5
verschwenden	neg 1.0		off 0.47173075189959923 neg 0.46025830039880977 __DUMMY__ 0.06801094770159088	false	0.5
riesig	neg 1.0		off 0.47490989998221195 neg 0.4566735473045415 __DUMMY__ 0.06841655271324666	false	0.5
verurteilen	neg 1.0		off 0.4726920132991944 neg 0.45946581411875964 __DUMMY__ 0.06784217258204586	false	0.5
klischee	neg 1.0	neg 1.0	neg 0.7118554679103597 off 0.2559538549370552 __DUMMY__ 0.03219067715258511	false	1.0
diktatorisch	neg 1.0		off 0.4771634092142496 neg 0.45510594374788915 __DUMMY__ 0.06773064703786123	false	0.5
vorhersehbar	neg 1.0		off 0.47845031765343504 neg 0.4541496712017381 __DUMMY__ 0.0674000111448267	false	0.5
sowie			off 0.4868895615885007 neg 0.4461296223679304 __DUMMY__ 0.06698081604356886	false	0.0
stornieren	neg 1.0		off 0.4830046268657556 neg 0.44851200977652056 __DUMMY__ 0.06848336335772387	false	0.5
besteuerung	neg 1.0		off 0.4752019775105875 neg 0.457321583540143 __DUMMY__ 0.06747643894926944	false	0.5
ungeschminkt	neg 1.0		off 0.4815791571370474 neg 0.451373851070646 __DUMMY__ 0.06704699179230657	false	0.5
kritisch	neg 1.0		off 0.4724258603842578 neg 0.4595139430288065 __DUMMY__ 0.06806019658693553	false	0.5
schlamperei	off 1.0		off 0.47270230996516255 neg 0.4588799878304661 __DUMMY__ 0.0684177022043713	false	1.0
sucht	neg 1.0	neg 1.0	neg 0.7095392549195426 off 0.2575675956100028 __DUMMY__ 0.032893149470454554	false	1.0
egoistisch	off 1.0		off 0.48653644858580225 neg 0.44672557341690644 __DUMMY__ 0.06673797799729134	false	1.0
ausbeuter	off 1.0		off 0.4694196788317581 neg 0.4626731819586546 __DUMMY__ 0.06790713920958719	false	1.0
arschgeburt	off 1.0		off 0.4922461073164287 neg 0.4418741231200797 __DUMMY__ 0.06587976956349166	false	1.0
schubs	neg 1.0		off 0.47567020445851926 neg 0.45617494736616343 __DUMMY__ 0.06815484817531733	false	0.5
unsolide	neg 1.0		off 0.4772486094952026 neg 0.45518689365805365 __DUMMY__ 0.06756449684674383	false	0.5
beschwerde	neg 1.0		off 0.4725401223399723 neg 0.45927099884062006 __DUMMY__ 0.06818887881940774	false	0.5
stocken	neg 1.0		off 0.4729022535449129 neg 0.4587376019611512 __DUMMY__ 0.06836014449393585	false	0.5
isolieren	neg 1.0		off 0.47380446385948993 neg 0.4580482712853187 __DUMMY__ 0.06814726485519125	false	0.5
unheilbar	neg 1.0		off 0.4774369487702863 neg 0.4546085765576969 __DUMMY__ 0.06795447467201697	false	0.5
pisser	off 1.0		off 0.48430425936760846 neg 0.4485527014273985 __DUMMY__ 0.067143039204993	false	1.0
löschen	neg 1.0		off 0.4776229648547254 neg 0.45429110628214514 __DUMMY__ 0.06808592886312946	false	0.5
durchfallen	neg 1.0		off 0.4720253140634644 neg 0.46015150356061213 __DUMMY__ 0.06782318237592354	false	0.5
wichser	off 1.0	off 1.0	off 0.7324675735191413 neg 0.2358498502788434 __DUMMY__ 0.03168257620201541	false	1.0
terror	neg 1.0		off 0.4809609335116936 neg 0.45117392630285047 __DUMMY__ 0.06786514018545584	false	0.5
krass	neg 1.0		off 0.4859646607725515 neg 0.44689861983713736 __DUMMY__ 0.0671367193903112	false	0.5
revolte	neg 1.0		off 0.4795973245591159 neg 0.4524946459041115 __DUMMY__ 0.06790802953677257	false	0.5
besorgt	neg 1.0		off 0.47848015441348474 neg 0.45288558678030744 __DUMMY__ 0.068634258806208	false	0.5
nachlassen	neg 1.0		off 0.4744667916387102 neg 0.4569218044960368 __DUMMY__ 0.06861140386525312	false	0.5
alt	neg 1.0		off 0.47415783124053074 neg 0.45779639245804854 __DUMMY__ 0.06804577630142061	false	0.5
hundesohn	off 1.0		off 0.4909967146675854 neg 0.4424726373617821 __DUMMY__ 0.06653064797063235	false	1.0
als			off 0.4749071278868541 neg 0.45698338076960116 __DUMMY__ 0.06810949134354473	false	0.0
abschreckung	neg 1.0		off 0.47011514664937765 neg 0.4615766516778016 __DUMMY__ 0.06830820167282085	false	0.5
unqualifiziert	neg 1.0		off 0.47892780451796635 neg 0.4537907988462636 __DUMMY__ 0.06728139663576997	false	0.5
abgewichst	off 1.0		off 0.47717667137343556 neg 0.454556947640946 __DUMMY__ 0.0682663809856184	false	1.0
schwer	neg 1.0		off 0.4759470643248998 neg 0.45614992273413457 __DUMMY__ 0.06790301294096561	false	0.5
bedeutungslosigkeit	neg 1.0		off 0.4713006192815422 neg 0.46044476359647607 __DUMMY__ 0.06825461712198183	false	0.5
kapitulation	neg 1.0		off 0.4733797957691264 neg 0.45833232562559323 __DUMMY__ 0.0682878786052804	false	0.5
unscharf	neg 1.0		off 0.47844248852330296 neg 0.45404098912285995 __DUMMY__ 0.06751652235383696	false	0.5
schwinden	neg 1.0		off 0.4717966264149715 neg 0.4598106304127066 __DUMMY__ 0.06839274317232207	false	0.5
versklavung	neg 1.0		off 0.4779260929737585 neg 0.45412439855369285 __DUMMY__ 0.06794950847254871	false	0.5
schlecht	neg 1.0		off 0.4840369737766973 neg 0.448329539558364 __DUMMY__ 0.06763348666493864	false	0.5
verhasst	neg 1.0		off 0.47592487136883777 neg 0.4566688525971643 __DUMMY__ 0.0674062760339979	false	0.5
beschweren	neg 1.0		off 0.47896700529045905 neg 0.45324817326046635 __DUMMY__ 0.06778482144907463	false	0.5
scheiden	neg 1.0		off 0.478672110550622 neg 0.4530978762035432 __DUMMY__ 0.06823001324583486	false	0.5
frustriert	neg 1.0		off 0.4748176708382333 neg 0.45725298245608514 __DUMMY__ 0.06792934670568164	false	0.5
schimmelig	neg 1.0		off 0.4725423117114907 neg 0.45964207708795723 __DUMMY__ 0.06781561120055216	false	0.5
fisch	neg 1.0		off 0.4703713816234602 neg 0.46148583202118265 __DUMMY__ 0.06814278635535717	false	0.5
schmuggel	neg 1.0		off 0.47232474848674666 neg 0.4593698620308527 __DUMMY__ 0.06830538948240072	false	0.5
auffallen	neg 1.0		off 0.47972666203576153 neg 0.45255593014862144 __DUMMY__ 0.06771740781561704	false	0.5
konkurrenz	neg 1.0		off 0.47061097623777104 neg 0.46092200050752513 __DUMMY__ 0.06846702325470377	false	0.5
teufelskreis	neg 1.0	neg 1.0	neg 0.714234540905734 off 0.2534369194157537 __DUMMY__ 0.03232853967851233	false	1.0
aufschreien	neg 1.0		off 0.47884806338945024 neg 0.4536066724352349 __DUMMY__ 0.06754526417531481	false	0.5
schuldner	neg 1.0		off 0.4696543098671029 neg 0.4622551464996602 __DUMMY__ 0.06809054363323683	false	0.5
missgeburt	off 1.0	off 1.0	off 0.7299622093336745 neg 0.2382620196963344 __DUMMY__ 0.03177577096999114	false	1.0
arbeitslos	neg 1.0		off 0.4723869415853801 neg 0.4598052066757672 __DUMMY__ 0.06780785173885281	false	0.5
befallen	neg 1.0		off 0.47509289363431617 neg 0.4569048927027445 __DUMMY__ 0.06800221366293939	false	0.5
miesepetrig	off 1.0	off 1.0	off 0.7277496164312921 neg 0.2400052063739455 __DUMMY__ 0.03224517719476245	false	1.0
alarmieren	neg 1.0		off 0.4803437019297026 neg 0.4522128994517352 __DUMMY__ 0.0674433986185622	false	0.5
ungeduscht	off 1.0		off 0.48046831307691057 neg 0.45212064121515805 __DUMMY__ 0.0674110457079314	false	1.0
knappheit	neg 1.0		off 0.4709470117777891 neg 0.4613673456665582 __DUMMY__ 0.06768564255565271	false	0.5
schlange	neg 1.0		off 0.48142204085744217 neg 0.45027164378980356 __DUMMY__ 0.06830631535275423	false	0.5
harsch	neg 1.0		off 0.489245097062479 neg 0.4432647509307353 __DUMMY__ 0.06749015200678575	false	0.5
lang	neg 1.0		off 0.47884916586779175 neg 0.4530687689535597 __DUMMY__ 0.06808206517864875	false	0.5
ziellos	neg 1.0		off 0.47506125572943486 neg 0.4565150743679629 __DUMMY__ 0.06842366990260228	false	0.5
selbstverliebt	neg 1.0		off 0.49111939328653514 neg 0.4426597203447576 __DUMMY__ 0.06622088636870731	false	0.5
beseitigen	neg 1.0		off 0.4758016639438417 neg 0.456080541479297 __DUMMY__ 0.06811779457686122	false	0.5
dumm	off 1.0		off 0.48813669975837765 neg 0.44503065729543984 __DUMMY__ 0.0668326429461827	false	1.0
arbeitsloser	neg 1.0		off 0.4744209926272873 neg 0.4574110134520997 __DUMMY__ 0.06816799392061293	false	0.5
blitzen	neg 1.0		off 0.48047786708701135 neg 0.451758694198664 __DUMMY__ 0.0677634387143248	false	0.5
hilflos	neg 1.0		off 0.4744710284236323 neg 0.4575560139175284 __DUMMY__ 0.06797295765883937	false	0.5
eklig	off 1.0		off 0.48744023561352173 neg 0.4460123652777232 __DUMMY__ 0.06654739910875512	false	1.0
begriff			off 0.4755226842738599 neg 0.45659360416397354 __DUMMY__ 0.0678837115621666	false	0.0
hungersnot	neg 1.0		off 0.47531101790601793 neg 0.4564018067225067 __DUMMY__ 0.06828717537147543	false	0.5
ungesetzlich	neg 1.0		off 0.4748892322614081 neg 0.45767815075926854 __DUMMY__ 0.06743261697932347	false	0.5
verschwendung	neg 1.0		off 0.47213961171520613 neg 0.4596521598386818 __DUMMY__ 0.06820822844611207	false	0.5
schmerzvoll	neg 1.0		off 0.47905558815650645 neg 0.4530826379275026 __DUMMY__ 0.067861773915991	false	0.5
vorzeitig	neg 1.0		off 0.4805779501993248 neg 0.4515751768768088 __DUMMY__ 0.06784687292386636	false	0.5
unvollkommenheit	neg 1.0		off 0.4767579664278349 neg 0.4546420120379943 __DUMMY__ 0.06860002153417077	false	0.5
intervenieren	neg 1.0		off 0.47124352739435055 neg 0.4606512144680366 __DUMMY__ 0.06810525813761299	false	0.5
banause	off 1.0		off 0.4889883184488735 neg 0.4448275063807267 __DUMMY__ 0.06618417517039978	false	1.0
rebell	neg 1.0		off 0.46867256513900263 neg 0.4628522037757074 __DUMMY__ 0.06847523108529004	false	0.5
unlogisch	neg 1.0		off 0.4839739091845022 neg 0.4489879419562974 __DUMMY__ 0.06703814885920036	false	0.5
leiden	neg 1.0		off 0.47247056959750316 neg 0.4590419284514026 __DUMMY__ 0.06848750195109429	false	0.5
abschaffung	neg 1.0		off 0.47703564753062416 neg 0.4550701768751025 __DUMMY__ 0.06789417559427346	false	0.5
sturz	neg 1.0		off 0.47909014077040163 neg 0.45262275462076185 __DUMMY__ 0.06828710460883665	false	0.5
verkleinerung	neg 1.0		off 0.4778581403975214 neg 0.4547821284439454 __DUMMY__ 0.06735973115853308	false	0.5
schmarotzer	off 1.0		off 0.4725186467686589 neg 0.45983738552621706 __DUMMY__ 0.06764396770512389	false	1.0
bestrafung	neg 1.0		off 0.4782250902776083 neg 0.45387026646834583 __DUMMY__ 0.06790464325404601	false	0.5
achtlos	neg 1.0	neg 1.0	neg 0.7128888702122812 off 0.2545593935189645 __DUMMY__ 0.03255173626875433	false	1.0
ungeheuer	neg 1.0		off 0.48107126620512347 neg 0.45092221232182356 __DUMMY__ 0.06800652147305293	false	0.5
unaufrichtig	neg 1.0		off 0.48169228810025855 neg 0.4503088794696017 __DUMMY__ 0.06799883243013985	false	0.5
groggy	neg 1.0		off 0.48074910917846886 neg 0.45140735731731496 __DUMMY__ 0.0678435335042162	false	0.5
