unsolidarisch	neg 1.0		off 0.5049070711291861 neg 0.4880478595555972 __DUMMY__ 0.007045069315216776	false	0.5
nachteilig	neg 1.0		off 0.5028265921666355 neg 0.4900641685517624 __DUMMY__ 0.007109239281602048	false	0.5
skeptisch	neg 1.0		off 0.5026997238488712 neg 0.49017926585418853 __DUMMY__ 0.007121010296940267	false	0.5
schrecklich	neg 1.0		off 0.5173918822390259 neg 0.47559130900688834 __DUMMY__ 0.0070168087540857255	false	0.5
schlapp	neg 1.0		off 0.5141054869603586 neg 0.47883868046424394 __DUMMY__ 0.007055832575397338	false	0.5
abfall	neg 1.0		off 0.5003641235144791 neg 0.4924705389412018 __DUMMY__ 0.007165337544319075	false	0.5
widerspenstig	neg 1.0		off 0.508696466029742 neg 0.48421041199315284 __DUMMY__ 0.0070931219771052136	false	0.5
abrupt	neg 1.0		off 0.506404157771697 neg 0.4864371938024313 __DUMMY__ 0.0071586484258715204	false	0.5
unwirksam	neg 1.0		off 0.5047568781825003 neg 0.48820468337089756 __DUMMY__ 0.00703843844660216	false	0.5
angreifen	neg 1.0		off 0.5022256823983424 neg 0.4906592659335228 __DUMMY__ 0.007115051668134618	false	0.5
inkonsistent	neg 1.0		off 0.5075184421704205 neg 0.4854260011036483 __DUMMY__ 0.007055556725931295	false	0.5
abrutschen	neg 1.0		off 0.5000237912045544 neg 0.4928280562256868 __DUMMY__ 0.007148152569758716	false	0.5
unsicher	neg 1.0		off 0.508830628522075 neg 0.4840632253813028 __DUMMY__ 0.007106146096622327	false	0.5
bauernkind	off 1.0	off 1.0	off 0.7415973220059167 neg 0.2551195906251336 __DUMMY__ 0.0032830873689497038	false	1.0
angreifer	neg 1.0	neg 1.0	neg 0.7250293047894921 off 0.2715768654075657 __DUMMY__ 0.0033938298029422284	false	1.0
trennen	neg 1.0		off 0.504784020202208 neg 0.4880543835862664 __DUMMY__ 0.007161596211525615	false	0.5
schmutz	neg 1.0		off 0.5131337117831469 neg 0.47973323543399127 __DUMMY__ 0.007133052782861759	false	0.5
inkonsistenz	neg 1.0		off 0.5093612997400014 neg 0.4836554671364642 __DUMMY__ 0.006983233123534431	false	0.5
erschreckend	neg 1.0		off 0.5062680945891651 neg 0.4866513011011753 __DUMMY__ 0.0070806043096596554	false	0.5
ertrinken	neg 1.0		off 0.5040552987502084 neg 0.48881227218605217 __DUMMY__ 0.007132429063739472	false	0.5
pickelface	off 1.0		off 0.507918942392385 neg 0.4849710750652033 __DUMMY__ 0.007109982542411704	false	1.0
seiner			off 0.5036639468698786 neg 0.48920712910393815 __DUMMY__ 0.007128924026183332	false	0.0
lauch	neg 1.0		off 0.502237164142792 neg 0.4905922993741819 __DUMMY__ 0.00717053648302617	false	0.5
unwichtig	neg 1.0		off 0.5113387841127631 neg 0.4816361240332473 __DUMMY__ 0.007025091853989548	false	0.5
steuerhinterziehung	neg 1.0	neg 1.0	neg 0.7289726620837051 off 0.2676434899760836 __DUMMY__ 0.0033838479402113287	false	1.0
schock	neg 1.0		off 0.5085080564594667 neg 0.48437372449036065 __DUMMY__ 0.007118219050172512	false	0.5
beule	neg 1.0		off 0.5142407839142474 neg 0.4787253366241639 __DUMMY__ 0.007033879461588575	false	0.5
vergelten	neg 1.0		off 0.5183031719244738 neg 0.4746357123474861 __DUMMY__ 0.007061115728039872	false	0.5
verdorbenheit	neg 1.0		off 0.5117180609676242 neg 0.4811491802577982 __DUMMY__ 0.0071327587745776	false	0.5
trauma	neg 1.0		off 0.5092841428924333 neg 0.48362766646499217 __DUMMY__ 0.0070881906425746205	false	0.5
sinnlos	neg 1.0		off 0.5103167536855423 neg 0.4826090945135543 __DUMMY__ 0.007074151800903301	false	0.5
fettsack	off 1.0	off 1.0	off 0.7433969871312393 neg 0.2533035651854004 __DUMMY__ 0.0032994476833602673	false	1.0
feige	off 1.0	off 1.0	off 0.7409502896285176 neg 0.2557146749503349 __DUMMY__ 0.0033350354211475123	false	1.0
abdanken	neg 1.0		off 0.5078039526621315 neg 0.48509207286708 __DUMMY__ 0.007103974470788589	false	0.5
wichtigtuer	off 1.0	off 1.0	off 0.7399956481704526 neg 0.2566524473068728 __DUMMY__ 0.003351904522674621	false	1.0
misslingen	neg 1.0		off 0.5130006480584417 neg 0.4798406001170452 __DUMMY__ 0.007158751824513219	false	0.5
untreu	off 1.0		off 0.5130684136263853 neg 0.47989165227930775 __DUMMY__ 0.007039934094306903	false	1.0
missmutig	neg 1.0		off 0.5133371982434962 neg 0.47960182310827776 __DUMMY__ 0.007060978648226156	false	0.5
hurenbock	off 1.0		off 0.5117785795466734 neg 0.4811197013284312 __DUMMY__ 0.00710171912489535	false	1.0
betrunken	neg 1.0		off 0.5156944856132583 neg 0.4772639704422297 __DUMMY__ 0.0070415439445120544	false	0.5
korrupt	off 1.0		off 0.5025040946291267 neg 0.49043626220295344 __DUMMY__ 0.007059643167919865	false	1.0
unmut	neg 1.0		off 0.5006027945510265 neg 0.49224100599606724 __DUMMY__ 0.007156199452906187	false	0.5
hackfresse	off 1.0		off 0.519539945269722 neg 0.4734948770235796 __DUMMY__ 0.006965177706698415	false	1.0
aufblasen	neg 1.0		off 0.5109763290845386 neg 0.48193132613570905 __DUMMY__ 0.007092344779752458	false	0.5
gewaltsam	neg 1.0		off 0.5077570215731992 neg 0.48512285733566557 __DUMMY__ 0.007120121091135112	false	0.5
unbeliebtheit	neg 1.0		off 0.5100708093837051 neg 0.48290532901641864 __DUMMY__ 0.007023861599876396	false	0.5
sturheit	neg 1.0		off 0.5055863060368443 neg 0.4873294890939835 __DUMMY__ 0.007084204869172029	false	0.5
kuh	neg 1.0		off 0.5069764451428792 neg 0.48601684223708813 __DUMMY__ 0.007006712620032713	false	0.5
erschrecken	neg 1.0		off 0.5136649969073043 neg 0.47926046859023713 __DUMMY__ 0.007074534502458578	false	0.5
opfer	neg 1.0		off 0.5046058691733716 neg 0.48827530553337106 __DUMMY__ 0.007118825293257273	false	0.5
sinken	neg 1.0		off 0.5019768742352566 neg 0.49086129502711456 __DUMMY__ 0.007161830737628764	false	0.5
stinktier	neg 1.0		off 0.5131832910394768 neg 0.4798888049512441 __DUMMY__ 0.006927904009279183	false	0.5
tucke	off 1.0		off 0.5190543377101604 neg 0.4740174256531666 __DUMMY__ 0.006928236636672976	false	1.0
ein			off 0.50993869123227 neg 0.4829690553086089 __DUMMY__ 0.007092253459121121	false	0.0
abstieg	neg 1.0		off 0.5045232960278488 neg 0.4883359267521495 __DUMMY__ 0.007140777220001729	false	0.5
missverstehen	neg 1.0		off 0.5086912063127245 neg 0.48428052047168385 __DUMMY__ 0.007028273215591693	false	0.5
ergebnislos	neg 1.0		off 0.5041406687881568 neg 0.4887164980012554 __DUMMY__ 0.007142833210587803	false	0.5
unter			off 0.4982750728655056 neg 0.4944943775090376 __DUMMY__ 0.007230549625456738	false	0.0
manipulieren	neg 1.0		off 0.5026867124054373 neg 0.49018263779771165 __DUMMY__ 0.007130649796850956	false	0.5
unbewiesen	neg 1.0		off 0.5039396577492775 neg 0.4890302870649106 __DUMMY__ 0.007030055185811716	false	0.5
verschleppen	neg 1.0		off 0.5042065308357746 neg 0.48868907744491163 __DUMMY__ 0.00710439171931381	false	0.5
weib	off 1.0		off 0.5174268988731443 neg 0.47566029909112556 __DUMMY__ 0.00691280203573004	false	1.0
opposition	neg 1.0		off 0.5085418383943894 neg 0.4843994236752171 __DUMMY__ 0.007058737930393422	false	0.5
verkehrswidrig	neg 1.0		off 0.5206880803442331 neg 0.4722397603739422 __DUMMY__ 0.007072159281824645	false	0.5
inkorrekt	neg 1.0		off 0.5139247163334968 neg 0.4790954866972101 __DUMMY__ 0.006979796969293234	false	0.5
vermeiden	neg 1.0	neg 1.0	neg 0.7313596294903623 off 0.2652105613745751 __DUMMY__ 0.0034298091350626948	false	1.0
abweichung	neg 1.0		off 0.5039552576837363 neg 0.48893571636507016 __DUMMY__ 0.007109025951193739	false	0.5
alkoholisiert	neg 1.0		off 0.5049645864714019 neg 0.48789377325897 __DUMMY__ 0.007141640269628193	false	0.5
scheiss	off 1.0	off 1.0	off 0.7420798170456897 neg 0.25457576975818497 __DUMMY__ 0.003344413196125397	false	1.0
herausforderung	neg 1.0		off 0.5031130329291004 neg 0.4897594513132302 __DUMMY__ 0.00712751575766946	false	0.5
pervers	off 1.0		off 0.5222549563278382 neg 0.4708176225452039 __DUMMY__ 0.00692742112695774	false	1.0
wackelig	neg 1.0		off 0.5091173214124224 neg 0.48372896263764903 __DUMMY__ 0.007153715949928587	false	0.5
verwickeln	neg 1.0		off 0.5081772176734517 neg 0.48478957249355736 __DUMMY__ 0.007033209832990836	false	0.5
vorwand	neg 1.0		off 0.5017855471799341 neg 0.4910956232032641 __DUMMY__ 0.007118829616801762	false	0.5
muschi	off 1.0		off 0.5080598844968229 neg 0.48483082554397294 __DUMMY__ 0.007109289959204183	false	1.0
entmutigung	neg 1.0		off 0.5090069383788072 neg 0.48391488389162735 __DUMMY__ 0.007078177729565503	false	0.5
unangemessen	neg 1.0		off 0.5039843284695472 neg 0.4889520961950241 __DUMMY__ 0.007063575335428765	false	0.5
unstetig	neg 1.0		off 0.5114658300185301 neg 0.4814563761133597 __DUMMY__ 0.007077793868110352	false	0.5
entmutigen	neg 1.0		off 0.5087730764880434 neg 0.4841476884443019 __DUMMY__ 0.00707923506765466	false	0.5
schwanz	neg 1.0		off 0.5055917544646906 neg 0.48728165547265473 __DUMMY__ 0.0071265900626546344	false	0.5
verbot	neg 1.0		off 0.5044823694864949 neg 0.4884164856504778 __DUMMY__ 0.00710114486302724	false	0.5
leid	neg 1.0		off 0.5174392396609178 neg 0.47558272975105814 __DUMMY__ 0.006978030588024113	false	0.5
archaisch	neg 1.0		off 0.5061982310514228 neg 0.4867092655902969 __DUMMY__ 0.0070925033582803585	false	0.5
gegen			off 0.5019994070324182 neg 0.49083804827546823 __DUMMY__ 0.007162544692113428	false	0.0
scheidung	neg 1.0		off 0.5305733316333255 neg 0.46246138182548463 __DUMMY__ 0.0069652865411897035	false	0.5
einschlag	neg 1.0		off 0.5160554409680965 neg 0.4769197448970253 __DUMMY__ 0.007024814134878171	false	0.5
m			off 0.5069906779843885 neg 0.48588076372414235 __DUMMY__ 0.007128558291469238	false	0.0
abgestanden	neg 1.0		off 0.5079941990079873 neg 0.48493911153237135 __DUMMY__ 0.007066689459641427	false	0.5
schmierig	off 1.0		off 0.5180518554384912 neg 0.4749422596369648 __DUMMY__ 0.007005884924543935	false	1.0
unpraktisch	neg 1.0		off 0.5104478222584589 neg 0.4824635177942471 __DUMMY__ 0.00708865994729396	false	0.5
wixxer	off 1.0		off 0.5209337919653659 neg 0.47216511239526715 __DUMMY__ 0.006901095639366857	false	1.0
bezeichnet			off 0.5060798454827947 neg 0.4868634969955368 __DUMMY__ 0.007056657521668381	false	0.0
jammerlappen	off 1.0		off 0.5136447866272598 neg 0.47929380360131074 __DUMMY__ 0.007061409771429494	false	1.0
farce	neg 1.0		off 0.505559145591072 neg 0.4873474534174361 __DUMMY__ 0.0070934009914919265	false	0.5
zwecklos	neg 1.0		off 0.5046588375522413 neg 0.4882587113800337 __DUMMY__ 0.007082451067725109	false	0.5
turbulent	neg 1.0		off 0.5132222666953327 neg 0.4797622840634523 __DUMMY__ 0.00701544924121494	false	0.5
invasion	neg 1.0		off 0.5099569974585458 neg 0.4829709416284485 __DUMMY__ 0.007072060913005655	false	0.5
schuld	neg 1.0		off 0.5079149827735228 neg 0.48502364296712674 __DUMMY__ 0.007061374259350405	false	0.5
risiko	neg 1.0	neg 1.0	neg 0.7257669222914874 off 0.270841902548074 __DUMMY__ 0.003391175160438522	false	1.0
finster	neg 1.0		off 0.5081838818744222 neg 0.4847617101997975 __DUMMY__ 0.0070544079257802705	false	0.5
geisteskrank	off 1.0		off 0.5116252824086268 neg 0.4813892911677263 __DUMMY__ 0.006985426423646888	false	1.0
zusammenbrechen	neg 1.0		off 0.5061862362554589 neg 0.4867094527773828 __DUMMY__ 0.007104310967158293	false	0.5
ausbeute	neg 1.0		off 0.5103290949025193 neg 0.48246316246159116 __DUMMY__ 0.007207742635889571	false	0.5
hinterhalt	neg 1.0		off 0.5118432451376381 neg 0.48096747434463566 __DUMMY__ 0.0071892805177262735	false	0.5
kritik	neg 1.0		off 0.5049518521924674 neg 0.4879595796850937 __DUMMY__ 0.00708856812243899	false	0.5
einschrumpfen	neg 1.0		off 0.5107694755791115 neg 0.48219403635062263 __DUMMY__ 0.007036488070265833	false	0.5
riskant	neg 1.0		off 0.5022833883956873 neg 0.49061587757659497 __DUMMY__ 0.0071007340277176485	false	0.5
frustrieren	neg 1.0		off 0.5037301279026986 neg 0.4891669487233392 __DUMMY__ 0.00710292337396212	false	0.5
groll	neg 1.0		off 0.5041028859865245 neg 0.4888126351155208 __DUMMY__ 0.007084478897954523	false	0.5
gibt			off 0.506530242708717 neg 0.4863609950696168 __DUMMY__ 0.007108762221666301	false	0.0
qualvoll	neg 1.0		off 0.5118152605633469 neg 0.4811102462606397 __DUMMY__ 0.007074493176013549	false	0.5
wackeln	neg 1.0		off 0.5111050569579212 neg 0.4817769264312467 __DUMMY__ 0.007118016610832074	false	0.5
klagen	neg 1.0		off 0.5005862863928702 neg 0.49227596066972334 __DUMMY__ 0.007137752937406455	false	0.5
bankrott	neg 1.0		off 0.5137503152777245 neg 0.47917283199404587 __DUMMY__ 0.007076852728229751	false	0.5
trauern	neg 1.0		off 0.5060851161497518 neg 0.4867626158282223 __DUMMY__ 0.007152268022025976	false	0.5
ablehnung	neg 1.0		off 0.5044657494219191 neg 0.4884464543284181 __DUMMY__ 0.007087796249662779	false	0.5
stur	neg 1.0		off 0.5083747517934666 neg 0.4845610843750236 __DUMMY__ 0.0070641638315098705	false	0.5
aufruhr	neg 1.0		off 0.5075252941726289 neg 0.48536670360357625 __DUMMY__ 0.007108002223794892	false	0.5
melancholie	neg 1.0		off 0.5063318953946364 neg 0.4865362212462321 __DUMMY__ 0.007131883359131555	false	0.5
ist			off 0.5102592615619892 neg 0.482662276971112 __DUMMY__ 0.007078461466898951	false	0.0
torheit	neg 1.0		off 0.5080760510665921 neg 0.48484060593317285 __DUMMY__ 0.0070833430002350565	false	0.5
dreckskind	off 1.0		off 0.5166604585693841 neg 0.4763974695384467 __DUMMY__ 0.006942071892169179	false	1.0
umtauschen	neg 1.0		off 0.5086408872227951 neg 0.48425650731682635 __DUMMY__ 0.007102605460378542	false	0.5
zum			off 0.503360482582838 neg 0.4894048073131054 __DUMMY__ 0.0072347101040564875	false	0.0
zersetzen	neg 1.0		off 0.5012289499588682 neg 0.4916683977943636 __DUMMY__ 0.007102652246768168	false	0.5
zur			off 0.5005536702280567 neg 0.4922401867837991 __DUMMY__ 0.007206142988144274	false	0.0
frust	neg 1.0		off 0.5065928167631477 neg 0.48629554269187997 __DUMMY__ 0.00711164054497234	false	0.5
unerbittlichkeit	neg 1.0		off 0.5023187190151583 neg 0.49056037396838664 __DUMMY__ 0.007120907016455108	false	0.5
zwei			off 0.5038417376621619 neg 0.48894218209368573 __DUMMY__ 0.0072160802441523725	false	0.0
unkorrekt	neg 1.0		off 0.5150666168654306 neg 0.4779275441372851 __DUMMY__ 0.007005838997284282	false	0.5
hexe	off 1.0		off 0.5110946974857636 neg 0.48189750156739836 __DUMMY__ 0.007007800946838089	false	1.0
lasch	neg 1.0		off 0.5100129123353317 neg 0.48296056224286893 __DUMMY__ 0.007026525421799308	false	0.5
rivale	neg 1.0		off 0.5148940285889085 neg 0.47808300538839166 __DUMMY__ 0.007022966022699856	false	0.5
mutlos	off 1.0	off 1.0	off 0.7362786776162205 neg 0.26034055239110687 __DUMMY__ 0.003380769992672672	false	1.0
wirr	off 1.0		off 0.5147597719913706 neg 0.478259983019211 __DUMMY__ 0.006980244989418471	false	1.0
jahr			off 0.507985802125643 neg 0.4847904070695292 __DUMMY__ 0.007223790804827693	false	0.0
wird			off 0.505079780239846 neg 0.4878092961892556 __DUMMY__ 0.007110923570898239	false	0.0
strafbar	neg 1.0		off 0.5027050945698254 neg 0.49019737227874655 __DUMMY__ 0.007097533151428082	false	0.5
erosion	neg 1.0		off 0.5097919564796822 neg 0.48309121030337326 __DUMMY__ 0.007116833216944583	false	0.5
eingehen	neg 1.0		off 0.5030308940513983 neg 0.48987180966555616 __DUMMY__ 0.007097296283045454	false	0.5
faul	off 1.0		off 0.513658376149839 neg 0.4792674254515554 __DUMMY__ 0.007074198398605647	false	1.0
provisorium	neg 1.0		off 0.4999256568787184 neg 0.49283110479562076 __DUMMY__ 0.00724323832566078	false	0.5
schmerzen	neg 1.0		off 0.5061261367459032 neg 0.48679535230207965 __DUMMY__ 0.007078510952017052	false	0.5
schrumpfen	neg 1.0		off 0.4977882265292739 neg 0.49505897651976544 __DUMMY__ 0.007152796950960646	false	0.5
geistlos	off 1.0		off 0.5073774141380354 neg 0.4856097940170011 __DUMMY__ 0.007012791844963418	false	1.0
fehlkauf	neg 1.0		off 0.5107886922705331 neg 0.4821218748601047 __DUMMY__ 0.0070894328693621445	false	0.5
frustrierend	neg 1.0		off 0.5117306403039429 neg 0.48121514318964104 __DUMMY__ 0.007054216506416034	false	0.5
unzufrieden	neg 1.0		off 0.5041780220176774 neg 0.48873957878749846 __DUMMY__ 0.007082399194824088	false	0.5
verzweifeln	neg 1.0		off 0.5068584819777789 neg 0.48604737282448823 __DUMMY__ 0.0070941451977328445	false	0.5
verzweifelt	neg 1.0	neg 1.0	neg 0.7275606656947894 off 0.26908186204135265 __DUMMY__ 0.0033574722638579028	false	1.0
misstrauensantrag	neg 1.0		off 0.5103109202221873 neg 0.4826166605463251 __DUMMY__ 0.007072419231487656	false	0.5
abfallen	neg 1.0		off 0.5108409270928862 neg 0.48204780124777313 __DUMMY__ 0.0071112716593406036	false	0.5
fucker	off 1.0		off 0.5166293286977425 neg 0.47632914293256434 __DUMMY__ 0.007041528369693301	false	1.0
ungezogen	neg 1.0		off 0.5218321119639121 neg 0.47122600162223616 __DUMMY__ 0.006941886413851682	false	0.5
irrsinnig	neg 1.0	neg 1.0	neg 0.7272843513491197 off 0.2693532306011959 __DUMMY__ 0.003362418049684419	false	1.0
unfassbar	neg 1.0		off 0.5147306166761793 neg 0.47821895336313824 __DUMMY__ 0.007050429960682446	false	0.5
hart	neg 1.0		off 0.5135650028656924 neg 0.47939592770048917 __DUMMY__ 0.007039069433818382	false	0.5
widerlich	off 1.0		off 0.5129975980230327 neg 0.47999529136742 __DUMMY__ 0.007007110609547421	false	1.0
fatal	neg 1.0		off 0.5106095505718483 neg 0.4823146463065931 __DUMMY__ 0.007075803121558489	false	0.5
bruch	neg 1.0		off 0.5019417230979839 neg 0.4909074951042623 __DUMMY__ 0.0071507817977537105	false	0.5
aushungern	neg 1.0		off 0.5061816254237084 neg 0.48670953619117685 __DUMMY__ 0.007108838385114865	false	0.5
anspannung	neg 1.0		off 0.5024866347119333 neg 0.49029361453511294 __DUMMY__ 0.007219750752953647	false	0.5
von			off 0.5090964326940425 neg 0.483661666132912 __DUMMY__ 0.007241901173045507	false	0.0
kraftlos	neg 1.0		off 0.506729326425023 neg 0.48614662162589095 __DUMMY__ 0.007124051949085925	false	0.5
vom			off 0.5019752861370507 neg 0.4907607172416097 __DUMMY__ 0.007263996621339602	false	0.0
grenzdebil	off 1.0		off 0.5152276191807293 neg 0.47772256512294686 __DUMMY__ 0.007049815696323799	false	1.0
vor			off 0.5038459896310452 neg 0.4889869246172947 __DUMMY__ 0.007167085751660012	false	0.0
unterwerfen	neg 1.0		off 0.5041270762540498 neg 0.48876078952099494 __DUMMY__ 0.007112134224955108	false	0.5
versenkung	neg 1.0		off 0.5058860528826629 neg 0.4869744539448238 __DUMMY__ 0.0071394931725133	false	0.5
entziehen	neg 1.0		off 0.5012059337097714 neg 0.4916578684162901 __DUMMY__ 0.007136197873938423	false	0.5
finanzkrise	neg 1.0		off 0.5057064213010651 neg 0.48721587337572225 __DUMMY__ 0.0070777053232127735	false	0.5
schimpfend	neg 1.0		off 0.5103510971166234 neg 0.4825741177723937 __DUMMY__ 0.00707478511098295	false	0.5
profan	neg 1.0		off 0.5101597183552817 neg 0.48278384473415537 __DUMMY__ 0.007056436910562851	false	0.5
korruption	neg 1.0		off 0.5043499539148346 neg 0.4885460579898042 __DUMMY__ 0.007103988095361227	false	0.5
â			off 0.5069417420500358 neg 0.48591809463982844 __DUMMY__ 0.007140163310135677	false	0.0
schmutzig	neg 1.0		off 0.5162609011857772 neg 0.4766829382215932 __DUMMY__ 0.007056160592629776	false	0.5
sexy	neg 1.0		off 0.5128133660998759 neg 0.4801074999927627 __DUMMY__ 0.007079133907361306	false	0.5
abraten	neg 1.0		off 0.5103450692667097 neg 0.48257926925585143 __DUMMY__ 0.007075661477438931	false	0.5
schwarz	neg 1.0		off 0.5097676078594561 neg 0.4831540016063821 __DUMMY__ 0.00707839053416175	false	0.5
fotze	off 1.0	off 1.0	off 0.7388522391225866 neg 0.2577493056394285 __DUMMY__ 0.0033984552379849333	false	1.0
verwirren	neg 1.0		off 0.5110198726405059 neg 0.4819192712137812 __DUMMY__ 0.007060856145712957	false	0.5
zahnlos	off 1.0		off 0.5056990636882074 neg 0.4872124785113405 __DUMMY__ 0.007088457800452155	false	1.0
verheeren	neg 1.0		off 0.5242435654571482 neg 0.46880232444643755 __DUMMY__ 0.006954110096414241	false	0.5
hippie	neg 1.0		off 0.5122950825492898 neg 0.48062533249489914 __DUMMY__ 0.00707958495581098	false	0.5
rammen	neg 1.0		off 0.5086960140247355 neg 0.48424587512151557 __DUMMY__ 0.007058110853748855	false	0.5
unlauter	neg 1.0		off 0.5069526870521939 neg 0.48600061631168945 __DUMMY__ 0.007046696636116547	false	0.5
unheilvoll	neg 1.0		off 0.5108794913372147 neg 0.48203332302530755 __DUMMY__ 0.007087185637477758	false	0.5
niedrig	neg 1.0		off 0.501622689175877 neg 0.4912836877377824 __DUMMY__ 0.007093623086340601	false	0.5
explosion	neg 1.0		off 0.51110546116581 neg 0.48182366646556973 __DUMMY__ 0.007070872368620181	false	0.5
weichei	off 1.0	off 1.0	off 0.7445399416954351 neg 0.2521450388287235 __DUMMY__ 0.003315019475841282	false	1.0
minusmensch	off 1.0		off 0.5188981572540154 neg 0.4741756590615049 __DUMMY__ 0.006926183684479646	false	1.0
farblos	neg 1.0		off 0.5087197810686828 neg 0.48417555733406836 __DUMMY__ 0.007104661597248996	false	0.5
unwissend	neg 1.0	neg 1.0	neg 0.7253106809470564 off 0.27134525361853196 __DUMMY__ 0.0033440654344115864	false	1.0
traurig	neg 1.0		off 0.5170269844353347 neg 0.47594388470925625 __DUMMY__ 0.0070291308554089995	false	0.5
senkung	neg 1.0		off 0.5091208829971091 neg 0.4838400854799483 __DUMMY__ 0.007039031522942718	false	0.5
ungleich	neg 1.0	neg 1.0	neg 0.7306315868561114 off 0.26598526108852544 __DUMMY__ 0.0033831520553631723	false	1.0
heikel	neg 1.0		off 0.5022266377892872 neg 0.4906731148561797 __DUMMY__ 0.007100247354533035	false	0.5
drosselung	neg 1.0		off 0.5143461327873681 neg 0.4786168106577452 __DUMMY__ 0.0070370565548865975	false	0.5
falsch	neg 1.0		off 0.5113359739767009 neg 0.4816218319622867 __DUMMY__ 0.00704219406101236	false	0.5
unzufriedenheit	neg 1.0		off 0.5017130400111378 neg 0.49115939437886363 __DUMMY__ 0.007127565609998607	false	0.5
kurz	neg 1.0		off 0.5091444102996278 neg 0.48371401899466965 __DUMMY__ 0.007141570705702595	false	0.5
unsinnig	neg 1.0		off 0.5048597495085986 neg 0.48807080110315115 __DUMMY__ 0.007069449388250366	false	0.5
penner	off 1.0	off 1.0	off 0.7455571861830341 neg 0.25112974911698105 __DUMMY__ 0.003313064699984803	false	1.0
seicht	neg 1.0		off 0.5196657593738429 neg 0.47341296710087283 __DUMMY__ 0.0069212735252843615	false	0.5
dummheit	off 1.0	off 1.0	off 0.7400731217297891 neg 0.2565778131136232 __DUMMY__ 0.0033490651565876916	false	1.0
unerfreulich	neg 1.0		off 0.5026555748556227 neg 0.49021839148889107 __DUMMY__ 0.007126033655486152	false	0.5
motherfucker	off 1.0	off 1.0	off 0.7432977801259455 neg 0.2533529658424183 __DUMMY__ 0.003349254031636249	false	1.0
pikiert	neg 1.0		off 0.5128571936160012 neg 0.4801198841901202 __DUMMY__ 0.007022922193878534	false	0.5
wrack	neg 1.0		off 0.5075983803982176 neg 0.4852691467133417 __DUMMY__ 0.007132472888440737	false	0.5
gangster	neg 1.0		off 0.5122893296569855 neg 0.48063287257550646 __DUMMY__ 0.007077797767507907	false	0.5
krank	neg 1.0		off 0.515506719019334 neg 0.47744021578077966 __DUMMY__ 0.007053065199886312	false	0.5
reich	neg 1.0		off 0.5151160769037856 neg 0.4778096787371804 __DUMMY__ 0.0070742443590338985	false	0.5
gnadenlos	neg 1.0		off 0.5086688306037274 neg 0.4842594366781119 __DUMMY__ 0.007071732718160848	false	0.5
niedergeschlagen	neg 1.0		off 0.5074312727735516 neg 0.4854564957531603 __DUMMY__ 0.007112231473288102	false	0.5
terrorisieren	off 1.0	off 1.0	off 0.7373394205796582 neg 0.2592654346459141 __DUMMY__ 0.003395144774427703	false	1.0
sinnlosigkeit	neg 1.0		off 0.5054111625045422 neg 0.48749401220520927 __DUMMY__ 0.007094825290248547	false	0.5
behindern	neg 1.0		off 0.5079946279269262 neg 0.48489990713292624 __DUMMY__ 0.007105464940147549	false	0.5
undemokratisch	neg 1.0		off 0.5082406303845258 neg 0.48468728308962966 __DUMMY__ 0.007072086525844652	false	0.5
wirtschaftskrise	neg 1.0		off 0.5038491333812234 neg 0.48905170996045905 __DUMMY__ 0.007099156658317693	false	0.5
neid	neg 1.0		off 0.5132667507093299 neg 0.4796576490265955 __DUMMY__ 0.007075600264074538	false	0.5
rutschen	neg 1.0		off 0.5041101585881018 neg 0.48866668068024427 __DUMMY__ 0.007223160731654042	false	0.5
rezession	neg 1.0		off 0.5124031500214009 neg 0.4806502055059886 __DUMMY__ 0.006946644472610497	false	0.5
fehlgeburt	neg 1.0		off 0.5109936515376857 neg 0.48191522210732285 __DUMMY__ 0.007091126354991476	false	0.5
charakterschwach	off 1.0		off 0.5127697713271049 neg 0.4802216119095 __DUMMY__ 0.007008616763394947	false	1.0
isolation	neg 1.0		off 0.5121977990141757 neg 0.48073524468157275 __DUMMY__ 0.007066956304251479	false	0.5
ablenkung	neg 1.0		off 0.5092474501288435 neg 0.4836464982031701 __DUMMY__ 0.007106051667986316	false	0.5
pech	neg 1.0		off 0.5119261388878054 neg 0.48101752113690477 __DUMMY__ 0.007056339975289913	false	0.5
vermeidung	neg 1.0		off 0.5150909227339985 neg 0.47786246841286345 __DUMMY__ 0.007046608853138086	false	0.5
dominieren	neg 1.0		off 0.505235954453142 neg 0.48763079068664245 __DUMMY__ 0.007133254860215744	false	0.5
schwindlig	neg 1.0		off 0.5119475104027204 neg 0.48095845783289315 __DUMMY__ 0.007094031764386478	false	0.5
lutscher	neg 1.0		off 0.520959351205108 neg 0.47211074281778653 __DUMMY__ 0.006929905977105504	false	0.5
pflicht	neg 1.0		off 0.5015649642154999 neg 0.4913175843995313 __DUMMY__ 0.0071174513849687985	false	0.5
faschist	off 1.0		off 0.5112687114233073 neg 0.4816692128731924 __DUMMY__ 0.007062075703500318	false	1.0
verschleudern	neg 1.0		off 0.5021824210800304 neg 0.49071608194491473 __DUMMY__ 0.007101496975054692	false	0.5
wenn			off 0.5121553579270426 neg 0.48079251787558225 __DUMMY__ 0.00705212419737528	false	0.0
ehebruch	neg 1.0		off 0.504613491994819 neg 0.4882767915751018 __DUMMY__ 0.007109716430079277	false	0.5
spott	off 1.0		off 0.5036266566238187 neg 0.4892681385820195 __DUMMY__ 0.007105204794161783	false	1.0
trostlosigkeit	neg 1.0		off 0.5034314446215451 neg 0.48940958738231466 __DUMMY__ 0.00715896799614031	false	0.5
lutschen	neg 1.0		off 0.5111192291849439 neg 0.4818340899798618 __DUMMY__ 0.007046680835194268	false	0.5
undiszipliniert	neg 1.0		off 0.515362282941969 neg 0.4776235260105842 __DUMMY__ 0.007014191047446757	false	0.5
kopfschmerz	neg 1.0		off 0.5053581464939221 neg 0.48755287677278225 __DUMMY__ 0.007088976733295634	false	0.5
unvorhergesehen	neg 1.0		off 0.5068464437160254 neg 0.48597567623179483 __DUMMY__ 0.0071778800521796705	false	0.5
desinteressiert	neg 1.0	neg 1.0	neg 0.7238049785472402 off 0.27285613860736163 __DUMMY__ 0.003338882845398097	false	1.0
armselig	off 1.0		off 0.514412018518659 neg 0.47860360711052485 __DUMMY__ 0.006984374370816137	false	1.0
desaster	neg 1.0		off 0.5007595633379139 neg 0.4920940528148678 __DUMMY__ 0.0071463838472181455	false	0.5
tod	neg 1.0		off 0.5082812940300894 neg 0.4845591902483916 __DUMMY__ 0.007159515721519076	false	0.5
herzlos	neg 1.0		off 0.5157483571920164 neg 0.47724497424843204 __DUMMY__ 0.007006668559551573	false	0.5
unwissenheit	neg 1.0		off 0.5046583868436365 neg 0.48825087811781687 __DUMMY__ 0.00709073503854655	false	0.5
widersinnig	neg 1.0		off 0.5024006549875086 neg 0.4905465656575732 __DUMMY__ 0.007052779354918273	false	0.5
bedenklich	neg 1.0		off 0.5033450770576868 neg 0.4895639618530375 __DUMMY__ 0.007090961089275745	false	0.5
beanstanden	neg 1.0		off 0.5015310416580719 neg 0.4913439108089637 __DUMMY__ 0.007125047532964306	false	0.5
panisch	neg 1.0	neg 1.0	neg 0.7245331750241026 off 0.2720755997956441 __DUMMY__ 0.0033912251802533083	false	1.0
debil	off 1.0		off 0.4995703435570584 neg 0.4932127640232168 __DUMMY__ 0.0072168924197248486	false	1.0
abstrich	neg 1.0		off 0.5121437980187857 neg 0.48068446856513297 __DUMMY__ 0.0071717334160813	false	0.5
primitiv	neg 1.0		off 0.5128685420142922 neg 0.4801307105646153 __DUMMY__ 0.007000747421092407	false	0.5
abschaum	off 1.0	off 1.0	off 0.7416325639958642 neg 0.2550219548729545 __DUMMY__ 0.0033454811311814	false	1.0
provozieren	neg 1.0		off 0.5070831287185458 neg 0.48586657102268765 __DUMMY__ 0.007050300258766632	false	0.5
tot	neg 1.0		off 0.5054188014044885 neg 0.4874776721804944 __DUMMY__ 0.007103526415017075	false	0.5
instabil	neg 1.0		off 0.5155450161763165 neg 0.4774419201873096 __DUMMY__ 0.0070130636363738485	false	0.5
schwuchtel	off 1.0	off 1.0	off 0.7477725312784905 neg 0.24895154825737728 __DUMMY__ 0.003275920464132172	false	1.0
zerren	neg 1.0		off 0.5068634270074079 neg 0.48602024998523646 __DUMMY__ 0.007116323007355657	false	0.5
kinderficker	off 1.0		off 0.5186378926298875 neg 0.4743709955180129 __DUMMY__ 0.006991111852099665	false	1.0
gefahr	neg 1.0		off 0.5028839158469188 neg 0.48996606022562084 __DUMMY__ 0.007150023927460173	false	0.5
rabiat	neg 1.0		off 0.5084710660953955 neg 0.4844365755294393 __DUMMY__ 0.007092358375165232	false	0.5
verlangsamung	neg 1.0		off 0.5167769728682299 neg 0.47629982959239175 __DUMMY__ 0.006923197539378367	false	0.5
ausgestorben	neg 1.0		off 0.508828620305711 neg 0.48406548931385934 __DUMMY__ 0.007105890380429766	false	0.5
anklagen	neg 1.0		off 0.5054140899259814 neg 0.48747075549964974 __DUMMY__ 0.0071151545743688245	false	0.5
trott	neg 1.0		off 0.5084005349581765 neg 0.484495041842966 __DUMMY__ 0.007104423198857584	false	0.5
verminderung	neg 1.0		off 0.5139619105958209 neg 0.4790179358407447 __DUMMY__ 0.007020153563434573	false	0.5
nach			off 0.5026707135769174 neg 0.4901004416056159 __DUMMY__ 0.0072288448174667765	false	0.0
rost	neg 1.0		off 0.5182662452010467 neg 0.474759796523557 __DUMMY__ 0.006973958275396385	false	0.5
destruktiv	neg 1.0		off 0.5060875204741165 neg 0.4868495618313913 __DUMMY__ 0.007062917694492092	false	0.5
unzumutbarkeit	neg 1.0		off 0.5144944115879826 neg 0.478446563009692 __DUMMY__ 0.007059025402325354	false	0.5
labil	off 1.0	off 1.0	off 0.7416733809744407 neg 0.2549707853034974 __DUMMY__ 0.0033558337220619266	false	1.0
ziemlich	neg 1.0		off 0.5150836149241887 neg 0.4778571230984404 __DUMMY__ 0.007059261977370923	false	0.5
lachnummer	off 1.0		off 0.5070796387354549 neg 0.4858561565859649 __DUMMY__ 0.0070642046785802225	false	1.0
oder			off 0.5101349759828884 neg 0.4827637481341995 __DUMMY__ 0.007101275882912253	false	0.0
verfall	neg 1.0		off 0.49899479272010916 neg 0.49383455657754194 __DUMMY__ 0.0071706507023488976	false	0.5
ausgrenzung	neg 1.0		off 0.5091947459332792 neg 0.48373230042141413 __DUMMY__ 0.007072953645306473	false	0.5
unordnung	neg 1.0		off 0.5189075007481377 neg 0.4740219824610239 __DUMMY__ 0.00707051679083836	false	0.5
fehlverhalten	neg 1.0		off 0.5010798333675558 neg 0.49182477768732824 __DUMMY__ 0.00709538894511589	false	0.5
eine			off 0.5038403718777198 neg 0.48900696902348084 __DUMMY__ 0.00715265909879934	false	0.0
nille	neg 1.0		off 0.5090359905026871 neg 0.48384694137338097 __DUMMY__ 0.007117068123931808	false	0.5
qual	neg 1.0		off 0.5080153224484814 neg 0.48487689146635543 __DUMMY__ 0.007107786085163136	false	0.5
verschwenden	neg 1.0		off 0.502780515576717 neg 0.49012453000171036 __DUMMY__ 0.007094954421572636	false	0.5
riesig	neg 1.0		off 0.5061744956618276 neg 0.48668810163362763 __DUMMY__ 0.007137402704544836	false	0.5
verurteilen	neg 1.0		off 0.5036611221059777 neg 0.4892616566072837 __DUMMY__ 0.0070772212867387645	false	0.5
klischee	neg 1.0	neg 1.0	neg 0.7259794724348443 off 0.2706702490450696 __DUMMY__ 0.0033502785200862284	false	1.0
diktatorisch	neg 1.0		off 0.5081113789234672 neg 0.4848232107759363 __DUMMY__ 0.007065410300596498	false	0.5
vorhersehbar	neg 1.0		off 0.5092678946173582 neg 0.4837013380982773 __DUMMY__ 0.007030767284364566	false	0.5
sowie			off 0.5175870357483239 neg 0.47542632038102317 __DUMMY__ 0.006986643870653031	false	0.0
stornieren	neg 1.0		off 0.5143582721144148 neg 0.47849740234963806 __DUMMY__ 0.007144325535947213	false	0.5
besteuerung	neg 1.0		off 0.5060394404550306 neg 0.4869218747931471 __DUMMY__ 0.007038684751822194	false	0.5
ungeschminkt	neg 1.0		off 0.512276108364731 neg 0.48073033984153923 __DUMMY__ 0.006993551793729676	false	0.5
kritisch	neg 1.0		off 0.5034941446124581 neg 0.48940569726214356 __DUMMY__ 0.0071001581253983745	false	0.5
schlamperei	off 1.0		off 0.503933339985868 neg 0.488929068825611 __DUMMY__ 0.007137591188521023	false	1.0
sucht	neg 1.0	neg 1.0	neg 0.7239677816198562 off 0.2726087475019858 __DUMMY__ 0.003423470878157891	false	1.0
egoistisch	off 1.0		off 0.5171185782078348 neg 0.4759202796374187 __DUMMY__ 0.006961142154746511	false	1.0
ausbeuter	off 1.0		off 0.5003938001828373 neg 0.4925221354815333 __DUMMY__ 0.007084064335629378	false	1.0
arschgeburt	off 1.0		off 0.5224735753622536 neg 0.4706554612970011 __DUMMY__ 0.006870963340745319	false	1.0
schubs	neg 1.0		off 0.5068300450573859 neg 0.48606007379297445 __DUMMY__ 0.007109881149639647	false	0.5
unsolide	neg 1.0		off 0.5081262522938318 neg 0.4848258800431852 __DUMMY__ 0.0070478676629829986	false	0.5
beschwerde	neg 1.0		off 0.5036683018584772 neg 0.48921815396167234 __DUMMY__ 0.007113544179850474	false	0.5
stocken	neg 1.0		off 0.5041141391026277 neg 0.48875431301606553 __DUMMY__ 0.007131547881306767	false	0.5
isolieren	neg 1.0		off 0.5049233433036722 neg 0.4879675335156863 __DUMMY__ 0.007109123180641498	false	0.5
unheilbar	neg 1.0		off 0.5084969201978992 neg 0.484414144565501 __DUMMY__ 0.0070889352365997495	false	0.5
pisser	off 1.0		off 0.5150534357490547 neg 0.47794291980240866 __DUMMY__ 0.0070036444485365975	false	1.0
löschen	neg 1.0		off 0.5087528386005904 neg 0.48414429467646486 __DUMMY__ 0.007102866722944634	false	0.5
durchfallen	neg 1.0		off 0.5029872537752054 neg 0.4899375029895861 __DUMMY__ 0.0070752432352085125	false	0.5
wichser	off 1.0	off 1.0	off 0.7469636953723551 neg 0.24973910955382636 __DUMMY__ 0.003297195073818538	false	1.0
terror	neg 1.0		off 0.512022343553414 neg 0.4808980700074734 __DUMMY__ 0.007079586439112561	false	0.5
krass	neg 1.0		off 0.5167348734147774 neg 0.47626217218817063 __DUMMY__ 0.007002954397052104	false	0.5
revolte	neg 1.0		off 0.5106508744123144 neg 0.48226509485978314 __DUMMY__ 0.007084030727902382	false	0.5
besorgt	neg 1.0		off 0.509864132306426 neg 0.4829755344225359 __DUMMY__ 0.00716033327103801	false	0.5
nachlassen	neg 1.0		off 0.5058141148589677 neg 0.48702802747403856 __DUMMY__ 0.007157857666993709	false	0.5
alt	neg 1.0		off 0.505254885916961 neg 0.48764674300601696 __DUMMY__ 0.007098371077022084	false	0.5
hundesohn	off 1.0		off 0.5215076551825045 neg 0.47155300385229504 __DUMMY__ 0.006939340965200454	false	1.0
als			off 0.5060245607585063 neg 0.4868701610481051 __DUMMY__ 0.007105278193388705	false	0.0
abschreckung	neg 1.0		off 0.5012768009495887 neg 0.4915970284594162 __DUMMY__ 0.007126170590994988	false	0.5
unqualifiziert	neg 1.0		off 0.5096903225982508 neg 0.48329139922352027 __DUMMY__ 0.007018278178229144	false	0.5
abgewichst	off 1.0		off 0.5083833429729747 neg 0.484494877337751 __DUMMY__ 0.007121779689274284	false	1.0
schwer	neg 1.0		off 0.5069798130916938 neg 0.4859365430001667 __DUMMY__ 0.0070836439081394635	false	0.5
bedeutungslosigkeit	neg 1.0		off 0.5024485071510221 neg 0.49043090501515096 __DUMMY__ 0.007120587833827103	false	0.5
kapitulation	neg 1.0		off 0.5045559608354142 neg 0.4883200450648389 __DUMMY__ 0.007123994099746957	false	0.5
unscharf	neg 1.0		off 0.5093354348844733 neg 0.4836217678067391 __DUMMY__ 0.007042797308787607	false	0.5
schwinden	neg 1.0		off 0.5030128292830734 neg 0.4898521996460933 __DUMMY__ 0.007134971070833155	false	0.5
versklavung	neg 1.0		off 0.508984016469466 neg 0.4839275908348875 __DUMMY__ 0.007088392695646504	false	0.5
schlecht	neg 1.0		off 0.5150087627070818 neg 0.4779359730251984 __DUMMY__ 0.007055264267719597	false	0.5
verhasst	neg 1.0		off 0.5067258110033819 neg 0.4862427189600596 __DUMMY__ 0.007031470036558513	false	0.5
beschweren	neg 1.0		off 0.5099671232159413 neg 0.4829616653726629 __DUMMY__ 0.007071211411395753	false	0.5
scheiden	neg 1.0		off 0.5098824177340086 neg 0.4829999271801613 __DUMMY__ 0.007117655085830148	false	0.5
frustriert	neg 1.0		off 0.5058510702284432 neg 0.48706249592805007 __DUMMY__ 0.007086433843506693	false	0.5
schimmelig	neg 1.0		off 0.5035270645206136 neg 0.4893987294400166 __DUMMY__ 0.0070742060393697475	false	0.5
fisch	neg 1.0		off 0.5014898865552438 neg 0.4914016562568421 __DUMMY__ 0.007108457187914093	false	0.5
schmuggel	neg 1.0		off 0.5035079201965071 neg 0.48936640655253305 __DUMMY__ 0.007125673250959666	false	0.5
auffallen	neg 1.0		off 0.5107032257478712 neg 0.4822326639772801 __DUMMY__ 0.007064110274848707	false	0.5
konkurrenz	neg 1.0		off 0.5018516297011975 neg 0.49100557372280085 __DUMMY__ 0.007142796576001714	false	0.5
teufelskreis	neg 1.0	neg 1.0	neg 0.7284239860585172 off 0.2682113292850878 __DUMMY__ 0.0033646846563950674	false	1.0
aufschreien	neg 1.0		off 0.5097376014416127 neg 0.4832163501630399 __DUMMY__ 0.00704604839534723	false	0.5
schuldner	neg 1.0		off 0.50071618198552 neg 0.4921805886468211 __DUMMY__ 0.007103229367658863	false	0.5
missgeburt	off 1.0	off 1.0	off 0.744496918234652 neg 0.25219617639377395 __DUMMY__ 0.0033069053715741033	false	1.0
arbeitslos	neg 1.0		off 0.5033430535096121 neg 0.4895832726688929 __DUMMY__ 0.0070736738214951305	false	0.5
befallen	neg 1.0		off 0.5061584715397855 neg 0.4867477056341719 __DUMMY__ 0.007093822826042611	false	0.5
miesepetrig	off 1.0	off 1.0	off 0.7424997773637827 neg 0.2541443153332958 __DUMMY__ 0.0033559073029214683	false	1.0
alarmieren	neg 1.0		off 0.5111908969304821 neg 0.48177388696267853 __DUMMY__ 0.007035216106839179	false	0.5
ungeduscht	off 1.0		off 0.5113274690315112 neg 0.48164075936975076 __DUMMY__ 0.007031771598738037	false	1.0
knappheit	neg 1.0		off 0.5018363062421417 neg 0.49110303869790045 __DUMMY__ 0.007060655059957818	false	0.5
schlange	neg 1.0		off 0.5126847774479172 neg 0.4801893168394447 __DUMMY__ 0.007125905712638046	false	0.5
harsch	neg 1.0		off 0.5201962067108657 neg 0.47276372489908447 __DUMMY__ 0.00704006839004977	false	0.5
lang	neg 1.0		off 0.5099867140090681 neg 0.4829108070412234 __DUMMY__ 0.007102478949708465	false	0.5
ziellos	neg 1.0		off 0.5063244367613438 neg 0.4865372638350292 __DUMMY__ 0.0071382994036270275	false	0.5
selbstverliebt	neg 1.0		off 0.521499966447774 neg 0.4715932210908783 __DUMMY__ 0.006906812461347696	false	0.5
beseitigen	neg 1.0		off 0.5069294560989911 neg 0.48596458594641545 __DUMMY__ 0.007105957954593609	false	0.5
dumm	off 1.0		off 0.5187763679229932 neg 0.47425255140538247 __DUMMY__ 0.006971080671624344	false	1.0
arbeitsloser	neg 1.0		off 0.5055503412526158 neg 0.48733824193791975 __DUMMY__ 0.007111416809464532	false	0.5
blitzen	neg 1.0		off 0.5114798797065534 neg 0.4814511629532462 __DUMMY__ 0.007068957340200403	false	0.5
hilflos	neg 1.0		off 0.5055236196864338 neg 0.4873853756587621 __DUMMY__ 0.007091004654804111	false	0.5
eklig	off 1.0		off 0.5179490418732599 neg 0.47510985884372964 __DUMMY__ 0.006941099283010516	false	1.0
begriff			off 0.5065367813636164 neg 0.4863816335077079 __DUMMY__ 0.007081585128675714	false	0.0
hungersnot	neg 1.0		off 0.506506884545828 neg 0.4863693049594208 __DUMMY__ 0.007123810494751108	false	0.5
ungesetzlich	neg 1.0		off 0.5056823232168153 neg 0.4872835542916876 __DUMMY__ 0.007034122491496993	false	0.5
verschwendung	neg 1.0		off 0.5032784242917215 neg 0.4896058458577706 __DUMMY__ 0.007115729850507729	false	0.5
schmerzvoll	neg 1.0		off 0.510093829245782 neg 0.4828268860792418 __DUMMY__ 0.007079284674976277	false	0.5
vorzeitig	neg 1.0		off 0.5116212438225569 neg 0.48130123637831446 __DUMMY__ 0.007077519799128614	false	0.5
unvollkommenheit	neg 1.0		off 0.5081159026902019 neg 0.4847275086490334 __DUMMY__ 0.007156588660764702	false	0.5
intervenieren	neg 1.0		off 0.5023205943720942 neg 0.4905745622673938 __DUMMY__ 0.007104843360511879	false	0.5
banause	off 1.0		off 0.5193421873256765 neg 0.4737549062333316 __DUMMY__ 0.006902906440991975	false	1.0
rebell	neg 1.0		off 0.4999186329641483 neg 0.49293781627350697 __DUMMY__ 0.007143550762344772	false	0.5
unlogisch	neg 1.0		off 0.5146753213652855 neg 0.4783319836256621 __DUMMY__ 0.006992695009052477	false	0.5
leiden	neg 1.0		off 0.5037506368566135 neg 0.48910452629622875 __DUMMY__ 0.0071448368471577805	false	0.5
abschaffung	neg 1.0		off 0.508066817411971 neg 0.4848505953826025 __DUMMY__ 0.007082587205426487	false	0.5
sturz	neg 1.0		off 0.5103203968685434 neg 0.482555832969028 __DUMMY__ 0.007123770162428624	false	0.5
verkleinerung	neg 1.0		off 0.5086532674391988 neg 0.48432034901343296 __DUMMY__ 0.007026383547368275	false	0.5
schmarotzer	off 1.0		off 0.5033978352251202 neg 0.48954572843679534 __DUMMY__ 0.007056436338084458	false	1.0
bestrafung	neg 1.0		off 0.5092700498914757 neg 0.4836461977074718 __DUMMY__ 0.007083752401052541	false	0.5
achtlos	neg 1.0	neg 1.0	neg 0.7271728556050723 off 0.26943918857134735 __DUMMY__ 0.0033879558235803127	false	1.0
ungeheuer	neg 1.0		off 0.5121946426699747 neg 0.480711044199469 __DUMMY__ 0.007094313130556436	false	0.5
