unsolidarisch	neg 1.0		off 0.4740686263284718 neg 0.4583949052578592 __DUMMY__ 0.06753646841366913	false	0.5
nachteilig	neg 1.0		off 0.4717202058019 neg 0.46013205484398984 __DUMMY__ 0.06814773935411007	false	0.5
skeptisch	neg 1.0		off 0.47154393058183824 neg 0.46019752176054185 __DUMMY__ 0.06825854765761998	false	0.5
schrecklich	neg 1.0		off 0.4865643401568799 neg 0.4461678250154554 __DUMMY__ 0.06726783482766471	false	0.5
schlapp	neg 1.0		off 0.4831268370190506 neg 0.449233319997841 __DUMMY__ 0.06763984298310857	false	0.5
abfall	neg 1.0		off 0.46903304537487006 neg 0.4622854709261436 __DUMMY__ 0.06868148369898631	false	0.5
widerspenstig	neg 1.0		off 0.4776034693352222 neg 0.4544017963968249 __DUMMY__ 0.06799473426795297	false	0.5
abrupt	neg 1.0		off 0.47504617256859893 neg 0.45633383718723775 __DUMMY__ 0.06861999024416349	false	0.5
unwirksam	neg 1.0		off 0.4739326163953195 neg 0.45859323754122755 __DUMMY__ 0.06747414606345292	false	0.5
angreifen	neg 1.0		off 0.47110023727022515 neg 0.4606980573699106 __DUMMY__ 0.06820170535986429	false	0.5
inkonsistent	neg 1.0		off 0.47659355569810147 neg 0.45576842324598454 __DUMMY__ 0.06763802105591395	false	0.5
abrutschen	neg 1.0		off 0.46876835548800994 neg 0.46271461963056576 __DUMMY__ 0.06851702488142443	false	0.5
unsicher	neg 1.0		off 0.47768821033128295 neg 0.45419433276364374 __DUMMY__ 0.06811745690507318	false	0.5
bauernkind	off 1.0	off 1.0	off 0.7271622191579985 neg 0.24129004860517397 __DUMMY__ 0.031547732236827435	false	1.0
angreifer	neg 1.0	neg 1.0	neg 0.7107193126934076 off 0.25667227924915015 __DUMMY__ 0.03260840805744228	false	1.0
trennen	neg 1.0		off 0.47342926947411174 neg 0.45792508202910026 __DUMMY__ 0.06864564849678792	false	0.5
schmutz	neg 1.0		off 0.4818366786554452 neg 0.44978605438534913 __DUMMY__ 0.06837726695920567	false	0.5
inkonsistenz	neg 1.0		off 0.47874934109311856 neg 0.4543022745605613 __DUMMY__ 0.06694838434632025	false	0.5
erschreckend	neg 1.0		off 0.4752592399557392 neg 0.4568669785028813 __DUMMY__ 0.06787378154137945	false	0.5
ertrinken	neg 1.0		off 0.4728345242874078 neg 0.45879750041743955 __DUMMY__ 0.06836797529515266	false	0.5
pickelface	off 1.0		off 0.476767124255779 neg 0.4550781592471693 __DUMMY__ 0.06815471649705163	false	1.0
seiner			off 0.4724640511373161 neg 0.4592019944826714 __DUMMY__ 0.06833395438001227	false	0.0
lauch	neg 1.0		off 0.470862815473968 neg 0.46040601969094147 __DUMMY__ 0.06873116483509054	false	0.5
unwichtig	neg 1.0		off 0.4805266211617788 neg 0.4521273662494155 __DUMMY__ 0.06734601258880585	false	0.5
steuerhinterziehung	neg 1.0	neg 1.0	neg 0.7146984837777605 off 0.25278887102197395 __DUMMY__ 0.03251264520026566	false	1.0
schock	neg 1.0		off 0.4773120731160506 neg 0.4544549871107713 __DUMMY__ 0.06823293977317828	false	0.5
beule	neg 1.0		off 0.4833540015757197 neg 0.4492147276796472 __DUMMY__ 0.0674312707446331	false	0.5
vergelten	neg 1.0		off 0.4872863010563268 neg 0.445021916514528 __DUMMY__ 0.0676917824291453	false	0.5
verdorbenheit	neg 1.0		off 0.4804260264750631 neg 0.4512018672809767 __DUMMY__ 0.06837210624396012	false	0.5
trauma	neg 1.0		off 0.47821304771523143 neg 0.4538410537073977 __DUMMY__ 0.06794589857737098	false	0.5
sinnlos	neg 1.0		off 0.47930118261757615 neg 0.45288600929324163 __DUMMY__ 0.06781280808918222	false	0.5
fettsack	off 1.0	off 1.0	off 0.7288915773180504 neg 0.23940412185111912 __DUMMY__ 0.03170430083083042	false	1.0
feige	off 1.0	off 1.0	off 0.7263005026584926 neg 0.2416548015950974 __DUMMY__ 0.03204469574641009	false	1.0
abdanken	neg 1.0		off 0.4766914857746705 neg 0.45521080144630477 __DUMMY__ 0.06809771277902482	false	0.5
wichtigtuer	off 1.0	off 1.0	off 0.7252743963793421 neg 0.24251937184618255 __DUMMY__ 0.03220623177447537	false	1.0
misslingen	neg 1.0		off 0.48159634418920566 neg 0.4497825732356925 __DUMMY__ 0.06862108257510184	false	0.5
untreu	off 1.0		off 0.4821760836781018 neg 0.45033641115333156 __DUMMY__ 0.06748750516856673	false	1.0
missmutig	neg 1.0		off 0.48235066478137506 neg 0.44996075000803804 __DUMMY__ 0.06768858521058682	false	0.5
hurenbock	off 1.0		off 0.48062317074741506 neg 0.45129860890498064 __DUMMY__ 0.06807822034760425	false	1.0
betrunken	neg 1.0		off 0.48476772822154457 neg 0.44772859994974656 __DUMMY__ 0.06750367182870903	false	0.5
korrupt	off 1.0		off 0.4716206387976305 neg 0.4607044121154633 __DUMMY__ 0.06767494908690615	false	1.0
unmut	neg 1.0		off 0.46931380947202395 neg 0.4620924457240612 __DUMMY__ 0.06859374480391478	false	0.5
hackfresse	off 1.0		off 0.4889170835434637 neg 0.444306253811143 __DUMMY__ 0.06677666264539318	false	1.0
aufblasen	neg 1.0		off 0.4798712059872237 neg 0.45214199506964786 __DUMMY__ 0.0679867989431284	false	0.5
gewaltsam	neg 1.0		off 0.4765626683142762 neg 0.4551852237503059 __DUMMY__ 0.0682521079354178	false	0.5
unbeliebtheit	neg 1.0		off 0.4792764985214413 neg 0.45338715849089256 __DUMMY__ 0.06733634298766604	false	0.5
sturheit	neg 1.0		off 0.47457215866604546 neg 0.45751930806102664 __DUMMY__ 0.0679085332729278	false	0.5
kuh	neg 1.0		off 0.47626226804769745 neg 0.4565643397545278 __DUMMY__ 0.06717339219777466	false	0.5
erschrecken	neg 1.0		off 0.4826189805634066 neg 0.44956410388134277 __DUMMY__ 0.06781691555525066	false	0.5
opfer	neg 1.0		off 0.47344601511492096 neg 0.45831586209797437 __DUMMY__ 0.0682381227871046	false	0.5
sinken	neg 1.0		off 0.47064806154037814 neg 0.4607029814135124 __DUMMY__ 0.06864895704610961	false	0.5
stinktier	neg 1.0		off 0.4827669094254338 neg 0.45081100880436975 __DUMMY__ 0.0664220817701965	false	0.5
tucke	off 1.0		off 0.4885901723091533 neg 0.4449835078052492 __DUMMY__ 0.06642631988559755	false	1.0
ein			off 0.4788377784635232 neg 0.45317539471895785 __DUMMY__ 0.06798682681751896	false	0.0
abstieg	neg 1.0		off 0.47326829240907187 neg 0.4582830023027734 __DUMMY__ 0.06844870528815476	false	0.5
missverstehen	neg 1.0		off 0.4778884397068693 neg 0.4547354508131792 __DUMMY__ 0.06737610947995168	false	0.5
ergebnislos	neg 1.0		off 0.47288104866643754 neg 0.45865137764800457 __DUMMY__ 0.06846757368555785	false	0.5
unter			off 0.4666720301228512 neg 0.4640258345105594 __DUMMY__ 0.06930213536658945	false	0.0
manipulieren	neg 1.0		off 0.4714933995962529 neg 0.4601553961504902 __DUMMY__ 0.06835120425325696	false	0.5
unbewiesen	neg 1.0		off 0.4731734988187332 neg 0.4594327257585294 __DUMMY__ 0.0673937754227375	false	0.5
verschleppen	neg 1.0		off 0.47311509858197076 neg 0.45878305914556156 __DUMMY__ 0.06810184227246772	false	0.5
weib	off 1.0		off 0.48704481189656257 neg 0.4466769401307353 __DUMMY__ 0.06627824797270224	false	1.0
opposition	neg 1.0		off 0.47759767278281134 neg 0.45473526498370415 __DUMMY__ 0.06766706223348452	false	0.5
verkehrswidrig	neg 1.0		off 0.4895907056367239 neg 0.44261240851741435 __DUMMY__ 0.06779688584586176	false	0.5
inkorrekt	neg 1.0		off 0.4832959807996623 neg 0.44978821177508943 __DUMMY__ 0.06691580742524829	false	0.5
vermeiden	neg 1.0	neg 1.0	neg 0.716891933204091 off 0.25015508697828176 __DUMMY__ 0.032952979817627286	false	1.0
abweichung	neg 1.0		off 0.47284167663930704 neg 0.4590119016227359 __DUMMY__ 0.06814642173795717	false	0.5
alkoholisiert	neg 1.0		off 0.4736800185226317 neg 0.4578612287073672 __DUMMY__ 0.06845875277000113	false	0.5
scheiss	off 1.0	off 1.0	off 0.7273762502242671 neg 0.2404884708051388 __DUMMY__ 0.03213527897059409	false	1.0
herausforderung	neg 1.0		off 0.4719210869745516 neg 0.45975641297211695 __DUMMY__ 0.0683225000533316	false	0.5
pervers	off 1.0		off 0.49177526695824747 neg 0.4418071258838098 __DUMMY__ 0.0664176071579428	false	1.0
wackelig	neg 1.0		off 0.4777585759074492 neg 0.45367019722163554 __DUMMY__ 0.0685712268709154	false	0.5
verwickeln	neg 1.0		off 0.4773575148901732 neg 0.4552193839504519 __DUMMY__ 0.06742310115937493	false	0.5
vorwand	neg 1.0		off 0.4706476043253893 neg 0.4611145003279856 __DUMMY__ 0.06823789534662505	false	0.5
muschi	off 1.0		off 0.47691070127790947 neg 0.45494149114854726 __DUMMY__ 0.06814780757354326	false	1.0
entmutigung	neg 1.0		off 0.4779941681944236 neg 0.4541532976214991 __DUMMY__ 0.06785253418407737	false	0.5
unangemessen	neg 1.0		off 0.47306910278416314 neg 0.45921899825810153 __DUMMY__ 0.06771189895773538	false	0.5
unstetig	neg 1.0		off 0.48041703755154547 neg 0.4517321794466898 __DUMMY__ 0.06785078300176475	false	0.5
entmutigen	neg 1.0		off 0.47774746958586817 neg 0.45439059733124953 __DUMMY__ 0.06786193308288223	false	0.5
schwanz	neg 1.0		off 0.47438065546674113 neg 0.457306207463944 __DUMMY__ 0.06831313706931504	false	0.5
verbot	neg 1.0		off 0.47340558780122327 neg 0.4585239890762468 __DUMMY__ 0.06807042312253	false	0.5
leid	neg 1.0		off 0.48677657396423907 neg 0.4463244194781655 __DUMMY__ 0.06689900655759533	false	0.5
archaisch	neg 1.0		off 0.4751377250535564 neg 0.4568742930228168 __DUMMY__ 0.06798798192362676	false	0.5
gegen			off 0.4706749393527318 neg 0.46067046399695744 __DUMMY__ 0.06865459665031083	false	0.0
scheidung	neg 1.0		off 0.49987927138710064 neg 0.43334067702092666 __DUMMY__ 0.06678005159197284	false	0.5
einschlag	neg 1.0		off 0.4852045685070569 neg 0.4474505135083727 __DUMMY__ 0.06734491798457047	false	0.5
m			off 0.4757597583864627 neg 0.45591006115632476 __DUMMY__ 0.06833018045721238	false	0.0
abgestanden	neg 1.0		off 0.477005901883036 neg 0.455249676842793 __DUMMY__ 0.067744421274171	false	0.5
schmierig	off 1.0		off 0.4872652096447333 neg 0.44557059982257624 __DUMMY__ 0.06716419053269039	false	1.0
unpraktisch	neg 1.0		off 0.4793580133940856 neg 0.4526900293099046 __DUMMY__ 0.06795195729600978	false	0.5
wixxer	off 1.0		off 0.4905766370286222 neg 0.4432564800029646 __DUMMY__ 0.06616688296841322	false	1.0
bezeichnet			off 0.4751765097389406 neg 0.45717745363605566 __DUMMY__ 0.06764603662500387	false	0.0
jammerlappen	off 1.0		off 0.48265854001246744 neg 0.4496496781276595 __DUMMY__ 0.06769178185987297	false	1.0
farce	neg 1.0		off 0.4745062031765475 neg 0.45749692255045565 __DUMMY__ 0.06799687427299682	false	0.5
zwecklos	neg 1.0		off 0.47365506383783446 neg 0.458453449245569 __DUMMY__ 0.06789148691659647	false	0.5
turbulent	neg 1.0		off 0.48243129486573105 neg 0.45031130421424126 __DUMMY__ 0.06725740092002759	false	0.5
invasion	neg 1.0		off 0.47894912623411445 neg 0.4532581144087863 __DUMMY__ 0.06779275935709926	false	0.5
schuld	neg 1.0		off 0.47697510010854155 neg 0.45533410086407056 __DUMMY__ 0.06769079902738777	false	0.5
risiko	neg 1.0	neg 1.0	neg 0.7114670202194051 off 0.2559497224463994 __DUMMY__ 0.032583257334195564	false	1.0
finster	neg 1.0		off 0.47725086000847866 neg 0.45512251007415283 __DUMMY__ 0.06762662991736856	false	0.5
geisteskrank	off 1.0		off 0.48098421301821176 neg 0.4520474214916079 __DUMMY__ 0.06696836549018037	false	1.0
zusammenbrechen	neg 1.0		off 0.4750726278343161 neg 0.45682771428027097 __DUMMY__ 0.06809965788541304	false	0.5
ausbeute	neg 1.0		off 0.47872518465960234 neg 0.45218758724113933 __DUMMY__ 0.0690872280992583	false	0.5
hinterhalt	neg 1.0		off 0.48031388209860487 neg 0.4507739780227864 __DUMMY__ 0.06891213987860875	false	0.5
kritik	neg 1.0		off 0.47392493849622513 neg 0.45812434889150017 __DUMMY__ 0.06795071261227481	false	0.5
einschrumpfen	neg 1.0		off 0.4799120806868822 neg 0.4526329276360447 __DUMMY__ 0.0674549916770732	false	0.5
riskant	neg 1.0		off 0.4712166677441752 neg 0.4607180073021656 __DUMMY__ 0.06806532495365919	false	0.5
frustrieren	neg 1.0		off 0.4726437890518539 neg 0.4592698191814005 __DUMMY__ 0.06808639176674561	false	0.5
groll	neg 1.0		off 0.4730957059171502 neg 0.45899318962647206 __DUMMY__ 0.06791110445637782	false	0.5
gibt			off 0.47539703822029056 neg 0.45646100999773687 __DUMMY__ 0.06814195178197247	false	0.0
qualvoll	neg 1.0		off 0.48078072033473424 neg 0.451402111783772 __DUMMY__ 0.06781716788149367	false	0.5
wackeln	neg 1.0		off 0.4798893345455244 neg 0.45187955451377587 __DUMMY__ 0.06823111094069981	false	0.5
klagen	neg 1.0		off 0.469378115609729 neg 0.4622032638301085 __DUMMY__ 0.06841862056016246	false	0.5
bankrott	neg 1.0		off 0.4826867658238385 neg 0.4494740673418333 __DUMMY__ 0.06783916683432828	false	0.5
trauern	neg 1.0		off 0.4747686161260726 neg 0.45667393824569585 __DUMMY__ 0.06855744562823166	false	0.5
ablehnung	neg 1.0		off 0.4734472167039571 neg 0.4586095802792941 __DUMMY__ 0.06794320301674876	false	0.5
stur	neg 1.0		off 0.4774187540401138 neg 0.45486364714201916 __DUMMY__ 0.06771759881786697	false	0.5
aufruhr	neg 1.0		off 0.47638892062444665 neg 0.4554747999402818 __DUMMY__ 0.0681362794352714	false	0.5
melancholie	neg 1.0		off 0.47508545847140676 neg 0.45655058063227705 __DUMMY__ 0.06836396089631626	false	0.5
ist			off 0.4792238349450063 neg 0.4529222994354032 __DUMMY__ 0.06785386561959059	false	0.0
torheit	neg 1.0		off 0.47704535960313693 neg 0.45505308058145927 __DUMMY__ 0.0679015598154037	false	0.5
dreckskind	off 1.0		off 0.4861602971419142 neg 0.44728298809800604 __DUMMY__ 0.06655671476007974	false	1.0
umtauschen	neg 1.0		off 0.4774985536293906 neg 0.454416254214782 __DUMMY__ 0.06808519215582737	false	0.5
zum			off 0.47169778001463464 neg 0.4589597080564217 __DUMMY__ 0.06934251192894378	false	0.0
zersetzen	neg 1.0		off 0.47016453432594907 neg 0.46175139645620494 __DUMMY__ 0.06808406921784586	false	0.5
zur			off 0.46904545290080557 neg 0.4618846197735162 __DUMMY__ 0.06906992732567832	false	0.0
frust	neg 1.0		off 0.47544648996216127 neg 0.4563840521224298 __DUMMY__ 0.06816945791540907	false	0.5
unerbittlichkeit	neg 1.0		off 0.4711679541386573 neg 0.4605739816286425 __DUMMY__ 0.06825806423270014	false	0.5
zwei			off 0.47225363395064973 neg 0.4585815287298318 __DUMMY__ 0.06916483731951849	false	0.0
unkorrekt	neg 1.0		off 0.4843116386125207 neg 0.44852394600522094 __DUMMY__ 0.06716441538225856	false	0.5
hexe	off 1.0		off 0.4803453023831389 neg 0.45247130203985947 __DUMMY__ 0.06718339557700165	false	1.0
lasch	neg 1.0		off 0.47920863015412046 neg 0.45343146937417217 __DUMMY__ 0.06735990047170745	false	0.5
rivale	neg 1.0		off 0.4840571398319811 neg 0.4486154172222972 __DUMMY__ 0.06732744294572159	false	0.5
mutlos	off 1.0	off 1.0	off 0.7214394318141215 neg 0.24607781205419504 __DUMMY__ 0.03248275613168342	false	1.0
wirr	off 1.0		off 0.48411197628214525 neg 0.44896705335418347 __DUMMY__ 0.06692097036367117	false	1.0
jahr			off 0.4763338615492725 neg 0.45442677621600996 __DUMMY__ 0.0692393622347176	false	0.0
wird			off 0.47394433177922046 neg 0.4578931518993101 __DUMMY__ 0.0681625163214695	false	0.0
strafbar	neg 1.0		off 0.47165498918809046 neg 0.46030941760467964 __DUMMY__ 0.06803559320722986	false	0.5
erosion	neg 1.0		off 0.4785895711675859 neg 0.4531912180384151 __DUMMY__ 0.06821921079399915	false	0.5
eingehen	neg 1.0		off 0.47197464448008053 neg 0.45999256666976274 __DUMMY__ 0.06803278885015658	false	0.5
faul	off 1.0		off 0.4826056132723862 neg 0.44957982913083044 __DUMMY__ 0.06781455759678347	false	1.0
provisorium	neg 1.0		off 0.4682533438927201 neg 0.4623234831351189 __DUMMY__ 0.06942317297216088	false	0.5
schmerzen	neg 1.0		off 0.47510685478466813 neg 0.45703738127445415 __DUMMY__ 0.06785576394087767	false	0.5
schrumpfen	neg 1.0		off 0.46653277841206786 neg 0.4649051428878167 __DUMMY__ 0.06856207870011555	false	0.5
geistlos	off 1.0		off 0.47665721880050194 neg 0.456113334031612 __DUMMY__ 0.06722944716788617	false	1.0
fehlkauf	neg 1.0		off 0.47970290502096585 neg 0.4523385794242354 __DUMMY__ 0.06795851555479866	false	0.5
frustrierend	neg 1.0		off 0.48078810428843616 neg 0.4515885153548719 __DUMMY__ 0.0676233803566919	false	0.5
unzufrieden	neg 1.0		off 0.473177847990821 neg 0.45893127598948785 __DUMMY__ 0.06789087601969103	false	0.5
verzweifeln	neg 1.0		off 0.4757837882214756 neg 0.4562133429003866 __DUMMY__ 0.06800286887813782	false	0.5
verzweifelt	neg 1.0	neg 1.0	neg 0.7134054394758681 off 0.254335049052275 __DUMMY__ 0.03225951147185694	false	1.0
misstrauensantrag	neg 1.0		off 0.47929403498771234 neg 0.4529086975218055 __DUMMY__ 0.06779726749048214	false	0.5
abfallen	neg 1.0		off 0.4796505159367796 neg 0.4521823068620699 __DUMMY__ 0.06816717720115044	false	0.5
fucker	off 1.0		off 0.48570648114042897 neg 0.4467915308423377 __DUMMY__ 0.06750198801723342	false	1.0
ungezogen	neg 1.0		off 0.4912924954504237 neg 0.44215215607132774 __DUMMY__ 0.06655534847824841	false	0.5
irrsinnig	neg 1.0	neg 1.0	neg 0.7131077033950113 off 0.254585374439943 __DUMMY__ 0.032306922165045764	false	1.0
unfassbar	neg 1.0		off 0.4837818343304444 neg 0.448630644345651 __DUMMY__ 0.06758752132390458	false	0.5
hart	neg 1.0		off 0.4826697764850956 neg 0.4498488328270675 __DUMMY__ 0.06748139068783685	false	0.5
widerlich	off 1.0		off 0.4822502093972614 neg 0.4505747508771558 __DUMMY__ 0.06717503972558288	false	1.0
fatal	neg 1.0		off 0.4795834951900706 neg 0.4525885739315131 __DUMMY__ 0.06782793087841647	false	0.5
bruch	neg 1.0		off 0.4706676454489935 neg 0.4607889860987811 __DUMMY__ 0.06854336845222526	false	0.5
aushungern	neg 1.0		off 0.475062002250367 neg 0.45679408241471553 __DUMMY__ 0.06814391533491737	false	0.5
anspannung	neg 1.0		off 0.4709007263801951 neg 0.4598993480734513 __DUMMY__ 0.06919992554635372	false	0.5
von			off 0.47736239193434044 neg 0.4532250822368997 __DUMMY__ 0.06941252582875995	false	0.0
kraftlos	neg 1.0		off 0.4755225224630293 neg 0.4561891316149452 __DUMMY__ 0.06828834592202537	false	0.5
vom			off 0.47019429557548786 neg 0.46018427758605635 __DUMMY__ 0.0696214268384559	false	0.0
grenzdebil	off 1.0		off 0.4842759869246909 neg 0.44814221237159335 __DUMMY__ 0.06758180070371568	false	1.0
vor			off 0.4724794382932414 neg 0.458823357222763 __DUMMY__ 0.06869720448399551	false	0.0
unterwerfen	neg 1.0		off 0.4730017332665694 neg 0.4588235646756545 __DUMMY__ 0.06817470205777608	false	0.5
versenkung	neg 1.0		off 0.4746290504785729 neg 0.4569362553276413 __DUMMY__ 0.06843469419378588	false	0.5
entziehen	neg 1.0		off 0.46999770222535336 neg 0.46159914215516684 __DUMMY__ 0.06840315561947975	false	0.5
finanzkrise	neg 1.0		off 0.47471304107726026 neg 0.45743916816042 __DUMMY__ 0.06784779076231957	false	0.5
schimpfend	neg 1.0		off 0.47931749993121636 neg 0.4528615562650705 __DUMMY__ 0.06782094380371301	false	0.5
profan	neg 1.0		off 0.47921822746296006 neg 0.45313707498759637 __DUMMY__ 0.06764469754944345	false	0.5
korruption	neg 1.0		off 0.47325994046865055 neg 0.45864255002662 __DUMMY__ 0.06809750950472943	false	0.5
â			off 0.4756611806123631 neg 0.4558980830561369 __DUMMY__ 0.06844073633150002	false	0.0
schmutzig	neg 1.0		off 0.4852737314396431 neg 0.4470839151544743 __DUMMY__ 0.06764235340588264	false	0.5
sexy	neg 1.0		off 0.48175370902128084 neg 0.45038641124508016 __DUMMY__ 0.0678598797336389	false	0.5
abraten	neg 1.0		off 0.4793178163522318 neg 0.45285422105135775 __DUMMY__ 0.06782796259641034	false	0.5
schwarz	neg 1.0		off 0.4787357402161957 neg 0.4534114720074071 __DUMMY__ 0.06785278777639722	false	0.5
fotze	off 1.0	off 1.0	off 0.7239282666936219 neg 0.24341918516915906 __DUMMY__ 0.032652548137219	false	1.0
verwirren	neg 1.0		off 0.48005520772003607 neg 0.45225847544465764 __DUMMY__ 0.06768631683530617	false	0.5
zahnlos	off 1.0		off 0.47466339845783695 neg 0.45738801823426073 __DUMMY__ 0.06794858330790239	false	1.0
verheeren	neg 1.0		off 0.493641252668785 neg 0.4396865195634608 __DUMMY__ 0.06667222776775401	false	0.5
hippie	neg 1.0		off 0.4812389940208719 neg 0.45089701507634733 __DUMMY__ 0.06786399090278085	false	0.5
rammen	neg 1.0		off 0.4777458605771239 neg 0.45459133514800054 __DUMMY__ 0.0676628042748756	false	0.5
unlauter	neg 1.0		off 0.47608314250191286 neg 0.45636381931707726 __DUMMY__ 0.06755303818100984	false	0.5
unheilvoll	neg 1.0		off 0.47979337765738345 neg 0.4522679339251148 __DUMMY__ 0.06793868841750189	false	0.5
niedrig	neg 1.0		off 0.47058209540643275 neg 0.46141739790569314 __DUMMY__ 0.06800050668787419	false	0.5
explosion	neg 1.0		off 0.480093820509708 neg 0.4521244349740011 __DUMMY__ 0.06778174451629074	false	0.5
weichei	off 1.0	off 1.0	off 0.7299663281543648 neg 0.23818026531298575 __DUMMY__ 0.03185340653264942	false	1.0
minusmensch	off 1.0		off 0.4884598184853453 neg 0.44513452093768563 __DUMMY__ 0.06640566057696907	false	1.0
farblos	neg 1.0		off 0.47757034327316555 neg 0.4543232340432524 __DUMMY__ 0.06810642268358201	false	0.5
unwissend	neg 1.0	neg 1.0	neg 0.7112156135122385 off 0.25665303654935656 __DUMMY__ 0.032131349938405	false	1.0
traurig	neg 1.0		off 0.4861505761991081 neg 0.4464643667502622 __DUMMY__ 0.06738505705062975	false	0.5
senkung	neg 1.0		off 0.47825876901819914 neg 0.45426142646290624 __DUMMY__ 0.06747980451889478	false	0.5
ungleich	neg 1.0	neg 1.0	neg 0.7163597421172057 off 0.2511345482358972 __DUMMY__ 0.03250570964689712	false	1.0
heikel	neg 1.0		off 0.47116359563527255 neg 0.4607754653862534 __DUMMY__ 0.06806093897847401	false	0.5
drosselung	neg 1.0		off 0.48345025661449903 neg 0.44908812084670924 __DUMMY__ 0.06746162253879165	false	0.5
falsch	neg 1.0		off 0.4804480250773683 neg 0.45204306979312403 __DUMMY__ 0.06750890512950757	false	0.5
unzufriedenheit	neg 1.0		off 0.4705393058205505 neg 0.461139507961405 __DUMMY__ 0.06832118621804434	false	0.5
kurz	neg 1.0		off 0.4778398784856037 neg 0.45370496282461814 __DUMMY__ 0.06845515868977824	false	0.5
unsinnig	neg 1.0		off 0.47391024675253607 neg 0.4583218587864325 __DUMMY__ 0.06776789446103146	false	0.5
penner	off 1.0	off 1.0	off 0.7309926644744311 neg 0.2371727328970679 __DUMMY__ 0.03183460262850096	false	1.0
seicht	neg 1.0		off 0.48923989301124043 neg 0.4444014328490878 __DUMMY__ 0.06635867413967188	false	0.5
dummheit	off 1.0	off 1.0	off 0.7253635513513119 neg 0.2424573930463459 __DUMMY__ 0.03217905560234224	false	1.0
unerfreulich	neg 1.0		off 0.47147500565401895 neg 0.46021806384115815 __DUMMY__ 0.06830693050482296	false	0.5
motherfucker	off 1.0	off 1.0	off 0.7285827734113761 neg 0.23923632834241843 __DUMMY__ 0.0321808982462054	false	1.0
pikiert	neg 1.0		off 0.4820433443060486 neg 0.45063099517993255 __DUMMY__ 0.06732566051401882	false	0.5
wrack	neg 1.0		off 0.4763436111194439 neg 0.45528539004950236 __DUMMY__ 0.06837099883105371	false	0.5
gangster	neg 1.0		off 0.4812398728559672 neg 0.4509130514862431 __DUMMY__ 0.06784707565778969	false	0.5
krank	neg 1.0		off 0.4845332096344016 neg 0.44785342614529966 __DUMMY__ 0.06761336422029882	false	0.5
reich	neg 1.0		off 0.4840587327976944 neg 0.4481235130589459 __DUMMY__ 0.0678177541433597	false	0.5
gnadenlos	neg 1.0		off 0.4776782132233029 neg 0.4545324112570481 __DUMMY__ 0.06778937551964889	false	0.5
niedergeschlagen	neg 1.0		off 0.4762700785746692 neg 0.455553915798195 __DUMMY__ 0.06817600562713587	false	0.5
terrorisieren	off 1.0	off 1.0	off 0.7224359351714449 neg 0.24494364695249302 __DUMMY__ 0.032620417876062055	false	1.0
sinnlosigkeit	neg 1.0		off 0.4743470266073399 neg 0.45764356642322584 __DUMMY__ 0.06800940696943437	false	0.5
behindern	neg 1.0		off 0.476855393843748 neg 0.45503384641516553 __DUMMY__ 0.06811075974108646	false	0.5
undemokratisch	neg 1.0		off 0.47726164488773604 neg 0.45494426458182624 __DUMMY__ 0.06779409053043761	false	0.5
wirtschaftskrise	neg 1.0		off 0.4727812948884098 neg 0.45916694249138207 __DUMMY__ 0.06805176262020807	false	0.5
neid	neg 1.0		off 0.48221494254331937 neg 0.44995717323152784 __DUMMY__ 0.0678278842251527	false	0.5
rutschen	neg 1.0		off 0.4724894010854503 neg 0.4582783495310731 __DUMMY__ 0.06923224938347669	false	0.5
rezession	neg 1.0		off 0.48191841791752815 neg 0.4514812981415016 __DUMMY__ 0.06660028394097023	false	0.5
fehlgeburt	neg 1.0		off 0.47989261233155805 neg 0.45212927383588525 __DUMMY__ 0.06797811383255674	false	0.5
charakterschwach	off 1.0		off 0.48202138762995733 neg 0.4507888455035843 __DUMMY__ 0.06718976686645838	false	1.0
isolation	neg 1.0		off 0.4811920691277442 neg 0.45106326712584166 __DUMMY__ 0.06774466374641418	false	0.5
ablenkung	neg 1.0		off 0.4781000642103005 neg 0.4537832706240105 __DUMMY__ 0.06811666516568893	false	0.5
pech	neg 1.0		off 0.4809591694777457 neg 0.4513955757141805 __DUMMY__ 0.06764525480807389	false	0.5
vermeidung	neg 1.0		off 0.48414783618679924 neg 0.4483002048598981 __DUMMY__ 0.06755195895330267	false	0.5
dominieren	neg 1.0		off 0.4740033747329861 neg 0.45761938857709455 __DUMMY__ 0.06837723668991937	false	0.5
schwindlig	neg 1.0		off 0.4808181711340896 neg 0.4511783225825127 __DUMMY__ 0.06800350628339757	false	0.5
lutscher	neg 1.0		off 0.4904777988632756 neg 0.4430809625978785 __DUMMY__ 0.0664412385388459	false	0.5
pflicht	neg 1.0		off 0.47043555372649065 neg 0.46133984725171157 __DUMMY__ 0.0682245990217977	false	0.5
faschist	off 1.0		off 0.48031060158320543 neg 0.4519903659391721 __DUMMY__ 0.06769903247762248	false	1.0
verschleudern	neg 1.0		off 0.4711147532600186 neg 0.4608106809939169 __DUMMY__ 0.06807456574606448	false	0.5
wenn			off 0.4812179638271371 neg 0.4511787160551622 __DUMMY__ 0.06760332011770086	false	0.0
ehebruch	neg 1.0		off 0.47349661867032705 neg 0.4583514301732786 __DUMMY__ 0.06815195115639439	false	0.5
spott	off 1.0		off 0.47253698445494685 neg 0.45935445672874115 __DUMMY__ 0.06810855881631198	false	1.0
trostlosigkeit	neg 1.0		off 0.47210638602187954 neg 0.4592725282132717 __DUMMY__ 0.06862108576484877	false	0.5
lutschen	neg 1.0		off 0.4802137901516482 neg 0.4522337354875234 __DUMMY__ 0.06755247436082824	false	0.5
undiszipliniert	neg 1.0		off 0.4845609365309583 neg 0.4481959115069634 __DUMMY__ 0.06724315196207828	false	0.5
kopfschmerz	neg 1.0		off 0.4742989305587585 neg 0.4577450883679647 __DUMMY__ 0.0679559810732768	false	0.5
unvorhergesehen	neg 1.0		off 0.4753938507781028 neg 0.45580392604578157 __DUMMY__ 0.06880222317611566	false	0.5
desinteressiert	neg 1.0	neg 1.0	neg 0.7097331747094512 off 0.2581850289206639 __DUMMY__ 0.03208179636988499	false	1.0
armselig	off 1.0		off 0.4837536904164771 neg 0.44928777266914877 __DUMMY__ 0.0669585369143743	false	1.0
desaster	neg 1.0		off 0.46951347059334936 neg 0.46198600912220816 __DUMMY__ 0.06850052028444259	false	0.5
tod	neg 1.0		off 0.4769075684675294 neg 0.4544638295700033 __DUMMY__ 0.06862860196246741	false	0.5
herzlos	neg 1.0		off 0.48497939797466993 neg 0.4478495405214786 __DUMMY__ 0.06717106150385131	false	0.5
unwissenheit	neg 1.0		off 0.4736209185706458 neg 0.45840827189778965 __DUMMY__ 0.06797080953156458	false	0.5
widersinnig	neg 1.0		off 0.4715472087211079 neg 0.4608429350819941 __DUMMY__ 0.06760985619689794	false	0.5
bedenklich	neg 1.0		off 0.4723141964126166 neg 0.45971337676104235 __DUMMY__ 0.06797242682634112	false	0.5
beanstanden	neg 1.0		off 0.4703690908207531 neg 0.4613335554746573 __DUMMY__ 0.06829735370458956	false	0.5
panisch	neg 1.0	neg 1.0	neg 0.7102417540645889 off 0.2571748328911363 __DUMMY__ 0.032583413044274846	false	1.0
debil	off 1.0		off 0.46801295631761813 neg 0.4628142674997233 __DUMMY__ 0.06917277618265841	false	1.0
abstrich	neg 1.0		off 0.48066876996492086 neg 0.4505844992066612 __DUMMY__ 0.0687467308284179	false	0.5
primitiv	neg 1.0		off 0.4821502401844052 neg 0.4507353852908399 __DUMMY__ 0.06711437452475486	false	0.5
abschaum	off 1.0	off 1.0	off 0.7269384252869994 neg 0.2409167944175593 __DUMMY__ 0.032144780295441266	false	1.0
provozieren	neg 1.0		off 0.47619785329532627 neg 0.4562167532404502 __DUMMY__ 0.06758539346422339	false	0.5
tot	neg 1.0		off 0.4743008871590308 neg 0.45760323746487624 __DUMMY__ 0.0680958753760929	false	0.5
instabil	neg 1.0		off 0.4847491083996742 neg 0.4480167458709985 __DUMMY__ 0.06723414572932727	false	0.5
schwuchtel	off 1.0	off 1.0	off 0.7333700570420365 neg 0.23515119177716157 __DUMMY__ 0.031478751180801956	false	1.0
zerren	neg 1.0		off 0.4756921129113185 neg 0.45609376637834037 __DUMMY__ 0.06821412071034114	false	0.5
kinderficker	off 1.0		off 0.4879236748914772 neg 0.4450524361462794 __DUMMY__ 0.06702388896224334	false	1.0
gefahr	neg 1.0		off 0.47160556670042286 neg 0.4598586308537028 __DUMMY__ 0.06853580244587434	false	0.5
rabiat	neg 1.0		off 0.47739234389997776 neg 0.4546213003178609 __DUMMY__ 0.06798635578216132	false	0.5
verlangsamung	neg 1.0		off 0.4863646777178142 neg 0.4472573854299877 __DUMMY__ 0.06637793685219805	false	0.5
ausgestorben	neg 1.0		off 0.47768799915140253 neg 0.4541969262844246 __DUMMY__ 0.06811507456417294	false	0.5
anklagen	neg 1.0		off 0.47426484407665365 neg 0.4575308901331348 __DUMMY__ 0.06820426579021152	false	0.5
trott	neg 1.0		off 0.47726345946471493 neg 0.45463611940817894 __DUMMY__ 0.06810042112710614	false	0.5
verminderung	neg 1.0		off 0.4831395620441315 neg 0.44956033873635715 __DUMMY__ 0.06730009921951141	false	0.5
nach			off 0.4710398109073866 neg 0.45967415620533136 __DUMMY__ 0.06928603288728191	false	0.0
rost	neg 1.0		off 0.4876168992560298 neg 0.44552126310116646 __DUMMY__ 0.06686183764280364	false	0.5
destruktiv	neg 1.0		off 0.4751581679563333 neg 0.4571357674276748 __DUMMY__ 0.06770606461599188	false	0.5
unzumutbarkeit	neg 1.0		off 0.4835070877826745 neg 0.44882202372880975 __DUMMY__ 0.06767088848851575	false	0.5
labil	off 1.0	off 1.0	off 0.7269323149087035 neg 0.2408238200376696 __DUMMY__ 0.03224386505362698	false	1.0
ziemlich	neg 1.0		off 0.4840917757844032 neg 0.44823645684926317 __DUMMY__ 0.06767176736633378	false	0.5
lachnummer	off 1.0		off 0.47614050719378775 neg 0.45614168421520496 __DUMMY__ 0.06771780859100722	false	1.0
oder			off 0.47899750565730465 neg 0.4529309499887895 __DUMMY__ 0.06807154435390592	false	0.0
verfall	neg 1.0		off 0.4676530444216103 neg 0.4636154151377304 __DUMMY__ 0.06873154044065924	false	0.5
ausgrenzung	neg 1.0		off 0.4782041926511607 neg 0.45399348115318544 __DUMMY__ 0.06780232619565386	false	0.5
unordnung	neg 1.0		off 0.48783717946600036 neg 0.4443811563114229 __DUMMY__ 0.06778166422257671	false	0.5
fehlverhalten	neg 1.0		off 0.4700515144412927 neg 0.46193373533999177 __DUMMY__ 0.06801475021871557	false	0.5
eine			off 0.47253362514080194 neg 0.4589062072768717 __DUMMY__ 0.06856016758232647	false	0.0
nille	neg 1.0		off 0.4778486776750942 neg 0.45392977747650687 __DUMMY__ 0.06822154484839903	false	0.5
qual	neg 1.0		off 0.476867796990811 neg 0.45499978298310323 __DUMMY__ 0.06813242002608572	false	0.5
verschwenden	neg 1.0		off 0.47173075189959934 neg 0.4602583003988096 __DUMMY__ 0.06801094770159097	false	0.5
riesig	neg 1.0		off 0.47490989998221145 neg 0.4566735473045419 __DUMMY__ 0.06841655271324663	false	0.5
verurteilen	neg 1.0		off 0.4726920132991939 neg 0.45946581411876025 __DUMMY__ 0.0678421725820459	false	0.5
klischee	neg 1.0	neg 1.0	neg 0.7118554679103594 off 0.2559538549370554 __DUMMY__ 0.03219067715258516	false	1.0
diktatorisch	neg 1.0		off 0.4771634092142498 neg 0.455105943747889 __DUMMY__ 0.06773064703786119	false	0.5
vorhersehbar	neg 1.0		off 0.47845031765343493 neg 0.4541496712017383 __DUMMY__ 0.06740001114482681	false	0.5
sowie			off 0.4868895615885003 neg 0.4461296223679309 __DUMMY__ 0.06698081604356872	false	0.0
stornieren	neg 1.0		off 0.4830046268657557 neg 0.44851200977652056 __DUMMY__ 0.0684833633577239	false	0.5
besteuerung	neg 1.0		off 0.47520197751058757 neg 0.45732158354014296 __DUMMY__ 0.06747643894926948	false	0.5
ungeschminkt	neg 1.0		off 0.4815791571370474 neg 0.45137385107064587 __DUMMY__ 0.06704699179230668	false	0.5
kritisch	neg 1.0		off 0.47242586038425827 neg 0.459513943028806 __DUMMY__ 0.06806019658693564	false	0.5
schlamperei	off 1.0		off 0.4727023099651627 neg 0.4588799878304662 __DUMMY__ 0.06841770220437117	false	1.0
sucht	neg 1.0	neg 1.0	neg 0.7095392549195427 off 0.25756759561000264 __DUMMY__ 0.03289314947045458	false	1.0
egoistisch	off 1.0		off 0.48653644858580203 neg 0.4467255734169067 __DUMMY__ 0.0667379779972913	false	1.0
ausbeuter	off 1.0		off 0.46941967883175756 neg 0.4626731819586552 __DUMMY__ 0.06790713920958723	false	1.0
arschgeburt	off 1.0		off 0.49224610731642804 neg 0.4418741231200804 __DUMMY__ 0.06587976956349166	false	1.0
schubs	neg 1.0		off 0.47567020445851893 neg 0.4561749473661637 __DUMMY__ 0.06815484817531742	false	0.5
unsolide	neg 1.0		off 0.47724860949520237 neg 0.45518689365805376 __DUMMY__ 0.06756449684674387	false	0.5
beschwerde	neg 1.0		off 0.4725401223399722 neg 0.45927099884062 __DUMMY__ 0.06818887881940786	false	0.5
stocken	neg 1.0		off 0.4729022535449138 neg 0.4587376019611503 __DUMMY__ 0.06836014449393579	false	0.5
isolieren	neg 1.0		off 0.4738044638594897 neg 0.45804827128531894 __DUMMY__ 0.06814726485519136	false	0.5
unheilbar	neg 1.0		off 0.4774369487702864 neg 0.45460857655769665 __DUMMY__ 0.06795447467201696	false	0.5
pisser	off 1.0		off 0.48430425936760846 neg 0.4485527014273985 __DUMMY__ 0.06714303920499302	false	1.0
löschen	neg 1.0		off 0.4776229648547246 neg 0.45429110628214564 __DUMMY__ 0.06808592886312964	false	0.5
durchfallen	neg 1.0		off 0.47202531406346393 neg 0.4601515035606125 __DUMMY__ 0.0678231823759236	false	0.5
wichser	off 1.0	off 1.0	off 0.7324675735191409 neg 0.23584985027884367 __DUMMY__ 0.03168257620201542	false	1.0
terror	neg 1.0		off 0.48096093351169455 neg 0.4511739263028496 __DUMMY__ 0.06786514018545582	false	0.5
krass	neg 1.0		off 0.4859646607725517 neg 0.446898619837137 __DUMMY__ 0.06713671939031134	false	0.5
revolte	neg 1.0		off 0.47959732455911624 neg 0.4524946459041113 __DUMMY__ 0.06790802953677252	false	0.5
besorgt	neg 1.0		off 0.47848015441348474 neg 0.45288558678030744 __DUMMY__ 0.06863425880620799	false	0.5
nachlassen	neg 1.0		off 0.47446679163870975 neg 0.45692180449603714 __DUMMY__ 0.06861140386525325	false	0.5
alt	neg 1.0		off 0.4741578312405307 neg 0.45779639245804865 __DUMMY__ 0.0680457763014206	false	0.5
hundesohn	off 1.0		off 0.4909967146675857 neg 0.44247263736178194 __DUMMY__ 0.06653064797063234	false	1.0
als			off 0.4749071278868539 neg 0.4569833807696012 __DUMMY__ 0.06810949134354476	false	0.0
abschreckung	neg 1.0		off 0.47011514664937726 neg 0.4615766516778018 __DUMMY__ 0.0683082016728209	false	0.5
unqualifiziert	neg 1.0		off 0.47892780451796707 neg 0.453790798846263 __DUMMY__ 0.06728139663576999	false	0.5
abgewichst	off 1.0		off 0.4771766713734358 neg 0.45455694764094573 __DUMMY__ 0.06826638098561849	false	1.0
schwer	neg 1.0		off 0.4759470643249 neg 0.4561499227341344 __DUMMY__ 0.06790301294096564	false	0.5
bedeutungslosigkeit	neg 1.0		off 0.4713006192815423 neg 0.46044476359647574 __DUMMY__ 0.06825461712198191	false	0.5
kapitulation	neg 1.0		off 0.4733797957691263 neg 0.45833232562559323 __DUMMY__ 0.06828787860528045	false	0.5
unscharf	neg 1.0		off 0.47844248852330346 neg 0.45404098912285945 __DUMMY__ 0.067516522353837	false	0.5
schwinden	neg 1.0		off 0.47179662641497155 neg 0.4598106304127064 __DUMMY__ 0.06839274317232205	false	0.5
versklavung	neg 1.0		off 0.47792609297375854 neg 0.4541243985536926 __DUMMY__ 0.06794950847254878	false	0.5
schlecht	neg 1.0		off 0.4840369737766972 neg 0.448329539558364 __DUMMY__ 0.06763348666493868	false	0.5
verhasst	neg 1.0		off 0.4759248713688373 neg 0.45666885259716467 __DUMMY__ 0.06740627603399803	false	0.5
beschweren	neg 1.0		off 0.47896700529045905 neg 0.4532481732604664 __DUMMY__ 0.0677848214490746	false	0.5
scheiden	neg 1.0		off 0.4786721105506219 neg 0.453097876203543 __DUMMY__ 0.06823001324583496	false	0.5
frustriert	neg 1.0		off 0.47481767083823323 neg 0.4572529824560853 __DUMMY__ 0.06792934670568161	false	0.5
schimmelig	neg 1.0		off 0.4725423117114907 neg 0.45964207708795723 __DUMMY__ 0.06781561120055214	false	0.5
fisch	neg 1.0		off 0.4703713816234597 neg 0.4614858320211828 __DUMMY__ 0.06814278635535731	false	0.5
schmuggel	neg 1.0		off 0.47232474848674666 neg 0.4593698620308525 __DUMMY__ 0.06830538948240082	false	0.5
auffallen	neg 1.0		off 0.4797266620357613 neg 0.45255593014862167 __DUMMY__ 0.06771740781561711	false	0.5
konkurrenz	neg 1.0		off 0.4706109762377704 neg 0.46092200050752574 __DUMMY__ 0.06846702325470388	false	0.5
teufelskreis	neg 1.0	neg 1.0	neg 0.7142345409057338 off 0.25343691941575397 __DUMMY__ 0.03232853967851224	false	1.0
aufschreien	neg 1.0		off 0.4788480633894502 neg 0.45360667243523506 __DUMMY__ 0.06754526417531487	false	0.5
schuldner	neg 1.0		off 0.46965430986710277 neg 0.46225514649966054 __DUMMY__ 0.06809054363323673	false	0.5
missgeburt	off 1.0	off 1.0	off 0.7299622093336744 neg 0.23826201969633443 __DUMMY__ 0.031775770969991145	false	1.0
arbeitslos	neg 1.0		off 0.4723869415853806 neg 0.45980520667576663 __DUMMY__ 0.06780785173885276	false	0.5
befallen	neg 1.0		off 0.47509289363431595 neg 0.45690489270274476 __DUMMY__ 0.06800221366293936	false	0.5
miesepetrig	off 1.0	off 1.0	off 0.7277496164312918 neg 0.2400052063739458 __DUMMY__ 0.03224517719476245	false	1.0
alarmieren	neg 1.0		off 0.4803437019297023 neg 0.4522128994517355 __DUMMY__ 0.06744339861856223	false	0.5
ungeduscht	off 1.0		off 0.4804683130769104 neg 0.45212064121515827 __DUMMY__ 0.06741104570793138	false	1.0
knappheit	neg 1.0		off 0.4709470117777888 neg 0.46136734566655857 __DUMMY__ 0.06768564255565268	false	0.5
schlange	neg 1.0		off 0.48142204085744283 neg 0.4502716437898029 __DUMMY__ 0.0683063153527542	false	0.5
harsch	neg 1.0		off 0.48924509706247893 neg 0.4432647509307354 __DUMMY__ 0.06749015200678575	false	0.5
lang	neg 1.0		off 0.47884916586779136 neg 0.45306876895355996 __DUMMY__ 0.06808206517864868	false	0.5
ziellos	neg 1.0		off 0.4750612557294349 neg 0.4565150743679628 __DUMMY__ 0.06842366990260226	false	0.5
selbstverliebt	neg 1.0		off 0.4911193932865353 neg 0.4426597203447575 __DUMMY__ 0.06622088636870728	false	0.5
beseitigen	neg 1.0		off 0.47580166394384193 neg 0.45608054147929694 __DUMMY__ 0.06811779457686112	false	0.5
dumm	off 1.0		off 0.48813669975837726 neg 0.44503065729544006 __DUMMY__ 0.06683264294618271	false	1.0
arbeitsloser	neg 1.0		off 0.4744209926272872 neg 0.45741101345209983 __DUMMY__ 0.06816799392061286	false	0.5
blitzen	neg 1.0		off 0.4804778670870118 neg 0.45175869419866344 __DUMMY__ 0.06776343871432484	false	0.5
hilflos	neg 1.0		off 0.47447102842363237 neg 0.4575560139175283 __DUMMY__ 0.06797295765883929	false	0.5
eklig	off 1.0		off 0.48744023561352157 neg 0.4460123652777232 __DUMMY__ 0.06654739910875522	false	1.0
begriff			off 0.4755226842738595 neg 0.45659360416397365 __DUMMY__ 0.06788371156216677	false	0.0
hungersnot	neg 1.0		off 0.4753110179060177 neg 0.45640180672250685 __DUMMY__ 0.06828717537147545	false	0.5
ungesetzlich	neg 1.0		off 0.47488923226140767 neg 0.4576781507592687 __DUMMY__ 0.0674326169793235	false	0.5
verschwendung	neg 1.0		off 0.47213961171520646 neg 0.4596521598386813 __DUMMY__ 0.06820822844611214	false	0.5
schmerzvoll	neg 1.0		off 0.4790555881565066 neg 0.45308263792750214 __DUMMY__ 0.06786177391599114	false	0.5
vorzeitig	neg 1.0		off 0.4805779501993246 neg 0.4515751768768091 __DUMMY__ 0.06784687292386626	false	0.5
unvollkommenheit	neg 1.0		off 0.4767579664278348 neg 0.45464201203799454 __DUMMY__ 0.06860002153417075	false	0.5
intervenieren	neg 1.0		off 0.4712435273943498 neg 0.4606512144680372 __DUMMY__ 0.06810525813761296	false	0.5
banause	off 1.0		off 0.48898831844887347 neg 0.44482750638072677 __DUMMY__ 0.0661841751703998	false	1.0
rebell	neg 1.0		off 0.46867256513900246 neg 0.4628522037757074 __DUMMY__ 0.06847523108529009	false	0.5
unlogisch	neg 1.0		off 0.4839739091845018 neg 0.44898794195629793 __DUMMY__ 0.06703814885920037	false	0.5
leiden	neg 1.0		off 0.47247056959750255 neg 0.45904192845140307 __DUMMY__ 0.06848750195109428	false	0.5
abschaffung	neg 1.0		off 0.4770356475306242 neg 0.4550701768751021 __DUMMY__ 0.06789417559427352	false	0.5
sturz	neg 1.0		off 0.4790901407704013 neg 0.4526227546207622 __DUMMY__ 0.06828710460883661	false	0.5
verkleinerung	neg 1.0		off 0.47785814039752195 neg 0.454782128443945 __DUMMY__ 0.06735973115853298	false	0.5
schmarotzer	off 1.0		off 0.47251864676865857 neg 0.45983738552621745 __DUMMY__ 0.06764396770512406	false	1.0
bestrafung	neg 1.0		off 0.47822509027760846 neg 0.45387026646834555 __DUMMY__ 0.06790464325404594	false	0.5
achtlos	neg 1.0	neg 1.0	neg 0.7128888702122813 off 0.2545593935189644 __DUMMY__ 0.03255173626875438	false	1.0
ungeheuer	neg 1.0		off 0.48107126620512347 neg 0.4509222123218238 __DUMMY__ 0.06800652147305292	false	0.5
unaufrichtig	neg 1.0		off 0.4816922881002585 neg 0.4503088794696019 __DUMMY__ 0.06799883243013971	false	0.5
groggy	neg 1.0		off 0.4807491091784696 neg 0.4514073573173143 __DUMMY__ 0.06784353350421617	false	0.5
