unsolidarisch	neg 1.0		off 0.34241460914029165 neg 0.3318408247771679 __DUMMY__ 0.3257445660825405	false	0.5
nachteilig	neg 1.0		off 0.33898567817459613 neg 0.3324227685571873 __DUMMY__ 0.32859155326821665	false	0.5
skeptisch	neg 1.0		off 0.33862428012890194 neg 0.33229938043045243 __DUMMY__ 0.3290763394406457	false	0.5
schrecklich	neg 1.0		off 0.35481796786030134 __DUMMY__ 0.32450951883198925 neg 0.32067251330770946	false	0.5
schlapp	neg 1.0		off 0.35078387551430174 __DUMMY__ 0.32624811886112026 neg 0.3229680056245781	false	0.5
abfall	neg 1.0		off 0.33541129208472187 neg 0.3335281816330266 __DUMMY__ 0.33106052628225147	false	0.5
widerspenstig	neg 1.0		off 0.3448527379216625 __DUMMY__ 0.3278920243786616 neg 0.3272552376996758	false	0.5
abrupt	neg 1.0		off 0.34122587959405126 __DUMMY__ 0.3308246888870894 neg 0.32794943151885936	false	0.5
unwirksam	neg 1.0		off 0.34231396164149336 neg 0.3322119818785703 __DUMMY__ 0.3254740564799364	false	0.5
angreifen	neg 1.0		off 0.3383112135567775 neg 0.3328801019723368 __DUMMY__ 0.3288086844708857	false	0.5
inkonsistent	neg 1.0		off 0.34452423457933085 neg 0.3292194100163861 __DUMMY__ 0.3262563554042831	false	0.5
abrutschen	neg 1.0		off 0.33546550877516185 neg 0.33425705274622886 __DUMMY__ 0.3302774384786092	false	0.5
unsicher	neg 1.0		off 0.34475766486067094 __DUMMY__ 0.3284313387762261 neg 0.32681099636310296	false	0.5
bauernkind	off 1.0	off 1.0	off 0.6646343252462019 neg 0.18145540542191255 __DUMMY__ 0.15391026933188565	false	1.0
angreifer	neg 1.0	neg 1.0	neg 0.6488327101877585 off 0.1921685303456343 __DUMMY__ 0.15899875946660724	false	1.0
trennen	neg 1.0		off 0.3396668109589042 __DUMMY__ 0.3308892137109116 neg 0.32944397533018416	false	0.5
schmutz	neg 1.0		off 0.3481919716143104 __DUMMY__ 0.3297213974579947 neg 0.322086630927695	false	0.5
inkonsistenz	neg 1.0		off 0.34796149424254025 neg 0.3290100076118759 __DUMMY__ 0.3230284981455838	false	0.5
erschreckend	neg 1.0		off 0.3429045373661783 neg 0.32980748819823474 __DUMMY__ 0.32728797443558705	false	0.5
ertrinken	neg 1.0		off 0.33962593191680446 neg 0.33077417407767257 __DUMMY__ 0.329599894005523	false	0.5
pickelface	off 1.0		off 0.343798120650171 __DUMMY__ 0.3286215696232115 neg 0.3275803097266176	false	1.0
seiner			off 0.3393532881689152 neg 0.3312194215755302 __DUMMY__ 0.3294272902555545	false	0.0
lauch	neg 1.0		off 0.3370383292305961 neg 0.33166490692819034 __DUMMY__ 0.3312967638412136	false	0.5
unwichtig	neg 1.0		off 0.34891160216871925 neg 0.32623265865948864 __DUMMY__ 0.32485573917179206	false	0.5
steuerhinterziehung	neg 1.0	neg 1.0	neg 0.65295918807168 off 0.18850499486742275 __DUMMY__ 0.1585358170608973	false	1.0
schock	neg 1.0		off 0.34415766849706414 __DUMMY__ 0.328978490605855 neg 0.32686384089708104	false	0.5
beule	neg 1.0		off 0.3513766382718941 __DUMMY__ 0.3252894829510565 neg 0.3233338787770496	false	0.5
vergelten	neg 1.0		off 0.3547480881395794 __DUMMY__ 0.32652430883520517 neg 0.31872760302521547	false	0.5
verdorbenheit	neg 1.0		off 0.34683302752782774 __DUMMY__ 0.3296447927092316 neg 0.3235221797629407	false	0.5
trauma	neg 1.0		off 0.34557153729945056 __DUMMY__ 0.3276218896013075 neg 0.3268065730992418	false	0.5
sinnlos	neg 1.0		off 0.34687263662477413 __DUMMY__ 0.3270165758648578 neg 0.32611078751036815	false	0.5
fettsack	off 1.0	off 1.0	off 0.6660681586049846 neg 0.17927325090069138 __DUMMY__ 0.15465859049432393	false	1.0
feige	off 1.0	off 1.0	off 0.6628814700872361 neg 0.18083815507346868 __DUMMY__ 0.1562803748392953	false	1.0
abdanken	neg 1.0		off 0.34389433464148206 __DUMMY__ 0.32835960732789393 neg 0.3277460580306241	false	0.5
wichtigtuer	off 1.0	off 1.0	off 0.6615550223043833 neg 0.1813904422545199 __DUMMY__ 0.15705453544109674	false	1.0
misslingen	neg 1.0		off 0.347527558299181 __DUMMY__ 0.3308357822541898 neg 0.3216366594466292	false	0.5
untreu	off 1.0		off 0.3502142765554849 __DUMMY__ 0.3255171740781255 neg 0.3242685493663896	false	1.0
missmutig	neg 1.0		off 0.3499944809279478 __DUMMY__ 0.3264669250643067 neg 0.32353859400774543	false	0.5
hurenbock	off 1.0		off 0.3475715166943593 __DUMMY__ 0.32831512885230896 neg 0.32411335445333167	false	1.0
betrunken	neg 1.0		off 0.35262471197912626 __DUMMY__ 0.32561273500174287 neg 0.3217625530191307	false	0.5
korrupt	off 1.0		off 0.33980863010254403 neg 0.33381043546476197 __DUMMY__ 0.3263809344326939	false	1.0
unmut	neg 1.0		off 0.33587281724341944 neg 0.3334906131330314 __DUMMY__ 0.33063656962354904	false	0.5
hackfresse	off 1.0		off 0.3579765774939949 __DUMMY__ 0.32223795986108233 neg 0.31978546264492275	false	1.0
aufblasen	neg 1.0		off 0.3470582551200333 __DUMMY__ 0.3278424811028622 neg 0.3250992637771045	false	0.5
gewaltsam	neg 1.0		off 0.34341377410720836 __DUMMY__ 0.329091998539299 neg 0.32749422735349254	false	0.5
unbeliebtheit	neg 1.0		off 0.34772711608579976 neg 0.3274171384660536 __DUMMY__ 0.32485574544814666	false	0.5
sturheit	neg 1.0		off 0.34220178353925995 neg 0.3303382282497527 __DUMMY__ 0.3274599882109875	false	0.5
kuh	neg 1.0		off 0.3450463091967656 neg 0.3308462615506142 __DUMMY__ 0.3241074292526201	false	0.5
erschrecken	neg 1.0		off 0.3500272092313269 __DUMMY__ 0.32704684783057114 neg 0.32292594293810195	false	0.5
opfer	neg 1.0		off 0.3404890439345619 neg 0.33052122678903734 __DUMMY__ 0.3289897292764007	false	0.5
sinken	neg 1.0		off 0.33701060504590674 neg 0.33206035878413553 __DUMMY__ 0.3309290361699578	false	0.5
stinktier	neg 1.0		off 0.3527200454339478 neg 0.3266842250859429 __DUMMY__ 0.3205957294801093	false	0.5
tucke	off 1.0		off 0.35828054364575274 neg 0.3210783933689902 __DUMMY__ 0.32064106298525696	false	1.0
ein			off 0.3460384564018408 __DUMMY__ 0.3278613979062204 neg 0.32610014569193896	false	0.0
abstieg	neg 1.0		off 0.33990792351546356 neg 0.3300897730208095 __DUMMY__ 0.330002303463727	false	0.5
missverstehen	neg 1.0		off 0.34634141179872185 neg 0.3286682582743362 __DUMMY__ 0.32499032992694193	false	0.5
ergebnislos	neg 1.0		off 0.33951388187920134 neg 0.3304112105058231 __DUMMY__ 0.33007490761497554	false	0.5
unter			neg 0.33410225408550503 __DUMMY__ 0.33393774276960064 off 0.3319600031448942	false	0.0
manipulieren	neg 1.0		off 0.3384154295144945 neg 0.33205759445186434 __DUMMY__ 0.32952697603364123	false	0.5
unbewiesen	neg 1.0		off 0.341820073595535 neg 0.33309286845683606 __DUMMY__ 0.32508705794762904	false	0.5
verschleppen	neg 1.0		off 0.3404310025672269 neg 0.33118662105176877 __DUMMY__ 0.32838237638100415	false	0.5
weib	off 1.0		off 0.3570997911674507 neg 0.3229732512476824 __DUMMY__ 0.31992695758486694	false	1.0
opposition	neg 1.0		off 0.3454567164282754 neg 0.32818110269219847 __DUMMY__ 0.3263621808795261	false	0.5
verkehrswidrig	neg 1.0		off 0.3566882407909872 __DUMMY__ 0.32701353798350513 neg 0.31629822122550766	false	0.5
inkorrekt	neg 1.0		off 0.35239882395896976 neg 0.324720305798117 __DUMMY__ 0.3228808702429132	false	0.5
vermeiden	neg 1.0	neg 1.0	neg 0.6543299125305101 off 0.1850177708403562 __DUMMY__ 0.16065231662913365	false	1.0
abweichung	neg 1.0		off 0.3400601772113031 neg 0.33133831748323245 __DUMMY__ 0.3286015053054645	false	0.5
alkoholisiert	neg 1.0		off 0.34015281552767657 __DUMMY__ 0.33009223231936136 neg 0.32975495215296197	false	0.5
scheiss	off 1.0	off 1.0	off 0.6637068163356106 neg 0.17955838124363915 __DUMMY__ 0.15673480242075027	false	1.0
herausforderung	neg 1.0		off 0.3388246132992014 neg 0.3317571493249044 __DUMMY__ 0.3294182373758941	false	0.5
pervers	off 1.0		off 0.3613882328016084 __DUMMY__ 0.3205794520919675 neg 0.31803231510642405	false	1.0
wackelig	neg 1.0		off 0.34392745634400806 __DUMMY__ 0.3305593898884117 neg 0.32551315376758033	false	0.5
verwickeln	neg 1.0		off 0.34574719914736957 neg 0.329044892395854 __DUMMY__ 0.3252079084567764	false	0.5
vorwand	neg 1.0		off 0.3378092362199406 neg 0.3332080195764024 __DUMMY__ 0.32898274420365703	false	0.5
muschi	off 1.0		off 0.3439555312551978 __DUMMY__ 0.3285819489152104 neg 0.32746251982959196	false	1.0
entmutigung	neg 1.0		off 0.34558387086551956 __DUMMY__ 0.3272315761403728 neg 0.3271845529941078	false	0.5
unangemessen	neg 1.0		off 0.34111608435373986 neg 0.3323422736103653 __DUMMY__ 0.32654164203589475	false	0.5
unstetig	neg 1.0		off 0.34779837561585714 __DUMMY__ 0.32726753827549193 neg 0.32493408610865093	false	0.5
entmutigen	neg 1.0		off 0.3452846265844533 neg 0.32745447709292225 __DUMMY__ 0.32726089632262445	false	0.5
schwanz	neg 1.0		off 0.3411836349135566 neg 0.3294519467037068 __DUMMY__ 0.32936441838273656	false	0.5
verbot	neg 1.0		off 0.3407862754922155 neg 0.3309882031635338 __DUMMY__ 0.32822552134425065	false	0.5
leid	neg 1.0		off 0.3556938326613834 __DUMMY__ 0.32280517415951704 neg 0.32150099317909975	false	0.5
archaisch	neg 1.0		off 0.3425626038527616 neg 0.3295979293976512 __DUMMY__ 0.3278394667495871	false	0.5
gegen			off 0.33707525483730455 neg 0.33199705720819034 __DUMMY__ 0.330927687954505	false	0.0
scheidung	neg 1.0		off 0.3685360341818372 __DUMMY__ 0.32230436382750427 neg 0.30915960199065845	false	0.5
einschlag	neg 1.0		off 0.3533674450363752 __DUMMY__ 0.3248863597412369 neg 0.3217461952223878	false	0.5
m			off 0.34248728022172925 __DUMMY__ 0.32940541245308025 neg 0.3281073073251906	false	0.0
abgestanden	neg 1.0		off 0.34465818727141434 neg 0.32858118591740737 __DUMMY__ 0.32676062681117823	false	0.5
schmierig	off 1.0		off 0.3556736532902758 __DUMMY__ 0.32403681908710263 neg 0.3202895276226216	false	1.0
unpraktisch	neg 1.0		off 0.34660470264087206 __DUMMY__ 0.3276869279087807 neg 0.3257083694503473	false	0.5
wixxer	off 1.0		off 0.36070023286527136 neg 0.3198873704617372 __DUMMY__ 0.31941239667299137	false	1.0
bezeichnet			off 0.3432502796907434 neg 0.3305136377256084 __DUMMY__ 0.3262360825836482	false	0.0
jammerlappen	off 1.0		off 0.3503145008805554 __DUMMY__ 0.32646171149221637 neg 0.3232237876272283	false	1.0
farce	neg 1.0		off 0.34197022816338396 neg 0.3301412053300914 __DUMMY__ 0.3278885665065247	false	0.5
zwecklos	neg 1.0		off 0.3413353918508379 neg 0.3312918308223735 __DUMMY__ 0.32737277732678854	false	0.5
turbulent	neg 1.0		off 0.35084524313994275 neg 0.32463989376540425 __DUMMY__ 0.324514863094653	false	0.5
invasion	neg 1.0		off 0.34655263049616125 __DUMMY__ 0.3269204845483668 neg 0.326526884955472	false	0.5
schuld	neg 1.0		off 0.344882799424515 neg 0.32867616916307246 __DUMMY__ 0.3264410314124125	false	0.5
risiko	neg 1.0	neg 1.0	neg 0.649618430677627 off 0.19149584136420628 __DUMMY__ 0.15888572795816683	false	1.0
finster	neg 1.0		off 0.3451399448851355 neg 0.32866696254377425 __DUMMY__ 0.3261930925710903	false	0.5
geisteskrank	off 1.0		off 0.3500641391247236 neg 0.32683423866190775 __DUMMY__ 0.3231016222133685	false	1.0
zusammenbrechen	neg 1.0		off 0.34228831623676825 neg 0.3293709981279625 __DUMMY__ 0.3283406856352692	false	0.5
ausbeute	neg 1.0		off 0.3438651766427691 __DUMMY__ 0.3329924981300311 neg 0.32314232522719977	false	0.5
hinterhalt	neg 1.0		off 0.3457418142842429 __DUMMY__ 0.3321948180072053 neg 0.32206336770855176	false	0.5
kritik	neg 1.0		off 0.34150272117698244 neg 0.3308267247940545 __DUMMY__ 0.32767055402896306	false	0.5
einschrumpfen	neg 1.0		off 0.3481128340232754 neg 0.3265149222475833 __DUMMY__ 0.3253722437291413	false	0.5
riskant	neg 1.0		off 0.3386638946001282 neg 0.3331616479534994 __DUMMY__ 0.3281744574463723	false	0.5
frustrieren	neg 1.0		off 0.33999595275074895 neg 0.33172628122881154 __DUMMY__ 0.3282777660204395	false	0.5
groll	neg 1.0		off 0.34076485754186053 neg 0.3317642589021327 __DUMMY__ 0.32747088355600673	false	0.5
gibt			off 0.3425330995547235 neg 0.32893217454071805 __DUMMY__ 0.32853472590455846	false	0.0
qualvoll	neg 1.0		off 0.34824360085321515 __DUMMY__ 0.3270615446966287 neg 0.3246948544501561	false	0.5
wackeln	neg 1.0		off 0.3466282099641028 __DUMMY__ 0.3289738390707134 neg 0.3243979509651837	false	0.5
klagen	neg 1.0		off 0.33626137782415255 neg 0.3339036032210229 __DUMMY__ 0.3298350189548245	false	0.5
bankrott	neg 1.0		off 0.3500141747229574 __DUMMY__ 0.3271541773421312 neg 0.32283164793491137	false	0.5
trauern	neg 1.0		off 0.3411499690754512 __DUMMY__ 0.3304938158411419 neg 0.3283562150834068	false	0.5
ablehnung	neg 1.0		off 0.3410665712758011 neg 0.3313012253635134 __DUMMY__ 0.32763220336068544	false	0.5
stur	neg 1.0		off 0.3452534045573892 neg 0.3281754047089432 __DUMMY__ 0.3265711907336677	false	0.5
aufruhr	neg 1.0		off 0.34348664855789873 __DUMMY__ 0.3285438844305295 neg 0.3279694670115718	false	0.5
melancholie	neg 1.0		off 0.34172718709265815 __DUMMY__ 0.32961023508478615 neg 0.3286625778225556	false	0.5
ist			off 0.34671346772038325 __DUMMY__ 0.3272074230235352 neg 0.32607910925608163	false	0.0
torheit	neg 1.0		off 0.3445695830376294 neg 0.3279742013109137 __DUMMY__ 0.32745621565145694	false	0.5
dreckskind	off 1.0		off 0.3557466644398628 neg 0.3230378285721502 __DUMMY__ 0.321215506987987	false	1.0
umtauschen	neg 1.0		off 0.3445376563774351 __DUMMY__ 0.3283157117895742 neg 0.3271466318329908	false	0.5
zum			off 0.33668495428915557 __DUMMY__ 0.33414261862243283 neg 0.32917242708841166	false	0.0
zersetzen	neg 1.0		off 0.3376276224487425 neg 0.33409934952234804 __DUMMY__ 0.3282730280289094	false	0.5
zur			off 0.3347024622319921 __DUMMY__ 0.33286321134348085 neg 0.332434326424527	false	0.0
frust	neg 1.0		off 0.3425273396970293 neg 0.3288078701942569 __DUMMY__ 0.32866479010871386	false	0.5
unerbittlichkeit	neg 1.0		off 0.33826809102584326 neg 0.33264612681924166 __DUMMY__ 0.3290857821549151	false	0.5
zwei			off 0.3375409958095305 __DUMMY__ 0.3333105750288631 neg 0.3291484291616064	false	0.0
unkorrekt	neg 1.0		off 0.3528778914323173 __DUMMY__ 0.3240513777722853 neg 0.3230707307953972	false	0.5
hexe	off 1.0		off 0.3489530161830967 neg 0.3269011811541577 __DUMMY__ 0.32414580266274556	false	1.0
lasch	neg 1.0		off 0.3476394238542975 neg 0.3274358601545012 __DUMMY__ 0.3249247159912012	false	0.5
rivale	neg 1.0		off 0.35228394048038714 __DUMMY__ 0.3248075466696617 neg 0.32290851284995103	false	0.5
mutlos	off 1.0	off 1.0	off 0.6572273605540653 neg 0.18439032726216345 __DUMMY__ 0.15838231218377127	false	1.0
wirr	off 1.0		off 0.35311003650754663 neg 0.32396556853989195 __DUMMY__ 0.3229243949525614	false	1.0
jahr			off 0.3413117037467739 __DUMMY__ 0.3336826106341355 neg 0.3250056856190906	false	0.0
wird			off 0.3410807146829415 neg 0.3302887554860649 __DUMMY__ 0.32863052983099367	false	0.0
strafbar	neg 1.0		off 0.3391629170930159 neg 0.3327831989615505 __DUMMY__ 0.3280538839454336	false	0.5
erosion	neg 1.0		off 0.34539915817846417 __DUMMY__ 0.32890525667798814 neg 0.32569558514354774	false	0.5
eingehen	neg 1.0		off 0.33945661379195163 neg 0.3325154898834739 __DUMMY__ 0.3280278963245745	false	0.5
faul	off 1.0		off 0.3499685626968096 __DUMMY__ 0.32705648038064206 neg 0.32297495692254824	false	1.0
provisorium	neg 1.0		__DUMMY__ 0.3345059029830899 off 0.33323959920052926 neg 0.33225449781638083	false	0.5
schmerzen	neg 1.0		off 0.34266984919267923 neg 0.330080536769507 __DUMMY__ 0.32724961403781383	false	0.5
schrumpfen	neg 1.0		neg 0.33625015774067735 off 0.33324445393181074 __DUMMY__ 0.3305053883275119	false	1.0
geistlos	off 1.0		off 0.3454558960386286 neg 0.3302190931221468 __DUMMY__ 0.32432501083922466	false	1.0
fehlkauf	neg 1.0		off 0.34698078777798974 __DUMMY__ 0.32769879548222713 neg 0.3253204167397832	false	0.5
frustrierend	neg 1.0		off 0.3486375040179192 __DUMMY__ 0.3261450508671454 neg 0.3252174451149355	false	0.5
unzufrieden	neg 1.0		off 0.3408786509181918 neg 0.33175447939569264 __DUMMY__ 0.3273668696861156	false	0.5
verzweifeln	neg 1.0		off 0.3431514904948703 neg 0.3289571020762486 __DUMMY__ 0.327891407428881	false	0.5
verzweifelt	neg 1.0	neg 1.0	neg 0.6521842966066319 off 0.1905070579804008 __DUMMY__ 0.15730864541296727	false	1.0
misstrauensantrag	neg 1.0		off 0.34684120282933784 __DUMMY__ 0.3269661320148676 neg 0.32619266515579454	false	0.5
abfallen	neg 1.0		off 0.34648506323172845 __DUMMY__ 0.32868537101408496 neg 0.32482956575418653	false	0.5
fucker	off 1.0		off 0.35359876921042066 __DUMMY__ 0.3255680665405375 neg 0.3208331642490419	false	1.0
ungezogen	neg 1.0		off 0.3606648334991405 __DUMMY__ 0.32121965200533814 neg 0.3181155144955215	false	0.5
irrsinnig	neg 1.0	neg 1.0	neg 0.6517945712393546 off 0.19066817496871968 __DUMMY__ 0.1575372537919258	false	1.0
unfassbar	neg 1.0		off 0.3515756055068459 __DUMMY__ 0.3259834965707515 neg 0.32244089792240255	false	0.5
hart	neg 1.0		off 0.35066561952663966 __DUMMY__ 0.32553635846849727 neg 0.32379802200486313	false	0.5
widerlich	off 1.0		off 0.3508802245202383 neg 0.3250524268360392 __DUMMY__ 0.3240673486437226	false	1.0
fatal	neg 1.0		off 0.3471148056958239 __DUMMY__ 0.32707321477710105 neg 0.3258119795270752	false	0.5
bruch	neg 1.0		off 0.3372640851392463 neg 0.3323071040315367 __DUMMY__ 0.330428810829217	false	0.5
aushungern	neg 1.0		off 0.3422532783111014 neg 0.32917448179684217 __DUMMY__ 0.32857223989205636	false	0.5
anspannung	neg 1.0		off 0.3362156951871671 __DUMMY__ 0.33347616791966783 neg 0.330308136893165	false	0.5
von			off 0.3419922109075831 __DUMMY__ 0.33450371250061317 neg 0.3235040765918038	false	0.0
kraftlos	neg 1.0		off 0.34234215023252007 __DUMMY__ 0.32923443869483654 neg 0.3284234110726433	false	0.5
vom			__DUMMY__ 0.33543998845947887 off 0.33470990637311343 neg 0.3298501051674076	false	0.0
grenzdebil	off 1.0		off 0.3520500107318351 __DUMMY__ 0.32596106123758073 neg 0.32198892803058426	false	1.0
vor			off 0.3386898198544232 __DUMMY__ 0.3311125535221873 neg 0.3301976266233894	false	0.0
unterwerfen	neg 1.0		off 0.3401878836479201 neg 0.33110952658618426 __DUMMY__ 0.32870258976589567	false	0.5
versenkung	neg 1.0		off 0.34126977505960254 __DUMMY__ 0.3298973029007834 neg 0.3288329220396141	false	0.5
entziehen	neg 1.0		off 0.3368801921243419 neg 0.3333717004676559 __DUMMY__ 0.32974810740800226	false	0.5
finanzkrise	neg 1.0		off 0.34240743353059244 neg 0.3303882135267239 __DUMMY__ 0.3272043529426835	false	0.5
schimpfend	neg 1.0		off 0.34677825944137647 __DUMMY__ 0.32710155556827897 neg 0.3261201849903445	false	0.5
profan	neg 1.0		off 0.3470829392728506 neg 0.32666861921377827 __DUMMY__ 0.3262484415133712	false	0.5
korruption	neg 1.0		off 0.3405856070076009 neg 0.33106199528798175 __DUMMY__ 0.3283523977044174	false	0.5
â			off 0.34218651696649993 __DUMMY__ 0.32992047740848346 neg 0.3278930056250166	false	0.0
schmutzig	neg 1.0		off 0.3528922494220105 __DUMMY__ 0.32624512611052586 neg 0.3208626244674637	false	0.5
sexy	neg 1.0		off 0.3491229051309972 __DUMMY__ 0.3272274543205654 neg 0.32364964054843737	false	0.5
abraten	neg 1.0		off 0.34682808123083525 __DUMMY__ 0.3271050599638178 neg 0.3260668588053469	false	0.5
schwarz	neg 1.0		off 0.3462477549420037 __DUMMY__ 0.3271937130527854 neg 0.32655853200521084	false	0.5
fotze	off 1.0	off 1.0	off 0.6593446091799845 neg 0.18144833638771965 __DUMMY__ 0.1592070544322959	false	1.0
verwirren	neg 1.0		off 0.34782503706747964 __DUMMY__ 0.3264313385990487 neg 0.3257436243334717	false	0.5
zahnlos	off 1.0		off 0.3422072939835324 neg 0.3301569434157255 __DUMMY__ 0.3276357626007421	false	1.0
verheeren	neg 1.0		off 0.3627404133193633 __DUMMY__ 0.32177148100672326 neg 0.31548810567391344	false	0.5
hippie	neg 1.0		off 0.34863116168234043 __DUMMY__ 0.3272420099929509 neg 0.3241268283247088	false	0.5
rammen	neg 1.0		off 0.3455533833887791 neg 0.3280653212213081 __DUMMY__ 0.3263812953899128	false	0.5
unlauter	neg 1.0		off 0.34426388631553245 neg 0.32988966276520193 __DUMMY__ 0.32584645091926556	false	0.5
unheilvoll	neg 1.0		off 0.34704313424365807 __DUMMY__ 0.32764257767678784 neg 0.32531428807955404	false	0.5
niedrig	neg 1.0		off 0.3381009122601119 neg 0.3339597553437034 __DUMMY__ 0.3279393323961847	false	0.5
explosion	neg 1.0		off 0.3476676912618374 __DUMMY__ 0.3268765671699644 neg 0.3254557415681981	false	0.5
weichei	off 1.0	off 1.0	off 0.6668538722563956 neg 0.17777252764249613 __DUMMY__ 0.15537360010110832	false	1.0
minusmensch	off 1.0		off 0.35828569072435573 neg 0.32119784209144486 __DUMMY__ 0.32051646718419935	false	1.0
farblos	neg 1.0		off 0.3445639319368527 __DUMMY__ 0.3284510276708998 neg 0.3269850403922475	false	0.5
unwissend	neg 1.0	neg 1.0	neg 0.6502502419338092 off 0.1930491039276586 __DUMMY__ 0.1567006541385323	false	1.0
traurig	neg 1.0		off 0.3542113300286036 __DUMMY__ 0.32505175552922677 neg 0.32073691444216973	false	0.5
senkung	neg 1.0		off 0.34644340119009437 neg 0.3280553943909913 __DUMMY__ 0.32550120441891434	false	0.5
ungleich	neg 1.0	neg 1.0	neg 0.6546327005029996 off 0.1868711022425276 __DUMMY__ 0.15849619725447286	false	1.0
heikel	neg 1.0		off 0.33862426755117747 neg 0.3332155050099906 __DUMMY__ 0.32816022743883183	false	0.5
drosselung	neg 1.0		off 0.3514397924838781 __DUMMY__ 0.3254312290318437 neg 0.32312897848427813	false	0.5
falsch	neg 1.0		off 0.348522085469775 neg 0.32586373301740607 __DUMMY__ 0.32561418151281907	false	0.5
unzufriedenheit	neg 1.0		off 0.33755609863192154 neg 0.33307159285986293 __DUMMY__ 0.3293723085082154	false	0.5
kurz	neg 1.0		off 0.3442356437870372 __DUMMY__ 0.3300103147624271 neg 0.32575404145053566	false	0.5
unsinnig	neg 1.0		off 0.3418068179569468 neg 0.3313895319752356 __DUMMY__ 0.3268036500678176	false	0.5
penner	off 1.0	off 1.0	off 0.6679204238973029 neg 0.17679843263570583 __DUMMY__ 0.15528114346699132	false	1.0
seicht	neg 1.0		off 0.35910791552119437 neg 0.32059663567603164 __DUMMY__ 0.32029544880277405	false	0.5
dummheit	off 1.0	off 1.0	off 0.6616928067857555 neg 0.18138260690628982 __DUMMY__ 0.1569245863079546	false	1.0
unerfreulich	neg 1.0		off 0.3384457448274376 neg 0.33224031148899713 __DUMMY__ 0.3293139436835653	false	0.5
motherfucker	off 1.0	off 1.0	off 0.6648841235878892 neg 0.17818174148102897 __DUMMY__ 0.15693413493108185	false	1.0
pikiert	neg 1.0		off 0.3504042278389569 neg 0.3248273211537051 __DUMMY__ 0.32476845100733803	false	0.5
wrack	neg 1.0		off 0.34292820806353846 __DUMMY__ 0.3296741143554861 neg 0.3273976775809755	false	0.5
gangster	neg 1.0		off 0.3486567014362484 __DUMMY__ 0.3271660308561558 neg 0.32417726770759575	false	0.5
krank	neg 1.0		off 0.3522032996369114 __DUMMY__ 0.326122205175709 neg 0.32167449518737967	false	0.5
reich	neg 1.0		off 0.3513675372074494 __DUMMY__ 0.3271303968831671 neg 0.32150206590938346	false	0.5
gnadenlos	neg 1.0		off 0.3453732035487263 neg 0.32772936627414395 __DUMMY__ 0.32689743017712963	false	0.5
niedergeschlagen	neg 1.0		off 0.3432665587848718 __DUMMY__ 0.328716451941234 neg 0.3280169892738942	false	0.5
terrorisieren	off 1.0	off 1.0	off 0.6579503140537196 neg 0.18300737857453078 __DUMMY__ 0.15904230737174951	false	1.0
sinnlosigkeit	neg 1.0		off 0.3417725650155516 neg 0.33030443094146034 __DUMMY__ 0.3279230040429881	false	0.5
behindern	neg 1.0		off 0.34394099803820344 __DUMMY__ 0.3283968694028328 neg 0.3276621325589637	false	0.5
undemokratisch	neg 1.0		off 0.3450021640829107 neg 0.32804736906989906 __DUMMY__ 0.32695046684719015	false	0.5
wirtschaftskrise	neg 1.0		off 0.340197083873752 neg 0.33165794312028835 __DUMMY__ 0.3281449730059597	false	0.5
neid	neg 1.0		off 0.349589636296082 __DUMMY__ 0.32711714491785987 neg 0.32329321878605827	false	0.5
rutschen	neg 1.0		off 0.3376410529911199 __DUMMY__ 0.3336247709632629 neg 0.32873417604561717	false	0.5
rezession	neg 1.0		off 0.3516107484764681 neg 0.32697257489668974 __DUMMY__ 0.32141667662684226	false	0.5
fehlgeburt	neg 1.0		off 0.3470637156699095 __DUMMY__ 0.32786680207672486 neg 0.3250694822533656	false	0.5
charakterschwach	off 1.0		off 0.3506491565062816 neg 0.3252070109895088 __DUMMY__ 0.3241438325042097	false	1.0
isolation	neg 1.0		off 0.3487752824255749 __DUMMY__ 0.32670870969651944 neg 0.3245160078779058	false	0.5
ablenkung	neg 1.0		off 0.34514183885636873 __DUMMY__ 0.3284308302560731 neg 0.3264273308875582	false	0.5
pech	neg 1.0		off 0.3486752824839808 __DUMMY__ 0.3262853257266722 neg 0.32503939178934704	false	0.5
vermeidung	neg 1.0		off 0.35194503991729237 __DUMMY__ 0.32583664494784953 neg 0.32221831513485816	false	0.5
dominieren	neg 1.0		off 0.3407212136427044 __DUMMY__ 0.329674648135751 neg 0.3296041382215445	false	0.5
schwindlig	neg 1.0		off 0.3478803527111485 __DUMMY__ 0.32793685447593596 neg 0.32418279281291545	false	0.5
lutscher	neg 1.0		off 0.3600946833532235 __DUMMY__ 0.32068810325400976 neg 0.31921721339276665	false	0.5
pflicht	neg 1.0		off 0.3376373359636611 neg 0.333446617810297 __DUMMY__ 0.32891604622604187	false	0.5
faschist	off 1.0		off 0.3481055827401283 __DUMMY__ 0.32651472715152785 neg 0.3253796901083438	false	1.0
verschleudern	neg 1.0		off 0.338538816604247 neg 0.3331984524667097 __DUMMY__ 0.32826273092904323	false	0.5
wenn			off 0.3490848635455178 __DUMMY__ 0.3260492681485877 neg 0.32486586830589453	false	0.0
ehebruch	neg 1.0		off 0.3407116598786733 neg 0.33068595252263916 __DUMMY__ 0.32860238759868743	false	0.5
spott	off 1.0		off 0.33987683119131284 neg 0.3317323707033277 __DUMMY__ 0.32839079810535954	false	1.0
trostlosigkeit	neg 1.0		off 0.338479413894617 __DUMMY__ 0.3307858956340818 neg 0.33073469047130133	false	0.5
lutschen	neg 1.0		off 0.3482100927741865 neg 0.3259556926129753 __DUMMY__ 0.3258342146128382	false	0.5
undiszipliniert	neg 1.0		off 0.35293691096613594 __DUMMY__ 0.324399761130398 neg 0.32266332790346614	false	0.5
kopfschmerz	neg 1.0		off 0.34170052944783247 neg 0.3305724035477657 __DUMMY__ 0.3277270670044018	false	0.5
unvorhergesehen	neg 1.0		off 0.3411856060150301 __DUMMY__ 0.33165272662677936 neg 0.3271616673581905	false	0.5
desinteressiert	neg 1.0	neg 1.0	neg 0.6488669032037099 off 0.19466792592996005 __DUMMY__ 0.15646517086633013	false	1.0
armselig	off 1.0		off 0.3527348371460005 neg 0.32420436444223943 __DUMMY__ 0.32306079841176005	false	1.0
desaster	neg 1.0		off 0.33624503790425614 neg 0.3335467971439405 __DUMMY__ 0.33020816495180344	false	0.5
tod	neg 1.0		off 0.34300344751560363 __DUMMY__ 0.33087374636154665 neg 0.3261228061228497	false	0.5
herzlos	neg 1.0		off 0.35349118084107845 __DUMMY__ 0.32405457582906394 neg 0.3224542433298577	false	0.5
unwissenheit	neg 1.0		off 0.3411607556147938 neg 0.3310871226587764 __DUMMY__ 0.3277521217264297	false	0.5
widersinnig	neg 1.0		off 0.339855014954269 neg 0.33406024779027615 __DUMMY__ 0.3260847372554547	false	0.5
bedenklich	neg 1.0		off 0.3398968888236064 neg 0.3323560951679669 __DUMMY__ 0.3277470160084266	false	0.5
beanstanden	neg 1.0		off 0.3374336971750345 neg 0.33330175587855804 __DUMMY__ 0.3292645469464075	false	0.5
panisch	neg 1.0	neg 1.0	neg 0.6484411609761928 off 0.19267971224329164 __DUMMY__ 0.15887912678051563	false	1.0
debil	off 1.0		off 0.33346327786026586 __DUMMY__ 0.3333529623377908 neg 0.3331837598019432	false	1.0
abstrich	neg 1.0		off 0.34627695867661157 __DUMMY__ 0.3314666070324277 neg 0.3222564342909608	false	0.5
primitiv	neg 1.0		off 0.3509012505674056 neg 0.3253152130037533 __DUMMY__ 0.323783536428841	false	0.5
abschaum	off 1.0	off 1.0	off 0.6633320918041642 neg 0.17990636732421403 __DUMMY__ 0.15676154087162178	false	1.0
provozieren	neg 1.0		off 0.3443354634064875 neg 0.3297126319437233 __DUMMY__ 0.32595190464978924	false	0.5
tot	neg 1.0		off 0.3414523683664263 neg 0.3301400723076123 __DUMMY__ 0.3284075593259615	false	0.5
instabil	neg 1.0		off 0.353129699865164 __DUMMY__ 0.32439490077679267 neg 0.32247539935804337	false	0.5
schwuchtel	off 1.0	off 1.0	off 0.6709859175338897 neg 0.1754433080769953 __DUMMY__ 0.153570774389115	false	1.0
zerren	neg 1.0		off 0.34266485817739367 __DUMMY__ 0.3288748387661847 neg 0.32846030305642154	false	0.5
kinderficker	off 1.0		off 0.3566298458894282 __DUMMY__ 0.3233921680817939 neg 0.31997798602877786	false	1.0
gefahr	neg 1.0		off 0.3381789894464416 neg 0.331434563389804 __DUMMY__ 0.3303864471637545	false	0.5
rabiat	neg 1.0		off 0.34472380076121756 __DUMMY__ 0.32782565064021485 neg 0.3274505485985675	false	0.5
verlangsamung	neg 1.0		off 0.3563056929672301 neg 0.323289838188925 __DUMMY__ 0.32040446884384494	false	0.5
ausgestorben	neg 1.0		off 0.34476474036779764 __DUMMY__ 0.32842149039810686 neg 0.32681376923409555	false	0.5
anklagen	neg 1.0		off 0.3413323748679745 neg 0.32980972297228045 __DUMMY__ 0.32885790215974514	false	0.5
trott	neg 1.0		off 0.34435956809133567 __DUMMY__ 0.3283390354403924 neg 0.32730139646827183	false	0.5
verminderung	neg 1.0		off 0.35143582817475266 __DUMMY__ 0.3246677150908768 neg 0.3238964567343705	false	0.5
nach			off 0.33617057047109955 __DUMMY__ 0.33386610640534975 neg 0.3299633231235507	false	0.0
rost	neg 1.0		off 0.3565658380495559 __DUMMY__ 0.32266720898661666 neg 0.32076695296382746	false	0.5
destruktiv	neg 1.0		off 0.34312220872266236 neg 0.33035268726304795 __DUMMY__ 0.32652510401428975	false	0.5
unzumutbarkeit	neg 1.0		off 0.35112674430605645 __DUMMY__ 0.3264052896020239 neg 0.3224679660919196	false	0.5
labil	off 1.0	off 1.0	off 0.6631265023367103 neg 0.17963858778277011 __DUMMY__ 0.15723490988051947	false	1.0
ziemlich	neg 1.0		off 0.3517032434730691 __DUMMY__ 0.3263789743209645 neg 0.32191778220596645	false	0.5
lachnummer	off 1.0		off 0.3440651144369735 neg 0.32936824198113573 __DUMMY__ 0.32656664358189075	false	1.0
oder			off 0.3460636919519484 __DUMMY__ 0.32822965058429343 neg 0.32570665746375804	false	0.0
verfall	neg 1.0		neg 0.3347109827991415 off 0.3340074187942074 __DUMMY__ 0.33128159840665095	false	1.0
ausgrenzung	neg 1.0		off 0.34588846907709797 neg 0.32712320819165247 __DUMMY__ 0.32698832273124945	false	0.5
unordnung	neg 1.0		off 0.355063766162925 __DUMMY__ 0.32695012785370425 neg 0.3179861059833706	false	0.5
fehlverhalten	neg 1.0		off 0.3376683051759963 neg 0.33438503705417094 __DUMMY__ 0.3279466577698329	false	0.5
eine			off 0.3389812030095203 neg 0.3305350087408704 __DUMMY__ 0.3304837882496093	false	0.0
nille	neg 1.0		off 0.3447358470796396 __DUMMY__ 0.32891688832633165 neg 0.32634726459402874	false	0.5
qual	neg 1.0		off 0.3439262405074751 __DUMMY__ 0.32848721131248454 neg 0.3275865481800403	false	0.5
verschwenden	neg 1.0		off 0.3392309672351546 neg 0.3328315646433483 __DUMMY__ 0.327937468121497	false	0.5
riesig	neg 1.0		off 0.3414827436144884 __DUMMY__ 0.32985509345340164 neg 0.3286621629321101	false	0.5
verurteilen	neg 1.0		off 0.34052146348799345 neg 0.3323240078858176 __DUMMY__ 0.327154528626189	false	0.5
klischee	neg 1.0	neg 1.0	neg 0.6507668854450936 off 0.1922528081042429 __DUMMY__ 0.15698030645066346	false	1.0
diktatorisch	neg 1.0		off 0.3450310854374703 neg 0.3283105301711421 __DUMMY__ 0.32665838439138767	false	0.5
vorhersehbar	neg 1.0		off 0.34683670991594107 neg 0.328058875821184 __DUMMY__ 0.3251044142628748	false	0.5
sowie			off 0.35567011594334114 __DUMMY__ 0.32317924989578417 neg 0.32115063416087475	false	0.0
stornieren	neg 1.0		off 0.3491333529354972 __DUMMY__ 0.3301855379370858 neg 0.3206811091274171	false	0.5
besteuerung	neg 1.0		off 0.34351576924772553 neg 0.3310001832899817 __DUMMY__ 0.3254840474622928	false	0.5
ungeschminkt	neg 1.0		off 0.3503963199605203 neg 0.32610701752345655 __DUMMY__ 0.32349666251602305	false	0.5
kritisch	neg 1.0		off 0.33985609964507024 neg 0.33198463621477303 __DUMMY__ 0.3281592641401567	false	0.5
schlamperei	off 1.0		off 0.33945656127254825 neg 0.3306983295777686 __DUMMY__ 0.32984510914968324	false	1.0
sucht	neg 1.0	neg 1.0	neg 0.6471458116548667 off 0.19246680697197674 __DUMMY__ 0.16038738137315647	false	1.0
egoistisch	off 1.0		off 0.35579212425079976 neg 0.3221567728556531 __DUMMY__ 0.3220511028935471	false	1.0
ausbeuter	off 1.0		off 0.3372609300017776 neg 0.335287231044599 __DUMMY__ 0.32745183895362345	false	1.0
arschgeburt	off 1.0		off 0.36289746531078815 neg 0.3190311859742971 __DUMMY__ 0.3180713487149147	false	1.0
schubs	neg 1.0		off 0.3426506450802626 neg 0.3287016386920685 __DUMMY__ 0.32864771622766903	false	0.5
unsolide	neg 1.0		off 0.34538802773058797 neg 0.3287059735816466 __DUMMY__ 0.3259059986877654	false	0.5
beschwerde	neg 1.0		off 0.3397111713660866 neg 0.33150395718636383 __DUMMY__ 0.3287848714475494	false	0.5
stocken	neg 1.0		off 0.3397282013900336 neg 0.3306952881551517 __DUMMY__ 0.3295765104548148	false	0.5
isolieren	neg 1.0		off 0.3409962261836655 neg 0.33040100388346083 __DUMMY__ 0.3286027699328738	false	0.5
unheilbar	neg 1.0		off 0.34484060289125223 __DUMMY__ 0.3276938630437221 neg 0.3274655340650256	false	0.5
pisser	off 1.0		off 0.3528965736106941 __DUMMY__ 0.3239398845281435 neg 0.3231635418611624	false	1.0
löschen	neg 1.0		off 0.34474467461095637 __DUMMY__ 0.3282788440469062 neg 0.3269764813421375	false	0.5
durchfallen	neg 1.0		off 0.3398859745825144 neg 0.3330511921141852 __DUMMY__ 0.3270628333033004	false	0.5
wichser	off 1.0	off 1.0	off 0.6696846910377438 neg 0.1757643479260911 __DUMMY__ 0.15455096103616497	false	1.0
terror	neg 1.0		off 0.3483145849882891 __DUMMY__ 0.3272733602591328 neg 0.3244120547525781	false	0.5
krass	neg 1.0		off 0.3544411491569056 __DUMMY__ 0.32391897501572564 neg 0.3216398758273687	false	0.5
revolte	neg 1.0		off 0.3470057873372783 __DUMMY__ 0.3274838150558014 neg 0.32551039760692024	false	0.5
besorgt	neg 1.0		off 0.3445481282409454 __DUMMY__ 0.33085159074029336 neg 0.32460028101876115	false	0.5
nachlassen	neg 1.0		off 0.34070856103047614 __DUMMY__ 0.33076220160664643 neg 0.3285292373628775	false	0.5
alt	neg 1.0		off 0.34140334962028174 neg 0.3304437779559537 __DUMMY__ 0.32815287242376456	false	0.5
hundesohn	off 1.0		off 0.36050984550648313 __DUMMY__ 0.32109114242927594 neg 0.3183990120642409	false	1.0
als			off 0.3421008767846023 neg 0.3294983801376984 __DUMMY__ 0.32840074307769923	false	0.0
abschreckung	neg 1.0		off 0.33718449038979664 neg 0.33349695012258956 __DUMMY__ 0.3293185594876138	false	0.5
unqualifiziert	neg 1.0		off 0.3475348787954477 neg 0.32790469439336706 __DUMMY__ 0.32456042681118513	false	0.5
abgewichst	off 1.0		off 0.3439871189539276 __DUMMY__ 0.32912559671979763 neg 0.32688728432627473	false	1.0
schwer	neg 1.0		off 0.3434806098849837 neg 0.3290891027352096 __DUMMY__ 0.32743028737980673	false	0.5
bedeutungslosigkeit	neg 1.0		off 0.338418524922979 neg 0.33252168087010875 __DUMMY__ 0.32905979420691217	false	0.5
kapitulation	neg 1.0		off 0.3403561473176041 neg 0.3304101057713055 __DUMMY__ 0.3292337469110904	false	0.5
unscharf	neg 1.0		off 0.346476996960066 neg 0.3278305053694118 __DUMMY__ 0.3256924976705222	false	0.5
schwinden	neg 1.0		off 0.33861711150028584 neg 0.3316547833311118 __DUMMY__ 0.3297281051686024	false	0.5
versklavung	neg 1.0		off 0.3453342344157668 __DUMMY__ 0.3276757703832493 neg 0.3269899952009839	false	0.5
schlecht	neg 1.0		off 0.351735419034891 __DUMMY__ 0.3261957907185566 neg 0.3220687902465524	false	0.5
verhasst	neg 1.0		off 0.3444073972318924 neg 0.33046917306354673 __DUMMY__ 0.3251234297045609	false	0.5
beschweren	neg 1.0		off 0.3466047890716832 __DUMMY__ 0.32688634459504257 neg 0.32650886633327414	false	0.5
scheiden	neg 1.0		off 0.34541284950986845 __DUMMY__ 0.32902262903105756 neg 0.325564521459074	false	0.5
frustriert	neg 1.0		off 0.34236409762761333 neg 0.3300884631709459 __DUMMY__ 0.32754743920144075	false	0.5
schimmelig	neg 1.0		off 0.34025655475392924 neg 0.3326615687462413 __DUMMY__ 0.32708187649982945	false	0.5
fisch	neg 1.0		off 0.3375474875597973 neg 0.3338264248289774 __DUMMY__ 0.3286260876112253	false	0.5
schmuggel	neg 1.0		off 0.3392600660256372 neg 0.3313932156761872 __DUMMY__ 0.3293467182981755	false	0.5
auffallen	neg 1.0		off 0.34744978721266784 __DUMMY__ 0.32657795426050085 neg 0.3259722585268312	false	0.5
konkurrenz	neg 1.0		off 0.33734659656995375 neg 0.3325871046039672 __DUMMY__ 0.330066298826079	false	0.5
teufelskreis	neg 1.0	neg 1.0	neg 0.6528651384788309 off 0.1894964871407528 __DUMMY__ 0.15763837438041634	false	1.0
aufschreien	neg 1.0		off 0.34693718636406345 neg 0.3272882292917555 __DUMMY__ 0.32577458434418094	false	0.5
schuldner	neg 1.0		off 0.33712290467467976 neg 0.3345516064443679 __DUMMY__ 0.3283254888809524	false	0.5
missgeburt	off 1.0	off 1.0	off 0.6670175305003094 neg 0.17798055465401225 __DUMMY__ 0.15500191484567824	false	1.0
arbeitslos	neg 1.0		off 0.3402741695170765 neg 0.33274353790631833 __DUMMY__ 0.32698229257660516	false	0.5
befallen	neg 1.0		off 0.3424805201564951 neg 0.3295775338413711 __DUMMY__ 0.3279419460021339	false	0.5
miesepetrig	off 1.0	off 1.0	off 0.6638887197166674 neg 0.17885395579796226 __DUMMY__ 0.15725732448537033	false	1.0
alarmieren	neg 1.0		off 0.3485853731331985 neg 0.3260866264056679 __DUMMY__ 0.3253280004611337	false	0.5
ungeduscht	off 1.0		off 0.3486282617731062 neg 0.3261795985937506 __DUMMY__ 0.3251921396331432	false	1.0
knappheit	neg 1.0		off 0.33909996333397163 neg 0.33444514000444275 __DUMMY__ 0.3264548966615855	false	0.5
schlange	neg 1.0		off 0.3479528098127832 __DUMMY__ 0.3293258847652642 neg 0.3227213054219527	false	0.5
harsch	neg 1.0		off 0.35696067226429534 __DUMMY__ 0.3255589433670083 neg 0.31748038436869636	false	0.5
lang	neg 1.0		off 0.3459301063906741 __DUMMY__ 0.32825713984177207 neg 0.32581275376755375	false	0.5
ziellos	neg 1.0		off 0.34166130947042006 __DUMMY__ 0.32985476052407575 neg 0.3284839300055043	false	0.5
selbstverliebt	neg 1.0		off 0.36115268782374815 __DUMMY__ 0.31965327688439465 neg 0.3191940352918572	false	0.5
beseitigen	neg 1.0		off 0.34292427660336494 neg 0.32859435435980117 __DUMMY__ 0.32848136903683384	false	0.5
dumm	off 1.0		off 0.3571401718701069 __DUMMY__ 0.32249276442255814 neg 0.320367063707335	false	1.0
arbeitsloser	neg 1.0		off 0.3415809031783934 neg 0.32974644487343874 __DUMMY__ 0.32867265194816797	false	0.5
blitzen	neg 1.0		off 0.3480922005141964 __DUMMY__ 0.32678957511006623 neg 0.32511822437573723	false	0.5
hilflos	neg 1.0		off 0.34193915497647537 neg 0.33030822328581333 __DUMMY__ 0.3277526217377111	false	0.5
eklig	off 1.0		off 0.35697712605467496 neg 0.32185099146805235 __DUMMY__ 0.32117188247727274	false	1.0
begriff			off 0.34313811185052084 neg 0.32951350957484427 __DUMMY__ 0.327348378574635	false	0.0
hungersnot	neg 1.0		off 0.3421726536582167 __DUMMY__ 0.32925398821173407 neg 0.32857335813004923	false	0.5
ungesetzlich	neg 1.0		off 0.34341293279793167 neg 0.3313175105510467 __DUMMY__ 0.32526955665102164	false	0.5
verschwendung	neg 1.0		off 0.3392827074041493 neg 0.3318753770507518 __DUMMY__ 0.32884191554509884	false	0.5
schmerzvoll	neg 1.0		off 0.3465338770032426 __DUMMY__ 0.32724603273834535 neg 0.32622009025841203	false	0.5
vorzeitig	neg 1.0		off 0.34800014042327426 __DUMMY__ 0.32721906372444487 neg 0.3247807958522809	false	0.5
unvollkommenheit	neg 1.0		off 0.3429284299282295 __DUMMY__ 0.3307262005293516 neg 0.326345369542419	false	0.5
intervenieren	neg 1.0		off 0.33864631190116423 neg 0.33297482671078266 __DUMMY__ 0.32837886138805306	false	0.5
banause	off 1.0		off 0.35913880417519084 neg 0.32136760062604747 __DUMMY__ 0.31949359519876164	false	1.0
rebell	neg 1.0		off 0.3353748748947768 neg 0.33449446540364003 __DUMMY__ 0.3301306597015832	false	0.5
unlogisch	neg 1.0		off 0.3527681836742532 neg 0.3237918636467753 __DUMMY__ 0.3234399526789715	false	0.5
leiden	neg 1.0		off 0.3389992603517124 neg 0.3308114387173014 __DUMMY__ 0.3301893009309861	false	0.5
abschaffung	neg 1.0		off 0.344556361681773 neg 0.3280252538878102 __DUMMY__ 0.32741838443041693	false	0.5
sturz	neg 1.0		off 0.34576829683659643 __DUMMY__ 0.3292601823129388 neg 0.3249715208504648	false	0.5
verkleinerung	neg 1.0		off 0.3463249258440606 neg 0.3287251990804369 __DUMMY__ 0.32494987507550255	false	0.5
schmarotzer	off 1.0		off 0.34071813125143624 neg 0.3330551696378489 __DUMMY__ 0.32622669911071484	false	1.0
bestrafung	neg 1.0		off 0.3456858602267363 __DUMMY__ 0.32745223191719314 neg 0.32686190785607067	false	0.5
achtlos	neg 1.0	neg 1.0	neg 0.651118018488209 off 0.19016453574943312 __DUMMY__ 0.15871744576235794	false	1.0
ungeheuer	neg 1.0		off 0.34816188467642323 __DUMMY__ 0.32795539314774985 neg 0.3238827221758269	false	0.5
unaufrichtig	neg 1.0		off 0.3488440080454408 __DUMMY__ 0.32791586170405196 neg 0.3232401302505073	false	0.5
groggy	neg 1.0		off 0.3482348186716178 __DUMMY__ 0.3271520370805907 neg 0.3246131442477915	false	0.5
verletzlich	neg 1.0		off 0.35078091463776534 neg 0.32484108179025867 __DUMMY__ 0.3243780035719761	false	0.5
ablehnen	neg 1.0		off 0.3404238016737572 neg 0.33182309831906076 __DUMMY__ 0.32775310000718205	false	0.5
