unsolidarisch	neg 1.0		__DUMMY__ 0.9237066056017701 neg 0.03847672832670883 off 0.037816666071520996	false	1.0
nachteilig	neg 1.0		__DUMMY__ 0.9285184776084863 neg 0.03736189368954303 off 0.03411962870197068	false	1.0
skeptisch	neg 1.0		__DUMMY__ 0.9289596937705695 neg 0.03721456708925159 off 0.033825739140178834	false	1.0
schrecklich	neg 1.0		__DUMMY__ 0.9220971276725612 off 0.044886292196773814 neg 0.03301658013066496	false	0.5
schlapp	neg 1.0		__DUMMY__ 0.9250402694916615 off 0.04141594412075655 neg 0.033543786387581875	false	0.5
abfall	neg 1.0		__DUMMY__ 0.9322702484064705 neg 0.036822510109214945 off 0.0309072414843145	false	1.0
widerspenstig	neg 1.0		__DUMMY__ 0.9275523254056192 off 0.03741326785209238 neg 0.03503440674228853	false	0.5
abrupt	neg 1.0		__DUMMY__ 0.9322022904073645 off 0.03393414462920818 neg 0.03386356496342742	false	0.5
unwirksam	neg 1.0		__DUMMY__ 0.9234429519892484 neg 0.03917035973082174 off 0.037386688279929914	false	1.0
angreifen	neg 1.0		__DUMMY__ 0.9283570009492449 neg 0.03774056754125472 off 0.03390243150950032	false	1.0
inkonsistent	neg 1.0		__DUMMY__ 0.924979867753928 off 0.03794097650425722 neg 0.03707915574181476	false	0.5
abrutschen	neg 1.0		__DUMMY__ 0.9308394836307139 neg 0.03778500882731798 off 0.031375507541968155	false	1.0
unsicher	neg 1.0		__DUMMY__ 0.9280286646424175 off 0.03750536181492416 neg 0.034465973542658374	false	0.5
bauernkind	off 1.0	off 1.0	off 0.5113468752048056 __DUMMY__ 0.451994095348934 neg 0.03665902944626051	false	1.0
angreifer	neg 1.0	neg 1.0	neg 0.4992686056509214 __DUMMY__ 0.46524043629206274 off 0.0354909580570159	false	1.0
trennen	neg 1.0		__DUMMY__ 0.931944700718236 neg 0.034787971943150836 off 0.03326732733861319	false	1.0
schmutz	neg 1.0		__DUMMY__ 0.930803289552387 off 0.03833718625652672 neg 0.030859524191086344	false	0.5
inkonsistenz	neg 1.0		__DUMMY__ 0.9194163377831422 off 0.042130828826359934 neg 0.038452833390497765	false	0.5
erschreckend	neg 1.0		__DUMMY__ 0.9260350410045147 off 0.03719304053898666 neg 0.036771918456498555	false	0.5
ertrinken	neg 1.0		__DUMMY__ 0.9298110917299037 neg 0.036186897049430164 off 0.03400201122066615	false	1.0
pickelface	off 1.0		__DUMMY__ 0.9285298980481266 off 0.036741569230650056 neg 0.0347285327212233	false	1.0
seiner			__DUMMY__ 0.9294558769369947 neg 0.0365209266529463 off 0.034023196410058985	false	0.0
lauch	neg 1.0		__DUMMY__ 0.9328566993992066 neg 0.03574857158343813 off 0.03139472901735526	false	1.0
unwichtig	neg 1.0		__DUMMY__ 0.9223928959074028 off 0.041600351034395446 neg 0.03600675305820177	false	0.5
steuerhinterziehung	neg 1.0	neg 1.0	neg 0.5034445859862231 __DUMMY__ 0.46405477170128373 off 0.032500642312493104	false	1.0
schock	neg 1.0		__DUMMY__ 0.9288223128599764 off 0.036815807374362255 neg 0.03436187976566133	false	0.5
beule	neg 1.0		__DUMMY__ 0.9235425606417667 off 0.04216117986712422 neg 0.034296259491109135	false	0.5
vergelten	neg 1.0		__DUMMY__ 0.9254502775415158 off 0.044057264256468165 neg 0.030492458202016105	false	0.5
verdorbenheit	neg 1.0		__DUMMY__ 0.9304428274735317 off 0.03747062630670917 neg 0.03208654621975918	false	0.5
trauma	neg 1.0		__DUMMY__ 0.9267566310867751 off 0.038262202332376545 neg 0.03498116658084838	false	0.5
sinnlos	neg 1.0		__DUMMY__ 0.9258311738404513 off 0.0393874193332406 neg 0.034781406826308155	false	0.5
fettsack	off 1.0	off 1.0	off 0.512221510335491 __DUMMY__ 0.4539650755101254 neg 0.0338134141543836	false	1.0
feige	off 1.0	off 1.0	off 0.508349826695274 __DUMMY__ 0.4580033148476627 neg 0.03364685845706338	false	1.0
abdanken	neg 1.0		__DUMMY__ 0.9279158395142673 off 0.03739807932458708 neg 0.034686081161145646	false	0.5
wichtigtuer	off 1.0	off 1.0	off 0.5065120186520871 __DUMMY__ 0.46001103497326434 neg 0.03347694637464846	false	1.0
misslingen	neg 1.0		__DUMMY__ 0.9327104117750765 off 0.03738801748097961 neg 0.029901570743943826	false	0.5
untreu	off 1.0		__DUMMY__ 0.9235223332282195 off 0.04189884673887642 neg 0.034578820032904106	false	1.0
missmutig	neg 1.0		__DUMMY__ 0.925125441621745 off 0.04122883954456615 neg 0.0336457188336888	false	0.5
hurenbock	off 1.0		__DUMMY__ 0.9282578212216793 off 0.038714464260093444 neg 0.03302771451822728	false	1.0
betrunken	neg 1.0		__DUMMY__ 0.9239857603767395 off 0.04286981344483014 neg 0.0331444261784303	false	0.5
korrupt	off 1.0		__DUMMY__ 0.9246383147503351 neg 0.039327881636737894 off 0.03603380361292701	false	0.5
unmut	neg 1.0		__DUMMY__ 0.9315043793500117 neg 0.03697060690102002 off 0.03152501374896826	false	1.0
hackfresse	off 1.0		__DUMMY__ 0.9185138288814997 off 0.047741581442451234 neg 0.033744589676049014	false	1.0
aufblasen	neg 1.0		__DUMMY__ 0.9273171831627149 off 0.038841791484896776 neg 0.033841025352388296	false	0.5
gewaltsam	neg 1.0		__DUMMY__ 0.9292327270964476 off 0.03633895891764711 neg 0.034428313985905394	false	0.5
unbeliebtheit	neg 1.0		__DUMMY__ 0.922506055838102 off 0.04098533774040993 neg 0.03650860642148814	false	0.5
sturheit	neg 1.0		__DUMMY__ 0.9263861331152802 off 0.03680807079875229 neg 0.036805796085967624	false	0.5
kuh	neg 1.0		__DUMMY__ 0.9214799689269996 neg 0.03929887928937044 off 0.03922115178362993	false	1.0
erschrecken	neg 1.0		__DUMMY__ 0.926035477916359 off 0.04101100584036599 neg 0.032953516243275055	false	0.5
opfer	neg 1.0		__DUMMY__ 0.928836548985176 neg 0.03621425040152946 off 0.03494920061329453	false	1.0
sinken	neg 1.0		__DUMMY__ 0.9321906461173051 neg 0.03599652045703339 off 0.03181283342566164	false	1.0
stinktier	neg 1.0		__DUMMY__ 0.9155836614705641 off 0.04564098886641709 neg 0.038775349663018745	false	0.5
tucke	off 1.0		__DUMMY__ 0.9159932988817562 off 0.048574867378940755 neg 0.035431833739303066	false	1.0
ein			__DUMMY__ 0.9272774917847284 off 0.03816559504914299 neg 0.03455691316612863	false	0.0
abstieg	neg 1.0		__DUMMY__ 0.9305550823552431 neg 0.03537413920467612 off 0.034070778440080815	false	1.0
missverstehen	neg 1.0		__DUMMY__ 0.9224783379820471 off 0.04021099295553971 neg 0.037310669062413176	false	0.5
ergebnislos	neg 1.0		__DUMMY__ 0.930700492830658 neg 0.03547840259623159 off 0.03382110457311039	false	1.0
unter			__DUMMY__ 0.9369104496565425 neg 0.03580901620490228 off 0.027280534138555305	false	0.0
manipulieren	neg 1.0		__DUMMY__ 0.9298787433690117 neg 0.036608386391404145 off 0.03351287023958419	false	1.0
unbewiesen	neg 1.0		__DUMMY__ 0.9225945479074187 neg 0.039556866381077936 off 0.03784858571150338	false	1.0
verschleppen	neg 1.0		__DUMMY__ 0.9279766118259234 neg 0.036736670876567956 off 0.03528671729750872	false	1.0
weib	off 1.0		__DUMMY__ 0.9145292415612041 off 0.04850531964729389 neg 0.03696543879150199	false	1.0
opposition	neg 1.0		__DUMMY__ 0.9248567424937807 off 0.03862517260183572 neg 0.036518084904383574	false	0.5
verkehrswidrig	neg 1.0		__DUMMY__ 0.9264982656444649 off 0.04434494915098842 neg 0.02915678520454667	false	0.5
inkorrekt	neg 1.0		__DUMMY__ 0.9192649073185505 off 0.044782709056199514 neg 0.03595238362525	false	0.5
vermeiden	neg 1.0	neg 1.0	neg 0.5029934871064394 __DUMMY__ 0.4698328843825424 off 0.027173628511018233	false	1.0
abweichung	neg 1.0		__DUMMY__ 0.9286245745334689 neg 0.036670022410034434 off 0.03470540305649669	false	1.0
alkoholisiert	neg 1.0		__DUMMY__ 0.931185544014865 neg 0.035538317496851914 off 0.0332761384882831	false	1.0
scheiss	off 1.0	off 1.0	off 0.5078989871605373 __DUMMY__ 0.4597622756665648 neg 0.03233873717289786	false	1.0
herausforderung	neg 1.0		__DUMMY__ 0.9297095183997021 neg 0.03672464653953969 off 0.03356583506075818	false	1.0
pervers	off 1.0		__DUMMY__ 0.9157989750908739 off 0.05057662704303152 neg 0.03362439786609448	false	1.0
wackelig	neg 1.0		__DUMMY__ 0.9317601950718901 off 0.035560788005273354 neg 0.032679016922836535	false	0.5
verwickeln	neg 1.0		__DUMMY__ 0.9227748602397868 off 0.039805311986669964 neg 0.037419827773543135	false	0.5
vorwand	neg 1.0		__DUMMY__ 0.9288048035931362 neg 0.03774485797137078 off 0.033450338435492916	false	1.0
muschi	off 1.0		__DUMMY__ 0.9283651012120012 off 0.03692635576970656 neg 0.03470854301829223	false	1.0
entmutigung	neg 1.0		__DUMMY__ 0.9262504474261741 off 0.03879714837766611 neg 0.03495240419615977	false	0.5
unangemessen	neg 1.0		__DUMMY__ 0.9248434497517709 neg 0.03853884484612771 off 0.03661770540210142	false	1.0
unstetig	neg 1.0		__DUMMY__ 0.9266981122696805 off 0.039331064683384466 neg 0.03397082304693513	false	0.5
entmutigen	neg 1.0		__DUMMY__ 0.926299126710789 off 0.03832319318485236 neg 0.0353776801043587	false	0.5
schwanz	neg 1.0		__DUMMY__ 0.9298152547976329 neg 0.035507019851215876 off 0.034677725351151205	false	1.0
verbot	neg 1.0		__DUMMY__ 0.9277190998708595 neg 0.03664297016552399 off 0.03563792996361648	false	1.0
leid	neg 1.0		__DUMMY__ 0.9193868720640522 off 0.04616219465025497 neg 0.03445093328569279	false	0.5
archaisch	neg 1.0		__DUMMY__ 0.9271334863322295 off 0.03659412571926803 neg 0.03627238794850245	false	0.5
gegen			__DUMMY__ 0.931854290815325 neg 0.03593277615016256 off 0.03221293303451244	false	0.0
scheidung	neg 1.0		__DUMMY__ 0.9186055852322725 off 0.05419145204158141 neg 0.027202962726145936	false	0.5
einschlag	neg 1.0		__DUMMY__ 0.9227376517358441 off 0.04388007245600874 neg 0.03338227580814712	false	0.5
m			__DUMMY__ 0.9296616201516862 off 0.03549589453953483 neg 0.034842485308778974	false	0.0
abgestanden	neg 1.0		__DUMMY__ 0.9259671144335961 off 0.03733465216105809 neg 0.03669823340534576	false	0.5
schmierig	off 1.0		__DUMMY__ 0.9214421829274225 off 0.045527293382408796 neg 0.03303052369016867	false	1.0
unpraktisch	neg 1.0		__DUMMY__ 0.9271989081331847 off 0.03845854978436521 neg 0.03434254208245005	false	0.5
wixxer	off 1.0		__DUMMY__ 0.9137822464285307 off 0.05080757662998727 neg 0.03541017694148201	false	1.0
bezeichnet			__DUMMY__ 0.9243829758482941 off 0.037911319823098935 neg 0.03770570432860698	false	0.0
jammerlappen	off 1.0		__DUMMY__ 0.92505587720663 off 0.041558780816405065 neg 0.03338534197696502	false	1.0
farce	neg 1.0		__DUMMY__ 0.927266547713272 off 0.03639648716195892 neg 0.03633696512476901	false	0.5
zwecklos	neg 1.0		__DUMMY__ 0.9261672992262842 neg 0.03755491873161278 off 0.036277782042103045	false	1.0
turbulent	neg 1.0		__DUMMY__ 0.9220681499423751 off 0.042626008496877955 neg 0.03530584156074694	false	0.5
invasion	neg 1.0		__DUMMY__ 0.9256823120893918 off 0.0391231506390484 neg 0.03519453727155983	false	0.5
schuld	neg 1.0		__DUMMY__ 0.9247343356136574 off 0.03867732516212694 neg 0.03658833922421567	false	0.5
risiko	neg 1.0	neg 1.0	neg 0.4999268208581336 __DUMMY__ 0.46526419325758717 off 0.03480898588427928	false	1.0
finster	neg 1.0		__DUMMY__ 0.9247849661793721 off 0.03815318014958111 neg 0.037061853671046724	false	0.5
geisteskrank	off 1.0		__DUMMY__ 0.919498954204068 off 0.04322821043211217 neg 0.03727283536381985	false	1.0
zusammenbrechen	neg 1.0		__DUMMY__ 0.9277575096091224 off 0.036225266017357254 neg 0.03601722437352027	false	0.5
ausbeute	neg 1.0		__DUMMY__ 0.9359692097805888 off 0.034054871155017964 neg 0.029975919064393154	false	0.5
hinterhalt	neg 1.0		__DUMMY__ 0.9347590240474632 off 0.03569732388427495 neg 0.02954365206826179	false	0.5
kritik	neg 1.0		__DUMMY__ 0.9268554222057815 neg 0.036858548364628714 off 0.03628602942958975	false	1.0
einschrumpfen	neg 1.0		__DUMMY__ 0.9232517234339799 off 0.04085118028892334 neg 0.0358970962770967	false	0.5
riskant	neg 1.0		__DUMMY__ 0.9273876389852924 neg 0.038283759770876266 off 0.0343286012438313	false	1.0
frustrieren	neg 1.0		__DUMMY__ 0.9276440449373615 neg 0.03734181312584171 off 0.03501414193679679	false	1.0
groll	neg 1.0		__DUMMY__ 0.9263733178309884 neg 0.03772270236738075 off 0.03590397980163089	false	1.0
gibt			__DUMMY__ 0.9280053214252374 off 0.03636002682045693 neg 0.03563465175430574	false	0.0
qualvoll	neg 1.0		__DUMMY__ 0.9260068832912256 off 0.039939108221463376 neg 0.03405400848731098	false	0.5
wackeln	neg 1.0		__DUMMY__ 0.9290331484785675 off 0.038110883815848005 neg 0.03285596770558445	false	0.5
klagen	neg 1.0		__DUMMY__ 0.9303204157235961 neg 0.037535365547069814 off 0.0321442187293341	false	1.0
bankrott	neg 1.0		__DUMMY__ 0.926219856190298 off 0.04073161768139498 neg 0.03304852612830699	false	0.5
trauern	neg 1.0		__DUMMY__ 0.9314585323233967 off 0.03445217392189187 neg 0.034089293754711494	false	0.5
ablehnung	neg 1.0		__DUMMY__ 0.9267925523570812 neg 0.037111370580472584 off 0.03609607706244619	false	1.0
stur	neg 1.0		__DUMMY__ 0.9250128864990891 off 0.03877574484293366 neg 0.03621136865797731	false	0.5
aufruhr	neg 1.0		__DUMMY__ 0.9282656417562632 off 0.03681381275822997 neg 0.03492054548550687	false	0.5
melancholie	neg 1.0		__DUMMY__ 0.9302806463351412 neg 0.03505188955419671 off 0.03466746411066206	false	1.0
ist			__DUMMY__ 0.9260902278756395 off 0.03918026854191016 neg 0.03472950358245028	false	0.0
torheit	neg 1.0		__DUMMY__ 0.9266489033840468 off 0.03799945602760809 neg 0.03535164058834503	false	0.5
dreckskind	off 1.0		__DUMMY__ 0.9166050514170399 off 0.04713737500300485 neg 0.03625757357995534	false	1.0
umtauschen	neg 1.0		__DUMMY__ 0.9282312483526122 off 0.036772485466046397 neg 0.03499626618134141	false	0.5
zum			__DUMMY__ 0.9373530844050724 neg 0.032903774015984495 off 0.029743141578943203	false	0.0
zersetzen	neg 1.0		__DUMMY__ 0.9277052940109605 neg 0.03861798250157779 off 0.03367672348746178	false	1.0
zur			__DUMMY__ 0.9352088278929077 neg 0.03522225970991378 off 0.029568912397178532	false	0.0
frust	neg 1.0		__DUMMY__ 0.9282340796664619 off 0.03627919129276657 neg 0.035486729040771554	false	0.5
unerbittlichkeit	neg 1.0		__DUMMY__ 0.9291002941156318 neg 0.03730053443609397 off 0.033599171448274345	false	1.0
zwei			__DUMMY__ 0.9359424170224752 neg 0.03343159547089373 off 0.030625987506631112	false	0.0
unkorrekt	neg 1.0		__DUMMY__ 0.9213809912788634 off 0.044199629396468695 neg 0.034419379324667876	false	0.5
hexe	off 1.0		__DUMMY__ 0.9214899760256462 off 0.041496938586621075 neg 0.03701308538773272	false	1.0
lasch	neg 1.0		__DUMMY__ 0.9224236697917897 off 0.040987553336597655 neg 0.03658877687161258	false	0.5
rivale	neg 1.0		__DUMMY__ 0.9225732770482683 off 0.04324865299397372 neg 0.03417806995775804	false	0.5
mutlos	off 1.0	off 1.0	off 0.5015161721321957 __DUMMY__ 0.4634557590753172 neg 0.035028068792487224	false	1.0
wirr	off 1.0		__DUMMY__ 0.9193520437515182 off 0.044864477201559685 neg 0.03578347904692208	false	1.0
jahr			__DUMMY__ 0.9368019082472814 off 0.032496914337244553 neg 0.030701177415474117	false	0.0
wird			__DUMMY__ 0.928238213903864 neg 0.03643613417387292 off 0.035325651922263175	false	0.0
strafbar	neg 1.0		__DUMMY__ 0.9273962146515796 neg 0.03786482438102329 off 0.03473896096739712	false	1.0
erosion	neg 1.0		__DUMMY__ 0.9289666491112598 off 0.03734124864006188 neg 0.033692102248678295	false	0.5
eingehen	neg 1.0		__DUMMY__ 0.9271939203144831 neg 0.037930928037925776 off 0.03487515164759112	false	1.0
faul	off 1.0		__DUMMY__ 0.9263666371751627 off 0.040577608923676664 neg 0.03305575390116065	false	1.0
provisorium	neg 1.0		__DUMMY__ 0.9379755374765991 neg 0.034430475754417315 off 0.027593986768983596	false	1.0
schmerzen	neg 1.0		__DUMMY__ 0.9264951816306178 neg 0.03724786650182883 off 0.03625695186755337	false	1.0
schrumpfen	neg 1.0		__DUMMY__ 0.9313138345243857 neg 0.038651032917453504 off 0.030035132558160905	false	1.0
geistlos	off 1.0		__DUMMY__ 0.9214017322842466 off 0.0402139627513238 neg 0.038384304964429655	false	1.0
fehlkauf	neg 1.0		__DUMMY__ 0.9270557209971066 off 0.03900046767109776 neg 0.033943811331795526	false	0.5
frustrierend	neg 1.0		__DUMMY__ 0.9244275453532675 off 0.04078439323932977 neg 0.03478806140740269	false	0.5
unzufrieden	neg 1.0		__DUMMY__ 0.9260850590015925 neg 0.03785703288625775 off 0.036057908112149754	false	1.0
verzweifeln	neg 1.0		__DUMMY__ 0.927060460596891 off 0.036934606885504796 neg 0.03600493251760429	false	0.5
verzweifelt	neg 1.0	neg 1.0	neg 0.5041535994278274 __DUMMY__ 0.46057269954538 off 0.03527370102679256	false	1.0
misstrauensantrag	neg 1.0		__DUMMY__ 0.9258909975803856 off 0.039073658812292446 neg 0.035035343607321925	false	0.5
abfallen	neg 1.0		__DUMMY__ 0.9288664456177416 off 0.03785753014045826 neg 0.033276024241800206	false	0.5
fucker	off 1.0		__DUMMY__ 0.9234221006916745 off 0.04398680870469253 neg 0.03259109060363293	false	1.0
ungezogen	neg 1.0		__DUMMY__ 0.9168538955619625 off 0.049810543436195065 neg 0.03333556100184239	false	0.5
irrsinnig	neg 1.0	neg 1.0	neg 0.503526781936547 __DUMMY__ 0.4612217647309605 off 0.03525145333249243	false	1.0
unfassbar	neg 1.0		__DUMMY__ 0.924279218119713 off 0.04247788879148252 neg 0.03324289308880444	false	0.5
hart	neg 1.0		__DUMMY__ 0.9238055613623573 off 0.04193874188699689 neg 0.03425569675064584	false	0.5
widerlich	off 1.0		__DUMMY__ 0.9212146616660523 off 0.043068814149272584 neg 0.03571652418467517	false	1.0
fatal	neg 1.0		__DUMMY__ 0.9258349386229993 off 0.039485877394128496 neg 0.03467918398287231	false	0.5
bruch	neg 1.0		__DUMMY__ 0.931199032725108 neg 0.03631791378124853 off 0.0324830534936435	false	1.0
aushungern	neg 1.0		__DUMMY__ 0.9283087673097934 off 0.03638000631672974 neg 0.035311226373476896	false	0.5
anspannung	neg 1.0		__DUMMY__ 0.9361657849041554 neg 0.03379987676459854 off 0.030034338331246153	false	1.0
von			__DUMMY__ 0.9382831656289689 off 0.03252308540576152 neg 0.029193748965269665	false	0.0
kraftlos	neg 1.0		__DUMMY__ 0.9294196050853509 off 0.03558828215046255 neg 0.034992112764186484	false	0.5
vom			__DUMMY__ 0.9395072141608023 neg 0.03264188334764174 off 0.027850902491555984	false	0.0
grenzdebil	off 1.0		__DUMMY__ 0.92442163226479 off 0.04262755616586324 neg 0.03295081156934672	false	1.0
vor			__DUMMY__ 0.9322059112659787 neg 0.03502697955696008 off 0.03276710917706116	false	0.0
unterwerfen	neg 1.0		__DUMMY__ 0.9285345056199056 neg 0.03656059736933249 off 0.03490489701076196	false	1.0
versenkung	neg 1.0		__DUMMY__ 0.9301895299853687 off 0.03505588682216583 neg 0.034754583192465376	false	0.5
entziehen	neg 1.0		__DUMMY__ 0.9300576319195692 neg 0.0374121599951434 off 0.03253020808528734	false	1.0
finanzkrise	neg 1.0		__DUMMY__ 0.9262141946357593 neg 0.03700575295692061 off 0.036780052407320116	false	1.0
schimpfend	neg 1.0		__DUMMY__ 0.9262002635669826 off 0.03876003530980022 neg 0.03503970112321718	false	0.5
profan	neg 1.0		__DUMMY__ 0.924672745147208 off 0.03976306298351146 neg 0.035564191869280636	false	0.5
korruption	neg 1.0		__DUMMY__ 0.928021050211219 neg 0.03662771182821424 off 0.035351237960566884	false	1.0
â			__DUMMY__ 0.9305291855014868 off 0.03504263573222989 neg 0.034428178766283346	false	0.0
schmutzig	neg 1.0		__DUMMY__ 0.9248467294577029 off 0.04298648104542237 neg 0.03216678949687479	false	0.5
sexy	neg 1.0		__DUMMY__ 0.926180802384602 off 0.04044194349076681 neg 0.03337725412463121	false	0.5
abraten	neg 1.0		__DUMMY__ 0.9261411922039713 off 0.03909899311760482 neg 0.03475981467842394	false	0.5
schwarz	neg 1.0		__DUMMY__ 0.9260667436603031 off 0.038881984360103705 neg 0.035051271979593304	false	0.5
fotze	off 1.0	off 1.0	off 0.5024844281338072 __DUMMY__ 0.4658419531740626 neg 0.03167361869213025	false	1.0
verwirren	neg 1.0		__DUMMY__ 0.9248981054431094 off 0.04019296337473841 neg 0.03490893118215219	false	0.5
zahnlos	off 1.0		__DUMMY__ 0.9265754097807039 neg 0.03672173599064457 off 0.03670285422865161	false	0.5
verheeren	neg 1.0		__DUMMY__ 0.9175202741816125 off 0.051100343507459234 neg 0.031379382310928225	false	0.5
hippie	neg 1.0		__DUMMY__ 0.9261283657596056 off 0.04023399783268059 neg 0.03363763640771377	false	0.5
rammen	neg 1.0		__DUMMY__ 0.9251469275586843 off 0.03834964209892248 neg 0.03650343034239318	false	0.5
unlauter	neg 1.0		__DUMMY__ 0.9240896286275393 off 0.03849445779737838 neg 0.037415913575082324	false	0.5
unheilvoll	neg 1.0		__DUMMY__ 0.9272257252501847 off 0.03869304442492509 neg 0.034081230324890174	false	0.5
niedrig	neg 1.0		__DUMMY__ 0.9274949683922517 neg 0.038860460758528344 off 0.033644570849219985	false	1.0
explosion	neg 1.0		__DUMMY__ 0.9257078239401334 off 0.039729941808650505 neg 0.034562234251216004	false	0.5
weichei	off 1.0	off 1.0	off 0.5123708714217823 __DUMMY__ 0.45595130329076133 neg 0.031677825287456475	false	1.0
minusmensch	off 1.0		__DUMMY__ 0.9151867198896544 off 0.049399051443055494 neg 0.035414228667290173	false	1.0
farblos	neg 1.0		__DUMMY__ 0.9285996902828458 off 0.03670050049315552 neg 0.034699809223998616	false	0.5
unwissend	neg 1.0	neg 1.0	neg 0.5027639615935212 __DUMMY__ 0.45927472839273065 off 0.0379613100137482	false	1.0
traurig	neg 1.0		__DUMMY__ 0.9229675772423902 off 0.04430630362318957 neg 0.0327261191344203	false	0.5
senkung	neg 1.0		__DUMMY__ 0.9235619781332032 off 0.039631927269279776 neg 0.03680609459751706	false	0.5
ungleich	neg 1.0	neg 1.0	neg 0.5051477653275681 __DUMMY__ 0.46389283320467795 off 0.030959401467753986	false	1.0
heikel	neg 1.0		__DUMMY__ 0.9274719367110377 neg 0.038243354374714905 off 0.034284708914247494	false	1.0
drosselung	neg 1.0		__DUMMY__ 0.9235841660812523 off 0.042380729409390236 neg 0.034035104509357476	false	0.5
falsch	neg 1.0		__DUMMY__ 0.9236999850956127 off 0.040897478406566413 neg 0.035402536497820936	false	0.5
unzufriedenheit	neg 1.0		__DUMMY__ 0.9294717331252579 neg 0.03739606724359284 off 0.03313219963114929	false	1.0
kurz	neg 1.0		__DUMMY__ 0.9307815043979859 off 0.03611248166655254 neg 0.033106013935461594	false	0.5
unsinnig	neg 1.0		__DUMMY__ 0.9253255182147381 neg 0.037879595395297366 off 0.03679488638996458	false	1.0
penner	off 1.0	off 1.0	off 0.5135875846071052 __DUMMY__ 0.4556186613619023 neg 0.03079375403099249	false	1.0
seicht	neg 1.0		__DUMMY__ 0.9151299170304689 off 0.04974145373071188 neg 0.03512862923881929	false	0.5
dummheit	off 1.0	off 1.0	off 0.5067237101403477 __DUMMY__ 0.45967155529704873 neg 0.03360473456260356	false	1.0
unerfreulich	neg 1.0		__DUMMY__ 0.9294638069563791 neg 0.03707346068122106 off 0.033462732362399814	false	1.0
motherfucker	off 1.0	off 1.0	off 0.5096911745266287 __DUMMY__ 0.45969594006328657 neg 0.03061288541008467	false	1.0
pikiert	neg 1.0		__DUMMY__ 0.9223408424431032 off 0.04245849218452624 neg 0.035200665372370606	false	0.5
wrack	neg 1.0		__DUMMY__ 0.9304572065330878 off 0.035398653369004905 neg 0.034144140097907234	false	0.5
gangster	neg 1.0		__DUMMY__ 0.9260598337387117 off 0.04022607052164472 neg 0.033714095739643644	false	0.5
krank	neg 1.0		__DUMMY__ 0.9248206966047151 off 0.04240947628891579 neg 0.032769827106369165	false	0.5
reich	neg 1.0		__DUMMY__ 0.9264366897323322 off 0.04158692259347187 neg 0.031976387674195965	false	0.5
gnadenlos	neg 1.0		__DUMMY__ 0.9254187525808112 off 0.038752677012834746 neg 0.035828570406354156	false	0.5
niedergeschlagen	neg 1.0		__DUMMY__ 0.9285041757215611 off 0.036403709168814254 neg 0.03509211510962459	false	0.5
terrorisieren	off 1.0	off 1.0	off 0.501640077413408 __DUMMY__ 0.4651666680231856 neg 0.03319325456340642	false	1.0
sinnlosigkeit	neg 1.0		__DUMMY__ 0.9271000064208481 neg 0.03670681250055246 off 0.03619318107859949	false	1.0
behindern	neg 1.0		__DUMMY__ 0.928127619832598 off 0.0367823265915232 neg 0.03509005357587885	false	0.5
undemokratisch	neg 1.0		__DUMMY__ 0.9257959160577347 off 0.03865774478405841 neg 0.03554633915820693	false	0.5
wirtschaftskrise	neg 1.0		__DUMMY__ 0.927628062082428 neg 0.03717045010290795 off 0.03520148781466404	false	1.0
neid	neg 1.0		__DUMMY__ 0.9263667963528178 off 0.04048297794241032 neg 0.03315022570477181	false	0.5
rutschen	neg 1.0		__DUMMY__ 0.9365997503588516 neg 0.0329443954115325 off 0.030455854229615987	false	1.0
rezession	neg 1.0		__DUMMY__ 0.9166761196660188 off 0.044920436932315275 neg 0.038403443401665883	false	0.5
fehlgeburt	neg 1.0		__DUMMY__ 0.9276019594523457 off 0.038694415739817786 neg 0.03370362480783662	false	0.5
charakterschwach	off 1.0		__DUMMY__ 0.9213080954932642 off 0.04302466321874416 neg 0.03566724128799169	false	1.0
isolation	neg 1.0		__DUMMY__ 0.9254274265638635 off 0.0403810601203653 neg 0.0341915133157713	false	0.5
ablenkung	neg 1.0		__DUMMY__ 0.9281375924526282 off 0.037608312814106405 neg 0.03425409473326551	false	0.5
pech	neg 1.0		__DUMMY__ 0.925041439077149 off 0.04013816326514177 neg 0.03482039765770929	false	0.5
vermeidung	neg 1.0		__DUMMY__ 0.9241159992753507 off 0.04251011368325768 neg 0.03337388704139156	false	0.5
dominieren	neg 1.0		__DUMMY__ 0.9301505002110891 neg 0.03533692176211936 off 0.03451257802679153	false	1.0
schwindlig	neg 1.0		__DUMMY__ 0.9278421640473034 off 0.03879460579223381 neg 0.0333632301604628	false	0.5
lutscher	neg 1.0		__DUMMY__ 0.9159071180523303 off 0.049782920144430226 neg 0.034309961803239544	false	0.5
pflicht	neg 1.0		__DUMMY__ 0.9285382048791999 neg 0.037961834888056024 off 0.03349996023274397	false	1.0
faschist	off 1.0		__DUMMY__ 0.9251240787443483 off 0.04063789761135094 neg 0.0342380236443007	false	1.0
verschleudern	neg 1.0		__DUMMY__ 0.9278997882830421 neg 0.03800040485079546 off 0.03409980686616238	false	1.0
wenn			__DUMMY__ 0.9243249859471299 off 0.041035525917206106 neg 0.034639488135664004	false	0.0
ehebruch	neg 1.0		__DUMMY__ 0.9283324573921604 neg 0.03634431072552315 off 0.03532323188231637	false	1.0
spott	off 1.0		__DUMMY__ 0.9279038829254611 neg 0.037095975536828266 off 0.0350001415377106	false	0.5
trostlosigkeit	neg 1.0		__DUMMY__ 0.9318971965994607 neg 0.03529843599013333 off 0.032804367410405905	false	1.0
lutschen	neg 1.0		__DUMMY__ 0.9239729597202834 off 0.04064286430019368 neg 0.03538417597952296	false	0.5
undiszipliniert	neg 1.0		__DUMMY__ 0.9218786431405385 off 0.043870185518707916 neg 0.03425117134075363	false	0.5
kopfschmerz	neg 1.0		__DUMMY__ 0.9272238120625574 neg 0.03729075468368321 off 0.03548543325375944	false	1.0
unvorhergesehen	neg 1.0		__DUMMY__ 0.9335996839039522 off 0.033206543727366845 neg 0.0331937723686809	false	0.5
desinteressiert	neg 1.0	neg 1.0	neg 0.5016075515042389 __DUMMY__ 0.45873797574634134 off 0.03965447274941978	false	1.0
armselig	off 1.0		__DUMMY__ 0.9195315640241889 off 0.044713629338656385 neg 0.03575480663715475	false	1.0
desaster	neg 1.0		__DUMMY__ 0.9307574323032745 neg 0.0371983116730817 off 0.03204425602364383	false	1.0
tod	neg 1.0		__DUMMY__ 0.9324698657721733 off 0.034885521062996826 neg 0.03264461316482992	false	0.5
herzlos	neg 1.0		__DUMMY__ 0.9212864790230155 off 0.044455205574793016 neg 0.03425831540219152	false	0.5
unwissenheit	neg 1.0		__DUMMY__ 0.9269512042744571 neg 0.0370955100839497 off 0.035953285641593204	false	1.0
widersinnig	neg 1.0		__DUMMY__ 0.9242288461222531 neg 0.03959367285814917 off 0.03617748101959777	false	1.0
bedenklich	neg 1.0		__DUMMY__ 0.9267954532489197 neg 0.03796264170635698 off 0.03524190504472334	false	1.0
beanstanden	neg 1.0		__DUMMY__ 0.929278484053335 neg 0.0376023175635131 off 0.033119198383151846	false	1.0
panisch	neg 1.0	neg 1.0	neg 0.49918260227091854 __DUMMY__ 0.46523130898836945 off 0.03558608874071214	false	1.0
debil	off 1.0		__DUMMY__ 0.9361584194987986 neg 0.03561297740558993 off 0.028228603095611468	false	0.5
abstrich	neg 1.0		__DUMMY__ 0.9341269656807337 off 0.035540281001165804 neg 0.030332753318100415	false	0.5
primitiv	neg 1.0		__DUMMY__ 0.9207134449980575 off 0.04325925878350105 neg 0.03602729621844136	false	0.5
abschaum	off 1.0	off 1.0	off 0.5084476742335553 __DUMMY__ 0.4592977343965057 neg 0.032254591369939	false	1.0
provozieren	neg 1.0		__DUMMY__ 0.9239111159067279 off 0.038638192724932706 neg 0.03745069136833942	false	0.5
tot	neg 1.0		__DUMMY__ 0.9285141930745517 neg 0.03646177600041989 off 0.03502403092502836	false	1.0
instabil	neg 1.0		__DUMMY__ 0.9218345510240248 off 0.04408265249465185 neg 0.03408279648132328	false	0.5
schwuchtel	off 1.0	off 1.0	off 0.5181349739022006 __DUMMY__ 0.45090100140548567 neg 0.030964024692313658	false	1.0
zerren	neg 1.0		__DUMMY__ 0.9286908916378633 off 0.036106394434673096 neg 0.03520271392746357	false	0.5
kinderficker	off 1.0		__DUMMY__ 0.9203276354904831 off 0.04678681270563328 neg 0.032885551803883604	false	1.0
gefahr	neg 1.0		__DUMMY__ 0.9311713159061555 neg 0.03583926009238985 off 0.0329894240014547	false	1.0
rabiat	neg 1.0		__DUMMY__ 0.9269821921735829 off 0.037860345356341245 neg 0.03515746247007593	false	0.5
verlangsamung	neg 1.0		__DUMMY__ 0.9151945507854254 off 0.04818695688898638 neg 0.036618492325588184	false	0.5
ausgestorben	neg 1.0		__DUMMY__ 0.9280264265631838 off 0.03752158831821447 neg 0.03445198511860178	false	0.5
anklagen	neg 1.0		__DUMMY__ 0.9288660524035353 neg 0.03570520034655496 off 0.035428747249909805	false	1.0
trott	neg 1.0		__DUMMY__ 0.9279322473910591 off 0.03712159027089759 neg 0.0349461623380434	false	0.5
verminderung	neg 1.0		__DUMMY__ 0.9222595176685283 off 0.04273846647217691 neg 0.03500201585929478	false	0.5
nach			__DUMMY__ 0.9368379578821856 neg 0.033515881559802035 off 0.029646160558012464	false	0.0
rost	neg 1.0		__DUMMY__ 0.9191718558985676 off 0.04679770998045062 neg 0.03403043412098174	false	0.5
destruktiv	neg 1.0		__DUMMY__ 0.9249924973418595 off 0.037658124963479415 neg 0.037349377694661075	false	0.5
unzumutbarkeit	neg 1.0		__DUMMY__ 0.9251722088766245 off 0.04183610254664069 neg 0.03299168857673475	false	0.5
labil	off 1.0	off 1.0	off 0.5078334107079856 __DUMMY__ 0.4604553803748674 neg 0.03171120891714704	false	1.0
ziemlich	neg 1.0		__DUMMY__ 0.9250268152454104 off 0.042245991872110894 neg 0.03272719288247868	false	0.5
lachnummer	off 1.0		__DUMMY__ 0.9247964386211198 off 0.038401819018664685 neg 0.0368017423602155	false	1.0
oder			__DUMMY__ 0.9279180004052117 off 0.038080258289200156 neg 0.034001741305588105	false	0.0
verfall	neg 1.0		__DUMMY__ 0.9326371800248229 neg 0.0373508805121979 off 0.030011939462979143	false	1.0
ausgrenzung	neg 1.0		__DUMMY__ 0.9258604910914867 off 0.0391248074315852 neg 0.03501470147692802	false	0.5
unordnung	neg 1.0		__DUMMY__ 0.9261855001474822 off 0.043739949928465444 neg 0.030074549924052337	false	0.5
fehlverhalten	neg 1.0		__DUMMY__ 0.9270645358478168 neg 0.038912199294388196 off 0.03402326485779492	false	1.0
eine			__DUMMY__ 0.9312857491290701 neg 0.035574723413008415 off 0.03313952745792147	false	0.0
nille	neg 1.0		__DUMMY__ 0.9288249879932732 off 0.03732492083525112 neg 0.03385009117147572	false	0.5
qual	neg 1.0		__DUMMY__ 0.9281714456853802 off 0.03682960555970913 neg 0.034998948754910726	false	0.5
verschwenden	neg 1.0		__DUMMY__ 0.9271993189913998 neg 0.03823082460113389 off 0.034569856407466286	false	1.0
riesig	neg 1.0		__DUMMY__ 0.9306464420773922 neg 0.03483444511388405 off 0.03451911280872376	false	1.0
verurteilen	neg 1.0		__DUMMY__ 0.9258856443541309 neg 0.03810047933187768 off 0.036013876313991416	false	1.0
klischee	neg 1.0	neg 1.0	neg 0.5030105872650295 __DUMMY__ 0.459807286672713 off 0.03718212606225762	false	1.0
diktatorisch	neg 1.0		__DUMMY__ 0.9253182354900904 off 0.03885708895356233 neg 0.03582467555634734	false	0.5
vorhersehbar	neg 1.0		__DUMMY__ 0.9226282095265442 off 0.04047244091701241 neg 0.03689934955644348	false	0.5
sowie			__DUMMY__ 0.9197790159644582 off 0.04616739806742527 neg 0.03405358596811664	false	0.0
stornieren	neg 1.0		__DUMMY__ 0.9312846650752286 off 0.038792541662278225 neg 0.02992279326249319	false	0.5
besteuerung	neg 1.0		__DUMMY__ 0.92351753970587 neg 0.03851655068095013 off 0.03796590961317986	false	1.0
ungeschminkt	neg 1.0		__DUMMY__ 0.9204682946957258 off 0.04260743479898948 neg 0.0369242705052848	false	0.5
kritisch	neg 1.0		__DUMMY__ 0.927497292997716 neg 0.0374121351839662 off 0.035090571818317776	false	1.0
schlamperei	off 1.0		__DUMMY__ 0.9304614798918236 neg 0.035575798356628496 off 0.033962721751547895	false	0.5
sucht	neg 1.0	neg 1.0	neg 0.49642248508549813 __DUMMY__ 0.4696583820722291 off 0.0339191328422727	false	1.0
egoistisch	off 1.0		__DUMMY__ 0.9180091288599552 off 0.04683053038310931 neg 0.03516034075693547	false	1.0
ausbeuter	off 1.0		__DUMMY__ 0.9263164053492421 neg 0.03966020867557936 off 0.03402338597517858	false	0.5
arschgeburt	off 1.0		__DUMMY__ 0.9112431737149491 off 0.053266223903339634 neg 0.03549060238171132	false	1.0
schubs	neg 1.0		__DUMMY__ 0.9288049677163899 neg 0.03569574621498628 off 0.03549928606862385	false	1.0
unsolide	neg 1.0		__DUMMY__ 0.9241509056840537 off 0.03928958131303233 neg 0.03655951300291392	false	0.5
beschwerde	neg 1.0		__DUMMY__ 0.9286970590022271 neg 0.0367046945115908 off 0.034598246486182094	false	1.0
stocken	neg 1.0		__DUMMY__ 0.9299064969608373 neg 0.03592710240413406 off 0.03416640063502877	false	1.0
isolieren	neg 1.0		__DUMMY__ 0.9285128974405412 neg 0.03611332349505403 off 0.0353737790644047	false	1.0
unheilbar	neg 1.0		__DUMMY__ 0.9268963930354954 off 0.038061762595267314 neg 0.035041844369237275	false	0.5
pisser	off 1.0		__DUMMY__ 0.9209500967580116 off 0.044282033417887244 neg 0.03476786982410114	false	1.0
löschen	neg 1.0		__DUMMY__ 0.9278478179501477 off 0.037459301965043025 neg 0.03469288008480924	false	0.5
durchfallen	neg 1.0		__DUMMY__ 0.9257108229421184 neg 0.03874728031997756 off 0.03554189673790417	false	1.0
wichser	off 1.0	off 1.0	off 0.515907125814702 __DUMMY__ 0.4536754164604528 neg 0.030417457724845214	false	1.0
terror	neg 1.0		__DUMMY__ 0.9263785881313024 off 0.039746123986862746 neg 0.033875287881834866	false	0.5
krass	neg 1.0		__DUMMY__ 0.9213097428169592 off 0.04465878184638736 neg 0.034031475336653405	false	0.5
revolte	neg 1.0		__DUMMY__ 0.9265886433128548 off 0.03942683503867964 neg 0.033984521648465556	false	0.5
besorgt	neg 1.0		__DUMMY__ 0.9320978275084976 off 0.0360780403630419 neg 0.03182413212846063	false	0.5
nachlassen	neg 1.0		__DUMMY__ 0.9321329736141529 neg 0.03415922972758968 off 0.033707796658257315	false	1.0
alt	neg 1.0		__DUMMY__ 0.9280844686384063 neg 0.03689173206006764 off 0.035023799301526104	false	1.0
hundesohn	off 1.0		__DUMMY__ 0.9161614719559664 off 0.05046533104823313 neg 0.03337319699580045	false	1.0
als			__DUMMY__ 0.9279801359242021 neg 0.03602131194708689 off 0.035998552128710976	false	0.0
abschreckung	neg 1.0		__DUMMY__ 0.9294094955852558 neg 0.03757654110134099 off 0.03301396331340322	false	1.0
unqualifiziert	neg 1.0		__DUMMY__ 0.9218218871826739 off 0.04123193184652885 neg 0.03694618097079719	false	0.5
abgewichst	off 1.0		__DUMMY__ 0.9292880016063579 off 0.036612945268607484 neg 0.03409905312503456	false	1.0
schwer	neg 1.0		__DUMMY__ 0.9262980854798012 off 0.037297394651779614 neg 0.036404519868419284	false	0.5
bedeutungslosigkeit	neg 1.0		__DUMMY__ 0.9289035111398282 neg 0.03724774936760476 off 0.033848739492567025	false	1.0
kapitulation	neg 1.0		__DUMMY__ 0.9293964158973217 neg 0.03576488045809773 off 0.03483870364458065	false	1.0
unscharf	neg 1.0		__DUMMY__ 0.9241515433901367 off 0.039021883829950976 neg 0.03682657277991232	false	0.5
schwinden	neg 1.0		__DUMMY__ 0.9301620004274386 neg 0.03632727938209038 off 0.03351072019047111	false	1.0
versklavung	neg 1.0		__DUMMY__ 0.9269572749629155 off 0.038397789856048706 neg 0.03464493518103592	false	0.5
schlecht	neg 1.0		__DUMMY__ 0.9246398144485276 off 0.042467003576361684 neg 0.03289318197511065	false	0.5
verhasst	neg 1.0		__DUMMY__ 0.9225453877930725 off 0.03912517926023242 neg 0.038329432946695025	false	0.5
beschweren	neg 1.0		__DUMMY__ 0.9255620330456594 off 0.03933522531377988 neg 0.035102741640560695	false	0.5
scheiden	neg 1.0		__DUMMY__ 0.9295627800086199 off 0.03701405578977613 neg 0.03342316420160391	false	0.5
frustriert	neg 1.0		__DUMMY__ 0.926462784825522 neg 0.03685028224234878 off 0.036686932932129164	false	1.0
schimmelig	neg 1.0		__DUMMY__ 0.926325146158618 neg 0.038894440305773416 off 0.03478041353560847	false	1.0
fisch	neg 1.0		__DUMMY__ 0.9290560825506088 neg 0.03863486348791097 off 0.032309053961480275	false	1.0
schmuggel	neg 1.0		__DUMMY__ 0.9294178299900626 neg 0.03653210275595771 off 0.0340500672539797	false	1.0
auffallen	neg 1.0		__DUMMY__ 0.9251196211802196 off 0.03990937984164374 neg 0.03497099897813655	false	0.5
konkurrenz	neg 1.0		__DUMMY__ 0.9304622314775589 neg 0.036785603657055875 off 0.032752164865385215	false	1.0
teufelskreis	neg 1.0	neg 1.0	neg 0.5044177453482803 __DUMMY__ 0.46136681561348236 off 0.034215439038237185	false	1.0
aufschreien	neg 1.0		__DUMMY__ 0.9238089449850103 off 0.04006008083737339 neg 0.03613097417761631	false	0.5
schuldner	neg 1.0		__DUMMY__ 0.92796296370871 neg 0.03871035714790346 off 0.033326679143386585	false	1.0
missgeburt	off 1.0	off 1.0	off 0.5130965153364813 __DUMMY__ 0.45475459120249534 neg 0.03214889346102329	false	1.0
arbeitslos	neg 1.0		__DUMMY__ 0.9254528363641547 neg 0.03863310505853351 off 0.03591405857731181	false	1.0
befallen	neg 1.0		__DUMMY__ 0.9273568939606552 off 0.03650663549866717 neg 0.036136470540677555	false	0.5
miesepetrig	off 1.0	off 1.0	off 0.5079008841248068 __DUMMY__ 0.4610248946191505 neg 0.031074221256042676	false	1.0
alarmieren	neg 1.0		__DUMMY__ 0.9229770543573678 off 0.04150353909602684 neg 0.03551940654660537	false	0.5
ungeduscht	off 1.0		__DUMMY__ 0.9233770026004335 off 0.04052970955282812 neg 0.036093287846738396	false	1.0
knappheit	neg 1.0		__DUMMY__ 0.9249453185668767 neg 0.039705691069868626 off 0.035348990363254666	false	1.0
schlange	neg 1.0		__DUMMY__ 0.9297092933520004 off 0.03860351289457698 neg 0.031687193753422604	false	0.5
harsch	neg 1.0		__DUMMY__ 0.9235730902692054 off 0.04565715718856971 neg 0.03076975254222484	false	0.5
lang	neg 1.0		__DUMMY__ 0.9278031086020471 off 0.038151403106053625 neg 0.03404548829189935	false	0.5
ziellos	neg 1.0		__DUMMY__ 0.9302801676862882 off 0.03501313158617868 neg 0.03470670072753317	false	0.5
selbstverliebt	neg 1.0		__DUMMY__ 0.914081225945749 off 0.051148991798693824 neg 0.03476978225555719	false	0.5
beseitigen	neg 1.0		__DUMMY__ 0.9284556680991297 off 0.03626725903803209 neg 0.0352770728628382	false	0.5
dumm	off 1.0		__DUMMY__ 0.9188777178909343 off 0.04724019656033554 neg 0.03388208554873018	false	1.0
arbeitsloser	neg 1.0		__DUMMY__ 0.9283029581550889 off 0.035930229998603985 neg 0.03576681184630705	false	0.5
blitzen	neg 1.0		__DUMMY__ 0.9255184583706614 off 0.04014986475048501 neg 0.03433167687885351	false	0.5
hilflos	neg 1.0		__DUMMY__ 0.9268831297380766 neg 0.03688591910608971 off 0.036230951155833684	false	1.0
eklig	off 1.0		__DUMMY__ 0.9166388025872013 off 0.0477415749494187 neg 0.03561962246338004	false	1.0
begriff			__DUMMY__ 0.9263397656013799 off 0.037217458114537035 neg 0.03644277628408315	false	0.0
hungersnot	neg 1.0		__DUMMY__ 0.9295529775482907 off 0.035660955131563074 neg 0.03478606732014631	false	0.5
ungesetzlich	neg 1.0		__DUMMY__ 0.9228374256099765 off 0.038808968112380264 neg 0.038353606277643205	false	0.5
verschwendung	neg 1.0		__DUMMY__ 0.9286050700755445 neg 0.0371243464947304 off 0.03427058342972512	false	1.0
schmerzvoll	neg 1.0		__DUMMY__ 0.9262004456111987 off 0.03901822041636204 neg 0.03478133397243916	false	0.5
vorzeitig	neg 1.0		__DUMMY__ 0.9263244093373862 off 0.03977018064042161 neg 0.0339054100221921	false	0.5
unvollkommenheit	neg 1.0		__DUMMY__ 0.9323035082837591 off 0.034923184833909854 neg 0.0327733068823311	false	0.5
intervenieren	neg 1.0		__DUMMY__ 0.9279321900795431 neg 0.03774338962904777 off 0.034324420291409134	false	1.0
banause	off 1.0		__DUMMY__ 0.9138829123932205 off 0.04987299247778871 neg 0.036244095128990815	false	1.0
rebell	neg 1.0		__DUMMY__ 0.9310927842471637 neg 0.03807895830845192 off 0.030828257444384416	false	1.0
unlogisch	neg 1.0		__DUMMY__ 0.9202692681162169 off 0.04434580104840121 neg 0.03538493083538198	false	0.5
leiden	neg 1.0		__DUMMY__ 0.9313312872814511 neg 0.035840512252074595 off 0.0328282004664743	false	1.0
abschaffung	neg 1.0		__DUMMY__ 0.9266463795030905 off 0.03788793389010811 neg 0.03546568660680147	false	0.5
sturz	neg 1.0		__DUMMY__ 0.9295274813841122 off 0.03757567452672655 neg 0.03289684408916117	false	0.5
verkleinerung	neg 1.0		__DUMMY__ 0.9225196809621766 off 0.04018252987905284 neg 0.037297789158770626	false	0.5
schmarotzer	off 1.0		__DUMMY__ 0.9242935899848718 neg 0.03910825015443021 off 0.036598159860698	false	0.5
bestrafung	neg 1.0		__DUMMY__ 0.9265429277824302 off 0.03858394599605681 neg 0.034873126221512965	false	0.5
achtlos	neg 1.0	neg 1.0	neg 0.5018349623515677 __DUMMY__ 0.46447319924897196 off 0.0336918383994603	false	1.0
ungeheuer	neg 1.0		__DUMMY__ 0.9275235407677634 off 0.03938528767500254 neg 0.03309117155723393	false	0.5
