unsolidarisch	neg 1.0		off 0.48745175504296 neg 0.4712631600759819 __DUMMY__ 0.04128508488105823	false	0.5
nachteilig	neg 1.0		off 0.48521906272981963 neg 0.4731211289900721 __DUMMY__ 0.041659808280108186	false	0.5
skeptisch	neg 1.0		off 0.485063988444395 neg 0.47320791818548297 __DUMMY__ 0.041728093370121906	false	0.5
schrecklich	neg 1.0		off 0.49994391818822775 neg 0.45893583256721043 __DUMMY__ 0.041120249244561834	false	0.5
schlapp	neg 1.0		off 0.4965715795283012 neg 0.4620801952668983 __DUMMY__ 0.04134822520480055	false	0.5
abfall	neg 1.0		off 0.48262878714142665 neg 0.47538403274104396 __DUMMY__ 0.041987180117529464	false	0.5
widerspenstig	neg 1.0		off 0.49109714623773276 neg 0.4673369838622129 __DUMMY__ 0.04156586990005428	false	0.5
abrupt	neg 1.0		off 0.4886543411185826 neg 0.46939677547965186 __DUMMY__ 0.041948883401765495	false	0.5
unwirksam	neg 1.0		off 0.4873098214116632 neg 0.4714435262857689 __DUMMY__ 0.04124665230256799	false	0.5
angreifen	neg 1.0		off 0.4846071200136879 neg 0.47369960927773797 __DUMMY__ 0.04169327070857415	false	0.5
inkonsistent	neg 1.0		off 0.49001461504104904 neg 0.4686384922242741 __DUMMY__ 0.04134689273467669	false	0.5
abrutschen	neg 1.0		off 0.48233129554181725 neg 0.47578213728729407 __DUMMY__ 0.041886567170888685	false	0.5
unsicher	neg 1.0		off 0.49120304854768987 neg 0.46715548619345126 __DUMMY__ 0.04164146525885899	false	0.5
bauernkind	off 1.0	off 1.0	off 0.7334354622086574 neg 0.24729950960275685 __DUMMY__ 0.01926502818858578	false	1.0
angreifer	neg 1.0	neg 1.0	neg 0.7169372893956639 off 0.2631490331079693 __DUMMY__ 0.019913677496366806	false	1.0
trennen	neg 1.0		off 0.48703561720252103 neg 0.47099911773560965 __DUMMY__ 0.04196526506186921	false	0.5
schmutz	neg 1.0		off 0.49541912687715456 neg 0.46278108232439696 __DUMMY__ 0.04179979079844855	false	0.5
inkonsistenz	neg 1.0		off 0.49203506235392364 neg 0.46704062079621445 __DUMMY__ 0.040924316849861885	false	0.5
erschreckend	neg 1.0		off 0.4887160678131289 neg 0.46979174609827024 __DUMMY__ 0.0414921860886008	false	0.5
ertrinken	neg 1.0		off 0.4863828931281856 neg 0.47182210725417756 __DUMMY__ 0.04179499961763686	false	0.5
pickelface	off 1.0		off 0.4902860374680779 neg 0.46804984920689957 __DUMMY__ 0.04166411332502257	false	1.0
seiner			off 0.48600327363658546 neg 0.4722224121128456 __DUMMY__ 0.041774314250568906	false	0.0
lauch	neg 1.0		off 0.4844774848661615 neg 0.47350492287485607 __DUMMY__ 0.04201759225898257	false	0.5
unwichtig	neg 1.0		off 0.4938989600924724 neg 0.46493266900314695 __DUMMY__ 0.04116837090438068	false	0.5
steuerhinterziehung	neg 1.0	neg 1.0	neg 0.7209009620769603 off 0.2592438812560585 __DUMMY__ 0.01985515666698118	false	1.0
schock	neg 1.0		off 0.4908501285875229 neg 0.46743773978444975 __DUMMY__ 0.04171213162802726	false	0.5
beule	neg 1.0		off 0.49675911592504224 neg 0.4620206667700773 __DUMMY__ 0.04122021730488055	false	0.5
vergelten	neg 1.0		off 0.5007479332870614 neg 0.4578724338006846 __DUMMY__ 0.04137963291225394	false	0.5
verdorbenheit	neg 1.0		off 0.4940060041377165 neg 0.46419673376937143 __DUMMY__ 0.04179726209291203	false	0.5
trauma	neg 1.0		off 0.4916970551221982 neg 0.466766510599992 __DUMMY__ 0.0415364342778097	false	0.5
sinnlos	neg 1.0		off 0.4927613122453894 neg 0.4657840137447548 __DUMMY__ 0.04145467400985567	false	0.5
fettsack	off 1.0	off 1.0	off 0.7351952911096425 neg 0.2454438979118608 __DUMMY__ 0.019360810978496592	false	1.0
feige	off 1.0	off 1.0	off 0.7326666941967246 neg 0.24776420456543166 __DUMMY__ 0.01956910123784384	false	1.0
abdanken	neg 1.0		off 0.49019329827383545 neg 0.4681775928589304 __DUMMY__ 0.04162910886723421	false	0.5
wichtigtuer	off 1.0	off 1.0	off 0.7316715622626372 neg 0.24866054109011662 __DUMMY__ 0.019667896647246233	false	1.0
misslingen	neg 1.0		off 0.495225028167619 neg 0.4628254511946592 __DUMMY__ 0.04194952063772181	false	0.5
untreu	off 1.0		off 0.49558324953195365 neg 0.4631616704364835 __DUMMY__ 0.041255080031562995	false	1.0
missmutig	neg 1.0		off 0.4957986547780316 neg 0.46282316306859433 __DUMMY__ 0.041378182153374014	false	0.5
hurenbock	off 1.0		off 0.4941442573918674 neg 0.46423912075941964 __DUMMY__ 0.0416166218487129	false	1.0
betrunken	neg 1.0		off 0.49819013441487325 neg 0.46054510041625646 __DUMMY__ 0.04126476516887025	false	0.5
korrupt	off 1.0		off 0.48502300540141835 neg 0.47360692359632023 __DUMMY__ 0.04137007100226156	false	1.0
unmut	neg 1.0		off 0.4828912622879559 neg 0.47517515771975266 __DUMMY__ 0.04193357999229138	false	0.5
hackfresse	off 1.0		off 0.5022084314413005 neg 0.45697259711195837 __DUMMY__ 0.040818971446741216	false	1.0
aufblasen	neg 1.0		off 0.4933702254726435 neg 0.46506862535770455 __DUMMY__ 0.04156114916965202	false	0.5
gewaltsam	neg 1.0		off 0.4901000446424509 neg 0.46817635642004357 __DUMMY__ 0.04172359893750564	false	0.5
unbeliebtheit	neg 1.0		off 0.49264122234863783 neg 0.46619688525379743 __DUMMY__ 0.041161892397564695	false	0.5
sturheit	neg 1.0		off 0.4880312315158615 neg 0.4704554008235289 __DUMMY__ 0.04151336766060965	false	0.5
kuh	neg 1.0		off 0.4895923007680091 neg 0.4693458105300549 __DUMMY__ 0.04106188870193607	false	0.5
erschrecken	neg 1.0		off 0.4960926093685434 neg 0.46245032375003176 __DUMMY__ 0.04145706688142494	false	0.5
opfer	neg 1.0		off 0.4869680121435548 neg 0.4713165199347764 __DUMMY__ 0.041715467921668775	false	0.5
sinken	neg 1.0		off 0.4842430509766884 neg 0.47378994527828816 __DUMMY__ 0.04196700374502344	false	0.5
stinktier	neg 1.0		off 0.49596857567341485 neg 0.4634299472989883 __DUMMY__ 0.04060147702759695	false	0.5
tucke	off 1.0		off 0.5018130851020427 neg 0.4575831292756598 __DUMMY__ 0.04060378562229747	false	1.0
ein			off 0.49233503089590885 neg 0.46610404320605675 __DUMMY__ 0.0415609258980344	false	0.0
abstieg	neg 1.0		off 0.48683158531068055 neg 0.47132424996472166 __DUMMY__ 0.04184416472459763	false	0.5
missverstehen	neg 1.0		off 0.4912564638460261 neg 0.4675566582284115 __DUMMY__ 0.04118687792556241	false	0.5
ergebnislos	neg 1.0		off 0.4864462183295947 neg 0.47169785805583 __DUMMY__ 0.04185592361457533	false	0.5
unter			off 0.4803851769243416 neg 0.4772470207363197 __DUMMY__ 0.04236780233933882	false	0.0
manipulieren	neg 1.0		off 0.4850297350410458 neg 0.47318559543505345 __DUMMY__ 0.04178466952390077	false	0.5
unbewiesen	neg 1.0		off 0.4865253369285144 neg 0.4722771405506935 __DUMMY__ 0.041197522520792174	false	0.5
verschleppen	neg 1.0		off 0.4866075908716306 neg 0.4717608105343896 __DUMMY__ 0.04163159859397988	false	0.5
weib	off 1.0		off 0.5002319728640524 neg 0.45925473081530166 __DUMMY__ 0.040513296320646	false	1.0
opposition	neg 1.0		off 0.4910269871245086 neg 0.4676079763250423 __DUMMY__ 0.041365036550449166	false	0.5
verkehrswidrig	neg 1.0		off 0.5030874388736574 neg 0.45546847348105907 __DUMMY__ 0.04144408764528338	false	0.5
inkorrekt	neg 1.0		off 0.4965893009219692 neg 0.4625063950282797 __DUMMY__ 0.04090430404975109	false	0.5
vermeiden	neg 1.0	neg 1.0	neg 0.7231783642525457 off 0.25669722989132954 __DUMMY__ 0.020124405856124784	false	1.0
abweichung	neg 1.0		off 0.4863438063475372 neg 0.471997385503695 __DUMMY__ 0.041658808148767684	false	0.5
alkoholisiert	neg 1.0		off 0.4872565161561686 neg 0.47089365348766615 __DUMMY__ 0.041849830356165255	false	0.5
scheiss	off 1.0	off 1.0	off 0.7337659612879924 neg 0.24660974919321008 __DUMMY__ 0.01962428951879743	false	1.0
herausforderung	neg 1.0		off 0.4854570630934791 neg 0.47277617249487874 __DUMMY__ 0.041766764411642184	false	0.5
pervers	off 1.0		off 0.5050049904388478 neg 0.45439631098823463 __DUMMY__ 0.04059869857291764	false	1.0
wackelig	neg 1.0		off 0.4913670991366582 neg 0.46671343370039564 __DUMMY__ 0.041919467162946096	false	0.5
verwickeln	neg 1.0		off 0.4907328127510956 neg 0.4680514927623586 __DUMMY__ 0.041215694486545794	false	0.5
vorwand	neg 1.0		off 0.48415987585869547 neg 0.47412472343343187 __DUMMY__ 0.041715400707872816	false	0.5
muschi	off 1.0		off 0.49042844501043 neg 0.467911592702937 __DUMMY__ 0.04165996228663314	false	1.0
entmutigung	neg 1.0		off 0.4914530554308188 neg 0.46706828703151004 __DUMMY__ 0.0414786575376711	false	0.5
unangemessen	neg 1.0		off 0.4864852917948797 neg 0.4721218495270775 __DUMMY__ 0.04139285867804297	false	0.5
unstetig	neg 1.0		off 0.4938920539161017 neg 0.46463087631798095 __DUMMY__ 0.041477069765917404	false	0.5
entmutigen	neg 1.0		off 0.491211895444796 neg 0.4673035047095151 __DUMMY__ 0.04148459984568895	false	0.5
schwanz	neg 1.0		off 0.4879250843528818 neg 0.47031374621383926 __DUMMY__ 0.04176116943327894	false	0.5
verbot	neg 1.0		off 0.48689169217002515 neg 0.47149583841163933 __DUMMY__ 0.041612469418335386	false	0.5
leid	neg 1.0		off 0.5000849591735028 neg 0.45902104485599626 __DUMMY__ 0.040893995970500883	false	0.5
archaisch	neg 1.0		off 0.4886169787335646 neg 0.46982105756777076 __DUMMY__ 0.04156196369866463	false	0.5
gegen			off 0.4842678623705817 neg 0.4737613625255126 __DUMMY__ 0.041970775103905726	false	0.0
scheidung	neg 1.0		off 0.5132023999260549 neg 0.4459771822389452 __DUMMY__ 0.04082041783499984	false	0.5
einschlag	neg 1.0		off 0.49859421264637804 neg 0.4602385058538239 __DUMMY__ 0.041167281499798	false	0.5
m			off 0.4893126788807618 neg 0.4689152444513552 __DUMMY__ 0.04177207666788312	false	0.0
abgestanden	neg 1.0		off 0.49045454773335717 neg 0.46813342923631907 __DUMMY__ 0.04141202303032375	false	0.5
schmierig	off 1.0		off 0.5006272151724269 neg 0.4583161841283585 __DUMMY__ 0.04105660069921473	false	1.0
unpraktisch	neg 1.0		off 0.49285043909312815 neg 0.46560984117912696 __DUMMY__ 0.041539719727744874	false	0.5
wixxer	off 1.0		off 0.5037532996287118 neg 0.4558017139989625 __DUMMY__ 0.040444986372325686	false	1.0
bezeichnet			off 0.4885877423856201 neg 0.4700597840175885 __DUMMY__ 0.041352473596791416	false	0.0
jammerlappen	off 1.0		off 0.49610629335267586 neg 0.4625133201754908 __DUMMY__ 0.0413803864718335	false	1.0
farce	neg 1.0		off 0.48798212135420344 neg 0.47045055571582584 __DUMMY__ 0.04156732292997069	false	0.5
zwecklos	neg 1.0		off 0.48710957660134707 neg 0.47138741385433947 __DUMMY__ 0.041503009544313484	false	0.5
turbulent	neg 1.0		off 0.4957950261542393 neg 0.46309179582425414 __DUMMY__ 0.04111317802150667	false	0.5
invasion	neg 1.0		off 0.4924059194135666 neg 0.46615166179199113 __DUMMY__ 0.04144241879444234	false	0.5
schuld	neg 1.0		off 0.490402272792218 neg 0.46821776813453536 __DUMMY__ 0.0413799590732467	false	0.5
risiko	neg 1.0	neg 1.0	neg 0.7176806602291629 off 0.2624211180937115 __DUMMY__ 0.019898221677125585	false	1.0
finster	neg 1.0		off 0.49067550217619316 neg 0.4679844674082286 __DUMMY__ 0.04134003041557839	false	0.5
geisteskrank	off 1.0		off 0.4942826146851979 neg 0.4647805746072412 __DUMMY__ 0.04093681070756095	false	1.0
zusammenbrechen	neg 1.0		off 0.48857476430249536 neg 0.4697945954694078 __DUMMY__ 0.04163064022809677	false	0.5
ausbeute	neg 1.0		off 0.49243996549302727 neg 0.46532461028227706 __DUMMY__ 0.04223542422469552	false	0.5
hinterhalt	neg 1.0		off 0.49399658466712787 neg 0.46387553414576754 __DUMMY__ 0.042127881187104595	false	0.5
kritik	neg 1.0		off 0.48738953846421357 neg 0.4710714030141178 __DUMMY__ 0.04153905852166863	false	0.5
einschrumpfen	neg 1.0		off 0.4933039809515358 neg 0.4654609542178087 __DUMMY__ 0.04123506483065541	false	0.5
riskant	neg 1.0		off 0.48469818948467747 neg 0.47369214678890664 __DUMMY__ 0.04160966372641584	false	0.5
frustrieren	neg 1.0		off 0.48613392127468363 neg 0.4722435579187383 __DUMMY__ 0.041622520806577946	false	0.5
groll	neg 1.0		off 0.4865516734916769 neg 0.47193337191477347 __DUMMY__ 0.041514954593549654	false	0.5
gibt			off 0.4889076428331513 neg 0.4694357602345993 __DUMMY__ 0.04165659693224951	false	0.0
qualvoll	neg 1.0		off 0.4942493381510464 neg 0.46429361323980806 __DUMMY__ 0.04145704860914541	false	0.5
wackeln	neg 1.0		off 0.493436141441634 neg 0.464852876436201 __DUMMY__ 0.04171098212216503	false	0.5
klagen	neg 1.0		off 0.48292068599761123 neg 0.47525324985194317 __DUMMY__ 0.0418260641504457	false	0.5
bankrott	neg 1.0		off 0.496168058246293 neg 0.4623612795457862 __DUMMY__ 0.041470662207920776	false	0.5
trauern	neg 1.0		off 0.48835853883422486 neg 0.46973044370173245 __DUMMY__ 0.04191101746404276	false	0.5
ablehnung	neg 1.0		off 0.48690812710187237 neg 0.47155737584314106 __DUMMY__ 0.04153449705498647	false	0.5
stur	neg 1.0		off 0.49085295880025215 neg 0.4677507145372804 __DUMMY__ 0.04139632666246725	false	0.5
aufruhr	neg 1.0		off 0.48990113804890806 neg 0.468446164588027 __DUMMY__ 0.04165269736306495	false	0.5
melancholie	neg 1.0		off 0.4886453183771938 neg 0.46956246402246 __DUMMY__ 0.041792217600346175	false	0.5
ist			off 0.492692557621029 neg 0.4658275998816989 __DUMMY__ 0.0414798424972722	false	0.0
torheit	neg 1.0		off 0.4905119258316443 neg 0.46797931520138075 __DUMMY__ 0.041508758966974826	false	0.5
dreckskind	off 1.0		off 0.49939838607058074 neg 0.4599175156172184 __DUMMY__ 0.04068409831220078	false	1.0
umtauschen	neg 1.0		off 0.49101364048190566 neg 0.467365068826496 __DUMMY__ 0.04162129069159826	false	0.5
zum			off 0.48543721925190664 neg 0.47217042719363855 __DUMMY__ 0.042392353554454774	false	0.0
zersetzen	neg 1.0		off 0.4836450102879019 neg 0.47473396294601883 __DUMMY__ 0.041621026766079296	false	0.5
zur			off 0.4827177582659285 neg 0.47505686563114763 __DUMMY__ 0.04222537610292393	false	0.0
frust	neg 1.0		off 0.48896278346696104 neg 0.46936378130990686 __DUMMY__ 0.04167343522313228	false	0.5
unerbittlichkeit	neg 1.0		off 0.484685851411001 neg 0.4735864867247526 __DUMMY__ 0.04172766186424636	false	0.5
zwei			off 0.48596085469837597 neg 0.47175565407165543 __DUMMY__ 0.042283491229968675	false	0.0
unkorrekt	neg 1.0		off 0.4976597263604019 neg 0.46128371208541236 __DUMMY__ 0.04105656155418564	false	0.5
hexe	off 1.0		off 0.4936908302435698 neg 0.46524105076241984 __DUMMY__ 0.04106811899401046	false	1.0
lasch	neg 1.0		off 0.49257745300290934 neg 0.4662457240581485 __DUMMY__ 0.041176822938942245	false	0.5
rivale	neg 1.0		off 0.4974406850210194 neg 0.46140278068633556 __DUMMY__ 0.04115653429264501	false	0.5
mutlos	off 1.0	off 1.0	off 0.727887713868903 neg 0.2522752974858861 __DUMMY__ 0.019836988645210912	false	1.0
wirr	off 1.0		off 0.49741378750642595 neg 0.46167898383603234 __DUMMY__ 0.04090722865754177	false	1.0
jahr			off 0.4900691123992058 neg 0.4676020011689018 __DUMMY__ 0.042328886431892414	false	0.0
wird			off 0.487455824581428 neg 0.4708749660122696 __DUMMY__ 0.041669209406302386	false	0.0
strafbar	neg 1.0		off 0.48512939722498727 neg 0.47327937051066277 __DUMMY__ 0.04159123226434997	false	0.5
erosion	neg 1.0		off 0.4921304590706593 neg 0.4661656858850469 __DUMMY__ 0.04170385504429381	false	0.5
eingehen	neg 1.0		off 0.48545170982732794 neg 0.47295862892332013 __DUMMY__ 0.04158966124935206	false	0.5
faul	off 1.0		off 0.49608232076025693 neg 0.4624622865958976 __DUMMY__ 0.0414553926438455	false	1.0
provisorium	neg 1.0		off 0.48199659989818394 neg 0.47556144460553895 __DUMMY__ 0.04244195549627699	false	0.5
schmerzen	neg 1.0		off 0.4885685602609618 neg 0.46995081894327995 __DUMMY__ 0.04148062079575841	false	0.5
schrumpfen	neg 1.0		off 0.48009561518540544 neg 0.47799041715397456 __DUMMY__ 0.04191396766062001	false	0.5
geistlos	off 1.0		off 0.48998948704779716 neg 0.4689137601693951 __DUMMY__ 0.04109675278280767	false	1.0
fehlkauf	neg 1.0		off 0.4931934510478512 neg 0.4652625916912744 __DUMMY__ 0.04154395726087451	false	0.5
frustrierend	neg 1.0		off 0.49421683904425134 neg 0.46444473780598333 __DUMMY__ 0.04133842314976534	false	0.5
unzufrieden	neg 1.0		off 0.4866307552035853 neg 0.47186657788517916 __DUMMY__ 0.04150266691123544	false	0.5
verzweifeln	neg 1.0		off 0.48926915795877324 neg 0.4691595491333174 __DUMMY__ 0.04157129290790934	false	0.5
verzweifelt	neg 1.0	neg 1.0	neg 0.7195562024585483 off 0.2607433049551811 __DUMMY__ 0.019700492586270643	false	1.0
misstrauensantrag	neg 1.0		off 0.4927549124097424 neg 0.4658002000180612 __DUMMY__ 0.04144488757219638	false	0.5
abfallen	neg 1.0		off 0.493186444117507 neg 0.4651418541948205 __DUMMY__ 0.04167170168767252	false	0.5
fucker	off 1.0		off 0.499127010140383 neg 0.45960884127180573 __DUMMY__ 0.04126414858781137	false	1.0
ungezogen	neg 1.0		off 0.5045480930365928 neg 0.45476875551651913 __DUMMY__ 0.04068315144688817	false	0.5
irrsinnig	neg 1.0	neg 1.0	neg 0.7192677674679502 off 0.26100275736770817 __DUMMY__ 0.01972947516434167	false	1.0
unfassbar	neg 1.0		off 0.49721352587207035 neg 0.46147009087586005 __DUMMY__ 0.041316383252069544	false	0.5
hart	neg 1.0		off 0.49607849355460293 neg 0.46267074603907277 __DUMMY__ 0.04125076040632423	false	0.5
widerlich	off 1.0		off 0.49559471136773336 neg 0.46334181323254203 __DUMMY__ 0.0410634753997245	false	1.0
fatal	neg 1.0		off 0.4930481243184866 neg 0.4654877673841036 __DUMMY__ 0.04146410829740977	false	0.5
bruch	neg 1.0		off 0.484238877606719 neg 0.4738587549811065 __DUMMY__ 0.041902367412174485	false	0.5
aushungern	neg 1.0		off 0.4885667549482853 neg 0.46977577824888617 __DUMMY__ 0.04165746680282856	false	0.5
anspannung	neg 1.0		off 0.4846068425071437 neg 0.47308818905503197 __DUMMY__ 0.042304968437824414	false	0.5
von			off 0.491133256829137 neg 0.46643187780235923 __DUMMY__ 0.04243486536850378	false	0.0
kraftlos	neg 1.0		off 0.48906509321471786 neg 0.4691887690177117 __DUMMY__ 0.04174613776757034	false	0.5
vom			off 0.4839847786226847 neg 0.47345186926363747 __DUMMY__ 0.042563352113677975	false	0.0
grenzdebil	off 1.0		off 0.4977089774693495 neg 0.4609781825856254 __DUMMY__ 0.04131283994502521	false	1.0
vor			off 0.48609069539853106 neg 0.4719122360429983 __DUMMY__ 0.041997068558470664	false	0.0
unterwerfen	neg 1.0		off 0.4865087923267791 neg 0.4718147046026723 __DUMMY__ 0.04167650307054872	false	0.5
versenkung	neg 1.0		off 0.4881930940725539 neg 0.46997085148252504 __DUMMY__ 0.04183605444492118	false	0.5
entziehen	neg 1.0		off 0.48354029253014724 neg 0.4746429480065399 __DUMMY__ 0.04181675946331282	false	0.5
finanzkrise	neg 1.0		off 0.4881633254419713 neg 0.4703608596580914 __DUMMY__ 0.041475814899937236	false	0.5
schimpfend	neg 1.0		off 0.4927857812959763 neg 0.4657551233129779 __DUMMY__ 0.04145909539104587	false	0.5
profan	neg 1.0		off 0.49264641871189274 neg 0.4660021352660679 __DUMMY__ 0.041351446022039454	false	0.5
korruption	neg 1.0		off 0.4867517718340127 neg 0.47161915542797805 __DUMMY__ 0.04162907273800938	false	0.5
â			off 0.4892355590304301 neg 0.46892459325320895 __DUMMY__ 0.041839847716360894	false	0.0
schmutzig	neg 1.0		off 0.49872217849252043 neg 0.45992789113750576 __DUMMY__ 0.04134993036997379	false	0.5
sexy	neg 1.0		off 0.4952330795848289 neg 0.4632832865369845 __DUMMY__ 0.04148363387818654	false	0.5
abraten	neg 1.0		off 0.4927831246488466 neg 0.46575312005324176 __DUMMY__ 0.041463755297911575	false	0.5
schwarz	neg 1.0		off 0.4922028487205537 neg 0.4663178615914174 __DUMMY__ 0.04147928968802893	false	0.5
fotze	off 1.0	off 1.0	off 0.730413406011623 neg 0.2496458797296047 __DUMMY__ 0.019940714258772353	false	1.0
verwirren	neg 1.0		off 0.49349341137002706 neg 0.46512950024464794 __DUMMY__ 0.04137708838532483	false	0.5
zahnlos	off 1.0		off 0.4881317496354089 neg 0.4703302062055964 __DUMMY__ 0.0415380441589948	false	1.0
verheeren	neg 1.0		off 0.506924117121077 neg 0.4523211975090585 __DUMMY__ 0.04075468536986467	false	0.5
hippie	neg 1.0		off 0.49471674827344464 neg 0.46379704726942383 __DUMMY__ 0.04148620445713165	false	0.5
rammen	neg 1.0		off 0.4911780258170589 neg 0.4674600100928826 __DUMMY__ 0.04136196409005855	false	0.5
unlauter	neg 1.0		off 0.4894800608346291 neg 0.469224984911733 __DUMMY__ 0.04129495425363785	false	0.5
unheilvoll	neg 1.0		off 0.4932843216983289 neg 0.46518430141731515 __DUMMY__ 0.041531376884355854	false	0.5
niedrig	neg 1.0		off 0.4840526717535812 neg 0.4743781866948582 __DUMMY__ 0.041569141551560544	false	0.5
explosion	neg 1.0		off 0.4935523679827766 neg 0.465012048703357 __DUMMY__ 0.04143558331386645	false	0.5
weichei	off 1.0	off 1.0	off 0.7362996208871647 neg 0.2442483736521072 __DUMMY__ 0.019452005460728165	false	1.0
minusmensch	off 1.0		off 0.5016712996697409 neg 0.45773727883937043 __DUMMY__ 0.040591421490888756	false	1.0
farblos	neg 1.0		off 0.4910886731237418 neg 0.4672774635245124 __DUMMY__ 0.04163386335174576	false	0.5
unwissend	neg 1.0	neg 1.0	neg 0.7173402771017647 off 0.2630376741136186 __DUMMY__ 0.019622048784616732	false	1.0
traurig	neg 1.0		off 0.49955122193948076 neg 0.45925662669058126 __DUMMY__ 0.04119215136993796	false	0.5
senkung	neg 1.0		off 0.49165269475700085 neg 0.4670971871546197 __DUMMY__ 0.04125011808837948	false	0.5
ungleich	neg 1.0	neg 1.0	neg 0.7225611845035071 off 0.2575878274933608 __DUMMY__ 0.019850988003132067	false	1.0
heikel	neg 1.0		off 0.4846435423950585 neg 0.4737495504467892 __DUMMY__ 0.04160690715815236	false	0.5
drosselung	neg 1.0		off 0.49685927463253377 neg 0.4619019237011081 __DUMMY__ 0.0412388016663582	false	0.5
falsch	neg 1.0		off 0.4938531409452407 neg 0.46487862607863506 __DUMMY__ 0.041268232976124114	false	0.5
unzufriedenheit	neg 1.0		off 0.48406704130798184 neg 0.47416651849302965 __DUMMY__ 0.04176644019898845	false	0.5
kurz	neg 1.0		off 0.49142490900150515 neg 0.4667266753552284 __DUMMY__ 0.04184841564326643	false	0.5
unsinnig	neg 1.0		off 0.4873413439411516 neg 0.47123148199549436 __DUMMY__ 0.04142717406335404	false	0.5
penner	off 1.0	off 1.0	off 0.7373219997372626 neg 0.24323747202162685 __DUMMY__ 0.019440528241110522	false	1.0
seicht	neg 1.0		off 0.5024460431163936 neg 0.45699128431401587 __DUMMY__ 0.040562672569590674	false	0.5
dummheit	off 1.0	off 1.0	off 0.7317556584774063 neg 0.24859306934723172 __DUMMY__ 0.01965127217536197	false	1.0
unerfreulich	neg 1.0		off 0.48500585644167027 neg 0.4732365337207796 __DUMMY__ 0.04175760983755012	false	0.5
motherfucker	off 1.0	off 1.0	off 0.7349772804086986 neg 0.2453703295170179 __DUMMY__ 0.019652390074283543	false	1.0
pikiert	neg 1.0		off 0.49541656228346503 neg 0.46342762849698677 __DUMMY__ 0.04115580921954821	false	0.5
wrack	neg 1.0		off 0.489907297952988 neg 0.4682965520819097 __DUMMY__ 0.041796149965102405	false	0.5
gangster	neg 1.0		off 0.4947147814399458 neg 0.46380941327528974 __DUMMY__ 0.041475805284764446	false	0.5
krank	neg 1.0		off 0.4979757935806195 neg 0.46069218178855903 __DUMMY__ 0.04133202463082147	false	0.5
reich	neg 1.0		off 0.4975377823309263 neg 0.4610056053196626 __DUMMY__ 0.041456612349410914	false	0.5
gnadenlos	neg 1.0		off 0.49112736797823026 neg 0.4674322168050229 __DUMMY__ 0.04144041521674686	false	0.5
niedergeschlagen	neg 1.0		off 0.48979301698235683 neg 0.4685297817207736 __DUMMY__ 0.04167720129686953	false	0.5
terrorisieren	off 1.0	off 1.0	off 0.72891209040233 neg 0.25116672999338246 __DUMMY__ 0.019921179604287576	false	1.0
sinnlosigkeit	neg 1.0		off 0.4878277079475738 neg 0.47059700701178486 __DUMMY__ 0.041575285040641334	false	0.5
behindern	neg 1.0		off 0.49036882094824 neg 0.4679937645207895 __DUMMY__ 0.041637414530970474	false	0.5
undemokratisch	neg 1.0		off 0.49070580643435446 neg 0.4678512507930152 __DUMMY__ 0.04144294277263026	false	0.5
wirtschaftskrise	neg 1.0		off 0.4862635508737719 neg 0.4721354941783381 __DUMMY__ 0.04160095494788995	false	0.5
neid	neg 1.0		off 0.49569117202740887 neg 0.46284525768058726 __DUMMY__ 0.0414635702920038	false	0.5
rutschen	neg 1.0		off 0.48621075501879835 neg 0.47146442005823824 __DUMMY__ 0.042324824922963335	false	0.5
rezession	neg 1.0		off 0.495149479594712 neg 0.4641397143504576 __DUMMY__ 0.0407108060548304	false	0.5
fehlgeburt	neg 1.0		off 0.49339020070897976 neg 0.465054759957529 __DUMMY__ 0.0415550393334913	false	0.5
charakterschwach	off 1.0		off 0.49536631290291994 neg 0.4635612852443702 __DUMMY__ 0.041072401852709946	false	1.0
isolation	neg 1.0		off 0.49464819211001193 neg 0.46393901581356 __DUMMY__ 0.04141279207642809	false	0.5
ablenkung	neg 1.0		off 0.4916171125875 neg 0.46674193725847923 __DUMMY__ 0.04164095015402069	false	0.5
pech	neg 1.0		off 0.4943987807774608 neg 0.46424983120492463 __DUMMY__ 0.04135138801761455	false	0.5
vermeidung	neg 1.0		off 0.49757725127353886 neg 0.4611283913050932 __DUMMY__ 0.04129435742136788	false	0.5
dominieren	neg 1.0		off 0.48755708721664337 neg 0.4706426115468364 __DUMMY__ 0.041800301236520176	false	0.5
schwindlig	neg 1.0		off 0.4943278862948068 neg 0.4641008963302842 __DUMMY__ 0.04157121737490902	false	0.5
lutscher	neg 1.0		off 0.5037082316218044 neg 0.45567857223841934 __DUMMY__ 0.04061319613977621	false	0.5
pflicht	neg 1.0		off 0.48394409195562166 neg 0.4743486122124248 __DUMMY__ 0.04170729583195348	false	0.5
faschist	off 1.0		off 0.49374600324561374 neg 0.4648694085804918 __DUMMY__ 0.0413845881738945	false	1.0
verschleudern	neg 1.0		off 0.48459688113391586 neg 0.47378832239277974 __DUMMY__ 0.041614796473304475	false	0.5
wenn			off 0.4946445007523443 neg 0.46402933921846573 __DUMMY__ 0.04132616002919012	false	0.0
ehebruch	neg 1.0		off 0.4870000710213887 neg 0.4713374477452907 __DUMMY__ 0.041662481233320454	false	0.5
spott	off 1.0		off 0.4860285530706315 neg 0.47233545424170187 __DUMMY__ 0.041635992687666594	false	1.0
trostlosigkeit	neg 1.0		off 0.48569978070903125 neg 0.4723501395738927 __DUMMY__ 0.04195007971707593	false	0.5
lutschen	neg 1.0		off 0.49362654238365544 neg 0.4650787374139274 __DUMMY__ 0.04129472020241732	false	0.5
undiszipliniert	neg 1.0		off 0.4979290654244465 neg 0.46096588413019124 __DUMMY__ 0.041105050445362286	false	0.5
kopfschmerz	neg 1.0		off 0.48777790093251777 neg 0.47068018237670267 __DUMMY__ 0.04154191669077954	false	0.5
unvorhergesehen	neg 1.0		off 0.4890429163029172 neg 0.4688962286601377 __DUMMY__ 0.042060855036945115	false	0.5
desinteressiert	neg 1.0	neg 1.0	neg 0.7158477443227677 off 0.26456053403115176 __DUMMY__ 0.019591721646080553	false	1.0
armselig	off 1.0		off 0.49705979511702614 neg 0.46200947190100733 __DUMMY__ 0.04093073298196647	false	1.0
desaster	neg 1.0		off 0.4830724078016805 neg 0.4750512351900903 __DUMMY__ 0.04187635700822918	false	0.5
tod	neg 1.0		off 0.49052270956872424 neg 0.46752322312922345 __DUMMY__ 0.041954067302052346	false	0.5
herzlos	neg 1.0		off 0.498333484445051 neg 0.4606055420504789 __DUMMY__ 0.041060973504470105	false	0.5
unwissenheit	neg 1.0		off 0.4870900278761979 neg 0.47135844727161924 __DUMMY__ 0.041551524852182865	false	0.5
widersinnig	neg 1.0		off 0.48493662808802657 neg 0.473733283015469 __DUMMY__ 0.04133008889650447	false	0.5
bedenklich	neg 1.0		off 0.48578031540336525 neg 0.47266702342148276 __DUMMY__ 0.04155266117515204	false	0.5
beanstanden	neg 1.0		off 0.4838917383979697 neg 0.47435647258909314 __DUMMY__ 0.04175178901293714	false	0.5
panisch	neg 1.0	neg 1.0	neg 0.7164516082803236 off 0.2636499880809071 __DUMMY__ 0.01989840363876923	false	1.0
debil	off 1.0		off 0.4817065786807283 neg 0.47600511866473616 __DUMMY__ 0.04228830265453551	false	1.0
abstrich	neg 1.0		off 0.4943283599485075 neg 0.46364563025687744 __DUMMY__ 0.04202600979461503	false	0.5
primitiv	neg 1.0		off 0.4954821472648434 neg 0.4634915527586349 __DUMMY__ 0.041026299976521685	false	0.5
abschaum	off 1.0	off 1.0	off 0.7333238476589014 neg 0.2470458551414055 __DUMMY__ 0.019630297199693027	false	1.0
provozieren	neg 1.0		off 0.4896013600453886 neg 0.4690833193055553 __DUMMY__ 0.04131532064905593	false	0.5
tot	neg 1.0		off 0.4878053469731461 neg 0.4705673267801754 __DUMMY__ 0.04162732624667859	false	0.5
instabil	neg 1.0		off 0.4981150740918418 neg 0.4607858613324201 __DUMMY__ 0.04109906457573819	false	0.5
schwuchtel	off 1.0	off 1.0	off 0.7396290994243973 neg 0.2411479659560698 __DUMMY__ 0.019222934619533016	false	1.0
zerren	neg 1.0		off 0.48921925986946363 neg 0.4690799420247747 __DUMMY__ 0.041700798105761765	false	0.5
kinderficker	off 1.0		off 0.501254356921106 neg 0.4577751639459104 __DUMMY__ 0.04097047913298362	false	1.0
gefahr	neg 1.0		off 0.4851786839127083 neg 0.4729234941252119 __DUMMY__ 0.04189782196207984	false	0.5
rabiat	neg 1.0		off 0.4908796332795627 neg 0.4675593331958869 __DUMMY__ 0.04156103352455042	false	0.5
verlangsamung	neg 1.0		off 0.49956483590475254 neg 0.45986093308914455 __DUMMY__ 0.040574231006102836	false	0.5
ausgestorben	neg 1.0		off 0.49120206145112366 neg 0.4671579481826632 __DUMMY__ 0.04163999036621325	false	0.5
anklagen	neg 1.0		off 0.48778243136743366 neg 0.47052315547019147 __DUMMY__ 0.04169441316237489	false	0.5
trott	neg 1.0		off 0.49077593241871303 neg 0.46759287874412137 __DUMMY__ 0.04163118883716542	false	0.5
verminderung	neg 1.0		off 0.4965167265618218 neg 0.46234335261581366 __DUMMY__ 0.04113992082236453	false	0.5
nach			off 0.48476537291319244 neg 0.4728767331529646 __DUMMY__ 0.04235789393384294	false	0.0
rost	neg 1.0		off 0.5009197530904139 neg 0.458209472069337 __DUMMY__ 0.04087077484024914	false	0.5
destruktiv	neg 1.0		off 0.48858068321535963 neg 0.4700301514604072 __DUMMY__ 0.04138916532423311	false	0.5
unzumutbarkeit	neg 1.0		off 0.49695561275061156 neg 0.46167729880973013 __DUMMY__ 0.041367088439658306	false	0.5
labil	off 1.0	off 1.0	off 0.7333380963465096 neg 0.24697099244324736 __DUMMY__ 0.019690911210243012	false	1.0
ziemlich	neg 1.0		off 0.4975421382686228 neg 0.4610898648833169 __DUMMY__ 0.04136799684806032	false	0.5
lachnummer	off 1.0		off 0.489567241592897 neg 0.46903625341564503 __DUMMY__ 0.04139650499145799	false	1.0
oder			off 0.4925104092351437 neg 0.4658764015724935 __DUMMY__ 0.041613189192362836	false	0.0
verfall	neg 1.0		off 0.4812532196011941 neg 0.4767287651983949 __DUMMY__ 0.042018015200411096	false	0.5
ausgrenzung	neg 1.0		off 0.4916534312619067 neg 0.4668985707993452 __DUMMY__ 0.04144799793874819	false	0.5
unordnung	neg 1.0		off 0.5013220728899558 neg 0.4572432829496996 __DUMMY__ 0.041434644160344515	false	0.5
fehlverhalten	neg 1.0		off 0.4835163297651284 neg 0.4749051020179231 __DUMMY__ 0.04157856821694861	false	0.5
eine			off 0.4861190909296764 neg 0.4719679527056153 __DUMMY__ 0.04191295636470832	false	0.0
nille	neg 1.0		off 0.49138291743396373 neg 0.46691182127003933 __DUMMY__ 0.04170526129599696	false	0.5
qual	neg 1.0		off 0.4903847446911871 neg 0.4679644408248591 __DUMMY__ 0.04165081448395377	false	0.5
verschwenden	neg 1.0		off 0.48520509023602637 neg 0.47321876415348035 __DUMMY__ 0.04157614561049339	false	0.5
riesig	neg 1.0		off 0.4884775664093476 neg 0.46969797974121996 __DUMMY__ 0.041824453849432466	false	0.5
verurteilen	neg 1.0		off 0.48613148251008137 neg 0.4723958744681966 __DUMMY__ 0.04147264302172201	false	0.5
klischee	neg 1.0	neg 1.0	neg 0.7179926870939125 off 0.26234893364689216 __DUMMY__ 0.019658379259195304	false	1.0
diktatorisch	neg 1.0		off 0.4905941597180314 neg 0.46800183100544074 __DUMMY__ 0.04140400927652778	false	0.5
vorhersehbar	neg 1.0		off 0.4918248010786731 neg 0.4669737069354867 __DUMMY__ 0.04120149198584018	false	0.5
sowie			off 0.5002129504632613 neg 0.45884283655719754 __DUMMY__ 0.040944212979541136	false	0.0
stornieren	neg 1.0		off 0.49661149147114614 neg 0.461523330929884 __DUMMY__ 0.0418651775989699	false	0.5
besteuerung	neg 1.0		off 0.48858500325669946 neg 0.4701669249760783 __DUMMY__ 0.041248071767222144	false	0.5
ungeschminkt	neg 1.0		off 0.4949020340497178 neg 0.4641132867003022 __DUMMY__ 0.04098467924998015	false	0.5
kritisch	neg 1.0		off 0.4859081506252995 neg 0.4724854263579792 __DUMMY__ 0.04160642301672129	false	0.5
schlamperei	off 1.0		off 0.48625507529776124 neg 0.4719195914697073 __DUMMY__ 0.04182533323253157	false	1.0
sucht	neg 1.0	neg 1.0	neg 0.715808682545847 off 0.2641037375960558 __DUMMY__ 0.02008757985809727	false	1.0
egoistisch	off 1.0		off 0.49980993215432923 neg 0.4593947444485031 __DUMMY__ 0.040795323397167654	false	1.0
ausbeuter	off 1.0		off 0.4828610390645152 neg 0.47562643256022197 __DUMMY__ 0.0415125283752627	false	1.0
arschgeburt	off 1.0		off 0.5053667198687662 neg 0.45436427778371 __DUMMY__ 0.040269002347523716	false	1.0
schubs	neg 1.0		off 0.4891927588558919 neg 0.4691433434316647 __DUMMY__ 0.04166389771244347	false	0.5
unsolide	neg 1.0		off 0.4906491054554745 neg 0.46804899699148267 __DUMMY__ 0.04130189755304263	false	0.5
beschwerde	neg 1.0		off 0.4860484537407826 neg 0.4722665528002739 __DUMMY__ 0.041684993458943394	false	0.5
stocken	neg 1.0		off 0.4864468015607107 neg 0.47176315132247265 __DUMMY__ 0.0417900471168166	false	0.5
isolieren	neg 1.0		off 0.4873089284127454 neg 0.47103172345104977 __DUMMY__ 0.04165934813620468	false	0.5
unheilbar	neg 1.0		off 0.4909161796099768 neg 0.4675425268239879 __DUMMY__ 0.041541293566035246	false	0.5
pisser	off 1.0		off 0.49764981603812497 neg 0.46130659831471243 __DUMMY__ 0.0410435856471625	false	1.0
löschen	neg 1.0		off 0.4911323626458757 neg 0.467245422446238 __DUMMY__ 0.04162221490788625	false	0.5
durchfallen	neg 1.0		off 0.4854616663642207 neg 0.4730772923736617 __DUMMY__ 0.04146104126211745	false	0.5
wichser	off 1.0	off 1.0	off 0.7387672464431092 neg 0.24188518803901013 __DUMMY__ 0.0193475655178808	false	1.0
terror	neg 1.0		off 0.49444115221641183 neg 0.46407224487720133 __DUMMY__ 0.04148660290638679	false	0.5
krass	neg 1.0		off 0.49931956295095853 neg 0.4596407965873194 __DUMMY__ 0.04103964046172209	false	0.5
revolte	neg 1.0		off 0.493073964751538 neg 0.4654132875851942 __DUMMY__ 0.041512747663267874	false	0.5
besorgt	neg 1.0		off 0.49209957077459965 neg 0.4659423198314511 __DUMMY__ 0.04195810939394926	false	0.5
nachlassen	neg 1.0		off 0.48807016844297685 neg 0.4699859292493458 __DUMMY__ 0.04194390230767739	false	0.5
alt	neg 1.0		off 0.4876531760546022 neg 0.47074994386237695 __DUMMY__ 0.04159688008302075	false	0.5
hundesohn	off 1.0		off 0.504239713562879 neg 0.4550921518155656 __DUMMY__ 0.040668134621555406	false	1.0
als			off 0.4884109818785277 neg 0.46995251694904616 __DUMMY__ 0.04163650117242616	false	0.0
abschreckung	neg 1.0		off 0.4836376375077868 neg 0.47460396389824033 __DUMMY__ 0.04175839859397292	false	0.5
unqualifiziert	neg 1.0		off 0.4922785224208285 neg 0.46659279494250755 __DUMMY__ 0.04112868263666386	false	0.5
abgewichst	off 1.0		off 0.49071925774558245 neg 0.46754798402723735 __DUMMY__ 0.04173275822718018	false	1.0
schwer	neg 1.0		off 0.48941434978076453 neg 0.46907561906176826 __DUMMY__ 0.04151003115746714	false	0.5
bedeutungslosigkeit	neg 1.0		off 0.48481721650249904 neg 0.4734571245441273 __DUMMY__ 0.04172565895337365	false	0.5
kapitulation	neg 1.0		off 0.48690885113392035 neg 0.4713453197259645 __DUMMY__ 0.04174582914011509	false	0.5
unscharf	neg 1.0		off 0.4918499637618574 neg 0.46687763817438455 __DUMMY__ 0.04127239806375795	false	0.5
schwinden	neg 1.0		off 0.48534293713085874 neg 0.4728470293037919 __DUMMY__ 0.0418100335653494	false	0.5
versklavung	neg 1.0		off 0.4914044720803279 neg 0.4670573336015818 __DUMMY__ 0.04153819431809022	false	0.5
schlecht	neg 1.0		off 0.4974786217771438 neg 0.46117679428909514 __DUMMY__ 0.04134458393376113	false	0.5
verhasst	neg 1.0		off 0.48929191651313264 neg 0.4695026348724023 __DUMMY__ 0.04120544861446494	false	0.5
beschweren	neg 1.0		off 0.4924204285039404 neg 0.4661420597437388 __DUMMY__ 0.041437511752320834	false	0.5
scheiden	neg 1.0		off 0.49221678842796746 neg 0.46607353514267896 __DUMMY__ 0.04170967642935348	false	0.5
frustriert	neg 1.0		off 0.48828510069898423 neg 0.470188659562026 __DUMMY__ 0.041526239738989765	false	0.5
schimmelig	neg 1.0		off 0.4859890183898844 neg 0.4725552056400565 __DUMMY__ 0.04145577597005916	false	0.5
fisch	neg 1.0		off 0.4838758636912076 neg 0.4744680380650754 __DUMMY__ 0.04165609824371709	false	0.5
schmuggel	neg 1.0		off 0.4858569791313028 neg 0.47238686263136564 __DUMMY__ 0.04175615823733149	false	0.5
auffallen	neg 1.0		off 0.49316999692918173 neg 0.4654338798949793 __DUMMY__ 0.0413961231758389	false	0.5
konkurrenz	neg 1.0		off 0.4841677328876507 neg 0.4739766252161045 __DUMMY__ 0.04185564189624491	false	0.5
teufelskreis	neg 1.0	neg 1.0	neg 0.7204001729609056 off 0.2598571067580091 __DUMMY__ 0.01974272028108523	false	1.0
aufschreien	neg 1.0		off 0.49225367963275507 neg 0.46645570153704463 __DUMMY__ 0.041290618830200285	false	0.5
schuldner	neg 1.0		off 0.4831337442102514 neg 0.4752415233961909 __DUMMY__ 0.041624732393557684	false	0.5
missgeburt	off 1.0	off 1.0	off 0.7362786088252262 neg 0.244316883761968 __DUMMY__ 0.019404507412805787	false	1.0
arbeitslos	neg 1.0		off 0.4858207454476045 neg 0.47272750826941456 __DUMMY__ 0.04145174628298086	false	0.5
befallen	neg 1.0		off 0.48857451589588397 neg 0.4698552425350655 __DUMMY__ 0.04157024156905038	false	0.5
miesepetrig	off 1.0	off 1.0	off 0.7341594841220626 neg 0.24614896732269623 __DUMMY__ 0.01969154855524126	false	1.0
alarmieren	neg 1.0		off 0.4937312141644148 neg 0.4650409667908462 __DUMMY__ 0.041227819044739135	false	0.5
ungeduscht	off 1.0		off 0.4938612734031077 neg 0.4649308685538844 __DUMMY__ 0.04120785804300797	false	1.0
knappheit	neg 1.0		off 0.48435201762127134 neg 0.4742716403489033 __DUMMY__ 0.04137634202982532	false	0.5
schlange	neg 1.0		off 0.4949893096142279 neg 0.4632536213668609 __DUMMY__ 0.04175706901891116	false	0.5
harsch	neg 1.0		off 0.5026784076009366 neg 0.45606525673483744 __DUMMY__ 0.04125633566422578	false	0.5
lang	neg 1.0		off 0.4923619579609472 neg 0.46601815004249164 __DUMMY__ 0.0416198919965612	false	0.5
ziellos	neg 1.0		off 0.4886281065572276 neg 0.46954269162830414 __DUMMY__ 0.04182920181446812	false	0.5
selbstverliebt	neg 1.0		off 0.5043061270932934 neg 0.45521565853923296 __DUMMY__ 0.04047821436747382	false	0.5
beseitigen	neg 1.0		off 0.4893102721294018 neg 0.46904862960449745 __DUMMY__ 0.041641098266100636	false	0.5
dumm	off 1.0		off 0.5014352025886694 neg 0.45771144107017636 __DUMMY__ 0.04085335634115428	false	1.0
arbeitsloser	neg 1.0		off 0.48792987456538234 neg 0.470397767007385 __DUMMY__ 0.04167235842723273	false	0.5
blitzen	neg 1.0		off 0.4939322409412881 neg 0.46464338020906304 __DUMMY__ 0.04142437884964879	false	0.5
hilflos	neg 1.0		off 0.4879467549879553 neg 0.4705002901268965 __DUMMY__ 0.041552954885148194	false	0.5
eklig	off 1.0		off 0.5006821788823689 neg 0.45863942073073394 __DUMMY__ 0.040678400386897226	false	1.0
begriff			off 0.4889818572552999 neg 0.4695200282702485 __DUMMY__ 0.04149811447445162	false	0.0
hungersnot	neg 1.0		off 0.4888489026130038 neg 0.46940598090883534 __DUMMY__ 0.041745116478160954	false	0.5
ungesetzlich	neg 1.0		off 0.4882528265442672 neg 0.47052586574197797 __DUMMY__ 0.04122130771375492	false	0.5
verschwendung	neg 1.0		off 0.48565238275807265 neg 0.4726503660454523 __DUMMY__ 0.041697251196475084	false	0.5
schmerzvoll	neg 1.0		off 0.4925255266720676 neg 0.4659898010551972 __DUMMY__ 0.04148467227273507	false	0.5
vorzeitig	neg 1.0		off 0.49405041161963215 neg 0.4644745647282229 __DUMMY__ 0.04147502365214502	false	0.5
unvollkommenheit	neg 1.0		off 0.4903661771230026 neg 0.4676970893880456 __DUMMY__ 0.04193673348895171	false	0.5
intervenieren	neg 1.0		off 0.48472955067565643 neg 0.47363651856476136 __DUMMY__ 0.04163393075958222	false	0.5
banause	off 1.0		off 0.5021634485216395 neg 0.4573809758250747 __DUMMY__ 0.04045557565328587	false	1.0
rebell	neg 1.0		off 0.4822317690466496 neg 0.4759078360848155 __DUMMY__ 0.04186039486853493	false	0.5
unlogisch	neg 1.0		off 0.4972987398936958 neg 0.4617218181308833 __DUMMY__ 0.0409794419754209	false	0.5
leiden	neg 1.0		off 0.4860447639951198 neg 0.4720873251683493 __DUMMY__ 0.04186791083653086	false	0.5
abschaffung	neg 1.0		off 0.4905024288832751 neg 0.4679932898275948 __DUMMY__ 0.04150428128913015	false	0.5
sturz	neg 1.0		off 0.49264326773487843 neg 0.4656117430502607 __DUMMY__ 0.04174498921486088	false	0.5
verkleinerung	neg 1.0		off 0.49122304214629386 neg 0.46760055638081544 __DUMMY__ 0.04117640147289061	false	0.5
schmarotzer	off 1.0		off 0.48591921214288325 neg 0.4727295922119591 __DUMMY__ 0.04135119564515769	false	1.0
bestrafung	neg 1.0		off 0.4916978548940724 neg 0.46679127611538573 __DUMMY__ 0.04151086899054177	false	0.5
achtlos	neg 1.0	neg 1.0	neg 0.7190955136148269 off 0.26102535566340307 __DUMMY__ 0.019879130721770007	false	1.0
ungeheuer	neg 1.0		off 0.4945783840998232 neg 0.4638486373779723 __DUMMY__ 0.04157297852220466	false	0.5
unaufrichtig	neg 1.0		off 0.4951938058125019 neg 0.46323787711190484 __DUMMY__ 0.04156831707559327	false	0.5
