unsolidarisch	neg 1.0		__DUMMY__ 0.8777903392185059 neg 0.061189491234053206 off 0.061020169547440946	false	1.0
nachteilig	neg 1.0		__DUMMY__ 0.8833147913928947 neg 0.05996511243846237 off 0.05672009616864303	false	1.0
skeptisch	neg 1.0		__DUMMY__ 0.8839280450316942 neg 0.05974534304191688 off 0.05632661192638883	false	1.0
schrecklich	neg 1.0		__DUMMY__ 0.8757618790610637 off 0.06985793101874943 neg 0.05438018992018683	false	0.5
schlapp	neg 1.0		__DUMMY__ 0.8791526128112415 off 0.06578167422237664 neg 0.05506571296638182	false	0.5
abfall	neg 1.0		__DUMMY__ 0.8877796500038445 neg 0.05937618308790963 off 0.05284416690824597	false	1.0
widerspenstig	neg 1.0		__DUMMY__ 0.8821382187682066 off 0.06086726933853021 neg 0.05699451189326313	false	0.5
abrupt	neg 1.0		__DUMMY__ 0.8876624477380357 off 0.056652910596123186 neg 0.055684641665841056	false	0.5
unwirksam	neg 1.0		__DUMMY__ 0.8774457131222371 neg 0.06189908285043205 off 0.06065520402733085	false	1.0
angreifen	neg 1.0		__DUMMY__ 0.8832987874035475 neg 0.060345604177083345 off 0.056355608419369166	false	1.0
inkonsistent	neg 1.0		__DUMMY__ 0.8791519788086586 off 0.06147745383659455 neg 0.059370567354746884	false	0.5
abrutschen	neg 1.0		__DUMMY__ 0.8861496689809435 neg 0.06047027809483695 off 0.05338005292421965	false	1.0
unsicher	neg 1.0		__DUMMY__ 0.8828147197718597 off 0.060846071694489 neg 0.05633920853365136	false	0.5
bauernkind	off 1.0	off 1.0	off 0.5234038053403623 __DUMMY__ 0.42896062910675503 neg 0.047635565552882606	false	1.0
angreifer	neg 1.0	neg 1.0	neg 0.5106229111662983 __DUMMY__ 0.44189407919078316 off 0.04748300964291853	false	1.0
trennen	neg 1.0		__DUMMY__ 0.887415397059434 neg 0.056806929314542766 off 0.05577767362602324	false	1.0
schmutz	neg 1.0		__DUMMY__ 0.8859015479912024 off 0.06204895961079503 neg 0.052049492398002745	false	0.5
inkonsistenz	neg 1.0		__DUMMY__ 0.8727774930659103 off 0.06626765168360613 neg 0.06095485525048359	false	0.5
erschreckend	neg 1.0		__DUMMY__ 0.8805346452484045 off 0.06036668410272041 neg 0.05909867064887512	false	0.5
ertrinken	neg 1.0		__DUMMY__ 0.884952940146697 neg 0.058461203286263884 off 0.056585856567039045	false	1.0
pickelface	off 1.0		__DUMMY__ 0.8833419238204407 off 0.059969321754434854 neg 0.056688754425124374	false	1.0
seiner			__DUMMY__ 0.8845422189704202 neg 0.05886954460714017 off 0.05658823642243968	false	0.0
lauch	neg 1.0		__DUMMY__ 0.8883784067356228 neg 0.05804028412006096 off 0.05358130914431624	false	1.0
unwichtig	neg 1.0		__DUMMY__ 0.8761942315263574 off 0.06575921577101611 neg 0.05804655270262639	false	0.5
steuerhinterziehung	neg 1.0	neg 1.0	neg 0.5148803595068424 __DUMMY__ 0.44071531380830375 off 0.04440432668485374	false	1.0
schock	neg 1.0		__DUMMY__ 0.8838065031130282 off 0.06002994482043317 neg 0.05616355206653875	false	0.5
beule	neg 1.0		__DUMMY__ 0.8774052982871667 off 0.0666801429081054 neg 0.055914558804727864	false	0.5
vergelten	neg 1.0		__DUMMY__ 0.8797234211153233 off 0.06879224805081814 neg 0.05148433083385848	false	0.5
verdorbenheit	neg 1.0		__DUMMY__ 0.8854805146303176 off 0.061073496034557896 neg 0.05344598933512458	false	0.5
trauma	neg 1.0		__DUMMY__ 0.8812872652776556 off 0.061804009965858435 neg 0.05690872475648597	false	0.5
sinnlos	neg 1.0		__DUMMY__ 0.8802117888934234 off 0.06311764316451186 neg 0.056670567942064695	false	0.5
fettsack	off 1.0	off 1.0	off 0.5242922319581481 __DUMMY__ 0.43086675167281324 neg 0.044841016369038575	false	1.0
feige	off 1.0	off 1.0	off 0.520295952441824 __DUMMY__ 0.4348463723007465 neg 0.04485767525742948	false	1.0
abdanken	neg 1.0		__DUMMY__ 0.8827215080567145 off 0.060574065017152866 neg 0.056704426926132624	false	0.5
wichtigtuer	off 1.0	off 1.0	off 0.5184478694003832 __DUMMY__ 0.4368075484740136 neg 0.044744582125603075	false	1.0
misslingen	neg 1.0		__DUMMY__ 0.8880319916361497 off 0.06096509110507807 neg 0.051002917258772276	false	0.5
untreu	off 1.0		__DUMMY__ 0.8774914266148303 off 0.06618679065099209 neg 0.05632178273417769	false	1.0
missmutig	neg 1.0		__DUMMY__ 0.8793624956474425 off 0.06541293822393929 neg 0.05522456612861825	false	0.5
hurenbock	off 1.0		__DUMMY__ 0.8830295708839286 off 0.06244548423606568 neg 0.05452494488000574	false	1.0
betrunken	neg 1.0		__DUMMY__ 0.8779299336250209 off 0.06750734162203019 neg 0.054562724752948856	false	0.5
korrupt	off 1.0		__DUMMY__ 0.8789067156941228 neg 0.06223808208590628 off 0.05885520221997095	false	0.5
unmut	neg 1.0		__DUMMY__ 0.8868881359930477 neg 0.05956141193287517 off 0.053550452074077076	false	1.0
hackfresse	off 1.0		__DUMMY__ 0.8715648257005377 off 0.07329975470734401 neg 0.055135419592118304	false	1.0
aufblasen	neg 1.0		__DUMMY__ 0.8819114191183928 off 0.06255543873241963 neg 0.055533142149187524	false	0.5
gewaltsam	neg 1.0		__DUMMY__ 0.8842284760273231 off 0.059445538917427466 neg 0.05632598505524942	false	0.5
unbeliebtheit	neg 1.0		__DUMMY__ 0.8763711800873555 off 0.06494310027875612 neg 0.05868571963388833	false	0.5
sturheit	neg 1.0		__DUMMY__ 0.8809300053058366 off 0.059863848833146355 neg 0.05920614586101708	false	0.5
kuh	neg 1.0		__DUMMY__ 0.8751072974200238 off 0.06299028354315968 neg 0.0619024190368166	false	0.5
erschrecken	neg 1.0		__DUMMY__ 0.8804006929345763 off 0.0651605761278999 neg 0.054438730937523744	false	0.5
opfer	neg 1.0		__DUMMY__ 0.8837934226698326 neg 0.058520319950144555 off 0.05768625738002272	false	1.0
sinken	neg 1.0		__DUMMY__ 0.8876659080978607 neg 0.05837113245257304 off 0.05396295944956623	false	1.0
stinktier	neg 1.0		__DUMMY__ 0.8682933466313693 off 0.07061739315691451 neg 0.0610892602117162	false	0.5
tucke	off 1.0		__DUMMY__ 0.8686662387785746 off 0.07428668178352651 neg 0.05704707943789876	false	1.0
ein			__DUMMY__ 0.8819397878564197 off 0.061735793067302355 neg 0.05632441907627792	false	0.0
abstieg	neg 1.0		__DUMMY__ 0.8858330524594294 neg 0.0575410692130926 off 0.05662587832747789	false	1.0
missverstehen	neg 1.0		__DUMMY__ 0.8763451655781285 off 0.06400901169221335 neg 0.059645822729658265	false	0.5
ergebnislos	neg 1.0		__DUMMY__ 0.8859558344433175 neg 0.057704814348869184 off 0.05633935120781334	false	1.0
unter			__DUMMY__ 0.8931806372063187 neg 0.05822468288770766 off 0.04859467990597363	false	0.0
manipulieren	neg 1.0		__DUMMY__ 0.8849510075882671 neg 0.059106845319255294 off 0.05594214709247763	false	1.0
unbewiesen	neg 1.0		__DUMMY__ 0.8765296014719355 neg 0.0624602928485258 off 0.061010105679538656	false	1.0
verschleppen	neg 1.0		__DUMMY__ 0.882789588610803 neg 0.05917853444626124 off 0.05803187694293569	false	1.0
weib	off 1.0		__DUMMY__ 0.8670507673274854 off 0.07408822103052819 neg 0.05886101164198638	false	1.0
opposition	neg 1.0		__DUMMY__ 0.879087765096659 off 0.06224708012250065 neg 0.058665154780840376	false	0.5
verkehrswidrig	neg 1.0		__DUMMY__ 0.8808264879365664 off 0.06939003516126128 neg 0.049783476902172295	false	0.5
inkorrekt	neg 1.0		__DUMMY__ 0.8725675737415264 off 0.06949209227870884 neg 0.05794033397976473	false	0.5
vermeiden	neg 1.0	neg 1.0	neg 0.5145541062170695 __DUMMY__ 0.44626103031566694 off 0.03918486346726367	false	1.0
abweichung	neg 1.0		__DUMMY__ 0.8834310777638056 neg 0.059134715315064215 off 0.05743420692113021	false	1.0
alkoholisiert	neg 1.0		__DUMMY__ 0.8864345739979181 neg 0.057592954282913 off 0.05597247171916875	false	1.0
scheiss	off 1.0	off 1.0	off 0.5201236378583037 __DUMMY__ 0.4363952315402566 neg 0.0434811306014396	false	1.0
herausforderung	neg 1.0		__DUMMY__ 0.8848064153426428 neg 0.05913653367518792 off 0.056057050982169294	false	1.0
pervers	off 1.0		__DUMMY__ 0.8684388043237888 off 0.07667425945056001 neg 0.05488693622565102	false	1.0
wackelig	neg 1.0		__DUMMY__ 0.8870703613615935 off 0.058688819626919644 neg 0.054240819011486835	false	0.5
verwickeln	neg 1.0		__DUMMY__ 0.8767151143307073 off 0.06350093053790064 neg 0.05978395513139205	false	0.5
vorwand	neg 1.0		__DUMMY__ 0.8837535788720065 neg 0.06039889178190894 off 0.0558475293460845	false	1.0
muschi	off 1.0		__DUMMY__ 0.8831819853411583 off 0.0601645508358253 neg 0.05665346382301634	false	1.0
entmutigung	neg 1.0		__DUMMY__ 0.880730397928964 off 0.062291483645991734 neg 0.05697811842504435	false	0.5
unangemessen	neg 1.0		__DUMMY__ 0.8791494134557081 neg 0.06124032384041987 off 0.05961026270387214	false	1.0
unstetig	neg 1.0		__DUMMY__ 0.8811655664969982 off 0.06318206445846035 neg 0.05565236904454143	false	0.5
entmutigen	neg 1.0		__DUMMY__ 0.8807565137082418 off 0.06182939042452482 neg 0.057414095867233325	false	0.5
schwanz	neg 1.0		__DUMMY__ 0.8848157383905695 neg 0.05764117391982857 off 0.05754308768960192	false	1.0
verbot	neg 1.0		__DUMMY__ 0.8824668808563755 neg 0.05908881889750163 off 0.05844430024612283	false	1.0
leid	neg 1.0		__DUMMY__ 0.8726008454276777 off 0.07138356998320627 neg 0.05601558458911608	false	0.5
archaisch	neg 1.0		__DUMMY__ 0.8817612314375236 off 0.05969597305236206 neg 0.058542795510114376	false	0.5
gegen			__DUMMY__ 0.8873720815292893 neg 0.058301740624445736 off 0.05432617784626503	false	0.0
scheidung	neg 1.0		__DUMMY__ 0.8717930405533852 off 0.08095486893203101 neg 0.04725209051458366	false	0.5
einschlag	neg 1.0		__DUMMY__ 0.8765352689772562 off 0.06862118154859531 neg 0.0548435494741485	false	0.5
m			__DUMMY__ 0.8846596394764029 off 0.0585273654834627 neg 0.05681299504013439	false	0.0
abgestanden	neg 1.0		__DUMMY__ 0.8802454495018099 off 0.06091122556181589 neg 0.058843324936374175	false	0.5
schmierig	off 1.0		__DUMMY__ 0.874965549206842 off 0.07065564059955866 neg 0.0543788101935993	false	1.0
unpraktisch	neg 1.0		__DUMMY__ 0.881724513794695 off 0.06215971580034562 neg 0.05611577040495951	false	0.5
wixxer	off 1.0		__DUMMY__ 0.8661454563193915 off 0.0768939269635154 neg 0.05696061671709306	false	1.0
bezeichnet			__DUMMY__ 0.8785976031212634 off 0.06121218492102402 neg 0.060190211957712396	false	0.0
jammerlappen	off 1.0		__DUMMY__ 0.8792657383223084 off 0.06578252666915077 neg 0.054951735008540975	false	1.0
farce	neg 1.0		__DUMMY__ 0.8819059907077448 off 0.05939430399376202 neg 0.058699705298493214	false	0.5
zwecklos	neg 1.0		__DUMMY__ 0.8806961227976671 neg 0.06006325760591469 off 0.0592406195964181	false	1.0
turbulent	neg 1.0		__DUMMY__ 0.8758643716566714 off 0.0670307052400513 neg 0.05710492310327732	false	0.5
invasion	neg 1.0		__DUMMY__ 0.8800289483894634 off 0.0628431037856085 neg 0.05712794782492807	false	0.5
schuld	neg 1.0		__DUMMY__ 0.878992672010755 off 0.06217903808029679 neg 0.05882828990894811	false	0.5
risiko	neg 1.0	neg 1.0	neg 0.5113524984314256 __DUMMY__ 0.44181189614621325 off 0.046835605422361204	false	1.0
finster	neg 1.0		__DUMMY__ 0.878949876720613 off 0.06179305853992165 neg 0.05925706473946532	false	0.5
geisteskrank	off 1.0		__DUMMY__ 0.8728482006651354 off 0.06765400762312174 neg 0.059497791711742985	false	1.0
zusammenbrechen	neg 1.0		__DUMMY__ 0.8825406545419849 off 0.059245680966013695 neg 0.05821366449200148	false	0.5
ausbeute	neg 1.0		__DUMMY__ 0.8919220352556583 off 0.05701395109492865 neg 0.05106401364941307	false	0.5
hinterhalt	neg 1.0		__DUMMY__ 0.8905068895766293 off 0.05891996340525769 neg 0.050573147018113024	false	0.5
kritik	neg 1.0		__DUMMY__ 0.8814469216983017 neg 0.05931970164498708 off 0.05923337665671116	false	1.0
einschrumpfen	neg 1.0		__DUMMY__ 0.8772057163430443 off 0.0648673090209045 neg 0.05792697463605119	false	0.5
riskant	neg 1.0		__DUMMY__ 0.8821416721365687 neg 0.060966680172066 off 0.05689164769136537	false	1.0
frustrieren	neg 1.0		__DUMMY__ 0.8824100035676398 neg 0.05984604486252551 off 0.05774395156983469	false	1.0
groll	neg 1.0		__DUMMY__ 0.8809273958755626 neg 0.06028643221789529 off 0.058786171906542124	false	1.0
gibt			__DUMMY__ 0.8828555433469956 off 0.05938162380238746 neg 0.057762832850616994	false	0.0
qualvoll	neg 1.0		__DUMMY__ 0.8804225673265605 off 0.06384781591591222 neg 0.05572961675752722	false	0.5
wackeln	neg 1.0		__DUMMY__ 0.8839576310442412 off 0.06166565280464252 neg 0.054376716151116306	false	0.5
klagen	neg 1.0		__DUMMY__ 0.885480673662241 neg 0.06024318068897618 off 0.05427614564878275	false	1.0
bankrott	neg 1.0		__DUMMY__ 0.8806205235973578 off 0.06489974131726697 neg 0.05447973508537517	false	0.5
trauern	neg 1.0		__DUMMY__ 0.886803707382387 off 0.057166062819910074 neg 0.05603022979770288	false	0.5
ablehnung	neg 1.0		__DUMMY__ 0.8813661409406872 neg 0.059644586555294414 off 0.058989272504018475	false	1.0
stur	neg 1.0		__DUMMY__ 0.8792973245276473 off 0.06232040847036679 neg 0.05838226700198599	false	0.5
aufruhr	neg 1.0		__DUMMY__ 0.8831177870021906 off 0.059953241899198206 neg 0.056928971098611246	false	0.5
melancholie	neg 1.0		__DUMMY__ 0.8853495081825735 off 0.05759673037954887 neg 0.05705376143787762	false	0.5
ist			__DUMMY__ 0.8805380021063487 off 0.06287266341107978 neg 0.05658933448257155	false	0.0
torheit	neg 1.0		__DUMMY__ 0.8811708146282876 off 0.06137039376721214 neg 0.057458791604500146	false	0.5
dreckskind	off 1.0		__DUMMY__ 0.8694616743850163 off 0.07245045465784182 neg 0.05808787095714181	false	1.0
umtauschen	neg 1.0		__DUMMY__ 0.8829424274284665 off 0.06018074230617302 neg 0.05687683026536045	false	0.5
zum			__DUMMY__ 0.8936826491671704 neg 0.054669464839792736 off 0.05164788599303689	false	0.0
zersetzen	neg 1.0		__DUMMY__ 0.8824600593411115 neg 0.06143345781724539 off 0.056106482841643254	false	1.0
zur			__DUMMY__ 0.8911883210159769 neg 0.057522624929466845 off 0.05128905405455634	false	0.0
frust	neg 1.0		__DUMMY__ 0.8831181853152738 off 0.05929022207352583 neg 0.05759159261120046	false	0.5
unerbittlichkeit	neg 1.0		__DUMMY__ 0.8840564918179722 neg 0.059885991842884095 off 0.056057516339143805	false	1.0
zwei			__DUMMY__ 0.8920561220089122 neg 0.05523710791275412 off 0.05270677007833378	false	0.0
unkorrekt	neg 1.0		__DUMMY__ 0.8749613772195328 off 0.06892007156861417 neg 0.056118551211853045	false	0.5
hexe	off 1.0		__DUMMY__ 0.8751272309039181 off 0.06574931056477766 neg 0.059123458531304275	false	1.0
lasch	neg 1.0		__DUMMY__ 0.8762771129166178 off 0.06495055891312047 neg 0.05877232817026165	false	0.5
rivale	neg 1.0		__DUMMY__ 0.8763671491577093 off 0.0678573499037533 neg 0.05577550093853739	false	0.5
mutlos	off 1.0	off 1.0	off 0.5133731353174512 __DUMMY__ 0.4401786672048624 neg 0.046448197477686484	false	1.0
wirr	off 1.0		__DUMMY__ 0.8727066074714178 off 0.06967851705926584 neg 0.05761487546931637	false	1.0
jahr			__DUMMY__ 0.8929912670904505 off 0.055035284488979846 neg 0.051973448420569716	false	0.0
wird			__DUMMY__ 0.8830902398953817 neg 0.05872566982976342 off 0.05818409027485483	false	0.0
strafbar	neg 1.0		__DUMMY__ 0.8820905947716625 neg 0.060540379393149546 off 0.05736902583518798	false	1.0
erosion	neg 1.0		__DUMMY__ 0.8838290085437162 off 0.060782894341190774 neg 0.05538809711509318	false	0.5
eingehen	neg 1.0		__DUMMY__ 0.8819056861500818 neg 0.06054868811574604 off 0.057545625734172164	false	1.0
faul	off 1.0		__DUMMY__ 0.880681829622184 off 0.06477892012575709 neg 0.054539250252058864	false	1.0
provisorium	neg 1.0		__DUMMY__ 0.8943654893722988 neg 0.056583697572299606 off 0.04905081305540178	false	1.0
schmerzen	neg 1.0		__DUMMY__ 0.8809238661347755 neg 0.05956942419501123 off 0.05950670967021329	false	1.0
schrumpfen	neg 1.0		__DUMMY__ 0.88669084646822 neg 0.06158445478426789 off 0.051724698747512024	false	1.0
geistlos	off 1.0		__DUMMY__ 0.8751239946456258 off 0.0639116384273185 neg 0.06096436692705561	false	1.0
fehlkauf	neg 1.0		__DUMMY__ 0.8815915061019036 off 0.06271670267163972 neg 0.05569179122645662	false	0.5
frustrierend	neg 1.0		__DUMMY__ 0.8785927194632 off 0.06480067835253825 neg 0.05660660218426169	false	0.5
unzufrieden	neg 1.0		__DUMMY__ 0.8806284461896885 neg 0.0604188799292864 off 0.058952673881025125	false	1.0
verzweifeln	neg 1.0		__DUMMY__ 0.881715009276673 off 0.060102830257747535 neg 0.05818216046557948	false	0.5
verzweifelt	neg 1.0	neg 1.0	neg 0.5154052195757283 __DUMMY__ 0.4373929089796246 off 0.04720187144464719	false	1.0
misstrauensantrag	neg 1.0		__DUMMY__ 0.8802637989097544 off 0.06283574065110507 neg 0.05690046043914053	false	0.5
abfallen	neg 1.0		__DUMMY__ 0.8836390154410083 off 0.06147674278253653 neg 0.05488424177645506	false	0.5
fucker	off 1.0		__DUMMY__ 0.8774267210036893 off 0.06867732048096745 neg 0.053895958515343206	false	1.0
ungezogen	neg 1.0		__DUMMY__ 0.8696596834887087 off 0.07577215481795863 neg 0.0545681616933326	false	0.5
irrsinnig	neg 1.0	neg 1.0	neg 0.5148037466806076 __DUMMY__ 0.43800859911800644 off 0.04718765420138592	false	1.0
unfassbar	neg 1.0		__DUMMY__ 0.878375740212069 off 0.0668970794545164 neg 0.05472718033341456	false	0.5
hart	neg 1.0		__DUMMY__ 0.877806206383713 off 0.06628506748412051 neg 0.05590872613216643	false	0.5
widerlich	off 1.0		__DUMMY__ 0.8747873863558808 off 0.06754819355099671 neg 0.0576644200931225	false	1.0
fatal	neg 1.0		__DUMMY__ 0.8802279521432176 off 0.06325463696861301 neg 0.05651741088816948	false	0.5
bruch	neg 1.0		__DUMMY__ 0.8865751802420644 neg 0.05876038436306407 off 0.05466443539487155	false	1.0
aushungern	neg 1.0		__DUMMY__ 0.8831513297476911 off 0.059332681808249785 neg 0.057515988444059134	false	0.5
anspannung	neg 1.0		__DUMMY__ 0.8923415441596103 neg 0.05576397657871477 off 0.051894479261674994	false	1.0
von			__DUMMY__ 0.8946785708492762 off 0.055075572090040596 neg 0.05024585706068328	false	0.0
kraftlos	neg 1.0		__DUMMY__ 0.8844121817642933 off 0.05857660637376883 neg 0.05701121186193783	false	0.5
vom			__DUMMY__ 0.8961693382335071 neg 0.054405066436887126 off 0.04942559532960585	false	0.0
grenzdebil	off 1.0		__DUMMY__ 0.8784656931148098 off 0.06713639752360459 neg 0.0543979093615856	false	1.0
vor			__DUMMY__ 0.8877312555312878 neg 0.057144088241228325 off 0.0551246562274839	false	0.0
unterwerfen	neg 1.0		__DUMMY__ 0.8833805046739124 neg 0.058985874428760375 off 0.057633620897327216	false	1.0
versenkung	neg 1.0		__DUMMY__ 0.8854139653552466 off 0.057798457061044875 neg 0.05678757758370852	false	0.5
entziehen	neg 1.0		__DUMMY__ 0.8852010426079066 neg 0.060043670148066317 off 0.054755287244027194	false	1.0
finanzkrise	neg 1.0		__DUMMY__ 0.8806741671618078 off 0.05990594123799532 neg 0.05941989160019684	false	0.5
schimpfend	neg 1.0		__DUMMY__ 0.8806364168781512 off 0.0625120134723948 neg 0.056851569649454044	false	0.5
profan	neg 1.0		__DUMMY__ 0.8788504680781765 off 0.0635888106239575 neg 0.057560721297866047	false	0.5
korruption	neg 1.0		__DUMMY__ 0.8827748832161701 neg 0.059080220746191126 off 0.0581448960376387	false	1.0
â			__DUMMY__ 0.8856570444635236 off 0.05800212342679583 neg 0.05634083210968055	false	0.0
schmutzig	neg 1.0		__DUMMY__ 0.8789847892424351 off 0.06756809441717587 neg 0.05344711634038906	false	0.5
sexy	neg 1.0		__DUMMY__ 0.8805988461762488 off 0.06446918030955226 neg 0.054931973514198894	false	0.5
abraten	neg 1.0		__DUMMY__ 0.8805332199850474 off 0.06284108281332731 neg 0.05662569720162524	false	0.5
schwarz	neg 1.0		__DUMMY__ 0.8804913519432346 off 0.06253611710289536 neg 0.0569725309538701	false	0.5
fotze	off 1.0	off 1.0	off 0.5145012343295408 __DUMMY__ 0.4424443660874286 neg 0.043054399583030645	false	1.0
verwirren	neg 1.0		__DUMMY__ 0.879123334312018 off 0.0640913299722177 neg 0.05678533571576427	false	0.5
zahnlos	off 1.0		__DUMMY__ 0.8811743724675554 off 0.05974990865490454 neg 0.05907571887754003	false	1.0
verheeren	neg 1.0		__DUMMY__ 0.8705652896074535 off 0.07719516506943387 neg 0.05223954532311255	false	0.5
hippie	neg 1.0		__DUMMY__ 0.8805638518126228 off 0.06418561661762642 neg 0.05525053156975085	false	0.5
rammen	neg 1.0		__DUMMY__ 0.8793876159006548 off 0.06200438794097869 neg 0.05860799615836643	false	0.5
unlauter	neg 1.0		__DUMMY__ 0.8781895742312333 off 0.06195545072762998 neg 0.05985497504113673	false	0.5
unheilvoll	neg 1.0		__DUMMY__ 0.8817458062631399 off 0.06245187342444928 neg 0.05580232031241084	false	0.5
niedrig	neg 1.0		__DUMMY__ 0.882178824575984 neg 0.061633284130999784 off 0.05618789129301616	false	1.0
explosion	neg 1.0		__DUMMY__ 0.8800286807322598 off 0.06360265277542479 neg 0.056368666492315346	false	0.5
weichei	off 1.0	off 1.0	off 0.5244853356081962 __DUMMY__ 0.4327540896266053 neg 0.04276057476519853	false	1.0
minusmensch	off 1.0		__DUMMY__ 0.8679514329128066 off 0.07499487327343914 neg 0.05705369381375427	false	1.0
farblos	neg 1.0		__DUMMY__ 0.8833791555966964 off 0.060084333367689924 neg 0.056536511035613725	false	0.5
unwissend	neg 1.0	neg 1.0	neg 0.5139863747537968 __DUMMY__ 0.4360312914035933 off 0.04998233384260979	false	1.0
traurig	neg 1.0		__DUMMY__ 0.8767738135555859 off 0.06915728114648782 neg 0.05406890529792624	false	0.5
senkung	neg 1.0		__DUMMY__ 0.8775517018940644 off 0.06344055068900645 neg 0.05900774741692915	false	0.5
ungleich	neg 1.0	neg 1.0	neg 0.5165871227768636 __DUMMY__ 0.4405607579757581 off 0.042852119247378265	false	1.0
heikel	neg 1.0		__DUMMY__ 0.8822016413918039 neg 0.060945439415963996 off 0.05685291919223217	false	1.0
drosselung	neg 1.0		__DUMMY__ 0.8775456843082686 off 0.06684367280055685 neg 0.0556106428911746	false	0.5
falsch	neg 1.0		__DUMMY__ 0.8776829967505169 off 0.0649665554531441 neg 0.057350447796339035	false	0.5
unzufriedenheit	neg 1.0		__DUMMY__ 0.8845186668612673 neg 0.06001699141358214 off 0.05546434172515056	false	1.0
kurz	neg 1.0		__DUMMY__ 0.8859506806842495 off 0.059312005704805125 neg 0.054737313610945276	false	0.5
unsinnig	neg 1.0		__DUMMY__ 0.879688604815497 neg 0.06044460085161083 off 0.05986679433289217	false	1.0
penner	off 1.0	off 1.0	off 0.5256744263888611 __DUMMY__ 0.43245941122797815 neg 0.04186616238316073	false	1.0
seicht	neg 1.0		__DUMMY__ 0.8677351181636982 off 0.07552119362269398 neg 0.056743688213607785	false	0.5
dummheit	off 1.0	off 1.0	off 0.5186631432422275 __DUMMY__ 0.4364782134217824 neg 0.044858643335990156	false	1.0
unerfreulich	neg 1.0		__DUMMY__ 0.8844873930003715 neg 0.05957762677307692 off 0.05593498022655161	false	1.0
motherfucker	off 1.0	off 1.0	off 0.5216885037434194 __DUMMY__ 0.4365042320060484 neg 0.04180726425053223	false	1.0
pikiert	neg 1.0		__DUMMY__ 0.8761059966615695 off 0.06682136814235648 neg 0.05707263519607397	false	0.5
wrack	neg 1.0		__DUMMY__ 0.8855868061881105 off 0.05844057117975153 neg 0.05597262263213795	false	0.5
gangster	neg 1.0		__DUMMY__ 0.8804634980379655 off 0.0641975743359972 neg 0.05533892762603721	false	0.5
krank	neg 1.0		__DUMMY__ 0.8788976203915573 off 0.06695045999415565 neg 0.05415191961428711	false	0.5
reich	neg 1.0		__DUMMY__ 0.8809169243284689 off 0.06585706015346447 neg 0.05322601551806671	false	0.5
gnadenlos	neg 1.0		__DUMMY__ 0.879813111522336 off 0.06227268789289118 neg 0.05791420058477277	false	0.5
niedergeschlagen	neg 1.0		__DUMMY__ 0.8833897453034956 off 0.059538182788737244 neg 0.057072071907767176	false	0.5
terrorisieren	off 1.0	off 1.0	off 0.5135332530335527 __DUMMY__ 0.44185134488878414 neg 0.044615402077663104	false	1.0
sinnlosigkeit	neg 1.0		__DUMMY__ 0.881768325419596 off 0.0591774851049283 neg 0.05905418947547556	false	0.5
behindern	neg 1.0		__DUMMY__ 0.8828489854980125 off 0.06008002392160028 neg 0.057070990580387185	false	0.5
undemokratisch	neg 1.0		__DUMMY__ 0.8801790249006963 off 0.06210246140010076 neg 0.057718513699202986	false	0.5
wirtschaftskrise	neg 1.0		__DUMMY__ 0.8823558486868049 neg 0.059690240224069165 off 0.05795391108912584	false	1.0
neid	neg 1.0		__DUMMY__ 0.8807251430640225 off 0.06460701674362233 neg 0.05466784019235513	false	0.5
rutschen	neg 1.0		__DUMMY__ 0.8927536721680406 neg 0.054701946662734285 off 0.052544381169225114	false	1.0
rezession	neg 1.0		__DUMMY__ 0.8696648930667358 off 0.06962985128098004 neg 0.060705255652284226	false	0.5
fehlgeburt	neg 1.0		__DUMMY__ 0.8822667754295387 off 0.0623802456404178 neg 0.05535297893004343	false	0.5
charakterschwach	off 1.0		__DUMMY__ 0.874928003395402 off 0.06744096603647012 neg 0.057631030568127906	false	1.0
isolation	neg 1.0		__DUMMY__ 0.8797164377358534 off 0.06440916195440535 neg 0.055874400309741244	false	0.5
ablenkung	neg 1.0		__DUMMY__ 0.8828966358906283 off 0.06101926408774971 neg 0.05608410002162196	false	0.5
pech	neg 1.0		__DUMMY__ 0.8792090300634263 off 0.06422526114576808 neg 0.05656570879080551	false	0.5
vermeidung	neg 1.0		__DUMMY__ 0.8781934679872963 off 0.06700443142910754 neg 0.054802100583596136	false	0.5
dominieren	neg 1.0		__DUMMY__ 0.8853116942797251 neg 0.05746212647535409 off 0.05722617924492083	false	1.0
schwindlig	neg 1.0		__DUMMY__ 0.882382899764426 off 0.06268547392476087 neg 0.05493162631081323	false	0.5
lutscher	neg 1.0		__DUMMY__ 0.8685947705648989 off 0.0757044637792904 neg 0.05570076565581067	false	0.5
pflicht	neg 1.0		__DUMMY__ 0.8835084288634086 neg 0.06063754868926709 off 0.055854022447324264	false	1.0
faschist	off 1.0		__DUMMY__ 0.8793921997915456 off 0.06451253232049337 neg 0.056095267887961105	false	1.0
verschleudern	neg 1.0		__DUMMY__ 0.8826600274837951 neg 0.06070218266538823 off 0.05663778985081666	false	1.0
wenn			__DUMMY__ 0.878441834301876 off 0.06513208782078617 neg 0.05642607787733791	false	0.0
ehebruch	neg 1.0		__DUMMY__ 0.8831752271779874 neg 0.05871606150838747 off 0.058108711313625216	false	1.0
spott	off 1.0		__DUMMY__ 0.8826950703386971 neg 0.059612111024259645 off 0.057692818637043196	false	0.5
trostlosigkeit	neg 1.0		__DUMMY__ 0.8873241460575452 neg 0.05752262909105404 off 0.055153224851400666	false	1.0
lutschen	neg 1.0		__DUMMY__ 0.8780797512468674 off 0.06462867705671552 neg 0.057291571696417055	false	0.5
undiszipliniert	neg 1.0		__DUMMY__ 0.8755378094760244 off 0.06860347888574464 neg 0.05585871163823093	false	0.5
kopfschmerz	neg 1.0		__DUMMY__ 0.8818212564472587 neg 0.05962683966519236 off 0.05855190388754895	false	1.0
unvorhergesehen	neg 1.0		__DUMMY__ 0.8892247679640131 off 0.05592118600519918 neg 0.05485404603078763	false	0.5
desinteressiert	neg 1.0	neg 1.0	neg 0.5128123761718159 __DUMMY__ 0.43548326448414276 off 0.05170435934404135	false	1.0
armselig	off 1.0		__DUMMY__ 0.8728501098750382 off 0.06949155646869443 neg 0.057658333656267276	false	1.0
desaster	neg 1.0		__DUMMY__ 0.8860536114348774 neg 0.059820804240557905 off 0.05412558432456464	false	1.0
tod	neg 1.0		__DUMMY__ 0.8879041883268736 off 0.05784046339926862 neg 0.05425534827385781	false	0.5
herzlos	neg 1.0		__DUMMY__ 0.8748402279620755 off 0.06928162587339531 neg 0.0558781461645292	false	0.5
unwissenheit	neg 1.0		__DUMMY__ 0.8815506121549966 neg 0.05957378669775856 off 0.05887560114724481	false	1.0
widersinnig	neg 1.0		__DUMMY__ 0.8784103531460519 neg 0.06256095637054204 off 0.059028690483406046	false	1.0
bedenklich	neg 1.0		__DUMMY__ 0.8814129122518413 neg 0.06058554727379102 off 0.05800154047436778	false	1.0
beanstanden	neg 1.0		__DUMMY__ 0.8843090426924556 neg 0.06025320464103968 off 0.055437752666504705	false	1.0
panisch	neg 1.0	neg 1.0	neg 0.5104975827398662 __DUMMY__ 0.44176387597458083 off 0.04773854128555308	false	1.0
debil	off 1.0		__DUMMY__ 0.8922480414113831 neg 0.05794332066522831 off 0.04980863792338846	false	0.5
abstrich	neg 1.0		__DUMMY__ 0.8895999400629901 off 0.059007342068884784 neg 0.051392717868125014	false	0.5
primitiv	neg 1.0		__DUMMY__ 0.8742188426550586 off 0.06775790220765741 neg 0.058023255137283986	false	0.5
abschaum	off 1.0	off 1.0	off 0.5203998441749774 __DUMMY__ 0.4360962420599638 neg 0.04350391376505882	false	1.0
provozieren	neg 1.0		__DUMMY__ 0.8780491988819018 off 0.062102605248909606 neg 0.05984819586918861	false	0.5
tot	neg 1.0		__DUMMY__ 0.8832992188956463 neg 0.058707465654255664 off 0.057993315450098004	false	1.0
instabil	neg 1.0		__DUMMY__ 0.8755852110207264 off 0.0687818871813417 neg 0.055632901797931844	false	0.5
schwuchtel	off 1.0	off 1.0	off 0.5301354466239275 __DUMMY__ 0.4279507468100197 neg 0.041913806566052834	false	1.0
zerren	neg 1.0		__DUMMY__ 0.8835999413691527 off 0.059147737357963845 neg 0.05725232127288363	false	0.5
kinderficker	off 1.0		__DUMMY__ 0.8737125860022017 off 0.07202864436568569 neg 0.054258769632112694	false	1.0
gefahr	neg 1.0		__DUMMY__ 0.8865077681792832 neg 0.05818522750498491 off 0.05530700431573179	false	1.0
rabiat	neg 1.0		__DUMMY__ 0.8816332756550566 off 0.0612273825064044 neg 0.05713934183853905	false	0.5
verlangsamung	neg 1.0		__DUMMY__ 0.8679089030645752 off 0.07354851900331674 neg 0.05854257793210801	false	0.5
ausgestorben	neg 1.0		__DUMMY__ 0.8828077332835192 off 0.060864424038415355 neg 0.05632784267806529	false	0.5
anklagen	neg 1.0		__DUMMY__ 0.8837685478439404 off 0.0582818037430268 neg 0.057949648413032684	false	0.5
trott	neg 1.0		__DUMMY__ 0.8826486642004524 off 0.0604682071344135 neg 0.0568831286651341	false	0.5
verminderung	neg 1.0		__DUMMY__ 0.8760159125608061 off 0.06726923190957204 neg 0.05671485552962173	false	0.5
nach			__DUMMY__ 0.893083398376769 neg 0.05540630591283979 off 0.05151029571039126	false	0.0
rost	neg 1.0		__DUMMY__ 0.8724237002651886 off 0.07209381601461934 neg 0.05548248372019208	false	0.5
destruktiv	neg 1.0		__DUMMY__ 0.8792626599484061 off 0.06092584004449311 neg 0.05981150000710072	false	0.5
unzumutbarkeit	neg 1.0		__DUMMY__ 0.8793933269303938 off 0.06616630040345012 neg 0.05444037266615612	false	0.5
labil	off 1.0	off 1.0	off 0.5197995811399921 __DUMMY__ 0.437250732240034 neg 0.04294968661997381	false	1.0
ziemlich	neg 1.0		__DUMMY__ 0.8792056451334781 off 0.06666656879544286 neg 0.054127786071079084	false	0.5
lachnummer	off 1.0		__DUMMY__ 0.8791310418988271 off 0.06174571157786792 neg 0.059123246523305	false	1.0
oder			__DUMMY__ 0.8826094319225912 off 0.06164284846550563 neg 0.05574771961190306	false	0.0
verfall	neg 1.0		__DUMMY__ 0.8881760655498568 neg 0.06005307817712061 off 0.05177085627302253	false	1.0
ausgrenzung	neg 1.0		__DUMMY__ 0.8802523637241466 off 0.06268240864496318 neg 0.05706522763089016	false	0.5
unordnung	neg 1.0		__DUMMY__ 0.8805756972410421 off 0.06852090136048804 neg 0.05090340139846973	false	0.5
fehlverhalten	neg 1.0		__DUMMY__ 0.8817568257318817 neg 0.061785776909676536 off 0.05645739735844172	false	1.0
eine			__DUMMY__ 0.8866304773506586 neg 0.057773433045624316 off 0.05559608960371711	false	0.0
nille	neg 1.0		__DUMMY__ 0.8837400887297711 off 0.060620547760440735 neg 0.055639363509788285	false	0.5
qual	neg 1.0		__DUMMY__ 0.8829262396942262 off 0.060106958423405896 neg 0.056966801882367815	false	0.5
verschwenden	neg 1.0		__DUMMY__ 0.8818644578522631 neg 0.06088780246344715 off 0.05724773968428969	false	1.0
riesig	neg 1.0		__DUMMY__ 0.8857898728367549 off 0.05738682926196653 neg 0.05682329790127857	false	0.5
verurteilen	neg 1.0		__DUMMY__ 0.8803551119942786 neg 0.06076921191355189 off 0.058875676092169454	false	1.0
klischee	neg 1.0	neg 1.0	neg 0.514249548760332 __DUMMY__ 0.43661491648953416 off 0.04913553475013386	false	1.0
diktatorisch	neg 1.0		__DUMMY__ 0.8796302972977855 off 0.06232095164078761 neg 0.05804875106142679	false	0.5
vorhersehbar	neg 1.0		__DUMMY__ 0.8765429470574119 off 0.06431161921508737 neg 0.05914543372750083	false	0.5
sowie			__DUMMY__ 0.873147673949624 off 0.07131510280239671 neg 0.055537223247979384	false	0.0
stornieren	neg 1.0		__DUMMY__ 0.8865288655550012 off 0.06257641723480836 neg 0.05089471721019043	false	0.5
besteuerung	neg 1.0		__DUMMY__ 0.8775038788545152 off 0.0614061034664468 neg 0.06109001767903794	false	0.5
ungeschminkt	neg 1.0		__DUMMY__ 0.8738891439788121 off 0.06712189051577132 neg 0.0589889655054165	false	0.5
kritisch	neg 1.0		__DUMMY__ 0.8822228794634293 neg 0.05997535984199696 off 0.057801760694573844	false	1.0
schlamperei	off 1.0		__DUMMY__ 0.8856172952909583 neg 0.05788852891170475 off 0.05649417579733688	false	0.5
sucht	neg 1.0	neg 1.0	neg 0.507860851367671 __DUMMY__ 0.4459533579564293 off 0.04618579067589977	false	1.0
egoistisch	off 1.0		__DUMMY__ 0.8710575556215142 off 0.07208318356059948 neg 0.056859260817886385	false	1.0
ausbeuter	off 1.0		__DUMMY__ 0.8808710019025617 neg 0.06268420605120947 off 0.05644479204622871	false	0.5
arschgeburt	off 1.0		__DUMMY__ 0.8633464943120395 off 0.07963611575110716 neg 0.0570173899368533	false	1.0
schubs	neg 1.0		__DUMMY__ 0.883610874112664 off 0.05864477867638851 neg 0.05774434721094749	false	0.5
unsolide	neg 1.0		__DUMMY__ 0.8782896408594495 off 0.06285643570398813 neg 0.058853923436562344	false	0.5
beschwerde	neg 1.0		__DUMMY__ 0.8835920882709136 neg 0.05916886574236313 off 0.05723904598672325	false	1.0
stocken	neg 1.0		__DUMMY__ 0.8850266630642485 neg 0.05822128035253449 off 0.05675205658321709	false	1.0
isolieren	neg 1.0		__DUMMY__ 0.8833494583997714 neg 0.05845610589441666 off 0.05819443570581199	false	1.0
unheilbar	neg 1.0		__DUMMY__ 0.8815078733312977 off 0.06143729248990674 neg 0.057054834178795526	false	0.5
pisser	off 1.0		__DUMMY__ 0.8745546952113287 off 0.06900047641323141 neg 0.05644482837543991	false	1.0
löschen	neg 1.0		__DUMMY__ 0.8825589199937535 off 0.06084159082141363 neg 0.0565994891848329	false	0.5
durchfallen	neg 1.0		__DUMMY__ 0.880158911335267 neg 0.06149405666180318 off 0.058347032002929754	false	1.0
wichser	off 1.0	off 1.0	off 0.5279835118055167 __DUMMY__ 0.4305764824204724 neg 0.04144000577401095	false	1.0
terror	neg 1.0		__DUMMY__ 0.8808182857316931 off 0.06368096822868569 neg 0.055500746039621275	false	0.5
krass	neg 1.0		__DUMMY__ 0.8748053630426049 off 0.06966872927457017 neg 0.05552590768282499	false	0.5
revolte	neg 1.0		__DUMMY__ 0.8811465242684408 off 0.06308886420039746 neg 0.055764611531161724	false	0.5
besorgt	neg 1.0		__DUMMY__ 0.8875239741768721 off 0.059214483785109746 neg 0.053261542038018125	false	0.5
nachlassen	neg 1.0		__DUMMY__ 0.8875147736081774 off 0.05639256967080004 neg 0.05609265672102252	false	0.5
alt	neg 1.0		__DUMMY__ 0.8827582521408103 neg 0.059193715243355545 off 0.058048032615834126	false	1.0
hundesohn	off 1.0		__DUMMY__ 0.8690522320369808 off 0.0762987422564167 neg 0.05464902570660252	false	1.0
als			__DUMMY__ 0.8827710601593646 off 0.058999991261927946 neg 0.05822894857870742	false	0.0
abschreckung	neg 1.0		__DUMMY__ 0.8844474544042464 neg 0.06026217875351437 off 0.05529036684223922	false	1.0
unqualifiziert	neg 1.0		__DUMMY__ 0.8755824051243237 off 0.06519093082414093 neg 0.05922666405153525	false	0.5
abgewichst	off 1.0		__DUMMY__ 0.8842210603667471 off 0.05983218404804535 neg 0.055946755585207654	false	1.0
schwer	neg 1.0		__DUMMY__ 0.8808407586572068 off 0.06054553108639965 neg 0.05861371025639355	false	0.5
bedeutungslosigkeit	neg 1.0		__DUMMY__ 0.8838791427283236 neg 0.059816881817983135 off 0.056303975453693166	false	1.0
kapitulation	neg 1.0		__DUMMY__ 0.8843945057887833 neg 0.05807741911507304 off 0.05752807509614373	false	1.0
unscharf	neg 1.0		__DUMMY__ 0.8781509308750483 off 0.06289976390187231 neg 0.058949305223079486	false	0.5
schwinden	neg 1.0		__DUMMY__ 0.8853194239875086 neg 0.058743390610735566 off 0.05593718540175584	false	1.0
versklavung	neg 1.0		__DUMMY__ 0.8815463647868851 off 0.06183595653930919 neg 0.05661767867380572	false	0.5
schlecht	neg 1.0		__DUMMY__ 0.8787860910132487 off 0.06688833057076046 neg 0.05432557841599083	false	0.5
verhasst	neg 1.0		__DUMMY__ 0.8764776027182315 off 0.06265236637761258 neg 0.06087003090415579	false	0.5
beschweren	neg 1.0		__DUMMY__ 0.8799255391669564 off 0.06303143077645999 neg 0.05704303005658361	false	0.5
scheiden	neg 1.0		__DUMMY__ 0.884475618606925 off 0.06044820177117313 neg 0.05507617962190192	false	0.5
frustriert	neg 1.0		__DUMMY__ 0.8810326977373626 off 0.0597775767257796 neg 0.05918972553685787	false	0.5
schimmelig	neg 1.0		__DUMMY__ 0.8807182088957312 neg 0.061524759336305516 off 0.0577570317679633	false	1.0
fisch	neg 1.0		__DUMMY__ 0.8838414681269186 neg 0.06132216417724006 off 0.05483636769584145	false	1.0
schmuggel	neg 1.0		__DUMMY__ 0.884567701768349 neg 0.05888047838332124 off 0.05655181984832966	false	1.0
auffallen	neg 1.0		__DUMMY__ 0.8793941260221975 off 0.06374352887836543 neg 0.05686234509943716	false	0.5
konkurrenz	neg 1.0		__DUMMY__ 0.8857722579789288 neg 0.05926971066984084 off 0.05495803135123043	false	1.0
teufelskreis	neg 1.0	neg 1.0	neg 0.5157202754903946 __DUMMY__ 0.43818991468431273 off 0.0460898098252926	false	1.0
aufschreien	neg 1.0		__DUMMY__ 0.87786277188119 off 0.06389346259809074 neg 0.05824376552071918	false	0.5
schuldner	neg 1.0		__DUMMY__ 0.8827259026982356 neg 0.06159158142735151 off 0.05568251587441301	false	1.0
missgeburt	off 1.0	off 1.0	off 0.5251136638095701 __DUMMY__ 0.431680768766575 neg 0.04320556742385485	false	1.0
arbeitslos	neg 1.0		__DUMMY__ 0.8798987245995159 neg 0.06134225899333182 off 0.05875901640715235	false	1.0
befallen	neg 1.0		__DUMMY__ 0.8820733930772812 off 0.05955113028168779 neg 0.058375476641031064	false	0.5
miesepetrig	off 1.0	off 1.0	off 0.5200685915393203 __DUMMY__ 0.43765332147475183 neg 0.04227808698592796	false	1.0
alarmieren	neg 1.0		__DUMMY__ 0.8770039600795259 off 0.0655006362317126 neg 0.057495403688761555	false	0.5
ungeduscht	off 1.0		__DUMMY__ 0.8772090294795601 off 0.06472755668043789 neg 0.05806341384000193	false	1.0
knappheit	neg 1.0		__DUMMY__ 0.8792296397014722 neg 0.06267986623014694 off 0.058090494068380995	false	1.0
schlange	neg 1.0		__DUMMY__ 0.8847001853622486 off 0.062318454756538376 neg 0.05298135988121305	false	0.5
harsch	neg 1.0		__DUMMY__ 0.8776272698228085 off 0.07076697085604361 neg 0.05160575932114788	false	0.5
lang	neg 1.0		__DUMMY__ 0.8825034474513961 off 0.06168821644691811 neg 0.05580833610168572	false	0.5
ziellos	neg 1.0		__DUMMY__ 0.8854646828142886 off 0.05784667499513244 neg 0.0566886421905789	false	0.5
selbstverliebt	neg 1.0		__DUMMY__ 0.8665143016743786 off 0.07724922488475479 neg 0.05623647344086659	false	0.5
beseitigen	neg 1.0		__DUMMY__ 0.8832517635069949 off 0.05937146462545244 neg 0.057376771867552745	false	0.5
dumm	off 1.0		__DUMMY__ 0.8719997540626309 off 0.07266021459433934 neg 0.05534003134302975	false	1.0
arbeitsloser	neg 1.0		__DUMMY__ 0.8832002779183304 off 0.05878868955816572 neg 0.058011032523503876	false	0.5
blitzen	neg 1.0		__DUMMY__ 0.8798258514741712 off 0.06406606472628093 neg 0.056108083799547785	false	0.5
hilflos	neg 1.0		__DUMMY__ 0.8814855720149962 off 0.05927391235511315 neg 0.05924051562989066	false	0.5
eklig	off 1.0		__DUMMY__ 0.8694512789990497 off 0.0732350699068226 neg 0.05731365109412768	false	1.0
begriff			__DUMMY__ 0.8808209747759711 off 0.06043228834626248 neg 0.05874673687776646	false	0.0
hungersnot	neg 1.0		__DUMMY__ 0.8845709535395805 off 0.05858896967196507 neg 0.05684007678845444	false	0.5
ungesetzlich	neg 1.0		__DUMMY__ 0.8768422431091658 off 0.06213131010768517 neg 0.06102644678314913	false	0.5
verschwendung	neg 1.0		__DUMMY__ 0.8835022085553728 neg 0.05961630012358068 off 0.05688149132104652	false	1.0
schmerzvoll	neg 1.0		__DUMMY__ 0.8806476632257687 off 0.06269285444437142 neg 0.05665948232985994	false	0.5
vorzeitig	neg 1.0		__DUMMY__ 0.880803843003108 off 0.06361601832953499 neg 0.05558013866735701	false	0.5
unvollkommenheit	neg 1.0		__DUMMY__ 0.8876422505863308 off 0.05790361410493529 neg 0.05445413530873393	false	0.5
intervenieren	neg 1.0		__DUMMY__ 0.8827127381395399 neg 0.06043002597992983 off 0.056857235880530384	false	1.0
banause	off 1.0		__DUMMY__ 0.8662798185453342 off 0.07574907913358757 neg 0.05797110232107825	false	1.0
rebell	neg 1.0		__DUMMY__ 0.886315756794239 neg 0.060780071266654113 off 0.052904171939106875	false	1.0
unlogisch	neg 1.0		__DUMMY__ 0.8736724309112052 off 0.0691222537731953 neg 0.05720531531559952	false	0.5
leiden	neg 1.0		__DUMMY__ 0.8865283733572431 neg 0.05809836658846769 off 0.05537326005428919	false	1.0
abschaffung	neg 1.0		__DUMMY__ 0.881134137770011 off 0.061280685138097556 neg 0.05758517709189141	false	0.5
sturz	neg 1.0		__DUMMY__ 0.884573869718697 off 0.0609654714961244 neg 0.054460658785178515	false	0.5
verkleinerung	neg 1.0		__DUMMY__ 0.8764216533131304 off 0.06395217071684361 neg 0.059626175970025994	false	0.5
schmarotzer	off 1.0		__DUMMY__ 0.8785292919943647 neg 0.06191811585816734 off 0.059552592147467956	false	0.5
bestrafung	neg 1.0		__DUMMY__ 0.8810547074763856 off 0.06211498833472495 neg 0.056830304188889465	false	0.5
achtlos	neg 1.0	neg 1.0	neg 0.5131776550666768 __DUMMY__ 0.44112924476711063 off 0.04569310016621259	false	1.0
ungeheuer	neg 1.0		__DUMMY__ 0.8821869161898355 off 0.06321617666002745 neg 0.05459690715013704	false	0.5
