unsolidarisch	neg 1.0		__DUMMY__ 0.46430007492778264 off 0.27175470042643296 neg 0.2639452246457844	false	0.5
nachteilig	neg 1.0		__DUMMY__ 0.46824756942183643 off 0.26781021464026017 neg 0.2639422159379035	false	0.5
skeptisch	neg 1.0		__DUMMY__ 0.46888941122891536 off 0.2673726798956021 neg 0.26373790887548265	false	0.5
schrecklich	neg 1.0		__DUMMY__ 0.46260722781432295 off 0.283962332919595 neg 0.2534304392660821	false	0.5
schlapp	neg 1.0		__DUMMY__ 0.4650228339064974 off 0.2796591800558734 neg 0.2553179860376292	false	0.5
abfall	neg 1.0		__DUMMY__ 0.471651646559857 neg 0.26451545175904273 off 0.2638329016811003	false	1.0
widerspenstig	neg 1.0		__DUMMY__ 0.46729129495820915 off 0.27359270681126246 neg 0.2591159982305285	false	0.5
abrupt	neg 1.0		__DUMMY__ 0.471370164868169 off 0.26945996699212293 neg 0.25916986813970805	false	0.5
unwirksam	neg 1.0		__DUMMY__ 0.46394378800407304 off 0.271649886565774 neg 0.2644063254301531	false	0.5
angreifen	neg 1.0		__DUMMY__ 0.4685139360271744 off 0.2671316075521081 neg 0.2643544564207175	false	0.5
inkonsistent	neg 1.0		__DUMMY__ 0.4650467315725991 off 0.2735972904638819 neg 0.26135597796351906	false	0.5
abrutschen	neg 1.0		__DUMMY__ 0.4705505894554127 neg 0.26539699452311233 off 0.26405241602147483	false	1.0
unsicher	neg 1.0		__DUMMY__ 0.46800714511576913 off 0.2734298658591972 neg 0.2585629890250338	false	0.5
bauernkind	off 1.0	off 1.0	off 0.6303334030369581 __DUMMY__ 0.22096571486357522 neg 0.14870088209946677	false	1.0
angreifer	neg 1.0	neg 1.0	neg 0.6149767518674738 __DUMMY__ 0.2281847254671574 off 0.15683852266536882	false	1.0
trennen	neg 1.0		__DUMMY__ 0.4714101921051231 off 0.26797035619046605 neg 0.26061945170441075	false	0.5
schmutz	neg 1.0		__DUMMY__ 0.4698686250178289 off 0.2764333705396901 neg 0.25369800444248114	false	0.5
inkonsistenz	neg 1.0		__DUMMY__ 0.4605567287816489 off 0.2776652051313529 neg 0.2617780660869984	false	0.5
erschreckend	neg 1.0		__DUMMY__ 0.4664141048110395 off 0.2718919078084374 neg 0.2616939873805231	false	0.5
ertrinken	neg 1.0		__DUMMY__ 0.4696262550363603 off 0.2682094769547774 neg 0.2621642680088623	false	0.5
pickelface	off 1.0		__DUMMY__ 0.46828672138359145 off 0.27245327090924965 neg 0.259260007707159	false	1.0
seiner			__DUMMY__ 0.46937455363357394 off 0.26799633447234794 neg 0.2626291118940781	false	0.0
lauch	neg 1.0		__DUMMY__ 0.4719856591548954 off 0.2653315363258851 neg 0.26268280451921944	false	0.5
unwichtig	neg 1.0		__DUMMY__ 0.46306886978899947 off 0.2781944388940647 neg 0.25873669131693583	false	0.5
steuerhinterziehung	neg 1.0	neg 1.0	neg 0.6191757254421181 __DUMMY__ 0.22752501759158333 off 0.1532992569662985	false	1.0
schock	neg 1.0		__DUMMY__ 0.46877159494079157 off 0.2727170468079037 neg 0.2585113582513049	false	0.5
beule	neg 1.0		__DUMMY__ 0.46370566155881116 off 0.28042278192198694 neg 0.25587155651920185	false	0.5
vergelten	neg 1.0		__DUMMY__ 0.46543278980994907 off 0.2834900986919041 neg 0.2510771114981469	false	0.5
verdorbenheit	neg 1.0		__DUMMY__ 0.46971678011521956 off 0.27512629400059757 neg 0.25515692588418293	false	0.5
trauma	neg 1.0		__DUMMY__ 0.46687762847230674 off 0.2743808568845573 neg 0.2587415146431359	false	0.5
sinnlos	neg 1.0		__DUMMY__ 0.46605142839830616 off 0.2757733979787255 neg 0.25817517362296827	false	0.5
fettsack	off 1.0	off 1.0	off 0.6316131906919383 __DUMMY__ 0.22202513524670645 neg 0.14636167406135525	false	1.0
feige	off 1.0	off 1.0	off 0.6281282378589076 __DUMMY__ 0.22431485315228927 neg 0.14755690898880316	false	1.0
abdanken	neg 1.0		__DUMMY__ 0.46792399215697394 off 0.27264738333098537 neg 0.2594286245120407	false	0.5
wichtigtuer	off 1.0	off 1.0	off 0.6266457185131905 __DUMMY__ 0.22541242397690403 neg 0.14794185750990543	false	1.0
misslingen	neg 1.0		__DUMMY__ 0.4713968048465126 off 0.27557162525025514 neg 0.2530315699032323	false	0.5
untreu	off 1.0		__DUMMY__ 0.46398813476277084 off 0.2793057940223075 neg 0.2567060712149215	false	1.0
missmutig	neg 1.0		__DUMMY__ 0.4653157431834449 off 0.2788840652737995 neg 0.2558001915427555	false	0.5
hurenbock	off 1.0		__DUMMY__ 0.46790571777822654 off 0.27611939385176737 neg 0.255974888370006	false	1.0
betrunken	neg 1.0		__DUMMY__ 0.46414112475581104 off 0.28158460329973356 neg 0.2542742719444553	false	0.5
korrupt	off 1.0		__DUMMY__ 0.46517351345122016 off 0.26909892140289776 neg 0.2657275651458822	false	1.0
unmut	neg 1.0		__DUMMY__ 0.47105066299727116 neg 0.2645591445675504 off 0.2643901924351785	false	1.0
hackfresse	off 1.0		__DUMMY__ 0.4594739981812804 off 0.2874853806105097 neg 0.2530406212082099	false	1.0
aufblasen	neg 1.0		__DUMMY__ 0.46721044149073643 off 0.2757521417547508 neg 0.25703741675451275	false	0.5
gewaltsam	neg 1.0		__DUMMY__ 0.46895144255236715 off 0.27197751251647245 neg 0.2590710449311605	false	0.5
unbeliebtheit	neg 1.0		__DUMMY__ 0.4631069437943954 off 0.2770418308263034 neg 0.2598512253793012	false	0.5
sturheit	neg 1.0		__DUMMY__ 0.4666615367530657 off 0.27118926088870127 neg 0.26214920235823314	false	0.5
kuh	neg 1.0		__DUMMY__ 0.4620811805005683 off 0.2745331509569126 neg 0.2633856685425189	false	0.5
erschrecken	neg 1.0		__DUMMY__ 0.46610449110985513 off 0.27880610328269767 neg 0.2550894056074473	false	0.5
opfer	neg 1.0		__DUMMY__ 0.46877647708130965 off 0.26919761209886806 neg 0.26202591081982235	false	0.5
sinken	neg 1.0		__DUMMY__ 0.4714874163290593 off 0.2653998456161964 neg 0.26311273805474433	false	0.5
stinktier	neg 1.0		__DUMMY__ 0.45720246412459414 off 0.28272669894985103 neg 0.260070836925555	false	0.5
tucke	off 1.0		__DUMMY__ 0.4572904882114962 off 0.28808609820007985 neg 0.25462341358842405	false	1.0
ein			__DUMMY__ 0.4672509549396694 off 0.2747393686920344 neg 0.2580096763682962	false	0.0
abstieg	neg 1.0		__DUMMY__ 0.47020635907016034 off 0.2684079293301301 neg 0.2613857115997097	false	0.5
missverstehen	neg 1.0		__DUMMY__ 0.4632490585878491 off 0.2756900689839715 neg 0.26106087242817944	false	0.5
ergebnislos	neg 1.0		__DUMMY__ 0.47029492068783363 off 0.26802072108704705 neg 0.2616843582251194	false	0.5
unter			__DUMMY__ 0.475627211614659 neg 0.264505328665945 off 0.25986745971939584	false	0.0
manipulieren	neg 1.0		__DUMMY__ 0.4695317304927458 off 0.2670827736296679 neg 0.26338549587758625	false	0.5
unbewiesen	neg 1.0		__DUMMY__ 0.463394150359937 off 0.27131522319599016 neg 0.2652906264440729	false	0.5
verschleppen	neg 1.0		__DUMMY__ 0.46795876981638834 off 0.2692704251943506 neg 0.26277080498926114	false	0.5
weib	off 1.0		__DUMMY__ 0.4562771262465097 off 0.28711392747115994 neg 0.2566089462823304	false	1.0
opposition	neg 1.0		__DUMMY__ 0.46516571273279883 off 0.2744986323641657 neg 0.2603356549030354	false	0.5
verkehrswidrig	neg 1.0		__DUMMY__ 0.46611393402054846 off 0.2852112962250181 neg 0.24867476975443345	false	0.5
inkorrekt	neg 1.0		__DUMMY__ 0.460356662347698 off 0.2820036889863468 neg 0.2576396486659551	false	0.5
vermeiden	neg 1.0	neg 1.0	neg 0.6201083980922191 __DUMMY__ 0.23053329371201048 off 0.1493583081957704	false	1.0
abweichung	neg 1.0		__DUMMY__ 0.4682756182105281 off 0.2688446319394918 neg 0.2628797498499801	false	0.5
alkoholisiert	neg 1.0		__DUMMY__ 0.47037255518302845 off 0.2685261674881988 neg 0.2611012773287727	false	0.5
scheiss	off 1.0	off 1.0	off 0.6287979519162061 __DUMMY__ 0.22498114218846854 neg 0.1462209058953254	false	1.0
herausforderung	neg 1.0		__DUMMY__ 0.46940148698694634 off 0.2674614329309123 neg 0.2631370800821413	false	0.5
pervers	off 1.0		__DUMMY__ 0.4571868144418692 off 0.2911365671620305 neg 0.25167661839610017	false	1.0
wackelig	neg 1.0		__DUMMY__ 0.47097151864099573 off 0.27214045349599614 neg 0.25688802786300813	false	0.5
verwickeln	neg 1.0		__DUMMY__ 0.46354873526570284 off 0.2750714544762797 neg 0.2613798102580175	false	0.5
vorwand	neg 1.0		__DUMMY__ 0.46876174212159066 off 0.2666072395762811 neg 0.26463101830212826	false	0.5
muschi	off 1.0		__DUMMY__ 0.4682244808896521 off 0.2726200696882288 neg 0.25915544942211893	false	1.0
entmutigung	neg 1.0		__DUMMY__ 0.46637445341325834 off 0.27450584398255096 neg 0.2591197026041908	false	0.5
unangemessen	neg 1.0		__DUMMY__ 0.4653863040865951 off 0.27032307590960214 neg 0.2642906200038029	false	0.5
unstetig	neg 1.0		__DUMMY__ 0.4664653788586333 off 0.27655720598233263 neg 0.256977415159034	false	0.5
entmutigen	neg 1.0		__DUMMY__ 0.4664034492453933 off 0.2741784916823385 neg 0.25941805907226834	false	0.5
schwanz	neg 1.0		__DUMMY__ 0.46932121896528456 off 0.2697432940588989 neg 0.2609354869758165	false	0.5
verbot	neg 1.0		__DUMMY__ 0.4677328205647413 off 0.2696607953523711 neg 0.26260638408288767	false	0.5
leid	neg 1.0		__DUMMY__ 0.46025722475642644 off 0.28515524365833145 neg 0.25458753158524206	false	0.5
archaisch	neg 1.0		__DUMMY__ 0.46719683561345965 off 0.27143383522755815 neg 0.26136932915898214	false	0.5
gegen			__DUMMY__ 0.4714586740959388 off 0.26550168254918727 neg 0.26303964335487395	false	0.0
scheidung	neg 1.0		__DUMMY__ 0.4596070133978084 off 0.2977322182361385 neg 0.24266076836605316	false	0.5
einschlag	neg 1.0		__DUMMY__ 0.4631442734793795 off 0.2824754551565465 neg 0.25438027136407404	false	0.5
m			__DUMMY__ 0.4693440704150147 off 0.27101014448411764 neg 0.2596457851008676	false	0.0
abgestanden	neg 1.0		__DUMMY__ 0.46575493562871606 off 0.27357432367123485 neg 0.2606707407000491	false	0.5
schmierig	off 1.0		__DUMMY__ 0.461961838767892 off 0.28488167188634644 neg 0.2531564893457617	false	1.0
unpraktisch	neg 1.0		__DUMMY__ 0.4670021633949778 off 0.27532526664935547 neg 0.2576725699556668	false	0.5
wixxer	off 1.0		__DUMMY__ 0.4555686164496716 off 0.29071133779581354 neg 0.2537200457545148	false	1.0
bezeichnet			__DUMMY__ 0.46496434025135724 off 0.2724463719863699 neg 0.26258928776227297	false	0.0
jammerlappen	off 1.0		__DUMMY__ 0.46529135975271524 off 0.2792184935634502 neg 0.2554901466838345	false	1.0
farce	neg 1.0		__DUMMY__ 0.4672717180391105 off 0.27087059058885266 neg 0.2618576913720369	false	0.5
zwecklos	neg 1.0		__DUMMY__ 0.46653340973962826 off 0.2703562239938421 neg 0.26311036626652956	false	0.5
turbulent	neg 1.0		__DUMMY__ 0.4626579115917918 off 0.280091056317268 neg 0.2572510320909401	false	0.5
invasion	neg 1.0		__DUMMY__ 0.4659161853419401 off 0.27546942924297624 neg 0.2586143854150837	false	0.5
schuld	neg 1.0		__DUMMY__ 0.4652458004289352 off 0.2739781129602233 neg 0.26077608661084145	false	0.5
risiko	neg 1.0	neg 1.0	neg 0.6157773705681597 __DUMMY__ 0.22803339578467552 off 0.15618923364716475	false	1.0
finster	neg 1.0		__DUMMY__ 0.4649497456769664 off 0.2741824040548204 neg 0.26086785026821313	false	0.5
geisteskrank	off 1.0		__DUMMY__ 0.4606414342107683 off 0.27968473072448524 neg 0.2596738350647465	false	1.0
zusammenbrechen	neg 1.0		__DUMMY__ 0.4678735964615168 off 0.2710632225936109 neg 0.2610631809448723	false	0.5
ausbeute	neg 1.0		__DUMMY__ 0.4743705498225741 off 0.27154701537892956 neg 0.25408243479849635	false	0.5
hinterhalt	neg 1.0		__DUMMY__ 0.4732807266304757 off 0.27354911307883245 neg 0.25317016029069167	false	0.5
kritik	neg 1.0		__DUMMY__ 0.46696641833704733 off 0.27046692232796526 neg 0.26256665933498735	false	0.5
einschrumpfen	neg 1.0		__DUMMY__ 0.4637920569693262 off 0.2773074558722179 neg 0.258900487158456	false	0.5
riskant	neg 1.0		__DUMMY__ 0.46763673451920507 off 0.26759613258409687 neg 0.264767132896698	false	0.5
frustrieren	neg 1.0		__DUMMY__ 0.4677852801901543 off 0.26886533781228295 neg 0.26334938199756286	false	0.5
groll	neg 1.0		__DUMMY__ 0.4666753593216769 off 0.2697841741175582 neg 0.26354046656076485	false	0.5
gibt			__DUMMY__ 0.46813918989854486 off 0.2712691390567 neg 0.26059167104475517	false	0.0
qualvoll	neg 1.0		__DUMMY__ 0.46613515393852745 off 0.27706103322716863 neg 0.25680381283430387	false	0.5
wackeln	neg 1.0		__DUMMY__ 0.4687712431555109 off 0.27510564404088983 neg 0.25612311280359923	false	0.5
klagen	neg 1.0		__DUMMY__ 0.46995294092007833 neg 0.2651137866516498 off 0.26493327242827197	false	1.0
bankrott	neg 1.0		__DUMMY__ 0.4662564160195764 off 0.27874419246188115 neg 0.2549993915185424	false	0.5
trauern	neg 1.0		__DUMMY__ 0.47087668293134055 off 0.2695117942683425 neg 0.2596115228003169	false	0.5
ablehnung	neg 1.0		__DUMMY__ 0.46691051579269466 off 0.27005859343768956 neg 0.26303089076961567	false	0.5
stur	neg 1.0		__DUMMY__ 0.4654313850591636 off 0.27430548046968467 neg 0.26026313447115174	false	0.5
aufruhr	neg 1.0		__DUMMY__ 0.46818389346786904 off 0.2721808925336434 neg 0.2596352139984874	false	0.5
melancholie	neg 1.0		__DUMMY__ 0.4696702349126373 off 0.2701907084597912 neg 0.2601390566275715	false	0.5
ist			__DUMMY__ 0.466314920685437 off 0.27557365178069804 neg 0.2581114275338649	false	0.0
torheit	neg 1.0		__DUMMY__ 0.4666831606207772 off 0.2734672097549779 neg 0.2598496296242449	false	0.5
dreckskind	off 1.0		__DUMMY__ 0.458055546514687 off 0.28554438089726975 neg 0.2564000725880433	false	1.0
umtauschen	neg 1.0		__DUMMY__ 0.467880321724999 off 0.2731659165108855 neg 0.25895376176411544	false	0.5
zum			__DUMMY__ 0.47592626998460075 off 0.2643841599260827 neg 0.2596895700893164	false	0.0
zersetzen	neg 1.0		__DUMMY__ 0.4677844724319166 off 0.26657577181200814 neg 0.2656397557560752	false	0.5
zur			__DUMMY__ 0.4741444273431162 neg 0.26308419108150977 off 0.26277138157537405	false	0.0
frust	neg 1.0		__DUMMY__ 0.4683212271182435 off 0.27123478540929236 neg 0.2604439874724641	false	0.5
unerbittlichkeit	neg 1.0		__DUMMY__ 0.46891357669916695 off 0.26702669115327315 neg 0.26405973214755996	false	0.5
zwei			__DUMMY__ 0.4747689194134712 off 0.26538211779771853 neg 0.25984896278881026	false	0.0
unkorrekt	neg 1.0		__DUMMY__ 0.461991697002425 off 0.28219754248619655 neg 0.2558107605113784	false	0.5
hexe	off 1.0		__DUMMY__ 0.46212705808189664 off 0.2783160689157405 neg 0.25955687300236285	false	1.0
lasch	neg 1.0		__DUMMY__ 0.4631667878806646 off 0.27696098048911344 neg 0.25987223163022194	false	0.5
rivale	neg 1.0		__DUMMY__ 0.46303670476999265 off 0.2814317723473005 neg 0.25553152288270686	false	0.5
mutlos	off 1.0	off 1.0	off 0.6220658685957389 __DUMMY__ 0.22729702735967924 neg 0.15063710404458175	false	1.0
wirr	off 1.0		__DUMMY__ 0.46043312765757877 off 0.28263785928591595 neg 0.2569290130565054	false	1.0
jahr			__DUMMY__ 0.47530804331585796 off 0.26894991827632014 neg 0.25574203840782184	false	0.0
wird			__DUMMY__ 0.46827298428460346 off 0.2698271529263776 neg 0.26189986278901894	false	0.0
strafbar	neg 1.0		__DUMMY__ 0.4674867612286647 off 0.2681187457672123 neg 0.2643944930041231	false	0.5
erosion	neg 1.0		__DUMMY__ 0.46866609669184955 off 0.2739265311273132 neg 0.2574073721808373	false	0.5
eingehen	neg 1.0		__DUMMY__ 0.4674382885608577 off 0.26839757466767483 neg 0.26416413677146755	false	0.5
faul	off 1.0		__DUMMY__ 0.46613877454774055 off 0.278707916145244 neg 0.2551533093070155	false	1.0
provisorium	neg 1.0		__DUMMY__ 0.47642000295181375 neg 0.2626017925880377 off 0.2609782044601484	false	1.0
schmerzen	neg 1.0		__DUMMY__ 0.46640496703239204 off 0.27157928181083335 neg 0.2620157511567746	false	0.5
schrumpfen	neg 1.0		__DUMMY__ 0.4708824177466984 neg 0.2672602758376608 off 0.26185730641564087	false	1.0
geistlos	off 1.0		__DUMMY__ 0.4623415000351437 off 0.27498661005029146 neg 0.26267188991456497	false	1.0
fehlkauf	neg 1.0		__DUMMY__ 0.4670011602775671 off 0.2757299337232744 neg 0.25726890599915836	false	0.5
frustrierend	neg 1.0		__DUMMY__ 0.4648526840051454 off 0.2776541738895901 neg 0.25749314210526447	false	0.5
unzufrieden	neg 1.0		__DUMMY__ 0.4665217886543432 off 0.2699158587014762 neg 0.2635623526441806	false	0.5
verzweifeln	neg 1.0		__DUMMY__ 0.46725270249739415 off 0.27199335573434313 neg 0.2607539417682626	false	0.5
verzweifelt	neg 1.0	neg 1.0	neg 0.6186888416013817 __DUMMY__ 0.2257708950671124 off 0.15554026333150592	false	1.0
misstrauensantrag	neg 1.0		__DUMMY__ 0.4660013028973105 off 0.2757128121244349 neg 0.2582858849782547	false	0.5
abfallen	neg 1.0		__DUMMY__ 0.4683830667572546 off 0.27500100992846227 neg 0.2566159233142831	false	0.5
fucker	off 1.0		__DUMMY__ 0.46404284742149016 off 0.282592930763551 neg 0.25336422181495893	false	1.0
ungezogen	neg 1.0		__DUMMY__ 0.45807305583588986 off 0.2902993915065933 neg 0.25162755265751696	false	0.5
irrsinnig	neg 1.0	neg 1.0	neg 0.6182491747943601 __DUMMY__ 0.22609664317991277 off 0.155654182025727	false	1.0
unfassbar	neg 1.0		__DUMMY__ 0.464634697303234 off 0.28053185881875664 neg 0.25483344387800927	false	0.5
hart	neg 1.0		__DUMMY__ 0.46405675218749504 off 0.2797101084679593 neg 0.2562331393445456	false	0.5
widerlich	off 1.0		__DUMMY__ 0.4619841656580852 off 0.2802624794193957 neg 0.2577533549225191	false	1.0
fatal	neg 1.0		__DUMMY__ 0.4661175430793171 off 0.27599681271319737 neg 0.25788564420748566	false	0.5
bruch	neg 1.0		__DUMMY__ 0.4707849872656163 off 0.2657786955530202 neg 0.2634363171813637	false	0.5
aushungern	neg 1.0		__DUMMY__ 0.46821717652516737 off 0.2710193591172024 neg 0.26076346435763015	false	0.5
anspannung	neg 1.0		__DUMMY__ 0.4749994422023752 off 0.26409133742683755 neg 0.2609092203707873	false	0.5
von			__DUMMY__ 0.47645950483463434 off 0.2694472063936661 neg 0.25409328877169957	false	0.0
kraftlos	neg 1.0		__DUMMY__ 0.4691269708401989 off 0.2709073529443973 neg 0.2599656762154038	false	0.5
vom			__DUMMY__ 0.4777232395058577 off 0.2621900993776179 neg 0.2600866611165244	false	0.0
grenzdebil	off 1.0		__DUMMY__ 0.4646094034177808 off 0.280987319067182 neg 0.2544032775150371	false	1.0
vor			__DUMMY__ 0.47170467032718105 off 0.2670005320382668 neg 0.26129479763455205	false	0.0
unterwerfen	neg 1.0		__DUMMY__ 0.468387462058738 off 0.2689694457414407 neg 0.26264309219982135	false	0.5
versenkung	neg 1.0		__DUMMY__ 0.47002609316663324 off 0.2697740276107852 neg 0.26019987922258153	false	0.5
entziehen	neg 1.0		__DUMMY__ 0.469818893795964 off 0.2655491470644487 neg 0.26463195913958726	false	0.5
finanzkrise	neg 1.0		__DUMMY__ 0.4663327313720677 off 0.27140846191519663 neg 0.26225880671273577	false	0.5
schimpfend	neg 1.0		__DUMMY__ 0.4662105225004879 off 0.27559197701600646 neg 0.2581975004835057	false	0.5
profan	neg 1.0		__DUMMY__ 0.46500028665214593 off 0.27611971600949314 neg 0.2588799973383611	false	0.5
korruption	neg 1.0		__DUMMY__ 0.46791048707949623 off 0.2694316633855413 neg 0.2626578495349625	false	0.5
â			__DUMMY__ 0.4700583009342134 off 0.2706106371626444 neg 0.25933106190314203	false	0.0
schmutzig	neg 1.0		__DUMMY__ 0.46500426518165827 off 0.28174242992807447 neg 0.25325330489026726	false	0.5
sexy	neg 1.0		__DUMMY__ 0.46633699896503383 off 0.27789834437048383 neg 0.25576465666448217	false	0.5
abraten	neg 1.0		__DUMMY__ 0.466190770982659 off 0.27568650990526716 neg 0.2581227191120739	false	0.5
schwarz	neg 1.0		__DUMMY__ 0.46628881946867157 off 0.275125955238898 neg 0.2585852252924305	false	0.5
fotze	off 1.0	off 1.0	off 0.6239740249557862 __DUMMY__ 0.22847764147110208 neg 0.14754833357311173	false	1.0
verwirren	neg 1.0		__DUMMY__ 0.46524387323518024 off 0.27681324252012746 neg 0.25794288424469236	false	0.5
zahnlos	off 1.0		__DUMMY__ 0.4668951547034422 off 0.2711537984945303 neg 0.26195104680202763	false	1.0
verheeren	neg 1.0		__DUMMY__ 0.4588408084673147 off 0.2922244600661599 neg 0.2489347314665254	false	0.5
hippie	neg 1.0		__DUMMY__ 0.4663524263723901 off 0.27742671026562865 neg 0.2562208633619812	false	0.5
rammen	neg 1.0		__DUMMY__ 0.4652272377766171 off 0.27454623850423704 neg 0.260226523719146	false	0.5
unlauter	neg 1.0		__DUMMY__ 0.46446430473538675 off 0.2734843328418067 neg 0.2620513624228064	false	0.5
unheilvoll	neg 1.0		__DUMMY__ 0.4669561267103425 off 0.27575451687088176 neg 0.2572893564187756	false	0.5
niedrig	neg 1.0		__DUMMY__ 0.4673715696443504 off 0.26703950336230425 neg 0.2655889269933453	false	0.5
explosion	neg 1.0		__DUMMY__ 0.46586261028092146 off 0.2765549421901297 neg 0.2575824475289488	false	0.5
weichei	off 1.0	off 1.0	off 0.6322456846876076 __DUMMY__ 0.22304024980208645 neg 0.14471406551030594	false	1.0
minusmensch	off 1.0		__DUMMY__ 0.4570867683009916 off 0.28818866650846864 neg 0.2547245651905398	false	1.0
farblos	neg 1.0		__DUMMY__ 0.4680992616732443 off 0.27315741854438275 neg 0.25874331978237286	false	0.5
unwissend	neg 1.0	neg 1.0	neg 0.6168907993619225 __DUMMY__ 0.22491644528621355 off 0.15819275535186392	false	1.0
traurig	neg 1.0		__DUMMY__ 0.463355412983635 off 0.2832677758379243 neg 0.25337681117844085	false	0.5
senkung	neg 1.0		__DUMMY__ 0.46398310492564426 off 0.2756358761465736 neg 0.2603810189277822	false	0.5
ungleich	neg 1.0	neg 1.0	neg 0.620857518406885 __DUMMY__ 0.2274629496031619 off 0.15167953198995307	false	1.0
heikel	neg 1.0		__DUMMY__ 0.4676234374497124 off 0.2675617499600254 neg 0.26481481259026235	false	0.5
drosselung	neg 1.0		__DUMMY__ 0.46389991899786004 off 0.2804751737060606 neg 0.2556249072960793	false	0.5
falsch	neg 1.0		__DUMMY__ 0.4641206480798812 off 0.2776504286751124 neg 0.2582289232450064	false	0.5
unzufriedenheit	neg 1.0		__DUMMY__ 0.4693033198340569 off 0.26628455570287446 neg 0.2644121244630687	false	0.5
kurz	neg 1.0		__DUMMY__ 0.47020260300160044 off 0.2725648401330242 neg 0.2572325568653754	false	0.5
unsinnig	neg 1.0		__DUMMY__ 0.4657511512435477 off 0.27092846280180394 neg 0.2633203859546484	false	0.5
penner	off 1.0	off 1.0	off 0.6333353133863155 __DUMMY__ 0.2229064329508503 neg 0.14375825366283412	false	1.0
seicht	neg 1.0		__DUMMY__ 0.45678271446183827 off 0.2890195774709618 neg 0.25419770806719993	false	0.5
dummheit	off 1.0	off 1.0	off 0.6268083314995436 __DUMMY__ 0.22522842827361375 neg 0.14796324022684262	false	1.0
unerfreulich	neg 1.0		__DUMMY__ 0.4692302118004244 off 0.26713282250715004 neg 0.2636369656924257	false	0.5
motherfucker	off 1.0	off 1.0	off 0.629979853430743 __DUMMY__ 0.22524251797475628 neg 0.1447776285945007	false	1.0
pikiert	neg 1.0		__DUMMY__ 0.4629551405296406 off 0.2796569745016646 neg 0.25738788496869486	false	0.5
wrack	neg 1.0		__DUMMY__ 0.46978484434926027 off 0.27134337363777405 neg 0.2588717820129659	false	0.5
gangster	neg 1.0		__DUMMY__ 0.4662501322119718 off 0.2774619015482941 neg 0.25628796623973404	false	0.5
krank	neg 1.0		__DUMMY__ 0.46484604127730117 off 0.28107558203330274 neg 0.25407837668939615	false	0.5
reich	neg 1.0		__DUMMY__ 0.46628844221268734 off 0.2800523009388699 neg 0.2536592568484427	false	0.5
gnadenlos	neg 1.0		__DUMMY__ 0.46587529353749835 off 0.27435795443164657 neg 0.2597667520308552	false	0.5
niedergeschlagen	neg 1.0		__DUMMY__ 0.4684124088261909 off 0.2719095639005696 neg 0.2596780272732396	false	0.5
terrorisieren	off 1.0	off 1.0	off 0.6226428546563819 __DUMMY__ 0.22823296142617938 neg 0.14912418391743865	false	1.0
sinnlosigkeit	neg 1.0		__DUMMY__ 0.467297207640879 off 0.27065925546235314 neg 0.26204353689676774	false	0.5
behindern	neg 1.0		__DUMMY__ 0.46795878830178544 off 0.27262326911126705 neg 0.25941794258694756	false	0.5
undemokratisch	neg 1.0		__DUMMY__ 0.46597769867335975 off 0.27401055525128565 neg 0.2600117460753545	false	0.5
wirtschaftskrise	neg 1.0		__DUMMY__ 0.467626912007493 off 0.269088469925939 neg 0.26328461806656805	false	0.5
neid	neg 1.0		__DUMMY__ 0.4662203472379576 off 0.27834358502193945 neg 0.25543606774010297	false	0.5
rutschen	neg 1.0		__DUMMY__ 0.47520644884152724 off 0.2654120808792945 neg 0.2593814702791782	false	0.5
rezession	neg 1.0		__DUMMY__ 0.4583295844260217 off 0.28150930541241437 neg 0.260161110161564	false	0.5
fehlgeburt	neg 1.0		__DUMMY__ 0.46729987775000215 off 0.27572447426602203 neg 0.25697564798397593	false	0.5
charakterschwach	off 1.0		__DUMMY__ 0.4620961197363097 off 0.2800338271496951 neg 0.25787005311399525	false	1.0
isolation	neg 1.0		__DUMMY__ 0.46563387052002375 off 0.27765184631931394 neg 0.25671428316066236	false	0.5
ablenkung	neg 1.0		__DUMMY__ 0.4680104950864283 off 0.27379227219118174 neg 0.25819723272238987	false	0.5
pech	neg 1.0		__DUMMY__ 0.46508336190824334 off 0.27759499193847986 neg 0.2573216461532768	false	0.5
vermeidung	neg 1.0		__DUMMY__ 0.464447594539088 off 0.28088452098779776 neg 0.25466788447311417	false	0.5
dominieren	neg 1.0		__DUMMY__ 0.4697582712905722 off 0.26924518600766484 neg 0.2609965427017629	false	0.5
schwindlig	neg 1.0		__DUMMY__ 0.4673596019727456 off 0.2764854348730906 neg 0.2561549631541638	false	0.5
lutscher	neg 1.0		__DUMMY__ 0.45733532659610415 off 0.2898579483081547 neg 0.2528067250957412	false	0.5
pflicht	neg 1.0		__DUMMY__ 0.4686633843881222 off 0.26646100220752766 neg 0.26487561340435006	false	0.5
faschist	off 1.0		__DUMMY__ 0.46537999796536306 off 0.27710758329273927 neg 0.2575124187418976	false	1.0
verschleudern	neg 1.0		__DUMMY__ 0.4678005443737297 off 0.2674445048874724 neg 0.2647549507387979	false	0.5
wenn			__DUMMY__ 0.46471871969804984 off 0.2781054748945276 neg 0.2571758054074225	false	0.0
ehebruch	neg 1.0		__DUMMY__ 0.4682527157130195 off 0.2695023510118497 neg 0.26224493327513076	false	0.5
spott	off 1.0		__DUMMY__ 0.4679507005718155 off 0.2687426761496022 neg 0.2633066232785823	false	1.0
trostlosigkeit	neg 1.0		__DUMMY__ 0.4712774792551788 off 0.2668660667640789 neg 0.2618564539807423	false	0.5
lutschen	neg 1.0		__DUMMY__ 0.46443831869568514 off 0.2772970544027142 neg 0.25826462690160057	false	0.5
undiszipliniert	neg 1.0		__DUMMY__ 0.462458837009569 off 0.28215960349476277 neg 0.25538155949566815	false	0.5
kopfschmerz	neg 1.0		__DUMMY__ 0.46707468784448775 off 0.27053507612037964 neg 0.26239023603513256	false	0.5
unvorhergesehen	neg 1.0		__DUMMY__ 0.47250156644680885 off 0.2692237507775514 neg 0.2582746827756397	false	0.5
desinteressiert	neg 1.0	neg 1.0	neg 0.6155604349672851 __DUMMY__ 0.22458488257288836 off 0.15985468245982667	false	1.0
armselig	off 1.0		__DUMMY__ 0.46059021359997065 off 0.28227593448460814 neg 0.2571338519154211	false	1.0
desaster	neg 1.0		__DUMMY__ 0.4704610406978422 off 0.26484553190660437 neg 0.2646934273955535	false	0.5
tod	neg 1.0		__DUMMY__ 0.4714478781432504 off 0.27117505704753947 neg 0.2573770648092101	false	0.5
herzlos	neg 1.0		__DUMMY__ 0.4619724021954861 off 0.2827826644229158 neg 0.2552449333815982	false	0.5
unwissenheit	neg 1.0		__DUMMY__ 0.46706923418207297 off 0.27011016087802114 neg 0.2628206049399058	false	0.5
widersinnig	neg 1.0		__DUMMY__ 0.46476970599117495 off 0.26920193443749835 neg 0.2660283595713266	false	0.5
bedenklich	neg 1.0		__DUMMY__ 0.46705001208687125 off 0.268883691272219 neg 0.2640662966409097	false	0.5
beanstanden	neg 1.0		__DUMMY__ 0.4691563843255937 off 0.26618604451412314 neg 0.2646575711602832	false	0.5
panisch	neg 1.0	neg 1.0	neg 0.6146373115020488 __DUMMY__ 0.22801767343412696 off 0.1573450150638244	false	1.0
debil	off 1.0		__DUMMY__ 0.4748339140009717 neg 0.26374021688081195 off 0.26142586911821647	false	0.5
abstrich	neg 1.0		__DUMMY__ 0.47231327607311807 off 0.27413197125738414 neg 0.25355475266949784	false	0.5
primitiv	neg 1.0		__DUMMY__ 0.4615893222064182 off 0.2803452790351587 neg 0.2580653987584231	false	0.5
abschaum	off 1.0	off 1.0	off 0.6284805891546346 __DUMMY__ 0.22499867970680817 neg 0.14652073113855713	false	1.0
provozieren	neg 1.0		__DUMMY__ 0.46456907192383423 off 0.27355170423413144 neg 0.26187922384203444	false	0.5
tot	neg 1.0		__DUMMY__ 0.46804343720753483 off 0.2701567669498988 neg 0.26179979584256635	false	0.5
instabil	neg 1.0		__DUMMY__ 0.4624817349129399 off 0.28234239645671816 neg 0.25517586863034186	false	0.5
schwuchtel	off 1.0	off 1.0	off 0.6367663189879198 __DUMMY__ 0.22047508490187256 neg 0.1427585961102076	false	1.0
zerren	neg 1.0		__DUMMY__ 0.4686154514231723 off 0.27131233779363634 neg 0.26007221078319126	false	0.5
kinderficker	off 1.0		__DUMMY__ 0.4610745938296589 off 0.28598742298815666 neg 0.2529379831821844	false	1.0
gefahr	neg 1.0		__DUMMY__ 0.47072105946645326 off 0.2666745019741102 neg 0.2626044385594365	false	0.5
rabiat	neg 1.0		__DUMMY__ 0.46717094932478337 off 0.27352786345925234 neg 0.25930118721596435	false	0.5
verlangsamung	neg 1.0		__DUMMY__ 0.4569480730756876 off 0.2862771281771361 neg 0.2567747987471763	false	0.5
ausgestorben	neg 1.0		__DUMMY__ 0.46799466621818653 off 0.2734405639775511 neg 0.25856476980426246	false	0.5
anklagen	neg 1.0		__DUMMY__ 0.46861804615160935 off 0.27003540712900886 neg 0.26134654671938184	false	0.5
trott	neg 1.0		__DUMMY__ 0.4678694679779091 off 0.2730476305763636 neg 0.25908290144572726	false	0.5
verminderung	neg 1.0		__DUMMY__ 0.46283170956169317 off 0.28062735410118206 neg 0.2565409363371247	false	0.5
nach			__DUMMY__ 0.47553130350426803 off 0.2639531814851951 neg 0.26051551501053677	false	0.0
rost	neg 1.0		__DUMMY__ 0.46009474279807727 off 0.2860241285168259 neg 0.2538811286850969	false	0.5
destruktiv	neg 1.0		__DUMMY__ 0.46537435859585585 off 0.2722614452543526 neg 0.2623641961497916	false	0.5
unzumutbarkeit	neg 1.0		__DUMMY__ 0.465249196668074 off 0.27998429977601025 neg 0.25476650355591574	false	0.5
labil	off 1.0	off 1.0	off 0.6281690239999365 __DUMMY__ 0.225667911087097 neg 0.14616306491296654	false	1.0
ziemlich	neg 1.0		__DUMMY__ 0.46518667587034507 off 0.28056294849767655 neg 0.25425037563197844	false	0.5
lachnummer	off 1.0		__DUMMY__ 0.4654177442700061 off 0.2731846043109872 neg 0.2613976514190067	false	1.0
oder			__DUMMY__ 0.4677404558047314 off 0.2747095109285542 neg 0.2575500332667144	false	0.0
verfall	neg 1.0		__DUMMY__ 0.47194821989242575 neg 0.2656151102027183 off 0.26243666990485587	false	1.0
ausgrenzung	neg 1.0		__DUMMY__ 0.46602981714520564 off 0.2748591931746487 neg 0.2591109896801455	false	0.5
unordnung	neg 1.0		__DUMMY__ 0.4660292330446051 off 0.28367320485948794 neg 0.25029756209590687	false	0.5
fehlverhalten	neg 1.0		__DUMMY__ 0.46732786352144057 off 0.2666986744014481 neg 0.2659734620771113	false	0.5
eine			__DUMMY__ 0.4708424591958902 off 0.2674017447066906 neg 0.2617557960974193	false	0.0
nille	neg 1.0		__DUMMY__ 0.4686805885724237 off 0.27331966923970247 neg 0.25799974218787397	false	0.5
qual	neg 1.0		__DUMMY__ 0.4680740585328671 off 0.2726011674113852 neg 0.2593247740557477	false	0.5
verschwenden	neg 1.0		__DUMMY__ 0.4673241987294676 off 0.2681732312257769 neg 0.26450257004475547	false	0.5
riesig	neg 1.0		__DUMMY__ 0.4700089540194381 off 0.2699182282873733 neg 0.2600728176931885	false	0.5
verurteilen	neg 1.0		__DUMMY__ 0.46624109507998684 off 0.26962529990135126 neg 0.26413360501866184	false	0.5
klischee	neg 1.0	neg 1.0	neg 0.6173417161064346 __DUMMY__ 0.22530738743874312 off 0.15735089645482225	false	1.0
diktatorisch	neg 1.0		__DUMMY__ 0.46557566473714906 off 0.27410299064093707 neg 0.2603213446219138	false	0.5
vorhersehbar	neg 1.0		__DUMMY__ 0.4634089110370011 off 0.2761467173827499 neg 0.2604443715802489	false	0.5
sowie			__DUMMY__ 0.46076714478295966 off 0.28507038373949317 neg 0.2541624714775472	false	0.0
stornieren	neg 1.0		__DUMMY__ 0.47048386466208486 off 0.2772646900156095 neg 0.2522514453223057	false	0.5
besteuerung	neg 1.0		__DUMMY__ 0.46395787625051954 off 0.27280303515272664 neg 0.2632390885967539	false	0.5
ungeschminkt	neg 1.0		__DUMMY__ 0.46121675460388917 off 0.2798539472110807 neg 0.2589292981850302	false	0.5
kritisch	neg 1.0		__DUMMY__ 0.4676244359198396 off 0.268768729013406 neg 0.2636068350667546	false	0.5
schlamperei	off 1.0		__DUMMY__ 0.4699802398067619 off 0.26802745581146764 neg 0.2619923043817705	false	1.0
sucht	neg 1.0	neg 1.0	neg 0.613017517199841 __DUMMY__ 0.23018040187666658 off 0.15680208092349246	false	1.0
egoistisch	off 1.0		__DUMMY__ 0.45920698098928553 off 0.28542999765148963 neg 0.25536302135922473	false	1.0
ausbeuter	off 1.0		__DUMMY__ 0.46664809960167236 neg 0.26694618376361784 off 0.2664057166347098	false	0.5
arschgeburt	off 1.0		__DUMMY__ 0.453702429227765 off 0.2931663863343822 neg 0.2531311844378528	false	1.0
schubs	neg 1.0		__DUMMY__ 0.4683469248105618 off 0.27126557545284147 neg 0.2603874997365966	false	0.5
unsolide	neg 1.0		__DUMMY__ 0.46455126726078916 off 0.2745801538320834 neg 0.2608685789071276	false	0.5
beschwerde	neg 1.0		__DUMMY__ 0.46851505564661633 off 0.2684844173389408 neg 0.26300052701444293	false	0.5
stocken	neg 1.0		__DUMMY__ 0.4696061148895978 off 0.26832808345178144 neg 0.26206580165862065	false	0.5
isolieren	neg 1.0		__DUMMY__ 0.4682737065671083 off 0.2697620205017596 neg 0.26196427293113217	false	0.5
unheilbar	neg 1.0		__DUMMY__ 0.4670035545685434 off 0.2736773484962698 neg 0.25931909693518673	false	0.5
pisser	off 1.0		__DUMMY__ 0.46182433929627337 off 0.2822311677509492 neg 0.2559444929527772	false	1.0
löschen	neg 1.0		__DUMMY__ 0.4677921188744359 off 0.27344221531775376 neg 0.2587656658078103	false	0.5
durchfallen	neg 1.0		__DUMMY__ 0.4661111857815918 off 0.2690071799782113 neg 0.26488163424019695	false	0.5
wichser	off 1.0	off 1.0	off 0.6352519180397455 __DUMMY__ 0.22186946476345404 neg 0.14287861719680064	false	1.0
terror	neg 1.0		__DUMMY__ 0.4664196431993474 off 0.2770767452563923 neg 0.2565036115442604	false	0.5
krass	neg 1.0		__DUMMY__ 0.4618075429717456 off 0.2836854400809462 neg 0.25450701694730826	false	0.5
revolte	neg 1.0		__DUMMY__ 0.4667180214928641 off 0.27582200254947276 neg 0.2574599759576631	false	0.5
besorgt	neg 1.0		__DUMMY__ 0.4713733411497187 off 0.2727141479381442 neg 0.2559125109121371	false	0.5
nachlassen	neg 1.0		__DUMMY__ 0.47126564344221494 off 0.2689889449068427 neg 0.25974541165094234	false	0.5
alt	neg 1.0		__DUMMY__ 0.4676729584181535 off 0.2701598051542794 neg 0.26216723642756723	false	0.5
hundesohn	off 1.0		__DUMMY__ 0.45787756153025394 off 0.29023947821042884 neg 0.2518829602593171	false	1.0
als			__DUMMY__ 0.4679700028506349 off 0.27085997555234465 neg 0.26117002159702035	false	0.0
abschreckung	neg 1.0		__DUMMY__ 0.4692345604581332 off 0.2659432797188483 neg 0.2648221598230185	false	0.5
unqualifiziert	neg 1.0		__DUMMY__ 0.4626629371735219 off 0.27694936283806565 neg 0.26038769998841244	false	0.5
abgewichst	off 1.0		__DUMMY__ 0.4689713623532988 off 0.2725352856011525 neg 0.25849335204554874	false	1.0
schwer	neg 1.0		__DUMMY__ 0.4666167813374999 off 0.27239876190617635 neg 0.2609844567563238	false	0.5
bedeutungslosigkeit	neg 1.0		__DUMMY__ 0.4688674610062313 off 0.2671914962792365 neg 0.2639410427145321	false	0.5
kapitulation	neg 1.0		__DUMMY__ 0.4691266947668062 off 0.2690329097291855 neg 0.2618403955040083	false	0.5
unscharf	neg 1.0		__DUMMY__ 0.4642683481223621 off 0.27557173872126717 neg 0.26015991315637077	false	0.5
schwinden	neg 1.0		__DUMMY__ 0.46981609018990395 off 0.2672275889117953 neg 0.2629563208983009	false	0.5
versklavung	neg 1.0		__DUMMY__ 0.4669837436683053 off 0.2741690352538957 neg 0.25884722107779906	false	0.5
schlecht	neg 1.0		__DUMMY__ 0.4649276819395568 off 0.2806429625761759 neg 0.25442935548426737	false	0.5
verhasst	neg 1.0		__DUMMY__ 0.46342546332834417 off 0.27379458896494735 neg 0.2627799477067085	false	0.5
beschweren	neg 1.0		__DUMMY__ 0.4658702977765887 off 0.2755420594828962 neg 0.2585876427405151	false	0.5
scheiden	neg 1.0		__DUMMY__ 0.4688884282805967 off 0.2738764428582723 neg 0.25723512886113115	false	0.5
frustriert	neg 1.0		__DUMMY__ 0.4667742950325788 off 0.2713047446983824 neg 0.2619209602690389	false	0.5
schimmelig	neg 1.0		__DUMMY__ 0.46618950127304565 off 0.2692547107202089 neg 0.2645557880067454	false	0.5
fisch	neg 1.0		__DUMMY__ 0.4683487259941566 off 0.26629324423760464 neg 0.2653580297682387	false	0.5
schmuggel	neg 1.0		__DUMMY__ 0.4693066713623888 off 0.2679105019385096 neg 0.2627828266991015	false	0.5
auffallen	neg 1.0		__DUMMY__ 0.4654483037404682 off 0.27641765278539543 neg 0.2581340434741363	false	0.5
konkurrenz	neg 1.0		__DUMMY__ 0.4702751341367575 off 0.26593220258248834 neg 0.2637926632807542	false	0.5
teufelskreis	neg 1.0	neg 1.0	neg 0.6192878955351997 __DUMMY__ 0.22623696706456323 off 0.1544751374002371	false	1.0
aufschreien	neg 1.0		__DUMMY__ 0.4643336373562786 off 0.2760959267868155 neg 0.259570435856906	false	0.5
schuldner	neg 1.0		__DUMMY__ 0.46787749117286337 off 0.2660714635928124 neg 0.2660510452343242	false	0.5
missgeburt	off 1.0	off 1.0	off 0.6325020871489841 __DUMMY__ 0.22251173986088074 neg 0.14498617299013514	false	1.0
arbeitslos	neg 1.0		__DUMMY__ 0.4659904820078881 off 0.26941045558544696 neg 0.2645990624066649	false	0.5
befallen	neg 1.0		__DUMMY__ 0.46736893603986157 off 0.27132173810224325 neg 0.26130932585789507	false	0.5
miesepetrig	off 1.0	off 1.0	off 0.6288848018137627 __DUMMY__ 0.2257177014817742 neg 0.14539749670446314	false	1.0
alarmieren	neg 1.0		__DUMMY__ 0.4637359880309498 off 0.2778020416194941 neg 0.2584619703495561	false	0.5
ungeduscht	off 1.0		__DUMMY__ 0.4635681347448866 off 0.2777685433896346 neg 0.2586633218654788	false	1.0
knappheit	neg 1.0		__DUMMY__ 0.46529814291966565 off 0.2683644812506599 neg 0.2663373758296745	false	0.5
schlange	neg 1.0		__DUMMY__ 0.46926187666175906 off 0.27631001848329295 neg 0.2544281048549479	false	0.5
harsch	neg 1.0		__DUMMY__ 0.4640698730601923 off 0.28580834994568005 neg 0.25012177699412763	false	0.5
lang	neg 1.0		__DUMMY__ 0.4677589260879051 off 0.2745965366062746 neg 0.25764453730582026	false	0.5
ziellos	neg 1.0		__DUMMY__ 0.46997651195060336 off 0.27012959425329397 neg 0.2598938937961025	false	0.5
selbstverliebt	neg 1.0		__DUMMY__ 0.4558924999757671 off 0.29112368776347675 neg 0.25298381226075617	false	0.5
beseitigen	neg 1.0		__DUMMY__ 0.46812027418376817 off 0.2716223670582149 neg 0.26025735875801687	false	0.5
dumm	off 1.0		__DUMMY__ 0.45982157802010554 off 0.2866345259790849 neg 0.2535438960008097	false	1.0
arbeitsloser	neg 1.0		__DUMMY__ 0.4683445885254617 off 0.27033992557042913 neg 0.2613154859041093	false	0.5
blitzen	neg 1.0		__DUMMY__ 0.46573996709026894 off 0.2770002993990958 neg 0.2572597335106351	false	0.5
hilflos	neg 1.0		__DUMMY__ 0.4670614201499588 off 0.2708414083965875 neg 0.26209717145345374	false	0.5
eklig	off 1.0		__DUMMY__ 0.4579963374934632 off 0.2867343264326662 neg 0.2552693360738706	false	1.0
begriff			__DUMMY__ 0.4665119578805653 off 0.2721027456979959 neg 0.2613852964214387	false	0.0
hungersnot	neg 1.0		__DUMMY__ 0.4691755329764337 off 0.2707591848148552 neg 0.2600652822087111	false	0.5
ungesetzlich	neg 1.0		__DUMMY__ 0.4636476258438392 off 0.2728339629046424 neg 0.2635184112515185	false	0.5
verschwendung	neg 1.0		__DUMMY__ 0.46856490119573047 off 0.26805445312529114 neg 0.26338064567897823	false	0.5
schmerzvoll	neg 1.0		__DUMMY__ 0.4663704882752852 off 0.27538871882138893 neg 0.25824079290332586	false	0.5
vorzeitig	neg 1.0		__DUMMY__ 0.4663697073610882 off 0.2767952588299273 neg 0.25683503380898437	false	0.5
unvollkommenheit	neg 1.0		__DUMMY__ 0.4712326330878685 off 0.2711444663087185 neg 0.257622900603413	false	0.5
intervenieren	neg 1.0		__DUMMY__ 0.46793757761435273 off 0.26755603802793904 neg 0.26450638435770824	false	0.5
banause	off 1.0		__DUMMY__ 0.4556812808241672 off 0.28917844139022747 neg 0.2551402777856053	false	1.0
rebell	neg 1.0		__DUMMY__ 0.47039260284825263 neg 0.26567325213497084 off 0.2639341450167765	false	1.0
unlogisch	neg 1.0		__DUMMY__ 0.4611240811889236 off 0.2822066119405615 neg 0.25666930687051487	false	0.5
leiden	neg 1.0		__DUMMY__ 0.47047695394944955 off 0.2674341477573785 neg 0.26208889829317206	false	0.5
abschaffung	neg 1.0		__DUMMY__ 0.4666288322488275 off 0.27344971099136545 neg 0.25992145675980705	false	0.5
sturz	neg 1.0		__DUMMY__ 0.469189008962851 off 0.27421890867773224 neg 0.25659208235941655	false	0.5
verkleinerung	neg 1.0		__DUMMY__ 0.46322353617431516 off 0.27566732090605933 neg 0.2611091429196254	false	0.5
schmarotzer	off 1.0		__DUMMY__ 0.4649505565501653 off 0.27000633140169067 neg 0.265043112048144	false	1.0
bestrafung	neg 1.0		__DUMMY__ 0.4666614485749322 off 0.27454395867071424 neg 0.25879459275435357	false	0.5
achtlos	neg 1.0	neg 1.0	neg 0.6173278407608321 __DUMMY__ 0.22777731439338694 off 0.1548948448457809	false	1.0
ungeheuer	neg 1.0		__DUMMY__ 0.46738426534383903 off 0.276788104922574 neg 0.2558276297335868	false	0.5
unaufrichtig	neg 1.0		__DUMMY__ 0.4673273252629647 off 0.2775081829136955 neg 0.2551644918233399	false	0.5
groggy	neg 1.0		__DUMMY__ 0.46623038928430177 off 0.2770876029756047 neg 0.25668200774009353	false	0.5
verletzlich	neg 1.0		__DUMMY__ 0.4624273829522478 off 0.28007521432413607 neg 0.2574974027236161	false	0.5
ablehnen	neg 1.0		__DUMMY__ 0.46706792831919536 off 0.2694074819272961 neg 0.2635245897535086	false	0.5
