unsolidarisch	neg 1.0		__DUMMY__ 0.9237066056017701 neg 0.038476728326708856 off 0.037816666071520975	false	1.0
nachteilig	neg 1.0		__DUMMY__ 0.9285184776084863 neg 0.03736189368954298 off 0.034119628701970724	false	1.0
skeptisch	neg 1.0		__DUMMY__ 0.9289596937705696 neg 0.03721456708925165 off 0.03382573914017876	false	1.0
schrecklich	neg 1.0		__DUMMY__ 0.9220971276725611 off 0.04488629219677384 neg 0.03301658013066501	false	0.5
schlapp	neg 1.0		__DUMMY__ 0.9250402694916616 off 0.041415944120756505 neg 0.03354378638758183	false	0.5
abfall	neg 1.0		__DUMMY__ 0.9322702484064707 neg 0.036822510109214904 off 0.030907241484314486	false	1.0
widerspenstig	neg 1.0		__DUMMY__ 0.9275523254056192 off 0.03741326785209238 neg 0.03503440674228856	false	0.5
abrupt	neg 1.0		__DUMMY__ 0.9322022904073644 off 0.0339341446292082 neg 0.03386356496342745	false	0.5
unwirksam	neg 1.0		__DUMMY__ 0.9234429519892483 neg 0.03917035973082186 off 0.03738668827992988	false	1.0
angreifen	neg 1.0		__DUMMY__ 0.9283570009492449 neg 0.03774056754125473 off 0.033902431509500355	false	1.0
inkonsistent	neg 1.0		__DUMMY__ 0.9249798677539278 off 0.03794097650425728 neg 0.037079155741814834	false	0.5
abrutschen	neg 1.0		__DUMMY__ 0.9308394836307138 neg 0.03778500882731806 off 0.03137550754196824	false	1.0
unsicher	neg 1.0		__DUMMY__ 0.9280286646424175 off 0.03750536181492411 neg 0.03446597354265841	false	0.5
bauernkind	off 1.0	off 1.0	off 0.5113468752048056 __DUMMY__ 0.4519940953489339 neg 0.03665902944626052	false	1.0
angreifer	neg 1.0	neg 1.0	neg 0.4992686056509214 __DUMMY__ 0.46524043629206274 off 0.035490958057015916	false	1.0
trennen	neg 1.0		__DUMMY__ 0.9319447007182359 neg 0.03478797194315089 off 0.033267327338613185	false	1.0
schmutz	neg 1.0		__DUMMY__ 0.930803289552387 off 0.03833718625652676 neg 0.030859524191086354	false	0.5
inkonsistenz	neg 1.0		__DUMMY__ 0.9194163377831422 off 0.04213082882635996 neg 0.03845283339049777	false	0.5
erschreckend	neg 1.0		__DUMMY__ 0.9260350410045148 off 0.03719304053898661 neg 0.03677191845649852	false	0.5
ertrinken	neg 1.0		__DUMMY__ 0.9298110917299038 neg 0.036186897049430115 off 0.034002011220666116	false	1.0
pickelface	off 1.0		__DUMMY__ 0.9285298980481266 off 0.03674156923065007 neg 0.03472853272122329	false	1.0
seiner			__DUMMY__ 0.9294558769369947 neg 0.03652092665294642 off 0.03402319641005896	false	0.0
lauch	neg 1.0		__DUMMY__ 0.9328566993992067 neg 0.035748571583438124 off 0.03139472901735519	false	1.0
unwichtig	neg 1.0		__DUMMY__ 0.9223928959074027 off 0.04160035103439549 neg 0.03600675305820176	false	0.5
steuerhinterziehung	neg 1.0	neg 1.0	neg 0.5034445859862232 __DUMMY__ 0.46405477170128373 off 0.03250064231249313	false	1.0
schock	neg 1.0		__DUMMY__ 0.9288223128599763 off 0.036815807374362255 neg 0.0343618797656614	false	0.5
beule	neg 1.0		__DUMMY__ 0.9235425606417668 off 0.04216117986712414 neg 0.03429625949110912	false	0.5
vergelten	neg 1.0		__DUMMY__ 0.9254502775415158 off 0.04405726425646816 neg 0.030492458202016053	false	0.5
verdorbenheit	neg 1.0		__DUMMY__ 0.9304428274735317 off 0.037470626306709116 neg 0.03208654621975914	false	0.5
trauma	neg 1.0		__DUMMY__ 0.926756631086775 off 0.03826220233237662 neg 0.03498116658084844	false	0.5
sinnlos	neg 1.0		__DUMMY__ 0.9258311738404512 off 0.0393874193332406 neg 0.03478140682630822	false	0.5
fettsack	off 1.0	off 1.0	off 0.512221510335491 __DUMMY__ 0.45396507551012544 neg 0.03381341415438357	false	1.0
feige	off 1.0	off 1.0	off 0.508349826695274 __DUMMY__ 0.45800331484766277 neg 0.033646858457063375	false	1.0
abdanken	neg 1.0		__DUMMY__ 0.9279158395142671 off 0.037398079324587066 neg 0.03468608116114571	false	0.5
wichtigtuer	off 1.0	off 1.0	off 0.5065120186520871 __DUMMY__ 0.46001103497326457 neg 0.03347694637464838	false	1.0
misslingen	neg 1.0		__DUMMY__ 0.9327104117750764 off 0.037388017480979654 neg 0.029901570743943853	false	0.5
untreu	off 1.0		__DUMMY__ 0.9235223332282195 off 0.0418988467388764 neg 0.03457882003290413	false	1.0
missmutig	neg 1.0		__DUMMY__ 0.925125441621745 off 0.041228839544566145 neg 0.033645718833688866	false	0.5
hurenbock	off 1.0		__DUMMY__ 0.9282578212216794 off 0.038714464260093354 neg 0.03302771451822722	false	1.0
betrunken	neg 1.0		__DUMMY__ 0.9239857603767395 off 0.04286981344483011 neg 0.033144426178430365	false	0.5
korrupt	off 1.0		__DUMMY__ 0.9246383147503353 neg 0.03932788163673773 off 0.03603380361292691	false	0.5
unmut	neg 1.0		__DUMMY__ 0.9315043793500116 neg 0.03697060690102006 off 0.03152501374896836	false	1.0
hackfresse	off 1.0		__DUMMY__ 0.9185138288814999 off 0.047741581442451116 neg 0.033744589676048924	false	1.0
aufblasen	neg 1.0		__DUMMY__ 0.9273171831627149 off 0.038841791484896776 neg 0.03384102535238827	false	0.5
gewaltsam	neg 1.0		__DUMMY__ 0.9292327270964476 off 0.03633895891764709 neg 0.03442831398590537	false	0.5
unbeliebtheit	neg 1.0		__DUMMY__ 0.9225060558381017 off 0.04098533774041001 neg 0.0365086064214882	false	0.5
sturheit	neg 1.0		__DUMMY__ 0.9263861331152803 off 0.0368080707987522 neg 0.036805796085967526	false	0.5
kuh	neg 1.0		__DUMMY__ 0.9214799689269995 neg 0.03929887928937056 off 0.03922115178362996	false	1.0
erschrecken	neg 1.0		__DUMMY__ 0.926035477916359 off 0.04101100584036592 neg 0.03295351624327504	false	0.5
opfer	neg 1.0		__DUMMY__ 0.928836548985176 neg 0.0362142504015295 off 0.034949200613294575	false	1.0
sinken	neg 1.0		__DUMMY__ 0.932190646117305 neg 0.03599652045703341 off 0.03181283342566169	false	1.0
stinktier	neg 1.0		__DUMMY__ 0.9155836614705641 off 0.045640988866417036 neg 0.038775349663018766	false	0.5
tucke	off 1.0		__DUMMY__ 0.9159932988817563 off 0.04857486737894071 neg 0.03543183373930306	false	1.0
ein			__DUMMY__ 0.9272774917847283 off 0.03816559504914301 neg 0.03455691316612863	false	0.0
abstieg	neg 1.0		__DUMMY__ 0.9305550823552431 neg 0.035374139204676136 off 0.03407077844008076	false	1.0
missverstehen	neg 1.0		__DUMMY__ 0.922478337982047 off 0.040210992955539766 neg 0.037310669062413156	false	0.5
ergebnislos	neg 1.0		__DUMMY__ 0.9307004928306578 neg 0.03547840259623166 off 0.03382110457311043	false	1.0
unter			__DUMMY__ 0.9369104496565426 neg 0.03580901620490222 off 0.027280534138555267	false	0.0
manipulieren	neg 1.0		__DUMMY__ 0.9298787433690117 neg 0.036608386391404124 off 0.0335128702395841	false	1.0
unbewiesen	neg 1.0		__DUMMY__ 0.9225945479074188 neg 0.03955686638107783 off 0.037848585711503346	false	1.0
verschleppen	neg 1.0		__DUMMY__ 0.9279766118259234 neg 0.036736670876567915 off 0.03528671729750871	false	1.0
weib	off 1.0		__DUMMY__ 0.9145292415612042 off 0.048505319647293876 neg 0.036965438791501916	false	1.0
opposition	neg 1.0		__DUMMY__ 0.9248567424937807 off 0.03862517260183573 neg 0.03651808490438364	false	0.5
verkehrswidrig	neg 1.0		__DUMMY__ 0.9264982656444649 off 0.044344949150988446 neg 0.02915678520454665	false	0.5
inkorrekt	neg 1.0		__DUMMY__ 0.9192649073185506 off 0.04478270905619949 neg 0.035952383625249995	false	0.5
vermeiden	neg 1.0	neg 1.0	neg 0.5029934871064394 __DUMMY__ 0.4698328843825423 off 0.02717362851101829	false	1.0
abweichung	neg 1.0		__DUMMY__ 0.9286245745334689 neg 0.03667002241003445 off 0.03470540305649671	false	1.0
alkoholisiert	neg 1.0		__DUMMY__ 0.931185544014865 neg 0.03553831749685193 off 0.033276138488283105	false	1.0
scheiss	off 1.0	off 1.0	off 0.5078989871605373 __DUMMY__ 0.4597622756665648 neg 0.032338737172897904	false	1.0
herausforderung	neg 1.0		__DUMMY__ 0.9297095183997021 neg 0.03672464653953973 off 0.03356583506075818	false	1.0
pervers	off 1.0		__DUMMY__ 0.9157989750908742 off 0.05057662704303138 neg 0.03362439786609447	false	1.0
wackelig	neg 1.0		__DUMMY__ 0.9317601950718901 off 0.035560788005273285 neg 0.032679016922836514	false	0.5
verwickeln	neg 1.0		__DUMMY__ 0.9227748602397868 off 0.03980531198666991 neg 0.03741982777354328	false	0.5
vorwand	neg 1.0		__DUMMY__ 0.9288048035931362 neg 0.03774485797137081 off 0.03345033843549298	false	1.0
muschi	off 1.0		__DUMMY__ 0.9283651012120013 off 0.0369263557697066 neg 0.03470854301829214	false	1.0
entmutigung	neg 1.0		__DUMMY__ 0.9262504474261741 off 0.03879714837766609 neg 0.03495240419615977	false	0.5
unangemessen	neg 1.0		__DUMMY__ 0.9248434497517707 neg 0.038538844846127726 off 0.036617705402101554	false	1.0
unstetig	neg 1.0		__DUMMY__ 0.9266981122696805 off 0.03933106468338442 neg 0.03397082304693512	false	0.5
entmutigen	neg 1.0		__DUMMY__ 0.9262991267107888 off 0.038323193184852354 neg 0.03537768010435874	false	0.5
schwanz	neg 1.0		__DUMMY__ 0.9298152547976327 neg 0.03550701985121599 off 0.03467772535115131	false	1.0
verbot	neg 1.0		__DUMMY__ 0.9277190998708595 neg 0.03664297016552403 off 0.03563792996361652	false	1.0
leid	neg 1.0		__DUMMY__ 0.9193868720640522 off 0.04616219465025492 neg 0.03445093328569279	false	0.5
archaisch	neg 1.0		__DUMMY__ 0.9271334863322295 off 0.03659412571926804 neg 0.036272387948502474	false	0.5
gegen			__DUMMY__ 0.9318542908153249 neg 0.035932776150162646 off 0.032212933034512496	false	0.0
scheidung	neg 1.0		__DUMMY__ 0.9186055852322728 off 0.05419145204158141 neg 0.0272029627261459	false	0.5
einschlag	neg 1.0		__DUMMY__ 0.9227376517358442 off 0.04388007245600863 neg 0.03338227580814706	false	0.5
m			__DUMMY__ 0.9296616201516861 off 0.03549589453953484 neg 0.03484248530877899	false	0.0
abgestanden	neg 1.0		__DUMMY__ 0.9259671144335964 off 0.037334652161058024 neg 0.03669823340534571	false	0.5
schmierig	off 1.0		__DUMMY__ 0.9214421829274226 off 0.0455272933824087 neg 0.033030523690168664	false	1.0
unpraktisch	neg 1.0		__DUMMY__ 0.927198908133185 off 0.03845854978436511 neg 0.03434254208244993	false	0.5
wixxer	off 1.0		__DUMMY__ 0.9137822464285308 off 0.05080757662998723 neg 0.03541017694148197	false	1.0
bezeichnet			__DUMMY__ 0.924382975848294 off 0.037911319823099046 neg 0.03770570432860702	false	0.0
jammerlappen	off 1.0		__DUMMY__ 0.9250558772066296 off 0.041558780816405225 neg 0.03338534197696503	false	1.0
farce	neg 1.0		__DUMMY__ 0.9272665477132722 off 0.03639648716195889 neg 0.03633696512476899	false	0.5
zwecklos	neg 1.0		__DUMMY__ 0.9261672992262842 neg 0.03755491873161283 off 0.03627778204210304	false	1.0
turbulent	neg 1.0		__DUMMY__ 0.9220681499423751 off 0.042626008496878025 neg 0.03530584156074694	false	0.5
invasion	neg 1.0		__DUMMY__ 0.9256823120893919 off 0.03912315063904829 neg 0.03519453727155982	false	0.5
schuld	neg 1.0		__DUMMY__ 0.9247343356136575 off 0.03867732516212686 neg 0.03658833922421567	false	0.5
risiko	neg 1.0	neg 1.0	neg 0.4999268208581335 __DUMMY__ 0.46526419325758717 off 0.03480898588427929	false	1.0
finster	neg 1.0		__DUMMY__ 0.9247849661793721 off 0.03815318014958113 neg 0.037061853671046745	false	0.5
geisteskrank	off 1.0		__DUMMY__ 0.9194989542040679 off 0.043228210432112196 neg 0.03727283536381984	false	1.0
zusammenbrechen	neg 1.0		__DUMMY__ 0.9277575096091223 off 0.0362252660173573 neg 0.03601722437352036	false	0.5
ausbeute	neg 1.0		__DUMMY__ 0.9359692097805888 off 0.03405487115501797 neg 0.029975919064393168	false	0.5
hinterhalt	neg 1.0		__DUMMY__ 0.9347590240474632 off 0.035697323884274955 neg 0.029543652068261796	false	0.5
kritik	neg 1.0		__DUMMY__ 0.9268554222057814 neg 0.03685854836462878 off 0.03628602942958978	false	1.0
einschrumpfen	neg 1.0		__DUMMY__ 0.9232517234339799 off 0.040851180288923414 neg 0.035897096277096696	false	0.5
riskant	neg 1.0		__DUMMY__ 0.9273876389852923 neg 0.03828375977087628 off 0.0343286012438314	false	1.0
frustrieren	neg 1.0		__DUMMY__ 0.9276440449373615 neg 0.037341813125841596 off 0.03501414193679684	false	1.0
groll	neg 1.0		__DUMMY__ 0.9263733178309885 neg 0.0377227023673807 off 0.035903979801630743	false	1.0
gibt			__DUMMY__ 0.9280053214252372 off 0.036360026820457025 neg 0.035634651754305795	false	0.0
qualvoll	neg 1.0		__DUMMY__ 0.9260068832912256 off 0.0399391082214634 neg 0.03405400848731106	false	0.5
wackeln	neg 1.0		__DUMMY__ 0.9290331484785674 off 0.038110883815848054 neg 0.03285596770558445	false	0.5
klagen	neg 1.0		__DUMMY__ 0.9303204157235961 neg 0.03753536554706979 off 0.03214421872933405	false	1.0
bankrott	neg 1.0		__DUMMY__ 0.9262198561902978 off 0.04073161768139507 neg 0.03304852612830711	false	0.5
trauern	neg 1.0		__DUMMY__ 0.9314585323233967 off 0.03445217392189186 neg 0.03408929375471151	false	0.5
ablehnung	neg 1.0		__DUMMY__ 0.9267925523570811 neg 0.0371113705804726 off 0.03609607706244623	false	1.0
stur	neg 1.0		__DUMMY__ 0.925012886499089 off 0.03877574484293372 neg 0.03621136865797733	false	0.5
aufruhr	neg 1.0		__DUMMY__ 0.9282656417562632 off 0.036813812758229994 neg 0.034920545485506826	false	0.5
melancholie	neg 1.0		__DUMMY__ 0.9302806463351412 neg 0.035051889554196754 off 0.03466746411066205	false	1.0
ist			__DUMMY__ 0.9260902278756394 off 0.03918026854191031 neg 0.03472950358245037	false	0.0
torheit	neg 1.0		__DUMMY__ 0.9266489033840468 off 0.03799945602760812 neg 0.035351640588345036	false	0.5
dreckskind	off 1.0		__DUMMY__ 0.9166050514170399 off 0.04713737500300488 neg 0.03625757357995536	false	1.0
umtauschen	neg 1.0		__DUMMY__ 0.9282312483526122 off 0.0367724854660464 neg 0.0349962661813414	false	0.5
zum			__DUMMY__ 0.9373530844050721 neg 0.03290377401598455 off 0.029743141578943214	false	0.0
zersetzen	neg 1.0		__DUMMY__ 0.9277052940109605 neg 0.03861798250157785 off 0.03367672348746178	false	1.0
zur			__DUMMY__ 0.9352088278929077 neg 0.03522225970991377 off 0.029568912397178532	false	0.0
frust	neg 1.0		__DUMMY__ 0.9282340796664617 off 0.03627919129276667 neg 0.03548672904077159	false	0.5
unerbittlichkeit	neg 1.0		__DUMMY__ 0.9291002941156318 neg 0.03730053443609406 off 0.03359917144827426	false	1.0
zwei			__DUMMY__ 0.935942417022475 neg 0.03343159547089379 off 0.030625987506631105	false	0.0
unkorrekt	neg 1.0		__DUMMY__ 0.9213809912788634 off 0.04419962939646864 neg 0.03441937932466784	false	0.5
hexe	off 1.0		__DUMMY__ 0.9214899760256461 off 0.04149693858662114 neg 0.03701308538773277	false	1.0
lasch	neg 1.0		__DUMMY__ 0.9224236697917897 off 0.04098755333659763 neg 0.03658877687161268	false	0.5
rivale	neg 1.0		__DUMMY__ 0.9225732770482681 off 0.04324865299397379 neg 0.03417806995775809	false	0.5
mutlos	off 1.0	off 1.0	off 0.5015161721321956 __DUMMY__ 0.4634557590753173 neg 0.035028068792487224	false	1.0
wirr	off 1.0		__DUMMY__ 0.9193520437515184 off 0.044864477201559616 neg 0.03578347904692209	false	1.0
jahr			__DUMMY__ 0.9368019082472814 off 0.03249691433724453 neg 0.030701177415474092	false	0.0
wird			__DUMMY__ 0.9282382139038639 neg 0.036436134173872925 off 0.03532565192226318	false	0.0
strafbar	neg 1.0		__DUMMY__ 0.9273962146515796 neg 0.03786482438102326 off 0.03473896096739714	false	1.0
erosion	neg 1.0		__DUMMY__ 0.9289666491112596 off 0.03734124864006203 neg 0.03369210224867836	false	0.5
eingehen	neg 1.0		__DUMMY__ 0.927193920314483 neg 0.03793092803792581 off 0.03487515164759115	false	1.0
faul	off 1.0		__DUMMY__ 0.926366637175163 off 0.04057760892367657 neg 0.03305575390116057	false	1.0
provisorium	neg 1.0		__DUMMY__ 0.9379755374765992 neg 0.034430475754417295 off 0.027593986768983544	false	1.0
schmerzen	neg 1.0		__DUMMY__ 0.9264951816306178 neg 0.03724786650182881 off 0.03625695186755335	false	1.0
schrumpfen	neg 1.0		__DUMMY__ 0.9313138345243857 neg 0.03865103291745342 off 0.030035132558160895	false	1.0
geistlos	off 1.0		__DUMMY__ 0.9214017322842465 off 0.040213962751323815 neg 0.03838430496442966	false	1.0
fehlkauf	neg 1.0		__DUMMY__ 0.9270557209971068 off 0.039000467671097695 neg 0.03394381133179549	false	0.5
frustrierend	neg 1.0		__DUMMY__ 0.9244275453532677 off 0.04078439323932967 neg 0.03478806140740267	false	0.5
unzufrieden	neg 1.0		__DUMMY__ 0.9260850590015924 neg 0.037857032886257885 off 0.036057908112149734	false	1.0
verzweifeln	neg 1.0		__DUMMY__ 0.9270604605968911 off 0.03693460688550474 neg 0.03600493251760424	false	0.5
verzweifelt	neg 1.0	neg 1.0	neg 0.5041535994278276 __DUMMY__ 0.4605726995453799 off 0.03527370102679259	false	1.0
misstrauensantrag	neg 1.0		__DUMMY__ 0.9258909975803855 off 0.03907365881229245 neg 0.03503534360732196	false	0.5
abfallen	neg 1.0		__DUMMY__ 0.9288664456177417 off 0.03785753014045819 neg 0.03327602424180013	false	0.5
fucker	off 1.0		__DUMMY__ 0.9234221006916746 off 0.04398680870469251 neg 0.032591090603632876	false	1.0
ungezogen	neg 1.0		__DUMMY__ 0.9168538955619624 off 0.04981054343619518 neg 0.03333556100184241	false	0.5
irrsinnig	neg 1.0	neg 1.0	neg 0.503526781936547 __DUMMY__ 0.4612217647309605 off 0.03525145333249244	false	1.0
unfassbar	neg 1.0		__DUMMY__ 0.9242792181197129 off 0.042477888791482614 neg 0.03324289308880441	false	0.5
hart	neg 1.0		__DUMMY__ 0.9238055613623573 off 0.04193874188699685 neg 0.03425569675064586	false	0.5
widerlich	off 1.0		__DUMMY__ 0.9212146616660523 off 0.043068814149272536 neg 0.03571652418467524	false	1.0
fatal	neg 1.0		__DUMMY__ 0.9258349386229994 off 0.03948587739412835 neg 0.03467918398287225	false	0.5
bruch	neg 1.0		__DUMMY__ 0.931199032725108 neg 0.03631791378124852 off 0.032483053493643436	false	1.0
aushungern	neg 1.0		__DUMMY__ 0.9283087673097935 off 0.03638000631672971 neg 0.035311226373476834	false	0.5
anspannung	neg 1.0		__DUMMY__ 0.9361657849041554 neg 0.03379987676459853 off 0.03003433833124611	false	1.0
von			__DUMMY__ 0.9382831656289689 off 0.03252308540576156 neg 0.029193748965269623	false	0.0
kraftlos	neg 1.0		__DUMMY__ 0.9294196050853509 off 0.0355882821504626 neg 0.034992112764186484	false	0.5
vom			__DUMMY__ 0.9395072141608023 neg 0.032641883347641704 off 0.02785090249155598	false	0.0
grenzdebil	off 1.0		__DUMMY__ 0.9244216322647898 off 0.04262755616586337 neg 0.0329508115693468	false	1.0
vor			__DUMMY__ 0.9322059112659787 neg 0.035026979556960054 off 0.032767109177061174	false	0.0
unterwerfen	neg 1.0		__DUMMY__ 0.9285345056199055 neg 0.036560597369332495 off 0.03490489701076199	false	1.0
versenkung	neg 1.0		__DUMMY__ 0.9301895299853689 off 0.03505588682216577 neg 0.03475458319246537	false	0.5
entziehen	neg 1.0		__DUMMY__ 0.9300576319195694 neg 0.03741215999514337 off 0.0325302080852873	false	1.0
finanzkrise	neg 1.0		__DUMMY__ 0.9262141946357594 neg 0.037005752956920566 off 0.036780052407320095	false	1.0
schimpfend	neg 1.0		__DUMMY__ 0.9262002635669827 off 0.03876003530980015 neg 0.03503970112321715	false	0.5
profan	neg 1.0		__DUMMY__ 0.924672745147208 off 0.0397630629835114 neg 0.035564191869280656	false	0.5
korruption	neg 1.0		__DUMMY__ 0.928021050211219 neg 0.036627711828214234 off 0.035351237960566786	false	1.0
â			__DUMMY__ 0.9305291855014869 off 0.03504263573222981 neg 0.03442817876628332	false	0.0
schmutzig	neg 1.0		__DUMMY__ 0.924846729457703 off 0.042986481045422305 neg 0.03216678949687471	false	0.5
sexy	neg 1.0		__DUMMY__ 0.9261808023846019 off 0.04044194349076681 neg 0.033377254124631314	false	0.5
abraten	neg 1.0		__DUMMY__ 0.9261411922039713 off 0.039098993117604876 neg 0.03475981467842396	false	0.5
schwarz	neg 1.0		__DUMMY__ 0.926066743660303 off 0.03888198436010371 neg 0.03505127197959329	false	0.5
fotze	off 1.0	off 1.0	off 0.5024844281338071 __DUMMY__ 0.4658419531740626 neg 0.03167361869213014	false	1.0
verwirren	neg 1.0		__DUMMY__ 0.9248981054431095 off 0.04019296337473836 neg 0.03490893118215213	false	0.5
zahnlos	off 1.0		__DUMMY__ 0.926575409780704 neg 0.03672173599064445 off 0.03670285422865164	false	0.5
verheeren	neg 1.0		__DUMMY__ 0.9175202741816126 off 0.051100343507459116 neg 0.03137938231092823	false	0.5
hippie	neg 1.0		__DUMMY__ 0.9261283657596058 off 0.04023399783268042 neg 0.03363763640771387	false	0.5
rammen	neg 1.0		__DUMMY__ 0.9251469275586844 off 0.038349642098922464 neg 0.03650343034239313	false	0.5
unlauter	neg 1.0		__DUMMY__ 0.9240896286275395 off 0.03849445779737831 neg 0.03741591357508221	false	0.5
unheilvoll	neg 1.0		__DUMMY__ 0.9272257252501847 off 0.03869304442492512 neg 0.03408123032489015	false	0.5
niedrig	neg 1.0		__DUMMY__ 0.9274949683922517 neg 0.03886046075852837 off 0.03364457084922002	false	1.0
explosion	neg 1.0		__DUMMY__ 0.9257078239401333 off 0.0397299418086506 neg 0.0345622342512161	false	0.5
weichei	off 1.0	off 1.0	off 0.5123708714217822 __DUMMY__ 0.45595130329076144 neg 0.03167782528745646	false	1.0
minusmensch	off 1.0		__DUMMY__ 0.9151867198896543 off 0.04939905144305559 neg 0.0354142286672902	false	1.0
farblos	neg 1.0		__DUMMY__ 0.9285996902828458 off 0.03670050049315555 neg 0.03469980922399862	false	0.5
unwissend	neg 1.0	neg 1.0	neg 0.5027639615935211 __DUMMY__ 0.45927472839273054 off 0.037961310013748285	false	1.0
traurig	neg 1.0		__DUMMY__ 0.9229675772423902 off 0.04430630362318952 neg 0.03272611913442026	false	0.5
senkung	neg 1.0		__DUMMY__ 0.9235619781332032 off 0.03963192726927977 neg 0.036806094597517054	false	0.5
ungleich	neg 1.0	neg 1.0	neg 0.5051477653275681 __DUMMY__ 0.4638928332046779 off 0.03095940146775404	false	1.0
heikel	neg 1.0		__DUMMY__ 0.9274719367110377 neg 0.03824335437471487 off 0.03428470891424744	false	1.0
drosselung	neg 1.0		__DUMMY__ 0.9235841660812523 off 0.04238072940939021 neg 0.034035104509357476	false	0.5
falsch	neg 1.0		__DUMMY__ 0.9236999850956126 off 0.04089747840656641 neg 0.03540253649782099	false	0.5
unzufriedenheit	neg 1.0		__DUMMY__ 0.9294717331252578 neg 0.037396067243592936 off 0.03313219963114929	false	1.0
kurz	neg 1.0		__DUMMY__ 0.9307815043979859 off 0.036112481666552496 neg 0.0331060139354616	false	0.5
unsinnig	neg 1.0		__DUMMY__ 0.9253255182147382 neg 0.037879595395297345 off 0.03679488638996449	false	1.0
penner	off 1.0	off 1.0	off 0.5135875846071052 __DUMMY__ 0.4556186613619022 neg 0.030793754030992517	false	1.0
seicht	neg 1.0		__DUMMY__ 0.9151299170304688 off 0.04974145373071193 neg 0.035128629238819285	false	0.5
dummheit	off 1.0	off 1.0	off 0.5067237101403476 __DUMMY__ 0.4596715552970489 neg 0.03360473456260351	false	1.0
unerfreulich	neg 1.0		__DUMMY__ 0.9294638069563791 neg 0.03707346068122107 off 0.0334627323623998	false	1.0
motherfucker	off 1.0	off 1.0	off 0.5096911745266287 __DUMMY__ 0.45969594006328657 neg 0.030612885410084726	false	1.0
pikiert	neg 1.0		__DUMMY__ 0.9223408424431033 off 0.04245849218452624 neg 0.03520066537237051	false	0.5
wrack	neg 1.0		__DUMMY__ 0.9304572065330877 off 0.03539865336900492 neg 0.03414414009790727	false	0.5
gangster	neg 1.0		__DUMMY__ 0.9260598337387116 off 0.04022607052164473 neg 0.03371409573964365	false	0.5
krank	neg 1.0		__DUMMY__ 0.924820696604715 off 0.04240947628891577 neg 0.032769827106369186	false	0.5
reich	neg 1.0		__DUMMY__ 0.9264366897323322 off 0.04158692259347189 neg 0.031976387674195965	false	0.5
gnadenlos	neg 1.0		__DUMMY__ 0.9254187525808113 off 0.03875267701283462 neg 0.035828570406354135	false	0.5
niedergeschlagen	neg 1.0		__DUMMY__ 0.928504175721561 off 0.03640370916881432 neg 0.035092115109624636	false	0.5
terrorisieren	off 1.0	off 1.0	off 0.501640077413408 __DUMMY__ 0.4651666680231856 neg 0.03319325456340641	false	1.0
sinnlosigkeit	neg 1.0		__DUMMY__ 0.9271000064208479 neg 0.03670681250055254 off 0.03619318107859956	false	1.0
behindern	neg 1.0		__DUMMY__ 0.9281276198325981 off 0.03678232659152326 neg 0.035090053575878716	false	0.5
undemokratisch	neg 1.0		__DUMMY__ 0.9257959160577347 off 0.03865774478405842 neg 0.035546339158206895	false	0.5
wirtschaftskrise	neg 1.0		__DUMMY__ 0.9276280620824279 neg 0.037170450102908 off 0.03520148781466407	false	1.0
neid	neg 1.0		__DUMMY__ 0.9263667963528179 off 0.040482977942410285 neg 0.03315022570477181	false	0.5
rutschen	neg 1.0		__DUMMY__ 0.9365997503588516 neg 0.032944395411532434 off 0.030455854229615973	false	1.0
rezession	neg 1.0		__DUMMY__ 0.9166761196660188 off 0.044920436932315275 neg 0.038403443401665925	false	0.5
fehlgeburt	neg 1.0		__DUMMY__ 0.9276019594523456 off 0.03869441573981779 neg 0.03370362480783667	false	0.5
charakterschwach	off 1.0		__DUMMY__ 0.9213080954932641 off 0.0430246632187442 neg 0.035667241287991765	false	1.0
isolation	neg 1.0		__DUMMY__ 0.9254274265638635 off 0.040381060120365325 neg 0.034191513315771284	false	0.5
ablenkung	neg 1.0		__DUMMY__ 0.928137592452628 off 0.037608312814106516 neg 0.0342540947332655	false	0.5
pech	neg 1.0		__DUMMY__ 0.9250414390771489 off 0.04013816326514181 neg 0.03482039765770927	false	0.5
vermeidung	neg 1.0		__DUMMY__ 0.9241159992753508 off 0.04251011368325764 neg 0.03337388704139155	false	0.5
dominieren	neg 1.0		__DUMMY__ 0.9301505002110891 neg 0.035336921762119305 off 0.03451257802679148	false	1.0
schwindlig	neg 1.0		__DUMMY__ 0.9278421640473034 off 0.03879460579223389 neg 0.03336323016046283	false	0.5
lutscher	neg 1.0		__DUMMY__ 0.9159071180523304 off 0.049782920144430136 neg 0.03430996180323952	false	0.5
pflicht	neg 1.0		__DUMMY__ 0.9285382048791999 neg 0.037961834888056066 off 0.033499960232744035	false	1.0
faschist	off 1.0		__DUMMY__ 0.9251240787443484 off 0.040637897611350844 neg 0.034238023644300716	false	1.0
verschleudern	neg 1.0		__DUMMY__ 0.9278997882830422 neg 0.03800040485079546 off 0.034099806866162374	false	1.0
wenn			__DUMMY__ 0.92432498594713 off 0.04103552591720601 neg 0.03463948813566402	false	0.0
ehebruch	neg 1.0		__DUMMY__ 0.9283324573921605 neg 0.03634431072552309 off 0.03532323188231636	false	1.0
spott	off 1.0		__DUMMY__ 0.9279038829254611 neg 0.03709597553682828 off 0.03500014153771058	false	0.5
trostlosigkeit	neg 1.0		__DUMMY__ 0.9318971965994606 neg 0.03529843599013342 off 0.03280436741040591	false	1.0
lutschen	neg 1.0		__DUMMY__ 0.9239729597202834 off 0.040642864300193655 neg 0.035384175979522994	false	0.5
undiszipliniert	neg 1.0		__DUMMY__ 0.9218786431405384 off 0.04387018551870801 neg 0.034251171340753624	false	0.5
kopfschmerz	neg 1.0		__DUMMY__ 0.9272238120625574 neg 0.03729075468368316 off 0.035485433253759434	false	1.0
unvorhergesehen	neg 1.0		__DUMMY__ 0.9335996839039521 off 0.033206543727366915 neg 0.033193772368680936	false	0.5
desinteressiert	neg 1.0	neg 1.0	neg 0.5016075515042389 __DUMMY__ 0.4587379757463412 off 0.03965447274941986	false	1.0
armselig	off 1.0		__DUMMY__ 0.9195315640241886 off 0.04471362933865655 neg 0.035754806637154905	false	1.0
desaster	neg 1.0		__DUMMY__ 0.9307574323032746 neg 0.03719831167308165 off 0.03204425602364382	false	1.0
tod	neg 1.0		__DUMMY__ 0.9324698657721733 off 0.0348855210629968 neg 0.03264461316482995	false	0.5
herzlos	neg 1.0		__DUMMY__ 0.9212864790230155 off 0.04445520557479296 neg 0.03425831540219147	false	0.5
unwissenheit	neg 1.0		__DUMMY__ 0.9269512042744572 neg 0.037095510083949616 off 0.035953285641593204	false	1.0
widersinnig	neg 1.0		__DUMMY__ 0.9242288461222531 neg 0.03959367285814914 off 0.03617748101959776	false	1.0
bedenklich	neg 1.0		__DUMMY__ 0.9267954532489197 neg 0.03796264170635702 off 0.03524190504472334	false	1.0
beanstanden	neg 1.0		__DUMMY__ 0.929278484053335 neg 0.03760231756351316 off 0.03311919838315183	false	1.0
panisch	neg 1.0	neg 1.0	neg 0.4991826022709185 __DUMMY__ 0.46523130898836945 off 0.035586088740712216	false	1.0
debil	off 1.0		__DUMMY__ 0.9361584194987985 neg 0.03561297740558991 off 0.028228603095611524	false	0.5
abstrich	neg 1.0		__DUMMY__ 0.9341269656807337 off 0.035540281001165824 neg 0.03033275331810046	false	0.5
primitiv	neg 1.0		__DUMMY__ 0.9207134449980575 off 0.04325925878350106 neg 0.036027296218441356	false	0.5
abschaum	off 1.0	off 1.0	off 0.5084476742335554 __DUMMY__ 0.45929773439650545 neg 0.032254591369939044	false	1.0
provozieren	neg 1.0		__DUMMY__ 0.9239111159067279 off 0.03863819272493269 neg 0.037450691368339374	false	0.5
tot	neg 1.0		__DUMMY__ 0.9285141930745517 neg 0.03646177600041993 off 0.035024030925028406	false	1.0
instabil	neg 1.0		__DUMMY__ 0.9218345510240248 off 0.04408265249465182 neg 0.03408279648132328	false	0.5
schwuchtel	off 1.0	off 1.0	off 0.5181349739022006 __DUMMY__ 0.4509010014054855 neg 0.030964024692313696	false	1.0
zerren	neg 1.0		__DUMMY__ 0.9286908916378634 off 0.03610639443467312 neg 0.03520271392746347	false	0.5
kinderficker	off 1.0		__DUMMY__ 0.920327635490483 off 0.0467868127056333 neg 0.03288555180388365	false	1.0
gefahr	neg 1.0		__DUMMY__ 0.9311713159061554 neg 0.0358392600923899 off 0.03298942400145474	false	1.0
rabiat	neg 1.0		__DUMMY__ 0.9269821921735829 off 0.037860345356341175 neg 0.035157462470075895	false	0.5
verlangsamung	neg 1.0		__DUMMY__ 0.9151945507854254 off 0.048186956888986394 neg 0.03661849232558816	false	0.5
ausgestorben	neg 1.0		__DUMMY__ 0.9280264265631837 off 0.03752158831821454 neg 0.03445198511860179	false	0.5
anklagen	neg 1.0		__DUMMY__ 0.9288660524035354 neg 0.03570520034655489 off 0.035428747249909784	false	1.0
trott	neg 1.0		__DUMMY__ 0.9279322473910592 off 0.03712159027089756 neg 0.034946162338043235	false	0.5
verminderung	neg 1.0		__DUMMY__ 0.9222595176685283 off 0.042738466472176925 neg 0.035002015859294855	false	0.5
nach			__DUMMY__ 0.9368379578821854 neg 0.03351588155980205 off 0.02964616055801249	false	0.0
rost	neg 1.0		__DUMMY__ 0.9191718558985676 off 0.04679770998045059 neg 0.03403043412098176	false	0.5
destruktiv	neg 1.0		__DUMMY__ 0.9249924973418594 off 0.037658124963479415 neg 0.03734937769466119	false	0.5
unzumutbarkeit	neg 1.0		__DUMMY__ 0.9251722088766248 off 0.04183610254664065 neg 0.032991688576734686	false	0.5
labil	off 1.0	off 1.0	off 0.5078334107079857 __DUMMY__ 0.4604553803748672 neg 0.03171120891714706	false	1.0
ziemlich	neg 1.0		__DUMMY__ 0.9250268152454104 off 0.04224599187211087 neg 0.03272719288247871	false	0.5
lachnummer	off 1.0		__DUMMY__ 0.9247964386211197 off 0.03840181901866467 neg 0.03680174236021555	false	1.0
oder			__DUMMY__ 0.9279180004052117 off 0.03808025828920021 neg 0.03400174130558809	false	0.0
verfall	neg 1.0		__DUMMY__ 0.9326371800248228 neg 0.03735088051219798 off 0.03001193946297918	false	1.0
ausgrenzung	neg 1.0		__DUMMY__ 0.9258604910914869 off 0.039124807431585064 neg 0.035014701476927944	false	0.5
unordnung	neg 1.0		__DUMMY__ 0.9261855001474824 off 0.0437399499284654 neg 0.030074549924052254	false	0.5
fehlverhalten	neg 1.0		__DUMMY__ 0.9270645358478168 neg 0.0389121992943882 off 0.034023264857794985	false	1.0
eine			__DUMMY__ 0.93128574912907 neg 0.035574723413008394 off 0.03313952745792152	false	0.0
nille	neg 1.0		__DUMMY__ 0.9288249879932732 off 0.03732492083525116 neg 0.03385009117147569	false	0.5
qual	neg 1.0		__DUMMY__ 0.92817144568538 off 0.036829605559709176 neg 0.03499894875491076	false	0.5
verschwenden	neg 1.0		__DUMMY__ 0.9271993189914 neg 0.03823082460113383 off 0.03456985640746624	false	1.0
riesig	neg 1.0		__DUMMY__ 0.9306464420773921 neg 0.034834445113884144 off 0.03451911280872376	false	1.0
verurteilen	neg 1.0		__DUMMY__ 0.925885644354131 neg 0.03810047933187764 off 0.03601387631399138	false	1.0
klischee	neg 1.0	neg 1.0	neg 0.5030105872650293 __DUMMY__ 0.459807286672713 off 0.03718212606225763	false	1.0
diktatorisch	neg 1.0		__DUMMY__ 0.9253182354900903 off 0.03885708895356233 neg 0.03582467555634736	false	0.5
vorhersehbar	neg 1.0		__DUMMY__ 0.922628209526544 off 0.040472440917012374 neg 0.0368993495564436	false	0.5
sowie			__DUMMY__ 0.919779015964458 off 0.04616739806742522 neg 0.03405358596811671	false	0.0
stornieren	neg 1.0		__DUMMY__ 0.9312846650752284 off 0.038792541662278246 neg 0.02992279326249324	false	0.5
besteuerung	neg 1.0		__DUMMY__ 0.92351753970587 neg 0.038516550680950154 off 0.0379659096131799	false	1.0
ungeschminkt	neg 1.0		__DUMMY__ 0.9204682946957257 off 0.04260743479898958 neg 0.03692427050528484	false	0.5
kritisch	neg 1.0		__DUMMY__ 0.9274972929977159 neg 0.037412135183966286 off 0.03509057181831785	false	1.0
schlamperei	off 1.0		__DUMMY__ 0.9304614798918237 neg 0.03557579835662845 off 0.0339627217515479	false	0.5
sucht	neg 1.0	neg 1.0	neg 0.49642248508549813 __DUMMY__ 0.46965838207222904 off 0.03391913284227273	false	1.0
egoistisch	off 1.0		__DUMMY__ 0.9180091288599552 off 0.04683053038310926 neg 0.03516034075693544	false	1.0
ausbeuter	off 1.0		__DUMMY__ 0.9263164053492419 neg 0.03966020867557945 off 0.034023385975178635	false	0.5
arschgeburt	off 1.0		__DUMMY__ 0.9112431737149491 off 0.05326622390333965 neg 0.03549060238171128	false	1.0
schubs	neg 1.0		__DUMMY__ 0.9288049677163899 neg 0.035695746214986356 off 0.03549928606862383	false	1.0
unsolide	neg 1.0		__DUMMY__ 0.9241509056840537 off 0.03928958131303235 neg 0.03655951300291395	false	0.5
beschwerde	neg 1.0		__DUMMY__ 0.9286970590022271 neg 0.03670469451159081 off 0.034598246486182094	false	1.0
stocken	neg 1.0		__DUMMY__ 0.929906496960837 neg 0.0359271024041341 off 0.034166400635028744	false	1.0
isolieren	neg 1.0		__DUMMY__ 0.9285128974405414 neg 0.03611332349505393 off 0.035373779064404684	false	1.0
unheilbar	neg 1.0		__DUMMY__ 0.9268963930354953 off 0.03806176259526737 neg 0.03504184436923731	false	0.5
pisser	off 1.0		__DUMMY__ 0.9209500967580118 off 0.04428203341788718 neg 0.03476786982410112	false	1.0
löschen	neg 1.0		__DUMMY__ 0.9278478179501476 off 0.03745930196504306 neg 0.03469288008480926	false	0.5
durchfallen	neg 1.0		__DUMMY__ 0.9257108229421184 neg 0.03874728031997751 off 0.03554189673790413	false	1.0
wichser	off 1.0	off 1.0	off 0.5159071258147019 __DUMMY__ 0.45367541646045295 neg 0.030417457724845144	false	1.0
terror	neg 1.0		__DUMMY__ 0.9263785881313024 off 0.0397461239868628 neg 0.0338752878818349	false	0.5
krass	neg 1.0		__DUMMY__ 0.9213097428169592 off 0.044658781846387434 neg 0.0340314753366534	false	0.5
revolte	neg 1.0		__DUMMY__ 0.9265886433128548 off 0.03942683503867963 neg 0.033984521648465486	false	0.5
besorgt	neg 1.0		__DUMMY__ 0.9320978275084976 off 0.036078040363041894 neg 0.03182413212846062	false	0.5
nachlassen	neg 1.0		__DUMMY__ 0.932132973614153 neg 0.0341592297275897 off 0.03370779665825728	false	1.0
alt	neg 1.0		__DUMMY__ 0.9280844686384062 neg 0.03689173206006763 off 0.03502379930152612	false	1.0
hundesohn	off 1.0		__DUMMY__ 0.9161614719559666 off 0.05046533104823299 neg 0.03337319699580038	false	1.0
als			__DUMMY__ 0.9279801359242021 neg 0.03602131194708695 off 0.035998552128710976	false	0.0
abschreckung	neg 1.0		__DUMMY__ 0.9294094955852558 neg 0.037576541101340975 off 0.03301396331340316	false	1.0
unqualifiziert	neg 1.0		__DUMMY__ 0.9218218871826739 off 0.04123193184652896 neg 0.03694618097079713	false	0.5
abgewichst	off 1.0		__DUMMY__ 0.9292880016063579 off 0.036612945268607526 neg 0.034099053125034584	false	1.0
schwer	neg 1.0		__DUMMY__ 0.9262980854798012 off 0.0372973946517795 neg 0.03640451986841928	false	0.5
bedeutungslosigkeit	neg 1.0		__DUMMY__ 0.9289035111398283 neg 0.03724774936760468 off 0.033848739492567066	false	1.0
kapitulation	neg 1.0		__DUMMY__ 0.9293964158973217 neg 0.03576488045809774 off 0.03483870364458067	false	1.0
unscharf	neg 1.0		__DUMMY__ 0.9241515433901367 off 0.039021883829950976 neg 0.03682657277991228	false	0.5
schwinden	neg 1.0		__DUMMY__ 0.9301620004274384 neg 0.03632727938209045 off 0.033510720190471154	false	1.0
versklavung	neg 1.0		__DUMMY__ 0.9269572749629155 off 0.03839778985604868 neg 0.034644935181035945	false	0.5
schlecht	neg 1.0		__DUMMY__ 0.9246398144485275 off 0.042467003576361746 neg 0.032893181975110715	false	0.5
verhasst	neg 1.0		__DUMMY__ 0.9225453877930725 off 0.0391251792602325 neg 0.03832943294669498	false	0.5
beschweren	neg 1.0		__DUMMY__ 0.9255620330456594 off 0.03933522531377983 neg 0.035102741640560715	false	0.5
scheiden	neg 1.0		__DUMMY__ 0.9295627800086198 off 0.037014055789776165 neg 0.03342316420160398	false	0.5
frustriert	neg 1.0		__DUMMY__ 0.926462784825522 neg 0.036850282242348736 off 0.03668693293212917	false	1.0
schimmelig	neg 1.0		__DUMMY__ 0.9263251461586179 neg 0.03889444030577347 off 0.03478041353560855	false	1.0
fisch	neg 1.0		__DUMMY__ 0.9290560825506089 neg 0.03863486348791093 off 0.03230905396148025	false	1.0
schmuggel	neg 1.0		__DUMMY__ 0.9294178299900626 neg 0.03653210275595775 off 0.03405006725397969	false	1.0
auffallen	neg 1.0		__DUMMY__ 0.9251196211802198 off 0.03990937984164377 neg 0.034970998978136485	false	0.5
konkurrenz	neg 1.0		__DUMMY__ 0.9304622314775589 neg 0.03678560365705583 off 0.032752164865385215	false	1.0
teufelskreis	neg 1.0	neg 1.0	neg 0.5044177453482803 __DUMMY__ 0.46136681561348236 off 0.03421543903823721	false	1.0
aufschreien	neg 1.0		__DUMMY__ 0.9238089449850102 off 0.040060080837373356 neg 0.03613097417761638	false	0.5
schuldner	neg 1.0		__DUMMY__ 0.9279629637087099 neg 0.038710357147903496 off 0.03332667914338666	false	1.0
missgeburt	off 1.0	off 1.0	off 0.5130965153364815 __DUMMY__ 0.45475459120249534 neg 0.032148893461023294	false	1.0
arbeitslos	neg 1.0		__DUMMY__ 0.9254528363641548 neg 0.038633105058533464 off 0.03591405857731177	false	1.0
befallen	neg 1.0		__DUMMY__ 0.9273568939606552 off 0.03650663549866716 neg 0.03613647054067753	false	0.5
miesepetrig	off 1.0	off 1.0	off 0.5079008841248068 __DUMMY__ 0.4610248946191504 neg 0.031074221256042703	false	1.0
alarmieren	neg 1.0		__DUMMY__ 0.9229770543573678 off 0.04150353909602684 neg 0.03551940654660533	false	0.5
ungeduscht	off 1.0		__DUMMY__ 0.9233770026004334 off 0.04052970955282817 neg 0.036093287846738396	false	1.0
knappheit	neg 1.0		__DUMMY__ 0.9249453185668766 neg 0.039705691069868716 off 0.03534899036325472	false	1.0
schlange	neg 1.0		__DUMMY__ 0.9297092933520004 off 0.03860351289457698 neg 0.031687193753422604	false	0.5
harsch	neg 1.0		__DUMMY__ 0.9235730902692053 off 0.045657157188569754 neg 0.030769752542224863	false	0.5
lang	neg 1.0		__DUMMY__ 0.927803108602047 off 0.038151403106053625 neg 0.03404548829189942	false	0.5
ziellos	neg 1.0		__DUMMY__ 0.9302801676862883 off 0.03501313158617854 neg 0.03470670072753313	false	0.5
selbstverliebt	neg 1.0		__DUMMY__ 0.9140812259457489 off 0.05114899179869389 neg 0.03476978225555723	false	0.5
beseitigen	neg 1.0		__DUMMY__ 0.9284556680991296 off 0.03626725903803211 neg 0.03527707286283821	false	0.5
dumm	off 1.0		__DUMMY__ 0.9188777178909343 off 0.04724019656033547 neg 0.03388208554873015	false	1.0
arbeitsloser	neg 1.0		__DUMMY__ 0.9283029581550891 off 0.03593022999860393 neg 0.035766811846307	false	0.5
blitzen	neg 1.0		__DUMMY__ 0.9255184583706613 off 0.04014986475048505 neg 0.034331676878853655	false	0.5
hilflos	neg 1.0		__DUMMY__ 0.9268831297380766 neg 0.03688591910608969 off 0.036230951155833656	false	1.0
eklig	off 1.0		__DUMMY__ 0.9166388025872013 off 0.047741574949418726 neg 0.03561962246338002	false	1.0
begriff			__DUMMY__ 0.9263397656013799 off 0.03721745811453699 neg 0.03644277628408316	false	0.0
hungersnot	neg 1.0		__DUMMY__ 0.9295529775482906 off 0.035660955131563137 neg 0.03478606732014635	false	0.5
ungesetzlich	neg 1.0		__DUMMY__ 0.9228374256099765 off 0.038808968112380306 neg 0.038353606277643185	false	0.5
verschwendung	neg 1.0		__DUMMY__ 0.9286050700755445 neg 0.037124346494730405 off 0.034270583429725075	false	1.0
schmerzvoll	neg 1.0		__DUMMY__ 0.9262004456111987 off 0.03901822041636203 neg 0.034781333972439155	false	0.5
vorzeitig	neg 1.0		__DUMMY__ 0.9263244093373864 off 0.039770180640421586 neg 0.03390541002219211	false	0.5
unvollkommenheit	neg 1.0		__DUMMY__ 0.9323035082837592 off 0.034923184833909826 neg 0.03277330688233108	false	0.5
intervenieren	neg 1.0		__DUMMY__ 0.9279321900795431 neg 0.03774338962904784 off 0.034324420291409155	false	1.0
banause	off 1.0		__DUMMY__ 0.9138829123932205 off 0.049872992477788716 neg 0.03624409512899085	false	1.0
rebell	neg 1.0		__DUMMY__ 0.9310927842471638 neg 0.03807895830845188 off 0.030828257444384354	false	1.0
unlogisch	neg 1.0		__DUMMY__ 0.9202692681162169 off 0.0443458010484012 neg 0.03538493083538198	false	0.5
leiden	neg 1.0		__DUMMY__ 0.9313312872814511 neg 0.03584051225207463 off 0.03282820046647435	false	1.0
abschaffung	neg 1.0		__DUMMY__ 0.9266463795030904 off 0.0378879338901081 neg 0.0354656866068016	false	0.5
sturz	neg 1.0		__DUMMY__ 0.9295274813841122 off 0.03757567452672653 neg 0.0328968440891612	false	0.5
verkleinerung	neg 1.0		__DUMMY__ 0.9225196809621766 off 0.04018252987905285 neg 0.03729778915877061	false	0.5
schmarotzer	off 1.0		__DUMMY__ 0.9242935899848717 neg 0.039108250154430334 off 0.036598159860698073	false	0.5
bestrafung	neg 1.0		__DUMMY__ 0.9265429277824301 off 0.038583945996056836 neg 0.03487312622151301	false	0.5
achtlos	neg 1.0	neg 1.0	neg 0.5018349623515677 __DUMMY__ 0.46447319924897223 off 0.03369183839946022	false	1.0
ungeheuer	neg 1.0		__DUMMY__ 0.9275235407677636 off 0.03938528767500252 neg 0.03309117155723391	false	0.5
