unsolidarisch	neg 1.0		off 0.48745175504295946 neg 0.47126316007598223 __DUMMY__ 0.04128508488105833	false	0.5
nachteilig	neg 1.0		off 0.4852190627298196 neg 0.4731211289900722 __DUMMY__ 0.04165980828010822	false	0.5
skeptisch	neg 1.0		off 0.4850639884443952 neg 0.4732079181854829 __DUMMY__ 0.04172809337012194	false	0.5
schrecklich	neg 1.0		off 0.4999439181882272 neg 0.45893583256721093 __DUMMY__ 0.04112024924456184	false	0.5
schlapp	neg 1.0		off 0.49657157952830105 neg 0.4620801952668983 __DUMMY__ 0.041348225204800595	false	0.5
abfall	neg 1.0		off 0.4826287871414267 neg 0.4753840327410438 __DUMMY__ 0.04198718011752945	false	0.5
widerspenstig	neg 1.0		off 0.491097146237733 neg 0.4673369838622128 __DUMMY__ 0.04156586990005429	false	0.5
abrupt	neg 1.0		off 0.4886543411185828 neg 0.4693967754796518 __DUMMY__ 0.041948883401765516	false	0.5
unwirksam	neg 1.0		off 0.4873098214116628 neg 0.4714435262857693 __DUMMY__ 0.04124665230256798	false	0.5
angreifen	neg 1.0		off 0.4846071200136881 neg 0.47369960927773774 __DUMMY__ 0.041693270708574176	false	0.5
inkonsistent	neg 1.0		off 0.4900146150410485 neg 0.4686384922242749 __DUMMY__ 0.041346892734676684	false	0.5
abrutschen	neg 1.0		off 0.48233129554181703 neg 0.4757821372872943 __DUMMY__ 0.04188656717088874	false	0.5
unsicher	neg 1.0		off 0.4912030485476898 neg 0.4671554861934513 __DUMMY__ 0.04164146525885894	false	0.5
bauernkind	off 1.0	off 1.0	off 0.7334354622086574 neg 0.24729950960275685 __DUMMY__ 0.019265028188585727	false	1.0
angreifer	neg 1.0	neg 1.0	neg 0.7169372893956641 off 0.2631490331079691 __DUMMY__ 0.019913677496366793	false	1.0
trennen	neg 1.0		off 0.4870356172025217 neg 0.4709991177356092 __DUMMY__ 0.041965265061869185	false	0.5
schmutz	neg 1.0		off 0.495419126877154 neg 0.46278108232439746 __DUMMY__ 0.041799790798448574	false	0.5
inkonsistenz	neg 1.0		off 0.4920350623539237 neg 0.46704062079621456 __DUMMY__ 0.04092431684986189	false	0.5
erschreckend	neg 1.0		off 0.48871606781313026 neg 0.4697917460982689 __DUMMY__ 0.0414921860886008	false	0.5
ertrinken	neg 1.0		off 0.4863828931281852 neg 0.4718221072541779 __DUMMY__ 0.04179499961763686	false	0.5
pickelface	off 1.0		off 0.49028603746807764 neg 0.46804984920689996 __DUMMY__ 0.041664113325022505	false	1.0
seiner			off 0.4860032736365859 neg 0.47222241211284527 __DUMMY__ 0.04177431425056894	false	0.0
lauch	neg 1.0		off 0.4844774848661615 neg 0.47350492287485607 __DUMMY__ 0.04201759225898257	false	0.5
unwichtig	neg 1.0		off 0.49389896009247153 neg 0.46493266900314767 __DUMMY__ 0.041168370904380684	false	0.5
steuerhinterziehung	neg 1.0	neg 1.0	neg 0.7209009620769603 off 0.2592438812560585 __DUMMY__ 0.01985515666698115	false	1.0
schock	neg 1.0		off 0.4908501285875227 neg 0.4674377397844501 __DUMMY__ 0.041712131628027255	false	0.5
beule	neg 1.0		off 0.4967591159250416 neg 0.4620206667700779 __DUMMY__ 0.041220217304880576	false	0.5
vergelten	neg 1.0		off 0.5007479332870608 neg 0.45787243380068515 __DUMMY__ 0.04137963291225392	false	0.5
verdorbenheit	neg 1.0		off 0.4940060041377165 neg 0.4641967337693715 __DUMMY__ 0.041797262092912034	false	0.5
trauma	neg 1.0		off 0.491697055122199 neg 0.46676651059999125 __DUMMY__ 0.041536434277809564	false	0.5
sinnlos	neg 1.0		off 0.49276131224538927 neg 0.4657840137447549 __DUMMY__ 0.04145467400985575	false	0.5
fettsack	off 1.0	off 1.0	off 0.7351952911096425 neg 0.2454438979118608 __DUMMY__ 0.019360810978496595	false	1.0
feige	off 1.0	off 1.0	off 0.7326666941967245 neg 0.24776420456543166 __DUMMY__ 0.019569101237843802	false	1.0
abdanken	neg 1.0		off 0.49019329827383556 neg 0.4681775928589303 __DUMMY__ 0.0416291088672342	false	0.5
wichtigtuer	off 1.0	off 1.0	off 0.7316715622626372 neg 0.24866054109011665 __DUMMY__ 0.019667896647246184	false	1.0
misslingen	neg 1.0		off 0.4952250281676193 neg 0.46282545119465884 __DUMMY__ 0.04194952063772181	false	0.5
untreu	off 1.0		off 0.4955832495319535 neg 0.46316167043648354 __DUMMY__ 0.041255080031562925	false	1.0
missmutig	neg 1.0		off 0.49579865477803164 neg 0.4628231630685943 __DUMMY__ 0.04137818215337405	false	0.5
hurenbock	off 1.0		off 0.4941442573918675 neg 0.4642391207594196 __DUMMY__ 0.041616621848712905	false	1.0
betrunken	neg 1.0		off 0.49819013441487314 neg 0.46054510041625657 __DUMMY__ 0.04126476516887024	false	0.5
korrupt	off 1.0		off 0.48502300540141785 neg 0.4736069235963206 __DUMMY__ 0.04137007100226157	false	1.0
unmut	neg 1.0		off 0.4828912622879559 neg 0.47517515771975266 __DUMMY__ 0.04193357999229138	false	0.5
hackfresse	off 1.0		off 0.5022084314413001 neg 0.45697259711195853 __DUMMY__ 0.040818971446741265	false	1.0
aufblasen	neg 1.0		off 0.49337022547264336 neg 0.4650686253577047 __DUMMY__ 0.041561149169652034	false	0.5
gewaltsam	neg 1.0		off 0.4901000446424507 neg 0.4681763564200436 __DUMMY__ 0.04172359893750568	false	0.5
unbeliebtheit	neg 1.0		off 0.4926412223486379 neg 0.4661968852537975 __DUMMY__ 0.04116189239756469	false	0.5
sturheit	neg 1.0		off 0.48803123151586175 neg 0.47045540082352855 __DUMMY__ 0.04151336766060969	false	0.5
kuh	neg 1.0		off 0.489592300768009 neg 0.46934581053005486 __DUMMY__ 0.041061888701936125	false	0.5
erschrecken	neg 1.0		off 0.4960926093685432 neg 0.4624503237500318 __DUMMY__ 0.041457066881424975	false	0.5
opfer	neg 1.0		off 0.48696801214355434 neg 0.47131651993477697 __DUMMY__ 0.041715467921668685	false	0.5
sinken	neg 1.0		off 0.4842430509766888 neg 0.47378994527828777 __DUMMY__ 0.04196700374502343	false	0.5
stinktier	neg 1.0		off 0.49596857567341507 neg 0.4634299472989879 __DUMMY__ 0.04060147702759689	false	0.5
tucke	off 1.0		off 0.5018130851020425 neg 0.45758312927566 __DUMMY__ 0.04060378562229749	false	1.0
ein			off 0.49233503089590885 neg 0.46610404320605686 __DUMMY__ 0.041560925898034354	false	0.0
abstieg	neg 1.0		off 0.4868315853106809 neg 0.4713242499647215 __DUMMY__ 0.04184416472459765	false	0.5
missverstehen	neg 1.0		off 0.4912564638460262 neg 0.4675566582284114 __DUMMY__ 0.04118687792556246	false	0.5
ergebnislos	neg 1.0		off 0.4864462183295949 neg 0.4716978580558298 __DUMMY__ 0.041855923614575366	false	0.5
unter			off 0.4803851769243416 neg 0.47724702073631975 __DUMMY__ 0.04236780233933882	false	0.0
manipulieren	neg 1.0		off 0.48502973504104574 neg 0.47318559543505345 __DUMMY__ 0.04178466952390077	false	0.5
unbewiesen	neg 1.0		off 0.4865253369285144 neg 0.4722771405506935 __DUMMY__ 0.04119752252079209	false	0.5
verschleppen	neg 1.0		off 0.48660759087163025 neg 0.4717608105343898 __DUMMY__ 0.04163159859397988	false	0.5
weib	off 1.0		off 0.5002319728640529 neg 0.45925473081530105 __DUMMY__ 0.04051329632064602	false	1.0
opposition	neg 1.0		off 0.4910269871245086 neg 0.4676079763250422 __DUMMY__ 0.04136503655044922	false	0.5
verkehrswidrig	neg 1.0		off 0.5030874388736575 neg 0.4554684734810591 __DUMMY__ 0.041444087645283394	false	0.5
inkorrekt	neg 1.0		off 0.49658930092196946 neg 0.4625063950282795 __DUMMY__ 0.04090430404975107	false	0.5
vermeiden	neg 1.0	neg 1.0	neg 0.723178364252546 off 0.25669722989132926 __DUMMY__ 0.02012440585612475	false	1.0
abweichung	neg 1.0		off 0.48634380634753704 neg 0.4719973855036953 __DUMMY__ 0.04165880814876771	false	0.5
alkoholisiert	neg 1.0		off 0.4872565161561681 neg 0.4708936534876666 __DUMMY__ 0.04184983035616523	false	0.5
scheiss	off 1.0	off 1.0	off 0.7337659612879924 neg 0.2466097491932101 __DUMMY__ 0.019624289518797463	false	1.0
herausforderung	neg 1.0		off 0.4854570630934782 neg 0.4727761724948797 __DUMMY__ 0.04176676441164224	false	0.5
pervers	off 1.0		off 0.5050049904388482 neg 0.4543963109882343 __DUMMY__ 0.040598698572917626	false	1.0
wackelig	neg 1.0		off 0.49136709913665827 neg 0.46671343370039575 __DUMMY__ 0.041919467162946054	false	0.5
verwickeln	neg 1.0		off 0.49073281275109526 neg 0.46805149276235897 __DUMMY__ 0.04121569448654578	false	0.5
vorwand	neg 1.0		off 0.48415987585869535 neg 0.4741247234334319 __DUMMY__ 0.04171540070787281	false	0.5
muschi	off 1.0		off 0.4904284450104298 neg 0.46791159270293714 __DUMMY__ 0.04165996228663308	false	1.0
entmutigung	neg 1.0		off 0.4914530554308186 neg 0.4670682870315103 __DUMMY__ 0.04147865753767109	false	0.5
unangemessen	neg 1.0		off 0.4864852917948795 neg 0.47212184952707753 __DUMMY__ 0.04139285867804298	false	0.5
unstetig	neg 1.0		off 0.4938920539161015 neg 0.4646308763179811 __DUMMY__ 0.04147706976591738	false	0.5
entmutigen	neg 1.0		off 0.49121189544479593 neg 0.46730350470951515 __DUMMY__ 0.041484599845688884	false	0.5
schwanz	neg 1.0		off 0.4879250843528816 neg 0.4703137462138394 __DUMMY__ 0.04176116943327902	false	0.5
verbot	neg 1.0		off 0.4868916921700251 neg 0.4714958384116396 __DUMMY__ 0.04161246941833534	false	0.5
leid	neg 1.0		off 0.5000849591735023 neg 0.4590210448559968 __DUMMY__ 0.040893995970500925	false	0.5
archaisch	neg 1.0		off 0.48861697873356497 neg 0.46982105756777054 __DUMMY__ 0.041561963698664564	false	0.5
gegen			off 0.48426786237058217 neg 0.4737613625255121 __DUMMY__ 0.04197077510390581	false	0.0
scheidung	neg 1.0		off 0.5132023999260551 neg 0.4459771822389451 __DUMMY__ 0.04082041783499981	false	0.5
einschlag	neg 1.0		off 0.4985942126463785 neg 0.46023850585382353 __DUMMY__ 0.04116728149979802	false	0.5
m			off 0.48931267888076146 neg 0.46891524445135535 __DUMMY__ 0.04177207666788314	false	0.0
abgestanden	neg 1.0		off 0.49045454773335695 neg 0.46813342923631934 __DUMMY__ 0.04141202303032374	false	0.5
schmierig	off 1.0		off 0.5006272151724268 neg 0.45831618412835845 __DUMMY__ 0.04105660069921482	false	1.0
unpraktisch	neg 1.0		off 0.49285043909312787 neg 0.4656098411791273 __DUMMY__ 0.04153971972774482	false	0.5
wixxer	off 1.0		off 0.5037532996287122 neg 0.4558017139989622 __DUMMY__ 0.040444986372325624	false	1.0
bezeichnet			off 0.48858774238562036 neg 0.4700597840175882 __DUMMY__ 0.04135247359679142	false	0.0
jammerlappen	off 1.0		off 0.4961062933526761 neg 0.4625133201754904 __DUMMY__ 0.04138038647183344	false	1.0
farce	neg 1.0		off 0.48798212135420344 neg 0.4704505557158259 __DUMMY__ 0.041567322929970674	false	0.5
zwecklos	neg 1.0		off 0.4871095766013474 neg 0.4713874138543392 __DUMMY__ 0.04150300954431353	false	0.5
turbulent	neg 1.0		off 0.4957950261542389 neg 0.46309179582425447 __DUMMY__ 0.0411131780215067	false	0.5
invasion	neg 1.0		off 0.49240591941356654 neg 0.46615166179199113 __DUMMY__ 0.04144241879444223	false	0.5
schuld	neg 1.0		off 0.4904022727922184 neg 0.468217768134535 __DUMMY__ 0.04137995907324673	false	0.5
risiko	neg 1.0	neg 1.0	neg 0.7176806602291629 off 0.2624211180937114 __DUMMY__ 0.019898221677125592	false	1.0
finster	neg 1.0		off 0.4906755021761927 neg 0.4679844674082289 __DUMMY__ 0.041340030415578335	false	0.5
geisteskrank	off 1.0		off 0.49428261468519785 neg 0.46478057460724115 __DUMMY__ 0.040936810707560944	false	1.0
zusammenbrechen	neg 1.0		off 0.48857476430249525 neg 0.469794595469408 __DUMMY__ 0.04163064022809682	false	0.5
ausbeute	neg 1.0		off 0.49243996549302743 neg 0.46532461028227706 __DUMMY__ 0.04223542422469548	false	0.5
hinterhalt	neg 1.0		off 0.4939965846671282 neg 0.46387553414576715 __DUMMY__ 0.04212788118710458	false	0.5
kritik	neg 1.0		off 0.4873895384642133 neg 0.47107140301411815 __DUMMY__ 0.04153905852166859	false	0.5
einschrumpfen	neg 1.0		off 0.4933039809515368 neg 0.46546095421780787 __DUMMY__ 0.04123506483065537	false	0.5
riskant	neg 1.0		off 0.4846981894846763 neg 0.47369214678890786 __DUMMY__ 0.041609663726415884	false	0.5
frustrieren	neg 1.0		off 0.4861339212746837 neg 0.47224355791873845 __DUMMY__ 0.04162252080657794	false	0.5
groll	neg 1.0		off 0.4865516734916766 neg 0.47193337191477375 __DUMMY__ 0.04151495459354961	false	0.5
gibt			off 0.48890764283315163 neg 0.46943576023459876 __DUMMY__ 0.04165659693224958	false	0.0
qualvoll	neg 1.0		off 0.49424933815104644 neg 0.46429361323980817 __DUMMY__ 0.0414570486091454	false	0.5
wackeln	neg 1.0		off 0.49343614144163395 neg 0.46485287643620116 __DUMMY__ 0.04171098212216498	false	0.5
klagen	neg 1.0		off 0.4829206859976113 neg 0.47525324985194317 __DUMMY__ 0.041826064150445603	false	0.5
bankrott	neg 1.0		off 0.4961680582462933 neg 0.4623612795457859 __DUMMY__ 0.04147066220792082	false	0.5
trauern	neg 1.0		off 0.48835853883422425 neg 0.469730443701733 __DUMMY__ 0.04191101746404276	false	0.5
ablehnung	neg 1.0		off 0.4869081271018727 neg 0.47155737584314095 __DUMMY__ 0.041534497054986415	false	0.5
stur	neg 1.0		off 0.4908529588002523 neg 0.46775071453728034 __DUMMY__ 0.04139632666246732	false	0.5
aufruhr	neg 1.0		off 0.48990113804890717 neg 0.46844616458802796 __DUMMY__ 0.0416526973630649	false	0.5
melancholie	neg 1.0		off 0.48864531837719394 neg 0.46956246402245977 __DUMMY__ 0.04179221760034625	false	0.5
ist			off 0.49269255762102976 neg 0.46582759988169803 __DUMMY__ 0.04147984249727215	false	0.0
torheit	neg 1.0		off 0.4905119258316451 neg 0.46797931520138003 __DUMMY__ 0.04150875896697485	false	0.5
dreckskind	off 1.0		off 0.4993983860705805 neg 0.45991751561721866 __DUMMY__ 0.0406840983122007	false	1.0
umtauschen	neg 1.0		off 0.4910136404819056 neg 0.4673650688264961 __DUMMY__ 0.04162129069159826	false	0.5
zum			off 0.4854372192519067 neg 0.4721704271936385 __DUMMY__ 0.04239235355445476	false	0.0
zersetzen	neg 1.0		off 0.48364501028790113 neg 0.4747339629460196 __DUMMY__ 0.04162102676607923	false	0.5
zur			off 0.48271775826592844 neg 0.47505686563114763 __DUMMY__ 0.04222537610292391	false	0.0
frust	neg 1.0		off 0.488962783466961 neg 0.4693637813099066 __DUMMY__ 0.04167343522313231	false	0.5
unerbittlichkeit	neg 1.0		off 0.48468585141100123 neg 0.4735864867247524 __DUMMY__ 0.041727661864246396	false	0.5
zwei			off 0.485960854698376 neg 0.47175565407165543 __DUMMY__ 0.042283491229968655	false	0.0
unkorrekt	neg 1.0		off 0.49765972636040234 neg 0.46128371208541197 __DUMMY__ 0.04105656155418563	false	0.5
hexe	off 1.0		off 0.49369083024356963 neg 0.46524105076241995 __DUMMY__ 0.04106811899401042	false	1.0
lasch	neg 1.0		off 0.49257745300290956 neg 0.4662457240581483 __DUMMY__ 0.041176822938942224	false	0.5
rivale	neg 1.0		off 0.49744068502101935 neg 0.46140278068633567 __DUMMY__ 0.04115653429264495	false	0.5
mutlos	off 1.0	off 1.0	off 0.7278877138689032 neg 0.252275297485886 __DUMMY__ 0.019836988645210912	false	1.0
wirr	off 1.0		off 0.4974137875064254 neg 0.4616789838360328 __DUMMY__ 0.0409072286575417	false	1.0
jahr			off 0.49006911239920614 neg 0.46760200116890144 __DUMMY__ 0.04232888643189237	false	0.0
wird			off 0.4874558245814282 neg 0.47087496601226936 __DUMMY__ 0.04166920940630232	false	0.0
strafbar	neg 1.0		off 0.48512939722498777 neg 0.47327937051066243 __DUMMY__ 0.041591232264349916	false	0.5
erosion	neg 1.0		off 0.4921304590706599 neg 0.46616568588504637 __DUMMY__ 0.041703855044293865	false	0.5
eingehen	neg 1.0		off 0.4854517098273279 neg 0.47295862892332013 __DUMMY__ 0.041589661249352095	false	0.5
faul	off 1.0		off 0.49608232076025693 neg 0.4624622865958976 __DUMMY__ 0.04145539264384548	false	1.0
provisorium	neg 1.0		off 0.4819965998981843 neg 0.4755614446055389 __DUMMY__ 0.042441955496276926	false	0.5
schmerzen	neg 1.0		off 0.48856856026096157 neg 0.46995081894328006 __DUMMY__ 0.041480620795758386	false	0.5
schrumpfen	neg 1.0		off 0.48009561518540506 neg 0.477990417153975 __DUMMY__ 0.04191396766062	false	0.5
geistlos	off 1.0		off 0.489989487047797 neg 0.4689137601693954 __DUMMY__ 0.04109675278280764	false	1.0
fehlkauf	neg 1.0		off 0.4931934510478515 neg 0.465262591691274 __DUMMY__ 0.041543957260874426	false	0.5
frustrierend	neg 1.0		off 0.4942168390442515 neg 0.46444473780598305 __DUMMY__ 0.04133842314976537	false	0.5
unzufrieden	neg 1.0		off 0.4866307552035855 neg 0.47186657788517916 __DUMMY__ 0.04150266691123529	false	0.5
verzweifeln	neg 1.0		off 0.48926915795877296 neg 0.4691595491333176 __DUMMY__ 0.0415712929079094	false	0.5
verzweifelt	neg 1.0	neg 1.0	neg 0.7195562024585481 off 0.2607433049551813 __DUMMY__ 0.01970049258627063	false	1.0
misstrauensantrag	neg 1.0		off 0.49275491240974273 neg 0.4658002000180609 __DUMMY__ 0.04144488757219637	false	0.5
abfallen	neg 1.0		off 0.4931864441175069 neg 0.4651418541948205 __DUMMY__ 0.04167170168767253	false	0.5
fucker	off 1.0		off 0.49912701014038335 neg 0.45960884127180535 __DUMMY__ 0.041264148587811404	false	1.0
ungezogen	neg 1.0		off 0.5045480930365925 neg 0.45476875551651935 __DUMMY__ 0.04068315144688816	false	0.5
irrsinnig	neg 1.0	neg 1.0	neg 0.7192677674679502 off 0.2610027573677082 __DUMMY__ 0.019729475164341675	false	1.0
unfassbar	neg 1.0		off 0.49721352587207096 neg 0.4614700908758596 __DUMMY__ 0.04131638325206953	false	0.5
hart	neg 1.0		off 0.4960784935546024 neg 0.4626707460390734 __DUMMY__ 0.04125076040632424	false	0.5
widerlich	off 1.0		off 0.4955947113677327 neg 0.4633418132325427 __DUMMY__ 0.041063475399724485	false	1.0
fatal	neg 1.0		off 0.49304812431848727 neg 0.46548776738410297 __DUMMY__ 0.041464108297409756	false	0.5
bruch	neg 1.0		off 0.48423887760671874 neg 0.4738587549811067 __DUMMY__ 0.0419023674121745	false	0.5
aushungern	neg 1.0		off 0.48856675494828505 neg 0.46977577824888633 __DUMMY__ 0.04165746680282858	false	0.5
anspannung	neg 1.0		off 0.48460684250714425 neg 0.4730881890550314 __DUMMY__ 0.04230496843782435	false	0.5
von			off 0.491133256829137 neg 0.4664318778023593 __DUMMY__ 0.042434865368503785	false	0.0
kraftlos	neg 1.0		off 0.48906509321471786 neg 0.4691887690177118 __DUMMY__ 0.04174613776757033	false	0.5
vom			off 0.48398477862268524 neg 0.4734518692636367 __DUMMY__ 0.04256335211367798	false	0.0
grenzdebil	off 1.0		off 0.49770897746934895 neg 0.4609781825856259 __DUMMY__ 0.041312839945025215	false	1.0
vor			off 0.4860906953985309 neg 0.4719122360429984 __DUMMY__ 0.0419970685584707	false	0.0
unterwerfen	neg 1.0		off 0.48650879232677957 neg 0.47181470460267183 __DUMMY__ 0.0416765030705487	false	0.5
versenkung	neg 1.0		off 0.4881930940725535 neg 0.4699708514825251 __DUMMY__ 0.041836054444921195	false	0.5
entziehen	neg 1.0		off 0.48354029253014863 neg 0.47464294800653856 __DUMMY__ 0.04181675946331281	false	0.5
finanzkrise	neg 1.0		off 0.4881633254419716 neg 0.4703608596580912 __DUMMY__ 0.041475814899937166	false	0.5
schimpfend	neg 1.0		off 0.492785781295976 neg 0.4657551233129782 __DUMMY__ 0.041459095391045836	false	0.5
profan	neg 1.0		off 0.4926464187118924 neg 0.46600213526606804 __DUMMY__ 0.04135144602203946	false	0.5
korruption	neg 1.0		off 0.48675177183401236 neg 0.47161915542797844 __DUMMY__ 0.04162907273800929	false	0.5
â			off 0.4892355590304307 neg 0.46892459325320857 __DUMMY__ 0.04183984771636082	false	0.0
schmutzig	neg 1.0		off 0.49872217849252065 neg 0.4599278911375056 __DUMMY__ 0.04134993036997383	false	0.5
sexy	neg 1.0		off 0.4952330795848301 neg 0.46328328653698336 __DUMMY__ 0.041483633878186536	false	0.5
abraten	neg 1.0		off 0.4927831246488464 neg 0.46575312005324204 __DUMMY__ 0.04146375529791144	false	0.5
schwarz	neg 1.0		off 0.49220284872055353 neg 0.4663178615914174 __DUMMY__ 0.041479289688028935	false	0.5
fotze	off 1.0	off 1.0	off 0.7304134060116226 neg 0.24964587972960509 __DUMMY__ 0.019940714258772366	false	1.0
verwirren	neg 1.0		off 0.4934934113700267 neg 0.46512950024464844 __DUMMY__ 0.04137708838532477	false	0.5
zahnlos	off 1.0		off 0.4881317496354085 neg 0.4703302062055967 __DUMMY__ 0.041538044158994834	false	1.0
verheeren	neg 1.0		off 0.5069241171210767 neg 0.4523211975090587 __DUMMY__ 0.040754685369864666	false	0.5
hippie	neg 1.0		off 0.4947167482734445 neg 0.463797047269424 __DUMMY__ 0.041486204457131665	false	0.5
rammen	neg 1.0		off 0.49117802581705877 neg 0.4674600100928826 __DUMMY__ 0.04136196409005855	false	0.5
unlauter	neg 1.0		off 0.4894800608346288 neg 0.46922498491173337 __DUMMY__ 0.04129495425363779	false	0.5
unheilvoll	neg 1.0		off 0.4932843216983289 neg 0.4651843014173152 __DUMMY__ 0.0415313768843558	false	0.5
niedrig	neg 1.0		off 0.4840526717535811 neg 0.47437818669485826 __DUMMY__ 0.04156914155156067	false	0.5
explosion	neg 1.0		off 0.4935523679827764 neg 0.46501204870335716 __DUMMY__ 0.04143558331386651	false	0.5
weichei	off 1.0	off 1.0	off 0.7362996208871646 neg 0.24424837365210725 __DUMMY__ 0.019452005460728124	false	1.0
minusmensch	off 1.0		off 0.5016712996697411 neg 0.4577372788393701 __DUMMY__ 0.040591421490888714	false	1.0
farblos	neg 1.0		off 0.4910886731237418 neg 0.4672774635245124 __DUMMY__ 0.04163386335174576	false	0.5
unwissend	neg 1.0	neg 1.0	neg 0.7173402771017651 off 0.2630376741136183 __DUMMY__ 0.019622048784616722	false	1.0
traurig	neg 1.0		off 0.49955122193948054 neg 0.4592566266905814 __DUMMY__ 0.041192151369937986	false	0.5
senkung	neg 1.0		off 0.49165269475700085 neg 0.46709718715461984 __DUMMY__ 0.041250118088379396	false	0.5
ungleich	neg 1.0	neg 1.0	neg 0.7225611845035069 off 0.25758782749336107 __DUMMY__ 0.019850988003132043	false	1.0
heikel	neg 1.0		off 0.4846435423950582 neg 0.47374955044678935 __DUMMY__ 0.04160690715815241	false	0.5
drosselung	neg 1.0		off 0.4968592746325336 neg 0.4619019237011082 __DUMMY__ 0.04123880166635822	false	0.5
falsch	neg 1.0		off 0.493853140945241 neg 0.4648786260786347 __DUMMY__ 0.04126823297612413	false	0.5
unzufriedenheit	neg 1.0		off 0.48406704130798217 neg 0.47416651849302943 __DUMMY__ 0.041766440198988466	false	0.5
kurz	neg 1.0		off 0.49142490900150454 neg 0.4667266753552292 __DUMMY__ 0.041848415643266385	false	0.5
unsinnig	neg 1.0		off 0.4873413439411519 neg 0.4712314819954941 __DUMMY__ 0.04142717406335412	false	0.5
penner	off 1.0	off 1.0	off 0.7373219997372628 neg 0.24323747202162666 __DUMMY__ 0.019440528241110568	false	1.0
seicht	neg 1.0		off 0.5024460431163931 neg 0.4569912843140161 __DUMMY__ 0.0405626725695907	false	0.5
dummheit	off 1.0	off 1.0	off 0.731755658477406 neg 0.24859306934723202 __DUMMY__ 0.01965127217536194	false	1.0
unerfreulich	neg 1.0		off 0.4850058564416708 neg 0.47323653372077906 __DUMMY__ 0.041757609837550114	false	0.5
motherfucker	off 1.0	off 1.0	off 0.734977280408699 neg 0.24537032951701748 __DUMMY__ 0.019652390074283516	false	1.0
pikiert	neg 1.0		off 0.49541656228346603 neg 0.4634276284969857 __DUMMY__ 0.0411558092195482	false	0.5
wrack	neg 1.0		off 0.4899072979529883 neg 0.46829655208190935 __DUMMY__ 0.04179614996510235	false	0.5
gangster	neg 1.0		off 0.49471478143994607 neg 0.46380941327528935 __DUMMY__ 0.04147580528476456	false	0.5
krank	neg 1.0		off 0.4979757935806196 neg 0.46069218178855903 __DUMMY__ 0.04133202463082146	false	0.5
reich	neg 1.0		off 0.4975377823309264 neg 0.4610056053196627 __DUMMY__ 0.041456612349410914	false	0.5
gnadenlos	neg 1.0		off 0.4911273679782304 neg 0.4674322168050228 __DUMMY__ 0.04144041521674686	false	0.5
niedergeschlagen	neg 1.0		off 0.48979301698235644 neg 0.4685297817207741 __DUMMY__ 0.041677201296869436	false	0.5
terrorisieren	off 1.0	off 1.0	off 0.7289120904023296 neg 0.25116672999338285 __DUMMY__ 0.019921179604287586	false	1.0
sinnlosigkeit	neg 1.0		off 0.4878277079475744 neg 0.47059700701178436 __DUMMY__ 0.04157528504064137	false	0.5
behindern	neg 1.0		off 0.4903688209482401 neg 0.46799376452078945 __DUMMY__ 0.04163741453097045	false	0.5
undemokratisch	neg 1.0		off 0.49070580643435485 neg 0.4678512507930149 __DUMMY__ 0.041442942772630255	false	0.5
wirtschaftskrise	neg 1.0		off 0.486263550873772 neg 0.4721354941783381 __DUMMY__ 0.041600954947889957	false	0.5
neid	neg 1.0		off 0.4956911720274081 neg 0.4628452576805881 __DUMMY__ 0.04146357029200382	false	0.5
rutschen	neg 1.0		off 0.48621075501879857 neg 0.4714644200582381 __DUMMY__ 0.04232482492296339	false	0.5
rezession	neg 1.0		off 0.4951494795947123 neg 0.4641397143504575 __DUMMY__ 0.0407108060548303	false	0.5
fehlgeburt	neg 1.0		off 0.49339020070897976 neg 0.465054759957529 __DUMMY__ 0.04155503933349131	false	0.5
charakterschwach	off 1.0		off 0.4953663129029196 neg 0.4635612852443705 __DUMMY__ 0.04107240185270988	false	1.0
isolation	neg 1.0		off 0.4946481921100112 neg 0.46393901581356073 __DUMMY__ 0.04141279207642802	false	0.5
ablenkung	neg 1.0		off 0.4916171125874996 neg 0.46674193725847973 __DUMMY__ 0.041640950154020695	false	0.5
pech	neg 1.0		off 0.4943987807774606 neg 0.4642498312049249 __DUMMY__ 0.04135138801761453	false	0.5
vermeidung	neg 1.0		off 0.49757725127353825 neg 0.46112839130509375 __DUMMY__ 0.041294357421367896	false	0.5
dominieren	neg 1.0		off 0.4875570872166431 neg 0.4706426115468366 __DUMMY__ 0.04180030123652025	false	0.5
schwindlig	neg 1.0		off 0.4943278862948066 neg 0.4641008963302845 __DUMMY__ 0.041571217374908945	false	0.5
lutscher	neg 1.0		off 0.5037082316218048 neg 0.4556785722384192 __DUMMY__ 0.040613196139776105	false	0.5
pflicht	neg 1.0		off 0.48394409195562205 neg 0.4743486122124245 __DUMMY__ 0.0417072958319535	false	0.5
faschist	off 1.0		off 0.4937460032456134 neg 0.4648694085804922 __DUMMY__ 0.04138458817389452	false	1.0
verschleudern	neg 1.0		off 0.48459688113391597 neg 0.4737883223927795 __DUMMY__ 0.04161479647330445	false	0.5
wenn			off 0.4946445007523443 neg 0.46402933921846573 __DUMMY__ 0.04132616002919011	false	0.0
ehebruch	neg 1.0		off 0.4870000710213886 neg 0.47133744774529107 __DUMMY__ 0.04166248123332037	false	0.5
spott	off 1.0		off 0.48602855307063164 neg 0.4723354542417018 __DUMMY__ 0.04163599268766659	false	1.0
trostlosigkeit	neg 1.0		off 0.48569978070903097 neg 0.47235013957389316 __DUMMY__ 0.04195007971707592	false	0.5
lutschen	neg 1.0		off 0.49362654238365494 neg 0.46507873741392786 __DUMMY__ 0.04129472020241726	false	0.5
undiszipliniert	neg 1.0		off 0.49792906542444604 neg 0.46096588413019185 __DUMMY__ 0.04110505044536223	false	0.5
kopfschmerz	neg 1.0		off 0.4877779009325179 neg 0.4706801823767026 __DUMMY__ 0.04154191669077955	false	0.5
unvorhergesehen	neg 1.0		off 0.4890429163029172 neg 0.46889622866013764 __DUMMY__ 0.0420608550369451	false	0.5
desinteressiert	neg 1.0	neg 1.0	neg 0.7158477443227675 off 0.264560534031152 __DUMMY__ 0.019591721646080546	false	1.0
armselig	off 1.0		off 0.49705979511702675 neg 0.46200947190100655 __DUMMY__ 0.04093073298196657	false	1.0
desaster	neg 1.0		off 0.4830724078016797 neg 0.4750512351900912 __DUMMY__ 0.04187635700822911	false	0.5
tod	neg 1.0		off 0.4905227095687239 neg 0.46752322312922384 __DUMMY__ 0.041954067302052374	false	0.5
herzlos	neg 1.0		off 0.49833348444505077 neg 0.46060554205047904 __DUMMY__ 0.04106097350447011	false	0.5
unwissenheit	neg 1.0		off 0.48709002787619754 neg 0.47135844727161946 __DUMMY__ 0.041551524852182845	false	0.5
widersinnig	neg 1.0		off 0.48493662808802657 neg 0.47373328301546885 __DUMMY__ 0.04133008889650454	false	0.5
bedenklich	neg 1.0		off 0.4857803154033658 neg 0.4726670234214821 __DUMMY__ 0.041552661175152085	false	0.5
beanstanden	neg 1.0		off 0.48389173839796995 neg 0.47435647258909297 __DUMMY__ 0.04175178901293713	false	0.5
panisch	neg 1.0	neg 1.0	neg 0.7164516082803237 off 0.26364998808090706 __DUMMY__ 0.019898403638769227	false	1.0
debil	off 1.0		off 0.48170657868072836 neg 0.4760051186647362 __DUMMY__ 0.04228830265453544	false	1.0
abstrich	neg 1.0		off 0.49432835994850727 neg 0.4636456302568777 __DUMMY__ 0.04202600979461499	false	0.5
primitiv	neg 1.0		off 0.4954821472648433 neg 0.4634915527586351 __DUMMY__ 0.041026299976521644	false	0.5
abschaum	off 1.0	off 1.0	off 0.7333238476589012 neg 0.2470458551414057 __DUMMY__ 0.019630297199693027	false	1.0
provozieren	neg 1.0		off 0.4896013600453881 neg 0.4690833193055558 __DUMMY__ 0.04131532064905597	false	0.5
tot	neg 1.0		off 0.48780534697314615 neg 0.4705673267801752 __DUMMY__ 0.0416273262466786	false	0.5
instabil	neg 1.0		off 0.4981150740918417 neg 0.46078586133242 __DUMMY__ 0.0410990645757382	false	0.5
schwuchtel	off 1.0	off 1.0	off 0.7396290994243976 neg 0.24114796595606935 __DUMMY__ 0.01922293461953301	false	1.0
zerren	neg 1.0		off 0.48921925986946246 neg 0.4690799420247757 __DUMMY__ 0.04170079810576181	false	0.5
kinderficker	off 1.0		off 0.5012543569211062 neg 0.4577751639459101 __DUMMY__ 0.04097047913298361	false	1.0
gefahr	neg 1.0		off 0.48517868391270813 neg 0.4729234941252121 __DUMMY__ 0.0418978219620798	false	0.5
rabiat	neg 1.0		off 0.490879633279563 neg 0.4675593331958866 __DUMMY__ 0.041561033524550386	false	0.5
verlangsamung	neg 1.0		off 0.49956483590475287 neg 0.4598609330891443 __DUMMY__ 0.040574231006102836	false	0.5
ausgestorben	neg 1.0		off 0.4912020614511236 neg 0.46715794818266315 __DUMMY__ 0.0416399903662132	false	0.5
anklagen	neg 1.0		off 0.4877824313674342 neg 0.470523155470191 __DUMMY__ 0.0416944131623749	false	0.5
trott	neg 1.0		off 0.49077593241871326 neg 0.4675928787441212 __DUMMY__ 0.04163118883716547	false	0.5
verminderung	neg 1.0		off 0.4965167265618212 neg 0.4623433526158141 __DUMMY__ 0.041139920822364555	false	0.5
nach			off 0.4847653729131925 neg 0.47287673315296463 __DUMMY__ 0.04235789393384295	false	0.0
rost	neg 1.0		off 0.5009197530904135 neg 0.4582094720693374 __DUMMY__ 0.0408707748402491	false	0.5
destruktiv	neg 1.0		off 0.48858068321536013 neg 0.4700301514604068 __DUMMY__ 0.04138916532423318	false	0.5
unzumutbarkeit	neg 1.0		off 0.49695561275061234 neg 0.46167729880972946 __DUMMY__ 0.04136708843965833	false	0.5
labil	off 1.0	off 1.0	off 0.7333380963465097 neg 0.24697099244324727 __DUMMY__ 0.019690911210243012	false	1.0
ziemlich	neg 1.0		off 0.49754213826862276 neg 0.4610898648833169 __DUMMY__ 0.04136799684806037	false	0.5
lachnummer	off 1.0		off 0.48956724159289666 neg 0.4690362534156453 __DUMMY__ 0.04139650499145805	false	1.0
oder			off 0.49251040923514344 neg 0.46587640157249377 __DUMMY__ 0.04161318919236276	false	0.0
verfall	neg 1.0		off 0.48125321960119455 neg 0.4767287651983944 __DUMMY__ 0.042018015200411124	false	0.5
ausgrenzung	neg 1.0		off 0.4916534312619058 neg 0.46689857079934594 __DUMMY__ 0.04144799793874824	false	0.5
unordnung	neg 1.0		off 0.5013220728899558 neg 0.45724328294969974 __DUMMY__ 0.04143464416034449	false	0.5
fehlverhalten	neg 1.0		off 0.4835163297651285 neg 0.474905102017923 __DUMMY__ 0.04157856821694857	false	0.5
eine			off 0.4861190909296767 neg 0.471967952705615 __DUMMY__ 0.04191295636470836	false	0.0
nille	neg 1.0		off 0.4913829174339645 neg 0.46691182127003844 __DUMMY__ 0.04170526129599694	false	0.5
qual	neg 1.0		off 0.4903847446911873 neg 0.467964440824859 __DUMMY__ 0.04165081448395373	false	0.5
verschwenden	neg 1.0		off 0.48520509023602654 neg 0.4732187641534802 __DUMMY__ 0.04157614561049341	false	0.5
riesig	neg 1.0		off 0.48847756640934764 neg 0.46969797974121985 __DUMMY__ 0.04182445384943238	false	0.5
verurteilen	neg 1.0		off 0.4861314825100804 neg 0.47239587446819736 __DUMMY__ 0.04147264302172207	false	0.5
klischee	neg 1.0	neg 1.0	neg 0.7179926870939127 off 0.26234893364689194 __DUMMY__ 0.019658379259195308	false	1.0
diktatorisch	neg 1.0		off 0.4905941597180316 neg 0.46800183100544057 __DUMMY__ 0.041404009276527785	false	0.5
vorhersehbar	neg 1.0		off 0.4918248010786731 neg 0.4669737069354868 __DUMMY__ 0.04120149198584014	false	0.5
sowie			off 0.5002129504632615 neg 0.4588428365571974 __DUMMY__ 0.040944212979541095	false	0.0
stornieren	neg 1.0		off 0.49661149147114586 neg 0.4615233309298841 __DUMMY__ 0.041865177598969947	false	0.5
besteuerung	neg 1.0		off 0.4885850032566994 neg 0.47016692497607865 __DUMMY__ 0.041248071767222116	false	0.5
ungeschminkt	neg 1.0		off 0.49490203404971767 neg 0.46411328670030216 __DUMMY__ 0.04098467924998016	false	0.5
kritisch	neg 1.0		off 0.4859081506252995 neg 0.472485426357979 __DUMMY__ 0.04160642301672139	false	0.5
schlamperei	off 1.0		off 0.48625507529776096 neg 0.4719195914697075 __DUMMY__ 0.04182533323253154	false	1.0
sucht	neg 1.0	neg 1.0	neg 0.7158086825458468 off 0.26410373759605593 __DUMMY__ 0.02008757985809725	false	1.0
egoistisch	off 1.0		off 0.4998099321543289 neg 0.4593947444485036 __DUMMY__ 0.0407953233971676	false	1.0
ausbeuter	off 1.0		off 0.48286103906451455 neg 0.47562643256022263 __DUMMY__ 0.041512528375262765	false	1.0
arschgeburt	off 1.0		off 0.5053667198687662 neg 0.45436427778371 __DUMMY__ 0.04026900234752368	false	1.0
schubs	neg 1.0		off 0.4891927588558918 neg 0.4691433434316647 __DUMMY__ 0.04166389771244351	false	0.5
unsolide	neg 1.0		off 0.49064910545547447 neg 0.4680489969914829 __DUMMY__ 0.04130189755304261	false	0.5
beschwerde	neg 1.0		off 0.48604845374078276 neg 0.47226655280027385 __DUMMY__ 0.04168499345894336	false	0.5
stocken	neg 1.0		off 0.4864468015607107 neg 0.4717631513224727 __DUMMY__ 0.04179004711681663	false	0.5
isolieren	neg 1.0		off 0.4873089284127456 neg 0.4710317234510496 __DUMMY__ 0.0416593481362047	false	0.5
unheilbar	neg 1.0		off 0.4909161796099768 neg 0.46754252682398795 __DUMMY__ 0.04154129356603523	false	0.5
pisser	off 1.0		off 0.4976498160381255 neg 0.4613065983147119 __DUMMY__ 0.04104358564716255	false	1.0
löschen	neg 1.0		off 0.4911323626458758 neg 0.46724542244623796 __DUMMY__ 0.0416222149078863	false	0.5
durchfallen	neg 1.0		off 0.4854616663642205 neg 0.4730772923736619 __DUMMY__ 0.04146104126211747	false	0.5
wichser	off 1.0	off 1.0	off 0.7387672464431092 neg 0.2418851880390101 __DUMMY__ 0.019347565517880798	false	1.0
terror	neg 1.0		off 0.4944411522164113 neg 0.46407224487720194 __DUMMY__ 0.04148660290638686	false	0.5
krass	neg 1.0		off 0.4993195629509581 neg 0.45964079658731966 __DUMMY__ 0.04103964046172206	false	0.5
revolte	neg 1.0		off 0.4930739647515378 neg 0.46541328758519446 __DUMMY__ 0.04151274766326785	false	0.5
besorgt	neg 1.0		off 0.49209957077459887 neg 0.46594231983145185 __DUMMY__ 0.04195810939394923	false	0.5
nachlassen	neg 1.0		off 0.488070168442977 neg 0.4699859292493456 __DUMMY__ 0.04194390230767737	false	0.5
alt	neg 1.0		off 0.48765317605460184 neg 0.47074994386237745 __DUMMY__ 0.04159688008302074	false	0.5
hundesohn	off 1.0		off 0.504239713562879 neg 0.45509215181556556 __DUMMY__ 0.04066813462155542	false	1.0
als			off 0.4884109818785279 neg 0.46995251694904605 __DUMMY__ 0.041636501172426114	false	0.0
abschreckung	neg 1.0		off 0.48363763750778654 neg 0.47460396389824044 __DUMMY__ 0.04175839859397296	false	0.5
unqualifiziert	neg 1.0		off 0.4922785224208284 neg 0.46659279494250766 __DUMMY__ 0.04112868263666389	false	0.5
abgewichst	off 1.0		off 0.49071925774558245 neg 0.46754798402723735 __DUMMY__ 0.04173275822718023	false	1.0
schwer	neg 1.0		off 0.489414349780765 neg 0.469075619061768 __DUMMY__ 0.041510031157467014	false	0.5
bedeutungslosigkeit	neg 1.0		off 0.4848172165024987 neg 0.47345712454412753 __DUMMY__ 0.041725658953373664	false	0.5
kapitulation	neg 1.0		off 0.48690885113392046 neg 0.4713453197259646 __DUMMY__ 0.041745829140115036	false	0.5
unscharf	neg 1.0		off 0.49184996376185763 neg 0.4668776381743845 __DUMMY__ 0.041272398063757904	false	0.5
schwinden	neg 1.0		off 0.4853429371308582 neg 0.47284702930379235 __DUMMY__ 0.04181003356534942	false	0.5
versklavung	neg 1.0		off 0.49140447208032806 neg 0.4670573336015818 __DUMMY__ 0.041538194318090166	false	0.5
schlecht	neg 1.0		off 0.49747862177714375 neg 0.46117679428909525 __DUMMY__ 0.0413445839337611	false	0.5
verhasst	neg 1.0		off 0.489291916513132 neg 0.4695026348724031 __DUMMY__ 0.04120544861446497	false	0.5
beschweren	neg 1.0		off 0.49242042850394074 neg 0.4661420597437384 __DUMMY__ 0.0414375117523208	false	0.5
scheiden	neg 1.0		off 0.4922167884279678 neg 0.4660735351426787 __DUMMY__ 0.04170967642935346	false	0.5
frustriert	neg 1.0		off 0.48828510069898434 neg 0.4701886595620259 __DUMMY__ 0.04152623973898967	false	0.5
schimmelig	neg 1.0		off 0.48598901838988434 neg 0.4725552056400564 __DUMMY__ 0.041455775970059144	false	0.5
fisch	neg 1.0		off 0.4838758636912079 neg 0.474468038065075 __DUMMY__ 0.041656098243717056	false	0.5
schmuggel	neg 1.0		off 0.4858569791313029 neg 0.47238686263136564 __DUMMY__ 0.04175615823733152	false	0.5
auffallen	neg 1.0		off 0.4931699969291818 neg 0.4654338798949793 __DUMMY__ 0.04139612317583893	false	0.5
konkurrenz	neg 1.0		off 0.4841677328876506 neg 0.4739766252161045 __DUMMY__ 0.041855641896244945	false	0.5
teufelskreis	neg 1.0	neg 1.0	neg 0.7204001729609059 off 0.2598571067580089 __DUMMY__ 0.01974272028108526	false	1.0
aufschreien	neg 1.0		off 0.4922536796327552 neg 0.4664557015370448 __DUMMY__ 0.04129061883020019	false	0.5
schuldner	neg 1.0		off 0.48313374421025207 neg 0.4752415233961904 __DUMMY__ 0.04162473239355768	false	0.5
missgeburt	off 1.0	off 1.0	off 0.736278608825226 neg 0.24431688376196808 __DUMMY__ 0.019404507412805822	false	1.0
arbeitslos	neg 1.0		off 0.48582074544760434 neg 0.47272750826941473 __DUMMY__ 0.0414517462829809	false	0.5
befallen	neg 1.0		off 0.48857451589588397 neg 0.4698552425350655 __DUMMY__ 0.04157024156905034	false	0.5
miesepetrig	off 1.0	off 1.0	off 0.7341594841220627 neg 0.24614896732269603 __DUMMY__ 0.01969154855524126	false	1.0
alarmieren	neg 1.0		off 0.4937312141644149 neg 0.465040966790846 __DUMMY__ 0.04122781904473915	false	0.5
ungeduscht	off 1.0		off 0.49386127340310704 neg 0.464930868553885 __DUMMY__ 0.04120785804300799	false	1.0
knappheit	neg 1.0		off 0.48435201762127134 neg 0.47427164034890323 __DUMMY__ 0.0413763420298254	false	0.5
schlange	neg 1.0		off 0.49498930961422727 neg 0.4632536213668615 __DUMMY__ 0.04175706901891107	false	0.5
harsch	neg 1.0		off 0.5026784076009367 neg 0.45606525673483744 __DUMMY__ 0.04125633566422582	false	0.5
lang	neg 1.0		off 0.4923619579609465 neg 0.4660181500424924 __DUMMY__ 0.041619891996561124	false	0.5
ziellos	neg 1.0		off 0.4886281065572275 neg 0.46954269162830437 __DUMMY__ 0.04182920181446815	false	0.5
selbstverliebt	neg 1.0		off 0.5043061270932935 neg 0.4552156585392328 __DUMMY__ 0.040478214367473765	false	0.5
beseitigen	neg 1.0		off 0.48931027212940165 neg 0.4690486296044978 __DUMMY__ 0.041641098266100615	false	0.5
dumm	off 1.0		off 0.5014352025886689 neg 0.45771144107017675 __DUMMY__ 0.04085335634115431	false	1.0
arbeitsloser	neg 1.0		off 0.487929874565382 neg 0.4703977670073853 __DUMMY__ 0.041672358427232756	false	0.5
blitzen	neg 1.0		off 0.49393224094128835 neg 0.46464338020906293 __DUMMY__ 0.04142437884964879	false	0.5
hilflos	neg 1.0		off 0.487946754987956 neg 0.4705002901268959 __DUMMY__ 0.04155295488514819	false	0.5
eklig	off 1.0		off 0.5006821788823688 neg 0.45863942073073405 __DUMMY__ 0.040678400386897205	false	1.0
begriff			off 0.48898185725529986 neg 0.46952002827024847 __DUMMY__ 0.04149811447445166	false	0.0
hungersnot	neg 1.0		off 0.488848902613004 neg 0.4694059809088349 __DUMMY__ 0.04174511647816102	false	0.5
ungesetzlich	neg 1.0		off 0.48825282654426716 neg 0.47052586574197797 __DUMMY__ 0.041221307713754915	false	0.5
verschwendung	neg 1.0		off 0.48565238275807276 neg 0.4726503660454522 __DUMMY__ 0.04169725119647507	false	0.5
schmerzvoll	neg 1.0		off 0.49252552667206806 neg 0.4659898010551969 __DUMMY__ 0.0414846722727351	false	0.5
vorzeitig	neg 1.0		off 0.4940504116196322 neg 0.4644745647282228 __DUMMY__ 0.041475023652145025	false	0.5
unvollkommenheit	neg 1.0		off 0.49036617712300246 neg 0.46769708938804594 __DUMMY__ 0.041936733488951765	false	0.5
intervenieren	neg 1.0		off 0.48472955067565604 neg 0.4736365185647618 __DUMMY__ 0.04163393075958209	false	0.5
banause	off 1.0		off 0.5021634485216393 neg 0.4573809758250749 __DUMMY__ 0.040455575653285905	false	1.0
rebell	neg 1.0		off 0.48223176904664933 neg 0.4759078360848157 __DUMMY__ 0.041860394868534954	false	0.5
unlogisch	neg 1.0		off 0.4972987398936958 neg 0.4617218181308834 __DUMMY__ 0.040979441975420874	false	0.5
leiden	neg 1.0		off 0.48604476399512003 neg 0.47208732516834895 __DUMMY__ 0.04186791083653097	false	0.5
abschaffung	neg 1.0		off 0.4905024288832749 neg 0.4679932898275948 __DUMMY__ 0.04150428128913017	false	0.5
sturz	neg 1.0		off 0.49264326773487827 neg 0.4656117430502609 __DUMMY__ 0.04174498921486092	false	0.5
verkleinerung	neg 1.0		off 0.4912230421462941 neg 0.4676005563808153 __DUMMY__ 0.04117640147289059	false	0.5
schmarotzer	off 1.0		off 0.4859192121428834 neg 0.4727295922119588 __DUMMY__ 0.04135119564515766	false	1.0
bestrafung	neg 1.0		off 0.4916978548940722 neg 0.46679127611538596 __DUMMY__ 0.04151086899054178	false	0.5
achtlos	neg 1.0	neg 1.0	neg 0.7190955136148265 off 0.2610253556634034 __DUMMY__ 0.019879130721769975	false	1.0
ungeheuer	neg 1.0		off 0.4945783840998233 neg 0.46384863737797216 __DUMMY__ 0.04157297852220464	false	0.5
unaufrichtig	neg 1.0		off 0.495193805812502 neg 0.4632378771119048 __DUMMY__ 0.041568317075593275	false	0.5
