unsolidarisch	neg 1.0		off 0.474068626328471 neg 0.4583949052578598 __DUMMY__ 0.06753646841366918	false	0.5
nachteilig	neg 1.0		off 0.4717202058018997 neg 0.4601320548439901 __DUMMY__ 0.06814773935411017	false	0.5
skeptisch	neg 1.0		off 0.4715439305818384 neg 0.4601975217605417 __DUMMY__ 0.06825854765761999	false	0.5
schrecklich	neg 1.0		off 0.4865643401568797 neg 0.44616782501545554 __DUMMY__ 0.06726783482766456	false	0.5
schlapp	neg 1.0		off 0.48312683701905024 neg 0.44923331999784116 __DUMMY__ 0.0676398429831087	false	0.5
abfall	neg 1.0		off 0.46903304537486934 neg 0.46228547092614436 __DUMMY__ 0.06868148369898627	false	0.5
widerspenstig	neg 1.0		off 0.47760346933522185 neg 0.45440179639682515 __DUMMY__ 0.06799473426795295	false	0.5
abrupt	neg 1.0		off 0.4750461725685993 neg 0.4563338371872373 __DUMMY__ 0.0686199902441634	false	0.5
unwirksam	neg 1.0		off 0.47393261639531964 neg 0.45859323754122755 __DUMMY__ 0.06747414606345292	false	0.5
angreifen	neg 1.0		off 0.4711002372702256 neg 0.46069805736991026 __DUMMY__ 0.06820170535986426	false	0.5
inkonsistent	neg 1.0		off 0.47659355569810136 neg 0.45576842324598466 __DUMMY__ 0.06763802105591403	false	0.5
abrutschen	neg 1.0		off 0.46876835548800994 neg 0.4627146196305654 __DUMMY__ 0.06851702488142451	false	0.5
unsicher	neg 1.0		off 0.4776882103312823 neg 0.4541943327636444 __DUMMY__ 0.06811745690507323	false	0.5
bauernkind	off 1.0	off 1.0	off 0.7271622191579988 neg 0.24129004860517372 __DUMMY__ 0.03154773223682747	false	1.0
angreifer	neg 1.0	neg 1.0	neg 0.7107193126934076 off 0.25667227924915026 __DUMMY__ 0.03260840805744222	false	1.0
trennen	neg 1.0		off 0.47342926947411185 neg 0.45792508202910004 __DUMMY__ 0.06864564849678806	false	0.5
schmutz	neg 1.0		off 0.4818366786554451 neg 0.4497860543853493 __DUMMY__ 0.06837726695920571	false	0.5
inkonsistenz	neg 1.0		off 0.47874934109311856 neg 0.4543022745605614 __DUMMY__ 0.06694838434632017	false	0.5
erschreckend	neg 1.0		off 0.47525923995573915 neg 0.45686697850288127 __DUMMY__ 0.06787378154137957	false	0.5
ertrinken	neg 1.0		off 0.4728345242874079 neg 0.4587975004174393 __DUMMY__ 0.06836797529515266	false	0.5
pickelface	off 1.0		off 0.4767671242557788 neg 0.4550781592471696 __DUMMY__ 0.06815471649705153	false	1.0
seiner			off 0.4724640511373161 neg 0.4592019944826714 __DUMMY__ 0.0683339543800123	false	0.0
lauch	neg 1.0		off 0.47086281547396847 neg 0.46040601969094125 __DUMMY__ 0.06873116483509038	false	0.5
unwichtig	neg 1.0		off 0.48052662116177863 neg 0.45212736624941546 __DUMMY__ 0.06734601258880588	false	0.5
steuerhinterziehung	neg 1.0	neg 1.0	neg 0.71469848377776 off 0.2527888710219744 __DUMMY__ 0.03251264520026568	false	1.0
schock	neg 1.0		off 0.47731207311604973 neg 0.45445498711077204 __DUMMY__ 0.0682329397731783	false	0.5
beule	neg 1.0		off 0.48335400157571917 neg 0.44921472767964776 __DUMMY__ 0.06743127074463307	false	0.5
vergelten	neg 1.0		off 0.48728630105632703 neg 0.4450219165145275 __DUMMY__ 0.06769178242914531	false	0.5
verdorbenheit	neg 1.0		off 0.4804260264750635 neg 0.4512018672809763 __DUMMY__ 0.06837210624396022	false	0.5
trauma	neg 1.0		off 0.47821304771523077 neg 0.45384105370739813 __DUMMY__ 0.06794589857737111	false	0.5
sinnlos	neg 1.0		off 0.4793011826175763 neg 0.45288600929324146 __DUMMY__ 0.06781280808918226	false	0.5
fettsack	off 1.0	off 1.0	off 0.728891577318051 neg 0.23940412185111862 __DUMMY__ 0.03170430083083047	false	1.0
feige	off 1.0	off 1.0	off 0.726300502658492 neg 0.2416548015950978 __DUMMY__ 0.03204469574641013	false	1.0
abdanken	neg 1.0		off 0.47669148577467 neg 0.4552108014463051 __DUMMY__ 0.06809771277902492	false	0.5
wichtigtuer	off 1.0	off 1.0	off 0.7252743963793418 neg 0.24251937184618297 __DUMMY__ 0.03220623177447535	false	1.0
misslingen	neg 1.0		off 0.48159634418920566 neg 0.44978257323569254 __DUMMY__ 0.06862108257510181	false	0.5
untreu	off 1.0		off 0.4821760836781021 neg 0.4503364111533313 __DUMMY__ 0.06748750516856672	false	1.0
missmutig	neg 1.0		off 0.48235066478137556 neg 0.44996075000803754 __DUMMY__ 0.06768858521058682	false	0.5
hurenbock	off 1.0		off 0.4806231707474151 neg 0.45129860890498086 __DUMMY__ 0.06807822034760418	false	1.0
betrunken	neg 1.0		off 0.48476772822154507 neg 0.447728599949746 __DUMMY__ 0.06750367182870888	false	0.5
korrupt	off 1.0		off 0.47162063879763044 neg 0.4607044121154636 __DUMMY__ 0.067674949086906	false	1.0
unmut	neg 1.0		off 0.4693138094720236 neg 0.4620924457240615 __DUMMY__ 0.06859374480391474	false	0.5
hackfresse	off 1.0		off 0.48891708354346297 neg 0.4443062538111438 __DUMMY__ 0.06677666264539328	false	1.0
aufblasen	neg 1.0		off 0.47987120598722427 neg 0.4521419950696475 __DUMMY__ 0.06798679894312831	false	0.5
gewaltsam	neg 1.0		off 0.4765626683142764 neg 0.4551852237503059 __DUMMY__ 0.06825210793541778	false	0.5
unbeliebtheit	neg 1.0		off 0.4792764985214412 neg 0.4533871584908929 __DUMMY__ 0.06733634298766591	false	0.5
sturheit	neg 1.0		off 0.4745721586660462 neg 0.45751930806102603 __DUMMY__ 0.06790853327292772	false	0.5
kuh	neg 1.0		off 0.476262268047697 neg 0.45656433975452854 __DUMMY__ 0.06717339219777463	false	0.5
erschrecken	neg 1.0		off 0.4826189805634063 neg 0.44956410388134305 __DUMMY__ 0.06781691555525064	false	0.5
opfer	neg 1.0		off 0.4734460151149206 neg 0.4583158620979747 __DUMMY__ 0.06823812278710469	false	0.5
sinken	neg 1.0		off 0.4706480615403785 neg 0.46070298141351174 __DUMMY__ 0.06864895704610965	false	0.5
stinktier	neg 1.0		off 0.4827669094254335 neg 0.4508110088043699 __DUMMY__ 0.06642208177019647	false	0.5
tucke	off 1.0		off 0.4885901723091533 neg 0.4449835078052492 __DUMMY__ 0.06642631988559755	false	1.0
ein			off 0.478837778463523 neg 0.45317539471895796 __DUMMY__ 0.067986826817519	false	0.0
abstieg	neg 1.0		off 0.47326829240907164 neg 0.45828300230277336 __DUMMY__ 0.06844870528815489	false	0.5
missverstehen	neg 1.0		off 0.4778884397068688 neg 0.4547354508131797 __DUMMY__ 0.06737610947995155	false	0.5
ergebnislos	neg 1.0		off 0.4728810486664381 neg 0.45865137764800396 __DUMMY__ 0.06846757368555795	false	0.5
unter			off 0.4666720301228511 neg 0.46402583451055934 __DUMMY__ 0.06930213536658957	false	0.0
manipulieren	neg 1.0		off 0.4714933995962524 neg 0.46015539615049067 __DUMMY__ 0.06835120425325698	false	0.5
unbewiesen	neg 1.0		off 0.47317349881873294 neg 0.45943272575852967 __DUMMY__ 0.0673937754227375	false	0.5
verschleppen	neg 1.0		off 0.47311509858197065 neg 0.45878305914556167 __DUMMY__ 0.06810184227246777	false	0.5
weib	off 1.0		off 0.4870448118965626 neg 0.4466769401307351 __DUMMY__ 0.06627824797270218	false	1.0
opposition	neg 1.0		off 0.477597672782811 neg 0.45473526498370437 __DUMMY__ 0.06766706223348452	false	0.5
verkehrswidrig	neg 1.0		off 0.48959070563672463 neg 0.44261240851741385 __DUMMY__ 0.06779688584586163	false	0.5
inkorrekt	neg 1.0		off 0.48329598079966274 neg 0.449788211775089 __DUMMY__ 0.0669158074252483	false	0.5
vermeiden	neg 1.0	neg 1.0	neg 0.7168919332040911 off 0.25015508697828176 __DUMMY__ 0.03295297981762731	false	1.0
abweichung	neg 1.0		off 0.4728416766393067 neg 0.4590119016227362 __DUMMY__ 0.06814642173795717	false	0.5
alkoholisiert	neg 1.0		off 0.47368001852263186 neg 0.45786122870736695 __DUMMY__ 0.06845875277000119	false	0.5
scheiss	off 1.0	off 1.0	off 0.7273762502242671 neg 0.24048847080513877 __DUMMY__ 0.03213527897059408	false	1.0
herausforderung	neg 1.0		off 0.47192108697455176 neg 0.4597564129721165 __DUMMY__ 0.06832250005333168	false	0.5
pervers	off 1.0		off 0.4917752669582464 neg 0.44180712588381066 __DUMMY__ 0.06641760715794288	false	1.0
wackelig	neg 1.0		off 0.4777585759074487 neg 0.453670197221636 __DUMMY__ 0.0685712268709154	false	0.5
verwickeln	neg 1.0		off 0.4773575148901739 neg 0.45521938395045114 __DUMMY__ 0.06742310115937496	false	0.5
vorwand	neg 1.0		off 0.47064760432538905 neg 0.46111450032798607 __DUMMY__ 0.068237895346625	false	0.5
muschi	off 1.0		off 0.47691070127791 neg 0.4549414911485467 __DUMMY__ 0.06814780757354338	false	1.0
entmutigung	neg 1.0		off 0.47799416819442364 neg 0.45415329762149886 __DUMMY__ 0.06785253418407745	false	0.5
unangemessen	neg 1.0		off 0.4730691027841633 neg 0.45921899825810136 __DUMMY__ 0.06771189895773537	false	0.5
unstetig	neg 1.0		off 0.48041703755154586 neg 0.4517321794466893 __DUMMY__ 0.06785078300176482	false	0.5
entmutigen	neg 1.0		off 0.47774746958586733 neg 0.45439059733125037 __DUMMY__ 0.06786193308288238	false	0.5
schwanz	neg 1.0		off 0.4743806554667412 neg 0.4573062074639439 __DUMMY__ 0.06831313706931501	false	0.5
verbot	neg 1.0		off 0.47340558780122344 neg 0.45852398907624653 __DUMMY__ 0.0680704231225301	false	0.5
leid	neg 1.0		off 0.4867765739642383 neg 0.44632441947816626 __DUMMY__ 0.06689900655759548	false	0.5
archaisch	neg 1.0		off 0.47513772505355617 neg 0.4568742930228171 __DUMMY__ 0.06798798192362661	false	0.5
gegen			off 0.4706749393527319 neg 0.46067046399695727 __DUMMY__ 0.06865459665031096	false	0.0
scheidung	neg 1.0		off 0.49987927138710053 neg 0.43334067702092677 __DUMMY__ 0.06678005159197284	false	0.5
einschlag	neg 1.0		off 0.4852045685070572 neg 0.4474505135083723 __DUMMY__ 0.06734491798457051	false	0.5
m			off 0.47575975838646284 neg 0.4559100611563249 __DUMMY__ 0.06833018045721237	false	0.0
abgestanden	neg 1.0		off 0.4770059018830357 neg 0.45524967684279316 __DUMMY__ 0.06774442127417107	false	0.5
schmierig	off 1.0		off 0.48726520964473424 neg 0.44557059982257535 __DUMMY__ 0.06716419053269035	false	1.0
unpraktisch	neg 1.0		off 0.47935801339408557 neg 0.45269002930990454 __DUMMY__ 0.06795195729600988	false	0.5
wixxer	off 1.0		off 0.49057663702862186 neg 0.4432564800029649 __DUMMY__ 0.06616688296841325	false	1.0
bezeichnet			off 0.4751765097389398 neg 0.4571774536360563 __DUMMY__ 0.06764603662500392	false	0.0
jammerlappen	off 1.0		off 0.4826585400124679 neg 0.4496496781276592 __DUMMY__ 0.06769178185987292	false	1.0
farce	neg 1.0		off 0.47450620317654785 neg 0.4574969225504553 __DUMMY__ 0.06799687427299676	false	0.5
zwecklos	neg 1.0		off 0.4736550638378338 neg 0.4584534492455697 __DUMMY__ 0.0678914869165965	false	0.5
turbulent	neg 1.0		off 0.48243129486573144 neg 0.45031130421424104 __DUMMY__ 0.06725740092002759	false	0.5
invasion	neg 1.0		off 0.47894912623411456 neg 0.4532581144087861 __DUMMY__ 0.0677927593570993	false	0.5
schuld	neg 1.0		off 0.47697510010854116 neg 0.45533410086407117 __DUMMY__ 0.06769079902738771	false	0.5
risiko	neg 1.0	neg 1.0	neg 0.7114670202194051 off 0.25594972244639946 __DUMMY__ 0.03258325733419547	false	1.0
finster	neg 1.0		off 0.47725086000847855 neg 0.4551225100741529 __DUMMY__ 0.06762662991736851	false	0.5
geisteskrank	off 1.0		off 0.4809842130182116 neg 0.45204742149160804 __DUMMY__ 0.06696836549018037	false	1.0
zusammenbrechen	neg 1.0		off 0.47507262783431664 neg 0.45682771428027014 __DUMMY__ 0.06809965788541311	false	0.5
ausbeute	neg 1.0		off 0.4787251846596023 neg 0.45218758724113933 __DUMMY__ 0.06908722809925831	false	0.5
hinterhalt	neg 1.0		off 0.48031388209860515 neg 0.4507739780227861 __DUMMY__ 0.0689121398786088	false	0.5
kritik	neg 1.0		off 0.473924938496225 neg 0.45812434889150017 __DUMMY__ 0.06795071261227494	false	0.5
einschrumpfen	neg 1.0		off 0.47991208068688235 neg 0.4526329276360445 __DUMMY__ 0.06745499167707321	false	0.5
riskant	neg 1.0		off 0.4712166677441753 neg 0.4607180073021657 __DUMMY__ 0.06806532495365904	false	0.5
frustrieren	neg 1.0		off 0.47264378905185356 neg 0.45926981918140086 __DUMMY__ 0.06808639176674544	false	0.5
groll	neg 1.0		off 0.4730957059171504 neg 0.4589931896264718 __DUMMY__ 0.06791110445637781	false	0.5
gibt			off 0.47539703822029117 neg 0.4564610099977366 __DUMMY__ 0.06814195178197235	false	0.0
qualvoll	neg 1.0		off 0.4807807203347347 neg 0.45140211178377154 __DUMMY__ 0.06781716788149363	false	0.5
wackeln	neg 1.0		off 0.47988933454552446 neg 0.45187955451377587 __DUMMY__ 0.06823111094069972	false	0.5
klagen	neg 1.0		off 0.4693781156097298 neg 0.4622032638301077 __DUMMY__ 0.0684186205601626	false	0.5
bankrott	neg 1.0		off 0.482686765823839 neg 0.4494740673418325 __DUMMY__ 0.06783916683432845	false	0.5
trauern	neg 1.0		off 0.47476861612607296 neg 0.4566739382456956 __DUMMY__ 0.06855744562823153	false	0.5
ablehnung	neg 1.0		off 0.4734472167039575 neg 0.45860958027929366 __DUMMY__ 0.06794320301674879	false	0.5
stur	neg 1.0		off 0.4774187540401143 neg 0.45486364714201877 __DUMMY__ 0.06771759881786703	false	0.5
aufruhr	neg 1.0		off 0.4763889206244468 neg 0.4554747999402817 __DUMMY__ 0.06813627943527148	false	0.5
melancholie	neg 1.0		off 0.47508545847140665 neg 0.4565505806322771 __DUMMY__ 0.06836396089631626	false	0.5
ist			off 0.4792238349450062 neg 0.4529222994354033 __DUMMY__ 0.06785386561959064	false	0.0
torheit	neg 1.0		off 0.477045359603137 neg 0.4550530805814591 __DUMMY__ 0.06790155981540379	false	0.5
dreckskind	off 1.0		off 0.486160297141914 neg 0.44728298809800626 __DUMMY__ 0.06655671476007982	false	1.0
umtauschen	neg 1.0		off 0.47749855362939053 neg 0.45441625421478204 __DUMMY__ 0.06808519215582742	false	0.5
zum			off 0.47169778001463497 neg 0.45895970805642133 __DUMMY__ 0.06934251192894374	false	0.0
zersetzen	neg 1.0		off 0.47016453432594923 neg 0.46175139645620483 __DUMMY__ 0.06808406921784584	false	0.5
zur			off 0.4690454529008054 neg 0.46188461977351636 __DUMMY__ 0.06906992732567828	false	0.0
frust	neg 1.0		off 0.4754464899621607 neg 0.45638405212243 __DUMMY__ 0.06816945791540915	false	0.5
unerbittlichkeit	neg 1.0		off 0.4711679541386575 neg 0.4605739816286423 __DUMMY__ 0.06825806423270017	false	0.5
zwei			off 0.47225363395064973 neg 0.4585815287298318 __DUMMY__ 0.0691648373195185	false	0.0
unkorrekt	neg 1.0		off 0.48431163861252036 neg 0.448523946005221 __DUMMY__ 0.0671644153822586	false	0.5
hexe	off 1.0		off 0.48034530238313894 neg 0.45247130203985925 __DUMMY__ 0.06718339557700174	false	1.0
lasch	neg 1.0		off 0.4792086301541208 neg 0.4534314693741718 __DUMMY__ 0.0673599004717074	false	0.5
rivale	neg 1.0		off 0.48405713983198106 neg 0.44861541722229753 __DUMMY__ 0.06732744294572154	false	0.5
mutlos	off 1.0	off 1.0	off 0.7214394318141215 neg 0.2460778120541952 __DUMMY__ 0.032482756131683395	false	1.0
wirr	off 1.0		off 0.48411197628214525 neg 0.4489670533541836 __DUMMY__ 0.06692097036367115	false	1.0
jahr			off 0.4763338615492727 neg 0.4544267762160098 __DUMMY__ 0.06923936223471763	false	0.0
wird			off 0.4739443317792204 neg 0.4578931518993098 __DUMMY__ 0.06816251632146972	false	0.0
strafbar	neg 1.0		off 0.47165498918809085 neg 0.4603094176046793 __DUMMY__ 0.06803559320722988	false	0.5
erosion	neg 1.0		off 0.4785895711675859 neg 0.4531912180384151 __DUMMY__ 0.06821921079399905	false	0.5
eingehen	neg 1.0		off 0.47197464448007986 neg 0.45999256666976346 __DUMMY__ 0.06803278885015664	false	0.5
faul	off 1.0		off 0.48260561327238655 neg 0.44957982913082994 __DUMMY__ 0.06781455759678347	false	1.0
provisorium	neg 1.0		off 0.46825334389271983 neg 0.4623234831351192 __DUMMY__ 0.06942317297216084	false	0.5
schmerzen	neg 1.0		off 0.4751068547846684 neg 0.45703738127445387 __DUMMY__ 0.06785576394087767	false	0.5
schrumpfen	neg 1.0		off 0.4665327784120685 neg 0.4649051428878159 __DUMMY__ 0.06856207870011555	false	0.5
geistlos	off 1.0		off 0.47665721880050194 neg 0.4561133340316119 __DUMMY__ 0.06722944716788622	false	1.0
fehlkauf	neg 1.0		off 0.4797029050209654 neg 0.45233857942423567 __DUMMY__ 0.06795851555479879	false	0.5
frustrierend	neg 1.0		off 0.48078810428843577 neg 0.45158851535487243 __DUMMY__ 0.06762338035669192	false	0.5
unzufrieden	neg 1.0		off 0.4731778479908208 neg 0.45893127598948813 __DUMMY__ 0.06789087601969103	false	0.5
verzweifeln	neg 1.0		off 0.4757837882214758 neg 0.45621334290038656 __DUMMY__ 0.06800286887813774	false	0.5
verzweifelt	neg 1.0	neg 1.0	neg 0.7134054394758683 off 0.2543350490522749 __DUMMY__ 0.03225951147185681	false	1.0
misstrauensantrag	neg 1.0		off 0.4792940349877119 neg 0.45290869752180607 __DUMMY__ 0.06779726749048204	false	0.5
abfallen	neg 1.0		off 0.4796505159367795 neg 0.45218230686207 __DUMMY__ 0.06816717720115048	false	0.5
fucker	off 1.0		off 0.48570648114042914 neg 0.4467915308423375 __DUMMY__ 0.06750198801723337	false	1.0
ungezogen	neg 1.0		off 0.4912924954504238 neg 0.44215215607132774 __DUMMY__ 0.06655534847824841	false	0.5
irrsinnig	neg 1.0	neg 1.0	neg 0.7131077033950114 off 0.2545853744399429 __DUMMY__ 0.032306922165045805	false	1.0
unfassbar	neg 1.0		off 0.4837818343304437 neg 0.4486306443456516 __DUMMY__ 0.06758752132390475	false	0.5
hart	neg 1.0		off 0.4826697764850954 neg 0.44984883282706756 __DUMMY__ 0.06748139068783687	false	0.5
widerlich	off 1.0		off 0.4822502093972609 neg 0.4505747508771561 __DUMMY__ 0.06717503972558303	false	1.0
fatal	neg 1.0		off 0.4795834951900707 neg 0.45258857393151275 __DUMMY__ 0.06782793087841661	false	0.5
bruch	neg 1.0		off 0.4706676454489935 neg 0.46078898609878116 __DUMMY__ 0.06854336845222528	false	0.5
aushungern	neg 1.0		off 0.47506200225036677 neg 0.4567940824147158 __DUMMY__ 0.06814391533491736	false	0.5
anspannung	neg 1.0		off 0.47090072638019537 neg 0.45989934807345095 __DUMMY__ 0.06919992554635371	false	0.5
von			off 0.4773623919343404 neg 0.4532250822368996 __DUMMY__ 0.06941252582875995	false	0.0
kraftlos	neg 1.0		off 0.4755225224630289 neg 0.4561891316149457 __DUMMY__ 0.06828834592202546	false	0.5
vom			off 0.47019429557548786 neg 0.4601842775860563 __DUMMY__ 0.06962142683845586	false	0.0
grenzdebil	off 1.0		off 0.48427598692469126 neg 0.4481422123715931 __DUMMY__ 0.06758180070371565	false	1.0
vor			off 0.4724794382932417 neg 0.45882335722276285 __DUMMY__ 0.06869720448399556	false	0.0
unterwerfen	neg 1.0		off 0.47300173326656897 neg 0.4588235646756549 __DUMMY__ 0.06817470205777612	false	0.5
versenkung	neg 1.0		off 0.47462905047857296 neg 0.4569362553276414 __DUMMY__ 0.06843469419378571	false	0.5
entziehen	neg 1.0		off 0.46999770222535375 neg 0.4615991421551665 __DUMMY__ 0.06840315561947967	false	0.5
finanzkrise	neg 1.0		off 0.4747130410772607 neg 0.4574391681604199 __DUMMY__ 0.06784779076231956	false	0.5
schimpfend	neg 1.0		off 0.47931749993121686 neg 0.45286155626507013 __DUMMY__ 0.0678209438037131	false	0.5
profan	neg 1.0		off 0.47921822746295933 neg 0.4531370749875971 __DUMMY__ 0.06764469754944345	false	0.5
korruption	neg 1.0		off 0.47325994046865066 neg 0.45864255002662013 __DUMMY__ 0.06809750950472929	false	0.5
â			off 0.4756611806123628 neg 0.455898083056137 __DUMMY__ 0.06844073633150016	false	0.0
schmutzig	neg 1.0		off 0.48527373143964314 neg 0.44708391515447427 __DUMMY__ 0.06764235340588262	false	0.5
sexy	neg 1.0		off 0.48175370902128023 neg 0.4503864112450809 __DUMMY__ 0.06785987973363908	false	0.5
abraten	neg 1.0		off 0.47931781635223236 neg 0.45285422105135753 __DUMMY__ 0.06782796259641023	false	0.5
schwarz	neg 1.0		off 0.478735740216195 neg 0.45341147200740745 __DUMMY__ 0.06785278777639744	false	0.5
fotze	off 1.0	off 1.0	off 0.723928266693622 neg 0.24341918516915903 __DUMMY__ 0.03265254813721899	false	1.0
verwirren	neg 1.0		off 0.480055207720037 neg 0.45225847544465686 __DUMMY__ 0.06768631683530607	false	0.5
zahnlos	off 1.0		off 0.474663398457837 neg 0.4573880182342606 __DUMMY__ 0.06794858330790238	false	1.0
verheeren	neg 1.0		off 0.49364125266878484 neg 0.4396865195634613 __DUMMY__ 0.06667222776775399	false	0.5
hippie	neg 1.0		off 0.4812389940208716 neg 0.4508970150763475 __DUMMY__ 0.06786399090278086	false	0.5
rammen	neg 1.0		off 0.47774586057712387 neg 0.4545913351480005 __DUMMY__ 0.06766280427487559	false	0.5
unlauter	neg 1.0		off 0.4760831425019123 neg 0.45636381931707787 __DUMMY__ 0.06755303818100977	false	0.5
unheilvoll	neg 1.0		off 0.47979337765738367 neg 0.4522679339251146 __DUMMY__ 0.06793868841750188	false	0.5
niedrig	neg 1.0		off 0.47058209540643275 neg 0.46141739790569314 __DUMMY__ 0.06800050668787416	false	0.5
explosion	neg 1.0		off 0.4800938205097075 neg 0.4521244349740019 __DUMMY__ 0.06778174451629064	false	0.5
weichei	off 1.0	off 1.0	off 0.7299663281543648 neg 0.23818026531298592 __DUMMY__ 0.031853406532649384	false	1.0
minusmensch	off 1.0		off 0.48845981848534487 neg 0.44513452093768596 __DUMMY__ 0.06640566057696912	false	1.0
farblos	neg 1.0		off 0.4775703432731662 neg 0.4543232340432518 __DUMMY__ 0.06810642268358201	false	0.5
unwissend	neg 1.0	neg 1.0	neg 0.7112156135122387 off 0.2566530365493563 __DUMMY__ 0.032131349938405024	false	1.0
traurig	neg 1.0		off 0.48615057619910834 neg 0.4464643667502619 __DUMMY__ 0.06738505705062972	false	0.5
senkung	neg 1.0		off 0.4782587690181993 neg 0.45426142646290607 __DUMMY__ 0.06747980451889474	false	0.5
ungleich	neg 1.0	neg 1.0	neg 0.7163597421172057 off 0.25113454823589726 __DUMMY__ 0.032505709646897085	false	1.0
heikel	neg 1.0		off 0.4711635956352727 neg 0.4607754653862532 __DUMMY__ 0.06806093897847418	false	0.5
drosselung	neg 1.0		off 0.4834502566144983 neg 0.4490881208467099 __DUMMY__ 0.06746162253879169	false	0.5
falsch	neg 1.0		off 0.48044802507736833 neg 0.45204306979312403 __DUMMY__ 0.0675089051295076	false	0.5
unzufriedenheit	neg 1.0		off 0.4705393058205505 neg 0.461139507961405 __DUMMY__ 0.06832118621804437	false	0.5
kurz	neg 1.0		off 0.4778398784856033 neg 0.4537049628246185 __DUMMY__ 0.06845515868977811	false	0.5
unsinnig	neg 1.0		off 0.4739102467525367 neg 0.45832185878643195 __DUMMY__ 0.06776789446103147	false	0.5
penner	off 1.0	off 1.0	off 0.7309926644744316 neg 0.2371727328970676 __DUMMY__ 0.03183460262850088	false	1.0
seicht	neg 1.0		off 0.4892398930112414 neg 0.44440143284908684 __DUMMY__ 0.0663586741396719	false	0.5
dummheit	off 1.0	off 1.0	off 0.7253635513513123 neg 0.24245739304634556 __DUMMY__ 0.0321790556023422	false	1.0
unerfreulich	neg 1.0		off 0.4714750056540189 neg 0.46021806384115804 __DUMMY__ 0.06830693050482299	false	0.5
motherfucker	off 1.0	off 1.0	off 0.7285827734113756 neg 0.2392363283424191 __DUMMY__ 0.03218089824620531	false	1.0
pikiert	neg 1.0		off 0.48204334430604845 neg 0.4506309951799329 __DUMMY__ 0.06732566051401875	false	0.5
wrack	neg 1.0		off 0.4763436111194442 neg 0.45528539004950225 __DUMMY__ 0.06837099883105369	false	0.5
gangster	neg 1.0		off 0.4812398728559678 neg 0.4509130514862425 __DUMMY__ 0.06784707565778968	false	0.5
krank	neg 1.0		off 0.48453320963440216 neg 0.4478534261452991 __DUMMY__ 0.06761336422029872	false	0.5
reich	neg 1.0		off 0.48405873279769457 neg 0.4481235130589457 __DUMMY__ 0.0678177541433597	false	0.5
gnadenlos	neg 1.0		off 0.477678213223303 neg 0.45453241125704813 __DUMMY__ 0.06778937551964885	false	0.5
niedergeschlagen	neg 1.0		off 0.4762700785746689 neg 0.4555539157981951 __DUMMY__ 0.068176005627136	false	0.5
terrorisieren	off 1.0	off 1.0	off 0.7224359351714446 neg 0.24494364695249332 __DUMMY__ 0.03262041787606204	false	1.0
sinnlosigkeit	neg 1.0		off 0.4743470266073403 neg 0.45764356642322546 __DUMMY__ 0.06800940696943433	false	0.5
behindern	neg 1.0		off 0.47685539384374775 neg 0.4550338464151657 __DUMMY__ 0.06811075974108649	false	0.5
undemokratisch	neg 1.0		off 0.4772616448877363 neg 0.454944264581826 __DUMMY__ 0.06779409053043756	false	0.5
wirtschaftskrise	neg 1.0		off 0.4727812948884092 neg 0.4591669424913826 __DUMMY__ 0.06805176262020811	false	0.5
neid	neg 1.0		off 0.48221494254331954 neg 0.4499571732315277 __DUMMY__ 0.06782788422515275	false	0.5
rutschen	neg 1.0		off 0.47248940108545034 neg 0.4582783495310731 __DUMMY__ 0.06923224938347665	false	0.5
rezession	neg 1.0		off 0.4819184179175283 neg 0.45148129814150145 __DUMMY__ 0.06660028394097023	false	0.5
fehlgeburt	neg 1.0		off 0.4798926123315581 neg 0.45212927383588525 __DUMMY__ 0.06797811383255672	false	0.5
charakterschwach	off 1.0		off 0.48202138762995694 neg 0.4507888455035848 __DUMMY__ 0.06718976686645828	false	1.0
isolation	neg 1.0		off 0.4811920691277451 neg 0.4510632671258408 __DUMMY__ 0.06774466374641402	false	0.5
ablenkung	neg 1.0		off 0.4781000642103011 neg 0.45378327062401 __DUMMY__ 0.06811666516568887	false	0.5
pech	neg 1.0		off 0.4809591694777461 neg 0.4513955757141799 __DUMMY__ 0.06764525480807393	false	0.5
vermeidung	neg 1.0		off 0.48414783618679874 neg 0.44830020485989863 __DUMMY__ 0.0675519589533027	false	0.5
dominieren	neg 1.0		off 0.474003374732986 neg 0.45761938857709455 __DUMMY__ 0.06837723668991935	false	0.5
schwindlig	neg 1.0		off 0.4808181711340892 neg 0.45117832258251317 __DUMMY__ 0.06800350628339762	false	0.5
lutscher	neg 1.0		off 0.49047779886327614 neg 0.4430809625978779 __DUMMY__ 0.06644123853884597	false	0.5
pflicht	neg 1.0		off 0.47043555372649026 neg 0.461339847251712 __DUMMY__ 0.0682245990217977	false	0.5
faschist	off 1.0		off 0.48031060158320515 neg 0.4519903659391723 __DUMMY__ 0.06769903247762248	false	1.0
verschleudern	neg 1.0		off 0.47111475326001884 neg 0.46081068099391675 __DUMMY__ 0.0680745657460644	false	0.5
wenn			off 0.4812179638271364 neg 0.45117871605516274 __DUMMY__ 0.06760332011770091	false	0.0
ehebruch	neg 1.0		off 0.4734966186703274 neg 0.45835143017327823 __DUMMY__ 0.06815195115639441	false	0.5
spott	off 1.0		off 0.47253698445494713 neg 0.459354456728741 __DUMMY__ 0.06810855881631202	false	1.0
trostlosigkeit	neg 1.0		off 0.47210638602187943 neg 0.4592725282132717 __DUMMY__ 0.0686210857648488	false	0.5
lutschen	neg 1.0		off 0.4802137901516485 neg 0.4522337354875231 __DUMMY__ 0.06755247436082824	false	0.5
undiszipliniert	neg 1.0		off 0.48456093653095866 neg 0.44819591150696303 __DUMMY__ 0.06724315196207835	false	0.5
kopfschmerz	neg 1.0		off 0.4742989305587588 neg 0.4577450883679644 __DUMMY__ 0.06795598107327684	false	0.5
unvorhergesehen	neg 1.0		off 0.47539385077810303 neg 0.4558039260457813 __DUMMY__ 0.0688022231761156	false	0.5
desinteressiert	neg 1.0	neg 1.0	neg 0.7097331747094509 off 0.2581850289206642 __DUMMY__ 0.03208179636988501	false	1.0
armselig	off 1.0		off 0.48375369041647626 neg 0.4492877726691495 __DUMMY__ 0.06695853691437413	false	1.0
desaster	neg 1.0		off 0.4695134705933491 neg 0.4619860091222085 __DUMMY__ 0.06850052028444252	false	0.5
tod	neg 1.0		off 0.47690756846752946 neg 0.4544638295700032 __DUMMY__ 0.06862860196246735	false	0.5
herzlos	neg 1.0		off 0.48497939797467005 neg 0.44784954052147885 __DUMMY__ 0.06717106150385116	false	0.5
unwissenheit	neg 1.0		off 0.47362091857064487 neg 0.4584082718977905 __DUMMY__ 0.06797080953156462	false	0.5
widersinnig	neg 1.0		off 0.4715472087211083 neg 0.46084293508199375 __DUMMY__ 0.06760985619689798	false	0.5
bedenklich	neg 1.0		off 0.4723141964126163 neg 0.4597133767610428 __DUMMY__ 0.06797242682634091	false	0.5
beanstanden	neg 1.0		off 0.47036909082075323 neg 0.4613335554746575 __DUMMY__ 0.06829735370458931	false	0.5
panisch	neg 1.0	neg 1.0	neg 0.7102417540645883 off 0.25717483289113685 __DUMMY__ 0.03258341304427482	false	1.0
debil	off 1.0		off 0.46801295631761775 neg 0.462814267499724 __DUMMY__ 0.06917277618265835	false	1.0
abstrich	neg 1.0		off 0.4806687699649207 neg 0.4505844992066614 __DUMMY__ 0.0687467308284179	false	0.5
primitiv	neg 1.0		off 0.48215024018440517 neg 0.45073538529084006 __DUMMY__ 0.06711437452475481	false	0.5
abschaum	off 1.0	off 1.0	off 0.7269384252869993 neg 0.24091679441755945 __DUMMY__ 0.03214478029544123	false	1.0
provozieren	neg 1.0		off 0.47619785329532505 neg 0.4562167532404514 __DUMMY__ 0.0675853934642235	false	0.5
tot	neg 1.0		off 0.4743008871590314 neg 0.45760323746487575 __DUMMY__ 0.06809587537609293	false	0.5
instabil	neg 1.0		off 0.48474910839967417 neg 0.44801674587099843 __DUMMY__ 0.06723414572932736	false	0.5
schwuchtel	off 1.0	off 1.0	off 0.7333700570420366 neg 0.2351511917771615 __DUMMY__ 0.03147875118080197	false	1.0
zerren	neg 1.0		off 0.4756921129113186 neg 0.45609376637834037 __DUMMY__ 0.06821412071034122	false	0.5
kinderficker	off 1.0		off 0.48792367489147764 neg 0.4450524361462791 __DUMMY__ 0.0670238889622433	false	1.0
gefahr	neg 1.0		off 0.4716055667004231 neg 0.4598586308537025 __DUMMY__ 0.06853580244587441	false	0.5
rabiat	neg 1.0		off 0.477392343899978 neg 0.4546213003178608 __DUMMY__ 0.0679863557821613	false	0.5
verlangsamung	neg 1.0		off 0.48636467771781416 neg 0.4472573854299877 __DUMMY__ 0.066377936852198	false	0.5
ausgestorben	neg 1.0		off 0.4776879991514022 neg 0.4541969262844249 __DUMMY__ 0.06811507456417293	false	0.5
anklagen	neg 1.0		off 0.4742648440766538 neg 0.45753089013313475 __DUMMY__ 0.06820426579021148	false	0.5
trott	neg 1.0		off 0.4772634594647138 neg 0.45463611940817994 __DUMMY__ 0.06810042112710626	false	0.5
verminderung	neg 1.0		off 0.48313956204413067 neg 0.4495603387363578 __DUMMY__ 0.06730009921951144	false	0.5
nach			off 0.471039810907387 neg 0.45967415620533103 __DUMMY__ 0.06928603288728193	false	0.0
rost	neg 1.0		off 0.4876168992560297 neg 0.44552126310116646 __DUMMY__ 0.06686183764280375	false	0.5
destruktiv	neg 1.0		off 0.47515816795633414 neg 0.4571357674276741 __DUMMY__ 0.06770606461599182	false	0.5
unzumutbarkeit	neg 1.0		off 0.48350708778267454 neg 0.4488220237288095 __DUMMY__ 0.06767088848851575	false	0.5
labil	off 1.0	off 1.0	off 0.7269323149087034 neg 0.24082382003766975 __DUMMY__ 0.03224386505362701	false	1.0
ziemlich	neg 1.0		off 0.4840917757844033 neg 0.4482364568492629 __DUMMY__ 0.06767176736633385	false	0.5
lachnummer	off 1.0		off 0.47614050719378714 neg 0.45614168421520557 __DUMMY__ 0.06771780859100716	false	1.0
oder			off 0.47899750565730437 neg 0.4529309499887897 __DUMMY__ 0.06807154435390586	false	0.0
verfall	neg 1.0		off 0.46765304442161004 neg 0.46361541513773075 __DUMMY__ 0.06873154044065928	false	0.5
ausgrenzung	neg 1.0		off 0.47820419265116054 neg 0.45399348115318544 __DUMMY__ 0.06780232619565399	false	0.5
unordnung	neg 1.0		off 0.4878371794660002 neg 0.4443811563114231 __DUMMY__ 0.06778166422257667	false	0.5
fehlverhalten	neg 1.0		off 0.4700515144412925 neg 0.4619337353399916 __DUMMY__ 0.06801475021871584	false	0.5
eine			off 0.4725336251408014 neg 0.4589062072768721 __DUMMY__ 0.06856016758232641	false	0.0
nille	neg 1.0		off 0.4778486776750936 neg 0.45392977747650765 __DUMMY__ 0.0682215448483989	false	0.5
qual	neg 1.0		off 0.4768677969908112 neg 0.4549997829831033 __DUMMY__ 0.06813242002608562	false	0.5
verschwenden	neg 1.0		off 0.471730751899599 neg 0.46025830039880994 __DUMMY__ 0.06801094770159091	false	0.5
riesig	neg 1.0		off 0.4749098999822117 neg 0.4566735473045418 __DUMMY__ 0.06841655271324663	false	0.5
verurteilen	neg 1.0		off 0.4726920132991935 neg 0.45946581411876064 __DUMMY__ 0.06784217258204589	false	0.5
klischee	neg 1.0	neg 1.0	neg 0.7118554679103594 off 0.2559538549370555 __DUMMY__ 0.032190677152585175	false	1.0
diktatorisch	neg 1.0		off 0.4771634092142498 neg 0.4551059437478891 __DUMMY__ 0.06773064703786119	false	0.5
vorhersehbar	neg 1.0		off 0.4784503176534356 neg 0.45414967120173755 __DUMMY__ 0.0674000111448267	false	0.5
sowie			off 0.48688956158850016 neg 0.446129622367931 __DUMMY__ 0.06698081604356881	false	0.0
stornieren	neg 1.0		off 0.4830046268657554 neg 0.4485120097765208 __DUMMY__ 0.06848336335772379	false	0.5
besteuerung	neg 1.0		off 0.47520197751058724 neg 0.4573215835401433 __DUMMY__ 0.06747643894926951	false	0.5
ungeschminkt	neg 1.0		off 0.48157915713704713 neg 0.45137385107064615 __DUMMY__ 0.06704699179230662	false	0.5
kritisch	neg 1.0		off 0.4724258603842577 neg 0.4595139430288067 __DUMMY__ 0.06806019658693552	false	0.5
schlamperei	off 1.0		off 0.4727023099651622 neg 0.4588799878304665 __DUMMY__ 0.0684177022043712	false	1.0
sucht	neg 1.0	neg 1.0	neg 0.7095392549195428 off 0.25756759561000264 __DUMMY__ 0.032893149470454595	false	1.0
egoistisch	off 1.0		off 0.4865364485858017 neg 0.44672557341690683 __DUMMY__ 0.06673797799729131	false	1.0
ausbeuter	off 1.0		off 0.46941967883175767 neg 0.46267318195865514 __DUMMY__ 0.06790713920958723	false	1.0
arschgeburt	off 1.0		off 0.4922461073164283 neg 0.44187412312008006 __DUMMY__ 0.06587976956349159	false	1.0
schubs	neg 1.0		off 0.475670204458519 neg 0.4561749473661636 __DUMMY__ 0.06815484817531738	false	0.5
unsolide	neg 1.0		off 0.477248609495202 neg 0.45518689365805426 __DUMMY__ 0.06756449684674373	false	0.5
beschwerde	neg 1.0		off 0.4725401223399721 neg 0.4592709988406201 __DUMMY__ 0.06818887881940777	false	0.5
stocken	neg 1.0		off 0.47290225354491333 neg 0.4587376019611508 __DUMMY__ 0.06836014449393579	false	0.5
isolieren	neg 1.0		off 0.4738044638594895 neg 0.458048271285319 __DUMMY__ 0.06814726485519138	false	0.5
unheilbar	neg 1.0		off 0.4774369487702861 neg 0.45460857655769693 __DUMMY__ 0.06795447467201704	false	0.5
pisser	off 1.0		off 0.4843042593676086 neg 0.4485527014273983 __DUMMY__ 0.06714303920499302	false	1.0
löschen	neg 1.0		off 0.4776229648547253 neg 0.45429110628214514 __DUMMY__ 0.06808592886312968	false	0.5
durchfallen	neg 1.0		off 0.47202531406346326 neg 0.460151503560613 __DUMMY__ 0.0678231823759237	false	0.5
wichser	off 1.0	off 1.0	off 0.7324675735191412 neg 0.23584985027884348 __DUMMY__ 0.031682576202015415	false	1.0
terror	neg 1.0		off 0.480960933511694 neg 0.45117392630285014 __DUMMY__ 0.06786514018545584	false	0.5
krass	neg 1.0		off 0.48596466077255135 neg 0.4468986198371373 __DUMMY__ 0.06713671939031134	false	0.5
revolte	neg 1.0		off 0.47959732455911575 neg 0.45249464590411176 __DUMMY__ 0.06790802953677248	false	0.5
besorgt	neg 1.0		off 0.4784801544134845 neg 0.45288558678030766 __DUMMY__ 0.06863425880620799	false	0.5
nachlassen	neg 1.0		off 0.4744667916387096 neg 0.4569218044960372 __DUMMY__ 0.06861140386525319	false	0.5
alt	neg 1.0		off 0.47415783124053035 neg 0.45779639245804915 __DUMMY__ 0.06804577630142054	false	0.5
hundesohn	off 1.0		off 0.4909967146675855 neg 0.44247263736178216 __DUMMY__ 0.06653064797063238	false	1.0
als			off 0.47490712788685396 neg 0.4569833807696014 __DUMMY__ 0.06810949134354476	false	0.0
abschreckung	neg 1.0		off 0.4701151466493779 neg 0.4615766516778012 __DUMMY__ 0.06830820167282088	false	0.5
unqualifiziert	neg 1.0		off 0.4789278045179664 neg 0.45379079884626367 __DUMMY__ 0.06728139663576992	false	0.5
abgewichst	off 1.0		off 0.4771766713734358 neg 0.4545569476409458 __DUMMY__ 0.06826638098561838	false	1.0
schwer	neg 1.0		off 0.4759470643248998 neg 0.4561499227341346 __DUMMY__ 0.06790301294096553	false	0.5
bedeutungslosigkeit	neg 1.0		off 0.4713006192815427 neg 0.4604447635964754 __DUMMY__ 0.0682546171219819	false	0.5
kapitulation	neg 1.0		off 0.4733797957691267 neg 0.4583323256255929 __DUMMY__ 0.06828787860528054	false	0.5
unscharf	neg 1.0		off 0.4784424885233029 neg 0.45404098912286 __DUMMY__ 0.06751652235383702	false	0.5
schwinden	neg 1.0		off 0.47179662641497194 neg 0.4598106304127061 __DUMMY__ 0.06839274317232198	false	0.5
versklavung	neg 1.0		off 0.47792609297375793 neg 0.45412439855369335 __DUMMY__ 0.0679495084725487	false	0.5
schlecht	neg 1.0		off 0.48403697377669724 neg 0.4483295395583641 __DUMMY__ 0.06763348666493876	false	0.5
verhasst	neg 1.0		off 0.47592487136883704 neg 0.45666885259716505 __DUMMY__ 0.06740627603399788	false	0.5
beschweren	neg 1.0		off 0.47896700529045916 neg 0.4532481732604662 __DUMMY__ 0.06778482144907465	false	0.5
scheiden	neg 1.0		off 0.4786721105506222 neg 0.45309787620354297 __DUMMY__ 0.06823001324583487	false	0.5
frustriert	neg 1.0		off 0.4748176708382335 neg 0.45725298245608487 __DUMMY__ 0.06792934670568174	false	0.5
schimmelig	neg 1.0		off 0.4725423117114907 neg 0.4596420770879571 __DUMMY__ 0.06781561120055211	false	0.5
fisch	neg 1.0		off 0.4703713816234596 neg 0.46148583202118326 __DUMMY__ 0.06814278635535727	false	0.5
schmuggel	neg 1.0		off 0.4723247484867468 neg 0.45936986203085256 __DUMMY__ 0.0683053894824007	false	0.5
auffallen	neg 1.0		off 0.47972666203576125 neg 0.4525559301486218 __DUMMY__ 0.06771740781561707	false	0.5
konkurrenz	neg 1.0		off 0.47061097623777093 neg 0.46092200050752546 __DUMMY__ 0.06846702325470376	false	0.5
teufelskreis	neg 1.0	neg 1.0	neg 0.7142345409057341 off 0.2534369194157536 __DUMMY__ 0.03232853967851235	false	1.0
aufschreien	neg 1.0		off 0.47884806338945013 neg 0.453606672435235 __DUMMY__ 0.06754526417531491	false	0.5
schuldner	neg 1.0		off 0.46965430986710216 neg 0.4622551464996609 __DUMMY__ 0.06809054363323692	false	0.5
missgeburt	off 1.0	off 1.0	off 0.7299622093336744 neg 0.23826201969633448 __DUMMY__ 0.031775770969991124	false	1.0
arbeitslos	neg 1.0		off 0.47238694158537986 neg 0.4598052066757675 __DUMMY__ 0.06780785173885269	false	0.5
befallen	neg 1.0		off 0.475092893634316 neg 0.45690489270274476 __DUMMY__ 0.06800221366293933	false	0.5
miesepetrig	off 1.0	off 1.0	off 0.727749616431292 neg 0.2400052063739456 __DUMMY__ 0.032245177194762435	false	1.0
alarmieren	neg 1.0		off 0.4803437019297026 neg 0.4522128994517351 __DUMMY__ 0.06744339861856231	false	0.5
ungeduscht	off 1.0		off 0.48046831307691046 neg 0.4521206412151581 __DUMMY__ 0.06741104570793138	false	1.0
knappheit	neg 1.0		off 0.47094701177778864 neg 0.46136734566655857 __DUMMY__ 0.06768564255565276	false	0.5
schlange	neg 1.0		off 0.4814220408574422 neg 0.45027164378980356 __DUMMY__ 0.06830631535275428	false	0.5
harsch	neg 1.0		off 0.4892450970624789 neg 0.44326475093073536 __DUMMY__ 0.06749015200678578	false	0.5
lang	neg 1.0		off 0.4788491658677926 neg 0.4530687689535588 __DUMMY__ 0.06808206517864858	false	0.5
ziellos	neg 1.0		off 0.4750612557294343 neg 0.45651507436796346 __DUMMY__ 0.06842366990260226	false	0.5
selbstverliebt	neg 1.0		off 0.4911193932865351 neg 0.44265972034475765 __DUMMY__ 0.0662208863687073	false	0.5
beseitigen	neg 1.0		off 0.4758016639438417 neg 0.4560805414792971 __DUMMY__ 0.06811779457686123	false	0.5
dumm	off 1.0		off 0.48813669975837753 neg 0.44503065729543995 __DUMMY__ 0.0668326429461827	false	1.0
arbeitsloser	neg 1.0		off 0.47442099262728654 neg 0.4574110134521005 __DUMMY__ 0.06816799392061296	false	0.5
blitzen	neg 1.0		off 0.48047786708701157 neg 0.45175869419866377 __DUMMY__ 0.06776343871432475	false	0.5
hilflos	neg 1.0		off 0.4744710284236319 neg 0.45755601391752865 __DUMMY__ 0.06797295765883932	false	0.5
eklig	off 1.0		off 0.48744023561352173 neg 0.44601236527772326 __DUMMY__ 0.06654739910875511	false	1.0
begriff			off 0.4755226842738592 neg 0.4565936041639742 __DUMMY__ 0.06788371156216658	false	0.0
hungersnot	neg 1.0		off 0.475311017906018 neg 0.45640180672250663 __DUMMY__ 0.06828717537147551	false	0.5
ungesetzlich	neg 1.0		off 0.47488923226140817 neg 0.45767815075926843 __DUMMY__ 0.06743261697932347	false	0.5
verschwendung	neg 1.0		off 0.47213961171520663 neg 0.45965215983868146 __DUMMY__ 0.06820822844611206	false	0.5
schmerzvoll	neg 1.0		off 0.47905558815650673 neg 0.4530826379275022 __DUMMY__ 0.06786177391599095	false	0.5
vorzeitig	neg 1.0		off 0.48057795019932503 neg 0.4515751768768087 __DUMMY__ 0.06784687292386629	false	0.5
unvollkommenheit	neg 1.0		off 0.47675796642783513 neg 0.45464201203799415 __DUMMY__ 0.06860002153417077	false	0.5
intervenieren	neg 1.0		off 0.47124352739434977 neg 0.46065121446803736 __DUMMY__ 0.06810525813761295	false	0.5
banause	off 1.0		off 0.48898831844887297 neg 0.44482750638072727 __DUMMY__ 0.06618417517039969	false	1.0
rebell	neg 1.0		off 0.4686725651390029 neg 0.4628522037757071 __DUMMY__ 0.06847523108529006	false	0.5
unlogisch	neg 1.0		off 0.48397390918450234 neg 0.4489879419562972 __DUMMY__ 0.06703814885920038	false	0.5
leiden	neg 1.0		off 0.47247056959750267 neg 0.45904192845140285 __DUMMY__ 0.06848750195109436	false	0.5
abschaffung	neg 1.0		off 0.47703564753062444 neg 0.45507017687510215 __DUMMY__ 0.06789417559427344	false	0.5
sturz	neg 1.0		off 0.47909014077040163 neg 0.4526227546207616 __DUMMY__ 0.06828710460883661	false	0.5
verkleinerung	neg 1.0		off 0.4778581403975215 neg 0.45478212844394533 __DUMMY__ 0.06735973115853301	false	0.5
schmarotzer	off 1.0		off 0.47251864676865873 neg 0.45983738552621717 __DUMMY__ 0.06764396770512407	false	1.0
bestrafung	neg 1.0		off 0.478225090277608 neg 0.4538702664683461 __DUMMY__ 0.06790464325404601	false	0.5
achtlos	neg 1.0	neg 1.0	neg 0.7128888702122811 off 0.2545593935189645 __DUMMY__ 0.03255173626875435	false	1.0
ungeheuer	neg 1.0		off 0.48107126620512336 neg 0.4509222123218237 __DUMMY__ 0.06800652147305293	false	0.5
unaufrichtig	neg 1.0		off 0.4816922881002589 neg 0.4503088794696014 __DUMMY__ 0.06799883243013978	false	0.5
groggy	neg 1.0		off 0.4807491091784692 neg 0.4514073573173146 __DUMMY__ 0.06784353350421618	false	0.5
