unsolidarisch	neg 1.0		__DUMMY__ 0.4643000749277832 off 0.2717547004264326 neg 0.26394522464578424	false	0.5
nachteilig	neg 1.0		__DUMMY__ 0.468247569421836 off 0.2678102146402607 neg 0.2639422159379032	false	0.5
skeptisch	neg 1.0		__DUMMY__ 0.468889411228915 off 0.2673726798956024 neg 0.26373790887548276	false	0.5
schrecklich	neg 1.0		__DUMMY__ 0.4626072278143231 off 0.2839623329195946 neg 0.2534304392660822	false	0.5
schlapp	neg 1.0		__DUMMY__ 0.4650228339064976 off 0.27965918005587315 neg 0.25531798603762934	false	0.5
abfall	neg 1.0		__DUMMY__ 0.47165164655985653 neg 0.2645154517590433 off 0.26383290168110024	false	1.0
widerspenstig	neg 1.0		__DUMMY__ 0.46729129495820904 off 0.2735927068112625 neg 0.25911599823052844	false	0.5
abrupt	neg 1.0		__DUMMY__ 0.47137016486816913 off 0.2694599669921228 neg 0.259169868139708	false	0.5
unwirksam	neg 1.0		__DUMMY__ 0.4639437880040728 off 0.2716498865657737 neg 0.26440632543015347	false	0.5
angreifen	neg 1.0		__DUMMY__ 0.4685139360271744 off 0.26713160755210796 neg 0.2643544564207178	false	0.5
inkonsistent	neg 1.0		__DUMMY__ 0.4650467315725991 off 0.273597290463882 neg 0.261355977963519	false	0.5
abrutschen	neg 1.0		__DUMMY__ 0.47055058945541317 neg 0.26539699452311233 off 0.2640524160214744	false	1.0
unsicher	neg 1.0		__DUMMY__ 0.4680071451157689 off 0.27342986585919715 neg 0.258562989025034	false	0.5
bauernkind	off 1.0	off 1.0	off 0.6303334030369581 __DUMMY__ 0.2209657148635753 neg 0.1487008820994667	false	1.0
angreifer	neg 1.0	neg 1.0	neg 0.6149767518674738 __DUMMY__ 0.22818472546715746 off 0.1568385226653687	false	1.0
trennen	neg 1.0		__DUMMY__ 0.471410192105123 off 0.26797035619046644 neg 0.26061945170441053	false	0.5
schmutz	neg 1.0		__DUMMY__ 0.469868625017829 off 0.27643337053969 neg 0.253698004442481	false	0.5
inkonsistenz	neg 1.0		__DUMMY__ 0.46055672878164866 off 0.27766520513135307 neg 0.2617780660869983	false	0.5
erschreckend	neg 1.0		__DUMMY__ 0.4664141048110393 off 0.2718919078084378 neg 0.2616939873805229	false	0.5
ertrinken	neg 1.0		__DUMMY__ 0.46962625503636063 off 0.26820947695477726 neg 0.2621642680088621	false	0.5
pickelface	off 1.0		__DUMMY__ 0.46828672138359184 off 0.27245327090924926 neg 0.25926000770715885	false	1.0
seiner			__DUMMY__ 0.46937455363357394 off 0.2679963344723479 neg 0.26262911189407795	false	0.0
lauch	neg 1.0		__DUMMY__ 0.471985659154895 off 0.265331536325885 neg 0.2626828045192198	false	0.5
unwichtig	neg 1.0		__DUMMY__ 0.463068869788999 off 0.2781944388940648 neg 0.2587366913169363	false	0.5
steuerhinterziehung	neg 1.0	neg 1.0	neg 0.6191757254421179 __DUMMY__ 0.22752501759158328 off 0.15329925696629879	false	1.0
schock	neg 1.0		__DUMMY__ 0.468771594940791 off 0.27271704680790376 neg 0.2585113582513053	false	0.5
beule	neg 1.0		__DUMMY__ 0.46370566155881116 off 0.28042278192198716 neg 0.2558715565192015	false	0.5
vergelten	neg 1.0		__DUMMY__ 0.4654327898099488 off 0.2834900986919042 neg 0.2510771114981471	false	0.5
verdorbenheit	neg 1.0		__DUMMY__ 0.4697167801152202 off 0.2751262940005968 neg 0.2551569258841831	false	0.5
trauma	neg 1.0		__DUMMY__ 0.46687762847230707 off 0.2743808568845572 neg 0.25874151464313583	false	0.5
sinnlos	neg 1.0		__DUMMY__ 0.46605142839830627 off 0.27577339797872547 neg 0.25817517362296827	false	0.5
fettsack	off 1.0	off 1.0	off 0.6316131906919384 __DUMMY__ 0.22202513524670647 neg 0.14636167406135517	false	1.0
feige	off 1.0	off 1.0	off 0.6281282378589077 __DUMMY__ 0.22431485315228933 neg 0.14755690898880297	false	1.0
abdanken	neg 1.0		__DUMMY__ 0.4679239921569743 off 0.2726473833309852 neg 0.2594286245120405	false	0.5
wichtigtuer	off 1.0	off 1.0	off 0.6266457185131905 __DUMMY__ 0.22541242397690395 neg 0.14794185750990554	false	1.0
misslingen	neg 1.0		__DUMMY__ 0.47139680484651225 off 0.2755716252502554 neg 0.25303156990323245	false	0.5
untreu	off 1.0		__DUMMY__ 0.4639881347627711 off 0.2793057940223073 neg 0.25670607121492145	false	1.0
missmutig	neg 1.0		__DUMMY__ 0.46531574318344504 off 0.27888406527379944 neg 0.25580019154275546	false	0.5
hurenbock	off 1.0		__DUMMY__ 0.4679057177782267 off 0.27611939385176726 neg 0.255974888370006	false	1.0
betrunken	neg 1.0		__DUMMY__ 0.4641411247558113 off 0.2815846032997338 neg 0.254274271944455	false	0.5
korrupt	off 1.0		__DUMMY__ 0.46517351345121966 off 0.26909892140289793 neg 0.26572756514588225	false	1.0
unmut	neg 1.0		__DUMMY__ 0.47105066299727116 neg 0.2645591445675504 off 0.2643901924351785	false	1.0
hackfresse	off 1.0		__DUMMY__ 0.4594739981812804 off 0.28748538061050993 neg 0.2530406212082098	false	1.0
aufblasen	neg 1.0		__DUMMY__ 0.46721044149073665 off 0.2757521417547508 neg 0.2570374167545124	false	0.5
gewaltsam	neg 1.0		__DUMMY__ 0.4689514425523671 off 0.27197751251647234 neg 0.25907104493116073	false	0.5
unbeliebtheit	neg 1.0		__DUMMY__ 0.4631069437943954 off 0.2770418308263035 neg 0.259851225379301	false	0.5
sturheit	neg 1.0		__DUMMY__ 0.4666615367530656 off 0.27118926088870166 neg 0.26214920235823275	false	0.5
kuh	neg 1.0		__DUMMY__ 0.46208118050056873 off 0.2745331509569123 neg 0.26338566854251894	false	0.5
erschrecken	neg 1.0		__DUMMY__ 0.4661044911098548 off 0.2788061032826976 neg 0.25508940560744764	false	0.5
opfer	neg 1.0		__DUMMY__ 0.46877647708130976 off 0.2691976120988679 neg 0.26202591081982246	false	0.5
sinken	neg 1.0		__DUMMY__ 0.47148741632905905 off 0.2653998456161968 neg 0.2631127380547442	false	0.5
stinktier	neg 1.0		__DUMMY__ 0.4572024641245937 off 0.2827266989498514 neg 0.26007083692555494	false	0.5
tucke	off 1.0		__DUMMY__ 0.45729048821149637 off 0.28808609820007924 neg 0.25462341358842433	false	1.0
ein			__DUMMY__ 0.46725095493966917 off 0.2747393686920344 neg 0.2580096763682964	false	0.0
abstieg	neg 1.0		__DUMMY__ 0.47020635907016 off 0.26840792933013047 neg 0.26138571159970964	false	0.5
missverstehen	neg 1.0		__DUMMY__ 0.4632490585878488 off 0.27569006898397175 neg 0.26106087242817944	false	0.5
ergebnislos	neg 1.0		__DUMMY__ 0.47029492068783346 off 0.2680207210870473 neg 0.26168435822511926	false	0.5
unter			__DUMMY__ 0.4756272116146589 neg 0.264505328665945 off 0.259867459719396	false	0.0
manipulieren	neg 1.0		__DUMMY__ 0.46953173049274644 off 0.26708277362966754 neg 0.26338549587758603	false	0.5
unbewiesen	neg 1.0		__DUMMY__ 0.463394150359937 off 0.2713152231959901 neg 0.26529062644407303	false	0.5
verschleppen	neg 1.0		__DUMMY__ 0.4679587698163879 off 0.26927042519435096 neg 0.26277080498926114	false	0.5
weib	off 1.0		__DUMMY__ 0.45627712624650985 off 0.28711392747115955 neg 0.2566089462823305	false	1.0
opposition	neg 1.0		__DUMMY__ 0.46516571273279894 off 0.2744986323641657 neg 0.26033565490303534	false	0.5
verkehrswidrig	neg 1.0		__DUMMY__ 0.46611393402054857 off 0.28521129622501806 neg 0.24867476975443337	false	0.5
inkorrekt	neg 1.0		__DUMMY__ 0.4603566623476981 off 0.282003688986347 neg 0.2576396486659549	false	0.5
vermeiden	neg 1.0	neg 1.0	neg 0.6201083980922193 __DUMMY__ 0.23053329371201042 off 0.14935830819577028	false	1.0
abweichung	neg 1.0		__DUMMY__ 0.4682756182105279 off 0.2688446319394918 neg 0.26287974984998036	false	0.5
alkoholisiert	neg 1.0		__DUMMY__ 0.4703725551830285 off 0.26852616748819874 neg 0.26110127732877275	false	0.5
scheiss	off 1.0	off 1.0	off 0.628797951916206 __DUMMY__ 0.22498114218846862 neg 0.14622090589532533	false	1.0
herausforderung	neg 1.0		__DUMMY__ 0.46940148698694656 off 0.26746143293091235 neg 0.2631370800821412	false	0.5
pervers	off 1.0		__DUMMY__ 0.457186814441869 off 0.29113656716203085 neg 0.2516766183961001	false	1.0
wackelig	neg 1.0		__DUMMY__ 0.47097151864099585 off 0.27214045349599597 neg 0.25688802786300824	false	0.5
verwickeln	neg 1.0		__DUMMY__ 0.4635487352657026 off 0.27507145447628 neg 0.2613798102580173	false	0.5
vorwand	neg 1.0		__DUMMY__ 0.46876174212159055 off 0.266607239576281 neg 0.2646310183021283	false	0.5
muschi	off 1.0		__DUMMY__ 0.46822448088965235 off 0.27262006968822855 neg 0.2591554494221191	false	1.0
entmutigung	neg 1.0		__DUMMY__ 0.4663744534132581 off 0.27450584398255123 neg 0.25911970260419076	false	0.5
unangemessen	neg 1.0		__DUMMY__ 0.4653863040865953 off 0.2703230759096021 neg 0.2642906200038027	false	0.5
unstetig	neg 1.0		__DUMMY__ 0.4664653788586332 off 0.27655720598233274 neg 0.256977415159034	false	0.5
entmutigen	neg 1.0		__DUMMY__ 0.46640344924539334 off 0.2741784916823382 neg 0.2594180590722684	false	0.5
schwanz	neg 1.0		__DUMMY__ 0.4693212189652846 off 0.2697432940588994 neg 0.2609354869758159	false	0.5
verbot	neg 1.0		__DUMMY__ 0.4677328205647412 off 0.26966079535237125 neg 0.26260638408288745	false	0.5
leid	neg 1.0		__DUMMY__ 0.4602572247564263 off 0.2851552436583319 neg 0.2545875315852419	false	0.5
archaisch	neg 1.0		__DUMMY__ 0.46719683561345965 off 0.2714338352275585 neg 0.2613693291589818	false	0.5
gegen			__DUMMY__ 0.47145867409593867 off 0.26550168254918705 neg 0.2630396433548743	false	0.0
scheidung	neg 1.0		__DUMMY__ 0.4596070133978083 off 0.29773221823613844 neg 0.24266076836605333	false	0.5
einschlag	neg 1.0		__DUMMY__ 0.4631442734793794 off 0.2824754551565466 neg 0.25438027136407404	false	0.5
m			__DUMMY__ 0.4693440704150148 off 0.27101014448411753 neg 0.25964578510086755	false	0.0
abgestanden	neg 1.0		__DUMMY__ 0.46575493562871634 off 0.2735743236712349 neg 0.2606707407000488	false	0.5
schmierig	off 1.0		__DUMMY__ 0.4619618387678923 off 0.28488167188634633 neg 0.25315648934576146	false	1.0
unpraktisch	neg 1.0		__DUMMY__ 0.4670021633949776 off 0.27532526664935547 neg 0.25767256995566695	false	0.5
wixxer	off 1.0		__DUMMY__ 0.4555686164496719 off 0.29071133779581365 neg 0.25372004575451457	false	1.0
bezeichnet			__DUMMY__ 0.4649643402513571 off 0.27244637198636956 neg 0.2625892877622733	false	0.0
jammerlappen	off 1.0		__DUMMY__ 0.4652913597527149 off 0.27921849356345063 neg 0.2554901466838346	false	1.0
farce	neg 1.0		__DUMMY__ 0.4672717180391107 off 0.2708705905888524 neg 0.26185769137203685	false	0.5
zwecklos	neg 1.0		__DUMMY__ 0.46653340973962837 off 0.27035622399384224 neg 0.26311036626652945	false	0.5
turbulent	neg 1.0		__DUMMY__ 0.46265791159179165 off 0.280091056317268 neg 0.25725103209094025	false	0.5
invasion	neg 1.0		__DUMMY__ 0.4659161853419406 off 0.27546942924297585 neg 0.2586143854150836	false	0.5
schuld	neg 1.0		__DUMMY__ 0.46524580042893504 off 0.27397811296022306 neg 0.26077608661084195	false	0.5
risiko	neg 1.0	neg 1.0	neg 0.6157773705681596 __DUMMY__ 0.22803339578467557 off 0.15618923364716478	false	1.0
finster	neg 1.0		__DUMMY__ 0.46494974567696606 off 0.2741824040548208 neg 0.26086785026821324	false	0.5
geisteskrank	off 1.0		__DUMMY__ 0.46064143421076875 off 0.2796847307244846 neg 0.2596738350647467	false	1.0
zusammenbrechen	neg 1.0		__DUMMY__ 0.4678735964615168 off 0.271063222593611 neg 0.2610631809448722	false	0.5
ausbeute	neg 1.0		__DUMMY__ 0.474370549822574 off 0.2715470153789296 neg 0.25408243479849635	false	0.5
hinterhalt	neg 1.0		__DUMMY__ 0.4732807266304755 off 0.27354911307883234 neg 0.2531701602906921	false	0.5
kritik	neg 1.0		__DUMMY__ 0.46696641833704766 off 0.27046692232796515 neg 0.26256665933498724	false	0.5
einschrumpfen	neg 1.0		__DUMMY__ 0.4637920569693265 off 0.27730745587221756 neg 0.258900487158456	false	0.5
riskant	neg 1.0		__DUMMY__ 0.46763673451920473 off 0.26759613258409676 neg 0.2647671328966984	false	0.5
frustrieren	neg 1.0		__DUMMY__ 0.46778528019015453 off 0.2688653378122829 neg 0.2633493819975627	false	0.5
groll	neg 1.0		__DUMMY__ 0.4666753593216764 off 0.2697841741175586 neg 0.2635404665607649	false	0.5
gibt			__DUMMY__ 0.4681391898985444 off 0.2712691390567003 neg 0.26059167104475534	false	0.0
qualvoll	neg 1.0		__DUMMY__ 0.4661351539385274 off 0.27706103322716835 neg 0.2568038128343042	false	0.5
wackeln	neg 1.0		__DUMMY__ 0.46877124315551066 off 0.2751056440408899 neg 0.25612311280359945	false	0.5
klagen	neg 1.0		__DUMMY__ 0.46995294092007883 neg 0.2651137866516496 off 0.2649332724282716	false	1.0
bankrott	neg 1.0		__DUMMY__ 0.4662564160195769 off 0.2787441924618807 neg 0.25499939151854234	false	0.5
trauern	neg 1.0		__DUMMY__ 0.47087668293134055 off 0.2695117942683426 neg 0.25961152280031685	false	0.5
ablehnung	neg 1.0		__DUMMY__ 0.4669105157926945 off 0.2700585934376896 neg 0.26303089076961594	false	0.5
stur	neg 1.0		__DUMMY__ 0.46543138505916354 off 0.27430548046968484 neg 0.26026313447115157	false	0.5
aufruhr	neg 1.0		__DUMMY__ 0.46818389346786915 off 0.2721808925336432 neg 0.25963521399848766	false	0.5
melancholie	neg 1.0		__DUMMY__ 0.46967023491263776 off 0.27019070845979093 neg 0.2601390566275712	false	0.5
ist			__DUMMY__ 0.4663149206854369 off 0.2755736517806982 neg 0.25811142753386496	false	0.0
torheit	neg 1.0		__DUMMY__ 0.46668316062077725 off 0.27346720975497824 neg 0.25984962962424446	false	0.5
dreckskind	off 1.0		__DUMMY__ 0.458055546514687 off 0.28554438089726947 neg 0.25640007258804337	false	1.0
umtauschen	neg 1.0		__DUMMY__ 0.46788032172499927 off 0.27316591651088534 neg 0.2589537617641154	false	0.5
zum			__DUMMY__ 0.47592626998460064 off 0.2643841599260828 neg 0.2596895700893165	false	0.0
zersetzen	neg 1.0		__DUMMY__ 0.46778447243191734 off 0.26657577181200787 neg 0.2656397557560749	false	0.5
zur			__DUMMY__ 0.47414442734311646 neg 0.2630841910815095 off 0.262771381575374	false	0.0
frust	neg 1.0		__DUMMY__ 0.4683212271182433 off 0.2712347854092923 neg 0.26044398747246433	false	0.5
unerbittlichkeit	neg 1.0		__DUMMY__ 0.4689135766991665 off 0.26702669115327327 neg 0.2640597321475603	false	0.5
zwei			__DUMMY__ 0.4747689194134706 off 0.26538211779771903 neg 0.25984896278881037	false	0.0
unkorrekt	neg 1.0		__DUMMY__ 0.46199169700242526 off 0.2821975424861966 neg 0.255810760511378	false	0.5
hexe	off 1.0		__DUMMY__ 0.46212705808189647 off 0.27831606891574073 neg 0.25955687300236285	false	1.0
lasch	neg 1.0		__DUMMY__ 0.4631667878806641 off 0.2769609804891136 neg 0.2598722316302222	false	0.5
rivale	neg 1.0		__DUMMY__ 0.4630367047699925 off 0.28143177234730044 neg 0.25553152288270714	false	0.5
mutlos	off 1.0	off 1.0	off 0.6220658685957391 __DUMMY__ 0.22729702735967908 neg 0.15063710404458186	false	1.0
wirr	off 1.0		__DUMMY__ 0.4604331276575785 off 0.28263785928591595 neg 0.2569290130565055	false	1.0
jahr			__DUMMY__ 0.47530804331585796 off 0.2689499182763199 neg 0.2557420384078221	false	0.0
wird			__DUMMY__ 0.46827298428460407 off 0.2698271529263772 neg 0.26189986278901867	false	0.0
strafbar	neg 1.0		__DUMMY__ 0.4674867612286651 off 0.26811874576721184 neg 0.26439449300412315	false	0.5
erosion	neg 1.0		__DUMMY__ 0.4686660966918499 off 0.2739265311273126 neg 0.25740737218083753	false	0.5
eingehen	neg 1.0		__DUMMY__ 0.46743828856085745 off 0.2683975746676749 neg 0.2641641367714675	false	0.5
faul	off 1.0		__DUMMY__ 0.46613877454774033 off 0.278707916145244 neg 0.25515330930701574	false	1.0
provisorium	neg 1.0		__DUMMY__ 0.4764200029518134 neg 0.2626017925880379 off 0.2609782044601486	false	1.0
schmerzen	neg 1.0		__DUMMY__ 0.466404967032392 off 0.271579281810833 neg 0.2620157511567749	false	0.5
schrumpfen	neg 1.0		__DUMMY__ 0.4708824177466986 neg 0.26726027583766077 off 0.2618573064156406	false	1.0
geistlos	off 1.0		__DUMMY__ 0.4623415000351439 off 0.2749866100502911 neg 0.262671889914565	false	1.0
fehlkauf	neg 1.0		__DUMMY__ 0.4670011602775672 off 0.2757299337232742 neg 0.2572689059991586	false	0.5
frustrierend	neg 1.0		__DUMMY__ 0.4648526840051463 off 0.2776541738895896 neg 0.2574931421052641	false	0.5
unzufrieden	neg 1.0		__DUMMY__ 0.4665217886543435 off 0.26991585870147594 neg 0.26356235264418065	false	0.5
verzweifeln	neg 1.0		__DUMMY__ 0.4672527024973943 off 0.2719933557343434 neg 0.2607539417682624	false	0.5
verzweifelt	neg 1.0	neg 1.0	neg 0.6186888416013818 __DUMMY__ 0.2257708950671125 off 0.1555402633315056	false	1.0
misstrauensantrag	neg 1.0		__DUMMY__ 0.46600130289731073 off 0.2757128121244345 neg 0.2582858849782548	false	0.5
abfallen	neg 1.0		__DUMMY__ 0.4683830667572546 off 0.27500100992846227 neg 0.2566159233142832	false	0.5
fucker	off 1.0		__DUMMY__ 0.46404284742149055 off 0.28259293076355063 neg 0.2533642218149588	false	1.0
ungezogen	neg 1.0		__DUMMY__ 0.4580730558358898 off 0.2902993915065931 neg 0.25162755265751696	false	0.5
irrsinnig	neg 1.0	neg 1.0	neg 0.6182491747943601 __DUMMY__ 0.22609664317991265 off 0.15565418202572714	false	1.0
unfassbar	neg 1.0		__DUMMY__ 0.4646346973032338 off 0.28053185881875636 neg 0.2548334438780097	false	0.5
hart	neg 1.0		__DUMMY__ 0.4640567521874951 off 0.2797101084679594 neg 0.2562331393445455	false	0.5
widerlich	off 1.0		__DUMMY__ 0.4619841656580848 off 0.2802624794193958 neg 0.25775335492251933	false	1.0
fatal	neg 1.0		__DUMMY__ 0.46611754307931685 off 0.2759968127131973 neg 0.25788564420748583	false	0.5
bruch	neg 1.0		__DUMMY__ 0.4707849872656162 off 0.26577869555301986 neg 0.26343631718136395	false	0.5
aushungern	neg 1.0		__DUMMY__ 0.46821717652516737 off 0.2710193591172024 neg 0.2607634643576303	false	0.5
anspannung	neg 1.0		__DUMMY__ 0.4749994422023752 off 0.2640913374268376 neg 0.26090922037078734	false	0.5
von			__DUMMY__ 0.47645950483463445 off 0.2694472063936662 neg 0.2540932887716994	false	0.0
kraftlos	neg 1.0		__DUMMY__ 0.4691269708401989 off 0.2709073529443969 neg 0.25996567621540406	false	0.5
vom			__DUMMY__ 0.4777232395058576 off 0.26219009937761806 neg 0.26008666111652434	false	0.0
grenzdebil	off 1.0		__DUMMY__ 0.464609403417781 off 0.280987319067182 neg 0.2544032775150371	false	1.0
vor			__DUMMY__ 0.47170467032718094 off 0.26700053203826696 neg 0.26129479763455205	false	0.0
unterwerfen	neg 1.0		__DUMMY__ 0.46838746205873777 off 0.2689694457414412 neg 0.26264309219982096	false	0.5
versenkung	neg 1.0		__DUMMY__ 0.470026093166633 off 0.2697740276107852 neg 0.26019987922258164	false	0.5
entziehen	neg 1.0		__DUMMY__ 0.469818893795964 off 0.26554914706444877 neg 0.26463195913958715	false	0.5
finanzkrise	neg 1.0		__DUMMY__ 0.4663327313720676 off 0.2714084619151966 neg 0.26225880671273594	false	0.5
schimpfend	neg 1.0		__DUMMY__ 0.4662105225004877 off 0.27559197701600646 neg 0.25819750048350587	false	0.5
profan	neg 1.0		__DUMMY__ 0.46500028665214616 off 0.2761197160094928 neg 0.25887999733836087	false	0.5
korruption	neg 1.0		__DUMMY__ 0.4679104870794967 off 0.26943166338554136 neg 0.26265784953496196	false	0.5
â			__DUMMY__ 0.47005830093421364 off 0.27061063716264383 neg 0.25933106190314237	false	0.0
schmutzig	neg 1.0		__DUMMY__ 0.465004265181658 off 0.28174242992807436 neg 0.2532533048902677	false	0.5
sexy	neg 1.0		__DUMMY__ 0.46633699896503367 off 0.27789834437048366 neg 0.2557646566644826	false	0.5
abraten	neg 1.0		__DUMMY__ 0.4661907709826585 off 0.2756865099052675 neg 0.2581227191120739	false	0.5
schwarz	neg 1.0		__DUMMY__ 0.4662888194686723 off 0.2751259552388973 neg 0.2585852252924303	false	0.5
fotze	off 1.0	off 1.0	off 0.6239740249557862 __DUMMY__ 0.22847764147110206 neg 0.1475483335731117	false	1.0
verwirren	neg 1.0		__DUMMY__ 0.4652438732351798 off 0.276813242520128 neg 0.25794288424469203	false	0.5
zahnlos	off 1.0		__DUMMY__ 0.46689515470344184 off 0.2711537984945305 neg 0.2619510468020275	false	1.0
verheeren	neg 1.0		__DUMMY__ 0.4588408084673152 off 0.29222446006615965 neg 0.2489347314665251	false	0.5
hippie	neg 1.0		__DUMMY__ 0.46635242637239 off 0.27742671026562854 neg 0.2562208633619815	false	0.5
rammen	neg 1.0		__DUMMY__ 0.46522723777661695 off 0.274546238504237 neg 0.26022652371914623	false	0.5
unlauter	neg 1.0		__DUMMY__ 0.464464304735387 off 0.27348433284180673 neg 0.26205136242280624	false	0.5
unheilvoll	neg 1.0		__DUMMY__ 0.4669561267103424 off 0.2757545168708816 neg 0.25728935641877604	false	0.5
niedrig	neg 1.0		__DUMMY__ 0.4673715696443502 off 0.26703950336230403 neg 0.26558892699334574	false	0.5
explosion	neg 1.0		__DUMMY__ 0.4658626102809217 off 0.27655494219012966 neg 0.25758244752894865	false	0.5
weichei	off 1.0	off 1.0	off 0.6322456846876073 __DUMMY__ 0.22304024980208637 neg 0.1447140655103063	false	1.0
minusmensch	off 1.0		__DUMMY__ 0.45708676830099204 off 0.28818866650846836 neg 0.25472456519053954	false	1.0
farblos	neg 1.0		__DUMMY__ 0.4680992616732445 off 0.2731574185443827 neg 0.25874331978237297	false	0.5
unwissend	neg 1.0	neg 1.0	neg 0.6168907993619227 __DUMMY__ 0.22491644528621368 off 0.15819275535186367	false	1.0
traurig	neg 1.0		__DUMMY__ 0.4633554129836346 off 0.28326777583792423 neg 0.25337681117844124	false	0.5
senkung	neg 1.0		__DUMMY__ 0.46398310492564415 off 0.2756358761465737 neg 0.2603810189277822	false	0.5
ungleich	neg 1.0	neg 1.0	neg 0.6208575184068852 __DUMMY__ 0.22746294960316185 off 0.15167953198995301	false	1.0
heikel	neg 1.0		__DUMMY__ 0.46762343744971213 off 0.26756174996002574 neg 0.2648148125902621	false	0.5
drosselung	neg 1.0		__DUMMY__ 0.46389991899786065 off 0.2804751737060603 neg 0.25562490729607923	false	0.5
falsch	neg 1.0		__DUMMY__ 0.4641206480798814 off 0.2776504286751125 neg 0.2582289232450061	false	0.5
unzufriedenheit	neg 1.0		__DUMMY__ 0.469303319834057 off 0.2662845557028744 neg 0.2644121244630687	false	0.5
kurz	neg 1.0		__DUMMY__ 0.47020260300160066 off 0.2725648401330242 neg 0.25723255686537516	false	0.5
unsinnig	neg 1.0		__DUMMY__ 0.4657511512435475 off 0.270928462801804 neg 0.26332038595464846	false	0.5
penner	off 1.0	off 1.0	off 0.6333353133863155 __DUMMY__ 0.22290643295085036 neg 0.14375825366283415	false	1.0
seicht	neg 1.0		__DUMMY__ 0.4567827144618384 off 0.2890195774709615 neg 0.2541977080672002	false	0.5
dummheit	off 1.0	off 1.0	off 0.6268083314995438 __DUMMY__ 0.22522842827361336 neg 0.14796324022684282	false	1.0
unerfreulich	neg 1.0		__DUMMY__ 0.46923021180042473 off 0.26713282250714987 neg 0.2636369656924255	false	0.5
motherfucker	off 1.0	off 1.0	off 0.6299798534307434 __DUMMY__ 0.22524251797475597 neg 0.14477762859450063	false	1.0
pikiert	neg 1.0		__DUMMY__ 0.4629551405296406 off 0.27965697450166477 neg 0.2573878849686946	false	0.5
wrack	neg 1.0		__DUMMY__ 0.46978484434926004 off 0.2713433736377742 neg 0.25887178201296585	false	0.5
gangster	neg 1.0		__DUMMY__ 0.46625013221197203 off 0.2774619015482939 neg 0.2562879662397342	false	0.5
krank	neg 1.0		__DUMMY__ 0.4648460412773011 off 0.28107558203330285 neg 0.2540783766893961	false	0.5
reich	neg 1.0		__DUMMY__ 0.4662884422126874 off 0.28005230093886996 neg 0.2536592568484426	false	0.5
gnadenlos	neg 1.0		__DUMMY__ 0.4658752935374988 off 0.27435795443164673 neg 0.25976675203085453	false	0.5
niedergeschlagen	neg 1.0		__DUMMY__ 0.468412408826191 off 0.2719095639005695 neg 0.2596780272732395	false	0.5
terrorisieren	off 1.0	off 1.0	off 0.6226428546563817 __DUMMY__ 0.22823296142617935 neg 0.14912418391743892	false	1.0
sinnlosigkeit	neg 1.0		__DUMMY__ 0.46729720764087856 off 0.27065925546235337 neg 0.26204353689676807	false	0.5
behindern	neg 1.0		__DUMMY__ 0.4679587883017852 off 0.2726232691112672 neg 0.25941794258694756	false	0.5
undemokratisch	neg 1.0		__DUMMY__ 0.46597769867336025 off 0.2740105552512856 neg 0.26001174607535416	false	0.5
wirtschaftskrise	neg 1.0		__DUMMY__ 0.4676269120074929 off 0.26908846992593916 neg 0.2632846180665679	false	0.5
neid	neg 1.0		__DUMMY__ 0.4662203472379574 off 0.27834358502193945 neg 0.2554360677401032	false	0.5
rutschen	neg 1.0		__DUMMY__ 0.47520644884152674 off 0.2654120808792947 neg 0.25938147027917857	false	0.5
rezession	neg 1.0		__DUMMY__ 0.45832958442602145 off 0.2815093054124145 neg 0.260161110161564	false	0.5
fehlgeburt	neg 1.0		__DUMMY__ 0.46729987775000226 off 0.2757244742660219 neg 0.25697564798397593	false	0.5
charakterschwach	off 1.0		__DUMMY__ 0.4620961197363098 off 0.2800338271496949 neg 0.2578700531139954	false	1.0
isolation	neg 1.0		__DUMMY__ 0.46563387052002436 off 0.27765184631931367 neg 0.25671428316066197	false	0.5
ablenkung	neg 1.0		__DUMMY__ 0.4680104950864285 off 0.2737922721911815 neg 0.25819723272239	false	0.5
pech	neg 1.0		__DUMMY__ 0.4650833619082431 off 0.27759499193847986 neg 0.2573216461532771	false	0.5
vermeidung	neg 1.0		__DUMMY__ 0.464447594539088 off 0.2808845209877978 neg 0.2546678844731141	false	0.5
dominieren	neg 1.0		__DUMMY__ 0.4697582712905723 off 0.26924518600766484 neg 0.26099654270176287	false	0.5
schwindlig	neg 1.0		__DUMMY__ 0.46735960197274606 off 0.27648543487309024 neg 0.2561549631541637	false	0.5
lutscher	neg 1.0		__DUMMY__ 0.45733532659610365 off 0.28985794830815487 neg 0.2528067250957415	false	0.5
pflicht	neg 1.0		__DUMMY__ 0.4686633843881219 off 0.26646100220752816 neg 0.26487561340434995	false	0.5
faschist	off 1.0		__DUMMY__ 0.4653799979653627 off 0.27710758329273905 neg 0.2575124187418981	false	1.0
verschleudern	neg 1.0		__DUMMY__ 0.46780054437372975 off 0.2674445048874721 neg 0.26475495073879796	false	0.5
wenn			__DUMMY__ 0.46471871969805 off 0.2781054748945273 neg 0.2571758054074226	false	0.0
ehebruch	neg 1.0		__DUMMY__ 0.4682527157130199 off 0.2695023510118493 neg 0.26224493327513076	false	0.5
spott	off 1.0		__DUMMY__ 0.4679507005718156 off 0.26874267614960196 neg 0.26330662327858234	false	1.0
trostlosigkeit	neg 1.0		__DUMMY__ 0.4712774792551782 off 0.26686606676407865 neg 0.2618564539807431	false	0.5
lutschen	neg 1.0		__DUMMY__ 0.464438318695685 off 0.277297054402714 neg 0.25826462690160085	false	0.5
undiszipliniert	neg 1.0		__DUMMY__ 0.4624588370095695 off 0.2821596034947629 neg 0.2553815594956676	false	0.5
kopfschmerz	neg 1.0		__DUMMY__ 0.46707468784448747 off 0.27053507612038 neg 0.26239023603513256	false	0.5
unvorhergesehen	neg 1.0		__DUMMY__ 0.47250156644680885 off 0.2692237507775513 neg 0.2582746827756398	false	0.5
desinteressiert	neg 1.0	neg 1.0	neg 0.615560434967285 __DUMMY__ 0.2245848825728883 off 0.15985468245982676	false	1.0
armselig	off 1.0		__DUMMY__ 0.4605902135999703 off 0.28227593448460864 neg 0.2571338519154209	false	1.0
desaster	neg 1.0		__DUMMY__ 0.4704610406978428 off 0.26484553190660415 neg 0.26469342739555307	false	0.5
tod	neg 1.0		__DUMMY__ 0.47144787814325007 off 0.2711750570475396 neg 0.2573770648092103	false	0.5
herzlos	neg 1.0		__DUMMY__ 0.4619724021954861 off 0.2827826644229163 neg 0.25524493338159765	false	0.5
unwissenheit	neg 1.0		__DUMMY__ 0.46706923418207297 off 0.2701101608780209 neg 0.2628206049399061	false	0.5
widersinnig	neg 1.0		__DUMMY__ 0.4647697059911745 off 0.2692019344374983 neg 0.2660283595713272	false	0.5
bedenklich	neg 1.0		__DUMMY__ 0.46705001208687197 off 0.26888369127221906 neg 0.264066296640909	false	0.5
beanstanden	neg 1.0		__DUMMY__ 0.4691563843255941 off 0.2661860445141228 neg 0.26465757116028316	false	0.5
panisch	neg 1.0	neg 1.0	neg 0.6146373115020486 __DUMMY__ 0.22801767343412707 off 0.15734501506382426	false	1.0
debil	off 1.0		__DUMMY__ 0.4748339140009715 neg 0.2637402168808122 off 0.26142586911821647	false	0.5
abstrich	neg 1.0		__DUMMY__ 0.4723132760731179 off 0.2741319712573844 neg 0.2535547526694978	false	0.5
primitiv	neg 1.0		__DUMMY__ 0.4615893222064184 off 0.2803452790351586 neg 0.25806539875842305	false	0.5
abschaum	off 1.0	off 1.0	off 0.6284805891546349 __DUMMY__ 0.22499867970680804 neg 0.14652073113855707	false	1.0
provozieren	neg 1.0		__DUMMY__ 0.46456907192383373 off 0.27355170423413155 neg 0.2618792238420346	false	0.5
tot	neg 1.0		__DUMMY__ 0.4680434372075352 off 0.2701567669498986 neg 0.2617997958425661	false	0.5
instabil	neg 1.0		__DUMMY__ 0.4624817349129398 off 0.2823423964567178 neg 0.2551758686303423	false	0.5
schwuchtel	off 1.0	off 1.0	off 0.63676631898792 __DUMMY__ 0.22047508490187254 neg 0.1427585961102075	false	1.0
zerren	neg 1.0		__DUMMY__ 0.4686154514231725 off 0.2713123377936366 neg 0.2600722107831909	false	0.5
kinderficker	off 1.0		__DUMMY__ 0.4610745938296588 off 0.2859874229881563 neg 0.2529379831821847	false	1.0
gefahr	neg 1.0		__DUMMY__ 0.4707210594664534 off 0.2666745019741102 neg 0.2626044385594364	false	0.5
rabiat	neg 1.0		__DUMMY__ 0.4671709493247836 off 0.2735278634592518 neg 0.2593011872159646	false	0.5
verlangsamung	neg 1.0		__DUMMY__ 0.45694807307568763 off 0.28627712817713596 neg 0.25677479874717646	false	0.5
ausgestorben	neg 1.0		__DUMMY__ 0.46799466621818664 off 0.2734405639775513 neg 0.2585647698042621	false	0.5
anklagen	neg 1.0		__DUMMY__ 0.46861804615160924 off 0.2700354071290093 neg 0.2613465467193814	false	0.5
trott	neg 1.0		__DUMMY__ 0.467869467977909 off 0.2730476305763636 neg 0.25908290144572743	false	0.5
verminderung	neg 1.0		__DUMMY__ 0.46283170956169345 off 0.28062735410118245 neg 0.2565409363371241	false	0.5
nach			__DUMMY__ 0.4755313035042682 off 0.2639531814851949 neg 0.2605155150105369	false	0.0
rost	neg 1.0		__DUMMY__ 0.46009474279807705 off 0.2860241285168259 neg 0.2538811286850971	false	0.5
destruktiv	neg 1.0		__DUMMY__ 0.46537435859585596 off 0.2722614452543526 neg 0.2623641961497914	false	0.5
unzumutbarkeit	neg 1.0		__DUMMY__ 0.46524919666807335 off 0.27998429977601047 neg 0.2547665035559161	false	0.5
labil	off 1.0	off 1.0	off 0.6281690239999366 __DUMMY__ 0.2256679110870966 neg 0.14616306491296693	false	1.0
ziemlich	neg 1.0		__DUMMY__ 0.4651866758703453 off 0.2805629484976764 neg 0.25425037563197844	false	0.5
lachnummer	off 1.0		__DUMMY__ 0.4654177442700063 off 0.27318460431098696 neg 0.2613976514190068	false	1.0
oder			__DUMMY__ 0.4677404558047315 off 0.2747095109285545 neg 0.2575500332667141	false	0.0
verfall	neg 1.0		__DUMMY__ 0.47194821989242586 neg 0.2656151102027179 off 0.26243666990485626	false	1.0
ausgrenzung	neg 1.0		__DUMMY__ 0.46602981714520625 off 0.27485919317464813 neg 0.25911098968014545	false	0.5
unordnung	neg 1.0		__DUMMY__ 0.4660292330446053 off 0.28367320485948777 neg 0.250297562095907	false	0.5
fehlverhalten	neg 1.0		__DUMMY__ 0.4673278635214407 off 0.2666986744014482 neg 0.26597346207711114	false	0.5
eine			__DUMMY__ 0.4708424591958904 off 0.26740174470669065 neg 0.261755796097419	false	0.0
nille	neg 1.0		__DUMMY__ 0.46868058857242345 off 0.27331966923970263 neg 0.25799974218787386	false	0.5
qual	neg 1.0		__DUMMY__ 0.4680740585328673 off 0.27260116741138557 neg 0.2593247740557471	false	0.5
verschwenden	neg 1.0		__DUMMY__ 0.4673241987294678 off 0.26817323122577674 neg 0.26450257004475547	false	0.5
riesig	neg 1.0		__DUMMY__ 0.47000895401943804 off 0.26991822828737316 neg 0.26007281769318885	false	0.5
verurteilen	neg 1.0		__DUMMY__ 0.4662410950799864 off 0.2696252999013516 neg 0.26413360501866195	false	0.5
klischee	neg 1.0	neg 1.0	neg 0.6173417161064345 __DUMMY__ 0.22530738743874315 off 0.15735089645482236	false	1.0
diktatorisch	neg 1.0		__DUMMY__ 0.46557566473714934 off 0.274102990640937 neg 0.26032134462191364	false	0.5
vorhersehbar	neg 1.0		__DUMMY__ 0.4634089110370016 off 0.2761467173827495 neg 0.2604443715802488	false	0.5
sowie			__DUMMY__ 0.46076714478295955 off 0.2850703837394934 neg 0.254162471477547	false	0.0
stornieren	neg 1.0		__DUMMY__ 0.47048386466208486 off 0.27726469001560944 neg 0.25225144532230587	false	0.5
besteuerung	neg 1.0		__DUMMY__ 0.46395787625052 off 0.2728030351527263 neg 0.26323908859675366	false	0.5
ungeschminkt	neg 1.0		__DUMMY__ 0.4612167546038893 off 0.2798539472110806 neg 0.25892929818503013	false	0.5
kritisch	neg 1.0		__DUMMY__ 0.4676244359198392 off 0.2687687290134064 neg 0.2636068350667546	false	0.5
schlamperei	off 1.0		__DUMMY__ 0.46998023980676157 off 0.26802745581146786 neg 0.2619923043817706	false	1.0
sucht	neg 1.0	neg 1.0	neg 0.6130175171998411 __DUMMY__ 0.23018040187666627 off 0.15680208092349268	false	1.0
egoistisch	off 1.0		__DUMMY__ 0.45920698098928564 off 0.28542999765148946 neg 0.25536302135922495	false	1.0
ausbeuter	off 1.0		__DUMMY__ 0.4666480996016726 neg 0.2669461837636178 off 0.26640571663470963	false	0.5
arschgeburt	off 1.0		__DUMMY__ 0.4537024292277647 off 0.2931663863343825 neg 0.25313118443785276	false	1.0
schubs	neg 1.0		__DUMMY__ 0.4683469248105619 off 0.2712655754528416 neg 0.26038749973659653	false	0.5
unsolide	neg 1.0		__DUMMY__ 0.464551267260789 off 0.27458015383208334 neg 0.2608685789071276	false	0.5
beschwerde	neg 1.0		__DUMMY__ 0.46851505564661633 off 0.2684844173389409 neg 0.2630005270144429	false	0.5
stocken	neg 1.0		__DUMMY__ 0.46960611488959814 off 0.26832808345178144 neg 0.26206580165862053	false	0.5
isolieren	neg 1.0		__DUMMY__ 0.4682737065671082 off 0.26976202050175974 neg 0.2619642729311321	false	0.5
unheilbar	neg 1.0		__DUMMY__ 0.46700355456854364 off 0.27367734849626946 neg 0.2593190969351869	false	0.5
pisser	off 1.0		__DUMMY__ 0.4618243392962735 off 0.2822311677509496 neg 0.25594449295277694	false	1.0
löschen	neg 1.0		__DUMMY__ 0.4677921188744358 off 0.2734422153177538 neg 0.25876566580781046	false	0.5
durchfallen	neg 1.0		__DUMMY__ 0.46611118578159155 off 0.2690071799782117 neg 0.2648816342401969	false	0.5
wichser	off 1.0	off 1.0	off 0.635251918039745 __DUMMY__ 0.2218694647634543 neg 0.1428786171968007	false	1.0
terror	neg 1.0		__DUMMY__ 0.46641964319934737 off 0.2770767452563923 neg 0.2565036115442603	false	0.5
krass	neg 1.0		__DUMMY__ 0.4618075429717455 off 0.2836854400809462 neg 0.2545070169473083	false	0.5
revolte	neg 1.0		__DUMMY__ 0.46671802149286423 off 0.2758220025494727 neg 0.257459975957663	false	0.5
besorgt	neg 1.0		__DUMMY__ 0.4713733411497186 off 0.27271414793814447 neg 0.2559125109121369	false	0.5
nachlassen	neg 1.0		__DUMMY__ 0.47126564344221505 off 0.2689889449068429 neg 0.25974541165094206	false	0.5
alt	neg 1.0		__DUMMY__ 0.4676729584181535 off 0.2701598051542792 neg 0.26216723642756745	false	0.5
hundesohn	off 1.0		__DUMMY__ 0.45787756153025383 off 0.2902394782104289 neg 0.2518829602593171	false	1.0
als			__DUMMY__ 0.467970002850635 off 0.27085997555234476 neg 0.26117002159702024	false	0.0
abschreckung	neg 1.0		__DUMMY__ 0.4692345604581332 off 0.26594327971884846 neg 0.26482215982301827	false	0.5
unqualifiziert	neg 1.0		__DUMMY__ 0.462662937173522 off 0.27694936283806554 neg 0.2603876999884124	false	0.5
abgewichst	off 1.0		__DUMMY__ 0.46897136235329884 off 0.272535285601153 neg 0.25849335204554824	false	1.0
schwer	neg 1.0		__DUMMY__ 0.4666167813374995 off 0.2723987619061768 neg 0.2609844567563237	false	0.5
bedeutungslosigkeit	neg 1.0		__DUMMY__ 0.4688674610062317 off 0.2671914962792363 neg 0.263941042714532	false	0.5
kapitulation	neg 1.0		__DUMMY__ 0.4691266947668063 off 0.2690329097291855 neg 0.2618403955040083	false	0.5
unscharf	neg 1.0		__DUMMY__ 0.4642683481223621 off 0.27557173872126695 neg 0.26015991315637077	false	0.5
schwinden	neg 1.0		__DUMMY__ 0.46981609018990417 off 0.26722758891179493 neg 0.2629563208983009	false	0.5
versklavung	neg 1.0		__DUMMY__ 0.4669837436683054 off 0.27416903525389547 neg 0.25884722107779917	false	0.5
schlecht	neg 1.0		__DUMMY__ 0.4649276819395568 off 0.28064296257617644 neg 0.2544293554842669	false	0.5
verhasst	neg 1.0		__DUMMY__ 0.46342546332834417 off 0.27379458896494724 neg 0.26277994770670854	false	0.5
beschweren	neg 1.0		__DUMMY__ 0.4658702977765886 off 0.27554205948289645 neg 0.25858764274051493	false	0.5
scheiden	neg 1.0		__DUMMY__ 0.4688884282805968 off 0.2738764428582724 neg 0.257235128861131	false	0.5
frustriert	neg 1.0		__DUMMY__ 0.46677429503257895 off 0.2713047446983825 neg 0.2619209602690387	false	0.5
schimmelig	neg 1.0		__DUMMY__ 0.46618950127304604 off 0.2692547107202089 neg 0.2645557880067452	false	0.5
fisch	neg 1.0		__DUMMY__ 0.46834872599415617 off 0.2662932442376049 neg 0.26535802976823897	false	0.5
schmuggel	neg 1.0		__DUMMY__ 0.4693066713623888 off 0.26791050193850946 neg 0.2627828266991017	false	0.5
auffallen	neg 1.0		__DUMMY__ 0.4654483037404682 off 0.2764176527853954 neg 0.25813404347413643	false	0.5
konkurrenz	neg 1.0		__DUMMY__ 0.4702751341367577 off 0.26593220258248845 neg 0.263792663280754	false	0.5
teufelskreis	neg 1.0	neg 1.0	neg 0.6192878955351999 __DUMMY__ 0.2262369670645633 off 0.15447513740023677	false	1.0
aufschreien	neg 1.0		__DUMMY__ 0.4643336373562781 off 0.2760959267868155 neg 0.25957043585690637	false	0.5
schuldner	neg 1.0		__DUMMY__ 0.4678774911728628 off 0.2660714635928131 neg 0.26605104523432427	false	0.5
missgeburt	off 1.0	off 1.0	off 0.632502087148984 __DUMMY__ 0.22251173986088077 neg 0.14498617299013505	false	1.0
arbeitslos	neg 1.0		__DUMMY__ 0.46599048200788734 off 0.2694104555854476 neg 0.264599062406665	false	0.5
befallen	neg 1.0		__DUMMY__ 0.4673689360398618 off 0.27132173810224297 neg 0.2613093258578952	false	0.5
miesepetrig	off 1.0	off 1.0	off 0.6288848018137626 __DUMMY__ 0.22571770148177422 neg 0.14539749670446328	false	1.0
alarmieren	neg 1.0		__DUMMY__ 0.4637359880309496 off 0.2778020416194943 neg 0.2584619703495562	false	0.5
ungeduscht	off 1.0		__DUMMY__ 0.4635681347448867 off 0.2777685433896347 neg 0.2586633218654786	false	1.0
knappheit	neg 1.0		__DUMMY__ 0.4652981429196658 off 0.26836448125065976 neg 0.26633737582967437	false	0.5
schlange	neg 1.0		__DUMMY__ 0.4692618766617593 off 0.276310018483293 neg 0.25442810485494766	false	0.5
harsch	neg 1.0		__DUMMY__ 0.4640698730601923 off 0.28580834994568005 neg 0.2501217769941275	false	0.5
lang	neg 1.0		__DUMMY__ 0.46775892608790515 off 0.27459653660627437 neg 0.2576445373058205	false	0.5
ziellos	neg 1.0		__DUMMY__ 0.4699765119506032 off 0.2701295942532943 neg 0.2598938937961025	false	0.5
selbstverliebt	neg 1.0		__DUMMY__ 0.4558924999757671 off 0.29112368776347664 neg 0.2529838122607561	false	0.5
beseitigen	neg 1.0		__DUMMY__ 0.4681202741837684 off 0.2716223670582151 neg 0.26025735875801653	false	0.5
dumm	off 1.0		__DUMMY__ 0.45982157802010576 off 0.2866345259790851 neg 0.2535438960008092	false	1.0
arbeitsloser	neg 1.0		__DUMMY__ 0.46834458852546157 off 0.2703399255704292 neg 0.26131548590410936	false	0.5
blitzen	neg 1.0		__DUMMY__ 0.4657399670902692 off 0.27700029939909554 neg 0.2572597335106353	false	0.5
hilflos	neg 1.0		__DUMMY__ 0.4670614201499587 off 0.27084140839658766 neg 0.26209717145345357	false	0.5
eklig	off 1.0		__DUMMY__ 0.45799633749346336 off 0.28673432643266594 neg 0.2552693360738708	false	1.0
begriff			__DUMMY__ 0.46651195788056504 off 0.2721027456979959 neg 0.261385296421439	false	0.0
hungersnot	neg 1.0		__DUMMY__ 0.4691755329764336 off 0.27075918481485534 neg 0.26006528220871117	false	0.5
ungesetzlich	neg 1.0		__DUMMY__ 0.46364762584383945 off 0.2728339629046421 neg 0.26351841125151837	false	0.5
verschwendung	neg 1.0		__DUMMY__ 0.4685649011957303 off 0.2680544531252917 neg 0.2633806456789781	false	0.5
schmerzvoll	neg 1.0		__DUMMY__ 0.4663704882752854 off 0.2753887188213888 neg 0.2582407929033258	false	0.5
vorzeitig	neg 1.0		__DUMMY__ 0.466369707361088 off 0.2767952588299277 neg 0.2568350338089843	false	0.5
unvollkommenheit	neg 1.0		__DUMMY__ 0.47123263308786845 off 0.2711444663087187 neg 0.25762290060341286	false	0.5
intervenieren	neg 1.0		__DUMMY__ 0.4679375776143526 off 0.267556038027939 neg 0.26450638435770846	false	0.5
banause	off 1.0		__DUMMY__ 0.4556812808241671 off 0.28917844139022764 neg 0.2551402777856051	false	1.0
rebell	neg 1.0		__DUMMY__ 0.47039260284825263 neg 0.26567325213497084 off 0.26393414501677664	false	1.0
unlogisch	neg 1.0		__DUMMY__ 0.4611240811889239 off 0.2822066119405612 neg 0.25666930687051487	false	0.5
leiden	neg 1.0		__DUMMY__ 0.4704769539494497 off 0.2674341477573785 neg 0.26208889829317183	false	0.5
abschaffung	neg 1.0		__DUMMY__ 0.46662883224882773 off 0.2734497109913651 neg 0.25992145675980727	false	0.5
sturz	neg 1.0		__DUMMY__ 0.46918900896285093 off 0.27421890867773235 neg 0.2565920823594166	false	0.5
verkleinerung	neg 1.0		__DUMMY__ 0.4632235361743159 off 0.27566732090605905 neg 0.261109142919625	false	0.5
schmarotzer	off 1.0		__DUMMY__ 0.4649505565501652 off 0.2700063314016904 neg 0.26504311204814446	false	1.0
bestrafung	neg 1.0		__DUMMY__ 0.46666144857493175 off 0.2745439586707143 neg 0.25879459275435385	false	0.5
achtlos	neg 1.0	neg 1.0	neg 0.617327840760832 __DUMMY__ 0.22777731439338703 off 0.1548948448457809	false	1.0
ungeheuer	neg 1.0		__DUMMY__ 0.46738426534383926 off 0.27678810492257394 neg 0.25582762973358675	false	0.5
unaufrichtig	neg 1.0		__DUMMY__ 0.4673273252629641 off 0.27750818291369594 neg 0.25516449182333983	false	0.5
groggy	neg 1.0		__DUMMY__ 0.4662303892843024 off 0.2770876029756042 neg 0.2566820077400934	false	0.5
verletzlich	neg 1.0		__DUMMY__ 0.46242738295224706 off 0.28007521432413673 neg 0.2574974027236162	false	0.5
ablehnen	neg 1.0		__DUMMY__ 0.46706792831919536 off 0.2694074819272957 neg 0.2635245897535089	false	0.5
