unsolidarisch	neg 1.0		off 0.34241460914029137 neg 0.33184082477716836 __DUMMY__ 0.3257445660825402	false	0.5
nachteilig	neg 1.0		off 0.33898567817459613 neg 0.3324227685571877 __DUMMY__ 0.32859155326821615	false	0.5
skeptisch	neg 1.0		off 0.3386242801289015 neg 0.3322993804304529 __DUMMY__ 0.3290763394406456	false	0.5
schrecklich	neg 1.0		off 0.35481796786030145 __DUMMY__ 0.3245095188319886 neg 0.32067251330770996	false	0.5
schlapp	neg 1.0		off 0.3507838755143014 __DUMMY__ 0.32624811886112026 neg 0.3229680056245785	false	0.5
abfall	neg 1.0		off 0.33541129208472165 neg 0.3335281816330265 __DUMMY__ 0.33106052628225174	false	0.5
widerspenstig	neg 1.0		off 0.3448527379216628 __DUMMY__ 0.3278920243786612 neg 0.327255237699676	false	0.5
abrupt	neg 1.0		off 0.34122587959405104 __DUMMY__ 0.33082468888708944 neg 0.3279494315188594	false	0.5
unwirksam	neg 1.0		off 0.3423139616414932 neg 0.3322119818785704 __DUMMY__ 0.32547405647993627	false	0.5
angreifen	neg 1.0		off 0.3383112135567769 neg 0.33288010197233736 __DUMMY__ 0.32880868447088585	false	0.5
inkonsistent	neg 1.0		off 0.3445242345793312 neg 0.3292194100163862 __DUMMY__ 0.3262563554042827	false	0.5
abrutschen	neg 1.0		off 0.3354655087751616 neg 0.33425705274622874 __DUMMY__ 0.33027743847860963	false	0.5
unsicher	neg 1.0		off 0.3447576648606707 __DUMMY__ 0.32843133877622677 neg 0.32681099636310246	false	0.5
bauernkind	off 1.0	off 1.0	off 0.6646343252462017 neg 0.1814554054219126 __DUMMY__ 0.15391026933188565	false	1.0
angreifer	neg 1.0	neg 1.0	neg 0.6488327101877583 off 0.19216853034563422 __DUMMY__ 0.15899875946660738	false	1.0
trennen	neg 1.0		off 0.339666810958904 __DUMMY__ 0.3308892137109121 neg 0.32944397533018394	false	0.5
schmutz	neg 1.0		off 0.34819197161431026 __DUMMY__ 0.3297213974579948 neg 0.32208663092769496	false	0.5
inkonsistenz	neg 1.0		off 0.3479614942425401 neg 0.32901000761187615 __DUMMY__ 0.32302849814558376	false	0.5
erschreckend	neg 1.0		off 0.3429045373661787 neg 0.32980748819823474 __DUMMY__ 0.3272879744355866	false	0.5
ertrinken	neg 1.0		off 0.3396259319168046 neg 0.3307741740776724 __DUMMY__ 0.329599894005523	false	0.5
pickelface	off 1.0		off 0.34379812065017085 __DUMMY__ 0.32862156962321143 neg 0.3275803097266177	false	1.0
seiner			off 0.3393532881689151 neg 0.33121942157553036 __DUMMY__ 0.3294272902555546	false	0.0
lauch	neg 1.0		off 0.33703832923059607 neg 0.33166490692818995 __DUMMY__ 0.331296763841214	false	0.5
unwichtig	neg 1.0		off 0.34891160216871986 neg 0.32623265865948825 __DUMMY__ 0.3248557391717919	false	0.5
steuerhinterziehung	neg 1.0	neg 1.0	neg 0.6529591880716796 off 0.188504994867423 __DUMMY__ 0.1585358170608972	false	1.0
schock	neg 1.0		off 0.34415766849706414 __DUMMY__ 0.32897849060585493 neg 0.3268638408970808	false	0.5
beule	neg 1.0		off 0.35137663827189375 __DUMMY__ 0.32528948295105636 neg 0.32333387877704983	false	0.5
vergelten	neg 1.0		off 0.3547480881395795 __DUMMY__ 0.3265243088352054 neg 0.3187276030252153	false	0.5
verdorbenheit	neg 1.0		off 0.34683302752782785 __DUMMY__ 0.32964479270923147 neg 0.3235221797629406	false	0.5
trauma	neg 1.0		off 0.345571537299451 __DUMMY__ 0.3276218896013074 neg 0.32680657309924166	false	0.5
sinnlos	neg 1.0		off 0.34687263662477413 __DUMMY__ 0.3270165758648576 neg 0.3261107875103683	false	0.5
fettsack	off 1.0	off 1.0	off 0.6660681586049847 neg 0.17927325090069132 __DUMMY__ 0.15465859049432393	false	1.0
feige	off 1.0	off 1.0	off 0.6628814700872362 neg 0.18083815507346848 __DUMMY__ 0.1562803748392953	false	1.0
abdanken	neg 1.0		off 0.34389433464148217 __DUMMY__ 0.32835960732789404 neg 0.3277460580306237	false	0.5
wichtigtuer	off 1.0	off 1.0	off 0.6615550223043835 neg 0.18139044225451995 __DUMMY__ 0.15705453544109652	false	1.0
misslingen	neg 1.0		off 0.34752755829918097 __DUMMY__ 0.33083578225418964 neg 0.32163665944662934	false	0.5
untreu	off 1.0		off 0.35021427655548526 __DUMMY__ 0.3255171740781251 neg 0.3242685493663897	false	1.0
missmutig	neg 1.0		off 0.34999448092794805 __DUMMY__ 0.3264669250643064 neg 0.3235385940077455	false	0.5
hurenbock	off 1.0		off 0.3475715166943596 __DUMMY__ 0.3283151288523093 neg 0.3241133544533312	false	1.0
betrunken	neg 1.0		off 0.3526247119791261 __DUMMY__ 0.32561273500174287 neg 0.32176255301913087	false	0.5
korrupt	off 1.0		off 0.3398086301025436 neg 0.3338104354647626 __DUMMY__ 0.3263809344326938	false	1.0
unmut	neg 1.0		off 0.33587281724341883 neg 0.3334906131330314 __DUMMY__ 0.3306365696235498	false	0.5
hackfresse	off 1.0		off 0.3579765774939946 __DUMMY__ 0.3222379598610824 neg 0.319785462644923	false	1.0
aufblasen	neg 1.0		off 0.3470582551200326 __DUMMY__ 0.3278424811028624 neg 0.32509926377710496	false	0.5
gewaltsam	neg 1.0		off 0.3434137741072087 __DUMMY__ 0.3290919985392989 neg 0.32749422735349226	false	0.5
unbeliebtheit	neg 1.0		off 0.34772711608579954 neg 0.32741713846605375 __DUMMY__ 0.32485574544814677	false	0.5
sturheit	neg 1.0		off 0.34220178353925995 neg 0.3303382282497529 __DUMMY__ 0.327459988210987	false	0.5
kuh	neg 1.0		off 0.3450463091967656 neg 0.33084626155061414 __DUMMY__ 0.32410742925262026	false	0.5
erschrecken	neg 1.0		off 0.3500272092313268 __DUMMY__ 0.32704684783057136 neg 0.3229259429381018	false	0.5
opfer	neg 1.0		off 0.3404890439345619 neg 0.3305212267890371 __DUMMY__ 0.3289897292764009	false	0.5
sinken	neg 1.0		off 0.33701060504590646 neg 0.33206035878413565 __DUMMY__ 0.3309290361699579	false	0.5
stinktier	neg 1.0		off 0.3527200454339477 neg 0.32668422508594275 __DUMMY__ 0.3205957294801096	false	0.5
tucke	off 1.0		off 0.3582805436457529 neg 0.3210783933689902 __DUMMY__ 0.3206410629852571	false	1.0
ein			off 0.34603845640184056 __DUMMY__ 0.3278613979062203 neg 0.3261001456919391	false	0.0
abstieg	neg 1.0		off 0.33990792351546356 neg 0.33008977302080944 __DUMMY__ 0.33000230346372694	false	0.5
missverstehen	neg 1.0		off 0.34634141179872147 neg 0.32866825827433627 __DUMMY__ 0.3249903299269423	false	0.5
ergebnislos	neg 1.0		off 0.33951388187920056 neg 0.3304112105058237 __DUMMY__ 0.3300749076149757	false	0.5
unter			neg 0.33410225408550503 __DUMMY__ 0.33393774276960064 off 0.3319600031448944	false	0.0
manipulieren	neg 1.0		off 0.33841542951449416 neg 0.33205759445186434 __DUMMY__ 0.3295269760336414	false	0.5
unbewiesen	neg 1.0		off 0.34182007359553496 neg 0.33309286845683594 __DUMMY__ 0.32508705794762915	false	0.5
verschleppen	neg 1.0		off 0.3404310025672264 neg 0.33118662105176905 __DUMMY__ 0.32838237638100437	false	0.5
weib	off 1.0		off 0.3570997911674513 neg 0.3229732512476823 __DUMMY__ 0.31992695758486656	false	1.0
opposition	neg 1.0		off 0.3454567164282756 neg 0.3281811026921982 __DUMMY__ 0.3263621808795262	false	0.5
verkehrswidrig	neg 1.0		off 0.3566882407909878 __DUMMY__ 0.3270135379835048 neg 0.31629822122550744	false	0.5
inkorrekt	neg 1.0		off 0.35239882395897026 neg 0.32472030579811684 __DUMMY__ 0.322880870242913	false	0.5
vermeiden	neg 1.0	neg 1.0	neg 0.6543299125305101 off 0.18501777084035623 __DUMMY__ 0.16065231662913373	false	1.0
abweichung	neg 1.0		off 0.3400601772113032 neg 0.3313383174832327 __DUMMY__ 0.32860150530546417	false	0.5
alkoholisiert	neg 1.0		off 0.3401528155276768 __DUMMY__ 0.3300922323193613 neg 0.32975495215296186	false	0.5
scheiss	off 1.0	off 1.0	off 0.6637068163356106 neg 0.17955838124363907 __DUMMY__ 0.15673480242075039	false	1.0
herausforderung	neg 1.0		off 0.33882461329920116 neg 0.33175714932490474 __DUMMY__ 0.32941823737589404	false	0.5
pervers	off 1.0		off 0.3613882328016083 __DUMMY__ 0.32057945209196775 neg 0.3180323151064239	false	1.0
wackelig	neg 1.0		off 0.3439274563440081 __DUMMY__ 0.3305593898884115 neg 0.3255131537675805	false	0.5
verwickeln	neg 1.0		off 0.34574719914736995 neg 0.3290448923958538 __DUMMY__ 0.32520790845677616	false	0.5
vorwand	neg 1.0		off 0.33780923621994113 neg 0.3332080195764022 __DUMMY__ 0.32898274420365653	false	0.5
muschi	off 1.0		off 0.34395553125519823 __DUMMY__ 0.3285819489152101 neg 0.3274625198295918	false	1.0
entmutigung	neg 1.0		off 0.34558387086551934 __DUMMY__ 0.3272315761403727 neg 0.3271845529941078	false	0.5
unangemessen	neg 1.0		off 0.34111608435373963 neg 0.3323422736103656 __DUMMY__ 0.32654164203589475	false	0.5
unstetig	neg 1.0		off 0.34779837561585686 __DUMMY__ 0.327267538275492 neg 0.3249340861086511	false	0.5
entmutigen	neg 1.0		off 0.3452846265844533 neg 0.32745447709292214 __DUMMY__ 0.32726089632262456	false	0.5
schwanz	neg 1.0		off 0.3411836349135567 neg 0.3294519467037066 __DUMMY__ 0.32936441838273667	false	0.5
verbot	neg 1.0		off 0.34078627549221535 neg 0.3309882031635336 __DUMMY__ 0.3282255213442509	false	0.5
leid	neg 1.0		off 0.3556938326613833 __DUMMY__ 0.32280517415951765 neg 0.3215009931790991	false	0.5
archaisch	neg 1.0		off 0.3425626038527616 neg 0.32959792939765126 __DUMMY__ 0.3278394667495872	false	0.5
gegen			off 0.33707525483730444 neg 0.33199705720819106 __DUMMY__ 0.33092768795450433	false	0.0
scheidung	neg 1.0		off 0.36853603418183745 __DUMMY__ 0.32230436382750416 neg 0.30915960199065834	false	0.5
einschlag	neg 1.0		off 0.35336744503637546 __DUMMY__ 0.32488635974123675 neg 0.3217461952223878	false	0.5
m			off 0.3424872802217289 __DUMMY__ 0.32940541245308047 neg 0.32810730732519067	false	0.0
abgestanden	neg 1.0		off 0.34465818727141445 neg 0.3285811859174074 __DUMMY__ 0.3267606268111781	false	0.5
schmierig	off 1.0		off 0.3556736532902758 __DUMMY__ 0.32403681908710286 neg 0.3202895276226214	false	1.0
unpraktisch	neg 1.0		off 0.3466047026408727 __DUMMY__ 0.3276869279087805 neg 0.3257083694503469	false	0.5
wixxer	off 1.0		off 0.36070023286527114 neg 0.31988737046173743 __DUMMY__ 0.3194123966729913	false	1.0
bezeichnet			off 0.3432502796907434 neg 0.3305136377256089 __DUMMY__ 0.32623608258364767	false	0.0
jammerlappen	off 1.0		off 0.3503145008805549 __DUMMY__ 0.3264617114922166 neg 0.3232237876272285	false	1.0
farce	neg 1.0		off 0.3419702281633843 neg 0.3301412053300914 __DUMMY__ 0.32788856650652437	false	0.5
zwecklos	neg 1.0		off 0.341335391850838 neg 0.3312918308223737 __DUMMY__ 0.32737277732678827	false	0.5
turbulent	neg 1.0		off 0.35084524313994286 neg 0.32463989376540425 __DUMMY__ 0.3245148630946529	false	0.5
invasion	neg 1.0		off 0.3465526304961613 __DUMMY__ 0.32692048454836614 neg 0.3265268849554725	false	0.5
schuld	neg 1.0		off 0.3448827994245153 neg 0.32867616916307185 __DUMMY__ 0.32644103141241276	false	0.5
risiko	neg 1.0	neg 1.0	neg 0.649618430677627 off 0.1914958413642063 __DUMMY__ 0.15888572795816672	false	1.0
finster	neg 1.0		off 0.3451399448851355 neg 0.3286669625437741 __DUMMY__ 0.3261930925710905	false	0.5
geisteskrank	off 1.0		off 0.350064139124724 neg 0.32683423866190725 __DUMMY__ 0.32310162221336874	false	1.0
zusammenbrechen	neg 1.0		off 0.34228831623676803 neg 0.32937099812796267 __DUMMY__ 0.3283406856352693	false	0.5
ausbeute	neg 1.0		off 0.3438651766427691 __DUMMY__ 0.3329924981300314 neg 0.32314232522719954	false	0.5
hinterhalt	neg 1.0		off 0.345741814284243 __DUMMY__ 0.3321948180072052 neg 0.32206336770855176	false	0.5
kritik	neg 1.0		off 0.34150272117698244 neg 0.3308267247940542 __DUMMY__ 0.3276705540289633	false	0.5
einschrumpfen	neg 1.0		off 0.34811283402327514 neg 0.32651492224758366 __DUMMY__ 0.32537224372914114	false	0.5
riskant	neg 1.0		off 0.33866389460012797 neg 0.3331616479534995 __DUMMY__ 0.3281744574463725	false	0.5
frustrieren	neg 1.0		off 0.33999595275074934 neg 0.3317262812288114 __DUMMY__ 0.32827776602043934	false	0.5
groll	neg 1.0		off 0.34076485754186137 neg 0.3317642589021319 __DUMMY__ 0.3274708835560066	false	0.5
gibt			off 0.3425330995547236 neg 0.3289321745407181 __DUMMY__ 0.32853472590455834	false	0.0
qualvoll	neg 1.0		off 0.34824360085321515 __DUMMY__ 0.3270615446966286 neg 0.3246948544501563	false	0.5
wackeln	neg 1.0		off 0.346628209964103 __DUMMY__ 0.32897383907071337 neg 0.32439795096518365	false	0.5
klagen	neg 1.0		off 0.3362613778241521 neg 0.3339036032210229 __DUMMY__ 0.3298350189548249	false	0.5
bankrott	neg 1.0		off 0.35001417472295754 __DUMMY__ 0.3271541773421318 neg 0.3228316479349107	false	0.5
trauern	neg 1.0		off 0.3411499690754518 __DUMMY__ 0.3304938158411418 neg 0.3283562150834064	false	0.5
ablehnung	neg 1.0		off 0.3410665712758011 neg 0.3313012253635135 __DUMMY__ 0.32763220336068544	false	0.5
stur	neg 1.0		off 0.3452534045573891 neg 0.3281754047089434 __DUMMY__ 0.32657119073366747	false	0.5
aufruhr	neg 1.0		off 0.3434866485578986 __DUMMY__ 0.32854388443052934 neg 0.32796946701157204	false	0.5
melancholie	neg 1.0		off 0.3417271870926579 __DUMMY__ 0.3296102350847862 neg 0.32866257782255603	false	0.5
ist			off 0.3467134677203829 __DUMMY__ 0.32720742302353495 neg 0.32607910925608224	false	0.0
torheit	neg 1.0		off 0.3445695830376294 neg 0.3279742013109138 __DUMMY__ 0.3274562156514566	false	0.5
dreckskind	off 1.0		off 0.35574666443986264 neg 0.32303782857215013 __DUMMY__ 0.3212155069879871	false	1.0
umtauschen	neg 1.0		off 0.3445376563774352 __DUMMY__ 0.3283157117895741 neg 0.3271466318329907	false	0.5
zum			off 0.3366849542891555 __DUMMY__ 0.33414261862243283 neg 0.32917242708841166	false	0.0
zersetzen	neg 1.0		off 0.3376276224487423 neg 0.33409934952234854 __DUMMY__ 0.32827302802890934	false	0.5
zur			off 0.33470246223199185 __DUMMY__ 0.3328632113434806 neg 0.3324343264245277	false	0.0
frust	neg 1.0		off 0.3425273396970295 neg 0.3288078701942564 __DUMMY__ 0.32866479010871397	false	0.5
unerbittlichkeit	neg 1.0		off 0.33826809102584277 neg 0.33264612681924155 __DUMMY__ 0.3290857821549157	false	0.5
zwei			off 0.33754099580953023 __DUMMY__ 0.333310575028863 neg 0.32914842916160675	false	0.0
unkorrekt	neg 1.0		off 0.3528778914323172 __DUMMY__ 0.32405137777228565 neg 0.32307073079539705	false	0.5
hexe	off 1.0		off 0.34895301618309715 neg 0.3269011811541576 __DUMMY__ 0.3241458026627453	false	1.0
lasch	neg 1.0		off 0.34763942385429747 neg 0.3274358601545014 __DUMMY__ 0.3249247159912011	false	0.5
rivale	neg 1.0		off 0.35228394048038736 __DUMMY__ 0.32480754666966155 neg 0.322908512849951	false	0.5
mutlos	off 1.0	off 1.0	off 0.6572273605540654 neg 0.18439032726216323 __DUMMY__ 0.15838231218377138	false	1.0
wirr	off 1.0		off 0.35311003650754685 neg 0.32396556853989156 __DUMMY__ 0.32292439495256176	false	1.0
jahr			off 0.3413117037467735 __DUMMY__ 0.33368261063413585 neg 0.32500568561909055	false	0.0
wird			off 0.341080714682941 neg 0.330288755486065 __DUMMY__ 0.32863052983099383	false	0.0
strafbar	neg 1.0		off 0.3391629170930159 neg 0.3327831989615508 __DUMMY__ 0.3280538839454334	false	0.5
erosion	neg 1.0		off 0.3453991581784648 __DUMMY__ 0.3289052566779883 neg 0.3256955851435469	false	0.5
eingehen	neg 1.0		off 0.33945661379195174 neg 0.332515489883474 __DUMMY__ 0.3280278963245742	false	0.5
faul	off 1.0		off 0.3499685626968091 __DUMMY__ 0.32705648038064217 neg 0.32297495692254874	false	1.0
provisorium	neg 1.0		__DUMMY__ 0.33450590298309 off 0.33323959920052937 neg 0.3322544978163807	false	0.5
schmerzen	neg 1.0		off 0.34266984919267957 neg 0.330080536769507 __DUMMY__ 0.3272496140378135	false	0.5
schrumpfen	neg 1.0		neg 0.3362501577406774 off 0.3332444539318108 __DUMMY__ 0.3305053883275118	false	1.0
geistlos	off 1.0		off 0.3454558960386284 neg 0.33021909312214703 __DUMMY__ 0.32432501083922455	false	1.0
fehlkauf	neg 1.0		off 0.3469807877779897 __DUMMY__ 0.3276987954822268 neg 0.3253204167397835	false	0.5
frustrierend	neg 1.0		off 0.34863750401791876 __DUMMY__ 0.3261450508671454 neg 0.32521744511493583	false	0.5
unzufrieden	neg 1.0		off 0.34087865091819186 neg 0.3317544793956924 __DUMMY__ 0.32736686968611567	false	0.5
verzweifeln	neg 1.0		off 0.34315149049487037 neg 0.3289571020762484 __DUMMY__ 0.3278914074288813	false	0.5
verzweifelt	neg 1.0	neg 1.0	neg 0.6521842966066318 off 0.19050705798040085 __DUMMY__ 0.1573086454129673	false	1.0
misstrauensantrag	neg 1.0		off 0.34684120282933745 __DUMMY__ 0.32696613201486735 neg 0.3261926651557951	false	0.5
abfallen	neg 1.0		off 0.34648506323172834 __DUMMY__ 0.3286853710140844 neg 0.3248295657541873	false	0.5
fucker	off 1.0		off 0.35359876921042116 __DUMMY__ 0.32556806654053716 neg 0.32083316424904174	false	1.0
ungezogen	neg 1.0		off 0.3606648334991401 __DUMMY__ 0.3212196520053385 neg 0.3181155144955215	false	0.5
irrsinnig	neg 1.0	neg 1.0	neg 0.6517945712393548 off 0.19066817496871963 __DUMMY__ 0.15753725379192549	false	1.0
unfassbar	neg 1.0		off 0.3515756055068464 __DUMMY__ 0.3259834965707513 neg 0.3224408979224023	false	0.5
hart	neg 1.0		off 0.3506656195266396 __DUMMY__ 0.32553635846849754 neg 0.3237980220048628	false	0.5
widerlich	off 1.0		off 0.3508802245202385 neg 0.32505242683603947 __DUMMY__ 0.3240673486437219	false	1.0
fatal	neg 1.0		off 0.34711480569582354 __DUMMY__ 0.32707321477710094 neg 0.3258119795270756	false	0.5
bruch	neg 1.0		off 0.3372640851392462 neg 0.33230710403153657 __DUMMY__ 0.3304288108292173	false	0.5
aushungern	neg 1.0		off 0.3422532783111017 neg 0.32917448179684206 __DUMMY__ 0.32857223989205636	false	0.5
anspannung	neg 1.0		off 0.33621569518716676 __DUMMY__ 0.3334761679196681 neg 0.33030813689316507	false	0.5
von			off 0.3419922109075834 __DUMMY__ 0.334503712500613 neg 0.3235040765918037	false	0.0
kraftlos	neg 1.0		off 0.3423421502325196 __DUMMY__ 0.32923443869483665 neg 0.3284234110726438	false	0.5
vom			__DUMMY__ 0.3354399884594788 off 0.3347099063731132 neg 0.32985010516740815	false	0.0
grenzdebil	off 1.0		off 0.3520500107318346 __DUMMY__ 0.32596106123758145 neg 0.32198892803058404	false	1.0
vor			off 0.33868981985442353 __DUMMY__ 0.3311125535221875 neg 0.330197626623389	false	0.0
unterwerfen	neg 1.0		off 0.3401878836479206 neg 0.3311095265861837 __DUMMY__ 0.3287025897658958	false	0.5
versenkung	neg 1.0		off 0.34126977505960254 __DUMMY__ 0.32989730290078295 neg 0.32883292203961445	false	0.5
entziehen	neg 1.0		off 0.33688019212434117 neg 0.333371700467656 __DUMMY__ 0.329748107408003	false	0.5
finanzkrise	neg 1.0		off 0.3424074335305923 neg 0.33038821352672354 __DUMMY__ 0.3272043529426842	false	0.5
schimpfend	neg 1.0		off 0.3467782594413759 __DUMMY__ 0.3271015555682795 neg 0.32612018499034456	false	0.5
profan	neg 1.0		off 0.3470829392728504 neg 0.32666861921377854 __DUMMY__ 0.32624844151337096	false	0.5
korruption	neg 1.0		off 0.34058560700760115 neg 0.3310619952879812 __DUMMY__ 0.32835239770441765	false	0.5
â			off 0.3421865169664998 __DUMMY__ 0.32992047740848357 neg 0.3278930056250166	false	0.0
schmutzig	neg 1.0		off 0.3528922494220107 __DUMMY__ 0.32624512611052575 neg 0.3208626244674635	false	0.5
sexy	neg 1.0		off 0.34912290513099736 __DUMMY__ 0.3272274543205648 neg 0.32364964054843764	false	0.5
abraten	neg 1.0		off 0.34682808123083525 __DUMMY__ 0.3271050599638178 neg 0.32606685880534697	false	0.5
schwarz	neg 1.0		off 0.3462477549420035 __DUMMY__ 0.32719371305278533 neg 0.3265585320052111	false	0.5
fotze	off 1.0	off 1.0	off 0.6593446091799842 neg 0.18144833638772 __DUMMY__ 0.1592070544322957	false	1.0
verwirren	neg 1.0		off 0.3478250370674801 __DUMMY__ 0.32643133859904844 neg 0.3257436243334714	false	0.5
zahnlos	off 1.0		off 0.3422072939835321 neg 0.33015694341572555 __DUMMY__ 0.32763576260074245	false	1.0
verheeren	neg 1.0		off 0.3627404133193631 __DUMMY__ 0.3217714810067234 neg 0.31548810567391344	false	0.5
hippie	neg 1.0		off 0.34863116168234026 __DUMMY__ 0.32724200999295106 neg 0.3241268283247087	false	0.5
rammen	neg 1.0		off 0.34555338338877906 neg 0.32806532122130805 __DUMMY__ 0.32638129538991284	false	0.5
unlauter	neg 1.0		off 0.344263886315532 neg 0.32988966276520243 __DUMMY__ 0.32584645091926545	false	0.5
unheilvoll	neg 1.0		off 0.34704313424365835 __DUMMY__ 0.3276425776767874 neg 0.3253142880795541	false	0.5
niedrig	neg 1.0		off 0.3381009122601115 neg 0.33395975534370376 __DUMMY__ 0.32793933239618483	false	0.5
explosion	neg 1.0		off 0.3476676912618368 __DUMMY__ 0.3268765671699648 neg 0.3254557415681984	false	0.5
weichei	off 1.0	off 1.0	off 0.6668538722563957 neg 0.17777252764249618 __DUMMY__ 0.1553736001011081	false	1.0
minusmensch	off 1.0		off 0.3582856907243559 neg 0.32119784209144486 __DUMMY__ 0.32051646718419924	false	1.0
farblos	neg 1.0		off 0.344563931936853 __DUMMY__ 0.3284510276709002 neg 0.326985040392247	false	0.5
unwissend	neg 1.0	neg 1.0	neg 0.6502502419338089 off 0.19304910392765873 __DUMMY__ 0.15670065413853246	false	1.0
traurig	neg 1.0		off 0.3542113300286034 __DUMMY__ 0.32505175552922694 neg 0.3207369144421697	false	0.5
senkung	neg 1.0		off 0.3464434011900944 neg 0.32805539439099096 __DUMMY__ 0.32550120441891467	false	0.5
ungleich	neg 1.0	neg 1.0	neg 0.6546327005029994 off 0.18687110224252787 __DUMMY__ 0.15849619725447286	false	1.0
heikel	neg 1.0		off 0.33862426755117714 neg 0.3332155050099906 __DUMMY__ 0.3281602274388324	false	0.5
drosselung	neg 1.0		off 0.3514397924838781 __DUMMY__ 0.3254312290318435 neg 0.3231289784842783	false	0.5
falsch	neg 1.0		off 0.3485220854697753 neg 0.32586373301740634 __DUMMY__ 0.32561418151281835	false	0.5
unzufriedenheit	neg 1.0		off 0.3375560986319218 neg 0.33307159285986343 __DUMMY__ 0.3293723085082147	false	0.5
kurz	neg 1.0		off 0.3442356437870371 __DUMMY__ 0.33001031476242687 neg 0.32575404145053594	false	0.5
unsinnig	neg 1.0		off 0.3418068179569468 neg 0.33138953197523613 __DUMMY__ 0.32680365006781714	false	0.5
penner	off 1.0	off 1.0	off 0.6679204238973029 neg 0.17679843263570566 __DUMMY__ 0.1552811434669914	false	1.0
seicht	neg 1.0		off 0.3591079155211943 neg 0.3205966356760315 __DUMMY__ 0.32029544880277416	false	0.5
dummheit	off 1.0	off 1.0	off 0.6616928067857555 neg 0.18138260690628955 __DUMMY__ 0.15692458630795483	false	1.0
unerfreulich	neg 1.0		off 0.3384457448274376 neg 0.3322403114889972 __DUMMY__ 0.32931394368356515	false	0.5
motherfucker	off 1.0	off 1.0	off 0.6648841235878893 neg 0.17818174148102892 __DUMMY__ 0.15693413493108171	false	1.0
pikiert	neg 1.0		off 0.3504042278389572 neg 0.32482732115370505 __DUMMY__ 0.3247684510073379	false	0.5
wrack	neg 1.0		off 0.34292820806353824 __DUMMY__ 0.3296741143554863 neg 0.3273976775809754	false	0.5
gangster	neg 1.0		off 0.3486567014362484 __DUMMY__ 0.3271660308561562 neg 0.3241772677075955	false	0.5
krank	neg 1.0		off 0.35220329963691166 __DUMMY__ 0.326122205175709 neg 0.3216744951873793	false	0.5
reich	neg 1.0		off 0.3513675372074495 __DUMMY__ 0.3271303968831669 neg 0.3215020659093836	false	0.5
gnadenlos	neg 1.0		off 0.3453732035487265 neg 0.32772936627414384 __DUMMY__ 0.3268974301771295	false	0.5
niedergeschlagen	neg 1.0		off 0.3432665587848718 __DUMMY__ 0.32871645194123383 neg 0.3280169892738944	false	0.5
terrorisieren	off 1.0	off 1.0	off 0.6579503140537196 neg 0.18300737857453064 __DUMMY__ 0.15904230737174962	false	1.0
sinnlosigkeit	neg 1.0		off 0.341772565015551 neg 0.3303044309414607 __DUMMY__ 0.3279230040429883	false	0.5
behindern	neg 1.0		off 0.3439409980382045 __DUMMY__ 0.32839686940283225 neg 0.3276621325589633	false	0.5
undemokratisch	neg 1.0		off 0.3450021640829104 neg 0.32804736906989934 __DUMMY__ 0.32695046684719026	false	0.5
wirtschaftskrise	neg 1.0		off 0.3401970838737517 neg 0.3316579431202883 __DUMMY__ 0.32814497300595996	false	0.5
neid	neg 1.0		off 0.349589636296082 __DUMMY__ 0.32711714491786 neg 0.3232932187860582	false	0.5
rutschen	neg 1.0		off 0.3376410529911199 __DUMMY__ 0.33362477096326293 neg 0.32873417604561717	false	0.5
rezession	neg 1.0		off 0.351610748476468 neg 0.3269725748966899 __DUMMY__ 0.3214166766268421	false	0.5
fehlgeburt	neg 1.0		off 0.3470637156699095 __DUMMY__ 0.3278668020767247 neg 0.32506948225336574	false	0.5
charakterschwach	off 1.0		off 0.35064915650628165 neg 0.32520701098950877 __DUMMY__ 0.32414383250420964	false	1.0
isolation	neg 1.0		off 0.34877528242557426 __DUMMY__ 0.32670870969652016 neg 0.3245160078779055	false	0.5
ablenkung	neg 1.0		off 0.34514183885636857 __DUMMY__ 0.32843083025607256 neg 0.3264273308875588	false	0.5
pech	neg 1.0		off 0.3486752824839807 __DUMMY__ 0.32628532572667185 neg 0.3250393917893474	false	0.5
vermeidung	neg 1.0		off 0.3519450399172929 __DUMMY__ 0.3258366449478494 neg 0.32221831513485766	false	0.5
dominieren	neg 1.0		off 0.34072121364270413 __DUMMY__ 0.3296746481357508 neg 0.32960413822154505	false	0.5
schwindlig	neg 1.0		off 0.3478803527111479 __DUMMY__ 0.32793685447593596 neg 0.32418279281291607	false	0.5
lutscher	neg 1.0		off 0.3600946833532233 __DUMMY__ 0.32068810325400976 neg 0.31921721339276693	false	0.5
pflicht	neg 1.0		off 0.33763733596366063 neg 0.33344661781029766 __DUMMY__ 0.3289160462260418	false	0.5
faschist	off 1.0		off 0.3481055827401282 __DUMMY__ 0.3265147271515282 neg 0.32537969010834356	false	1.0
verschleudern	neg 1.0		off 0.3385388166042468 neg 0.3331984524667098 __DUMMY__ 0.3282627309290433	false	0.5
wenn			off 0.34908486354551727 __DUMMY__ 0.3260492681485875 neg 0.3248658683058953	false	0.0
ehebruch	neg 1.0		off 0.3407116598786725 neg 0.33068595252263977 __DUMMY__ 0.3286023875986876	false	0.5
spott	off 1.0		off 0.33987683119131296 neg 0.33173237070332756 __DUMMY__ 0.3283907981053596	false	1.0
trostlosigkeit	neg 1.0		off 0.338479413894617 __DUMMY__ 0.3307858956340818 neg 0.33073469047130133	false	0.5
lutschen	neg 1.0		off 0.34821009277418646 neg 0.3259556926129752 __DUMMY__ 0.32583421461283824	false	0.5
undiszipliniert	neg 1.0		off 0.35293691096613655 __DUMMY__ 0.3243997611303976 neg 0.32266332790346586	false	0.5
kopfschmerz	neg 1.0		off 0.3417005294478325 neg 0.3305724035477657 __DUMMY__ 0.32772706700440174	false	0.5
unvorhergesehen	neg 1.0		off 0.34118560601502973 __DUMMY__ 0.3316527266267792 neg 0.327161667358191	false	0.5
desinteressiert	neg 1.0	neg 1.0	neg 0.6488669032037098 off 0.19466792592995996 __DUMMY__ 0.15646517086633024	false	1.0
armselig	off 1.0		off 0.3527348371460007 neg 0.3242043644422397 __DUMMY__ 0.32306079841175966	false	1.0
desaster	neg 1.0		off 0.3362450379042561 neg 0.33354679714394053 __DUMMY__ 0.3302081649518034	false	0.5
tod	neg 1.0		off 0.3430034475156037 __DUMMY__ 0.3308737463615468 neg 0.3261228061228496	false	0.5
herzlos	neg 1.0		off 0.3534911808410782 __DUMMY__ 0.32405457582906433 neg 0.32245424332985734	false	0.5
unwissenheit	neg 1.0		off 0.3411607556147939 neg 0.3310871226587763 __DUMMY__ 0.3277521217264297	false	0.5
widersinnig	neg 1.0		off 0.33985501495426934 neg 0.3340602477902759 __DUMMY__ 0.3260847372554547	false	0.5
bedenklich	neg 1.0		off 0.33989688882360636 neg 0.3323560951679671 __DUMMY__ 0.32774701600842665	false	0.5
beanstanden	neg 1.0		off 0.33743369717503374 neg 0.33330175587855804 __DUMMY__ 0.3292645469464083	false	0.5
panisch	neg 1.0	neg 1.0	neg 0.6484411609761926 off 0.19267971224329183 __DUMMY__ 0.15887912678051558	false	1.0
debil	off 1.0		off 0.3334632778602656 __DUMMY__ 0.3333529623377908 neg 0.33318375980194354	false	1.0
abstrich	neg 1.0		off 0.3462769586766115 __DUMMY__ 0.3314666070324275 neg 0.3222564342909611	false	0.5
primitiv	neg 1.0		off 0.35090125056740534 neg 0.32531521300375354 __DUMMY__ 0.3237835364288411	false	0.5
abschaum	off 1.0	off 1.0	off 0.6633320918041641 neg 0.17990636732421397 __DUMMY__ 0.15676154087162195	false	1.0
provozieren	neg 1.0		off 0.3443354634064878 neg 0.32971263194372336 __DUMMY__ 0.3259519046497889	false	0.5
tot	neg 1.0		off 0.3414523683664263 neg 0.3301400723076123 __DUMMY__ 0.3284075593259615	false	0.5
instabil	neg 1.0		off 0.35312969986516385 __DUMMY__ 0.32439490077679267 neg 0.3224753993580435	false	0.5
schwuchtel	off 1.0	off 1.0	off 0.6709859175338898 neg 0.17544330807699549 __DUMMY__ 0.15357077438911476	false	1.0
zerren	neg 1.0		off 0.34266485817739384 __DUMMY__ 0.3288748387661852 neg 0.3284603030564211	false	0.5
kinderficker	off 1.0		off 0.3566298458894283 __DUMMY__ 0.32339216808179355 neg 0.31997798602877814	false	1.0
gefahr	neg 1.0		off 0.3381789894464412 neg 0.3314345633898041 __DUMMY__ 0.3303864471637547	false	0.5
rabiat	neg 1.0		off 0.3447238007612182 __DUMMY__ 0.3278256506402144 neg 0.32745054859856737	false	0.5
verlangsamung	neg 1.0		off 0.35630569296722975 neg 0.32328983818892515 __DUMMY__ 0.3204044688438452	false	0.5
ausgestorben	neg 1.0		off 0.34476474036779764 __DUMMY__ 0.32842149039810675 neg 0.3268137692340957	false	0.5
anklagen	neg 1.0		off 0.34133237486797413 neg 0.3298097229722805 __DUMMY__ 0.3288579021597454	false	0.5
trott	neg 1.0		off 0.3443595680913356 __DUMMY__ 0.32833903544039234 neg 0.3273013964682721	false	0.5
verminderung	neg 1.0		off 0.3514358281747527 __DUMMY__ 0.3246677150908768 neg 0.32389645673437056	false	0.5
nach			off 0.3361705704710997 __DUMMY__ 0.33386610640534947 neg 0.3299633231235508	false	0.0
rost	neg 1.0		off 0.3565658380495556 __DUMMY__ 0.3226672089866166 neg 0.32076695296382773	false	0.5
destruktiv	neg 1.0		off 0.3431222087226624 neg 0.3303526872630477 __DUMMY__ 0.32652510401428997	false	0.5
unzumutbarkeit	neg 1.0		off 0.3511267443060566 __DUMMY__ 0.3264052896020241 neg 0.32246796609191936	false	0.5
labil	off 1.0	off 1.0	off 0.6631265023367108 neg 0.17963858778276967 __DUMMY__ 0.15723490988051964	false	1.0
ziemlich	neg 1.0		off 0.3517032434730689 __DUMMY__ 0.3263789743209646 neg 0.3219177822059664	false	0.5
lachnummer	off 1.0		off 0.3440651144369738 neg 0.32936824198113557 __DUMMY__ 0.3265666435818905	false	1.0
oder			off 0.3460636919519483 __DUMMY__ 0.32822965058429343 neg 0.3257066574637581	false	0.0
verfall	neg 1.0		neg 0.33471098279914147 off 0.33400741879420764 __DUMMY__ 0.3312815984066509	false	1.0
ausgrenzung	neg 1.0		off 0.34588846907709797 neg 0.32712320819165286 __DUMMY__ 0.3269883227312491	false	0.5
unordnung	neg 1.0		off 0.3550637661629254 __DUMMY__ 0.32695012785370425 neg 0.31798610598337035	false	0.5
fehlverhalten	neg 1.0		off 0.33766830517599694 neg 0.33438503705417044 __DUMMY__ 0.3279466577698327	false	0.5
eine			off 0.33898120300952056 neg 0.3305350087408699 __DUMMY__ 0.33048378824960944	false	0.0
nille	neg 1.0		off 0.3447358470796398 __DUMMY__ 0.32891688832633154 neg 0.3263472645940288	false	0.5
qual	neg 1.0		off 0.3439262405074749 __DUMMY__ 0.32848721131248476 neg 0.3275865481800403	false	0.5
verschwenden	neg 1.0		off 0.33923096723515395 neg 0.3328315646433488 __DUMMY__ 0.3279374681214974	false	0.5
riesig	neg 1.0		off 0.3414827436144886 __DUMMY__ 0.3298550934534015 neg 0.3286621629321099	false	0.5
verurteilen	neg 1.0		off 0.34052146348799367 neg 0.33232400788581745 __DUMMY__ 0.3271545286261889	false	0.5
klischee	neg 1.0	neg 1.0	neg 0.6507668854450935 off 0.1922528081042427 __DUMMY__ 0.1569803064506638	false	1.0
diktatorisch	neg 1.0		off 0.34503108543747013 neg 0.32831053017114203 __DUMMY__ 0.32665838439138783	false	0.5
vorhersehbar	neg 1.0		off 0.346836709915941 neg 0.3280588758211837 __DUMMY__ 0.32510441426287523	false	0.5
sowie			off 0.3556701159433406 __DUMMY__ 0.32317924989578456 neg 0.3211506341608748	false	0.0
stornieren	neg 1.0		off 0.3491333529354969 __DUMMY__ 0.33018553793708594 neg 0.3206811091274171	false	0.5
besteuerung	neg 1.0		off 0.34351576924772553 neg 0.33100018328998143 __DUMMY__ 0.32548404746229287	false	0.5
ungeschminkt	neg 1.0		off 0.3503963199605206 neg 0.32610701752345633 __DUMMY__ 0.3234966625160232	false	0.5
kritisch	neg 1.0		off 0.33985609964507063 neg 0.3319846362147728 __DUMMY__ 0.3281592641401566	false	0.5
schlamperei	off 1.0		off 0.33945656127254836 neg 0.33069832957776846 __DUMMY__ 0.32984510914968324	false	1.0
sucht	neg 1.0	neg 1.0	neg 0.6471458116548668 off 0.19246680697197652 __DUMMY__ 0.16038738137315653	false	1.0
egoistisch	off 1.0		off 0.3557921242508003 neg 0.3221567728556532 __DUMMY__ 0.3220511028935466	false	1.0
ausbeuter	off 1.0		off 0.33726093000177765 neg 0.33528723104459845 __DUMMY__ 0.3274518389536238	false	1.0
arschgeburt	off 1.0		off 0.3628974653107889 neg 0.31903118597429636 __DUMMY__ 0.31807134871491477	false	1.0
schubs	neg 1.0		off 0.342650645080263 neg 0.32870163869206825 __DUMMY__ 0.3286477162276688	false	0.5
unsolide	neg 1.0		off 0.3453880277305877 neg 0.3287059735816472 __DUMMY__ 0.32590599868776515	false	0.5
beschwerde	neg 1.0		off 0.33971117136608686 neg 0.3315039571863638 __DUMMY__ 0.32878487144754936	false	0.5
stocken	neg 1.0		off 0.33972820139003373 neg 0.3306952881551516 __DUMMY__ 0.3295765104548148	false	0.5
isolieren	neg 1.0		off 0.34099622618366526 neg 0.33040100388346116 __DUMMY__ 0.3286027699328738	false	0.5
unheilbar	neg 1.0		off 0.34484060289125196 __DUMMY__ 0.32769386304372217 neg 0.3274655340650258	false	0.5
pisser	off 1.0		off 0.352896573610694 __DUMMY__ 0.3239398845281439 neg 0.32316354186116225	false	1.0
löschen	neg 1.0		off 0.34474467461095637 __DUMMY__ 0.328278844046906 neg 0.3269764813421377	false	0.5
durchfallen	neg 1.0		off 0.33988597458251407 neg 0.33305119211418543 __DUMMY__ 0.32706283330330055	false	0.5
wichser	off 1.0	off 1.0	off 0.6696846910377438 neg 0.17576434792609122 __DUMMY__ 0.15455096103616506	false	1.0
terror	neg 1.0		off 0.34831458498828877 __DUMMY__ 0.3272733602591333 neg 0.32441205475257795	false	0.5
krass	neg 1.0		off 0.3544411491569053 __DUMMY__ 0.3239189750157256 neg 0.3216398758273691	false	0.5
revolte	neg 1.0		off 0.34700578733727827 __DUMMY__ 0.3274838150558013 neg 0.32551039760692035	false	0.5
besorgt	neg 1.0		off 0.34454812824094544 __DUMMY__ 0.3308515907402935 neg 0.32460028101876104	false	0.5
nachlassen	neg 1.0		off 0.340708561030476 __DUMMY__ 0.3307622016066463 neg 0.32852923736287765	false	0.5
alt	neg 1.0		off 0.3414033496202815 neg 0.3304437779559538 __DUMMY__ 0.32815287242376473	false	0.5
hundesohn	off 1.0		off 0.3605098455064838 __DUMMY__ 0.3210911424292756 neg 0.31839901206424065	false	1.0
als			off 0.34210087678460255 neg 0.32949838013769855 __DUMMY__ 0.32840074307769884	false	0.0
abschreckung	neg 1.0		off 0.33718449038979664 neg 0.3334969501225899 __DUMMY__ 0.3293185594876135	false	0.5
unqualifiziert	neg 1.0		off 0.3475348787954478 neg 0.3279046943933669 __DUMMY__ 0.32456042681118524	false	0.5
abgewichst	off 1.0		off 0.34398711895392753 __DUMMY__ 0.32912559671979746 neg 0.326887284326275	false	1.0
schwer	neg 1.0		off 0.3434806098849842 neg 0.329089102735209 __DUMMY__ 0.3274302873798067	false	0.5
bedeutungslosigkeit	neg 1.0		off 0.3384185249229792 neg 0.3325216808701086 __DUMMY__ 0.3290597942069122	false	0.5
kapitulation	neg 1.0		off 0.3403561473176041 neg 0.3304101057713051 __DUMMY__ 0.3292337469110908	false	0.5
unscharf	neg 1.0		off 0.3464769969600665 neg 0.3278305053694115 __DUMMY__ 0.32569249767052205	false	0.5
schwinden	neg 1.0		off 0.338617111500286 neg 0.3316547833311118 __DUMMY__ 0.3297281051686022	false	0.5
versklavung	neg 1.0		off 0.3453342344157665 __DUMMY__ 0.3276757703832493 neg 0.3269899952009842	false	0.5
schlecht	neg 1.0		off 0.35173541903489125 __DUMMY__ 0.3261957907185567 neg 0.32206879024655205	false	0.5
verhasst	neg 1.0		off 0.3444073972318925 neg 0.3304691730635466 __DUMMY__ 0.32512342970456076	false	0.5
beschweren	neg 1.0		off 0.34660478907168285 __DUMMY__ 0.3268863445950429 neg 0.32650886633327414	false	0.5
scheiden	neg 1.0		off 0.34541284950986845 __DUMMY__ 0.3290226290310574 neg 0.32556452145907405	false	0.5
frustriert	neg 1.0		off 0.3423640976276131 neg 0.3300884631709456 __DUMMY__ 0.32754743920144125	false	0.5
schimmelig	neg 1.0		off 0.34025655475392913 neg 0.3326615687462414 __DUMMY__ 0.32708187649982945	false	0.5
fisch	neg 1.0		off 0.3375474875597975 neg 0.3338264248289771 __DUMMY__ 0.3286260876112253	false	0.5
schmuggel	neg 1.0		off 0.3392600660256373 neg 0.3313932156761872 __DUMMY__ 0.3293467182981755	false	0.5
auffallen	neg 1.0		off 0.34744978721266767 __DUMMY__ 0.3265779542605012 neg 0.3259722585268312	false	0.5
konkurrenz	neg 1.0		off 0.33734659656995303 neg 0.3325871046039679 __DUMMY__ 0.3300662988260792	false	0.5
teufelskreis	neg 1.0	neg 1.0	neg 0.6528651384788309 off 0.18949648714075257 __DUMMY__ 0.15763837438041656	false	1.0
aufschreien	neg 1.0		off 0.3469371863640633 neg 0.32728822929175544 __DUMMY__ 0.3257745843441813	false	0.5
schuldner	neg 1.0		off 0.33712290467467954 neg 0.33455160644436754 __DUMMY__ 0.3283254888809528	false	0.5
missgeburt	off 1.0	off 1.0	off 0.6670175305003097 neg 0.17798055465401208 __DUMMY__ 0.15500191484567832	false	1.0
arbeitslos	neg 1.0		off 0.3402741695170764 neg 0.33274353790631805 __DUMMY__ 0.32698229257660566	false	0.5
befallen	neg 1.0		off 0.342480520156495 neg 0.3295775338413709 __DUMMY__ 0.327941946002134	false	0.5
miesepetrig	off 1.0	off 1.0	off 0.6638887197166674 neg 0.17885395579796234 __DUMMY__ 0.15725732448537025	false	1.0
alarmieren	neg 1.0		off 0.3485853731331981 neg 0.3260866264056681 __DUMMY__ 0.32532800046113375	false	0.5
ungeduscht	off 1.0		off 0.34862826177310585 neg 0.32617959859375073 __DUMMY__ 0.3251921396331434	false	1.0
knappheit	neg 1.0		off 0.33909996333397197 neg 0.3344451400044427 __DUMMY__ 0.3264548966615853	false	0.5
schlange	neg 1.0		off 0.34795280981278326 __DUMMY__ 0.3293258847652642 neg 0.32272130542195254	false	0.5
harsch	neg 1.0		off 0.3569606722642951 __DUMMY__ 0.325558943367008 neg 0.3174803843686968	false	0.5
lang	neg 1.0		off 0.34593010639067495 __DUMMY__ 0.32825713984177224 neg 0.3258127537675529	false	0.5
ziellos	neg 1.0		off 0.3416613094704203 __DUMMY__ 0.32985476052407586 neg 0.32848393000550385	false	0.5
selbstverliebt	neg 1.0		off 0.3611526878237484 __DUMMY__ 0.3196532768843944 neg 0.31919403529185736	false	0.5
beseitigen	neg 1.0		off 0.34292427660336466 neg 0.32859435435980117 __DUMMY__ 0.32848136903683406	false	0.5
dumm	off 1.0		off 0.3571401718701071 __DUMMY__ 0.322492764422558 neg 0.3203670637073349	false	1.0
arbeitsloser	neg 1.0		off 0.3415809031783933 neg 0.3297464448734386 __DUMMY__ 0.32867265194816814	false	0.5
blitzen	neg 1.0		off 0.34809220051419626 __DUMMY__ 0.3267895751100667 neg 0.325118224375737	false	0.5
hilflos	neg 1.0		off 0.34193915497647537 neg 0.3303082232858139 __DUMMY__ 0.32775262173771075	false	0.5
eklig	off 1.0		off 0.35697712605467474 neg 0.3218509914680524 __DUMMY__ 0.32117188247727274	false	1.0
begriff			off 0.34313811185052073 neg 0.3295135095748438 __DUMMY__ 0.32734837857463545	false	0.0
hungersnot	neg 1.0		off 0.3421726536582161 __DUMMY__ 0.329253988211734 neg 0.32857335813005	false	0.5
ungesetzlich	neg 1.0		off 0.34341293279793145 neg 0.331317510551047 __DUMMY__ 0.32526955665102153	false	0.5
verschwendung	neg 1.0		off 0.33928270740414956 neg 0.3318753770507515 __DUMMY__ 0.328841915545099	false	0.5
schmerzvoll	neg 1.0		off 0.34653387700324273 __DUMMY__ 0.32724603273834524 neg 0.32622009025841203	false	0.5
vorzeitig	neg 1.0		off 0.34800014042327443 __DUMMY__ 0.32721906372444465 neg 0.32478079585228087	false	0.5
unvollkommenheit	neg 1.0		off 0.34292842992822953 __DUMMY__ 0.33072620052935153 neg 0.32634536954241905	false	0.5
intervenieren	neg 1.0		off 0.3386463119011644 neg 0.3329748267107823 __DUMMY__ 0.3283788613880533	false	0.5
banause	off 1.0		off 0.35913880417519106 neg 0.32136760062604763 __DUMMY__ 0.31949359519876136	false	1.0
rebell	neg 1.0		off 0.33537487489477674 neg 0.33449446540363986 __DUMMY__ 0.3301306597015834	false	0.5
unlogisch	neg 1.0		off 0.35276818367425294 neg 0.3237918636467759 __DUMMY__ 0.3234399526789711	false	0.5
leiden	neg 1.0		off 0.33899926035171213 neg 0.3308114387173018 __DUMMY__ 0.33018930093098603	false	0.5
abschaffung	neg 1.0		off 0.34455636168177334 neg 0.32802525388780984 __DUMMY__ 0.3274183844304168	false	0.5
sturz	neg 1.0		off 0.3457682968365959 __DUMMY__ 0.32926018231293946 neg 0.3249715208504646	false	0.5
verkleinerung	neg 1.0		off 0.34632492584406077 neg 0.32872519908043646 __DUMMY__ 0.32494987507550266	false	0.5
schmarotzer	off 1.0		off 0.3407181312514362 neg 0.3330551696378487 __DUMMY__ 0.3262266991107151	false	1.0
bestrafung	neg 1.0		off 0.3456858602267364 __DUMMY__ 0.32745223191719297 neg 0.32686190785607055	false	0.5
achtlos	neg 1.0	neg 1.0	neg 0.651118018488209 off 0.19016453574943284 __DUMMY__ 0.1587174457623581	false	1.0
ungeheuer	neg 1.0		off 0.34816188467642323 __DUMMY__ 0.32795539314774963 neg 0.32388272217582703	false	0.5
unaufrichtig	neg 1.0		off 0.34884400804544075 __DUMMY__ 0.32791586170405235 neg 0.3232401302505068	false	0.5
groggy	neg 1.0		off 0.3482348186716177 __DUMMY__ 0.3271520370805905 neg 0.3246131442477918	false	0.5
verletzlich	neg 1.0		off 0.3507809146377654 neg 0.3248410817902586 __DUMMY__ 0.3243780035719759	false	0.5
ablehnen	neg 1.0		off 0.3404238016737571 neg 0.33182309831906015 __DUMMY__ 0.32775310000718283	false	0.5
