unsolidarisch	neg 1.0		off 0.504907071129186 neg 0.48804785955559715 __DUMMY__ 0.007045069315216771	false	0.5
nachteilig	neg 1.0		off 0.5028265921666356 neg 0.4900641685517624 __DUMMY__ 0.0071092392816020636	false	0.5
skeptisch	neg 1.0		off 0.5026997238488718 neg 0.4901792658541878 __DUMMY__ 0.007121010296940266	false	0.5
schrecklich	neg 1.0		off 0.5173918822390258 neg 0.47559130900688845 __DUMMY__ 0.007016808754085733	false	0.5
schlapp	neg 1.0		off 0.5141054869603591 neg 0.4788386804642435 __DUMMY__ 0.0070558325753973415	false	0.5
abfall	neg 1.0		off 0.5003641235144788 neg 0.4924705389412021 __DUMMY__ 0.0071653375443190784	false	0.5
widerspenstig	neg 1.0		off 0.5086964660297412 neg 0.4842104119931537 __DUMMY__ 0.007093121977105209	false	0.5
abrupt	neg 1.0		off 0.5064041577716968 neg 0.4864371938024315 __DUMMY__ 0.007158648425871528	false	0.5
unwirksam	neg 1.0		off 0.5047568781825005 neg 0.4882046833708974 __DUMMY__ 0.007038438446602167	false	0.5
angreifen	neg 1.0		off 0.502225682398342 neg 0.4906592659335233 __DUMMY__ 0.007115051668134611	false	0.5
inkonsistent	neg 1.0		off 0.5075184421704206 neg 0.4854260011036481 __DUMMY__ 0.0070555567259313	false	0.5
abrutschen	neg 1.0		off 0.5000237912045546 neg 0.4928280562256867 __DUMMY__ 0.00714815256975871	false	0.5
unsicher	neg 1.0		off 0.5088306285220746 neg 0.48406322538130303 __DUMMY__ 0.007106146096622331	false	0.5
bauernkind	off 1.0	off 1.0	off 0.7415973220059165 neg 0.2551195906251337 __DUMMY__ 0.003283087368949706	false	1.0
angreifer	neg 1.0	neg 1.0	neg 0.7250293047894918 off 0.271576865407566 __DUMMY__ 0.0033938298029422315	false	1.0
trennen	neg 1.0		off 0.5047840202022084 neg 0.48805438358626596 __DUMMY__ 0.007161596211525607	false	0.5
schmutz	neg 1.0		off 0.5131337117831476 neg 0.4797332354339906 __DUMMY__ 0.007133052782861763	false	0.5
inkonsistenz	neg 1.0		off 0.5093612997400019 neg 0.4836554671364636 __DUMMY__ 0.0069832331235344415	false	0.5
erschreckend	neg 1.0		off 0.5062680945891647 neg 0.48665130110117566 __DUMMY__ 0.00708060430965966	false	0.5
ertrinken	neg 1.0		off 0.5040552987502085 neg 0.4888122721860521 __DUMMY__ 0.007132429063739469	false	0.5
pickelface	off 1.0		off 0.5079189423923848 neg 0.4849710750652034 __DUMMY__ 0.0071099825424116945	false	1.0
seiner			off 0.503663946869878 neg 0.48920712910393865 __DUMMY__ 0.007128924026183335	false	0.0
lauch	neg 1.0		off 0.5022371641427914 neg 0.4905922993741823 __DUMMY__ 0.007170536483026175	false	0.5
unwichtig	neg 1.0		off 0.5113387841127637 neg 0.48163612403324674 __DUMMY__ 0.007025091853989552	false	0.5
steuerhinterziehung	neg 1.0	neg 1.0	neg 0.7289726620837054 off 0.26764348997608345 __DUMMY__ 0.0033838479402113274	false	1.0
schock	neg 1.0		off 0.5085080564594664 neg 0.484373724490361 __DUMMY__ 0.0071182190501725235	false	0.5
beule	neg 1.0		off 0.5142407839142474 neg 0.478725336624164 __DUMMY__ 0.007033879461588588	false	0.5
vergelten	neg 1.0		off 0.5183031719244737 neg 0.4746357123474862 __DUMMY__ 0.00706111572803987	false	0.5
verdorbenheit	neg 1.0		off 0.5117180609676242 neg 0.48114918025779824 __DUMMY__ 0.007132758774577596	false	0.5
trauma	neg 1.0		off 0.5092841428924334 neg 0.4836276664649919 __DUMMY__ 0.007088190642574621	false	0.5
sinnlos	neg 1.0		off 0.5103167536855423 neg 0.4826090945135544 __DUMMY__ 0.007074151800903288	false	0.5
fettsack	off 1.0	off 1.0	off 0.7433969871312389 neg 0.2533035651854008 __DUMMY__ 0.0032994476833602695	false	1.0
feige	off 1.0	off 1.0	off 0.7409502896285177 neg 0.25571467495033484 __DUMMY__ 0.0033350354211475067	false	1.0
abdanken	neg 1.0		off 0.5078039526621311 neg 0.4850920728670805 __DUMMY__ 0.007103974470788581	false	0.5
wichtigtuer	off 1.0	off 1.0	off 0.7399956481704524 neg 0.25665244730687303 __DUMMY__ 0.0033519045226746147	false	1.0
misslingen	neg 1.0		off 0.5130006480584411 neg 0.47984060011704566 __DUMMY__ 0.007158751824513213	false	0.5
untreu	off 1.0		off 0.513068413626385 neg 0.4798916522793079 __DUMMY__ 0.007039934094306916	false	1.0
missmutig	neg 1.0		off 0.5133371982434958 neg 0.47960182310827826 __DUMMY__ 0.007060978648226165	false	0.5
hurenbock	off 1.0		off 0.5117785795466736 neg 0.481119701328431 __DUMMY__ 0.007101719124895349	false	1.0
betrunken	neg 1.0		off 0.5156944856132585 neg 0.4772639704422295 __DUMMY__ 0.007041543944512053	false	0.5
korrupt	off 1.0		off 0.5025040946291266 neg 0.49043626220295355 __DUMMY__ 0.007059643167919864	false	1.0
unmut	neg 1.0		off 0.500602794551026 neg 0.4922410059960678 __DUMMY__ 0.007156199452906195	false	0.5
hackfresse	off 1.0		off 0.5195399452697214 neg 0.47349487702358034 __DUMMY__ 0.006965177706698408	false	1.0
aufblasen	neg 1.0		off 0.5109763290845382 neg 0.48193132613570944 __DUMMY__ 0.007092344779752453	false	0.5
gewaltsam	neg 1.0		off 0.5077570215731996 neg 0.48512285733566546 __DUMMY__ 0.007120121091135109	false	0.5
unbeliebtheit	neg 1.0		off 0.510070809383705 neg 0.48290532901641864 __DUMMY__ 0.007023861599876382	false	0.5
sturheit	neg 1.0		off 0.5055863060368442 neg 0.4873294890939836 __DUMMY__ 0.007084204869172021	false	0.5
kuh	neg 1.0		off 0.5069764451428793 neg 0.48601684223708796 __DUMMY__ 0.007006712620032717	false	0.5
erschrecken	neg 1.0		off 0.5136649969073035 neg 0.4792604685902379 __DUMMY__ 0.007074534502458585	false	0.5
opfer	neg 1.0		off 0.5046058691733718 neg 0.4882753055333709 __DUMMY__ 0.00711882529325727	false	0.5
sinken	neg 1.0		off 0.5019768742352565 neg 0.49086129502711484 __DUMMY__ 0.007161830737628767	false	0.5
stinktier	neg 1.0		off 0.5131832910394769 neg 0.479888804951244 __DUMMY__ 0.006927904009279173	false	0.5
tucke	off 1.0		off 0.51905433771016 neg 0.4740174256531671 __DUMMY__ 0.006928236636672965	false	1.0
ein			off 0.5099386912322694 neg 0.48296905530860956 __DUMMY__ 0.007092253459121122	false	0.0
abstieg	neg 1.0		off 0.5045232960278484 neg 0.48833592675214993 __DUMMY__ 0.007140777220001724	false	0.5
missverstehen	neg 1.0		off 0.5086912063127245 neg 0.4842805204716839 __DUMMY__ 0.0070282732155916815	false	0.5
ergebnislos	neg 1.0		off 0.5041406687881563 neg 0.4887164980012558 __DUMMY__ 0.007142833210587801	false	0.5
unter			off 0.4982750728655055 neg 0.49449437750903785 __DUMMY__ 0.007230549625456729	false	0.0
manipulieren	neg 1.0		off 0.5026867124054372 neg 0.49018263779771176 __DUMMY__ 0.007130649796850946	false	0.5
unbewiesen	neg 1.0		off 0.5039396577492776 neg 0.4890302870649105 __DUMMY__ 0.007030055185811729	false	0.5
verschleppen	neg 1.0		off 0.5042065308357745 neg 0.48868907744491175 __DUMMY__ 0.007104391719313801	false	0.5
weib	off 1.0		off 0.5174268988731442 neg 0.4756602990911256 __DUMMY__ 0.006912802035730017	false	1.0
opposition	neg 1.0		off 0.5085418383943895 neg 0.484399423675217 __DUMMY__ 0.007058737930393427	false	0.5
verkehrswidrig	neg 1.0		off 0.5206880803442333 neg 0.472239760373942 __DUMMY__ 0.007072159281824635	false	0.5
inkorrekt	neg 1.0		off 0.5139247163334966 neg 0.47909548669721014 __DUMMY__ 0.006979796969293237	false	0.5
vermeiden	neg 1.0	neg 1.0	neg 0.7313596294903623 off 0.26521056137457505 __DUMMY__ 0.003429809135062691	false	1.0
abweichung	neg 1.0		off 0.5039552576837364 neg 0.48893571636507 __DUMMY__ 0.0071090259511937285	false	0.5
alkoholisiert	neg 1.0		off 0.504964586471402 neg 0.48789377325896977 __DUMMY__ 0.007141640269628193	false	0.5
scheiss	off 1.0	off 1.0	off 0.7420798170456896 neg 0.254575769758185 __DUMMY__ 0.003344413196125394	false	1.0
herausforderung	neg 1.0		off 0.5031130329290997 neg 0.4897594513132309 __DUMMY__ 0.00712751575766947	false	0.5
pervers	off 1.0		off 0.522254956327838 neg 0.47081762254520415 __DUMMY__ 0.00692742112695775	false	1.0
wackelig	neg 1.0		off 0.5091173214124219 neg 0.48372896263764953 __DUMMY__ 0.007153715949928596	false	0.5
verwickeln	neg 1.0		off 0.5081772176734523 neg 0.48478957249355686 __DUMMY__ 0.007033209832990839	false	0.5
vorwand	neg 1.0		off 0.5017855471799341 neg 0.49109562320326405 __DUMMY__ 0.007118829616801763	false	0.5
muschi	off 1.0		off 0.5080598844968236 neg 0.4848308255439722 __DUMMY__ 0.0071092899592041766	false	1.0
entmutigung	neg 1.0		off 0.5090069383788073 neg 0.4839148838916273 __DUMMY__ 0.007078177729565504	false	0.5
unangemessen	neg 1.0		off 0.5039843284695481 neg 0.48895209619502317 __DUMMY__ 0.007063575335428764	false	0.5
unstetig	neg 1.0		off 0.5114658300185301 neg 0.4814563761133596 __DUMMY__ 0.007077793868110352	false	0.5
entmutigen	neg 1.0		off 0.508773076488044 neg 0.4841476884443014 __DUMMY__ 0.007079235067654677	false	0.5
schwanz	neg 1.0		off 0.5055917544646905 neg 0.48728165547265495 __DUMMY__ 0.0071265900626546206	false	0.5
verbot	neg 1.0		off 0.504482369486495 neg 0.4884164856504777 __DUMMY__ 0.007101144863027247	false	0.5
leid	neg 1.0		off 0.5174392396609172 neg 0.47558272975105864 __DUMMY__ 0.006978030588024119	false	0.5
archaisch	neg 1.0		off 0.5061982310514223 neg 0.4867092655902973 __DUMMY__ 0.007092503358280351	false	0.5
gegen			off 0.5019994070324183 neg 0.4908380482754683 __DUMMY__ 0.00716254469211344	false	0.0
scheidung	neg 1.0		off 0.5305733316333259 neg 0.4624613818254843 __DUMMY__ 0.0069652865411897	false	0.5
einschlag	neg 1.0		off 0.5160554409680962 neg 0.4769197448970257 __DUMMY__ 0.007024814134878178	false	0.5
m			off 0.5069906779843885 neg 0.4858807637241424 __DUMMY__ 0.007128558291469232	false	0.0
abgestanden	neg 1.0		off 0.5079941990079873 neg 0.48493911153237135 __DUMMY__ 0.007066689459641432	false	0.5
schmierig	off 1.0		off 0.5180518554384907 neg 0.47494225963696535 __DUMMY__ 0.007005884924543931	false	1.0
unpraktisch	neg 1.0		off 0.5104478222584586 neg 0.4824635177942475 __DUMMY__ 0.007088659947293959	false	0.5
wixxer	off 1.0		off 0.5209337919653664 neg 0.4721651123952668 __DUMMY__ 0.006901095639366861	false	1.0
bezeichnet			off 0.5060798454827948 neg 0.4868634969955369 __DUMMY__ 0.007056657521668368	false	0.0
jammerlappen	off 1.0		off 0.5136447866272599 neg 0.47929380360131074 __DUMMY__ 0.007061409771429492	false	1.0
farce	neg 1.0		off 0.5055591455910718 neg 0.4873474534174361 __DUMMY__ 0.007093400991491919	false	0.5
zwecklos	neg 1.0		off 0.5046588375522407 neg 0.4882587113800342 __DUMMY__ 0.007082451067725111	false	0.5
turbulent	neg 1.0		off 0.5132222666953327 neg 0.4797622840634523 __DUMMY__ 0.007015449241214941	false	0.5
invasion	neg 1.0		off 0.5099569974585462 neg 0.48297094162844817 __DUMMY__ 0.007072060913005649	false	0.5
schuld	neg 1.0		off 0.5079149827735229 neg 0.48502364296712663 __DUMMY__ 0.007061374259350416	false	0.5
risiko	neg 1.0	neg 1.0	neg 0.7257669222914875 off 0.27084190254807394 __DUMMY__ 0.003391175160438521	false	1.0
finster	neg 1.0		off 0.5081838818744224 neg 0.48476171019979736 __DUMMY__ 0.007054407925780267	false	0.5
geisteskrank	off 1.0		off 0.5116252824086271 neg 0.48138929116772605 __DUMMY__ 0.006985426423646884	false	1.0
zusammenbrechen	neg 1.0		off 0.5061862362554591 neg 0.4867094527773827 __DUMMY__ 0.007104310967158296	false	0.5
ausbeute	neg 1.0		off 0.5103290949025191 neg 0.4824631624615913 __DUMMY__ 0.007207742635889578	false	0.5
hinterhalt	neg 1.0		off 0.5118432451376378 neg 0.480967474344636 __DUMMY__ 0.007189280517726276	false	0.5
kritik	neg 1.0		off 0.5049518521924674 neg 0.4879595796850938 __DUMMY__ 0.00708856812243898	false	0.5
einschrumpfen	neg 1.0		off 0.5107694755791108 neg 0.48219403635062336 __DUMMY__ 0.007036488070265845	false	0.5
riskant	neg 1.0		off 0.5022833883956874 neg 0.49061587757659497 __DUMMY__ 0.00710073402771765	false	0.5
frustrieren	neg 1.0		off 0.5037301279026993 neg 0.4891669487233385 __DUMMY__ 0.007102923373962103	false	0.5
groll	neg 1.0		off 0.5041028859865243 neg 0.48881263511552125 __DUMMY__ 0.007084478897954542	false	0.5
gibt			off 0.506530242708717 neg 0.4863609950696167 __DUMMY__ 0.0071087622216662975	false	0.0
qualvoll	neg 1.0		off 0.5118152605633474 neg 0.48111024626063903 __DUMMY__ 0.00707449317601355	false	0.5
wackeln	neg 1.0		off 0.511105056957921 neg 0.48177692643124703 __DUMMY__ 0.007118016610832069	false	0.5
klagen	neg 1.0		off 0.5005862863928698 neg 0.4922759606697238 __DUMMY__ 0.00713775293740646	false	0.5
bankrott	neg 1.0		off 0.5137503152777239 neg 0.47917283199404637 __DUMMY__ 0.00707685272822974	false	0.5
trauern	neg 1.0		off 0.506085116149752 neg 0.48676261582822206 __DUMMY__ 0.007152268022025976	false	0.5
ablehnung	neg 1.0		off 0.5044657494219188 neg 0.4884464543284185 __DUMMY__ 0.007087796249662779	false	0.5
stur	neg 1.0		off 0.5083747517934661 neg 0.48456108437502393 __DUMMY__ 0.007064163831509899	false	0.5
aufruhr	neg 1.0		off 0.5075252941726289 neg 0.48536670360357614 __DUMMY__ 0.007108002223794888	false	0.5
melancholie	neg 1.0		off 0.5063318953946366 neg 0.48653622124623186 __DUMMY__ 0.007131883359131556	false	0.5
ist			off 0.5102592615619891 neg 0.482662276971112 __DUMMY__ 0.007078461466898968	false	0.0
torheit	neg 1.0		off 0.5080760510665923 neg 0.4848406059331728 __DUMMY__ 0.007083343000235052	false	0.5
dreckskind	off 1.0		off 0.5166604585693848 neg 0.4763974695384461 __DUMMY__ 0.006942071892169162	false	1.0
umtauschen	neg 1.0		off 0.5086408872227955 neg 0.4842565073168259 __DUMMY__ 0.007102605460378544	false	0.5
zum			off 0.5033604825828377 neg 0.48940480731310576 __DUMMY__ 0.007234710104056482	false	0.0
zersetzen	neg 1.0		off 0.5012289499588689 neg 0.491668397794363 __DUMMY__ 0.007102652246768166	false	0.5
zur			off 0.500553670228057 neg 0.4922401867837989 __DUMMY__ 0.007206142988144276	false	0.0
frust	neg 1.0		off 0.5065928167631469 neg 0.4862955426918806 __DUMMY__ 0.007111640544972346	false	0.5
unerbittlichkeit	neg 1.0		off 0.502318719015158 neg 0.4905603739683868 __DUMMY__ 0.0071209070164551065	false	0.5
zwei			off 0.5038417376621624 neg 0.48894218209368523 __DUMMY__ 0.007216080244152385	false	0.0
unkorrekt	neg 1.0		off 0.515066616865431 neg 0.4779275441372847 __DUMMY__ 0.00700583899728429	false	0.5
hexe	off 1.0		off 0.5110946974857636 neg 0.48189750156739836 __DUMMY__ 0.00700780094683808	false	1.0
lasch	neg 1.0		off 0.5100129123353314 neg 0.4829605622428693 __DUMMY__ 0.0070265254217993164	false	0.5
rivale	neg 1.0		off 0.5148940285889085 neg 0.47808300538839166 __DUMMY__ 0.007022966022699869	false	0.5
mutlos	off 1.0	off 1.0	off 0.7362786776162203 neg 0.2603405523911069 __DUMMY__ 0.0033807699926726776	false	1.0
wirr	off 1.0		off 0.5147597719913704 neg 0.47825998301921113 __DUMMY__ 0.006980244989418476	false	1.0
jahr			off 0.5079858021256427 neg 0.4847904070695294 __DUMMY__ 0.007223790804827692	false	0.0
wird			off 0.5050797802398453 neg 0.4878092961892563 __DUMMY__ 0.007110923570898222	false	0.0
strafbar	neg 1.0		off 0.5027050945698254 neg 0.49019737227874666 __DUMMY__ 0.0070975331514280685	false	0.5
erosion	neg 1.0		off 0.509791956479682 neg 0.48309121030337354 __DUMMY__ 0.007116833216944585	false	0.5
eingehen	neg 1.0		off 0.5030308940513983 neg 0.48987180966555616 __DUMMY__ 0.007097296283045465	false	0.5
faul	off 1.0		off 0.5136583761498397 neg 0.4792674254515548 __DUMMY__ 0.007074198398605655	false	1.0
provisorium	neg 1.0		off 0.4999256568787181 neg 0.49283110479562114 __DUMMY__ 0.007243238325660779	false	0.5
schmerzen	neg 1.0		off 0.5061261367459028 neg 0.48679535230208004 __DUMMY__ 0.007078510952017051	false	0.5
schrumpfen	neg 1.0		off 0.4977882265292741 neg 0.4950589765197652 __DUMMY__ 0.007152796950960628	false	0.5
geistlos	off 1.0		off 0.5073774141380349 neg 0.4856097940170016 __DUMMY__ 0.007012791844963422	false	1.0
fehlkauf	neg 1.0		off 0.5107886922705326 neg 0.4821218748601052 __DUMMY__ 0.00708943286936216	false	0.5
frustrierend	neg 1.0		off 0.511730640303942 neg 0.4812151431896421 __DUMMY__ 0.007054216506416033	false	0.5
unzufrieden	neg 1.0		off 0.5041780220176779 neg 0.4887395787874979 __DUMMY__ 0.0070823991948240975	false	0.5
verzweifeln	neg 1.0		off 0.5068584819777785 neg 0.4860473728244886 __DUMMY__ 0.007094145197732846	false	0.5
verzweifelt	neg 1.0	neg 1.0	neg 0.7275606656947892 off 0.2690818620413529 __DUMMY__ 0.003357472263857896	false	1.0
misstrauensantrag	neg 1.0		off 0.5103109202221865 neg 0.4826166605463259 __DUMMY__ 0.007072419231487658	false	0.5
abfallen	neg 1.0		off 0.5108409270928863 neg 0.48204780124777297 __DUMMY__ 0.007111271659340605	false	0.5
fucker	off 1.0		off 0.5166293286977426 neg 0.4763291429325641 __DUMMY__ 0.007041528369693306	false	1.0
ungezogen	neg 1.0		off 0.5218321119639119 neg 0.47122600162223643 __DUMMY__ 0.006941886413851677	false	0.5
irrsinnig	neg 1.0	neg 1.0	neg 0.7272843513491195 off 0.2693532306011962 __DUMMY__ 0.0033624180496844213	false	1.0
unfassbar	neg 1.0		off 0.5147306166761796 neg 0.47821895336313797 __DUMMY__ 0.007050429960682436	false	0.5
hart	neg 1.0		off 0.5135650028656921 neg 0.47939592770048944 __DUMMY__ 0.007039069433818376	false	0.5
widerlich	off 1.0		off 0.5129975980230325 neg 0.47999529136742003 __DUMMY__ 0.007007110609547424	false	1.0
fatal	neg 1.0		off 0.5106095505718474 neg 0.48231464630659404 __DUMMY__ 0.007075803121558484	false	0.5
bruch	neg 1.0		off 0.5019417230979843 neg 0.490907495104262 __DUMMY__ 0.007150781797753719	false	0.5
aushungern	neg 1.0		off 0.5061816254237085 neg 0.4867095361911768 __DUMMY__ 0.007108838385114867	false	0.5
anspannung	neg 1.0		off 0.5024866347119332 neg 0.4902936145351131 __DUMMY__ 0.007219750752953638	false	0.5
von			off 0.5090964326940425 neg 0.483661666132912 __DUMMY__ 0.007241901173045507	false	0.0
kraftlos	neg 1.0		off 0.5067293264250229 neg 0.48614662162589106 __DUMMY__ 0.0071240519490859125	false	0.5
vom			off 0.5019752861370508 neg 0.4907607172416096 __DUMMY__ 0.007263996621339597	false	0.0
grenzdebil	off 1.0		off 0.5152276191807293 neg 0.47772256512294686 __DUMMY__ 0.0070498156963238	false	1.0
vor			off 0.5038459896310452 neg 0.4889869246172948 __DUMMY__ 0.007167085751660016	false	0.0
unterwerfen	neg 1.0		off 0.5041270762540493 neg 0.48876078952099566 __DUMMY__ 0.007112134224955112	false	0.5
versenkung	neg 1.0		off 0.5058860528826628 neg 0.48697445394482386 __DUMMY__ 0.007139493172513292	false	0.5
entziehen	neg 1.0		off 0.5012059337097712 neg 0.49165786841629033 __DUMMY__ 0.007136197873938419	false	0.5
finanzkrise	neg 1.0		off 0.505706421301065 neg 0.4872158733757223 __DUMMY__ 0.007077705323212758	false	0.5
schimpfend	neg 1.0		off 0.5103510971166234 neg 0.4825741177723937 __DUMMY__ 0.007074785110982951	false	0.5
profan	neg 1.0		off 0.5101597183552816 neg 0.48278384473415553 __DUMMY__ 0.007056436910562853	false	0.5
korruption	neg 1.0		off 0.5043499539148353 neg 0.48854605798980344 __DUMMY__ 0.007103988095361241	false	0.5
â			off 0.5069417420500361 neg 0.4859180946398282 __DUMMY__ 0.007140163310135671	false	0.0
schmutzig	neg 1.0		off 0.5162609011857769 neg 0.4766829382215934 __DUMMY__ 0.007056160592629769	false	0.5
sexy	neg 1.0		off 0.512813366099876 neg 0.4801074999927627 __DUMMY__ 0.007079133907361295	false	0.5
abraten	neg 1.0		off 0.5103450692667097 neg 0.48257926925585126 __DUMMY__ 0.007075661477438921	false	0.5
schwarz	neg 1.0		off 0.5097676078594561 neg 0.4831540016063823 __DUMMY__ 0.007078390534161741	false	0.5
fotze	off 1.0	off 1.0	off 0.7388522391225869 neg 0.25774930563942816 __DUMMY__ 0.0033984552379849337	false	1.0
verwirren	neg 1.0		off 0.5110198726405061 neg 0.48191927121378086 __DUMMY__ 0.007060856145712966	false	0.5
zahnlos	off 1.0		off 0.5056990636882077 neg 0.4872124785113402 __DUMMY__ 0.00708845780045215	false	1.0
verheeren	neg 1.0		off 0.5242435654571485 neg 0.4688023244464373 __DUMMY__ 0.006954110096414248	false	0.5
hippie	neg 1.0		off 0.5122950825492899 neg 0.4806253324948992 __DUMMY__ 0.007079584955810978	false	0.5
rammen	neg 1.0		off 0.5086960140247352 neg 0.4842458751215159 __DUMMY__ 0.007058110853748848	false	0.5
unlauter	neg 1.0		off 0.5069526870521943 neg 0.4860006163116891 __DUMMY__ 0.0070466966361165465	false	0.5
unheilvoll	neg 1.0		off 0.5108794913372151 neg 0.48203332302530727 __DUMMY__ 0.00708718563747775	false	0.5
niedrig	neg 1.0		off 0.501622689175877 neg 0.49128368773778236 __DUMMY__ 0.007093623086340599	false	0.5
explosion	neg 1.0		off 0.5111054611658106 neg 0.48182366646556923 __DUMMY__ 0.007070872368620187	false	0.5
weichei	off 1.0	off 1.0	off 0.7445399416954352 neg 0.25214503882872336 __DUMMY__ 0.003315019475841277	false	1.0
minusmensch	off 1.0		off 0.5188981572540147 neg 0.47417565906150566 __DUMMY__ 0.006926183684479652	false	1.0
farblos	neg 1.0		off 0.508719781068683 neg 0.48417555733406803 __DUMMY__ 0.007104661597248998	false	0.5
unwissend	neg 1.0	neg 1.0	neg 0.7253106809470564 off 0.27134525361853196 __DUMMY__ 0.003344065434411588	false	1.0
traurig	neg 1.0		off 0.5170269844353347 neg 0.4759438847092562 __DUMMY__ 0.007029130855408992	false	0.5
senkung	neg 1.0		off 0.5091208829971088 neg 0.48384008547994856 __DUMMY__ 0.007039031522942745	false	0.5
ungleich	neg 1.0	neg 1.0	neg 0.7306315868561113 off 0.2659852610885255 __DUMMY__ 0.003383152055363167	false	1.0
heikel	neg 1.0		off 0.5022266377892874 neg 0.4906731148561794 __DUMMY__ 0.007100247354533031	false	0.5
drosselung	neg 1.0		off 0.5143461327873684 neg 0.4786168106577449 __DUMMY__ 0.007037056554886599	false	0.5
falsch	neg 1.0		off 0.5113359739767 neg 0.4816218319622876 __DUMMY__ 0.007042194061012361	false	0.5
unzufriedenheit	neg 1.0		off 0.5017130400111383 neg 0.491159394378863 __DUMMY__ 0.0071275656099986035	false	0.5
kurz	neg 1.0		off 0.5091444102996266 neg 0.4837140189946708 __DUMMY__ 0.007141570705702592	false	0.5
unsinnig	neg 1.0		off 0.5048597495085987 neg 0.48807080110315093 __DUMMY__ 0.007069449388250351	false	0.5
penner	off 1.0	off 1.0	off 0.7455571861830342 neg 0.25112974911698094 __DUMMY__ 0.0033130646999848003	false	1.0
seicht	neg 1.0		off 0.5196657593738426 neg 0.47341296710087305 __DUMMY__ 0.006921273525284371	false	0.5
dummheit	off 1.0	off 1.0	off 0.7400731217297887 neg 0.25657781311362376 __DUMMY__ 0.0033490651565876934	false	1.0
unerfreulich	neg 1.0		off 0.5026555748556233 neg 0.4902183914888906 __DUMMY__ 0.007126033655486147	false	0.5
motherfucker	off 1.0	off 1.0	off 0.7432977801259463 neg 0.2533529658424176 __DUMMY__ 0.003349254031636243	false	1.0
pikiert	neg 1.0		off 0.512857193616001 neg 0.48011988419012047 __DUMMY__ 0.007022922193878525	false	0.5
wrack	neg 1.0		off 0.5075983803982177 neg 0.48526914671334154 __DUMMY__ 0.007132472888440736	false	0.5
gangster	neg 1.0		off 0.5122893296569844 neg 0.48063287257550774 __DUMMY__ 0.007077797767507914	false	0.5
krank	neg 1.0		off 0.5155067190193334 neg 0.4774402157807803 __DUMMY__ 0.007053065199886304	false	0.5
reich	neg 1.0		off 0.5151160769037852 neg 0.4778096787371808 __DUMMY__ 0.007074244359033893	false	0.5
gnadenlos	neg 1.0		off 0.5086688306037265 neg 0.4842594366781128 __DUMMY__ 0.0070717327181608535	false	0.5
niedergeschlagen	neg 1.0		off 0.5074312727735519 neg 0.4854564957531601 __DUMMY__ 0.007112231473288109	false	0.5
terrorisieren	off 1.0	off 1.0	off 0.7373394205796581 neg 0.25926543464591423 __DUMMY__ 0.0033951447744277065	false	1.0
sinnlosigkeit	neg 1.0		off 0.5054111625045411 neg 0.48749401220521027 __DUMMY__ 0.007094825290248548	false	0.5
behindern	neg 1.0		off 0.5079946279269263 neg 0.48489990713292624 __DUMMY__ 0.0071054649401475645	false	0.5
undemokratisch	neg 1.0		off 0.5082406303845253 neg 0.48468728308963016 __DUMMY__ 0.007072086525844662	false	0.5
wirtschaftskrise	neg 1.0		off 0.5038491333812233 neg 0.489051709960459 __DUMMY__ 0.007099156658317689	false	0.5
neid	neg 1.0		off 0.5132667507093295 neg 0.4796576490265959 __DUMMY__ 0.007075600264074556	false	0.5
rutschen	neg 1.0		off 0.5041101585881022 neg 0.4886666806802439 __DUMMY__ 0.007223160731654041	false	0.5
rezession	neg 1.0		off 0.5124031500214008 neg 0.4806502055059887 __DUMMY__ 0.006946644472610515	false	0.5
fehlgeburt	neg 1.0		off 0.5109936515376855 neg 0.4819152221073231 __DUMMY__ 0.007091126354991476	false	0.5
charakterschwach	off 1.0		off 0.5127697713271052 neg 0.48022161190949975 __DUMMY__ 0.007008616763394949	false	1.0
isolation	neg 1.0		off 0.5121977990141752 neg 0.48073524468157347 __DUMMY__ 0.00706695630425148	false	0.5
ablenkung	neg 1.0		off 0.5092474501288433 neg 0.48364649820317035 __DUMMY__ 0.007106051667986313	false	0.5
pech	neg 1.0		off 0.511926138887805 neg 0.481017521136905 __DUMMY__ 0.007056339975289912	false	0.5
vermeidung	neg 1.0		off 0.5150909227339985 neg 0.4778624684128635 __DUMMY__ 0.007046608853138095	false	0.5
dominieren	neg 1.0		off 0.5052359544531413 neg 0.48763079068664295 __DUMMY__ 0.007133254860215742	false	0.5
schwindlig	neg 1.0		off 0.5119475104027205 neg 0.48095845783289304 __DUMMY__ 0.007094031764386472	false	0.5
lutscher	neg 1.0		off 0.5209593512051074 neg 0.47211074281778703 __DUMMY__ 0.006929905977105504	false	0.5
pflicht	neg 1.0		off 0.5015649642154996 neg 0.49131758439953155 __DUMMY__ 0.007117451384968803	false	0.5
faschist	off 1.0		off 0.5112687114233068 neg 0.48166921287319286 __DUMMY__ 0.007062075703500303	false	1.0
verschleudern	neg 1.0		off 0.5021824210800307 neg 0.4907160819449145 __DUMMY__ 0.007101496975054701	false	0.5
wenn			off 0.5121553579270425 neg 0.48079251787558225 __DUMMY__ 0.007052124197375275	false	0.0
ehebruch	neg 1.0		off 0.5046134919948184 neg 0.48827679157510223 __DUMMY__ 0.007109716430079283	false	0.5
spott	off 1.0		off 0.5036266566238189 neg 0.48926813858201934 __DUMMY__ 0.007105204794161777	false	1.0
trostlosigkeit	neg 1.0		off 0.5034314446215455 neg 0.48940958738231416 __DUMMY__ 0.007158967996140303	false	0.5
lutschen	neg 1.0		off 0.5111192291849441 neg 0.4818340899798615 __DUMMY__ 0.00704668083519426	false	0.5
undiszipliniert	neg 1.0		off 0.5153622829419694 neg 0.47762352601058394 __DUMMY__ 0.007014191047446765	false	0.5
kopfschmerz	neg 1.0		off 0.5053581464939219 neg 0.4875528767727824 __DUMMY__ 0.007088976733295632	false	0.5
unvorhergesehen	neg 1.0		off 0.5068464437160256 neg 0.4859756762317946 __DUMMY__ 0.007177880052179667	false	0.5
desinteressiert	neg 1.0	neg 1.0	neg 0.7238049785472407 off 0.27285613860736124 __DUMMY__ 0.0033388828453981027	false	1.0
armselig	off 1.0		off 0.5144120185186591 neg 0.47860360711052463 __DUMMY__ 0.006984374370816139	false	1.0
desaster	neg 1.0		off 0.500759563337913 neg 0.49209405281486873 __DUMMY__ 0.007146383847218155	false	0.5
tod	neg 1.0		off 0.5082812940300888 neg 0.4845591902483921 __DUMMY__ 0.007159515721519076	false	0.5
herzlos	neg 1.0		off 0.515748357192016 neg 0.4772449742484326 __DUMMY__ 0.007006668559551581	false	0.5
unwissenheit	neg 1.0		off 0.5046583868436362 neg 0.48825087811781737 __DUMMY__ 0.007090735038546547	false	0.5
widersinnig	neg 1.0		off 0.5024006549875091 neg 0.49054656565757276 __DUMMY__ 0.007052779354918263	false	0.5
bedenklich	neg 1.0		off 0.5033450770576872 neg 0.4895639618530372 __DUMMY__ 0.007090961089275767	false	0.5
beanstanden	neg 1.0		off 0.5015310416580719 neg 0.49134391080896384 __DUMMY__ 0.007125047532964307	false	0.5
panisch	neg 1.0	neg 1.0	neg 0.7245331750241026 off 0.2720755997956441 __DUMMY__ 0.003391225180253306	false	1.0
debil	off 1.0		off 0.4995703435570584 neg 0.4932127640232169 __DUMMY__ 0.007216892419724837	false	1.0
abstrich	neg 1.0		off 0.5121437980187855 neg 0.4806844685651331 __DUMMY__ 0.007171733416081309	false	0.5
primitiv	neg 1.0		off 0.5128685420142928 neg 0.4801307105646148 __DUMMY__ 0.0070007474210924256	false	0.5
abschaum	off 1.0	off 1.0	off 0.741632563995864 neg 0.2550219548729546 __DUMMY__ 0.003345481131181394	false	1.0
provozieren	neg 1.0		off 0.5070831287185451 neg 0.4858665710226882 __DUMMY__ 0.007050300258766624	false	0.5
tot	neg 1.0		off 0.5054188014044886 neg 0.4874776721804944 __DUMMY__ 0.007103526415017077	false	0.5
instabil	neg 1.0		off 0.5155450161763168 neg 0.4774419201873093 __DUMMY__ 0.007013063636373835	false	0.5
schwuchtel	off 1.0	off 1.0	off 0.7477725312784904 neg 0.24895154825737742 __DUMMY__ 0.0032759204641321675	false	1.0
zerren	neg 1.0		off 0.5068634270074083 neg 0.48602024998523613 __DUMMY__ 0.007116323007355664	false	0.5
kinderficker	off 1.0		off 0.5186378926298874 neg 0.47437099551801304 __DUMMY__ 0.0069911118520996594	false	1.0
gefahr	neg 1.0		off 0.5028839158469193 neg 0.48996606022562045 __DUMMY__ 0.007150023927460169	false	0.5
rabiat	neg 1.0		off 0.5084710660953962 neg 0.4844365755294386 __DUMMY__ 0.007092358375165251	false	0.5
verlangsamung	neg 1.0		off 0.5167769728682298 neg 0.4762998295923918 __DUMMY__ 0.006923197539378372	false	0.5
ausgestorben	neg 1.0		off 0.5088286203057111 neg 0.4840654893138592 __DUMMY__ 0.007105890380429767	false	0.5
anklagen	neg 1.0		off 0.505414089925981 neg 0.4874707554996502 __DUMMY__ 0.007115154574368822	false	0.5
trott	neg 1.0		off 0.5084005349581758 neg 0.48449504184296655 __DUMMY__ 0.007104423198857574	false	0.5
verminderung	neg 1.0		off 0.5139619105958203 neg 0.4790179358407451 __DUMMY__ 0.007020153563434566	false	0.5
nach			off 0.5026707135769177 neg 0.4901004416056154 __DUMMY__ 0.007228844817466765	false	0.0
rost	neg 1.0		off 0.5182662452010467 neg 0.474759796523557 __DUMMY__ 0.0069739582753963825	false	0.5
destruktiv	neg 1.0		off 0.5060875204741172 neg 0.48684956183139066 __DUMMY__ 0.007062917694492104	false	0.5
unzumutbarkeit	neg 1.0		off 0.5144944115879824 neg 0.47844656300969224 __DUMMY__ 0.007059025402325355	false	0.5
labil	off 1.0	off 1.0	off 0.7416733809744404 neg 0.25497078530349776 __DUMMY__ 0.0033558337220619366	false	1.0
ziemlich	neg 1.0		off 0.5150836149241891 neg 0.47785712309844014 __DUMMY__ 0.0070592619773709306	false	0.5
lachnummer	off 1.0		off 0.5070796387354545 neg 0.48585615658596526 __DUMMY__ 0.0070642046785802165	false	1.0
oder			off 0.5101349759828884 neg 0.4827637481341994 __DUMMY__ 0.007101275882912265	false	0.0
verfall	neg 1.0		off 0.4989947927201083 neg 0.4938345565775427 __DUMMY__ 0.007170650702348892	false	0.5
ausgrenzung	neg 1.0		off 0.5091947459332792 neg 0.48373230042141424 __DUMMY__ 0.007072953645306478	false	0.5
unordnung	neg 1.0		off 0.5189075007481376 neg 0.47402198246102406 __DUMMY__ 0.007070516790838362	false	0.5
fehlverhalten	neg 1.0		off 0.501079833367556 neg 0.4918247776873282 __DUMMY__ 0.007095388945115895	false	0.5
eine			off 0.5038403718777198 neg 0.48900696902348095 __DUMMY__ 0.007152659098799331	false	0.0
nille	neg 1.0		off 0.5090359905026866 neg 0.48384694137338186 __DUMMY__ 0.007117068123931799	false	0.5
qual	neg 1.0		off 0.5080153224484818 neg 0.4848768914663551 __DUMMY__ 0.007107786085163124	false	0.5
verschwenden	neg 1.0		off 0.502780515576717 neg 0.4901245300017103 __DUMMY__ 0.007094954421572633	false	0.5
riesig	neg 1.0		off 0.5061744956618269 neg 0.4866881016336283 __DUMMY__ 0.007137402704544822	false	0.5
verurteilen	neg 1.0		off 0.5036611221059778 neg 0.48926165660728343 __DUMMY__ 0.0070772212867387585	false	0.5
klischee	neg 1.0	neg 1.0	neg 0.7259794724348442 off 0.27067024904506964 __DUMMY__ 0.003350278520086231	false	1.0
diktatorisch	neg 1.0		off 0.5081113789234677 neg 0.4848232107759357 __DUMMY__ 0.0070654103005964985	false	0.5
vorhersehbar	neg 1.0		off 0.5092678946173586 neg 0.483701338098277 __DUMMY__ 0.007030767284364571	false	0.5
sowie			off 0.517587035748324 neg 0.47542632038102306 __DUMMY__ 0.006986643870653027	false	0.0
stornieren	neg 1.0		off 0.5143582721144148 neg 0.478497402349638 __DUMMY__ 0.007144325535947208	false	0.5
besteuerung	neg 1.0		off 0.5060394404550308 neg 0.4869218747931471 __DUMMY__ 0.007038684751822179	false	0.5
ungeschminkt	neg 1.0		off 0.5122761083647311 neg 0.48073033984153907 __DUMMY__ 0.006993551793729683	false	0.5
kritisch	neg 1.0		off 0.5034941446124586 neg 0.48940569726214295 __DUMMY__ 0.007100158125398378	false	0.5
schlamperei	off 1.0		off 0.5039333399858678 neg 0.4889290688256112 __DUMMY__ 0.007137591188521025	false	1.0
sucht	neg 1.0	neg 1.0	neg 0.723967781619856 off 0.27260874750198605 __DUMMY__ 0.003423470878157886	false	1.0
egoistisch	off 1.0		off 0.5171185782078351 neg 0.47592027963741834 __DUMMY__ 0.0069611421547465194	false	1.0
ausbeuter	off 1.0		off 0.5003938001828373 neg 0.49252213548153334 __DUMMY__ 0.007084064335629383	false	1.0
arschgeburt	off 1.0		off 0.5224735753622535 neg 0.4706554612970014 __DUMMY__ 0.006870963340745311	false	1.0
schubs	neg 1.0		off 0.5068300450573859 neg 0.4860600737929744 __DUMMY__ 0.007109881149639649	false	0.5
unsolide	neg 1.0		off 0.5081262522938313 neg 0.4848258800431857 __DUMMY__ 0.007047867662983	false	0.5
beschwerde	neg 1.0		off 0.503668301858477 neg 0.48921815396167245 __DUMMY__ 0.007113544179850459	false	0.5
stocken	neg 1.0		off 0.5041141391026277 neg 0.4887543130160655 __DUMMY__ 0.007131547881306769	false	0.5
isolieren	neg 1.0		off 0.504923343303672 neg 0.48796753351568656 __DUMMY__ 0.00710912318064151	false	0.5
unheilbar	neg 1.0		off 0.5084969201978993 neg 0.484414144565501 __DUMMY__ 0.007088935236599749	false	0.5
pisser	off 1.0		off 0.5150534357490539 neg 0.47794291980240955 __DUMMY__ 0.007003644448536608	false	1.0
löschen	neg 1.0		off 0.5087528386005917 neg 0.4841442946764637 __DUMMY__ 0.0071028667229446245	false	0.5
durchfallen	neg 1.0		off 0.5029872537752054 neg 0.4899375029895861 __DUMMY__ 0.007075243235208503	false	0.5
wichser	off 1.0	off 1.0	off 0.746963695372355 neg 0.24973910955382653 __DUMMY__ 0.0032971950738185356	false	1.0
terror	neg 1.0		off 0.5120223435534134 neg 0.48089807000747403 __DUMMY__ 0.007079586439112563	false	0.5
krass	neg 1.0		off 0.5167348734147772 neg 0.47626217218817085 __DUMMY__ 0.007002954397052106	false	0.5
revolte	neg 1.0		off 0.5106508744123138 neg 0.48226509485978386 __DUMMY__ 0.007084030727902382	false	0.5
besorgt	neg 1.0		off 0.5098641323064259 neg 0.4829755344225361 __DUMMY__ 0.007160333271038	false	0.5
nachlassen	neg 1.0		off 0.5058141148589678 neg 0.48702802747403845 __DUMMY__ 0.007157857666993713	false	0.5
alt	neg 1.0		off 0.5052548859169614 neg 0.4876467430060164 __DUMMY__ 0.0070983710770220875	false	0.5
hundesohn	off 1.0		off 0.521507655182505 neg 0.4715530038522946 __DUMMY__ 0.0069393409652004565	false	1.0
als			off 0.5060245607585061 neg 0.48687016104810527 __DUMMY__ 0.007105278193388703	false	0.0
abschreckung	neg 1.0		off 0.5012768009495886 neg 0.4915970284594164 __DUMMY__ 0.007126170590994991	false	0.5
unqualifiziert	neg 1.0		off 0.5096903225982508 neg 0.4832913992235202 __DUMMY__ 0.007018278178229152	false	0.5
abgewichst	off 1.0		off 0.5083833429729748 neg 0.4844948773377509 __DUMMY__ 0.007121779689274278	false	1.0
schwer	neg 1.0		off 0.5069798130916939 neg 0.4859365430001667 __DUMMY__ 0.007083643908139465	false	0.5
bedeutungslosigkeit	neg 1.0		off 0.5024485071510224 neg 0.4904309050151507 __DUMMY__ 0.007120587833827107	false	0.5
kapitulation	neg 1.0		off 0.5045559608354145 neg 0.48832004506483856 __DUMMY__ 0.007123994099746964	false	0.5
unscharf	neg 1.0		off 0.5093354348844735 neg 0.4836217678067389 __DUMMY__ 0.007042797308787605	false	0.5
schwinden	neg 1.0		off 0.5030128292830732 neg 0.4898521996460936 __DUMMY__ 0.007134971070833153	false	0.5
versklavung	neg 1.0		off 0.508984016469466 neg 0.4839275908348875 __DUMMY__ 0.007088392695646508	false	0.5
schlecht	neg 1.0		off 0.5150087627070807 neg 0.4779359730251995 __DUMMY__ 0.007055264267719595	false	0.5
verhasst	neg 1.0		off 0.5067258110033827 neg 0.48624271896005883 __DUMMY__ 0.007031470036558507	false	0.5
beschweren	neg 1.0		off 0.5099671232159415 neg 0.4829616653726627 __DUMMY__ 0.007071211411395764	false	0.5
scheiden	neg 1.0		off 0.5098824177340083 neg 0.48299992718016144 __DUMMY__ 0.007117655085830139	false	0.5
frustriert	neg 1.0		off 0.5058510702284433 neg 0.48706249592805 __DUMMY__ 0.00708643384350669	false	0.5
schimmelig	neg 1.0		off 0.5035270645206132 neg 0.489398729440017 __DUMMY__ 0.007074206039369755	false	0.5
fisch	neg 1.0		off 0.501489886555244 neg 0.49140165625684196 __DUMMY__ 0.0071084571879140995	false	0.5
schmuggel	neg 1.0		off 0.503507920196507 neg 0.4893664065525332 __DUMMY__ 0.007125673250959666	false	0.5
auffallen	neg 1.0		off 0.5107032257478712 neg 0.48223266397728004 __DUMMY__ 0.007064110274848718	false	0.5
konkurrenz	neg 1.0		off 0.5018516297011975 neg 0.49100557372280074 __DUMMY__ 0.007142796576001718	false	0.5
teufelskreis	neg 1.0	neg 1.0	neg 0.7284239860585173 off 0.26821132928508756 __DUMMY__ 0.0033646846563950643	false	1.0
aufschreien	neg 1.0		off 0.5097376014416118 neg 0.4832163501630408 __DUMMY__ 0.007046048395347226	false	0.5
schuldner	neg 1.0		off 0.5007161819855206 neg 0.4921805886468204 __DUMMY__ 0.007103229367658842	false	0.5
missgeburt	off 1.0	off 1.0	off 0.7444969182346519 neg 0.252196176393774 __DUMMY__ 0.0033069053715741098	false	1.0
arbeitslos	neg 1.0		off 0.5033430535096121 neg 0.4895832726688928 __DUMMY__ 0.007073673821495127	false	0.5
befallen	neg 1.0		off 0.5061584715397858 neg 0.48674770563417175 __DUMMY__ 0.007093822826042619	false	0.5
miesepetrig	off 1.0	off 1.0	off 0.742499777363783 neg 0.25414431533329546 __DUMMY__ 0.0033559073029214726	false	1.0
alarmieren	neg 1.0		off 0.5111908969304816 neg 0.4817738869626791 __DUMMY__ 0.007035216106839176	false	0.5
ungeduscht	off 1.0		off 0.5113274690315113 neg 0.4816407593697506 __DUMMY__ 0.007031771598738021	false	1.0
knappheit	neg 1.0		off 0.5018363062421419 neg 0.49110303869790023 __DUMMY__ 0.007060655059957817	false	0.5
schlange	neg 1.0		off 0.5126847774479169 neg 0.480189316839445 __DUMMY__ 0.007125905712638052	false	0.5
harsch	neg 1.0		off 0.5201962067108656 neg 0.4727637248990845 __DUMMY__ 0.007040068390049772	false	0.5
lang	neg 1.0		off 0.5099867140090679 neg 0.4829108070412235 __DUMMY__ 0.0071024789497084705	false	0.5
ziellos	neg 1.0		off 0.5063244367613446 neg 0.4865372638350284 __DUMMY__ 0.0071382994036270206	false	0.5
selbstverliebt	neg 1.0		off 0.5214999664477745 neg 0.47159322109087787 __DUMMY__ 0.006906812461347684	false	0.5
beseitigen	neg 1.0		off 0.5069294560989913 neg 0.4859645859464151 __DUMMY__ 0.007105957954593598	false	0.5
dumm	off 1.0		off 0.5187763679229938 neg 0.4742525514053819 __DUMMY__ 0.006971080671624337	false	1.0
arbeitsloser	neg 1.0		off 0.5055503412526157 neg 0.48733824193791986 __DUMMY__ 0.007111416809464526	false	0.5
blitzen	neg 1.0		off 0.5114798797065535 neg 0.481451162953246 __DUMMY__ 0.007068957340200415	false	0.5
hilflos	neg 1.0		off 0.5055236196864342 neg 0.4873853756587618 __DUMMY__ 0.007091004654804108	false	0.5
eklig	off 1.0		off 0.5179490418732595 neg 0.47510985884372997 __DUMMY__ 0.0069410992830105074	false	1.0
begriff			off 0.506536781363616 neg 0.48638163350770824 __DUMMY__ 0.007081585128675711	false	0.0
hungersnot	neg 1.0		off 0.5065068845458274 neg 0.4863693049594215 __DUMMY__ 0.007123810494751101	false	0.5
ungesetzlich	neg 1.0		off 0.5056823232168157 neg 0.4872835542916873 __DUMMY__ 0.007034122491496995	false	0.5
verschwendung	neg 1.0		off 0.5032784242917211 neg 0.489605845857771 __DUMMY__ 0.007115729850507722	false	0.5
schmerzvoll	neg 1.0		off 0.5100938292457814 neg 0.4828268860792424 __DUMMY__ 0.007079284674976279	false	0.5
vorzeitig	neg 1.0		off 0.5116212438225566 neg 0.4813012363783148 __DUMMY__ 0.007077519799128613	false	0.5
unvollkommenheit	neg 1.0		off 0.5081159026902018 neg 0.48472750864903347 __DUMMY__ 0.007156588660764698	false	0.5
intervenieren	neg 1.0		off 0.5023205943720946 neg 0.4905745622673936 __DUMMY__ 0.007104843360511872	false	0.5
banause	off 1.0		off 0.5193421873256762 neg 0.47375490623333183 __DUMMY__ 0.0069029064409919585	false	1.0
rebell	neg 1.0		off 0.4999186329641486 neg 0.49293781627350647 __DUMMY__ 0.007143550762344775	false	0.5
unlogisch	neg 1.0		off 0.5146753213652853 neg 0.4783319836256623 __DUMMY__ 0.00699269500905246	false	0.5
leiden	neg 1.0		off 0.5037506368566131 neg 0.48910452629622914 __DUMMY__ 0.007144836847157784	false	0.5
abschaffung	neg 1.0		off 0.5080668174119711 neg 0.48485059538260233 __DUMMY__ 0.007082587205426492	false	0.5
sturz	neg 1.0		off 0.5103203968685436 neg 0.4825558329690279 __DUMMY__ 0.007123770162428632	false	0.5
verkleinerung	neg 1.0		off 0.5086532674391988 neg 0.48432034901343296 __DUMMY__ 0.0070263835473682625	false	0.5
schmarotzer	off 1.0		off 0.5033978352251199 neg 0.4895457284367955 __DUMMY__ 0.007056436338084457	false	1.0
bestrafung	neg 1.0		off 0.5092700498914757 neg 0.48364619770747186 __DUMMY__ 0.007083752401052536	false	0.5
achtlos	neg 1.0	neg 1.0	neg 0.7271728556050722 off 0.2694391885713475 __DUMMY__ 0.0033879558235803057	false	1.0
ungeheuer	neg 1.0		off 0.5121946426699749 neg 0.48071104419946864 __DUMMY__ 0.007094313130556442	false	0.5
