unsolidarisch	neg 1.0		off 0.5049070711291861 neg 0.4880478595555972 __DUMMY__ 0.007045069315216777	false	0.5
nachteilig	neg 1.0		off 0.5028265921666355 neg 0.4900641685517625 __DUMMY__ 0.007109239281602061	false	0.5
skeptisch	neg 1.0		off 0.5026997238488716 neg 0.49017926585418814 __DUMMY__ 0.00712101029694027	false	0.5
schrecklich	neg 1.0		off 0.5173918822390258 neg 0.47559130900688845 __DUMMY__ 0.007016808754085743	false	0.5
schlapp	neg 1.0		off 0.5141054869603588 neg 0.47883868046424377 __DUMMY__ 0.007055832575397342	false	0.5
abfall	neg 1.0		off 0.5003641235144788 neg 0.49247053894120213 __DUMMY__ 0.007165337544319068	false	0.5
widerspenstig	neg 1.0		off 0.5086964660297415 neg 0.4842104119931533 __DUMMY__ 0.0070931219771052075	false	0.5
abrupt	neg 1.0		off 0.5064041577716971 neg 0.48643719380243133 __DUMMY__ 0.0071586484258715135	false	0.5
unwirksam	neg 1.0		off 0.5047568781824998 neg 0.48820468337089795 __DUMMY__ 0.007038438446602153	false	0.5
angreifen	neg 1.0		off 0.5022256823983424 neg 0.4906592659335228 __DUMMY__ 0.007115051668134611	false	0.5
inkonsistent	neg 1.0		off 0.5075184421704206 neg 0.4854260011036481 __DUMMY__ 0.007055556725931293	false	0.5
abrutschen	neg 1.0		off 0.5000237912045556 neg 0.4928280562256857 __DUMMY__ 0.007148152569758715	false	0.5
unsicher	neg 1.0		off 0.5088306285220751 neg 0.48406322538130264 __DUMMY__ 0.007106146096622351	false	0.5
bauernkind	off 1.0	off 1.0	off 0.7415973220059168 neg 0.25511959062513345 __DUMMY__ 0.0032830873689496973	false	1.0
angreifer	neg 1.0	neg 1.0	neg 0.7250293047894917 off 0.2715768654075661 __DUMMY__ 0.00339382980294223	false	1.0
trennen	neg 1.0		off 0.5047840202022087 neg 0.48805438358626557 __DUMMY__ 0.007161596211525604	false	0.5
schmutz	neg 1.0		off 0.5131337117831473 neg 0.4797332354339909 __DUMMY__ 0.007133052782861765	false	0.5
inkonsistenz	neg 1.0		off 0.5093612997400014 neg 0.48365546713646407 __DUMMY__ 0.006983233123534439	false	0.5
erschreckend	neg 1.0		off 0.5062680945891642 neg 0.48665130110117616 __DUMMY__ 0.007080604309659646	false	0.5
ertrinken	neg 1.0		off 0.504055298750209 neg 0.4888122721860515 __DUMMY__ 0.007132429063739474	false	0.5
pickelface	off 1.0		off 0.5079189423923849 neg 0.48497107506520337 __DUMMY__ 0.007109982542411699	false	1.0
seiner			off 0.5036639468698787 neg 0.48920712910393804 __DUMMY__ 0.007128924026183343	false	0.0
lauch	neg 1.0		off 0.5022371641427913 neg 0.4905922993741825 __DUMMY__ 0.00717053648302617	false	0.5
unwichtig	neg 1.0		off 0.5113387841127627 neg 0.4816361240332479 __DUMMY__ 0.007025091853989548	false	0.5
steuerhinterziehung	neg 1.0	neg 1.0	neg 0.7289726620837053 off 0.26764348997608345 __DUMMY__ 0.0033838479402113256	false	1.0
schock	neg 1.0		off 0.5085080564594667 neg 0.4843737244903607 __DUMMY__ 0.00711821905017252	false	0.5
beule	neg 1.0		off 0.5142407839142472 neg 0.47872533662416417 __DUMMY__ 0.007033879461588586	false	0.5
vergelten	neg 1.0		off 0.5183031719244741 neg 0.47463571234748586 __DUMMY__ 0.007061115728039863	false	0.5
verdorbenheit	neg 1.0		off 0.511718060967625 neg 0.4811491802577974 __DUMMY__ 0.007132758774577602	false	0.5
trauma	neg 1.0		off 0.5092841428924333 neg 0.48362766646499217 __DUMMY__ 0.00708819064257461	false	0.5
sinnlos	neg 1.0		off 0.5103167536855429 neg 0.4826090945135539 __DUMMY__ 0.007074151800903302	false	0.5
fettsack	off 1.0	off 1.0	off 0.7433969871312393 neg 0.2533035651854004 __DUMMY__ 0.0032994476833602786	false	1.0
feige	off 1.0	off 1.0	off 0.7409502896285176 neg 0.255714674950335 __DUMMY__ 0.003335035421147501	false	1.0
abdanken	neg 1.0		off 0.5078039526621311 neg 0.48509207286708034 __DUMMY__ 0.007103974470788584	false	0.5
wichtigtuer	off 1.0	off 1.0	off 0.7399956481704524 neg 0.25665244730687303 __DUMMY__ 0.0033519045226746173	false	1.0
misslingen	neg 1.0		off 0.5130006480584414 neg 0.47984060011704543 __DUMMY__ 0.007158751824513224	false	0.5
untreu	off 1.0		off 0.5130684136263853 neg 0.47989165227930786 __DUMMY__ 0.007039934094306903	false	1.0
missmutig	neg 1.0		off 0.5133371982434959 neg 0.4796018231082781 __DUMMY__ 0.007060978648226135	false	0.5
hurenbock	off 1.0		off 0.5117785795466739 neg 0.4811197013284308 __DUMMY__ 0.007101719124895344	false	1.0
betrunken	neg 1.0		off 0.5156944856132586 neg 0.4772639704422294 __DUMMY__ 0.007041543944512065	false	0.5
korrupt	off 1.0		off 0.5025040946291267 neg 0.49043626220295355 __DUMMY__ 0.007059643167919863	false	1.0
unmut	neg 1.0		off 0.5006027945510264 neg 0.4922410059960674 __DUMMY__ 0.007156199452906188	false	0.5
hackfresse	off 1.0		off 0.5195399452697221 neg 0.4734948770235796 __DUMMY__ 0.006965177706698411	false	1.0
aufblasen	neg 1.0		off 0.5109763290845387 neg 0.4819313261357088 __DUMMY__ 0.007092344779752457	false	0.5
gewaltsam	neg 1.0		off 0.5077570215731992 neg 0.4851228573356658 __DUMMY__ 0.007120121091135099	false	0.5
unbeliebtheit	neg 1.0		off 0.5100708093837049 neg 0.48290532901641864 __DUMMY__ 0.007023861599876383	false	0.5
sturheit	neg 1.0		off 0.5055863060368443 neg 0.4873294890939835 __DUMMY__ 0.007084204869172028	false	0.5
kuh	neg 1.0		off 0.5069764451428791 neg 0.4860168422370882 __DUMMY__ 0.007006712620032722	false	0.5
erschrecken	neg 1.0		off 0.5136649969073039 neg 0.4792604685902375 __DUMMY__ 0.007074534502458564	false	0.5
opfer	neg 1.0		off 0.5046058691733717 neg 0.488275305533371 __DUMMY__ 0.007118825293257264	false	0.5
sinken	neg 1.0		off 0.5019768742352564 neg 0.49086129502711484 __DUMMY__ 0.00716183073762876	false	0.5
stinktier	neg 1.0		off 0.5131832910394772 neg 0.4798888049512436 __DUMMY__ 0.0069279040092791845	false	0.5
tucke	off 1.0		off 0.5190543377101602 neg 0.4740174256531669 __DUMMY__ 0.006928236636672967	false	1.0
ein			off 0.5099386912322698 neg 0.4829690553086093 __DUMMY__ 0.0070922534591211185	false	0.0
abstieg	neg 1.0		off 0.5045232960278484 neg 0.48833592675215 __DUMMY__ 0.007140777220001726	false	0.5
missverstehen	neg 1.0		off 0.5086912063127239 neg 0.4842805204716845 __DUMMY__ 0.00702827321559169	false	0.5
ergebnislos	neg 1.0		off 0.5041406687881564 neg 0.4887164980012558 __DUMMY__ 0.0071428332105878106	false	0.5
unter			off 0.49827507286550526 neg 0.4944943775090379 __DUMMY__ 0.0072305496254567395	false	0.0
manipulieren	neg 1.0		off 0.5026867124054367 neg 0.4901826377977122 __DUMMY__ 0.007130649796850952	false	0.5
unbewiesen	neg 1.0		off 0.5039396577492778 neg 0.4890302870649103 __DUMMY__ 0.007030055185811728	false	0.5
verschleppen	neg 1.0		off 0.5042065308357748 neg 0.4886890774449113 __DUMMY__ 0.007104391719313797	false	0.5
weib	off 1.0		off 0.517426898873144 neg 0.4756602990911259 __DUMMY__ 0.006912802035730014	false	1.0
opposition	neg 1.0		off 0.5085418383943893 neg 0.48439942367521727 __DUMMY__ 0.007058737930393424	false	0.5
verkehrswidrig	neg 1.0		off 0.5206880803442331 neg 0.4722397603739422 __DUMMY__ 0.007072159281824639	false	0.5
inkorrekt	neg 1.0		off 0.5139247163334968 neg 0.47909548669721 __DUMMY__ 0.006979796969293233	false	0.5
vermeiden	neg 1.0	neg 1.0	neg 0.7313596294903622 off 0.2652105613745751 __DUMMY__ 0.003429809135062691	false	1.0
abweichung	neg 1.0		off 0.5039552576837363 neg 0.4889357163650702 __DUMMY__ 0.0071090259511937415	false	0.5
alkoholisiert	neg 1.0		off 0.5049645864714019 neg 0.4878937732589699 __DUMMY__ 0.007141640269628189	false	0.5
scheiss	off 1.0	off 1.0	off 0.7420798170456898 neg 0.2545757697581848 __DUMMY__ 0.00334441319612539	false	1.0
herausforderung	neg 1.0		off 0.5031130329290998 neg 0.4897594513132307 __DUMMY__ 0.007127515757669468	false	0.5
pervers	off 1.0		off 0.522254956327838 neg 0.4708176225452041 __DUMMY__ 0.006927421126957758	false	1.0
wackelig	neg 1.0		off 0.5091173214124225 neg 0.4837289626376491 __DUMMY__ 0.007153715949928589	false	0.5
verwickeln	neg 1.0		off 0.5081772176734514 neg 0.4847895724935578 __DUMMY__ 0.007033209832990845	false	0.5
vorwand	neg 1.0		off 0.501785547179934 neg 0.4910956232032643 __DUMMY__ 0.0071188296168017565	false	0.5
muschi	off 1.0		off 0.5080598844968233 neg 0.48483082554397255 __DUMMY__ 0.007109289959204186	false	1.0
entmutigung	neg 1.0		off 0.509006938378807 neg 0.4839148838916275 __DUMMY__ 0.007078177729565504	false	0.5
unangemessen	neg 1.0		off 0.5039843284695479 neg 0.4889520961950235 __DUMMY__ 0.007063575335428772	false	0.5
unstetig	neg 1.0		off 0.5114658300185301 neg 0.4814563761133596 __DUMMY__ 0.007077793868110354	false	0.5
entmutigen	neg 1.0		off 0.5087730764880437 neg 0.48414768844430167 __DUMMY__ 0.007079235067654659	false	0.5
schwanz	neg 1.0		off 0.5055917544646907 neg 0.4872816554726548 __DUMMY__ 0.0071265900626546275	false	0.5
verbot	neg 1.0		off 0.5044823694864943 neg 0.4884164856504785 __DUMMY__ 0.007101144863027245	false	0.5
leid	neg 1.0		off 0.5174392396609171 neg 0.4755827297510587 __DUMMY__ 0.006978030588024129	false	0.5
archaisch	neg 1.0		off 0.5061982310514223 neg 0.4867092655902975 __DUMMY__ 0.007092503358280351	false	0.5
gegen			off 0.5019994070324181 neg 0.4908380482754684 __DUMMY__ 0.0071625446921134315	false	0.0
scheidung	neg 1.0		off 0.530573331633326 neg 0.46246138182548435 __DUMMY__ 0.006965286541189707	false	0.5
einschlag	neg 1.0		off 0.5160554409680969 neg 0.47691974489702516 __DUMMY__ 0.007024814134878165	false	0.5
m			off 0.5069906779843876 neg 0.4858807637241433 __DUMMY__ 0.007128558291469225	false	0.0
abgestanden	neg 1.0		off 0.507994199007987 neg 0.48493911153237157 __DUMMY__ 0.007066689459641428	false	0.5
schmierig	off 1.0		off 0.5180518554384905 neg 0.47494225963696546 __DUMMY__ 0.007005884924543917	false	1.0
unpraktisch	neg 1.0		off 0.5104478222584585 neg 0.4824635177942476 __DUMMY__ 0.0070886599472939635	false	0.5
wixxer	off 1.0		off 0.5209337919653663 neg 0.4721651123952668 __DUMMY__ 0.006901095639366851	false	1.0
bezeichnet			off 0.506079845482794 neg 0.4868634969955375 __DUMMY__ 0.007056657521668391	false	0.0
jammerlappen	off 1.0		off 0.5136447866272597 neg 0.4792938036013108 __DUMMY__ 0.007061409771429505	false	1.0
farce	neg 1.0		off 0.5055591455910722 neg 0.48734745341743585 __DUMMY__ 0.0070934009914919325	false	0.5
zwecklos	neg 1.0		off 0.5046588375522412 neg 0.48825871138003374 __DUMMY__ 0.007082451067725113	false	0.5
turbulent	neg 1.0		off 0.5132222666953328 neg 0.4797622840634522 __DUMMY__ 0.007015449241214946	false	0.5
invasion	neg 1.0		off 0.5099569974585461 neg 0.4829709416284484 __DUMMY__ 0.007072060913005649	false	0.5
schuld	neg 1.0		off 0.5079149827735225 neg 0.4850236429671269 __DUMMY__ 0.007061374259350412	false	0.5
risiko	neg 1.0	neg 1.0	neg 0.7257669222914875 off 0.27084190254807405 __DUMMY__ 0.003391175160438521	false	1.0
finster	neg 1.0		off 0.5081838818744221 neg 0.4847617101997976 __DUMMY__ 0.007054407925780265	false	0.5
geisteskrank	off 1.0		off 0.5116252824086276 neg 0.4813892911677256 __DUMMY__ 0.006985426423646884	false	1.0
zusammenbrechen	neg 1.0		off 0.5061862362554584 neg 0.4867094527773833 __DUMMY__ 0.007104310967158282	false	0.5
ausbeute	neg 1.0		off 0.5103290949025193 neg 0.48246316246159116 __DUMMY__ 0.007207742635889572	false	0.5
hinterhalt	neg 1.0		off 0.5118432451376378 neg 0.4809674743446358 __DUMMY__ 0.0071892805177262795	false	0.5
kritik	neg 1.0		off 0.5049518521924671 neg 0.48795957968509407 __DUMMY__ 0.007088568122438989	false	0.5
einschrumpfen	neg 1.0		off 0.5107694755791112 neg 0.48219403635062275 __DUMMY__ 0.007036488070265844	false	0.5
riskant	neg 1.0		off 0.5022833883956884 neg 0.49061587757659403 __DUMMY__ 0.0071007340277176555	false	0.5
frustrieren	neg 1.0		off 0.5037301279026997 neg 0.48916694872333827 __DUMMY__ 0.007102923373962116	false	0.5
groll	neg 1.0		off 0.504102885986524 neg 0.4888126351155213 __DUMMY__ 0.007084478897954534	false	0.5
gibt			off 0.5065302427087167 neg 0.4863609950696171 __DUMMY__ 0.007108762221666296	false	0.0
qualvoll	neg 1.0		off 0.5118152605633471 neg 0.4811102462606392 __DUMMY__ 0.007074493176013552	false	0.5
wackeln	neg 1.0		off 0.5111050569579207 neg 0.4817769264312471 __DUMMY__ 0.007118016610832067	false	0.5
klagen	neg 1.0		off 0.5005862863928698 neg 0.4922759606697237 __DUMMY__ 0.007137752937406459	false	0.5
bankrott	neg 1.0		off 0.5137503152777242 neg 0.47917283199404614 __DUMMY__ 0.007076852728229756	false	0.5
trauern	neg 1.0		off 0.506085116149752 neg 0.48676261582822206 __DUMMY__ 0.007152268022025987	false	0.5
ablehnung	neg 1.0		off 0.504465749421919 neg 0.4884464543284182 __DUMMY__ 0.007087796249662796	false	0.5
stur	neg 1.0		off 0.5083747517934666 neg 0.4845610843750236 __DUMMY__ 0.007064163831509889	false	0.5
aufruhr	neg 1.0		off 0.507525294172629 neg 0.4853667036035761 __DUMMY__ 0.007108002223794883	false	0.5
melancholie	neg 1.0		off 0.5063318953946365 neg 0.4865362212462318 __DUMMY__ 0.007131883359131558	false	0.5
ist			off 0.5102592615619892 neg 0.48266227697111175 __DUMMY__ 0.00707846146689897	false	0.0
torheit	neg 1.0		off 0.5080760510665921 neg 0.48484060593317274 __DUMMY__ 0.00708334300023506	false	0.5
dreckskind	off 1.0		off 0.5166604585693845 neg 0.4763974695384464 __DUMMY__ 0.00694207189216917	false	1.0
umtauschen	neg 1.0		off 0.5086408872227951 neg 0.4842565073168262 __DUMMY__ 0.007102605460378546	false	0.5
zum			off 0.5033604825828373 neg 0.48940480731310615 __DUMMY__ 0.007234710104056487	false	0.0
zersetzen	neg 1.0		off 0.5012289499588688 neg 0.4916683977943631 __DUMMY__ 0.00710265224676816	false	0.5
zur			off 0.5005536702280566 neg 0.4922401867837992 __DUMMY__ 0.007206142988144281	false	0.0
frust	neg 1.0		off 0.5065928167631473 neg 0.48629554269188036 __DUMMY__ 0.007111640544972335	false	0.5
unerbittlichkeit	neg 1.0		off 0.5023187190151573 neg 0.49056037396838753 __DUMMY__ 0.007120907016455103	false	0.5
zwei			off 0.5038417376621623 neg 0.48894218209368523 __DUMMY__ 0.007216080244152384	false	0.0
unkorrekt	neg 1.0		off 0.5150666168654305 neg 0.4779275441372853 __DUMMY__ 0.007005838997284291	false	0.5
hexe	off 1.0		off 0.5110946974857641 neg 0.4818975015673979 __DUMMY__ 0.007007800946838085	false	1.0
lasch	neg 1.0		off 0.5100129123353322 neg 0.4829605622428685 __DUMMY__ 0.00702652542179932	false	0.5
rivale	neg 1.0		off 0.5148940285889082 neg 0.47808300538839205 __DUMMY__ 0.007022966022699865	false	0.5
mutlos	off 1.0	off 1.0	off 0.7362786776162205 neg 0.26034055239110676 __DUMMY__ 0.0033807699926726798	false	1.0
wirr	off 1.0		off 0.5147597719913702 neg 0.4782599830192112 __DUMMY__ 0.00698024498941848	false	1.0
jahr			off 0.5079858021256427 neg 0.4847904070695294 __DUMMY__ 0.007223790804827692	false	0.0
wird			off 0.505079780239846 neg 0.48780929618925567 __DUMMY__ 0.007110923570898248	false	0.0
strafbar	neg 1.0		off 0.5027050945698249 neg 0.49019737227874705 __DUMMY__ 0.007097533151428065	false	0.5
erosion	neg 1.0		off 0.509791956479682 neg 0.48309121030337343 __DUMMY__ 0.007116833216944583	false	0.5
eingehen	neg 1.0		off 0.5030308940513983 neg 0.4898718096655561 __DUMMY__ 0.007097296283045467	false	0.5
faul	off 1.0		off 0.5136583761498401 neg 0.4792674254515543 __DUMMY__ 0.0070741983986056444	false	1.0
provisorium	neg 1.0		off 0.4999256568787181 neg 0.49283110479562114 __DUMMY__ 0.007243238325660778	false	0.5
schmerzen	neg 1.0		off 0.5061261367459033 neg 0.4867953523020795 __DUMMY__ 0.007078510952017059	false	0.5
schrumpfen	neg 1.0		off 0.49778822652927424 neg 0.4950589765197651 __DUMMY__ 0.0071527969509606335	false	0.5
geistlos	off 1.0		off 0.507377414138035 neg 0.48560979401700133 __DUMMY__ 0.007012791844963418	false	1.0
fehlkauf	neg 1.0		off 0.5107886922705333 neg 0.4821218748601046 __DUMMY__ 0.007089432869362164	false	0.5
frustrierend	neg 1.0		off 0.5117306403039423 neg 0.48121514318964176 __DUMMY__ 0.007054216506416023	false	0.5
unzufrieden	neg 1.0		off 0.5041780220176778 neg 0.4887395787874982 __DUMMY__ 0.007082399194824113	false	0.5
verzweifeln	neg 1.0		off 0.5068584819777784 neg 0.48604737282448884 __DUMMY__ 0.007094145197732855	false	0.5
verzweifelt	neg 1.0	neg 1.0	neg 0.727560665694789 off 0.26908186204135304 __DUMMY__ 0.0033574722638579	false	1.0
misstrauensantrag	neg 1.0		off 0.5103109202221869 neg 0.4826166605463255 __DUMMY__ 0.00707241923148767	false	0.5
abfallen	neg 1.0		off 0.5108409270928865 neg 0.48204780124777274 __DUMMY__ 0.007111271659340587	false	0.5
fucker	off 1.0		off 0.5166293286977425 neg 0.47632914293256434 __DUMMY__ 0.007041528369693302	false	1.0
ungezogen	neg 1.0		off 0.5218321119639118 neg 0.47122600162223655 __DUMMY__ 0.006941886413851677	false	0.5
irrsinnig	neg 1.0	neg 1.0	neg 0.7272843513491196 off 0.2693532306011961 __DUMMY__ 0.0033624180496844174	false	1.0
unfassbar	neg 1.0		off 0.5147306166761803 neg 0.47821895336313736 __DUMMY__ 0.007050429960682451	false	0.5
hart	neg 1.0		off 0.5135650028656924 neg 0.4793959277004893 __DUMMY__ 0.007039069433818382	false	0.5
widerlich	off 1.0		off 0.5129975980230329 neg 0.4799952913674197 __DUMMY__ 0.007007110609547428	false	1.0
fatal	neg 1.0		off 0.5106095505718478 neg 0.4823146463065936 __DUMMY__ 0.0070758031215584945	false	0.5
bruch	neg 1.0		off 0.5019417230979839 neg 0.49090749510426235 __DUMMY__ 0.007150781797753714	false	0.5
aushungern	neg 1.0		off 0.506181625423708 neg 0.48670953619117713 __DUMMY__ 0.007108838385114866	false	0.5
anspannung	neg 1.0		off 0.502486634711933 neg 0.49029361453511333 __DUMMY__ 0.007219750752953648	false	0.5
von			off 0.5090964326940425 neg 0.483661666132912 __DUMMY__ 0.007241901173045511	false	0.0
kraftlos	neg 1.0		off 0.5067293264250229 neg 0.48614662162589106 __DUMMY__ 0.007124051949085935	false	0.5
vom			off 0.5019752861370509 neg 0.4907607172416096 __DUMMY__ 0.007263996621339598	false	0.0
grenzdebil	off 1.0		off 0.515227619180729 neg 0.47772256512294736 __DUMMY__ 0.007049815696323797	false	1.0
vor			off 0.5038459896310448 neg 0.4889869246172952 __DUMMY__ 0.00716708575166001	false	0.0
unterwerfen	neg 1.0		off 0.5041270762540488 neg 0.488760789520996 __DUMMY__ 0.007112134224955122	false	0.5
versenkung	neg 1.0		off 0.5058860528826629 neg 0.48697445394482375 __DUMMY__ 0.007139493172513298	false	0.5
entziehen	neg 1.0		off 0.501205933709771 neg 0.49165786841629067 __DUMMY__ 0.00713619787393842	false	0.5
finanzkrise	neg 1.0		off 0.505706421301065 neg 0.4872158733757223 __DUMMY__ 0.007077705323212765	false	0.5
schimpfend	neg 1.0		off 0.5103510971166236 neg 0.48257411777239345 __DUMMY__ 0.007074785110982966	false	0.5
profan	neg 1.0		off 0.5101597183552812 neg 0.48278384473415586 __DUMMY__ 0.007056436910562837	false	0.5
korruption	neg 1.0		off 0.5043499539148345 neg 0.4885460579898042 __DUMMY__ 0.007103988095361223	false	0.5
â			off 0.5069417420500361 neg 0.4859180946398282 __DUMMY__ 0.007140163310135667	false	0.0
schmutzig	neg 1.0		off 0.5162609011857772 neg 0.47668293822159313 __DUMMY__ 0.007056160592629774	false	0.5
sexy	neg 1.0		off 0.5128133660998765 neg 0.48010749999276214 __DUMMY__ 0.007079133907361302	false	0.5
abraten	neg 1.0		off 0.5103450692667096 neg 0.4825792692558515 __DUMMY__ 0.007075661477438933	false	0.5
schwarz	neg 1.0		off 0.5097676078594562 neg 0.48315400160638206 __DUMMY__ 0.0070783905341617465	false	0.5
fotze	off 1.0	off 1.0	off 0.7388522391225868 neg 0.25774930563942827 __DUMMY__ 0.003398455237984936	false	1.0
verwirren	neg 1.0		off 0.5110198726405054 neg 0.48191927121378153 __DUMMY__ 0.007060856145712973	false	0.5
zahnlos	off 1.0		off 0.5056990636882066 neg 0.48721247851134125 __DUMMY__ 0.007088457800452158	false	1.0
verheeren	neg 1.0		off 0.5242435654571483 neg 0.4688023244464376 __DUMMY__ 0.006954110096414244	false	0.5
hippie	neg 1.0		off 0.5122950825492893 neg 0.4806253324948998 __DUMMY__ 0.007079584955810978	false	0.5
rammen	neg 1.0		off 0.5086960140247351 neg 0.484245875121516 __DUMMY__ 0.0070581108537488444	false	0.5
unlauter	neg 1.0		off 0.506952687052194 neg 0.48600061631168934 __DUMMY__ 0.007046696636116547	false	0.5
unheilvoll	neg 1.0		off 0.5108794913372147 neg 0.4820333230253076 __DUMMY__ 0.007087185637477762	false	0.5
niedrig	neg 1.0		off 0.5016226891758768 neg 0.49128368773778264 __DUMMY__ 0.0070936230863406025	false	0.5
explosion	neg 1.0		off 0.5111054611658106 neg 0.48182366646556923 __DUMMY__ 0.0070708723686201775	false	0.5
weichei	off 1.0	off 1.0	off 0.7445399416954352 neg 0.2521450388287235 __DUMMY__ 0.0033150194758412802	false	1.0
minusmensch	off 1.0		off 0.5188981572540152 neg 0.47417565906150516 __DUMMY__ 0.006926183684479656	false	1.0
farblos	neg 1.0		off 0.5087197810686833 neg 0.4841755573340678 __DUMMY__ 0.0071046615972489985	false	0.5
unwissend	neg 1.0	neg 1.0	neg 0.7253106809470562 off 0.27134525361853223 __DUMMY__ 0.0033440654344115872	false	1.0
traurig	neg 1.0		off 0.517026984435334 neg 0.47594388470925686 __DUMMY__ 0.007029130855408999	false	0.5
senkung	neg 1.0		off 0.5091208829971091 neg 0.4838400854799483 __DUMMY__ 0.007039031522942719	false	0.5
ungleich	neg 1.0	neg 1.0	neg 0.7306315868561113 off 0.2659852610885254 __DUMMY__ 0.0033831520553631632	false	1.0
heikel	neg 1.0		off 0.5022266377892873 neg 0.49067311485617954 __DUMMY__ 0.007100247354533033	false	0.5
drosselung	neg 1.0		off 0.5143461327873682 neg 0.47861681065774525 __DUMMY__ 0.007037056554886595	false	0.5
falsch	neg 1.0		off 0.5113359739767008 neg 0.48162183196228675 __DUMMY__ 0.007042194061012372	false	0.5
unzufriedenheit	neg 1.0		off 0.501713040011138 neg 0.49115939437886325 __DUMMY__ 0.007127565609998594	false	0.5
kurz	neg 1.0		off 0.5091444102996265 neg 0.48371401899467087 __DUMMY__ 0.0071415707057025865	false	0.5
unsinnig	neg 1.0		off 0.5048597495085988 neg 0.4880708011031509 __DUMMY__ 0.007069449388250354	false	0.5
penner	off 1.0	off 1.0	off 0.7455571861830341 neg 0.25112974911698116 __DUMMY__ 0.0033130646999847994	false	1.0
seicht	neg 1.0		off 0.5196657593738424 neg 0.4734129671008733 __DUMMY__ 0.006921273525284353	false	0.5
dummheit	off 1.0	off 1.0	off 0.7400731217297885 neg 0.2565778131136239 __DUMMY__ 0.0033490651565876886	false	1.0
unerfreulich	neg 1.0		off 0.5026555748556233 neg 0.4902183914888906 __DUMMY__ 0.007126033655486146	false	0.5
motherfucker	off 1.0	off 1.0	off 0.7432977801259459 neg 0.25335296584241784 __DUMMY__ 0.0033492540316362464	false	1.0
pikiert	neg 1.0		off 0.5128571936160012 neg 0.4801198841901202 __DUMMY__ 0.007022922193878543	false	0.5
wrack	neg 1.0		off 0.5075983803982177 neg 0.4852691467133416 __DUMMY__ 0.007132472888440733	false	0.5
gangster	neg 1.0		off 0.5122893296569848 neg 0.48063287257550724 __DUMMY__ 0.007077797767507914	false	0.5
krank	neg 1.0		off 0.515506719019334 neg 0.4774402157807798 __DUMMY__ 0.007053065199886304	false	0.5
reich	neg 1.0		off 0.5151160769037856 neg 0.4778096787371805 __DUMMY__ 0.007074244359033896	false	0.5
gnadenlos	neg 1.0		off 0.5086688306037267 neg 0.48425943667811244 __DUMMY__ 0.0070717327181608535	false	0.5
niedergeschlagen	neg 1.0		off 0.5074312727735516 neg 0.4854564957531604 __DUMMY__ 0.007112231473288115	false	0.5
terrorisieren	off 1.0	off 1.0	off 0.7373394205796577 neg 0.25926543464591456 __DUMMY__ 0.0033951447744277044	false	1.0
sinnlosigkeit	neg 1.0		off 0.5054111625045411 neg 0.48749401220521027 __DUMMY__ 0.007094825290248545	false	0.5
behindern	neg 1.0		off 0.5079946279269263 neg 0.48489990713292624 __DUMMY__ 0.007105464940147548	false	0.5
undemokratisch	neg 1.0		off 0.508240630384525 neg 0.48468728308963027 __DUMMY__ 0.007072086525844662	false	0.5
wirtschaftskrise	neg 1.0		off 0.5038491333812235 neg 0.48905170996045894 __DUMMY__ 0.007099156658317694	false	0.5
neid	neg 1.0		off 0.5132667507093303 neg 0.47965764902659525 __DUMMY__ 0.00707560026407455	false	0.5
rutschen	neg 1.0		off 0.5041101585881019 neg 0.4886666806802441 __DUMMY__ 0.007223160731654043	false	0.5
rezession	neg 1.0		off 0.512403150021401 neg 0.48065020550598847 __DUMMY__ 0.006946644472610509	false	0.5
fehlgeburt	neg 1.0		off 0.5109936515376858 neg 0.48191522210732274 __DUMMY__ 0.0070911263549914725	false	0.5
charakterschwach	off 1.0		off 0.5127697713271053 neg 0.48022161190949975 __DUMMY__ 0.007008616763394951	false	1.0
isolation	neg 1.0		off 0.5121977990141752 neg 0.4807352446815734 __DUMMY__ 0.007066956304251489	false	0.5
ablenkung	neg 1.0		off 0.5092474501288435 neg 0.4836464982031701 __DUMMY__ 0.00710605166798633	false	0.5
pech	neg 1.0		off 0.5119261388878051 neg 0.48101752113690505 __DUMMY__ 0.0070563399752899105	false	0.5
vermeidung	neg 1.0		off 0.5150909227339983 neg 0.4778624684128637 __DUMMY__ 0.007046608853138091	false	0.5
dominieren	neg 1.0		off 0.5052359544531411 neg 0.48763079068664317 __DUMMY__ 0.007133254860215747	false	0.5
schwindlig	neg 1.0		off 0.51194751040272 neg 0.4809584578328935 __DUMMY__ 0.007094031764386462	false	0.5
lutscher	neg 1.0		off 0.5209593512051078 neg 0.47211074281778653 __DUMMY__ 0.006929905977105515	false	0.5
pflicht	neg 1.0		off 0.5015649642155 neg 0.4913175843995311 __DUMMY__ 0.007117451384968802	false	0.5
faschist	off 1.0		off 0.5112687114233068 neg 0.4816692128731928 __DUMMY__ 0.00706207570350031	false	1.0
verschleudern	neg 1.0		off 0.5021824210800305 neg 0.4907160819449148 __DUMMY__ 0.007101496975054689	false	0.5
wenn			off 0.512155357927043 neg 0.4807925178755818 __DUMMY__ 0.007052124197375268	false	0.0
ehebruch	neg 1.0		off 0.504613491994819 neg 0.4882767915751018 __DUMMY__ 0.007109716430079283	false	0.5
spott	off 1.0		off 0.5036266566238188 neg 0.48926813858201945 __DUMMY__ 0.007105204794161778	false	1.0
trostlosigkeit	neg 1.0		off 0.5034314446215448 neg 0.48940958738231494 __DUMMY__ 0.0071589679961403035	false	0.5
lutschen	neg 1.0		off 0.5111192291849442 neg 0.4818340899798614 __DUMMY__ 0.007046680835194275	false	0.5
undiszipliniert	neg 1.0		off 0.5153622829419696 neg 0.4776235260105836 __DUMMY__ 0.007014191047446763	false	0.5
kopfschmerz	neg 1.0		off 0.5053581464939217 neg 0.4875528767727826 __DUMMY__ 0.007088976733295631	false	0.5
unvorhergesehen	neg 1.0		off 0.506846443716025 neg 0.4859756762317953 __DUMMY__ 0.007177880052179661	false	0.5
desinteressiert	neg 1.0	neg 1.0	neg 0.7238049785472404 off 0.2728561386073616 __DUMMY__ 0.003338882845398102	false	1.0
armselig	off 1.0		off 0.5144120185186586 neg 0.4786036071105252 __DUMMY__ 0.006984374370816128	false	1.0
desaster	neg 1.0		off 0.5007595633379132 neg 0.4920940528148687 __DUMMY__ 0.007146383847218165	false	0.5
tod	neg 1.0		off 0.5082812940300893 neg 0.4845591902483918 __DUMMY__ 0.007159515721519077	false	0.5
herzlos	neg 1.0		off 0.5157483571920158 neg 0.47724497424843254 __DUMMY__ 0.007006668559551571	false	0.5
unwissenheit	neg 1.0		off 0.5046583868436362 neg 0.4882508781178173 __DUMMY__ 0.007090735038546554	false	0.5
widersinnig	neg 1.0		off 0.5024006549875083 neg 0.49054656565757354 __DUMMY__ 0.007052779354918249	false	0.5
bedenklich	neg 1.0		off 0.5033450770576867 neg 0.48956396185303763 __DUMMY__ 0.00709096108927575	false	0.5
beanstanden	neg 1.0		off 0.5015310416580722 neg 0.49134391080896356 __DUMMY__ 0.007125047532964301	false	0.5
panisch	neg 1.0	neg 1.0	neg 0.7245331750241023 off 0.27207559979564433 __DUMMY__ 0.0033912251802533143	false	1.0
debil	off 1.0		off 0.4995703435570584 neg 0.49321276402321673 __DUMMY__ 0.007216892419724838	false	1.0
abstrich	neg 1.0		off 0.5121437980187858 neg 0.48068446856513275 __DUMMY__ 0.007171733416081309	false	0.5
primitiv	neg 1.0		off 0.5128685420142927 neg 0.4801307105646149 __DUMMY__ 0.007000747421092412	false	0.5
abschaum	off 1.0	off 1.0	off 0.741632563995864 neg 0.2550219548729546 __DUMMY__ 0.0033454811311813978	false	1.0
provozieren	neg 1.0		off 0.5070831287185456 neg 0.4858665710226878 __DUMMY__ 0.007050300258766633	false	0.5
tot	neg 1.0		off 0.5054188014044887 neg 0.4874776721804943 __DUMMY__ 0.007103526415017081	false	0.5
instabil	neg 1.0		off 0.5155450161763165 neg 0.47744192018730963 __DUMMY__ 0.00701306363637385	false	0.5
schwuchtel	off 1.0	off 1.0	off 0.7477725312784907 neg 0.248951548257377 __DUMMY__ 0.00327592046413217	false	1.0
zerren	neg 1.0		off 0.5068634270074082 neg 0.4860202499852363 __DUMMY__ 0.0071163230073556585	false	0.5
kinderficker	off 1.0		off 0.5186378926298872 neg 0.474370995518013 __DUMMY__ 0.006991111852099653	false	1.0
gefahr	neg 1.0		off 0.5028839158469192 neg 0.48996606022562067 __DUMMY__ 0.007150023927460165	false	0.5
rabiat	neg 1.0		off 0.5084710660953962 neg 0.48443657552943875 __DUMMY__ 0.007092358375165236	false	0.5
verlangsamung	neg 1.0		off 0.5167769728682292 neg 0.47629982959239237 __DUMMY__ 0.006923197539378372	false	0.5
ausgestorben	neg 1.0		off 0.5088286203057111 neg 0.4840654893138591 __DUMMY__ 0.0071058903804297755	false	0.5
anklagen	neg 1.0		off 0.505414089925981 neg 0.4874707554996501 __DUMMY__ 0.007115154574368817	false	0.5
trott	neg 1.0		off 0.5084005349581767 neg 0.48449504184296577 __DUMMY__ 0.00710442319885757	false	0.5
verminderung	neg 1.0		off 0.5139619105958206 neg 0.47901793584074487 __DUMMY__ 0.007020153563434571	false	0.5
nach			off 0.5026707135769178 neg 0.49010044160561544 __DUMMY__ 0.0072288448174667765	false	0.0
rost	neg 1.0		off 0.5182662452010466 neg 0.47475979652355715 __DUMMY__ 0.0069739582753963825	false	0.5
destruktiv	neg 1.0		off 0.5060875204741168 neg 0.4868495618313911 __DUMMY__ 0.0070629176944920985	false	0.5
unzumutbarkeit	neg 1.0		off 0.514494411587983 neg 0.4784465630096915 __DUMMY__ 0.007059025402325353	false	0.5
labil	off 1.0	off 1.0	off 0.7416733809744407 neg 0.25497078530349737 __DUMMY__ 0.003355833722061935	false	1.0
ziemlich	neg 1.0		off 0.5150836149241893 neg 0.47785712309843986 __DUMMY__ 0.007059261977370927	false	0.5
lachnummer	off 1.0		off 0.5070796387354554 neg 0.4858561565859645 __DUMMY__ 0.00706420467858021	false	1.0
oder			off 0.5101349759828883 neg 0.4827637481341993 __DUMMY__ 0.007101275882912255	false	0.0
verfall	neg 1.0		off 0.49899479272010955 neg 0.4938345565775416 __DUMMY__ 0.007170650702348898	false	0.5
ausgrenzung	neg 1.0		off 0.5091947459332791 neg 0.4837323004214144 __DUMMY__ 0.007072953645306482	false	0.5
unordnung	neg 1.0		off 0.5189075007481381 neg 0.4740219824610235 __DUMMY__ 0.0070705167908383555	false	0.5
fehlverhalten	neg 1.0		off 0.5010798333675567 neg 0.49182477768732735 __DUMMY__ 0.00709538894511587	false	0.5
eine			off 0.50384037187772 neg 0.4890069690234806 __DUMMY__ 0.007152659098799344	false	0.0
nille	neg 1.0		off 0.5090359905026863 neg 0.483846941373382 __DUMMY__ 0.007117068123931787	false	0.5
qual	neg 1.0		off 0.5080153224484814 neg 0.48487689146635554 __DUMMY__ 0.007107786085163139	false	0.5
verschwenden	neg 1.0		off 0.502780515576717 neg 0.4901245300017104 __DUMMY__ 0.007094954421572624	false	0.5
riesig	neg 1.0		off 0.5061744956618274 neg 0.4866881016336277 __DUMMY__ 0.007137402704544826	false	0.5
verurteilen	neg 1.0		off 0.5036611221059778 neg 0.4892616566072835 __DUMMY__ 0.0070772212867387585	false	0.5
klischee	neg 1.0	neg 1.0	neg 0.7259794724348444 off 0.27067024904506937 __DUMMY__ 0.003350278520086218	false	1.0
diktatorisch	neg 1.0		off 0.5081113789234676 neg 0.4848232107759359 __DUMMY__ 0.007065410300596502	false	0.5
vorhersehbar	neg 1.0		off 0.509267894617359 neg 0.48370133809827637 __DUMMY__ 0.007030767284364569	false	0.5
sowie			off 0.5175870357483242 neg 0.4754263203810228 __DUMMY__ 0.006986643870653015	false	0.0
stornieren	neg 1.0		off 0.5143582721144149 neg 0.47849740234963783 __DUMMY__ 0.0071443255359472145	false	0.5
besteuerung	neg 1.0		off 0.5060394404550307 neg 0.486921874793147 __DUMMY__ 0.007038684751822203	false	0.5
ungeschminkt	neg 1.0		off 0.512276108364731 neg 0.4807303398415392 __DUMMY__ 0.006993551793729686	false	0.5
kritisch	neg 1.0		off 0.5034941446124586 neg 0.48940569726214306 __DUMMY__ 0.0071001581253983745	false	0.5
schlamperei	off 1.0		off 0.5039333399858682 neg 0.48892906882561077 __DUMMY__ 0.007137591188521024	false	1.0
sucht	neg 1.0	neg 1.0	neg 0.7239677816198562 off 0.2726087475019858 __DUMMY__ 0.0034234708781578902	false	1.0
egoistisch	off 1.0		off 0.5171185782078348 neg 0.47592027963741873 __DUMMY__ 0.00696114215474652	false	1.0
ausbeuter	off 1.0		off 0.5003938001828375 neg 0.4925221354815332 __DUMMY__ 0.007084064335629373	false	1.0
arschgeburt	off 1.0		off 0.5224735753622533 neg 0.4706554612970016 __DUMMY__ 0.006870963340745314	false	1.0
schubs	neg 1.0		off 0.506830045057386 neg 0.48606007379297417 __DUMMY__ 0.007109881149639649	false	0.5
unsolide	neg 1.0		off 0.5081262522938309 neg 0.48482588004318616 __DUMMY__ 0.007047867662982992	false	0.5
beschwerde	neg 1.0		off 0.5036683018584773 neg 0.4892181539616721 __DUMMY__ 0.007113544179850461	false	0.5
stocken	neg 1.0		off 0.5041141391026276 neg 0.4887543130160656 __DUMMY__ 0.007131547881306769	false	0.5
isolieren	neg 1.0		off 0.5049233433036721 neg 0.4879675335156864 __DUMMY__ 0.0071091231806415115	false	0.5
unheilbar	neg 1.0		off 0.5084969201978994 neg 0.48441414456550086 __DUMMY__ 0.007088935236599743	false	0.5
pisser	off 1.0		off 0.515053435749055 neg 0.4779429198024084 __DUMMY__ 0.007003644448536606	false	1.0
löschen	neg 1.0		off 0.5087528386005914 neg 0.4841442946764639 __DUMMY__ 0.007102866722944617	false	0.5
durchfallen	neg 1.0		off 0.5029872537752051 neg 0.4899375029895864 __DUMMY__ 0.007075243235208515	false	0.5
wichser	off 1.0	off 1.0	off 0.7469636953723547 neg 0.2497391095538267 __DUMMY__ 0.003297195073818538	false	1.0
terror	neg 1.0		off 0.5120223435534134 neg 0.4808980700074741 __DUMMY__ 0.007079586439112563	false	0.5
krass	neg 1.0		off 0.5167348734147771 neg 0.476262172188171 __DUMMY__ 0.007002954397052113	false	0.5
revolte	neg 1.0		off 0.510650874412314 neg 0.4822650948597836 __DUMMY__ 0.007084030727902391	false	0.5
besorgt	neg 1.0		off 0.5098641323064261 neg 0.4829755344225359 __DUMMY__ 0.007160333271038022	false	0.5
nachlassen	neg 1.0		off 0.5058141148589678 neg 0.48702802747403856 __DUMMY__ 0.007157857666993717	false	0.5
alt	neg 1.0		off 0.5052548859169611 neg 0.4876467430060167 __DUMMY__ 0.007098371077022084	false	0.5
hundesohn	off 1.0		off 0.5215076551825044 neg 0.471553003852295 __DUMMY__ 0.006939340965200447	false	1.0
als			off 0.5060245607585061 neg 0.4868701610481053 __DUMMY__ 0.0071052781933887005	false	0.0
abschreckung	neg 1.0		off 0.5012768009495883 neg 0.49159702845941666 __DUMMY__ 0.007126170590994987	false	0.5
unqualifiziert	neg 1.0		off 0.5096903225982506 neg 0.4832913992235203 __DUMMY__ 0.007018278178229151	false	0.5
abgewichst	off 1.0		off 0.5083833429729747 neg 0.48449487733775104 __DUMMY__ 0.007121779689274292	false	1.0
schwer	neg 1.0		off 0.5069798130916937 neg 0.4859365430001669 __DUMMY__ 0.007083643908139463	false	0.5
bedeutungslosigkeit	neg 1.0		off 0.5024485071510217 neg 0.4904309050151512 __DUMMY__ 0.00712058783382712	false	0.5
kapitulation	neg 1.0		off 0.5045559608354149 neg 0.48832004506483817 __DUMMY__ 0.007123994099746963	false	0.5
unscharf	neg 1.0		off 0.5093354348844737 neg 0.48362176780673855 __DUMMY__ 0.0070427973087876005	false	0.5
schwinden	neg 1.0		off 0.5030128292830738 neg 0.489852199646093 __DUMMY__ 0.007134971070833144	false	0.5
versklavung	neg 1.0		off 0.508984016469466 neg 0.48392759083488734 __DUMMY__ 0.007088392695646515	false	0.5
schlecht	neg 1.0		off 0.5150087627070815 neg 0.47793597302519886 __DUMMY__ 0.0070552642677196	false	0.5
verhasst	neg 1.0		off 0.5067258110033815 neg 0.4862427189600599 __DUMMY__ 0.007031470036558515	false	0.5
beschweren	neg 1.0		off 0.509967123215941 neg 0.4829616653726631 __DUMMY__ 0.0070712114113957395	false	0.5
scheiden	neg 1.0		off 0.5098824177340087 neg 0.4829999271801611 __DUMMY__ 0.007117655085830143	false	0.5
frustriert	neg 1.0		off 0.5058510702284427 neg 0.4870624959280508 __DUMMY__ 0.0070864338435066955	false	0.5
schimmelig	neg 1.0		off 0.5035270645206135 neg 0.4893987294400167 __DUMMY__ 0.0070742060393697605	false	0.5
fisch	neg 1.0		off 0.501489886555244 neg 0.49140165625684185 __DUMMY__ 0.007108457187914096	false	0.5
schmuggel	neg 1.0		off 0.5035079201965069 neg 0.4893664065525333 __DUMMY__ 0.007125673250959666	false	0.5
auffallen	neg 1.0		off 0.510703225747872 neg 0.4822326639772792 __DUMMY__ 0.0070641102748487	false	0.5
konkurrenz	neg 1.0		off 0.5018516297011975 neg 0.49100557372280074 __DUMMY__ 0.0071427965760017175	false	0.5
teufelskreis	neg 1.0	neg 1.0	neg 0.7284239860585174 off 0.26821132928508745 __DUMMY__ 0.0033646846563950617	false	1.0
aufschreien	neg 1.0		off 0.5097376014416121 neg 0.48321635016304065 __DUMMY__ 0.0070460483953472194	false	0.5
schuldner	neg 1.0		off 0.5007161819855201 neg 0.4921805886468209 __DUMMY__ 0.007103229367658852	false	0.5
missgeburt	off 1.0	off 1.0	off 0.7444969182346517 neg 0.25219617639377423 __DUMMY__ 0.0033069053715741037	false	1.0
arbeitslos	neg 1.0		off 0.5033430535096122 neg 0.4895832726688926 __DUMMY__ 0.007073673821495121	false	0.5
befallen	neg 1.0		off 0.5061584715397857 neg 0.4867477056341719 __DUMMY__ 0.007093822826042614	false	0.5
miesepetrig	off 1.0	off 1.0	off 0.7424997773637827 neg 0.25414431533329584 __DUMMY__ 0.0033559073029214696	false	1.0
alarmieren	neg 1.0		off 0.511190896930482 neg 0.4817738869626787 __DUMMY__ 0.007035216106839186	false	0.5
ungeduscht	off 1.0		off 0.511327469031511 neg 0.4816407593697508 __DUMMY__ 0.007031771598738033	false	1.0
knappheit	neg 1.0		off 0.5018363062421421 neg 0.4911030386979001 __DUMMY__ 0.007060655059957809	false	0.5
schlange	neg 1.0		off 0.5126847774479174 neg 0.4801893168394445 __DUMMY__ 0.007125905712638042	false	0.5
harsch	neg 1.0		off 0.5201962067108653 neg 0.47276372489908486 __DUMMY__ 0.00704006839004976	false	0.5
lang	neg 1.0		off 0.5099867140090676 neg 0.48291080704122386 __DUMMY__ 0.007102478949708457	false	0.5
ziellos	neg 1.0		off 0.5063244367613441 neg 0.48653726383502893 __DUMMY__ 0.007138299403627028	false	0.5
selbstverliebt	neg 1.0		off 0.521499966447775 neg 0.4715932210908774 __DUMMY__ 0.006906812461347682	false	0.5
beseitigen	neg 1.0		off 0.5069294560989916 neg 0.48596458594641473 __DUMMY__ 0.007105957954593598	false	0.5
dumm	off 1.0		off 0.5187763679229926 neg 0.47425255140538297 __DUMMY__ 0.006971080671624337	false	1.0
arbeitsloser	neg 1.0		off 0.5055503412526158 neg 0.48733824193791975 __DUMMY__ 0.007111416809464528	false	0.5
blitzen	neg 1.0		off 0.5114798797065533 neg 0.4814511629532462 __DUMMY__ 0.007068957340200421	false	0.5
hilflos	neg 1.0		off 0.5055236196864336 neg 0.4873853756587623 __DUMMY__ 0.0070910046548041	false	0.5
eklig	off 1.0		off 0.5179490418732599 neg 0.4751098588437295 __DUMMY__ 0.0069410992830105074	false	1.0
begriff			off 0.506536781363616 neg 0.4863816335077083 __DUMMY__ 0.007081585128675696	false	0.0
hungersnot	neg 1.0		off 0.5065068845458278 neg 0.4863693049594211 __DUMMY__ 0.007123810494751103	false	0.5
ungesetzlich	neg 1.0		off 0.5056823232168155 neg 0.48728355429168735 __DUMMY__ 0.007034122491496991	false	0.5
verschwendung	neg 1.0		off 0.5032784242917221 neg 0.48960584585777017 __DUMMY__ 0.0071157298505077305	false	0.5
schmerzvoll	neg 1.0		off 0.5100938292457816 neg 0.48282688607924207 __DUMMY__ 0.007079284674976275	false	0.5
vorzeitig	neg 1.0		off 0.5116212438225569 neg 0.48130123637831435 __DUMMY__ 0.007077519799128607	false	0.5
unvollkommenheit	neg 1.0		off 0.5081159026902016 neg 0.48472750864903374 __DUMMY__ 0.007156588660764699	false	0.5
intervenieren	neg 1.0		off 0.5023205943720948 neg 0.4905745622673934 __DUMMY__ 0.0071048433605118795	false	0.5
banause	off 1.0		off 0.5193421873256767 neg 0.47375490623333144 __DUMMY__ 0.006902906440991974	false	1.0
rebell	neg 1.0		off 0.49991863296414796 neg 0.49293781627350713 __DUMMY__ 0.007143550762344772	false	0.5
unlogisch	neg 1.0		off 0.5146753213652847 neg 0.47833198362566276 __DUMMY__ 0.006992695009052454	false	0.5
leiden	neg 1.0		off 0.5037506368566131 neg 0.489104526296229 __DUMMY__ 0.007144836847157783	false	0.5
abschaffung	neg 1.0		off 0.5080668174119713 neg 0.4848505953826021 __DUMMY__ 0.007082587205426476	false	0.5
sturz	neg 1.0		off 0.5103203968685434 neg 0.482555832969028 __DUMMY__ 0.0071237701624286345	false	0.5
verkleinerung	neg 1.0		off 0.5086532674391985 neg 0.4843203490134332 __DUMMY__ 0.0070263835473682685	false	0.5
schmarotzer	off 1.0		off 0.5033978352251203 neg 0.4895457284367953 __DUMMY__ 0.007056436338084468	false	1.0
bestrafung	neg 1.0		off 0.5092700498914754 neg 0.48364619770747225 __DUMMY__ 0.00708375240105255	false	0.5
achtlos	neg 1.0	neg 1.0	neg 0.727172855605072 off 0.26943918857134763 __DUMMY__ 0.0033879558235803083	false	1.0
ungeheuer	neg 1.0		off 0.512194642669975 neg 0.4807110441994686 __DUMMY__ 0.007094313130556435	false	0.5
