unsolidarisch	neg 1.0		off 0.48745175504295996 neg 0.4712631600759817 __DUMMY__ 0.0412850848810583	false	0.5
nachteilig	neg 1.0		off 0.48521906272982 neg 0.47312112899007164 __DUMMY__ 0.04165980828010827	false	0.5
skeptisch	neg 1.0		off 0.48506398844439497 neg 0.4732079181854831 __DUMMY__ 0.041728093370122024	false	0.5
schrecklich	neg 1.0		off 0.499943918188227 neg 0.45893583256721115 __DUMMY__ 0.04112024924456185	false	0.5
schlapp	neg 1.0		off 0.4965715795283008 neg 0.46208019526689875 __DUMMY__ 0.04134822520480057	false	0.5
abfall	neg 1.0		off 0.4826287871414262 neg 0.4753840327410444 __DUMMY__ 0.04198718011752945	false	0.5
widerspenstig	neg 1.0		off 0.49109714623773293 neg 0.46733698386221273 __DUMMY__ 0.04156586990005429	false	0.5
abrupt	neg 1.0		off 0.48865434111858286 neg 0.4693967754796516 __DUMMY__ 0.04194888340176551	false	0.5
unwirksam	neg 1.0		off 0.4873098214116626 neg 0.4714435262857693 __DUMMY__ 0.04124665230256797	false	0.5
angreifen	neg 1.0		off 0.4846071200136876 neg 0.47369960927773824 __DUMMY__ 0.04169327070857419	false	0.5
inkonsistent	neg 1.0		off 0.490014615041049 neg 0.46863849222427434 __DUMMY__ 0.04134689273467674	false	0.5
abrutschen	neg 1.0		off 0.48233129554181703 neg 0.47578213728729407 __DUMMY__ 0.041886567170888754	false	0.5
unsicher	neg 1.0		off 0.49120304854769004 neg 0.46715548619345093 __DUMMY__ 0.04164146525885892	false	0.5
bauernkind	off 1.0	off 1.0	off 0.7334354622086572 neg 0.247299509602757 __DUMMY__ 0.019265028188585758	false	1.0
angreifer	neg 1.0	neg 1.0	neg 0.7169372893956644 off 0.2631490331079689 __DUMMY__ 0.01991367749636677	false	1.0
trennen	neg 1.0		off 0.4870356172025213 neg 0.47099911773560943 __DUMMY__ 0.04196526506186919	false	0.5
schmutz	neg 1.0		off 0.4954191268771545 neg 0.4627810823243971 __DUMMY__ 0.04179979079844849	false	0.5
inkonsistenz	neg 1.0		off 0.4920350623539235 neg 0.4670406207962147 __DUMMY__ 0.04092431684986187	false	0.5
erschreckend	neg 1.0		off 0.48871606781313 neg 0.4697917460982693 __DUMMY__ 0.0414921860886008	false	0.5
ertrinken	neg 1.0		off 0.48638289312818556 neg 0.4718221072541776 __DUMMY__ 0.04179499961763685	false	0.5
pickelface	off 1.0		off 0.49028603746807753 neg 0.46804984920690007 __DUMMY__ 0.041664113325022505	false	1.0
seiner			off 0.48600327363658624 neg 0.472222412112845 __DUMMY__ 0.04177431425056887	false	0.0
lauch	neg 1.0		off 0.4844774848661616 neg 0.4735049228748557 __DUMMY__ 0.04201759225898258	false	0.5
unwichtig	neg 1.0		off 0.49389896009247153 neg 0.4649326690031477 __DUMMY__ 0.04116837090438073	false	0.5
steuerhinterziehung	neg 1.0	neg 1.0	neg 0.7209009620769602 off 0.2592438812560587 __DUMMY__ 0.019855156666981136	false	1.0
schock	neg 1.0		off 0.4908501285875231 neg 0.46743773978444964 __DUMMY__ 0.041712131628027296	false	0.5
beule	neg 1.0		off 0.4967591159250414 neg 0.462020666770078 __DUMMY__ 0.04122021730488056	false	0.5
vergelten	neg 1.0		off 0.5007479332870609 neg 0.45787243380068526 __DUMMY__ 0.041379632912253925	false	0.5
verdorbenheit	neg 1.0		off 0.4940060041377162 neg 0.4641967337693717 __DUMMY__ 0.04179726209291208	false	0.5
trauma	neg 1.0		off 0.49169705512219913 neg 0.46676651059999125 __DUMMY__ 0.04153643427780968	false	0.5
sinnlos	neg 1.0		off 0.49276131224538905 neg 0.4657840137447553 __DUMMY__ 0.04145467400985562	false	0.5
fettsack	off 1.0	off 1.0	off 0.7351952911096425 neg 0.24544389791186086 __DUMMY__ 0.0193608109784966	false	1.0
feige	off 1.0	off 1.0	off 0.7326666941967246 neg 0.24776420456543152 __DUMMY__ 0.019569101237843833	false	1.0
abdanken	neg 1.0		off 0.4901932982738361 neg 0.4681775928589296 __DUMMY__ 0.041629108867234144	false	0.5
wichtigtuer	off 1.0	off 1.0	off 0.731671562262637 neg 0.24866054109011676 __DUMMY__ 0.019667896647246223	false	1.0
misslingen	neg 1.0		off 0.495225028167619 neg 0.46282545119465934 __DUMMY__ 0.04194952063772181	false	0.5
untreu	off 1.0		off 0.4955832495319534 neg 0.46316167043648365 __DUMMY__ 0.04125508003156296	false	1.0
missmutig	neg 1.0		off 0.4957986547780316 neg 0.46282316306859417 __DUMMY__ 0.0413781821533741	false	0.5
hurenbock	off 1.0		off 0.49414425739186785 neg 0.46423912075941937 __DUMMY__ 0.04161662184871287	false	1.0
betrunken	neg 1.0		off 0.4981901344148729 neg 0.4605451004162569 __DUMMY__ 0.04126476516887021	false	0.5
korrupt	off 1.0		off 0.4850230054014183 neg 0.4736069235963201 __DUMMY__ 0.04137007100226156	false	1.0
unmut	neg 1.0		off 0.48289126228795604 neg 0.4751751577197527 __DUMMY__ 0.0419335799922913	false	0.5
hackfresse	off 1.0		off 0.5022084314412998 neg 0.45697259711195887 __DUMMY__ 0.04081897144674132	false	1.0
aufblasen	neg 1.0		off 0.4933702254726436 neg 0.4650686253577043 __DUMMY__ 0.041561149169652076	false	0.5
gewaltsam	neg 1.0		off 0.490100044642451 neg 0.4681763564200434 __DUMMY__ 0.04172359893750569	false	0.5
unbeliebtheit	neg 1.0		off 0.4926412223486375 neg 0.4661968852537977 __DUMMY__ 0.041161892397564646	false	0.5
sturheit	neg 1.0		off 0.48803123151586164 neg 0.4704554008235286 __DUMMY__ 0.04151336766060965	false	0.5
kuh	neg 1.0		off 0.4895923007680085 neg 0.4693458105300554 __DUMMY__ 0.041061888701936125	false	0.5
erschrecken	neg 1.0		off 0.4960926093685429 neg 0.462450323750032 __DUMMY__ 0.04145706688142505	false	0.5
opfer	neg 1.0		off 0.48696801214355445 neg 0.4713165199347769 __DUMMY__ 0.04171546792166872	false	0.5
sinken	neg 1.0		off 0.4842430509766886 neg 0.473789945278288 __DUMMY__ 0.04196700374502339	false	0.5
stinktier	neg 1.0		off 0.4959685756734147 neg 0.46342994729898834 __DUMMY__ 0.04060147702759689	false	0.5
tucke	off 1.0		off 0.5018130851020424 neg 0.4575831292756601 __DUMMY__ 0.040603785622297474	false	1.0
ein			off 0.49233503089590874 neg 0.46610404320605686 __DUMMY__ 0.041560925898034465	false	0.0
abstieg	neg 1.0		off 0.48683158531068066 neg 0.4713242499647217 __DUMMY__ 0.04184416472459758	false	0.5
missverstehen	neg 1.0		off 0.49125646384602584 neg 0.46755665822841186 __DUMMY__ 0.04118687792556237	false	0.5
ergebnislos	neg 1.0		off 0.48644621832959467 neg 0.47169785805583003 __DUMMY__ 0.04185592361457533	false	0.5
unter			off 0.4803851769243414 neg 0.47724702073631964 __DUMMY__ 0.04236780233933887	false	0.0
manipulieren	neg 1.0		off 0.4850297350410457 neg 0.4731855954350537 __DUMMY__ 0.041784669523900766	false	0.5
unbewiesen	neg 1.0		off 0.4865253369285146 neg 0.4722771405506932 __DUMMY__ 0.04119752252079218	false	0.5
verschleppen	neg 1.0		off 0.48660759087163075 neg 0.47176081053438934 __DUMMY__ 0.04163159859397984	false	0.5
weib	off 1.0		off 0.5002319728640531 neg 0.45925473081530094 __DUMMY__ 0.040513296320646	false	1.0
opposition	neg 1.0		off 0.49102698712450843 neg 0.4676079763250423 __DUMMY__ 0.041365036550449236	false	0.5
verkehrswidrig	neg 1.0		off 0.5030874388736574 neg 0.4554684734810591 __DUMMY__ 0.04144408764528338	false	0.5
inkorrekt	neg 1.0		off 0.49658930092196885 neg 0.46250639502828017 __DUMMY__ 0.0409043040497511	false	0.5
vermeiden	neg 1.0	neg 1.0	neg 0.723178364252546 off 0.25669722989132926 __DUMMY__ 0.02012440585612476	false	1.0
abweichung	neg 1.0		off 0.48634380634753716 neg 0.47199738550369524 __DUMMY__ 0.041658808148767726	false	0.5
alkoholisiert	neg 1.0		off 0.4872565161561686 neg 0.4708936534876661 __DUMMY__ 0.04184983035616524	false	0.5
scheiss	off 1.0	off 1.0	off 0.7337659612879922 neg 0.24660974919321033 __DUMMY__ 0.019624289518797484	false	1.0
herausforderung	neg 1.0		off 0.485457063093479 neg 0.47277617249487874 __DUMMY__ 0.04176676441164231	false	0.5
pervers	off 1.0		off 0.5050049904388485 neg 0.4543963109882337 __DUMMY__ 0.04059869857291769	false	1.0
wackelig	neg 1.0		off 0.4913670991366585 neg 0.46671343370039536 __DUMMY__ 0.041919467162946054	false	0.5
verwickeln	neg 1.0		off 0.4907328127510953 neg 0.46805149276235886 __DUMMY__ 0.04121569448654585	false	0.5
vorwand	neg 1.0		off 0.48415987585869535 neg 0.474124723433432 __DUMMY__ 0.04171540070787284	false	0.5
muschi	off 1.0		off 0.49042844501043 neg 0.4679115927029368 __DUMMY__ 0.04165996228663313	false	1.0
entmutigung	neg 1.0		off 0.491453055430819 neg 0.4670682870315099 __DUMMY__ 0.041478657537671146	false	0.5
unangemessen	neg 1.0		off 0.4864852917948799 neg 0.4721218495270772 __DUMMY__ 0.04139285867804295	false	0.5
unstetig	neg 1.0		off 0.49389205391610214 neg 0.46463087631798045 __DUMMY__ 0.04147706976591739	false	0.5
entmutigen	neg 1.0		off 0.49121189544479577 neg 0.46730350470951537 __DUMMY__ 0.0414845998456889	false	0.5
schwanz	neg 1.0		off 0.4879250843528816 neg 0.47031374621383937 __DUMMY__ 0.04176116943327904	false	0.5
verbot	neg 1.0		off 0.4868916921700255 neg 0.47149583841163917 __DUMMY__ 0.04161246941833532	false	0.5
leid	neg 1.0		off 0.5000849591735027 neg 0.4590210448559965 __DUMMY__ 0.040893995970500974	false	0.5
archaisch	neg 1.0		off 0.4886169787335649 neg 0.46982105756777043 __DUMMY__ 0.04156196369866459	false	0.5
gegen			off 0.48426786237058167 neg 0.4737613625255126 __DUMMY__ 0.04197077510390575	false	0.0
scheidung	neg 1.0		off 0.513202399926055 neg 0.4459771822389451 __DUMMY__ 0.04082041783499985	false	0.5
einschlag	neg 1.0		off 0.4985942126463778 neg 0.4602385058538242 __DUMMY__ 0.041167281499797995	false	0.5
m			off 0.48931267888076113 neg 0.4689152444513557 __DUMMY__ 0.04177207666788313	false	0.0
abgestanden	neg 1.0		off 0.4904545477333573 neg 0.4681334292363191 __DUMMY__ 0.04141202303032362	false	0.5
schmierig	off 1.0		off 0.5006272151724271 neg 0.4583161841283582 __DUMMY__ 0.04105660069921475	false	1.0
unpraktisch	neg 1.0		off 0.49285043909312826 neg 0.4656098411791269 __DUMMY__ 0.041539719727744895	false	0.5
wixxer	off 1.0		off 0.5037532996287125 neg 0.4558017139989617 __DUMMY__ 0.04044498637232573	false	1.0
bezeichnet			off 0.48858774238561964 neg 0.47005978401758897 __DUMMY__ 0.04135247359679143	false	0.0
jammerlappen	off 1.0		off 0.49610629335267575 neg 0.46251332017549085 __DUMMY__ 0.041380386471833466	false	1.0
farce	neg 1.0		off 0.4879821213542031 neg 0.4704505557158261 __DUMMY__ 0.04156732292997067	false	0.5
zwecklos	neg 1.0		off 0.48710957660134724 neg 0.4713874138543393 __DUMMY__ 0.04150300954431347	false	0.5
turbulent	neg 1.0		off 0.4957950261542388 neg 0.46309179582425447 __DUMMY__ 0.04111317802150662	false	0.5
invasion	neg 1.0		off 0.49240591941356693 neg 0.46615166179199086 __DUMMY__ 0.04144241879444231	false	0.5
schuld	neg 1.0		off 0.49040227279221815 neg 0.4682177681345351 __DUMMY__ 0.04137995907324673	false	0.5
risiko	neg 1.0	neg 1.0	neg 0.717680660229163 off 0.2624211180937114 __DUMMY__ 0.019898221677125568	false	1.0
finster	neg 1.0		off 0.49067550217619277 neg 0.46798446740822897 __DUMMY__ 0.04134003041557834	false	0.5
geisteskrank	off 1.0		off 0.4942826146851982 neg 0.46478057460724087 __DUMMY__ 0.04093681070756091	false	1.0
zusammenbrechen	neg 1.0		off 0.4885747643024955 neg 0.4697945954694076 __DUMMY__ 0.04163064022809679	false	0.5
ausbeute	neg 1.0		off 0.49243996549302776 neg 0.4653246102822769 __DUMMY__ 0.042235424224695485	false	0.5
hinterhalt	neg 1.0		off 0.4939965846671278 neg 0.46387553414576754 __DUMMY__ 0.042127881187104546	false	0.5
kritik	neg 1.0		off 0.4873895384642127 neg 0.4710714030141187 __DUMMY__ 0.041539058521668615	false	0.5
einschrumpfen	neg 1.0		off 0.4933039809515359 neg 0.4654609542178087 __DUMMY__ 0.041235064830655366	false	0.5
riskant	neg 1.0		off 0.48469818948467625 neg 0.47369214678890786 __DUMMY__ 0.04160966372641588	false	0.5
frustrieren	neg 1.0		off 0.48613392127468363 neg 0.47224355791873857 __DUMMY__ 0.041622520806577815	false	0.5
groll	neg 1.0		off 0.48655167349167644 neg 0.47193337191477386 __DUMMY__ 0.04151495459354969	false	0.5
gibt			off 0.48890764283315213 neg 0.46943576023459826 __DUMMY__ 0.0416565969322496	false	0.0
qualvoll	neg 1.0		off 0.49424933815104627 neg 0.46429361323980833 __DUMMY__ 0.0414570486091454	false	0.5
wackeln	neg 1.0		off 0.49343614144163456 neg 0.4648528764362005 __DUMMY__ 0.04171098212216507	false	0.5
klagen	neg 1.0		off 0.48292068599761145 neg 0.4752532498519429 __DUMMY__ 0.04182606415044562	false	0.5
bankrott	neg 1.0		off 0.49616805824629334 neg 0.46236127954578593 __DUMMY__ 0.041470662207920776	false	0.5
trauern	neg 1.0		off 0.48835853883422503 neg 0.46973044370173217 __DUMMY__ 0.04191101746404273	false	0.5
ablehnung	neg 1.0		off 0.48690812710187265 neg 0.4715573758431407 __DUMMY__ 0.041534497054986484	false	0.5
stur	neg 1.0		off 0.4908529588002525 neg 0.46775071453728023 __DUMMY__ 0.0413963266624673	false	0.5
aufruhr	neg 1.0		off 0.4899011380489078 neg 0.46844616458802735 __DUMMY__ 0.04165269736306497	false	0.5
melancholie	neg 1.0		off 0.4886453183771941 neg 0.4695624640224596 __DUMMY__ 0.04179221760034625	false	0.5
ist			off 0.49269255762102965 neg 0.46582759988169814 __DUMMY__ 0.041479842497272226	false	0.0
torheit	neg 1.0		off 0.49051192583164455 neg 0.46797931520138053 __DUMMY__ 0.04150875896697484	false	0.5
dreckskind	off 1.0		off 0.4993983860705802 neg 0.45991751561721894 __DUMMY__ 0.040684098312200774	false	1.0
umtauschen	neg 1.0		off 0.4910136404819057 neg 0.4673650688264961 __DUMMY__ 0.041621290691598256	false	0.5
zum			off 0.48543721925190664 neg 0.4721704271936386 __DUMMY__ 0.04239235355445475	false	0.0
zersetzen	neg 1.0		off 0.4836450102879023 neg 0.47473396294601833 __DUMMY__ 0.04162102676607924	false	0.5
zur			off 0.4827177582659281 neg 0.47505686563114785 __DUMMY__ 0.042225376102923914	false	0.0
frust	neg 1.0		off 0.4889627834669609 neg 0.4693637813099068 __DUMMY__ 0.04167343522313228	false	0.5
unerbittlichkeit	neg 1.0		off 0.4846858514110008 neg 0.473586486724753 __DUMMY__ 0.0417276618642463	false	0.5
zwei			off 0.4859608546983758 neg 0.4717556540716555 __DUMMY__ 0.042283491229968675	false	0.0
unkorrekt	neg 1.0		off 0.49765972636040234 neg 0.46128371208541197 __DUMMY__ 0.0410565615541856	false	0.5
hexe	off 1.0		off 0.4936908302435702 neg 0.4652410507624193 __DUMMY__ 0.041068118994010444	false	1.0
lasch	neg 1.0		off 0.492577453002909 neg 0.46624572405814874 __DUMMY__ 0.04117682293894222	false	0.5
rivale	neg 1.0		off 0.49744068502101946 neg 0.46140278068633556 __DUMMY__ 0.04115653429264498	false	0.5
mutlos	off 1.0	off 1.0	off 0.7278877138689034 neg 0.2522752974858857 __DUMMY__ 0.0198369886452109	false	1.0
wirr	off 1.0		off 0.49741378750642606 neg 0.46167898383603223 __DUMMY__ 0.04090722865754175	false	1.0
jahr			off 0.4900691123992062 neg 0.4676020011689013 __DUMMY__ 0.04232888643189238	false	0.0
wird			off 0.48745582458142794 neg 0.4708749660122697 __DUMMY__ 0.04166920940630234	false	0.0
strafbar	neg 1.0		off 0.48512939722498793 neg 0.47327937051066216 __DUMMY__ 0.041591232264349964	false	0.5
erosion	neg 1.0		off 0.49213045907065983 neg 0.4661656858850464 __DUMMY__ 0.041703855044293844	false	0.5
eingehen	neg 1.0		off 0.48545170982732766 neg 0.4729586289233204 __DUMMY__ 0.04158966124935207	false	0.5
faul	off 1.0		off 0.49608232076025643 neg 0.4624622865958981 __DUMMY__ 0.041455392643845436	false	1.0
provisorium	neg 1.0		off 0.4819965998981837 neg 0.4755614446055392 __DUMMY__ 0.04244195549627696	false	0.5
schmerzen	neg 1.0		off 0.4885685602609615 neg 0.4699508189432802 __DUMMY__ 0.04148062079575839	false	0.5
schrumpfen	neg 1.0		off 0.4800956151854056 neg 0.4779904171539743 __DUMMY__ 0.04191396766062003	false	0.5
geistlos	off 1.0		off 0.48998948704779727 neg 0.46891376016939507 __DUMMY__ 0.0410967527828077	false	1.0
fehlkauf	neg 1.0		off 0.49319345104785167 neg 0.4652625916912739 __DUMMY__ 0.041543957260874426	false	0.5
frustrierend	neg 1.0		off 0.49421683904425107 neg 0.4644447378059836 __DUMMY__ 0.04133842314976544	false	0.5
unzufrieden	neg 1.0		off 0.48663075520358556 neg 0.47186657788517916 __DUMMY__ 0.041502666911235324	false	0.5
verzweifeln	neg 1.0		off 0.48926915795877307 neg 0.46915954913331764 __DUMMY__ 0.04157129290790944	false	0.5
verzweifelt	neg 1.0	neg 1.0	neg 0.7195562024585483 off 0.26074330495518105 __DUMMY__ 0.01970049258627063	false	1.0
misstrauensantrag	neg 1.0		off 0.49275491240974256 neg 0.46580020001806105 __DUMMY__ 0.04144488757219634	false	0.5
abfallen	neg 1.0		off 0.49318644411750695 neg 0.46514185419482046 __DUMMY__ 0.04167170168767256	false	0.5
fucker	off 1.0		off 0.49912701014038324 neg 0.45960884127180535 __DUMMY__ 0.041264148587811404	false	1.0
ungezogen	neg 1.0		off 0.5045480930365929 neg 0.45476875551651913 __DUMMY__ 0.04068315144688813	false	0.5
irrsinnig	neg 1.0	neg 1.0	neg 0.7192677674679501 off 0.2610027573677083 __DUMMY__ 0.0197294751643417	false	1.0
unfassbar	neg 1.0		off 0.4972135258720707 neg 0.4614700908758598 __DUMMY__ 0.041316383252069516	false	0.5
hart	neg 1.0		off 0.4960784935546031 neg 0.46267074603907266 __DUMMY__ 0.04125076040632422	false	0.5
widerlich	off 1.0		off 0.4955947113677329 neg 0.4633418132325425 __DUMMY__ 0.041063475399724464	false	1.0
fatal	neg 1.0		off 0.4930481243184871 neg 0.4654877673841031 __DUMMY__ 0.04146410829740973	false	0.5
bruch	neg 1.0		off 0.48423887760671885 neg 0.47385875498110674 __DUMMY__ 0.041902367412174533	false	0.5
aushungern	neg 1.0		off 0.48856675494828544 neg 0.4697757782488859 __DUMMY__ 0.041657466802828606	false	0.5
anspannung	neg 1.0		off 0.4846068425071443 neg 0.4730881890550312 __DUMMY__ 0.04230496843782442	false	0.5
von			off 0.4911332568291369 neg 0.46643187780235956 __DUMMY__ 0.04243486536850373	false	0.0
kraftlos	neg 1.0		off 0.4890650932147175 neg 0.46918876901771217 __DUMMY__ 0.041746137767570364	false	0.5
vom			off 0.4839847786226853 neg 0.4734518692636367 __DUMMY__ 0.042563352113678024	false	0.0
grenzdebil	off 1.0		off 0.4977089774693485 neg 0.46097818258562623 __DUMMY__ 0.04131283994502518	false	1.0
vor			off 0.48609069539853095 neg 0.4719122360429985 __DUMMY__ 0.0419970685584706	false	0.0
unterwerfen	neg 1.0		off 0.48650879232677935 neg 0.47181470460267194 __DUMMY__ 0.041676503070548744	false	0.5
versenkung	neg 1.0		off 0.4881930940725534 neg 0.46997085148252526 __DUMMY__ 0.04183605444492122	false	0.5
entziehen	neg 1.0		off 0.4835402925301475 neg 0.47464294800653956 __DUMMY__ 0.04181675946331277	false	0.5
finanzkrise	neg 1.0		off 0.48816332544197133 neg 0.4703608596580915 __DUMMY__ 0.04147581489993724	false	0.5
schimpfend	neg 1.0		off 0.49278578129597583 neg 0.4657551233129784 __DUMMY__ 0.04145909539104584	false	0.5
profan	neg 1.0		off 0.492646418711893 neg 0.46600213526606743 __DUMMY__ 0.04135144602203953	false	0.5
korruption	neg 1.0		off 0.4867517718340129 neg 0.4716191554279778 __DUMMY__ 0.04162907273800926	false	0.5
â			off 0.4892355590304303 neg 0.4689245932532086 __DUMMY__ 0.04183984771636096	false	0.0
schmutzig	neg 1.0		off 0.4987221784925203 neg 0.45992789113750604 __DUMMY__ 0.041349930369973746	false	0.5
sexy	neg 1.0		off 0.4952330795848301 neg 0.4632832865369835 __DUMMY__ 0.04148363387818646	false	0.5
abraten	neg 1.0		off 0.49278312464884644 neg 0.4657531200532421 __DUMMY__ 0.04146375529791153	false	0.5
schwarz	neg 1.0		off 0.4922028487205531 neg 0.466317861591418 __DUMMY__ 0.04147928968802897	false	0.5
fotze	off 1.0	off 1.0	off 0.730413406011623 neg 0.2496458797296047 __DUMMY__ 0.01994071425877235	false	1.0
verwirren	neg 1.0		off 0.49349341137002734 neg 0.46512950024464783 __DUMMY__ 0.04137708838532489	false	0.5
zahnlos	off 1.0		off 0.4881317496354089 neg 0.4703302062055962 __DUMMY__ 0.041538044158994834	false	1.0
verheeren	neg 1.0		off 0.5069241171210765 neg 0.4523211975090588 __DUMMY__ 0.04075468536986467	false	0.5
hippie	neg 1.0		off 0.4947167482734452 neg 0.46379704726942317 __DUMMY__ 0.04148620445713163	false	0.5
rammen	neg 1.0		off 0.4911780258170589 neg 0.46746001009288246 __DUMMY__ 0.04136196409005856	false	0.5
unlauter	neg 1.0		off 0.489480060834629 neg 0.46922498491173337 __DUMMY__ 0.041294954253637745	false	0.5
unheilvoll	neg 1.0		off 0.4932843216983294 neg 0.46518430141731476 __DUMMY__ 0.04153137688435582	false	0.5
niedrig	neg 1.0		off 0.4840526717535811 neg 0.4743781866948582 __DUMMY__ 0.0415691415515606	false	0.5
explosion	neg 1.0		off 0.49355236798277735 neg 0.4650120487033562 __DUMMY__ 0.041435583313866486	false	0.5
weichei	off 1.0	off 1.0	off 0.7362996208871646 neg 0.24424837365210716 __DUMMY__ 0.01945200546072818	false	1.0
minusmensch	off 1.0		off 0.5016712996697406 neg 0.4577372788393707 __DUMMY__ 0.04059142149088872	false	1.0
farblos	neg 1.0		off 0.49108867312374166 neg 0.46727746352451255 __DUMMY__ 0.04163386335174576	false	0.5
unwissend	neg 1.0	neg 1.0	neg 0.7173402771017648 off 0.2630376741136184 __DUMMY__ 0.019622048784616763	false	1.0
traurig	neg 1.0		off 0.49955122193948054 neg 0.4592566266905814 __DUMMY__ 0.041192151369937965	false	0.5
senkung	neg 1.0		off 0.49165269475700024 neg 0.46709718715462023 __DUMMY__ 0.04125011808837944	false	0.5
ungleich	neg 1.0	neg 1.0	neg 0.722561184503507 off 0.2575878274933609 __DUMMY__ 0.019850988003132092	false	1.0
heikel	neg 1.0		off 0.48464354239505836 neg 0.47374955044678896 __DUMMY__ 0.041606907158152504	false	0.5
drosselung	neg 1.0		off 0.49685927463253315 neg 0.4619019237011087 __DUMMY__ 0.04123880166635821	false	0.5
falsch	neg 1.0		off 0.49385314094524024 neg 0.4648786260786356 __DUMMY__ 0.04126823297612415	false	0.5
unzufriedenheit	neg 1.0		off 0.48406704130798184 neg 0.47416651849302965 __DUMMY__ 0.041766440198988466	false	0.5
kurz	neg 1.0		off 0.49142490900150515 neg 0.4667266753552286 __DUMMY__ 0.041848415643266315	false	0.5
unsinnig	neg 1.0		off 0.48734134394115214 neg 0.47123148199549364 __DUMMY__ 0.041427174063354104	false	0.5
penner	off 1.0	off 1.0	off 0.7373219997372626 neg 0.24323747202162688 __DUMMY__ 0.01944052824111054	false	1.0
seicht	neg 1.0		off 0.5024460431163932 neg 0.45699128431401614 __DUMMY__ 0.04056267256959068	false	0.5
dummheit	off 1.0	off 1.0	off 0.7317556584774065 neg 0.2485930693472315 __DUMMY__ 0.019651272175361993	false	1.0
unerfreulich	neg 1.0		off 0.48500585644167027 neg 0.4732365337207797 __DUMMY__ 0.04175760983755008	false	0.5
motherfucker	off 1.0	off 1.0	off 0.7349772804086984 neg 0.24537032951701804 __DUMMY__ 0.0196523900742835	false	1.0
pikiert	neg 1.0		off 0.49541656228346553 neg 0.4634276284969862 __DUMMY__ 0.041155809219548214	false	0.5
wrack	neg 1.0		off 0.489907297952988 neg 0.4682965520819097 __DUMMY__ 0.04179614996510238	false	0.5
gangster	neg 1.0		off 0.4947147814399454 neg 0.46380941327528996 __DUMMY__ 0.04147580528476448	false	0.5
krank	neg 1.0		off 0.4979757935806196 neg 0.460692181788559 __DUMMY__ 0.041332024630821515	false	0.5
reich	neg 1.0		off 0.4975377823309262 neg 0.4610056053196629 __DUMMY__ 0.04145661234941088	false	0.5
gnadenlos	neg 1.0		off 0.4911273679782304 neg 0.4674322168050228 __DUMMY__ 0.041440415216746865	false	0.5
niedergeschlagen	neg 1.0		off 0.4897930169823574 neg 0.46852978172077325 __DUMMY__ 0.041677201296869484	false	0.5
terrorisieren	off 1.0	off 1.0	off 0.7289120904023294 neg 0.2511667299933831 __DUMMY__ 0.01992117960428757	false	1.0
sinnlosigkeit	neg 1.0		off 0.4878277079475741 neg 0.4705970070117847 __DUMMY__ 0.04157528504064137	false	0.5
behindern	neg 1.0		off 0.4903688209482401 neg 0.4679937645207894 __DUMMY__ 0.04163741453097057	false	0.5
undemokratisch	neg 1.0		off 0.4907058064343552 neg 0.4678512507930145 __DUMMY__ 0.0414429427726302	false	0.5
wirtschaftskrise	neg 1.0		off 0.48626355087377165 neg 0.4721354941783384 __DUMMY__ 0.04160095494788996	false	0.5
neid	neg 1.0		off 0.495691172027409 neg 0.46284525768058726 __DUMMY__ 0.04146357029200385	false	0.5
rutschen	neg 1.0		off 0.48621075501879835 neg 0.47146442005823846 __DUMMY__ 0.04232482492296332	false	0.5
rezession	neg 1.0		off 0.49514947959471245 neg 0.4641397143504572 __DUMMY__ 0.04071080605483026	false	0.5
fehlgeburt	neg 1.0		off 0.49339020070898 neg 0.46505475995752865 __DUMMY__ 0.04155503933349132	false	0.5
charakterschwach	off 1.0		off 0.49536631290291994 neg 0.46356128524437024 __DUMMY__ 0.0410724018527099	false	1.0
isolation	neg 1.0		off 0.4946481921100121 neg 0.4639390158135597 __DUMMY__ 0.041412792076428076	false	0.5
ablenkung	neg 1.0		off 0.4916171125875001 neg 0.46674193725847923 __DUMMY__ 0.04164095015402072	false	0.5
pech	neg 1.0		off 0.4943987807774607 neg 0.4642498312049248 __DUMMY__ 0.04135138801761449	false	0.5
vermeidung	neg 1.0		off 0.49757725127353836 neg 0.46112839130509375 __DUMMY__ 0.04129435742136782	false	0.5
dominieren	neg 1.0		off 0.4875570872166431 neg 0.47064261154683673 __DUMMY__ 0.04180030123652023	false	0.5
schwindlig	neg 1.0		off 0.49432788629480684 neg 0.4641008963302841 __DUMMY__ 0.04157121737490904	false	0.5
lutscher	neg 1.0		off 0.5037082316218049 neg 0.45567857223841896 __DUMMY__ 0.04061319613977625	false	0.5
pflicht	neg 1.0		off 0.48394409195562194 neg 0.4743486122124248 __DUMMY__ 0.04170729583195339	false	0.5
faschist	off 1.0		off 0.49374600324561335 neg 0.46486940858049225 __DUMMY__ 0.0413845881738945	false	1.0
verschleudern	neg 1.0		off 0.4845968811339156 neg 0.4737883223927801 __DUMMY__ 0.04161479647330441	false	0.5
wenn			off 0.4946445007523442 neg 0.46402933921846573 __DUMMY__ 0.04132616002919007	false	0.0
ehebruch	neg 1.0		off 0.4870000710213884 neg 0.47133744774529107 __DUMMY__ 0.04166248123332044	false	0.5
spott	off 1.0		off 0.4860285530706317 neg 0.47233545424170165 __DUMMY__ 0.04163599268766662	false	1.0
trostlosigkeit	neg 1.0		off 0.48569978070903086 neg 0.4723501395738932 __DUMMY__ 0.041950079717075914	false	0.5
lutschen	neg 1.0		off 0.49362654238365483 neg 0.4650787374139277 __DUMMY__ 0.04129472020241732	false	0.5
undiszipliniert	neg 1.0		off 0.49792906542444615 neg 0.4609658841301915 __DUMMY__ 0.04110505044536225	false	0.5
kopfschmerz	neg 1.0		off 0.48777790093251805 neg 0.4706801823767024 __DUMMY__ 0.041541916690779515	false	0.5
unvorhergesehen	neg 1.0		off 0.489042916302917 neg 0.4688962286601379 __DUMMY__ 0.042060855036945156	false	0.5
desinteressiert	neg 1.0	neg 1.0	neg 0.7158477443227675 off 0.2645605340311519 __DUMMY__ 0.01959172164608056	false	1.0
armselig	off 1.0		off 0.4970597951170266 neg 0.46200947190100683 __DUMMY__ 0.04093073298196657	false	1.0
desaster	neg 1.0		off 0.48307240780168015 neg 0.47505123519009074 __DUMMY__ 0.041876357008229136	false	0.5
tod	neg 1.0		off 0.4905227095687239 neg 0.46752322312922373 __DUMMY__ 0.041954067302052374	false	0.5
herzlos	neg 1.0		off 0.49833348444505055 neg 0.46060554205047943 __DUMMY__ 0.04106097350447007	false	0.5
unwissenheit	neg 1.0		off 0.4870900278761973 neg 0.4713584472716197 __DUMMY__ 0.041551524852182865	false	0.5
widersinnig	neg 1.0		off 0.4849366280880259 neg 0.4737332830154695 __DUMMY__ 0.04133008889650452	false	0.5
bedenklich	neg 1.0		off 0.48578031540336514 neg 0.4726670234214827 __DUMMY__ 0.04155266117515207	false	0.5
beanstanden	neg 1.0		off 0.4838917383979702 neg 0.4743564725890928 __DUMMY__ 0.041751789012937086	false	0.5
panisch	neg 1.0	neg 1.0	neg 0.7164516082803238 off 0.2636499880809069 __DUMMY__ 0.019898403638769224	false	1.0
debil	off 1.0		off 0.4817065786807288 neg 0.47600511866473577 __DUMMY__ 0.0422883026545355	false	1.0
abstrich	neg 1.0		off 0.49432835994850755 neg 0.4636456302568774 __DUMMY__ 0.04202600979461503	false	0.5
primitiv	neg 1.0		off 0.4954821472648428 neg 0.4634915527586356 __DUMMY__ 0.041026299976521664	false	0.5
abschaum	off 1.0	off 1.0	off 0.7333238476589015 neg 0.2470458551414056 __DUMMY__ 0.019630297199693003	false	1.0
provozieren	neg 1.0		off 0.48960136004538823 neg 0.4690833193055557 __DUMMY__ 0.04131532064905595	false	0.5
tot	neg 1.0		off 0.48780534697314587 neg 0.47056732678017543 __DUMMY__ 0.041627326246678635	false	0.5
instabil	neg 1.0		off 0.4981150740918418 neg 0.46078586133242 __DUMMY__ 0.041099064575738205	false	0.5
schwuchtel	off 1.0	off 1.0	off 0.7396290994243975 neg 0.24114796595606955 __DUMMY__ 0.019222934619532974	false	1.0
zerren	neg 1.0		off 0.48921925986946285 neg 0.46907994202477543 __DUMMY__ 0.04170079810576184	false	0.5
kinderficker	off 1.0		off 0.5012543569211065 neg 0.45777516394590995 __DUMMY__ 0.0409704791329836	false	1.0
gefahr	neg 1.0		off 0.4851786839127084 neg 0.47292349412521173 __DUMMY__ 0.041897821962079744	false	0.5
rabiat	neg 1.0		off 0.49087963327956263 neg 0.46755933319588694 __DUMMY__ 0.04156103352455043	false	0.5
verlangsamung	neg 1.0		off 0.49956483590475287 neg 0.4598609330891443 __DUMMY__ 0.0405742310061028	false	0.5
ausgestorben	neg 1.0		off 0.4912020614511232 neg 0.46715794818266365 __DUMMY__ 0.04163999036621317	false	0.5
anklagen	neg 1.0		off 0.4877824313674336 neg 0.47052315547019163 __DUMMY__ 0.0416944131623749	false	0.5
trott	neg 1.0		off 0.49077593241871265 neg 0.46759287874412175 __DUMMY__ 0.04163118883716546	false	0.5
verminderung	neg 1.0		off 0.4965167265618216 neg 0.4623433526158137 __DUMMY__ 0.04113992082236452	false	0.5
nach			off 0.4847653729131925 neg 0.4728767331529647 __DUMMY__ 0.04235789393384289	false	0.0
rost	neg 1.0		off 0.5009197530904138 neg 0.4582094720693371 __DUMMY__ 0.04087077484024915	false	0.5
destruktiv	neg 1.0		off 0.4885806832153598 neg 0.47003015146040694 __DUMMY__ 0.04138916532423313	false	0.5
unzumutbarkeit	neg 1.0		off 0.4969556127506118 neg 0.46167729880973 __DUMMY__ 0.04136708843965826	false	0.5
labil	off 1.0	off 1.0	off 0.7333380963465096 neg 0.24697099244324736 __DUMMY__ 0.019690911210243016	false	1.0
ziemlich	neg 1.0		off 0.4975421382686233 neg 0.4610898648833164 __DUMMY__ 0.04136799684806039	false	0.5
lachnummer	off 1.0		off 0.48956724159289655 neg 0.46903625341564537 __DUMMY__ 0.04139650499145798	false	1.0
oder			off 0.49251040923514355 neg 0.4658764015724937 __DUMMY__ 0.04161318919236283	false	0.0
verfall	neg 1.0		off 0.48125321960119366 neg 0.47672876519839535 __DUMMY__ 0.042018015200411096	false	0.5
ausgrenzung	neg 1.0		off 0.49165343126190625 neg 0.4668985707993456 __DUMMY__ 0.041447997938748204	false	0.5
unordnung	neg 1.0		off 0.5013220728899561 neg 0.45724328294969935 __DUMMY__ 0.04143464416034448	false	0.5
fehlverhalten	neg 1.0		off 0.4835163297651287 neg 0.4749051020179227 __DUMMY__ 0.04157856821694856	false	0.5
eine			off 0.48611909092967626 neg 0.4719679527056154 __DUMMY__ 0.04191295636470836	false	0.0
nille	neg 1.0		off 0.4913829174339641 neg 0.4669118212700389 __DUMMY__ 0.04170526129599704	false	0.5
qual	neg 1.0		off 0.490384744691187 neg 0.46796444082485933 __DUMMY__ 0.04165081448395372	false	0.5
verschwenden	neg 1.0		off 0.4852050902360262 neg 0.47321876415348035 __DUMMY__ 0.04157614561049336	false	0.5
riesig	neg 1.0		off 0.48847756640934725 neg 0.46969797974122035 __DUMMY__ 0.041824453849432446	false	0.5
verurteilen	neg 1.0		off 0.4861314825100801 neg 0.47239587446819775 __DUMMY__ 0.04147264302172204	false	0.5
klischee	neg 1.0	neg 1.0	neg 0.7179926870939126 off 0.26234893364689205 __DUMMY__ 0.019658379259195318	false	1.0
diktatorisch	neg 1.0		off 0.4905941597180318 neg 0.4680018310054404 __DUMMY__ 0.041404009276527765	false	0.5
vorhersehbar	neg 1.0		off 0.4918248010786736 neg 0.46697370693548623 __DUMMY__ 0.04120149198584015	false	0.5
sowie			off 0.5002129504632618 neg 0.4588428365571971 __DUMMY__ 0.04094421297954103	false	0.0
stornieren	neg 1.0		off 0.4966114914711462 neg 0.4615233309298839 __DUMMY__ 0.04186517759896994	false	0.5
besteuerung	neg 1.0		off 0.4885850032566996 neg 0.47016692497607815 __DUMMY__ 0.04124807176722214	false	0.5
ungeschminkt	neg 1.0		off 0.49490203404971755 neg 0.4641132867003023 __DUMMY__ 0.04098467924998019	false	0.5
kritisch	neg 1.0		off 0.48590815062529974 neg 0.472485426357979 __DUMMY__ 0.04160642301672135	false	0.5
schlamperei	off 1.0		off 0.4862550752977611 neg 0.47191959146970747 __DUMMY__ 0.04182533323253154	false	1.0
sucht	neg 1.0	neg 1.0	neg 0.7158086825458468 off 0.2641037375960559 __DUMMY__ 0.020087579858097247	false	1.0
egoistisch	off 1.0		off 0.49980993215432923 neg 0.45939474444850326 __DUMMY__ 0.040795323397167606	false	1.0
ausbeuter	off 1.0		off 0.48286103906451483 neg 0.47562643256022236 __DUMMY__ 0.0415125283752627	false	1.0
arschgeburt	off 1.0		off 0.5053667198687662 neg 0.45436427778371 __DUMMY__ 0.040269002347523744	false	1.0
schubs	neg 1.0		off 0.4891927588558923 neg 0.4691433434316643 __DUMMY__ 0.041663897712443505	false	0.5
unsolide	neg 1.0		off 0.4906491054554746 neg 0.4680489969914829 __DUMMY__ 0.04130189755304259	false	0.5
beschwerde	neg 1.0		off 0.4860484537407824 neg 0.47226655280027413 __DUMMY__ 0.041684993458943345	false	0.5
stocken	neg 1.0		off 0.4864468015607101 neg 0.4717631513224734 __DUMMY__ 0.04179004711681658	false	0.5
isolieren	neg 1.0		off 0.48730892841274615 neg 0.4710317234510491 __DUMMY__ 0.0416593481362047	false	0.5
unheilbar	neg 1.0		off 0.4909161796099769 neg 0.4675425268239878 __DUMMY__ 0.04154129356603522	false	0.5
pisser	off 1.0		off 0.4976498160381254 neg 0.461306598314712 __DUMMY__ 0.04104358564716249	false	1.0
löschen	neg 1.0		off 0.49113236264587573 neg 0.46724542244623796 __DUMMY__ 0.04162221490788627	false	0.5
durchfallen	neg 1.0		off 0.48546166636422106 neg 0.4730772923736616 __DUMMY__ 0.04146104126211739	false	0.5
wichser	off 1.0	off 1.0	off 0.7387672464431093 neg 0.24188518803901 __DUMMY__ 0.019347565517880794	false	1.0
terror	neg 1.0		off 0.4944411522164113 neg 0.46407224487720183 __DUMMY__ 0.04148660290638675	false	0.5
krass	neg 1.0		off 0.4993195629509584 neg 0.4596407965873196 __DUMMY__ 0.041039640461722066	false	0.5
revolte	neg 1.0		off 0.4930739647515378 neg 0.4654132875851944 __DUMMY__ 0.041512747663267825	false	0.5
besorgt	neg 1.0		off 0.492099570774599 neg 0.4659423198314519 __DUMMY__ 0.041958109393949235	false	0.5
nachlassen	neg 1.0		off 0.4880701684429766 neg 0.46998592924934596 __DUMMY__ 0.04194390230767738	false	0.5
alt	neg 1.0		off 0.48765317605460207 neg 0.4707499438623772 __DUMMY__ 0.04159688008302069	false	0.5
hundesohn	off 1.0		off 0.5042397135628787 neg 0.45509215181556606 __DUMMY__ 0.0406681346215554	false	1.0
als			off 0.4884109818785279 neg 0.46995251694904594 __DUMMY__ 0.04163650117242618	false	0.0
abschreckung	neg 1.0		off 0.4836376375077869 neg 0.4746039638982401 __DUMMY__ 0.04175839859397293	false	0.5
unqualifiziert	neg 1.0		off 0.4922785224208282 neg 0.46659279494250794 __DUMMY__ 0.04112868263666384	false	0.5
abgewichst	off 1.0		off 0.49071925774558256 neg 0.4675479840272372 __DUMMY__ 0.041732758227180325	false	1.0
schwer	neg 1.0		off 0.48941434978076487 neg 0.46907561906176787 __DUMMY__ 0.04151003115746716	false	0.5
bedeutungslosigkeit	neg 1.0		off 0.48481721650249904 neg 0.4734571245441273 __DUMMY__ 0.041725658953373664	false	0.5
kapitulation	neg 1.0		off 0.4869088511339198 neg 0.4713453197259653 __DUMMY__ 0.04174582914011501	false	0.5
unscharf	neg 1.0		off 0.4918499637618576 neg 0.46687763817438444 __DUMMY__ 0.04127239806375791	false	0.5
schwinden	neg 1.0		off 0.48534293713085863 neg 0.47284702930379197 __DUMMY__ 0.0418100335653494	false	0.5
versklavung	neg 1.0		off 0.491404472080328 neg 0.4670573336015818 __DUMMY__ 0.041538194318090235	false	0.5
schlecht	neg 1.0		off 0.49747862177714375 neg 0.461176794289095 __DUMMY__ 0.041344583933761135	false	0.5
verhasst	neg 1.0		off 0.48929191651313275 neg 0.46950263487240235 __DUMMY__ 0.04120544861446492	false	0.5
beschweren	neg 1.0		off 0.4924204285039396 neg 0.46614205974373973 __DUMMY__ 0.04143751175232082	false	0.5
scheiden	neg 1.0		off 0.4922167884279677 neg 0.46607353514267885 __DUMMY__ 0.04170967642935341	false	0.5
frustriert	neg 1.0		off 0.4882851006989845 neg 0.47018865956202593 __DUMMY__ 0.04152623973898966	false	0.5
schimmelig	neg 1.0		off 0.48598901838988423 neg 0.4725552056400565 __DUMMY__ 0.04145577597005915	false	0.5
fisch	neg 1.0		off 0.4838758636912076 neg 0.47446803806507526 __DUMMY__ 0.041656098243717035	false	0.5
schmuggel	neg 1.0		off 0.48585697913130294 neg 0.47238686263136553 __DUMMY__ 0.04175615823733151	false	0.5
auffallen	neg 1.0		off 0.49316999692918206 neg 0.465433879894979 __DUMMY__ 0.041396123175838906	false	0.5
konkurrenz	neg 1.0		off 0.4841677328876507 neg 0.47397662521610434 __DUMMY__ 0.04185564189624488	false	0.5
teufelskreis	neg 1.0	neg 1.0	neg 0.7204001729609057 off 0.259857106758009 __DUMMY__ 0.019742720281085226	false	1.0
aufschreien	neg 1.0		off 0.4922536796327556 neg 0.4664557015370443 __DUMMY__ 0.04129061883020014	false	0.5
schuldner	neg 1.0		off 0.4831337442102516 neg 0.47524152339619086 __DUMMY__ 0.04162473239355766	false	0.5
missgeburt	off 1.0	off 1.0	off 0.7362786088252262 neg 0.24431688376196797 __DUMMY__ 0.019404507412805805	false	1.0
arbeitslos	neg 1.0		off 0.4858207454476043 neg 0.4727275082694148 __DUMMY__ 0.04145174628298092	false	0.5
befallen	neg 1.0		off 0.4885745158958844 neg 0.4698552425350652 __DUMMY__ 0.04157024156905033	false	0.5
miesepetrig	off 1.0	off 1.0	off 0.7341594841220624 neg 0.24614896732269625 __DUMMY__ 0.01969154855524129	false	1.0
alarmieren	neg 1.0		off 0.4937312141644146 neg 0.4650409667908463 __DUMMY__ 0.041227819044739045	false	0.5
ungeduscht	off 1.0		off 0.49386127340310826 neg 0.46493086855388377 __DUMMY__ 0.04120785804300792	false	1.0
knappheit	neg 1.0		off 0.48435201762127134 neg 0.47427164034890334 __DUMMY__ 0.04137634202982536	false	0.5
schlange	neg 1.0		off 0.49498930961422793 neg 0.46325362136686093 __DUMMY__ 0.04175706901891111	false	0.5
harsch	neg 1.0		off 0.5026784076009363 neg 0.4560652567348379 __DUMMY__ 0.04125633566422582	false	0.5
lang	neg 1.0		off 0.4923619579609463 neg 0.46601815004249264 __DUMMY__ 0.04161989199656114	false	0.5
ziellos	neg 1.0		off 0.4886281065572281 neg 0.4695426916283039 __DUMMY__ 0.04182920181446808	false	0.5
selbstverliebt	neg 1.0		off 0.5043061270932934 neg 0.45521565853923296 __DUMMY__ 0.04047821436747372	false	0.5
beseitigen	neg 1.0		off 0.4893102721294013 neg 0.46904862960449806 __DUMMY__ 0.04164109826610066	false	0.5
dumm	off 1.0		off 0.5014352025886694 neg 0.45771144107017636 __DUMMY__ 0.0408533563411543	false	1.0
arbeitsloser	neg 1.0		off 0.4879298745653818 neg 0.47039776700738545 __DUMMY__ 0.04167235842723277	false	0.5
blitzen	neg 1.0		off 0.4939322409412894 neg 0.46464338020906193 __DUMMY__ 0.04142437884964877	false	0.5
hilflos	neg 1.0		off 0.48794675498795553 neg 0.4705002901268962 __DUMMY__ 0.04155295488514827	false	0.5
eklig	off 1.0		off 0.5006821788823683 neg 0.4586394207307344 __DUMMY__ 0.04067840038689725	false	1.0
begriff			off 0.48898185725530013 neg 0.4695200282702482 __DUMMY__ 0.041498114474451654	false	0.0
hungersnot	neg 1.0		off 0.48884890261300346 neg 0.46940598090883573 __DUMMY__ 0.04174511647816096	false	0.5
ungesetzlich	neg 1.0		off 0.4882528265442672 neg 0.4705258657419779 __DUMMY__ 0.041221307713754915	false	0.5
verschwendung	neg 1.0		off 0.4856523827580729 neg 0.47265036604545213 __DUMMY__ 0.04169725119647512	false	0.5
schmerzvoll	neg 1.0		off 0.49252552667206767 neg 0.46598980105519716 __DUMMY__ 0.041484672272735106	false	0.5
vorzeitig	neg 1.0		off 0.4940504116196319 neg 0.46447456472822307 __DUMMY__ 0.041475023652145095	false	0.5
unvollkommenheit	neg 1.0		off 0.4903661771230024 neg 0.46769708938804594 __DUMMY__ 0.04193673348895174	false	0.5
intervenieren	neg 1.0		off 0.4847295506756562 neg 0.47363651856476163 __DUMMY__ 0.04163393075958212	false	0.5
banause	off 1.0		off 0.5021634485216394 neg 0.45738097582507475 __DUMMY__ 0.04045557565328586	false	1.0
rebell	neg 1.0		off 0.4822317690466497 neg 0.47590783608481524 __DUMMY__ 0.041860394868534954	false	0.5
unlogisch	neg 1.0		off 0.4972987398936955 neg 0.4617218181308836 __DUMMY__ 0.04097944197542092	false	0.5
leiden	neg 1.0		off 0.48604476399512003 neg 0.47208732516834917 __DUMMY__ 0.041867910836530915	false	0.5
abschaffung	neg 1.0		off 0.49050242888327455 neg 0.46799328982759536 __DUMMY__ 0.04150428128913015	false	0.5
sturz	neg 1.0		off 0.49264326773487815 neg 0.4656117430502609 __DUMMY__ 0.0417449892148609	false	0.5
verkleinerung	neg 1.0		off 0.4912230421462936 neg 0.46760055638081566 __DUMMY__ 0.041176401472890596	false	0.5
schmarotzer	off 1.0		off 0.4859192121428834 neg 0.4727295922119588 __DUMMY__ 0.041351195645157664	false	1.0
bestrafung	neg 1.0		off 0.4916978548940726 neg 0.46679127611538557 __DUMMY__ 0.04151086899054177	false	0.5
achtlos	neg 1.0	neg 1.0	neg 0.7190955136148269 off 0.26102535566340307 __DUMMY__ 0.019879130721769996	false	1.0
ungeheuer	neg 1.0		off 0.4945783840998231 neg 0.4638486373779724 __DUMMY__ 0.04157297852220464	false	0.5
unaufrichtig	neg 1.0		off 0.49519380581250183 neg 0.46323787711190506 __DUMMY__ 0.041568317075593275	false	0.5
