unsolidarisch	neg 1.0		off 0.4740686263284717 neg 0.45839490525785936 __DUMMY__ 0.06753646841366906	false	0.5
nachteilig	neg 1.0		off 0.47172020580190005 neg 0.4601320548439897 __DUMMY__ 0.06814773935411014	false	0.5
skeptisch	neg 1.0		off 0.4715439305818383 neg 0.4601975217605418 __DUMMY__ 0.06825854765762	false	0.5
schrecklich	neg 1.0		off 0.4865643401568791 neg 0.44616782501545627 __DUMMY__ 0.06726783482766473	false	0.5
schlapp	neg 1.0		off 0.48312683701905007 neg 0.4492333199978412 __DUMMY__ 0.0676398429831086	false	0.5
abfall	neg 1.0		off 0.46903304537486984 neg 0.4622854709261438 __DUMMY__ 0.06868148369898622	false	0.5
widerspenstig	neg 1.0		off 0.47760346933522224 neg 0.45440179639682465 __DUMMY__ 0.06799473426795301	false	0.5
abrupt	neg 1.0		off 0.47504617256859905 neg 0.45633383718723763 __DUMMY__ 0.06861999024416346	false	0.5
unwirksam	neg 1.0		off 0.4739326163953194 neg 0.4585932375412277 __DUMMY__ 0.06747414606345292	false	0.5
angreifen	neg 1.0		off 0.47110023727022504 neg 0.46069805736991076 __DUMMY__ 0.06820170535986421	false	0.5
inkonsistent	neg 1.0		off 0.4765935556981015 neg 0.45576842324598454 __DUMMY__ 0.06763802105591403	false	0.5
abrutschen	neg 1.0		off 0.4687683554880097 neg 0.46271461963056565 __DUMMY__ 0.06851702488142454	false	0.5
unsicher	neg 1.0		off 0.4776882103312826 neg 0.4541943327636444 __DUMMY__ 0.06811745690507312	false	0.5
bauernkind	off 1.0	off 1.0	off 0.7271622191579988 neg 0.24129004860517375 __DUMMY__ 0.031547732236827386	false	1.0
angreifer	neg 1.0	neg 1.0	neg 0.7107193126934076 off 0.2566722792491502 __DUMMY__ 0.03260840805744222	false	1.0
trennen	neg 1.0		off 0.4734292694741118 neg 0.4579250820291001 __DUMMY__ 0.06864564849678807	false	0.5
schmutz	neg 1.0		off 0.4818366786554452 neg 0.4497860543853491 __DUMMY__ 0.06837726695920562	false	0.5
inkonsistenz	neg 1.0		off 0.4787493410931189 neg 0.4543022745605609 __DUMMY__ 0.06694838434632024	false	0.5
erschreckend	neg 1.0		off 0.4752592399557391 neg 0.4568669785028814 __DUMMY__ 0.06787378154137956	false	0.5
ertrinken	neg 1.0		off 0.47283452428740785 neg 0.45879750041743933 __DUMMY__ 0.0683679752951527	false	0.5
pickelface	off 1.0		off 0.47676712425577916 neg 0.4550781592471692 __DUMMY__ 0.06815471649705158	false	1.0
seiner			off 0.47246405113731615 neg 0.45920199448267146 __DUMMY__ 0.06833395438001237	false	0.0
lauch	neg 1.0		off 0.4708628154739683 neg 0.46040601969094125 __DUMMY__ 0.06873116483509038	false	0.5
unwichtig	neg 1.0		off 0.4805266211617788 neg 0.4521273662494155 __DUMMY__ 0.06734601258880582	false	0.5
steuerhinterziehung	neg 1.0	neg 1.0	neg 0.7146984837777598 off 0.2527888710219745 __DUMMY__ 0.032512645200265616	false	1.0
schock	neg 1.0		off 0.47731207311605 neg 0.4544549871107718 __DUMMY__ 0.0682329397731781	false	0.5
beule	neg 1.0		off 0.4833540015757191 neg 0.4492147276796479 __DUMMY__ 0.06743127074463308	false	0.5
vergelten	neg 1.0		off 0.48728630105632714 neg 0.4450219165145276 __DUMMY__ 0.06769178242914528	false	0.5
verdorbenheit	neg 1.0		off 0.48042602647506344 neg 0.4512018672809764 __DUMMY__ 0.06837210624396023	false	0.5
trauma	neg 1.0		off 0.4782130477152306 neg 0.45384105370739863 __DUMMY__ 0.06794589857737086	false	0.5
sinnlos	neg 1.0		off 0.47930118261757587 neg 0.45288600929324196 __DUMMY__ 0.06781280808918216	false	0.5
fettsack	off 1.0	off 1.0	off 0.7288915773180505 neg 0.23940412185111903 __DUMMY__ 0.03170430083083051	false	1.0
feige	off 1.0	off 1.0	off 0.7263005026584921 neg 0.24165480159509778 __DUMMY__ 0.032044695746410126	false	1.0
abdanken	neg 1.0		off 0.4766914857746696 neg 0.45521080144630555 __DUMMY__ 0.06809771277902492	false	0.5
wichtigtuer	off 1.0	off 1.0	off 0.7252743963793419 neg 0.24251937184618272 __DUMMY__ 0.03220623177447534	false	1.0
misslingen	neg 1.0		off 0.4815963441892055 neg 0.4497825732356927 __DUMMY__ 0.06862108257510177	false	0.5
untreu	off 1.0		off 0.4821760836781023 neg 0.450336411153331 __DUMMY__ 0.06748750516856677	false	1.0
missmutig	neg 1.0		off 0.482350664781375 neg 0.44996075000803804 __DUMMY__ 0.06768858521058682	false	0.5
hurenbock	off 1.0		off 0.4806231707474151 neg 0.4512986089049806 __DUMMY__ 0.06807822034760432	false	1.0
betrunken	neg 1.0		off 0.48476772822154485 neg 0.44772859994974606 __DUMMY__ 0.06750367182870913	false	0.5
korrupt	off 1.0		off 0.4716206387976305 neg 0.4607044121154634 __DUMMY__ 0.06767494908690601	false	1.0
unmut	neg 1.0		off 0.4693138094720241 neg 0.46209244572406105 __DUMMY__ 0.06859374480391484	false	0.5
hackfresse	off 1.0		off 0.48891708354346336 neg 0.44430625381114325 __DUMMY__ 0.06677666264539328	false	1.0
aufblasen	neg 1.0		off 0.47987120598722477 neg 0.45214199506964686 __DUMMY__ 0.0679867989431283	false	0.5
gewaltsam	neg 1.0		off 0.47656266831427624 neg 0.4551852237503059 __DUMMY__ 0.06825210793541776	false	0.5
unbeliebtheit	neg 1.0		off 0.47927649852144094 neg 0.4533871584908929 __DUMMY__ 0.0673363429876661	false	0.5
sturheit	neg 1.0		off 0.4745721586660459 neg 0.4575193080610264 __DUMMY__ 0.06790853327292774	false	0.5
kuh	neg 1.0		off 0.47626226804769717 neg 0.4565643397545283 __DUMMY__ 0.06717339219777464	false	0.5
erschrecken	neg 1.0		off 0.48261898056340613 neg 0.4495641038813431 __DUMMY__ 0.06781691555525074	false	0.5
opfer	neg 1.0		off 0.4734460151149213 neg 0.45831586209797426 __DUMMY__ 0.06823812278710453	false	0.5
sinken	neg 1.0		off 0.4706480615403784 neg 0.460702981413512 __DUMMY__ 0.06864895704610956	false	0.5
stinktier	neg 1.0		off 0.48276690942543415 neg 0.4508110088043695 __DUMMY__ 0.06642208177019644	false	0.5
tucke	off 1.0		off 0.48859017230915314 neg 0.4449835078052493 __DUMMY__ 0.06642631988559751	false	1.0
ein			off 0.4788377784635235 neg 0.45317539471895757 __DUMMY__ 0.06798682681751896	false	0.0
abstieg	neg 1.0		off 0.47326829240907214 neg 0.458283002302773 __DUMMY__ 0.06844870528815475	false	0.5
missverstehen	neg 1.0		off 0.477888439706869 neg 0.4547354508131794 __DUMMY__ 0.06737610947995154	false	0.5
ergebnislos	neg 1.0		off 0.47288104866643815 neg 0.458651377648004 __DUMMY__ 0.06846757368555789	false	0.5
unter			off 0.46667203012285113 neg 0.46402583451055945 __DUMMY__ 0.0693021353665894	false	0.0
manipulieren	neg 1.0		off 0.4714933995962526 neg 0.46015539615049056 __DUMMY__ 0.06835120425325693	false	0.5
unbewiesen	neg 1.0		off 0.47317349881873316 neg 0.4594327257585292 __DUMMY__ 0.06739377542273756	false	0.5
verschleppen	neg 1.0		off 0.4731150985819708 neg 0.4587830591455614 __DUMMY__ 0.06810184227246775	false	0.5
weib	off 1.0		off 0.4870448118965625 neg 0.4466769401307353 __DUMMY__ 0.06627824797270228	false	1.0
opposition	neg 1.0		off 0.4775976727828108 neg 0.4547352649837048 __DUMMY__ 0.0676670622334845	false	0.5
verkehrswidrig	neg 1.0		off 0.48959070563672363 neg 0.4426124085174147 __DUMMY__ 0.06779688584586166	false	0.5
inkorrekt	neg 1.0		off 0.4832959807996626 neg 0.4497882117750891 __DUMMY__ 0.06691580742524829	false	0.5
vermeiden	neg 1.0	neg 1.0	neg 0.716891933204091 off 0.25015508697828176 __DUMMY__ 0.03295297981762727	false	1.0
abweichung	neg 1.0		off 0.472841676639307 neg 0.4590119016227358 __DUMMY__ 0.06814642173795717	false	0.5
alkoholisiert	neg 1.0		off 0.4736800185226317 neg 0.4578612287073671 __DUMMY__ 0.06845875277000114	false	0.5
scheiss	off 1.0	off 1.0	off 0.7273762502242671 neg 0.24048847080513874 __DUMMY__ 0.032135278970594115	false	1.0
herausforderung	neg 1.0		off 0.4719210869745517 neg 0.4597564129721169 __DUMMY__ 0.06832250005333154	false	0.5
pervers	off 1.0		off 0.49177526695824697 neg 0.44180712588381027 __DUMMY__ 0.06641760715794277	false	1.0
wackelig	neg 1.0		off 0.47775857590744875 neg 0.4536701972216358 __DUMMY__ 0.06857122687091545	false	0.5
verwickeln	neg 1.0		off 0.47735751489017325 neg 0.4552193839504518 __DUMMY__ 0.06742310115937498	false	0.5
vorwand	neg 1.0		off 0.47064760432538927 neg 0.46111450032798573 __DUMMY__ 0.06823789534662507	false	0.5
muschi	off 1.0		off 0.47691070127791024 neg 0.4549414911485464 __DUMMY__ 0.06814780757354338	false	1.0
entmutigung	neg 1.0		off 0.4779941681944234 neg 0.4541532976214991 __DUMMY__ 0.06785253418407734	false	0.5
unangemessen	neg 1.0		off 0.47306910278416353 neg 0.4592189982581011 __DUMMY__ 0.06771189895773531	false	0.5
unstetig	neg 1.0		off 0.48041703755154586 neg 0.4517321794466894 __DUMMY__ 0.0678507830017648	false	0.5
entmutigen	neg 1.0		off 0.47774746958586745 neg 0.4543905973312503 __DUMMY__ 0.06786193308288231	false	0.5
schwanz	neg 1.0		off 0.4743806554667417 neg 0.45730620746394335 __DUMMY__ 0.06831313706931498	false	0.5
verbot	neg 1.0		off 0.4734055878012239 neg 0.45852398907624603 __DUMMY__ 0.06807042312253009	false	0.5
leid	neg 1.0		off 0.48677657396423885 neg 0.44632441947816576 __DUMMY__ 0.06689900655759534	false	0.5
archaisch	neg 1.0		off 0.4751377250535563 neg 0.45687429302281723 __DUMMY__ 0.06798798192362658	false	0.5
gegen			off 0.4706749393527319 neg 0.4606704639969572 __DUMMY__ 0.06865459665031083	false	0.0
scheidung	neg 1.0		off 0.49987927138710053 neg 0.43334067702092677 __DUMMY__ 0.06678005159197278	false	0.5
einschlag	neg 1.0		off 0.48520456850705673 neg 0.4474505135083728 __DUMMY__ 0.06734491798457053	false	0.5
m			off 0.4757597583864629 neg 0.4559100611563248 __DUMMY__ 0.06833018045721236	false	0.0
abgestanden	neg 1.0		off 0.47700590188303565 neg 0.4552496768427934 __DUMMY__ 0.06774442127417095	false	0.5
schmierig	off 1.0		off 0.48726520964473413 neg 0.4455705998225755 __DUMMY__ 0.06716419053269038	false	1.0
unpraktisch	neg 1.0		off 0.4793580133940856 neg 0.45269002930990465 __DUMMY__ 0.06795195729600975	false	0.5
wixxer	off 1.0		off 0.49057663702862286 neg 0.4432564800029638 __DUMMY__ 0.06616688296841317	false	1.0
bezeichnet			off 0.4751765097389409 neg 0.45717745363605533 __DUMMY__ 0.06764603662500387	false	0.0
jammerlappen	off 1.0		off 0.4826585400124681 neg 0.449649678127659 __DUMMY__ 0.06769178185987286	false	1.0
farce	neg 1.0		off 0.47450620317654746 neg 0.4574969225504557 __DUMMY__ 0.06799687427299674	false	0.5
zwecklos	neg 1.0		off 0.4736550638378341 neg 0.4584534492455693 __DUMMY__ 0.06789148691659662	false	0.5
turbulent	neg 1.0		off 0.48243129486573094 neg 0.4503113042142414 __DUMMY__ 0.06725740092002766	false	0.5
invasion	neg 1.0		off 0.4789491262341146 neg 0.453258114408786 __DUMMY__ 0.06779275935709934	false	0.5
schuld	neg 1.0		off 0.4769751001085415 neg 0.4553341008640707 __DUMMY__ 0.06769079902738773	false	0.5
risiko	neg 1.0	neg 1.0	neg 0.711467020219405 off 0.25594972244639963 __DUMMY__ 0.03258325733419547	false	1.0
finster	neg 1.0		off 0.47725086000847844 neg 0.45512251007415305 __DUMMY__ 0.06762662991736858	false	0.5
geisteskrank	off 1.0		off 0.48098421301821154 neg 0.452047421491608 __DUMMY__ 0.06696836549018045	false	1.0
zusammenbrechen	neg 1.0		off 0.47507262783431614 neg 0.4568277142802709 __DUMMY__ 0.06809965788541299	false	0.5
ausbeute	neg 1.0		off 0.4787251846596022 neg 0.45218758724113967 __DUMMY__ 0.06908722809925821	false	0.5
hinterhalt	neg 1.0		off 0.48031388209860537 neg 0.45077397802278574 __DUMMY__ 0.06891213987860877	false	0.5
kritik	neg 1.0		off 0.47392493849622536 neg 0.4581243488914998 __DUMMY__ 0.06795071261227495	false	0.5
einschrumpfen	neg 1.0		off 0.4799120806868825 neg 0.45263292763604435 __DUMMY__ 0.0674549916770731	false	0.5
riskant	neg 1.0		off 0.4712166677441757 neg 0.4607180073021651 __DUMMY__ 0.06806532495365916	false	0.5
frustrieren	neg 1.0		off 0.4726437890518539 neg 0.45926981918140064 __DUMMY__ 0.06808639176674554	false	0.5
groll	neg 1.0		off 0.47309570591715033 neg 0.4589931896264719 __DUMMY__ 0.06791110445637791	false	0.5
gibt			off 0.4753970382202908 neg 0.4564610099977366 __DUMMY__ 0.0681419517819725	false	0.0
qualvoll	neg 1.0		off 0.48078072033473435 neg 0.4514021117837721 __DUMMY__ 0.06781716788149358	false	0.5
wackeln	neg 1.0		off 0.47988933454552507 neg 0.4518795545137753 __DUMMY__ 0.06823111094069975	false	0.5
klagen	neg 1.0		off 0.4693781156097291 neg 0.46220326383010857 __DUMMY__ 0.06841862056016249	false	0.5
bankrott	neg 1.0		off 0.4826867658238386 neg 0.44947406734183304 __DUMMY__ 0.06783916683432835	false	0.5
trauern	neg 1.0		off 0.47476861612607246 neg 0.4566739382456959 __DUMMY__ 0.06855744562823166	false	0.5
ablehnung	neg 1.0		off 0.4734472167039574 neg 0.45860958027929394 __DUMMY__ 0.06794320301674871	false	0.5
stur	neg 1.0		off 0.47741875404011386 neg 0.45486364714201905 __DUMMY__ 0.06771759881786703	false	0.5
aufruhr	neg 1.0		off 0.47638892062444693 neg 0.45547479994028167 __DUMMY__ 0.06813627943527137	false	0.5
melancholie	neg 1.0		off 0.47508545847140726 neg 0.45655058063227655 __DUMMY__ 0.06836396089631629	false	0.5
ist			off 0.47922383494500587 neg 0.45292229943540363 __DUMMY__ 0.06785386561959061	false	0.0
torheit	neg 1.0		off 0.4770453596031372 neg 0.455053080581459 __DUMMY__ 0.06790155981540379	false	0.5
dreckskind	off 1.0		off 0.48616029714191417 neg 0.44728298809800604 __DUMMY__ 0.06655671476007968	false	1.0
umtauschen	neg 1.0		off 0.47749855362939064 neg 0.45441625421478216 __DUMMY__ 0.06808519215582727	false	0.5
zum			off 0.47169778001463486 neg 0.4589597080564215 __DUMMY__ 0.06934251192894372	false	0.0
zersetzen	neg 1.0		off 0.470164534325949 neg 0.46175139645620505 __DUMMY__ 0.06808406921784585	false	0.5
zur			off 0.46904545290080546 neg 0.4618846197735163 __DUMMY__ 0.06906992732567824	false	0.0
frust	neg 1.0		off 0.47544648996216043 neg 0.45638405212243033 __DUMMY__ 0.06816945791540915	false	0.5
unerbittlichkeit	neg 1.0		off 0.4711679541386575 neg 0.46057398162864244 __DUMMY__ 0.06825806423270021	false	0.5
zwei			off 0.4722536339506501 neg 0.4585815287298315 __DUMMY__ 0.06916483731951842	false	0.0
unkorrekt	neg 1.0		off 0.4843116386125204 neg 0.4485239460052209 __DUMMY__ 0.06716441538225866	false	0.5
hexe	off 1.0		off 0.4803453023831386 neg 0.4524713020398598 __DUMMY__ 0.06718339557700158	false	1.0
lasch	neg 1.0		off 0.47920863015412063 neg 0.4534314693741719 __DUMMY__ 0.06735990047170747	false	0.5
rivale	neg 1.0		off 0.484057139831981 neg 0.4486154172222974 __DUMMY__ 0.06732744294572145	false	0.5
mutlos	off 1.0	off 1.0	off 0.7214394318141214 neg 0.2460778120541953 __DUMMY__ 0.03248275613168336	false	1.0
wirr	off 1.0		off 0.4841119762821457 neg 0.4489670533541832 __DUMMY__ 0.06692097036367113	false	1.0
jahr			off 0.47633386154927254 neg 0.4544267762160098 __DUMMY__ 0.06923936223471759	false	0.0
wird			off 0.47394433177922013 neg 0.45789315189931007 __DUMMY__ 0.06816251632146965	false	0.0
strafbar	neg 1.0		off 0.47165498918809123 neg 0.4603094176046791 __DUMMY__ 0.06803559320722978	false	0.5
erosion	neg 1.0		off 0.47858957116758577 neg 0.4531912180384151 __DUMMY__ 0.06821921079399908	false	0.5
eingehen	neg 1.0		off 0.4719746444800799 neg 0.4599925666697635 __DUMMY__ 0.06803278885015658	false	0.5
faul	off 1.0		off 0.48260561327238605 neg 0.44957982913083067 __DUMMY__ 0.06781455759678341	false	1.0
provisorium	neg 1.0		off 0.46825334389271994 neg 0.46232348313511923 __DUMMY__ 0.06942317297216082	false	0.5
schmerzen	neg 1.0		off 0.4751068547846681 neg 0.45703738127445426 __DUMMY__ 0.06785576394087768	false	0.5
schrumpfen	neg 1.0		off 0.46653277841206786 neg 0.4649051428878167 __DUMMY__ 0.06856207870011555	false	0.5
geistlos	off 1.0		off 0.4766572188005015 neg 0.4561133340316123 __DUMMY__ 0.06722944716788616	false	1.0
fehlkauf	neg 1.0		off 0.4797029050209654 neg 0.4523385794242359 __DUMMY__ 0.06795851555479873	false	0.5
frustrierend	neg 1.0		off 0.48078810428843616 neg 0.45158851535487204 __DUMMY__ 0.06762338035669187	false	0.5
unzufrieden	neg 1.0		off 0.4731778479908211 neg 0.45893127598948785 __DUMMY__ 0.06789087601969108	false	0.5
verzweifeln	neg 1.0		off 0.47578378822147593 neg 0.4562133429003864 __DUMMY__ 0.06800286887813783	false	0.5
verzweifelt	neg 1.0	neg 1.0	neg 0.7134054394758679 off 0.25433504905227533 __DUMMY__ 0.03225951147185691	false	1.0
misstrauensantrag	neg 1.0		off 0.47929403498771245 neg 0.45290869752180546 __DUMMY__ 0.06779726749048204	false	0.5
abfallen	neg 1.0		off 0.47965051593678004 neg 0.4521823068620696 __DUMMY__ 0.06816717720115043	false	0.5
fucker	off 1.0		off 0.48570648114042886 neg 0.44679153084233764 __DUMMY__ 0.06750198801723345	false	1.0
ungezogen	neg 1.0		off 0.4912924954504241 neg 0.44215215607132763 __DUMMY__ 0.06655534847824823	false	0.5
irrsinnig	neg 1.0	neg 1.0	neg 0.7131077033950112 off 0.25458537443994306 __DUMMY__ 0.032306922165045805	false	1.0
unfassbar	neg 1.0		off 0.4837818343304448 neg 0.4486306443456506 __DUMMY__ 0.06758752132390473	false	0.5
hart	neg 1.0		off 0.48266977648509557 neg 0.4498488328270674 __DUMMY__ 0.06748139068783685	false	0.5
widerlich	off 1.0		off 0.48225020939726165 neg 0.45057475087715554 __DUMMY__ 0.06717503972558299	false	1.0
fatal	neg 1.0		off 0.47958349519007104 neg 0.45258857393151264 __DUMMY__ 0.06782793087841642	false	0.5
bruch	neg 1.0		off 0.47066764544899364 neg 0.4607889860987811 __DUMMY__ 0.0685433684522252	false	0.5
aushungern	neg 1.0		off 0.4750620022503669 neg 0.45679408241471575 __DUMMY__ 0.06814391533491738	false	0.5
anspannung	neg 1.0		off 0.470900726380195 neg 0.4598993480734514 __DUMMY__ 0.06919992554635372	false	0.5
von			off 0.47736239193434055 neg 0.4532250822368996 __DUMMY__ 0.06941252582875986	false	0.0
kraftlos	neg 1.0		off 0.4755225224630293 neg 0.45618913161494523 __DUMMY__ 0.06828834592202541	false	0.5
vom			off 0.47019429557548786 neg 0.46018427758605635 __DUMMY__ 0.0696214268384558	false	0.0
grenzdebil	off 1.0		off 0.4842759869246913 neg 0.448142212371593 __DUMMY__ 0.06758180070371558	false	1.0
vor			off 0.47247943829324157 neg 0.4588233572227629 __DUMMY__ 0.0686972044839955	false	0.0
unterwerfen	neg 1.0		off 0.4730017332665694 neg 0.4588235646756545 __DUMMY__ 0.06817470205777613	false	0.5
versenkung	neg 1.0		off 0.47462905047857246 neg 0.45693625532764176 __DUMMY__ 0.06843469419378576	false	0.5
entziehen	neg 1.0		off 0.4699977022253539 neg 0.4615991421551663 __DUMMY__ 0.06840315561947972	false	0.5
finanzkrise	neg 1.0		off 0.4747130410772608 neg 0.4574391681604197 __DUMMY__ 0.06784779076231945	false	0.5
schimpfend	neg 1.0		off 0.4793174999312161 neg 0.45286155626507085 __DUMMY__ 0.0678209438037131	false	0.5
profan	neg 1.0		off 0.47921822746295967 neg 0.45313707498759703 __DUMMY__ 0.06764469754944347	false	0.5
korruption	neg 1.0		off 0.47325994046865044 neg 0.45864255002662013 __DUMMY__ 0.06809750950472936	false	0.5
â			off 0.47566118061236407 neg 0.4558980830561358 __DUMMY__ 0.0684407363315	false	0.0
schmutzig	neg 1.0		off 0.48527373143964336 neg 0.447083915154474 __DUMMY__ 0.06764235340588257	false	0.5
sexy	neg 1.0		off 0.4817537090212804 neg 0.45038641124508055 __DUMMY__ 0.06785987973363906	false	0.5
abraten	neg 1.0		off 0.4793178163522324 neg 0.45285422105135725 __DUMMY__ 0.06782796259641025	false	0.5
schwarz	neg 1.0		off 0.4787357402161949 neg 0.4534114720074079 __DUMMY__ 0.06785278777639728	false	0.5
fotze	off 1.0	off 1.0	off 0.7239282666936219 neg 0.24341918516915917 __DUMMY__ 0.03265254813721898	false	1.0
verwirren	neg 1.0		off 0.4800552077200366 neg 0.4522584754446574 __DUMMY__ 0.06768631683530606	false	0.5
zahnlos	off 1.0		off 0.47466339845783734 neg 0.45738801823426045 __DUMMY__ 0.06794858330790227	false	1.0
verheeren	neg 1.0		off 0.49364125266878495 neg 0.43968651956346116 __DUMMY__ 0.06667222776775399	false	0.5
hippie	neg 1.0		off 0.48123899402087184 neg 0.45089701507634716 __DUMMY__ 0.06786399090278092	false	0.5
rammen	neg 1.0		off 0.4777458605771236 neg 0.4545913351480008 __DUMMY__ 0.06766280427487562	false	0.5
unlauter	neg 1.0		off 0.47608314250191297 neg 0.4563638193170773 __DUMMY__ 0.06755303818100973	false	0.5
unheilvoll	neg 1.0		off 0.4797933776573836 neg 0.45226793392511455 __DUMMY__ 0.06793868841750188	false	0.5
niedrig	neg 1.0		off 0.47058209540643287 neg 0.46141739790569286 __DUMMY__ 0.06800050668787429	false	0.5
explosion	neg 1.0		off 0.48009382050970767 neg 0.4521244349740016 __DUMMY__ 0.06778174451629068	false	0.5
weichei	off 1.0	off 1.0	off 0.7299663281543646 neg 0.23818026531298597 __DUMMY__ 0.03185340653264946	false	1.0
minusmensch	off 1.0		off 0.4884598184853447 neg 0.44513452093768613 __DUMMY__ 0.06640566057696917	false	1.0
farblos	neg 1.0		off 0.47757034327316605 neg 0.45432323404325203 __DUMMY__ 0.06810642268358187	false	0.5
unwissend	neg 1.0	neg 1.0	neg 0.7112156135122386 off 0.2566530365493565 __DUMMY__ 0.03213134993840505	false	1.0
traurig	neg 1.0		off 0.4861505761991082 neg 0.446464366750262 __DUMMY__ 0.06738505705062987	false	0.5
senkung	neg 1.0		off 0.47825876901819936 neg 0.454261426462906 __DUMMY__ 0.06747980451889478	false	0.5
ungleich	neg 1.0	neg 1.0	neg 0.7163597421172055 off 0.2511345482358974 __DUMMY__ 0.032505709646897106	false	1.0
heikel	neg 1.0		off 0.4711635956352733 neg 0.4607754653862526 __DUMMY__ 0.06806093897847403	false	0.5
drosselung	neg 1.0		off 0.48345025661449886 neg 0.4490881208467093 __DUMMY__ 0.06746162253879182	false	0.5
falsch	neg 1.0		off 0.48044802507736867 neg 0.452043069793124 __DUMMY__ 0.0675089051295074	false	0.5
unzufriedenheit	neg 1.0		off 0.4705393058205509 neg 0.46113950796140474 __DUMMY__ 0.06832118621804428	false	0.5
kurz	neg 1.0		off 0.4778398784856039 neg 0.45370496282461803 __DUMMY__ 0.06845515868977811	false	0.5
unsinnig	neg 1.0		off 0.4739102467525362 neg 0.4583218587864323 __DUMMY__ 0.0677678944610315	false	0.5
penner	off 1.0	off 1.0	off 0.7309926644744313 neg 0.23717273289706778 __DUMMY__ 0.031834602628500866	false	1.0
seicht	neg 1.0		off 0.48923989301124055 neg 0.44440143284908734 __DUMMY__ 0.06635867413967193	false	0.5
dummheit	off 1.0	off 1.0	off 0.7253635513513121 neg 0.24245739304634562 __DUMMY__ 0.03217905560234221	false	1.0
unerfreulich	neg 1.0		off 0.4714750056540188 neg 0.4602180638411584 __DUMMY__ 0.06830693050482296	false	0.5
motherfucker	off 1.0	off 1.0	off 0.7285827734113761 neg 0.2392363283424185 __DUMMY__ 0.03218089824620542	false	1.0
pikiert	neg 1.0		off 0.4820433443060495 neg 0.4506309951799317 __DUMMY__ 0.06732566051401889	false	0.5
wrack	neg 1.0		off 0.47634361111944373 neg 0.4552853900495025 __DUMMY__ 0.06837099883105367	false	0.5
gangster	neg 1.0		off 0.48123987285596775 neg 0.4509130514862426 __DUMMY__ 0.0678470756577897	false	0.5
krank	neg 1.0		off 0.484533209634402 neg 0.4478534261452993 __DUMMY__ 0.06761336422029886	false	0.5
reich	neg 1.0		off 0.48405873279769424 neg 0.44812351305894604 __DUMMY__ 0.06781775414335971	false	0.5
gnadenlos	neg 1.0		off 0.47767821322330317 neg 0.4545324112570479 __DUMMY__ 0.06778937551964893	false	0.5
niedergeschlagen	neg 1.0		off 0.4762700785746697 neg 0.4555539157981944 __DUMMY__ 0.06817600562713601	false	0.5
terrorisieren	off 1.0	off 1.0	off 0.7224359351714447 neg 0.2449436469524933 __DUMMY__ 0.03262041787606198	false	1.0
sinnlosigkeit	neg 1.0		off 0.47434702660734007 neg 0.4576435664232256 __DUMMY__ 0.06800940696943437	false	0.5
behindern	neg 1.0		off 0.4768553938437475 neg 0.45503384641516587 __DUMMY__ 0.06811075974108659	false	0.5
undemokratisch	neg 1.0		off 0.4772616448877364 neg 0.454944264581826 __DUMMY__ 0.06779409053043767	false	0.5
wirtschaftskrise	neg 1.0		off 0.47278129488840914 neg 0.4591669424913828 __DUMMY__ 0.06805176262020805	false	0.5
neid	neg 1.0		off 0.4822149425433194 neg 0.44995717323152795 __DUMMY__ 0.0678278842251527	false	0.5
rutschen	neg 1.0		off 0.4724894010854506 neg 0.45827834953107266 __DUMMY__ 0.06923224938347676	false	0.5
rezession	neg 1.0		off 0.4819184179175278 neg 0.45148129814150173 __DUMMY__ 0.06660028394097031	false	0.5
fehlgeburt	neg 1.0		off 0.479892612331558 neg 0.4521292738358853 __DUMMY__ 0.06797811383255672	false	0.5
charakterschwach	off 1.0		off 0.4820213876299574 neg 0.4507888455035842 __DUMMY__ 0.06718976686645832	false	1.0
isolation	neg 1.0		off 0.4811920691277447 neg 0.45106326712584127 __DUMMY__ 0.0677446637464141	false	0.5
ablenkung	neg 1.0		off 0.4781000642103004 neg 0.45378327062401075 __DUMMY__ 0.06811666516568886	false	0.5
pech	neg 1.0		off 0.48095916947774575 neg 0.4513955757141803 __DUMMY__ 0.06764525480807392	false	0.5
vermeidung	neg 1.0		off 0.4841478361867988 neg 0.4483002048598984 __DUMMY__ 0.0675519589533028	false	0.5
dominieren	neg 1.0		off 0.4740033747329859 neg 0.4576193885770947 __DUMMY__ 0.06837723668991942	false	0.5
schwindlig	neg 1.0		off 0.4808181711340897 neg 0.4511783225825127 __DUMMY__ 0.0680035062833975	false	0.5
lutscher	neg 1.0		off 0.49047779886327597 neg 0.4430809625978781 __DUMMY__ 0.06644123853884587	false	0.5
pflicht	neg 1.0		off 0.470435553726491 neg 0.4613398472517115 __DUMMY__ 0.06822459902179762	false	0.5
faschist	off 1.0		off 0.4803106015832052 neg 0.4519903659391723 __DUMMY__ 0.06769903247762243	false	1.0
verschleudern	neg 1.0		off 0.47111475326001856 neg 0.460810680993917 __DUMMY__ 0.0680745657460643	false	0.5
wenn			off 0.48121796382713683 neg 0.4511787160551624 __DUMMY__ 0.06760332011770076	false	0.0
ehebruch	neg 1.0		off 0.4734966186703274 neg 0.45835143017327806 __DUMMY__ 0.0681519511563945	false	0.5
spott	off 1.0		off 0.47253698445494696 neg 0.4593544567287412 __DUMMY__ 0.06810855881631196	false	1.0
trostlosigkeit	neg 1.0		off 0.4721063860218797 neg 0.4592725282132716 __DUMMY__ 0.0686210857648487	false	0.5
lutschen	neg 1.0		off 0.4802137901516486 neg 0.45223373548752316 __DUMMY__ 0.06755247436082817	false	0.5
undiszipliniert	neg 1.0		off 0.48456093653095844 neg 0.44819591150696325 __DUMMY__ 0.06724315196207836	false	0.5
kopfschmerz	neg 1.0		off 0.47429893055875877 neg 0.4577450883679645 __DUMMY__ 0.06795598107327677	false	0.5
unvorhergesehen	neg 1.0		off 0.4753938507781026 neg 0.45580392604578174 __DUMMY__ 0.06880222317611565	false	0.5
desinteressiert	neg 1.0	neg 1.0	neg 0.709733174709451 off 0.25818502892066403 __DUMMY__ 0.03208179636988501	false	1.0
armselig	off 1.0		off 0.4837536904164775 neg 0.4492877726691482 __DUMMY__ 0.0669585369143742	false	1.0
desaster	neg 1.0		off 0.4695134705933494 neg 0.46198600912220816 __DUMMY__ 0.06850052028444253	false	0.5
tod	neg 1.0		off 0.4769075684675296 neg 0.454463829570003 __DUMMY__ 0.0686286019624673	false	0.5
herzlos	neg 1.0		off 0.4849793979746705 neg 0.44784954052147824 __DUMMY__ 0.06717106150385116	false	0.5
unwissenheit	neg 1.0		off 0.47362091857064503 neg 0.4584082718977904 __DUMMY__ 0.06797080953156459	false	0.5
widersinnig	neg 1.0		off 0.4715472087211074 neg 0.4608429350819947 __DUMMY__ 0.06760985619689797	false	0.5
bedenklich	neg 1.0		off 0.47231419641261646 neg 0.45971337676104246 __DUMMY__ 0.06797242682634107	false	0.5
beanstanden	neg 1.0		off 0.4703690908207534 neg 0.46133355547465704 __DUMMY__ 0.06829735370458954	false	0.5
panisch	neg 1.0	neg 1.0	neg 0.7102417540645886 off 0.2571748328911366 __DUMMY__ 0.03258341304427488	false	1.0
debil	off 1.0		off 0.4680129563176181 neg 0.4628142674997235 __DUMMY__ 0.06917277618265837	false	1.0
abstrich	neg 1.0		off 0.4806687699649211 neg 0.45058449920666094 __DUMMY__ 0.06874673082841792	false	0.5
primitiv	neg 1.0		off 0.48215024018440483 neg 0.45073538529084023 __DUMMY__ 0.06711437452475487	false	0.5
abschaum	off 1.0	off 1.0	off 0.7269384252869991 neg 0.24091679441755956 __DUMMY__ 0.03214478029544122	false	1.0
provozieren	neg 1.0		off 0.47619785329532527 neg 0.4562167532404512 __DUMMY__ 0.06758539346422356	false	0.5
tot	neg 1.0		off 0.4743008871590311 neg 0.45760323746487586 __DUMMY__ 0.06809587537609295	false	0.5
instabil	neg 1.0		off 0.48474910839967417 neg 0.44801674587099855 __DUMMY__ 0.06723414572932736	false	0.5
schwuchtel	off 1.0	off 1.0	off 0.733370057042037 neg 0.23515119177716115 __DUMMY__ 0.03147875118080197	false	1.0
zerren	neg 1.0		off 0.4756921129113182 neg 0.45609376637834065 __DUMMY__ 0.06821412071034115	false	0.5
kinderficker	off 1.0		off 0.4879236748914769 neg 0.44505243614627954 __DUMMY__ 0.06702388896224344	false	1.0
gefahr	neg 1.0		off 0.47160556670042286 neg 0.4598586308537028 __DUMMY__ 0.06853580244587443	false	0.5
rabiat	neg 1.0		off 0.4773923438999775 neg 0.4546213003178612 __DUMMY__ 0.06798635578216128	false	0.5
verlangsamung	neg 1.0		off 0.4863646777178146 neg 0.4472573854299873 __DUMMY__ 0.06637793685219813	false	0.5
ausgestorben	neg 1.0		off 0.47768799915140253 neg 0.45419692628442465 __DUMMY__ 0.06811507456417289	false	0.5
anklagen	neg 1.0		off 0.47426484407665365 neg 0.45753089013313486 __DUMMY__ 0.06820426579021148	false	0.5
trott	neg 1.0		off 0.4772634594647149 neg 0.45463611940817883 __DUMMY__ 0.06810042112710632	false	0.5
verminderung	neg 1.0		off 0.483139562044131 neg 0.4495603387363576 __DUMMY__ 0.0673000992195115	false	0.5
nach			off 0.47103981090738734 neg 0.4596741562053307 __DUMMY__ 0.06928603288728186	false	0.0
rost	neg 1.0		off 0.48761689925602986 neg 0.44552126310116646 __DUMMY__ 0.0668618376428037	false	0.5
destruktiv	neg 1.0		off 0.4751581679563335 neg 0.45713576742767464 __DUMMY__ 0.06770606461599185	false	0.5
unzumutbarkeit	neg 1.0		off 0.483507087782675 neg 0.44882202372880925 __DUMMY__ 0.06767088848851573	false	0.5
labil	off 1.0	off 1.0	off 0.7269323149087032 neg 0.24082382003766983 __DUMMY__ 0.03224386505362703	false	1.0
ziemlich	neg 1.0		off 0.4840917757844032 neg 0.448236456849263 __DUMMY__ 0.0676717673663338	false	0.5
lachnummer	off 1.0		off 0.47614050719378737 neg 0.45614168421520546 __DUMMY__ 0.06771780859100714	false	1.0
oder			off 0.4789975056573049 neg 0.4529309499887894 __DUMMY__ 0.06807154435390572	false	0.0
verfall	neg 1.0		off 0.4676530444216104 neg 0.46361541513773036 __DUMMY__ 0.06873154044065925	false	0.5
ausgrenzung	neg 1.0		off 0.4782041926511606 neg 0.45399348115318555 __DUMMY__ 0.06780232619565384	false	0.5
unordnung	neg 1.0		off 0.4878371794660003 neg 0.44438115631142316 __DUMMY__ 0.0677816642225767	false	0.5
fehlverhalten	neg 1.0		off 0.4700515144412928 neg 0.4619337353399914 __DUMMY__ 0.06801475021871574	false	0.5
eine			off 0.47253362514080094 neg 0.4589062072768727 __DUMMY__ 0.06856016758232636	false	0.0
nille	neg 1.0		off 0.4778486776750936 neg 0.45392977747650765 __DUMMY__ 0.0682215448483989	false	0.5
qual	neg 1.0		off 0.47686779699081117 neg 0.45499978298310323 __DUMMY__ 0.06813242002608555	false	0.5
verschwenden	neg 1.0		off 0.4717307518995994 neg 0.46025830039880955 __DUMMY__ 0.06801094770159097	false	0.5
riesig	neg 1.0		off 0.4749098999822116 neg 0.4566735473045419 __DUMMY__ 0.06841655271324655	false	0.5
verurteilen	neg 1.0		off 0.4726920132991938 neg 0.45946581411876025 __DUMMY__ 0.06784217258204589	false	0.5
klischee	neg 1.0	neg 1.0	neg 0.7118554679103593 off 0.25595385493705564 __DUMMY__ 0.03219067715258514	false	1.0
diktatorisch	neg 1.0		off 0.47716340921424977 neg 0.4551059437478889 __DUMMY__ 0.06773064703786123	false	0.5
vorhersehbar	neg 1.0		off 0.4784503176534354 neg 0.45414967120173777 __DUMMY__ 0.06740001114482685	false	0.5
sowie			off 0.48688956158850055 neg 0.44612962236793063 __DUMMY__ 0.06698081604356886	false	0.0
stornieren	neg 1.0		off 0.4830046268657555 neg 0.4485120097765207 __DUMMY__ 0.06848336335772374	false	0.5
besteuerung	neg 1.0		off 0.4752019775105876 neg 0.45732158354014296 __DUMMY__ 0.06747643894926941	false	0.5
ungeschminkt	neg 1.0		off 0.481579157137047 neg 0.45137385107064637 __DUMMY__ 0.06704699179230655	false	0.5
kritisch	neg 1.0		off 0.4724258603842583 neg 0.4595139430288061 __DUMMY__ 0.06806019658693564	false	0.5
schlamperei	off 1.0		off 0.4727023099651624 neg 0.45887998783046646 __DUMMY__ 0.06841770220437114	false	1.0
sucht	neg 1.0	neg 1.0	neg 0.7095392549195427 off 0.25756759561000275 __DUMMY__ 0.03289314947045461	false	1.0
egoistisch	off 1.0		off 0.4865364485858022 neg 0.4467255734169065 __DUMMY__ 0.06673797799729131	false	1.0
ausbeuter	off 1.0		off 0.46941967883175734 neg 0.4626731819586555 __DUMMY__ 0.0679071392095871	false	1.0
arschgeburt	off 1.0		off 0.4922461073164285 neg 0.44187412312007995 __DUMMY__ 0.06587976956349167	false	1.0
schubs	neg 1.0		off 0.4756702044585188 neg 0.4561749473661637 __DUMMY__ 0.06815484817531736	false	0.5
unsolide	neg 1.0		off 0.4772486094952025 neg 0.4551868936580537 __DUMMY__ 0.06756449684674376	false	0.5
beschwerde	neg 1.0		off 0.47254012233997256 neg 0.4592709988406196 __DUMMY__ 0.06818887881940779	false	0.5
stocken	neg 1.0		off 0.47290225354491333 neg 0.45873760196115093 __DUMMY__ 0.06836014449393578	false	0.5
isolieren	neg 1.0		off 0.4738044638594904 neg 0.4580482712853184 __DUMMY__ 0.06814726485519135	false	0.5
unheilbar	neg 1.0		off 0.4774369487702864 neg 0.45460857655769665 __DUMMY__ 0.06795447467201696	false	0.5
pisser	off 1.0		off 0.4843042593676089 neg 0.44855270142739817 __DUMMY__ 0.06714303920499294	false	1.0
löschen	neg 1.0		off 0.4776229648547251 neg 0.4542911062821454 __DUMMY__ 0.06808592886312952	false	0.5
durchfallen	neg 1.0		off 0.47202531406346404 neg 0.4601515035606124 __DUMMY__ 0.06782318237592362	false	0.5
wichser	off 1.0	off 1.0	off 0.7324675735191412 neg 0.23584985027884353 __DUMMY__ 0.03168257620201541	false	1.0
terror	neg 1.0		off 0.4809609335116939 neg 0.4511739263028502 __DUMMY__ 0.06786514018545584	false	0.5
krass	neg 1.0		off 0.48596466077255157 neg 0.44689861983713713 __DUMMY__ 0.06713671939031123	false	0.5
revolte	neg 1.0		off 0.47959732455911586 neg 0.45249464590411165 __DUMMY__ 0.0679080295367725	false	0.5
besorgt	neg 1.0		off 0.478480154413485 neg 0.45288558678030705 __DUMMY__ 0.06863425880620798	false	0.5
nachlassen	neg 1.0		off 0.47446679163870986 neg 0.4569218044960369 __DUMMY__ 0.06861140386525327	false	0.5
alt	neg 1.0		off 0.4741578312405306 neg 0.4577963924580489 __DUMMY__ 0.0680457763014205	false	0.5
hundesohn	off 1.0		off 0.4909967146675855 neg 0.44247263736178205 __DUMMY__ 0.06653064797063242	false	1.0
als			off 0.47490712788685363 neg 0.45698338076960177 __DUMMY__ 0.06810949134354476	false	0.0
abschreckung	neg 1.0		off 0.4701151466493774 neg 0.4615766516778015 __DUMMY__ 0.06830820167282098	false	0.5
unqualifiziert	neg 1.0		off 0.4789278045179669 neg 0.4537907988462631 __DUMMY__ 0.06728139663576999	false	0.5
abgewichst	off 1.0		off 0.477176671373436 neg 0.4545569476409454 __DUMMY__ 0.06826638098561852	false	1.0
schwer	neg 1.0		off 0.4759470643248996 neg 0.45614992273413474 __DUMMY__ 0.06790301294096555	false	0.5
bedeutungslosigkeit	neg 1.0		off 0.47130061928154254 neg 0.46044476359647546 __DUMMY__ 0.06825461712198191	false	0.5
kapitulation	neg 1.0		off 0.4733797957691266 neg 0.4583323256255928 __DUMMY__ 0.06828787860528057	false	0.5
unscharf	neg 1.0		off 0.4784424885233027 neg 0.45404098912286023 __DUMMY__ 0.0675165223538371	false	0.5
schwinden	neg 1.0		off 0.4717966264149714 neg 0.45981063041270664 __DUMMY__ 0.068392743172322	false	0.5
versklavung	neg 1.0		off 0.4779260929737588 neg 0.4541243985536925 __DUMMY__ 0.0679495084725487	false	0.5
schlecht	neg 1.0		off 0.48403697377669724 neg 0.448329539558364 __DUMMY__ 0.06763348666493875	false	0.5
verhasst	neg 1.0		off 0.47592487136883727 neg 0.4566688525971648 __DUMMY__ 0.06740627603399794	false	0.5
beschweren	neg 1.0		off 0.4789670052904597 neg 0.45324817326046574 __DUMMY__ 0.06778482144907462	false	0.5
scheiden	neg 1.0		off 0.47867211055062203 neg 0.45309787620354314 __DUMMY__ 0.0682300132458349	false	0.5
frustriert	neg 1.0		off 0.47481767083823334 neg 0.4572529824560851 __DUMMY__ 0.0679293467056816	false	0.5
schimmelig	neg 1.0		off 0.4725423117114906 neg 0.45964207708795735 __DUMMY__ 0.06781561120055207	false	0.5
fisch	neg 1.0		off 0.4703713816234596 neg 0.4614858320211832 __DUMMY__ 0.06814278635535717	false	0.5
schmuggel	neg 1.0		off 0.4723247484867469 neg 0.45936986203085245 __DUMMY__ 0.06830538948240071	false	0.5
auffallen	neg 1.0		off 0.4797266620357612 neg 0.4525559301486217 __DUMMY__ 0.0677174078156172	false	0.5
konkurrenz	neg 1.0		off 0.47061097623777076 neg 0.4609220005075253 __DUMMY__ 0.06846702325470377	false	0.5
teufelskreis	neg 1.0	neg 1.0	neg 0.714234540905734 off 0.25343691941575375 __DUMMY__ 0.03232853967851223	false	1.0
aufschreien	neg 1.0		off 0.47884806338944996 neg 0.45360667243523517 __DUMMY__ 0.06754526417531491	false	0.5
schuldner	neg 1.0		off 0.46965430986710266 neg 0.46225514649966043 __DUMMY__ 0.06809054363323677	false	0.5
missgeburt	off 1.0	off 1.0	off 0.7299622093336743 neg 0.23826201969633462 __DUMMY__ 0.031775770969991186	false	1.0
arbeitslos	neg 1.0		off 0.4723869415853807 neg 0.45980520667576663 __DUMMY__ 0.0678078517388527	false	0.5
befallen	neg 1.0		off 0.4750928936343158 neg 0.4569048927027448 __DUMMY__ 0.06800221366293933	false	0.5
miesepetrig	off 1.0	off 1.0	off 0.7277496164312921 neg 0.2400052063739455 __DUMMY__ 0.03224517719476244	false	1.0
alarmieren	neg 1.0		off 0.4803437019297023 neg 0.4522128994517354 __DUMMY__ 0.06744339861856223	false	0.5
ungeduscht	off 1.0		off 0.48046831307691085 neg 0.4521206412151578 __DUMMY__ 0.06741104570793129	false	1.0
knappheit	neg 1.0		off 0.4709470117777889 neg 0.4613673456665583 __DUMMY__ 0.06768564255565268	false	0.5
schlange	neg 1.0		off 0.4814220408574424 neg 0.4502716437898035 __DUMMY__ 0.06830631535275411	false	0.5
harsch	neg 1.0		off 0.48924509706247854 neg 0.44326475093073564 __DUMMY__ 0.06749015200678579	false	0.5
lang	neg 1.0		off 0.47884916586779264 neg 0.45306876895355874 __DUMMY__ 0.0680820651786486	false	0.5
ziellos	neg 1.0		off 0.47506125572943475 neg 0.45651507436796296 __DUMMY__ 0.06842366990260228	false	0.5
selbstverliebt	neg 1.0		off 0.49111939328653514 neg 0.44265972034475765 __DUMMY__ 0.06622088636870725	false	0.5
beseitigen	neg 1.0		off 0.47580166394384227 neg 0.45608054147929655 __DUMMY__ 0.06811779457686114	false	0.5
dumm	off 1.0		off 0.4881366997583776 neg 0.44503065729543984 __DUMMY__ 0.0668326429461826	false	1.0
arbeitsloser	neg 1.0		off 0.47442099262728704 neg 0.4574110134521001 __DUMMY__ 0.06816799392061289	false	0.5
blitzen	neg 1.0		off 0.48047786708701246 neg 0.4517586941986625 __DUMMY__ 0.0677634387143249	false	0.5
hilflos	neg 1.0		off 0.47447102842363226 neg 0.4575560139175284 __DUMMY__ 0.06797295765883922	false	0.5
eklig	off 1.0		off 0.48744023561352184 neg 0.44601236527772303 __DUMMY__ 0.06654739910875515	false	1.0
begriff			off 0.47552268427385985 neg 0.45659360416397343 __DUMMY__ 0.06788371156216662	false	0.0
hungersnot	neg 1.0		off 0.4753110179060176 neg 0.45640180672250685 __DUMMY__ 0.06828717537147548	false	0.5
ungesetzlich	neg 1.0		off 0.47488923226140806 neg 0.45767815075926865 __DUMMY__ 0.06743261697932339	false	0.5
verschwendung	neg 1.0		off 0.4721396117152065 neg 0.45965215983868135 __DUMMY__ 0.06820822844611221	false	0.5
schmerzvoll	neg 1.0		off 0.4790555881565066 neg 0.4530826379275024 __DUMMY__ 0.06786177391599094	false	0.5
vorzeitig	neg 1.0		off 0.4805779501993246 neg 0.45157517687680904 __DUMMY__ 0.06784687292386628	false	0.5
unvollkommenheit	neg 1.0		off 0.4767579664278353 neg 0.4546420120379939 __DUMMY__ 0.06860002153417072	false	0.5
intervenieren	neg 1.0		off 0.47124352739435 neg 0.46065121446803686 __DUMMY__ 0.06810525813761306	false	0.5
banause	off 1.0		off 0.48898831844887325 neg 0.444827506380727 __DUMMY__ 0.06618417517039968	false	1.0
rebell	neg 1.0		off 0.4686725651390028 neg 0.46285220377570707 __DUMMY__ 0.06847523108529008	false	0.5
unlogisch	neg 1.0		off 0.483973909184502 neg 0.4489879419562976 __DUMMY__ 0.06703814885920051	false	0.5
leiden	neg 1.0		off 0.4724705695975026 neg 0.4590419284514029 __DUMMY__ 0.0684875019510944	false	0.5
abschaffung	neg 1.0		off 0.47703564753062444 neg 0.4550701768751022 __DUMMY__ 0.06789417559427352	false	0.5
sturz	neg 1.0		off 0.47909014077040146 neg 0.452622754620762 __DUMMY__ 0.06828710460883658	false	0.5
verkleinerung	neg 1.0		off 0.4778581403975218 neg 0.4547821284439452 __DUMMY__ 0.06735973115853305	false	0.5
schmarotzer	off 1.0		off 0.4725186467686587 neg 0.4598373855262174 __DUMMY__ 0.06764396770512392	false	1.0
bestrafung	neg 1.0		off 0.47822509027760834 neg 0.45387026646834566 __DUMMY__ 0.06790464325404587	false	0.5
achtlos	neg 1.0	neg 1.0	neg 0.7128888702122813 off 0.2545593935189643 __DUMMY__ 0.03255173626875429	false	1.0
ungeheuer	neg 1.0		off 0.4810712662051237 neg 0.4509222123218232 __DUMMY__ 0.06800652147305294	false	0.5
unaufrichtig	neg 1.0		off 0.48169228810025855 neg 0.45030887946960163 __DUMMY__ 0.06799883243013982	false	0.5
groggy	neg 1.0		off 0.48074910917846936 neg 0.4514073573173144 __DUMMY__ 0.06784353350421612	false	0.5
