unsolidarisch	neg 1.0		__DUMMY__ 0.8777903392185057 neg 0.061189491234053255 off 0.06102016954744107	false	1.0
nachteilig	neg 1.0		__DUMMY__ 0.8833147913928948 neg 0.05996511243846229 off 0.05672009616864293	false	1.0
skeptisch	neg 1.0		__DUMMY__ 0.8839280450316942 neg 0.05974534304191695 off 0.05632661192638879	false	1.0
schrecklich	neg 1.0		__DUMMY__ 0.8757618790610637 off 0.06985793101874935 neg 0.05438018992018693	false	0.5
schlapp	neg 1.0		__DUMMY__ 0.8791526128112417 off 0.0657816742223766 neg 0.055065712966381804	false	0.5
abfall	neg 1.0		__DUMMY__ 0.8877796500038445 neg 0.05937618308790963 off 0.052844166908245976	false	1.0
widerspenstig	neg 1.0		__DUMMY__ 0.8821382187682066 off 0.06086726933853026 neg 0.05699451189326312	false	0.5
abrupt	neg 1.0		__DUMMY__ 0.8876624477380358 off 0.05665291059612315 neg 0.055684641665841014	false	0.5
unwirksam	neg 1.0		__DUMMY__ 0.8774457131222371 neg 0.061899082850432 off 0.06065520402733096	false	1.0
angreifen	neg 1.0		__DUMMY__ 0.8832987874035476 neg 0.06034560417708327 off 0.05635560841936897	false	1.0
inkonsistent	neg 1.0		__DUMMY__ 0.8791519788086586 off 0.061477453836594635 neg 0.05937056735474681	false	0.5
abrutschen	neg 1.0		__DUMMY__ 0.8861496689809433 neg 0.06047027809483706 off 0.053380052924219636	false	1.0
unsicher	neg 1.0		__DUMMY__ 0.8828147197718597 off 0.060846071694489016 neg 0.056339208533651285	false	0.5
bauernkind	off 1.0	off 1.0	off 0.5234038053403625 __DUMMY__ 0.428960629106755 neg 0.04763556555288263	false	1.0
angreifer	neg 1.0	neg 1.0	neg 0.5106229111662983 __DUMMY__ 0.4418940791907833 off 0.047483009642918524	false	1.0
trennen	neg 1.0		__DUMMY__ 0.8874153970594337 neg 0.05680692931454282 off 0.05577767362602334	false	1.0
schmutz	neg 1.0		__DUMMY__ 0.8859015479912024 off 0.06204895961079498 neg 0.052049492398002786	false	0.5
inkonsistenz	neg 1.0		__DUMMY__ 0.8727774930659103 off 0.06626765168360607 neg 0.06095485525048349	false	0.5
erschreckend	neg 1.0		__DUMMY__ 0.8805346452484045 off 0.060366684102720315 neg 0.05909867064887512	false	0.5
ertrinken	neg 1.0		__DUMMY__ 0.8849529401466971 neg 0.05846120328626388 off 0.056585856567038885	false	1.0
pickelface	off 1.0		__DUMMY__ 0.8833419238204404 off 0.05996932175443492 neg 0.05668875442512453	false	1.0
seiner			__DUMMY__ 0.8845422189704201 neg 0.0588695446071403 off 0.05658823642243965	false	0.0
lauch	neg 1.0		__DUMMY__ 0.888378406735623 neg 0.0580402841200608 off 0.0535813091443162	false	1.0
unwichtig	neg 1.0		__DUMMY__ 0.8761942315263574 off 0.06575921577101611 neg 0.05804655270262635	false	0.5
steuerhinterziehung	neg 1.0	neg 1.0	neg 0.5148803595068424 __DUMMY__ 0.44071531380830387 off 0.044404326684853716	false	1.0
schock	neg 1.0		__DUMMY__ 0.883806503113028 off 0.06002994482043327 neg 0.05616355206653872	false	0.5
beule	neg 1.0		__DUMMY__ 0.8774052982871666 off 0.06668014290810549 neg 0.055914558804727794	false	0.5
vergelten	neg 1.0		__DUMMY__ 0.8797234211153235 off 0.06879224805081802 neg 0.05148433083385846	false	0.5
verdorbenheit	neg 1.0		__DUMMY__ 0.8854805146303176 off 0.061073496034557896 neg 0.05344598933512454	false	0.5
trauma	neg 1.0		__DUMMY__ 0.8812872652776556 off 0.06180400996585841 neg 0.05690872475648596	false	0.5
sinnlos	neg 1.0		__DUMMY__ 0.8802117888934233 off 0.06311764316451192 neg 0.05667056794206471	false	0.5
fettsack	off 1.0	off 1.0	off 0.5242922319581482 __DUMMY__ 0.4308667516728132 neg 0.0448410163690386	false	1.0
feige	off 1.0	off 1.0	off 0.520295952441824 __DUMMY__ 0.4348463723007466 neg 0.04485767525742932	false	1.0
abdanken	neg 1.0		__DUMMY__ 0.8827215080567145 off 0.06057406501715278 neg 0.05670442692613267	false	0.5
wichtigtuer	off 1.0	off 1.0	off 0.5184478694003833 __DUMMY__ 0.4368075484740136 neg 0.044744582125603095	false	1.0
misslingen	neg 1.0		__DUMMY__ 0.8880319916361497 off 0.06096509110507811 neg 0.051002917258772276	false	0.5
untreu	off 1.0		__DUMMY__ 0.8774914266148303 off 0.066186790650992 neg 0.05632178273417773	false	1.0
missmutig	neg 1.0		__DUMMY__ 0.8793624956474423 off 0.06541293822393926 neg 0.05522456612861832	false	0.5
hurenbock	off 1.0		__DUMMY__ 0.8830295708839286 off 0.062445484236065704 neg 0.05452494488000573	false	1.0
betrunken	neg 1.0		__DUMMY__ 0.8779299336250209 off 0.0675073416220301 neg 0.05456272475294891	false	0.5
korrupt	off 1.0		__DUMMY__ 0.8789067156941227 neg 0.06223808208590636 off 0.05885520221997097	false	0.5
unmut	neg 1.0		__DUMMY__ 0.8868881359930477 neg 0.0595614119328751 off 0.053550452074077125	false	1.0
hackfresse	off 1.0		__DUMMY__ 0.8715648257005378 off 0.07329975470734382 neg 0.05513541959211832	false	1.0
aufblasen	neg 1.0		__DUMMY__ 0.8819114191183931 off 0.06255543873241944 neg 0.05553314214918754	false	0.5
gewaltsam	neg 1.0		__DUMMY__ 0.8842284760273231 off 0.05944553891742738 neg 0.05632598505524941	false	0.5
unbeliebtheit	neg 1.0		__DUMMY__ 0.8763711800873556 off 0.06494310027875616 neg 0.05868571963388826	false	0.5
sturheit	neg 1.0		__DUMMY__ 0.8809300053058365 off 0.05986384883314634 neg 0.05920614586101717	false	0.5
kuh	neg 1.0		__DUMMY__ 0.8751072974200238 off 0.06299028354315968 neg 0.061902419036816536	false	0.5
erschrecken	neg 1.0		__DUMMY__ 0.8804006929345766 off 0.06516057612789967 neg 0.05443873093752368	false	0.5
opfer	neg 1.0		__DUMMY__ 0.8837934226698326 neg 0.05852031995014458 off 0.05768625738002277	false	1.0
sinken	neg 1.0		__DUMMY__ 0.8876659080978605 neg 0.05837113245257306 off 0.05396295944956634	false	1.0
stinktier	neg 1.0		__DUMMY__ 0.8682933466313693 off 0.07061739315691445 neg 0.06108926021171624	false	0.5
tucke	off 1.0		__DUMMY__ 0.8686662387785746 off 0.07428668178352657 neg 0.057047079437898794	false	1.0
ein			__DUMMY__ 0.8819397878564197 off 0.06173579306730233 neg 0.056324419076277984	false	0.0
abstieg	neg 1.0		__DUMMY__ 0.8858330524594296 neg 0.057541069213092565 off 0.05662587832747788	false	1.0
missverstehen	neg 1.0		__DUMMY__ 0.8763451655781282 off 0.06400901169221351 neg 0.05964582272965828	false	0.5
ergebnislos	neg 1.0		__DUMMY__ 0.8859558344433173 neg 0.05770481434886931 off 0.05633935120781349	false	1.0
unter			__DUMMY__ 0.8931806372063186 neg 0.05822468288770773 off 0.04859467990597362	false	0.0
manipulieren	neg 1.0		__DUMMY__ 0.8849510075882668 neg 0.05910684531925536 off 0.05594214709247769	false	1.0
unbewiesen	neg 1.0		__DUMMY__ 0.8765296014719355 neg 0.06246029284852582 off 0.0610101056795387	false	1.0
verschleppen	neg 1.0		__DUMMY__ 0.8827895886108031 neg 0.05917853444626119 off 0.058031876942935656	false	1.0
weib	off 1.0		__DUMMY__ 0.8670507673274852 off 0.07408822103052816 neg 0.058861011641986594	false	1.0
opposition	neg 1.0		__DUMMY__ 0.879087765096659 off 0.06224708012250066 neg 0.058665154780840494	false	0.5
verkehrswidrig	neg 1.0		__DUMMY__ 0.8808264879365665 off 0.06939003516126122 neg 0.04978347690217226	false	0.5
inkorrekt	neg 1.0		__DUMMY__ 0.8725675737415264 off 0.06949209227870883 neg 0.05794033397976469	false	0.5
vermeiden	neg 1.0	neg 1.0	neg 0.5145541062170694 __DUMMY__ 0.446261030315667 off 0.03918486346726357	false	1.0
abweichung	neg 1.0		__DUMMY__ 0.8834310777638055 neg 0.05913471531506441 off 0.057434206921130104	false	1.0
alkoholisiert	neg 1.0		__DUMMY__ 0.8864345739979181 neg 0.05759295428291304 off 0.05597247171916872	false	1.0
scheiss	off 1.0	off 1.0	off 0.5201236378583038 __DUMMY__ 0.43639523154025656 neg 0.04348113060143956	false	1.0
herausforderung	neg 1.0		__DUMMY__ 0.8848064153426427 neg 0.05913653367518806 off 0.056057050982169294	false	1.0
pervers	off 1.0		__DUMMY__ 0.8684388043237888 off 0.07667425945056014 neg 0.054886936225651016	false	1.0
wackelig	neg 1.0		__DUMMY__ 0.8870703613615935 off 0.05868881962691962 neg 0.054240819011486856	false	0.5
verwickeln	neg 1.0		__DUMMY__ 0.876715114330707 off 0.06350093053790083 neg 0.05978395513139215	false	0.5
vorwand	neg 1.0		__DUMMY__ 0.8837535788720063 neg 0.06039889178190903 off 0.05584752934608456	false	1.0
muschi	off 1.0		__DUMMY__ 0.8831819853411584 off 0.0601645508358254 neg 0.056653463823016136	false	1.0
entmutigung	neg 1.0		__DUMMY__ 0.8807303979289638 off 0.06229148364599186 neg 0.0569781184250443	false	0.5
unangemessen	neg 1.0		__DUMMY__ 0.8791494134557079 neg 0.061240323840419914 off 0.05961026270387215	false	1.0
unstetig	neg 1.0		__DUMMY__ 0.8811655664969982 off 0.06318206445846042 neg 0.05565236904454141	false	0.5
entmutigen	neg 1.0		__DUMMY__ 0.8807565137082419 off 0.06182939042452472 neg 0.057414095867233304	false	0.5
schwanz	neg 1.0		__DUMMY__ 0.8848157383905693 neg 0.05764117391982863 off 0.05754308768960202	false	1.0
verbot	neg 1.0		__DUMMY__ 0.8824668808563755 neg 0.0590888188975016 off 0.058444300246122884	false	1.0
leid	neg 1.0		__DUMMY__ 0.8726008454276776 off 0.0713835699832063 neg 0.05601558458911609	false	0.5
archaisch	neg 1.0		__DUMMY__ 0.8817612314375236 off 0.059695973052362114 neg 0.05854279551011427	false	0.5
gegen			__DUMMY__ 0.8873720815292891 neg 0.05830174062444578 off 0.05432617784626511	false	0.0
scheidung	neg 1.0		__DUMMY__ 0.8717930405533852 off 0.08095486893203109 neg 0.047252090514583664	false	0.5
einschlag	neg 1.0		__DUMMY__ 0.8765352689772563 off 0.06862118154859523 neg 0.054843549474148524	false	0.5
m			__DUMMY__ 0.8846596394764029 off 0.05852736548346281 neg 0.056812995040134276	false	0.0
abgestanden	neg 1.0		__DUMMY__ 0.8802454495018099 off 0.06091122556181588 neg 0.0588433249363742	false	0.5
schmierig	off 1.0		__DUMMY__ 0.8749655492068421 off 0.07065564059955855 neg 0.05437881019359926	false	1.0
unpraktisch	neg 1.0		__DUMMY__ 0.881724513794695 off 0.06215971580034559 neg 0.05611577040495948	false	0.5
wixxer	off 1.0		__DUMMY__ 0.8661454563193917 off 0.0768939269635153 neg 0.056960616717092974	false	1.0
bezeichnet			__DUMMY__ 0.8785976031212637 off 0.06121218492102397 neg 0.06019021195771232	false	0.0
jammerlappen	off 1.0		__DUMMY__ 0.8792657383223084 off 0.06578252666915084 neg 0.05495173500854083	false	1.0
farce	neg 1.0		__DUMMY__ 0.8819059907077449 off 0.059394303993762027 neg 0.05869970529849316	false	0.5
zwecklos	neg 1.0		__DUMMY__ 0.880696122797667 neg 0.06006325760591478 off 0.059240619596418194	false	1.0
turbulent	neg 1.0		__DUMMY__ 0.8758643716566714 off 0.06703070524005127 neg 0.05710492310327732	false	0.5
invasion	neg 1.0		__DUMMY__ 0.8800289483894638 off 0.0628431037856083 neg 0.05712794782492795	false	0.5
schuld	neg 1.0		__DUMMY__ 0.878992672010755 off 0.06217903808029684 neg 0.05882828990894811	false	0.5
risiko	neg 1.0	neg 1.0	neg 0.5113524984314256 __DUMMY__ 0.4418118961462133 off 0.04683560542236115	false	1.0
finster	neg 1.0		__DUMMY__ 0.878949876720613 off 0.061793058539921564 neg 0.059257064739465425	false	0.5
geisteskrank	off 1.0		__DUMMY__ 0.8728482006651354 off 0.06765400762312178 neg 0.05949779171174286	false	1.0
zusammenbrechen	neg 1.0		__DUMMY__ 0.8825406545419849 off 0.05924568096601356 neg 0.05821366449200145	false	0.5
ausbeute	neg 1.0		__DUMMY__ 0.891922035255658 off 0.057013951094928704 neg 0.05106401364941314	false	0.5
hinterhalt	neg 1.0		__DUMMY__ 0.8905068895766293 off 0.05891996340525769 neg 0.050573147018113065	false	0.5
kritik	neg 1.0		__DUMMY__ 0.8814469216983017 neg 0.0593197016449871 off 0.05923337665671104	false	1.0
einschrumpfen	neg 1.0		__DUMMY__ 0.8772057163430443 off 0.06486730902090443 neg 0.05792697463605117	false	0.5
riskant	neg 1.0		__DUMMY__ 0.8821416721365688 neg 0.0609666801720659 off 0.05689164769136528	false	1.0
frustrieren	neg 1.0		__DUMMY__ 0.8824100035676399 neg 0.05984604486252539 off 0.0577439515698347	false	1.0
groll	neg 1.0		__DUMMY__ 0.8809273958755623 neg 0.06028643221789549 off 0.058786171906542145	false	1.0
gibt			__DUMMY__ 0.8828555433469959 off 0.05938162380238729 neg 0.057762832850616876	false	0.0
qualvoll	neg 1.0		__DUMMY__ 0.8804225673265603 off 0.06384781591591235 neg 0.055729616757527266	false	0.5
wackeln	neg 1.0		__DUMMY__ 0.8839576310442411 off 0.061665652804642465 neg 0.0543767161511164	false	0.5
klagen	neg 1.0		__DUMMY__ 0.885480673662241 neg 0.06024318068897632 off 0.05427614564878273	false	1.0
bankrott	neg 1.0		__DUMMY__ 0.880620523597358 off 0.06489974131726689 neg 0.054479735085375104	false	0.5
trauern	neg 1.0		__DUMMY__ 0.8868037073823871 off 0.05716606281991006 neg 0.05603022979770283	false	0.5
ablehnung	neg 1.0		__DUMMY__ 0.8813661409406871 neg 0.059644586555294435 off 0.05898927250401841	false	1.0
stur	neg 1.0		__DUMMY__ 0.879297324527647 off 0.062320408470366934 neg 0.058382267001986024	false	0.5
aufruhr	neg 1.0		__DUMMY__ 0.8831177870021907 off 0.059953241899198095 neg 0.05692897109861119	false	0.5
melancholie	neg 1.0		__DUMMY__ 0.8853495081825735 off 0.0575967303795488 neg 0.05705376143787761	false	0.5
ist			__DUMMY__ 0.8805380021063485 off 0.0628726634110798 neg 0.0565893344825717	false	0.0
torheit	neg 1.0		__DUMMY__ 0.8811708146282878 off 0.06137039376721211 neg 0.05745879160450007	false	0.5
dreckskind	off 1.0		__DUMMY__ 0.8694616743850163 off 0.07245045465784188 neg 0.05808787095714183	false	1.0
umtauschen	neg 1.0		__DUMMY__ 0.8829424274284666 off 0.060180742306172964 neg 0.056876830265360404	false	0.5
zum			__DUMMY__ 0.8936826491671702 neg 0.05466946483979281 off 0.05164788599303695	false	0.0
zersetzen	neg 1.0		__DUMMY__ 0.8824600593411113 neg 0.06143345781724542 off 0.05610648284164321	false	1.0
zur			__DUMMY__ 0.8911883210159768 neg 0.057522624929466894 off 0.05128905405455636	false	0.0
frust	neg 1.0		__DUMMY__ 0.8831181853152733 off 0.05929022207352595 neg 0.05759159261120072	false	0.5
unerbittlichkeit	neg 1.0		__DUMMY__ 0.8840564918179722 neg 0.05988599184288414 off 0.056057516339143715	false	1.0
zwei			__DUMMY__ 0.8920561220089122 neg 0.055237107912754095 off 0.05270677007833373	false	0.0
unkorrekt	neg 1.0		__DUMMY__ 0.8749613772195328 off 0.06892007156861418 neg 0.05611855121185306	false	0.5
hexe	off 1.0		__DUMMY__ 0.8751272309039179 off 0.06574931056477774 neg 0.059123458531304296	false	1.0
lasch	neg 1.0		__DUMMY__ 0.8762771129166177 off 0.06495055891312054 neg 0.0587723281702618	false	0.5
rivale	neg 1.0		__DUMMY__ 0.8763671491577093 off 0.06785734990375329 neg 0.055775500938537496	false	0.5
mutlos	off 1.0	off 1.0	off 0.5133731353174514 __DUMMY__ 0.4401786672048621 neg 0.046448197477686595	false	1.0
wirr	off 1.0		__DUMMY__ 0.8727066074714178 off 0.06967851705926585 neg 0.05761487546931637	false	1.0
jahr			__DUMMY__ 0.8929912670904505 off 0.05503528448897989 neg 0.05197344842056962	false	0.0
wird			__DUMMY__ 0.8830902398953816 neg 0.05872566982976353 off 0.05818409027485492	false	0.0
strafbar	neg 1.0		__DUMMY__ 0.8820905947716626 neg 0.06054037939314948 off 0.0573690258351879	false	1.0
erosion	neg 1.0		__DUMMY__ 0.883829008543716 off 0.060782894341190746 neg 0.05538809711509325	false	0.5
eingehen	neg 1.0		__DUMMY__ 0.8819056861500819 neg 0.060548688115745895 off 0.057545625734172226	false	1.0
faul	off 1.0		__DUMMY__ 0.880681829622184 off 0.06477892012575712 neg 0.054539250252058816	false	1.0
provisorium	neg 1.0		__DUMMY__ 0.8943654893722985 neg 0.056583697572299606 off 0.0490508130554018	false	1.0
schmerzen	neg 1.0		__DUMMY__ 0.8809238661347755 neg 0.05956942419501122 off 0.05950670967021334	false	1.0
schrumpfen	neg 1.0		__DUMMY__ 0.8866908464682204 neg 0.061584454784267696 off 0.05172469874751194	false	1.0
geistlos	off 1.0		__DUMMY__ 0.8751239946456258 off 0.06391163842731865 neg 0.06096436692705556	false	1.0
fehlkauf	neg 1.0		__DUMMY__ 0.8815915061019036 off 0.06271670267163983 neg 0.05569179122645651	false	0.5
frustrierend	neg 1.0		__DUMMY__ 0.8785927194632003 off 0.06480067835253817 neg 0.05660660218426157	false	0.5
unzufrieden	neg 1.0		__DUMMY__ 0.8806284461896885 neg 0.060418879929286316 off 0.058952673881025125	false	1.0
verzweifeln	neg 1.0		__DUMMY__ 0.881715009276673 off 0.060102830257747555 neg 0.058182160465579474	false	0.5
verzweifelt	neg 1.0	neg 1.0	neg 0.5154052195757283 __DUMMY__ 0.4373929089796246 off 0.04720187144464718	false	1.0
misstrauensantrag	neg 1.0		__DUMMY__ 0.8802637989097543 off 0.06283574065110507 neg 0.056900460439140654	false	0.5
abfallen	neg 1.0		__DUMMY__ 0.8836390154410083 off 0.061476742782536634 neg 0.054884241776455095	false	0.5
fucker	off 1.0		__DUMMY__ 0.8774267210036891 off 0.06867732048096761 neg 0.053895958515343276	false	1.0
ungezogen	neg 1.0		__DUMMY__ 0.8696596834887087 off 0.07577215481795861 neg 0.05456816169333268	false	0.5
irrsinnig	neg 1.0	neg 1.0	neg 0.5148037466806075 __DUMMY__ 0.43800859911800666 off 0.04718765420138594	false	1.0
unfassbar	neg 1.0		__DUMMY__ 0.8783757402120693 off 0.06689707945451631 neg 0.054727180333414435	false	0.5
hart	neg 1.0		__DUMMY__ 0.8778062063837129 off 0.06628506748412058 neg 0.05590872613216647	false	0.5
widerlich	off 1.0		__DUMMY__ 0.8747873863558806 off 0.06754819355099673 neg 0.057664420093122594	false	1.0
fatal	neg 1.0		__DUMMY__ 0.8802279521432174 off 0.06325463696861308 neg 0.056517410888169535	false	0.5
bruch	neg 1.0		__DUMMY__ 0.8865751802420643 neg 0.05876038436306407 off 0.0546644353948716	false	1.0
aushungern	neg 1.0		__DUMMY__ 0.8831513297476912 off 0.059332681808249715 neg 0.05751598844405913	false	0.5
anspannung	neg 1.0		__DUMMY__ 0.8923415441596103 neg 0.055763976578714715 off 0.05189447926167505	false	1.0
von			__DUMMY__ 0.894678570849276 off 0.055075572090040596 neg 0.05024585706068336	false	0.0
kraftlos	neg 1.0		__DUMMY__ 0.8844121817642934 off 0.05857660637376884 neg 0.05701121186193772	false	0.5
vom			__DUMMY__ 0.8961693382335071 neg 0.05440506643688698 off 0.049425595329605866	false	0.0
grenzdebil	off 1.0		__DUMMY__ 0.8784656931148098 off 0.06713639752360463 neg 0.054397909361585575	false	1.0
vor			__DUMMY__ 0.8877312555312878 neg 0.05714408824122837 off 0.05512465622748379	false	0.0
unterwerfen	neg 1.0		__DUMMY__ 0.8833805046739125 neg 0.05898587442876034 off 0.057633620897327174	false	1.0
versenkung	neg 1.0		__DUMMY__ 0.8854139653552465 off 0.05779845706104492 neg 0.056787577583708566	false	0.5
entziehen	neg 1.0		__DUMMY__ 0.8852010426079066 neg 0.06004367014806631 off 0.05475528724402721	false	1.0
finanzkrise	neg 1.0		__DUMMY__ 0.8806741671618079 off 0.05990594123799529 neg 0.059419891600196756	false	0.5
schimpfend	neg 1.0		__DUMMY__ 0.8806364168781511 off 0.06251201347239486 neg 0.05685156964945409	false	0.5
profan	neg 1.0		__DUMMY__ 0.8788504680781765 off 0.06358881062395748 neg 0.057560721297866026	false	0.5
korruption	neg 1.0		__DUMMY__ 0.8827748832161701 neg 0.0590802207461912 off 0.05814489603763865	false	1.0
â			__DUMMY__ 0.8856570444635236 off 0.05800212342679586 neg 0.05634083210968055	false	0.0
schmutzig	neg 1.0		__DUMMY__ 0.8789847892424351 off 0.06756809441717591 neg 0.05344711634038904	false	0.5
sexy	neg 1.0		__DUMMY__ 0.8805988461762491 off 0.06446918030955205 neg 0.05493197351419886	false	0.5
abraten	neg 1.0		__DUMMY__ 0.8805332199850476 off 0.06284108281332722 neg 0.05662569720162522	false	0.5
schwarz	neg 1.0		__DUMMY__ 0.8804913519432346 off 0.06253611710289525 neg 0.0569725309538702	false	0.5
fotze	off 1.0	off 1.0	off 0.5145012343295406 __DUMMY__ 0.4424443660874287 neg 0.04305439958303061	false	1.0
verwirren	neg 1.0		__DUMMY__ 0.8791233343120181 off 0.06409132997221773 neg 0.056785335715764114	false	0.5
zahnlos	off 1.0		__DUMMY__ 0.8811743724675554 off 0.05974990865490461 neg 0.05907571887754001	false	1.0
verheeren	neg 1.0		__DUMMY__ 0.8705652896074537 off 0.07719516506943382 neg 0.05223954532311251	false	0.5
hippie	neg 1.0		__DUMMY__ 0.8805638518126226 off 0.06418561661762645 neg 0.055250531569750905	false	0.5
rammen	neg 1.0		__DUMMY__ 0.8793876159006548 off 0.062004387940978664 neg 0.058607996158366434	false	0.5
unlauter	neg 1.0		__DUMMY__ 0.8781895742312332 off 0.061955450727629986 neg 0.05985497504113681	false	0.5
unheilvoll	neg 1.0		__DUMMY__ 0.8817458062631399 off 0.0624518734244493 neg 0.05580232031241077	false	0.5
niedrig	neg 1.0		__DUMMY__ 0.882178824575984 neg 0.06163328413099981 off 0.05618789129301619	false	1.0
explosion	neg 1.0		__DUMMY__ 0.8800286807322596 off 0.06360265277542505 neg 0.056368666492315346	false	0.5
weichei	off 1.0	off 1.0	off 0.5244853356081961 __DUMMY__ 0.4327540896266054 neg 0.04276057476519853	false	1.0
minusmensch	off 1.0		__DUMMY__ 0.8679514329128066 off 0.07499487327343912 neg 0.05705369381375424	false	1.0
farblos	neg 1.0		__DUMMY__ 0.8833791555966961 off 0.060084333367690014 neg 0.056536511035613815	false	0.5
unwissend	neg 1.0	neg 1.0	neg 0.5139863747537968 __DUMMY__ 0.4360312914035932 off 0.04998233384260984	false	1.0
traurig	neg 1.0		__DUMMY__ 0.8767738135555858 off 0.06915728114648803 neg 0.0540689052979262	false	0.5
senkung	neg 1.0		__DUMMY__ 0.8775517018940643 off 0.06344055068900652 neg 0.05900774741692919	false	0.5
ungleich	neg 1.0	neg 1.0	neg 0.5165871227768636 __DUMMY__ 0.4405607579757582 off 0.04285211924737825	false	1.0
heikel	neg 1.0		__DUMMY__ 0.8822016413918041 neg 0.06094543941596386 off 0.05685291919223205	false	1.0
drosselung	neg 1.0		__DUMMY__ 0.8775456843082687 off 0.06684367280055659 neg 0.055610642891174594	false	0.5
falsch	neg 1.0		__DUMMY__ 0.8776829967505169 off 0.0649665554531441 neg 0.05735044779633908	false	0.5
unzufriedenheit	neg 1.0		__DUMMY__ 0.8845186668612673 neg 0.060016991413582084 off 0.055464341725150614	false	1.0
kurz	neg 1.0		__DUMMY__ 0.8859506806842498 off 0.059312005704805076 neg 0.05473731361094517	false	0.5
unsinnig	neg 1.0		__DUMMY__ 0.8796886048154967 neg 0.060444600851610936 off 0.05986679433289241	false	1.0
penner	off 1.0	off 1.0	off 0.5256744263888612 __DUMMY__ 0.43245941122797804 neg 0.041866162383160724	false	1.0
seicht	neg 1.0		__DUMMY__ 0.8677351181636982 off 0.07552119362269405 neg 0.05674368821360776	false	0.5
dummheit	off 1.0	off 1.0	off 0.5186631432422275 __DUMMY__ 0.43647821342178234 neg 0.04485864333599018	false	1.0
unerfreulich	neg 1.0		__DUMMY__ 0.8844873930003715 neg 0.059577626773076944 off 0.055934980226551516	false	1.0
motherfucker	off 1.0	off 1.0	off 0.5216885037434195 __DUMMY__ 0.4365042320060484 neg 0.04180726425053226	false	1.0
pikiert	neg 1.0		__DUMMY__ 0.8761059966615694 off 0.06682136814235659 neg 0.05707263519607403	false	0.5
wrack	neg 1.0		__DUMMY__ 0.8855868061881107 off 0.05844057117975144 neg 0.05597262263213787	false	0.5
gangster	neg 1.0		__DUMMY__ 0.8804634980379655 off 0.06419757433599722 neg 0.0553389276260372	false	0.5
krank	neg 1.0		__DUMMY__ 0.8788976203915572 off 0.06695045999415562 neg 0.05415191961428722	false	0.5
reich	neg 1.0		__DUMMY__ 0.8809169243284689 off 0.06585706015346447 neg 0.0532260155180667	false	0.5
gnadenlos	neg 1.0		__DUMMY__ 0.879813111522336 off 0.062272687892891344 neg 0.05791420058477274	false	0.5
niedergeschlagen	neg 1.0		__DUMMY__ 0.8833897453034953 off 0.059538182788737355 neg 0.057072071907767245	false	0.5
terrorisieren	off 1.0	off 1.0	off 0.5135332530335528 __DUMMY__ 0.44185134488878397 neg 0.044615402077663215	false	1.0
sinnlosigkeit	neg 1.0		__DUMMY__ 0.881768325419596 off 0.05917748510492839 neg 0.059054189475475555	false	0.5
behindern	neg 1.0		__DUMMY__ 0.8828489854980126 off 0.06008002392160019 neg 0.05707099058038727	false	0.5
undemokratisch	neg 1.0		__DUMMY__ 0.8801790249006963 off 0.062102461400100714 neg 0.05771851369920289	false	0.5
wirtschaftskrise	neg 1.0		__DUMMY__ 0.882355848686805 neg 0.05969024022406909 off 0.057953911089125835	false	1.0
neid	neg 1.0		__DUMMY__ 0.8807251430640225 off 0.06460701674362232 neg 0.0546678401923552	false	0.5
rutschen	neg 1.0		__DUMMY__ 0.8927536721680406 neg 0.05470194666273428 off 0.05254438116922507	false	1.0
rezession	neg 1.0		__DUMMY__ 0.8696648930667358 off 0.06962985128098005 neg 0.0607052556522842	false	0.5
fehlgeburt	neg 1.0		__DUMMY__ 0.8822667754295387 off 0.062380245640417775 neg 0.0553529789300435	false	0.5
charakterschwach	off 1.0		__DUMMY__ 0.8749280033954021 off 0.06744096603647008 neg 0.05763103056812781	false	1.0
isolation	neg 1.0		__DUMMY__ 0.8797164377358535 off 0.0644091619544054 neg 0.05587440030974114	false	0.5
ablenkung	neg 1.0		__DUMMY__ 0.8828966358906284 off 0.06101926408774966 neg 0.05608410002162195	false	0.5
pech	neg 1.0		__DUMMY__ 0.8792090300634262 off 0.0642252611457681 neg 0.056565708790805636	false	0.5
vermeidung	neg 1.0		__DUMMY__ 0.8781934679872963 off 0.06700443142910753 neg 0.054802100583596164	false	0.5
dominieren	neg 1.0		__DUMMY__ 0.8853116942797251 neg 0.057462126475354036 off 0.057226179244920856	false	1.0
schwindlig	neg 1.0		__DUMMY__ 0.8823828997644257 off 0.06268547392476088 neg 0.054931626310813254	false	0.5
lutscher	neg 1.0		__DUMMY__ 0.8685947705648985 off 0.07570446377929045 neg 0.055700765655810905	false	0.5
pflicht	neg 1.0		__DUMMY__ 0.8835084288634085 neg 0.060637548689267184 off 0.055854022447324264	false	1.0
faschist	off 1.0		__DUMMY__ 0.8793921997915456 off 0.06451253232049337 neg 0.05609526788796098	false	1.0
verschleudern	neg 1.0		__DUMMY__ 0.8826600274837951 neg 0.0607021826653882 off 0.05663778985081671	false	1.0
wenn			__DUMMY__ 0.8784418343018761 off 0.06513208782078621 neg 0.05642607787733783	false	0.0
ehebruch	neg 1.0		__DUMMY__ 0.883175227177987 neg 0.058716061508387624 off 0.058108711313625334	false	1.0
spott	off 1.0		__DUMMY__ 0.8826950703386971 neg 0.059612111024259645 off 0.057692818637043196	false	0.5
trostlosigkeit	neg 1.0		__DUMMY__ 0.8873241460575454 neg 0.05752262909105408 off 0.0551532248514006	false	1.0
lutschen	neg 1.0		__DUMMY__ 0.8780797512468672 off 0.06462867705671563 neg 0.057291571696417076	false	0.5
undiszipliniert	neg 1.0		__DUMMY__ 0.8755378094760244 off 0.0686034788857446 neg 0.05585871163823101	false	0.5
kopfschmerz	neg 1.0		__DUMMY__ 0.8818212564472587 neg 0.05962683966519237 off 0.05855190388754895	false	1.0
unvorhergesehen	neg 1.0		__DUMMY__ 0.8892247679640131 off 0.0559211860051992 neg 0.054854046030787716	false	0.5
desinteressiert	neg 1.0	neg 1.0	neg 0.5128123761718159 __DUMMY__ 0.43548326448414276 off 0.051704359344041405	false	1.0
armselig	off 1.0		__DUMMY__ 0.8728501098750377 off 0.0694915564686948 neg 0.05765833365626742	false	1.0
desaster	neg 1.0		__DUMMY__ 0.8860536114348773 neg 0.05982080424055799 off 0.05412558432456473	false	1.0
tod	neg 1.0		__DUMMY__ 0.8879041883268733 off 0.0578404633992687 neg 0.05425534827385786	false	0.5
herzlos	neg 1.0		__DUMMY__ 0.8748402279620758 off 0.06928162587339516 neg 0.05587814616452908	false	0.5
unwissenheit	neg 1.0		__DUMMY__ 0.8815506121549967 neg 0.05957378669775856 off 0.0588756011472447	false	1.0
widersinnig	neg 1.0		__DUMMY__ 0.8784103531460521 neg 0.06256095637054199 off 0.059028690483406004	false	1.0
bedenklich	neg 1.0		__DUMMY__ 0.8814129122518412 neg 0.06058554727379108 off 0.05800154047436775	false	1.0
beanstanden	neg 1.0		__DUMMY__ 0.8843090426924556 neg 0.06025320464103968 off 0.05543775266650481	false	1.0
panisch	neg 1.0	neg 1.0	neg 0.5104975827398662 __DUMMY__ 0.4417638759745807 off 0.04773854128555321	false	1.0
debil	off 1.0		__DUMMY__ 0.8922480414113834 neg 0.05794332066522827 off 0.04980863792338839	false	0.5
abstrich	neg 1.0		__DUMMY__ 0.8895999400629901 off 0.05900734206888474 neg 0.051392717868125014	false	0.5
primitiv	neg 1.0		__DUMMY__ 0.8742188426550589 off 0.06775790220765718 neg 0.058023255137283916	false	0.5
abschaum	off 1.0	off 1.0	off 0.5203998441749773 __DUMMY__ 0.4360962420599638 neg 0.043503913765058876	false	1.0
provozieren	neg 1.0		__DUMMY__ 0.8780491988819019 off 0.06210260524890955 neg 0.05984819586918852	false	0.5
tot	neg 1.0		__DUMMY__ 0.8832992188956463 neg 0.058707465654255636 off 0.05799331545009805	false	1.0
instabil	neg 1.0		__DUMMY__ 0.8755852110207263 off 0.06878188718134179 neg 0.0556329017979319	false	0.5
schwuchtel	off 1.0	off 1.0	off 0.5301354466239275 __DUMMY__ 0.4279507468100197 neg 0.04191380656605285	false	1.0
zerren	neg 1.0		__DUMMY__ 0.8835999413691529 off 0.05914773735796363 neg 0.05725232127288345	false	0.5
kinderficker	off 1.0		__DUMMY__ 0.8737125860022018 off 0.07202864436568546 neg 0.05425876963211266	false	1.0
gefahr	neg 1.0		__DUMMY__ 0.8865077681792832 neg 0.05818522750498484 off 0.05530700431573184	false	1.0
rabiat	neg 1.0		__DUMMY__ 0.8816332756550564 off 0.06122738250640447 neg 0.05713934183853907	false	0.5
verlangsamung	neg 1.0		__DUMMY__ 0.8679089030645752 off 0.07354851900331671 neg 0.05854257793210808	false	0.5
ausgestorben	neg 1.0		__DUMMY__ 0.8828077332835192 off 0.06086442403841532 neg 0.056327842678065364	false	0.5
anklagen	neg 1.0		__DUMMY__ 0.8837685478439407 off 0.058281803743026744 neg 0.05794964841303269	false	0.5
trott	neg 1.0		__DUMMY__ 0.8826486642004525 off 0.060468207134413386 neg 0.05688312866513407	false	0.5
verminderung	neg 1.0		__DUMMY__ 0.8760159125608058 off 0.06726923190957224 neg 0.05671485552962191	false	0.5
nach			__DUMMY__ 0.893083398376769 neg 0.055406305912839765 off 0.05151029571039118	false	0.0
rost	neg 1.0		__DUMMY__ 0.8724237002651886 off 0.07209381601461928 neg 0.055482483720192106	false	0.5
destruktiv	neg 1.0		__DUMMY__ 0.8792626599484059 off 0.0609258400444932 neg 0.05981150000710083	false	0.5
unzumutbarkeit	neg 1.0		__DUMMY__ 0.8793933269303937 off 0.06616630040345008 neg 0.0544403726661562	false	0.5
labil	off 1.0	off 1.0	off 0.5197995811399921 __DUMMY__ 0.43725073224003386 neg 0.042949686619973906	false	1.0
ziemlich	neg 1.0		__DUMMY__ 0.879205645133478 off 0.06666656879544294 neg 0.05412778607107906	false	0.5
lachnummer	off 1.0		__DUMMY__ 0.8791310418988267 off 0.06174571157786825 neg 0.059123246523305	false	1.0
oder			__DUMMY__ 0.8826094319225912 off 0.06164284846550568 neg 0.0557477196119031	false	0.0
verfall	neg 1.0		__DUMMY__ 0.888176065549857 neg 0.060053078177120515 off 0.051770856273022504	false	1.0
ausgrenzung	neg 1.0		__DUMMY__ 0.8802523637241465 off 0.0626824086449632 neg 0.05706522763089027	false	0.5
unordnung	neg 1.0		__DUMMY__ 0.8805756972410421 off 0.06852090136048805 neg 0.05090340139846977	false	0.5
fehlverhalten	neg 1.0		__DUMMY__ 0.8817568257318816 neg 0.06178577690967662 off 0.0564573973584417	false	1.0
eine			__DUMMY__ 0.8866304773506585 neg 0.057773433045624434 off 0.055596089603717175	false	0.0
nille	neg 1.0		__DUMMY__ 0.8837400887297711 off 0.06062054776044067 neg 0.05563936350978829	false	0.5
qual	neg 1.0		__DUMMY__ 0.882926239694226 off 0.060106958423405986 neg 0.056966801882368016	false	0.5
verschwenden	neg 1.0		__DUMMY__ 0.8818644578522633 neg 0.06088780246344726 off 0.057247739684289534	false	1.0
riesig	neg 1.0		__DUMMY__ 0.8857898728367548 off 0.057386829261966685 neg 0.0568232979012785	false	0.5
verurteilen	neg 1.0		__DUMMY__ 0.8803551119942787 neg 0.060769211913552015 off 0.05887567609216929	false	1.0
klischee	neg 1.0	neg 1.0	neg 0.514249548760332 __DUMMY__ 0.43661491648953416 off 0.04913553475013384	false	1.0
diktatorisch	neg 1.0		__DUMMY__ 0.8796302972977859 off 0.062320951640787464 neg 0.05804875106142673	false	0.5
vorhersehbar	neg 1.0		__DUMMY__ 0.8765429470574119 off 0.06431161921508737 neg 0.0591454337275008	false	0.5
sowie			__DUMMY__ 0.8731476739496239 off 0.07131510280239671 neg 0.055537223247979384	false	0.0
stornieren	neg 1.0		__DUMMY__ 0.886528865555001 off 0.06257641723480849 neg 0.05089471721019047	false	0.5
besteuerung	neg 1.0		__DUMMY__ 0.8775038788545155 off 0.06140610346644667 neg 0.06109001767903777	false	0.5
ungeschminkt	neg 1.0		__DUMMY__ 0.8738891439788121 off 0.06712189051577142 neg 0.058988965505416546	false	0.5
kritisch	neg 1.0		__DUMMY__ 0.882222879463429 neg 0.059975359841996916 off 0.05780176069457402	false	1.0
schlamperei	off 1.0		__DUMMY__ 0.8856172952909583 neg 0.05788852891170473 off 0.056494175797336975	false	0.5
sucht	neg 1.0	neg 1.0	neg 0.5078608513676709 __DUMMY__ 0.4459533579564292 off 0.0461857906758998	false	1.0
egoistisch	off 1.0		__DUMMY__ 0.871057555621514 off 0.0720831835605996 neg 0.05685926081788641	false	1.0
ausbeuter	off 1.0		__DUMMY__ 0.880871001902562 neg 0.06268420605120946 off 0.05644479204622866	false	0.5
arschgeburt	off 1.0		__DUMMY__ 0.8633464943120396 off 0.07963611575110711 neg 0.05701738993685323	false	1.0
schubs	neg 1.0		__DUMMY__ 0.8836108741126641 off 0.05864477867638848 neg 0.05774434721094739	false	0.5
unsolide	neg 1.0		__DUMMY__ 0.8782896408594494 off 0.06285643570398819 neg 0.05885392343656241	false	0.5
beschwerde	neg 1.0		__DUMMY__ 0.8835920882709134 neg 0.0591688657423632 off 0.05723904598672337	false	1.0
stocken	neg 1.0		__DUMMY__ 0.8850266630642486 neg 0.05822128035253441 off 0.056752056583217095	false	1.0
isolieren	neg 1.0		__DUMMY__ 0.8833494583997712 neg 0.05845610589441673 off 0.05819443570581201	false	1.0
unheilbar	neg 1.0		__DUMMY__ 0.8815078733312977 off 0.06143729248990674 neg 0.05705483417879557	false	0.5
pisser	off 1.0		__DUMMY__ 0.8745546952113288 off 0.06900047641323133 neg 0.056444828375439904	false	1.0
löschen	neg 1.0		__DUMMY__ 0.8825589199937538 off 0.06084159082141353 neg 0.05659948918483273	false	0.5
durchfallen	neg 1.0		__DUMMY__ 0.880158911335267 neg 0.0614940566618032 off 0.05834703200292989	false	1.0
wichser	off 1.0	off 1.0	off 0.5279835118055167 __DUMMY__ 0.4305764824204722 neg 0.04144000577401106	false	1.0
terror	neg 1.0		__DUMMY__ 0.880818285731693 off 0.06368096822868573 neg 0.055500746039621275	false	0.5
krass	neg 1.0		__DUMMY__ 0.8748053630426049 off 0.06966872927457017 neg 0.05552590768282485	false	0.5
revolte	neg 1.0		__DUMMY__ 0.8811465242684406 off 0.06308886420039754 neg 0.055764611531161704	false	0.5
besorgt	neg 1.0		__DUMMY__ 0.887523974176872 off 0.059214483785109864 neg 0.053261542038018105	false	0.5
nachlassen	neg 1.0		__DUMMY__ 0.8875147736081774 off 0.056392569670800016 neg 0.056092656721022496	false	0.5
alt	neg 1.0		__DUMMY__ 0.8827582521408103 neg 0.0591937152433556 off 0.05804803261583417	false	1.0
hundesohn	off 1.0		__DUMMY__ 0.8690522320369809 off 0.07629874225641654 neg 0.054649025706602544	false	1.0
als			__DUMMY__ 0.8827710601593648 off 0.05899999126192788 neg 0.05822894857870743	false	0.0
abschreckung	neg 1.0		__DUMMY__ 0.8844474544042462 neg 0.06026217875351445 off 0.0552903668422393	false	1.0
unqualifiziert	neg 1.0		__DUMMY__ 0.875582405124324 off 0.06519093082414083 neg 0.059226664051535226	false	0.5
abgewichst	off 1.0		__DUMMY__ 0.8842210603667471 off 0.05983218404804524 neg 0.055946755585207675	false	1.0
schwer	neg 1.0		__DUMMY__ 0.8808407586572067 off 0.06054553108639964 neg 0.05861371025639365	false	0.5
bedeutungslosigkeit	neg 1.0		__DUMMY__ 0.8838791427283238 neg 0.059816881817983086 off 0.056303975453693124	false	1.0
kapitulation	neg 1.0		__DUMMY__ 0.8843945057887831 neg 0.05807741911507306 off 0.05752807509614374	false	1.0
unscharf	neg 1.0		__DUMMY__ 0.878150930875048 off 0.06289976390187234 neg 0.05894930522307955	false	0.5
schwinden	neg 1.0		__DUMMY__ 0.8853194239875084 neg 0.058743390610735594 off 0.05593718540175596	false	1.0
versklavung	neg 1.0		__DUMMY__ 0.8815463647868854 off 0.061835956539309164 neg 0.056617678673805495	false	0.5
schlecht	neg 1.0		__DUMMY__ 0.878786091013249 off 0.0668883305707603 neg 0.05432557841599066	false	0.5
verhasst	neg 1.0		__DUMMY__ 0.8764776027182317 off 0.0626523663776126 neg 0.06087003090415567	false	0.5
beschweren	neg 1.0		__DUMMY__ 0.8799255391669561 off 0.06303143077646009 neg 0.05704303005658371	false	0.5
scheiden	neg 1.0		__DUMMY__ 0.8844756186069248 off 0.06044820177117319 neg 0.055076179621901894	false	0.5
frustriert	neg 1.0		__DUMMY__ 0.8810326977373627 off 0.05977757672577944 neg 0.059189725536857786	false	0.5
schimmelig	neg 1.0		__DUMMY__ 0.8807182088957309 neg 0.06152475933630556 off 0.0577570317679634	false	1.0
fisch	neg 1.0		__DUMMY__ 0.8838414681269186 neg 0.061322164177240006 off 0.0548363676958414	false	1.0
schmuggel	neg 1.0		__DUMMY__ 0.8845677017683492 neg 0.05888047838332124 off 0.05655181984832964	false	1.0
auffallen	neg 1.0		__DUMMY__ 0.8793941260221978 off 0.06374352887836525 neg 0.05686234509943704	false	0.5
konkurrenz	neg 1.0		__DUMMY__ 0.8857722579789284 neg 0.05926971066984091 off 0.05495803135123059	false	1.0
teufelskreis	neg 1.0	neg 1.0	neg 0.5157202754903946 __DUMMY__ 0.4381899146843129 off 0.046089809825292496	false	1.0
aufschreien	neg 1.0		__DUMMY__ 0.8778627718811899 off 0.06389346259809085 neg 0.058243765520719304	false	0.5
schuldner	neg 1.0		__DUMMY__ 0.8827259026982356 neg 0.06159158142735138 off 0.05568251587441303	false	1.0
missgeburt	off 1.0	off 1.0	off 0.5251136638095701 __DUMMY__ 0.431680768766575 neg 0.043205567423854827	false	1.0
arbeitslos	neg 1.0		__DUMMY__ 0.8798987245995156 neg 0.06134225899333186 off 0.05875901640715249	false	1.0
befallen	neg 1.0		__DUMMY__ 0.882073393077281 off 0.059551130281687764 neg 0.05837547664103115	false	0.5
miesepetrig	off 1.0	off 1.0	off 0.5200685915393201 __DUMMY__ 0.4376533214747519 neg 0.04227808698592793	false	1.0
alarmieren	neg 1.0		__DUMMY__ 0.8770039600795256 off 0.06550063623171257 neg 0.05749540368876166	false	0.5
ungeduscht	off 1.0		__DUMMY__ 0.8772090294795604 off 0.06472755668043788 neg 0.05806341384000184	false	1.0
knappheit	neg 1.0		__DUMMY__ 0.8792296397014722 neg 0.06267986623014682 off 0.05809049406838103	false	1.0
schlange	neg 1.0		__DUMMY__ 0.8847001853622485 off 0.062318454756538376 neg 0.052981359881213136	false	0.5
harsch	neg 1.0		__DUMMY__ 0.8776272698228085 off 0.07076697085604364 neg 0.05160575932114788	false	0.5
lang	neg 1.0		__DUMMY__ 0.8825034474513964 off 0.06168821644691802 neg 0.055808336101685604	false	0.5
ziellos	neg 1.0		__DUMMY__ 0.8854646828142886 off 0.05784667499513247 neg 0.056688642190578994	false	0.5
selbstverliebt	neg 1.0		__DUMMY__ 0.8665143016743785 off 0.07724922488475487 neg 0.056236473440866616	false	0.5
beseitigen	neg 1.0		__DUMMY__ 0.8832517635069947 off 0.05937146462545241 neg 0.057376771867552794	false	0.5
dumm	off 1.0		__DUMMY__ 0.871999754062631 off 0.0726602145943393 neg 0.05534003134302971	false	1.0
arbeitsloser	neg 1.0		__DUMMY__ 0.8832002779183306 off 0.05878868955816566 neg 0.05801103252350383	false	0.5
blitzen	neg 1.0		__DUMMY__ 0.8798258514741711 off 0.06406606472628099 neg 0.05610808379954789	false	0.5
hilflos	neg 1.0		__DUMMY__ 0.8814855720149963 off 0.05927391235511315 neg 0.05924051562989057	false	0.5
eklig	off 1.0		__DUMMY__ 0.8694512789990496 off 0.07323506990682267 neg 0.057313651094127664	false	1.0
begriff			__DUMMY__ 0.8808209747759712 off 0.06043228834626249 neg 0.05874673687776636	false	0.0
hungersnot	neg 1.0		__DUMMY__ 0.8845709535395803 off 0.05858896967196517 neg 0.056840076788454506	false	0.5
ungesetzlich	neg 1.0		__DUMMY__ 0.8768422431091657 off 0.06213131010768522 neg 0.06102644678314918	false	0.5
verschwendung	neg 1.0		__DUMMY__ 0.8835022085553731 neg 0.059616300123580435 off 0.05688149132104644	false	1.0
schmerzvoll	neg 1.0		__DUMMY__ 0.8806476632257688 off 0.06269285444437142 neg 0.05665948232985983	false	0.5
vorzeitig	neg 1.0		__DUMMY__ 0.8808038430031082 off 0.06361601832953485 neg 0.05558013866735699	false	0.5
unvollkommenheit	neg 1.0		__DUMMY__ 0.887642250586331 off 0.05790361410493518 neg 0.05445413530873386	false	0.5
intervenieren	neg 1.0		__DUMMY__ 0.88271273813954 neg 0.060430025979929754 off 0.05685723588053028	false	1.0
banause	off 1.0		__DUMMY__ 0.8662798185453342 off 0.0757490791335876 neg 0.057971102321078244	false	1.0
rebell	neg 1.0		__DUMMY__ 0.886315756794239 neg 0.06078007126665397 off 0.052904171939106945	false	1.0
unlogisch	neg 1.0		__DUMMY__ 0.8736724309112053 off 0.06912225377319527 neg 0.05720531531559958	false	0.5
leiden	neg 1.0		__DUMMY__ 0.8865283733572433 neg 0.058098366588467516 off 0.0553732600542892	false	1.0
abschaffung	neg 1.0		__DUMMY__ 0.8811341377700113 off 0.061280685138097486 neg 0.05758517709189131	false	0.5
sturz	neg 1.0		__DUMMY__ 0.884573869718697 off 0.06096547149612441 neg 0.05446065878517858	false	0.5
verkleinerung	neg 1.0		__DUMMY__ 0.8764216533131303 off 0.06395217071684364 neg 0.059626175970026035	false	0.5
schmarotzer	off 1.0		__DUMMY__ 0.8785292919943646 neg 0.0619181158581674 off 0.059552592147467984	false	0.5
bestrafung	neg 1.0		__DUMMY__ 0.8810547074763857 off 0.062114988334725 neg 0.056830304188889354	false	0.5
achtlos	neg 1.0	neg 1.0	neg 0.5131776550666768 __DUMMY__ 0.44112924476711063 off 0.04569310016621267	false	1.0
ungeheuer	neg 1.0		__DUMMY__ 0.8821869161898357 off 0.06321617666002742 neg 0.054596907150136965	false	0.5
unaufrichtig	neg 1.0		__DUMMY__ 0.8821535424742238 off 0.06403083070179792 neg 0.05381562682397831	false	0.5
