unsolidarisch	neg 1.0		__DUMMY__ 0.9237066056017701 neg 0.03847672832670881 off 0.03781666607152104	false	1.0
nachteilig	neg 1.0		__DUMMY__ 0.9285184776084863 neg 0.03736189368954296 off 0.03411962870197076	false	1.0
skeptisch	neg 1.0		__DUMMY__ 0.9289596937705696 neg 0.037214567089251666 off 0.03382573914017874	false	1.0
schrecklich	neg 1.0		__DUMMY__ 0.9220971276725611 off 0.04488629219677379 neg 0.03301658013066503	false	0.5
schlapp	neg 1.0		__DUMMY__ 0.9250402694916615 off 0.04141594412075654 neg 0.03354378638758186	false	0.5
abfall	neg 1.0		__DUMMY__ 0.9322702484064705 neg 0.036822510109214925 off 0.030907241484314514	false	1.0
widerspenstig	neg 1.0		__DUMMY__ 0.9275523254056192 off 0.03741326785209232 neg 0.03503440674228851	false	0.5
abrupt	neg 1.0		__DUMMY__ 0.9322022904073644 off 0.03393414462920823 neg 0.03386356496342745	false	0.5
unwirksam	neg 1.0		__DUMMY__ 0.9234429519892483 neg 0.03917035973082181 off 0.03738668827992993	false	1.0
angreifen	neg 1.0		__DUMMY__ 0.9283570009492451 neg 0.037740567541254655 off 0.03390243150950023	false	1.0
inkonsistent	neg 1.0		__DUMMY__ 0.924979867753928 off 0.037940976504257234 neg 0.03707915574181479	false	0.5
abrutschen	neg 1.0		__DUMMY__ 0.9308394836307139 neg 0.037785008827317966 off 0.03137550754196815	false	1.0
unsicher	neg 1.0		__DUMMY__ 0.9280286646424174 off 0.037505361814924136 neg 0.03446597354265844	false	0.5
bauernkind	off 1.0	off 1.0	off 0.5113468752048056 __DUMMY__ 0.45199409534893387 neg 0.03665902944626051	false	1.0
angreifer	neg 1.0	neg 1.0	neg 0.4992686056509214 __DUMMY__ 0.46524043629206274 off 0.035490958057015916	false	1.0
trennen	neg 1.0		__DUMMY__ 0.9319447007182357 neg 0.03478797194315099 off 0.03326732733861331	false	1.0
schmutz	neg 1.0		__DUMMY__ 0.930803289552387 off 0.038337186256526726 neg 0.03085952419108633	false	0.5
inkonsistenz	neg 1.0		__DUMMY__ 0.9194163377831425 off 0.042130828826359934 neg 0.03845283339049772	false	0.5
erschreckend	neg 1.0		__DUMMY__ 0.9260350410045147 off 0.03719304053898661 neg 0.036771918456498624	false	0.5
ertrinken	neg 1.0		__DUMMY__ 0.9298110917299037 neg 0.03618689704943017 off 0.034002011220666144	false	1.0
pickelface	off 1.0		__DUMMY__ 0.9285298980481267 off 0.03674156923065006 neg 0.03472853272122329	false	1.0
seiner			__DUMMY__ 0.9294558769369947 neg 0.036520926652946366 off 0.03402319641005893	false	0.0
lauch	neg 1.0		__DUMMY__ 0.9328566993992066 neg 0.035748571583438145 off 0.031394729017355225	false	1.0
unwichtig	neg 1.0		__DUMMY__ 0.9223928959074027 off 0.041600351034395446 neg 0.03600675305820182	false	0.5
steuerhinterziehung	neg 1.0	neg 1.0	neg 0.5034445859862232 __DUMMY__ 0.46405477170128373 off 0.03250064231249311	false	1.0
schock	neg 1.0		__DUMMY__ 0.9288223128599764 off 0.03681580737436223 neg 0.034361879765661414	false	0.5
beule	neg 1.0		__DUMMY__ 0.9235425606417667 off 0.04216117986712423 neg 0.034296259491109087	false	0.5
vergelten	neg 1.0		__DUMMY__ 0.9254502775415158 off 0.044057264256468144 neg 0.030492458202016078	false	0.5
verdorbenheit	neg 1.0		__DUMMY__ 0.9304428274735316 off 0.037470626306709165 neg 0.032086546219759246	false	0.5
trauma	neg 1.0		__DUMMY__ 0.926756631086775 off 0.038262202332376524 neg 0.03498116658084845	false	0.5
sinnlos	neg 1.0		__DUMMY__ 0.9258311738404511 off 0.039387419333240636 neg 0.03478140682630818	false	0.5
fettsack	off 1.0	off 1.0	off 0.5122215103354909 __DUMMY__ 0.4539650755101255 neg 0.033813414154383575	false	1.0
feige	off 1.0	off 1.0	off 0.5083498266952738 __DUMMY__ 0.45800331484766277 neg 0.033646858457063375	false	1.0
abdanken	neg 1.0		__DUMMY__ 0.9279158395142673 off 0.03739807932458706 neg 0.03468608116114568	false	0.5
wichtigtuer	off 1.0	off 1.0	off 0.5065120186520871 __DUMMY__ 0.4600110349732644 neg 0.033476946374648445	false	1.0
misslingen	neg 1.0		__DUMMY__ 0.9327104117750765 off 0.037388017480979606 neg 0.029901570743943857	false	0.5
untreu	off 1.0		__DUMMY__ 0.9235223332282195 off 0.04189884673887638 neg 0.03457882003290412	false	1.0
missmutig	neg 1.0		__DUMMY__ 0.925125441621745 off 0.04122883954456618 neg 0.03364571883368879	false	0.5
hurenbock	off 1.0		__DUMMY__ 0.9282578212216793 off 0.03871446426009345 neg 0.03302771451822724	false	1.0
betrunken	neg 1.0		__DUMMY__ 0.9239857603767396 off 0.04286981344483008 neg 0.03314442617843032	false	0.5
korrupt	off 1.0		__DUMMY__ 0.9246383147503353 neg 0.039327881636737755 off 0.036033803612926865	false	0.5
unmut	neg 1.0		__DUMMY__ 0.9315043793500116 neg 0.03697060690102007 off 0.03152501374896834	false	1.0
hackfresse	off 1.0		__DUMMY__ 0.9185138288814999 off 0.047741581442451095 neg 0.0337445896760489	false	1.0
aufblasen	neg 1.0		__DUMMY__ 0.9273171831627149 off 0.03884179148489673 neg 0.033841025352388296	false	0.5
gewaltsam	neg 1.0		__DUMMY__ 0.9292327270964476 off 0.03633895891764704 neg 0.034428313985905394	false	0.5
unbeliebtheit	neg 1.0		__DUMMY__ 0.922506055838102 off 0.04098533774040994 neg 0.03650860642148815	false	0.5
sturheit	neg 1.0		__DUMMY__ 0.9263861331152802 off 0.03680807079875226 neg 0.03680579608596761	false	0.5
kuh	neg 1.0		__DUMMY__ 0.9214799689269997 neg 0.03929887928937046 off 0.03922115178362985	false	1.0
erschrecken	neg 1.0		__DUMMY__ 0.9260354779163591 off 0.041011005840365856 neg 0.032953516243274986	false	0.5
opfer	neg 1.0		__DUMMY__ 0.928836548985176 neg 0.03621425040152949 off 0.034949200613294554	false	1.0
sinken	neg 1.0		__DUMMY__ 0.932190646117305 neg 0.03599652045703335 off 0.03181283342566167	false	1.0
stinktier	neg 1.0		__DUMMY__ 0.9155836614705642 off 0.04564098886641702 neg 0.03877534966301877	false	0.5
tucke	off 1.0		__DUMMY__ 0.9159932988817562 off 0.04857486737894074 neg 0.03543183373930307	false	1.0
ein			__DUMMY__ 0.9272774917847284 off 0.03816559504914297 neg 0.034556913166128585	false	0.0
abstieg	neg 1.0		__DUMMY__ 0.930555082355243 neg 0.03537413920467619 off 0.034070778440080884	false	1.0
missverstehen	neg 1.0		__DUMMY__ 0.922478337982047 off 0.040210992955539746 neg 0.03731066906241317	false	0.5
ergebnislos	neg 1.0		__DUMMY__ 0.9307004928306578 neg 0.03547840259623167 off 0.033821104573110466	false	1.0
unter			__DUMMY__ 0.9369104496565425 neg 0.03580901620490226 off 0.02728053413855528	false	0.0
manipulieren	neg 1.0		__DUMMY__ 0.9298787433690117 neg 0.036608386391404166 off 0.03351287023958411	false	1.0
unbewiesen	neg 1.0		__DUMMY__ 0.9225945479074187 neg 0.03955686638107792 off 0.03784858571150343	false	1.0
verschleppen	neg 1.0		__DUMMY__ 0.9279766118259234 neg 0.03673667087656795 off 0.035286717297508735	false	1.0
weib	off 1.0		__DUMMY__ 0.9145292415612043 off 0.048505319647293876 neg 0.03696543879150193	false	1.0
opposition	neg 1.0		__DUMMY__ 0.9248567424937807 off 0.03862517260183573 neg 0.036518084904383546	false	0.5
verkehrswidrig	neg 1.0		__DUMMY__ 0.9264982656444649 off 0.044344949150988404 neg 0.029156785204546627	false	0.5
inkorrekt	neg 1.0		__DUMMY__ 0.9192649073185505 off 0.044782709056199584 neg 0.03595238362524999	false	0.5
vermeiden	neg 1.0	neg 1.0	neg 0.5029934871064394 __DUMMY__ 0.46983288438254234 off 0.027173628511018292	false	1.0
abweichung	neg 1.0		__DUMMY__ 0.9286245745334689 neg 0.03667002241003445 off 0.03470540305649665	false	1.0
alkoholisiert	neg 1.0		__DUMMY__ 0.9311855440148649 neg 0.03553831749685193 off 0.0332761384882831	false	1.0
scheiss	off 1.0	off 1.0	off 0.5078989871605373 __DUMMY__ 0.45976227566656486 neg 0.03233873717289788	false	1.0
herausforderung	neg 1.0		__DUMMY__ 0.9297095183997021 neg 0.03672464653953971 off 0.033565835060758206	false	1.0
pervers	off 1.0		__DUMMY__ 0.915798975090874 off 0.050576627043031515 neg 0.03362439786609442	false	1.0
wackelig	neg 1.0		__DUMMY__ 0.9317601950718901 off 0.03556078800527334 neg 0.032679016922836514	false	0.5
verwickeln	neg 1.0		__DUMMY__ 0.9227748602397868 off 0.03980531198666996 neg 0.03741982777354322	false	0.5
vorwand	neg 1.0		__DUMMY__ 0.9288048035931362 neg 0.03774485797137086 off 0.03345033843549291	false	1.0
muschi	off 1.0		__DUMMY__ 0.9283651012120013 off 0.03692635576970655 neg 0.03470854301829213	false	1.0
entmutigung	neg 1.0		__DUMMY__ 0.9262504474261742 off 0.03879714837766604 neg 0.034952404196159755	false	0.5
unangemessen	neg 1.0		__DUMMY__ 0.9248434497517707 neg 0.03853884484612771 off 0.03661770540210153	false	1.0
unstetig	neg 1.0		__DUMMY__ 0.9266981122696805 off 0.039331064683384515 neg 0.0339708230469351	false	0.5
entmutigen	neg 1.0		__DUMMY__ 0.926299126710789 off 0.038323193184852354 neg 0.03537768010435872	false	0.5
schwanz	neg 1.0		__DUMMY__ 0.9298152547976328 neg 0.03550701985121586 off 0.03467772535115125	false	1.0
verbot	neg 1.0		__DUMMY__ 0.9277190998708594 neg 0.03664297016552406 off 0.035637929963616546	false	1.0
leid	neg 1.0		__DUMMY__ 0.9193868720640521 off 0.04616219465025506 neg 0.034450933285692854	false	0.5
archaisch	neg 1.0		__DUMMY__ 0.9271334863322294 off 0.03659412571926814 neg 0.03627238794850252	false	0.5
gegen			__DUMMY__ 0.931854290815325 neg 0.035932776150162556 off 0.032212933034512475	false	0.0
scheidung	neg 1.0		__DUMMY__ 0.9186055852322728 off 0.05419145204158136 neg 0.02720296272614589	false	0.5
einschlag	neg 1.0		__DUMMY__ 0.9227376517358443 off 0.043880072456008626 neg 0.03338227580814706	false	0.5
m			__DUMMY__ 0.9296616201516864 off 0.03549589453953477 neg 0.034842485308778905	false	0.0
abgestanden	neg 1.0		__DUMMY__ 0.9259671144335964 off 0.03733465216105803 neg 0.036698233405345705	false	0.5
schmierig	off 1.0		__DUMMY__ 0.9214421829274224 off 0.0455272933824088 neg 0.033030523690168685	false	1.0
unpraktisch	neg 1.0		__DUMMY__ 0.9271989081331848 off 0.038458549784365186 neg 0.03434254208245001	false	0.5
wixxer	off 1.0		__DUMMY__ 0.9137822464285307 off 0.05080757662998729 neg 0.03541017694148204	false	1.0
bezeichnet			__DUMMY__ 0.9243829758482941 off 0.037911319823098893 neg 0.03770570432860695	false	0.0
jammerlappen	off 1.0		__DUMMY__ 0.92505587720663 off 0.041558780816405065 neg 0.03338534197696499	false	1.0
farce	neg 1.0		__DUMMY__ 0.927266547713272 off 0.03639648716195896 neg 0.03633696512476897	false	0.5
zwecklos	neg 1.0		__DUMMY__ 0.9261672992262842 neg 0.0375549187316128 off 0.03627778204210303	false	1.0
turbulent	neg 1.0		__DUMMY__ 0.9220681499423751 off 0.04262600849687795 neg 0.03530584156074696	false	0.5
invasion	neg 1.0		__DUMMY__ 0.9256823120893919 off 0.03912315063904829 neg 0.03519453727155976	false	0.5
schuld	neg 1.0		__DUMMY__ 0.9247343356136575 off 0.0386773251621269 neg 0.036588339224215644	false	0.5
risiko	neg 1.0	neg 1.0	neg 0.49992682085813356 __DUMMY__ 0.46526419325758706 off 0.03480898588427932	false	1.0
finster	neg 1.0		__DUMMY__ 0.9247849661793721 off 0.03815318014958112 neg 0.03706185367104681	false	0.5
geisteskrank	off 1.0		__DUMMY__ 0.9194989542040681 off 0.04322821043211217 neg 0.037272835363819756	false	1.0
zusammenbrechen	neg 1.0		__DUMMY__ 0.9277575096091223 off 0.036225266017357365 neg 0.036017224373520375	false	0.5
ausbeute	neg 1.0		__DUMMY__ 0.9359692097805888 off 0.034054871155018 neg 0.029975919064393154	false	0.5
hinterhalt	neg 1.0		__DUMMY__ 0.9347590240474634 off 0.03569732388427495 neg 0.029543652068261785	false	0.5
kritik	neg 1.0		__DUMMY__ 0.9268554222057814 neg 0.03685854836462878 off 0.03628602942958978	false	1.0
einschrumpfen	neg 1.0		__DUMMY__ 0.9232517234339799 off 0.04085118028892338 neg 0.035897096277096696	false	0.5
riskant	neg 1.0		__DUMMY__ 0.9273876389852924 neg 0.03828375977087624 off 0.03432860124383126	false	1.0
frustrieren	neg 1.0		__DUMMY__ 0.9276440449373614 neg 0.03734181312584167 off 0.03501414193679691	false	1.0
groll	neg 1.0		__DUMMY__ 0.9263733178309884 neg 0.03772270236738078 off 0.03590397980163085	false	1.0
gibt			__DUMMY__ 0.9280053214252373 off 0.036360026820456956 neg 0.03563465175430578	false	0.0
qualvoll	neg 1.0		__DUMMY__ 0.9260068832912256 off 0.03993910822146347 neg 0.034054008487310994	false	0.5
wackeln	neg 1.0		__DUMMY__ 0.9290331484785677 off 0.038110883815847894 neg 0.03285596770558447	false	0.5
klagen	neg 1.0		__DUMMY__ 0.9303204157235963 neg 0.037535365547069766 off 0.032144218729334074	false	1.0
bankrott	neg 1.0		__DUMMY__ 0.9262198561902979 off 0.04073161768139504 neg 0.03304852612830703	false	0.5
trauern	neg 1.0		__DUMMY__ 0.9314585323233967 off 0.03445217392189186 neg 0.03408929375471153	false	0.5
ablehnung	neg 1.0		__DUMMY__ 0.9267925523570812 neg 0.037111370580472515 off 0.03609607706244616	false	1.0
stur	neg 1.0		__DUMMY__ 0.925012886499089 off 0.03877574484293367 neg 0.03621136865797736	false	0.5
aufruhr	neg 1.0		__DUMMY__ 0.9282656417562631 off 0.03681381275822997 neg 0.03492054548550689	false	0.5
melancholie	neg 1.0		__DUMMY__ 0.9302806463351412 neg 0.03505188955419677 off 0.03466746411066204	false	1.0
ist			__DUMMY__ 0.9260902278756395 off 0.039180268541910146 neg 0.034729503582450284	false	0.0
torheit	neg 1.0		__DUMMY__ 0.9266489033840468 off 0.03799945602760808 neg 0.03535164058834508	false	0.5
dreckskind	off 1.0		__DUMMY__ 0.9166050514170395 off 0.047137375003004994 neg 0.036257573579955384	false	1.0
umtauschen	neg 1.0		__DUMMY__ 0.9282312483526122 off 0.03677248546604638 neg 0.03499626618134142	false	0.5
zum			__DUMMY__ 0.9373530844050724 neg 0.032903774015984544 off 0.02974314157894319	false	0.0
zersetzen	neg 1.0		__DUMMY__ 0.9277052940109605 neg 0.03861798250157782 off 0.033676723487461764	false	1.0
zur			__DUMMY__ 0.9352088278929077 neg 0.035222259709913745 off 0.029568912397178505	false	0.0
frust	neg 1.0		__DUMMY__ 0.9282340796664617 off 0.036279191292766674 neg 0.03548672904077156	false	0.5
unerbittlichkeit	neg 1.0		__DUMMY__ 0.9291002941156318 neg 0.03730053443609394 off 0.03359917144827427	false	1.0
zwei			__DUMMY__ 0.935942417022475 neg 0.033431595470893805 off 0.03062598750663112	false	0.0
unkorrekt	neg 1.0		__DUMMY__ 0.9213809912788634 off 0.044199629396468675 neg 0.034419379324667855	false	0.5
hexe	off 1.0		__DUMMY__ 0.9214899760256463 off 0.04149693858662109 neg 0.03701308538773265	false	1.0
lasch	neg 1.0		__DUMMY__ 0.9224236697917897 off 0.04098755333659756 neg 0.03658877687161266	false	0.5
rivale	neg 1.0		__DUMMY__ 0.9225732770482682 off 0.04324865299397378 neg 0.034178069957758024	false	0.5
mutlos	off 1.0	off 1.0	off 0.5015161721321956 __DUMMY__ 0.4634557590753172 neg 0.03502806879248723	false	1.0
wirr	off 1.0		__DUMMY__ 0.9193520437515182 off 0.04486447720155966 neg 0.03578347904692212	false	1.0
jahr			__DUMMY__ 0.9368019082472814 off 0.03249691433724452 neg 0.03070117741547413	false	0.0
wird			__DUMMY__ 0.9282382139038639 neg 0.03643613417387294 off 0.03532565192226327	false	0.0
strafbar	neg 1.0		__DUMMY__ 0.9273962146515796 neg 0.03786482438102327 off 0.034738960967397134	false	1.0
erosion	neg 1.0		__DUMMY__ 0.9289666491112596 off 0.037341248640061955 neg 0.03369210224867841	false	0.5
eingehen	neg 1.0		__DUMMY__ 0.927193920314483 neg 0.037930928037925825 off 0.03487515164759114	false	1.0
faul	off 1.0		__DUMMY__ 0.9263666371751627 off 0.040577608923676636 neg 0.03305575390116067	false	1.0
provisorium	neg 1.0		__DUMMY__ 0.9379755374765991 neg 0.03443047575441731 off 0.02759398676898358	false	1.0
schmerzen	neg 1.0		__DUMMY__ 0.9264951816306178 neg 0.03724786650182878 off 0.0362569518675533	false	1.0
schrumpfen	neg 1.0		__DUMMY__ 0.9313138345243855 neg 0.038651032917453504 off 0.030035132558160933	false	1.0
geistlos	off 1.0		__DUMMY__ 0.9214017322842466 off 0.04021396275132373 neg 0.03838430496442966	false	1.0
fehlkauf	neg 1.0		__DUMMY__ 0.9270557209971066 off 0.039000467671097744 neg 0.03394381133179551	false	0.5
frustrierend	neg 1.0		__DUMMY__ 0.9244275453532677 off 0.04078439323932961 neg 0.03478806140740264	false	0.5
unzufrieden	neg 1.0		__DUMMY__ 0.9260850590015923 neg 0.03785703288625782 off 0.036057908112149824	false	1.0
verzweifeln	neg 1.0		__DUMMY__ 0.927060460596891 off 0.036934606885504775 neg 0.036004932517604234	false	0.5
verzweifelt	neg 1.0	neg 1.0	neg 0.5041535994278274 __DUMMY__ 0.46057269954537994 off 0.03527370102679254	false	1.0
misstrauensantrag	neg 1.0		__DUMMY__ 0.9258909975803855 off 0.03907365881229245 neg 0.035035343607322	false	0.5
abfallen	neg 1.0		__DUMMY__ 0.9288664456177417 off 0.03785753014045823 neg 0.03327602424180016	false	0.5
fucker	off 1.0		__DUMMY__ 0.9234221006916745 off 0.04398680870469249 neg 0.032591090603632945	false	1.0
ungezogen	neg 1.0		__DUMMY__ 0.9168538955619625 off 0.049810543436195086 neg 0.03333556100184239	false	0.5
irrsinnig	neg 1.0	neg 1.0	neg 0.503526781936547 __DUMMY__ 0.46122176473096055 off 0.03525145333249244	false	1.0
unfassbar	neg 1.0		__DUMMY__ 0.9242792181197129 off 0.04247788879148261 neg 0.033242893088804425	false	0.5
hart	neg 1.0		__DUMMY__ 0.9238055613623574 off 0.04193874188699685 neg 0.03425569675064576	false	0.5
widerlich	off 1.0		__DUMMY__ 0.9212146616660524 off 0.04306881414927251 neg 0.03571652418467514	false	1.0
fatal	neg 1.0		__DUMMY__ 0.9258349386229994 off 0.03948587739412836 neg 0.03467918398287225	false	0.5
bruch	neg 1.0		__DUMMY__ 0.9311990327251082 neg 0.036317913781248476 off 0.03248305349364343	false	1.0
aushungern	neg 1.0		__DUMMY__ 0.9283087673097934 off 0.03638000631672975 neg 0.03531122637347683	false	0.5
anspannung	neg 1.0		__DUMMY__ 0.9361657849041554 neg 0.03379987676459853 off 0.03003433833124616	false	1.0
von			__DUMMY__ 0.9382831656289689 off 0.0325230854057616 neg 0.029193748965269634	false	0.0
kraftlos	neg 1.0		__DUMMY__ 0.9294196050853509 off 0.03558828215046256 neg 0.03499211276418647	false	0.5
vom			__DUMMY__ 0.9395072141608023 neg 0.03264188334764173 off 0.027850902491555987	false	0.0
grenzdebil	off 1.0		__DUMMY__ 0.9244216322647899 off 0.0426275561658633 neg 0.03295081156934676	false	1.0
vor			__DUMMY__ 0.9322059112659786 neg 0.03502697955696016 off 0.03276710917706122	false	0.0
unterwerfen	neg 1.0		__DUMMY__ 0.9285345056199055 neg 0.036560597369332516 off 0.034904897010762014	false	1.0
versenkung	neg 1.0		__DUMMY__ 0.9301895299853689 off 0.03505588682216583 neg 0.03475458319246531	false	0.5
entziehen	neg 1.0		__DUMMY__ 0.9300576319195694 neg 0.03741215999514332 off 0.0325302080852873	false	1.0
finanzkrise	neg 1.0		__DUMMY__ 0.9262141946357594 neg 0.03700575295692061 off 0.0367800524073201	false	1.0
schimpfend	neg 1.0		__DUMMY__ 0.9262002635669826 off 0.03876003530980023 neg 0.03503970112321714	false	0.5
profan	neg 1.0		__DUMMY__ 0.9246727451472078 off 0.03976306298351154 neg 0.03556419186928063	false	0.5
korruption	neg 1.0		__DUMMY__ 0.9280210502112188 neg 0.036627711828214324 off 0.035351237960566904	false	1.0
â			__DUMMY__ 0.9305291855014869 off 0.0350426357322299 neg 0.034428178766283304	false	0.0
schmutzig	neg 1.0		__DUMMY__ 0.9248467294577029 off 0.04298648104542236 neg 0.032166789496874744	false	0.5
sexy	neg 1.0		__DUMMY__ 0.9261808023846019 off 0.04044194349076683 neg 0.033377254124631266	false	0.5
abraten	neg 1.0		__DUMMY__ 0.9261411922039713 off 0.03909899311760481 neg 0.034759814678423984	false	0.5
schwarz	neg 1.0		__DUMMY__ 0.9260667436603031 off 0.03888198436010367 neg 0.03505127197959327	false	0.5
fotze	off 1.0	off 1.0	off 0.5024844281338072 __DUMMY__ 0.4658419531740627 neg 0.031673618692130104	false	1.0
verwirren	neg 1.0		__DUMMY__ 0.9248981054431094 off 0.04019296337473842 neg 0.03490893118215225	false	0.5
zahnlos	off 1.0		__DUMMY__ 0.9265754097807036 neg 0.036721735990644606 off 0.036702854228651736	false	0.5
verheeren	neg 1.0		__DUMMY__ 0.9175202741816127 off 0.05110034350745917 neg 0.031379382310928176	false	0.5
hippie	neg 1.0		__DUMMY__ 0.9261283657596059 off 0.04023399783268044 neg 0.033637636407713736	false	0.5
rammen	neg 1.0		__DUMMY__ 0.9251469275586844 off 0.038349642098922526 neg 0.03650343034239313	false	0.5
unlauter	neg 1.0		__DUMMY__ 0.9240896286275393 off 0.038494457797378354 neg 0.03741591357508231	false	0.5
unheilvoll	neg 1.0		__DUMMY__ 0.9272257252501848 off 0.038693044424925084 neg 0.034081230324890154	false	0.5
niedrig	neg 1.0		__DUMMY__ 0.9274949683922517 neg 0.038860460758528295 off 0.03364457084922003	false	1.0
explosion	neg 1.0		__DUMMY__ 0.9257078239401334 off 0.03972994180865063 neg 0.034562234251216	false	0.5
weichei	off 1.0	off 1.0	off 0.5123708714217822 __DUMMY__ 0.4559513032907614 neg 0.0316778252874565	false	1.0
minusmensch	off 1.0		__DUMMY__ 0.9151867198896542 off 0.04939905144305567 neg 0.03541422866729027	false	1.0
farblos	neg 1.0		__DUMMY__ 0.9285996902828458 off 0.03670050049315556 neg 0.03469980922399865	false	0.5
unwissend	neg 1.0	neg 1.0	neg 0.5027639615935211 __DUMMY__ 0.45927472839273054 off 0.03796131001374825	false	1.0
traurig	neg 1.0		__DUMMY__ 0.9229675772423903 off 0.04430630362318948 neg 0.03272611913442022	false	0.5
senkung	neg 1.0		__DUMMY__ 0.9235619781332031 off 0.03963192726927979 neg 0.03680609459751706	false	0.5
ungleich	neg 1.0	neg 1.0	neg 0.5051477653275681 __DUMMY__ 0.4638928332046779 off 0.030959401467754034	false	1.0
heikel	neg 1.0		__DUMMY__ 0.9274719367110377 neg 0.03824335437471487 off 0.034284708914247466	false	1.0
drosselung	neg 1.0		__DUMMY__ 0.9235841660812524 off 0.04238072940939019 neg 0.03403510450935746	false	0.5
falsch	neg 1.0		__DUMMY__ 0.9236999850956126 off 0.040897478406566413 neg 0.03540253649782097	false	0.5
unzufriedenheit	neg 1.0		__DUMMY__ 0.9294717331252579 neg 0.03739606724359289 off 0.03313219963114927	false	1.0
kurz	neg 1.0		__DUMMY__ 0.9307815043979859 off 0.03611248166655246 neg 0.0331060139354616	false	0.5
unsinnig	neg 1.0		__DUMMY__ 0.9253255182147383 neg 0.037879595395297234 off 0.03679488638996446	false	1.0
penner	off 1.0	off 1.0	off 0.5135875846071052 __DUMMY__ 0.4556186613619024 neg 0.03079375403099246	false	1.0
seicht	neg 1.0		__DUMMY__ 0.9151299170304688 off 0.049741453730711864 neg 0.03512862923881935	false	0.5
dummheit	off 1.0	off 1.0	off 0.5067237101403477 __DUMMY__ 0.4596715552970488 neg 0.03360473456260359	false	1.0
unerfreulich	neg 1.0		__DUMMY__ 0.929463806956379 neg 0.03707346068122125 off 0.03346273236239984	false	1.0
motherfucker	off 1.0	off 1.0	off 0.5096911745266288 __DUMMY__ 0.4596959400632865 neg 0.030612885410084705	false	1.0
pikiert	neg 1.0		__DUMMY__ 0.9223408424431033 off 0.042458492184526214 neg 0.03520066537237054	false	0.5
wrack	neg 1.0		__DUMMY__ 0.930457206533088 off 0.03539865336900486 neg 0.03414414009790719	false	0.5
gangster	neg 1.0		__DUMMY__ 0.9260598337387117 off 0.04022607052164467 neg 0.03371409573964361	false	0.5
krank	neg 1.0		__DUMMY__ 0.9248206966047151 off 0.04240947628891577 neg 0.032769827106369144	false	0.5
reich	neg 1.0		__DUMMY__ 0.9264366897323322 off 0.04158692259347187 neg 0.031976387674195986	false	0.5
gnadenlos	neg 1.0		__DUMMY__ 0.9254187525808112 off 0.038752677012834656 neg 0.03582857040635413	false	0.5
niedergeschlagen	neg 1.0		__DUMMY__ 0.928504175721561 off 0.03640370916881433 neg 0.03509211510962469	false	0.5
terrorisieren	off 1.0	off 1.0	off 0.501640077413408 __DUMMY__ 0.4651666680231856 neg 0.03319325456340638	false	1.0
sinnlosigkeit	neg 1.0		__DUMMY__ 0.9271000064208479 neg 0.03670681250055246 off 0.03619318107859959	false	1.0
behindern	neg 1.0		__DUMMY__ 0.9281276198325981 off 0.036782326591523216 neg 0.035090053575878764	false	0.5
undemokratisch	neg 1.0		__DUMMY__ 0.9257959160577346 off 0.03865774478405848 neg 0.035546339158206916	false	0.5
wirtschaftskrise	neg 1.0		__DUMMY__ 0.927628062082428 neg 0.037170450102907954 off 0.03520148781466402	false	1.0
neid	neg 1.0		__DUMMY__ 0.9263667963528178 off 0.04048297794241027 neg 0.03315022570477186	false	0.5
rutschen	neg 1.0		__DUMMY__ 0.9365997503588516 neg 0.03294439541153249 off 0.030455854229615966	false	1.0
rezession	neg 1.0		__DUMMY__ 0.9166761196660189 off 0.0449204369323152 neg 0.03840344340166587	false	0.5
fehlgeburt	neg 1.0		__DUMMY__ 0.9276019594523457 off 0.03869441573981776 neg 0.033703624807836646	false	0.5
charakterschwach	off 1.0		__DUMMY__ 0.9213080954932641 off 0.043024663218744215 neg 0.03566724128799172	false	1.0
isolation	neg 1.0		__DUMMY__ 0.9254274265638635 off 0.040381060120365284 neg 0.03419151331577123	false	0.5
ablenkung	neg 1.0		__DUMMY__ 0.928137592452628 off 0.03760831281410646 neg 0.03425409473326553	false	0.5
pech	neg 1.0		__DUMMY__ 0.9250414390771489 off 0.04013816326514182 neg 0.034820397657709286	false	0.5
vermeidung	neg 1.0		__DUMMY__ 0.9241159992753507 off 0.04251011368325766 neg 0.033373887041391576	false	0.5
dominieren	neg 1.0		__DUMMY__ 0.9301505002110891 neg 0.03533692176211934 off 0.03451257802679153	false	1.0
schwindlig	neg 1.0		__DUMMY__ 0.9278421640473032 off 0.038794605792233865 neg 0.033363230160462894	false	0.5
lutscher	neg 1.0		__DUMMY__ 0.9159071180523303 off 0.04978292014443026 neg 0.03430996180323953	false	0.5
pflicht	neg 1.0		__DUMMY__ 0.9285382048791999 neg 0.037961834888056 off 0.033499960232744055	false	1.0
faschist	off 1.0		__DUMMY__ 0.9251240787443484 off 0.04063789761135091 neg 0.034238023644300696	false	1.0
verschleudern	neg 1.0		__DUMMY__ 0.9278997882830422 neg 0.038000404850795436 off 0.03409980686616236	false	1.0
wenn			__DUMMY__ 0.9243249859471299 off 0.04103552591720602 neg 0.03463948813566404	false	0.0
ehebruch	neg 1.0		__DUMMY__ 0.9283324573921605 neg 0.03634431072552309 off 0.03532323188231636	false	1.0
spott	off 1.0		__DUMMY__ 0.927903882925461 neg 0.03709597553682829 off 0.035000141537710666	false	0.5
trostlosigkeit	neg 1.0		__DUMMY__ 0.9318971965994607 neg 0.03529843599013334 off 0.03280436741040587	false	1.0
lutschen	neg 1.0		__DUMMY__ 0.9239729597202831 off 0.04064286430019374 neg 0.03538417597952302	false	0.5
undiszipliniert	neg 1.0		__DUMMY__ 0.9218786431405384 off 0.04387018551870798 neg 0.03425117134075368	false	0.5
kopfschmerz	neg 1.0		__DUMMY__ 0.9272238120625572 neg 0.03729075468368327 off 0.03548543325375946	false	1.0
unvorhergesehen	neg 1.0		__DUMMY__ 0.9335996839039522 off 0.033206543727366845 neg 0.0331937723686809	false	0.5
desinteressiert	neg 1.0	neg 1.0	neg 0.5016075515042389 __DUMMY__ 0.4587379757463415 off 0.03965447274941966	false	1.0
armselig	off 1.0		__DUMMY__ 0.9195315640241888 off 0.04471362933865644 neg 0.03575480663715475	false	1.0
desaster	neg 1.0		__DUMMY__ 0.9307574323032746 neg 0.03719831167308164 off 0.03204425602364374	false	1.0
tod	neg 1.0		__DUMMY__ 0.9324698657721733 off 0.034885521062996895 neg 0.03264461316482993	false	0.5
herzlos	neg 1.0		__DUMMY__ 0.9212864790230155 off 0.044455205574793016 neg 0.03425831540219152	false	0.5
unwissenheit	neg 1.0		__DUMMY__ 0.9269512042744571 neg 0.03709551008394961 off 0.035953285641593245	false	1.0
widersinnig	neg 1.0		__DUMMY__ 0.9242288461222531 neg 0.03959367285814918 off 0.036177481019597724	false	1.0
bedenklich	neg 1.0		__DUMMY__ 0.9267954532489197 neg 0.03796264170635701 off 0.035241905044723326	false	1.0
beanstanden	neg 1.0		__DUMMY__ 0.929278484053335 neg 0.037602317563513066 off 0.03311919838315183	false	1.0
panisch	neg 1.0	neg 1.0	neg 0.49918260227091843 __DUMMY__ 0.46523130898836945 off 0.03558608874071213	false	1.0
debil	off 1.0		__DUMMY__ 0.9361584194987987 neg 0.03561297740558982 off 0.02822860309561146	false	0.5
abstrich	neg 1.0		__DUMMY__ 0.9341269656807338 off 0.0355402810011658 neg 0.03033275331810039	false	0.5
primitiv	neg 1.0		__DUMMY__ 0.9207134449980577 off 0.04325925878350094 neg 0.03602729621844133	false	0.5
abschaum	off 1.0	off 1.0	off 0.5084476742335554 __DUMMY__ 0.45929773439650545 neg 0.03225459136993907	false	1.0
provozieren	neg 1.0		__DUMMY__ 0.9239111159067279 off 0.038638192724932664 neg 0.037450691368339416	false	0.5
tot	neg 1.0		__DUMMY__ 0.9285141930745517 neg 0.03646177600041995 off 0.035024030925028385	false	1.0
instabil	neg 1.0		__DUMMY__ 0.921834551024025 off 0.04408265249465185 neg 0.03408279648132325	false	0.5
schwuchtel	off 1.0	off 1.0	off 0.5181349739022006 __DUMMY__ 0.4509010014054856 neg 0.030964024692313658	false	1.0
zerren	neg 1.0		__DUMMY__ 0.9286908916378633 off 0.03610639443467311 neg 0.03520271392746352	false	0.5
kinderficker	off 1.0		__DUMMY__ 0.920327635490483 off 0.046786812705633306 neg 0.03288555180388367	false	1.0
gefahr	neg 1.0		__DUMMY__ 0.9311713159061553 neg 0.03583926009238996 off 0.03298942400145476	false	1.0
rabiat	neg 1.0		__DUMMY__ 0.926982192173583 off 0.037860345356341224 neg 0.03515746247007583	false	0.5
verlangsamung	neg 1.0		__DUMMY__ 0.9151945507854253 off 0.04818695688898645 neg 0.03661849232558818	false	0.5
ausgestorben	neg 1.0		__DUMMY__ 0.9280264265631837 off 0.037521588318214505 neg 0.03445198511860181	false	0.5
anklagen	neg 1.0		__DUMMY__ 0.9288660524035353 neg 0.03570520034655491 off 0.035428747249909756	false	1.0
trott	neg 1.0		__DUMMY__ 0.9279322473910592 off 0.03712159027089756 neg 0.034946162338043305	false	0.5
verminderung	neg 1.0		__DUMMY__ 0.9222595176685283 off 0.04273846647217694 neg 0.035002015859294855	false	0.5
nach			__DUMMY__ 0.9368379578821856 neg 0.033515881559802015 off 0.02964616055801249	false	0.0
rost	neg 1.0		__DUMMY__ 0.9191718558985676 off 0.046797709980450616 neg 0.034030434120981765	false	0.5
destruktiv	neg 1.0		__DUMMY__ 0.9249924973418594 off 0.03765812496347939 neg 0.03734937769466112	false	0.5
unzumutbarkeit	neg 1.0		__DUMMY__ 0.9251722088766248 off 0.0418361025466406 neg 0.03299168857673471	false	0.5
labil	off 1.0	off 1.0	off 0.5078334107079857 __DUMMY__ 0.46045538037486716 neg 0.03171120891714713	false	1.0
ziemlich	neg 1.0		__DUMMY__ 0.9250268152454103 off 0.04224599187211091 neg 0.03272719288247875	false	0.5
lachnummer	off 1.0		__DUMMY__ 0.9247964386211198 off 0.03840181901866461 neg 0.03680174236021555	false	1.0
oder			__DUMMY__ 0.9279180004052117 off 0.03808025828920021 neg 0.03400174130558809	false	0.0
verfall	neg 1.0		__DUMMY__ 0.9326371800248231 neg 0.037350880512197926 off 0.030011939462979073	false	1.0
ausgrenzung	neg 1.0		__DUMMY__ 0.9258604910914869 off 0.03912480743158514 neg 0.03501470147692797	false	0.5
unordnung	neg 1.0		__DUMMY__ 0.9261855001474824 off 0.04373994992846535 neg 0.03007454992405226	false	0.5
fehlverhalten	neg 1.0		__DUMMY__ 0.9270645358478168 neg 0.0389121992943882 off 0.03402326485779497	false	1.0
eine			__DUMMY__ 0.9312857491290701 neg 0.035574723413008394 off 0.03313952745792147	false	0.0
nille	neg 1.0		__DUMMY__ 0.9288249879932732 off 0.03732492083525112 neg 0.03385009117147575	false	0.5
qual	neg 1.0		__DUMMY__ 0.9281714456853799 off 0.036829605559709204 neg 0.03499894875491081	false	0.5
verschwenden	neg 1.0		__DUMMY__ 0.9271993189914 neg 0.03823082460113371 off 0.03456985640746628	false	1.0
riesig	neg 1.0		__DUMMY__ 0.9306464420773922 neg 0.034834445113884074 off 0.034519112808723725	false	1.0
verurteilen	neg 1.0		__DUMMY__ 0.925885644354131 neg 0.038100479331877594 off 0.03601387631399132	false	1.0
klischee	neg 1.0	neg 1.0	neg 0.5030105872650293 __DUMMY__ 0.4598072866727131 off 0.03718212606225767	false	1.0
diktatorisch	neg 1.0		__DUMMY__ 0.9253182354900904 off 0.0388570889535623 neg 0.03582467555634733	false	0.5
vorhersehbar	neg 1.0		__DUMMY__ 0.922628209526544 off 0.04047244091701237 neg 0.03689934955644358	false	0.5
sowie			__DUMMY__ 0.9197790159644582 off 0.04616739806742523 neg 0.03405358596811667	false	0.0
stornieren	neg 1.0		__DUMMY__ 0.9312846650752284 off 0.03879254166227824 neg 0.02992279326249324	false	0.5
besteuerung	neg 1.0		__DUMMY__ 0.92351753970587 neg 0.03851655068095013 off 0.037965909613179916	false	1.0
ungeschminkt	neg 1.0		__DUMMY__ 0.9204682946957257 off 0.04260743479898951 neg 0.036924270505284795	false	0.5
kritisch	neg 1.0		__DUMMY__ 0.927497292997716 neg 0.0374121351839662 off 0.03509057181831777	false	1.0
schlamperei	off 1.0		__DUMMY__ 0.9304614798918237 neg 0.03557579835662845 off 0.03396272175154785	false	0.5
sucht	neg 1.0	neg 1.0	neg 0.4964224850854982 __DUMMY__ 0.46965838207222904 off 0.033919132842272715	false	1.0
egoistisch	off 1.0		__DUMMY__ 0.9180091288599553 off 0.04683053038310921 neg 0.0351603407569354	false	1.0
ausbeuter	off 1.0		__DUMMY__ 0.926316405349242 neg 0.039660208675579414 off 0.03402338597517859	false	0.5
arschgeburt	off 1.0		__DUMMY__ 0.9112431737149491 off 0.05326622390333962 neg 0.03549060238171127	false	1.0
schubs	neg 1.0		__DUMMY__ 0.9288049677163898 neg 0.035695746214986376 off 0.035499286068623875	false	1.0
unsolide	neg 1.0		__DUMMY__ 0.9241509056840537 off 0.039289581313032354 neg 0.03655951300291395	false	0.5
beschwerde	neg 1.0		__DUMMY__ 0.9286970590022271 neg 0.036704694511590835 off 0.034598246486182094	false	1.0
stocken	neg 1.0		__DUMMY__ 0.9299064969608373 neg 0.03592710240413406 off 0.03416640063502877	false	1.0
isolieren	neg 1.0		__DUMMY__ 0.9285128974405414 neg 0.036113323495053945 off 0.03537377906440464	false	1.0
unheilbar	neg 1.0		__DUMMY__ 0.9268963930354954 off 0.03806176259526731 neg 0.03504184436923723	false	0.5
pisser	off 1.0		__DUMMY__ 0.9209500967580116 off 0.04428203341788719 neg 0.03476786982410111	false	1.0
löschen	neg 1.0		__DUMMY__ 0.9278478179501478 off 0.03745930196504299 neg 0.034692880084809204	false	0.5
durchfallen	neg 1.0		__DUMMY__ 0.9257108229421183 neg 0.038747280319977644 off 0.035541896737904116	false	1.0
wichser	off 1.0	off 1.0	off 0.515907125814702 __DUMMY__ 0.4536754164604529 neg 0.030417457724845158	false	1.0
terror	neg 1.0		__DUMMY__ 0.9263785881313024 off 0.03974612398686276 neg 0.03387528788183497	false	0.5
krass	neg 1.0		__DUMMY__ 0.9213097428169592 off 0.04465878184638742 neg 0.03403147533665344	false	0.5
revolte	neg 1.0		__DUMMY__ 0.9265886433128548 off 0.03942683503867963 neg 0.03398452164846553	false	0.5
besorgt	neg 1.0		__DUMMY__ 0.9320978275084973 off 0.036078040363041915 neg 0.03182413212846066	false	0.5
nachlassen	neg 1.0		__DUMMY__ 0.932132973614153 neg 0.034159229727589696 off 0.033707796658257266	false	1.0
alt	neg 1.0		__DUMMY__ 0.9280844686384062 neg 0.03689173206006765 off 0.03502379930152611	false	1.0
hundesohn	off 1.0		__DUMMY__ 0.9161614719559665 off 0.05046533104823302 neg 0.033373196995800415	false	1.0
als			__DUMMY__ 0.9279801359242021 neg 0.03602131194708694 off 0.035998552128710976	false	0.0
abschreckung	neg 1.0		__DUMMY__ 0.929409495585256 neg 0.03757654110134096 off 0.03301396331340316	false	1.0
unqualifiziert	neg 1.0		__DUMMY__ 0.9218218871826739 off 0.041231931846528895 neg 0.03694618097079723	false	0.5
abgewichst	off 1.0		__DUMMY__ 0.9292880016063578 off 0.03661294526860756 neg 0.03409905312503463	false	1.0
schwer	neg 1.0		__DUMMY__ 0.9262980854798011 off 0.03729739465177962 neg 0.03640451986841929	false	0.5
bedeutungslosigkeit	neg 1.0		__DUMMY__ 0.9289035111398284 neg 0.03724774936760464 off 0.03384873949256698	false	1.0
kapitulation	neg 1.0		__DUMMY__ 0.9293964158973215 neg 0.035764880458097795 off 0.03483870364458072	false	1.0
unscharf	neg 1.0		__DUMMY__ 0.9241515433901367 off 0.039021883829951 neg 0.03682657277991225	false	0.5
schwinden	neg 1.0		__DUMMY__ 0.9301620004274386 neg 0.036327279382090405 off 0.033510720190471126	false	1.0
versklavung	neg 1.0		__DUMMY__ 0.9269572749629155 off 0.03839778985604873 neg 0.03464493518103589	false	0.5
schlecht	neg 1.0		__DUMMY__ 0.9246398144485276 off 0.042467003576361746 neg 0.03289318197511066	false	0.5
verhasst	neg 1.0		__DUMMY__ 0.9225453877930725 off 0.03912517926023248 neg 0.03832943294669499	false	0.5
beschweren	neg 1.0		__DUMMY__ 0.9255620330456595 off 0.039335225313779774 neg 0.03510274164056063	false	0.5
scheiden	neg 1.0		__DUMMY__ 0.9295627800086199 off 0.037014055789776165 neg 0.03342316420160396	false	0.5
frustriert	neg 1.0		__DUMMY__ 0.9264627848255219 neg 0.03685028224234881 off 0.03668693293212925	false	1.0
schimmelig	neg 1.0		__DUMMY__ 0.9263251461586179 neg 0.03889444030577353 off 0.03478041353560848	false	1.0
fisch	neg 1.0		__DUMMY__ 0.9290560825506089 neg 0.03863486348791087 off 0.032309053961480205	false	1.0
schmuggel	neg 1.0		__DUMMY__ 0.9294178299900626 neg 0.036532102755957724 off 0.03405006725397969	false	1.0
auffallen	neg 1.0		__DUMMY__ 0.9251196211802196 off 0.039909379841643805 neg 0.03497099897813644	false	0.5
konkurrenz	neg 1.0		__DUMMY__ 0.9304622314775589 neg 0.03678560365705591 off 0.032752164865385215	false	1.0
teufelskreis	neg 1.0	neg 1.0	neg 0.5044177453482804 __DUMMY__ 0.46136681561348236 off 0.03421543903823718	false	1.0
aufschreien	neg 1.0		__DUMMY__ 0.9238089449850102 off 0.04006008083737344 neg 0.0361309741776164	false	0.5
schuldner	neg 1.0		__DUMMY__ 0.92796296370871 neg 0.03871035714790344 off 0.033326679143386544	false	1.0
missgeburt	off 1.0	off 1.0	off 0.5130965153364813 __DUMMY__ 0.45475459120249534 neg 0.032148893461023335	false	1.0
arbeitslos	neg 1.0		__DUMMY__ 0.9254528363641545 neg 0.03863310505853359 off 0.03591405857731183	false	1.0
befallen	neg 1.0		__DUMMY__ 0.9273568939606552 off 0.03650663549866713 neg 0.03613647054067753	false	0.5
miesepetrig	off 1.0	off 1.0	off 0.5079008841248068 __DUMMY__ 0.4610248946191505 neg 0.03107422125604269	false	1.0
alarmieren	neg 1.0		__DUMMY__ 0.9229770543573677 off 0.04150353909602693 neg 0.03551940654660539	false	0.5
ungeduscht	off 1.0		__DUMMY__ 0.9233770026004335 off 0.04052970955282808 neg 0.036093287846738334	false	1.0
knappheit	neg 1.0		__DUMMY__ 0.9249453185668767 neg 0.03970569106986865 off 0.03534899036325468	false	1.0
schlange	neg 1.0		__DUMMY__ 0.9297092933520004 off 0.03860351289457698 neg 0.0316871937534226	false	0.5
harsch	neg 1.0		__DUMMY__ 0.9235730902692054 off 0.04565715718856969 neg 0.03076975254222482	false	0.5
lang	neg 1.0		__DUMMY__ 0.9278031086020471 off 0.038151403106053604 neg 0.03404548829189931	false	0.5
ziellos	neg 1.0		__DUMMY__ 0.9302801676862883 off 0.03501313158617859 neg 0.034706700727533076	false	0.5
selbstverliebt	neg 1.0		__DUMMY__ 0.9140812259457489 off 0.05114899179869389 neg 0.03476978225555723	false	0.5
beseitigen	neg 1.0		__DUMMY__ 0.9284556680991297 off 0.03626725903803205 neg 0.03527707286283818	false	0.5
dumm	off 1.0		__DUMMY__ 0.9188777178909342 off 0.047240196560335526 neg 0.03388208554873026	false	1.0
arbeitsloser	neg 1.0		__DUMMY__ 0.9283029581550891 off 0.035930229998603944 neg 0.035766811846306985	false	0.5
blitzen	neg 1.0		__DUMMY__ 0.9255184583706614 off 0.04014986475048509 neg 0.03433167687885355	false	0.5
hilflos	neg 1.0		__DUMMY__ 0.9268831297380766 neg 0.03688591910608974 off 0.03623095115583366	false	1.0
eklig	off 1.0		__DUMMY__ 0.9166388025872011 off 0.04774157494941877 neg 0.03561962246338004	false	1.0
begriff			__DUMMY__ 0.9263397656013799 off 0.037217458114537 neg 0.0364427762840831	false	0.0
hungersnot	neg 1.0		__DUMMY__ 0.9295529775482906 off 0.03566095513156308 neg 0.034786067320146344	false	0.5
ungesetzlich	neg 1.0		__DUMMY__ 0.9228374256099765 off 0.038808968112380236 neg 0.03835360627764316	false	0.5
verschwendung	neg 1.0		__DUMMY__ 0.9286050700755444 neg 0.03712434649473041 off 0.034270583429725165	false	1.0
schmerzvoll	neg 1.0		__DUMMY__ 0.9262004456111986 off 0.03901822041636207 neg 0.03478133397243926	false	0.5
vorzeitig	neg 1.0		__DUMMY__ 0.9263244093373864 off 0.03977018064042153 neg 0.0339054100221921	false	0.5
unvollkommenheit	neg 1.0		__DUMMY__ 0.9323035082837591 off 0.03492318483390985 neg 0.03277330688233107	false	0.5
intervenieren	neg 1.0		__DUMMY__ 0.9279321900795431 neg 0.037743389629047844 off 0.034324420291409134	false	1.0
banause	off 1.0		__DUMMY__ 0.9138829123932205 off 0.04987299247778878 neg 0.036244095128990815	false	1.0
rebell	neg 1.0		__DUMMY__ 0.9310927842471637 neg 0.0380789583084519 off 0.030828257444384433	false	1.0
unlogisch	neg 1.0		__DUMMY__ 0.9202692681162169 off 0.04434580104840118 neg 0.03538493083538195	false	0.5
leiden	neg 1.0		__DUMMY__ 0.9313312872814511 neg 0.0358405122520746 off 0.03282820046647433	false	1.0
abschaffung	neg 1.0		__DUMMY__ 0.9266463795030905 off 0.037887933890108035 neg 0.03546568660680142	false	0.5
sturz	neg 1.0		__DUMMY__ 0.9295274813841122 off 0.037575674526726555 neg 0.03289684408916117	false	0.5
verkleinerung	neg 1.0		__DUMMY__ 0.9225196809621766 off 0.04018252987905282 neg 0.0372977891587706	false	0.5
schmarotzer	off 1.0		__DUMMY__ 0.9242935899848718 neg 0.03910825015443023 off 0.03659815986069804	false	0.5
bestrafung	neg 1.0		__DUMMY__ 0.9265429277824301 off 0.038583945996056884 neg 0.03487312622151301	false	0.5
achtlos	neg 1.0	neg 1.0	neg 0.5018349623515678 __DUMMY__ 0.46447319924897196 off 0.03369183839946033	false	1.0
ungeheuer	neg 1.0		__DUMMY__ 0.9275235407677634 off 0.03938528767500253 neg 0.03309117155723395	false	0.5
