unsolidarisch	neg 1.0		off 0.3424146091402917 neg 0.33184082477716814 __DUMMY__ 0.3257445660825401	false	0.5
nachteilig	neg 1.0		off 0.3389856781745963 neg 0.3324227685571874 __DUMMY__ 0.3285915532682163	false	0.5
skeptisch	neg 1.0		off 0.33862428012890156 neg 0.3322993804304525 __DUMMY__ 0.3290763394406458	false	0.5
schrecklich	neg 1.0		off 0.35481796786030106 __DUMMY__ 0.324509518831989 neg 0.3206725133077098	false	0.5
schlapp	neg 1.0		off 0.3507838755143015 __DUMMY__ 0.3262481188611201 neg 0.32296800562457834	false	0.5
abfall	neg 1.0		off 0.33541129208472154 neg 0.3335281816330267 __DUMMY__ 0.3310605262822519	false	0.5
widerspenstig	neg 1.0		off 0.3448527379216629 __DUMMY__ 0.32789202437866166 neg 0.32725523769967546	false	0.5
abrupt	neg 1.0		off 0.34122587959405093 __DUMMY__ 0.3308246888870897 neg 0.32794943151885936	false	0.5
unwirksam	neg 1.0		off 0.3423139616414931 neg 0.3322119818785702 __DUMMY__ 0.3254740564799367	false	0.5
angreifen	neg 1.0		off 0.33831121355677735 neg 0.33288010197233686 __DUMMY__ 0.32880868447088585	false	0.5
inkonsistent	neg 1.0		off 0.34452423457933096 neg 0.3292194100163861 __DUMMY__ 0.32625635540428294	false	0.5
abrutschen	neg 1.0		off 0.3354655087751618 neg 0.334257052746229 __DUMMY__ 0.3302774384786092	false	0.5
unsicher	neg 1.0		off 0.3447576648606712 __DUMMY__ 0.3284313387762263 neg 0.32681099636310235	false	0.5
bauernkind	off 1.0	off 1.0	off 0.6646343252462018 neg 0.1814554054219125 __DUMMY__ 0.15391026933188565	false	1.0
angreifer	neg 1.0	neg 1.0	neg 0.6488327101877583 off 0.19216853034563436 __DUMMY__ 0.1589987594666072	false	1.0
trennen	neg 1.0		off 0.339666810958904 __DUMMY__ 0.3308892137109119 neg 0.32944397533018405	false	0.5
schmutz	neg 1.0		off 0.3481919716143101 __DUMMY__ 0.3297213974579948 neg 0.3220866309276951	false	0.5
inkonsistenz	neg 1.0		off 0.3479614942425398 neg 0.32901000761187643 __DUMMY__ 0.3230284981455839	false	0.5
erschreckend	neg 1.0		off 0.3429045373661785 neg 0.32980748819823474 __DUMMY__ 0.32728797443558677	false	0.5
ertrinken	neg 1.0		off 0.3396259319168041 neg 0.3307741740776726 __DUMMY__ 0.3295998940055232	false	0.5
pickelface	off 1.0		off 0.34379812065017107 __DUMMY__ 0.3286215696232115 neg 0.32758030972661756	false	1.0
seiner			off 0.3393532881689152 neg 0.33121942157553047 __DUMMY__ 0.32942729025555434	false	0.0
lauch	neg 1.0		off 0.337038329230596 neg 0.33166490692818995 __DUMMY__ 0.33129676384121387	false	0.5
unwichtig	neg 1.0		off 0.34891160216871914 neg 0.3262326586594883 __DUMMY__ 0.3248557391717925	false	0.5
steuerhinterziehung	neg 1.0	neg 1.0	neg 0.6529591880716799 off 0.18850499486742286 __DUMMY__ 0.15853581706089723	false	1.0
schock	neg 1.0		off 0.34415766849706386 __DUMMY__ 0.3289784906058551 neg 0.3268638408970809	false	0.5
beule	neg 1.0		off 0.35137663827189397 __DUMMY__ 0.32528948295105636 neg 0.3233338787770496	false	0.5
vergelten	neg 1.0		off 0.3547480881395796 __DUMMY__ 0.32652430883520517 neg 0.3187276030252153	false	0.5
verdorbenheit	neg 1.0		off 0.3468330275278276 __DUMMY__ 0.3296447927092312 neg 0.3235221797629412	false	0.5
trauma	neg 1.0		off 0.3455715372994509 __DUMMY__ 0.32762188960130734 neg 0.3268065730992418	false	0.5
sinnlos	neg 1.0		off 0.34687263662477374 __DUMMY__ 0.3270165758648578 neg 0.32611078751036854	false	0.5
fettsack	off 1.0	off 1.0	off 0.6660681586049847 neg 0.17927325090069146 __DUMMY__ 0.15465859049432387	false	1.0
feige	off 1.0	off 1.0	off 0.6628814700872361 neg 0.1808381550734687 __DUMMY__ 0.1562803748392952	false	1.0
abdanken	neg 1.0		off 0.3438943346414821 __DUMMY__ 0.32835960732789393 neg 0.32774605803062384	false	0.5
wichtigtuer	off 1.0	off 1.0	off 0.6615550223043833 neg 0.18139044225451992 __DUMMY__ 0.15705453544109668	false	1.0
misslingen	neg 1.0		off 0.3475275582991809 __DUMMY__ 0.33083578225418975 neg 0.3216366594466293	false	0.5
untreu	off 1.0		off 0.35021427655548454 __DUMMY__ 0.32551717407812547 neg 0.32426854936638994	false	1.0
missmutig	neg 1.0		off 0.3499944809279485 __DUMMY__ 0.3264669250643064 neg 0.3235385940077451	false	0.5
hurenbock	off 1.0		off 0.34757151669435954 __DUMMY__ 0.3283151288523091 neg 0.3241133544533314	false	1.0
betrunken	neg 1.0		off 0.3526247119791264 __DUMMY__ 0.3256127350017431 neg 0.3217625530191306	false	0.5
korrupt	off 1.0		off 0.33980863010254425 neg 0.3338104354647624 __DUMMY__ 0.3263809344326933	false	1.0
unmut	neg 1.0		off 0.33587281724341894 neg 0.33349061313303136 __DUMMY__ 0.33063656962354965	false	0.5
hackfresse	off 1.0		off 0.35797657749399514 __DUMMY__ 0.32223795986108217 neg 0.31978546264492264	false	1.0
aufblasen	neg 1.0		off 0.34705825512003285 __DUMMY__ 0.32784248110286224 neg 0.3250992637771049	false	0.5
gewaltsam	neg 1.0		off 0.3434137741072083 __DUMMY__ 0.32909199853929927 neg 0.3274942273534926	false	0.5
unbeliebtheit	neg 1.0		off 0.34772711608579954 neg 0.3274171384660537 __DUMMY__ 0.3248557454481469	false	0.5
sturheit	neg 1.0		off 0.34220178353925995 neg 0.33033822824975256 __DUMMY__ 0.3274599882109875	false	0.5
kuh	neg 1.0		off 0.34504630919676565 neg 0.33084626155061425 __DUMMY__ 0.32410742925262004	false	0.5
erschrecken	neg 1.0		off 0.3500272092313266 __DUMMY__ 0.32704684783057153 neg 0.32292594293810184	false	0.5
opfer	neg 1.0		off 0.34048904393456164 neg 0.3305212267890373 __DUMMY__ 0.3289897292764011	false	0.5
sinken	neg 1.0		off 0.3370106050459063 neg 0.3320603587841356 __DUMMY__ 0.330929036169958	false	0.5
stinktier	neg 1.0		off 0.3527200454339477 neg 0.3266842250859433 __DUMMY__ 0.32059572948010917	false	0.5
tucke	off 1.0		off 0.3582805436457528 neg 0.32107839336899036 __DUMMY__ 0.32064106298525696	false	1.0
ein			off 0.34603845640184105 __DUMMY__ 0.3278613979062202 neg 0.3261001456919388	false	0.0
abstieg	neg 1.0		off 0.33990792351546373 neg 0.3300897730208093 __DUMMY__ 0.33000230346372694	false	0.5
missverstehen	neg 1.0		off 0.34634141179872135 neg 0.3286682582743361 __DUMMY__ 0.32499032992694243	false	0.5
ergebnislos	neg 1.0		off 0.3395138818792009 neg 0.3304112105058232 __DUMMY__ 0.330074907614976	false	0.5
unter			neg 0.3341022540855053 __DUMMY__ 0.33393774276960025 off 0.33196000314489454	false	0.0
manipulieren	neg 1.0		off 0.33841542951449444 neg 0.3320575944518643 __DUMMY__ 0.3295269760336414	false	0.5
unbewiesen	neg 1.0		off 0.34182007359553496 neg 0.33309286845683617 __DUMMY__ 0.3250870579476288	false	0.5
verschleppen	neg 1.0		off 0.3404310025672265 neg 0.3311866210517687 __DUMMY__ 0.3283823763810047	false	0.5
weib	off 1.0		off 0.3570997911674515 neg 0.3229732512476819 __DUMMY__ 0.3199269575848667	false	1.0
opposition	neg 1.0		off 0.34545671642827575 neg 0.3281811026921984 __DUMMY__ 0.32636218087952573	false	0.5
verkehrswidrig	neg 1.0		off 0.3566882407909876 __DUMMY__ 0.3270135379835048 neg 0.3162982212255076	false	0.5
inkorrekt	neg 1.0		off 0.35239882395897043 neg 0.3247203057981167 __DUMMY__ 0.32288087024291284	false	0.5
vermeiden	neg 1.0	neg 1.0	neg 0.6543299125305102 off 0.18501777084035603 __DUMMY__ 0.16065231662913373	false	1.0
abweichung	neg 1.0		off 0.3400601772113029 neg 0.33133831748323267 __DUMMY__ 0.32860150530546445	false	0.5
alkoholisiert	neg 1.0		off 0.34015281552767684 __DUMMY__ 0.33009223231936125 neg 0.32975495215296186	false	0.5
scheiss	off 1.0	off 1.0	off 0.6637068163356108 neg 0.17955838124363901 __DUMMY__ 0.15673480242075027	false	1.0
herausforderung	neg 1.0		off 0.33882461329920144 neg 0.3317571493249047 __DUMMY__ 0.3294182373758937	false	0.5
pervers	off 1.0		off 0.3613882328016084 __DUMMY__ 0.32057945209196753 neg 0.318032315106424	false	1.0
wackelig	neg 1.0		off 0.34392745634400795 __DUMMY__ 0.3305593898884117 neg 0.3255131537675804	false	0.5
verwickeln	neg 1.0		off 0.34574719914736995 neg 0.3290448923958536 __DUMMY__ 0.3252079084567764	false	0.5
vorwand	neg 1.0		off 0.33780923621994075 neg 0.3332080195764028 __DUMMY__ 0.3289827442036564	false	0.5
muschi	off 1.0		off 0.34395553125519807 __DUMMY__ 0.3285819489152098 neg 0.3274625198295922	false	1.0
entmutigung	neg 1.0		off 0.34558387086551967 __DUMMY__ 0.3272315761403725 neg 0.32718455299410776	false	0.5
unangemessen	neg 1.0		off 0.34111608435374 neg 0.3323422736103654 __DUMMY__ 0.32654164203589464	false	0.5
unstetig	neg 1.0		off 0.3477983756158568 __DUMMY__ 0.32726753827549215 neg 0.3249340861086512	false	0.5
entmutigen	neg 1.0		off 0.3452846265844529 neg 0.32745447709292236 __DUMMY__ 0.32726089632262473	false	0.5
schwanz	neg 1.0		off 0.3411836349135568 neg 0.32945194670370676 __DUMMY__ 0.3293644183827364	false	0.5
verbot	neg 1.0		off 0.3407862754922154 neg 0.330988203163534 __DUMMY__ 0.3282255213442506	false	0.5
leid	neg 1.0		off 0.35569383266138366 __DUMMY__ 0.3228051741595171 neg 0.32150099317909936	false	0.5
archaisch	neg 1.0		off 0.34256260385276127 neg 0.32959792939765137 __DUMMY__ 0.3278394667495872	false	0.5
gegen			off 0.33707525483730444 neg 0.33199705720819056 __DUMMY__ 0.3309276879545049	false	0.0
scheidung	neg 1.0		off 0.3685360341818371 __DUMMY__ 0.3223043638275044 neg 0.30915960199065845	false	0.5
einschlag	neg 1.0		off 0.35336744503637524 __DUMMY__ 0.32488635974123686 neg 0.32174619522238773	false	0.5
m			off 0.3424872802217296 __DUMMY__ 0.32940541245308025 neg 0.32810730732519017	false	0.0
abgestanden	neg 1.0		off 0.3446581872714147 neg 0.3285811859174073 __DUMMY__ 0.32676062681117796	false	0.5
schmierig	off 1.0		off 0.3556736532902755 __DUMMY__ 0.3240368190871026 neg 0.32028952762262186	false	1.0
unpraktisch	neg 1.0		off 0.34660470264087206 __DUMMY__ 0.32768692790878046 neg 0.3257083694503474	false	0.5
wixxer	off 1.0		off 0.360700232865271 neg 0.3198873704617376 __DUMMY__ 0.31941239667299126	false	1.0
bezeichnet			off 0.34325027969074284 neg 0.3305136377256086 __DUMMY__ 0.32623608258364845	false	0.0
jammerlappen	off 1.0		off 0.3503145008805551 __DUMMY__ 0.3264617114922164 neg 0.32322378762722836	false	1.0
farce	neg 1.0		off 0.34197022816338374 neg 0.33014120533009156 __DUMMY__ 0.3278885665065247	false	0.5
zwecklos	neg 1.0		off 0.3413353918508384 neg 0.3312918308223739 __DUMMY__ 0.3273727773267876	false	0.5
turbulent	neg 1.0		off 0.35084524313994286 neg 0.32463989376540436 __DUMMY__ 0.3245148630946529	false	0.5
invasion	neg 1.0		off 0.3465526304961609 __DUMMY__ 0.3269204845483665 neg 0.3265268849554726	false	0.5
schuld	neg 1.0		off 0.34488279942451516 neg 0.32867616916307213 __DUMMY__ 0.3264410314124127	false	0.5
risiko	neg 1.0	neg 1.0	neg 0.6496184306776268 off 0.19149584136420617 __DUMMY__ 0.15888572795816697	false	1.0
finster	neg 1.0		off 0.345139944885136 neg 0.32866696254377414 __DUMMY__ 0.3261930925710899	false	0.5
geisteskrank	off 1.0		off 0.3500641391247243 neg 0.3268342386619073 __DUMMY__ 0.3231016222133683	false	1.0
zusammenbrechen	neg 1.0		off 0.34228831623676764 neg 0.3293709981279624 __DUMMY__ 0.3283406856352699	false	0.5
ausbeute	neg 1.0		off 0.34386517664276883 __DUMMY__ 0.33299249813003134 neg 0.3231423252271997	false	0.5
hinterhalt	neg 1.0		off 0.3457418142842431 __DUMMY__ 0.33219481800720513 neg 0.3220633677085516	false	0.5
kritik	neg 1.0		off 0.34150272117698244 neg 0.33082672479405384 __DUMMY__ 0.32767055402896367	false	0.5
einschrumpfen	neg 1.0		off 0.3481128340232751 neg 0.32651492224758355 __DUMMY__ 0.32537224372914153	false	0.5
riskant	neg 1.0		off 0.3386638946001284 neg 0.33316164795349934 __DUMMY__ 0.32817445744637225	false	0.5
frustrieren	neg 1.0		off 0.3399959527507492 neg 0.33172628122881126 __DUMMY__ 0.3282777660204395	false	0.5
groll	neg 1.0		off 0.3407648575418607 neg 0.3317642589021322 __DUMMY__ 0.32747088355600706	false	0.5
gibt			off 0.3425330995547234 neg 0.3289321745407183 __DUMMY__ 0.32853472590455823	false	0.0
qualvoll	neg 1.0		off 0.34824360085321515 __DUMMY__ 0.3270615446966285 neg 0.3246948544501563	false	0.5
wackeln	neg 1.0		off 0.34662820996410293 __DUMMY__ 0.3289738390707134 neg 0.3243979509651837	false	0.5
klagen	neg 1.0		off 0.3362613778241524 neg 0.3339036032210229 __DUMMY__ 0.3298350189548248	false	0.5
bankrott	neg 1.0		off 0.35001417472295776 __DUMMY__ 0.3271541773421315 neg 0.3228316479349107	false	0.5
trauern	neg 1.0		off 0.34114996907545136 __DUMMY__ 0.3304938158411419 neg 0.32835621508340673	false	0.5
ablehnung	neg 1.0		off 0.3410665712758015 neg 0.3313012253635131 __DUMMY__ 0.32763220336068527	false	0.5
stur	neg 1.0		off 0.3452534045573891 neg 0.32817540470894346 __DUMMY__ 0.32657119073366747	false	0.5
aufruhr	neg 1.0		off 0.3434866485578989 __DUMMY__ 0.3285438844305293 neg 0.3279694670115718	false	0.5
melancholie	neg 1.0		off 0.34172718709265804 __DUMMY__ 0.3296102350847859 neg 0.32866257782255603	false	0.5
ist			off 0.3467134677203828 __DUMMY__ 0.3272074230235349 neg 0.32607910925608224	false	0.0
torheit	neg 1.0		off 0.3445695830376291 neg 0.3279742013109139 __DUMMY__ 0.32745621565145694	false	0.5
dreckskind	off 1.0		off 0.35574666443986286 neg 0.32303782857215 __DUMMY__ 0.3212155069879871	false	1.0
umtauschen	neg 1.0		off 0.3445376563774354 __DUMMY__ 0.32831571178957414 neg 0.32714663183299053	false	0.5
zum			off 0.3366849542891552 __DUMMY__ 0.33414261862243305 neg 0.3291724270884116	false	0.0
zersetzen	neg 1.0		off 0.33762762244874245 neg 0.3340993495223484 __DUMMY__ 0.3282730280289093	false	0.5
zur			off 0.334702462231992 __DUMMY__ 0.33286321134348046 neg 0.3324343264245274	false	0.0
frust	neg 1.0		off 0.3425273396970294 neg 0.3288078701942564 __DUMMY__ 0.3286647901087142	false	0.5
unerbittlichkeit	neg 1.0		off 0.33826809102584293 neg 0.332646126819242 __DUMMY__ 0.3290857821549151	false	0.5
zwei			off 0.3375409958095301 __DUMMY__ 0.3333105750288634 neg 0.32914842916160636	false	0.0
unkorrekt	neg 1.0		off 0.35287789143231746 __DUMMY__ 0.3240513777722855 neg 0.32307073079539717	false	0.5
hexe	off 1.0		off 0.34895301618309726 neg 0.32690118115415734 __DUMMY__ 0.32414580266274523	false	1.0
lasch	neg 1.0		off 0.3476394238542981 neg 0.32743586015450094 __DUMMY__ 0.3249247159912011	false	0.5
rivale	neg 1.0		off 0.3522839404803873 __DUMMY__ 0.32480754666966166 neg 0.32290851284995115	false	0.5
mutlos	off 1.0	off 1.0	off 0.6572273605540653 neg 0.1843903272621632 __DUMMY__ 0.1583823121837715	false	1.0
wirr	off 1.0		off 0.35311003650754647 neg 0.3239655685398921 __DUMMY__ 0.3229243949525614	false	1.0
jahr			off 0.3413117037467739 __DUMMY__ 0.3336826106341356 neg 0.32500568561909043	false	0.0
wird			off 0.34108071468294143 neg 0.330288755486065 __DUMMY__ 0.32863052983099367	false	0.0
strafbar	neg 1.0		off 0.33916291709301566 neg 0.33278319896155095 __DUMMY__ 0.32805388394543344	false	0.5
erosion	neg 1.0		off 0.34539915817846467 __DUMMY__ 0.3289052566779882 neg 0.32569558514354713	false	0.5
eingehen	neg 1.0		off 0.33945661379195124 neg 0.33251548988347407 __DUMMY__ 0.32802789632457463	false	0.5
faul	off 1.0		off 0.3499685626968091 __DUMMY__ 0.32705648038064206 neg 0.32297495692254896	false	1.0
provisorium	neg 1.0		__DUMMY__ 0.3345059029830902 off 0.3332395992005293 neg 0.33225449781638056	false	0.5
schmerzen	neg 1.0		off 0.34266984919267973 neg 0.33008053676950655 __DUMMY__ 0.3272496140378138	false	0.5
schrumpfen	neg 1.0		neg 0.3362501577406775 off 0.3332444539318105 __DUMMY__ 0.3305053883275118	false	1.0
geistlos	off 1.0		off 0.3454558960386286 neg 0.33021909312214676 __DUMMY__ 0.32432501083922466	false	1.0
fehlkauf	neg 1.0		off 0.3469807877779894 __DUMMY__ 0.3276987954822271 neg 0.32532041673978357	false	0.5
frustrierend	neg 1.0		off 0.34863750401791926 __DUMMY__ 0.326145050867145 neg 0.3252174451149358	false	0.5
unzufrieden	neg 1.0		off 0.3408786509181919 neg 0.3317544793956924 __DUMMY__ 0.3273668696861157	false	0.5
verzweifeln	neg 1.0		off 0.34315149049487015 neg 0.3289571020762488 __DUMMY__ 0.32789140742888107	false	0.5
verzweifelt	neg 1.0	neg 1.0	neg 0.6521842966066321 off 0.1905070579804008 __DUMMY__ 0.15730864541296707	false	1.0
misstrauensantrag	neg 1.0		off 0.3468412028293378 __DUMMY__ 0.32696613201486746 neg 0.32619266515579487	false	0.5
abfallen	neg 1.0		off 0.34648506323172823 __DUMMY__ 0.3286853710140845 neg 0.32482956575418725	false	0.5
fucker	off 1.0		off 0.3535987692104208 __DUMMY__ 0.32556806654053694 neg 0.3208331642490423	false	1.0
ungezogen	neg 1.0		off 0.36066483349914047 __DUMMY__ 0.32121965200533825 neg 0.3181155144955214	false	0.5
irrsinnig	neg 1.0	neg 1.0	neg 0.6517945712393548 off 0.1906681749687196 __DUMMY__ 0.15753725379192565	false	1.0
unfassbar	neg 1.0		off 0.35157560550684624 __DUMMY__ 0.32598349657075115 neg 0.32244089792240266	false	0.5
hart	neg 1.0		off 0.3506656195266393 __DUMMY__ 0.32553635846849754 neg 0.3237980220048631	false	0.5
widerlich	off 1.0		off 0.35088022452023837 neg 0.3250524268360392 __DUMMY__ 0.3240673486437225	false	1.0
fatal	neg 1.0		off 0.34711480569582415 __DUMMY__ 0.3270732147771004 neg 0.32581197952707536	false	0.5
bruch	neg 1.0		off 0.3372640851392461 neg 0.3323071040315367 __DUMMY__ 0.33042881082921727	false	0.5
aushungern	neg 1.0		off 0.34225327831110175 neg 0.3291744817968422 __DUMMY__ 0.3285722398920562	false	0.5
anspannung	neg 1.0		off 0.336215695187167 __DUMMY__ 0.33347616791966783 neg 0.3303081368931652	false	0.5
von			off 0.3419922109075829 __DUMMY__ 0.3345037125006131 neg 0.32350407659180397	false	0.0
kraftlos	neg 1.0		off 0.34234215023251996 __DUMMY__ 0.3292344386948365 neg 0.32842341107264356	false	0.5
vom			__DUMMY__ 0.33543998845947903 off 0.3347099063731135 neg 0.3298501051674075	false	0.0
grenzdebil	off 1.0		off 0.35205001073183506 __DUMMY__ 0.3259610612375809 neg 0.321988928030584	false	1.0
vor			off 0.3386898198544235 __DUMMY__ 0.3311125535221871 neg 0.3301976266233894	false	0.0
unterwerfen	neg 1.0		off 0.34018788364792085 neg 0.331109526586184 __DUMMY__ 0.32870258976589517	false	0.5
versenkung	neg 1.0		off 0.34126977505960254 __DUMMY__ 0.3298973029007833 neg 0.3288329220396142	false	0.5
entziehen	neg 1.0		off 0.3368801921243415 neg 0.33337170046765596 __DUMMY__ 0.32974810740800253	false	0.5
finanzkrise	neg 1.0		off 0.34240743353059205 neg 0.33038821352672343 __DUMMY__ 0.3272043529426845	false	0.5
schimpfend	neg 1.0		off 0.34677825944137636 __DUMMY__ 0.327101555568279 neg 0.3261201849903445	false	0.5
profan	neg 1.0		off 0.34708293927285044 neg 0.3266686192137783 __DUMMY__ 0.3262484415133712	false	0.5
korruption	neg 1.0		off 0.34058560700760065 neg 0.3310619952879816 __DUMMY__ 0.3283523977044177	false	0.5
â			off 0.3421865169665006 __DUMMY__ 0.32992047740848307 neg 0.32789300562501644	false	0.0
schmutzig	neg 1.0		off 0.352892249422011 __DUMMY__ 0.32624512611052553 neg 0.32086262446746355	false	0.5
sexy	neg 1.0		off 0.3491229051309968 __DUMMY__ 0.32722745432056544 neg 0.32364964054843787	false	0.5
abraten	neg 1.0		off 0.3468280812308353 __DUMMY__ 0.3271050599638178 neg 0.3260668588053468	false	0.5
schwarz	neg 1.0		off 0.34624775494200366 __DUMMY__ 0.32719371305278533 neg 0.32655853200521096	false	0.5
fotze	off 1.0	off 1.0	off 0.6593446091799846 neg 0.18144833638771982 __DUMMY__ 0.15920705443229557	false	1.0
verwirren	neg 1.0		off 0.3478250370674794 __DUMMY__ 0.326431338599049 neg 0.3257436243334717	false	0.5
zahnlos	off 1.0		off 0.34220729398353245 neg 0.33015694341572516 __DUMMY__ 0.32763576260074245	false	1.0
verheeren	neg 1.0		off 0.36274041331936346 __DUMMY__ 0.3217714810067233 neg 0.3154881056739131	false	0.5
hippie	neg 1.0		off 0.34863116168234043 __DUMMY__ 0.32724200999295083 neg 0.3241268283247087	false	0.5
rammen	neg 1.0		off 0.345553383388779 neg 0.32806532122130816 __DUMMY__ 0.32638129538991284	false	0.5
unlauter	neg 1.0		off 0.3442638863155323 neg 0.3298896627652021 __DUMMY__ 0.32584645091926556	false	0.5
unheilvoll	neg 1.0		off 0.34704313424365835 __DUMMY__ 0.32764257767678784 neg 0.32531428807955387	false	0.5
niedrig	neg 1.0		off 0.3381009122601117 neg 0.3339597553437034 __DUMMY__ 0.3279393323961849	false	0.5
explosion	neg 1.0		off 0.34766769126183755 __DUMMY__ 0.3268765671699643 neg 0.3254557415681981	false	0.5
weichei	off 1.0	off 1.0	off 0.6668538722563958 neg 0.17777252764249582 __DUMMY__ 0.15537360010110834	false	1.0
minusmensch	off 1.0		off 0.3582856907243555 neg 0.3211978420914453 __DUMMY__ 0.3205164671841992	false	1.0
farblos	neg 1.0		off 0.34456393193685253 __DUMMY__ 0.32845102767090023 neg 0.32698504039224713	false	0.5
unwissend	neg 1.0	neg 1.0	neg 0.6502502419338091 off 0.19304910392765873 __DUMMY__ 0.15670065413853224	false	1.0
traurig	neg 1.0		off 0.3542113300286036 __DUMMY__ 0.3250517555292269 neg 0.32073691444216945	false	0.5
senkung	neg 1.0		off 0.3464434011900946 neg 0.32805539439099113 __DUMMY__ 0.3255012044189142	false	0.5
ungleich	neg 1.0	neg 1.0	neg 0.6546327005029992 off 0.18687110224252781 __DUMMY__ 0.15849619725447298	false	1.0
heikel	neg 1.0		off 0.33862426755117675 neg 0.3332155050099907 __DUMMY__ 0.3281602274388325	false	0.5
drosselung	neg 1.0		off 0.35143979248387786 __DUMMY__ 0.32543122903184396 neg 0.3231289784842781	false	0.5
falsch	neg 1.0		off 0.34852208546977514 neg 0.325863733017406 __DUMMY__ 0.32561418151281885	false	0.5
unzufriedenheit	neg 1.0		off 0.33755609863192204 neg 0.3330715928598626 __DUMMY__ 0.3293723085082154	false	0.5
kurz	neg 1.0		off 0.3442356437870371 __DUMMY__ 0.3300103147624273 neg 0.32575404145053566	false	0.5
unsinnig	neg 1.0		off 0.34180681795694634 neg 0.33138953197523613 __DUMMY__ 0.3268036500678175	false	0.5
penner	off 1.0	off 1.0	off 0.6679204238973029 neg 0.1767984326357058 __DUMMY__ 0.1552811434669914	false	1.0
seicht	neg 1.0		off 0.35910791552119403 neg 0.3205966356760316 __DUMMY__ 0.3202954488027742	false	0.5
dummheit	off 1.0	off 1.0	off 0.6616928067857557 neg 0.1813826069062896 __DUMMY__ 0.15692458630795467	false	1.0
unerfreulich	neg 1.0		off 0.3384457448274375 neg 0.33224031148899746 __DUMMY__ 0.3293139436835651	false	0.5
motherfucker	off 1.0	off 1.0	off 0.664884123587889 neg 0.1781817414810292 __DUMMY__ 0.15693413493108185	false	1.0
pikiert	neg 1.0		off 0.35040422783895714 neg 0.3248273211537049 __DUMMY__ 0.324768451007338	false	0.5
wrack	neg 1.0		off 0.3429282080635384 __DUMMY__ 0.3296741143554863 neg 0.3273976775809753	false	0.5
gangster	neg 1.0		off 0.3486567014362481 __DUMMY__ 0.32716603085615653 neg 0.3241772677075955	false	0.5
krank	neg 1.0		off 0.3522032996369118 __DUMMY__ 0.326122205175709 neg 0.3216744951873793	false	0.5
reich	neg 1.0		off 0.3513675372074497 __DUMMY__ 0.327130396883167 neg 0.3215020659093834	false	0.5
gnadenlos	neg 1.0		off 0.3453732035487272 neg 0.32772936627414384 __DUMMY__ 0.32689743017712897	false	0.5
niedergeschlagen	neg 1.0		off 0.34326655878487183 __DUMMY__ 0.3287164519412341 neg 0.3280169892738942	false	0.5
terrorisieren	off 1.0	off 1.0	off 0.6579503140537198 neg 0.18300737857453062 __DUMMY__ 0.15904230737174962	false	1.0
sinnlosigkeit	neg 1.0		off 0.3417725650155516 neg 0.33030443094146017 __DUMMY__ 0.3279230040429883	false	0.5
behindern	neg 1.0		off 0.343940998038204 __DUMMY__ 0.3283968694028325 neg 0.3276621325589636	false	0.5
undemokratisch	neg 1.0		off 0.3450021640829105 neg 0.32804736906989906 __DUMMY__ 0.3269504668471905	false	0.5
wirtschaftskrise	neg 1.0		off 0.34019708387375197 neg 0.3316579431202883 __DUMMY__ 0.32814497300595985	false	0.5
neid	neg 1.0		off 0.3495896362960821 __DUMMY__ 0.32711714491785987 neg 0.32329321878605816	false	0.5
rutschen	neg 1.0		off 0.3376410529911198 __DUMMY__ 0.3336247709632631 neg 0.3287341760456172	false	0.5
rezession	neg 1.0		off 0.3516107484764678 neg 0.3269725748966902 __DUMMY__ 0.3214166766268419	false	0.5
fehlgeburt	neg 1.0		off 0.34706371566990923 __DUMMY__ 0.3278668020767249 neg 0.3250694822533658	false	0.5
charakterschwach	off 1.0		off 0.3506491565062817 neg 0.32520701098950866 __DUMMY__ 0.3241438325042096	false	1.0
isolation	neg 1.0		off 0.3487752824255744 __DUMMY__ 0.3267087096965196 neg 0.32451600787790597	false	0.5
ablenkung	neg 1.0		off 0.3451418388563691 __DUMMY__ 0.32843083025607256 neg 0.3264273308875583	false	0.5
pech	neg 1.0		off 0.34867528248398033 __DUMMY__ 0.3262853257266723 neg 0.32503939178934727	false	0.5
vermeidung	neg 1.0		off 0.35194503991729287 __DUMMY__ 0.32583664494784953 neg 0.3222183151348575	false	0.5
dominieren	neg 1.0		off 0.34072121364270425 __DUMMY__ 0.32967464813575104 neg 0.32960413822154466	false	0.5
schwindlig	neg 1.0		off 0.34788035271114826 __DUMMY__ 0.3279368544759359 neg 0.32418279281291595	false	0.5
lutscher	neg 1.0		off 0.36009468335322375 __DUMMY__ 0.32068810325400965 neg 0.3192172133927665	false	0.5
pflicht	neg 1.0		off 0.33763733596366075 neg 0.3334466178102977 __DUMMY__ 0.32891604622604154	false	0.5
faschist	off 1.0		off 0.3481055827401283 __DUMMY__ 0.326514727151528 neg 0.3253796901083436	false	1.0
verschleudern	neg 1.0		off 0.3385388166042469 neg 0.33319845246671015 __DUMMY__ 0.328262730929043	false	0.5
wenn			off 0.34908486354551754 __DUMMY__ 0.3260492681485877 neg 0.3248658683058948	false	0.0
ehebruch	neg 1.0		off 0.3407116598786725 neg 0.3306859525226396 __DUMMY__ 0.3286023875986878	false	0.5
spott	off 1.0		off 0.33987683119131273 neg 0.3317323707033274 __DUMMY__ 0.32839079810535987	false	1.0
trostlosigkeit	neg 1.0		off 0.33847941389461683 __DUMMY__ 0.3307858956340819 neg 0.3307346904713013	false	0.5
lutschen	neg 1.0		off 0.3482100927741867 neg 0.3259556926129753 __DUMMY__ 0.32583421461283807	false	0.5
undiszipliniert	neg 1.0		off 0.35293691096613566 __DUMMY__ 0.324399761130398 neg 0.3226633279034663	false	0.5
kopfschmerz	neg 1.0		off 0.3417005294478324 neg 0.3305724035477659 __DUMMY__ 0.3277270670044017	false	0.5
unvorhergesehen	neg 1.0		off 0.34118560601503034 __DUMMY__ 0.33165272662677914 neg 0.3271616673581906	false	0.5
desinteressiert	neg 1.0	neg 1.0	neg 0.6488669032037098 off 0.1946679259299601 __DUMMY__ 0.15646517086633013	false	1.0
armselig	off 1.0		off 0.35273483714600035 neg 0.3242043644422393 __DUMMY__ 0.3230607984117604	false	1.0
desaster	neg 1.0		off 0.3362450379042562 neg 0.3335467971439406 __DUMMY__ 0.3302081649518033	false	0.5
tod	neg 1.0		off 0.3430034475156035 __DUMMY__ 0.33087374636154704 neg 0.32612280612284944	false	0.5
herzlos	neg 1.0		off 0.3534911808410789 __DUMMY__ 0.32405457582906394 neg 0.3224542433298573	false	0.5
unwissenheit	neg 1.0		off 0.3411607556147938 neg 0.33108712265877616 __DUMMY__ 0.32775212172643003	false	0.5
widersinnig	neg 1.0		off 0.339855014954269 neg 0.33406024779027615 __DUMMY__ 0.32608473725545495	false	0.5
bedenklich	neg 1.0		off 0.3398968888236066 neg 0.3323560951679667 __DUMMY__ 0.3277470160084267	false	0.5
beanstanden	neg 1.0		off 0.33743369717503463 neg 0.3333017558785575 __DUMMY__ 0.32926454694640783	false	0.5
panisch	neg 1.0	neg 1.0	neg 0.6484411609761929 off 0.19267971224329167 __DUMMY__ 0.15887912678051552	false	1.0
debil	off 1.0		off 0.33346327786026575 __DUMMY__ 0.33335296233779105 neg 0.3331837598019431	false	1.0
abstrich	neg 1.0		off 0.3462769586766114 __DUMMY__ 0.33146660703242764 neg 0.3222564342909609	false	0.5
primitiv	neg 1.0		off 0.350901250567406 neg 0.32531521300375343 __DUMMY__ 0.3237835364288407	false	0.5
abschaum	off 1.0	off 1.0	off 0.6633320918041642 neg 0.17990636732421383 __DUMMY__ 0.15676154087162192	false	1.0
provozieren	neg 1.0		off 0.3443354634064877 neg 0.3297126319437236 __DUMMY__ 0.3259519046497888	false	0.5
tot	neg 1.0		off 0.3414523683664262 neg 0.3301400723076124 __DUMMY__ 0.32840755932596144	false	0.5
instabil	neg 1.0		off 0.3531296998651639 __DUMMY__ 0.32439490077679245 neg 0.3224753993580436	false	0.5
schwuchtel	off 1.0	off 1.0	off 0.6709859175338897 neg 0.17544330807699535 __DUMMY__ 0.15357077438911496	false	1.0
zerren	neg 1.0		off 0.3426648581773937 __DUMMY__ 0.32887483876618484 neg 0.3284603030564214	false	0.5
kinderficker	off 1.0		off 0.3566298458894286 __DUMMY__ 0.3233921680817934 neg 0.3199779860287779	false	1.0
gefahr	neg 1.0		off 0.3381789894464413 neg 0.33143456338980415 __DUMMY__ 0.3303864471637547	false	0.5
rabiat	neg 1.0		off 0.34472380076121784 __DUMMY__ 0.327825650640215 neg 0.32745054859856726	false	0.5
verlangsamung	neg 1.0		off 0.3563056929672302 neg 0.3232898381889249 __DUMMY__ 0.3204044688438448	false	0.5
ausgestorben	neg 1.0		off 0.3447647403677975 __DUMMY__ 0.3284214903981068 neg 0.32681376923409566	false	0.5
anklagen	neg 1.0		off 0.341332374867974 neg 0.32980972297228056 __DUMMY__ 0.3288579021597454	false	0.5
trott	neg 1.0		off 0.3443595680913355 __DUMMY__ 0.3283390354403922 neg 0.3273013964682722	false	0.5
verminderung	neg 1.0		off 0.35143582817475255 __DUMMY__ 0.32466771509087666 neg 0.3238964567343707	false	0.5
nach			off 0.33617057047109944 __DUMMY__ 0.33386610640535 neg 0.3299633231235506	false	0.0
rost	neg 1.0		off 0.3565658380495557 __DUMMY__ 0.32266720898661677 neg 0.32076695296382757	false	0.5
destruktiv	neg 1.0		off 0.34312220872266225 neg 0.33035268726304756 __DUMMY__ 0.3265251040142903	false	0.5
unzumutbarkeit	neg 1.0		off 0.35112674430605667 __DUMMY__ 0.3264052896020239 neg 0.3224679660919194	false	0.5
labil	off 1.0	off 1.0	off 0.6631265023367104 neg 0.17963858778277014 __DUMMY__ 0.15723490988051939	false	1.0
ziemlich	neg 1.0		off 0.3517032434730689 __DUMMY__ 0.3263789743209647 neg 0.32191778220596634	false	0.5
lachnummer	off 1.0		off 0.3440651144369735 neg 0.3293682419811356 __DUMMY__ 0.3265666435818907	false	1.0
oder			off 0.3460636919519481 __DUMMY__ 0.3282296505842935 neg 0.3257066574637584	false	0.0
verfall	neg 1.0		neg 0.33471098279914197 off 0.3340074187942074 __DUMMY__ 0.3312815984066506	false	1.0
ausgrenzung	neg 1.0		off 0.345888469077098 neg 0.3271232081916527 __DUMMY__ 0.3269883227312492	false	0.5
unordnung	neg 1.0		off 0.35506376616292545 __DUMMY__ 0.3269501278537043 neg 0.3179861059833703	false	0.5
fehlverhalten	neg 1.0		off 0.33766830517599633 neg 0.33438503705417044 __DUMMY__ 0.3279466577698333	false	0.5
eine			off 0.3389812030095206 neg 0.3305350087408699 __DUMMY__ 0.33048378824960944	false	0.0
nille	neg 1.0		off 0.34473584707963983 __DUMMY__ 0.3289168883263313 neg 0.3263472645940288	false	0.5
qual	neg 1.0		off 0.3439262405074743 __DUMMY__ 0.32848721131248476 neg 0.32758654818004096	false	0.5
verschwenden	neg 1.0		off 0.3392309672351544 neg 0.33283156464334823 __DUMMY__ 0.3279374681214973	false	0.5
riesig	neg 1.0		off 0.3414827436144885 __DUMMY__ 0.32985509345340197 neg 0.3286621629321096	false	0.5
verurteilen	neg 1.0		off 0.3405214634879933 neg 0.3323240078858181 __DUMMY__ 0.3271545286261886	false	0.5
klischee	neg 1.0	neg 1.0	neg 0.6507668854450938 off 0.19225280810424264 __DUMMY__ 0.15698030645066352	false	1.0
diktatorisch	neg 1.0		off 0.3450310854374705 neg 0.3283105301711421 __DUMMY__ 0.32665838439138734	false	0.5
vorhersehbar	neg 1.0		off 0.3468367099159409 neg 0.3280588758211839 __DUMMY__ 0.3251044142628751	false	0.5
sowie			off 0.35567011594334064 __DUMMY__ 0.3231792498957848 neg 0.3211506341608746	false	0.0
stornieren	neg 1.0		off 0.34913335293549697 __DUMMY__ 0.33018553793708594 neg 0.32068110912741704	false	0.5
besteuerung	neg 1.0		off 0.34351576924772526 neg 0.3310001832899816 __DUMMY__ 0.3254840474622932	false	0.5
ungeschminkt	neg 1.0		off 0.3503963199605207 neg 0.3261070175234565 __DUMMY__ 0.32349666251602277	false	0.5
kritisch	neg 1.0		off 0.33985609964507074 neg 0.3319846362147727 __DUMMY__ 0.3281592641401564	false	0.5
schlamperei	off 1.0		off 0.33945656127254853 neg 0.3306983295777684 __DUMMY__ 0.3298451091496831	false	1.0
sucht	neg 1.0	neg 1.0	neg 0.647145811654867 off 0.19246680697197652 __DUMMY__ 0.16038738137315647	false	1.0
egoistisch	off 1.0		off 0.35579212425079976 neg 0.3221567728556533 __DUMMY__ 0.32205110289354694	false	1.0
ausbeuter	off 1.0		off 0.33726093000177754 neg 0.33528723104459884 __DUMMY__ 0.32745183895362356	false	1.0
arschgeburt	off 1.0		off 0.3628974653107885 neg 0.31903118597429675 __DUMMY__ 0.3180713487149148	false	1.0
schubs	neg 1.0		off 0.34265064508026233 neg 0.3287016386920686 __DUMMY__ 0.3286477162276691	false	0.5
unsolide	neg 1.0		off 0.34538802773058763 neg 0.32870597358164694 __DUMMY__ 0.32590599868776543	false	0.5
beschwerde	neg 1.0		off 0.33971117136608686 neg 0.3315039571863637 __DUMMY__ 0.3287848714475495	false	0.5
stocken	neg 1.0		off 0.33972820139003357 neg 0.33069528815515153 __DUMMY__ 0.32957651045481484	false	0.5
isolieren	neg 1.0		off 0.3409962261836653 neg 0.330401003883461 __DUMMY__ 0.3286027699328736	false	0.5
unheilbar	neg 1.0		off 0.3448406028912521 __DUMMY__ 0.32769386304372167 neg 0.3274655340650262	false	0.5
pisser	off 1.0		off 0.35289657361069404 __DUMMY__ 0.32393988452814365 neg 0.32316354186116225	false	1.0
löschen	neg 1.0		off 0.34474467461095615 __DUMMY__ 0.32827884404690605 neg 0.32697648134213786	false	0.5
durchfallen	neg 1.0		off 0.3398859745825142 neg 0.33305119211418555 __DUMMY__ 0.3270628333033002	false	0.5
wichser	off 1.0	off 1.0	off 0.6696846910377438 neg 0.17576434792609102 __DUMMY__ 0.15455096103616528	false	1.0
terror	neg 1.0		off 0.3483145849882892 __DUMMY__ 0.32727336025913323 neg 0.3244120547525775	false	0.5
krass	neg 1.0		off 0.35444114915690567 __DUMMY__ 0.3239189750157251 neg 0.3216398758273692	false	0.5
revolte	neg 1.0		off 0.34700578733727827 __DUMMY__ 0.327483815055801 neg 0.3255103976069207	false	0.5
besorgt	neg 1.0		off 0.34454812824094533 __DUMMY__ 0.3308515907402935 neg 0.3246002810187612	false	0.5
nachlassen	neg 1.0		off 0.34070856103047653 __DUMMY__ 0.330762201606646 neg 0.32852923736287737	false	0.5
alt	neg 1.0		off 0.3414033496202818 neg 0.33044377795595353 __DUMMY__ 0.32815287242376473	false	0.5
hundesohn	off 1.0		off 0.36050984550648335 __DUMMY__ 0.3210911424292757 neg 0.318399012064241	false	1.0
als			off 0.3421008767846025 neg 0.3294983801376982 __DUMMY__ 0.3284007430776993	false	0.0
abschreckung	neg 1.0		off 0.33718449038979686 neg 0.3334969501225899 __DUMMY__ 0.3293185594876133	false	0.5
unqualifiziert	neg 1.0		off 0.3475348787954479 neg 0.3279046943933667 __DUMMY__ 0.3245604268111854	false	0.5
abgewichst	off 1.0		off 0.34398711895392675 __DUMMY__ 0.3291255967197982 neg 0.32688728432627506	false	1.0
schwer	neg 1.0		off 0.3434806098849842 neg 0.3290891027352093 __DUMMY__ 0.32743028737980645	false	0.5
bedeutungslosigkeit	neg 1.0		off 0.3384185249229788 neg 0.3325216808701091 __DUMMY__ 0.329059794206912	false	0.5
kapitulation	neg 1.0		off 0.3403561473176044 neg 0.330410105771305 __DUMMY__ 0.32923374691109064	false	0.5
unscharf	neg 1.0		off 0.3464769969600665 neg 0.32783050536941155 __DUMMY__ 0.325692497670522	false	0.5
schwinden	neg 1.0		off 0.33861711150028617 neg 0.3316547833311118 __DUMMY__ 0.329728105168602	false	0.5
versklavung	neg 1.0		off 0.3453342344157666 __DUMMY__ 0.32767577038324947 neg 0.3269899952009839	false	0.5
schlecht	neg 1.0		off 0.35173541903489075 __DUMMY__ 0.3261957907185567 neg 0.32206879024655255	false	0.5
verhasst	neg 1.0		off 0.3444073972318926 neg 0.3304691730635468 __DUMMY__ 0.32512342970456076	false	0.5
beschweren	neg 1.0		off 0.3466047890716831 __DUMMY__ 0.3268863445950429 neg 0.32650886633327414	false	0.5
scheiden	neg 1.0		off 0.3454128495098683 __DUMMY__ 0.32902262903105767 neg 0.32556452145907405	false	0.5
frustriert	neg 1.0		off 0.34236409762761355 neg 0.3300884631709457 __DUMMY__ 0.3275474392014406	false	0.5
schimmelig	neg 1.0		off 0.34025655475392896 neg 0.3326615687462413 __DUMMY__ 0.3270818764998297	false	0.5
fisch	neg 1.0		off 0.33754748755979747 neg 0.3338264248289774 __DUMMY__ 0.32862608761122514	false	0.5
schmuggel	neg 1.0		off 0.3392600660256374 neg 0.3313932156761871 __DUMMY__ 0.32934671829817547	false	0.5
auffallen	neg 1.0		off 0.3474497872126674 __DUMMY__ 0.32657795426050107 neg 0.3259722585268317	false	0.5
konkurrenz	neg 1.0		off 0.337346596569953 neg 0.33258710460396784 __DUMMY__ 0.33006629882607924	false	0.5
teufelskreis	neg 1.0	neg 1.0	neg 0.6528651384788308 off 0.1894964871407526 __DUMMY__ 0.1576383743804166	false	1.0
aufschreien	neg 1.0		off 0.3469371863640634 neg 0.32728822929175566 __DUMMY__ 0.325774584344181	false	0.5
schuldner	neg 1.0		off 0.33712290467467965 neg 0.33455160644436754 __DUMMY__ 0.3283254888809527	false	0.5
missgeburt	off 1.0	off 1.0	off 0.6670175305003097 neg 0.17798055465401202 __DUMMY__ 0.15500191484567827	false	1.0
arbeitslos	neg 1.0		off 0.34027416951707656 neg 0.33274353790631817 __DUMMY__ 0.32698229257660544	false	0.5
befallen	neg 1.0		off 0.3424805201564951 neg 0.32957753384137095 __DUMMY__ 0.32794194600213394	false	0.5
miesepetrig	off 1.0	off 1.0	off 0.6638887197166673 neg 0.1788539557979623 __DUMMY__ 0.1572573244853703	false	1.0
alarmieren	neg 1.0		off 0.3485853731331983 neg 0.3260866264056678 __DUMMY__ 0.32532800046113375	false	0.5
ungeduscht	off 1.0		off 0.34862826177310585 neg 0.32617959859375056 __DUMMY__ 0.3251921396331437	false	1.0
knappheit	neg 1.0		off 0.3390999633339719 neg 0.3344451400044427 __DUMMY__ 0.3264548966615853	false	0.5
schlange	neg 1.0		off 0.3479528098127832 __DUMMY__ 0.3293258847652639 neg 0.3227213054219528	false	0.5
harsch	neg 1.0		off 0.35696067226429484 __DUMMY__ 0.32555894336700797 neg 0.31748038436869713	false	0.5
lang	neg 1.0		off 0.345930106390674 __DUMMY__ 0.32825713984177274 neg 0.32581275376755336	false	0.5
ziellos	neg 1.0		off 0.34166130947041945 __DUMMY__ 0.32985476052407586 neg 0.3284839300055047	false	0.5
selbstverliebt	neg 1.0		off 0.3611526878237485 __DUMMY__ 0.3196532768843942 neg 0.3191940352918574	false	0.5
beseitigen	neg 1.0		off 0.3429242766033649 neg 0.3285943543598011 __DUMMY__ 0.32848136903683406	false	0.5
dumm	off 1.0		off 0.35714017187010694 __DUMMY__ 0.322492764422558 neg 0.3203670637073352	false	1.0
arbeitsloser	neg 1.0		off 0.34158090317839374 neg 0.3297464448734381 __DUMMY__ 0.3286726519481681	false	0.5
blitzen	neg 1.0		off 0.3480922005141965 __DUMMY__ 0.3267895751100661 neg 0.3251182243757374	false	0.5
hilflos	neg 1.0		off 0.3419391549764755 neg 0.3303082232858135 __DUMMY__ 0.3277526217377111	false	0.5
eklig	off 1.0		off 0.35697712605467485 neg 0.3218509914680525 __DUMMY__ 0.32117188247727274	false	1.0
begriff			off 0.34313811185052073 neg 0.329513509574844 __DUMMY__ 0.3273483785746354	false	0.0
hungersnot	neg 1.0		off 0.3421726536582168 __DUMMY__ 0.32925398821173385 neg 0.32857335813004945	false	0.5
ungesetzlich	neg 1.0		off 0.34341293279793134 neg 0.33131751055104663 __DUMMY__ 0.3252695566510219	false	0.5
verschwendung	neg 1.0		off 0.3392827074041495 neg 0.331875377050752 __DUMMY__ 0.3288419155450985	false	0.5
schmerzvoll	neg 1.0		off 0.34653387700324256 __DUMMY__ 0.32724603273834524 neg 0.3262200902584123	false	0.5
vorzeitig	neg 1.0		off 0.3480001404232741 __DUMMY__ 0.32721906372444487 neg 0.3247807958522809	false	0.5
unvollkommenheit	neg 1.0		off 0.34292842992822903 __DUMMY__ 0.33072620052935175 neg 0.3263453695424194	false	0.5
intervenieren	neg 1.0		off 0.33864631190116423 neg 0.33297482671078293 __DUMMY__ 0.3283788613880528	false	0.5
banause	off 1.0		off 0.35913880417519084 neg 0.3213676006260475 __DUMMY__ 0.31949359519876175	false	1.0
rebell	neg 1.0		off 0.33537487489477685 neg 0.33449446540364003 __DUMMY__ 0.3301306597015831	false	0.5
unlogisch	neg 1.0		off 0.3527681836742533 neg 0.3237918636467759 __DUMMY__ 0.32343995267897085	false	0.5
leiden	neg 1.0		off 0.3389992603517121 neg 0.33081143871730234 __DUMMY__ 0.3301893009309855	false	0.5
abschaffung	neg 1.0		off 0.3445563616817727 neg 0.32802525388780995 __DUMMY__ 0.3274183844304172	false	0.5
sturz	neg 1.0		off 0.34576829683659654 __DUMMY__ 0.329260182312939 neg 0.32497152085046443	false	0.5
verkleinerung	neg 1.0		off 0.34632492584406077 neg 0.3287251990804365 __DUMMY__ 0.3249498750755027	false	0.5
schmarotzer	off 1.0		off 0.3407181312514363 neg 0.33305516963784865 __DUMMY__ 0.326226699110715	false	1.0
bestrafung	neg 1.0		off 0.34568586022673636 __DUMMY__ 0.3274522319171927 neg 0.32686190785607094	false	0.5
achtlos	neg 1.0	neg 1.0	neg 0.6511180184882093 off 0.1901645357494328 __DUMMY__ 0.158717445762358	false	1.0
ungeheuer	neg 1.0		off 0.3481618846764231 __DUMMY__ 0.32795539314774963 neg 0.3238827221758272	false	0.5
unaufrichtig	neg 1.0		off 0.34884400804544036 __DUMMY__ 0.32791586170405246 neg 0.32324013025050713	false	0.5
groggy	neg 1.0		off 0.3482348186716177 __DUMMY__ 0.3271520370805904 neg 0.32461314424779203	false	0.5
verletzlich	neg 1.0		off 0.35078091463776534 neg 0.3248410817902587 __DUMMY__ 0.324378003571976	false	0.5
ablehnen	neg 1.0		off 0.3404238016737572 neg 0.33182309831906054 __DUMMY__ 0.3277531000071822	false	0.5
