unsolidarisch	neg 1.0		__DUMMY__ 0.4643000749277827 off 0.2717547004264327 neg 0.26394522464578446	false	0.5
nachteilig	neg 1.0		__DUMMY__ 0.4682475694218363 off 0.26781021464026017 neg 0.2639422159379037	false	0.5
skeptisch	neg 1.0		__DUMMY__ 0.46888941122891487 off 0.26737267989560193 neg 0.2637379088754832	false	0.5
schrecklich	neg 1.0		__DUMMY__ 0.4626072278143229 off 0.2839623329195949 neg 0.25343043926608216	false	0.5
schlapp	neg 1.0		__DUMMY__ 0.4650228339064977 off 0.27965918005587315 neg 0.25531798603762934	false	0.5
abfall	neg 1.0		__DUMMY__ 0.47165164655985653 neg 0.26451545175904295 off 0.26383290168110046	false	1.0
widerspenstig	neg 1.0		__DUMMY__ 0.4672912949582088 off 0.27359270681126263 neg 0.25911599823052855	false	0.5
abrupt	neg 1.0		__DUMMY__ 0.471370164868169 off 0.26945996699212316 neg 0.2591698681397079	false	0.5
unwirksam	neg 1.0		__DUMMY__ 0.46394378800407327 off 0.27164988656577327 neg 0.2644063254301534	false	0.5
angreifen	neg 1.0		__DUMMY__ 0.46851393602717417 off 0.26713160755210774 neg 0.26435445642071803	false	0.5
inkonsistent	neg 1.0		__DUMMY__ 0.46504673157259907 off 0.27359729046388165 neg 0.26135597796351917	false	0.5
abrutschen	neg 1.0		__DUMMY__ 0.4705505894554126 neg 0.2653969945231125 off 0.2640524160214749	false	1.0
unsicher	neg 1.0		__DUMMY__ 0.4680071451157694 off 0.27342986585919704 neg 0.25856298902503355	false	0.5
bauernkind	off 1.0	off 1.0	off 0.6303334030369581 __DUMMY__ 0.22096571486357525 neg 0.14870088209946666	false	1.0
angreifer	neg 1.0	neg 1.0	neg 0.6149767518674738 __DUMMY__ 0.22818472546715746 off 0.15683852266536874	false	1.0
trennen	neg 1.0		__DUMMY__ 0.47141019210512297 off 0.26797035619046633 neg 0.2606194517044107	false	0.5
schmutz	neg 1.0		__DUMMY__ 0.4698686250178292 off 0.27643337053968975 neg 0.2536980044424811	false	0.5
inkonsistenz	neg 1.0		__DUMMY__ 0.4605567287816489 off 0.2776652051313528 neg 0.2617780660869984	false	0.5
erschreckend	neg 1.0		__DUMMY__ 0.4664141048110393 off 0.27189190780843736 neg 0.2616939873805233	false	0.5
ertrinken	neg 1.0		__DUMMY__ 0.4696262550363598 off 0.26820947695477765 neg 0.2621642680088624	false	0.5
pickelface	off 1.0		__DUMMY__ 0.46828672138359184 off 0.27245327090924915 neg 0.2592600077071592	false	1.0
seiner			__DUMMY__ 0.4693745536335744 off 0.2679963344723479 neg 0.26262911189407767	false	0.0
lauch	neg 1.0		__DUMMY__ 0.47198565915489515 off 0.26533153632588474 neg 0.26268280451922016	false	0.5
unwichtig	neg 1.0		__DUMMY__ 0.46306886978899925 off 0.27819443889406453 neg 0.2587366913169362	false	0.5
steuerhinterziehung	neg 1.0	neg 1.0	neg 0.619175725442118 __DUMMY__ 0.22752501759158317 off 0.1532992569662988	false	1.0
schock	neg 1.0		__DUMMY__ 0.46877159494079135 off 0.27271704680790343 neg 0.25851135825130517	false	0.5
beule	neg 1.0		__DUMMY__ 0.4637056615588114 off 0.2804227819219869 neg 0.2558715565192016	false	0.5
vergelten	neg 1.0		__DUMMY__ 0.4654327898099486 off 0.28349009869190445 neg 0.25107711149814693	false	0.5
verdorbenheit	neg 1.0		__DUMMY__ 0.4697167801152201 off 0.27512629400059696 neg 0.25515692588418293	false	0.5
trauma	neg 1.0		__DUMMY__ 0.4668776284723072 off 0.27438085688455754 neg 0.25874151464313544	false	0.5
sinnlos	neg 1.0		__DUMMY__ 0.4660514283983069 off 0.2757733979787251 neg 0.258175173622968	false	0.5
fettsack	off 1.0	off 1.0	off 0.6316131906919387 __DUMMY__ 0.22202513524670642 neg 0.14636167406135495	false	1.0
feige	off 1.0	off 1.0	off 0.6281282378589075 __DUMMY__ 0.22431485315228952 neg 0.14755690898880308	false	1.0
abdanken	neg 1.0		__DUMMY__ 0.4679239921569743 off 0.2726473833309849 neg 0.25942862451204074	false	0.5
wichtigtuer	off 1.0	off 1.0	off 0.6266457185131902 __DUMMY__ 0.22541242397690425 neg 0.14794185750990554	false	1.0
misslingen	neg 1.0		__DUMMY__ 0.47139680484651236 off 0.2755716252502552 neg 0.2530315699032326	false	0.5
untreu	off 1.0		__DUMMY__ 0.46398813476277107 off 0.27930579402230726 neg 0.2567060712149216	false	1.0
missmutig	neg 1.0		__DUMMY__ 0.46531574318344515 off 0.27888406527379955 neg 0.2558001915427554	false	0.5
hurenbock	off 1.0		__DUMMY__ 0.4679057177782266 off 0.2761193938517673 neg 0.25597488837000615	false	1.0
betrunken	neg 1.0		__DUMMY__ 0.4641411247558114 off 0.28158460329973384 neg 0.25427427194445473	false	0.5
korrupt	off 1.0		__DUMMY__ 0.46517351345122004 off 0.2690989214028979 neg 0.26572756514588214	false	1.0
unmut	neg 1.0		__DUMMY__ 0.4710506629972712 neg 0.26455914456755064 off 0.2643901924351782	false	1.0
hackfresse	off 1.0		__DUMMY__ 0.4594739981812804 off 0.28748538061050966 neg 0.25304062120820997	false	1.0
aufblasen	neg 1.0		__DUMMY__ 0.46721044149073676 off 0.27575214175475066 neg 0.2570374167545126	false	0.5
gewaltsam	neg 1.0		__DUMMY__ 0.4689514425523669 off 0.2719775125164724 neg 0.2590710449311606	false	0.5
unbeliebtheit	neg 1.0		__DUMMY__ 0.46310694379439543 off 0.27704183082630335 neg 0.2598512253793012	false	0.5
sturheit	neg 1.0		__DUMMY__ 0.4666615367530654 off 0.2711892608887018 neg 0.26214920235823286	false	0.5
kuh	neg 1.0		__DUMMY__ 0.4620811805005687 off 0.2745331509569124 neg 0.26338566854251894	false	0.5
erschrecken	neg 1.0		__DUMMY__ 0.46610449110985513 off 0.2788061032826975 neg 0.2550894056074475	false	0.5
opfer	neg 1.0		__DUMMY__ 0.46877647708130965 off 0.2691976120988677 neg 0.2620259108198226	false	0.5
sinken	neg 1.0		__DUMMY__ 0.4714874163290589 off 0.26539984561619656 neg 0.26311273805474455	false	0.5
stinktier	neg 1.0		__DUMMY__ 0.4572024641245941 off 0.2827266989498511 neg 0.2600708369255549	false	0.5
tucke	off 1.0		__DUMMY__ 0.45729048821149576 off 0.2880860982000794 neg 0.2546234135884248	false	1.0
ein			__DUMMY__ 0.46725095493966917 off 0.2747393686920344 neg 0.2580096763682963	false	0.0
abstieg	neg 1.0		__DUMMY__ 0.4702063590701599 off 0.2684079293301306 neg 0.26138571159970947	false	0.5
missverstehen	neg 1.0		__DUMMY__ 0.4632490585878493 off 0.2756900689839717 neg 0.2610608724281789	false	0.5
ergebnislos	neg 1.0		__DUMMY__ 0.4702949206878335 off 0.2680207210870476 neg 0.2616843582251188	false	0.5
unter			__DUMMY__ 0.475627211614659 neg 0.26450532866594506 off 0.25986745971939595	false	0.0
manipulieren	neg 1.0		__DUMMY__ 0.4695317304927457 off 0.267082773629668 neg 0.2633854958775864	false	0.5
unbewiesen	neg 1.0		__DUMMY__ 0.4633941503599372 off 0.27131522319599 neg 0.26529062644407286	false	0.5
verschleppen	neg 1.0		__DUMMY__ 0.467958769816388 off 0.26927042519435074 neg 0.26277080498926136	false	0.5
weib	off 1.0		__DUMMY__ 0.45627712624651 off 0.2871139274711596 neg 0.2566089462823304	false	1.0
opposition	neg 1.0		__DUMMY__ 0.4651657127327987 off 0.27449863236416516 neg 0.26033565490303606	false	0.5
verkehrswidrig	neg 1.0		__DUMMY__ 0.4661139340205483 off 0.2852112962250182 neg 0.24867476975443362	false	0.5
inkorrekt	neg 1.0		__DUMMY__ 0.4603566623476979 off 0.282003688986347 neg 0.2576396486659551	false	0.5
vermeiden	neg 1.0	neg 1.0	neg 0.6201083980922192 __DUMMY__ 0.23053329371201028 off 0.1493583081957706	false	1.0
abweichung	neg 1.0		__DUMMY__ 0.4682756182105279 off 0.26884463193949154 neg 0.26287974984998047	false	0.5
alkoholisiert	neg 1.0		__DUMMY__ 0.4703725551830283 off 0.26852616748819863 neg 0.261101277328773	false	0.5
scheiss	off 1.0	off 1.0	off 0.6287979519162062 __DUMMY__ 0.22498114218846854 neg 0.1462209058953253	false	1.0
herausforderung	neg 1.0		__DUMMY__ 0.4694014869869467 off 0.267461432930912 neg 0.2631370800821411	false	0.5
pervers	off 1.0		__DUMMY__ 0.4571868144418688 off 0.29113656716203107 neg 0.2516766183961001	false	1.0
wackelig	neg 1.0		__DUMMY__ 0.4709715186409961 off 0.27214045349599586 neg 0.25688802786300785	false	0.5
verwickeln	neg 1.0		__DUMMY__ 0.46354873526570267 off 0.27507145447628034 neg 0.261379810258017	false	0.5
vorwand	neg 1.0		__DUMMY__ 0.46876174212159105 off 0.2666072395762808 neg 0.2646310183021283	false	0.5
muschi	off 1.0		__DUMMY__ 0.468224480889652 off 0.27262006968822894 neg 0.25915544942211893	false	1.0
entmutigung	neg 1.0		__DUMMY__ 0.46637445341325817 off 0.2745058439825512 neg 0.2591197026041907	false	0.5
unangemessen	neg 1.0		__DUMMY__ 0.46538630408659487 off 0.27032307590960236 neg 0.26429062000380277	false	0.5
unstetig	neg 1.0		__DUMMY__ 0.4664653788586333 off 0.2765572059823328 neg 0.25697741515903383	false	0.5
entmutigen	neg 1.0		__DUMMY__ 0.46640344924539345 off 0.27417849168233804 neg 0.2594180590722685	false	0.5
schwanz	neg 1.0		__DUMMY__ 0.4693212189652842 off 0.26974329405889935 neg 0.2609354869758163	false	0.5
verbot	neg 1.0		__DUMMY__ 0.4677328205647412 off 0.2696607953523712 neg 0.26260638408288756	false	0.5
leid	neg 1.0		__DUMMY__ 0.4602572247564263 off 0.28515524365833184 neg 0.25458753158524183	false	0.5
archaisch	neg 1.0		__DUMMY__ 0.46719683561346004 off 0.27143383522755815 neg 0.26136932915898176	false	0.5
gegen			__DUMMY__ 0.4714586740959382 off 0.26550168254918716 neg 0.2630396433548745	false	0.0
scheidung	neg 1.0		__DUMMY__ 0.4596070133978085 off 0.29773221823613827 neg 0.24266076836605321	false	0.5
einschlag	neg 1.0		__DUMMY__ 0.4631442734793792 off 0.28247545515654654 neg 0.2543802713640744	false	0.5
m			__DUMMY__ 0.4693440704150149 off 0.27101014448411725 neg 0.2596457851008678	false	0.0
abgestanden	neg 1.0		__DUMMY__ 0.4657549356287161 off 0.2735743236712345 neg 0.2606707407000493	false	0.5
schmierig	off 1.0		__DUMMY__ 0.4619618387678917 off 0.28488167188634655 neg 0.25315648934576174	false	1.0
unpraktisch	neg 1.0		__DUMMY__ 0.4670021633949777 off 0.27532526664935547 neg 0.2576725699556668	false	0.5
wixxer	off 1.0		__DUMMY__ 0.4555686164496719 off 0.2907113377958133 neg 0.25372004575451484	false	1.0
bezeichnet			__DUMMY__ 0.46496434025135736 off 0.2724463719863699 neg 0.26258928776227286	false	0.0
jammerlappen	off 1.0		__DUMMY__ 0.4652913597527155 off 0.2792184935634502 neg 0.25549014668383413	false	1.0
farce	neg 1.0		__DUMMY__ 0.46727171803911083 off 0.27087059058885254 neg 0.2618576913720367	false	0.5
zwecklos	neg 1.0		__DUMMY__ 0.4665334097396278 off 0.2703562239938426 neg 0.2631103662665295	false	0.5
turbulent	neg 1.0		__DUMMY__ 0.462657911591792 off 0.28009105631726794 neg 0.25725103209094013	false	0.5
invasion	neg 1.0		__DUMMY__ 0.4659161853419403 off 0.2754694292429765 neg 0.2586143854150833	false	0.5
schuld	neg 1.0		__DUMMY__ 0.4652458004289351 off 0.2739781129602234 neg 0.26077608661084145	false	0.5
risiko	neg 1.0	neg 1.0	neg 0.6157773705681595 __DUMMY__ 0.22803339578467582 off 0.1561892336471647	false	1.0
finster	neg 1.0		__DUMMY__ 0.4649497456769663 off 0.27418240405482075 neg 0.2608678502682129	false	0.5
geisteskrank	off 1.0		__DUMMY__ 0.4606414342107685 off 0.27968473072448463 neg 0.2596738350647469	false	1.0
zusammenbrechen	neg 1.0		__DUMMY__ 0.46787359646151666 off 0.2710632225936108 neg 0.2610631809448724	false	0.5
ausbeute	neg 1.0		__DUMMY__ 0.4743705498225745 off 0.27154701537892934 neg 0.2540824347984963	false	0.5
hinterhalt	neg 1.0		__DUMMY__ 0.473280726630475 off 0.27354911307883273 neg 0.2531701602906922	false	0.5
kritik	neg 1.0		__DUMMY__ 0.46696641833704744 off 0.27046692232796515 neg 0.26256665933498735	false	0.5
einschrumpfen	neg 1.0		__DUMMY__ 0.4637920569693258 off 0.27730745587221783 neg 0.2589004871584563	false	0.5
riskant	neg 1.0		__DUMMY__ 0.4676367345192052 off 0.26759613258409687 neg 0.264767132896698	false	0.5
frustrieren	neg 1.0		__DUMMY__ 0.46778528019015475 off 0.2688653378122829 neg 0.26334938199756236	false	0.5
groll	neg 1.0		__DUMMY__ 0.46667535932167664 off 0.26978417411755856 neg 0.2635404665607648	false	0.5
gibt			__DUMMY__ 0.46813918989854486 off 0.2712691390567001 neg 0.26059167104475495	false	0.0
qualvoll	neg 1.0		__DUMMY__ 0.4661351539385278 off 0.27706103322716846 neg 0.2568038128343038	false	0.5
wackeln	neg 1.0		__DUMMY__ 0.46877124315551066 off 0.2751056440408896 neg 0.2561231128035996	false	0.5
klagen	neg 1.0		__DUMMY__ 0.4699529409200782 neg 0.2651137866516503 off 0.2649332724282716	false	1.0
bankrott	neg 1.0		__DUMMY__ 0.4662564160195766 off 0.27874419246188104 neg 0.2549993915185423	false	0.5
trauern	neg 1.0		__DUMMY__ 0.4708766829313408 off 0.2695117942683425 neg 0.25961152280031674	false	0.5
ablehnung	neg 1.0		__DUMMY__ 0.46691051579269466 off 0.27005859343768945 neg 0.26303089076961605	false	0.5
stur	neg 1.0		__DUMMY__ 0.4654313850591634 off 0.27430548046968506 neg 0.2602631344711514	false	0.5
aufruhr	neg 1.0		__DUMMY__ 0.4681838934678695 off 0.2721808925336432 neg 0.2596352139984873	false	0.5
melancholie	neg 1.0		__DUMMY__ 0.4696702349126372 off 0.2701907084597912 neg 0.2601390566275716	false	0.5
ist			__DUMMY__ 0.46631492068543723 off 0.27557365178069826 neg 0.2581114275338645	false	0.0
torheit	neg 1.0		__DUMMY__ 0.46668316062077697 off 0.2734672097549782 neg 0.2598496296242448	false	0.5
dreckskind	off 1.0		__DUMMY__ 0.4580555465146867 off 0.2855443808972698 neg 0.25640007258804354	false	1.0
umtauschen	neg 1.0		__DUMMY__ 0.46788032172499927 off 0.27316591651088534 neg 0.2589537617641153	false	0.5
zum			__DUMMY__ 0.47592626998460075 off 0.26438415992608294 neg 0.2596895700893163	false	0.0
zersetzen	neg 1.0		__DUMMY__ 0.4677844724319165 off 0.2665757718120084 neg 0.26563975575607496	false	0.5
zur			__DUMMY__ 0.47414442734311607 neg 0.2630841910815095 off 0.2627713815753744	false	0.0
frust	neg 1.0		__DUMMY__ 0.4683212271182435 off 0.27123478540929236 neg 0.2604439874724641	false	0.5
unerbittlichkeit	neg 1.0		__DUMMY__ 0.46891357669916695 off 0.26702669115327315 neg 0.26405973214755984	false	0.5
zwei			__DUMMY__ 0.4747689194134709 off 0.26538211779771875 neg 0.2598489627888104	false	0.0
unkorrekt	neg 1.0		__DUMMY__ 0.46199169700242537 off 0.2821975424861962 neg 0.2558107605113784	false	0.5
hexe	off 1.0		__DUMMY__ 0.46212705808189625 off 0.27831606891574073 neg 0.25955687300236296	false	1.0
lasch	neg 1.0		__DUMMY__ 0.4631667878806639 off 0.27696098048911366 neg 0.2598722316302224	false	0.5
rivale	neg 1.0		__DUMMY__ 0.4630367047699929 off 0.2814317723473003 neg 0.2555315228827067	false	0.5
mutlos	off 1.0	off 1.0	off 0.6220658685957391 __DUMMY__ 0.227297027359679 neg 0.15063710404458192	false	1.0
wirr	off 1.0		__DUMMY__ 0.46043312765757877 off 0.28263785928591595 neg 0.2569290130565054	false	1.0
jahr			__DUMMY__ 0.47530804331585774 off 0.2689499182763201 neg 0.25574203840782206	false	0.0
wird			__DUMMY__ 0.4682729842846037 off 0.2698271529263775 neg 0.26189986278901883	false	0.0
strafbar	neg 1.0		__DUMMY__ 0.4674867612286645 off 0.2681187457672127 neg 0.26439449300412293	false	0.5
erosion	neg 1.0		__DUMMY__ 0.46866609669185016 off 0.2739265311273124 neg 0.2574073721808375	false	0.5
eingehen	neg 1.0		__DUMMY__ 0.46743828856085745 off 0.26839757466767517 neg 0.2641641367714674	false	0.5
faul	off 1.0		__DUMMY__ 0.4661387745477408 off 0.2787079161452437 neg 0.2551533093070155	false	1.0
provisorium	neg 1.0		__DUMMY__ 0.47642000295181397 neg 0.2626017925880377 off 0.2609782044601483	false	1.0
schmerzen	neg 1.0		__DUMMY__ 0.46640496703239226 off 0.2715792818108332 neg 0.2620157511567746	false	0.5
schrumpfen	neg 1.0		__DUMMY__ 0.4708824177466986 neg 0.26726027583766065 off 0.2618573064156407	false	1.0
geistlos	off 1.0		__DUMMY__ 0.46234150003514374 off 0.27498661005029124 neg 0.2626718899145649	false	1.0
fehlkauf	neg 1.0		__DUMMY__ 0.46700116027756766 off 0.2757299337232743 neg 0.2572689059991581	false	0.5
frustrierend	neg 1.0		__DUMMY__ 0.46485268400514557 off 0.27765417388959035 neg 0.2574931421052641	false	0.5
unzufrieden	neg 1.0		__DUMMY__ 0.4665217886543432 off 0.2699158587014764 neg 0.2635623526441805	false	0.5
verzweifeln	neg 1.0		__DUMMY__ 0.46725270249739403 off 0.2719933557343432 neg 0.2607539417682626	false	0.5
verzweifelt	neg 1.0	neg 1.0	neg 0.6186888416013819 __DUMMY__ 0.22577089506711254 off 0.1555402633315056	false	1.0
misstrauensantrag	neg 1.0		__DUMMY__ 0.4660013028973105 off 0.27571281212443455 neg 0.258285884978255	false	0.5
abfallen	neg 1.0		__DUMMY__ 0.4683830667572543 off 0.2750010099284627 neg 0.25661592331428307	false	0.5
fucker	off 1.0		__DUMMY__ 0.4640428474214906 off 0.2825929307635511 neg 0.2533642218149583	false	1.0
ungezogen	neg 1.0		__DUMMY__ 0.45807305583589 off 0.2902993915065932 neg 0.2516275526575168	false	0.5
irrsinnig	neg 1.0	neg 1.0	neg 0.6182491747943601 __DUMMY__ 0.226096643179913 off 0.15565418202572687	false	1.0
unfassbar	neg 1.0		__DUMMY__ 0.464634697303234 off 0.28053185881875614 neg 0.25483344387801	false	0.5
hart	neg 1.0		__DUMMY__ 0.464056752187495 off 0.2797101084679597 neg 0.25623313934454545	false	0.5
widerlich	off 1.0		__DUMMY__ 0.46198416565808503 off 0.2802624794193958 neg 0.25775335492251916	false	1.0
fatal	neg 1.0		__DUMMY__ 0.4661175430793171 off 0.2759968127131971 neg 0.25788564420748583	false	0.5
bruch	neg 1.0		__DUMMY__ 0.47078498726561574 off 0.2657786955530201 neg 0.2634363171813641	false	0.5
aushungern	neg 1.0		__DUMMY__ 0.4682171765251679 off 0.271019359117202 neg 0.26076346435763	false	0.5
anspannung	neg 1.0		__DUMMY__ 0.47499944220237544 off 0.2640913374268373 neg 0.26090922037078723	false	0.5
von			__DUMMY__ 0.4764595048346342 off 0.2694472063936664 neg 0.25409328877169934	false	0.0
kraftlos	neg 1.0		__DUMMY__ 0.4691269708401993 off 0.2709073529443975 neg 0.25996567621540334	false	0.5
vom			__DUMMY__ 0.47772323950585793 off 0.2621900993776179 neg 0.2600866611165242	false	0.0
grenzdebil	off 1.0		__DUMMY__ 0.46460940341778084 off 0.2809873190671818 neg 0.2544032775150373	false	1.0
vor			__DUMMY__ 0.4717046703271814 off 0.26700053203826685 neg 0.2612947976345518	false	0.0
unterwerfen	neg 1.0		__DUMMY__ 0.46838746205873766 off 0.2689694457414411 neg 0.26264309219982135	false	0.5
versenkung	neg 1.0		__DUMMY__ 0.47002609316663313 off 0.2697740276107849 neg 0.2601998792225821	false	0.5
entziehen	neg 1.0		__DUMMY__ 0.469818893795964 off 0.26554914706444865 neg 0.2646319591395872	false	0.5
finanzkrise	neg 1.0		__DUMMY__ 0.4663327313720678 off 0.27140846191519663 neg 0.2622588067127357	false	0.5
schimpfend	neg 1.0		__DUMMY__ 0.46621052250048767 off 0.2755919770160067 neg 0.2581975004835057	false	0.5
profan	neg 1.0		__DUMMY__ 0.46500028665214604 off 0.2761197160094927 neg 0.2588799973383612	false	0.5
korruption	neg 1.0		__DUMMY__ 0.46791048707949595 off 0.2694316633855415 neg 0.2626578495349624	false	0.5
â			__DUMMY__ 0.4700583009342134 off 0.2706106371626441 neg 0.2593310619031423	false	0.0
schmutzig	neg 1.0		__DUMMY__ 0.46500426518165816 off 0.2817424299280741 neg 0.2532533048902678	false	0.5
sexy	neg 1.0		__DUMMY__ 0.46633699896503367 off 0.27789834437048383 neg 0.2557646566644824	false	0.5
abraten	neg 1.0		__DUMMY__ 0.46619077098265876 off 0.27568650990526716 neg 0.258122719112074	false	0.5
schwarz	neg 1.0		__DUMMY__ 0.4662888194686717 off 0.2751259552388972 neg 0.25858522529243094	false	0.5
fotze	off 1.0	off 1.0	off 0.6239740249557859 __DUMMY__ 0.22847764147110225 neg 0.1475483335731118	false	1.0
verwirren	neg 1.0		__DUMMY__ 0.4652438732351802 off 0.27681324252012784 neg 0.25794288424469214	false	0.5
zahnlos	off 1.0		__DUMMY__ 0.4668951547034423 off 0.27115379849453036 neg 0.2619510468020274	false	1.0
verheeren	neg 1.0		__DUMMY__ 0.45884080846731473 off 0.2922244600661598 neg 0.2489347314665255	false	0.5
hippie	neg 1.0		__DUMMY__ 0.46635242637238994 off 0.2774267102656285 neg 0.2562208633619816	false	0.5
rammen	neg 1.0		__DUMMY__ 0.4652272377766171 off 0.2745462385042368 neg 0.26022652371914606	false	0.5
unlauter	neg 1.0		__DUMMY__ 0.4644643047353868 off 0.2734843328418066 neg 0.2620513624228064	false	0.5
unheilvoll	neg 1.0		__DUMMY__ 0.4669561267103424 off 0.27575451687088165 neg 0.2572893564187761	false	0.5
niedrig	neg 1.0		__DUMMY__ 0.4673715696443503 off 0.2670395033623043 neg 0.26558892699334535	false	0.5
explosion	neg 1.0		__DUMMY__ 0.4658626102809217 off 0.27655494219013 neg 0.2575824475289483	false	0.5
weichei	off 1.0	off 1.0	off 0.6322456846876078 __DUMMY__ 0.22304024980208606 neg 0.14471406551030616	false	1.0
minusmensch	off 1.0		__DUMMY__ 0.45708676830099204 off 0.2881886665084682 neg 0.2547245651905397	false	1.0
farblos	neg 1.0		__DUMMY__ 0.4680992616732446 off 0.2731574185443825 neg 0.25874331978237297	false	0.5
unwissend	neg 1.0	neg 1.0	neg 0.6168907993619227 __DUMMY__ 0.22491644528621335 off 0.15819275535186392	false	1.0
traurig	neg 1.0		__DUMMY__ 0.4633554129836347 off 0.2832677758379243 neg 0.25337681117844113	false	0.5
senkung	neg 1.0		__DUMMY__ 0.463983104925644 off 0.27563587614657403 neg 0.2603810189277821	false	0.5
ungleich	neg 1.0	neg 1.0	neg 0.620857518406885 __DUMMY__ 0.22746294960316202 off 0.15167953198995307	false	1.0
heikel	neg 1.0		__DUMMY__ 0.4676234374497124 off 0.26756174996002546 neg 0.26481481259026207	false	0.5
drosselung	neg 1.0		__DUMMY__ 0.46389991899786054 off 0.2804751737060604 neg 0.2556249072960792	false	0.5
falsch	neg 1.0		__DUMMY__ 0.4641206480798817 off 0.2776504286751122 neg 0.25822892324500607	false	0.5
unzufriedenheit	neg 1.0		__DUMMY__ 0.46930331983405743 off 0.26628455570287396 neg 0.26441212446306867	false	0.5
kurz	neg 1.0		__DUMMY__ 0.47020260300160044 off 0.27256484013302373 neg 0.2572325568653759	false	0.5
unsinnig	neg 1.0		__DUMMY__ 0.46575115124354727 off 0.27092846280180405 neg 0.2633203859546485	false	0.5
penner	off 1.0	off 1.0	off 0.6333353133863154 __DUMMY__ 0.22290643295085044 neg 0.14375825366283415	false	1.0
seicht	neg 1.0		__DUMMY__ 0.45678271446183855 off 0.2890195774709617 neg 0.2541977080671997	false	0.5
dummheit	off 1.0	off 1.0	off 0.6268083314995436 __DUMMY__ 0.22522842827361345 neg 0.14796324022684298	false	1.0
unerfreulich	neg 1.0		__DUMMY__ 0.4692302118004241 off 0.26713282250715 neg 0.2636369656924259	false	0.5
motherfucker	off 1.0	off 1.0	off 0.629979853430743 __DUMMY__ 0.22524251797475628 neg 0.14477762859450072	false	1.0
pikiert	neg 1.0		__DUMMY__ 0.4629551405296408 off 0.2796569745016643 neg 0.25738788496869486	false	0.5
wrack	neg 1.0		__DUMMY__ 0.4697848443492603 off 0.27134337363777383 neg 0.2588717820129659	false	0.5
gangster	neg 1.0		__DUMMY__ 0.46625013221197165 off 0.27746190154829437 neg 0.2562879662397339	false	0.5
krank	neg 1.0		__DUMMY__ 0.4648460412773011 off 0.2810755820333027 neg 0.25407837668939626	false	0.5
reich	neg 1.0		__DUMMY__ 0.46628844221268767 off 0.2800523009388699 neg 0.2536592568484424	false	0.5
gnadenlos	neg 1.0		__DUMMY__ 0.4658752935374984 off 0.274357954431647 neg 0.25976675203085464	false	0.5
niedergeschlagen	neg 1.0		__DUMMY__ 0.46841240882619106 off 0.27190956390056964 neg 0.25967802727323935	false	0.5
terrorisieren	off 1.0	off 1.0	off 0.6226428546563817 __DUMMY__ 0.22823296142617952 neg 0.14912418391743887	false	1.0
sinnlosigkeit	neg 1.0		__DUMMY__ 0.46729720764087845 off 0.2706592554623532 neg 0.26204353689676824	false	0.5
behindern	neg 1.0		__DUMMY__ 0.46795878830178544 off 0.2726232691112668 neg 0.2594179425869479	false	0.5
undemokratisch	neg 1.0		__DUMMY__ 0.46597769867336025 off 0.27401055525128554 neg 0.26001174607535416	false	0.5
wirtschaftskrise	neg 1.0		__DUMMY__ 0.467626912007493 off 0.269088469925939 neg 0.26328461806656805	false	0.5
neid	neg 1.0		__DUMMY__ 0.4662203472379571 off 0.27834358502193984 neg 0.25543606774010313	false	0.5
rutschen	neg 1.0		__DUMMY__ 0.475206448841527 off 0.26541208087929435 neg 0.2593814702791786	false	0.5
rezession	neg 1.0		__DUMMY__ 0.45832958442602123 off 0.2815093054124144 neg 0.26016111016156435	false	0.5
fehlgeburt	neg 1.0		__DUMMY__ 0.4672998777500019 off 0.2757244742660219 neg 0.25697564798397626	false	0.5
charakterschwach	off 1.0		__DUMMY__ 0.4620961197363098 off 0.2800338271496952 neg 0.25787005311399497	false	1.0
isolation	neg 1.0		__DUMMY__ 0.4656338705200241 off 0.2776518463193141 neg 0.2567142831606619	false	0.5
ablenkung	neg 1.0		__DUMMY__ 0.46801049508642883 off 0.27379227219118163 neg 0.25819723272238965	false	0.5
pech	neg 1.0		__DUMMY__ 0.4650833619082432 off 0.2775949919384795 neg 0.2573216461532774	false	0.5
vermeidung	neg 1.0		__DUMMY__ 0.46444759453908796 off 0.2808845209877977 neg 0.2546678844731142	false	0.5
dominieren	neg 1.0		__DUMMY__ 0.4697582712905722 off 0.26924518600766484 neg 0.26099654270176287	false	0.5
schwindlig	neg 1.0		__DUMMY__ 0.46735960197274606 off 0.27648543487309035 neg 0.2561549631541637	false	0.5
lutscher	neg 1.0		__DUMMY__ 0.457335326596104 off 0.2898579483081545 neg 0.2528067250957415	false	0.5
pflicht	neg 1.0		__DUMMY__ 0.46866338438812233 off 0.2664610022075277 neg 0.26487561340434995	false	0.5
faschist	off 1.0		__DUMMY__ 0.4653799979653631 off 0.2771075832927393 neg 0.2575124187418976	false	1.0
verschleudern	neg 1.0		__DUMMY__ 0.4678005443737296 off 0.2674445048874724 neg 0.26475495073879807	false	0.5
wenn			__DUMMY__ 0.46471871969805006 off 0.27810547489452747 neg 0.2571758054074225	false	0.0
ehebruch	neg 1.0		__DUMMY__ 0.46825271571301974 off 0.26950235101184966 neg 0.26224493327513065	false	0.5
spott	off 1.0		__DUMMY__ 0.46795070057181504 off 0.2687426761496024 neg 0.26330662327858256	false	1.0
trostlosigkeit	neg 1.0		__DUMMY__ 0.4712774792551783 off 0.26686606676407904 neg 0.2618564539807427	false	0.5
lutschen	neg 1.0		__DUMMY__ 0.4644383186956852 off 0.27729705440271407 neg 0.2582646269016007	false	0.5
undiszipliniert	neg 1.0		__DUMMY__ 0.4624588370095695 off 0.28215960349476266 neg 0.2553815594956678	false	0.5
kopfschmerz	neg 1.0		__DUMMY__ 0.46707468784448775 off 0.27053507612038 neg 0.26239023603513223	false	0.5
unvorhergesehen	neg 1.0		__DUMMY__ 0.47250156644680863 off 0.26922375077755145 neg 0.25827468277563986	false	0.5
desinteressiert	neg 1.0	neg 1.0	neg 0.615560434967285 __DUMMY__ 0.2245848825728885 off 0.15985468245982662	false	1.0
armselig	off 1.0		__DUMMY__ 0.46059021359997104 off 0.28227593448460797 neg 0.257133851915421	false	1.0
desaster	neg 1.0		__DUMMY__ 0.47046104069784256 off 0.2648455319066045 neg 0.2646934273955529	false	0.5
tod	neg 1.0		__DUMMY__ 0.4714478781432503 off 0.2711750570475398 neg 0.2573770648092101	false	0.5
herzlos	neg 1.0		__DUMMY__ 0.4619724021954857 off 0.2827826644229164 neg 0.25524493338159787	false	0.5
unwissenheit	neg 1.0		__DUMMY__ 0.46706923418207363 off 0.2701101608780208 neg 0.26282060493990556	false	0.5
widersinnig	neg 1.0		__DUMMY__ 0.4647697059911748 off 0.2692019344374984 neg 0.2660283595713269	false	0.5
bedenklich	neg 1.0		__DUMMY__ 0.4670500120868718 off 0.26888369127221917 neg 0.2640662966409092	false	0.5
beanstanden	neg 1.0		__DUMMY__ 0.46915638432559337 off 0.26618604451412314 neg 0.2646575711602834	false	0.5
panisch	neg 1.0	neg 1.0	neg 0.6146373115020486 __DUMMY__ 0.22801767343412696 off 0.15734501506382445	false	1.0
debil	off 1.0		__DUMMY__ 0.4748339140009716 neg 0.26374021688081195 off 0.2614258691182165	false	0.5
abstrich	neg 1.0		__DUMMY__ 0.4723132760731179 off 0.27413197125738437 neg 0.2535547526694978	false	0.5
primitiv	neg 1.0		__DUMMY__ 0.4615893222064182 off 0.2803452790351587 neg 0.25806539875842305	false	0.5
abschaum	off 1.0	off 1.0	off 0.6284805891546351 __DUMMY__ 0.22499867970680787 neg 0.14652073113855707	false	1.0
provozieren	neg 1.0		__DUMMY__ 0.46456907192383406 off 0.2735517042341313 neg 0.26187922384203455	false	0.5
tot	neg 1.0		__DUMMY__ 0.46804343720753494 off 0.2701567669498989 neg 0.26179979584256624	false	0.5
instabil	neg 1.0		__DUMMY__ 0.46248173491294026 off 0.28234239645671794 neg 0.2551758686303419	false	0.5
schwuchtel	off 1.0	off 1.0	off 0.6367663189879198 __DUMMY__ 0.2204750849018729 neg 0.1427585961102074	false	1.0
zerren	neg 1.0		__DUMMY__ 0.4686154514231724 off 0.2713123377936363 neg 0.26007221078319126	false	0.5
kinderficker	off 1.0		__DUMMY__ 0.4610745938296584 off 0.28598742298815677 neg 0.2529379831821848	false	1.0
gefahr	neg 1.0		__DUMMY__ 0.4707210594664535 off 0.2666745019741101 neg 0.2626044385594364	false	0.5
rabiat	neg 1.0		__DUMMY__ 0.4671709493247836 off 0.27352786345925195 neg 0.25930118721596446	false	0.5
verlangsamung	neg 1.0		__DUMMY__ 0.4569480730756874 off 0.2862771281771362 neg 0.25677479874717646	false	0.5
ausgestorben	neg 1.0		__DUMMY__ 0.46799466621818675 off 0.2734405639775509 neg 0.2585647698042623	false	0.5
anklagen	neg 1.0		__DUMMY__ 0.46861804615160946 off 0.27003540712900886 neg 0.26134654671938157	false	0.5
trott	neg 1.0		__DUMMY__ 0.46786946797790874 off 0.2730476305763635 neg 0.2590829014457279	false	0.5
verminderung	neg 1.0		__DUMMY__ 0.46283170956169273 off 0.2806273541011826 neg 0.2565409363371245	false	0.5
nach			__DUMMY__ 0.4755313035042681 off 0.26395318148519487 neg 0.26051551501053694	false	0.0
rost	neg 1.0		__DUMMY__ 0.46009474279807705 off 0.2860241285168262 neg 0.2538811286850969	false	0.5
destruktiv	neg 1.0		__DUMMY__ 0.4653743585958562 off 0.2722614452543524 neg 0.26236419614979134	false	0.5
unzumutbarkeit	neg 1.0		__DUMMY__ 0.4652491966680733 off 0.2799842997760105 neg 0.2547665035559163	false	0.5
labil	off 1.0	off 1.0	off 0.6281690239999368 __DUMMY__ 0.22566791108709655 neg 0.14616306491296663	false	1.0
ziemlich	neg 1.0		__DUMMY__ 0.4651866758703449 off 0.28056294849767655 neg 0.25425037563197855	false	0.5
lachnummer	off 1.0		__DUMMY__ 0.4654177442700059 off 0.27318460431098734 neg 0.2613976514190068	false	1.0
oder			__DUMMY__ 0.46774045580473184 off 0.2747095109285538 neg 0.2575500332667144	false	0.0
verfall	neg 1.0		__DUMMY__ 0.47194821989242564 neg 0.2656151102027184 off 0.2624366699048559	false	1.0
ausgrenzung	neg 1.0		__DUMMY__ 0.46602981714520586 off 0.27485919317464874 neg 0.2591109896801454	false	0.5
unordnung	neg 1.0		__DUMMY__ 0.4660292330446049 off 0.2836732048594881 neg 0.25029756209590687	false	0.5
fehlverhalten	neg 1.0		__DUMMY__ 0.4673278635214402 off 0.26669867440144823 neg 0.2659734620771117	false	0.5
eine			__DUMMY__ 0.4708424591958899 off 0.2674017447066909 neg 0.26175579609741917	false	0.0
nille	neg 1.0		__DUMMY__ 0.46868058857242345 off 0.27331966923970263 neg 0.25799974218787397	false	0.5
qual	neg 1.0		__DUMMY__ 0.4680740585328676 off 0.2726011674113849 neg 0.25932477405574744	false	0.5
verschwenden	neg 1.0		__DUMMY__ 0.4673241987294674 off 0.2681732312257773 neg 0.2645025700447553	false	0.5
riesig	neg 1.0		__DUMMY__ 0.47000895401943804 off 0.26991822828737333 neg 0.2600728176931886	false	0.5
verurteilen	neg 1.0		__DUMMY__ 0.4662410950799863 off 0.26962529990135164 neg 0.26413360501866207	false	0.5
klischee	neg 1.0	neg 1.0	neg 0.6173417161064345 __DUMMY__ 0.225307387438743 off 0.1573508964548224	false	1.0
diktatorisch	neg 1.0		__DUMMY__ 0.4655756647371489 off 0.2741029906409372 neg 0.2603213446219139	false	0.5
vorhersehbar	neg 1.0		__DUMMY__ 0.4634089110370015 off 0.2761467173827497 neg 0.2604443715802488	false	0.5
sowie			__DUMMY__ 0.4607671447829592 off 0.28507038373949367 neg 0.25416247147754717	false	0.0
stornieren	neg 1.0		__DUMMY__ 0.47048386466208525 off 0.2772646900156092 neg 0.2522514453223057	false	0.5
besteuerung	neg 1.0		__DUMMY__ 0.46395787625051976 off 0.2728030351527267 neg 0.2632390885967535	false	0.5
ungeschminkt	neg 1.0		__DUMMY__ 0.4612167546038893 off 0.2798539472110806 neg 0.25892929818503013	false	0.5
kritisch	neg 1.0		__DUMMY__ 0.4676244359198396 off 0.26876872901340565 neg 0.2636068350667547	false	0.5
schlamperei	off 1.0		__DUMMY__ 0.4699802398067617 off 0.2680274558114677 neg 0.26199230438177074	false	1.0
sucht	neg 1.0	neg 1.0	neg 0.6130175171998411 __DUMMY__ 0.2301804018766663 off 0.15680208092349257	false	1.0
egoistisch	off 1.0		__DUMMY__ 0.45920698098928575 off 0.2854299976514897 neg 0.25536302135922456	false	1.0
ausbeuter	off 1.0		__DUMMY__ 0.4666480996016725 neg 0.2669461837636175 off 0.26640571663470997	false	0.5
arschgeburt	off 1.0		__DUMMY__ 0.45370242922776444 off 0.2931663863343826 neg 0.2531311844378528	false	1.0
schubs	neg 1.0		__DUMMY__ 0.468346924810562 off 0.2712655754528417 neg 0.26038749973659636	false	0.5
unsolide	neg 1.0		__DUMMY__ 0.4645512672607891 off 0.2745801538320831 neg 0.2608685789071277	false	0.5
beschwerde	neg 1.0		__DUMMY__ 0.4685150556466161 off 0.2684844173389411 neg 0.2630005270144429	false	0.5
stocken	neg 1.0		__DUMMY__ 0.4696061148895978 off 0.2683280834517814 neg 0.2620658016586207	false	0.5
isolieren	neg 1.0		__DUMMY__ 0.4682737065671085 off 0.26976202050175957 neg 0.26196427293113195	false	0.5
unheilbar	neg 1.0		__DUMMY__ 0.46700355456854353 off 0.2736773484962695 neg 0.25931909693518707	false	0.5
pisser	off 1.0		__DUMMY__ 0.4618243392962736 off 0.2822311677509496 neg 0.2559444929527769	false	1.0
löschen	neg 1.0		__DUMMY__ 0.46779211887443556 off 0.27344221531775376 neg 0.2587656658078107	false	0.5
durchfallen	neg 1.0		__DUMMY__ 0.46611118578159205 off 0.26900717997821133 neg 0.26488163424019673	false	0.5
wichser	off 1.0	off 1.0	off 0.6352519180397452 __DUMMY__ 0.22186946476345418 neg 0.14287861719680067	false	1.0
terror	neg 1.0		__DUMMY__ 0.4664196431993469 off 0.27707674525639236 neg 0.25650361154426066	false	0.5
krass	neg 1.0		__DUMMY__ 0.4618075429717457 off 0.28368544008094615 neg 0.2545070169473083	false	0.5
revolte	neg 1.0		__DUMMY__ 0.46671802149286445 off 0.2758220025494727 neg 0.257459975957663	false	0.5
besorgt	neg 1.0		__DUMMY__ 0.4713733411497186 off 0.272714147938144 neg 0.2559125109121373	false	0.5
nachlassen	neg 1.0		__DUMMY__ 0.4712656434422145 off 0.26898894490684294 neg 0.25974541165094245	false	0.5
alt	neg 1.0		__DUMMY__ 0.4676729584181538 off 0.27015980515427884 neg 0.26216723642756734	false	0.5
hundesohn	off 1.0		__DUMMY__ 0.4578775615302535 off 0.290239478210429 neg 0.2518829602593174	false	1.0
als			__DUMMY__ 0.4679700028506352 off 0.27085997555234453 neg 0.2611700215970201	false	0.0
abschreckung	neg 1.0		__DUMMY__ 0.46923456045813355 off 0.2659432797188479 neg 0.26482215982301854	false	0.5
unqualifiziert	neg 1.0		__DUMMY__ 0.4626629371735216 off 0.27694936283806554 neg 0.26038769998841277	false	0.5
abgewichst	off 1.0		__DUMMY__ 0.4689713623532988 off 0.27253528560115275 neg 0.25849335204554835	false	1.0
schwer	neg 1.0		__DUMMY__ 0.4666167813374994 off 0.2723987619061766 neg 0.260984456756324	false	0.5
bedeutungslosigkeit	neg 1.0		__DUMMY__ 0.4688674610062315 off 0.26719149627923633 neg 0.2639410427145323	false	0.5
kapitulation	neg 1.0		__DUMMY__ 0.4691266947668061 off 0.2690329097291861 neg 0.26184039550400784	false	0.5
unscharf	neg 1.0		__DUMMY__ 0.4642683481223619 off 0.2755717387212673 neg 0.2601599131563708	false	0.5
schwinden	neg 1.0		__DUMMY__ 0.4698160901899037 off 0.2672275889117954 neg 0.26295632089830095	false	0.5
versklavung	neg 1.0		__DUMMY__ 0.46698374366830553 off 0.27416903525389535 neg 0.2588472210777991	false	0.5
schlecht	neg 1.0		__DUMMY__ 0.46492768193955664 off 0.2806429625761763 neg 0.25442935548426704	false	0.5
verhasst	neg 1.0		__DUMMY__ 0.4634254633283443 off 0.27379458896494724 neg 0.26277994770670854	false	0.5
beschweren	neg 1.0		__DUMMY__ 0.46587029777658845 off 0.2755420594828965 neg 0.2585876427405151	false	0.5
scheiden	neg 1.0		__DUMMY__ 0.4688884282805971 off 0.2738764428582718 neg 0.2572351288611312	false	0.5
frustriert	neg 1.0		__DUMMY__ 0.46677429503257895 off 0.2713047446983821 neg 0.261920960269039	false	0.5
schimmelig	neg 1.0		__DUMMY__ 0.46618950127304587 off 0.2692547107202089 neg 0.2645557880067452	false	0.5
fisch	neg 1.0		__DUMMY__ 0.4683487259941565 off 0.2662932442376047 neg 0.26535802976823886	false	0.5
schmuggel	neg 1.0		__DUMMY__ 0.4693066713623887 off 0.2679105019385096 neg 0.2627828266991017	false	0.5
auffallen	neg 1.0		__DUMMY__ 0.46544830374046775 off 0.2764176527853956 neg 0.2581340434741366	false	0.5
konkurrenz	neg 1.0		__DUMMY__ 0.47027513413675814 off 0.26593220258248834 neg 0.2637926632807536	false	0.5
teufelskreis	neg 1.0	neg 1.0	neg 0.6192878955351998 __DUMMY__ 0.22623696706456303 off 0.15447513740023724	false	1.0
aufschreien	neg 1.0		__DUMMY__ 0.46433363735627803 off 0.2760959267868161 neg 0.2595704358569058	false	0.5
schuldner	neg 1.0		__DUMMY__ 0.46787749117286265 off 0.26607146359281275 neg 0.26605104523432455	false	0.5
missgeburt	off 1.0	off 1.0	off 0.6325020871489841 __DUMMY__ 0.22251173986088071 neg 0.14498617299013516	false	1.0
arbeitslos	neg 1.0		__DUMMY__ 0.4659904820078876 off 0.2694104555854474 neg 0.2645990624066649	false	0.5
befallen	neg 1.0		__DUMMY__ 0.46736893603986157 off 0.27132173810224297 neg 0.2613093258578954	false	0.5
miesepetrig	off 1.0	off 1.0	off 0.6288848018137628 __DUMMY__ 0.22571770148177392 neg 0.14539749670446325	false	1.0
alarmieren	neg 1.0		__DUMMY__ 0.46373598803094973 off 0.2778020416194941 neg 0.25846197034955615	false	0.5
ungeduscht	off 1.0		__DUMMY__ 0.4635681347448864 off 0.2777685433896345 neg 0.258663321865479	false	1.0
knappheit	neg 1.0		__DUMMY__ 0.4652981429196656 off 0.2683644812506598 neg 0.2663373758296745	false	0.5
schlange	neg 1.0		__DUMMY__ 0.4692618766617595 off 0.2763100184832925 neg 0.2544281048549481	false	0.5
harsch	neg 1.0		__DUMMY__ 0.4640698730601921 off 0.2858083499456804 neg 0.2501217769941274	false	0.5
lang	neg 1.0		__DUMMY__ 0.467758926087905 off 0.274596536606275 neg 0.25764453730582015	false	0.5
ziellos	neg 1.0		__DUMMY__ 0.4699765119506032 off 0.27012959425329464 neg 0.2598938937961024	false	0.5
selbstverliebt	neg 1.0		__DUMMY__ 0.4558924999757668 off 0.29112368776347664 neg 0.25298381226075645	false	0.5
beseitigen	neg 1.0		__DUMMY__ 0.4681202741837679 off 0.27162236705821513 neg 0.2602573587580168	false	0.5
dumm	off 1.0		__DUMMY__ 0.45982157802010576 off 0.28663452597908506 neg 0.25354389600080923	false	1.0
arbeitsloser	neg 1.0		__DUMMY__ 0.46834458852546124 off 0.27033992557042935 neg 0.26131548590410936	false	0.5
blitzen	neg 1.0		__DUMMY__ 0.4657399670902689 off 0.2770002993990959 neg 0.25725973351063514	false	0.5
hilflos	neg 1.0		__DUMMY__ 0.4670614201499591 off 0.27084140839658777 neg 0.26209717145345324	false	0.5
eklig	off 1.0		__DUMMY__ 0.457996337493463 off 0.28673432643266644 neg 0.2552693360738705	false	1.0
begriff			__DUMMY__ 0.4665119578805646 off 0.2721027456979963 neg 0.26138529642143893	false	0.0
hungersnot	neg 1.0		__DUMMY__ 0.4691755329764336 off 0.2707591848148552 neg 0.2600652822087112	false	0.5
ungesetzlich	neg 1.0		__DUMMY__ 0.46364762584383934 off 0.2728339629046421 neg 0.2635184112515185	false	0.5
verschwendung	neg 1.0		__DUMMY__ 0.4685649011957308 off 0.26805445312529125 neg 0.263380645678978	false	0.5
schmerzvoll	neg 1.0		__DUMMY__ 0.4663704882752856 off 0.27538871882138855 neg 0.2582407929033259	false	0.5
vorzeitig	neg 1.0		__DUMMY__ 0.4663697073610879 off 0.2767952588299273 neg 0.2568350338089847	false	0.5
unvollkommenheit	neg 1.0		__DUMMY__ 0.47123263308786834 off 0.27114446630871863 neg 0.2576229006034131	false	0.5
intervenieren	neg 1.0		__DUMMY__ 0.4679375776143526 off 0.26755603802793904 neg 0.2645063843577083	false	0.5
banause	off 1.0		__DUMMY__ 0.4556812808241669 off 0.2891784413902275 neg 0.2551402777856055	false	1.0
rebell	neg 1.0		__DUMMY__ 0.4703926028482522 neg 0.26567325213497084 off 0.2639341450167769	false	1.0
unlogisch	neg 1.0		__DUMMY__ 0.4611240811889236 off 0.28220661194056157 neg 0.25666930687051476	false	0.5
leiden	neg 1.0		__DUMMY__ 0.47047695394944944 off 0.2674341477573784 neg 0.2620888982931721	false	0.5
abschaffung	neg 1.0		__DUMMY__ 0.466628832248827 off 0.2734497109913655 neg 0.2599214567598075	false	0.5
sturz	neg 1.0		__DUMMY__ 0.4691890089628511 off 0.2742189086777323 neg 0.2565920823594165	false	0.5
verkleinerung	neg 1.0		__DUMMY__ 0.46322353617431605 off 0.275667320906059 neg 0.261109142919625	false	0.5
schmarotzer	off 1.0		__DUMMY__ 0.4649505565501652 off 0.2700063314016905 neg 0.26504311204814424	false	1.0
bestrafung	neg 1.0		__DUMMY__ 0.46666144857493147 off 0.27454395867071474 neg 0.25879459275435385	false	0.5
achtlos	neg 1.0	neg 1.0	neg 0.6173278407608319 __DUMMY__ 0.2277773143933871 off 0.15489484484578087	false	1.0
ungeheuer	neg 1.0		__DUMMY__ 0.46738426534383937 off 0.27678810492257394 neg 0.2558276297335866	false	0.5
unaufrichtig	neg 1.0		__DUMMY__ 0.4673273252629646 off 0.2775081829136954 neg 0.25516449182334	false	0.5
groggy	neg 1.0		__DUMMY__ 0.46623038928430227 off 0.27708760297560475 neg 0.25668200774009303	false	0.5
verletzlich	neg 1.0		__DUMMY__ 0.4624273829522469 off 0.2800752143241366 neg 0.25749740272361643	false	0.5
ablehnen	neg 1.0		__DUMMY__ 0.4670679283191956 off 0.26940748192729586 neg 0.2635245897535087	false	0.5
