unsolidarisch	neg 1.0		__DUMMY__ 0.8777903392185057 neg 0.06118949123405329 off 0.06102016954744097	false	1.0
nachteilig	neg 1.0		__DUMMY__ 0.8833147913928947 neg 0.05996511243846235 off 0.05672009616864303	false	1.0
skeptisch	neg 1.0		__DUMMY__ 0.8839280450316944 neg 0.05974534304191695 off 0.05632661192638876	false	1.0
schrecklich	neg 1.0		__DUMMY__ 0.8757618790610637 off 0.06985793101874947 neg 0.05438018992018681	false	0.5
schlapp	neg 1.0		__DUMMY__ 0.8791526128112415 off 0.06578167422237662 neg 0.055065712966381825	false	0.5
abfall	neg 1.0		__DUMMY__ 0.8877796500038445 neg 0.05937618308790956 off 0.05284416690824604	false	1.0
widerspenstig	neg 1.0		__DUMMY__ 0.8821382187682067 off 0.06086726933853011 neg 0.05699451189326307	false	0.5
abrupt	neg 1.0		__DUMMY__ 0.8876624477380357 off 0.05665291059612319 neg 0.05568464166584112	false	0.5
unwirksam	neg 1.0		__DUMMY__ 0.8774457131222368 neg 0.06189908285043205 off 0.06065520402733104	false	1.0
angreifen	neg 1.0		__DUMMY__ 0.8832987874035476 neg 0.06034560417708332 off 0.05635560841936899	false	1.0
inkonsistent	neg 1.0		__DUMMY__ 0.8791519788086587 off 0.06147745383659459 neg 0.0593705673547468	false	0.5
abrutschen	neg 1.0		__DUMMY__ 0.8861496689809435 neg 0.060470278094837 off 0.05338005292421963	false	1.0
unsicher	neg 1.0		__DUMMY__ 0.8828147197718599 off 0.06084607169448895 neg 0.05633920853365126	false	0.5
bauernkind	off 1.0	off 1.0	off 0.5234038053403623 __DUMMY__ 0.42896062910675514 neg 0.0476355655528826	false	1.0
angreifer	neg 1.0	neg 1.0	neg 0.5106229111662983 __DUMMY__ 0.44189407919078316 off 0.04748300964291856	false	1.0
trennen	neg 1.0		__DUMMY__ 0.8874153970594341 neg 0.0568069293145428 off 0.05577767362602319	false	1.0
schmutz	neg 1.0		__DUMMY__ 0.8859015479912021 off 0.06204895961079501 neg 0.052049492398002814	false	0.5
inkonsistenz	neg 1.0		__DUMMY__ 0.8727774930659106 off 0.06626765168360611 neg 0.060954855250483365	false	0.5
erschreckend	neg 1.0		__DUMMY__ 0.8805346452484046 off 0.06036668410272023 neg 0.059098670648875105	false	0.5
ertrinken	neg 1.0		__DUMMY__ 0.8849529401466971 neg 0.05846120328626393 off 0.05658585656703895	false	1.0
pickelface	off 1.0		__DUMMY__ 0.8833419238204404 off 0.05996932175443498 neg 0.05668875442512455	false	1.0
seiner			__DUMMY__ 0.8845422189704202 neg 0.05886954460714024 off 0.05658823642243954	false	0.0
lauch	neg 1.0		__DUMMY__ 0.888378406735623 neg 0.058040284120060875 off 0.05358130914431618	false	1.0
unwichtig	neg 1.0		__DUMMY__ 0.8761942315263574 off 0.06575921577101614 neg 0.05804655270262634	false	0.5
steuerhinterziehung	neg 1.0	neg 1.0	neg 0.5148803595068425 __DUMMY__ 0.44071531380830364 off 0.04440432668485385	false	1.0
schock	neg 1.0		__DUMMY__ 0.8838065031130282 off 0.06002994482043315 neg 0.056163552066538766	false	0.5
beule	neg 1.0		__DUMMY__ 0.8774052982871667 off 0.06668014290810556 neg 0.055914558804727774	false	0.5
vergelten	neg 1.0		__DUMMY__ 0.8797234211153235 off 0.06879224805081809 neg 0.0514843308338584	false	0.5
verdorbenheit	neg 1.0		__DUMMY__ 0.8854805146303177 off 0.061073496034557785 neg 0.05344598933512441	false	0.5
trauma	neg 1.0		__DUMMY__ 0.8812872652776557 off 0.061804009965858414 neg 0.05690872475648592	false	0.5
sinnlos	neg 1.0		__DUMMY__ 0.8802117888934233 off 0.06311764316451192 neg 0.05667056794206468	false	0.5
fettsack	off 1.0	off 1.0	off 0.5242922319581482 __DUMMY__ 0.43086675167281313 neg 0.044841016369038596	false	1.0
feige	off 1.0	off 1.0	off 0.520295952441824 __DUMMY__ 0.4348463723007465 neg 0.044857675257429466	false	1.0
abdanken	neg 1.0		__DUMMY__ 0.8827215080567142 off 0.060574065017152935 neg 0.056704426926132784	false	0.5
wichtigtuer	off 1.0	off 1.0	off 0.5184478694003832 __DUMMY__ 0.4368075484740136 neg 0.044744582125603054	false	1.0
misslingen	neg 1.0		__DUMMY__ 0.8880319916361497 off 0.06096509110507797 neg 0.051002917258772325	false	0.5
untreu	off 1.0		__DUMMY__ 0.8774914266148303 off 0.06618679065099205 neg 0.056321782734177754	false	1.0
missmutig	neg 1.0		__DUMMY__ 0.8793624956474423 off 0.06541293822393933 neg 0.05522456612861837	false	0.5
hurenbock	off 1.0		__DUMMY__ 0.8830295708839285 off 0.06244548423606574 neg 0.05452494488000581	false	1.0
betrunken	neg 1.0		__DUMMY__ 0.8779299336250207 off 0.06750734162203022 neg 0.05456272475294896	false	0.5
korrupt	off 1.0		__DUMMY__ 0.8789067156941226 neg 0.062238082085906386 off 0.05885520221997114	false	0.5
unmut	neg 1.0		__DUMMY__ 0.8868881359930479 neg 0.05956141193287512 off 0.05355045207407705	false	1.0
hackfresse	off 1.0		__DUMMY__ 0.8715648257005377 off 0.07329975470734407 neg 0.0551354195921183	false	1.0
aufblasen	neg 1.0		__DUMMY__ 0.8819114191183928 off 0.06255543873241957 neg 0.055533142149187566	false	0.5
gewaltsam	neg 1.0		__DUMMY__ 0.884228476027323 off 0.05944553891742751 neg 0.05632598505524944	false	0.5
unbeliebtheit	neg 1.0		__DUMMY__ 0.8763711800873554 off 0.06494310027875619 neg 0.05868571963388832	false	0.5
sturheit	neg 1.0		__DUMMY__ 0.8809300053058366 off 0.05986384883314634 neg 0.05920614586101707	false	0.5
kuh	neg 1.0		__DUMMY__ 0.8751072974200238 off 0.06299028354315969 neg 0.06190241903681662	false	0.5
erschrecken	neg 1.0		__DUMMY__ 0.8804006929345767 off 0.06516057612789967 neg 0.05443873093752373	false	0.5
opfer	neg 1.0		__DUMMY__ 0.8837934226698329 neg 0.0585203199501445 off 0.05768625738002276	false	1.0
sinken	neg 1.0		__DUMMY__ 0.8876659080978607 neg 0.05837113245257303 off 0.053962959449566215	false	1.0
stinktier	neg 1.0		__DUMMY__ 0.8682933466313693 off 0.07061739315691457 neg 0.06108926021171619	false	0.5
tucke	off 1.0		__DUMMY__ 0.8686662387785749 off 0.0742866817835265 neg 0.057047079437898725	false	1.0
ein			__DUMMY__ 0.8819397878564198 off 0.06173579306730225 neg 0.056324419076277964	false	0.0
abstieg	neg 1.0		__DUMMY__ 0.8858330524594294 neg 0.057541069213092585 off 0.056625878327477945	false	1.0
missverstehen	neg 1.0		__DUMMY__ 0.8763451655781281 off 0.06400901169221349 neg 0.05964582272965835	false	0.5
ergebnislos	neg 1.0		__DUMMY__ 0.8859558344433174 neg 0.05770481434886921 off 0.056339351207813436	false	1.0
unter			__DUMMY__ 0.8931806372063186 neg 0.058224682887707734 off 0.048594679905973666	false	0.0
manipulieren	neg 1.0		__DUMMY__ 0.8849510075882671 neg 0.05910684531925535 off 0.05594214709247758	false	1.0
unbewiesen	neg 1.0		__DUMMY__ 0.8765296014719355 neg 0.06246029284852583 off 0.061010105679538705	false	1.0
verschleppen	neg 1.0		__DUMMY__ 0.882789588610803 neg 0.05917853444626122 off 0.05803187694293567	false	1.0
weib	off 1.0		__DUMMY__ 0.8670507673274854 off 0.07408822103052809 neg 0.058861011641986476	false	1.0
opposition	neg 1.0		__DUMMY__ 0.879087765096659 off 0.06224708012250068 neg 0.058665154780840355	false	0.5
verkehrswidrig	neg 1.0		__DUMMY__ 0.8808264879365667 off 0.06939003516126112 neg 0.04978347690217221	false	0.5
inkorrekt	neg 1.0		__DUMMY__ 0.8725675737415263 off 0.06949209227870894 neg 0.05794033397976479	false	0.5
vermeiden	neg 1.0	neg 1.0	neg 0.5145541062170697 __DUMMY__ 0.4462610303156668 off 0.039184863467263645	false	1.0
abweichung	neg 1.0		__DUMMY__ 0.8834310777638055 neg 0.05913471531506436 off 0.05743420692113013	false	1.0
alkoholisiert	neg 1.0		__DUMMY__ 0.8864345739979181 neg 0.05759295428291298 off 0.05597247171916874	false	1.0
scheiss	off 1.0	off 1.0	off 0.5201236378583037 __DUMMY__ 0.4363952315402568 neg 0.043481130601439495	false	1.0
herausforderung	neg 1.0		__DUMMY__ 0.8848064153426428 neg 0.05913653367518793 off 0.05605705098216921	false	1.0
pervers	off 1.0		__DUMMY__ 0.8684388043237891 off 0.07667425945056003 neg 0.05488693622565101	false	1.0
wackelig	neg 1.0		__DUMMY__ 0.8870703613615935 off 0.058688819626919686 neg 0.05424081901148689	false	0.5
verwickeln	neg 1.0		__DUMMY__ 0.8767151143307073 off 0.06350093053790068 neg 0.059783955131392126	false	0.5
vorwand	neg 1.0		__DUMMY__ 0.8837535788720065 neg 0.060398891781909006 off 0.055847529346084474	false	1.0
muschi	off 1.0		__DUMMY__ 0.8831819853411583 off 0.06016455083582543 neg 0.05665346382301622	false	1.0
entmutigung	neg 1.0		__DUMMY__ 0.8807303979289637 off 0.06229148364599192 neg 0.05697811842504438	false	0.5
unangemessen	neg 1.0		__DUMMY__ 0.8791494134557077 neg 0.06124032384042002 off 0.05961026270387221	false	1.0
unstetig	neg 1.0		__DUMMY__ 0.8811655664969982 off 0.0631820644584604 neg 0.05565236904454137	false	0.5
entmutigen	neg 1.0		__DUMMY__ 0.8807565137082418 off 0.06182939042452483 neg 0.0574140958672334	false	0.5
schwanz	neg 1.0		__DUMMY__ 0.8848157383905693 neg 0.05764117391982864 off 0.057543087689602035	false	1.0
verbot	neg 1.0		__DUMMY__ 0.8824668808563757 neg 0.05908881889750158 off 0.05844430024612281	false	1.0
leid	neg 1.0		__DUMMY__ 0.8726008454276775 off 0.07138356998320634 neg 0.05601558458911613	false	0.5
archaisch	neg 1.0		__DUMMY__ 0.8817612314375233 off 0.05969597305236218 neg 0.058542795510114466	false	0.5
gegen			__DUMMY__ 0.8873720815292893 neg 0.05830174062444573 off 0.05432617784626506	false	0.0
scheidung	neg 1.0		__DUMMY__ 0.8717930405533852 off 0.08095486893203103 neg 0.047252090514583636	false	0.5
einschlag	neg 1.0		__DUMMY__ 0.8765352689772561 off 0.06862118154859538 neg 0.05484354947414852	false	0.5
m			__DUMMY__ 0.8846596394764029 off 0.058527365483462775 neg 0.056812995040134276	false	0.0
abgestanden	neg 1.0		__DUMMY__ 0.8802454495018098 off 0.060911225561815906 neg 0.05884332493637427	false	0.5
schmierig	off 1.0		__DUMMY__ 0.8749655492068422 off 0.07065564059955856 neg 0.05437881019359919	false	1.0
unpraktisch	neg 1.0		__DUMMY__ 0.8817245137946947 off 0.062159715800345634 neg 0.05611577040495956	false	0.5
wixxer	off 1.0		__DUMMY__ 0.8661454563193914 off 0.07689392696351541 neg 0.05696061671709314	false	1.0
bezeichnet			__DUMMY__ 0.8785976031212634 off 0.06121218492102409 neg 0.060190211957712396	false	0.0
jammerlappen	off 1.0		__DUMMY__ 0.8792657383223085 off 0.06578252666915062 neg 0.05495173500854085	false	1.0
farce	neg 1.0		__DUMMY__ 0.8819059907077449 off 0.05939430399376189 neg 0.05869970529849316	false	0.5
zwecklos	neg 1.0		__DUMMY__ 0.8806961227976671 neg 0.06006325760591469 off 0.059240619596418145	false	1.0
turbulent	neg 1.0		__DUMMY__ 0.8758643716566714 off 0.06703070524005124 neg 0.057104923103277284	false	0.5
invasion	neg 1.0		__DUMMY__ 0.8800289483894633 off 0.06284310378560856 neg 0.057127947824928096	false	0.5
schuld	neg 1.0		__DUMMY__ 0.8789926720107549 off 0.062179038080296865 neg 0.058828289908948214	false	0.5
risiko	neg 1.0	neg 1.0	neg 0.5113524984314256 __DUMMY__ 0.4418118961462132 off 0.0468356054223612	false	1.0
finster	neg 1.0		__DUMMY__ 0.8789498767206129 off 0.06179305853992168 neg 0.05925706473946546	false	0.5
geisteskrank	off 1.0		__DUMMY__ 0.8728482006651354 off 0.06765400762312179 neg 0.05949779171174291	false	1.0
zusammenbrechen	neg 1.0		__DUMMY__ 0.8825406545419849 off 0.059245680966013625 neg 0.05821366449200153	false	0.5
ausbeute	neg 1.0		__DUMMY__ 0.8919220352556583 off 0.05701395109492864 neg 0.0510640136494131	false	0.5
hinterhalt	neg 1.0		__DUMMY__ 0.8905068895766293 off 0.0589199634052577 neg 0.050573147018113	false	0.5
kritik	neg 1.0		__DUMMY__ 0.8814469216983016 neg 0.0593197016449872 off 0.05923337665671121	false	1.0
einschrumpfen	neg 1.0		__DUMMY__ 0.8772057163430443 off 0.0648673090209045 neg 0.05792697463605112	false	0.5
riskant	neg 1.0		__DUMMY__ 0.8821416721365687 neg 0.06096668017206595 off 0.056891647691365385	false	1.0
frustrieren	neg 1.0		__DUMMY__ 0.8824100035676401 neg 0.0598460448625254 off 0.05774395156983454	false	1.0
groll	neg 1.0		__DUMMY__ 0.8809273958755625 neg 0.06028643221789543 off 0.05878617190654214	false	1.0
gibt			__DUMMY__ 0.8828555433469957 off 0.05938162380238753 neg 0.057762832850616834	false	0.0
qualvoll	neg 1.0		__DUMMY__ 0.8804225673265607 off 0.06384781591591224 neg 0.05572961675752715	false	0.5
wackeln	neg 1.0		__DUMMY__ 0.8839576310442411 off 0.06166565280464261 neg 0.0543767161511163	false	0.5
klagen	neg 1.0		__DUMMY__ 0.885480673662241 neg 0.0602431806889762 off 0.05427614564878273	false	1.0
bankrott	neg 1.0		__DUMMY__ 0.8806205235973578 off 0.0648997413172671 neg 0.05447973508537513	false	0.5
trauern	neg 1.0		__DUMMY__ 0.8868037073823871 off 0.05716606281991013 neg 0.05603022979770275	false	0.5
ablehnung	neg 1.0		__DUMMY__ 0.8813661409406872 neg 0.059644586555294365 off 0.058989272504018433	false	1.0
stur	neg 1.0		__DUMMY__ 0.8792973245276472 off 0.0623204084703669 neg 0.05838226700198598	false	0.5
aufruhr	neg 1.0		__DUMMY__ 0.8831177870021907 off 0.05995324189919811 neg 0.056928971098611184	false	0.5
melancholie	neg 1.0		__DUMMY__ 0.8853495081825737 off 0.057596730379548725 neg 0.05705376143787759	false	0.5
ist			__DUMMY__ 0.8805380021063486 off 0.0628726634110799 neg 0.05658933448257157	false	0.0
torheit	neg 1.0		__DUMMY__ 0.8811708146282876 off 0.06137039376721227 neg 0.05745879160450011	false	0.5
dreckskind	off 1.0		__DUMMY__ 0.8694616743850163 off 0.07245045465784195 neg 0.05808787095714175	false	1.0
umtauschen	neg 1.0		__DUMMY__ 0.8829424274284663 off 0.06018074230617306 neg 0.05687683026536057	false	0.5
zum			__DUMMY__ 0.8936826491671704 neg 0.05466946483979269 off 0.051647885993036886	false	0.0
zersetzen	neg 1.0		__DUMMY__ 0.8824600593411113 neg 0.061433457817245414 off 0.05610648284164326	false	1.0
zur			__DUMMY__ 0.8911883210159766 neg 0.05752262492946699 off 0.05128905405455636	false	0.0
frust	neg 1.0		__DUMMY__ 0.8831181853152738 off 0.05929022207352576 neg 0.0575915926112004	false	0.5
unerbittlichkeit	neg 1.0		__DUMMY__ 0.8840564918179721 neg 0.059885991842884095 off 0.05605751633914379	false	1.0
zwei			__DUMMY__ 0.8920561220089122 neg 0.055237107912754095 off 0.05270677007833375	false	0.0
unkorrekt	neg 1.0		__DUMMY__ 0.8749613772195328 off 0.06892007156861414 neg 0.05611855121185306	false	0.5
hexe	off 1.0		__DUMMY__ 0.8751272309039179 off 0.06574931056477766 neg 0.05912345853130441	false	1.0
lasch	neg 1.0		__DUMMY__ 0.8762771129166177 off 0.06495055891312043 neg 0.058772328170261824	false	0.5
rivale	neg 1.0		__DUMMY__ 0.8763671491577093 off 0.06785734990375335 neg 0.05577550093853744	false	0.5
mutlos	off 1.0	off 1.0	off 0.5133731353174513 __DUMMY__ 0.44017866720486215 neg 0.046448197477686505	false	1.0
wirr	off 1.0		__DUMMY__ 0.8727066074714177 off 0.06967851705926592 neg 0.05761487546931642	false	1.0
jahr			__DUMMY__ 0.8929912670904505 off 0.05503528448897986 neg 0.051973448420569716	false	0.0
wird			__DUMMY__ 0.8830902398953816 neg 0.05872566982976344 off 0.05818409027485492	false	0.0
strafbar	neg 1.0		__DUMMY__ 0.8820905947716625 neg 0.06054037939314954 off 0.05736902583518791	false	1.0
erosion	neg 1.0		__DUMMY__ 0.883829008543716 off 0.06078289434119079 neg 0.05538809711509324	false	0.5
eingehen	neg 1.0		__DUMMY__ 0.8819056861500817 neg 0.060548688115745944 off 0.057545625734172275	false	1.0
faul	off 1.0		__DUMMY__ 0.8806818296221842 off 0.06477892012575706 neg 0.05453925025205884	false	1.0
provisorium	neg 1.0		__DUMMY__ 0.8943654893722988 neg 0.056583697572299564 off 0.049050813055401814	false	1.0
schmerzen	neg 1.0		__DUMMY__ 0.8809238661347754 neg 0.05956942419501124 off 0.059506709670213334	false	1.0
schrumpfen	neg 1.0		__DUMMY__ 0.8866908464682203 neg 0.06158445478426781 off 0.051724698747512	false	1.0
geistlos	off 1.0		__DUMMY__ 0.8751239946456258 off 0.06391163842731856 neg 0.06096436692705551	false	1.0
fehlkauf	neg 1.0		__DUMMY__ 0.8815915061019038 off 0.06271670267163962 neg 0.055691791226456566	false	0.5
frustrierend	neg 1.0		__DUMMY__ 0.8785927194632002 off 0.06480067835253814 neg 0.05660660218426168	false	0.5
unzufrieden	neg 1.0		__DUMMY__ 0.8806284461896886 neg 0.06041887992928638 off 0.05895267388102507	false	1.0
verzweifeln	neg 1.0		__DUMMY__ 0.881715009276673 off 0.06010283025774759 neg 0.058182160465579426	false	0.5
verzweifelt	neg 1.0	neg 1.0	neg 0.5154052195757283 __DUMMY__ 0.4373929089796246 off 0.04720187144464713	false	1.0
misstrauensantrag	neg 1.0		__DUMMY__ 0.8802637989097544 off 0.06283574065110507 neg 0.05690046043914062	false	0.5
abfallen	neg 1.0		__DUMMY__ 0.8836390154410082 off 0.06147674278253658 neg 0.054884241776455164	false	0.5
fucker	off 1.0		__DUMMY__ 0.8774267210036895 off 0.06867732048096721 neg 0.053895958515343276	false	1.0
ungezogen	neg 1.0		__DUMMY__ 0.8696596834887087 off 0.07577215481795861 neg 0.05456816169333258	false	0.5
irrsinnig	neg 1.0	neg 1.0	neg 0.5148037466806075 __DUMMY__ 0.43800859911800677 off 0.04718765420138579	false	1.0
unfassbar	neg 1.0		__DUMMY__ 0.8783757402120691 off 0.06689707945451635 neg 0.054727180333414505	false	0.5
hart	neg 1.0		__DUMMY__ 0.8778062063837132 off 0.06628506748412043 neg 0.055908726132166374	false	0.5
widerlich	off 1.0		__DUMMY__ 0.8747873863558807 off 0.06754819355099677 neg 0.05766442009312252	false	1.0
fatal	neg 1.0		__DUMMY__ 0.8802279521432176 off 0.06325463696861305 neg 0.0565174108881694	false	0.5
bruch	neg 1.0		__DUMMY__ 0.8865751802420643 neg 0.058760384363064126 off 0.05466443539487163	false	1.0
aushungern	neg 1.0		__DUMMY__ 0.8831513297476911 off 0.05933268180824972 neg 0.057515988444059175	false	0.5
anspannung	neg 1.0		__DUMMY__ 0.8923415441596101 neg 0.05576397657871479 off 0.051894479261675085	false	1.0
von			__DUMMY__ 0.8946785708492759 off 0.055075572090040666 neg 0.0502458570606834	false	0.0
kraftlos	neg 1.0		__DUMMY__ 0.8844121817642934 off 0.05857660637376887 neg 0.05701121186193772	false	0.5
vom			__DUMMY__ 0.8961693382335071 neg 0.0544050664368871 off 0.04942559532960589	false	0.0
grenzdebil	off 1.0		__DUMMY__ 0.8784656931148098 off 0.06713639752360467 neg 0.05439790936158551	false	1.0
vor			__DUMMY__ 0.887731255531288 neg 0.057144088241228186 off 0.05512465622748382	false	0.0
unterwerfen	neg 1.0		__DUMMY__ 0.8833805046739126 neg 0.05898587442876034 off 0.05763362089732713	false	1.0
versenkung	neg 1.0		__DUMMY__ 0.8854139653552465 off 0.057798457061044944 neg 0.0567875775837085	false	0.5
entziehen	neg 1.0		__DUMMY__ 0.8852010426079066 neg 0.060043670148066317 off 0.05475528724402723	false	1.0
finanzkrise	neg 1.0		__DUMMY__ 0.8806741671618079 off 0.05990594123799529 neg 0.059419891600196714	false	0.5
schimpfend	neg 1.0		__DUMMY__ 0.8806364168781511 off 0.06251201347239488 neg 0.056851569649454016	false	0.5
profan	neg 1.0		__DUMMY__ 0.8788504680781765 off 0.06358881062395753 neg 0.05756072129786602	false	0.5
korruption	neg 1.0		__DUMMY__ 0.8827748832161701 neg 0.05908022074619124 off 0.058144896037638685	false	1.0
â			__DUMMY__ 0.8856570444635236 off 0.05800212342679581 neg 0.0563408321096806	false	0.0
schmutzig	neg 1.0		__DUMMY__ 0.8789847892424351 off 0.06756809441717587 neg 0.053447116340389025	false	0.5
sexy	neg 1.0		__DUMMY__ 0.8805988461762488 off 0.06446918030955234 neg 0.05493197351419891	false	0.5
abraten	neg 1.0		__DUMMY__ 0.8805332199850476 off 0.06284108281332725 neg 0.05662569720162523	false	0.5
schwarz	neg 1.0		__DUMMY__ 0.8804913519432345 off 0.06253611710289537 neg 0.05697253095387014	false	0.5
fotze	off 1.0	off 1.0	off 0.5145012343295408 __DUMMY__ 0.4424443660874286 neg 0.04305439958303071	false	1.0
verwirren	neg 1.0		__DUMMY__ 0.8791233343120183 off 0.06409132997221763 neg 0.05678533571576417	false	0.5
zahnlos	off 1.0		__DUMMY__ 0.8811743724675554 off 0.059749908654904677 neg 0.059075718877539964	false	1.0
verheeren	neg 1.0		__DUMMY__ 0.8705652896074535 off 0.07719516506943398 neg 0.05223954532311253	false	0.5
hippie	neg 1.0		__DUMMY__ 0.8805638518126226 off 0.06418561661762648 neg 0.05525053156975084	false	0.5
rammen	neg 1.0		__DUMMY__ 0.879387615900655 off 0.062004387940978636 neg 0.058607996158366336	false	0.5
unlauter	neg 1.0		__DUMMY__ 0.8781895742312332 off 0.06195545072762995 neg 0.059854975041136724	false	0.5
unheilvoll	neg 1.0		__DUMMY__ 0.8817458062631399 off 0.06245187342444931 neg 0.05580232031241076	false	0.5
niedrig	neg 1.0		__DUMMY__ 0.8821788245759843 neg 0.061633284130999666 off 0.05618789129301607	false	1.0
explosion	neg 1.0		__DUMMY__ 0.8800286807322597 off 0.06360265277542486 neg 0.05636866649231544	false	0.5
weichei	off 1.0	off 1.0	off 0.5244853356081962 __DUMMY__ 0.43275408962660533 neg 0.04276057476519849	false	1.0
minusmensch	off 1.0		__DUMMY__ 0.8679514329128064 off 0.07499487327343922 neg 0.05705369381375432	false	1.0
farblos	neg 1.0		__DUMMY__ 0.8833791555966963 off 0.06008433336768992 neg 0.05653651103561384	false	0.5
unwissend	neg 1.0	neg 1.0	neg 0.5139863747537969 __DUMMY__ 0.43603129140359337 off 0.04998233384260975	false	1.0
traurig	neg 1.0		__DUMMY__ 0.8767738135555859 off 0.06915728114648793 neg 0.05406890529792614	false	0.5
senkung	neg 1.0		__DUMMY__ 0.8775517018940644 off 0.0634405506890065 neg 0.0590077474169291	false	0.5
ungleich	neg 1.0	neg 1.0	neg 0.5165871227768636 __DUMMY__ 0.4405607579757582 off 0.042852119247378195	false	1.0
heikel	neg 1.0		__DUMMY__ 0.8822016413918041 neg 0.0609454394159639 off 0.05685291919223205	false	1.0
drosselung	neg 1.0		__DUMMY__ 0.877545684308269 off 0.0668436728005565 neg 0.05561064289117457	false	0.5
falsch	neg 1.0		__DUMMY__ 0.8776829967505169 off 0.06496655545314406 neg 0.057350447796339	false	0.5
unzufriedenheit	neg 1.0		__DUMMY__ 0.8845186668612675 neg 0.06001699141358205 off 0.05546434172515051	false	1.0
kurz	neg 1.0		__DUMMY__ 0.8859506806842498 off 0.05931200570480505 neg 0.05473731361094514	false	0.5
unsinnig	neg 1.0		__DUMMY__ 0.8796886048154967 neg 0.06044460085161096 off 0.05986679433289239	false	1.0
penner	off 1.0	off 1.0	off 0.5256744263888611 __DUMMY__ 0.4324594112279782 neg 0.04186616238316067	false	1.0
seicht	neg 1.0		__DUMMY__ 0.8677351181636983 off 0.07552119362269388 neg 0.056743688213607764	false	0.5
dummheit	off 1.0	off 1.0	off 0.5186631432422274 __DUMMY__ 0.4364782134217824 neg 0.04485864333599017	false	1.0
unerfreulich	neg 1.0		__DUMMY__ 0.8844873930003717 neg 0.059577626773076806 off 0.0559349802265515	false	1.0
motherfucker	off 1.0	off 1.0	off 0.5216885037434194 __DUMMY__ 0.4365042320060485 neg 0.0418072642505322	false	1.0
pikiert	neg 1.0		__DUMMY__ 0.8761059966615696 off 0.06682136814235637 neg 0.05707263519607398	false	0.5
wrack	neg 1.0		__DUMMY__ 0.8855868061881107 off 0.058440571179751453 neg 0.05597262263213788	false	0.5
gangster	neg 1.0		__DUMMY__ 0.8804634980379655 off 0.06419757433599732 neg 0.055338927626037204	false	0.5
krank	neg 1.0		__DUMMY__ 0.8788976203915572 off 0.06695045999415568 neg 0.05415191961428722	false	0.5
reich	neg 1.0		__DUMMY__ 0.8809169243284687 off 0.0658570601534645 neg 0.05322601551806671	false	0.5
gnadenlos	neg 1.0		__DUMMY__ 0.8798131115223361 off 0.06227268789289129 neg 0.05791420058477251	false	0.5
niedergeschlagen	neg 1.0		__DUMMY__ 0.8833897453034957 off 0.05953818278873728 neg 0.05707207190776711	false	0.5
terrorisieren	off 1.0	off 1.0	off 0.5135332530335528 __DUMMY__ 0.4418513448887841 neg 0.044615402077663104	false	1.0
sinnlosigkeit	neg 1.0		__DUMMY__ 0.881768325419596 off 0.059177485104928415 neg 0.05905418947547555	false	0.5
behindern	neg 1.0		__DUMMY__ 0.8828489854980126 off 0.06008002392160016 neg 0.05707099058038717	false	0.5
undemokratisch	neg 1.0		__DUMMY__ 0.8801790249006964 off 0.062102461400100596 neg 0.05771851369920293	false	0.5
wirtschaftskrise	neg 1.0		__DUMMY__ 0.8823558486868052 neg 0.05969024022406909 off 0.05795391108912583	false	1.0
neid	neg 1.0		__DUMMY__ 0.8807251430640224 off 0.06460701674362242 neg 0.054667840192355245	false	0.5
rutschen	neg 1.0		__DUMMY__ 0.8927536721680406 neg 0.05470194666273421 off 0.05254438116922513	false	1.0
rezession	neg 1.0		__DUMMY__ 0.8696648930667357 off 0.06962985128098012 neg 0.0607052556522842	false	0.5
fehlgeburt	neg 1.0		__DUMMY__ 0.8822667754295389 off 0.06238024564041776 neg 0.05535297893004347	false	0.5
charakterschwach	off 1.0		__DUMMY__ 0.8749280033954021 off 0.06744096603646998 neg 0.057631030568127815	false	1.0
isolation	neg 1.0		__DUMMY__ 0.8797164377358534 off 0.06440916195440533 neg 0.05587440030974121	false	0.5
ablenkung	neg 1.0		__DUMMY__ 0.8828966358906284 off 0.06101926408774962 neg 0.05608410002162198	false	0.5
pech	neg 1.0		__DUMMY__ 0.8792090300634262 off 0.06422526114576811 neg 0.056565708790805594	false	0.5
vermeidung	neg 1.0		__DUMMY__ 0.8781934679872967 off 0.06700443142910734 neg 0.054802100583596	false	0.5
dominieren	neg 1.0		__DUMMY__ 0.8853116942797249 neg 0.05746212647535414 off 0.05722617924492094	false	1.0
schwindlig	neg 1.0		__DUMMY__ 0.8823828997644261 off 0.06268547392476082 neg 0.05493162631081319	false	0.5
lutscher	neg 1.0		__DUMMY__ 0.8685947705648984 off 0.07570446377929059 neg 0.05570076565581094	false	0.5
pflicht	neg 1.0		__DUMMY__ 0.8835084288634085 neg 0.060637548689267115 off 0.05585402244732434	false	1.0
faschist	off 1.0		__DUMMY__ 0.8793921997915455 off 0.06451253232049346 neg 0.056095267887961014	false	1.0
verschleudern	neg 1.0		__DUMMY__ 0.8826600274837949 neg 0.06070218266538822 off 0.056637789850816765	false	1.0
wenn			__DUMMY__ 0.8784418343018761 off 0.06513208782078617 neg 0.05642607787733786	false	0.0
ehebruch	neg 1.0		__DUMMY__ 0.8831752271779872 neg 0.058716061508387526 off 0.05810871131362521	false	1.0
spott	off 1.0		__DUMMY__ 0.8826950703386971 neg 0.05961211102425968 off 0.05769281863704326	false	0.5
trostlosigkeit	neg 1.0		__DUMMY__ 0.8873241460575454 neg 0.057522629091054094 off 0.055153224851400645	false	1.0
lutschen	neg 1.0		__DUMMY__ 0.8780797512468673 off 0.06462867705671554 neg 0.05729157169641701	false	0.5
undiszipliniert	neg 1.0		__DUMMY__ 0.8755378094760244 off 0.06860347888574461 neg 0.055858711638231036	false	0.5
kopfschmerz	neg 1.0		__DUMMY__ 0.8818212564472586 neg 0.05962683966519241 off 0.058551903887548974	false	1.0
unvorhergesehen	neg 1.0		__DUMMY__ 0.8892247679640131 off 0.05592118600519924 neg 0.05485404603078769	false	0.5
desinteressiert	neg 1.0	neg 1.0	neg 0.5128123761718159 __DUMMY__ 0.43548326448414276 off 0.05170435934404144	false	1.0
armselig	off 1.0		__DUMMY__ 0.8728501098750381 off 0.06949155646869455 neg 0.05765833365626742	false	1.0
desaster	neg 1.0		__DUMMY__ 0.8860536114348773 neg 0.05982080424055807 off 0.054125584324564685	false	1.0
tod	neg 1.0		__DUMMY__ 0.8879041883268736 off 0.05784046339926863 neg 0.054255348273857924	false	0.5
herzlos	neg 1.0		__DUMMY__ 0.8748402279620755 off 0.06928162587339519 neg 0.05587814616452932	false	0.5
unwissenheit	neg 1.0		__DUMMY__ 0.8815506121549966 neg 0.0595737866977586 off 0.05887560114724486	false	1.0
widersinnig	neg 1.0		__DUMMY__ 0.8784103531460519 neg 0.06256095637054197 off 0.059028690483406046	false	1.0
bedenklich	neg 1.0		__DUMMY__ 0.8814129122518413 neg 0.06058554727379102 off 0.05800154047436779	false	1.0
beanstanden	neg 1.0		__DUMMY__ 0.8843090426924556 neg 0.060253204641039705 off 0.05543775266650483	false	1.0
panisch	neg 1.0	neg 1.0	neg 0.5104975827398661 __DUMMY__ 0.44176387597458083 off 0.04773854128555309	false	1.0
debil	off 1.0		__DUMMY__ 0.8922480414113834 neg 0.0579433206652283 off 0.04980863792338839	false	0.5
abstrich	neg 1.0		__DUMMY__ 0.8895999400629901 off 0.05900734206888471 neg 0.05139271786812502	false	0.5
primitiv	neg 1.0		__DUMMY__ 0.8742188426550587 off 0.06775790220765722 neg 0.058023255137283965	false	0.5
abschaum	off 1.0	off 1.0	off 0.5203998441749773 __DUMMY__ 0.4360962420599637 neg 0.04350391376505894	false	1.0
provozieren	neg 1.0		__DUMMY__ 0.8780491988819018 off 0.06210260524890953 neg 0.05984819586918863	false	0.5
tot	neg 1.0		__DUMMY__ 0.8832992188956463 neg 0.0587074656542557 off 0.05799331545009803	false	1.0
instabil	neg 1.0		__DUMMY__ 0.8755852110207263 off 0.0687818871813418 neg 0.055632901797931913	false	0.5
schwuchtel	off 1.0	off 1.0	off 0.5301354466239274 __DUMMY__ 0.42795074681001966 neg 0.041913806566052876	false	1.0
zerren	neg 1.0		__DUMMY__ 0.8835999413691524 off 0.05914773735796379 neg 0.05725232127288368	false	0.5
kinderficker	off 1.0		__DUMMY__ 0.8737125860022018 off 0.07202864436568551 neg 0.054258769632112736	false	1.0
gefahr	neg 1.0		__DUMMY__ 0.8865077681792835 neg 0.05818522750498477 off 0.055307004315731795	false	1.0
rabiat	neg 1.0		__DUMMY__ 0.8816332756550564 off 0.06122738250640445 neg 0.05713934183853904	false	0.5
verlangsamung	neg 1.0		__DUMMY__ 0.8679089030645752 off 0.07354851900331676 neg 0.05854257793210803	false	0.5
ausgestorben	neg 1.0		__DUMMY__ 0.8828077332835195 off 0.06086442403841525 neg 0.056327842678065315	false	0.5
anklagen	neg 1.0		__DUMMY__ 0.8837685478439404 off 0.05828180374302679 neg 0.05794964841303272	false	0.5
trott	neg 1.0		__DUMMY__ 0.8826486642004524 off 0.06046820713441351 neg 0.05688312866513416	false	0.5
verminderung	neg 1.0		__DUMMY__ 0.8760159125608064 off 0.06726923190957206 neg 0.0567148555296217	false	0.5
nach			__DUMMY__ 0.8930833983767691 neg 0.05540630591283976 off 0.05151029571039116	false	0.0
rost	neg 1.0		__DUMMY__ 0.8724237002651885 off 0.07209381601461946 neg 0.0554824837201922	false	0.5
destruktiv	neg 1.0		__DUMMY__ 0.8792626599484061 off 0.060925840044493224 neg 0.059811500007100754	false	0.5
unzumutbarkeit	neg 1.0		__DUMMY__ 0.8793933269303938 off 0.06616630040345009 neg 0.054440372666156124	false	0.5
labil	off 1.0	off 1.0	off 0.5197995811399923 __DUMMY__ 0.43725073224003386 neg 0.042949686619973816	false	1.0
ziemlich	neg 1.0		__DUMMY__ 0.8792056451334779 off 0.06666656879544296 neg 0.05412778607107912	false	0.5
lachnummer	off 1.0		__DUMMY__ 0.879131041898827 off 0.06174571157786803 neg 0.059123246523305036	false	1.0
oder			__DUMMY__ 0.8826094319225913 off 0.06164284846550562 neg 0.05574771961190298	false	0.0
verfall	neg 1.0		__DUMMY__ 0.888176065549857 neg 0.06005307817712046 off 0.0517708562730226	false	1.0
ausgrenzung	neg 1.0		__DUMMY__ 0.8802523637241468 off 0.06268240864496304 neg 0.05706522763089019	false	0.5
unordnung	neg 1.0		__DUMMY__ 0.8805756972410421 off 0.068520901360488 neg 0.05090340139846979	false	0.5
fehlverhalten	neg 1.0		__DUMMY__ 0.8817568257318816 neg 0.061785776909676654 off 0.056457397358441685	false	1.0
eine			__DUMMY__ 0.8866304773506586 neg 0.05777343304562428 off 0.055596089603717105	false	0.0
nille	neg 1.0		__DUMMY__ 0.8837400887297711 off 0.060620547760440756 neg 0.05563936350978829	false	0.5
qual	neg 1.0		__DUMMY__ 0.8829262396942261 off 0.060106958423406014 neg 0.05696680188236788	false	0.5
verschwenden	neg 1.0		__DUMMY__ 0.8818644578522633 neg 0.06088780246344714 off 0.05724773968428961	false	1.0
riesig	neg 1.0		__DUMMY__ 0.8857898728367549 off 0.05738682926196664 neg 0.05682329790127849	false	0.5
verurteilen	neg 1.0		__DUMMY__ 0.8803551119942785 neg 0.06076921191355197 off 0.05887567609216948	false	1.0
klischee	neg 1.0	neg 1.0	neg 0.5142495487603321 __DUMMY__ 0.4366149164895342 off 0.049135534750133776	false	1.0
diktatorisch	neg 1.0		__DUMMY__ 0.8796302972977859 off 0.062320951640787464 neg 0.058048751061426644	false	0.5
vorhersehbar	neg 1.0		__DUMMY__ 0.8765429470574119 off 0.06431161921508738 neg 0.05914543372750073	false	0.5
sowie			__DUMMY__ 0.873147673949624 off 0.07131510280239664 neg 0.05553722324797938	false	0.0
stornieren	neg 1.0		__DUMMY__ 0.8865288655550012 off 0.06257641723480846 neg 0.05089471721019043	false	0.5
besteuerung	neg 1.0		__DUMMY__ 0.8775038788545154 off 0.06140610346644673 neg 0.06109001767903787	false	0.5
ungeschminkt	neg 1.0		__DUMMY__ 0.873889143978812 off 0.06712189051577142 neg 0.0589889655054166	false	0.5
kritisch	neg 1.0		__DUMMY__ 0.8822228794634293 neg 0.05997535984199691 off 0.0578017606945739	false	1.0
schlamperei	off 1.0		__DUMMY__ 0.8856172952909583 neg 0.05788852891170474 off 0.05649417579733693	false	0.5
sucht	neg 1.0	neg 1.0	neg 0.5078608513676709 __DUMMY__ 0.44595335795642926 off 0.04618579067589983	false	1.0
egoistisch	off 1.0		__DUMMY__ 0.8710575556215142 off 0.07208318356059944 neg 0.056859260817886365	false	1.0
ausbeuter	off 1.0		__DUMMY__ 0.8808710019025617 neg 0.06268420605120946 off 0.05644479204622874	false	0.5
arschgeburt	off 1.0		__DUMMY__ 0.8633464943120395 off 0.0796361157511073 neg 0.05701738993685325	false	1.0
schubs	neg 1.0		__DUMMY__ 0.8836108741126641 off 0.0586447786763885 neg 0.057744347210947414	false	0.5
unsolide	neg 1.0		__DUMMY__ 0.8782896408594494 off 0.06285643570398813 neg 0.058853923436562504	false	0.5
beschwerde	neg 1.0		__DUMMY__ 0.8835920882709137 neg 0.059168865742363 off 0.057239045986723185	false	1.0
stocken	neg 1.0		__DUMMY__ 0.8850266630642486 neg 0.05822128035253439 off 0.056752056583217	false	1.0
isolieren	neg 1.0		__DUMMY__ 0.8833494583997714 neg 0.05845610589441669 off 0.05819443570581193	false	1.0
unheilbar	neg 1.0		__DUMMY__ 0.8815078733312977 off 0.06143729248990673 neg 0.0570548341787955	false	0.5
pisser	off 1.0		__DUMMY__ 0.8745546952113288 off 0.06900047641323134 neg 0.05644482837543986	false	1.0
löschen	neg 1.0		__DUMMY__ 0.8825589199937537 off 0.06084159082141348 neg 0.056599489184832805	false	0.5
durchfallen	neg 1.0		__DUMMY__ 0.880158911335267 neg 0.06149405666180323 off 0.0583470320029298	false	1.0
wichser	off 1.0	off 1.0	off 0.5279835118055167 __DUMMY__ 0.43057648242047236 neg 0.041440005774010955	false	1.0
terror	neg 1.0		__DUMMY__ 0.8808182857316931 off 0.06368096822868564 neg 0.05550074603962123	false	0.5
krass	neg 1.0		__DUMMY__ 0.8748053630426047 off 0.06966872927457027 neg 0.055525907682825046	false	0.5
revolte	neg 1.0		__DUMMY__ 0.8811465242684406 off 0.06308886420039767 neg 0.055764611531161766	false	0.5
besorgt	neg 1.0		__DUMMY__ 0.8875239741768721 off 0.059214483785109795 neg 0.0532615420380181	false	0.5
nachlassen	neg 1.0		__DUMMY__ 0.8875147736081774 off 0.056392569670800086 neg 0.05609265672102254	false	0.5
alt	neg 1.0		__DUMMY__ 0.8827582521408103 neg 0.05919371524335553 off 0.058048032615834175	false	1.0
hundesohn	off 1.0		__DUMMY__ 0.8690522320369808 off 0.07629874225641667 neg 0.05464902570660257	false	1.0
als			__DUMMY__ 0.8827710601593649 off 0.05899999126192785 neg 0.05822894857870724	false	0.0
abschreckung	neg 1.0		__DUMMY__ 0.8844474544042463 neg 0.060262178753514396 off 0.05529036684223924	false	1.0
unqualifiziert	neg 1.0		__DUMMY__ 0.8755824051243236 off 0.06519093082414096 neg 0.05922666405153536	false	0.5
abgewichst	off 1.0		__DUMMY__ 0.8842210603667471 off 0.05983218404804522 neg 0.05594675558520767	false	1.0
schwer	neg 1.0		__DUMMY__ 0.8808407586572066 off 0.06054553108639965 neg 0.05861371025639377	false	0.5
bedeutungslosigkeit	neg 1.0		__DUMMY__ 0.8838791427283236 neg 0.05981688181798315 off 0.056303975453693145	false	1.0
kapitulation	neg 1.0		__DUMMY__ 0.8843945057887833 neg 0.05807741911507305 off 0.05752807509614371	false	1.0
unscharf	neg 1.0		__DUMMY__ 0.8781509308750483 off 0.06289976390187224 neg 0.058949305223079576	false	0.5
schwinden	neg 1.0		__DUMMY__ 0.8853194239875084 neg 0.058743390610735594 off 0.05593718540175602	false	1.0
versklavung	neg 1.0		__DUMMY__ 0.8815463647868851 off 0.06183595653930929 neg 0.0566176786738056	false	0.5
schlecht	neg 1.0		__DUMMY__ 0.8787860910132489 off 0.06688833057076027 neg 0.05432557841599082	false	0.5
verhasst	neg 1.0		__DUMMY__ 0.8764776027182318 off 0.06265236637761253 neg 0.06087003090415569	false	0.5
beschweren	neg 1.0		__DUMMY__ 0.8799255391669564 off 0.0630314307764601 neg 0.05704303005658361	false	0.5
scheiden	neg 1.0		__DUMMY__ 0.8844756186069248 off 0.060448201771173216 neg 0.05507617962190196	false	0.5
frustriert	neg 1.0		__DUMMY__ 0.8810326977373624 off 0.05977757672577965 neg 0.05918972553685797	false	0.5
schimmelig	neg 1.0		__DUMMY__ 0.8807182088957312 neg 0.061524759336305516 off 0.05775703176796338	false	1.0
fisch	neg 1.0		__DUMMY__ 0.8838414681269187 neg 0.061322164177240034 off 0.054836367695841375	false	1.0
schmuggel	neg 1.0		__DUMMY__ 0.884567701768349 neg 0.05888047838332129 off 0.05655181984832963	false	1.0
auffallen	neg 1.0		__DUMMY__ 0.8793941260221978 off 0.06374352887836525 neg 0.056862345099437085	false	0.5
konkurrenz	neg 1.0		__DUMMY__ 0.8857722579789287 neg 0.05926971066984092 off 0.05495803135123052	false	1.0
teufelskreis	neg 1.0	neg 1.0	neg 0.5157202754903946 __DUMMY__ 0.43818991468431284 off 0.046089809825292524	false	1.0
aufschreien	neg 1.0		__DUMMY__ 0.8778627718811899 off 0.06389346259809085 neg 0.058243765520719255	false	0.5
schuldner	neg 1.0		__DUMMY__ 0.8827259026982357 neg 0.061591581427351334 off 0.05568251587441293	false	1.0
missgeburt	off 1.0	off 1.0	off 0.5251136638095703 __DUMMY__ 0.4316807687665749 neg 0.04320556742385485	false	1.0
arbeitslos	neg 1.0		__DUMMY__ 0.8798987245995159 neg 0.06134225899333182 off 0.05875901640715234	false	1.0
befallen	neg 1.0		__DUMMY__ 0.882073393077281 off 0.05955113028168777 neg 0.05837547664103107	false	0.5
miesepetrig	off 1.0	off 1.0	off 0.5200685915393203 __DUMMY__ 0.43765332147475194 neg 0.0422780869859279	false	1.0
alarmieren	neg 1.0		__DUMMY__ 0.8770039600795259 off 0.06550063623171255 neg 0.05749540368876169	false	0.5
ungeduscht	off 1.0		__DUMMY__ 0.8772090294795604 off 0.06472755668043786 neg 0.058063413840001826	false	1.0
knappheit	neg 1.0		__DUMMY__ 0.8792296397014722 neg 0.06267986623014687 off 0.05809049406838101	false	1.0
schlange	neg 1.0		__DUMMY__ 0.8847001853622485 off 0.062318454756538376 neg 0.05298135988121316	false	0.5
harsch	neg 1.0		__DUMMY__ 0.8776272698228086 off 0.07076697085604358 neg 0.05160575932114782	false	0.5
lang	neg 1.0		__DUMMY__ 0.8825034474513963 off 0.061688216446918145 neg 0.05580833610168558	false	0.5
ziellos	neg 1.0		__DUMMY__ 0.8854646828142886 off 0.057846674995132435 neg 0.05668864219057893	false	0.5
selbstverliebt	neg 1.0		__DUMMY__ 0.8665143016743788 off 0.07724922488475468 neg 0.05623647344086654	false	0.5
beseitigen	neg 1.0		__DUMMY__ 0.8832517635069947 off 0.05937146462545246 neg 0.05737677186755283	false	0.5
dumm	off 1.0		__DUMMY__ 0.871999754062631 off 0.0726602145943393 neg 0.05534003134302964	false	1.0
arbeitsloser	neg 1.0		__DUMMY__ 0.8832002779183306 off 0.05878868955816565 neg 0.058011032523503814	false	0.5
blitzen	neg 1.0		__DUMMY__ 0.8798258514741716 off 0.06406606472628078 neg 0.05610808379954764	false	0.5
hilflos	neg 1.0		__DUMMY__ 0.8814855720149962 off 0.05927391235511315 neg 0.05924051562989066	false	0.5
eklig	off 1.0		__DUMMY__ 0.8694512789990497 off 0.0732350699068227 neg 0.05731365109412756	false	1.0
begriff			__DUMMY__ 0.8808209747759712 off 0.0604322883462624 neg 0.058746736877766326	false	0.0
hungersnot	neg 1.0		__DUMMY__ 0.8845709535395803 off 0.05858896967196514 neg 0.05684007678845454	false	0.5
ungesetzlich	neg 1.0		__DUMMY__ 0.8768422431091658 off 0.0621313101076851 neg 0.061026446783149134	false	0.5
verschwendung	neg 1.0		__DUMMY__ 0.8835022085553728 neg 0.059616300123580636 off 0.05688149132104653	false	1.0
schmerzvoll	neg 1.0		__DUMMY__ 0.8806476632257688 off 0.06269285444437135 neg 0.05665948232985989	false	0.5
vorzeitig	neg 1.0		__DUMMY__ 0.880803843003108 off 0.06361601832953502 neg 0.05558013866735697	false	0.5
unvollkommenheit	neg 1.0		__DUMMY__ 0.887642250586331 off 0.05790361410493524 neg 0.05445413530873382	false	0.5
intervenieren	neg 1.0		__DUMMY__ 0.88271273813954 neg 0.060430025979929726 off 0.056857235880530294	false	1.0
banause	off 1.0		__DUMMY__ 0.8662798185453343 off 0.07574907913358749 neg 0.057971102321078175	false	1.0
rebell	neg 1.0		__DUMMY__ 0.886315756794239 neg 0.06078007126665409 off 0.052904171939106945	false	1.0
unlogisch	neg 1.0		__DUMMY__ 0.8736724309112052 off 0.0691222537731954 neg 0.057205315315599456	false	0.5
leiden	neg 1.0		__DUMMY__ 0.8865283733572431 neg 0.0580983665884676 off 0.0553732600542892	false	1.0
abschaffung	neg 1.0		__DUMMY__ 0.881134137770011 off 0.061280685138097556 neg 0.057585177091891454	false	0.5
sturz	neg 1.0		__DUMMY__ 0.8845738697186972 off 0.06096547149612438 neg 0.05446065878517847	false	0.5
verkleinerung	neg 1.0		__DUMMY__ 0.8764216533131303 off 0.06395217071684366 neg 0.05962617597002598	false	0.5
schmarotzer	off 1.0		__DUMMY__ 0.8785292919943647 neg 0.0619181158581674 off 0.05955259214746797	false	0.5
bestrafung	neg 1.0		__DUMMY__ 0.8810547074763857 off 0.06211498833472497 neg 0.05683030418888939	false	0.5
achtlos	neg 1.0	neg 1.0	neg 0.5131776550666768 __DUMMY__ 0.44112924476711063 off 0.04569310016621262	false	1.0
ungeheuer	neg 1.0		__DUMMY__ 0.8821869161898356 off 0.06321617666002746 neg 0.054596907150136986	false	0.5
