unsolidarisch	neg 1.0		off 0.47406862632847185 neg 0.45839490525785914 __DUMMY__ 0.067536468413669	false	0.5
nachteilig	neg 1.0		off 0.4717202058019002 neg 0.4601320548439896 __DUMMY__ 0.06814773935411012	false	0.5
skeptisch	neg 1.0		off 0.4715439305818385 neg 0.4601975217605416 __DUMMY__ 0.06825854765761999	false	0.5
schrecklich	neg 1.0		off 0.4865643401568799 neg 0.4461678250154554 __DUMMY__ 0.06726783482766469	false	0.5
schlapp	neg 1.0		off 0.48312683701905057 neg 0.4492333199978407 __DUMMY__ 0.06763984298310866	false	0.5
abfall	neg 1.0		off 0.469033045374869 neg 0.4622854709261446 __DUMMY__ 0.06868148369898629	false	0.5
widerspenstig	neg 1.0		off 0.4776034693352217 neg 0.4544017963968253 __DUMMY__ 0.067994734267953	false	0.5
abrupt	neg 1.0		off 0.4750461725685992 neg 0.4563338371872373 __DUMMY__ 0.06861999024416342	false	0.5
unwirksam	neg 1.0		off 0.47393261639531986 neg 0.4585932375412273 __DUMMY__ 0.0674741460634529	false	0.5
angreifen	neg 1.0		off 0.47110023727022515 neg 0.4606980573699105 __DUMMY__ 0.06820170535986433	false	0.5
inkonsistent	neg 1.0		off 0.47659355569810125 neg 0.45576842324598477 __DUMMY__ 0.0676380210559139	false	0.5
abrutschen	neg 1.0		off 0.46876835548801005 neg 0.46271461963056537 __DUMMY__ 0.06851702488142444	false	0.5
unsicher	neg 1.0		off 0.477688210331283 neg 0.4541943327636436 __DUMMY__ 0.06811745690507329	false	0.5
bauernkind	off 1.0	off 1.0	off 0.7271622191579987 neg 0.2412900486051738 __DUMMY__ 0.03154773223682742	false	1.0
angreifer	neg 1.0	neg 1.0	neg 0.7107193126934075 off 0.2566722792491502 __DUMMY__ 0.032608408057442244	false	1.0
trennen	neg 1.0		off 0.47342926947411196 neg 0.45792508202909993 __DUMMY__ 0.06864564849678802	false	0.5
schmutz	neg 1.0		off 0.4818366786554449 neg 0.4497860543853496 __DUMMY__ 0.0683772669592056	false	0.5
inkonsistenz	neg 1.0		off 0.4787493410931185 neg 0.45430227456056127 __DUMMY__ 0.06694838434632025	false	0.5
erschreckend	neg 1.0		off 0.47525923995573827 neg 0.4568669785028822 __DUMMY__ 0.06787378154137952	false	0.5
ertrinken	neg 1.0		off 0.47283452428740813 neg 0.4587975004174391 __DUMMY__ 0.06836797529515268	false	0.5
pickelface	off 1.0		off 0.47676712425577844 neg 0.4550781592471699 __DUMMY__ 0.06815471649705161	false	1.0
seiner			off 0.4724640511373158 neg 0.4592019944826717 __DUMMY__ 0.06833395438001234	false	0.0
lauch	neg 1.0		off 0.47086281547396813 neg 0.4604060196909416 __DUMMY__ 0.06873116483509044	false	0.5
unwichtig	neg 1.0		off 0.48052662116177797 neg 0.4521273662494163 __DUMMY__ 0.06734601258880583	false	0.5
steuerhinterziehung	neg 1.0	neg 1.0	neg 0.7146984837777601 off 0.2527888710219742 __DUMMY__ 0.032512645200265686	false	1.0
schock	neg 1.0		off 0.47731207311605006 neg 0.45445498711077187 __DUMMY__ 0.06823293977317824	false	0.5
beule	neg 1.0		off 0.48335400157571934 neg 0.44921472767964765 __DUMMY__ 0.06743127074463305	false	0.5
vergelten	neg 1.0		off 0.48728630105632714 neg 0.44502191651452744 __DUMMY__ 0.06769178242914532	false	0.5
verdorbenheit	neg 1.0		off 0.4804260264750627 neg 0.4512018672809771 __DUMMY__ 0.06837210624396022	false	0.5
trauma	neg 1.0		off 0.47821304771523027 neg 0.45384105370739897 __DUMMY__ 0.06794589857737084	false	0.5
sinnlos	neg 1.0		off 0.4793011826175761 neg 0.4528860092932416 __DUMMY__ 0.06781280808918229	false	0.5
fettsack	off 1.0	off 1.0	off 0.7288915773180505 neg 0.23940412185111906 __DUMMY__ 0.0317043008308305	false	1.0
feige	off 1.0	off 1.0	off 0.7263005026584919 neg 0.24165480159509783 __DUMMY__ 0.03204469574641015	false	1.0
abdanken	neg 1.0		off 0.4766914857746702 neg 0.45521080144630494 __DUMMY__ 0.0680977127790249	false	0.5
wichtigtuer	off 1.0	off 1.0	off 0.7252743963793419 neg 0.24251937184618275 __DUMMY__ 0.03220623177447537	false	1.0
misslingen	neg 1.0		off 0.48159634418920594 neg 0.44978257323569243 __DUMMY__ 0.06862108257510172	false	0.5
untreu	off 1.0		off 0.48217608367810233 neg 0.45033641115333123 __DUMMY__ 0.06748750516856661	false	1.0
missmutig	neg 1.0		off 0.4823506647813754 neg 0.44996075000803776 __DUMMY__ 0.06768858521058688	false	0.5
hurenbock	off 1.0		off 0.48062317074741523 neg 0.4512986089049805 __DUMMY__ 0.06807822034760425	false	1.0
betrunken	neg 1.0		off 0.4847677282215446 neg 0.4477285999497464 __DUMMY__ 0.06750367182870896	false	0.5
korrupt	off 1.0		off 0.4716206387976304 neg 0.4607044121154636 __DUMMY__ 0.06767494908690594	false	1.0
unmut	neg 1.0		off 0.4693138094720239 neg 0.46209244572406155 __DUMMY__ 0.06859374480391467	false	0.5
hackfresse	off 1.0		off 0.4889170835434632 neg 0.44430625381114364 __DUMMY__ 0.06677666264539317	false	1.0
aufblasen	neg 1.0		off 0.4798712059872245 neg 0.4521419950696471 __DUMMY__ 0.06798679894312844	false	0.5
gewaltsam	neg 1.0		off 0.4765626683142762 neg 0.4551852237503061 __DUMMY__ 0.06825210793541762	false	0.5
unbeliebtheit	neg 1.0		off 0.47927649852144116 neg 0.45338715849089284 __DUMMY__ 0.067336342987666	false	0.5
sturheit	neg 1.0		off 0.47457215866604635 neg 0.4575193080610259 __DUMMY__ 0.06790853327292766	false	0.5
kuh	neg 1.0		off 0.47626226804769706 neg 0.45656433975452815 __DUMMY__ 0.06717339219777464	false	0.5
erschrecken	neg 1.0		off 0.4826189805634063 neg 0.4495641038813431 __DUMMY__ 0.06781691555525066	false	0.5
opfer	neg 1.0		off 0.4734460151149211 neg 0.4583158620979743 __DUMMY__ 0.06823812278710448	false	0.5
sinken	neg 1.0		off 0.47064806154037825 neg 0.4607029814135121 __DUMMY__ 0.06864895704610965	false	0.5
stinktier	neg 1.0		off 0.4827669094254341 neg 0.4508110088043696 __DUMMY__ 0.06642208177019646	false	0.5
tucke	off 1.0		off 0.4885901723091535 neg 0.44498350780524887 __DUMMY__ 0.0664263198855975	false	1.0
ein			off 0.47883777846352316 neg 0.4531753947189578 __DUMMY__ 0.06798682681751896	false	0.0
abstieg	neg 1.0		off 0.47326829240907214 neg 0.4582830023027732 __DUMMY__ 0.06844870528815473	false	0.5
missverstehen	neg 1.0		off 0.4778884397068682 neg 0.45473545081318 __DUMMY__ 0.0673761094799517	false	0.5
ergebnislos	neg 1.0		off 0.47288104866643776 neg 0.45865137764800423 __DUMMY__ 0.06846757368555799	false	0.5
unter			off 0.46667203012285097 neg 0.4640258345105596 __DUMMY__ 0.06930213536658937	false	0.0
manipulieren	neg 1.0		off 0.47149339959625275 neg 0.4601553961504903 __DUMMY__ 0.06835120425325697	false	0.5
unbewiesen	neg 1.0		off 0.4731734988187331 neg 0.4594327257585294 __DUMMY__ 0.06739377542273749	false	0.5
verschleppen	neg 1.0		off 0.4731150985819709 neg 0.4587830591455613 __DUMMY__ 0.06810184227246767	false	0.5
weib	off 1.0		off 0.4870448118965621 neg 0.44667694013073567 __DUMMY__ 0.06627824797270226	false	1.0
opposition	neg 1.0		off 0.4775976727828113 neg 0.45473526498370415 __DUMMY__ 0.0676670622334845	false	0.5
verkehrswidrig	neg 1.0		off 0.48959070563672386 neg 0.44261240851741457 __DUMMY__ 0.06779688584586158	false	0.5
inkorrekt	neg 1.0		off 0.48329598079966235 neg 0.44978821177508926 __DUMMY__ 0.06691580742524829	false	0.5
vermeiden	neg 1.0	neg 1.0	neg 0.7168919332040906 off 0.25015508697828204 __DUMMY__ 0.03295297981762728	false	1.0
abweichung	neg 1.0		off 0.4728416766393068 neg 0.4590119016227359 __DUMMY__ 0.06814642173795724	false	0.5
alkoholisiert	neg 1.0		off 0.47368001852263186 neg 0.45786122870736695 __DUMMY__ 0.06845875277000114	false	0.5
scheiss	off 1.0	off 1.0	off 0.727376250224267 neg 0.2404884708051389 __DUMMY__ 0.03213527897059413	false	1.0
herausforderung	neg 1.0		off 0.47192108697455143 neg 0.45975641297211683 __DUMMY__ 0.06832250005333165	false	0.5
pervers	off 1.0		off 0.49177526695824697 neg 0.4418071258838102 __DUMMY__ 0.06641760715794288	false	1.0
wackelig	neg 1.0		off 0.47775857590744886 neg 0.4536701972216357 __DUMMY__ 0.06857122687091542	false	0.5
verwickeln	neg 1.0		off 0.477357514890173 neg 0.4552193839504521 __DUMMY__ 0.06742310115937487	false	0.5
vorwand	neg 1.0		off 0.4706476043253892 neg 0.4611145003279859 __DUMMY__ 0.06823789534662501	false	0.5
muschi	off 1.0		off 0.4769107012779105 neg 0.4549414911485461 __DUMMY__ 0.06814780757354333	false	1.0
entmutigung	neg 1.0		off 0.4779941681944239 neg 0.45415329762149864 __DUMMY__ 0.0678525341840774	false	0.5
unangemessen	neg 1.0		off 0.4730691027841633 neg 0.4592189982581014 __DUMMY__ 0.06771189895773524	false	0.5
unstetig	neg 1.0		off 0.48041703755154574 neg 0.4517321794466896 __DUMMY__ 0.06785078300176477	false	0.5
entmutigen	neg 1.0		off 0.4777474695858677 neg 0.4543905973312499 __DUMMY__ 0.06786193308288227	false	0.5
schwanz	neg 1.0		off 0.47438065546674096 neg 0.45730620746394407 __DUMMY__ 0.068313137069315	false	0.5
verbot	neg 1.0		off 0.4734055878012236 neg 0.45852398907624653 __DUMMY__ 0.06807042312252996	false	0.5
leid	neg 1.0		off 0.4867765739642387 neg 0.446324419478166 __DUMMY__ 0.06689900655759536	false	0.5
archaisch	neg 1.0		off 0.4751377250535568 neg 0.45687429302281674 __DUMMY__ 0.06798798192362655	false	0.5
gegen			off 0.4706749393527322 neg 0.4606704639969569 __DUMMY__ 0.06865459665031083	false	0.0
scheidung	neg 1.0		off 0.4998792713871003 neg 0.4333406770209269 __DUMMY__ 0.06678005159197282	false	0.5
einschlag	neg 1.0		off 0.48520456850705745 neg 0.44745051350837217 __DUMMY__ 0.06734491798457039	false	0.5
m			off 0.475759758386462 neg 0.45591006115632565 __DUMMY__ 0.06833018045721231	false	0.0
abgestanden	neg 1.0		off 0.47700590188303593 neg 0.4552496768427931 __DUMMY__ 0.06774442127417096	false	0.5
schmierig	off 1.0		off 0.48726520964473413 neg 0.44557059982257546 __DUMMY__ 0.06716419053269043	false	1.0
unpraktisch	neg 1.0		off 0.4793580133940852 neg 0.45269002930990504 __DUMMY__ 0.06795195729600981	false	0.5
wixxer	off 1.0		off 0.4905766370286227 neg 0.4432564800029641 __DUMMY__ 0.06616688296841322	false	1.0
bezeichnet			off 0.4751765097389401 neg 0.45717745363605583 __DUMMY__ 0.06764603662500399	false	0.0
jammerlappen	off 1.0		off 0.48265854001246794 neg 0.44964967812765916 __DUMMY__ 0.06769178185987296	false	1.0
farce	neg 1.0		off 0.4745062031765474 neg 0.45749692255045576 __DUMMY__ 0.06799687427299674	false	0.5
zwecklos	neg 1.0		off 0.47365506383783396 neg 0.45845344924556947 __DUMMY__ 0.06789148691659644	false	0.5
turbulent	neg 1.0		off 0.48243129486573166 neg 0.4503113042142407 __DUMMY__ 0.06725740092002767	false	0.5
invasion	neg 1.0		off 0.47894912623411434 neg 0.4532581144087864 __DUMMY__ 0.06779275935709923	false	0.5
schuld	neg 1.0		off 0.4769751001085415 neg 0.45533410086407083 __DUMMY__ 0.06769079902738762	false	0.5
risiko	neg 1.0	neg 1.0	neg 0.711467020219405 off 0.25594972244639963 __DUMMY__ 0.03258325733419547	false	1.0
finster	neg 1.0		off 0.4772508600084788 neg 0.45512251007415255 __DUMMY__ 0.0676266299173685	false	0.5
geisteskrank	off 1.0		off 0.48098421301821187 neg 0.4520474214916078 __DUMMY__ 0.0669683654901804	false	1.0
zusammenbrechen	neg 1.0		off 0.47507262783431614 neg 0.45682771428027086 __DUMMY__ 0.06809965788541293	false	0.5
ausbeute	neg 1.0		off 0.47872518465960273 neg 0.452187587241139 __DUMMY__ 0.06908722809925828	false	0.5
hinterhalt	neg 1.0		off 0.480313882098605 neg 0.45077397802278624 __DUMMY__ 0.06891213987860878	false	0.5
kritik	neg 1.0		off 0.4739249384962251 neg 0.45812434889150006 __DUMMY__ 0.06795071261227496	false	0.5
einschrumpfen	neg 1.0		off 0.4799120806868829 neg 0.45263292763604385 __DUMMY__ 0.06745499167707313	false	0.5
riskant	neg 1.0		off 0.4712166677441755 neg 0.4607180073021654 __DUMMY__ 0.06806532495365922	false	0.5
frustrieren	neg 1.0		off 0.47264378905185433 neg 0.45926981918140014 __DUMMY__ 0.06808639176674554	false	0.5
groll	neg 1.0		off 0.47309570591715006 neg 0.45899318962647223 __DUMMY__ 0.06791110445637775	false	0.5
gibt			off 0.47539703822029067 neg 0.45646100999773687 __DUMMY__ 0.06814195178197241	false	0.0
qualvoll	neg 1.0		off 0.48078072033473446 neg 0.4514021117837719 __DUMMY__ 0.06781716788149361	false	0.5
wackeln	neg 1.0		off 0.4798893345455247 neg 0.45187955451377565 __DUMMY__ 0.06823111094069975	false	0.5
klagen	neg 1.0		off 0.46937811560972914 neg 0.46220326383010824 __DUMMY__ 0.06841862056016254	false	0.5
bankrott	neg 1.0		off 0.4826867658238384 neg 0.44947406734183326 __DUMMY__ 0.0678391668343283	false	0.5
trauern	neg 1.0		off 0.47476861612607313 neg 0.45667393824569535 __DUMMY__ 0.06855744562823164	false	0.5
ablehnung	neg 1.0		off 0.47344721670395706 neg 0.4586095802792942 __DUMMY__ 0.06794320301674875	false	0.5
stur	neg 1.0		off 0.4774187540401139 neg 0.4548636471420191 __DUMMY__ 0.06771759881786701	false	0.5
aufruhr	neg 1.0		off 0.47638892062444665 neg 0.455474799940282 __DUMMY__ 0.06813627943527144	false	0.5
melancholie	neg 1.0		off 0.47508545847140676 neg 0.45655058063227694 __DUMMY__ 0.0683639608963163	false	0.5
ist			off 0.4792238349450059 neg 0.45292229943540363 __DUMMY__ 0.0678538656195905	false	0.0
torheit	neg 1.0		off 0.4770453596031373 neg 0.45505308058145905 __DUMMY__ 0.06790155981540377	false	0.5
dreckskind	off 1.0		off 0.4861602971419141 neg 0.44728298809800604 __DUMMY__ 0.06655671476007982	false	1.0
umtauschen	neg 1.0		off 0.4774985536293904 neg 0.45441625421478227 __DUMMY__ 0.06808519215582731	false	0.5
zum			off 0.4716977800146347 neg 0.4589597080564216 __DUMMY__ 0.06934251192894371	false	0.0
zersetzen	neg 1.0		off 0.47016453432594885 neg 0.4617513964562052 __DUMMY__ 0.06808406921784596	false	0.5
zur			off 0.4690454529008054 neg 0.4618846197735163 __DUMMY__ 0.06906992732567825	false	0.0
frust	neg 1.0		off 0.47544648996216143 neg 0.45638405212242955 __DUMMY__ 0.06816945791540913	false	0.5
unerbittlichkeit	neg 1.0		off 0.47116795413865764 neg 0.46057398162864205 __DUMMY__ 0.06825806423270034	false	0.5
zwei			off 0.47225363395065 neg 0.4585815287298315 __DUMMY__ 0.0691648373195185	false	0.0
unkorrekt	neg 1.0		off 0.4843116386125203 neg 0.44852394600522116 __DUMMY__ 0.06716441538225867	false	0.5
hexe	off 1.0		off 0.48034530238313955 neg 0.4524713020398589 __DUMMY__ 0.06718339557700162	false	1.0
lasch	neg 1.0		off 0.4792086301541209 neg 0.45343146937417167 __DUMMY__ 0.06735990047170737	false	0.5
rivale	neg 1.0		off 0.48405713983198095 neg 0.4486154172222973 __DUMMY__ 0.06732744294572163	false	0.5
mutlos	off 1.0	off 1.0	off 0.7214394318141216 neg 0.24607781205419507 __DUMMY__ 0.03248275613168338	false	1.0
wirr	off 1.0		off 0.48411197628214553 neg 0.4489670533541834 __DUMMY__ 0.06692097036367109	false	1.0
jahr			off 0.4763338615492724 neg 0.4544267762160101 __DUMMY__ 0.06923936223471766	false	0.0
wird			off 0.4739443317792205 neg 0.4578931518993099 __DUMMY__ 0.06816251632146955	false	0.0
strafbar	neg 1.0		off 0.471654989188091 neg 0.46030941760467914 __DUMMY__ 0.06803559320722981	false	0.5
erosion	neg 1.0		off 0.47858957116758577 neg 0.45319121803841517 __DUMMY__ 0.06821921079399919	false	0.5
eingehen	neg 1.0		off 0.47197464448008025 neg 0.4599925666697631 __DUMMY__ 0.06803278885015673	false	0.5
faul	off 1.0		off 0.48260561327238594 neg 0.4495798291308306 __DUMMY__ 0.06781455759678344	false	1.0
provisorium	neg 1.0		off 0.46825334389271983 neg 0.4623234831351194 __DUMMY__ 0.06942317297216082	false	0.5
schmerzen	neg 1.0		off 0.4751068547846683 neg 0.45703738127445404 __DUMMY__ 0.06785576394087771	false	0.5
schrumpfen	neg 1.0		off 0.4665327784120678 neg 0.4649051428878166 __DUMMY__ 0.06856207870011558	false	0.5
geistlos	off 1.0		off 0.47665721880050155 neg 0.45611333403161225 __DUMMY__ 0.06722944716788629	false	1.0
fehlkauf	neg 1.0		off 0.4797029050209659 neg 0.45233857942423544 __DUMMY__ 0.06795851555479879	false	0.5
frustrierend	neg 1.0		off 0.48078810428843627 neg 0.45158851535487177 __DUMMY__ 0.06762338035669205	false	0.5
unzufrieden	neg 1.0		off 0.4731778479908209 neg 0.45893127598948796 __DUMMY__ 0.06789087601969115	false	0.5
verzweifeln	neg 1.0		off 0.47578378822147566 neg 0.45621334290038656 __DUMMY__ 0.0680028688781377	false	0.5
verzweifelt	neg 1.0	neg 1.0	neg 0.713405439475868 off 0.25433504905227505 __DUMMY__ 0.03225951147185691	false	1.0
misstrauensantrag	neg 1.0		off 0.47929403498771195 neg 0.45290869752180596 __DUMMY__ 0.06779726749048198	false	0.5
abfallen	neg 1.0		off 0.4796505159367796 neg 0.4521823068620699 __DUMMY__ 0.06816717720115041	false	0.5
fucker	off 1.0		off 0.4857064811404289 neg 0.4467915308423377 __DUMMY__ 0.06750198801723341	false	1.0
ungezogen	neg 1.0		off 0.4912924954504238 neg 0.4421521560713278 __DUMMY__ 0.06655534847824843	false	0.5
irrsinnig	neg 1.0	neg 1.0	neg 0.7131077033950117 off 0.2545853744399426 __DUMMY__ 0.0323069221650457	false	1.0
unfassbar	neg 1.0		off 0.48378183433044425 neg 0.4486306443456512 __DUMMY__ 0.06758752132390464	false	0.5
hart	neg 1.0		off 0.4826697764850957 neg 0.4498488328270674 __DUMMY__ 0.06748139068783696	false	0.5
widerlich	off 1.0		off 0.48225020939726115 neg 0.450574750877156 __DUMMY__ 0.06717503972558288	false	1.0
fatal	neg 1.0		off 0.47958349519007093 neg 0.45258857393151264 __DUMMY__ 0.06782793087841636	false	0.5
bruch	neg 1.0		off 0.4706676454489933 neg 0.46078898609878144 __DUMMY__ 0.0685433684522252	false	0.5
aushungern	neg 1.0		off 0.4750620022503673 neg 0.4567940824147152 __DUMMY__ 0.0681439153349174	false	0.5
anspannung	neg 1.0		off 0.4709007263801949 neg 0.4598993480734514 __DUMMY__ 0.06919992554635374	false	0.5
von			off 0.4773623919343403 neg 0.4532250822368998 __DUMMY__ 0.06941252582875995	false	0.0
kraftlos	neg 1.0		off 0.4755225224630289 neg 0.45618913161494556 __DUMMY__ 0.06828834592202547	false	0.5
vom			off 0.47019429557548775 neg 0.46018427758605646 __DUMMY__ 0.06962142683845589	false	0.0
grenzdebil	off 1.0		off 0.48427598692469137 neg 0.44814221237159296 __DUMMY__ 0.06758180070371553	false	1.0
vor			off 0.4724794382932413 neg 0.4588233572227632 __DUMMY__ 0.06869720448399555	false	0.0
unterwerfen	neg 1.0		off 0.4730017332665702 neg 0.4588235646756538 __DUMMY__ 0.06817470205777607	false	0.5
versenkung	neg 1.0		off 0.47462905047857307 neg 0.4569362553276412 __DUMMY__ 0.06843469419378569	false	0.5
entziehen	neg 1.0		off 0.46999770222535314 neg 0.46159914215516723 __DUMMY__ 0.06840315561947961	false	0.5
finanzkrise	neg 1.0		off 0.47471304107726114 neg 0.45743916816041935 __DUMMY__ 0.06784779076231956	false	0.5
schimpfend	neg 1.0		off 0.47931749993121614 neg 0.4528615562650708 __DUMMY__ 0.06782094380371301	false	0.5
profan	neg 1.0		off 0.47921822746295967 neg 0.4531370749875969 __DUMMY__ 0.06764469754944338	false	0.5
korruption	neg 1.0		off 0.4732599404686505 neg 0.45864255002662013 __DUMMY__ 0.06809750950472938	false	0.5
â			off 0.4756611806123635 neg 0.4558980830561363 __DUMMY__ 0.06844073633150008	false	0.0
schmutzig	neg 1.0		off 0.48527373143964353 neg 0.44708391515447393 __DUMMY__ 0.06764235340588262	false	0.5
sexy	neg 1.0		off 0.48175370902128045 neg 0.4503864112450806 __DUMMY__ 0.06785987973363888	false	0.5
abraten	neg 1.0		off 0.47931781635223214 neg 0.45285422105135775 __DUMMY__ 0.06782796259641023	false	0.5
schwarz	neg 1.0		off 0.4787357402161954 neg 0.45341147200740733 __DUMMY__ 0.0678527877763972	false	0.5
fotze	off 1.0	off 1.0	off 0.723928266693622 neg 0.24341918516915903 __DUMMY__ 0.03265254813721896	false	1.0
verwirren	neg 1.0		off 0.4800552077200371 neg 0.4522584754446568 __DUMMY__ 0.06768631683530607	false	0.5
zahnlos	off 1.0		off 0.4746633984578366 neg 0.45738801823426123 __DUMMY__ 0.06794858330790228	false	1.0
verheeren	neg 1.0		off 0.49364125266878495 neg 0.43968651956346105 __DUMMY__ 0.06667222776775394	false	0.5
hippie	neg 1.0		off 0.48123899402087245 neg 0.4508970150763468 __DUMMY__ 0.06786399090278086	false	0.5
rammen	neg 1.0		off 0.4777458605771238 neg 0.45459133514800065 __DUMMY__ 0.06766280427487559	false	0.5
unlauter	neg 1.0		off 0.476083142501913 neg 0.4563638193170773 __DUMMY__ 0.06755303818100979	false	0.5
unheilvoll	neg 1.0		off 0.47979337765738383 neg 0.4522679339251142 __DUMMY__ 0.067938688417502	false	0.5
niedrig	neg 1.0		off 0.4705820954064327 neg 0.4614173979056931 __DUMMY__ 0.06800050668787426	false	0.5
explosion	neg 1.0		off 0.4800938205097078 neg 0.45212443497400145 __DUMMY__ 0.06778174451629078	false	0.5
weichei	off 1.0	off 1.0	off 0.7299663281543647 neg 0.2381802653129859 __DUMMY__ 0.031853406532649446	false	1.0
minusmensch	off 1.0		off 0.4884598184853449 neg 0.44513452093768585 __DUMMY__ 0.06640566057696931	false	1.0
farblos	neg 1.0		off 0.47757034327316594 neg 0.4543232340432521 __DUMMY__ 0.06810642268358193	false	0.5
unwissend	neg 1.0	neg 1.0	neg 0.7112156135122383 off 0.25665303654935673 __DUMMY__ 0.032131349938405086	false	1.0
traurig	neg 1.0		off 0.48615057619910784 neg 0.44646436675026224 __DUMMY__ 0.0673850570506298	false	0.5
senkung	neg 1.0		off 0.4782587690181991 neg 0.4542614264629063 __DUMMY__ 0.06747980451889463	false	0.5
ungleich	neg 1.0	neg 1.0	neg 0.7163597421172055 off 0.2511345482358974 __DUMMY__ 0.03250570964689712	false	1.0
heikel	neg 1.0		off 0.4711635956352731 neg 0.4607754653862529 __DUMMY__ 0.06806093897847405	false	0.5
drosselung	neg 1.0		off 0.4834502566144986 neg 0.4490881208467098 __DUMMY__ 0.06746162253879168	false	0.5
falsch	neg 1.0		off 0.48044802507736817 neg 0.45204306979312436 __DUMMY__ 0.06750890512950745	false	0.5
unzufriedenheit	neg 1.0		off 0.4705393058205502 neg 0.46113950796140535 __DUMMY__ 0.0683211862180444	false	0.5
kurz	neg 1.0		off 0.47783987848560355 neg 0.45370496282461825 __DUMMY__ 0.06845515868977815	false	0.5
unsinnig	neg 1.0		off 0.47391024675253596 neg 0.45832185878643267 __DUMMY__ 0.06776789446103142	false	0.5
penner	off 1.0	off 1.0	off 0.7309926644744311 neg 0.23717273289706792 __DUMMY__ 0.03183460262850096	false	1.0
seicht	neg 1.0		off 0.48923989301124104 neg 0.44440143284908695 __DUMMY__ 0.06635867413967195	false	0.5
dummheit	off 1.0	off 1.0	off 0.7253635513513123 neg 0.24245739304634556 __DUMMY__ 0.032179055602342216	false	1.0
unerfreulich	neg 1.0		off 0.471475005654019 neg 0.46021806384115815 __DUMMY__ 0.06830693050482292	false	0.5
motherfucker	off 1.0	off 1.0	off 0.7285827734113758 neg 0.2392363283424189 __DUMMY__ 0.03218089824620536	false	1.0
pikiert	neg 1.0		off 0.4820433443060487 neg 0.4506309951799325 __DUMMY__ 0.06732566051401867	false	0.5
wrack	neg 1.0		off 0.47634361111944407 neg 0.4552853900495023 __DUMMY__ 0.06837099883105371	false	0.5
gangster	neg 1.0		off 0.48123987285596737 neg 0.45091305148624283 __DUMMY__ 0.06784707565778972	false	0.5
krank	neg 1.0		off 0.4845332096344022 neg 0.44785342614529905 __DUMMY__ 0.06761336422029875	false	0.5
reich	neg 1.0		off 0.4840587327976942 neg 0.4481235130589462 __DUMMY__ 0.06781775414335975	false	0.5
gnadenlos	neg 1.0		off 0.477678213223303 neg 0.4545324112570481 __DUMMY__ 0.0677893755196489	false	0.5
niedergeschlagen	neg 1.0		off 0.47627007857466935 neg 0.45555391579819476 __DUMMY__ 0.06817600562713601	false	0.5
terrorisieren	off 1.0	off 1.0	off 0.7224359351714447 neg 0.24494364695249324 __DUMMY__ 0.032620417876062034	false	1.0
sinnlosigkeit	neg 1.0		off 0.4743470266073402 neg 0.45764356642322535 __DUMMY__ 0.06800940696943444	false	0.5
behindern	neg 1.0		off 0.4768553938437474 neg 0.45503384641516587 __DUMMY__ 0.06811075974108652	false	0.5
undemokratisch	neg 1.0		off 0.47726164488773676 neg 0.45494426458182574 __DUMMY__ 0.06779409053043757	false	0.5
wirtschaftskrise	neg 1.0		off 0.4727812948884094 neg 0.4591669424913825 __DUMMY__ 0.06805176262020811	false	0.5
neid	neg 1.0		off 0.4822149425433194 neg 0.4499571732315279 __DUMMY__ 0.06782788422515271	false	0.5
rutschen	neg 1.0		off 0.4724894010854504 neg 0.4582783495310728 __DUMMY__ 0.06923224938347669	false	0.5
rezession	neg 1.0		off 0.481918417917528 neg 0.4514812981415017 __DUMMY__ 0.06660028394097033	false	0.5
fehlgeburt	neg 1.0		off 0.47989261233155817 neg 0.4521292738358849 __DUMMY__ 0.0679781138325568	false	0.5
charakterschwach	off 1.0		off 0.4820213876299576 neg 0.45078884550358395 __DUMMY__ 0.06718976686645842	false	1.0
isolation	neg 1.0		off 0.48119206912774454 neg 0.45106326712584155 __DUMMY__ 0.06774466374641407	false	0.5
ablenkung	neg 1.0		off 0.478100064210301 neg 0.45378327062401025 __DUMMY__ 0.06811666516568875	false	0.5
pech	neg 1.0		off 0.4809591694777457 neg 0.4513955757141803 __DUMMY__ 0.06764525480807393	false	0.5
vermeidung	neg 1.0		off 0.484147836186799 neg 0.4483002048598983 __DUMMY__ 0.06755195895330261	false	0.5
dominieren	neg 1.0		off 0.4740033747329861 neg 0.45761938857709444 __DUMMY__ 0.06837723668991944	false	0.5
schwindlig	neg 1.0		off 0.4808181711340897 neg 0.4511783225825126 __DUMMY__ 0.06800350628339757	false	0.5
lutscher	neg 1.0		off 0.4904777988632761 neg 0.44308096259787794 __DUMMY__ 0.06644123853884595	false	0.5
pflicht	neg 1.0		off 0.47043555372649054 neg 0.4613398472517117 __DUMMY__ 0.06822459902179762	false	0.5
faschist	off 1.0		off 0.4803106015832053 neg 0.45199036593917197 __DUMMY__ 0.06769903247762252	false	1.0
verschleudern	neg 1.0		off 0.47111475326001856 neg 0.46081068099391675 __DUMMY__ 0.06807456574606452	false	0.5
wenn			off 0.4812179638271371 neg 0.4511787160551621 __DUMMY__ 0.06760332011770075	false	0.0
ehebruch	neg 1.0		off 0.47349661867032755 neg 0.458351430173278 __DUMMY__ 0.06815195115639448	false	0.5
spott	off 1.0		off 0.47253698445494696 neg 0.4593544567287412 __DUMMY__ 0.06810855881631192	false	1.0
trostlosigkeit	neg 1.0		off 0.4721063860218793 neg 0.45927252821327175 __DUMMY__ 0.06862108576484884	false	0.5
lutschen	neg 1.0		off 0.4802137901516484 neg 0.4522337354875235 __DUMMY__ 0.06755247436082812	false	0.5
undiszipliniert	neg 1.0		off 0.48456093653095855 neg 0.44819591150696314 __DUMMY__ 0.06724315196207846	false	0.5
kopfschmerz	neg 1.0		off 0.4742989305587588 neg 0.4577450883679645 __DUMMY__ 0.06795598107327673	false	0.5
unvorhergesehen	neg 1.0		off 0.47539385077810287 neg 0.45580392604578146 __DUMMY__ 0.0688022231761157	false	0.5
desinteressiert	neg 1.0	neg 1.0	neg 0.709733174709451 off 0.2581850289206641 __DUMMY__ 0.032081796369884986	false	1.0
armselig	off 1.0		off 0.4837536904164766 neg 0.44928777266914927 __DUMMY__ 0.06695853691437413	false	1.0
desaster	neg 1.0		off 0.46951347059334964 neg 0.46198600912220794 __DUMMY__ 0.0685005202844425	false	0.5
tod	neg 1.0		off 0.47690756846752996 neg 0.45446382957000275 __DUMMY__ 0.06862860196246737	false	0.5
herzlos	neg 1.0		off 0.4849793979746701 neg 0.4478495405214787 __DUMMY__ 0.06717106150385119	false	0.5
unwissenheit	neg 1.0		off 0.4736209185706453 neg 0.45840827189779004 __DUMMY__ 0.06797080953156451	false	0.5
widersinnig	neg 1.0		off 0.47154720872110806 neg 0.4608429350819941 __DUMMY__ 0.0676098561968979	false	0.5
bedenklich	neg 1.0		off 0.4723141964126167 neg 0.4597133767610422 __DUMMY__ 0.06797242682634112	false	0.5
beanstanden	neg 1.0		off 0.4703690908207537 neg 0.46133355547465693 __DUMMY__ 0.06829735370458938	false	0.5
panisch	neg 1.0	neg 1.0	neg 0.7102417540645887 off 0.2571748328911365 __DUMMY__ 0.03258341304427484	false	1.0
debil	off 1.0		off 0.4680129563176176 neg 0.46281426749972393 __DUMMY__ 0.0691727761826585	false	1.0
abstrich	neg 1.0		off 0.4806687699649208 neg 0.4505844992066613 __DUMMY__ 0.0687467308284179	false	0.5
primitiv	neg 1.0		off 0.4821502401844047 neg 0.45073538529084034 __DUMMY__ 0.06711437452475495	false	0.5
abschaum	off 1.0	off 1.0	off 0.7269384252869997 neg 0.2409167944175591 __DUMMY__ 0.032144780295441266	false	1.0
provozieren	neg 1.0		off 0.4761978532953254 neg 0.456216753240451 __DUMMY__ 0.06758539346422343	false	0.5
tot	neg 1.0		off 0.4743008871590312 neg 0.45760323746487597 __DUMMY__ 0.06809587537609296	false	0.5
instabil	neg 1.0		off 0.4847491083996749 neg 0.44801674587099793 __DUMMY__ 0.06723414572932727	false	0.5
schwuchtel	off 1.0	off 1.0	off 0.7333700570420367 neg 0.23515119177716143 __DUMMY__ 0.03147875118080193	false	1.0
zerren	neg 1.0		off 0.4756921129113182 neg 0.4560937663783406 __DUMMY__ 0.06821412071034112	false	0.5
kinderficker	off 1.0		off 0.4879236748914774 neg 0.4450524361462792 __DUMMY__ 0.06702388896224337	false	1.0
gefahr	neg 1.0		off 0.4716055667004228 neg 0.459858630853703 __DUMMY__ 0.0685358024458743	false	0.5
rabiat	neg 1.0		off 0.4773923438999776 neg 0.45462130031786124 __DUMMY__ 0.06798635578216132	false	0.5
verlangsamung	neg 1.0		off 0.48636467771781494 neg 0.4472573854299871 __DUMMY__ 0.06637793685219809	false	0.5
ausgestorben	neg 1.0		off 0.4776879991514025 neg 0.45419692628442454 __DUMMY__ 0.0681150745641729	false	0.5
anklagen	neg 1.0		off 0.47426484407665437 neg 0.4575308901331342 __DUMMY__ 0.06820426579021147	false	0.5
trott	neg 1.0		off 0.47726345946471455 neg 0.45463611940817916 __DUMMY__ 0.06810042112710617	false	0.5
verminderung	neg 1.0		off 0.48313956204413144 neg 0.4495603387363572 __DUMMY__ 0.06730009921951154	false	0.5
nach			off 0.4710398109073866 neg 0.4596741562053314 __DUMMY__ 0.06928603288728201	false	0.0
rost	neg 1.0		off 0.48761689925603036 neg 0.4455212631011659 __DUMMY__ 0.06686183764280365	false	0.5
destruktiv	neg 1.0		off 0.47515816795633337 neg 0.4571357674276747 __DUMMY__ 0.06770606461599186	false	0.5
unzumutbarkeit	neg 1.0		off 0.4835070877826746 neg 0.4488220237288098 __DUMMY__ 0.06767088848851574	false	0.5
labil	off 1.0	off 1.0	off 0.7269323149087031 neg 0.24082382003766972 __DUMMY__ 0.03224386505362709	false	1.0
ziemlich	neg 1.0		off 0.4840917757844036 neg 0.4482364568492627 __DUMMY__ 0.06767176736633372	false	0.5
lachnummer	off 1.0		off 0.47614050719378787 neg 0.45614168421520507 __DUMMY__ 0.0677178085910071	false	1.0
oder			off 0.478997505657305 neg 0.4529309499887891 __DUMMY__ 0.06807154435390583	false	0.0
verfall	neg 1.0		off 0.4676530444216101 neg 0.46361541513773047 __DUMMY__ 0.06873154044065931	false	0.5
ausgrenzung	neg 1.0		off 0.47820419265116076 neg 0.4539934811531853 __DUMMY__ 0.0678023261956539	false	0.5
unordnung	neg 1.0		off 0.4878371794660002 neg 0.4443811563114231 __DUMMY__ 0.06778166422257668	false	0.5
fehlverhalten	neg 1.0		off 0.47005151444129284 neg 0.4619337353399916 __DUMMY__ 0.06801475021871568	false	0.5
eine			off 0.47253362514080105 neg 0.4589062072768726 __DUMMY__ 0.06856016758232648	false	0.0
nille	neg 1.0		off 0.4778486776750938 neg 0.45392977747650726 __DUMMY__ 0.06822154484839897	false	0.5
qual	neg 1.0		off 0.47686779699081133 neg 0.45499978298310284 __DUMMY__ 0.0681324200260858	false	0.5
verschwenden	neg 1.0		off 0.47173075189959884 neg 0.4602583003988103 __DUMMY__ 0.06801094770159088	false	0.5
riesig	neg 1.0		off 0.4749098999822115 neg 0.4566735473045419 __DUMMY__ 0.06841655271324663	false	0.5
verurteilen	neg 1.0		off 0.4726920132991937 neg 0.4594658141187605 __DUMMY__ 0.0678421725820459	false	0.5
klischee	neg 1.0	neg 1.0	neg 0.7118554679103594 off 0.2559538549370554 __DUMMY__ 0.03219067715258517	false	1.0
diktatorisch	neg 1.0		off 0.4771634092142498 neg 0.45510594374788893 __DUMMY__ 0.06773064703786127	false	0.5
vorhersehbar	neg 1.0		off 0.47845031765343526 neg 0.45414967120173794 __DUMMY__ 0.0674000111448267	false	0.5
sowie			off 0.48688956158850044 neg 0.446129622367931 __DUMMY__ 0.06698081604356874	false	0.0
stornieren	neg 1.0		off 0.4830046268657555 neg 0.4485120097765207 __DUMMY__ 0.06848336335772383	false	0.5
besteuerung	neg 1.0		off 0.4752019775105876 neg 0.45732158354014313 __DUMMY__ 0.06747643894926933	false	0.5
ungeschminkt	neg 1.0		off 0.4815791571370468 neg 0.4513738510706467 __DUMMY__ 0.0670469917923065	false	0.5
kritisch	neg 1.0		off 0.47242586038425843 neg 0.45951394302880605 __DUMMY__ 0.06806019658693543	false	0.5
schlamperei	off 1.0		off 0.4727023099651625 neg 0.45887998783046635 __DUMMY__ 0.06841770220437104	false	1.0
sucht	neg 1.0	neg 1.0	neg 0.7095392549195427 off 0.2575675956100027 __DUMMY__ 0.0328931494704546	false	1.0
egoistisch	off 1.0		off 0.4865364485858018 neg 0.44672557341690683 __DUMMY__ 0.06673797799729134	false	1.0
ausbeuter	off 1.0		off 0.4694196788317578 neg 0.462673181958655 __DUMMY__ 0.06790713920958714	false	1.0
arschgeburt	off 1.0		off 0.4922461073164282 neg 0.44187412312008 __DUMMY__ 0.06587976956349169	false	1.0
schubs	neg 1.0		off 0.47567020445851915 neg 0.45617494736616354 __DUMMY__ 0.06815484817531738	false	0.5
unsolide	neg 1.0		off 0.47724860949520204 neg 0.45518689365805426 __DUMMY__ 0.06756449684674377	false	0.5
beschwerde	neg 1.0		off 0.4725401223399724 neg 0.45927099884061984 __DUMMY__ 0.06818887881940772	false	0.5
stocken	neg 1.0		off 0.4729022535449136 neg 0.45873760196115065 __DUMMY__ 0.06836014449393582	false	0.5
isolieren	neg 1.0		off 0.4738044638594895 neg 0.45804827128531905 __DUMMY__ 0.0681472648551914	false	0.5
unheilbar	neg 1.0		off 0.47743694877028625 neg 0.4546085765576966 __DUMMY__ 0.067954474672017	false	0.5
pisser	off 1.0		off 0.4843042593676085 neg 0.44855270142739834 __DUMMY__ 0.06714303920499308	false	1.0
löschen	neg 1.0		off 0.4776229648547254 neg 0.45429110628214503 __DUMMY__ 0.06808592886312961	false	0.5
durchfallen	neg 1.0		off 0.4720253140634638 neg 0.4601515035606126 __DUMMY__ 0.0678231823759236	false	0.5
wichser	off 1.0	off 1.0	off 0.7324675735191412 neg 0.23584985027884345 __DUMMY__ 0.031682576202015374	false	1.0
terror	neg 1.0		off 0.480960933511694 neg 0.4511739263028503 __DUMMY__ 0.0678651401854558	false	0.5
krass	neg 1.0		off 0.4859646607725517 neg 0.4468986198371371 __DUMMY__ 0.06713671939031114	false	0.5
revolte	neg 1.0		off 0.4795973245591157 neg 0.4524946459041118 __DUMMY__ 0.06790802953677247	false	0.5
besorgt	neg 1.0		off 0.478480154413485 neg 0.45288558678030716 __DUMMY__ 0.06863425880620794	false	0.5
nachlassen	neg 1.0		off 0.4744667916387096 neg 0.45692180449603714 __DUMMY__ 0.06861140386525325	false	0.5
alt	neg 1.0		off 0.4741578312405306 neg 0.45779639245804865 __DUMMY__ 0.0680457763014206	false	0.5
hundesohn	off 1.0		off 0.49099671466758493 neg 0.44247263736178255 __DUMMY__ 0.06653064797063235	false	1.0
als			off 0.4749071278868534 neg 0.4569833807696018 __DUMMY__ 0.06810949134354487	false	0.0
abschreckung	neg 1.0		off 0.47011514664937737 neg 0.4615766516778019 __DUMMY__ 0.0683082016728209	false	0.5
unqualifiziert	neg 1.0		off 0.4789278045179669 neg 0.4537907988462632 __DUMMY__ 0.06728139663577005	false	0.5
abgewichst	off 1.0		off 0.4771766713734355 neg 0.45455694764094606 __DUMMY__ 0.06826638098561845	false	1.0
schwer	neg 1.0		off 0.47594706432489964 neg 0.45614992273413474 __DUMMY__ 0.06790301294096562	false	0.5
bedeutungslosigkeit	neg 1.0		off 0.4713006192815421 neg 0.460444763596476 __DUMMY__ 0.06825461712198196	false	0.5
kapitulation	neg 1.0		off 0.47337979576912653 neg 0.45833232562559295 __DUMMY__ 0.06828787860528046	false	0.5
unscharf	neg 1.0		off 0.4784424885233029 neg 0.4540409891228601 __DUMMY__ 0.06751652235383704	false	0.5
schwinden	neg 1.0		off 0.47179662641497155 neg 0.45981063041270653 __DUMMY__ 0.06839274317232207	false	0.5
versklavung	neg 1.0		off 0.47792609297375915 neg 0.4541243985536922 __DUMMY__ 0.06794950847254874	false	0.5
schlecht	neg 1.0		off 0.4840369737766975 neg 0.44832953955836385 __DUMMY__ 0.06763348666493878	false	0.5
verhasst	neg 1.0		off 0.4759248713688375 neg 0.45666885259716433 __DUMMY__ 0.06740627603399799	false	0.5
beschweren	neg 1.0		off 0.47896700529045905 neg 0.4532481732604663 __DUMMY__ 0.06778482144907463	false	0.5
scheiden	neg 1.0		off 0.47867211055062214 neg 0.4530978762035429 __DUMMY__ 0.06823001324583497	false	0.5
frustriert	neg 1.0		off 0.47481767083823273 neg 0.45725298245608564 __DUMMY__ 0.06792934670568174	false	0.5
schimmelig	neg 1.0		off 0.4725423117114905 neg 0.4596420770879573 __DUMMY__ 0.0678156112005521	false	0.5
fisch	neg 1.0		off 0.47037138162345954 neg 0.46148583202118315 __DUMMY__ 0.06814278635535723	false	0.5
schmuggel	neg 1.0		off 0.4723247484867467 neg 0.45936986203085267 __DUMMY__ 0.06830538948240071	false	0.5
auffallen	neg 1.0		off 0.4797266620357612 neg 0.45255593014862167 __DUMMY__ 0.06771740781561715	false	0.5
konkurrenz	neg 1.0		off 0.4706109762377707 neg 0.4609220005075255 __DUMMY__ 0.06846702325470383	false	0.5
teufelskreis	neg 1.0	neg 1.0	neg 0.7142345409057338 off 0.2534369194157539 __DUMMY__ 0.03232853967851226	false	1.0
aufschreien	neg 1.0		off 0.47884806338944996 neg 0.4536066724352353 __DUMMY__ 0.06754526417531487	false	0.5
schuldner	neg 1.0		off 0.4696543098671025 neg 0.4622551464996607 __DUMMY__ 0.0680905436332368	false	0.5
missgeburt	off 1.0	off 1.0	off 0.7299622093336745 neg 0.23826201969633443 __DUMMY__ 0.03177577096999114	false	1.0
arbeitslos	neg 1.0		off 0.4723869415853807 neg 0.4598052066757665 __DUMMY__ 0.06780785173885276	false	0.5
befallen	neg 1.0		off 0.47509289363431606 neg 0.45690489270274465 __DUMMY__ 0.06800221366293939	false	0.5
miesepetrig	off 1.0	off 1.0	off 0.7277496164312922 neg 0.2400052063739454 __DUMMY__ 0.032245177194762414	false	1.0
alarmieren	neg 1.0		off 0.48034370192970244 neg 0.45221289945173526 __DUMMY__ 0.06744339861856224	false	0.5
ungeduscht	off 1.0		off 0.48046831307691057 neg 0.452120641215158 __DUMMY__ 0.06741104570793133	false	1.0
knappheit	neg 1.0		off 0.4709470117777892 neg 0.4613673456665582 __DUMMY__ 0.06768564255565258	false	0.5
schlange	neg 1.0		off 0.48142204085744256 neg 0.45027164378980333 __DUMMY__ 0.06830631535275418	false	0.5
harsch	neg 1.0		off 0.489245097062479 neg 0.4432647509307352 __DUMMY__ 0.06749015200678586	false	0.5
lang	neg 1.0		off 0.47884916586779214 neg 0.45306876895355924 __DUMMY__ 0.06808206517864868	false	0.5
ziellos	neg 1.0		off 0.4750612557294348 neg 0.456515074367963 __DUMMY__ 0.06842366990260225	false	0.5
selbstverliebt	neg 1.0		off 0.49111939328653537 neg 0.4426597203447575 __DUMMY__ 0.06622088636870725	false	0.5
beseitigen	neg 1.0		off 0.4758016639438419 neg 0.4560805414792969 __DUMMY__ 0.06811779457686118	false	0.5
dumm	off 1.0		off 0.4881366997583776 neg 0.4450306572954399 __DUMMY__ 0.0668326429461827	false	1.0
arbeitsloser	neg 1.0		off 0.4744209926272872 neg 0.45741101345209995 __DUMMY__ 0.06816799392061294	false	0.5
blitzen	neg 1.0		off 0.48047786708701196 neg 0.45175869419866327 __DUMMY__ 0.06776343871432483	false	0.5
hilflos	neg 1.0		off 0.4744710284236325 neg 0.4575560139175282 __DUMMY__ 0.06797295765883936	false	0.5
eklig	off 1.0		off 0.4874402356135213 neg 0.4460123652777236 __DUMMY__ 0.06654739910875512	false	1.0
begriff			off 0.4755226842738589 neg 0.45659360416397454 __DUMMY__ 0.06788371156216662	false	0.0
hungersnot	neg 1.0		off 0.4753110179060178 neg 0.45640180672250663 __DUMMY__ 0.06828717537147551	false	0.5
ungesetzlich	neg 1.0		off 0.474889232261408 neg 0.4576781507592687 __DUMMY__ 0.06743261697932348	false	0.5
verschwendung	neg 1.0		off 0.4721396117152061 neg 0.45965215983868196 __DUMMY__ 0.068208228446112	false	0.5
schmerzvoll	neg 1.0		off 0.4790555881565061 neg 0.4530826379275029 __DUMMY__ 0.067861773915991	false	0.5
vorzeitig	neg 1.0		off 0.48057795019932475 neg 0.4515751768768089 __DUMMY__ 0.0678468729238663	false	0.5
unvollkommenheit	neg 1.0		off 0.4767579664278352 neg 0.4546420120379939 __DUMMY__ 0.06860002153417086	false	0.5
intervenieren	neg 1.0		off 0.47124352739435016 neg 0.4606512144680368 __DUMMY__ 0.06810525813761294	false	0.5
banause	off 1.0		off 0.4889883184488736 neg 0.44482750638072677 __DUMMY__ 0.06618417517039973	false	1.0
rebell	neg 1.0		off 0.4686725651390023 neg 0.4628522037757076 __DUMMY__ 0.06847523108529012	false	0.5
unlogisch	neg 1.0		off 0.48397390918450256 neg 0.44898794195629693 __DUMMY__ 0.06703814885920051	false	0.5
leiden	neg 1.0		off 0.47247056959750283 neg 0.4590419284514027 __DUMMY__ 0.06848750195109445	false	0.5
abschaffung	neg 1.0		off 0.47703564753062405 neg 0.45507017687510226 __DUMMY__ 0.06789417559427355	false	0.5
sturz	neg 1.0		off 0.4790901407704016 neg 0.4526227546207618 __DUMMY__ 0.06828710460883657	false	0.5
verkleinerung	neg 1.0		off 0.4778581403975218 neg 0.45478212844394506 __DUMMY__ 0.06735973115853307	false	0.5
schmarotzer	off 1.0		off 0.47251864676865873 neg 0.45983738552621733 __DUMMY__ 0.06764396770512403	false	1.0
bestrafung	neg 1.0		off 0.47822509027760846 neg 0.45387026646834566 __DUMMY__ 0.06790464325404594	false	0.5
achtlos	neg 1.0	neg 1.0	neg 0.7128888702122812 off 0.2545593935189645 __DUMMY__ 0.03255173626875435	false	1.0
ungeheuer	neg 1.0		off 0.48107126620512347 neg 0.4509222123218236 __DUMMY__ 0.06800652147305299	false	0.5
unaufrichtig	neg 1.0		off 0.4816922881002587 neg 0.4503088794696014 __DUMMY__ 0.06799883243013977	false	0.5
groggy	neg 1.0		off 0.4807491091784693 neg 0.45140735731731446 __DUMMY__ 0.0678435335042162	false	0.5
