unsolidarisch	neg 1.0		off 0.48745175504295984 neg 0.47126316007598174 __DUMMY__ 0.04128508488105826	false	0.5
nachteilig	neg 1.0		off 0.48521906272981985 neg 0.47312112899007186 __DUMMY__ 0.041659808280108256	false	0.5
skeptisch	neg 1.0		off 0.485063988444395 neg 0.4732079181854829 __DUMMY__ 0.04172809337012199	false	0.5
schrecklich	neg 1.0		off 0.4999439181882274 neg 0.4589358325672106 __DUMMY__ 0.04112024924456183	false	0.5
schlapp	neg 1.0		off 0.4965715795283009 neg 0.46208019526689836 __DUMMY__ 0.04134822520480057	false	0.5
abfall	neg 1.0		off 0.4826287871414265 neg 0.4753840327410441 __DUMMY__ 0.041987180117529464	false	0.5
widerspenstig	neg 1.0		off 0.4910971462377325 neg 0.46733698386221334 __DUMMY__ 0.04156586990005427	false	0.5
abrupt	neg 1.0		off 0.4886543411185829 neg 0.46939677547965164 __DUMMY__ 0.04194888340176548	false	0.5
unwirksam	neg 1.0		off 0.4873098214116628 neg 0.47144352628576924 __DUMMY__ 0.041246652302567965	false	0.5
angreifen	neg 1.0		off 0.48460712001368783 neg 0.4736996092777379 __DUMMY__ 0.04169327070857417	false	0.5
inkonsistent	neg 1.0		off 0.4900146150410486 neg 0.4686384922242749 __DUMMY__ 0.041346892734676684	false	0.5
abrutschen	neg 1.0		off 0.4823312955418173 neg 0.47578213728729385 __DUMMY__ 0.041886567170888823	false	0.5
unsicher	neg 1.0		off 0.4912030485476895 neg 0.46715548619345154 __DUMMY__ 0.041641465258858965	false	0.5
bauernkind	off 1.0	off 1.0	off 0.7334354622086572 neg 0.24729950960275698 __DUMMY__ 0.01926502818858578	false	1.0
angreifer	neg 1.0	neg 1.0	neg 0.7169372893956643 off 0.263149033107969 __DUMMY__ 0.01991367749636678	false	1.0
trennen	neg 1.0		off 0.48703561720252153 neg 0.4709991177356092 __DUMMY__ 0.041965265061869275	false	0.5
schmutz	neg 1.0		off 0.4954191268771542 neg 0.4627810823243973 __DUMMY__ 0.041799790798448574	false	0.5
inkonsistenz	neg 1.0		off 0.4920350623539237 neg 0.4670406207962144 __DUMMY__ 0.04092431684986188	false	0.5
erschreckend	neg 1.0		off 0.48871606781312926 neg 0.4697917460982698 __DUMMY__ 0.041492186088600815	false	0.5
ertrinken	neg 1.0		off 0.48638289312818545 neg 0.4718221072541776 __DUMMY__ 0.04179499961763689	false	0.5
pickelface	off 1.0		off 0.490286037468078 neg 0.46804984920689946 __DUMMY__ 0.041664113325022456	false	1.0
seiner			off 0.48600327363658596 neg 0.4722224121128452 __DUMMY__ 0.0417743142505689	false	0.0
lauch	neg 1.0		off 0.48447748486616193 neg 0.4735049228748556 __DUMMY__ 0.04201759225898254	false	0.5
unwichtig	neg 1.0		off 0.4938989600924721 neg 0.4649326690031472 __DUMMY__ 0.04116837090438062	false	0.5
steuerhinterziehung	neg 1.0	neg 1.0	neg 0.7209009620769601 off 0.25924388125605874 __DUMMY__ 0.019855156666981125	false	1.0
schock	neg 1.0		off 0.490850128587523 neg 0.4674377397844498 __DUMMY__ 0.04171213162802727	false	0.5
beule	neg 1.0		off 0.49675911592504124 neg 0.46202066677007814 __DUMMY__ 0.041220217304880506	false	0.5
vergelten	neg 1.0		off 0.5007479332870607 neg 0.45787243380068543 __DUMMY__ 0.04137963291225392	false	0.5
verdorbenheit	neg 1.0		off 0.49400600413771667 neg 0.4641967337693713 __DUMMY__ 0.041797262092912006	false	0.5
trauma	neg 1.0		off 0.4916970551221985 neg 0.46676651059999186 __DUMMY__ 0.041536434277809654	false	0.5
sinnlos	neg 1.0		off 0.4927613122453893 neg 0.4657840137447549 __DUMMY__ 0.04145467400985569	false	0.5
fettsack	off 1.0	off 1.0	off 0.7351952911096427 neg 0.2454438979118609 __DUMMY__ 0.019360810978496543	false	1.0
feige	off 1.0	off 1.0	off 0.7326666941967244 neg 0.24776420456543188 __DUMMY__ 0.019569101237843802	false	1.0
abdanken	neg 1.0		off 0.4901932982738355 neg 0.4681775928589304 __DUMMY__ 0.041629108867234185	false	0.5
wichtigtuer	off 1.0	off 1.0	off 0.731671562262637 neg 0.24866054109011673 __DUMMY__ 0.019667896647246212	false	1.0
misslingen	neg 1.0		off 0.49522502816761893 neg 0.46282545119465934 __DUMMY__ 0.04194952063772185	false	0.5
untreu	off 1.0		off 0.4955832495319533 neg 0.4631616704364837 __DUMMY__ 0.04125508003156296	false	1.0
missmutig	neg 1.0		off 0.49579865477803114 neg 0.46282316306859483 __DUMMY__ 0.041378182153374	false	0.5
hurenbock	off 1.0		off 0.49414425739186757 neg 0.4642391207594197 __DUMMY__ 0.041616621848712856	false	1.0
betrunken	neg 1.0		off 0.49819013441487225 neg 0.4605451004162575 __DUMMY__ 0.041264765168870225	false	0.5
korrupt	off 1.0		off 0.48502300540141835 neg 0.4736069235963202 __DUMMY__ 0.04137007100226162	false	1.0
unmut	neg 1.0		off 0.4828912622879557 neg 0.4751751577197528 __DUMMY__ 0.04193357999229139	false	0.5
hackfresse	off 1.0		off 0.5022084314413001 neg 0.4569725971119585 __DUMMY__ 0.0408189714467413	false	1.0
aufblasen	neg 1.0		off 0.4933702254726432 neg 0.46506862535770477 __DUMMY__ 0.04156114916965205	false	0.5
gewaltsam	neg 1.0		off 0.4901000446424511 neg 0.4681763564200432 __DUMMY__ 0.041723598937505664	false	0.5
unbeliebtheit	neg 1.0		off 0.49264122234863766 neg 0.46619688525379754 __DUMMY__ 0.04116189239756468	false	0.5
sturheit	neg 1.0		off 0.48803123151586164 neg 0.4704554008235286 __DUMMY__ 0.04151336766060971	false	0.5
kuh	neg 1.0		off 0.4895923007680087 neg 0.4693458105300552 __DUMMY__ 0.0410618887019361	false	0.5
erschrecken	neg 1.0		off 0.4960926093685427 neg 0.4624503237500323 __DUMMY__ 0.04145706688142496	false	0.5
opfer	neg 1.0		off 0.48696801214355434 neg 0.47131651993477697 __DUMMY__ 0.04171546792166875	false	0.5
sinken	neg 1.0		off 0.48424305097668924 neg 0.4737899452782873 __DUMMY__ 0.04196700374502339	false	0.5
stinktier	neg 1.0		off 0.49596857567341485 neg 0.46342994729898823 __DUMMY__ 0.04060147702759694	false	0.5
tucke	off 1.0		off 0.5018130851020426 neg 0.4575831292756599 __DUMMY__ 0.040603785622297495	false	1.0
ein			off 0.49233503089590863 neg 0.4661040432060569 __DUMMY__ 0.041560925898034444	false	0.0
abstieg	neg 1.0		off 0.4868315853106807 neg 0.4713242499647216 __DUMMY__ 0.041844164724597635	false	0.5
missverstehen	neg 1.0		off 0.49125646384602617 neg 0.46755665822841136 __DUMMY__ 0.041186877925562485	false	0.5
ergebnislos	neg 1.0		off 0.4864462183295945 neg 0.4716978580558301 __DUMMY__ 0.041855923614575366	false	0.5
unter			off 0.4803851769243416 neg 0.4772470207363194 __DUMMY__ 0.042367802339338886	false	0.0
manipulieren	neg 1.0		off 0.48502973504104585 neg 0.4731855954350534 __DUMMY__ 0.04178466952390076	false	0.5
unbewiesen	neg 1.0		off 0.4865253369285143 neg 0.47227714055069353 __DUMMY__ 0.041197522520792146	false	0.5
verschleppen	neg 1.0		off 0.48660759087163086 neg 0.47176081053438934 __DUMMY__ 0.041631598593979816	false	0.5
weib	off 1.0		off 0.5002319728640526 neg 0.45925473081530127 __DUMMY__ 0.04051329632064605	false	1.0
opposition	neg 1.0		off 0.4910269871245083 neg 0.4676079763250426 __DUMMY__ 0.04136503655044919	false	0.5
verkehrswidrig	neg 1.0		off 0.5030874388736576 neg 0.455468473481059 __DUMMY__ 0.04144408764528342	false	0.5
inkorrekt	neg 1.0		off 0.49658930092196907 neg 0.4625063950282798 __DUMMY__ 0.04090430404975118	false	0.5
vermeiden	neg 1.0	neg 1.0	neg 0.7231783642525461 off 0.25669722989132915 __DUMMY__ 0.020124405856124756	false	1.0
abweichung	neg 1.0		off 0.48634380634753765 neg 0.4719973855036947 __DUMMY__ 0.04165880814876771	false	0.5
alkoholisiert	neg 1.0		off 0.48725651615616855 neg 0.4708936534876663 __DUMMY__ 0.04184983035616522	false	0.5
scheiss	off 1.0	off 1.0	off 0.7337659612879921 neg 0.24660974919321035 __DUMMY__ 0.019624289518797466	false	1.0
herausforderung	neg 1.0		off 0.48545706309347836 neg 0.4727761724948794 __DUMMY__ 0.04176676441164225	false	0.5
pervers	off 1.0		off 0.5050049904388488 neg 0.4543963109882334 __DUMMY__ 0.04059869857291763	false	1.0
wackelig	neg 1.0		off 0.4913670991366584 neg 0.4667134337003956 __DUMMY__ 0.041919467162946096	false	0.5
verwickeln	neg 1.0		off 0.4907328127510948 neg 0.4680514927623594 __DUMMY__ 0.041215694486545724	false	0.5
vorwand	neg 1.0		off 0.48415987585869535 neg 0.4741247234334318 __DUMMY__ 0.041715400707872836	false	0.5
muschi	off 1.0		off 0.4904284450104301 neg 0.46791159270293675 __DUMMY__ 0.0416599622866331	false	1.0
entmutigung	neg 1.0		off 0.49145305543081874 neg 0.4670682870315102 __DUMMY__ 0.0414786575376711	false	0.5
unangemessen	neg 1.0		off 0.48648529179487904 neg 0.472121849527078 __DUMMY__ 0.04139285867804298	false	0.5
unstetig	neg 1.0		off 0.49389205391610175 neg 0.4646308763179807 __DUMMY__ 0.04147706976591739	false	0.5
entmutigen	neg 1.0		off 0.49121189544479577 neg 0.4673035047095154 __DUMMY__ 0.04148459984568887	false	0.5
schwanz	neg 1.0		off 0.4879250843528816 neg 0.47031374621383937 __DUMMY__ 0.041761169433278914	false	0.5
verbot	neg 1.0		off 0.48689169217002537 neg 0.47149583841163933 __DUMMY__ 0.0416124694183353	false	0.5
leid	neg 1.0		off 0.5000849591735024 neg 0.4590210448559967 __DUMMY__ 0.04089399597050094	false	0.5
archaisch	neg 1.0		off 0.4886169787335645 neg 0.4698210575677709 __DUMMY__ 0.04156196369866458	false	0.5
gegen			off 0.4842678623705815 neg 0.4737613625255127 __DUMMY__ 0.0419707751039058	false	0.0
scheidung	neg 1.0		off 0.513202399926055 neg 0.4459771822389451 __DUMMY__ 0.040820417834999845	false	0.5
einschlag	neg 1.0		off 0.49859421264637804 neg 0.4602385058538239 __DUMMY__ 0.04116728149979801	false	0.5
m			off 0.48931267888076146 neg 0.4689152444513554 __DUMMY__ 0.0417720766678832	false	0.0
abgestanden	neg 1.0		off 0.49045454773335717 neg 0.4681334292363192 __DUMMY__ 0.04141202303032366	false	0.5
schmierig	off 1.0		off 0.5006272151724269 neg 0.4583161841283584 __DUMMY__ 0.04105660069921473	false	1.0
unpraktisch	neg 1.0		off 0.4928504390931274 neg 0.46560984117912757 __DUMMY__ 0.04153971972774486	false	0.5
wixxer	off 1.0		off 0.5037532996287124 neg 0.455801713998962 __DUMMY__ 0.04044498637232567	false	1.0
bezeichnet			off 0.48858774238561997 neg 0.4700597840175887 __DUMMY__ 0.04135247359679141	false	0.0
jammerlappen	off 1.0		off 0.4961062933526754 neg 0.46251332017549124 __DUMMY__ 0.04138038647183346	false	1.0
farce	neg 1.0		off 0.4879821213542029 neg 0.4704505557158265 __DUMMY__ 0.04156732292997069	false	0.5
zwecklos	neg 1.0		off 0.48710957660134685 neg 0.4713874138543397 __DUMMY__ 0.04150300954431352	false	0.5
turbulent	neg 1.0		off 0.495795026154239 neg 0.46309179582425447 __DUMMY__ 0.04111317802150668	false	0.5
invasion	neg 1.0		off 0.49240591941356693 neg 0.46615166179199075 __DUMMY__ 0.04144241879444237	false	0.5
schuld	neg 1.0		off 0.4904022727922177 neg 0.4682177681345355 __DUMMY__ 0.04137995907324674	false	0.5
risiko	neg 1.0	neg 1.0	neg 0.7176806602291629 off 0.2624211180937114 __DUMMY__ 0.019898221677125585	false	1.0
finster	neg 1.0		off 0.49067550217619293 neg 0.46798446740822874 __DUMMY__ 0.041340030415578294	false	0.5
geisteskrank	off 1.0		off 0.49428261468519796 neg 0.4647805746072412 __DUMMY__ 0.040936810707560924	false	1.0
zusammenbrechen	neg 1.0		off 0.488574764302495 neg 0.46979459546940816 __DUMMY__ 0.04163064022809682	false	0.5
ausbeute	neg 1.0		off 0.49243996549302754 neg 0.465324610282277 __DUMMY__ 0.04223542422469547	false	0.5
hinterhalt	neg 1.0		off 0.4939965846671278 neg 0.4638755341457677 __DUMMY__ 0.04212788118710463	false	0.5
kritik	neg 1.0		off 0.48738953846421296 neg 0.47107140301411854 __DUMMY__ 0.041539058521668566	false	0.5
einschrumpfen	neg 1.0		off 0.4933039809515356 neg 0.465460954217809 __DUMMY__ 0.04123506483065538	false	0.5
riskant	neg 1.0		off 0.484698189484677 neg 0.47369214678890714 __DUMMY__ 0.04160966372641586	false	0.5
frustrieren	neg 1.0		off 0.48613392127468363 neg 0.47224355791873857 __DUMMY__ 0.041622520806577926	false	0.5
groll	neg 1.0		off 0.486551673491677 neg 0.47193337191477336 __DUMMY__ 0.041514954593549654	false	0.5
gibt			off 0.48890764283315147 neg 0.469435760234599 __DUMMY__ 0.0416565969322496	false	0.0
qualvoll	neg 1.0		off 0.494249338151046 neg 0.4642936132398085 __DUMMY__ 0.04145704860914545	false	0.5
wackeln	neg 1.0		off 0.4934361414416342 neg 0.46485287643620077 __DUMMY__ 0.04171098212216499	false	0.5
klagen	neg 1.0		off 0.4829206859976112 neg 0.47525324985194334 __DUMMY__ 0.0418260641504456	false	0.5
bankrott	neg 1.0		off 0.496168058246293 neg 0.4623612795457862 __DUMMY__ 0.04147066220792077	false	0.5
trauern	neg 1.0		off 0.48835853883422453 neg 0.46973044370173284 __DUMMY__ 0.04191101746404271	false	0.5
ablehnung	neg 1.0		off 0.4869081271018728 neg 0.4715573758431406 __DUMMY__ 0.041534497054986554	false	0.5
stur	neg 1.0		off 0.4908529588002527 neg 0.4677507145372799 __DUMMY__ 0.041396326662467335	false	0.5
aufruhr	neg 1.0		off 0.4899011380489071 neg 0.4684461645880278 __DUMMY__ 0.041652697363065	false	0.5
melancholie	neg 1.0		off 0.48864531837719366 neg 0.46956246402246005 __DUMMY__ 0.0417922176003462	false	0.5
ist			off 0.49269255762102937 neg 0.46582759988169836 __DUMMY__ 0.041479842497272136	false	0.0
torheit	neg 1.0		off 0.4905119258316446 neg 0.46797931520138053 __DUMMY__ 0.04150875896697483	false	0.5
dreckskind	off 1.0		off 0.4993983860705804 neg 0.4599175156172187 __DUMMY__ 0.04068409831220076	false	1.0
umtauschen	neg 1.0		off 0.4910136404819057 neg 0.46736506882649614 __DUMMY__ 0.04162129069159821	false	0.5
zum			off 0.48543721925190636 neg 0.47217042719363883 __DUMMY__ 0.04239235355445481	false	0.0
zersetzen	neg 1.0		off 0.48364501028790174 neg 0.47473396294601905 __DUMMY__ 0.041621026766079296	false	0.5
zur			off 0.48271775826592855 neg 0.47505686563114763 __DUMMY__ 0.04222537610292387	false	0.0
frust	neg 1.0		off 0.4889627834669613 neg 0.4693637813099065 __DUMMY__ 0.04167343522313228	false	0.5
unerbittlichkeit	neg 1.0		off 0.4846858514110013 neg 0.47358648672475245 __DUMMY__ 0.04172766186424635	false	0.5
zwei			off 0.48596085469837524 neg 0.47175565407165604 __DUMMY__ 0.042283491229968634	false	0.0
unkorrekt	neg 1.0		off 0.49765972636040195 neg 0.46128371208541247 __DUMMY__ 0.04105656155418569	false	0.5
hexe	off 1.0		off 0.493690830243569 neg 0.4652410507624206 __DUMMY__ 0.04106811899401044	false	1.0
lasch	neg 1.0		off 0.49257745300290956 neg 0.46624572405814824 __DUMMY__ 0.04117682293894218	false	0.5
rivale	neg 1.0		off 0.49744068502101985 neg 0.4614027806863353 __DUMMY__ 0.041156534292644945	false	0.5
mutlos	off 1.0	off 1.0	off 0.7278877138689032 neg 0.25227529748588584 __DUMMY__ 0.019836988645210912	false	1.0
wirr	off 1.0		off 0.4974137875064261 neg 0.46167898383603223 __DUMMY__ 0.04090722865754173	false	1.0
jahr			off 0.4900691123992061 neg 0.46760200116890144 __DUMMY__ 0.04232888643189235	false	0.0
wird			off 0.4874558245814277 neg 0.47087496601226986 __DUMMY__ 0.041669209406302365	false	0.0
strafbar	neg 1.0		off 0.48512939722498727 neg 0.4732793705106629 __DUMMY__ 0.041591232264349964	false	0.5
erosion	neg 1.0		off 0.49213045907065994 neg 0.4661656858850463 __DUMMY__ 0.04170385504429381	false	0.5
eingehen	neg 1.0		off 0.4854517098273275 neg 0.47295862892332036 __DUMMY__ 0.041589661249352115	false	0.5
faul	off 1.0		off 0.4960823207602569 neg 0.4624622865958977 __DUMMY__ 0.0414553926438455	false	1.0
provisorium	neg 1.0		off 0.48199659989818466 neg 0.47556144460553823 __DUMMY__ 0.04244195549627695	false	0.5
schmerzen	neg 1.0		off 0.4885685602609615 neg 0.4699508189432801 __DUMMY__ 0.04148062079575834	false	0.5
schrumpfen	neg 1.0		off 0.4800956151854056 neg 0.4779904171539745 __DUMMY__ 0.04191396766062002	false	0.5
geistlos	off 1.0		off 0.4899894870477969 neg 0.46891376016939545 __DUMMY__ 0.041096752782807694	false	1.0
fehlkauf	neg 1.0		off 0.4931934510478515 neg 0.46526259169127404 __DUMMY__ 0.04154395726087456	false	0.5
frustrierend	neg 1.0		off 0.49421683904425157 neg 0.4644447378059833 __DUMMY__ 0.041338423149765345	false	0.5
unzufrieden	neg 1.0		off 0.4866307552035853 neg 0.47186657788517944 __DUMMY__ 0.04150266691123527	false	0.5
verzweifeln	neg 1.0		off 0.4892691579587729 neg 0.46915954913331775 __DUMMY__ 0.04157129290790942	false	0.5
verzweifelt	neg 1.0	neg 1.0	neg 0.7195562024585486 off 0.2607433049551808 __DUMMY__ 0.019700492586270643	false	1.0
misstrauensantrag	neg 1.0		off 0.49275491240974234 neg 0.4658002000180614 __DUMMY__ 0.04144488757219638	false	0.5
abfallen	neg 1.0		off 0.49318644411750695 neg 0.46514185419482035 __DUMMY__ 0.04167170168767254	false	0.5
fucker	off 1.0		off 0.49912701014038313 neg 0.4596088412718056 __DUMMY__ 0.041264148587811356	false	1.0
ungezogen	neg 1.0		off 0.5045480930365922 neg 0.4547687555165197 __DUMMY__ 0.04068315144688808	false	0.5
irrsinnig	neg 1.0	neg 1.0	neg 0.71926776746795 off 0.2610027573677082 __DUMMY__ 0.019729475164341724	false	1.0
unfassbar	neg 1.0		off 0.49721352587207046 neg 0.46147009087585994 __DUMMY__ 0.041316383252069544	false	0.5
hart	neg 1.0		off 0.4960784935546027 neg 0.46267074603907304 __DUMMY__ 0.041250760406324284	false	0.5
widerlich	off 1.0		off 0.4955947113677331 neg 0.46334181323254264 __DUMMY__ 0.04106347539972442	false	1.0
fatal	neg 1.0		off 0.4930481243184858 neg 0.46548776738410425 __DUMMY__ 0.04146410829740988	false	0.5
bruch	neg 1.0		off 0.48423887760671885 neg 0.47385875498110674 __DUMMY__ 0.04190236741217451	false	0.5
aushungern	neg 1.0		off 0.4885667549482855 neg 0.4697757782488859 __DUMMY__ 0.0416574668028286	false	0.5
anspannung	neg 1.0		off 0.48460684250714436 neg 0.47308818905503125 __DUMMY__ 0.04230496843782438	false	0.5
von			off 0.4911332568291367 neg 0.46643187780235945 __DUMMY__ 0.04243486536850384	false	0.0
kraftlos	neg 1.0		off 0.48906509321471786 neg 0.4691887690177118 __DUMMY__ 0.04174613776757031	false	0.5
vom			off 0.48398477862268496 neg 0.4734518692636371 __DUMMY__ 0.042563352113678024	false	0.0
grenzdebil	off 1.0		off 0.49770897746934933 neg 0.4609781825856254 __DUMMY__ 0.04131283994502523	false	1.0
vor			off 0.48609069539853084 neg 0.4719122360429986 __DUMMY__ 0.04199706855847061	false	0.0
unterwerfen	neg 1.0		off 0.48650879232677874 neg 0.47181470460267266 __DUMMY__ 0.041676503070548696	false	0.5
versenkung	neg 1.0		off 0.488193094072554 neg 0.46997085148252493 __DUMMY__ 0.041836054444921174	false	0.5
entziehen	neg 1.0		off 0.4835402925301475 neg 0.47464294800653956 __DUMMY__ 0.04181675946331294	false	0.5
finanzkrise	neg 1.0		off 0.488163325441972 neg 0.4703608596580908 __DUMMY__ 0.041475814899937215	false	0.5
schimpfend	neg 1.0		off 0.49278578129597583 neg 0.4657551233129784 __DUMMY__ 0.04145909539104581	false	0.5
profan	neg 1.0		off 0.4926464187118929 neg 0.4660021352660677 __DUMMY__ 0.041351446022039454	false	0.5
korruption	neg 1.0		off 0.4867517718340129 neg 0.4716191554279778 __DUMMY__ 0.04162907273800926	false	0.5
â			off 0.48923555903043087 neg 0.4689245932532084 __DUMMY__ 0.04183984771636082	false	0.0
schmutzig	neg 1.0		off 0.49872217849252054 neg 0.45992789113750565 __DUMMY__ 0.041349930369973885	false	0.5
sexy	neg 1.0		off 0.495233079584829 neg 0.46328328653698453 __DUMMY__ 0.04148363387818656	false	0.5
abraten	neg 1.0		off 0.4927831246488465 neg 0.465753120053242 __DUMMY__ 0.04146375529791154	false	0.5
schwarz	neg 1.0		off 0.4922028487205539 neg 0.4663178615914172 __DUMMY__ 0.04147928968802894	false	0.5
fotze	off 1.0	off 1.0	off 0.7304134060116232 neg 0.24964587972960445 __DUMMY__ 0.019940714258772353	false	1.0
verwirren	neg 1.0		off 0.493493411370027 neg 0.46512950024464805 __DUMMY__ 0.04137708838532483	false	0.5
zahnlos	off 1.0		off 0.48813174963540906 neg 0.47033020620559607 __DUMMY__ 0.04153804415899481	false	1.0
verheeren	neg 1.0		off 0.5069241171210765 neg 0.45232119750905886 __DUMMY__ 0.040754685369864645	false	0.5
hippie	neg 1.0		off 0.49471674827344486 neg 0.46379704726942367 __DUMMY__ 0.04148620445713158	false	0.5
rammen	neg 1.0		off 0.4911780258170588 neg 0.4674600100928828 __DUMMY__ 0.04136196409005851	false	0.5
unlauter	neg 1.0		off 0.4894800608346289 neg 0.46922498491173315 __DUMMY__ 0.04129495425363778	false	0.5
unheilvoll	neg 1.0		off 0.49328432169832903 neg 0.46518430141731515 __DUMMY__ 0.041531376884355806	false	0.5
niedrig	neg 1.0		off 0.48405267175358124 neg 0.4743781866948582 __DUMMY__ 0.041569141551560565	false	0.5
explosion	neg 1.0		off 0.4935523679827763 neg 0.46501204870335716 __DUMMY__ 0.04143558331386652	false	0.5
weichei	off 1.0	off 1.0	off 0.7362996208871644 neg 0.24424837365210741 __DUMMY__ 0.019452005460728134	false	1.0
minusmensch	off 1.0		off 0.5016712996697407 neg 0.4577372788393706 __DUMMY__ 0.040591421490888714	false	1.0
farblos	neg 1.0		off 0.4910886731237416 neg 0.4672774635245126 __DUMMY__ 0.041633863351745716	false	0.5
unwissend	neg 1.0	neg 1.0	neg 0.717340277101765 off 0.26303767411361834 __DUMMY__ 0.01962204878461672	false	1.0
traurig	neg 1.0		off 0.49955122193948054 neg 0.4592566266905814 __DUMMY__ 0.04119215136993799	false	0.5
senkung	neg 1.0		off 0.49165269475700046 neg 0.4670971871546202 __DUMMY__ 0.04125011808837944	false	0.5
ungleich	neg 1.0	neg 1.0	neg 0.7225611845035069 off 0.257587827493361 __DUMMY__ 0.01985098800313209	false	1.0
heikel	neg 1.0		off 0.4846435423950582 neg 0.47374955044678946 __DUMMY__ 0.04160690715815246	false	0.5
drosselung	neg 1.0		off 0.49685927463253304 neg 0.4619019237011087 __DUMMY__ 0.0412388016663582	false	0.5
falsch	neg 1.0		off 0.49385314094524024 neg 0.46487862607863556 __DUMMY__ 0.04126823297612407	false	0.5
unzufriedenheit	neg 1.0		off 0.4840670413079819 neg 0.4741665184930296 __DUMMY__ 0.04176644019898845	false	0.5
kurz	neg 1.0		off 0.4914249090015047 neg 0.46672667535522877 __DUMMY__ 0.04184841564326638	false	0.5
unsinnig	neg 1.0		off 0.48734134394115186 neg 0.471231481995494 __DUMMY__ 0.041427174063354145	false	0.5
penner	off 1.0	off 1.0	off 0.7373219997372623 neg 0.2432374720216271 __DUMMY__ 0.01944052824111058	false	1.0
seicht	neg 1.0		off 0.5024460431163931 neg 0.4569912843140164 __DUMMY__ 0.04056267256959066	false	0.5
dummheit	off 1.0	off 1.0	off 0.7317556584774065 neg 0.24859306934723144 __DUMMY__ 0.019651272175361955	false	1.0
unerfreulich	neg 1.0		off 0.48500585644167055 neg 0.47323653372077934 __DUMMY__ 0.04175760983755005	false	0.5
motherfucker	off 1.0	off 1.0	off 0.7349772804086987 neg 0.24537032951701784 __DUMMY__ 0.01965239007428351	false	1.0
pikiert	neg 1.0		off 0.4954165622834658 neg 0.463427628496986 __DUMMY__ 0.0411558092195482	false	0.5
wrack	neg 1.0		off 0.48990729795298793 neg 0.46829655208190973 __DUMMY__ 0.04179614996510235	false	0.5
gangster	neg 1.0		off 0.49471478143994635 neg 0.4638094132752893 __DUMMY__ 0.04147580528476446	false	0.5
krank	neg 1.0		off 0.4979757935806194 neg 0.4606921817885592 __DUMMY__ 0.04133202463082147	false	0.5
reich	neg 1.0		off 0.4975377823309263 neg 0.4610056053196628 __DUMMY__ 0.04145661234941091	false	0.5
gnadenlos	neg 1.0		off 0.4911273679782298 neg 0.46743221680502334 __DUMMY__ 0.041440415216746886	false	0.5
niedergeschlagen	neg 1.0		off 0.489793016982357 neg 0.4685297817207736 __DUMMY__ 0.041677201296869484	false	0.5
terrorisieren	off 1.0	off 1.0	off 0.7289120904023301 neg 0.25116672999338246 __DUMMY__ 0.01992117960428758	false	1.0
sinnlosigkeit	neg 1.0		off 0.48782770794757424 neg 0.4705970070117846 __DUMMY__ 0.041575285040641285	false	0.5
behindern	neg 1.0		off 0.49036882094823986 neg 0.4679937645207896 __DUMMY__ 0.041637414530970494	false	0.5
undemokratisch	neg 1.0		off 0.49070580643435496 neg 0.4678512507930148 __DUMMY__ 0.04144294277263021	false	0.5
wirtschaftskrise	neg 1.0		off 0.4862635508737715 neg 0.47213549417833867 __DUMMY__ 0.04160095494788996	false	0.5
neid	neg 1.0		off 0.4956911720274088 neg 0.46284525768058743 __DUMMY__ 0.04146357029200383	false	0.5
rutschen	neg 1.0		off 0.48621075501879824 neg 0.47146442005823863 __DUMMY__ 0.042324824922963265	false	0.5
rezession	neg 1.0		off 0.4951494795947125 neg 0.46413971435045714 __DUMMY__ 0.04071080605483031	false	0.5
fehlgeburt	neg 1.0		off 0.4933902007089798 neg 0.46505475995752893 __DUMMY__ 0.04155503933349129	false	0.5
charakterschwach	off 1.0		off 0.4953663129029203 neg 0.4635612852443698 __DUMMY__ 0.04107240185270992	false	1.0
isolation	neg 1.0		off 0.49464819211001176 neg 0.4639390158135602 __DUMMY__ 0.041412792076428055	false	0.5
ablenkung	neg 1.0		off 0.49161711258749985 neg 0.4667419372584795 __DUMMY__ 0.0416409501540207	false	0.5
pech	neg 1.0		off 0.49439878077746047 neg 0.464249831204925 __DUMMY__ 0.041351388017614565	false	0.5
vermeidung	neg 1.0		off 0.4975772512735395 neg 0.46112839130509253 __DUMMY__ 0.04129435742136782	false	0.5
dominieren	neg 1.0		off 0.487557087216643 neg 0.47064261154683673 __DUMMY__ 0.041800301236520204	false	0.5
schwindlig	neg 1.0		off 0.49432788629480695 neg 0.46410089633028395 __DUMMY__ 0.041571217374909035	false	0.5
lutscher	neg 1.0		off 0.5037082316218047 neg 0.45567857223841923 __DUMMY__ 0.040613196139776174	false	0.5
pflicht	neg 1.0		off 0.48394409195562155 neg 0.47434861221242497 __DUMMY__ 0.041707295831953484	false	0.5
faschist	off 1.0		off 0.49374600324561296 neg 0.4648694085804925 __DUMMY__ 0.04138458817389449	false	1.0
verschleudern	neg 1.0		off 0.4845968811339159 neg 0.47378832239277957 __DUMMY__ 0.0416147964733045	false	0.5
wenn			off 0.4946445007523439 neg 0.46402933921846606 __DUMMY__ 0.041326160029190095	false	0.0
ehebruch	neg 1.0		off 0.48700007102138826 neg 0.47133744774529135 __DUMMY__ 0.04166248123332041	false	0.5
spott	off 1.0		off 0.4860285530706316 neg 0.4723354542417017 __DUMMY__ 0.04163599268766659	false	1.0
trostlosigkeit	neg 1.0		off 0.48569978070903125 neg 0.4723501395738927 __DUMMY__ 0.04195007971707594	false	0.5
lutschen	neg 1.0		off 0.4936265423836549 neg 0.4650787374139277 __DUMMY__ 0.04129472020241737	false	0.5
undiszipliniert	neg 1.0		off 0.4979290654244466 neg 0.46096588413019113 __DUMMY__ 0.04110505044536223	false	0.5
kopfschmerz	neg 1.0		off 0.4877779009325177 neg 0.4706801823767027 __DUMMY__ 0.04154191669077951	false	0.5
unvorhergesehen	neg 1.0		off 0.48904291630291685 neg 0.468896228660138 __DUMMY__ 0.04206085503694512	false	0.5
desinteressiert	neg 1.0	neg 1.0	neg 0.7158477443227675 off 0.26456053403115193 __DUMMY__ 0.019591721646080584	false	1.0
armselig	off 1.0		off 0.4970597951170265 neg 0.46200947190100694 __DUMMY__ 0.040930732981966526	false	1.0
desaster	neg 1.0		off 0.48307240780168015 neg 0.4750512351900909 __DUMMY__ 0.04187635700822904	false	0.5
tod	neg 1.0		off 0.49052270956872374 neg 0.4675232231292239 __DUMMY__ 0.04195406730205236	false	0.5
herzlos	neg 1.0		off 0.4983334844450513 neg 0.4606055420504785 __DUMMY__ 0.04106097350447011	false	0.5
unwissenheit	neg 1.0		off 0.4870900278761974 neg 0.4713584472716197 __DUMMY__ 0.04155152485218288	false	0.5
widersinnig	neg 1.0		off 0.48493662808802634 neg 0.4737332830154691 __DUMMY__ 0.041330088896504504	false	0.5
bedenklich	neg 1.0		off 0.485780315403365 neg 0.472667023421483 __DUMMY__ 0.041552661175151946	false	0.5
beanstanden	neg 1.0		off 0.4838917383979698 neg 0.47435647258909314 __DUMMY__ 0.04175178901293711	false	0.5
panisch	neg 1.0	neg 1.0	neg 0.7164516082803235 off 0.26364998808090734 __DUMMY__ 0.019898403638769192	false	1.0
debil	off 1.0		off 0.4817065786807284 neg 0.47600511866473605 __DUMMY__ 0.04228830265453557	false	1.0
abstrich	neg 1.0		off 0.4943283599485076 neg 0.46364563025687744 __DUMMY__ 0.04202600979461502	false	0.5
primitiv	neg 1.0		off 0.49548214726484396 neg 0.46349155275863446 __DUMMY__ 0.04102629997652169	false	0.5
abschaum	off 1.0	off 1.0	off 0.7333238476589014 neg 0.2470458551414056 __DUMMY__ 0.01963029719969301	false	1.0
provozieren	neg 1.0		off 0.4896013600453884 neg 0.46908331930555563 __DUMMY__ 0.041315320649055985	false	0.5
tot	neg 1.0		off 0.48780534697314626 neg 0.47056732678017515 __DUMMY__ 0.0416273262466786	false	0.5
instabil	neg 1.0		off 0.49811507409184136 neg 0.4607858613324204 __DUMMY__ 0.0410990645757382	false	0.5
schwuchtel	off 1.0	off 1.0	off 0.7396290994243975 neg 0.24114796595606952 __DUMMY__ 0.019222934619533002	false	1.0
zerren	neg 1.0		off 0.4892192598694622 neg 0.469079942024776 __DUMMY__ 0.0417007981057618	false	0.5
kinderficker	off 1.0		off 0.5012543569211065 neg 0.45777516394590995 __DUMMY__ 0.04097047913298364	false	1.0
gefahr	neg 1.0		off 0.48517868391270846 neg 0.47292349412521173 __DUMMY__ 0.04189782196207982	false	0.5
rabiat	neg 1.0		off 0.49087963327956263 neg 0.46755933319588694 __DUMMY__ 0.04156103352455042	false	0.5
verlangsamung	neg 1.0		off 0.49956483590475265 neg 0.4598609330891445 __DUMMY__ 0.040574231006102815	false	0.5
ausgestorben	neg 1.0		off 0.49120206145112316 neg 0.46715794818266376 __DUMMY__ 0.04163999036621311	false	0.5
anklagen	neg 1.0		off 0.4877824313674333 neg 0.4705231554701918 __DUMMY__ 0.04169441316237488	false	0.5
trott	neg 1.0		off 0.4907759324187126 neg 0.4675928787441219 __DUMMY__ 0.0416311888371654	false	0.5
verminderung	neg 1.0		off 0.49651672656182216 neg 0.4623433526158132 __DUMMY__ 0.04113992082236452	false	0.5
nach			off 0.48476537291319255 neg 0.4728767331529646 __DUMMY__ 0.04235789393384294	false	0.0
rost	neg 1.0		off 0.5009197530904134 neg 0.4582094720693375 __DUMMY__ 0.040870774840249174	false	0.5
destruktiv	neg 1.0		off 0.48858068321536 neg 0.47003015146040683 __DUMMY__ 0.04138916532423317	false	0.5
unzumutbarkeit	neg 1.0		off 0.496955612750611 neg 0.46167729880973063 __DUMMY__ 0.04136708843965833	false	0.5
labil	off 1.0	off 1.0	off 0.7333380963465099 neg 0.24697099244324702 __DUMMY__ 0.019690911210243002	false	1.0
ziemlich	neg 1.0		off 0.497542138268623 neg 0.4610898648833167 __DUMMY__ 0.041367996848060404	false	0.5
lachnummer	off 1.0		off 0.48956724159289733 neg 0.46903625341564453 __DUMMY__ 0.041396504991458034	false	1.0
oder			off 0.4925104092351435 neg 0.4658764015724938 __DUMMY__ 0.04161318919236283	false	0.0
verfall	neg 1.0		off 0.4812532196011938 neg 0.4767287651983951 __DUMMY__ 0.04201801520041106	false	0.5
ausgrenzung	neg 1.0		off 0.49165343126190647 neg 0.4668985707993454 __DUMMY__ 0.041447997938748204	false	0.5
unordnung	neg 1.0		off 0.5013220728899558 neg 0.45724328294969974 __DUMMY__ 0.041434644160344494	false	0.5
fehlverhalten	neg 1.0		off 0.48351632976512876 neg 0.4749051020179227 __DUMMY__ 0.04157856821694859	false	0.5
eine			off 0.48611909092967576 neg 0.47196795270561603 __DUMMY__ 0.04191295636470827	false	0.0
nille	neg 1.0		off 0.4913829174339635 neg 0.4669118212700396 __DUMMY__ 0.04170526129599695	false	0.5
qual	neg 1.0		off 0.49038474469118676 neg 0.4679644408248595 __DUMMY__ 0.04165081448395373	false	0.5
verschwenden	neg 1.0		off 0.485205090236026 neg 0.4732187641534806 __DUMMY__ 0.04157614561049346	false	0.5
riesig	neg 1.0		off 0.4884775664093473 neg 0.46969797974122024 __DUMMY__ 0.041824453849432494	false	0.5
verurteilen	neg 1.0		off 0.4861314825100804 neg 0.47239587446819753 __DUMMY__ 0.041472643021721996	false	0.5
klischee	neg 1.0	neg 1.0	neg 0.7179926870939127 off 0.262348933646892 __DUMMY__ 0.019658379259195308	false	1.0
diktatorisch	neg 1.0		off 0.4905941597180314 neg 0.46800183100544085 __DUMMY__ 0.04140400927652774	false	0.5
vorhersehbar	neg 1.0		off 0.4918248010786732 neg 0.4669737069354866 __DUMMY__ 0.04120149198584013	false	0.5
sowie			off 0.5002129504632614 neg 0.45884283655719754 __DUMMY__ 0.040944212979541116	false	0.0
stornieren	neg 1.0		off 0.49661149147114586 neg 0.4615233309298843 __DUMMY__ 0.0418651775989699	false	0.5
besteuerung	neg 1.0		off 0.4885850032566997 neg 0.4701669249760782 __DUMMY__ 0.0412480717672221	false	0.5
ungeschminkt	neg 1.0		off 0.4949020340497179 neg 0.46411328670030183 __DUMMY__ 0.0409846792499802	false	0.5
kritisch	neg 1.0		off 0.48590815062529946 neg 0.47248542635797913 __DUMMY__ 0.041606423016721336	false	0.5
schlamperei	off 1.0		off 0.48625507529776085 neg 0.4719195914697076 __DUMMY__ 0.041825333232531535	false	1.0
sucht	neg 1.0	neg 1.0	neg 0.7158086825458468 off 0.26410373759605593 __DUMMY__ 0.020087579858097244	false	1.0
egoistisch	off 1.0		off 0.4998099321543288 neg 0.45939474444850364 __DUMMY__ 0.04079532339716763	false	1.0
ausbeuter	off 1.0		off 0.48286103906451516 neg 0.47562643256022213 __DUMMY__ 0.04151252837526273	false	1.0
arschgeburt	off 1.0		off 0.5053667198687666 neg 0.45436427778370986 __DUMMY__ 0.04026900234752369	false	1.0
schubs	neg 1.0		off 0.4891927588558916 neg 0.4691433434316649 __DUMMY__ 0.04166389771244351	false	0.5
unsolide	neg 1.0		off 0.4906491054554745 neg 0.46804899699148295 __DUMMY__ 0.04130189755304263	false	0.5
beschwerde	neg 1.0		off 0.4860484537407828 neg 0.4722665528002737 __DUMMY__ 0.041684993458943435	false	0.5
stocken	neg 1.0		off 0.48644680156071063 neg 0.4717631513224727 __DUMMY__ 0.04179004711681663	false	0.5
isolieren	neg 1.0		off 0.4873089284127458 neg 0.47103172345104943 __DUMMY__ 0.04165934813620469	false	0.5
unheilbar	neg 1.0		off 0.4909161796099764 neg 0.46754252682398834 __DUMMY__ 0.041541293566035184	false	0.5
pisser	off 1.0		off 0.497649816038125 neg 0.46130659831471255 __DUMMY__ 0.041043585647162456	false	1.0
löschen	neg 1.0		off 0.49113236264587584 neg 0.4672454224462379 __DUMMY__ 0.04162221490788628	false	0.5
durchfallen	neg 1.0		off 0.48546166636422083 neg 0.47307729237366164 __DUMMY__ 0.04146104126211734	false	0.5
wichser	off 1.0	off 1.0	off 0.7387672464431093 neg 0.24188518803900996 __DUMMY__ 0.01934756551788081	false	1.0
terror	neg 1.0		off 0.49444115221641116 neg 0.46407224487720206 __DUMMY__ 0.041486602906386796	false	0.5
krass	neg 1.0		off 0.4993195629509582 neg 0.45964079658731966 __DUMMY__ 0.04103964046172208	false	0.5
revolte	neg 1.0		off 0.493073964751538 neg 0.4654132875851943 __DUMMY__ 0.041512747663267846	false	0.5
besorgt	neg 1.0		off 0.4920995707745993 neg 0.46594231983145157 __DUMMY__ 0.04195810939394926	false	0.5
nachlassen	neg 1.0		off 0.4880701684429768 neg 0.46998592924934585 __DUMMY__ 0.041943902307677375	false	0.5
alt	neg 1.0		off 0.487653176054602 neg 0.4707499438623774 __DUMMY__ 0.04159688008302066	false	0.5
hundesohn	off 1.0		off 0.5042397135628788 neg 0.45509215181556584 __DUMMY__ 0.040668134621555406	false	1.0
als			off 0.48841098187852805 neg 0.4699525169490458 __DUMMY__ 0.04163650117242617	false	0.0
abschreckung	neg 1.0		off 0.4836376375077865 neg 0.4746039638982405 __DUMMY__ 0.041758398593973005	false	0.5
unqualifiziert	neg 1.0		off 0.4922785224208286 neg 0.46659279494250755 __DUMMY__ 0.04112868263666382	false	0.5
abgewichst	off 1.0		off 0.49071925774558217 neg 0.46754798402723746 __DUMMY__ 0.04173275822718025	false	1.0
schwer	neg 1.0		off 0.48941434978076487 neg 0.46907561906176803 __DUMMY__ 0.04151003115746703	false	0.5
bedeutungslosigkeit	neg 1.0		off 0.484817216502499 neg 0.4734571245441273 __DUMMY__ 0.04172565895337368	false	0.5
kapitulation	neg 1.0		off 0.4869088511339204 neg 0.4713453197259646 __DUMMY__ 0.041745829140115	false	0.5
unscharf	neg 1.0		off 0.49184996376185763 neg 0.4668776381743845 __DUMMY__ 0.04127239806375793	false	0.5
schwinden	neg 1.0		off 0.4853429371308587 neg 0.47284702930379185 __DUMMY__ 0.04181003356534947	false	0.5
versklavung	neg 1.0		off 0.49140447208032834 neg 0.46705733360158164 __DUMMY__ 0.041538194318090145	false	0.5
schlecht	neg 1.0		off 0.49747862177714364 neg 0.46117679428909525 __DUMMY__ 0.041344583933761114	false	0.5
verhasst	neg 1.0		off 0.4892919165131323 neg 0.4695026348724028 __DUMMY__ 0.04120544861446489	false	0.5
beschweren	neg 1.0		off 0.4924204285039406 neg 0.4661420597437387 __DUMMY__ 0.04143751175232089	false	0.5
scheiden	neg 1.0		off 0.49221678842796784 neg 0.4660735351426786 __DUMMY__ 0.04170967642935349	false	0.5
frustriert	neg 1.0		off 0.4882851006989851 neg 0.4701886595620251 __DUMMY__ 0.04152623973898977	false	0.5
schimmelig	neg 1.0		off 0.48598901838988473 neg 0.47255520564005615 __DUMMY__ 0.04145577597005921	false	0.5
fisch	neg 1.0		off 0.4838758636912075 neg 0.4744680380650754 __DUMMY__ 0.041656098243717084	false	0.5
schmuggel	neg 1.0		off 0.48585697913130255 neg 0.4723868626313659 __DUMMY__ 0.04175615823733146	false	0.5
auffallen	neg 1.0		off 0.493169996929182 neg 0.46543387989497914 __DUMMY__ 0.041396123175838864	false	0.5
konkurrenz	neg 1.0		off 0.4841677328876507 neg 0.4739766252161045 __DUMMY__ 0.04185564189624488	false	0.5
teufelskreis	neg 1.0	neg 1.0	neg 0.7204001729609056 off 0.25985710675800916 __DUMMY__ 0.01974272028108521	false	1.0
aufschreien	neg 1.0		off 0.4922536796327557 neg 0.46645570153704413 __DUMMY__ 0.041290618830200194	false	0.5
schuldner	neg 1.0		off 0.4831337442102511 neg 0.4752415233961913 __DUMMY__ 0.04162473239355769	false	0.5
missgeburt	off 1.0	off 1.0	off 0.736278608825226 neg 0.2443168837619682 __DUMMY__ 0.01940450741280577	false	1.0
arbeitslos	neg 1.0		off 0.48582074544760473 neg 0.4727275082694143 __DUMMY__ 0.04145174628298091	false	0.5
befallen	neg 1.0		off 0.4885745158958845 neg 0.46985524253506494 __DUMMY__ 0.04157024156905038	false	0.5
miesepetrig	off 1.0	off 1.0	off 0.7341594841220627 neg 0.2461489673226961 __DUMMY__ 0.019691548555241217	false	1.0
alarmieren	neg 1.0		off 0.49373121416441484 neg 0.465040966790846 __DUMMY__ 0.04122781904473904	false	0.5
ungeduscht	off 1.0		off 0.4938612734031074 neg 0.46493086855388455 __DUMMY__ 0.04120785804300795	false	1.0
knappheit	neg 1.0		off 0.48435201762127145 neg 0.4742716403489031 __DUMMY__ 0.04137634202982543	false	0.5
schlange	neg 1.0		off 0.49498930961422805 neg 0.46325362136686077 __DUMMY__ 0.041757069018911096	false	0.5
harsch	neg 1.0		off 0.5026784076009368 neg 0.4560652567348372 __DUMMY__ 0.0412563356642258	false	0.5
lang	neg 1.0		off 0.4923619579609464 neg 0.46601815004249264 __DUMMY__ 0.04161989199656102	false	0.5
ziellos	neg 1.0		off 0.4886281065572275 neg 0.4695426916283043 __DUMMY__ 0.041829201814468114	false	0.5
selbstverliebt	neg 1.0		off 0.5043061270932931 neg 0.4552156585392332 __DUMMY__ 0.04047821436747375	false	0.5
beseitigen	neg 1.0		off 0.48931027212940165 neg 0.4690486296044978 __DUMMY__ 0.041641098266100664	false	0.5
dumm	off 1.0		off 0.5014352025886694 neg 0.45771144107017636 __DUMMY__ 0.04085335634115425	false	1.0
arbeitsloser	neg 1.0		off 0.4879298745653819 neg 0.4703977670073853 __DUMMY__ 0.04167235842723276	false	0.5
blitzen	neg 1.0		off 0.49393224094128846 neg 0.4646433802090628 __DUMMY__ 0.04142437884964879	false	0.5
hilflos	neg 1.0		off 0.4879467549879559 neg 0.4705002901268959 __DUMMY__ 0.04155295488514821	false	0.5
eklig	off 1.0		off 0.5006821788823685 neg 0.45863942073073427 __DUMMY__ 0.04067840038689722	false	1.0
begriff			off 0.48898185725529997 neg 0.46952002827024847 __DUMMY__ 0.04149811447445164	false	0.0
hungersnot	neg 1.0		off 0.48884890261300384 neg 0.46940598090883534 __DUMMY__ 0.04174511647816097	false	0.5
ungesetzlich	neg 1.0		off 0.4882528265442672 neg 0.470525865741978 __DUMMY__ 0.04122130771375488	false	0.5
verschwendung	neg 1.0		off 0.4856523827580724 neg 0.4726503660454526 __DUMMY__ 0.04169725119647508	false	0.5
schmerzvoll	neg 1.0		off 0.49252552667206867 neg 0.46598980105519616 __DUMMY__ 0.0414846722727351	false	0.5
vorzeitig	neg 1.0		off 0.4940504116196324 neg 0.4644745647282226 __DUMMY__ 0.04147502365214506	false	0.5
unvollkommenheit	neg 1.0		off 0.4903661771230026 neg 0.4676970893880458 __DUMMY__ 0.04193673348895175	false	0.5
intervenieren	neg 1.0		off 0.48472955067565604 neg 0.47363651856476174 __DUMMY__ 0.04163393075958224	false	0.5
banause	off 1.0		off 0.5021634485216392 neg 0.4573809758250747 __DUMMY__ 0.040455575653285974	false	1.0
rebell	neg 1.0		off 0.48223176904664966 neg 0.47590783608481524 __DUMMY__ 0.041860394868534954	false	0.5
unlogisch	neg 1.0		off 0.4972987398936955 neg 0.46172181813088353 __DUMMY__ 0.04097944197542093	false	0.5
leiden	neg 1.0		off 0.48604476399512003 neg 0.472087325168349 __DUMMY__ 0.0418679108365309	false	0.5
abschaffung	neg 1.0		off 0.49050242888327406 neg 0.46799328982759575 __DUMMY__ 0.04150428128913012	false	0.5
sturz	neg 1.0		off 0.4926432677348782 neg 0.46561174305026093 __DUMMY__ 0.041744989214860875	false	0.5
verkleinerung	neg 1.0		off 0.4912230421462938 neg 0.4676005563808156 __DUMMY__ 0.041176401472890534	false	0.5
schmarotzer	off 1.0		off 0.48591921214288336 neg 0.472729592211959 __DUMMY__ 0.041351195645157705	false	1.0
bestrafung	neg 1.0		off 0.4916978548940728 neg 0.4667912761153854 __DUMMY__ 0.04151086899054178	false	0.5
achtlos	neg 1.0	neg 1.0	neg 0.7190955136148268 off 0.26102535566340324 __DUMMY__ 0.01987913072177	false	1.0
ungeheuer	neg 1.0		off 0.49457838409982346 neg 0.463848637377972 __DUMMY__ 0.041572978522204644	false	0.5
unaufrichtig	neg 1.0		off 0.49519380581250216 neg 0.4632378771119045 __DUMMY__ 0.041568317075593296	false	0.5
