unsolidarisch	neg 1.0		__DUMMY__ 0.46430007492778336 off 0.2717547004264326 neg 0.2639452246457841	false	0.5
nachteilig	neg 1.0		__DUMMY__ 0.468247569421836 off 0.26781021464026067 neg 0.26394221593790335	false	0.5
skeptisch	neg 1.0		__DUMMY__ 0.46888941122891514 off 0.2673726798956025 neg 0.26373790887548243	false	0.5
schrecklich	neg 1.0		__DUMMY__ 0.46260722781432356 off 0.2839623329195942 neg 0.2534304392660823	false	0.5
schlapp	neg 1.0		__DUMMY__ 0.4650228339064976 off 0.27965918005587315 neg 0.2553179860376293	false	0.5
abfall	neg 1.0		__DUMMY__ 0.47165164655985653 neg 0.2645154517590429 off 0.26383290168110063	false	1.0
widerspenstig	neg 1.0		__DUMMY__ 0.46729129495820904 off 0.2735927068112626 neg 0.2591159982305285	false	0.5
abrupt	neg 1.0		__DUMMY__ 0.471370164868169 off 0.26945996699212316 neg 0.25916986813970766	false	0.5
unwirksam	neg 1.0		__DUMMY__ 0.4639437880040728 off 0.2716498865657736 neg 0.2644063254301535	false	0.5
angreifen	neg 1.0		__DUMMY__ 0.46851393602717406 off 0.2671316075521079 neg 0.26435445642071803	false	0.5
inkonsistent	neg 1.0		__DUMMY__ 0.4650467315725992 off 0.27359729046388154 neg 0.2613559779635192	false	0.5
abrutschen	neg 1.0		__DUMMY__ 0.4705505894554127 neg 0.2653969945231124 off 0.26405241602147483	false	1.0
unsicher	neg 1.0		__DUMMY__ 0.46800714511576913 off 0.2734298658591972 neg 0.2585629890250337	false	0.5
bauernkind	off 1.0	off 1.0	off 0.6303334030369581 __DUMMY__ 0.22096571486357516 neg 0.14870088209946675	false	1.0
angreifer	neg 1.0	neg 1.0	neg 0.6149767518674738 __DUMMY__ 0.2281847254671575 off 0.15683852266536866	false	1.0
trennen	neg 1.0		__DUMMY__ 0.4714101921051235 off 0.2679703561904661 neg 0.26061945170441037	false	0.5
schmutz	neg 1.0		__DUMMY__ 0.4698686250178292 off 0.27643337053968997 neg 0.25369800444248086	false	0.5
inkonsistenz	neg 1.0		__DUMMY__ 0.46055672878164855 off 0.27766520513135307 neg 0.2617780660869984	false	0.5
erschreckend	neg 1.0		__DUMMY__ 0.4664141048110391 off 0.2718919078084377 neg 0.26169398738052313	false	0.5
ertrinken	neg 1.0		__DUMMY__ 0.46962625503636 off 0.26820947695477754 neg 0.26216426800886233	false	0.5
pickelface	off 1.0		__DUMMY__ 0.46828672138359184 off 0.27245327090924915 neg 0.259260007707159	false	1.0
seiner			__DUMMY__ 0.46937455363357394 off 0.26799633447234816 neg 0.2626291118940779	false	0.0
lauch	neg 1.0		__DUMMY__ 0.47198565915489527 off 0.2653315363258849 neg 0.2626828045192198	false	0.5
unwichtig	neg 1.0		__DUMMY__ 0.46306886978899925 off 0.2781944388940642 neg 0.2587366913169365	false	0.5
steuerhinterziehung	neg 1.0	neg 1.0	neg 0.6191757254421181 __DUMMY__ 0.22752501759158322 off 0.15329925696629862	false	1.0
schock	neg 1.0		__DUMMY__ 0.46877159494079135 off 0.27271704680790365 neg 0.25851135825130506	false	0.5
beule	neg 1.0		__DUMMY__ 0.463705661558811 off 0.28042278192198733 neg 0.2558715565192015	false	0.5
vergelten	neg 1.0		__DUMMY__ 0.4654327898099491 off 0.28349009869190445 neg 0.25107711149814654	false	0.5
verdorbenheit	neg 1.0		__DUMMY__ 0.46971678011521956 off 0.27512629400059746 neg 0.2551569258841831	false	0.5
trauma	neg 1.0		__DUMMY__ 0.4668776284723072 off 0.2743808568845573 neg 0.2587415146431356	false	0.5
sinnlos	neg 1.0		__DUMMY__ 0.46605142839830677 off 0.275773397978725 neg 0.2581751736229682	false	0.5
fettsack	off 1.0	off 1.0	off 0.6316131906919383 __DUMMY__ 0.22202513524670642 neg 0.1463616740613552	false	1.0
feige	off 1.0	off 1.0	off 0.6281282378589076 __DUMMY__ 0.22431485315228933 neg 0.14755690898880308	false	1.0
abdanken	neg 1.0		__DUMMY__ 0.46792399215697406 off 0.27264738333098526 neg 0.25942862451204063	false	0.5
wichtigtuer	off 1.0	off 1.0	off 0.6266457185131905 __DUMMY__ 0.2254124239769041 neg 0.14794185750990538	false	1.0
misslingen	neg 1.0		__DUMMY__ 0.4713968048465119 off 0.2755716252502556 neg 0.2530315699032325	false	0.5
untreu	off 1.0		__DUMMY__ 0.46398813476277107 off 0.27930579402230715 neg 0.2567060712149217	false	1.0
missmutig	neg 1.0		__DUMMY__ 0.46531574318344443 off 0.27888406527379994 neg 0.25580019154275574	false	0.5
hurenbock	off 1.0		__DUMMY__ 0.4679057177782262 off 0.27611939385176754 neg 0.25597488837000615	false	1.0
betrunken	neg 1.0		__DUMMY__ 0.46414112475581115 off 0.2815846032997335 neg 0.2542742719444553	false	0.5
korrupt	off 1.0		__DUMMY__ 0.4651735134512198 off 0.26909892140289804 neg 0.26572756514588225	false	1.0
unmut	neg 1.0		__DUMMY__ 0.47105066299727094 neg 0.26455914456755064 off 0.26439019243517853	false	1.0
hackfresse	off 1.0		__DUMMY__ 0.45947399818128015 off 0.2874853806105102 neg 0.25304062120820975	false	1.0
aufblasen	neg 1.0		__DUMMY__ 0.46721044149073643 off 0.2757521417547511 neg 0.2570374167545126	false	0.5
gewaltsam	neg 1.0		__DUMMY__ 0.46895144255236715 off 0.2719775125164725 neg 0.2590710449311604	false	0.5
unbeliebtheit	neg 1.0		__DUMMY__ 0.46310694379439554 off 0.2770418308263033 neg 0.2598512253793012	false	0.5
sturheit	neg 1.0		__DUMMY__ 0.4666615367530656 off 0.27118926088870166 neg 0.2621492023582327	false	0.5
kuh	neg 1.0		__DUMMY__ 0.4620811805005683 off 0.27453315095691233 neg 0.2633856685425192	false	0.5
erschrecken	neg 1.0		__DUMMY__ 0.466104491109855 off 0.27880610328269767 neg 0.2550894056074474	false	0.5
opfer	neg 1.0		__DUMMY__ 0.46877647708130965 off 0.2691976120988681 neg 0.2620259108198222	false	0.5
sinken	neg 1.0		__DUMMY__ 0.47148741632905905 off 0.2653998456161969 neg 0.2631127380547441	false	0.5
stinktier	neg 1.0		__DUMMY__ 0.45720246412459414 off 0.2827266989498514 neg 0.2600708369255544	false	0.5
tucke	off 1.0		__DUMMY__ 0.45729048821149604 off 0.28808609820007963 neg 0.2546234135884244	false	1.0
ein			__DUMMY__ 0.4672509549396695 off 0.27473936869203425 neg 0.2580096763682963	false	0.0
abstieg	neg 1.0		__DUMMY__ 0.47020635907016 off 0.26840792933013 neg 0.2613857115997099	false	0.5
missverstehen	neg 1.0		__DUMMY__ 0.46324905858784904 off 0.2756900689839716 neg 0.26106087242817944	false	0.5
ergebnislos	neg 1.0		__DUMMY__ 0.4702949206878334 off 0.2680207210870475 neg 0.26168435822511915	false	0.5
unter			__DUMMY__ 0.4756272116146594 neg 0.26450532866594506 off 0.25986745971939557	false	0.0
manipulieren	neg 1.0		__DUMMY__ 0.46953173049274616 off 0.2670827736296674 neg 0.2633854958775865	false	0.5
unbewiesen	neg 1.0		__DUMMY__ 0.46339415035993764 off 0.2713152231959898 neg 0.2652906264440727	false	0.5
verschleppen	neg 1.0		__DUMMY__ 0.4679587698163881 off 0.2692704251943505 neg 0.2627708049892615	false	0.5
weib	off 1.0		__DUMMY__ 0.45627712624650985 off 0.28711392747116016 neg 0.2566089462823301	false	1.0
opposition	neg 1.0		__DUMMY__ 0.46516571273279855 off 0.27449863236416544 neg 0.2603356549030359	false	0.5
verkehrswidrig	neg 1.0		__DUMMY__ 0.4661139340205481 off 0.2852112962250184 neg 0.2486747697544335	false	0.5
inkorrekt	neg 1.0		__DUMMY__ 0.460356662347698 off 0.28200368898634665 neg 0.25763964866595535	false	0.5
vermeiden	neg 1.0	neg 1.0	neg 0.6201083980922193 __DUMMY__ 0.23053329371201048 off 0.14935830819577034	false	1.0
abweichung	neg 1.0		__DUMMY__ 0.46827561821052816 off 0.2688446319394919 neg 0.2628797498499801	false	0.5
alkoholisiert	neg 1.0		__DUMMY__ 0.4703725551830285 off 0.2685261674881988 neg 0.26110127732877275	false	0.5
scheiss	off 1.0	off 1.0	off 0.6287979519162062 __DUMMY__ 0.2249811421884686 neg 0.1462209058953252	false	1.0
herausforderung	neg 1.0		__DUMMY__ 0.4694014869869467 off 0.2674614329309121 neg 0.26313708008214104	false	0.5
pervers	off 1.0		__DUMMY__ 0.45718681444186887 off 0.2911365671620307 neg 0.25167661839610056	false	1.0
wackelig	neg 1.0		__DUMMY__ 0.47097151864099646 off 0.2721404534959958 neg 0.2568880278630078	false	0.5
verwickeln	neg 1.0		__DUMMY__ 0.4635487352657025 off 0.2750714544762801 neg 0.2613798102580174	false	0.5
vorwand	neg 1.0		__DUMMY__ 0.468761742121591 off 0.26660723957628074 neg 0.2646310183021282	false	0.5
muschi	off 1.0		__DUMMY__ 0.46822448088965235 off 0.27262006968822894 neg 0.25915544942211866	false	1.0
entmutigung	neg 1.0		__DUMMY__ 0.46637445341325817 off 0.274505843982551 neg 0.25911970260419076	false	0.5
unangemessen	neg 1.0		__DUMMY__ 0.46538630408659515 off 0.2703230759096025 neg 0.2642906200038025	false	0.5
unstetig	neg 1.0		__DUMMY__ 0.46646537885863365 off 0.2765572059823326 neg 0.2569774151590337	false	0.5
entmutigen	neg 1.0		__DUMMY__ 0.46640344924539284 off 0.2741784916823385 neg 0.25941805907226884	false	0.5
schwanz	neg 1.0		__DUMMY__ 0.46932121896528445 off 0.2697432940588992 neg 0.26093548697581626	false	0.5
verbot	neg 1.0		__DUMMY__ 0.46773282056474036 off 0.2696607953523714 neg 0.2626063840828881	false	0.5
leid	neg 1.0		__DUMMY__ 0.46025722475642644 off 0.28515524365833156 neg 0.2545875315852419	false	0.5
archaisch	neg 1.0		__DUMMY__ 0.46719683561346015 off 0.27143383522755815 neg 0.2613693291589817	false	0.5
gegen			__DUMMY__ 0.47145867409593845 off 0.2655016825491874 neg 0.2630396433548742	false	0.0
scheidung	neg 1.0		__DUMMY__ 0.4596070133978084 off 0.29773221823613827 neg 0.24266076836605333	false	0.5
einschlag	neg 1.0		__DUMMY__ 0.46314427347937936 off 0.28247545515654654 neg 0.25438027136407393	false	0.5
m			__DUMMY__ 0.4693440704150142 off 0.27101014448411775 neg 0.259645785100868	false	0.0
abgestanden	neg 1.0		__DUMMY__ 0.4657549356287162 off 0.2735743236712348 neg 0.26067074070004903	false	0.5
schmierig	off 1.0		__DUMMY__ 0.4619618387678921 off 0.2848816718863465 neg 0.2531564893457615	false	1.0
unpraktisch	neg 1.0		__DUMMY__ 0.4670021633949772 off 0.2753252666493556 neg 0.2576725699556674	false	0.5
wixxer	off 1.0		__DUMMY__ 0.4555686164496717 off 0.2907113377958132 neg 0.25372004575451496	false	1.0
bezeichnet			__DUMMY__ 0.4649643402513574 off 0.2724463719863699 neg 0.2625892877622727	false	0.0
jammerlappen	off 1.0		__DUMMY__ 0.46529135975271535 off 0.2792184935634503 neg 0.2554901466838344	false	1.0
farce	neg 1.0		__DUMMY__ 0.46727171803911033 off 0.2708705905888526 neg 0.2618576913720371	false	0.5
zwecklos	neg 1.0		__DUMMY__ 0.46653340973962837 off 0.27035622399384224 neg 0.2631103662665295	false	0.5
turbulent	neg 1.0		__DUMMY__ 0.4626579115917918 off 0.28009105631726805 neg 0.2572510320909401	false	0.5
invasion	neg 1.0		__DUMMY__ 0.4659161853419406 off 0.27546942924297585 neg 0.25861438541508347	false	0.5
schuld	neg 1.0		__DUMMY__ 0.46524580042893465 off 0.2739781129602239 neg 0.26077608661084145	false	0.5
risiko	neg 1.0	neg 1.0	neg 0.6157773705681595 __DUMMY__ 0.22803339578467574 off 0.15618923364716472	false	1.0
finster	neg 1.0		__DUMMY__ 0.4649497456769663 off 0.27418240405482086 neg 0.26086785026821296	false	0.5
geisteskrank	off 1.0		__DUMMY__ 0.460641434210769 off 0.2796847307244847 neg 0.25967383506474645	false	1.0
zusammenbrechen	neg 1.0		__DUMMY__ 0.4678735964615167 off 0.2710632225936111 neg 0.26106318094487213	false	0.5
ausbeute	neg 1.0		__DUMMY__ 0.4743705498225742 off 0.27154701537892934 neg 0.25408243479849646	false	0.5
hinterhalt	neg 1.0		__DUMMY__ 0.47328072663047577 off 0.2735491130788324 neg 0.2531701602906918	false	0.5
kritik	neg 1.0		__DUMMY__ 0.4669664183370478 off 0.27046692232796515 neg 0.2625666593349872	false	0.5
einschrumpfen	neg 1.0		__DUMMY__ 0.46379205696932596 off 0.2773074558722178 neg 0.25890048715845626	false	0.5
riskant	neg 1.0		__DUMMY__ 0.46763673451920484 off 0.2675961325840969 neg 0.26476713289669807	false	0.5
frustrieren	neg 1.0		__DUMMY__ 0.46778528019015453 off 0.26886533781228295 neg 0.26334938199756264	false	0.5
groll	neg 1.0		__DUMMY__ 0.46667535932167653 off 0.26978417411755834 neg 0.26354046656076513	false	0.5
gibt			__DUMMY__ 0.46813918989854425 off 0.27126913905670025 neg 0.26059167104475545	false	0.0
qualvoll	neg 1.0		__DUMMY__ 0.4661351539385273 off 0.27706103322716885 neg 0.2568038128343039	false	0.5
wackeln	neg 1.0		__DUMMY__ 0.46877124315551083 off 0.27510564404088994 neg 0.2561231128035993	false	0.5
klagen	neg 1.0		__DUMMY__ 0.46995294092007844 neg 0.2651137866516499 off 0.2649332724282716	false	1.0
bankrott	neg 1.0		__DUMMY__ 0.4662564160195765 off 0.2787441924618813 neg 0.2549993915185423	false	0.5
trauern	neg 1.0		__DUMMY__ 0.4708766829313403 off 0.2695117942683427 neg 0.2596115228003169	false	0.5
ablehnung	neg 1.0		__DUMMY__ 0.46691051579269477 off 0.27005859343768956 neg 0.26303089076961567	false	0.5
stur	neg 1.0		__DUMMY__ 0.4654313850591629 off 0.274305480469685 neg 0.260263134471152	false	0.5
aufruhr	neg 1.0		__DUMMY__ 0.46818389346786893 off 0.27218089253364336 neg 0.2596352139984877	false	0.5
melancholie	neg 1.0		__DUMMY__ 0.4696702349126373 off 0.27019070845979104 neg 0.2601390566275716	false	0.5
ist			__DUMMY__ 0.4663149206854365 off 0.27557365178069815 neg 0.2581114275338654	false	0.0
torheit	neg 1.0		__DUMMY__ 0.4666831606207772 off 0.27346720975497807 neg 0.2598496296242446	false	0.5
dreckskind	off 1.0		__DUMMY__ 0.4580555465146876 off 0.28554438089726913 neg 0.2564000725880432	false	1.0
umtauschen	neg 1.0		__DUMMY__ 0.4678803217249991 off 0.27316591651088534 neg 0.25895376176411544	false	0.5
zum			__DUMMY__ 0.4759262699846011 off 0.26438415992608266 neg 0.2596895700893162	false	0.0
zersetzen	neg 1.0		__DUMMY__ 0.46778447243191695 off 0.266575771812008 neg 0.2656397557560751	false	0.5
zur			__DUMMY__ 0.4741444273431162 neg 0.26308419108150966 off 0.2627713815753741	false	0.0
frust	neg 1.0		__DUMMY__ 0.4683212271182432 off 0.2712347854092925 neg 0.2604439874724642	false	0.5
unerbittlichkeit	neg 1.0		__DUMMY__ 0.46891357669916683 off 0.2670266911532734 neg 0.2640597321475598	false	0.5
zwei			__DUMMY__ 0.47476891941347077 off 0.26538211779771886 neg 0.2598489627888104	false	0.0
unkorrekt	neg 1.0		__DUMMY__ 0.4619916970024252 off 0.28219754248619633 neg 0.25581076051137835	false	0.5
hexe	off 1.0		__DUMMY__ 0.46212705808189664 off 0.2783160689157404 neg 0.25955687300236313	false	1.0
lasch	neg 1.0		__DUMMY__ 0.46316678788066423 off 0.27696098048911366 neg 0.25987223163022205	false	0.5
rivale	neg 1.0		__DUMMY__ 0.4630367047699928 off 0.2814317723473005 neg 0.25553152288270664	false	0.5
mutlos	off 1.0	off 1.0	off 0.6220658685957392 __DUMMY__ 0.22729702735967905 neg 0.1506371040445818	false	1.0
wirr	off 1.0		__DUMMY__ 0.4604331276575787 off 0.282637859285916 neg 0.2569290130565053	false	1.0
jahr			__DUMMY__ 0.47530804331585796 off 0.2689499182763199 neg 0.25574203840782206	false	0.0
wird			__DUMMY__ 0.4682729842846037 off 0.2698271529263775 neg 0.26189986278901883	false	0.0
strafbar	neg 1.0		__DUMMY__ 0.4674867612286647 off 0.2681187457672123 neg 0.26439449300412304	false	0.5
erosion	neg 1.0		__DUMMY__ 0.46866609669184944 off 0.2739265311273132 neg 0.2574073721808374	false	0.5
eingehen	neg 1.0		__DUMMY__ 0.46743828856085734 off 0.26839757466767505 neg 0.2641641367714675	false	0.5
faul	off 1.0		__DUMMY__ 0.4661387745477404 off 0.2787079161452443 neg 0.2551533093070154	false	1.0
provisorium	neg 1.0		__DUMMY__ 0.4764200029518135 neg 0.26260179258803773 off 0.2609782044601488	false	1.0
schmerzen	neg 1.0		__DUMMY__ 0.46640496703239165 off 0.27157928181083346 neg 0.26201575115677495	false	0.5
schrumpfen	neg 1.0		__DUMMY__ 0.47088241774669853 neg 0.267260275837661 off 0.26185730641564037	false	1.0
geistlos	off 1.0		__DUMMY__ 0.462341500035144 off 0.2749866100502911 neg 0.2626718899145649	false	1.0
fehlkauf	neg 1.0		__DUMMY__ 0.4670011602775671 off 0.27572993372327437 neg 0.25726890599915847	false	0.5
frustrierend	neg 1.0		__DUMMY__ 0.46485268400514584 off 0.2776541738895899 neg 0.25749314210526425	false	0.5
unzufrieden	neg 1.0		__DUMMY__ 0.4665217886543435 off 0.26991585870147605 neg 0.26356235264418054	false	0.5
verzweifeln	neg 1.0		__DUMMY__ 0.4672527024973938 off 0.2719933557343433 neg 0.2607539417682628	false	0.5
verzweifelt	neg 1.0	neg 1.0	neg 0.6186888416013822 __DUMMY__ 0.22577089506711226 off 0.1555402633315056	false	1.0
misstrauensantrag	neg 1.0		__DUMMY__ 0.46600130289731084 off 0.27571281212443444 neg 0.2582858849782548	false	0.5
abfallen	neg 1.0		__DUMMY__ 0.4683830667572545 off 0.27500100992846244 neg 0.2566159233142831	false	0.5
fucker	off 1.0		__DUMMY__ 0.4640428474214906 off 0.28259293076355074 neg 0.2533642218149586	false	1.0
ungezogen	neg 1.0		__DUMMY__ 0.45807305583589 off 0.290299391506593 neg 0.251627552657517	false	0.5
irrsinnig	neg 1.0	neg 1.0	neg 0.6182491747943601 __DUMMY__ 0.2260966431799131 off 0.15565418202572678	false	1.0
unfassbar	neg 1.0		__DUMMY__ 0.46463469730323387 off 0.28053185881875653 neg 0.25483344387800966	false	0.5
hart	neg 1.0		__DUMMY__ 0.4640567521874948 off 0.2797101084679598 neg 0.2562331393445455	false	0.5
widerlich	off 1.0		__DUMMY__ 0.4619841656580853 off 0.280262479419396 neg 0.2577533549225187	false	1.0
fatal	neg 1.0		__DUMMY__ 0.4661175430793166 off 0.27599681271319737 neg 0.2578856442074859	false	0.5
bruch	neg 1.0		__DUMMY__ 0.4707849872656164 off 0.26577869555301975 neg 0.26343631718136395	false	0.5
aushungern	neg 1.0		__DUMMY__ 0.4682171765251677 off 0.27101935911720215 neg 0.2607634643576301	false	0.5
anspannung	neg 1.0		__DUMMY__ 0.47499944220237483 off 0.26409133742683777 neg 0.26090922037078734	false	0.5
von			__DUMMY__ 0.47645950483463445 off 0.26944720639366615 neg 0.2540932887716995	false	0.0
kraftlos	neg 1.0		__DUMMY__ 0.4691269708401993 off 0.270907352944397 neg 0.2599656762154039	false	0.5
vom			__DUMMY__ 0.4777232395058576 off 0.2621900993776179 neg 0.2600866611165246	false	0.0
grenzdebil	off 1.0		__DUMMY__ 0.46460940341778056 off 0.28098731906718205 neg 0.2544032775150372	false	1.0
vor			__DUMMY__ 0.4717046703271808 off 0.2670005320382668 neg 0.2612947976345523	false	0.0
unterwerfen	neg 1.0		__DUMMY__ 0.468387462058738 off 0.2689694457414407 neg 0.2626430921998213	false	0.5
versenkung	neg 1.0		__DUMMY__ 0.47002609316663363 off 0.2697740276107853 neg 0.26019987922258103	false	0.5
entziehen	neg 1.0		__DUMMY__ 0.469818893795964 off 0.2655491470644484 neg 0.2646319591395875	false	0.5
finanzkrise	neg 1.0		__DUMMY__ 0.4663327313720677 off 0.27140846191519635 neg 0.262258806712736	false	0.5
schimpfend	neg 1.0		__DUMMY__ 0.4662105225004879 off 0.27559197701600635 neg 0.2581975004835058	false	0.5
profan	neg 1.0		__DUMMY__ 0.46500028665214627 off 0.27611971600949275 neg 0.258879997338361	false	0.5
korruption	neg 1.0		__DUMMY__ 0.467910487079496 off 0.2694316633855411 neg 0.26265784953496296	false	0.5
â			__DUMMY__ 0.47005830093421397 off 0.2706106371626437 neg 0.25933106190314226	false	0.0
schmutzig	neg 1.0		__DUMMY__ 0.46500426518165805 off 0.2817424299280743 neg 0.2532533048902677	false	0.5
sexy	neg 1.0		__DUMMY__ 0.46633699896503356 off 0.2778983443704838 neg 0.25576465666448256	false	0.5
abraten	neg 1.0		__DUMMY__ 0.4661907709826584 off 0.2756865099052679 neg 0.2581227191120739	false	0.5
schwarz	neg 1.0		__DUMMY__ 0.4662888194686715 off 0.27512595523889755 neg 0.25858522529243094	false	0.5
fotze	off 1.0	off 1.0	off 0.6239740249557861 __DUMMY__ 0.22847764147110225 neg 0.1475483335731116	false	1.0
verwirren	neg 1.0		__DUMMY__ 0.4652438732351802 off 0.2768132425201279 neg 0.257942884244692	false	0.5
zahnlos	off 1.0		__DUMMY__ 0.46689515470344184 off 0.2711537984945306 neg 0.2619510468020277	false	1.0
verheeren	neg 1.0		__DUMMY__ 0.4588408084673148 off 0.29222446006615976 neg 0.2489347314665255	false	0.5
hippie	neg 1.0		__DUMMY__ 0.4663524263723896 off 0.2774267102656284 neg 0.25622086336198197	false	0.5
rammen	neg 1.0		__DUMMY__ 0.4652272377766171 off 0.274546238504237 neg 0.260226523719146	false	0.5
unlauter	neg 1.0		__DUMMY__ 0.4644643047353873 off 0.2734843328418063 neg 0.2620513624228064	false	0.5
unheilvoll	neg 1.0		__DUMMY__ 0.4669561267103424 off 0.2757545168708817 neg 0.257289356418776	false	0.5
niedrig	neg 1.0		__DUMMY__ 0.46737156964435017 off 0.26703950336230436 neg 0.2655889269933456	false	0.5
explosion	neg 1.0		__DUMMY__ 0.4658626102809214 off 0.27655494219012994 neg 0.2575824475289486	false	0.5
weichei	off 1.0	off 1.0	off 0.6322456846876077 __DUMMY__ 0.22304024980208625 neg 0.14471406551030608	false	1.0
minusmensch	off 1.0		__DUMMY__ 0.45708676830099143 off 0.2881886665084686 neg 0.25472456519053993	false	1.0
farblos	neg 1.0		__DUMMY__ 0.46809926167324467 off 0.2731574185443827 neg 0.25874331978237264	false	0.5
unwissend	neg 1.0	neg 1.0	neg 0.6168907993619226 __DUMMY__ 0.22491644528621357 off 0.15819275535186383	false	1.0
traurig	neg 1.0		__DUMMY__ 0.4633554129836351 off 0.28326777583792445 neg 0.2533768111784405	false	0.5
senkung	neg 1.0		__DUMMY__ 0.4639831049256442 off 0.2756358761465733 neg 0.2603810189277824	false	0.5
ungleich	neg 1.0	neg 1.0	neg 0.620857518406885 __DUMMY__ 0.22746294960316185 off 0.1516795319899532	false	1.0
heikel	neg 1.0		__DUMMY__ 0.4676234374497125 off 0.2675617499600253 neg 0.2648148125902623	false	0.5
drosselung	neg 1.0		__DUMMY__ 0.4638999189978604 off 0.2804751737060603 neg 0.2556249072960794	false	0.5
falsch	neg 1.0		__DUMMY__ 0.4641206480798814 off 0.2776504286751129 neg 0.25822892324500557	false	0.5
unzufriedenheit	neg 1.0		__DUMMY__ 0.46930331983405754 off 0.26628455570287407 neg 0.2644121244630685	false	0.5
kurz	neg 1.0		__DUMMY__ 0.47020260300160066 off 0.2725648401330237 neg 0.2572325568653756	false	0.5
unsinnig	neg 1.0		__DUMMY__ 0.46575115124354793 off 0.27092846280180394 neg 0.26332038595464824	false	0.5
penner	off 1.0	off 1.0	off 0.6333353133863157 __DUMMY__ 0.22290643295085036 neg 0.14375825366283396	false	1.0
seicht	neg 1.0		__DUMMY__ 0.4567827144618381 off 0.2890195774709617 neg 0.25419770806720016	false	0.5
dummheit	off 1.0	off 1.0	off 0.6268083314995436 __DUMMY__ 0.22522842827361364 neg 0.1479632402268427	false	1.0
unerfreulich	neg 1.0		__DUMMY__ 0.4692302118004244 off 0.2671328225071497 neg 0.263636965692426	false	0.5
motherfucker	off 1.0	off 1.0	off 0.6299798534307433 __DUMMY__ 0.2252425179747563 neg 0.14477762859450038	false	1.0
pikiert	neg 1.0		__DUMMY__ 0.46295514052964093 off 0.27965697450166443 neg 0.2573878849686947	false	0.5
wrack	neg 1.0		__DUMMY__ 0.46978484434925993 off 0.27134337363777417 neg 0.2588717820129659	false	0.5
gangster	neg 1.0		__DUMMY__ 0.4662501322119712 off 0.2774619015482941 neg 0.25628796623973454	false	0.5
krank	neg 1.0		__DUMMY__ 0.4648460412773015 off 0.28107558203330263 neg 0.25407837668939587	false	0.5
reich	neg 1.0		__DUMMY__ 0.4662884422126874 off 0.28005230093887007 neg 0.25365925684844254	false	0.5
gnadenlos	neg 1.0		__DUMMY__ 0.46587529353749857 off 0.27435795443164657 neg 0.2597667520308547	false	0.5
niedergeschlagen	neg 1.0		__DUMMY__ 0.46841240882619106 off 0.2719095639005693 neg 0.25967802727323946	false	0.5
terrorisieren	off 1.0	off 1.0	off 0.6226428546563819 __DUMMY__ 0.22823296142617913 neg 0.14912418391743887	false	1.0
sinnlosigkeit	neg 1.0		__DUMMY__ 0.46729720764087856 off 0.27065925546235337 neg 0.2620435368967679	false	0.5
behindern	neg 1.0		__DUMMY__ 0.4679587883017851 off 0.2726232691112672 neg 0.2594179425869476	false	0.5
undemokratisch	neg 1.0		__DUMMY__ 0.46597769867335975 off 0.2740105552512856 neg 0.26001174607535454	false	0.5
wirtschaftskrise	neg 1.0		__DUMMY__ 0.467626912007493 off 0.2690884699259391 neg 0.2632846180665681	false	0.5
neid	neg 1.0		__DUMMY__ 0.4662203472379575 off 0.2783435850219393 neg 0.2554360677401032	false	0.5
rutschen	neg 1.0		__DUMMY__ 0.47520644884152724 off 0.26541208087929463 neg 0.25938147027917824	false	0.5
rezession	neg 1.0		__DUMMY__ 0.4583295844260217 off 0.2815093054124144 neg 0.260161110161564	false	0.5
fehlgeburt	neg 1.0		__DUMMY__ 0.46729987775000215 off 0.27572447426602203 neg 0.256975647983976	false	0.5
charakterschwach	off 1.0		__DUMMY__ 0.46209611973630976 off 0.2800338271496952 neg 0.257870053113995	false	1.0
isolation	neg 1.0		__DUMMY__ 0.465633870520024 off 0.277651846319314 neg 0.2567142831606621	false	0.5
ablenkung	neg 1.0		__DUMMY__ 0.4680104950864285 off 0.2737922721911818 neg 0.25819723272238965	false	0.5
pech	neg 1.0		__DUMMY__ 0.4650833619082429 off 0.2775949919384802 neg 0.25732164615327696	false	0.5
vermeidung	neg 1.0		__DUMMY__ 0.46444759453908796 off 0.2808845209877977 neg 0.2546678844731144	false	0.5
dominieren	neg 1.0		__DUMMY__ 0.4697582712905722 off 0.2692451860076649 neg 0.26099654270176287	false	0.5
schwindlig	neg 1.0		__DUMMY__ 0.46735960197274573 off 0.2764854348730905 neg 0.25615496315416375	false	0.5
lutscher	neg 1.0		__DUMMY__ 0.4573353265961039 off 0.2898579483081546 neg 0.25280672509574154	false	0.5
pflicht	neg 1.0		__DUMMY__ 0.4686633843881222 off 0.2664610022075276 neg 0.26487561340435006	false	0.5
faschist	off 1.0		__DUMMY__ 0.4653799979653626 off 0.27710758329273966 neg 0.25751241874189773	false	1.0
verschleudern	neg 1.0		__DUMMY__ 0.4678005443737297 off 0.2674445048874721 neg 0.2647549507387982	false	0.5
wenn			__DUMMY__ 0.4647187196980498 off 0.2781054748945274 neg 0.25717580540742274	false	0.0
ehebruch	neg 1.0		__DUMMY__ 0.46825271571302013 off 0.2695023510118494 neg 0.26224493327513054	false	0.5
spott	off 1.0		__DUMMY__ 0.4679507005718149 off 0.26874267614960273 neg 0.26330662327858234	false	1.0
trostlosigkeit	neg 1.0		__DUMMY__ 0.47127747925517854 off 0.26686606676407887 neg 0.2618564539807425	false	0.5
lutschen	neg 1.0		__DUMMY__ 0.46443831869568536 off 0.2772970544027138 neg 0.25826462690160074	false	0.5
undiszipliniert	neg 1.0		__DUMMY__ 0.4624588370095692 off 0.28215960349476293 neg 0.25538155949566804	false	0.5
kopfschmerz	neg 1.0		__DUMMY__ 0.46707468784448725 off 0.27053507612037997 neg 0.2623902360351328	false	0.5
unvorhergesehen	neg 1.0		__DUMMY__ 0.47250156644680896 off 0.2692237507775514 neg 0.25827468277563964	false	0.5
desinteressiert	neg 1.0	neg 1.0	neg 0.6155604349672847 __DUMMY__ 0.2245848825728884 off 0.15985468245982679	false	1.0
armselig	off 1.0		__DUMMY__ 0.4605902135999709 off 0.28227593448460825 neg 0.2571338519154209	false	1.0
desaster	neg 1.0		__DUMMY__ 0.4704610406978428 off 0.2648455319066041 neg 0.26469342739555307	false	0.5
tod	neg 1.0		__DUMMY__ 0.4714478781432504 off 0.27117505704753975 neg 0.2573770648092099	false	0.5
herzlos	neg 1.0		__DUMMY__ 0.46197240219548613 off 0.28278266442291605 neg 0.2552449333815979	false	0.5
unwissenheit	neg 1.0		__DUMMY__ 0.4670692341820733 off 0.2701101608780208 neg 0.2628206049399058	false	0.5
widersinnig	neg 1.0		__DUMMY__ 0.46476970599117445 off 0.26920193443749857 neg 0.26602835957132703	false	0.5
bedenklich	neg 1.0		__DUMMY__ 0.4670500120868718 off 0.26888369127221917 neg 0.26406629664090925	false	0.5
beanstanden	neg 1.0		__DUMMY__ 0.4691563843255941 off 0.26618604451412303 neg 0.2646575711602829	false	0.5
panisch	neg 1.0	neg 1.0	neg 0.6146373115020486 __DUMMY__ 0.22801767343412696 off 0.15734501506382445	false	1.0
debil	off 1.0		__DUMMY__ 0.4748339140009716 neg 0.26374021688081206 off 0.2614258691182164	false	0.5
abstrich	neg 1.0		__DUMMY__ 0.4723132760731182 off 0.2741319712573841 neg 0.25355475266949773	false	0.5
primitiv	neg 1.0		__DUMMY__ 0.4615893222064184 off 0.2803452790351589 neg 0.2580653987584228	false	0.5
abschaum	off 1.0	off 1.0	off 0.628480589154635 __DUMMY__ 0.2249986797068079 neg 0.14652073113855707	false	1.0
provozieren	neg 1.0		__DUMMY__ 0.46456907192383373 off 0.2735517042341317 neg 0.2618792238420345	false	0.5
tot	neg 1.0		__DUMMY__ 0.4680434372075351 off 0.27015676694989843 neg 0.2617997958425664	false	0.5
instabil	neg 1.0		__DUMMY__ 0.4624817349129398 off 0.28234239645671827 neg 0.25517586863034203	false	0.5
schwuchtel	off 1.0	off 1.0	off 0.63676631898792 __DUMMY__ 0.2204750849018725 neg 0.1427585961102075	false	1.0
zerren	neg 1.0		__DUMMY__ 0.4686154514231727 off 0.27131233779363606 neg 0.26007221078319126	false	0.5
kinderficker	off 1.0		__DUMMY__ 0.461074593829659 off 0.2859874229881567 neg 0.25293798318218425	false	1.0
gefahr	neg 1.0		__DUMMY__ 0.4707210594664535 off 0.2666745019741101 neg 0.2626044385594365	false	0.5
rabiat	neg 1.0		__DUMMY__ 0.46717094932478387 off 0.273527863459252 neg 0.25930118721596407	false	0.5
verlangsamung	neg 1.0		__DUMMY__ 0.4569480730756876 off 0.2862771281771359 neg 0.25677479874717635	false	0.5
ausgestorben	neg 1.0		__DUMMY__ 0.46799466621818636 off 0.2734405639775515 neg 0.2585647698042621	false	0.5
anklagen	neg 1.0		__DUMMY__ 0.46861804615160935 off 0.2700354071290089 neg 0.26134654671938173	false	0.5
trott	neg 1.0		__DUMMY__ 0.46786946797790935 off 0.27304763057636366 neg 0.25908290144572704	false	0.5
verminderung	neg 1.0		__DUMMY__ 0.46283170956169306 off 0.28062735410118195 neg 0.2565409363371249	false	0.5
nach			__DUMMY__ 0.47553130350426803 off 0.2639531814851945 neg 0.26051551501053744	false	0.0
rost	neg 1.0		__DUMMY__ 0.4600947427980772 off 0.2860241285168259 neg 0.2538811286850969	false	0.5
destruktiv	neg 1.0		__DUMMY__ 0.46537435859585585 off 0.2722614452543524 neg 0.26236419614979156	false	0.5
unzumutbarkeit	neg 1.0		__DUMMY__ 0.4652491966680735 off 0.2799842997760102 neg 0.25476650355591623	false	0.5
labil	off 1.0	off 1.0	off 0.6281690239999366 __DUMMY__ 0.22566791108709672 neg 0.14616306491296668	false	1.0
ziemlich	neg 1.0		__DUMMY__ 0.4651866758703447 off 0.2805629484976767 neg 0.25425037563197855	false	0.5
lachnummer	off 1.0		__DUMMY__ 0.46541774427000626 off 0.27318460431098707 neg 0.26139765141900667	false	1.0
oder			__DUMMY__ 0.46774045580473245 off 0.2747095109285536 neg 0.2575500332667138	false	0.0
verfall	neg 1.0		__DUMMY__ 0.47194821989242525 neg 0.26561511020271855 off 0.2624366699048562	false	1.0
ausgrenzung	neg 1.0		__DUMMY__ 0.4660298171452059 off 0.27485919317464874 neg 0.25911098968014523	false	0.5
unordnung	neg 1.0		__DUMMY__ 0.46602923304460503 off 0.2836732048594879 neg 0.25029756209590703	false	0.5
fehlverhalten	neg 1.0		__DUMMY__ 0.46732786352144035 off 0.2666986744014485 neg 0.2659734620771111	false	0.5
eine			__DUMMY__ 0.4708424591958898 off 0.2674017447066908 neg 0.26175579609741934	false	0.0
nille	neg 1.0		__DUMMY__ 0.46868058857242384 off 0.2733196692397026 neg 0.25799974218787364	false	0.5
qual	neg 1.0		__DUMMY__ 0.4680740585328675 off 0.2726011674113851 neg 0.2593247740557474	false	0.5
verschwenden	neg 1.0		__DUMMY__ 0.4673241987294677 off 0.2681732312257769 neg 0.2645025700447553	false	0.5
riesig	neg 1.0		__DUMMY__ 0.4700089540194376 off 0.2699182282873735 neg 0.2600728176931891	false	0.5
verurteilen	neg 1.0		__DUMMY__ 0.466241095079987 off 0.2696252999013513 neg 0.2641336050186616	false	0.5
klischee	neg 1.0	neg 1.0	neg 0.6173417161064346 __DUMMY__ 0.2253073874387429 off 0.15735089645482248	false	1.0
diktatorisch	neg 1.0		__DUMMY__ 0.4655756647371489 off 0.2741029906409372 neg 0.2603213446219141	false	0.5
vorhersehbar	neg 1.0		__DUMMY__ 0.46340891103700155 off 0.2761467173827496 neg 0.26044437158024897	false	0.5
sowie			__DUMMY__ 0.46076714478295905 off 0.28507038373949367 neg 0.2541624714775474	false	0.0
stornieren	neg 1.0		__DUMMY__ 0.47048386466208514 off 0.2772646900156094 neg 0.2522514453223056	false	0.5
besteuerung	neg 1.0		__DUMMY__ 0.46395787625051965 off 0.2728030351527265 neg 0.2632390885967538	false	0.5
ungeschminkt	neg 1.0		__DUMMY__ 0.4612167546038892 off 0.2798539472110807 neg 0.25892929818503	false	0.5
kritisch	neg 1.0		__DUMMY__ 0.4676244359198386 off 0.2687687290134061 neg 0.2636068350667553	false	0.5
schlamperei	off 1.0		__DUMMY__ 0.4699802398067618 off 0.2680274558114674 neg 0.2619923043817709	false	1.0
sucht	neg 1.0	neg 1.0	neg 0.6130175171998409 __DUMMY__ 0.23018040187666652 off 0.1568020809234926	false	1.0
egoistisch	off 1.0		__DUMMY__ 0.4592069809892852 off 0.28542999765148985 neg 0.25536302135922484	false	1.0
ausbeuter	off 1.0		__DUMMY__ 0.4666480996016725 neg 0.2669461837636179 off 0.2664057166347095	false	0.5
arschgeburt	off 1.0		__DUMMY__ 0.45370242922776494 off 0.29316638633438236 neg 0.2531311844378527	false	1.0
schubs	neg 1.0		__DUMMY__ 0.468346924810562 off 0.27126557545284147 neg 0.26038749973659653	false	0.5
unsolide	neg 1.0		__DUMMY__ 0.464551267260789 off 0.27458015383208345 neg 0.2608685789071276	false	0.5
beschwerde	neg 1.0		__DUMMY__ 0.4685150556466159 off 0.26848441733894113 neg 0.2630005270144429	false	0.5
stocken	neg 1.0		__DUMMY__ 0.469606114889598 off 0.26832808345178133 neg 0.2620658016586205	false	0.5
isolieren	neg 1.0		__DUMMY__ 0.4682737065671083 off 0.26976202050176007 neg 0.2619642729311316	false	0.5
unheilbar	neg 1.0		__DUMMY__ 0.4670035545685434 off 0.2736773484962698 neg 0.2593190969351868	false	0.5
pisser	off 1.0		__DUMMY__ 0.4618243392962738 off 0.2822311677509493 neg 0.2559444929527767	false	1.0
löschen	neg 1.0		__DUMMY__ 0.467792118874436 off 0.2734422153177538 neg 0.2587656658078102	false	0.5
durchfallen	neg 1.0		__DUMMY__ 0.4661111857815916 off 0.2690071799782117 neg 0.2648816342401966	false	0.5
wichser	off 1.0	off 1.0	off 0.6352519180397452 __DUMMY__ 0.22186946476345393 neg 0.1428786171968008	false	1.0
terror	neg 1.0		__DUMMY__ 0.46641964319934787 off 0.27707674525639187 neg 0.2565036115442603	false	0.5
krass	neg 1.0		__DUMMY__ 0.46180754297174587 off 0.28368544008094615 neg 0.25450701694730793	false	0.5
revolte	neg 1.0		__DUMMY__ 0.46671802149286445 off 0.2758220025494724 neg 0.25745997595766307	false	0.5
besorgt	neg 1.0		__DUMMY__ 0.4713733411497187 off 0.27271414793814447 neg 0.255912510912137	false	0.5
nachlassen	neg 1.0		__DUMMY__ 0.47126564344221494 off 0.26898894490684283 neg 0.25974541165094217	false	0.5
alt	neg 1.0		__DUMMY__ 0.46767295841815326 off 0.27015980515427945 neg 0.26216723642756734	false	0.5
hundesohn	off 1.0		__DUMMY__ 0.45787756153025383 off 0.29023947821042895 neg 0.25188296025931706	false	1.0
als			__DUMMY__ 0.467970002850635 off 0.27085997555234465 neg 0.2611700215970204	false	0.0
abschreckung	neg 1.0		__DUMMY__ 0.4692345604581338 off 0.2659432797188481 neg 0.2648221598230181	false	0.5
unqualifiziert	neg 1.0		__DUMMY__ 0.4626629371735219 off 0.27694936283806526 neg 0.2603876999884129	false	0.5
abgewichst	off 1.0		__DUMMY__ 0.4689713623532988 off 0.2725352856011527 neg 0.2584933520455484	false	1.0
schwer	neg 1.0		__DUMMY__ 0.46661678133749984 off 0.27239876190617646 neg 0.26098445675632365	false	0.5
bedeutungslosigkeit	neg 1.0		__DUMMY__ 0.468867461006232 off 0.2671914962792363 neg 0.2639410427145317	false	0.5
kapitulation	neg 1.0		__DUMMY__ 0.4691266947668064 off 0.2690329097291854 neg 0.2618403955040081	false	0.5
unscharf	neg 1.0		__DUMMY__ 0.4642683481223619 off 0.2755717387212673 neg 0.26015991315637066	false	0.5
schwinden	neg 1.0		__DUMMY__ 0.46981609018990395 off 0.2672275889117949 neg 0.2629563208983012	false	0.5
versklavung	neg 1.0		__DUMMY__ 0.4669837436683049 off 0.2741690352538958 neg 0.2588472210777992	false	0.5
schlecht	neg 1.0		__DUMMY__ 0.4649276819395568 off 0.2806429625761761 neg 0.25442935548426715	false	0.5
verhasst	neg 1.0		__DUMMY__ 0.46342546332834406 off 0.2737945889649476 neg 0.2627799477067083	false	0.5
beschweren	neg 1.0		__DUMMY__ 0.4658702977765888 off 0.2755420594828961 neg 0.25858764274051504	false	0.5
scheiden	neg 1.0		__DUMMY__ 0.4688884282805969 off 0.2738764428582721 neg 0.2572351288611311	false	0.5
frustriert	neg 1.0		__DUMMY__ 0.46677429503257895 off 0.271304744698382 neg 0.2619209602690391	false	0.5
schimmelig	neg 1.0		__DUMMY__ 0.4661895012730462 off 0.26925471072020885 neg 0.264555788006745	false	0.5
fisch	neg 1.0		__DUMMY__ 0.4683487259941566 off 0.2662932442376045 neg 0.2653580297682388	false	0.5
schmuggel	neg 1.0		__DUMMY__ 0.46930667136238835 off 0.26791050193850985 neg 0.26278282669910175	false	0.5
auffallen	neg 1.0		__DUMMY__ 0.4654483037404681 off 0.2764176527853954 neg 0.25813404347413665	false	0.5
konkurrenz	neg 1.0		__DUMMY__ 0.4702751341367577 off 0.2659322025824886 neg 0.2637926632807537	false	0.5
teufelskreis	neg 1.0	neg 1.0	neg 0.6192878955351997 __DUMMY__ 0.22623696706456325 off 0.15447513740023716	false	1.0
aufschreien	neg 1.0		__DUMMY__ 0.46433363735627803 off 0.276095926786816 neg 0.2595704358569059	false	0.5
schuldner	neg 1.0		__DUMMY__ 0.46787749117286287 off 0.2660714635928128 neg 0.2660510452343243	false	0.5
missgeburt	off 1.0	off 1.0	off 0.6325020871489841 __DUMMY__ 0.22251173986088066 neg 0.14498617299013522	false	1.0
arbeitslos	neg 1.0		__DUMMY__ 0.46599048200788834 off 0.26941045558544724 neg 0.26459906240666453	false	0.5
befallen	neg 1.0		__DUMMY__ 0.4673689360398618 off 0.27132173810224314 neg 0.2613093258578949	false	0.5
miesepetrig	off 1.0	off 1.0	off 0.6288848018137628 __DUMMY__ 0.225717701481774 neg 0.1453974967044631	false	1.0
alarmieren	neg 1.0		__DUMMY__ 0.46373598803094984 off 0.2778020416194941 neg 0.2584619703495561	false	0.5
ungeduscht	off 1.0		__DUMMY__ 0.4635681347448868 off 0.27776854338963464 neg 0.2586633218654785	false	1.0
knappheit	neg 1.0		__DUMMY__ 0.4652981429196657 off 0.26836448125065976 neg 0.26633737582967465	false	0.5
schlange	neg 1.0		__DUMMY__ 0.46926187666175906 off 0.2763100184832931 neg 0.25442810485494766	false	0.5
harsch	neg 1.0		__DUMMY__ 0.4640698730601923 off 0.2858083499456799 neg 0.25012177699412785	false	0.5
lang	neg 1.0		__DUMMY__ 0.46775892608790515 off 0.2745965366062744 neg 0.2576445373058203	false	0.5
ziellos	neg 1.0		__DUMMY__ 0.4699765119506038 off 0.27012959425329397 neg 0.25989389379610217	false	0.5
selbstverliebt	neg 1.0		__DUMMY__ 0.4558924999757669 off 0.29112368776347686 neg 0.25298381226075617	false	0.5
beseitigen	neg 1.0		__DUMMY__ 0.46812027418376817 off 0.271622367058215 neg 0.2602573587580167	false	0.5
dumm	off 1.0		__DUMMY__ 0.45982157802010554 off 0.2866345259790851 neg 0.25354389600080934	false	1.0
arbeitsloser	neg 1.0		__DUMMY__ 0.46834458852546135 off 0.2703399255704296 neg 0.261315485904109	false	0.5
blitzen	neg 1.0		__DUMMY__ 0.4657399670902693 off 0.2770002993990953 neg 0.2572597335106354	false	0.5
hilflos	neg 1.0		__DUMMY__ 0.4670614201499588 off 0.27084140839658766 neg 0.26209717145345357	false	0.5
eklig	off 1.0		__DUMMY__ 0.4579963374934632 off 0.28673432643266594 neg 0.2552693360738708	false	1.0
begriff			__DUMMY__ 0.46651195788056493 off 0.2721027456979963 neg 0.26138529642143876	false	0.0
hungersnot	neg 1.0		__DUMMY__ 0.4691755329764336 off 0.2707591848148552 neg 0.2600652822087111	false	0.5
ungesetzlich	neg 1.0		__DUMMY__ 0.4636476258438392 off 0.2728339629046425 neg 0.2635184112515183	false	0.5
verschwendung	neg 1.0		__DUMMY__ 0.4685649011957304 off 0.26805445312529114 neg 0.26338064567897845	false	0.5
schmerzvoll	neg 1.0		__DUMMY__ 0.4663704882752858 off 0.27538871882138843 neg 0.2582407929033258	false	0.5
vorzeitig	neg 1.0		__DUMMY__ 0.4663697073610879 off 0.2767952588299276 neg 0.25683503380898437	false	0.5
unvollkommenheit	neg 1.0		__DUMMY__ 0.47123263308786834 off 0.27114446630871863 neg 0.25762290060341314	false	0.5
intervenieren	neg 1.0		__DUMMY__ 0.4679375776143526 off 0.2675560380279391 neg 0.2645063843577081	false	0.5
banause	off 1.0		__DUMMY__ 0.4556812808241672 off 0.28917844139022764 neg 0.255140277785605	false	1.0
rebell	neg 1.0		__DUMMY__ 0.4703926028482522 neg 0.265673252134971 off 0.2639341450167767	false	1.0
unlogisch	neg 1.0		__DUMMY__ 0.46112408118892334 off 0.2822066119405618 neg 0.2566693068705147	false	0.5
leiden	neg 1.0		__DUMMY__ 0.47047695394944994 off 0.26743414775737834 neg 0.2620888982931718	false	0.5
abschaffung	neg 1.0		__DUMMY__ 0.4666288322488276 off 0.27344971099136495 neg 0.2599214567598074	false	0.5
sturz	neg 1.0		__DUMMY__ 0.469189008962851 off 0.27421890867773224 neg 0.25659208235941666	false	0.5
verkleinerung	neg 1.0		__DUMMY__ 0.4632235361743157 off 0.275667320906059 neg 0.2611091429196252	false	0.5
schmarotzer	off 1.0		__DUMMY__ 0.46495055655016554 off 0.27000633140169017 neg 0.26504311204814435	false	1.0
bestrafung	neg 1.0		__DUMMY__ 0.46666144857493186 off 0.27454395867071446 neg 0.25879459275435357	false	0.5
achtlos	neg 1.0	neg 1.0	neg 0.6173278407608322 __DUMMY__ 0.22777731439338708 off 0.15489484484578067	false	1.0
ungeheuer	neg 1.0		__DUMMY__ 0.46738426534383887 off 0.27678810492257416 neg 0.25582762973358686	false	0.5
unaufrichtig	neg 1.0		__DUMMY__ 0.4673273252629647 off 0.27750818291369567 neg 0.25516449182333956	false	0.5
groggy	neg 1.0		__DUMMY__ 0.4662303892843022 off 0.2770876029756042 neg 0.25668200774009353	false	0.5
verletzlich	neg 1.0		__DUMMY__ 0.4624273829522476 off 0.28007521432413635 neg 0.257497402723616	false	0.5
ablehnen	neg 1.0		__DUMMY__ 0.46706792831919497 off 0.26940748192729586 neg 0.263524589753509	false	0.5
