unsolidarisch	neg 1.0		__DUMMY__ 0.9237066056017701 neg 0.038476728326708835 off 0.037816666071520975	false	1.0
nachteilig	neg 1.0		__DUMMY__ 0.9285184776084863 neg 0.03736189368954304 off 0.03411962870197072	false	1.0
skeptisch	neg 1.0		__DUMMY__ 0.9289596937705697 neg 0.03721456708925153 off 0.03382573914017871	false	1.0
schrecklich	neg 1.0		__DUMMY__ 0.9220971276725612 off 0.04488629219677371 neg 0.03301658013066496	false	0.5
schlapp	neg 1.0		__DUMMY__ 0.9250402694916616 off 0.0414159441207565 neg 0.0335437863875819	false	0.5
abfall	neg 1.0		__DUMMY__ 0.9322702484064705 neg 0.036822510109215 off 0.03090724148431448	false	1.0
widerspenstig	neg 1.0		__DUMMY__ 0.9275523254056192 off 0.037413267852092355 neg 0.03503440674228855	false	0.5
abrupt	neg 1.0		__DUMMY__ 0.9322022904073644 off 0.03393414462920825 neg 0.03386356496342749	false	0.5
unwirksam	neg 1.0		__DUMMY__ 0.9234429519892483 neg 0.039170359730821794 off 0.03738668827992994	false	1.0
angreifen	neg 1.0		__DUMMY__ 0.928357000949245 neg 0.03774056754125466 off 0.03390243150950032	false	1.0
inkonsistent	neg 1.0		__DUMMY__ 0.9249798677539278 off 0.03794097650425728 neg 0.037079155741814834	false	0.5
abrutschen	neg 1.0		__DUMMY__ 0.9308394836307138 neg 0.03778500882731809 off 0.03137550754196818	false	1.0
unsicher	neg 1.0		__DUMMY__ 0.9280286646424174 off 0.037505361814924115 neg 0.034465973542658436	false	0.5
bauernkind	off 1.0	off 1.0	off 0.5113468752048055 __DUMMY__ 0.45199409534893403 neg 0.03665902944626046	false	1.0
angreifer	neg 1.0	neg 1.0	neg 0.4992686056509214 __DUMMY__ 0.4652404362920628 off 0.0354909580570159	false	1.0
trennen	neg 1.0		__DUMMY__ 0.9319447007182358 neg 0.03478797194315091 off 0.033267327338613255	false	1.0
schmutz	neg 1.0		__DUMMY__ 0.930803289552387 off 0.038337186256526726 neg 0.03085952419108639	false	0.5
inkonsistenz	neg 1.0		__DUMMY__ 0.9194163377831425 off 0.0421308288263599 neg 0.03845283339049766	false	0.5
erschreckend	neg 1.0		__DUMMY__ 0.9260350410045147 off 0.03719304053898664 neg 0.03677191845649865	false	0.5
ertrinken	neg 1.0		__DUMMY__ 0.9298110917299038 neg 0.03618689704943011 off 0.0340020112206661	false	1.0
pickelface	off 1.0		__DUMMY__ 0.9285298980481267 off 0.03674156923065005 neg 0.034728532721223226	false	1.0
seiner			__DUMMY__ 0.9294558769369946 neg 0.03652092665294641 off 0.03402319641005902	false	0.0
lauch	neg 1.0		__DUMMY__ 0.9328566993992067 neg 0.035748571583438124 off 0.03139472901735517	false	1.0
unwichtig	neg 1.0		__DUMMY__ 0.9223928959074028 off 0.04160035103439542 neg 0.036006753058201835	false	0.5
steuerhinterziehung	neg 1.0	neg 1.0	neg 0.503444585986223 __DUMMY__ 0.4640547717012838 off 0.03250064231249314	false	1.0
schock	neg 1.0		__DUMMY__ 0.9288223128599764 off 0.03681580737436223 neg 0.03436187976566137	false	0.5
beule	neg 1.0		__DUMMY__ 0.9235425606417668 off 0.042161179867124136 neg 0.03429625949110906	false	0.5
vergelten	neg 1.0		__DUMMY__ 0.9254502775415159 off 0.04405726425646816 neg 0.030492458202016043	false	0.5
verdorbenheit	neg 1.0		__DUMMY__ 0.9304428274735317 off 0.03747062630670914 neg 0.03208654621975921	false	0.5
trauma	neg 1.0		__DUMMY__ 0.9267566310867751 off 0.03826220233237655 neg 0.034981166580848364	false	0.5
sinnlos	neg 1.0		__DUMMY__ 0.9258311738404512 off 0.03938741933324065 neg 0.03478140682630819	false	0.5
fettsack	off 1.0	off 1.0	off 0.5122215103354909 __DUMMY__ 0.4539650755101256 neg 0.03381341415438349	false	1.0
feige	off 1.0	off 1.0	off 0.5083498266952738 __DUMMY__ 0.45800331484766277 neg 0.033646858457063375	false	1.0
abdanken	neg 1.0		__DUMMY__ 0.9279158395142673 off 0.037398079324587045 neg 0.034686081161145604	false	0.5
wichtigtuer	off 1.0	off 1.0	off 0.5065120186520871 __DUMMY__ 0.4600110349732644 neg 0.03347694637464846	false	1.0
misslingen	neg 1.0		__DUMMY__ 0.9327104117750765 off 0.03738801748097962 neg 0.029901570743943826	false	0.5
untreu	off 1.0		__DUMMY__ 0.9235223332282193 off 0.041898846738876436 neg 0.034578820032904176	false	1.0
missmutig	neg 1.0		__DUMMY__ 0.925125441621745 off 0.04122883954456615 neg 0.03364571883368883	false	0.5
hurenbock	off 1.0		__DUMMY__ 0.9282578212216793 off 0.03871446426009346 neg 0.03302771451822726	false	1.0
betrunken	neg 1.0		__DUMMY__ 0.9239857603767395 off 0.042869813444830145 neg 0.03314442617843027	false	0.5
korrupt	off 1.0		__DUMMY__ 0.9246383147503352 neg 0.03932788163673779 off 0.03603380361292692	false	0.5
unmut	neg 1.0		__DUMMY__ 0.9315043793500116 neg 0.03697060690101999 off 0.0315250137489683	false	1.0
hackfresse	off 1.0		__DUMMY__ 0.9185138288814999 off 0.047741581442451136 neg 0.033744589676048924	false	1.0
aufblasen	neg 1.0		__DUMMY__ 0.927317183162715 off 0.0388417914848967 neg 0.03384102535238824	false	0.5
gewaltsam	neg 1.0		__DUMMY__ 0.9292327270964476 off 0.03633895891764706 neg 0.03442831398590541	false	0.5
unbeliebtheit	neg 1.0		__DUMMY__ 0.922506055838102 off 0.04098533774040998 neg 0.03650860642148815	false	0.5
sturheit	neg 1.0		__DUMMY__ 0.9263861331152803 off 0.03680807079875219 neg 0.036805796085967526	false	0.5
kuh	neg 1.0		__DUMMY__ 0.9214799689269996 neg 0.03929887928937047 off 0.03922115178362989	false	1.0
erschrecken	neg 1.0		__DUMMY__ 0.926035477916359 off 0.041011005840365974 neg 0.03295351624327509	false	0.5
opfer	neg 1.0		__DUMMY__ 0.928836548985176 neg 0.036214250401529494 off 0.0349492006132946	false	1.0
sinken	neg 1.0		__DUMMY__ 0.9321906461173051 neg 0.035996520457033374 off 0.03181283342566166	false	1.0
stinktier	neg 1.0		__DUMMY__ 0.9155836614705642 off 0.045640988866417015 neg 0.03877534966301867	false	0.5
tucke	off 1.0		__DUMMY__ 0.9159932988817562 off 0.04857486737894077 neg 0.03543183373930309	false	1.0
ein			__DUMMY__ 0.9272774917847285 off 0.0381655950491429 neg 0.0345569131661285	false	0.0
abstieg	neg 1.0		__DUMMY__ 0.9305550823552431 neg 0.03537413920467613 off 0.034070778440080794	false	1.0
missverstehen	neg 1.0		__DUMMY__ 0.9224783379820471 off 0.04021099295553968 neg 0.03731066906241311	false	0.5
ergebnislos	neg 1.0		__DUMMY__ 0.9307004928306578 neg 0.03547840259623167 off 0.03382110457311044	false	1.0
unter			__DUMMY__ 0.9369104496565425 neg 0.03580901620490227 off 0.027280534138555294	false	0.0
manipulieren	neg 1.0		__DUMMY__ 0.9298787433690117 neg 0.03660838639140414 off 0.0335128702395841	false	1.0
unbewiesen	neg 1.0		__DUMMY__ 0.9225945479074188 neg 0.03955686638107787 off 0.03784858571150338	false	1.0
verschleppen	neg 1.0		__DUMMY__ 0.9279766118259234 neg 0.036736670876567915 off 0.03528671729750867	false	1.0
weib	off 1.0		__DUMMY__ 0.9145292415612044 off 0.04850531964729377 neg 0.03696543879150189	false	1.0
opposition	neg 1.0		__DUMMY__ 0.9248567424937808 off 0.03862517260183569 neg 0.036518084904383526	false	0.5
verkehrswidrig	neg 1.0		__DUMMY__ 0.9264982656444649 off 0.044344949150988425 neg 0.029156785204546655	false	0.5
inkorrekt	neg 1.0		__DUMMY__ 0.9192649073185505 off 0.04478270905619953 neg 0.03595238362525004	false	0.5
vermeiden	neg 1.0	neg 1.0	neg 0.5029934871064394 __DUMMY__ 0.46983288438254234 off 0.027173628511018285	false	1.0
abweichung	neg 1.0		__DUMMY__ 0.928624574533469 neg 0.03667002241003441 off 0.03470540305649662	false	1.0
alkoholisiert	neg 1.0		__DUMMY__ 0.931185544014865 neg 0.035538317496851934 off 0.03327613848828308	false	1.0
scheiss	off 1.0	off 1.0	off 0.5078989871605373 __DUMMY__ 0.45976227566656486 neg 0.032338737172897876	false	1.0
herausforderung	neg 1.0		__DUMMY__ 0.9297095183997022 neg 0.03672464653953969 off 0.03356583506075817	false	1.0
pervers	off 1.0		__DUMMY__ 0.9157989750908739 off 0.05057662704303155 neg 0.03362439786609447	false	1.0
wackelig	neg 1.0		__DUMMY__ 0.93176019507189 off 0.03556078800527339 neg 0.032679016922836555	false	0.5
verwickeln	neg 1.0		__DUMMY__ 0.9227748602397868 off 0.03980531198666999 neg 0.0374198277735432	false	0.5
vorwand	neg 1.0		__DUMMY__ 0.9288048035931361 neg 0.03774485797137084 off 0.033450338435493006	false	1.0
muschi	off 1.0		__DUMMY__ 0.9283651012120014 off 0.03692635576970647 neg 0.03470854301829209	false	1.0
entmutigung	neg 1.0		__DUMMY__ 0.9262504474261741 off 0.03879714837766615 neg 0.034952404196159775	false	0.5
unangemessen	neg 1.0		__DUMMY__ 0.9248434497517708 neg 0.03853884484612774 off 0.036617705402101464	false	1.0
unstetig	neg 1.0		__DUMMY__ 0.9266981122696805 off 0.03933106468338446 neg 0.0339708230469351	false	0.5
entmutigen	neg 1.0		__DUMMY__ 0.926299126710789 off 0.03832319318485232 neg 0.03537768010435876	false	0.5
schwanz	neg 1.0		__DUMMY__ 0.9298152547976328 neg 0.03550701985121586 off 0.03467772535115126	false	1.0
verbot	neg 1.0		__DUMMY__ 0.9277190998708594 neg 0.03664297016552408 off 0.035637929963616526	false	1.0
leid	neg 1.0		__DUMMY__ 0.9193868720640522 off 0.046162194650255034 neg 0.034450933285692785	false	0.5
archaisch	neg 1.0		__DUMMY__ 0.9271334863322295 off 0.036594125719268025 neg 0.03627238794850248	false	0.5
gegen			__DUMMY__ 0.931854290815325 neg 0.035932776150162556 off 0.032212933034512455	false	0.0
scheidung	neg 1.0		__DUMMY__ 0.9186055852322728 off 0.054191452041581385 neg 0.0272029627261459	false	0.5
einschlag	neg 1.0		__DUMMY__ 0.9227376517358441 off 0.0438800724560087 neg 0.03338227580814712	false	0.5
m			__DUMMY__ 0.9296616201516862 off 0.035495894539534834 neg 0.03484248530877888	false	0.0
abgestanden	neg 1.0		__DUMMY__ 0.9259671144335961 off 0.03733465216105809 neg 0.03669823340534573	false	0.5
schmierig	off 1.0		__DUMMY__ 0.9214421829274224 off 0.04552729338240883 neg 0.033030523690168706	false	1.0
unpraktisch	neg 1.0		__DUMMY__ 0.9271989081331848 off 0.03845854978436515 neg 0.03434254208245	false	0.5
wixxer	off 1.0		__DUMMY__ 0.9137822464285307 off 0.05080757662998724 neg 0.035410176941482005	false	1.0
bezeichnet			__DUMMY__ 0.9243829758482941 off 0.037911319823098935 neg 0.037705704328606995	false	0.0
jammerlappen	off 1.0		__DUMMY__ 0.9250558772066297 off 0.0415587808164052 neg 0.03338534197696502	false	1.0
farce	neg 1.0		__DUMMY__ 0.927266547713272 off 0.03639648716195888 neg 0.03633696512476906	false	0.5
zwecklos	neg 1.0		__DUMMY__ 0.9261672992262843 neg 0.03755491873161276 off 0.036277782042103066	false	1.0
turbulent	neg 1.0		__DUMMY__ 0.9220681499423751 off 0.042626008496877955 neg 0.03530584156074694	false	0.5
invasion	neg 1.0		__DUMMY__ 0.9256823120893919 off 0.0391231506390483 neg 0.03519453727155984	false	0.5
schuld	neg 1.0		__DUMMY__ 0.9247343356136574 off 0.03867732516212692 neg 0.03658833922421571	false	0.5
risiko	neg 1.0	neg 1.0	neg 0.49992682085813356 __DUMMY__ 0.4652641932575871 off 0.03480898588427934	false	1.0
finster	neg 1.0		__DUMMY__ 0.9247849661793721 off 0.03815318014958111 neg 0.03706185367104679	false	0.5
geisteskrank	off 1.0		__DUMMY__ 0.9194989542040679 off 0.0432282104321122 neg 0.037272835363819874	false	1.0
zusammenbrechen	neg 1.0		__DUMMY__ 0.9277575096091224 off 0.03622526601735732 neg 0.0360172243735203	false	0.5
ausbeute	neg 1.0		__DUMMY__ 0.935969209780589 off 0.03405487115501793 neg 0.029975919064393144	false	0.5
hinterhalt	neg 1.0		__DUMMY__ 0.9347590240474631 off 0.03569732388427498 neg 0.029543652068261837	false	0.5
kritik	neg 1.0		__DUMMY__ 0.9268554222057815 neg 0.036858548364628735 off 0.03628602942958975	false	1.0
einschrumpfen	neg 1.0		__DUMMY__ 0.9232517234339799 off 0.04085118028892339 neg 0.03589709627709669	false	0.5
riskant	neg 1.0		__DUMMY__ 0.9273876389852925 neg 0.038283759770876176 off 0.034328601243831296	false	1.0
frustrieren	neg 1.0		__DUMMY__ 0.9276440449373614 neg 0.03734181312584167 off 0.035014141936796916	false	1.0
groll	neg 1.0		__DUMMY__ 0.9263733178309884 neg 0.03772270236738078 off 0.035903979801630834	false	1.0
gibt			__DUMMY__ 0.9280053214252373 off 0.036360026820457 neg 0.03563465175430573	false	0.0
qualvoll	neg 1.0		__DUMMY__ 0.9260068832912257 off 0.03993910822146332 neg 0.03405400848731096	false	0.5
wackeln	neg 1.0		__DUMMY__ 0.9290331484785674 off 0.03811088381584801 neg 0.03285596770558451	false	0.5
klagen	neg 1.0		__DUMMY__ 0.930320415723596 neg 0.03753536554706985 off 0.03214421872933413	false	1.0
bankrott	neg 1.0		__DUMMY__ 0.9262198561902978 off 0.04073161768139512 neg 0.03304852612830715	false	0.5
trauern	neg 1.0		__DUMMY__ 0.9314585323233967 off 0.03445217392189184 neg 0.03408929375471143	false	0.5
ablehnung	neg 1.0		__DUMMY__ 0.9267925523570811 neg 0.037111370580472675 off 0.036096077062446226	false	1.0
stur	neg 1.0		__DUMMY__ 0.925012886499089 off 0.03877574484293364 neg 0.03621136865797736	false	0.5
aufruhr	neg 1.0		__DUMMY__ 0.9282656417562632 off 0.03681381275822999 neg 0.03492054548550684	false	0.5
melancholie	neg 1.0		__DUMMY__ 0.9302806463351412 neg 0.03505188955419673 off 0.03466746411066211	false	1.0
ist			__DUMMY__ 0.9260902278756395 off 0.039180268541910104 neg 0.03472950358245035	false	0.0
torheit	neg 1.0		__DUMMY__ 0.9266489033840467 off 0.0379994560276082 neg 0.03535164058834512	false	0.5
dreckskind	off 1.0		__DUMMY__ 0.9166050514170399 off 0.047137375003004856 neg 0.036257573579955384	false	1.0
umtauschen	neg 1.0		__DUMMY__ 0.9282312483526122 off 0.03677248546604638 neg 0.03499626618134141	false	0.5
zum			__DUMMY__ 0.9373530844050724 neg 0.03290377401598451 off 0.029743141578943203	false	0.0
zersetzen	neg 1.0		__DUMMY__ 0.9277052940109604 neg 0.03861798250157786 off 0.03367672348746181	false	1.0
zur			__DUMMY__ 0.9352088278929077 neg 0.03522225970991377 off 0.02956891239717852	false	0.0
frust	neg 1.0		__DUMMY__ 0.9282340796664619 off 0.0362791912927666 neg 0.03548672904077152	false	0.5
unerbittlichkeit	neg 1.0		__DUMMY__ 0.9291002941156318 neg 0.037300534436094 off 0.03359917144827431	false	1.0
zwei			__DUMMY__ 0.9359424170224752 neg 0.03343159547089375 off 0.030625987506631105	false	0.0
unkorrekt	neg 1.0		__DUMMY__ 0.9213809912788634 off 0.04419962939646867 neg 0.034419379324667834	false	0.5
hexe	off 1.0		__DUMMY__ 0.9214899760256461 off 0.04149693858662114 neg 0.03701308538773275	false	1.0
lasch	neg 1.0		__DUMMY__ 0.9224236697917897 off 0.0409875533365977 neg 0.03658877687161267	false	0.5
rivale	neg 1.0		__DUMMY__ 0.9225732770482681 off 0.04324865299397379 neg 0.03417806995775811	false	0.5
mutlos	off 1.0	off 1.0	off 0.5015161721321956 __DUMMY__ 0.4634557590753173 neg 0.035028068792487266	false	1.0
wirr	off 1.0		__DUMMY__ 0.9193520437515184 off 0.044864477201559526 neg 0.0357834790469221	false	1.0
jahr			__DUMMY__ 0.9368019082472814 off 0.03249691433724454 neg 0.030701177415474137	false	0.0
wird			__DUMMY__ 0.9282382139038639 neg 0.036436134173872904 off 0.03532565192226329	false	0.0
strafbar	neg 1.0		__DUMMY__ 0.9273962146515796 neg 0.037864824381023246 off 0.03473896096739711	false	1.0
erosion	neg 1.0		__DUMMY__ 0.9289666491112598 off 0.0373412486400619 neg 0.033692102248678295	false	0.5
eingehen	neg 1.0		__DUMMY__ 0.927193920314483 neg 0.037930928037925825 off 0.0348751516475912	false	1.0
faul	off 1.0		__DUMMY__ 0.9263666371751627 off 0.04057760892367664 neg 0.033055753901160626	false	1.0
provisorium	neg 1.0		__DUMMY__ 0.9379755374765991 neg 0.03443047575441726 off 0.027593986768983617	false	1.0
schmerzen	neg 1.0		__DUMMY__ 0.9264951816306177 neg 0.03724786650182891 off 0.036256951867553434	false	1.0
schrumpfen	neg 1.0		__DUMMY__ 0.9313138345243857 neg 0.038651032917453476 off 0.030035132558160895	false	1.0
geistlos	off 1.0		__DUMMY__ 0.9214017322842466 off 0.040213962751323815 neg 0.038384304964429565	false	1.0
fehlkauf	neg 1.0		__DUMMY__ 0.9270557209971068 off 0.03900046767109772 neg 0.03394381133179552	false	0.5
frustrierend	neg 1.0		__DUMMY__ 0.9244275453532675 off 0.04078439323932972 neg 0.03478806140740269	false	0.5
unzufrieden	neg 1.0		__DUMMY__ 0.9260850590015923 neg 0.037857032886257844 off 0.03605790811214982	false	1.0
verzweifeln	neg 1.0		__DUMMY__ 0.927060460596891 off 0.036934606885504824 neg 0.036004932517604255	false	0.5
verzweifelt	neg 1.0	neg 1.0	neg 0.5041535994278274 __DUMMY__ 0.46057269954538 off 0.03527370102679259	false	1.0
misstrauensantrag	neg 1.0		__DUMMY__ 0.9258909975803855 off 0.03907365881229244 neg 0.03503534360732196	false	0.5
abfallen	neg 1.0		__DUMMY__ 0.9288664456177416 off 0.037857530140458215 neg 0.03327602424180022	false	0.5
fucker	off 1.0		__DUMMY__ 0.9234221006916746 off 0.04398680870469241 neg 0.03259109060363289	false	1.0
ungezogen	neg 1.0		__DUMMY__ 0.9168538955619626 off 0.04981054343619506 neg 0.033335561001842304	false	0.5
irrsinnig	neg 1.0	neg 1.0	neg 0.5035267819365471 __DUMMY__ 0.4612217647309605 off 0.03525145333249247	false	1.0
unfassbar	neg 1.0		__DUMMY__ 0.9242792181197129 off 0.04247788879148267 neg 0.03324289308880441	false	0.5
hart	neg 1.0		__DUMMY__ 0.9238055613623573 off 0.041938741886996846 neg 0.03425569675064586	false	0.5
widerlich	off 1.0		__DUMMY__ 0.9212146616660524 off 0.04306881414927253 neg 0.03571652418467517	false	1.0
fatal	neg 1.0		__DUMMY__ 0.9258349386229995 off 0.03948587739412842 neg 0.03467918398287217	false	0.5
bruch	neg 1.0		__DUMMY__ 0.9311990327251082 neg 0.03631791378124847 off 0.032483053493643436	false	1.0
aushungern	neg 1.0		__DUMMY__ 0.9283087673097934 off 0.036380006316729746 neg 0.03531122637347686	false	0.5
anspannung	neg 1.0		__DUMMY__ 0.9361657849041554 neg 0.0337998767645985 off 0.030034338331246132	false	1.0
von			__DUMMY__ 0.9382831656289689 off 0.03252308540576155 neg 0.029193748965269665	false	0.0
kraftlos	neg 1.0		__DUMMY__ 0.9294196050853508 off 0.035588282150462634 neg 0.03499211276418647	false	0.5
vom			__DUMMY__ 0.9395072141608022 neg 0.03264188334764175 off 0.027850902491556064	false	0.0
grenzdebil	off 1.0		__DUMMY__ 0.92442163226479 off 0.042627556165863285 neg 0.03295081156934673	false	1.0
vor			__DUMMY__ 0.9322059112659787 neg 0.03502697955696009 off 0.03276710917706111	false	0.0
unterwerfen	neg 1.0		__DUMMY__ 0.9285345056199056 neg 0.036560597369332516 off 0.03490489701076191	false	1.0
versenkung	neg 1.0		__DUMMY__ 0.9301895299853689 off 0.03505588682216577 neg 0.034754583192465355	false	0.5
entziehen	neg 1.0		__DUMMY__ 0.9300576319195692 neg 0.03741215999514346 off 0.03253020808528734	false	1.0
finanzkrise	neg 1.0		__DUMMY__ 0.9262141946357594 neg 0.03700575295692057 off 0.036780052407320095	false	1.0
schimpfend	neg 1.0		__DUMMY__ 0.9262002635669826 off 0.03876003530980017 neg 0.0350397011232172	false	0.5
profan	neg 1.0		__DUMMY__ 0.924672745147208 off 0.039763062983511434 neg 0.035564191869280636	false	0.5
korruption	neg 1.0		__DUMMY__ 0.9280210502112188 neg 0.0366277118282143 off 0.03535123796056688	false	1.0
â			__DUMMY__ 0.9305291855014869 off 0.03504263573222982 neg 0.03442817876628334	false	0.0
schmutzig	neg 1.0		__DUMMY__ 0.924846729457703 off 0.04298648104542236 neg 0.03216678949687474	false	0.5
sexy	neg 1.0		__DUMMY__ 0.9261808023846019 off 0.040441943490766886 neg 0.033377254124631245	false	0.5
abraten	neg 1.0		__DUMMY__ 0.9261411922039713 off 0.03909899311760481 neg 0.03475981467842392	false	0.5
schwarz	neg 1.0		__DUMMY__ 0.926066743660303 off 0.038881984360103754 neg 0.035051271979593304	false	0.5
fotze	off 1.0	off 1.0	off 0.5024844281338072 __DUMMY__ 0.4658419531740627 neg 0.03167361869213012	false	1.0
verwirren	neg 1.0		__DUMMY__ 0.9248981054431094 off 0.040192963374738454 neg 0.03490893118215219	false	0.5
zahnlos	off 1.0		__DUMMY__ 0.9265754097807036 neg 0.03672173599064454 off 0.03670285422865171	false	0.5
verheeren	neg 1.0		__DUMMY__ 0.9175202741816127 off 0.05110034350745914 neg 0.03137938231092816	false	0.5
hippie	neg 1.0		__DUMMY__ 0.9261283657596058 off 0.04023399783268045 neg 0.033637636407713764	false	0.5
rammen	neg 1.0		__DUMMY__ 0.9251469275586846 off 0.038349642098922415 neg 0.036503430342393096	false	0.5
unlauter	neg 1.0		__DUMMY__ 0.9240896286275394 off 0.03849445779737833 neg 0.03741591357508225	false	0.5
unheilvoll	neg 1.0		__DUMMY__ 0.9272257252501847 off 0.03869304442492512 neg 0.034081230324890126	false	0.5
niedrig	neg 1.0		__DUMMY__ 0.9274949683922517 neg 0.038860460758528385 off 0.03364457084922005	false	1.0
explosion	neg 1.0		__DUMMY__ 0.9257078239401334 off 0.03972994180865059 neg 0.034562234251215934	false	0.5
weichei	off 1.0	off 1.0	off 0.5123708714217823 __DUMMY__ 0.4559513032907613 neg 0.03167782528745648	false	1.0
minusmensch	off 1.0		__DUMMY__ 0.9151867198896543 off 0.04939905144305557 neg 0.03541422866729021	false	1.0
farblos	neg 1.0		__DUMMY__ 0.9285996902828458 off 0.03670050049315561 neg 0.03469980922399862	false	0.5
unwissend	neg 1.0	neg 1.0	neg 0.5027639615935212 __DUMMY__ 0.45927472839273054 off 0.03796131001374832	false	1.0
traurig	neg 1.0		__DUMMY__ 0.9229675772423901 off 0.04430630362318961 neg 0.032726119134420355	false	0.5
senkung	neg 1.0		__DUMMY__ 0.9235619781332032 off 0.03963192726927979 neg 0.03680609459751697	false	0.5
ungleich	neg 1.0	neg 1.0	neg 0.5051477653275681 __DUMMY__ 0.4638928332046779 off 0.030959401467754017	false	1.0
heikel	neg 1.0		__DUMMY__ 0.9274719367110378 neg 0.038243354374714836 off 0.03428470891424744	false	1.0
drosselung	neg 1.0		__DUMMY__ 0.9235841660812524 off 0.0423807294093902 neg 0.03403510450935743	false	0.5
falsch	neg 1.0		__DUMMY__ 0.9236999850956125 off 0.04089747840656648 neg 0.03540253649782101	false	0.5
unzufriedenheit	neg 1.0		__DUMMY__ 0.9294717331252579 neg 0.037396067243592804 off 0.03313219963114925	false	1.0
kurz	neg 1.0		__DUMMY__ 0.9307815043979859 off 0.03611248166655249 neg 0.033106013935461566	false	0.5
unsinnig	neg 1.0		__DUMMY__ 0.9253255182147381 neg 0.03787959539529735 off 0.03679488638996461	false	1.0
penner	off 1.0	off 1.0	off 0.5135875846071053 __DUMMY__ 0.4556186613619023 neg 0.030793754030992417	false	1.0
seicht	neg 1.0		__DUMMY__ 0.9151299170304689 off 0.04974145373071191 neg 0.03512862923881926	false	0.5
dummheit	off 1.0	off 1.0	off 0.5067237101403476 __DUMMY__ 0.45967155529704895 neg 0.03360473456260344	false	1.0
unerfreulich	neg 1.0		__DUMMY__ 0.9294638069563792 neg 0.03707346068122101 off 0.03346273236239972	false	1.0
motherfucker	off 1.0	off 1.0	off 0.5096911745266288 __DUMMY__ 0.4596959400632865 neg 0.030612885410084705	false	1.0
pikiert	neg 1.0		__DUMMY__ 0.922340842443103 off 0.0424584921845263 neg 0.03520066537237061	false	0.5
wrack	neg 1.0		__DUMMY__ 0.9304572065330878 off 0.03539865336900488 neg 0.03414414009790725	false	0.5
gangster	neg 1.0		__DUMMY__ 0.9260598337387117 off 0.04022607052164467 neg 0.033714095739643624	false	0.5
krank	neg 1.0		__DUMMY__ 0.924820696604715 off 0.04240947628891581 neg 0.03276982710636921	false	0.5
reich	neg 1.0		__DUMMY__ 0.9264366897323323 off 0.041586922593471805 neg 0.03197638767419596	false	0.5
gnadenlos	neg 1.0		__DUMMY__ 0.9254187525808112 off 0.038752677012834684 neg 0.03582857040635418	false	0.5
niedergeschlagen	neg 1.0		__DUMMY__ 0.9285041757215611 off 0.03640370916881435 neg 0.03509211510962461	false	0.5
terrorisieren	off 1.0	off 1.0	off 0.501640077413408 __DUMMY__ 0.46516666802318557 neg 0.03319325456340642	false	1.0
sinnlosigkeit	neg 1.0		__DUMMY__ 0.9271000064208479 neg 0.03670681250055252 off 0.03619318107859956	false	1.0
behindern	neg 1.0		__DUMMY__ 0.9281276198325981 off 0.03678232659152324 neg 0.03509005357587876	false	0.5
undemokratisch	neg 1.0		__DUMMY__ 0.9257959160577346 off 0.0386577447840585 neg 0.03554633915820697	false	0.5
wirtschaftskrise	neg 1.0		__DUMMY__ 0.927628062082428 neg 0.03717045010290805 off 0.03520148781466397	false	1.0
neid	neg 1.0		__DUMMY__ 0.9263667963528179 off 0.04048297794241031 neg 0.03315022570477178	false	0.5
rutschen	neg 1.0		__DUMMY__ 0.9365997503588515 neg 0.032944395411532504 off 0.030455854229616042	false	1.0
rezession	neg 1.0		__DUMMY__ 0.9166761196660188 off 0.044920436932315254 neg 0.03840344340166584	false	0.5
fehlgeburt	neg 1.0		__DUMMY__ 0.9276019594523457 off 0.03869441573981776 neg 0.033703624807836584	false	0.5
charakterschwach	off 1.0		__DUMMY__ 0.9213080954932641 off 0.043024663218744215 neg 0.035667241287991765	false	1.0
isolation	neg 1.0		__DUMMY__ 0.9254274265638636 off 0.040381060120365166 neg 0.03419151331577121	false	0.5
ablenkung	neg 1.0		__DUMMY__ 0.9281375924526282 off 0.03760831281410642 neg 0.03425409473326546	false	0.5
pech	neg 1.0		__DUMMY__ 0.925041439077149 off 0.04013816326514179 neg 0.034820397657709286	false	0.5
vermeidung	neg 1.0		__DUMMY__ 0.9241159992753507 off 0.0425101136832577 neg 0.03337388704139153	false	0.5
dominieren	neg 1.0		__DUMMY__ 0.9301505002110892 neg 0.035336921762119305 off 0.03451257802679145	false	1.0
schwindlig	neg 1.0		__DUMMY__ 0.9278421640473032 off 0.03879460579223393 neg 0.03336323016046292	false	0.5
lutscher	neg 1.0		__DUMMY__ 0.9159071180523303 off 0.04978292014443022 neg 0.034309961803239544	false	0.5
pflicht	neg 1.0		__DUMMY__ 0.9285382048791999 neg 0.03796183488805595 off 0.03349996023274406	false	1.0
faschist	off 1.0		__DUMMY__ 0.9251240787443484 off 0.04063789761135086 neg 0.03423802364430072	false	1.0
verschleudern	neg 1.0		__DUMMY__ 0.9278997882830422 neg 0.038000404850795436 off 0.03409980686616236	false	1.0
wenn			__DUMMY__ 0.92432498594713 off 0.041035525917205926 neg 0.034639488135664	false	0.0
ehebruch	neg 1.0		__DUMMY__ 0.9283324573921604 neg 0.03634431072552313 off 0.03532323188231641	false	1.0
spott	off 1.0		__DUMMY__ 0.9279038829254611 neg 0.037095975536828335 off 0.035000141537710604	false	0.5
trostlosigkeit	neg 1.0		__DUMMY__ 0.9318971965994607 neg 0.035298435990133395 off 0.03280436741040585	false	1.0
lutschen	neg 1.0		__DUMMY__ 0.9239729597202835 off 0.04064286430019362 neg 0.03538417597952294	false	0.5
undiszipliniert	neg 1.0		__DUMMY__ 0.9218786431405384 off 0.04387018551870797 neg 0.034251171340753686	false	0.5
kopfschmerz	neg 1.0		__DUMMY__ 0.9272238120625574 neg 0.03729075468368319 off 0.03548543325375946	false	1.0
unvorhergesehen	neg 1.0		__DUMMY__ 0.9335996839039522 off 0.033206543727366845 neg 0.03319377236868087	false	0.5
desinteressiert	neg 1.0	neg 1.0	neg 0.5016075515042389 __DUMMY__ 0.4587379757463414 off 0.03965447274941978	false	1.0
armselig	off 1.0		__DUMMY__ 0.9195315640241887 off 0.04471362933865656 neg 0.03575480663715481	false	1.0
desaster	neg 1.0		__DUMMY__ 0.9307574323032745 neg 0.03719831167308171 off 0.03204425602364385	false	1.0
tod	neg 1.0		__DUMMY__ 0.9324698657721733 off 0.03488552106299684 neg 0.03264461316482996	false	0.5
herzlos	neg 1.0		__DUMMY__ 0.9212864790230155 off 0.04445520557479298 neg 0.034258315402191514	false	0.5
unwissenheit	neg 1.0		__DUMMY__ 0.9269512042744571 neg 0.03709551008394961 off 0.035953285641593224	false	1.0
widersinnig	neg 1.0		__DUMMY__ 0.924228846122253 neg 0.03959367285814921 off 0.03617748101959779	false	1.0
bedenklich	neg 1.0		__DUMMY__ 0.9267954532489197 neg 0.03796264170635697 off 0.0352419050447233	false	1.0
beanstanden	neg 1.0		__DUMMY__ 0.929278484053335 neg 0.037602317563513114 off 0.033119198383151784	false	1.0
panisch	neg 1.0	neg 1.0	neg 0.4991826022709185 __DUMMY__ 0.46523130898836934 off 0.035586088740712216	false	1.0
debil	off 1.0		__DUMMY__ 0.9361584194987986 neg 0.03561297740558992 off 0.028228603095611513	false	0.5
abstrich	neg 1.0		__DUMMY__ 0.9341269656807337 off 0.03554028100116581 neg 0.030332753318100397	false	0.5
primitiv	neg 1.0		__DUMMY__ 0.9207134449980577 off 0.04325925878350099 neg 0.0360272962184413	false	0.5
abschaum	off 1.0	off 1.0	off 0.5084476742335554 __DUMMY__ 0.4592977343965055 neg 0.032254591369939016	false	1.0
provozieren	neg 1.0		__DUMMY__ 0.9239111159067279 off 0.038638192724932616 neg 0.03745069136833946	false	0.5
tot	neg 1.0		__DUMMY__ 0.9285141930745516 neg 0.03646177600041998 off 0.03502403092502841	false	1.0
instabil	neg 1.0		__DUMMY__ 0.9218345510240248 off 0.04408265249465183 neg 0.034082796481323306	false	0.5
schwuchtel	off 1.0	off 1.0	off 0.5181349739022006 __DUMMY__ 0.4509010014054856 neg 0.030964024692313616	false	1.0
zerren	neg 1.0		__DUMMY__ 0.9286908916378633 off 0.03610639443467313 neg 0.035202713927463505	false	0.5
kinderficker	off 1.0		__DUMMY__ 0.920327635490483 off 0.04678681270563329 neg 0.0328855518038837	false	1.0
gefahr	neg 1.0		__DUMMY__ 0.9311713159061553 neg 0.035839260092389934 off 0.03298942400145475	false	1.0
rabiat	neg 1.0		__DUMMY__ 0.9269821921735829 off 0.037860345356341224 neg 0.03515746247007591	false	0.5
verlangsamung	neg 1.0		__DUMMY__ 0.9151945507854254 off 0.04818695688898646 neg 0.03661849232558816	false	0.5
ausgestorben	neg 1.0		__DUMMY__ 0.9280264265631838 off 0.03752158831821444 neg 0.03445198511860177	false	0.5
anklagen	neg 1.0		__DUMMY__ 0.9288660524035353 neg 0.03570520034655498 off 0.03542874724990977	false	1.0
trott	neg 1.0		__DUMMY__ 0.9279322473910592 off 0.037121590270897495 neg 0.03494616233804334	false	0.5
verminderung	neg 1.0		__DUMMY__ 0.9222595176685282 off 0.04273846647217691 neg 0.03500201585929486	false	0.5
nach			__DUMMY__ 0.9368379578821854 neg 0.03351588155980202 off 0.02964616055801252	false	0.0
rost	neg 1.0		__DUMMY__ 0.9191718558985676 off 0.0467977099804506 neg 0.03403043412098176	false	0.5
destruktiv	neg 1.0		__DUMMY__ 0.9249924973418595 off 0.03765812496347939 neg 0.03734937769466108	false	0.5
unzumutbarkeit	neg 1.0		__DUMMY__ 0.9251722088766245 off 0.04183610254664064 neg 0.03299168857673478	false	0.5
labil	off 1.0	off 1.0	off 0.5078334107079856 __DUMMY__ 0.46045538037486733 neg 0.03171120891714705	false	1.0
ziemlich	neg 1.0		__DUMMY__ 0.9250268152454104 off 0.042245991872110845 neg 0.032727192882478766	false	0.5
lachnummer	off 1.0		__DUMMY__ 0.9247964386211198 off 0.03840181901866465 neg 0.036801742360215495	false	1.0
oder			__DUMMY__ 0.9279180004052117 off 0.038080258289200225 neg 0.034001741305588105	false	0.0
verfall	neg 1.0		__DUMMY__ 0.9326371800248229 neg 0.03735088051219794 off 0.03001193946297909	false	1.0
ausgrenzung	neg 1.0		__DUMMY__ 0.9258604910914868 off 0.039124807431585217 neg 0.03501470147692801	false	0.5
unordnung	neg 1.0		__DUMMY__ 0.9261855001474822 off 0.043739949928465444 neg 0.030074549924052327	false	0.5
fehlverhalten	neg 1.0		__DUMMY__ 0.9270645358478169 neg 0.038912199294388106 off 0.03402326485779498	false	1.0
eine			__DUMMY__ 0.93128574912907 neg 0.03557472341300841 off 0.03313952745792151	false	0.0
nille	neg 1.0		__DUMMY__ 0.9288249879932732 off 0.0373249208352512 neg 0.03385009117147568	false	0.5
qual	neg 1.0		__DUMMY__ 0.9281714456853802 off 0.03682960555970912 neg 0.034998948754910705	false	0.5
verschwenden	neg 1.0		__DUMMY__ 0.9271993189914 neg 0.0382308246011338 off 0.03456985640746628	false	1.0
riesig	neg 1.0		__DUMMY__ 0.9306464420773921 neg 0.03483444511388414 off 0.034519112808723766	false	1.0
verurteilen	neg 1.0		__DUMMY__ 0.925885644354131 neg 0.038100479331877636 off 0.03601387631399139	false	1.0
klischee	neg 1.0	neg 1.0	neg 0.5030105872650293 __DUMMY__ 0.4598072866727131 off 0.03718212606225756	false	1.0
diktatorisch	neg 1.0		__DUMMY__ 0.9253182354900903 off 0.038857088953562366 neg 0.03582467555634732	false	0.5
vorhersehbar	neg 1.0		__DUMMY__ 0.922628209526544 off 0.04047244091701246 neg 0.03689934955644353	false	0.5
sowie			__DUMMY__ 0.9197790159644582 off 0.0461673980674251 neg 0.034053585968116716	false	0.0
stornieren	neg 1.0		__DUMMY__ 0.9312846650752286 off 0.03879254166227827 neg 0.029922793262493197	false	0.5
besteuerung	neg 1.0		__DUMMY__ 0.92351753970587 neg 0.03851655068095008 off 0.03796590961317994	false	1.0
ungeschminkt	neg 1.0		__DUMMY__ 0.9204682946957257 off 0.042607434798989485 neg 0.03692427050528484	false	0.5
kritisch	neg 1.0		__DUMMY__ 0.927497292997716 neg 0.037412135183966216 off 0.03509057181831782	false	1.0
schlamperei	off 1.0		__DUMMY__ 0.9304614798918236 neg 0.03557579835662851 off 0.033962721751547936	false	0.5
sucht	neg 1.0	neg 1.0	neg 0.4964224850854982 __DUMMY__ 0.4696583820722291 off 0.03391913284227272	false	1.0
egoistisch	off 1.0		__DUMMY__ 0.9180091288599552 off 0.04683053038310931 neg 0.035160340756935464	false	1.0
ausbeuter	off 1.0		__DUMMY__ 0.9263164053492423 neg 0.03966020867557927 off 0.03402338597517844	false	0.5
arschgeburt	off 1.0		__DUMMY__ 0.9112431737149492 off 0.053266223903339585 neg 0.03549060238171126	false	1.0
schubs	neg 1.0		__DUMMY__ 0.9288049677163899 neg 0.03569574621498636 off 0.03549928606862382	false	1.0
unsolide	neg 1.0		__DUMMY__ 0.9241509056840537 off 0.039289581313032285 neg 0.03655951300291393	false	0.5
beschwerde	neg 1.0		__DUMMY__ 0.9286970590022271 neg 0.03670469451159083 off 0.03459824648618208	false	1.0
stocken	neg 1.0		__DUMMY__ 0.9299064969608373 neg 0.03592710240413407 off 0.03416640063502875	false	1.0
isolieren	neg 1.0		__DUMMY__ 0.9285128974405414 neg 0.03611332349505399 off 0.03537377906440466	false	1.0
unheilbar	neg 1.0		__DUMMY__ 0.9268963930354954 off 0.03806176259526729 neg 0.035041844369237275	false	0.5
pisser	off 1.0		__DUMMY__ 0.9209500967580118 off 0.04428203341788713 neg 0.03476786982410109	false	1.0
löschen	neg 1.0		__DUMMY__ 0.9278478179501478 off 0.03745930196504301 neg 0.03469288008480921	false	0.5
durchfallen	neg 1.0		__DUMMY__ 0.9257108229421183 neg 0.038747280319977616 off 0.0355418967379042	false	1.0
wichser	off 1.0	off 1.0	off 0.5159071258147019 __DUMMY__ 0.4536754164604529 neg 0.03041745772484516	false	1.0
terror	neg 1.0		__DUMMY__ 0.9263785881313021 off 0.039746123986862864 neg 0.033875287881835005	false	0.5
krass	neg 1.0		__DUMMY__ 0.9213097428169592 off 0.04465878184638746 neg 0.034031475336653426	false	0.5
revolte	neg 1.0		__DUMMY__ 0.926588643312855 off 0.039426835038679546 neg 0.03398452164846551	false	0.5
besorgt	neg 1.0		__DUMMY__ 0.9320978275084976 off 0.03607804036304184 neg 0.03182413212846065	false	0.5
nachlassen	neg 1.0		__DUMMY__ 0.9321329736141529 neg 0.03415922972758971 off 0.03370779665825728	false	1.0
alt	neg 1.0		__DUMMY__ 0.9280844686384063 neg 0.03689173206006759 off 0.035023799301526104	false	1.0
hundesohn	off 1.0		__DUMMY__ 0.9161614719559668 off 0.05046533104823291 neg 0.03337319699580031	false	1.0
als			__DUMMY__ 0.9279801359242021 neg 0.036021311947086916 off 0.03599855212871096	false	0.0
abschreckung	neg 1.0		__DUMMY__ 0.9294094955852558 neg 0.03757654110134098 off 0.033013963313403255	false	1.0
unqualifiziert	neg 1.0		__DUMMY__ 0.921821887182674 off 0.041231931846528846 neg 0.03694618097079711	false	0.5
abgewichst	off 1.0		__DUMMY__ 0.9292880016063579 off 0.036612945268607436 neg 0.03409905312503464	false	1.0
schwer	neg 1.0		__DUMMY__ 0.9262980854798012 off 0.037297394651779545 neg 0.036404519868419284	false	0.5
bedeutungslosigkeit	neg 1.0		__DUMMY__ 0.9289035111398282 neg 0.03724774936760476 off 0.0338487394925671	false	1.0
kapitulation	neg 1.0		__DUMMY__ 0.9293964158973214 neg 0.03576488045809781 off 0.03483870364458074	false	1.0
unscharf	neg 1.0		__DUMMY__ 0.9241515433901366 off 0.03902188382995104 neg 0.036826572779912345	false	0.5
schwinden	neg 1.0		__DUMMY__ 0.9301620004274384 neg 0.036327279382090454 off 0.03351072019047118	false	1.0
versklavung	neg 1.0		__DUMMY__ 0.9269572749629154 off 0.038397789856048754 neg 0.03464493518103591	false	0.5
schlecht	neg 1.0		__DUMMY__ 0.9246398144485275 off 0.04246700357636175 neg 0.03289318197511068	false	0.5
verhasst	neg 1.0		__DUMMY__ 0.9225453877930726 off 0.03912517926023246 neg 0.03832943294669495	false	0.5
beschweren	neg 1.0		__DUMMY__ 0.9255620330456594 off 0.03933522531377983 neg 0.03510274164056071	false	0.5
scheiden	neg 1.0		__DUMMY__ 0.9295627800086199 off 0.037014055789776144 neg 0.03342316420160389	false	0.5
frustriert	neg 1.0		__DUMMY__ 0.9264627848255219 neg 0.03685028224234885 off 0.03668693293212923	false	1.0
schimmelig	neg 1.0		__DUMMY__ 0.926325146158618 neg 0.038894440305773464 off 0.03478041353560852	false	1.0
fisch	neg 1.0		__DUMMY__ 0.9290560825506089 neg 0.03863486348791094 off 0.03230905396148024	false	1.0
schmuggel	neg 1.0		__DUMMY__ 0.9294178299900626 neg 0.03653210275595775 off 0.03405006725397967	false	1.0
auffallen	neg 1.0		__DUMMY__ 0.9251196211802196 off 0.03990937984164378 neg 0.03497099897813652	false	0.5
konkurrenz	neg 1.0		__DUMMY__ 0.930462231477559 neg 0.03678560365705585 off 0.03275216486538522	false	1.0
teufelskreis	neg 1.0	neg 1.0	neg 0.5044177453482803 __DUMMY__ 0.4613668156134824 off 0.034215439038237185	false	1.0
aufschreien	neg 1.0		__DUMMY__ 0.9238089449850101 off 0.04006008083737348 neg 0.03613097417761644	false	0.5
schuldner	neg 1.0		__DUMMY__ 0.9279629637087099 neg 0.03871035714790346 off 0.03332667914338659	false	1.0
missgeburt	off 1.0	off 1.0	off 0.5130965153364813 __DUMMY__ 0.4547545912024954 neg 0.032148893461023335	false	1.0
arbeitslos	neg 1.0		__DUMMY__ 0.9254528363641547 neg 0.038633105058533464 off 0.03591405857731184	false	1.0
befallen	neg 1.0		__DUMMY__ 0.9273568939606552 off 0.03650663549866718 neg 0.036136470540677514	false	0.5
miesepetrig	off 1.0	off 1.0	off 0.5079008841248069 __DUMMY__ 0.46102489461915047 neg 0.03107422125604268	false	1.0
alarmieren	neg 1.0		__DUMMY__ 0.9229770543573678 off 0.04150353909602684 neg 0.03551940654660537	false	0.5
ungeduscht	off 1.0		__DUMMY__ 0.9233770026004335 off 0.04052970955282809 neg 0.03609328784673838	false	1.0
knappheit	neg 1.0		__DUMMY__ 0.9249453185668767 neg 0.03970569106986869 off 0.035348990363254736	false	1.0
schlange	neg 1.0		__DUMMY__ 0.9297092933520006 off 0.03860351289457695 neg 0.03168719375342251	false	0.5
harsch	neg 1.0		__DUMMY__ 0.9235730902692054 off 0.04565715718856973 neg 0.03076975254222488	false	0.5
lang	neg 1.0		__DUMMY__ 0.9278031086020471 off 0.03815140310605357 neg 0.034045488291899316	false	0.5
ziellos	neg 1.0		__DUMMY__ 0.9302801676862882 off 0.03501313158617866 neg 0.03470670072753311	false	0.5
selbstverliebt	neg 1.0		__DUMMY__ 0.9140812259457489 off 0.051148991798693935 neg 0.0347697822555572	false	0.5
beseitigen	neg 1.0		__DUMMY__ 0.9284556680991297 off 0.036267259038032094 neg 0.03527707286283816	false	0.5
dumm	off 1.0		__DUMMY__ 0.9188777178909343 off 0.04724019656033548 neg 0.0338820855487302	false	1.0
arbeitsloser	neg 1.0		__DUMMY__ 0.9283029581550891 off 0.0359302299986039 neg 0.035766811846307	false	0.5
blitzen	neg 1.0		__DUMMY__ 0.9255184583706614 off 0.04014986475048499 neg 0.03433167687885358	false	0.5
hilflos	neg 1.0		__DUMMY__ 0.9268831297380767 neg 0.03688591910608963 off 0.036230951155833586	false	1.0
eklig	off 1.0		__DUMMY__ 0.9166388025872013 off 0.047741574949418684 neg 0.03561962246338	false	1.0
begriff			__DUMMY__ 0.9263397656013799 off 0.037217458114537035 neg 0.03644277628408318	false	0.0
hungersnot	neg 1.0		__DUMMY__ 0.9295529775482906 off 0.03566095513156309 neg 0.03478606732014639	false	0.5
ungesetzlich	neg 1.0		__DUMMY__ 0.9228374256099765 off 0.0388089681123803 neg 0.03835360627764318	false	0.5
verschwendung	neg 1.0		__DUMMY__ 0.9286050700755445 neg 0.03712434649473038 off 0.03427058342972514	false	1.0
schmerzvoll	neg 1.0		__DUMMY__ 0.9262004456111987 off 0.039018220416362055 neg 0.03478133397243923	false	0.5
vorzeitig	neg 1.0		__DUMMY__ 0.9263244093373864 off 0.0397701806404216 neg 0.033905410022192085	false	0.5
unvollkommenheit	neg 1.0		__DUMMY__ 0.9323035082837591 off 0.034923184833909854 neg 0.03277330688233107	false	0.5
intervenieren	neg 1.0		__DUMMY__ 0.9279321900795432 neg 0.03774338962904778 off 0.034324420291409065	false	1.0
banause	off 1.0		__DUMMY__ 0.9138829123932204 off 0.04987299247778878 neg 0.036244095128990836	false	1.0
rebell	neg 1.0		__DUMMY__ 0.9310927842471637 neg 0.038078958308451934 off 0.030828257444384433	false	1.0
unlogisch	neg 1.0		__DUMMY__ 0.9202692681162169 off 0.0443458010484012 neg 0.035384930835381974	false	0.5
leiden	neg 1.0		__DUMMY__ 0.9313312872814512 neg 0.03584051225207457 off 0.032828200466474264	false	1.0
abschaffung	neg 1.0		__DUMMY__ 0.9266463795030905 off 0.03788793389010803 neg 0.035465686606801466	false	0.5
sturz	neg 1.0		__DUMMY__ 0.9295274813841123 off 0.03757567452672654 neg 0.032896844089161145	false	0.5
verkleinerung	neg 1.0		__DUMMY__ 0.9225196809621766 off 0.04018252987905287 neg 0.03729778915877059	false	0.5
schmarotzer	off 1.0		__DUMMY__ 0.9242935899848719 neg 0.03910825015443017 off 0.036598159860698	false	0.5
bestrafung	neg 1.0		__DUMMY__ 0.9265429277824304 off 0.03858394599605675 neg 0.034873126221512944	false	0.5
achtlos	neg 1.0	neg 1.0	neg 0.5018349623515678 __DUMMY__ 0.46447319924897207 off 0.03369183839946022	false	1.0
ungeheuer	neg 1.0		__DUMMY__ 0.9275235407677634 off 0.039385287675002524 neg 0.03309117155723395	false	0.5
