unsolidarisch	neg 1.0		off 0.48745175504295973 neg 0.47126316007598196 __DUMMY__ 0.04128508488105827	false	0.5
nachteilig	neg 1.0		off 0.4852190627298197 neg 0.4731211289900722 __DUMMY__ 0.04165980828010822	false	0.5
skeptisch	neg 1.0		off 0.4850639884443956 neg 0.47320791818548247 __DUMMY__ 0.04172809337012202	false	0.5
schrecklich	neg 1.0		off 0.499943918188227 neg 0.4589358325672111 __DUMMY__ 0.04112024924456189	false	0.5
schlapp	neg 1.0		off 0.49657157952830117 neg 0.46208019526689825 __DUMMY__ 0.04134822520480052	false	0.5
abfall	neg 1.0		off 0.48262878714142693 neg 0.47538403274104357 __DUMMY__ 0.04198718011752954	false	0.5
widerspenstig	neg 1.0		off 0.4910971462377329 neg 0.46733698386221295 __DUMMY__ 0.04156586990005429	false	0.5
abrupt	neg 1.0		off 0.48865434111858297 neg 0.46939677547965153 __DUMMY__ 0.04194888340176549	false	0.5
unwirksam	neg 1.0		off 0.48730982141166235 neg 0.47144352628576963 __DUMMY__ 0.04124665230256793	false	0.5
angreifen	neg 1.0		off 0.48460712001368805 neg 0.47369960927773763 __DUMMY__ 0.041693270708574176	false	0.5
inkonsistent	neg 1.0		off 0.49001461504104865 neg 0.46863849222427484 __DUMMY__ 0.041346892734676656	false	0.5
abrutschen	neg 1.0		off 0.4823312955418172 neg 0.47578213728729396 __DUMMY__ 0.041886567170888775	false	0.5
unsicher	neg 1.0		off 0.4912030485476898 neg 0.4671554861934511 __DUMMY__ 0.04164146525885902	false	0.5
bauernkind	off 1.0	off 1.0	off 0.7334354622086575 neg 0.2472995096027567 __DUMMY__ 0.019265028188585772	false	1.0
angreifer	neg 1.0	neg 1.0	neg 0.7169372893956643 off 0.26314903310796894 __DUMMY__ 0.01991367749636679	false	1.0
trennen	neg 1.0		off 0.48703561720252153 neg 0.4709991177356093 __DUMMY__ 0.0419652650618692	false	0.5
schmutz	neg 1.0		off 0.4954191268771545 neg 0.4627810823243971 __DUMMY__ 0.04179979079844853	false	0.5
inkonsistenz	neg 1.0		off 0.4920350623539237 neg 0.46704062079621456 __DUMMY__ 0.04092431684986188	false	0.5
erschreckend	neg 1.0		off 0.4887160678131289 neg 0.4697917460982702 __DUMMY__ 0.04149218608860081	false	0.5
ertrinken	neg 1.0		off 0.48638289312818556 neg 0.4718221072541776 __DUMMY__ 0.04179499961763683	false	0.5
pickelface	off 1.0		off 0.4902860374680775 neg 0.46804984920690007 __DUMMY__ 0.041664113325022525	false	1.0
seiner			off 0.48600327363658574 neg 0.47222241211284555 __DUMMY__ 0.04177431425056884	false	0.0
lauch	neg 1.0		off 0.48447748486616177 neg 0.47350492287485557 __DUMMY__ 0.04201759225898259	false	0.5
unwichtig	neg 1.0		off 0.49389896009247186 neg 0.46493266900314734 __DUMMY__ 0.04116837090438071	false	0.5
steuerhinterziehung	neg 1.0	neg 1.0	neg 0.7209009620769601 off 0.25924388125605874 __DUMMY__ 0.019855156666981125	false	1.0
schock	neg 1.0		off 0.4908501285875222 neg 0.46743773978445036 __DUMMY__ 0.04171213162802733	false	0.5
beule	neg 1.0		off 0.49675911592504174 neg 0.46202066677007775 __DUMMY__ 0.04122021730488056	false	0.5
vergelten	neg 1.0		off 0.5007479332870608 neg 0.4578724338006853 __DUMMY__ 0.04137963291225391	false	0.5
verdorbenheit	neg 1.0		off 0.49400600413771684 neg 0.46419673376937115 __DUMMY__ 0.041797262092912	false	0.5
trauma	neg 1.0		off 0.4916970551221985 neg 0.4667665105999919 __DUMMY__ 0.041536434277809654	false	0.5
sinnlos	neg 1.0		off 0.4927613122453893 neg 0.4657840137447548 __DUMMY__ 0.041454674009855766	false	0.5
fettsack	off 1.0	off 1.0	off 0.7351952911096425 neg 0.24544389791186091 __DUMMY__ 0.019360810978496616	false	1.0
feige	off 1.0	off 1.0	off 0.7326666941967246 neg 0.2477642045654316 __DUMMY__ 0.019569101237843837	false	1.0
abdanken	neg 1.0		off 0.49019329827383556 neg 0.4681775928589303 __DUMMY__ 0.04162910886723421	false	0.5
wichtigtuer	off 1.0	off 1.0	off 0.7316715622626374 neg 0.24866054109011634 __DUMMY__ 0.019667896647246226	false	1.0
misslingen	neg 1.0		off 0.4952250281676191 neg 0.4628254511946592 __DUMMY__ 0.04194952063772175	false	0.5
untreu	off 1.0		off 0.4955832495319537 neg 0.4631616704364834 __DUMMY__ 0.0412550800315629	false	1.0
missmutig	neg 1.0		off 0.49579865477803187 neg 0.4628231630685942 __DUMMY__ 0.04137818215337403	false	0.5
hurenbock	off 1.0		off 0.4941442573918677 neg 0.46423912075941953 __DUMMY__ 0.041616621848712884	false	1.0
betrunken	neg 1.0		off 0.4981901344148728 neg 0.46054510041625696 __DUMMY__ 0.041264765168870246	false	0.5
korrupt	off 1.0		off 0.4850230054014181 neg 0.4736069235963204 __DUMMY__ 0.04137007100226156	false	1.0
unmut	neg 1.0		off 0.4828912622879563 neg 0.4751751577197523 __DUMMY__ 0.04193357999229137	false	0.5
hackfresse	off 1.0		off 0.5022084314413003 neg 0.45697259711195837 __DUMMY__ 0.040818971446741306	false	1.0
aufblasen	neg 1.0		off 0.4933702254726437 neg 0.4650686253577043 __DUMMY__ 0.041561149169652034	false	0.5
gewaltsam	neg 1.0		off 0.4901000446424508 neg 0.4681763564200436 __DUMMY__ 0.04172359893750566	false	0.5
unbeliebtheit	neg 1.0		off 0.4926412223486378 neg 0.46619688525379743 __DUMMY__ 0.041161892397564674	false	0.5
sturheit	neg 1.0		off 0.48803123151586114 neg 0.47045540082352916 __DUMMY__ 0.04151336766060976	false	0.5
kuh	neg 1.0		off 0.4895923007680084 neg 0.4693458105300556 __DUMMY__ 0.0410618887019361	false	0.5
erschrecken	neg 1.0		off 0.4960926093685435 neg 0.46245032375003153 __DUMMY__ 0.04145706688142497	false	0.5
opfer	neg 1.0		off 0.4869680121435545 neg 0.47131651993477686 __DUMMY__ 0.04171546792166872	false	0.5
sinken	neg 1.0		off 0.48424305097668874 neg 0.4737899452782877 __DUMMY__ 0.04196700374502345	false	0.5
stinktier	neg 1.0		off 0.495968575673415 neg 0.4634299472989881 __DUMMY__ 0.04060147702759693	false	0.5
tucke	off 1.0		off 0.5018130851020424 neg 0.4575831292756601 __DUMMY__ 0.04060378562229746	false	1.0
ein			off 0.49233503089590863 neg 0.46610404320605703 __DUMMY__ 0.04156092589803444	false	0.0
abstieg	neg 1.0		off 0.48683158531068105 neg 0.4713242499647213 __DUMMY__ 0.04184416472459766	false	0.5
missverstehen	neg 1.0		off 0.49125646384602595 neg 0.4675566582284115 __DUMMY__ 0.041186877925562464	false	0.5
ergebnislos	neg 1.0		off 0.4864462183295939 neg 0.4716978580558308 __DUMMY__ 0.04185592361457526	false	0.5
unter			off 0.4803851769243419 neg 0.47724702073631925 __DUMMY__ 0.04236780233933882	false	0.0
manipulieren	neg 1.0		off 0.4850297350410455 neg 0.4731855954350538 __DUMMY__ 0.04178466952390073	false	0.5
unbewiesen	neg 1.0		off 0.48652533692851485 neg 0.47227714055069303 __DUMMY__ 0.04119752252079212	false	0.5
verschleppen	neg 1.0		off 0.4866075908716301 neg 0.47176081053439 __DUMMY__ 0.04163159859397986	false	0.5
weib	off 1.0		off 0.5002319728640527 neg 0.45925473081530116 __DUMMY__ 0.04051329632064608	false	1.0
opposition	neg 1.0		off 0.49102698712450915 neg 0.46760797632504175 __DUMMY__ 0.041365036550449166	false	0.5
verkehrswidrig	neg 1.0		off 0.5030874388736576 neg 0.455468473481059 __DUMMY__ 0.04144408764528342	false	0.5
inkorrekt	neg 1.0		off 0.49658930092196946 neg 0.46250639502827956 __DUMMY__ 0.04090430404975108	false	0.5
vermeiden	neg 1.0	neg 1.0	neg 0.7231783642525459 off 0.2566972298913293 __DUMMY__ 0.020124405856124794	false	1.0
abweichung	neg 1.0		off 0.4863438063475377 neg 0.4719973855036947 __DUMMY__ 0.04165880814876764	false	0.5
alkoholisiert	neg 1.0		off 0.4872565161561684 neg 0.47089365348766643 __DUMMY__ 0.041849830356165206	false	0.5
scheiss	off 1.0	off 1.0	off 0.7337659612879922 neg 0.24660974919321024 __DUMMY__ 0.019624289518797456	false	1.0
herausforderung	neg 1.0		off 0.48545706309347847 neg 0.4727761724948793 __DUMMY__ 0.04176676441164227	false	0.5
pervers	off 1.0		off 0.5050049904388478 neg 0.4543963109882346 __DUMMY__ 0.04059869857291763	false	1.0
wackelig	neg 1.0		off 0.49136709913665794 neg 0.4667134337003959 __DUMMY__ 0.04191946716294608	false	0.5
verwickeln	neg 1.0		off 0.4907328127510948 neg 0.4680514927623594 __DUMMY__ 0.04121569448654574	false	0.5
vorwand	neg 1.0		off 0.48415987585869547 neg 0.47412472343343176 __DUMMY__ 0.041715400707872836	false	0.5
muschi	off 1.0		off 0.49042844501042987 neg 0.4679115927029371 __DUMMY__ 0.04165996228663308	false	1.0
entmutigung	neg 1.0		off 0.49145305543081846 neg 0.46706828703151043 __DUMMY__ 0.04147865753767112	false	0.5
unangemessen	neg 1.0		off 0.4864852917948796 neg 0.4721218495270774 __DUMMY__ 0.041392858678042974	false	0.5
unstetig	neg 1.0		off 0.49389205391610175 neg 0.4646308763179809 __DUMMY__ 0.04147706976591744	false	0.5
entmutigen	neg 1.0		off 0.4912118954447958 neg 0.4673035047095153 __DUMMY__ 0.04148459984568893	false	0.5
schwanz	neg 1.0		off 0.4879250843528817 neg 0.4703137462138394 __DUMMY__ 0.04176116943327895	false	0.5
verbot	neg 1.0		off 0.4868916921700252 neg 0.47149583841163945 __DUMMY__ 0.04161246941833535	false	0.5
leid	neg 1.0		off 0.5000849591735028 neg 0.4590210448559964 __DUMMY__ 0.04089399597050092	false	0.5
archaisch	neg 1.0		off 0.48861697873356436 neg 0.4698210575677709 __DUMMY__ 0.04156196369866463	false	0.5
gegen			off 0.48426786237058245 neg 0.4737613625255119 __DUMMY__ 0.04197077510390576	false	0.0
scheidung	neg 1.0		off 0.5132023999260552 neg 0.4459771822389449 __DUMMY__ 0.04082041783499986	false	0.5
einschlag	neg 1.0		off 0.49859421264637804 neg 0.46023850585382403 __DUMMY__ 0.04116728149979801	false	0.5
m			off 0.4893126788807625 neg 0.46891524445135435 __DUMMY__ 0.041772076667883205	false	0.0
abgestanden	neg 1.0		off 0.4904545477333574 neg 0.46813342923631895 __DUMMY__ 0.04141202303032367	false	0.5
schmierig	off 1.0		off 0.5006272151724269 neg 0.4583161841283584 __DUMMY__ 0.04105660069921473	false	1.0
unpraktisch	neg 1.0		off 0.4928504390931277 neg 0.46560984117912746 __DUMMY__ 0.04153971972774483	false	0.5
wixxer	off 1.0		off 0.5037532996287123 neg 0.45580171399896197 __DUMMY__ 0.04044498637232565	false	1.0
bezeichnet			off 0.48858774238562 neg 0.4700597840175885 __DUMMY__ 0.04135247359679147	false	0.0
jammerlappen	off 1.0		off 0.49610629335267603 neg 0.4625133201754906 __DUMMY__ 0.0413803864718335	false	1.0
farce	neg 1.0		off 0.487982121354203 neg 0.4704505557158264 __DUMMY__ 0.04156732292997069	false	0.5
zwecklos	neg 1.0		off 0.4871095766013472 neg 0.4713874138543394 __DUMMY__ 0.041503009544313504	false	0.5
turbulent	neg 1.0		off 0.49579502615423915 neg 0.46309179582425414 __DUMMY__ 0.04111317802150665	false	0.5
invasion	neg 1.0		off 0.49240591941356676 neg 0.4661516617919908 __DUMMY__ 0.04144241879444232	false	0.5
schuld	neg 1.0		off 0.4904022727922183 neg 0.46821776813453486 __DUMMY__ 0.04137995907324671	false	0.5
risiko	neg 1.0	neg 1.0	neg 0.7176806602291629 off 0.26242111809371144 __DUMMY__ 0.019898221677125606	false	1.0
finster	neg 1.0		off 0.49067550217619305 neg 0.4679844674082286 __DUMMY__ 0.04134003041557831	false	0.5
geisteskrank	off 1.0		off 0.49428261468519846 neg 0.46478057460724065 __DUMMY__ 0.04093681070756092	false	1.0
zusammenbrechen	neg 1.0		off 0.4885747643024952 neg 0.469794595469408 __DUMMY__ 0.04163064022809683	false	0.5
ausbeute	neg 1.0		off 0.49243996549302793 neg 0.46532461028227673 __DUMMY__ 0.04223542422469548	false	0.5
hinterhalt	neg 1.0		off 0.493996584667128 neg 0.46387553414576743 __DUMMY__ 0.04212788118710458	false	0.5
kritik	neg 1.0		off 0.4873895384642129 neg 0.4710714030141186 __DUMMY__ 0.04153905852166853	false	0.5
einschrumpfen	neg 1.0		off 0.49330398095153594 neg 0.46546095421780864 __DUMMY__ 0.04123506483065543	false	0.5
riskant	neg 1.0		off 0.48469818948467736 neg 0.47369214678890686 __DUMMY__ 0.04160966372641588	false	0.5
frustrieren	neg 1.0		off 0.4861339212746834 neg 0.4722435579187386 __DUMMY__ 0.041622520806577835	false	0.5
groll	neg 1.0		off 0.4865516734916768 neg 0.47193337191477364 __DUMMY__ 0.04151495459354968	false	0.5
gibt			off 0.4889076428331513 neg 0.46943576023459926 __DUMMY__ 0.04165659693224954	false	0.0
qualvoll	neg 1.0		off 0.49424933815104627 neg 0.4642936132398082 __DUMMY__ 0.04145704860914543	false	0.5
wackeln	neg 1.0		off 0.49343614144163417 neg 0.46485287643620077 __DUMMY__ 0.041710982122165056	false	0.5
klagen	neg 1.0		off 0.4829206859976113 neg 0.47525324985194317 __DUMMY__ 0.04182606415044559	false	0.5
bankrott	neg 1.0		off 0.4961680582462929 neg 0.46236127954578626 __DUMMY__ 0.04147066220792081	false	0.5
trauern	neg 1.0		off 0.4883585388342248 neg 0.46973044370173245 __DUMMY__ 0.04191101746404267	false	0.5
ablehnung	neg 1.0		off 0.48690812710187265 neg 0.4715573758431409 __DUMMY__ 0.04153449705498651	false	0.5
stur	neg 1.0		off 0.49085295880025215 neg 0.46775071453728045 __DUMMY__ 0.041396326662467293	false	0.5
aufruhr	neg 1.0		off 0.4899011380489076 neg 0.4684461645880275 __DUMMY__ 0.04165269736306488	false	0.5
melancholie	neg 1.0		off 0.48864531837719344 neg 0.46956246402246044 __DUMMY__ 0.041792217600346244	false	0.5
ist			off 0.49269255762102887 neg 0.46582759988169886 __DUMMY__ 0.04147984249727216	false	0.0
torheit	neg 1.0		off 0.49051192583164444 neg 0.4679793152013807 __DUMMY__ 0.04150875896697487	false	0.5
dreckskind	off 1.0		off 0.4993983860705804 neg 0.45991751561721883 __DUMMY__ 0.04068409831220073	false	1.0
umtauschen	neg 1.0		off 0.4910136404819053 neg 0.46736506882649637 __DUMMY__ 0.041621290691598346	false	0.5
zum			off 0.4854372192519066 neg 0.4721704271936386 __DUMMY__ 0.04239235355445482	false	0.0
zersetzen	neg 1.0		off 0.4836450102879016 neg 0.47473396294601905 __DUMMY__ 0.04162102676607936	false	0.5
zur			off 0.4827177582659284 neg 0.47505686563114774 __DUMMY__ 0.04222537610292395	false	0.0
frust	neg 1.0		off 0.4889627834669612 neg 0.4693637813099067 __DUMMY__ 0.041673435223132285	false	0.5
unerbittlichkeit	neg 1.0		off 0.4846858514110012 neg 0.4735864867247525 __DUMMY__ 0.04172766186424638	false	0.5
zwei			off 0.48596085469837585 neg 0.4717556540716556 __DUMMY__ 0.04228349122996868	false	0.0
unkorrekt	neg 1.0		off 0.49765972636040195 neg 0.46128371208541247 __DUMMY__ 0.04105656155418566	false	0.5
hexe	off 1.0		off 0.4936908302435697 neg 0.46524105076241995 __DUMMY__ 0.04106811899401044	false	1.0
lasch	neg 1.0		off 0.4925774530029094 neg 0.4662457240581483 __DUMMY__ 0.04117682293894224	false	0.5
rivale	neg 1.0		off 0.49744068502101946 neg 0.4614027806863356 __DUMMY__ 0.04115653429264501	false	0.5
mutlos	off 1.0	off 1.0	off 0.7278877138689029 neg 0.2522752974858861 __DUMMY__ 0.019836988645210888	false	1.0
wirr	off 1.0		off 0.49741378750642573 neg 0.46167898383603256 __DUMMY__ 0.04090722865754176	false	1.0
jahr			off 0.49006911239920636 neg 0.4676020011689013 __DUMMY__ 0.0423288864318924	false	0.0
wird			off 0.48745582458142783 neg 0.47087496601226975 __DUMMY__ 0.041669209406302345	false	0.0
strafbar	neg 1.0		off 0.48512939722498777 neg 0.4732793705106624 __DUMMY__ 0.04159123226434994	false	0.5
erosion	neg 1.0		off 0.4921304590706592 neg 0.46616568588504703 __DUMMY__ 0.04170385504429381	false	0.5
eingehen	neg 1.0		off 0.48545170982732705 neg 0.47295862892332075 __DUMMY__ 0.041589661249352136	false	0.5
faul	off 1.0		off 0.4960823207602568 neg 0.46246228659589766 __DUMMY__ 0.04145539264384552	false	1.0
provisorium	neg 1.0		off 0.4819965998981843 neg 0.4755614446055386 __DUMMY__ 0.042441955496276995	false	0.5
schmerzen	neg 1.0		off 0.48856856026096185 neg 0.4699508189432799 __DUMMY__ 0.0414806207957584	false	0.5
schrumpfen	neg 1.0		off 0.48009561518540494 neg 0.47799041715397506 __DUMMY__ 0.04191396766061998	false	0.5
geistlos	off 1.0		off 0.48998948704779655 neg 0.4689137601693958 __DUMMY__ 0.04109675278280768	false	1.0
fehlkauf	neg 1.0		off 0.49319345104785134 neg 0.46526259169127415 __DUMMY__ 0.04154395726087453	false	0.5
frustrierend	neg 1.0		off 0.4942168390442511 neg 0.46444473780598355 __DUMMY__ 0.0413384231497654	false	0.5
unzufrieden	neg 1.0		off 0.48663075520358534 neg 0.4718665778851794 __DUMMY__ 0.041502666911235386	false	0.5
verzweifeln	neg 1.0		off 0.4892691579587727 neg 0.46915954913331803 __DUMMY__ 0.04157129290790939	false	0.5
verzweifelt	neg 1.0	neg 1.0	neg 0.7195562024585483 off 0.260743304955181 __DUMMY__ 0.01970049258627066	false	1.0
misstrauensantrag	neg 1.0		off 0.49275491240974234 neg 0.46580020001806133 __DUMMY__ 0.04144488757219631	false	0.5
abfallen	neg 1.0		off 0.49318644411750673 neg 0.46514185419482085 __DUMMY__ 0.04167170168767252	false	0.5
fucker	off 1.0		off 0.49912701014038235 neg 0.45960884127180635 __DUMMY__ 0.04126414858781137	false	1.0
ungezogen	neg 1.0		off 0.5045480930365923 neg 0.4547687555165194 __DUMMY__ 0.0406831514468882	false	0.5
irrsinnig	neg 1.0	neg 1.0	neg 0.71926776746795 off 0.2610027573677084 __DUMMY__ 0.019729475164341693	false	1.0
unfassbar	neg 1.0		off 0.497213525872071 neg 0.46147009087585955 __DUMMY__ 0.04131638325206954	false	0.5
hart	neg 1.0		off 0.4960784935546032 neg 0.46267074603907254 __DUMMY__ 0.04125076040632426	false	0.5
widerlich	off 1.0		off 0.49559471136773364 neg 0.46334181323254187 __DUMMY__ 0.04106347539972445	false	1.0
fatal	neg 1.0		off 0.4930481243184871 neg 0.46548776738410325 __DUMMY__ 0.0414641082974097	false	0.5
bruch	neg 1.0		off 0.48423887760671935 neg 0.4738587549811063 __DUMMY__ 0.04190236741217448	false	0.5
aushungern	neg 1.0		off 0.4885667549482847 neg 0.4697757782488866 __DUMMY__ 0.04165746680282864	false	0.5
anspannung	neg 1.0		off 0.4846068425071439 neg 0.4730881890550318 __DUMMY__ 0.0423049684378244	false	0.5
von			off 0.4911332568291369 neg 0.46643187780235923 __DUMMY__ 0.04243486536850378	false	0.0
kraftlos	neg 1.0		off 0.4890650932147176 neg 0.46918876901771195 __DUMMY__ 0.041746137767570385	false	0.5
vom			off 0.4839847786226851 neg 0.47345186926363686 __DUMMY__ 0.04256335211367806	false	0.0
grenzdebil	off 1.0		off 0.49770897746934933 neg 0.46097818258562556 __DUMMY__ 0.04131283994502523	false	1.0
vor			off 0.4860906953985313 neg 0.47191223604299815 __DUMMY__ 0.04199706855847068	false	0.0
unterwerfen	neg 1.0		off 0.48650879232677924 neg 0.4718147046026721 __DUMMY__ 0.041676503070548716	false	0.5
versenkung	neg 1.0		off 0.4881930940725533 neg 0.4699708514825254 __DUMMY__ 0.04183605444492121	false	0.5
entziehen	neg 1.0		off 0.4835402925301475 neg 0.4746429480065398 __DUMMY__ 0.041816759463312765	false	0.5
finanzkrise	neg 1.0		off 0.4881633254419717 neg 0.47036085965809105 __DUMMY__ 0.041475814899937215	false	0.5
schimpfend	neg 1.0		off 0.49278578129597594 neg 0.4657551233129782 __DUMMY__ 0.04145909539104586	false	0.5
profan	neg 1.0		off 0.49264641871189224 neg 0.4660021352660683 __DUMMY__ 0.041351446022039474	false	0.5
korruption	neg 1.0		off 0.4867517718340128 neg 0.4716191554279778 __DUMMY__ 0.04162907273800934	false	0.5
â			off 0.4892355590304304 neg 0.4689245932532089 __DUMMY__ 0.04183984771636083	false	0.0
schmutzig	neg 1.0		off 0.49872217849252054 neg 0.45992789113750565 __DUMMY__ 0.041349930369973885	false	0.5
sexy	neg 1.0		off 0.4952330795848294 neg 0.4632832865369839 __DUMMY__ 0.04148363387818652	false	0.5
abraten	neg 1.0		off 0.49278312464884694 neg 0.4657531200532416 __DUMMY__ 0.04146375529791149	false	0.5
schwarz	neg 1.0		off 0.49220284872055314 neg 0.4663178615914178 __DUMMY__ 0.0414792896880289	false	0.5
fotze	off 1.0	off 1.0	off 0.7304134060116226 neg 0.249645879729605 __DUMMY__ 0.019940714258772384	false	1.0
verwirren	neg 1.0		off 0.4934934113700274 neg 0.46512950024464766 __DUMMY__ 0.04137708838532491	false	0.5
zahnlos	off 1.0		off 0.4881317496354095 neg 0.47033020620559574 __DUMMY__ 0.0415380441589948	false	1.0
verheeren	neg 1.0		off 0.5069241171210765 neg 0.45232119750905875 __DUMMY__ 0.04075468536986468	false	0.5
hippie	neg 1.0		off 0.4947167482734443 neg 0.46379704726942417 __DUMMY__ 0.041486204457131665	false	0.5
rammen	neg 1.0		off 0.4911780258170591 neg 0.46746001009288246 __DUMMY__ 0.0413619640900585	false	0.5
unlauter	neg 1.0		off 0.48948006083462875 neg 0.4692249849117333 __DUMMY__ 0.04129495425363783	false	0.5
unheilvoll	neg 1.0		off 0.49328432169832853 neg 0.46518430141731565 __DUMMY__ 0.04153137688435584	false	0.5
niedrig	neg 1.0		off 0.48405267175358113 neg 0.47437818669485826 __DUMMY__ 0.04156914155156059	false	0.5
explosion	neg 1.0		off 0.4935523679827771 neg 0.46501204870335644 __DUMMY__ 0.04143558331386648	false	0.5
weichei	off 1.0	off 1.0	off 0.7362996208871645 neg 0.24424837365210733 __DUMMY__ 0.019452005460728134	false	1.0
minusmensch	off 1.0		off 0.5016712996697406 neg 0.4577372788393707 __DUMMY__ 0.040591421490888756	false	1.0
farblos	neg 1.0		off 0.49108867312374194 neg 0.4672774635245122 __DUMMY__ 0.04163386335174572	false	0.5
unwissend	neg 1.0	neg 1.0	neg 0.7173402771017647 off 0.26303767411361856 __DUMMY__ 0.019622048784616732	false	1.0
traurig	neg 1.0		off 0.4995512219394803 neg 0.45925662669058165 __DUMMY__ 0.04119215136993797	false	0.5
senkung	neg 1.0		off 0.49165269475700046 neg 0.4670971871546201 __DUMMY__ 0.041250118088379466	false	0.5
ungleich	neg 1.0	neg 1.0	neg 0.7225611845035067 off 0.2575878274933611 __DUMMY__ 0.019850988003132113	false	1.0
heikel	neg 1.0		off 0.4846435423950587 neg 0.47374955044678896 __DUMMY__ 0.041606907158152406	false	0.5
drosselung	neg 1.0		off 0.49685927463253343 neg 0.4619019237011084 __DUMMY__ 0.041238801666358196	false	0.5
falsch	neg 1.0		off 0.4938531409452403 neg 0.4648786260786355 __DUMMY__ 0.04126823297612409	false	0.5
unzufriedenheit	neg 1.0		off 0.48406704130798195 neg 0.47416651849302943 __DUMMY__ 0.04176644019898851	false	0.5
kurz	neg 1.0		off 0.49142490900150465 neg 0.46672667535522877 __DUMMY__ 0.04184841564326642	false	0.5
unsinnig	neg 1.0		off 0.48734134394115164 neg 0.47123148199549425 __DUMMY__ 0.04142717406335406	false	0.5
penner	off 1.0	off 1.0	off 0.7373219997372624 neg 0.24323747202162696 __DUMMY__ 0.019440528241110547	false	1.0
seicht	neg 1.0		off 0.5024460431163935 neg 0.4569912843140159 __DUMMY__ 0.04056267256959067	false	0.5
dummheit	off 1.0	off 1.0	off 0.7317556584774063 neg 0.24859306934723174 __DUMMY__ 0.019651272175361945	false	1.0
unerfreulich	neg 1.0		off 0.48500585644167066 neg 0.4732365337207793 __DUMMY__ 0.041757609837550114	false	0.5
motherfucker	off 1.0	off 1.0	off 0.7349772804086989 neg 0.24537032951701757 __DUMMY__ 0.019652390074283557	false	1.0
pikiert	neg 1.0		off 0.49541656228346603 neg 0.46342762849698577 __DUMMY__ 0.041155809219548256	false	0.5
wrack	neg 1.0		off 0.4899072979529882 neg 0.46829655208190946 __DUMMY__ 0.04179614996510237	false	0.5
gangster	neg 1.0		off 0.49471478143994624 neg 0.4638094132752894 __DUMMY__ 0.04147580528476445	false	0.5
krank	neg 1.0		off 0.49797579358061916 neg 0.4606921817885593 __DUMMY__ 0.04133202463082145	false	0.5
reich	neg 1.0		off 0.49753778233092616 neg 0.461005605319663 __DUMMY__ 0.04145661234941088	false	0.5
gnadenlos	neg 1.0		off 0.49112736797823014 neg 0.467432216805023 __DUMMY__ 0.04144041521674684	false	0.5
niedergeschlagen	neg 1.0		off 0.4897930169823567 neg 0.46852978172077386 __DUMMY__ 0.041677201296869464	false	0.5
terrorisieren	off 1.0	off 1.0	off 0.7289120904023298 neg 0.2511667299933827 __DUMMY__ 0.019921179604287586	false	1.0
sinnlosigkeit	neg 1.0		off 0.4878277079475742 neg 0.47059700701178453 __DUMMY__ 0.041575285040641355	false	0.5
behindern	neg 1.0		off 0.4903688209482396 neg 0.46799376452078995 __DUMMY__ 0.04163741453097051	false	0.5
undemokratisch	neg 1.0		off 0.4907058064343546 neg 0.4678512507930151 __DUMMY__ 0.041442942772630234	false	0.5
wirtschaftskrise	neg 1.0		off 0.4862635508737717 neg 0.4721354941783384 __DUMMY__ 0.0416009549478899	false	0.5
neid	neg 1.0		off 0.49569117202740876 neg 0.4628452576805874 __DUMMY__ 0.04146357029200383	false	0.5
rutschen	neg 1.0		off 0.486210755018798 neg 0.47146442005823863 __DUMMY__ 0.04232482492296335	false	0.5
rezession	neg 1.0		off 0.4951494795947125 neg 0.46413971435045714 __DUMMY__ 0.0407108060548303	false	0.5
fehlgeburt	neg 1.0		off 0.4933902007089798 neg 0.4650547599575288 __DUMMY__ 0.04155503933349134	false	0.5
charakterschwach	off 1.0		off 0.49536631290291955 neg 0.4635612852443706 __DUMMY__ 0.04107240185270991	false	1.0
isolation	neg 1.0		off 0.4946481921100113 neg 0.4639390158135607 __DUMMY__ 0.04141279207642805	false	0.5
ablenkung	neg 1.0		off 0.49161711258750024 neg 0.4667419372584791 __DUMMY__ 0.04164095015402075	false	0.5
pech	neg 1.0		off 0.4943987807774604 neg 0.464249831204925 __DUMMY__ 0.04135138801761456	false	0.5
vermeidung	neg 1.0		off 0.4975772512735383 neg 0.4611283913050938 __DUMMY__ 0.04129435742136786	false	0.5
dominieren	neg 1.0		off 0.4875570872166435 neg 0.47064261154683606 __DUMMY__ 0.041800301236520246	false	0.5
schwindlig	neg 1.0		off 0.49432788629480656 neg 0.4641008963302845 __DUMMY__ 0.041571217374908896	false	0.5
lutscher	neg 1.0		off 0.5037082316218048 neg 0.4556785722384191 __DUMMY__ 0.040613196139776125	false	0.5
pflicht	neg 1.0		off 0.48394409195562194 neg 0.4743486122124247 __DUMMY__ 0.041707295831953435	false	0.5
faschist	off 1.0		off 0.49374600324561324 neg 0.4648694085804923 __DUMMY__ 0.04138458817389453	false	1.0
verschleudern	neg 1.0		off 0.4845968811339162 neg 0.4737883223927793 __DUMMY__ 0.04161479647330444	false	0.5
wenn			off 0.49464450075234406 neg 0.4640293392184659 __DUMMY__ 0.04132616002919009	false	0.0
ehebruch	neg 1.0		off 0.48700007102138815 neg 0.47133744774529124 __DUMMY__ 0.041662481233320434	false	0.5
spott	off 1.0		off 0.48602855307063153 neg 0.4723354542417019 __DUMMY__ 0.04163599268766654	false	1.0
trostlosigkeit	neg 1.0		off 0.4856997807090314 neg 0.47235013957389266 __DUMMY__ 0.041950079717075935	false	0.5
lutschen	neg 1.0		off 0.4936265423836546 neg 0.4650787374139279 __DUMMY__ 0.04129472020241734	false	0.5
undiszipliniert	neg 1.0		off 0.4979290654244465 neg 0.46096588413019124 __DUMMY__ 0.04110505044536222	false	0.5
kopfschmerz	neg 1.0		off 0.48777790093251805 neg 0.4706801823767023 __DUMMY__ 0.04154191669077958	false	0.5
unvorhergesehen	neg 1.0		off 0.4890429163029166 neg 0.46889622866013825 __DUMMY__ 0.042060855036945136	false	0.5
desinteressiert	neg 1.0	neg 1.0	neg 0.7158477443227675 off 0.26456053403115193 __DUMMY__ 0.019591721646080532	false	1.0
armselig	off 1.0		off 0.49705979511702647 neg 0.462009471901007 __DUMMY__ 0.04093073298196654	false	1.0
desaster	neg 1.0		off 0.48307240780168004 neg 0.4750512351900909 __DUMMY__ 0.041876357008229136	false	0.5
tod	neg 1.0		off 0.4905227095687242 neg 0.46752322312922345 __DUMMY__ 0.04195406730205237	false	0.5
herzlos	neg 1.0		off 0.49833348444505066 neg 0.46060554205047927 __DUMMY__ 0.041060973504470084	false	0.5
unwissenheit	neg 1.0		off 0.4870900278761974 neg 0.47135844727161963 __DUMMY__ 0.041551524852182865	false	0.5
widersinnig	neg 1.0		off 0.4849366280880266 neg 0.4737332830154689 __DUMMY__ 0.04133008889650451	false	0.5
bedenklich	neg 1.0		off 0.4857803154033658 neg 0.47266702342148204 __DUMMY__ 0.04155266117515206	false	0.5
beanstanden	neg 1.0		off 0.48389173839796995 neg 0.47435647258909286 __DUMMY__ 0.041751789012937086	false	0.5
panisch	neg 1.0	neg 1.0	neg 0.7164516082803237 off 0.263649988080907 __DUMMY__ 0.019898403638769217	false	1.0
debil	off 1.0		off 0.48170657868072836 neg 0.4760051186647361 __DUMMY__ 0.04228830265453554	false	1.0
abstrich	neg 1.0		off 0.49432835994850755 neg 0.46364563025687744 __DUMMY__ 0.04202600979461504	false	0.5
primitiv	neg 1.0		off 0.49548214726484296 neg 0.4634915527586353 __DUMMY__ 0.04102629997652167	false	0.5
abschaum	off 1.0	off 1.0	off 0.7333238476589015 neg 0.24704585514140545 __DUMMY__ 0.019630297199693045	false	1.0
provozieren	neg 1.0		off 0.48960136004538835 neg 0.46908331930555563 __DUMMY__ 0.041315320649056006	false	0.5
tot	neg 1.0		off 0.4878053469731465 neg 0.470567326780175 __DUMMY__ 0.041627326246678586	false	0.5
instabil	neg 1.0		off 0.49811507409184147 neg 0.46078586133242033 __DUMMY__ 0.04109906457573827	false	0.5
schwuchtel	off 1.0	off 1.0	off 0.7396290994243974 neg 0.2411479659560697 __DUMMY__ 0.01922293461953303	false	1.0
zerren	neg 1.0		off 0.48921925986946235 neg 0.46907994202477576 __DUMMY__ 0.041700798105761785	false	0.5
kinderficker	off 1.0		off 0.5012543569211061 neg 0.45777516394591033 __DUMMY__ 0.04097047913298365	false	1.0
gefahr	neg 1.0		off 0.48517868391270846 neg 0.47292349412521173 __DUMMY__ 0.041897821962079765	false	0.5
rabiat	neg 1.0		off 0.4908796332795631 neg 0.4675593331958866 __DUMMY__ 0.0415610335245504	false	0.5
verlangsamung	neg 1.0		off 0.4995648359047524 neg 0.45986093308914466 __DUMMY__ 0.04057423100610281	false	0.5
ausgestorben	neg 1.0		off 0.49120206145112305 neg 0.46715794818266376 __DUMMY__ 0.041639990366213187	false	0.5
anklagen	neg 1.0		off 0.48778243136743377 neg 0.47052315547019125 __DUMMY__ 0.04169441316237499	false	0.5
trott	neg 1.0		off 0.49077593241871315 neg 0.46759287874412137 __DUMMY__ 0.041631188837165406	false	0.5
verminderung	neg 1.0		off 0.49651672656182155 neg 0.46234335261581394 __DUMMY__ 0.04113992082236453	false	0.5
nach			off 0.4847653729131925 neg 0.47287673315296463 __DUMMY__ 0.04235789393384297	false	0.0
rost	neg 1.0		off 0.5009197530904138 neg 0.45820947206933704 __DUMMY__ 0.04087077484024915	false	0.5
destruktiv	neg 1.0		off 0.4885806832153601 neg 0.47003015146040683 __DUMMY__ 0.04138916532423307	false	0.5
unzumutbarkeit	neg 1.0		off 0.49695561275061206 neg 0.46167729880972974 __DUMMY__ 0.04136708843965836	false	0.5
labil	off 1.0	off 1.0	off 0.7333380963465097 neg 0.24697099244324727 __DUMMY__ 0.019690911210242978	false	1.0
ziemlich	neg 1.0		off 0.4975421382686229 neg 0.46108986488331677 __DUMMY__ 0.0413679968480604	false	0.5
lachnummer	off 1.0		off 0.48956724159289716 neg 0.46903625341564487 __DUMMY__ 0.04139650499145794	false	1.0
oder			off 0.49251040923514366 neg 0.4658764015724935 __DUMMY__ 0.0416131891923628	false	0.0
verfall	neg 1.0		off 0.4812532196011936 neg 0.4767287651983953 __DUMMY__ 0.04201801520041105	false	0.5
ausgrenzung	neg 1.0		off 0.49165343126190714 neg 0.4668985707993447 __DUMMY__ 0.041447997938748225	false	0.5
unordnung	neg 1.0		off 0.5013220728899556 neg 0.45724328294969996 __DUMMY__ 0.04143464416034451	false	0.5
fehlverhalten	neg 1.0		off 0.483516329765129 neg 0.4749051020179224 __DUMMY__ 0.04157856821694853	false	0.5
eine			off 0.48611909092967653 neg 0.4719679527056152 __DUMMY__ 0.04191295636470831	false	0.0
nille	neg 1.0		off 0.49138291743396423 neg 0.4669118212700388 __DUMMY__ 0.041705261295997054	false	0.5
qual	neg 1.0		off 0.4903847446911867 neg 0.46796444082485966 __DUMMY__ 0.04165081448395373	false	0.5
verschwenden	neg 1.0		off 0.48520509023602626 neg 0.47321876415348046 __DUMMY__ 0.04157614561049335	false	0.5
riesig	neg 1.0		off 0.48847756640934736 neg 0.4696979797412203 __DUMMY__ 0.04182445384943242	false	0.5
verurteilen	neg 1.0		off 0.4861314825100806 neg 0.47239587446819753 __DUMMY__ 0.04147264302172201	false	0.5
klischee	neg 1.0	neg 1.0	neg 0.7179926870939125 off 0.2623489336468922 __DUMMY__ 0.019658379259195315	false	1.0
diktatorisch	neg 1.0		off 0.4905941597180319 neg 0.4680018310054403 __DUMMY__ 0.041404009276527765	false	0.5
vorhersehbar	neg 1.0		off 0.4918248010786733 neg 0.46697370693548645 __DUMMY__ 0.041201491985840104	false	0.5
sowie			off 0.500212950463261 neg 0.45884283655719793 __DUMMY__ 0.04094421297954111	false	0.0
stornieren	neg 1.0		off 0.49661149147114586 neg 0.4615233309298841 __DUMMY__ 0.04186517759896991	false	0.5
besteuerung	neg 1.0		off 0.48858500325669957 neg 0.4701669249760783 __DUMMY__ 0.04124807176722211	false	0.5
ungeschminkt	neg 1.0		off 0.49490203404971755 neg 0.4641132867003023 __DUMMY__ 0.04098467924998016	false	0.5
kritisch	neg 1.0		off 0.4859081506252995 neg 0.4724854263579791 __DUMMY__ 0.041606423016721274	false	0.5
schlamperei	off 1.0		off 0.48625507529776124 neg 0.4719195914697072 __DUMMY__ 0.04182533323253152	false	1.0
sucht	neg 1.0	neg 1.0	neg 0.7158086825458467 off 0.264103737596056 __DUMMY__ 0.020087579858097247	false	1.0
egoistisch	off 1.0		off 0.4998099321543289 neg 0.4593947444485035 __DUMMY__ 0.04079532339716758	false	1.0
ausbeuter	off 1.0		off 0.4828610390645148 neg 0.47562643256022247 __DUMMY__ 0.04151252837526274	false	1.0
arschgeburt	off 1.0		off 0.5053667198687661 neg 0.4543642777837102 __DUMMY__ 0.04026900234752368	false	1.0
schubs	neg 1.0		off 0.4891927588558917 neg 0.4691433434316648 __DUMMY__ 0.04166389771244352	false	0.5
unsolide	neg 1.0		off 0.49064910545547435 neg 0.468048996991483 __DUMMY__ 0.04130189755304262	false	0.5
beschwerde	neg 1.0		off 0.48604845374078226 neg 0.4722665528002743 __DUMMY__ 0.041684993458943366	false	0.5
stocken	neg 1.0		off 0.4864468015607105 neg 0.4717631513224729 __DUMMY__ 0.04179004711681658	false	0.5
isolieren	neg 1.0		off 0.4873089284127455 neg 0.47103172345104977 __DUMMY__ 0.04165934813620468	false	0.5
unheilbar	neg 1.0		off 0.4909161796099767 neg 0.46754252682398817 __DUMMY__ 0.04154129356603518	false	0.5
pisser	off 1.0		off 0.49764981603812464 neg 0.46130659831471277 __DUMMY__ 0.04104358564716249	false	1.0
löschen	neg 1.0		off 0.49113236264587573 neg 0.4672454224462381 __DUMMY__ 0.04162221490788618	false	0.5
durchfallen	neg 1.0		off 0.4854616663642209 neg 0.47307729237366186 __DUMMY__ 0.041461041262117346	false	0.5
wichser	off 1.0	off 1.0	off 0.7387672464431092 neg 0.24188518803901013 __DUMMY__ 0.019347565517880805	false	1.0
terror	neg 1.0		off 0.49444115221641094 neg 0.46407224487720217 __DUMMY__ 0.04148660290638677	false	0.5
krass	neg 1.0		off 0.4993195629509583 neg 0.4596407965873195 __DUMMY__ 0.04103964046172208	false	0.5
revolte	neg 1.0		off 0.49307396475153775 neg 0.4654132875851945 __DUMMY__ 0.04151274766326782	false	0.5
besorgt	neg 1.0		off 0.4920995707745993 neg 0.4659423198314514 __DUMMY__ 0.041958109393949165	false	0.5
nachlassen	neg 1.0		off 0.4880701684429773 neg 0.4699859292493454 __DUMMY__ 0.04194390230767744	false	0.5
alt	neg 1.0		off 0.4876531760546022 neg 0.4707499438623772 __DUMMY__ 0.041596880083020725	false	0.5
hundesohn	off 1.0		off 0.5042397135628786 neg 0.455092151815566 __DUMMY__ 0.040668134621555406	false	1.0
als			off 0.488410981878528 neg 0.46995251694904583 __DUMMY__ 0.04163650117242613	false	0.0
abschreckung	neg 1.0		off 0.4836376375077864 neg 0.47460396389824056 __DUMMY__ 0.04175839859397297	false	0.5
unqualifiziert	neg 1.0		off 0.49227852242082815 neg 0.466592794942508 __DUMMY__ 0.04112868263666386	false	0.5
abgewichst	off 1.0		off 0.49071925774558256 neg 0.46754798402723735 __DUMMY__ 0.04173275822718017	false	1.0
schwer	neg 1.0		off 0.48941434978076465 neg 0.4690756190617681 __DUMMY__ 0.04151003115746716	false	0.5
bedeutungslosigkeit	neg 1.0		off 0.48481721650249904 neg 0.4734571245441272 __DUMMY__ 0.041725658953373705	false	0.5
kapitulation	neg 1.0		off 0.48690885113392 neg 0.47134531972596483 __DUMMY__ 0.04174582914011504	false	0.5
unscharf	neg 1.0		off 0.4918499637618575 neg 0.46687763817438444 __DUMMY__ 0.04127239806375796	false	0.5
schwinden	neg 1.0		off 0.4853429371308583 neg 0.47284702930379224 __DUMMY__ 0.04181003356534944	false	0.5
versklavung	neg 1.0		off 0.4914044720803282 neg 0.46705733360158164 __DUMMY__ 0.04153819431809019	false	0.5
schlecht	neg 1.0		off 0.49747862177714336 neg 0.4611767942890955 __DUMMY__ 0.041344583933761156	false	0.5
verhasst	neg 1.0		off 0.4892919165131328 neg 0.4695026348724024 __DUMMY__ 0.04120544861446489	false	0.5
beschweren	neg 1.0		off 0.49242042850394047 neg 0.46614205974373885 __DUMMY__ 0.0414375117523208	false	0.5
scheiden	neg 1.0		off 0.49221678842796773 neg 0.4660735351426788 __DUMMY__ 0.041709676429353464	false	0.5
frustriert	neg 1.0		off 0.4882851006989842 neg 0.47018865956202616 __DUMMY__ 0.041526239738989695	false	0.5
schimmelig	neg 1.0		off 0.48598901838988456 neg 0.47255520564005626 __DUMMY__ 0.04145577597005915	false	0.5
fisch	neg 1.0		off 0.4838758636912077 neg 0.4744680380650753 __DUMMY__ 0.041656098243717056	false	0.5
schmuggel	neg 1.0		off 0.48585697913130277 neg 0.4723868626313657 __DUMMY__ 0.04175615823733152	false	0.5
auffallen	neg 1.0		off 0.49316999692918156 neg 0.46543387989497953 __DUMMY__ 0.04139612317583886	false	0.5
konkurrenz	neg 1.0		off 0.4841677328876505 neg 0.4739766252161047 __DUMMY__ 0.041855641896244924	false	0.5
teufelskreis	neg 1.0	neg 1.0	neg 0.7204001729609059 off 0.259857106758009 __DUMMY__ 0.019742720281085212	false	1.0
aufschreien	neg 1.0		off 0.49225367963275557 neg 0.4664557015370443 __DUMMY__ 0.041290618830200215	false	0.5
schuldner	neg 1.0		off 0.48313374421025085 neg 0.47524152339619163 __DUMMY__ 0.041624732393557635	false	0.5
missgeburt	off 1.0	off 1.0	off 0.736278608825226 neg 0.24431688376196822 __DUMMY__ 0.01940450741280578	false	1.0
arbeitslos	neg 1.0		off 0.4858207454476043 neg 0.4727275082694147 __DUMMY__ 0.04145174628298098	false	0.5
befallen	neg 1.0		off 0.48857451589588424 neg 0.46985524253506544 __DUMMY__ 0.04157024156905032	false	0.5
miesepetrig	off 1.0	off 1.0	off 0.7341594841220627 neg 0.24614896732269612 __DUMMY__ 0.019691548555241262	false	1.0
alarmieren	neg 1.0		off 0.49373121416441457 neg 0.46504096679084644 __DUMMY__ 0.04122781904473908	false	0.5
ungeduscht	off 1.0		off 0.4938612734031077 neg 0.46493086855388444 __DUMMY__ 0.04120785804300791	false	1.0
knappheit	neg 1.0		off 0.484352017621271 neg 0.4742716403489035 __DUMMY__ 0.04137634202982538	false	0.5
schlange	neg 1.0		off 0.49498930961422793 neg 0.46325362136686093 __DUMMY__ 0.04175706901891106	false	0.5
harsch	neg 1.0		off 0.5026784076009365 neg 0.45606525673483767 __DUMMY__ 0.04125633566422577	false	0.5
lang	neg 1.0		off 0.49236195796094717 neg 0.4660181500424917 __DUMMY__ 0.04161989199656125	false	0.5
ziellos	neg 1.0		off 0.48862810655722744 neg 0.4695426916283044 __DUMMY__ 0.04182920181446818	false	0.5
selbstverliebt	neg 1.0		off 0.5043061270932934 neg 0.45521565853923285 __DUMMY__ 0.040478214367473765	false	0.5
beseitigen	neg 1.0		off 0.4893102721294018 neg 0.4690486296044974 __DUMMY__ 0.041641098266100685	false	0.5
dumm	off 1.0		off 0.5014352025886688 neg 0.4577114410701769 __DUMMY__ 0.04085335634115427	false	1.0
arbeitsloser	neg 1.0		off 0.48792987456538167 neg 0.4703977670073856 __DUMMY__ 0.04167235842723278	false	0.5
blitzen	neg 1.0		off 0.4939322409412878 neg 0.46464338020906354 __DUMMY__ 0.04142437884964879	false	0.5
hilflos	neg 1.0		off 0.48794675498795526 neg 0.4705002901268966 __DUMMY__ 0.04155295488514822	false	0.5
eklig	off 1.0		off 0.5006821788823688 neg 0.458639420730734 __DUMMY__ 0.040678400386897184	false	1.0
begriff			off 0.48898185725529975 neg 0.46952002827024863 __DUMMY__ 0.04149811447445165	false	0.0
hungersnot	neg 1.0		off 0.48884890261300323 neg 0.4694059809088358 __DUMMY__ 0.04174511647816096	false	0.5
ungesetzlich	neg 1.0		off 0.4882528265442672 neg 0.47052586574197797 __DUMMY__ 0.04122130771375491	false	0.5
verschwendung	neg 1.0		off 0.485652382758073 neg 0.472650366045452 __DUMMY__ 0.04169725119647506	false	0.5
schmerzvoll	neg 1.0		off 0.49252552667206767 neg 0.4659898010551972 __DUMMY__ 0.04148467227273509	false	0.5
vorzeitig	neg 1.0		off 0.4940504116196321 neg 0.46447456472822285 __DUMMY__ 0.0414750236521451	false	0.5
unvollkommenheit	neg 1.0		off 0.49036617712300257 neg 0.4676970893880457 __DUMMY__ 0.04193673348895175	false	0.5
intervenieren	neg 1.0		off 0.4847295506756561 neg 0.47363651856476185 __DUMMY__ 0.041633930759582126	false	0.5
banause	off 1.0		off 0.5021634485216394 neg 0.4573809758250746 __DUMMY__ 0.04045557565328596	false	1.0
rebell	neg 1.0		off 0.48223176904664944 neg 0.4759078360848156 __DUMMY__ 0.041860394868534954	false	0.5
unlogisch	neg 1.0		off 0.49729873989369566 neg 0.46172181813088353 __DUMMY__ 0.040979441975420895	false	0.5
leiden	neg 1.0		off 0.48604476399512003 neg 0.47208732516834917 __DUMMY__ 0.041867910836530936	false	0.5
abschaffung	neg 1.0		off 0.4905024288832752 neg 0.4679932898275947 __DUMMY__ 0.0415042812891301	false	0.5
sturz	neg 1.0		off 0.49264326773487843 neg 0.46561174305026065 __DUMMY__ 0.04174498921486085	false	0.5
verkleinerung	neg 1.0		off 0.49122304214629386 neg 0.46760055638081566 __DUMMY__ 0.04117640147289056	false	0.5
schmarotzer	off 1.0		off 0.48591921214288375 neg 0.4727295922119586 __DUMMY__ 0.04135119564515774	false	1.0
bestrafung	neg 1.0		off 0.49169785489407225 neg 0.46679127611538596 __DUMMY__ 0.04151086899054177	false	0.5
achtlos	neg 1.0	neg 1.0	neg 0.7190955136148269 off 0.26102535566340307 __DUMMY__ 0.01987913072177	false	1.0
ungeheuer	neg 1.0		off 0.4945783840998231 neg 0.4638486373779721 __DUMMY__ 0.041572978522204665	false	0.5
unaufrichtig	neg 1.0		off 0.49519380581250183 neg 0.463237877111905 __DUMMY__ 0.04156831707559328	false	0.5
