unsolidarisch	neg 1.0		off 0.5049070711291864 neg 0.4880478595555967 __DUMMY__ 0.007045069315216764	false	0.5
nachteilig	neg 1.0		off 0.5028265921666357 neg 0.49006416855176216 __DUMMY__ 0.00710923928160206	false	0.5
skeptisch	neg 1.0		off 0.5026997238488714 neg 0.4901792658541884 __DUMMY__ 0.007121010296940265	false	0.5
schrecklich	neg 1.0		off 0.5173918822390253 neg 0.4755913090068889 __DUMMY__ 0.007016808754085731	false	0.5
schlapp	neg 1.0		off 0.5141054869603588 neg 0.4788386804642438 __DUMMY__ 0.007055832575397331	false	0.5
abfall	neg 1.0		off 0.5003641235144792 neg 0.4924705389412018 __DUMMY__ 0.0071653375443190784	false	0.5
widerspenstig	neg 1.0		off 0.5086964660297414 neg 0.4842104119931534 __DUMMY__ 0.007093121977105213	false	0.5
abrupt	neg 1.0		off 0.5064041577716965 neg 0.486437193802432 __DUMMY__ 0.007158648425871518	false	0.5
unwirksam	neg 1.0		off 0.5047568781825003 neg 0.4882046833708976 __DUMMY__ 0.007038438446602165	false	0.5
angreifen	neg 1.0		off 0.502225682398342 neg 0.4906592659335233 __DUMMY__ 0.007115051668134624	false	0.5
inkonsistent	neg 1.0		off 0.5075184421704209 neg 0.485426001103648 __DUMMY__ 0.00705555672593131	false	0.5
abrutschen	neg 1.0		off 0.5000237912045555 neg 0.4928280562256857 __DUMMY__ 0.007148152569758716	false	0.5
unsicher	neg 1.0		off 0.5088306285220747 neg 0.4840632253813031 __DUMMY__ 0.007106146096622336	false	0.5
bauernkind	off 1.0	off 1.0	off 0.7415973220059168 neg 0.2551195906251335 __DUMMY__ 0.003283087368949698	false	1.0
angreifer	neg 1.0	neg 1.0	neg 0.725029304789492 off 0.27157686540756576 __DUMMY__ 0.0033938298029422276	false	1.0
trennen	neg 1.0		off 0.5047840202022083 neg 0.4880543835862662 __DUMMY__ 0.007161596211525611	false	0.5
schmutz	neg 1.0		off 0.5131337117831474 neg 0.4797332354339909 __DUMMY__ 0.007133052782861765	false	0.5
inkonsistenz	neg 1.0		off 0.5093612997400017 neg 0.483655467136464 __DUMMY__ 0.006983233123534428	false	0.5
erschreckend	neg 1.0		off 0.5062680945891649 neg 0.48665130110117555 __DUMMY__ 0.007080604309659654	false	0.5
ertrinken	neg 1.0		off 0.5040552987502085 neg 0.4888122721860521 __DUMMY__ 0.007132429063739474	false	0.5
pickelface	off 1.0		off 0.5079189423923851 neg 0.48497107506520315 __DUMMY__ 0.007109982542411703	false	1.0
seiner			off 0.5036639468698786 neg 0.4892071291039381 __DUMMY__ 0.007128924026183346	false	0.0
lauch	neg 1.0		off 0.5022371641427915 neg 0.49059229937418225 __DUMMY__ 0.0071705364830261815	false	0.5
unwichtig	neg 1.0		off 0.5113387841127623 neg 0.4816361240332482 __DUMMY__ 0.007025091853989556	false	0.5
steuerhinterziehung	neg 1.0	neg 1.0	neg 0.7289726620837055 off 0.2676434899760832 __DUMMY__ 0.0033838479402113265	false	1.0
schock	neg 1.0		off 0.5085080564594673 neg 0.48437372449036004 __DUMMY__ 0.007118219050172506	false	0.5
beule	neg 1.0		off 0.5142407839142473 neg 0.47872533662416417 __DUMMY__ 0.0070338794615885875	false	0.5
vergelten	neg 1.0		off 0.518303171924474 neg 0.47463571234748614 __DUMMY__ 0.007061115728039869	false	0.5
verdorbenheit	neg 1.0		off 0.5117180609676242 neg 0.48114918025779824 __DUMMY__ 0.007132758774577601	false	0.5
trauma	neg 1.0		off 0.509284142892433 neg 0.48362766646499245 __DUMMY__ 0.007088190642574626	false	0.5
sinnlos	neg 1.0		off 0.5103167536855419 neg 0.48260909451355494 __DUMMY__ 0.007074151800903295	false	0.5
fettsack	off 1.0	off 1.0	off 0.7433969871312395 neg 0.25330356518540026 __DUMMY__ 0.0032994476833602708	false	1.0
feige	off 1.0	off 1.0	off 0.7409502896285178 neg 0.2557146749503347 __DUMMY__ 0.003335035421147508	false	1.0
abdanken	neg 1.0		off 0.5078039526621314 neg 0.48509207286708 __DUMMY__ 0.007103974470788587	false	0.5
wichtigtuer	off 1.0	off 1.0	off 0.7399956481704524 neg 0.25665244730687303 __DUMMY__ 0.0033519045226746112	false	1.0
misslingen	neg 1.0		off 0.5130006480584409 neg 0.47984060011704593 __DUMMY__ 0.007158751824513219	false	0.5
untreu	off 1.0		off 0.5130684136263847 neg 0.4798916522793084 __DUMMY__ 0.007039934094306906	false	1.0
missmutig	neg 1.0		off 0.5133371982434956 neg 0.47960182310827837 __DUMMY__ 0.00706097864822614	false	0.5
hurenbock	off 1.0		off 0.511778579546674 neg 0.4811197013284307 __DUMMY__ 0.007101719124895345	false	1.0
betrunken	neg 1.0		off 0.5156944856132587 neg 0.4772639704422291 __DUMMY__ 0.0070415439445120735	false	0.5
korrupt	off 1.0		off 0.5025040946291272 neg 0.4904362622029531 __DUMMY__ 0.007059643167919862	false	1.0
unmut	neg 1.0		off 0.5006027945510269 neg 0.4922410059960669 __DUMMY__ 0.0071561994529061885	false	0.5
hackfresse	off 1.0		off 0.5195399452697216 neg 0.47349487702358 __DUMMY__ 0.006965177706698408	false	1.0
aufblasen	neg 1.0		off 0.5109763290845388 neg 0.4819313261357088 __DUMMY__ 0.007092344779752453	false	0.5
gewaltsam	neg 1.0		off 0.5077570215731988 neg 0.4851228573356663 __DUMMY__ 0.007120121091135103	false	0.5
unbeliebtheit	neg 1.0		off 0.5100708093837049 neg 0.48290532901641864 __DUMMY__ 0.007023861599876381	false	0.5
sturheit	neg 1.0		off 0.505586306036844 neg 0.48732948909398416 __DUMMY__ 0.007084204869171994	false	0.5
kuh	neg 1.0		off 0.506976445142879 neg 0.48601684223708824 __DUMMY__ 0.007006712620032718	false	0.5
erschrecken	neg 1.0		off 0.5136649969073039 neg 0.4792604685902375 __DUMMY__ 0.007074534502458571	false	0.5
opfer	neg 1.0		off 0.5046058691733717 neg 0.48827530553337106 __DUMMY__ 0.00711882529325727	false	0.5
sinken	neg 1.0		off 0.5019768742352566 neg 0.4908612950271147 __DUMMY__ 0.007161830737628767	false	0.5
stinktier	neg 1.0		off 0.5131832910394766 neg 0.47988880495124425 __DUMMY__ 0.006927904009279182	false	0.5
tucke	off 1.0		off 0.5190543377101601 neg 0.47401742565316707 __DUMMY__ 0.00692823663667296	false	1.0
ein			off 0.5099386912322698 neg 0.4829690553086091 __DUMMY__ 0.007092253459121116	false	0.0
abstieg	neg 1.0		off 0.504523296027849 neg 0.4883359267521495 __DUMMY__ 0.007140777220001726	false	0.5
missverstehen	neg 1.0		off 0.5086912063127238 neg 0.4842805204716846 __DUMMY__ 0.00702827321559169	false	0.5
ergebnislos	neg 1.0		off 0.5041406687881569 neg 0.4887164980012554 __DUMMY__ 0.0071428332105878	false	0.5
unter			off 0.49827507286550543 neg 0.49449437750903774 __DUMMY__ 0.007230549625456736	false	0.0
manipulieren	neg 1.0		off 0.5026867124054373 neg 0.4901826377977117 __DUMMY__ 0.007130649796850965	false	0.5
unbewiesen	neg 1.0		off 0.5039396577492772 neg 0.4890302870649111 __DUMMY__ 0.0070300551858117335	false	0.5
verschleppen	neg 1.0		off 0.5042065308357748 neg 0.48868907744491147 __DUMMY__ 0.007104391719313802	false	0.5
weib	off 1.0		off 0.5174268988731441 neg 0.47566029909112584 __DUMMY__ 0.006912802035730022	false	1.0
opposition	neg 1.0		off 0.5085418383943896 neg 0.484399423675217 __DUMMY__ 0.00705873793039343	false	0.5
verkehrswidrig	neg 1.0		off 0.5206880803442329 neg 0.47223976037394244 __DUMMY__ 0.007072159281824636	false	0.5
inkorrekt	neg 1.0		off 0.5139247163334965 neg 0.4790954866972104 __DUMMY__ 0.006979796969293238	false	0.5
vermeiden	neg 1.0	neg 1.0	neg 0.731359629490362 off 0.2652105613745753 __DUMMY__ 0.003429809135062695	false	1.0
abweichung	neg 1.0		off 0.5039552576837363 neg 0.4889357163650702 __DUMMY__ 0.007109025951193732	false	0.5
alkoholisiert	neg 1.0		off 0.5049645864714015 neg 0.48789377325897015 __DUMMY__ 0.00714164026962818	false	0.5
scheiss	off 1.0	off 1.0	off 0.7420798170456898 neg 0.2545757697581848 __DUMMY__ 0.003344413196125392	false	1.0
herausforderung	neg 1.0		off 0.5031130329290998 neg 0.4897594513132308 __DUMMY__ 0.0071275157576694715	false	0.5
pervers	off 1.0		off 0.5222549563278378 neg 0.4708176225452044 __DUMMY__ 0.006927421126957756	false	1.0
wackelig	neg 1.0		off 0.5091173214124217 neg 0.4837289626376497 __DUMMY__ 0.007153715949928585	false	0.5
verwickeln	neg 1.0		off 0.5081772176734519 neg 0.48478957249355714 __DUMMY__ 0.007033209832990842	false	0.5
vorwand	neg 1.0		off 0.5017855471799342 neg 0.4910956232032641 __DUMMY__ 0.007118829616801756	false	0.5
muschi	off 1.0		off 0.5080598844968235 neg 0.4848308255439724 __DUMMY__ 0.007109289959204164	false	1.0
entmutigung	neg 1.0		off 0.5090069383788066 neg 0.4839148838916279 __DUMMY__ 0.007078177729565497	false	0.5
unangemessen	neg 1.0		off 0.5039843284695477 neg 0.4889520961950237 __DUMMY__ 0.007063575335428765	false	0.5
unstetig	neg 1.0		off 0.5114658300185299 neg 0.4814563761133598 __DUMMY__ 0.007077793868110356	false	0.5
entmutigen	neg 1.0		off 0.5087730764880439 neg 0.48414768844430145 __DUMMY__ 0.007079235067654666	false	0.5
schwanz	neg 1.0		off 0.5055917544646908 neg 0.4872816554726545 __DUMMY__ 0.007126590062654623	false	0.5
verbot	neg 1.0		off 0.5044823694864948 neg 0.4884164856504778 __DUMMY__ 0.007101144863027247	false	0.5
leid	neg 1.0		off 0.5174392396609169 neg 0.47558272975105886 __DUMMY__ 0.006978030588024118	false	0.5
archaisch	neg 1.0		off 0.5061982310514219 neg 0.48670926559029765 __DUMMY__ 0.007092503358280353	false	0.5
gegen			off 0.5019994070324181 neg 0.4908380482754685 __DUMMY__ 0.0071625446921134385	false	0.0
scheidung	neg 1.0		off 0.5305733316333258 neg 0.4624613818254845 __DUMMY__ 0.006965286541189705	false	0.5
einschlag	neg 1.0		off 0.5160554409680962 neg 0.47691974489702577 __DUMMY__ 0.007024814134878158	false	0.5
m			off 0.506990677984388 neg 0.4858807637241428 __DUMMY__ 0.007128558291469214	false	0.0
abgestanden	neg 1.0		off 0.5079941990079873 neg 0.4849391115323713 __DUMMY__ 0.0070666894596414275	false	0.5
schmierig	off 1.0		off 0.518051855438491 neg 0.47494225963696507 __DUMMY__ 0.007005884924543933	false	1.0
unpraktisch	neg 1.0		off 0.5104478222584589 neg 0.4824635177942473 __DUMMY__ 0.00708865994729395	false	0.5
wixxer	off 1.0		off 0.5209337919653667 neg 0.4721651123952665 __DUMMY__ 0.0069010956393668575	false	1.0
bezeichnet			off 0.506079845482795 neg 0.48686349699553666 __DUMMY__ 0.007056657521668386	false	0.0
jammerlappen	off 1.0		off 0.5136447866272597 neg 0.47929380360131096 __DUMMY__ 0.007061409771429511	false	1.0
farce	neg 1.0		off 0.5055591455910717 neg 0.4873474534174363 __DUMMY__ 0.00709340099149193	false	0.5
zwecklos	neg 1.0		off 0.5046588375522417 neg 0.48825871138003324 __DUMMY__ 0.007082451067725109	false	0.5
turbulent	neg 1.0		off 0.5132222666953326 neg 0.4797622840634524 __DUMMY__ 0.007015449241214941	false	0.5
invasion	neg 1.0		off 0.5099569974585463 neg 0.48297094162844817 __DUMMY__ 0.007072060913005649	false	0.5
schuld	neg 1.0		off 0.5079149827735225 neg 0.48502364296712697 __DUMMY__ 0.007061374259350416	false	0.5
risiko	neg 1.0	neg 1.0	neg 0.7257669222914873 off 0.27084190254807416 __DUMMY__ 0.003391175160438521	false	1.0
finster	neg 1.0		off 0.5081838818744223 neg 0.4847617101997974 __DUMMY__ 0.0070544079257802645	false	0.5
geisteskrank	off 1.0		off 0.5116252824086265 neg 0.48138929116772655 __DUMMY__ 0.0069854264236468835	false	1.0
zusammenbrechen	neg 1.0		off 0.5061862362554591 neg 0.48670945277738253 __DUMMY__ 0.0071043109671583005	false	0.5
ausbeute	neg 1.0		off 0.510329094902519 neg 0.4824631624615915 __DUMMY__ 0.007207742635889574	false	0.5
hinterhalt	neg 1.0		off 0.5118432451376381 neg 0.48096747434463577 __DUMMY__ 0.007189280517726277	false	0.5
kritik	neg 1.0		off 0.5049518521924674 neg 0.4879595796850936 __DUMMY__ 0.007088568122438988	false	0.5
einschrumpfen	neg 1.0		off 0.5107694755791113 neg 0.48219403635062263 __DUMMY__ 0.007036488070265839	false	0.5
riskant	neg 1.0		off 0.502283388395688 neg 0.49061587757659436 __DUMMY__ 0.007100734027717663	false	0.5
frustrieren	neg 1.0		off 0.5037301279026991 neg 0.4891669487233387 __DUMMY__ 0.007102923373962116	false	0.5
groll	neg 1.0		off 0.5041028859865246 neg 0.4888126351155207 __DUMMY__ 0.007084478897954542	false	0.5
gibt			off 0.5065302427087173 neg 0.48636099506961644 __DUMMY__ 0.007108762221666286	false	0.0
qualvoll	neg 1.0		off 0.5118152605633473 neg 0.4811102462606392 __DUMMY__ 0.007074493176013547	false	0.5
wackeln	neg 1.0		off 0.5111050569579207 neg 0.4817769264312472 __DUMMY__ 0.007118016610832075	false	0.5
klagen	neg 1.0		off 0.5005862863928696 neg 0.4922759606697239 __DUMMY__ 0.0071377529374064465	false	0.5
bankrott	neg 1.0		off 0.5137503152777237 neg 0.47917283199404653 __DUMMY__ 0.007076852728229758	false	0.5
trauern	neg 1.0		off 0.5060851161497516 neg 0.48676261582822244 __DUMMY__ 0.007152268022025977	false	0.5
ablehnung	neg 1.0		off 0.5044657494219191 neg 0.4884464543284181 __DUMMY__ 0.0070877962496627925	false	0.5
stur	neg 1.0		off 0.5083747517934669 neg 0.48456108437502327 __DUMMY__ 0.007064163831509891	false	0.5
aufruhr	neg 1.0		off 0.507525294172629 neg 0.48536670360357603 __DUMMY__ 0.00710800222379489	false	0.5
melancholie	neg 1.0		off 0.5063318953946363 neg 0.48653622124623214 __DUMMY__ 0.007131883359131562	false	0.5
ist			off 0.5102592615619893 neg 0.4826622769711119 __DUMMY__ 0.0070784614668989495	false	0.0
torheit	neg 1.0		off 0.5080760510665921 neg 0.48484060593317274 __DUMMY__ 0.007083343000235059	false	0.5
dreckskind	off 1.0		off 0.5166604585693845 neg 0.4763974695384464 __DUMMY__ 0.006942071892169158	false	1.0
umtauschen	neg 1.0		off 0.5086408872227958 neg 0.4842565073168256 __DUMMY__ 0.0071026054603785405	false	0.5
zum			off 0.5033604825828376 neg 0.48940480731310576 __DUMMY__ 0.007234710104056482	false	0.0
zersetzen	neg 1.0		off 0.501228949958869 neg 0.4916683977943629 __DUMMY__ 0.007102652246768155	false	0.5
zur			off 0.5005536702280564 neg 0.49224018678379927 __DUMMY__ 0.007206142988144282	false	0.0
frust	neg 1.0		off 0.5065928167631473 neg 0.4862955426918803 __DUMMY__ 0.007111640544972342	false	0.5
unerbittlichkeit	neg 1.0		off 0.5023187190151581 neg 0.49056037396838686 __DUMMY__ 0.0071209070164551065	false	0.5
zwei			off 0.5038417376621622 neg 0.4889421820936854 __DUMMY__ 0.007216080244152382	false	0.0
unkorrekt	neg 1.0		off 0.5150666168654306 neg 0.47792754413728505 __DUMMY__ 0.007005838997284289	false	0.5
hexe	off 1.0		off 0.5110946974857643 neg 0.4818975015673978 __DUMMY__ 0.007007800946838086	false	1.0
lasch	neg 1.0		off 0.5100129123353326 neg 0.48296056224286793 __DUMMY__ 0.007026525421799311	false	0.5
rivale	neg 1.0		off 0.5148940285889085 neg 0.4780830053883917 __DUMMY__ 0.007022966022699854	false	0.5
mutlos	off 1.0	off 1.0	off 0.7362786776162201 neg 0.26034055239110726 __DUMMY__ 0.003380769992672664	false	1.0
wirr	off 1.0		off 0.5147597719913701 neg 0.4782599830192114 __DUMMY__ 0.006980244989418468	false	1.0
jahr			off 0.5079858021256427 neg 0.48479040706952947 __DUMMY__ 0.0072237908048276905	false	0.0
wird			off 0.5050797802398457 neg 0.4878092961892561 __DUMMY__ 0.007110923570898242	false	0.0
strafbar	neg 1.0		off 0.5027050945698255 neg 0.49019737227874655 __DUMMY__ 0.007097533151428082	false	0.5
erosion	neg 1.0		off 0.5097919564796819 neg 0.4830912103033735 __DUMMY__ 0.007116833216944583	false	0.5
eingehen	neg 1.0		off 0.5030308940513987 neg 0.4898718096655558 __DUMMY__ 0.007097296283045482	false	0.5
faul	off 1.0		off 0.5136583761498394 neg 0.47926742545155493 __DUMMY__ 0.007074198398605642	false	1.0
provisorium	neg 1.0		off 0.4999256568787183 neg 0.49283110479562087 __DUMMY__ 0.007243238325660767	false	0.5
schmerzen	neg 1.0		off 0.5061261367459029 neg 0.48679535230208004 __DUMMY__ 0.007078510952017052	false	0.5
schrumpfen	neg 1.0		off 0.49778822652927457 neg 0.49505897651976477 __DUMMY__ 0.0071527969509606335	false	0.5
geistlos	off 1.0		off 0.5073774141380349 neg 0.4856097940170015 __DUMMY__ 0.007012791844963413	false	1.0
fehlkauf	neg 1.0		off 0.510788692270533 neg 0.4821218748601048 __DUMMY__ 0.007089432869362148	false	0.5
frustrierend	neg 1.0		off 0.5117306403039428 neg 0.48121514318964126 __DUMMY__ 0.007054216506416032	false	0.5
unzufrieden	neg 1.0		off 0.5041780220176777 neg 0.48873957878749824 __DUMMY__ 0.0070823991948240905	false	0.5
verzweifeln	neg 1.0		off 0.5068584819777785 neg 0.4860473728244887 __DUMMY__ 0.007094145197732851	false	0.5
verzweifelt	neg 1.0	neg 1.0	neg 0.727560665694789 off 0.2690818620413531 __DUMMY__ 0.003357472263857904	false	1.0
misstrauensantrag	neg 1.0		off 0.5103109202221872 neg 0.4826166605463252 __DUMMY__ 0.007072419231487661	false	0.5
abfallen	neg 1.0		off 0.5108409270928862 neg 0.482047801247773 __DUMMY__ 0.007111271659340586	false	0.5
fucker	off 1.0		off 0.5166293286977427 neg 0.47632914293256395 __DUMMY__ 0.0070415283696932925	false	1.0
ungezogen	neg 1.0		off 0.5218321119639122 neg 0.47122600162223616 __DUMMY__ 0.006941886413851676	false	0.5
irrsinnig	neg 1.0	neg 1.0	neg 0.7272843513491193 off 0.26935323060119626 __DUMMY__ 0.003362418049684427	false	1.0
unfassbar	neg 1.0		off 0.5147306166761796 neg 0.478218953363138 __DUMMY__ 0.007050429960682444	false	0.5
hart	neg 1.0		off 0.5135650028656921 neg 0.4793959277004896 __DUMMY__ 0.007039069433818383	false	0.5
widerlich	off 1.0		off 0.5129975980230327 neg 0.4799952913674199 __DUMMY__ 0.0070071106095474164	false	1.0
fatal	neg 1.0		off 0.5106095505718483 neg 0.48231464630659315 __DUMMY__ 0.007075803121558484	false	0.5
bruch	neg 1.0		off 0.5019417230979847 neg 0.4909074951042616 __DUMMY__ 0.007150781797753709	false	0.5
aushungern	neg 1.0		off 0.5061816254237083 neg 0.486709536191177 __DUMMY__ 0.007108838385114873	false	0.5
anspannung	neg 1.0		off 0.5024866347119336 neg 0.4902936145351127 __DUMMY__ 0.00721975075295364	false	0.5
von			off 0.5090964326940423 neg 0.48366166613291217 __DUMMY__ 0.007241901173045521	false	0.0
kraftlos	neg 1.0		off 0.5067293264250231 neg 0.48614662162589095 __DUMMY__ 0.007124051949085916	false	0.5
vom			off 0.5019752861370509 neg 0.49076071724160947 __DUMMY__ 0.007263996621339597	false	0.0
grenzdebil	off 1.0		off 0.5152276191807298 neg 0.47772256512294653 __DUMMY__ 0.0070498156963238	false	1.0
vor			off 0.5038459896310458 neg 0.4889869246172942 __DUMMY__ 0.007167085751660009	false	0.0
unterwerfen	neg 1.0		off 0.5041270762540495 neg 0.48876078952099533 __DUMMY__ 0.007112134224955112	false	0.5
versenkung	neg 1.0		off 0.5058860528826626 neg 0.4869744539448239 __DUMMY__ 0.007139493172513297	false	0.5
entziehen	neg 1.0		off 0.5012059337097714 neg 0.49165786841629017 __DUMMY__ 0.007136197873938398	false	0.5
finanzkrise	neg 1.0		off 0.5057064213010647 neg 0.48721587337572275 __DUMMY__ 0.007077705323212779	false	0.5
schimpfend	neg 1.0		off 0.5103510971166237 neg 0.48257411777239334 __DUMMY__ 0.007074785110982964	false	0.5
profan	neg 1.0		off 0.5101597183552813 neg 0.48278384473415586 __DUMMY__ 0.0070564369105628405	false	0.5
korruption	neg 1.0		off 0.5043499539148351 neg 0.48854605798980383 __DUMMY__ 0.0071039880953612375	false	0.5
â			off 0.5069417420500355 neg 0.4859180946398288 __DUMMY__ 0.007140163310135674	false	0.0
schmutzig	neg 1.0		off 0.5162609011857764 neg 0.4766829382215939 __DUMMY__ 0.007056160592629785	false	0.5
sexy	neg 1.0		off 0.512813366099875 neg 0.48010749999276364 __DUMMY__ 0.007079133907361304	false	0.5
abraten	neg 1.0		off 0.5103450692667095 neg 0.48257926925585154 __DUMMY__ 0.007075661477438921	false	0.5
schwarz	neg 1.0		off 0.5097676078594561 neg 0.4831540016063822 __DUMMY__ 0.007078390534161734	false	0.5
fotze	off 1.0	off 1.0	off 0.7388522391225865 neg 0.25774930563942855 __DUMMY__ 0.0033984552379849324	false	1.0
verwirren	neg 1.0		off 0.511019872640506 neg 0.48191927121378114 __DUMMY__ 0.007060856145712969	false	0.5
zahnlos	off 1.0		off 0.5056990636882069 neg 0.48721247851134086 __DUMMY__ 0.007088457800452156	false	1.0
verheeren	neg 1.0		off 0.5242435654571485 neg 0.4688023244464374 __DUMMY__ 0.006954110096414242	false	0.5
hippie	neg 1.0		off 0.5122950825492909 neg 0.4806253324948982 __DUMMY__ 0.007079584955810965	false	0.5
rammen	neg 1.0		off 0.5086960140247352 neg 0.48424587512151596 __DUMMY__ 0.00705811085374886	false	0.5
unlauter	neg 1.0		off 0.5069526870521942 neg 0.4860006163116893 __DUMMY__ 0.0070466966361165395	false	0.5
unheilvoll	neg 1.0		off 0.5108794913372149 neg 0.4820333230253073 __DUMMY__ 0.007087185637477754	false	0.5
niedrig	neg 1.0		off 0.5016226891758768 neg 0.4912836877377826 __DUMMY__ 0.0070936230863405956	false	0.5
explosion	neg 1.0		off 0.5111054611658107 neg 0.4818236664655692 __DUMMY__ 0.007070872368620173	false	0.5
weichei	off 1.0	off 1.0	off 0.7445399416954356 neg 0.25214503882872313 __DUMMY__ 0.003315019475841289	false	1.0
minusmensch	off 1.0		off 0.5188981572540153 neg 0.47417565906150505 __DUMMY__ 0.006926183684479641	false	1.0
farblos	neg 1.0		off 0.5087197810686832 neg 0.48417555733406786 __DUMMY__ 0.007104661597249003	false	0.5
unwissend	neg 1.0	neg 1.0	neg 0.7253106809470565 off 0.2713452536185318 __DUMMY__ 0.0033440654344115885	false	1.0
traurig	neg 1.0		off 0.5170269844353347 neg 0.47594388470925614 __DUMMY__ 0.007029130855408988	false	0.5
senkung	neg 1.0		off 0.5091208829971089 neg 0.48384008547994833 __DUMMY__ 0.007039031522942722	false	0.5
ungleich	neg 1.0	neg 1.0	neg 0.7306315868561114 off 0.2659852610885254 __DUMMY__ 0.0033831520553631706	false	1.0
heikel	neg 1.0		off 0.5022266377892879 neg 0.490673114856179 __DUMMY__ 0.007100247354533041	false	0.5
drosselung	neg 1.0		off 0.514346132787368 neg 0.4786168106577454 __DUMMY__ 0.007037056554886597	false	0.5
falsch	neg 1.0		off 0.5113359739766998 neg 0.4816218319622878 __DUMMY__ 0.007042194061012356	false	0.5
unzufriedenheit	neg 1.0		off 0.501713040011138 neg 0.49115939437886336 __DUMMY__ 0.007127565609998604	false	0.5
kurz	neg 1.0		off 0.5091444102996274 neg 0.48371401899467004 __DUMMY__ 0.007141570705702592	false	0.5
unsinnig	neg 1.0		off 0.5048597495085986 neg 0.488070801103151 __DUMMY__ 0.007069449388250367	false	0.5
penner	off 1.0	off 1.0	off 0.7455571861830341 neg 0.25112974911698105 __DUMMY__ 0.0033130646999848016	false	1.0
seicht	neg 1.0		off 0.519665759373842 neg 0.4734129671008737 __DUMMY__ 0.0069212735252843615	false	0.5
dummheit	off 1.0	off 1.0	off 0.7400731217297885 neg 0.2565778131136238 __DUMMY__ 0.00334906515658769	false	1.0
unerfreulich	neg 1.0		off 0.5026555748556232 neg 0.4902183914888907 __DUMMY__ 0.007126033655486155	false	0.5
motherfucker	off 1.0	off 1.0	off 0.7432977801259455 neg 0.2533529658424183 __DUMMY__ 0.0033492540316362477	false	1.0
pikiert	neg 1.0		off 0.5128571936160009 neg 0.4801198841901207 __DUMMY__ 0.0070229221938785304	false	0.5
wrack	neg 1.0		off 0.5075983803982175 neg 0.4852691467133417 __DUMMY__ 0.007132472888440727	false	0.5
gangster	neg 1.0		off 0.5122893296569857 neg 0.48063287257550635 __DUMMY__ 0.0070777977675079125	false	0.5
krank	neg 1.0		off 0.515506719019334 neg 0.4774402157807798 __DUMMY__ 0.007053065199886302	false	0.5
reich	neg 1.0		off 0.5151160769037852 neg 0.4778096787371807 __DUMMY__ 0.007074244359033897	false	0.5
gnadenlos	neg 1.0		off 0.5086688306037266 neg 0.4842594366781125 __DUMMY__ 0.007071732718160848	false	0.5
niedergeschlagen	neg 1.0		off 0.5074312727735522 neg 0.4854564957531598 __DUMMY__ 0.007112231473288109	false	0.5
terrorisieren	off 1.0	off 1.0	off 0.7373394205796578 neg 0.25926543464591445 __DUMMY__ 0.003395144774427705	false	1.0
sinnlosigkeit	neg 1.0		off 0.5054111625045413 neg 0.4874940122052101 __DUMMY__ 0.007094825290248542	false	0.5
behindern	neg 1.0		off 0.5079946279269261 neg 0.4848999071329264 __DUMMY__ 0.007105464940147552	false	0.5
undemokratisch	neg 1.0		off 0.5082406303845258 neg 0.4846872830896296 __DUMMY__ 0.0070720865258446595	false	0.5
wirtschaftskrise	neg 1.0		off 0.5038491333812237 neg 0.4890517099604587 __DUMMY__ 0.007099156658317694	false	0.5
neid	neg 1.0		off 0.5132667507093299 neg 0.47965764902659547 __DUMMY__ 0.007075600264074551	false	0.5
rutschen	neg 1.0		off 0.5041101585881025 neg 0.4886666806802435 __DUMMY__ 0.007223160731654051	false	0.5
rezession	neg 1.0		off 0.5124031500214015 neg 0.48065020550598814 __DUMMY__ 0.006946644472610507	false	0.5
fehlgeburt	neg 1.0		off 0.5109936515376856 neg 0.48191522210732285 __DUMMY__ 0.007091126354991474	false	0.5
charakterschwach	off 1.0		off 0.512769771327105 neg 0.4802216119094999 __DUMMY__ 0.007008616763394958	false	1.0
isolation	neg 1.0		off 0.5121977990141748 neg 0.48073524468157364 __DUMMY__ 0.007066956304251478	false	0.5
ablenkung	neg 1.0		off 0.5092474501288436 neg 0.48364649820317 __DUMMY__ 0.007106051667986316	false	0.5
pech	neg 1.0		off 0.5119261388878054 neg 0.48101752113690466 __DUMMY__ 0.007056339975289911	false	0.5
vermeidung	neg 1.0		off 0.5150909227339984 neg 0.4778624684128635 __DUMMY__ 0.007046608853138103	false	0.5
dominieren	neg 1.0		off 0.5052359544531414 neg 0.4876307906866429 __DUMMY__ 0.007133254860215742	false	0.5
schwindlig	neg 1.0		off 0.5119475104027205 neg 0.480958457832893 __DUMMY__ 0.007094031764386464	false	0.5
lutscher	neg 1.0		off 0.5209593512051076 neg 0.47211074281778687 __DUMMY__ 0.006929905977105513	false	0.5
pflicht	neg 1.0		off 0.5015649642154998 neg 0.49131758439953144 __DUMMY__ 0.00711745138496881	false	0.5
faschist	off 1.0		off 0.5112687114233072 neg 0.4816692128731924 __DUMMY__ 0.007062075703500314	false	1.0
verschleudern	neg 1.0		off 0.5021824210800303 neg 0.490716081944915 __DUMMY__ 0.007101496975054694	false	0.5
wenn			off 0.5121553579270427 neg 0.4807925178755822 __DUMMY__ 0.007052124197375274	false	0.0
ehebruch	neg 1.0		off 0.5046134919948191 neg 0.4882767915751017 __DUMMY__ 0.007109716430079285	false	0.5
spott	off 1.0		off 0.5036266566238186 neg 0.4892681385820196 __DUMMY__ 0.0071052047941617845	false	1.0
trostlosigkeit	neg 1.0		off 0.5034314446215451 neg 0.48940958738231455 __DUMMY__ 0.007158967996140307	false	0.5
lutschen	neg 1.0		off 0.5111192291849439 neg 0.4818340899798619 __DUMMY__ 0.0070466808351942615	false	0.5
undiszipliniert	neg 1.0		off 0.5153622829419702 neg 0.477623526010583 __DUMMY__ 0.007014191047446771	false	0.5
kopfschmerz	neg 1.0		off 0.5053581464939221 neg 0.48755287677278236 __DUMMY__ 0.007088976733295628	false	0.5
unvorhergesehen	neg 1.0		off 0.5068464437160255 neg 0.4859756762317949 __DUMMY__ 0.007177880052179663	false	0.5
desinteressiert	neg 1.0	neg 1.0	neg 0.7238049785472405 off 0.2728561386073614 __DUMMY__ 0.0033388828453980958	false	1.0
armselig	off 1.0		off 0.5144120185186593 neg 0.4786036071105246 __DUMMY__ 0.006984374370816129	false	1.0
desaster	neg 1.0		off 0.5007595633379134 neg 0.4920940528148684 __DUMMY__ 0.007146383847218156	false	0.5
tod	neg 1.0		off 0.5082812940300889 neg 0.48455919024839206 __DUMMY__ 0.007159515721519082	false	0.5
herzlos	neg 1.0		off 0.5157483571920163 neg 0.47724497424843215 __DUMMY__ 0.007006668559551585	false	0.5
unwissenheit	neg 1.0		off 0.5046583868436362 neg 0.48825087811781726 __DUMMY__ 0.0070907350385465565	false	0.5
widersinnig	neg 1.0		off 0.5024006549875089 neg 0.49054656565757293 __DUMMY__ 0.0070527793549182635	false	0.5
bedenklich	neg 1.0		off 0.5033450770576874 neg 0.48956396185303697 __DUMMY__ 0.007090961089275755	false	0.5
beanstanden	neg 1.0		off 0.5015310416580722 neg 0.4913439108089636 __DUMMY__ 0.0071250475329643044	false	0.5
panisch	neg 1.0	neg 1.0	neg 0.7245331750241023 off 0.2720755997956444 __DUMMY__ 0.0033912251802533113	false	1.0
debil	off 1.0		off 0.49957034355705865 neg 0.49321276402321657 __DUMMY__ 0.007216892419724849	false	1.0
abstrich	neg 1.0		off 0.5121437980187853 neg 0.48068446856513325 __DUMMY__ 0.0071717334160813035	false	0.5
primitiv	neg 1.0		off 0.5128685420142925 neg 0.4801307105646151 __DUMMY__ 0.007000747421092412	false	0.5
abschaum	off 1.0	off 1.0	off 0.7416325639958641 neg 0.2550219548729545 __DUMMY__ 0.0033454811311813947	false	1.0
provozieren	neg 1.0		off 0.5070831287185459 neg 0.4858665710226876 __DUMMY__ 0.007050300258766634	false	0.5
tot	neg 1.0		off 0.5054188014044884 neg 0.48747767218049465 __DUMMY__ 0.007103526415017073	false	0.5
instabil	neg 1.0		off 0.5155450161763168 neg 0.47744192018730947 __DUMMY__ 0.007013063636373843	false	0.5
schwuchtel	off 1.0	off 1.0	off 0.7477725312784906 neg 0.2489515482573772 __DUMMY__ 0.0032759204641321688	false	1.0
zerren	neg 1.0		off 0.5068634270074077 neg 0.4860202499852367 __DUMMY__ 0.00711632300735565	false	0.5
kinderficker	off 1.0		off 0.5186378926298877 neg 0.4743709955180127 __DUMMY__ 0.006991111852099648	false	1.0
gefahr	neg 1.0		off 0.5028839158469187 neg 0.48996606022562106 __DUMMY__ 0.007150023927460173	false	0.5
rabiat	neg 1.0		off 0.5084710660953956 neg 0.48443657552943925 __DUMMY__ 0.00709235837516524	false	0.5
verlangsamung	neg 1.0		off 0.5167769728682292 neg 0.4762998295923923 __DUMMY__ 0.00692319753937837	false	0.5
ausgestorben	neg 1.0		off 0.5088286203057113 neg 0.48406548931385895 __DUMMY__ 0.0071058903804297685	false	0.5
anklagen	neg 1.0		off 0.5054140899259817 neg 0.4874707554996494 __DUMMY__ 0.007115154574368829	false	0.5
trott	neg 1.0		off 0.5084005349581765 neg 0.484495041842966 __DUMMY__ 0.007104423198857574	false	0.5
verminderung	neg 1.0		off 0.5139619105958204 neg 0.47901793584074515 __DUMMY__ 0.007020153563434566	false	0.5
nach			off 0.5026707135769175 neg 0.4901004416056158 __DUMMY__ 0.007228844817466762	false	0.0
rost	neg 1.0		off 0.5182662452010462 neg 0.47475979652355743 __DUMMY__ 0.006973958275396377	false	0.5
destruktiv	neg 1.0		off 0.5060875204741172 neg 0.4868495618313907 __DUMMY__ 0.007062917694492102	false	0.5
unzumutbarkeit	neg 1.0		off 0.5144944115879828 neg 0.47844656300969174 __DUMMY__ 0.007059025402325349	false	0.5
labil	off 1.0	off 1.0	off 0.7416733809744408 neg 0.2549707853034973 __DUMMY__ 0.0033558337220619414	false	1.0
ziemlich	neg 1.0		off 0.5150836149241885 neg 0.47785712309844075 __DUMMY__ 0.007059261977370932	false	0.5
lachnummer	off 1.0		off 0.5070796387354549 neg 0.4858561565859649 __DUMMY__ 0.007064204678580204	false	1.0
oder			off 0.5101349759828885 neg 0.4827637481341993 __DUMMY__ 0.007101275882912255	false	0.0
verfall	neg 1.0		off 0.4989947927201087 neg 0.49383455657754227 __DUMMY__ 0.007170650702348902	false	0.5
ausgrenzung	neg 1.0		off 0.509194745933279 neg 0.48373230042141435 __DUMMY__ 0.007072953645306488	false	0.5
unordnung	neg 1.0		off 0.5189075007481376 neg 0.4740219824610239 __DUMMY__ 0.007070516790838349	false	0.5
fehlverhalten	neg 1.0		off 0.5010798333675563 neg 0.49182477768732774 __DUMMY__ 0.007095388945115894	false	0.5
eine			off 0.5038403718777196 neg 0.489006969023481 __DUMMY__ 0.007152659098799348	false	0.0
nille	neg 1.0		off 0.5090359905026872 neg 0.48384694137338113 __DUMMY__ 0.0071170681239317935	false	0.5
qual	neg 1.0		off 0.5080153224484818 neg 0.484876891466355 __DUMMY__ 0.007107786085163147	false	0.5
verschwenden	neg 1.0		off 0.5027805155767169 neg 0.49012453000171047 __DUMMY__ 0.007094954421572628	false	0.5
riesig	neg 1.0		off 0.5061744956618275 neg 0.48668810163362775 __DUMMY__ 0.007137402704544815	false	0.5
verurteilen	neg 1.0		off 0.5036611221059776 neg 0.48926165660728377 __DUMMY__ 0.007077221286738776	false	0.5
klischee	neg 1.0	neg 1.0	neg 0.7259794724348443 off 0.27067024904506953 __DUMMY__ 0.003350278520086228	false	1.0
diktatorisch	neg 1.0		off 0.5081113789234675 neg 0.484823210775936 __DUMMY__ 0.0070654103005965	false	0.5
vorhersehbar	neg 1.0		off 0.5092678946173586 neg 0.4837013380982769 __DUMMY__ 0.007030767284364562	false	0.5
sowie			off 0.5175870357483241 neg 0.47542632038102295 __DUMMY__ 0.006986643870653014	false	0.0
stornieren	neg 1.0		off 0.5143582721144153 neg 0.47849740234963756 __DUMMY__ 0.007144325535947208	false	0.5
besteuerung	neg 1.0		off 0.5060394404550304 neg 0.4869218747931476 __DUMMY__ 0.0070386847518221956	false	0.5
ungeschminkt	neg 1.0		off 0.5122761083647311 neg 0.4807303398415391 __DUMMY__ 0.006993551793729685	false	0.5
kritisch	neg 1.0		off 0.5034941446124581 neg 0.48940569726214345 __DUMMY__ 0.007100158125398376	false	0.5
schlamperei	off 1.0		off 0.5039333399858683 neg 0.48892906882561055 __DUMMY__ 0.007137591188521027	false	1.0
sucht	neg 1.0	neg 1.0	neg 0.7239677816198564 off 0.2726087475019857 __DUMMY__ 0.0034234708781578894	false	1.0
egoistisch	off 1.0		off 0.517118578207835 neg 0.47592027963741845 __DUMMY__ 0.006961142154746512	false	1.0
ausbeuter	off 1.0		off 0.5003938001828374 neg 0.4925221354815333 __DUMMY__ 0.0070840643356293725	false	1.0
arschgeburt	off 1.0		off 0.5224735753622535 neg 0.4706554612970012 __DUMMY__ 0.006870963340745315	false	1.0
schubs	neg 1.0		off 0.5068300450573855 neg 0.4860600737929747 __DUMMY__ 0.007109881149639643	false	0.5
unsolide	neg 1.0		off 0.5081262522938317 neg 0.48482588004318544 __DUMMY__ 0.007047867662982988	false	0.5
beschwerde	neg 1.0		off 0.5036683018584771 neg 0.4892181539616724 __DUMMY__ 0.007113544179850459	false	0.5
stocken	neg 1.0		off 0.5041141391026279 neg 0.4887543130160652 __DUMMY__ 0.007131547881306778	false	0.5
isolieren	neg 1.0		off 0.5049233433036722 neg 0.4879675335156863 __DUMMY__ 0.0071091231806414985	false	0.5
unheilbar	neg 1.0		off 0.508496920197899 neg 0.4844141445655011 __DUMMY__ 0.007088935236599745	false	0.5
pisser	off 1.0		off 0.5150534357490544 neg 0.477942919802409 __DUMMY__ 0.007003644448536613	false	1.0
löschen	neg 1.0		off 0.5087528386005911 neg 0.4841442946764642 __DUMMY__ 0.0071028667229446245	false	0.5
durchfallen	neg 1.0		off 0.5029872537752054 neg 0.489937502989586 __DUMMY__ 0.007075243235208517	false	0.5
wichser	off 1.0	off 1.0	off 0.7469636953723551 neg 0.24973910955382636 __DUMMY__ 0.0032971950738185374	false	1.0
terror	neg 1.0		off 0.5120223435534133 neg 0.4808980700074743 __DUMMY__ 0.007079586439112559	false	0.5
krass	neg 1.0		off 0.5167348734147778 neg 0.4762621721881702 __DUMMY__ 0.00700295439705211	false	0.5
revolte	neg 1.0		off 0.5106508744123144 neg 0.48226509485978336 __DUMMY__ 0.007084030727902376	false	0.5
besorgt	neg 1.0		off 0.5098641323064257 neg 0.48297553442253627 __DUMMY__ 0.007160333271038022	false	0.5
nachlassen	neg 1.0		off 0.5058141148589678 neg 0.4870280274740384 __DUMMY__ 0.007157857666993706	false	0.5
alt	neg 1.0		off 0.5052548859169609 neg 0.487646743006017 __DUMMY__ 0.007098371077022086	false	0.5
hundesohn	off 1.0		off 0.5215076551825043 neg 0.4715530038522951 __DUMMY__ 0.006939340965200442	false	1.0
als			off 0.5060245607585067 neg 0.48687016104810477 __DUMMY__ 0.007105278193388692	false	0.0
abschreckung	neg 1.0		off 0.5012768009495887 neg 0.49159702845941616 __DUMMY__ 0.007126170590995	false	0.5
unqualifiziert	neg 1.0		off 0.5096903225982505 neg 0.4832913992235203 __DUMMY__ 0.007018278178229151	false	0.5
abgewichst	off 1.0		off 0.508383342972975 neg 0.4844948773377507 __DUMMY__ 0.007121779689274275	false	1.0
schwer	neg 1.0		off 0.5069798130916943 neg 0.48593654300016625 __DUMMY__ 0.0070836439081394765	false	0.5
bedeutungslosigkeit	neg 1.0		off 0.502448507151022 neg 0.49043090501515096 __DUMMY__ 0.007120587833827102	false	0.5
kapitulation	neg 1.0		off 0.5045559608354139 neg 0.4883200450648391 __DUMMY__ 0.00712399409974696	false	0.5
unscharf	neg 1.0		off 0.5093354348844733 neg 0.48362176780673904 __DUMMY__ 0.007042797308787608	false	0.5
schwinden	neg 1.0		off 0.5030128292830737 neg 0.48985219964609306 __DUMMY__ 0.007134971070833157	false	0.5
versklavung	neg 1.0		off 0.5089840164694659 neg 0.4839275908348876 __DUMMY__ 0.007088392695646509	false	0.5
schlecht	neg 1.0		off 0.5150087627070822 neg 0.4779359730251982 __DUMMY__ 0.007055264267719597	false	0.5
verhasst	neg 1.0		off 0.5067258110033818 neg 0.48624271896005966 __DUMMY__ 0.007031470036558514	false	0.5
beschweren	neg 1.0		off 0.5099671232159411 neg 0.482961665372663 __DUMMY__ 0.0070712114113957655	false	0.5
scheiden	neg 1.0		off 0.5098824177340084 neg 0.48299992718016127 __DUMMY__ 0.007117655085830145	false	0.5
frustriert	neg 1.0		off 0.5058510702284432 neg 0.4870624959280501 __DUMMY__ 0.007086433843506702	false	0.5
schimmelig	neg 1.0		off 0.5035270645206138 neg 0.48939872944001656 __DUMMY__ 0.007074206039369759	false	0.5
fisch	neg 1.0		off 0.5014898865552438 neg 0.49140165625684196 __DUMMY__ 0.007108457187914094	false	0.5
schmuggel	neg 1.0		off 0.5035079201965071 neg 0.48936640655253305 __DUMMY__ 0.00712567325095967	false	0.5
auffallen	neg 1.0		off 0.5107032257478709 neg 0.4822326639772804 __DUMMY__ 0.007064110274848694	false	0.5
konkurrenz	neg 1.0		off 0.5018516297011972 neg 0.49100557372280096 __DUMMY__ 0.0071427965760017115	false	0.5
teufelskreis	neg 1.0	neg 1.0	neg 0.7284239860585174 off 0.2682113292850875 __DUMMY__ 0.00336468465639507	false	1.0
aufschreien	neg 1.0		off 0.5097376014416114 neg 0.48321635016304126 __DUMMY__ 0.007046048395347227	false	0.5
schuldner	neg 1.0		off 0.5007161819855204 neg 0.4921805886468207 __DUMMY__ 0.007103229367658861	false	0.5
missgeburt	off 1.0	off 1.0	off 0.7444969182346518 neg 0.2521961763937742 __DUMMY__ 0.0033069053715741007	false	1.0
arbeitslos	neg 1.0		off 0.5033430535096123 neg 0.4895832726688925 __DUMMY__ 0.007073673821495114	false	0.5
befallen	neg 1.0		off 0.5061584715397854 neg 0.48674770563417197 __DUMMY__ 0.007093822826042614	false	0.5
miesepetrig	off 1.0	off 1.0	off 0.7424997773637827 neg 0.2541443153332959 __DUMMY__ 0.0033559073029214726	false	1.0
alarmieren	neg 1.0		off 0.5111908969304818 neg 0.48177388696267903 __DUMMY__ 0.007035216106839188	false	0.5
ungeduscht	off 1.0		off 0.511327469031511 neg 0.4816407593697509 __DUMMY__ 0.007031771598738033	false	1.0
knappheit	neg 1.0		off 0.501836306242142 neg 0.4911030386979001 __DUMMY__ 0.0070606550599578224	false	0.5
schlange	neg 1.0		off 0.5126847774479171 neg 0.4801893168394449 __DUMMY__ 0.007125905712638044	false	0.5
harsch	neg 1.0		off 0.5201962067108656 neg 0.4727637248990846 __DUMMY__ 0.007040068390049767	false	0.5
lang	neg 1.0		off 0.5099867140090675 neg 0.48291080704122413 __DUMMY__ 0.007102478949708467	false	0.5
ziellos	neg 1.0		off 0.5063244367613441 neg 0.48653726383502904 __DUMMY__ 0.00713829940362703	false	0.5
selbstverliebt	neg 1.0		off 0.5214999664477744 neg 0.47159322109087787 __DUMMY__ 0.0069068124613476875	false	0.5
beseitigen	neg 1.0		off 0.5069294560989912 neg 0.48596458594641523 __DUMMY__ 0.0071059579545936	false	0.5
dumm	off 1.0		off 0.5187763679229928 neg 0.4742525514053829 __DUMMY__ 0.0069710806716243336	false	1.0
arbeitsloser	neg 1.0		off 0.5055503412526152 neg 0.48733824193792025 __DUMMY__ 0.0071114168094645385	false	0.5
blitzen	neg 1.0		off 0.5114798797065534 neg 0.481451162953246 __DUMMY__ 0.007068957340200417	false	0.5
hilflos	neg 1.0		off 0.5055236196864344 neg 0.4873853756587615 __DUMMY__ 0.007091004654804092	false	0.5
eklig	off 1.0		off 0.5179490418732603 neg 0.4751098588437291 __DUMMY__ 0.006941099283010513	false	1.0
begriff			off 0.506536781363616 neg 0.48638163350770836 __DUMMY__ 0.007081585128675713	false	0.0
hungersnot	neg 1.0		off 0.5065068845458276 neg 0.4863693049594214 __DUMMY__ 0.007123810494751105	false	0.5
ungesetzlich	neg 1.0		off 0.5056823232168158 neg 0.4872835542916871 __DUMMY__ 0.007034122491496989	false	0.5
verschwendung	neg 1.0		off 0.5032784242917214 neg 0.4896058458577707 __DUMMY__ 0.0071157298505077245	false	0.5
schmerzvoll	neg 1.0		off 0.5100938292457816 neg 0.48282688607924207 __DUMMY__ 0.0070792846749762875	false	0.5
vorzeitig	neg 1.0		off 0.5116212438225567 neg 0.48130123637831457 __DUMMY__ 0.00707751979912862	false	0.5
unvollkommenheit	neg 1.0		off 0.508115902690202 neg 0.4847275086490333 __DUMMY__ 0.007156588660764704	false	0.5
intervenieren	neg 1.0		off 0.5023205943720946 neg 0.49057456226739354 __DUMMY__ 0.00710484336051188	false	0.5
banause	off 1.0		off 0.5193421873256762 neg 0.4737549062333319 __DUMMY__ 0.006902906440991962	false	1.0
rebell	neg 1.0		off 0.4999186329641484 neg 0.49293781627350675 __DUMMY__ 0.007143550762344774	false	0.5
unlogisch	neg 1.0		off 0.514675321365285 neg 0.47833198362566254 __DUMMY__ 0.006992695009052451	false	0.5
leiden	neg 1.0		off 0.5037506368566131 neg 0.489104526296229 __DUMMY__ 0.007144836847157781	false	0.5
abschaffung	neg 1.0		off 0.5080668174119717 neg 0.4848505953826019 __DUMMY__ 0.007082587205426493	false	0.5
sturz	neg 1.0		off 0.5103203968685431 neg 0.48255583296902826 __DUMMY__ 0.007123770162428637	false	0.5
verkleinerung	neg 1.0		off 0.5086532674391985 neg 0.4843203490134333 __DUMMY__ 0.007026383547368261	false	0.5
schmarotzer	off 1.0		off 0.5033978352251203 neg 0.4895457284367953 __DUMMY__ 0.007056436338084467	false	1.0
bestrafung	neg 1.0		off 0.5092700498914756 neg 0.48364619770747197 __DUMMY__ 0.007083752401052534	false	0.5
achtlos	neg 1.0	neg 1.0	neg 0.727172855605072 off 0.2694391885713476 __DUMMY__ 0.0033879558235803057	false	1.0
ungeheuer	neg 1.0		off 0.5121946426699748 neg 0.48071104419946886 __DUMMY__ 0.007094313130556433	false	0.5
