unsolidarisch	neg 1.0		__DUMMY__ 0.9237066056017701 neg 0.03847672832670884 off 0.03781666607152103	false	1.0
nachteilig	neg 1.0		__DUMMY__ 0.9285184776084863 neg 0.03736189368954305 off 0.03411962870197072	false	1.0
skeptisch	neg 1.0		__DUMMY__ 0.9289596937705696 neg 0.03721456708925162 off 0.033825739140178786	false	1.0
schrecklich	neg 1.0		__DUMMY__ 0.9220971276725611 off 0.04488629219677381 neg 0.03301658013066502	false	0.5
schlapp	neg 1.0		__DUMMY__ 0.9250402694916616 off 0.04141594412075656 neg 0.03354378638758185	false	0.5
abfall	neg 1.0		__DUMMY__ 0.9322702484064704 neg 0.036822510109215 off 0.030907241484314563	false	1.0
widerspenstig	neg 1.0		__DUMMY__ 0.9275523254056189 off 0.03741326785209236 neg 0.0350344067422886	false	0.5
abrupt	neg 1.0		__DUMMY__ 0.9322022904073644 off 0.033934144629208206 neg 0.03386356496342743	false	0.5
unwirksam	neg 1.0		__DUMMY__ 0.9234429519892483 neg 0.03917035973082182 off 0.03738668827992988	false	1.0
angreifen	neg 1.0		__DUMMY__ 0.9283570009492449 neg 0.03774056754125474 off 0.03390243150950033	false	1.0
inkonsistent	neg 1.0		__DUMMY__ 0.9249798677539278 off 0.03794097650425727 neg 0.03707915574181484	false	0.5
abrutschen	neg 1.0		__DUMMY__ 0.9308394836307139 neg 0.03778500882731802 off 0.031375507541968176	false	1.0
unsicher	neg 1.0		__DUMMY__ 0.9280286646424175 off 0.03750536181492405 neg 0.03446597354265835	false	0.5
bauernkind	off 1.0	off 1.0	off 0.5113468752048055 __DUMMY__ 0.45199409534893403 neg 0.036659029446260503	false	1.0
angreifer	neg 1.0	neg 1.0	neg 0.4992686056509214 __DUMMY__ 0.4652404362920628 off 0.03549095805701587	false	1.0
trennen	neg 1.0		__DUMMY__ 0.9319447007182358 neg 0.03478797194315095 off 0.03326732733861323	false	1.0
schmutz	neg 1.0		__DUMMY__ 0.9308032895523869 off 0.03833718625652677 neg 0.030859524191086347	false	0.5
inkonsistenz	neg 1.0		__DUMMY__ 0.9194163377831422 off 0.04213082882635996 neg 0.03845283339049773	false	0.5
erschreckend	neg 1.0		__DUMMY__ 0.9260350410045147 off 0.03719304053898664 neg 0.03677191845649856	false	0.5
ertrinken	neg 1.0		__DUMMY__ 0.9298110917299037 neg 0.036186897049430095 off 0.034002011220666144	false	1.0
pickelface	off 1.0		__DUMMY__ 0.9285298980481268 off 0.036741569230650015 neg 0.034728532721223206	false	1.0
seiner			__DUMMY__ 0.9294558769369948 neg 0.036520926652946296 off 0.03402319641005887	false	0.0
lauch	neg 1.0		__DUMMY__ 0.9328566993992067 neg 0.035748571583438145 off 0.03139472901735517	false	1.0
unwichtig	neg 1.0		__DUMMY__ 0.9223928959074028 off 0.041600351034395446 neg 0.036006753058201724	false	0.5
steuerhinterziehung	neg 1.0	neg 1.0	neg 0.5034445859862232 __DUMMY__ 0.46405477170128373 off 0.032500642312493125	false	1.0
schock	neg 1.0		__DUMMY__ 0.9288223128599764 off 0.03681580737436224 neg 0.034361879765661366	false	0.5
beule	neg 1.0		__DUMMY__ 0.9235425606417667 off 0.042161179867124234 neg 0.03429625949110908	false	0.5
vergelten	neg 1.0		__DUMMY__ 0.9254502775415158 off 0.04405726425646815 neg 0.030492458202016053	false	0.5
verdorbenheit	neg 1.0		__DUMMY__ 0.9304428274735317 off 0.03747062630670915 neg 0.03208654621975917	false	0.5
trauma	neg 1.0		__DUMMY__ 0.926756631086775 off 0.03826220233237657 neg 0.03498116658084847	false	0.5
sinnlos	neg 1.0		__DUMMY__ 0.9258311738404511 off 0.03938741933324067 neg 0.03478140682630816	false	0.5
fettsack	off 1.0	off 1.0	off 0.512221510335491 __DUMMY__ 0.4539650755101254 neg 0.033813414154383645	false	1.0
feige	off 1.0	off 1.0	off 0.5083498266952738 __DUMMY__ 0.45800331484766277 neg 0.03364685845706332	false	1.0
abdanken	neg 1.0		__DUMMY__ 0.9279158395142671 off 0.03739807932458711 neg 0.03468608116114569	false	0.5
wichtigtuer	off 1.0	off 1.0	off 0.5065120186520871 __DUMMY__ 0.4600110349732645 neg 0.03347694637464839	false	1.0
misslingen	neg 1.0		__DUMMY__ 0.9327104117750764 off 0.03738801748097964 neg 0.02990157074394388	false	0.5
untreu	off 1.0		__DUMMY__ 0.9235223332282193 off 0.04189884673887643 neg 0.03457882003290426	false	1.0
missmutig	neg 1.0		__DUMMY__ 0.925125441621745 off 0.041228839544566125 neg 0.03364571883368882	false	0.5
hurenbock	off 1.0		__DUMMY__ 0.9282578212216792 off 0.03871446426009349 neg 0.033027714518227294	false	1.0
betrunken	neg 1.0		__DUMMY__ 0.9239857603767394 off 0.04286981344483011 neg 0.03314442617843041	false	0.5
korrupt	off 1.0		__DUMMY__ 0.9246383147503353 neg 0.039327881636737755 off 0.03603380361292692	false	0.5
unmut	neg 1.0		__DUMMY__ 0.9315043793500117 neg 0.036970606901019935 off 0.031525013748968295	false	1.0
hackfresse	off 1.0		__DUMMY__ 0.9185138288814998 off 0.04774158144245124 neg 0.03374458967604894	false	1.0
aufblasen	neg 1.0		__DUMMY__ 0.927317183162715 off 0.03884179148489674 neg 0.03384102535238825	false	0.5
gewaltsam	neg 1.0		__DUMMY__ 0.9292327270964474 off 0.0363389589176471 neg 0.034428313985905436	false	0.5
unbeliebtheit	neg 1.0		__DUMMY__ 0.922506055838102 off 0.04098533774040996 neg 0.03650860642148818	false	0.5
sturheit	neg 1.0		__DUMMY__ 0.9263861331152803 off 0.03680807079875216 neg 0.036805796085967506	false	0.5
kuh	neg 1.0		__DUMMY__ 0.9214799689269996 neg 0.039298879289370474 off 0.039221151783629914	false	1.0
erschrecken	neg 1.0		__DUMMY__ 0.9260354779163589 off 0.041011005840366 neg 0.032953516243275076	false	0.5
opfer	neg 1.0		__DUMMY__ 0.928836548985176 neg 0.0362142504015295 off 0.03494920061329455	false	1.0
sinken	neg 1.0		__DUMMY__ 0.932190646117305 neg 0.03599652045703339 off 0.03181283342566172	false	1.0
stinktier	neg 1.0		__DUMMY__ 0.9155836614705642 off 0.045640988866416946 neg 0.03877534966301876	false	0.5
tucke	off 1.0		__DUMMY__ 0.9159932988817562 off 0.048574867378940734 neg 0.035431833739303094	false	1.0
ein			__DUMMY__ 0.9272774917847285 off 0.03816559504914291 neg 0.03455691316612853	false	0.0
abstieg	neg 1.0		__DUMMY__ 0.930555082355243 neg 0.03537413920467616 off 0.03407077844008082	false	1.0
missverstehen	neg 1.0		__DUMMY__ 0.9224783379820473 off 0.04021099295553969 neg 0.03731066906241308	false	0.5
ergebnislos	neg 1.0		__DUMMY__ 0.9307004928306579 neg 0.03547840259623161 off 0.033821104573110425	false	1.0
unter			__DUMMY__ 0.9369104496565425 neg 0.03580901620490223 off 0.027280534138555253	false	0.0
manipulieren	neg 1.0		__DUMMY__ 0.9298787433690117 neg 0.03660838639140418 off 0.03351287023958415	false	1.0
unbewiesen	neg 1.0		__DUMMY__ 0.9225945479074188 neg 0.039556866381077874 off 0.03784858571150336	false	1.0
verschleppen	neg 1.0		__DUMMY__ 0.9279766118259234 neg 0.03673667087656797 off 0.03528671729750871	false	1.0
weib	off 1.0		__DUMMY__ 0.9145292415612043 off 0.048505319647293814 neg 0.03696543879150197	false	1.0
opposition	neg 1.0		__DUMMY__ 0.9248567424937806 off 0.038625172601835796 neg 0.03651808490438362	false	0.5
verkehrswidrig	neg 1.0		__DUMMY__ 0.9264982656444649 off 0.04434494915098846 neg 0.029156785204546655	false	0.5
inkorrekt	neg 1.0		__DUMMY__ 0.9192649073185505 off 0.04478270905619952 neg 0.03595238362525	false	0.5
vermeiden	neg 1.0	neg 1.0	neg 0.5029934871064394 __DUMMY__ 0.46983288438254234 off 0.027173628511018275	false	1.0
abweichung	neg 1.0		__DUMMY__ 0.9286245745334689 neg 0.036670022410034434 off 0.03470540305649671	false	1.0
alkoholisiert	neg 1.0		__DUMMY__ 0.931185544014865 neg 0.03553831749685192 off 0.033276138488283084	false	1.0
scheiss	off 1.0	off 1.0	off 0.5078989871605373 __DUMMY__ 0.45976227566656486 neg 0.032338737172897876	false	1.0
herausforderung	neg 1.0		__DUMMY__ 0.9297095183997021 neg 0.036724646539539725 off 0.0335658350607582	false	1.0
pervers	off 1.0		__DUMMY__ 0.9157989750908739 off 0.050576627043031584 neg 0.033624397866094495	false	1.0
wackelig	neg 1.0		__DUMMY__ 0.9317601950718901 off 0.03556078800527332 neg 0.03267901692283648	false	0.5
verwickeln	neg 1.0		__DUMMY__ 0.9227748602397867 off 0.03980531198667007 neg 0.0374198277735432	false	0.5
vorwand	neg 1.0		__DUMMY__ 0.9288048035931363 neg 0.03774485797137073 off 0.03345033843549291	false	1.0
muschi	off 1.0		__DUMMY__ 0.9283651012120013 off 0.03692635576970658 neg 0.03470854301829217	false	1.0
entmutigung	neg 1.0		__DUMMY__ 0.9262504474261742 off 0.03879714837766604 neg 0.034952404196159734	false	0.5
unangemessen	neg 1.0		__DUMMY__ 0.9248434497517707 neg 0.03853884484612771 off 0.036617705402101526	false	1.0
unstetig	neg 1.0		__DUMMY__ 0.9266981122696805 off 0.03933106468338451 neg 0.033970823046935085	false	0.5
entmutigen	neg 1.0		__DUMMY__ 0.9262991267107888 off 0.03832319318485234 neg 0.03537768010435876	false	0.5
schwanz	neg 1.0		__DUMMY__ 0.9298152547976329 neg 0.0355070198512159 off 0.034677725351151205	false	1.0
verbot	neg 1.0		__DUMMY__ 0.9277190998708594 neg 0.03664297016552405 off 0.03563792996361652	false	1.0
leid	neg 1.0		__DUMMY__ 0.9193868720640523 off 0.04616219465025487 neg 0.03445093328569276	false	0.5
archaisch	neg 1.0		__DUMMY__ 0.9271334863322295 off 0.03659412571926804 neg 0.03627238794850247	false	0.5
gegen			__DUMMY__ 0.931854290815325 neg 0.035932776150162535 off 0.03221293303451239	false	0.0
scheidung	neg 1.0		__DUMMY__ 0.9186055852322728 off 0.05419145204158141 neg 0.027202962726145894	false	0.5
einschlag	neg 1.0		__DUMMY__ 0.9227376517358441 off 0.04388007245600873 neg 0.03338227580814713	false	0.5
m			__DUMMY__ 0.9296616201516861 off 0.03549589453953487 neg 0.03484248530877899	false	0.0
abgestanden	neg 1.0		__DUMMY__ 0.9259671144335964 off 0.037334652161057996 neg 0.036698233405345684	false	0.5
schmierig	off 1.0		__DUMMY__ 0.9214421829274224 off 0.04552729338240881 neg 0.03303052369016873	false	1.0
unpraktisch	neg 1.0		__DUMMY__ 0.927198908133185 off 0.03845854978436514 neg 0.034342542082449946	false	0.5
wixxer	off 1.0		__DUMMY__ 0.9137822464285307 off 0.05080757662998722 neg 0.03541017694148203	false	1.0
bezeichnet			__DUMMY__ 0.9243829758482941 off 0.03791131982309893 neg 0.03770570432860701	false	0.0
jammerlappen	off 1.0		__DUMMY__ 0.9250558772066301 off 0.04155878081640502 neg 0.033385341976964925	false	1.0
farce	neg 1.0		__DUMMY__ 0.9272665477132722 off 0.03639648716195885 neg 0.03633696512476898	false	0.5
zwecklos	neg 1.0		__DUMMY__ 0.9261672992262842 neg 0.03755491873161282 off 0.0362777820421031	false	1.0
turbulent	neg 1.0		__DUMMY__ 0.9220681499423751 off 0.042626008496878004 neg 0.035305841560747	false	0.5
invasion	neg 1.0		__DUMMY__ 0.9256823120893918 off 0.03912315063904835 neg 0.035194537271559856	false	0.5
schuld	neg 1.0		__DUMMY__ 0.9247343356136575 off 0.038677325162126845 neg 0.03658833922421568	false	0.5
risiko	neg 1.0	neg 1.0	neg 0.4999268208581335 __DUMMY__ 0.46526419325758706 off 0.034808985884279296	false	1.0
finster	neg 1.0		__DUMMY__ 0.924784966179372 off 0.03815318014958112 neg 0.03706185367104684	false	0.5
geisteskrank	off 1.0		__DUMMY__ 0.9194989542040679 off 0.043228210432112196 neg 0.03727283536381981	false	1.0
zusammenbrechen	neg 1.0		__DUMMY__ 0.9277575096091223 off 0.036225266017357365 neg 0.03601722437352034	false	0.5
ausbeute	neg 1.0		__DUMMY__ 0.9359692097805888 off 0.03405487115501803 neg 0.029975919064393175	false	0.5
hinterhalt	neg 1.0		__DUMMY__ 0.9347590240474631 off 0.035697323884274976 neg 0.029543652068261816	false	0.5
kritik	neg 1.0		__DUMMY__ 0.9268554222057814 neg 0.03685854836462873 off 0.03628602942958977	false	1.0
einschrumpfen	neg 1.0		__DUMMY__ 0.9232517234339799 off 0.04085118028892339 neg 0.03589709627709668	false	0.5
riskant	neg 1.0		__DUMMY__ 0.9273876389852924 neg 0.03828375977087625 off 0.034328601243831296	false	1.0
frustrieren	neg 1.0		__DUMMY__ 0.9276440449373613 neg 0.03734181312584175 off 0.03501414193679695	false	1.0
groll	neg 1.0		__DUMMY__ 0.9263733178309884 neg 0.03772270236738073 off 0.035903979801630855	false	1.0
gibt			__DUMMY__ 0.9280053214252373 off 0.03636002682045701 neg 0.035634651754305795	false	0.0
qualvoll	neg 1.0		__DUMMY__ 0.9260068832912256 off 0.0399391082214634 neg 0.034054008487311015	false	0.5
wackeln	neg 1.0		__DUMMY__ 0.9290331484785674 off 0.03811088381584806 neg 0.032855967705584514	false	0.5
klagen	neg 1.0		__DUMMY__ 0.9303204157235963 neg 0.03753536554706973 off 0.032144218729334005	false	1.0
bankrott	neg 1.0		__DUMMY__ 0.9262198561902978 off 0.04073161768139517 neg 0.03304852612830708	false	0.5
trauern	neg 1.0		__DUMMY__ 0.9314585323233968 off 0.0344521739218918 neg 0.03408929375471147	false	0.5
ablehnung	neg 1.0		__DUMMY__ 0.9267925523570811 neg 0.0371113705804726 off 0.03609607706244627	false	1.0
stur	neg 1.0		__DUMMY__ 0.9250128864990891 off 0.03877574484293366 neg 0.03621136865797735	false	0.5
aufruhr	neg 1.0		__DUMMY__ 0.9282656417562631 off 0.03681381275822995 neg 0.03492054548550689	false	0.5
melancholie	neg 1.0		__DUMMY__ 0.9302806463351412 neg 0.03505188955419678 off 0.0346674641106621	false	1.0
ist			__DUMMY__ 0.9260902278756394 off 0.039180268541910264 neg 0.03472950358245034	false	0.0
torheit	neg 1.0		__DUMMY__ 0.9266489033840467 off 0.03799945602760817 neg 0.03535164058834505	false	0.5
dreckskind	off 1.0		__DUMMY__ 0.9166050514170397 off 0.047137375003004904 neg 0.03625757357995536	false	1.0
umtauschen	neg 1.0		__DUMMY__ 0.9282312483526121 off 0.036772485466046445 neg 0.03499626618134145	false	0.5
zum			__DUMMY__ 0.9373530844050724 neg 0.03290377401598447 off 0.029743141578943175	false	0.0
zersetzen	neg 1.0		__DUMMY__ 0.9277052940109605 neg 0.03861798250157782 off 0.03367672348746176	false	1.0
zur			__DUMMY__ 0.9352088278929077 neg 0.03522225970991378 off 0.02956891239717856	false	0.0
frust	neg 1.0		__DUMMY__ 0.9282340796664618 off 0.03627919129276659 neg 0.035486729040771596	false	0.5
unerbittlichkeit	neg 1.0		__DUMMY__ 0.9291002941156318 neg 0.03730053443609398 off 0.03359917144827423	false	1.0
zwei			__DUMMY__ 0.935942417022475 neg 0.03343159547089378 off 0.030625987506631144	false	0.0
unkorrekt	neg 1.0		__DUMMY__ 0.9213809912788637 off 0.04419962939646855 neg 0.034419379324667786	false	0.5
hexe	off 1.0		__DUMMY__ 0.9214899760256462 off 0.04149693858662111 neg 0.037013085387732715	false	1.0
lasch	neg 1.0		__DUMMY__ 0.9224236697917897 off 0.04098755333659759 neg 0.036588776871612654	false	0.5
rivale	neg 1.0		__DUMMY__ 0.9225732770482681 off 0.04324865299397378 neg 0.0341780699577581	false	0.5
mutlos	off 1.0	off 1.0	off 0.5015161721321956 __DUMMY__ 0.4634557590753173 neg 0.035028068792487245	false	1.0
wirr	off 1.0		__DUMMY__ 0.9193520437515184 off 0.04486447720155962 neg 0.035783479046922105	false	1.0
jahr			__DUMMY__ 0.9368019082472814 off 0.03249691433724451 neg 0.030701177415474137	false	0.0
wird			__DUMMY__ 0.9282382139038639 neg 0.03643613417387294 off 0.0353256519222633	false	0.0
strafbar	neg 1.0		__DUMMY__ 0.9273962146515796 neg 0.03786482438102328 off 0.03473896096739713	false	1.0
erosion	neg 1.0		__DUMMY__ 0.9289666491112597 off 0.03734124864006196 neg 0.03369210224867837	false	0.5
eingehen	neg 1.0		__DUMMY__ 0.927193920314483 neg 0.03793092803792582 off 0.03487515164759115	false	1.0
faul	off 1.0		__DUMMY__ 0.9263666371751627 off 0.04057760892367664 neg 0.033055753901160605	false	1.0
provisorium	neg 1.0		__DUMMY__ 0.9379755374765992 neg 0.03443047575441724 off 0.02759398676898355	false	1.0
schmerzen	neg 1.0		__DUMMY__ 0.9264951816306178 neg 0.0372478665018288 off 0.03625695186755333	false	1.0
schrumpfen	neg 1.0		__DUMMY__ 0.9313138345243857 neg 0.03865103291745348 off 0.030035132558160905	false	1.0
geistlos	off 1.0		__DUMMY__ 0.9214017322842466 off 0.040213962751323766 neg 0.03838430496442964	false	1.0
fehlkauf	neg 1.0		__DUMMY__ 0.9270557209971069 off 0.03900046767109769 neg 0.0339438113317955	false	0.5
frustrierend	neg 1.0		__DUMMY__ 0.9244275453532675 off 0.04078439323932976 neg 0.03478806140740271	false	0.5
unzufrieden	neg 1.0		__DUMMY__ 0.9260850590015924 neg 0.03785703288625784 off 0.036057908112149754	false	1.0
verzweifeln	neg 1.0		__DUMMY__ 0.9270604605968911 off 0.03693460688550476 neg 0.036004932517604206	false	0.5
verzweifelt	neg 1.0	neg 1.0	neg 0.5041535994278274 __DUMMY__ 0.46057269954538 off 0.03527370102679261	false	1.0
misstrauensantrag	neg 1.0		__DUMMY__ 0.9258909975803855 off 0.039073658812292494 neg 0.03503534360732194	false	0.5
abfallen	neg 1.0		__DUMMY__ 0.9288664456177416 off 0.037857530140458236 neg 0.033276024241800234	false	0.5
fucker	off 1.0		__DUMMY__ 0.9234221006916747 off 0.04398680870469243 neg 0.032591090603632814	false	1.0
ungezogen	neg 1.0		__DUMMY__ 0.9168538955619626 off 0.049810543436195065 neg 0.03333556100184235	false	0.5
irrsinnig	neg 1.0	neg 1.0	neg 0.5035267819365471 __DUMMY__ 0.4612217647309604 off 0.03525145333249245	false	1.0
unfassbar	neg 1.0		__DUMMY__ 0.924279218119713 off 0.042477888791482614 neg 0.033242893088804404	false	0.5
hart	neg 1.0		__DUMMY__ 0.9238055613623573 off 0.041938741886996894 neg 0.03425569675064585	false	0.5
widerlich	off 1.0		__DUMMY__ 0.9212146616660524 off 0.04306881414927251 neg 0.03571652418467512	false	1.0
fatal	neg 1.0		__DUMMY__ 0.9258349386229995 off 0.03948587739412835 neg 0.03467918398287216	false	0.5
bruch	neg 1.0		__DUMMY__ 0.931199032725108 neg 0.03631791378124856 off 0.032483053493643464	false	1.0
aushungern	neg 1.0		__DUMMY__ 0.9283087673097934 off 0.036380006316729704 neg 0.03531122637347689	false	0.5
anspannung	neg 1.0		__DUMMY__ 0.9361657849041554 neg 0.03379987676459849 off 0.03003433833124612	false	1.0
von			__DUMMY__ 0.9382831656289689 off 0.032523085405761556 neg 0.029193748965269616	false	0.0
kraftlos	neg 1.0		__DUMMY__ 0.9294196050853508 off 0.035588282150462655 neg 0.0349921127641865	false	0.5
vom			__DUMMY__ 0.9395072141608023 neg 0.03264188334764173 off 0.02785090249155601	false	0.0
grenzdebil	off 1.0		__DUMMY__ 0.92442163226479 off 0.04262755616586324 neg 0.03295081156934673	false	1.0
vor			__DUMMY__ 0.9322059112659791 neg 0.03502697955695997 off 0.032767109177061056	false	0.0
unterwerfen	neg 1.0		__DUMMY__ 0.9285345056199056 neg 0.03656059736933248 off 0.03490489701076196	false	1.0
versenkung	neg 1.0		__DUMMY__ 0.9301895299853689 off 0.0350558868221658 neg 0.03475458319246534	false	0.5
entziehen	neg 1.0		__DUMMY__ 0.9300576319195694 neg 0.03741215999514336 off 0.03253020808528734	false	1.0
finanzkrise	neg 1.0		__DUMMY__ 0.9262141946357595 neg 0.03700575295692056 off 0.036780052407320026	false	1.0
schimpfend	neg 1.0		__DUMMY__ 0.9262002635669827 off 0.0387600353098002 neg 0.035039701123217144	false	0.5
profan	neg 1.0		__DUMMY__ 0.9246727451472078 off 0.03976306298351149 neg 0.03556419186928064	false	0.5
korruption	neg 1.0		__DUMMY__ 0.9280210502112186 neg 0.03662771182821433 off 0.03535123796056695	false	1.0
â			__DUMMY__ 0.930529185501487 off 0.03504263573222977 neg 0.03442817876628327	false	0.0
schmutzig	neg 1.0		__DUMMY__ 0.9248467294577029 off 0.042986481045422395 neg 0.03216678949687479	false	0.5
sexy	neg 1.0		__DUMMY__ 0.9261808023846019 off 0.04044194349076684 neg 0.033377254124631335	false	0.5
abraten	neg 1.0		__DUMMY__ 0.9261411922039712 off 0.039098993117604855 neg 0.03475981467842397	false	0.5
schwarz	neg 1.0		__DUMMY__ 0.926066743660303 off 0.038881984360103775 neg 0.035051271979593304	false	0.5
fotze	off 1.0	off 1.0	off 0.5024844281338073 __DUMMY__ 0.4658419531740626 neg 0.03167361869213018	false	1.0
verwirren	neg 1.0		__DUMMY__ 0.9248981054431095 off 0.04019296337473835 neg 0.03490893118215215	false	0.5
zahnlos	off 1.0		__DUMMY__ 0.926575409780704 neg 0.03672173599064449 off 0.036702854228651584	false	0.5
verheeren	neg 1.0		__DUMMY__ 0.9175202741816126 off 0.051100343507459164 neg 0.031379382310928204	false	0.5
hippie	neg 1.0		__DUMMY__ 0.9261283657596058 off 0.04023399783268047 neg 0.03363763640771381	false	0.5
rammen	neg 1.0		__DUMMY__ 0.9251469275586844 off 0.03834964209892249 neg 0.03650343034239316	false	0.5
unlauter	neg 1.0		__DUMMY__ 0.9240896286275393 off 0.03849445779737838 neg 0.037415913575082345	false	0.5
unheilvoll	neg 1.0		__DUMMY__ 0.9272257252501847 off 0.03869304442492507 neg 0.034081230324890174	false	0.5
niedrig	neg 1.0		__DUMMY__ 0.9274949683922517 neg 0.03886046075852832 off 0.03364457084922006	false	1.0
explosion	neg 1.0		__DUMMY__ 0.9257078239401332 off 0.03972994180865073 neg 0.03456223425121609	false	0.5
weichei	off 1.0	off 1.0	off 0.5123708714217822 __DUMMY__ 0.45595130329076144 neg 0.03167782528745641	false	1.0
minusmensch	off 1.0		__DUMMY__ 0.9151867198896542 off 0.0493990514430556 neg 0.035414228667290236	false	1.0
farblos	neg 1.0		__DUMMY__ 0.9285996902828458 off 0.03670050049315556 neg 0.03469980922399861	false	0.5
unwissend	neg 1.0	neg 1.0	neg 0.5027639615935212 __DUMMY__ 0.45927472839273054 off 0.037961310013748306	false	1.0
traurig	neg 1.0		__DUMMY__ 0.9229675772423901 off 0.0443063036231896 neg 0.03272611913442033	false	0.5
senkung	neg 1.0		__DUMMY__ 0.9235619781332034 off 0.039631927269279756 neg 0.036806094597516895	false	0.5
ungleich	neg 1.0	neg 1.0	neg 0.5051477653275681 __DUMMY__ 0.4638928332046779 off 0.030959401467753975	false	1.0
heikel	neg 1.0		__DUMMY__ 0.9274719367110377 neg 0.038243354374714884 off 0.03428470891424749	false	1.0
drosselung	neg 1.0		__DUMMY__ 0.9235841660812524 off 0.04238072940939015 neg 0.034035104509357414	false	0.5
falsch	neg 1.0		__DUMMY__ 0.9236999850956125 off 0.040897478406566476 neg 0.03540253649782097	false	0.5
unzufriedenheit	neg 1.0		__DUMMY__ 0.9294717331252579 neg 0.037396067243592845 off 0.0331321996311493	false	1.0
kurz	neg 1.0		__DUMMY__ 0.930781504397986 off 0.03611248166655248 neg 0.033106013935461545	false	0.5
unsinnig	neg 1.0		__DUMMY__ 0.9253255182147381 neg 0.03787959539529739 off 0.03679488638996457	false	1.0
penner	off 1.0	off 1.0	off 0.5135875846071053 __DUMMY__ 0.4556186613619023 neg 0.030793754030992472	false	1.0
seicht	neg 1.0		__DUMMY__ 0.9151299170304689 off 0.04974145373071179 neg 0.03512862923881927	false	0.5
dummheit	off 1.0	off 1.0	off 0.5067237101403477 __DUMMY__ 0.4596715552970488 neg 0.033604734562603544	false	1.0
unerfreulich	neg 1.0		__DUMMY__ 0.9294638069563791 neg 0.037073460681221054 off 0.03346273236239978	false	1.0
motherfucker	off 1.0	off 1.0	off 0.5096911745266288 __DUMMY__ 0.4596959400632865 neg 0.030612885410084712	false	1.0
pikiert	neg 1.0		__DUMMY__ 0.922340842443103 off 0.0424584921845263 neg 0.03520066537237061	false	0.5
wrack	neg 1.0		__DUMMY__ 0.9304572065330878 off 0.03539865336900491 neg 0.03414414009790723	false	0.5
gangster	neg 1.0		__DUMMY__ 0.9260598337387117 off 0.04022607052164469 neg 0.033714095739643644	false	0.5
krank	neg 1.0		__DUMMY__ 0.9248206966047151 off 0.04240947628891581 neg 0.032769827106369144	false	0.5
reich	neg 1.0		__DUMMY__ 0.9264366897323322 off 0.041586922593471826 neg 0.03197638767419592	false	0.5
gnadenlos	neg 1.0		__DUMMY__ 0.9254187525808111 off 0.03875267701283473 neg 0.03582857040635419	false	0.5
niedergeschlagen	neg 1.0		__DUMMY__ 0.9285041757215611 off 0.036403709168814295 neg 0.03509211510962467	false	0.5
terrorisieren	off 1.0	off 1.0	off 0.501640077413408 __DUMMY__ 0.46516666802318557 neg 0.03319325456340642	false	1.0
sinnlosigkeit	neg 1.0		__DUMMY__ 0.9271000064208479 neg 0.03670681250055245 off 0.03619318107859955	false	1.0
behindern	neg 1.0		__DUMMY__ 0.928127619832598 off 0.03678232659152333 neg 0.03509005357587878	false	0.5
undemokratisch	neg 1.0		__DUMMY__ 0.9257959160577347 off 0.038657744784058416 neg 0.03554633915820692	false	0.5
wirtschaftskrise	neg 1.0		__DUMMY__ 0.927628062082428 neg 0.037170450102907995 off 0.035201487814663965	false	1.0
neid	neg 1.0		__DUMMY__ 0.9263667963528178 off 0.04048297794241034 neg 0.03315022570477182	false	0.5
rutschen	neg 1.0		__DUMMY__ 0.9365997503588517 neg 0.03294439541153248 off 0.030455854229615914	false	1.0
rezession	neg 1.0		__DUMMY__ 0.9166761196660188 off 0.04492043693231527 neg 0.038403443401665946	false	0.5
fehlgeburt	neg 1.0		__DUMMY__ 0.9276019594523456 off 0.03869441573981779 neg 0.0337036248078367	false	0.5
charakterschwach	off 1.0		__DUMMY__ 0.9213080954932641 off 0.04302466321874417 neg 0.03566724128799173	false	1.0
isolation	neg 1.0		__DUMMY__ 0.9254274265638636 off 0.040381060120365214 neg 0.03419151331577126	false	0.5
ablenkung	neg 1.0		__DUMMY__ 0.9281375924526282 off 0.03760831281410642 neg 0.03425409473326553	false	0.5
pech	neg 1.0		__DUMMY__ 0.925041439077149 off 0.040138163265141795 neg 0.034820397657709265	false	0.5
vermeidung	neg 1.0		__DUMMY__ 0.9241159992753509 off 0.04251011368325765 neg 0.03337388704139147	false	0.5
dominieren	neg 1.0		__DUMMY__ 0.9301505002110891 neg 0.03533692176211933 off 0.03451257802679149	false	1.0
schwindlig	neg 1.0		__DUMMY__ 0.9278421640473034 off 0.03879460579223381 neg 0.033363230160462824	false	0.5
lutscher	neg 1.0		__DUMMY__ 0.9159071180523303 off 0.049782920144430184 neg 0.03430996180323959	false	0.5
pflicht	neg 1.0		__DUMMY__ 0.9285382048791998 neg 0.03796183488805608 off 0.03349996023274415	false	1.0
faschist	off 1.0		__DUMMY__ 0.9251240787443484 off 0.04063789761135089 neg 0.03423802364430071	false	1.0
verschleudern	neg 1.0		__DUMMY__ 0.9278997882830421 neg 0.0380004048507955 off 0.03409980686616236	false	1.0
wenn			__DUMMY__ 0.9243249859471299 off 0.041035525917206106 neg 0.034639488135664045	false	0.0
ehebruch	neg 1.0		__DUMMY__ 0.9283324573921605 neg 0.0363443107255231 off 0.035323231882316376	false	1.0
spott	off 1.0		__DUMMY__ 0.9279038829254611 neg 0.03709597553682833 off 0.03500014153771054	false	0.5
trostlosigkeit	neg 1.0		__DUMMY__ 0.9318971965994606 neg 0.03529843599013345 off 0.032804367410405905	false	1.0
lutschen	neg 1.0		__DUMMY__ 0.9239729597202834 off 0.04064286430019368 neg 0.035384175979522946	false	0.5
undiszipliniert	neg 1.0		__DUMMY__ 0.9218786431405384 off 0.04387018551870799 neg 0.034251171340753686	false	0.5
kopfschmerz	neg 1.0		__DUMMY__ 0.9272238120625573 neg 0.03729075468368324 off 0.035485433253759455	false	1.0
unvorhergesehen	neg 1.0		__DUMMY__ 0.9335996839039523 off 0.03320654372736682 neg 0.03319377236868087	false	0.5
desinteressiert	neg 1.0	neg 1.0	neg 0.5016075515042389 __DUMMY__ 0.4587379757463414 off 0.039654472749419765	false	1.0
armselig	off 1.0		__DUMMY__ 0.9195315640241887 off 0.044713629338656545 neg 0.03575480663715482	false	1.0
desaster	neg 1.0		__DUMMY__ 0.9307574323032745 neg 0.03719831167308172 off 0.03204425602364384	false	1.0
tod	neg 1.0		__DUMMY__ 0.9324698657721733 off 0.034885521062996826 neg 0.03264461316482994	false	0.5
herzlos	neg 1.0		__DUMMY__ 0.9212864790230155 off 0.044455205574792975 neg 0.03425831540219151	false	0.5
unwissenheit	neg 1.0		__DUMMY__ 0.9269512042744571 neg 0.03709551008394958 off 0.03595328564159323	false	1.0
widersinnig	neg 1.0		__DUMMY__ 0.924228846122253 neg 0.03959367285814921 off 0.03617748101959781	false	1.0
bedenklich	neg 1.0		__DUMMY__ 0.9267954532489197 neg 0.03796264170635697 off 0.035241905044723375	false	1.0
beanstanden	neg 1.0		__DUMMY__ 0.929278484053335 neg 0.03760231756351311 off 0.033119198383151804	false	1.0
panisch	neg 1.0	neg 1.0	neg 0.4991826022709185 __DUMMY__ 0.46523130898836945 off 0.03558608874071215	false	1.0
debil	off 1.0		__DUMMY__ 0.9361584194987986 neg 0.03561297740558987 off 0.02822860309561146	false	0.5
abstrich	neg 1.0		__DUMMY__ 0.9341269656807337 off 0.0355402810011658 neg 0.030332753318100442	false	0.5
primitiv	neg 1.0		__DUMMY__ 0.9207134449980577 off 0.04325925878350102 neg 0.03602729621844127	false	0.5
abschaum	off 1.0	off 1.0	off 0.5084476742335554 __DUMMY__ 0.45929773439650556 neg 0.032254591369939	false	1.0
provozieren	neg 1.0		__DUMMY__ 0.9239111159067278 off 0.03863819272493268 neg 0.037450691368339506	false	0.5
tot	neg 1.0		__DUMMY__ 0.9285141930745517 neg 0.036461776000419936 off 0.035024030925028364	false	1.0
instabil	neg 1.0		__DUMMY__ 0.921834551024025 off 0.04408265249465179 neg 0.03408279648132328	false	0.5
schwuchtel	off 1.0	off 1.0	off 0.5181349739022008 __DUMMY__ 0.4509010014054856 neg 0.030964024692313658	false	1.0
zerren	neg 1.0		__DUMMY__ 0.9286908916378632 off 0.03610639443467316 neg 0.03520271392746367	false	0.5
kinderficker	off 1.0		__DUMMY__ 0.920327635490483 off 0.04678681270563327 neg 0.03288555180388363	false	1.0
gefahr	neg 1.0		__DUMMY__ 0.9311713159061552 neg 0.03583926009238996 off 0.03298942400145477	false	1.0
rabiat	neg 1.0		__DUMMY__ 0.9269821921735829 off 0.03786034535634125 neg 0.03515746247007591	false	0.5
verlangsamung	neg 1.0		__DUMMY__ 0.9151945507854253 off 0.04818695688898645 neg 0.03661849232558817	false	0.5
ausgestorben	neg 1.0		__DUMMY__ 0.9280264265631837 off 0.037521588318214484 neg 0.03445198511860187	false	0.5
anklagen	neg 1.0		__DUMMY__ 0.9288660524035353 neg 0.035705200346554944 off 0.03542874724990976	false	1.0
trott	neg 1.0		__DUMMY__ 0.9279322473910592 off 0.03712159027089749 neg 0.034946162338043325	false	0.5
verminderung	neg 1.0		__DUMMY__ 0.9222595176685283 off 0.04273846647217688 neg 0.03500201585929488	false	0.5
nach			__DUMMY__ 0.9368379578821854 neg 0.033515881559802035 off 0.02964616055801253	false	0.0
rost	neg 1.0		__DUMMY__ 0.9191718558985676 off 0.046797709980450644 neg 0.034030434120981806	false	0.5
destruktiv	neg 1.0		__DUMMY__ 0.9249924973418594 off 0.03765812496347942 neg 0.037349377694661075	false	0.5
unzumutbarkeit	neg 1.0		__DUMMY__ 0.9251722088766245 off 0.04183610254664067 neg 0.03299168857673473	false	0.5
labil	off 1.0	off 1.0	off 0.5078334107079857 __DUMMY__ 0.4604553803748672 neg 0.03171120891714704	false	1.0
ziemlich	neg 1.0		__DUMMY__ 0.9250268152454104 off 0.042245991872110894 neg 0.03272719288247869	false	0.5
lachnummer	off 1.0		__DUMMY__ 0.9247964386211198 off 0.03840181901866465 neg 0.03680174236021552	false	1.0
oder			__DUMMY__ 0.9279180004052117 off 0.03808025828920025 neg 0.034001741305588105	false	0.0
verfall	neg 1.0		__DUMMY__ 0.9326371800248228 neg 0.037350880512198 off 0.030011939462979163	false	1.0
ausgrenzung	neg 1.0		__DUMMY__ 0.9258604910914869 off 0.039124807431585085 neg 0.03501470147692794	false	0.5
unordnung	neg 1.0		__DUMMY__ 0.9261855001474822 off 0.04373994992846545 neg 0.03007454992405229	false	0.5
fehlverhalten	neg 1.0		__DUMMY__ 0.9270645358478168 neg 0.03891219929438823 off 0.03402326485779499	false	1.0
eine			__DUMMY__ 0.93128574912907 neg 0.035574723413008436 off 0.03313952745792152	false	0.0
nille	neg 1.0		__DUMMY__ 0.9288249879932731 off 0.03732492083525116 neg 0.0338500911714758	false	0.5
qual	neg 1.0		__DUMMY__ 0.92817144568538 off 0.03682960555970911 neg 0.03499894875491084	false	0.5
verschwenden	neg 1.0		__DUMMY__ 0.9271993189913998 neg 0.03823082460113384 off 0.034569856407466244	false	1.0
riesig	neg 1.0		__DUMMY__ 0.9306464420773921 neg 0.034834445113884165 off 0.034519112808723704	false	1.0
verurteilen	neg 1.0		__DUMMY__ 0.925885644354131 neg 0.03810047933187762 off 0.03601387631399138	false	1.0
klischee	neg 1.0	neg 1.0	neg 0.5030105872650295 __DUMMY__ 0.45980728667271303 off 0.037182126062257584	false	1.0
diktatorisch	neg 1.0		__DUMMY__ 0.9253182354900903 off 0.038857088953562366 neg 0.03582467555634734	false	0.5
vorhersehbar	neg 1.0		__DUMMY__ 0.9226282095265442 off 0.04047244091701234 neg 0.03689934955644346	false	0.5
sowie			__DUMMY__ 0.9197790159644582 off 0.04616739806742516 neg 0.03405358596811669	false	0.0
stornieren	neg 1.0		__DUMMY__ 0.9312846650752286 off 0.038792541662278246 neg 0.029922793262493207	false	0.5
besteuerung	neg 1.0		__DUMMY__ 0.92351753970587 neg 0.03851655068095013 off 0.03796590961317986	false	1.0
ungeschminkt	neg 1.0		__DUMMY__ 0.9204682946957257 off 0.04260743479898952 neg 0.0369242705052848	false	0.5
kritisch	neg 1.0		__DUMMY__ 0.927497292997716 neg 0.03741213518396619 off 0.035090571818317796	false	1.0
schlamperei	off 1.0		__DUMMY__ 0.9304614798918237 neg 0.03557579835662841 off 0.03396272175154784	false	0.5
sucht	neg 1.0	neg 1.0	neg 0.49642248508549813 __DUMMY__ 0.46965838207222915 off 0.03391913284227265	false	1.0
egoistisch	off 1.0		__DUMMY__ 0.9180091288599552 off 0.04683053038310927 neg 0.03516034075693545	false	1.0
ausbeuter	off 1.0		__DUMMY__ 0.9263164053492422 neg 0.03966020867557934 off 0.03402338597517852	false	0.5
arschgeburt	off 1.0		__DUMMY__ 0.9112431737149491 off 0.05326622390333962 neg 0.035490602381711284	false	1.0
schubs	neg 1.0		__DUMMY__ 0.9288049677163898 neg 0.035695746214986376 off 0.03549928606862384	false	1.0
unsolide	neg 1.0		__DUMMY__ 0.9241509056840537 off 0.03928958131303233 neg 0.03655951300291397	false	0.5
beschwerde	neg 1.0		__DUMMY__ 0.9286970590022271 neg 0.03670469451159087 off 0.0345982464861821	false	1.0
stocken	neg 1.0		__DUMMY__ 0.929906496960837 neg 0.035927102404134124 off 0.03416640063502874	false	1.0
isolieren	neg 1.0		__DUMMY__ 0.9285128974405414 neg 0.03611332349505394 off 0.03537377906440466	false	1.0
unheilbar	neg 1.0		__DUMMY__ 0.9268963930354953 off 0.038061762595267355 neg 0.03504184436923726	false	0.5
pisser	off 1.0		__DUMMY__ 0.9209500967580118 off 0.044282033417887154 neg 0.03476786982410105	false	1.0
löschen	neg 1.0		__DUMMY__ 0.9278478179501479 off 0.03745930196504302 neg 0.034692880084809086	false	0.5
durchfallen	neg 1.0		__DUMMY__ 0.9257108229421183 neg 0.03874728031997765 off 0.035541896737904186	false	1.0
wichser	off 1.0	off 1.0	off 0.515907125814702 __DUMMY__ 0.4536754164604529 neg 0.030417457724845182	false	1.0
terror	neg 1.0		__DUMMY__ 0.9263785881313024 off 0.03974612398686276 neg 0.03387528788183488	false	0.5
krass	neg 1.0		__DUMMY__ 0.9213097428169592 off 0.04465878184638745 neg 0.03403147533665342	false	0.5
revolte	neg 1.0		__DUMMY__ 0.9265886433128548 off 0.03942683503867965 neg 0.033984521648465556	false	0.5
besorgt	neg 1.0		__DUMMY__ 0.9320978275084973 off 0.036078040363041956 neg 0.031824132128460685	false	0.5
nachlassen	neg 1.0		__DUMMY__ 0.9321329736141529 neg 0.03415922972758974 off 0.03370779665825732	false	1.0
alt	neg 1.0		__DUMMY__ 0.9280844686384063 neg 0.03689173206006763 off 0.03502379930152607	false	1.0
hundesohn	off 1.0		__DUMMY__ 0.9161614719559666 off 0.05046533104823295 neg 0.03337319699580037	false	1.0
als			__DUMMY__ 0.9279801359242021 neg 0.03602131194708692 off 0.035998552128710996	false	0.0
abschreckung	neg 1.0		__DUMMY__ 0.9294094955852558 neg 0.037576541101340975 off 0.03301396331340327	false	1.0
unqualifiziert	neg 1.0		__DUMMY__ 0.921821887182674 off 0.04123193184652883 neg 0.03694618097079708	false	0.5
abgewichst	off 1.0		__DUMMY__ 0.9292880016063578 off 0.03661294526860749 neg 0.0340990531250347	false	1.0
schwer	neg 1.0		__DUMMY__ 0.9262980854798013 off 0.03729739465177949 neg 0.036404519868419256	false	0.5
bedeutungslosigkeit	neg 1.0		__DUMMY__ 0.9289035111398283 neg 0.03724774936760469 off 0.03384873949256709	false	1.0
kapitulation	neg 1.0		__DUMMY__ 0.9293964158973214 neg 0.03576488045809786 off 0.03483870364458082	false	1.0
unscharf	neg 1.0		__DUMMY__ 0.9241515433901367 off 0.03902188382995099 neg 0.03682657277991224	false	0.5
schwinden	neg 1.0		__DUMMY__ 0.9301620004274384 neg 0.03632727938209045 off 0.033510720190471174	false	1.0
versklavung	neg 1.0		__DUMMY__ 0.9269572749629155 off 0.038397789856048664 neg 0.03464493518103587	false	0.5
schlecht	neg 1.0		__DUMMY__ 0.9246398144485276 off 0.04246700357636173 neg 0.03289318197511069	false	0.5
verhasst	neg 1.0		__DUMMY__ 0.9225453877930725 off 0.03912517926023248 neg 0.03832943294669502	false	0.5
beschweren	neg 1.0		__DUMMY__ 0.9255620330456594 off 0.03933522531377979 neg 0.03510274164056073	false	0.5
scheiden	neg 1.0		__DUMMY__ 0.9295627800086199 off 0.037014055789776214 neg 0.033423164201603926	false	0.5
frustriert	neg 1.0		__DUMMY__ 0.926462784825522 neg 0.03685028224234878 off 0.03668693293212919	false	1.0
schimmelig	neg 1.0		__DUMMY__ 0.9263251461586179 neg 0.038894440305773534 off 0.03478041353560851	false	1.0
fisch	neg 1.0		__DUMMY__ 0.9290560825506088 neg 0.03863486348791097 off 0.03230905396148024	false	1.0
schmuggel	neg 1.0		__DUMMY__ 0.9294178299900626 neg 0.036532102755957745 off 0.034050067253979674	false	1.0
auffallen	neg 1.0		__DUMMY__ 0.9251196211802198 off 0.039909379841643736 neg 0.03497099897813648	false	0.5
konkurrenz	neg 1.0		__DUMMY__ 0.930462231477559 neg 0.03678560365705584 off 0.0327521648653852	false	1.0
teufelskreis	neg 1.0	neg 1.0	neg 0.5044177453482803 __DUMMY__ 0.4613668156134825 off 0.03421543903823713	false	1.0
aufschreien	neg 1.0		__DUMMY__ 0.9238089449850102 off 0.040060080837373474 neg 0.03613097417761636	false	0.5
schuldner	neg 1.0		__DUMMY__ 0.92796296370871 neg 0.03871035714790342 off 0.03332667914338658	false	1.0
missgeburt	off 1.0	off 1.0	off 0.5130965153364813 __DUMMY__ 0.45475459120249534 neg 0.03214889346102331	false	1.0
arbeitslos	neg 1.0		__DUMMY__ 0.9254528363641549 neg 0.03863310505853338 off 0.03591405857731172	false	1.0
befallen	neg 1.0		__DUMMY__ 0.9273568939606552 off 0.03650663549866717 neg 0.03613647054067749	false	0.5
miesepetrig	off 1.0	off 1.0	off 0.5079008841248068 __DUMMY__ 0.4610248946191505 neg 0.031074221256042645	false	1.0
alarmieren	neg 1.0		__DUMMY__ 0.9229770543573678 off 0.041503539096026824 neg 0.03551940654660534	false	0.5
ungeduscht	off 1.0		__DUMMY__ 0.9233770026004336 off 0.04052970955282801 neg 0.03609328784673833	false	1.0
knappheit	neg 1.0		__DUMMY__ 0.9249453185668766 neg 0.039705691069868744 off 0.0353489903632548	false	1.0
schlange	neg 1.0		__DUMMY__ 0.9297092933520004 off 0.038603512894577 neg 0.031687193753422556	false	0.5
harsch	neg 1.0		__DUMMY__ 0.9235730902692054 off 0.04565715718856967 neg 0.030769752542224853	false	0.5
lang	neg 1.0		__DUMMY__ 0.9278031086020471 off 0.03815140310605362 neg 0.03404548829189933	false	0.5
ziellos	neg 1.0		__DUMMY__ 0.9302801676862882 off 0.035013131586178615 neg 0.03470670072753315	false	0.5
selbstverliebt	neg 1.0		__DUMMY__ 0.914081225945749 off 0.05114899179869385 neg 0.03476978225555722	false	0.5
beseitigen	neg 1.0		__DUMMY__ 0.9284556680991297 off 0.036267259038032074 neg 0.03527707286283822	false	0.5
dumm	off 1.0		__DUMMY__ 0.9188777178909344 off 0.04724019656033535 neg 0.03388208554873016	false	1.0
arbeitsloser	neg 1.0		__DUMMY__ 0.9283029581550891 off 0.03593022999860394 neg 0.03576681184630699	false	0.5
blitzen	neg 1.0		__DUMMY__ 0.9255184583706614 off 0.04014986475048503 neg 0.03433167687885356	false	0.5
hilflos	neg 1.0		__DUMMY__ 0.9268831297380766 neg 0.03688591910608968 off 0.0362309511558337	false	1.0
eklig	off 1.0		__DUMMY__ 0.9166388025872011 off 0.0477415749494188 neg 0.035619622463380095	false	1.0
begriff			__DUMMY__ 0.9263397656013799 off 0.03721745811453701 neg 0.036442776284083156	false	0.0
hungersnot	neg 1.0		__DUMMY__ 0.9295529775482906 off 0.03566095513156311 neg 0.03478606732014636	false	0.5
ungesetzlich	neg 1.0		__DUMMY__ 0.9228374256099766 off 0.03880896811238023 neg 0.03835360627764315	false	0.5
verschwendung	neg 1.0		__DUMMY__ 0.9286050700755445 neg 0.03712434649473038 off 0.03427058342972508	false	1.0
schmerzvoll	neg 1.0		__DUMMY__ 0.9262004456111987 off 0.039018220416362034 neg 0.03478133397243914	false	0.5
vorzeitig	neg 1.0		__DUMMY__ 0.9263244093373864 off 0.0397701806404216 neg 0.033905410022192085	false	0.5
unvollkommenheit	neg 1.0		__DUMMY__ 0.9323035082837591 off 0.03492318483390989 neg 0.03277330688233108	false	0.5
intervenieren	neg 1.0		__DUMMY__ 0.9279321900795431 neg 0.03774338962904781 off 0.03432442029140907	false	1.0
banause	off 1.0		__DUMMY__ 0.9138829123932205 off 0.049872992477788716 neg 0.036244095128990794	false	1.0
rebell	neg 1.0		__DUMMY__ 0.9310927842471637 neg 0.03807895830845185 off 0.03082825744438442	false	1.0
unlogisch	neg 1.0		__DUMMY__ 0.9202692681162169 off 0.04434580104840118 neg 0.03538493083538201	false	0.5
leiden	neg 1.0		__DUMMY__ 0.9313312872814511 neg 0.03584051225207463 off 0.032828200466474305	false	1.0
abschaffung	neg 1.0		__DUMMY__ 0.9266463795030905 off 0.03788793389010809 neg 0.03546568660680151	false	0.5
sturz	neg 1.0		__DUMMY__ 0.9295274813841123 off 0.03757567452672654 neg 0.03289684408916114	false	0.5
verkleinerung	neg 1.0		__DUMMY__ 0.9225196809621766 off 0.04018252987905276 neg 0.03729778915877066	false	0.5
schmarotzer	off 1.0		__DUMMY__ 0.9242935899848718 neg 0.03910825015443021 off 0.03659815986069802	false	0.5
bestrafung	neg 1.0		__DUMMY__ 0.9265429277824302 off 0.03858394599605686 neg 0.03487312622151295	false	0.5
achtlos	neg 1.0	neg 1.0	neg 0.5018349623515678 __DUMMY__ 0.46447319924897207 off 0.033691838399460244	false	1.0
ungeheuer	neg 1.0		__DUMMY__ 0.9275235407677634 off 0.03938528767500253 neg 0.03309117155723392	false	0.5
