unsolidarisch	neg 1.0		__DUMMY__ 0.46430007492778325 off 0.2717547004264327 neg 0.2639452246457842	false	0.5
nachteilig	neg 1.0		__DUMMY__ 0.4682475694218362 off 0.26781021464026056 neg 0.2639422159379033	false	0.5
skeptisch	neg 1.0		__DUMMY__ 0.4688894112289152 off 0.267372679895602 neg 0.2637379088754827	false	0.5
schrecklich	neg 1.0		__DUMMY__ 0.4626072278143228 off 0.2839623329195949 neg 0.2534304392660824	false	0.5
schlapp	neg 1.0		__DUMMY__ 0.46502283390649746 off 0.2796591800558731 neg 0.25531798603762945	false	0.5
abfall	neg 1.0		__DUMMY__ 0.471651646559857 neg 0.2645154517590429 off 0.26383290168110013	false	1.0
widerspenstig	neg 1.0		__DUMMY__ 0.4672912949582088 off 0.27359270681126263 neg 0.25911599823052844	false	0.5
abrupt	neg 1.0		__DUMMY__ 0.4713701648681692 off 0.26945996699212277 neg 0.259169868139708	false	0.5
unwirksam	neg 1.0		__DUMMY__ 0.4639437880040728 off 0.2716498865657737 neg 0.26440632543015347	false	0.5
angreifen	neg 1.0		__DUMMY__ 0.4685139360271739 off 0.2671316075521079 neg 0.2643544564207183	false	0.5
inkonsistent	neg 1.0		__DUMMY__ 0.4650467315725989 off 0.27359729046388187 neg 0.26135597796351934	false	0.5
abrutschen	neg 1.0		__DUMMY__ 0.47055058945541334 neg 0.26539699452311216 off 0.2640524160214744	false	1.0
unsicher	neg 1.0		__DUMMY__ 0.4680071451157695 off 0.2734298658591967 neg 0.2585629890250338	false	0.5
bauernkind	off 1.0	off 1.0	off 0.630333403036958 __DUMMY__ 0.2209657148635752 neg 0.1487008820994669	false	1.0
angreifer	neg 1.0	neg 1.0	neg 0.6149767518674737 __DUMMY__ 0.22818472546715754 off 0.1568385226653688	false	1.0
trennen	neg 1.0		__DUMMY__ 0.4714101921051234 off 0.26797035619046644 neg 0.2606194517044102	false	0.5
schmutz	neg 1.0		__DUMMY__ 0.4698686250178293 off 0.2764333705396899 neg 0.25369800444248075	false	0.5
inkonsistenz	neg 1.0		__DUMMY__ 0.46055672878164866 off 0.27766520513135295 neg 0.2617780660869984	false	0.5
erschreckend	neg 1.0		__DUMMY__ 0.4664141048110392 off 0.27189190780843775 neg 0.2616939873805232	false	0.5
ertrinken	neg 1.0		__DUMMY__ 0.4696262550363603 off 0.26820947695477737 neg 0.2621642680088624	false	0.5
pickelface	off 1.0		__DUMMY__ 0.46828672138359173 off 0.2724532709092492 neg 0.25926000770715907	false	1.0
seiner			__DUMMY__ 0.46937455363357417 off 0.26799633447234805 neg 0.26262911189407767	false	0.0
lauch	neg 1.0		__DUMMY__ 0.47198565915489515 off 0.265331536325885 neg 0.2626828045192196	false	0.5
unwichtig	neg 1.0		__DUMMY__ 0.46306886978899914 off 0.2781944388940647 neg 0.258736691316936	false	0.5
steuerhinterziehung	neg 1.0	neg 1.0	neg 0.6191757254421182 __DUMMY__ 0.22752501759158328 off 0.15329925696629854	false	1.0
schock	neg 1.0		__DUMMY__ 0.4687715949407911 off 0.27271704680790343 neg 0.25851135825130556	false	0.5
beule	neg 1.0		__DUMMY__ 0.463705661558811 off 0.280422781921987 neg 0.2558715565192019	false	0.5
vergelten	neg 1.0		__DUMMY__ 0.4654327898099491 off 0.2834900986919042 neg 0.25107711149814665	false	0.5
verdorbenheit	neg 1.0		__DUMMY__ 0.46971678011521967 off 0.27512629400059724 neg 0.2551569258841832	false	0.5
trauma	neg 1.0		__DUMMY__ 0.46687762847230757 off 0.2743808568845572 neg 0.25874151464313533	false	0.5
sinnlos	neg 1.0		__DUMMY__ 0.46605142839830593 off 0.2757733979787258 neg 0.25817517362296816	false	0.5
fettsack	off 1.0	off 1.0	off 0.6316131906919387 __DUMMY__ 0.22202513524670636 neg 0.14636167406135497	false	1.0
feige	off 1.0	off 1.0	off 0.6281282378589077 __DUMMY__ 0.2243148531522891 neg 0.14755690898880316	false	1.0
abdanken	neg 1.0		__DUMMY__ 0.46792399215697406 off 0.27264738333098537 neg 0.25942862451204063	false	0.5
wichtigtuer	off 1.0	off 1.0	off 0.6266457185131902 __DUMMY__ 0.22541242397690417 neg 0.14794185750990568	false	1.0
misslingen	neg 1.0		__DUMMY__ 0.47139680484651214 off 0.2755716252502552 neg 0.2530315699032326	false	0.5
untreu	off 1.0		__DUMMY__ 0.4639881347627709 off 0.27930579402230743 neg 0.2567060712149218	false	1.0
missmutig	neg 1.0		__DUMMY__ 0.4653157431834451 off 0.2788840652737995 neg 0.25580019154275546	false	0.5
hurenbock	off 1.0		__DUMMY__ 0.4679057177782264 off 0.2761193938517674 neg 0.25597488837000604	false	1.0
betrunken	neg 1.0		__DUMMY__ 0.4641411247558108 off 0.28158460329973406 neg 0.2542742719444552	false	0.5
korrupt	off 1.0		__DUMMY__ 0.46517351345122004 off 0.26909892140289793 neg 0.265727565145882	false	1.0
unmut	neg 1.0		__DUMMY__ 0.47105066299727094 neg 0.2645591445675505 off 0.26439019243517853	false	1.0
hackfresse	off 1.0		__DUMMY__ 0.4594739981812799 off 0.28748538061051016 neg 0.2530406212082101	false	1.0
aufblasen	neg 1.0		__DUMMY__ 0.46721044149073643 off 0.2757521417547512 neg 0.25703741675451236	false	0.5
gewaltsam	neg 1.0		__DUMMY__ 0.46895144255236715 off 0.2719775125164723 neg 0.25907104493116057	false	0.5
unbeliebtheit	neg 1.0		__DUMMY__ 0.4631069437943953 off 0.27704183082630335 neg 0.25985122537930117	false	0.5
sturheit	neg 1.0		__DUMMY__ 0.4666615367530654 off 0.27118926088870166 neg 0.26214920235823297	false	0.5
kuh	neg 1.0		__DUMMY__ 0.4620811805005681 off 0.2745331509569127 neg 0.2633856685425192	false	0.5
erschrecken	neg 1.0		__DUMMY__ 0.4661044911098551 off 0.27880610328269706 neg 0.25508940560744786	false	0.5
opfer	neg 1.0		__DUMMY__ 0.46877647708130965 off 0.26919761209886806 neg 0.2620259108198224	false	0.5
sinken	neg 1.0		__DUMMY__ 0.47148741632905916 off 0.2653998456161966 neg 0.26311273805474417	false	0.5
stinktier	neg 1.0		__DUMMY__ 0.4572024641245942 off 0.2827266989498513 neg 0.26007083692555444	false	0.5
tucke	off 1.0		__DUMMY__ 0.4572904882114961 off 0.2880860982000796 neg 0.2546234135884243	false	1.0
ein			__DUMMY__ 0.46725095493966956 off 0.27473936869203447 neg 0.25800967636829614	false	0.0
abstieg	neg 1.0		__DUMMY__ 0.47020635907016 off 0.2684079293301303 neg 0.26138571159970975	false	0.5
missverstehen	neg 1.0		__DUMMY__ 0.46324905858784876 off 0.27569006898397186 neg 0.2610608724281793	false	0.5
ergebnislos	neg 1.0		__DUMMY__ 0.47029492068783335 off 0.2680207210870475 neg 0.2616843582251192	false	0.5
unter			__DUMMY__ 0.4756272116146594 neg 0.264505328665945 off 0.25986745971939557	false	0.0
manipulieren	neg 1.0		__DUMMY__ 0.4695317304927458 off 0.26708277362966787 neg 0.2633854958775864	false	0.5
unbewiesen	neg 1.0		__DUMMY__ 0.4633941503599375 off 0.2713152231959899 neg 0.26529062644407264	false	0.5
verschleppen	neg 1.0		__DUMMY__ 0.4679587698163881 off 0.26927042519435057 neg 0.26277080498926136	false	0.5
weib	off 1.0		__DUMMY__ 0.4562771262465092 off 0.28711392747116027 neg 0.25660894628233066	false	1.0
opposition	neg 1.0		__DUMMY__ 0.4651657127327987 off 0.2744986323641653 neg 0.26033565490303606	false	0.5
verkehrswidrig	neg 1.0		__DUMMY__ 0.4661139340205481 off 0.2852112962250184 neg 0.2486747697544335	false	0.5
inkorrekt	neg 1.0		__DUMMY__ 0.46035666234769784 off 0.28200368898634665 neg 0.2576396486659554	false	0.5
vermeiden	neg 1.0	neg 1.0	neg 0.6201083980922194 __DUMMY__ 0.23053329371201006 off 0.1493583081957705	false	1.0
abweichung	neg 1.0		__DUMMY__ 0.46827561821052816 off 0.2688446319394916 neg 0.26287974984998025	false	0.5
alkoholisiert	neg 1.0		__DUMMY__ 0.4703725551830284 off 0.2685261674881985 neg 0.261101277328773	false	0.5
scheiss	off 1.0	off 1.0	off 0.6287979519162064 __DUMMY__ 0.22498114218846857 neg 0.14622090589532516	false	1.0
herausforderung	neg 1.0		__DUMMY__ 0.4694014869869467 off 0.2674614329309122 neg 0.26313708008214115	false	0.5
pervers	off 1.0		__DUMMY__ 0.4571868144418686 off 0.2911365671620307 neg 0.2516766183961008	false	1.0
wackelig	neg 1.0		__DUMMY__ 0.4709715186409956 off 0.27214045349599614 neg 0.25688802786300813	false	0.5
verwickeln	neg 1.0		__DUMMY__ 0.46354873526570245 off 0.27507145447628034 neg 0.2613798102580174	false	0.5
vorwand	neg 1.0		__DUMMY__ 0.46876174212159066 off 0.2666072395762809 neg 0.26463101830212843	false	0.5
muschi	off 1.0		__DUMMY__ 0.4682244808896526 off 0.27262006968822866 neg 0.2591554494221188	false	1.0
entmutigung	neg 1.0		__DUMMY__ 0.46637445341325834 off 0.274505843982551 neg 0.25911970260419054	false	0.5
unangemessen	neg 1.0		__DUMMY__ 0.4653863040865951 off 0.2703230759096027 neg 0.26429062000380227	false	0.5
unstetig	neg 1.0		__DUMMY__ 0.46646537885863343 off 0.2765572059823329 neg 0.25697741515903366	false	0.5
entmutigen	neg 1.0		__DUMMY__ 0.4664034492453926 off 0.27417849168233843 neg 0.2594180590722689	false	0.5
schwanz	neg 1.0		__DUMMY__ 0.4693212189652846 off 0.2697432940588989 neg 0.26093548697581637	false	0.5
verbot	neg 1.0		__DUMMY__ 0.4677328205647414 off 0.2696607953523712 neg 0.26260638408288733	false	0.5
leid	neg 1.0		__DUMMY__ 0.46025722475642666 off 0.2851552436583315 neg 0.2545875315852417	false	0.5
archaisch	neg 1.0		__DUMMY__ 0.46719683561345954 off 0.2714338352275584 neg 0.2613693291589821	false	0.5
gegen			__DUMMY__ 0.47145867409593833 off 0.26550168254918727 neg 0.2630396433548744	false	0.0
scheidung	neg 1.0		__DUMMY__ 0.4596070133978085 off 0.2977322182361382 neg 0.24266076836605327	false	0.5
einschlag	neg 1.0		__DUMMY__ 0.4631442734793794 off 0.2824754551565465 neg 0.254380271364074	false	0.5
m			__DUMMY__ 0.46934407041501514 off 0.2710101444841171 neg 0.25964578510086783	false	0.0
abgestanden	neg 1.0		__DUMMY__ 0.46575493562871606 off 0.27357432367123474 neg 0.26067074070004914	false	0.5
schmierig	off 1.0		__DUMMY__ 0.4619618387678921 off 0.28488167188634667 neg 0.2531564893457613	false	1.0
unpraktisch	neg 1.0		__DUMMY__ 0.4670021633949772 off 0.2753252666493557 neg 0.257672569955667	false	0.5
wixxer	off 1.0		__DUMMY__ 0.4555686164496713 off 0.2907113377958138 neg 0.25372004575451484	false	1.0
bezeichnet			__DUMMY__ 0.46496434025135736 off 0.2724463719863696 neg 0.262589287762273	false	0.0
jammerlappen	off 1.0		__DUMMY__ 0.46529135975271546 off 0.2792184935634499 neg 0.25549014668383463	false	1.0
farce	neg 1.0		__DUMMY__ 0.46727171803911083 off 0.27087059058885243 neg 0.26185769137203685	false	0.5
zwecklos	neg 1.0		__DUMMY__ 0.46653340973962815 off 0.2703562239938426 neg 0.26311036626652934	false	0.5
turbulent	neg 1.0		__DUMMY__ 0.4626579115917921 off 0.28009105631726794 neg 0.25725103209093997	false	0.5
invasion	neg 1.0		__DUMMY__ 0.4659161853419407 off 0.2754694292429759 neg 0.25861438541508347	false	0.5
schuld	neg 1.0		__DUMMY__ 0.4652458004289355 off 0.2739781129602233 neg 0.2607760866108411	false	0.5
risiko	neg 1.0	neg 1.0	neg 0.6157773705681597 __DUMMY__ 0.22803339578467544 off 0.1561892336471649	false	1.0
finster	neg 1.0		__DUMMY__ 0.4649497456769664 off 0.2741824040548207 neg 0.26086785026821296	false	0.5
geisteskrank	off 1.0		__DUMMY__ 0.46064143421076864 off 0.2796847307244846 neg 0.25967383506474684	false	1.0
zusammenbrechen	neg 1.0		__DUMMY__ 0.4678735964615168 off 0.27106322259361115 neg 0.2610631809448722	false	0.5
ausbeute	neg 1.0		__DUMMY__ 0.4743705498225745 off 0.2715470153789294 neg 0.2540824347984962	false	0.5
hinterhalt	neg 1.0		__DUMMY__ 0.4732807266304755 off 0.27354911307883245 neg 0.253170160290692	false	0.5
kritik	neg 1.0		__DUMMY__ 0.46696641833704755 off 0.27046692232796493 neg 0.26256665933498735	false	0.5
einschrumpfen	neg 1.0		__DUMMY__ 0.4637920569693261 off 0.277307455872218 neg 0.2589004871584558	false	0.5
riskant	neg 1.0		__DUMMY__ 0.46763673451920484 off 0.26759613258409676 neg 0.26476713289669845	false	0.5
frustrieren	neg 1.0		__DUMMY__ 0.4677852801901544 off 0.2688653378122832 neg 0.2633493819975624	false	0.5
groll	neg 1.0		__DUMMY__ 0.46667535932167725 off 0.269784174117558 neg 0.2635404665607647	false	0.5
gibt			__DUMMY__ 0.46813918989854464 off 0.27126913905670014 neg 0.26059167104475517	false	0.0
qualvoll	neg 1.0		__DUMMY__ 0.46613515393852767 off 0.27706103322716835 neg 0.25680381283430403	false	0.5
wackeln	neg 1.0		__DUMMY__ 0.46877124315551066 off 0.27510564404089005 neg 0.2561231128035993	false	0.5
klagen	neg 1.0		__DUMMY__ 0.4699529409200786 neg 0.2651137866516496 off 0.26493327242827175	false	1.0
bankrott	neg 1.0		__DUMMY__ 0.4662564160195764 off 0.27874419246188126 neg 0.2549993915185424	false	0.5
trauern	neg 1.0		__DUMMY__ 0.47087668293134044 off 0.26951179426834276 neg 0.2596115228003168	false	0.5
ablehnung	neg 1.0		__DUMMY__ 0.4669105157926946 off 0.2700585934376895 neg 0.26303089076961605	false	0.5
stur	neg 1.0		__DUMMY__ 0.46543138505916315 off 0.274305480469685 neg 0.2602631344711518	false	0.5
aufruhr	neg 1.0		__DUMMY__ 0.46818389346786904 off 0.27218089253364347 neg 0.2596352139984873	false	0.5
melancholie	neg 1.0		__DUMMY__ 0.4696702349126371 off 0.27019070845979126 neg 0.2601390566275715	false	0.5
ist			__DUMMY__ 0.4663149206854368 off 0.2755736517806981 neg 0.25811142753386523	false	0.0
torheit	neg 1.0		__DUMMY__ 0.46668316062077697 off 0.27346720975497807 neg 0.25984962962424507	false	0.5
dreckskind	off 1.0		__DUMMY__ 0.458055546514687 off 0.2855443808972696 neg 0.2564000725880433	false	1.0
umtauschen	neg 1.0		__DUMMY__ 0.46788032172499927 off 0.2731659165108852 neg 0.2589537617641156	false	0.5
zum			__DUMMY__ 0.47592626998460097 off 0.2643841599260827 neg 0.2596895700893162	false	0.0
zersetzen	neg 1.0		__DUMMY__ 0.4677844724319172 off 0.2665757718120078 neg 0.2656397557560751	false	0.5
zur			__DUMMY__ 0.47414442734311607 neg 0.2630841910815095 off 0.26277138157537444	false	0.0
frust	neg 1.0		__DUMMY__ 0.4683212271182435 off 0.27123478540929225 neg 0.2604439874724643	false	0.5
unerbittlichkeit	neg 1.0		__DUMMY__ 0.46891357669916706 off 0.26702669115327293 neg 0.26405973214756007	false	0.5
zwei			__DUMMY__ 0.4747689194134707 off 0.26538211779771886 neg 0.25984896278881026	false	0.0
unkorrekt	neg 1.0		__DUMMY__ 0.46199169700242537 off 0.2821975424861962 neg 0.2558107605113784	false	0.5
hexe	off 1.0		__DUMMY__ 0.46212705808189714 off 0.27831606891574 neg 0.2595568730023627	false	1.0
lasch	neg 1.0		__DUMMY__ 0.46316678788066407 off 0.27696098048911355 neg 0.2598722316302225	false	0.5
rivale	neg 1.0		__DUMMY__ 0.4630367047699925 off 0.28143177234730077 neg 0.2555315228827068	false	0.5
mutlos	off 1.0	off 1.0	off 0.6220658685957393 __DUMMY__ 0.22729702735967894 neg 0.15063710404458178	false	1.0
wirr	off 1.0		__DUMMY__ 0.46043312765757904 off 0.28263785928591567 neg 0.2569290130565053	false	1.0
jahr			__DUMMY__ 0.4753080433158581 off 0.26894991827631987 neg 0.255742038407822	false	0.0
wird			__DUMMY__ 0.4682729842846038 off 0.26982715292637777 neg 0.2618998627890185	false	0.0
strafbar	neg 1.0		__DUMMY__ 0.46748676122866534 off 0.268118745767212 neg 0.26439449300412277	false	0.5
erosion	neg 1.0		__DUMMY__ 0.46866609669184967 off 0.27392653112731263 neg 0.2574073721808377	false	0.5
eingehen	neg 1.0		__DUMMY__ 0.46743828856085745 off 0.2683975746676753 neg 0.2641641367714673	false	0.5
faul	off 1.0		__DUMMY__ 0.46613877454774066 off 0.278707916145244 neg 0.2551533093070154	false	1.0
provisorium	neg 1.0		__DUMMY__ 0.47642000295181397 neg 0.2626017925880374 off 0.2609782044601486	false	1.0
schmerzen	neg 1.0		__DUMMY__ 0.4664049670323918 off 0.2715792818108332 neg 0.2620157511567749	false	0.5
schrumpfen	neg 1.0		__DUMMY__ 0.47088241774669903 neg 0.2672602758376607 off 0.2618573064156404	false	1.0
geistlos	off 1.0		__DUMMY__ 0.4623415000351437 off 0.2749866100502918 neg 0.26267188991456464	false	1.0
fehlkauf	neg 1.0		__DUMMY__ 0.46700116027756755 off 0.2757299337232742 neg 0.25726890599915814	false	0.5
frustrierend	neg 1.0		__DUMMY__ 0.46485268400514596 off 0.27765417388959 neg 0.25749314210526414	false	0.5
unzufrieden	neg 1.0		__DUMMY__ 0.4665217886543431 off 0.269915858701476 neg 0.263562352644181	false	0.5
verzweifeln	neg 1.0		__DUMMY__ 0.4672527024973937 off 0.2719933557343434 neg 0.2607539417682627	false	0.5
verzweifelt	neg 1.0	neg 1.0	neg 0.6186888416013815 __DUMMY__ 0.22577089506711245 off 0.15554026333150595	false	1.0
misstrauensantrag	neg 1.0		__DUMMY__ 0.4660013028973106 off 0.2757128121244344 neg 0.25828588497825494	false	0.5
abfallen	neg 1.0		__DUMMY__ 0.4683830667572548 off 0.2750010099284618 neg 0.25661592331428346	false	0.5
fucker	off 1.0		__DUMMY__ 0.46404284742149077 off 0.28259293076355 neg 0.25336422181495916	false	1.0
ungezogen	neg 1.0		__DUMMY__ 0.4580730558358901 off 0.29029939150659306 neg 0.25162755265751696	false	0.5
irrsinnig	neg 1.0	neg 1.0	neg 0.6182491747943603 __DUMMY__ 0.22609664317991301 off 0.1556541820257267	false	1.0
unfassbar	neg 1.0		__DUMMY__ 0.4646346973032337 off 0.28053185881875664 neg 0.25483344387800966	false	0.5
hart	neg 1.0		__DUMMY__ 0.4640567521874945 off 0.27971010846795963 neg 0.25623313934454583	false	0.5
widerlich	off 1.0		__DUMMY__ 0.46198416565808503 off 0.2802624794193958 neg 0.2577533549225192	false	1.0
fatal	neg 1.0		__DUMMY__ 0.4661175430793172 off 0.2759968127131972 neg 0.2578856442074856	false	0.5
bruch	neg 1.0		__DUMMY__ 0.4707849872656162 off 0.26577869555301975 neg 0.263436317181364	false	0.5
aushungern	neg 1.0		__DUMMY__ 0.4682171765251676 off 0.2710193591172021 neg 0.2607634643576302	false	0.5
anspannung	neg 1.0		__DUMMY__ 0.474999442202375 off 0.2640913374268375 neg 0.2609092203707874	false	0.5
von			__DUMMY__ 0.4764595048346342 off 0.26944720639366637 neg 0.25409328877169934	false	0.0
kraftlos	neg 1.0		__DUMMY__ 0.4691269708401989 off 0.27090735294439716 neg 0.259965676215404	false	0.5
vom			__DUMMY__ 0.4777232395058575 off 0.26219009937761795 neg 0.2600866611165245	false	0.0
grenzdebil	off 1.0		__DUMMY__ 0.464609403417781 off 0.2809873190671815 neg 0.2544032775150374	false	1.0
vor			__DUMMY__ 0.47170467032718105 off 0.26700053203826696 neg 0.261294797634552	false	0.0
unterwerfen	neg 1.0		__DUMMY__ 0.4683874620587381 off 0.2689694457414409 neg 0.26264309219982107	false	0.5
versenkung	neg 1.0		__DUMMY__ 0.47002609316663363 off 0.2697740276107853 neg 0.2601998792225812	false	0.5
entziehen	neg 1.0		__DUMMY__ 0.4698188937959642 off 0.2655491470644484 neg 0.26463195913958726	false	0.5
finanzkrise	neg 1.0		__DUMMY__ 0.4663327313720671 off 0.271408461915197 neg 0.26225880671273594	false	0.5
schimpfend	neg 1.0		__DUMMY__ 0.4662105225004874 off 0.2755919770160068 neg 0.25819750048350576	false	0.5
profan	neg 1.0		__DUMMY__ 0.4650002866521464 off 0.2761197160094926 neg 0.25887999733836103	false	0.5
korruption	neg 1.0		__DUMMY__ 0.46791048707949656 off 0.2694316633855413 neg 0.2626578495349621	false	0.5
â			__DUMMY__ 0.470058300934213 off 0.27061063716264416 neg 0.25933106190314276	false	0.0
schmutzig	neg 1.0		__DUMMY__ 0.4650042651816584 off 0.2817424299280743 neg 0.2532533048902673	false	0.5
sexy	neg 1.0		__DUMMY__ 0.4663369989650345 off 0.2778983443704838 neg 0.2557646566644818	false	0.5
abraten	neg 1.0		__DUMMY__ 0.4661907709826586 off 0.2756865099052672 neg 0.25812271911207396	false	0.5
schwarz	neg 1.0		__DUMMY__ 0.4662888194686718 off 0.27512595523889743 neg 0.2585852252924306	false	0.5
fotze	off 1.0	off 1.0	off 0.6239740249557859 __DUMMY__ 0.22847764147110233 neg 0.14754833357311178	false	1.0
verwirren	neg 1.0		__DUMMY__ 0.4652438732351802 off 0.2768132425201281 neg 0.2579428842446918	false	0.5
zahnlos	off 1.0		__DUMMY__ 0.4668951547034422 off 0.27115379849453014 neg 0.26195104680202774	false	1.0
verheeren	neg 1.0		__DUMMY__ 0.4588408084673146 off 0.29222446006615976 neg 0.24893473146652562	false	0.5
hippie	neg 1.0		__DUMMY__ 0.4663524263723901 off 0.27742671026562876 neg 0.25622086336198113	false	0.5
rammen	neg 1.0		__DUMMY__ 0.46522723777661673 off 0.2745462385042372 neg 0.26022652371914623	false	0.5
unlauter	neg 1.0		__DUMMY__ 0.46446430473538663 off 0.27348433284180657 neg 0.26205136242280674	false	0.5
unheilvoll	neg 1.0		__DUMMY__ 0.46695612671034237 off 0.27575451687088176 neg 0.2572893564187759	false	0.5
niedrig	neg 1.0		__DUMMY__ 0.46737156964435017 off 0.2670395033623042 neg 0.26558892699334574	false	0.5
explosion	neg 1.0		__DUMMY__ 0.4658626102809219 off 0.2765549421901293 neg 0.25758244752894865	false	0.5
weichei	off 1.0	off 1.0	off 0.6322456846876077 __DUMMY__ 0.22304024980208595 neg 0.14471406551030627	false	1.0
minusmensch	off 1.0		__DUMMY__ 0.45708676830099193 off 0.28818866650846814 neg 0.2547245651905398	false	1.0
farblos	neg 1.0		__DUMMY__ 0.4680992616732446 off 0.2731574185443824 neg 0.258743319782373	false	0.5
unwissend	neg 1.0	neg 1.0	neg 0.6168907993619227 __DUMMY__ 0.2249164452862135 off 0.15819275535186378	false	1.0
traurig	neg 1.0		__DUMMY__ 0.46335541298363525 off 0.28326777583792384 neg 0.25337681117844085	false	0.5
senkung	neg 1.0		__DUMMY__ 0.4639831049256441 off 0.27563587614657387 neg 0.260381018927782	false	0.5
ungleich	neg 1.0	neg 1.0	neg 0.6208575184068851 __DUMMY__ 0.22746294960316196 off 0.15167953198995301	false	1.0
heikel	neg 1.0		__DUMMY__ 0.46762343744971285 off 0.26756174996002513 neg 0.2648148125902622	false	0.5
drosselung	neg 1.0		__DUMMY__ 0.46389991899786065 off 0.28047517370606007 neg 0.2556249072960793	false	0.5
falsch	neg 1.0		__DUMMY__ 0.4641206480798814 off 0.2776504286751122 neg 0.2582289232450063	false	0.5
unzufriedenheit	neg 1.0		__DUMMY__ 0.46930331983405743 off 0.266284555702874 neg 0.2644121244630686	false	0.5
kurz	neg 1.0		__DUMMY__ 0.47020260300160066 off 0.272564840133024 neg 0.25723255686537533	false	0.5
unsinnig	neg 1.0		__DUMMY__ 0.4657511512435475 off 0.27092846280180394 neg 0.2633203859546484	false	0.5
penner	off 1.0	off 1.0	off 0.6333353133863155 __DUMMY__ 0.22290643295085028 neg 0.14375825366283426	false	1.0
seicht	neg 1.0		__DUMMY__ 0.4567827144618389 off 0.28901957747096146 neg 0.25419770806719966	false	0.5
dummheit	off 1.0	off 1.0	off 0.6268083314995435 __DUMMY__ 0.2252284282736137 neg 0.1479632402268429	false	1.0
unerfreulich	neg 1.0		__DUMMY__ 0.4692302118004245 off 0.2671328225071498 neg 0.2636369656924257	false	0.5
motherfucker	off 1.0	off 1.0	off 0.6299798534307433 __DUMMY__ 0.2252425179747561 neg 0.14477762859450058	false	1.0
pikiert	neg 1.0		__DUMMY__ 0.4629551405296406 off 0.27965697450166455 neg 0.25738788496869486	false	0.5
wrack	neg 1.0		__DUMMY__ 0.4697848443492598 off 0.27134337363777417 neg 0.2588717820129659	false	0.5
gangster	neg 1.0		__DUMMY__ 0.4662501322119712 off 0.2774619015482943 neg 0.25628796623973443	false	0.5
krank	neg 1.0		__DUMMY__ 0.46484604127730134 off 0.28107558203330263 neg 0.25407837668939587	false	0.5
reich	neg 1.0		__DUMMY__ 0.4662884422126876 off 0.28005230093886996 neg 0.2536592568484424	false	0.5
gnadenlos	neg 1.0		__DUMMY__ 0.46587529353749796 off 0.274357954431647 neg 0.25976675203085503	false	0.5
niedergeschlagen	neg 1.0		__DUMMY__ 0.46841240882619106 off 0.2719095639005692 neg 0.25967802727323974	false	0.5
terrorisieren	off 1.0	off 1.0	off 0.6226428546563818 __DUMMY__ 0.22823296142617952 neg 0.14912418391743865	false	1.0
sinnlosigkeit	neg 1.0		__DUMMY__ 0.4672972076408789 off 0.2706592554623528 neg 0.2620435368967682	false	0.5
behindern	neg 1.0		__DUMMY__ 0.46795878830178533 off 0.2726232691112673 neg 0.25941794258694756	false	0.5
undemokratisch	neg 1.0		__DUMMY__ 0.46597769867336003 off 0.2740105552512856 neg 0.26001174607535427	false	0.5
wirtschaftskrise	neg 1.0		__DUMMY__ 0.4676269120074928 off 0.26908846992593916 neg 0.26328461806656805	false	0.5
neid	neg 1.0		__DUMMY__ 0.4662203472379574 off 0.27834358502193945 neg 0.25543606774010325	false	0.5
rutschen	neg 1.0		__DUMMY__ 0.475206448841527 off 0.2654120808792945 neg 0.2593814702791784	false	0.5
rezession	neg 1.0		__DUMMY__ 0.4583295844260216 off 0.28150930541241453 neg 0.2601611101615639	false	0.5
fehlgeburt	neg 1.0		__DUMMY__ 0.4672998777500018 off 0.2757244742660221 neg 0.25697564798397604	false	0.5
charakterschwach	off 1.0		__DUMMY__ 0.4620961197363098 off 0.280033827149695 neg 0.2578700531139951	false	1.0
isolation	neg 1.0		__DUMMY__ 0.4656338705200238 off 0.2776518463193147 neg 0.25671428316066147	false	0.5
ablenkung	neg 1.0		__DUMMY__ 0.4680104950864286 off 0.27379227219118135 neg 0.2581972327223899	false	0.5
pech	neg 1.0		__DUMMY__ 0.46508336190824323 off 0.2775949919384798 neg 0.25732164615327696	false	0.5
vermeidung	neg 1.0		__DUMMY__ 0.46444759453908774 off 0.2808845209877978 neg 0.2546678844731144	false	0.5
dominieren	neg 1.0		__DUMMY__ 0.46975827129057196 off 0.26924518600766484 neg 0.2609965427017631	false	0.5
schwindlig	neg 1.0		__DUMMY__ 0.46735960197274573 off 0.2764854348730906 neg 0.25615496315416375	false	0.5
lutscher	neg 1.0		__DUMMY__ 0.4573353265961036 off 0.28985794830815487 neg 0.25280672509574154	false	0.5
pflicht	neg 1.0		__DUMMY__ 0.4686633843881222 off 0.26646100220752766 neg 0.2648756134043501	false	0.5
faschist	off 1.0		__DUMMY__ 0.46537999796536295 off 0.2771075832927393 neg 0.25751241874189784	false	1.0
verschleudern	neg 1.0		__DUMMY__ 0.46780054437372937 off 0.26744450488747196 neg 0.26475495073879873	false	0.5
wenn			__DUMMY__ 0.46471871969804984 off 0.2781054748945277 neg 0.25717580540742246	false	0.0
ehebruch	neg 1.0		__DUMMY__ 0.46825271571301963 off 0.26950235101184944 neg 0.2622449332751309	false	0.5
spott	off 1.0		__DUMMY__ 0.4679507005718155 off 0.26874267614960246 neg 0.263306623278582	false	1.0
trostlosigkeit	neg 1.0		__DUMMY__ 0.4712774792551783 off 0.26686606676407937 neg 0.26185645398074237	false	0.5
lutschen	neg 1.0		__DUMMY__ 0.4644383186956851 off 0.2772970544027142 neg 0.25826462690160074	false	0.5
undiszipliniert	neg 1.0		__DUMMY__ 0.4624588370095694 off 0.28215960349476293 neg 0.2553815594956676	false	0.5
kopfschmerz	neg 1.0		__DUMMY__ 0.4670746878444876 off 0.27053507612037986 neg 0.2623902360351325	false	0.5
unvorhergesehen	neg 1.0		__DUMMY__ 0.4725015664468085 off 0.26922375077755173 neg 0.2582746827756398	false	0.5
desinteressiert	neg 1.0	neg 1.0	neg 0.615560434967285 __DUMMY__ 0.22458488257288833 off 0.15985468245982673	false	1.0
armselig	off 1.0		__DUMMY__ 0.46059021359997043 off 0.28227593448460847 neg 0.257133851915421	false	1.0
desaster	neg 1.0		__DUMMY__ 0.47046104069784317 off 0.2648455319066042 neg 0.2646934273955526	false	0.5
tod	neg 1.0		__DUMMY__ 0.4714478781432503 off 0.2711750570475396 neg 0.25737706480921013	false	0.5
herzlos	neg 1.0		__DUMMY__ 0.46197240219548563 off 0.2827826644229164 neg 0.2552449333815979	false	0.5
unwissenheit	neg 1.0		__DUMMY__ 0.467069234182073 off 0.2701101608780208 neg 0.26282060493990606	false	0.5
widersinnig	neg 1.0		__DUMMY__ 0.4647697059911743 off 0.26920193443749857 neg 0.2660283595713272	false	0.5
bedenklich	neg 1.0		__DUMMY__ 0.4670500120868717 off 0.2688836912722192 neg 0.2640662966409091	false	0.5
beanstanden	neg 1.0		__DUMMY__ 0.4691563843255937 off 0.2661860445141229 neg 0.2646575711602833	false	0.5
panisch	neg 1.0	neg 1.0	neg 0.6146373115020488 __DUMMY__ 0.22801767343412682 off 0.1573450150638243	false	1.0
debil	off 1.0		__DUMMY__ 0.47483391400097086 neg 0.2637402168808125 off 0.26142586911821664	false	0.5
abstrich	neg 1.0		__DUMMY__ 0.47231327607311807 off 0.2741319712573843 neg 0.25355475266949773	false	0.5
primitiv	neg 1.0		__DUMMY__ 0.4615893222064182 off 0.2803452790351583 neg 0.2580653987584235	false	0.5
abschaum	off 1.0	off 1.0	off 0.6284805891546351 __DUMMY__ 0.224998679706808 neg 0.1465207311385569	false	1.0
provozieren	neg 1.0		__DUMMY__ 0.4645690719238341 off 0.2735517042341315 neg 0.2618792238420344	false	0.5
tot	neg 1.0		__DUMMY__ 0.46804343720753505 off 0.27015676694989876 neg 0.26179979584256613	false	0.5
instabil	neg 1.0		__DUMMY__ 0.4624817349129401 off 0.2823423964567177 neg 0.2551758686303421	false	0.5
schwuchtel	off 1.0	off 1.0	off 0.6367663189879198 __DUMMY__ 0.2204750849018728 neg 0.14275859611020741	false	1.0
zerren	neg 1.0		__DUMMY__ 0.46861545142317257 off 0.2713123377936359 neg 0.2600722107831916	false	0.5
kinderficker	off 1.0		__DUMMY__ 0.46107459382965865 off 0.28598742298815694 neg 0.2529379831821844	false	1.0
gefahr	neg 1.0		__DUMMY__ 0.47072105946645326 off 0.26667450197411025 neg 0.2626044385594365	false	0.5
rabiat	neg 1.0		__DUMMY__ 0.4671709493247835 off 0.27352786345925223 neg 0.2593011872159643	false	0.5
verlangsamung	neg 1.0		__DUMMY__ 0.45694807307568763 off 0.286277128177136 neg 0.25677479874717635	false	0.5
ausgestorben	neg 1.0		__DUMMY__ 0.4679946662181864 off 0.27344056397755095 neg 0.2585647698042627	false	0.5
anklagen	neg 1.0		__DUMMY__ 0.46861804615160946 off 0.2700354071290091 neg 0.2613465467193815	false	0.5
trott	neg 1.0		__DUMMY__ 0.46786946797790885 off 0.27304763057636344 neg 0.25908290144572754	false	0.5
verminderung	neg 1.0		__DUMMY__ 0.4628317095616931 off 0.2806273541011824 neg 0.2565409363371246	false	0.5
nach			__DUMMY__ 0.475531303504268 off 0.26395318148519503 neg 0.26051551501053694	false	0.0
rost	neg 1.0		__DUMMY__ 0.46009474279807683 off 0.286024128516826 neg 0.25388112868509716	false	0.5
destruktiv	neg 1.0		__DUMMY__ 0.4653743585958562 off 0.2722614452543525 neg 0.26236419614979123	false	0.5
unzumutbarkeit	neg 1.0		__DUMMY__ 0.4652491966680737 off 0.2799842997760101 neg 0.2547665035559161	false	0.5
labil	off 1.0	off 1.0	off 0.6281690239999367 __DUMMY__ 0.22566791108709644 neg 0.14616306491296685	false	1.0
ziemlich	neg 1.0		__DUMMY__ 0.4651866758703451 off 0.2805629484976765 neg 0.25425037563197844	false	0.5
lachnummer	off 1.0		__DUMMY__ 0.4654177442700061 off 0.27318460431098684 neg 0.2613976514190071	false	1.0
oder			__DUMMY__ 0.4677404558047316 off 0.2747095109285543 neg 0.25755003326671416	false	0.0
verfall	neg 1.0		__DUMMY__ 0.47194821989242564 neg 0.2656151102027184 off 0.26243666990485603	false	1.0
ausgrenzung	neg 1.0		__DUMMY__ 0.4660298171452058 off 0.274859193174649 neg 0.25911098968014523	false	0.5
unordnung	neg 1.0		__DUMMY__ 0.4660292330446052 off 0.28367320485948794 neg 0.25029756209590687	false	0.5
fehlverhalten	neg 1.0		__DUMMY__ 0.46732786352144107 off 0.2666986744014479 neg 0.2659734620771109	false	0.5
eine			__DUMMY__ 0.4708424591958898 off 0.2674017447066909 neg 0.2617557960974192	false	0.0
nille	neg 1.0		__DUMMY__ 0.46868058857242356 off 0.2733196692397028 neg 0.2579997421878736	false	0.5
qual	neg 1.0		__DUMMY__ 0.46807405853286654 off 0.2726011674113856 neg 0.25932477405574783	false	0.5
verschwenden	neg 1.0		__DUMMY__ 0.4673241987294675 off 0.26817323122577696 neg 0.2645025700447555	false	0.5
riesig	neg 1.0		__DUMMY__ 0.47000895401943793 off 0.2699182282873737 neg 0.26007281769318846	false	0.5
verurteilen	neg 1.0		__DUMMY__ 0.4662410950799864 off 0.2696252999013516 neg 0.26413360501866207	false	0.5
klischee	neg 1.0	neg 1.0	neg 0.6173417161064347 __DUMMY__ 0.2253073874387431 off 0.15735089645482217	false	1.0
diktatorisch	neg 1.0		__DUMMY__ 0.4655756647371489 off 0.27410299064093707 neg 0.26032134462191414	false	0.5
vorhersehbar	neg 1.0		__DUMMY__ 0.46340891103700127 off 0.27614671738274965 neg 0.260444371580249	false	0.5
sowie			__DUMMY__ 0.46076714478295966 off 0.28507038373949334 neg 0.25416247147754706	false	0.0
stornieren	neg 1.0		__DUMMY__ 0.47048386466208464 off 0.2772646900156096 neg 0.25225144532230576	false	0.5
besteuerung	neg 1.0		__DUMMY__ 0.46395787625051993 off 0.27280303515272647 neg 0.2632390885967535	false	0.5
ungeschminkt	neg 1.0		__DUMMY__ 0.4612167546038895 off 0.27985394721108064 neg 0.25892929818502997	false	0.5
kritisch	neg 1.0		__DUMMY__ 0.4676244359198392 off 0.268768729013406 neg 0.2636068350667548	false	0.5
schlamperei	off 1.0		__DUMMY__ 0.4699802398067618 off 0.26802745581146764 neg 0.2619923043817705	false	1.0
sucht	neg 1.0	neg 1.0	neg 0.613017517199841 __DUMMY__ 0.23018040187666636 off 0.15680208092349268	false	1.0
egoistisch	off 1.0		__DUMMY__ 0.45920698098928564 off 0.2854299976514895 neg 0.25536302135922484	false	1.0
ausbeuter	off 1.0		__DUMMY__ 0.4666480996016721 neg 0.2669461837636181 off 0.26640571663470974	false	0.5
arschgeburt	off 1.0		__DUMMY__ 0.4537024292277649 off 0.29316638633438263 neg 0.25313118443785254	false	1.0
schubs	neg 1.0		__DUMMY__ 0.46834692481056234 off 0.2712655754528414 neg 0.26038749973659625	false	0.5
unsolide	neg 1.0		__DUMMY__ 0.464551267260789 off 0.2745801538320831 neg 0.2608685789071278	false	0.5
beschwerde	neg 1.0		__DUMMY__ 0.4685150556466161 off 0.26848441733894096 neg 0.2630005270144429	false	0.5
stocken	neg 1.0		__DUMMY__ 0.4696061148895975 off 0.2683280834517818 neg 0.2620658016586207	false	0.5
isolieren	neg 1.0		__DUMMY__ 0.4682737065671081 off 0.26976202050176 neg 0.26196427293113184	false	0.5
unheilbar	neg 1.0		__DUMMY__ 0.4670035545685432 off 0.27367734849626985 neg 0.25931909693518707	false	0.5
pisser	off 1.0		__DUMMY__ 0.4618243392962736 off 0.28223116775094914 neg 0.2559444929527771	false	1.0
löschen	neg 1.0		__DUMMY__ 0.4677921188744359 off 0.2734422153177535 neg 0.2587656658078107	false	0.5
durchfallen	neg 1.0		__DUMMY__ 0.46611118578159194 off 0.26900717997821133 neg 0.2648816342401969	false	0.5
wichser	off 1.0	off 1.0	off 0.635251918039745 __DUMMY__ 0.2218694647634543 neg 0.1428786171968006	false	1.0
terror	neg 1.0		__DUMMY__ 0.46641964319934776 off 0.27707674525639175 neg 0.25650361154426043	false	0.5
krass	neg 1.0		__DUMMY__ 0.4618075429717456 off 0.28368544008094626 neg 0.2545070169473082	false	0.5
revolte	neg 1.0		__DUMMY__ 0.46671802149286457 off 0.27582200254947264 neg 0.2574599759576629	false	0.5
besorgt	neg 1.0		__DUMMY__ 0.4713733411497189 off 0.2727141479381441 neg 0.25591251091213696	false	0.5
nachlassen	neg 1.0		__DUMMY__ 0.47126564344221505 off 0.2689889449068429 neg 0.25974541165094217	false	0.5
alt	neg 1.0		__DUMMY__ 0.46767295841815326 off 0.2701598051542795 neg 0.26216723642756734	false	0.5
hundesohn	off 1.0		__DUMMY__ 0.45787756153025383 off 0.2902394782104292 neg 0.25188296025931695	false	1.0
als			__DUMMY__ 0.4679700028506352 off 0.2708599755523446 neg 0.2611700215970201	false	0.0
abschreckung	neg 1.0		__DUMMY__ 0.46923456045813405 off 0.26594327971884785 neg 0.2648221598230182	false	0.5
unqualifiziert	neg 1.0		__DUMMY__ 0.462662937173522 off 0.2769493628380654 neg 0.2603876999884124	false	0.5
abgewichst	off 1.0		__DUMMY__ 0.4689713623532989 off 0.2725352856011529 neg 0.25849335204554824	false	1.0
schwer	neg 1.0		__DUMMY__ 0.4666167813374996 off 0.2723987619061765 neg 0.2609844567563238	false	0.5
bedeutungslosigkeit	neg 1.0		__DUMMY__ 0.468867461006232 off 0.267191496279236 neg 0.26394104271453184	false	0.5
kapitulation	neg 1.0		__DUMMY__ 0.4691266947668065 off 0.26903290972918564 neg 0.26184039550400784	false	0.5
unscharf	neg 1.0		__DUMMY__ 0.4642683481223617 off 0.2755717387212672 neg 0.260159913156371	false	0.5
schwinden	neg 1.0		__DUMMY__ 0.46981609018990417 off 0.26722758891179493 neg 0.26295632089830073	false	0.5
versklavung	neg 1.0		__DUMMY__ 0.4669837436683059 off 0.2741690352538951 neg 0.2588472210777989	false	0.5
schlecht	neg 1.0		__DUMMY__ 0.46492768193955697 off 0.2806429625761761 neg 0.254429355484267	false	0.5
verhasst	neg 1.0		__DUMMY__ 0.4634254633283443 off 0.2737945889649472 neg 0.2627799477067084	false	0.5
beschweren	neg 1.0		__DUMMY__ 0.4658702977765891 off 0.27554205948289606 neg 0.2585876427405149	false	0.5
scheiden	neg 1.0		__DUMMY__ 0.4688884282805971 off 0.2738764428582718 neg 0.2572351288611311	false	0.5
frustriert	neg 1.0		__DUMMY__ 0.4667742950325794 off 0.27130474469838206 neg 0.26192096026903866	false	0.5
schimmelig	neg 1.0		__DUMMY__ 0.46618950127304587 off 0.2692547107202088 neg 0.26455578800674534	false	0.5
fisch	neg 1.0		__DUMMY__ 0.46834872599415656 off 0.26629324423760475 neg 0.2653580297682387	false	0.5
schmuggel	neg 1.0		__DUMMY__ 0.4693066713623888 off 0.26791050193850974 neg 0.2627828266991014	false	0.5
auffallen	neg 1.0		__DUMMY__ 0.4654483037404679 off 0.2764176527853956 neg 0.25813404347413665	false	0.5
konkurrenz	neg 1.0		__DUMMY__ 0.4702751341367579 off 0.2659322025824883 neg 0.26379266328075385	false	0.5
teufelskreis	neg 1.0	neg 1.0	neg 0.6192878955351997 __DUMMY__ 0.22623696706456328 off 0.15447513740023705	false	1.0
aufschreien	neg 1.0		__DUMMY__ 0.46433363735627825 off 0.2760959267868158 neg 0.25957043585690587	false	0.5
schuldner	neg 1.0		__DUMMY__ 0.46787749117286326 off 0.2660714635928128 neg 0.26605104523432405	false	0.5
missgeburt	off 1.0	off 1.0	off 0.632502087148984 __DUMMY__ 0.2225117398608807 neg 0.14498617299013522	false	1.0
arbeitslos	neg 1.0		__DUMMY__ 0.465990482007888 off 0.26941045558544724 neg 0.26459906240666475	false	0.5
befallen	neg 1.0		__DUMMY__ 0.4673689360398617 off 0.2713217381022432 neg 0.261309325857895	false	0.5
miesepetrig	off 1.0	off 1.0	off 0.6288848018137628 __DUMMY__ 0.22571770148177406 neg 0.1453974967044631	false	1.0
alarmieren	neg 1.0		__DUMMY__ 0.46373598803094973 off 0.2778020416194942 neg 0.25846197034955604	false	0.5
ungeduscht	off 1.0		__DUMMY__ 0.4635681347448863 off 0.27776854338963486 neg 0.2586633218654787	false	1.0
knappheit	neg 1.0		__DUMMY__ 0.4652981429196655 off 0.26836448125066015 neg 0.2663373758296744	false	0.5
schlange	neg 1.0		__DUMMY__ 0.4692618766617596 off 0.27631001848329256 neg 0.25442810485494777	false	0.5
harsch	neg 1.0		__DUMMY__ 0.4640698730601924 off 0.2858083499456801 neg 0.2501217769941275	false	0.5
lang	neg 1.0		__DUMMY__ 0.46775892608790487 off 0.2745965366062746 neg 0.2576445373058205	false	0.5
ziellos	neg 1.0		__DUMMY__ 0.46997651195060336 off 0.27012959425329414 neg 0.25989389379610256	false	0.5
selbstverliebt	neg 1.0		__DUMMY__ 0.4558924999757669 off 0.2911236877634767 neg 0.2529838122607564	false	0.5
beseitigen	neg 1.0		__DUMMY__ 0.46812027418376806 off 0.27162236705821513 neg 0.2602573587580167	false	0.5
dumm	off 1.0		__DUMMY__ 0.4598215780201052 off 0.2866345259790853 neg 0.25354389600080957	false	1.0
arbeitsloser	neg 1.0		__DUMMY__ 0.46834458852546085 off 0.27033992557042974 neg 0.26131548590410936	false	0.5
blitzen	neg 1.0		__DUMMY__ 0.4657399670902692 off 0.27700029939909554 neg 0.2572597335106352	false	0.5
hilflos	neg 1.0		__DUMMY__ 0.4670614201499591 off 0.27084140839658744 neg 0.2620971714534535	false	0.5
eklig	off 1.0		__DUMMY__ 0.4579963374934629 off 0.2867343264326665 neg 0.2552693360738704	false	1.0
begriff			__DUMMY__ 0.4665119578805652 off 0.27210274569799586 neg 0.2613852964214388	false	0.0
hungersnot	neg 1.0		__DUMMY__ 0.4691755329764334 off 0.27075918481485506 neg 0.2600652822087115	false	0.5
ungesetzlich	neg 1.0		__DUMMY__ 0.4636476258438396 off 0.2728339629046421 neg 0.2635184112515181	false	0.5
verschwendung	neg 1.0		__DUMMY__ 0.4685649011957304 off 0.2680544531252911 neg 0.26338064567897845	false	0.5
schmerzvoll	neg 1.0		__DUMMY__ 0.4663704882752857 off 0.27538871882138855 neg 0.25824079290332586	false	0.5
vorzeitig	neg 1.0		__DUMMY__ 0.466369707361088 off 0.27679525882992767 neg 0.2568350338089843	false	0.5
unvollkommenheit	neg 1.0		__DUMMY__ 0.4712326330878687 off 0.2711444663087183 neg 0.2576229006034131	false	0.5
intervenieren	neg 1.0		__DUMMY__ 0.46793757761435273 off 0.267556038027939 neg 0.26450638435770824	false	0.5
banause	off 1.0		__DUMMY__ 0.45568128082416737 off 0.2891784413902275 neg 0.25514027778560516	false	1.0
rebell	neg 1.0		__DUMMY__ 0.4703926028482525 neg 0.2656732521349708 off 0.2639341450167766	false	1.0
unlogisch	neg 1.0		__DUMMY__ 0.4611240811889243 off 0.28220661194056124 neg 0.2566693068705144	false	0.5
leiden	neg 1.0		__DUMMY__ 0.4704769539494491 off 0.26743414775737856 neg 0.2620888982931723	false	0.5
abschaffung	neg 1.0		__DUMMY__ 0.46662883224882723 off 0.27344971099136545 neg 0.25992145675980743	false	0.5
sturz	neg 1.0		__DUMMY__ 0.4691890089628508 off 0.2742189086777324 neg 0.2565920823594166	false	0.5
verkleinerung	neg 1.0		__DUMMY__ 0.4632235361743154 off 0.2756673209060593 neg 0.26110914291962534	false	0.5
schmarotzer	off 1.0		__DUMMY__ 0.46495055655016576 off 0.2700063314016901 neg 0.2650431120481443	false	1.0
bestrafung	neg 1.0		__DUMMY__ 0.4666614485749317 off 0.27454395867071457 neg 0.2587945927543537	false	0.5
achtlos	neg 1.0	neg 1.0	neg 0.6173278407608322 __DUMMY__ 0.2277773143933869 off 0.15489484484578098	false	1.0
ungeheuer	neg 1.0		__DUMMY__ 0.4673842653438389 off 0.27678810492257416 neg 0.25582762973358675	false	0.5
unaufrichtig	neg 1.0		__DUMMY__ 0.4673273252629647 off 0.27750818291369556 neg 0.25516449182333967	false	0.5
groggy	neg 1.0		__DUMMY__ 0.46623038928430266 off 0.27708760297560453 neg 0.25668200774009287	false	0.5
verletzlich	neg 1.0		__DUMMY__ 0.4624273829522471 off 0.2800752143241363 neg 0.2574974027236165	false	0.5
ablehnen	neg 1.0		__DUMMY__ 0.46706792831919536 off 0.269407481927296 neg 0.26352458975350856	false	0.5
