unsolidarisch	neg 1.0		off 0.3424146091402913 neg 0.3318408247771685 __DUMMY__ 0.3257445660825402	false	0.5
nachteilig	neg 1.0		off 0.3389856781745964 neg 0.332422768557187 __DUMMY__ 0.3285915532682167	false	0.5
skeptisch	neg 1.0		off 0.3386242801289018 neg 0.3322993804304523 __DUMMY__ 0.3290763394406459	false	0.5
schrecklich	neg 1.0		off 0.3548179678603012 __DUMMY__ 0.3245095188319892 neg 0.3206725133077097	false	0.5
schlapp	neg 1.0		off 0.3507838755143019 __DUMMY__ 0.3262481188611198 neg 0.3229680056245784	false	0.5
abfall	neg 1.0		off 0.3354112920847215 neg 0.3335281816330264 __DUMMY__ 0.331060526282252	false	0.5
widerspenstig	neg 1.0		off 0.3448527379216631 __DUMMY__ 0.32789202437866105 neg 0.32725523769967585	false	0.5
abrupt	neg 1.0		off 0.34122587959405126 __DUMMY__ 0.33082468888708944 neg 0.3279494315188594	false	0.5
unwirksam	neg 1.0		off 0.34231396164149297 neg 0.3322119818785705 __DUMMY__ 0.32547405647993655	false	0.5
angreifen	neg 1.0		off 0.3383112135567768 neg 0.33288010197233747 __DUMMY__ 0.32880868447088574	false	0.5
inkonsistent	neg 1.0		off 0.34452423457933096 neg 0.3292194100163861 __DUMMY__ 0.32625635540428294	false	0.5
abrutschen	neg 1.0		off 0.3354655087751616 neg 0.33425705274622913 __DUMMY__ 0.33027743847860935	false	0.5
unsicher	neg 1.0		off 0.3447576648606707 __DUMMY__ 0.32843133877622643 neg 0.32681099636310285	false	0.5
bauernkind	off 1.0	off 1.0	off 0.6646343252462019 neg 0.18145540542191238 __DUMMY__ 0.1539102693318857	false	1.0
angreifer	neg 1.0	neg 1.0	neg 0.6488327101877585 off 0.19216853034563428 __DUMMY__ 0.1589987594666073	false	1.0
trennen	neg 1.0		off 0.339666810958904 __DUMMY__ 0.330889213710912 neg 0.32944397533018405	false	0.5
schmutz	neg 1.0		off 0.34819197161431026 __DUMMY__ 0.32972139745799456 neg 0.3220866309276951	false	0.5
inkonsistenz	neg 1.0		off 0.34796149424254 neg 0.3290100076118762 __DUMMY__ 0.3230284981455837	false	0.5
erschreckend	neg 1.0		off 0.3429045373661788 neg 0.32980748819823474 __DUMMY__ 0.32728797443558644	false	0.5
ertrinken	neg 1.0		off 0.3396259319168045 neg 0.3307741740776723 __DUMMY__ 0.3295998940055231	false	0.5
pickelface	off 1.0		off 0.3437981206501705 __DUMMY__ 0.32862156962321154 neg 0.3275803097266179	false	1.0
seiner			off 0.33935328816891525 neg 0.33121942157553047 __DUMMY__ 0.32942729025555434	false	0.0
lauch	neg 1.0		off 0.3370383292305962 neg 0.33166490692818995 __DUMMY__ 0.33129676384121387	false	0.5
unwichtig	neg 1.0		off 0.3489116021687196 neg 0.3262326586594884 __DUMMY__ 0.3248557391717921	false	0.5
steuerhinterziehung	neg 1.0	neg 1.0	neg 0.65295918807168 off 0.18850499486742275 __DUMMY__ 0.15853581706089723	false	1.0
schock	neg 1.0		off 0.34415766849706403 __DUMMY__ 0.32897849060585516 neg 0.32686384089708076	false	0.5
beule	neg 1.0		off 0.3513766382718936 __DUMMY__ 0.32528948295105653 neg 0.32333387877704994	false	0.5
vergelten	neg 1.0		off 0.35474808813957937 __DUMMY__ 0.3265243088352053 neg 0.31872760302521547	false	0.5
verdorbenheit	neg 1.0		off 0.34683302752782785 __DUMMY__ 0.32964479270923147 neg 0.32352217976294056	false	0.5
trauma	neg 1.0		off 0.34557153729945067 __DUMMY__ 0.327621889601307 neg 0.3268065730992424	false	0.5
sinnlos	neg 1.0		off 0.3468726366247741 __DUMMY__ 0.32701657586485766 neg 0.32611078751036837	false	0.5
fettsack	off 1.0	off 1.0	off 0.6660681586049848 neg 0.1792732509006914 __DUMMY__ 0.15465859049432387	false	1.0
feige	off 1.0	off 1.0	off 0.6628814700872361 neg 0.1808381550734688 __DUMMY__ 0.15628037483929516	false	1.0
abdanken	neg 1.0		off 0.3438943346414819 __DUMMY__ 0.32835960732789415 neg 0.32774605803062384	false	0.5
wichtigtuer	off 1.0	off 1.0	off 0.6615550223043835 neg 0.18139044225451986 __DUMMY__ 0.1570545354410967	false	1.0
misslingen	neg 1.0		off 0.3475275582991808 __DUMMY__ 0.3308357822541899 neg 0.3216366594466293	false	0.5
untreu	off 1.0		off 0.3502142765554849 __DUMMY__ 0.3255171740781251 neg 0.32426854936638994	false	1.0
missmutig	neg 1.0		off 0.34999448092794816 __DUMMY__ 0.32646692506430663 neg 0.32353859400774526	false	0.5
hurenbock	off 1.0		off 0.3475715166943595 __DUMMY__ 0.3283151288523087 neg 0.32411335445333184	false	1.0
betrunken	neg 1.0		off 0.3526247119791263 __DUMMY__ 0.32561273500174276 neg 0.3217625530191308	false	0.5
korrupt	off 1.0		off 0.3398086301025437 neg 0.3338104354647623 __DUMMY__ 0.3263809344326939	false	1.0
unmut	neg 1.0		off 0.3358728172434193 neg 0.33349061313303097 __DUMMY__ 0.33063656962354976	false	0.5
hackfresse	off 1.0		off 0.35797657749399486 __DUMMY__ 0.32223795986108233 neg 0.31978546264492275	false	1.0
aufblasen	neg 1.0		off 0.34705825512003335 __DUMMY__ 0.32784248110286224 neg 0.32509926377710435	false	0.5
gewaltsam	neg 1.0		off 0.34341377410720847 __DUMMY__ 0.3290919985392991 neg 0.32749422735349226	false	0.5
unbeliebtheit	neg 1.0		off 0.34772711608579937 neg 0.32741713846605375 __DUMMY__ 0.32485574544814677	false	0.5
sturheit	neg 1.0		off 0.34220178353926023 neg 0.33033822824975234 __DUMMY__ 0.3274599882109874	false	0.5
kuh	neg 1.0		off 0.3450463091967657 neg 0.3308462615506143 __DUMMY__ 0.32410742925262004	false	0.5
erschrecken	neg 1.0		off 0.35002720923132724 __DUMMY__ 0.327046847830571 neg 0.3229259429381018	false	0.5
opfer	neg 1.0		off 0.3404890439345613 neg 0.3305212267890377 __DUMMY__ 0.32898972927640097	false	0.5
sinken	neg 1.0		off 0.33701060504590663 neg 0.33206035878413565 __DUMMY__ 0.33092903616995767	false	0.5
stinktier	neg 1.0		off 0.3527200454339478 neg 0.3266842250859425 __DUMMY__ 0.32059572948010967	false	0.5
tucke	off 1.0		off 0.3582805436457531 neg 0.32107839336899013 __DUMMY__ 0.32064106298525685	false	1.0
ein			off 0.3460384564018406 __DUMMY__ 0.3278613979062203 neg 0.326100145691939	false	0.0
abstieg	neg 1.0		off 0.3399079235154636 neg 0.33008977302080955 __DUMMY__ 0.33000230346372683	false	0.5
missverstehen	neg 1.0		off 0.34634141179872197 neg 0.32866825827433555 __DUMMY__ 0.3249903299269424	false	0.5
ergebnislos	neg 1.0		off 0.33951388187920084 neg 0.3304112105058232 __DUMMY__ 0.3300749076149759	false	0.5
unter			neg 0.334102254085505 __DUMMY__ 0.3339377427696006 off 0.3319600031448945	false	0.0
manipulieren	neg 1.0		off 0.3384154295144943 neg 0.3320575944518641 __DUMMY__ 0.3295269760336415	false	0.5
unbewiesen	neg 1.0		off 0.3418200735955346 neg 0.3330928684568363 __DUMMY__ 0.32508705794762927	false	0.5
verschleppen	neg 1.0		off 0.34043100256722664 neg 0.3311866210517691 __DUMMY__ 0.32838237638100415	false	0.5
weib	off 1.0		off 0.3570997911674507 neg 0.322973251247682 __DUMMY__ 0.3199269575848672	false	1.0
opposition	neg 1.0		off 0.34545671642827563 neg 0.3281811026921982 __DUMMY__ 0.32636218087952606	false	0.5
verkehrswidrig	neg 1.0		off 0.3566882407909875 __DUMMY__ 0.32701353798350546 neg 0.316298221225507	false	0.5
inkorrekt	neg 1.0		off 0.3523988239589702 neg 0.32472030579811695 __DUMMY__ 0.3228808702429128	false	0.5
vermeiden	neg 1.0	neg 1.0	neg 0.6543299125305102 off 0.18501777084035598 __DUMMY__ 0.1606523166291338	false	1.0
abweichung	neg 1.0		off 0.34006017721130305 neg 0.33133831748323256 __DUMMY__ 0.32860150530546434	false	0.5
alkoholisiert	neg 1.0		off 0.34015281552767657 __DUMMY__ 0.3300922323193614 neg 0.32975495215296197	false	0.5
scheiss	off 1.0	off 1.0	off 0.6637068163356105 neg 0.17955838124363943 __DUMMY__ 0.15673480242075008	false	1.0
herausforderung	neg 1.0		off 0.33882461329920155 neg 0.3317571493249046 __DUMMY__ 0.3294182373758938	false	0.5
pervers	off 1.0		off 0.3613882328016085 __DUMMY__ 0.32057945209196786 neg 0.3180323151064237	false	1.0
wackelig	neg 1.0		off 0.343927456344008 __DUMMY__ 0.3305593898884116 neg 0.32551315376758044	false	0.5
verwickeln	neg 1.0		off 0.3457471991473697 neg 0.32904489239585405 __DUMMY__ 0.3252079084567764	false	0.5
vorwand	neg 1.0		off 0.33780923621994036 neg 0.33320801957640295 __DUMMY__ 0.32898274420365675	false	0.5
muschi	off 1.0		off 0.343955531255198 __DUMMY__ 0.3285819489152103 neg 0.3274625198295917	false	1.0
entmutigung	neg 1.0		off 0.3455838708655199 __DUMMY__ 0.32723157614037235 neg 0.32718455299410776	false	0.5
unangemessen	neg 1.0		off 0.34111608435373947 neg 0.3323422736103655 __DUMMY__ 0.3265416420358952	false	0.5
unstetig	neg 1.0		off 0.347798375615857 __DUMMY__ 0.32726753827549204 neg 0.32493408610865093	false	0.5
entmutigen	neg 1.0		off 0.3452846265844536 neg 0.32745447709292214 __DUMMY__ 0.32726089632262434	false	0.5
schwanz	neg 1.0		off 0.3411836349135567 neg 0.3294519467037068 __DUMMY__ 0.3293644183827365	false	0.5
verbot	neg 1.0		off 0.3407862754922156 neg 0.3309882031635335 __DUMMY__ 0.32822552134425087	false	0.5
leid	neg 1.0		off 0.3556938326613834 __DUMMY__ 0.32280517415951704 neg 0.3215009931790996	false	0.5
archaisch	neg 1.0		off 0.3425626038527619 neg 0.3295979293976511 __DUMMY__ 0.327839466749587	false	0.5
gegen			off 0.3370752548373049 neg 0.3319970572081906 __DUMMY__ 0.3309276879545045	false	0.0
scheidung	neg 1.0		off 0.3685360341818371 __DUMMY__ 0.3223043638275042 neg 0.3091596019906587	false	0.5
einschlag	neg 1.0		off 0.353367445036375 __DUMMY__ 0.324886359741237 neg 0.32174619522238795	false	0.5
m			off 0.34248728022172914 __DUMMY__ 0.32940541245308025 neg 0.32810730732519067	false	0.0
abgestanden	neg 1.0		off 0.3446581872714143 neg 0.3285811859174076 __DUMMY__ 0.3267606268111782	false	0.5
schmierig	off 1.0		off 0.3556736532902753 __DUMMY__ 0.32403681908710275 neg 0.32028952762262186	false	1.0
unpraktisch	neg 1.0		off 0.34660470264087184 __DUMMY__ 0.32768692790878057 neg 0.3257083694503476	false	0.5
wixxer	off 1.0		off 0.3607002328652715 neg 0.31988737046173754 __DUMMY__ 0.31941239667299104	false	1.0
bezeichnet			off 0.3432502796907433 neg 0.330513637725609 __DUMMY__ 0.3262360825836478	false	0.0
jammerlappen	off 1.0		off 0.350314500880555 __DUMMY__ 0.3264617114922165 neg 0.3232237876272284	false	1.0
farce	neg 1.0		off 0.34197022816338396 neg 0.3301412053300912 __DUMMY__ 0.3278885665065248	false	0.5
zwecklos	neg 1.0		off 0.3413353918508385 neg 0.3312918308223736 __DUMMY__ 0.3273727773267878	false	0.5
turbulent	neg 1.0		off 0.3508452431399429 neg 0.32463989376540425 __DUMMY__ 0.3245148630946529	false	0.5
invasion	neg 1.0		off 0.3465526304961608 __DUMMY__ 0.3269204845483668 neg 0.32652688495547244	false	0.5
schuld	neg 1.0		off 0.34488279942451516 neg 0.3286761691630721 __DUMMY__ 0.3264410314124127	false	0.5
risiko	neg 1.0	neg 1.0	neg 0.6496184306776268 off 0.19149584136420628 __DUMMY__ 0.15888572795816677	false	1.0
finster	neg 1.0		off 0.34513994488513566 neg 0.3286669625437737 __DUMMY__ 0.3261930925710906	false	0.5
geisteskrank	off 1.0		off 0.3500641391247241 neg 0.32683423866190725 __DUMMY__ 0.3231016222133687	false	1.0
zusammenbrechen	neg 1.0		off 0.3422883162367677 neg 0.3293709981279626 __DUMMY__ 0.32834068563526975	false	0.5
ausbeute	neg 1.0		off 0.34386517664276883 __DUMMY__ 0.3329924981300314 neg 0.3231423252271997	false	0.5
hinterhalt	neg 1.0		off 0.345741814284243 __DUMMY__ 0.33219481800720524 neg 0.3220633677085519	false	0.5
kritik	neg 1.0		off 0.34150272117698266 neg 0.33082672479405434 __DUMMY__ 0.32767055402896306	false	0.5
einschrumpfen	neg 1.0		off 0.3481128340232748 neg 0.3265149222475835 __DUMMY__ 0.3253722437291418	false	0.5
riskant	neg 1.0		off 0.3386638946001282 neg 0.33316164795349945 __DUMMY__ 0.3281744574463723	false	0.5
frustrieren	neg 1.0		off 0.3399959527507492 neg 0.33172628122881104 __DUMMY__ 0.32827776602043984	false	0.5
groll	neg 1.0		off 0.3407648575418612 neg 0.33176425890213196 __DUMMY__ 0.32747088355600684	false	0.5
gibt			off 0.3425330995547237 neg 0.3289321745407181 __DUMMY__ 0.3285347259045581	false	0.0
qualvoll	neg 1.0		off 0.34824360085321543 __DUMMY__ 0.3270615446966284 neg 0.32469485445015617	false	0.5
wackeln	neg 1.0		off 0.3466282099641022 __DUMMY__ 0.32897383907071387 neg 0.324397950965184	false	0.5
klagen	neg 1.0		off 0.3362613778241527 neg 0.333903603221023 __DUMMY__ 0.3298350189548243	false	0.5
bankrott	neg 1.0		off 0.3500141747229572 __DUMMY__ 0.3271541773421316 neg 0.32283164793491126	false	0.5
trauern	neg 1.0		off 0.3411499690754514 __DUMMY__ 0.330493815841142 neg 0.32835621508340657	false	0.5
ablehnung	neg 1.0		off 0.34106657127580137 neg 0.3313012253635135 __DUMMY__ 0.3276322033606853	false	0.5
stur	neg 1.0		off 0.34525340455738895 neg 0.32817540470894313 __DUMMY__ 0.32657119073366786	false	0.5
aufruhr	neg 1.0		off 0.3434866485578988 __DUMMY__ 0.32854388443052907 neg 0.3279694670115722	false	0.5
melancholie	neg 1.0		off 0.3417271870926578 __DUMMY__ 0.3296102350847864 neg 0.3286625778225557	false	0.5
ist			off 0.3467134677203833 __DUMMY__ 0.32720742302353506 neg 0.32607910925608163	false	0.0
torheit	neg 1.0		off 0.34456958303762936 neg 0.3279742013109141 __DUMMY__ 0.3274562156514566	false	0.5
dreckskind	off 1.0		off 0.3557466644398625 neg 0.3230378285721506 __DUMMY__ 0.3212155069879869	false	1.0
umtauschen	neg 1.0		off 0.3445376563774351 __DUMMY__ 0.32831571178957397 neg 0.32714663183299086	false	0.5
zum			off 0.33668495428915557 __DUMMY__ 0.33414261862243283 neg 0.3291724270884116	false	0.0
zersetzen	neg 1.0		off 0.3376276224487428 neg 0.33409934952234777 __DUMMY__ 0.3282730280289094	false	0.5
zur			off 0.3347024622319921 __DUMMY__ 0.3328632113434806 neg 0.33243432642452725	false	0.0
frust	neg 1.0		off 0.3425273396970296 neg 0.32880787019425645 __DUMMY__ 0.3286647901087139	false	0.5
unerbittlichkeit	neg 1.0		off 0.338268091025843 neg 0.3326461268192416 __DUMMY__ 0.32908578215491546	false	0.5
zwei			off 0.33754099580953056 __DUMMY__ 0.3333105750288633 neg 0.32914842916160614	false	0.0
unkorrekt	neg 1.0		off 0.35287789143231757 __DUMMY__ 0.3240513777722855 neg 0.323070730795397	false	0.5
hexe	off 1.0		off 0.348953016183097 neg 0.3269011811541573 __DUMMY__ 0.3241458026627456	false	1.0
lasch	neg 1.0		off 0.34763942385429764 neg 0.3274358601545011 __DUMMY__ 0.32492471599120126	false	0.5
rivale	neg 1.0		off 0.35228394048038697 __DUMMY__ 0.3248075466696616 neg 0.3229085128499515	false	0.5
mutlos	off 1.0	off 1.0	off 0.6572273605540655 neg 0.18439032726216306 __DUMMY__ 0.15838231218377144	false	1.0
wirr	off 1.0		off 0.35311003650754647 neg 0.3239655685398921 __DUMMY__ 0.3229243949525614	false	1.0
jahr			off 0.3413117037467739 __DUMMY__ 0.33368261063413546 neg 0.3250056856190906	false	0.0
wird			off 0.34108071468294093 neg 0.3302887554860655 __DUMMY__ 0.32863052983099356	false	0.0
strafbar	neg 1.0		off 0.3391629170930156 neg 0.3327831989615508 __DUMMY__ 0.3280538839454337	false	0.5
erosion	neg 1.0		off 0.34539915817846484 __DUMMY__ 0.32890525667798853 neg 0.3256955851435467	false	0.5
eingehen	neg 1.0		off 0.3394566137919514 neg 0.3325154898834739 __DUMMY__ 0.3280278963245747	false	0.5
faul	off 1.0		off 0.3499685626968092 __DUMMY__ 0.32705648038064244 neg 0.32297495692254846	false	1.0
provisorium	neg 1.0		__DUMMY__ 0.33450590298308985 off 0.3332395992005293 neg 0.33225449781638094	false	0.5
schmerzen	neg 1.0		off 0.34266984919267945 neg 0.3300805367695073 __DUMMY__ 0.32724961403781333	false	0.5
schrumpfen	neg 1.0		neg 0.33625015774067757 off 0.33324445393181074 __DUMMY__ 0.3305053883275118	false	1.0
geistlos	off 1.0		off 0.3454558960386285 neg 0.330219093122147 __DUMMY__ 0.3243250108392245	false	1.0
fehlkauf	neg 1.0		off 0.34698078777798963 __DUMMY__ 0.327698795482227 neg 0.3253204167397833	false	0.5
frustrierend	neg 1.0		off 0.34863750401791904 __DUMMY__ 0.3261450508671452 neg 0.3252174451149357	false	0.5
unzufrieden	neg 1.0		off 0.3408786509181916 neg 0.3317544793956929 __DUMMY__ 0.32736686968611545	false	0.5
verzweifeln	neg 1.0		off 0.3431514904948704 neg 0.3289571020762487 __DUMMY__ 0.32789140742888084	false	0.5
verzweifelt	neg 1.0	neg 1.0	neg 0.6521842966066318 off 0.1905070579804009 __DUMMY__ 0.15730864541296732	false	1.0
misstrauensantrag	neg 1.0		off 0.34684120282933756 __DUMMY__ 0.32696613201486735 neg 0.32619266515579504	false	0.5
abfallen	neg 1.0		off 0.3464850632317283 __DUMMY__ 0.32868537101408474 neg 0.324829565754187	false	0.5
fucker	off 1.0		off 0.353598769210421 __DUMMY__ 0.32556806654053677 neg 0.32083316424904235	false	1.0
ungezogen	neg 1.0		off 0.3606648334991404 __DUMMY__ 0.3212196520053382 neg 0.31811551449552156	false	0.5
irrsinnig	neg 1.0	neg 1.0	neg 0.6517945712393545 off 0.19066817496871982 __DUMMY__ 0.15753725379192565	false	1.0
unfassbar	neg 1.0		off 0.3515756055068461 __DUMMY__ 0.32598349657075126 neg 0.32244089792240266	false	0.5
hart	neg 1.0		off 0.35066561952663955 __DUMMY__ 0.32553635846849754 neg 0.323798022004863	false	0.5
widerlich	off 1.0		off 0.35088022452023787 neg 0.3250524268360399 __DUMMY__ 0.32406734864372233	false	1.0
fatal	neg 1.0		off 0.3471148056958236 __DUMMY__ 0.3270732147771012 neg 0.3258119795270753	false	0.5
bruch	neg 1.0		off 0.3372640851392463 neg 0.33230710403153635 __DUMMY__ 0.3304288108292174	false	0.5
aushungern	neg 1.0		off 0.3422532783111014 neg 0.32917448179684217 __DUMMY__ 0.32857223989205625	false	0.5
anspannung	neg 1.0		off 0.33621569518716665 __DUMMY__ 0.3334761679196678 neg 0.33030813689316546	false	0.5
von			off 0.3419922109075833 __DUMMY__ 0.33450371250061317 neg 0.3235040765918035	false	0.0
kraftlos	neg 1.0		off 0.3423421502325201 __DUMMY__ 0.3292344386948365 neg 0.32842341107264345	false	0.5
vom			__DUMMY__ 0.33543998845947876 off 0.33470990637311315 neg 0.329850105167408	false	0.0
grenzdebil	off 1.0		off 0.35205001073183473 __DUMMY__ 0.325961061237581 neg 0.3219889280305842	false	1.0
vor			off 0.33868981985442353 __DUMMY__ 0.33111255352218727 neg 0.3301976266233892	false	0.0
unterwerfen	neg 1.0		off 0.3401878836479207 neg 0.33110952658618364 __DUMMY__ 0.32870258976589556	false	0.5
versenkung	neg 1.0		off 0.3412697750596024 __DUMMY__ 0.3298973029007829 neg 0.3288329220396148	false	0.5
entziehen	neg 1.0		off 0.3368801921243416 neg 0.33337170046765574 __DUMMY__ 0.32974810740800253	false	0.5
finanzkrise	neg 1.0		off 0.34240743353059255 neg 0.3303882135267236 __DUMMY__ 0.3272043529426837	false	0.5
schimpfend	neg 1.0		off 0.3467782594413765 __DUMMY__ 0.3271015555682789 neg 0.3261201849903447	false	0.5
profan	neg 1.0		off 0.3470829392728506 neg 0.32666861921377854 __DUMMY__ 0.3262484415133709	false	0.5
korruption	neg 1.0		off 0.3405856070076008 neg 0.33106199528798186 __DUMMY__ 0.32835239770441715	false	0.5
â			off 0.3421865169664999 __DUMMY__ 0.32992047740848307 neg 0.32789300562501694	false	0.0
schmutzig	neg 1.0		off 0.3528922494220105 __DUMMY__ 0.32624512611052603 neg 0.32086262446746344	false	0.5
sexy	neg 1.0		off 0.34912290513099725 __DUMMY__ 0.3272274543205653 neg 0.32364964054843737	false	0.5
abraten	neg 1.0		off 0.34682808123083536 __DUMMY__ 0.327105059963818 neg 0.3260668588053466	false	0.5
schwarz	neg 1.0		off 0.3462477549420032 __DUMMY__ 0.32719371305278544 neg 0.32655853200521134	false	0.5
fotze	off 1.0	off 1.0	off 0.6593446091799846 neg 0.18144833638771973 __DUMMY__ 0.15920705443229563	false	1.0
verwirren	neg 1.0		off 0.34782503706748036 __DUMMY__ 0.3264313385990487 neg 0.3257436243334709	false	0.5
zahnlos	off 1.0		off 0.3422072939835325 neg 0.3301569434157252 __DUMMY__ 0.32763576260074234	false	1.0
verheeren	neg 1.0		off 0.36274041331936263 __DUMMY__ 0.3217714810067237 neg 0.3154881056739135	false	0.5
hippie	neg 1.0		off 0.34863116168234054 __DUMMY__ 0.3272420099929506 neg 0.32412682832470885	false	0.5
rammen	neg 1.0		off 0.3455533833887792 neg 0.32806532122130816 __DUMMY__ 0.3263812953899127	false	0.5
unlauter	neg 1.0		off 0.34426388631553234 neg 0.32988966276520204 __DUMMY__ 0.3258464509192655	false	0.5
unheilvoll	neg 1.0		off 0.3470431342436588 __DUMMY__ 0.3276425776767876 neg 0.3253142880795536	false	0.5
niedrig	neg 1.0		off 0.3381009122601119 neg 0.3339597553437034 __DUMMY__ 0.3279393323961847	false	0.5
explosion	neg 1.0		off 0.34766769126183716 __DUMMY__ 0.3268765671699649 neg 0.3254557415681978	false	0.5
weichei	off 1.0	off 1.0	off 0.6668538722563956 neg 0.1777725276424961 __DUMMY__ 0.15537360010110834	false	1.0
minusmensch	off 1.0		off 0.358285690724356 neg 0.3211978420914448 __DUMMY__ 0.3205164671841992	false	1.0
farblos	neg 1.0		off 0.3445639319368526 __DUMMY__ 0.32845102767090006 neg 0.3269850403922472	false	0.5
unwissend	neg 1.0	neg 1.0	neg 0.6502502419338092 off 0.1930491039276584 __DUMMY__ 0.15670065413853243	false	1.0
traurig	neg 1.0		off 0.35421133002860355 __DUMMY__ 0.32505175552922727 neg 0.3207369144421692	false	0.5
senkung	neg 1.0		off 0.34644340119009487 neg 0.3280553943909908 __DUMMY__ 0.3255012044189142	false	0.5
ungleich	neg 1.0	neg 1.0	neg 0.6546327005029994 off 0.18687110224252793 __DUMMY__ 0.15849619725447264	false	1.0
heikel	neg 1.0		off 0.3386242675511767 neg 0.3332155050099908 __DUMMY__ 0.32816022743883244	false	0.5
drosselung	neg 1.0		off 0.3514397924838781 __DUMMY__ 0.3254312290318436 neg 0.3231289784842782	false	0.5
falsch	neg 1.0		off 0.3485220854697753 neg 0.32586373301740595 __DUMMY__ 0.3256141815128187	false	0.5
unzufriedenheit	neg 1.0		off 0.3375560986319217 neg 0.3330715928598631 __DUMMY__ 0.3293723085082152	false	0.5
kurz	neg 1.0		off 0.3442356437870373 __DUMMY__ 0.3300103147624271 neg 0.32575404145053577	false	0.5
unsinnig	neg 1.0		off 0.3418068179569466 neg 0.33138953197523563 __DUMMY__ 0.3268036500678177	false	0.5
penner	off 1.0	off 1.0	off 0.6679204238973027 neg 0.17679843263570563 __DUMMY__ 0.15528114346699162	false	1.0
seicht	neg 1.0		off 0.35910791552119425 neg 0.32059663567603136 __DUMMY__ 0.3202954488027744	false	0.5
dummheit	off 1.0	off 1.0	off 0.6616928067857556 neg 0.18138260690628968 __DUMMY__ 0.15692458630795478	false	1.0
unerfreulich	neg 1.0		off 0.33844574482743806 neg 0.3322403114889968 __DUMMY__ 0.3293139436835651	false	0.5
motherfucker	off 1.0	off 1.0	off 0.6648841235878891 neg 0.17818174148102917 __DUMMY__ 0.15693413493108174	false	1.0
pikiert	neg 1.0		off 0.3504042278389568 neg 0.3248273211537054 __DUMMY__ 0.3247684510073379	false	0.5
wrack	neg 1.0		off 0.34292820806353846 __DUMMY__ 0.32967411435548644 neg 0.327397677580975	false	0.5
gangster	neg 1.0		off 0.3486567014362484 __DUMMY__ 0.3271660308561564 neg 0.3241772677075952	false	0.5
krank	neg 1.0		off 0.35220329963691127 __DUMMY__ 0.32612220517570867 neg 0.32167449518738017	false	0.5
reich	neg 1.0		off 0.35136753720744923 __DUMMY__ 0.3271303968831671 neg 0.3215020659093839	false	0.5
gnadenlos	neg 1.0		off 0.3453732035487268 neg 0.32772936627414384 __DUMMY__ 0.32689743017712924	false	0.5
niedergeschlagen	neg 1.0		off 0.3432665587848717 __DUMMY__ 0.32871645194123406 neg 0.32801698927389433	false	0.5
terrorisieren	off 1.0	off 1.0	off 0.6579503140537197 neg 0.18300737857453056 __DUMMY__ 0.15904230737174962	false	1.0
sinnlosigkeit	neg 1.0		off 0.3417725650155513 neg 0.33030443094146045 __DUMMY__ 0.32792300404298813	false	0.5
behindern	neg 1.0		off 0.3439409980382049 __DUMMY__ 0.32839686940283175 neg 0.3276621325589633	false	0.5
undemokratisch	neg 1.0		off 0.3450021640829104 neg 0.3280473690698992 __DUMMY__ 0.3269504668471904	false	0.5
wirtschaftskrise	neg 1.0		off 0.34019708387375175 neg 0.33165794312028857 __DUMMY__ 0.3281449730059597	false	0.5
neid	neg 1.0		off 0.3495896362960815 __DUMMY__ 0.3271171449178602 neg 0.32329321878605827	false	0.5
rutschen	neg 1.0		off 0.33764105299111985 __DUMMY__ 0.33362477096326276 neg 0.32873417604561744	false	0.5
rezession	neg 1.0		off 0.3516107484764678 neg 0.32697257489668996 __DUMMY__ 0.32141667662684226	false	0.5
fehlgeburt	neg 1.0		off 0.34706371566990923 __DUMMY__ 0.32786680207672503 neg 0.3250694822533658	false	0.5
charakterschwach	off 1.0		off 0.35064915650628165 neg 0.325207010989509 __DUMMY__ 0.3241438325042093	false	1.0
isolation	neg 1.0		off 0.34877528242557465 __DUMMY__ 0.32670870969652016 neg 0.32451600787790513	false	0.5
ablenkung	neg 1.0		off 0.3451418388563687 __DUMMY__ 0.32843083025607256 neg 0.3264273308875588	false	0.5
pech	neg 1.0		off 0.34867528248398033 __DUMMY__ 0.32628532572667207 neg 0.32503939178934765	false	0.5
vermeidung	neg 1.0		off 0.3519450399172926 __DUMMY__ 0.32583664494784964 neg 0.32221831513485766	false	0.5
dominieren	neg 1.0		off 0.3407212136427045 __DUMMY__ 0.32967464813575076 neg 0.32960413822154483	false	0.5
schwindlig	neg 1.0		off 0.347880352711148 __DUMMY__ 0.32793685447593585 neg 0.3241827928129163	false	0.5
lutscher	neg 1.0		off 0.36009468335322364 __DUMMY__ 0.32068810325400965 neg 0.3192172133927666	false	0.5
pflicht	neg 1.0		off 0.33763733596366097 neg 0.33344661781029744 __DUMMY__ 0.32891604622604165	false	0.5
faschist	off 1.0		off 0.34810558274012837 __DUMMY__ 0.3265147271515276 neg 0.325379690108344	false	1.0
verschleudern	neg 1.0		off 0.3385388166042466 neg 0.33319845246671026 __DUMMY__ 0.32826273092904307	false	0.5
wenn			off 0.34908486354551727 __DUMMY__ 0.3260492681485877 neg 0.3248658683058951	false	0.0
ehebruch	neg 1.0		off 0.3407116598786725 neg 0.33068595252263955 __DUMMY__ 0.328602387598688	false	0.5
spott	off 1.0		off 0.3398768311913127 neg 0.3317323707033275 __DUMMY__ 0.3283907981053597	false	1.0
trostlosigkeit	neg 1.0		off 0.3384794138946165 __DUMMY__ 0.3307858956340817 neg 0.33073469047130183	false	0.5
lutschen	neg 1.0		off 0.34821009277418674 neg 0.3259556926129748 __DUMMY__ 0.32583421461283846	false	0.5
undiszipliniert	neg 1.0		off 0.35293691096613633 __DUMMY__ 0.32439976113039803 neg 0.32266332790346547	false	0.5
kopfschmerz	neg 1.0		off 0.3417005294478326 neg 0.3305724035477658 __DUMMY__ 0.32772706700440163	false	0.5
unvorhergesehen	neg 1.0		off 0.34118560601503056 __DUMMY__ 0.33165272662677897 neg 0.3271616673581905	false	0.5
desinteressiert	neg 1.0	neg 1.0	neg 0.6488669032037097 off 0.19466792592996013 __DUMMY__ 0.15646517086633022	false	1.0
armselig	off 1.0		off 0.35273483714600057 neg 0.32420436444223955 __DUMMY__ 0.32306079841175983	false	1.0
desaster	neg 1.0		off 0.3362450379042559 neg 0.3335467971439404 __DUMMY__ 0.33020816495180383	false	0.5
tod	neg 1.0		off 0.3430034475156036 __DUMMY__ 0.33087374636154687 neg 0.32612280612284944	false	0.5
herzlos	neg 1.0		off 0.3534911808410781 __DUMMY__ 0.3240545758290642 neg 0.3224542433298577	false	0.5
unwissenheit	neg 1.0		off 0.3411607556147935 neg 0.3310871226587763 __DUMMY__ 0.32775212172643015	false	0.5
widersinnig	neg 1.0		off 0.3398550149542692 neg 0.3340602477902759 __DUMMY__ 0.326084737255455	false	0.5
bedenklich	neg 1.0		off 0.33989688882360647 neg 0.3323560951679669 __DUMMY__ 0.3277470160084267	false	0.5
beanstanden	neg 1.0		off 0.33743369717503463 neg 0.33330175587855765 __DUMMY__ 0.3292645469464077	false	0.5
panisch	neg 1.0	neg 1.0	neg 0.6484411609761926 off 0.19267971224329167 __DUMMY__ 0.15887912678051563	false	1.0
debil	off 1.0		off 0.33346327786026586 __DUMMY__ 0.33335296233779116 neg 0.33318375980194304	false	1.0
abstrich	neg 1.0		off 0.3462769586766115 __DUMMY__ 0.3314666070324277 neg 0.32225643429096074	false	0.5
primitiv	neg 1.0		off 0.35090125056740573 neg 0.32531521300375316 __DUMMY__ 0.323783536428841	false	0.5
abschaum	off 1.0	off 1.0	off 0.6633320918041641 neg 0.17990636732421386 __DUMMY__ 0.15676154087162203	false	1.0
provozieren	neg 1.0		off 0.34433546340648785 neg 0.3297126319437232 __DUMMY__ 0.32595190464978896	false	0.5
tot	neg 1.0		off 0.34145236836642606 neg 0.3301400723076122 __DUMMY__ 0.32840755932596166	false	0.5
instabil	neg 1.0		off 0.35312969986516424 __DUMMY__ 0.32439490077679256 neg 0.3224753993580433	false	0.5
schwuchtel	off 1.0	off 1.0	off 0.6709859175338897 neg 0.1754433080769953 __DUMMY__ 0.15357077438911507	false	1.0
zerren	neg 1.0		off 0.3426648581773937 __DUMMY__ 0.32887483876618506 neg 0.32846030305642115	false	0.5
kinderficker	off 1.0		off 0.35662984588942853 __DUMMY__ 0.3233921680817939 neg 0.31997798602877764	false	1.0
gefahr	neg 1.0		off 0.33817898944644176 neg 0.33143456338980404 __DUMMY__ 0.33038644716375426	false	0.5
rabiat	neg 1.0		off 0.34472380076121745 __DUMMY__ 0.32782565064021535 neg 0.3274505485985673	false	0.5
verlangsamung	neg 1.0		off 0.3563056929672299 neg 0.323289838188925 __DUMMY__ 0.3204044688438451	false	0.5
ausgestorben	neg 1.0		off 0.34476474036779775 __DUMMY__ 0.32842149039810686 neg 0.3268137692340955	false	0.5
anklagen	neg 1.0		off 0.3413323748679743 neg 0.3298097229722808 __DUMMY__ 0.3288579021597449	false	0.5
trott	neg 1.0		off 0.3443595680913359 __DUMMY__ 0.3283390354403925 neg 0.3273013964682717	false	0.5
verminderung	neg 1.0		off 0.3514358281747519 __DUMMY__ 0.3246677150908768 neg 0.3238964567343714	false	0.5
nach			off 0.33617057047109933 __DUMMY__ 0.3338661064053497 neg 0.329963323123551	false	0.0
rost	neg 1.0		off 0.3565658380495557 __DUMMY__ 0.322667208986617 neg 0.32076695296382735	false	0.5
destruktiv	neg 1.0		off 0.34312220872266236 neg 0.33035268726304773 __DUMMY__ 0.3265251040142899	false	0.5
unzumutbarkeit	neg 1.0		off 0.35112674430605667 __DUMMY__ 0.32640528960202414 neg 0.3224679660919193	false	0.5
labil	off 1.0	off 1.0	off 0.6631265023367108 neg 0.17963858778276967 __DUMMY__ 0.15723490988051958	false	1.0
ziemlich	neg 1.0		off 0.35170324347306886 __DUMMY__ 0.32637897432096424 neg 0.32191778220596684	false	0.5
lachnummer	off 1.0		off 0.34406511443697346 neg 0.3293682419811358 __DUMMY__ 0.3265666435818907	false	1.0
oder			off 0.3460636919519483 __DUMMY__ 0.3282296505842935 neg 0.3257066574637582	false	0.0
verfall	neg 1.0		neg 0.33471098279914174 off 0.33400741879420753 __DUMMY__ 0.3312815984066507	false	1.0
ausgrenzung	neg 1.0		off 0.34588846907709764 neg 0.3271232081916529 __DUMMY__ 0.3269883227312495	false	0.5
unordnung	neg 1.0		off 0.3550637661629251 __DUMMY__ 0.3269501278537043 neg 0.3179861059833705	false	0.5
fehlverhalten	neg 1.0		off 0.3376683051759965 neg 0.3343850370541706 __DUMMY__ 0.327946657769833	false	0.5
eine			off 0.33898120300952084 neg 0.33053500874087005 __DUMMY__ 0.3304837882496091	false	0.0
nille	neg 1.0		off 0.3447358470796398 __DUMMY__ 0.3289168883263314 neg 0.3263472645940288	false	0.5
qual	neg 1.0		off 0.3439262405074749 __DUMMY__ 0.32848721131248476 neg 0.32758654818004046	false	0.5
verschwenden	neg 1.0		off 0.33923096723515456 neg 0.33283156464334823 __DUMMY__ 0.32793746812149716	false	0.5
riesig	neg 1.0		off 0.34148274361448866 __DUMMY__ 0.3298550934534017 neg 0.32866216293210965	false	0.5
verurteilen	neg 1.0		off 0.3405214634879937 neg 0.33232400788581745 __DUMMY__ 0.32715452862618877	false	0.5
klischee	neg 1.0	neg 1.0	neg 0.6507668854450939 off 0.1922528081042426 __DUMMY__ 0.1569803064506636	false	1.0
diktatorisch	neg 1.0		off 0.34503108543747024 neg 0.32831053017114215 __DUMMY__ 0.32665838439138756	false	0.5
vorhersehbar	neg 1.0		off 0.3468367099159405 neg 0.3280588758211843 __DUMMY__ 0.3251044142628752	false	0.5
sowie			off 0.35567011594334097 __DUMMY__ 0.32317924989578445 neg 0.3211506341608745	false	0.0
stornieren	neg 1.0		off 0.3491333529354967 __DUMMY__ 0.33018553793708616 neg 0.3206811091274172	false	0.5
besteuerung	neg 1.0		off 0.3435157692477255 neg 0.3310001832899817 __DUMMY__ 0.32548404746229287	false	0.5
ungeschminkt	neg 1.0		off 0.35039631996052045 neg 0.32610701752345667 __DUMMY__ 0.3234966625160227	false	0.5
kritisch	neg 1.0		off 0.3398560996450708 neg 0.33198463621477275 __DUMMY__ 0.3281592641401564	false	0.5
schlamperei	off 1.0		off 0.33945656127254853 neg 0.33069832957776857 __DUMMY__ 0.32984510914968274	false	1.0
sucht	neg 1.0	neg 1.0	neg 0.6471458116548671 off 0.1924668069719765 __DUMMY__ 0.16038738137315653	false	1.0
egoistisch	off 1.0		off 0.3557921242508 neg 0.322156772855653 __DUMMY__ 0.3220511028935469	false	1.0
ausbeuter	off 1.0		off 0.3372609300017778 neg 0.3352872310445985 __DUMMY__ 0.3274518389536236	false	1.0
arschgeburt	off 1.0		off 0.36289746531078887 neg 0.3190311859742966 __DUMMY__ 0.3180713487149146	false	1.0
schubs	neg 1.0		off 0.34265064508026233 neg 0.32870163869206864 __DUMMY__ 0.32864771622766903	false	0.5
unsolide	neg 1.0		off 0.3453880277305878 neg 0.328705973581647 __DUMMY__ 0.32590599868776526	false	0.5
beschwerde	neg 1.0		off 0.3397111713660863 neg 0.3315039571863643 __DUMMY__ 0.3287848714475495	false	0.5
stocken	neg 1.0		off 0.3397282013900339 neg 0.33069528815515165 __DUMMY__ 0.3295765104548144	false	0.5
isolieren	neg 1.0		off 0.3409962261836653 neg 0.33040100388346105 __DUMMY__ 0.3286027699328737	false	0.5
unheilbar	neg 1.0		off 0.3448406028912517 __DUMMY__ 0.32769386304372217 neg 0.32746553406502615	false	0.5
pisser	off 1.0		off 0.35289657361069426 __DUMMY__ 0.32393988452814354 neg 0.32316354186116225	false	1.0
löschen	neg 1.0		off 0.3447446746109564 __DUMMY__ 0.32827884404690616 neg 0.32697648134213747	false	0.5
durchfallen	neg 1.0		off 0.339885974582514 neg 0.3330511921141854 __DUMMY__ 0.3270628333033006	false	0.5
wichser	off 1.0	off 1.0	off 0.6696846910377438 neg 0.17576434792609105 __DUMMY__ 0.1545509610361652	false	1.0
terror	neg 1.0		off 0.34831458498828927 __DUMMY__ 0.327273360259133 neg 0.3244120547525777	false	0.5
krass	neg 1.0		off 0.35444114915690567 __DUMMY__ 0.3239189750157254 neg 0.32163987582736897	false	0.5
revolte	neg 1.0		off 0.3470057873372783 __DUMMY__ 0.32748381505580126 neg 0.3255103976069205	false	0.5
besorgt	neg 1.0		off 0.3445481282409457 __DUMMY__ 0.33085159074029347 neg 0.3246002810187609	false	0.5
nachlassen	neg 1.0		off 0.3407085610304761 __DUMMY__ 0.3307622016066463 neg 0.3285292373628777	false	0.5
alt	neg 1.0		off 0.3414033496202817 neg 0.33044377795595375 __DUMMY__ 0.3281528724237646	false	0.5
hundesohn	off 1.0		off 0.36050984550648324 __DUMMY__ 0.32109114242927583 neg 0.31839901206424087	false	1.0
als			off 0.34210087678460227 neg 0.32949838013769883 __DUMMY__ 0.3284007430776989	false	0.0
abschreckung	neg 1.0		off 0.33718449038979653 neg 0.33349695012258973 __DUMMY__ 0.3293185594876138	false	0.5
unqualifiziert	neg 1.0		off 0.34753487879544775 neg 0.3279046943933669 __DUMMY__ 0.32456042681118535	false	0.5
abgewichst	off 1.0		off 0.34398711895392714 __DUMMY__ 0.3291255967197979 neg 0.326887284326275	false	1.0
schwer	neg 1.0		off 0.34348060988498397 neg 0.3290891027352097 __DUMMY__ 0.32743028737980634	false	0.5
bedeutungslosigkeit	neg 1.0		off 0.3384185249229791 neg 0.3325216808701089 __DUMMY__ 0.32905979420691206	false	0.5
kapitulation	neg 1.0		off 0.3403561473176046 neg 0.3304101057713046 __DUMMY__ 0.32923374691109075	false	0.5
unscharf	neg 1.0		off 0.3464769969600662 neg 0.3278305053694116 __DUMMY__ 0.32569249767052216	false	0.5
schwinden	neg 1.0		off 0.33861711150028595 neg 0.331654783331112 __DUMMY__ 0.3297281051686021	false	0.5
versklavung	neg 1.0		off 0.3453342344157668 __DUMMY__ 0.3276757703832491 neg 0.3269899952009841	false	0.5
schlecht	neg 1.0		off 0.3517354190348912 __DUMMY__ 0.3261957907185566 neg 0.32206879024655205	false	0.5
verhasst	neg 1.0		off 0.3444073972318924 neg 0.3304691730635465 __DUMMY__ 0.325123429704561	false	0.5
beschweren	neg 1.0		off 0.3466047890716832 __DUMMY__ 0.3268863445950427 neg 0.326508866333274	false	0.5
scheiden	neg 1.0		off 0.3454128495098684 __DUMMY__ 0.32902262903105733 neg 0.32556452145907416	false	0.5
frustriert	neg 1.0		off 0.34236409762761294 neg 0.3300884631709459 __DUMMY__ 0.327547439201441	false	0.5
schimmelig	neg 1.0		off 0.340256554753929 neg 0.3326615687462412 __DUMMY__ 0.3270818764998298	false	0.5
fisch	neg 1.0		off 0.3375474875597975 neg 0.3338264248289769 __DUMMY__ 0.3286260876112255	false	0.5
schmuggel	neg 1.0		off 0.3392600660256369 neg 0.3313932156761874 __DUMMY__ 0.3293467182981756	false	0.5
auffallen	neg 1.0		off 0.3474497872126676 __DUMMY__ 0.3265779542605014 neg 0.325972258526831	false	0.5
konkurrenz	neg 1.0		off 0.337346596569953 neg 0.3325871046039678 __DUMMY__ 0.3300662988260793	false	0.5
teufelskreis	neg 1.0	neg 1.0	neg 0.6528651384788309 off 0.18949648714075262 __DUMMY__ 0.1576383743804165	false	1.0
aufschreien	neg 1.0		off 0.34693718636406307 neg 0.3272882292917556 __DUMMY__ 0.32577458434418133	false	0.5
schuldner	neg 1.0		off 0.33712290467467976 neg 0.3345516064443679 __DUMMY__ 0.32832548888095237	false	0.5
missgeburt	off 1.0	off 1.0	off 0.6670175305003094 neg 0.17798055465401222 __DUMMY__ 0.1550019148456782	false	1.0
arbeitslos	neg 1.0		off 0.3402741695170764 neg 0.33274353790631866 __DUMMY__ 0.326982292576605	false	0.5
befallen	neg 1.0		off 0.34248052015649494 neg 0.3295775338413711 __DUMMY__ 0.327941946002134	false	0.5
miesepetrig	off 1.0	off 1.0	off 0.6638887197166674 neg 0.17885395579796223 __DUMMY__ 0.15725732448537041	false	1.0
alarmieren	neg 1.0		off 0.3485853731331983 neg 0.32608662640566777 __DUMMY__ 0.32532800046113397	false	0.5
ungeduscht	off 1.0		off 0.3486282617731057 neg 0.3261795985937507 __DUMMY__ 0.32519213963314364	false	1.0
knappheit	neg 1.0		off 0.3390999633339717 neg 0.33444514000444286 __DUMMY__ 0.3264548966615855	false	0.5
schlange	neg 1.0		off 0.3479528098127832 __DUMMY__ 0.32932588476526387 neg 0.32272130542195304	false	0.5
harsch	neg 1.0		off 0.3569606722642948 __DUMMY__ 0.32555894336700825 neg 0.31748038436869697	false	0.5
lang	neg 1.0		off 0.34593010639067456 __DUMMY__ 0.3282571398417725 neg 0.325812753767553	false	0.5
ziellos	neg 1.0		off 0.3416613094704201 __DUMMY__ 0.32985476052407575 neg 0.3284839300055043	false	0.5
selbstverliebt	neg 1.0		off 0.3611526878237481 __DUMMY__ 0.31965327688439465 neg 0.31919403529185736	false	0.5
beseitigen	neg 1.0		off 0.3429242766033646 neg 0.3285943543598013 __DUMMY__ 0.3284813690368341	false	0.5
dumm	off 1.0		off 0.35714017187010694 __DUMMY__ 0.32249276442255825 neg 0.3203670637073347	false	1.0
arbeitsloser	neg 1.0		off 0.3415809031783934 neg 0.3297464448734392 __DUMMY__ 0.3286726519481675	false	0.5
blitzen	neg 1.0		off 0.3480922005141963 __DUMMY__ 0.32678957511006657 neg 0.325118224375737	false	0.5
hilflos	neg 1.0		off 0.3419391549764752 neg 0.3303082232858141 __DUMMY__ 0.32775262173771064	false	0.5
eklig	off 1.0		off 0.3569771260546749 neg 0.3218509914680524 __DUMMY__ 0.32117188247727274	false	1.0
begriff			off 0.3431381118505206 neg 0.329513509574844 __DUMMY__ 0.32734837857463545	false	0.0
hungersnot	neg 1.0		off 0.34217265365821653 __DUMMY__ 0.32925398821173396 neg 0.32857335813004956	false	0.5
ungesetzlich	neg 1.0		off 0.34341293279793134 neg 0.33131751055104686 __DUMMY__ 0.3252695566510219	false	0.5
verschwendung	neg 1.0		off 0.33928270740414973 neg 0.33187537705075176 __DUMMY__ 0.3288419155450985	false	0.5
schmerzvoll	neg 1.0		off 0.3465338770032424 __DUMMY__ 0.32724603273834535 neg 0.32622009025841225	false	0.5
vorzeitig	neg 1.0		off 0.3480001404232742 __DUMMY__ 0.3272190637244451 neg 0.3247807958522807	false	0.5
unvollkommenheit	neg 1.0		off 0.3429284299282294 __DUMMY__ 0.3307262005293513 neg 0.3263453695424193	false	0.5
intervenieren	neg 1.0		off 0.3386463119011638 neg 0.33297482671078255 __DUMMY__ 0.3283788613880535	false	0.5
banause	off 1.0		off 0.3591388041751909 neg 0.3213676006260475 __DUMMY__ 0.3194935951987616	false	1.0
rebell	neg 1.0		off 0.3353748748947767 neg 0.33449446540364025 __DUMMY__ 0.33013065970158295	false	0.5
unlogisch	neg 1.0		off 0.3527681836742534 neg 0.32379186364677565 __DUMMY__ 0.32343995267897097	false	0.5
leiden	neg 1.0		off 0.3389992603517124 neg 0.3308114387173018 __DUMMY__ 0.3301893009309858	false	0.5
abschaffung	neg 1.0		off 0.3445563616817729 neg 0.3280252538878101 __DUMMY__ 0.327418384430417	false	0.5
sturz	neg 1.0		off 0.3457682968365967 __DUMMY__ 0.32926018231293896 neg 0.3249715208504642	false	0.5
verkleinerung	neg 1.0		off 0.3463249258440609 neg 0.3287251990804365 __DUMMY__ 0.3249498750755026	false	0.5
schmarotzer	off 1.0		off 0.3407181312514365 neg 0.33305516963784854 __DUMMY__ 0.3262266991107149	false	1.0
bestrafung	neg 1.0		off 0.3456858602267362 __DUMMY__ 0.32745223191719314 neg 0.32686190785607083	false	0.5
achtlos	neg 1.0	neg 1.0	neg 0.6511180184882092 off 0.1901645357494329 __DUMMY__ 0.15871744576235794	false	1.0
ungeheuer	neg 1.0		off 0.34816188467642334 __DUMMY__ 0.32795539314774924 neg 0.3238827221758273	false	0.5
unaufrichtig	neg 1.0		off 0.3488440080454403 __DUMMY__ 0.3279158617040526 neg 0.3232401302505071	false	0.5
groggy	neg 1.0		off 0.3482348186716175 __DUMMY__ 0.3271520370805907 neg 0.32461314424779186	false	0.5
verletzlich	neg 1.0		off 0.3507809146377657 neg 0.32484108179025856 __DUMMY__ 0.3243780035719757	false	0.5
ablehnen	neg 1.0		off 0.34042380167375696 neg 0.33182309831906087 __DUMMY__ 0.3277531000071822	false	0.5
