unsolidarisch	neg 1.0		__DUMMY__ 0.9237066056017702 neg 0.03847672832670875 off 0.03781666607152101	false	1.0
nachteilig	neg 1.0		__DUMMY__ 0.9285184776084863 neg 0.03736189368954303 off 0.034119628701970744	false	1.0
skeptisch	neg 1.0		__DUMMY__ 0.9289596937705696 neg 0.037214567089251624 off 0.03382573914017873	false	1.0
schrecklich	neg 1.0		__DUMMY__ 0.9220971276725612 off 0.04488629219677379 neg 0.03301658013066497	false	0.5
schlapp	neg 1.0		__DUMMY__ 0.9250402694916615 off 0.0414159441207566 neg 0.03354378638758188	false	0.5
abfall	neg 1.0		__DUMMY__ 0.9322702484064705 neg 0.03682251010921499 off 0.03090724148431447	false	1.0
widerspenstig	neg 1.0		__DUMMY__ 0.9275523254056189 off 0.037413267852092424 neg 0.03503440674228857	false	0.5
abrupt	neg 1.0		__DUMMY__ 0.9322022904073644 off 0.0339341446292082 neg 0.033863564963427434	false	0.5
unwirksam	neg 1.0		__DUMMY__ 0.9234429519892483 neg 0.039170359730821815 off 0.03738668827992991	false	1.0
angreifen	neg 1.0		__DUMMY__ 0.9283570009492449 neg 0.03774056754125473 off 0.03390243150950038	false	1.0
inkonsistent	neg 1.0		__DUMMY__ 0.9249798677539279 off 0.037940976504257255 neg 0.037079155741814834	false	0.5
abrutschen	neg 1.0		__DUMMY__ 0.9308394836307139 neg 0.037785008827318015 off 0.03137550754196816	false	1.0
unsicher	neg 1.0		__DUMMY__ 0.9280286646424175 off 0.037505361814924094 neg 0.03446597354265835	false	0.5
bauernkind	off 1.0	off 1.0	off 0.5113468752048056 __DUMMY__ 0.451994095348934 neg 0.0366590294462605	false	1.0
angreifer	neg 1.0	neg 1.0	neg 0.4992686056509214 __DUMMY__ 0.4652404362920627 off 0.03549095805701597	false	1.0
trennen	neg 1.0		__DUMMY__ 0.9319447007182358 neg 0.03478797194315092 off 0.033267327338613255	false	1.0
schmutz	neg 1.0		__DUMMY__ 0.9308032895523869 off 0.03833718625652677 neg 0.030859524191086368	false	0.5
inkonsistenz	neg 1.0		__DUMMY__ 0.9194163377831422 off 0.04213082882635995 neg 0.038452833390497786	false	0.5
erschreckend	neg 1.0		__DUMMY__ 0.9260350410045146 off 0.037193040538986664 neg 0.03677191845649864	false	0.5
ertrinken	neg 1.0		__DUMMY__ 0.9298110917299036 neg 0.036186897049430164 off 0.03400201122066623	false	1.0
pickelface	off 1.0		__DUMMY__ 0.9285298980481267 off 0.03674156923065001 neg 0.03472853272122328	false	1.0
seiner			__DUMMY__ 0.9294558769369947 neg 0.03652092665294633 off 0.03402319641005895	false	0.0
lauch	neg 1.0		__DUMMY__ 0.9328566993992067 neg 0.03574857158343809 off 0.03139472901735516	false	1.0
unwichtig	neg 1.0		__DUMMY__ 0.9223928959074028 off 0.04160035103439548 neg 0.03600675305820177	false	0.5
steuerhinterziehung	neg 1.0	neg 1.0	neg 0.5034445859862232 __DUMMY__ 0.46405477170128373 off 0.03250064231249316	false	1.0
schock	neg 1.0		__DUMMY__ 0.9288223128599763 off 0.036815807374362214 neg 0.0343618797656614	false	0.5
beule	neg 1.0		__DUMMY__ 0.9235425606417667 off 0.04216117986712422 neg 0.03429625949110916	false	0.5
vergelten	neg 1.0		__DUMMY__ 0.9254502775415158 off 0.04405726425646817 neg 0.030492458202016123	false	0.5
verdorbenheit	neg 1.0		__DUMMY__ 0.9304428274735317 off 0.03747062630670917 neg 0.032086546219759204	false	0.5
trauma	neg 1.0		__DUMMY__ 0.9267566310867751 off 0.03826220233237656 neg 0.03498116658084833	false	0.5
sinnlos	neg 1.0		__DUMMY__ 0.9258311738404511 off 0.03938741933324063 neg 0.03478140682630814	false	0.5
fettsack	off 1.0	off 1.0	off 0.512221510335491 __DUMMY__ 0.45396507551012544 neg 0.033813414154383596	false	1.0
feige	off 1.0	off 1.0	off 0.5083498266952738 __DUMMY__ 0.45800331484766277 neg 0.03364685845706334	false	1.0
abdanken	neg 1.0		__DUMMY__ 0.9279158395142673 off 0.03739807932458704 neg 0.03468608116114566	false	0.5
wichtigtuer	off 1.0	off 1.0	off 0.5065120186520872 __DUMMY__ 0.46001103497326434 neg 0.033476946374648514	false	1.0
misslingen	neg 1.0		__DUMMY__ 0.9327104117750765 off 0.037388017480979634 neg 0.029901570743943832	false	0.5
untreu	off 1.0		__DUMMY__ 0.9235223332282195 off 0.04189884673887637 neg 0.034578820032904134	false	1.0
missmutig	neg 1.0		__DUMMY__ 0.925125441621745 off 0.04122883954456611 neg 0.033645718833688845	false	0.5
hurenbock	off 1.0		__DUMMY__ 0.9282578212216793 off 0.03871446426009342 neg 0.033027714518227266	false	1.0
betrunken	neg 1.0		__DUMMY__ 0.9239857603767396 off 0.04286981344483 neg 0.0331444261784303	false	0.5
korrupt	off 1.0		__DUMMY__ 0.9246383147503353 neg 0.03932788163673776 off 0.036033803612926976	false	0.5
unmut	neg 1.0		__DUMMY__ 0.9315043793500117 neg 0.03697060690101998 off 0.031525013748968295	false	1.0
hackfresse	off 1.0		__DUMMY__ 0.9185138288814998 off 0.047741581442451185 neg 0.033744589676048986	false	1.0
aufblasen	neg 1.0		__DUMMY__ 0.9273171831627149 off 0.03884179148489678 neg 0.03384102535238826	false	0.5
gewaltsam	neg 1.0		__DUMMY__ 0.9292327270964476 off 0.03633895891764709 neg 0.03442831398590538	false	0.5
unbeliebtheit	neg 1.0		__DUMMY__ 0.922506055838102 off 0.04098533774040995 neg 0.03650860642148815	false	0.5
sturheit	neg 1.0		__DUMMY__ 0.9263861331152803 off 0.03680807079875219 neg 0.03680579608596759	false	0.5
kuh	neg 1.0		__DUMMY__ 0.9214799689269996 neg 0.03929887928937049 off 0.03922115178362991	false	1.0
erschrecken	neg 1.0		__DUMMY__ 0.926035477916359 off 0.04101100584036595 neg 0.03295351624327508	false	0.5
opfer	neg 1.0		__DUMMY__ 0.928836548985176 neg 0.03621425040152948 off 0.034949200613294554	false	1.0
sinken	neg 1.0		__DUMMY__ 0.932190646117305 neg 0.03599652045703343 off 0.031812833425661644	false	1.0
stinktier	neg 1.0		__DUMMY__ 0.9155836614705645 off 0.04564098886641689 neg 0.03877534966301871	false	0.5
tucke	off 1.0		__DUMMY__ 0.9159932988817563 off 0.048574867378940706 neg 0.03543183373930304	false	1.0
ein			__DUMMY__ 0.9272774917847284 off 0.03816559504914295 neg 0.03455691316612856	false	0.0
abstieg	neg 1.0		__DUMMY__ 0.930555082355243 neg 0.03537413920467616 off 0.03407077844008084	false	1.0
missverstehen	neg 1.0		__DUMMY__ 0.9224783379820471 off 0.04021099295553972 neg 0.03731066906241311	false	0.5
ergebnislos	neg 1.0		__DUMMY__ 0.9307004928306579 neg 0.03547840259623162 off 0.03382110457311044	false	1.0
unter			__DUMMY__ 0.9369104496565425 neg 0.03580901620490221 off 0.027280534138555263	false	0.0
manipulieren	neg 1.0		__DUMMY__ 0.9298787433690117 neg 0.03660838639140413 off 0.03351287023958413	false	1.0
unbewiesen	neg 1.0		__DUMMY__ 0.9225945479074187 neg 0.039556866381077874 off 0.03784858571150339	false	1.0
verschleppen	neg 1.0		__DUMMY__ 0.9279766118259235 neg 0.036736670876567935 off 0.03528671729750864	false	1.0
weib	off 1.0		__DUMMY__ 0.9145292415612041 off 0.04850531964729388 neg 0.03696543879150193	false	1.0
opposition	neg 1.0		__DUMMY__ 0.9248567424937807 off 0.03862517260183573 neg 0.0365180849043836	false	0.5
verkehrswidrig	neg 1.0		__DUMMY__ 0.9264982656444649 off 0.04434494915098839 neg 0.029156785204546624	false	0.5
inkorrekt	neg 1.0		__DUMMY__ 0.9192649073185504 off 0.0447827090561996 neg 0.03595238362525	false	0.5
vermeiden	neg 1.0	neg 1.0	neg 0.5029934871064394 __DUMMY__ 0.4698328843825423 off 0.027173628511018306	false	1.0
abweichung	neg 1.0		__DUMMY__ 0.9286245745334689 neg 0.036670022410034434 off 0.034705403056496685	false	1.0
alkoholisiert	neg 1.0		__DUMMY__ 0.9311855440148651 neg 0.035538317496851914 off 0.033276138488283084	false	1.0
scheiss	off 1.0	off 1.0	off 0.5078989871605374 __DUMMY__ 0.4597622756665648 neg 0.03233873717289788	false	1.0
herausforderung	neg 1.0		__DUMMY__ 0.9297095183997021 neg 0.036724646539539725 off 0.03356583506075818	false	1.0
pervers	off 1.0		__DUMMY__ 0.9157989750908742 off 0.050576627043031425 neg 0.03362439786609446	false	1.0
wackelig	neg 1.0		__DUMMY__ 0.93176019507189 off 0.035560788005273375 neg 0.03267901692283656	false	0.5
verwickeln	neg 1.0		__DUMMY__ 0.9227748602397866 off 0.039805311986670026 neg 0.03741982777354329	false	0.5
vorwand	neg 1.0		__DUMMY__ 0.9288048035931362 neg 0.037744857971370775 off 0.03345033843549293	false	1.0
muschi	off 1.0		__DUMMY__ 0.9283651012120013 off 0.03692635576970655 neg 0.03470854301829213	false	1.0
entmutigung	neg 1.0		__DUMMY__ 0.9262504474261742 off 0.03879714837766605 neg 0.03495240419615976	false	0.5
unangemessen	neg 1.0		__DUMMY__ 0.9248434497517707 neg 0.03853884484612771 off 0.03661770540210153	false	1.0
unstetig	neg 1.0		__DUMMY__ 0.9266981122696805 off 0.03933106468338443 neg 0.03397082304693508	false	0.5
entmutigen	neg 1.0		__DUMMY__ 0.9262991267107888 off 0.03832319318485232 neg 0.03537768010435879	false	0.5
schwanz	neg 1.0		__DUMMY__ 0.9298152547976328 neg 0.03550701985121593 off 0.03467772535115129	false	1.0
verbot	neg 1.0		__DUMMY__ 0.9277190998708595 neg 0.03664297016552403 off 0.03563792996361648	false	1.0
leid	neg 1.0		__DUMMY__ 0.9193868720640523 off 0.04616219465025486 neg 0.03445093328569275	false	0.5
archaisch	neg 1.0		__DUMMY__ 0.9271334863322295 off 0.03659412571926805 neg 0.03627238794850244	false	0.5
gegen			__DUMMY__ 0.931854290815325 neg 0.03593277615016255 off 0.03221293303451243	false	0.0
scheidung	neg 1.0		__DUMMY__ 0.9186055852322728 off 0.054191452041581406 neg 0.027202962726145898	false	0.5
einschlag	neg 1.0		__DUMMY__ 0.9227376517358442 off 0.04388007245600868 neg 0.0333822758081471	false	0.5
m			__DUMMY__ 0.9296616201516863 off 0.035495894539534785 neg 0.03484248530877892	false	0.0
abgestanden	neg 1.0		__DUMMY__ 0.9259671144335961 off 0.037334652161058086 neg 0.03669823340534571	false	0.5
schmierig	off 1.0		__DUMMY__ 0.9214421829274227 off 0.04552729338240865 neg 0.03303052369016869	false	1.0
unpraktisch	neg 1.0		__DUMMY__ 0.9271989081331847 off 0.038458549784365186 neg 0.03434254208245006	false	0.5
wixxer	off 1.0		__DUMMY__ 0.9137822464285308 off 0.05080757662998727 neg 0.03541017694148196	false	1.0
bezeichnet			__DUMMY__ 0.924382975848294 off 0.037911319823099 neg 0.03770570432860702	false	0.0
jammerlappen	off 1.0		__DUMMY__ 0.92505587720663 off 0.041558780816405114 neg 0.033385341976965	false	1.0
farce	neg 1.0		__DUMMY__ 0.927266547713272 off 0.03639648716195892 neg 0.03633696512476903	false	0.5
zwecklos	neg 1.0		__DUMMY__ 0.9261672992262842 neg 0.03755491873161285 off 0.03627778204210308	false	1.0
turbulent	neg 1.0		__DUMMY__ 0.922068149942375 off 0.04262600849687801 neg 0.035305841560746974	false	0.5
invasion	neg 1.0		__DUMMY__ 0.925682312089392 off 0.03912315063904827 neg 0.03519453727155975	false	0.5
schuld	neg 1.0		__DUMMY__ 0.9247343356136575 off 0.03867732516212693 neg 0.0365883392242156	false	0.5
risiko	neg 1.0	neg 1.0	neg 0.49992682085813356 __DUMMY__ 0.46526419325758706 off 0.0348089858842793	false	1.0
finster	neg 1.0		__DUMMY__ 0.9247849661793722 off 0.038153180149581085 neg 0.03706185367104673	false	0.5
geisteskrank	off 1.0		__DUMMY__ 0.919498954204068 off 0.04322821043211221 neg 0.03727283536381982	false	1.0
zusammenbrechen	neg 1.0		__DUMMY__ 0.9277575096091226 off 0.03622526601735726 neg 0.03601722437352023	false	0.5
ausbeute	neg 1.0		__DUMMY__ 0.9359692097805888 off 0.03405487115501802 neg 0.02997591906439319	false	0.5
hinterhalt	neg 1.0		__DUMMY__ 0.9347590240474634 off 0.03569732388427492 neg 0.029543652068261792	false	0.5
kritik	neg 1.0		__DUMMY__ 0.9268554222057814 neg 0.03685854836462885 off 0.03628602942958978	false	1.0
einschrumpfen	neg 1.0		__DUMMY__ 0.92325172343398 off 0.04085118028892333 neg 0.035897096277096634	false	0.5
riskant	neg 1.0		__DUMMY__ 0.9273876389852924 neg 0.03828375977087625 off 0.034328601243831296	false	1.0
frustrieren	neg 1.0		__DUMMY__ 0.9276440449373614 neg 0.03734181312584175 off 0.03501414193679689	false	1.0
groll	neg 1.0		__DUMMY__ 0.9263733178309885 neg 0.03772270236738076 off 0.035903979801630785	false	1.0
gibt			__DUMMY__ 0.9280053214252373 off 0.03636002682045696 neg 0.03563465175430573	false	0.0
qualvoll	neg 1.0		__DUMMY__ 0.9260068832912256 off 0.03993910822146347 neg 0.03405400848731097	false	0.5
wackeln	neg 1.0		__DUMMY__ 0.9290331484785677 off 0.03811088381584798 neg 0.03285596770558447	false	0.5
klagen	neg 1.0		__DUMMY__ 0.9303204157235963 neg 0.03753536554706975 off 0.03214421872933407	false	1.0
bankrott	neg 1.0		__DUMMY__ 0.9262198561902979 off 0.04073161768139512 neg 0.03304852612830702	false	0.5
trauern	neg 1.0		__DUMMY__ 0.9314585323233967 off 0.03445217392189187 neg 0.03408929375471153	false	0.5
ablehnung	neg 1.0		__DUMMY__ 0.9267925523570811 neg 0.0371113705804726 off 0.03609607706244627	false	1.0
stur	neg 1.0		__DUMMY__ 0.925012886499089 off 0.03877574484293369 neg 0.03621136865797735	false	0.5
aufruhr	neg 1.0		__DUMMY__ 0.9282656417562632 off 0.03681381275822994 neg 0.03492054548550688	false	0.5
melancholie	neg 1.0		__DUMMY__ 0.9302806463351412 neg 0.03505188955419676 off 0.03466746411066207	false	1.0
ist			__DUMMY__ 0.9260902278756395 off 0.039180268541910215 neg 0.034729503582450305	false	0.0
torheit	neg 1.0		__DUMMY__ 0.9266489033840468 off 0.03799945602760811 neg 0.035351640588345	false	0.5
dreckskind	off 1.0		__DUMMY__ 0.9166050514170397 off 0.04713737500300486 neg 0.036257573579955425	false	1.0
umtauschen	neg 1.0		__DUMMY__ 0.9282312483526122 off 0.036772485466046397 neg 0.03499626618134142	false	0.5
zum			__DUMMY__ 0.9373530844050724 neg 0.032903774015984565 off 0.029743141578943155	false	0.0
zersetzen	neg 1.0		__DUMMY__ 0.9277052940109604 neg 0.0386179825015778 off 0.03367672348746183	false	1.0
zur			__DUMMY__ 0.9352088278929077 neg 0.03522225970991377 off 0.02956891239717851	false	0.0
frust	neg 1.0		__DUMMY__ 0.9282340796664619 off 0.036279191292766584 neg 0.03548672904077152	false	0.5
unerbittlichkeit	neg 1.0		__DUMMY__ 0.9291002941156317 neg 0.03730053443609402 off 0.033599171448274345	false	1.0
zwei			__DUMMY__ 0.935942417022475 neg 0.033431595470893805 off 0.030625987506631112	false	0.0
unkorrekt	neg 1.0		__DUMMY__ 0.9213809912788634 off 0.04419962939646865 neg 0.034419379324667876	false	0.5
hexe	off 1.0		__DUMMY__ 0.9214899760256463 off 0.04149693858662103 neg 0.03701308538773265	false	1.0
lasch	neg 1.0		__DUMMY__ 0.9224236697917897 off 0.0409875533365976 neg 0.036588776871612674	false	0.5
rivale	neg 1.0		__DUMMY__ 0.9225732770482681 off 0.043248652993973805 neg 0.03417806995775811	false	0.5
mutlos	off 1.0	off 1.0	off 0.5015161721321956 __DUMMY__ 0.4634557590753173 neg 0.035028068792487224	false	1.0
wirr	off 1.0		__DUMMY__ 0.9193520437515184 off 0.044864477201559595 neg 0.03578347904692213	false	1.0
jahr			__DUMMY__ 0.9368019082472815 off 0.032496914337244484 neg 0.0307011774154741	false	0.0
wird			__DUMMY__ 0.928238213903864 neg 0.03643613417387288 off 0.03532565192226323	false	0.0
strafbar	neg 1.0		__DUMMY__ 0.9273962146515796 neg 0.03786482438102327 off 0.034738960967397134	false	1.0
erosion	neg 1.0		__DUMMY__ 0.9289666491112596 off 0.03734124864006201 neg 0.03369210224867842	false	0.5
eingehen	neg 1.0		__DUMMY__ 0.927193920314483 neg 0.03793092803792585 off 0.03487515164759115	false	1.0
faul	off 1.0		__DUMMY__ 0.9263666371751628 off 0.040577608923676574 neg 0.03305575390116058	false	1.0
provisorium	neg 1.0		__DUMMY__ 0.9379755374765991 neg 0.03443047575441726 off 0.027593986768983572	false	1.0
schmerzen	neg 1.0		__DUMMY__ 0.9264951816306178 neg 0.03724786650182884 off 0.03625695186755331	false	1.0
schrumpfen	neg 1.0		__DUMMY__ 0.9313138345243857 neg 0.03865103291745348 off 0.030035132558160878	false	1.0
geistlos	off 1.0		__DUMMY__ 0.9214017322842466 off 0.04021396275132384 neg 0.03838430496442963	false	1.0
fehlkauf	neg 1.0		__DUMMY__ 0.9270557209971066 off 0.03900046767109776 neg 0.03394381133179554	false	0.5
frustrierend	neg 1.0		__DUMMY__ 0.9244275453532677 off 0.04078439323932972 neg 0.034788061407402676	false	0.5
unzufrieden	neg 1.0		__DUMMY__ 0.9260850590015924 neg 0.03785703288625785 off 0.03605790811214978	false	1.0
verzweifeln	neg 1.0		__DUMMY__ 0.927060460596891 off 0.03693460688550482 neg 0.03600493251760424	false	0.5
verzweifelt	neg 1.0	neg 1.0	neg 0.5041535994278274 __DUMMY__ 0.46057269954538 off 0.035273701026792545	false	1.0
misstrauensantrag	neg 1.0		__DUMMY__ 0.9258909975803855 off 0.03907365881229244 neg 0.03503534360732196	false	0.5
abfallen	neg 1.0		__DUMMY__ 0.9288664456177416 off 0.037857530140458284 neg 0.03327602424180023	false	0.5
fucker	off 1.0		__DUMMY__ 0.9234221006916747 off 0.0439868087046924 neg 0.03259109060363282	false	1.0
ungezogen	neg 1.0		__DUMMY__ 0.9168538955619625 off 0.04981054343619508 neg 0.03333556100184239	false	0.5
irrsinnig	neg 1.0	neg 1.0	neg 0.503526781936547 __DUMMY__ 0.4612217647309605 off 0.035251453332492466	false	1.0
unfassbar	neg 1.0		__DUMMY__ 0.924279218119713 off 0.04247788879148253 neg 0.0332428930888044	false	0.5
hart	neg 1.0		__DUMMY__ 0.9238055613623574 off 0.04193874188699686 neg 0.03425569675064582	false	0.5
widerlich	off 1.0		__DUMMY__ 0.9212146616660523 off 0.043068814149272584 neg 0.03571652418467515	false	1.0
fatal	neg 1.0		__DUMMY__ 0.9258349386229994 off 0.039485877394128406 neg 0.03467918398287225	false	0.5
bruch	neg 1.0		__DUMMY__ 0.9311990327251082 neg 0.03631791378124845 off 0.032483053493643395	false	1.0
aushungern	neg 1.0		__DUMMY__ 0.9283087673097934 off 0.03638000631672978 neg 0.035311226373476896	false	0.5
anspannung	neg 1.0		__DUMMY__ 0.9361657849041554 neg 0.03379987676459854 off 0.030034338331246118	false	1.0
von			__DUMMY__ 0.9382831656289689 off 0.03252308540576152 neg 0.029193748965269627	false	0.0
kraftlos	neg 1.0		__DUMMY__ 0.9294196050853508 off 0.03558828215046263 neg 0.03499211276418647	false	0.5
vom			__DUMMY__ 0.9395072141608022 neg 0.03264188334764176 off 0.027850902491556022	false	0.0
grenzdebil	off 1.0		__DUMMY__ 0.92442163226479 off 0.04262755616586332 neg 0.03295081156934671	false	1.0
vor			__DUMMY__ 0.9322059112659788 neg 0.03502697955696003 off 0.032767109177061104	false	0.0
unterwerfen	neg 1.0		__DUMMY__ 0.9285345056199056 neg 0.0365605973693325 off 0.034904897010761944	false	1.0
versenkung	neg 1.0		__DUMMY__ 0.9301895299853689 off 0.03505588682216582 neg 0.03475458319246533	false	0.5
entziehen	neg 1.0		__DUMMY__ 0.9300576319195692 neg 0.03741215999514341 off 0.03253020808528736	false	1.0
finanzkrise	neg 1.0		__DUMMY__ 0.9262141946357594 neg 0.03700575295692059 off 0.03678005240732006	false	1.0
schimpfend	neg 1.0		__DUMMY__ 0.9262002635669826 off 0.03876003530980021 neg 0.035039701123217165	false	0.5
profan	neg 1.0		__DUMMY__ 0.9246727451472081 off 0.03976306298351137 neg 0.0355641918692806	false	0.5
korruption	neg 1.0		__DUMMY__ 0.928021050211219 neg 0.036627711828214234 off 0.03535123796056688	false	1.0
â			__DUMMY__ 0.9305291855014869 off 0.03504263573222985 neg 0.03442817876628332	false	0.0
schmutzig	neg 1.0		__DUMMY__ 0.9248467294577029 off 0.04298648104542235 neg 0.032166789496874806	false	0.5
sexy	neg 1.0		__DUMMY__ 0.9261808023846019 off 0.04044194349076685 neg 0.03337725412463125	false	0.5
abraten	neg 1.0		__DUMMY__ 0.9261411922039711 off 0.03909899311760488 neg 0.03475981467842405	false	0.5
schwarz	neg 1.0		__DUMMY__ 0.9260667436603031 off 0.038881984360103684 neg 0.03505127197959326	false	0.5
fotze	off 1.0	off 1.0	off 0.5024844281338072 __DUMMY__ 0.4658419531740627 neg 0.03167361869213013	false	1.0
verwirren	neg 1.0		__DUMMY__ 0.9248981054431094 off 0.04019296337473851 neg 0.03490893118215222	false	0.5
zahnlos	off 1.0		__DUMMY__ 0.9265754097807039 neg 0.03672173599064448 off 0.036702854228651646	false	0.5
verheeren	neg 1.0		__DUMMY__ 0.9175202741816126 off 0.05110034350745914 neg 0.03137938231092822	false	0.5
hippie	neg 1.0		__DUMMY__ 0.9261283657596057 off 0.040233997832680536 neg 0.03363763640771378	false	0.5
rammen	neg 1.0		__DUMMY__ 0.9251469275586844 off 0.03834964209892246 neg 0.03650343034239313	false	0.5
unlauter	neg 1.0		__DUMMY__ 0.9240896286275393 off 0.03849445779737835 neg 0.0374159135750823	false	0.5
unheilvoll	neg 1.0		__DUMMY__ 0.9272257252501847 off 0.03869304442492513 neg 0.034081230324890154	false	0.5
niedrig	neg 1.0		__DUMMY__ 0.9274949683922517 neg 0.038860460758528344 off 0.033644570849220026	false	1.0
explosion	neg 1.0		__DUMMY__ 0.9257078239401333 off 0.03972994180865064 neg 0.03456223425121607	false	0.5
weichei	off 1.0	off 1.0	off 0.5123708714217822 __DUMMY__ 0.45595130329076144 neg 0.03167782528745643	false	1.0
minusmensch	off 1.0		__DUMMY__ 0.9151867198896543 off 0.04939905144305555 neg 0.03541422866729021	false	1.0
farblos	neg 1.0		__DUMMY__ 0.9285996902828458 off 0.036700500493155534 neg 0.03469980922399861	false	0.5
unwissend	neg 1.0	neg 1.0	neg 0.5027639615935211 __DUMMY__ 0.45927472839273054 off 0.03796131001374826	false	1.0
traurig	neg 1.0		__DUMMY__ 0.9229675772423901 off 0.0443063036231896 neg 0.032726119134420285	false	0.5
senkung	neg 1.0		__DUMMY__ 0.9235619781332032 off 0.039631927269279756 neg 0.03680609459751703	false	0.5
ungleich	neg 1.0	neg 1.0	neg 0.5051477653275681 __DUMMY__ 0.4638928332046779 off 0.030959401467753993	false	1.0
heikel	neg 1.0		__DUMMY__ 0.9274719367110374 neg 0.03824335437471498 off 0.03428470891424756	false	1.0
drosselung	neg 1.0		__DUMMY__ 0.9235841660812523 off 0.04238072940939024 neg 0.03403510450935749	false	0.5
falsch	neg 1.0		__DUMMY__ 0.9236999850956128 off 0.04089747840656641 neg 0.035402536497820894	false	0.5
unzufriedenheit	neg 1.0		__DUMMY__ 0.9294717331252578 neg 0.037396067243592845 off 0.03313219963114938	false	1.0
kurz	neg 1.0		__DUMMY__ 0.9307815043979859 off 0.03611248166655247 neg 0.03310601393546163	false	0.5
unsinnig	neg 1.0		__DUMMY__ 0.9253255182147381 neg 0.03787959539529736 off 0.036794886389964504	false	1.0
penner	off 1.0	off 1.0	off 0.5135875846071053 __DUMMY__ 0.4556186613619022 neg 0.030793754030992524	false	1.0
seicht	neg 1.0		__DUMMY__ 0.9151299170304689 off 0.04974145373071184 neg 0.03512862923881931	false	0.5
dummheit	off 1.0	off 1.0	off 0.5067237101403477 __DUMMY__ 0.4596715552970489 neg 0.03360473456260345	false	1.0
unerfreulich	neg 1.0		__DUMMY__ 0.9294638069563791 neg 0.037073460681221 off 0.03346273236239984	false	1.0
motherfucker	off 1.0	off 1.0	off 0.5096911745266288 __DUMMY__ 0.4596959400632865 neg 0.030612885410084726	false	1.0
pikiert	neg 1.0		__DUMMY__ 0.9223408424431032 off 0.04245849218452626 neg 0.0352006653723706	false	0.5
wrack	neg 1.0		__DUMMY__ 0.9304572065330877 off 0.03539865336900494 neg 0.03414414009790724	false	0.5
gangster	neg 1.0		__DUMMY__ 0.9260598337387117 off 0.04022607052164469 neg 0.033714095739643644	false	0.5
krank	neg 1.0		__DUMMY__ 0.9248206966047151 off 0.04240947628891574 neg 0.032769827106369116	false	0.5
reich	neg 1.0		__DUMMY__ 0.9264366897323322 off 0.04158692259347187 neg 0.03197638767419595	false	0.5
gnadenlos	neg 1.0		__DUMMY__ 0.9254187525808112 off 0.03875267701283468 neg 0.03582857040635413	false	0.5
niedergeschlagen	neg 1.0		__DUMMY__ 0.9285041757215611 off 0.03640370916881423 neg 0.035092115109624594	false	0.5
terrorisieren	off 1.0	off 1.0	off 0.501640077413408 __DUMMY__ 0.4651666680231856 neg 0.03319325456340637	false	1.0
sinnlosigkeit	neg 1.0		__DUMMY__ 0.927100006420848 neg 0.03670681250055251 off 0.036193181078599514	false	1.0
behindern	neg 1.0		__DUMMY__ 0.928127619832598 off 0.036782326591523244 neg 0.03509005357587878	false	0.5
undemokratisch	neg 1.0		__DUMMY__ 0.9257959160577345 off 0.03865774478405855 neg 0.035546339158207006	false	0.5
wirtschaftskrise	neg 1.0		__DUMMY__ 0.927628062082428 neg 0.03717045010290797 off 0.03520148781466404	false	1.0
neid	neg 1.0		__DUMMY__ 0.9263667963528179 off 0.04048297794241031 neg 0.0331502257047718	false	0.5
rutschen	neg 1.0		__DUMMY__ 0.9365997503588515 neg 0.03294439541153249 off 0.03045585422961602	false	1.0
rezession	neg 1.0		__DUMMY__ 0.9166761196660188 off 0.04492043693231527 neg 0.038403443401665925	false	0.5
fehlgeburt	neg 1.0		__DUMMY__ 0.9276019594523456 off 0.038694415739817786 neg 0.033703624807836646	false	0.5
charakterschwach	off 1.0		__DUMMY__ 0.9213080954932641 off 0.04302466321874415 neg 0.03566724128799179	false	1.0
isolation	neg 1.0		__DUMMY__ 0.9254274265638635 off 0.04038106012036526 neg 0.03419151331577124	false	0.5
ablenkung	neg 1.0		__DUMMY__ 0.9281375924526282 off 0.037608312814106426 neg 0.034254094733265524	false	0.5
pech	neg 1.0		__DUMMY__ 0.925041439077149 off 0.040138163265141795 neg 0.03482039765770925	false	0.5
vermeidung	neg 1.0		__DUMMY__ 0.9241159992753508 off 0.042510113683257654 neg 0.03337388704139154	false	0.5
dominieren	neg 1.0		__DUMMY__ 0.9301505002110891 neg 0.03533692176211936 off 0.034512578026791446	false	1.0
schwindlig	neg 1.0		__DUMMY__ 0.9278421640473034 off 0.038794605792233844 neg 0.03336323016046283	false	0.5
lutscher	neg 1.0		__DUMMY__ 0.9159071180523302 off 0.04978292014443028 neg 0.03430996180323958	false	0.5
pflicht	neg 1.0		__DUMMY__ 0.9285382048791998 neg 0.03796183488805607 off 0.03349996023274407	false	1.0
faschist	off 1.0		__DUMMY__ 0.9251240787443483 off 0.0406378976113509 neg 0.0342380236443007	false	1.0
verschleudern	neg 1.0		__DUMMY__ 0.9278997882830422 neg 0.038000404850795415 off 0.03409980686616237	false	1.0
wenn			__DUMMY__ 0.9243249859471301 off 0.04103552591720595 neg 0.034639488135663976	false	0.0
ehebruch	neg 1.0		__DUMMY__ 0.9283324573921605 neg 0.03634431072552306 off 0.035323231882316355	false	1.0
spott	off 1.0		__DUMMY__ 0.927903882925461 neg 0.03709597553682832 off 0.035000141537710625	false	0.5
trostlosigkeit	neg 1.0		__DUMMY__ 0.9318971965994607 neg 0.03529843599013342 off 0.032804367410405884	false	1.0
lutschen	neg 1.0		__DUMMY__ 0.9239729597202833 off 0.040642864300193725 neg 0.03538417597952296	false	0.5
undiszipliniert	neg 1.0		__DUMMY__ 0.9218786431405385 off 0.04387018551870784 neg 0.034251171340753686	false	0.5
kopfschmerz	neg 1.0		__DUMMY__ 0.9272238120625574 neg 0.037290754683683196 off 0.035485433253759455	false	1.0
unvorhergesehen	neg 1.0		__DUMMY__ 0.9335996839039522 off 0.033206543727366845 neg 0.03319377236868087	false	0.5
desinteressiert	neg 1.0	neg 1.0	neg 0.5016075515042387 __DUMMY__ 0.45873797574634145 off 0.039654472749419814	false	1.0
armselig	off 1.0		__DUMMY__ 0.9195315640241887 off 0.04471362933865652 neg 0.03575480663715482	false	1.0
desaster	neg 1.0		__DUMMY__ 0.9307574323032745 neg 0.03719831167308174 off 0.03204425602364381	false	1.0
tod	neg 1.0		__DUMMY__ 0.9324698657721733 off 0.03488552106299686 neg 0.032644613164829965	false	0.5
herzlos	neg 1.0		__DUMMY__ 0.9212864790230155 off 0.044455205574793016 neg 0.03425831540219154	false	0.5
unwissenheit	neg 1.0		__DUMMY__ 0.9269512042744571 neg 0.037095510083949644 off 0.035953285641593204	false	1.0
widersinnig	neg 1.0		__DUMMY__ 0.924228846122253 neg 0.039593672858149215 off 0.03617748101959781	false	1.0
bedenklich	neg 1.0		__DUMMY__ 0.9267954532489197 neg 0.03796264170635698 off 0.03524190504472328	false	1.0
beanstanden	neg 1.0		__DUMMY__ 0.9292784840533349 neg 0.03760231756351319 off 0.03311919838315183	false	1.0
panisch	neg 1.0	neg 1.0	neg 0.4991826022709185 __DUMMY__ 0.46523130898836945 off 0.0355860887407122	false	1.0
debil	off 1.0		__DUMMY__ 0.9361584194987986 neg 0.035612977405589864 off 0.02822860309561151	false	0.5
abstrich	neg 1.0		__DUMMY__ 0.9341269656807337 off 0.035540281001165845 neg 0.030332753318100418	false	0.5
primitiv	neg 1.0		__DUMMY__ 0.9207134449980577 off 0.04325925878350091 neg 0.03602729621844133	false	0.5
abschaum	off 1.0	off 1.0	off 0.5084476742335553 __DUMMY__ 0.4592977343965057 neg 0.03225459136993897	false	1.0
provozieren	neg 1.0		__DUMMY__ 0.9239111159067279 off 0.03863819272493262 neg 0.03745069136833945	false	0.5
tot	neg 1.0		__DUMMY__ 0.9285141930745517 neg 0.0364617760004199 off 0.035024030925028364	false	1.0
instabil	neg 1.0		__DUMMY__ 0.9218345510240248 off 0.0440826524946519 neg 0.03408279648132332	false	0.5
schwuchtel	off 1.0	off 1.0	off 0.5181349739022008 __DUMMY__ 0.4509010014054856 neg 0.030964024692313664	false	1.0
zerren	neg 1.0		__DUMMY__ 0.9286908916378634 off 0.036106394434673096 neg 0.035202713927463526	false	0.5
kinderficker	off 1.0		__DUMMY__ 0.920327635490483 off 0.04678681270563335 neg 0.03288555180388366	false	1.0
gefahr	neg 1.0		__DUMMY__ 0.9311713159061554 neg 0.03583926009238991 off 0.03298942400145473	false	1.0
rabiat	neg 1.0		__DUMMY__ 0.9269821921735829 off 0.037860345356341286 neg 0.035157462470075895	false	0.5
verlangsamung	neg 1.0		__DUMMY__ 0.9151945507854254 off 0.0481869568889864 neg 0.036618492325588156	false	0.5
ausgestorben	neg 1.0		__DUMMY__ 0.9280264265631838 off 0.03752158831821453 neg 0.03445198511860172	false	0.5
anklagen	neg 1.0		__DUMMY__ 0.9288660524035353 neg 0.03570520034655497 off 0.03542874724990981	false	1.0
trott	neg 1.0		__DUMMY__ 0.9279322473910592 off 0.037121590270897495 neg 0.03494616233804334	false	0.5
verminderung	neg 1.0		__DUMMY__ 0.9222595176685282 off 0.04273846647217698 neg 0.03500201585929489	false	0.5
nach			__DUMMY__ 0.9368379578821856 neg 0.03351588155980204 off 0.029646160558012457	false	0.0
rost	neg 1.0		__DUMMY__ 0.9191718558985676 off 0.046797709980450596 neg 0.034030434120981785	false	0.5
destruktiv	neg 1.0		__DUMMY__ 0.9249924973418594 off 0.037658124963479395 neg 0.03734937769466111	false	0.5
unzumutbarkeit	neg 1.0		__DUMMY__ 0.9251722088766248 off 0.04183610254664066 neg 0.03299168857673468	false	0.5
labil	off 1.0	off 1.0	off 0.5078334107079856 __DUMMY__ 0.4604553803748673 neg 0.031711208917146995	false	1.0
ziemlich	neg 1.0		__DUMMY__ 0.9250268152454103 off 0.042245991872110956 neg 0.03272719288247876	false	0.5
lachnummer	off 1.0		__DUMMY__ 0.9247964386211198 off 0.038401819018664636 neg 0.036801742360215516	false	1.0
oder			__DUMMY__ 0.9279180004052116 off 0.03808025828920026 neg 0.03400174130558812	false	0.0
verfall	neg 1.0		__DUMMY__ 0.9326371800248229 neg 0.03735088051219792 off 0.03001193946297912	false	1.0
ausgrenzung	neg 1.0		__DUMMY__ 0.9258604910914867 off 0.03912480743158517 neg 0.035014701476928076	false	0.5
unordnung	neg 1.0		__DUMMY__ 0.9261855001474824 off 0.043739949928465416 neg 0.030074549924052334	false	0.5
fehlverhalten	neg 1.0		__DUMMY__ 0.9270645358478168 neg 0.03891219929438816 off 0.034023264857795006	false	1.0
eine			__DUMMY__ 0.93128574912907 neg 0.03557472341300841 off 0.03313952745792152	false	0.0
nille	neg 1.0		__DUMMY__ 0.9288249879932733 off 0.03732492083525108 neg 0.03385009117147567	false	0.5
qual	neg 1.0		__DUMMY__ 0.9281714456853799 off 0.03682960555970921 neg 0.034998948754910844	false	0.5
verschwenden	neg 1.0		__DUMMY__ 0.9271993189914 neg 0.0382308246011338 off 0.03456985640746624	false	1.0
riesig	neg 1.0		__DUMMY__ 0.9306464420773922 neg 0.03483444511388408 off 0.034519112808723704	false	1.0
verurteilen	neg 1.0		__DUMMY__ 0.9258856443541309 neg 0.03810047933187764 off 0.03601387631399146	false	1.0
klischee	neg 1.0	neg 1.0	neg 0.5030105872650295 __DUMMY__ 0.4598072866727129 off 0.03718212606225768	false	1.0
diktatorisch	neg 1.0		__DUMMY__ 0.9253182354900904 off 0.0388570889535623 neg 0.035824675556347295	false	0.5
vorhersehbar	neg 1.0		__DUMMY__ 0.922628209526544 off 0.040472440917012416 neg 0.03689934955644352	false	0.5
sowie			__DUMMY__ 0.9197790159644582 off 0.0461673980674252 neg 0.03405358596811667	false	0.0
stornieren	neg 1.0		__DUMMY__ 0.9312846650752286 off 0.03879254166227823 neg 0.029922793262493214	false	0.5
besteuerung	neg 1.0		__DUMMY__ 0.9235175397058698 neg 0.03851655068095018 off 0.03796590961317991	false	1.0
ungeschminkt	neg 1.0		__DUMMY__ 0.9204682946957257 off 0.04260743479898952 neg 0.036924270505284816	false	0.5
kritisch	neg 1.0		__DUMMY__ 0.927497292997716 neg 0.03741213518396616 off 0.0350905718183178	false	1.0
schlamperei	off 1.0		__DUMMY__ 0.9304614798918237 neg 0.03557579835662842 off 0.03396272175154795	false	0.5
sucht	neg 1.0	neg 1.0	neg 0.4964224850854982 __DUMMY__ 0.469658382072229 off 0.03391913284227275	false	1.0
egoistisch	off 1.0		__DUMMY__ 0.9180091288599551 off 0.046830530383109414 neg 0.03516034075693541	false	1.0
ausbeuter	off 1.0		__DUMMY__ 0.926316405349242 neg 0.039660208675579386 off 0.03402338597517859	false	0.5
arschgeburt	off 1.0		__DUMMY__ 0.9112431737149492 off 0.05326622390333957 neg 0.03549060238171123	false	1.0
schubs	neg 1.0		__DUMMY__ 0.9288049677163898 neg 0.03569574621498636 off 0.03549928606862387	false	1.0
unsolide	neg 1.0		__DUMMY__ 0.9241509056840537 off 0.03928958131303233 neg 0.03655951300291397	false	0.5
beschwerde	neg 1.0		__DUMMY__ 0.9286970590022271 neg 0.036704694511590835 off 0.034598246486182094	false	1.0
stocken	neg 1.0		__DUMMY__ 0.9299064969608373 neg 0.035927102404134076 off 0.03416640063502876	false	1.0
isolieren	neg 1.0		__DUMMY__ 0.9285128974405414 neg 0.036113323495053966 off 0.035373779064404656	false	1.0
unheilbar	neg 1.0		__DUMMY__ 0.9268963930354954 off 0.03806176259526734 neg 0.035041844369237234	false	0.5
pisser	off 1.0		__DUMMY__ 0.9209500967580116 off 0.04428203341788728 neg 0.0347678698241011	false	1.0
löschen	neg 1.0		__DUMMY__ 0.9278478179501478 off 0.037459301965043046 neg 0.03469288008480918	false	0.5
durchfallen	neg 1.0		__DUMMY__ 0.9257108229421185 neg 0.03874728031997747 off 0.03554189673790406	false	1.0
wichser	off 1.0	off 1.0	off 0.5159071258147019 __DUMMY__ 0.45367541646045295 neg 0.030417457724845155	false	1.0
terror	neg 1.0		__DUMMY__ 0.9263785881313025 off 0.03974612398686271 neg 0.03387528788183488	false	0.5
krass	neg 1.0		__DUMMY__ 0.921309742816959 off 0.04465878184638746 neg 0.034031475336653454	false	0.5
revolte	neg 1.0		__DUMMY__ 0.9265886433128548 off 0.039426835038679636 neg 0.03398452164846548	false	0.5
besorgt	neg 1.0		__DUMMY__ 0.9320978275084973 off 0.03607804036304193 neg 0.031824132128460705	false	0.5
nachlassen	neg 1.0		__DUMMY__ 0.9321329736141529 neg 0.03415922972758972 off 0.03370779665825727	false	1.0
alt	neg 1.0		__DUMMY__ 0.9280844686384062 neg 0.03689173206006765 off 0.03502379930152613	false	1.0
hundesohn	off 1.0		__DUMMY__ 0.9161614719559665 off 0.050465331048233086 neg 0.03337319699580044	false	1.0
als			__DUMMY__ 0.9279801359242023 neg 0.03602131194708685 off 0.035998552128710955	false	0.0
abschreckung	neg 1.0		__DUMMY__ 0.9294094955852557 neg 0.037576541101341024 off 0.033013963313403255	false	1.0
unqualifiziert	neg 1.0		__DUMMY__ 0.9218218871826739 off 0.04123193184652891 neg 0.03694618097079718	false	0.5
abgewichst	off 1.0		__DUMMY__ 0.9292880016063578 off 0.03661294526860753 neg 0.03409905312503464	false	1.0
schwer	neg 1.0		__DUMMY__ 0.9262980854798011 off 0.0372973946517796 neg 0.03640451986841934	false	0.5
bedeutungslosigkeit	neg 1.0		__DUMMY__ 0.9289035111398283 neg 0.03724774936760468 off 0.033848739492567066	false	1.0
kapitulation	neg 1.0		__DUMMY__ 0.9293964158973217 neg 0.0357648804580977 off 0.03483870364458064	false	1.0
unscharf	neg 1.0		__DUMMY__ 0.9241515433901367 off 0.03902188382995101 neg 0.036826572779912324	false	0.5
schwinden	neg 1.0		__DUMMY__ 0.9301620004274386 neg 0.03632727938209038 off 0.03351072019047113	false	1.0
versklavung	neg 1.0		__DUMMY__ 0.9269572749629154 off 0.03839778985604878 neg 0.03464493518103591	false	0.5
schlecht	neg 1.0		__DUMMY__ 0.9246398144485275 off 0.04246700357636177 neg 0.032893181975110715	false	0.5
verhasst	neg 1.0		__DUMMY__ 0.9225453877930726 off 0.03912517926023244 neg 0.03832943294669499	false	0.5
beschweren	neg 1.0		__DUMMY__ 0.9255620330456594 off 0.039335225313779774 neg 0.03510274164056071	false	0.5
scheiden	neg 1.0		__DUMMY__ 0.9295627800086199 off 0.03701405578977615 neg 0.03342316420160397	false	0.5
frustriert	neg 1.0		__DUMMY__ 0.9264627848255219 neg 0.0368502822423488 off 0.03668693293212922	false	1.0
schimmelig	neg 1.0		__DUMMY__ 0.926325146158618 neg 0.03889444030577347 off 0.034780413535608526	false	1.0
fisch	neg 1.0		__DUMMY__ 0.9290560825506088 neg 0.03863486348791096 off 0.03230905396148027	false	1.0
schmuggel	neg 1.0		__DUMMY__ 0.9294178299900627 neg 0.03653210275595768 off 0.03405006725397966	false	1.0
auffallen	neg 1.0		__DUMMY__ 0.9251196211802198 off 0.03990937984164373 neg 0.03497099897813651	false	0.5
konkurrenz	neg 1.0		__DUMMY__ 0.9304622314775589 neg 0.03678560365705584 off 0.032752164865385236	false	1.0
teufelskreis	neg 1.0	neg 1.0	neg 0.5044177453482804 __DUMMY__ 0.46136681561348236 off 0.034215439038237205	false	1.0
aufschreien	neg 1.0		__DUMMY__ 0.9238089449850102 off 0.04006008083737341 neg 0.03613097417761637	false	0.5
schuldner	neg 1.0		__DUMMY__ 0.92796296370871 neg 0.038710357147903426 off 0.033326679143386585	false	1.0
missgeburt	off 1.0	off 1.0	off 0.5130965153364813 __DUMMY__ 0.45475459120249545 neg 0.03214889346102329	false	1.0
arbeitslos	neg 1.0		__DUMMY__ 0.9254528363641545 neg 0.03863310505853349 off 0.0359140585773119	false	1.0
befallen	neg 1.0		__DUMMY__ 0.9273568939606552 off 0.036506635498667145 neg 0.036136470540677514	false	0.5
miesepetrig	off 1.0	off 1.0	off 0.5079008841248068 __DUMMY__ 0.4610248946191505 neg 0.031074221256042672	false	1.0
alarmieren	neg 1.0		__DUMMY__ 0.9229770543573678 off 0.04150353909602683 neg 0.03551940654660534	false	0.5
ungeduscht	off 1.0		__DUMMY__ 0.9233770026004335 off 0.04052970955282803 neg 0.03609328784673838	false	1.0
knappheit	neg 1.0		__DUMMY__ 0.9249453185668767 neg 0.03970569106986865 off 0.03534899036325471	false	1.0
schlange	neg 1.0		__DUMMY__ 0.9297092933520004 off 0.038603512894577016 neg 0.03168719375342258	false	0.5
harsch	neg 1.0		__DUMMY__ 0.9235730902692055 off 0.045657157188569684 neg 0.03076975254222479	false	0.5
lang	neg 1.0		__DUMMY__ 0.9278031086020471 off 0.03815140310605359 neg 0.03404548829189935	false	0.5
ziellos	neg 1.0		__DUMMY__ 0.9302801676862883 off 0.035013131586178595 neg 0.0347067007275331	false	0.5
selbstverliebt	neg 1.0		__DUMMY__ 0.914081225945749 off 0.05114899179869386 neg 0.03476978225555717	false	0.5
beseitigen	neg 1.0		__DUMMY__ 0.9284556680991297 off 0.03626725903803209 neg 0.03527707286283817	false	0.5
dumm	off 1.0		__DUMMY__ 0.9188777178909343 off 0.0472401965603355 neg 0.033882085548730255	false	1.0
arbeitsloser	neg 1.0		__DUMMY__ 0.9283029581550891 off 0.03593022999860397 neg 0.035766811846307006	false	0.5
blitzen	neg 1.0		__DUMMY__ 0.9255184583706612 off 0.04014986475048516 neg 0.03433167687885363	false	0.5
hilflos	neg 1.0		__DUMMY__ 0.9268831297380766 neg 0.03688591910608966 off 0.036230951155833684	false	1.0
eklig	off 1.0		__DUMMY__ 0.9166388025872013 off 0.04774157494941873 neg 0.03561962246338006	false	1.0
begriff			__DUMMY__ 0.9263397656013799 off 0.03721745811453704 neg 0.03644277628408313	false	0.0
hungersnot	neg 1.0		__DUMMY__ 0.9295529775482905 off 0.03566095513156315 neg 0.03478606732014639	false	0.5
ungesetzlich	neg 1.0		__DUMMY__ 0.9228374256099765 off 0.03880896811238032 neg 0.03835360627764318	false	0.5
verschwendung	neg 1.0		__DUMMY__ 0.9286050700755445 neg 0.037124346494730294 off 0.03427058342972513	false	1.0
schmerzvoll	neg 1.0		__DUMMY__ 0.9262004456111987 off 0.03901822041636211 neg 0.03478133397243911	false	0.5
vorzeitig	neg 1.0		__DUMMY__ 0.9263244093373864 off 0.03977018064042157 neg 0.03390541002219211	false	0.5
unvollkommenheit	neg 1.0		__DUMMY__ 0.932303508283759 off 0.03492318483390989 neg 0.03277330688233112	false	0.5
intervenieren	neg 1.0		__DUMMY__ 0.9279321900795432 neg 0.03774338962904772 off 0.034324420291409065	false	1.0
banause	off 1.0		__DUMMY__ 0.9138829123932204 off 0.049872992477788806 neg 0.03624409512899085	false	1.0
rebell	neg 1.0		__DUMMY__ 0.9310927842471637 neg 0.03807895830845188 off 0.03082825744438443	false	1.0
unlogisch	neg 1.0		__DUMMY__ 0.9202692681162169 off 0.04434580104840117 neg 0.03538493083538197	false	0.5
leiden	neg 1.0		__DUMMY__ 0.9313312872814512 neg 0.035840512252074574 off 0.03282820046647427	false	1.0
abschaffung	neg 1.0		__DUMMY__ 0.9266463795030904 off 0.03788793389010807 neg 0.035465686606801536	false	0.5
sturz	neg 1.0		__DUMMY__ 0.9295274813841123 off 0.037575674526726534 neg 0.03289684408916114	false	0.5
verkleinerung	neg 1.0		__DUMMY__ 0.9225196809621766 off 0.04018252987905283 neg 0.03729778915877063	false	0.5
schmarotzer	off 1.0		__DUMMY__ 0.9242935899848717 neg 0.039108250154430306 off 0.03659815986069805	false	0.5
bestrafung	neg 1.0		__DUMMY__ 0.9265429277824304 off 0.03858394599605677 neg 0.03487312622151291	false	0.5
achtlos	neg 1.0	neg 1.0	neg 0.5018349623515677 __DUMMY__ 0.46447319924897196 off 0.03369183839946028	false	1.0
ungeheuer	neg 1.0		__DUMMY__ 0.9275235407677634 off 0.03938528767500256 neg 0.033091171557233935	false	0.5
