unsolidarisch	neg 1.0		off 0.5049070711291862 neg 0.4880478595555971 __DUMMY__ 0.007045069315216777	false	0.5
nachteilig	neg 1.0		off 0.5028265921666354 neg 0.49006416855176255 __DUMMY__ 0.007109239281602062	false	0.5
skeptisch	neg 1.0		off 0.5026997238488711 neg 0.49017926585418875 __DUMMY__ 0.0071210102969402715	false	0.5
schrecklich	neg 1.0		off 0.5173918822390259 neg 0.4755913090068884 __DUMMY__ 0.0070168087540857255	false	0.5
schlapp	neg 1.0		off 0.5141054869603592 neg 0.47883868046424355 __DUMMY__ 0.007055832575397318	false	0.5
abfall	neg 1.0		off 0.5003641235144789 neg 0.49247053894120196 __DUMMY__ 0.0071653375443190654	false	0.5
widerspenstig	neg 1.0		off 0.5086964660297416 neg 0.4842104119931532 __DUMMY__ 0.007093121977105208	false	0.5
abrupt	neg 1.0		off 0.5064041577716973 neg 0.486437193802431 __DUMMY__ 0.007158648425871518	false	0.5
unwirksam	neg 1.0		off 0.5047568781824998 neg 0.48820468337089795 __DUMMY__ 0.007038438446602165	false	0.5
angreifen	neg 1.0		off 0.5022256823983425 neg 0.49065926593352277 __DUMMY__ 0.007115051668134622	false	0.5
inkonsistent	neg 1.0		off 0.5075184421704207 neg 0.485426001103648 __DUMMY__ 0.007055556725931304	false	0.5
abrutschen	neg 1.0		off 0.5000237912045556 neg 0.49282805622568565 __DUMMY__ 0.007148152569758715	false	0.5
unsicher	neg 1.0		off 0.5088306285220747 neg 0.48406322538130303 __DUMMY__ 0.0071061460966223315	false	0.5
bauernkind	off 1.0	off 1.0	off 0.741597322005917 neg 0.25511959062513334 __DUMMY__ 0.0032830873689497007	false	1.0
angreifer	neg 1.0	neg 1.0	neg 0.725029304789492 off 0.2715768654075658 __DUMMY__ 0.003393829802942228	false	1.0
trennen	neg 1.0		off 0.5047840202022084 neg 0.48805438358626607 __DUMMY__ 0.007161596211525603	false	0.5
schmutz	neg 1.0		off 0.5131337117831475 neg 0.4797332354339908 __DUMMY__ 0.007133052782861767	false	0.5
inkonsistenz	neg 1.0		off 0.5093612997400014 neg 0.4836554671364641 __DUMMY__ 0.006983233123534432	false	0.5
erschreckend	neg 1.0		off 0.5062680945891649 neg 0.48665130110117555 __DUMMY__ 0.007080604309659648	false	0.5
ertrinken	neg 1.0		off 0.5040552987502086 neg 0.48881227218605194 __DUMMY__ 0.007132429063739472	false	0.5
pickelface	off 1.0		off 0.5079189423923848 neg 0.4849710750652035 __DUMMY__ 0.007109982542411694	false	1.0
seiner			off 0.5036639468698786 neg 0.48920712910393815 __DUMMY__ 0.007128924026183333	false	0.0
lauch	neg 1.0		off 0.5022371641427912 neg 0.4905922993741826 __DUMMY__ 0.00717053648302618	false	0.5
unwichtig	neg 1.0		off 0.5113387841127633 neg 0.48163612403324707 __DUMMY__ 0.007025091853989549	false	0.5
steuerhinterziehung	neg 1.0	neg 1.0	neg 0.7289726620837053 off 0.2676434899760835 __DUMMY__ 0.0033838479402113304	false	1.0
schock	neg 1.0		off 0.5085080564594665 neg 0.4843737244903608 __DUMMY__ 0.007118219050172503	false	0.5
beule	neg 1.0		off 0.5142407839142471 neg 0.4787253366241644 __DUMMY__ 0.007033879461588581	false	0.5
vergelten	neg 1.0		off 0.5183031719244741 neg 0.474635712347486 __DUMMY__ 0.007061115728039866	false	0.5
verdorbenheit	neg 1.0		off 0.5117180609676246 neg 0.48114918025779774 __DUMMY__ 0.007132758774577598	false	0.5
trauma	neg 1.0		off 0.5092841428924328 neg 0.4836276664649926 __DUMMY__ 0.00708819064257461	false	0.5
sinnlos	neg 1.0		off 0.5103167536855417 neg 0.48260909451355494 __DUMMY__ 0.007074151800903299	false	0.5
fettsack	off 1.0	off 1.0	off 0.7433969871312393 neg 0.2533035651854004 __DUMMY__ 0.003299447683360273	false	1.0
feige	off 1.0	off 1.0	off 0.7409502896285178 neg 0.2557146749503347 __DUMMY__ 0.0033350354211475115	false	1.0
abdanken	neg 1.0		off 0.5078039526621314 neg 0.48509207286708017 __DUMMY__ 0.007103974470788588	false	0.5
wichtigtuer	off 1.0	off 1.0	off 0.7399956481704528 neg 0.25665244730687253 __DUMMY__ 0.003351904522674616	false	1.0
misslingen	neg 1.0		off 0.5130006480584415 neg 0.4798406001170454 __DUMMY__ 0.0071587518245132264	false	0.5
untreu	off 1.0		off 0.5130684136263847 neg 0.47989165227930847 __DUMMY__ 0.0070399340943069055	false	1.0
missmutig	neg 1.0		off 0.5133371982434959 neg 0.479601823108278 __DUMMY__ 0.007060978648226148	false	0.5
hurenbock	off 1.0		off 0.511778579546674 neg 0.4811197013284306 __DUMMY__ 0.007101719124895354	false	1.0
betrunken	neg 1.0		off 0.5156944856132583 neg 0.47726397044222973 __DUMMY__ 0.007041543944512056	false	0.5
korrupt	off 1.0		off 0.5025040946291267 neg 0.4904362622029535 __DUMMY__ 0.007059643167919874	false	1.0
unmut	neg 1.0		off 0.5006027945510263 neg 0.4922410059960674 __DUMMY__ 0.007156199452906175	false	0.5
hackfresse	off 1.0		off 0.5195399452697221 neg 0.4734948770235796 __DUMMY__ 0.006965177706698412	false	1.0
aufblasen	neg 1.0		off 0.5109763290845388 neg 0.48193132613570877 __DUMMY__ 0.007092344779752458	false	0.5
gewaltsam	neg 1.0		off 0.5077570215731992 neg 0.4851228573356657 __DUMMY__ 0.00712012109113511	false	0.5
unbeliebtheit	neg 1.0		off 0.5100708093837051 neg 0.48290532901641847 __DUMMY__ 0.0070238615998763874	false	0.5
sturheit	neg 1.0		off 0.5055863060368442 neg 0.4873294890939836 __DUMMY__ 0.007084204869172017	false	0.5
kuh	neg 1.0		off 0.506976445142879 neg 0.48601684223708824 __DUMMY__ 0.007006712620032715	false	0.5
erschrecken	neg 1.0		off 0.5136649969073035 neg 0.479260468590238 __DUMMY__ 0.007074534502458574	false	0.5
opfer	neg 1.0		off 0.5046058691733717 neg 0.48827530553337095 __DUMMY__ 0.007118825293257265	false	0.5
sinken	neg 1.0		off 0.5019768742352565 neg 0.4908612950271147 __DUMMY__ 0.00716183073762875	false	0.5
stinktier	neg 1.0		off 0.5131832910394769 neg 0.479888804951244 __DUMMY__ 0.006927904009279187	false	0.5
tucke	off 1.0		off 0.5190543377101597 neg 0.47401742565316735 __DUMMY__ 0.006928236636672968	false	1.0
ein			off 0.5099386912322692 neg 0.4829690553086098 __DUMMY__ 0.00709225345912112	false	0.0
abstieg	neg 1.0		off 0.5045232960278485 neg 0.48833592675214993 __DUMMY__ 0.007140777220001728	false	0.5
missverstehen	neg 1.0		off 0.5086912063127241 neg 0.4842805204716842 __DUMMY__ 0.007028273215591689	false	0.5
ergebnislos	neg 1.0		off 0.5041406687881566 neg 0.4887164980012556 __DUMMY__ 0.007142833210587811	false	0.5
unter			off 0.49827507286550526 neg 0.4944943775090379 __DUMMY__ 0.007230549625456736	false	0.0
manipulieren	neg 1.0		off 0.5026867124054373 neg 0.49018263779771165 __DUMMY__ 0.007130649796850948	false	0.5
unbewiesen	neg 1.0		off 0.503939657749278 neg 0.48903028706491014 __DUMMY__ 0.007030055185811728	false	0.5
verschleppen	neg 1.0		off 0.5042065308357742 neg 0.48868907744491197 __DUMMY__ 0.007104391719313802	false	0.5
weib	off 1.0		off 0.5174268988731433 neg 0.4756602990911265 __DUMMY__ 0.006912802035730031	false	1.0
opposition	neg 1.0		off 0.5085418383943896 neg 0.48439942367521693 __DUMMY__ 0.007058737930393439	false	0.5
verkehrswidrig	neg 1.0		off 0.5206880803442331 neg 0.4722397603739422 __DUMMY__ 0.0070721592818246285	false	0.5
inkorrekt	neg 1.0		off 0.5139247163334969 neg 0.47909548669720997 __DUMMY__ 0.006979796969293234	false	0.5
vermeiden	neg 1.0	neg 1.0	neg 0.7313596294903623 off 0.26521056137457505 __DUMMY__ 0.003429809135062691	false	1.0
abweichung	neg 1.0		off 0.5039552576837361 neg 0.4889357163650704 __DUMMY__ 0.0071090259511937355	false	0.5
alkoholisiert	neg 1.0		off 0.5049645864714017 neg 0.48789377325897004 __DUMMY__ 0.007141640269628194	false	0.5
scheiss	off 1.0	off 1.0	off 0.74207981704569 neg 0.2545757697581847 __DUMMY__ 0.003344413196125395	false	1.0
herausforderung	neg 1.0		off 0.5031130329290998 neg 0.48975945131323073 __DUMMY__ 0.007127515757669473	false	0.5
pervers	off 1.0		off 0.5222549563278379 neg 0.47081762254520426 __DUMMY__ 0.00692742112695775	false	1.0
wackelig	neg 1.0		off 0.5091173214124227 neg 0.4837289626376488 __DUMMY__ 0.007153715949928601	false	0.5
verwickeln	neg 1.0		off 0.5081772176734519 neg 0.4847895724935573 __DUMMY__ 0.007033209832990846	false	0.5
vorwand	neg 1.0		off 0.5017855471799341 neg 0.49109562320326416 __DUMMY__ 0.007118829616801766	false	0.5
muschi	off 1.0		off 0.5080598844968239 neg 0.48483082554397194 __DUMMY__ 0.00710928995920418	false	1.0
entmutigung	neg 1.0		off 0.5090069383788073 neg 0.4839148838916273 __DUMMY__ 0.0070781777295655	false	0.5
unangemessen	neg 1.0		off 0.5039843284695474 neg 0.4889520961950239 __DUMMY__ 0.007063575335428772	false	0.5
unstetig	neg 1.0		off 0.5114658300185303 neg 0.48145637611335934 __DUMMY__ 0.007077793868110346	false	0.5
entmutigen	neg 1.0		off 0.5087730764880436 neg 0.4841476884443017 __DUMMY__ 0.007079235067654659	false	0.5
schwanz	neg 1.0		off 0.505591754464691 neg 0.48728165547265445 __DUMMY__ 0.007126590062654635	false	0.5
verbot	neg 1.0		off 0.5044823694864949 neg 0.48841648565047785 __DUMMY__ 0.007101144863027248	false	0.5
leid	neg 1.0		off 0.5174392396609174 neg 0.4755827297510583 __DUMMY__ 0.0069780305880241195	false	0.5
archaisch	neg 1.0		off 0.5061982310514224 neg 0.48670926559029726 __DUMMY__ 0.007092503358280359	false	0.5
gegen			off 0.501999407032418 neg 0.49083804827546845 __DUMMY__ 0.007162544692113424	false	0.0
scheidung	neg 1.0		off 0.5305733316333259 neg 0.46246138182548446 __DUMMY__ 0.0069652865411897	false	0.5
einschlag	neg 1.0		off 0.5160554409680965 neg 0.47691974489702543 __DUMMY__ 0.007024814134878172	false	0.5
m			off 0.5069906779843882 neg 0.48588076372414246 __DUMMY__ 0.007128558291469214	false	0.0
abgestanden	neg 1.0		off 0.5079941990079875 neg 0.4849391115323712 __DUMMY__ 0.00706668945964142	false	0.5
schmierig	off 1.0		off 0.5180518554384915 neg 0.4749422596369646 __DUMMY__ 0.007005884924543928	false	1.0
unpraktisch	neg 1.0		off 0.5104478222584583 neg 0.4824635177942478 __DUMMY__ 0.007088659947293967	false	0.5
wixxer	off 1.0		off 0.5209337919653659 neg 0.47216511239526726 __DUMMY__ 0.006901095639366868	false	1.0
bezeichnet			off 0.5060798454827946 neg 0.4868634969955371 __DUMMY__ 0.007056657521668377	false	0.0
jammerlappen	off 1.0		off 0.5136447866272593 neg 0.47929380360131124 __DUMMY__ 0.0070614097714295	false	1.0
farce	neg 1.0		off 0.5055591455910722 neg 0.4873474534174358 __DUMMY__ 0.007093400991491935	false	0.5
zwecklos	neg 1.0		off 0.5046588375522412 neg 0.48825871138003374 __DUMMY__ 0.007082451067725127	false	0.5
turbulent	neg 1.0		off 0.5132222666953329 neg 0.4797622840634522 __DUMMY__ 0.007015449241214949	false	0.5
invasion	neg 1.0		off 0.5099569974585464 neg 0.482970941628448 __DUMMY__ 0.007072060913005659	false	0.5
schuld	neg 1.0		off 0.5079149827735231 neg 0.48502364296712647 __DUMMY__ 0.007061374259350407	false	0.5
risiko	neg 1.0	neg 1.0	neg 0.7257669222914875 off 0.27084190254807405 __DUMMY__ 0.003391175160438519	false	1.0
finster	neg 1.0		off 0.5081838818744219 neg 0.48476171019979786 __DUMMY__ 0.007054407925780271	false	0.5
geisteskrank	off 1.0		off 0.5116252824086271 neg 0.48138929116772605 __DUMMY__ 0.0069854264236468774	false	1.0
zusammenbrechen	neg 1.0		off 0.5061862362554597 neg 0.4867094527773821 __DUMMY__ 0.007104310967158295	false	0.5
ausbeute	neg 1.0		off 0.5103290949025194 neg 0.4824631624615911 __DUMMY__ 0.007207742635889586	false	0.5
hinterhalt	neg 1.0		off 0.5118432451376381 neg 0.48096747434463566 __DUMMY__ 0.0071892805177262795	false	0.5
kritik	neg 1.0		off 0.504951852192467 neg 0.48795957968509424 __DUMMY__ 0.007088568122438984	false	0.5
einschrumpfen	neg 1.0		off 0.5107694755791111 neg 0.482194036350623 __DUMMY__ 0.007036488070265835	false	0.5
riskant	neg 1.0		off 0.5022833883956872 neg 0.49061587757659525 __DUMMY__ 0.007100734027717664	false	0.5
frustrieren	neg 1.0		off 0.5037301279026997 neg 0.48916694872333816 __DUMMY__ 0.0071029233739620945	false	0.5
groll	neg 1.0		off 0.5041028859865241 neg 0.4888126351155215 __DUMMY__ 0.007084478897954539	false	0.5
gibt			off 0.5065302427087173 neg 0.48636099506961655 __DUMMY__ 0.007108762221666303	false	0.0
qualvoll	neg 1.0		off 0.5118152605633465 neg 0.48111024626064 __DUMMY__ 0.007074493176013557	false	0.5
wackeln	neg 1.0		off 0.5111050569579206 neg 0.48177692643124737 __DUMMY__ 0.007118016610832061	false	0.5
klagen	neg 1.0		off 0.5005862863928698 neg 0.4922759606697237 __DUMMY__ 0.007137752937406458	false	0.5
bankrott	neg 1.0		off 0.5137503152777242 neg 0.47917283199404614 __DUMMY__ 0.007076852728229747	false	0.5
trauern	neg 1.0		off 0.5060851161497516 neg 0.48676261582822244 __DUMMY__ 0.007152268022025989	false	0.5
ablehnung	neg 1.0		off 0.5044657494219189 neg 0.4884464543284184 __DUMMY__ 0.007087796249662777	false	0.5
stur	neg 1.0		off 0.508374751793467 neg 0.48456108437502304 __DUMMY__ 0.007064163831509891	false	0.5
aufruhr	neg 1.0		off 0.5075252941726289 neg 0.48536670360357625 __DUMMY__ 0.00710800222379489	false	0.5
melancholie	neg 1.0		off 0.5063318953946365 neg 0.4865362212462318 __DUMMY__ 0.007131883359131561	false	0.5
ist			off 0.5102592615619895 neg 0.4826622769711117 __DUMMY__ 0.007078461466898951	false	0.0
torheit	neg 1.0		off 0.508076051066592 neg 0.4848406059331729 __DUMMY__ 0.00708334300023505	false	0.5
dreckskind	off 1.0		off 0.5166604585693841 neg 0.47639746953844675 __DUMMY__ 0.006942071892169169	false	1.0
umtauschen	neg 1.0		off 0.5086408872227957 neg 0.4842565073168256 __DUMMY__ 0.007102605460378539	false	0.5
zum			off 0.5033604825828377 neg 0.4894048073131057 __DUMMY__ 0.007234710104056494	false	0.0
zersetzen	neg 1.0		off 0.501228949958869 neg 0.4916683977943629 __DUMMY__ 0.007102652246768173	false	0.5
zur			off 0.5005536702280569 neg 0.4922401867837989 __DUMMY__ 0.0072061429881442795	false	0.0
frust	neg 1.0		off 0.5065928167631475 neg 0.4862955426918802 __DUMMY__ 0.00711164054497234	false	0.5
unerbittlichkeit	neg 1.0		off 0.5023187190151575 neg 0.49056037396838736 __DUMMY__ 0.007120907016455103	false	0.5
zwei			off 0.5038417376621623 neg 0.4889421820936854 __DUMMY__ 0.0072160802441523795	false	0.0
unkorrekt	neg 1.0		off 0.5150666168654301 neg 0.47792754413728566 __DUMMY__ 0.007005838997284289	false	0.5
hexe	off 1.0		off 0.5110946974857639 neg 0.48189750156739825 __DUMMY__ 0.007007800946838074	false	1.0
lasch	neg 1.0		off 0.5100129123353321 neg 0.48296056224286854 __DUMMY__ 0.007026525421799304	false	0.5
rivale	neg 1.0		off 0.5148940285889088 neg 0.4780830053883913 __DUMMY__ 0.00702296602269987	false	0.5
mutlos	off 1.0	off 1.0	off 0.7362786776162205 neg 0.26034055239110676 __DUMMY__ 0.003380769992672674	false	1.0
wirr	off 1.0		off 0.5147597719913705 neg 0.47825998301921113 __DUMMY__ 0.0069802449894184665	false	1.0
jahr			off 0.5079858021256425 neg 0.4847904070695298 __DUMMY__ 0.007223790804827689	false	0.0
wird			off 0.505079780239846 neg 0.4878092961892558 __DUMMY__ 0.007110923570898231	false	0.0
strafbar	neg 1.0		off 0.5027050945698253 neg 0.4901973722787468 __DUMMY__ 0.007097533151428084	false	0.5
erosion	neg 1.0		off 0.5097919564796817 neg 0.4830912103033737 __DUMMY__ 0.007116833216944592	false	0.5
eingehen	neg 1.0		off 0.5030308940513986 neg 0.4898718096655559 __DUMMY__ 0.007097296283045466	false	0.5
faul	off 1.0		off 0.5136583761498397 neg 0.4792674254515548 __DUMMY__ 0.007074198398605643	false	1.0
provisorium	neg 1.0		off 0.49992565687871865 neg 0.4928311047956204 __DUMMY__ 0.007243238325660784	false	0.5
schmerzen	neg 1.0		off 0.506126136745903 neg 0.48679535230207993 __DUMMY__ 0.007078510952017057	false	0.5
schrumpfen	neg 1.0		off 0.49778822652927396 neg 0.4950589765197653 __DUMMY__ 0.007152796950960635	false	0.5
geistlos	off 1.0		off 0.5073774141380349 neg 0.48560979401700155 __DUMMY__ 0.007012791844963422	false	1.0
fehlkauf	neg 1.0		off 0.5107886922705323 neg 0.4821218748601055 __DUMMY__ 0.007089432869362147	false	0.5
frustrierend	neg 1.0		off 0.5117306403039426 neg 0.48121514318964154 __DUMMY__ 0.007054216506416028	false	0.5
unzufrieden	neg 1.0		off 0.5041780220176776 neg 0.4887395787874983 __DUMMY__ 0.007082399194824105	false	0.5
verzweifeln	neg 1.0		off 0.5068584819777784 neg 0.4860473728244888 __DUMMY__ 0.00709414519773284	false	0.5
verzweifelt	neg 1.0	neg 1.0	neg 0.7275606656947892 off 0.2690818620413529 __DUMMY__ 0.003357472263857899	false	1.0
misstrauensantrag	neg 1.0		off 0.510310920222187 neg 0.4826166605463253 __DUMMY__ 0.007072419231487668	false	0.5
abfallen	neg 1.0		off 0.5108409270928864 neg 0.48204780124777297 __DUMMY__ 0.007111271659340595	false	0.5
fucker	off 1.0		off 0.516629328697743 neg 0.4763291429325636 __DUMMY__ 0.007041528369693304	false	1.0
ungezogen	neg 1.0		off 0.5218321119639117 neg 0.47122600162223655 __DUMMY__ 0.0069418864138516695	false	0.5
irrsinnig	neg 1.0	neg 1.0	neg 0.7272843513491195 off 0.2693532306011962 __DUMMY__ 0.003362418049684419	false	1.0
unfassbar	neg 1.0		off 0.5147306166761794 neg 0.4782189533631382 __DUMMY__ 0.0070504299606824455	false	0.5
hart	neg 1.0		off 0.5135650028656925 neg 0.479395927700489 __DUMMY__ 0.007039069433818376	false	0.5
widerlich	off 1.0		off 0.5129975980230329 neg 0.47999529136741975 __DUMMY__ 0.007007110609547414	false	1.0
fatal	neg 1.0		off 0.5106095505718476 neg 0.4823146463065939 __DUMMY__ 0.007075803121558496	false	0.5
bruch	neg 1.0		off 0.501941723097984 neg 0.4909074951042623 __DUMMY__ 0.0071507817977537105	false	0.5
aushungern	neg 1.0		off 0.5061816254237084 neg 0.48670953619117685 __DUMMY__ 0.007108838385114866	false	0.5
anspannung	neg 1.0		off 0.5024866347119331 neg 0.4902936145351132 __DUMMY__ 0.007219750752953638	false	0.5
von			off 0.5090964326940425 neg 0.483661666132912 __DUMMY__ 0.007241901173045511	false	0.0
kraftlos	neg 1.0		off 0.5067293264250226 neg 0.4861466216258915 __DUMMY__ 0.007124051949085919	false	0.5
vom			off 0.501975286137051 neg 0.49076071724160936 __DUMMY__ 0.0072639966213395935	false	0.0
grenzdebil	off 1.0		off 0.5152276191807295 neg 0.47772256512294675 __DUMMY__ 0.007049815696323797	false	1.0
vor			off 0.5038459896310455 neg 0.48898692461729454 __DUMMY__ 0.007167085751660024	false	0.0
unterwerfen	neg 1.0		off 0.5041270762540496 neg 0.48876078952099516 __DUMMY__ 0.0071121342249551075	false	0.5
versenkung	neg 1.0		off 0.505886052882663 neg 0.4869744539448237 __DUMMY__ 0.007139493172513295	false	0.5
entziehen	neg 1.0		off 0.5012059337097707 neg 0.49165786841629083 __DUMMY__ 0.007136197873938424	false	0.5
finanzkrise	neg 1.0		off 0.5057064213010649 neg 0.4872158733757224 __DUMMY__ 0.007077705323212769	false	0.5
schimpfend	neg 1.0		off 0.5103510971166234 neg 0.4825741177723937 __DUMMY__ 0.007074785110982959	false	0.5
profan	neg 1.0		off 0.5101597183552815 neg 0.48278384473415564 __DUMMY__ 0.007056436910562845	false	0.5
korruption	neg 1.0		off 0.5043499539148347 neg 0.48854605798980405 __DUMMY__ 0.0071039880953612244	false	0.5
â			off 0.5069417420500362 neg 0.4859180946398282 __DUMMY__ 0.0071401633101356755	false	0.0
schmutzig	neg 1.0		off 0.5162609011857773 neg 0.4766829382215931 __DUMMY__ 0.007056160592629785	false	0.5
sexy	neg 1.0		off 0.5128133660998757 neg 0.48010749999276303 __DUMMY__ 0.007079133907361306	false	0.5
abraten	neg 1.0		off 0.5103450692667094 neg 0.48257926925585165 __DUMMY__ 0.007075661477438925	false	0.5
schwarz	neg 1.0		off 0.5097676078594563 neg 0.483154001606382 __DUMMY__ 0.007078390534161749	false	0.5
fotze	off 1.0	off 1.0	off 0.7388522391225864 neg 0.25774930563942877 __DUMMY__ 0.003398455237984934	false	1.0
verwirren	neg 1.0		off 0.5110198726405061 neg 0.48191927121378086 __DUMMY__ 0.007060856145712982	false	0.5
zahnlos	off 1.0		off 0.5056990636882072 neg 0.48721247851134075 __DUMMY__ 0.007088457800452162	false	1.0
verheeren	neg 1.0		off 0.5242435654571481 neg 0.4688023244464375 __DUMMY__ 0.00695411009641425	false	0.5
hippie	neg 1.0		off 0.5122950825492901 neg 0.480625332494899 __DUMMY__ 0.007079584955810967	false	0.5
rammen	neg 1.0		off 0.5086960140247349 neg 0.48424587512151623 __DUMMY__ 0.007058110853748846	false	0.5
unlauter	neg 1.0		off 0.5069526870521938 neg 0.4860006163116896 __DUMMY__ 0.00704669663611655	false	0.5
unheilvoll	neg 1.0		off 0.510879491337215 neg 0.4820333230253072 __DUMMY__ 0.007087185637477755	false	0.5
niedrig	neg 1.0		off 0.5016226891758774 neg 0.49128368773778197 __DUMMY__ 0.0070936230863406025	false	0.5
explosion	neg 1.0		off 0.5111054611658106 neg 0.48182366646556934 __DUMMY__ 0.0070708723686201975	false	0.5
weichei	off 1.0	off 1.0	off 0.7445399416954351 neg 0.2521450388287236 __DUMMY__ 0.003315019475841284	false	1.0
minusmensch	off 1.0		off 0.5188981572540153 neg 0.474175659061505 __DUMMY__ 0.006926183684479644	false	1.0
farblos	neg 1.0		off 0.508719781068683 neg 0.4841755573340682 __DUMMY__ 0.0071046615972489985	false	0.5
unwissend	neg 1.0	neg 1.0	neg 0.7253106809470565 off 0.2713452536185318 __DUMMY__ 0.003344065434411588	false	1.0
traurig	neg 1.0		off 0.5170269844353348 neg 0.4759438847092561 __DUMMY__ 0.007029130855408994	false	0.5
senkung	neg 1.0		off 0.5091208829971087 neg 0.4838400854799485 __DUMMY__ 0.007039031522942732	false	0.5
ungleich	neg 1.0	neg 1.0	neg 0.7306315868561113 off 0.2659852610885255 __DUMMY__ 0.0033831520553631654	false	1.0
heikel	neg 1.0		off 0.502226637789288 neg 0.4906731148561789 __DUMMY__ 0.007100247354533036	false	0.5
drosselung	neg 1.0		off 0.5143461327873683 neg 0.478616810657745 __DUMMY__ 0.0070370565548866	false	0.5
falsch	neg 1.0		off 0.5113359739767004 neg 0.48162183196228725 __DUMMY__ 0.0070421940610123504	false	0.5
unzufriedenheit	neg 1.0		off 0.5017130400111377 neg 0.4911593943788636 __DUMMY__ 0.007127565609998606	false	0.5
kurz	neg 1.0		off 0.5091444102996272 neg 0.48371401899467026 __DUMMY__ 0.007141570705702595	false	0.5
unsinnig	neg 1.0		off 0.5048597495085985 neg 0.4880708011031511 __DUMMY__ 0.007069449388250362	false	0.5
penner	off 1.0	off 1.0	off 0.7455571861830345 neg 0.2511297491169807 __DUMMY__ 0.0033130646999848	false	1.0
seicht	neg 1.0		off 0.5196657593738422 neg 0.4734129671008733 __DUMMY__ 0.006921273525284371	false	0.5
dummheit	off 1.0	off 1.0	off 0.7400731217297886 neg 0.25657781311362365 __DUMMY__ 0.0033490651565876955	false	1.0
unerfreulich	neg 1.0		off 0.5026555748556232 neg 0.4902183914888908 __DUMMY__ 0.00712603365548616	false	0.5
motherfucker	off 1.0	off 1.0	off 0.7432977801259458 neg 0.2533529658424179 __DUMMY__ 0.003349254031636248	false	1.0
pikiert	neg 1.0		off 0.5128571936160011 neg 0.48011988419012036 __DUMMY__ 0.007022922193878541	false	0.5
wrack	neg 1.0		off 0.5075983803982177 neg 0.48526914671334154 __DUMMY__ 0.007132472888440733	false	0.5
gangster	neg 1.0		off 0.5122893296569848 neg 0.48063287257550724 __DUMMY__ 0.0070777977675079125	false	0.5
krank	neg 1.0		off 0.515506719019334 neg 0.4774402157807796 __DUMMY__ 0.007053065199886306	false	0.5
reich	neg 1.0		off 0.5151160769037855 neg 0.47780967873718067 __DUMMY__ 0.0070742443590338985	false	0.5
gnadenlos	neg 1.0		off 0.5086688306037268 neg 0.4842594366781124 __DUMMY__ 0.007071732718160843	false	0.5
niedergeschlagen	neg 1.0		off 0.5074312727735512 neg 0.4854564957531608 __DUMMY__ 0.00711223147328811	false	0.5
terrorisieren	off 1.0	off 1.0	off 0.737339420579658 neg 0.25926543464591434 __DUMMY__ 0.0033951447744277065	false	1.0
sinnlosigkeit	neg 1.0		off 0.5054111625045419 neg 0.4874940122052095 __DUMMY__ 0.007094825290248551	false	0.5
behindern	neg 1.0		off 0.5079946279269264 neg 0.484899907132926 __DUMMY__ 0.007105464940147553	false	0.5
undemokratisch	neg 1.0		off 0.5082406303845255 neg 0.4846872830896299 __DUMMY__ 0.00707208652584465	false	0.5
wirtschaftskrise	neg 1.0		off 0.5038491333812235 neg 0.48905170996045877 __DUMMY__ 0.007099156658317693	false	0.5
neid	neg 1.0		off 0.5132667507093299 neg 0.4796576490265956 __DUMMY__ 0.007075600264074548	false	0.5
rutschen	neg 1.0		off 0.5041101585881022 neg 0.488666680680244 __DUMMY__ 0.007223160731654045	false	0.5
rezession	neg 1.0		off 0.5124031500214011 neg 0.4806502055059885 __DUMMY__ 0.00694664447261052	false	0.5
fehlgeburt	neg 1.0		off 0.5109936515376856 neg 0.4819152221073229 __DUMMY__ 0.007091126354991478	false	0.5
charakterschwach	off 1.0		off 0.512769771327105 neg 0.4802216119095001 __DUMMY__ 0.007008616763394954	false	1.0
isolation	neg 1.0		off 0.512197799014175 neg 0.4807352446815737 __DUMMY__ 0.007066956304251483	false	0.5
ablenkung	neg 1.0		off 0.5092474501288433 neg 0.48364649820317046 __DUMMY__ 0.007106051667986321	false	0.5
pech	neg 1.0		off 0.511926138887805 neg 0.48101752113690505 __DUMMY__ 0.007056339975289913	false	0.5
vermeidung	neg 1.0		off 0.5150909227339987 neg 0.4778624684128633 __DUMMY__ 0.007046608853138096	false	0.5
dominieren	neg 1.0		off 0.5052359544531413 neg 0.48763079068664295 __DUMMY__ 0.007133254860215748	false	0.5
schwindlig	neg 1.0		off 0.5119475104027202 neg 0.48095845783289326 __DUMMY__ 0.007094031764386467	false	0.5
lutscher	neg 1.0		off 0.5209593512051076 neg 0.47211074281778687 __DUMMY__ 0.006929905977105497	false	0.5
pflicht	neg 1.0		off 0.5015649642154996 neg 0.4913175843995316 __DUMMY__ 0.007117451384968799	false	0.5
faschist	off 1.0		off 0.5112687114233068 neg 0.4816692128731928 __DUMMY__ 0.007062075703500309	false	1.0
verschleudern	neg 1.0		off 0.5021824210800305 neg 0.49071608194491473 __DUMMY__ 0.007101496975054689	false	0.5
wenn			off 0.5121553579270427 neg 0.48079251787558214 __DUMMY__ 0.007052124197375278	false	0.0
ehebruch	neg 1.0		off 0.5046134919948188 neg 0.48827679157510206 __DUMMY__ 0.007109716430079284	false	0.5
spott	off 1.0		off 0.5036266566238194 neg 0.4892681385820189 __DUMMY__ 0.007105204794161776	false	1.0
trostlosigkeit	neg 1.0		off 0.5034314446215449 neg 0.4894095873823149 __DUMMY__ 0.007158967996140304	false	0.5
lutschen	neg 1.0		off 0.5111192291849441 neg 0.48183408997986155 __DUMMY__ 0.0070466808351942675	false	0.5
undiszipliniert	neg 1.0		off 0.5153622829419695 neg 0.47762352601058367 __DUMMY__ 0.0070141910474467535	false	0.5
kopfschmerz	neg 1.0		off 0.5053581464939221 neg 0.48755287677278236 __DUMMY__ 0.007088976733295637	false	0.5
unvorhergesehen	neg 1.0		off 0.5068464437160252 neg 0.48597567623179516 __DUMMY__ 0.0071778800521796705	false	0.5
desinteressiert	neg 1.0	neg 1.0	neg 0.7238049785472402 off 0.27285613860736163 __DUMMY__ 0.003338882845398098	false	1.0
armselig	off 1.0		off 0.5144120185186589 neg 0.4786036071105248 __DUMMY__ 0.00698437437081613	false	1.0
desaster	neg 1.0		off 0.5007595633379126 neg 0.49209405281486923 __DUMMY__ 0.007146383847218152	false	0.5
tod	neg 1.0		off 0.5082812940300891 neg 0.4845591902483918 __DUMMY__ 0.007159515721519071	false	0.5
herzlos	neg 1.0		off 0.5157483571920168 neg 0.47724497424843165 __DUMMY__ 0.00700666855955157	false	0.5
unwissenheit	neg 1.0		off 0.5046583868436361 neg 0.48825087811781753 __DUMMY__ 0.007090735038546541	false	0.5
widersinnig	neg 1.0		off 0.5024006549875083 neg 0.49054656565757354 __DUMMY__ 0.00705277935491827	false	0.5
bedenklich	neg 1.0		off 0.5033450770576872 neg 0.4895639618530371 __DUMMY__ 0.00709096108927577	false	0.5
beanstanden	neg 1.0		off 0.5015310416580716 neg 0.491343910808964 __DUMMY__ 0.007125047532964291	false	0.5
panisch	neg 1.0	neg 1.0	neg 0.7245331750241024 off 0.27207559979564433 __DUMMY__ 0.0033912251802533143	false	1.0
debil	off 1.0		off 0.49957034355705865 neg 0.49321276402321657 __DUMMY__ 0.007216892419724846	false	1.0
abstrich	neg 1.0		off 0.5121437980187855 neg 0.48068446856513314 __DUMMY__ 0.007171733416081313	false	0.5
primitiv	neg 1.0		off 0.5128685420142922 neg 0.48013071056461526 __DUMMY__ 0.007000747421092407	false	0.5
abschaum	off 1.0	off 1.0	off 0.7416325639958644 neg 0.25502195487295437 __DUMMY__ 0.0033454811311814012	false	1.0
provozieren	neg 1.0		off 0.5070831287185454 neg 0.48586657102268793 __DUMMY__ 0.007050300258766629	false	0.5
tot	neg 1.0		off 0.5054188014044888 neg 0.4874776721804941 __DUMMY__ 0.007103526415017073	false	0.5
instabil	neg 1.0		off 0.5155450161763167 neg 0.4774419201873094 __DUMMY__ 0.007013063636373847	false	0.5
schwuchtel	off 1.0	off 1.0	off 0.7477725312784906 neg 0.24895154825737725 __DUMMY__ 0.003275920464132169	false	1.0
zerren	neg 1.0		off 0.5068634270074078 neg 0.48602024998523663 __DUMMY__ 0.007116323007355665	false	0.5
kinderficker	off 1.0		off 0.5186378926298874 neg 0.47437099551801293 __DUMMY__ 0.006991111852099656	false	1.0
gefahr	neg 1.0		off 0.5028839158469184 neg 0.48996606022562145 __DUMMY__ 0.007150023927460171	false	0.5
rabiat	neg 1.0		off 0.508471066095396 neg 0.4844365755294388 __DUMMY__ 0.007092358375165245	false	0.5
verlangsamung	neg 1.0		off 0.5167769728682302 neg 0.4762998295923914 __DUMMY__ 0.006923197539378371	false	0.5
ausgestorben	neg 1.0		off 0.508828620305711 neg 0.4840654893138593 __DUMMY__ 0.00710589038042977	false	0.5
anklagen	neg 1.0		off 0.5054140899259812 neg 0.48747075549964997 __DUMMY__ 0.007115154574368833	false	0.5
trott	neg 1.0		off 0.5084005349581763 neg 0.48449504184296605 __DUMMY__ 0.00710442319885756	false	0.5
verminderung	neg 1.0		off 0.5139619105958206 neg 0.4790179358407448 __DUMMY__ 0.007020153563434562	false	0.5
nach			off 0.5026707135769172 neg 0.49010044160561594 __DUMMY__ 0.007228844817466774	false	0.0
rost	neg 1.0		off 0.5182662452010466 neg 0.47475979652355715 __DUMMY__ 0.0069739582753963894	false	0.5
destruktiv	neg 1.0		off 0.5060875204741169 neg 0.4868495618313911 __DUMMY__ 0.007062917694492101	false	0.5
unzumutbarkeit	neg 1.0		off 0.5144944115879824 neg 0.4784465630096923 __DUMMY__ 0.007059025402325349	false	0.5
labil	off 1.0	off 1.0	off 0.7416733809744409 neg 0.2549707853034972 __DUMMY__ 0.0033558337220619366	false	1.0
ziemlich	neg 1.0		off 0.5150836149241893 neg 0.47785712309844 __DUMMY__ 0.00705926197737092	false	0.5
lachnummer	off 1.0		off 0.5070796387354546 neg 0.4858561565859652 __DUMMY__ 0.00706420467858022	false	1.0
oder			off 0.5101349759828885 neg 0.4827637481341993 __DUMMY__ 0.007101275882912254	false	0.0
verfall	neg 1.0		off 0.49899479272010855 neg 0.4938345565775426 __DUMMY__ 0.007170650702348891	false	0.5
ausgrenzung	neg 1.0		off 0.509194745933279 neg 0.4837323004214145 __DUMMY__ 0.007072953645306481	false	0.5
unordnung	neg 1.0		off 0.518907500748138 neg 0.47402198246102367 __DUMMY__ 0.007070516790838357	false	0.5
fehlverhalten	neg 1.0		off 0.5010798333675558 neg 0.4918247776873283 __DUMMY__ 0.007095388945115892	false	0.5
eine			off 0.5038403718777196 neg 0.489006969023481 __DUMMY__ 0.007152659098799343	false	0.0
nille	neg 1.0		off 0.509035990502687 neg 0.4838469413733814 __DUMMY__ 0.0071170681239317935	false	0.5
qual	neg 1.0		off 0.5080153224484818 neg 0.48487689146635504 __DUMMY__ 0.007107786085163137	false	0.5
verschwenden	neg 1.0		off 0.5027805155767169 neg 0.49012453000171047 __DUMMY__ 0.007094954421572628	false	0.5
riesig	neg 1.0		off 0.5061744956618274 neg 0.4866881016336278 __DUMMY__ 0.007137402704544814	false	0.5
verurteilen	neg 1.0		off 0.5036611221059777 neg 0.4892616566072836 __DUMMY__ 0.00707722128673876	false	0.5
klischee	neg 1.0	neg 1.0	neg 0.7259794724348445 off 0.2706702490450693 __DUMMY__ 0.003350278520086228	false	1.0
diktatorisch	neg 1.0		off 0.5081113789234677 neg 0.4848232107759357 __DUMMY__ 0.007065410300596489	false	0.5
vorhersehbar	neg 1.0		off 0.5092678946173577 neg 0.48370133809827776 __DUMMY__ 0.007030767284364575	false	0.5
sowie			off 0.5175870357483244 neg 0.4754263203810226 __DUMMY__ 0.006986643870653021	false	0.0
stornieren	neg 1.0		off 0.5143582721144152 neg 0.47849740234963767 __DUMMY__ 0.007144325535947206	false	0.5
besteuerung	neg 1.0		off 0.5060394404550312 neg 0.48692187479314664 __DUMMY__ 0.007038684751822199	false	0.5
ungeschminkt	neg 1.0		off 0.5122761083647311 neg 0.4807303398415391 __DUMMY__ 0.006993551793729682	false	0.5
kritisch	neg 1.0		off 0.503494144612458 neg 0.4894056972621435 __DUMMY__ 0.007100158125398363	false	0.5
schlamperei	off 1.0		off 0.503933339985868 neg 0.4889290688256108 __DUMMY__ 0.00713759118852103	false	1.0
sucht	neg 1.0	neg 1.0	neg 0.7239677816198562 off 0.2726087475019859 __DUMMY__ 0.0034234708781578924	false	1.0
egoistisch	off 1.0		off 0.5171185782078348 neg 0.4759202796374187 __DUMMY__ 0.006961142154746528	false	1.0
ausbeuter	off 1.0		off 0.5003938001828377 neg 0.492522135481533 __DUMMY__ 0.0070840643356293725	false	1.0
arschgeburt	off 1.0		off 0.5224735753622529 neg 0.470655461297002 __DUMMY__ 0.006870963340745314	false	1.0
schubs	neg 1.0		off 0.5068300450573858 neg 0.4860600737929745 __DUMMY__ 0.007109881149639643	false	0.5
unsolide	neg 1.0		off 0.5081262522938313 neg 0.48482588004318566 __DUMMY__ 0.0070478676629829986	false	0.5
beschwerde	neg 1.0		off 0.5036683018584773 neg 0.4892181539616722 __DUMMY__ 0.007113544179850462	false	0.5
stocken	neg 1.0		off 0.5041141391026286 neg 0.48875431301606465 __DUMMY__ 0.007131547881306774	false	0.5
isolieren	neg 1.0		off 0.5049233433036722 neg 0.48796753351568645 __DUMMY__ 0.0071091231806415045	false	0.5
unheilbar	neg 1.0		off 0.508496920197899 neg 0.4844141445655012 __DUMMY__ 0.007088935236599745	false	0.5
pisser	off 1.0		off 0.5150534357490544 neg 0.4779429198024091 __DUMMY__ 0.007003644448536613	false	1.0
löschen	neg 1.0		off 0.5087528386005908 neg 0.4841442946764644 __DUMMY__ 0.0071028667229446245	false	0.5
durchfallen	neg 1.0		off 0.5029872537752053 neg 0.4899375029895863 __DUMMY__ 0.007075243235208515	false	0.5
wichser	off 1.0	off 1.0	off 0.746963695372355 neg 0.24973910955382653 __DUMMY__ 0.00329719507381854	false	1.0
terror	neg 1.0		off 0.512022343553414 neg 0.4808980700074734 __DUMMY__ 0.007079586439112565	false	0.5
krass	neg 1.0		off 0.5167348734147778 neg 0.47626217218817024 __DUMMY__ 0.007002954397052105	false	0.5
revolte	neg 1.0		off 0.5106508744123142 neg 0.4822650948597835 __DUMMY__ 0.00708403072790238	false	0.5
besorgt	neg 1.0		off 0.5098641323064261 neg 0.4829755344225359 __DUMMY__ 0.007160333271038014	false	0.5
nachlassen	neg 1.0		off 0.505814114858968 neg 0.4870280274740383 __DUMMY__ 0.007157857666993714	false	0.5
alt	neg 1.0		off 0.5052548859169617 neg 0.4876467430060161 __DUMMY__ 0.0070983710770220875	false	0.5
hundesohn	off 1.0		off 0.521507655182505 neg 0.4715530038522945 __DUMMY__ 0.006939340965200447	false	1.0
als			off 0.5060245607585057 neg 0.4868701610481057 __DUMMY__ 0.007105278193388706	false	0.0
abschreckung	neg 1.0		off 0.5012768009495887 neg 0.4915970284594163 __DUMMY__ 0.007126170590994989	false	0.5
unqualifiziert	neg 1.0		off 0.5096903225982502 neg 0.48329139922352066 __DUMMY__ 0.007018278178229137	false	0.5
abgewichst	off 1.0		off 0.5083833429729752 neg 0.48449487733775054 __DUMMY__ 0.007121779689274288	false	1.0
schwer	neg 1.0		off 0.506979813091694 neg 0.4859365430001665 __DUMMY__ 0.007083643908139467	false	0.5
bedeutungslosigkeit	neg 1.0		off 0.5024485071510221 neg 0.490430905015151 __DUMMY__ 0.007120587833827119	false	0.5
kapitulation	neg 1.0		off 0.5045559608354143 neg 0.4883200450648388 __DUMMY__ 0.0071239940997469674	false	0.5
unscharf	neg 1.0		off 0.5093354348844734 neg 0.4836217678067389 __DUMMY__ 0.007042797308787607	false	0.5
schwinden	neg 1.0		off 0.5030128292830742 neg 0.48985219964609267 __DUMMY__ 0.00713497107083315	false	0.5
versklavung	neg 1.0		off 0.5089840164694659 neg 0.4839275908348875 __DUMMY__ 0.007088392695646507	false	0.5
schlecht	neg 1.0		off 0.5150087627070822 neg 0.4779359730251981 __DUMMY__ 0.007055264267719593	false	0.5
verhasst	neg 1.0		off 0.5067258110033827 neg 0.4862427189600589 __DUMMY__ 0.007031470036558514	false	0.5
beschweren	neg 1.0		off 0.5099671232159414 neg 0.4829616653726627 __DUMMY__ 0.007071211411395764	false	0.5
scheiden	neg 1.0		off 0.5098824177340086 neg 0.48299992718016116 __DUMMY__ 0.007117655085830151	false	0.5
frustriert	neg 1.0		off 0.5058510702284424 neg 0.487062495928051 __DUMMY__ 0.007086433843506684	false	0.5
schimmelig	neg 1.0		off 0.503527064520613 neg 0.4893987294400172 __DUMMY__ 0.007074206039369755	false	0.5
fisch	neg 1.0		off 0.5014898865552443 neg 0.4914016562568417 __DUMMY__ 0.007108457187914101	false	0.5
schmuggel	neg 1.0		off 0.503507920196507 neg 0.4893664065525332 __DUMMY__ 0.00712567325095967	false	0.5
auffallen	neg 1.0		off 0.5107032257478716 neg 0.48223266397727954 __DUMMY__ 0.007064110274848702	false	0.5
konkurrenz	neg 1.0		off 0.5018516297011973 neg 0.49100557372280085 __DUMMY__ 0.007142796576001724	false	0.5
teufelskreis	neg 1.0	neg 1.0	neg 0.7284239860585175 off 0.2682113292850874 __DUMMY__ 0.0033646846563950665	false	1.0
aufschreien	neg 1.0		off 0.5097376014416116 neg 0.48321635016304104 __DUMMY__ 0.007046048395347218	false	0.5
schuldner	neg 1.0		off 0.5007161819855206 neg 0.4921805886468205 __DUMMY__ 0.007103229367658853	false	0.5
missgeburt	off 1.0	off 1.0	off 0.7444969182346518 neg 0.25219617639377423 __DUMMY__ 0.003306905371574106	false	1.0
arbeitslos	neg 1.0		off 0.5033430535096122 neg 0.4895832726688927 __DUMMY__ 0.007073673821495105	false	0.5
befallen	neg 1.0		off 0.5061584715397854 neg 0.4867477056341721 __DUMMY__ 0.007093822826042612	false	0.5
miesepetrig	off 1.0	off 1.0	off 0.7424997773637828 neg 0.2541443153332956 __DUMMY__ 0.003355907302921475	false	1.0
alarmieren	neg 1.0		off 0.5111908969304817 neg 0.48177388696267903 __DUMMY__ 0.007035216106839193	false	0.5
ungeduscht	off 1.0		off 0.5113274690315109 neg 0.4816407593697509 __DUMMY__ 0.0070317715987380245	false	1.0
knappheit	neg 1.0		off 0.5018363062421419 neg 0.4911030386979003 __DUMMY__ 0.007060655059957827	false	0.5
schlange	neg 1.0		off 0.5126847774479172 neg 0.48018931683944466 __DUMMY__ 0.007125905712638043	false	0.5
harsch	neg 1.0		off 0.5201962067108656 neg 0.47276372489908447 __DUMMY__ 0.007040068390049766	false	0.5
lang	neg 1.0		off 0.5099867140090679 neg 0.48291080704122363 __DUMMY__ 0.007102478949708457	false	0.5
ziellos	neg 1.0		off 0.5063244367613438 neg 0.4865372638350292 __DUMMY__ 0.007138299403627024	false	0.5
selbstverliebt	neg 1.0		off 0.5214999664477744 neg 0.4715932210908778 __DUMMY__ 0.006906812461347686	false	0.5
beseitigen	neg 1.0		off 0.5069294560989915 neg 0.48596458594641495 __DUMMY__ 0.0071059579545936	false	0.5
dumm	off 1.0		off 0.5187763679229928 neg 0.4742525514053828 __DUMMY__ 0.006971080671624345	false	1.0
arbeitsloser	neg 1.0		off 0.5055503412526154 neg 0.48733824193791997 __DUMMY__ 0.007111416809464521	false	0.5
blitzen	neg 1.0		off 0.511479879706553 neg 0.48145116295324664 __DUMMY__ 0.007068957340200412	false	0.5
hilflos	neg 1.0		off 0.5055236196864342 neg 0.4873853756587616 __DUMMY__ 0.007091004654804102	false	0.5
eklig	off 1.0		off 0.5179490418732603 neg 0.47510985884372914 __DUMMY__ 0.006941099283010512	false	1.0
begriff			off 0.5065367813636166 neg 0.4863816335077078 __DUMMY__ 0.0070815851286757095	false	0.0
hungersnot	neg 1.0		off 0.5065068845458277 neg 0.48636930495942127 __DUMMY__ 0.007123810494751113	false	0.5
ungesetzlich	neg 1.0		off 0.5056823232168157 neg 0.4872835542916872 __DUMMY__ 0.007034122491496985	false	0.5
verschwendung	neg 1.0		off 0.503278424291722 neg 0.4896058458577702 __DUMMY__ 0.007115729850507736	false	0.5
schmerzvoll	neg 1.0		off 0.5100938292457814 neg 0.48282688607924246 __DUMMY__ 0.007079284674976284	false	0.5
vorzeitig	neg 1.0		off 0.5116212438225567 neg 0.4813012363783147 __DUMMY__ 0.007077519799128614	false	0.5
unvollkommenheit	neg 1.0		off 0.5081159026902021 neg 0.48472750864903325 __DUMMY__ 0.007156588660764705	false	0.5
intervenieren	neg 1.0		off 0.5023205943720944 neg 0.49057456226739365 __DUMMY__ 0.007104843360511872	false	0.5
banause	off 1.0		off 0.5193421873256762 neg 0.4737549062333319 __DUMMY__ 0.006902906440991977	false	1.0
rebell	neg 1.0		off 0.49991863296414785 neg 0.4929378162735073 __DUMMY__ 0.0071435507623447666	false	0.5
unlogisch	neg 1.0		off 0.5146753213652854 neg 0.4783319836256622 __DUMMY__ 0.006992695009052459	false	0.5
leiden	neg 1.0		off 0.5037506368566134 neg 0.48910452629622897 __DUMMY__ 0.007144836847157779	false	0.5
abschaffung	neg 1.0		off 0.5080668174119715 neg 0.4848505953826021 __DUMMY__ 0.007082587205426489	false	0.5
sturz	neg 1.0		off 0.5103203968685432 neg 0.48255583296902804 __DUMMY__ 0.007123770162428622	false	0.5
verkleinerung	neg 1.0		off 0.5086532674391987 neg 0.484320349013433 __DUMMY__ 0.007026383547368276	false	0.5
schmarotzer	off 1.0		off 0.5033978352251202 neg 0.4895457284367954 __DUMMY__ 0.007056436338084465	false	1.0
bestrafung	neg 1.0		off 0.5092700498914761 neg 0.48364619770747147 __DUMMY__ 0.007083752401052545	false	0.5
achtlos	neg 1.0	neg 1.0	neg 0.7271728556050718 off 0.26943918857134785 __DUMMY__ 0.003387955823580311	false	1.0
ungeheuer	neg 1.0		off 0.5121946426699749 neg 0.4807110441994687 __DUMMY__ 0.007094313130556424	false	0.5
