unsolidarisch	neg 1.0		off 0.5049070711291851 neg 0.48804785955559815 __DUMMY__ 0.007045069315216766	false	0.5
nachteilig	neg 1.0		off 0.5028265921666352 neg 0.4900641685517627 __DUMMY__ 0.007109239281602055	false	0.5
skeptisch	neg 1.0		off 0.5026997238488713 neg 0.49017926585418836 __DUMMY__ 0.007121010296940266	false	0.5
schrecklich	neg 1.0		off 0.517391882239026 neg 0.47559130900688823 __DUMMY__ 0.007016808754085734	false	0.5
schlapp	neg 1.0		off 0.5141054869603594 neg 0.47883868046424327 __DUMMY__ 0.007055832575397343	false	0.5
abfall	neg 1.0		off 0.5003641235144786 neg 0.49247053894120246 __DUMMY__ 0.00716533754431907	false	0.5
widerspenstig	neg 1.0		off 0.5086964660297417 neg 0.4842104119931531 __DUMMY__ 0.007093121977105217	false	0.5
abrupt	neg 1.0		off 0.5064041577716968 neg 0.4864371938024316 __DUMMY__ 0.007158648425871532	false	0.5
unwirksam	neg 1.0		off 0.5047568781825005 neg 0.48820468337089734 __DUMMY__ 0.007038438446602151	false	0.5
angreifen	neg 1.0		off 0.5022256823983424 neg 0.4906592659335229 __DUMMY__ 0.00711505166813462	false	0.5
inkonsistent	neg 1.0		off 0.5075184421704205 neg 0.48542600110364814 __DUMMY__ 0.007055556725931299	false	0.5
abrutschen	neg 1.0		off 0.5000237912045551 neg 0.49282805622568615 __DUMMY__ 0.007148152569758717	false	0.5
unsicher	neg 1.0		off 0.5088306285220741 neg 0.48406322538130364 __DUMMY__ 0.007106146096622347	false	0.5
bauernkind	off 1.0	off 1.0	off 0.7415973220059167 neg 0.25511959062513356 __DUMMY__ 0.003283087368949702	false	1.0
angreifer	neg 1.0	neg 1.0	neg 0.7250293047894919 off 0.27157686540756587 __DUMMY__ 0.003393829802942222	false	1.0
trennen	neg 1.0		off 0.5047840202022081 neg 0.48805438358626624 __DUMMY__ 0.0071615962115256105	false	0.5
schmutz	neg 1.0		off 0.5131337117831474 neg 0.47973323543399093 __DUMMY__ 0.007133052782861767	false	0.5
inkonsistenz	neg 1.0		off 0.5093612997400018 neg 0.48365546713646385 __DUMMY__ 0.006983233123534434	false	0.5
erschreckend	neg 1.0		off 0.5062680945891647 neg 0.4866513011011756 __DUMMY__ 0.007080604309659651	false	0.5
ertrinken	neg 1.0		off 0.5040552987502087 neg 0.4888122721860517 __DUMMY__ 0.007132429063739479	false	0.5
pickelface	off 1.0		off 0.507918942392385 neg 0.4849710750652032 __DUMMY__ 0.007109982542411687	false	1.0
seiner			off 0.5036639468698793 neg 0.48920712910393754 __DUMMY__ 0.0071289240261833454	false	0.0
lauch	neg 1.0		off 0.5022371641427921 neg 0.4905922993741818 __DUMMY__ 0.007170536483026165	false	0.5
unwichtig	neg 1.0		off 0.5113387841127629 neg 0.4816361240332475 __DUMMY__ 0.007025091853989543	false	0.5
steuerhinterziehung	neg 1.0	neg 1.0	neg 0.7289726620837051 off 0.2676434899760836 __DUMMY__ 0.0033838479402113235	false	1.0
schock	neg 1.0		off 0.5085080564594671 neg 0.4843737244903603 __DUMMY__ 0.007118219050172504	false	0.5
beule	neg 1.0		off 0.5142407839142467 neg 0.4787253366241648 __DUMMY__ 0.0070338794615885806	false	0.5
vergelten	neg 1.0		off 0.5183031719244738 neg 0.4746357123474862 __DUMMY__ 0.007061115728039869	false	0.5
verdorbenheit	neg 1.0		off 0.5117180609676242 neg 0.4811491802577983 __DUMMY__ 0.007132758774577605	false	0.5
trauma	neg 1.0		off 0.5092841428924334 neg 0.48362766646499206 __DUMMY__ 0.007088190642574619	false	0.5
sinnlos	neg 1.0		off 0.5103167536855416 neg 0.4826090945135551 __DUMMY__ 0.007074151800903306	false	0.5
fettsack	off 1.0	off 1.0	off 0.7433969871312394 neg 0.2533035651854003 __DUMMY__ 0.003299447683360275	false	1.0
feige	off 1.0	off 1.0	off 0.7409502896285177 neg 0.25571467495033473 __DUMMY__ 0.0033350354211474993	false	1.0
abdanken	neg 1.0		off 0.507803952662131 neg 0.48509207286708045 __DUMMY__ 0.007103974470788589	false	0.5
wichtigtuer	off 1.0	off 1.0	off 0.739995648170452 neg 0.2566524473068733 __DUMMY__ 0.003351904522674612	false	1.0
misslingen	neg 1.0		off 0.5130006480584414 neg 0.47984060011704543 __DUMMY__ 0.007158751824513228	false	0.5
untreu	off 1.0		off 0.5130684136263851 neg 0.47989165227930797 __DUMMY__ 0.007039934094306915	false	1.0
missmutig	neg 1.0		off 0.5133371982434959 neg 0.47960182310827804 __DUMMY__ 0.007060978648226151	false	0.5
hurenbock	off 1.0		off 0.5117785795466738 neg 0.48111970132843085 __DUMMY__ 0.007101719124895342	false	1.0
betrunken	neg 1.0		off 0.515694485613258 neg 0.47726397044222996 __DUMMY__ 0.007041543944512056	false	0.5
korrupt	off 1.0		off 0.5025040946291265 neg 0.4904362622029538 __DUMMY__ 0.007059643167919866	false	1.0
unmut	neg 1.0		off 0.500602794551026 neg 0.4922410059960677 __DUMMY__ 0.007156199452906189	false	0.5
hackfresse	off 1.0		off 0.5195399452697221 neg 0.47349487702357956 __DUMMY__ 0.006965177706698411	false	1.0
aufblasen	neg 1.0		off 0.5109763290845394 neg 0.4819313261357082 __DUMMY__ 0.007092344779752451	false	0.5
gewaltsam	neg 1.0		off 0.5077570215731988 neg 0.4851228573356663 __DUMMY__ 0.007120121091135103	false	0.5
unbeliebtheit	neg 1.0		off 0.5100708093837051 neg 0.4829053290164185 __DUMMY__ 0.0070238615998763874	false	0.5
sturheit	neg 1.0		off 0.5055863060368437 neg 0.4873294890939842 __DUMMY__ 0.007084204869172018	false	0.5
kuh	neg 1.0		off 0.5069764451428794 neg 0.48601684223708774 __DUMMY__ 0.007006712620032713	false	0.5
erschrecken	neg 1.0		off 0.513664996907304 neg 0.47926046859023735 __DUMMY__ 0.007074534502458578	false	0.5
opfer	neg 1.0		off 0.5046058691733719 neg 0.48827530553337084 __DUMMY__ 0.007118825293257271	false	0.5
sinken	neg 1.0		off 0.5019768742352559 neg 0.49086129502711523 __DUMMY__ 0.007161830737628766	false	0.5
stinktier	neg 1.0		off 0.5131832910394774 neg 0.47988880495124353 __DUMMY__ 0.006927904009279179	false	0.5
tucke	off 1.0		off 0.51905433771016 neg 0.47401742565316707 __DUMMY__ 0.006928236636672958	false	1.0
ein			off 0.50993869123227 neg 0.482969055308609 __DUMMY__ 0.0070922534591211115	false	0.0
abstieg	neg 1.0		off 0.5045232960278486 neg 0.48833592675214976 __DUMMY__ 0.007140777220001722	false	0.5
missverstehen	neg 1.0		off 0.5086912063127238 neg 0.4842805204716846 __DUMMY__ 0.007028273215591688	false	0.5
ergebnislos	neg 1.0		off 0.5041406687881569 neg 0.48871649800125533 __DUMMY__ 0.007142833210587817	false	0.5
unter			off 0.4982750728655053 neg 0.494494377509038 __DUMMY__ 0.007230549625456724	false	0.0
manipulieren	neg 1.0		off 0.502686712405437 neg 0.490182637797712 __DUMMY__ 0.007130649796850954	false	0.5
unbewiesen	neg 1.0		off 0.5039396577492776 neg 0.48903028706491064 __DUMMY__ 0.0070300551858117205	false	0.5
verschleppen	neg 1.0		off 0.5042065308357747 neg 0.4886890774449116 __DUMMY__ 0.0071043917193138	false	0.5
weib	off 1.0		off 0.5174268988731439 neg 0.4756602990911261 __DUMMY__ 0.006912802035730025	false	1.0
opposition	neg 1.0		off 0.5085418383943895 neg 0.484399423675217 __DUMMY__ 0.007058737930393423	false	0.5
verkehrswidrig	neg 1.0		off 0.5206880803442331 neg 0.4722397603739422 __DUMMY__ 0.007072159281824635	false	0.5
inkorrekt	neg 1.0		off 0.5139247163334967 neg 0.47909548669721014 __DUMMY__ 0.00697979696929324	false	0.5
vermeiden	neg 1.0	neg 1.0	neg 0.7313596294903622 off 0.2652105613745752 __DUMMY__ 0.0034298091350626982	false	1.0
abweichung	neg 1.0		off 0.503955257683736 neg 0.4889357163650704 __DUMMY__ 0.007109025951193724	false	0.5
alkoholisiert	neg 1.0		off 0.504964586471402 neg 0.4878937732589699 __DUMMY__ 0.0071416402696281855	false	0.5
scheiss	off 1.0	off 1.0	off 0.7420798170456901 neg 0.2545757697581845 __DUMMY__ 0.0033444131961253886	false	1.0
herausforderung	neg 1.0		off 0.5031130329290999 neg 0.4897594513132307 __DUMMY__ 0.007127515757669471	false	0.5
pervers	off 1.0		off 0.5222549563278382 neg 0.470817622545204 __DUMMY__ 0.006927421126957749	false	1.0
wackelig	neg 1.0		off 0.5091173214124222 neg 0.4837289626376494 __DUMMY__ 0.007153715949928592	false	0.5
verwickeln	neg 1.0		off 0.5081772176734525 neg 0.4847895724935567 __DUMMY__ 0.007033209832990829	false	0.5
vorwand	neg 1.0		off 0.5017855471799342 neg 0.4910956232032641 __DUMMY__ 0.007118829616801762	false	0.5
muschi	off 1.0		off 0.5080598844968236 neg 0.48483082554397233 __DUMMY__ 0.007109289959204185	false	1.0
entmutigung	neg 1.0		off 0.5090069383788067 neg 0.4839148838916279 __DUMMY__ 0.007078177729565495	false	0.5
unangemessen	neg 1.0		off 0.5039843284695475 neg 0.48895209619502367 __DUMMY__ 0.007063575335428776	false	0.5
unstetig	neg 1.0		off 0.5114658300185301 neg 0.48145637611335973 __DUMMY__ 0.007077793868110349	false	0.5
entmutigen	neg 1.0		off 0.5087730764880437 neg 0.4841476884443016 __DUMMY__ 0.007079235067654654	false	0.5
schwanz	neg 1.0		off 0.5055917544646905 neg 0.48728165547265484 __DUMMY__ 0.007126590062654625	false	0.5
verbot	neg 1.0		off 0.5044823694864948 neg 0.4884164856504779 __DUMMY__ 0.007101144863027242	false	0.5
leid	neg 1.0		off 0.5174392396609165 neg 0.47558272975105925 __DUMMY__ 0.006978030588024117	false	0.5
archaisch	neg 1.0		off 0.5061982310514223 neg 0.4867092655902975 __DUMMY__ 0.0070925033582803524	false	0.5
gegen			off 0.5019994070324183 neg 0.4908380482754682 __DUMMY__ 0.007162544692113422	false	0.0
scheidung	neg 1.0		off 0.5305733316333258 neg 0.46246138182548446 __DUMMY__ 0.006965286541189704	false	0.5
einschlag	neg 1.0		off 0.5160554409680969 neg 0.4769197448970251 __DUMMY__ 0.007024814134878176	false	0.5
m			off 0.5069906779843885 neg 0.4858807637241423 __DUMMY__ 0.00712855829146924	false	0.0
abgestanden	neg 1.0		off 0.5079941990079874 neg 0.48493911153237124 __DUMMY__ 0.007066689459641427	false	0.5
schmierig	off 1.0		off 0.5180518554384913 neg 0.47494225963696485 __DUMMY__ 0.007005884924543926	false	1.0
unpraktisch	neg 1.0		off 0.5104478222584586 neg 0.4824635177942475 __DUMMY__ 0.0070886599472939635	false	0.5
wixxer	off 1.0		off 0.5209337919653662 neg 0.47216511239526704 __DUMMY__ 0.006901095639366862	false	1.0
bezeichnet			off 0.5060798454827947 neg 0.4868634969955368 __DUMMY__ 0.007056657521668387	false	0.0
jammerlappen	off 1.0		off 0.5136447866272595 neg 0.47929380360131096 __DUMMY__ 0.007061409771429497	false	1.0
farce	neg 1.0		off 0.5055591455910723 neg 0.4873474534174357 __DUMMY__ 0.007093400991491931	false	0.5
zwecklos	neg 1.0		off 0.5046588375522411 neg 0.4882587113800338 __DUMMY__ 0.00708245106772513	false	0.5
turbulent	neg 1.0		off 0.5132222666953326 neg 0.4797622840634525 __DUMMY__ 0.007015449241214944	false	0.5
invasion	neg 1.0		off 0.5099569974585461 neg 0.4829709416284484 __DUMMY__ 0.007072060913005654	false	0.5
schuld	neg 1.0		off 0.5079149827735226 neg 0.4850236429671268 __DUMMY__ 0.007061374259350405	false	0.5
risiko	neg 1.0	neg 1.0	neg 0.7257669222914873 off 0.27084190254807416 __DUMMY__ 0.0033911751604385238	false	1.0
finster	neg 1.0		off 0.5081838818744224 neg 0.4847617101997973 __DUMMY__ 0.007054407925780273	false	0.5
geisteskrank	off 1.0		off 0.5116252824086269 neg 0.4813892911677262 __DUMMY__ 0.006985426423646878	false	1.0
zusammenbrechen	neg 1.0		off 0.5061862362554592 neg 0.4867094527773825 __DUMMY__ 0.007104310967158275	false	0.5
ausbeute	neg 1.0		off 0.5103290949025191 neg 0.4824631624615913 __DUMMY__ 0.007207742635889574	false	0.5
hinterhalt	neg 1.0		off 0.5118432451376378 neg 0.48096747434463594 __DUMMY__ 0.007189280517726272	false	0.5
kritik	neg 1.0		off 0.5049518521924673 neg 0.4879595796850938 __DUMMY__ 0.007088568122438979	false	0.5
einschrumpfen	neg 1.0		off 0.5107694755791108 neg 0.4821940363506232 __DUMMY__ 0.00703648807026584	false	0.5
riskant	neg 1.0		off 0.5022833883956879 neg 0.4906158775765944 __DUMMY__ 0.007100734027717656	false	0.5
frustrieren	neg 1.0		off 0.5037301279026992 neg 0.48916694872333866 __DUMMY__ 0.0071029233739621144	false	0.5
groll	neg 1.0		off 0.5041028859865248 neg 0.4888126351155206 __DUMMY__ 0.007084478897954546	false	0.5
gibt			off 0.5065302427087172 neg 0.4863609950696165 __DUMMY__ 0.007108762221666292	false	0.0
qualvoll	neg 1.0		off 0.5118152605633471 neg 0.48111024626063936 __DUMMY__ 0.00707449317601355	false	0.5
wackeln	neg 1.0		off 0.5111050569579205 neg 0.48177692643124737 __DUMMY__ 0.007118016610832073	false	0.5
klagen	neg 1.0		off 0.5005862863928697 neg 0.49227596066972384 __DUMMY__ 0.007137752937406461	false	0.5
bankrott	neg 1.0		off 0.5137503152777241 neg 0.47917283199404626 __DUMMY__ 0.007076852728229747	false	0.5
trauern	neg 1.0		off 0.5060851161497519 neg 0.4867626158282221 __DUMMY__ 0.007152268022025982	false	0.5
ablehnung	neg 1.0		off 0.5044657494219191 neg 0.488446454328418 __DUMMY__ 0.007087796249662784	false	0.5
stur	neg 1.0		off 0.5083747517934668 neg 0.4845610843750234 __DUMMY__ 0.007064163831509888	false	0.5
aufruhr	neg 1.0		off 0.507525294172629 neg 0.485366703603576 __DUMMY__ 0.007108002223794892	false	0.5
melancholie	neg 1.0		off 0.5063318953946362 neg 0.48653622124623214 __DUMMY__ 0.007131883359131561	false	0.5
ist			off 0.5102592615619895 neg 0.48266227697111164 __DUMMY__ 0.007078461466898955	false	0.0
torheit	neg 1.0		off 0.5080760510665925 neg 0.4848406059331726 __DUMMY__ 0.007083343000235062	false	0.5
dreckskind	off 1.0		off 0.5166604585693846 neg 0.47639746953844625 __DUMMY__ 0.0069420718921691755	false	1.0
umtauschen	neg 1.0		off 0.5086408872227952 neg 0.48425650731682607 __DUMMY__ 0.007102605460378549	false	0.5
zum			off 0.5033604825828374 neg 0.4894048073131059 __DUMMY__ 0.0072347101040564875	false	0.0
zersetzen	neg 1.0		off 0.5012289499588694 neg 0.49166839779436255 __DUMMY__ 0.007102652246768163	false	0.5
zur			off 0.5005536702280562 neg 0.49224018678379955 __DUMMY__ 0.007206142988144283	false	0.0
frust	neg 1.0		off 0.5065928167631475 neg 0.4862955426918802 __DUMMY__ 0.007111640544972341	false	0.5
unerbittlichkeit	neg 1.0		off 0.5023187190151578 neg 0.49056037396838714 __DUMMY__ 0.007120907016455103	false	0.5
zwei			off 0.5038417376621622 neg 0.48894218209368545 __DUMMY__ 0.007216080244152378	false	0.0
unkorrekt	neg 1.0		off 0.5150666168654309 neg 0.4779275441372849 __DUMMY__ 0.007005838997284285	false	0.5
hexe	off 1.0		off 0.5110946974857635 neg 0.4818975015673985 __DUMMY__ 0.00700780094683807	false	1.0
lasch	neg 1.0		off 0.5100129123353321 neg 0.48296056224286865 __DUMMY__ 0.007026525421799325	false	0.5
rivale	neg 1.0		off 0.5148940285889085 neg 0.47808300538839155 __DUMMY__ 0.007022966022699859	false	0.5
mutlos	off 1.0	off 1.0	off 0.7362786776162203 neg 0.2603405523911069 __DUMMY__ 0.003380769992672679	false	1.0
wirr	off 1.0		off 0.5147597719913704 neg 0.4782599830192112 __DUMMY__ 0.006980244989418478	false	1.0
jahr			off 0.5079858021256426 neg 0.4847904070695295 __DUMMY__ 0.007223790804827696	false	0.0
wird			off 0.5050797802398461 neg 0.48780929618925556 __DUMMY__ 0.007110923570898241	false	0.0
strafbar	neg 1.0		off 0.5027050945698247 neg 0.4901973722787473 __DUMMY__ 0.007097533151428079	false	0.5
erosion	neg 1.0		off 0.5097919564796823 neg 0.48309121030337304 __DUMMY__ 0.0071168332169445885	false	0.5
eingehen	neg 1.0		off 0.5030308940513988 neg 0.4898718096655556 __DUMMY__ 0.007097296283045459	false	0.5
faul	off 1.0		off 0.51365837614984 neg 0.47926742545155443 __DUMMY__ 0.007074198398605644	false	1.0
provisorium	neg 1.0		off 0.4999256568787183 neg 0.4928311047956208 __DUMMY__ 0.0072432383256607795	false	0.5
schmerzen	neg 1.0		off 0.5061261367459032 neg 0.4867953523020796 __DUMMY__ 0.007078510952017058	false	0.5
schrumpfen	neg 1.0		off 0.4977882265292743 neg 0.49505897651976505 __DUMMY__ 0.0071527969509606265	false	0.5
geistlos	off 1.0		off 0.5073774141380352 neg 0.4856097940170012 __DUMMY__ 0.0070127918449634135	false	1.0
fehlkauf	neg 1.0		off 0.5107886922705331 neg 0.4821218748601046 __DUMMY__ 0.0070894328693621445	false	0.5
frustrierend	neg 1.0		off 0.5117306403039421 neg 0.48121514318964187 __DUMMY__ 0.007054216506416028	false	0.5
unzufrieden	neg 1.0		off 0.5041780220176778 neg 0.4887395787874981 __DUMMY__ 0.007082399194824096	false	0.5
verzweifeln	neg 1.0		off 0.5068584819777789 neg 0.48604737282448823 __DUMMY__ 0.007094145197732847	false	0.5
verzweifelt	neg 1.0	neg 1.0	neg 0.7275606656947893 off 0.26908186204135276 __DUMMY__ 0.003357472263857896	false	1.0
misstrauensantrag	neg 1.0		off 0.5103109202221874 neg 0.48261666054632507 __DUMMY__ 0.007072419231487661	false	0.5
abfallen	neg 1.0		off 0.510840927092887 neg 0.4820478012477724 __DUMMY__ 0.0071112716593405845	false	0.5
fucker	off 1.0		off 0.5166293286977429 neg 0.4763291429325638 __DUMMY__ 0.007041528369693293	false	1.0
ungezogen	neg 1.0		off 0.5218321119639122 neg 0.47122600162223616 __DUMMY__ 0.006941886413851684	false	0.5
irrsinnig	neg 1.0	neg 1.0	neg 0.7272843513491197 off 0.2693532306011959 __DUMMY__ 0.0033624180496844205	false	1.0
unfassbar	neg 1.0		off 0.5147306166761794 neg 0.47821895336313824 __DUMMY__ 0.007050429960682449	false	0.5
hart	neg 1.0		off 0.513565002865692 neg 0.47939592770048955 __DUMMY__ 0.007039069433818378	false	0.5
widerlich	off 1.0		off 0.5129975980230328 neg 0.47999529136741975 __DUMMY__ 0.007007110609547417	false	1.0
fatal	neg 1.0		off 0.5106095505718481 neg 0.48231464630659343 __DUMMY__ 0.007075803121558502	false	0.5
bruch	neg 1.0		off 0.5019417230979845 neg 0.4909074951042618 __DUMMY__ 0.007150781797753707	false	0.5
aushungern	neg 1.0		off 0.5061816254237089 neg 0.4867095361911764 __DUMMY__ 0.007108838385114866	false	0.5
anspannung	neg 1.0		off 0.502486634711933 neg 0.4902936145351133 __DUMMY__ 0.007219750752953636	false	0.5
von			off 0.5090964326940425 neg 0.4836616661329119 __DUMMY__ 0.007241901173045517	false	0.0
kraftlos	neg 1.0		off 0.5067293264250232 neg 0.48614662162589084 __DUMMY__ 0.007124051949085933	false	0.5
vom			off 0.5019752861370507 neg 0.49076071724160963 __DUMMY__ 0.007263996621339593	false	0.0
grenzdebil	off 1.0		off 0.5152276191807298 neg 0.47772256512294653 __DUMMY__ 0.007049815696323797	false	1.0
vor			off 0.5038459896310455 neg 0.4889869246172944 __DUMMY__ 0.007167085751660014	false	0.0
unterwerfen	neg 1.0		off 0.5041270762540492 neg 0.4887607895209958 __DUMMY__ 0.007112134224955108	false	0.5
versenkung	neg 1.0		off 0.5058860528826626 neg 0.486974453944824 __DUMMY__ 0.0071394931725133086	false	0.5
entziehen	neg 1.0		off 0.5012059337097713 neg 0.4916578684162902 __DUMMY__ 0.007136197873938421	false	0.5
finanzkrise	neg 1.0		off 0.5057064213010654 neg 0.48721587337572203 __DUMMY__ 0.007077705323212774	false	0.5
schimpfend	neg 1.0		off 0.510351097116624 neg 0.4825741177723931 __DUMMY__ 0.007074785110982961	false	0.5
profan	neg 1.0		off 0.510159718355281 neg 0.4827838447341562 __DUMMY__ 0.007056436910562849	false	0.5
korruption	neg 1.0		off 0.5043499539148346 neg 0.48854605798980416 __DUMMY__ 0.007103988095361228	false	0.5
â			off 0.5069417420500357 neg 0.4859180946398286 __DUMMY__ 0.007140163310135664	false	0.0
schmutzig	neg 1.0		off 0.5162609011857775 neg 0.47668293822159274 __DUMMY__ 0.007056160592629769	false	0.5
sexy	neg 1.0		off 0.5128133660998759 neg 0.4801074999927628 __DUMMY__ 0.007079133907361305	false	0.5
abraten	neg 1.0		off 0.5103450692667102 neg 0.48257926925585093 __DUMMY__ 0.007075661477438925	false	0.5
schwarz	neg 1.0		off 0.5097676078594557 neg 0.48315400160638255 __DUMMY__ 0.007078390534161746	false	0.5
fotze	off 1.0	off 1.0	off 0.7388522391225864 neg 0.25774930563942866 __DUMMY__ 0.0033984552379849424	false	1.0
verwirren	neg 1.0		off 0.5110198726405057 neg 0.48191927121378136 __DUMMY__ 0.007060856145712974	false	0.5
zahnlos	off 1.0		off 0.5056990636882067 neg 0.4872124785113411 __DUMMY__ 0.0070884578004521545	false	1.0
verheeren	neg 1.0		off 0.5242435654571481 neg 0.46880232444643766 __DUMMY__ 0.006954110096414242	false	0.5
hippie	neg 1.0		off 0.5122950825492898 neg 0.48062533249489925 __DUMMY__ 0.007079584955810971	false	0.5
rammen	neg 1.0		off 0.5086960140247349 neg 0.4842458751215163 __DUMMY__ 0.00705811085374885	false	0.5
unlauter	neg 1.0		off 0.5069526870521939 neg 0.4860006163116896 __DUMMY__ 0.007046696636116544	false	0.5
unheilvoll	neg 1.0		off 0.5108794913372149 neg 0.4820333230253075 __DUMMY__ 0.007087185637477751	false	0.5
niedrig	neg 1.0		off 0.501622689175877 neg 0.49128368773778247 __DUMMY__ 0.007093623086340608	false	0.5
explosion	neg 1.0		off 0.5111054611658105 neg 0.4818236664655693 __DUMMY__ 0.007070872368620182	false	0.5
weichei	off 1.0	off 1.0	off 0.7445399416954352 neg 0.25214503882872336 __DUMMY__ 0.0033150194758412854	false	1.0
minusmensch	off 1.0		off 0.5188981572540156 neg 0.4741756590615048 __DUMMY__ 0.006926183684479648	false	1.0
farblos	neg 1.0		off 0.5087197810686833 neg 0.48417555733406775 __DUMMY__ 0.007104661597249002	false	0.5
unwissend	neg 1.0	neg 1.0	neg 0.7253106809470563 off 0.271345253618532 __DUMMY__ 0.003344065434411586	false	1.0
traurig	neg 1.0		off 0.5170269844353345 neg 0.4759438847092565 __DUMMY__ 0.007029130855408994	false	0.5
senkung	neg 1.0		off 0.509120882997109 neg 0.4838400854799483 __DUMMY__ 0.007039031522942726	false	0.5
ungleich	neg 1.0	neg 1.0	neg 0.7306315868561112 off 0.2659852610885255 __DUMMY__ 0.003383152055363176	false	1.0
heikel	neg 1.0		off 0.5022266377892878 neg 0.49067311485617926 __DUMMY__ 0.007100247354533024	false	0.5
drosselung	neg 1.0		off 0.5143461327873683 neg 0.478616810657745 __DUMMY__ 0.007037056554886587	false	0.5
falsch	neg 1.0		off 0.5113359739767006 neg 0.48162183196228714 __DUMMY__ 0.007042194061012363	false	0.5
unzufriedenheit	neg 1.0		off 0.5017130400111378 neg 0.4911593943788635 __DUMMY__ 0.007127565609998606	false	0.5
kurz	neg 1.0		off 0.5091444102996278 neg 0.4837140189946696 __DUMMY__ 0.007141570705702583	false	0.5
unsinnig	neg 1.0		off 0.5048597495085981 neg 0.4880708011031515 __DUMMY__ 0.007069449388250373	false	0.5
penner	off 1.0	off 1.0	off 0.7455571861830345 neg 0.25112974911698077 __DUMMY__ 0.0033130646999848	false	1.0
seicht	neg 1.0		off 0.5196657593738425 neg 0.47341296710087316 __DUMMY__ 0.006921273525284352	false	0.5
dummheit	off 1.0	off 1.0	off 0.7400731217297883 neg 0.25657781311362404 __DUMMY__ 0.0033490651565876843	false	1.0
unerfreulich	neg 1.0		off 0.502655574855623 neg 0.4902183914888909 __DUMMY__ 0.007126033655486158	false	0.5
motherfucker	off 1.0	off 1.0	off 0.7432977801259456 neg 0.2533529658424181 __DUMMY__ 0.003349254031636242	false	1.0
pikiert	neg 1.0		off 0.5128571936160015 neg 0.4801198841901201 __DUMMY__ 0.007022922193878539	false	0.5
wrack	neg 1.0		off 0.5075983803982176 neg 0.48526914671334165 __DUMMY__ 0.007132472888440731	false	0.5
gangster	neg 1.0		off 0.5122893296569848 neg 0.4806328725755073 __DUMMY__ 0.007077797767507909	false	0.5
krank	neg 1.0		off 0.5155067190193339 neg 0.4774402157807799 __DUMMY__ 0.0070530651998862975	false	0.5
reich	neg 1.0		off 0.5151160769037856 neg 0.4778096787371804 __DUMMY__ 0.007074244359033896	false	0.5
gnadenlos	neg 1.0		off 0.5086688306037265 neg 0.4842594366781127 __DUMMY__ 0.0070717327181608605	false	0.5
niedergeschlagen	neg 1.0		off 0.5074312727735515 neg 0.48545649575316047 __DUMMY__ 0.0071122314732881145	false	0.5
terrorisieren	off 1.0	off 1.0	off 0.7373394205796581 neg 0.2592654346459143 __DUMMY__ 0.0033951447744277087	false	1.0
sinnlosigkeit	neg 1.0		off 0.5054111625045417 neg 0.4874940122052098 __DUMMY__ 0.007094825290248534	false	0.5
behindern	neg 1.0		off 0.507994627926926 neg 0.4848999071329264 __DUMMY__ 0.00710546494014755	false	0.5
undemokratisch	neg 1.0		off 0.5082406303845255 neg 0.48468728308962994 __DUMMY__ 0.007072086525844665	false	0.5
wirtschaftskrise	neg 1.0		off 0.5038491333812235 neg 0.4890517099604589 __DUMMY__ 0.0070991566583176935	false	0.5
neid	neg 1.0		off 0.51326675070933 neg 0.4796576490265955 __DUMMY__ 0.007075600264074555	false	0.5
rutschen	neg 1.0		off 0.5041101585881028 neg 0.4886666806802433 __DUMMY__ 0.00722316073165405	false	0.5
rezession	neg 1.0		off 0.5124031500214006 neg 0.48065020550598897 __DUMMY__ 0.00694664447261051	false	0.5
fehlgeburt	neg 1.0		off 0.5109936515376856 neg 0.481915222107323 __DUMMY__ 0.007091126354991478	false	0.5
charakterschwach	off 1.0		off 0.5127697713271053 neg 0.48022161190949963 __DUMMY__ 0.0070086167633949545	false	1.0
isolation	neg 1.0		off 0.5121977990141755 neg 0.48073524468157297 __DUMMY__ 0.007066956304251489	false	0.5
ablenkung	neg 1.0		off 0.5092474501288434 neg 0.48364649820317024 __DUMMY__ 0.007106051667986341	false	0.5
pech	neg 1.0		off 0.5119261388878054 neg 0.48101752113690477 __DUMMY__ 0.007056339975289911	false	0.5
vermeidung	neg 1.0		off 0.5150909227339985 neg 0.47786246841286345 __DUMMY__ 0.007046608853138094	false	0.5
dominieren	neg 1.0		off 0.5052359544531413 neg 0.48763079068664295 __DUMMY__ 0.007133254860215744	false	0.5
schwindlig	neg 1.0		off 0.5119475104027202 neg 0.48095845783289326 __DUMMY__ 0.007094031764386472	false	0.5
lutscher	neg 1.0		off 0.5209593512051076 neg 0.47211074281778687 __DUMMY__ 0.006929905977105493	false	0.5
pflicht	neg 1.0		off 0.5015649642154998 neg 0.4913175843995314 __DUMMY__ 0.007117451384968801	false	0.5
faschist	off 1.0		off 0.5112687114233072 neg 0.4816692128731925 __DUMMY__ 0.007062075703500315	false	1.0
verschleudern	neg 1.0		off 0.5021824210800304 neg 0.49071608194491484 __DUMMY__ 0.007101496975054687	false	0.5
wenn			off 0.5121553579270427 neg 0.480792517875582 __DUMMY__ 0.007052124197375277	false	0.0
ehebruch	neg 1.0		off 0.5046134919948186 neg 0.48827679157510223 __DUMMY__ 0.00710971643007927	false	0.5
spott	off 1.0		off 0.5036266566238189 neg 0.48926813858201934 __DUMMY__ 0.0071052047941617845	false	1.0
trostlosigkeit	neg 1.0		off 0.5034314446215451 neg 0.4894095873823147 __DUMMY__ 0.007158967996140309	false	0.5
lutschen	neg 1.0		off 0.5111192291849441 neg 0.4818340899798615 __DUMMY__ 0.007046680835194263	false	0.5
undiszipliniert	neg 1.0		off 0.5153622829419696 neg 0.4776235260105836 __DUMMY__ 0.007014191047446762	false	0.5
kopfschmerz	neg 1.0		off 0.5053581464939216 neg 0.4875528767727828 __DUMMY__ 0.00708897673329563	false	0.5
unvorhergesehen	neg 1.0		off 0.5068464437160253 neg 0.485975676231795 __DUMMY__ 0.0071778800521796575	false	0.5
desinteressiert	neg 1.0	neg 1.0	neg 0.7238049785472405 off 0.2728561386073614 __DUMMY__ 0.0033388828453980966	false	1.0
armselig	off 1.0		off 0.5144120185186587 neg 0.478603607110525 __DUMMY__ 0.006984374370816143	false	1.0
desaster	neg 1.0		off 0.5007595633379134 neg 0.49209405281486845 __DUMMY__ 0.007146383847218162	false	0.5
tod	neg 1.0		off 0.5082812940300891 neg 0.4845591902483917 __DUMMY__ 0.007159515721519074	false	0.5
herzlos	neg 1.0		off 0.5157483571920157 neg 0.47724497424843276 __DUMMY__ 0.007006668559551579	false	0.5
unwissenheit	neg 1.0		off 0.5046583868436367 neg 0.48825087811781676 __DUMMY__ 0.0070907350385465626	false	0.5
widersinnig	neg 1.0		off 0.502400654987509 neg 0.4905465656575729 __DUMMY__ 0.00705277935491826	false	0.5
bedenklich	neg 1.0		off 0.5033450770576868 neg 0.4895639618530375 __DUMMY__ 0.007090961089275744	false	0.5
beanstanden	neg 1.0		off 0.5015310416580719 neg 0.4913439108089637 __DUMMY__ 0.007125047532964305	false	0.5
panisch	neg 1.0	neg 1.0	neg 0.7245331750241026 off 0.27207559979564416 __DUMMY__ 0.003391225180253315	false	1.0
debil	off 1.0		off 0.4995703435570585 neg 0.4932127640232167 __DUMMY__ 0.007216892419724848	false	1.0
abstrich	neg 1.0		off 0.5121437980187855 neg 0.48068446856513314 __DUMMY__ 0.007171733416081307	false	0.5
primitiv	neg 1.0		off 0.5128685420142923 neg 0.48013071056461515 __DUMMY__ 0.007000747421092406	false	0.5
abschaum	off 1.0	off 1.0	off 0.7416325639958642 neg 0.2550219548729544 __DUMMY__ 0.003345481131181399	false	1.0
provozieren	neg 1.0		off 0.5070831287185456 neg 0.4858665710226878 __DUMMY__ 0.007050300258766636	false	0.5
tot	neg 1.0		off 0.5054188014044887 neg 0.4874776721804943 __DUMMY__ 0.007103526415017074	false	0.5
instabil	neg 1.0		off 0.5155450161763165 neg 0.4774419201873097 __DUMMY__ 0.007013063636373845	false	0.5
schwuchtel	off 1.0	off 1.0	off 0.7477725312784906 neg 0.24895154825737725 __DUMMY__ 0.003275920464132171	false	1.0
zerren	neg 1.0		off 0.5068634270074079 neg 0.48602024998523646 __DUMMY__ 0.007116323007355667	false	0.5
kinderficker	off 1.0		off 0.5186378926298872 neg 0.4743709955180131 __DUMMY__ 0.006991111852099649	false	1.0
gefahr	neg 1.0		off 0.5028839158469187 neg 0.489966060225621 __DUMMY__ 0.007150023927460169	false	0.5
rabiat	neg 1.0		off 0.5084710660953958 neg 0.4844365755294389 __DUMMY__ 0.007092358375165243	false	0.5
verlangsamung	neg 1.0		off 0.5167769728682293 neg 0.47629982959239225 __DUMMY__ 0.006923197539378371	false	0.5
ausgestorben	neg 1.0		off 0.5088286203057113 neg 0.484065489313859 __DUMMY__ 0.007105890380429766	false	0.5
anklagen	neg 1.0		off 0.5054140899259811 neg 0.48747075549965 __DUMMY__ 0.007115154574368812	false	0.5
trott	neg 1.0		off 0.5084005349581754 neg 0.484495041842967 __DUMMY__ 0.007104423198857562	false	0.5
verminderung	neg 1.0		off 0.5139619105958203 neg 0.4790179358407451 __DUMMY__ 0.0070201535634345615	false	0.5
nach			off 0.5026707135769174 neg 0.4901004416056157 __DUMMY__ 0.007228844817466767	false	0.0
rost	neg 1.0		off 0.5182662452010468 neg 0.4747597965235568 __DUMMY__ 0.006973958275396378	false	0.5
destruktiv	neg 1.0		off 0.5060875204741172 neg 0.4868495618313908 __DUMMY__ 0.007062917694492097	false	0.5
unzumutbarkeit	neg 1.0		off 0.5144944115879828 neg 0.4784465630096919 __DUMMY__ 0.007059025402325359	false	0.5
labil	off 1.0	off 1.0	off 0.7416733809744408 neg 0.25497078530349726 __DUMMY__ 0.0033558337220619275	false	1.0
ziemlich	neg 1.0		off 0.5150836149241891 neg 0.4778571230984402 __DUMMY__ 0.007059261977370919	false	0.5
lachnummer	off 1.0		off 0.5070796387354549 neg 0.4858561565859649 __DUMMY__ 0.007064204678580218	false	1.0
oder			off 0.5101349759828884 neg 0.4827637481341992 __DUMMY__ 0.007101275882912262	false	0.0
verfall	neg 1.0		off 0.49899479272010916 neg 0.4938345565775419 __DUMMY__ 0.007170650702348888	false	0.5
ausgrenzung	neg 1.0		off 0.5091947459332788 neg 0.48373230042141463 __DUMMY__ 0.007072953645306485	false	0.5
unordnung	neg 1.0		off 0.518907500748138 neg 0.4740219824610236 __DUMMY__ 0.007070516790838355	false	0.5
fehlverhalten	neg 1.0		off 0.5010798333675562 neg 0.49182477768732796 __DUMMY__ 0.007095388945115893	false	0.5
eine			off 0.50384037187772 neg 0.4890069690234807 __DUMMY__ 0.007152659098799341	false	0.0
nille	neg 1.0		off 0.5090359905026868 neg 0.48384694137338163 __DUMMY__ 0.007117068123931786	false	0.5
qual	neg 1.0		off 0.5080153224484817 neg 0.4848768914663551 __DUMMY__ 0.0071077860851631175	false	0.5
verschwenden	neg 1.0		off 0.5027805155767167 neg 0.49012453000171075 __DUMMY__ 0.007094954421572619	false	0.5
riesig	neg 1.0		off 0.5061744956618275 neg 0.4866881016336277 __DUMMY__ 0.007137402704544816	false	0.5
verurteilen	neg 1.0		off 0.5036611221059776 neg 0.48926165660728377 __DUMMY__ 0.007077221286738759	false	0.5
klischee	neg 1.0	neg 1.0	neg 0.7259794724348444 off 0.2706702490450694 __DUMMY__ 0.0033502785200862245	false	1.0
diktatorisch	neg 1.0		off 0.5081113789234679 neg 0.48482321077593565 __DUMMY__ 0.007065410300596495	false	0.5
vorhersehbar	neg 1.0		off 0.5092678946173579 neg 0.48370133809827753 __DUMMY__ 0.0070307672843645756	false	0.5
sowie			off 0.5175870357483244 neg 0.4754263203810226 __DUMMY__ 0.006986643870653024	false	0.0
stornieren	neg 1.0		off 0.5143582721144153 neg 0.47849740234963756 __DUMMY__ 0.007144325535947213	false	0.5
besteuerung	neg 1.0		off 0.5060394404550309 neg 0.48692187479314686 __DUMMY__ 0.0070386847518221895	false	0.5
ungeschminkt	neg 1.0		off 0.512276108364731 neg 0.4807303398415392 __DUMMY__ 0.006993551793729671	false	0.5
kritisch	neg 1.0		off 0.5034941446124586 neg 0.48940569726214306 __DUMMY__ 0.0071001581253983745	false	0.5
schlamperei	off 1.0		off 0.503933339985868 neg 0.488929068825611 __DUMMY__ 0.0071375911885210325	false	1.0
sucht	neg 1.0	neg 1.0	neg 0.7239677816198563 off 0.2726087475019858 __DUMMY__ 0.0034234708781578885	false	1.0
egoistisch	off 1.0		off 0.5171185782078354 neg 0.47592027963741806 __DUMMY__ 0.00696114215474651	false	1.0
ausbeuter	off 1.0		off 0.500393800182838 neg 0.4925221354815328 __DUMMY__ 0.007084064335629374	false	1.0
arschgeburt	off 1.0		off 0.5224735753622533 neg 0.47065546129700153 __DUMMY__ 0.006870963340745308	false	1.0
schubs	neg 1.0		off 0.5068300450573859 neg 0.4860600737929743 __DUMMY__ 0.007109881149639649	false	0.5
unsolide	neg 1.0		off 0.5081262522938309 neg 0.4848258800431862 __DUMMY__ 0.007047867662982998	false	0.5
beschwerde	neg 1.0		off 0.5036683018584771 neg 0.48921815396167234 __DUMMY__ 0.0071135441798504655	false	0.5
stocken	neg 1.0		off 0.5041141391026281 neg 0.48875431301606503 __DUMMY__ 0.007131547881306768	false	0.5
isolieren	neg 1.0		off 0.5049233433036721 neg 0.48796753351568645 __DUMMY__ 0.007109123180641512	false	0.5
unheilbar	neg 1.0		off 0.5084969201978992 neg 0.484414144565501 __DUMMY__ 0.007088935236599744	false	0.5
pisser	off 1.0		off 0.5150534357490546 neg 0.4779429198024088 __DUMMY__ 0.00700364444853661	false	1.0
löschen	neg 1.0		off 0.5087528386005906 neg 0.4841442946764647 __DUMMY__ 0.007102866722944625	false	0.5
durchfallen	neg 1.0		off 0.5029872537752056 neg 0.489937502989586 __DUMMY__ 0.0070752432352085065	false	0.5
wichser	off 1.0	off 1.0	off 0.7469636953723545 neg 0.2497391095538269 __DUMMY__ 0.003297195073818538	false	1.0
terror	neg 1.0		off 0.512022343553414 neg 0.48089807000747353 __DUMMY__ 0.007079586439112558	false	0.5
krass	neg 1.0		off 0.5167348734147775 neg 0.47626217218817046 __DUMMY__ 0.007002954397052105	false	0.5
revolte	neg 1.0		off 0.510650874412314 neg 0.48226509485978347 __DUMMY__ 0.00708403072790238	false	0.5
besorgt	neg 1.0		off 0.5098641323064261 neg 0.48297553442253593 __DUMMY__ 0.007160333271038022	false	0.5
nachlassen	neg 1.0		off 0.5058141148589678 neg 0.4870280274740384 __DUMMY__ 0.007157857666993711	false	0.5
alt	neg 1.0		off 0.5052548859169614 neg 0.48764674300601657 __DUMMY__ 0.007098371077022072	false	0.5
hundesohn	off 1.0		off 0.5215076551825045 neg 0.4715530038522949 __DUMMY__ 0.006939340965200431	false	1.0
als			off 0.5060245607585057 neg 0.4868701610481057 __DUMMY__ 0.0071052781933887	false	0.0
abschreckung	neg 1.0		off 0.501276800949588 neg 0.491597028459417 __DUMMY__ 0.007126170590994994	false	0.5
unqualifiziert	neg 1.0		off 0.5096903225982508 neg 0.4832913992235201 __DUMMY__ 0.007018278178229137	false	0.5
abgewichst	off 1.0		off 0.5083833429729747 neg 0.4844948773377509 __DUMMY__ 0.007121779689274281	false	1.0
schwer	neg 1.0		off 0.5069798130916944 neg 0.4859365430001662 __DUMMY__ 0.007083643908139466	false	0.5
bedeutungslosigkeit	neg 1.0		off 0.5024485071510223 neg 0.4904309050151507 __DUMMY__ 0.00712058783382711	false	0.5
kapitulation	neg 1.0		off 0.5045559608354147 neg 0.48832004506483845 __DUMMY__ 0.007123994099746959	false	0.5
unscharf	neg 1.0		off 0.5093354348844732 neg 0.4836217678067391 __DUMMY__ 0.007042797308787603	false	0.5
schwinden	neg 1.0		off 0.5030128292830738 neg 0.48985219964609306 __DUMMY__ 0.007134971070833153	false	0.5
versklavung	neg 1.0		off 0.5089840164694661 neg 0.48392759083488734 __DUMMY__ 0.007088392695646504	false	0.5
schlecht	neg 1.0		off 0.5150087627070818 neg 0.4779359730251986 __DUMMY__ 0.0070552642677196	false	0.5
verhasst	neg 1.0		off 0.506725811003382 neg 0.4862427189600595 __DUMMY__ 0.007031470036558519	false	0.5
beschweren	neg 1.0		off 0.5099671232159411 neg 0.4829616653726631 __DUMMY__ 0.007071211411395754	false	0.5
scheiden	neg 1.0		off 0.5098824177340084 neg 0.4829999271801614 __DUMMY__ 0.007117655085830146	false	0.5
frustriert	neg 1.0		off 0.5058510702284427 neg 0.4870624959280506 __DUMMY__ 0.007086433843506689	false	0.5
schimmelig	neg 1.0		off 0.5035270645206136 neg 0.4893987294400168 __DUMMY__ 0.007074206039369755	false	0.5
fisch	neg 1.0		off 0.5014898865552443 neg 0.4914016562568415 __DUMMY__ 0.0071084571879140995	false	0.5
schmuggel	neg 1.0		off 0.5035079201965073 neg 0.48936640655253294 __DUMMY__ 0.00712567325095967	false	0.5
auffallen	neg 1.0		off 0.5107032257478712 neg 0.4822326639772801 __DUMMY__ 0.007064110274848708	false	0.5
konkurrenz	neg 1.0		off 0.5018516297011973 neg 0.49100557372280096 __DUMMY__ 0.007142796576001719	false	0.5
teufelskreis	neg 1.0	neg 1.0	neg 0.7284239860585174 off 0.26821132928508745 __DUMMY__ 0.0033646846563950726	false	1.0
aufschreien	neg 1.0		off 0.5097376014416123 neg 0.4832163501630405 __DUMMY__ 0.007046048395347222	false	0.5
schuldner	neg 1.0		off 0.5007161819855205 neg 0.4921805886468205 __DUMMY__ 0.007103229367658858	false	0.5
missgeburt	off 1.0	off 1.0	off 0.7444969182346518 neg 0.2521961763937741 __DUMMY__ 0.0033069053715741007	false	1.0
arbeitslos	neg 1.0		off 0.5033430535096124 neg 0.4895832726688925 __DUMMY__ 0.007073673821495114	false	0.5
befallen	neg 1.0		off 0.5061584715397854 neg 0.4867477056341721 __DUMMY__ 0.007093822826042619	false	0.5
miesepetrig	off 1.0	off 1.0	off 0.7424997773637827 neg 0.2541443153332958 __DUMMY__ 0.00335590730292147	false	1.0
alarmieren	neg 1.0		off 0.5111908969304823 neg 0.48177388696267853 __DUMMY__ 0.007035216106839185	false	0.5
ungeduscht	off 1.0		off 0.5113274690315109 neg 0.4816407593697511 __DUMMY__ 0.0070317715987380245	false	1.0
knappheit	neg 1.0		off 0.501836306242142 neg 0.4911030386979002 __DUMMY__ 0.0070606550599578224	false	0.5
schlange	neg 1.0		off 0.5126847774479176 neg 0.4801893168394443 __DUMMY__ 0.007125905712638046	false	0.5
harsch	neg 1.0		off 0.5201962067108651 neg 0.472763724899085 __DUMMY__ 0.007040068390049768	false	0.5
lang	neg 1.0		off 0.5099867140090676 neg 0.48291080704122386 __DUMMY__ 0.007102478949708474	false	0.5
ziellos	neg 1.0		off 0.5063244367613444 neg 0.48653726383502865 __DUMMY__ 0.007138299403627034	false	0.5
selbstverliebt	neg 1.0		off 0.5214999664477744 neg 0.4715932210908779 __DUMMY__ 0.006906812461347682	false	0.5
beseitigen	neg 1.0		off 0.506929456098991 neg 0.48596458594641556 __DUMMY__ 0.0071059579545936025	false	0.5
dumm	off 1.0		off 0.5187763679229928 neg 0.47425255140538286 __DUMMY__ 0.006971080671624343	false	1.0
arbeitsloser	neg 1.0		off 0.5055503412526152 neg 0.4873382419379202 __DUMMY__ 0.00711141680946453	false	0.5
blitzen	neg 1.0		off 0.5114798797065537 neg 0.48145116295324575 __DUMMY__ 0.007068957340200427	false	0.5
hilflos	neg 1.0		off 0.5055236196864341 neg 0.4873853756587617 __DUMMY__ 0.007091004654804113	false	0.5
eklig	off 1.0		off 0.5179490418732601 neg 0.4751098588437293 __DUMMY__ 0.00694109928301052	false	1.0
begriff			off 0.5065367813636168 neg 0.48638163350770747 __DUMMY__ 0.007081585128675723	false	0.0
hungersnot	neg 1.0		off 0.5065068845458282 neg 0.48636930495942077 __DUMMY__ 0.007123810494751099	false	0.5
ungesetzlich	neg 1.0		off 0.5056823232168154 neg 0.4872835542916876 __DUMMY__ 0.007034122491496996	false	0.5
verschwendung	neg 1.0		off 0.5032784242917213 neg 0.4896058458577708 __DUMMY__ 0.007115729850507723	false	0.5
schmerzvoll	neg 1.0		off 0.5100938292457813 neg 0.4828268860792425 __DUMMY__ 0.00707928467497629	false	0.5
vorzeitig	neg 1.0		off 0.5116212438225569 neg 0.4813012363783145 __DUMMY__ 0.007077519799128613	false	0.5
unvollkommenheit	neg 1.0		off 0.5081159026902026 neg 0.4847275086490328 __DUMMY__ 0.0071565886607646975	false	0.5
intervenieren	neg 1.0		off 0.5023205943720945 neg 0.49057456226739354 __DUMMY__ 0.007104843360511878	false	0.5
banause	off 1.0		off 0.5193421873256762 neg 0.47375490623333194 __DUMMY__ 0.006902906440991977	false	1.0
rebell	neg 1.0		off 0.4999186329641484 neg 0.4929378162735067 __DUMMY__ 0.007143550762344789	false	0.5
unlogisch	neg 1.0		off 0.5146753213652855 neg 0.47833198362566215 __DUMMY__ 0.006992695009052455	false	0.5
leiden	neg 1.0		off 0.5037506368566136 neg 0.48910452629622864 __DUMMY__ 0.007144836847157772	false	0.5
abschaffung	neg 1.0		off 0.5080668174119715 neg 0.484850595382602 __DUMMY__ 0.007082587205426496	false	0.5
sturz	neg 1.0		off 0.510320396868543 neg 0.48255583296902843 __DUMMY__ 0.007123770162428631	false	0.5
verkleinerung	neg 1.0		off 0.5086532674391984 neg 0.48432034901343346 __DUMMY__ 0.0070263835473682685	false	0.5
schmarotzer	off 1.0		off 0.5033978352251199 neg 0.4895457284367955 __DUMMY__ 0.007056436338084447	false	1.0
bestrafung	neg 1.0		off 0.5092700498914761 neg 0.48364619770747147 __DUMMY__ 0.007083752401052545	false	0.5
achtlos	neg 1.0	neg 1.0	neg 0.7271728556050718 off 0.2694391885713478 __DUMMY__ 0.0033879558235803083	false	1.0
ungeheuer	neg 1.0		off 0.5121946426699747 neg 0.48071104419946875 __DUMMY__ 0.007094313130556441	false	0.5
