unsolidarisch	neg 1.0		off 0.3424146091402914 neg 0.33184082477716814 __DUMMY__ 0.3257445660825404	false	0.5
nachteilig	neg 1.0		off 0.33898567817459596 neg 0.3324227685571877 __DUMMY__ 0.3285915532682163	false	0.5
skeptisch	neg 1.0		off 0.3386242801289016 neg 0.33229938043045265 __DUMMY__ 0.3290763394406458	false	0.5
schrecklich	neg 1.0		off 0.35481796786030134 __DUMMY__ 0.3245095188319889 neg 0.32067251330770974	false	0.5
schlapp	neg 1.0		off 0.3507838755143011 __DUMMY__ 0.3262481188611201 neg 0.32296800562457884	false	0.5
abfall	neg 1.0		off 0.33541129208472187 neg 0.33352818163302644 __DUMMY__ 0.3310605262822517	false	0.5
widerspenstig	neg 1.0		off 0.3448527379216629 __DUMMY__ 0.3278920243786612 neg 0.32725523769967607	false	0.5
abrupt	neg 1.0		off 0.34122587959405126 __DUMMY__ 0.33082468888708944 neg 0.32794943151885925	false	0.5
unwirksam	neg 1.0		off 0.342313961641493 neg 0.3322119818785703 __DUMMY__ 0.32547405647993655	false	0.5
angreifen	neg 1.0		off 0.33831121355677735 neg 0.332880101972337 __DUMMY__ 0.3288086844708855	false	0.5
inkonsistent	neg 1.0		off 0.3445242345793306 neg 0.32921941001638616 __DUMMY__ 0.3262563554042831	false	0.5
abrutschen	neg 1.0		off 0.3354655087751616 neg 0.334257052746229 __DUMMY__ 0.3302774384786093	false	0.5
unsicher	neg 1.0		off 0.3447576648606712 __DUMMY__ 0.3284313387762262 neg 0.3268109963631025	false	0.5
bauernkind	off 1.0	off 1.0	off 0.6646343252462018 neg 0.18145540542191255 __DUMMY__ 0.1539102693318857	false	1.0
angreifer	neg 1.0	neg 1.0	neg 0.6488327101877583 off 0.19216853034563422 __DUMMY__ 0.15899875946660746	false	1.0
trennen	neg 1.0		off 0.33966681095890405 __DUMMY__ 0.3308892137109121 neg 0.3294439753301837	false	0.5
schmutz	neg 1.0		off 0.3481919716143103 __DUMMY__ 0.3297213974579948 neg 0.32208663092769496	false	0.5
inkonsistenz	neg 1.0		off 0.34796149424253975 neg 0.32901000761187615 __DUMMY__ 0.323028498145584	false	0.5
erschreckend	neg 1.0		off 0.34290453736617843 neg 0.329807488198235 __DUMMY__ 0.32728797443558666	false	0.5
ertrinken	neg 1.0		off 0.33962593191680474 neg 0.33077417407767257 __DUMMY__ 0.3295998940055227	false	0.5
pickelface	off 1.0		off 0.34379812065017074 __DUMMY__ 0.32862156962321154 neg 0.3275803097266178	false	1.0
seiner			off 0.3393532881689146 neg 0.3312194215755306 __DUMMY__ 0.32942729025555473	false	0.0
lauch	neg 1.0		off 0.33703832923059646 neg 0.33166490692819 __DUMMY__ 0.33129676384121365	false	0.5
unwichtig	neg 1.0		off 0.34891160216871936 neg 0.3262326586594886 __DUMMY__ 0.32485573917179217	false	0.5
steuerhinterziehung	neg 1.0	neg 1.0	neg 0.65295918807168 off 0.18850499486742275 __DUMMY__ 0.15853581706089726	false	1.0
schock	neg 1.0		off 0.3441576684970641 __DUMMY__ 0.32897849060585493 neg 0.3268638408970809	false	0.5
beule	neg 1.0		off 0.3513766382718942 __DUMMY__ 0.32528948295105636 neg 0.32333387877704955	false	0.5
vergelten	neg 1.0		off 0.3547480881395793 __DUMMY__ 0.32652430883520517 neg 0.31872760302521563	false	0.5
verdorbenheit	neg 1.0		off 0.3468330275278277 __DUMMY__ 0.3296447927092311 neg 0.3235221797629412	false	0.5
trauma	neg 1.0		off 0.3455715372994507 __DUMMY__ 0.32762188960130717 neg 0.3268065730992421	false	0.5
sinnlos	neg 1.0		off 0.3468726366247743 __DUMMY__ 0.327016575864858 neg 0.3261107875103677	false	0.5
fettsack	off 1.0	off 1.0	off 0.6660681586049847 neg 0.17927325090069132 __DUMMY__ 0.1546585904943239	false	1.0
feige	off 1.0	off 1.0	off 0.6628814700872362 neg 0.1808381550734685 __DUMMY__ 0.15628037483929522	false	1.0
abdanken	neg 1.0		off 0.34389433464148217 __DUMMY__ 0.32835960732789393 neg 0.3277460580306238	false	0.5
wichtigtuer	off 1.0	off 1.0	off 0.6615550223043835 neg 0.18139044225451978 __DUMMY__ 0.15705453544109685	false	1.0
misslingen	neg 1.0		off 0.3475275582991809 __DUMMY__ 0.3308357822541897 neg 0.32163665944662934	false	0.5
untreu	off 1.0		off 0.35021427655548476 __DUMMY__ 0.3255171740781254 neg 0.3242685493663899	false	1.0
missmutig	neg 1.0		off 0.34999448092794827 __DUMMY__ 0.3264669250643067 neg 0.3235385940077451	false	0.5
hurenbock	off 1.0		off 0.34757151669435915 __DUMMY__ 0.3283151288523092 neg 0.3241133544533316	false	1.0
betrunken	neg 1.0		off 0.35262471197912615 __DUMMY__ 0.32561273500174287 neg 0.32176255301913087	false	0.5
korrupt	off 1.0		off 0.3398086301025438 neg 0.3338104354647623 __DUMMY__ 0.32638093443269395	false	1.0
unmut	neg 1.0		off 0.33587281724341883 neg 0.3334906131330313 __DUMMY__ 0.3306365696235498	false	0.5
hackfresse	off 1.0		off 0.3579765774939951 __DUMMY__ 0.3222379598610825 neg 0.3197854626449225	false	1.0
aufblasen	neg 1.0		off 0.3470582551200332 __DUMMY__ 0.3278424811028623 neg 0.32509926377710446	false	0.5
gewaltsam	neg 1.0		off 0.3434137741072084 __DUMMY__ 0.3290919985392991 neg 0.3274942273534926	false	0.5
unbeliebtheit	neg 1.0		off 0.34772711608579954 neg 0.3274171384660536 __DUMMY__ 0.3248557454481468	false	0.5
sturheit	neg 1.0		off 0.34220178353925984 neg 0.3303382282497528 __DUMMY__ 0.3274599882109872	false	0.5
kuh	neg 1.0		off 0.3450463091967654 neg 0.3308462615506145 __DUMMY__ 0.32410742925262026	false	0.5
erschrecken	neg 1.0		off 0.35002720923132713 __DUMMY__ 0.3270468478305712 neg 0.3229259429381017	false	0.5
opfer	neg 1.0		off 0.34048904393456175 neg 0.3305212267890371 __DUMMY__ 0.32898972927640124	false	0.5
sinken	neg 1.0		off 0.3370106050459065 neg 0.3320603587841357 __DUMMY__ 0.3309290361699578	false	0.5
stinktier	neg 1.0		off 0.3527200454339481 neg 0.32668422508594225 __DUMMY__ 0.3205957294801098	false	0.5
tucke	off 1.0		off 0.3582805436457528 neg 0.32107839336899013 __DUMMY__ 0.3206410629852569	false	1.0
ein			off 0.34603845640184083 __DUMMY__ 0.32786139790622026 neg 0.32610014569193907	false	0.0
abstieg	neg 1.0		off 0.33990792351546345 neg 0.3300897730208092 __DUMMY__ 0.3300023034637273	false	0.5
missverstehen	neg 1.0		off 0.3463414117987216 neg 0.3286682582743359 __DUMMY__ 0.32499032992694243	false	0.5
ergebnislos	neg 1.0		off 0.339513881879201 neg 0.33041121050582317 __DUMMY__ 0.3300749076149759	false	0.5
unter			neg 0.3341022540855046 __DUMMY__ 0.3339377427696005 off 0.33196000314489504	false	0.0
manipulieren	neg 1.0		off 0.3384154295144944 neg 0.33205759445186417 __DUMMY__ 0.32952697603364145	false	0.5
unbewiesen	neg 1.0		off 0.34182007359553485 neg 0.33309286845683606 __DUMMY__ 0.325087057947629	false	0.5
verschleppen	neg 1.0		off 0.34043100256722675 neg 0.33118662105176877 __DUMMY__ 0.3283823763810044	false	0.5
weib	off 1.0		off 0.357099791167451 neg 0.3229732512476823 __DUMMY__ 0.31992695758486667	false	1.0
opposition	neg 1.0		off 0.3454567164282756 neg 0.3281811026921985 __DUMMY__ 0.32636218087952595	false	0.5
verkehrswidrig	neg 1.0		off 0.3566882407909877 __DUMMY__ 0.3270135379835051 neg 0.3162982212255072	false	0.5
inkorrekt	neg 1.0		off 0.3523988239589702 neg 0.32472030579811684 __DUMMY__ 0.32288087024291307	false	0.5
vermeiden	neg 1.0	neg 1.0	neg 0.6543299125305101 off 0.18501777084035614 __DUMMY__ 0.16065231662913382	false	1.0
abweichung	neg 1.0		off 0.34006017721130327 neg 0.33133831748323245 __DUMMY__ 0.3286015053054642	false	0.5
alkoholisiert	neg 1.0		off 0.3401528155276767 __DUMMY__ 0.33009223231936136 neg 0.32975495215296186	false	0.5
scheiss	off 1.0	off 1.0	off 0.6637068163356105 neg 0.17955838124363913 __DUMMY__ 0.1567348024207504	false	1.0
herausforderung	neg 1.0		off 0.33882461329920144 neg 0.33175714932490447 __DUMMY__ 0.32941823737589404	false	0.5
pervers	off 1.0		off 0.3613882328016087 __DUMMY__ 0.32057945209196775 neg 0.31803231510642355	false	1.0
wackelig	neg 1.0		off 0.3439274563440076 __DUMMY__ 0.3305593898884119 neg 0.3255131537675805	false	0.5
verwickeln	neg 1.0		off 0.3457471991473695 neg 0.32904489239585416 __DUMMY__ 0.32520790845677644	false	0.5
vorwand	neg 1.0		off 0.33780923621994075 neg 0.3332080195764027 __DUMMY__ 0.32898274420365664	false	0.5
muschi	off 1.0		off 0.34395553125519773 __DUMMY__ 0.3285819489152104 neg 0.3274625198295918	false	1.0
entmutigung	neg 1.0		off 0.3455838708655197 __DUMMY__ 0.3272315761403726 neg 0.3271845529941077	false	0.5
unangemessen	neg 1.0		off 0.34111608435374013 neg 0.3323422736103651 __DUMMY__ 0.32654164203589475	false	0.5
unstetig	neg 1.0		off 0.34779837561585697 __DUMMY__ 0.32726753827549193 neg 0.32493408610865127	false	0.5
entmutigen	neg 1.0		off 0.34528462658445347 neg 0.3274544770929225 __DUMMY__ 0.32726089632262395	false	0.5
schwanz	neg 1.0		off 0.3411836349135566 neg 0.3294519467037068 __DUMMY__ 0.32936441838273667	false	0.5
verbot	neg 1.0		off 0.3407862754922156 neg 0.33098820316353356 __DUMMY__ 0.32822552134425076	false	0.5
leid	neg 1.0		off 0.35569383266138344 __DUMMY__ 0.32280517415951704 neg 0.32150099317909975	false	0.5
archaisch	neg 1.0		off 0.3425626038527615 neg 0.32959792939765137 __DUMMY__ 0.3278394667495871	false	0.5
gegen			off 0.3370752548373045 neg 0.3319970572081906 __DUMMY__ 0.33092768795450495	false	0.0
scheidung	neg 1.0		off 0.3685360341818373 __DUMMY__ 0.32230436382750416 neg 0.3091596019906586	false	0.5
einschlag	neg 1.0		off 0.3533674450363751 __DUMMY__ 0.3248863597412371 neg 0.3217461952223876	false	0.5
m			off 0.34248728022172886 __DUMMY__ 0.32940541245308086 neg 0.3281073073251904	false	0.0
abgestanden	neg 1.0		off 0.3446581872714144 neg 0.32858118591740765 __DUMMY__ 0.326760626811178	false	0.5
schmierig	off 1.0		off 0.35567365329027545 __DUMMY__ 0.32403681908710286 neg 0.3202895276226217	false	1.0
unpraktisch	neg 1.0		off 0.3466047026408722 __DUMMY__ 0.3276869279087804 neg 0.32570836945034753	false	0.5
wixxer	off 1.0		off 0.3607002328652711 neg 0.31988737046173754 __DUMMY__ 0.3194123966729913	false	1.0
bezeichnet			off 0.34325027969074273 neg 0.330513637725609 __DUMMY__ 0.32623608258364845	false	0.0
jammerlappen	off 1.0		off 0.3503145008805549 __DUMMY__ 0.3264617114922166 neg 0.32322378762722853	false	1.0
farce	neg 1.0		off 0.34197022816338396 neg 0.33014120533009134 __DUMMY__ 0.3278885665065246	false	0.5
zwecklos	neg 1.0		off 0.34133539185083794 neg 0.3312918308223738 __DUMMY__ 0.32737277732678827	false	0.5
turbulent	neg 1.0		off 0.3508452431399429 neg 0.32463989376540425 __DUMMY__ 0.32451486309465294	false	0.5
invasion	neg 1.0		off 0.3465526304961614 __DUMMY__ 0.3269204845483664 neg 0.3265268849554722	false	0.5
schuld	neg 1.0		off 0.3448827994245152 neg 0.32867616916307213 __DUMMY__ 0.32644103141241254	false	0.5
risiko	neg 1.0	neg 1.0	neg 0.6496184306776268 off 0.19149584136420628 __DUMMY__ 0.15888572795816686	false	1.0
finster	neg 1.0		off 0.34513994488513583 neg 0.32866696254377353 __DUMMY__ 0.3261930925710905	false	0.5
geisteskrank	off 1.0		off 0.350064139124724 neg 0.3268342386619076 __DUMMY__ 0.3231016222133684	false	1.0
zusammenbrechen	neg 1.0		off 0.3422883162367677 neg 0.32937099812796244 __DUMMY__ 0.3283406856352698	false	0.5
ausbeute	neg 1.0		off 0.3438651766427689 __DUMMY__ 0.33299249813003123 neg 0.32314232522719977	false	0.5
hinterhalt	neg 1.0		off 0.3457418142842429 __DUMMY__ 0.33219481800720535 neg 0.32206336770855176	false	0.5
kritik	neg 1.0		off 0.3415027211769823 neg 0.33082672479405406 __DUMMY__ 0.32767055402896356	false	0.5
einschrumpfen	neg 1.0		off 0.3481128340232749 neg 0.32651492224758366 __DUMMY__ 0.32537224372914153	false	0.5
riskant	neg 1.0		off 0.3386638946001283 neg 0.3331616479534991 __DUMMY__ 0.3281744574463727	false	0.5
frustrieren	neg 1.0		off 0.33999595275074934 neg 0.3317262812288114 __DUMMY__ 0.3282777660204393	false	0.5
groll	neg 1.0		off 0.34076485754186125 neg 0.33176425890213235 __DUMMY__ 0.32747088355600656	false	0.5
gibt			off 0.3425330995547236 neg 0.3289321745407184 __DUMMY__ 0.328534725904558	false	0.0
qualvoll	neg 1.0		off 0.3482436008532155 __DUMMY__ 0.32706154469662846 neg 0.324694854450156	false	0.5
wackeln	neg 1.0		off 0.34662820996410276 __DUMMY__ 0.3289738390707136 neg 0.32439795096518376	false	0.5
klagen	neg 1.0		off 0.3362613778241524 neg 0.33390360322102286 __DUMMY__ 0.3298350189548249	false	0.5
bankrott	neg 1.0		off 0.35001417472295737 __DUMMY__ 0.3271541773421316 neg 0.32283164793491104	false	0.5
trauern	neg 1.0		off 0.34114996907545103 __DUMMY__ 0.3304938158411419 neg 0.32835621508340684	false	0.5
ablehnung	neg 1.0		off 0.3410665712758011 neg 0.33130122536351364 __DUMMY__ 0.3276322033606852	false	0.5
stur	neg 1.0		off 0.34525340455738945 neg 0.32817540470894285 __DUMMY__ 0.3265711907336675	false	0.5
aufruhr	neg 1.0		off 0.3434866485578984 __DUMMY__ 0.3285438844305294 neg 0.3279694670115722	false	0.5
melancholie	neg 1.0		off 0.34172718709265804 __DUMMY__ 0.3296102350847859 neg 0.328662577822556	false	0.5
ist			off 0.3467134677203827 __DUMMY__ 0.3272074230235349 neg 0.3260791092560825	false	0.0
torheit	neg 1.0		off 0.3445695830376293 neg 0.3279742013109142 __DUMMY__ 0.3274562156514565	false	0.5
dreckskind	off 1.0		off 0.35574666443986264 neg 0.32303782857215063 __DUMMY__ 0.3212155069879867	false	1.0
umtauschen	neg 1.0		off 0.34453765637743555 __DUMMY__ 0.3283157117895739 neg 0.32714663183299053	false	0.5
zum			off 0.33668495428915524 __DUMMY__ 0.33414261862243305 neg 0.3291724270884116	false	0.0
zersetzen	neg 1.0		off 0.3376276224487425 neg 0.3340993495223484 __DUMMY__ 0.3282730280289092	false	0.5
zur			off 0.33470246223199196 __DUMMY__ 0.332863211343481 neg 0.33243432642452697	false	0.0
frust	neg 1.0		off 0.3425273396970296 neg 0.32880787019425667 __DUMMY__ 0.32866479010871374	false	0.5
unerbittlichkeit	neg 1.0		off 0.3382680910258429 neg 0.33264612681924177 __DUMMY__ 0.3290857821549154	false	0.5
zwei			off 0.3375409958095304 __DUMMY__ 0.33331057502886335 neg 0.3291484291616063	false	0.0
unkorrekt	neg 1.0		off 0.3528778914323173 __DUMMY__ 0.32405137777228576 neg 0.3230707307953969	false	0.5
hexe	off 1.0		off 0.348953016183097 neg 0.3269011811541574 __DUMMY__ 0.3241458026627456	false	1.0
lasch	neg 1.0		off 0.34763942385429786 neg 0.3274358601545011 __DUMMY__ 0.3249247159912011	false	0.5
rivale	neg 1.0		off 0.352283940480387 __DUMMY__ 0.3248075466696618 neg 0.3229085128499511	false	0.5
mutlos	off 1.0	off 1.0	off 0.6572273605540654 neg 0.18439032726216312 __DUMMY__ 0.15838231218377155	false	1.0
wirr	off 1.0		off 0.3531100365075465 neg 0.3239655685398919 __DUMMY__ 0.32292439495256176	false	1.0
jahr			off 0.341311703746774 __DUMMY__ 0.3336826106341355 neg 0.3250056856190904	false	0.0
wird			off 0.341080714682941 neg 0.3302887554860654 __DUMMY__ 0.3286305298309938	false	0.0
strafbar	neg 1.0		off 0.33916291709301605 neg 0.3327831989615505 __DUMMY__ 0.32805388394543356	false	0.5
erosion	neg 1.0		off 0.3453991581784645 __DUMMY__ 0.3289052566779883 neg 0.3256955851435472	false	0.5
eingehen	neg 1.0		off 0.33945661379195163 neg 0.3325154898834739 __DUMMY__ 0.3280278963245744	false	0.5
faul	off 1.0		off 0.34996856269680915 __DUMMY__ 0.3270564803806422 neg 0.32297495692254874	false	1.0
provisorium	neg 1.0		__DUMMY__ 0.33450590298309013 off 0.33323959920052887 neg 0.33225449781638117	false	0.5
schmerzen	neg 1.0		off 0.3426698491926796 neg 0.33008053676950705 __DUMMY__ 0.32724961403781333	false	0.5
schrumpfen	neg 1.0		neg 0.3362501577406773 off 0.33324445393181085 __DUMMY__ 0.3305053883275119	false	1.0
geistlos	off 1.0		off 0.3454558960386287 neg 0.33021909312214714 __DUMMY__ 0.32432501083922416	false	1.0
fehlkauf	neg 1.0		off 0.3469807877779895 __DUMMY__ 0.32769879548222725 neg 0.3253204167397834	false	0.5
frustrierend	neg 1.0		off 0.34863750401791926 __DUMMY__ 0.3261450508671454 neg 0.32521744511493533	false	0.5
unzufrieden	neg 1.0		off 0.340878650918192 neg 0.33175447939569225 __DUMMY__ 0.3273668696861156	false	0.5
verzweifeln	neg 1.0		off 0.34315149049487065 neg 0.3289571020762483 __DUMMY__ 0.3278914074288811	false	0.5
verzweifelt	neg 1.0	neg 1.0	neg 0.6521842966066318 off 0.19050705798040093 __DUMMY__ 0.1573086454129672	false	1.0
misstrauensantrag	neg 1.0		off 0.34684120282933717 __DUMMY__ 0.32696613201486735 neg 0.32619266515579554	false	0.5
abfallen	neg 1.0		off 0.34648506323172856 __DUMMY__ 0.32868537101408474 neg 0.3248295657541868	false	0.5
fucker	off 1.0		off 0.35359876921042055 __DUMMY__ 0.32556806654053727 neg 0.32083316424904224	false	1.0
ungezogen	neg 1.0		off 0.3606648334991406 __DUMMY__ 0.3212196520053382 neg 0.31811551449552133	false	0.5
irrsinnig	neg 1.0	neg 1.0	neg 0.6517945712393546 off 0.19066817496871974 __DUMMY__ 0.15753725379192562	false	1.0
unfassbar	neg 1.0		off 0.35157560550684636 __DUMMY__ 0.32598349657075115 neg 0.3224408979224024	false	0.5
hart	neg 1.0		off 0.3506656195266397 __DUMMY__ 0.3255363584684973 neg 0.32379802200486296	false	0.5
widerlich	off 1.0		off 0.35088022452023837 neg 0.325052426836039 __DUMMY__ 0.3240673486437226	false	1.0
fatal	neg 1.0		off 0.3471148056958234 __DUMMY__ 0.3270732147771014 neg 0.3258119795270752	false	0.5
bruch	neg 1.0		off 0.33726408513924616 neg 0.33230710403153657 __DUMMY__ 0.3304288108292173	false	0.5
aushungern	neg 1.0		off 0.34225327831110164 neg 0.32917448179684217 __DUMMY__ 0.3285722398920562	false	0.5
anspannung	neg 1.0		off 0.33621569518716693 __DUMMY__ 0.3334761679196678 neg 0.3303081368931653	false	0.5
von			off 0.34199221090758336 __DUMMY__ 0.334503712500613 neg 0.3235040765918037	false	0.0
kraftlos	neg 1.0		off 0.3423421502325202 __DUMMY__ 0.32923443869483643 neg 0.3284234110726435	false	0.5
vom			__DUMMY__ 0.33543998845947887 off 0.33470990637311315 neg 0.3298501051674079	false	0.0
grenzdebil	off 1.0		off 0.3520500107318348 __DUMMY__ 0.3259610612375811 neg 0.3219889280305841	false	1.0
vor			off 0.33868981985442304 __DUMMY__ 0.3311125535221878 neg 0.3301976266233891	false	0.0
unterwerfen	neg 1.0		off 0.34018788364792035 neg 0.3311095265861842 __DUMMY__ 0.3287025897658954	false	0.5
versenkung	neg 1.0		off 0.34126977505960293 __DUMMY__ 0.32989730290078273 neg 0.3288329220396144	false	0.5
entziehen	neg 1.0		off 0.33688019212434145 neg 0.33337170046765585 __DUMMY__ 0.32974810740800276	false	0.5
finanzkrise	neg 1.0		off 0.3424074335305923 neg 0.3303882135267241 __DUMMY__ 0.32720435294268374	false	0.5
schimpfend	neg 1.0		off 0.3467782594413761 __DUMMY__ 0.3271015555682793 neg 0.3261201849903446	false	0.5
profan	neg 1.0		off 0.34708293927285067 neg 0.3266686192137783 __DUMMY__ 0.326248441513371	false	0.5
korruption	neg 1.0		off 0.3405856070076008 neg 0.33106199528798186 __DUMMY__ 0.3283523977044174	false	0.5
â			off 0.34218651696649965 __DUMMY__ 0.3299204774084838 neg 0.32789300562501655	false	0.0
schmutzig	neg 1.0		off 0.352892249422011 __DUMMY__ 0.3262451261105253 neg 0.3208626244674636	false	0.5
sexy	neg 1.0		off 0.3491229051309976 __DUMMY__ 0.3272274543205654 neg 0.32364964054843703	false	0.5
abraten	neg 1.0		off 0.346828081230835 __DUMMY__ 0.32710505996381817 neg 0.3260668588053468	false	0.5
schwarz	neg 1.0		off 0.346247754942004 __DUMMY__ 0.3271937130527857 neg 0.3265585320052104	false	0.5
fotze	off 1.0	off 1.0	off 0.6593446091799844 neg 0.1814483363877197 __DUMMY__ 0.15920705443229585	false	1.0
verwirren	neg 1.0		off 0.3478250370674802 __DUMMY__ 0.32643133859904877 neg 0.325743624333471	false	0.5
zahnlos	off 1.0		off 0.34220729398353245 neg 0.3301569434157254 __DUMMY__ 0.32763576260074223	false	1.0
verheeren	neg 1.0		off 0.3627404133193629 __DUMMY__ 0.3217714810067234 neg 0.3154881056739137	false	0.5
hippie	neg 1.0		off 0.34863116168234026 __DUMMY__ 0.3272420099929509 neg 0.32412682832470896	false	0.5
rammen	neg 1.0		off 0.3455533833887793 neg 0.3280653212213081 __DUMMY__ 0.3263812953899128	false	0.5
unlauter	neg 1.0		off 0.3442638863155326 neg 0.32988966276520204 __DUMMY__ 0.32584645091926534	false	0.5
unheilvoll	neg 1.0		off 0.34704313424365835 __DUMMY__ 0.32764257767678734 neg 0.3253142880795543	false	0.5
niedrig	neg 1.0		off 0.3381009122601117 neg 0.33395975534370337 __DUMMY__ 0.32793933239618506	false	0.5
explosion	neg 1.0		off 0.34766769126183744 __DUMMY__ 0.3268765671699643 neg 0.32545574156819823	false	0.5
weichei	off 1.0	off 1.0	off 0.6668538722563957 neg 0.17777252764249604 __DUMMY__ 0.15537360010110832	false	1.0
minusmensch	off 1.0		off 0.3582856907243557 neg 0.3211978420914448 __DUMMY__ 0.3205164671841995	false	1.0
farblos	neg 1.0		off 0.34456393193685253 __DUMMY__ 0.3284510276709001 neg 0.3269850403922474	false	0.5
unwissend	neg 1.0	neg 1.0	neg 0.6502502419338092 off 0.1930491039276586 __DUMMY__ 0.15670065413853226	false	1.0
traurig	neg 1.0		off 0.3542113300286033 __DUMMY__ 0.3250517555292269 neg 0.3207369144421699	false	0.5
senkung	neg 1.0		off 0.34644340119009426 neg 0.3280553943909911 __DUMMY__ 0.32550120441891467	false	0.5
ungleich	neg 1.0	neg 1.0	neg 0.6546327005029995 off 0.18687110224252787 __DUMMY__ 0.15849619725447275	false	1.0
heikel	neg 1.0		off 0.3386242675511767 neg 0.3332155050099904 __DUMMY__ 0.3281602274388327	false	0.5
drosselung	neg 1.0		off 0.3514397924838781 __DUMMY__ 0.32543122903184385 neg 0.3231289784842781	false	0.5
falsch	neg 1.0		off 0.3485220854697751 neg 0.32586373301740607 __DUMMY__ 0.32561418151281885	false	0.5
unzufriedenheit	neg 1.0		off 0.33755609863192176 neg 0.333071592859863 __DUMMY__ 0.32937230850821525	false	0.5
kurz	neg 1.0		off 0.34423564378703697 __DUMMY__ 0.33001031476242715 neg 0.3257540414505359	false	0.5
unsinnig	neg 1.0		off 0.3418068179569464 neg 0.33138953197523563 __DUMMY__ 0.326803650067818	false	0.5
penner	off 1.0	off 1.0	off 0.667920423897303 neg 0.17679843263570583 __DUMMY__ 0.15528114346699126	false	1.0
seicht	neg 1.0		off 0.35910791552119414 neg 0.3205966356760318 __DUMMY__ 0.3202954488027741	false	0.5
dummheit	off 1.0	off 1.0	off 0.6616928067857559 neg 0.1813826069062894 __DUMMY__ 0.15692458630795467	false	1.0
unerfreulich	neg 1.0		off 0.33844574482743806 neg 0.3322403114889973 __DUMMY__ 0.3293139436835647	false	0.5
motherfucker	off 1.0	off 1.0	off 0.6648841235878886 neg 0.17818174148102947 __DUMMY__ 0.15693413493108185	false	1.0
pikiert	neg 1.0		off 0.3504042278389568 neg 0.324827321153705 __DUMMY__ 0.32476845100733814	false	0.5
wrack	neg 1.0		off 0.3429282080635386 __DUMMY__ 0.3296741143554861 neg 0.3273976775809754	false	0.5
gangster	neg 1.0		off 0.34865670143624783 __DUMMY__ 0.3271660308561557 neg 0.3241772677075965	false	0.5
krank	neg 1.0		off 0.35220329963691155 __DUMMY__ 0.3261222051757088 neg 0.32167449518737967	false	0.5
reich	neg 1.0		off 0.3513675372074495 __DUMMY__ 0.327130396883167 neg 0.32150206590938357	false	0.5
gnadenlos	neg 1.0		off 0.34537320354872597 neg 0.3277293662741444 __DUMMY__ 0.32689743017712963	false	0.5
niedergeschlagen	neg 1.0		off 0.3432665587848714 __DUMMY__ 0.32871645194123433 neg 0.3280169892738944	false	0.5
terrorisieren	off 1.0	off 1.0	off 0.6579503140537197 neg 0.1830073785745306 __DUMMY__ 0.1590423073717497	false	1.0
sinnlosigkeit	neg 1.0		off 0.3417725650155514 neg 0.3303044309414605 __DUMMY__ 0.327923004042988	false	0.5
behindern	neg 1.0		off 0.3439409980382037 __DUMMY__ 0.32839686940283286 neg 0.32766213255896337	false	0.5
undemokratisch	neg 1.0		off 0.34500216408291046 neg 0.3280473690698991 __DUMMY__ 0.32695046684719026	false	0.5
wirtschaftskrise	neg 1.0		off 0.3401970838737517 neg 0.3316579431202884 __DUMMY__ 0.3281449730059599	false	0.5
neid	neg 1.0		off 0.34958963629608203 __DUMMY__ 0.3271171449178599 neg 0.32329321878605816	false	0.5
rutschen	neg 1.0		off 0.3376410529911198 __DUMMY__ 0.3336247709632628 neg 0.32873417604561733	false	0.5
rezession	neg 1.0		off 0.3516107484764684 neg 0.32697257489668946 __DUMMY__ 0.3214166766268422	false	0.5
fehlgeburt	neg 1.0		off 0.3470637156699091 __DUMMY__ 0.3278668020767251 neg 0.32506948225336574	false	0.5
charakterschwach	off 1.0		off 0.3506491565062813 neg 0.32520701098950905 __DUMMY__ 0.32414383250420964	false	1.0
isolation	neg 1.0		off 0.3487752824255743 __DUMMY__ 0.32670870969652 neg 0.3245160078779058	false	0.5
ablenkung	neg 1.0		off 0.34514183885636845 __DUMMY__ 0.3284308302560728 neg 0.3264273308875587	false	0.5
pech	neg 1.0		off 0.3486752824839808 __DUMMY__ 0.32628532572667185 neg 0.3250393917893474	false	0.5
vermeidung	neg 1.0		off 0.3519450399172925 __DUMMY__ 0.32583664494785 neg 0.32221831513485755	false	0.5
dominieren	neg 1.0		off 0.34072121364270436 __DUMMY__ 0.32967464813575076 neg 0.329604138221545	false	0.5
schwindlig	neg 1.0		off 0.3478803527111485 __DUMMY__ 0.32793685447593574 neg 0.32418279281291595	false	0.5
lutscher	neg 1.0		off 0.36009468335322325 __DUMMY__ 0.32068810325401004 neg 0.3192172133927665	false	0.5
pflicht	neg 1.0		off 0.33763733596366086 neg 0.33344661781029733 __DUMMY__ 0.3289160462260419	false	0.5
faschist	off 1.0		off 0.34810558274012837 __DUMMY__ 0.32651472715152796 neg 0.32537969010834356	false	1.0
verschleudern	neg 1.0		off 0.3385388166042466 neg 0.3331984524667098 __DUMMY__ 0.3282627309290434	false	0.5
wenn			off 0.3490848635455173 __DUMMY__ 0.3260492681485877 neg 0.3248658683058948	false	0.0
ehebruch	neg 1.0		off 0.34071165987867275 neg 0.33068595252263927 __DUMMY__ 0.328602387598688	false	0.5
spott	off 1.0		off 0.33987683119131246 neg 0.3317323707033278 __DUMMY__ 0.3283907981053599	false	1.0
trostlosigkeit	neg 1.0		off 0.338479413894617 __DUMMY__ 0.33078589563408156 neg 0.3307346904713015	false	0.5
lutschen	neg 1.0		off 0.34821009277418663 neg 0.3259556926129752 __DUMMY__ 0.3258342146128382	false	0.5
undiszipliniert	neg 1.0		off 0.3529369109661361 __DUMMY__ 0.32439976113039753 neg 0.32266332790346625	false	0.5
kopfschmerz	neg 1.0		off 0.34170052944783247 neg 0.33057240354776607 __DUMMY__ 0.32772706700440135	false	0.5
unvorhergesehen	neg 1.0		off 0.3411856060150305 __DUMMY__ 0.33165272662677886 neg 0.3271616673581906	false	0.5
desinteressiert	neg 1.0	neg 1.0	neg 0.6488669032037098 off 0.19466792592996002 __DUMMY__ 0.15646517086633022	false	1.0
armselig	off 1.0		off 0.3527348371459998 neg 0.3242043644422398 __DUMMY__ 0.3230607984117603	false	1.0
desaster	neg 1.0		off 0.33624503790425575 neg 0.3335467971439406 __DUMMY__ 0.3302081649518036	false	0.5
tod	neg 1.0		off 0.3430034475156034 __DUMMY__ 0.33087374636154704 neg 0.3261228061228496	false	0.5
herzlos	neg 1.0		off 0.35349118084107817 __DUMMY__ 0.32405457582906405 neg 0.3224542433298578	false	0.5
unwissenheit	neg 1.0		off 0.34116075561479337 neg 0.3310871226587764 __DUMMY__ 0.3277521217264302	false	0.5
widersinnig	neg 1.0		off 0.33985501495426906 neg 0.3340602477902761 __DUMMY__ 0.3260847372554548	false	0.5
bedenklich	neg 1.0		off 0.3398968888236064 neg 0.3323560951679667 __DUMMY__ 0.3277470160084268	false	0.5
beanstanden	neg 1.0		off 0.3374336971750343 neg 0.33330175587855826 __DUMMY__ 0.32926454694640733	false	0.5
panisch	neg 1.0	neg 1.0	neg 0.6484411609761926 off 0.1926797122432919 __DUMMY__ 0.15887912678051555	false	1.0
debil	off 1.0		off 0.3334632778602657 __DUMMY__ 0.33335296233779077 neg 0.3331837598019434	false	1.0
abstrich	neg 1.0		off 0.3462769586766117 __DUMMY__ 0.3314666070324275 neg 0.32225643429096074	false	0.5
primitiv	neg 1.0		off 0.35090125056740545 neg 0.32531521300375343 __DUMMY__ 0.32378353642884117	false	0.5
abschaum	off 1.0	off 1.0	off 0.6633320918041642 neg 0.17990636732421392 __DUMMY__ 0.1567615408716219	false	1.0
provozieren	neg 1.0		off 0.34433546340648735 neg 0.32971263194372347 __DUMMY__ 0.32595190464978924	false	0.5
tot	neg 1.0		off 0.34145236836642573 neg 0.33014007230761255 __DUMMY__ 0.32840755932596166	false	0.5
instabil	neg 1.0		off 0.353129699865164 __DUMMY__ 0.3243949007767924 neg 0.3224753993580435	false	0.5
schwuchtel	off 1.0	off 1.0	off 0.6709859175338897 neg 0.17544330807699524 __DUMMY__ 0.15357077438911512	false	1.0
zerren	neg 1.0		off 0.34266485817739295 __DUMMY__ 0.3288748387661851 neg 0.328460303056422	false	0.5
kinderficker	off 1.0		off 0.35662984588942837 __DUMMY__ 0.32339216808179394 neg 0.31997798602877775	false	1.0
gefahr	neg 1.0		off 0.3381789894464416 neg 0.33143456338980426 __DUMMY__ 0.33038644716375426	false	0.5
rabiat	neg 1.0		off 0.34472380076121795 __DUMMY__ 0.32782565064021496 neg 0.3274505485985671	false	0.5
verlangsamung	neg 1.0		off 0.3563056929672297 neg 0.3232898381889254 __DUMMY__ 0.32040446884384494	false	0.5
ausgestorben	neg 1.0		off 0.3447647403677978 __DUMMY__ 0.328421490398107 neg 0.32681376923409533	false	0.5
anklagen	neg 1.0		off 0.34133237486797446 neg 0.3298097229722803 __DUMMY__ 0.32885790215974525	false	0.5
trott	neg 1.0		off 0.34435956809133594 __DUMMY__ 0.3283390354403923 neg 0.3273013964682717	false	0.5
verminderung	neg 1.0		off 0.3514358281747526 __DUMMY__ 0.32466771509087694 neg 0.3238964567343706	false	0.5
nach			off 0.3361705704710997 __DUMMY__ 0.33386610640534975 neg 0.32996332312355053	false	0.0
rost	neg 1.0		off 0.3565658380495559 __DUMMY__ 0.3226672089866167 neg 0.3207669529638274	false	0.5
destruktiv	neg 1.0		off 0.34312220872266236 neg 0.330352687263048 __DUMMY__ 0.3265251040142896	false	0.5
unzumutbarkeit	neg 1.0		off 0.3511267443060563 __DUMMY__ 0.3264052896020245 neg 0.3224679660919194	false	0.5
labil	off 1.0	off 1.0	off 0.6631265023367106 neg 0.17963858778276987 __DUMMY__ 0.15723490988051958	false	1.0
ziemlich	neg 1.0		off 0.3517032434730689 __DUMMY__ 0.3263789743209645 neg 0.32191778220596656	false	0.5
lachnummer	off 1.0		off 0.3440651144369733 neg 0.32936824198113585 __DUMMY__ 0.3265666435818908	false	1.0
oder			off 0.3460636919519482 __DUMMY__ 0.3282296505842933 neg 0.32570665746375854	false	0.0
verfall	neg 1.0		neg 0.33471098279914174 off 0.33400741879420753 __DUMMY__ 0.33128159840665067	false	1.0
ausgrenzung	neg 1.0		off 0.3458884690770978 neg 0.32712320819165297 __DUMMY__ 0.3269883227312492	false	0.5
unordnung	neg 1.0		off 0.3550637661629252 __DUMMY__ 0.32695012785370414 neg 0.3179861059833706	false	0.5
fehlverhalten	neg 1.0		off 0.3376683051759966 neg 0.33438503705417094 __DUMMY__ 0.32794665776983256	false	0.5
eine			off 0.33898120300952056 neg 0.33053500874087 __DUMMY__ 0.3304837882496094	false	0.0
nille	neg 1.0		off 0.34473584707964006 __DUMMY__ 0.32891688832633137 neg 0.3263472645940285	false	0.5
qual	neg 1.0		off 0.3439262405074746 __DUMMY__ 0.328487211312485 neg 0.3275865481800405	false	0.5
verschwenden	neg 1.0		off 0.33923096723515483 neg 0.3328315646433483 __DUMMY__ 0.3279374681214968	false	0.5
riesig	neg 1.0		off 0.34148274361448805 __DUMMY__ 0.32985509345340197 neg 0.32866216293211	false	0.5
verurteilen	neg 1.0		off 0.3405214634879937 neg 0.33232400788581745 __DUMMY__ 0.3271545286261888	false	0.5
klischee	neg 1.0	neg 1.0	neg 0.6507668854450936 off 0.19225280810424283 __DUMMY__ 0.15698030645066355	false	1.0
diktatorisch	neg 1.0		off 0.34503108543747046 neg 0.32831053017114226 __DUMMY__ 0.3266583843913873	false	0.5
vorhersehbar	neg 1.0		off 0.34683670991594096 neg 0.328058875821184 __DUMMY__ 0.3251044142628751	false	0.5
sowie			off 0.35567011594334086 __DUMMY__ 0.3231792498957841 neg 0.3211506341608749	false	0.0
stornieren	neg 1.0		off 0.34913335293549674 __DUMMY__ 0.33018553793708616 neg 0.3206811091274171	false	0.5
besteuerung	neg 1.0		off 0.34351576924772553 neg 0.3310001832899815 __DUMMY__ 0.3254840474622928	false	0.5
ungeschminkt	neg 1.0		off 0.3503963199605203 neg 0.32610701752345644 __DUMMY__ 0.32349666251602327	false	0.5
kritisch	neg 1.0		off 0.33985609964507063 neg 0.3319846362147728 __DUMMY__ 0.3281592641401566	false	0.5
schlamperei	off 1.0		off 0.33945656127254836 neg 0.3306983295777684 __DUMMY__ 0.3298451091496832	false	1.0
sucht	neg 1.0	neg 1.0	neg 0.6471458116548668 off 0.19246680697197666 __DUMMY__ 0.16038738137315653	false	1.0
egoistisch	off 1.0		off 0.3557921242508002 neg 0.3221567728556531 __DUMMY__ 0.3220511028935466	false	1.0
ausbeuter	off 1.0		off 0.3372609300017778 neg 0.33528723104459884 __DUMMY__ 0.32745183895362334	false	1.0
arschgeburt	off 1.0		off 0.3628974653107884 neg 0.31903118597429675 __DUMMY__ 0.31807134871491477	false	1.0
schubs	neg 1.0		off 0.34265064508026283 neg 0.32870163869206864 __DUMMY__ 0.3286477162276687	false	0.5
unsolide	neg 1.0		off 0.34538802773058774 neg 0.32870597358164705 __DUMMY__ 0.3259059986877652	false	0.5
beschwerde	neg 1.0		off 0.33971117136608614 neg 0.33150395718636394 __DUMMY__ 0.32878487144754986	false	0.5
stocken	neg 1.0		off 0.33972820139003373 neg 0.3306952881551517 __DUMMY__ 0.3295765104548146	false	0.5
isolieren	neg 1.0		off 0.3409962261836655 neg 0.33040100388346066 __DUMMY__ 0.32860276993287396	false	0.5
unheilbar	neg 1.0		off 0.3448406028912522 __DUMMY__ 0.32769386304372167 neg 0.32746553406502615	false	0.5
pisser	off 1.0		off 0.3528965736106943 __DUMMY__ 0.3239398845281437 neg 0.32316354186116203	false	1.0
löschen	neg 1.0		off 0.3447446746109561 __DUMMY__ 0.3282788440469062 neg 0.3269764813421376	false	0.5
durchfallen	neg 1.0		off 0.3398859745825143 neg 0.3330511921141851 __DUMMY__ 0.32706283330330066	false	0.5
wichser	off 1.0	off 1.0	off 0.6696846910377435 neg 0.17576434792609127 __DUMMY__ 0.15455096103616522	false	1.0
terror	neg 1.0		off 0.3483145849882897 __DUMMY__ 0.3272733602591329 neg 0.32441205475257756	false	0.5
krass	neg 1.0		off 0.3544411491569055 __DUMMY__ 0.3239189750157252 neg 0.32163987582736925	false	0.5
revolte	neg 1.0		off 0.34700578733727827 __DUMMY__ 0.3274838150558014 neg 0.3255103976069203	false	0.5
besorgt	neg 1.0		off 0.34454812824094544 __DUMMY__ 0.33085159074029336 neg 0.3246002810187611	false	0.5
nachlassen	neg 1.0		off 0.3407085610304757 __DUMMY__ 0.3307622016066463 neg 0.3285292373628778	false	0.5
alt	neg 1.0		off 0.3414033496202819 neg 0.3304437779559535 __DUMMY__ 0.3281528724237647	false	0.5
hundesohn	off 1.0		off 0.3605098455064836 __DUMMY__ 0.32109114242927594 neg 0.3183990120642404	false	1.0
als			off 0.3421008767846025 neg 0.3294983801376984 __DUMMY__ 0.3284007430776991	false	0.0
abschreckung	neg 1.0		off 0.33718449038979653 neg 0.3334969501225897 __DUMMY__ 0.3293185594876138	false	0.5
unqualifiziert	neg 1.0		off 0.34753487879544825 neg 0.32790469439336706 __DUMMY__ 0.3245604268111847	false	0.5
abgewichst	off 1.0		off 0.343987118953927 __DUMMY__ 0.32912559671979785 neg 0.3268872843262751	false	1.0
schwer	neg 1.0		off 0.34348060988498375 neg 0.32908910273520986 __DUMMY__ 0.32743028737980634	false	0.5
bedeutungslosigkeit	neg 1.0		off 0.33841852492297836 neg 0.33252168087010947 __DUMMY__ 0.32905979420691206	false	0.5
kapitulation	neg 1.0		off 0.3403561473176043 neg 0.33041010577130525 __DUMMY__ 0.3292337469110905	false	0.5
unscharf	neg 1.0		off 0.3464769969600664 neg 0.3278305053694114 __DUMMY__ 0.3256924976705222	false	0.5
schwinden	neg 1.0		off 0.33861711150028634 neg 0.33165478333111154 __DUMMY__ 0.32972810516860207	false	0.5
versklavung	neg 1.0		off 0.3453342344157665 __DUMMY__ 0.32767577038324935 neg 0.32698999520098426	false	0.5
schlecht	neg 1.0		off 0.3517354190348906 __DUMMY__ 0.3261957907185568 neg 0.32206879024655255	false	0.5
verhasst	neg 1.0		off 0.3444073972318929 neg 0.3304691730635461 __DUMMY__ 0.325123429704561	false	0.5
beschweren	neg 1.0		off 0.346604789071683 __DUMMY__ 0.32688634459504246 neg 0.32650886633327436	false	0.5
scheiden	neg 1.0		off 0.34541284950986845 __DUMMY__ 0.32902262903105733 neg 0.32556452145907416	false	0.5
frustriert	neg 1.0		off 0.3423640976276135 neg 0.3300884631709458 __DUMMY__ 0.32754743920144064	false	0.5
schimmelig	neg 1.0		off 0.3402565547539295 neg 0.332661568746241 __DUMMY__ 0.3270818764998295	false	0.5
fisch	neg 1.0		off 0.33754748755979763 neg 0.3338264248289772 __DUMMY__ 0.3286260876112252	false	0.5
schmuggel	neg 1.0		off 0.3392600660256373 neg 0.3313932156761874 __DUMMY__ 0.3293467182981754	false	0.5
auffallen	neg 1.0		off 0.3474497872126677 __DUMMY__ 0.32657795426050124 neg 0.325972258526831	false	0.5
konkurrenz	neg 1.0		off 0.337346596569953 neg 0.33258710460396784 __DUMMY__ 0.3300662988260791	false	0.5
teufelskreis	neg 1.0	neg 1.0	neg 0.6528651384788308 off 0.18949648714075254 __DUMMY__ 0.15763837438041675	false	1.0
aufschreien	neg 1.0		off 0.34693718636406357 neg 0.32728822929175544 __DUMMY__ 0.325774584344181	false	0.5
schuldner	neg 1.0		off 0.3371229046746801 neg 0.33455160644436754 __DUMMY__ 0.3283254888809523	false	0.5
missgeburt	off 1.0	off 1.0	off 0.6670175305003097 neg 0.177980554654012 __DUMMY__ 0.15500191484567832	false	1.0
arbeitslos	neg 1.0		off 0.34027416951707656 neg 0.332743537906318 __DUMMY__ 0.3269822925766053	false	0.5
befallen	neg 1.0		off 0.34248052015649516 neg 0.329577533841371 __DUMMY__ 0.3279419460021339	false	0.5
miesepetrig	off 1.0	off 1.0	off 0.6638887197166672 neg 0.17885395579796248 __DUMMY__ 0.1572573244853704	false	1.0
alarmieren	neg 1.0		off 0.3485853731331981 neg 0.32608662640566777 __DUMMY__ 0.32532800046113414	false	0.5
ungeduscht	off 1.0		off 0.348628261773106 neg 0.32617959859375073 __DUMMY__ 0.3251921396331433	false	1.0
knappheit	neg 1.0		off 0.33909996333397174 neg 0.33444514000444275 __DUMMY__ 0.3264548966615855	false	0.5
schlange	neg 1.0		off 0.34795280981278304 __DUMMY__ 0.3293258847652643 neg 0.32272130542195276	false	0.5
harsch	neg 1.0		off 0.3569606722642952 __DUMMY__ 0.3255589433670082 neg 0.3174803843686965	false	0.5
lang	neg 1.0		off 0.3459301063906741 __DUMMY__ 0.32825713984177274 neg 0.32581275376755303	false	0.5
ziellos	neg 1.0		off 0.34166130947042 __DUMMY__ 0.329854760524076 neg 0.3284839300055041	false	0.5
selbstverliebt	neg 1.0		off 0.36115268782374804 __DUMMY__ 0.31965327688439427 neg 0.3191940352918576	false	0.5
beseitigen	neg 1.0		off 0.3429242766033644 neg 0.3285943543598012 __DUMMY__ 0.32848136903683434	false	0.5
dumm	off 1.0		off 0.357140171870107 __DUMMY__ 0.322492764422558 neg 0.32036706370733503	false	1.0
arbeitsloser	neg 1.0		off 0.3415809031783939 neg 0.3297464448734384 __DUMMY__ 0.32867265194816775	false	0.5
blitzen	neg 1.0		off 0.3480922005141962 __DUMMY__ 0.32678957511006673 neg 0.3251182243757371	false	0.5
hilflos	neg 1.0		off 0.3419391549764751 neg 0.33030822328581405 __DUMMY__ 0.3277526217377108	false	0.5
eklig	off 1.0		off 0.35697712605467435 neg 0.3218509914680528 __DUMMY__ 0.3211718824772728	false	1.0
begriff			off 0.3431381118505202 neg 0.3295135095748443 __DUMMY__ 0.3273483785746355	false	0.0
hungersnot	neg 1.0		off 0.3421726536582167 __DUMMY__ 0.32925398821173385 neg 0.3285733581300495	false	0.5
ungesetzlich	neg 1.0		off 0.3434129327979316 neg 0.3313175105510468 __DUMMY__ 0.3252695566510217	false	0.5
verschwendung	neg 1.0		off 0.33928270740414984 neg 0.33187537705075115 __DUMMY__ 0.3288419155450989	false	0.5
schmerzvoll	neg 1.0		off 0.3465338770032423 __DUMMY__ 0.3272460327383453 neg 0.3262200902584125	false	0.5
vorzeitig	neg 1.0		off 0.3480001404232742 __DUMMY__ 0.3272190637244451 neg 0.3247807958522806	false	0.5
unvollkommenheit	neg 1.0		off 0.3429284299282294 __DUMMY__ 0.33072620052935137 neg 0.3263453695424193	false	0.5
intervenieren	neg 1.0		off 0.3386463119011641 neg 0.3329748267107825 __DUMMY__ 0.3283788613880535	false	0.5
banause	off 1.0		off 0.3591388041751908 neg 0.32136760062604763 __DUMMY__ 0.31949359519876164	false	1.0
rebell	neg 1.0		off 0.3353748748947767 neg 0.33449446540364003 __DUMMY__ 0.3301306597015833	false	0.5
unlogisch	neg 1.0		off 0.35276818367425317 neg 0.32379186364677576 __DUMMY__ 0.32343995267897097	false	0.5
leiden	neg 1.0		off 0.33899926035171224 neg 0.330811438717302 __DUMMY__ 0.3301893009309858	false	0.5
abschaffung	neg 1.0		off 0.3445563616817731 neg 0.32802525388781 __DUMMY__ 0.3274183844304169	false	0.5
sturz	neg 1.0		off 0.3457682968365962 __DUMMY__ 0.32926018231293924 neg 0.32497152085046455	false	0.5
verkleinerung	neg 1.0		off 0.34632492584406066 neg 0.3287251990804367 __DUMMY__ 0.3249498750755027	false	0.5
schmarotzer	off 1.0		off 0.3407181312514363 neg 0.3330551696378486 __DUMMY__ 0.32622669911071495	false	1.0
bestrafung	neg 1.0		off 0.345685860226736 __DUMMY__ 0.3274522319171933 neg 0.3268619078560707	false	0.5
achtlos	neg 1.0	neg 1.0	neg 0.6511180184882092 off 0.1901645357494327 __DUMMY__ 0.15871744576235813	false	1.0
ungeheuer	neg 1.0		off 0.3481618846764231 __DUMMY__ 0.3279553931477494 neg 0.3238827221758275	false	0.5
unaufrichtig	neg 1.0		off 0.3488440080454402 __DUMMY__ 0.32791586170405257 neg 0.3232401302505073	false	0.5
groggy	neg 1.0		off 0.34823481867161793 __DUMMY__ 0.32715203708059054 neg 0.3246131442477915	false	0.5
verletzlich	neg 1.0		off 0.3507809146377656 neg 0.32484108179025883 __DUMMY__ 0.32437800357197555	false	0.5
ablehnen	neg 1.0		off 0.3404238016737572 neg 0.3318230983190605 __DUMMY__ 0.32775310000718244	false	0.5
