unsolidarisch	neg 1.0		__DUMMY__ 0.8777903392185059 neg 0.061189491234053255 off 0.061020169547440876	false	1.0
nachteilig	neg 1.0		__DUMMY__ 0.8833147913928947 neg 0.05996511243846234 off 0.05672009616864302	false	1.0
skeptisch	neg 1.0		__DUMMY__ 0.883928045031694 neg 0.05974534304191712 off 0.056326611926388895	false	1.0
schrecklich	neg 1.0		__DUMMY__ 0.8757618790610638 off 0.06985793101874936 neg 0.05438018992018682	false	0.5
schlapp	neg 1.0		__DUMMY__ 0.8791526128112415 off 0.0657816742223766 neg 0.05506571296638184	false	0.5
abfall	neg 1.0		__DUMMY__ 0.8877796500038445 neg 0.05937618308790961 off 0.052844166908246	false	1.0
widerspenstig	neg 1.0		__DUMMY__ 0.8821382187682067 off 0.06086726933853015 neg 0.05699451189326303	false	0.5
abrupt	neg 1.0		__DUMMY__ 0.8876624477380358 off 0.056652910596123165 neg 0.055684641665840966	false	0.5
unwirksam	neg 1.0		__DUMMY__ 0.8774457131222371 neg 0.061899082850432045 off 0.06065520402733092	false	1.0
angreifen	neg 1.0		__DUMMY__ 0.8832987874035476 neg 0.06034560417708323 off 0.05635560841936906	false	1.0
inkonsistent	neg 1.0		__DUMMY__ 0.8791519788086586 off 0.06147745383659457 neg 0.05937056735474687	false	0.5
abrutschen	neg 1.0		__DUMMY__ 0.8861496689809435 neg 0.06047027809483702 off 0.05338005292421961	false	1.0
unsicher	neg 1.0		__DUMMY__ 0.8828147197718597 off 0.060846071694489044 neg 0.05633920853365129	false	0.5
bauernkind	off 1.0	off 1.0	off 0.5234038053403622 __DUMMY__ 0.4289606291067551 neg 0.04763556555288261	false	1.0
angreifer	neg 1.0	neg 1.0	neg 0.5106229111662982 __DUMMY__ 0.4418940791907834 off 0.04748300964291841	false	1.0
trennen	neg 1.0		__DUMMY__ 0.887415397059434 neg 0.05680692931454277 off 0.05577767362602334	false	1.0
schmutz	neg 1.0		__DUMMY__ 0.8859015479912024 off 0.06204895961079491 neg 0.052049492398002765	false	0.5
inkonsistenz	neg 1.0		__DUMMY__ 0.8727774930659106 off 0.06626765168360609 neg 0.06095485525048342	false	0.5
erschreckend	neg 1.0		__DUMMY__ 0.8805346452484046 off 0.06036668410272029 neg 0.05909867064887512	false	0.5
ertrinken	neg 1.0		__DUMMY__ 0.884952940146697 neg 0.058461203286263974 off 0.056585856567039024	false	1.0
pickelface	off 1.0		__DUMMY__ 0.8833419238204406 off 0.059969321754434854 neg 0.0566887544251245	false	1.0
seiner			__DUMMY__ 0.8845422189704202 neg 0.058869544607140216 off 0.05658823642243963	false	0.0
lauch	neg 1.0		__DUMMY__ 0.8883784067356228 neg 0.05804028412006084 off 0.05358130914431629	false	1.0
unwichtig	neg 1.0		__DUMMY__ 0.8761942315263578 off 0.06575921577101598 neg 0.058046552702626174	false	0.5
steuerhinterziehung	neg 1.0	neg 1.0	neg 0.5148803595068424 __DUMMY__ 0.44071531380830375 off 0.04440432668485372	false	1.0
schock	neg 1.0		__DUMMY__ 0.8838065031130277 off 0.0600299448204334 neg 0.05616355206653891	false	0.5
beule	neg 1.0		__DUMMY__ 0.8774052982871667 off 0.06668014290810546 neg 0.05591455880472781	false	0.5
vergelten	neg 1.0		__DUMMY__ 0.8797234211153235 off 0.06879224805081806 neg 0.051484330833858415	false	0.5
verdorbenheit	neg 1.0		__DUMMY__ 0.8854805146303176 off 0.06107349603455788 neg 0.053445989335124476	false	0.5
trauma	neg 1.0		__DUMMY__ 0.8812872652776557 off 0.06180400996585841 neg 0.05690872475648588	false	0.5
sinnlos	neg 1.0		__DUMMY__ 0.8802117888934237 off 0.06311764316451188 neg 0.05667056794206458	false	0.5
fettsack	off 1.0	off 1.0	off 0.5242922319581483 __DUMMY__ 0.4308667516728131 neg 0.04484101636903861	false	1.0
feige	off 1.0	off 1.0	off 0.520295952441824 __DUMMY__ 0.4348463723007464 neg 0.04485767525742944	false	1.0
abdanken	neg 1.0		__DUMMY__ 0.8827215080567142 off 0.06057406501715293 neg 0.056704426926132735	false	0.5
wichtigtuer	off 1.0	off 1.0	off 0.5184478694003832 __DUMMY__ 0.4368075484740136 neg 0.04474458212560307	false	1.0
misslingen	neg 1.0		__DUMMY__ 0.8880319916361498 off 0.06096509110507803 neg 0.051002917258772255	false	0.5
untreu	off 1.0		__DUMMY__ 0.8774914266148303 off 0.066186790650992 neg 0.05632178273417774	false	1.0
missmutig	neg 1.0		__DUMMY__ 0.8793624956474425 off 0.06541293822393926 neg 0.05522456612861829	false	0.5
hurenbock	off 1.0		__DUMMY__ 0.8830295708839286 off 0.06244548423606572 neg 0.05452494488000574	false	1.0
betrunken	neg 1.0		__DUMMY__ 0.8779299336250209 off 0.06750734162203018 neg 0.05456272475294886	false	0.5
korrupt	off 1.0		__DUMMY__ 0.8789067156941225 neg 0.062238082085906435 off 0.05885520221997105	false	0.5
unmut	neg 1.0		__DUMMY__ 0.8868881359930479 neg 0.059561411932875036 off 0.05355045207407705	false	1.0
hackfresse	off 1.0		__DUMMY__ 0.8715648257005377 off 0.07329975470734394 neg 0.055135419592118304	false	1.0
aufblasen	neg 1.0		__DUMMY__ 0.8819114191183928 off 0.06255543873241956 neg 0.055533142149187587	false	0.5
gewaltsam	neg 1.0		__DUMMY__ 0.884228476027323 off 0.05944553891742749 neg 0.05632598505524946	false	0.5
unbeliebtheit	neg 1.0		__DUMMY__ 0.8763711800873554 off 0.0649431002787561 neg 0.05868571963388844	false	0.5
sturheit	neg 1.0		__DUMMY__ 0.8809300053058363 off 0.05986384883314647 neg 0.05920614586101717	false	0.5
kuh	neg 1.0		__DUMMY__ 0.8751072974200236 off 0.0629902835431597 neg 0.061902419036816626	false	0.5
erschrecken	neg 1.0		__DUMMY__ 0.8804006929345763 off 0.0651605761278998 neg 0.054438730937523785	false	0.5
opfer	neg 1.0		__DUMMY__ 0.8837934226698326 neg 0.05852031995014455 off 0.05768625738002284	false	1.0
sinken	neg 1.0		__DUMMY__ 0.8876659080978605 neg 0.05837113245257306 off 0.053962959449566375	false	1.0
stinktier	neg 1.0		__DUMMY__ 0.8682933466313691 off 0.0706173931569146 neg 0.06108926021171622	false	0.5
tucke	off 1.0		__DUMMY__ 0.8686662387785745 off 0.0742866817835266 neg 0.05704707943789877	false	1.0
ein			__DUMMY__ 0.8819397878564197 off 0.061735793067302265 neg 0.05632441907627801	false	0.0
abstieg	neg 1.0		__DUMMY__ 0.8858330524594294 neg 0.057541069213092606 off 0.05662587832747793	false	1.0
missverstehen	neg 1.0		__DUMMY__ 0.8763451655781281 off 0.06400901169221349 neg 0.05964582272965847	false	0.5
ergebnislos	neg 1.0		__DUMMY__ 0.8859558344433174 neg 0.05770481434886919 off 0.056339351207813346	false	1.0
unter			__DUMMY__ 0.8931806372063186 neg 0.05822468288770778 off 0.04859467990597371	false	0.0
manipulieren	neg 1.0		__DUMMY__ 0.8849510075882671 neg 0.05910684531925527 off 0.05594214709247769	false	1.0
unbewiesen	neg 1.0		__DUMMY__ 0.8765296014719354 neg 0.062460292848525945 off 0.06101010567953861	false	1.0
verschleppen	neg 1.0		__DUMMY__ 0.882789588610803 neg 0.05917853444626122 off 0.058031876942935684	false	1.0
weib	off 1.0		__DUMMY__ 0.8670507673274854 off 0.0740882210305282 neg 0.05886101164198644	false	1.0
opposition	neg 1.0		__DUMMY__ 0.8790877650966588 off 0.06224708012250071 neg 0.0586651547808405	false	0.5
verkehrswidrig	neg 1.0		__DUMMY__ 0.8808264879365665 off 0.06939003516126117 neg 0.04978347690217223	false	0.5
inkorrekt	neg 1.0		__DUMMY__ 0.8725675737415266 off 0.0694920922787088 neg 0.05794033397976461	false	0.5
vermeiden	neg 1.0	neg 1.0	neg 0.5145541062170695 __DUMMY__ 0.4462610303156668 off 0.039184863467263666	false	1.0
abweichung	neg 1.0		__DUMMY__ 0.8834310777638055 neg 0.05913471531506429 off 0.05743420692113021	false	1.0
alkoholisiert	neg 1.0		__DUMMY__ 0.8864345739979181 neg 0.05759295428291309 off 0.05597247171916877	false	1.0
scheiss	off 1.0	off 1.0	off 0.5201236378583038 __DUMMY__ 0.4363952315402567 neg 0.04348113060143958	false	1.0
herausforderung	neg 1.0		__DUMMY__ 0.8848064153426427 neg 0.059136533675188 off 0.056057050982169274	false	1.0
pervers	off 1.0		__DUMMY__ 0.8684388043237888 off 0.07667425945056004 neg 0.054886936225651	false	1.0
wackelig	neg 1.0		__DUMMY__ 0.8870703613615935 off 0.058688819626919686 neg 0.05424081901148686	false	0.5
verwickeln	neg 1.0		__DUMMY__ 0.876715114330707 off 0.0635009305379008 neg 0.05978395513139216	false	0.5
vorwand	neg 1.0		__DUMMY__ 0.8837535788720066 neg 0.06039889178190894 off 0.055847529346084536	false	1.0
muschi	off 1.0		__DUMMY__ 0.8831819853411587 off 0.060164550835825246 neg 0.05665346382301623	false	1.0
entmutigung	neg 1.0		__DUMMY__ 0.8807303979289638 off 0.06229148364599184 neg 0.056978118425044286	false	0.5
unangemessen	neg 1.0		__DUMMY__ 0.8791494134557081 neg 0.06124032384041994 off 0.05961026270387208	false	1.0
unstetig	neg 1.0		__DUMMY__ 0.8811655664969982 off 0.06318206445846042 neg 0.05565236904454143	false	0.5
entmutigen	neg 1.0		__DUMMY__ 0.8807565137082422 off 0.06182939042452467 neg 0.057414095867233304	false	0.5
schwanz	neg 1.0		__DUMMY__ 0.8848157383905693 neg 0.057641173919828745 off 0.057543087689601966	false	1.0
verbot	neg 1.0		__DUMMY__ 0.8824668808563754 neg 0.05908881889750175 off 0.058444300246122884	false	1.0
leid	neg 1.0		__DUMMY__ 0.8726008454276776 off 0.0713835699832063 neg 0.056015584589116124	false	0.5
archaisch	neg 1.0		__DUMMY__ 0.8817612314375235 off 0.05969597305236212 neg 0.05854279551011439	false	0.5
gegen			__DUMMY__ 0.8873720815292891 neg 0.058301740624445764 off 0.054326177846265054	false	0.0
scheidung	neg 1.0		__DUMMY__ 0.8717930405533852 off 0.08095486893203102 neg 0.04725209051458363	false	0.5
einschlag	neg 1.0		__DUMMY__ 0.8765352689772562 off 0.06862118154859531 neg 0.05484354947414845	false	0.5
m			__DUMMY__ 0.8846596394764031 off 0.05852736548346275 neg 0.056812995040134165	false	0.0
abgestanden	neg 1.0		__DUMMY__ 0.8802454495018098 off 0.06091122556181594 neg 0.0588433249363743	false	0.5
schmierig	off 1.0		__DUMMY__ 0.8749655492068423 off 0.07065564059955849 neg 0.05437881019359917	false	1.0
unpraktisch	neg 1.0		__DUMMY__ 0.881724513794695 off 0.06215971580034549 neg 0.056115770404959534	false	0.5
wixxer	off 1.0		__DUMMY__ 0.8661454563193917 off 0.07689392696351534 neg 0.056960616717093	false	1.0
bezeichnet			__DUMMY__ 0.8785976031212637 off 0.06121218492102397 neg 0.060190211957712396	false	0.0
jammerlappen	off 1.0		__DUMMY__ 0.8792657383223085 off 0.06578252666915074 neg 0.0549517350085407	false	1.0
farce	neg 1.0		__DUMMY__ 0.881905990707745 off 0.05939430399376188 neg 0.05869970529849314	false	0.5
zwecklos	neg 1.0		__DUMMY__ 0.8806961227976671 neg 0.06006325760591464 off 0.05924061959641828	false	1.0
turbulent	neg 1.0		__DUMMY__ 0.8758643716566714 off 0.06703070524005134 neg 0.05710492310327732	false	0.5
invasion	neg 1.0		__DUMMY__ 0.8800289483894634 off 0.06284310378560846 neg 0.05712794782492802	false	0.5
schuld	neg 1.0		__DUMMY__ 0.8789926720107553 off 0.06217903808029675 neg 0.05882828990894809	false	0.5
risiko	neg 1.0	neg 1.0	neg 0.5113524984314255 __DUMMY__ 0.44181189614621336 off 0.0468356054223611	false	1.0
finster	neg 1.0		__DUMMY__ 0.878949876720613 off 0.06179305853992163 neg 0.05925706473946535	false	0.5
geisteskrank	off 1.0		__DUMMY__ 0.8728482006651355 off 0.0676540076231217 neg 0.059497791711742895	false	1.0
zusammenbrechen	neg 1.0		__DUMMY__ 0.8825406545419848 off 0.05924568096601357 neg 0.058213664492001646	false	0.5
ausbeute	neg 1.0		__DUMMY__ 0.8919220352556583 off 0.057013951094928676 neg 0.05106401364941307	false	0.5
hinterhalt	neg 1.0		__DUMMY__ 0.8905068895766293 off 0.05891996340525771 neg 0.05057314701811299	false	0.5
kritik	neg 1.0		__DUMMY__ 0.8814469216983016 neg 0.059319701644987205 off 0.05923337665671121	false	1.0
einschrumpfen	neg 1.0		__DUMMY__ 0.8772057163430442 off 0.0648673090209045 neg 0.05792697463605129	false	0.5
riskant	neg 1.0		__DUMMY__ 0.8821416721365685 neg 0.06096668017206611 off 0.0568916476913654	false	1.0
frustrieren	neg 1.0		__DUMMY__ 0.8824100035676398 neg 0.05984604486252546 off 0.05774395156983473	false	1.0
groll	neg 1.0		__DUMMY__ 0.8809273958755626 neg 0.060286432217895286 off 0.05878617190654205	false	1.0
gibt			__DUMMY__ 0.8828555433469959 off 0.05938162380238735 neg 0.05776283285061683	false	0.0
qualvoll	neg 1.0		__DUMMY__ 0.8804225673265603 off 0.06384781591591232 neg 0.055729616757527266	false	0.5
wackeln	neg 1.0		__DUMMY__ 0.8839576310442411 off 0.06166565280464254 neg 0.05437671615111646	false	0.5
klagen	neg 1.0		__DUMMY__ 0.885480673662241 neg 0.06024318068897621 off 0.05427614564878274	false	1.0
bankrott	neg 1.0		__DUMMY__ 0.8806205235973578 off 0.06489974131726702 neg 0.054479735085375146	false	0.5
trauern	neg 1.0		__DUMMY__ 0.886803707382387 off 0.05716606281991018 neg 0.056030229797702856	false	0.5
ablehnung	neg 1.0		__DUMMY__ 0.8813661409406871 neg 0.05964458655529435 off 0.058989272504018524	false	1.0
stur	neg 1.0		__DUMMY__ 0.879297324527647 off 0.06232040847036695 neg 0.058382267001986086	false	0.5
aufruhr	neg 1.0		__DUMMY__ 0.8831177870021909 off 0.05995324189919806 neg 0.05692897109861109	false	0.5
melancholie	neg 1.0		__DUMMY__ 0.8853495081825735 off 0.05759673037954884 neg 0.05705376143787764	false	0.5
ist			__DUMMY__ 0.8805380021063486 off 0.0628726634110798 neg 0.05658933448257161	false	0.0
torheit	neg 1.0		__DUMMY__ 0.8811708146282878 off 0.061370393767212136 neg 0.05745879160450012	false	0.5
dreckskind	off 1.0		__DUMMY__ 0.8694616743850166 off 0.07245045465784171 neg 0.05808787095714169	false	1.0
umtauschen	neg 1.0		__DUMMY__ 0.8829424274284665 off 0.06018074230617295 neg 0.056876830265360445	false	0.5
zum			__DUMMY__ 0.8936826491671704 neg 0.05466946483979274 off 0.05164788599303691	false	0.0
zersetzen	neg 1.0		__DUMMY__ 0.8824600593411113 neg 0.06143345781724546 off 0.056106482841643254	false	1.0
zur			__DUMMY__ 0.8911883210159769 neg 0.05752262492946679 off 0.051289054054556284	false	0.0
frust	neg 1.0		__DUMMY__ 0.8831181853152736 off 0.05929022207352588 neg 0.05759159261120046	false	0.5
unerbittlichkeit	neg 1.0		__DUMMY__ 0.884056491817972 neg 0.05988599184288415 off 0.05605751633914395	false	1.0
zwei			__DUMMY__ 0.8920561220089122 neg 0.055237107912754095 off 0.05270677007833373	false	0.0
unkorrekt	neg 1.0		__DUMMY__ 0.8749613772195326 off 0.06892007156861422 neg 0.056118551211853114	false	0.5
hexe	off 1.0		__DUMMY__ 0.8751272309039179 off 0.06574931056477774 neg 0.059123458531304386	false	1.0
lasch	neg 1.0		__DUMMY__ 0.8762771129166179 off 0.06495055891312039 neg 0.058772328170261706	false	0.5
rivale	neg 1.0		__DUMMY__ 0.8763671491577093 off 0.06785734990375328 neg 0.05577550093853752	false	0.5
mutlos	off 1.0	off 1.0	off 0.5133731353174511 __DUMMY__ 0.4401786672048624 neg 0.04644819747768641	false	1.0
wirr	off 1.0		__DUMMY__ 0.8727066074714179 off 0.06967851705926575 neg 0.057614875469316325	false	1.0
jahr			__DUMMY__ 0.8929912670904505 off 0.05503528448897978 neg 0.05197344842056967	false	0.0
wird			__DUMMY__ 0.8830902398953816 neg 0.05872566982976342 off 0.058184090274855015	false	0.0
strafbar	neg 1.0		__DUMMY__ 0.8820905947716625 neg 0.060540379393149574 off 0.05736902583518792	false	1.0
erosion	neg 1.0		__DUMMY__ 0.883829008543716 off 0.06078289434119081 neg 0.05538809711509321	false	0.5
eingehen	neg 1.0		__DUMMY__ 0.8819056861500819 neg 0.060548688115745944 off 0.057545625734172184	false	1.0
faul	off 1.0		__DUMMY__ 0.880681829622184 off 0.06477892012575709 neg 0.054539250252058885	false	1.0
provisorium	neg 1.0		__DUMMY__ 0.8943654893722985 neg 0.056583697572299585 off 0.04905081305540183	false	1.0
schmerzen	neg 1.0		__DUMMY__ 0.8809238661347754 neg 0.05956942419501132 off 0.05950670967021339	false	1.0
schrumpfen	neg 1.0		__DUMMY__ 0.8866908464682204 neg 0.061584454784267745 off 0.05172469874751194	false	1.0
geistlos	off 1.0		__DUMMY__ 0.8751239946456258 off 0.06391163842731865 neg 0.060964366927055536	false	1.0
fehlkauf	neg 1.0		__DUMMY__ 0.8815915061019038 off 0.06271670267163967 neg 0.055691791226456545	false	0.5
frustrierend	neg 1.0		__DUMMY__ 0.8785927194632 off 0.06480067835253828 neg 0.0566066021842617	false	0.5
unzufrieden	neg 1.0		__DUMMY__ 0.8806284461896885 neg 0.06041887992928637 off 0.058952673881025076	false	1.0
verzweifeln	neg 1.0		__DUMMY__ 0.881715009276673 off 0.06010283025774754 neg 0.058182160465579474	false	0.5
verzweifelt	neg 1.0	neg 1.0	neg 0.5154052195757282 __DUMMY__ 0.4373929089796247 off 0.04720187144464711	false	1.0
misstrauensantrag	neg 1.0		__DUMMY__ 0.8802637989097543 off 0.0628357406511051 neg 0.056900460439140634	false	0.5
abfallen	neg 1.0		__DUMMY__ 0.8836390154410082 off 0.06147674278253655 neg 0.05488424177645524	false	0.5
fucker	off 1.0		__DUMMY__ 0.8774267210036893 off 0.06867732048096749 neg 0.05389595851534325	false	1.0
ungezogen	neg 1.0		__DUMMY__ 0.8696596834887087 off 0.07577215481795868 neg 0.05456816169333261	false	0.5
irrsinnig	neg 1.0	neg 1.0	neg 0.5148037466806075 __DUMMY__ 0.4380085991180065 off 0.047187654201385994	false	1.0
unfassbar	neg 1.0		__DUMMY__ 0.878375740212069 off 0.06689707945451641 neg 0.054727180333414525	false	0.5
hart	neg 1.0		__DUMMY__ 0.8778062063837132 off 0.06628506748412043 neg 0.05590872613216638	false	0.5
widerlich	off 1.0		__DUMMY__ 0.8747873863558808 off 0.06754819355099667 neg 0.05766442009312247	false	1.0
fatal	neg 1.0		__DUMMY__ 0.8802279521432176 off 0.06325463696861304 neg 0.05651741088816936	false	0.5
bruch	neg 1.0		__DUMMY__ 0.8865751802420644 neg 0.058760384363064126 off 0.05466443539487153	false	1.0
aushungern	neg 1.0		__DUMMY__ 0.8831513297476911 off 0.0593326818082498 neg 0.05751598844405917	false	0.5
anspannung	neg 1.0		__DUMMY__ 0.8923415441596101 neg 0.05576397657871474 off 0.05189447926167511	false	1.0
von			__DUMMY__ 0.8946785708492759 off 0.05507557209004062 neg 0.05024585706068338	false	0.0
kraftlos	neg 1.0		__DUMMY__ 0.8844121817642934 off 0.05857660637376888 neg 0.05701121186193774	false	0.5
vom			__DUMMY__ 0.8961693382335072 neg 0.05440506643688703 off 0.049425595329605825	false	0.0
grenzdebil	off 1.0		__DUMMY__ 0.8784656931148097 off 0.0671363975236047 neg 0.054397909361585645	false	1.0
vor			__DUMMY__ 0.8877312555312876 neg 0.05714408824122836 off 0.055124656227484	false	0.0
unterwerfen	neg 1.0		__DUMMY__ 0.8833805046739126 neg 0.05898587442876032 off 0.05763362089732712	false	1.0
versenkung	neg 1.0		__DUMMY__ 0.8854139653552466 off 0.057798457061044924 neg 0.056787577583708455	false	0.5
entziehen	neg 1.0		__DUMMY__ 0.8852010426079066 neg 0.060043670148066296 off 0.05475528724402721	false	1.0
finanzkrise	neg 1.0		__DUMMY__ 0.8806741671618078 off 0.059905941237995364 neg 0.059419891600196804	false	0.5
schimpfend	neg 1.0		__DUMMY__ 0.8806364168781512 off 0.0625120134723948 neg 0.05685156964945409	false	0.5
profan	neg 1.0		__DUMMY__ 0.8788504680781765 off 0.06358881062395753 neg 0.05756072129786602	false	0.5
korruption	neg 1.0		__DUMMY__ 0.8827748832161701 neg 0.05908022074619124 off 0.05814489603763872	false	1.0
â			__DUMMY__ 0.8856570444635236 off 0.05800212342679586 neg 0.056340832109680584	false	0.0
schmutzig	neg 1.0		__DUMMY__ 0.8789847892424352 off 0.06756809441717579 neg 0.053447116340388935	false	0.5
sexy	neg 1.0		__DUMMY__ 0.8805988461762488 off 0.06446918030955225 neg 0.05493197351419894	false	0.5
abraten	neg 1.0		__DUMMY__ 0.8805332199850476 off 0.06284108281332726 neg 0.05662569720162523	false	0.5
schwarz	neg 1.0		__DUMMY__ 0.8804913519432342 off 0.0625361171028954 neg 0.05697253095387022	false	0.5
fotze	off 1.0	off 1.0	off 0.5145012343295406 __DUMMY__ 0.4424443660874287 neg 0.0430543995830306	false	1.0
verwirren	neg 1.0		__DUMMY__ 0.8791233343120183 off 0.06409132997221761 neg 0.056785335715764176	false	0.5
zahnlos	off 1.0		__DUMMY__ 0.8811743724675555 off 0.05974990865490447 neg 0.05907571887753995	false	1.0
verheeren	neg 1.0		__DUMMY__ 0.8705652896074536 off 0.07719516506943382 neg 0.05223954532311254	false	0.5
hippie	neg 1.0		__DUMMY__ 0.8805638518126226 off 0.06418561661762653 neg 0.05525053156975083	false	0.5
rammen	neg 1.0		__DUMMY__ 0.879387615900655 off 0.06200438794097866 neg 0.05860799615836645	false	0.5
unlauter	neg 1.0		__DUMMY__ 0.8781895742312332 off 0.06195545072762996 neg 0.05985497504113683	false	0.5
unheilvoll	neg 1.0		__DUMMY__ 0.8817458062631399 off 0.06245187342444931 neg 0.055802320312410815	false	0.5
niedrig	neg 1.0		__DUMMY__ 0.8821788245759842 neg 0.06163328413099971 off 0.05618789129301618	false	1.0
explosion	neg 1.0		__DUMMY__ 0.8800286807322597 off 0.06360265277542484 neg 0.05636866649231542	false	0.5
weichei	off 1.0	off 1.0	off 0.524485335608196 __DUMMY__ 0.43275408962660544 neg 0.042760574765198546	false	1.0
minusmensch	off 1.0		__DUMMY__ 0.8679514329128066 off 0.07499487327343911 neg 0.05705369381375432	false	1.0
farblos	neg 1.0		__DUMMY__ 0.8833791555966963 off 0.0600843333676899 neg 0.05653651103561376	false	0.5
unwissend	neg 1.0	neg 1.0	neg 0.5139863747537968 __DUMMY__ 0.43603129140359337 off 0.049982333842609784	false	1.0
traurig	neg 1.0		__DUMMY__ 0.8767738135555857 off 0.06915728114648802 neg 0.05406890529792629	false	0.5
senkung	neg 1.0		__DUMMY__ 0.8775517018940643 off 0.06344055068900642 neg 0.05900774741692923	false	0.5
ungleich	neg 1.0	neg 1.0	neg 0.5165871227768636 __DUMMY__ 0.4405607579757582 off 0.042852119247378216	false	1.0
heikel	neg 1.0		__DUMMY__ 0.882201641391804 neg 0.06094543941596397 off 0.05685291919223207	false	1.0
drosselung	neg 1.0		__DUMMY__ 0.877545684308269 off 0.06684367280055663 neg 0.05561064289117448	false	0.5
falsch	neg 1.0		__DUMMY__ 0.8776829967505169 off 0.06496655545314413 neg 0.057350447796339014	false	0.5
unzufriedenheit	neg 1.0		__DUMMY__ 0.8845186668612676 neg 0.060016991413581966 off 0.055464341725150496	false	1.0
kurz	neg 1.0		__DUMMY__ 0.88595068068425 off 0.05931200570480497 neg 0.05473731361094513	false	0.5
unsinnig	neg 1.0		__DUMMY__ 0.8796886048154968 neg 0.06044460085161088 off 0.05986679433289227	false	1.0
penner	off 1.0	off 1.0	off 0.5256744263888611 __DUMMY__ 0.4324594112279782 neg 0.041866162383160634	false	1.0
seicht	neg 1.0		__DUMMY__ 0.8677351181636981 off 0.07552119362269402 neg 0.0567436882136079	false	0.5
dummheit	off 1.0	off 1.0	off 0.5186631432422275 __DUMMY__ 0.43647821342178245 neg 0.044858643335990114	false	1.0
unerfreulich	neg 1.0		__DUMMY__ 0.8844873930003715 neg 0.059577626773076854 off 0.05593498022655161	false	1.0
motherfucker	off 1.0	off 1.0	off 0.5216885037434192 __DUMMY__ 0.4365042320060485 neg 0.041807264250532196	false	1.0
pikiert	neg 1.0		__DUMMY__ 0.8761059966615695 off 0.0668213681423565 neg 0.05707263519607403	false	0.5
wrack	neg 1.0		__DUMMY__ 0.8855868061881107 off 0.058440571179751453 neg 0.055972622632137856	false	0.5
gangster	neg 1.0		__DUMMY__ 0.8804634980379656 off 0.06419757433599724 neg 0.055338927626037114	false	0.5
krank	neg 1.0		__DUMMY__ 0.8788976203915572 off 0.06695045999415566 neg 0.0541519196142872	false	0.5
reich	neg 1.0		__DUMMY__ 0.8809169243284687 off 0.0658570601534645 neg 0.0532260155180667	false	0.5
gnadenlos	neg 1.0		__DUMMY__ 0.879813111522336 off 0.06227268789289134 neg 0.05791420058477267	false	0.5
niedergeschlagen	neg 1.0		__DUMMY__ 0.8833897453034957 off 0.059538182788737286 neg 0.05707207190776709	false	0.5
terrorisieren	off 1.0	off 1.0	off 0.5135332530335528 __DUMMY__ 0.44185134488878397 neg 0.04461540207766322	false	1.0
sinnlosigkeit	neg 1.0		__DUMMY__ 0.8817683254195959 off 0.059177485104928415 neg 0.059054189475475596	false	0.5
behindern	neg 1.0		__DUMMY__ 0.8828489854980125 off 0.060080023921600285 neg 0.057070990580387226	false	0.5
undemokratisch	neg 1.0		__DUMMY__ 0.8801790249006964 off 0.06210246140010064 neg 0.05771851369920288	false	0.5
wirtschaftskrise	neg 1.0		__DUMMY__ 0.882355848686805 neg 0.05969024022406912 off 0.05795391108912579	false	1.0
neid	neg 1.0		__DUMMY__ 0.8807251430640224 off 0.06460701674362238 neg 0.054667840192355176	false	0.5
rutschen	neg 1.0		__DUMMY__ 0.8927536721680406 neg 0.054701946662734285 off 0.05254438116922511	false	1.0
rezession	neg 1.0		__DUMMY__ 0.8696648930667359 off 0.06962985128098001 neg 0.06070525565228409	false	0.5
fehlgeburt	neg 1.0		__DUMMY__ 0.8822667754295387 off 0.0623802456404178 neg 0.05535297893004347	false	0.5
charakterschwach	off 1.0		__DUMMY__ 0.874928003395402 off 0.06744096603647015 neg 0.057631030568127836	false	1.0
isolation	neg 1.0		__DUMMY__ 0.8797164377358537 off 0.0644091619544052 neg 0.05587440030974105	false	0.5
ablenkung	neg 1.0		__DUMMY__ 0.8828966358906283 off 0.06101926408774975 neg 0.05608410002162198	false	0.5
pech	neg 1.0		__DUMMY__ 0.8792090300634263 off 0.06422526114576807 neg 0.05656570879080556	false	0.5
vermeidung	neg 1.0		__DUMMY__ 0.8781934679872965 off 0.06700443142910746 neg 0.05480210058359606	false	0.5
dominieren	neg 1.0		__DUMMY__ 0.885311694279725 neg 0.057462126475354085 off 0.057226179244920974	false	1.0
schwindlig	neg 1.0		__DUMMY__ 0.882382899764426 off 0.06268547392476088 neg 0.054931626310813164	false	0.5
lutscher	neg 1.0		__DUMMY__ 0.8685947705648985 off 0.0757044637792905 neg 0.05570076565581086	false	0.5
pflicht	neg 1.0		__DUMMY__ 0.8835084288634085 neg 0.060637548689267115 off 0.05585402244732434	false	1.0
faschist	off 1.0		__DUMMY__ 0.8793921997915456 off 0.06451253232049346 neg 0.056095267887961014	false	1.0
verschleudern	neg 1.0		__DUMMY__ 0.8826600274837951 neg 0.06070218266538815 off 0.05663778985081673	false	1.0
wenn			__DUMMY__ 0.878441834301876 off 0.0651320878207862 neg 0.05642607787733793	false	0.0
ehebruch	neg 1.0		__DUMMY__ 0.8831752271779872 neg 0.05871606150838756 off 0.058108711313625244	false	1.0
spott	off 1.0		__DUMMY__ 0.8826950703386971 neg 0.059612111024259645 off 0.05769281863704325	false	0.5
trostlosigkeit	neg 1.0		__DUMMY__ 0.8873241460575454 neg 0.057522629091054094 off 0.0551532248514006	false	1.0
lutschen	neg 1.0		__DUMMY__ 0.8780797512468673 off 0.06462867705671556 neg 0.057291571696417076	false	0.5
undiszipliniert	neg 1.0		__DUMMY__ 0.8755378094760242 off 0.06860347888574457 neg 0.05585871163823109	false	0.5
kopfschmerz	neg 1.0		__DUMMY__ 0.8818212564472588 neg 0.05962683966519234 off 0.058551903887548926	false	1.0
unvorhergesehen	neg 1.0		__DUMMY__ 0.8892247679640131 off 0.05592118600519919 neg 0.05485404603078766	false	0.5
desinteressiert	neg 1.0	neg 1.0	neg 0.5128123761718157 __DUMMY__ 0.4354832644841428 off 0.051704359344041405	false	1.0
armselig	off 1.0		__DUMMY__ 0.8728501098750377 off 0.06949155646869459 neg 0.05765833365626757	false	1.0
desaster	neg 1.0		__DUMMY__ 0.8860536114348773 neg 0.05982080424055798 off 0.054125584324564706	false	1.0
tod	neg 1.0		__DUMMY__ 0.8879041883268733 off 0.05784046339926875 neg 0.05425534827385789	false	0.5
herzlos	neg 1.0		__DUMMY__ 0.8748402279620756 off 0.06928162587339515 neg 0.05587814616452925	false	0.5
unwissenheit	neg 1.0		__DUMMY__ 0.8815506121549967 neg 0.05957378669775855 off 0.058875601147244765	false	1.0
widersinnig	neg 1.0		__DUMMY__ 0.8784103531460519 neg 0.06256095637054199 off 0.05902869048340616	false	1.0
bedenklich	neg 1.0		__DUMMY__ 0.881412912251841 neg 0.06058554727379102 off 0.05800154047436785	false	1.0
beanstanden	neg 1.0		__DUMMY__ 0.8843090426924556 neg 0.060253204641039754 off 0.05543775266650469	false	1.0
panisch	neg 1.0	neg 1.0	neg 0.5104975827398661 __DUMMY__ 0.44176387597458083 off 0.047738541285553195	false	1.0
debil	off 1.0		__DUMMY__ 0.8922480414113831 neg 0.05794332066522834 off 0.04980863792338847	false	0.5
abstrich	neg 1.0		__DUMMY__ 0.8895999400629904 off 0.05900734206888467 neg 0.05139271786812497	false	0.5
primitiv	neg 1.0		__DUMMY__ 0.8742188426550587 off 0.06775790220765725 neg 0.058023255137283986	false	0.5
abschaum	off 1.0	off 1.0	off 0.5203998441749773 __DUMMY__ 0.4360962420599637 neg 0.04350391376505887	false	1.0
provozieren	neg 1.0		__DUMMY__ 0.8780491988819021 off 0.062102605248909475 neg 0.05984819586918844	false	0.5
tot	neg 1.0		__DUMMY__ 0.8832992188956463 neg 0.05870746565425564 off 0.05799331545009802	false	1.0
instabil	neg 1.0		__DUMMY__ 0.8755852110207264 off 0.06878188718134173 neg 0.055632901797931796	false	0.5
schwuchtel	off 1.0	off 1.0	off 0.5301354466239274 __DUMMY__ 0.4279507468100196 neg 0.04191380656605294	false	1.0
zerren	neg 1.0		__DUMMY__ 0.8835999413691529 off 0.05914773735796361 neg 0.057252321272883544	false	0.5
kinderficker	off 1.0		__DUMMY__ 0.8737125860022018 off 0.07202864436568546 neg 0.054258769632112736	false	1.0
gefahr	neg 1.0		__DUMMY__ 0.8865077681792835 neg 0.058185227504984796 off 0.055307004315731864	false	1.0
rabiat	neg 1.0		__DUMMY__ 0.8816332756550566 off 0.06122738250640445 neg 0.05713934183853898	false	0.5
verlangsamung	neg 1.0		__DUMMY__ 0.8679089030645751 off 0.0735485190033168 neg 0.05854257793210809	false	0.5
ausgestorben	neg 1.0		__DUMMY__ 0.8828077332835195 off 0.060864424038415244 neg 0.056327842678065315	false	0.5
anklagen	neg 1.0		__DUMMY__ 0.8837685478439404 off 0.058281803743026855 neg 0.05794964841303275	false	0.5
trott	neg 1.0		__DUMMY__ 0.8826486642004524 off 0.0604682071344135 neg 0.05688312866513417	false	0.5
verminderung	neg 1.0		__DUMMY__ 0.8760159125608058 off 0.06726923190957215 neg 0.05671485552962201	false	0.5
nach			__DUMMY__ 0.893083398376769 neg 0.055406305912839765 off 0.0515102957103912	false	0.0
rost	neg 1.0		__DUMMY__ 0.8724237002651885 off 0.07209381601461945 neg 0.05548248372019215	false	0.5
destruktiv	neg 1.0		__DUMMY__ 0.8792626599484061 off 0.06092584004449313 neg 0.05981150000710074	false	0.5
unzumutbarkeit	neg 1.0		__DUMMY__ 0.8793933269303937 off 0.06616630040345005 neg 0.05444037266615622	false	0.5
labil	off 1.0	off 1.0	off 0.5197995811399921 __DUMMY__ 0.43725073224003397 neg 0.04294968661997384	false	1.0
ziemlich	neg 1.0		__DUMMY__ 0.879205645133478 off 0.06666656879544294 neg 0.05412778607107912	false	0.5
lachnummer	off 1.0		__DUMMY__ 0.879131041898827 off 0.06174571157786805 neg 0.059123246523305	false	1.0
oder			__DUMMY__ 0.8826094319225913 off 0.06164284846550567 neg 0.05574771961190293	false	0.0
verfall	neg 1.0		__DUMMY__ 0.888176065549857 neg 0.06005307817712049 off 0.051770856273022574	false	1.0
ausgrenzung	neg 1.0		__DUMMY__ 0.8802523637241466 off 0.06268240864496313 neg 0.05706522763089023	false	0.5
unordnung	neg 1.0		__DUMMY__ 0.8805756972410423 off 0.06852090136048801 neg 0.050903401398469744	false	0.5
fehlverhalten	neg 1.0		__DUMMY__ 0.8817568257318816 neg 0.061785776909676654 off 0.05645739735844172	false	1.0
eine			__DUMMY__ 0.8866304773506588 neg 0.05777343304562425 off 0.05559608960371701	false	0.0
nille	neg 1.0		__DUMMY__ 0.8837400887297711 off 0.06062054776044073 neg 0.05563936350978827	false	0.5
qual	neg 1.0		__DUMMY__ 0.8829262396942262 off 0.06010695842340586 neg 0.05696680188236794	false	0.5
verschwenden	neg 1.0		__DUMMY__ 0.8818644578522631 neg 0.06088780246344709 off 0.05724773968428974	false	1.0
riesig	neg 1.0		__DUMMY__ 0.8857898728367549 off 0.05738682926196657 neg 0.05682329790127854	false	0.5
verurteilen	neg 1.0		__DUMMY__ 0.8803551119942787 neg 0.06076921191355192 off 0.05887567609216934	false	1.0
klischee	neg 1.0	neg 1.0	neg 0.5142495487603321 __DUMMY__ 0.43661491648953427 off 0.049135534750133714	false	1.0
diktatorisch	neg 1.0		__DUMMY__ 0.8796302972977859 off 0.062320951640787416 neg 0.0580487510614267	false	0.5
vorhersehbar	neg 1.0		__DUMMY__ 0.876542947057412 off 0.06431161921508727 neg 0.05914543372750067	false	0.5
sowie			__DUMMY__ 0.873147673949624 off 0.07131510280239664 neg 0.05553722324797929	false	0.0
stornieren	neg 1.0		__DUMMY__ 0.886528865555001 off 0.06257641723480847 neg 0.05089471721019047	false	0.5
besteuerung	neg 1.0		__DUMMY__ 0.8775038788545152 off 0.0614061034664468 neg 0.06109001767903796	false	0.5
ungeschminkt	neg 1.0		__DUMMY__ 0.8738891439788122 off 0.06712189051577122 neg 0.05898896550541647	false	0.5
kritisch	neg 1.0		__DUMMY__ 0.8822228794634289 neg 0.05997535984199701 off 0.05780176069457413	false	1.0
schlamperei	off 1.0		__DUMMY__ 0.8856172952909583 neg 0.057888528911704706 off 0.05649417579733692	false	0.5
sucht	neg 1.0	neg 1.0	neg 0.507860851367671 __DUMMY__ 0.4459533579564293 off 0.04618579067589977	false	1.0
egoistisch	off 1.0		__DUMMY__ 0.8710575556215138 off 0.07208318356059966 neg 0.05685926081788653	false	1.0
ausbeuter	off 1.0		__DUMMY__ 0.880871001902562 neg 0.06268420605120949 off 0.056444792046228584	false	0.5
arschgeburt	off 1.0		__DUMMY__ 0.8633464943120395 off 0.07963611575110732 neg 0.05701738993685329	false	1.0
schubs	neg 1.0		__DUMMY__ 0.8836108741126641 off 0.05864477867638846 neg 0.05774434721094749	false	0.5
unsolide	neg 1.0		__DUMMY__ 0.8782896408594495 off 0.06285643570398813 neg 0.05885392343656238	false	0.5
beschwerde	neg 1.0		__DUMMY__ 0.8835920882709137 neg 0.059168865742363096 off 0.05723904598672318	false	1.0
stocken	neg 1.0		__DUMMY__ 0.8850266630642485 neg 0.058221280352534585 off 0.056752056583217025	false	1.0
isolieren	neg 1.0		__DUMMY__ 0.8833494583997714 neg 0.05845610589441667 off 0.05819443570581196	false	1.0
unheilbar	neg 1.0		__DUMMY__ 0.8815078733312977 off 0.061437292489906765 neg 0.05705483417879557	false	0.5
pisser	off 1.0		__DUMMY__ 0.8745546952113284 off 0.06900047641323151 neg 0.056444828375439966	false	1.0
löschen	neg 1.0		__DUMMY__ 0.8825589199937537 off 0.06084159082141355 neg 0.05659948918483278	false	0.5
durchfallen	neg 1.0		__DUMMY__ 0.880158911335267 neg 0.0614940566618032 off 0.05834703200292988	false	1.0
wichser	off 1.0	off 1.0	off 0.5279835118055168 __DUMMY__ 0.43057648242047225 neg 0.041440005774010934	false	1.0
terror	neg 1.0		__DUMMY__ 0.8808182857316931 off 0.06368096822868573 neg 0.05550074603962128	false	0.5
krass	neg 1.0		__DUMMY__ 0.874805363042605 off 0.06966872927457017 neg 0.05552590768282486	false	0.5
revolte	neg 1.0		__DUMMY__ 0.8811465242684406 off 0.06308886420039761 neg 0.05576461153116165	false	0.5
besorgt	neg 1.0		__DUMMY__ 0.887523974176872 off 0.05921448378510987 neg 0.053261542038018105	false	0.5
nachlassen	neg 1.0		__DUMMY__ 0.8875147736081774 off 0.05639256967080004 neg 0.05609265672102244	false	0.5
alt	neg 1.0		__DUMMY__ 0.8827582521408103 neg 0.05919371524335553 off 0.058048032615834126	false	1.0
hundesohn	off 1.0		__DUMMY__ 0.8690522320369809 off 0.07629874225641657 neg 0.054649025706602544	false	1.0
als			__DUMMY__ 0.8827710601593648 off 0.058999991261927925 neg 0.05822894857870738	false	0.0
abschreckung	neg 1.0		__DUMMY__ 0.8844474544042463 neg 0.06026217875351442 off 0.05529036684223924	false	1.0
unqualifiziert	neg 1.0		__DUMMY__ 0.875582405124324 off 0.06519093082414097 neg 0.05922666405153514	false	0.5
abgewichst	off 1.0		__DUMMY__ 0.884221060366747 off 0.05983218404804535 neg 0.05594675558520774	false	1.0
schwer	neg 1.0		__DUMMY__ 0.8808407586572068 off 0.06054553108639967 neg 0.05861371025639355	false	0.5
bedeutungslosigkeit	neg 1.0		__DUMMY__ 0.8838791427283239 neg 0.059816881817982996 off 0.056303975453693145	false	1.0
kapitulation	neg 1.0		__DUMMY__ 0.8843945057887833 neg 0.05807741911507304 off 0.057528075096143653	false	1.0
unscharf	neg 1.0		__DUMMY__ 0.8781509308750483 off 0.06289976390187224 neg 0.0589493052230796	false	0.5
schwinden	neg 1.0		__DUMMY__ 0.8853194239875085 neg 0.05874339061073549 off 0.05593718540175595	false	1.0
versklavung	neg 1.0		__DUMMY__ 0.8815463647868851 off 0.06183595653930934 neg 0.056617678673805565	false	0.5
schlecht	neg 1.0		__DUMMY__ 0.8787860910132491 off 0.06688833057076032 neg 0.054325578415990554	false	0.5
verhasst	neg 1.0		__DUMMY__ 0.8764776027182317 off 0.06265236637761253 neg 0.06087003090415574	false	0.5
beschweren	neg 1.0		__DUMMY__ 0.8799255391669561 off 0.0630314307764602 neg 0.057043030056583705	false	0.5
scheiden	neg 1.0		__DUMMY__ 0.884475618606925 off 0.06044820177117316 neg 0.0550761796219019	false	0.5
frustriert	neg 1.0		__DUMMY__ 0.8810326977373626 off 0.05977757672577949 neg 0.05918972553685792	false	0.5
schimmelig	neg 1.0		__DUMMY__ 0.8807182088957312 neg 0.06152475933630558 off 0.05775703176796322	false	1.0
fisch	neg 1.0		__DUMMY__ 0.8838414681269186 neg 0.06132216417723999 off 0.054836367695841416	false	1.0
schmuggel	neg 1.0		__DUMMY__ 0.8845677017683492 neg 0.05888047838332125 off 0.05655181984832961	false	1.0
auffallen	neg 1.0		__DUMMY__ 0.8793941260221978 off 0.06374352887836525 neg 0.05686234509943703	false	0.5
konkurrenz	neg 1.0		__DUMMY__ 0.8857722579789287 neg 0.05926971066984092 off 0.05495803135123049	false	1.0
teufelskreis	neg 1.0	neg 1.0	neg 0.5157202754903947 __DUMMY__ 0.43818991468431295 off 0.046089809825292545	false	1.0
aufschreien	neg 1.0		__DUMMY__ 0.8778627718811899 off 0.06389346259809087 neg 0.0582437655207193	false	0.5
schuldner	neg 1.0		__DUMMY__ 0.8827259026982357 neg 0.061591581427351466 off 0.055682515874412836	false	1.0
missgeburt	off 1.0	off 1.0	off 0.5251136638095701 __DUMMY__ 0.431680768766575 neg 0.04320556742385481	false	1.0
arbeitslos	neg 1.0		__DUMMY__ 0.8798987245995156 neg 0.061342258993331907 off 0.058759016407152476	false	1.0
befallen	neg 1.0		__DUMMY__ 0.8820733930772812 off 0.059551130281687764 neg 0.05837547664103102	false	0.5
miesepetrig	off 1.0	off 1.0	off 0.5200685915393202 __DUMMY__ 0.43765332147475183 neg 0.042278086985927894	false	1.0
alarmieren	neg 1.0		__DUMMY__ 0.8770039600795259 off 0.06550063623171255 neg 0.05749540368876161	false	0.5
ungeduscht	off 1.0		__DUMMY__ 0.8772090294795605 off 0.06472755668043773 neg 0.05806341384000186	false	1.0
knappheit	neg 1.0		__DUMMY__ 0.8792296397014722 neg 0.06267986623014685 off 0.058090494068381016	false	1.0
schlange	neg 1.0		__DUMMY__ 0.8847001853622485 off 0.06231845475653841 neg 0.05298135988121308	false	0.5
harsch	neg 1.0		__DUMMY__ 0.8776272698228085 off 0.07076697085604368 neg 0.05160575932114782	false	0.5
lang	neg 1.0		__DUMMY__ 0.8825034474513965 off 0.061688216446917916 neg 0.05580833610168552	false	0.5
ziellos	neg 1.0		__DUMMY__ 0.8854646828142886 off 0.057846674995132456 neg 0.0566886421905789	false	0.5
selbstverliebt	neg 1.0		__DUMMY__ 0.8665143016743785 off 0.07724922488475494 neg 0.05623647344086657	false	0.5
beseitigen	neg 1.0		__DUMMY__ 0.8832517635069945 off 0.059371464625452515 neg 0.05737677186755283	false	0.5
dumm	off 1.0		__DUMMY__ 0.8719997540626309 off 0.0726602145943393 neg 0.055340031343029845	false	1.0
arbeitsloser	neg 1.0		__DUMMY__ 0.8832002779183304 off 0.05878868955816575 neg 0.05801103252350385	false	0.5
blitzen	neg 1.0		__DUMMY__ 0.8798258514741712 off 0.06406606472628092 neg 0.056108083799547834	false	0.5
hilflos	neg 1.0		__DUMMY__ 0.8814855720149959 off 0.059273912355113374 neg 0.05924051562989079	false	0.5
eklig	off 1.0		__DUMMY__ 0.8694512789990496 off 0.07323506990682274 neg 0.05731365109412757	false	1.0
begriff			__DUMMY__ 0.8808209747759713 off 0.0604322883462624 neg 0.05874673687776627	false	0.0
hungersnot	neg 1.0		__DUMMY__ 0.8845709535395805 off 0.05858896967196509 neg 0.05684007678845454	false	0.5
ungesetzlich	neg 1.0		__DUMMY__ 0.8768422431091657 off 0.062131310107685175 neg 0.061026446783149155	false	0.5
verschwendung	neg 1.0		__DUMMY__ 0.883502208555373 neg 0.05961630012358051 off 0.05688149132104647	false	1.0
schmerzvoll	neg 1.0		__DUMMY__ 0.8806476632257687 off 0.0626928544443714 neg 0.05665948232985992	false	0.5
vorzeitig	neg 1.0		__DUMMY__ 0.880803843003108 off 0.06361601832953499 neg 0.05558013866735698	false	0.5
unvollkommenheit	neg 1.0		__DUMMY__ 0.887642250586331 off 0.05790361410493519 neg 0.05445413530873388	false	0.5
intervenieren	neg 1.0		__DUMMY__ 0.8827127381395399 neg 0.0604300259799298 off 0.05685723588053035	false	1.0
banause	off 1.0		__DUMMY__ 0.8662798185453342 off 0.07574907913358758 neg 0.057971102321078195	false	1.0
rebell	neg 1.0		__DUMMY__ 0.886315756794239 neg 0.060780071266654155 off 0.05290417193910685	false	1.0
unlogisch	neg 1.0		__DUMMY__ 0.8736724309112051 off 0.0691222537731953 neg 0.057205315315599546	false	0.5
leiden	neg 1.0		__DUMMY__ 0.8865283733572433 neg 0.058098366588467544 off 0.05537326005428911	false	1.0
abschaffung	neg 1.0		__DUMMY__ 0.881134137770011 off 0.06128068513809758 neg 0.05758517709189133	false	0.5
sturz	neg 1.0		__DUMMY__ 0.884573869718697 off 0.060965471496124427 neg 0.05446065878517856	false	0.5
verkleinerung	neg 1.0		__DUMMY__ 0.8764216533131303 off 0.06395217071684356 neg 0.05962617597002608	false	0.5
schmarotzer	off 1.0		__DUMMY__ 0.8785292919943646 neg 0.06191811585816744 off 0.05955259214746797	false	0.5
bestrafung	neg 1.0		__DUMMY__ 0.8810547074763857 off 0.062114988334725 neg 0.05683030418888932	false	0.5
achtlos	neg 1.0	neg 1.0	neg 0.5131776550666768 __DUMMY__ 0.4411292447671105 off 0.045693100166212725	false	1.0
ungeheuer	neg 1.0		__DUMMY__ 0.8821869161898357 off 0.06321617666002739 neg 0.054596907150136945	false	0.5
unaufrichtig	neg 1.0		__DUMMY__ 0.8821535424742238 off 0.06403083070179791 neg 0.0538156268239782	false	0.5
