unsolidarisch	neg 1.0		off 0.48745175504295996 neg 0.4712631600759818 __DUMMY__ 0.041285084881058254	false	0.5
nachteilig	neg 1.0		off 0.4852190627298192 neg 0.47312112899007264 __DUMMY__ 0.0416598082801082	false	0.5
skeptisch	neg 1.0		off 0.48506398844439547 neg 0.4732079181854825 __DUMMY__ 0.041728093370122	false	0.5
schrecklich	neg 1.0		off 0.4999439181882272 neg 0.4589358325672108 __DUMMY__ 0.04112024924456188	false	0.5
schlapp	neg 1.0		off 0.4965715795283009 neg 0.4620801952668987 __DUMMY__ 0.04134822520480057	false	0.5
abfall	neg 1.0		off 0.4826287871414262 neg 0.47538403274104435 __DUMMY__ 0.041987180117529506	false	0.5
widerspenstig	neg 1.0		off 0.4910971462377333 neg 0.46733698386221245 __DUMMY__ 0.04156586990005426	false	0.5
abrupt	neg 1.0		off 0.48865434111858275 neg 0.4693967754796518 __DUMMY__ 0.041948883401765516	false	0.5
unwirksam	neg 1.0		off 0.48730982141166246 neg 0.4714435262857696 __DUMMY__ 0.041246652302567986	false	0.5
angreifen	neg 1.0		off 0.4846071200136876 neg 0.47369960927773824 __DUMMY__ 0.041693270708574134	false	0.5
inkonsistent	neg 1.0		off 0.4900146150410489 neg 0.4686384922242743 __DUMMY__ 0.041346892734676725	false	0.5
abrutschen	neg 1.0		off 0.48233129554181714 neg 0.47578213728729424 __DUMMY__ 0.04188656717088877	false	0.5
unsicher	neg 1.0		off 0.49120304854768987 neg 0.4671554861934511 __DUMMY__ 0.04164146525885906	false	0.5
bauernkind	off 1.0	off 1.0	off 0.7334354622086574 neg 0.24729950960275676 __DUMMY__ 0.019265028188585786	false	1.0
angreifer	neg 1.0	neg 1.0	neg 0.7169372893956641 off 0.2631490331079691 __DUMMY__ 0.019913677496366758	false	1.0
trennen	neg 1.0		off 0.4870356172025216 neg 0.4709991177356091 __DUMMY__ 0.041965265061869234	false	0.5
schmutz	neg 1.0		off 0.49541912687715445 neg 0.4627810823243971 __DUMMY__ 0.04179979079844853	false	0.5
inkonsistenz	neg 1.0		off 0.4920350623539238 neg 0.46704062079621433 __DUMMY__ 0.04092431684986184	false	0.5
erschreckend	neg 1.0		off 0.4887160678131291 neg 0.4697917460982701 __DUMMY__ 0.041492186088600745	false	0.5
ertrinken	neg 1.0		off 0.48638289312818567 neg 0.47182210725417734 __DUMMY__ 0.041794999617636885	false	0.5
pickelface	off 1.0		off 0.4902860374680781 neg 0.46804984920689946 __DUMMY__ 0.041664113325022525	false	1.0
seiner			off 0.4860032736365856 neg 0.47222241211284544 __DUMMY__ 0.041774314250568885	false	0.0
lauch	neg 1.0		off 0.4844774848661621 neg 0.47350492287485535 __DUMMY__ 0.04201759225898252	false	0.5
unwichtig	neg 1.0		off 0.49389896009247203 neg 0.4649326690031474 __DUMMY__ 0.041168370904380684	false	0.5
steuerhinterziehung	neg 1.0	neg 1.0	neg 0.7209009620769601 off 0.2592438812560588 __DUMMY__ 0.019855156666981157	false	1.0
schock	neg 1.0		off 0.4908501285875232 neg 0.4674377397844495 __DUMMY__ 0.0417121316280273	false	0.5
beule	neg 1.0		off 0.4967591159250416 neg 0.46202066677007775 __DUMMY__ 0.04122021730488054	false	0.5
vergelten	neg 1.0		off 0.5007479332870607 neg 0.45787243380068526 __DUMMY__ 0.04137963291225393	false	0.5
verdorbenheit	neg 1.0		off 0.4940060041377162 neg 0.46419673376937176 __DUMMY__ 0.041797262092912055	false	0.5
trauma	neg 1.0		off 0.49169705512219897 neg 0.4667665105999913 __DUMMY__ 0.041536434277809696	false	0.5
sinnlos	neg 1.0		off 0.49276131224538905 neg 0.46578401374475514 __DUMMY__ 0.04145467400985562	false	0.5
fettsack	off 1.0	off 1.0	off 0.7351952911096427 neg 0.2454438979118608 __DUMMY__ 0.019360810978496575	false	1.0
feige	off 1.0	off 1.0	off 0.7326666941967246 neg 0.24776420456543166 __DUMMY__ 0.019569101237843858	false	1.0
abdanken	neg 1.0		off 0.49019329827383584 neg 0.46817759285892974 __DUMMY__ 0.041629108867234255	false	0.5
wichtigtuer	off 1.0	off 1.0	off 0.731671562262637 neg 0.24866054109011682 __DUMMY__ 0.019667896647246233	false	1.0
misslingen	neg 1.0		off 0.49522502816761943 neg 0.4628254511946589 __DUMMY__ 0.04194952063772184	false	0.5
untreu	off 1.0		off 0.4955832495319531 neg 0.463161670436484 __DUMMY__ 0.041255080031562974	false	1.0
missmutig	neg 1.0		off 0.49579865477803137 neg 0.46282316306859467 __DUMMY__ 0.04137818215337406	false	0.5
hurenbock	off 1.0		off 0.4941442573918673 neg 0.4642391207594198 __DUMMY__ 0.04161662184871292	false	1.0
betrunken	neg 1.0		off 0.4981901344148728 neg 0.46054510041625707 __DUMMY__ 0.041264765168870204	false	0.5
korrupt	off 1.0		off 0.485023005401418 neg 0.4736069235963204 __DUMMY__ 0.04137007100226159	false	1.0
unmut	neg 1.0		off 0.48289126228795615 neg 0.4751751577197525 __DUMMY__ 0.0419335799922913	false	0.5
hackfresse	off 1.0		off 0.5022084314413001 neg 0.45697259711195853 __DUMMY__ 0.040818971446741285	false	1.0
aufblasen	neg 1.0		off 0.49337022547264353 neg 0.4650686253577045 __DUMMY__ 0.04156114916965202	false	0.5
gewaltsam	neg 1.0		off 0.4901000446424511 neg 0.4681763564200432 __DUMMY__ 0.04172359893750568	false	0.5
unbeliebtheit	neg 1.0		off 0.4926412223486375 neg 0.4661968852537977 __DUMMY__ 0.04116189239756471	false	0.5
sturheit	neg 1.0		off 0.4880312315158616 neg 0.47045540082352877 __DUMMY__ 0.04151336766060969	false	0.5
kuh	neg 1.0		off 0.4895923007680086 neg 0.4693458105300554 __DUMMY__ 0.04106188870193608	false	0.5
erschrecken	neg 1.0		off 0.49609260936854266 neg 0.46245032375003237 __DUMMY__ 0.041457066881425	false	0.5
opfer	neg 1.0		off 0.4869680121435546 neg 0.4713165199347766 __DUMMY__ 0.0417154679216688	false	0.5
sinken	neg 1.0		off 0.48424305097668935 neg 0.4737899452782873 __DUMMY__ 0.041967003745023386	false	0.5
stinktier	neg 1.0		off 0.49596857567341496 neg 0.463429947298988 __DUMMY__ 0.04060147702759698	false	0.5
tucke	off 1.0		off 0.5018130851020426 neg 0.4575831292756599 __DUMMY__ 0.04060378562229748	false	1.0
ein			off 0.49233503089590935 neg 0.46610404320605636 __DUMMY__ 0.04156092589803446	false	0.0
abstieg	neg 1.0		off 0.4868315853106808 neg 0.4713242499647216 __DUMMY__ 0.04184416472459757	false	0.5
missverstehen	neg 1.0		off 0.4912564638460261 neg 0.4675566582284116 __DUMMY__ 0.041186877925562415	false	0.5
ergebnislos	neg 1.0		off 0.48644621832959445 neg 0.4716978580558303 __DUMMY__ 0.041855923614575324	false	0.5
unter			off 0.48038517692434185 neg 0.47724702073631925 __DUMMY__ 0.04236780233933887	false	0.0
manipulieren	neg 1.0		off 0.4850297350410458 neg 0.47318559543505356 __DUMMY__ 0.04178466952390074	false	0.5
unbewiesen	neg 1.0		off 0.48652533692851463 neg 0.47227714055069314 __DUMMY__ 0.041197522520792125	false	0.5
verschleppen	neg 1.0		off 0.48660759087163025 neg 0.47176081053438995 __DUMMY__ 0.041631598593979885	false	0.5
weib	off 1.0		off 0.5002319728640525 neg 0.4592547308153014 __DUMMY__ 0.040513296320646056	false	1.0
opposition	neg 1.0		off 0.49102698712450843 neg 0.46760797632504236 __DUMMY__ 0.04136503655044924	false	0.5
verkehrswidrig	neg 1.0		off 0.5030874388736576 neg 0.45546847348105896 __DUMMY__ 0.04144408764528341	false	0.5
inkorrekt	neg 1.0		off 0.4965893009219694 neg 0.4625063950282796 __DUMMY__ 0.040904304049751115	false	0.5
vermeiden	neg 1.0	neg 1.0	neg 0.7231783642525463 off 0.2566972298913289 __DUMMY__ 0.020124405856124773	false	1.0
abweichung	neg 1.0		off 0.48634380634753727 neg 0.4719973855036951 __DUMMY__ 0.04165880814876769	false	0.5
alkoholisiert	neg 1.0		off 0.48725651615616844 neg 0.4708936534876662 __DUMMY__ 0.041849830356165255	false	0.5
scheiss	off 1.0	off 1.0	off 0.7337659612879923 neg 0.24660974919321016 __DUMMY__ 0.01962428951879748	false	1.0
herausforderung	neg 1.0		off 0.4854570630934783 neg 0.4727761724948793 __DUMMY__ 0.04176676441164225	false	0.5
pervers	off 1.0		off 0.5050049904388483 neg 0.4543963109882341 __DUMMY__ 0.04059869857291767	false	1.0
wackelig	neg 1.0		off 0.4913670991366581 neg 0.4667134337003959 __DUMMY__ 0.04191946716294602	false	0.5
verwickeln	neg 1.0		off 0.4907328127510955 neg 0.4680514927623587 __DUMMY__ 0.04121569448654583	false	0.5
vorwand	neg 1.0		off 0.4841598758586958 neg 0.47412472343343154 __DUMMY__ 0.041715400707872795	false	0.5
muschi	off 1.0		off 0.4904284450104299 neg 0.467911592702937 __DUMMY__ 0.04165996228663308	false	1.0
entmutigung	neg 1.0		off 0.4914530554308185 neg 0.4670682870315103 __DUMMY__ 0.041478657537671104	false	0.5
unangemessen	neg 1.0		off 0.48648529179487965 neg 0.47212184952707736 __DUMMY__ 0.04139285867804302	false	0.5
unstetig	neg 1.0		off 0.49389205391610164 neg 0.4646308763179809 __DUMMY__ 0.041477069765917404	false	0.5
entmutigen	neg 1.0		off 0.4912118954447958 neg 0.46730350470951526 __DUMMY__ 0.04148459984568892	false	0.5
schwanz	neg 1.0		off 0.48792508435288184 neg 0.4703137462138392 __DUMMY__ 0.04176116943327892	false	0.5
verbot	neg 1.0		off 0.48689169217002526 neg 0.4714958384116395 __DUMMY__ 0.04161246941833531	false	0.5
leid	neg 1.0		off 0.5000849591735029 neg 0.4590210448559962 __DUMMY__ 0.04089399597050094	false	0.5
archaisch	neg 1.0		off 0.48861697873356497 neg 0.46982105756777054 __DUMMY__ 0.041561963698664585	false	0.5
gegen			off 0.48426786237058156 neg 0.4737613625255128 __DUMMY__ 0.04197077510390573	false	0.0
scheidung	neg 1.0		off 0.513202399926055 neg 0.4459771822389453 __DUMMY__ 0.040820417834999866	false	0.5
einschlag	neg 1.0		off 0.49859421264637815 neg 0.4602385058538239 __DUMMY__ 0.041167281499798	false	0.5
m			off 0.4893126788807622 neg 0.4689152444513547 __DUMMY__ 0.04177207666788314	false	0.0
abgestanden	neg 1.0		off 0.4904545477333572 neg 0.46813342923631907 __DUMMY__ 0.04141202303032369	false	0.5
schmierig	off 1.0		off 0.5006272151724264 neg 0.4583161841283589 __DUMMY__ 0.041056600699214775	false	1.0
unpraktisch	neg 1.0		off 0.4928504390931277 neg 0.4656098411791274 __DUMMY__ 0.04153971972774491	false	0.5
wixxer	off 1.0		off 0.5037532996287122 neg 0.4558017139989622 __DUMMY__ 0.04044498637232566	false	1.0
bezeichnet			off 0.48858774238561975 neg 0.470059784017589 __DUMMY__ 0.041352473596791395	false	0.0
jammerlappen	off 1.0		off 0.49610629335267603 neg 0.4625133201754906 __DUMMY__ 0.0413803864718335	false	1.0
farce	neg 1.0		off 0.487982121354203 neg 0.4704505557158263 __DUMMY__ 0.041567322929970646	false	0.5
zwecklos	neg 1.0		off 0.48710957660134724 neg 0.47138741385433924 __DUMMY__ 0.041503009544313435	false	0.5
turbulent	neg 1.0		off 0.49579502615423954 neg 0.4630917958242538 __DUMMY__ 0.04111317802150664	false	0.5
invasion	neg 1.0		off 0.4924059194135664 neg 0.46615166179199136 __DUMMY__ 0.04144241879444235	false	0.5
schuld	neg 1.0		off 0.49040227279221793 neg 0.4682177681345355 __DUMMY__ 0.04137995907324661	false	0.5
risiko	neg 1.0	neg 1.0	neg 0.717680660229163 off 0.2624211180937113 __DUMMY__ 0.019898221677125596	false	1.0
finster	neg 1.0		off 0.4906755021761929 neg 0.46798446740822874 __DUMMY__ 0.041340030415578356	false	0.5
geisteskrank	off 1.0		off 0.49428261468519863 neg 0.46478057460724054 __DUMMY__ 0.04093681070756098	false	1.0
zusammenbrechen	neg 1.0		off 0.48857476430249586 neg 0.4697945954694072 __DUMMY__ 0.041630640228096844	false	0.5
ausbeute	neg 1.0		off 0.49243996549302765 neg 0.46532461028227695 __DUMMY__ 0.042235424224695485	false	0.5
hinterhalt	neg 1.0		off 0.49399658466712815 neg 0.4638755341457673 __DUMMY__ 0.042127881187104574	false	0.5
kritik	neg 1.0		off 0.487389538464213 neg 0.4710714030141183 __DUMMY__ 0.04153905852166855	false	0.5
einschrumpfen	neg 1.0		off 0.49330398095153594 neg 0.46546095421780864 __DUMMY__ 0.04123506483065533	false	0.5
riskant	neg 1.0		off 0.4846981894846761 neg 0.47369214678890803 __DUMMY__ 0.04160966372641582	false	0.5
frustrieren	neg 1.0		off 0.48613392127468363 neg 0.47224355791873857 __DUMMY__ 0.041622520806577884	false	0.5
groll	neg 1.0		off 0.4865516734916765 neg 0.47193337191477375 __DUMMY__ 0.041514954593549654	false	0.5
gibt			off 0.48890764283315213 neg 0.4694357602345984 __DUMMY__ 0.04165659693224954	false	0.0
qualvoll	neg 1.0		off 0.4942493381510463 neg 0.46429361323980817 __DUMMY__ 0.04145704860914546	false	0.5
wackeln	neg 1.0		off 0.4934361414416344 neg 0.46485287643620066 __DUMMY__ 0.041710982122164994	false	0.5
klagen	neg 1.0		off 0.48292068599761145 neg 0.4752532498519429 __DUMMY__ 0.041826064150445645	false	0.5
bankrott	neg 1.0		off 0.4961680582462937 neg 0.46236127954578565 __DUMMY__ 0.04147066220792072	false	0.5
trauern	neg 1.0		off 0.48835853883422453 neg 0.46973044370173284 __DUMMY__ 0.041911017464042695	false	0.5
ablehnung	neg 1.0		off 0.48690812710187226 neg 0.4715573758431411 __DUMMY__ 0.041534497054986484	false	0.5
stur	neg 1.0		off 0.49085295880025254 neg 0.4677507145372801 __DUMMY__ 0.04139632666246732	false	0.5
aufruhr	neg 1.0		off 0.4899011380489071 neg 0.4684461645880279 __DUMMY__ 0.04165269736306494	false	0.5
melancholie	neg 1.0		off 0.4886453183771938 neg 0.46956246402246 __DUMMY__ 0.04179221760034619	false	0.5
ist			off 0.4926925576210289 neg 0.465827599881699 __DUMMY__ 0.041479842497272185	false	0.0
torheit	neg 1.0		off 0.490511925831645 neg 0.4679793152013801 __DUMMY__ 0.04150875896697481	false	0.5
dreckskind	off 1.0		off 0.49939838607058074 neg 0.45991751561721844 __DUMMY__ 0.04068409831220076	false	1.0
umtauschen	neg 1.0		off 0.49101364048190493 neg 0.4673650688264967 __DUMMY__ 0.04162129069159826	false	0.5
zum			off 0.4854372192519068 neg 0.4721704271936384 __DUMMY__ 0.04239235355445478	false	0.0
zersetzen	neg 1.0		off 0.4836450102879016 neg 0.4747339629460191 __DUMMY__ 0.0416210267660793	false	0.5
zur			off 0.4827177582659287 neg 0.47505686563114735 __DUMMY__ 0.042225376102924	false	0.0
frust	neg 1.0		off 0.4889627834669607 neg 0.469363781309907 __DUMMY__ 0.041673435223132216	false	0.5
unerbittlichkeit	neg 1.0		off 0.4846858514110012 neg 0.4735864867247527 __DUMMY__ 0.041727661864246285	false	0.5
zwei			off 0.4859608546983761 neg 0.47175565407165526 __DUMMY__ 0.042283491229968655	false	0.0
unkorrekt	neg 1.0		off 0.4976597263604024 neg 0.461283712085412 __DUMMY__ 0.04105656155418566	false	0.5
hexe	off 1.0		off 0.4936908302435697 neg 0.46524105076241995 __DUMMY__ 0.04106811899401046	false	1.0
lasch	neg 1.0		off 0.4925774530029095 neg 0.4662457240581482 __DUMMY__ 0.041176822938942294	false	0.5
rivale	neg 1.0		off 0.4974406850210192 neg 0.4614027806863357 __DUMMY__ 0.04115653429264502	false	0.5
mutlos	off 1.0	off 1.0	off 0.727887713868903 neg 0.25227529748588595 __DUMMY__ 0.019836988645210874	false	1.0
wirr	off 1.0		off 0.49741378750642584 neg 0.4616789838360323 __DUMMY__ 0.040907228657541775	false	1.0
jahr			off 0.49006911239920653 neg 0.4676020011689011 __DUMMY__ 0.04232888643189232	false	0.0
wird			off 0.4874558245814278 neg 0.4708749660122698 __DUMMY__ 0.041669209406302345	false	0.0
strafbar	neg 1.0		off 0.48512939722498766 neg 0.47327937051066254 __DUMMY__ 0.041591232264349895	false	0.5
erosion	neg 1.0		off 0.4921304590706599 neg 0.4661656858850464 __DUMMY__ 0.04170385504429377	false	0.5
eingehen	neg 1.0		off 0.48545170982732755 neg 0.47295862892332036 __DUMMY__ 0.04158966124935214	false	0.5
faul	off 1.0		off 0.4960823207602572 neg 0.4624622865958974 __DUMMY__ 0.041455392643845464	false	1.0
provisorium	neg 1.0		off 0.48199659989818466 neg 0.47556144460553834 __DUMMY__ 0.04244195549627695	false	0.5
schmerzen	neg 1.0		off 0.488568560260962 neg 0.4699508189432796 __DUMMY__ 0.041480620795758386	false	0.5
schrumpfen	neg 1.0		off 0.4800956151854047 neg 0.4779904171539752 __DUMMY__ 0.04191396766061998	false	0.5
geistlos	off 1.0		off 0.4899894870477968 neg 0.46891376016939545 __DUMMY__ 0.041096752782807756	false	1.0
fehlkauf	neg 1.0		off 0.4931934510478513 neg 0.4652625916912742 __DUMMY__ 0.04154395726087446	false	0.5
frustrierend	neg 1.0		off 0.49421683904425107 neg 0.46444473780598344 __DUMMY__ 0.0413384231497654	false	0.5
unzufrieden	neg 1.0		off 0.4866307552035857 neg 0.471866577885179 __DUMMY__ 0.041502666911235275	false	0.5
verzweifeln	neg 1.0		off 0.48926915795877307 neg 0.4691595491333176 __DUMMY__ 0.041571292907909355	false	0.5
verzweifelt	neg 1.0	neg 1.0	neg 0.7195562024585482 off 0.2607433049551812 __DUMMY__ 0.01970049258627066	false	1.0
misstrauensantrag	neg 1.0		off 0.4927549124097425 neg 0.4658002000180612 __DUMMY__ 0.041444887572196346	false	0.5
abfallen	neg 1.0		off 0.4931864441175072 neg 0.4651418541948203 __DUMMY__ 0.041671701687672494	false	0.5
fucker	off 1.0		off 0.4991270101403829 neg 0.45960884127180585 __DUMMY__ 0.04126414858781129	false	1.0
ungezogen	neg 1.0		off 0.504548093036593 neg 0.4547687555165189 __DUMMY__ 0.040683151446888124	false	0.5
irrsinnig	neg 1.0	neg 1.0	neg 0.7192677674679503 off 0.26100275736770806 __DUMMY__ 0.01972947516434167	false	1.0
unfassbar	neg 1.0		off 0.4972135258720705 neg 0.46147009087586005 __DUMMY__ 0.041316383252069544	false	0.5
hart	neg 1.0		off 0.4960784935546028 neg 0.462670746039073 __DUMMY__ 0.041250760406324166	false	0.5
widerlich	off 1.0		off 0.49559471136773314 neg 0.4633418132325424 __DUMMY__ 0.04106347539972443	false	1.0
fatal	neg 1.0		off 0.4930481243184871 neg 0.46548776738410313 __DUMMY__ 0.041464108297409825	false	0.5
bruch	neg 1.0		off 0.4842388776067188 neg 0.47385875498110674 __DUMMY__ 0.04190236741217454	false	0.5
aushungern	neg 1.0		off 0.48856675494828516 neg 0.4697757782488862 __DUMMY__ 0.0416574668028286	false	0.5
anspannung	neg 1.0		off 0.4846068425071443 neg 0.4730881890550314 __DUMMY__ 0.04230496843782433	false	0.5
von			off 0.49113325682913705 neg 0.4664318778023594 __DUMMY__ 0.04243486536850374	false	0.0
kraftlos	neg 1.0		off 0.4890650932147172 neg 0.46918876901771234 __DUMMY__ 0.04174613776757035	false	0.5
vom			off 0.48398477862268535 neg 0.4734518692636366 __DUMMY__ 0.04256335211367798	false	0.0
grenzdebil	off 1.0		off 0.49770897746934895 neg 0.46097818258562584 __DUMMY__ 0.041312839945025145	false	1.0
vor			off 0.48609069539853106 neg 0.47191223604299837 __DUMMY__ 0.041997068558470595	false	0.0
unterwerfen	neg 1.0		off 0.48650879232677935 neg 0.4718147046026719 __DUMMY__ 0.04167650307054862	false	0.5
versenkung	neg 1.0		off 0.4881930940725534 neg 0.46997085148252526 __DUMMY__ 0.04183605444492123	false	0.5
entziehen	neg 1.0		off 0.48354029253014796 neg 0.4746429480065393 __DUMMY__ 0.041816759463312814	false	0.5
finanzkrise	neg 1.0		off 0.48816332544197166 neg 0.47036085965809116 __DUMMY__ 0.041475814899937215	false	0.5
schimpfend	neg 1.0		off 0.49278578129597606 neg 0.46575512331297797 __DUMMY__ 0.04145909539104587	false	0.5
profan	neg 1.0		off 0.49264641871189263 neg 0.46600213526606793 __DUMMY__ 0.04135144602203946	false	0.5
korruption	neg 1.0		off 0.4867517718340133 neg 0.47161915542797733 __DUMMY__ 0.041629072738009316	false	0.5
â			off 0.4892355590304301 neg 0.46892459325320895 __DUMMY__ 0.04183984771636089	false	0.0
schmutzig	neg 1.0		off 0.49872217849252043 neg 0.45992789113750565 __DUMMY__ 0.04134993036997382	false	0.5
sexy	neg 1.0		off 0.4952330795848297 neg 0.4632832865369837 __DUMMY__ 0.04148363387818651	false	0.5
abraten	neg 1.0		off 0.49278312464884616 neg 0.46575312005324226 __DUMMY__ 0.041463755297911506	false	0.5
schwarz	neg 1.0		off 0.4922028487205535 neg 0.46631786159141747 __DUMMY__ 0.04147928968802894	false	0.5
fotze	off 1.0	off 1.0	off 0.7304134060116231 neg 0.24964587972960464 __DUMMY__ 0.019940714258772363	false	1.0
verwirren	neg 1.0		off 0.4934934113700274 neg 0.46512950024464766 __DUMMY__ 0.041377088385324855	false	0.5
zahnlos	off 1.0		off 0.4881317496354091 neg 0.47033020620559607 __DUMMY__ 0.041538044158994786	false	1.0
verheeren	neg 1.0		off 0.506924117121077 neg 0.4523211975090585 __DUMMY__ 0.040754685369864666	false	0.5
hippie	neg 1.0		off 0.49471674827344514 neg 0.4637970472694232 __DUMMY__ 0.04148620445713162	false	0.5
rammen	neg 1.0		off 0.4911780258170589 neg 0.4674600100928827 __DUMMY__ 0.041361964090058545	false	0.5
unlauter	neg 1.0		off 0.48948006083462886 neg 0.4692249849117332 __DUMMY__ 0.04129495425363784	false	0.5
unheilvoll	neg 1.0		off 0.49328432169832886 neg 0.46518430141731526 __DUMMY__ 0.04153137688435583	false	0.5
niedrig	neg 1.0		off 0.4840526717535808 neg 0.4743781866948585 __DUMMY__ 0.04156914155156062	false	0.5
explosion	neg 1.0		off 0.49355236798277713 neg 0.4650120487033564 __DUMMY__ 0.04143558331386651	false	0.5
weichei	off 1.0	off 1.0	off 0.7362996208871644 neg 0.24424837365210747 __DUMMY__ 0.019452005460728134	false	1.0
minusmensch	off 1.0		off 0.5016712996697409 neg 0.4577372788393704 __DUMMY__ 0.040591421490888686	false	1.0
farblos	neg 1.0		off 0.49108867312374177 neg 0.4672774635245125 __DUMMY__ 0.041633863351745695	false	0.5
unwissend	neg 1.0	neg 1.0	neg 0.717340277101765 off 0.26303767411361834 __DUMMY__ 0.019622048784616774	false	1.0
traurig	neg 1.0		off 0.4995512219394803 neg 0.45925662669058176 __DUMMY__ 0.041192151369938	false	0.5
senkung	neg 1.0		off 0.4916526947570004 neg 0.4670971871546202 __DUMMY__ 0.041250118088379424	false	0.5
ungleich	neg 1.0	neg 1.0	neg 0.7225611845035069 off 0.25758782749336095 __DUMMY__ 0.019850988003132095	false	1.0
heikel	neg 1.0		off 0.48464354239505886 neg 0.4737495504467886 __DUMMY__ 0.041606907158152406	false	0.5
drosselung	neg 1.0		off 0.49685927463253304 neg 0.4619019237011087 __DUMMY__ 0.04123880166635818	false	0.5
falsch	neg 1.0		off 0.4938531409452407 neg 0.4648786260786351 __DUMMY__ 0.0412682329761241	false	0.5
unzufriedenheit	neg 1.0		off 0.4840670413079824 neg 0.4741665184930292 __DUMMY__ 0.04176644019898843	false	0.5
kurz	neg 1.0		off 0.4914249090015046 neg 0.46672667535522894 __DUMMY__ 0.04184841564326644	false	0.5
unsinnig	neg 1.0		off 0.4873413439411522 neg 0.47123148199549364 __DUMMY__ 0.04142717406335411	false	0.5
penner	off 1.0	off 1.0	off 0.7373219997372624 neg 0.24323747202162715 __DUMMY__ 0.019440528241110512	false	1.0
seicht	neg 1.0		off 0.5024460431163931 neg 0.4569912843140162 __DUMMY__ 0.040562672569590695	false	0.5
dummheit	off 1.0	off 1.0	off 0.7317556584774063 neg 0.24859306934723177 __DUMMY__ 0.019651272175361917	false	1.0
unerfreulich	neg 1.0		off 0.48500585644167 neg 0.47323653372077995 __DUMMY__ 0.04175760983755007	false	0.5
motherfucker	off 1.0	off 1.0	off 0.7349772804086986 neg 0.24537032951701787 __DUMMY__ 0.01965239007428354	false	1.0
pikiert	neg 1.0		off 0.49541656228346603 neg 0.4634276284969856 __DUMMY__ 0.04115580921954821	false	0.5
wrack	neg 1.0		off 0.4899072979529882 neg 0.46829655208190935 __DUMMY__ 0.041796149965102364	false	0.5
gangster	neg 1.0		off 0.4947147814399459 neg 0.4638094132752896 __DUMMY__ 0.0414758052847645	false	0.5
krank	neg 1.0		off 0.4979757935806195 neg 0.46069218178855914 __DUMMY__ 0.04133202463082149	false	0.5
reich	neg 1.0		off 0.49753778233092616 neg 0.4610056053196629 __DUMMY__ 0.04145661234941091	false	0.5
gnadenlos	neg 1.0		off 0.49112736797823053 neg 0.46743221680502256 __DUMMY__ 0.041440415216746865	false	0.5
niedergeschlagen	neg 1.0		off 0.48979301698235705 neg 0.4685297817207734 __DUMMY__ 0.04167720129686953	false	0.5
terrorisieren	off 1.0	off 1.0	off 0.7289120904023296 neg 0.25116672999338285 __DUMMY__ 0.019921179604287544	false	1.0
sinnlosigkeit	neg 1.0		off 0.48782770794757446 neg 0.4705970070117843 __DUMMY__ 0.04157528504064137	false	0.5
behindern	neg 1.0		off 0.49036882094824025 neg 0.4679937645207891 __DUMMY__ 0.041637414530970536	false	0.5
undemokratisch	neg 1.0		off 0.4907058064343551 neg 0.46785125079301465 __DUMMY__ 0.041442942772630234	false	0.5
wirtschaftskrise	neg 1.0		off 0.48626355087377193 neg 0.4721354941783382 __DUMMY__ 0.041600954947890005	false	0.5
neid	neg 1.0		off 0.49569117202740914 neg 0.462845257680587 __DUMMY__ 0.041463570292003905	false	0.5
rutschen	neg 1.0		off 0.4862107550187981 neg 0.4714644200582386 __DUMMY__ 0.042324824922963335	false	0.5
rezession	neg 1.0		off 0.49514947959471206 neg 0.46413971435045753 __DUMMY__ 0.040710806054830316	false	0.5
fehlgeburt	neg 1.0		off 0.4933902007089797 neg 0.46505475995752904 __DUMMY__ 0.04155503933349129	false	0.5
charakterschwach	off 1.0		off 0.49536631290292 neg 0.46356128524437007 __DUMMY__ 0.04107240185270992	false	1.0
isolation	neg 1.0		off 0.494648192110012 neg 0.46393901581356006 __DUMMY__ 0.041412792076428034	false	0.5
ablenkung	neg 1.0		off 0.4916171125875002 neg 0.4667419372584792 __DUMMY__ 0.041640950154020674	false	0.5
pech	neg 1.0		off 0.4943987807774611 neg 0.4642498312049244 __DUMMY__ 0.04135138801761452	false	0.5
vermeidung	neg 1.0		off 0.4975772512735389 neg 0.4611283913050931 __DUMMY__ 0.041294357421367875	false	0.5
dominieren	neg 1.0		off 0.4875570872166433 neg 0.47064261154683645 __DUMMY__ 0.041800301236520225	false	0.5
schwindlig	neg 1.0		off 0.4943278862948071 neg 0.46410089633028395 __DUMMY__ 0.04157121737490901	false	0.5
lutscher	neg 1.0		off 0.503708231621805 neg 0.45567857223841873 __DUMMY__ 0.04061319613977622	false	0.5
pflicht	neg 1.0		off 0.4839440919556218 neg 0.4743486122124249 __DUMMY__ 0.04170729583195339	false	0.5
faschist	off 1.0		off 0.49374600324561346 neg 0.46486940858049214 __DUMMY__ 0.04138458817389449	false	1.0
verschleudern	neg 1.0		off 0.48459688113391564 neg 0.4737883223927799 __DUMMY__ 0.04161479647330446	false	0.5
wenn			off 0.4946445007523442 neg 0.46402933921846573 __DUMMY__ 0.04132616002919011	false	0.0
ehebruch	neg 1.0		off 0.48700007102138887 neg 0.4713374477452905 __DUMMY__ 0.04166248123332043	false	0.5
spott	off 1.0		off 0.48602855307063153 neg 0.4723354542417018 __DUMMY__ 0.04163599268766657	false	1.0
trostlosigkeit	neg 1.0		off 0.4856997807090316 neg 0.4723501395738924 __DUMMY__ 0.04195007971707589	false	0.5
lutschen	neg 1.0		off 0.4936265423836556 neg 0.4650787374139272 __DUMMY__ 0.041294720202417305	false	0.5
undiszipliniert	neg 1.0		off 0.4979290654244466 neg 0.4609658841301911 __DUMMY__ 0.04110505044536227	false	0.5
kopfschmerz	neg 1.0		off 0.4877779009325182 neg 0.4706801823767022 __DUMMY__ 0.04154191669077953	false	0.5
unvorhergesehen	neg 1.0		off 0.4890429163029169 neg 0.4688962286601379 __DUMMY__ 0.04206085503694509	false	0.5
desinteressiert	neg 1.0	neg 1.0	neg 0.7158477443227679 off 0.2645605340311516 __DUMMY__ 0.019591721646080543	false	1.0
armselig	off 1.0		off 0.49705979511702686 neg 0.4620094719010068 __DUMMY__ 0.04093073298196652	false	1.0
desaster	neg 1.0		off 0.48307240780168026 neg 0.47505123519009057 __DUMMY__ 0.041876357008229115	false	0.5
tod	neg 1.0		off 0.49052270956872374 neg 0.46752322312922395 __DUMMY__ 0.04195406730205238	false	0.5
herzlos	neg 1.0		off 0.49833348444505066 neg 0.4606055420504793 __DUMMY__ 0.041060973504470084	false	0.5
unwissenheit	neg 1.0		off 0.4870900278761976 neg 0.47135844727161946 __DUMMY__ 0.04155152485218281	false	0.5
widersinnig	neg 1.0		off 0.4849366280880261 neg 0.4737332830154694 __DUMMY__ 0.04133008889650454	false	0.5
bedenklich	neg 1.0		off 0.48578031540336514 neg 0.4726670234214827 __DUMMY__ 0.04155266117515204	false	0.5
beanstanden	neg 1.0		off 0.4838917383979695 neg 0.47435647258909336 __DUMMY__ 0.04175178901293712	false	0.5
panisch	neg 1.0	neg 1.0	neg 0.7164516082803236 off 0.26364998808090717 __DUMMY__ 0.01989840363876924	false	1.0
debil	off 1.0		off 0.48170657868072847 neg 0.47600511866473605 __DUMMY__ 0.042288302654535495	false	1.0
abstrich	neg 1.0		off 0.49432835994850743 neg 0.4636456302568776 __DUMMY__ 0.042026009794615	false	0.5
primitiv	neg 1.0		off 0.4954821472648423 neg 0.46349155275863596 __DUMMY__ 0.04102629997652162	false	0.5
abschaum	off 1.0	off 1.0	off 0.7333238476589014 neg 0.2470458551414056 __DUMMY__ 0.01963029719969301	false	1.0
provozieren	neg 1.0		off 0.48960136004538884 neg 0.46908331930555514 __DUMMY__ 0.041315320649055944	false	0.5
tot	neg 1.0		off 0.48780534697314637 neg 0.470567326780175 __DUMMY__ 0.04162732624667865	false	0.5
instabil	neg 1.0		off 0.4981150740918417 neg 0.46078586133242017 __DUMMY__ 0.04109906457573821	false	0.5
schwuchtel	off 1.0	off 1.0	off 0.7396290994243974 neg 0.24114796595606963 __DUMMY__ 0.019222934619533002	false	1.0
zerren	neg 1.0		off 0.48921925986946196 neg 0.4690799420247762 __DUMMY__ 0.04170079810576179	false	0.5
kinderficker	off 1.0		off 0.5012543569211063 neg 0.45777516394591006 __DUMMY__ 0.040970479132983635	false	1.0
gefahr	neg 1.0		off 0.4851786839127082 neg 0.4729234941252121 __DUMMY__ 0.04189782196207975	false	0.5
rabiat	neg 1.0		off 0.49087963327956274 neg 0.4675593331958868 __DUMMY__ 0.04156103352455046	false	0.5
verlangsamung	neg 1.0		off 0.4995648359047524 neg 0.4598609330891448 __DUMMY__ 0.04057423100610286	false	0.5
ausgestorben	neg 1.0		off 0.49120206145112394 neg 0.4671579481826629 __DUMMY__ 0.0416399903662132	false	0.5
anklagen	neg 1.0		off 0.4877824313674338 neg 0.4705231554701913 __DUMMY__ 0.04169441316237494	false	0.5
trott	neg 1.0		off 0.49077593241871337 neg 0.46759287874412114 __DUMMY__ 0.041631188837165434	false	0.5
verminderung	neg 1.0		off 0.4965167265618219 neg 0.4623433526158135 __DUMMY__ 0.04113992082236461	false	0.5
nach			off 0.4847653729131926 neg 0.47287673315296436 __DUMMY__ 0.04235789393384297	false	0.0
rost	neg 1.0		off 0.5009197530904136 neg 0.45820947206933726 __DUMMY__ 0.040870774840249174	false	0.5
destruktiv	neg 1.0		off 0.4885806832153596 neg 0.47003015146040733 __DUMMY__ 0.04138916532423311	false	0.5
unzumutbarkeit	neg 1.0		off 0.49695561275061156 neg 0.46167729880973024 __DUMMY__ 0.04136708843965835	false	0.5
labil	off 1.0	off 1.0	off 0.7333380963465099 neg 0.24697099244324705 __DUMMY__ 0.01969091121024299	false	1.0
ziemlich	neg 1.0		off 0.497542138268623 neg 0.4610898648833166 __DUMMY__ 0.04136799684806034	false	0.5
lachnummer	off 1.0		off 0.48956724159289716 neg 0.4690362534156448 __DUMMY__ 0.04139650499145799	false	1.0
oder			off 0.492510409235144 neg 0.4658764015724932 __DUMMY__ 0.04161318919236284	false	0.0
verfall	neg 1.0		off 0.48125321960119416 neg 0.4767287651983948 __DUMMY__ 0.04201801520041107	false	0.5
ausgrenzung	neg 1.0		off 0.49165343126190664 neg 0.4668985707993452 __DUMMY__ 0.041447997938748156	false	0.5
unordnung	neg 1.0		off 0.501322072889956 neg 0.4572432829496994 __DUMMY__ 0.04143464416034449	false	0.5
fehlverhalten	neg 1.0		off 0.4835163297651287 neg 0.47490510201792285 __DUMMY__ 0.04157856821694852	false	0.5
eine			off 0.48611909092967653 neg 0.4719679527056152 __DUMMY__ 0.04191295636470828	false	0.0
nille	neg 1.0		off 0.4913829174339644 neg 0.46691182127003855 __DUMMY__ 0.041705261295997026	false	0.5
qual	neg 1.0		off 0.49038474469118754 neg 0.46796444082485883 __DUMMY__ 0.04165081448395374	false	0.5
verschwenden	neg 1.0		off 0.4852050902360258 neg 0.47321876415348074 __DUMMY__ 0.04157614561049341	false	0.5
riesig	neg 1.0		off 0.48847756640934725 neg 0.4696979797412204 __DUMMY__ 0.0418244538494324	false	0.5
verurteilen	neg 1.0		off 0.48613148251008065 neg 0.4723958744681973 __DUMMY__ 0.041472643021722044	false	0.5
klischee	neg 1.0	neg 1.0	neg 0.7179926870939127 off 0.26234893364689194 __DUMMY__ 0.01965837925919527	false	1.0
diktatorisch	neg 1.0		off 0.490594159718031 neg 0.46800183100544124 __DUMMY__ 0.04140400927652779	false	0.5
vorhersehbar	neg 1.0		off 0.4918248010786727 neg 0.4669737069354871 __DUMMY__ 0.041201491985840145	false	0.5
sowie			off 0.5002129504632613 neg 0.45884283655719754 __DUMMY__ 0.04094421297954104	false	0.0
stornieren	neg 1.0		off 0.4966114914711463 neg 0.4615233309298838 __DUMMY__ 0.04186517759896993	false	0.5
besteuerung	neg 1.0		off 0.4885850032566997 neg 0.4701669249760782 __DUMMY__ 0.041248071767222165	false	0.5
ungeschminkt	neg 1.0		off 0.49490203404971805 neg 0.46411328670030194 __DUMMY__ 0.040984679249980165	false	0.5
kritisch	neg 1.0		off 0.4859081506252997 neg 0.47248542635797897 __DUMMY__ 0.04160642301672126	false	0.5
schlamperei	off 1.0		off 0.4862550752977611 neg 0.4719195914697074 __DUMMY__ 0.04182533323253157	false	1.0
sucht	neg 1.0	neg 1.0	neg 0.7158086825458468 off 0.26410373759605593 __DUMMY__ 0.020087579858097258	false	1.0
egoistisch	off 1.0		off 0.49980993215432856 neg 0.45939474444850376 __DUMMY__ 0.04079532339716756	false	1.0
ausbeuter	off 1.0		off 0.4828610390645147 neg 0.4756264325602225 __DUMMY__ 0.04151252837526273	false	1.0
arschgeburt	off 1.0		off 0.5053667198687662 neg 0.4543642777837102 __DUMMY__ 0.0402690023475237	false	1.0
schubs	neg 1.0		off 0.48919275885589186 neg 0.4691433434316646 __DUMMY__ 0.04166389771244354	false	0.5
unsolide	neg 1.0		off 0.4906491054554746 neg 0.4680489969914829 __DUMMY__ 0.041301897553042616	false	0.5
beschwerde	neg 1.0		off 0.48604845374078237 neg 0.4722665528002742 __DUMMY__ 0.04168499345894339	false	0.5
stocken	neg 1.0		off 0.4864468015607104 neg 0.47176315132247293 __DUMMY__ 0.04179004711681668	false	0.5
isolieren	neg 1.0		off 0.4873089284127456 neg 0.4710317234510499 __DUMMY__ 0.04165934813620466	false	0.5
unheilbar	neg 1.0		off 0.4909161796099769 neg 0.46754252682398795 __DUMMY__ 0.04154129356603519	false	0.5
pisser	off 1.0		off 0.4976498160381251 neg 0.4613065983147124 __DUMMY__ 0.04104358564716257	false	1.0
löschen	neg 1.0		off 0.49113236264587545 neg 0.46724542244623835 __DUMMY__ 0.04162221490788624	false	0.5
durchfallen	neg 1.0		off 0.4854616663642209 neg 0.4730772923736618 __DUMMY__ 0.04146104126211734	false	0.5
wichser	off 1.0	off 1.0	off 0.7387672464431093 neg 0.24188518803900982 __DUMMY__ 0.019347565517880826	false	1.0
terror	neg 1.0		off 0.49444115221641166 neg 0.4640722448772015 __DUMMY__ 0.041486602906386845	false	0.5
krass	neg 1.0		off 0.49931956295095786 neg 0.4596407965873199 __DUMMY__ 0.04103964046172213	false	0.5
revolte	neg 1.0		off 0.4930739647515382 neg 0.46541328758519374 __DUMMY__ 0.04151274766326793	false	0.5
besorgt	neg 1.0		off 0.49209957077459965 neg 0.4659423198314511 __DUMMY__ 0.04195810939394923	false	0.5
nachlassen	neg 1.0		off 0.4880701684429772 neg 0.4699859292493455 __DUMMY__ 0.04194390230767735	false	0.5
alt	neg 1.0		off 0.4876531760546021 neg 0.4707499438623772 __DUMMY__ 0.04159688008302068	false	0.5
hundesohn	off 1.0		off 0.5042397135628789 neg 0.4550921518155656 __DUMMY__ 0.0406681346215554	false	1.0
als			off 0.4884109818785284 neg 0.46995251694904544 __DUMMY__ 0.04163650117242613	false	0.0
abschreckung	neg 1.0		off 0.4836376375077871 neg 0.47460396389823994 __DUMMY__ 0.04175839859397302	false	0.5
unqualifiziert	neg 1.0		off 0.49227852242082815 neg 0.466592794942508 __DUMMY__ 0.04112868263666388	false	0.5
abgewichst	off 1.0		off 0.49071925774558334 neg 0.4675479840272365 __DUMMY__ 0.04173275822718019	false	1.0
schwer	neg 1.0		off 0.4894143497807651 neg 0.46907561906176765 __DUMMY__ 0.04151003115746712	false	0.5
bedeutungslosigkeit	neg 1.0		off 0.4848172165024991 neg 0.47345712454412725 __DUMMY__ 0.04172565895337363	false	0.5
kapitulation	neg 1.0		off 0.48690885113391996 neg 0.4713453197259651 __DUMMY__ 0.04174582914011496	false	0.5
unscharf	neg 1.0		off 0.49184996376185774 neg 0.4668776381743843 __DUMMY__ 0.041272398063757904	false	0.5
schwinden	neg 1.0		off 0.4853429371308584 neg 0.4728470293037923 __DUMMY__ 0.04181003356534945	false	0.5
versklavung	neg 1.0		off 0.4914044720803275 neg 0.46705733360158214 __DUMMY__ 0.04153819431809021	false	0.5
schlecht	neg 1.0		off 0.4974786217771439 neg 0.46117679428909486 __DUMMY__ 0.04134458393376118	false	0.5
verhasst	neg 1.0		off 0.4892919165131325 neg 0.46950263487240246 __DUMMY__ 0.041205448614464915	false	0.5
beschweren	neg 1.0		off 0.4924204285039402 neg 0.466142059743739 __DUMMY__ 0.04143751175232082	false	0.5
scheiden	neg 1.0		off 0.4922167884279675 neg 0.46607353514267885 __DUMMY__ 0.04170967642935343	false	0.5
frustriert	neg 1.0		off 0.4882851006989846 neg 0.4701886595620256 __DUMMY__ 0.04152623973898973	false	0.5
schimmelig	neg 1.0		off 0.4859890183898845 neg 0.47255520564005643 __DUMMY__ 0.04145577597005914	false	0.5
fisch	neg 1.0		off 0.48387586369120794 neg 0.4744680380650751 __DUMMY__ 0.04165609824371701	false	0.5
schmuggel	neg 1.0		off 0.4858569791313029 neg 0.4723868626313656 __DUMMY__ 0.04175615823733149	false	0.5
auffallen	neg 1.0		off 0.49316999692918173 neg 0.46543387989497936 __DUMMY__ 0.04139612317583887	false	0.5
konkurrenz	neg 1.0		off 0.4841677328876508 neg 0.47397662521610423 __DUMMY__ 0.04185564189624492	false	0.5
teufelskreis	neg 1.0	neg 1.0	neg 0.7204001729609057 off 0.259857106758009 __DUMMY__ 0.01974272028108521	false	1.0
aufschreien	neg 1.0		off 0.49225367963275546 neg 0.46645570153704435 __DUMMY__ 0.04129061883020021	false	0.5
schuldner	neg 1.0		off 0.4831337442102518 neg 0.47524152339619075 __DUMMY__ 0.04162473239355758	false	0.5
missgeburt	off 1.0	off 1.0	off 0.736278608825226 neg 0.24431688376196817 __DUMMY__ 0.019404507412805805	false	1.0
arbeitslos	neg 1.0		off 0.48582074544760434 neg 0.4727275082694146 __DUMMY__ 0.041451746282981004	false	0.5
befallen	neg 1.0		off 0.48857451589588424 neg 0.46985524253506533 __DUMMY__ 0.04157024156905038	false	0.5
miesepetrig	off 1.0	off 1.0	off 0.7341594841220626 neg 0.24614896732269617 __DUMMY__ 0.019691548555241245	false	1.0
alarmieren	neg 1.0		off 0.49373121416441473 neg 0.46504096679084617 __DUMMY__ 0.04122781904473904	false	0.5
ungeduscht	off 1.0		off 0.49386127340310776 neg 0.4649308685538843 __DUMMY__ 0.041207858043007944	false	1.0
knappheit	neg 1.0		off 0.48435201762127145 neg 0.47427164034890334 __DUMMY__ 0.04137634202982536	false	0.5
schlange	neg 1.0		off 0.4949893096142279 neg 0.463253621366861 __DUMMY__ 0.04175706901891107	false	0.5
harsch	neg 1.0		off 0.5026784076009364 neg 0.45606525673483783 __DUMMY__ 0.041256335664225804	false	0.5
lang	neg 1.0		off 0.4923619579609466 neg 0.46601815004249225 __DUMMY__ 0.04161989199656112	false	0.5
ziellos	neg 1.0		off 0.4886281065572275 neg 0.4695426916283044 __DUMMY__ 0.04182920181446807	false	0.5
selbstverliebt	neg 1.0		off 0.5043061270932934 neg 0.455215658539233 __DUMMY__ 0.0404782143674737	false	0.5
beseitigen	neg 1.0		off 0.4893102721294014 neg 0.46904862960449795 __DUMMY__ 0.04164109826610065	false	0.5
dumm	off 1.0		off 0.5014352025886691 neg 0.4577114410701767 __DUMMY__ 0.04085335634115426	false	1.0
arbeitsloser	neg 1.0		off 0.48792987456538217 neg 0.4703977670073851 __DUMMY__ 0.04167235842723276	false	0.5
blitzen	neg 1.0		off 0.4939322409412881 neg 0.4646433802090631 __DUMMY__ 0.0414243788496488	false	0.5
hilflos	neg 1.0		off 0.48794675498795553 neg 0.4705002901268964 __DUMMY__ 0.04155295488514816	false	0.5
eklig	off 1.0		off 0.5006821788823685 neg 0.45863942073073427 __DUMMY__ 0.04067840038689718	false	1.0
begriff			off 0.48898185725530013 neg 0.4695200282702482 __DUMMY__ 0.04149811447445162	false	0.0
hungersnot	neg 1.0		off 0.4888489026130038 neg 0.4694059809088354 __DUMMY__ 0.041745116478160926	false	0.5
ungesetzlich	neg 1.0		off 0.4882528265442668 neg 0.4705258657419784 __DUMMY__ 0.041221307713754915	false	0.5
verschwendung	neg 1.0		off 0.48565238275807276 neg 0.47265036604545224 __DUMMY__ 0.041697251196474994	false	0.5
schmerzvoll	neg 1.0		off 0.4925255266720681 neg 0.46598980105519683 __DUMMY__ 0.041484672272735036	false	0.5
vorzeitig	neg 1.0		off 0.49405041161963226 neg 0.4644745647282226 __DUMMY__ 0.04147502365214503	false	0.5
unvollkommenheit	neg 1.0		off 0.4903661771230026 neg 0.4676970893880458 __DUMMY__ 0.04193673348895174	false	0.5
intervenieren	neg 1.0		off 0.4847295506756562 neg 0.4736365185647617 __DUMMY__ 0.0416339307595821	false	0.5
banause	off 1.0		off 0.5021634485216395 neg 0.4573809758250746 __DUMMY__ 0.04045557565328591	false	1.0
rebell	neg 1.0		off 0.4822317690466493 neg 0.4759078360848156 __DUMMY__ 0.04186039486853494	false	0.5
unlogisch	neg 1.0		off 0.4972987398936957 neg 0.46172181813088337 __DUMMY__ 0.040979441975420944	false	0.5
leiden	neg 1.0		off 0.4860447639951198 neg 0.4720873251683492 __DUMMY__ 0.04186791083653086	false	0.5
abschaffung	neg 1.0		off 0.49050242888327494 neg 0.4679932898275948 __DUMMY__ 0.04150428128913014	false	0.5
sturz	neg 1.0		off 0.49264326773487827 neg 0.4656117430502608 __DUMMY__ 0.041744989214860834	false	0.5
verkleinerung	neg 1.0		off 0.49122304214629425 neg 0.4676005563808152 __DUMMY__ 0.04117640147289059	false	0.5
schmarotzer	off 1.0		off 0.48591921214288347 neg 0.4727295922119589 __DUMMY__ 0.04135119564515774	false	1.0
bestrafung	neg 1.0		off 0.4916978548940725 neg 0.46679127611538584 __DUMMY__ 0.04151086899054175	false	0.5
achtlos	neg 1.0	neg 1.0	neg 0.7190955136148266 off 0.2610253556634034 __DUMMY__ 0.019879130721770014	false	1.0
ungeheuer	neg 1.0		off 0.49457838409982297 neg 0.4638486373779723 __DUMMY__ 0.041572978522204734	false	0.5
unaufrichtig	neg 1.0		off 0.4951938058125015 neg 0.4632378771119051 __DUMMY__ 0.041568317075593296	false	0.5
