unsolidarisch	neg 1.0		off 0.47406862632847185 neg 0.4583949052578591 __DUMMY__ 0.06753646841366906	false	0.5
nachteilig	neg 1.0		off 0.47172020580190027 neg 0.4601320548439895 __DUMMY__ 0.06814773935411012	false	0.5
skeptisch	neg 1.0		off 0.47154393058183824 neg 0.460197521760542 __DUMMY__ 0.06825854765761992	false	0.5
schrecklich	neg 1.0		off 0.48656434015687916 neg 0.4461678250154561 __DUMMY__ 0.06726783482766464	false	0.5
schlapp	neg 1.0		off 0.48312683701905024 neg 0.44923331999784116 __DUMMY__ 0.06763984298310861	false	0.5
abfall	neg 1.0		off 0.46903304537486956 neg 0.462285470926144 __DUMMY__ 0.06868148369898622	false	0.5
widerspenstig	neg 1.0		off 0.47760346933522246 neg 0.45440179639682454 __DUMMY__ 0.06799473426795298	false	0.5
abrupt	neg 1.0		off 0.4750461725685993 neg 0.4563338371872373 __DUMMY__ 0.06861999024416346	false	0.5
unwirksam	neg 1.0		off 0.47393261639532 neg 0.4585932375412271 __DUMMY__ 0.06747414606345295	false	0.5
angreifen	neg 1.0		off 0.47110023727022526 neg 0.46069805736991043 __DUMMY__ 0.06820170535986432	false	0.5
inkonsistent	neg 1.0		off 0.47659355569810147 neg 0.45576842324598466 __DUMMY__ 0.06763802105591395	false	0.5
abrutschen	neg 1.0		off 0.46876835548800944 neg 0.46271461963056626 __DUMMY__ 0.06851702488142444	false	0.5
unsicher	neg 1.0		off 0.4776882103312827 neg 0.454194332763644 __DUMMY__ 0.06811745690507326	false	0.5
bauernkind	off 1.0	off 1.0	off 0.7271622191579986 neg 0.24129004860517406 __DUMMY__ 0.0315477322368274	false	1.0
angreifer	neg 1.0	neg 1.0	neg 0.7107193126934074 off 0.2566722792491504 __DUMMY__ 0.03260840805744223	false	1.0
trennen	neg 1.0		off 0.473429269474112 neg 0.45792508202909993 __DUMMY__ 0.06864564849678802	false	0.5
schmutz	neg 1.0		off 0.48183667865544494 neg 0.4497860543853494 __DUMMY__ 0.06837726695920555	false	0.5
inkonsistenz	neg 1.0		off 0.47874934109311906 neg 0.4543022745605608 __DUMMY__ 0.06694838434632021	false	0.5
erschreckend	neg 1.0		off 0.4752592399557397 neg 0.4568669785028807 __DUMMY__ 0.06787378154137953	false	0.5
ertrinken	neg 1.0		off 0.472834524287408 neg 0.4587975004174392 __DUMMY__ 0.06836797529515272	false	0.5
pickelface	off 1.0		off 0.47676712425577894 neg 0.4550781592471695 __DUMMY__ 0.06815471649705158	false	1.0
seiner			off 0.4724640511373161 neg 0.45920199448267146 __DUMMY__ 0.0683339543800123	false	0.0
lauch	neg 1.0		off 0.4708628154739685 neg 0.4604060196909411 __DUMMY__ 0.06873116483509048	false	0.5
unwichtig	neg 1.0		off 0.48052662116177824 neg 0.4521273662494159 __DUMMY__ 0.06734601258880588	false	0.5
steuerhinterziehung	neg 1.0	neg 1.0	neg 0.7146984837777601 off 0.2527888710219743 __DUMMY__ 0.03251264520026567	false	1.0
schock	neg 1.0		off 0.4773120731160501 neg 0.45445498711077176 __DUMMY__ 0.06823293977317825	false	0.5
beule	neg 1.0		off 0.4833540015757193 neg 0.44921472767964765 __DUMMY__ 0.0674312707446331	false	0.5
vergelten	neg 1.0		off 0.4872863010563269 neg 0.4450219165145277 __DUMMY__ 0.06769178242914535	false	0.5
verdorbenheit	neg 1.0		off 0.48042602647506305 neg 0.4512018672809767 __DUMMY__ 0.06837210624396024	false	0.5
trauma	neg 1.0		off 0.47821304771523104 neg 0.45384105370739797 __DUMMY__ 0.06794589857737104	false	0.5
sinnlos	neg 1.0		off 0.47930118261757604 neg 0.45288600929324174 __DUMMY__ 0.06781280808918222	false	0.5
fettsack	off 1.0	off 1.0	off 0.7288915773180507 neg 0.2394041218511189 __DUMMY__ 0.031704300830830444	false	1.0
feige	off 1.0	off 1.0	off 0.7263005026584921 neg 0.2416548015950978 __DUMMY__ 0.032044695746410126	false	1.0
abdanken	neg 1.0		off 0.47669148577467 neg 0.45521080144630527 __DUMMY__ 0.06809771277902481	false	0.5
wichtigtuer	off 1.0	off 1.0	off 0.7252743963793418 neg 0.2425193718461828 __DUMMY__ 0.03220623177447532	false	1.0
misslingen	neg 1.0		off 0.4815963441892057 neg 0.44978257323569254 __DUMMY__ 0.06862108257510173	false	0.5
untreu	off 1.0		off 0.48217608367810194 neg 0.45033641115333123 __DUMMY__ 0.06748750516856679	false	1.0
missmutig	neg 1.0		off 0.48235066478137567 neg 0.4499607500080376 __DUMMY__ 0.06768858521058672	false	0.5
hurenbock	off 1.0		off 0.48062317074741523 neg 0.4512986089049806 __DUMMY__ 0.06807822034760426	false	1.0
betrunken	neg 1.0		off 0.48476772822154485 neg 0.44772859994974623 __DUMMY__ 0.06750367182870895	false	0.5
korrupt	off 1.0		off 0.47162063879763033 neg 0.4607044121154637 __DUMMY__ 0.06767494908690604	false	1.0
unmut	neg 1.0		off 0.469313809472024 neg 0.4620924457240613 __DUMMY__ 0.06859374480391484	false	0.5
hackfresse	off 1.0		off 0.4889170835434635 neg 0.44430625381114325 __DUMMY__ 0.06677666264539316	false	1.0
aufblasen	neg 1.0		off 0.47987120598722444 neg 0.45214199506964714 __DUMMY__ 0.0679867989431284	false	0.5
gewaltsam	neg 1.0		off 0.47656266831427596 neg 0.4551852237503064 __DUMMY__ 0.06825210793541764	false	0.5
unbeliebtheit	neg 1.0		off 0.47927649852144105 neg 0.453387158490893 __DUMMY__ 0.06733634298766597	false	0.5
sturheit	neg 1.0		off 0.47457215866604613 neg 0.4575193080610262 __DUMMY__ 0.06790853327292773	false	0.5
kuh	neg 1.0		off 0.4762622680476972 neg 0.45656433975452815 __DUMMY__ 0.06717339219777466	false	0.5
erschrecken	neg 1.0		off 0.48261898056340596 neg 0.4495641038813434 __DUMMY__ 0.06781691555525068	false	0.5
opfer	neg 1.0		off 0.47344601511492074 neg 0.4583158620979748 __DUMMY__ 0.06823812278710452	false	0.5
sinken	neg 1.0		off 0.4706480615403781 neg 0.4607029814135122 __DUMMY__ 0.06864895704610965	false	0.5
stinktier	neg 1.0		off 0.4827669094254337 neg 0.4508110088043698 __DUMMY__ 0.06642208177019646	false	0.5
tucke	off 1.0		off 0.4885901723091541 neg 0.44498350780524837 __DUMMY__ 0.06642631988559747	false	1.0
ein			off 0.47883777846352316 neg 0.4531753947189579 __DUMMY__ 0.067986826817519	false	0.0
abstieg	neg 1.0		off 0.4732682924090719 neg 0.4582830023027733 __DUMMY__ 0.06844870528815485	false	0.5
missverstehen	neg 1.0		off 0.47788843970686884 neg 0.4547354508131795 __DUMMY__ 0.06737610947995169	false	0.5
ergebnislos	neg 1.0		off 0.4728810486664378 neg 0.45865137764800434 __DUMMY__ 0.06846757368555793	false	0.5
unter			off 0.4666720301228508 neg 0.46402583451055973 __DUMMY__ 0.06930213536658947	false	0.0
manipulieren	neg 1.0		off 0.47149339959625275 neg 0.4601553961504902 __DUMMY__ 0.068351204253257	false	0.5
unbewiesen	neg 1.0		off 0.47317349881873283 neg 0.4594327257585296 __DUMMY__ 0.06739377542273753	false	0.5
verschleppen	neg 1.0		off 0.47311509858197126 neg 0.458783059145561 __DUMMY__ 0.06810184227246774	false	0.5
weib	off 1.0		off 0.48704481189656246 neg 0.4466769401307353 __DUMMY__ 0.06627824797270221	false	1.0
opposition	neg 1.0		off 0.4775976727828108 neg 0.45473526498370453 __DUMMY__ 0.06766706223348454	false	0.5
verkehrswidrig	neg 1.0		off 0.48959070563672413 neg 0.4426124085174142 __DUMMY__ 0.06779688584586172	false	0.5
inkorrekt	neg 1.0		off 0.48329598079966213 neg 0.44978821177508954 __DUMMY__ 0.06691580742524833	false	0.5
vermeiden	neg 1.0	neg 1.0	neg 0.716891933204091 off 0.2501550869782818 __DUMMY__ 0.03295297981762722	false	1.0
abweichung	neg 1.0		off 0.47284167663930676 neg 0.4590119016227361 __DUMMY__ 0.06814642173795721	false	0.5
alkoholisiert	neg 1.0		off 0.4736800185226322 neg 0.4578612287073667 __DUMMY__ 0.06845875277000112	false	0.5
scheiss	off 1.0	off 1.0	off 0.727376250224267 neg 0.24048847080513885 __DUMMY__ 0.032135278970594074	false	1.0
herausforderung	neg 1.0		off 0.4719210869745517 neg 0.4597564129721167 __DUMMY__ 0.06832250005333165	false	0.5
pervers	off 1.0		off 0.491775266958247 neg 0.4418071258838102 __DUMMY__ 0.06641760715794275	false	1.0
wackelig	neg 1.0		off 0.47775857590744897 neg 0.45367019722163565 __DUMMY__ 0.06857122687091538	false	0.5
verwickeln	neg 1.0		off 0.47735751489017303 neg 0.4552193839504522 __DUMMY__ 0.0674231011593749	false	0.5
vorwand	neg 1.0		off 0.4706476043253889 neg 0.461114500327986 __DUMMY__ 0.06823789534662511	false	0.5
muschi	off 1.0		off 0.4769107012779103 neg 0.4549414911485465 __DUMMY__ 0.06814780757354334	false	1.0
entmutigung	neg 1.0		off 0.477994168194424 neg 0.4541532976214987 __DUMMY__ 0.06785253418407736	false	0.5
unangemessen	neg 1.0		off 0.4730691027841634 neg 0.4592189982581012 __DUMMY__ 0.06771189895773541	false	0.5
unstetig	neg 1.0		off 0.48041703755154586 neg 0.45173217944668936 __DUMMY__ 0.06785078300176484	false	0.5
entmutigen	neg 1.0		off 0.4777474695858678 neg 0.45439059733125003 __DUMMY__ 0.06786193308288223	false	0.5
schwanz	neg 1.0		off 0.47438065546674096 neg 0.4573062074639441 __DUMMY__ 0.06831313706931498	false	0.5
verbot	neg 1.0		off 0.47340558780122355 neg 0.4585239890762466 __DUMMY__ 0.06807042312253005	false	0.5
leid	neg 1.0		off 0.48677657396423873 neg 0.44632441947816587 __DUMMY__ 0.06689900655759529	false	0.5
archaisch	neg 1.0		off 0.4751377250535564 neg 0.45687429302281707 __DUMMY__ 0.06798798192362661	false	0.5
gegen			off 0.47067493935273175 neg 0.46067046399695744 __DUMMY__ 0.0686545966503109	false	0.0
scheidung	neg 1.0		off 0.4998792713871003 neg 0.43334067702092693 __DUMMY__ 0.06678005159197278	false	0.5
einschlag	neg 1.0		off 0.485204568507057 neg 0.44745051350837256 __DUMMY__ 0.06734491798457044	false	0.5
m			off 0.47575975838646356 neg 0.4559100611563243 __DUMMY__ 0.06833018045721229	false	0.0
abgestanden	neg 1.0		off 0.47700590188303593 neg 0.45524967684279294 __DUMMY__ 0.06774442127417105	false	0.5
schmierig	off 1.0		off 0.48726520964473374 neg 0.44557059982257585 __DUMMY__ 0.06716419053269032	false	1.0
unpraktisch	neg 1.0		off 0.479358013394085 neg 0.45269002930990515 __DUMMY__ 0.0679519572960098	false	0.5
wixxer	off 1.0		off 0.49057663702862264 neg 0.4432564800029642 __DUMMY__ 0.06616688296841322	false	1.0
bezeichnet			off 0.47517650973894027 neg 0.45717745363605583 __DUMMY__ 0.0676460366250039	false	0.0
jammerlappen	off 1.0		off 0.4826585400124681 neg 0.44964967812765894 __DUMMY__ 0.06769178185987285	false	1.0
farce	neg 1.0		off 0.47450620317654735 neg 0.4574969225504558 __DUMMY__ 0.06799687427299671	false	0.5
zwecklos	neg 1.0		off 0.4736550638378339 neg 0.45845344924556963 __DUMMY__ 0.06789148691659644	false	0.5
turbulent	neg 1.0		off 0.48243129486573155 neg 0.4503113042142408 __DUMMY__ 0.06725740092002762	false	0.5
invasion	neg 1.0		off 0.4789491262341149 neg 0.45325811440878594 __DUMMY__ 0.06779275935709925	false	0.5
schuld	neg 1.0		off 0.47697510010854205 neg 0.4553341008640703 __DUMMY__ 0.06769079902738777	false	0.5
risiko	neg 1.0	neg 1.0	neg 0.711467020219405 off 0.25594972244639935 __DUMMY__ 0.032583257334195516	false	1.0
finster	neg 1.0		off 0.4772508600084783 neg 0.4551225100741531 __DUMMY__ 0.06762662991736848	false	0.5
geisteskrank	off 1.0		off 0.48098421301821187 neg 0.45204742149160776 __DUMMY__ 0.0669683654901804	false	1.0
zusammenbrechen	neg 1.0		off 0.4750726278343156 neg 0.4568277142802713 __DUMMY__ 0.06809965788541311	false	0.5
ausbeute	neg 1.0		off 0.4787251846596021 neg 0.45218758724113955 __DUMMY__ 0.06908722809925834	false	0.5
hinterhalt	neg 1.0		off 0.48031388209860487 neg 0.45077397802278624 __DUMMY__ 0.06891213987860877	false	0.5
kritik	neg 1.0		off 0.4739249384962254 neg 0.4581243488914996 __DUMMY__ 0.06795071261227488	false	0.5
einschrumpfen	neg 1.0		off 0.47991208068688274 neg 0.4526329276360442 __DUMMY__ 0.0674549916770732	false	0.5
riskant	neg 1.0		off 0.4712166677441757 neg 0.46071800730216506 __DUMMY__ 0.06806532495365919	false	0.5
frustrieren	neg 1.0		off 0.4726437890518534 neg 0.459269819181401 __DUMMY__ 0.06808639176674554	false	0.5
groll	neg 1.0		off 0.4730957059171501 neg 0.4589931896264721 __DUMMY__ 0.06791110445637777	false	0.5
gibt			off 0.47539703822029106 neg 0.45646100999773637 __DUMMY__ 0.06814195178197248	false	0.0
qualvoll	neg 1.0		off 0.4807807203347348 neg 0.4514021117837716 __DUMMY__ 0.0678171678814936	false	0.5
wackeln	neg 1.0		off 0.4798893345455252 neg 0.4518795545137752 __DUMMY__ 0.06823111094069968	false	0.5
klagen	neg 1.0		off 0.46937811560972925 neg 0.46220326383010824 __DUMMY__ 0.06841862056016254	false	0.5
bankrott	neg 1.0		off 0.4826867658238388 neg 0.449474067341833 __DUMMY__ 0.06783916683432818	false	0.5
trauern	neg 1.0		off 0.4747686161260729 neg 0.45667393824569547 __DUMMY__ 0.06855744562823163	false	0.5
ablehnung	neg 1.0		off 0.47344721670395656 neg 0.4586095802792948 __DUMMY__ 0.06794320301674872	false	0.5
stur	neg 1.0		off 0.47741875404011375 neg 0.45486364714201927 __DUMMY__ 0.06771759881786696	false	0.5
aufruhr	neg 1.0		off 0.47638892062444715 neg 0.4554747999402815 __DUMMY__ 0.06813627943527138	false	0.5
melancholie	neg 1.0		off 0.4750854584714071 neg 0.4565505806322767 __DUMMY__ 0.06836396089631616	false	0.5
ist			off 0.47922383494500564 neg 0.4529222994354037 __DUMMY__ 0.06785386561959061	false	0.0
torheit	neg 1.0		off 0.477045359603137 neg 0.4550530805814592 __DUMMY__ 0.06790155981540376	false	0.5
dreckskind	off 1.0		off 0.4861602971419141 neg 0.44728298809800615 __DUMMY__ 0.06655671476007963	false	1.0
umtauschen	neg 1.0		off 0.4774985536293905 neg 0.45441625421478227 __DUMMY__ 0.06808519215582726	false	0.5
zum			off 0.4716977800146347 neg 0.4589597080564215 __DUMMY__ 0.06934251192894376	false	0.0
zersetzen	neg 1.0		off 0.47016453432594885 neg 0.46175139645620517 __DUMMY__ 0.06808406921784592	false	0.5
zur			off 0.4690454529008054 neg 0.46188461977351636 __DUMMY__ 0.06906992732567828	false	0.0
frust	neg 1.0		off 0.4754464899621612 neg 0.4563840521224298 __DUMMY__ 0.06816945791540908	false	0.5
unerbittlichkeit	neg 1.0		off 0.47116795413865725 neg 0.46057398162864244 __DUMMY__ 0.06825806423270024	false	0.5
zwei			off 0.4722536339506503 neg 0.45858152872983116 __DUMMY__ 0.06916483731951856	false	0.0
unkorrekt	neg 1.0		off 0.48431163861252063 neg 0.448523946005221 __DUMMY__ 0.06716441538225856	false	0.5
hexe	off 1.0		off 0.48034530238313944 neg 0.45247130203985886 __DUMMY__ 0.06718339557700165	false	1.0
lasch	neg 1.0		off 0.4792086301541211 neg 0.45343146937417167 __DUMMY__ 0.06735990047170733	false	0.5
rivale	neg 1.0		off 0.48405713983198173 neg 0.4486154172222966 __DUMMY__ 0.06732744294572165	false	0.5
mutlos	off 1.0	off 1.0	off 0.7214394318141214 neg 0.24607781205419513 __DUMMY__ 0.0324827561316834	false	1.0
wirr	off 1.0		off 0.4841119762821455 neg 0.4489670533541833 __DUMMY__ 0.06692097036367123	false	1.0
jahr			off 0.47633386154927265 neg 0.4544267762160098 __DUMMY__ 0.06923936223471766	false	0.0
wird			off 0.47394433177922113 neg 0.45789315189930924 __DUMMY__ 0.06816251632146964	false	0.0
strafbar	neg 1.0		off 0.4716549891880907 neg 0.4603094176046793 __DUMMY__ 0.06803559320722992	false	0.5
erosion	neg 1.0		off 0.47858957116758555 neg 0.45319121803841533 __DUMMY__ 0.06821921079399904	false	0.5
eingehen	neg 1.0		off 0.4719746444800805 neg 0.45999256666976296 __DUMMY__ 0.06803278885015665	false	0.5
faul	off 1.0		off 0.48260561327238666 neg 0.44957982913082994 __DUMMY__ 0.06781455759678351	false	1.0
provisorium	neg 1.0		off 0.4682533438927201 neg 0.46232348313511906 __DUMMY__ 0.06942317297216075	false	0.5
schmerzen	neg 1.0		off 0.4751068547846682 neg 0.4570373812744541 __DUMMY__ 0.06785576394087767	false	0.5
schrumpfen	neg 1.0		off 0.46653277841206764 neg 0.464905142887817 __DUMMY__ 0.06856207870011537	false	0.5
geistlos	off 1.0		off 0.4766572188005022 neg 0.4561133340316117 __DUMMY__ 0.0672294471678862	false	1.0
fehlkauf	neg 1.0		off 0.4797029050209657 neg 0.4523385794242355 __DUMMY__ 0.06795851555479879	false	0.5
frustrierend	neg 1.0		off 0.4807881042884357 neg 0.4515885153548725 __DUMMY__ 0.0676233803566919	false	0.5
unzufrieden	neg 1.0		off 0.473177847990821 neg 0.4589312759894879 __DUMMY__ 0.06789087601969108	false	0.5
verzweifeln	neg 1.0		off 0.475783788221476 neg 0.45621334290038634 __DUMMY__ 0.06800286887813774	false	0.5
verzweifelt	neg 1.0	neg 1.0	neg 0.7134054394758679 off 0.2543350490522753 __DUMMY__ 0.03225951147185686	false	1.0
misstrauensantrag	neg 1.0		off 0.47929403498771284 neg 0.45290869752180524 __DUMMY__ 0.06779726749048201	false	0.5
abfallen	neg 1.0		off 0.4796505159367796 neg 0.45218230686206984 __DUMMY__ 0.06816717720115056	false	0.5
fucker	off 1.0		off 0.4857064811404284 neg 0.44679153084233814 __DUMMY__ 0.06750198801723342	false	1.0
ungezogen	neg 1.0		off 0.4912924954504234 neg 0.44215215607132813 __DUMMY__ 0.06655534847824843	false	0.5
irrsinnig	neg 1.0	neg 1.0	neg 0.7131077033950113 off 0.25458537443994295 __DUMMY__ 0.032306922165045764	false	1.0
unfassbar	neg 1.0		off 0.48378183433044425 neg 0.44863064434565114 __DUMMY__ 0.06758752132390469	false	0.5
hart	neg 1.0		off 0.48266977648509557 neg 0.4498488328270674 __DUMMY__ 0.06748139068783683	false	0.5
widerlich	off 1.0		off 0.48225020939726104 neg 0.4505747508771562 __DUMMY__ 0.0671750397255828	false	1.0
fatal	neg 1.0		off 0.4795834951900709 neg 0.45258857393151286 __DUMMY__ 0.06782793087841639	false	0.5
bruch	neg 1.0		off 0.4706676454489933 neg 0.46078898609878133 __DUMMY__ 0.06854336845222525	false	0.5
aushungern	neg 1.0		off 0.4750620022503669 neg 0.45679408241471586 __DUMMY__ 0.06814391533491726	false	0.5
anspannung	neg 1.0		off 0.4709007263801951 neg 0.45989934807345123 __DUMMY__ 0.06919992554635371	false	0.5
von			off 0.4773623919343405 neg 0.4532250822368995 __DUMMY__ 0.06941252582875997	false	0.0
kraftlos	neg 1.0		off 0.475522522463029 neg 0.45618913161494545 __DUMMY__ 0.06828834592202547	false	0.5
vom			off 0.47019429557548764 neg 0.46018427758605646 __DUMMY__ 0.06962142683845582	false	0.0
grenzdebil	off 1.0		off 0.48427598692469115 neg 0.44814221237159324 __DUMMY__ 0.06758180070371564	false	1.0
vor			off 0.4724794382932416 neg 0.45882335722276296 __DUMMY__ 0.06869720448399542	false	0.0
unterwerfen	neg 1.0		off 0.47300173326657013 neg 0.4588235646756537 __DUMMY__ 0.0681747020577761	false	0.5
versenkung	neg 1.0		off 0.4746290504785728 neg 0.4569362553276413 __DUMMY__ 0.06843469419378576	false	0.5
entziehen	neg 1.0		off 0.4699977022253533 neg 0.46159914215516684 __DUMMY__ 0.0684031556194798	false	0.5
finanzkrise	neg 1.0		off 0.47471304107726053 neg 0.45743916816042 __DUMMY__ 0.06784779076231952	false	0.5
schimpfend	neg 1.0		off 0.47931749993121625 neg 0.4528615562650707 __DUMMY__ 0.0678209438037131	false	0.5
profan	neg 1.0		off 0.47921822746295967 neg 0.4531370749875969 __DUMMY__ 0.06764469754944344	false	0.5
korruption	neg 1.0		off 0.47325994046865066 neg 0.4586425500266199 __DUMMY__ 0.06809750950472929	false	0.5
â			off 0.47566118061236384 neg 0.455898083056136 __DUMMY__ 0.06844073633150013	false	0.0
schmutzig	neg 1.0		off 0.4852737314396432 neg 0.4470839151544742 __DUMMY__ 0.06764235340588258	false	0.5
sexy	neg 1.0		off 0.48175370902128056 neg 0.4503864112450805 __DUMMY__ 0.06785987973363893	false	0.5
abraten	neg 1.0		off 0.47931781635223225 neg 0.4528542210513575 __DUMMY__ 0.06782796259641018	false	0.5
schwarz	neg 1.0		off 0.4787357402161955 neg 0.4534114720074073 __DUMMY__ 0.06785278777639736	false	0.5
fotze	off 1.0	off 1.0	off 0.7239282666936219 neg 0.24341918516915909 __DUMMY__ 0.03265254813721899	false	1.0
verwirren	neg 1.0		off 0.4800552077200364 neg 0.45225847544465736 __DUMMY__ 0.06768631683530615	false	0.5
zahnlos	off 1.0		off 0.4746633984578371 neg 0.4573880182342605 __DUMMY__ 0.06794858330790232	false	1.0
verheeren	neg 1.0		off 0.4936412526687851 neg 0.4396865195634607 __DUMMY__ 0.06667222776775406	false	0.5
hippie	neg 1.0		off 0.48123899402087206 neg 0.45089701507634716 __DUMMY__ 0.06786399090278084	false	0.5
rammen	neg 1.0		off 0.4777458605771237 neg 0.4545913351480007 __DUMMY__ 0.06766280427487556	false	0.5
unlauter	neg 1.0		off 0.4760831425019126 neg 0.4563638193170775 __DUMMY__ 0.06755303818100986	false	0.5
unheilvoll	neg 1.0		off 0.4797933776573838 neg 0.45226793392511416 __DUMMY__ 0.06793868841750193	false	0.5
niedrig	neg 1.0		off 0.4705820954064331 neg 0.4614173979056927 __DUMMY__ 0.06800050668787425	false	0.5
explosion	neg 1.0		off 0.48009382050970734 neg 0.4521244349740019 __DUMMY__ 0.06778174451629071	false	0.5
weichei	off 1.0	off 1.0	off 0.7299663281543648 neg 0.23818026531298578 __DUMMY__ 0.03185340653264942	false	1.0
minusmensch	off 1.0		off 0.4884598184853447 neg 0.44513452093768596 __DUMMY__ 0.06640566057696921	false	1.0
farblos	neg 1.0		off 0.47757034327316605 neg 0.45432323404325203 __DUMMY__ 0.06810642268358197	false	0.5
unwissend	neg 1.0	neg 1.0	neg 0.7112156135122386 off 0.2566530365493564 __DUMMY__ 0.03213134993840503	false	1.0
traurig	neg 1.0		off 0.48615057619910834 neg 0.44646436675026174 __DUMMY__ 0.06738505705062986	false	0.5
senkung	neg 1.0		off 0.47825876901819914 neg 0.45426142646290607 __DUMMY__ 0.06747980451889468	false	0.5
ungleich	neg 1.0	neg 1.0	neg 0.7163597421172052 off 0.2511345482358976 __DUMMY__ 0.032505709646897155	false	1.0
heikel	neg 1.0		off 0.4711635956352725 neg 0.46077546538625364 __DUMMY__ 0.06806093897847394	false	0.5
drosselung	neg 1.0		off 0.4834502566144987 neg 0.44908812084670957 __DUMMY__ 0.06746162253879164	false	0.5
falsch	neg 1.0		off 0.48044802507736833 neg 0.4520430697931242 __DUMMY__ 0.06750890512950748	false	0.5
unzufriedenheit	neg 1.0		off 0.4705393058205505 neg 0.4611395079614051 __DUMMY__ 0.06832118621804434	false	0.5
kurz	neg 1.0		off 0.47783987848560333 neg 0.4537049628246187 __DUMMY__ 0.0684551586897781	false	0.5
unsinnig	neg 1.0		off 0.47391024675253557 neg 0.4583218587864329 __DUMMY__ 0.06776789446103151	false	0.5
penner	off 1.0	off 1.0	off 0.730992664474431 neg 0.2371727328970681 __DUMMY__ 0.0318346026285009	false	1.0
seicht	neg 1.0		off 0.489239893011241 neg 0.44440143284908723 __DUMMY__ 0.0663586741396719	false	0.5
dummheit	off 1.0	off 1.0	off 0.7253635513513124 neg 0.24245739304634545 __DUMMY__ 0.03217905560234215	false	1.0
unerfreulich	neg 1.0		off 0.47147500565401895 neg 0.46021806384115815 __DUMMY__ 0.06830693050482285	false	0.5
motherfucker	off 1.0	off 1.0	off 0.7285827734113758 neg 0.23923632834241895 __DUMMY__ 0.032180898246205326	false	1.0
pikiert	neg 1.0		off 0.4820433443060489 neg 0.45063099517993216 __DUMMY__ 0.06732566051401882	false	0.5
wrack	neg 1.0		off 0.47634361111944395 neg 0.45528539004950236 __DUMMY__ 0.0683709988310537	false	0.5
gangster	neg 1.0		off 0.48123987285596753 neg 0.45091305148624267 __DUMMY__ 0.06784707565778964	false	0.5
krank	neg 1.0		off 0.48453320963440205 neg 0.4478534261452991 __DUMMY__ 0.06761336422029884	false	0.5
reich	neg 1.0		off 0.48405873279769457 neg 0.4481235130589459 __DUMMY__ 0.06781775414335967	false	0.5
gnadenlos	neg 1.0		off 0.47767821322330284 neg 0.4545324112570482 __DUMMY__ 0.06778937551964888	false	0.5
niedergeschlagen	neg 1.0		off 0.47627007857466946 neg 0.45555391579819454 __DUMMY__ 0.068176005627136	false	0.5
terrorisieren	off 1.0	off 1.0	off 0.7224359351714447 neg 0.2449436469524934 __DUMMY__ 0.03262041787606201	false	1.0
sinnlosigkeit	neg 1.0		off 0.4743470266073401 neg 0.4576435664232256 __DUMMY__ 0.06800940696943436	false	0.5
behindern	neg 1.0		off 0.4768553938437479 neg 0.45503384641516564 __DUMMY__ 0.06811075974108642	false	0.5
undemokratisch	neg 1.0		off 0.47726164488773587 neg 0.4549442645818264 __DUMMY__ 0.06779409053043765	false	0.5
wirtschaftskrise	neg 1.0		off 0.4727812948884093 neg 0.45916694249138273 __DUMMY__ 0.06805176262020796	false	0.5
neid	neg 1.0		off 0.4822149425433192 neg 0.44995717323152823 __DUMMY__ 0.06782788422515261	false	0.5
rutschen	neg 1.0		off 0.4724894010854502 neg 0.45827834953107305 __DUMMY__ 0.06923224938347666	false	0.5
rezession	neg 1.0		off 0.48191841791752793 neg 0.4514812981415019 __DUMMY__ 0.06660028394097024	false	0.5
fehlgeburt	neg 1.0		off 0.479892612331558 neg 0.4521292738358851 __DUMMY__ 0.06797811383255674	false	0.5
charakterschwach	off 1.0		off 0.4820213876299572 neg 0.4507888455035843 __DUMMY__ 0.06718976686645844	false	1.0
isolation	neg 1.0		off 0.4811920691277444 neg 0.45106326712584166 __DUMMY__ 0.06774466374641408	false	0.5
ablenkung	neg 1.0		off 0.4781000642103013 neg 0.45378327062400975 __DUMMY__ 0.06811666516568887	false	0.5
pech	neg 1.0		off 0.48095916947774586 neg 0.4513955757141802 __DUMMY__ 0.06764525480807401	false	0.5
vermeidung	neg 1.0		off 0.48414783618679913 neg 0.44830020485989813 __DUMMY__ 0.06755195895330267	false	0.5
dominieren	neg 1.0		off 0.47400337473298676 neg 0.45761938857709394 __DUMMY__ 0.06837723668991941	false	0.5
schwindlig	neg 1.0		off 0.48081817113409003 neg 0.45117832258251245 __DUMMY__ 0.06800350628339762	false	0.5
lutscher	neg 1.0		off 0.4904777988632759 neg 0.44308096259787827 __DUMMY__ 0.06644123853884591	false	0.5
pflicht	neg 1.0		off 0.4704355537264905 neg 0.461339847251712 __DUMMY__ 0.06822459902179763	false	0.5
faschist	off 1.0		off 0.4803106015832051 neg 0.4519903659391725 __DUMMY__ 0.06769903247762252	false	1.0
verschleudern	neg 1.0		off 0.4711147532600184 neg 0.46081068099391725 __DUMMY__ 0.06807456574606432	false	0.5
wenn			off 0.4812179638271367 neg 0.45117871605516263 __DUMMY__ 0.06760332011770086	false	0.0
ehebruch	neg 1.0		off 0.47349661867032755 neg 0.4583514301732781 __DUMMY__ 0.06815195115639432	false	0.5
spott	off 1.0		off 0.4725369844549472 neg 0.4593544567287408 __DUMMY__ 0.06810855881631189	false	1.0
trostlosigkeit	neg 1.0		off 0.47210638602187954 neg 0.45927252821327164 __DUMMY__ 0.0686210857648489	false	0.5
lutschen	neg 1.0		off 0.48021379015164817 neg 0.4522337354875237 __DUMMY__ 0.0675524743608281	false	0.5
undiszipliniert	neg 1.0		off 0.48456093653095894 neg 0.4481959115069626 __DUMMY__ 0.06724315196207842	false	0.5
kopfschmerz	neg 1.0		off 0.4742989305587587 neg 0.45774508836796435 __DUMMY__ 0.06795598107327679	false	0.5
unvorhergesehen	neg 1.0		off 0.4753938507781031 neg 0.45580392604578135 __DUMMY__ 0.06880222317611559	false	0.5
desinteressiert	neg 1.0	neg 1.0	neg 0.7097331747094505 off 0.2581850289206645 __DUMMY__ 0.032081796369884986	false	1.0
armselig	off 1.0		off 0.48375369041647664 neg 0.44928777266914915 __DUMMY__ 0.06695853691437409	false	1.0
desaster	neg 1.0		off 0.4695134705933498 neg 0.4619860091222077 __DUMMY__ 0.06850052028444241	false	0.5
tod	neg 1.0		off 0.4769075684675298 neg 0.4544638295700028 __DUMMY__ 0.0686286019624674	false	0.5
herzlos	neg 1.0		off 0.48497939797467027 neg 0.4478495405214784 __DUMMY__ 0.06717106150385126	false	0.5
unwissenheit	neg 1.0		off 0.4736209185706454 neg 0.4584082718977899 __DUMMY__ 0.06797080953156465	false	0.5
widersinnig	neg 1.0		off 0.4715472087211079 neg 0.4608429350819941 __DUMMY__ 0.06760985619689784	false	0.5
bedenklich	neg 1.0		off 0.47231419641261696 neg 0.45971337676104207 __DUMMY__ 0.0679724268263409	false	0.5
beanstanden	neg 1.0		off 0.4703690908207535 neg 0.46133355547465693 __DUMMY__ 0.06829735370458948	false	0.5
panisch	neg 1.0	neg 1.0	neg 0.7102417540645887 off 0.2571748328911365 __DUMMY__ 0.03258341304427484	false	1.0
debil	off 1.0		off 0.46801295631761763 neg 0.4628142674997238 __DUMMY__ 0.06917277618265842	false	1.0
abstrich	neg 1.0		off 0.4806687699649207 neg 0.45058449920666144 __DUMMY__ 0.06874673082841785	false	0.5
primitiv	neg 1.0		off 0.48215024018440494 neg 0.4507353852908403 __DUMMY__ 0.06711437452475483	false	0.5
abschaum	off 1.0	off 1.0	off 0.7269384252869995 neg 0.24091679441755937 __DUMMY__ 0.03214478029544116	false	1.0
provozieren	neg 1.0		off 0.4761978532953254 neg 0.4562167532404511 __DUMMY__ 0.06758539346422344	false	0.5
tot	neg 1.0		off 0.47430088715903124 neg 0.45760323746487586 __DUMMY__ 0.06809587537609293	false	0.5
instabil	neg 1.0		off 0.4847491083996744 neg 0.4480167458709983 __DUMMY__ 0.06723414572932734	false	0.5
schwuchtel	off 1.0	off 1.0	off 0.7333700570420366 neg 0.23515119177716143 __DUMMY__ 0.03147875118080195	false	1.0
zerren	neg 1.0		off 0.47569211291131824 neg 0.45609376637834054 __DUMMY__ 0.0682141207103411	false	0.5
kinderficker	off 1.0		off 0.4879236748914768 neg 0.4450524361462797 __DUMMY__ 0.06702388896224343	false	1.0
gefahr	neg 1.0		off 0.4716055667004227 neg 0.4598586308537029 __DUMMY__ 0.06853580244587433	false	0.5
rabiat	neg 1.0		off 0.47739234389997787 neg 0.45462130031786085 __DUMMY__ 0.06798635578216132	false	0.5
verlangsamung	neg 1.0		off 0.48636467771781466 neg 0.4472573854299872 __DUMMY__ 0.06637793685219806	false	0.5
ausgestorben	neg 1.0		off 0.47768799915140264 neg 0.45419692628442443 __DUMMY__ 0.06811507456417301	false	0.5
anklagen	neg 1.0		off 0.474264844076654 neg 0.45753089013313475 __DUMMY__ 0.06820426579021142	false	0.5
trott	neg 1.0		off 0.47726345946471427 neg 0.45463611940817944 __DUMMY__ 0.06810042112710615	false	0.5
verminderung	neg 1.0		off 0.4831395620441309 neg 0.44956033873635776 __DUMMY__ 0.06730009921951144	false	0.5
nach			off 0.47103981090738684 neg 0.4596741562053312 __DUMMY__ 0.06928603288728198	false	0.0
rost	neg 1.0		off 0.48761689925603013 neg 0.4455212631011662 __DUMMY__ 0.06686183764280368	false	0.5
destruktiv	neg 1.0		off 0.4751581679563337 neg 0.4571357674276747 __DUMMY__ 0.06770606461599174	false	0.5
unzumutbarkeit	neg 1.0		off 0.48350708778267504 neg 0.4488220237288093 __DUMMY__ 0.0676708884885157	false	0.5
labil	off 1.0	off 1.0	off 0.7269323149087031 neg 0.24082382003766972 __DUMMY__ 0.032243865053627044	false	1.0
ziemlich	neg 1.0		off 0.4840917757844034 neg 0.44823645684926267 __DUMMY__ 0.06767176736633382	false	0.5
lachnummer	off 1.0		off 0.47614050719378814 neg 0.4561416842152048 __DUMMY__ 0.0677178085910071	false	1.0
oder			off 0.4789975056573052 neg 0.45293094998878913 __DUMMY__ 0.06807154435390576	false	0.0
verfall	neg 1.0		off 0.4676530444216097 neg 0.4636154151377311 __DUMMY__ 0.06873154044065931	false	0.5
ausgrenzung	neg 1.0		off 0.47820419265116065 neg 0.45399348115318544 __DUMMY__ 0.0678023261956539	false	0.5
unordnung	neg 1.0		off 0.48783717946600025 neg 0.4443811563114232 __DUMMY__ 0.06778166422257668	false	0.5
fehlverhalten	neg 1.0		off 0.4700515144412922 neg 0.46193373533999205 __DUMMY__ 0.06801475021871581	false	0.5
eine			off 0.47253362514080166 neg 0.45890620727687187 __DUMMY__ 0.06856016758232647	false	0.0
nille	neg 1.0		off 0.4778486776750938 neg 0.4539297774765072 __DUMMY__ 0.06822154484839896	false	0.5
qual	neg 1.0		off 0.4768677969908114 neg 0.4549997829831028 __DUMMY__ 0.0681324200260857	false	0.5
verschwenden	neg 1.0		off 0.4717307518995992 neg 0.4602583003988099 __DUMMY__ 0.06801094770159087	false	0.5
riesig	neg 1.0		off 0.4749098999822116 neg 0.45667354730454174 __DUMMY__ 0.06841655271324679	false	0.5
verurteilen	neg 1.0		off 0.47269201329919347 neg 0.4594658141187607 __DUMMY__ 0.06784217258204592	false	0.5
klischee	neg 1.0	neg 1.0	neg 0.7118554679103591 off 0.2559538549370557 __DUMMY__ 0.03219067715258519	false	1.0
diktatorisch	neg 1.0		off 0.47716340921425004 neg 0.45510594374788876 __DUMMY__ 0.06773064703786125	false	0.5
vorhersehbar	neg 1.0		off 0.4784503176534354 neg 0.45414967120173777 __DUMMY__ 0.06740001114482674	false	0.5
sowie			off 0.4868895615885001 neg 0.4461296223679311 __DUMMY__ 0.06698081604356883	false	0.0
stornieren	neg 1.0		off 0.48300462686575535 neg 0.4485120097765208 __DUMMY__ 0.06848336335772376	false	0.5
besteuerung	neg 1.0		off 0.4752019775105876 neg 0.45732158354014296 __DUMMY__ 0.06747643894926947	false	0.5
ungeschminkt	neg 1.0		off 0.48157915713704713 neg 0.4513738510706464 __DUMMY__ 0.06704699179230655	false	0.5
kritisch	neg 1.0		off 0.47242586038425793 neg 0.4595139430288064 __DUMMY__ 0.06806019658693556	false	0.5
schlamperei	off 1.0		off 0.47270230996516244 neg 0.45887998783046646 __DUMMY__ 0.06841770220437123	false	1.0
sucht	neg 1.0	neg 1.0	neg 0.7095392549195427 off 0.2575675956100027 __DUMMY__ 0.03289314947045457	false	1.0
egoistisch	off 1.0		off 0.48653644858580214 neg 0.4467255734169064 __DUMMY__ 0.06673797799729134	false	1.0
ausbeuter	off 1.0		off 0.4694196788317573 neg 0.4626731819586555 __DUMMY__ 0.06790713920958717	false	1.0
arschgeburt	off 1.0		off 0.4922461073164279 neg 0.4418741231200804 __DUMMY__ 0.06587976956349163	false	1.0
schubs	neg 1.0		off 0.4756702044585191 neg 0.4561749473661635 __DUMMY__ 0.06815484817531735	false	0.5
unsolide	neg 1.0		off 0.47724860949520187 neg 0.45518689365805437 __DUMMY__ 0.06756449684674386	false	0.5
beschwerde	neg 1.0		off 0.47254012233997233 neg 0.4592709988406199 __DUMMY__ 0.06818887881940781	false	0.5
stocken	neg 1.0		off 0.4729022535449135 neg 0.4587376019611507 __DUMMY__ 0.06836014449393586	false	0.5
isolieren	neg 1.0		off 0.47380446385948977 neg 0.4580482712853189 __DUMMY__ 0.06814726485519139	false	0.5
unheilbar	neg 1.0		off 0.47743694877028614 neg 0.4546085765576969 __DUMMY__ 0.06795447467201692	false	0.5
pisser	off 1.0		off 0.4843042593676085 neg 0.44855270142739834 __DUMMY__ 0.06714303920499311	false	1.0
löschen	neg 1.0		off 0.4776229648547257 neg 0.45429110628214486 __DUMMY__ 0.06808592886312953	false	0.5
durchfallen	neg 1.0		off 0.4720253140634639 neg 0.46015150356061246 __DUMMY__ 0.06782318237592355	false	0.5
wichser	off 1.0	off 1.0	off 0.7324675735191408 neg 0.23584985027884364 __DUMMY__ 0.03168257620201543	false	1.0
terror	neg 1.0		off 0.4809609335116941 neg 0.4511739263028501 __DUMMY__ 0.0678651401854558	false	0.5
krass	neg 1.0		off 0.4859646607725512 neg 0.44689861983713747 __DUMMY__ 0.06713671939031132	false	0.5
revolte	neg 1.0		off 0.47959732455911586 neg 0.45249464590411154 __DUMMY__ 0.06790802953677245	false	0.5
besorgt	neg 1.0		off 0.47848015441348485 neg 0.45288558678030716 __DUMMY__ 0.068634258806208	false	0.5
nachlassen	neg 1.0		off 0.47446679163870964 neg 0.45692180449603703 __DUMMY__ 0.0686114038652533	false	0.5
alt	neg 1.0		off 0.47415783124053057 neg 0.4577963924580489 __DUMMY__ 0.06804577630142067	false	0.5
hundesohn	off 1.0		off 0.4909967146675855 neg 0.44247263736178205 __DUMMY__ 0.06653064797063235	false	1.0
als			off 0.47490712788685324 neg 0.4569833807696019 __DUMMY__ 0.06810949134354481	false	0.0
abschreckung	neg 1.0		off 0.4701151466493778 neg 0.4615766516778013 __DUMMY__ 0.06830820167282088	false	0.5
unqualifiziert	neg 1.0		off 0.47892780451796624 neg 0.4537907988462638 __DUMMY__ 0.06728139663577005	false	0.5
abgewichst	off 1.0		off 0.47717667137343556 neg 0.4545569476409462 __DUMMY__ 0.06826638098561834	false	1.0
schwer	neg 1.0		off 0.4759470643248993 neg 0.45614992273413507 __DUMMY__ 0.06790301294096569	false	0.5
bedeutungslosigkeit	neg 1.0		off 0.4713006192815426 neg 0.4604447635964756 __DUMMY__ 0.06825461712198184	false	0.5
kapitulation	neg 1.0		off 0.4733797957691266 neg 0.4583323256255929 __DUMMY__ 0.06828787860528056	false	0.5
unscharf	neg 1.0		off 0.478442488523303 neg 0.4540409891228599 __DUMMY__ 0.06751652235383697	false	0.5
schwinden	neg 1.0		off 0.47179662641497183 neg 0.45981063041270626 __DUMMY__ 0.06839274317232198	false	0.5
versklavung	neg 1.0		off 0.4779260929737585 neg 0.45412439855369297 __DUMMY__ 0.06794950847254866	false	0.5
schlecht	neg 1.0		off 0.48403697377669747 neg 0.44832953955836385 __DUMMY__ 0.06763348666493867	false	0.5
verhasst	neg 1.0		off 0.47592487136883765 neg 0.4566688525971645 __DUMMY__ 0.06740627603399796	false	0.5
beschweren	neg 1.0		off 0.4789670052904591 neg 0.45324817326046646 __DUMMY__ 0.0677848214490745	false	0.5
scheiden	neg 1.0		off 0.47867211055062214 neg 0.453097876203543 __DUMMY__ 0.06823001324583483	false	0.5
frustriert	neg 1.0		off 0.4748176708382327 neg 0.4572529824560856 __DUMMY__ 0.06792934670568165	false	0.5
schimmelig	neg 1.0		off 0.47254231171149047 neg 0.4596420770879574 __DUMMY__ 0.0678156112005521	false	0.5
fisch	neg 1.0		off 0.47037138162345987 neg 0.4614858320211829 __DUMMY__ 0.06814278635535727	false	0.5
schmuggel	neg 1.0		off 0.4723247484867467 neg 0.45936986203085256 __DUMMY__ 0.06830538948240071	false	0.5
auffallen	neg 1.0		off 0.4797266620357613 neg 0.4525559301486218 __DUMMY__ 0.06771740781561705	false	0.5
konkurrenz	neg 1.0		off 0.47061097623777065 neg 0.46092200050752546 __DUMMY__ 0.06846702325470382	false	0.5
teufelskreis	neg 1.0	neg 1.0	neg 0.7142345409057338 off 0.253436919415754 __DUMMY__ 0.03232853967851225	false	1.0
aufschreien	neg 1.0		off 0.47884806338944974 neg 0.45360667243523534 __DUMMY__ 0.0675452641753149	false	0.5
schuldner	neg 1.0		off 0.46965430986710266 neg 0.4622551464996607 __DUMMY__ 0.06809054363323674	false	0.5
missgeburt	off 1.0	off 1.0	off 0.7299622093336745 neg 0.23826201969633443 __DUMMY__ 0.03177577096999115	false	1.0
arbeitslos	neg 1.0		off 0.4723869415853808 neg 0.45980520667576663 __DUMMY__ 0.06780785173885263	false	0.5
befallen	neg 1.0		off 0.4750928936343159 neg 0.4569048927027448 __DUMMY__ 0.06800221366293932	false	0.5
miesepetrig	off 1.0	off 1.0	off 0.727749616431292 neg 0.24000520637394565 __DUMMY__ 0.032245177194762435	false	1.0
alarmieren	neg 1.0		off 0.48034370192970244 neg 0.4522128994517354 __DUMMY__ 0.06744339861856218	false	0.5
ungeduscht	off 1.0		off 0.48046831307691057 neg 0.45212064121515805 __DUMMY__ 0.0674110457079313	false	1.0
knappheit	neg 1.0		off 0.4709470117777889 neg 0.4613673456665583 __DUMMY__ 0.06768564255565267	false	0.5
schlange	neg 1.0		off 0.4814220408574429 neg 0.45027164378980306 __DUMMY__ 0.06830631535275417	false	0.5
harsch	neg 1.0		off 0.489245097062479 neg 0.4432647509307353 __DUMMY__ 0.0674901520067857	false	0.5
lang	neg 1.0		off 0.47884916586779147 neg 0.4530687689535598 __DUMMY__ 0.06808206517864869	false	0.5
ziellos	neg 1.0		off 0.4750612557294346 neg 0.456515074367963 __DUMMY__ 0.06842366990260239	false	0.5
selbstverliebt	neg 1.0		off 0.49111939328653553 neg 0.4426597203447573 __DUMMY__ 0.06622088636870722	false	0.5
beseitigen	neg 1.0		off 0.4758016639438423 neg 0.4560805414792966 __DUMMY__ 0.06811779457686112	false	0.5
dumm	off 1.0		off 0.48813669975837803 neg 0.4450306572954393 __DUMMY__ 0.0668326429461828	false	1.0
arbeitsloser	neg 1.0		off 0.4744209926272868 neg 0.4574110134521003 __DUMMY__ 0.06816799392061283	false	0.5
blitzen	neg 1.0		off 0.48047786708701173 neg 0.4517586941986634 __DUMMY__ 0.0677634387143249	false	0.5
hilflos	neg 1.0		off 0.4744710284236322 neg 0.4575560139175285 __DUMMY__ 0.06797295765883925	false	0.5
eklig	off 1.0		off 0.4874402356135218 neg 0.4460123652777232 __DUMMY__ 0.06654739910875512	false	1.0
begriff			off 0.47552268427385946 neg 0.4565936041639739 __DUMMY__ 0.06788371156216666	false	0.0
hungersnot	neg 1.0		off 0.47531101790601743 neg 0.456401806722507 __DUMMY__ 0.06828717537147548	false	0.5
ungesetzlich	neg 1.0		off 0.4748892322614079 neg 0.45767815075926865 __DUMMY__ 0.06743261697932346	false	0.5
verschwendung	neg 1.0		off 0.4721396117152063 neg 0.4596521598386816 __DUMMY__ 0.06820822844611216	false	0.5
schmerzvoll	neg 1.0		off 0.47905558815650695 neg 0.45308263792750214 __DUMMY__ 0.06786177391599088	false	0.5
vorzeitig	neg 1.0		off 0.48057795019932464 neg 0.45157517687680926 __DUMMY__ 0.06784687292386625	false	0.5
unvollkommenheit	neg 1.0		off 0.47675796642783524 neg 0.45464201203799404 __DUMMY__ 0.06860002153417077	false	0.5
intervenieren	neg 1.0		off 0.47124352739434994 neg 0.4606512144680371 __DUMMY__ 0.06810525813761298	false	0.5
banause	off 1.0		off 0.4889883184488731 neg 0.4448275063807271 __DUMMY__ 0.06618417517039973	false	1.0
rebell	neg 1.0		off 0.4686725651390028 neg 0.46285220377570735 __DUMMY__ 0.06847523108528993	false	0.5
unlogisch	neg 1.0		off 0.48397390918450217 neg 0.4489879419562973 __DUMMY__ 0.0670381488592004	false	0.5
leiden	neg 1.0		off 0.4724705695975022 neg 0.45904192845140346 __DUMMY__ 0.06848750195109433	false	0.5
abschaffung	neg 1.0		off 0.4770356475306248 neg 0.4550701768751018 __DUMMY__ 0.06789417559427345	false	0.5
sturz	neg 1.0		off 0.4790901407704014 neg 0.4526227546207621 __DUMMY__ 0.06828710460883654	false	0.5
verkleinerung	neg 1.0		off 0.47785814039752167 neg 0.45478212844394533 __DUMMY__ 0.067359731158533	false	0.5
schmarotzer	off 1.0		off 0.47251864676865873 neg 0.45983738552621717 __DUMMY__ 0.06764396770512411	false	1.0
bestrafung	neg 1.0		off 0.47822509027760873 neg 0.45387026646834544 __DUMMY__ 0.06790464325404592	false	0.5
achtlos	neg 1.0	neg 1.0	neg 0.7128888702122812 off 0.25455939351896445 __DUMMY__ 0.032551736268754315	false	1.0
ungeheuer	neg 1.0		off 0.48107126620512364 neg 0.45092221232182333 __DUMMY__ 0.06800652147305296	false	0.5
unaufrichtig	neg 1.0		off 0.4816922881002583 neg 0.45030887946960185 __DUMMY__ 0.06799883243013984	false	0.5
groggy	neg 1.0		off 0.48074910917846875 neg 0.45140735731731496 __DUMMY__ 0.06784353350421611	false	0.5
