unsolidarisch	neg 1.0		__DUMMY__ 0.8777903392185059 neg 0.061189491234053234 off 0.06102016954744094	false	1.0
nachteilig	neg 1.0		__DUMMY__ 0.8833147913928948 neg 0.05996511243846224 off 0.056720096168642944	false	1.0
skeptisch	neg 1.0		__DUMMY__ 0.8839280450316941 neg 0.05974534304191707 off 0.05632661192638892	false	1.0
schrecklich	neg 1.0		__DUMMY__ 0.8757618790610638 off 0.06985793101874932 neg 0.05438018992018678	false	0.5
schlapp	neg 1.0		__DUMMY__ 0.8791526128112415 off 0.06578167422237667 neg 0.055065712966381825	false	0.5
abfall	neg 1.0		__DUMMY__ 0.8877796500038445 neg 0.05937618308790961 off 0.052844166908245886	false	1.0
widerspenstig	neg 1.0		__DUMMY__ 0.8821382187682067 off 0.0608672693385302 neg 0.05699451189326309	false	0.5
abrupt	neg 1.0		__DUMMY__ 0.8876624477380358 off 0.056652910596123124 neg 0.055684641665841014	false	0.5
unwirksam	neg 1.0		__DUMMY__ 0.8774457131222371 neg 0.06189908285043205 off 0.06065520402733092	false	1.0
angreifen	neg 1.0		__DUMMY__ 0.8832987874035475 neg 0.06034560417708331 off 0.05635560841936909	false	1.0
inkonsistent	neg 1.0		__DUMMY__ 0.8791519788086586 off 0.06147745383659465 neg 0.05937056735474681	false	0.5
abrutschen	neg 1.0		__DUMMY__ 0.8861496689809433 neg 0.06047027809483709 off 0.053380052924219656	false	1.0
unsicher	neg 1.0		__DUMMY__ 0.8828147197718597 off 0.06084607169448903 neg 0.05633920853365134	false	0.5
bauernkind	off 1.0	off 1.0	off 0.5234038053403623 __DUMMY__ 0.42896062910675503 neg 0.047635565552882606	false	1.0
angreifer	neg 1.0	neg 1.0	neg 0.5106229111662983 __DUMMY__ 0.44189407919078316 off 0.04748300964291853	false	1.0
trennen	neg 1.0		__DUMMY__ 0.887415397059434 neg 0.05680692931454282 off 0.05577767362602332	false	1.0
schmutz	neg 1.0		__DUMMY__ 0.8859015479912021 off 0.06204895961079498 neg 0.05204949239800284	false	0.5
inkonsistenz	neg 1.0		__DUMMY__ 0.8727774930659102 off 0.06626765168360617 neg 0.06095485525048351	false	0.5
erschreckend	neg 1.0		__DUMMY__ 0.8805346452484045 off 0.060366684102720364 neg 0.0590986706488751	false	0.5
ertrinken	neg 1.0		__DUMMY__ 0.8849529401466971 neg 0.05846120328626391 off 0.05658585656703897	false	1.0
pickelface	off 1.0		__DUMMY__ 0.8833419238204406 off 0.05996932175443492 neg 0.056688754425124395	false	1.0
seiner			__DUMMY__ 0.8845422189704202 neg 0.05886954460714019 off 0.05658823642243959	false	0.0
lauch	neg 1.0		__DUMMY__ 0.8883784067356231 neg 0.05804028412006075 off 0.05358130914431616	false	1.0
unwichtig	neg 1.0		__DUMMY__ 0.8761942315263578 off 0.0657592157710159 neg 0.05804655270262624	false	0.5
steuerhinterziehung	neg 1.0	neg 1.0	neg 0.5148803595068425 __DUMMY__ 0.44071531380830375 off 0.04440432668485379	false	1.0
schock	neg 1.0		__DUMMY__ 0.883806503113028 off 0.060029944820433195 neg 0.05616355206653886	false	0.5
beule	neg 1.0		__DUMMY__ 0.8774052982871666 off 0.0666801429081055 neg 0.055914558804727905	false	0.5
vergelten	neg 1.0		__DUMMY__ 0.8797234211153235 off 0.06879224805081803 neg 0.05148433083385848	false	0.5
verdorbenheit	neg 1.0		__DUMMY__ 0.8854805146303177 off 0.061073496034557785 neg 0.053445989335124476	false	0.5
trauma	neg 1.0		__DUMMY__ 0.8812872652776559 off 0.0618040099658583 neg 0.056908724756485896	false	0.5
sinnlos	neg 1.0		__DUMMY__ 0.8802117888934236 off 0.06311764316451181 neg 0.056670567942064626	false	0.5
fettsack	off 1.0	off 1.0	off 0.5242922319581483 __DUMMY__ 0.4308667516728132 neg 0.044841016369038575	false	1.0
feige	off 1.0	off 1.0	off 0.520295952441824 __DUMMY__ 0.4348463723007466 neg 0.04485767525742936	false	1.0
abdanken	neg 1.0		__DUMMY__ 0.8827215080567142 off 0.06057406501715293 neg 0.05670442692613277	false	0.5
wichtigtuer	off 1.0	off 1.0	off 0.5184478694003832 __DUMMY__ 0.4368075484740137 neg 0.04474458212560305	false	1.0
misslingen	neg 1.0		__DUMMY__ 0.8880319916361497 off 0.06096509110507802 neg 0.05100291725877232	false	0.5
untreu	off 1.0		__DUMMY__ 0.8774914266148304 off 0.06618679065099194 neg 0.056321782734177706	false	1.0
missmutig	neg 1.0		__DUMMY__ 0.8793624956474423 off 0.06541293822393933 neg 0.0552245661286183	false	0.5
hurenbock	off 1.0		__DUMMY__ 0.8830295708839286 off 0.06244548423606566 neg 0.054524944880005755	false	1.0
betrunken	neg 1.0		__DUMMY__ 0.877929933625021 off 0.06750734162203 neg 0.054562724752948925	false	0.5
korrupt	off 1.0		__DUMMY__ 0.8789067156941227 neg 0.06223808208590627 off 0.05885520221997098	false	0.5
unmut	neg 1.0		__DUMMY__ 0.8868881359930477 neg 0.05956141193287517 off 0.053550452074077076	false	1.0
hackfresse	off 1.0		__DUMMY__ 0.8715648257005378 off 0.07329975470734393 neg 0.055135419592118234	false	1.0
aufblasen	neg 1.0		__DUMMY__ 0.8819114191183928 off 0.06255543873241964 neg 0.055533142149187566	false	0.5
gewaltsam	neg 1.0		__DUMMY__ 0.8842284760273229 off 0.0594455389174275 neg 0.05632598505524949	false	0.5
unbeliebtheit	neg 1.0		__DUMMY__ 0.8763711800873555 off 0.06494310027875619 neg 0.05868571963388832	false	0.5
sturheit	neg 1.0		__DUMMY__ 0.8809300053058366 off 0.05986384883314629 neg 0.05920614586101715	false	0.5
kuh	neg 1.0		__DUMMY__ 0.8751072974200236 off 0.06299028354315976 neg 0.061902419036816585	false	0.5
erschrecken	neg 1.0		__DUMMY__ 0.8804006929345763 off 0.06516057612789983 neg 0.054438730937523785	false	0.5
opfer	neg 1.0		__DUMMY__ 0.8837934226698326 neg 0.05852031995014457 off 0.05768625738002281	false	1.0
sinken	neg 1.0		__DUMMY__ 0.8876659080978607 neg 0.05837113245257303 off 0.05396295944956624	false	1.0
stinktier	neg 1.0		__DUMMY__ 0.8682933466313691 off 0.07061739315691455 neg 0.06108926021171625	false	0.5
tucke	off 1.0		__DUMMY__ 0.8686662387785749 off 0.07428668178352645 neg 0.05704707943789875	false	1.0
ein			__DUMMY__ 0.8819397878564196 off 0.061735793067302355 neg 0.05632441907627803	false	0.0
abstieg	neg 1.0		__DUMMY__ 0.8858330524594293 neg 0.05754106921309268 off 0.05662587832747804	false	1.0
missverstehen	neg 1.0		__DUMMY__ 0.8763451655781282 off 0.06400901169221342 neg 0.059645822729658265	false	0.5
ergebnislos	neg 1.0		__DUMMY__ 0.8859558344433174 neg 0.057704814348869225 off 0.056339351207813464	false	1.0
unter			__DUMMY__ 0.8931806372063186 neg 0.05822468288770779 off 0.04859467990597375	false	0.0
manipulieren	neg 1.0		__DUMMY__ 0.8849510075882671 neg 0.05910684531925534 off 0.05594214709247767	false	1.0
unbewiesen	neg 1.0		__DUMMY__ 0.8765296014719354 neg 0.0624602928485259 off 0.06101010567953875	false	1.0
verschleppen	neg 1.0		__DUMMY__ 0.8827895886108031 neg 0.05917853444626116 off 0.05803187694293569	false	1.0
weib	off 1.0		__DUMMY__ 0.8670507673274855 off 0.07408822103052813 neg 0.058861011641986344	false	1.0
opposition	neg 1.0		__DUMMY__ 0.8790877650966588 off 0.062247080122500735 neg 0.058665154780840466	false	0.5
verkehrswidrig	neg 1.0		__DUMMY__ 0.8808264879365665 off 0.06939003516126122 neg 0.04978347690217225	false	0.5
inkorrekt	neg 1.0		__DUMMY__ 0.8725675737415264 off 0.06949209227870885 neg 0.05794033397976466	false	0.5
vermeiden	neg 1.0	neg 1.0	neg 0.5145541062170695 __DUMMY__ 0.44626103031566683 off 0.03918486346726365	false	1.0
abweichung	neg 1.0		__DUMMY__ 0.8834310777638056 neg 0.05913471531506432 off 0.05743420692113011	false	1.0
alkoholisiert	neg 1.0		__DUMMY__ 0.8864345739979181 neg 0.05759295428291306 off 0.05597247171916873	false	1.0
scheiss	off 1.0	off 1.0	off 0.5201236378583038 __DUMMY__ 0.4363952315402567 neg 0.04348113060143958	false	1.0
herausforderung	neg 1.0		__DUMMY__ 0.8848064153426427 neg 0.05913653367518797 off 0.05605705098216928	false	1.0
pervers	off 1.0		__DUMMY__ 0.8684388043237888 off 0.07667425945056003 neg 0.05488693622565108	false	1.0
wackelig	neg 1.0		__DUMMY__ 0.8870703613615933 off 0.05868881962691968 neg 0.05424081901148694	false	0.5
verwickeln	neg 1.0		__DUMMY__ 0.8767151143307068 off 0.06350093053790097 neg 0.0597839551313923	false	0.5
vorwand	neg 1.0		__DUMMY__ 0.8837535788720067 neg 0.060398891781908964 off 0.055847529346084356	false	1.0
muschi	off 1.0		__DUMMY__ 0.8831819853411587 off 0.0601645508358254 neg 0.05665346382301607	false	1.0
entmutigung	neg 1.0		__DUMMY__ 0.880730397928964 off 0.0622914836459919 neg 0.05697811842504422	false	0.5
unangemessen	neg 1.0		__DUMMY__ 0.8791494134557081 neg 0.06124032384041992 off 0.05961026270387207	false	1.0
unstetig	neg 1.0		__DUMMY__ 0.8811655664969983 off 0.06318206445846038 neg 0.05565236904454137	false	0.5
entmutigen	neg 1.0		__DUMMY__ 0.8807565137082419 off 0.06182939042452473 neg 0.05741409586723325	false	0.5
schwanz	neg 1.0		__DUMMY__ 0.8848157383905693 neg 0.057641173919828675 off 0.05754308768960204	false	1.0
verbot	neg 1.0		__DUMMY__ 0.8824668808563757 neg 0.059088818897501505 off 0.05844430024612283	false	1.0
leid	neg 1.0		__DUMMY__ 0.8726008454276775 off 0.07138356998320636 neg 0.05601558458911608	false	0.5
archaisch	neg 1.0		__DUMMY__ 0.8817612314375235 off 0.059695973052362086 neg 0.05854279551011442	false	0.5
gegen			__DUMMY__ 0.8873720815292894 neg 0.05830174062444564 off 0.054326177846265	false	0.0
scheidung	neg 1.0		__DUMMY__ 0.8717930405533855 off 0.08095486893203094 neg 0.047252090514583664	false	0.5
einschlag	neg 1.0		__DUMMY__ 0.8765352689772563 off 0.06862118154859527 neg 0.05484354947414843	false	0.5
m			__DUMMY__ 0.884659639476403 off 0.05852736548346279 neg 0.05681299504013415	false	0.0
abgestanden	neg 1.0		__DUMMY__ 0.8802454495018099 off 0.06091122556181582 neg 0.058843324936374224	false	0.5
schmierig	off 1.0		__DUMMY__ 0.8749655492068423 off 0.07065564059955849 neg 0.05437881019359919	false	1.0
unpraktisch	neg 1.0		__DUMMY__ 0.8817245137946947 off 0.06215971580034573 neg 0.0561157704049595	false	0.5
wixxer	off 1.0		__DUMMY__ 0.8661454563193917 off 0.07689392696351526 neg 0.05696061671709302	false	1.0
bezeichnet			__DUMMY__ 0.8785976031212637 off 0.06121218492102404 neg 0.06019021195771227	false	0.0
jammerlappen	off 1.0		__DUMMY__ 0.8792657383223084 off 0.06578252666915074 neg 0.05495173500854085	false	1.0
farce	neg 1.0		__DUMMY__ 0.8819059907077452 off 0.05939430399376183 neg 0.058699705298493006	false	0.5
zwecklos	neg 1.0		__DUMMY__ 0.8806961227976671 neg 0.06006325760591472 off 0.05924061959641821	false	1.0
turbulent	neg 1.0		__DUMMY__ 0.8758643716566714 off 0.06703070524005131 neg 0.05710492310327733	false	0.5
invasion	neg 1.0		__DUMMY__ 0.8800289483894637 off 0.06284310378560845 neg 0.05712794782492793	false	0.5
schuld	neg 1.0		__DUMMY__ 0.8789926720107549 off 0.06217903808029691 neg 0.05882828990894815	false	0.5
risiko	neg 1.0	neg 1.0	neg 0.5113524984314256 __DUMMY__ 0.4418118961462133 off 0.046835605422361155	false	1.0
finster	neg 1.0		__DUMMY__ 0.8789498767206129 off 0.061793058539921814 neg 0.05925706473946541	false	0.5
geisteskrank	off 1.0		__DUMMY__ 0.8728482006651354 off 0.06765400762312165 neg 0.059497791711743006	false	1.0
zusammenbrechen	neg 1.0		__DUMMY__ 0.8825406545419849 off 0.05924568096601361 neg 0.05821366449200151	false	0.5
ausbeute	neg 1.0		__DUMMY__ 0.8919220352556583 off 0.0570139510949287 neg 0.05106401364941305	false	0.5
hinterhalt	neg 1.0		__DUMMY__ 0.8905068895766293 off 0.058919963405257736 neg 0.05057314701811294	false	0.5
kritik	neg 1.0		__DUMMY__ 0.8814469216983017 neg 0.05931970164498709 off 0.05923337665671121	false	1.0
einschrumpfen	neg 1.0		__DUMMY__ 0.8772057163430443 off 0.06486730902090448 neg 0.0579269746360512	false	0.5
riskant	neg 1.0		__DUMMY__ 0.8821416721365688 neg 0.060966680172065926 off 0.05689164769136525	false	1.0
frustrieren	neg 1.0		__DUMMY__ 0.8824100035676398 neg 0.05984604486252548 off 0.05774395156983474	false	1.0
groll	neg 1.0		__DUMMY__ 0.8809273958755625 neg 0.06028643221789539 off 0.05878617190654214	false	1.0
gibt			__DUMMY__ 0.8828555433469959 off 0.05938162380238739 neg 0.0577628328506168	false	0.0
qualvoll	neg 1.0		__DUMMY__ 0.8804225673265605 off 0.06384781591591232 neg 0.055729616757527134	false	0.5
wackeln	neg 1.0		__DUMMY__ 0.8839576310442411 off 0.06166565280464256 neg 0.05437671615111637	false	0.5
klagen	neg 1.0		__DUMMY__ 0.885480673662241 neg 0.060243180688976154 off 0.054276145648782775	false	1.0
bankrott	neg 1.0		__DUMMY__ 0.8806205235973578 off 0.0648997413172671 neg 0.05447973508537518	false	0.5
trauern	neg 1.0		__DUMMY__ 0.8868037073823869 off 0.057166062819910234 neg 0.05603022979770294	false	0.5
ablehnung	neg 1.0		__DUMMY__ 0.881366140940687 neg 0.05964458655529449 off 0.05898927250401848	false	1.0
stur	neg 1.0		__DUMMY__ 0.879297324527647 off 0.06232040847036692 neg 0.05838226700198613	false	0.5
aufruhr	neg 1.0		__DUMMY__ 0.8831177870021907 off 0.05995324189919816 neg 0.05692897109861115	false	0.5
melancholie	neg 1.0		__DUMMY__ 0.8853495081825735 off 0.05759673037954877 neg 0.05705376143787773	false	0.5
ist			__DUMMY__ 0.8805380021063485 off 0.0628726634110799 neg 0.05658933448257171	false	0.0
torheit	neg 1.0		__DUMMY__ 0.8811708146282878 off 0.06137039376721217 neg 0.05745879160450012	false	0.5
dreckskind	off 1.0		__DUMMY__ 0.8694616743850164 off 0.07245045465784183 neg 0.05808787095714179	false	1.0
umtauschen	neg 1.0		__DUMMY__ 0.8829424274284666 off 0.060180742306172964 neg 0.05687683026536043	false	0.5
zum			__DUMMY__ 0.8936826491671702 neg 0.05466946483979272 off 0.051647885993036935	false	0.0
zersetzen	neg 1.0		__DUMMY__ 0.8824600593411112 neg 0.06143345781724557 off 0.056106482841643324	false	1.0
zur			__DUMMY__ 0.8911883210159768 neg 0.057522624929466894 off 0.051289054054556395	false	0.0
frust	neg 1.0		__DUMMY__ 0.8831181853152738 off 0.05929022207352578 neg 0.057591592611200476	false	0.5
unerbittlichkeit	neg 1.0		__DUMMY__ 0.884056491817972 neg 0.05988599184288412 off 0.056057516339143916	false	1.0
zwei			__DUMMY__ 0.8920561220089123 neg 0.05523710791275402 off 0.052706770078333735	false	0.0
unkorrekt	neg 1.0		__DUMMY__ 0.8749613772195329 off 0.06892007156861414 neg 0.05611855121185302	false	0.5
hexe	off 1.0		__DUMMY__ 0.8751272309039179 off 0.06574931056477774 neg 0.05912345853130441	false	1.0
lasch	neg 1.0		__DUMMY__ 0.8762771129166178 off 0.06495055891312047 neg 0.058772328170261755	false	0.5
rivale	neg 1.0		__DUMMY__ 0.8763671491577091 off 0.0678573499037534 neg 0.05577550093853755	false	0.5
mutlos	off 1.0	off 1.0	off 0.5133731353174512 __DUMMY__ 0.44017866720486226 neg 0.04644819747768656	false	1.0
wirr	off 1.0		__DUMMY__ 0.8727066074714178 off 0.06967851705926584 neg 0.05761487546931637	false	1.0
jahr			__DUMMY__ 0.8929912670904505 off 0.05503528448897978 neg 0.05197344842056969	false	0.0
wird			__DUMMY__ 0.8830902398953816 neg 0.058725669829763384 off 0.05818409027485493	false	0.0
strafbar	neg 1.0		__DUMMY__ 0.8820905947716626 neg 0.060540379393149525 off 0.0573690258351879	false	1.0
erosion	neg 1.0		__DUMMY__ 0.8838290085437158 off 0.06078289434119092 neg 0.05538809711509319	false	0.5
eingehen	neg 1.0		__DUMMY__ 0.8819056861500819 neg 0.06054868811574602 off 0.057545625734172115	false	1.0
faul	off 1.0		__DUMMY__ 0.880681829622184 off 0.06477892012575702 neg 0.05453925025205888	false	1.0
provisorium	neg 1.0		__DUMMY__ 0.8943654893722985 neg 0.05658369757229953 off 0.04905081305540186	false	1.0
schmerzen	neg 1.0		__DUMMY__ 0.8809238661347754 neg 0.059569424195011225 off 0.05950670967021337	false	1.0
schrumpfen	neg 1.0		__DUMMY__ 0.8866908464682203 neg 0.06158445478426776 off 0.05172469874751197	false	1.0
geistlos	off 1.0		__DUMMY__ 0.8751239946456258 off 0.06391163842731858 neg 0.060964366927055515	false	1.0
fehlkauf	neg 1.0		__DUMMY__ 0.8815915061019038 off 0.0627167026716397 neg 0.05569179122645651	false	0.5
frustrierend	neg 1.0		__DUMMY__ 0.8785927194632 off 0.06480067835253821 neg 0.056606602184261785	false	0.5
unzufrieden	neg 1.0		__DUMMY__ 0.8806284461896886 neg 0.060418879929286365 off 0.058952673881025076	false	1.0
verzweifeln	neg 1.0		__DUMMY__ 0.8817150092766731 off 0.060102830257747396 neg 0.05818216046557943	false	0.5
verzweifelt	neg 1.0	neg 1.0	neg 0.5154052195757282 __DUMMY__ 0.43739290897962463 off 0.047201871444647145	false	1.0
misstrauensantrag	neg 1.0		__DUMMY__ 0.8802637989097544 off 0.06283574065110507 neg 0.056900460439140585	false	0.5
abfallen	neg 1.0		__DUMMY__ 0.8836390154410083 off 0.06147674278253658 neg 0.05488424177645516	false	0.5
fucker	off 1.0		__DUMMY__ 0.8774267210036893 off 0.06867732048096735 neg 0.053895958515343366	false	1.0
ungezogen	neg 1.0		__DUMMY__ 0.8696596834887087 off 0.07577215481795861 neg 0.05456816169333268	false	0.5
irrsinnig	neg 1.0	neg 1.0	neg 0.5148037466806075 __DUMMY__ 0.43800859911800655 off 0.04718765420138593	false	1.0
unfassbar	neg 1.0		__DUMMY__ 0.878375740212069 off 0.06689707945451645 neg 0.05472718033341458	false	0.5
hart	neg 1.0		__DUMMY__ 0.877806206383713 off 0.06628506748412048 neg 0.05590872613216643	false	0.5
widerlich	off 1.0		__DUMMY__ 0.8747873863558806 off 0.06754819355099667 neg 0.05766442009312266	false	1.0
fatal	neg 1.0		__DUMMY__ 0.8802279521432174 off 0.06325463696861305 neg 0.056517410888169604	false	0.5
bruch	neg 1.0		__DUMMY__ 0.8865751802420643 neg 0.05876038436306416 off 0.054664435394871605	false	1.0
aushungern	neg 1.0		__DUMMY__ 0.8831513297476911 off 0.059332681808249715 neg 0.057515988444059175	false	0.5
anspannung	neg 1.0		__DUMMY__ 0.8923415441596101 neg 0.05576397657871478 off 0.05189447926167508	false	1.0
von			__DUMMY__ 0.8946785708492762 off 0.055075572090040555 neg 0.05024585706068331	false	0.0
kraftlos	neg 1.0		__DUMMY__ 0.8844121817642934 off 0.05857660637376876 neg 0.05701121186193777	false	0.5
vom			__DUMMY__ 0.8961693382335072 neg 0.05440506643688705 off 0.0494255953296058	false	0.0
grenzdebil	off 1.0		__DUMMY__ 0.8784656931148097 off 0.06713639752360473 neg 0.05439790936158556	false	1.0
vor			__DUMMY__ 0.8877312555312876 neg 0.05714408824122836 off 0.055124656227483894	false	0.0
unterwerfen	neg 1.0		__DUMMY__ 0.8833805046739123 neg 0.05898587442876039 off 0.05763362089732724	false	1.0
versenkung	neg 1.0		__DUMMY__ 0.8854139653552465 off 0.05779845706104494 neg 0.056787577583708525	false	0.5
entziehen	neg 1.0		__DUMMY__ 0.8852010426079063 neg 0.06004367014806634 off 0.05475528724402725	false	1.0
finanzkrise	neg 1.0		__DUMMY__ 0.8806741671618078 off 0.05990594123799542 neg 0.059419891600196735	false	0.5
schimpfend	neg 1.0		__DUMMY__ 0.8806364168781511 off 0.06251201347239485 neg 0.056851569649454085	false	0.5
profan	neg 1.0		__DUMMY__ 0.8788504680781765 off 0.0635888106239575 neg 0.05756072129786609	false	0.5
korruption	neg 1.0		__DUMMY__ 0.8827748832161701 neg 0.05908022074619125 off 0.0581448960376387	false	1.0
â			__DUMMY__ 0.8856570444635237 off 0.05800212342679578 neg 0.05634083210968053	false	0.0
schmutzig	neg 1.0		__DUMMY__ 0.8789847892424354 off 0.06756809441717575 neg 0.05344711634038893	false	0.5
sexy	neg 1.0		__DUMMY__ 0.8805988461762486 off 0.06446918030955225 neg 0.054931973514199026	false	0.5
abraten	neg 1.0		__DUMMY__ 0.8805332199850474 off 0.06284108281332725 neg 0.056625697201625254	false	0.5
schwarz	neg 1.0		__DUMMY__ 0.8804913519432345 off 0.06253611710289539 neg 0.056972530953870115	false	0.5
fotze	off 1.0	off 1.0	off 0.5145012343295406 __DUMMY__ 0.4424443660874286 neg 0.04305439958303067	false	1.0
verwirren	neg 1.0		__DUMMY__ 0.8791233343120181 off 0.06409132997221767 neg 0.05678533571576419	false	0.5
zahnlos	off 1.0		__DUMMY__ 0.8811743724675554 off 0.0597499086549046 neg 0.05907571887754009	false	1.0
verheeren	neg 1.0		__DUMMY__ 0.8705652896074535 off 0.0771951650694339 neg 0.05223954532311259	false	0.5
hippie	neg 1.0		__DUMMY__ 0.8805638518126226 off 0.06418561661762645 neg 0.05525053156975085	false	0.5
rammen	neg 1.0		__DUMMY__ 0.8793876159006551 off 0.06200438794097859 neg 0.05860799615836636	false	0.5
unlauter	neg 1.0		__DUMMY__ 0.8781895742312331 off 0.061955450727629965 neg 0.059854975041136856	false	0.5
unheilvoll	neg 1.0		__DUMMY__ 0.8817458062631399 off 0.06245187342444926 neg 0.05580232031241081	false	0.5
niedrig	neg 1.0		__DUMMY__ 0.8821788245759842 neg 0.06163328413099976 off 0.05618789129301612	false	1.0
explosion	neg 1.0		__DUMMY__ 0.8800286807322599 off 0.06360265277542483 neg 0.05636866649231525	false	0.5
weichei	off 1.0	off 1.0	off 0.5244853356081962 __DUMMY__ 0.4327540896266053 neg 0.042760574765198546	false	1.0
minusmensch	off 1.0		__DUMMY__ 0.8679514329128065 off 0.07499487327343919 neg 0.05705369381375428	false	1.0
farblos	neg 1.0		__DUMMY__ 0.8833791555966964 off 0.06008433336768988 neg 0.05653651103561369	false	0.5
unwissend	neg 1.0	neg 1.0	neg 0.5139863747537968 __DUMMY__ 0.4360312914035934 off 0.04998233384260972	false	1.0
traurig	neg 1.0		__DUMMY__ 0.8767738135555857 off 0.06915728114648811 neg 0.0540689052979262	false	0.5
senkung	neg 1.0		__DUMMY__ 0.8775517018940643 off 0.06344055068900643 neg 0.0590077474169292	false	0.5
ungleich	neg 1.0	neg 1.0	neg 0.5165871227768637 __DUMMY__ 0.44056075797575817 off 0.042852119247378175	false	1.0
heikel	neg 1.0		__DUMMY__ 0.882201641391804 neg 0.06094543941596398 off 0.056852919192231996	false	1.0
drosselung	neg 1.0		__DUMMY__ 0.8775456843082686 off 0.06684367280055666 neg 0.055610642891174615	false	0.5
falsch	neg 1.0		__DUMMY__ 0.8776829967505168 off 0.06496655545314413 neg 0.05735044779633906	false	0.5
unzufriedenheit	neg 1.0		__DUMMY__ 0.8845186668612675 neg 0.060016991413582015 off 0.05546434172515044	false	1.0
kurz	neg 1.0		__DUMMY__ 0.8859506806842498 off 0.05931200570480495 neg 0.0547373136109452	false	0.5
unsinnig	neg 1.0		__DUMMY__ 0.8796886048154968 neg 0.060444600851610894 off 0.059866794332892215	false	1.0
penner	off 1.0	off 1.0	off 0.5256744263888611 __DUMMY__ 0.4324594112279782 neg 0.041866162383160724	false	1.0
seicht	neg 1.0		__DUMMY__ 0.8677351181636982 off 0.07552119362269408 neg 0.05674368821360779	false	0.5
dummheit	off 1.0	off 1.0	off 0.5186631432422275 __DUMMY__ 0.4364782134217824 neg 0.044858643335990156	false	1.0
unerfreulich	neg 1.0		__DUMMY__ 0.8844873930003715 neg 0.059577626773076924 off 0.05593498022655156	false	1.0
motherfucker	off 1.0	off 1.0	off 0.5216885037434194 __DUMMY__ 0.4365042320060484 neg 0.041807264250532224	false	1.0
pikiert	neg 1.0		__DUMMY__ 0.8761059966615695 off 0.06682136814235654 neg 0.057072635196074	false	0.5
wrack	neg 1.0		__DUMMY__ 0.8855868061881105 off 0.05844057117975161 neg 0.05597262263213787	false	0.5
gangster	neg 1.0		__DUMMY__ 0.8804634980379656 off 0.06419757433599732 neg 0.05533892762603703	false	0.5
krank	neg 1.0		__DUMMY__ 0.8788976203915569 off 0.06695045999415576 neg 0.05415191961428719	false	0.5
reich	neg 1.0		__DUMMY__ 0.8809169243284689 off 0.06585706015346446 neg 0.05322601551806671	false	0.5
gnadenlos	neg 1.0		__DUMMY__ 0.879813111522336 off 0.06227268789289125 neg 0.0579142005847727	false	0.5
niedergeschlagen	neg 1.0		__DUMMY__ 0.8833897453034957 off 0.05953818278873719 neg 0.05707207190776713	false	0.5
terrorisieren	off 1.0	off 1.0	off 0.5135332530335528 __DUMMY__ 0.4418513448887841 neg 0.04461540207766309	false	1.0
sinnlosigkeit	neg 1.0		__DUMMY__ 0.881768325419596 off 0.059177485104928366 neg 0.05905418947547555	false	0.5
behindern	neg 1.0		__DUMMY__ 0.8828489854980125 off 0.06008002392160025 neg 0.05707099058038721	false	0.5
undemokratisch	neg 1.0		__DUMMY__ 0.8801790249006964 off 0.06210246140010064 neg 0.05771851369920289	false	0.5
wirtschaftskrise	neg 1.0		__DUMMY__ 0.8823558486868049 neg 0.059690240224069165 off 0.057953911089125794	false	1.0
neid	neg 1.0		__DUMMY__ 0.8807251430640225 off 0.06460701674362238 neg 0.05466784019235512	false	0.5
rutschen	neg 1.0		__DUMMY__ 0.8927536721680406 neg 0.05470194666273433 off 0.05254438116922516	false	1.0
rezession	neg 1.0		__DUMMY__ 0.8696648930667358 off 0.06962985128098005 neg 0.0607052556522842	false	0.5
fehlgeburt	neg 1.0		__DUMMY__ 0.8822667754295387 off 0.062380245640417754 neg 0.05535297893004351	false	0.5
charakterschwach	off 1.0		__DUMMY__ 0.8749280033954021 off 0.06744096603646998 neg 0.057631030568127815	false	1.0
isolation	neg 1.0		__DUMMY__ 0.8797164377358534 off 0.06440916195440533 neg 0.055874400309741286	false	0.5
ablenkung	neg 1.0		__DUMMY__ 0.8828966358906284 off 0.06101926408774966 neg 0.05608410002162194	false	0.5
pech	neg 1.0		__DUMMY__ 0.8792090300634263 off 0.06422526114576815 neg 0.056565708790805524	false	0.5
vermeidung	neg 1.0		__DUMMY__ 0.8781934679872967 off 0.06700443142910743 neg 0.05480210058359592	false	0.5
dominieren	neg 1.0		__DUMMY__ 0.885311694279725 neg 0.05746212647535411 off 0.05722617924492085	false	1.0
schwindlig	neg 1.0		__DUMMY__ 0.8823828997644257 off 0.06268547392476095 neg 0.05493162631081321	false	0.5
lutscher	neg 1.0		__DUMMY__ 0.8685947705648988 off 0.07570446377929041 neg 0.055700765655810835	false	0.5
pflicht	neg 1.0		__DUMMY__ 0.8835084288634085 neg 0.06063754868926719 off 0.05585402244732434	false	1.0
faschist	off 1.0		__DUMMY__ 0.8793921997915456 off 0.06451253232049349 neg 0.056095267887961035	false	1.0
verschleudern	neg 1.0		__DUMMY__ 0.8826600274837951 neg 0.06070218266538827 off 0.056637789850816696	false	1.0
wenn			__DUMMY__ 0.8784418343018761 off 0.0651320878207861 neg 0.05642607787733781	false	0.0
ehebruch	neg 1.0		__DUMMY__ 0.8831752271779874 neg 0.05871606150838749 off 0.05810871131362522	false	1.0
spott	off 1.0		__DUMMY__ 0.882695070338697 neg 0.059612111024259756 off 0.05769281863704326	false	0.5
trostlosigkeit	neg 1.0		__DUMMY__ 0.8873241460575452 neg 0.05752262909105414 off 0.05515322485140062	false	1.0
lutschen	neg 1.0		__DUMMY__ 0.8780797512468674 off 0.06462867705671554 neg 0.057291571696417035	false	0.5
undiszipliniert	neg 1.0		__DUMMY__ 0.8755378094760242 off 0.06860347888574467 neg 0.055858711638231126	false	0.5
kopfschmerz	neg 1.0		__DUMMY__ 0.8818212564472586 neg 0.05962683966519239 off 0.058551903887549	false	1.0
unvorhergesehen	neg 1.0		__DUMMY__ 0.8892247679640133 off 0.055921186005199124 neg 0.05485404603078759	false	0.5
desinteressiert	neg 1.0	neg 1.0	neg 0.5128123761718159 __DUMMY__ 0.43548326448414276 off 0.05170435934404135	false	1.0
armselig	off 1.0		__DUMMY__ 0.872850109875038 off 0.06949155646869459 neg 0.05765833365626745	false	1.0
desaster	neg 1.0		__DUMMY__ 0.8860536114348773 neg 0.05982080424055808 off 0.054125584324564734	false	1.0
tod	neg 1.0		__DUMMY__ 0.8879041883268732 off 0.05784046339926879 neg 0.05425534827385791	false	0.5
herzlos	neg 1.0		__DUMMY__ 0.8748402279620755 off 0.06928162587339518 neg 0.05587814616452925	false	0.5
unwissenheit	neg 1.0		__DUMMY__ 0.8815506121549967 neg 0.05957378669775855 off 0.058875601147244716	false	1.0
widersinnig	neg 1.0		__DUMMY__ 0.8784103531460521 neg 0.06256095637054189 off 0.059028690483406074	false	1.0
bedenklich	neg 1.0		__DUMMY__ 0.8814129122518414 neg 0.060585547273790924 off 0.05800154047436777	false	1.0
beanstanden	neg 1.0		__DUMMY__ 0.8843090426924556 neg 0.060253204641039754 off 0.05543775266650477	false	1.0
panisch	neg 1.0	neg 1.0	neg 0.5104975827398661 __DUMMY__ 0.44176387597458083 off 0.047738541285553146	false	1.0
debil	off 1.0		__DUMMY__ 0.8922480414113831 neg 0.05794332066522835 off 0.04980863792338849	false	0.5
abstrich	neg 1.0		__DUMMY__ 0.8895999400629904 off 0.05900734206888472 neg 0.051392717868125014	false	0.5
primitiv	neg 1.0		__DUMMY__ 0.8742188426550587 off 0.06775790220765722 neg 0.058023255137284076	false	0.5
abschaum	off 1.0	off 1.0	off 0.5203998441749773 __DUMMY__ 0.4360962420599638 neg 0.04350391376505891	false	1.0
provozieren	neg 1.0		__DUMMY__ 0.8780491988819021 off 0.062102605248909426 neg 0.05984819586918852	false	0.5
tot	neg 1.0		__DUMMY__ 0.8832992188956462 neg 0.0587074656542557 off 0.05799331545009805	false	1.0
instabil	neg 1.0		__DUMMY__ 0.8755852110207264 off 0.06878188718134177 neg 0.055632901797931865	false	0.5
schwuchtel	off 1.0	off 1.0	off 0.5301354466239274 __DUMMY__ 0.42795074681001966 neg 0.041913806566052876	false	1.0
zerren	neg 1.0		__DUMMY__ 0.8835999413691527 off 0.059147737357963706 neg 0.057252321272883634	false	0.5
kinderficker	off 1.0		__DUMMY__ 0.8737125860022018 off 0.07202864436568553 neg 0.05425876963211269	false	1.0
gefahr	neg 1.0		__DUMMY__ 0.8865077681792832 neg 0.05818522750498489 off 0.05530700431573194	false	1.0
rabiat	neg 1.0		__DUMMY__ 0.8816332756550566 off 0.06122738250640445 neg 0.05713934183853903	false	0.5
verlangsamung	neg 1.0		__DUMMY__ 0.8679089030645752 off 0.07354851900331677 neg 0.05854257793210795	false	0.5
ausgestorben	neg 1.0		__DUMMY__ 0.8828077332835195 off 0.06086442403841522 neg 0.0563278426780653	false	0.5
anklagen	neg 1.0		__DUMMY__ 0.8837685478439407 off 0.05828180374302675 neg 0.057949648413032656	false	0.5
trott	neg 1.0		__DUMMY__ 0.8826486642004523 off 0.06046820713441357 neg 0.056883128665134224	false	0.5
verminderung	neg 1.0		__DUMMY__ 0.876015912560806 off 0.06726923190957215 neg 0.056714855529621876	false	0.5
nach			__DUMMY__ 0.8930833983767691 neg 0.05540630591283968 off 0.05151029571039115	false	0.0
rost	neg 1.0		__DUMMY__ 0.8724237002651886 off 0.07209381601461934 neg 0.05548248372019215	false	0.5
destruktiv	neg 1.0		__DUMMY__ 0.8792626599484062 off 0.06092584004449309 neg 0.05981150000710069	false	0.5
unzumutbarkeit	neg 1.0		__DUMMY__ 0.8793933269303937 off 0.0661663004034501 neg 0.05444037266615614	false	0.5
labil	off 1.0	off 1.0	off 0.5197995811399923 __DUMMY__ 0.4372507322400339 neg 0.04294968661997383	false	1.0
ziemlich	neg 1.0		__DUMMY__ 0.879205645133478 off 0.06666656879544287 neg 0.05412778607107909	false	0.5
lachnummer	off 1.0		__DUMMY__ 0.879131041898827 off 0.061745711577867984 neg 0.05912324652330503	false	1.0
oder			__DUMMY__ 0.8826094319225913 off 0.061642848465505606 neg 0.055747719611903085	false	0.0
verfall	neg 1.0		__DUMMY__ 0.888176065549857 neg 0.06005307817712048 off 0.05177085627302255	false	1.0
ausgrenzung	neg 1.0		__DUMMY__ 0.8802523637241466 off 0.0626824086449633 neg 0.05706522763089016	false	0.5
unordnung	neg 1.0		__DUMMY__ 0.8805756972410421 off 0.06852090136048812 neg 0.05090340139846977	false	0.5
fehlverhalten	neg 1.0		__DUMMY__ 0.8817568257318817 neg 0.061785776909676585 off 0.05645739735844165	false	1.0
eine			__DUMMY__ 0.8866304773506586 neg 0.05777343304562427 off 0.05559608960371708	false	0.0
nille	neg 1.0		__DUMMY__ 0.8837400887297712 off 0.06062054776044063 neg 0.05563936350978821	false	0.5
qual	neg 1.0		__DUMMY__ 0.8829262396942262 off 0.06010695842340594 neg 0.05696680188236786	false	0.5
verschwenden	neg 1.0		__DUMMY__ 0.8818644578522631 neg 0.06088780246344726 off 0.05724773968428968	false	1.0
riesig	neg 1.0		__DUMMY__ 0.8857898728367548 off 0.05738682926196667 neg 0.05682329790127856	false	0.5
verurteilen	neg 1.0		__DUMMY__ 0.8803551119942785 neg 0.06076921191355204 off 0.05887567609216952	false	1.0
klischee	neg 1.0	neg 1.0	neg 0.5142495487603321 __DUMMY__ 0.43661491648953404 off 0.04913553475013383	false	1.0
diktatorisch	neg 1.0		__DUMMY__ 0.8796302972977857 off 0.06232095164078756 neg 0.05804875106142669	false	0.5
vorhersehbar	neg 1.0		__DUMMY__ 0.876542947057412 off 0.0643116192150873 neg 0.05914543372750071	false	0.5
sowie			__DUMMY__ 0.8731476739496242 off 0.07131510280239664 neg 0.055537223247979196	false	0.0
stornieren	neg 1.0		__DUMMY__ 0.8865288655550012 off 0.06257641723480843 neg 0.0508947172101904	false	0.5
besteuerung	neg 1.0		__DUMMY__ 0.8775038788545153 off 0.061406103466446774 neg 0.06109001767903793	false	0.5
ungeschminkt	neg 1.0		__DUMMY__ 0.873889143978812 off 0.06712189051577137 neg 0.05898896550541661	false	0.5
kritisch	neg 1.0		__DUMMY__ 0.8822228794634289 neg 0.059975359841996936 off 0.057801760694574066	false	1.0
schlamperei	off 1.0		__DUMMY__ 0.8856172952909583 neg 0.05788852891170468 off 0.056494175797336954	false	0.5
sucht	neg 1.0	neg 1.0	neg 0.5078608513676709 __DUMMY__ 0.44595335795642943 off 0.046185790675899716	false	1.0
egoistisch	off 1.0		__DUMMY__ 0.871057555621514 off 0.07208318356059948 neg 0.056859260817886476	false	1.0
ausbeuter	off 1.0		__DUMMY__ 0.8808710019025618 neg 0.0626842060512095 off 0.05644479204622866	false	0.5
arschgeburt	off 1.0		__DUMMY__ 0.8633464943120396 off 0.07963611575110717 neg 0.05701738993685316	false	1.0
schubs	neg 1.0		__DUMMY__ 0.883610874112664 off 0.05864477867638844 neg 0.05774434721094752	false	0.5
unsolide	neg 1.0		__DUMMY__ 0.8782896408594495 off 0.0628564357039881 neg 0.05885392343656239	false	0.5
beschwerde	neg 1.0		__DUMMY__ 0.8835920882709136 neg 0.059168865742363075 off 0.05723904598672337	false	1.0
stocken	neg 1.0		__DUMMY__ 0.8850266630642486 neg 0.05822128035253429 off 0.05675205658321702	false	1.0
isolieren	neg 1.0		__DUMMY__ 0.8833494583997714 neg 0.05845610589441671 off 0.0581944357058119	false	1.0
unheilbar	neg 1.0		__DUMMY__ 0.8815078733312979 off 0.06143729248990676 neg 0.05705483417879549	false	0.5
pisser	off 1.0		__DUMMY__ 0.8745546952113287 off 0.06900047641323147 neg 0.05644482837543981	false	1.0
löschen	neg 1.0		__DUMMY__ 0.8825589199937537 off 0.06084159082141363 neg 0.05659948918483271	false	0.5
durchfallen	neg 1.0		__DUMMY__ 0.880158911335267 neg 0.06149405666180323 off 0.05834703200292978	false	1.0
wichser	off 1.0	off 1.0	off 0.5279835118055167 __DUMMY__ 0.4305764824204723 neg 0.04144000577401102	false	1.0
terror	neg 1.0		__DUMMY__ 0.8808182857316931 off 0.06368096822868569 neg 0.05550074603962133	false	0.5
krass	neg 1.0		__DUMMY__ 0.8748053630426049 off 0.06966872927457016 neg 0.055525907682825004	false	0.5
revolte	neg 1.0		__DUMMY__ 0.8811465242684406 off 0.06308886420039751 neg 0.05576461153116178	false	0.5
besorgt	neg 1.0		__DUMMY__ 0.887523974176872 off 0.05921448378510986 neg 0.053261542038018084	false	0.5
nachlassen	neg 1.0		__DUMMY__ 0.8875147736081774 off 0.05639256967080004 neg 0.05609265672102249	false	0.5
alt	neg 1.0		__DUMMY__ 0.8827582521408103 neg 0.0591937152433556 off 0.058048032615834154	false	1.0
hundesohn	off 1.0		__DUMMY__ 0.8690522320369809 off 0.07629874225641654 neg 0.05464902570660259	false	1.0
als			__DUMMY__ 0.8827710601593646 off 0.05899999126192788 neg 0.058228948578707494	false	0.0
abschreckung	neg 1.0		__DUMMY__ 0.8844474544042461 neg 0.06026217875351449 off 0.055290366842239355	false	1.0
unqualifiziert	neg 1.0		__DUMMY__ 0.8755824051243236 off 0.06519093082414103 neg 0.05922666405153534	false	0.5
abgewichst	off 1.0		__DUMMY__ 0.8842210603667471 off 0.0598321840480453 neg 0.055946755585207696	false	1.0
schwer	neg 1.0		__DUMMY__ 0.8808407586572068 off 0.06054553108639962 neg 0.05861371025639363	false	0.5
bedeutungslosigkeit	neg 1.0		__DUMMY__ 0.8838791427283236 neg 0.0598168818179831 off 0.05630397545369326	false	1.0
kapitulation	neg 1.0		__DUMMY__ 0.8843945057887831 neg 0.05807741911507313 off 0.05752807509614375	false	1.0
unscharf	neg 1.0		__DUMMY__ 0.8781509308750484 off 0.06289976390187213 neg 0.05894930522307943	false	0.5
schwinden	neg 1.0		__DUMMY__ 0.8853194239875084 neg 0.058743390610735566 off 0.05593718540175604	false	1.0
versklavung	neg 1.0		__DUMMY__ 0.8815463647868851 off 0.061835956539309345 neg 0.05661767867380561	false	0.5
schlecht	neg 1.0		__DUMMY__ 0.878786091013249 off 0.0668883305707602 neg 0.054325578415990755	false	0.5
verhasst	neg 1.0		__DUMMY__ 0.8764776027182317 off 0.06265236637761248 neg 0.060870030904155784	false	0.5
beschweren	neg 1.0		__DUMMY__ 0.8799255391669565 off 0.06303143077646008 neg 0.057043030056583496	false	0.5
scheiden	neg 1.0		__DUMMY__ 0.884475618606925 off 0.06044820177117314 neg 0.0550761796219019	false	0.5
frustriert	neg 1.0		__DUMMY__ 0.8810326977373624 off 0.05977757672577962 neg 0.05918972553685789	false	0.5
schimmelig	neg 1.0		__DUMMY__ 0.8807182088957312 neg 0.06152475933630558 off 0.05775703176796335	false	1.0
fisch	neg 1.0		__DUMMY__ 0.8838414681269186 neg 0.06132216417724003 off 0.05483636769584147	false	1.0
schmuggel	neg 1.0		__DUMMY__ 0.8845677017683492 neg 0.058880478383321215 off 0.056551819848329646	false	1.0
auffallen	neg 1.0		__DUMMY__ 0.8793941260221978 off 0.06374352887836524 neg 0.05686234509943703	false	0.5
konkurrenz	neg 1.0		__DUMMY__ 0.8857722579789288 neg 0.05926971066984083 off 0.05495803135123045	false	1.0
teufelskreis	neg 1.0	neg 1.0	neg 0.5157202754903945 __DUMMY__ 0.4381899146843129 off 0.0460898098252926	false	1.0
aufschreien	neg 1.0		__DUMMY__ 0.87786277188119 off 0.06389346259809073 neg 0.05824376552071917	false	0.5
schuldner	neg 1.0		__DUMMY__ 0.8827259026982355 neg 0.061591581427351536 off 0.055682515874413	false	1.0
missgeburt	off 1.0	off 1.0	off 0.5251136638095701 __DUMMY__ 0.4316807687665751 neg 0.043205567423854827	false	1.0
arbeitslos	neg 1.0		__DUMMY__ 0.8798987245995157 neg 0.0613422589933319 off 0.058759016407152476	false	1.0
befallen	neg 1.0		__DUMMY__ 0.8820733930772813 off 0.059551130281687736 neg 0.058375476641030974	false	0.5
miesepetrig	off 1.0	off 1.0	off 0.5200685915393202 __DUMMY__ 0.4376533214747517 neg 0.04227808698592797	false	1.0
alarmieren	neg 1.0		__DUMMY__ 0.8770039600795259 off 0.06550063623171248 neg 0.05749540368876171	false	0.5
ungeduscht	off 1.0		__DUMMY__ 0.8772090294795603 off 0.06472755668043789 neg 0.058063413840001854	false	1.0
knappheit	neg 1.0		__DUMMY__ 0.8792296397014722 neg 0.06267986623014683 off 0.058090494068380995	false	1.0
schlange	neg 1.0		__DUMMY__ 0.8847001853622487 off 0.062318454756538265 neg 0.05298135988121308	false	0.5
harsch	neg 1.0		__DUMMY__ 0.8776272698228087 off 0.07076697085604347 neg 0.0516057593211478	false	0.5
lang	neg 1.0		__DUMMY__ 0.8825034474513964 off 0.06168821644691809 neg 0.05580833610168555	false	0.5
ziellos	neg 1.0		__DUMMY__ 0.8854646828142886 off 0.05784667499513246 neg 0.056688642190578856	false	0.5
selbstverliebt	neg 1.0		__DUMMY__ 0.8665143016743788 off 0.07724922488475475 neg 0.05623647344086644	false	0.5
beseitigen	neg 1.0		__DUMMY__ 0.8832517635069947 off 0.059371464625452515 neg 0.05737677186755281	false	0.5
dumm	off 1.0		__DUMMY__ 0.8719997540626309 off 0.07266021459433929 neg 0.05534003134302981	false	1.0
arbeitsloser	neg 1.0		__DUMMY__ 0.8832002779183304 off 0.05878868955816565 neg 0.05801103252350391	false	0.5
blitzen	neg 1.0		__DUMMY__ 0.8798258514741711 off 0.06406606472628097 neg 0.05610808379954788	false	0.5
hilflos	neg 1.0		__DUMMY__ 0.8814855720149959 off 0.05927391235511339 neg 0.05924051562989078	false	0.5
eklig	off 1.0		__DUMMY__ 0.8694512789990496 off 0.07323506990682273 neg 0.05731365109412763	false	1.0
begriff			__DUMMY__ 0.8808209747759712 off 0.06043228834626248 neg 0.05874673687776636	false	0.0
hungersnot	neg 1.0		__DUMMY__ 0.8845709535395805 off 0.05858896967196502 neg 0.056840076788454506	false	0.5
ungesetzlich	neg 1.0		__DUMMY__ 0.8768422431091658 off 0.06213131010768507 neg 0.06102644678314913	false	0.5
verschwendung	neg 1.0		__DUMMY__ 0.8835022085553728 neg 0.05961630012358067 off 0.056881491321046536	false	1.0
schmerzvoll	neg 1.0		__DUMMY__ 0.8806476632257688 off 0.0626928544443713 neg 0.05665948232985997	false	0.5
vorzeitig	neg 1.0		__DUMMY__ 0.880803843003108 off 0.06361601832953498 neg 0.05558013866735699	false	0.5
unvollkommenheit	neg 1.0		__DUMMY__ 0.887642250586331 off 0.05790361410493522 neg 0.05445413530873383	false	0.5
intervenieren	neg 1.0		__DUMMY__ 0.88271273813954 neg 0.060430025979929775 off 0.056857235880530335	false	1.0
banause	off 1.0		__DUMMY__ 0.8662798185453343 off 0.07574907913358753 neg 0.05797110232107811	false	1.0
rebell	neg 1.0		__DUMMY__ 0.8863157567942389 neg 0.060780071266654204 off 0.05290417193910692	false	1.0
unlogisch	neg 1.0		__DUMMY__ 0.8736724309112051 off 0.06912225377319536 neg 0.05720531531559952	false	0.5
leiden	neg 1.0		__DUMMY__ 0.8865283733572431 neg 0.058098366588467586 off 0.055373260054289206	false	1.0
abschaffung	neg 1.0		__DUMMY__ 0.881134137770011 off 0.061280685138097514 neg 0.05758517709189138	false	0.5
sturz	neg 1.0		__DUMMY__ 0.8845738697186972 off 0.06096547149612435 neg 0.05446065878517846	false	0.5
verkleinerung	neg 1.0		__DUMMY__ 0.8764216533131304 off 0.06395217071684366 neg 0.05962617597002598	false	0.5
schmarotzer	off 1.0		__DUMMY__ 0.8785292919943646 neg 0.0619181158581675 off 0.059552592147468025	false	0.5
bestrafung	neg 1.0		__DUMMY__ 0.8810547074763854 off 0.06211498833472503 neg 0.05683030418888951	false	0.5
achtlos	neg 1.0	neg 1.0	neg 0.5131776550666767 __DUMMY__ 0.44112924476711074 off 0.045693100166212634	false	1.0
ungeheuer	neg 1.0		__DUMMY__ 0.8821869161898357 off 0.06321617666002739 neg 0.054596907150136945	false	0.5
unaufrichtig	neg 1.0		__DUMMY__ 0.882153542474224 off 0.06403083070179781 neg 0.05381562682397825	false	0.5
