unsolidarisch	neg 1.0		__DUMMY__ 0.9221937629983852 off 0.04250002034850011 neg 0.035306216653114716	false	0.5
nachteilig	neg 1.0		__DUMMY__ 0.9295424169759332 off 0.03829804321439047 neg 0.03215953980967629	false	0.5
skeptisch	neg 1.0		__DUMMY__ 0.9287552395355164 off 0.037455812806653596 neg 0.03378894765782992	false	0.5
schrecklich	neg 1.0		__DUMMY__ 0.9182067258053973 off 0.04882899426391789 neg 0.03296427993068472	false	0.5
schlapp	neg 1.0	neg 1.0	neg 0.500974437048451 __DUMMY__ 0.4576492342137304 off 0.04137632873781855	false	1.0
abfall	neg 1.0		__DUMMY__ 0.9318579964897182 off 0.03479939365704231 neg 0.03334260985323945	false	0.5
widerspenstig	neg 1.0		__DUMMY__ 0.9241358596297903 off 0.04050809198234384 neg 0.03535604838786598	false	0.5
abrupt	neg 1.0		__DUMMY__ 0.927537638619528 off 0.036735256272921936 neg 0.035727105107550075	false	0.5
unwirksam	neg 1.0		__DUMMY__ 0.9196240947976689 off 0.04179672227258027 neg 0.0385791829297508	false	0.5
angreifen	neg 1.0		__DUMMY__ 0.9287694118910603 off 0.03707413322321144 neg 0.03415645488572827	false	0.5
inkonsistent	neg 1.0		__DUMMY__ 0.9217663906132721 off 0.043264397004625796 neg 0.034969212382102044	false	0.5
abrutschen	neg 1.0		__DUMMY__ 0.9311808032837662 off 0.034526749651897164 neg 0.03429244706433663	false	0.5
unsicher	neg 1.0		__DUMMY__ 0.9258477744508278 off 0.041209393287371644 neg 0.03294283226180061	false	0.5
bauernkind	off 1.0	off 1.0	off 0.515804839774767 __DUMMY__ 0.45034708435984205 neg 0.03384807586539096	false	1.0
angreifer	neg 1.0		__DUMMY__ 0.9256820419639028 off 0.044511343847061666 neg 0.029806614189035574	false	0.5
trennen	neg 1.0		__DUMMY__ 0.9297633925018355 off 0.03659047547512113 neg 0.03364613202304338	false	0.5
schmutz	neg 1.0		__DUMMY__ 0.9276035128812601 off 0.04334017773900107 neg 0.02905630937973883	false	0.5
inkonsistenz	neg 1.0		__DUMMY__ 0.921619301399696 off 0.04550345147522003 neg 0.032877247125084004	false	0.5
erschreckend	neg 1.0		__DUMMY__ 0.9254061447847566 off 0.040827120621262133 neg 0.0337667345939813	false	0.5
ertrinken	neg 1.0		__DUMMY__ 0.9279904101490803 off 0.036530078693978986 neg 0.035479511156940674	false	0.5
pickelface	off 1.0		__DUMMY__ 0.9256460495064599 off 0.04166021153711925 neg 0.03269373895642091	false	1.0
seiner			__DUMMY__ 0.9293523149022249 off 0.03721187360288513 neg 0.03343581149488994	false	0.0
lauch	neg 1.0	neg 1.0	neg 0.5007471394692532 __DUMMY__ 0.4676462328413284 off 0.031606627689418354	false	1.0
unwichtig	neg 1.0		__DUMMY__ 0.9212580375537182 off 0.04543422227489647 neg 0.03330774017138533	false	0.5
steuerhinterziehung	neg 1.0		__DUMMY__ 0.9242424657287166 off 0.040962187331522404 neg 0.034795346939760975	false	0.5
schock	neg 1.0		__DUMMY__ 0.9260918961612896 off 0.039833014153757396 neg 0.03407508968495311	false	0.5
beule	neg 1.0		__DUMMY__ 0.9187393440798315 off 0.046947609984414586 neg 0.03431304593575392	false	0.5
vergelten	neg 1.0		__DUMMY__ 0.919027707610059 off 0.04987284778862145 neg 0.0310994446013195	false	0.5
verdorbenheit	neg 1.0		__DUMMY__ 0.9251781113974461 off 0.04175528515560802 neg 0.03306660344694592	false	0.5
trauma	neg 1.0		__DUMMY__ 0.9234219417028301 off 0.04247011613265017 neg 0.03410794216451963	false	0.5
sinnlos	neg 1.0		__DUMMY__ 0.9236068123168282 off 0.04299773360799457 neg 0.03339545407517721	false	0.5
fettsack	off 1.0	off 1.0	off 0.5169770120449371 __DUMMY__ 0.4511349414322684 neg 0.031888046522794505	false	1.0
feige	off 1.0	off 1.0	off 0.5124990986109746 __DUMMY__ 0.4563449868454621 neg 0.03115591454356323	false	1.0
abdanken	neg 1.0		__DUMMY__ 0.9258338110664274 off 0.04125145818141759 neg 0.03291473075215512	false	0.5
wichtigtuer	off 1.0	off 1.0	off 0.5098991252682356 __DUMMY__ 0.45970043513802616 neg 0.030400439593738216	false	1.0
misslingen	neg 1.0		__DUMMY__ 0.9284525268493599 off 0.04213699106362162 neg 0.02941048208701847	false	0.5
untreu	off 1.0		__DUMMY__ 0.9195565266200552 off 0.046497790177434384 neg 0.03394568320251053	false	1.0
missmutig	neg 1.0		__DUMMY__ 0.9210455154040895 off 0.04426034227677683 neg 0.03469414231913371	false	0.5
hurenbock	off 1.0		__DUMMY__ 0.9221199219657443 off 0.04119340624911176 neg 0.036686671785143864	false	1.0
betrunken	neg 1.0		__DUMMY__ 0.918245698911025 off 0.04782077473282884 neg 0.033933526356146056	false	0.5
korrupt	off 1.0		__DUMMY__ 0.9234875110504809 off 0.040721058295615675 neg 0.03579143065390338	false	1.0
unmut	neg 1.0		__DUMMY__ 0.9299917394973348 off 0.036048650370521594 neg 0.033959610132143665	false	0.5
hackfresse	off 1.0		__DUMMY__ 0.9140953802300578 off 0.052637901003616504 neg 0.033266718766325656	false	1.0
aufblasen	neg 1.0		__DUMMY__ 0.9239876393679655 off 0.0413665759633399 neg 0.03464578466869461	false	0.5
gewaltsam	neg 1.0		__DUMMY__ 0.9272308446545271 off 0.04099359611783966 neg 0.03177555922763334	false	0.5
unbeliebtheit	neg 1.0		__DUMMY__ 0.9210681065984266 off 0.04661620328581023 neg 0.03231569011576313	false	0.5
sturheit	neg 1.0		__DUMMY__ 0.9269463264007731 off 0.040818256589300946 neg 0.03223541700992593	false	0.5
kuh	neg 1.0		__DUMMY__ 0.9169097778136088 off 0.04356753714208482 neg 0.03952268504430631	false	0.5
erschrecken	neg 1.0		__DUMMY__ 0.9218945681242728 off 0.04463754789935618 neg 0.03346788397637091	false	0.5
opfer	neg 1.0		__DUMMY__ 0.9293772213731425 off 0.03853938474365526 neg 0.03208339388320234	false	0.5
sinken	neg 1.0		__DUMMY__ 0.928023502687098 off 0.03637047823786708 neg 0.035606019075034946	false	0.5
stinktier	neg 1.0		__DUMMY__ 0.9123013164032053 off 0.05084952934603505 neg 0.036849154250759665	false	0.5
tucke	off 1.0		__DUMMY__ 0.9095567419315712 off 0.0543604061867793 neg 0.03608285188164955	false	1.0
ein			__DUMMY__ 0.9228829770507575 off 0.04032719260157207 neg 0.03678983034767049	false	0.0
abstieg	neg 1.0		__DUMMY__ 0.9304346358456828 off 0.039576867743990225 neg 0.029988496410327026	false	0.5
missverstehen	neg 1.0		__DUMMY__ 0.9227485614418244 off 0.04378977313343344 neg 0.033461665424742146	false	0.5
ergebnislos	neg 1.0		__DUMMY__ 0.9304083650677683 off 0.038301953173206366 neg 0.03128968175902541	false	0.5
unter			__DUMMY__ 0.9364758020010474 neg 0.03243880686543242 off 0.03108539113352025	false	0.0
manipulieren	neg 1.0		__DUMMY__ 0.9289051367589238 off 0.03785470027454949 neg 0.033240162966526626	false	0.5
unbewiesen	neg 1.0		__DUMMY__ 0.9232097278305372 off 0.04271691387768776 neg 0.03407335829177504	false	0.5
verschleppen	neg 1.0		__DUMMY__ 0.9264952180969945 off 0.03927107764394832 neg 0.03423370425905716	false	0.5
weib	off 1.0		__DUMMY__ 0.9116485325868728 off 0.05459445801694899 neg 0.03375700939617822	false	1.0
opposition	neg 1.0		__DUMMY__ 0.9224122069171589 off 0.042488714192491776 neg 0.035099078890349446	false	0.5
verkehrswidrig	neg 1.0		__DUMMY__ 0.9212499299941039 off 0.04976424085131482 neg 0.028985829154581245	false	0.5
inkorrekt	neg 1.0		__DUMMY__ 0.9177486369800283 off 0.049044699751566626 neg 0.033206663268405066	false	0.5
vermeiden	neg 1.0		__DUMMY__ 0.9332859973137527 off 0.033888968682665145 neg 0.03282503400358208	false	0.5
abweichung	neg 1.0		__DUMMY__ 0.9276609304435911 off 0.039395642041076456 neg 0.03294342751533239	false	0.5
alkoholisiert	neg 1.0		__DUMMY__ 0.9331755373525035 off 0.03631895679254849 neg 0.030505505854947986	false	0.5
scheiss	off 1.0	off 1.0	off 0.5128625022628461 __DUMMY__ 0.45577273440621074 neg 0.031364763330943124	false	1.0
herausforderung	neg 1.0		__DUMMY__ 0.9270874617300997 off 0.03927782395596536 neg 0.033634714313934916	false	0.5
pervers	off 1.0		__DUMMY__ 0.9102575860710788 off 0.056510884517789434 neg 0.03323152941113187	false	1.0
wackelig	neg 1.0		__DUMMY__ 0.9274625787751193 off 0.03876547877265033 neg 0.033771942452230405	false	0.5
verwickeln	neg 1.0		__DUMMY__ 0.9229375549511829 off 0.043081734303316604 neg 0.033980710745500485	false	0.5
vorwand	neg 1.0		__DUMMY__ 0.9294266004286146 off 0.036654321350816185 neg 0.03391907822056924	false	0.5
muschi	off 1.0		__DUMMY__ 0.9273387560250506 off 0.040740394987920446 neg 0.03192084898702896	false	1.0
entmutigung	neg 1.0		__DUMMY__ 0.9193083017820404 off 0.04381689634107384 neg 0.03687480187688579	false	0.5
unangemessen	neg 1.0		__DUMMY__ 0.9261967833851911 off 0.04049756563129264 neg 0.033305650983516316	false	0.5
unstetig	neg 1.0		__DUMMY__ 0.9231037013651127 off 0.04445527941623847 neg 0.032441019218648906	false	0.5
entmutigen	neg 1.0		__DUMMY__ 0.9238069471126535 off 0.04207551396034582 neg 0.03411753892700075	false	0.5
schwanz	neg 1.0		__DUMMY__ 0.9283238991398994 off 0.038765192538271244 neg 0.03291090832182939	false	0.5
verbot	neg 1.0		__DUMMY__ 0.9248361100341366 off 0.04040759462946822 neg 0.034756295336395175	false	0.5
leid	neg 1.0		__DUMMY__ 0.9166915027551085 off 0.05010145324780155 neg 0.033207043997089965	false	0.5
archaisch	neg 1.0		__DUMMY__ 0.9259244557646844 off 0.04018517642512346 neg 0.03389036781019218	false	0.5
gegen			__DUMMY__ 0.931047486233908 off 0.0365034525579417 neg 0.032449061208150304	false	0.0
scheidung	neg 1.0		__DUMMY__ 0.9112421776782947 off 0.0595547271725827 neg 0.02920309514912257	false	0.5
einschlag	neg 1.0		__DUMMY__ 0.9214649170520537 off 0.04898163874554913 neg 0.029553444202397174	false	0.5
m			__DUMMY__ 0.9271616368487082 off 0.03929231727087212 neg 0.03354604588041966	false	0.0
abgestanden	neg 1.0		__DUMMY__ 0.9193208430935997 off 0.040704263297921865 neg 0.039974893608478355	false	0.5
schmierig	off 1.0		__DUMMY__ 0.9158325962378465 off 0.04991513353910989 neg 0.03425227022304362	false	1.0
unpraktisch	neg 1.0		__DUMMY__ 0.9247441990075351 off 0.04208214367240126 neg 0.03317365732006356	false	0.5
wixxer	off 1.0		__DUMMY__ 0.9087614043734048 off 0.056879803030896146 neg 0.03435879259569902	false	1.0
bezeichnet			__DUMMY__ 0.9255500769645124 off 0.04168356891220707 neg 0.0327663541232805	false	0.0
jammerlappen	off 1.0		__DUMMY__ 0.9206688092741111 off 0.04570953500909638 neg 0.03362165571679254	false	1.0
farce	neg 1.0		__DUMMY__ 0.9232702469978268 off 0.04173322910277584 neg 0.034996523899397426	false	0.5
zwecklos	neg 1.0		__DUMMY__ 0.926022339103893 off 0.03970257019224842 neg 0.03427509070385857	false	0.5
turbulent	neg 1.0		__DUMMY__ 0.9185964924668871 off 0.04730937925662321 neg 0.034094128276489756	false	0.5
invasion	neg 1.0		__DUMMY__ 0.9228694218511838 off 0.04348441309266568 neg 0.03364616505615047	false	0.5
schuld	neg 1.0		__DUMMY__ 0.9240076278202366 off 0.042489068885354635 neg 0.03350330329440875	false	0.5
risiko	neg 1.0		__DUMMY__ 0.9215452992990096 off 0.043197883817519184 neg 0.03525681688347114	false	0.5
finster	neg 1.0		__DUMMY__ 0.9230282627049166 off 0.040392774994331214 neg 0.036578962300752256	false	0.5
geisteskrank	off 1.0		__DUMMY__ 0.9187311357570885 off 0.047943496767882086 neg 0.03332536747502942	false	1.0
zusammenbrechen	neg 1.0		__DUMMY__ 0.9254912863359845 off 0.03980949089911036 neg 0.03469922276490514	false	0.5
ausbeute	neg 1.0		__DUMMY__ 0.9280679858950981 off 0.03995239648409287 neg 0.03197961762080905	false	0.5
hinterhalt	neg 1.0		__DUMMY__ 0.9269810406852198 off 0.039807560007382246 neg 0.03321139930739803	false	0.5
kritik	neg 1.0		__DUMMY__ 0.9234599657576752 off 0.041542570372399085 neg 0.034997463869925756	false	0.5
einschrumpfen	neg 1.0		__DUMMY__ 0.9195014083048891 off 0.04586910022709034 neg 0.03462949146802052	false	0.5
riskant	neg 1.0		__DUMMY__ 0.9280780458264299 off 0.03767176040566344 neg 0.03425019376790663	false	0.5
frustrieren	neg 1.0		__DUMMY__ 0.9269137778078409 off 0.038455476371965204 neg 0.03463074582019392	false	0.5
groll	neg 1.0		__DUMMY__ 0.9272163328782415 off 0.039837684798599636 neg 0.032945982323158915	false	0.5
gibt			__DUMMY__ 0.9268163588015955 off 0.039473389515603696 neg 0.03371025168280076	false	0.0
qualvoll	neg 1.0		__DUMMY__ 0.9227269649265569 off 0.04295967259091815 neg 0.03431336248252486	false	0.5
wackeln	neg 1.0		__DUMMY__ 0.9246606521230729 off 0.0409935928271517 neg 0.034345755049775294	false	0.5
klagen	neg 1.0		__DUMMY__ 0.928578006959046 off 0.03693189988000435 neg 0.03449009316094962	false	0.5
bankrott	neg 1.0		__DUMMY__ 0.9227008571456897 off 0.04490810788216481 neg 0.03239103497214546	false	0.5
trauern	neg 1.0		__DUMMY__ 0.9317623846845463 off 0.03752321240491847 neg 0.030714402910535184	false	0.5
ablehnung	neg 1.0		__DUMMY__ 0.9240988926728032 off 0.04102715253533738 neg 0.03487395479185937	false	0.5
stur	neg 1.0		__DUMMY__ 0.9229931708469876 off 0.0424621247419693 neg 0.03454470441104307	false	0.5
aufruhr	neg 1.0		__DUMMY__ 0.9240956584440284 off 0.0415840830084043 neg 0.034320258547567324	false	0.5
melancholie	neg 1.0		__DUMMY__ 0.9260755258928856 neg 0.03708040990439768 off 0.03684406420271682	false	1.0
ist			__DUMMY__ 0.9235562566885461 off 0.042787700827363453 neg 0.03365604248409034	false	0.0
torheit	neg 1.0		__DUMMY__ 0.924094338122678 off 0.04262229112709751 neg 0.03328337075022449	false	0.5
dreckskind	off 1.0		__DUMMY__ 0.9130054158853085 off 0.05374788631307283 neg 0.03324669780161865	false	1.0
umtauschen	neg 1.0		__DUMMY__ 0.9254123897163855 off 0.040218907273605026 neg 0.03436870301000949	false	0.5
zum			__DUMMY__ 0.9360568356167551 off 0.03387912017504731 neg 0.03006404420819756	false	0.0
zersetzen	neg 1.0		__DUMMY__ 0.9270149420902332 off 0.03761521304456156 neg 0.03536984486520525	false	0.5
zur			__DUMMY__ 0.9332748604626516 off 0.03426103854803128 neg 0.03246410098931705	false	0.0
frust	neg 1.0		__DUMMY__ 0.9256908076097807 off 0.039665573092206585 neg 0.03464361929801268	false	0.5
unerbittlichkeit	neg 1.0		__DUMMY__ 0.9289829676271465 off 0.038260410475422765 neg 0.032756621897430775	false	0.5
zwei			__DUMMY__ 0.9329960680502015 off 0.03351346304846192 neg 0.03349046890133658	false	0.0
unkorrekt	neg 1.0		__DUMMY__ 0.9186108913478019 off 0.04773994591729478 neg 0.03364916273490325	false	0.5
hexe	off 1.0		__DUMMY__ 0.9182733056685235 off 0.04500904760901822 neg 0.03671764672245826	false	1.0
lasch	neg 1.0		__DUMMY__ 0.9211435274053805 off 0.04506119873949509 neg 0.03379527385512439	false	0.5
rivale	neg 1.0		__DUMMY__ 0.9190235694651518 off 0.04878773230130633 neg 0.032188698233541854	false	0.5
mutlos	off 1.0	off 1.0	off 0.5058452690056959 __DUMMY__ 0.46324763967152327 neg 0.0309070913227808	false	1.0
wirr	off 1.0		__DUMMY__ 0.9162465968812971 off 0.04942375625654803 neg 0.034329646862154894	false	1.0
jahr			__DUMMY__ 0.9331247423747147 off 0.03709002193455302 neg 0.02978523569073227	false	0.0
wird			__DUMMY__ 0.927647258420565 off 0.038855104814633834 neg 0.03349763676480131	false	0.0
strafbar	neg 1.0		__DUMMY__ 0.9284072354433938 off 0.03816379848161941 neg 0.03342896607498692	false	0.5
erosion	neg 1.0		__DUMMY__ 0.9255878245820565 off 0.04128460055104774 neg 0.03312757486689588	false	0.5
eingehen	neg 1.0		__DUMMY__ 0.9267604723105716 off 0.03834605384777883 neg 0.03489347384164957	false	0.5
faul	off 1.0		__DUMMY__ 0.9220034680662331 off 0.044549757058668545 neg 0.033446774875098256	false	1.0
provisorium	neg 1.0		__DUMMY__ 0.9369889563634193 neg 0.03200717067611414 off 0.031003872960466534	false	1.0
schmerzen	neg 1.0		__DUMMY__ 0.9243274000086668 off 0.03972882022697833 neg 0.035943779764354894	false	0.5
schrumpfen	neg 1.0		__DUMMY__ 0.9294663764723401 neg 0.03604655456111496 off 0.03448706896654488	false	1.0
geistlos	off 1.0		__DUMMY__ 0.9211751285946728 off 0.04424150562911981 neg 0.03458336577620739	false	1.0
fehlkauf	neg 1.0		__DUMMY__ 0.9225339992139089 off 0.043534901876429284 neg 0.03393109890966188	false	0.5
frustrierend	neg 1.0		__DUMMY__ 0.9214893258405753 off 0.04463752887884726 neg 0.033873145280577416	false	0.5
unzufrieden	neg 1.0		__DUMMY__ 0.9265493866244726 off 0.03954000547704756 neg 0.033910607898479835	false	0.5
verzweifeln	neg 1.0		__DUMMY__ 0.9257735038417119 off 0.04052832595844795 neg 0.03369817019984015	false	0.5
verzweifelt	neg 1.0		__DUMMY__ 0.9229752204394422 off 0.04252271017645664 neg 0.034502069384101074	false	0.5
misstrauensantrag	neg 1.0		__DUMMY__ 0.9227324042419649 off 0.0428478718974074 neg 0.03441972386062761	false	0.5
abfallen	neg 1.0		__DUMMY__ 0.9241466965217153 off 0.0410523098152379 neg 0.03480099366304683	false	0.5
fucker	off 1.0		__DUMMY__ 0.9187548425740858 off 0.04861254759980653 neg 0.0326326098261076	false	1.0
ungezogen	neg 1.0		__DUMMY__ 0.9126728750008604 off 0.0544597701706837 neg 0.03286735482845587	false	0.5
irrsinnig	neg 1.0	neg 1.0	neg 0.5011627341380667 __DUMMY__ 0.4603498551723415 off 0.03848741068959175	false	1.0
unfassbar	neg 1.0		__DUMMY__ 0.9206352576312321 off 0.04641788141527011 neg 0.0329468609534979	false	0.5
hart	neg 1.0		__DUMMY__ 0.9180137870460819 off 0.04647017550959742 neg 0.03551603744432062	false	0.5
widerlich	off 1.0		__DUMMY__ 0.9197143531451425 off 0.0469081479745393 neg 0.033377498880318206	false	1.0
fatal	neg 1.0	neg 1.0	neg 0.5032598986832331 __DUMMY__ 0.45687135747287905 off 0.03986874384388786	false	1.0
bruch	neg 1.0		__DUMMY__ 0.9300100330649008 off 0.03570960344449779 neg 0.03428036349060146	false	0.5
aushungern	neg 1.0		__DUMMY__ 0.9245187524012686 off 0.04065686529705123 neg 0.03482438230168027	false	0.5
anspannung	neg 1.0		__DUMMY__ 0.9340683713855036 off 0.033836283571979126 neg 0.032095345042517244	false	0.5
von			__DUMMY__ 0.9296562252831211 off 0.03659151606752496 neg 0.03375225864935404	false	0.0
kraftlos	neg 1.0		__DUMMY__ 0.9266705835147795 off 0.038856290767120105 neg 0.034473125718100406	false	0.5
vom			__DUMMY__ 0.9378738044540241 off 0.03126554657669149 neg 0.030860648969284397	false	0.0
grenzdebil	off 1.0		__DUMMY__ 0.9192208715146742 off 0.046642629535311744 neg 0.03413649895001396	false	1.0
vor			__DUMMY__ 0.9302566310512052 off 0.03584639116577004 neg 0.033896977783024834	false	0.0
unterwerfen	neg 1.0		__DUMMY__ 0.9285245613153744 off 0.03865220555241673 neg 0.032823233132208855	false	0.5
versenkung	neg 1.0		__DUMMY__ 0.9288087478249044 off 0.038324763185522054 neg 0.03286648898957353	false	0.5
entziehen	neg 1.0		__DUMMY__ 0.9295965286030037 off 0.03662188121161452 neg 0.033781590185381835	false	0.5
finanzkrise	neg 1.0		__DUMMY__ 0.9191341831902464 off 0.041244403565964725 neg 0.039621413243788754	false	0.5
schimpfend	neg 1.0		__DUMMY__ 0.9262154580283932 off 0.04142870527812234 neg 0.03235583669348436	false	0.5
profan	neg 1.0		__DUMMY__ 0.92228352977021 off 0.043293362200152403 neg 0.03442310802963762	false	0.5
korruption	neg 1.0		__DUMMY__ 0.9241585678330295 off 0.04000322764108393 neg 0.0358382045258865	false	0.5
â			__DUMMY__ 0.9274012415628863 off 0.03876244739677411 neg 0.03383631104033951	false	0.0
schmutzig	neg 1.0		__DUMMY__ 0.9189751599319882 off 0.046774381982011566 neg 0.03425045808600015	false	0.5
sexy	neg 1.0		__DUMMY__ 0.9227836374143151 off 0.04451732410664952 neg 0.03269903847903547	false	0.5
abraten	neg 1.0		__DUMMY__ 0.924074088786842 off 0.042797711704360815 neg 0.0331281995087971	false	0.5
schwarz	neg 1.0		__DUMMY__ 0.9236752688224416 off 0.0432241240297663 neg 0.03310060714779214	false	0.5
fotze	off 1.0	off 1.0	off 0.5060113281054407 __DUMMY__ 0.46414874529563155 neg 0.029839926598927913	false	1.0
verwirren	neg 1.0		__DUMMY__ 0.922707382263757 off 0.04356586197078945 neg 0.03372675576545356	false	0.5
zahnlos	off 1.0		__DUMMY__ 0.9258026943134264 off 0.040389406034944855 neg 0.03380789965162869	false	1.0
verheeren	neg 1.0		__DUMMY__ 0.9117074123507065 off 0.055871647078935625 neg 0.032420940570357874	false	0.5
hippie	neg 1.0		__DUMMY__ 0.922408185912331 off 0.04433364473119511 neg 0.033258169356473834	false	0.5
rammen	neg 1.0		__DUMMY__ 0.9262624948383062 off 0.041210461178585116 neg 0.03252704398310855	false	0.5
unlauter	neg 1.0		__DUMMY__ 0.9223444960761711 off 0.04319635244275142 neg 0.03445915148107751	false	0.5
unheilvoll	neg 1.0		__DUMMY__ 0.9235820819396617 off 0.04192637100815879 neg 0.034491547052179584	false	0.5
niedrig	neg 1.0		__DUMMY__ 0.9254452113160005 off 0.03867036831621935 neg 0.035884420367779994	false	0.5
explosion	neg 1.0		__DUMMY__ 0.9230829243541067 off 0.04411665798108983 neg 0.0328004176648035	false	0.5
weichei	off 1.0	off 1.0	off 0.5164848524484367 __DUMMY__ 0.4511877993581219 neg 0.03232734819344142	false	1.0
minusmensch	off 1.0		__DUMMY__ 0.9114781692836804 off 0.055928215136386905 neg 0.03259361557993274	false	1.0
farblos	neg 1.0		__DUMMY__ 0.9247763121236494 off 0.041758497835921435 neg 0.03346519004042921	false	0.5
unwissend	neg 1.0	neg 1.0	neg 0.501213375710877 __DUMMY__ 0.45736147451341996 off 0.04142514977570313	false	1.0
traurig	neg 1.0		__DUMMY__ 0.9186639635334832 off 0.048530496755692605 neg 0.03280553971082417	false	0.5
senkung	neg 1.0		__DUMMY__ 0.918498951554424 off 0.04375755427774929 neg 0.037743494167826776	false	0.5
ungleich	neg 1.0	neg 1.0	neg 0.5013026845331054 __DUMMY__ 0.4634092688947558 off 0.035288046572138757	false	1.0
heikel	neg 1.0		__DUMMY__ 0.9281942725723672 off 0.03777063351716755 neg 0.03403509391046536	false	0.5
drosselung	neg 1.0		__DUMMY__ 0.916975749373523 off 0.04669074403797759 neg 0.03633350658849938	false	0.5
falsch	neg 1.0		__DUMMY__ 0.9225623543715188 off 0.0446817241263582 neg 0.032755921502123	false	0.5
unzufriedenheit	neg 1.0		__DUMMY__ 0.9269135999331094 off 0.03777123104878344 neg 0.0353151690181071	false	0.5
kurz	neg 1.0		__DUMMY__ 0.9279614530053797 off 0.03924369843387335 neg 0.032794848560747054	false	0.5
unsinnig	neg 1.0		__DUMMY__ 0.9240618587993786 off 0.04078640137066445 neg 0.03515173982995697	false	0.5
penner	off 1.0	off 1.0	off 0.5180446457244975 __DUMMY__ 0.45070979966405345 neg 0.031245554611449015	false	1.0
seicht	neg 1.0		__DUMMY__ 0.9102040579154864 off 0.05419732651672053 neg 0.03559861556779307	false	0.5
dummheit	off 1.0	off 1.0	off 0.5101108400504275 __DUMMY__ 0.4581600943860857 neg 0.03172906556348689	false	1.0
unerfreulich	neg 1.0		__DUMMY__ 0.9286766252272367 off 0.037453362611727284 neg 0.03387001216103604	false	0.5
motherfucker	off 1.0	off 1.0	off 0.5139495810045657 __DUMMY__ 0.45570440458666006 neg 0.030346014408774352	false	1.0
pikiert	neg 1.0		__DUMMY__ 0.9194914171265517 off 0.04600453697104354 neg 0.034504045902404835	false	0.5
wrack	neg 1.0		__DUMMY__ 0.9321653917834782 off 0.03905871320177984 neg 0.028775895014741888	false	0.5
gangster	neg 1.0		__DUMMY__ 0.9221627920550073 off 0.04446211035891902 neg 0.033375097586073724	false	0.5
krank	neg 1.0		__DUMMY__ 0.9205091731038582 off 0.04642928028724762 neg 0.03306154660889422	false	0.5
reich	neg 1.0		__DUMMY__ 0.9178516902997343 off 0.044823278591049294 neg 0.037325031109216346	false	0.5
gnadenlos	neg 1.0		__DUMMY__ 0.9247389634426911 off 0.04228270539636174 neg 0.032978331160947054	false	0.5
niedergeschlagen	neg 1.0		__DUMMY__ 0.9277856017339877 off 0.039037216242231935 neg 0.0331771820237804	false	0.5
terrorisieren	off 1.0	off 1.0	off 0.5048942603040354 __DUMMY__ 0.4642299071457427 neg 0.030875832550221985	false	1.0
sinnlosigkeit	neg 1.0		__DUMMY__ 0.9263459694644008 off 0.0399091901498262 neg 0.03374484038577288	false	0.5
behindern	neg 1.0		__DUMMY__ 0.9248293201170077 off 0.0409539296946879 neg 0.034216750188304446	false	0.5
undemokratisch	neg 1.0		__DUMMY__ 0.9219732024198178 off 0.043712806669297354 neg 0.03431399091088479	false	0.5
wirtschaftskrise	neg 1.0		__DUMMY__ 0.9234474597125926 off 0.03969242496616549 neg 0.036860115321242	false	0.5
neid	neg 1.0		__DUMMY__ 0.9219116460981732 off 0.0439043613589042 neg 0.034183992542922516	false	0.5
rutschen	neg 1.0		__DUMMY__ 0.9328469960151469 neg 0.03389843077199019 off 0.03325457321286299	false	1.0
rezession	neg 1.0		__DUMMY__ 0.9125879780431652 off 0.04907718272712011 neg 0.03833483922971483	false	0.5
fehlgeburt	neg 1.0		__DUMMY__ 0.9262521606948881 off 0.04109672443630469 neg 0.032651114868807195	false	0.5
charakterschwach	off 1.0		__DUMMY__ 0.9194526413752787 off 0.04659345222259429 neg 0.033953906402126977	false	1.0
isolation	neg 1.0		__DUMMY__ 0.9231480477839993 off 0.044509203380078216 neg 0.03234274883592242	false	0.5
ablenkung	neg 1.0		__DUMMY__ 0.926030252277963 off 0.04097449722652687 neg 0.03299525049551009	false	0.5
pech	neg 1.0		__DUMMY__ 0.9211990235595074 off 0.04447343105122953 neg 0.03432754538926302	false	0.5
vermeidung	neg 1.0		__DUMMY__ 0.9188197496095014 off 0.046511982473459085 neg 0.03466826791703949	false	0.5
dominieren	neg 1.0		__DUMMY__ 0.9265508865876456 off 0.040065985736961546 neg 0.033383127675392775	false	0.5
schwindlig	neg 1.0		__DUMMY__ 0.923029487156763 off 0.042425503676344324 neg 0.03454500916689255	false	0.5
lutscher	neg 1.0		__DUMMY__ 0.9093754905900536 off 0.055412639664945466 neg 0.03521186974500095	false	0.5
pflicht	neg 1.0		__DUMMY__ 0.9300967979088756 off 0.036764273546433586 neg 0.03313892854469091	false	0.5
faschist	off 1.0		__DUMMY__ 0.9220671619306797 off 0.04490054740850202 neg 0.03303229066081822	false	1.0
verschleudern	neg 1.0		__DUMMY__ 0.9237635905616768 off 0.03855247380368697 neg 0.03768393563463629	false	0.5
wenn			__DUMMY__ 0.9205085515511084 off 0.045451850153101075 neg 0.03403959829579048	false	0.0
ehebruch	neg 1.0		__DUMMY__ 0.9265344259170722 off 0.03918665468492308 neg 0.034278919398004676	false	0.5
spott	off 1.0		__DUMMY__ 0.9282065874640393 off 0.03904511941219471 neg 0.03274829312376598	false	1.0
trostlosigkeit	neg 1.0		__DUMMY__ 0.9278902669861173 off 0.03667901929117273 neg 0.03543071372271003	false	0.5
lutschen	neg 1.0		__DUMMY__ 0.9227796939008467 off 0.044826309577720054 neg 0.03239399652143334	false	0.5
undiszipliniert	neg 1.0		__DUMMY__ 0.9186370744407323 off 0.04784950519576692 neg 0.03351342036350078	false	0.5
kopfschmerz	neg 1.0		__DUMMY__ 0.9243626460624982 off 0.038089965431364205 neg 0.037547388506137654	false	0.5
unvorhergesehen	neg 1.0		__DUMMY__ 0.9306108737543586 off 0.03615533784267416 neg 0.03323378840296727	false	0.5
desinteressiert	neg 1.0		__DUMMY__ 0.9188409410990002 off 0.04743165467810342 neg 0.033727404222896405	false	0.5
armselig	off 1.0		__DUMMY__ 0.9175150202164061 off 0.049499172924869425 neg 0.03298580685872448	false	1.0
desaster	neg 1.0		__DUMMY__ 0.9284351954161144 off 0.03634488895796338 neg 0.03521991562592219	false	0.5
tod	neg 1.0		__DUMMY__ 0.9287944372168824 off 0.037840648897677 neg 0.03336491388544063	false	0.5
herzlos	neg 1.0		__DUMMY__ 0.9175709122734212 off 0.04890741040391354 neg 0.033521677322665186	false	0.5
unwissenheit	neg 1.0		__DUMMY__ 0.9264276009270423 off 0.039617040243952836 neg 0.03395535882900483	false	0.5
widersinnig	neg 1.0		__DUMMY__ 0.9227873672760548 off 0.04100263653163093 neg 0.03620999619231432	false	0.5
bedenklich	neg 1.0		__DUMMY__ 0.926340212960839 off 0.03891819688613672 neg 0.03474159015302424	false	0.5
beanstanden	neg 1.0		__DUMMY__ 0.9303643263003297 off 0.03724184007327556 neg 0.03239383362639473	false	0.5
panisch	neg 1.0		__DUMMY__ 0.9243137752191026 off 0.04256657114900329 neg 0.03311965363189409	false	0.5
debil	off 1.0		__DUMMY__ 0.9353000697587341 neg 0.03326726265526111 off 0.031432667586004714	false	0.5
abstrich	neg 1.0		__DUMMY__ 0.9276449498867241 off 0.038920793345229666 neg 0.033434256768046296	false	0.5
primitiv	neg 1.0		__DUMMY__ 0.919107004498576 off 0.04766777701648097 neg 0.03322521848494315	false	0.5
abschaum	off 1.0	off 1.0	off 0.5122298812850766 __DUMMY__ 0.45852791529999615 neg 0.029242203414927177	false	1.0
provozieren	neg 1.0		__DUMMY__ 0.9235641600196329 off 0.04229604856848946 neg 0.03413979141187758	false	0.5
tot	neg 1.0		__DUMMY__ 0.9276959762674408 off 0.03898389310326819 neg 0.03332013062929092	false	0.5
instabil	neg 1.0		__DUMMY__ 0.9153254143646755 off 0.049708594234572655 neg 0.03496599140075179	false	0.5
schwuchtel	off 1.0	off 1.0	off 0.5239430482201202 __DUMMY__ 0.4455572029907205 neg 0.030499748789159287	false	1.0
zerren	neg 1.0		__DUMMY__ 0.9275421021621847 off 0.03913531454573406 neg 0.03332258329208134	false	0.5
kinderficker	off 1.0		__DUMMY__ 0.9154784976709577 off 0.05148814970102121 neg 0.03303335262802113	false	1.0
gefahr	neg 1.0		__DUMMY__ 0.929779873230725 off 0.03712424263283019 neg 0.03309588413644478	false	0.5
rabiat	neg 1.0		__DUMMY__ 0.9242342049913339 off 0.04076545610318645 neg 0.03500033890547965	false	0.5
verlangsamung	neg 1.0		__DUMMY__ 0.912800895399073 off 0.05301916347899483 neg 0.03417994112193211	false	0.5
ausgestorben	neg 1.0		__DUMMY__ 0.9264547514398909 off 0.04034992627230214 neg 0.033195322287806986	false	0.5
anklagen	neg 1.0		__DUMMY__ 0.9263071566096492 off 0.04018221045207891 neg 0.033510632938271834	false	0.5
trott	neg 1.0		__DUMMY__ 0.9252974293043399 off 0.041168772535654305 neg 0.033533798160005776	false	0.5
verminderung	neg 1.0		__DUMMY__ 0.9188350547976868 off 0.046480688829151254 neg 0.03468425637316196	false	0.5
nach			__DUMMY__ 0.9352036094539059 neg 0.032537883190191526 off 0.03225850735590263	false	0.0
rost	neg 1.0		__DUMMY__ 0.9160435181268475 off 0.05377658542411617 neg 0.030179896449036372	false	0.5
destruktiv	neg 1.0		__DUMMY__ 0.9241706507481136 off 0.04137499525135152 neg 0.03445435400053494	false	0.5
unzumutbarkeit	neg 1.0		__DUMMY__ 0.921244692057076 off 0.0465399722241317 neg 0.03221533571879231	false	0.5
labil	off 1.0	off 1.0	off 0.5116966881176609 __DUMMY__ 0.4576626375236586 neg 0.030640674358680526	false	1.0
ziemlich	neg 1.0		__DUMMY__ 0.9214212334497037 off 0.04608422961348078 neg 0.032494536936815525	false	0.5
lachnummer	off 1.0		__DUMMY__ 0.9248838659278594 off 0.04203550670513334 neg 0.03308062736700731	false	1.0
oder			__DUMMY__ 0.9255118812161219 off 0.04151511145384672 neg 0.03297300733003142	false	0.0
verfall	neg 1.0		__DUMMY__ 0.929856147308486 neg 0.035613487404706955 off 0.03453036528680702	false	1.0
ausgrenzung	neg 1.0		__DUMMY__ 0.922019710594626 off 0.04358610118973707 neg 0.03439418821563703	false	0.5
unordnung	neg 1.0		__DUMMY__ 0.9179836624792246 off 0.04988968934371444 neg 0.032126648177060894	false	0.5
fehlverhalten	neg 1.0		__DUMMY__ 0.9280102517509312 off 0.03827105125823947 neg 0.03371869699082932	false	0.5
eine			__DUMMY__ 0.9289312642923967 off 0.036269972844341226 neg 0.03479876286326209	false	0.0
nille	neg 1.0		__DUMMY__ 0.9257336333985406 off 0.04169958290171115 neg 0.03256678369974816	false	0.5
qual	neg 1.0		__DUMMY__ 0.9252814203568568 off 0.040923492155345395 neg 0.03379508748779781	false	0.5
verschwenden	neg 1.0		__DUMMY__ 0.9265208451236728 off 0.03779860805226673 neg 0.03568054682406049	false	0.5
riesig	neg 1.0		__DUMMY__ 0.9295652032348977 off 0.03771629978511441 neg 0.03271849697998781	false	0.5
verurteilen	neg 1.0		__DUMMY__ 0.9261368213734784 off 0.04010448879080821 neg 0.03375868983571334	false	0.5
klischee	neg 1.0	neg 1.0	neg 0.5018790867122163 __DUMMY__ 0.457226299807503 off 0.04089461348028081	false	1.0
diktatorisch	neg 1.0		__DUMMY__ 0.9220708454156941 off 0.04383756950429388 neg 0.03409158508001205	false	0.5
vorhersehbar	neg 1.0		__DUMMY__ 0.921234543027392 off 0.044193264466821584 neg 0.034572192505786414	false	0.5
sowie			__DUMMY__ 0.9143737895804501 off 0.05083219098802502 neg 0.03479401943152491	false	0.0
stornieren	neg 1.0		__DUMMY__ 0.9272712837688033 off 0.04347347934930017 neg 0.029255236881896587	false	0.5
besteuerung	neg 1.0	neg 1.0	neg 0.5044328440684607 __DUMMY__ 0.4572398536184656 off 0.03832730231307374	false	1.0
ungeschminkt	neg 1.0		__DUMMY__ 0.919753892494521 off 0.0471576140268376 neg 0.03308849347864144	false	0.5
kritisch	neg 1.0		__DUMMY__ 0.9265253750151314 off 0.03971863815756049 neg 0.03375598682730803	false	0.5
schlamperei	off 1.0		__DUMMY__ 0.9277251865585565 off 0.03857473725336655 neg 0.033700076188076925	false	1.0
sucht	neg 1.0	neg 1.0	neg 0.4985987975827432 __DUMMY__ 0.4632714838277498 off 0.03812971858950689	false	1.0
egoistisch	off 1.0	off 1.0	off 0.5164005114808952 __DUMMY__ 0.4540015080609272 neg 0.02959798045817761	false	1.0
ausbeuter	off 1.0		__DUMMY__ 0.9258668540535993 off 0.03811554887219677 neg 0.03601759707420392	false	1.0
arschgeburt	off 1.0		__DUMMY__ 0.9068839899092239 off 0.05931525463550284 neg 0.03380075545527332	false	1.0
schubs	neg 1.0		__DUMMY__ 0.9257980504428618 off 0.03817282004064138 neg 0.036029129516496824	false	0.5
unsolide	neg 1.0		__DUMMY__ 0.9222186369704358 off 0.04402507957800806 neg 0.03375628345155618	false	0.5
beschwerde	neg 1.0		__DUMMY__ 0.9269416676807535 off 0.039891325575426094 neg 0.033167006743820435	false	0.5
stocken	neg 1.0		__DUMMY__ 0.927184217055736 off 0.038961741890202815 neg 0.03385404105406124	false	0.5
isolieren	neg 1.0		__DUMMY__ 0.9250578393611487 off 0.03985801414917153 neg 0.03508414648967982	false	0.5
unheilbar	neg 1.0		__DUMMY__ 0.9242906717590392 off 0.04164537787191181 neg 0.0340639503690489	false	0.5
pisser	off 1.0	off 1.0	off 0.5143828709278283 __DUMMY__ 0.45670329698509954 neg 0.02891383208707224	false	1.0
löschen	neg 1.0		__DUMMY__ 0.9247501315549195 off 0.04182286915344446 neg 0.033426999291636145	false	0.5
durchfallen	neg 1.0		__DUMMY__ 0.9269646898524271 off 0.039384987692385784 neg 0.033650322455187114	false	0.5
wichser	off 1.0	off 1.0	off 0.520549018203656 __DUMMY__ 0.44848833983807607 neg 0.030962641958267936	false	1.0
terror	neg 1.0		__DUMMY__ 0.9229301003718593 off 0.043916187778922845 neg 0.03315371184921787	false	0.5
krass	neg 1.0		__DUMMY__ 0.9168230832389228 off 0.049969746167595946 neg 0.033207170593481265	false	0.5
revolte	neg 1.0		__DUMMY__ 0.9187525545473814 off 0.045004325690442805 neg 0.036243119762175806	false	0.5
besorgt	neg 1.0		__DUMMY__ 0.928052989165241 off 0.039571268933126014 neg 0.03237574190163306	false	0.5
nachlassen	neg 1.0		__DUMMY__ 0.928719046616202 off 0.03857684949897256 neg 0.03270410388482555	false	0.5
alt	neg 1.0		__DUMMY__ 0.9232372005574178 neg 0.038880521465185294 off 0.03788227797739689	false	1.0
hundesohn	off 1.0	off 1.0	off 0.5200503644209589 __DUMMY__ 0.44976123436791254 neg 0.030188401211128514	false	1.0
als			__DUMMY__ 0.9253892510872561 off 0.03970960039928431 neg 0.0349011485134596	false	0.0
abschreckung	neg 1.0		__DUMMY__ 0.927849196240848 off 0.037609125133254914 neg 0.03454167862589705	false	0.5
unqualifiziert	neg 1.0		__DUMMY__ 0.9214879136168174 off 0.04537534671482463 neg 0.033136739668358006	false	0.5
abgewichst	off 1.0		__DUMMY__ 0.9261600831384748 off 0.040949662662514735 neg 0.0328902541990105	false	1.0
schwer	neg 1.0		__DUMMY__ 0.9245448550961071 off 0.040928507716686 neg 0.03452663718720694	false	0.5
bedeutungslosigkeit	neg 1.0		__DUMMY__ 0.9277539182440485 off 0.03801959486174544 neg 0.03422648689420607	false	0.5
kapitulation	neg 1.0		__DUMMY__ 0.9251250569794257 off 0.03954260175797362 neg 0.03533234126260076	false	0.5
unscharf	neg 1.0		__DUMMY__ 0.9198884673241668 off 0.042571918474635304 neg 0.037539614201197904	false	0.5
schwinden	neg 1.0		__DUMMY__ 0.9263343186219513 off 0.03806416808723198 neg 0.03560151329081682	false	0.5
versklavung	neg 1.0	neg 1.0	neg 0.5020271162731328 __DUMMY__ 0.4586413443690554 off 0.03933153935781175	false	1.0
schlecht	neg 1.0		__DUMMY__ 0.9215479780349578 off 0.04626682437424903 neg 0.032185197590793066	false	0.5
verhasst	neg 1.0		__DUMMY__ 0.9230303358147456 off 0.04290867598100202 neg 0.03406098820425241	false	0.5
beschweren	neg 1.0		__DUMMY__ 0.9243519627130423 off 0.043010005032232984 neg 0.03263803225472471	false	0.5
scheiden	neg 1.0		__DUMMY__ 0.924307392081047 off 0.04094977430171276 neg 0.034742833617240315	false	0.5
frustriert	neg 1.0		__DUMMY__ 0.9261221215252825 off 0.04027377138998377 neg 0.03360410708473374	false	0.5
schimmelig	neg 1.0		__DUMMY__ 0.9255663687983389 off 0.03809797041576 neg 0.03633566078590114	false	0.5
fisch	neg 1.0		__DUMMY__ 0.9263976030788976 neg 0.03825371716595516 off 0.03534867975514724	false	1.0
schmuggel	neg 1.0		__DUMMY__ 0.9310494601220569 off 0.036366778322386044 neg 0.03258376155555703	false	0.5
auffallen	neg 1.0		__DUMMY__ 0.9229817888022739 off 0.043359241068976075 neg 0.03365897012875002	false	0.5
konkurrenz	neg 1.0		__DUMMY__ 0.9289830079572706 off 0.03765755663498318 neg 0.03335943540774623	false	0.5
teufelskreis	neg 1.0	neg 1.0	neg 0.5034342071407544 __DUMMY__ 0.4592426850481484 off 0.03732310781109726	false	1.0
aufschreien	neg 1.0		__DUMMY__ 0.9215695412501297 off 0.04398222961533283 neg 0.03444822913453754	false	0.5
schuldner	neg 1.0		__DUMMY__ 0.925022657034058 off 0.0378578133021076 neg 0.037119529663834465	false	0.5
missgeburt	off 1.0	off 1.0	off 0.5183383616392668 __DUMMY__ 0.4539972122667987 neg 0.027664426093934467	false	1.0
arbeitslos	neg 1.0		__DUMMY__ 0.9267260550774029 off 0.03940336910785738 neg 0.033870575814739734	false	0.5
befallen	neg 1.0		__DUMMY__ 0.9223853430536938 off 0.04080433754887563 neg 0.036810319397430596	false	0.5
miesepetrig	off 1.0	off 1.0	off 0.5111219267163477 __DUMMY__ 0.4578270161070536 neg 0.031051057176598656	false	1.0
alarmieren	neg 1.0		__DUMMY__ 0.9216158029952896 off 0.04577503189915751 neg 0.03260916510555288	false	0.5
ungeduscht	off 1.0		__DUMMY__ 0.9212780160884774 off 0.04447450641867822 neg 0.03424747749284445	false	1.0
knappheit	neg 1.0		__DUMMY__ 0.9239258747390552 off 0.03967465269217548 neg 0.036399472568769284	false	0.5
schlange	neg 1.0		__DUMMY__ 0.9248287827694114 off 0.04143909493387674 neg 0.03373212229671187	false	0.5
harsch	neg 1.0		__DUMMY__ 0.9200069638947992 off 0.04972441016314444 neg 0.03026862594205633	false	0.5
lang	neg 1.0		__DUMMY__ 0.9242545999649935 off 0.042479130069617836 neg 0.03326626996538862	false	0.5
ziellos	neg 1.0		__DUMMY__ 0.9285845907001524 off 0.03786183184697863 neg 0.033553577452868986	false	0.5
selbstverliebt	neg 1.0		__DUMMY__ 0.9109630362626592 off 0.05650672084513812 neg 0.03253024289220265	false	0.5
beseitigen	neg 1.0		__DUMMY__ 0.9276011624118612 off 0.04113445447566553 neg 0.0312643831124733	false	0.5
dumm	off 1.0		__DUMMY__ 0.9146325641807153 off 0.052047179397523145 neg 0.03332025642176162	false	1.0
arbeitsloser	neg 1.0		__DUMMY__ 0.9298508046384064 off 0.039492139356510685 neg 0.0306570560050829	false	0.5
blitzen	neg 1.0		__DUMMY__ 0.9219806171186956 off 0.04481774317707923 neg 0.03320163970422516	false	0.5
hilflos	neg 1.0		__DUMMY__ 0.9265441745287153 off 0.03927974766735585 neg 0.03417607780392888	false	0.5
eklig	off 1.0		__DUMMY__ 0.9127840989111611 off 0.05236158159252255 neg 0.0348543194963163	false	1.0
begriff			__DUMMY__ 0.9253148549860931 off 0.041104940433265576 neg 0.03358020458064133	false	0.0
hungersnot	neg 1.0		__DUMMY__ 0.9243336684329607 off 0.039694302164591834 neg 0.03597202940244742	false	0.5
ungesetzlich	neg 1.0		__DUMMY__ 0.9213495728504043 off 0.043975831312953746 neg 0.03467459583664197	false	0.5
verschwendung	neg 1.0		__DUMMY__ 0.9276360597662766 off 0.037841791462260736 neg 0.034522148771462646	false	0.5
schmerzvoll	neg 1.0		__DUMMY__ 0.9226762636110869 off 0.04265267185372162 neg 0.03467106453519151	false	0.5
vorzeitig	neg 1.0		__DUMMY__ 0.9231939937169524 off 0.045731940860929146 neg 0.03107406542211831	false	0.5
unvollkommenheit	neg 1.0		__DUMMY__ 0.9270792211176381 off 0.03988995106173432 neg 0.03303082782062763	false	0.5
intervenieren	neg 1.0		__DUMMY__ 0.9253179274509539 off 0.03865929603460014 neg 0.03602277651444597	false	0.5
banause	off 1.0		__DUMMY__ 0.9094322439266566 off 0.05375068984145959 neg 0.03681706623188381	false	1.0
rebell	neg 1.0		__DUMMY__ 0.9289050521639519 neg 0.03687151024823908 off 0.034223437587809005	false	1.0
unlogisch	neg 1.0		__DUMMY__ 0.9182773055892727 off 0.04840351508712649 neg 0.03331917932360092	false	0.5
leiden	neg 1.0		__DUMMY__ 0.9321784422926541 off 0.0362028436064604 neg 0.03161871410088553	false	0.5
abschaffung	neg 1.0		__DUMMY__ 0.9225157014368865 off 0.04248006041696471 neg 0.0350042381461488	false	0.5
sturz	neg 1.0		__DUMMY__ 0.9273594799325419 off 0.043110300664956136 neg 0.02953021940250193	false	0.5
verkleinerung	neg 1.0		__DUMMY__ 0.9182999805077118 off 0.04526151086198962 neg 0.03643850863029861	false	0.5
schmarotzer	off 1.0		__DUMMY__ 0.9254765411819006 off 0.04021035555720028 neg 0.034313103260899015	false	1.0
bestrafung	neg 1.0	neg 1.0	neg 0.500185508212673 __DUMMY__ 0.46165422523373467 off 0.03816026655359232	false	1.0
achtlos	neg 1.0		__DUMMY__ 0.9259962593370205 off 0.040125861385251614 neg 0.0338778792777279	false	0.5
ungeheuer	neg 1.0		__DUMMY__ 0.9226091085254483 off 0.0415651461091228 neg 0.03582574536542892	false	0.5
