unsolidarisch	neg 1.0		__DUMMY__ 0.9221937629983852 off 0.04250002034850012 neg 0.035306216653114786	false	0.5
nachteilig	neg 1.0		__DUMMY__ 0.9295424169759331 off 0.03829804321439054 neg 0.0321595398096763	false	0.5
skeptisch	neg 1.0		__DUMMY__ 0.9287552395355165 off 0.03745581280665357 neg 0.033788947657829846	false	0.5
schrecklich	neg 1.0		__DUMMY__ 0.9182067258053973 off 0.048828994263917916 neg 0.03296427993068471	false	0.5
schlapp	neg 1.0	neg 1.0	neg 0.5009744370484511 __DUMMY__ 0.4576492342137303 off 0.04137632873781856	false	1.0
abfall	neg 1.0		__DUMMY__ 0.9318579964897182 off 0.03479939365704232 neg 0.03334260985323947	false	0.5
widerspenstig	neg 1.0		__DUMMY__ 0.9241358596297901 off 0.04050809198234392 neg 0.03535604838786601	false	0.5
abrupt	neg 1.0		__DUMMY__ 0.9275376386195281 off 0.03673525627292191 neg 0.035727105107550054	false	0.5
unwirksam	neg 1.0		__DUMMY__ 0.919624094797669 off 0.04179672227258014 neg 0.03857918292975074	false	0.5
angreifen	neg 1.0		__DUMMY__ 0.9287694118910603 off 0.03707413322321134 neg 0.03415645488572835	false	0.5
inkonsistent	neg 1.0		__DUMMY__ 0.9217663906132721 off 0.04326439700462583 neg 0.034969212382102106	false	0.5
abrutschen	neg 1.0		__DUMMY__ 0.9311808032837662 off 0.03452674965189715 neg 0.03429244706433668	false	0.5
unsicher	neg 1.0		__DUMMY__ 0.9258477744508276 off 0.0412093932873718 neg 0.03294283226180066	false	0.5
bauernkind	off 1.0	off 1.0	off 0.5158048397747671 __DUMMY__ 0.45034708435984194 neg 0.033848075865390986	false	1.0
angreifer	neg 1.0		__DUMMY__ 0.9256820419639029 off 0.04451134384706161 neg 0.02980661418903548	false	0.5
trennen	neg 1.0		__DUMMY__ 0.9297633925018356 off 0.03659047547512108 neg 0.033646132023043326	false	0.5
schmutz	neg 1.0		__DUMMY__ 0.9276035128812601 off 0.043340177739001076 neg 0.029056309379738864	false	0.5
inkonsistenz	neg 1.0		__DUMMY__ 0.9216193013996962 off 0.0455034514752199 neg 0.03287724712508396	false	0.5
erschreckend	neg 1.0		__DUMMY__ 0.9254061447847565 off 0.040827120621262154 neg 0.03376673459398133	false	0.5
ertrinken	neg 1.0		__DUMMY__ 0.9279904101490803 off 0.03653007869397896 neg 0.0354795111569407	false	0.5
pickelface	off 1.0		__DUMMY__ 0.9256460495064599 off 0.04166021153711929 neg 0.03269373895642088	false	1.0
seiner			__DUMMY__ 0.929352314902225 off 0.037211873602885095 neg 0.033435811494889875	false	0.0
lauch	neg 1.0	neg 1.0	neg 0.5007471394692533 __DUMMY__ 0.46764623284132845 off 0.031606627689418326	false	1.0
unwichtig	neg 1.0		__DUMMY__ 0.9212580375537183 off 0.045434222274896394 neg 0.033307740171385325	false	0.5
steuerhinterziehung	neg 1.0		__DUMMY__ 0.9242424657287166 off 0.040962187331522425 neg 0.034795346939760934	false	0.5
schock	neg 1.0		__DUMMY__ 0.9260918961612896 off 0.03983301415375739 neg 0.03407508968495311	false	0.5
beule	neg 1.0		__DUMMY__ 0.9187393440798315 off 0.046947609984414475 neg 0.03431304593575399	false	0.5
vergelten	neg 1.0		__DUMMY__ 0.919027707610059 off 0.049872847788621465 neg 0.03109944460131949	false	0.5
verdorbenheit	neg 1.0		__DUMMY__ 0.9251781113974461 off 0.04175528515560802 neg 0.03306660344694592	false	0.5
trauma	neg 1.0		__DUMMY__ 0.92342194170283 off 0.04247011613265024 neg 0.0341079421645197	false	0.5
sinnlos	neg 1.0		__DUMMY__ 0.9236068123168282 off 0.042997733607994644 neg 0.033395454075177175	false	0.5
fettsack	off 1.0	off 1.0	off 0.5169770120449372 __DUMMY__ 0.45113494143226834 neg 0.031888046522794505	false	1.0
feige	off 1.0	off 1.0	off 0.5124990986109746 __DUMMY__ 0.4563449868454621 neg 0.031155914543563187	false	1.0
abdanken	neg 1.0		__DUMMY__ 0.9258338110664274 off 0.04125145818141756 neg 0.03291473075215505	false	0.5
wichtigtuer	off 1.0	off 1.0	off 0.5098991252682357 __DUMMY__ 0.45970043513802605 neg 0.030400439593738324	false	1.0
misslingen	neg 1.0		__DUMMY__ 0.9284525268493599 off 0.0421369910636216 neg 0.02941048208701846	false	0.5
untreu	off 1.0		__DUMMY__ 0.9195565266200552 off 0.04649779017743434 neg 0.033945683202510554	false	1.0
missmutig	neg 1.0		__DUMMY__ 0.9210455154040894 off 0.04426034227677692 neg 0.034694142319133696	false	0.5
hurenbock	off 1.0		__DUMMY__ 0.9221199219657442 off 0.04119340624911182 neg 0.03668667178514388	false	1.0
betrunken	neg 1.0		__DUMMY__ 0.918245698911025 off 0.047820774732828884 neg 0.033933526356146076	false	0.5
korrupt	off 1.0		__DUMMY__ 0.9234875110504809 off 0.040721058295615675 neg 0.03579143065390341	false	1.0
unmut	neg 1.0		__DUMMY__ 0.9299917394973348 off 0.03604865037052153 neg 0.03395961013214361	false	0.5
hackfresse	off 1.0		__DUMMY__ 0.9140953802300579 off 0.052637901003616414 neg 0.03326671876632562	false	1.0
aufblasen	neg 1.0		__DUMMY__ 0.9239876393679654 off 0.041366575963339924 neg 0.03464578466869466	false	0.5
gewaltsam	neg 1.0		__DUMMY__ 0.9272308446545271 off 0.04099359611783959 neg 0.031775559227633345	false	0.5
unbeliebtheit	neg 1.0		__DUMMY__ 0.9210681065984266 off 0.04661620328581021 neg 0.03231569011576314	false	0.5
sturheit	neg 1.0		__DUMMY__ 0.9269463264007731 off 0.040818256589300904 neg 0.03223541700992602	false	0.5
kuh	neg 1.0		__DUMMY__ 0.9169097778136088 off 0.04356753714208477 neg 0.039522685044306345	false	0.5
erschrecken	neg 1.0		__DUMMY__ 0.9218945681242731 off 0.044637547899356145 neg 0.03346788397637088	false	0.5
opfer	neg 1.0		__DUMMY__ 0.9293772213731424 off 0.03853938474365529 neg 0.032083393883202325	false	0.5
sinken	neg 1.0		__DUMMY__ 0.928023502687098 off 0.036370478237867036 neg 0.035606019075034884	false	0.5
stinktier	neg 1.0		__DUMMY__ 0.9123013164032053 off 0.05084952934603504 neg 0.03684915425075966	false	0.5
tucke	off 1.0		__DUMMY__ 0.9095567419315711 off 0.05436040618677929 neg 0.03608285188164957	false	1.0
ein			__DUMMY__ 0.9228829770507574 off 0.04032719260157216 neg 0.03678983034767046	false	0.0
abstieg	neg 1.0		__DUMMY__ 0.9304346358456826 off 0.0395768677439903 neg 0.029988496410327067	false	0.5
missverstehen	neg 1.0		__DUMMY__ 0.9227485614418244 off 0.04378977313343344 neg 0.03346166542474219	false	0.5
ergebnislos	neg 1.0		__DUMMY__ 0.9304083650677684 off 0.03830195317320625 neg 0.03128968175902541	false	0.5
unter			__DUMMY__ 0.9364758020010474 neg 0.032438806865432365 off 0.03108539113352027	false	0.0
manipulieren	neg 1.0		__DUMMY__ 0.928905136758924 off 0.03785470027454948 neg 0.03324016296652654	false	0.5
unbewiesen	neg 1.0		__DUMMY__ 0.9232097278305372 off 0.0427169138776878 neg 0.03407335829177504	false	0.5
verschleppen	neg 1.0		__DUMMY__ 0.9264952180969946 off 0.03927107764394829 neg 0.03423370425905712	false	0.5
weib	off 1.0		__DUMMY__ 0.911648532586873 off 0.05459445801694888 neg 0.033757009396178185	false	1.0
opposition	neg 1.0		__DUMMY__ 0.9224122069171588 off 0.0424887141924918 neg 0.03509907889034945	false	0.5
verkehrswidrig	neg 1.0		__DUMMY__ 0.9212499299941039 off 0.049764240851314805 neg 0.028985829154581255	false	0.5
inkorrekt	neg 1.0		__DUMMY__ 0.9177486369800283 off 0.04904469975156669 neg 0.03320666326840504	false	0.5
vermeiden	neg 1.0		__DUMMY__ 0.9332859973137527 off 0.03388896868266517 neg 0.03282503400358217	false	0.5
abweichung	neg 1.0		__DUMMY__ 0.9276609304435911 off 0.0393956420410765 neg 0.03294342751533234	false	0.5
alkoholisiert	neg 1.0		__DUMMY__ 0.9331755373525036 off 0.03631895679254844 neg 0.030505505854947976	false	0.5
scheiss	off 1.0	off 1.0	off 0.5128625022628461 __DUMMY__ 0.45577273440621074 neg 0.03136476333094317	false	1.0
herausforderung	neg 1.0		__DUMMY__ 0.9270874617300997 off 0.039277823955965345 neg 0.033634714313934895	false	0.5
pervers	off 1.0		__DUMMY__ 0.9102575860710788 off 0.056510884517789406 neg 0.0332315294111319	false	1.0
wackelig	neg 1.0		__DUMMY__ 0.9274625787751193 off 0.038765478772650276 neg 0.03377194245223041	false	0.5
verwickeln	neg 1.0		__DUMMY__ 0.9229375549511829 off 0.043081734303316604 neg 0.033980710745500485	false	0.5
vorwand	neg 1.0		__DUMMY__ 0.9294266004286146 off 0.036654321350816206 neg 0.03391907822056921	false	0.5
muschi	off 1.0		__DUMMY__ 0.9273387560250506 off 0.04074039498792048 neg 0.03192084898702893	false	1.0
entmutigung	neg 1.0		__DUMMY__ 0.9193083017820405 off 0.04381689634107375 neg 0.036874801876885716	false	0.5
unangemessen	neg 1.0		__DUMMY__ 0.9261967833851911 off 0.040497565631292615 neg 0.033305650983516344	false	0.5
unstetig	neg 1.0		__DUMMY__ 0.9231037013651128 off 0.04445527941623845 neg 0.03244101921864887	false	0.5
entmutigen	neg 1.0		__DUMMY__ 0.9238069471126535 off 0.0420755139603457 neg 0.03411753892700073	false	0.5
schwanz	neg 1.0		__DUMMY__ 0.9283238991398995 off 0.03876519253827116 neg 0.032910908321829385	false	0.5
verbot	neg 1.0		__DUMMY__ 0.9248361100341365 off 0.04040759462946833 neg 0.034756295336395224	false	0.5
leid	neg 1.0		__DUMMY__ 0.9166915027551085 off 0.05010145324780156 neg 0.03320704399708995	false	0.5
archaisch	neg 1.0		__DUMMY__ 0.9259244557646845 off 0.04018517642512337 neg 0.033890367810192085	false	0.5
gegen			__DUMMY__ 0.9310474862339079 off 0.03650345255794175 neg 0.03244906120815036	false	0.0
scheidung	neg 1.0		__DUMMY__ 0.9112421776782947 off 0.059554727172582755 neg 0.029203095149122546	false	0.5
einschlag	neg 1.0		__DUMMY__ 0.9214649170520537 off 0.04898163874554914 neg 0.02955344420239721	false	0.5
m			__DUMMY__ 0.9271616368487082 off 0.039292317270872054 neg 0.03354604588041974	false	0.0
abgestanden	neg 1.0		__DUMMY__ 0.9193208430935997 off 0.040704263297921865 neg 0.039974893608478335	false	0.5
schmierig	off 1.0		__DUMMY__ 0.9158325962378463 off 0.04991513353911001 neg 0.03425227022304367	false	1.0
unpraktisch	neg 1.0		__DUMMY__ 0.9247441990075351 off 0.042082143672401276 neg 0.03317365732006357	false	0.5
wixxer	off 1.0		__DUMMY__ 0.9087614043734048 off 0.05687980303089618 neg 0.034358792595699024	false	1.0
bezeichnet			__DUMMY__ 0.9255500769645123 off 0.041683568912207175 neg 0.03276635412328053	false	0.0
jammerlappen	off 1.0		__DUMMY__ 0.920668809274111 off 0.04570953500909641 neg 0.03362165571679262	false	1.0
farce	neg 1.0		__DUMMY__ 0.9232702469978268 off 0.041733229102775826 neg 0.03499652389939741	false	0.5
zwecklos	neg 1.0		__DUMMY__ 0.926022339103893 off 0.03970257019224838 neg 0.03427509070385855	false	0.5
turbulent	neg 1.0		__DUMMY__ 0.9185964924668871 off 0.04730937925662314 neg 0.03409412827648968	false	0.5
invasion	neg 1.0		__DUMMY__ 0.9228694218511838 off 0.04348441309266567 neg 0.03364616505615048	false	0.5
schuld	neg 1.0		__DUMMY__ 0.9240076278202367 off 0.04248906888535457 neg 0.03350330329440877	false	0.5
risiko	neg 1.0		__DUMMY__ 0.9215452992990096 off 0.04319788381751913 neg 0.03525681688347112	false	0.5
finster	neg 1.0		__DUMMY__ 0.9230282627049167 off 0.04039277499433115 neg 0.036578962300752194	false	0.5
geisteskrank	off 1.0		__DUMMY__ 0.9187311357570886 off 0.047943496767881955 neg 0.033325367475029365	false	1.0
zusammenbrechen	neg 1.0		__DUMMY__ 0.9254912863359845 off 0.03980949089911036 neg 0.03469922276490518	false	0.5
ausbeute	neg 1.0		__DUMMY__ 0.9280679858950982 off 0.039952396484092795 neg 0.03197961762080901	false	0.5
hinterhalt	neg 1.0		__DUMMY__ 0.9269810406852196 off 0.03980756000738229 neg 0.03321139930739806	false	0.5
kritik	neg 1.0		__DUMMY__ 0.9234599657576753 off 0.04154257037239901 neg 0.03499746386992571	false	0.5
einschrumpfen	neg 1.0		__DUMMY__ 0.9195014083048892 off 0.0458691002270903 neg 0.0346294914680205	false	0.5
riskant	neg 1.0		__DUMMY__ 0.9280780458264298 off 0.0376717604056635 neg 0.03425019376790667	false	0.5
frustrieren	neg 1.0		__DUMMY__ 0.926913777807841 off 0.03845547637196513 neg 0.03463074582019383	false	0.5
groll	neg 1.0		__DUMMY__ 0.9272163328782415 off 0.03983768479859961 neg 0.032945982323158936	false	0.5
gibt			__DUMMY__ 0.9268163588015954 off 0.03947338951560383 neg 0.03371025168280079	false	0.0
qualvoll	neg 1.0		__DUMMY__ 0.9227269649265569 off 0.042959672590918145 neg 0.034313362482524895	false	0.5
wackeln	neg 1.0		__DUMMY__ 0.924660652123073 off 0.0409935928271517 neg 0.03434575504977529	false	0.5
klagen	neg 1.0		__DUMMY__ 0.928578006959046 off 0.03693189988000442 neg 0.03449009316094964	false	0.5
bankrott	neg 1.0		__DUMMY__ 0.9227008571456897 off 0.044908107882164906 neg 0.03239103497214544	false	0.5
trauern	neg 1.0		__DUMMY__ 0.9317623846845464 off 0.03752321240491837 neg 0.03071440291053512	false	0.5
ablehnung	neg 1.0		__DUMMY__ 0.9240988926728031 off 0.04102715253533747 neg 0.03487395479185942	false	0.5
stur	neg 1.0		__DUMMY__ 0.9229931708469876 off 0.042462124741969316 neg 0.03454470441104308	false	0.5
aufruhr	neg 1.0		__DUMMY__ 0.9240956584440283 off 0.04158408300840436 neg 0.034320258547567345	false	0.5
melancholie	neg 1.0		__DUMMY__ 0.9260755258928856 neg 0.03708040990439766 off 0.036844064202716825	false	1.0
ist			__DUMMY__ 0.9235562566885462 off 0.04278770082736346 neg 0.03365604248409032	false	0.0
torheit	neg 1.0		__DUMMY__ 0.924094338122678 off 0.04262229112709757 neg 0.033283370750224445	false	0.5
dreckskind	off 1.0		__DUMMY__ 0.9130054158853086 off 0.05374788631307276 neg 0.03324669780161863	false	1.0
umtauschen	neg 1.0		__DUMMY__ 0.9254123897163856 off 0.04021890727360491 neg 0.0343687030100095	false	0.5
zum			__DUMMY__ 0.936056835616755 off 0.03387912017504734 neg 0.0300640442081976	false	0.0
zersetzen	neg 1.0		__DUMMY__ 0.927014942090233 off 0.03761521304456158 neg 0.035369844865205335	false	0.5
zur			__DUMMY__ 0.9332748604626516 off 0.03426103854803133 neg 0.03246410098931698	false	0.0
frust	neg 1.0		__DUMMY__ 0.9256908076097807 off 0.039665573092206544 neg 0.034643619298012754	false	0.5
unerbittlichkeit	neg 1.0		__DUMMY__ 0.9289829676271464 off 0.03826041047542278 neg 0.03275662189743083	false	0.5
zwei			__DUMMY__ 0.9329960680502015 off 0.03351346304846182 neg 0.03349046890133661	false	0.0
unkorrekt	neg 1.0		__DUMMY__ 0.918610891347802 off 0.047739945917294746 neg 0.03364916273490324	false	0.5
hexe	off 1.0		__DUMMY__ 0.9182733056685234 off 0.04500904760901829 neg 0.03671764672245829	false	1.0
lasch	neg 1.0		__DUMMY__ 0.9211435274053804 off 0.04506119873949515 neg 0.03379527385512444	false	0.5
rivale	neg 1.0		__DUMMY__ 0.9190235694651517 off 0.04878773230130638 neg 0.032188698233541854	false	0.5
mutlos	off 1.0	off 1.0	off 0.5058452690056959 __DUMMY__ 0.46324763967152316 neg 0.03090709132278084	false	1.0
wirr	off 1.0		__DUMMY__ 0.9162465968812971 off 0.04942375625654805 neg 0.03432964686215482	false	1.0
jahr			__DUMMY__ 0.9331247423747147 off 0.037090021934553 neg 0.029785235690732288	false	0.0
wird			__DUMMY__ 0.9276472584205648 off 0.03885510481463385 neg 0.03349763676480135	false	0.0
strafbar	neg 1.0		__DUMMY__ 0.9284072354433938 off 0.03816379848161944 neg 0.03342896607498687	false	0.5
erosion	neg 1.0		__DUMMY__ 0.9255878245820564 off 0.0412846005510478 neg 0.033127574866895874	false	0.5
eingehen	neg 1.0		__DUMMY__ 0.9267604723105718 off 0.0383460538477788 neg 0.03489347384164952	false	0.5
faul	off 1.0		__DUMMY__ 0.922003468066233 off 0.04454975705866865 neg 0.033446774875098256	false	1.0
provisorium	neg 1.0		__DUMMY__ 0.9369889563634193 neg 0.032007170676114145 off 0.031003872960466545	false	1.0
schmerzen	neg 1.0		__DUMMY__ 0.9243274000086668 off 0.03972882022697833 neg 0.03594377976435498	false	0.5
schrumpfen	neg 1.0		__DUMMY__ 0.9294663764723401 neg 0.03604655456111497 off 0.03448706896654486	false	1.0
geistlos	off 1.0		__DUMMY__ 0.9211751285946728 off 0.0442415056291198 neg 0.0345833657762074	false	1.0
fehlkauf	neg 1.0		__DUMMY__ 0.922533999213909 off 0.043534901876429166 neg 0.03393109890966181	false	0.5
frustrierend	neg 1.0		__DUMMY__ 0.9214893258405752 off 0.04463752887884731 neg 0.03387314528057749	false	0.5
unzufrieden	neg 1.0		__DUMMY__ 0.9265493866244727 off 0.03954000547704749 neg 0.0339106078984798	false	0.5
verzweifeln	neg 1.0		__DUMMY__ 0.9257735038417119 off 0.04052832595844793 neg 0.03369817019984013	false	0.5
verzweifelt	neg 1.0		__DUMMY__ 0.9229752204394424 off 0.0425227101764566 neg 0.03450206938410106	false	0.5
misstrauensantrag	neg 1.0		__DUMMY__ 0.9227324042419648 off 0.042847871897407505 neg 0.03441972386062769	false	0.5
abfallen	neg 1.0		__DUMMY__ 0.9241466965217154 off 0.04105230981523787 neg 0.03480099366304677	false	0.5
fucker	off 1.0		__DUMMY__ 0.9187548425740859 off 0.04861254759980653 neg 0.03263260982610759	false	1.0
ungezogen	neg 1.0		__DUMMY__ 0.9126728750008604 off 0.05445977017068369 neg 0.03286735482845591	false	0.5
irrsinnig	neg 1.0	neg 1.0	neg 0.5011627341380667 __DUMMY__ 0.4603498551723415 off 0.03848741068959174	false	1.0
unfassbar	neg 1.0		__DUMMY__ 0.9206352576312321 off 0.04641788141527005 neg 0.03294686095349786	false	0.5
hart	neg 1.0		__DUMMY__ 0.9180137870460819 off 0.04647017550959749 neg 0.03551603744432054	false	0.5
widerlich	off 1.0		__DUMMY__ 0.9197143531451425 off 0.0469081479745392 neg 0.03337749888031826	false	1.0
fatal	neg 1.0	neg 1.0	neg 0.5032598986832332 __DUMMY__ 0.4568713574728789 off 0.039868743843887965	false	1.0
bruch	neg 1.0		__DUMMY__ 0.9300100330649007 off 0.035709603444497785 neg 0.034280363490601505	false	0.5
aushungern	neg 1.0		__DUMMY__ 0.9245187524012686 off 0.040656865297051245 neg 0.03482438230168028	false	0.5
anspannung	neg 1.0		__DUMMY__ 0.9340683713855036 off 0.03383628357197913 neg 0.032095345042517286	false	0.5
von			__DUMMY__ 0.9296562252831211 off 0.036591516067524886 neg 0.03375225864935402	false	0.0
kraftlos	neg 1.0		__DUMMY__ 0.9266705835147796 off 0.03885629076712012 neg 0.03447312571810033	false	0.5
vom			__DUMMY__ 0.9378738044540241 off 0.03126554657669147 neg 0.030860648969284404	false	0.0
grenzdebil	off 1.0		__DUMMY__ 0.9192208715146742 off 0.04664262953531174 neg 0.03413649895001396	false	1.0
vor			__DUMMY__ 0.9302566310512052 off 0.035846391165770035 neg 0.03389697778302475	false	0.0
unterwerfen	neg 1.0		__DUMMY__ 0.9285245613153741 off 0.038652205552416795 neg 0.03282323313220905	false	0.5
versenkung	neg 1.0		__DUMMY__ 0.9288087478249045 off 0.03832476318552201 neg 0.03286648898957353	false	0.5
entziehen	neg 1.0		__DUMMY__ 0.9295965286030038 off 0.03662188121161436 neg 0.03378159018538182	false	0.5
finanzkrise	neg 1.0		__DUMMY__ 0.9191341831902466 off 0.04124440356596464 neg 0.03962141324378874	false	0.5
schimpfend	neg 1.0		__DUMMY__ 0.9262154580283933 off 0.04142870527812232 neg 0.03235583669348439	false	0.5
profan	neg 1.0		__DUMMY__ 0.9222835297702101 off 0.04329336220015232 neg 0.03442310802963764	false	0.5
korruption	neg 1.0		__DUMMY__ 0.9241585678330296 off 0.04000322764108386 neg 0.03583820452588643	false	0.5
â			__DUMMY__ 0.9274012415628863 off 0.03876244739677413 neg 0.03383631104033956	false	0.0
schmutzig	neg 1.0		__DUMMY__ 0.9189751599319882 off 0.046774381982011566 neg 0.034250458086000204	false	0.5
sexy	neg 1.0		__DUMMY__ 0.9227836374143148 off 0.044517324106649624 neg 0.03269903847903558	false	0.5
abraten	neg 1.0		__DUMMY__ 0.924074088786842 off 0.04279771170436088 neg 0.033128199508797064	false	0.5
schwarz	neg 1.0		__DUMMY__ 0.9236752688224419 off 0.04322412402976614 neg 0.03310060714779202	false	0.5
fotze	off 1.0	off 1.0	off 0.5060113281054406 __DUMMY__ 0.46414874529563155 neg 0.02983992659892791	false	1.0
verwirren	neg 1.0		__DUMMY__ 0.9227073822637569 off 0.043565861970789516 neg 0.03372675576545354	false	0.5
zahnlos	off 1.0		__DUMMY__ 0.9258026943134267 off 0.04038940603494479 neg 0.03380789965162862	false	1.0
verheeren	neg 1.0		__DUMMY__ 0.9117074123507066 off 0.05587164707893564 neg 0.032420940570357805	false	0.5
hippie	neg 1.0		__DUMMY__ 0.922408185912331 off 0.044333644731195165 neg 0.033258169356473834	false	0.5
rammen	neg 1.0		__DUMMY__ 0.9262624948383064 off 0.0412104611785851 neg 0.03252704398310856	false	0.5
unlauter	neg 1.0		__DUMMY__ 0.9223444960761711 off 0.04319635244275141 neg 0.03445915148107751	false	0.5
unheilvoll	neg 1.0		__DUMMY__ 0.9235820819396617 off 0.041926371008158735 neg 0.03449154705217956	false	0.5
niedrig	neg 1.0		__DUMMY__ 0.9254452113160008 off 0.03867036831621933 neg 0.03588442036777995	false	0.5
explosion	neg 1.0		__DUMMY__ 0.9230829243541065 off 0.044116657981089866 neg 0.03280041766480354	false	0.5
weichei	off 1.0	off 1.0	off 0.5164848524484366 __DUMMY__ 0.45118779935812203 neg 0.032327348193441366	false	1.0
minusmensch	off 1.0		__DUMMY__ 0.9114781692836804 off 0.05592821513638689 neg 0.03259361557993268	false	1.0
farblos	neg 1.0		__DUMMY__ 0.9247763121236494 off 0.041758497835921414 neg 0.033465190040429194	false	0.5
unwissend	neg 1.0	neg 1.0	neg 0.501213375710877 __DUMMY__ 0.45736147451341996 off 0.04142514977570318	false	1.0
traurig	neg 1.0		__DUMMY__ 0.9186639635334833 off 0.048530496755692556 neg 0.03280553971082411	false	0.5
senkung	neg 1.0		__DUMMY__ 0.918498951554424 off 0.04375755427774932 neg 0.03774349416782676	false	0.5
ungleich	neg 1.0	neg 1.0	neg 0.5013026845331053 __DUMMY__ 0.4634092688947558 off 0.035288046572138736	false	1.0
heikel	neg 1.0		__DUMMY__ 0.9281942725723672 off 0.03777063351716751 neg 0.03403509391046528	false	0.5
drosselung	neg 1.0		__DUMMY__ 0.9169757493735228 off 0.04669074403797769 neg 0.03633350658849947	false	0.5
falsch	neg 1.0		__DUMMY__ 0.9225623543715189 off 0.044681724126358124 neg 0.03275592150212299	false	0.5
unzufriedenheit	neg 1.0		__DUMMY__ 0.9269135999331094 off 0.03777123104878352 neg 0.03531516901810713	false	0.5
kurz	neg 1.0		__DUMMY__ 0.9279614530053797 off 0.03924369843387338 neg 0.032794848560747	false	0.5
unsinnig	neg 1.0		__DUMMY__ 0.9240618587993787 off 0.04078640137066439 neg 0.035151739829956855	false	0.5
penner	off 1.0	off 1.0	off 0.5180446457244974 __DUMMY__ 0.4507097996640535 neg 0.031245554611449136	false	1.0
seicht	neg 1.0		__DUMMY__ 0.9102040579154864 off 0.054197326516720504 neg 0.035598615567793056	false	0.5
dummheit	off 1.0	off 1.0	off 0.5101108400504274 __DUMMY__ 0.4581600943860857 neg 0.03172906556348694	false	1.0
unerfreulich	neg 1.0		__DUMMY__ 0.9286766252272369 off 0.03745336261172719 neg 0.033870012161035926	false	0.5
motherfucker	off 1.0	off 1.0	off 0.5139495810045656 __DUMMY__ 0.4557044045866601 neg 0.03034601440877432	false	1.0
pikiert	neg 1.0		__DUMMY__ 0.9194914171265518 off 0.04600453697104348 neg 0.0345040459024047	false	0.5
wrack	neg 1.0		__DUMMY__ 0.9321653917834783 off 0.03905871320177984 neg 0.02877589501474188	false	0.5
gangster	neg 1.0		__DUMMY__ 0.9221627920550073 off 0.04446211035891908 neg 0.03337509758607369	false	0.5
krank	neg 1.0		__DUMMY__ 0.920509173103858 off 0.046429280287247666 neg 0.033061546608894196	false	0.5
reich	neg 1.0		__DUMMY__ 0.9178516902997343 off 0.0448232785910493 neg 0.03732503110921633	false	0.5
gnadenlos	neg 1.0		__DUMMY__ 0.9247389634426912 off 0.042282705396361774 neg 0.03297833116094702	false	0.5
niedergeschlagen	neg 1.0		__DUMMY__ 0.9277856017339878 off 0.039037216242231894 neg 0.033177182023780324	false	0.5
terrorisieren	off 1.0	off 1.0	off 0.5048942603040354 __DUMMY__ 0.46422990714574264 neg 0.030875832550221995	false	1.0
sinnlosigkeit	neg 1.0		__DUMMY__ 0.9263459694644008 off 0.03990919014982622 neg 0.033744840385772926	false	0.5
behindern	neg 1.0		__DUMMY__ 0.9248293201170077 off 0.04095392969468784 neg 0.034216750188304536	false	0.5
undemokratisch	neg 1.0		__DUMMY__ 0.9219732024198178 off 0.043712806669297284 neg 0.034313990910884815	false	0.5
wirtschaftskrise	neg 1.0		__DUMMY__ 0.9234474597125927 off 0.039692424966165485 neg 0.03686011532124193	false	0.5
neid	neg 1.0		__DUMMY__ 0.9219116460981732 off 0.043904361358904215 neg 0.03418399254292254	false	0.5
rutschen	neg 1.0		__DUMMY__ 0.9328469960151469 neg 0.03389843077199018 off 0.03325457321286305	false	1.0
rezession	neg 1.0		__DUMMY__ 0.9125879780431649 off 0.0490771827271201 neg 0.038334839229714854	false	0.5
fehlgeburt	neg 1.0		__DUMMY__ 0.9262521606948881 off 0.041096724436304674 neg 0.03265111486880721	false	0.5
charakterschwach	off 1.0		__DUMMY__ 0.9194526413752787 off 0.04659345222259434 neg 0.033953906402126956	false	1.0
isolation	neg 1.0		__DUMMY__ 0.9231480477839991 off 0.04450920338007839 neg 0.03234274883592246	false	0.5
ablenkung	neg 1.0		__DUMMY__ 0.926030252277963 off 0.0409744972265269 neg 0.032995250495510116	false	0.5
pech	neg 1.0		__DUMMY__ 0.9211990235595073 off 0.04447343105122966 neg 0.034327545389263074	false	0.5
vermeidung	neg 1.0		__DUMMY__ 0.9188197496095014 off 0.04651198247345907 neg 0.03466826791703952	false	0.5
dominieren	neg 1.0		__DUMMY__ 0.9265508865876456 off 0.04006598573696152 neg 0.0333831276753928	false	0.5
schwindlig	neg 1.0		__DUMMY__ 0.9230294871567629 off 0.04242550367634438 neg 0.034545009166892605	false	0.5
lutscher	neg 1.0		__DUMMY__ 0.9093754905900536 off 0.05541263966494549 neg 0.03521186974500092	false	0.5
pflicht	neg 1.0		__DUMMY__ 0.9300967979088756 off 0.036764273546433544 neg 0.033138928544690895	false	0.5
faschist	off 1.0		__DUMMY__ 0.9220671619306797 off 0.044900547408502 neg 0.03303229066081824	false	1.0
verschleudern	neg 1.0		__DUMMY__ 0.9237635905616768 off 0.038552473803687044 neg 0.03768393563463623	false	0.5
wenn			__DUMMY__ 0.9205085515511084 off 0.04545185015310106 neg 0.03403959829579049	false	0.0
ehebruch	neg 1.0		__DUMMY__ 0.926534425917072 off 0.03918665468492328 neg 0.03427891939800474	false	0.5
spott	off 1.0		__DUMMY__ 0.9282065874640393 off 0.039045119412194774 neg 0.03274829312376598	false	1.0
trostlosigkeit	neg 1.0		__DUMMY__ 0.9278902669861172 off 0.0366790192911728 neg 0.035430713722710054	false	0.5
lutschen	neg 1.0		__DUMMY__ 0.9227796939008467 off 0.04482630957772007 neg 0.03239399652143324	false	0.5
undiszipliniert	neg 1.0		__DUMMY__ 0.9186370744407322 off 0.047849505195767035 neg 0.03351342036350082	false	0.5
kopfschmerz	neg 1.0		__DUMMY__ 0.9243626460624981 off 0.038089965431364316 neg 0.03754738850613769	false	0.5
unvorhergesehen	neg 1.0		__DUMMY__ 0.9306108737543585 off 0.03615533784267419 neg 0.033233788402967326	false	0.5
desinteressiert	neg 1.0		__DUMMY__ 0.918840941099 off 0.04743165467810347 neg 0.033727404222896454	false	0.5
armselig	off 1.0		__DUMMY__ 0.9175150202164061 off 0.04949917292486946 neg 0.03298580685872445	false	1.0
desaster	neg 1.0		__DUMMY__ 0.9284351954161144 off 0.03634488895796342 neg 0.03521991562592224	false	0.5
tod	neg 1.0		__DUMMY__ 0.9287944372168824 off 0.03784064889767697 neg 0.03336491388544067	false	0.5
herzlos	neg 1.0		__DUMMY__ 0.9175709122734211 off 0.04890741040391367 neg 0.033521677322665214	false	0.5
unwissenheit	neg 1.0		__DUMMY__ 0.9264276009270423 off 0.03961704024395278 neg 0.03395535882900485	false	0.5
widersinnig	neg 1.0		__DUMMY__ 0.9227873672760547 off 0.04100263653163098 neg 0.0362099961923144	false	0.5
bedenklich	neg 1.0		__DUMMY__ 0.9263402129608392 off 0.03891819688613662 neg 0.03474159015302418	false	0.5
beanstanden	neg 1.0		__DUMMY__ 0.9303643263003296 off 0.037241840073275544 neg 0.03239383362639479	false	0.5
panisch	neg 1.0		__DUMMY__ 0.9243137752191026 off 0.04256657114900323 neg 0.033119653631894105	false	0.5
debil	off 1.0		__DUMMY__ 0.9353000697587343 neg 0.03326726265526099 off 0.03143266758600483	false	0.5
abstrich	neg 1.0		__DUMMY__ 0.9276449498867241 off 0.03892079334522964 neg 0.03343425676804626	false	0.5
primitiv	neg 1.0		__DUMMY__ 0.9191070044985761 off 0.04766777701648086 neg 0.033225218484943135	false	0.5
abschaum	off 1.0	off 1.0	off 0.5122298812850766 __DUMMY__ 0.4585279152999963 neg 0.02924220341492706	false	1.0
provozieren	neg 1.0		__DUMMY__ 0.9235641600196329 off 0.04229604856848944 neg 0.03413979141187755	false	0.5
tot	neg 1.0		__DUMMY__ 0.927695976267441 off 0.038983893103268094 neg 0.03332013062929088	false	0.5
instabil	neg 1.0		__DUMMY__ 0.9153254143646755 off 0.04970859423457261 neg 0.03496599140075181	false	0.5
schwuchtel	off 1.0	off 1.0	off 0.5239430482201203 __DUMMY__ 0.4455572029907204 neg 0.030499748789159342	false	1.0
zerren	neg 1.0		__DUMMY__ 0.9275421021621849 off 0.03913531454573396 neg 0.03332258329208118	false	0.5
kinderficker	off 1.0		__DUMMY__ 0.9154784976709577 off 0.05148814970102122 neg 0.03303335262802109	false	1.0
gefahr	neg 1.0		__DUMMY__ 0.929779873230725 off 0.03712424263283024 neg 0.0330958841364448	false	0.5
rabiat	neg 1.0		__DUMMY__ 0.9242342049913339 off 0.04076545610318642 neg 0.03500033890547968	false	0.5
verlangsamung	neg 1.0		__DUMMY__ 0.9128008953990728 off 0.053019163478994914 neg 0.03417994112193221	false	0.5
ausgestorben	neg 1.0		__DUMMY__ 0.926454751439891 off 0.04034992627230207 neg 0.033195322287806986	false	0.5
anklagen	neg 1.0		__DUMMY__ 0.9263071566096492 off 0.04018221045207888 neg 0.03351063293827185	false	0.5
trott	neg 1.0		__DUMMY__ 0.9252974293043399 off 0.04116877253565427 neg 0.033533798160005894	false	0.5
verminderung	neg 1.0		__DUMMY__ 0.9188350547976869 off 0.04648068882915113 neg 0.03468425637316196	false	0.5
nach			__DUMMY__ 0.935203609453906 neg 0.03253788319019145 off 0.032258507355902605	false	0.0
rost	neg 1.0		__DUMMY__ 0.9160435181268474 off 0.053776585424116306 neg 0.030179896449036427	false	0.5
destruktiv	neg 1.0		__DUMMY__ 0.9241706507481136 off 0.04137499525135156 neg 0.0344543540005349	false	0.5
unzumutbarkeit	neg 1.0		__DUMMY__ 0.9212446920570759 off 0.04653997222413177 neg 0.03221533571879238	false	0.5
labil	off 1.0	off 1.0	off 0.5116966881176608 __DUMMY__ 0.4576626375236586 neg 0.030640674358680533	false	1.0
ziemlich	neg 1.0		__DUMMY__ 0.9214212334497037 off 0.046084229613480826 neg 0.03249453693681552	false	0.5
lachnummer	off 1.0		__DUMMY__ 0.9248838659278594 off 0.04203550670513335 neg 0.033080627367007245	false	1.0
oder			__DUMMY__ 0.9255118812161219 off 0.04151511145384663 neg 0.03297300733003145	false	0.0
verfall	neg 1.0		__DUMMY__ 0.9298561473084862 neg 0.035613487404706906 off 0.034530365286806995	false	1.0
ausgrenzung	neg 1.0		__DUMMY__ 0.922019710594626 off 0.043586101189737055 neg 0.03439418821563699	false	0.5
unordnung	neg 1.0		__DUMMY__ 0.9179836624792247 off 0.049889689343714454 neg 0.03212664817706089	false	0.5
fehlverhalten	neg 1.0		__DUMMY__ 0.9280102517509312 off 0.03827105125823946 neg 0.03371869699082924	false	0.5
eine			__DUMMY__ 0.9289312642923967 off 0.036269972844341254 neg 0.0347987628632621	false	0.0
nille	neg 1.0		__DUMMY__ 0.9257336333985406 off 0.04169958290171118 neg 0.03256678369974813	false	0.5
qual	neg 1.0		__DUMMY__ 0.9252814203568569 off 0.04092349215534533 neg 0.03379508748779778	false	0.5
verschwenden	neg 1.0		__DUMMY__ 0.9265208451236727 off 0.0377986080522668 neg 0.03568054682406053	false	0.5
riesig	neg 1.0		__DUMMY__ 0.9295652032348977 off 0.03771629978511438 neg 0.03271849697998785	false	0.5
verurteilen	neg 1.0		__DUMMY__ 0.9261368213734784 off 0.040104488790808274 neg 0.0337586898357133	false	0.5
klischee	neg 1.0	neg 1.0	neg 0.5018790867122163 __DUMMY__ 0.4572262998075029 off 0.04089461348028089	false	1.0
diktatorisch	neg 1.0		__DUMMY__ 0.9220708454156942 off 0.043837569504293884 neg 0.03409158508001199	false	0.5
vorhersehbar	neg 1.0		__DUMMY__ 0.9212345430273922 off 0.04419326446682145 neg 0.034572192505786435	false	0.5
sowie			__DUMMY__ 0.9143737895804502 off 0.05083219098802498 neg 0.03479401943152486	false	0.0
stornieren	neg 1.0		__DUMMY__ 0.9272712837688033 off 0.04347347934930013 neg 0.02925523688189655	false	0.5
besteuerung	neg 1.0	neg 1.0	neg 0.5044328440684606 __DUMMY__ 0.4572398536184657 off 0.03832730231307369	false	1.0
ungeschminkt	neg 1.0		__DUMMY__ 0.9197538924945209 off 0.04715761402683758 neg 0.03308849347864145	false	0.5
kritisch	neg 1.0		__DUMMY__ 0.9265253750151317 off 0.0397186381575604 neg 0.03375598682730799	false	0.5
schlamperei	off 1.0		__DUMMY__ 0.9277251865585566 off 0.03857473725336643 neg 0.03370007618807696	false	1.0
sucht	neg 1.0	neg 1.0	neg 0.4985987975827432 __DUMMY__ 0.4632714838277499 off 0.03812971858950682	false	1.0
egoistisch	off 1.0	off 1.0	off 0.5164005114808952 __DUMMY__ 0.4540015080609271 neg 0.029597980458177638	false	1.0
ausbeuter	off 1.0		__DUMMY__ 0.9258668540535991 off 0.038115548872196925 neg 0.03601759707420397	false	1.0
arschgeburt	off 1.0		__DUMMY__ 0.9068839899092238 off 0.059315254635502836 neg 0.033800755455273335	false	1.0
schubs	neg 1.0		__DUMMY__ 0.9257980504428617 off 0.038172820040641466 neg 0.03602912951649683	false	0.5
unsolide	neg 1.0		__DUMMY__ 0.9222186369704358 off 0.04402507957800801 neg 0.03375628345155621	false	0.5
beschwerde	neg 1.0		__DUMMY__ 0.9269416676807534 off 0.03989132557542614 neg 0.03316700674382047	false	0.5
stocken	neg 1.0		__DUMMY__ 0.927184217055736 off 0.03896174189020283 neg 0.03385404105406122	false	0.5
isolieren	neg 1.0		__DUMMY__ 0.9250578393611487 off 0.03985801414917156 neg 0.035084146489679766	false	0.5
unheilbar	neg 1.0		__DUMMY__ 0.9242906717590393 off 0.041645377871911825 neg 0.03406395036904883	false	0.5
pisser	off 1.0	off 1.0	off 0.5143828709278283 __DUMMY__ 0.45670329698509937 neg 0.028913832087072277	false	1.0
löschen	neg 1.0		__DUMMY__ 0.9247501315549194 off 0.04182286915344454 neg 0.0334269992916362	false	0.5
durchfallen	neg 1.0		__DUMMY__ 0.9269646898524272 off 0.039384987692385735 neg 0.033650322455186996	false	0.5
wichser	off 1.0	off 1.0	off 0.5205490182036561 __DUMMY__ 0.4484883398380759 neg 0.03096264195826794	false	1.0
terror	neg 1.0		__DUMMY__ 0.9229301003718594 off 0.04391618777892279 neg 0.033153711849217844	false	0.5
krass	neg 1.0		__DUMMY__ 0.9168230832389229 off 0.04996974616759585 neg 0.033207170593481244	false	0.5
revolte	neg 1.0		__DUMMY__ 0.9187525545473817 off 0.04500432569044266 neg 0.03624311976217573	false	0.5
besorgt	neg 1.0		__DUMMY__ 0.928052989165241 off 0.03957126893312604 neg 0.03237574190163303	false	0.5
nachlassen	neg 1.0		__DUMMY__ 0.9287190466162019 off 0.03857684949897259 neg 0.0327041038848256	false	0.5
alt	neg 1.0		__DUMMY__ 0.9232372005574176 neg 0.038880521465185364 off 0.03788227797739694	false	1.0
hundesohn	off 1.0	off 1.0	off 0.520050364420959 __DUMMY__ 0.4497612343679125 neg 0.030188401211128594	false	1.0
als			__DUMMY__ 0.9253892510872562 off 0.03970960039928424 neg 0.034901148513459546	false	0.0
abschreckung	neg 1.0		__DUMMY__ 0.9278491962408482 off 0.03760912513325488 neg 0.03454167862589701	false	0.5
unqualifiziert	neg 1.0		__DUMMY__ 0.9214879136168173 off 0.045375346714824745 neg 0.03313673966835803	false	0.5
abgewichst	off 1.0		__DUMMY__ 0.9261600831384748 off 0.040949662662514784 neg 0.0328902541990105	false	1.0
schwer	neg 1.0		__DUMMY__ 0.924544855096107 off 0.04092850771668607 neg 0.03452663718720699	false	0.5
bedeutungslosigkeit	neg 1.0		__DUMMY__ 0.9277539182440485 off 0.038019594861745436 neg 0.03422648689420608	false	0.5
kapitulation	neg 1.0		__DUMMY__ 0.9251250569794258 off 0.03954260175797354 neg 0.03533234126260067	false	0.5
unscharf	neg 1.0		__DUMMY__ 0.9198884673241667 off 0.042571918474635345 neg 0.0375396142011979	false	0.5
schwinden	neg 1.0		__DUMMY__ 0.9263343186219513 off 0.038064168087231974 neg 0.03560151329081681	false	0.5
versklavung	neg 1.0	neg 1.0	neg 0.5020271162731329 __DUMMY__ 0.4586413443690553 off 0.039331539357811834	false	1.0
schlecht	neg 1.0		__DUMMY__ 0.921547978034958 off 0.046266824374249005 neg 0.03218519759079306	false	0.5
verhasst	neg 1.0		__DUMMY__ 0.9230303358147457 off 0.04290867598100196 neg 0.034060988204252386	false	0.5
beschweren	neg 1.0		__DUMMY__ 0.9243519627130422 off 0.04301000503223307 neg 0.03263803225472471	false	0.5
scheiden	neg 1.0		__DUMMY__ 0.924307392081047 off 0.04094977430171275 neg 0.03474283361724033	false	0.5
frustriert	neg 1.0		__DUMMY__ 0.9261221215252826 off 0.040273771389983726 neg 0.033604107084733735	false	0.5
schimmelig	neg 1.0		__DUMMY__ 0.925566368798339 off 0.038097970415759935 neg 0.036335660785901065	false	0.5
fisch	neg 1.0		__DUMMY__ 0.9263976030788976 neg 0.03825371716595518 off 0.03534867975514728	false	1.0
schmuggel	neg 1.0		__DUMMY__ 0.9310494601220569 off 0.036366778322386065 neg 0.03258376155555702	false	0.5
auffallen	neg 1.0		__DUMMY__ 0.9229817888022738 off 0.04335924106897601 neg 0.03365897012875013	false	0.5
konkurrenz	neg 1.0		__DUMMY__ 0.9289830079572705 off 0.03765755663498326 neg 0.03335943540774621	false	0.5
teufelskreis	neg 1.0	neg 1.0	neg 0.5034342071407544 __DUMMY__ 0.45924268504814836 off 0.03732310781109724	false	1.0
aufschreien	neg 1.0		__DUMMY__ 0.9215695412501298 off 0.04398222961533276 neg 0.03444822913453747	false	0.5
schuldner	neg 1.0		__DUMMY__ 0.925022657034058 off 0.037857813302107676 neg 0.03711952966383448	false	0.5
missgeburt	off 1.0	off 1.0	off 0.5183383616392667 __DUMMY__ 0.4539972122667987 neg 0.027664426093934515	false	1.0
arbeitslos	neg 1.0		__DUMMY__ 0.9267260550774029 off 0.03940336910785737 neg 0.033870575814739734	false	0.5
befallen	neg 1.0		__DUMMY__ 0.9223853430536938 off 0.04080433754887567 neg 0.036810319397430576	false	0.5
miesepetrig	off 1.0	off 1.0	off 0.5111219267163478 __DUMMY__ 0.4578270161070535 neg 0.03105105717659873	false	1.0
alarmieren	neg 1.0		__DUMMY__ 0.9216158029952896 off 0.045775031899157534 neg 0.03260916510555287	false	0.5
ungeduscht	off 1.0		__DUMMY__ 0.9212780160884773 off 0.04447450641867824 neg 0.03424747749284447	false	1.0
knappheit	neg 1.0		__DUMMY__ 0.9239258747390552 off 0.03967465269217546 neg 0.036399472568769284	false	0.5
schlange	neg 1.0		__DUMMY__ 0.9248287827694114 off 0.041439094933876756 neg 0.03373212229671187	false	0.5
harsch	neg 1.0		__DUMMY__ 0.9200069638947994 off 0.04972441016314436 neg 0.0302686259420563	false	0.5
lang	neg 1.0		__DUMMY__ 0.9242545999649935 off 0.04247913006961782 neg 0.033266269965388624	false	0.5
ziellos	neg 1.0		__DUMMY__ 0.9285845907001524 off 0.03786183184697862 neg 0.033553577452868966	false	0.5
selbstverliebt	neg 1.0		__DUMMY__ 0.9109630362626593 off 0.0565067208451381 neg 0.03253024289220256	false	0.5
beseitigen	neg 1.0		__DUMMY__ 0.9276011624118611 off 0.04113445447566558 neg 0.03126438311247329	false	0.5
dumm	off 1.0		__DUMMY__ 0.9146325641807153 off 0.0520471793975231 neg 0.03332025642176164	false	1.0
arbeitsloser	neg 1.0		__DUMMY__ 0.9298508046384063 off 0.03949213935651066 neg 0.030657056005082967	false	0.5
blitzen	neg 1.0		__DUMMY__ 0.9219806171186956 off 0.044817743177079185 neg 0.03320163970422516	false	0.5
hilflos	neg 1.0		__DUMMY__ 0.9265441745287154 off 0.03927974766735581 neg 0.034176077803928784	false	0.5
eklig	off 1.0		__DUMMY__ 0.9127840989111611 off 0.05236158159252254 neg 0.03485431949631634	false	1.0
begriff			__DUMMY__ 0.9253148549860931 off 0.041104940433265624 neg 0.03358020458064132	false	0.0
hungersnot	neg 1.0		__DUMMY__ 0.9243336684329606 off 0.03969430216459192 neg 0.03597202940244746	false	0.5
ungesetzlich	neg 1.0		__DUMMY__ 0.9213495728504043 off 0.04397583131295375 neg 0.034674595836641973	false	0.5
verschwendung	neg 1.0		__DUMMY__ 0.9276360597662766 off 0.03784179146226082 neg 0.03452214877146267	false	0.5
schmerzvoll	neg 1.0		__DUMMY__ 0.9226762636110868 off 0.04265267185372165 neg 0.03467106453519156	false	0.5
vorzeitig	neg 1.0		__DUMMY__ 0.9231939937169524 off 0.04573194086092915 neg 0.031074065422118366	false	0.5
unvollkommenheit	neg 1.0		__DUMMY__ 0.927079221117638 off 0.03988995106173436 neg 0.03303082782062768	false	0.5
intervenieren	neg 1.0		__DUMMY__ 0.925317927450954 off 0.0386592960346001 neg 0.03602277651444589	false	0.5
banause	off 1.0		__DUMMY__ 0.9094322439266564 off 0.053750689841459684 neg 0.03681706623188386	false	1.0
rebell	neg 1.0		__DUMMY__ 0.9289050521639519 neg 0.03687151024823907 off 0.034223437587808915	false	1.0
unlogisch	neg 1.0		__DUMMY__ 0.9182773055892726 off 0.04840351508712649 neg 0.033319179323600956	false	0.5
leiden	neg 1.0		__DUMMY__ 0.932178442292654 off 0.03620284360646035 neg 0.031618714100885584	false	0.5
abschaffung	neg 1.0		__DUMMY__ 0.9225157014368867 off 0.04248006041696466 neg 0.03500423814614874	false	0.5
sturz	neg 1.0		__DUMMY__ 0.9273594799325419 off 0.04311030066495621 neg 0.02953021940250195	false	0.5
verkleinerung	neg 1.0		__DUMMY__ 0.9182999805077117 off 0.04526151086198966 neg 0.03643850863029866	false	0.5
schmarotzer	off 1.0		__DUMMY__ 0.9254765411819008 off 0.04021035555720025 neg 0.034313103260899015	false	1.0
bestrafung	neg 1.0	neg 1.0	neg 0.5001855082126729 __DUMMY__ 0.4616542252337347 off 0.03816026655359229	false	1.0
achtlos	neg 1.0		__DUMMY__ 0.9259962593370203 off 0.040125861385251683 neg 0.03387787927772792	false	0.5
ungeheuer	neg 1.0		__DUMMY__ 0.9226091085254485 off 0.04156514610912266 neg 0.035825745365428784	false	0.5
