unsolidarisch	neg 1.0		off 0.5107382009930035 neg 0.4224144548756443 __DUMMY__ 0.06684734413135231	false	0.5
nachteilig	neg 1.0		off 0.5099475038072847 neg 0.42228241386412535 __DUMMY__ 0.06777008232858983	false	0.5
skeptisch	neg 1.0		off 0.5076721115806719 neg 0.42461836483862236 __DUMMY__ 0.06770952358070562	false	0.5
schrecklich	neg 1.0		off 0.5190932215938405 neg 0.4146798339559433 __DUMMY__ 0.06622694445021618	false	0.5
schlapp	neg 1.0	neg 1.0	neg 0.6932136619564669 off 0.2750886087287197 __DUMMY__ 0.031697729314813336	false	1.0
abfall	neg 1.0		off 0.5055258790398309 neg 0.42636748599393776 __DUMMY__ 0.06810663496623143	false	0.5
widerspenstig	neg 1.0		off 0.5095746409173925 neg 0.4234018453140204 __DUMMY__ 0.06702351376858709	false	0.5
abrupt	neg 1.0		off 0.5056387548272704 neg 0.4268852565065007 __DUMMY__ 0.06747598866622888	false	0.5
unwirksam	neg 1.0		off 0.5077158126804056 neg 0.4258367004189797 __DUMMY__ 0.06644748690061472	false	0.5
angreifen	neg 1.0		off 0.5069013213776248 neg 0.42536597842052604 __DUMMY__ 0.06773270020184913	false	0.5
inkonsistent	neg 1.0		off 0.5125369644261923 neg 0.4207721971425304 __DUMMY__ 0.06669083843127725	false	0.5
abrutschen	neg 1.0		off 0.5045584592325335 neg 0.4274096632938483 __DUMMY__ 0.06803187747361822	false	0.5
unsicher	neg 1.0		off 0.5119028134460029 neg 0.42078550247602 __DUMMY__ 0.06731168407797729	false	0.5
bauernkind	off 1.0	off 1.0	off 0.7461518064582228 neg 0.2227321841415852 __DUMMY__ 0.031116009400192112	false	1.0
angreifer	neg 1.0		off 0.5175477476193135 neg 0.41520259700526646 __DUMMY__ 0.06724965537542017	false	0.5
trennen	neg 1.0		off 0.5072003857891823 neg 0.4249668953754127 __DUMMY__ 0.06783271883540501	false	0.5
schmutz	neg 1.0		off 0.5173994781285408 neg 0.41519642141199975 __DUMMY__ 0.06740410045945937	false	0.5
inkonsistenz	neg 1.0		off 0.5159719781893917 neg 0.41731319167801945 __DUMMY__ 0.06671483013258882	false	0.5
erschreckend	neg 1.0		off 0.510731778598025 neg 0.42199905654826303 __DUMMY__ 0.06726916485371197	false	0.5
ertrinken	neg 1.0		off 0.5054119055839551 neg 0.4269872578987732 __DUMMY__ 0.0676008365172717	false	0.5
pickelface	off 1.0		off 0.5127572594983028 neg 0.41999660508457903 __DUMMY__ 0.06724613541711831	false	1.0
seiner			off 0.5078462321425773 neg 0.42436181697821906 __DUMMY__ 0.0677919508792038	false	0.0
lauch	neg 1.0	neg 1.0	neg 0.6975675399859605 off 0.2699364365061136 __DUMMY__ 0.03249602350792591	false	1.0
unwichtig	neg 1.0		off 0.5155904259176459 neg 0.41773434125677955 __DUMMY__ 0.0666752328255746	false	0.5
steuerhinterziehung	neg 1.0		off 0.5098519357575473 neg 0.4230640812126092 __DUMMY__ 0.06708398302984364	false	0.5
schock	neg 1.0		off 0.509801514924566 neg 0.42285802395596017 __DUMMY__ 0.06734046111947373	false	0.5
beule	neg 1.0		off 0.5164962149918318 neg 0.41725796498036355 __DUMMY__ 0.06624582002780456	false	0.5
vergelten	neg 1.0		off 0.5213714334727275 neg 0.41229641402764733 __DUMMY__ 0.06633215249962522	false	0.5
verdorbenheit	neg 1.0		off 0.5129380634607256 neg 0.4199335244208783 __DUMMY__ 0.06712841211839621	false	0.5
trauma	neg 1.0		off 0.5122233157625745 neg 0.42080218254765467 __DUMMY__ 0.06697450168977087	false	0.5
sinnlos	neg 1.0		off 0.5131700806369621 neg 0.4198298082937083 __DUMMY__ 0.06700011106932964	false	0.5
fettsack	off 1.0	off 1.0	off 0.7476502334901017 neg 0.22116130835574488 __DUMMY__ 0.031188458154153314	false	1.0
feige	off 1.0	off 1.0	off 0.7453273589407376 neg 0.22303026010559246 __DUMMY__ 0.03164238095366996	false	1.0
abdanken	neg 1.0		off 0.5116807740664275 neg 0.42100406863153106 __DUMMY__ 0.06731515730204136	false	0.5
wichtigtuer	off 1.0	off 1.0	off 0.7443252615152576 neg 0.2237718785810135 __DUMMY__ 0.0319028599037289	false	1.0
misslingen	neg 1.0		off 0.5160971651597718 neg 0.4163591833929245 __DUMMY__ 0.06754365144730387	false	0.5
untreu	off 1.0		off 0.5159755264981 neg 0.4175709033935766 __DUMMY__ 0.06645357010832345	false	1.0
missmutig	neg 1.0		off 0.5133496667187349 neg 0.4200226370285214 __DUMMY__ 0.06662769625274366	false	0.5
hurenbock	off 1.0		off 0.5092158942589093 neg 0.42407271490351 __DUMMY__ 0.06671139083758049	false	1.0
betrunken	neg 1.0		off 0.5174336377121899 neg 0.4163428334642453 __DUMMY__ 0.06622352882356478	false	0.5
korrupt	off 1.0		off 0.5086992661403585 neg 0.42427563118732586 __DUMMY__ 0.06702510267231565	false	1.0
unmut	neg 1.0		off 0.506115467999018 neg 0.4259969874229283 __DUMMY__ 0.0678875445780538	false	0.5
hackfresse	off 1.0		off 0.5224042995436963 neg 0.4119283908681507 __DUMMY__ 0.06566730958815299	false	1.0
aufblasen	neg 1.0		off 0.5107991595757567 neg 0.42218252253622407 __DUMMY__ 0.06701831788801929	false	0.5
gewaltsam	neg 1.0		off 0.5127752948734068 neg 0.4197725409310538 __DUMMY__ 0.06745216419553927	false	0.5
unbeliebtheit	neg 1.0		off 0.5173080678802724 neg 0.41608408856596474 __DUMMY__ 0.06660784355376283	false	0.5
sturheit	neg 1.0		off 0.5119141991996593 neg 0.42061992043702956 __DUMMY__ 0.06746588036331118	false	0.5
kuh	neg 1.0		off 0.5090790489286766 neg 0.4249001300340816 __DUMMY__ 0.06602082103724188	false	0.5
erschrecken	neg 1.0		off 0.514684220733235 neg 0.41856323942413864 __DUMMY__ 0.06675253984262618	false	0.5
opfer	neg 1.0		off 0.5101504994793632 neg 0.4220665326762016 __DUMMY__ 0.06778296784443516	false	0.5
sinken	neg 1.0		off 0.5050387443904859 neg 0.4273770754676932 __DUMMY__ 0.06758418014182083	false	0.5
stinktier	neg 1.0		off 0.517671084624845 neg 0.4168926459399414 __DUMMY__ 0.06543626943521363	false	0.5
tucke	off 1.0		off 0.5217256272947851 neg 0.4132326221794403 __DUMMY__ 0.06504175052577461	false	1.0
ein			off 0.5081153601595079 neg 0.4250103145750945 __DUMMY__ 0.06687432526539748	false	0.0
abstieg	neg 1.0		off 0.512816510924646 neg 0.4192906187275769 __DUMMY__ 0.06789287034777707	false	0.5
missverstehen	neg 1.0		off 0.5138310050896047 neg 0.4192803580673994 __DUMMY__ 0.06688863684299605	false	0.5
ergebnislos	neg 1.0		off 0.5105369570258513 neg 0.4215748809830358 __DUMMY__ 0.06788816199111289	false	0.5
unter			off 0.5032211145053156 neg 0.42806601911629316 __DUMMY__ 0.06871286637839125	false	0.0
manipulieren	neg 1.0		off 0.5083230913067734 neg 0.4239515957875238 __DUMMY__ 0.06772531290570281	false	0.5
unbewiesen	neg 1.0		off 0.5119226975299104 neg 0.42110299280826086 __DUMMY__ 0.06697430966182893	false	0.5
verschleppen	neg 1.0		off 0.508756367945354 neg 0.42385892613394316 __DUMMY__ 0.06738470592070304	false	0.5
weib	off 1.0		off 0.5236762800478953 neg 0.4109819949358215 __DUMMY__ 0.06534172501628308	false	1.0
opposition	neg 1.0		off 0.511526679716844 neg 0.421690466239574 __DUMMY__ 0.066782854043582	false	0.5
verkehrswidrig	neg 1.0		off 0.5237535985177433 neg 0.4096970219702109 __DUMMY__ 0.0665493795120457	false	0.5
inkorrekt	neg 1.0		off 0.5187730797976413 neg 0.415013999973195 __DUMMY__ 0.06621292022916368	false	0.5
vermeiden	neg 1.0		off 0.5054202483083812 neg 0.42632379659340053 __DUMMY__ 0.06825595509821822	false	0.5
abweichung	neg 1.0		off 0.5102144116091033 neg 0.4222674603973925 __DUMMY__ 0.06751812799350419	false	0.5
alkoholisiert	neg 1.0		off 0.5103658254244624 neg 0.42150120510819034 __DUMMY__ 0.0681329694673473	false	0.5
scheiss	off 1.0	off 1.0	off 0.7459023702881376 neg 0.2225666891827487 __DUMMY__ 0.03153094052911382	false	1.0
herausforderung	neg 1.0		off 0.5094485870904429 neg 0.4230845774739306 __DUMMY__ 0.06746683543562647	false	0.5
pervers	off 1.0		off 0.5259536442136558 neg 0.40889223705250494 __DUMMY__ 0.06515411873383944	false	1.0
wackelig	neg 1.0		off 0.5092847753857819 neg 0.42324145930904916 __DUMMY__ 0.06747376530516888	false	0.5
verwickeln	neg 1.0		off 0.5126943872181202 neg 0.42037697056048456 __DUMMY__ 0.06692864222139529	false	0.5
vorwand	neg 1.0		off 0.5067948138234805 neg 0.4254053213663359 __DUMMY__ 0.06779986481018369	false	0.5
muschi	off 1.0		off 0.5125851373707359 neg 0.41994647189478823 __DUMMY__ 0.06746839073447583	false	1.0
entmutigung	neg 1.0		off 0.5105874590054044 neg 0.42296048815123555 __DUMMY__ 0.0664520528433602	false	0.5
unangemessen	neg 1.0		off 0.5108154626314558 neg 0.42181519405874435 __DUMMY__ 0.06736934330979993	false	0.5
unstetig	neg 1.0		off 0.5156701582025703 neg 0.41749001176100003 __DUMMY__ 0.06683983003642958	false	0.5
entmutigen	neg 1.0		off 0.5117826936177253 neg 0.4211930833342364 __DUMMY__ 0.06702422304803837	false	0.5
schwanz	neg 1.0		off 0.5101795652337245 neg 0.4222557940402993 __DUMMY__ 0.06756464072597615	false	0.5
verbot	neg 1.0		off 0.5092679020971954 neg 0.42354330193019146 __DUMMY__ 0.06718879597261322	false	0.5
leid	neg 1.0		off 0.5202603297381082 neg 0.41373063385637643 __DUMMY__ 0.06600903640551545	false	0.5
archaisch	neg 1.0		off 0.5100551141473672 neg 0.422634494985006 __DUMMY__ 0.06731039086762686	false	0.5
gegen			off 0.5077318847981163 neg 0.4242366529539262 __DUMMY__ 0.06803146224795747	false	0.0
scheidung	neg 1.0		off 0.5316830813058431 neg 0.4030354202744841 __DUMMY__ 0.06528149841967273	false	0.5
einschlag	neg 1.0		off 0.5222540361424646 neg 0.41112438739964424 __DUMMY__ 0.06662157645789114	false	0.5
m			off 0.509963020363729 neg 0.4225776380958308 __DUMMY__ 0.06745934154044017	false	0.0
abgestanden	neg 1.0		off 0.50628619643437 neg 0.4273872542065303 __DUMMY__ 0.06632654935909973	false	0.5
schmierig	off 1.0		off 0.5190080408937534 neg 0.41508472697596843 __DUMMY__ 0.06590723213027812	false	1.0
unpraktisch	neg 1.0		off 0.5129166895555513 neg 0.4199983465298632 __DUMMY__ 0.06708496391458556	false	0.5
wixxer	off 1.0		off 0.5252786685894365 neg 0.4097587687503669 __DUMMY__ 0.06496256266019662	false	1.0
bezeichnet			off 0.5124307139844508 neg 0.4202949494783306 __DUMMY__ 0.06727433653721861	false	0.0
jammerlappen	off 1.0		off 0.515476444991702 neg 0.417919738114097 __DUMMY__ 0.06660381689420117	false	1.0
farce	neg 1.0		off 0.5103418082458395 neg 0.42268193763802236 __DUMMY__ 0.06697625411613817	false	0.5
zwecklos	neg 1.0		off 0.5092468448974504 neg 0.4233975843419665 __DUMMY__ 0.06735557076058309	false	0.5
turbulent	neg 1.0		off 0.5167889638862896 neg 0.41695409780949205 __DUMMY__ 0.0662569383042183	false	0.5
invasion	neg 1.0		off 0.5135990037330418 neg 0.4195102217241451 __DUMMY__ 0.06689077454281318	false	0.5
schuld	neg 1.0		off 0.5125348833182136 neg 0.42039384797654816 __DUMMY__ 0.06707126870523825	false	0.5
risiko	neg 1.0		off 0.5115849356249957 neg 0.4217300178521649 __DUMMY__ 0.06668504652283923	false	0.5
finster	neg 1.0		off 0.5087097012983095 neg 0.42446988868627755 __DUMMY__ 0.06682041001541292	false	0.5
geisteskrank	off 1.0		off 0.5177417941288716 neg 0.4159069599332173 __DUMMY__ 0.06635124593791103	false	1.0
zusammenbrechen	neg 1.0		off 0.5090106883397986 neg 0.4237040825677335 __DUMMY__ 0.06728522909246792	false	0.5
ausbeute	neg 1.0		off 0.5119415562796618 neg 0.4205395609859833 __DUMMY__ 0.06751888273435504	false	0.5
hinterhalt	neg 1.0		off 0.5107247411934729 neg 0.42191267334021865 __DUMMY__ 0.06736258546630858	false	0.5
kritik	neg 1.0		off 0.5101270073148416 neg 0.42286537056527884 __DUMMY__ 0.06700762211987969	false	0.5
einschrumpfen	neg 1.0		off 0.5148684932864964 neg 0.41870054133895745 __DUMMY__ 0.06643096537454608	false	0.5
riskant	neg 1.0		off 0.5074672121798058 neg 0.4249059762101634 __DUMMY__ 0.06762681161003095	false	0.5
frustrieren	neg 1.0		off 0.5078377090673215 neg 0.42468701589052316 __DUMMY__ 0.06747527504215543	false	0.5
groll	neg 1.0		off 0.5105202677355183 neg 0.4219803935200091 __DUMMY__ 0.06749933874447267	false	0.5
gibt			off 0.5095255370291875 neg 0.42301012833607116 __DUMMY__ 0.06746433463474139	false	0.0
qualvoll	neg 1.0		off 0.5124957530994064 neg 0.42065274757683446 __DUMMY__ 0.06685149932375893	false	0.5
wackeln	neg 1.0		off 0.5106280899493204 neg 0.4222442138183812 __DUMMY__ 0.06712769623229843	false	0.5
klagen	neg 1.0		off 0.5064290577572749 neg 0.42588389974214674 __DUMMY__ 0.06768704250057836	false	0.5
bankrott	neg 1.0		off 0.5162109256371679 neg 0.4169610782933599 __DUMMY__ 0.06682799606947208	false	0.5
trauern	neg 1.0		off 0.5104790353838247 neg 0.4214583027983844 __DUMMY__ 0.0680626618177909	false	0.5
ablehnung	neg 1.0		off 0.5097231725261515 neg 0.4231821075526797 __DUMMY__ 0.06709471992116882	false	0.5
stur	neg 1.0		off 0.5116560965424098 neg 0.42140610861358835 __DUMMY__ 0.06693779484400168	false	0.5
aufruhr	neg 1.0		off 0.5109345895850979 neg 0.4220053316816916 __DUMMY__ 0.06706007873321071	false	0.5
melancholie	neg 1.0		off 0.5047494313585166 neg 0.4279835327073317 __DUMMY__ 0.06726703593415191	false	0.5
ist			off 0.5127653015093177 neg 0.4202368054178234 __DUMMY__ 0.06699789307285894	false	0.0
torheit	neg 1.0		off 0.5127312778181397 neg 0.42020537655312595 __DUMMY__ 0.06706334562873424	false	0.5
dreckskind	off 1.0		off 0.5233897788269868 neg 0.41107274165290253 __DUMMY__ 0.06553747952011053	false	1.0
umtauschen	neg 1.0		off 0.510396997092292 neg 0.422444654326691 __DUMMY__ 0.06715834858101709	false	0.5
zum			off 0.5078982717657429 neg 0.42347659000233034 __DUMMY__ 0.06862513823192687	false	0.0
zersetzen	neg 1.0		off 0.5063632292717691 neg 0.426150461721795 __DUMMY__ 0.0674863090064358	false	0.5
zur			off 0.5058957309975979 neg 0.4258038121296694 __DUMMY__ 0.06830045687273287	false	0.0
frust	neg 1.0		off 0.5088608577132837 neg 0.4238168528394776 __DUMMY__ 0.0673222894472386	false	0.5
unerbittlichkeit	neg 1.0		off 0.5092180920246955 neg 0.4230507246761596 __DUMMY__ 0.06773118329914482	false	0.5
zwei			off 0.5047300871201851 neg 0.4270299672740847 __DUMMY__ 0.06823994560573024	false	0.0
unkorrekt	neg 1.0		off 0.5175474057897236 neg 0.416162162929776 __DUMMY__ 0.06629043128050043	false	0.5
hexe	off 1.0		off 0.5125725023523723 neg 0.4212326628389461 __DUMMY__ 0.06619483480868153	false	1.0
lasch	neg 1.0		off 0.5146291008282703 neg 0.4186959221286934 __DUMMY__ 0.06667497704303638	false	0.5
rivale	neg 1.0		off 0.5197989916967081 neg 0.4138899874625051 __DUMMY__ 0.06631102084078697	false	0.5
mutlos	off 1.0	off 1.0	off 0.7417523917289441 neg 0.22605130006402657 __DUMMY__ 0.032196308207029206	false	1.0
wirr	off 1.0		off 0.5184782779175905 neg 0.41554157955136767 __DUMMY__ 0.06598014253104185	false	1.0
jahr			off 0.511100266380716 neg 0.42068863722124866 __DUMMY__ 0.06821109639803542	false	0.0
wird			off 0.5093079918044466 neg 0.42313773432276924 __DUMMY__ 0.0675542738727841	false	0.0
strafbar	neg 1.0		off 0.508570337230025 neg 0.4237719353540073 __DUMMY__ 0.06765772741596777	false	0.5
erosion	neg 1.0		off 0.5121708409281204 neg 0.4205893416478915 __DUMMY__ 0.067239817423988	false	0.5
eingehen	neg 1.0		off 0.5074744133546469 neg 0.42506450266616336 __DUMMY__ 0.06746108397918965	false	0.5
faul	off 1.0		off 0.5150103371718605 neg 0.4182872301049388 __DUMMY__ 0.0667024327232007	false	1.0
provisorium	neg 1.0		off 0.5036515294989664 neg 0.42758988593199276 __DUMMY__ 0.06875858456904081	false	0.5
schmerzen	neg 1.0		off 0.5085517907854364 neg 0.4244305096544139 __DUMMY__ 0.06701769956014975	false	0.5
schrumpfen	neg 1.0		off 0.5028038867395747 neg 0.42938853387665094 __DUMMY__ 0.06780757938377428	false	0.5
geistlos	off 1.0		off 0.5130798780155953 neg 0.4202231962008803 __DUMMY__ 0.06669692578352451	false	1.0
fehlkauf	neg 1.0		off 0.5133556653143291 neg 0.4198074786565204 __DUMMY__ 0.06683685602915035	false	0.5
frustrierend	neg 1.0		off 0.5142674205693153 neg 0.41901833335956357 __DUMMY__ 0.06671424607112111	false	0.5
unzufrieden	neg 1.0		off 0.5094128080149158 neg 0.42315627760687285 __DUMMY__ 0.06743091437821135	false	0.5
verzweifeln	neg 1.0		off 0.5105680433778483 neg 0.4221195908776227 __DUMMY__ 0.06731236574452884	false	0.5
verzweifelt	neg 1.0		off 0.5117484848550978 neg 0.4213097091676696 __DUMMY__ 0.06694180597723254	false	0.5
misstrauensantrag	neg 1.0		off 0.5124704968120085 neg 0.42070064346710484 __DUMMY__ 0.06682885972088667	false	0.5
abfallen	neg 1.0		off 0.5105676390975865 neg 0.422415627768375 __DUMMY__ 0.06701673313403854	false	0.5
fucker	off 1.0		off 0.518954724762591 neg 0.41468751272378207 __DUMMY__ 0.06635776251362692	false	1.0
ungezogen	neg 1.0		off 0.524467875918989 neg 0.41007219559665237 __DUMMY__ 0.06545992848435861	false	0.5
irrsinnig	neg 1.0	neg 1.0	neg 0.694879788238789 off 0.27316305294868853 __DUMMY__ 0.03195715881252251	false	1.0
unfassbar	neg 1.0		off 0.5168051286818987 neg 0.4166059386195722 __DUMMY__ 0.06658893269852921	false	0.5
hart	neg 1.0		off 0.5149327473527814 neg 0.41889446565781857 __DUMMY__ 0.06617278698940003	false	0.5
widerlich	off 1.0		off 0.516886093965612 neg 0.4166558169051795 __DUMMY__ 0.06645808912920834	false	1.0
fatal	neg 1.0	neg 1.0	neg 0.6953972869062417 off 0.27291441362311875 __DUMMY__ 0.03168829947063947	false	1.0
bruch	neg 1.0		off 0.5055098146069952 neg 0.42662052018473606 __DUMMY__ 0.06786966520826869	false	0.5
aushungern	neg 1.0		off 0.5093306032355862 neg 0.4235145252924139 __DUMMY__ 0.0671548714719998	false	0.5
anspannung	neg 1.0		off 0.5058409445198706 neg 0.42577759663933445 __DUMMY__ 0.0683814588407949	false	0.5
von			off 0.5071471001934418 neg 0.42507139341709954 __DUMMY__ 0.06778150638945875	false	0.0
kraftlos	neg 1.0		off 0.5084911540210157 neg 0.42410944714158866 __DUMMY__ 0.06739939883739553	false	0.5
vom			off 0.5050088949424535 neg 0.4261315784347192 __DUMMY__ 0.06885952662282721	false	0.0
grenzdebil	off 1.0		off 0.516014032835228 neg 0.41760044382477274 __DUMMY__ 0.06638552333999936	false	1.0
vor			off 0.5061868566688509 neg 0.4258949174511226 __DUMMY__ 0.06791822588002665	false	0.0
unterwerfen	neg 1.0		off 0.509540016322374 neg 0.4228023408524705 __DUMMY__ 0.06765764282515561	false	0.5
versenkung	neg 1.0		off 0.5091194024212453 neg 0.4231438948539034 __DUMMY__ 0.06773670272485142	false	0.5
entziehen	neg 1.0		off 0.5068352096965282 neg 0.42533549108761776 __DUMMY__ 0.06782929921585419	false	0.5
finanzkrise	neg 1.0		off 0.5060773823443652 neg 0.42751424051971826 __DUMMY__ 0.06640837713591657	false	0.5
schimpfend	neg 1.0		off 0.513121041388486 neg 0.4196368922843318 __DUMMY__ 0.06724206632718217	false	0.5
profan	neg 1.0		off 0.5126430197819994 neg 0.42054978416437433 __DUMMY__ 0.0668071960536263	false	0.5
korruption	neg 1.0		off 0.5080651329518986 neg 0.42484399717032206 __DUMMY__ 0.06709086987777929	false	0.5
â			off 0.5092369869761404 neg 0.4232779305346435 __DUMMY__ 0.0674850824892161	false	0.0
schmutzig	neg 1.0		off 0.5159771886395262 neg 0.41767002293112687 __DUMMY__ 0.06635278842934687	false	0.5
sexy	neg 1.0		off 0.5153709053308339 neg 0.41775577682968085 __DUMMY__ 0.06687331783948518	false	0.5
abraten	neg 1.0		off 0.5134370413549545 neg 0.4195279008081483 __DUMMY__ 0.06703505783689709	false	0.5
schwarz	neg 1.0		off 0.5137877895028956 neg 0.4192096293207371 __DUMMY__ 0.06700258117636737	false	0.5
fotze	off 1.0	off 1.0	off 0.7426777051675778 neg 0.2250884028704784 __DUMMY__ 0.032233891961943865	false	1.0
verwirren	neg 1.0		off 0.5134506014818989 neg 0.41967333873513385 __DUMMY__ 0.06687605978296714	false	0.5
zahnlos	off 1.0		off 0.5102074432730531 neg 0.42246064943885475 __DUMMY__ 0.06733190728809223	false	1.0
verheeren	neg 1.0		off 0.5256931221963732 neg 0.40894210249927954 __DUMMY__ 0.06536477530434713	false	0.5
hippie	neg 1.0		off 0.5146289395536264 neg 0.41853337757470593 __DUMMY__ 0.06683768287166766	false	0.5
rammen	neg 1.0		off 0.5128137670698737 neg 0.41997663727970186 __DUMMY__ 0.06720959565042435	false	0.5
unlauter	neg 1.0		off 0.512393766508794 neg 0.42080268577776736 __DUMMY__ 0.06680354771343872	false	0.5
unheilvoll	neg 1.0		off 0.5116703954914747 neg 0.4214138061789768 __DUMMY__ 0.06691579832954843	false	0.5
niedrig	neg 1.0		off 0.5071730756409115 neg 0.4256318017344602 __DUMMY__ 0.06719512262462835	false	0.5
explosion	neg 1.0		off 0.5149319684673584 neg 0.41816939843772827 __DUMMY__ 0.06689863309491337	false	0.5
weichei	off 1.0	off 1.0	off 0.747085825558176 neg 0.22171047559247936 __DUMMY__ 0.03120369884934454	false	1.0
minusmensch	off 1.0		off 0.5254836491613049 neg 0.4091431223904693 __DUMMY__ 0.06537322844822573	false	1.0
farblos	neg 1.0		off 0.5125911930952045 neg 0.4203794194500605 __DUMMY__ 0.06702938745473488	false	0.5
unwissend	neg 1.0	neg 1.0	neg 0.6934486054632902 off 0.27484416560992164 __DUMMY__ 0.031707228926788115	false	1.0
traurig	neg 1.0		off 0.5189224348520932 neg 0.41477988619204187 __DUMMY__ 0.06629767895586486	false	0.5
senkung	neg 1.0		off 0.5102724754276371 neg 0.4234540944258013 __DUMMY__ 0.06627343014656169	false	0.5
ungleich	neg 1.0	neg 1.0	neg 0.6964963186314148 off 0.27130132678861807 __DUMMY__ 0.03220235457996721	false	1.0
heikel	neg 1.0		off 0.507773017723992 neg 0.42459569516582596 __DUMMY__ 0.06763128711018217	false	0.5
drosselung	neg 1.0		off 0.5143808899717164 neg 0.4195651012783044 __DUMMY__ 0.06605400874997927	false	0.5
falsch	neg 1.0		off 0.5154571269190915 neg 0.41770882155014144 __DUMMY__ 0.06683405153076721	false	0.5
unzufriedenheit	neg 1.0		off 0.506462792940479 neg 0.4260482197553734 __DUMMY__ 0.06748898730414762	false	0.5
kurz	neg 1.0		off 0.5105188999870999 neg 0.4219286719214062 __DUMMY__ 0.06755242809149391	false	0.5
unsinnig	neg 1.0		off 0.5095084475582856 neg 0.42339681930122114 __DUMMY__ 0.06709473314049334	false	0.5
penner	off 1.0	off 1.0	off 0.7483657052692432 neg 0.22045742078443695 __DUMMY__ 0.03117687394631985	false	1.0
seicht	neg 1.0		off 0.521514570083268 neg 0.4132791300985479 __DUMMY__ 0.06520629981818413	false	0.5
dummheit	off 1.0	off 1.0	off 0.7437671364978846 neg 0.22444640277784167 __DUMMY__ 0.031786460724273644	false	1.0
unerfreulich	neg 1.0		off 0.5076826676056283 neg 0.4246305346111409 __DUMMY__ 0.0676867977832307	false	0.5
motherfucker	off 1.0	off 1.0	off 0.7465085493965214 neg 0.22190052679352773 __DUMMY__ 0.0315909238099508	false	1.0
pikiert	neg 1.0		off 0.5150837105166214 neg 0.41847709853727066 __DUMMY__ 0.06643919094610783	false	0.5
wrack	neg 1.0		off 0.5139441270708112 neg 0.41804725105746826 __DUMMY__ 0.0680086218717207	false	0.5
gangster	neg 1.0		off 0.5147134270295277 neg 0.4184875716596633 __DUMMY__ 0.06679900131080897	false	0.5
krank	neg 1.0		off 0.5169672412229458 neg 0.4165192134311661 __DUMMY__ 0.0665135453458882	false	0.5
reich	neg 1.0		off 0.5117818924750686 neg 0.4220468841916631 __DUMMY__ 0.06617122333326834	false	0.5
gnadenlos	neg 1.0		off 0.5127725599500705 neg 0.4200564788223749 __DUMMY__ 0.06717096122755462	false	0.5
niedergeschlagen	neg 1.0		off 0.5099475015763717 neg 0.42250248033157184 __DUMMY__ 0.06755001809205645	false	0.5
terrorisieren	off 1.0	off 1.0	off 0.741290247454283 neg 0.22643447361315597 __DUMMY__ 0.03227527893256114	false	1.0
sinnlosigkeit	neg 1.0		off 0.509896790658636 neg 0.4227157000309068 __DUMMY__ 0.0673875093104573	false	0.5
behindern	neg 1.0		off 0.5108884392168324 neg 0.4219733698400386 __DUMMY__ 0.06713819094312898	false	0.5
undemokratisch	neg 1.0		off 0.5126684941308084 neg 0.4205277256993938 __DUMMY__ 0.0668037801697979	false	0.5
wirtschaftskrise	neg 1.0		off 0.5069293406593534 neg 0.42608353509479974 __DUMMY__ 0.06698712424584692	false	0.5
neid	neg 1.0		off 0.5136509060629861 neg 0.41963358376405313 __DUMMY__ 0.06671551017296062	false	0.5
rutschen	neg 1.0		off 0.5040940643914307 neg 0.4277040332116668 __DUMMY__ 0.06820190239690271	false	0.5
rezession	neg 1.0		off 0.5144087685885584 neg 0.420075904807583 __DUMMY__ 0.06551532660385843	false	0.5
fehlgeburt	neg 1.0		off 0.5125975227967051 neg 0.42015971260240553 __DUMMY__ 0.06724276460088925	false	0.5
charakterschwach	off 1.0		off 0.5160357732959082 neg 0.417526066276576 __DUMMY__ 0.06643816042751582	false	1.0
isolation	neg 1.0		off 0.5158062373313818 neg 0.41729339756685024 __DUMMY__ 0.06690036510176806	false	0.5
ablenkung	neg 1.0		off 0.5117340844763308 neg 0.4209516903453643 __DUMMY__ 0.06731422517830489	false	0.5
pech	neg 1.0		off 0.5143045948298672 neg 0.4191087252077904 __DUMMY__ 0.06658667996234231	false	0.5
vermeidung	neg 1.0		off 0.5156518313835765 neg 0.4180415773349084 __DUMMY__ 0.06630659128151514	false	0.5
dominieren	neg 1.0		off 0.5104962753448762 neg 0.4221249605471815 __DUMMY__ 0.0673787641079424	false	0.5
schwindlig	neg 1.0		off 0.5122697159313198 neg 0.42090657993285746 __DUMMY__ 0.06682370413582282	false	0.5
lutscher	neg 1.0		off 0.5232366748478394 neg 0.41171874824303784 __DUMMY__ 0.06504457690912267	false	0.5
pflicht	neg 1.0		off 0.5074926856542566 neg 0.4246028844452791 __DUMMY__ 0.06790442990046434	false	0.5
faschist	off 1.0		off 0.5149663204151975 neg 0.4182319596898507 __DUMMY__ 0.06680171989495168	false	1.0
verschleudern	neg 1.0		off 0.5052369196066953 neg 0.4277293370254054 __DUMMY__ 0.06703374336789931	false	0.5
wenn			off 0.5148961960735156 neg 0.41851570453090997 __DUMMY__ 0.06658809939557453	false	0.0
ehebruch	neg 1.0		off 0.5087251197471244 neg 0.4238605026203509 __DUMMY__ 0.06741437763252475	false	0.5
spott	off 1.0		off 0.5099256344962353 neg 0.4224422768744211 __DUMMY__ 0.06763208862934346	false	1.0
trostlosigkeit	neg 1.0		off 0.5054554785533234 neg 0.4269558737786284 __DUMMY__ 0.06758864766804819	false	0.5
lutschen	neg 1.0		off 0.5159909880830627 neg 0.41717753354699333 __DUMMY__ 0.0668314783699441	false	0.5
undiszipliniert	neg 1.0		off 0.5178197244440397 neg 0.415893371904979 __DUMMY__ 0.06628690365098135	false	0.5
kopfschmerz	neg 1.0		off 0.5056017100721978 neg 0.4273779757381655 __DUMMY__ 0.06702031418963676	false	0.5
unvorhergesehen	neg 1.0		off 0.507569583002317 neg 0.42458464762101994 __DUMMY__ 0.06784576937666312	false	0.5
desinteressiert	neg 1.0		off 0.5171399047308015 neg 0.41652796864307073 __DUMMY__ 0.06633212662612775	false	0.5
armselig	off 1.0		off 0.5194975805916611 neg 0.414321089042862 __DUMMY__ 0.06618133036547687	false	1.0
desaster	neg 1.0		off 0.5052241233345622 neg 0.42708657498436525 __DUMMY__ 0.0676893016810726	false	0.5
tod	neg 1.0		off 0.508848775568581 neg 0.4235491650370472 __DUMMY__ 0.0676020593943718	false	0.5
herzlos	neg 1.0		off 0.5186035159253177 neg 0.4152296680503664 __DUMMY__ 0.06616681602431589	false	0.5
unwissenheit	neg 1.0		off 0.5094733054398978 neg 0.42313425862085535 __DUMMY__ 0.06739243593924694	false	0.5
widersinnig	neg 1.0		off 0.5086154005828105 neg 0.42445365111517047 __DUMMY__ 0.066930948302019	false	0.5
bedenklich	neg 1.0		off 0.5081701838522809 neg 0.4244341085914636 __DUMMY__ 0.06739570755625555	false	0.5
beanstanden	neg 1.0		off 0.5086372140701834 neg 0.4234360293691774 __DUMMY__ 0.06792675656063914	false	0.5
panisch	neg 1.0		off 0.5133349105031825 neg 0.4196262985551888 __DUMMY__ 0.06703879094162883	false	0.5
debil	off 1.0		off 0.5032050312960842 neg 0.4282949880687409 __DUMMY__ 0.06849998063517501	false	1.0
abstrich	neg 1.0		off 0.510638242291224 neg 0.4220443278348956 __DUMMY__ 0.06731742987388024	false	0.5
primitiv	neg 1.0		off 0.5176681822645804 neg 0.415947250472274 __DUMMY__ 0.06638456726314544	false	0.5
abschaum	off 1.0	off 1.0	off 0.7461208971581178 neg 0.22207172815254492 __DUMMY__ 0.03180737468933728	false	1.0
provozieren	neg 1.0		off 0.5118267297158186 neg 0.42115526072360854 __DUMMY__ 0.06701800956057297	false	0.5
tot	neg 1.0		off 0.5101543487040133 neg 0.4224367288738604 __DUMMY__ 0.06740892242212634	false	0.5
instabil	neg 1.0		off 0.5180156321043616 neg 0.4161171343014551 __DUMMY__ 0.06586723359418335	false	0.5
schwuchtel	off 1.0	off 1.0	off 0.7518310638344018 neg 0.21738627336950392 __DUMMY__ 0.030782662796094356	false	1.0
zerren	neg 1.0		off 0.509706939631204 neg 0.4227582848404829 __DUMMY__ 0.06753477552831319	false	0.5
kinderficker	off 1.0		off 0.5212776310230455 neg 0.41282688005260243 __DUMMY__ 0.06589548892435201	false	1.0
gefahr	neg 1.0		off 0.507827888401907 neg 0.42433239271746126 __DUMMY__ 0.06783971888063184	false	0.5
rabiat	neg 1.0		off 0.5097496677841877 neg 0.4231360201766476 __DUMMY__ 0.06711431203916456	false	0.5
verlangsamung	neg 1.0		off 0.5214361236784142 neg 0.4130519464988124 __DUMMY__ 0.06551192982277355	false	0.5
ausgestorben	neg 1.0		off 0.5109091255543654 neg 0.42170628719802145 __DUMMY__ 0.06738458724761315	false	0.5
anklagen	neg 1.0		off 0.5103475017152801 neg 0.42230253873162443 __DUMMY__ 0.0673499595530954	false	0.5
trott	neg 1.0		off 0.5116401678267055 neg 0.4211467208813172 __DUMMY__ 0.0672131112919773	false	0.5
verminderung	neg 1.0		off 0.5157035609784255 neg 0.4179964560559263 __DUMMY__ 0.06629998296564828	false	0.5
nach			off 0.5044213623609213 neg 0.4270456317950156 __DUMMY__ 0.06853300584406327	false	0.0
rost	neg 1.0		off 0.5259569782093378 neg 0.4081461889825591 __DUMMY__ 0.06589683280810306	false	0.5
destruktiv	neg 1.0		off 0.5107063602373889 neg 0.4222024167226739 __DUMMY__ 0.06709122303993711	false	0.5
unzumutbarkeit	neg 1.0		off 0.5176695494847138 neg 0.4157256776495938 __DUMMY__ 0.06660477286569257	false	0.5
labil	off 1.0	off 1.0	off 0.7451514641658908 neg 0.22310193656526597 __DUMMY__ 0.03174659926884314	false	1.0
ziemlich	neg 1.0		off 0.5169014537226596 neg 0.41642897670701967 __DUMMY__ 0.06666956957032066	false	0.5
lachnummer	off 1.0		off 0.5123282653082025 neg 0.4204604994051064 __DUMMY__ 0.067211235286691	false	1.0
oder			off 0.5123799227738273 neg 0.4203955812763397 __DUMMY__ 0.067224495949833	false	0.0
verfall	neg 1.0		off 0.5033722884210371 neg 0.42876614912538447 __DUMMY__ 0.06786156245357838	false	0.5
ausgrenzung	neg 1.0		off 0.5125329873658105 neg 0.4206699844988977 __DUMMY__ 0.06679702813529176	false	0.5
unordnung	neg 1.0		off 0.5208307072228756 neg 0.4130056783575667 __DUMMY__ 0.06616361441955765	false	0.5
fehlverhalten	neg 1.0		off 0.5083152149484882 neg 0.42405888027951577 __DUMMY__ 0.06762590477199604	false	0.5
eine			off 0.5058503705798383 neg 0.4264137631919406 __DUMMY__ 0.06773586622822099	false	0.0
nille	neg 1.0		off 0.5127197244250269 neg 0.41998903150159367 __DUMMY__ 0.06729124407337941	false	0.5
qual	neg 1.0		off 0.5111549874249167 neg 0.4216299177132727 __DUMMY__ 0.0672150948618106	false	0.5
verschwenden	neg 1.0		off 0.506485150559968 neg 0.42611341242224 __DUMMY__ 0.0674014370177919	false	0.5
riesig	neg 1.0		off 0.5094149233007167 neg 0.422879197218661 __DUMMY__ 0.06770587948062226	false	0.5
verurteilen	neg 1.0		off 0.5099442785165755 neg 0.42269228062359093 __DUMMY__ 0.06736344085983363	false	0.5
klischee	neg 1.0	neg 1.0	neg 0.6941987905281897 off 0.27408486472406823 __DUMMY__ 0.031716344747742	false	1.0
diktatorisch	neg 1.0		off 0.5129462529576544 neg 0.42023849207758385 __DUMMY__ 0.06681525496476161	false	0.5
vorhersehbar	neg 1.0		off 0.5131850315842807 neg 0.4201107204376897 __DUMMY__ 0.06670424797802947	false	0.5
sowie			off 0.5193231793334989 neg 0.41493817652067655 __DUMMY__ 0.0657386441458246	false	0.0
stornieren	neg 1.0		off 0.5173494889799946 neg 0.415244918979514 __DUMMY__ 0.06740559204049146	false	0.5
besteuerung	neg 1.0	neg 1.0	neg 0.6967678749568864 off 0.27154905608577196 __DUMMY__ 0.03168306895734156	false	1.0
ungeschminkt	neg 1.0		off 0.517912969670528 neg 0.41571147462735547 __DUMMY__ 0.0663755557021164	false	0.5
kritisch	neg 1.0		off 0.5095999876816021 neg 0.42297235865816796 __DUMMY__ 0.06742765366023001	false	0.5
schlamperei	off 1.0		off 0.5086162765589832 neg 0.4238256043048482 __DUMMY__ 0.06755811913616874	false	1.0
sucht	neg 1.0	neg 1.0	neg 0.6933175025555296 off 0.27457365826649544 __DUMMY__ 0.03210883917797501	false	1.0
egoistisch	off 1.0	off 1.0	off 0.7483569303573293 neg 0.22021189998807483 __DUMMY__ 0.031431169654595845	false	1.0
ausbeuter	off 1.0		off 0.5061666323808256 neg 0.4264878991986303 __DUMMY__ 0.06734546842054419	false	1.0
arschgeburt	off 1.0		off 0.5275543977726102 neg 0.4076802292308303 __DUMMY__ 0.06476537299655946	false	1.0
schubs	neg 1.0		off 0.5071879064276437 neg 0.4256201735554837 __DUMMY__ 0.06719192001687277	false	0.5
unsolide	neg 1.0		off 0.5135937924666458 neg 0.41960214653702627 __DUMMY__ 0.06680406099632784	false	0.5
beschwerde	neg 1.0		off 0.5103080194202776 neg 0.4222453355027276 __DUMMY__ 0.06744664507699488	false	0.5
stocken	neg 1.0		off 0.5088550813681563 neg 0.42367007124184386 __DUMMY__ 0.06747484738999986	false	0.5
isolieren	neg 1.0		off 0.5085760417453722 neg 0.42423585559232224 __DUMMY__ 0.0671881026623057	false	0.5
unheilbar	neg 1.0		off 0.5111315592015306 neg 0.42176189896709826 __DUMMY__ 0.0671065418313712	false	0.5
pisser	off 1.0	off 1.0	off 0.7476506867785438 neg 0.22071499893343374 __DUMMY__ 0.03163431428802244	false	1.0
löschen	neg 1.0		off 0.5121908552204437 neg 0.42066438185375327 __DUMMY__ 0.06714476292580313	false	0.5
durchfallen	neg 1.0		off 0.5095870454620284 neg 0.42294555213933244 __DUMMY__ 0.06746740239863926	false	0.5
wichser	off 1.0	off 1.0	off 0.7498419165555398 neg 0.2191531679606335 __DUMMY__ 0.03100491548382665	false	1.0
terror	neg 1.0		off 0.5145695047341527 neg 0.4185678230106554 __DUMMY__ 0.0668626722551919	false	0.5
krass	neg 1.0		off 0.5202778605974533 neg 0.41372448575420595 __DUMMY__ 0.0659976536483408	false	0.5
revolte	neg 1.0		off 0.5122623727195234 neg 0.42135677225909135 __DUMMY__ 0.06638085502138534	false	0.5
besorgt	neg 1.0		off 0.5109225719045849 neg 0.4214899537881821 __DUMMY__ 0.067587474307233	false	0.5
nachlassen	neg 1.0		off 0.5099175385301872 neg 0.42243868392601935 __DUMMY__ 0.06764377754379361	false	0.5
alt	neg 1.0		off 0.5045374965004993 neg 0.42860552079958536 __DUMMY__ 0.0668569826999154	false	0.5
hundesohn	off 1.0	off 1.0	off 0.7498037211354353 neg 0.21907520940428135 __DUMMY__ 0.03112106946028338	false	1.0
als			off 0.5088512068167027 neg 0.42388802289255795 __DUMMY__ 0.06726077029073933	false	0.0
abschreckung	neg 1.0		off 0.5069382199147853 neg 0.4254591164429087 __DUMMY__ 0.06760266364230606	false	0.5
unqualifiziert	neg 1.0		off 0.5154461447332042 neg 0.4178211518330912 __DUMMY__ 0.06673270343370462	false	0.5
abgewichst	off 1.0		off 0.5119184676008613 neg 0.4207547049762344 __DUMMY__ 0.06732682742290429	false	1.0
schwer	neg 1.0		off 0.5102917118339754 neg 0.4225515756133947 __DUMMY__ 0.06715671255262987	false	0.5
bedeutungslosigkeit	neg 1.0		off 0.5076289255004037 neg 0.42477820956526113 __DUMMY__ 0.0675928649343351	false	0.5
kapitulation	neg 1.0		off 0.5080207796599283 neg 0.4247460744481969 __DUMMY__ 0.06723314589187479	false	0.5
unscharf	neg 1.0		off 0.5100801494277037 neg 0.4235212347955241 __DUMMY__ 0.06639861577677207	false	0.5
schwinden	neg 1.0		off 0.506435380443826 neg 0.42618477743318317 __DUMMY__ 0.06737984212299099	false	0.5
versklavung	neg 1.0	neg 1.0	neg 0.6951325865743887 off 0.27303940442185043 __DUMMY__ 0.03182800900376099	false	1.0
schlecht	neg 1.0		off 0.5172656797277684 neg 0.416034070944847 __DUMMY__ 0.06670024932738454	false	0.5
verhasst	neg 1.0		off 0.5124204481208077 neg 0.420634625794522 __DUMMY__ 0.06694492608467026	false	0.5
beschweren	neg 1.0		off 0.5138367443602817 neg 0.41905902610057194 __DUMMY__ 0.0671042295391464	false	0.5
scheiden	neg 1.0		off 0.5105243696637897 neg 0.4224663807357707 __DUMMY__ 0.06700924960043954	false	0.5
frustriert	neg 1.0		off 0.5104108299784921 neg 0.4222298521642681 __DUMMY__ 0.0673593178572398	false	0.5
schimmelig	neg 1.0		off 0.5070885064062188 neg 0.42578631375760445 __DUMMY__ 0.0671251798361766	false	0.5
fisch	neg 1.0		off 0.5029207730306409 neg 0.42985541596731786 __DUMMY__ 0.06722381100204124	false	0.5
schmuggel	neg 1.0		off 0.5077708335600402 neg 0.42425519270296547 __DUMMY__ 0.0679739737369944	false	0.5
auffallen	neg 1.0		off 0.5133064157981622 neg 0.4197794977188814 __DUMMY__ 0.06691408648295659	false	0.5
konkurrenz	neg 1.0		off 0.5079550007089084 neg 0.42428409252980637 __DUMMY__ 0.06776090676128514	false	0.5
teufelskreis	neg 1.0	neg 1.0	neg 0.6968227749630252 off 0.2712870905027594 __DUMMY__ 0.031890134534215166	false	1.0
aufschreien	neg 1.0		off 0.513179001645965 neg 0.4200838073947241 __DUMMY__ 0.06673719095931083	false	0.5
schuldner	neg 1.0		off 0.505055494914498 neg 0.4277417424464473 __DUMMY__ 0.06720276263905471	false	0.5
missgeburt	off 1.0	off 1.0	off 0.7504184521169176 neg 0.21816901180389667 __DUMMY__ 0.03141253607918573	false	1.0
arbeitslos	neg 1.0		off 0.5093362602654855 neg 0.42321093619955846 __DUMMY__ 0.06745280353495592	false	0.5
befallen	neg 1.0		off 0.5079948952553097 neg 0.4251616339014472 __DUMMY__ 0.06684347084324312	false	0.5
miesepetrig	off 1.0	off 1.0	off 0.7449575493974326 neg 0.2233333360288983 __DUMMY__ 0.03170911457366906	false	1.0
alarmieren	neg 1.0		off 0.5160907744192365 neg 0.41718328539712596 __DUMMY__ 0.06672594018363757	false	0.5
ungeduscht	off 1.0		off 0.5145953832477626 neg 0.4188432553933231 __DUMMY__ 0.06656136135891427	false	1.0
knappheit	neg 1.0		off 0.507350420654943 neg 0.4256179704719726 __DUMMY__ 0.06703160887308444	false	0.5
schlange	neg 1.0		off 0.5116698269166141 neg 0.42119013210069844 __DUMMY__ 0.06714004098268742	false	0.5
harsch	neg 1.0		off 0.5222386527431134 neg 0.41131258036082297 __DUMMY__ 0.06644876689606363	false	0.5
lang	neg 1.0		off 0.5129378176140831 neg 0.41997693602734143 __DUMMY__ 0.06708524635857538	false	0.5
ziellos	neg 1.0		off 0.5083204890400671 neg 0.42400869133701746 __DUMMY__ 0.06767081962291546	false	0.5
selbstverliebt	neg 1.0		off 0.5263852454136889 neg 0.4083400124377189 __DUMMY__ 0.0652747421485923	false	0.5
beseitigen	neg 1.0		off 0.5132918916907577 neg 0.419240081823617 __DUMMY__ 0.06746802648562522	false	0.5
dumm	off 1.0		off 0.5217473881701393 neg 0.41249469083489515 __DUMMY__ 0.06575792099496547	false	1.0
arbeitsloser	neg 1.0		off 0.5120464068321886 neg 0.4200996171132794 __DUMMY__ 0.06785397605453186	false	0.5
blitzen	neg 1.0		off 0.5151448331051814 neg 0.41808353619581484 __DUMMY__ 0.06677163069900367	false	0.5
hilflos	neg 1.0		off 0.5091578463033707 neg 0.423444194279406 __DUMMY__ 0.06739795941722337	false	0.5
eklig	off 1.0		off 0.520809712860249 neg 0.4136947330341256 __DUMMY__ 0.06549555410562542	false	1.0
begriff			off 0.5112144458897526 neg 0.4215461133877173 __DUMMY__ 0.06723944072253005	false	0.0
hungersnot	neg 1.0		off 0.5077541010111294 neg 0.4251633162919204 __DUMMY__ 0.06708258269695033	false	0.5
ungesetzlich	neg 1.0		off 0.512414382115706 neg 0.4208378546284411 __DUMMY__ 0.06674776325585303	false	0.5
verschwendung	neg 1.0		off 0.5073881785877145 neg 0.4250510533874153 __DUMMY__ 0.06756076802487034	false	0.5
schmerzvoll	neg 1.0		off 0.5117915476990922 neg 0.4213298468903454 __DUMMY__ 0.06687860541056245	false	0.5
vorzeitig	neg 1.0		off 0.5177943269428084 neg 0.4153142056180146 __DUMMY__ 0.066891467439177	false	0.5
unvollkommenheit	neg 1.0		off 0.510838490605898 neg 0.42175867278382667 __DUMMY__ 0.06740283661027535	false	0.5
intervenieren	neg 1.0		off 0.5066242268224205 neg 0.42610633545252496 __DUMMY__ 0.06726943772505452	false	0.5
banause	off 1.0		off 0.5203808838396379 neg 0.41456286692467326 __DUMMY__ 0.0650562492356888	false	1.0
rebell	neg 1.0		off 0.50275978852449 neg 0.4295998284884042 __DUMMY__ 0.0676403829871058	false	0.5
unlogisch	neg 1.0		off 0.5184011208183927 neg 0.4153490836489547 __DUMMY__ 0.06624979553265256	false	0.5
leiden	neg 1.0		off 0.5089295662807125 neg 0.4230174094270155 __DUMMY__ 0.06805302429227209	false	0.5
abschaffung	neg 1.0		off 0.5111877743295583 neg 0.42197885753296166 __DUMMY__ 0.06683336813748005	false	0.5
sturz	neg 1.0		off 0.5166541525276439 neg 0.41588416711840503 __DUMMY__ 0.06746168035395095	false	0.5
verkleinerung	neg 1.0		off 0.512512108799337 neg 0.42120297938904777 __DUMMY__ 0.0662849118116151	false	0.5
schmarotzer	off 1.0		off 0.5096313445261893 neg 0.4230868091069155 __DUMMY__ 0.0672818463668953	false	1.0
bestrafung	neg 1.0	neg 1.0	neg 0.6944664249836744 off 0.2734783195465508 __DUMMY__ 0.03205525546977484	false	1.0
achtlos	neg 1.0		off 0.5101518182599208 neg 0.4225300038157455 __DUMMY__ 0.0673181779243336	false	0.5
ungeheuer	neg 1.0		off 0.5099203855033928 neg 0.42325783703159303 __DUMMY__ 0.06682177746501408	false	0.5
unaufrichtig	neg 1.0		off 0.5159214172925298 neg 0.41727420046424846 __DUMMY__ 0.06680438224322192	false	0.5
groggy	neg 1.0		off 0.5153276899266316 neg 0.4176871405297555 __DUMMY__ 0.06698516954361297	false	0.5
verletzlich	neg 1.0		off 0.5134748063322915 neg 0.4203384334707438 __DUMMY__ 0.06618676019696461	false	0.5
ablehnen	neg 1.0		off 0.5091067898692573 neg 0.42347787650991536 __DUMMY__ 0.06741533362082747	false	0.5
