unsolidarisch	neg 1.0		off 0.5249431857927428 neg 0.4341974265098527 __DUMMY__ 0.0408593876974045	false	0.5
nachteilig	neg 1.0		off 0.5243471503939525 neg 0.4342278557609486 __DUMMY__ 0.04142499384509893	false	0.5
skeptisch	neg 1.0		off 0.5220511091941038 neg 0.43656072173766475 __DUMMY__ 0.0413881690682314	false	0.5
schrecklich	neg 1.0		off 0.5331978970231056 neg 0.42632335031941343 __DUMMY__ 0.040478752657480924	false	0.5
schlapp	neg 1.0	neg 1.0	neg 0.698806663422877 off 0.281838262629358 __DUMMY__ 0.01935507394776501	false	1.0
abfall	neg 1.0		off 0.5199813386107335 neg 0.43838725011059915 __DUMMY__ 0.041631411278667395	false	0.5
widerspenstig	neg 1.0		off 0.5238183829045411 neg 0.4352145299236066 __DUMMY__ 0.04096708717185228	false	0.5
abrupt	neg 1.0		off 0.51996459524407 neg 0.43879128005899004 __DUMMY__ 0.04124412469693999	false	0.5
unwirksam	neg 1.0		off 0.5218303375286789 neg 0.43755576284735964 __DUMMY__ 0.040613899623961336	false	0.5
angreifen	neg 1.0		off 0.5212821220549584 neg 0.43731546957949946 __DUMMY__ 0.041402408365542126	false	0.5
inkonsistent	neg 1.0		off 0.5267206100407883 neg 0.43251653061864187 __DUMMY__ 0.04076285934056981	false	0.5
abrutschen	neg 1.0		off 0.518995799288032 neg 0.43941842758904065 __DUMMY__ 0.04158577312292745	false	0.5
unsicher	neg 1.0		off 0.5262120204410428 neg 0.43264385225873075 __DUMMY__ 0.041144127300226555	false	0.5
bauernkind	off 1.0	off 1.0	off 0.752780208895855 neg 0.22822049887426266 __DUMMY__ 0.018999292229882444	false	1.0
angreifer	neg 1.0		off 0.5318611291796806 neg 0.42703328010351815 __DUMMY__ 0.04110559071680126	false	0.5
trennen	neg 1.0		off 0.5216056650640479 neg 0.4369308378069897 __DUMMY__ 0.041463497128962405	false	0.5
schmutz	neg 1.0		off 0.5317469150796407 neg 0.42705335941148953 __DUMMY__ 0.04119972550886979	false	0.5
inkonsistenz	neg 1.0		off 0.5301682950302117 neg 0.42905383087450955 __DUMMY__ 0.04077787409527889	false	0.5
erschreckend	neg 1.0		off 0.5250273138891011 neg 0.43385449574949425 __DUMMY__ 0.041118190361404704	false	0.5
ertrinken	neg 1.0		off 0.5197614751804768 neg 0.438917208396578 __DUMMY__ 0.04132131642294523	false	0.5
pickelface	off 1.0		off 0.5270565721167444 neg 0.4318397132636893 __DUMMY__ 0.041103714619566155	false	1.0
seiner			off 0.5222439219117649 neg 0.4363174061327925 __DUMMY__ 0.04143867195544258	false	0.0
lauch	neg 1.0	neg 1.0	neg 0.7033046586435302 off 0.27685213609313386 __DUMMY__ 0.019843205263335988	false	1.0
unwichtig	neg 1.0		off 0.5297777509901239 neg 0.42946842077777275 __DUMMY__ 0.04075382823210317	false	0.5
steuerhinterziehung	neg 1.0		off 0.5241047468946344 neg 0.43489099078584426 __DUMMY__ 0.041004262319521374	false	0.5
schock	neg 1.0		off 0.5241111738514882 neg 0.4347272387878612 __DUMMY__ 0.04116158736065064	false	0.5
beule	neg 1.0		off 0.5305987030029048 neg 0.42891128408433804 __DUMMY__ 0.04049001291275717	false	0.5
vergelten	neg 1.0		off 0.5355035694734005 neg 0.423953688939052 __DUMMY__ 0.04054274158754751	false	0.5
verdorbenheit	neg 1.0		off 0.5272164094441699 neg 0.43175228088192014 __DUMMY__ 0.04103130967391002	false	0.5
trauma	neg 1.0		off 0.5264634604750168 neg 0.43259903409229833 __DUMMY__ 0.04093750543268482	false	0.5
sinnlos	neg 1.0		off 0.5274176213879143 neg 0.4316292795250693 __DUMMY__ 0.04095309908701653	false	0.5
fettsack	off 1.0	off 1.0	off 0.7542934903075786 neg 0.22666285162152208 __DUMMY__ 0.019043658070899222	false	1.0
feige	off 1.0	off 1.0	off 0.7520633348693136 neg 0.22861525406267885 __DUMMY__ 0.019321411068007357	false	1.0
abdanken	neg 1.0		off 0.5259876141296306 neg 0.4328663405771583 __DUMMY__ 0.04114604529321115	false	0.5
wichtigtuer	off 1.0	off 1.0	off 0.7511158134099818 neg 0.22940350813552962 __DUMMY__ 0.019480678454488476	false	1.0
misslingen	neg 1.0		off 0.5304705254065876 neg 0.4282438636374188 __DUMMY__ 0.04128561095599357	false	0.5
untreu	off 1.0		off 0.5301171776784344 neg 0.42926493175606545 __DUMMY__ 0.04061789056550026	false	1.0
missmutig	neg 1.0		off 0.5275202805268437 neg 0.4317552921622854 __DUMMY__ 0.04072442731087083	false	0.5
hurenbock	off 1.0		off 0.5233940092919758 neg 0.4358308244360224 __DUMMY__ 0.040775166272001805	false	1.0
betrunken	neg 1.0		off 0.5315331241253756 neg 0.42799029794413934 __DUMMY__ 0.04047657793048505	false	0.5
korrupt	off 1.0		off 0.522935319834433 neg 0.43609625575291067 __DUMMY__ 0.04096842441265646	false	1.0
unmut	neg 1.0		off 0.5205261858053073 neg 0.43797649768401004 __DUMMY__ 0.04149731651068266	false	0.5
hackfresse	off 1.0		off 0.5364018597044088 neg 0.4234626168557595 __DUMMY__ 0.04013552343983159	false	1.0
aufblasen	neg 1.0		off 0.5250446293932308 neg 0.43399135336950384 __DUMMY__ 0.040964017237265296	false	0.5
gewaltsam	neg 1.0		off 0.5271172304998714 neg 0.431652982875441 __DUMMY__ 0.041229786624687556	false	0.5
unbeliebtheit	neg 1.0		off 0.5314851113138578 neg 0.42780297155748603 __DUMMY__ 0.04071191712865622	false	0.5
sturheit	neg 1.0		off 0.5262538699242618 neg 0.4325074329687346 __DUMMY__ 0.041238697107003605	false	0.5
kuh	neg 1.0		off 0.5231116441178187 neg 0.43653648197748235 __DUMMY__ 0.040351873904698896	false	0.5
erschrecken	neg 1.0		off 0.5288849729876643 neg 0.4303138525014165 __DUMMY__ 0.04080117451091903	false	0.5
opfer	neg 1.0		off 0.5245528955427647 neg 0.4340140169831064 __DUMMY__ 0.04143308747412889	false	0.5
sinken	neg 1.0		off 0.519382658378467 neg 0.4393064857643898 __DUMMY__ 0.04131085585714319	false	0.5
stinktier	neg 1.0		off 0.5316048850266628 neg 0.42840138951277 __DUMMY__ 0.03999372546056726	false	0.5
tucke	off 1.0		off 0.535590234280785 neg 0.42465817418317275 __DUMMY__ 0.03975159153604233	false	1.0
ein			off 0.5223228285349474 neg 0.4368016833764842 __DUMMY__ 0.04087548808856845	false	0.0
abstieg	neg 1.0		off 0.5272501038839505 neg 0.4312498901608387 __DUMMY__ 0.04150000595521076	false	0.5
missverstehen	neg 1.0		off 0.5280568643464826 neg 0.43105840875931684 __DUMMY__ 0.040884726894200606	false	0.5
ergebnislos	neg 1.0		off 0.5249623070153716 neg 0.4335403877608582 __DUMMY__ 0.041497305223770174	false	0.5
unter			off 0.5177994864792472 neg 0.44019738371027434 __DUMMY__ 0.04200312981047844	false	0.0
manipulieren	neg 1.0		off 0.5227061489118615 neg 0.4358961655445951 __DUMMY__ 0.0413976855435433	false	0.5
unbewiesen	neg 1.0		off 0.5261576764038394 neg 0.4329051783705492 __DUMMY__ 0.04093714522561136	false	0.5
verschleppen	neg 1.0		off 0.5230689425380609 neg 0.4357424489485218 __DUMMY__ 0.04118860851341728	false	0.5
weib	off 1.0		off 0.5376084707873355 neg 0.4224557674577357 __DUMMY__ 0.03993576175492884	false	1.0
opposition	neg 1.0		off 0.5257252717316473 neg 0.4334552284146893 __DUMMY__ 0.04081949985366348	false	0.5
verkehrswidrig	neg 1.0		off 0.5379437949510333 neg 0.42138039591862775 __DUMMY__ 0.04067580913033905	false	0.5
inkorrekt	neg 1.0		off 0.5328712683001667 neg 0.42665858026155806 __DUMMY__ 0.040470151438275294	false	0.5
vermeiden	neg 1.0		off 0.5199087765591708 neg 0.43836837847670185 __DUMMY__ 0.04172284496412735	false	0.5
abweichung	neg 1.0		off 0.5245613612927571 neg 0.43416828471906765 __DUMMY__ 0.0412703539881753	false	0.5
alkoholisiert	neg 1.0		off 0.5248493646588194 neg 0.4335040405015379 __DUMMY__ 0.0416465948396426	false	0.5
scheiss	off 1.0	off 1.0	off 0.7526185317603886 neg 0.22812845470081575 __DUMMY__ 0.019253013538795726	false	1.0
herausforderung	neg 1.0		off 0.5237821109063788 neg 0.4349790274425573 __DUMMY__ 0.041238861651064024	false	0.5
pervers	off 1.0		off 0.5398539429860308 neg 0.4203253142848789 __DUMMY__ 0.0398207427290903	false	1.0
wackelig	neg 1.0		off 0.5236224121813313 neg 0.43513436380918125 __DUMMY__ 0.041243224009487406	false	0.5
verwickeln	neg 1.0		off 0.5269248475762949 neg 0.4321658733726685 __DUMMY__ 0.04090927905103655	false	0.5
vorwand	neg 1.0		off 0.5211898260298975 neg 0.43736663228454026 __DUMMY__ 0.04144354168556222	false	0.5
muschi	off 1.0		off 0.5269308802236903 neg 0.431829095226081 __DUMMY__ 0.04124002455022888	false	1.0
entmutigung	neg 1.0		off 0.5247086397650051 neg 0.43467456575331664 __DUMMY__ 0.04061679448167822	false	0.5
unangemessen	neg 1.0		off 0.5251321327455052 neg 0.4336883094390723 __DUMMY__ 0.041179557815422506	false	0.5
unstetig	neg 1.0		off 0.5298942614481319 neg 0.42925184294944535 __DUMMY__ 0.040853895602422856	false	0.5
entmutigen	neg 1.0		off 0.5260314312789389 neg 0.4330008504663546 __DUMMY__ 0.040967718254706624	false	0.5
schwanz	neg 1.0		off 0.5245397714319958 neg 0.4341613789889224 __DUMMY__ 0.04129884957908185	false	0.5
verbot	neg 1.0		off 0.5235401136929346 neg 0.43539120523241803 __DUMMY__ 0.04106868107464737	false	0.5
leid	neg 1.0		off 0.5343240794396459 neg 0.4253308857234308 __DUMMY__ 0.04034503483692329	false	0.5
archaisch	neg 1.0		off 0.5243572767633331 neg 0.4344994914187382 __DUMMY__ 0.04114323181792872	false	0.5
gegen			off 0.5221774973079507 neg 0.4362370925996107 __DUMMY__ 0.04158541009243856	false	0.0
scheidung	neg 1.0		off 0.5456250970851858 neg 0.4144765605131124 __DUMMY__ 0.0398983424017019	false	0.5
einschlag	neg 1.0		off 0.536452430205577 neg 0.4228271564795276 __DUMMY__ 0.040720413314895516	false	0.5
m			off 0.5242995237914397 neg 0.4344657153765989 __DUMMY__ 0.04123476083196148	false	0.0
abgestanden	neg 1.0		off 0.5203762221612903 neg 0.43908444298700694 __DUMMY__ 0.04053933485170283	false	0.5
schmierig	off 1.0		off 0.5330452023843227 neg 0.426672138720121 __DUMMY__ 0.04028265889555623	false	1.0
unpraktisch	neg 1.0		off 0.5271842334399008 neg 0.4318109888407501 __DUMMY__ 0.04100477771934909	false	0.5
wixxer	off 1.0		off 0.5391361132176277 neg 0.42116059067307915 __DUMMY__ 0.03970329610929331	false	1.0
bezeichnet			off 0.5267329005189266 neg 0.43214580740943126 __DUMMY__ 0.041121292071642015	false	0.0
jammerlappen	off 1.0		off 0.5296477642478277 neg 0.4296421725532163 __DUMMY__ 0.040710063198955926	false	1.0
farce	neg 1.0		off 0.5245730337327938 neg 0.4344886301501988 __DUMMY__ 0.040938336117007465	false	0.5
zwecklos	neg 1.0		off 0.5235557471937969 neg 0.4352730991973278 __DUMMY__ 0.041171153608875244	false	0.5
turbulent	neg 1.0		off 0.5308931679711636 neg 0.42861038547085456 __DUMMY__ 0.04049644655798178	false	0.5
invasion	neg 1.0		off 0.5278262289222714 neg 0.43128771117538706 __DUMMY__ 0.04088605990234141	false	0.5
schuld	neg 1.0		off 0.5267947501482085 neg 0.43220843017803146 __DUMMY__ 0.040996819673760135	false	0.5
risiko	neg 1.0		off 0.5257598669722869 neg 0.4334808040609707 __DUMMY__ 0.04075932896674231	false	0.5
finster	neg 1.0		off 0.5229101275534863 neg 0.43624759909500316 __DUMMY__ 0.04084227335151054	false	0.5
geisteskrank	off 1.0		off 0.5318664972134672 neg 0.42757829833355204 __DUMMY__ 0.04055520445298061	false	1.0
zusammenbrechen	neg 1.0		off 0.5233044887392299 neg 0.43556750827297125 __DUMMY__ 0.04112800298779896	false	0.5
ausbeute	neg 1.0		off 0.5262971792530171 neg 0.4324323568835253 __DUMMY__ 0.041270463863457604	false	0.5
hinterhalt	neg 1.0		off 0.5250433762884771 neg 0.4337821668730258 __DUMMY__ 0.04117445683849729	false	0.5
kritik	neg 1.0		off 0.5243638924921422 neg 0.4346785018409748 __DUMMY__ 0.04095760566688296	false	0.5
einschrumpfen	neg 1.0		off 0.5290020947155993 neg 0.4303940053947842 __DUMMY__ 0.04060389988961648	false	0.5
riskant	neg 1.0		off 0.5218281913377723 neg 0.4368343249681797 __DUMMY__ 0.04133748369404802	false	0.5
frustrieren	neg 1.0		off 0.5221677559335033 neg 0.43658769227537253 __DUMMY__ 0.041244551791124066	false	0.5
groll	neg 1.0		off 0.5248634266538215 neg 0.4338773698971118 __DUMMY__ 0.04125920344906659	false	0.5
gibt			off 0.5238585064138991 neg 0.43490366242330736 __DUMMY__ 0.04123783116279346	false	0.0
qualvoll	neg 1.0		off 0.5267110459297312 neg 0.43242731285675423 __DUMMY__ 0.040861641213514564	false	0.5
wackeln	neg 1.0		off 0.5248955396387471 neg 0.4340733461850182 __DUMMY__ 0.04103111417623456	false	0.5
klagen	neg 1.0		off 0.5207982050946254 neg 0.43782753191771584 __DUMMY__ 0.04137426298765891	false	0.5
bankrott	neg 1.0		off 0.530434892786282 neg 0.42871779927764875 __DUMMY__ 0.0408473079360694	false	0.5
trauern	neg 1.0		off 0.5249421193125685 neg 0.43345358026656183 __DUMMY__ 0.04160430042086971	false	0.5
ablehnung	neg 1.0		off 0.5239768529465444 neg 0.4350120869085821 __DUMMY__ 0.0410110601448734	false	0.5
stur	neg 1.0		off 0.5258853636442385 neg 0.43319969315316753 __DUMMY__ 0.040914943202593805	false	0.5
aufruhr	neg 1.0		off 0.5251866351818059 neg 0.4338238373738319 __DUMMY__ 0.040989527444362316	false	0.5
melancholie	neg 1.0		off 0.5190295356264777 neg 0.43985417972304375 __DUMMY__ 0.041116284650478584	false	0.5
ist			off 0.5270112813746453 neg 0.43203699617591307 __DUMMY__ 0.0409517224494417	false	0.0
torheit	neg 1.0		off 0.5269891186875296 neg 0.4320192838276209 __DUMMY__ 0.040991597484849665	false	0.5
dreckskind	off 1.0		off 0.5373626005235966 neg 0.4225815282301402 __DUMMY__ 0.040055871246263114	false	1.0
umtauschen	neg 1.0		off 0.5246736188732256 neg 0.4342767653847774 __DUMMY__ 0.041049615741996975	false	0.5
zum			off 0.522473581490296 neg 0.43557732786833386 __DUMMY__ 0.04194909064137027	false	0.0
zersetzen	neg 1.0		off 0.520690326776566 neg 0.43805839864909385 __DUMMY__ 0.041251274574340115	false	0.5
zur			off 0.5203939225659954 neg 0.4378557992050176 __DUMMY__ 0.041750278228987095	false	0.0
frust	neg 1.0		off 0.523161542796351 neg 0.4356877236462021 __DUMMY__ 0.041150733557447035	false	0.5
unerbittlichkeit	neg 1.0		off 0.5236058582337783 neg 0.43499279198284135 __DUMMY__ 0.04140134978338042	false	0.5
zwei			off 0.5192150583997757 neg 0.43907191879848234 __DUMMY__ 0.04171302280174207	false	0.0
unkorrekt	neg 1.0		off 0.5316605653187365 neg 0.42782196278759244 __DUMMY__ 0.04051747189367097	false	0.5
hexe	off 1.0		off 0.5266513374491448 neg 0.4328900449093024 __DUMMY__ 0.04045861764155268	false	1.0
lasch	neg 1.0		off 0.5288118160980603 neg 0.4304345577461726 __DUMMY__ 0.04075362615576705	false	0.5
rivale	neg 1.0		off 0.5339242090799451 neg 0.4255458080719729 __DUMMY__ 0.04052998284808195	false	0.5
mutlos	off 1.0	off 1.0	off 0.7486028492869485 neg 0.23173701590952453 __DUMMY__ 0.01966013480352691	false	1.0
wirr	off 1.0		off 0.5325289919772619 neg 0.42714390753614345 __DUMMY__ 0.04032710048659469	false	1.0
jahr			off 0.5255985740586671 neg 0.4327064116300683 __DUMMY__ 0.041695014311264586	false	0.0
wird			off 0.523660387705546 neg 0.43504666218861954 __DUMMY__ 0.04129295010583442	false	0.0
strafbar	neg 1.0		off 0.522940706046948 neg 0.43570299578101374 __DUMMY__ 0.041356298172038224	false	0.5
erosion	neg 1.0		off 0.5264682231035254 neg 0.43243177177473113 __DUMMY__ 0.04110000512174347	false	0.5
eingehen	neg 1.0		off 0.5218000892374611 neg 0.436964050463182 __DUMMY__ 0.04123586029935695	false	0.5
faul	off 1.0		off 0.529204235099614 neg 0.4300255938892203 __DUMMY__ 0.040770171011165784	false	1.0
provisorium	neg 1.0		off 0.5182418685967509 neg 0.4397270432915822 __DUMMY__ 0.04203108811166684	false	0.5
schmerzen	neg 1.0		off 0.5227925860330407 neg 0.43624401700347964 __DUMMY__ 0.04096339696347961	false	0.5
schrumpfen	neg 1.0		off 0.517186827926172 neg 0.44136508978289574 __DUMMY__ 0.04144808229093238	false	0.5
geistlos	off 1.0		off 0.5272614098078419 neg 0.43197153933369997 __DUMMY__ 0.04076705085845811	false	1.0
fehlkauf	neg 1.0		off 0.5275702766280234 neg 0.4315768090793915 __DUMMY__ 0.04085291429258506	false	0.5
frustrierend	neg 1.0		off 0.5284583037727321 neg 0.43076397889243456 __DUMMY__ 0.04077771733483327	false	0.5
unzufrieden	neg 1.0		off 0.5237382114239546 neg 0.43504442007083716 __DUMMY__ 0.0412173685052082	false	0.5
verzweifeln	neg 1.0		off 0.5248727005628767 neg 0.43398266955421383 __DUMMY__ 0.04114462988290942	false	0.5
verzweifelt	neg 1.0		off 0.5259790755625887 neg 0.43310350657376556 __DUMMY__ 0.04091741786364571	false	0.5
misstrauensantrag	neg 1.0		off 0.5266820295127391 neg 0.43247022198141916 __DUMMY__ 0.04084774850584164	false	0.5
abfallen	neg 1.0		off 0.5248133948747448 neg 0.4342236122962452 __DUMMY__ 0.04096299282901002	false	0.5
fucker	off 1.0		off 0.5330849876184759 neg 0.4263557376027464 __DUMMY__ 0.04055927477877781	false	1.0
ungezogen	neg 1.0		off 0.5384285713548324 neg 0.42156322177284605 __DUMMY__ 0.04000820687232165	false	0.5
irrsinnig	neg 1.0	neg 1.0	neg 0.7005214163943183 off 0.27996470583091476 __DUMMY__ 0.01951387777476697	false	1.0
unfassbar	neg 1.0		off 0.5309782287504937 neg 0.4283209304351128 __DUMMY__ 0.040700840814393506	false	0.5
hart	neg 1.0		off 0.5290140349825466 neg 0.4305408878913654 __DUMMY__ 0.040445077126087935	false	0.5
widerlich	off 1.0		off 0.5310316874061137 neg 0.42834767557216374 __DUMMY__ 0.04062063702172246	false	1.0
fatal	neg 1.0	neg 1.0	neg 0.7009906168280718 off 0.27965988654015345 __DUMMY__ 0.01934949663177464	false	1.0
bruch	neg 1.0		off 0.5199148095449534 neg 0.438599187411771 __DUMMY__ 0.04148600304327572	false	0.5
aushungern	neg 1.0		off 0.5235950856124237 neg 0.4353570627990642 __DUMMY__ 0.04104785158851199	false	0.5
anspannung	neg 1.0		off 0.520356410155222 neg 0.4378438508756519 __DUMMY__ 0.041799738969125935	false	0.5
von			off 0.5215416969511766 neg 0.43702673946542325 __DUMMY__ 0.04143156358340013	false	0.0
kraftlos	neg 1.0		off 0.522808527367415 neg 0.43599370104314655 __DUMMY__ 0.04119777158943851	false	0.5
vom			off 0.5196258463543113 neg 0.43828137755880936 __DUMMY__ 0.042092776086879384	false	0.0
grenzdebil	off 1.0		off 0.5301419350600591 neg 0.4292819594175016 __DUMMY__ 0.040576105522439364	false	1.0
vor			off 0.5206059978659204 neg 0.43787787638676773 __DUMMY__ 0.04151612574731185	false	0.0
unterwerfen	neg 1.0		off 0.5239134195058059 neg 0.4347303772533181 __DUMMY__ 0.04135620324087595	false	0.5
versenkung	neg 1.0		off 0.5235078484370453 neg 0.4350873519336434 __DUMMY__ 0.04140479962931123	false	0.5
entziehen	neg 1.0		off 0.5212362211848599 neg 0.4373021481148047 __DUMMY__ 0.04146163070033536	false	0.5
finanzkrise	neg 1.0		off 0.5201767211310252 neg 0.4392332643715953 __DUMMY__ 0.040590014497379596	false	0.5
schimpfend	neg 1.0		off 0.5274230781879392 neg 0.43147620725082947 __DUMMY__ 0.04110071456123124	false	0.5
profan	neg 1.0		off 0.5268488645673738 neg 0.4323164746866077 __DUMMY__ 0.040834660746018575	false	0.5
korruption	neg 1.0		off 0.5223135693850838 neg 0.43667778693984893 __DUMMY__ 0.04100864367506736	false	0.5
â			off 0.52357665534112 neg 0.43517282865446155 __DUMMY__ 0.04125051600441844	false	0.0
schmutzig	neg 1.0		off 0.5300978015376555 neg 0.4293462191637512 __DUMMY__ 0.040555979298593337	false	0.5
sexy	neg 1.0		off 0.5296001392428299 neg 0.4295244730232794 __DUMMY__ 0.040875387733890704	false	0.5
abraten	neg 1.0		off 0.5276944032035856 neg 0.43133128162319617 __DUMMY__ 0.04097431517321816	false	0.5
schwarz	neg 1.0		off 0.5280388090561433 neg 0.43100652600639583 __DUMMY__ 0.04095466493746102	false	0.5
fotze	off 1.0	off 1.0	off 0.7495385195468995 neg 0.23077851266786462 __DUMMY__ 0.01968296778523585	false	1.0
verwirren	neg 1.0		off 0.5276732066066386 neg 0.4314497861237487 __DUMMY__ 0.04087700726961259	false	0.5
zahnlos	off 1.0		off 0.5245138592447028 neg 0.43432946732673106 __DUMMY__ 0.04115667342856606	false	1.0
verheeren	neg 1.0		off 0.5396347203568023 neg 0.42041553735876924 __DUMMY__ 0.03994974228442834	false	0.5
hippie	neg 1.0		off 0.5288476484575448 neg 0.43029875527476585 __DUMMY__ 0.04085359626768923	false	0.5
rammen	neg 1.0		off 0.5271081925405214 neg 0.4318112179934233 __DUMMY__ 0.04108058946605531	false	0.5
unlauter	neg 1.0		off 0.5265970030878706 neg 0.43257084142818514 __DUMMY__ 0.040832155483944296	false	0.5
unheilvoll	neg 1.0		off 0.5258983953724035 neg 0.4332007516182715 __DUMMY__ 0.04090085300932487	false	0.5
niedrig	neg 1.0		off 0.5214436062621783 neg 0.4374843788752588 __DUMMY__ 0.041072014862562685	false	0.5
explosion	neg 1.0		off 0.5291651963507045 neg 0.4299440222340889 __DUMMY__ 0.04089078141520647	false	0.5
weichei	off 1.0	off 1.0	off 0.7537316692632459 neg 0.22721528850439646 __DUMMY__ 0.01905304223235779	false	1.0
minusmensch	off 1.0		off 0.5394252259689795 neg 0.42061965682387026 __DUMMY__ 0.03995511720715026	false	1.0
farblos	neg 1.0		off 0.5268473342594119 neg 0.43218260948492837 __DUMMY__ 0.04097005625565982	false	0.5
unwissend	neg 1.0	neg 1.0	neg 0.6990443912214402 off 0.2815945940963593 __DUMMY__ 0.019361014682200483	false	1.0
traurig	neg 1.0		off 0.5330412082058662 neg 0.42643662215923667 __DUMMY__ 0.040522169634897284	false	0.5
senkung	neg 1.0		off 0.5243587126100372 neg 0.4351341637236033 __DUMMY__ 0.040507123666359515	false	0.5
ungleich	neg 1.0	neg 1.0	neg 0.7021828854779654 off 0.27815330492775225 __DUMMY__ 0.01966380959428239	false	1.0
heikel	neg 1.0		off 0.5221360019393472 neg 0.4365238218029694 __DUMMY__ 0.041340176257683346	false	0.5
drosselung	neg 1.0		off 0.5284353729168328 neg 0.4311922020388065 __DUMMY__ 0.040372425044360574	false	0.5
falsch	neg 1.0		off 0.5296781391191431 neg 0.42947068709449726 __DUMMY__ 0.04085117378635984	false	0.5
unzufriedenheit	neg 1.0		off 0.52079012748082 neg 0.437956905378959 __DUMMY__ 0.0412529671402209	false	0.5
kurz	neg 1.0		off 0.5248766536439192 neg 0.4338317718421356 __DUMMY__ 0.041291574513945044	false	0.5
unsinnig	neg 1.0		off 0.5237633328593881 neg 0.4352254661940446 __DUMMY__ 0.041011200946567225	false	0.5
penner	off 1.0	off 1.0	off 0.755005582893924 neg 0.22595774605376923 __DUMMY__ 0.01903667105230675	false	1.0
seicht	neg 1.0		off 0.5354098441405468 neg 0.4247372164537772 __DUMMY__ 0.03985293940567589	false	0.5
dummheit	off 1.0	off 1.0	off 0.7505330604587644 neg 0.2300574250663231 __DUMMY__ 0.019409514474912494	false	1.0
unerfreulich	neg 1.0		off 0.5220576416929231 neg 0.4365682592149293 __DUMMY__ 0.04137409909214753	false	0.5
motherfucker	off 1.0	off 1.0	off 0.7532341577025305 neg 0.22747590829159922 __DUMMY__ 0.019289934005870216	false	1.0
pikiert	neg 1.0		off 0.5292195797967604 neg 0.4301713708594733 __DUMMY__ 0.04060904934376614	false	0.5
wrack	neg 1.0		off 0.5284096595856108 neg 0.43001986502077055 __DUMMY__ 0.04157047539361874	false	0.5
gangster	neg 1.0		off 0.5289246946951821 neg 0.4302454494723558 __DUMMY__ 0.04082985583246198	false	0.5
krank	neg 1.0		off 0.5311268014027977 neg 0.4282188248559507 __DUMMY__ 0.04065437374125178	false	0.5
reich	neg 1.0		off 0.5258527108699204 neg 0.43370348219026034 __DUMMY__ 0.04044380693981927	false	0.5
gnadenlos	neg 1.0		off 0.5270541455691508 neg 0.43188791556931794 __DUMMY__ 0.04105793886153138	false	0.5
niedergeschlagen	neg 1.0		off 0.524302412300491 neg 0.4344075264607207 __DUMMY__ 0.0412900612387881	false	0.5
terrorisieren	off 1.0	off 1.0	off 0.748157477138678 neg 0.2321340947432805 __DUMMY__ 0.019708428118041604	false	1.0
sinnlosigkeit	neg 1.0		off 0.5242145467421576 neg 0.4345947675367058 __DUMMY__ 0.041190685721136676	false	0.5
behindern	neg 1.0		off 0.5251599301532872 neg 0.43380232663149054 __DUMMY__ 0.04103774321522234	false	0.5
undemokratisch	neg 1.0		off 0.5268701925095546 neg 0.43229723580105955 __DUMMY__ 0.0408325716893859	false	0.5
wirtschaftskrise	neg 1.0		off 0.5211525882209105 neg 0.43790249366268313 __DUMMY__ 0.040944918116406395	false	0.5
neid	neg 1.0		off 0.5278422252885469 neg 0.4313795417572679 __DUMMY__ 0.04077823295418537	false	0.5
rutschen	neg 1.0		off 0.5185686774900491 neg 0.43974162764852115 __DUMMY__ 0.04168969486142973	false	0.5
rezession	neg 1.0		off 0.5283466616562761 neg 0.4316110631935918 __DUMMY__ 0.04004227515013201	false	0.5
fehlgeburt	neg 1.0		off 0.5268982378150848 neg 0.43200097794170406 __DUMMY__ 0.041100784243211064	false	0.5
charakterschwach	off 1.0		off 0.530173984568483 neg 0.4292176632156364 __DUMMY__ 0.04060835221588057	false	1.0
isolation	neg 1.0		off 0.5300435490843974 neg 0.42906468108623336 __DUMMY__ 0.04089176982936918	false	0.5
ablenkung	neg 1.0		off 0.526043934581855 neg 0.4328104298557743 __DUMMY__ 0.0411456355623708	false	0.5
pech	neg 1.0		off 0.52847269575887 neg 0.4308283322246508 __DUMMY__ 0.04069897201647919	false	0.5
vermeidung	neg 1.0		off 0.5297636553277932 neg 0.42970892499986074 __DUMMY__ 0.04052741967234599	false	0.5
dominieren	neg 1.0		off 0.5248152994857462 neg 0.43399991245493424 __DUMMY__ 0.04118478805931959	false	0.5
schwindlig	neg 1.0		off 0.5264816207057138 neg 0.4326739129913762 __DUMMY__ 0.04084446630290998	false	0.5
lutscher	neg 1.0		off 0.5371052326688035 neg 0.4231411862841948 __DUMMY__ 0.039753581047001676	false	0.5
pflicht	neg 1.0		off 0.5219115277023105 neg 0.4365807863023733 __DUMMY__ 0.04150768599531611	false	0.5
faschist	off 1.0		off 0.5291754525322103 neg 0.4299933287411751 __DUMMY__ 0.04083121872661444	false	1.0
verschleudern	neg 1.0		off 0.5194652017085624 neg 0.43956137895713554 __DUMMY__ 0.040973419334302146	false	0.5
wenn			off 0.5290625964028527 neg 0.43023696875694367 __DUMMY__ 0.040700434840203574	false	0.0
ehebruch	neg 1.0		off 0.5230442971552157 neg 0.4357486836834758 __DUMMY__ 0.04120701916130854	false	0.5
spott	off 1.0		off 0.5242945604525618 neg 0.4343648600600866 __DUMMY__ 0.041340579487351564	false	1.0
trostlosigkeit	neg 1.0		off 0.5198014431243438 neg 0.43888476627190426 __DUMMY__ 0.041313790603751996	false	0.5
lutschen	neg 1.0		off 0.530213624102991 neg 0.4289371155684266 __DUMMY__ 0.04084926032858235	false	0.5
undiszipliniert	neg 1.0		off 0.5319336649786517 neg 0.42755088001352426 __DUMMY__ 0.04051545500782424	false	0.5
kopfschmerz	neg 1.0		off 0.5198334259009258 neg 0.43920174512014165 __DUMMY__ 0.04096482897893245	false	0.5
unvorhergesehen	neg 1.0		off 0.5219817683939572 neg 0.43654725563412305 __DUMMY__ 0.04147097597191968	false	0.5
desinteressiert	neg 1.0		off 0.5312603345858109 neg 0.42819630708044176 __DUMMY__ 0.04054335833374744	false	0.5
armselig	off 1.0		off 0.5335923251723997 neg 0.4259566943417418 __DUMMY__ 0.04045098048585841	false	1.0
desaster	neg 1.0		off 0.5195897339765598 neg 0.43903455661500435 __DUMMY__ 0.041375709408435754	false	0.5
tod	neg 1.0		off 0.5232123499590173 neg 0.43546636443169257 __DUMMY__ 0.04132128560929019	false	0.5
herzlos	neg 1.0		off 0.5326932911695307 neg 0.4268647173244821 __DUMMY__ 0.04044199150598718	false	0.5
unwissenheit	neg 1.0		off 0.5237907520872945 neg 0.4350155912521524 __DUMMY__ 0.04119365666055301	false	0.5
widersinnig	neg 1.0		off 0.522831525176683 neg 0.4362578199767783 __DUMMY__ 0.04091065484653879	false	0.5
bedenklich	neg 1.0		off 0.5224844218125312 neg 0.43631979531759946 __DUMMY__ 0.04119578286986934	false	0.5
beanstanden	neg 1.0		off 0.52306479941629 neg 0.43541390871295027 __DUMMY__ 0.04152129187075967	false	0.5
panisch	neg 1.0		off 0.5275935853359196 neg 0.4314299188421648 __DUMMY__ 0.04097649582191567	false	0.5
debil	off 1.0		off 0.5177409891579756 neg 0.44038666969197515 __DUMMY__ 0.04187234115004909	false	1.0
abstrich	neg 1.0		off 0.5249533945400827 neg 0.4339004217553422 __DUMMY__ 0.04114618370457499	false	0.5
primitiv	neg 1.0		off 0.5318003810817118 neg 0.42762403382769376 __DUMMY__ 0.040575585090594536	false	0.5
abschaum	off 1.0	off 1.0	off 0.7528915664078454 neg 0.22768615554856175 __DUMMY__ 0.019422278043592943	false	1.0
provozieren	neg 1.0		off 0.5260731768137176 neg 0.43296265691124214 __DUMMY__ 0.04096416627504018	false	0.5
tot	neg 1.0		off 0.5244827990033035 neg 0.4343145264294429 __DUMMY__ 0.0412026745672536	false	0.5
instabil	neg 1.0		off 0.5320400496473606 neg 0.42770220501030176 __DUMMY__ 0.04025774534233752	false	0.5
schwuchtel	off 1.0	off 1.0	off 0.7583883822403693 neg 0.22281598790358637 __DUMMY__ 0.018795629856044334	false	1.0
zerren	neg 1.0		off 0.5240564118758492 neg 0.43466264190972936 __DUMMY__ 0.04128094621442158	false	0.5
kinderficker	off 1.0		off 0.5353175196369868 neg 0.42440701912439827 __DUMMY__ 0.04027546123861483	false	1.0
gefahr	neg 1.0		off 0.5222338932645083 neg 0.43629835832609076 __DUMMY__ 0.04146774840940086	false	0.5
rabiat	neg 1.0		off 0.5240105442198618 neg 0.43496636259866317 __DUMMY__ 0.041023093181474936	false	0.5
verlangsamung	neg 1.0		off 0.5353943224293299 neg 0.4245657276352147 __DUMMY__ 0.040039949935455316	false	0.5
ausgestorben	neg 1.0		off 0.5252305777619142 neg 0.43358062241562717 __DUMMY__ 0.04118879982245854	false	0.5
anklagen	neg 1.0		off 0.5246587146210634 neg 0.43417396066112685 __DUMMY__ 0.04116732471780975	false	0.5
trott	neg 1.0		off 0.5259296515386266 neg 0.4329865614227901 __DUMMY__ 0.04108378703858334	false	0.5
verminderung	neg 1.0		off 0.5298147827669203 neg 0.4296618527574635 __DUMMY__ 0.040523364475616164	false	0.5
nach			off 0.518967150651396 neg 0.439140053656583 __DUMMY__ 0.041892795692021034	false	0.0
rost	neg 1.0		off 0.5400131632321603 neg 0.419711069242512 __DUMMY__ 0.04027576752532783	false	0.5
destruktiv	neg 1.0		off 0.5249645655739079 neg 0.4340264787179758 __DUMMY__ 0.0410089557081165	false	0.5
unzumutbarkeit	neg 1.0		off 0.5318496847016132 neg 0.42744025962293136 __DUMMY__ 0.04071005567545545	false	0.5
labil	off 1.0	off 1.0	off 0.7519093901324492 neg 0.22870547389258486 __DUMMY__ 0.01938513597496596	false	1.0
ziemlich	neg 1.0		off 0.5310920671406922 neg 0.42815772102885635 __DUMMY__ 0.04075021183045153	false	0.5
lachnummer	off 1.0		off 0.5266157986863504 neg 0.43230155836580064 __DUMMY__ 0.04108264294784903	false	1.0
oder			off 0.5266738984412619 neg 0.43223559230729397 __DUMMY__ 0.041090509251444064	false	0.0
verfall	neg 1.0		off 0.5177693626107962 neg 0.44074930182623917 __DUMMY__ 0.0414813355629646	false	0.5
ausgrenzung	neg 1.0		off 0.5267331700991279 neg 0.4324384292974763 __DUMMY__ 0.0408284006033958	false	0.5
unordnung	neg 1.0		off 0.5349278610604524 neg 0.42463290513648216 __DUMMY__ 0.04043923380306533	false	0.5
fehlverhalten	neg 1.0		off 0.5226773620544568 neg 0.43598574255951467 __DUMMY__ 0.04133689538602858	false	0.5
eine			off 0.5202303953447058 neg 0.43836534850753617 __DUMMY__ 0.04140425614775802	false	0.0
nille	neg 1.0		off 0.5270272575698006 neg 0.43184118898074514 __DUMMY__ 0.04113155344945415	false	0.5
qual	neg 1.0		off 0.5254430718060572 neg 0.43347190997651197 __DUMMY__ 0.04108501821743076	false	0.5
verschwenden	neg 1.0		off 0.5207965425020954 neg 0.4380043111040968 __DUMMY__ 0.04119914639380768	false	0.5
riesig	neg 1.0		off 0.5238028059512132 neg 0.4348119178594984 __DUMMY__ 0.04138527618928852	false	0.5
verurteilen	neg 1.0		off 0.5242560467654213 neg 0.43456808468870717 __DUMMY__ 0.04117586854587155	false	0.5
klischee	neg 1.0	neg 1.0	neg 0.6997973130219745 off 0.28083603931199425 __DUMMY__ 0.019366647666031238	false	1.0
diktatorisch	neg 1.0		off 0.527150990231892 neg 0.43200943439113776 __DUMMY__ 0.0408395753769702	false	0.5
vorhersehbar	neg 1.0		off 0.5273696488627757 neg 0.43185869381774766 __DUMMY__ 0.04077165731947648	false	0.5
sowie			off 0.5333253989860862 neg 0.4264952936257981 __DUMMY__ 0.040179307388115745	false	0.0
stornieren	neg 1.0		off 0.5316971807877502 neg 0.4271018536625556 __DUMMY__ 0.041200965549694345	false	0.5
besteuerung	neg 1.0	neg 1.0	neg 0.7023604660079418 off 0.27829340767436994 __DUMMY__ 0.019346126317688297	false	1.0
ungeschminkt	neg 1.0		off 0.5320482931506884 neg 0.42738212182540214 __DUMMY__ 0.04056958502390926	false	0.5
kritisch	neg 1.0		off 0.5239243536733774 neg 0.4348602948316084 __DUMMY__ 0.04121535149501429	false	0.5
schlamperei	off 1.0		off 0.5229651713670188 neg 0.435739772720422 __DUMMY__ 0.041295055912559095	false	1.0
sucht	neg 1.0	neg 1.0	neg 0.6989840237900349 off 0.2814097218094492 __DUMMY__ 0.01960625440051594	false	1.0
egoistisch	off 1.0	off 1.0	off 0.7550504723098049 neg 0.22575737064859006 __DUMMY__ 0.01919215704160495	false	1.0
ausbeuter	off 1.0		off 0.5204626446000215 neg 0.43837243084729455 __DUMMY__ 0.04116492455268416	false	1.0
arschgeburt	off 1.0		off 0.5413743709253358 neg 0.4190431569981238 __DUMMY__ 0.03958247207654045	false	1.0
schubs	neg 1.0		off 0.5214619744035492 neg 0.43746796151938233 __DUMMY__ 0.04107006407706853	false	0.5
unsolide	neg 1.0		off 0.5277996891327515 neg 0.4313678828785311 __DUMMY__ 0.04083242798871747	false	0.5
beschwerde	neg 1.0		off 0.524639037372663 neg 0.43413432145619 __DUMMY__ 0.04122664117114697	false	0.5
stocken	neg 1.0		off 0.5231874732051983 neg 0.4355686047827011 __DUMMY__ 0.041243922012100476	false	0.5
isolieren	neg 1.0		off 0.5228467206480027 neg 0.4360852631026758 __DUMMY__ 0.04106801624932151	false	0.5
unheilbar	neg 1.0		off 0.5253934611537933 neg 0.43358837901878083 __DUMMY__ 0.041018159827425904	false	0.5
pisser	off 1.0	off 1.0	off 0.7543869046812611 neg 0.22629681552256875 __DUMMY__ 0.0193162797961701	false	1.0
löschen	neg 1.0		off 0.5264666280073138 neg 0.4324915561197957 __DUMMY__ 0.04104181587289063	false	0.5
durchfallen	neg 1.0		off 0.5239213174747063 neg 0.4348390575385805 __DUMMY__ 0.04123962498671324	false	0.5
wichser	off 1.0	off 1.0	off 0.7564459389875586 neg 0.22462252782391226 __DUMMY__ 0.01893153318852914	false	1.0
terror	neg 1.0		off 0.5287950683101237 neg 0.4303363486684404 __DUMMY__ 0.040868583021435895	false	0.5
krass	neg 1.0		off 0.5343402167155439 neg 0.4253218812422321 __DUMMY__ 0.040337902042223865	false	0.5
revolte	neg 1.0		off 0.5263742453845064 neg 0.4330525861153081 __DUMMY__ 0.040573168500185386	false	0.5
besorgt	neg 1.0		off 0.5252870536601895 neg 0.43339995295991185 __DUMMY__ 0.04131299337989875	false	0.5
nachlassen	neg 1.0		off 0.5242919878317245 neg 0.4343606977679044 __DUMMY__ 0.04134731440037114	false	0.5
alt	neg 1.0		off 0.5187328957120997 neg 0.440402483257945 __DUMMY__ 0.04086462102995525	false	0.5
hundesohn	off 1.0	off 1.0	off 0.7564309276451538 neg 0.22456651848515527 __DUMMY__ 0.01900255386969089	false	1.0
als			off 0.5231400391376618 neg 0.43574709437407466 __DUMMY__ 0.041112866488263414	false	0.0
abschreckung	neg 1.0		off 0.5212906522079616 neg 0.4373867729751466 __DUMMY__ 0.04132257481689188	false	0.5
unqualifiziert	neg 1.0		off 0.529643332527528 neg 0.4295676136801913 __DUMMY__ 0.040789053792280615	false	0.5
abgewichst	off 1.0		off 0.526232145169196 neg 0.43261449765602594 __DUMMY__ 0.04115335717477785	false	1.0
schwer	neg 1.0		off 0.5245632393656693 neg 0.4343875834471312 __DUMMY__ 0.04104917718719949	false	0.5
bedeutungslosigkeit	neg 1.0		off 0.5219818182254146 neg 0.4367015299055513 __DUMMY__ 0.04131665186903412	false	0.5
kapitulation	neg 1.0		off 0.522298656047153 neg 0.43660542328798746 __DUMMY__ 0.0410959206648597	false	0.5
unscharf	neg 1.0		off 0.5241971524840139 neg 0.4352192517193916 __DUMMY__ 0.04058359579659448	false	0.5
schwinden	neg 1.0		off 0.5207393967635497 neg 0.43807488069997386 __DUMMY__ 0.041185722536476545	false	0.5
versklavung	neg 1.0	neg 1.0	neg 0.7007524109577404 off 0.2798127213868769 __DUMMY__ 0.01943486765538263	false	1.0
schlecht	neg 1.0		off 0.5314634200128078 neg 0.4277674933904263 __DUMMY__ 0.04076908659676594	false	0.5
verhasst	neg 1.0		off 0.5266530798302606 neg 0.4324276135714007 __DUMMY__ 0.040919306598338895	false	0.5
beschweren	neg 1.0		off 0.528108404520774 neg 0.43087466250743983 __DUMMY__ 0.04101693297178608	false	0.5
scheiden	neg 1.0		off 0.5247683077095006 neg 0.43427382646772233 __DUMMY__ 0.040957865822777155	false	0.5
frustriert	neg 1.0		off 0.5247248082821758 neg 0.4341017545897196 __DUMMY__ 0.04117343712810448	false	0.5
schimmelig	neg 1.0		off 0.5213496719454154 neg 0.43762135952171843 __DUMMY__ 0.041028968532866084	false	0.5
fisch	neg 1.0		off 0.5171896682443634 neg 0.44172111321851876 __DUMMY__ 0.04108921853711801	false	0.5
schmuggel	neg 1.0		off 0.5222065990831591 neg 0.43624380836993865 __DUMMY__ 0.04154959254690241	false	0.5
auffallen	neg 1.0		off 0.5275365404596657 neg 0.43156316594177657 __DUMMY__ 0.04090029359855793	false	0.5
konkurrenz	neg 1.0		off 0.5223440545569454 neg 0.4362365230879095 __DUMMY__ 0.04141942235514506	false	0.5
teufelskreis	neg 1.0	neg 1.0	neg 0.7024537282642055 off 0.27807332035859783 __DUMMY__ 0.019472951377196776	false	1.0
aufschreien	neg 1.0		off 0.5273710777083184 neg 0.4318370101570895 __DUMMY__ 0.04079191213459218	false	0.5
schuldner	neg 1.0		off 0.5193184967285992 neg 0.4396043270069643 __DUMMY__ 0.041077176264436556	false	0.5
missgeburt	off 1.0	off 1.0	off 0.7571089101764596 neg 0.22371045385871835 __DUMMY__ 0.019180635964822005	false	1.0
arbeitslos	neg 1.0		off 0.5236661053784718 neg 0.43510312034915744 __DUMMY__ 0.04123077427237091	false	0.5
befallen	neg 1.0		off 0.5221914427651809 neg 0.4369520097150271 __DUMMY__ 0.04085654751979196	false	0.5
miesepetrig	off 1.0	off 1.0	off 0.7517098049240306 neg 0.22892816466657415 __DUMMY__ 0.019362030409395152	false	1.0
alarmieren	neg 1.0		off 0.5302875508106275 neg 0.4289278380235254 __DUMMY__ 0.0407846111658472	false	0.5
ungeduscht	off 1.0		off 0.5287604989913368 neg 0.4305560360163671 __DUMMY__ 0.04068346499229608	false	1.0
knappheit	neg 1.0		off 0.5215847448792824 neg 0.4374431834281439 __DUMMY__ 0.04097207169257379	false	0.5
schlange	neg 1.0		off 0.5259439110091754 neg 0.4330174227203211 __DUMMY__ 0.04103866627050348	false	0.5
harsch	neg 1.0		off 0.5364003948546392 neg 0.4229851997016669 __DUMMY__ 0.040614405443694	false	0.5
lang	neg 1.0		off 0.5272034705902815 neg 0.43179115046321825 __DUMMY__ 0.0410053789465001	false	0.5
ziellos	neg 1.0		off 0.5226942481978136 neg 0.43594148406259964 __DUMMY__ 0.041364267739586714	false	0.5
selbstverliebt	neg 1.0		off 0.5403111327895831 neg 0.41979402719240183 __DUMMY__ 0.03989484001801518	false	0.5
beseitigen	neg 1.0		off 0.5276384447989922 neg 0.43112218424892557 __DUMMY__ 0.04123937095208221	false	0.5
dumm	off 1.0		off 0.5357614763172677 neg 0.4240473487842878 __DUMMY__ 0.04019117489844456	false	1.0
arbeitsloser	neg 1.0		off 0.52646837528213 neg 0.4320550785986266 __DUMMY__ 0.04147654611924362	false	0.5
blitzen	neg 1.0		off 0.5293512408803978 neg 0.42983579522420634 __DUMMY__ 0.04081296389539592	false	0.5
hilflos	neg 1.0		off 0.5234770068262934 neg 0.43532590548594746 __DUMMY__ 0.0411970876877592	false	0.5
eklig	off 1.0		off 0.5347662733781768 neg 0.4252035532538463 __DUMMY__ 0.040030173367976915	false	1.0
begriff			off 0.5255055727419528 neg 0.4333945831440179 __DUMMY__ 0.04109984411402924	false	0.0
hungersnot	neg 1.0		off 0.522000569896943 neg 0.43699617731663004 __DUMMY__ 0.04100325278642687	false	0.5
ungesetzlich	neg 1.0		off 0.5266021724710672 neg 0.4325995896825878 __DUMMY__ 0.040798237846344926	false	0.5
verschwendung	neg 1.0		off 0.5217349031068875 neg 0.4369681183210902 __DUMMY__ 0.04129697857202216	false	0.5
schmerzvoll	neg 1.0		off 0.5260094301534083 neg 0.43311199926106986 __DUMMY__ 0.040878570585521856	false	0.5
vorzeitig	neg 1.0		off 0.5320344908220692 neg 0.4270796285447796 __DUMMY__ 0.04088588063315109	false	0.5
unvollkommenheit	neg 1.0		off 0.5251649762159043 neg 0.43363560312260324 __DUMMY__ 0.04119942066149249	false	0.5
intervenieren	neg 1.0		off 0.5209053937458301 neg 0.43797634846611594 __DUMMY__ 0.041118257788054065	false	0.5
banause	off 1.0		off 0.5342433369398432 neg 0.42599593677611064 __DUMMY__ 0.03976072628404632	false	1.0
rebell	neg 1.0		off 0.517113741180619 neg 0.4415411167473943 __DUMMY__ 0.04134514207198671	false	0.5
unlogisch	neg 1.0		off 0.5325083633638621 neg 0.42699882811365747 __DUMMY__ 0.04049280852248044	false	0.5
leiden	neg 1.0		off 0.5233889165865284 neg 0.43501294298413234 __DUMMY__ 0.041598140429339174	false	0.5
abschaffung	neg 1.0		off 0.5253928597882193 neg 0.4337565472326214 __DUMMY__ 0.040850592979159314	false	0.5
sturz	neg 1.0		off 0.5310105007369422 neg 0.4277539619472994 __DUMMY__ 0.04123553731575838	false	0.5
verkleinerung	neg 1.0		off 0.5266059515853265 neg 0.4328799072273939 __DUMMY__ 0.04051414118727967	false	0.5
schmarotzer	off 1.0		off 0.5239254617347255 neg 0.4349486290539353 __DUMMY__ 0.04112590921133916	false	1.0
bestrafung	neg 1.0	neg 1.0	neg 0.7001256353095968 off 0.2803005251513583 __DUMMY__ 0.019573839539044985	false	1.0
achtlos	neg 1.0		off 0.5244572133360819 neg 0.4343947527803956 __DUMMY__ 0.04114803388352248	false	0.5
ungeheuer	neg 1.0		off 0.5241212724456413 neg 0.4350354948574431 __DUMMY__ 0.04084323269691557	false	0.5
unaufrichtig	neg 1.0		off 0.5301352399351689 neg 0.42903200914521894 __DUMMY__ 0.040832750919612186	false	0.5
groggy	neg 1.0		off 0.5295778469877737 neg 0.4294781557061908 __DUMMY__ 0.04094399730603562	false	0.5
