unsolidarisch	neg 1.0		off 0.37077716643124387 __DUMMY__ 0.3228297288769599 neg 0.30639310469179626	false	0.5
nachteilig	neg 1.0		off 0.36814529361599657 __DUMMY__ 0.32713243383849516 neg 0.3047222725455083	false	0.5
skeptisch	neg 1.0		off 0.3660969567936634 __DUMMY__ 0.3268244433386955 neg 0.307078599867641	false	0.5
schrecklich	neg 1.0		off 0.3799907316761924 __DUMMY__ 0.319971643668921 neg 0.3000376246548866	false	0.5
schlapp	neg 1.0	neg 1.0	neg 0.6374629813150422 off 0.20774698210661327 __DUMMY__ 0.15479003657834461	false	1.0
abfall	neg 1.0		off 0.36323903808179425 __DUMMY__ 0.32868950503135114 neg 0.30807145688685467	false	0.5
widerspenstig	neg 1.0		off 0.369233137520948 __DUMMY__ 0.3236778587660163 neg 0.30708900371303577	false	0.5
abrupt	neg 1.0		off 0.3645424362312877 __DUMMY__ 0.32581123478249907 neg 0.3096463289862134	false	0.5
unwirksam	neg 1.0		off 0.3686117331942273 __DUMMY__ 0.32100062086132597 neg 0.3103876459444467	false	0.5
angreifen	neg 1.0		off 0.3653184125650666 __DUMMY__ 0.3269287224856847 neg 0.30775286494924875	false	0.5
inkonsistent	neg 1.0		off 0.3727266192667241 __DUMMY__ 0.3221531578141472 neg 0.30512022291912877	false	0.5
abrutschen	neg 1.0		off 0.3624566024422253 __DUMMY__ 0.32832562587580916 neg 0.30921777168196557	false	0.5
unsicher	neg 1.0		off 0.37094566107534516 __DUMMY__ 0.324985600949475 neg 0.3040687379751798	false	0.5
bauernkind	off 1.0	off 1.0	off 0.6799896090453611 neg 0.1680084711026225 __DUMMY__ 0.1520019198520164	false	1.0
angreifer	neg 1.0		off 0.3764868623224978 __DUMMY__ 0.32473955913173935 neg 0.298773578545763	false	0.5
trennen	neg 1.0		off 0.3653698505409385 __DUMMY__ 0.32741401030607337 neg 0.3072161391529881	false	0.5
schmutz	neg 1.0		off 0.37599123996680095 __DUMMY__ 0.325507039057709 neg 0.29850172097549005	false	0.5
inkonsistenz	neg 1.0		off 0.37603338723064716 __DUMMY__ 0.32223801565300675 neg 0.30172859711634614	false	0.5
erschreckend	neg 1.0		off 0.36992024911197807 __DUMMY__ 0.32477653810688334 neg 0.3053032127811386	false	0.5
ertrinken	neg 1.0		off 0.36412326250639904 __DUMMY__ 0.32633681879684834 neg 0.3095399186967528	false	0.5
pickelface	off 1.0		off 0.371874266581322 __DUMMY__ 0.3247006374865731 neg 0.303425095932105	false	1.0
seiner			off 0.36609066104790855 __DUMMY__ 0.327210172056461 neg 0.3066991668956304	false	0.0
lauch	neg 1.0	neg 1.0	neg 0.6403993641803101 off 0.20097576200789097 __DUMMY__ 0.15862487381179902	false	1.0
unwichtig	neg 1.0		off 0.37574767118260183 __DUMMY__ 0.32203520491215465 neg 0.30221712390524363	false	0.5
steuerhinterziehung	neg 1.0		off 0.36943681528417527 __DUMMY__ 0.32394839990694757 neg 0.3066147848088771	false	0.5
schock	neg 1.0		off 0.3688479915220277 __DUMMY__ 0.3251341314347105 neg 0.30601787704326167	false	0.5
beule	neg 1.0		off 0.37741810111367724 __DUMMY__ 0.3200869668818933 neg 0.3024949320044293	false	0.5
vergelten	neg 1.0		off 0.3819760597957111 __DUMMY__ 0.3205018342988334 neg 0.2975221059054556	false	0.5
verdorbenheit	neg 1.0		off 0.37223503905594163 __DUMMY__ 0.3241745786536883 neg 0.30359038229037016	false	0.5
trauma	neg 1.0		off 0.3719164000918372 __DUMMY__ 0.3234104566062998 neg 0.30467314330186307	false	0.5
sinnlos	neg 1.0		off 0.37278387834539634 __DUMMY__ 0.323537986665908 neg 0.30367813498869567	false	0.5
fettsack	off 1.0	off 1.0	off 0.6813465326880169 neg 0.16630948055313138 __DUMMY__ 0.15234398675885166	false	1.0
feige	off 1.0	off 1.0	off 0.6781318996366489 neg 0.16736161516058978 __DUMMY__ 0.15450648520276133	false	1.0
abdanken	neg 1.0		off 0.37074448503657137 __DUMMY__ 0.32501807782076286 neg 0.3042374371426658	false	0.5
wichtigtuer	off 1.0	off 1.0	off 0.6765963908094963 neg 0.16764482266591182 __DUMMY__ 0.15575878652459194	false	1.0
misslingen	neg 1.0		off 0.3744663941339368 __DUMMY__ 0.32612842160528105 neg 0.2994051842607823	false	0.5
untreu	off 1.0		off 0.37655971765902424 __DUMMY__ 0.32100735991803525 neg 0.3024329224229405	false	1.0
missmutig	neg 1.0		off 0.37367190697573766 __DUMMY__ 0.3218356287219349 neg 0.30449246430232746	false	0.5
hurenbock	off 1.0		off 0.3694717454519199 __DUMMY__ 0.32227351089976547 neg 0.3082547436483147	false	1.0
betrunken	neg 1.0		off 0.3783887074651877 __DUMMY__ 0.3199626474564844 neg 0.30164864507832795	false	0.5
korrupt	off 1.0		off 0.3684636192262247 __DUMMY__ 0.323651609430764 neg 0.3078847713430113	false	1.0
unmut	neg 1.0		off 0.3642558620292038 __DUMMY__ 0.3276511009600549 neg 0.30809303701074126	false	0.5
hackfresse	off 1.0		off 0.3842798481046946 __DUMMY__ 0.31737980406629684 neg 0.2983403478290086	false	1.0
aufblasen	neg 1.0		off 0.3704385356195026 __DUMMY__ 0.32364381161145317 neg 0.30591765276904437	false	0.5
gewaltsam	neg 1.0		off 0.371482833958946 __DUMMY__ 0.3256781804836408 neg 0.3028389855574133	false	0.5
unbeliebtheit	neg 1.0		off 0.3775282059857217 __DUMMY__ 0.3217713803190671 neg 0.3007004136952112	false	0.5
sturheit	neg 1.0		off 0.370674922653697 __DUMMY__ 0.32569933562813747 neg 0.30362574171816553	false	0.5
kuh	neg 1.0		off 0.3707109795199912 __DUMMY__ 0.3190551293646365 neg 0.31023389111537225	false	0.5
erschrecken	neg 1.0		off 0.3747203141138662 __DUMMY__ 0.3223991154281081 neg 0.3028805704580255	false	0.5
opfer	neg 1.0		off 0.36833005496235377 __DUMMY__ 0.32717511343184913 neg 0.304494831605797	false	0.5
sinken	neg 1.0		off 0.3637984990651239 __DUMMY__ 0.3262801483614693 neg 0.30992135257340675	false	0.5
stinktier	neg 1.0		off 0.3801810404550616 __DUMMY__ 0.3163169718092465 neg 0.30350198773569187	false	0.5
tucke	off 1.0		off 0.3848428327075199 __DUMMY__ 0.31450457459285025 neg 0.3006525926996299	false	1.0
ein			off 0.3681238874166763 __DUMMY__ 0.32299383821023303 neg 0.30888227437309074	false	0.0
abstieg	neg 1.0		off 0.37066317061662896 __DUMMY__ 0.3277244776127239 neg 0.3016123517706471	false	0.5
missverstehen	neg 1.0		off 0.37364337731551367 __DUMMY__ 0.3230216872806546 neg 0.30333493540383166	false	0.5
ergebnislos	neg 1.0		off 0.36848674795146824 __DUMMY__ 0.3276878565940202 neg 0.3038253954545116	false	0.5
unter			off 0.35978978484965096 __DUMMY__ 0.33150535113109414 neg 0.30870486401925495	false	0.0
manipulieren	neg 1.0		off 0.3667008635232919 __DUMMY__ 0.3269110587802282 neg 0.3063880776964798	false	0.5
unbewiesen	neg 1.0		off 0.37166686865419224 __DUMMY__ 0.32342718718579977 neg 0.3049059441600079	false	0.5
verschleppen	neg 1.0		off 0.3677857231812538 __DUMMY__ 0.32534854871930713 neg 0.30686572809943924	false	0.5
weib	off 1.0		off 0.38615421696933316 __DUMMY__ 0.31587772690924343 neg 0.29796805612142346	false	1.0
opposition	neg 1.0		off 0.3715948411038936 __DUMMY__ 0.3225627287611897 neg 0.30584243013491674	false	0.5
verkehrswidrig	neg 1.0		off 0.3837754517847611 __DUMMY__ 0.3215249930513048 neg 0.2946995551639341	false	0.5
inkorrekt	neg 1.0		off 0.37974019839204665 __DUMMY__ 0.31990405393007487 neg 0.3003557476778786	false	0.5
vermeiden	neg 1.0		off 0.3628129966333223 __DUMMY__ 0.32939492314403573 neg 0.3077920802226419	false	0.5
abweichung	neg 1.0		off 0.3689017295291805 __DUMMY__ 0.3259744088209145 neg 0.305123861649905	false	0.5
alkoholisiert	neg 1.0		off 0.36772047852452816 __DUMMY__ 0.328896269379714 neg 0.3033832520957578	false	0.5
scheiss	off 1.0	off 1.0	off 0.6788811567988017 neg 0.1671230299548142 __DUMMY__ 0.15399581324638423	false	1.0
herausforderung	neg 1.0		off 0.36826825326047646 __DUMMY__ 0.3257382555832285 neg 0.30599349115629504	false	0.5
pervers	off 1.0		off 0.388713104241117 __DUMMY__ 0.3150054884716947 neg 0.2962814072871882	false	1.0
wackelig	neg 1.0		off 0.3680638684471325 __DUMMY__ 0.3257638285102517 neg 0.3061723030426158	false	0.5
verwickeln	neg 1.0		off 0.3724743435368437 __DUMMY__ 0.32320492369220716 neg 0.30432073277094907	false	0.5
vorwand	neg 1.0		off 0.36507559735708855 __DUMMY__ 0.3272456012588945 neg 0.3076788013840168	false	0.5
muschi	off 1.0		off 0.3712670140543293 __DUMMY__ 0.32573050776366075 neg 0.30300247818200987	false	1.0
entmutigung	neg 1.0		off 0.37140889845076314 __DUMMY__ 0.32101170260375966 neg 0.30757939894547726	false	0.5
unangemessen	neg 1.0		off 0.36980216476685285 __DUMMY__ 0.3252465940416464 neg 0.3049512411915008	false	0.5
unstetig	neg 1.0		off 0.3754424137357773 __DUMMY__ 0.32287203681325943 neg 0.30168554945096326	false	0.5
entmutigen	neg 1.0		off 0.37138904121800903 __DUMMY__ 0.3236631986507304 neg 0.3049477601312604	false	0.5
schwanz	neg 1.0		off 0.36873287504685115 __DUMMY__ 0.3261945616604064 neg 0.30507256329274246	false	0.5
verbot	neg 1.0		off 0.3686827221253125 __DUMMY__ 0.3244217330281531 neg 0.3068955448465343	false	0.5
leid	neg 1.0		off 0.3815267387398304 __DUMMY__ 0.3189688025616651 neg 0.2995044586985046	false	0.5
archaisch	neg 1.0		off 0.3691768680769365 __DUMMY__ 0.3249882197838424 neg 0.30583491213922104	false	0.5
gegen			off 0.3655260839495312 __DUMMY__ 0.3283313365178326 neg 0.3061425795326362	false	0.0
scheidung	neg 1.0		off 0.3939911661367742 __DUMMY__ 0.31563749350745607 neg 0.29037134035576984	false	0.5
einschlag	neg 1.0		off 0.3822290273288537 __DUMMY__ 0.3218312438456777 neg 0.2959397288254687	false	0.5
m			off 0.3687624781232331 __DUMMY__ 0.3256652074634682 neg 0.30557231441329863	false	0.0
abgestanden	neg 1.0		off 0.3673957509147524 __DUMMY__ 0.32047587316236076 neg 0.3121283759228869	false	0.5
schmierig	off 1.0		off 0.38053971006169224 __DUMMY__ 0.3184916848419112 neg 0.30096860509639645	false	1.0
unpraktisch	neg 1.0		off 0.3723233978893752 __DUMMY__ 0.3239634080714703 neg 0.3037131940391545	false	0.5
wixxer	off 1.0		off 0.3884485325397527 __DUMMY__ 0.31411480587238083 neg 0.29743666158786636	false	1.0
bezeichnet			off 0.37153924861027876 __DUMMY__ 0.32480673324114556 neg 0.3036540181485757	false	0.0
jammerlappen	off 1.0		off 0.37578783047053943 __DUMMY__ 0.3217012554174824 neg 0.3025109141119781	false	1.0
farce	neg 1.0		off 0.3701322285746664 __DUMMY__ 0.32343666239550356 neg 0.30643110902983023	false	0.5
zwecklos	neg 1.0		off 0.36832112039859916 __DUMMY__ 0.32517895877479186 neg 0.30649992082660876	false	0.5
turbulent	neg 1.0		off 0.37768175249273056 __DUMMY__ 0.32016748820385826 neg 0.3021507593034112	false	0.5
invasion	neg 1.0		off 0.3733976334700664 __DUMMY__ 0.3230306902954256 neg 0.3035716762345081	false	0.5
schuld	neg 1.0		off 0.37204273174236496 __DUMMY__ 0.32386035594881984 neg 0.30409691230881514	false	0.5
risiko	neg 1.0		off 0.37187520171535626 __DUMMY__ 0.32212331998403587 neg 0.30600147830060787	false	0.5
finster	neg 1.0		off 0.36876706778728746 __DUMMY__ 0.32275973596233193 neg 0.30847319625038055	false	0.5
geisteskrank	off 1.0		off 0.3784753282369941 __DUMMY__ 0.32052726472537296 neg 0.30099740703763295	false	1.0
zusammenbrechen	neg 1.0		off 0.3682276884260632 __DUMMY__ 0.32485393630119425 neg 0.3069183752727425	false	0.5
ausbeute	neg 1.0		off 0.37051259248045354 __DUMMY__ 0.32600886107864596 neg 0.3034785464409004	false	0.5
hinterhalt	neg 1.0		off 0.3696477644018183 __DUMMY__ 0.32529721652243476 neg 0.30505501907574706	false	0.5
kritik	neg 1.0		off 0.3698679123118224 __DUMMY__ 0.3235791624841033 neg 0.30655292520407423	false	0.5
einschrumpfen	neg 1.0		off 0.37553158369115364 __DUMMY__ 0.320913463940326 neg 0.3035549523685203	false	0.5
riskant	neg 1.0		off 0.3660647699957732 __DUMMY__ 0.3264375555859074 neg 0.3074976744183194	false	0.5
frustrieren	neg 1.0		off 0.36672351741047143 __DUMMY__ 0.3257348375276922 neg 0.30754164506183634	false	0.5
groll	neg 1.0		off 0.36925727734957325 __DUMMY__ 0.32585557083810135 neg 0.30488715181232545	false	0.5
gibt			off 0.36837009362744844 __DUMMY__ 0.32568497169536686 neg 0.30594493467718475	false	0.0
qualvoll	neg 1.0		off 0.3724031309792338 __DUMMY__ 0.3228761204464338 neg 0.30472074857433246	false	0.5
wackeln	neg 1.0		off 0.37006454419213575 __DUMMY__ 0.32414835046955437 neg 0.30578710533830983	false	0.5
klagen	neg 1.0		off 0.364954635674766 __DUMMY__ 0.32672959089420756 neg 0.3083157734310265	false	0.5
bankrott	neg 1.0		off 0.37600495348334073 __DUMMY__ 0.3227618485041872 neg 0.3012331980124722	false	0.5
trauern	neg 1.0		off 0.36807121053821684 __DUMMY__ 0.32849866037017095 neg 0.3034301290916123	false	0.5
ablehnung	neg 1.0		off 0.36931160204375557 __DUMMY__ 0.3239796118618035 neg 0.3067087860944409	false	0.5
stur	neg 1.0		off 0.3714574287063753 __DUMMY__ 0.32324322485552137 neg 0.30529934643810314	false	0.5
aufruhr	neg 1.0		off 0.37051322258714836 __DUMMY__ 0.3238438174044366 neg 0.3056429600084151	false	0.5
melancholie	neg 1.0		off 0.36409909728893336 __DUMMY__ 0.32481920961364086 neg 0.3110816930974258	false	0.5
ist			off 0.37239626572302575 __DUMMY__ 0.3235288035605523 neg 0.3040749307164219	false	0.0
torheit	neg 1.0		off 0.3722443231963076 __DUMMY__ 0.32385340967537546 neg 0.30390226712831686	false	0.5
dreckskind	off 1.0		off 0.385489921585675 __DUMMY__ 0.3167796269747092 neg 0.29773045143961585	false	1.0
umtauschen	neg 1.0		off 0.369728996549933 __DUMMY__ 0.32431764620112347 neg 0.3059533572489434	false	0.5
zum			off 0.3644466338499853 __DUMMY__ 0.331119330963021 neg 0.3044340351869935	false	0.0
zersetzen	neg 1.0		off 0.36528826073903264 __DUMMY__ 0.32578955095347123 neg 0.3089221883074962	false	0.5
zur			off 0.36320271085773936 __DUMMY__ 0.3295875320064426 neg 0.30720975713581805	false	0.0
frust	neg 1.0		off 0.3680156505243739 __DUMMY__ 0.325024965126303 neg 0.30695938434932296	false	0.5
unerbittlichkeit	neg 1.0		off 0.3675451358610047 __DUMMY__ 0.32693339367967433 neg 0.30552147045932093	false	0.5
zwei			off 0.3621584252245473 __DUMMY__ 0.32931998437593185 neg 0.3085215903995209	false	0.0
unkorrekt	neg 1.0		off 0.37836954131200523 __DUMMY__ 0.3202824025330258 neg 0.3013480561549689	false	0.5
hexe	off 1.0		off 0.37374535116538266 __DUMMY__ 0.31986014734816504 neg 0.3063945014864523	false	1.0
lasch	neg 1.0		off 0.374839277258824 __DUMMY__ 0.32203674889921297 neg 0.3031239738419631	false	0.5
rivale	neg 1.0		off 0.38048330764320604 __DUMMY__ 0.3203890323792455 neg 0.29912765997754864	false	0.5
mutlos	off 1.0	off 1.0	off 0.6734429838915268 neg 0.16939089153824516 __DUMMY__ 0.15716612457022813	false	1.0
wirr	off 1.0		off 0.37987718511478114 __DUMMY__ 0.3188503149053627 neg 0.3012724999798562	false	1.0
jahr			off 0.3683397552240912 __DUMMY__ 0.32921376152811 neg 0.3024464832477988	false	0.0
wird			off 0.3679673016461887 __DUMMY__ 0.3261060052823558 neg 0.3059266930714554	false	0.0
strafbar	neg 1.0		off 0.36706590180800797 __DUMMY__ 0.32659298114618035 neg 0.30634111704581163	false	0.5
erosion	neg 1.0		off 0.371314721826293 __DUMMY__ 0.3246582985119581 neg 0.30402697966174885	false	0.5
eingehen	neg 1.0		off 0.36640537068435564 __DUMMY__ 0.3256678304452125 neg 0.30792679887043173	false	0.5
faul	off 1.0		off 0.3750907044762788 __DUMMY__ 0.32219202542733527 neg 0.3027172700963859	false	1.0
provisorium	neg 1.0		off 0.360098639814554 __DUMMY__ 0.33172478883534884 neg 0.30817657135009724	false	0.5
schmerzen	neg 1.0		off 0.3682378675764627 __DUMMY__ 0.3236625028529253 neg 0.3080996295706119	false	0.5
schrumpfen	neg 1.0		off 0.3612260507756398 __DUMMY__ 0.32729636971602644 neg 0.31147757950833355	false	0.5
geistlos	off 1.0		off 0.3733147125892572 __DUMMY__ 0.3221403738889371 neg 0.3045449135218057	false	1.0
fehlkauf	neg 1.0		off 0.3732725501358482 __DUMMY__ 0.32278743737772425 neg 0.30394001248642755	false	0.5
frustrierend	neg 1.0		off 0.37440210219435804 __DUMMY__ 0.32221860349179043 neg 0.30337929431385147	false	0.5
unzufrieden	neg 1.0		off 0.3683309119244138 __DUMMY__ 0.3255272644490717 neg 0.3061418236265145	false	0.5
verzweifeln	neg 1.0		off 0.36966894546789497 __DUMMY__ 0.324981475262736 neg 0.30534957926936906	false	0.5
verzweifelt	neg 1.0		off 0.3715371020196945 __DUMMY__ 0.3232603774797698 neg 0.30520252050053565	false	0.5
misstrauensantrag	neg 1.0		off 0.3724101635523675 __DUMMY__ 0.3227730742373841 neg 0.30481676221024834	false	0.5
abfallen	neg 1.0		off 0.37020087601067203 __DUMMY__ 0.3236418516677534 neg 0.30615727232157464	false	0.5
fucker	off 1.0		off 0.37962850949450505 __DUMMY__ 0.32055157751260965 neg 0.2998199129928855	false	1.0
ungezogen	neg 1.0		off 0.3866669454688915 __DUMMY__ 0.31643025059468477 neg 0.29690280393642365	false	0.5
irrsinnig	neg 1.0	neg 1.0	neg 0.6386537254296649 off 0.20532649563114208 __DUMMY__ 0.15601977893919297	false	1.0
unfassbar	neg 1.0		off 0.3770836398134828 __DUMMY__ 0.32164030697156915 neg 0.30127605321494794	false	0.5
hart	neg 1.0		off 0.376063299415647 __DUMMY__ 0.3197587448396953 neg 0.3041779557446577	false	0.5
widerlich	off 1.0		off 0.3774240384403988 __DUMMY__ 0.32103108609184294 neg 0.30154487546775827	false	1.0
fatal	neg 1.0	neg 1.0	neg 0.639646774164395 off 0.20562703160424478 __DUMMY__ 0.15472619423136022	false	1.0
bruch	neg 1.0		off 0.36369553003242416 __DUMMY__ 0.3275969729030969 neg 0.308707497064479	false	0.5
aushungern	neg 1.0		off 0.36881846901082815 __DUMMY__ 0.3242659691109362 neg 0.3069155618782356	false	0.5
anspannung	neg 1.0		off 0.3629767489102524 __DUMMY__ 0.32998148705002245 neg 0.3070417640397251	false	0.5
von			off 0.36539618249143035 __DUMMY__ 0.3272203247352814 neg 0.3073834927732882	false	0.0
kraftlos	neg 1.0		off 0.367478025696293 __DUMMY__ 0.3254051438859574 neg 0.30711683041774956	false	0.5
vom			off 0.36118406623270616 __DUMMY__ 0.3322108292955692 neg 0.3066051044717248	false	0.0
grenzdebil	off 1.0		off 0.3767236128096257 __DUMMY__ 0.3206974442383102 neg 0.30257894295206406	false	1.0
vor			off 0.36424373943365024 __DUMMY__ 0.3277942301363422 neg 0.30796203043000764	false	0.0
unterwerfen	neg 1.0		off 0.36799718002887105 __DUMMY__ 0.32659682766500786 neg 0.3054059923061211	false	0.5
versenkung	neg 1.0		off 0.3674445889721581 __DUMMY__ 0.32695239517262487 neg 0.305603015855217	false	0.5
entziehen	neg 1.0		off 0.3650615424147367 __DUMMY__ 0.327378691494002 neg 0.3075597660912614	false	0.5
finanzkrise	neg 1.0		off 0.3671374471627061 __DUMMY__ 0.3208099661178594 neg 0.31205258671943453	false	0.5
schimpfend	neg 1.0		off 0.372183951941445 __DUMMY__ 0.32472618824626126 neg 0.3030898598122939	false	0.5
profan	neg 1.0		off 0.37264659877966877 __DUMMY__ 0.3226548898446316 neg 0.30469851137569964	false	0.5
korruption	neg 1.0		off 0.3677123698912192 __DUMMY__ 0.3239667899727738 neg 0.3083208401360071	false	0.5
â			off 0.36801120716561614 __DUMMY__ 0.3257872932058181 neg 0.3062014996285657	false	0.0
schmutzig	neg 1.0		off 0.3767544057047078 __DUMMY__ 0.3205497996977459 neg 0.3026957945975462	false	0.5
sexy	neg 1.0		off 0.3751371452359578 __DUMMY__ 0.32294744529172253 neg 0.30191540947231965	false	0.5
abraten	neg 1.0		off 0.37294421676785056 __DUMMY__ 0.32371856970296603 neg 0.30333721352918336	false	0.5
schwarz	neg 1.0		off 0.3733633742733235 __DUMMY__ 0.3235457363567389 neg 0.30309088936993767	false	0.5
fotze	off 1.0	off 1.0	off 0.6742552012786854 neg 0.16838402475334804 __DUMMY__ 0.1573607739679665	false	1.0
verwirren	neg 1.0		off 0.37329523022297373 __DUMMY__ 0.322964362311823 neg 0.30374040746520325	false	0.5
zahnlos	off 1.0		off 0.36929968966791493 __DUMMY__ 0.32506641756993615 neg 0.30563389276214903	false	1.0
verheeren	neg 1.0		off 0.3880647577093141 __DUMMY__ 0.315996230371722 neg 0.295939011918964	false	0.5
hippie	neg 1.0		off 0.37450427129284275 __DUMMY__ 0.3227765360441649 neg 0.30271919266299235	false	0.5
rammen	neg 1.0		off 0.3719413782170443 __DUMMY__ 0.3245945144708941 neg 0.3034641073120617	false	0.5
unlauter	neg 1.0		off 0.3724155860062602 __DUMMY__ 0.32265982357863415 neg 0.3049245904151058	false	0.5
unheilvoll	neg 1.0		off 0.3714516847537004 __DUMMY__ 0.3231942765300144 neg 0.3053540387162853	false	0.5
niedrig	neg 1.0		off 0.36659119560880615 __DUMMY__ 0.3244984718180595 neg 0.3089103325731344	false	0.5
explosion	neg 1.0		off 0.37465879950761743 __DUMMY__ 0.32307596351169576 neg 0.30226523698068686	false	0.5
weichei	off 1.0	off 1.0	off 0.6807611112409924 neg 0.16682763286162372 __DUMMY__ 0.15241125589738394	false	1.0
minusmensch	off 1.0		off 0.38786736577299913 __DUMMY__ 0.3160180638956437 neg 0.2961145703313571	false	1.0
farblos	neg 1.0		off 0.3720792813646861 __DUMMY__ 0.3237595215222661 neg 0.3041611971130478	false	0.5
unwissend	neg 1.0	neg 1.0	neg 0.6376735663764471 off 0.20750347501416053 __DUMMY__ 0.15482295860939232	false	1.0
traurig	neg 1.0		off 0.37969096276241954 __DUMMY__ 0.32029601267414 neg 0.3000130245634404	false	0.5
senkung	neg 1.0		off 0.3714111237450939 __DUMMY__ 0.3201976369300517 neg 0.3083912393248543	false	0.5
ungleich	neg 1.0	neg 1.0	neg 0.6398270681611479 off 0.2029755204596367 __DUMMY__ 0.1571974113792154	false	1.0
heikel	neg 1.0		off 0.36634669494065353 __DUMMY__ 0.3264629763732199 neg 0.30719032868612645	false	0.5
drosselung	neg 1.0		off 0.375775986500568 __DUMMY__ 0.31919207902187835 neg 0.3050319344775537	false	0.5
falsch	neg 1.0		off 0.3752950973643623 __DUMMY__ 0.3227764380037577 neg 0.3019284646318799	false	0.5
unzufriedenheit	neg 1.0		off 0.3653883873334365 __DUMMY__ 0.3257971326379931 neg 0.30881448002857054	false	0.5
kurz	neg 1.0		off 0.36910388002575123 __DUMMY__ 0.32611916049492523 neg 0.3047769594793236	false	0.5
unsinnig	neg 1.0		off 0.3690885972427147 __DUMMY__ 0.3239689428199274 neg 0.30694245993735797	false	0.5
penner	off 1.0	off 1.0	off 0.682101529098664 neg 0.16561926669296748 __DUMMY__ 0.1522792042083686	false	1.0
seicht	neg 1.0		off 0.38437042353249806 __DUMMY__ 0.31522865585015974 neg 0.30040092061734225	false	0.5
dummheit	off 1.0	off 1.0	off 0.6762798787377421 neg 0.1685217049459441 __DUMMY__ 0.15519841631631376	false	1.0
unerfreulich	neg 1.0		off 0.3661385609436204 __DUMMY__ 0.32673034967836107 neg 0.30713108937801853	false	0.5
motherfucker	off 1.0	off 1.0	off 0.6794131072020677 neg 0.16632654008223416 __DUMMY__ 0.1542603527156981	false	1.0
pikiert	neg 1.0		off 0.3757281921635446 __DUMMY__ 0.3209427430991422 neg 0.3033290647373132	false	0.5
wrack	neg 1.0		off 0.3714508185786159 __DUMMY__ 0.32830821573713237 neg 0.30024096568425174	false	0.5
gangster	neg 1.0		off 0.37465624480333215 __DUMMY__ 0.322598978793148 neg 0.3027447764035197	false	0.5
krank	neg 1.0		off 0.3773577762926303 __DUMMY__ 0.3213125885655015 neg 0.30132963514186817	false	0.5
reich	neg 1.0		off 0.3730260381989349 __DUMMY__ 0.31977530940725896 neg 0.30719865239380617	false	0.5
gnadenlos	neg 1.0		off 0.3720738061335882 __DUMMY__ 0.3243239352093616 neg 0.30360225865705004	false	0.5
niedergeschlagen	neg 1.0		off 0.36856397793823603 __DUMMY__ 0.3261096116664954 neg 0.3053264103952684	false	0.5
terrorisieren	off 1.0	off 1.0	off 0.6728168485294996 neg 0.16963810268657006 __DUMMY__ 0.15754504878393033	false	1.0
sinnlosigkeit	neg 1.0		off 0.3688800951689478 __DUMMY__ 0.3253319651745462 neg 0.30578793965650597	false	0.5
behindern	neg 1.0		off 0.3702893432094883 __DUMMY__ 0.3241822348376429 neg 0.3055284219528689	false	0.5
undemokratisch	neg 1.0		off 0.37271900248085765 __DUMMY__ 0.3226364683423907 neg 0.3046445291767516	false	0.5
wirtschaftskrise	neg 1.0		off 0.3668181650268455 __DUMMY__ 0.3234944230588349 neg 0.3096874119143197	false	0.5
neid	neg 1.0		off 0.3737708640623822 __DUMMY__ 0.3222479277717661 neg 0.30398120816585167	false	0.5
rutschen	neg 1.0		off 0.3616253947019113 __DUMMY__ 0.3291443827697779 neg 0.30923022252831067	false	0.5
rezession	neg 1.0		off 0.3769153148423577 __DUMMY__ 0.31667609469871316 neg 0.3064085904589292	false	0.5
fehlgeburt	neg 1.0		off 0.37166300378715184 __DUMMY__ 0.3247580868740268 neg 0.3035789093388213	false	0.5
charakterschwach	off 1.0		off 0.3766490276058104 __DUMMY__ 0.32094291203820396 neg 0.30240806035598566	false	1.0
isolation	neg 1.0		off 0.3754826736271828 __DUMMY__ 0.32309025787485895 neg 0.3014270684979583	false	0.5
ablenkung	neg 1.0		off 0.3707685246019838 __DUMMY__ 0.3250025147221399 neg 0.3042289606758763	false	0.5
pech	neg 1.0		off 0.37462332033408086 __DUMMY__ 0.3216726704372477 neg 0.30370400922867136	false	0.5
vermeidung	neg 1.0		off 0.3765009917159743 __DUMMY__ 0.32035515784923413 neg 0.30314385043479164	false	0.5
dominieren	neg 1.0		off 0.36943940236485884 __DUMMY__ 0.3253358043000078 neg 0.3052247933351333	false	0.5
schwindlig	neg 1.0		off 0.3721975942405941 __DUMMY__ 0.322761100054981 neg 0.30504130570442506	false	0.5
lutscher	neg 1.0		off 0.386317693885674 __DUMMY__ 0.3144959144788626 neg 0.2991863916354633	false	0.5
pflicht	neg 1.0		off 0.36554570552700627 __DUMMY__ 0.3277281389234713 neg 0.3067261555495225	false	0.5
faschist	off 1.0		off 0.3749230699780894 __DUMMY__ 0.32263472309126584 neg 0.30244220693064466	false	1.0
verschleudern	neg 1.0		off 0.3650878955962012 __DUMMY__ 0.3237173910809143 neg 0.31119471332288445	false	0.5
wenn			off 0.37525872725845366 __DUMMY__ 0.3216272956244671 neg 0.30311397711707927	false	0.0
ehebruch	neg 1.0		off 0.36770017517007214 __DUMMY__ 0.3254677574798205 neg 0.3068320673501074	false	0.5
spott	off 1.0		off 0.36842454570585204 __DUMMY__ 0.3264736701069981 neg 0.30510178418714995	false	1.0
trostlosigkeit	neg 1.0		off 0.36420074245123324 __DUMMY__ 0.32628418825779154 neg 0.30951506929097516	false	0.5
lutschen	neg 1.0		off 0.3757947913053719 __DUMMY__ 0.3227927683519901 neg 0.301412440342638	false	0.5
undiszipliniert	neg 1.0		off 0.3786365524721672 __DUMMY__ 0.3202549043001816 neg 0.30110854322765124	false	0.5
kopfschmerz	neg 1.0		off 0.36539152896533467 __DUMMY__ 0.323688400073438 neg 0.3109200709612273	false	0.5
unvorhergesehen	neg 1.0		off 0.36564283709160045 __DUMMY__ 0.32752146785737124 neg 0.3068356950510284	false	0.5
desinteressiert	neg 1.0		off 0.37790986063656595 __DUMMY__ 0.32045007974550377 neg 0.3016400596179302	false	0.5
armselig	off 1.0		off 0.38049693518769895 __DUMMY__ 0.3197416423397504 neg 0.2997614224725508	false	1.0
desaster	neg 1.0		off 0.3637960684387005 __DUMMY__ 0.3267341117744948 neg 0.30946981978680477	false	0.5
tod	neg 1.0		off 0.3673623922936576 __DUMMY__ 0.3264100580301967 neg 0.30622754967614574	false	0.5
herzlos	neg 1.0		off 0.3796512924784987 __DUMMY__ 0.3196825529728468 neg 0.3006661545486544	false	0.5
unwissenheit	neg 1.0		off 0.36846076856465265 __DUMMY__ 0.32535904488276757 neg 0.30618018655257967	false	0.5
widersinnig	neg 1.0		off 0.36856641668871704 __DUMMY__ 0.3232174264889894 neg 0.3082161568222937	false	0.5
bedenklich	neg 1.0		off 0.3672029606679548 __DUMMY__ 0.32536396103960774 neg 0.3074330782924375	false	0.5
beanstanden	neg 1.0		off 0.3665941871052356 __DUMMY__ 0.32783918638838105 neg 0.30556662650638333	false	0.5
panisch	neg 1.0		off 0.37282417730811956 __DUMMY__ 0.32374605074693436 neg 0.3034297719449462	false	0.5
debil	off 1.0		off 0.3601571205348825 __DUMMY__ 0.3305399083006518 neg 0.3093029711644657	false	1.0
abstrich	neg 1.0		off 0.36955632108124264 __DUMMY__ 0.3251410471903188 neg 0.30530263172843847	false	0.5
primitiv	neg 1.0		off 0.3783279728608525 __DUMMY__ 0.3206869444595232 neg 0.3009850826796242	false	0.5
abschaum	off 1.0	off 1.0	off 0.6785852691335897 neg 0.16611337533123272 __DUMMY__ 0.1553013555351775	false	1.0
provozieren	neg 1.0		off 0.37146683518467327 __DUMMY__ 0.3236124350597127 neg 0.3049207297556139	false	0.5
tot	neg 1.0		off 0.3689770925159823 __DUMMY__ 0.3255304220246557 neg 0.30549248545936186	false	0.5
instabil	neg 1.0		off 0.37966395647853546 __DUMMY__ 0.3183353433228078 neg 0.30200070019865677	false	0.5
schwuchtel	off 1.0	off 1.0	off 0.6863735398793187 neg 0.16324247155112953 __DUMMY__ 0.1503839885695519	false	1.0
zerren	neg 1.0		off 0.3683887659169874 __DUMMY__ 0.3260195706844343 neg 0.30559166339857835	false	0.5
kinderficker	off 1.0		off 0.38276983289336264 __DUMMY__ 0.3184348875184804 neg 0.298795279588157	false	1.0
gefahr	neg 1.0		off 0.3659893566769922 __DUMMY__ 0.327449367077175 neg 0.30656127624583285	false	0.5
rabiat	neg 1.0		off 0.36926495737460674 __DUMMY__ 0.32406906189273554 neg 0.3066659807326578	false	0.5
verlangsamung	neg 1.0		off 0.38368701382266474 __DUMMY__ 0.316681242059931 neg 0.2996317441174041	false	0.5
ausgestorben	neg 1.0		off 0.3698432868311989 __DUMMY__ 0.3253268525513016 neg 0.3048298606174995	false	0.5
anklagen	neg 1.0		off 0.36937540936086877 __DUMMY__ 0.32518602279819536 neg 0.3054385678409359	false	0.5
trott	neg 1.0		off 0.37087013649618505 __DUMMY__ 0.3245211584195089 neg 0.3046087050843061	false	0.5
verminderung	neg 1.0		off 0.37655630689523273 __DUMMY__ 0.3203251733066796 neg 0.3031185197980878	false	0.5
nach			off 0.36128199528020927 __DUMMY__ 0.33067466733688705 neg 0.3080433373829037	false	0.0
rost	neg 1.0		off 0.3872342872301679 __DUMMY__ 0.318486298184443 neg 0.294279414585389	false	0.5
destruktiv	neg 1.0		off 0.3702409054895149 __DUMMY__ 0.3239609232418087 neg 0.3057981712686765	false	0.5
unzumutbarkeit	neg 1.0		off 0.37785257900291125 __DUMMY__ 0.3217568998375955 neg 0.3003905211594932	false	0.5
labil	off 1.0	off 1.0	off 0.6777414837391319 neg 0.1672512384719155 __DUMMY__ 0.1550072777889525	false	1.0
ziemlich	neg 1.0		off 0.37701058403194954 __DUMMY__ 0.32202185767814906 neg 0.3009675582899015	false	0.5
lachnummer	off 1.0		off 0.37158006669916077 __DUMMY__ 0.3245089997106313 neg 0.3039109335902078	false	1.0
oder			off 0.37155214937748177 __DUMMY__ 0.32459548813086336 neg 0.3038523624916549	false	0.0
verfall	neg 1.0		off 0.36166034443138645 __DUMMY__ 0.32753479471902636 neg 0.31080486084958714	false	0.5
ausgrenzung	neg 1.0		off 0.3725966970331828 __DUMMY__ 0.32260825782200975 neg 0.3047950451448073	false	0.5
unordnung	neg 1.0		off 0.3817576046483314 __DUMMY__ 0.31973390067318397 neg 0.2985084946784847	false	0.5
fehlverhalten	neg 1.0		off 0.3668964277696278 __DUMMY__ 0.3264353876590231 neg 0.30666818457134914	false	0.5
eine			off 0.36427558805668997 __DUMMY__ 0.32695191088187164 neg 0.30877250106143833	false	0.0
nille	neg 1.0		off 0.3717696901293003 __DUMMY__ 0.3248941115428429 neg 0.3033361983278568	false	0.5
qual	neg 1.0		off 0.37040328900665165 __DUMMY__ 0.324528952548373 neg 0.3050677584449753	false	0.5
verschwenden	neg 1.0		off 0.36554988576356995 __DUMMY__ 0.3254034900303192 neg 0.3090466242061109	false	0.5
riesig	neg 1.0		off 0.3677059375518675 __DUMMY__ 0.326865720563304 neg 0.3054283418848284	false	0.5
verurteilen	neg 1.0		off 0.368983472018251 __DUMMY__ 0.3252245974039728 neg 0.30579193057777626	false	0.5
klischee	neg 1.0	neg 1.0	neg 0.6383969496716339 off 0.20674224373736894 __DUMMY__ 0.15486080659099713	false	1.0
diktatorisch	neg 1.0		off 0.3729651107026468 __DUMMY__ 0.3226923689290662 neg 0.304342520368287	false	0.5
vorhersehbar	neg 1.0		off 0.3733920348383377 __DUMMY__ 0.32216522215950927 neg 0.304442743002153	false	0.5
sowie			off 0.3811836763502432 __DUMMY__ 0.31770580776035157 neg 0.3011105158894053	false	0.0
stornieren	neg 1.0		off 0.3759524490307305 __DUMMY__ 0.32548574187384605 neg 0.2985618090954234	false	0.5
besteuerung	neg 1.0	neg 1.0	neg 0.6410176788809221 off 0.20426508801384768 __DUMMY__ 0.15471723310523014	false	1.0
ungeschminkt	neg 1.0		off 0.37851243785064037 __DUMMY__ 0.32068787010710637 neg 0.3007996920422535	false	0.5
kritisch	neg 1.0		off 0.3685274912290699 __DUMMY__ 0.32551345770552526 neg 0.3059590510654048	false	0.5
schlamperei	off 1.0		off 0.36730868619150475 __DUMMY__ 0.3261440815801001 neg 0.3065472322283952	false	1.0
sucht	neg 1.0	neg 1.0	neg 0.6368377286101239 off 0.20637873237104207 __DUMMY__ 0.15678353901883402	false	1.0
egoistisch	off 1.0	off 1.0	off 0.6815672287688008 neg 0.1649308937313427 __DUMMY__ 0.15350187749985642	false	1.0
ausbeuter	off 1.0		off 0.3653882481388878 __DUMMY__ 0.32513416183307603 neg 0.309477590028036	false	1.0
arschgeburt	off 1.0		off 0.3910697483412773 __DUMMY__ 0.3131894645189863 neg 0.2957407871397363	false	1.0
schubs	neg 1.0		off 0.36656319610243465 __DUMMY__ 0.3244852496039758 neg 0.30895155429358945	false	0.5
unsolide	neg 1.0		off 0.37358214766284575 __DUMMY__ 0.3226645918952348 neg 0.3037532604419196	false	0.5
beschwerde	neg 1.0		off 0.369152126533061 __DUMMY__ 0.325631816463944 neg 0.3052160570029949	false	0.5
stocken	neg 1.0		off 0.3676975517191204 __DUMMY__ 0.32576394379476 neg 0.30653850448611974	false	0.5
isolieren	neg 1.0		off 0.367999652475177 __DUMMY__ 0.3244391811362262 neg 0.30756116638859676	false	0.5
unheilbar	neg 1.0		off 0.3706227722316269 __DUMMY__ 0.32404715875592865 neg 0.3053300690124445	false	0.5
pisser	off 1.0	off 1.0	off 0.6804399436095602 neg 0.1650738857011764 __DUMMY__ 0.1544861706892635	false	1.0
löschen	neg 1.0		off 0.37154542950636416 __DUMMY__ 0.3242084357155264 neg 0.30424613477810963	false	0.5
durchfallen	neg 1.0		off 0.36841401596090484 __DUMMY__ 0.32570696346222794 neg 0.3058790205768671	false	0.5
wichser	off 1.0	off 1.0	off 0.6839279362867469 neg 0.164619989042865 __DUMMY__ 0.15145207467038813	false	1.0
terror	neg 1.0		off 0.3743634842750745 __DUMMY__ 0.32292163715981836 neg 0.3027148785651073	false	0.5
krass	neg 1.0		off 0.38154880927359514 __DUMMY__ 0.3189296420839219 neg 0.29952154864248304	false	0.5
revolte	neg 1.0		off 0.37315838638608834 __DUMMY__ 0.3206785817481734 neg 0.30616303186573834	false	0.5
besorgt	neg 1.0		off 0.36944270077940555 __DUMMY__ 0.3262861988087424 neg 0.3042711004118522	false	0.5
nachlassen	neg 1.0		off 0.36834081437722915 __DUMMY__ 0.326565398673562 neg 0.30509378694920875	false	0.5
alt	neg 1.0		off 0.3646720258431917 __DUMMY__ 0.3229351235991197 neg 0.31239285055768873	false	0.5
hundesohn	off 1.0	off 1.0	off 0.6836659327164171 neg 0.16432448921878579 __DUMMY__ 0.15200957806479726	false	1.0
als			off 0.3681093065535671 __DUMMY__ 0.32475194246728917 neg 0.3071387509791437	false	0.0
abschreckung	neg 1.0		off 0.36562038596061414 __DUMMY__ 0.3263330850552315 neg 0.30804652898415447	false	0.5
unqualifiziert	neg 1.0		off 0.3755153697539733 __DUMMY__ 0.3223016780318542 neg 0.30218295221417235	false	0.5
abgewichst	off 1.0		off 0.37091355522277086 __DUMMY__ 0.3250616607757913 neg 0.3040247840014379	false	1.0
schwer	neg 1.0		off 0.36970561178402117 __DUMMY__ 0.32425917427917583 neg 0.30603521393680294	false	0.5
bedeutungslosigkeit	neg 1.0		off 0.3663037627430233 __DUMMY__ 0.3262806805817004 neg 0.3074155566752762	false	0.5
kapitulation	neg 1.0		off 0.36739361625170813 __DUMMY__ 0.324623725778049 neg 0.3079826579702428	false	0.5
unscharf	neg 1.0		off 0.3709077848453002 __DUMMY__ 0.3208049460511615 neg 0.3082872691035382	false	0.5
schwinden	neg 1.0		off 0.3655686755816378 __DUMMY__ 0.32531744964441234 neg 0.30911387477394986	false	0.5
versklavung	neg 1.0	neg 1.0	neg 0.639116983632374 off 0.20548078620354004 __DUMMY__ 0.15540223016408597	false	1.0
schlecht	neg 1.0		off 0.37730842457959535 __DUMMY__ 0.32215860002423224 neg 0.3005329753961725	false	0.5
verhasst	neg 1.0		off 0.37218463698889825 __DUMMY__ 0.32327689762411216 neg 0.3045384653869895	false	0.5
beschweren	neg 1.0		off 0.3732176126951479 __DUMMY__ 0.32402188362807355 neg 0.30276050367677865	false	0.5
scheiden	neg 1.0		off 0.3701542358698085 __DUMMY__ 0.3236512854963661 neg 0.3061944786338253	false	0.5
frustriert	neg 1.0		off 0.3694259968229429 __DUMMY__ 0.32519804825170323 neg 0.30537595492535385	false	0.5
schimmelig	neg 1.0		off 0.3665755500661518 __DUMMY__ 0.3241909018261097 neg 0.3092335481077386	false	0.5
fisch	neg 1.0		off 0.3623597766228632 __DUMMY__ 0.32466760088908986 neg 0.31297262248804697	false	0.5
schmuggel	neg 1.0		off 0.3656304404605026 __DUMMY__ 0.3281125359957028 neg 0.30625702354379464	false	0.5
auffallen	neg 1.0		off 0.3730803935612028 __DUMMY__ 0.32314329755319676 neg 0.3037763088856005	false	0.5
konkurrenz	neg 1.0		off 0.36627747676193784 __DUMMY__ 0.3270820773676812 neg 0.3066404458703811	false	0.5
teufelskreis	neg 1.0	neg 1.0	neg 0.6407011873552895 off 0.2036068391987129 __DUMMY__ 0.15569197344599764	false	1.0
aufschreien	neg 1.0		off 0.3733164565285667 __DUMMY__ 0.3223144293320884 neg 0.3043691141393447	false	0.5
schuldner	neg 1.0		off 0.3645859887208604 __DUMMY__ 0.32449262572971843 neg 0.3109213855494211	false	0.5
missgeburt	off 1.0	off 1.0	off 0.6836515428281259 neg 0.16292459514382823 __DUMMY__ 0.15342386202804598	false	1.0
arbeitslos	neg 1.0		off 0.3682123224879044 __DUMMY__ 0.3256302538759149 neg 0.30615742363618087	false	0.5
befallen	neg 1.0		off 0.3681154651138067 __DUMMY__ 0.322850321244314 neg 0.3090342136418794	false	0.5
miesepetrig	off 1.0	off 1.0	off 0.6775896956220381 neg 0.16756499286563575 __DUMMY__ 0.1548453115123262	false	1.0
alarmieren	neg 1.0		off 0.3761493212817119 __DUMMY__ 0.3222950712963063 neg 0.3015556074219819	false	0.5
ungeduscht	off 1.0		off 0.3749366024337067 __DUMMY__ 0.32155559159872044 neg 0.3035078059675729	false	1.0
knappheit	neg 1.0		off 0.3671257160117879 __DUMMY__ 0.3237117994611497 neg 0.30916248452706224	false	0.5
schlange	neg 1.0		off 0.3710329024454605 __DUMMY__ 0.3242075814020313 neg 0.3047595161525081	false	0.5
harsch	neg 1.0		off 0.38255854047306814 __DUMMY__ 0.3210315026459463 neg 0.29640995688098554	false	0.5
lang	neg 1.0		off 0.37238383837199884 __DUMMY__ 0.32392723272390145 neg 0.3036889289040997	false	0.5
ziellos	neg 1.0		off 0.36678120765724187 __DUMMY__ 0.3266591359400005 neg 0.30655965640275756	false	0.5
selbstverliebt	neg 1.0		off 0.38890834009926917 __DUMMY__ 0.31555347431207237 neg 0.2955381855886585	false	0.5
beseitigen	neg 1.0		off 0.37194642442418313 __DUMMY__ 0.32576487667627185 neg 0.302288698899545	false	0.5
dumm	off 1.0		off 0.3834774625238473 __DUMMY__ 0.3177922856195594 neg 0.29873025185659324	false	1.0
arbeitsloser	neg 1.0		off 0.3700262861097515 __DUMMY__ 0.3275108920947927 neg 0.30246282179545575	false	0.5
blitzen	neg 1.0		off 0.3751265579920209 __DUMMY__ 0.3224806514768196 neg 0.3023927905311594	false	0.5
hilflos	neg 1.0		off 0.3681301681957239 __DUMMY__ 0.32538182277689653 neg 0.30648800902737955	false	0.5
eklig	off 1.0		off 0.38308271739059335 __DUMMY__ 0.316584917923996 neg 0.3003323646854106	false	1.0
begriff			off 0.37043476296302874 __DUMMY__ 0.32464893957835894 neg 0.30491629745861243	false	0.0
hungersnot	neg 1.0		off 0.36740856279437734 __DUMMY__ 0.3239545820647617 neg 0.308636855140861	false	0.5
ungesetzlich	neg 1.0		off 0.37260182557221183 __DUMMY__ 0.32237381101095736 neg 0.305024363416831	false	0.5
verschwendung	neg 1.0		off 0.36612025561288736 __DUMMY__ 0.32613196812734385 neg 0.30774777625976873	false	0.5
schmerzvoll	neg 1.0		off 0.3716944350868309 __DUMMY__ 0.32297565082638713 neg 0.305329914086782	false	0.5
vorzeitig	neg 1.0		off 0.3774143810311284 __DUMMY__ 0.3230841086214933 neg 0.2995015103473783	false	0.5
unvollkommenheit	neg 1.0		off 0.3696998378146194 __DUMMY__ 0.3254601761822928 neg 0.30483998600308776	false	0.5
intervenieren	neg 1.0		off 0.3659806877689684 __DUMMY__ 0.32478500263124066 neg 0.309234309599791	false	0.5
banause	off 1.0		off 0.3835413477163815 __DUMMY__ 0.31455087766837503 neg 0.30190777461524343	false	1.0
rebell	neg 1.0		off 0.3614240039300296 __DUMMY__ 0.32655832610717406 neg 0.3120176699627964	false	0.5
unlogisch	neg 1.0		off 0.37928206588216046 __DUMMY__ 0.3200734922960151 neg 0.3006444418218244	false	0.5
leiden	neg 1.0		off 0.36655196331050577 __DUMMY__ 0.32847729950912224 neg 0.304970737180372	false	0.5
abschaffung	neg 1.0		off 0.37120912993814886 __DUMMY__ 0.3227857895608178 neg 0.30600508050103337	false	0.5
sturz	neg 1.0		off 0.3751909176211935 __DUMMY__ 0.3257295126700958 neg 0.2990795697087108	false	0.5
verkleinerung	neg 1.0		off 0.3735648499266513 __DUMMY__ 0.3202507278889232 neg 0.30618442218442543	false	0.5
schmarotzer	off 1.0		off 0.3688411458461313 __DUMMY__ 0.3248397123196426 neg 0.30631914183422615	false	1.0
bestrafung	neg 1.0	neg 1.0	neg 0.6380670071774653 off 0.205439906817231 __DUMMY__ 0.15649308600530376	false	1.0
achtlos	neg 1.0		off 0.36924091457460617 __DUMMY__ 0.32502244102573274 neg 0.30573664439966114	false	0.5
ungeheuer	neg 1.0		off 0.3699770722825983 __DUMMY__ 0.3227534076160283 neg 0.3072695201013735	false	0.5
unaufrichtig	neg 1.0		off 0.3758199546645217 __DUMMY__ 0.32265599808383294 neg 0.30152404725164533	false	0.5
groggy	neg 1.0		off 0.37490420239387195 __DUMMY__ 0.32346265021586557 neg 0.3016331473902625	false	0.5
verletzlich	neg 1.0		off 0.3746547565087453 __DUMMY__ 0.3197875179083025 neg 0.3055577255829523	false	0.5
ablehnen	neg 1.0		off 0.36807355049328233 __DUMMY__ 0.32546152778829385 neg 0.3064649217184239	false	0.5
