unsolidarisch	neg 1.0		off 0.5107382009930037 neg 0.42241445487564394 __DUMMY__ 0.0668473441313524	false	0.5
nachteilig	neg 1.0		off 0.5099475038072843 neg 0.42228241386412585 __DUMMY__ 0.06777008232858987	false	0.5
skeptisch	neg 1.0		off 0.5076721115806715 neg 0.42461836483862275 __DUMMY__ 0.06770952358070569	false	0.5
schrecklich	neg 1.0		off 0.5190932215938403 neg 0.4146798339559435 __DUMMY__ 0.06622694445021618	false	0.5
schlapp	neg 1.0	neg 1.0	neg 0.6932136619564668 off 0.2750886087287198 __DUMMY__ 0.031697729314813315	false	1.0
abfall	neg 1.0		off 0.5055258790398307 neg 0.42636748599393787 __DUMMY__ 0.06810663496623151	false	0.5
widerspenstig	neg 1.0		off 0.5095746409173921 neg 0.42340184531402075 __DUMMY__ 0.06702351376858712	false	0.5
abrupt	neg 1.0		off 0.5056387548272703 neg 0.4268852565065008 __DUMMY__ 0.06747598866622885	false	0.5
unwirksam	neg 1.0		off 0.5077158126804056 neg 0.4258367004189798 __DUMMY__ 0.0664474869006147	false	0.5
angreifen	neg 1.0		off 0.5069013213776242 neg 0.4253659784205266 __DUMMY__ 0.06773270020184913	false	0.5
inkonsistent	neg 1.0		off 0.5125369644261916 neg 0.42077219714253117 __DUMMY__ 0.06669083843127731	false	0.5
abrutschen	neg 1.0		off 0.5045584592325334 neg 0.4274096632938484 __DUMMY__ 0.06803187747361827	false	0.5
unsicher	neg 1.0		off 0.5119028134460031 neg 0.42078550247601954 __DUMMY__ 0.0673116840779773	false	0.5
bauernkind	off 1.0	off 1.0	off 0.7461518064582225 neg 0.22273218414158544 __DUMMY__ 0.031116009400192053	false	1.0
angreifer	neg 1.0		off 0.5175477476193135 neg 0.41520259700526624 __DUMMY__ 0.06724965537542023	false	0.5
trennen	neg 1.0		off 0.5072003857891819 neg 0.42496689537541293 __DUMMY__ 0.06783271883540508	false	0.5
schmutz	neg 1.0		off 0.5173994781285414 neg 0.4151964214119995 __DUMMY__ 0.0674041004594593	false	0.5
inkonsistenz	neg 1.0		off 0.5159719781893914 neg 0.41731319167801967 __DUMMY__ 0.06671483013258886	false	0.5
erschreckend	neg 1.0		off 0.5107317785980255 neg 0.42199905654826275 __DUMMY__ 0.0672691648537118	false	0.5
ertrinken	neg 1.0		off 0.505411905583956 neg 0.42698725789877223 __DUMMY__ 0.06760083651727179	false	0.5
pickelface	off 1.0		off 0.5127572594983033 neg 0.4199966050845783 __DUMMY__ 0.06724613541711828	false	1.0
seiner			off 0.5078462321425776 neg 0.4243618169782187 __DUMMY__ 0.06779195087920374	false	0.0
lauch	neg 1.0	neg 1.0	neg 0.6975675399859604 off 0.26993643650611365 __DUMMY__ 0.032496023507925874	false	1.0
unwichtig	neg 1.0		off 0.5155904259176456 neg 0.4177343412567798 __DUMMY__ 0.06667523282557455	false	0.5
steuerhinterziehung	neg 1.0		off 0.509851935757547 neg 0.4230640812126094 __DUMMY__ 0.06708398302984359	false	0.5
schock	neg 1.0		off 0.5098015149245656 neg 0.4228580239559607 __DUMMY__ 0.06734046111947375	false	0.5
beule	neg 1.0		off 0.5164962149918317 neg 0.4172579649803637 __DUMMY__ 0.0662458200278046	false	0.5
vergelten	neg 1.0		off 0.5213714334727274 neg 0.41229641402764733 __DUMMY__ 0.06633215249962528	false	0.5
verdorbenheit	neg 1.0		off 0.5129380634607258 neg 0.4199335244208779 __DUMMY__ 0.06712841211839633	false	0.5
trauma	neg 1.0		off 0.5122233157625747 neg 0.42080218254765445 __DUMMY__ 0.06697450168977093	false	0.5
sinnlos	neg 1.0		off 0.5131700806369617 neg 0.41982980829370864 __DUMMY__ 0.06700011106932964	false	0.5
fettsack	off 1.0	off 1.0	off 0.7476502334901016 neg 0.22116130835574502 __DUMMY__ 0.03118845815415328	false	1.0
feige	off 1.0	off 1.0	off 0.7453273589407378 neg 0.22303026010559232 __DUMMY__ 0.03164238095366995	false	1.0
abdanken	neg 1.0		off 0.5116807740664272 neg 0.4210040686315314 __DUMMY__ 0.06731515730204132	false	0.5
wichtigtuer	off 1.0	off 1.0	off 0.7443252615152575 neg 0.22377187858101358 __DUMMY__ 0.03190285990372887	false	1.0
misslingen	neg 1.0		off 0.5160971651597719 neg 0.41635918339292427 __DUMMY__ 0.06754365144730387	false	0.5
untreu	off 1.0		off 0.5159755264980993 neg 0.4175709033935771 __DUMMY__ 0.0664535701083236	false	1.0
missmutig	neg 1.0		off 0.5133496667187349 neg 0.42002263702852144 __DUMMY__ 0.06662769625274358	false	0.5
hurenbock	off 1.0		off 0.5092158942589093 neg 0.42407271490351006 __DUMMY__ 0.06671139083758046	false	1.0
betrunken	neg 1.0		off 0.5174336377121901 neg 0.4163428334642451 __DUMMY__ 0.06622352882356485	false	0.5
korrupt	off 1.0		off 0.5086992661403579 neg 0.42427563118732636 __DUMMY__ 0.0670251026723157	false	1.0
unmut	neg 1.0		off 0.506115467999018 neg 0.42599698742292824 __DUMMY__ 0.06788754457805375	false	0.5
hackfresse	off 1.0		off 0.5224042995436963 neg 0.41192839086815086 __DUMMY__ 0.06566730958815287	false	1.0
aufblasen	neg 1.0		off 0.5107991595757561 neg 0.4221825225362246 __DUMMY__ 0.06701831788801926	false	0.5
gewaltsam	neg 1.0		off 0.5127752948734065 neg 0.4197725409310542 __DUMMY__ 0.06745216419553933	false	0.5
unbeliebtheit	neg 1.0		off 0.5173080678802732 neg 0.4160840885659639 __DUMMY__ 0.06660784355376284	false	0.5
sturheit	neg 1.0		off 0.5119141991996587 neg 0.4206199204370299 __DUMMY__ 0.06746588036331128	false	0.5
kuh	neg 1.0		off 0.5090790489286765 neg 0.4249001300340817 __DUMMY__ 0.06602082103724188	false	0.5
erschrecken	neg 1.0		off 0.5146842207332348 neg 0.4185632394241389 __DUMMY__ 0.06675253984262614	false	0.5
opfer	neg 1.0		off 0.5101504994793639 neg 0.422066532676201 __DUMMY__ 0.06778296784443517	false	0.5
sinken	neg 1.0		off 0.5050387443904862 neg 0.4273770754676928 __DUMMY__ 0.06758418014182083	false	0.5
stinktier	neg 1.0		off 0.5176710846248443 neg 0.416892645939942 __DUMMY__ 0.06543626943521352	false	0.5
tucke	off 1.0		off 0.5217256272947851 neg 0.4132326221794402 __DUMMY__ 0.06504175052577459	false	1.0
ein			off 0.5081153601595079 neg 0.4250103145750946 __DUMMY__ 0.06687432526539752	false	0.0
abstieg	neg 1.0		off 0.5128165109246463 neg 0.4192906187275766 __DUMMY__ 0.06789287034777704	false	0.5
missverstehen	neg 1.0		off 0.5138310050896044 neg 0.41928035806739955 __DUMMY__ 0.06688863684299605	false	0.5
ergebnislos	neg 1.0		off 0.5105369570258516 neg 0.42157488098303547 __DUMMY__ 0.06788816199111297	false	0.5
unter			off 0.5032211145053156 neg 0.42806601911629316 __DUMMY__ 0.06871286637839126	false	0.0
manipulieren	neg 1.0		off 0.5083230913067737 neg 0.42395159578752356 __DUMMY__ 0.06772531290570286	false	0.5
unbewiesen	neg 1.0		off 0.5119226975299097 neg 0.4211029928082614 __DUMMY__ 0.06697430966182881	false	0.5
verschleppen	neg 1.0		off 0.5087563679453535 neg 0.4238589261339433 __DUMMY__ 0.06738470592070307	false	0.5
weib	off 1.0		off 0.5236762800478952 neg 0.41098199493582166 __DUMMY__ 0.06534172501628309	false	1.0
opposition	neg 1.0		off 0.5115266797168442 neg 0.4216904662395738 __DUMMY__ 0.06678285404358199	false	0.5
verkehrswidrig	neg 1.0		off 0.5237535985177435 neg 0.40969702197021074 __DUMMY__ 0.06654937951204572	false	0.5
inkorrekt	neg 1.0		off 0.5187730797976415 neg 0.4150139999731949 __DUMMY__ 0.06621292022916359	false	0.5
vermeiden	neg 1.0		off 0.5054202483083805 neg 0.4263237965934013 __DUMMY__ 0.06825595509821815	false	0.5
abweichung	neg 1.0		off 0.5102144116091031 neg 0.4222674603973928 __DUMMY__ 0.06751812799350417	false	0.5
alkoholisiert	neg 1.0		off 0.5103658254244622 neg 0.4215012051081906 __DUMMY__ 0.06813296946734727	false	0.5
scheiss	off 1.0	off 1.0	off 0.7459023702881378 neg 0.22256668918274838 __DUMMY__ 0.03153094052911381	false	1.0
herausforderung	neg 1.0		off 0.5094485870904422 neg 0.4230845774739313 __DUMMY__ 0.06746683543562647	false	0.5
pervers	off 1.0		off 0.5259536442136556 neg 0.4088922370525052 __DUMMY__ 0.06515411873383929	false	1.0
wackelig	neg 1.0		off 0.5092847753857823 neg 0.42324145930904883 __DUMMY__ 0.06747376530516883	false	0.5
verwickeln	neg 1.0		off 0.5126943872181199 neg 0.42037697056048495 __DUMMY__ 0.06692864222139523	false	0.5
vorwand	neg 1.0		off 0.5067948138234802 neg 0.4254053213663362 __DUMMY__ 0.0677998648101835	false	0.5
muschi	off 1.0		off 0.5125851373707359 neg 0.4199464718947883 __DUMMY__ 0.06746839073447594	false	1.0
entmutigung	neg 1.0		off 0.5105874590054049 neg 0.4229604881512348 __DUMMY__ 0.06645205284336037	false	0.5
unangemessen	neg 1.0		off 0.510815462631455 neg 0.42181519405874496 __DUMMY__ 0.06736934330979996	false	0.5
unstetig	neg 1.0		off 0.5156701582025706 neg 0.4174900117609998 __DUMMY__ 0.06683983003642967	false	0.5
entmutigen	neg 1.0		off 0.511782693617725 neg 0.4211930833342368 __DUMMY__ 0.06702422304803837	false	0.5
schwanz	neg 1.0		off 0.5101795652337248 neg 0.42225579404029917 __DUMMY__ 0.06756464072597608	false	0.5
verbot	neg 1.0		off 0.5092679020971955 neg 0.42354330193019135 __DUMMY__ 0.06718879597261315	false	0.5
leid	neg 1.0		off 0.5202603297381078 neg 0.41373063385637676 __DUMMY__ 0.06600903640551531	false	0.5
archaisch	neg 1.0		off 0.5100551141473667 neg 0.4226344949850064 __DUMMY__ 0.06731039086762683	false	0.5
gegen			off 0.5077318847981164 neg 0.4242366529539261 __DUMMY__ 0.06803146224795745	false	0.0
scheidung	neg 1.0		off 0.5316830813058429 neg 0.40303542027448436 __DUMMY__ 0.06528149841967278	false	0.5
einschlag	neg 1.0		off 0.5222540361424647 neg 0.41112438739964435 __DUMMY__ 0.06662157645789106	false	0.5
m			off 0.5099630203637299 neg 0.4225776380958299 __DUMMY__ 0.06745934154044023	false	0.0
abgestanden	neg 1.0		off 0.5062861964343706 neg 0.4273872542065296 __DUMMY__ 0.06632654935909983	false	0.5
schmierig	off 1.0		off 0.5190080408937534 neg 0.41508472697596843 __DUMMY__ 0.06590723213027806	false	1.0
unpraktisch	neg 1.0		off 0.5129166895555513 neg 0.4199983465298631 __DUMMY__ 0.06708496391458572	false	0.5
wixxer	off 1.0		off 0.525278668589436 neg 0.4097587687503673 __DUMMY__ 0.06496256266019668	false	1.0
bezeichnet			off 0.5124307139844504 neg 0.42029494947833096 __DUMMY__ 0.06727433653721868	false	0.0
jammerlappen	off 1.0		off 0.515476444991702 neg 0.41791973811409694 __DUMMY__ 0.06660381689420125	false	1.0
farce	neg 1.0		off 0.5103418082458397 neg 0.42268193763802203 __DUMMY__ 0.06697625411613826	false	0.5
zwecklos	neg 1.0		off 0.5092468448974506 neg 0.4233975843419665 __DUMMY__ 0.06735557076058298	false	0.5
turbulent	neg 1.0		off 0.5167889638862895 neg 0.41695409780949233 __DUMMY__ 0.06625693830421818	false	0.5
invasion	neg 1.0		off 0.5135990037330416 neg 0.41951022172414515 __DUMMY__ 0.06689077454281321	false	0.5
schuld	neg 1.0		off 0.5125348833182132 neg 0.4203938479765484 __DUMMY__ 0.06707126870523833	false	0.5
risiko	neg 1.0		off 0.511584935624996 neg 0.4217300178521648 __DUMMY__ 0.0666850465228393	false	0.5
finster	neg 1.0		off 0.5087097012983096 neg 0.42446988868627716 __DUMMY__ 0.06682041001541303	false	0.5
geisteskrank	off 1.0		off 0.5177417941288722 neg 0.4159069599332167 __DUMMY__ 0.06635124593791106	false	1.0
zusammenbrechen	neg 1.0		off 0.5090106883397983 neg 0.42370408256773373 __DUMMY__ 0.06728522909246792	false	0.5
ausbeute	neg 1.0		off 0.5119415562796614 neg 0.4205395609859835 __DUMMY__ 0.067518882734355	false	0.5
hinterhalt	neg 1.0		off 0.510724741193473 neg 0.42191267334021854 __DUMMY__ 0.06736258546630855	false	0.5
kritik	neg 1.0		off 0.5101270073148415 neg 0.42286537056527895 __DUMMY__ 0.06700762211987962	false	0.5
einschrumpfen	neg 1.0		off 0.5148684932864961 neg 0.4187005413389578 __DUMMY__ 0.06643096537454607	false	0.5
riskant	neg 1.0		off 0.5074672121798054 neg 0.42490597621016385 __DUMMY__ 0.06762681161003084	false	0.5
frustrieren	neg 1.0		off 0.507837709067321 neg 0.42468701589052366 __DUMMY__ 0.06747527504215538	false	0.5
groll	neg 1.0		off 0.5105202677355184 neg 0.421980393520009 __DUMMY__ 0.06749933874447264	false	0.5
gibt			off 0.5095255370291873 neg 0.42301012833607127 __DUMMY__ 0.06746433463474136	false	0.0
qualvoll	neg 1.0		off 0.5124957530994059 neg 0.42065274757683535 __DUMMY__ 0.0668514993237589	false	0.5
wackeln	neg 1.0		off 0.5106280899493202 neg 0.42224421381838156 __DUMMY__ 0.06712769623229832	false	0.5
klagen	neg 1.0		off 0.5064290577572742 neg 0.4258838997421474 __DUMMY__ 0.0676870425005785	false	0.5
bankrott	neg 1.0		off 0.5162109256371683 neg 0.41696107829335954 __DUMMY__ 0.06682799606947219	false	0.5
trauern	neg 1.0		off 0.5104790353838246 neg 0.42145830279838453 __DUMMY__ 0.06806266181779085	false	0.5
ablehnung	neg 1.0		off 0.5097231725261511 neg 0.4231821075526801 __DUMMY__ 0.06709471992116879	false	0.5
stur	neg 1.0		off 0.5116560965424107 neg 0.4214061086135875 __DUMMY__ 0.06693779484400175	false	0.5
aufruhr	neg 1.0		off 0.5109345895850981 neg 0.42200533168169113 __DUMMY__ 0.06706007873321079	false	0.5
melancholie	neg 1.0		off 0.5047494313585165 neg 0.4279835327073317 __DUMMY__ 0.0672670359341519	false	0.5
ist			off 0.5127653015093175 neg 0.42023680541782366 __DUMMY__ 0.06699789307285886	false	0.0
torheit	neg 1.0		off 0.5127312778181393 neg 0.4202053765531264 __DUMMY__ 0.06706334562873427	false	0.5
dreckskind	off 1.0		off 0.5233897788269865 neg 0.4110727416529028 __DUMMY__ 0.06553747952011063	false	1.0
umtauschen	neg 1.0		off 0.5103969970922919 neg 0.42244465432669115 __DUMMY__ 0.06715834858101702	false	0.5
zum			off 0.5078982717657425 neg 0.4234765900023306 __DUMMY__ 0.06862513823192697	false	0.0
zersetzen	neg 1.0		off 0.5063632292717698 neg 0.4261504617217944 __DUMMY__ 0.06748630900643578	false	0.5
zur			off 0.5058957309975979 neg 0.4258038121296693 __DUMMY__ 0.06830045687273276	false	0.0
frust	neg 1.0		off 0.5088608577132837 neg 0.42381685283947784 __DUMMY__ 0.06732228944723839	false	0.5
unerbittlichkeit	neg 1.0		off 0.5092180920246953 neg 0.42305072467615973 __DUMMY__ 0.06773118329914488	false	0.5
zwei			off 0.5047300871201849 neg 0.4270299672740848 __DUMMY__ 0.06823994560573028	false	0.0
unkorrekt	neg 1.0		off 0.5175474057897232 neg 0.4161621629297763 __DUMMY__ 0.06629043128050033	false	0.5
hexe	off 1.0		off 0.5125725023523717 neg 0.4212326628389467 __DUMMY__ 0.06619483480868155	false	1.0
lasch	neg 1.0		off 0.5146291008282702 neg 0.4186959221286935 __DUMMY__ 0.06667497704303636	false	0.5
rivale	neg 1.0		off 0.5197989916967083 neg 0.4138899874625048 __DUMMY__ 0.066311020840787	false	0.5
mutlos	off 1.0	off 1.0	off 0.741752391728944 neg 0.22605130006402666 __DUMMY__ 0.03219630820702925	false	1.0
wirr	off 1.0		off 0.5184782779175903 neg 0.4155415795513679 __DUMMY__ 0.06598014253104188	false	1.0
jahr			off 0.5111002663807163 neg 0.42068863722124855 __DUMMY__ 0.06821109639803531	false	0.0
wird			off 0.5093079918044461 neg 0.42313773432276985 __DUMMY__ 0.06755427387278405	false	0.0
strafbar	neg 1.0		off 0.5085703372300245 neg 0.4237719353540075 __DUMMY__ 0.0676577274159678	false	0.5
erosion	neg 1.0		off 0.5121708409281207 neg 0.42058934164789147 __DUMMY__ 0.06723981742398785	false	0.5
eingehen	neg 1.0		off 0.507474413354647 neg 0.42506450266616314 __DUMMY__ 0.06746108397918979	false	0.5
faul	off 1.0		off 0.5150103371718608 neg 0.41828723010493835 __DUMMY__ 0.06670243272320074	false	1.0
provisorium	neg 1.0		off 0.5036515294989664 neg 0.4275898859319929 __DUMMY__ 0.06875858456904062	false	0.5
schmerzen	neg 1.0		off 0.5085517907854361 neg 0.42443050965441426 __DUMMY__ 0.06701769956014977	false	0.5
schrumpfen	neg 1.0		off 0.5028038867395743 neg 0.4293885338766514 __DUMMY__ 0.06780757938377427	false	0.5
geistlos	off 1.0		off 0.5130798780155953 neg 0.4202231962008802 __DUMMY__ 0.06669692578352439	false	1.0
fehlkauf	neg 1.0		off 0.5133556653143295 neg 0.4198074786565201 __DUMMY__ 0.06683685602915027	false	0.5
frustrierend	neg 1.0		off 0.5142674205693145 neg 0.41901833335956445 __DUMMY__ 0.06671424607112109	false	0.5
unzufrieden	neg 1.0		off 0.5094128080149155 neg 0.4231562776068732 __DUMMY__ 0.06743091437821122	false	0.5
verzweifeln	neg 1.0		off 0.5105680433778483 neg 0.42211959087762274 __DUMMY__ 0.06731236574452894	false	0.5
verzweifelt	neg 1.0		off 0.5117484848550978 neg 0.4213097091676695 __DUMMY__ 0.06694180597723261	false	0.5
misstrauensantrag	neg 1.0		off 0.5124704968120088 neg 0.4207006434671043 __DUMMY__ 0.0668288597208868	false	0.5
abfallen	neg 1.0		off 0.5105676390975875 neg 0.42241562776837416 __DUMMY__ 0.06701673313403848	false	0.5
fucker	off 1.0		off 0.5189547247625913 neg 0.41468751272378185 __DUMMY__ 0.06635776251362682	false	1.0
ungezogen	neg 1.0		off 0.5244678759189885 neg 0.410072195596653 __DUMMY__ 0.06545992848435858	false	0.5
irrsinnig	neg 1.0	neg 1.0	neg 0.6948797882387893 off 0.27316305294868837 __DUMMY__ 0.03195715881252253	false	1.0
unfassbar	neg 1.0		off 0.5168051286818983 neg 0.4166059386195724 __DUMMY__ 0.0665889326985293	false	0.5
hart	neg 1.0		off 0.5149327473527814 neg 0.41889446565781874 __DUMMY__ 0.06617278698939996	false	0.5
widerlich	off 1.0		off 0.5168860939656126 neg 0.416655816905179 __DUMMY__ 0.06645808912920848	false	1.0
fatal	neg 1.0	neg 1.0	neg 0.6953972869062419 off 0.2729144136231188 __DUMMY__ 0.0316882994706394	false	1.0
bruch	neg 1.0		off 0.5055098146069955 neg 0.426620520184736 __DUMMY__ 0.06786966520826852	false	0.5
aushungern	neg 1.0		off 0.5093306032355861 neg 0.423514525292414 __DUMMY__ 0.06715487147199986	false	0.5
anspannung	neg 1.0		off 0.5058409445198704 neg 0.42577759663933484 __DUMMY__ 0.06838145884079481	false	0.5
von			off 0.5071471001934418 neg 0.42507139341709954 __DUMMY__ 0.0677815063894588	false	0.0
kraftlos	neg 1.0		off 0.5084911540210155 neg 0.42410944714158894 __DUMMY__ 0.06739939883739562	false	0.5
vom			off 0.5050088949424534 neg 0.4261315784347193 __DUMMY__ 0.06885952662282722	false	0.0
grenzdebil	off 1.0		off 0.5160140328352274 neg 0.4176004438247732 __DUMMY__ 0.06638552333999943	false	1.0
vor			off 0.506186856668851 neg 0.42589491745112246 __DUMMY__ 0.06791822588002656	false	0.0
unterwerfen	neg 1.0		off 0.509540016322374 neg 0.4228023408524704 __DUMMY__ 0.06765764282515559	false	0.5
versenkung	neg 1.0		off 0.5091194024212452 neg 0.4231438948539036 __DUMMY__ 0.06773670272485129	false	0.5
entziehen	neg 1.0		off 0.5068352096965281 neg 0.42533549108761776 __DUMMY__ 0.0678292992158542	false	0.5
finanzkrise	neg 1.0		off 0.5060773823443651 neg 0.4275142405197183 __DUMMY__ 0.0664083771359166	false	0.5
schimpfend	neg 1.0		off 0.5131210413884859 neg 0.4196368922843318 __DUMMY__ 0.06724206632718213	false	0.5
profan	neg 1.0		off 0.5126430197819987 neg 0.4205497841643748 __DUMMY__ 0.06680719605362641	false	0.5
korruption	neg 1.0		off 0.5080651329518988 neg 0.42484399717032173 __DUMMY__ 0.06709086987777937	false	0.5
â			off 0.5092369869761402 neg 0.42327793053464374 __DUMMY__ 0.0674850824892161	false	0.0
schmutzig	neg 1.0		off 0.5159771886395255 neg 0.41767002293112765 __DUMMY__ 0.0663527884293469	false	0.5
sexy	neg 1.0		off 0.5153709053308341 neg 0.4177557768296808 __DUMMY__ 0.06687331783948515	false	0.5
abraten	neg 1.0		off 0.5134370413549538 neg 0.4195279008081489 __DUMMY__ 0.06703505783689716	false	0.5
schwarz	neg 1.0		off 0.5137877895028956 neg 0.41920962932073713 __DUMMY__ 0.06700258117636738	false	0.5
fotze	off 1.0	off 1.0	off 0.7426777051675778 neg 0.2250884028704782 __DUMMY__ 0.032233891961943935	false	1.0
verwirren	neg 1.0		off 0.5134506014818986 neg 0.4196733387351341 __DUMMY__ 0.06687605978296714	false	0.5
zahnlos	off 1.0		off 0.5102074432730535 neg 0.42246064943885425 __DUMMY__ 0.06733190728809238	false	1.0
verheeren	neg 1.0		off 0.525693122196373 neg 0.4089421024992802 __DUMMY__ 0.06536477530434699	false	0.5
hippie	neg 1.0		off 0.5146289395536258 neg 0.41853337757470643 __DUMMY__ 0.06683768287166764	false	0.5
rammen	neg 1.0		off 0.5128137670698738 neg 0.41997663727970175 __DUMMY__ 0.06720959565042438	false	0.5
unlauter	neg 1.0		off 0.5123937665087941 neg 0.42080268577776714 __DUMMY__ 0.0668035477134388	false	0.5
unheilvoll	neg 1.0		off 0.511670395491475 neg 0.42141380617897667 __DUMMY__ 0.0669157983295483	false	0.5
niedrig	neg 1.0		off 0.5071730756409109 neg 0.4256318017344609 __DUMMY__ 0.06719512262462825	false	0.5
explosion	neg 1.0		off 0.5149319684673583 neg 0.4181693984377285 __DUMMY__ 0.06689863309491324	false	0.5
weichei	off 1.0	off 1.0	off 0.7470858255581759 neg 0.2217104755924795 __DUMMY__ 0.031203698849344555	false	1.0
minusmensch	off 1.0		off 0.5254836491613049 neg 0.4091431223904694 __DUMMY__ 0.06537322844822578	false	1.0
farblos	neg 1.0		off 0.5125911930952043 neg 0.42037941945006085 __DUMMY__ 0.06702938745473476	false	0.5
unwissend	neg 1.0	neg 1.0	neg 0.6934486054632907 off 0.2748441656099212 __DUMMY__ 0.03170722892678811	false	1.0
traurig	neg 1.0		off 0.5189224348520932 neg 0.4147798861920421 __DUMMY__ 0.06629767895586483	false	0.5
senkung	neg 1.0		off 0.5102724754276372 neg 0.4234540944258009 __DUMMY__ 0.0662734301465618	false	0.5
ungleich	neg 1.0	neg 1.0	neg 0.6964963186314146 off 0.27130132678861824 __DUMMY__ 0.03220235457996716	false	1.0
heikel	neg 1.0		off 0.5077730177239921 neg 0.42459569516582585 __DUMMY__ 0.06763128711018221	false	0.5
drosselung	neg 1.0		off 0.5143808899717165 neg 0.4195651012783043 __DUMMY__ 0.06605400874997922	false	0.5
falsch	neg 1.0		off 0.5154571269190914 neg 0.4177088215501414 __DUMMY__ 0.0668340515307673	false	0.5
unzufriedenheit	neg 1.0		off 0.5064627929404791 neg 0.4260482197553732 __DUMMY__ 0.06748898730414762	false	0.5
kurz	neg 1.0		off 0.5105188999870995 neg 0.42192867192140665 __DUMMY__ 0.06755242809149387	false	0.5
unsinnig	neg 1.0		off 0.5095084475582855 neg 0.4233968193012211 __DUMMY__ 0.06709473314049351	false	0.5
penner	off 1.0	off 1.0	off 0.7483657052692432 neg 0.22045742078443686 __DUMMY__ 0.03117687394631988	false	1.0
seicht	neg 1.0		off 0.5215145700832682 neg 0.4132791300985477 __DUMMY__ 0.06520629981818393	false	0.5
dummheit	off 1.0	off 1.0	off 0.7437671364978844 neg 0.2244464027778421 __DUMMY__ 0.03178646072427355	false	1.0
unerfreulich	neg 1.0		off 0.5076826676056286 neg 0.42463053461114086 __DUMMY__ 0.06768679778323058	false	0.5
motherfucker	off 1.0	off 1.0	off 0.7465085493965218 neg 0.22190052679352734 __DUMMY__ 0.03159092380995089	false	1.0
pikiert	neg 1.0		off 0.5150837105166217 neg 0.41847709853727033 __DUMMY__ 0.06643919094610796	false	0.5
wrack	neg 1.0		off 0.513944127070811 neg 0.4180472510574683 __DUMMY__ 0.06800862187172071	false	0.5
gangster	neg 1.0		off 0.5147134270295286 neg 0.41848757165966244 __DUMMY__ 0.06679900131080886	false	0.5
krank	neg 1.0		off 0.5169672412229454 neg 0.41651921343116644 __DUMMY__ 0.06651354534588819	false	0.5
reich	neg 1.0		off 0.5117818924750686 neg 0.422046884191663 __DUMMY__ 0.0661712233332684	false	0.5
gnadenlos	neg 1.0		off 0.5127725599500709 neg 0.4200564788223746 __DUMMY__ 0.06717096122755453	false	0.5
niedergeschlagen	neg 1.0		off 0.5099475015763718 neg 0.42250248033157184 __DUMMY__ 0.06755001809205631	false	0.5
terrorisieren	off 1.0	off 1.0	off 0.7412902474542828 neg 0.226434473613156 __DUMMY__ 0.03227527893256119	false	1.0
sinnlosigkeit	neg 1.0		off 0.5098967906586355 neg 0.4227157000309071 __DUMMY__ 0.06738750931045745	false	0.5
behindern	neg 1.0		off 0.5108884392168328 neg 0.42197336984003836 __DUMMY__ 0.06713819094312892	false	0.5
undemokratisch	neg 1.0		off 0.512668494130808 neg 0.42052772569939423 __DUMMY__ 0.06680378016979789	false	0.5
wirtschaftskrise	neg 1.0		off 0.5069293406593536 neg 0.4260835350947996 __DUMMY__ 0.06698712424584695	false	0.5
neid	neg 1.0		off 0.5136509060629867 neg 0.41963358376405274 __DUMMY__ 0.06671551017296064	false	0.5
rutschen	neg 1.0		off 0.50409406439143 neg 0.42770403321166733 __DUMMY__ 0.06820190239690273	false	0.5
rezession	neg 1.0		off 0.5144087685885587 neg 0.42007590480758283 __DUMMY__ 0.06551532660385848	false	0.5
fehlgeburt	neg 1.0		off 0.5125975227967047 neg 0.4201597126024061 __DUMMY__ 0.06724276460088931	false	0.5
charakterschwach	off 1.0		off 0.5160357732959077 neg 0.41752606627657673 __DUMMY__ 0.06643816042751569	false	1.0
isolation	neg 1.0		off 0.5158062373313818 neg 0.4172933975668503 __DUMMY__ 0.06690036510176801	false	0.5
ablenkung	neg 1.0		off 0.5117340844763311 neg 0.4209516903453641 __DUMMY__ 0.06731422517830477	false	0.5
pech	neg 1.0		off 0.514304594829867 neg 0.4191087252077906 __DUMMY__ 0.06658667996234229	false	0.5
vermeidung	neg 1.0		off 0.5156518313835767 neg 0.41804157733490827 __DUMMY__ 0.06630659128151507	false	0.5
dominieren	neg 1.0		off 0.5104962753448757 neg 0.4221249605471821 __DUMMY__ 0.06737876410794232	false	0.5
schwindlig	neg 1.0		off 0.5122697159313193 neg 0.4209065799328579 __DUMMY__ 0.06682370413582268	false	0.5
lutscher	neg 1.0		off 0.5232366748478391 neg 0.4117187482430383 __DUMMY__ 0.06504457690912266	false	0.5
pflicht	neg 1.0		off 0.5074926856542572 neg 0.42460288444527833 __DUMMY__ 0.06790442990046436	false	0.5
faschist	off 1.0		off 0.5149663204151972 neg 0.41823195968985105 __DUMMY__ 0.06680171989495169	false	1.0
verschleudern	neg 1.0		off 0.505236919606695 neg 0.4277293370254057 __DUMMY__ 0.06703374336789923	false	0.5
wenn			off 0.5148961960735154 neg 0.41851570453090997 __DUMMY__ 0.06658809939557445	false	0.0
ehebruch	neg 1.0		off 0.5087251197471239 neg 0.4238605026203514 __DUMMY__ 0.06741437763252468	false	0.5
spott	off 1.0		off 0.5099256344962348 neg 0.4224422768744216 __DUMMY__ 0.06763208862934353	false	1.0
trostlosigkeit	neg 1.0		off 0.5054554785533237 neg 0.42695587377862804 __DUMMY__ 0.06758864766804831	false	0.5
lutschen	neg 1.0		off 0.5159909880830624 neg 0.4171775335469936 __DUMMY__ 0.06683147836994409	false	0.5
undiszipliniert	neg 1.0		off 0.5178197244440396 neg 0.4158933719049791 __DUMMY__ 0.06628690365098125	false	0.5
kopfschmerz	neg 1.0		off 0.505601710072198 neg 0.42737797573816527 __DUMMY__ 0.06702031418963676	false	0.5
unvorhergesehen	neg 1.0		off 0.5075695830023169 neg 0.42458464762102005 __DUMMY__ 0.0678457693766631	false	0.5
desinteressiert	neg 1.0		off 0.5171399047308017 neg 0.4165279686430704 __DUMMY__ 0.06633212662612778	false	0.5
armselig	off 1.0		off 0.519497580591661 neg 0.41432108904286225 __DUMMY__ 0.0661813303654767	false	1.0
desaster	neg 1.0		off 0.5052241233345625 neg 0.427086574984365 __DUMMY__ 0.06768930168107264	false	0.5
tod	neg 1.0		off 0.508848775568581 neg 0.42354916503704726 __DUMMY__ 0.06760205939437187	false	0.5
herzlos	neg 1.0		off 0.5186035159253174 neg 0.4152296680503667 __DUMMY__ 0.06616681602431593	false	0.5
unwissenheit	neg 1.0		off 0.5094733054398979 neg 0.4231342586208553 __DUMMY__ 0.067392435939247	false	0.5
widersinnig	neg 1.0		off 0.5086154005828106 neg 0.42445365111517064 __DUMMY__ 0.06693094830201883	false	0.5
bedenklich	neg 1.0		off 0.50817018385228 neg 0.4244341085914644 __DUMMY__ 0.06739570755625564	false	0.5
beanstanden	neg 1.0		off 0.5086372140701831 neg 0.4234360293691778 __DUMMY__ 0.06792675656063905	false	0.5
panisch	neg 1.0		off 0.5133349105031835 neg 0.4196262985551879 __DUMMY__ 0.06703879094162865	false	0.5
debil	off 1.0		off 0.5032050312960837 neg 0.4282949880687414 __DUMMY__ 0.06849998063517496	false	1.0
abstrich	neg 1.0		off 0.5106382422912239 neg 0.42204432783489587 __DUMMY__ 0.06731742987388022	false	0.5
primitiv	neg 1.0		off 0.5176681822645798 neg 0.41594725047227443 __DUMMY__ 0.06638456726314561	false	0.5
abschaum	off 1.0	off 1.0	off 0.746120897158118 neg 0.22207172815254478 __DUMMY__ 0.03180737468933731	false	1.0
provozieren	neg 1.0		off 0.5118267297158188 neg 0.4211552607236082 __DUMMY__ 0.067018009560573	false	0.5
tot	neg 1.0		off 0.5101543487040131 neg 0.42243672887386047 __DUMMY__ 0.06740892242212634	false	0.5
instabil	neg 1.0		off 0.5180156321043619 neg 0.4161171343014548 __DUMMY__ 0.0658672335941833	false	0.5
schwuchtel	off 1.0	off 1.0	off 0.7518310638344018 neg 0.21738627336950397 __DUMMY__ 0.030782662796094283	false	1.0
zerren	neg 1.0		off 0.5097069396312033 neg 0.42275828484048367 __DUMMY__ 0.06753477552831309	false	0.5
kinderficker	off 1.0		off 0.5212776310230459 neg 0.4128268800526019 __DUMMY__ 0.06589548892435207	false	1.0
gefahr	neg 1.0		off 0.507827888401907 neg 0.4243323927174611 __DUMMY__ 0.06783971888063184	false	0.5
rabiat	neg 1.0		off 0.5097496677841878 neg 0.4231360201766476 __DUMMY__ 0.06711431203916454	false	0.5
verlangsamung	neg 1.0		off 0.5214361236784141 neg 0.41305194649881255 __DUMMY__ 0.06551192982277344	false	0.5
ausgestorben	neg 1.0		off 0.5109091255543655 neg 0.42170628719802145 __DUMMY__ 0.0673845872476131	false	0.5
anklagen	neg 1.0		off 0.5103475017152802 neg 0.4223025387316244 __DUMMY__ 0.06734995955309549	false	0.5
trott	neg 1.0		off 0.5116401678267057 neg 0.4211467208813169 __DUMMY__ 0.06721311129197723	false	0.5
verminderung	neg 1.0		off 0.5157035609784253 neg 0.41799645605592656 __DUMMY__ 0.06629998296564824	false	0.5
nach			off 0.5044213623609209 neg 0.4270456317950159 __DUMMY__ 0.06853300584406327	false	0.0
rost	neg 1.0		off 0.5259569782093377 neg 0.4081461889825593 __DUMMY__ 0.06589683280810309	false	0.5
destruktiv	neg 1.0		off 0.5107063602373888 neg 0.422202416722674 __DUMMY__ 0.06709122303993714	false	0.5
unzumutbarkeit	neg 1.0		off 0.5176695494847137 neg 0.41572567764959395 __DUMMY__ 0.06660477286569244	false	0.5
labil	off 1.0	off 1.0	off 0.7451514641658907 neg 0.22310193656526595 __DUMMY__ 0.03174659926884324	false	1.0
ziemlich	neg 1.0		off 0.5169014537226589 neg 0.41642897670702045 __DUMMY__ 0.06666956957032062	false	0.5
lachnummer	off 1.0		off 0.5123282653082029 neg 0.4204604994051061 __DUMMY__ 0.0672112352866911	false	1.0
oder			off 0.5123799227738275 neg 0.42039558127633936 __DUMMY__ 0.0672244959498331	false	0.0
verfall	neg 1.0		off 0.5033722884210367 neg 0.42876614912538485 __DUMMY__ 0.06786156245357843	false	0.5
ausgrenzung	neg 1.0		off 0.5125329873658108 neg 0.4206699844988976 __DUMMY__ 0.06679702813529165	false	0.5
unordnung	neg 1.0		off 0.5208307072228757 neg 0.4130056783575666 __DUMMY__ 0.0661636144195576	false	0.5
fehlverhalten	neg 1.0		off 0.5083152149484881 neg 0.4240588802795158 __DUMMY__ 0.06762590477199612	false	0.5
eine			off 0.5058503705798381 neg 0.4264137631919408 __DUMMY__ 0.06773586622822098	false	0.0
nille	neg 1.0		off 0.5127197244250274 neg 0.4199890315015931 __DUMMY__ 0.06729124407337943	false	0.5
qual	neg 1.0		off 0.5111549874249162 neg 0.42162991771327335 __DUMMY__ 0.06721509486181054	false	0.5
verschwenden	neg 1.0		off 0.5064851505599681 neg 0.42611341242223993 __DUMMY__ 0.0674014370177919	false	0.5
riesig	neg 1.0		off 0.509414923300716 neg 0.4228791972186616 __DUMMY__ 0.0677058794806223	false	0.5
verurteilen	neg 1.0		off 0.5099442785165749 neg 0.4226922806235914 __DUMMY__ 0.06736344085983378	false	0.5
klischee	neg 1.0	neg 1.0	neg 0.6941987905281899 off 0.274084864724068 __DUMMY__ 0.03171634474774202	false	1.0
diktatorisch	neg 1.0		off 0.5129462529576546 neg 0.4202384920775838 __DUMMY__ 0.06681525496476162	false	0.5
vorhersehbar	neg 1.0		off 0.5131850315842809 neg 0.42011072043768966 __DUMMY__ 0.06670424797802947	false	0.5
sowie			off 0.5193231793334991 neg 0.41493817652067627 __DUMMY__ 0.06573864414582457	false	0.0
stornieren	neg 1.0		off 0.5173494889799944 neg 0.415244918979514 __DUMMY__ 0.06740559204049146	false	0.5
besteuerung	neg 1.0	neg 1.0	neg 0.6967678749568861 off 0.2715490560857722 __DUMMY__ 0.03168306895734158	false	1.0
ungeschminkt	neg 1.0		off 0.517912969670528 neg 0.4157114746273556 __DUMMY__ 0.0663755557021163	false	0.5
kritisch	neg 1.0		off 0.5095999876816022 neg 0.422972358658168 __DUMMY__ 0.06742765366022989	false	0.5
schlamperei	off 1.0		off 0.5086162765589832 neg 0.42382560430484817 __DUMMY__ 0.06755811913616866	false	1.0
sucht	neg 1.0	neg 1.0	neg 0.6933175025555296 off 0.27457365826649544 __DUMMY__ 0.032108839177974954	false	1.0
egoistisch	off 1.0	off 1.0	off 0.7483569303573292 neg 0.22021189998807486 __DUMMY__ 0.03143116965459584	false	1.0
ausbeuter	off 1.0		off 0.5061666323808255 neg 0.4264878991986302 __DUMMY__ 0.0673454684205442	false	1.0
arschgeburt	off 1.0		off 0.5275543977726102 neg 0.40768022923083025 __DUMMY__ 0.0647653729965595	false	1.0
schubs	neg 1.0		off 0.5071879064276437 neg 0.42562017355548365 __DUMMY__ 0.0671919200168727	false	0.5
unsolide	neg 1.0		off 0.5135937924666457 neg 0.41960214653702654 __DUMMY__ 0.06680406099632784	false	0.5
beschwerde	neg 1.0		off 0.5103080194202776 neg 0.4222453355027274 __DUMMY__ 0.06744664507699502	false	0.5
stocken	neg 1.0		off 0.5088550813681558 neg 0.4236700712418443 __DUMMY__ 0.06747484738999981	false	0.5
isolieren	neg 1.0		off 0.5085760417453722 neg 0.42423585559232224 __DUMMY__ 0.06718810266230572	false	0.5
unheilbar	neg 1.0		off 0.5111315592015309 neg 0.4217618989670978 __DUMMY__ 0.0671065418313713	false	0.5
pisser	off 1.0	off 1.0	off 0.7476506867785437 neg 0.2207149989334338 __DUMMY__ 0.031634314288022415	false	1.0
löschen	neg 1.0		off 0.5121908552204433 neg 0.42066438185375343 __DUMMY__ 0.06714476292580318	false	0.5
durchfallen	neg 1.0		off 0.5095870454620283 neg 0.4229455521393325 __DUMMY__ 0.0674674023986391	false	0.5
wichser	off 1.0	off 1.0	off 0.7498419165555398 neg 0.2191531679606336 __DUMMY__ 0.03100491548382661	false	1.0
terror	neg 1.0		off 0.514569504734153 neg 0.4185678230106552 __DUMMY__ 0.06686267225519184	false	0.5
krass	neg 1.0		off 0.5202778605974532 neg 0.4137244857542061 __DUMMY__ 0.06599765364834066	false	0.5
revolte	neg 1.0		off 0.5122623727195232 neg 0.4213567722590914 __DUMMY__ 0.06638085502138516	false	0.5
besorgt	neg 1.0		off 0.5109225719045853 neg 0.42148995378818166 __DUMMY__ 0.06758747430723301	false	0.5
nachlassen	neg 1.0		off 0.5099175385301866 neg 0.4224386839260197 __DUMMY__ 0.0676437775437937	false	0.5
alt	neg 1.0		off 0.5045374965004994 neg 0.428605520799585 __DUMMY__ 0.06685698269991543	false	0.5
hundesohn	off 1.0	off 1.0	off 0.7498037211354353 neg 0.21907520940428138 __DUMMY__ 0.031121069460283396	false	1.0
als			off 0.5088512068167024 neg 0.4238880228925582 __DUMMY__ 0.06726077029073942	false	0.0
abschreckung	neg 1.0		off 0.5069382199147854 neg 0.42545911644290857 __DUMMY__ 0.0676026636423061	false	0.5
unqualifiziert	neg 1.0		off 0.5154461447332039 neg 0.4178211518330914 __DUMMY__ 0.06673270343370455	false	0.5
abgewichst	off 1.0		off 0.511918467600861 neg 0.42075470497623463 __DUMMY__ 0.06732682742290434	false	1.0
schwer	neg 1.0		off 0.5102917118339754 neg 0.4225515756133948 __DUMMY__ 0.06715671255262982	false	0.5
bedeutungslosigkeit	neg 1.0		off 0.5076289255004034 neg 0.4247782095652616 __DUMMY__ 0.06759286493433508	false	0.5
kapitulation	neg 1.0		off 0.5080207796599282 neg 0.4247460744481972 __DUMMY__ 0.06723314589187472	false	0.5
unscharf	neg 1.0		off 0.5100801494277032 neg 0.4235212347955248 __DUMMY__ 0.06639861577677202	false	0.5
schwinden	neg 1.0		off 0.506435380443826 neg 0.4261847774331829 __DUMMY__ 0.06737984212299103	false	0.5
versklavung	neg 1.0	neg 1.0	neg 0.6951325865743886 off 0.27303940442185043 __DUMMY__ 0.031828009003760926	false	1.0
schlecht	neg 1.0		off 0.5172656797277682 neg 0.4160340709448472 __DUMMY__ 0.06670024932738469	false	0.5
verhasst	neg 1.0		off 0.5124204481208079 neg 0.420634625794522 __DUMMY__ 0.06694492608467023	false	0.5
beschweren	neg 1.0		off 0.5138367443602818 neg 0.4190590261005717 __DUMMY__ 0.06710422953914646	false	0.5
scheiden	neg 1.0		off 0.5105243696637893 neg 0.42246638073577114 __DUMMY__ 0.06700924960043944	false	0.5
frustriert	neg 1.0		off 0.510410829978492 neg 0.4222298521642682 __DUMMY__ 0.0673593178572397	false	0.5
schimmelig	neg 1.0		off 0.5070885064062187 neg 0.4257863137576049 __DUMMY__ 0.06712517983617648	false	0.5
fisch	neg 1.0		off 0.502920773030641 neg 0.4298554159673178 __DUMMY__ 0.06722381100204117	false	0.5
schmuggel	neg 1.0		off 0.5077708335600403 neg 0.42425519270296547 __DUMMY__ 0.0679739737369944	false	0.5
auffallen	neg 1.0		off 0.5133064157981619 neg 0.4197794977188816 __DUMMY__ 0.06691408648295649	false	0.5
konkurrenz	neg 1.0		off 0.5079550007089085 neg 0.4242840925298064 __DUMMY__ 0.06776090676128523	false	0.5
teufelskreis	neg 1.0	neg 1.0	neg 0.6968227749630256 off 0.2712870905027593 __DUMMY__ 0.031890134534215166	false	1.0
aufschreien	neg 1.0		off 0.513179001645965 neg 0.42008380739472423 __DUMMY__ 0.06673719095931081	false	0.5
schuldner	neg 1.0		off 0.5050554949144977 neg 0.4277417424464477 __DUMMY__ 0.06720276263905463	false	0.5
missgeburt	off 1.0	off 1.0	off 0.7504184521169175 neg 0.2181690118038967 __DUMMY__ 0.03141253607918573	false	1.0
arbeitslos	neg 1.0		off 0.5093362602654854 neg 0.4232109361995585 __DUMMY__ 0.06745280353495614	false	0.5
befallen	neg 1.0		off 0.5079948952553102 neg 0.42516163390144684 __DUMMY__ 0.06684347084324305	false	0.5
miesepetrig	off 1.0	off 1.0	off 0.7449575493974329 neg 0.22333333602889818 __DUMMY__ 0.03170911457366901	false	1.0
alarmieren	neg 1.0		off 0.5160907744192363 neg 0.41718328539712607 __DUMMY__ 0.06672594018363759	false	0.5
ungeduscht	off 1.0		off 0.5145953832477633 neg 0.4188432553933225 __DUMMY__ 0.06656136135891416	false	1.0
knappheit	neg 1.0		off 0.507350420654943 neg 0.42561797047197253 __DUMMY__ 0.06703160887308444	false	0.5
schlange	neg 1.0		off 0.5116698269166136 neg 0.4211901321006991 __DUMMY__ 0.06714004098268742	false	0.5
harsch	neg 1.0		off 0.5222386527431135 neg 0.41131258036082263 __DUMMY__ 0.06644876689606384	false	0.5
lang	neg 1.0		off 0.512937817614083 neg 0.41997693602734165 __DUMMY__ 0.06708524635857545	false	0.5
ziellos	neg 1.0		off 0.5083204890400672 neg 0.42400869133701746 __DUMMY__ 0.0676708196229154	false	0.5
selbstverliebt	neg 1.0		off 0.5263852454136889 neg 0.4083400124377187 __DUMMY__ 0.06527474214859237	false	0.5
beseitigen	neg 1.0		off 0.5132918916907574 neg 0.41924008182361744 __DUMMY__ 0.0674680264856253	false	0.5
dumm	off 1.0		off 0.5217473881701381 neg 0.41249469083489637 __DUMMY__ 0.0657579209949655	false	1.0
arbeitsloser	neg 1.0		off 0.5120464068321884 neg 0.4200996171132797 __DUMMY__ 0.06785397605453189	false	0.5
blitzen	neg 1.0		off 0.5151448331051817 neg 0.41808353619581484 __DUMMY__ 0.06677163069900355	false	0.5
hilflos	neg 1.0		off 0.5091578463033705 neg 0.4234441942794062 __DUMMY__ 0.06739795941722328	false	0.5
eklig	off 1.0		off 0.5208097128602489 neg 0.4136947330341258 __DUMMY__ 0.06549555410562535	false	1.0
begriff			off 0.5112144458897533 neg 0.42154611338771664 __DUMMY__ 0.06723944072253007	false	0.0
hungersnot	neg 1.0		off 0.5077541010111296 neg 0.42516331629192 __DUMMY__ 0.06708258269695043	false	0.5
ungesetzlich	neg 1.0		off 0.5124143821157062 neg 0.420837854628441 __DUMMY__ 0.06674776325585288	false	0.5
verschwendung	neg 1.0		off 0.5073881785877143 neg 0.42505105338741533 __DUMMY__ 0.06756076802487027	false	0.5
schmerzvoll	neg 1.0		off 0.511791547699092 neg 0.4213298468903457 __DUMMY__ 0.0668786054105623	false	0.5
vorzeitig	neg 1.0		off 0.5177943269428084 neg 0.4153142056180146 __DUMMY__ 0.066891467439177	false	0.5
unvollkommenheit	neg 1.0		off 0.5108384906058985 neg 0.4217586727838262 __DUMMY__ 0.06740283661027542	false	0.5
intervenieren	neg 1.0		off 0.5066242268224205 neg 0.4261063354525251 __DUMMY__ 0.06726943772505446	false	0.5
banause	off 1.0		off 0.520380883839638 neg 0.41456286692467315 __DUMMY__ 0.06505624923568874	false	1.0
rebell	neg 1.0		off 0.5027597885244891 neg 0.429599828488405 __DUMMY__ 0.06764038298710588	false	0.5
unlogisch	neg 1.0		off 0.5184011208183931 neg 0.4153490836489545 __DUMMY__ 0.0662497955326525	false	0.5
leiden	neg 1.0		off 0.5089295662807124 neg 0.4230174094270155 __DUMMY__ 0.06805302429227203	false	0.5
abschaffung	neg 1.0		off 0.5111877743295585 neg 0.42197885753296144 __DUMMY__ 0.06683336813747999	false	0.5
sturz	neg 1.0		off 0.5166541525276438 neg 0.4158841671184051 __DUMMY__ 0.06746168035395092	false	0.5
verkleinerung	neg 1.0		off 0.5125121087993373 neg 0.42120297938904744 __DUMMY__ 0.0662849118116151	false	0.5
schmarotzer	off 1.0		off 0.5096313445261893 neg 0.4230868091069155 __DUMMY__ 0.06728184636689515	false	1.0
bestrafung	neg 1.0	neg 1.0	neg 0.6944664249836743 off 0.27347831954655083 __DUMMY__ 0.03205525546977488	false	1.0
achtlos	neg 1.0		off 0.51015181825992 neg 0.42253000381574635 __DUMMY__ 0.06731817792433366	false	0.5
ungeheuer	neg 1.0		off 0.5099203855033929 neg 0.4232578370315929 __DUMMY__ 0.06682177746501405	false	0.5
unaufrichtig	neg 1.0		off 0.5159214172925304 neg 0.4172742004642478 __DUMMY__ 0.06680438224322187	false	0.5
groggy	neg 1.0		off 0.5153276899266316 neg 0.41768714052975525 __DUMMY__ 0.06698516954361304	false	0.5
verletzlich	neg 1.0		off 0.5134748063322915 neg 0.4203384334707439 __DUMMY__ 0.06618676019696461	false	0.5
ablehnen	neg 1.0		off 0.5091067898692573 neg 0.42347787650991536 __DUMMY__ 0.06741533362082744	false	0.5
