unsolidarisch	neg 1.0		__DUMMY__ 0.9221937629983853 off 0.0425000203485001 neg 0.035306216653114675	false	0.5
nachteilig	neg 1.0		__DUMMY__ 0.9295424169759332 off 0.038298043214390544 neg 0.03215953980967624	false	0.5
skeptisch	neg 1.0		__DUMMY__ 0.9287552395355164 off 0.03745581280665367 neg 0.03378894765782993	false	0.5
schrecklich	neg 1.0		__DUMMY__ 0.9182067258053972 off 0.04882899426391794 neg 0.03296427993068478	false	0.5
schlapp	neg 1.0	neg 1.0	neg 0.500974437048451 __DUMMY__ 0.45764923421373044 off 0.04137632873781856	false	1.0
abfall	neg 1.0		__DUMMY__ 0.9318579964897182 off 0.03479939365704236 neg 0.033342609853239454	false	0.5
widerspenstig	neg 1.0		__DUMMY__ 0.9241358596297903 off 0.040508091982343786 neg 0.03535604838786593	false	0.5
abrupt	neg 1.0		__DUMMY__ 0.9275376386195281 off 0.036735256272921894 neg 0.03572710510755004	false	0.5
unwirksam	neg 1.0		__DUMMY__ 0.919624094797669 off 0.041796722272580224 neg 0.03857918292975074	false	0.5
angreifen	neg 1.0		__DUMMY__ 0.9287694118910602 off 0.03707413322321137 neg 0.03415645488572836	false	0.5
inkonsistent	neg 1.0		__DUMMY__ 0.9217663906132723 off 0.04326439700462574 neg 0.034969212382102065	false	0.5
abrutschen	neg 1.0		__DUMMY__ 0.9311808032837662 off 0.03452674965189721 neg 0.03429244706433664	false	0.5
unsicher	neg 1.0		__DUMMY__ 0.9258477744508276 off 0.04120939328737171 neg 0.03294283226180064	false	0.5
bauernkind	off 1.0	off 1.0	off 0.5158048397747671 __DUMMY__ 0.4503470843598419 neg 0.03384807586539098	false	1.0
angreifer	neg 1.0		__DUMMY__ 0.9256820419639029 off 0.04451134384706163 neg 0.02980661418903552	false	0.5
trennen	neg 1.0		__DUMMY__ 0.9297633925018355 off 0.03659047547512113 neg 0.03364613202304336	false	0.5
schmutz	neg 1.0		__DUMMY__ 0.9276035128812601 off 0.04334017773900111 neg 0.029056309379738857	false	0.5
inkonsistenz	neg 1.0		__DUMMY__ 0.9216193013996961 off 0.04550345147522 neg 0.03287724712508398	false	0.5
erschreckend	neg 1.0		__DUMMY__ 0.9254061447847565 off 0.04082712062126211 neg 0.03376673459398135	false	0.5
ertrinken	neg 1.0		__DUMMY__ 0.9279904101490805 off 0.0365300786939789 neg 0.03547951115694067	false	0.5
pickelface	off 1.0		__DUMMY__ 0.92564604950646 off 0.041660211537119164 neg 0.03269373895642082	false	1.0
seiner			__DUMMY__ 0.929352314902225 off 0.03721187360288504 neg 0.03343581149488984	false	0.0
lauch	neg 1.0	neg 1.0	neg 0.5007471394692533 __DUMMY__ 0.46764623284132834 off 0.031606627689418396	false	1.0
unwichtig	neg 1.0		__DUMMY__ 0.9212580375537182 off 0.04543422227489647 neg 0.033307740171385394	false	0.5
steuerhinterziehung	neg 1.0		__DUMMY__ 0.9242424657287166 off 0.04096218733152243 neg 0.03479534693976093	false	0.5
schock	neg 1.0		__DUMMY__ 0.9260918961612894 off 0.03983301415375745 neg 0.034075089684953146	false	0.5
beule	neg 1.0		__DUMMY__ 0.9187393440798314 off 0.0469476099844146 neg 0.03431304593575398	false	0.5
vergelten	neg 1.0		__DUMMY__ 0.919027707610059 off 0.04987284778862151 neg 0.031099444601319522	false	0.5
verdorbenheit	neg 1.0		__DUMMY__ 0.9251781113974461 off 0.041755285155608016 neg 0.03306660344694597	false	0.5
trauma	neg 1.0		__DUMMY__ 0.9234219417028302 off 0.04247011613265019 neg 0.034107942164519615	false	0.5
sinnlos	neg 1.0		__DUMMY__ 0.9236068123168283 off 0.04299773360799461 neg 0.033395454075177154	false	0.5
fettsack	off 1.0	off 1.0	off 0.516977012044937 __DUMMY__ 0.4511349414322685 neg 0.03188804652279448	false	1.0
feige	off 1.0	off 1.0	off 0.5124990986109748 __DUMMY__ 0.4563449868454619 neg 0.031155914543563278	false	1.0
abdanken	neg 1.0		__DUMMY__ 0.9258338110664273 off 0.04125145818141761 neg 0.03291473075215516	false	0.5
wichtigtuer	off 1.0	off 1.0	off 0.5098991252682356 __DUMMY__ 0.45970043513802616 neg 0.03040043959373823	false	1.0
misslingen	neg 1.0		__DUMMY__ 0.9284525268493599 off 0.04213699106362163 neg 0.02941048208701844	false	0.5
untreu	off 1.0		__DUMMY__ 0.9195565266200552 off 0.04649779017743431 neg 0.03394568320251056	false	1.0
missmutig	neg 1.0		__DUMMY__ 0.9210455154040894 off 0.0442603422767769 neg 0.03469414231913373	false	0.5
hurenbock	off 1.0		__DUMMY__ 0.9221199219657443 off 0.04119340624911177 neg 0.03668667178514382	false	1.0
betrunken	neg 1.0		__DUMMY__ 0.918245698911025 off 0.04782077473282884 neg 0.0339335263561461	false	0.5
korrupt	off 1.0		__DUMMY__ 0.9234875110504809 off 0.04072105829561571 neg 0.03579143065390341	false	1.0
unmut	neg 1.0		__DUMMY__ 0.9299917394973348 off 0.03604865037052153 neg 0.033959610132143624	false	0.5
hackfresse	off 1.0		__DUMMY__ 0.9140953802300578 off 0.0526379010036165 neg 0.033266718766325656	false	1.0
aufblasen	neg 1.0		__DUMMY__ 0.9239876393679655 off 0.04136657596333985 neg 0.03464578466869465	false	0.5
gewaltsam	neg 1.0		__DUMMY__ 0.9272308446545271 off 0.040993596117839634 neg 0.03177555922763332	false	0.5
unbeliebtheit	neg 1.0		__DUMMY__ 0.9210681065984266 off 0.04661620328581021 neg 0.03231569011576313	false	0.5
sturheit	neg 1.0		__DUMMY__ 0.9269463264007731 off 0.04081825658930092 neg 0.03223541700992593	false	0.5
kuh	neg 1.0		__DUMMY__ 0.9169097778136088 off 0.04356753714208485 neg 0.03952268504430634	false	0.5
erschrecken	neg 1.0		__DUMMY__ 0.9218945681242731 off 0.044637547899356145 neg 0.03346788397637091	false	0.5
opfer	neg 1.0		__DUMMY__ 0.9293772213731425 off 0.03853938474365528 neg 0.0320833938832023	false	0.5
sinken	neg 1.0		__DUMMY__ 0.9280235026870981 off 0.036370478237866974 neg 0.03560601907503489	false	0.5
stinktier	neg 1.0		__DUMMY__ 0.9123013164032053 off 0.050849529346035045 neg 0.036849154250759714	false	0.5
tucke	off 1.0		__DUMMY__ 0.909556741931571 off 0.054360406186779314 neg 0.036082851881649655	false	1.0
ein			__DUMMY__ 0.9228829770507575 off 0.04032719260157209 neg 0.03678983034767039	false	0.0
abstieg	neg 1.0		__DUMMY__ 0.9304346358456826 off 0.03957686774399028 neg 0.029988496410327047	false	0.5
missverstehen	neg 1.0		__DUMMY__ 0.9227485614418243 off 0.043789773133433525 neg 0.03346166542474222	false	0.5
ergebnislos	neg 1.0		__DUMMY__ 0.9304083650677683 off 0.038301953173206255 neg 0.03128968175902539	false	0.5
unter			__DUMMY__ 0.9364758020010474 neg 0.03243880686543237 off 0.03108539113352029	false	0.0
manipulieren	neg 1.0		__DUMMY__ 0.9289051367589242 off 0.03785470027454941 neg 0.03324016296652652	false	0.5
unbewiesen	neg 1.0		__DUMMY__ 0.9232097278305373 off 0.042716913877687675 neg 0.034073358291774956	false	0.5
verschleppen	neg 1.0		__DUMMY__ 0.9264952180969943 off 0.0392710776439484 neg 0.03423370425905716	false	0.5
weib	off 1.0		__DUMMY__ 0.9116485325868728 off 0.054594458016948934 neg 0.03375700939617819	false	1.0
opposition	neg 1.0		__DUMMY__ 0.9224122069171589 off 0.04248871419249177 neg 0.03509907889034945	false	0.5
verkehrswidrig	neg 1.0		__DUMMY__ 0.9212499299941039 off 0.049764240851314805 neg 0.028985829154581248	false	0.5
inkorrekt	neg 1.0		__DUMMY__ 0.9177486369800283 off 0.049044699751566646 neg 0.03320666326840506	false	0.5
vermeiden	neg 1.0		__DUMMY__ 0.9332859973137527 off 0.03388896868266516 neg 0.03282503400358211	false	0.5
abweichung	neg 1.0		__DUMMY__ 0.9276609304435911 off 0.039395642041076505 neg 0.03294342751533237	false	0.5
alkoholisiert	neg 1.0		__DUMMY__ 0.9331755373525035 off 0.03631895679254848 neg 0.03050550585494801	false	0.5
scheiss	off 1.0	off 1.0	off 0.5128625022628461 __DUMMY__ 0.4557727344062107 neg 0.031364763330943186	false	1.0
herausforderung	neg 1.0		__DUMMY__ 0.9270874617300997 off 0.03927782395596532 neg 0.0336347143139349	false	0.5
pervers	off 1.0		__DUMMY__ 0.9102575860710788 off 0.05651088451778932 neg 0.03323152941113194	false	1.0
wackelig	neg 1.0		__DUMMY__ 0.9274625787751193 off 0.03876547877265028 neg 0.03377194245223039	false	0.5
verwickeln	neg 1.0		__DUMMY__ 0.9229375549511829 off 0.04308173430331662 neg 0.03398071074550052	false	0.5
vorwand	neg 1.0		__DUMMY__ 0.9294266004286145 off 0.0366543213508162 neg 0.03391907822056926	false	0.5
muschi	off 1.0		__DUMMY__ 0.9273387560250506 off 0.040740394987920536 neg 0.031920848987028905	false	1.0
entmutigung	neg 1.0		__DUMMY__ 0.9193083017820405 off 0.04381689634107376 neg 0.03687480187688576	false	0.5
unangemessen	neg 1.0		__DUMMY__ 0.926196783385191 off 0.04049756563129268 neg 0.03330565098351637	false	0.5
unstetig	neg 1.0		__DUMMY__ 0.9231037013651128 off 0.04445527941623846 neg 0.03244101921864887	false	0.5
entmutigen	neg 1.0		__DUMMY__ 0.9238069471126535 off 0.042075513960345735 neg 0.03411753892700078	false	0.5
schwanz	neg 1.0		__DUMMY__ 0.9283238991398994 off 0.03876519253827122 neg 0.03291090832182942	false	0.5
verbot	neg 1.0		__DUMMY__ 0.9248361100341365 off 0.04040759462946832 neg 0.03475629533639518	false	0.5
leid	neg 1.0		__DUMMY__ 0.9166915027551082 off 0.05010145324780173 neg 0.03320704399709001	false	0.5
archaisch	neg 1.0		__DUMMY__ 0.9259244557646845 off 0.040185176425123426 neg 0.03389036781019214	false	0.5
gegen			__DUMMY__ 0.931047486233908 off 0.036503452557941664 neg 0.032449061208150304	false	0.0
scheidung	neg 1.0		__DUMMY__ 0.9112421776782947 off 0.059554727172582714 neg 0.029203095149122556	false	0.5
einschlag	neg 1.0		__DUMMY__ 0.9214649170520537 off 0.048981638745549214 neg 0.029553444202397163	false	0.5
m			__DUMMY__ 0.9271616368487082 off 0.03929231727087214 neg 0.03354604588041964	false	0.0
abgestanden	neg 1.0		__DUMMY__ 0.9193208430935997 off 0.040704263297921886 neg 0.03997489360847836	false	0.5
schmierig	off 1.0		__DUMMY__ 0.9158325962378466 off 0.049915133539109834 neg 0.0342522702230436	false	1.0
unpraktisch	neg 1.0		__DUMMY__ 0.924744199007535 off 0.042082143672401304 neg 0.033173657320063624	false	0.5
wixxer	off 1.0		__DUMMY__ 0.9087614043734048 off 0.05687980303089619 neg 0.03435879259569906	false	1.0
bezeichnet			__DUMMY__ 0.9255500769645125 off 0.041683568912206974 neg 0.03276635412328048	false	0.0
jammerlappen	off 1.0		__DUMMY__ 0.9206688092741111 off 0.04570953500909635 neg 0.033621655716792515	false	1.0
farce	neg 1.0		__DUMMY__ 0.9232702469978268 off 0.04173322910277578 neg 0.034996523899397426	false	0.5
zwecklos	neg 1.0		__DUMMY__ 0.9260223391038929 off 0.03970257019224845 neg 0.034275090703858674	false	0.5
turbulent	neg 1.0		__DUMMY__ 0.9185964924668872 off 0.04730937925662311 neg 0.034094128276489694	false	0.5
invasion	neg 1.0		__DUMMY__ 0.922869421851184 off 0.043484413092665604 neg 0.03364616505615047	false	0.5
schuld	neg 1.0		__DUMMY__ 0.9240076278202367 off 0.04248906888535457 neg 0.03350330329440872	false	0.5
risiko	neg 1.0		__DUMMY__ 0.9215452992990096 off 0.043197883817519156 neg 0.035256816883471175	false	0.5
finster	neg 1.0		__DUMMY__ 0.9230282627049166 off 0.0403927749943312 neg 0.0365789623007522	false	0.5
geisteskrank	off 1.0		__DUMMY__ 0.9187311357570885 off 0.04794349676788202 neg 0.0333253674750294	false	1.0
zusammenbrechen	neg 1.0		__DUMMY__ 0.9254912863359844 off 0.03980949089911038 neg 0.03469922276490518	false	0.5
ausbeute	neg 1.0		__DUMMY__ 0.9280679858950982 off 0.03995239648409286 neg 0.03197961762080895	false	0.5
hinterhalt	neg 1.0		__DUMMY__ 0.9269810406852196 off 0.039807560007382316 neg 0.033211399307398075	false	0.5
kritik	neg 1.0		__DUMMY__ 0.9234599657576752 off 0.04154257037239912 neg 0.03499746386992573	false	0.5
einschrumpfen	neg 1.0		__DUMMY__ 0.9195014083048891 off 0.04586910022709028 neg 0.03462949146802052	false	0.5
riskant	neg 1.0		__DUMMY__ 0.9280780458264298 off 0.03767176040566348 neg 0.034250193767906646	false	0.5
frustrieren	neg 1.0		__DUMMY__ 0.926913777807841 off 0.038455476371965176 neg 0.034630745820193834	false	0.5
groll	neg 1.0		__DUMMY__ 0.9272163328782415 off 0.039837684798599615 neg 0.03294598232315887	false	0.5
gibt			__DUMMY__ 0.9268163588015955 off 0.03947338951560375 neg 0.03371025168280077	false	0.0
qualvoll	neg 1.0		__DUMMY__ 0.922726964926557 off 0.04295967259091807 neg 0.03431336248252485	false	0.5
wackeln	neg 1.0		__DUMMY__ 0.9246606521230732 off 0.04099359282715164 neg 0.034345755049775224	false	0.5
klagen	neg 1.0		__DUMMY__ 0.9285780069590461 off 0.03693189988000431 neg 0.03449009316094962	false	0.5
bankrott	neg 1.0		__DUMMY__ 0.9227008571456896 off 0.04490810788216499 neg 0.03239103497214544	false	0.5
trauern	neg 1.0		__DUMMY__ 0.9317623846845464 off 0.03752321240491839 neg 0.030714402910535146	false	0.5
ablehnung	neg 1.0		__DUMMY__ 0.9240988926728032 off 0.04102715253533742 neg 0.03487395479185935	false	0.5
stur	neg 1.0		__DUMMY__ 0.9229931708469876 off 0.04246212474196934 neg 0.03454470441104306	false	0.5
aufruhr	neg 1.0		__DUMMY__ 0.9240956584440283 off 0.041584083008404354 neg 0.034320258547567345	false	0.5
melancholie	neg 1.0		__DUMMY__ 0.9260755258928856 neg 0.03708040990439767 off 0.036844064202716825	false	1.0
ist			__DUMMY__ 0.9235562566885462 off 0.04278770082736341 neg 0.033656042484090286	false	0.0
torheit	neg 1.0		__DUMMY__ 0.924094338122678 off 0.0426222911270975 neg 0.033283370750224445	false	0.5
dreckskind	off 1.0		__DUMMY__ 0.9130054158853086 off 0.05374788631307282 neg 0.03324669780161867	false	1.0
umtauschen	neg 1.0		__DUMMY__ 0.9254123897163855 off 0.04021890727360496 neg 0.034368703010009494	false	0.5
zum			__DUMMY__ 0.9360568356167551 off 0.03387912017504733 neg 0.030064044208197537	false	0.0
zersetzen	neg 1.0		__DUMMY__ 0.927014942090233 off 0.03761521304456162 neg 0.03536984486520527	false	0.5
zur			__DUMMY__ 0.9332748604626516 off 0.03426103854803128 neg 0.03246410098931702	false	0.0
frust	neg 1.0		__DUMMY__ 0.9256908076097804 off 0.039665573092206724 neg 0.03464361929801281	false	0.5
unerbittlichkeit	neg 1.0		__DUMMY__ 0.9289829676271464 off 0.03826041047542279 neg 0.032756621897430796	false	0.5
zwei			__DUMMY__ 0.9329960680502015 off 0.03351346304846186 neg 0.0334904689013366	false	0.0
unkorrekt	neg 1.0		__DUMMY__ 0.918610891347802 off 0.04773994591729474 neg 0.0336491627349032	false	0.5
hexe	off 1.0		__DUMMY__ 0.9182733056685233 off 0.04500904760901835 neg 0.03671764672245829	false	1.0
lasch	neg 1.0		__DUMMY__ 0.9211435274053805 off 0.045061198739495094 neg 0.03379527385512446	false	0.5
rivale	neg 1.0		__DUMMY__ 0.9190235694651517 off 0.04878773230130634 neg 0.03218869823354191	false	0.5
mutlos	off 1.0	off 1.0	off 0.505845269005696 __DUMMY__ 0.46324763967152316 neg 0.030907091322780824	false	1.0
wirr	off 1.0		__DUMMY__ 0.9162465968812971 off 0.04942375625654808 neg 0.03432964686215482	false	1.0
jahr			__DUMMY__ 0.9331247423747148 off 0.037090021934552964 neg 0.029785235690732253	false	0.0
wird			__DUMMY__ 0.9276472584205648 off 0.03885510481463389 neg 0.03349763676480129	false	0.0
strafbar	neg 1.0		__DUMMY__ 0.9284072354433938 off 0.038163798481619354 neg 0.03342896607498697	false	0.5
erosion	neg 1.0		__DUMMY__ 0.9255878245820565 off 0.04128460055104776 neg 0.03312757486689586	false	0.5
eingehen	neg 1.0		__DUMMY__ 0.9267604723105716 off 0.03834605384777887 neg 0.03489347384164956	false	0.5
faul	off 1.0		__DUMMY__ 0.922003468066233 off 0.04454975705866862 neg 0.033446774875098284	false	1.0
provisorium	neg 1.0		__DUMMY__ 0.9369889563634192 neg 0.032007170676114194 off 0.03100387296046658	false	1.0
schmerzen	neg 1.0		__DUMMY__ 0.9243274000086668 off 0.03972882022697826 neg 0.03594377976435497	false	0.5
schrumpfen	neg 1.0		__DUMMY__ 0.9294663764723401 neg 0.03604655456111498 off 0.03448706896654491	false	1.0
geistlos	off 1.0		__DUMMY__ 0.9211751285946728 off 0.044241505629119805 neg 0.03458336577620741	false	1.0
fehlkauf	neg 1.0		__DUMMY__ 0.922533999213909 off 0.043534901876429125 neg 0.03393109890966178	false	0.5
frustrierend	neg 1.0		__DUMMY__ 0.9214893258405753 off 0.04463752887884727 neg 0.033873145280577416	false	0.5
unzufrieden	neg 1.0		__DUMMY__ 0.9265493866244727 off 0.03954000547704747 neg 0.03391060789847977	false	0.5
verzweifeln	neg 1.0		__DUMMY__ 0.925773503841712 off 0.04052832595844791 neg 0.03369817019984012	false	0.5
verzweifelt	neg 1.0		__DUMMY__ 0.9229752204394424 off 0.04252271017645658 neg 0.03450206938410108	false	0.5
misstrauensantrag	neg 1.0		__DUMMY__ 0.9227324042419648 off 0.04284787189740748 neg 0.03441972386062768	false	0.5
abfallen	neg 1.0		__DUMMY__ 0.9241466965217153 off 0.04105230981523786 neg 0.034800993663046814	false	0.5
fucker	off 1.0		__DUMMY__ 0.9187548425740858 off 0.04861254759980651 neg 0.03263260982610764	false	1.0
ungezogen	neg 1.0		__DUMMY__ 0.9126728750008604 off 0.05445977017068367 neg 0.03286735482845593	false	0.5
irrsinnig	neg 1.0	neg 1.0	neg 0.5011627341380667 __DUMMY__ 0.4603498551723415 off 0.03848741068959186	false	1.0
unfassbar	neg 1.0		__DUMMY__ 0.9206352576312319 off 0.04641788141527015 neg 0.03294686095349791	false	0.5
hart	neg 1.0		__DUMMY__ 0.9180137870460819 off 0.046470175509597485 neg 0.035516037444320595	false	0.5
widerlich	off 1.0		__DUMMY__ 0.9197143531451425 off 0.04690814797453919 neg 0.03337749888031829	false	1.0
fatal	neg 1.0	neg 1.0	neg 0.5032598986832331 __DUMMY__ 0.45687135747287905 off 0.03986874384388785	false	1.0
bruch	neg 1.0		__DUMMY__ 0.9300100330649008 off 0.03570960344449778 neg 0.03428036349060143	false	0.5
aushungern	neg 1.0		__DUMMY__ 0.9245187524012686 off 0.040656865297051224 neg 0.03482438230168026	false	0.5
anspannung	neg 1.0		__DUMMY__ 0.9340683713855036 off 0.03383628357197914 neg 0.03209534504251728	false	0.5
von			__DUMMY__ 0.929656225283121 off 0.03659151606752496 neg 0.03375225864935404	false	0.0
kraftlos	neg 1.0		__DUMMY__ 0.9266705835147796 off 0.03885629076712008 neg 0.0344731257181004	false	0.5
vom			__DUMMY__ 0.9378738044540241 off 0.03126554657669148 neg 0.03086064896928441	false	0.0
grenzdebil	off 1.0		__DUMMY__ 0.9192208715146742 off 0.046642629535311744 neg 0.03413649895001396	false	1.0
vor			__DUMMY__ 0.9302566310512052 off 0.035846391165769986 neg 0.03389697778302486	false	0.0
unterwerfen	neg 1.0		__DUMMY__ 0.9285245613153744 off 0.03865220555241672 neg 0.03282323313220895	false	0.5
versenkung	neg 1.0		__DUMMY__ 0.9288087478249044 off 0.03832476318552207 neg 0.032866488989573554	false	0.5
entziehen	neg 1.0		__DUMMY__ 0.9295965286030038 off 0.03662188121161441 neg 0.03378159018538181	false	0.5
finanzkrise	neg 1.0		__DUMMY__ 0.9191341831902466 off 0.04124440356596463 neg 0.03962141324378872	false	0.5
schimpfend	neg 1.0		__DUMMY__ 0.9262154580283933 off 0.04142870527812235 neg 0.03235583669348433	false	0.5
profan	neg 1.0		__DUMMY__ 0.9222835297702098 off 0.04329336220015245 neg 0.0344231080296377	false	0.5
korruption	neg 1.0		__DUMMY__ 0.9241585678330296 off 0.040003227641083876 neg 0.03583820452588649	false	0.5
â			__DUMMY__ 0.9274012415628863 off 0.03876244739677412 neg 0.0338363110403396	false	0.0
schmutzig	neg 1.0		__DUMMY__ 0.9189751599319881 off 0.046774381982011684 neg 0.034250458086000225	false	0.5
sexy	neg 1.0		__DUMMY__ 0.9227836374143149 off 0.04451732410664957 neg 0.032699038479035485	false	0.5
abraten	neg 1.0		__DUMMY__ 0.924074088786842 off 0.04279771170436081 neg 0.03312819950879708	false	0.5
schwarz	neg 1.0		__DUMMY__ 0.9236752688224419 off 0.04322412402976617 neg 0.033100607147792005	false	0.5
fotze	off 1.0	off 1.0	off 0.5060113281054406 __DUMMY__ 0.46414874529563155 neg 0.0298399265989279	false	1.0
verwirren	neg 1.0		__DUMMY__ 0.9227073822637569 off 0.043565861970789585 neg 0.033726755765453545	false	0.5
zahnlos	off 1.0		__DUMMY__ 0.9258026943134265 off 0.04038940603494481 neg 0.03380789965162867	false	1.0
verheeren	neg 1.0		__DUMMY__ 0.9117074123507066 off 0.05587164707893557 neg 0.03242094057035784	false	0.5
hippie	neg 1.0		__DUMMY__ 0.922408185912331 off 0.044333644731195186 neg 0.033258169356473834	false	0.5
rammen	neg 1.0		__DUMMY__ 0.9262624948383064 off 0.041210461178585116 neg 0.032527043983108524	false	0.5
unlauter	neg 1.0		__DUMMY__ 0.9223444960761711 off 0.043196352442751454 neg 0.03445915148107742	false	0.5
unheilvoll	neg 1.0		__DUMMY__ 0.9235820819396614 off 0.04192637100815883 neg 0.034491547052179654	false	0.5
niedrig	neg 1.0		__DUMMY__ 0.9254452113160007 off 0.03867036831621937 neg 0.03588442036778002	false	0.5
explosion	neg 1.0		__DUMMY__ 0.9230829243541065 off 0.04411665798108987 neg 0.03280041766480355	false	0.5
weichei	off 1.0	off 1.0	off 0.5164848524484366 __DUMMY__ 0.451187799358122 neg 0.03232734819344141	false	1.0
minusmensch	off 1.0		__DUMMY__ 0.9114781692836804 off 0.0559282151363868 neg 0.03259361557993275	false	1.0
farblos	neg 1.0		__DUMMY__ 0.9247763121236494 off 0.041758497835921435 neg 0.03346519004042915	false	0.5
unwissend	neg 1.0	neg 1.0	neg 0.501213375710877 __DUMMY__ 0.4573614745134201 off 0.04142514977570309	false	1.0
traurig	neg 1.0		__DUMMY__ 0.9186639635334832 off 0.0485304967556926 neg 0.03280553971082416	false	0.5
senkung	neg 1.0		__DUMMY__ 0.918498951554424 off 0.043757554277749355 neg 0.03774349416782676	false	0.5
ungleich	neg 1.0	neg 1.0	neg 0.5013026845331053 __DUMMY__ 0.4634092688947558 off 0.035288046572138736	false	1.0
heikel	neg 1.0		__DUMMY__ 0.9281942725723674 off 0.03777063351716732 neg 0.03403509391046529	false	0.5
drosselung	neg 1.0		__DUMMY__ 0.9169757493735229 off 0.04669074403797767 neg 0.03633350658849938	false	0.5
falsch	neg 1.0		__DUMMY__ 0.9225623543715187 off 0.04468172412635826 neg 0.03275592150212306	false	0.5
unzufriedenheit	neg 1.0		__DUMMY__ 0.9269135999331094 off 0.03777123104878347 neg 0.035315169018107155	false	0.5
kurz	neg 1.0		__DUMMY__ 0.9279614530053794 off 0.039243698433873556 neg 0.03279484856074712	false	0.5
unsinnig	neg 1.0		__DUMMY__ 0.9240618587993787 off 0.04078640137066442 neg 0.035151739829956896	false	0.5
penner	off 1.0	off 1.0	off 0.5180446457244974 __DUMMY__ 0.45070979966405333 neg 0.031245554611449153	false	1.0
seicht	neg 1.0		__DUMMY__ 0.9102040579154864 off 0.05419732651672054 neg 0.03559861556779304	false	0.5
dummheit	off 1.0	off 1.0	off 0.5101108400504274 __DUMMY__ 0.45816009438608574 neg 0.03172906556348689	false	1.0
unerfreulich	neg 1.0		__DUMMY__ 0.9286766252272367 off 0.03745336261172728 neg 0.033870012161036064	false	0.5
motherfucker	off 1.0	off 1.0	off 0.5139495810045656 __DUMMY__ 0.45570440458666023 neg 0.030346014408774283	false	1.0
pikiert	neg 1.0		__DUMMY__ 0.9194914171265517 off 0.04600453697104356 neg 0.034504045902404794	false	0.5
wrack	neg 1.0		__DUMMY__ 0.9321653917834783 off 0.03905871320177981 neg 0.028775895014741888	false	0.5
gangster	neg 1.0		__DUMMY__ 0.9221627920550073 off 0.044462110358919 neg 0.03337509758607372	false	0.5
krank	neg 1.0		__DUMMY__ 0.9205091731038583 off 0.04642928028724756 neg 0.03306154660889424	false	0.5
reich	neg 1.0		__DUMMY__ 0.9178516902997343 off 0.044823278591049315 neg 0.03732503110921631	false	0.5
gnadenlos	neg 1.0		__DUMMY__ 0.9247389634426911 off 0.042282705396361794 neg 0.03297833116094706	false	0.5
niedergeschlagen	neg 1.0		__DUMMY__ 0.9277856017339878 off 0.03903721624223182 neg 0.0331771820237803	false	0.5
terrorisieren	off 1.0	off 1.0	off 0.5048942603040354 __DUMMY__ 0.46422990714574247 neg 0.030875832550222044	false	1.0
sinnlosigkeit	neg 1.0		__DUMMY__ 0.9263459694644008 off 0.039909190149826225 neg 0.033744840385772926	false	0.5
behindern	neg 1.0		__DUMMY__ 0.9248293201170077 off 0.04095392969468782 neg 0.03421675018830447	false	0.5
undemokratisch	neg 1.0		__DUMMY__ 0.9219732024198177 off 0.04371280666929742 neg 0.03431399091088487	false	0.5
wirtschaftskrise	neg 1.0		__DUMMY__ 0.9234474597125923 off 0.039692424966165596 neg 0.03686011532124198	false	0.5
neid	neg 1.0		__DUMMY__ 0.9219116460981732 off 0.04390436135890419 neg 0.03418399254292253	false	0.5
rutschen	neg 1.0		__DUMMY__ 0.9328469960151469 neg 0.03389843077199017 off 0.033254573212863014	false	1.0
rezession	neg 1.0		__DUMMY__ 0.9125879780431649 off 0.04907718272712013 neg 0.03833483922971489	false	0.5
fehlgeburt	neg 1.0		__DUMMY__ 0.9262521606948881 off 0.04109672443630469 neg 0.032651114868807216	false	0.5
charakterschwach	off 1.0		__DUMMY__ 0.9194526413752787 off 0.04659345222259433 neg 0.03395390640212697	false	1.0
isolation	neg 1.0		__DUMMY__ 0.9231480477839992 off 0.044509203380078376 neg 0.03234274883592248	false	0.5
ablenkung	neg 1.0		__DUMMY__ 0.926030252277963 off 0.04097449722652684 neg 0.03299525049551007	false	0.5
pech	neg 1.0		__DUMMY__ 0.9211990235595073 off 0.04447343105122963 neg 0.034327545389263095	false	0.5
vermeidung	neg 1.0		__DUMMY__ 0.9188197496095013 off 0.04651198247345917 neg 0.03466826791703958	false	0.5
dominieren	neg 1.0		__DUMMY__ 0.9265508865876457 off 0.040065985736961525 neg 0.03338312767539274	false	0.5
schwindlig	neg 1.0		__DUMMY__ 0.923029487156763 off 0.04242550367634436 neg 0.03454500916689256	false	0.5
lutscher	neg 1.0		__DUMMY__ 0.9093754905900536 off 0.05541263966494545 neg 0.03521186974500098	false	0.5
pflicht	neg 1.0		__DUMMY__ 0.9300967979088756 off 0.03676427354643357 neg 0.03313892854469092	false	0.5
faschist	off 1.0		__DUMMY__ 0.9220671619306798 off 0.044900547408501974 neg 0.03303229066081821	false	1.0
verschleudern	neg 1.0		__DUMMY__ 0.9237635905616769 off 0.03855247380368696 neg 0.03768393563463624	false	0.5
wenn			__DUMMY__ 0.9205085515511086 off 0.04545185015310106 neg 0.03403959829579041	false	0.0
ehebruch	neg 1.0		__DUMMY__ 0.9265344259170721 off 0.03918665468492314 neg 0.03427891939800466	false	0.5
spott	off 1.0		__DUMMY__ 0.9282065874640393 off 0.03904511941219479 neg 0.032748293123765954	false	1.0
trostlosigkeit	neg 1.0		__DUMMY__ 0.9278902669861173 off 0.03667901929117272 neg 0.03543071372271005	false	0.5
lutschen	neg 1.0		__DUMMY__ 0.9227796939008466 off 0.0448263095777201 neg 0.032393996521433335	false	0.5
undiszipliniert	neg 1.0		__DUMMY__ 0.9186370744407323 off 0.04784950519576695 neg 0.03351342036350073	false	0.5
kopfschmerz	neg 1.0		__DUMMY__ 0.9243626460624982 off 0.03808996543136423 neg 0.03754738850613759	false	0.5
unvorhergesehen	neg 1.0		__DUMMY__ 0.9306108737543586 off 0.0361553378426741 neg 0.03323378840296732	false	0.5
desinteressiert	neg 1.0		__DUMMY__ 0.9188409410990002 off 0.047431654678103445 neg 0.03372740422289645	false	0.5
armselig	off 1.0		__DUMMY__ 0.9175150202164062 off 0.049499172924869404 neg 0.032985806858724445	false	1.0
desaster	neg 1.0		__DUMMY__ 0.9284351954161143 off 0.036344888957963485 neg 0.03521991562592224	false	0.5
tod	neg 1.0		__DUMMY__ 0.9287944372168824 off 0.037840648897676944 neg 0.03336491388544067	false	0.5
herzlos	neg 1.0		__DUMMY__ 0.9175709122734211 off 0.048907410403913686 neg 0.03352167732266521	false	0.5
unwissenheit	neg 1.0		__DUMMY__ 0.9264276009270422 off 0.039617040243952864 neg 0.03395535882900487	false	0.5
widersinnig	neg 1.0		__DUMMY__ 0.9227873672760546 off 0.04100263653163097 neg 0.03620999619231441	false	0.5
bedenklich	neg 1.0		__DUMMY__ 0.926340212960839 off 0.03891819688613665 neg 0.034741590153024283	false	0.5
beanstanden	neg 1.0		__DUMMY__ 0.9303643263003298 off 0.03724184007327545 neg 0.03239383362639469	false	0.5
panisch	neg 1.0		__DUMMY__ 0.9243137752191027 off 0.042566571149003245 neg 0.03311965363189406	false	0.5
debil	off 1.0		__DUMMY__ 0.9353000697587341 neg 0.03326726265526106 off 0.03143266758600484	false	0.5
abstrich	neg 1.0		__DUMMY__ 0.9276449498867241 off 0.03892079334522967 neg 0.03343425676804626	false	0.5
primitiv	neg 1.0		__DUMMY__ 0.9191070044985761 off 0.0476677770164808 neg 0.0332252184849431	false	0.5
abschaum	off 1.0	off 1.0	off 0.5122298812850767 __DUMMY__ 0.4585279152999961 neg 0.02924220341492713	false	1.0
provozieren	neg 1.0		__DUMMY__ 0.9235641600196329 off 0.0422960485684895 neg 0.03413979141187759	false	0.5
tot	neg 1.0		__DUMMY__ 0.927695976267441 off 0.038983893103268136 neg 0.03332013062929089	false	0.5
instabil	neg 1.0		__DUMMY__ 0.9153254143646756 off 0.049708594234572565 neg 0.03496599140075175	false	0.5
schwuchtel	off 1.0	off 1.0	off 0.5239430482201202 __DUMMY__ 0.44555720299072055 neg 0.030499748789159273	false	1.0
zerren	neg 1.0		__DUMMY__ 0.9275421021621848 off 0.039135314545734025 neg 0.03332258329208125	false	0.5
kinderficker	off 1.0		__DUMMY__ 0.9154784976709578 off 0.05148814970102118 neg 0.03303335262802105	false	1.0
gefahr	neg 1.0		__DUMMY__ 0.9297798732307251 off 0.037124242632830186 neg 0.03309588413644478	false	0.5
rabiat	neg 1.0		__DUMMY__ 0.9242342049913339 off 0.04076545610318645 neg 0.03500033890547965	false	0.5
verlangsamung	neg 1.0		__DUMMY__ 0.9128008953990728 off 0.05301916347899494 neg 0.03417994112193222	false	0.5
ausgestorben	neg 1.0		__DUMMY__ 0.926454751439891 off 0.04034992627230205 neg 0.033195322287806965	false	0.5
anklagen	neg 1.0		__DUMMY__ 0.9263071566096492 off 0.04018221045207885 neg 0.03351063293827184	false	0.5
trott	neg 1.0		__DUMMY__ 0.92529742930434 off 0.041168772535654256 neg 0.03353379816000576	false	0.5
verminderung	neg 1.0		__DUMMY__ 0.9188350547976869 off 0.04648068882915119 neg 0.034684256373162005	false	0.5
nach			__DUMMY__ 0.9352036094539059 neg 0.03253788319019151 off 0.03225850735590268	false	0.0
rost	neg 1.0		__DUMMY__ 0.9160435181268475 off 0.05377658542411625 neg 0.030179896449036354	false	0.5
destruktiv	neg 1.0		__DUMMY__ 0.9241706507481137 off 0.04137499525135142 neg 0.034454354000534856	false	0.5
unzumutbarkeit	neg 1.0		__DUMMY__ 0.9212446920570759 off 0.04653997222413172 neg 0.03221533571879235	false	0.5
labil	off 1.0	off 1.0	off 0.5116966881176608 __DUMMY__ 0.45766263752365866 neg 0.030640674358680498	false	1.0
ziemlich	neg 1.0		__DUMMY__ 0.9214212334497036 off 0.04608422961348083 neg 0.032494536936815546	false	0.5
lachnummer	off 1.0		__DUMMY__ 0.9248838659278594 off 0.04203550670513335 neg 0.03308062736700727	false	1.0
oder			__DUMMY__ 0.9255118812161219 off 0.04151511145384662 neg 0.032973007330031424	false	0.0
verfall	neg 1.0		__DUMMY__ 0.9298561473084862 neg 0.03561348740470689 off 0.03453036528680694	false	1.0
ausgrenzung	neg 1.0		__DUMMY__ 0.922019710594626 off 0.043586101189737075 neg 0.03439418821563698	false	0.5
unordnung	neg 1.0		__DUMMY__ 0.9179836624792246 off 0.04988968934371444 neg 0.03212664817706092	false	0.5
fehlverhalten	neg 1.0		__DUMMY__ 0.9280102517509312 off 0.03827105125823948 neg 0.03371869699082931	false	0.5
eine			__DUMMY__ 0.9289312642923967 off 0.03626997284434126 neg 0.03479876286326206	false	0.0
nille	neg 1.0		__DUMMY__ 0.9257336333985408 off 0.04169958290171112 neg 0.03256678369974812	false	0.5
qual	neg 1.0		__DUMMY__ 0.9252814203568569 off 0.04092349215534533 neg 0.03379508748779775	false	0.5
verschwenden	neg 1.0		__DUMMY__ 0.9265208451236727 off 0.03779860805226682 neg 0.03568054682406055	false	0.5
riesig	neg 1.0		__DUMMY__ 0.9295652032348977 off 0.03771629978511443 neg 0.0327184969799878	false	0.5
verurteilen	neg 1.0		__DUMMY__ 0.9261368213734784 off 0.040104488790808315 neg 0.03375868983571328	false	0.5
klischee	neg 1.0	neg 1.0	neg 0.5018790867122163 __DUMMY__ 0.457226299807503 off 0.04089461348028081	false	1.0
diktatorisch	neg 1.0		__DUMMY__ 0.9220708454156942 off 0.04383756950429392 neg 0.03409158508001198	false	0.5
vorhersehbar	neg 1.0		__DUMMY__ 0.921234543027392 off 0.044193264466821536 neg 0.03457219250578646	false	0.5
sowie			__DUMMY__ 0.9143737895804501 off 0.05083219098802503 neg 0.03479401943152491	false	0.0
stornieren	neg 1.0		__DUMMY__ 0.9272712837688033 off 0.04347347934930019 neg 0.029255236881896546	false	0.5
besteuerung	neg 1.0	neg 1.0	neg 0.5044328440684606 __DUMMY__ 0.4572398536184657 off 0.03832730231307371	false	1.0
ungeschminkt	neg 1.0		__DUMMY__ 0.9197538924945209 off 0.04715761402683761 neg 0.03308849347864143	false	0.5
kritisch	neg 1.0		__DUMMY__ 0.9265253750151315 off 0.03971863815756045 neg 0.03375598682730802	false	0.5
schlamperei	off 1.0		__DUMMY__ 0.9277251865585565 off 0.03857473725336652 neg 0.03370007618807696	false	1.0
sucht	neg 1.0	neg 1.0	neg 0.4985987975827432 __DUMMY__ 0.4632714838277499 off 0.03812971858950687	false	1.0
egoistisch	off 1.0	off 1.0	off 0.516400511480895 __DUMMY__ 0.4540015080609273 neg 0.029597980458177634	false	1.0
ausbeuter	off 1.0		__DUMMY__ 0.9258668540535993 off 0.03811554887219679 neg 0.036017597074203926	false	1.0
arschgeburt	off 1.0		__DUMMY__ 0.9068839899092238 off 0.0593152546355028 neg 0.0338007554552734	false	1.0
schubs	neg 1.0		__DUMMY__ 0.9257980504428618 off 0.0381728200406414 neg 0.03602912951649682	false	0.5
unsolide	neg 1.0		__DUMMY__ 0.9222186369704358 off 0.04402507957800804 neg 0.03375628345155622	false	0.5
beschwerde	neg 1.0		__DUMMY__ 0.9269416676807533 off 0.039891325575426184 neg 0.033167006743820476	false	0.5
stocken	neg 1.0		__DUMMY__ 0.9271842170557358 off 0.03896174189020285 neg 0.03385404105406127	false	0.5
isolieren	neg 1.0		__DUMMY__ 0.9250578393611487 off 0.03985801414917154 neg 0.03508414648967979	false	0.5
unheilbar	neg 1.0		__DUMMY__ 0.9242906717590393 off 0.04164537787191181 neg 0.03406395036904887	false	0.5
pisser	off 1.0	off 1.0	off 0.5143828709278284 __DUMMY__ 0.45670329698509926 neg 0.028913832087072332	false	1.0
löschen	neg 1.0		__DUMMY__ 0.9247501315549194 off 0.04182286915344452 neg 0.03342699929163617	false	0.5
durchfallen	neg 1.0		__DUMMY__ 0.926964689852427 off 0.03938498769238583 neg 0.03365032245518715	false	0.5
wichser	off 1.0	off 1.0	off 0.520549018203656 __DUMMY__ 0.44848833983807607 neg 0.03096264195826789	false	1.0
terror	neg 1.0		__DUMMY__ 0.9229301003718593 off 0.04391618777892284 neg 0.033153711849217914	false	0.5
krass	neg 1.0		__DUMMY__ 0.9168230832389228 off 0.0499697461675959 neg 0.0332071705934813	false	0.5
revolte	neg 1.0		__DUMMY__ 0.9187525545473817 off 0.045004325690442645 neg 0.03624311976217575	false	0.5
besorgt	neg 1.0		__DUMMY__ 0.928052989165241 off 0.03957126893312599 neg 0.03237574190163308	false	0.5
nachlassen	neg 1.0		__DUMMY__ 0.928719046616202 off 0.03857684949897252 neg 0.03270410388482551	false	0.5
alt	neg 1.0		__DUMMY__ 0.9232372005574178 neg 0.038880521465185336 off 0.03788227797739687	false	1.0
hundesohn	off 1.0	off 1.0	off 0.5200503644209589 __DUMMY__ 0.44976123436791254 neg 0.030188401211128577	false	1.0
als			__DUMMY__ 0.9253892510872562 off 0.039709600399284214 neg 0.034901148513459525	false	0.0
abschreckung	neg 1.0		__DUMMY__ 0.9278491962408482 off 0.03760912513325484 neg 0.034541678625897035	false	0.5
unqualifiziert	neg 1.0		__DUMMY__ 0.9214879136168173 off 0.04537534671482476 neg 0.03313673966835806	false	0.5
abgewichst	off 1.0		__DUMMY__ 0.9261600831384746 off 0.04094966266251481 neg 0.03289025419901059	false	1.0
schwer	neg 1.0		__DUMMY__ 0.924544855096107 off 0.040928507716686026 neg 0.034526637187206985	false	0.5
bedeutungslosigkeit	neg 1.0		__DUMMY__ 0.9277539182440484 off 0.03801959486174547 neg 0.03422648689420614	false	0.5
kapitulation	neg 1.0		__DUMMY__ 0.9251250569794257 off 0.039542601757973535 neg 0.035332341262600715	false	0.5
unscharf	neg 1.0		__DUMMY__ 0.9198884673241668 off 0.04257191847463526 neg 0.037539614201197904	false	0.5
schwinden	neg 1.0		__DUMMY__ 0.9263343186219513 off 0.03806416808723196 neg 0.03560151329081683	false	0.5
versklavung	neg 1.0	neg 1.0	neg 0.5020271162731329 __DUMMY__ 0.4586413443690553 off 0.03933153935781182	false	1.0
schlecht	neg 1.0		__DUMMY__ 0.9215479780349578 off 0.04626682437424901 neg 0.032185197590793066	false	0.5
verhasst	neg 1.0		__DUMMY__ 0.9230303358147457 off 0.04290867598100188 neg 0.034060988204252386	false	0.5
beschweren	neg 1.0		__DUMMY__ 0.9243519627130422 off 0.04301000503223318 neg 0.03263803225472467	false	0.5
scheiden	neg 1.0		__DUMMY__ 0.924307392081047 off 0.04094977430171276 neg 0.0347428336172403	false	0.5
frustriert	neg 1.0		__DUMMY__ 0.9261221215252826 off 0.04027377138998374 neg 0.03360410708473374	false	0.5
schimmelig	neg 1.0		__DUMMY__ 0.9255663687983389 off 0.03809797041576006 neg 0.03633566078590111	false	0.5
fisch	neg 1.0		__DUMMY__ 0.9263976030788976 neg 0.03825371716595514 off 0.03534867975514726	false	1.0
schmuggel	neg 1.0		__DUMMY__ 0.931049460122057 off 0.03636677832238599 neg 0.03258376155555699	false	0.5
auffallen	neg 1.0		__DUMMY__ 0.9229817888022739 off 0.04335924106897603 neg 0.03365897012875008	false	0.5
konkurrenz	neg 1.0		__DUMMY__ 0.9289830079572705 off 0.037657556634983234 neg 0.03335943540774624	false	0.5
teufelskreis	neg 1.0	neg 1.0	neg 0.5034342071407544 __DUMMY__ 0.45924268504814836 off 0.03732310781109721	false	1.0
aufschreien	neg 1.0		__DUMMY__ 0.9215695412501297 off 0.04398222961533281 neg 0.03444822913453752	false	0.5
schuldner	neg 1.0		__DUMMY__ 0.9250226570340578 off 0.03785781330210768 neg 0.03711952966383447	false	0.5
missgeburt	off 1.0	off 1.0	off 0.5183383616392668 __DUMMY__ 0.4539972122667987 neg 0.02766442609393451	false	1.0
arbeitslos	neg 1.0		__DUMMY__ 0.9267260550774029 off 0.039403369107857335 neg 0.03387057581473975	false	0.5
befallen	neg 1.0		__DUMMY__ 0.9223853430536938 off 0.040804337548875684 neg 0.036810319397430534	false	0.5
miesepetrig	off 1.0	off 1.0	off 0.5111219267163478 __DUMMY__ 0.4578270161070535 neg 0.031051057176598704	false	1.0
alarmieren	neg 1.0		__DUMMY__ 0.9216158029952896 off 0.045775031899157555 neg 0.032609165105552826	false	0.5
ungeduscht	off 1.0		__DUMMY__ 0.9212780160884774 off 0.04447450641867824 neg 0.03424747749284445	false	1.0
knappheit	neg 1.0		__DUMMY__ 0.9239258747390552 off 0.03967465269217553 neg 0.036399472568769305	false	0.5
schlange	neg 1.0		__DUMMY__ 0.9248287827694114 off 0.041439094933876736 neg 0.03373212229671187	false	0.5
harsch	neg 1.0		__DUMMY__ 0.9200069638947992 off 0.04972441016314445 neg 0.030268625942056333	false	0.5
lang	neg 1.0		__DUMMY__ 0.9242545999649936 off 0.04247913006961781 neg 0.03326626996538857	false	0.5
ziellos	neg 1.0		__DUMMY__ 0.9285845907001524 off 0.03786183184697859 neg 0.033553577452868986	false	0.5
selbstverliebt	neg 1.0		__DUMMY__ 0.9109630362626593 off 0.05650672084513807 neg 0.03253024289220265	false	0.5
beseitigen	neg 1.0		__DUMMY__ 0.9276011624118611 off 0.04113445447566561 neg 0.03126438311247327	false	0.5
dumm	off 1.0		__DUMMY__ 0.9146325641807153 off 0.05204717939752313 neg 0.03332025642176163	false	1.0
arbeitsloser	neg 1.0		__DUMMY__ 0.9298508046384065 off 0.03949213935651061 neg 0.03065705600508286	false	0.5
blitzen	neg 1.0		__DUMMY__ 0.9219806171186955 off 0.04481774317707931 neg 0.033201639704225204	false	0.5
hilflos	neg 1.0		__DUMMY__ 0.9265441745287151 off 0.03927974766735592 neg 0.03417607780392892	false	0.5
eklig	off 1.0		__DUMMY__ 0.9127840989111612 off 0.05236158159252245 neg 0.03485431949631636	false	1.0
begriff			__DUMMY__ 0.9253148549860931 off 0.04110494043326561 neg 0.033580204580641336	false	0.0
hungersnot	neg 1.0		__DUMMY__ 0.9243336684329607 off 0.0396943021645919 neg 0.035972029402447446	false	0.5
ungesetzlich	neg 1.0		__DUMMY__ 0.9213495728504043 off 0.04397583131295379 neg 0.03467459583664194	false	0.5
verschwendung	neg 1.0		__DUMMY__ 0.9276360597662768 off 0.03784179146226063 neg 0.03452214877146256	false	0.5
schmerzvoll	neg 1.0		__DUMMY__ 0.9226762636110868 off 0.04265267185372164 neg 0.03467106453519159	false	0.5
vorzeitig	neg 1.0		__DUMMY__ 0.9231939937169524 off 0.04573194086092916 neg 0.03107406542211835	false	0.5
unvollkommenheit	neg 1.0		__DUMMY__ 0.9270792211176381 off 0.039889951061734354 neg 0.03303082782062765	false	0.5
intervenieren	neg 1.0		__DUMMY__ 0.9253179274509539 off 0.03865929603460019 neg 0.036022776514445916	false	0.5
banause	off 1.0		__DUMMY__ 0.9094322439266564 off 0.05375068984145972 neg 0.03681706623188391	false	1.0
rebell	neg 1.0		__DUMMY__ 0.9289050521639519 neg 0.03687151024823914 off 0.03422343758780892	false	1.0
unlogisch	neg 1.0		__DUMMY__ 0.9182773055892727 off 0.048403515087126384 neg 0.03331917932360093	false	0.5
leiden	neg 1.0		__DUMMY__ 0.9321784422926541 off 0.03620284360646035 neg 0.03161871410088549	false	0.5
abschaffung	neg 1.0		__DUMMY__ 0.9225157014368865 off 0.04248006041696475 neg 0.035004238146148774	false	0.5
sturz	neg 1.0		__DUMMY__ 0.9273594799325419 off 0.04311030066495623 neg 0.029530219402501945	false	0.5
verkleinerung	neg 1.0		__DUMMY__ 0.9182999805077118 off 0.04526151086198955 neg 0.0364385086302986	false	0.5
schmarotzer	off 1.0		__DUMMY__ 0.9254765411819006 off 0.04021035555720034 neg 0.034313103260899036	false	1.0
bestrafung	neg 1.0	neg 1.0	neg 0.500185508212673 __DUMMY__ 0.46165422523373467 off 0.0381602665535923	false	1.0
achtlos	neg 1.0		__DUMMY__ 0.9259962593370203 off 0.04012586138525169 neg 0.03387787927772794	false	0.5
ungeheuer	neg 1.0		__DUMMY__ 0.9226091085254484 off 0.04156514610912274 neg 0.035825745365428846	false	0.5
