unsolidarisch	neg 1.0		off 0.3707771664312437 __DUMMY__ 0.3228297288769598 neg 0.3063931046917966	false	0.5
nachteilig	neg 1.0		off 0.3681452936159959 __DUMMY__ 0.3271324338384951 neg 0.3047222725455089	false	0.5
skeptisch	neg 1.0		off 0.3660969567936633 __DUMMY__ 0.3268244433386956 neg 0.307078599867641	false	0.5
schrecklich	neg 1.0		off 0.3799907316761926 __DUMMY__ 0.3199716436689208 neg 0.30003762465488665	false	0.5
schlapp	neg 1.0	neg 1.0	neg 0.6374629813150422 off 0.2077469821066131 __DUMMY__ 0.15479003657834478	false	1.0
abfall	neg 1.0		off 0.36323903808179403 __DUMMY__ 0.3286895050313512 neg 0.30807145688685483	false	0.5
widerspenstig	neg 1.0		off 0.3692331375209474 __DUMMY__ 0.3236778587660162 neg 0.30708900371303643	false	0.5
abrupt	neg 1.0		off 0.3645424362312871 __DUMMY__ 0.3258112347824994 neg 0.30964632898621336	false	0.5
unwirksam	neg 1.0		off 0.36861173319422724 __DUMMY__ 0.3210006208613261 neg 0.31038764594444657	false	0.5
angreifen	neg 1.0		off 0.3653184125650667 __DUMMY__ 0.32692872248568455 neg 0.3077528649492487	false	0.5
inkonsistent	neg 1.0		off 0.3727266192667239 __DUMMY__ 0.3221531578141468 neg 0.3051202229191294	false	0.5
abrutschen	neg 1.0		off 0.3624566024422254 __DUMMY__ 0.32832562587580877 neg 0.3092177716819657	false	0.5
unsicher	neg 1.0		off 0.370945661075345 __DUMMY__ 0.3249856009494752 neg 0.30406873797517975	false	0.5
bauernkind	off 1.0	off 1.0	off 0.6799896090453612 neg 0.1680084711026226 __DUMMY__ 0.15200191985201614	false	1.0
angreifer	neg 1.0		off 0.37648686232249784 __DUMMY__ 0.3247395591317395 neg 0.29877357854576275	false	0.5
trennen	neg 1.0		off 0.36536985054093835 __DUMMY__ 0.32741401030607364 neg 0.3072161391529879	false	0.5
schmutz	neg 1.0		off 0.3759912399668007 __DUMMY__ 0.3255070390577093 neg 0.29850172097548994	false	0.5
inkonsistenz	neg 1.0		off 0.3760333872306472 __DUMMY__ 0.32223801565300686 neg 0.301728597116346	false	0.5
erschreckend	neg 1.0		off 0.3699202491119784 __DUMMY__ 0.32477653810688345 neg 0.30530321278113826	false	0.5
ertrinken	neg 1.0		off 0.3641232625063984 __DUMMY__ 0.32633681879684867 neg 0.3095399186967529	false	0.5
pickelface	off 1.0		off 0.37187426658132156 __DUMMY__ 0.3247006374865729 neg 0.30342509593210554	false	1.0
seiner			off 0.3660906610479081 __DUMMY__ 0.3272101720564609 neg 0.3066991668956309	false	0.0
lauch	neg 1.0	neg 1.0	neg 0.6403993641803103 off 0.20097576200789055 __DUMMY__ 0.15862487381179918	false	1.0
unwichtig	neg 1.0		off 0.37574767118260133 __DUMMY__ 0.32203520491215476 neg 0.3022171239052439	false	0.5
steuerhinterziehung	neg 1.0		off 0.3694368152841755 __DUMMY__ 0.32394839990694796 neg 0.3066147848088766	false	0.5
schock	neg 1.0		off 0.36884799152202813 __DUMMY__ 0.3251341314347103 neg 0.3060178770432616	false	0.5
beule	neg 1.0		off 0.377418101113677 __DUMMY__ 0.3200869668818938 neg 0.3024949320044291	false	0.5
vergelten	neg 1.0		off 0.3819760597957112 __DUMMY__ 0.32050183429883333 neg 0.2975221059054556	false	0.5
verdorbenheit	neg 1.0		off 0.37223503905594224 __DUMMY__ 0.3241745786536882 neg 0.3035903822903695	false	0.5
trauma	neg 1.0		off 0.37191640009183685 __DUMMY__ 0.32341045660629947 neg 0.30467314330186357	false	0.5
sinnlos	neg 1.0		off 0.3727838783453968 __DUMMY__ 0.32353798666590733 neg 0.3036781349886959	false	0.5
fettsack	off 1.0	off 1.0	off 0.6813465326880168 neg 0.16630948055313152 __DUMMY__ 0.15234398675885172	false	1.0
feige	off 1.0	off 1.0	off 0.6781318996366489 neg 0.1673616151605897 __DUMMY__ 0.15450648520276133	false	1.0
abdanken	neg 1.0		off 0.3707444850365711 __DUMMY__ 0.3250180778207628 neg 0.30423743714266616	false	0.5
wichtigtuer	off 1.0	off 1.0	off 0.6765963908094963 neg 0.16764482266591152 __DUMMY__ 0.15575878652459213	false	1.0
misslingen	neg 1.0		off 0.37446639413393706 __DUMMY__ 0.32612842160528066 neg 0.2994051842607823	false	0.5
untreu	off 1.0		off 0.3765597176590246 __DUMMY__ 0.3210073599180351 neg 0.3024329224229404	false	1.0
missmutig	neg 1.0		off 0.37367190697573754 __DUMMY__ 0.321835628721935 neg 0.30449246430232746	false	0.5
hurenbock	off 1.0		off 0.3694717454519201 __DUMMY__ 0.32227351089976564 neg 0.30825474364831434	false	1.0
betrunken	neg 1.0		off 0.37838870746518766 __DUMMY__ 0.3199626474564842 neg 0.3016486450783281	false	0.5
korrupt	off 1.0		off 0.3684636192262247 __DUMMY__ 0.32365160943076426 neg 0.307884771343011	false	1.0
unmut	neg 1.0		off 0.36425586202920385 __DUMMY__ 0.32765110096005484 neg 0.3080930370107413	false	0.5
hackfresse	off 1.0		off 0.3842798481046943 __DUMMY__ 0.3173798040662964 neg 0.29834034782900926	false	1.0
aufblasen	neg 1.0		off 0.370438535619503 __DUMMY__ 0.32364381161145334 neg 0.30591765276904365	false	0.5
gewaltsam	neg 1.0		off 0.371482833958946 __DUMMY__ 0.3256781804836407 neg 0.30283898555741345	false	0.5
unbeliebtheit	neg 1.0		off 0.37752820598572234 __DUMMY__ 0.321771380319067 neg 0.30070041369521067	false	0.5
sturheit	neg 1.0		off 0.3706749226536967 __DUMMY__ 0.3256993356281371 neg 0.3036257417181661	false	0.5
kuh	neg 1.0		off 0.37071097951999094 __DUMMY__ 0.3190551293646367 neg 0.3102338911153725	false	0.5
erschrecken	neg 1.0		off 0.3747203141138664 __DUMMY__ 0.322399115428108 neg 0.3028805704580256	false	0.5
opfer	neg 1.0		off 0.36833005496235377 __DUMMY__ 0.3271751134318497 neg 0.30449483160579666	false	0.5
sinken	neg 1.0		off 0.3637984990651235 __DUMMY__ 0.32628014836146946 neg 0.309921352573407	false	0.5
stinktier	neg 1.0		off 0.38018104045506085 __DUMMY__ 0.3163169718092471 neg 0.3035019877356921	false	0.5
tucke	off 1.0		off 0.3848428327075198 __DUMMY__ 0.3145045745928501 neg 0.3006525926996301	false	1.0
ein			off 0.368123887416676 __DUMMY__ 0.32299383821023303 neg 0.30888227437309107	false	0.0
abstieg	neg 1.0		off 0.37066317061662923 __DUMMY__ 0.3277244776127239 neg 0.30161235177064705	false	0.5
missverstehen	neg 1.0		off 0.3736433773155139 __DUMMY__ 0.32302168728065506 neg 0.30333493540383116	false	0.5
ergebnislos	neg 1.0		off 0.36848674795146863 __DUMMY__ 0.32768785659401994 neg 0.3038253954545113	false	0.5
unter			off 0.359789784849651 __DUMMY__ 0.33150535113109386 neg 0.30870486401925523	false	0.0
manipulieren	neg 1.0		off 0.36670086352329195 __DUMMY__ 0.32691105878022847 neg 0.3063880776964796	false	0.5
unbewiesen	neg 1.0		off 0.37166686865419235 __DUMMY__ 0.32342718718579966 neg 0.3049059441600079	false	0.5
verschleppen	neg 1.0		off 0.3677857231812537 __DUMMY__ 0.3253485487193075 neg 0.3068657280994388	false	0.5
weib	off 1.0		off 0.38615421696933355 __DUMMY__ 0.31587772690924343 neg 0.2979680561214231	false	1.0
opposition	neg 1.0		off 0.37159484110389374 __DUMMY__ 0.32256272876118974 neg 0.3058424301349165	false	0.5
verkehrswidrig	neg 1.0		off 0.3837754517847612 __DUMMY__ 0.3215249930513047 neg 0.294699555163934	false	0.5
inkorrekt	neg 1.0		off 0.3797401983920464 __DUMMY__ 0.31990405393007504 neg 0.3003557476778786	false	0.5
vermeiden	neg 1.0		off 0.3628129966333223 __DUMMY__ 0.3293949231440355 neg 0.3077920802226422	false	0.5
abweichung	neg 1.0		off 0.3689017295291804 __DUMMY__ 0.32597440882091466 neg 0.305123861649905	false	0.5
alkoholisiert	neg 1.0		off 0.36772047852452827 __DUMMY__ 0.3288962693797144 neg 0.30338325209575745	false	0.5
scheiss	off 1.0	off 1.0	off 0.6788811567988016 neg 0.16712302995481404 __DUMMY__ 0.1539958132463844	false	1.0
herausforderung	neg 1.0		off 0.3682682532604766 __DUMMY__ 0.32573825558322844 neg 0.30599349115629493	false	0.5
pervers	off 1.0		off 0.3887131042411173 __DUMMY__ 0.3150054884716945 neg 0.29628140728718816	false	1.0
wackelig	neg 1.0		off 0.36806386844713235 __DUMMY__ 0.32576382851025154 neg 0.30617230304261617	false	0.5
verwickeln	neg 1.0		off 0.3724743435368437 __DUMMY__ 0.3232049236922076 neg 0.3043207327709488	false	0.5
vorwand	neg 1.0		off 0.3650755973570883 __DUMMY__ 0.32724560125889424 neg 0.30767880138401743	false	0.5
muschi	off 1.0		off 0.3712670140543294 __DUMMY__ 0.32573050776366075 neg 0.30300247818200976	false	1.0
entmutigung	neg 1.0		off 0.3714088984507632 __DUMMY__ 0.32101170260375916 neg 0.3075793989454776	false	0.5
unangemessen	neg 1.0		off 0.36980216476685296 __DUMMY__ 0.3252465940416463 neg 0.3049512411915007	false	0.5
unstetig	neg 1.0		off 0.37544241373577747 __DUMMY__ 0.32287203681325943 neg 0.30168554945096304	false	0.5
entmutigen	neg 1.0		off 0.3713890412180094 __DUMMY__ 0.32366319865073045 neg 0.3049477601312601	false	0.5
schwanz	neg 1.0		off 0.36873287504685126 __DUMMY__ 0.3261945616604061 neg 0.3050725632927427	false	0.5
verbot	neg 1.0		off 0.36868272212531245 __DUMMY__ 0.32442173302815286 neg 0.3068955448465346	false	0.5
leid	neg 1.0		off 0.3815267387398302 __DUMMY__ 0.31896880256166527 neg 0.29950445869850456	false	0.5
archaisch	neg 1.0		off 0.3691768680769361 __DUMMY__ 0.32498821978384285 neg 0.30583491213922104	false	0.5
gegen			off 0.3655260839495314 __DUMMY__ 0.3283313365178327 neg 0.30614257953263596	false	0.0
scheidung	neg 1.0		off 0.3939911661367746 __DUMMY__ 0.3156374935074558 neg 0.2903713403557696	false	0.5
einschlag	neg 1.0		off 0.38222902732885367 __DUMMY__ 0.32183124384567785 neg 0.29593972882546854	false	0.5
m			off 0.3687624781232326 __DUMMY__ 0.3256652074634685 neg 0.30557231441329896	false	0.0
abgestanden	neg 1.0		off 0.36739575091475235 __DUMMY__ 0.32047587316236065 neg 0.312128375922887	false	0.5
schmierig	off 1.0		off 0.3805397100616918 __DUMMY__ 0.31849168484191154 neg 0.3009686050963966	false	1.0
unpraktisch	neg 1.0		off 0.3723233978893758 __DUMMY__ 0.32396340807147017 neg 0.30371319403915403	false	0.5
wixxer	off 1.0		off 0.38844853253975326 __DUMMY__ 0.31411480587238055 neg 0.29743666158786625	false	1.0
bezeichnet			off 0.3715392486102789 __DUMMY__ 0.32480673324114556 neg 0.3036540181485757	false	0.0
jammerlappen	off 1.0		off 0.37578783047053926 __DUMMY__ 0.32170125541748307 neg 0.30251091411197767	false	1.0
farce	neg 1.0		off 0.370132228574666 __DUMMY__ 0.32343666239550406 neg 0.30643110902982995	false	0.5
zwecklos	neg 1.0		off 0.3683211203985997 __DUMMY__ 0.325178958774792 neg 0.30649992082660815	false	0.5
turbulent	neg 1.0		off 0.3776817524927301 __DUMMY__ 0.32016748820385854 neg 0.3021507593034113	false	0.5
invasion	neg 1.0		off 0.37339763347006605 __DUMMY__ 0.32303069029542536 neg 0.3035716762345086	false	0.5
schuld	neg 1.0		off 0.372042731742365 __DUMMY__ 0.3238603559488196 neg 0.3040969123088153	false	0.5
risiko	neg 1.0		off 0.3718752017153563 __DUMMY__ 0.32212331998403576 neg 0.3060014783006078	false	0.5
finster	neg 1.0		off 0.3687670677872876 __DUMMY__ 0.3227597359623317 neg 0.30847319625038083	false	0.5
geisteskrank	off 1.0		off 0.3784753282369933 __DUMMY__ 0.3205272647253736 neg 0.3009974070376332	false	1.0
zusammenbrechen	neg 1.0		off 0.3682276884260636 __DUMMY__ 0.32485393630119386 neg 0.3069183752727425	false	0.5
ausbeute	neg 1.0		off 0.37051259248045343 __DUMMY__ 0.3260088610786462 neg 0.30347854644090044	false	0.5
hinterhalt	neg 1.0		off 0.36964776440181796 __DUMMY__ 0.32529721652243476 neg 0.3050550190757474	false	0.5
kritik	neg 1.0		off 0.36986791231182226 __DUMMY__ 0.3235791624841031 neg 0.3065529252040745	false	0.5
einschrumpfen	neg 1.0		off 0.3755315836911541 __DUMMY__ 0.3209134639403255 neg 0.3035549523685205	false	0.5
riskant	neg 1.0		off 0.36606476999577264 __DUMMY__ 0.3264375555859076 neg 0.30749767441831977	false	0.5
frustrieren	neg 1.0		off 0.3667235174104716 __DUMMY__ 0.32573483752769194 neg 0.30754164506183645	false	0.5
groll	neg 1.0		off 0.3692572773495729 __DUMMY__ 0.3258555708381013 neg 0.30488715181232573	false	0.5
gibt			off 0.36837009362744805 __DUMMY__ 0.3256849716953671 neg 0.3059449346771849	false	0.0
qualvoll	neg 1.0		off 0.3724031309792341 __DUMMY__ 0.32287612044643355 neg 0.3047207485743324	false	0.5
wackeln	neg 1.0		off 0.37006454419213514 __DUMMY__ 0.32414835046955454 neg 0.30578710533831016	false	0.5
klagen	neg 1.0		off 0.3649546356747667 __DUMMY__ 0.3267295908942072 neg 0.3083157734310259	false	0.5
bankrott	neg 1.0		off 0.37600495348334145 __DUMMY__ 0.32276184850418665 neg 0.30123319801247195	false	0.5
trauern	neg 1.0		off 0.3680712105382167 __DUMMY__ 0.32849866037017106 neg 0.30343012909161216	false	0.5
ablehnung	neg 1.0		off 0.3693116020437558 __DUMMY__ 0.32397961186180374 neg 0.30670878609444047	false	0.5
stur	neg 1.0		off 0.37145742870637427 __DUMMY__ 0.3232432248555219 neg 0.3052993464381039	false	0.5
aufruhr	neg 1.0		off 0.3705132225871489 __DUMMY__ 0.3238438174044363 neg 0.3056429600084148	false	0.5
melancholie	neg 1.0		off 0.3640990972889333 __DUMMY__ 0.324819209613641 neg 0.3110816930974256	false	0.5
ist			off 0.3723962657230252 __DUMMY__ 0.32352880356055225 neg 0.30407493071642244	false	0.0
torheit	neg 1.0		off 0.3722443231963072 __DUMMY__ 0.3238534096753754 neg 0.3039022671283173	false	0.5
dreckskind	off 1.0		off 0.3854899215856748 __DUMMY__ 0.3167796269747095 neg 0.2977304514396156	false	1.0
umtauschen	neg 1.0		off 0.36972899654993313 __DUMMY__ 0.3243176462011235 neg 0.30595335724894335	false	0.5
zum			off 0.36444663384998555 __DUMMY__ 0.33111933096302093 neg 0.3044340351869936	false	0.0
zersetzen	neg 1.0		off 0.3652882607390327 __DUMMY__ 0.325789550953471 neg 0.3089221883074963	false	0.5
zur			off 0.36320271085773925 __DUMMY__ 0.3295875320064428 neg 0.3072097571358179	false	0.0
frust	neg 1.0		off 0.36801565052437424 __DUMMY__ 0.3250249651263028 neg 0.3069593843493229	false	0.5
unerbittlichkeit	neg 1.0		off 0.367545135861005 __DUMMY__ 0.32693339367967406 neg 0.3055214704593209	false	0.5
zwei			off 0.3621584252245471 __DUMMY__ 0.3293199843759321 neg 0.30852159039952093	false	0.0
unkorrekt	neg 1.0		off 0.378369541312005 __DUMMY__ 0.32028240253302587 neg 0.3013480561549692	false	0.5
hexe	off 1.0		off 0.3737453511653823 __DUMMY__ 0.31986014734816526 neg 0.30639450148645236	false	1.0
lasch	neg 1.0		off 0.3748392772588245 __DUMMY__ 0.32203674889921274 neg 0.30312397384196277	false	0.5
rivale	neg 1.0		off 0.38048330764320587 __DUMMY__ 0.32038903237924543 neg 0.29912765997754875	false	0.5
mutlos	off 1.0	off 1.0	off 0.6734429838915269 neg 0.16939089153824508 __DUMMY__ 0.15716612457022802	false	1.0
wirr	off 1.0		off 0.3798771851147818 __DUMMY__ 0.3188503149053623 neg 0.301272499979856	false	1.0
jahr			off 0.3683397552240912 __DUMMY__ 0.32921376152811027 neg 0.3024464832477986	false	0.0
wird			off 0.36796730164618885 __DUMMY__ 0.3261060052823558 neg 0.30592669307145537	false	0.0
strafbar	neg 1.0		off 0.36706590180800786 __DUMMY__ 0.32659298114618035 neg 0.3063411170458118	false	0.5
erosion	neg 1.0		off 0.37131472182629294 __DUMMY__ 0.32465829851195827 neg 0.30402697966174874	false	0.5
eingehen	neg 1.0		off 0.3664053706843556 __DUMMY__ 0.3256678304452129 neg 0.3079267988704315	false	0.5
faul	off 1.0		off 0.3750907044762786 __DUMMY__ 0.3221920254273354 neg 0.302717270096386	false	1.0
provisorium	neg 1.0		off 0.360098639814554 __DUMMY__ 0.33172478883534867 neg 0.30817657135009735	false	0.5
schmerzen	neg 1.0		off 0.368237867576463 __DUMMY__ 0.3236625028529251 neg 0.3080996295706119	false	0.5
schrumpfen	neg 1.0		off 0.36122605077563974 __DUMMY__ 0.32729636971602666 neg 0.31147757950833355	false	0.5
geistlos	off 1.0		off 0.3733147125892569 __DUMMY__ 0.32214037388893724 neg 0.30454491352180574	false	1.0
fehlkauf	neg 1.0		off 0.37327255013584837 __DUMMY__ 0.3227874373777237 neg 0.3039400124864278	false	0.5
frustrierend	neg 1.0		off 0.3744021021943584 __DUMMY__ 0.32221860349179 neg 0.3033792943138516	false	0.5
unzufrieden	neg 1.0		off 0.3683309119244141 __DUMMY__ 0.3255272644490716 neg 0.3061418236265143	false	0.5
verzweifeln	neg 1.0		off 0.36966894546789486 __DUMMY__ 0.32498147526273613 neg 0.305349579269369	false	0.5
verzweifelt	neg 1.0		off 0.37153710201969437 __DUMMY__ 0.3232603774797704 neg 0.30520252050053515	false	0.5
misstrauensantrag	neg 1.0		off 0.3724101635523674 __DUMMY__ 0.3227730742373844 neg 0.30481676221024834	false	0.5
abfallen	neg 1.0		off 0.37020087601067175 __DUMMY__ 0.32364185166775344 neg 0.30615727232157475	false	0.5
fucker	off 1.0		off 0.3796285094945049 __DUMMY__ 0.32055157751261015 neg 0.2998199129928849	false	1.0
ungezogen	neg 1.0		off 0.38666694546889124 __DUMMY__ 0.3164302505946844 neg 0.2969028039364243	false	0.5
irrsinnig	neg 1.0	neg 1.0	neg 0.6386537254296647 off 0.2053264956311422 __DUMMY__ 0.15601977893919303	false	1.0
unfassbar	neg 1.0		off 0.37708363981348253 __DUMMY__ 0.32164030697156937 neg 0.3012760532149482	false	0.5
hart	neg 1.0		off 0.3760632994156469 __DUMMY__ 0.3197587448396954 neg 0.30417795574465756	false	0.5
widerlich	off 1.0		off 0.3774240384403991 __DUMMY__ 0.32103108609184267 neg 0.30154487546775827	false	1.0
fatal	neg 1.0	neg 1.0	neg 0.639646774164395 off 0.20562703160424486 __DUMMY__ 0.15472619423136025	false	1.0
bruch	neg 1.0		off 0.3636955300324239 __DUMMY__ 0.32759697290309703 neg 0.30870749706447903	false	0.5
aushungern	neg 1.0		off 0.368818469010828 __DUMMY__ 0.32426596911093664 neg 0.3069155618782354	false	0.5
anspannung	neg 1.0		off 0.36297674891025244 __DUMMY__ 0.32998148705002256 neg 0.30704176403972505	false	0.5
von			off 0.36539618249143047 __DUMMY__ 0.32722032473528134 neg 0.3073834927732882	false	0.0
kraftlos	neg 1.0		off 0.3674780256962932 __DUMMY__ 0.3254051438859572 neg 0.3071168304177496	false	0.5
vom			off 0.36118406623270644 __DUMMY__ 0.33221082929556867 neg 0.30660510447172484	false	0.0
grenzdebil	off 1.0		off 0.3767236128096257 __DUMMY__ 0.3206974442383105 neg 0.30257894295206383	false	1.0
vor			off 0.3642437394336503 __DUMMY__ 0.3277942301363424 neg 0.3079620304300073	false	0.0
unterwerfen	neg 1.0		off 0.3679971800288708 __DUMMY__ 0.3265968276650083 neg 0.305405992306121	false	0.5
versenkung	neg 1.0		off 0.3674445889721583 __DUMMY__ 0.3269523951726246 neg 0.3056030158552172	false	0.5
entziehen	neg 1.0		off 0.36506154241473676 __DUMMY__ 0.3273786914940018 neg 0.30755976609126157	false	0.5
finanzkrise	neg 1.0		off 0.3671374471627062 __DUMMY__ 0.3208099661178592 neg 0.31205258671943453	false	0.5
schimpfend	neg 1.0		off 0.37218395194144505 __DUMMY__ 0.32472618824626126 neg 0.30308985981229386	false	0.5
profan	neg 1.0		off 0.37264659877966894 __DUMMY__ 0.32265488984463114 neg 0.3046985113756999	false	0.5
korruption	neg 1.0		off 0.3677123698912189 __DUMMY__ 0.3239667899727739 neg 0.30832084013600713	false	0.5
â			off 0.36801120716561586 __DUMMY__ 0.32578729320581795 neg 0.3062014996285663	false	0.0
schmutzig	neg 1.0		off 0.37675440570470764 __DUMMY__ 0.320549799697746 neg 0.3026957945975465	false	0.5
sexy	neg 1.0		off 0.37513714523595726 __DUMMY__ 0.322947445291723 neg 0.3019154094723197	false	0.5
abraten	neg 1.0		off 0.37294421676785017 __DUMMY__ 0.3237185697029663 neg 0.30333721352918347	false	0.5
schwarz	neg 1.0		off 0.37336337427332394 __DUMMY__ 0.32354573635673844 neg 0.30309088936993756	false	0.5
fotze	off 1.0	off 1.0	off 0.6742552012786855 neg 0.16838402475334815 __DUMMY__ 0.15736077396796636	false	1.0
verwirren	neg 1.0		off 0.3732952302229739 __DUMMY__ 0.32296436231182263 neg 0.30374040746520337	false	0.5
zahnlos	off 1.0		off 0.36929968966791454 __DUMMY__ 0.32506641756993604 neg 0.30563389276214936	false	1.0
verheeren	neg 1.0		off 0.388064757709314 __DUMMY__ 0.31599623037172203 neg 0.2959390119189638	false	0.5
hippie	neg 1.0		off 0.3745042712928425 __DUMMY__ 0.32277653604416445 neg 0.30271919266299285	false	0.5
rammen	neg 1.0		off 0.3719413782170438 __DUMMY__ 0.32459451447089416 neg 0.30346410731206197	false	0.5
unlauter	neg 1.0		off 0.37241558600626024 __DUMMY__ 0.32265982357863376 neg 0.3049245904151059	false	0.5
unheilvoll	neg 1.0		off 0.3714516847537007 __DUMMY__ 0.32319427653001404 neg 0.30535403871628525	false	0.5
niedrig	neg 1.0		off 0.3665911956088061 __DUMMY__ 0.32449847181805924 neg 0.30891033257313466	false	0.5
explosion	neg 1.0		off 0.37465879950761793 __DUMMY__ 0.3230759635116955 neg 0.3022652369806865	false	0.5
weichei	off 1.0	off 1.0	off 0.6807611112409924 neg 0.1668276328616236 __DUMMY__ 0.15241125589738408	false	1.0
minusmensch	off 1.0		off 0.3878673657729996 __DUMMY__ 0.31601806389564374 neg 0.2961145703313568	false	1.0
farblos	neg 1.0		off 0.37207928136468604 __DUMMY__ 0.32375952152226606 neg 0.3041611971130479	false	0.5
unwissend	neg 1.0	neg 1.0	neg 0.637673566376447 off 0.20750347501416044 __DUMMY__ 0.15482295860939255	false	1.0
traurig	neg 1.0		off 0.3796909627624193 __DUMMY__ 0.3202960126741401 neg 0.30001302456344053	false	0.5
senkung	neg 1.0		off 0.37141112374509344 __DUMMY__ 0.3201976369300521 neg 0.30839123932485457	false	0.5
ungleich	neg 1.0	neg 1.0	neg 0.6398270681611479 off 0.20297552045963677 __DUMMY__ 0.15719741137921545	false	1.0
heikel	neg 1.0		off 0.36634669494065375 __DUMMY__ 0.3264629763732199 neg 0.3071903286861262	false	0.5
drosselung	neg 1.0		off 0.3757759865005678 __DUMMY__ 0.31919207902187813 neg 0.305031934477554	false	0.5
falsch	neg 1.0		off 0.3752950973643625 __DUMMY__ 0.32277643800375766 neg 0.3019284646318799	false	0.5
unzufriedenheit	neg 1.0		off 0.3653883873334369 __DUMMY__ 0.3257971326379925 neg 0.3088144800285706	false	0.5
kurz	neg 1.0		off 0.3691038800257516 __DUMMY__ 0.326119160494925 neg 0.3047769594793235	false	0.5
unsinnig	neg 1.0		off 0.3690885972427143 __DUMMY__ 0.32396894281992744 neg 0.3069424599373582	false	0.5
penner	off 1.0	off 1.0	off 0.6821015290986638 neg 0.1656192666929676 __DUMMY__ 0.15227920420836846	false	1.0
seicht	neg 1.0		off 0.3843704235324982 __DUMMY__ 0.31522865585015963 neg 0.30040092061734225	false	0.5
dummheit	off 1.0	off 1.0	off 0.6762798787377422 neg 0.1685217049459443 __DUMMY__ 0.15519841631631354	false	1.0
unerfreulich	neg 1.0		off 0.36613856094362 __DUMMY__ 0.326730349678361 neg 0.307131089378019	false	0.5
motherfucker	off 1.0	off 1.0	off 0.6794131072020679 neg 0.1663265400822343 __DUMMY__ 0.15426035271569774	false	1.0
pikiert	neg 1.0		off 0.3757281921635444 __DUMMY__ 0.3209427430991424 neg 0.30332906473731325	false	0.5
wrack	neg 1.0		off 0.37145081857861617 __DUMMY__ 0.3283082157371321 neg 0.3002409656842516	false	0.5
gangster	neg 1.0		off 0.37465624480333304 __DUMMY__ 0.3225989787931473 neg 0.30274477640351943	false	0.5
krank	neg 1.0		off 0.37735777629263084 __DUMMY__ 0.32131258856550104 neg 0.3013296351418681	false	0.5
reich	neg 1.0		off 0.37302603819893515 __DUMMY__ 0.3197753094072588 neg 0.3071986523938061	false	0.5
gnadenlos	neg 1.0		off 0.37207380613358837 __DUMMY__ 0.32432393520936154 neg 0.3036022586570501	false	0.5
niedergeschlagen	neg 1.0		off 0.36856397793823614 __DUMMY__ 0.3261096116664955 neg 0.3053264103952683	false	0.5
terrorisieren	off 1.0	off 1.0	off 0.6728168485294997 neg 0.16963810268656998 __DUMMY__ 0.15754504878393027	false	1.0
sinnlosigkeit	neg 1.0		off 0.3688800951689477 __DUMMY__ 0.32533196517454693 neg 0.3057879396565053	false	0.5
behindern	neg 1.0		off 0.37028934320948853 __DUMMY__ 0.3241822348376423 neg 0.30552842195286917	false	0.5
undemokratisch	neg 1.0		off 0.3727190024808584 __DUMMY__ 0.32263646834239046 neg 0.3046445291767511	false	0.5
wirtschaftskrise	neg 1.0		off 0.36681816502684594 __DUMMY__ 0.3234944230588344 neg 0.30968741191431964	false	0.5
neid	neg 1.0		off 0.3737708640623822 __DUMMY__ 0.32224792777176575 neg 0.3039812081658521	false	0.5
rutschen	neg 1.0		off 0.36162539470191113 __DUMMY__ 0.32914438276977787 neg 0.3092302225283108	false	0.5
rezession	neg 1.0		off 0.3769153148423576 __DUMMY__ 0.3166760946987134 neg 0.3064085904589291	false	0.5
fehlgeburt	neg 1.0		off 0.371663003787152 __DUMMY__ 0.32475808687402674 neg 0.3035789093388212	false	0.5
charakterschwach	off 1.0		off 0.37664902760581037 __DUMMY__ 0.3209429120382039 neg 0.30240806035598566	false	1.0
isolation	neg 1.0		off 0.37548267362718274 __DUMMY__ 0.3230902578748585 neg 0.30142706849795864	false	0.5
ablenkung	neg 1.0		off 0.3707685246019834 __DUMMY__ 0.32500251472214 neg 0.3042289606758765	false	0.5
pech	neg 1.0		off 0.37462332033408113 __DUMMY__ 0.3216726704372474 neg 0.30370400922867147	false	0.5
vermeidung	neg 1.0		off 0.3765009917159747 __DUMMY__ 0.3203551578492337 neg 0.3031438504347917	false	0.5
dominieren	neg 1.0		off 0.36943940236485934 __DUMMY__ 0.3253358043000073 neg 0.30522479333513347	false	0.5
schwindlig	neg 1.0		off 0.3721975942405945 __DUMMY__ 0.32276110005498104 neg 0.30504130570442434	false	0.5
lutscher	neg 1.0		off 0.38631769388567394 __DUMMY__ 0.3144959144788631 neg 0.29918639163546296	false	0.5
pflicht	neg 1.0		off 0.36554570552700627 __DUMMY__ 0.32772813892347147 neg 0.3067261555495223	false	0.5
faschist	off 1.0		off 0.37492306997808933 __DUMMY__ 0.3226347230912658 neg 0.30244220693064483	false	1.0
verschleudern	neg 1.0		off 0.365087895596201 __DUMMY__ 0.3237173910809147 neg 0.3111947133228843	false	0.5
wenn			off 0.3752587272584538 __DUMMY__ 0.3216272956244669 neg 0.3031139771170793	false	0.0
ehebruch	neg 1.0		off 0.36770017517007225 __DUMMY__ 0.3254677574798204 neg 0.3068320673501075	false	0.5
spott	off 1.0		off 0.36842454570585187 __DUMMY__ 0.3264736701069977 neg 0.3051017841871505	false	1.0
trostlosigkeit	neg 1.0		off 0.36420074245123313 __DUMMY__ 0.32628418825779204 neg 0.3095150692909749	false	0.5
lutschen	neg 1.0		off 0.37579479130537213 __DUMMY__ 0.3227927683519897 neg 0.30141244034263825	false	0.5
undiszipliniert	neg 1.0		off 0.37863655247216693 __DUMMY__ 0.32025490430018166 neg 0.30110854322765146	false	0.5
kopfschmerz	neg 1.0		off 0.3653915289653347 __DUMMY__ 0.32368840007343813 neg 0.3109200709612272	false	0.5
unvorhergesehen	neg 1.0		off 0.36564283709160056 __DUMMY__ 0.3275214678573708 neg 0.30683569505102876	false	0.5
desinteressiert	neg 1.0		off 0.3779098606365657 __DUMMY__ 0.3204500797455042 neg 0.30164005961793006	false	0.5
armselig	off 1.0		off 0.38049693518769917 __DUMMY__ 0.31974164233975017 neg 0.29976142247255066	false	1.0
desaster	neg 1.0		off 0.36379606843870094 __DUMMY__ 0.3267341117744948 neg 0.30946981978680443	false	0.5
tod	neg 1.0		off 0.36736239229365786 __DUMMY__ 0.3264100580301965 neg 0.30622754967614557	false	0.5
herzlos	neg 1.0		off 0.37965129247849877 __DUMMY__ 0.319682552972847 neg 0.3006661545486542	false	0.5
unwissenheit	neg 1.0		off 0.3684607685646525 __DUMMY__ 0.32535904488276757 neg 0.3061801865525799	false	0.5
widersinnig	neg 1.0		off 0.3685664166887165 __DUMMY__ 0.32321742648898966 neg 0.30821615682229386	false	0.5
bedenklich	neg 1.0		off 0.3672029606679548 __DUMMY__ 0.32536396103960763 neg 0.3074330782924375	false	0.5
beanstanden	neg 1.0		off 0.3665941871052357 __DUMMY__ 0.32783918638838117 neg 0.30556662650638317	false	0.5
panisch	neg 1.0		off 0.3728241773081191 __DUMMY__ 0.32374605074693436 neg 0.3034297719449464	false	0.5
debil	off 1.0		off 0.3601571205348821 __DUMMY__ 0.33053990830065194 neg 0.3093029711644659	false	1.0
abstrich	neg 1.0		off 0.3695563210812425 __DUMMY__ 0.325141047190319 neg 0.30530263172843847	false	0.5
primitiv	neg 1.0		off 0.3783279728608524 __DUMMY__ 0.3206869444595229 neg 0.30098508267962465	false	0.5
abschaum	off 1.0	off 1.0	off 0.6785852691335896 neg 0.1661133753312328 __DUMMY__ 0.15530135553517757	false	1.0
provozieren	neg 1.0		off 0.3714668351846738 __DUMMY__ 0.3236124350597133 neg 0.30492072975561296	false	0.5
tot	neg 1.0		off 0.36897709251598226 __DUMMY__ 0.3255304220246557 neg 0.3054924854593619	false	0.5
instabil	neg 1.0		off 0.3796639564785357 __DUMMY__ 0.3183353433228077 neg 0.3020007001986566	false	0.5
schwuchtel	off 1.0	off 1.0	off 0.6863735398793187 neg 0.16324247155112925 __DUMMY__ 0.15038398856955204	false	1.0
zerren	neg 1.0		off 0.3683887659169874 __DUMMY__ 0.3260195706844339 neg 0.3055916633985787	false	0.5
kinderficker	off 1.0		off 0.38276983289336325 __DUMMY__ 0.3184348875184799 neg 0.2987952795881569	false	1.0
gefahr	neg 1.0		off 0.3659893566769922 __DUMMY__ 0.3274493670771752 neg 0.3065612762458328	false	0.5
rabiat	neg 1.0		off 0.3692649573746069 __DUMMY__ 0.32406906189273554 neg 0.30666598073265755	false	0.5
verlangsamung	neg 1.0		off 0.3836870138226648 __DUMMY__ 0.31668124205993115 neg 0.2996317441174041	false	0.5
ausgestorben	neg 1.0		off 0.3698432868311988 __DUMMY__ 0.3253268525513019 neg 0.30482986061749934	false	0.5
anklagen	neg 1.0		off 0.3693754093608689 __DUMMY__ 0.3251860227981953 neg 0.3054385678409358	false	0.5
trott	neg 1.0		off 0.3708701364961852 __DUMMY__ 0.3245211584195084 neg 0.30460870508430643	false	0.5
verminderung	neg 1.0		off 0.3765563068952325 __DUMMY__ 0.3203251733066792 neg 0.3031185197980883	false	0.5
nach			off 0.3612819952802096 __DUMMY__ 0.33067466733688683 neg 0.30804333738290346	false	0.0
rost	neg 1.0		off 0.3872342872301679 __DUMMY__ 0.318486298184443 neg 0.29427941458538914	false	0.5
destruktiv	neg 1.0		off 0.37024090548951544 __DUMMY__ 0.3239609232418083 neg 0.30579817126867626	false	0.5
unzumutbarkeit	neg 1.0		off 0.3778525790029108 __DUMMY__ 0.3217568998375957 neg 0.30039052115949344	false	0.5
labil	off 1.0	off 1.0	off 0.6777414837391315 neg 0.16725123847191625 __DUMMY__ 0.1550072777889523	false	1.0
ziemlich	neg 1.0		off 0.3770105840319493 __DUMMY__ 0.3220218576781493 neg 0.30096755828990135	false	0.5
lachnummer	off 1.0		off 0.3715800666991607 __DUMMY__ 0.324508999710631 neg 0.3039109335902083	false	1.0
oder			off 0.37155214937748166 __DUMMY__ 0.32459548813086364 neg 0.30385236249165465	false	0.0
verfall	neg 1.0		off 0.3616603444313863 __DUMMY__ 0.32753479471902663 neg 0.31080486084958703	false	0.5
ausgrenzung	neg 1.0		off 0.3725966970331827 __DUMMY__ 0.3226082578220102 neg 0.30479504514480704	false	0.5
unordnung	neg 1.0		off 0.3817576046483313 __DUMMY__ 0.3197339006731839 neg 0.29850849467848484	false	0.5
fehlverhalten	neg 1.0		off 0.3668964277696279 __DUMMY__ 0.3264353876590234 neg 0.3066681845713487	false	0.5
eine			off 0.36427558805669086 __DUMMY__ 0.32695191088187114 neg 0.30877250106143794	false	0.0
nille	neg 1.0		off 0.37176969012930006 __DUMMY__ 0.324894111542843 neg 0.30333619832785685	false	0.5
qual	neg 1.0		off 0.37040328900665215 __DUMMY__ 0.32452895254837255 neg 0.3050677584449754	false	0.5
verschwenden	neg 1.0		off 0.3655498857635701 __DUMMY__ 0.325403490030319 neg 0.3090466242061109	false	0.5
riesig	neg 1.0		off 0.36770593755186765 __DUMMY__ 0.3268657205633037 neg 0.30542834188482876	false	0.5
verurteilen	neg 1.0		off 0.3689834720182512 __DUMMY__ 0.32522459740397236 neg 0.30579193057777626	false	0.5
klischee	neg 1.0	neg 1.0	neg 0.6383969496716341 off 0.20674224373736866 __DUMMY__ 0.1548608065909972	false	1.0
diktatorisch	neg 1.0		off 0.37296511070264715 __DUMMY__ 0.3226923689290659 neg 0.3043425203682869	false	0.5
vorhersehbar	neg 1.0		off 0.37339203483833777 __DUMMY__ 0.3221652221595088 neg 0.3044427430021533	false	0.5
sowie			off 0.3811836763502428 __DUMMY__ 0.3177058077603516 neg 0.30111051588940546	false	0.0
stornieren	neg 1.0		off 0.3759524490307303 __DUMMY__ 0.3254857418738462 neg 0.2985618090954235	false	0.5
besteuerung	neg 1.0	neg 1.0	neg 0.6410176788809221 off 0.2042650880138477 __DUMMY__ 0.1547172331052301	false	1.0
ungeschminkt	neg 1.0		off 0.3785124378506406 __DUMMY__ 0.3206878701071063 neg 0.30079969204225326	false	0.5
kritisch	neg 1.0		off 0.36852749122907 __DUMMY__ 0.32551345770552526 neg 0.3059590510654048	false	0.5
schlamperei	off 1.0		off 0.36730868619150525 __DUMMY__ 0.3261440815800993 neg 0.30654723222839547	false	1.0
sucht	neg 1.0	neg 1.0	neg 0.6368377286101238 off 0.2063787323710421 __DUMMY__ 0.15678353901883413	false	1.0
egoistisch	off 1.0	off 1.0	off 0.6815672287688008 neg 0.16493089373134293 __DUMMY__ 0.1535018774998561	false	1.0
ausbeuter	off 1.0		off 0.3653882481388882 __DUMMY__ 0.3251341618330758 neg 0.30947759002803577	false	1.0
arschgeburt	off 1.0		off 0.3910697483412775 __DUMMY__ 0.3131894645189862 neg 0.29574078713973634	false	1.0
schubs	neg 1.0		off 0.3665631961024344 __DUMMY__ 0.3244852496039758 neg 0.30895155429358995	false	0.5
unsolide	neg 1.0		off 0.3735821476628452 __DUMMY__ 0.32266459189523494 neg 0.30375326044191997	false	0.5
beschwerde	neg 1.0		off 0.36915212653306134 __DUMMY__ 0.32563181646394374 neg 0.3052160570029949	false	0.5
stocken	neg 1.0		off 0.36769755171912 __DUMMY__ 0.32576394379476015 neg 0.30653850448611997	false	0.5
isolieren	neg 1.0		off 0.3679996524751772 __DUMMY__ 0.32443918113622633 neg 0.30756116638859654	false	0.5
unheilbar	neg 1.0		off 0.37062277223162626 __DUMMY__ 0.32404715875592904 neg 0.30533006901244475	false	0.5
pisser	off 1.0	off 1.0	off 0.6804399436095601 neg 0.16507388570117643 __DUMMY__ 0.15448617068926349	false	1.0
löschen	neg 1.0		off 0.3715454295063644 __DUMMY__ 0.324208435715526 neg 0.3042461347781094	false	0.5
durchfallen	neg 1.0		off 0.3684140159609056 __DUMMY__ 0.3257069634622277 neg 0.3058790205768666	false	0.5
wichser	off 1.0	off 1.0	off 0.6839279362867469 neg 0.16461998904286493 __DUMMY__ 0.15145207467038824	false	1.0
terror	neg 1.0		off 0.37436348427507465 __DUMMY__ 0.3229216371598181 neg 0.3027148785651072	false	0.5
krass	neg 1.0		off 0.38154880927359547 __DUMMY__ 0.3189296420839218 neg 0.2995215486424827	false	0.5
revolte	neg 1.0		off 0.37315838638608806 __DUMMY__ 0.3206785817481734 neg 0.3061630318657385	false	0.5
besorgt	neg 1.0		off 0.36944270077940583 __DUMMY__ 0.3262861988087424 neg 0.30427110041185174	false	0.5
nachlassen	neg 1.0		off 0.3683408143772293 __DUMMY__ 0.32656539867356194 neg 0.3050937869492088	false	0.5
alt	neg 1.0		off 0.3646720258431917 __DUMMY__ 0.3229351235991199 neg 0.3123928505576885	false	0.5
hundesohn	off 1.0	off 1.0	off 0.6836659327164172 neg 0.16432448921878554 __DUMMY__ 0.1520095780647973	false	1.0
als			off 0.3681093065535667 __DUMMY__ 0.3247519424672892 neg 0.30713875097914406	false	0.0
abschreckung	neg 1.0		off 0.3656203859606141 __DUMMY__ 0.32633308505523123 neg 0.3080465289841547	false	0.5
unqualifiziert	neg 1.0		off 0.3755153697539737 __DUMMY__ 0.32230167803185433 neg 0.3021829522141719	false	0.5
abgewichst	off 1.0		off 0.37091355522277053 __DUMMY__ 0.3250616607757913 neg 0.3040247840014381	false	1.0
schwer	neg 1.0		off 0.3697056117840212 __DUMMY__ 0.3242591742791759 neg 0.30603521393680283	false	0.5
bedeutungslosigkeit	neg 1.0		off 0.36630376274302373 __DUMMY__ 0.32628068058170034 neg 0.307415556675276	false	0.5
kapitulation	neg 1.0		off 0.3673936162517083 __DUMMY__ 0.32462372577804893 neg 0.3079826579702427	false	0.5
unscharf	neg 1.0		off 0.3709077848453001 __DUMMY__ 0.3208049460511617 neg 0.30828726910353815	false	0.5
schwinden	neg 1.0		off 0.3655686755816376 __DUMMY__ 0.32531744964441267 neg 0.30911387477394964	false	0.5
versklavung	neg 1.0	neg 1.0	neg 0.6391169836323738 off 0.20548078620354 __DUMMY__ 0.15540223016408616	false	1.0
schlecht	neg 1.0		off 0.3773084245795954 __DUMMY__ 0.322158600024232 neg 0.30053297539617246	false	0.5
verhasst	neg 1.0		off 0.3721846369888985 __DUMMY__ 0.32327689762411216 neg 0.3045384653869892	false	0.5
beschweren	neg 1.0		off 0.3732176126951476 __DUMMY__ 0.32402188362807366 neg 0.30276050367677876	false	0.5
scheiden	neg 1.0		off 0.37015423586980845 __DUMMY__ 0.32365128549636607 neg 0.30619447863382543	false	0.5
frustriert	neg 1.0		off 0.36942599682294297 __DUMMY__ 0.3251980482517033 neg 0.30537595492535385	false	0.5
schimmelig	neg 1.0		off 0.36657555006615195 __DUMMY__ 0.32419090182611 neg 0.3092335481077381	false	0.5
fisch	neg 1.0		off 0.3623597766228633 __DUMMY__ 0.32466760088908975 neg 0.312972622488047	false	0.5
schmuggel	neg 1.0		off 0.36563044046050214 __DUMMY__ 0.3281125359957029 neg 0.30625702354379497	false	0.5
auffallen	neg 1.0		off 0.3730803935612028 __DUMMY__ 0.32314329755319643 neg 0.3037763088856008	false	0.5
konkurrenz	neg 1.0		off 0.3662774767619377 __DUMMY__ 0.32708207736768125 neg 0.306640445870381	false	0.5
teufelskreis	neg 1.0	neg 1.0	neg 0.6407011873552894 off 0.20360683919871306 __DUMMY__ 0.15569197344599753	false	1.0
aufschreien	neg 1.0		off 0.3733164565285671 __DUMMY__ 0.322314429332088 neg 0.30436911413934487	false	0.5
schuldner	neg 1.0		off 0.36458598872086084 __DUMMY__ 0.32449262572971815 neg 0.31092138554942106	false	0.5
missgeburt	off 1.0	off 1.0	off 0.6836515428281258 neg 0.16292459514382798 __DUMMY__ 0.1534238620280462	false	1.0
arbeitslos	neg 1.0		off 0.3682123224879046 __DUMMY__ 0.32563025387591493 neg 0.3061574236361804	false	0.5
befallen	neg 1.0		off 0.3681154651138069 __DUMMY__ 0.32285032124431384 neg 0.3090342136418793	false	0.5
miesepetrig	off 1.0	off 1.0	off 0.6775896956220381 neg 0.1675649928656358 __DUMMY__ 0.15484531151232617	false	1.0
alarmieren	neg 1.0		off 0.3761493212817115 __DUMMY__ 0.3222950712963069 neg 0.3015556074219815	false	0.5
ungeduscht	off 1.0		off 0.37493660243370613 __DUMMY__ 0.32155559159872077 neg 0.30350780596757304	false	1.0
knappheit	neg 1.0		off 0.367125716011788 __DUMMY__ 0.3237117994611497 neg 0.3091624845270624	false	0.5
schlange	neg 1.0		off 0.3710329024454607 __DUMMY__ 0.3242075814020311 neg 0.30475951615250835	false	0.5
harsch	neg 1.0		off 0.3825585404730684 __DUMMY__ 0.32103150264594615 neg 0.2964099568809853	false	0.5
lang	neg 1.0		off 0.3723838383719976 __DUMMY__ 0.3239272327239017 neg 0.30368892890410065	false	0.5
ziellos	neg 1.0		off 0.3667812076572417 __DUMMY__ 0.3266591359400009 neg 0.30655965640275745	false	0.5
selbstverliebt	neg 1.0		off 0.3889083400992689 __DUMMY__ 0.31555347431207253 neg 0.2955381855886587	false	0.5
beseitigen	neg 1.0		off 0.37194642442418274 __DUMMY__ 0.3257648766762723 neg 0.30228869889954496	false	0.5
dumm	off 1.0		off 0.38347746252384735 __DUMMY__ 0.31779228561955947 neg 0.29873025185659313	false	1.0
arbeitsloser	neg 1.0		off 0.37002628610975163 __DUMMY__ 0.3275108920947924 neg 0.30246282179545597	false	0.5
blitzen	neg 1.0		off 0.3751265579920208 __DUMMY__ 0.32248065147681976 neg 0.3023927905311593	false	0.5
hilflos	neg 1.0		off 0.3681301681957238 __DUMMY__ 0.325381822776896 neg 0.3064880090273801	false	0.5
eklig	off 1.0		off 0.38308271739059413 __DUMMY__ 0.3165849179239958 neg 0.30033236468540997	false	1.0
begriff			off 0.37043476296302874 __DUMMY__ 0.324648939578359 neg 0.30491629745861226	false	0.0
hungersnot	neg 1.0		off 0.36740856279437745 __DUMMY__ 0.32395458206476146 neg 0.30863685514086103	false	0.5
ungesetzlich	neg 1.0		off 0.3726018255722123 __DUMMY__ 0.32237381101095713 neg 0.30502436341683076	false	0.5
verschwendung	neg 1.0		off 0.3661202556128881 __DUMMY__ 0.3261319681273435 neg 0.30774777625976846	false	0.5
schmerzvoll	neg 1.0		off 0.3716944350868307 __DUMMY__ 0.3229756508263872 neg 0.3053299140867821	false	0.5
vorzeitig	neg 1.0		off 0.37741438103112857 __DUMMY__ 0.32308410862149317 neg 0.2995015103473785	false	0.5
unvollkommenheit	neg 1.0		off 0.36969983781461957 __DUMMY__ 0.3254601761822929 neg 0.30483998600308765	false	0.5
intervenieren	neg 1.0		off 0.3659806877689679 __DUMMY__ 0.3247850026312406 neg 0.30923430959979153	false	0.5
banause	off 1.0		off 0.3835413477163809 __DUMMY__ 0.31455087766837553 neg 0.3019077746152436	false	1.0
rebell	neg 1.0		off 0.3614240039300295 __DUMMY__ 0.32655832610717384 neg 0.3120176699627967	false	0.5
unlogisch	neg 1.0		off 0.3792820658821607 __DUMMY__ 0.3200734922960147 neg 0.30064444182182454	false	0.5
leiden	neg 1.0		off 0.3665519633105056 __DUMMY__ 0.32847729950912236 neg 0.304970737180372	false	0.5
abschaffung	neg 1.0		off 0.3712091299381492 __DUMMY__ 0.32278578956081744 neg 0.3060050805010334	false	0.5
sturz	neg 1.0		off 0.375190917621193 __DUMMY__ 0.3257295126700957 neg 0.29907956970871125	false	0.5
verkleinerung	neg 1.0		off 0.3735648499266511 __DUMMY__ 0.3202507278889232 neg 0.3061844221844256	false	0.5
schmarotzer	off 1.0		off 0.36884114584613115 __DUMMY__ 0.32483971231964315 neg 0.3063191418342257	false	1.0
bestrafung	neg 1.0	neg 1.0	neg 0.6380670071774653 off 0.2054399068172312 __DUMMY__ 0.15649308600530354	false	1.0
achtlos	neg 1.0		off 0.3692409145746057 __DUMMY__ 0.3250224410257327 neg 0.30573664439966164	false	0.5
ungeheuer	neg 1.0		off 0.3699770722825982 __DUMMY__ 0.3227534076160283 neg 0.30726952010137354	false	0.5
unaufrichtig	neg 1.0		off 0.3758199546645217 __DUMMY__ 0.3226559980838332 neg 0.30152404725164517	false	0.5
groggy	neg 1.0		off 0.37490420239387195 __DUMMY__ 0.32346265021586584 neg 0.3016331473902623	false	0.5
verletzlich	neg 1.0		off 0.37465475650874547 __DUMMY__ 0.3197875179083027 neg 0.3055577255829518	false	0.5
ablehnen	neg 1.0		off 0.3680735504932824 __DUMMY__ 0.3254615277882936 neg 0.30646492171842404	false	0.5
