unsolidarisch	neg 1.0		__DUMMY__ 0.9221937629983853 off 0.04250002034849999 neg 0.03530621665311467	false	0.5
nachteilig	neg 1.0		__DUMMY__ 0.9295424169759332 off 0.038298043214390516 neg 0.03215953980967629	false	0.5
skeptisch	neg 1.0		__DUMMY__ 0.9287552395355164 off 0.037455812806653555 neg 0.03378894765782999	false	0.5
schrecklich	neg 1.0		__DUMMY__ 0.9182067258053973 off 0.04882899426391785 neg 0.03296427993068475	false	0.5
schlapp	neg 1.0	neg 1.0	neg 0.5009744370484511 __DUMMY__ 0.4576492342137303 off 0.04137632873781854	false	1.0
abfall	neg 1.0		__DUMMY__ 0.9318579964897182 off 0.03479939365704238 neg 0.03334260985323945	false	0.5
widerspenstig	neg 1.0		__DUMMY__ 0.92413585962979 off 0.04050809198234392 neg 0.03535604838786605	false	0.5
abrupt	neg 1.0		__DUMMY__ 0.927537638619528 off 0.036735256272921915 neg 0.03572710510755008	false	0.5
unwirksam	neg 1.0		__DUMMY__ 0.919624094797669 off 0.04179672227258026 neg 0.03857918292975074	false	0.5
angreifen	neg 1.0		__DUMMY__ 0.9287694118910603 off 0.037074133223211334 neg 0.034156454885728334	false	0.5
inkonsistent	neg 1.0		__DUMMY__ 0.9217663906132721 off 0.043264397004625824 neg 0.034969212382102106	false	0.5
abrutschen	neg 1.0		__DUMMY__ 0.9311808032837662 off 0.034526749651897115 neg 0.03429244706433664	false	0.5
unsicher	neg 1.0		__DUMMY__ 0.9258477744508276 off 0.04120939328737175 neg 0.03294283226180065	false	0.5
bauernkind	off 1.0	off 1.0	off 0.515804839774767 __DUMMY__ 0.4503470843598421 neg 0.03384807586539096	false	1.0
angreifer	neg 1.0		__DUMMY__ 0.9256820419639028 off 0.04451134384706166 neg 0.029806614189035522	false	0.5
trennen	neg 1.0		__DUMMY__ 0.9297633925018356 off 0.036590475475121106 neg 0.03364613202304335	false	0.5
schmutz	neg 1.0		__DUMMY__ 0.9276035128812601 off 0.04334017773900108 neg 0.02905630937973886	false	0.5
inkonsistenz	neg 1.0		__DUMMY__ 0.9216193013996961 off 0.04550345147521999 neg 0.032877247125083976	false	0.5
erschreckend	neg 1.0		__DUMMY__ 0.9254061447847567 off 0.04082712062126202 neg 0.03376673459398126	false	0.5
ertrinken	neg 1.0		__DUMMY__ 0.9279904101490803 off 0.036530078693978986 neg 0.03547951115694065	false	0.5
pickelface	off 1.0		__DUMMY__ 0.92564604950646 off 0.04166021153711921 neg 0.032693738956420824	false	1.0
seiner			__DUMMY__ 0.9293523149022249 off 0.03721187360288514 neg 0.03343581149488991	false	0.0
lauch	neg 1.0	neg 1.0	neg 0.5007471394692533 __DUMMY__ 0.46764623284132834 off 0.0316066276894184	false	1.0
unwichtig	neg 1.0		__DUMMY__ 0.9212580375537182 off 0.045434222274896484 neg 0.03330774017138539	false	0.5
steuerhinterziehung	neg 1.0		__DUMMY__ 0.9242424657287166 off 0.040962187331522466 neg 0.034795346939760996	false	0.5
schock	neg 1.0		__DUMMY__ 0.9260918961612894 off 0.03983301415375742 neg 0.03407508968495315	false	0.5
beule	neg 1.0		__DUMMY__ 0.9187393440798315 off 0.046947609984414454 neg 0.034313045935753995	false	0.5
vergelten	neg 1.0		__DUMMY__ 0.919027707610059 off 0.049872847788621485 neg 0.03109944460131954	false	0.5
verdorbenheit	neg 1.0		__DUMMY__ 0.925178111397446 off 0.04175528515560802 neg 0.03306660344694601	false	0.5
trauma	neg 1.0		__DUMMY__ 0.92342194170283 off 0.042470116132650344 neg 0.03410794216451959	false	0.5
sinnlos	neg 1.0		__DUMMY__ 0.9236068123168282 off 0.04299773360799463 neg 0.03339545407517723	false	0.5
fettsack	off 1.0	off 1.0	off 0.5169770120449371 __DUMMY__ 0.45113494143226834 neg 0.031888046522794575	false	1.0
feige	off 1.0	off 1.0	off 0.5124990986109748 __DUMMY__ 0.45634498684546193 neg 0.03115591454356327	false	1.0
abdanken	neg 1.0		__DUMMY__ 0.9258338110664274 off 0.04125145818141753 neg 0.0329147307521551	false	0.5
wichtigtuer	off 1.0	off 1.0	off 0.5098991252682356 __DUMMY__ 0.4597004351380261 neg 0.030400439593738317	false	1.0
misslingen	neg 1.0		__DUMMY__ 0.9284525268493597 off 0.04213699106362167 neg 0.02941048208701851	false	0.5
untreu	off 1.0		__DUMMY__ 0.9195565266200552 off 0.04649779017743432 neg 0.03394568320251051	false	1.0
missmutig	neg 1.0		__DUMMY__ 0.9210455154040894 off 0.04426034227677691 neg 0.03469414231913371	false	0.5
hurenbock	off 1.0		__DUMMY__ 0.9221199219657443 off 0.04119340624911176 neg 0.0366866717851438	false	1.0
betrunken	neg 1.0		__DUMMY__ 0.9182456989110249 off 0.04782077473282894 neg 0.0339335263561461	false	0.5
korrupt	off 1.0		__DUMMY__ 0.9234875110504808 off 0.040721058295615745 neg 0.03579143065390349	false	1.0
unmut	neg 1.0		__DUMMY__ 0.9299917394973348 off 0.03604865037052156 neg 0.033959610132143596	false	0.5
hackfresse	off 1.0		__DUMMY__ 0.9140953802300579 off 0.05263790100361642 neg 0.033266718766325636	false	1.0
aufblasen	neg 1.0		__DUMMY__ 0.9239876393679654 off 0.04136657596333993 neg 0.03464578466869472	false	0.5
gewaltsam	neg 1.0		__DUMMY__ 0.9272308446545269 off 0.040993596117839655 neg 0.031775559227633365	false	0.5
unbeliebtheit	neg 1.0		__DUMMY__ 0.9210681065984266 off 0.046616203285810204 neg 0.032315690115763115	false	0.5
sturheit	neg 1.0		__DUMMY__ 0.926946326400773 off 0.040818256589300946 neg 0.032235417009926014	false	0.5
kuh	neg 1.0		__DUMMY__ 0.9169097778136088 off 0.043567537142084826 neg 0.03952268504430634	false	0.5
erschrecken	neg 1.0		__DUMMY__ 0.9218945681242728 off 0.0446375478993562 neg 0.033467883976370905	false	0.5
opfer	neg 1.0		__DUMMY__ 0.9293772213731425 off 0.03853938474365518 neg 0.0320833938832023	false	0.5
sinken	neg 1.0		__DUMMY__ 0.928023502687098 off 0.036370478237867064 neg 0.03560601907503489	false	0.5
stinktier	neg 1.0		__DUMMY__ 0.9123013164032053 off 0.05084952934603506 neg 0.03684915425075968	false	0.5
tucke	off 1.0		__DUMMY__ 0.9095567419315711 off 0.0543604061867793 neg 0.03608285188164958	false	1.0
ein			__DUMMY__ 0.9228829770507575 off 0.04032719260157208 neg 0.03678983034767043	false	0.0
abstieg	neg 1.0		__DUMMY__ 0.9304346358456826 off 0.03957686774399027 neg 0.02998849641032708	false	0.5
missverstehen	neg 1.0		__DUMMY__ 0.9227485614418244 off 0.043789773133433484 neg 0.03346166542474223	false	0.5
ergebnislos	neg 1.0		__DUMMY__ 0.9304083650677683 off 0.03830195317320629 neg 0.031289681759025356	false	0.5
unter			__DUMMY__ 0.9364758020010474 neg 0.03243880686543237 off 0.0310853911335203	false	0.0
manipulieren	neg 1.0		__DUMMY__ 0.928905136758924 off 0.03785470027454943 neg 0.033240162966526605	false	0.5
unbewiesen	neg 1.0		__DUMMY__ 0.9232097278305373 off 0.042716913877687696 neg 0.03407335829177502	false	0.5
verschleppen	neg 1.0		__DUMMY__ 0.9264952180969945 off 0.039271077643948354 neg 0.034233704259057196	false	0.5
weib	off 1.0		__DUMMY__ 0.911648532586873 off 0.054594458016948934 neg 0.033757009396178136	false	1.0
opposition	neg 1.0		__DUMMY__ 0.9224122069171589 off 0.04248871419249173 neg 0.035099078890349404	false	0.5
verkehrswidrig	neg 1.0		__DUMMY__ 0.9212499299941039 off 0.049764240851314756 neg 0.028985829154581262	false	0.5
inkorrekt	neg 1.0		__DUMMY__ 0.9177486369800283 off 0.049044699751566646 neg 0.033206663268405025	false	0.5
vermeiden	neg 1.0		__DUMMY__ 0.9332859973137528 off 0.03388896868266514 neg 0.03282503400358203	false	0.5
abweichung	neg 1.0		__DUMMY__ 0.9276609304435911 off 0.03939564204107652 neg 0.032943427515332385	false	0.5
alkoholisiert	neg 1.0		__DUMMY__ 0.9331755373525035 off 0.036318956792548505 neg 0.030505505854948024	false	0.5
scheiss	off 1.0	off 1.0	off 0.512862502262846 __DUMMY__ 0.45577273440621074 neg 0.031364763330943186	false	1.0
herausforderung	neg 1.0		__DUMMY__ 0.9270874617300997 off 0.03927782395596529 neg 0.033634714313934916	false	0.5
pervers	off 1.0		__DUMMY__ 0.9102575860710784 off 0.056510884517789545 neg 0.03323152941113203	false	1.0
wackelig	neg 1.0		__DUMMY__ 0.9274625787751193 off 0.0387654787726503 neg 0.03377194245223042	false	0.5
verwickeln	neg 1.0		__DUMMY__ 0.9229375549511829 off 0.043081734303316604 neg 0.033980710745500534	false	0.5
vorwand	neg 1.0		__DUMMY__ 0.9294266004286146 off 0.03665432135081622 neg 0.03391907822056922	false	0.5
muschi	off 1.0		__DUMMY__ 0.9273387560250507 off 0.04074039498792043 neg 0.031920848987028926	false	1.0
entmutigung	neg 1.0		__DUMMY__ 0.9193083017820405 off 0.04381689634107375 neg 0.03687480187688582	false	0.5
unangemessen	neg 1.0		__DUMMY__ 0.926196783385191 off 0.040497565631292656 neg 0.03330565098351631	false	0.5
unstetig	neg 1.0		__DUMMY__ 0.9231037013651127 off 0.04445527941623846 neg 0.032441019218648906	false	0.5
entmutigen	neg 1.0		__DUMMY__ 0.9238069471126538 off 0.04207551396034562 neg 0.03411753892700064	false	0.5
schwanz	neg 1.0		__DUMMY__ 0.9283238991398995 off 0.03876519253827117 neg 0.03291090832182938	false	0.5
verbot	neg 1.0		__DUMMY__ 0.9248361100341365 off 0.040407594629468295 neg 0.03475629533639525	false	0.5
leid	neg 1.0		__DUMMY__ 0.9166915027551085 off 0.05010145324780158 neg 0.033207043997089986	false	0.5
archaisch	neg 1.0		__DUMMY__ 0.9259244557646845 off 0.0401851764251234 neg 0.03389036781019212	false	0.5
gegen			__DUMMY__ 0.931047486233908 off 0.036503452557941664 neg 0.03244906120815034	false	0.0
scheidung	neg 1.0		__DUMMY__ 0.9112421776782947 off 0.05955472717258269 neg 0.02920309514912256	false	0.5
einschlag	neg 1.0		__DUMMY__ 0.9214649170520538 off 0.04898163874554905 neg 0.02955344420239716	false	0.5
m			__DUMMY__ 0.9271616368487083 off 0.039292317270872124 neg 0.03354604588041961	false	0.0
abgestanden	neg 1.0		__DUMMY__ 0.9193208430935998 off 0.040704263297921865 neg 0.03997489360847825	false	0.5
schmierig	off 1.0		__DUMMY__ 0.9158325962378465 off 0.049915133539109875 neg 0.03425227022304364	false	1.0
unpraktisch	neg 1.0		__DUMMY__ 0.9247441990075351 off 0.042082143672401255 neg 0.033173657320063575	false	0.5
wixxer	off 1.0		__DUMMY__ 0.9087614043734049 off 0.05687980303089611 neg 0.034358792595698975	false	1.0
bezeichnet			__DUMMY__ 0.9255500769645124 off 0.041683568912207175 neg 0.032766354123280515	false	0.0
jammerlappen	off 1.0		__DUMMY__ 0.920668809274111 off 0.04570953500909645 neg 0.03362165571679255	false	1.0
farce	neg 1.0		__DUMMY__ 0.9232702469978268 off 0.04173322910277575 neg 0.034996523899397454	false	0.5
zwecklos	neg 1.0		__DUMMY__ 0.926022339103893 off 0.03970257019224845 neg 0.03427509070385862	false	0.5
turbulent	neg 1.0		__DUMMY__ 0.918596492466887 off 0.04730937925662325 neg 0.034094128276489756	false	0.5
invasion	neg 1.0		__DUMMY__ 0.922869421851184 off 0.04348441309266555 neg 0.03364616505615045	false	0.5
schuld	neg 1.0		__DUMMY__ 0.9240076278202367 off 0.042489068885354586 neg 0.033503303294408725	false	0.5
risiko	neg 1.0		__DUMMY__ 0.9215452992990096 off 0.04319788381751919 neg 0.035256816883471154	false	0.5
finster	neg 1.0		__DUMMY__ 0.9230282627049164 off 0.040392774994331235 neg 0.03657896230075227	false	0.5
geisteskrank	off 1.0		__DUMMY__ 0.9187311357570885 off 0.04794349676788206 neg 0.033325367475029455	false	1.0
zusammenbrechen	neg 1.0		__DUMMY__ 0.9254912863359845 off 0.03980949089911036 neg 0.03469922276490516	false	0.5
ausbeute	neg 1.0		__DUMMY__ 0.9280679858950981 off 0.03995239648409282 neg 0.03197961762080899	false	0.5
hinterhalt	neg 1.0		__DUMMY__ 0.9269810406852196 off 0.039807560007382316 neg 0.03321139930739808	false	0.5
kritik	neg 1.0		__DUMMY__ 0.9234599657576751 off 0.04154257037239913 neg 0.03499746386992577	false	0.5
einschrumpfen	neg 1.0		__DUMMY__ 0.919501408304889 off 0.04586910022709041 neg 0.034629491468020565	false	0.5
riskant	neg 1.0		__DUMMY__ 0.9280780458264299 off 0.03767176040566343 neg 0.034250193767906646	false	0.5
frustrieren	neg 1.0		__DUMMY__ 0.926913777807841 off 0.03845547637196513 neg 0.034630745820193855	false	0.5
groll	neg 1.0		__DUMMY__ 0.9272163328782416 off 0.03983768479859959 neg 0.032945982323158866	false	0.5
gibt			__DUMMY__ 0.9268163588015954 off 0.03947338951560377 neg 0.033710251682800785	false	0.0
qualvoll	neg 1.0		__DUMMY__ 0.922726964926557 off 0.0429596725909181 neg 0.03431336248252479	false	0.5
wackeln	neg 1.0		__DUMMY__ 0.924660652123073 off 0.04099359282715167 neg 0.03434575504977524	false	0.5
klagen	neg 1.0		__DUMMY__ 0.928578006959046 off 0.0369318998800044 neg 0.03449009316094961	false	0.5
bankrott	neg 1.0		__DUMMY__ 0.9227008571456897 off 0.04490810788216495 neg 0.03239103497214538	false	0.5
trauern	neg 1.0		__DUMMY__ 0.9317623846845464 off 0.03752321240491841 neg 0.030714402910535125	false	0.5
ablehnung	neg 1.0		__DUMMY__ 0.9240988926728032 off 0.04102715253533739 neg 0.03487395479185941	false	0.5
stur	neg 1.0		__DUMMY__ 0.9229931708469877 off 0.04246212474196927 neg 0.03454470441104302	false	0.5
aufruhr	neg 1.0		__DUMMY__ 0.9240956584440283 off 0.04158408300840435 neg 0.034320258547567324	false	0.5
melancholie	neg 1.0		__DUMMY__ 0.9260755258928856 neg 0.03708040990439768 off 0.03684406420271677	false	1.0
ist			__DUMMY__ 0.9235562566885461 off 0.04278770082736343 neg 0.03365604248409037	false	0.0
torheit	neg 1.0		__DUMMY__ 0.924094338122678 off 0.042622291127097554 neg 0.0332833707502244	false	0.5
dreckskind	off 1.0		__DUMMY__ 0.9130054158853086 off 0.05374788631307271 neg 0.03324669780161866	false	1.0
umtauschen	neg 1.0		__DUMMY__ 0.9254123897163855 off 0.040218907273605005 neg 0.03436870301000958	false	0.5
zum			__DUMMY__ 0.9360568356167551 off 0.03387912017504734 neg 0.030064044208197534	false	0.0
zersetzen	neg 1.0		__DUMMY__ 0.9270149420902329 off 0.037615213044561634 neg 0.035369844865205405	false	0.5
zur			__DUMMY__ 0.9332748604626518 off 0.03426103854803127 neg 0.03246410098931699	false	0.0
frust	neg 1.0		__DUMMY__ 0.9256908076097806 off 0.03966557309220665 neg 0.03464361929801275	false	0.5
unerbittlichkeit	neg 1.0		__DUMMY__ 0.9289829676271463 off 0.03826041047542289 neg 0.03275662189743084	false	0.5
zwei			__DUMMY__ 0.9329960680502015 off 0.033513463048461846 neg 0.033490468901336536	false	0.0
unkorrekt	neg 1.0		__DUMMY__ 0.9186108913478019 off 0.04773994591729474 neg 0.03364916273490327	false	0.5
hexe	off 1.0		__DUMMY__ 0.9182733056685234 off 0.04500904760901831 neg 0.036717646722458246	false	1.0
lasch	neg 1.0		__DUMMY__ 0.9211435274053804 off 0.04506119873949512 neg 0.03379527385512446	false	0.5
rivale	neg 1.0		__DUMMY__ 0.9190235694651517 off 0.048787732301306404 neg 0.03218869823354185	false	0.5
mutlos	off 1.0	off 1.0	off 0.5058452690056959 __DUMMY__ 0.46324763967152316 neg 0.03090709132278087	false	1.0
wirr	off 1.0		__DUMMY__ 0.9162465968812971 off 0.049423756256548025 neg 0.034329646862154804	false	1.0
jahr			__DUMMY__ 0.9331247423747147 off 0.037090021934553 neg 0.029785235690732277	false	0.0
wird			__DUMMY__ 0.927647258420565 off 0.03885510481463385 neg 0.03349763676480126	false	0.0
strafbar	neg 1.0		__DUMMY__ 0.9284072354433935 off 0.03816379848161951 neg 0.03342896607498698	false	0.5
erosion	neg 1.0		__DUMMY__ 0.9255878245820564 off 0.041284600551047816 neg 0.033127574866895874	false	0.5
eingehen	neg 1.0		__DUMMY__ 0.9267604723105716 off 0.0383460538477788 neg 0.03489347384164953	false	0.5
faul	off 1.0		__DUMMY__ 0.922003468066233 off 0.04454975705866861 neg 0.03344677487509836	false	1.0
provisorium	neg 1.0		__DUMMY__ 0.9369889563634192 neg 0.032007170676114235 off 0.031003872960466576	false	1.0
schmerzen	neg 1.0		__DUMMY__ 0.9243274000086668 off 0.039728820226978295 neg 0.03594377976435496	false	0.5
schrumpfen	neg 1.0		__DUMMY__ 0.9294663764723401 neg 0.03604655456111497 off 0.034487068966544875	false	1.0
geistlos	off 1.0		__DUMMY__ 0.9211751285946729 off 0.044241505629119805 neg 0.03458336577620735	false	1.0
fehlkauf	neg 1.0		__DUMMY__ 0.922533999213909 off 0.04353490187642916 neg 0.03393109890966185	false	0.5
frustrierend	neg 1.0		__DUMMY__ 0.9214893258405752 off 0.044637528878847296 neg 0.0338731452805775	false	0.5
unzufrieden	neg 1.0		__DUMMY__ 0.9265493866244727 off 0.0395400054770475 neg 0.03391060789847976	false	0.5
verzweifeln	neg 1.0		__DUMMY__ 0.9257735038417119 off 0.040528325958447964 neg 0.03369817019984009	false	0.5
verzweifelt	neg 1.0		__DUMMY__ 0.9229752204394424 off 0.04252271017645658 neg 0.03450206938410111	false	0.5
misstrauensantrag	neg 1.0		__DUMMY__ 0.9227324042419648 off 0.042847871897407463 neg 0.034419723860627686	false	0.5
abfallen	neg 1.0		__DUMMY__ 0.9241466965217153 off 0.041052309815237865 neg 0.03480099366304682	false	0.5
fucker	off 1.0		__DUMMY__ 0.9187548425740858 off 0.048612547599806565 neg 0.03263260982610761	false	1.0
ungezogen	neg 1.0		__DUMMY__ 0.9126728750008604 off 0.0544597701706837 neg 0.03286735482845585	false	0.5
irrsinnig	neg 1.0	neg 1.0	neg 0.5011627341380667 __DUMMY__ 0.46034985517234145 off 0.03848741068959182	false	1.0
unfassbar	neg 1.0		__DUMMY__ 0.9206352576312319 off 0.04641788141527014 neg 0.03294686095349795	false	0.5
hart	neg 1.0		__DUMMY__ 0.9180137870460818 off 0.04647017550959748 neg 0.035516037444320664	false	0.5
widerlich	off 1.0		__DUMMY__ 0.9197143531451424 off 0.046908147974539245 neg 0.03337749888031836	false	1.0
fatal	neg 1.0	neg 1.0	neg 0.5032598986832332 __DUMMY__ 0.45687135747287877 off 0.039868743843887965	false	1.0
bruch	neg 1.0		__DUMMY__ 0.9300100330649008 off 0.035709603444497806 neg 0.03428036349060145	false	0.5
aushungern	neg 1.0		__DUMMY__ 0.9245187524012684 off 0.04065686529705132 neg 0.03482438230168034	false	0.5
anspannung	neg 1.0		__DUMMY__ 0.9340683713855036 off 0.033836283571979146 neg 0.032095345042517265	false	0.5
von			__DUMMY__ 0.9296562252831211 off 0.03659151606752494 neg 0.03375225864935407	false	0.0
kraftlos	neg 1.0		__DUMMY__ 0.9266705835147795 off 0.03885629076712012 neg 0.034473125718100385	false	0.5
vom			__DUMMY__ 0.9378738044540241 off 0.03126554657669147 neg 0.030860648969284338	false	0.0
grenzdebil	off 1.0		__DUMMY__ 0.9192208715146742 off 0.04664262953531172 neg 0.034136498950013965	false	1.0
vor			__DUMMY__ 0.9302566310512052 off 0.03584639116577 neg 0.033896977783024765	false	0.0
unterwerfen	neg 1.0		__DUMMY__ 0.9285245613153741 off 0.03865220555241682 neg 0.03282323313220904	false	0.5
versenkung	neg 1.0		__DUMMY__ 0.9288087478249044 off 0.03832476318552204 neg 0.032866488989573533	false	0.5
entziehen	neg 1.0		__DUMMY__ 0.9295965286030037 off 0.03662188121161446 neg 0.0337815901853818	false	0.5
finanzkrise	neg 1.0		__DUMMY__ 0.9191341831902466 off 0.04124440356596463 neg 0.03962141324378873	false	0.5
schimpfend	neg 1.0		__DUMMY__ 0.9262154580283932 off 0.04142870527812236 neg 0.03235583669348435	false	0.5
profan	neg 1.0		__DUMMY__ 0.9222835297702101 off 0.04329336220015225 neg 0.03442310802963765	false	0.5
korruption	neg 1.0		__DUMMY__ 0.9241585678330296 off 0.04000322764108385 neg 0.03583820452588648	false	0.5
â			__DUMMY__ 0.9274012415628863 off 0.0387624473967741 neg 0.0338363110403395	false	0.0
schmutzig	neg 1.0		__DUMMY__ 0.9189751599319881 off 0.046774381982011656 neg 0.03425045808600024	false	0.5
sexy	neg 1.0		__DUMMY__ 0.9227836374143148 off 0.04451732410664967 neg 0.03269903847903551	false	0.5
abraten	neg 1.0		__DUMMY__ 0.924074088786842 off 0.04279771170436085 neg 0.03312819950879713	false	0.5
schwarz	neg 1.0		__DUMMY__ 0.9236752688224418 off 0.04322412402976619 neg 0.033100607147792074	false	0.5
fotze	off 1.0	off 1.0	off 0.5060113281054407 __DUMMY__ 0.46414874529563144 neg 0.0298399265989279	false	1.0
verwirren	neg 1.0		__DUMMY__ 0.9227073822637569 off 0.04356586197078951 neg 0.03372675576545356	false	0.5
zahnlos	off 1.0		__DUMMY__ 0.9258026943134267 off 0.04038940603494474 neg 0.03380789965162864	false	1.0
verheeren	neg 1.0		__DUMMY__ 0.9117074123507065 off 0.055871647078935646 neg 0.03242094057035787	false	0.5
hippie	neg 1.0		__DUMMY__ 0.9224081859123311 off 0.044333644731195124 neg 0.033258169356473806	false	0.5
rammen	neg 1.0		__DUMMY__ 0.9262624948383064 off 0.0412104611785851 neg 0.0325270439831085	false	0.5
unlauter	neg 1.0		__DUMMY__ 0.9223444960761711 off 0.043196352442751426 neg 0.03445915148107746	false	0.5
unheilvoll	neg 1.0		__DUMMY__ 0.9235820819396617 off 0.04192637100815877 neg 0.03449154705217957	false	0.5
niedrig	neg 1.0		__DUMMY__ 0.9254452113160005 off 0.03867036831621938 neg 0.03588442036778003	false	0.5
explosion	neg 1.0		__DUMMY__ 0.9230829243541065 off 0.04411665798108989 neg 0.032800417664803544	false	0.5
weichei	off 1.0	off 1.0	off 0.5164848524484366 __DUMMY__ 0.451187799358122 neg 0.03232734819344141	false	1.0
minusmensch	off 1.0		__DUMMY__ 0.9114781692836804 off 0.055928215136386815 neg 0.03259361557993274	false	1.0
farblos	neg 1.0		__DUMMY__ 0.9247763121236494 off 0.0417584978359214 neg 0.03346519004042916	false	0.5
unwissend	neg 1.0	neg 1.0	neg 0.501213375710877 __DUMMY__ 0.4573614745134201 off 0.04142514977570305	false	1.0
traurig	neg 1.0		__DUMMY__ 0.9186639635334832 off 0.04853049675569262 neg 0.03280553971082414	false	0.5
senkung	neg 1.0		__DUMMY__ 0.918498951554424 off 0.04375755427774931 neg 0.03774349416782677	false	0.5
ungleich	neg 1.0	neg 1.0	neg 0.5013026845331053 __DUMMY__ 0.4634092688947558 off 0.03528804657213876	false	1.0
heikel	neg 1.0		__DUMMY__ 0.9281942725723673 off 0.037770633517167446 neg 0.03403509391046533	false	0.5
drosselung	neg 1.0		__DUMMY__ 0.916975749373523 off 0.04669074403797759 neg 0.03633350658849938	false	0.5
falsch	neg 1.0		__DUMMY__ 0.9225623543715186 off 0.044681724126358326 neg 0.03275592150212308	false	0.5
unzufriedenheit	neg 1.0		__DUMMY__ 0.9269135999331095 off 0.03777123104878344 neg 0.035315169018107065	false	0.5
kurz	neg 1.0		__DUMMY__ 0.9279614530053794 off 0.03924369843387348 neg 0.032794848560747096	false	0.5
unsinnig	neg 1.0		__DUMMY__ 0.9240618587993787 off 0.040786401370664305 neg 0.0351517398299569	false	0.5
penner	off 1.0	off 1.0	off 0.5180446457244974 __DUMMY__ 0.4507097996640535 neg 0.03124555461144909	false	1.0
seicht	neg 1.0		__DUMMY__ 0.9102040579154865 off 0.05419732651672046 neg 0.03559861556779304	false	0.5
dummheit	off 1.0	off 1.0	off 0.5101108400504274 __DUMMY__ 0.4581600943860858 neg 0.03172906556348689	false	1.0
unerfreulich	neg 1.0		__DUMMY__ 0.9286766252272367 off 0.037453362611727256 neg 0.03387001216103606	false	0.5
motherfucker	off 1.0	off 1.0	off 0.5139495810045654 __DUMMY__ 0.45570440458666023 neg 0.03034601440877427	false	1.0
pikiert	neg 1.0		__DUMMY__ 0.9194914171265517 off 0.04600453697104355 neg 0.03450404590240477	false	0.5
wrack	neg 1.0		__DUMMY__ 0.9321653917834783 off 0.039058713201779775 neg 0.028775895014741842	false	0.5
gangster	neg 1.0		__DUMMY__ 0.9221627920550073 off 0.04446211035891895 neg 0.033375097586073786	false	0.5
krank	neg 1.0		__DUMMY__ 0.920509173103858 off 0.04642928028724763 neg 0.03306154660889423	false	0.5
reich	neg 1.0		__DUMMY__ 0.9178516902997343 off 0.044823278591049294 neg 0.03732503110921632	false	0.5
gnadenlos	neg 1.0		__DUMMY__ 0.9247389634426911 off 0.04228270539636176 neg 0.03297833116094704	false	0.5
niedergeschlagen	neg 1.0		__DUMMY__ 0.9277856017339877 off 0.03903721624223192 neg 0.03317718202378033	false	0.5
terrorisieren	off 1.0	off 1.0	off 0.5048942603040355 __DUMMY__ 0.4642299071457424 neg 0.03087583255022211	false	1.0
sinnlosigkeit	neg 1.0		__DUMMY__ 0.9263459694644008 off 0.03990919014982621 neg 0.03374484038577283	false	0.5
behindern	neg 1.0		__DUMMY__ 0.9248293201170077 off 0.04095392969468789 neg 0.03421675018830447	false	0.5
undemokratisch	neg 1.0		__DUMMY__ 0.9219732024198178 off 0.043712806669297354 neg 0.034313990910884835	false	0.5
wirtschaftskrise	neg 1.0		__DUMMY__ 0.9234474597125923 off 0.0396924249661655 neg 0.036860115321242025	false	0.5
neid	neg 1.0		__DUMMY__ 0.9219116460981732 off 0.04390436135890418 neg 0.034183992542922544	false	0.5
rutschen	neg 1.0		__DUMMY__ 0.9328469960151469 neg 0.03389843077199012 off 0.03325457321286305	false	1.0
rezession	neg 1.0		__DUMMY__ 0.9125879780431649 off 0.049077182727120104 neg 0.03833483922971489	false	0.5
fehlgeburt	neg 1.0		__DUMMY__ 0.9262521606948882 off 0.04109672443630463 neg 0.03265111486880717	false	0.5
charakterschwach	off 1.0		__DUMMY__ 0.9194526413752787 off 0.04659345222259427 neg 0.03395390640212693	false	1.0
isolation	neg 1.0		__DUMMY__ 0.9231480477839993 off 0.04450920338007828 neg 0.03234274883592241	false	0.5
ablenkung	neg 1.0		__DUMMY__ 0.9260302522779631 off 0.04097449722652676 neg 0.03299525049551007	false	0.5
pech	neg 1.0		__DUMMY__ 0.9211990235595073 off 0.044473431051229556 neg 0.03432754538926307	false	0.5
vermeidung	neg 1.0		__DUMMY__ 0.9188197496095013 off 0.04651198247345911 neg 0.03466826791703955	false	0.5
dominieren	neg 1.0		__DUMMY__ 0.9265508865876456 off 0.0400659857369615 neg 0.03338312767539278	false	0.5
schwindlig	neg 1.0		__DUMMY__ 0.923029487156763 off 0.04242550367634435 neg 0.034545009166892536	false	0.5
lutscher	neg 1.0		__DUMMY__ 0.9093754905900535 off 0.05541263966494549 neg 0.03521186974500096	false	0.5
pflicht	neg 1.0		__DUMMY__ 0.9300967979088756 off 0.03676427354643357 neg 0.03313892854469094	false	0.5
faschist	off 1.0		__DUMMY__ 0.9220671619306798 off 0.04490054740850197 neg 0.033032290660818205	false	1.0
verschleudern	neg 1.0		__DUMMY__ 0.9237635905616768 off 0.03855247380368697 neg 0.03768393563463629	false	0.5
wenn			__DUMMY__ 0.9205085515511084 off 0.04545185015310108 neg 0.03403959829579052	false	0.0
ehebruch	neg 1.0		__DUMMY__ 0.926534425917072 off 0.03918665468492322 neg 0.03427891939800471	false	0.5
spott	off 1.0		__DUMMY__ 0.9282065874640392 off 0.03904511941219478 neg 0.03274829312376605	false	1.0
trostlosigkeit	neg 1.0		__DUMMY__ 0.927890266986117 off 0.0366790192911728 neg 0.03543071372271012	false	0.5
lutschen	neg 1.0		__DUMMY__ 0.9227796939008467 off 0.0448263095777201 neg 0.03239399652143328	false	0.5
undiszipliniert	neg 1.0		__DUMMY__ 0.9186370744407323 off 0.0478495051957669 neg 0.03351342036350083	false	0.5
kopfschmerz	neg 1.0		__DUMMY__ 0.9243626460624982 off 0.03808996543136422 neg 0.03754738850613765	false	0.5
unvorhergesehen	neg 1.0		__DUMMY__ 0.9306108737543585 off 0.036155337842674176 neg 0.03323378840296735	false	0.5
desinteressiert	neg 1.0		__DUMMY__ 0.9188409410990002 off 0.047431654678103466 neg 0.03372740422289642	false	0.5
armselig	off 1.0		__DUMMY__ 0.9175150202164063 off 0.04949917292486939 neg 0.03298580685872441	false	1.0
desaster	neg 1.0		__DUMMY__ 0.9284351954161144 off 0.03634488895796347 neg 0.035219915625922214	false	0.5
tod	neg 1.0		__DUMMY__ 0.9287944372168824 off 0.03784064889767694 neg 0.03336491388544068	false	0.5
herzlos	neg 1.0		__DUMMY__ 0.9175709122734214 off 0.04890741040391348 neg 0.03352167732266514	false	0.5
unwissenheit	neg 1.0		__DUMMY__ 0.9264276009270422 off 0.039617040243952864 neg 0.033955358829004946	false	0.5
widersinnig	neg 1.0		__DUMMY__ 0.9227873672760548 off 0.04100263653163093 neg 0.03620999619231433	false	0.5
bedenklich	neg 1.0		__DUMMY__ 0.9263402129608391 off 0.038918196886136666 neg 0.03474159015302422	false	0.5
beanstanden	neg 1.0		__DUMMY__ 0.9303643263003296 off 0.0372418400732756 neg 0.03239383362639473	false	0.5
panisch	neg 1.0		__DUMMY__ 0.9243137752191025 off 0.04256657114900327 neg 0.033119653631894154	false	0.5
debil	off 1.0		__DUMMY__ 0.9353000697587341 neg 0.0332672626552611 off 0.0314326675860048	false	0.5
abstrich	neg 1.0		__DUMMY__ 0.9276449498867241 off 0.03892079334522965 neg 0.03343425676804628	false	0.5
primitiv	neg 1.0		__DUMMY__ 0.919107004498576 off 0.047667777016480894 neg 0.0332252184849432	false	0.5
abschaum	off 1.0	off 1.0	off 0.5122298812850766 __DUMMY__ 0.4585279152999963 neg 0.029242203414927052	false	1.0
provozieren	neg 1.0		__DUMMY__ 0.9235641600196329 off 0.04229604856848945 neg 0.0341397914118776	false	0.5
tot	neg 1.0		__DUMMY__ 0.9276959762674408 off 0.03898389310326815 neg 0.03332013062929095	false	0.5
instabil	neg 1.0		__DUMMY__ 0.9153254143646755 off 0.04970859423457264 neg 0.03496599140075183	false	0.5
schwuchtel	off 1.0	off 1.0	off 0.5239430482201204 __DUMMY__ 0.44555720299072055 neg 0.030499748789159238	false	1.0
zerren	neg 1.0		__DUMMY__ 0.9275421021621849 off 0.03913531454573396 neg 0.03332258329208119	false	0.5
kinderficker	off 1.0		__DUMMY__ 0.9154784976709577 off 0.05148814970102119 neg 0.033033352628021095	false	1.0
gefahr	neg 1.0		__DUMMY__ 0.929779873230725 off 0.0371242426328302 neg 0.03309588413644485	false	0.5
rabiat	neg 1.0		__DUMMY__ 0.9242342049913339 off 0.040765456103186444 neg 0.035000338905479614	false	0.5
verlangsamung	neg 1.0		__DUMMY__ 0.9128008953990727 off 0.053019163478995004 neg 0.034179941121932234	false	0.5
ausgestorben	neg 1.0		__DUMMY__ 0.926454751439891 off 0.04034992627230208 neg 0.03319532228780703	false	0.5
anklagen	neg 1.0		__DUMMY__ 0.9263071566096492 off 0.04018221045207887 neg 0.03351063293827181	false	0.5
trott	neg 1.0		__DUMMY__ 0.9252974293043398 off 0.04116877253565435 neg 0.03353379816000592	false	0.5
verminderung	neg 1.0		__DUMMY__ 0.9188350547976869 off 0.04648068882915119 neg 0.034684256373161956	false	0.5
nach			__DUMMY__ 0.935203609453906 neg 0.03253788319019148 off 0.03225850735590258	false	0.0
rost	neg 1.0		__DUMMY__ 0.9160435181268471 off 0.05377658542411636 neg 0.030179896449036393	false	0.5
destruktiv	neg 1.0		__DUMMY__ 0.9241706507481136 off 0.04137499525135146 neg 0.03445435400053491	false	0.5
unzumutbarkeit	neg 1.0		__DUMMY__ 0.921244692057076 off 0.04653997222413168 neg 0.03221533571879234	false	0.5
labil	off 1.0	off 1.0	off 0.5116966881176608 __DUMMY__ 0.45766263752365877 neg 0.0306406743586805	false	1.0
ziemlich	neg 1.0		__DUMMY__ 0.9214212334497037 off 0.04608422961348078 neg 0.032494536936815525	false	0.5
lachnummer	off 1.0		__DUMMY__ 0.9248838659278593 off 0.04203550670513346 neg 0.033080627367007315	false	1.0
oder			__DUMMY__ 0.9255118812161219 off 0.04151511145384671 neg 0.03297300733003135	false	0.0
verfall	neg 1.0		__DUMMY__ 0.9298561473084862 neg 0.03561348740470695 off 0.03453036528680694	false	1.0
ausgrenzung	neg 1.0		__DUMMY__ 0.9220197105946258 off 0.0435861011897371 neg 0.03439418821563707	false	0.5
unordnung	neg 1.0		__DUMMY__ 0.9179836624792247 off 0.049889689343714475 neg 0.03212664817706086	false	0.5
fehlverhalten	neg 1.0		__DUMMY__ 0.9280102517509312 off 0.03827105125823947 neg 0.033718696990829314	false	0.5
eine			__DUMMY__ 0.9289312642923967 off 0.03626997284434125 neg 0.03479876286326209	false	0.0
nille	neg 1.0		__DUMMY__ 0.9257336333985406 off 0.04169958290171115 neg 0.032566783699748164	false	0.5
qual	neg 1.0		__DUMMY__ 0.925281420356857 off 0.04092349215534524 neg 0.03379508748779768	false	0.5
verschwenden	neg 1.0		__DUMMY__ 0.9265208451236728 off 0.037798608052266695 neg 0.03568054682406056	false	0.5
riesig	neg 1.0		__DUMMY__ 0.929565203234898 off 0.037716299785114316 neg 0.03271849697998775	false	0.5
verurteilen	neg 1.0		__DUMMY__ 0.9261368213734784 off 0.04010448879080826 neg 0.033758689835713326	false	0.5
klischee	neg 1.0	neg 1.0	neg 0.5018790867122163 __DUMMY__ 0.45722629980750307 off 0.04089461348028077	false	1.0
diktatorisch	neg 1.0		__DUMMY__ 0.9220708454156942 off 0.04383756950429389 neg 0.03409158508001198	false	0.5
vorhersehbar	neg 1.0		__DUMMY__ 0.921234543027392 off 0.0441932644668215 neg 0.03457219250578645	false	0.5
sowie			__DUMMY__ 0.91437378958045 off 0.050832190988025105 neg 0.034794019431524895	false	0.0
stornieren	neg 1.0		__DUMMY__ 0.9272712837688033 off 0.043473479349300126 neg 0.029255236881896563	false	0.5
besteuerung	neg 1.0	neg 1.0	neg 0.5044328440684607 __DUMMY__ 0.45723985361846575 off 0.03832730231307363	false	1.0
ungeschminkt	neg 1.0		__DUMMY__ 0.9197538924945211 off 0.047157614026837526 neg 0.033088493478641484	false	0.5
kritisch	neg 1.0		__DUMMY__ 0.9265253750151315 off 0.03971863815756048 neg 0.03375598682730798	false	0.5
schlamperei	off 1.0		__DUMMY__ 0.9277251865585565 off 0.038574737253366555 neg 0.03370007618807698	false	1.0
sucht	neg 1.0	neg 1.0	neg 0.4985987975827432 __DUMMY__ 0.4632714838277498 off 0.03812971858950689	false	1.0
egoistisch	off 1.0	off 1.0	off 0.5164005114808952 __DUMMY__ 0.4540015080609271 neg 0.02959798045817768	false	1.0
ausbeuter	off 1.0		__DUMMY__ 0.9258668540535993 off 0.038115548872196814 neg 0.03601759707420396	false	1.0
arschgeburt	off 1.0		__DUMMY__ 0.9068839899092239 off 0.05931525463550274 neg 0.03380075545527338	false	1.0
schubs	neg 1.0		__DUMMY__ 0.9257980504428618 off 0.03817282004064144 neg 0.03602912951649685	false	0.5
unsolide	neg 1.0		__DUMMY__ 0.9222186369704358 off 0.044025079578008074 neg 0.03375628345155618	false	0.5
beschwerde	neg 1.0		__DUMMY__ 0.9269416676807533 off 0.039891325575426184 neg 0.03316700674382055	false	0.5
stocken	neg 1.0		__DUMMY__ 0.927184217055736 off 0.038961741890202795 neg 0.033854041054061194	false	0.5
isolieren	neg 1.0		__DUMMY__ 0.9250578393611488 off 0.039858014149171464 neg 0.03508414648967973	false	0.5
unheilbar	neg 1.0		__DUMMY__ 0.9242906717590393 off 0.04164537787191185 neg 0.034063950369048836	false	0.5
pisser	off 1.0	off 1.0	off 0.5143828709278283 __DUMMY__ 0.45670329698509937 neg 0.02891383208707229	false	1.0
löschen	neg 1.0		__DUMMY__ 0.9247501315549191 off 0.0418228691534445 neg 0.033426999291636256	false	0.5
durchfallen	neg 1.0		__DUMMY__ 0.9269646898524271 off 0.039384987692385735 neg 0.03365032245518707	false	0.5
wichser	off 1.0	off 1.0	off 0.520549018203656 __DUMMY__ 0.448488339838076 neg 0.03096264195826794	false	1.0
terror	neg 1.0		__DUMMY__ 0.9229301003718595 off 0.043916187778922686 neg 0.03315371184921782	false	0.5
krass	neg 1.0		__DUMMY__ 0.9168230832389228 off 0.04996974616759599 neg 0.03320717059348128	false	0.5
revolte	neg 1.0		__DUMMY__ 0.9187525545473815 off 0.04500432569044274 neg 0.036243119762175806	false	0.5
besorgt	neg 1.0		__DUMMY__ 0.9280529891652408 off 0.039571268933126055 neg 0.03237574190163312	false	0.5
nachlassen	neg 1.0		__DUMMY__ 0.928719046616202 off 0.03857684949897245 neg 0.032704103884825544	false	0.5
alt	neg 1.0		__DUMMY__ 0.9232372005574178 neg 0.03888052146518532 off 0.037882277977396885	false	1.0
hundesohn	off 1.0	off 1.0	off 0.520050364420959 __DUMMY__ 0.44976123436791254 neg 0.03018840121112854	false	1.0
als			__DUMMY__ 0.9253892510872561 off 0.03970960039928429 neg 0.0349011485134596	false	0.0
abschreckung	neg 1.0		__DUMMY__ 0.9278491962408482 off 0.03760912513325489 neg 0.034541678625897	false	0.5
unqualifiziert	neg 1.0		__DUMMY__ 0.9214879136168174 off 0.04537534671482464 neg 0.033136739668357985	false	0.5
abgewichst	off 1.0		__DUMMY__ 0.9261600831384746 off 0.040949662662514784 neg 0.03289025419901058	false	1.0
schwer	neg 1.0		__DUMMY__ 0.9245448550961071 off 0.040928507716686 neg 0.03452663718720692	false	0.5
bedeutungslosigkeit	neg 1.0		__DUMMY__ 0.9277539182440485 off 0.03801959486174543 neg 0.03422648689420611	false	0.5
kapitulation	neg 1.0		__DUMMY__ 0.9251250569794257 off 0.03954260175797354 neg 0.035332341262600736	false	0.5
unscharf	neg 1.0		__DUMMY__ 0.9198884673241667 off 0.042571918474635345 neg 0.03753961420119788	false	0.5
schwinden	neg 1.0		__DUMMY__ 0.9263343186219513 off 0.03806416808723197 neg 0.03560151329081684	false	0.5
versklavung	neg 1.0	neg 1.0	neg 0.5020271162731329 __DUMMY__ 0.4586413443690554 off 0.0393315393578118	false	1.0
schlecht	neg 1.0		__DUMMY__ 0.921547978034958 off 0.04626682437424904 neg 0.03218519759079302	false	0.5
verhasst	neg 1.0		__DUMMY__ 0.9230303358147456 off 0.04290867598100197 neg 0.03406098820425241	false	0.5
beschweren	neg 1.0		__DUMMY__ 0.9243519627130423 off 0.04301000503223303 neg 0.032638032254724676	false	0.5
scheiden	neg 1.0		__DUMMY__ 0.924307392081047 off 0.04094977430171275 neg 0.03474283361724035	false	0.5
frustriert	neg 1.0		__DUMMY__ 0.9261221215252825 off 0.04027377138998382 neg 0.03360410708473376	false	0.5
schimmelig	neg 1.0		__DUMMY__ 0.9255663687983389 off 0.038097970415760046 neg 0.03633566078590111	false	0.5
fisch	neg 1.0		__DUMMY__ 0.9263976030788976 neg 0.03825371716595516 off 0.03534867975514724	false	1.0
schmuggel	neg 1.0		__DUMMY__ 0.9310494601220569 off 0.036366778322386065 neg 0.03258376155555702	false	0.5
auffallen	neg 1.0		__DUMMY__ 0.9229817888022739 off 0.043359241068976026 neg 0.03365897012875001	false	0.5
konkurrenz	neg 1.0		__DUMMY__ 0.9289830079572706 off 0.03765755663498321 neg 0.03335943540774617	false	0.5
teufelskreis	neg 1.0	neg 1.0	neg 0.5034342071407544 __DUMMY__ 0.45924268504814836 off 0.03732310781109724	false	1.0
aufschreien	neg 1.0		__DUMMY__ 0.9215695412501298 off 0.04398222961533271 neg 0.034448229134537434	false	0.5
schuldner	neg 1.0		__DUMMY__ 0.925022657034058 off 0.037857813302107635 neg 0.037119529663834444	false	0.5
missgeburt	off 1.0	off 1.0	off 0.5183383616392667 __DUMMY__ 0.45399721226679873 neg 0.027664426093934463	false	1.0
arbeitslos	neg 1.0		__DUMMY__ 0.9267260550774028 off 0.039403369107857404 neg 0.03387057581473975	false	0.5
befallen	neg 1.0		__DUMMY__ 0.9223853430536938 off 0.04080433754887562 neg 0.036810319397430555	false	0.5
miesepetrig	off 1.0	off 1.0	off 0.5111219267163478 __DUMMY__ 0.45782701610705356 neg 0.031051057176598704	false	1.0
alarmieren	neg 1.0		__DUMMY__ 0.9216158029952896 off 0.04577503189915758 neg 0.032609165105552895	false	0.5
ungeduscht	off 1.0		__DUMMY__ 0.9212780160884773 off 0.044474506418678283 neg 0.03424747749284445	false	1.0
knappheit	neg 1.0		__DUMMY__ 0.9239258747390552 off 0.039674652692175516 neg 0.03639947256876923	false	0.5
schlange	neg 1.0		__DUMMY__ 0.9248287827694114 off 0.04143909493387669 neg 0.0337321222967119	false	0.5
harsch	neg 1.0		__DUMMY__ 0.9200069638947994 off 0.049724410163144335 neg 0.030268625942056322	false	0.5
lang	neg 1.0		__DUMMY__ 0.9242545999649935 off 0.04247913006961788 neg 0.03326626996538859	false	0.5
ziellos	neg 1.0		__DUMMY__ 0.9285845907001524 off 0.03786183184697864 neg 0.033553577452868966	false	0.5
selbstverliebt	neg 1.0		__DUMMY__ 0.9109630362626593 off 0.056506720845138025 neg 0.03253024289220262	false	0.5
beseitigen	neg 1.0		__DUMMY__ 0.9276011624118611 off 0.0411344544756656 neg 0.031264383112473315	false	0.5
dumm	off 1.0		__DUMMY__ 0.9146325641807151 off 0.052047179397523166 neg 0.03332025642176164	false	1.0
arbeitsloser	neg 1.0		__DUMMY__ 0.9298508046384064 off 0.03949213935651061 neg 0.030657056005082894	false	0.5
blitzen	neg 1.0		__DUMMY__ 0.9219806171186955 off 0.04481774317707933 neg 0.03320163970422514	false	0.5
hilflos	neg 1.0		__DUMMY__ 0.9265441745287153 off 0.039279747667355897 neg 0.03417607780392886	false	0.5
eklig	off 1.0		__DUMMY__ 0.9127840989111612 off 0.052361581592522466 neg 0.03485431949631637	false	1.0
begriff			__DUMMY__ 0.925314854986093 off 0.041104940433265603 neg 0.03358020458064137	false	0.0
hungersnot	neg 1.0		__DUMMY__ 0.9243336684329606 off 0.03969430216459194 neg 0.03597202940244744	false	0.5
ungesetzlich	neg 1.0		__DUMMY__ 0.9213495728504043 off 0.043975831312953774 neg 0.03467459583664198	false	0.5
verschwendung	neg 1.0		__DUMMY__ 0.9276360597662766 off 0.03784179146226079 neg 0.03452214877146269	false	0.5
schmerzvoll	neg 1.0		__DUMMY__ 0.9226762636110869 off 0.042652671853721597 neg 0.03467106453519149	false	0.5
vorzeitig	neg 1.0		__DUMMY__ 0.9231939937169524 off 0.04573194086092911 neg 0.031074065422118345	false	0.5
unvollkommenheit	neg 1.0		__DUMMY__ 0.9270792211176381 off 0.03988995106173436 neg 0.03303082782062763	false	0.5
intervenieren	neg 1.0		__DUMMY__ 0.925317927450954 off 0.038659296034600124 neg 0.0360227765144459	false	0.5
banause	off 1.0		__DUMMY__ 0.9094322439266564 off 0.05375068984145968 neg 0.03681706623188389	false	1.0
rebell	neg 1.0		__DUMMY__ 0.9289050521639519 neg 0.03687151024823908 off 0.03422343758780899	false	1.0
unlogisch	neg 1.0		__DUMMY__ 0.9182773055892726 off 0.04840351508712644 neg 0.03331917932360097	false	0.5
leiden	neg 1.0		__DUMMY__ 0.9321784422926541 off 0.03620284360646031 neg 0.03161871410088555	false	0.5
abschaffung	neg 1.0		__DUMMY__ 0.9225157014368865 off 0.04248006041696473 neg 0.035004238146148774	false	0.5
sturz	neg 1.0		__DUMMY__ 0.9273594799325419 off 0.04311030066495621 neg 0.029530219402501903	false	0.5
verkleinerung	neg 1.0		__DUMMY__ 0.9182999805077117 off 0.04526151086198965 neg 0.03643850863029865	false	0.5
schmarotzer	off 1.0		__DUMMY__ 0.9254765411819009 off 0.04021035555720023 neg 0.03431310326089893	false	1.0
bestrafung	neg 1.0	neg 1.0	neg 0.500185508212673 __DUMMY__ 0.4616542252337347 off 0.03816026655359234	false	1.0
achtlos	neg 1.0		__DUMMY__ 0.9259962593370203 off 0.04012586138525175 neg 0.03387787927772789	false	0.5
ungeheuer	neg 1.0		__DUMMY__ 0.9226091085254484 off 0.04156514610912271 neg 0.03582574536542887	false	0.5
