unsolidarisch	neg 1.0		off 0.524943185792743 neg 0.4341974265098525 __DUMMY__ 0.040859387697404506	false	0.5
nachteilig	neg 1.0		off 0.5243471503939531 neg 0.4342278557609481 __DUMMY__ 0.041424993845098894	false	0.5
skeptisch	neg 1.0		off 0.5220511091941041 neg 0.4365607217376645 __DUMMY__ 0.041388169068231354	false	0.5
schrecklich	neg 1.0		off 0.5331978970231055 neg 0.4263233503194135 __DUMMY__ 0.04047875265748088	false	0.5
schlapp	neg 1.0	neg 1.0	neg 0.6988066634228774 off 0.28183826262935746 __DUMMY__ 0.01935507394776505	false	1.0
abfall	neg 1.0		off 0.5199813386107338 neg 0.4383872501105988 __DUMMY__ 0.041631411278667436	false	0.5
widerspenstig	neg 1.0		off 0.5238183829045406 neg 0.4352145299236071 __DUMMY__ 0.040967087171852226	false	0.5
abrupt	neg 1.0		off 0.5199645952440699 neg 0.43879128005899004 __DUMMY__ 0.04124412469694001	false	0.5
unwirksam	neg 1.0		off 0.5218303375286796 neg 0.4375557628473591 __DUMMY__ 0.040613899623961315	false	0.5
angreifen	neg 1.0		off 0.5212821220549589 neg 0.43731546957949896 __DUMMY__ 0.04140240836554209	false	0.5
inkonsistent	neg 1.0		off 0.526720610040788 neg 0.43251653061864215 __DUMMY__ 0.04076285934056981	false	0.5
abrutschen	neg 1.0		off 0.5189957992880322 neg 0.4394184275890405 __DUMMY__ 0.041585773122927536	false	0.5
unsicher	neg 1.0		off 0.5262120204410429 neg 0.43264385225873053 __DUMMY__ 0.04114412730022648	false	0.5
bauernkind	off 1.0	off 1.0	off 0.752780208895855 neg 0.22822049887426268 __DUMMY__ 0.01899929222988244	false	1.0
angreifer	neg 1.0		off 0.5318611291796805 neg 0.4270332801035183 __DUMMY__ 0.04110559071680124	false	0.5
trennen	neg 1.0		off 0.521605665064048 neg 0.4369308378069896 __DUMMY__ 0.04146349712896243	false	0.5
schmutz	neg 1.0		off 0.5317469150796406 neg 0.42705335941148953 __DUMMY__ 0.04119972550886983	false	0.5
inkonsistenz	neg 1.0		off 0.5301682950302116 neg 0.4290538308745096 __DUMMY__ 0.0407778740952789	false	0.5
erschreckend	neg 1.0		off 0.5250273138891015 neg 0.4338544957494937 __DUMMY__ 0.04111819036140487	false	0.5
ertrinken	neg 1.0		off 0.5197614751804766 neg 0.4389172083965783 __DUMMY__ 0.04132131642294527	false	0.5
pickelface	off 1.0		off 0.5270565721167445 neg 0.4318397132636893 __DUMMY__ 0.04110371461956616	false	1.0
seiner			off 0.5222439219117643 neg 0.43631740613279313 __DUMMY__ 0.04143867195544262	false	0.0
lauch	neg 1.0	neg 1.0	neg 0.70330465864353 off 0.2768521360931341 __DUMMY__ 0.019843205263335977	false	1.0
unwichtig	neg 1.0		off 0.5297777509901238 neg 0.4294684207777729 __DUMMY__ 0.040753828232103245	false	0.5
steuerhinterziehung	neg 1.0		off 0.5241047468946345 neg 0.4348909907858441 __DUMMY__ 0.041004262319521374	false	0.5
schock	neg 1.0		off 0.5241111738514883 neg 0.4347272387878611 __DUMMY__ 0.0411615873606506	false	0.5
beule	neg 1.0		off 0.5305987030029051 neg 0.4289112840843375 __DUMMY__ 0.04049001291275723	false	0.5
vergelten	neg 1.0		off 0.5355035694734003 neg 0.42395368893905216 __DUMMY__ 0.04054274158754754	false	0.5
verdorbenheit	neg 1.0		off 0.5272164094441694 neg 0.4317522808819207 __DUMMY__ 0.04103130967391	false	0.5
trauma	neg 1.0		off 0.5264634604750172 neg 0.432599034092298 __DUMMY__ 0.04093750543268482	false	0.5
sinnlos	neg 1.0		off 0.527417621387914 neg 0.4316292795250695 __DUMMY__ 0.04095309908701644	false	0.5
fettsack	off 1.0	off 1.0	off 0.7542934903075783 neg 0.2266628516215225 __DUMMY__ 0.0190436580708992	false	1.0
feige	off 1.0	off 1.0	off 0.752063334869314 neg 0.22861525406267874 __DUMMY__ 0.01932141106800736	false	1.0
abdanken	neg 1.0		off 0.5259876141296305 neg 0.4328663405771584 __DUMMY__ 0.041146045293211135	false	0.5
wichtigtuer	off 1.0	off 1.0	off 0.751115813409982 neg 0.2294035081355296 __DUMMY__ 0.019480678454488462	false	1.0
misslingen	neg 1.0		off 0.530470525406588 neg 0.42824386363741845 __DUMMY__ 0.041285610955993535	false	0.5
untreu	off 1.0		off 0.5301171776784344 neg 0.4292649317560654 __DUMMY__ 0.040617890565500206	false	1.0
missmutig	neg 1.0		off 0.5275202805268435 neg 0.4317552921622857 __DUMMY__ 0.04072442731087085	false	0.5
hurenbock	off 1.0		off 0.5233940092919754 neg 0.4358308244360227 __DUMMY__ 0.0407751662720018	false	1.0
betrunken	neg 1.0		off 0.5315331241253753 neg 0.42799029794413956 __DUMMY__ 0.04047657793048501	false	0.5
korrupt	off 1.0		off 0.5229353198344328 neg 0.43609625575291083 __DUMMY__ 0.04096842441265652	false	1.0
unmut	neg 1.0		off 0.5205261858053074 neg 0.4379764976840099 __DUMMY__ 0.04149731651068265	false	0.5
hackfresse	off 1.0		off 0.5364018597044091 neg 0.4234626168557592 __DUMMY__ 0.04013552343983168	false	1.0
aufblasen	neg 1.0		off 0.5250446293932313 neg 0.43399135336950323 __DUMMY__ 0.040964017237265365	false	0.5
gewaltsam	neg 1.0		off 0.5271172304998719 neg 0.43165298287544046 __DUMMY__ 0.04122978662468756	false	0.5
unbeliebtheit	neg 1.0		off 0.5314851113138582 neg 0.42780297155748553 __DUMMY__ 0.04071191712865615	false	0.5
sturheit	neg 1.0		off 0.5262538699242616 neg 0.43250743296873484 __DUMMY__ 0.04123869710700357	false	0.5
kuh	neg 1.0		off 0.5231116441178192 neg 0.4365364819774819 __DUMMY__ 0.040351873904698916	false	0.5
erschrecken	neg 1.0		off 0.5288849729876649 neg 0.430313852501416 __DUMMY__ 0.0408011745109191	false	0.5
opfer	neg 1.0		off 0.5245528955427642 neg 0.4340140169831068 __DUMMY__ 0.04143308747412896	false	0.5
sinken	neg 1.0		off 0.5193826583784671 neg 0.43930648576438974 __DUMMY__ 0.04131085585714321	false	0.5
stinktier	neg 1.0		off 0.531604885026663 neg 0.4284013895127696 __DUMMY__ 0.03999372546056727	false	0.5
tucke	off 1.0		off 0.535590234280785 neg 0.42465817418317275 __DUMMY__ 0.03975159153604232	false	1.0
ein			off 0.5223228285349476 neg 0.43680168337648395 __DUMMY__ 0.04087548808856841	false	0.0
abstieg	neg 1.0		off 0.5272501038839502 neg 0.43124989016083887 __DUMMY__ 0.041500005955210695	false	0.5
missverstehen	neg 1.0		off 0.5280568643464827 neg 0.4310584087593168 __DUMMY__ 0.040884726894200564	false	0.5
ergebnislos	neg 1.0		off 0.5249623070153707 neg 0.4335403877608589 __DUMMY__ 0.04149730522377023	false	0.5
unter			off 0.5177994864792477 neg 0.44019738371027395 __DUMMY__ 0.042003129810478414	false	0.0
manipulieren	neg 1.0		off 0.5227061489118614 neg 0.4358961655445952 __DUMMY__ 0.041397685543543304	false	0.5
unbewiesen	neg 1.0		off 0.5261576764038395 neg 0.43290517837054926 __DUMMY__ 0.040937145225611336	false	0.5
verschleppen	neg 1.0		off 0.523068942538061 neg 0.43574244894852165 __DUMMY__ 0.041188608513417234	false	0.5
weib	off 1.0		off 0.5376084707873359 neg 0.42245576745773544 __DUMMY__ 0.03993576175492877	false	1.0
opposition	neg 1.0		off 0.5257252717316474 neg 0.43345522841468903 __DUMMY__ 0.040819499853663496	false	0.5
verkehrswidrig	neg 1.0		off 0.5379437949510332 neg 0.42138039591862775 __DUMMY__ 0.040675809130339136	false	0.5
inkorrekt	neg 1.0		off 0.5328712683001671 neg 0.4266585802615578 __DUMMY__ 0.0404701514382753	false	0.5
vermeiden	neg 1.0		off 0.5199087765591706 neg 0.43836837847670207 __DUMMY__ 0.041722844964127336	false	0.5
abweichung	neg 1.0		off 0.5245613612927571 neg 0.4341682847190676 __DUMMY__ 0.04127035398817533	false	0.5
alkoholisiert	neg 1.0		off 0.5248493646588194 neg 0.4335040405015379 __DUMMY__ 0.041646594839642594	false	0.5
scheiss	off 1.0	off 1.0	off 0.7526185317603892 neg 0.22812845470081514 __DUMMY__ 0.01925301353879571	false	1.0
herausforderung	neg 1.0		off 0.5237821109063785 neg 0.4349790274425577 __DUMMY__ 0.041238861651063996	false	0.5
pervers	off 1.0		off 0.5398539429860306 neg 0.42032531428487896 __DUMMY__ 0.039820742729090315	false	1.0
wackelig	neg 1.0		off 0.5236224121813313 neg 0.43513436380918125 __DUMMY__ 0.04124322400948742	false	0.5
verwickeln	neg 1.0		off 0.526924847576295 neg 0.4321658733726686 __DUMMY__ 0.040909279051036467	false	0.5
vorwand	neg 1.0		off 0.5211898260298977 neg 0.43736663228454 __DUMMY__ 0.04144354168556226	false	0.5
muschi	off 1.0		off 0.5269308802236902 neg 0.43182909522608104 __DUMMY__ 0.04124002455022879	false	1.0
entmutigung	neg 1.0		off 0.5247086397650051 neg 0.4346745657533167 __DUMMY__ 0.04061679448167819	false	0.5
unangemessen	neg 1.0		off 0.5251321327455049 neg 0.43368830943907277 __DUMMY__ 0.04117955781542243	false	0.5
unstetig	neg 1.0		off 0.5298942614481317 neg 0.4292518429494454 __DUMMY__ 0.040853895602422856	false	0.5
entmutigen	neg 1.0		off 0.526031431278939 neg 0.43300085046635445 __DUMMY__ 0.04096771825470654	false	0.5
schwanz	neg 1.0		off 0.524539771431996 neg 0.4341613789889221 __DUMMY__ 0.04129884957908181	false	0.5
verbot	neg 1.0		off 0.5235401136929345 neg 0.4353912052324181 __DUMMY__ 0.041068681074647354	false	0.5
leid	neg 1.0		off 0.5343240794396457 neg 0.42533088572343114 __DUMMY__ 0.04034503483692327	false	0.5
archaisch	neg 1.0		off 0.5243572767633322 neg 0.434499491418739 __DUMMY__ 0.0411432318179287	false	0.5
gegen			off 0.5221774973079509 neg 0.43623709259961063 __DUMMY__ 0.04158541009243854	false	0.0
scheidung	neg 1.0		off 0.545625097085186 neg 0.4144765605131122 __DUMMY__ 0.03989834240170185	false	0.5
einschlag	neg 1.0		off 0.5364524302055762 neg 0.4228271564795282 __DUMMY__ 0.04072041331489555	false	0.5
m			off 0.5242995237914397 neg 0.43446571537659884 __DUMMY__ 0.04123476083196148	false	0.0
abgestanden	neg 1.0		off 0.5203762221612899 neg 0.43908444298700733 __DUMMY__ 0.04053933485170278	false	0.5
schmierig	off 1.0		off 0.533045202384323 neg 0.42667213872012094 __DUMMY__ 0.040282658895556246	false	1.0
unpraktisch	neg 1.0		off 0.5271842334399007 neg 0.43181098884075003 __DUMMY__ 0.041004777719349156	false	0.5
wixxer	off 1.0		off 0.5391361132176281 neg 0.42116059067307854 __DUMMY__ 0.03970329610929335	false	1.0
bezeichnet			off 0.5267329005189268 neg 0.43214580740943115 __DUMMY__ 0.04112129207164208	false	0.0
jammerlappen	off 1.0		off 0.5296477642478279 neg 0.4296421725532161 __DUMMY__ 0.04071006319895595	false	1.0
farce	neg 1.0		off 0.5245730337327943 neg 0.4344886301501982 __DUMMY__ 0.040938336117007396	false	0.5
zwecklos	neg 1.0		off 0.5235557471937968 neg 0.435273099197328 __DUMMY__ 0.04117115360887522	false	0.5
turbulent	neg 1.0		off 0.5308931679711639 neg 0.42861038547085434 __DUMMY__ 0.04049644655798179	false	0.5
invasion	neg 1.0		off 0.5278262289222713 neg 0.4312877111753872 __DUMMY__ 0.04088605990234141	false	0.5
schuld	neg 1.0		off 0.5267947501482085 neg 0.43220843017803134 __DUMMY__ 0.040996819673760135	false	0.5
risiko	neg 1.0		off 0.5257598669722874 neg 0.4334808040609702 __DUMMY__ 0.04075932896674231	false	0.5
finster	neg 1.0		off 0.522910127553486 neg 0.43624759909500355 __DUMMY__ 0.04084227335151058	false	0.5
geisteskrank	off 1.0		off 0.5318664972134678 neg 0.4275782983335518 __DUMMY__ 0.04055520445298059	false	1.0
zusammenbrechen	neg 1.0		off 0.5233044887392297 neg 0.43556750827297147 __DUMMY__ 0.04112800298779892	false	0.5
ausbeute	neg 1.0		off 0.5262971792530174 neg 0.4324323568835251 __DUMMY__ 0.041270463863457556	false	0.5
hinterhalt	neg 1.0		off 0.525043376288477 neg 0.4337821668730258 __DUMMY__ 0.041174456838497304	false	0.5
kritik	neg 1.0		off 0.5243638924921422 neg 0.43467850184097484 __DUMMY__ 0.04095760566688293	false	0.5
einschrumpfen	neg 1.0		off 0.5290020947155992 neg 0.4303940053947843 __DUMMY__ 0.04060389988961643	false	0.5
riskant	neg 1.0		off 0.5218281913377721 neg 0.43683432496817975 __DUMMY__ 0.04133748369404794	false	0.5
frustrieren	neg 1.0		off 0.5221677559335031 neg 0.4365876922753729 __DUMMY__ 0.041244551791124046	false	0.5
groll	neg 1.0		off 0.5248634266538218 neg 0.43387736989711145 __DUMMY__ 0.041259203449066674	false	0.5
gibt			off 0.5238585064138985 neg 0.4349036624233079 __DUMMY__ 0.04123783116279346	false	0.0
qualvoll	neg 1.0		off 0.526711045929732 neg 0.4324273128567535 __DUMMY__ 0.040861641213514606	false	0.5
wackeln	neg 1.0		off 0.5248955396387474 neg 0.43407334618501814 __DUMMY__ 0.04103111417623463	false	0.5
klagen	neg 1.0		off 0.5207982050946253 neg 0.43782753191771584 __DUMMY__ 0.04137426298765897	false	0.5
bankrott	neg 1.0		off 0.530434892786282 neg 0.42871779927764864 __DUMMY__ 0.04084730793606937	false	0.5
trauern	neg 1.0		off 0.5249421193125682 neg 0.43345358026656206 __DUMMY__ 0.04160430042086966	false	0.5
ablehnung	neg 1.0		off 0.5239768529465444 neg 0.4350120869085822 __DUMMY__ 0.04101106014487348	false	0.5
stur	neg 1.0		off 0.5258853636442389 neg 0.4331996931531674 __DUMMY__ 0.040914943202593736	false	0.5
aufruhr	neg 1.0		off 0.5251866351818057 neg 0.43382383737383184 __DUMMY__ 0.040989527444362336	false	0.5
melancholie	neg 1.0		off 0.5190295356264774 neg 0.439854179723044 __DUMMY__ 0.0411162846504786	false	0.5
ist			off 0.5270112813746451 neg 0.4320369961759131 __DUMMY__ 0.04095172244944168	false	0.0
torheit	neg 1.0		off 0.52698911868753 neg 0.4320192838276204 __DUMMY__ 0.04099159748484965	false	0.5
dreckskind	off 1.0		off 0.5373626005235967 neg 0.4225815282301401 __DUMMY__ 0.040055871246263024	false	1.0
umtauschen	neg 1.0		off 0.5246736188732258 neg 0.4342767653847772 __DUMMY__ 0.04104961574199697	false	0.5
zum			off 0.5224735814902957 neg 0.4355773278683342 __DUMMY__ 0.04194909064137028	false	0.0
zersetzen	neg 1.0		off 0.5206903267765656 neg 0.4380583986490943 __DUMMY__ 0.04125127457434016	false	0.5
zur			off 0.5203939225659951 neg 0.43785579920501794 __DUMMY__ 0.041750278228987046	false	0.0
frust	neg 1.0		off 0.5231615427963506 neg 0.4356877236462023 __DUMMY__ 0.04115073355744706	false	0.5
unerbittlichkeit	neg 1.0		off 0.5236058582337785 neg 0.434992791982841 __DUMMY__ 0.04140134978338039	false	0.5
zwei			off 0.5192150583997756 neg 0.43907191879848245 __DUMMY__ 0.04171302280174205	false	0.0
unkorrekt	neg 1.0		off 0.5316605653187367 neg 0.42782196278759244 __DUMMY__ 0.04051747189367094	false	0.5
hexe	off 1.0		off 0.526651337449145 neg 0.4328900449093022 __DUMMY__ 0.04045861764155266	false	1.0
lasch	neg 1.0		off 0.5288118160980607 neg 0.4304345577461722 __DUMMY__ 0.040753626155767116	false	0.5
rivale	neg 1.0		off 0.533924209079945 neg 0.4255458080719731 __DUMMY__ 0.040529982848081965	false	0.5
mutlos	off 1.0	off 1.0	off 0.7486028492869486 neg 0.23173701590952434 __DUMMY__ 0.019660134803526932	false	1.0
wirr	off 1.0		off 0.5325289919772619 neg 0.4271439075361434 __DUMMY__ 0.04032710048659469	false	1.0
jahr			off 0.525598574058667 neg 0.4327064116300685 __DUMMY__ 0.041695014311264614	false	0.0
wird			off 0.5236603877055462 neg 0.4350466621886193 __DUMMY__ 0.04129295010583439	false	0.0
strafbar	neg 1.0		off 0.5229407060469479 neg 0.43570299578101385 __DUMMY__ 0.04135629817203815	false	0.5
erosion	neg 1.0		off 0.5264682231035254 neg 0.4324317717747312 __DUMMY__ 0.04110000512174345	false	0.5
eingehen	neg 1.0		off 0.5218000892374616 neg 0.43696405046318143 __DUMMY__ 0.04123586029935689	false	0.5
faul	off 1.0		off 0.5292042350996135 neg 0.4300255938892208 __DUMMY__ 0.040770171011165805	false	1.0
provisorium	neg 1.0		off 0.518241868596751 neg 0.43972704329158224 __DUMMY__ 0.042031088111666795	false	0.5
schmerzen	neg 1.0		off 0.5227925860330407 neg 0.43624401700347964 __DUMMY__ 0.040963396963479615	false	0.5
schrumpfen	neg 1.0		off 0.5171868279261724 neg 0.4413650897828953 __DUMMY__ 0.04144808229093238	false	0.5
geistlos	off 1.0		off 0.5272614098078413 neg 0.4319715393337005 __DUMMY__ 0.04076705085845804	false	1.0
fehlkauf	neg 1.0		off 0.5275702766280229 neg 0.43157680907939205 __DUMMY__ 0.04085291429258513	false	0.5
frustrierend	neg 1.0		off 0.5284583037727321 neg 0.4307639788924347 __DUMMY__ 0.040777717334833236	false	0.5
unzufrieden	neg 1.0		off 0.5237382114239545 neg 0.4350444200708372 __DUMMY__ 0.04121736850520818	false	0.5
verzweifeln	neg 1.0		off 0.5248727005628765 neg 0.43398266955421405 __DUMMY__ 0.04114462988290941	false	0.5
verzweifelt	neg 1.0		off 0.5259790755625876 neg 0.4331035065737666 __DUMMY__ 0.04091741786364577	false	0.5
misstrauensantrag	neg 1.0		off 0.5266820295127392 neg 0.43247022198141916 __DUMMY__ 0.040847748505841656	false	0.5
abfallen	neg 1.0		off 0.5248133948747445 neg 0.4342236122962453 __DUMMY__ 0.04096299282901001	false	0.5
fucker	off 1.0		off 0.5330849876184759 neg 0.4263557376027462 __DUMMY__ 0.040559274778777805	false	1.0
ungezogen	neg 1.0		off 0.538428571354832 neg 0.4215632217728464 __DUMMY__ 0.040008206872321664	false	0.5
irrsinnig	neg 1.0	neg 1.0	neg 0.7005214163943184 off 0.27996470583091465 __DUMMY__ 0.01951387777476695	false	1.0
unfassbar	neg 1.0		off 0.5309782287504936 neg 0.428320930435113 __DUMMY__ 0.04070084081439343	false	0.5
hart	neg 1.0		off 0.5290140349825465 neg 0.4305408878913656 __DUMMY__ 0.04044507712608792	false	0.5
widerlich	off 1.0		off 0.5310316874061141 neg 0.4283476755721636 __DUMMY__ 0.0406206370217224	false	1.0
fatal	neg 1.0	neg 1.0	neg 0.7009906168280724 off 0.27965988654015284 __DUMMY__ 0.019349496631774682	false	1.0
bruch	neg 1.0		off 0.5199148095449537 neg 0.4385991874117705 __DUMMY__ 0.04148600304327572	false	0.5
aushungern	neg 1.0		off 0.5235950856124241 neg 0.43535706279906405 __DUMMY__ 0.041047851588511944	false	0.5
anspannung	neg 1.0		off 0.5203564101552224 neg 0.43784385087565164 __DUMMY__ 0.04179973896912598	false	0.5
von			off 0.5215416969511768 neg 0.4370267394654231 __DUMMY__ 0.04143156358340013	false	0.0
kraftlos	neg 1.0		off 0.5228085273674148 neg 0.4359937010431468 __DUMMY__ 0.04119777158943849	false	0.5
vom			off 0.5196258463543113 neg 0.43828137755880925 __DUMMY__ 0.04209277608687942	false	0.0
grenzdebil	off 1.0		off 0.5301419350600594 neg 0.42928195941750125 __DUMMY__ 0.040576105522439426	false	1.0
vor			off 0.5206059978659207 neg 0.4378778763867677 __DUMMY__ 0.04151612574731181	false	0.0
unterwerfen	neg 1.0		off 0.5239134195058063 neg 0.4347303772533178 __DUMMY__ 0.04135620324087589	false	0.5
versenkung	neg 1.0		off 0.5235078484370453 neg 0.4350873519336433 __DUMMY__ 0.041404799629311324	false	0.5
entziehen	neg 1.0		off 0.5212362211848603 neg 0.4373021481148043 __DUMMY__ 0.04146163070033535	false	0.5
finanzkrise	neg 1.0		off 0.5201767211310253 neg 0.439233264371595 __DUMMY__ 0.04059001449737966	false	0.5
schimpfend	neg 1.0		off 0.5274230781879392 neg 0.4314762072508296 __DUMMY__ 0.04110071456123124	false	0.5
profan	neg 1.0		off 0.5268488645673737 neg 0.4323164746866078 __DUMMY__ 0.04083466074601853	false	0.5
korruption	neg 1.0		off 0.5223135693850837 neg 0.436677786939849 __DUMMY__ 0.041008643675067284	false	0.5
â			off 0.5235766553411204 neg 0.4351728286544613 __DUMMY__ 0.04125051600441849	false	0.0
schmutzig	neg 1.0		off 0.5300978015376554 neg 0.4293462191637512 __DUMMY__ 0.04055597929859331	false	0.5
sexy	neg 1.0		off 0.5296001392428303 neg 0.42952447302327884 __DUMMY__ 0.04087538773389074	false	0.5
abraten	neg 1.0		off 0.527694403203586 neg 0.4313312816231959 __DUMMY__ 0.04097431517321805	false	0.5
schwarz	neg 1.0		off 0.5280388090561435 neg 0.43100652600639533 __DUMMY__ 0.04095466493746102	false	0.5
fotze	off 1.0	off 1.0	off 0.7495385195468992 neg 0.23077851266786503 __DUMMY__ 0.01968296778523583	false	1.0
verwirren	neg 1.0		off 0.5276732066066385 neg 0.4314497861237488 __DUMMY__ 0.04087700726961266	false	0.5
zahnlos	off 1.0		off 0.5245138592447028 neg 0.43432946732673106 __DUMMY__ 0.04115667342856604	false	1.0
verheeren	neg 1.0		off 0.5396347203568022 neg 0.42041553735876935 __DUMMY__ 0.03994974228442835	false	0.5
hippie	neg 1.0		off 0.5288476484575457 neg 0.4302987552747653 __DUMMY__ 0.04085359626768906	false	0.5
rammen	neg 1.0		off 0.5271081925405218 neg 0.43181121799342276 __DUMMY__ 0.04108058946605536	false	0.5
unlauter	neg 1.0		off 0.5265970030878704 neg 0.43257084142818525 __DUMMY__ 0.04083215548394431	false	0.5
unheilvoll	neg 1.0		off 0.5258983953724039 neg 0.43320075161827115 __DUMMY__ 0.04090085300932486	false	0.5
niedrig	neg 1.0		off 0.5214436062621782 neg 0.43748437887525926 __DUMMY__ 0.04107201486256267	false	0.5
explosion	neg 1.0		off 0.5291651963507047 neg 0.4299440222340887 __DUMMY__ 0.04089078141520655	false	0.5
weichei	off 1.0	off 1.0	off 0.7537316692632461 neg 0.22721528850439612 __DUMMY__ 0.019053042232357757	false	1.0
minusmensch	off 1.0		off 0.5394252259689797 neg 0.4206196568238701 __DUMMY__ 0.03995511720715027	false	1.0
farblos	neg 1.0		off 0.5268473342594118 neg 0.4321826094849283 __DUMMY__ 0.04097005625565986	false	0.5
unwissend	neg 1.0	neg 1.0	neg 0.6990443912214402 off 0.28159459409635923 __DUMMY__ 0.019361014682200483	false	1.0
traurig	neg 1.0		off 0.5330412082058659 neg 0.4264366221592368 __DUMMY__ 0.04052216963489726	false	0.5
senkung	neg 1.0		off 0.5243587126100372 neg 0.4351341637236033 __DUMMY__ 0.04050712366635954	false	0.5
ungleich	neg 1.0	neg 1.0	neg 0.702182885477965 off 0.2781533049277525 __DUMMY__ 0.019663809594282395	false	1.0
heikel	neg 1.0		off 0.5221360019393482 neg 0.4365238218029685 __DUMMY__ 0.04134017625768335	false	0.5
drosselung	neg 1.0		off 0.5284353729168334 neg 0.4311922020388061 __DUMMY__ 0.040372425044360616	false	0.5
falsch	neg 1.0		off 0.529678139119143 neg 0.42947068709449737 __DUMMY__ 0.04085117378635978	false	0.5
unzufriedenheit	neg 1.0		off 0.5207901274808207 neg 0.4379569053789585 __DUMMY__ 0.041252967140220934	false	0.5
kurz	neg 1.0		off 0.5248766536439186 neg 0.4338317718421363 __DUMMY__ 0.04129157451394505	false	0.5
unsinnig	neg 1.0		off 0.5237633328593879 neg 0.4352254661940449 __DUMMY__ 0.0410112009465672	false	0.5
penner	off 1.0	off 1.0	off 0.7550055828939239 neg 0.22595774605376928 __DUMMY__ 0.019036671052306744	false	1.0
seicht	neg 1.0		off 0.5354098441405468 neg 0.42473721645377727 __DUMMY__ 0.03985293940567587	false	0.5
dummheit	off 1.0	off 1.0	off 0.7505330604587643 neg 0.23005742506632307 __DUMMY__ 0.019409514474912525	false	1.0
unerfreulich	neg 1.0		off 0.5220576416929231 neg 0.4365682592149294 __DUMMY__ 0.041374099092147565	false	0.5
motherfucker	off 1.0	off 1.0	off 0.7532341577025301 neg 0.22747590829159958 __DUMMY__ 0.019289934005870254	false	1.0
pikiert	neg 1.0		off 0.5292195797967605 neg 0.4301713708594732 __DUMMY__ 0.04060904934376613	false	0.5
wrack	neg 1.0		off 0.5284096595856111 neg 0.4300198650207702 __DUMMY__ 0.04157047539361874	false	0.5
gangster	neg 1.0		off 0.528924694695182 neg 0.4302454494723561 __DUMMY__ 0.040829855832461945	false	0.5
krank	neg 1.0		off 0.5311268014027979 neg 0.42821882485595036 __DUMMY__ 0.040654373741251755	false	0.5
reich	neg 1.0		off 0.5258527108699201 neg 0.43370348219026056 __DUMMY__ 0.04044380693981926	false	0.5
gnadenlos	neg 1.0		off 0.5270541455691509 neg 0.4318879155693178 __DUMMY__ 0.04105793886153125	false	0.5
niedergeschlagen	neg 1.0		off 0.5243024123004909 neg 0.4344075264607209 __DUMMY__ 0.04129006123878809	false	0.5
terrorisieren	off 1.0	off 1.0	off 0.7481574771386776 neg 0.2321340947432807 __DUMMY__ 0.01970842811804163	false	1.0
sinnlosigkeit	neg 1.0		off 0.5242145467421573 neg 0.4345947675367061 __DUMMY__ 0.04119068572113662	false	0.5
behindern	neg 1.0		off 0.5251599301532863 neg 0.43380232663149126 __DUMMY__ 0.04103774321522238	false	0.5
undemokratisch	neg 1.0		off 0.5268701925095552 neg 0.43229723580105894 __DUMMY__ 0.04083257168938593	false	0.5
wirtschaftskrise	neg 1.0		off 0.5211525882209108 neg 0.43790249366268275 __DUMMY__ 0.040944918116406374	false	0.5
neid	neg 1.0		off 0.5278422252885469 neg 0.43137954175726784 __DUMMY__ 0.04077823295418534	false	0.5
rutschen	neg 1.0		off 0.5185686774900488 neg 0.43974162764852137 __DUMMY__ 0.041689694861429774	false	0.5
rezession	neg 1.0		off 0.5283466616562759 neg 0.4316110631935921 __DUMMY__ 0.04004227515013206	false	0.5
fehlgeburt	neg 1.0		off 0.5268982378150848 neg 0.43200097794170406 __DUMMY__ 0.041100784243211085	false	0.5
charakterschwach	off 1.0		off 0.5301739845684833 neg 0.4292176632156361 __DUMMY__ 0.04060835221588058	false	1.0
isolation	neg 1.0		off 0.5300435490843975 neg 0.42906468108623325 __DUMMY__ 0.040891769829369186	false	0.5
ablenkung	neg 1.0		off 0.526043934581855 neg 0.4328104298557743 __DUMMY__ 0.041145635562370796	false	0.5
pech	neg 1.0		off 0.5284726957588709 neg 0.43082833222465006 __DUMMY__ 0.04069897201647919	false	0.5
vermeidung	neg 1.0		off 0.529763655327793 neg 0.4297089249998609 __DUMMY__ 0.040527419672346056	false	0.5
dominieren	neg 1.0		off 0.5248152994857462 neg 0.43399991245493424 __DUMMY__ 0.04118478805931951	false	0.5
schwindlig	neg 1.0		off 0.5264816207057138 neg 0.43267391299137614 __DUMMY__ 0.04084446630290993	false	0.5
lutscher	neg 1.0		off 0.5371052326688041 neg 0.4231411862841943 __DUMMY__ 0.03975358104700164	false	0.5
pflicht	neg 1.0		off 0.5219115277023106 neg 0.4365807863023733 __DUMMY__ 0.04150768599531611	false	0.5
faschist	off 1.0		off 0.5291754525322101 neg 0.42999332874117546 __DUMMY__ 0.04083121872661436	false	1.0
verschleudern	neg 1.0		off 0.5194652017085621 neg 0.43956137895713565 __DUMMY__ 0.04097341933430207	false	0.5
wenn			off 0.5290625964028526 neg 0.4302369687569439 __DUMMY__ 0.0407004348402035	false	0.0
ehebruch	neg 1.0		off 0.5230442971552153 neg 0.4357486836834763 __DUMMY__ 0.04120701916130846	false	0.5
spott	off 1.0		off 0.5242945604525615 neg 0.4343648600600868 __DUMMY__ 0.04134057948735164	false	1.0
trostlosigkeit	neg 1.0		off 0.5198014431243437 neg 0.4388847662719044 __DUMMY__ 0.041313790603752024	false	0.5
lutschen	neg 1.0		off 0.5302136241029907 neg 0.428937115568427 __DUMMY__ 0.040849260328582375	false	0.5
undiszipliniert	neg 1.0		off 0.5319336649786511 neg 0.42755088001352465 __DUMMY__ 0.04051545500782428	false	0.5
kopfschmerz	neg 1.0		off 0.5198334259009257 neg 0.43920174512014176 __DUMMY__ 0.0409648289789324	false	0.5
unvorhergesehen	neg 1.0		off 0.5219817683939568 neg 0.4365472556341235 __DUMMY__ 0.041470975971919656	false	0.5
desinteressiert	neg 1.0		off 0.5312603345858105 neg 0.42819630708044215 __DUMMY__ 0.040543358333747274	false	0.5
armselig	off 1.0		off 0.5335923251723996 neg 0.42595669434174205 __DUMMY__ 0.04045098048585838	false	1.0
desaster	neg 1.0		off 0.5195897339765597 neg 0.4390345566150044 __DUMMY__ 0.04137570940843577	false	0.5
tod	neg 1.0		off 0.5232123499590172 neg 0.4354663644316926 __DUMMY__ 0.04132128560929014	false	0.5
herzlos	neg 1.0		off 0.5326932911695307 neg 0.42686471732448217 __DUMMY__ 0.04044199150598721	false	0.5
unwissenheit	neg 1.0		off 0.523790752087295 neg 0.435015591252152 __DUMMY__ 0.04119365666055299	false	0.5
widersinnig	neg 1.0		off 0.5228315251766829 neg 0.43625781997677837 __DUMMY__ 0.04091065484653877	false	0.5
bedenklich	neg 1.0		off 0.522484421812531 neg 0.43631979531759985 __DUMMY__ 0.041195782869869274	false	0.5
beanstanden	neg 1.0		off 0.52306479941629 neg 0.4354139087129504 __DUMMY__ 0.04152129187075966	false	0.5
panisch	neg 1.0		off 0.52759358533592 neg 0.4314299188421643 __DUMMY__ 0.040976495821915704	false	0.5
debil	off 1.0		off 0.5177409891579754 neg 0.4403866696919755 __DUMMY__ 0.04187234115004903	false	1.0
abstrich	neg 1.0		off 0.5249533945400829 neg 0.433900421755342 __DUMMY__ 0.04114618370457501	false	0.5
primitiv	neg 1.0		off 0.5318003810817118 neg 0.42762403382769365 __DUMMY__ 0.04057558509059453	false	0.5
abschaum	off 1.0	off 1.0	off 0.7528915664078458 neg 0.2276861555485612 __DUMMY__ 0.019422278043592933	false	1.0
provozieren	neg 1.0		off 0.5260731768137173 neg 0.43296265691124247 __DUMMY__ 0.040964166275040195	false	0.5
tot	neg 1.0		off 0.5244827990033036 neg 0.43431452642944296 __DUMMY__ 0.04120267456725358	false	0.5
instabil	neg 1.0		off 0.5320400496473606 neg 0.42770220501030176 __DUMMY__ 0.04025774534233754	false	0.5
schwuchtel	off 1.0	off 1.0	off 0.7583883822403692 neg 0.22281598790358653 __DUMMY__ 0.01879562985604432	false	1.0
zerren	neg 1.0		off 0.5240564118758494 neg 0.43466264190972903 __DUMMY__ 0.041280946214421646	false	0.5
kinderficker	off 1.0		off 0.535317519636987 neg 0.424407019124398 __DUMMY__ 0.040275461238614856	false	1.0
gefahr	neg 1.0		off 0.5222338932645084 neg 0.4362983583260908 __DUMMY__ 0.04146774840940089	false	0.5
rabiat	neg 1.0		off 0.524010544219862 neg 0.43496636259866295 __DUMMY__ 0.041023093181474984	false	0.5
verlangsamung	neg 1.0		off 0.5353943224293299 neg 0.42456572763521483 __DUMMY__ 0.04003994993545526	false	0.5
ausgestorben	neg 1.0		off 0.5252305777619137 neg 0.4335806224156277 __DUMMY__ 0.041188799822458544	false	0.5
anklagen	neg 1.0		off 0.524658714621063 neg 0.43417396066112734 __DUMMY__ 0.04116732471780977	false	0.5
trott	neg 1.0		off 0.525929651538626 neg 0.43298656142279063 __DUMMY__ 0.04108378703858338	false	0.5
verminderung	neg 1.0		off 0.5298147827669203 neg 0.42966185275746355 __DUMMY__ 0.04052336447561621	false	0.5
nach			off 0.5189671506513958 neg 0.4391400536565832 __DUMMY__ 0.04189279569202117	false	0.0
rost	neg 1.0		off 0.5400131632321601 neg 0.4197110692425119 __DUMMY__ 0.040275767525327875	false	0.5
destruktiv	neg 1.0		off 0.5249645655739082 neg 0.43402647871797545 __DUMMY__ 0.04100895570811643	false	0.5
unzumutbarkeit	neg 1.0		off 0.5318496847016131 neg 0.42744025962293125 __DUMMY__ 0.040710055675455485	false	0.5
labil	off 1.0	off 1.0	off 0.7519093901324494 neg 0.2287054738925847 __DUMMY__ 0.019385135974965953	false	1.0
ziemlich	neg 1.0		off 0.5310920671406919 neg 0.4281577210288567 __DUMMY__ 0.040750211830451584	false	0.5
lachnummer	off 1.0		off 0.5266157986863502 neg 0.43230155836580086 __DUMMY__ 0.041082642947849045	false	1.0
oder			off 0.5266738984412621 neg 0.4322355923072939 __DUMMY__ 0.041090509251443995	false	0.0
verfall	neg 1.0		off 0.5177693626107959 neg 0.4407493018262395 __DUMMY__ 0.041481335562964655	false	0.5
ausgrenzung	neg 1.0		off 0.5267331700991282 neg 0.4324384292974759 __DUMMY__ 0.040828400603395855	false	0.5
unordnung	neg 1.0		off 0.5349278610604524 neg 0.42463290513648216 __DUMMY__ 0.04043923380306534	false	0.5
fehlverhalten	neg 1.0		off 0.5226773620544573 neg 0.43598574255951417 __DUMMY__ 0.04133689538602853	false	0.5
eine			off 0.5202303953447059 neg 0.43836534850753617 __DUMMY__ 0.041404256147758015	false	0.0
nille	neg 1.0		off 0.5270272575698006 neg 0.43184118898074525 __DUMMY__ 0.04113155344945418	false	0.5
qual	neg 1.0		off 0.5254430718060564 neg 0.43347190997651275 __DUMMY__ 0.04108501821743072	false	0.5
verschwenden	neg 1.0		off 0.5207965425020956 neg 0.43800431110409666 __DUMMY__ 0.04119914639380768	false	0.5
riesig	neg 1.0		off 0.5238028059512139 neg 0.4348119178594976 __DUMMY__ 0.04138527618928849	false	0.5
verurteilen	neg 1.0		off 0.5242560467654206 neg 0.4345680846887077 __DUMMY__ 0.041175868545871575	false	0.5
klischee	neg 1.0	neg 1.0	neg 0.6997973130219747 off 0.2808360393119941 __DUMMY__ 0.01936664766603126	false	1.0
diktatorisch	neg 1.0		off 0.5271509902318928 neg 0.4320094343911369 __DUMMY__ 0.04083957537697014	false	0.5
vorhersehbar	neg 1.0		off 0.5273696488627755 neg 0.43185869381774816 __DUMMY__ 0.04077165731947638	false	0.5
sowie			off 0.5333253989860862 neg 0.4264952936257979 __DUMMY__ 0.040179307388115836	false	0.0
stornieren	neg 1.0		off 0.5316971807877501 neg 0.42710185366255565 __DUMMY__ 0.04120096554969431	false	0.5
besteuerung	neg 1.0	neg 1.0	neg 0.7023604660079419 off 0.2782934076743698 __DUMMY__ 0.01934612631768834	false	1.0
ungeschminkt	neg 1.0		off 0.5320482931506882 neg 0.4273821218254025 __DUMMY__ 0.04056958502390925	false	0.5
kritisch	neg 1.0		off 0.5239243536733765 neg 0.43486029483160926 __DUMMY__ 0.041215351495014256	false	0.5
schlamperei	off 1.0		off 0.5229651713670193 neg 0.4357397727204216 __DUMMY__ 0.04129505591255907	false	1.0
sucht	neg 1.0	neg 1.0	neg 0.6989840237900349 off 0.2814097218094492 __DUMMY__ 0.01960625440051594	false	1.0
egoistisch	off 1.0	off 1.0	off 0.7550504723098052 neg 0.22575737064858986 __DUMMY__ 0.019192157041604967	false	1.0
ausbeuter	off 1.0		off 0.5204626446000211 neg 0.43837243084729477 __DUMMY__ 0.04116492455268421	false	1.0
arschgeburt	off 1.0		off 0.5413743709253361 neg 0.41904315699812344 __DUMMY__ 0.039582472076540455	false	1.0
schubs	neg 1.0		off 0.5214619744035495 neg 0.43746796151938216 __DUMMY__ 0.04107006407706856	false	0.5
unsolide	neg 1.0		off 0.5277996891327518 neg 0.43136788287853084 __DUMMY__ 0.040832427988717446	false	0.5
beschwerde	neg 1.0		off 0.5246390373726626 neg 0.43413432145619046 __DUMMY__ 0.04122664117114698	false	0.5
stocken	neg 1.0		off 0.5231874732051986 neg 0.4355686047827008 __DUMMY__ 0.041243922012100476	false	0.5
isolieren	neg 1.0		off 0.5228467206480025 neg 0.43608526310267604 __DUMMY__ 0.04106801624932153	false	0.5
unheilbar	neg 1.0		off 0.5253934611537935 neg 0.4335883790187808 __DUMMY__ 0.041018159827425876	false	0.5
pisser	off 1.0	off 1.0	off 0.7543869046812607 neg 0.2262968155225691 __DUMMY__ 0.01931627979617013	false	1.0
löschen	neg 1.0		off 0.5264666280073136 neg 0.43249155611979584 __DUMMY__ 0.041041815872890575	false	0.5
durchfallen	neg 1.0		off 0.5239213174747064 neg 0.4348390575385806 __DUMMY__ 0.0412396249867132	false	0.5
wichser	off 1.0	off 1.0	off 0.7564459389875586 neg 0.22462252782391223 __DUMMY__ 0.018931533188529137	false	1.0
terror	neg 1.0		off 0.5287950683101239 neg 0.4303363486684402 __DUMMY__ 0.0408685830214359	false	0.5
krass	neg 1.0		off 0.5343402167155437 neg 0.4253218812422326 __DUMMY__ 0.04033790204222382	false	0.5
revolte	neg 1.0		off 0.5263742453845062 neg 0.4330525861153084 __DUMMY__ 0.04057316850018539	false	0.5
besorgt	neg 1.0		off 0.5252870536601896 neg 0.43339995295991174 __DUMMY__ 0.041312993379898744	false	0.5
nachlassen	neg 1.0		off 0.5242919878317249 neg 0.43436069776790404 __DUMMY__ 0.04134731440037111	false	0.5
alt	neg 1.0		off 0.5187328957120999 neg 0.44040248325794495 __DUMMY__ 0.0408646210299552	false	0.5
hundesohn	off 1.0	off 1.0	off 0.756430927645154 neg 0.2245665184851551 __DUMMY__ 0.019002553869690915	false	1.0
als			off 0.5231400391376623 neg 0.4357470943740743 __DUMMY__ 0.04111286648826338	false	0.0
abschreckung	neg 1.0		off 0.5212906522079619 neg 0.4373867729751463 __DUMMY__ 0.041322574816891826	false	0.5
unqualifiziert	neg 1.0		off 0.5296433325275282 neg 0.4295676136801913 __DUMMY__ 0.04078905379228057	false	0.5
abgewichst	off 1.0		off 0.5262321451691964 neg 0.4326144976560256 __DUMMY__ 0.041153357174777874	false	1.0
schwer	neg 1.0		off 0.5245632393656686 neg 0.43438758344713185 __DUMMY__ 0.04104917718719949	false	0.5
bedeutungslosigkeit	neg 1.0		off 0.5219818182254146 neg 0.4367015299055515 __DUMMY__ 0.041316651869034014	false	0.5
kapitulation	neg 1.0		off 0.5222986560471526 neg 0.4366054232879876 __DUMMY__ 0.041095920664859696	false	0.5
unscharf	neg 1.0		off 0.5241971524840139 neg 0.4352192517193916 __DUMMY__ 0.04058359579659449	false	0.5
schwinden	neg 1.0		off 0.52073939676355 neg 0.4380748806999736 __DUMMY__ 0.04118572253647646	false	0.5
versklavung	neg 1.0	neg 1.0	neg 0.7007524109577403 off 0.27981272138687696 __DUMMY__ 0.019434867655382645	false	1.0
schlecht	neg 1.0		off 0.5314634200128071 neg 0.42776749339042675 __DUMMY__ 0.040769086596766	false	0.5
verhasst	neg 1.0		off 0.5266530798302604 neg 0.4324276135714008 __DUMMY__ 0.040919306598338874	false	0.5
beschweren	neg 1.0		off 0.528108404520774 neg 0.43087466250743994 __DUMMY__ 0.04101693297178607	false	0.5
scheiden	neg 1.0		off 0.5247683077095006 neg 0.43427382646772233 __DUMMY__ 0.04095786582277712	false	0.5
frustriert	neg 1.0		off 0.5247248082821762 neg 0.4341017545897194 __DUMMY__ 0.041173437128104506	false	0.5
schimmelig	neg 1.0		off 0.5213496719454151 neg 0.43762135952171877 __DUMMY__ 0.04102896853286613	false	0.5
fisch	neg 1.0		off 0.517189668244363 neg 0.44172111321851903 __DUMMY__ 0.04108921853711797	false	0.5
schmuggel	neg 1.0		off 0.5222065990831598 neg 0.4362438083699378 __DUMMY__ 0.04154959254690241	false	0.5
auffallen	neg 1.0		off 0.5275365404596656 neg 0.4315631659417767 __DUMMY__ 0.04090029359855795	false	0.5
konkurrenz	neg 1.0		off 0.5223440545569451 neg 0.4362365230879097 __DUMMY__ 0.04141942235514503	false	0.5
teufelskreis	neg 1.0	neg 1.0	neg 0.7024537282642052 off 0.278073320358598 __DUMMY__ 0.019472951377196752	false	1.0
aufschreien	neg 1.0		off 0.5273710777083188 neg 0.4318370101570891 __DUMMY__ 0.04079191213459219	false	0.5
schuldner	neg 1.0		off 0.5193184967285999 neg 0.4396043270069636 __DUMMY__ 0.04107717626443655	false	0.5
missgeburt	off 1.0	off 1.0	off 0.7571089101764596 neg 0.22371045385871835 __DUMMY__ 0.019180635964822005	false	1.0
arbeitslos	neg 1.0		off 0.5236661053784729 neg 0.4351031203491564 __DUMMY__ 0.04123077427237079	false	0.5
befallen	neg 1.0		off 0.5221914427651804 neg 0.4369520097150275 __DUMMY__ 0.040856547519792	false	0.5
miesepetrig	off 1.0	off 1.0	off 0.7517098049240306 neg 0.2289281646665742 __DUMMY__ 0.019362030409395162	false	1.0
alarmieren	neg 1.0		off 0.5302875508106273 neg 0.4289278380235255 __DUMMY__ 0.04078461116584721	false	0.5
ungeduscht	off 1.0		off 0.5287604989913383 neg 0.4305560360163658 __DUMMY__ 0.0406834649922961	false	1.0
knappheit	neg 1.0		off 0.521584744879283 neg 0.43744318342814326 __DUMMY__ 0.04097207169257379	false	0.5
schlange	neg 1.0		off 0.525943911009175 neg 0.4330174227203215 __DUMMY__ 0.04103866627050346	false	0.5
harsch	neg 1.0		off 0.5364003948546392 neg 0.4229851997016668 __DUMMY__ 0.04061440544369394	false	0.5
lang	neg 1.0		off 0.5272034705902817 neg 0.4317911504632181 __DUMMY__ 0.04100537894650015	false	0.5
ziellos	neg 1.0		off 0.5226942481978138 neg 0.4359414840625993 __DUMMY__ 0.04136426773958676	false	0.5
selbstverliebt	neg 1.0		off 0.5403111327895825 neg 0.4197940271924024 __DUMMY__ 0.039894840018015215	false	0.5
beseitigen	neg 1.0		off 0.5276384447989919 neg 0.4311221842489259 __DUMMY__ 0.041239370952082195	false	0.5
dumm	off 1.0		off 0.5357614763172672 neg 0.4240473487842881 __DUMMY__ 0.04019117489844457	false	1.0
arbeitsloser	neg 1.0		off 0.5264683752821301 neg 0.4320550785986263 __DUMMY__ 0.041476546119243556	false	0.5
blitzen	neg 1.0		off 0.5293512408803981 neg 0.429835795224206 __DUMMY__ 0.04081296389539593	false	0.5
hilflos	neg 1.0		off 0.5234770068262932 neg 0.43532590548594763 __DUMMY__ 0.04119708768775915	false	0.5
eklig	off 1.0		off 0.5347662733781766 neg 0.4252035532538463 __DUMMY__ 0.04003017336797693	false	1.0
begriff			off 0.5255055727419528 neg 0.4333945831440181 __DUMMY__ 0.041099844114029255	false	0.0
hungersnot	neg 1.0		off 0.5220005698969428 neg 0.4369961773166304 __DUMMY__ 0.041003252786426934	false	0.5
ungesetzlich	neg 1.0		off 0.526602172471067 neg 0.4325995896825881 __DUMMY__ 0.04079823784634496	false	0.5
verschwendung	neg 1.0		off 0.521734903106887 neg 0.4369681183210906 __DUMMY__ 0.04129697857202228	false	0.5
schmerzvoll	neg 1.0		off 0.5260094301534082 neg 0.4331119992610699 __DUMMY__ 0.04087857058552188	false	0.5
vorzeitig	neg 1.0		off 0.5320344908220692 neg 0.42707962854477965 __DUMMY__ 0.04088588063315103	false	0.5
unvollkommenheit	neg 1.0		off 0.5251649762159042 neg 0.4336356031226034 __DUMMY__ 0.04119942066149255	false	0.5
intervenieren	neg 1.0		off 0.5209053937458309 neg 0.4379763484661151 __DUMMY__ 0.04111825778805404	false	0.5
banause	off 1.0		off 0.5342433369398436 neg 0.4259959367761101 __DUMMY__ 0.03976072628404635	false	1.0
rebell	neg 1.0		off 0.5171137411806187 neg 0.44154111674739455 __DUMMY__ 0.04134514207198672	false	0.5
unlogisch	neg 1.0		off 0.5325083633638626 neg 0.4269988281136569 __DUMMY__ 0.04049280852248034	false	0.5
leiden	neg 1.0		off 0.5233889165865285 neg 0.4350129429841323 __DUMMY__ 0.04159814042933921	false	0.5
abschaffung	neg 1.0		off 0.5253928597882196 neg 0.4337565472326212 __DUMMY__ 0.04085059297915935	false	0.5
sturz	neg 1.0		off 0.531010500736942 neg 0.42775396194729975 __DUMMY__ 0.04123553731575836	false	0.5
verkleinerung	neg 1.0		off 0.5266059515853265 neg 0.4328799072273938 __DUMMY__ 0.0405141411872797	false	0.5
schmarotzer	off 1.0		off 0.523925461734725 neg 0.4349486290539358 __DUMMY__ 0.041125909211339184	false	1.0
bestrafung	neg 1.0	neg 1.0	neg 0.7001256353095968 off 0.2803005251513581 __DUMMY__ 0.01957383953904504	false	1.0
achtlos	neg 1.0		off 0.524457213336083 neg 0.43439475278039447 __DUMMY__ 0.04114803388352251	false	0.5
ungeheuer	neg 1.0		off 0.5241212724456416 neg 0.4350354948574429 __DUMMY__ 0.04084323269691561	false	0.5
unaufrichtig	neg 1.0		off 0.5301352399351693 neg 0.4290320091452185 __DUMMY__ 0.04083275091961223	false	0.5
groggy	neg 1.0		off 0.5295778469877744 neg 0.42947815570618986 __DUMMY__ 0.040943997306035596	false	0.5
verletzlich	neg 1.0		off 0.527554024622122 neg 0.4319919056873016 __DUMMY__ 0.040454069690576466	false	0.5
