unsolidarisch	neg 1.0		__DUMMY__ 0.9221937629983853 off 0.04250002034850004 neg 0.035306216653114716	false	0.5
nachteilig	neg 1.0		__DUMMY__ 0.9295424169759331 off 0.03829804321439054 neg 0.03215953980967629	false	0.5
skeptisch	neg 1.0		__DUMMY__ 0.9287552395355165 off 0.03745581280665352 neg 0.03378894765782992	false	0.5
schrecklich	neg 1.0		__DUMMY__ 0.9182067258053975 off 0.048828994263917805 neg 0.03296427993068469	false	0.5
schlapp	neg 1.0	neg 1.0	neg 0.500974437048451 __DUMMY__ 0.45764923421373044 off 0.04137632873781852	false	1.0
abfall	neg 1.0		__DUMMY__ 0.9318579964897182 off 0.03479939365704232 neg 0.033342609853239405	false	0.5
widerspenstig	neg 1.0		__DUMMY__ 0.9241358596297903 off 0.040508091982343834 neg 0.035356048387865976	false	0.5
abrupt	neg 1.0		__DUMMY__ 0.9275376386195281 off 0.0367352562729219 neg 0.03572710510755008	false	0.5
unwirksam	neg 1.0		__DUMMY__ 0.919624094797669 off 0.04179672227258019 neg 0.03857918292975075	false	0.5
angreifen	neg 1.0		__DUMMY__ 0.9287694118910602 off 0.03707413322321139 neg 0.034156454885728355	false	0.5
inkonsistent	neg 1.0		__DUMMY__ 0.9217663906132723 off 0.04326439700462574 neg 0.03496921238210202	false	0.5
abrutschen	neg 1.0		__DUMMY__ 0.9311808032837662 off 0.034526749651897136 neg 0.03429244706433665	false	0.5
unsicher	neg 1.0		__DUMMY__ 0.9258477744508276 off 0.041209393287371734 neg 0.0329428322618007	false	0.5
bauernkind	off 1.0	off 1.0	off 0.515804839774767 __DUMMY__ 0.45034708435984205 neg 0.03384807586539095	false	1.0
angreifer	neg 1.0		__DUMMY__ 0.9256820419639028 off 0.044511343847061624 neg 0.029806614189035553	false	0.5
trennen	neg 1.0		__DUMMY__ 0.9297633925018356 off 0.03659047547512106 neg 0.03364613202304332	false	0.5
schmutz	neg 1.0		__DUMMY__ 0.9276035128812601 off 0.04334017773900111 neg 0.029056309379738868	false	0.5
inkonsistenz	neg 1.0		__DUMMY__ 0.9216193013996961 off 0.04550345147521999 neg 0.032877247125083976	false	0.5
erschreckend	neg 1.0		__DUMMY__ 0.9254061447847567 off 0.040827120621261995 neg 0.03376673459398128	false	0.5
ertrinken	neg 1.0		__DUMMY__ 0.9279904101490803 off 0.036530078693978986 neg 0.035479511156940716	false	0.5
pickelface	off 1.0		__DUMMY__ 0.9256460495064599 off 0.041660211537119206 neg 0.032693738956420866	false	1.0
seiner			__DUMMY__ 0.929352314902225 off 0.037211873602885095 neg 0.033435811494889826	false	0.0
lauch	neg 1.0	neg 1.0	neg 0.5007471394692533 __DUMMY__ 0.4676462328413284 off 0.031606627689418375	false	1.0
unwichtig	neg 1.0		__DUMMY__ 0.9212580375537182 off 0.045434222274896484 neg 0.03330774017138536	false	0.5
steuerhinterziehung	neg 1.0		__DUMMY__ 0.9242424657287166 off 0.04096218733152242 neg 0.03479534693976095	false	0.5
schock	neg 1.0		__DUMMY__ 0.9260918961612896 off 0.03983301415375732 neg 0.03407508968495314	false	0.5
beule	neg 1.0		__DUMMY__ 0.9187393440798315 off 0.046947609984414516 neg 0.03431304593575399	false	0.5
vergelten	neg 1.0		__DUMMY__ 0.919027707610059 off 0.049872847788621555 neg 0.0310994446013195	false	0.5
verdorbenheit	neg 1.0		__DUMMY__ 0.9251781113974458 off 0.04175528515560812 neg 0.033066603446946015	false	0.5
trauma	neg 1.0		__DUMMY__ 0.9234219417028301 off 0.042470116132650323 neg 0.034107942164519546	false	0.5
sinnlos	neg 1.0		__DUMMY__ 0.9236068123168282 off 0.04299773360799458 neg 0.0333954540751772	false	0.5
fettsack	off 1.0	off 1.0	off 0.5169770120449371 __DUMMY__ 0.45113494143226845 neg 0.031888046522794554	false	1.0
feige	off 1.0	off 1.0	off 0.5124990986109748 __DUMMY__ 0.4563449868454621 neg 0.031155914543563208	false	1.0
abdanken	neg 1.0		__DUMMY__ 0.9258338110664271 off 0.04125145818141765 neg 0.03291473075215516	false	0.5
wichtigtuer	off 1.0	off 1.0	off 0.5098991252682356 __DUMMY__ 0.45970043513802605 neg 0.03040043959373829	false	1.0
misslingen	neg 1.0		__DUMMY__ 0.9284525268493599 off 0.04213699106362159 neg 0.029410482087018467	false	0.5
untreu	off 1.0		__DUMMY__ 0.9195565266200552 off 0.04649779017743428 neg 0.03394568320251055	false	1.0
missmutig	neg 1.0		__DUMMY__ 0.9210455154040894 off 0.04426034227677688 neg 0.03469414231913369	false	0.5
hurenbock	off 1.0		__DUMMY__ 0.9221199219657442 off 0.04119340624911186 neg 0.036686671785143884	false	1.0
betrunken	neg 1.0		__DUMMY__ 0.9182456989110249 off 0.047820774732828926 neg 0.03393352635614612	false	0.5
korrupt	off 1.0		__DUMMY__ 0.9234875110504809 off 0.04072105829561568 neg 0.035791430653903424	false	1.0
unmut	neg 1.0		__DUMMY__ 0.9299917394973348 off 0.036048650370521566 neg 0.03395961013214367	false	0.5
hackfresse	off 1.0		__DUMMY__ 0.9140953802300579 off 0.05263790100361644 neg 0.03326671876632562	false	1.0
aufblasen	neg 1.0		__DUMMY__ 0.9239876393679655 off 0.0413665759633399 neg 0.034645784668694654	false	0.5
gewaltsam	neg 1.0		__DUMMY__ 0.9272308446545269 off 0.04099359611783965 neg 0.031775559227633386	false	0.5
unbeliebtheit	neg 1.0		__DUMMY__ 0.9210681065984266 off 0.04661620328581017 neg 0.032315690115763136	false	0.5
sturheit	neg 1.0		__DUMMY__ 0.9269463264007731 off 0.04081825658930092 neg 0.032235417009926	false	0.5
kuh	neg 1.0		__DUMMY__ 0.9169097778136089 off 0.04356753714208474 neg 0.0395226850443063	false	0.5
erschrecken	neg 1.0		__DUMMY__ 0.9218945681242728 off 0.04463754789935626 neg 0.03346788397637085	false	0.5
opfer	neg 1.0		__DUMMY__ 0.9293772213731425 off 0.03853938474365526 neg 0.032083393883202325	false	0.5
sinken	neg 1.0		__DUMMY__ 0.9280235026870979 off 0.03637047823786712 neg 0.03560601907503494	false	0.5
stinktier	neg 1.0		__DUMMY__ 0.9123013164032054 off 0.05084952934603497 neg 0.03684915425075967	false	0.5
tucke	off 1.0		__DUMMY__ 0.9095567419315712 off 0.05436040618677924 neg 0.03608285188164953	false	1.0
ein			__DUMMY__ 0.9228829770507575 off 0.04032719260157209 neg 0.03678983034767043	false	0.0
abstieg	neg 1.0		__DUMMY__ 0.9304346358456828 off 0.03957686774399018 neg 0.029988496410327053	false	0.5
missverstehen	neg 1.0		__DUMMY__ 0.9227485614418244 off 0.04378977313343348 neg 0.033461665424742215	false	0.5
ergebnislos	neg 1.0		__DUMMY__ 0.9304083650677683 off 0.03830195317320628 neg 0.03128968175902536	false	0.5
unter			__DUMMY__ 0.9364758020010474 neg 0.03243880686543235 off 0.03108539113352027	false	0.0
manipulieren	neg 1.0		__DUMMY__ 0.928905136758924 off 0.03785470027454944 neg 0.03324016296652657	false	0.5
unbewiesen	neg 1.0		__DUMMY__ 0.9232097278305373 off 0.04271691387768766 neg 0.03407335829177494	false	0.5
verschleppen	neg 1.0		__DUMMY__ 0.9264952180969946 off 0.03927107764394833 neg 0.03423370425905712	false	0.5
weib	off 1.0		__DUMMY__ 0.911648532586873 off 0.05459445801694886 neg 0.033757009396178164	false	1.0
opposition	neg 1.0		__DUMMY__ 0.9224122069171588 off 0.042488714192491873 neg 0.03509907889034943	false	0.5
verkehrswidrig	neg 1.0		__DUMMY__ 0.921249929994104 off 0.04976424085131472 neg 0.02898582915458125	false	0.5
inkorrekt	neg 1.0		__DUMMY__ 0.9177486369800282 off 0.04904469975156674 neg 0.03320666326840511	false	0.5
vermeiden	neg 1.0		__DUMMY__ 0.9332859973137528 off 0.033888968682665103 neg 0.03282503400358209	false	0.5
abweichung	neg 1.0		__DUMMY__ 0.927660930443591 off 0.03939564204107655 neg 0.03294342751533242	false	0.5
alkoholisiert	neg 1.0		__DUMMY__ 0.9331755373525035 off 0.036318956792548505 neg 0.030505505854947972	false	0.5
scheiss	off 1.0	off 1.0	off 0.5128625022628461 __DUMMY__ 0.45577273440621074 neg 0.03136476333094316	false	1.0
herausforderung	neg 1.0		__DUMMY__ 0.9270874617300997 off 0.039277823955965345 neg 0.033634714313934916	false	0.5
pervers	off 1.0		__DUMMY__ 0.9102575860710788 off 0.05651088451778932 neg 0.033231529411131985	false	1.0
wackelig	neg 1.0		__DUMMY__ 0.9274625787751193 off 0.03876547877265026 neg 0.03377194245223045	false	0.5
verwickeln	neg 1.0		__DUMMY__ 0.9229375549511829 off 0.04308173430331659 neg 0.03398071074550049	false	0.5
vorwand	neg 1.0		__DUMMY__ 0.9294266004286146 off 0.03665432135081617 neg 0.03391907822056919	false	0.5
muschi	off 1.0		__DUMMY__ 0.9273387560250507 off 0.0407403949879204 neg 0.03192084898702889	false	1.0
entmutigung	neg 1.0		__DUMMY__ 0.9193083017820405 off 0.04381689634107374 neg 0.036874801876885806	false	0.5
unangemessen	neg 1.0		__DUMMY__ 0.9261967833851912 off 0.04049756563129258 neg 0.03330565098351634	false	0.5
unstetig	neg 1.0		__DUMMY__ 0.9231037013651127 off 0.04445527941623846 neg 0.03244101921864886	false	0.5
entmutigen	neg 1.0		__DUMMY__ 0.9238069471126535 off 0.04207551396034567 neg 0.034117538927000784	false	0.5
schwanz	neg 1.0		__DUMMY__ 0.9283238991398995 off 0.03876519253827117 neg 0.03291090832182934	false	0.5
verbot	neg 1.0		__DUMMY__ 0.9248361100341365 off 0.0404075946294683 neg 0.034756295336395245	false	0.5
leid	neg 1.0		__DUMMY__ 0.9166915027551086 off 0.050101453247801485 neg 0.03320704399708995	false	0.5
archaisch	neg 1.0		__DUMMY__ 0.9259244557646846 off 0.04018517642512327 neg 0.03389036781019207	false	0.5
gegen			__DUMMY__ 0.9310474862339079 off 0.03650345255794172 neg 0.03244906120815034	false	0.0
scheidung	neg 1.0		__DUMMY__ 0.9112421776782949 off 0.05955472717258264 neg 0.02920309514912253	false	0.5
einschlag	neg 1.0		__DUMMY__ 0.9214649170520536 off 0.0489816387455492 neg 0.029553444202397194	false	0.5
m			__DUMMY__ 0.9271616368487081 off 0.0392923172708722 neg 0.03354604588041967	false	0.0
abgestanden	neg 1.0		__DUMMY__ 0.9193208430935996 off 0.04070426329792195 neg 0.03997489360847841	false	0.5
schmierig	off 1.0		__DUMMY__ 0.9158325962378465 off 0.049915133539109834 neg 0.03425227022304363	false	1.0
unpraktisch	neg 1.0		__DUMMY__ 0.9247441990075351 off 0.042082143672401255 neg 0.03317365732006358	false	0.5
wixxer	off 1.0		__DUMMY__ 0.9087614043734048 off 0.05687980303089615 neg 0.03435879259569904	false	1.0
bezeichnet			__DUMMY__ 0.9255500769645124 off 0.0416835689122071 neg 0.03276635412328048	false	0.0
jammerlappen	off 1.0		__DUMMY__ 0.9206688092741111 off 0.04570953500909643 neg 0.03362165571679246	false	1.0
farce	neg 1.0		__DUMMY__ 0.9232702469978268 off 0.04173322910277577 neg 0.03499652389939744	false	0.5
zwecklos	neg 1.0		__DUMMY__ 0.926022339103893 off 0.039702570192248356 neg 0.03427509070385862	false	0.5
turbulent	neg 1.0		__DUMMY__ 0.9185964924668871 off 0.0473093792566232 neg 0.03409412827648968	false	0.5
invasion	neg 1.0		__DUMMY__ 0.9228694218511838 off 0.0434844130926657 neg 0.0336461650561504	false	0.5
schuld	neg 1.0		__DUMMY__ 0.9240076278202366 off 0.04248906888535458 neg 0.033503303294408746	false	0.5
risiko	neg 1.0		__DUMMY__ 0.9215452992990096 off 0.04319788381751915 neg 0.03525681688347113	false	0.5
finster	neg 1.0		__DUMMY__ 0.9230282627049166 off 0.0403927749943312 neg 0.0365789623007522	false	0.5
geisteskrank	off 1.0		__DUMMY__ 0.9187311357570886 off 0.047943496767881996 neg 0.03332536747502942	false	1.0
zusammenbrechen	neg 1.0		__DUMMY__ 0.9254912863359848 off 0.039809490899110254 neg 0.034699222764905016	false	0.5
ausbeute	neg 1.0		__DUMMY__ 0.9280679858950982 off 0.039952396484092836 neg 0.03197961762080896	false	0.5
hinterhalt	neg 1.0		__DUMMY__ 0.9269810406852196 off 0.03980756000738231 neg 0.033211399307398075	false	0.5
kritik	neg 1.0		__DUMMY__ 0.9234599657576753 off 0.04154257037239898 neg 0.03499746386992565	false	0.5
einschrumpfen	neg 1.0		__DUMMY__ 0.9195014083048891 off 0.045869100227090356 neg 0.03462949146802054	false	0.5
riskant	neg 1.0		__DUMMY__ 0.9280780458264299 off 0.03767176040566346 neg 0.03425019376790661	false	0.5
frustrieren	neg 1.0		__DUMMY__ 0.9269137778078409 off 0.03845547637196517 neg 0.03463074582019389	false	0.5
groll	neg 1.0		__DUMMY__ 0.9272163328782413 off 0.03983768479859963 neg 0.03294598232315897	false	0.5
gibt			__DUMMY__ 0.9268163588015953 off 0.03947338951560385 neg 0.03371025168280086	false	0.0
qualvoll	neg 1.0		__DUMMY__ 0.922726964926557 off 0.04295967259091811 neg 0.03431336248252484	false	0.5
wackeln	neg 1.0		__DUMMY__ 0.924660652123073 off 0.04099359282715168 neg 0.034345755049775266	false	0.5
klagen	neg 1.0		__DUMMY__ 0.9285780069590461 off 0.03693189988000437 neg 0.03449009316094957	false	0.5
bankrott	neg 1.0		__DUMMY__ 0.9227008571456896 off 0.044908107882165 neg 0.03239103497214543	false	0.5
trauern	neg 1.0		__DUMMY__ 0.9317623846845464 off 0.03752321240491839 neg 0.030714402910535184	false	0.5
ablehnung	neg 1.0		__DUMMY__ 0.9240988926728032 off 0.0410271525353374 neg 0.03487395479185932	false	0.5
stur	neg 1.0		__DUMMY__ 0.9229931708469876 off 0.04246212474196933 neg 0.034544704411043035	false	0.5
aufruhr	neg 1.0		__DUMMY__ 0.9240956584440283 off 0.04158408300840433 neg 0.03432025854756737	false	0.5
melancholie	neg 1.0		__DUMMY__ 0.9260755258928854 neg 0.0370804099043977 off 0.03684406420271685	false	1.0
ist			__DUMMY__ 0.9235562566885462 off 0.042787700827363405 neg 0.03365604248409038	false	0.0
torheit	neg 1.0		__DUMMY__ 0.924094338122678 off 0.042622291127097534 neg 0.033283370750224445	false	0.5
dreckskind	off 1.0		__DUMMY__ 0.9130054158853087 off 0.05374788631307272 neg 0.033246697801618624	false	1.0
umtauschen	neg 1.0		__DUMMY__ 0.9254123897163856 off 0.040218907273604915 neg 0.03436870301000948	false	0.5
zum			__DUMMY__ 0.9360568356167551 off 0.033879120175047316 neg 0.030064044208197565	false	0.0
zersetzen	neg 1.0		__DUMMY__ 0.9270149420902332 off 0.03761521304456156 neg 0.03536984486520529	false	0.5
zur			__DUMMY__ 0.9332748604626516 off 0.034261038548031315 neg 0.032464100989317034	false	0.0
frust	neg 1.0		__DUMMY__ 0.9256908076097806 off 0.03966557309220664 neg 0.034643619298012726	false	0.5
unerbittlichkeit	neg 1.0		__DUMMY__ 0.9289829676271464 off 0.0382604104754228 neg 0.03275662189743079	false	0.5
zwei			__DUMMY__ 0.9329960680502015 off 0.033513463048461874 neg 0.03349046890133657	false	0.0
unkorrekt	neg 1.0		__DUMMY__ 0.9186108913478019 off 0.04773994591729479 neg 0.03364916273490325	false	0.5
hexe	off 1.0		__DUMMY__ 0.9182733056685234 off 0.04500904760901834 neg 0.036717646722458266	false	1.0
lasch	neg 1.0		__DUMMY__ 0.9211435274053804 off 0.0450611987394952 neg 0.033795273855124444	false	0.5
rivale	neg 1.0		__DUMMY__ 0.9190235694651517 off 0.04878773230130636 neg 0.03218869823354186	false	0.5
mutlos	off 1.0	off 1.0	off 0.505845269005696 __DUMMY__ 0.46324763967152316 neg 0.030907091322780838	false	1.0
wirr	off 1.0		__DUMMY__ 0.9162465968812971 off 0.04942375625654803 neg 0.0343296468621548	false	1.0
jahr			__DUMMY__ 0.9331247423747147 off 0.03709002193455299 neg 0.029785235690732267	false	0.0
wird			__DUMMY__ 0.9276472584205648 off 0.03885510481463386 neg 0.03349763676480134	false	0.0
strafbar	neg 1.0		__DUMMY__ 0.9284072354433937 off 0.03816379848161945 neg 0.033428966074986875	false	0.5
erosion	neg 1.0		__DUMMY__ 0.9255878245820564 off 0.04128460055104777 neg 0.03312757486689592	false	0.5
eingehen	neg 1.0		__DUMMY__ 0.9267604723105716 off 0.0383460538477788 neg 0.03489347384164954	false	0.5
faul	off 1.0		__DUMMY__ 0.9220034680662331 off 0.04454975705866858 neg 0.0334467748750983	false	1.0
provisorium	neg 1.0		__DUMMY__ 0.9369889563634193 neg 0.032007170676114166 off 0.031003872960466507	false	1.0
schmerzen	neg 1.0		__DUMMY__ 0.9243274000086668 off 0.03972882022697828 neg 0.03594377976435499	false	0.5
schrumpfen	neg 1.0		__DUMMY__ 0.9294663764723401 neg 0.03604655456111499 off 0.03448706896654488	false	1.0
geistlos	off 1.0		__DUMMY__ 0.9211751285946729 off 0.044241505629119764 neg 0.034583365776207374	false	1.0
fehlkauf	neg 1.0		__DUMMY__ 0.9225339992139089 off 0.04353490187642919 neg 0.033931098909661894	false	0.5
frustrierend	neg 1.0		__DUMMY__ 0.9214893258405753 off 0.04463752887884724 neg 0.03387314528057747	false	0.5
unzufrieden	neg 1.0		__DUMMY__ 0.9265493866244725 off 0.03954000547704761 neg 0.033910607898479835	false	0.5
verzweifeln	neg 1.0		__DUMMY__ 0.9257735038417119 off 0.04052832595844795 neg 0.033698170199840095	false	0.5
verzweifelt	neg 1.0		__DUMMY__ 0.9229752204394425 off 0.04252271017645652 neg 0.034502069384101046	false	0.5
misstrauensantrag	neg 1.0		__DUMMY__ 0.9227324042419648 off 0.04284787189740754 neg 0.034419723860627686	false	0.5
abfallen	neg 1.0		__DUMMY__ 0.9241466965217154 off 0.04105230981523778 neg 0.03480099366304677	false	0.5
fucker	off 1.0		__DUMMY__ 0.9187548425740857 off 0.04861254759980664 neg 0.032632609826107675	false	1.0
ungezogen	neg 1.0		__DUMMY__ 0.9126728750008606 off 0.05445977017068362 neg 0.03286735482845587	false	0.5
irrsinnig	neg 1.0	neg 1.0	neg 0.5011627341380668 __DUMMY__ 0.4603498551723415 off 0.038487410689591786	false	1.0
unfassbar	neg 1.0		__DUMMY__ 0.9206352576312321 off 0.046417881415270076 neg 0.032946860953497914	false	0.5
hart	neg 1.0		__DUMMY__ 0.9180137870460818 off 0.04647017550959747 neg 0.035516037444320636	false	0.5
widerlich	off 1.0		__DUMMY__ 0.9197143531451425 off 0.046908147974539224 neg 0.03337749888031823	false	1.0
fatal	neg 1.0	neg 1.0	neg 0.5032598986832332 __DUMMY__ 0.456871357472879 off 0.039868743843887826	false	1.0
bruch	neg 1.0		__DUMMY__ 0.9300100330649007 off 0.03570960344449786 neg 0.034280363490601505	false	0.5
aushungern	neg 1.0		__DUMMY__ 0.9245187524012684 off 0.040656865297051266 neg 0.034824382301680334	false	0.5
anspannung	neg 1.0		__DUMMY__ 0.9340683713855036 off 0.03383628357197919 neg 0.032095345042517244	false	0.5
von			__DUMMY__ 0.929656225283121 off 0.03659151606752494 neg 0.033752258649354085	false	0.0
kraftlos	neg 1.0		__DUMMY__ 0.9266705835147796 off 0.03885629076712007 neg 0.03447312571810037	false	0.5
vom			__DUMMY__ 0.9378738044540241 off 0.03126554657669148 neg 0.03086064896928435	false	0.0
grenzdebil	off 1.0		__DUMMY__ 0.9192208715146744 off 0.04664262953531176 neg 0.034136498950013895	false	1.0
vor			__DUMMY__ 0.9302566310512052 off 0.03584639116577004 neg 0.033896977783024834	false	0.0
unterwerfen	neg 1.0		__DUMMY__ 0.9285245613153744 off 0.03865220555241668 neg 0.032823233132208945	false	0.5
versenkung	neg 1.0		__DUMMY__ 0.9288087478249044 off 0.03832476318552208 neg 0.03286648898957356	false	0.5
entziehen	neg 1.0		__DUMMY__ 0.9295965286030037 off 0.036621881211614436 neg 0.03378159018538183	false	0.5
finanzkrise	neg 1.0		__DUMMY__ 0.9191341831902466 off 0.04124440356596464 neg 0.039621413243788726	false	0.5
schimpfend	neg 1.0		__DUMMY__ 0.9262154580283933 off 0.04142870527812234 neg 0.032355836693484345	false	0.5
profan	neg 1.0		__DUMMY__ 0.9222835297702101 off 0.043293362200152265 neg 0.03442310802963762	false	0.5
korruption	neg 1.0		__DUMMY__ 0.9241585678330296 off 0.040003227641083876 neg 0.03583820452588648	false	0.5
â			__DUMMY__ 0.9274012415628863 off 0.038762447396774154 neg 0.03383631104033956	false	0.0
schmutzig	neg 1.0		__DUMMY__ 0.9189751599319882 off 0.04677438198201159 neg 0.03425045808600014	false	0.5
sexy	neg 1.0		__DUMMY__ 0.9227836374143148 off 0.04451732410664965 neg 0.03269903847903551	false	0.5
abraten	neg 1.0		__DUMMY__ 0.924074088786842 off 0.04279771170436085 neg 0.03312819950879711	false	0.5
schwarz	neg 1.0		__DUMMY__ 0.9236752688224417 off 0.04322412402976626 neg 0.0331006071477921	false	0.5
fotze	off 1.0	off 1.0	off 0.5060113281054407 __DUMMY__ 0.4641487452956314 neg 0.029839926598927913	false	1.0
verwirren	neg 1.0		__DUMMY__ 0.9227073822637569 off 0.04356586197078951 neg 0.03372675576545356	false	0.5
zahnlos	off 1.0		__DUMMY__ 0.9258026943134264 off 0.04038940603494481 neg 0.03380789965162871	false	1.0
verheeren	neg 1.0		__DUMMY__ 0.9117074123507064 off 0.05587164707893564 neg 0.03242094057035785	false	0.5
hippie	neg 1.0		__DUMMY__ 0.922408185912331 off 0.044333644731195186 neg 0.03325816935647385	false	0.5
rammen	neg 1.0		__DUMMY__ 0.9262624948383064 off 0.041210461178585095 neg 0.03252704398310849	false	0.5
unlauter	neg 1.0		__DUMMY__ 0.9223444960761711 off 0.04319635244275144 neg 0.034459151481077525	false	0.5
unheilvoll	neg 1.0		__DUMMY__ 0.9235820819396616 off 0.041926371008158825 neg 0.034491547052179605	false	0.5
niedrig	neg 1.0		__DUMMY__ 0.9254452113160005 off 0.03867036831621938 neg 0.03588442036778002	false	0.5
explosion	neg 1.0		__DUMMY__ 0.9230829243541064 off 0.044116657981089956 neg 0.03280041766480353	false	0.5
weichei	off 1.0	off 1.0	off 0.5164848524484367 __DUMMY__ 0.451187799358122 neg 0.0323273481934414	false	1.0
minusmensch	off 1.0		__DUMMY__ 0.9114781692836805 off 0.05592821513638681 neg 0.032593615579932726	false	1.0
farblos	neg 1.0		__DUMMY__ 0.9247763121236493 off 0.041758497835921476 neg 0.03346519004042921	false	0.5
unwissend	neg 1.0	neg 1.0	neg 0.5012133757108769 __DUMMY__ 0.4573614745134201 off 0.04142514977570302	false	1.0
traurig	neg 1.0		__DUMMY__ 0.9186639635334832 off 0.048530496755692654 neg 0.03280553971082414	false	0.5
senkung	neg 1.0		__DUMMY__ 0.918498951554424 off 0.04375755427774937 neg 0.037743494167826755	false	0.5
ungleich	neg 1.0	neg 1.0	neg 0.5013026845331054 __DUMMY__ 0.4634092688947558 off 0.03528804657213874	false	1.0
heikel	neg 1.0		__DUMMY__ 0.9281942725723673 off 0.03777063351716749 neg 0.034035093910465296	false	0.5
drosselung	neg 1.0		__DUMMY__ 0.9169757493735228 off 0.046690744037977704 neg 0.03633350658849948	false	0.5
falsch	neg 1.0		__DUMMY__ 0.9225623543715189 off 0.04468172412635812 neg 0.03275592150212305	false	0.5
unzufriedenheit	neg 1.0		__DUMMY__ 0.9269135999331094 off 0.03777123104878348 neg 0.035315169018107086	false	0.5
kurz	neg 1.0		__DUMMY__ 0.9279614530053795 off 0.03924369843387337 neg 0.032794848560747096	false	0.5
unsinnig	neg 1.0		__DUMMY__ 0.9240618587993786 off 0.04078640137066448 neg 0.035151739829956966	false	0.5
penner	off 1.0	off 1.0	off 0.5180446457244975 __DUMMY__ 0.45070979966405345 neg 0.03124555461144908	false	1.0
seicht	neg 1.0		__DUMMY__ 0.9102040579154865 off 0.054197326516720476 neg 0.035598615567793056	false	0.5
dummheit	off 1.0	off 1.0	off 0.5101108400504274 __DUMMY__ 0.4581600943860856 neg 0.03172906556348695	false	1.0
unerfreulich	neg 1.0		__DUMMY__ 0.9286766252272367 off 0.03745336261172726 neg 0.033870012161036044	false	0.5
motherfucker	off 1.0	off 1.0	off 0.5139495810045654 __DUMMY__ 0.4557044045866603 neg 0.03034601440877432	false	1.0
pikiert	neg 1.0		__DUMMY__ 0.9194914171265517 off 0.0460045369710436 neg 0.03450404590240477	false	0.5
wrack	neg 1.0		__DUMMY__ 0.9321653917834783 off 0.03905871320177983 neg 0.028775895014741884	false	0.5
gangster	neg 1.0		__DUMMY__ 0.9221627920550074 off 0.044462110358918915 neg 0.033375097586073724	false	0.5
krank	neg 1.0		__DUMMY__ 0.9205091731038582 off 0.0464292802872476 neg 0.03306154660889426	false	0.5
reich	neg 1.0		__DUMMY__ 0.9178516902997343 off 0.044823278591049294 neg 0.037325031109216325	false	0.5
gnadenlos	neg 1.0		__DUMMY__ 0.9247389634426911 off 0.042282705396361774 neg 0.03297833116094712	false	0.5
niedergeschlagen	neg 1.0		__DUMMY__ 0.9277856017339878 off 0.03903721624223187 neg 0.033177182023780304	false	0.5
terrorisieren	off 1.0	off 1.0	off 0.5048942603040354 __DUMMY__ 0.4642299071457426 neg 0.030875832550222027	false	1.0
sinnlosigkeit	neg 1.0		__DUMMY__ 0.9263459694644008 off 0.039909190149826246 neg 0.03374484038577288	false	0.5
behindern	neg 1.0		__DUMMY__ 0.9248293201170077 off 0.04095392969468787 neg 0.03421675018830454	false	0.5
undemokratisch	neg 1.0		__DUMMY__ 0.9219732024198178 off 0.04371280666929732 neg 0.034313990910884856	false	0.5
wirtschaftskrise	neg 1.0		__DUMMY__ 0.9234474597125923 off 0.03969242496616553 neg 0.03686011532124202	false	0.5
neid	neg 1.0		__DUMMY__ 0.9219116460981732 off 0.04390436135890425 neg 0.034183992542922544	false	0.5
rutschen	neg 1.0		__DUMMY__ 0.932846996015147 neg 0.03389843077199013 off 0.03325457321286296	false	1.0
rezession	neg 1.0		__DUMMY__ 0.912587978043165 off 0.04907718272712011 neg 0.03833483922971483	false	0.5
fehlgeburt	neg 1.0		__DUMMY__ 0.9262521606948882 off 0.04109672443630462 neg 0.0326511148688072	false	0.5
charakterschwach	off 1.0		__DUMMY__ 0.9194526413752787 off 0.046593452222594346 neg 0.03395390640212694	false	1.0
isolation	neg 1.0		__DUMMY__ 0.9231480477839993 off 0.044509203380078265 neg 0.03234274883592246	false	0.5
ablenkung	neg 1.0		__DUMMY__ 0.926030252277963 off 0.04097449722652677 neg 0.03299525049551014	false	0.5
pech	neg 1.0		__DUMMY__ 0.9211990235595073 off 0.04447343105122961 neg 0.03432754538926308	false	0.5
vermeidung	neg 1.0		__DUMMY__ 0.9188197496095012 off 0.046511982473459196 neg 0.03466826791703963	false	0.5
dominieren	neg 1.0		__DUMMY__ 0.9265508865876456 off 0.04006598573696152 neg 0.03338312767539281	false	0.5
schwindlig	neg 1.0		__DUMMY__ 0.923029487156763 off 0.042425503676344324 neg 0.03454500916689257	false	0.5
lutscher	neg 1.0		__DUMMY__ 0.9093754905900536 off 0.05541263966494539 neg 0.03521186974500095	false	0.5
pflicht	neg 1.0		__DUMMY__ 0.9300967979088755 off 0.036764273546433614 neg 0.03313892854469092	false	0.5
faschist	off 1.0		__DUMMY__ 0.9220671619306798 off 0.04490054740850198 neg 0.033032290660818225	false	1.0
verschleudern	neg 1.0		__DUMMY__ 0.9237635905616769 off 0.038552473803686954 neg 0.03768393563463623	false	0.5
wenn			__DUMMY__ 0.9205085515511086 off 0.04545185015310105 neg 0.034039598295790424	false	0.0
ehebruch	neg 1.0		__DUMMY__ 0.9265344259170721 off 0.039186654684923196 neg 0.03427891939800467	false	0.5
spott	off 1.0		__DUMMY__ 0.9282065874640392 off 0.03904511941219481 neg 0.03274829312376603	false	1.0
trostlosigkeit	neg 1.0		__DUMMY__ 0.9278902669861172 off 0.03667901929117282 neg 0.03543071372271003	false	0.5
lutschen	neg 1.0		__DUMMY__ 0.9227796939008467 off 0.04482630957772006 neg 0.03239399652143329	false	0.5
undiszipliniert	neg 1.0		__DUMMY__ 0.9186370744407322 off 0.047849505195767 neg 0.03351342036350086	false	0.5
kopfschmerz	neg 1.0		__DUMMY__ 0.9243626460624982 off 0.03808996543136422 neg 0.03754738850613767	false	0.5
unvorhergesehen	neg 1.0		__DUMMY__ 0.9306108737543586 off 0.03615533784267417 neg 0.03323378840296729	false	0.5
desinteressiert	neg 1.0		__DUMMY__ 0.9188409410989999 off 0.04743165467810359 neg 0.03372740422289646	false	0.5
armselig	off 1.0		__DUMMY__ 0.9175150202164062 off 0.049499172924869446 neg 0.03298580685872445	false	1.0
desaster	neg 1.0		__DUMMY__ 0.9284351954161142 off 0.036344888957963506 neg 0.03521991562592227	false	0.5
tod	neg 1.0		__DUMMY__ 0.9287944372168823 off 0.037840648897676986 neg 0.03336491388544069	false	0.5
herzlos	neg 1.0		__DUMMY__ 0.9175709122734212 off 0.04890741040391359 neg 0.03352167732266513	false	0.5
unwissenheit	neg 1.0		__DUMMY__ 0.9264276009270422 off 0.039617040243952795 neg 0.033955358829004904	false	0.5
widersinnig	neg 1.0		__DUMMY__ 0.9227873672760547 off 0.0410026365316309 neg 0.03620999619231435	false	0.5
bedenklich	neg 1.0		__DUMMY__ 0.9263402129608391 off 0.03891819688613665 neg 0.034741590153024214	false	0.5
beanstanden	neg 1.0		__DUMMY__ 0.9303643263003296 off 0.03724184007327555 neg 0.0323938336263948	false	0.5
panisch	neg 1.0		__DUMMY__ 0.9243137752191026 off 0.04256657114900323 neg 0.03311965363189409	false	0.5
debil	off 1.0		__DUMMY__ 0.9353000697587343 neg 0.033267262655261046 off 0.03143266758600478	false	0.5
abstrich	neg 1.0		__DUMMY__ 0.9276449498867241 off 0.03892079334522963 neg 0.03343425676804627	false	0.5
primitiv	neg 1.0		__DUMMY__ 0.919107004498576 off 0.04766777701648093 neg 0.0332252184849432	false	0.5
abschaum	off 1.0	off 1.0	off 0.5122298812850766 __DUMMY__ 0.4585279152999963 neg 0.029242203414927042	false	1.0
provozieren	neg 1.0		__DUMMY__ 0.923564160019633 off 0.042296048568489376 neg 0.03413979141187755	false	0.5
tot	neg 1.0		__DUMMY__ 0.927695976267441 off 0.03898389310326807 neg 0.03332013062929088	false	0.5
instabil	neg 1.0		__DUMMY__ 0.9153254143646756 off 0.04970859423457263 neg 0.03496599140075179	false	0.5
schwuchtel	off 1.0	off 1.0	off 0.5239430482201203 __DUMMY__ 0.44555720299072044 neg 0.030499748789159318	false	1.0
zerren	neg 1.0		__DUMMY__ 0.9275421021621849 off 0.03913531454573391 neg 0.0333225832920812	false	0.5
kinderficker	off 1.0		__DUMMY__ 0.9154784976709578 off 0.05148814970102116 neg 0.03303335262802106	false	1.0
gefahr	neg 1.0		__DUMMY__ 0.9297798732307251 off 0.037124242632830144 neg 0.03309588413644479	false	0.5
rabiat	neg 1.0		__DUMMY__ 0.9242342049913339 off 0.0407654561031864 neg 0.03500033890547963	false	0.5
verlangsamung	neg 1.0		__DUMMY__ 0.9128008953990728 off 0.053019163478994887 neg 0.03417994112193221	false	0.5
ausgestorben	neg 1.0		__DUMMY__ 0.9264547514398911 off 0.040349926272302064 neg 0.03319532228780694	false	0.5
anklagen	neg 1.0		__DUMMY__ 0.9263071566096492 off 0.040182210452078836 neg 0.03351063293827187	false	0.5
trott	neg 1.0		__DUMMY__ 0.9252974293043399 off 0.041168772535654305 neg 0.033533798160005804	false	0.5
verminderung	neg 1.0		__DUMMY__ 0.9188350547976869 off 0.0464806888291512 neg 0.03468425637316202	false	0.5
nach			__DUMMY__ 0.935203609453906 neg 0.03253788319019148 off 0.032258507355902556	false	0.0
rost	neg 1.0		__DUMMY__ 0.9160435181268475 off 0.053776585424116216 neg 0.030179896449036358	false	0.5
destruktiv	neg 1.0		__DUMMY__ 0.9241706507481136 off 0.04137499525135153 neg 0.0344543540005349	false	0.5
unzumutbarkeit	neg 1.0		__DUMMY__ 0.921244692057076 off 0.046539972224131664 neg 0.032215335718792315	false	0.5
labil	off 1.0	off 1.0	off 0.5116966881176608 __DUMMY__ 0.45766263752365866 neg 0.030640674358680512	false	1.0
ziemlich	neg 1.0		__DUMMY__ 0.9214212334497037 off 0.046084229613480784 neg 0.032494536936815525	false	0.5
lachnummer	off 1.0		__DUMMY__ 0.9248838659278594 off 0.04203550670513333 neg 0.03308062736700723	false	1.0
oder			__DUMMY__ 0.9255118812161219 off 0.04151511145384668 neg 0.03297300733003141	false	0.0
verfall	neg 1.0		__DUMMY__ 0.9298561473084862 neg 0.03561348740470685 off 0.03453036528680699	false	1.0
ausgrenzung	neg 1.0		__DUMMY__ 0.922019710594626 off 0.04358610118973711 neg 0.034394188215637056	false	0.5
unordnung	neg 1.0		__DUMMY__ 0.9179836624792247 off 0.04988968934371436 neg 0.032126648177060874	false	0.5
fehlverhalten	neg 1.0		__DUMMY__ 0.9280102517509311 off 0.038271051258239513 neg 0.033718696990829404	false	0.5
eine			__DUMMY__ 0.9289312642923967 off 0.03626997284434121 neg 0.03479876286326209	false	0.0
nille	neg 1.0		__DUMMY__ 0.9257336333985406 off 0.041699582901711184 neg 0.03256678369974812	false	0.5
qual	neg 1.0		__DUMMY__ 0.9252814203568569 off 0.04092349215534539 neg 0.03379508748779777	false	0.5
verschwenden	neg 1.0		__DUMMY__ 0.9265208451236727 off 0.03779860805226675 neg 0.035680546824060515	false	0.5
riesig	neg 1.0		__DUMMY__ 0.929565203234898 off 0.037716299785114295 neg 0.03271849697998777	false	0.5
verurteilen	neg 1.0		__DUMMY__ 0.9261368213734783 off 0.040104488790808315 neg 0.03375868983571336	false	0.5
klischee	neg 1.0	neg 1.0	neg 0.5018790867122163 __DUMMY__ 0.4572262998075029 off 0.040894613480280874	false	1.0
diktatorisch	neg 1.0		__DUMMY__ 0.9220708454156942 off 0.04383756950429388 neg 0.03409158508001196	false	0.5
vorhersehbar	neg 1.0		__DUMMY__ 0.921234543027392 off 0.04419326446682149 neg 0.03457219250578644	false	0.5
sowie			__DUMMY__ 0.91437378958045 off 0.05083219098802502 neg 0.034794019431524936	false	0.0
stornieren	neg 1.0		__DUMMY__ 0.9272712837688033 off 0.04347347934930017 neg 0.029255236881896587	false	0.5
besteuerung	neg 1.0	neg 1.0	neg 0.5044328440684606 __DUMMY__ 0.45723985361846575 off 0.03832730231307371	false	1.0
ungeschminkt	neg 1.0		__DUMMY__ 0.9197538924945209 off 0.047157614026837595 neg 0.03308849347864148	false	0.5
kritisch	neg 1.0		__DUMMY__ 0.9265253750151315 off 0.039718638157560465 neg 0.033755986827307974	false	0.5
schlamperei	off 1.0		__DUMMY__ 0.9277251865585565 off 0.03857473725336653 neg 0.03370007618807693	false	1.0
sucht	neg 1.0	neg 1.0	neg 0.4985987975827432 __DUMMY__ 0.46327148382774996 off 0.038129718589506846	false	1.0
egoistisch	off 1.0	off 1.0	off 0.516400511480895 __DUMMY__ 0.4540015080609272 neg 0.029597980458177624	false	1.0
ausbeuter	off 1.0		__DUMMY__ 0.9258668540535993 off 0.038115548872196876 neg 0.03601759707420393	false	1.0
arschgeburt	off 1.0		__DUMMY__ 0.9068839899092239 off 0.05931525463550273 neg 0.033800755455273356	false	1.0
schubs	neg 1.0		__DUMMY__ 0.9257980504428619 off 0.03817282004064137 neg 0.03602912951649679	false	0.5
unsolide	neg 1.0		__DUMMY__ 0.9222186369704358 off 0.04402507957800799 neg 0.0337562834515562	false	0.5
beschwerde	neg 1.0		__DUMMY__ 0.9269416676807533 off 0.0398913255754262 neg 0.03316700674382048	false	0.5
stocken	neg 1.0		__DUMMY__ 0.927184217055736 off 0.03896174189020282 neg 0.03385404105406125	false	0.5
isolieren	neg 1.0		__DUMMY__ 0.9250578393611487 off 0.03985801414917154 neg 0.035084146489679745	false	0.5
unheilbar	neg 1.0		__DUMMY__ 0.9242906717590393 off 0.04164537787191187 neg 0.034063950369048815	false	0.5
pisser	off 1.0	off 1.0	off 0.5143828709278282 __DUMMY__ 0.45670329698509954 neg 0.028913832087072294	false	1.0
löschen	neg 1.0		__DUMMY__ 0.9247501315549194 off 0.041822869153444464 neg 0.033426999291636214	false	0.5
durchfallen	neg 1.0		__DUMMY__ 0.926964689852427 off 0.039384987692385826 neg 0.03365032245518716	false	0.5
wichser	off 1.0	off 1.0	off 0.5205490182036561 __DUMMY__ 0.448488339838076 neg 0.03096264195826789	false	1.0
terror	neg 1.0		__DUMMY__ 0.9229301003718592 off 0.043916187778922866 neg 0.03315371184921791	false	0.5
krass	neg 1.0		__DUMMY__ 0.9168230832389227 off 0.049969746167596 neg 0.03320717059348134	false	0.5
revolte	neg 1.0		__DUMMY__ 0.9187525545473814 off 0.045004325690442715 neg 0.03624311976217583	false	0.5
besorgt	neg 1.0		__DUMMY__ 0.9280529891652408 off 0.03957126893312604 neg 0.03237574190163309	false	0.5
nachlassen	neg 1.0		__DUMMY__ 0.9287190466162019 off 0.03857684949897258 neg 0.032704103884825586	false	0.5
alt	neg 1.0		__DUMMY__ 0.9232372005574178 neg 0.038880521465185364 off 0.03788227797739692	false	1.0
hundesohn	off 1.0	off 1.0	off 0.520050364420959 __DUMMY__ 0.44976123436791243 neg 0.030188401211128552	false	1.0
als			__DUMMY__ 0.9253892510872562 off 0.03970960039928426 neg 0.03490114851345956	false	0.0
abschreckung	neg 1.0		__DUMMY__ 0.927849196240848 off 0.03760912513325497 neg 0.03454167862589701	false	0.5
unqualifiziert	neg 1.0		__DUMMY__ 0.9214879136168173 off 0.04537534671482469 neg 0.03313673966835799	false	0.5
abgewichst	off 1.0		__DUMMY__ 0.9261600831384746 off 0.04094966266251475 neg 0.03289025419901056	false	1.0
schwer	neg 1.0		__DUMMY__ 0.9245448550961073 off 0.04092850771668597 neg 0.03452663718720679	false	0.5
bedeutungslosigkeit	neg 1.0		__DUMMY__ 0.9277539182440485 off 0.03801959486174543 neg 0.03422648689420608	false	0.5
kapitulation	neg 1.0		__DUMMY__ 0.9251250569794257 off 0.03954260175797352 neg 0.03533234126260072	false	0.5
unscharf	neg 1.0		__DUMMY__ 0.919888467324167 off 0.04257191847463526 neg 0.037539614201197814	false	0.5
schwinden	neg 1.0		__DUMMY__ 0.9263343186219513 off 0.03806416808723196 neg 0.035601513290816816	false	0.5
versklavung	neg 1.0	neg 1.0	neg 0.5020271162731328 __DUMMY__ 0.4586413443690553 off 0.03933153935781189	false	1.0
schlecht	neg 1.0		__DUMMY__ 0.9215479780349578 off 0.046266824374248984 neg 0.032185197590793094	false	0.5
verhasst	neg 1.0		__DUMMY__ 0.9230303358147457 off 0.04290867598100192 neg 0.03406098820425237	false	0.5
beschweren	neg 1.0		__DUMMY__ 0.9243519627130422 off 0.043010005032233116 neg 0.03263803225472467	false	0.5
scheiden	neg 1.0		__DUMMY__ 0.924307392081047 off 0.04094977430171277 neg 0.034742833617240364	false	0.5
frustriert	neg 1.0		__DUMMY__ 0.9261221215252825 off 0.04027377138998378 neg 0.03360410708473378	false	0.5
schimmelig	neg 1.0		__DUMMY__ 0.925566368798339 off 0.03809797041575995 neg 0.036335660785901065	false	0.5
fisch	neg 1.0		__DUMMY__ 0.9263976030788976 neg 0.038253717165955124 off 0.03534867975514723	false	1.0
schmuggel	neg 1.0		__DUMMY__ 0.9310494601220569 off 0.03636677832238606 neg 0.03258376155555704	false	0.5
auffallen	neg 1.0		__DUMMY__ 0.922981788802274 off 0.04335924106897592 neg 0.033658970128750056	false	0.5
konkurrenz	neg 1.0		__DUMMY__ 0.9289830079572706 off 0.03765755663498323 neg 0.03335943540774619	false	0.5
teufelskreis	neg 1.0	neg 1.0	neg 0.5034342071407545 __DUMMY__ 0.4592426850481484 off 0.0373231078110972	false	1.0
aufschreien	neg 1.0		__DUMMY__ 0.9215695412501299 off 0.04398222961533266 neg 0.03444822913453746	false	0.5
schuldner	neg 1.0		__DUMMY__ 0.925022657034058 off 0.037857813302107655 neg 0.03711952966383446	false	0.5
missgeburt	off 1.0	off 1.0	off 0.5183383616392669 __DUMMY__ 0.4539972122667987 neg 0.02766442609393451	false	1.0
arbeitslos	neg 1.0		__DUMMY__ 0.9267260550774028 off 0.03940336910785733 neg 0.03387057581473979	false	0.5
befallen	neg 1.0		__DUMMY__ 0.9223853430536938 off 0.040804337548875635 neg 0.036810319397430596	false	0.5
miesepetrig	off 1.0	off 1.0	off 0.5111219267163478 __DUMMY__ 0.4578270161070535 neg 0.031051057176598628	false	1.0
alarmieren	neg 1.0		__DUMMY__ 0.9216158029952896 off 0.04577503189915759 neg 0.032609165105552874	false	0.5
ungeduscht	off 1.0		__DUMMY__ 0.9212780160884773 off 0.04447450641867827 neg 0.03424747749284451	false	1.0
knappheit	neg 1.0		__DUMMY__ 0.9239258747390553 off 0.03967465269217547 neg 0.03639947256876925	false	0.5
schlange	neg 1.0		__DUMMY__ 0.9248287827694115 off 0.04143909493387671 neg 0.03373212229671188	false	0.5
harsch	neg 1.0		__DUMMY__ 0.9200069638947992 off 0.049724410163144425 neg 0.03026862594205631	false	0.5
lang	neg 1.0		__DUMMY__ 0.9242545999649935 off 0.04247913006961792 neg 0.0332662699653886	false	0.5
ziellos	neg 1.0		__DUMMY__ 0.9285845907001524 off 0.03786183184697862 neg 0.03355357745286899	false	0.5
selbstverliebt	neg 1.0		__DUMMY__ 0.9109630362626594 off 0.056506720845138046 neg 0.03253024289220257	false	0.5
beseitigen	neg 1.0		__DUMMY__ 0.927601162411861 off 0.041134454475665674 neg 0.03126438311247333	false	0.5
dumm	off 1.0		__DUMMY__ 0.9146325641807153 off 0.052047179397523124 neg 0.03332025642176162	false	1.0
arbeitsloser	neg 1.0		__DUMMY__ 0.9298508046384064 off 0.03949213935651063 neg 0.030657056005082884	false	0.5
blitzen	neg 1.0		__DUMMY__ 0.9219806171186956 off 0.04481774317707918 neg 0.03320163970422521	false	0.5
hilflos	neg 1.0		__DUMMY__ 0.9265441745287152 off 0.03927974766735595 neg 0.034176077803928895	false	0.5
eklig	off 1.0		__DUMMY__ 0.9127840989111612 off 0.05236158159252245 neg 0.03485431949631634	false	1.0
begriff			__DUMMY__ 0.9253148549860929 off 0.041104940433265735 neg 0.033580204580641405	false	0.0
hungersnot	neg 1.0		__DUMMY__ 0.9243336684329607 off 0.039694302164591876 neg 0.03597202940244746	false	0.5
ungesetzlich	neg 1.0		__DUMMY__ 0.9213495728504044 off 0.04397583131295374 neg 0.034674595836641904	false	0.5
verschwendung	neg 1.0		__DUMMY__ 0.9276360597662766 off 0.0378417914622608 neg 0.03452214877146258	false	0.5
schmerzvoll	neg 1.0		__DUMMY__ 0.9226762636110867 off 0.04265267185372165 neg 0.0346710645351916	false	0.5
vorzeitig	neg 1.0		__DUMMY__ 0.9231939937169525 off 0.045731940860929125 neg 0.031074065422118297	false	0.5
unvollkommenheit	neg 1.0		__DUMMY__ 0.9270792211176381 off 0.03988995106173431 neg 0.03303082782062763	false	0.5
intervenieren	neg 1.0		__DUMMY__ 0.9253179274509539 off 0.03865929603460016 neg 0.03602277651444593	false	0.5
banause	off 1.0		__DUMMY__ 0.9094322439266564 off 0.053750689841459594 neg 0.036817066231883924	false	1.0
rebell	neg 1.0		__DUMMY__ 0.9289050521639519 neg 0.03687151024823913 off 0.03422343758780895	false	1.0
unlogisch	neg 1.0		__DUMMY__ 0.9182773055892723 off 0.048403515087126606 neg 0.03331917932360102	false	0.5
leiden	neg 1.0		__DUMMY__ 0.9321784422926541 off 0.03620284360646035 neg 0.03161871410088554	false	0.5
abschaffung	neg 1.0		__DUMMY__ 0.9225157014368865 off 0.04248006041696474 neg 0.035004238146148746	false	0.5
sturz	neg 1.0		__DUMMY__ 0.9273594799325419 off 0.04311030066495617 neg 0.0295302194025019	false	0.5
verkleinerung	neg 1.0		__DUMMY__ 0.9182999805077118 off 0.04526151086198961 neg 0.03643850863029858	false	0.5
schmarotzer	off 1.0		__DUMMY__ 0.9254765411819008 off 0.040210355557200275 neg 0.03431310326089891	false	1.0
bestrafung	neg 1.0	neg 1.0	neg 0.5001855082126729 __DUMMY__ 0.46165422523373484 off 0.03816026655359227	false	1.0
achtlos	neg 1.0		__DUMMY__ 0.9259962593370205 off 0.040125861385251656 neg 0.033877879277727854	false	0.5
ungeheuer	neg 1.0		__DUMMY__ 0.9226091085254484 off 0.04156514610912273 neg 0.03582574536542883	false	0.5
