unsolidarisch	neg 1.0		off 0.5249431857927425 neg 0.4341974265098531 __DUMMY__ 0.04085938769740454	false	0.5
nachteilig	neg 1.0		off 0.5243471503939529 neg 0.4342278557609482 __DUMMY__ 0.04142499384509896	false	0.5
skeptisch	neg 1.0		off 0.5220511091941049 neg 0.4365607217376637 __DUMMY__ 0.04138816906823134	false	0.5
schrecklich	neg 1.0		off 0.533197897023106 neg 0.42632335031941293 __DUMMY__ 0.04047875265748089	false	0.5
schlapp	neg 1.0	neg 1.0	neg 0.6988066634228771 off 0.2818382626293579 __DUMMY__ 0.01935507394776498	false	1.0
abfall	neg 1.0		off 0.5199813386107338 neg 0.43838725011059876 __DUMMY__ 0.04163141127866736	false	0.5
widerspenstig	neg 1.0		off 0.5238183829045411 neg 0.43521452992360665 __DUMMY__ 0.040967087171852205	false	0.5
abrupt	neg 1.0		off 0.5199645952440699 neg 0.43879128005899 __DUMMY__ 0.04124412469694005	false	0.5
unwirksam	neg 1.0		off 0.5218303375286796 neg 0.43755576284735903 __DUMMY__ 0.040613899623961405	false	0.5
angreifen	neg 1.0		off 0.5212821220549584 neg 0.43731546957949957 __DUMMY__ 0.041402408365542126	false	0.5
inkonsistent	neg 1.0		off 0.5267206100407881 neg 0.43251653061864215 __DUMMY__ 0.040762859340569835	false	0.5
abrutschen	neg 1.0		off 0.5189957992880323 neg 0.43941842758904026 __DUMMY__ 0.04158577312292748	false	0.5
unsicher	neg 1.0		off 0.5262120204410426 neg 0.43264385225873075 __DUMMY__ 0.04114412730022659	false	0.5
bauernkind	off 1.0	off 1.0	off 0.752780208895855 neg 0.2282204988742626 __DUMMY__ 0.018999292229882465	false	1.0
angreifer	neg 1.0		off 0.5318611291796809 neg 0.42703328010351804 __DUMMY__ 0.041105590716801206	false	0.5
trennen	neg 1.0		off 0.5216056650640484 neg 0.43693083780698905 __DUMMY__ 0.04146349712896246	false	0.5
schmutz	neg 1.0		off 0.5317469150796407 neg 0.42705335941148953 __DUMMY__ 0.04119972550886982	false	0.5
inkonsistenz	neg 1.0		off 0.5301682950302112 neg 0.4290538308745099 __DUMMY__ 0.04077787409527893	false	0.5
erschreckend	neg 1.0		off 0.5250273138891004 neg 0.43385449574949475 __DUMMY__ 0.04111819036140476	false	0.5
ertrinken	neg 1.0		off 0.5197614751804767 neg 0.43891720839657816 __DUMMY__ 0.04132131642294521	false	0.5
pickelface	off 1.0		off 0.527056572116745 neg 0.4318397132636889 __DUMMY__ 0.041103714619566196	false	1.0
seiner			off 0.5222439219117654 neg 0.4363174061327921 __DUMMY__ 0.04143867195544256	false	0.0
lauch	neg 1.0	neg 1.0	neg 0.7033046586435301 off 0.27685213609313397 __DUMMY__ 0.019843205263336	false	1.0
unwichtig	neg 1.0		off 0.5297777509901241 neg 0.4294684207777728 __DUMMY__ 0.04075382823210314	false	0.5
steuerhinterziehung	neg 1.0		off 0.5241047468946345 neg 0.4348909907858441 __DUMMY__ 0.041004262319521353	false	0.5
schock	neg 1.0		off 0.5241111738514886 neg 0.43472723878786085 __DUMMY__ 0.04116158736065058	false	0.5
beule	neg 1.0		off 0.5305987030029048 neg 0.428911284084338 __DUMMY__ 0.040490012912757174	false	0.5
vergelten	neg 1.0		off 0.5355035694734005 neg 0.42395368893905183 __DUMMY__ 0.04054274158754753	false	0.5
verdorbenheit	neg 1.0		off 0.5272164094441701 neg 0.43175228088191997 __DUMMY__ 0.04103130967390999	false	0.5
trauma	neg 1.0		off 0.5264634604750175 neg 0.4325990340922978 __DUMMY__ 0.040937505432684866	false	0.5
sinnlos	neg 1.0		off 0.5274176213879138 neg 0.4316292795250697 __DUMMY__ 0.04095309908701651	false	0.5
fettsack	off 1.0	off 1.0	off 0.7542934903075784 neg 0.22666285162152242 __DUMMY__ 0.019043658070899215	false	1.0
feige	off 1.0	off 1.0	off 0.752063334869314 neg 0.22861525406267877 __DUMMY__ 0.019321411068007322	false	1.0
abdanken	neg 1.0		off 0.5259876141296305 neg 0.4328663405771584 __DUMMY__ 0.041146045293211204	false	0.5
wichtigtuer	off 1.0	off 1.0	off 0.7511158134099819 neg 0.2294035081355296 __DUMMY__ 0.019480678454488483	false	1.0
misslingen	neg 1.0		off 0.530470525406588 neg 0.42824386363741856 __DUMMY__ 0.0412856109559935	false	0.5
untreu	off 1.0		off 0.5301171776784341 neg 0.42926493175606556 __DUMMY__ 0.04061789056550023	false	1.0
missmutig	neg 1.0		off 0.5275202805268435 neg 0.4317552921622854 __DUMMY__ 0.04072442731087092	false	0.5
hurenbock	off 1.0		off 0.5233940092919754 neg 0.4358308244360228 __DUMMY__ 0.04077516627200183	false	1.0
betrunken	neg 1.0		off 0.5315331241253758 neg 0.4279902979441392 __DUMMY__ 0.040476577930485064	false	0.5
korrupt	off 1.0		off 0.5229353198344325 neg 0.436096255752911 __DUMMY__ 0.040968424412656475	false	1.0
unmut	neg 1.0		off 0.5205261858053076 neg 0.4379764976840097 __DUMMY__ 0.041497316510682676	false	0.5
hackfresse	off 1.0		off 0.5364018597044095 neg 0.4234626168557589 __DUMMY__ 0.04013552343983167	false	1.0
aufblasen	neg 1.0		off 0.5250446293932309 neg 0.43399135336950373 __DUMMY__ 0.04096401723726536	false	0.5
gewaltsam	neg 1.0		off 0.527117230499872 neg 0.4316529828754404 __DUMMY__ 0.041229786624687556	false	0.5
unbeliebtheit	neg 1.0		off 0.5314851113138583 neg 0.4278029715574855 __DUMMY__ 0.04071191712865616	false	0.5
sturheit	neg 1.0		off 0.5262538699242617 neg 0.4325074329687346 __DUMMY__ 0.041238697107003605	false	0.5
kuh	neg 1.0		off 0.5231116441178186 neg 0.4365364819774823 __DUMMY__ 0.040351873904698944	false	0.5
erschrecken	neg 1.0		off 0.5288849729876641 neg 0.43031385250141674 __DUMMY__ 0.04080117451091906	false	0.5
opfer	neg 1.0		off 0.5245528955427636 neg 0.4340140169831073 __DUMMY__ 0.0414330874741289	false	0.5
sinken	neg 1.0		off 0.5193826583784669 neg 0.4393064857643898 __DUMMY__ 0.041310855857143225	false	0.5
stinktier	neg 1.0		off 0.5316048850266633 neg 0.4284013895127695 __DUMMY__ 0.03999372546056731	false	0.5
tucke	off 1.0		off 0.5355902342807851 neg 0.4246581741831726 __DUMMY__ 0.0397515915360423	false	1.0
ein			off 0.5223228285349473 neg 0.43680168337648423 __DUMMY__ 0.040875488088568404	false	0.0
abstieg	neg 1.0		off 0.5272501038839505 neg 0.43124989016083876 __DUMMY__ 0.04150000595521076	false	0.5
missverstehen	neg 1.0		off 0.5280568643464827 neg 0.43105840875931667 __DUMMY__ 0.04088472689420067	false	0.5
ergebnislos	neg 1.0		off 0.5249623070153715 neg 0.43354038776085824 __DUMMY__ 0.041497305223770216	false	0.5
unter			off 0.5177994864792477 neg 0.44019738371027395 __DUMMY__ 0.04200312981047845	false	0.0
manipulieren	neg 1.0		off 0.5227061489118608 neg 0.4358961655445957 __DUMMY__ 0.04139768554354333	false	0.5
unbewiesen	neg 1.0		off 0.5261576764038396 neg 0.43290517837054926 __DUMMY__ 0.04093714522561132	false	0.5
verschleppen	neg 1.0		off 0.523068942538061 neg 0.4357424489485217 __DUMMY__ 0.04118860851341727	false	0.5
weib	off 1.0		off 0.5376084707873362 neg 0.422455767457735 __DUMMY__ 0.03993576175492877	false	1.0
opposition	neg 1.0		off 0.5257252717316472 neg 0.43345522841468936 __DUMMY__ 0.04081949985366351	false	0.5
verkehrswidrig	neg 1.0		off 0.5379437949510333 neg 0.42138039591862775 __DUMMY__ 0.040675809130339094	false	0.5
inkorrekt	neg 1.0		off 0.5328712683001671 neg 0.42665858026155773 __DUMMY__ 0.04047015143827527	false	0.5
vermeiden	neg 1.0		off 0.5199087765591706 neg 0.43836837847670207 __DUMMY__ 0.04172284496412738	false	0.5
abweichung	neg 1.0		off 0.5245613612927574 neg 0.4341682847190672 __DUMMY__ 0.04127035398817526	false	0.5
alkoholisiert	neg 1.0		off 0.5248493646588193 neg 0.4335040405015381 __DUMMY__ 0.041646594839642614	false	0.5
scheiss	off 1.0	off 1.0	off 0.7526185317603888 neg 0.22812845470081544 __DUMMY__ 0.019253013538795733	false	1.0
herausforderung	neg 1.0		off 0.5237821109063785 neg 0.4349790274425576 __DUMMY__ 0.04123886165106397	false	0.5
pervers	off 1.0		off 0.5398539429860302 neg 0.42032531428487946 __DUMMY__ 0.03982074272909031	false	1.0
wackelig	neg 1.0		off 0.5236224121813318 neg 0.4351343638091808 __DUMMY__ 0.041243224009487475	false	0.5
verwickeln	neg 1.0		off 0.5269248475762952 neg 0.43216587337266826 __DUMMY__ 0.04090927905103655	false	0.5
vorwand	neg 1.0		off 0.5211898260298975 neg 0.4373666322845402 __DUMMY__ 0.04144354168556226	false	0.5
muschi	off 1.0		off 0.5269308802236905 neg 0.43182909522608065 __DUMMY__ 0.04124002455022879	false	1.0
entmutigung	neg 1.0		off 0.524708639765005 neg 0.4346745657533168 __DUMMY__ 0.04061679448167823	false	0.5
unangemessen	neg 1.0		off 0.5251321327455043 neg 0.4336883094390731 __DUMMY__ 0.04117955781542248	false	0.5
unstetig	neg 1.0		off 0.5298942614481312 neg 0.4292518429494458 __DUMMY__ 0.04085389560242287	false	0.5
entmutigen	neg 1.0		off 0.5260314312789391 neg 0.43300085046635434 __DUMMY__ 0.04096771825470654	false	0.5
schwanz	neg 1.0		off 0.5245397714319963 neg 0.4341613789889219 __DUMMY__ 0.041298849579081816	false	0.5
verbot	neg 1.0		off 0.5235401136929346 neg 0.4353912052324179 __DUMMY__ 0.04106868107464736	false	0.5
leid	neg 1.0		off 0.5343240794396455 neg 0.4253308857234312 __DUMMY__ 0.040345034836923296	false	0.5
archaisch	neg 1.0		off 0.5243572767633332 neg 0.4344994914187381 __DUMMY__ 0.04114323181792863	false	0.5
gegen			off 0.5221774973079506 neg 0.43623709259961085 __DUMMY__ 0.04158541009243856	false	0.0
scheidung	neg 1.0		off 0.5456250970851861 neg 0.4144765605131121 __DUMMY__ 0.03989834240170181	false	0.5
einschlag	neg 1.0		off 0.5364524302055768 neg 0.4228271564795277 __DUMMY__ 0.04072041331489546	false	0.5
m			off 0.5242995237914396 neg 0.43446571537659884 __DUMMY__ 0.041234760831961585	false	0.0
abgestanden	neg 1.0		off 0.5203762221612899 neg 0.4390844429870074 __DUMMY__ 0.04053933485170287	false	0.5
schmierig	off 1.0		off 0.5330452023843233 neg 0.4266721387201206 __DUMMY__ 0.040282658895556295	false	1.0
unpraktisch	neg 1.0		off 0.5271842334399007 neg 0.43181098884075025 __DUMMY__ 0.041004777719349066	false	0.5
wixxer	off 1.0		off 0.5391361132176279 neg 0.4211605906730789 __DUMMY__ 0.03970329610929332	false	1.0
bezeichnet			off 0.5267329005189266 neg 0.4321458074094312 __DUMMY__ 0.041121292071642106	false	0.0
jammerlappen	off 1.0		off 0.5296477642478281 neg 0.42964217255321585 __DUMMY__ 0.040710063198955926	false	1.0
farce	neg 1.0		off 0.5245730337327951 neg 0.4344886301501977 __DUMMY__ 0.04093833611700734	false	0.5
zwecklos	neg 1.0		off 0.5235557471937966 neg 0.4352730991973282 __DUMMY__ 0.04117115360887526	false	0.5
turbulent	neg 1.0		off 0.5308931679711639 neg 0.4286103854708543 __DUMMY__ 0.04049644655798181	false	0.5
invasion	neg 1.0		off 0.527826228922271 neg 0.4312877111753876 __DUMMY__ 0.04088605990234138	false	0.5
schuld	neg 1.0		off 0.5267947501482091 neg 0.4322084301780308 __DUMMY__ 0.04099681967376016	false	0.5
risiko	neg 1.0		off 0.5257598669722866 neg 0.43348080406097095 __DUMMY__ 0.040759328966742336	false	0.5
finster	neg 1.0		off 0.5229101275534862 neg 0.4362475990950032 __DUMMY__ 0.04084227335151055	false	0.5
geisteskrank	off 1.0		off 0.5318664972134672 neg 0.4275782983335523 __DUMMY__ 0.04055520445298056	false	1.0
zusammenbrechen	neg 1.0		off 0.5233044887392294 neg 0.43556750827297164 __DUMMY__ 0.041128002987798964	false	0.5
ausbeute	neg 1.0		off 0.5262971792530173 neg 0.4324323568835251 __DUMMY__ 0.04127046386345758	false	0.5
hinterhalt	neg 1.0		off 0.5250433762884773 neg 0.4337821668730255 __DUMMY__ 0.0411744568384973	false	0.5
kritik	neg 1.0		off 0.5243638924921423 neg 0.43467850184097473 __DUMMY__ 0.04095760566688298	false	0.5
einschrumpfen	neg 1.0		off 0.529002094715599 neg 0.4303940053947846 __DUMMY__ 0.040603899889616456	false	0.5
riskant	neg 1.0		off 0.5218281913377719 neg 0.4368343249681801 __DUMMY__ 0.041337483694048036	false	0.5
frustrieren	neg 1.0		off 0.522167755933503 neg 0.4365876922753729 __DUMMY__ 0.041244551791124066	false	0.5
groll	neg 1.0		off 0.5248634266538217 neg 0.4338773698971116 __DUMMY__ 0.04125920344906659	false	0.5
gibt			off 0.5238585064138985 neg 0.43490366242330797 __DUMMY__ 0.041237831162793503	false	0.0
qualvoll	neg 1.0		off 0.5267110459297316 neg 0.43242731285675384 __DUMMY__ 0.040861641213514564	false	0.5
wackeln	neg 1.0		off 0.5248955396387478 neg 0.4340733461850178 __DUMMY__ 0.041031114176234514	false	0.5
klagen	neg 1.0		off 0.5207982050946256 neg 0.43782753191771545 __DUMMY__ 0.041374262987658936	false	0.5
bankrott	neg 1.0		off 0.5304348927862826 neg 0.4287177992776481 __DUMMY__ 0.040847307936069395	false	0.5
trauern	neg 1.0		off 0.5249421193125685 neg 0.43345358026656183 __DUMMY__ 0.041604300420869614	false	0.5
ablehnung	neg 1.0		off 0.5239768529465446 neg 0.435012086908582 __DUMMY__ 0.04101106014487345	false	0.5
stur	neg 1.0		off 0.525885363644239 neg 0.4331996931531671 __DUMMY__ 0.040914943202593784	false	0.5
aufruhr	neg 1.0		off 0.5251866351818051 neg 0.4338238373738324 __DUMMY__ 0.04098952744436243	false	0.5
melancholie	neg 1.0		off 0.5190295356264778 neg 0.4398541797230435 __DUMMY__ 0.04111628465047863	false	0.5
ist			off 0.5270112813746449 neg 0.4320369961759133 __DUMMY__ 0.040951722449441744	false	0.0
torheit	neg 1.0		off 0.5269891186875302 neg 0.43201928382762017 __DUMMY__ 0.040991597484849644	false	0.5
dreckskind	off 1.0		off 0.5373626005235964 neg 0.42258152823014045 __DUMMY__ 0.0400558712462631	false	1.0
umtauschen	neg 1.0		off 0.5246736188732251 neg 0.4342767653847779 __DUMMY__ 0.04104961574199695	false	0.5
zum			off 0.5224735814902958 neg 0.4355773278683341 __DUMMY__ 0.04194909064137028	false	0.0
zersetzen	neg 1.0		off 0.5206903267765658 neg 0.4380583986490941 __DUMMY__ 0.04125127457434006	false	0.5
zur			off 0.5203939225659954 neg 0.43785579920501755 __DUMMY__ 0.041750278228987095	false	0.0
frust	neg 1.0		off 0.5231615427963511 neg 0.435687723646202 __DUMMY__ 0.04115073355744705	false	0.5
unerbittlichkeit	neg 1.0		off 0.5236058582337779 neg 0.43499279198284174 __DUMMY__ 0.04140134978338039	false	0.5
zwei			off 0.5192150583997759 neg 0.43907191879848195 __DUMMY__ 0.04171302280174205	false	0.0
unkorrekt	neg 1.0		off 0.5316605653187365 neg 0.4278219627875926 __DUMMY__ 0.040517471893670914	false	0.5
hexe	off 1.0		off 0.5266513374491457 neg 0.4328900449093018 __DUMMY__ 0.04045861764155268	false	1.0
lasch	neg 1.0		off 0.5288118160980607 neg 0.43043455774617206 __DUMMY__ 0.04075362615576711	false	0.5
rivale	neg 1.0		off 0.5339242090799453 neg 0.4255458080719728 __DUMMY__ 0.04052998284808198	false	0.5
mutlos	off 1.0	off 1.0	off 0.7486028492869485 neg 0.23173701590952445 __DUMMY__ 0.01966013480352694	false	1.0
wirr	off 1.0		off 0.5325289919772618 neg 0.4271439075361436 __DUMMY__ 0.040327100486594616	false	1.0
jahr			off 0.5255985740586671 neg 0.4327064116300682 __DUMMY__ 0.04169501431126464	false	0.0
wird			off 0.5236603877055462 neg 0.4350466621886193 __DUMMY__ 0.041292950105834406	false	0.0
strafbar	neg 1.0		off 0.5229407060469486 neg 0.435702995781013 __DUMMY__ 0.04135629817203824	false	0.5
erosion	neg 1.0		off 0.5264682231035253 neg 0.4324317717747313 __DUMMY__ 0.04110000512174348	false	0.5
eingehen	neg 1.0		off 0.5218000892374616 neg 0.4369640504631815 __DUMMY__ 0.041235860299356976	false	0.5
faul	off 1.0		off 0.5292042350996135 neg 0.43002559388922085 __DUMMY__ 0.04077017101116581	false	1.0
provisorium	neg 1.0		off 0.5182418685967511 neg 0.4397270432915822 __DUMMY__ 0.042031088111666795	false	0.5
schmerzen	neg 1.0		off 0.5227925860330404 neg 0.4362440170034801 __DUMMY__ 0.04096339696347963	false	0.5
schrumpfen	neg 1.0		off 0.5171868279261719 neg 0.4413650897828957 __DUMMY__ 0.04144808229093243	false	0.5
geistlos	off 1.0		off 0.5272614098078416 neg 0.4319715393337002 __DUMMY__ 0.040767050858458075	false	1.0
fehlkauf	neg 1.0		off 0.5275702766280228 neg 0.4315768090793921 __DUMMY__ 0.04085291429258508	false	0.5
frustrierend	neg 1.0		off 0.5284583037727323 neg 0.43076397889243445 __DUMMY__ 0.040777717334833194	false	0.5
unzufrieden	neg 1.0		off 0.5237382114239547 neg 0.43504442007083705 __DUMMY__ 0.04121736850520822	false	0.5
verzweifeln	neg 1.0		off 0.524872700562876 neg 0.43398266955421455 __DUMMY__ 0.04114462988290946	false	0.5
verzweifelt	neg 1.0		off 0.5259790755625884 neg 0.4331035065737659 __DUMMY__ 0.040917417863645715	false	0.5
misstrauensantrag	neg 1.0		off 0.5266820295127391 neg 0.43247022198141943 __DUMMY__ 0.04084774850584157	false	0.5
abfallen	neg 1.0		off 0.524813394874745 neg 0.4342236122962449 __DUMMY__ 0.040962992829009996	false	0.5
fucker	off 1.0		off 0.5330849876184761 neg 0.4263557376027462 __DUMMY__ 0.04055927477877788	false	1.0
ungezogen	neg 1.0		off 0.538428571354832 neg 0.4215632217728464 __DUMMY__ 0.040008206872321615	false	0.5
irrsinnig	neg 1.0	neg 1.0	neg 0.7005214163943182 off 0.2799647058309148 __DUMMY__ 0.019513877774766954	false	1.0
unfassbar	neg 1.0		off 0.5309782287504938 neg 0.42832093043511277 __DUMMY__ 0.04070084081439344	false	0.5
hart	neg 1.0		off 0.5290140349825462 neg 0.4305408878913659 __DUMMY__ 0.04044507712608798	false	0.5
widerlich	off 1.0		off 0.5310316874061142 neg 0.4283476755721634 __DUMMY__ 0.040620637021722444	false	1.0
fatal	neg 1.0	neg 1.0	neg 0.7009906168280724 off 0.27965988654015295 __DUMMY__ 0.019349496631774647	false	1.0
bruch	neg 1.0		off 0.519914809544954 neg 0.4385991874117701 __DUMMY__ 0.04148600304327576	false	0.5
aushungern	neg 1.0		off 0.5235950856124236 neg 0.43535706279906417 __DUMMY__ 0.04104785158851202	false	0.5
anspannung	neg 1.0		off 0.5203564101552228 neg 0.43784385087565114 __DUMMY__ 0.04179973896912596	false	0.5
von			off 0.5215416969511764 neg 0.4370267394654234 __DUMMY__ 0.0414315635834002	false	0.0
kraftlos	neg 1.0		off 0.522808527367415 neg 0.43599370104314644 __DUMMY__ 0.04119777158943856	false	0.5
vom			off 0.5196258463543113 neg 0.4382813775588093 __DUMMY__ 0.042092776086879405	false	0.0
grenzdebil	off 1.0		off 0.5301419350600596 neg 0.42928195941750114 __DUMMY__ 0.04057610552243938	false	1.0
vor			off 0.5206059978659204 neg 0.4378778763867678 __DUMMY__ 0.04151612574731182	false	0.0
unterwerfen	neg 1.0		off 0.523913419505806 neg 0.434730377253318 __DUMMY__ 0.04135620324087599	false	0.5
versenkung	neg 1.0		off 0.5235078484370446 neg 0.43508735193364423 __DUMMY__ 0.04140479962931125	false	0.5
entziehen	neg 1.0		off 0.5212362211848605 neg 0.4373021481148041 __DUMMY__ 0.04146163070033529	false	0.5
finanzkrise	neg 1.0		off 0.5201767211310251 neg 0.4392332643715953 __DUMMY__ 0.04059001449737957	false	0.5
schimpfend	neg 1.0		off 0.5274230781879388 neg 0.43147620725083 __DUMMY__ 0.0411007145612312	false	0.5
profan	neg 1.0		off 0.5268488645673739 neg 0.4323164746866075 __DUMMY__ 0.04083466074601853	false	0.5
korruption	neg 1.0		off 0.5223135693850834 neg 0.4366777869398492 __DUMMY__ 0.04100864367506733	false	0.5
â			off 0.5235766553411204 neg 0.4351728286544611 __DUMMY__ 0.04125051600441846	false	0.0
schmutzig	neg 1.0		off 0.5300978015376554 neg 0.4293462191637513 __DUMMY__ 0.04055597929859338	false	0.5
sexy	neg 1.0		off 0.5296001392428304 neg 0.42952447302327884 __DUMMY__ 0.040875387733890656	false	0.5
abraten	neg 1.0		off 0.5276944032035857 neg 0.4313312816231961 __DUMMY__ 0.04097431517321803	false	0.5
schwarz	neg 1.0		off 0.5280388090561434 neg 0.43100652600639566 __DUMMY__ 0.040954664937460944	false	0.5
fotze	off 1.0	off 1.0	off 0.7495385195468994 neg 0.2307785126678648 __DUMMY__ 0.019682967785235803	false	1.0
verwirren	neg 1.0		off 0.5276732066066385 neg 0.4314497861237488 __DUMMY__ 0.04087700726961255	false	0.5
zahnlos	off 1.0		off 0.5245138592447033 neg 0.4343294673267307 __DUMMY__ 0.04115667342856606	false	1.0
verheeren	neg 1.0		off 0.539634720356802 neg 0.42041553735876963 __DUMMY__ 0.039949742284428304	false	0.5
hippie	neg 1.0		off 0.5288476484575455 neg 0.43029875527476535 __DUMMY__ 0.04085359626768916	false	0.5
rammen	neg 1.0		off 0.5271081925405215 neg 0.4318112179934231 __DUMMY__ 0.04108058946605532	false	0.5
unlauter	neg 1.0		off 0.5265970030878705 neg 0.4325708414281852 __DUMMY__ 0.040832155483944324	false	0.5
unheilvoll	neg 1.0		off 0.525898395372404 neg 0.43320075161827126 __DUMMY__ 0.04090085300932484	false	0.5
niedrig	neg 1.0		off 0.5214436062621787 neg 0.4374843788752585 __DUMMY__ 0.041072014862562685	false	0.5
explosion	neg 1.0		off 0.5291651963507042 neg 0.4299440222340891 __DUMMY__ 0.04089078141520654	false	0.5
weichei	off 1.0	off 1.0	off 0.7537316692632461 neg 0.22721528850439612 __DUMMY__ 0.01905304223235776	false	1.0
minusmensch	off 1.0		off 0.5394252259689797 neg 0.42061965682387004 __DUMMY__ 0.03995511720715027	false	1.0
farblos	neg 1.0		off 0.5268473342594115 neg 0.43218260948492854 __DUMMY__ 0.04097005625565982	false	0.5
unwissend	neg 1.0	neg 1.0	neg 0.6990443912214398 off 0.28159459409635956 __DUMMY__ 0.019361014682200493	false	1.0
traurig	neg 1.0		off 0.5330412082058658 neg 0.426436622159237 __DUMMY__ 0.04052216963489721	false	0.5
senkung	neg 1.0		off 0.5243587126100376 neg 0.4351341637236029 __DUMMY__ 0.04050712366635954	false	0.5
ungleich	neg 1.0	neg 1.0	neg 0.7021828854779651 off 0.2781533049277526 __DUMMY__ 0.01966380959428239	false	1.0
heikel	neg 1.0		off 0.5221360019393467 neg 0.43652382180296984 __DUMMY__ 0.04134017625768332	false	0.5
drosselung	neg 1.0		off 0.5284353729168331 neg 0.4311922020388064 __DUMMY__ 0.0403724250443606	false	0.5
falsch	neg 1.0		off 0.5296781391191429 neg 0.4294706870944973 __DUMMY__ 0.04085117378635985	false	0.5
unzufriedenheit	neg 1.0		off 0.5207901274808212 neg 0.4379569053789579 __DUMMY__ 0.04125296714022088	false	0.5
kurz	neg 1.0		off 0.5248766536439191 neg 0.43383177184213584 __DUMMY__ 0.04129157451394506	false	0.5
unsinnig	neg 1.0		off 0.5237633328593884 neg 0.43522546619404445 __DUMMY__ 0.041011200946567176	false	0.5
penner	off 1.0	off 1.0	off 0.7550055828939242 neg 0.2259577460537691 __DUMMY__ 0.019036671052306692	false	1.0
seicht	neg 1.0		off 0.5354098441405465 neg 0.42473721645377766 __DUMMY__ 0.03985293940567593	false	0.5
dummheit	off 1.0	off 1.0	off 0.7505330604587641 neg 0.2300574250663233 __DUMMY__ 0.019409514474912546	false	1.0
unerfreulich	neg 1.0		off 0.5220576416929228 neg 0.4365682592149297 __DUMMY__ 0.041374099092147544	false	0.5
motherfucker	off 1.0	off 1.0	off 0.7532341577025301 neg 0.22747590829159964 __DUMMY__ 0.019289934005870275	false	1.0
pikiert	neg 1.0		off 0.5292195797967595 neg 0.43017137085947427 __DUMMY__ 0.040609049343766156	false	0.5
wrack	neg 1.0		off 0.5284096595856109 neg 0.43001986502077033 __DUMMY__ 0.04157047539361877	false	0.5
gangster	neg 1.0		off 0.5289246946951822 neg 0.4302454494723559 __DUMMY__ 0.040829855832461855	false	0.5
krank	neg 1.0		off 0.5311268014027982 neg 0.4282188248559501 __DUMMY__ 0.04065437374125177	false	0.5
reich	neg 1.0		off 0.5258527108699202 neg 0.43370348219026056 __DUMMY__ 0.040443806939819305	false	0.5
gnadenlos	neg 1.0		off 0.5270541455691505 neg 0.43188791556931816 __DUMMY__ 0.0410579388615314	false	0.5
niedergeschlagen	neg 1.0		off 0.5243024123004911 neg 0.4344075264607208 __DUMMY__ 0.041290061238788124	false	0.5
terrorisieren	off 1.0	off 1.0	off 0.7481574771386776 neg 0.2321340947432807 __DUMMY__ 0.019708428118041632	false	1.0
sinnlosigkeit	neg 1.0		off 0.5242145467421577 neg 0.4345947675367057 __DUMMY__ 0.04119068572113666	false	0.5
behindern	neg 1.0		off 0.525159930153287 neg 0.43380232663149076 __DUMMY__ 0.041037743215222335	false	0.5
undemokratisch	neg 1.0		off 0.5268701925095547 neg 0.43229723580105944 __DUMMY__ 0.04083257168938588	false	0.5
wirtschaftskrise	neg 1.0		off 0.5211525882209106 neg 0.437902493662683 __DUMMY__ 0.04094491811640637	false	0.5
neid	neg 1.0		off 0.5278422252885469 neg 0.4313795417572679 __DUMMY__ 0.0407782329541853	false	0.5
rutschen	neg 1.0		off 0.5185686774900493 neg 0.439741627648521 __DUMMY__ 0.04168969486142972	false	0.5
rezession	neg 1.0		off 0.5283466616562758 neg 0.4316110631935922 __DUMMY__ 0.04004227515013204	false	0.5
fehlgeburt	neg 1.0		off 0.5268982378150847 neg 0.43200097794170417 __DUMMY__ 0.04110078424321107	false	0.5
charakterschwach	off 1.0		off 0.5301739845684834 neg 0.4292176632156361 __DUMMY__ 0.04060835221588059	false	1.0
isolation	neg 1.0		off 0.5300435490843975 neg 0.4290646810862333 __DUMMY__ 0.04089176982936912	false	0.5
ablenkung	neg 1.0		off 0.526043934581855 neg 0.43281042985577417 __DUMMY__ 0.041145635562370816	false	0.5
pech	neg 1.0		off 0.5284726957588702 neg 0.43082833222465056 __DUMMY__ 0.04069897201647917	false	0.5
vermeidung	neg 1.0		off 0.5297636553277931 neg 0.42970892499986096 __DUMMY__ 0.04052741967234598	false	0.5
dominieren	neg 1.0		off 0.5248152994857463 neg 0.433999912454934 __DUMMY__ 0.04118478805931962	false	0.5
schwindlig	neg 1.0		off 0.5264816207057146 neg 0.4326739129913756 __DUMMY__ 0.04084446630291001	false	0.5
lutscher	neg 1.0		off 0.5371052326688041 neg 0.42314118628419417 __DUMMY__ 0.03975358104700168	false	0.5
pflicht	neg 1.0		off 0.5219115277023104 neg 0.4365807863023735 __DUMMY__ 0.0415076859953161	false	0.5
faschist	off 1.0		off 0.5291754525322105 neg 0.4299933287411751 __DUMMY__ 0.04083121872661442	false	1.0
verschleudern	neg 1.0		off 0.5194652017085619 neg 0.43956137895713593 __DUMMY__ 0.04097341933430209	false	0.5
wenn			off 0.5290625964028521 neg 0.43023696875694445 __DUMMY__ 0.040700434840203484	false	0.0
ehebruch	neg 1.0		off 0.5230442971552156 neg 0.43574868368347575 __DUMMY__ 0.04120701916130854	false	0.5
spott	off 1.0		off 0.5242945604525617 neg 0.4343648600600865 __DUMMY__ 0.041340579487351634	false	1.0
trostlosigkeit	neg 1.0		off 0.5198014431243435 neg 0.43888476627190465 __DUMMY__ 0.04131379060375202	false	0.5
lutschen	neg 1.0		off 0.530213624102991 neg 0.4289371155684266 __DUMMY__ 0.04084926032858239	false	0.5
undiszipliniert	neg 1.0		off 0.5319336649786514 neg 0.42755088001352437 __DUMMY__ 0.04051545500782426	false	0.5
kopfschmerz	neg 1.0		off 0.5198334259009263 neg 0.4392017451201412 __DUMMY__ 0.04096482897893245	false	0.5
unvorhergesehen	neg 1.0		off 0.5219817683939569 neg 0.43654725563412344 __DUMMY__ 0.04147097597191969	false	0.5
desinteressiert	neg 1.0		off 0.5312603345858111 neg 0.42819630708044154 __DUMMY__ 0.0405433583337474	false	0.5
armselig	off 1.0		off 0.5335923251723995 neg 0.42595669434174216 __DUMMY__ 0.04045098048585834	false	1.0
desaster	neg 1.0		off 0.5195897339765598 neg 0.43903455661500435 __DUMMY__ 0.04137570940843574	false	0.5
tod	neg 1.0		off 0.5232123499590171 neg 0.43546636443169273 __DUMMY__ 0.0413212856092902	false	0.5
herzlos	neg 1.0		off 0.5326932911695311 neg 0.4268647173244818 __DUMMY__ 0.04044199150598718	false	0.5
unwissenheit	neg 1.0		off 0.5237907520872949 neg 0.43501559125215206 __DUMMY__ 0.04119365666055292	false	0.5
widersinnig	neg 1.0		off 0.5228315251766829 neg 0.43625781997677826 __DUMMY__ 0.04091065484653877	false	0.5
bedenklich	neg 1.0		off 0.5224844218125309 neg 0.43631979531759985 __DUMMY__ 0.0411957828698693	false	0.5
beanstanden	neg 1.0		off 0.5230647994162899 neg 0.4354139087129502 __DUMMY__ 0.04152129187075968	false	0.5
panisch	neg 1.0		off 0.5275935853359202 neg 0.4314299188421641 __DUMMY__ 0.04097649582191575	false	0.5
debil	off 1.0		off 0.5177409891579761 neg 0.4403866696919749 __DUMMY__ 0.04187234115004914	false	1.0
abstrich	neg 1.0		off 0.5249533945400827 neg 0.43390042175534227 __DUMMY__ 0.04114618370457498	false	0.5
primitiv	neg 1.0		off 0.531800381081711 neg 0.4276240338276946 __DUMMY__ 0.04057558509059451	false	0.5
abschaum	off 1.0	off 1.0	off 0.7528915664078454 neg 0.22768615554856161 __DUMMY__ 0.019422278043592957	false	1.0
provozieren	neg 1.0		off 0.5260731768137177 neg 0.4329626569112421 __DUMMY__ 0.04096416627504025	false	0.5
tot	neg 1.0		off 0.5244827990033036 neg 0.4343145264294429 __DUMMY__ 0.04120267456725355	false	0.5
instabil	neg 1.0		off 0.5320400496473607 neg 0.42770220501030165 __DUMMY__ 0.04025774534233752	false	0.5
schwuchtel	off 1.0	off 1.0	off 0.7583883822403692 neg 0.22281598790358645 __DUMMY__ 0.01879562985604433	false	1.0
zerren	neg 1.0		off 0.524056411875849 neg 0.4346626419097293 __DUMMY__ 0.04128094621442162	false	0.5
kinderficker	off 1.0		off 0.535317519636987 neg 0.42440701912439815 __DUMMY__ 0.04027546123861484	false	1.0
gefahr	neg 1.0		off 0.522233893264508 neg 0.43629835832609115 __DUMMY__ 0.04146774840940079	false	0.5
rabiat	neg 1.0		off 0.5240105442198625 neg 0.43496636259866245 __DUMMY__ 0.04102309318147496	false	0.5
verlangsamung	neg 1.0		off 0.5353943224293299 neg 0.42456572763521483 __DUMMY__ 0.04003994993545527	false	0.5
ausgestorben	neg 1.0		off 0.5252305777619142 neg 0.4335806224156273 __DUMMY__ 0.04118879982245852	false	0.5
anklagen	neg 1.0		off 0.524658714621063 neg 0.43417396066112734 __DUMMY__ 0.04116732471780974	false	0.5
trott	neg 1.0		off 0.5259296515386266 neg 0.43298656142279013 __DUMMY__ 0.04108378703858333	false	0.5
verminderung	neg 1.0		off 0.5298147827669206 neg 0.42966185275746327 __DUMMY__ 0.04052336447561619	false	0.5
nach			off 0.5189671506513962 neg 0.4391400536565827 __DUMMY__ 0.04189279569202106	false	0.0
rost	neg 1.0		off 0.5400131632321603 neg 0.4197110692425119 __DUMMY__ 0.04027576752532777	false	0.5
destruktiv	neg 1.0		off 0.5249645655739078 neg 0.43402647871797573 __DUMMY__ 0.041008955708116475	false	0.5
unzumutbarkeit	neg 1.0		off 0.5318496847016131 neg 0.4274402596229314 __DUMMY__ 0.04071005567545548	false	0.5
labil	off 1.0	off 1.0	off 0.7519093901324497 neg 0.22870547389258436 __DUMMY__ 0.019385135974965936	false	1.0
ziemlich	neg 1.0		off 0.5310920671406912 neg 0.4281577210288572 __DUMMY__ 0.04075021183045155	false	0.5
lachnummer	off 1.0		off 0.5266157986863496 neg 0.4323015583658014 __DUMMY__ 0.041082642947849	false	1.0
oder			off 0.5266738984412621 neg 0.4322355923072937 __DUMMY__ 0.04109050925144405	false	0.0
verfall	neg 1.0		off 0.5177693626107962 neg 0.4407493018262392 __DUMMY__ 0.04148133556296459	false	0.5
ausgrenzung	neg 1.0		off 0.5267331700991281 neg 0.43243842929747606 __DUMMY__ 0.04082840060339585	false	0.5
unordnung	neg 1.0		off 0.534927861060453 neg 0.4246329051364816 __DUMMY__ 0.04043923380306531	false	0.5
fehlverhalten	neg 1.0		off 0.5226773620544579 neg 0.4359857425595136 __DUMMY__ 0.04133689538602857	false	0.5
eine			off 0.5202303953447059 neg 0.43836534850753606 __DUMMY__ 0.041404256147758035	false	0.0
nille	neg 1.0		off 0.5270272575698008 neg 0.431841188980745 __DUMMY__ 0.04113155344945416	false	0.5
qual	neg 1.0		off 0.5254430718060569 neg 0.43347190997651236 __DUMMY__ 0.04108501821743081	false	0.5
verschwenden	neg 1.0		off 0.5207965425020954 neg 0.438004311104097 __DUMMY__ 0.04119914639380763	false	0.5
riesig	neg 1.0		off 0.5238028059512136 neg 0.43481191785949797 __DUMMY__ 0.04138527618928848	false	0.5
verurteilen	neg 1.0		off 0.5242560467654215 neg 0.43456808468870706 __DUMMY__ 0.041175868545871484	false	0.5
klischee	neg 1.0	neg 1.0	neg 0.6997973130219748 off 0.28083603931199397 __DUMMY__ 0.019366647666031318	false	1.0
diktatorisch	neg 1.0		off 0.5271509902318928 neg 0.43200943439113704 __DUMMY__ 0.04083957537697018	false	0.5
vorhersehbar	neg 1.0		off 0.527369648862776 neg 0.43185869381774766 __DUMMY__ 0.040771657319476406	false	0.5
sowie			off 0.5333253989860867 neg 0.4264952936257975 __DUMMY__ 0.04017930738811579	false	0.0
stornieren	neg 1.0		off 0.5316971807877501 neg 0.42710185366255554 __DUMMY__ 0.04120096554969434	false	0.5
besteuerung	neg 1.0	neg 1.0	neg 0.7023604660079417 off 0.2782934076743701 __DUMMY__ 0.019346126317688343	false	1.0
ungeschminkt	neg 1.0		off 0.532048293150688 neg 0.42738212182540286 __DUMMY__ 0.04056958502390925	false	0.5
kritisch	neg 1.0		off 0.5239243536733772 neg 0.43486029483160843 __DUMMY__ 0.041215351495014325	false	0.5
schlamperei	off 1.0		off 0.5229651713670183 neg 0.4357397727204225 __DUMMY__ 0.041295055912559074	false	1.0
sucht	neg 1.0	neg 1.0	neg 0.6989840237900351 off 0.28140972180944895 __DUMMY__ 0.019606254400515936	false	1.0
egoistisch	off 1.0	off 1.0	off 0.7550504723098049 neg 0.22575737064859008 __DUMMY__ 0.01919215704160497	false	1.0
ausbeuter	off 1.0		off 0.5204626446000211 neg 0.43837243084729477 __DUMMY__ 0.04116492455268415	false	1.0
arschgeburt	off 1.0		off 0.5413743709253365 neg 0.41904315699812306 __DUMMY__ 0.03958247207654048	false	1.0
schubs	neg 1.0		off 0.5214619744035495 neg 0.43746796151938205 __DUMMY__ 0.04107006407706855	false	0.5
unsolide	neg 1.0		off 0.527799689132752 neg 0.4313678828785306 __DUMMY__ 0.040832427988717473	false	0.5
beschwerde	neg 1.0		off 0.5246390373726628 neg 0.43413432145619024 __DUMMY__ 0.04122664117114694	false	0.5
stocken	neg 1.0		off 0.5231874732051981 neg 0.4355686047827015 __DUMMY__ 0.041243922012100455	false	0.5
isolieren	neg 1.0		off 0.5228467206480026 neg 0.4360852631026759 __DUMMY__ 0.041068016249321514	false	0.5
unheilbar	neg 1.0		off 0.5253934611537936 neg 0.4335883790187806 __DUMMY__ 0.04101815982742589	false	0.5
pisser	off 1.0	off 1.0	off 0.7543869046812608 neg 0.22629681552256906 __DUMMY__ 0.019316279796170153	false	1.0
löschen	neg 1.0		off 0.5264666280073138 neg 0.4324915561197956 __DUMMY__ 0.04104181587289054	false	0.5
durchfallen	neg 1.0		off 0.5239213174747066 neg 0.43483905753858026 __DUMMY__ 0.041239624986713234	false	0.5
wichser	off 1.0	off 1.0	off 0.7564459389875586 neg 0.22462252782391226 __DUMMY__ 0.018931533188529172	false	1.0
terror	neg 1.0		off 0.5287950683101232 neg 0.4303363486684408 __DUMMY__ 0.040868583021435936	false	0.5
krass	neg 1.0		off 0.5343402167155434 neg 0.4253218812422326 __DUMMY__ 0.040337902042223865	false	0.5
revolte	neg 1.0		off 0.5263742453845063 neg 0.4330525861153083 __DUMMY__ 0.04057316850018538	false	0.5
besorgt	neg 1.0		off 0.5252870536601897 neg 0.4333999529599115 __DUMMY__ 0.041312993379898806	false	0.5
nachlassen	neg 1.0		off 0.5242919878317245 neg 0.4343606977679044 __DUMMY__ 0.041347314400371094	false	0.5
alt	neg 1.0		off 0.5187328957120999 neg 0.44040248325794495 __DUMMY__ 0.04086462102995524	false	0.5
hundesohn	off 1.0	off 1.0	off 0.7564309276451537 neg 0.22456651848515524 __DUMMY__ 0.019002553869690943	false	1.0
als			off 0.5231400391376625 neg 0.435747094374074 __DUMMY__ 0.04111286648826339	false	0.0
abschreckung	neg 1.0		off 0.521290652207962 neg 0.4373867729751462 __DUMMY__ 0.04132257481689192	false	0.5
unqualifiziert	neg 1.0		off 0.5296433325275277 neg 0.42956761368019164 __DUMMY__ 0.04078905379228064	false	0.5
abgewichst	off 1.0		off 0.5262321451691959 neg 0.43261449765602605 __DUMMY__ 0.04115335717477792	false	1.0
schwer	neg 1.0		off 0.5245632393656683 neg 0.43438758344713224 __DUMMY__ 0.0410491771871995	false	0.5
bedeutungslosigkeit	neg 1.0		off 0.5219818182254149 neg 0.43670152990555106 __DUMMY__ 0.041316651869034056	false	0.5
kapitulation	neg 1.0		off 0.5222986560471524 neg 0.4366054232879877 __DUMMY__ 0.041095920664859766	false	0.5
unscharf	neg 1.0		off 0.5241971524840138 neg 0.4352192517193917 __DUMMY__ 0.04058359579659455	false	0.5
schwinden	neg 1.0		off 0.5207393967635495 neg 0.43807488069997397 __DUMMY__ 0.04118572253647651	false	0.5
versklavung	neg 1.0	neg 1.0	neg 0.7007524109577404 off 0.2798127213868769 __DUMMY__ 0.019434867655382652	false	1.0
schlecht	neg 1.0		off 0.5314634200128077 neg 0.4277674933904263 __DUMMY__ 0.0407690865967659	false	0.5
verhasst	neg 1.0		off 0.5266530798302604 neg 0.4324276135714008 __DUMMY__ 0.04091930659833891	false	0.5
beschweren	neg 1.0		off 0.528108404520774 neg 0.43087466250744 __DUMMY__ 0.04101693297178604	false	0.5
scheiden	neg 1.0		off 0.5247683077095004 neg 0.4342738264677223 __DUMMY__ 0.04095786582277718	false	0.5
frustriert	neg 1.0		off 0.524724808282176 neg 0.43410175458971945 __DUMMY__ 0.04117343712810447	false	0.5
schimmelig	neg 1.0		off 0.5213496719454157 neg 0.4376213595217182 __DUMMY__ 0.04102896853286613	false	0.5
fisch	neg 1.0		off 0.5171896682443631 neg 0.44172111321851887 __DUMMY__ 0.04108921853711803	false	0.5
schmuggel	neg 1.0		off 0.5222065990831593 neg 0.43624380836993837 __DUMMY__ 0.041549592546902395	false	0.5
auffallen	neg 1.0		off 0.5275365404596647 neg 0.43156316594177746 __DUMMY__ 0.04090029359855795	false	0.5
konkurrenz	neg 1.0		off 0.5223440545569453 neg 0.4362365230879097 __DUMMY__ 0.04141942235514502	false	0.5
teufelskreis	neg 1.0	neg 1.0	neg 0.7024537282642053 off 0.27807332035859794 __DUMMY__ 0.019472951377196762	false	1.0
aufschreien	neg 1.0		off 0.5273710777083179 neg 0.43183701015708975 __DUMMY__ 0.04079191213459224	false	0.5
schuldner	neg 1.0		off 0.5193184967285994 neg 0.439604327006964 __DUMMY__ 0.04107717626443651	false	0.5
missgeburt	off 1.0	off 1.0	off 0.7571089101764593 neg 0.2237104538587186 __DUMMY__ 0.019180635964822015	false	1.0
arbeitslos	neg 1.0		off 0.5236661053784724 neg 0.4351031203491569 __DUMMY__ 0.04123077427237089	false	0.5
befallen	neg 1.0		off 0.5221914427651808 neg 0.43695200971502723 __DUMMY__ 0.040856547519791994	false	0.5
miesepetrig	off 1.0	off 1.0	off 0.7517098049240306 neg 0.22892816466657429 __DUMMY__ 0.019362030409395176	false	1.0
alarmieren	neg 1.0		off 0.5302875508106275 neg 0.42892783802352513 __DUMMY__ 0.040784611165847244	false	0.5
ungeduscht	off 1.0		off 0.5287604989913378 neg 0.43055603601636605 __DUMMY__ 0.04068346499229609	false	1.0
knappheit	neg 1.0		off 0.5215847448792827 neg 0.4374431834281434 __DUMMY__ 0.040972071692573796	false	0.5
schlange	neg 1.0		off 0.5259439110091753 neg 0.4330174227203214 __DUMMY__ 0.04103866627050343	false	0.5
harsch	neg 1.0		off 0.5364003948546394 neg 0.4229851997016667 __DUMMY__ 0.04061440544369398	false	0.5
lang	neg 1.0		off 0.5272034705902816 neg 0.43179115046321825 __DUMMY__ 0.04100537894650012	false	0.5
ziellos	neg 1.0		off 0.5226942481978137 neg 0.43594148406259947 __DUMMY__ 0.041364267739586756	false	0.5
selbstverliebt	neg 1.0		off 0.5403111327895826 neg 0.4197940271924022 __DUMMY__ 0.03989484001801524	false	0.5
beseitigen	neg 1.0		off 0.5276384447989922 neg 0.4311221842489256 __DUMMY__ 0.041239370952082244	false	0.5
dumm	off 1.0		off 0.535761476317267 neg 0.4240473487842884 __DUMMY__ 0.04019117489844463	false	1.0
arbeitsloser	neg 1.0		off 0.5264683752821299 neg 0.4320550785986266 __DUMMY__ 0.04147654611924357	false	0.5
blitzen	neg 1.0		off 0.5293512408803978 neg 0.42983579522420645 __DUMMY__ 0.04081296389539596	false	0.5
hilflos	neg 1.0		off 0.5234770068262933 neg 0.4353259054859476 __DUMMY__ 0.04119708768775914	false	0.5
eklig	off 1.0		off 0.5347662733781762 neg 0.42520355325384684 __DUMMY__ 0.04003017336797694	false	1.0
begriff			off 0.5255055727419523 neg 0.4333945831440184 __DUMMY__ 0.04109984411402922	false	0.0
hungersnot	neg 1.0		off 0.5220005698969428 neg 0.4369961773166304 __DUMMY__ 0.04100325278642691	false	0.5
ungesetzlich	neg 1.0		off 0.5266021724710664 neg 0.4325995896825886 __DUMMY__ 0.040798237846344974	false	0.5
verschwendung	neg 1.0		off 0.5217349031068872 neg 0.4369681183210905 __DUMMY__ 0.04129697857202229	false	0.5
schmerzvoll	neg 1.0		off 0.5260094301534085 neg 0.43311199926106964 __DUMMY__ 0.04087857058552182	false	0.5
vorzeitig	neg 1.0		off 0.5320344908220693 neg 0.42707962854477954 __DUMMY__ 0.040885880633151024	false	0.5
unvollkommenheit	neg 1.0		off 0.5251649762159043 neg 0.43363560312260324 __DUMMY__ 0.04119942066149252	false	0.5
intervenieren	neg 1.0		off 0.5209053937458303 neg 0.4379763484661157 __DUMMY__ 0.04111825778805409	false	0.5
banause	off 1.0		off 0.5342433369398435 neg 0.4259959367761102 __DUMMY__ 0.03976072628404627	false	1.0
rebell	neg 1.0		off 0.517113741180619 neg 0.44154111674739405 __DUMMY__ 0.041345142071986724	false	0.5
unlogisch	neg 1.0		off 0.5325083633638621 neg 0.42699882811365736 __DUMMY__ 0.040492808522480474	false	0.5
leiden	neg 1.0		off 0.5233889165865284 neg 0.43501294298413234 __DUMMY__ 0.041598140429339216	false	0.5
abschaffung	neg 1.0		off 0.5253928597882194 neg 0.43375654723262114 __DUMMY__ 0.040850592979159286	false	0.5
sturz	neg 1.0		off 0.5310105007369422 neg 0.42775396194729953 __DUMMY__ 0.04123553731575836	false	0.5
verkleinerung	neg 1.0		off 0.5266059515853269 neg 0.43287990722739345 __DUMMY__ 0.040514141187279674	false	0.5
schmarotzer	off 1.0		off 0.5239254617347248 neg 0.43494862905393605 __DUMMY__ 0.041125909211339184	false	1.0
bestrafung	neg 1.0	neg 1.0	neg 0.700125635309597 off 0.28030052515135784 __DUMMY__ 0.019573839539045016	false	1.0
achtlos	neg 1.0		off 0.5244572133360825 neg 0.4343947527803949 __DUMMY__ 0.04114803388352249	false	0.5
ungeheuer	neg 1.0		off 0.5241212724456416 neg 0.43503549485744286 __DUMMY__ 0.0408432326969156	false	0.5
unaufrichtig	neg 1.0		off 0.5301352399351686 neg 0.42903200914521905 __DUMMY__ 0.040832750919612255	false	0.5
groggy	neg 1.0		off 0.5295778469877738 neg 0.4294781557061905 __DUMMY__ 0.040943997306035686	false	0.5
