unsolidarisch	neg 1.0		off 0.37077716643124364 __DUMMY__ 0.32282972887696 neg 0.3063931046917964	false	0.5
nachteilig	neg 1.0		off 0.3681452936159959 __DUMMY__ 0.3271324338384952 neg 0.30472227254550877	false	0.5
skeptisch	neg 1.0		off 0.3660969567936631 __DUMMY__ 0.3268244433386956 neg 0.30707859986764113	false	0.5
schrecklich	neg 1.0		off 0.3799907316761924 __DUMMY__ 0.31997164366892045 neg 0.30003762465488704	false	0.5
schlapp	neg 1.0	neg 1.0	neg 0.6374629813150416 off 0.2077469821066135 __DUMMY__ 0.15479003657834473	false	1.0
abfall	neg 1.0		off 0.36323903808179453 __DUMMY__ 0.328689505031351 neg 0.30807145688685444	false	0.5
widerspenstig	neg 1.0		off 0.3692331375209476 __DUMMY__ 0.3236778587660164 neg 0.30708900371303605	false	0.5
abrupt	neg 1.0		off 0.36454243623128724 __DUMMY__ 0.32581123478249924 neg 0.3096463289862136	false	0.5
unwirksam	neg 1.0		off 0.3686117331942272 __DUMMY__ 0.3210006208613262 neg 0.31038764594444646	false	0.5
angreifen	neg 1.0		off 0.3653184125650669 __DUMMY__ 0.3269287224856849 neg 0.3077528649492482	false	0.5
inkonsistent	neg 1.0		off 0.37272661926672385 __DUMMY__ 0.32215315781414705 neg 0.30512022291912905	false	0.5
abrutschen	neg 1.0		off 0.36245660244222544 __DUMMY__ 0.32832562587580866 neg 0.3092177716819659	false	0.5
unsicher	neg 1.0		off 0.37094566107534443 __DUMMY__ 0.3249856009494756 neg 0.30406873797517986	false	0.5
bauernkind	off 1.0	off 1.0	off 0.6799896090453611 neg 0.1680084711026226 __DUMMY__ 0.1520019198520163	false	1.0
angreifer	neg 1.0		off 0.3764868623224982 __DUMMY__ 0.3247395591317394 neg 0.29877357854576236	false	0.5
trennen	neg 1.0		off 0.3653698505409386 __DUMMY__ 0.3274140103060734 neg 0.30721613915298784	false	0.5
schmutz	neg 1.0		off 0.37599123996680095 __DUMMY__ 0.3255070390577093 neg 0.29850172097548994	false	0.5
inkonsistenz	neg 1.0		off 0.3760333872306473 __DUMMY__ 0.32223801565300686 neg 0.3017285971163458	false	0.5
erschreckend	neg 1.0		off 0.3699202491119785 __DUMMY__ 0.3247765381068832 neg 0.30530321278113814	false	0.5
ertrinken	neg 1.0		off 0.3641232625063987 __DUMMY__ 0.3263368187968486 neg 0.3095399186967528	false	0.5
pickelface	off 1.0		off 0.3718742665813215 __DUMMY__ 0.32470063748657313 neg 0.3034250959321053	false	1.0
seiner			off 0.3660906610479083 __DUMMY__ 0.3272101720564607 neg 0.30669916689563104	false	0.0
lauch	neg 1.0	neg 1.0	neg 0.6403993641803103 off 0.2009757620078907 __DUMMY__ 0.1586248738117991	false	1.0
unwichtig	neg 1.0		off 0.37574767118260166 __DUMMY__ 0.3220352049121548 neg 0.30221712390524363	false	0.5
steuerhinterziehung	neg 1.0		off 0.3694368152841755 __DUMMY__ 0.3239483999069477 neg 0.3066147848088767	false	0.5
schock	neg 1.0		off 0.36884799152202774 __DUMMY__ 0.32513413143471026 neg 0.30601787704326194	false	0.5
beule	neg 1.0		off 0.3774181011136767 __DUMMY__ 0.3200869668818939 neg 0.30249493200442934	false	0.5
vergelten	neg 1.0		off 0.3819760597957113 __DUMMY__ 0.3205018342988331 neg 0.2975221059054557	false	0.5
verdorbenheit	neg 1.0		off 0.37223503905594224 __DUMMY__ 0.32417457865368776 neg 0.3035903822903699	false	0.5
trauma	neg 1.0		off 0.3719164000918373 __DUMMY__ 0.3234104566062998 neg 0.30467314330186296	false	0.5
sinnlos	neg 1.0		off 0.372783878345397 __DUMMY__ 0.32353798666590794 neg 0.30367813498869517	false	0.5
fettsack	off 1.0	off 1.0	off 0.6813465326880167 neg 0.16630948055313163 __DUMMY__ 0.15234398675885163	false	1.0
feige	off 1.0	off 1.0	off 0.678131899636649 neg 0.1673616151605898 __DUMMY__ 0.15450648520276114	false	1.0
abdanken	neg 1.0		off 0.3707444850365716 __DUMMY__ 0.3250180778207626 neg 0.3042374371426658	false	0.5
wichtigtuer	off 1.0	off 1.0	off 0.6765963908094965 neg 0.1676448226659117 __DUMMY__ 0.15575878652459182	false	1.0
misslingen	neg 1.0		off 0.3744663941339369 __DUMMY__ 0.32612842160528066 neg 0.29940518426078233	false	0.5
untreu	off 1.0		off 0.3765597176590244 __DUMMY__ 0.3210073599180351 neg 0.3024329224229405	false	1.0
missmutig	neg 1.0		off 0.37367190697573743 __DUMMY__ 0.3218356287219349 neg 0.3044924643023276	false	0.5
hurenbock	off 1.0		off 0.36947174545191985 __DUMMY__ 0.32227351089976547 neg 0.30825474364831457	false	1.0
betrunken	neg 1.0		off 0.3783887074651875 __DUMMY__ 0.3199626474564844 neg 0.301648645078328	false	0.5
korrupt	off 1.0		off 0.3684636192262247 __DUMMY__ 0.32365160943076443 neg 0.30788477134301084	false	1.0
unmut	neg 1.0		off 0.3642558620292037 __DUMMY__ 0.32765110096005523 neg 0.30809303701074103	false	0.5
hackfresse	off 1.0		off 0.384279848104694 __DUMMY__ 0.3173798040662967 neg 0.2983403478290092	false	1.0
aufblasen	neg 1.0		off 0.3704385356195026 __DUMMY__ 0.3236438116114535 neg 0.3059176527690441	false	0.5
gewaltsam	neg 1.0		off 0.37148283395894566 __DUMMY__ 0.3256781804836408 neg 0.3028389855574135	false	0.5
unbeliebtheit	neg 1.0		off 0.3775282059857214 __DUMMY__ 0.3217713803190673 neg 0.3007004136952113	false	0.5
sturheit	neg 1.0		off 0.37067492265369734 __DUMMY__ 0.32569933562813713 neg 0.3036257417181656	false	0.5
kuh	neg 1.0		off 0.3707109795199913 __DUMMY__ 0.3190551293646366 neg 0.310233891115372	false	0.5
erschrecken	neg 1.0		off 0.37472031411386614 __DUMMY__ 0.3223991154281081 neg 0.30288057045802574	false	0.5
opfer	neg 1.0		off 0.36833005496235405 __DUMMY__ 0.3271751134318494 neg 0.3044948316057966	false	0.5
sinken	neg 1.0		off 0.36379849906512374 __DUMMY__ 0.3262801483614695 neg 0.3099213525734068	false	0.5
stinktier	neg 1.0		off 0.3801810404550614 __DUMMY__ 0.31631697180924684 neg 0.3035019877356918	false	0.5
tucke	off 1.0		off 0.38484283270752007 __DUMMY__ 0.3145045745928502 neg 0.30065259269962963	false	1.0
ein			off 0.368123887416676 __DUMMY__ 0.32299383821023325 neg 0.30888227437309074	false	0.0
abstieg	neg 1.0		off 0.37066317061662885 __DUMMY__ 0.32772447761272383 neg 0.30161235177064727	false	0.5
missverstehen	neg 1.0		off 0.3736433773155134 __DUMMY__ 0.32302168728065506 neg 0.30333493540383144	false	0.5
ergebnislos	neg 1.0		off 0.36848674795146885 __DUMMY__ 0.3276878565940198 neg 0.3038253954545113	false	0.5
unter			off 0.35978978484965124 __DUMMY__ 0.3315053511310941 neg 0.3087048640192546	false	0.0
manipulieren	neg 1.0		off 0.3667008635232918 __DUMMY__ 0.32691105878022847 neg 0.30638807769647963	false	0.5
unbewiesen	neg 1.0		off 0.37166686865419213 __DUMMY__ 0.32342718718580005 neg 0.3049059441600077	false	0.5
verschleppen	neg 1.0		off 0.367785723181254 __DUMMY__ 0.3253485487193072 neg 0.3068657280994389	false	0.5
weib	off 1.0		off 0.38615421696933344 __DUMMY__ 0.31587772690924354 neg 0.29796805612142296	false	1.0
opposition	neg 1.0		off 0.37159484110389385 __DUMMY__ 0.3225627287611897 neg 0.30584243013491635	false	0.5
verkehrswidrig	neg 1.0		off 0.3837754517847612 __DUMMY__ 0.3215249930513045 neg 0.29469955516393426	false	0.5
inkorrekt	neg 1.0		off 0.3797401983920466 __DUMMY__ 0.31990405393007526 neg 0.30035574767787804	false	0.5
vermeiden	neg 1.0		off 0.3628129966333224 __DUMMY__ 0.3293949231440356 neg 0.30779208022264204	false	0.5
abweichung	neg 1.0		off 0.368901729529181 __DUMMY__ 0.32597440882091416 neg 0.30512386164990485	false	0.5
alkoholisiert	neg 1.0		off 0.3677204785245284 __DUMMY__ 0.3288962693797138 neg 0.3033832520957578	false	0.5
scheiss	off 1.0	off 1.0	off 0.6788811567988017 neg 0.1671230299548139 __DUMMY__ 0.1539958132463844	false	1.0
herausforderung	neg 1.0		off 0.36826825326047663 __DUMMY__ 0.3257382555832283 neg 0.3059934911562951	false	0.5
pervers	off 1.0		off 0.3887131042411174 __DUMMY__ 0.31500548847169485 neg 0.2962814072871878	false	1.0
wackelig	neg 1.0		off 0.3680638684471323 __DUMMY__ 0.3257638285102518 neg 0.3061723030426158	false	0.5
verwickeln	neg 1.0		off 0.3724743435368439 __DUMMY__ 0.32320492369220727 neg 0.3043207327709489	false	0.5
vorwand	neg 1.0		off 0.3650755973570881 __DUMMY__ 0.32724560125889446 neg 0.30767880138401754	false	0.5
muschi	off 1.0		off 0.37126701405432877 __DUMMY__ 0.32573050776366086 neg 0.3030024781820102	false	1.0
entmutigung	neg 1.0		off 0.37140889845076336 __DUMMY__ 0.32101170260375944 neg 0.30757939894547726	false	0.5
unangemessen	neg 1.0		off 0.36980216476685274 __DUMMY__ 0.3252465940416463 neg 0.30495124119150097	false	0.5
unstetig	neg 1.0		off 0.37544241373577697 __DUMMY__ 0.3228720368132596 neg 0.30168554945096343	false	0.5
entmutigen	neg 1.0		off 0.3713890412180092 __DUMMY__ 0.3236631986507307 neg 0.30494776013126007	false	0.5
schwanz	neg 1.0		off 0.36873287504685087 __DUMMY__ 0.32619456166040633 neg 0.30507256329274285	false	0.5
verbot	neg 1.0		off 0.3686827221253134 __DUMMY__ 0.32442173302815247 neg 0.3068955448465342	false	0.5
leid	neg 1.0		off 0.3815267387398301 __DUMMY__ 0.31896880256166527 neg 0.2995044586985046	false	0.5
archaisch	neg 1.0		off 0.36917686807693684 __DUMMY__ 0.3249882197838421 neg 0.30583491213922104	false	0.5
gegen			off 0.3655260839495318 __DUMMY__ 0.3283313365178329 neg 0.30614257953263535	false	0.0
scheidung	neg 1.0		off 0.39399116613677443 __DUMMY__ 0.31563749350745596 neg 0.29037134035576956	false	0.5
einschlag	neg 1.0		off 0.3822290273288536 __DUMMY__ 0.3218312438456776 neg 0.2959397288254689	false	0.5
m			off 0.36876247812323326 __DUMMY__ 0.3256652074634681 neg 0.30557231441329874	false	0.0
abgestanden	neg 1.0		off 0.36739575091475213 __DUMMY__ 0.320475873162361 neg 0.31212837592288695	false	0.5
schmierig	off 1.0		off 0.3805397100616917 __DUMMY__ 0.3184916848419114 neg 0.30096860509639684	false	1.0
unpraktisch	neg 1.0		off 0.3723233978893752 __DUMMY__ 0.3239634080714703 neg 0.30371319403915453	false	0.5
wixxer	off 1.0		off 0.3884485325397531 __DUMMY__ 0.3141148058723808 neg 0.2974366615878661	false	1.0
bezeichnet			off 0.37153924861027865 __DUMMY__ 0.3248067332411455 neg 0.30365401814857584	false	0.0
jammerlappen	off 1.0		off 0.3757878304705395 __DUMMY__ 0.32170125541748273 neg 0.30251091411197784	false	1.0
farce	neg 1.0		off 0.3701322285746664 __DUMMY__ 0.32343666239550356 neg 0.30643110902983	false	0.5
zwecklos	neg 1.0		off 0.36832112039859927 __DUMMY__ 0.32517895877479186 neg 0.30649992082660876	false	0.5
turbulent	neg 1.0		off 0.3776817524927301 __DUMMY__ 0.32016748820385876 neg 0.30215075930341107	false	0.5
invasion	neg 1.0		off 0.37339763347006655 __DUMMY__ 0.32303069029542497 neg 0.3035716762345085	false	0.5
schuld	neg 1.0		off 0.37204273174236485 __DUMMY__ 0.32386035594882 neg 0.30409691230881514	false	0.5
risiko	neg 1.0		off 0.3718752017153564 __DUMMY__ 0.3221233199840358 neg 0.30600147830060787	false	0.5
finster	neg 1.0		off 0.36876706778728824 __DUMMY__ 0.32275973596233176 neg 0.30847319625037994	false	0.5
geisteskrank	off 1.0		off 0.37847532823699404 __DUMMY__ 0.32052726472537296 neg 0.300997407037633	false	1.0
zusammenbrechen	neg 1.0		off 0.3682276884260633 __DUMMY__ 0.32485393630119386 neg 0.30691837527274285	false	0.5
ausbeute	neg 1.0		off 0.37051259248045354 __DUMMY__ 0.3260088610786463 neg 0.3034785464409003	false	0.5
hinterhalt	neg 1.0		off 0.3696477644018178 __DUMMY__ 0.32529721652243476 neg 0.30505501907574756	false	0.5
kritik	neg 1.0		off 0.3698679123118222 __DUMMY__ 0.3235791624841034 neg 0.3065529252040744	false	0.5
einschrumpfen	neg 1.0		off 0.37553158369115425 __DUMMY__ 0.3209134639403258 neg 0.30355495236852	false	0.5
riskant	neg 1.0		off 0.36606476999577264 __DUMMY__ 0.32643755558590715 neg 0.3074976744183201	false	0.5
frustrieren	neg 1.0		off 0.3667235174104712 __DUMMY__ 0.3257348375276923 neg 0.3075416450618364	false	0.5
groll	neg 1.0		off 0.3692572773495726 __DUMMY__ 0.32585557083810146 neg 0.30488715181232584	false	0.5
gibt			off 0.3683700936274482 __DUMMY__ 0.32568497169536653 neg 0.30594493467718525	false	0.0
qualvoll	neg 1.0		off 0.3724031309792339 __DUMMY__ 0.3228761204464335 neg 0.3047207485743325	false	0.5
wackeln	neg 1.0		off 0.3700645441921357 __DUMMY__ 0.32414835046955426 neg 0.30578710533830994	false	0.5
klagen	neg 1.0		off 0.3649546356747663 __DUMMY__ 0.3267295908942076 neg 0.30831577343102606	false	0.5
bankrott	neg 1.0		off 0.376004953483341 __DUMMY__ 0.322761848504187 neg 0.3012331980124719	false	0.5
trauern	neg 1.0		off 0.36807121053821706 __DUMMY__ 0.3284986603701707 neg 0.30343012909161216	false	0.5
ablehnung	neg 1.0		off 0.3693116020437561 __DUMMY__ 0.3239796118618037 neg 0.3067087860944403	false	0.5
stur	neg 1.0		off 0.37145742870637477 __DUMMY__ 0.32324322485552137 neg 0.3052993464381038	false	0.5
aufruhr	neg 1.0		off 0.3705132225871486 __DUMMY__ 0.3238438174044363 neg 0.30564296000841523	false	0.5
melancholie	neg 1.0		off 0.36409909728893297 __DUMMY__ 0.32481920961364075 neg 0.31108169309742617	false	0.5
ist			off 0.3723962657230253 __DUMMY__ 0.3235288035605526 neg 0.3040749307164222	false	0.0
torheit	neg 1.0		off 0.37224432319630724 __DUMMY__ 0.3238534096753755 neg 0.30390226712831725	false	0.5
dreckskind	off 1.0		off 0.38548992158567486 __DUMMY__ 0.3167796269747093 neg 0.2977304514396158	false	1.0
umtauschen	neg 1.0		off 0.36972899654993296 __DUMMY__ 0.32431764620112347 neg 0.30595335724894374	false	0.5
zum			off 0.36444663384998555 __DUMMY__ 0.33111933096302126 neg 0.3044340351869932	false	0.0
zersetzen	neg 1.0		off 0.36528826073903176 __DUMMY__ 0.3257895509534711 neg 0.3089221883074971	false	0.5
zur			off 0.36320271085773914 __DUMMY__ 0.3295875320064428 neg 0.307209757135818	false	0.0
frust	neg 1.0		off 0.3680156505243742 __DUMMY__ 0.3250249651263028 neg 0.306959384349323	false	0.5
unerbittlichkeit	neg 1.0		off 0.3675451358610051 __DUMMY__ 0.32693339367967406 neg 0.3055214704593207	false	0.5
zwei			off 0.3621584252245473 __DUMMY__ 0.32931998437593196 neg 0.3085215903995208	false	0.0
unkorrekt	neg 1.0		off 0.37836954131200556 __DUMMY__ 0.32028240253302587 neg 0.3013480561549686	false	0.5
hexe	off 1.0		off 0.37374535116538254 __DUMMY__ 0.3198601473481652 neg 0.3063945014864523	false	1.0
lasch	neg 1.0		off 0.3748392772588248 __DUMMY__ 0.3220367488992124 neg 0.3031239738419628	false	0.5
rivale	neg 1.0		off 0.38048330764320587 __DUMMY__ 0.3203890323792454 neg 0.2991276599775488	false	0.5
mutlos	off 1.0	off 1.0	off 0.6734429838915268 neg 0.16939089153824516 __DUMMY__ 0.15716612457022816	false	1.0
wirr	off 1.0		off 0.379877185114781 __DUMMY__ 0.31885031490536286 neg 0.30127249997985617	false	1.0
jahr			off 0.3683397552240913 __DUMMY__ 0.3292137615281102 neg 0.3024464832477985	false	0.0
wird			off 0.3679673016461889 __DUMMY__ 0.32610600528235595 neg 0.30592669307145515	false	0.0
strafbar	neg 1.0		off 0.3670659018080079 __DUMMY__ 0.3265929811461803 neg 0.30634111704581196	false	0.5
erosion	neg 1.0		off 0.3713147218262932 __DUMMY__ 0.32465829851195777 neg 0.30402697966174913	false	0.5
eingehen	neg 1.0		off 0.3664053706843554 __DUMMY__ 0.3256678304452129 neg 0.30792679887043156	false	0.5
faul	off 1.0		off 0.37509070447627857 __DUMMY__ 0.32219202542733544 neg 0.3027172700963858	false	1.0
provisorium	neg 1.0		off 0.36009863981455414 __DUMMY__ 0.3317247888353486 neg 0.3081765713500972	false	0.5
schmerzen	neg 1.0		off 0.3682378675764627 __DUMMY__ 0.32366250285292525 neg 0.30809962957061193	false	0.5
schrumpfen	neg 1.0		off 0.36122605077563974 __DUMMY__ 0.3272963697160265 neg 0.3114775795083339	false	0.5
geistlos	off 1.0		off 0.3733147125892575 __DUMMY__ 0.32214037388893696 neg 0.30454491352180557	false	1.0
fehlkauf	neg 1.0		off 0.37327255013584837 __DUMMY__ 0.3227874373777238 neg 0.30394001248642777	false	0.5
frustrierend	neg 1.0		off 0.37440210219435827 __DUMMY__ 0.3222186034917903 neg 0.30337929431385136	false	0.5
unzufrieden	neg 1.0		off 0.3683309119244139 __DUMMY__ 0.3255272644490714 neg 0.3061418236265149	false	0.5
verzweifeln	neg 1.0		off 0.36966894546789497 __DUMMY__ 0.3249814752627357 neg 0.30534957926936923	false	0.5
verzweifelt	neg 1.0		off 0.3715371020196946 __DUMMY__ 0.3232603774797701 neg 0.3052025205005354	false	0.5
misstrauensantrag	neg 1.0		off 0.37241016355236717 __DUMMY__ 0.32277307423738427 neg 0.3048167622102486	false	0.5
abfallen	neg 1.0		off 0.37020087601067214 __DUMMY__ 0.32364185166775333 neg 0.3061572723215744	false	0.5
fucker	off 1.0		off 0.37962850949450483 __DUMMY__ 0.3205515775126096 neg 0.2998199129928854	false	1.0
ungezogen	neg 1.0		off 0.3866669454688911 __DUMMY__ 0.3164302505946844 neg 0.2969028039364247	false	0.5
irrsinnig	neg 1.0	neg 1.0	neg 0.6386537254296645 off 0.20532649563114255 __DUMMY__ 0.15601977893919294	false	1.0
unfassbar	neg 1.0		off 0.3770836398134828 __DUMMY__ 0.3216403069715689 neg 0.30127605321494827	false	0.5
hart	neg 1.0		off 0.3760632994156469 __DUMMY__ 0.31975874483969535 neg 0.30417795574465767	false	0.5
widerlich	off 1.0		off 0.37742403844039896 __DUMMY__ 0.3210310860918432 neg 0.30154487546775793	false	1.0
fatal	neg 1.0	neg 1.0	neg 0.6396467741643951 off 0.20562703160424495 __DUMMY__ 0.15472619423136003	false	1.0
bruch	neg 1.0		off 0.36369553003242383 __DUMMY__ 0.3275969729030973 neg 0.308707497064479	false	0.5
aushungern	neg 1.0		off 0.36881846901082826 __DUMMY__ 0.32426596911093647 neg 0.3069155618782353	false	0.5
anspannung	neg 1.0		off 0.3629767489102523 __DUMMY__ 0.32998148705002256 neg 0.3070417640397252	false	0.5
von			off 0.36539618249143063 __DUMMY__ 0.3272203247352813 neg 0.30738349277328814	false	0.0
kraftlos	neg 1.0		off 0.3674780256962928 __DUMMY__ 0.32540514388595754 neg 0.30711683041774956	false	0.5
vom			off 0.36118406623270627 __DUMMY__ 0.3322108292955686 neg 0.3066051044717251	false	0.0
grenzdebil	off 1.0		off 0.37672361280962596 __DUMMY__ 0.3206974442383105 neg 0.30257894295206345	false	1.0
vor			off 0.3642437394336502 __DUMMY__ 0.32779423013634246 neg 0.3079620304300073	false	0.0
unterwerfen	neg 1.0		off 0.36799718002887066 __DUMMY__ 0.3265968276650078 neg 0.3054059923061214	false	0.5
versenkung	neg 1.0		off 0.36744458897215826 __DUMMY__ 0.326952395172625 neg 0.30560301585521665	false	0.5
entziehen	neg 1.0		off 0.3650615424147365 __DUMMY__ 0.32737869149400184 neg 0.3075597660912617	false	0.5
finanzkrise	neg 1.0		off 0.3671374471627058 __DUMMY__ 0.32080996611785934 neg 0.3120525867194348	false	0.5
schimpfend	neg 1.0		off 0.37218395194144477 __DUMMY__ 0.3247261882462612 neg 0.3030898598122939	false	0.5
profan	neg 1.0		off 0.3726465987796687 __DUMMY__ 0.32265488984463103 neg 0.30469851137570014	false	0.5
korruption	neg 1.0		off 0.36771236989121886 __DUMMY__ 0.32396678997277384 neg 0.30832084013600725	false	0.5
â			off 0.36801120716561586 __DUMMY__ 0.3257872932058178 neg 0.30620149962856624	false	0.0
schmutzig	neg 1.0		off 0.376754405704708 __DUMMY__ 0.32054979969774605 neg 0.30269579459754586	false	0.5
sexy	neg 1.0		off 0.3751371452359566 __DUMMY__ 0.3229474452917231 neg 0.30191540947232026	false	0.5
abraten	neg 1.0		off 0.3729442167678497 __DUMMY__ 0.3237185697029664 neg 0.30333721352918375	false	0.5
schwarz	neg 1.0		off 0.3733633742733239 __DUMMY__ 0.32354573635673844 neg 0.3030908893699377	false	0.5
fotze	off 1.0	off 1.0	off 0.6742552012786853 neg 0.16838402475334815 __DUMMY__ 0.15736077396796658	false	1.0
verwirren	neg 1.0		off 0.37329523022297334 __DUMMY__ 0.3229643623118228 neg 0.3037404074652038	false	0.5
zahnlos	off 1.0		off 0.36929968966791493 __DUMMY__ 0.325066417569936 neg 0.3056338927621491	false	1.0
verheeren	neg 1.0		off 0.3880647577093139 __DUMMY__ 0.31599623037172214 neg 0.2959390119189638	false	0.5
hippie	neg 1.0		off 0.3745042712928426 __DUMMY__ 0.32277653604416473 neg 0.3027191926629928	false	0.5
rammen	neg 1.0		off 0.3719413782170437 __DUMMY__ 0.32459451447089416 neg 0.30346410731206214	false	0.5
unlauter	neg 1.0		off 0.37241558600626 __DUMMY__ 0.3226598235786344 neg 0.30492459041510556	false	0.5
unheilvoll	neg 1.0		off 0.37145168475370044 __DUMMY__ 0.3231942765300145 neg 0.30535403871628514	false	0.5
niedrig	neg 1.0		off 0.36659119560880615 __DUMMY__ 0.3244984718180596 neg 0.3089103325731344	false	0.5
explosion	neg 1.0		off 0.37465879950761777 __DUMMY__ 0.32307596351169554 neg 0.3022652369806866	false	0.5
weichei	off 1.0	off 1.0	off 0.6807611112409925 neg 0.16682763286162333 __DUMMY__ 0.1524112558973841	false	1.0
minusmensch	off 1.0		off 0.3878673657729987 __DUMMY__ 0.3160180638956443 neg 0.29611457033135696	false	1.0
farblos	neg 1.0		off 0.3720792813646861 __DUMMY__ 0.32375952152226584 neg 0.30416119711304795	false	0.5
unwissend	neg 1.0	neg 1.0	neg 0.637673566376447 off 0.20750347501416055 __DUMMY__ 0.15482295860939244	false	1.0
traurig	neg 1.0		off 0.37969096276241954 __DUMMY__ 0.3202960126741401 neg 0.30001302456344037	false	0.5
senkung	neg 1.0		off 0.37141112374509405 __DUMMY__ 0.3201976369300524 neg 0.3083912393248537	false	0.5
ungleich	neg 1.0	neg 1.0	neg 0.639827068161148 off 0.20297552045963652 __DUMMY__ 0.15719741137921556	false	1.0
heikel	neg 1.0		off 0.3663466949406536 __DUMMY__ 0.32646297637322047 neg 0.307190328686126	false	0.5
drosselung	neg 1.0		off 0.3757759865005674 __DUMMY__ 0.3191920790218784 neg 0.3050319344775542	false	0.5
falsch	neg 1.0		off 0.3752950973643624 __DUMMY__ 0.3227764380037576 neg 0.30192846463187994	false	0.5
unzufriedenheit	neg 1.0		off 0.36538838733343676 __DUMMY__ 0.3257971326379924 neg 0.30881448002857076	false	0.5
kurz	neg 1.0		off 0.3691038800257514 __DUMMY__ 0.3261191604949246 neg 0.30477695947932415	false	0.5
unsinnig	neg 1.0		off 0.3690885972427138 __DUMMY__ 0.32396894281992783 neg 0.3069424599373584	false	0.5
penner	off 1.0	off 1.0	off 0.6821015290986637 neg 0.16561926669296773 __DUMMY__ 0.15227920420836846	false	1.0
seicht	neg 1.0		off 0.3843704235324978 __DUMMY__ 0.31522865585015997 neg 0.30040092061734225	false	0.5
dummheit	off 1.0	off 1.0	off 0.6762798787377419 neg 0.16852170494594423 __DUMMY__ 0.15519841631631381	false	1.0
unerfreulich	neg 1.0		off 0.3661385609436206 __DUMMY__ 0.3267303496783613 neg 0.30713108937801814	false	0.5
motherfucker	off 1.0	off 1.0	off 0.6794131072020679 neg 0.16632654008223413 __DUMMY__ 0.154260352715698	false	1.0
pikiert	neg 1.0		off 0.37572819216354425 __DUMMY__ 0.3209427430991425 neg 0.3033290647373133	false	0.5
wrack	neg 1.0		off 0.37145081857861617 __DUMMY__ 0.3283082157371322 neg 0.3002409656842515	false	0.5
gangster	neg 1.0		off 0.3746562448033327 __DUMMY__ 0.32259897879314736 neg 0.30274477640352004	false	0.5
krank	neg 1.0		off 0.37735777629263023 __DUMMY__ 0.3213125885655014 neg 0.3013296351418683	false	0.5
reich	neg 1.0		off 0.3730260381989347 __DUMMY__ 0.31977530940725896 neg 0.3071986523938063	false	0.5
gnadenlos	neg 1.0		off 0.372073806133588 __DUMMY__ 0.32432393520936165 neg 0.30360225865705026	false	0.5
niedergeschlagen	neg 1.0		off 0.3685639779382361 __DUMMY__ 0.3261096116664955 neg 0.30532641039526837	false	0.5
terrorisieren	off 1.0	off 1.0	off 0.6728168485294999 neg 0.1696381026865699 __DUMMY__ 0.15754504878393033	false	1.0
sinnlosigkeit	neg 1.0		off 0.36888009516894776 __DUMMY__ 0.32533196517454666 neg 0.3057879396565056	false	0.5
behindern	neg 1.0		off 0.370289343209488 __DUMMY__ 0.324182234837643 neg 0.3055284219528691	false	0.5
undemokratisch	neg 1.0		off 0.37271900248085776 __DUMMY__ 0.32263646834239057 neg 0.3046445291767516	false	0.5
wirtschaftskrise	neg 1.0		off 0.36681816502684556 __DUMMY__ 0.3234944230588348 neg 0.30968741191431953	false	0.5
neid	neg 1.0		off 0.3737708640623822 __DUMMY__ 0.32224792777176575 neg 0.3039812081658521	false	0.5
rutschen	neg 1.0		off 0.361625394701911 __DUMMY__ 0.32914438276977814 neg 0.309230222528311	false	0.5
rezession	neg 1.0		off 0.3769153148423576 __DUMMY__ 0.3166760946987129 neg 0.3064085904589295	false	0.5
fehlgeburt	neg 1.0		off 0.3716630037871517 __DUMMY__ 0.3247580868740269 neg 0.30357890933882137	false	0.5
charakterschwach	off 1.0		off 0.37664902760581076 __DUMMY__ 0.3209429120382036 neg 0.30240806035598566	false	1.0
isolation	neg 1.0		off 0.3754826736271833 __DUMMY__ 0.32309025787485857 neg 0.3014270684979582	false	0.5
ablenkung	neg 1.0		off 0.3707685246019834 __DUMMY__ 0.32500251472213987 neg 0.30422896067587685	false	0.5
pech	neg 1.0		off 0.37462332033408086 __DUMMY__ 0.32167267043724757 neg 0.30370400922867147	false	0.5
vermeidung	neg 1.0		off 0.37650099171597423 __DUMMY__ 0.320355157849234 neg 0.30314385043479164	false	0.5
dominieren	neg 1.0		off 0.3694394023648595 __DUMMY__ 0.32533580430000747 neg 0.30522479333513314	false	0.5
schwindlig	neg 1.0		off 0.37219759424059456 __DUMMY__ 0.32276110005498093 neg 0.3050413057044244	false	0.5
lutscher	neg 1.0		off 0.386317693885674 __DUMMY__ 0.3144959144788627 neg 0.2991863916354632	false	0.5
pflicht	neg 1.0		off 0.3655457055270064 __DUMMY__ 0.32772813892347175 neg 0.30672615554952204	false	0.5
faschist	off 1.0		off 0.37492306997808944 __DUMMY__ 0.3226347230912657 neg 0.3024422069306448	false	1.0
verschleudern	neg 1.0		off 0.36508789559620103 __DUMMY__ 0.3237173910809145 neg 0.3111947133228845	false	0.5
wenn			off 0.3752587272584538 __DUMMY__ 0.32162729562446657 neg 0.30311397711707955	false	0.0
ehebruch	neg 1.0		off 0.367700175170072 __DUMMY__ 0.32546775747982043 neg 0.30683206735010754	false	0.5
spott	off 1.0		off 0.3684245457058522 __DUMMY__ 0.32647367010699807 neg 0.3051017841871497	false	1.0
trostlosigkeit	neg 1.0		off 0.36420074245123346 __DUMMY__ 0.3262841882577913 neg 0.30951506929097516	false	0.5
lutschen	neg 1.0		off 0.37579479130537197 __DUMMY__ 0.32279276835198994 neg 0.30141244034263803	false	0.5
undiszipliniert	neg 1.0		off 0.3786365524721667 __DUMMY__ 0.3202549043001818 neg 0.30110854322765157	false	0.5
kopfschmerz	neg 1.0		off 0.3653915289653346 __DUMMY__ 0.32368840007343824 neg 0.31092007096122726	false	0.5
unvorhergesehen	neg 1.0		off 0.36564283709160017 __DUMMY__ 0.32752146785737113 neg 0.3068356950510287	false	0.5
desinteressiert	neg 1.0		off 0.37790986063656573 __DUMMY__ 0.3204500797455039 neg 0.30164005961793033	false	0.5
armselig	off 1.0		off 0.38049693518769945 __DUMMY__ 0.31974164233975044 neg 0.2997614224725501	false	1.0
desaster	neg 1.0		off 0.3637960684387007 __DUMMY__ 0.3267341117744948 neg 0.3094698197868046	false	0.5
tod	neg 1.0		off 0.36736239229365747 __DUMMY__ 0.3264100580301965 neg 0.306227549676146	false	0.5
herzlos	neg 1.0		off 0.37965129247849927 __DUMMY__ 0.31968255297284687 neg 0.300666154548654	false	0.5
unwissenheit	neg 1.0		off 0.3684607685646526 __DUMMY__ 0.3253590448827678 neg 0.30618018655257956	false	0.5
widersinnig	neg 1.0		off 0.3685664166887163 __DUMMY__ 0.3232174264889895 neg 0.3082161568222941	false	0.5
bedenklich	neg 1.0		off 0.3672029606679547 __DUMMY__ 0.3253639610396074 neg 0.30743307829243793	false	0.5
beanstanden	neg 1.0		off 0.3665941871052357 __DUMMY__ 0.32783918638838067 neg 0.3055666265063835	false	0.5
panisch	neg 1.0		off 0.3728241773081195 __DUMMY__ 0.323746050746934 neg 0.3034297719449464	false	0.5
debil	off 1.0		off 0.3601571205348821 __DUMMY__ 0.330539908300652 neg 0.3093029711644659	false	1.0
abstrich	neg 1.0		off 0.36955632108124237 __DUMMY__ 0.32514104719031905 neg 0.30530263172843847	false	0.5
primitiv	neg 1.0		off 0.37832797286085207 __DUMMY__ 0.32068694445952334 neg 0.3009850826796246	false	0.5
abschaum	off 1.0	off 1.0	off 0.6785852691335899 neg 0.1661133753312328 __DUMMY__ 0.15530135553517738	false	1.0
provozieren	neg 1.0		off 0.3714668351846734 __DUMMY__ 0.3236124350597131 neg 0.30492072975561346	false	0.5
tot	neg 1.0		off 0.36897709251598226 __DUMMY__ 0.32553042202465565 neg 0.305492485459362	false	0.5
instabil	neg 1.0		off 0.3796639564785356 __DUMMY__ 0.31833534332280766 neg 0.30200070019865666	false	0.5
schwuchtel	off 1.0	off 1.0	off 0.6863735398793187 neg 0.16324247155112942 __DUMMY__ 0.150383988569552	false	1.0
zerren	neg 1.0		off 0.3683887659169876 __DUMMY__ 0.32601957068443416 neg 0.30559166339857835	false	0.5
kinderficker	off 1.0		off 0.38276983289336297 __DUMMY__ 0.31843488751847987 neg 0.29879527958815716	false	1.0
gefahr	neg 1.0		off 0.36598935667699206 __DUMMY__ 0.3274493670771752 neg 0.3065612762458329	false	0.5
rabiat	neg 1.0		off 0.36926495737460646 __DUMMY__ 0.32406906189273604 neg 0.30666598073265755	false	0.5
verlangsamung	neg 1.0		off 0.38368701382266485 __DUMMY__ 0.3166812420599311 neg 0.29963174411740406	false	0.5
ausgestorben	neg 1.0		off 0.36984328683119877 __DUMMY__ 0.32532685255130145 neg 0.30482986061749995	false	0.5
anklagen	neg 1.0		off 0.36937540936086904 __DUMMY__ 0.3251860227981953 neg 0.30543856784093565	false	0.5
trott	neg 1.0		off 0.3708701364961852 __DUMMY__ 0.32452115841950846 neg 0.30460870508430626	false	0.5
verminderung	neg 1.0		off 0.3765563068952328 __DUMMY__ 0.3203251733066789 neg 0.3031185197980882	false	0.5
nach			off 0.3612819952802093 __DUMMY__ 0.3306746673368871 neg 0.3080433373829035	false	0.0
rost	neg 1.0		off 0.3872342872301679 __DUMMY__ 0.31848629818444313 neg 0.2942794145853891	false	0.5
destruktiv	neg 1.0		off 0.3702409054895149 __DUMMY__ 0.3239609232418087 neg 0.3057981712686764	false	0.5
unzumutbarkeit	neg 1.0		off 0.3778525790029115 __DUMMY__ 0.32175689983759515 neg 0.30039052115949344	false	0.5
labil	off 1.0	off 1.0	off 0.6777414837391315 neg 0.167251238471916 __DUMMY__ 0.15500727778895254	false	1.0
ziemlich	neg 1.0		off 0.37701058403194937 __DUMMY__ 0.3220218576781494 neg 0.3009675582899013	false	0.5
lachnummer	off 1.0		off 0.37158006669916005 __DUMMY__ 0.3245089997106309 neg 0.303910933590209	false	1.0
oder			off 0.37155214937748166 __DUMMY__ 0.3245954881308634 neg 0.3038523624916548	false	0.0
verfall	neg 1.0		off 0.3616603444313854 __DUMMY__ 0.3275347947190272 neg 0.31080486084958725	false	0.5
ausgrenzung	neg 1.0		off 0.37259669703318277 __DUMMY__ 0.3226082578220104 neg 0.304795045144807	false	0.5
unordnung	neg 1.0		off 0.3817576046483312 __DUMMY__ 0.31973390067318397 neg 0.2985084946784847	false	0.5
fehlverhalten	neg 1.0		off 0.36689642776962805 __DUMMY__ 0.3264353876590234 neg 0.3066681845713486	false	0.5
eine			off 0.36427558805669036 __DUMMY__ 0.3269519108818713 neg 0.3087725010614383	false	0.0
nille	neg 1.0		off 0.3717696901293005 __DUMMY__ 0.32489411154284276 neg 0.30333619832785674	false	0.5
qual	neg 1.0		off 0.3704032890066519 __DUMMY__ 0.32452895254837266 neg 0.3050677584449755	false	0.5
verschwenden	neg 1.0		off 0.36554988576356984 __DUMMY__ 0.3254034900303193 neg 0.3090466242061109	false	0.5
riesig	neg 1.0		off 0.36770593755186765 __DUMMY__ 0.32686572056330393 neg 0.30542834188482837	false	0.5
verurteilen	neg 1.0		off 0.3689834720182516 __DUMMY__ 0.32522459740397247 neg 0.3057919305777758	false	0.5
klischee	neg 1.0	neg 1.0	neg 0.6383969496716341 off 0.2067422437373687 __DUMMY__ 0.15486080659099735	false	1.0
diktatorisch	neg 1.0		off 0.3729651107026471 __DUMMY__ 0.32269236892906605 neg 0.30434252036828685	false	0.5
vorhersehbar	neg 1.0		off 0.373392034838338 __DUMMY__ 0.3221652221595089 neg 0.304442743002153	false	0.5
sowie			off 0.38118367635024325 __DUMMY__ 0.3177058077603519 neg 0.30111051588940496	false	0.0
stornieren	neg 1.0		off 0.37595244903073066 __DUMMY__ 0.32548574187384594 neg 0.29856180909542357	false	0.5
besteuerung	neg 1.0	neg 1.0	neg 0.6410176788809222 off 0.20426508801384757 __DUMMY__ 0.1547172331052302	false	1.0
ungeschminkt	neg 1.0		off 0.3785124378506407 __DUMMY__ 0.32068787010710603 neg 0.3007996920422533	false	0.5
kritisch	neg 1.0		off 0.36852749122907 __DUMMY__ 0.3255134577055252 neg 0.3059590510654049	false	0.5
schlamperei	off 1.0		off 0.36730868619150486 __DUMMY__ 0.3261440815800997 neg 0.30654723222839547	false	1.0
sucht	neg 1.0	neg 1.0	neg 0.6368377286101236 off 0.2063787323710423 __DUMMY__ 0.15678353901883413	false	1.0
egoistisch	off 1.0	off 1.0	off 0.6815672287688009 neg 0.16493089373134293 __DUMMY__ 0.1535018774998562	false	1.0
ausbeuter	off 1.0		off 0.3653882481388879 __DUMMY__ 0.325134161833076 neg 0.30947759002803604	false	1.0
arschgeburt	off 1.0		off 0.39106974834127745 __DUMMY__ 0.31318946451898666 neg 0.29574078713973595	false	1.0
schubs	neg 1.0		off 0.36656319610243415 __DUMMY__ 0.3244852496039758 neg 0.30895155429359	false	0.5
unsolide	neg 1.0		off 0.37358214766284575 __DUMMY__ 0.32266459189523444 neg 0.3037532604419197	false	0.5
beschwerde	neg 1.0		off 0.3691521265330612 __DUMMY__ 0.3256318164639438 neg 0.305216057002995	false	0.5
stocken	neg 1.0		off 0.3676975517191205 __DUMMY__ 0.32576394379475965 neg 0.30653850448611997	false	0.5
isolieren	neg 1.0		off 0.36799965247517724 __DUMMY__ 0.3244391811362264 neg 0.30756116638859643	false	0.5
unheilbar	neg 1.0		off 0.37062277223162626 __DUMMY__ 0.32404715875592915 neg 0.30533006901244464	false	0.5
pisser	off 1.0	off 1.0	off 0.68043994360956 neg 0.16507388570117665 __DUMMY__ 0.1544861706892635	false	1.0
löschen	neg 1.0		off 0.3715454295063638 __DUMMY__ 0.32420843571552654 neg 0.3042461347781096	false	0.5
durchfallen	neg 1.0		off 0.3684140159609058 __DUMMY__ 0.32570696346222744 neg 0.3058790205768668	false	0.5
wichser	off 1.0	off 1.0	off 0.6839279362867466 neg 0.16461998904286487 __DUMMY__ 0.15145207467038851	false	1.0
terror	neg 1.0		off 0.37436348427507443 __DUMMY__ 0.3229216371598178 neg 0.3027148785651078	false	0.5
krass	neg 1.0		off 0.3815488092735954 __DUMMY__ 0.31892964208392177 neg 0.299521548642483	false	0.5
revolte	neg 1.0		off 0.3731583863860883 __DUMMY__ 0.3206785817481737 neg 0.30616303186573796	false	0.5
besorgt	neg 1.0		off 0.36944270077940533 __DUMMY__ 0.3262861988087423 neg 0.30427110041185246	false	0.5
nachlassen	neg 1.0		off 0.3683408143772293 __DUMMY__ 0.32656539867356194 neg 0.3050937869492086	false	0.5
alt	neg 1.0		off 0.3646720258431918 __DUMMY__ 0.32293512359911947 neg 0.31239285055768873	false	0.5
hundesohn	off 1.0	off 1.0	off 0.6836659327164171 neg 0.16432448921878562 __DUMMY__ 0.1520095780647972	false	1.0
als			off 0.3681093065535672 __DUMMY__ 0.32475194246728895 neg 0.30713875097914367	false	0.0
abschreckung	neg 1.0		off 0.3656203859606142 __DUMMY__ 0.32633308505523145 neg 0.3080465289841544	false	0.5
unqualifiziert	neg 1.0		off 0.37551536975397365 __DUMMY__ 0.32230167803185455 neg 0.30218295221417185	false	0.5
abgewichst	off 1.0		off 0.3709135552227709 __DUMMY__ 0.32506166077579124 neg 0.30402478400143773	false	1.0
schwer	neg 1.0		off 0.36970561178402134 __DUMMY__ 0.32425917427917605 neg 0.30603521393680255	false	0.5
bedeutungslosigkeit	neg 1.0		off 0.366303762743023 __DUMMY__ 0.3262806805817005 neg 0.3074155566752764	false	0.5
kapitulation	neg 1.0		off 0.3673936162517082 __DUMMY__ 0.32462372577804877 neg 0.307982657970243	false	0.5
unscharf	neg 1.0		off 0.37090778484529996 __DUMMY__ 0.3208049460511619 neg 0.30828726910353826	false	0.5
schwinden	neg 1.0		off 0.3655686755816378 __DUMMY__ 0.3253174496444127 neg 0.30911387477394947	false	0.5
versklavung	neg 1.0	neg 1.0	neg 0.6391169836323739 off 0.20548078620354007 __DUMMY__ 0.155402230164086	false	1.0
schlecht	neg 1.0		off 0.37730842457959524 __DUMMY__ 0.3221586000242325 neg 0.3005329753961722	false	0.5
verhasst	neg 1.0		off 0.3721846369888988 __DUMMY__ 0.32327689762411194 neg 0.3045384653869892	false	0.5
beschweren	neg 1.0		off 0.3732176126951473 __DUMMY__ 0.32402188362807355 neg 0.30276050367677915	false	0.5
scheiden	neg 1.0		off 0.3701542358698086 __DUMMY__ 0.32365128549636624 neg 0.30619447863382526	false	0.5
frustriert	neg 1.0		off 0.3694259968229428 __DUMMY__ 0.3251980482517036 neg 0.3053759549253535	false	0.5
schimmelig	neg 1.0		off 0.36657555006615156 __DUMMY__ 0.32419090182611 neg 0.3092335481077385	false	0.5
fisch	neg 1.0		off 0.3623597766228635 __DUMMY__ 0.32466760088908964 neg 0.3129726224880468	false	0.5
schmuggel	neg 1.0		off 0.3656304404605021 __DUMMY__ 0.32811253599570317 neg 0.3062570235437949	false	0.5
auffallen	neg 1.0		off 0.373080393561203 __DUMMY__ 0.32314329755319654 neg 0.3037763088856005	false	0.5
konkurrenz	neg 1.0		off 0.3662774767619383 __DUMMY__ 0.327082077367681 neg 0.3066404458703807	false	0.5
teufelskreis	neg 1.0	neg 1.0	neg 0.6407011873552895 off 0.20360683919871297 __DUMMY__ 0.15569197344599764	false	1.0
aufschreien	neg 1.0		off 0.3733164565285666 __DUMMY__ 0.3223144293320887 neg 0.30436911413934475	false	0.5
schuldner	neg 1.0		off 0.3645859887208606 __DUMMY__ 0.3244926257297181 neg 0.31092138554942134	false	0.5
missgeburt	off 1.0	off 1.0	off 0.6836515428281257 neg 0.16292459514382812 __DUMMY__ 0.15342386202804625	false	1.0
arbeitslos	neg 1.0		off 0.36821232248790453 __DUMMY__ 0.32563025387591477 neg 0.3061574236361806	false	0.5
befallen	neg 1.0		off 0.36811546511380705 __DUMMY__ 0.32285032124431406 neg 0.3090342136418789	false	0.5
miesepetrig	off 1.0	off 1.0	off 0.6775896956220381 neg 0.16756499286563564 __DUMMY__ 0.15484531151232625	false	1.0
alarmieren	neg 1.0		off 0.3761493212817117 __DUMMY__ 0.3222950712963067 neg 0.30155560742198156	false	0.5
ungeduscht	off 1.0		off 0.3749366024337071 __DUMMY__ 0.32155559159872016 neg 0.3035078059675728	false	1.0
knappheit	neg 1.0		off 0.36712571601178795 __DUMMY__ 0.32371179946114975 neg 0.3091624845270622	false	0.5
schlange	neg 1.0		off 0.37103290244546094 __DUMMY__ 0.3242075814020313 neg 0.3047595161525079	false	0.5
harsch	neg 1.0		off 0.3825585404730687 __DUMMY__ 0.3210315026459461 neg 0.29640995688098515	false	0.5
lang	neg 1.0		off 0.3723838383719985 __DUMMY__ 0.3239272327239018 neg 0.3036889289040998	false	0.5
ziellos	neg 1.0		off 0.3667812076572421 __DUMMY__ 0.3266591359400008 neg 0.3065596564027571	false	0.5
selbstverliebt	neg 1.0		off 0.3889083400992691 __DUMMY__ 0.3155534743120723 neg 0.2955381855886587	false	0.5
beseitigen	neg 1.0		off 0.37194642442418313 __DUMMY__ 0.3257648766762721 neg 0.30228869889954474	false	0.5
dumm	off 1.0		off 0.38347746252384723 __DUMMY__ 0.31779228561955947 neg 0.29873025185659335	false	1.0
arbeitsloser	neg 1.0		off 0.37002628610975163 __DUMMY__ 0.3275108920947922 neg 0.3024628217954561	false	0.5
blitzen	neg 1.0		off 0.37512655799202077 __DUMMY__ 0.3224806514768199 neg 0.30239279053115925	false	0.5
hilflos	neg 1.0		off 0.36813016819572447 __DUMMY__ 0.32538182277689587 neg 0.30648800902737966	false	0.5
eklig	off 1.0		off 0.3830827173905937 __DUMMY__ 0.3165849179239958 neg 0.30033236468541047	false	1.0
begriff			off 0.37043476296302863 __DUMMY__ 0.32464893957835916 neg 0.3049162974586122	false	0.0
hungersnot	neg 1.0		off 0.3674085627943774 __DUMMY__ 0.32395458206476174 neg 0.30863685514086087	false	0.5
ungesetzlich	neg 1.0		off 0.37260182557221194 __DUMMY__ 0.3223738110109572 neg 0.30502436341683076	false	0.5
verschwendung	neg 1.0		off 0.3661202556128877 __DUMMY__ 0.32613196812734374 neg 0.30774777625976857	false	0.5
schmerzvoll	neg 1.0		off 0.3716944350868304 __DUMMY__ 0.32297565082638713 neg 0.30532991408678256	false	0.5
vorzeitig	neg 1.0		off 0.3774143810311287 __DUMMY__ 0.3230841086214929 neg 0.2995015103473785	false	0.5
unvollkommenheit	neg 1.0		off 0.3696998378146199 __DUMMY__ 0.32546017618229256 neg 0.3048399860030876	false	0.5
intervenieren	neg 1.0		off 0.3659806877689675 __DUMMY__ 0.3247850026312406 neg 0.3092343095997918	false	0.5
banause	off 1.0		off 0.3835413477163817 __DUMMY__ 0.31455087766837503 neg 0.30190777461524343	false	1.0
rebell	neg 1.0		off 0.3614240039300296 __DUMMY__ 0.326558326107174 neg 0.3120176699627965	false	0.5
unlogisch	neg 1.0		off 0.37928206588216073 __DUMMY__ 0.32007349229601495 neg 0.3006444418218243	false	0.5
leiden	neg 1.0		off 0.366551963310506 __DUMMY__ 0.328477299509122 neg 0.30497073718037204	false	0.5
abschaffung	neg 1.0		off 0.3712091299381491 __DUMMY__ 0.3227857895608176 neg 0.30600508050103326	false	0.5
sturz	neg 1.0		off 0.37519091762119344 __DUMMY__ 0.32572951267009526 neg 0.29907956970871125	false	0.5
verkleinerung	neg 1.0		off 0.3735648499266512 __DUMMY__ 0.32025072788892345 neg 0.30618442218442543	false	0.5
schmarotzer	off 1.0		off 0.3688411458461316 __DUMMY__ 0.3248397123196426 neg 0.3063191418342258	false	1.0
bestrafung	neg 1.0	neg 1.0	neg 0.6380670071774652 off 0.205439906817231 __DUMMY__ 0.15649308600530384	false	1.0
achtlos	neg 1.0		off 0.3692409145746057 __DUMMY__ 0.32502244102573286 neg 0.3057366443996613	false	0.5
ungeheuer	neg 1.0		off 0.36997707228259824 __DUMMY__ 0.3227534076160284 neg 0.3072695201013733	false	0.5
unaufrichtig	neg 1.0		off 0.3758199546645215 __DUMMY__ 0.3226559980838332 neg 0.3015240472516454	false	0.5
groggy	neg 1.0		off 0.3749042023938719 __DUMMY__ 0.32346265021586534 neg 0.30163314739026276	false	0.5
verletzlich	neg 1.0		off 0.3746547565087456 __DUMMY__ 0.31978751790830223 neg 0.30555772558295224	false	0.5
ablehnen	neg 1.0		off 0.3680735504932824 __DUMMY__ 0.32546152778829374 neg 0.3064649217184238	false	0.5
