unsolidarisch	neg 1.0		__DUMMY__ 0.8753651798990305 off 0.06817643565888362 neg 0.05645838444208593	false	0.5
nachteilig	neg 1.0		__DUMMY__ 0.8837828106719882 off 0.0633554058524039 neg 0.05286178347560802	false	0.5
skeptisch	neg 1.0		__DUMMY__ 0.8829439699814017 off 0.062261008363926854 neg 0.05479502165467141	false	0.5
schrecklich	neg 1.0		__DUMMY__ 0.8704729783423792 off 0.07599884546544078 neg 0.05352817619218003	false	0.5
schlapp	neg 1.0	neg 1.0	neg 0.5116039591093511 __DUMMY__ 0.43378917967388986 off 0.054606861216759034	false	1.0
abfall	neg 1.0		__DUMMY__ 0.8865657260446943 off 0.05907080343890475 neg 0.054363470516401016	false	0.5
widerspenstig	neg 1.0		__DUMMY__ 0.8774276136651541 off 0.06602174844169395 neg 0.056550637893152025	false	0.5
abrupt	neg 1.0		__DUMMY__ 0.8814862938227782 off 0.06142481768574659 neg 0.05708888849147518	false	0.5
unwirksam	neg 1.0		__DUMMY__ 0.8722521300511628 off 0.067405954551866 neg 0.06034191539697117	false	0.5
angreifen	neg 1.0		__DUMMY__ 0.8830270393605204 off 0.06174395679686942 neg 0.0552290038426101	false	0.5
inkonsistent	neg 1.0		__DUMMY__ 0.8746652864129886 off 0.06934121956676985 neg 0.05599349402024153	false	0.5
abrutschen	neg 1.0		__DUMMY__ 0.885782386728009 off 0.05874392497481901 neg 0.05547368829717188	false	0.5
unsicher	neg 1.0		__DUMMY__ 0.8795477092034133 off 0.0667712914166248 neg 0.053680999379961895	false	0.5
bauernkind	off 1.0	off 1.0	off 0.529015515741958 __DUMMY__ 0.426681546947082 neg 0.044302937310959994	false	1.0
angreifer	neg 1.0		__DUMMY__ 0.8793365698284994 off 0.07076790090565654 neg 0.04989552926584413	false	0.5
trennen	neg 1.0		__DUMMY__ 0.8841357469359906 off 0.06125179412090919 neg 0.05461245894310019	false	0.5
schmutz	neg 1.0		__DUMMY__ 0.8813628683451826 off 0.0695381054691381 neg 0.049099026185679365	false	0.5
inkonsistenz	neg 1.0		__DUMMY__ 0.8745663715419731 off 0.0719489418791284 neg 0.053484686578898405	false	0.5
erschreckend	neg 1.0		__DUMMY__ 0.8790539373350138 off 0.06627150665260548 neg 0.05467455601238071	false	0.5
ertrinken	neg 1.0		__DUMMY__ 0.8820827585426049 off 0.061108347900305296 neg 0.0568088935570899	false	0.5
pickelface	off 1.0		__DUMMY__ 0.8792285271699067 off 0.06740459173011072 neg 0.05336688109998266	false	1.0
seiner			__DUMMY__ 0.8836601064352952 off 0.061982782297244576 neg 0.05435711126746013	false	0.0
lauch	neg 1.0	neg 1.0	neg 0.5115824741362367 __DUMMY__ 0.4435596779223165 off 0.04485784794144681	false	1.0
unwichtig	neg 1.0		__DUMMY__ 0.8741222323154911 off 0.07187683018213675 neg 0.05400093750237219	false	0.5
steuerhinterziehung	neg 1.0		__DUMMY__ 0.877683972536045 off 0.06639511242927991 neg 0.05592091503467495	false	0.5
schock	neg 1.0		__DUMMY__ 0.8798634994731179 off 0.06511324069481374 neg 0.055023259832068336	false	0.5
beule	neg 1.0		__DUMMY__ 0.8709907977436497 off 0.07382826040117826 neg 0.05518094185517206	false	0.5
vergelten	neg 1.0		__DUMMY__ 0.8715401625681352 off 0.07716975074084842 neg 0.051290086691016375	false	0.5
verdorbenheit	neg 1.0		__DUMMY__ 0.8785515234098972 off 0.06764651586531538 neg 0.05380196072478744	false	0.5
trauma	neg 1.0		__DUMMY__ 0.8766418527492028 off 0.0683282077961375 neg 0.05502993945465965	false	0.5
sinnlos	neg 1.0		__DUMMY__ 0.8768863634604094 off 0.06892786595680667 neg 0.05418577058278396	false	0.5
fettsack	off 1.0	off 1.0	off 0.5301671964872995 __DUMMY__ 0.4274751205704058 neg 0.042357682942294736	false	1.0
feige	off 1.0	off 1.0	off 0.5255751390954019 __DUMMY__ 0.4326833052877413 neg 0.04174155561685675	false	1.0
abdanken	neg 1.0		__DUMMY__ 0.879593535132967 off 0.06674293370536025 neg 0.05366353116167283	false	0.5
wichtigtuer	off 1.0	off 1.0	off 0.5230092899209349 __DUMMY__ 0.4359303846347283 neg 0.04106032544433694	false	1.0
misslingen	neg 1.0		__DUMMY__ 0.8823658812057656 off 0.06811163392686691 neg 0.04952248486736748	false	0.5
untreu	off 1.0		__DUMMY__ 0.8721631926898848 off 0.07311264933142131 neg 0.054724157978693726	false	1.0
missmutig	neg 1.0		__DUMMY__ 0.873870906356532 off 0.07044960515422077 neg 0.05567948848924727	false	0.5
hurenbock	off 1.0		__DUMMY__ 0.8750594272038853 off 0.06684662795019537 neg 0.05809394484591927	false	1.0
betrunken	neg 1.0		__DUMMY__ 0.8705090284056713 off 0.074796983089115 neg 0.05469398850521365	false	0.5
korrupt	off 1.0		__DUMMY__ 0.876880655780278 off 0.06604079509966002 neg 0.05707854912006201	false	1.0
unmut	neg 1.0		__DUMMY__ 0.8844312165986359 off 0.06053215082060926 neg 0.05503663258075491	false	0.5
hackfresse	off 1.0		__DUMMY__ 0.865658649482463 off 0.0805713230952274 neg 0.05377002742230967	false	1.0
aufblasen	neg 1.0		__DUMMY__ 0.8772792584156917 off 0.06701345230649414 neg 0.055707289277814244	false	0.5
gewaltsam	neg 1.0		__DUMMY__ 0.8811212191363448 off 0.06656696321488859 neg 0.0523118176487667	false	0.5
unbeliebtheit	neg 1.0		__DUMMY__ 0.8738977538356706 off 0.07326298554273106 neg 0.052839260621598404	false	0.5
sturheit	neg 1.0		__DUMMY__ 0.8808438424637793 off 0.06627183141289927 neg 0.05288432612332131	false	0.5
kuh	neg 1.0		__DUMMY__ 0.8689613268126678 off 0.06967150312179364 neg 0.06136717006553852	false	0.5
erschrecken	neg 1.0		__DUMMY__ 0.8748550323638259 off 0.0709140426219436 neg 0.05423092501423052	false	0.5
opfer	neg 1.0		__DUMMY__ 0.8836631850145371 off 0.06359527309015449 neg 0.052741541895308365	false	0.5
sinken	neg 1.0		__DUMMY__ 0.882105004904099 off 0.06090135867960289 neg 0.05699363641629812	false	0.5
stinktier	neg 1.0		__DUMMY__ 0.8636261868051017 off 0.0783331768950243 neg 0.058040636299873896	false	0.5
tucke	off 1.0		__DUMMY__ 0.8603825807056886 off 0.08259797740320125 neg 0.0570194418911101	false	1.0
ein			__DUMMY__ 0.8760581695213059 off 0.06571743522650017 neg 0.05822439525219394	false	0.0
abstieg	neg 1.0		__DUMMY__ 0.8849030072030322 off 0.06484867211553558 neg 0.05024832068143227	false	0.5
missverstehen	neg 1.0		__DUMMY__ 0.8758978883464376 off 0.06986908989544982 neg 0.05423302175811258	false	0.5
ergebnislos	neg 1.0		__DUMMY__ 0.8848230666437633 off 0.06332876910184394 neg 0.05184816425439274	false	0.5
unter			__DUMMY__ 0.8919185433121625 off 0.054726313469101874 neg 0.05335514321873569	false	0.0
manipulieren	neg 1.0		__DUMMY__ 0.8831425666554108 off 0.06269987918640975 neg 0.054157554158179376	false	0.5
unbewiesen	neg 1.0		__DUMMY__ 0.8765428242395067 off 0.06844777695478578 neg 0.05500939880570756	false	0.5
verschleppen	neg 1.0		__DUMMY__ 0.8803218199576027 off 0.06437399935893333 neg 0.055304180683463995	false	0.5
weib	off 1.0		__DUMMY__ 0.8628379702368205 off 0.08286457245508598 neg 0.054297457308093496	false	1.0
opposition	neg 1.0		__DUMMY__ 0.8753876394583123 off 0.06839085749620663 neg 0.056221503045481014	false	0.5
verkehrswidrig	neg 1.0		__DUMMY__ 0.8738927289583653 off 0.07732265734846074 neg 0.048784613693173905	false	0.5
inkorrekt	neg 1.0		__DUMMY__ 0.8700949045014817 off 0.07612268773766699 neg 0.05378240776085128	false	0.5
vermeiden	neg 1.0		__DUMMY__ 0.8881189643185985 off 0.05810255133913153 neg 0.05377848434226996	false	0.5
abweichung	neg 1.0		__DUMMY__ 0.8816213956361069 off 0.06462167556967685 neg 0.05375692879421634	false	0.5
alkoholisiert	neg 1.0		__DUMMY__ 0.8878223556839733 off 0.06126247167465234 neg 0.05091517264137436	false	0.5
scheiss	off 1.0	off 1.0	off 0.526175187952797 __DUMMY__ 0.43189605814566695 neg 0.041928753901535984	false	1.0
herausforderung	neg 1.0		__DUMMY__ 0.8810509127810054 off 0.06440301222531282 neg 0.05454607499368171	false	0.5
pervers	off 1.0		__DUMMY__ 0.8612058621889831 off 0.0851830373918521 neg 0.05361110041916483	false	1.0
wackelig	neg 1.0		__DUMMY__ 0.8813182357338922 off 0.06394960198444087 neg 0.05473216228166685	false	0.5
verwickeln	neg 1.0		__DUMMY__ 0.8761638258156423 off 0.0689823721791406 neg 0.054853802005217084	false	0.5
vorwand	neg 1.0		__DUMMY__ 0.8837336301613111 off 0.06129233003598752 neg 0.05497403980270133	false	0.5
muschi	off 1.0		__DUMMY__ 0.8811838233131444 off 0.06632959172948732 neg 0.05248658495736827	false	1.0
entmutigung	neg 1.0		__DUMMY__ 0.8720171183816301 off 0.06970705305867955 neg 0.05827582855969029	false	0.5
unangemessen	neg 1.0		__DUMMY__ 0.8799692037849403 off 0.0658906625912909 neg 0.05414013362376891	false	0.5
unstetig	neg 1.0		__DUMMY__ 0.8762008298799182 off 0.07079573445024821 neg 0.05300343566983362	false	0.5
entmutigen	neg 1.0		__DUMMY__ 0.8771489504693576 off 0.06781320828799424 neg 0.05503784124264817	false	0.5
schwanz	neg 1.0		__DUMMY__ 0.8822574915274564 off 0.06403576744587507 neg 0.053706741026668656	false	0.5
verbot	neg 1.0		__DUMMY__ 0.8784263808214191 off 0.06569034886135086 neg 0.055883270317230026	false	0.5
leid	neg 1.0		__DUMMY__ 0.8686755374734154 off 0.07757177633248687 neg 0.05375268619409765	false	0.5
archaisch	neg 1.0		__DUMMY__ 0.8796176145654943 off 0.06552498479387772 neg 0.054857400640628044	false	0.5
gegen			__DUMMY__ 0.8857101052340687 off 0.06105881748675016 neg 0.05323107727918117	false	0.0
scheidung	neg 1.0		__DUMMY__ 0.8624656460579748 off 0.08873071230263574 neg 0.048803641639389495	false	0.5
einschlag	neg 1.0		__DUMMY__ 0.874209897660631 off 0.07629374501385225 neg 0.04949635732551677	false	0.5
m			__DUMMY__ 0.880963445821113 off 0.06459202208054368 neg 0.0544445320983434	false	0.0
abgestanden	neg 1.0		__DUMMY__ 0.8717223530831393 off 0.06630423528322488 neg 0.061973411633635817	false	0.5
schmierig	off 1.0		__DUMMY__ 0.8677076512175531 off 0.07727552444422307 neg 0.055016824338223747	false	1.0
unpraktisch	neg 1.0		__DUMMY__ 0.8780692174582512 off 0.06797943940050179 neg 0.05395134314124708	false	0.5
wixxer	off 1.0		__DUMMY__ 0.8594859165115125 off 0.0855822576778671 neg 0.05493182581062035	false	1.0
bezeichnet			__DUMMY__ 0.879187835242948 off 0.06734388961031496 neg 0.053468275146737076	false	0.0
jammerlappen	off 1.0		__DUMMY__ 0.873454898686573 off 0.07217009738599135 neg 0.054375003927435696	false	1.0
farce	neg 1.0		__DUMMY__ 0.876593267785251 off 0.06728598355892917 neg 0.0561207486558197	false	0.5
zwecklos	neg 1.0		__DUMMY__ 0.87979031925261 off 0.06490676654437436 neg 0.055302914203015675	false	0.5
turbulent	neg 1.0		__DUMMY__ 0.871018377700525 off 0.07412349962709676 neg 0.054858122672378225	false	0.5
invasion	neg 1.0		__DUMMY__ 0.8759894611505671 off 0.0695609404535677 neg 0.05444959839586513	false	0.5
schuld	neg 1.0		__DUMMY__ 0.877391104313403 off 0.06828821634478531 neg 0.05432067934181172	false	0.5
risiko	neg 1.0		__DUMMY__ 0.8744826364915074 off 0.06909502867632486 neg 0.05642233483216784	false	0.5
finster	neg 1.0		__DUMMY__ 0.8760153767900747 off 0.0659703441105059 neg 0.05801427909941949	false	0.5
geisteskrank	off 1.0		__DUMMY__ 0.8712102053549178 off 0.07483550209692447 neg 0.05395429254815775	false	1.0
zusammenbrechen	neg 1.0		__DUMMY__ 0.8791809556950869 off 0.06502258802050799 neg 0.05579645628440507	false	0.5
ausbeute	neg 1.0		__DUMMY__ 0.8820003360275224 off 0.06541890257141467 neg 0.05258076140106294	false	0.5
hinterhalt	neg 1.0		__DUMMY__ 0.8807343408120628 off 0.06521562141156612 neg 0.0540500377763711	false	0.5
kritik	neg 1.0		__DUMMY__ 0.8768265617646184 off 0.06704496625346494 neg 0.056128471981916735	false	0.5
einschrumpfen	neg 1.0		__DUMMY__ 0.8720751862280572 off 0.0723733802558568 neg 0.05555143351608591	false	0.5
riskant	neg 1.0		__DUMMY__ 0.8821747444187716 off 0.06249719140833552 neg 0.0553280641728928	false	0.5
frustrieren	neg 1.0		__DUMMY__ 0.8808332614457905 off 0.06341441031049223 neg 0.055752328243717286	false	0.5
groll	neg 1.0		__DUMMY__ 0.8811521074638157 off 0.06511160073591232 neg 0.05373629180027204	false	0.5
gibt			__DUMMY__ 0.8807319890073844 off 0.06463245714931504 neg 0.05463555384330061	false	0.0
qualvoll	neg 1.0		__DUMMY__ 0.8758348716005625 off 0.06890122416863824 neg 0.05526390423079928	false	0.5
wackeln	neg 1.0		__DUMMY__ 0.8781247532132161 off 0.06652626301047587 neg 0.05534898377630789	false	0.5
klagen	neg 1.0		__DUMMY__ 0.8827687069819806 off 0.06157572891177683 neg 0.05565556410624253	false	0.5
bankrott	neg 1.0		__DUMMY__ 0.8757181655249812 off 0.07136254994493668 neg 0.05291928453008214	false	0.5
trauern	neg 1.0		__DUMMY__ 0.8863811022573566 off 0.062450745080285 neg 0.05116815266235837	false	0.5
ablehnung	neg 1.0		__DUMMY__ 0.877565939172394 off 0.06642785399928106 neg 0.05600620682832496	false	0.5
stur	neg 1.0		__DUMMY__ 0.8762231461152884 off 0.06823597045192765 neg 0.055540883432784016	false	0.5
aufruhr	neg 1.0		__DUMMY__ 0.8775175860881347 off 0.0671624524540529 neg 0.05531996145781254	false	0.5
melancholie	neg 1.0		__DUMMY__ 0.879666967274126 off 0.061621268635839554 neg 0.05871176409003446	false	0.5
ist			__DUMMY__ 0.8768480428484309 off 0.06866220197144719 neg 0.05448975518012183	false	0.0
torheit	neg 1.0		__DUMMY__ 0.8775089440324568 off 0.06842221016634716 neg 0.05406884580119594	false	0.5
dreckskind	off 1.0		__DUMMY__ 0.8644506636512803 off 0.08186006734514413 neg 0.05368926900357554	false	1.0
umtauschen	neg 1.0		__DUMMY__ 0.8788325948636919 off 0.06577769912889687 neg 0.05538970600741129	false	0.5
zum			__DUMMY__ 0.891381708199273 off 0.05814399730331813 neg 0.05047429449740887	false	0.0
zersetzen	neg 1.0		__DUMMY__ 0.8809508741519769 off 0.062385347589287016 neg 0.05666377825873608	false	0.5
zur			__DUMMY__ 0.8882282995766898 off 0.05846145514674225 neg 0.05331024527656783	false	0.0
frust	neg 1.0		__DUMMY__ 0.8794475160962483 off 0.0648225508474211 neg 0.055729933056330574	false	0.5
unerbittlichkeit	neg 1.0		__DUMMY__ 0.8832016703886716 off 0.06323243902194357 neg 0.05356589058938493	false	0.5
zwei			__DUMMY__ 0.8878649463295301 off 0.0576365483044972 neg 0.05449850536597275	false	0.0
unkorrekt	neg 1.0		__DUMMY__ 0.8710219902419278 off 0.07465896348839215 neg 0.05431904626967998	false	0.5
hexe	off 1.0		__DUMMY__ 0.8705161750890085 off 0.07141537373899352 neg 0.058068451171998	false	1.0
lasch	neg 1.0		__DUMMY__ 0.8740482825076542 off 0.07135609429988458 neg 0.05459562319246123	false	0.5
rivale	neg 1.0		__DUMMY__ 0.8714182877698262 off 0.07597978704533676 neg 0.052601925184837015	false	0.5
mutlos	off 1.0	off 1.0	off 0.5188991851082231 __DUMMY__ 0.4394399532896382 neg 0.041660861602138714	false	1.0
wirr	off 1.0		__DUMMY__ 0.8683127261582638 off 0.07662458455406167 neg 0.05506268928767443	false	1.0
jahr			__DUMMY__ 0.887932648427219 off 0.062002018932597394 neg 0.05006533264018362	false	0.0
wird			__DUMMY__ 0.8816362957672463 off 0.06396133851580876 neg 0.05440236571694495	false	0.0
strafbar	neg 1.0		__DUMMY__ 0.8825443671075462 off 0.063100703324798 neg 0.054354929567655766	false	0.5
erosion	neg 1.0		__DUMMY__ 0.8791313525245358 off 0.06698174039410122 neg 0.05388690708136297	false	0.5
eingehen	neg 1.0		__DUMMY__ 0.880674028705195 off 0.06326149234395514 neg 0.05606447895084991	false	0.5
faul	off 1.0		__DUMMY__ 0.874827093007003 off 0.07095891611924088 neg 0.05421399087375613	false	1.0
provisorium	neg 1.0		__DUMMY__ 0.8924576906322171 off 0.05469082858870665 neg 0.05285148077907618	false	0.5
schmerzen	neg 1.0		__DUMMY__ 0.87757539303868 off 0.06515091078491538 neg 0.0572736961764046	false	0.5
schrumpfen	neg 1.0		__DUMMY__ 0.8838334719434012 off 0.05859861067562653 neg 0.05756791738097223	false	0.5
geistlos	off 1.0		__DUMMY__ 0.8741527790794754 off 0.07030649182803142 neg 0.055540729092493246	false	1.0
fehlkauf	neg 1.0		__DUMMY__ 0.8755844518779132 off 0.06961637294018122 neg 0.054799175181905524	false	0.5
frustrierend	neg 1.0		__DUMMY__ 0.8744304671114826 off 0.07086988258149182 neg 0.05469965030702548	false	0.5
unzufrieden	neg 1.0		__DUMMY__ 0.8804191714834135 off 0.06471159182462208 neg 0.05486923669196446	false	0.5
verzweifeln	neg 1.0		__DUMMY__ 0.8794766707184906 off 0.06592501939875156 neg 0.054598309882757906	false	0.5
verzweifelt	neg 1.0		__DUMMY__ 0.8762229574583075 off 0.06829584194503148 neg 0.055481200596661076	false	0.5
misstrauensantrag	neg 1.0		__DUMMY__ 0.875763672426233 off 0.06883708680037377 neg 0.0553992407733931	false	0.5
abfallen	neg 1.0		__DUMMY__ 0.8773997832284067 off 0.06670248272662872 neg 0.055897734044964495	false	0.5
fucker	off 1.0		__DUMMY__ 0.8712369981303506 off 0.07564380675603374 neg 0.053119195113615666	false	1.0
ungezogen	neg 1.0		__DUMMY__ 0.8639777873319038 off 0.08277552408593791 neg 0.0532466885821583	false	0.5
irrsinnig	neg 1.0	neg 1.0	neg 0.5118461922705214 __DUMMY__ 0.4365807735835768 off 0.051573034145901905	false	1.0
unfassbar	neg 1.0		__DUMMY__ 0.8734031340767301 off 0.0730537815818807 neg 0.05354308434138918	false	0.5
hart	neg 1.0		__DUMMY__ 0.870259184741932 off 0.07316457033626203 neg 0.05657624492180599	false	0.5
widerlich	off 1.0		__DUMMY__ 0.8722939834736374 off 0.0736522531492909 neg 0.05405376337707177	false	1.0
fatal	neg 1.0	neg 1.0	neg 0.513857810857934 __DUMMY__ 0.4332146808587594 off 0.052927508283306536	false	1.0
bruch	neg 1.0		__DUMMY__ 0.8844662924053882 off 0.06010673819725608 neg 0.05542696939735573	false	0.5
aushungern	neg 1.0		__DUMMY__ 0.8780909750601571 off 0.06594962507254395 neg 0.05595939986729898	false	0.5
anspannung	neg 1.0		__DUMMY__ 0.8891201780755622 off 0.05797502346307331 neg 0.05290479846136436	false	0.5
von			__DUMMY__ 0.8840089929841035 off 0.06125551549070644 neg 0.05473549152519009	false	0.0
kraftlos	neg 1.0		__DUMMY__ 0.8804645456615203 off 0.06396156971308019 neg 0.055573884625399556	false	0.5
vom			__DUMMY__ 0.8934806834016834 off 0.055052014331224 neg 0.05146730226709253	false	0.0
grenzdebil	off 1.0		__DUMMY__ 0.8717066004364076 off 0.07332702222548869 neg 0.054966377338103604	false	1.0
vor			__DUMMY__ 0.8847297592667971 off 0.060330320840847815 neg 0.054939919892355145	false	0.0
unterwerfen	neg 1.0		__DUMMY__ 0.8826372769036972 off 0.0637175897532141 neg 0.05364513334308872	false	0.5
versenkung	neg 1.0		__DUMMY__ 0.8830844090197362 off 0.06324889453501209 neg 0.05366669644525174	false	0.5
entziehen	neg 1.0		__DUMMY__ 0.8839453746272156 off 0.06124053102879144 neg 0.05481409434399303	false	0.5
finanzkrise	neg 1.0		__DUMMY__ 0.8717455404234185 off 0.06665160556802519 neg 0.06160285400855628	false	0.5
schimpfend	neg 1.0		__DUMMY__ 0.8797431864290604 off 0.06725156740347657 neg 0.05300524616746301	false	0.5
profan	neg 1.0		__DUMMY__ 0.8753231461938252 off 0.06928596933074635 neg 0.05539088447542851	false	0.5
korruption	neg 1.0		__DUMMY__ 0.8776086478888409 off 0.06521905645217267 neg 0.05717229565898647	false	0.5
â			__DUMMY__ 0.8812274895114127 off 0.06396302865780361 neg 0.054809481830783664	false	0.0
schmutzig	neg 1.0		__DUMMY__ 0.8714351476525413 off 0.07346041113821544 neg 0.05510444120924341	false	0.5
sexy	neg 1.0		__DUMMY__ 0.8758619933697118 off 0.07082855328269726 neg 0.05330945334759086	false	0.5
abraten	neg 1.0		__DUMMY__ 0.8773885900464014 off 0.06875495948152711 neg 0.05385645047207153	false	0.5
schwarz	neg 1.0		__DUMMY__ 0.8769311470725586 off 0.06925323552437619 neg 0.053815617403065195	false	0.5
fotze	off 1.0	off 1.0	off 0.5192120241888749 __DUMMY__ 0.4402069833056134 neg 0.04058099250551181	false	1.0
verwirren	neg 1.0		__DUMMY__ 0.8758305872479576 off 0.06961177125034843 neg 0.05455764150169391	false	0.5
zahnlos	off 1.0		__DUMMY__ 0.8795457572307245 off 0.06571802648109429 neg 0.054736216288181226	false	1.0
verheeren	neg 1.0		__DUMMY__ 0.8629986298496538 off 0.08430658014512121 neg 0.052694790005225006	false	0.5
hippie	neg 1.0		__DUMMY__ 0.8754592544577239 off 0.07056405113286728 neg 0.053976694409408756	false	0.5
rammen	neg 1.0		__DUMMY__ 0.8797160246074713 off 0.06703501224506829 neg 0.053248963147460235	false	0.5
unlauter	neg 1.0		__DUMMY__ 0.8754161013194309 off 0.06913457471576409 neg 0.055449323964805	false	0.5
unheilvoll	neg 1.0		__DUMMY__ 0.8767106499863807 off 0.06777698624101416 neg 0.055512363772605176	false	0.5
niedrig	neg 1.0		__DUMMY__ 0.879013154474396 off 0.06373412478622857 neg 0.05725272073937534	false	0.5
explosion	neg 1.0		__DUMMY__ 0.8761904601699556 off 0.07036130895435917 neg 0.05344823087568517	false	0.5
weichei	off 1.0	off 1.0	off 0.5296312651546153 __DUMMY__ 0.42755862080031215 neg 0.04281011404507248	false	1.0
minusmensch	off 1.0		__DUMMY__ 0.862814339742364 off 0.08431669758096488 neg 0.052868962676671065	false	1.0
farblos	neg 1.0		__DUMMY__ 0.8780514719231267 off 0.06765684258258985 neg 0.0542916854942834	false	0.5
unwissend	neg 1.0	neg 1.0	neg 0.5118209569225501 __DUMMY__ 0.43361700060760755 off 0.05456204246984221	false	1.0
traurig	neg 1.0		__DUMMY__ 0.8710282517231143 off 0.07562903240198973 neg 0.053342715874896	false	0.5
senkung	neg 1.0		__DUMMY__ 0.8708710558317591 off 0.06980518773385842 neg 0.05932375643438257	false	0.5
ungleich	neg 1.0	neg 1.0	neg 0.5120652026183373 __DUMMY__ 0.43957350971317743 off 0.04836128766848532	false	1.0
heikel	neg 1.0		__DUMMY__ 0.8822832480359845 off 0.0626401731598652 neg 0.05507657880415045	false	0.5
drosselung	neg 1.0		__DUMMY__ 0.8690785124136894 off 0.07338262861611788 neg 0.05753885897019267	false	0.5
falsch	neg 1.0		__DUMMY__ 0.8756006454103238 off 0.07102371127055682 neg 0.05337564331911947	false	0.5
unzufriedenheit	neg 1.0		__DUMMY__ 0.8808758849506934 off 0.0625348641490217 neg 0.056589250900285076	false	0.5
kurz	neg 1.0		__DUMMY__ 0.88191315604993 off 0.06452653830812363 neg 0.05356030564194622	false	0.5
unsinnig	neg 1.0		__DUMMY__ 0.8775105284514271 off 0.06618596617519819 neg 0.056303505373374745	false	0.5
penner	off 1.0	off 1.0	off 0.5311520834972517 __DUMMY__ 0.42713585489219885 neg 0.041712061610549245	false	1.0
seicht	neg 1.0		__DUMMY__ 0.8612963697678788 off 0.08224579065777254 neg 0.05645783957434861	false	0.5
dummheit	off 1.0	off 1.0	off 0.5231883556761018 __DUMMY__ 0.43445319050565656 neg 0.04235845381824158	false	1.0
unerfreulich	neg 1.0		__DUMMY__ 0.882844414424351 off 0.06227257899098207 neg 0.054883006584666896	false	0.5
motherfucker	off 1.0	off 1.0	off 0.5270257727998355 __DUMMY__ 0.4320614290636925 neg 0.04091279813647202	false	1.0
pikiert	neg 1.0		__DUMMY__ 0.8720706575568695 off 0.07253220761381775 neg 0.05539713482931278	false	0.5
wrack	neg 1.0		__DUMMY__ 0.8866483958067908 off 0.06448967742872186 neg 0.04886192676448734	false	0.5
gangster	neg 1.0		__DUMMY__ 0.8751577020367143 off 0.07073607564317738 neg 0.05410622232010832	false	0.5
krank	neg 1.0		__DUMMY__ 0.8731150222768934 off 0.07317892748276389 neg 0.0537060502403427	false	0.5
reich	neg 1.0		__DUMMY__ 0.8702175901645126 off 0.0710641888935145 neg 0.05871822094197281	false	0.5
gnadenlos	neg 1.0		__DUMMY__ 0.878254951549956 off 0.06803939996407814 neg 0.05370564848596583	false	0.5
niedergeschlagen	neg 1.0		__DUMMY__ 0.8817859277893515 off 0.0642271286547661 neg 0.05398694355588233	false	0.5
terrorisieren	off 1.0	off 1.0	off 0.5179566308339978 __DUMMY__ 0.4404020932741102 neg 0.04164127589189196	false	1.0
sinnlosigkeit	neg 1.0		__DUMMY__ 0.8801419174097328 off 0.06517635914910197 neg 0.054681723441165266	false	0.5
behindern	neg 1.0		__DUMMY__ 0.8782316784358022 off 0.06656715306282783 neg 0.055201168501369975	false	0.5
undemokratisch	neg 1.0		__DUMMY__ 0.8750853715511404 off 0.06964745870424109 neg 0.055267169744618455	false	0.5
wirtschaftskrise	neg 1.0		__DUMMY__ 0.8767760801165236 off 0.06483304280705775 neg 0.05839087707641853	false	0.5
neid	neg 1.0		__DUMMY__ 0.874794384122714 off 0.07011380815321522 neg 0.05509180772407083	false	0.5
rutschen	neg 1.0		__DUMMY__ 0.8876297635486209 off 0.05733965882220269 neg 0.05503057762917643	false	0.5
rezession	neg 1.0		__DUMMY__ 0.8640848864095739 off 0.07605247509571103 neg 0.05986263849471501	false	0.5
fehlgeburt	neg 1.0		__DUMMY__ 0.8798553631593554 off 0.06682080872798687 neg 0.05332382811265782	false	0.5
charakterschwach	off 1.0		__DUMMY__ 0.8720547408019902 off 0.07322054160337213 neg 0.05472471759463768	false	1.0
isolation	neg 1.0		__DUMMY__ 0.8762616075578306 off 0.07086241361542345 neg 0.052875978826746044	false	0.5
ablenkung	neg 1.0		__DUMMY__ 0.8796980359410227 off 0.06653733010355918 neg 0.05376463395541822	false	0.5
pech	neg 1.0		__DUMMY__ 0.8739125140046097 off 0.07086191284718878 neg 0.05522557314820158	false	0.5
vermeidung	neg 1.0		__DUMMY__ 0.8712233534002672 off 0.0732041905031192 neg 0.0555724560966135	false	0.5
dominieren	neg 1.0		__DUMMY__ 0.8803857074822516 off 0.06538937934016617 neg 0.054224913177582164	false	0.5
schwindlig	neg 1.0		__DUMMY__ 0.8759857099284707 off 0.06844602938331429 neg 0.05556826068821497	false	0.5
lutscher	neg 1.0		__DUMMY__ 0.8602029437771276 off 0.08381901807804538 neg 0.05597803814482703	false	0.5
pflicht	neg 1.0		__DUMMY__ 0.8845614764057207 off 0.06140045963939498 neg 0.05403806395488439	false	0.5
faschist	off 1.0		__DUMMY__ 0.8751639090265776 off 0.07112919692828429 neg 0.053706894045138044	false	1.0
verschleudern	neg 1.0		__DUMMY__ 0.8771813478330438 off 0.06344628036025785 neg 0.05937237180669827	false	0.5
wenn			__DUMMY__ 0.8732868810452253 off 0.07184581028400654 neg 0.0548673086707682	false	0.0
ehebruch	neg 1.0		__DUMMY__ 0.8803974396516859 off 0.06427829550833453 neg 0.05532426483997958	false	0.5
spott	off 1.0		__DUMMY__ 0.8823129086301477 off 0.06415935021609671 neg 0.05352774115375556	false	1.0
trostlosigkeit	neg 1.0		__DUMMY__ 0.8819788126716842 off 0.06125864078555124 neg 0.05676254654276459	false	0.5
lutschen	neg 1.0		__DUMMY__ 0.8758244516224643 off 0.07123604955776969 neg 0.05293949881976616	false	0.5
undiszipliniert	neg 1.0		__DUMMY__ 0.8709980972045709 off 0.07482546803691077 neg 0.05417643475851828	false	0.5
kopfschmerz	neg 1.0		__DUMMY__ 0.877651785216234 off 0.06312726106081853 neg 0.05922095372294738	false	0.5
unvorhergesehen	neg 1.0		__DUMMY__ 0.8849075381006488 off 0.06092005019150115 neg 0.05417241170784997	false	0.5
desinteressiert	neg 1.0		__DUMMY__ 0.8712544201991619 off 0.07429419991427583 neg 0.05445137988656233	false	0.5
armselig	off 1.0		__DUMMY__ 0.8697757284266527 off 0.07671485666303851 neg 0.05350941491030871	false	1.0
desaster	neg 1.0		__DUMMY__ 0.8826608213667705 off 0.06082340912122596 neg 0.05651576951200355	false	0.5
tod	neg 1.0		__DUMMY__ 0.8828426334910191 off 0.06287750999097808 neg 0.05427985651800282	false	0.5
herzlos	neg 1.0		__DUMMY__ 0.8697892841144595 off 0.07604031091552531 neg 0.05417040497001513	false	0.5
unwissenheit	neg 1.0		__DUMMY__ 0.8802259234668799 off 0.06483661360785911 neg 0.05493746292526099	false	0.5
widersinnig	neg 1.0		__DUMMY__ 0.876071879653095 off 0.0663674915343385 neg 0.05756062881256659	false	0.5
bedenklich	neg 1.0		__DUMMY__ 0.8801483518392177 off 0.06397577218763811 neg 0.05587587597314429	false	0.5
beanstanden	neg 1.0		__DUMMY__ 0.8848473898418545 off 0.06201102926036972 neg 0.053141580897775736	false	0.5
panisch	neg 1.0		__DUMMY__ 0.8775991716522493 off 0.06852917100333492 neg 0.05387165734441577	false	0.5
debil	off 1.0		__DUMMY__ 0.8904157759041029 off 0.05526282207585329 neg 0.05432140202004372	false	1.0
abstrich	neg 1.0		__DUMMY__ 0.8811900287210366 off 0.06448261883161314 neg 0.054327352447350374	false	0.5
primitiv	neg 1.0		__DUMMY__ 0.8716038288744999 off 0.07454637657793013 neg 0.05384979454756998	false	0.5
abschaum	off 1.0	off 1.0	off 0.5253434754902591 __DUMMY__ 0.4347792053305258 neg 0.03987731917921513	false	1.0
provozieren	neg 1.0		__DUMMY__ 0.8768922957456422 off 0.06804080359901012 neg 0.05506690065534765	false	0.5
tot	neg 1.0		__DUMMY__ 0.8814466081495264 off 0.06434274259174451 neg 0.054210649258729184	false	0.5
instabil	neg 1.0		__DUMMY__ 0.8673044356160274 off 0.07688198515974556 neg 0.055813579224227	false	0.5
schwuchtel	off 1.0	off 1.0	off 0.5369930881053012 __DUMMY__ 0.42217780010621403 neg 0.040829111788484834	false	1.0
zerren	neg 1.0		__DUMMY__ 0.8815062855337146 off 0.06430148550997639 neg 0.054192228956309076	false	0.5
kinderficker	off 1.0		__DUMMY__ 0.8674094008862254 off 0.07908801227820049 neg 0.05350258683557415	false	1.0
gefahr	neg 1.0		__DUMMY__ 0.8841760108062539 off 0.06183190129806664 neg 0.05399208789567943	false	0.5
rabiat	neg 1.0		__DUMMY__ 0.8777287033726138 off 0.06617665241281516 neg 0.056094644214571165	false	0.5
verlangsamung	neg 1.0		__DUMMY__ 0.8642817200306575 off 0.0808366295152874 neg 0.05488165045405507	false	0.5
ausgestorben	neg 1.0		__DUMMY__ 0.8802336582284913 off 0.06575331856721929 neg 0.05401302320428937	false	0.5
anklagen	neg 1.0		__DUMMY__ 0.8800653240459939 off 0.06552065113513113 neg 0.05441402481887497	false	0.5
trott	neg 1.0		__DUMMY__ 0.8787961955769622 off 0.06682136446006905 neg 0.054382439962968716	false	0.5
verminderung	neg 1.0		__DUMMY__ 0.8712121166618728 off 0.07319931914870871 neg 0.05558856418941851	false	0.5
nach			__DUMMY__ 0.890413816578213 off 0.056175318817015575 neg 0.05341086460477146	false	0.0
rost	neg 1.0		__DUMMY__ 0.8679434769508606 off 0.0819532844408691 neg 0.05010323860827022	false	0.5
destruktiv	neg 1.0		__DUMMY__ 0.8775960606503983 off 0.06693596256058204 neg 0.05546797678901965	false	0.5
unzumutbarkeit	neg 1.0		__DUMMY__ 0.8740103336519184 off 0.07328281911749365 neg 0.05270684723058795	false	0.5
labil	off 1.0	off 1.0	off 0.5247781705482014 __DUMMY__ 0.4339680220140703 neg 0.0412538074377282	false	1.0
ziemlich	neg 1.0		__DUMMY__ 0.8742557910046844 off 0.07269478679705597 neg 0.0530494221982597	false	0.5
lachnummer	off 1.0		__DUMMY__ 0.8784894990622316 off 0.06768950879705692 neg 0.053820992140711406	false	1.0
oder			__DUMMY__ 0.8790500097816192 off 0.06722799068267452 neg 0.05372199953570637	false	0.0
verfall	neg 1.0		__DUMMY__ 0.8842576184050617 off 0.05870697728303471 neg 0.057035404311903556	false	0.5
ausgrenzung	neg 1.0		__DUMMY__ 0.8751027707861926 off 0.06952198377192181 neg 0.05537524544188554	false	0.5
unordnung	neg 1.0		__DUMMY__ 0.8702612681165092 off 0.07726302001766185 neg 0.05247571186582894	false	0.5
fehlverhalten	neg 1.0		__DUMMY__ 0.8821279771531104 off 0.06318078024484815 neg 0.054691242602041404	false	0.5
eine			__DUMMY__ 0.8831782439516938 off 0.060830665482052175 neg 0.05599109056625414	false	0.0
nille	neg 1.0		__DUMMY__ 0.8794035285663198 off 0.0673824905823365 neg 0.053213980851343747	false	0.5
qual	neg 1.0		__DUMMY__ 0.8787875175868414 off 0.06651225821199135 neg 0.05470022420116729	false	0.5
verschwenden	neg 1.0		__DUMMY__ 0.8803344952951191 off 0.06265548798534878 neg 0.05701001671953211	false	0.5
riesig	neg 1.0		__DUMMY__ 0.8836640879976247 off 0.06280947839161191 neg 0.05352643361076328	false	0.5
verurteilen	neg 1.0		__DUMMY__ 0.8799215805234393 off 0.06537858689178258 neg 0.05469983258477815	false	0.5
klischee	neg 1.0	neg 1.0	neg 0.5124903373385394 __DUMMY__ 0.4335608218746889 off 0.0539488407867717	false	1.0
diktatorisch	neg 1.0		__DUMMY__ 0.8752005729653788 off 0.06979573391388925 neg 0.05500369312073198	false	0.5
vorhersehbar	neg 1.0		__DUMMY__ 0.874195299518936 off 0.0702856303584568 neg 0.05551907012260717	false	0.5
sowie			__DUMMY__ 0.8660914114575148 off 0.07830757434745754 neg 0.05560101419502766	false	0.0
stornieren	neg 1.0		__DUMMY__ 0.8810561422202525 off 0.06965407963515628 neg 0.049289778144591165	false	0.5
besteuerung	neg 1.0	neg 1.0	neg 0.5150929946768847 __DUMMY__ 0.4334688988728418 off 0.05143810645027344	false	1.0
ungeschminkt	neg 1.0		__DUMMY__ 0.872147696772584 off 0.07415217491347524 neg 0.05370012831394072	false	0.5
kritisch	neg 1.0		__DUMMY__ 0.8803926751304652 off 0.0649091703025879 neg 0.05469815456694703	false	0.5
schlamperei	off 1.0		__DUMMY__ 0.881759858503017 off 0.06356013165634739 neg 0.05468000984063567	false	1.0
sucht	neg 1.0	neg 1.0	neg 0.5093673098634177 __DUMMY__ 0.4391708948984915 off 0.05146179523809073	false	1.0
egoistisch	off 1.0	off 1.0	off 0.5295663432137256 __DUMMY__ 0.430313970456627 neg 0.040119686329647276	false	1.0
ausbeuter	off 1.0		__DUMMY__ 0.8796508929265962 off 0.06293435381660291 neg 0.05741475325680093	false	1.0
arschgeburt	off 1.0		__DUMMY__ 0.857457502194561 off 0.08834162224080917 neg 0.0542008755646298	false	1.0
schubs	neg 1.0		__DUMMY__ 0.8792509118636412 off 0.06333651763930169 neg 0.05741257049705705	false	0.5
unsolide	neg 1.0		__DUMMY__ 0.8753363325856783 off 0.07007559408265446 neg 0.05458807333166718	false	0.5
beschwerde	neg 1.0		__DUMMY__ 0.8808389165586266 off 0.06514999929027686 neg 0.05401108415109662	false	0.5
stocken	neg 1.0		__DUMMY__ 0.8811104280767851 off 0.06402816236906739 neg 0.054861409554147554	false	0.5
isolieren	neg 1.0		__DUMMY__ 0.8786395808108787 off 0.06506357256785819 neg 0.05629684662126318	false	0.5
unheilbar	neg 1.0		__DUMMY__ 0.8777808754594054 off 0.06720888869734594 neg 0.05501023584324868	false	0.5
pisser	off 1.0	off 1.0	off 0.5275850142424622 __DUMMY__ 0.43292616274493945 neg 0.039488823012598324	false	1.0
löschen	neg 1.0		__DUMMY__ 0.878187560223488 off 0.06756406698313117 neg 0.05424837279338089	false	0.5
durchfallen	neg 1.0		__DUMMY__ 0.8808663455837594 off 0.06456694775023662 neg 0.05456670666600398	false	0.5
wichser	off 1.0	off 1.0	off 0.5336429476822447 __DUMMY__ 0.4249865528728276 neg 0.04137049944492765	false	1.0
terror	neg 1.0		__DUMMY__ 0.8759963063538614 off 0.07014267459129434 neg 0.053861019054844264	false	0.5
krass	neg 1.0		__DUMMY__ 0.8687665241723406 off 0.07747090000160749 neg 0.05376257582605198	false	0.5
revolte	neg 1.0		__DUMMY__ 0.871373607594134 off 0.07114241294046857 neg 0.05748397946539754	false	0.5
besorgt	neg 1.0		__DUMMY__ 0.8821115939671254 off 0.06483405573182817 neg 0.05305435030104641	false	0.5
nachlassen	neg 1.0		__DUMMY__ 0.8828239875855556 off 0.06370693362622258 neg 0.05346907878822186	false	0.5
alt	neg 1.0		__DUMMY__ 0.8763022392646749 off 0.06293153917087382 neg 0.060766221564451335	false	0.5
hundesohn	off 1.0	off 1.0	off 0.5330798127977237 __DUMMY__ 0.42630101418443506 neg 0.04061917301784139	false	1.0
als			__DUMMY__ 0.8790565549411263 off 0.06492246871158934 neg 0.0560209763472844	false	0.0
abschreckung	neg 1.0		__DUMMY__ 0.8819500309998985 off 0.06235722669862647 neg 0.05569274230147495	false	0.5
unqualifiziert	neg 1.0		__DUMMY__ 0.8744829792827137 off 0.07172133902586778 neg 0.053795681691418455	false	0.5
abgewichst	off 1.0		__DUMMY__ 0.8798320151518682 off 0.06654479862295491 neg 0.05362318622517689	false	1.0
schwer	neg 1.0		__DUMMY__ 0.8780758818106881 off 0.06638363640437946 neg 0.05554048178493257	false	0.5
bedeutungslosigkeit	neg 1.0		__DUMMY__ 0.8818294127299217 off 0.06286656778047932 neg 0.055304019489599024	false	0.5
kapitulation	neg 1.0		__DUMMY__ 0.8787716838265767 off 0.0646504875589589 neg 0.056577828614464434	false	0.5
unscharf	neg 1.0		__DUMMY__ 0.8723534806685319 off 0.06859793346274598 neg 0.05904858586872212	false	0.5
schwinden	neg 1.0		__DUMMY__ 0.880168382433025 off 0.06288105771026307 neg 0.056950559856711915	false	0.5
versklavung	neg 1.0	neg 1.0	neg 0.5126957027365442 __DUMMY__ 0.4349584431768293 off 0.05234585408662655	false	1.0
schlecht	neg 1.0		__DUMMY__ 0.8744357749060846 off 0.07289045351108726 neg 0.0526737715828282	false	0.5
verhasst	neg 1.0		__DUMMY__ 0.8762739055664642 off 0.06876576080498852 neg 0.05496033362854729	false	0.5
beschweren	neg 1.0		__DUMMY__ 0.8777738436085013 off 0.06894830393211575 neg 0.05327785245938299	false	0.5
scheiden	neg 1.0		__DUMMY__ 0.8776125491380151 off 0.06656786610873007 neg 0.05581958475325484	false	0.5
frustriert	neg 1.0		__DUMMY__ 0.8798797534308281 off 0.06562441909838572 neg 0.05449582747078621	false	0.5
schimmelig	neg 1.0		__DUMMY__ 0.8788982137090994 off 0.06332766981290287 neg 0.057774116477997704	false	0.5
fisch	neg 1.0		__DUMMY__ 0.8798791302232757 neg 0.060123368142064766 off 0.059997501634659514	false	1.0
schmuggel	neg 1.0		__DUMMY__ 0.8856513545430841 off 0.06096987926329222 neg 0.053378766193623715	false	0.5
auffallen	neg 1.0		__DUMMY__ 0.8761632089528613 off 0.069356489309801 neg 0.05448030173733777	false	0.5
konkurrenz	neg 1.0		__DUMMY__ 0.8833425514921351 off 0.06238777335069467 neg 0.054269675157170266	false	0.5
teufelskreis	neg 1.0	neg 1.0	neg 0.5141045667212549 __DUMMY__ 0.43558192425230574 off 0.050313509026439315	false	1.0
aufschreien	neg 1.0		__DUMMY__ 0.8745327756546297 off 0.07007820809673157 neg 0.05538901624863875	false	0.5
schuldner	neg 1.0		__DUMMY__ 0.8786230418335823 off 0.0626373154714199 neg 0.05873964269499782	false	0.5
missgeburt	off 1.0	off 1.0	off 0.5315616915485212 __DUMMY__ 0.4302644505003439 neg 0.03817385795113492	false	1.0
arbeitslos	neg 1.0		__DUMMY__ 0.8806229079649628 off 0.06455344631280842 neg 0.05482364572222874	false	0.5
befallen	neg 1.0		__DUMMY__ 0.8756011527155126 off 0.06612707894978113 neg 0.058271768334706125	false	0.5
miesepetrig	off 1.0	off 1.0	off 0.5243716389567654 __DUMMY__ 0.43395066439213437 neg 0.04167769665110034	false	1.0
alarmieren	neg 1.0		__DUMMY__ 0.8746233315782508 off 0.07217387057290908 neg 0.053202797848840265	false	0.5
ungeduscht	off 1.0		__DUMMY__ 0.8738778089872072 off 0.07097101342557774 neg 0.055151177587214946	false	1.0
knappheit	neg 1.0		__DUMMY__ 0.8772979497121898 off 0.06484393743144946 neg 0.05785811285636076	false	0.5
schlange	neg 1.0		__DUMMY__ 0.8782905726940733 off 0.06710532237245521 neg 0.05460410493347152	false	0.5
harsch	neg 1.0		__DUMMY__ 0.872600161641318 off 0.07710050483233413 neg 0.050299333526347856	false	0.5
lang	neg 1.0		__DUMMY__ 0.8776193307292679 off 0.06834803330274009 neg 0.054032635967991995	false	0.5
ziellos	neg 1.0		__DUMMY__ 0.8827354561510659 off 0.0627621155019086 neg 0.054502428347025525	false	0.5
selbstverliebt	neg 1.0		__DUMMY__ 0.8620861883501025 off 0.08513265182074677 neg 0.052781159829150666	false	0.5
beseitigen	neg 1.0		__DUMMY__ 0.8814720565446718 off 0.06677351688603145 neg 0.05175442656929677	false	0.5
dumm	off 1.0		__DUMMY__ 0.8663275353577602 off 0.079831262572949 neg 0.053841202069290744	false	1.0
arbeitsloser	neg 1.0		__DUMMY__ 0.8842617191601934 off 0.06469808109960928 neg 0.05104019974019736	false	0.5
blitzen	neg 1.0		__DUMMY__ 0.874958622724079 off 0.07115143488042493 neg 0.053889942395496104	false	0.5
hilflos	neg 1.0		__DUMMY__ 0.8803210664212051 off 0.06448011316716656 neg 0.055198820411628303	false	0.5
eklig	off 1.0		__DUMMY__ 0.8641503832335555 off 0.08020333926961785 neg 0.05564627749682666	false	1.0
begriff			__DUMMY__ 0.8789141467316286 off 0.0666381088096261 neg 0.05444774445874527	false	0.0
hungersnot	neg 1.0		__DUMMY__ 0.8777792336518574 off 0.0648759833484376 neg 0.057344782999704975	false	0.5
ungesetzlich	neg 1.0		__DUMMY__ 0.8744475770292849 off 0.06987569786355556 neg 0.05567672510715965	false	0.5
verschwendung	neg 1.0		__DUMMY__ 0.8816364958027932 off 0.0627072526916431 neg 0.05565625150556367	false	0.5
schmerzvoll	neg 1.0		__DUMMY__ 0.8758170348818041 off 0.06848858624642994 neg 0.055694378871766016	false	0.5
vorzeitig	neg 1.0		__DUMMY__ 0.8763650862427492 off 0.07227756081449345 neg 0.05135735294275732	false	0.5
unvollkommenheit	neg 1.0		__DUMMY__ 0.8808732733700453 off 0.06528790645670532 neg 0.05383882017324941	false	0.5
intervenieren	neg 1.0		__DUMMY__ 0.8790123834937938 off 0.06357592366203763 neg 0.057411692844168534	false	0.5
banause	off 1.0		__DUMMY__ 0.8602872423028868 off 0.08180054577198695 neg 0.05791221192512637	false	1.0
rebell	neg 1.0		__DUMMY__ 0.8829656930626809 off 0.05854272267586585 neg 0.05849158426145329	false	0.5
unlogisch	neg 1.0		__DUMMY__ 0.8705894320538684 off 0.07546944431419492 neg 0.05394112363193659	false	0.5
leiden	neg 1.0		__DUMMY__ 0.8867053228891821 off 0.061014828084660654 neg 0.05227984902615717	false	0.5
abschaffung	neg 1.0		__DUMMY__ 0.875602580853909 off 0.06826112773129496 neg 0.05613629141479617	false	0.5
sturz	neg 1.0		__DUMMY__ 0.8812667239877092 off 0.06914078960425431 neg 0.0495924864080365	false	0.5
verkleinerung	neg 1.0		__DUMMY__ 0.870773524987705 off 0.07151249973096387 neg 0.05771397528133123	false	0.5
schmarotzer	off 1.0		__DUMMY__ 0.879158341656749 off 0.06550317719794428 neg 0.05533848114530677	false	1.0
bestrafung	neg 1.0	neg 1.0	neg 0.5108938084986089 __DUMMY__ 0.43783204288711636 off 0.05127414861427491	false	1.0
achtlos	neg 1.0		__DUMMY__ 0.8796935576247803 off 0.06547990593434395 neg 0.05482653644087569	false	0.5
ungeheuer	neg 1.0		__DUMMY__ 0.875691402186317 off 0.06720887926218 neg 0.05709971855150299	false	0.5
unaufrichtig	neg 1.0		__DUMMY__ 0.8753005522704456 off 0.07164773685592453 neg 0.053051710873629844	false	0.5
