unsolidarisch	neg 1.0		off 0.37077716643124387 __DUMMY__ 0.32282972887695943 neg 0.3063931046917967	false	0.5
nachteilig	neg 1.0		off 0.3681452936159963 __DUMMY__ 0.32713243383849544 neg 0.3047222725455083	false	0.5
skeptisch	neg 1.0		off 0.3660969567936632 __DUMMY__ 0.3268244433386953 neg 0.30707859986764136	false	0.5
schrecklich	neg 1.0		off 0.37999073167619263 __DUMMY__ 0.319971643668921 neg 0.30003762465488637	false	0.5
schlapp	neg 1.0	neg 1.0	neg 0.637462981315042 off 0.2077469821066132 __DUMMY__ 0.15479003657834484	false	1.0
abfall	neg 1.0		off 0.3632390380817942 __DUMMY__ 0.328689505031351 neg 0.30807145688685467	false	0.5
widerspenstig	neg 1.0		off 0.36923313752094816 __DUMMY__ 0.32367785876601596 neg 0.307089003713036	false	0.5
abrupt	neg 1.0		off 0.3645424362312874 __DUMMY__ 0.3258112347824993 neg 0.3096463289862134	false	0.5
unwirksam	neg 1.0		off 0.3686117331942273 __DUMMY__ 0.321000620861326 neg 0.31038764594444684	false	0.5
angreifen	neg 1.0		off 0.3653184125650666 __DUMMY__ 0.326928722485685 neg 0.30775286494924836	false	0.5
inkonsistent	neg 1.0		off 0.3727266192667239 __DUMMY__ 0.3221531578141472 neg 0.3051202229191289	false	0.5
abrutschen	neg 1.0		off 0.36245660244222594 __DUMMY__ 0.32832562587580844 neg 0.3092177716819656	false	0.5
unsicher	neg 1.0		off 0.3709456610753446 __DUMMY__ 0.3249856009494757 neg 0.3040687379751795	false	0.5
bauernkind	off 1.0	off 1.0	off 0.679989609045361 neg 0.16800847110262274 __DUMMY__ 0.15200191985201625	false	1.0
angreifer	neg 1.0		off 0.37648686232249806 __DUMMY__ 0.32473955913173896 neg 0.298773578545763	false	0.5
trennen	neg 1.0		off 0.3653698505409382 __DUMMY__ 0.32741401030607375 neg 0.307216139152988	false	0.5
schmutz	neg 1.0		off 0.3759912399668008 __DUMMY__ 0.3255070390577094 neg 0.2985017209754898	false	0.5
inkonsistenz	neg 1.0		off 0.37603338723064705 __DUMMY__ 0.322238015653007 neg 0.301728597116346	false	0.5
erschreckend	neg 1.0		off 0.3699202491119782 __DUMMY__ 0.3247765381068838 neg 0.30530321278113814	false	0.5
ertrinken	neg 1.0		off 0.36412326250639887 __DUMMY__ 0.32633681879684845 neg 0.30953991869675274	false	0.5
pickelface	off 1.0		off 0.3718742665813217 __DUMMY__ 0.3247006374865728 neg 0.30342509593210554	false	1.0
seiner			off 0.3660906610479082 __DUMMY__ 0.3272101720564607 neg 0.306699166895631	false	0.0
lauch	neg 1.0	neg 1.0	neg 0.6403993641803102 off 0.20097576200789058 __DUMMY__ 0.15862487381179918	false	1.0
unwichtig	neg 1.0		off 0.3757476711826014 __DUMMY__ 0.3220352049121545 neg 0.3022171239052441	false	0.5
steuerhinterziehung	neg 1.0		off 0.36943681528417527 __DUMMY__ 0.32394839990694774 neg 0.306614784808877	false	0.5
schock	neg 1.0		off 0.3688479915220281 __DUMMY__ 0.3251341314347103 neg 0.3060178770432616	false	0.5
beule	neg 1.0		off 0.37741810111367696 __DUMMY__ 0.32008696688189375 neg 0.30249493200442923	false	0.5
vergelten	neg 1.0		off 0.38197605979571125 __DUMMY__ 0.3205018342988331 neg 0.2975221059054556	false	0.5
verdorbenheit	neg 1.0		off 0.37223503905594196 __DUMMY__ 0.32417457865368826 neg 0.3035903822903697	false	0.5
trauma	neg 1.0		off 0.37191640009183663 __DUMMY__ 0.32341045660630025 neg 0.304673143301863	false	0.5
sinnlos	neg 1.0		off 0.3727838783453968 __DUMMY__ 0.3235379866659079 neg 0.3036781349886954	false	0.5
fettsack	off 1.0	off 1.0	off 0.6813465326880168 neg 0.16630948055313172 __DUMMY__ 0.15234398675885152	false	1.0
feige	off 1.0	off 1.0	off 0.6781318996366485 neg 0.16736161516058978 __DUMMY__ 0.1545064852027616	false	1.0
abdanken	neg 1.0		off 0.3707444850365712 __DUMMY__ 0.32501807782076264 neg 0.30423743714266616	false	0.5
wichtigtuer	off 1.0	off 1.0	off 0.6765963908094963 neg 0.1676448226659117 __DUMMY__ 0.15575878652459207	false	1.0
misslingen	neg 1.0		off 0.37446639413393673 __DUMMY__ 0.32612842160528094 neg 0.29940518426078233	false	0.5
untreu	off 1.0		off 0.37655971765902396 __DUMMY__ 0.3210073599180353 neg 0.3024329224229408	false	1.0
missmutig	neg 1.0		off 0.37367190697573716 __DUMMY__ 0.3218356287219354 neg 0.30449246430232746	false	0.5
hurenbock	off 1.0		off 0.36947174545192 __DUMMY__ 0.3222735108997655 neg 0.30825474364831446	false	1.0
betrunken	neg 1.0		off 0.3783887074651875 __DUMMY__ 0.3199626474564843 neg 0.3016486450783281	false	0.5
korrupt	off 1.0		off 0.36846361922622434 __DUMMY__ 0.32365160943076454 neg 0.3078847713430111	false	1.0
unmut	neg 1.0		off 0.3642558620292037 __DUMMY__ 0.3276511009600551 neg 0.3080930370107412	false	0.5
hackfresse	off 1.0		off 0.3842798481046939 __DUMMY__ 0.3173798040662967 neg 0.2983403478290095	false	1.0
aufblasen	neg 1.0		off 0.37043853561950313 __DUMMY__ 0.32364381161145317 neg 0.3059176527690438	false	0.5
gewaltsam	neg 1.0		off 0.37148283395894566 __DUMMY__ 0.3256781804836408 neg 0.3028389855574134	false	0.5
unbeliebtheit	neg 1.0		off 0.37752820598572184 __DUMMY__ 0.3217713803190672 neg 0.30070041369521094	false	0.5
sturheit	neg 1.0		off 0.37067492265369734 __DUMMY__ 0.3256993356281369 neg 0.3036257417181658	false	0.5
kuh	neg 1.0		off 0.3707109795199909 __DUMMY__ 0.3190551293646365 neg 0.31023389111537253	false	0.5
erschrecken	neg 1.0		off 0.3747203141138662 __DUMMY__ 0.3223991154281079 neg 0.30288057045802586	false	0.5
opfer	neg 1.0		off 0.3683300549623535 __DUMMY__ 0.3271751134318494 neg 0.30449483160579716	false	0.5
sinken	neg 1.0		off 0.36379849906512407 __DUMMY__ 0.3262801483614691 neg 0.3099213525734068	false	0.5
stinktier	neg 1.0		off 0.38018104045506135 __DUMMY__ 0.3163169718092467 neg 0.30350198773569204	false	0.5
tucke	off 1.0		off 0.38484283270752007 __DUMMY__ 0.31450457459284975 neg 0.30065259269963	false	1.0
ein			off 0.3681238874166758 __DUMMY__ 0.3229938382102331 neg 0.30888227437309107	false	0.0
abstieg	neg 1.0		off 0.37066317061662907 __DUMMY__ 0.3277244776127237 neg 0.30161235177064716	false	0.5
missverstehen	neg 1.0		off 0.3736433773155134 __DUMMY__ 0.3230216872806548 neg 0.3033349354038318	false	0.5
ergebnislos	neg 1.0		off 0.3684867479514686 __DUMMY__ 0.32768785659402005 neg 0.3038253954545113	false	0.5
unter			off 0.35978978484965096 __DUMMY__ 0.33150535113109386 neg 0.3087048640192553	false	0.0
manipulieren	neg 1.0		off 0.36670086352329195 __DUMMY__ 0.32691105878022825 neg 0.30638807769647974	false	0.5
unbewiesen	neg 1.0		off 0.3716668686541924 __DUMMY__ 0.3234271871857996 neg 0.30490594416000805	false	0.5
verschleppen	neg 1.0		off 0.3677857231812537 __DUMMY__ 0.3253485487193073 neg 0.30686572809943885	false	0.5
weib	off 1.0		off 0.38615421696933305 __DUMMY__ 0.3158777269092436 neg 0.29796805612142324	false	1.0
opposition	neg 1.0		off 0.3715948411038939 __DUMMY__ 0.3225627287611896 neg 0.3058424301349165	false	0.5
verkehrswidrig	neg 1.0		off 0.3837754517847609 __DUMMY__ 0.32152499305130466 neg 0.29469955516393437	false	0.5
inkorrekt	neg 1.0		off 0.37974019839204637 __DUMMY__ 0.3199040539300752 neg 0.30035574767787837	false	0.5
vermeiden	neg 1.0		off 0.36281299663332234 __DUMMY__ 0.32939492314403584 neg 0.30779208022264193	false	0.5
abweichung	neg 1.0		off 0.3689017295291805 __DUMMY__ 0.32597440882091433 neg 0.3051238616499052	false	0.5
alkoholisiert	neg 1.0		off 0.3677204785245283 __DUMMY__ 0.3288962693797141 neg 0.30338325209575745	false	0.5
scheiss	off 1.0	off 1.0	off 0.6788811567988015 neg 0.16712302995481393 __DUMMY__ 0.15399581324638453	false	1.0
herausforderung	neg 1.0		off 0.3682682532604764 __DUMMY__ 0.32573825558322855 neg 0.3059934911562951	false	0.5
pervers	off 1.0		off 0.3887131042411175 __DUMMY__ 0.31500548847169463 neg 0.2962814072871878	false	1.0
wackelig	neg 1.0		off 0.3680638684471324 __DUMMY__ 0.3257638285102515 neg 0.30617230304261617	false	0.5
verwickeln	neg 1.0		off 0.3724743435368442 __DUMMY__ 0.323204923692207 neg 0.30432073277094895	false	0.5
vorwand	neg 1.0		off 0.3650755973570882 __DUMMY__ 0.32724560125889435 neg 0.3076788013840174	false	0.5
muschi	off 1.0		off 0.3712670140543288 __DUMMY__ 0.3257305077636608 neg 0.3030024781820104	false	1.0
entmutigung	neg 1.0		off 0.37140889845076336 __DUMMY__ 0.32101170260375944 neg 0.3075793989454773	false	0.5
unangemessen	neg 1.0		off 0.36980216476685296 __DUMMY__ 0.325246594041646 neg 0.3049512411915011	false	0.5
unstetig	neg 1.0		off 0.3754424137357772 __DUMMY__ 0.32287203681325943 neg 0.30168554945096343	false	0.5
entmutigen	neg 1.0		off 0.37138904121800925 __DUMMY__ 0.3236631986507304 neg 0.30494776013126024	false	0.5
schwanz	neg 1.0		off 0.368732875046851 __DUMMY__ 0.32619456166040633 neg 0.3050725632927426	false	0.5
verbot	neg 1.0		off 0.36868272212531294 __DUMMY__ 0.32442173302815264 neg 0.3068955448465343	false	0.5
leid	neg 1.0		off 0.38152673873983006 __DUMMY__ 0.31896880256166527 neg 0.2995044586985047	false	0.5
archaisch	neg 1.0		off 0.3691768680769367 __DUMMY__ 0.32498821978384235 neg 0.30583491213922087	false	0.5
gegen			off 0.36552608394953134 __DUMMY__ 0.3283313365178331 neg 0.3061425795326355	false	0.0
scheidung	neg 1.0		off 0.39399116613677465 __DUMMY__ 0.3156374935074559 neg 0.29037134035576945	false	0.5
einschlag	neg 1.0		off 0.38222902732885367 __DUMMY__ 0.32183124384567785 neg 0.2959397288254684	false	0.5
m			off 0.36876247812323354 __DUMMY__ 0.325665207463468 neg 0.30557231441329846	false	0.0
abgestanden	neg 1.0		off 0.3673957509147519 __DUMMY__ 0.320475873162361 neg 0.31212837592288706	false	0.5
schmierig	off 1.0		off 0.3805397100616919 __DUMMY__ 0.31849168484191176 neg 0.3009686050963962	false	1.0
unpraktisch	neg 1.0		off 0.37232339788937546 __DUMMY__ 0.32396340807146995 neg 0.3037131940391545	false	0.5
wixxer	off 1.0		off 0.38844853253975237 __DUMMY__ 0.31411480587238066 neg 0.29743666158786686	false	1.0
bezeichnet			off 0.37153924861027926 __DUMMY__ 0.3248067332411452 neg 0.30365401814857557	false	0.0
jammerlappen	off 1.0		off 0.37578783047053954 __DUMMY__ 0.3217012554174825 neg 0.3025109141119779	false	1.0
farce	neg 1.0		off 0.3701322285746661 __DUMMY__ 0.3234366623955036 neg 0.3064311090298304	false	0.5
zwecklos	neg 1.0		off 0.36832112039859927 __DUMMY__ 0.3251789587747921 neg 0.3064999208266086	false	0.5
turbulent	neg 1.0		off 0.3776817524927302 __DUMMY__ 0.32016748820385854 neg 0.30215075930341134	false	0.5
invasion	neg 1.0		off 0.37339763347006627 __DUMMY__ 0.3230306902954254 neg 0.3035716762345084	false	0.5
schuld	neg 1.0		off 0.3720427317423653 __DUMMY__ 0.3238603559488195 neg 0.30409691230881514	false	0.5
risiko	neg 1.0		off 0.3718752017153566 __DUMMY__ 0.3221233199840359 neg 0.30600147830060753	false	0.5
finster	neg 1.0		off 0.36876706778728746 __DUMMY__ 0.32275973596233176 neg 0.3084731962503808	false	0.5
geisteskrank	off 1.0		off 0.37847532823699365 __DUMMY__ 0.32052726472537324 neg 0.3009974070376331	false	1.0
zusammenbrechen	neg 1.0		off 0.3682276884260637 __DUMMY__ 0.3248539363011936 neg 0.3069183752727427	false	0.5
ausbeute	neg 1.0		off 0.37051259248045354 __DUMMY__ 0.3260088610786462 neg 0.3034785464409002	false	0.5
hinterhalt	neg 1.0		off 0.36964776440181757 __DUMMY__ 0.3252972165224346 neg 0.30505501907574784	false	0.5
kritik	neg 1.0		off 0.3698679123118222 __DUMMY__ 0.32357916248410296 neg 0.30655292520407484	false	0.5
einschrumpfen	neg 1.0		off 0.37553158369115364 __DUMMY__ 0.32091346394032555 neg 0.3035549523685209	false	0.5
riskant	neg 1.0		off 0.36606476999577264 __DUMMY__ 0.32643755558590765 neg 0.30749767441831977	false	0.5
frustrieren	neg 1.0		off 0.36672351741047166 __DUMMY__ 0.3257348375276917 neg 0.30754164506183657	false	0.5
groll	neg 1.0		off 0.3692572773495727 __DUMMY__ 0.3258555708381013 neg 0.3048871518123262	false	0.5
gibt			off 0.36837009362744816 __DUMMY__ 0.325684971695367 neg 0.30594493467718487	false	0.0
qualvoll	neg 1.0		off 0.3724031309792337 __DUMMY__ 0.3228761204464337 neg 0.30472074857433257	false	0.5
wackeln	neg 1.0		off 0.37006454419213586 __DUMMY__ 0.32414835046955437 neg 0.3057871053383099	false	0.5
klagen	neg 1.0		off 0.36495463567476666 __DUMMY__ 0.3267295908942074 neg 0.30831577343102595	false	0.5
bankrott	neg 1.0		off 0.376004953483341 __DUMMY__ 0.3227618485041872 neg 0.3012331980124719	false	0.5
trauern	neg 1.0		off 0.3680712105382166 __DUMMY__ 0.32849866037017084 neg 0.3034301290916124	false	0.5
ablehnung	neg 1.0		off 0.36931160204375585 __DUMMY__ 0.32397961186180385 neg 0.3067087860944403	false	0.5
stur	neg 1.0		off 0.3714574287063747 __DUMMY__ 0.3232432248555216 neg 0.3052993464381035	false	0.5
aufruhr	neg 1.0		off 0.3705132225871487 __DUMMY__ 0.3238438174044363 neg 0.30564296000841495	false	0.5
melancholie	neg 1.0		off 0.36409909728893336 __DUMMY__ 0.32481920961364075 neg 0.3110816930974258	false	0.5
ist			off 0.37239626572302503 __DUMMY__ 0.32352880356055275 neg 0.30407493071642216	false	0.0
torheit	neg 1.0		off 0.3722443231963073 __DUMMY__ 0.3238534096753754 neg 0.3039022671283172	false	0.5
dreckskind	off 1.0		off 0.3854899215856748 __DUMMY__ 0.3167796269747094 neg 0.29773045143961563	false	1.0
umtauschen	neg 1.0		off 0.36972899654993274 __DUMMY__ 0.32431764620112363 neg 0.30595335724894374	false	0.5
zum			off 0.3644466338499853 __DUMMY__ 0.3311193309630212 neg 0.3044340351869935	false	0.0
zersetzen	neg 1.0		off 0.36528826073903253 __DUMMY__ 0.3257895509534707 neg 0.3089221883074967	false	0.5
zur			off 0.3632027108577391 __DUMMY__ 0.3295875320064426 neg 0.3072097571358182	false	0.0
frust	neg 1.0		off 0.3680156505243739 __DUMMY__ 0.32502496512630297 neg 0.30695938434932313	false	0.5
unerbittlichkeit	neg 1.0		off 0.36754513586100523 __DUMMY__ 0.3269333936796739 neg 0.30552147045932077	false	0.5
zwei			off 0.3621584252245476 __DUMMY__ 0.32931998437593185 neg 0.3085215903995205	false	0.0
unkorrekt	neg 1.0		off 0.378369541312005 __DUMMY__ 0.320282402533026 neg 0.3013480561549689	false	0.5
hexe	off 1.0		off 0.37374535116538243 __DUMMY__ 0.3198601473481652 neg 0.30639450148645225	false	1.0
lasch	neg 1.0		off 0.3748392772588245 __DUMMY__ 0.3220367488992125 neg 0.3031239738419631	false	0.5
rivale	neg 1.0		off 0.38048330764320587 __DUMMY__ 0.32038903237924565 neg 0.29912765997754853	false	0.5
mutlos	off 1.0	off 1.0	off 0.6734429838915268 neg 0.16939089153824535 __DUMMY__ 0.1571661245702279	false	1.0
wirr	off 1.0		off 0.3798771851147812 __DUMMY__ 0.3188503149053628 neg 0.3012724999798561	false	1.0
jahr			off 0.3683397552240912 __DUMMY__ 0.32921376152811016 neg 0.3024464832477988	false	0.0
wird			off 0.36796730164618885 __DUMMY__ 0.3261060052823559 neg 0.3059266930714553	false	0.0
strafbar	neg 1.0		off 0.36706590180800824 __DUMMY__ 0.3265929811461801 neg 0.3063411170458116	false	0.5
erosion	neg 1.0		off 0.3713147218262927 __DUMMY__ 0.3246582985119581 neg 0.3040269796617492	false	0.5
eingehen	neg 1.0		off 0.3664053706843559 __DUMMY__ 0.32566783044521286 neg 0.3079267988704314	false	0.5
faul	off 1.0		off 0.3750907044762784 __DUMMY__ 0.3221920254273354 neg 0.30271727009638616	false	1.0
provisorium	neg 1.0		off 0.36009863981455403 __DUMMY__ 0.3317247888353481 neg 0.30817657135009774	false	0.5
schmerzen	neg 1.0		off 0.36823786757646276 __DUMMY__ 0.3236625028529253 neg 0.3080996295706119	false	0.5
schrumpfen	neg 1.0		off 0.3612260507756401 __DUMMY__ 0.3272963697160264 neg 0.31147757950833344	false	0.5
geistlos	off 1.0		off 0.3733147125892572 __DUMMY__ 0.3221403738889373 neg 0.30454491352180557	false	1.0
fehlkauf	neg 1.0		off 0.37327255013584787 __DUMMY__ 0.3227874373777238 neg 0.30394001248642827	false	0.5
frustrierend	neg 1.0		off 0.37440210219435854 __DUMMY__ 0.32221860349179043 neg 0.3033792943138511	false	0.5
unzufrieden	neg 1.0		off 0.3683309119244139 __DUMMY__ 0.3255272644490714 neg 0.30614182362651476	false	0.5
verzweifeln	neg 1.0		off 0.3696689454678946 __DUMMY__ 0.32498147526273613 neg 0.3053495792693693	false	0.5
verzweifelt	neg 1.0		off 0.3715371020196945 __DUMMY__ 0.32326037747977016 neg 0.30520252050053553	false	0.5
misstrauensantrag	neg 1.0		off 0.37241016355236717 __DUMMY__ 0.3227730742373847 neg 0.30481676221024817	false	0.5
abfallen	neg 1.0		off 0.37020087601067114 __DUMMY__ 0.3236418516677539 neg 0.3061572723215749	false	0.5
fucker	off 1.0		off 0.37962850949450505 __DUMMY__ 0.3205515775126098 neg 0.2998199129928853	false	1.0
ungezogen	neg 1.0		off 0.3866669454688912 __DUMMY__ 0.3164302505946844 neg 0.2969028039364244	false	0.5
irrsinnig	neg 1.0	neg 1.0	neg 0.6386537254296648 off 0.20532649563114225 __DUMMY__ 0.15601977893919297	false	1.0
unfassbar	neg 1.0		off 0.3770836398134824 __DUMMY__ 0.32164030697156903 neg 0.3012760532149485	false	0.5
hart	neg 1.0		off 0.376063299415647 __DUMMY__ 0.3197587448396953 neg 0.3041779557446577	false	0.5
widerlich	off 1.0		off 0.37742403844039873 __DUMMY__ 0.32103108609184305 neg 0.3015448754677583	false	1.0
fatal	neg 1.0	neg 1.0	neg 0.639646774164395 off 0.2056270316042449 __DUMMY__ 0.15472619423136014	false	1.0
bruch	neg 1.0		off 0.3636955300324238 __DUMMY__ 0.32759697290309714 neg 0.3087074970644791	false	0.5
aushungern	neg 1.0		off 0.36881846901082826 __DUMMY__ 0.3242659691109365 neg 0.3069155618782352	false	0.5
anspannung	neg 1.0		off 0.36297674891025217 __DUMMY__ 0.32998148705002267 neg 0.3070417640397252	false	0.5
von			off 0.36539618249143047 __DUMMY__ 0.32722032473528107 neg 0.3073834927732883	false	0.0
kraftlos	neg 1.0		off 0.3674780256962927 __DUMMY__ 0.3254051438859575 neg 0.30711683041774984	false	0.5
vom			off 0.3611840662327065 __DUMMY__ 0.3322108292955687 neg 0.3066051044717248	false	0.0
grenzdebil	off 1.0		off 0.37672361280962535 __DUMMY__ 0.32069744423831076 neg 0.3025789429520638	false	1.0
vor			off 0.36424373943365035 __DUMMY__ 0.32779423013634224 neg 0.30796203043000736	false	0.0
unterwerfen	neg 1.0		off 0.367997180028871 __DUMMY__ 0.32659682766500825 neg 0.30540599230612075	false	0.5
versenkung	neg 1.0		off 0.36744458897215826 __DUMMY__ 0.3269523951726248 neg 0.305603015855217	false	0.5
entziehen	neg 1.0		off 0.3650615424147363 __DUMMY__ 0.3273786914940019 neg 0.30755976609126195	false	0.5
finanzkrise	neg 1.0		off 0.3671374471627057 __DUMMY__ 0.3208099661178593 neg 0.312052586719435	false	0.5
schimpfend	neg 1.0		off 0.37218395194144493 __DUMMY__ 0.3247261882462611 neg 0.3030898598122938	false	0.5
profan	neg 1.0		off 0.37264659877966855 __DUMMY__ 0.32265488984463164 neg 0.3046985113756999	false	0.5
korruption	neg 1.0		off 0.36771236989121886 __DUMMY__ 0.32396678997277434 neg 0.30832084013600686	false	0.5
â			off 0.3680112071656158 __DUMMY__ 0.32578729320581806 neg 0.3062014996285661	false	0.0
schmutzig	neg 1.0		off 0.37675440570470814 __DUMMY__ 0.3205497996977463 neg 0.3026957945975457	false	0.5
sexy	neg 1.0		off 0.37513714523595715 __DUMMY__ 0.32294744529172326 neg 0.3019154094723196	false	0.5
abraten	neg 1.0		off 0.37294421676785006 __DUMMY__ 0.32371856970296625 neg 0.30333721352918375	false	0.5
schwarz	neg 1.0		off 0.3733633742733237 __DUMMY__ 0.32354573635673856 neg 0.30309088936993783	false	0.5
fotze	off 1.0	off 1.0	off 0.6742552012786855 neg 0.16838402475334785 __DUMMY__ 0.15736077396796658	false	1.0
verwirren	neg 1.0		off 0.3732952302229735 __DUMMY__ 0.3229643623118225 neg 0.30374040746520387	false	0.5
zahnlos	off 1.0		off 0.36929968966791454 __DUMMY__ 0.32506641756993626 neg 0.30563389276214914	false	1.0
verheeren	neg 1.0		off 0.38806475770931376 __DUMMY__ 0.31599623037172203 neg 0.2959390119189641	false	0.5
hippie	neg 1.0		off 0.3745042712928427 __DUMMY__ 0.32277653604416406 neg 0.3027191926629932	false	0.5
rammen	neg 1.0		off 0.3719413782170439 __DUMMY__ 0.32459451447089416 neg 0.30346410731206197	false	0.5
unlauter	neg 1.0		off 0.37241558600626 __DUMMY__ 0.3226598235786341 neg 0.30492459041510583	false	0.5
unheilvoll	neg 1.0		off 0.37145168475369994 __DUMMY__ 0.3231942765300144 neg 0.30535403871628575	false	0.5
niedrig	neg 1.0		off 0.3665911956088061 __DUMMY__ 0.32449847181805946 neg 0.3089103325731346	false	0.5
explosion	neg 1.0		off 0.3746587995076174 __DUMMY__ 0.32307596351169554 neg 0.302265236980687	false	0.5
weichei	off 1.0	off 1.0	off 0.6807611112409924 neg 0.16682763286162375 __DUMMY__ 0.15241125589738388	false	1.0
minusmensch	off 1.0		off 0.3878673657729989 __DUMMY__ 0.3160180638956438 neg 0.2961145703313573	false	1.0
farblos	neg 1.0		off 0.3720792813646858 __DUMMY__ 0.3237595215222664 neg 0.3041611971130479	false	0.5
unwissend	neg 1.0	neg 1.0	neg 0.637673566376447 off 0.20750347501416083 __DUMMY__ 0.1548229586093922	false	1.0
traurig	neg 1.0		off 0.3796909627624197 __DUMMY__ 0.3202960126741403 neg 0.30001302456344003	false	0.5
senkung	neg 1.0		off 0.37141112374509383 __DUMMY__ 0.32019763693005215 neg 0.3083912393248541	false	0.5
ungleich	neg 1.0	neg 1.0	neg 0.6398270681611478 off 0.20297552045963688 __DUMMY__ 0.15719741137921536	false	1.0
heikel	neg 1.0		off 0.36634669494065353 __DUMMY__ 0.32646297637322014 neg 0.3071903286861264	false	0.5
drosselung	neg 1.0		off 0.37577598650056704 __DUMMY__ 0.3191920790218786 neg 0.3050319344775544	false	0.5
falsch	neg 1.0		off 0.375295097364363 __DUMMY__ 0.32277643800375755 neg 0.3019284646318794	false	0.5
unzufriedenheit	neg 1.0		off 0.3653883873334368 __DUMMY__ 0.3257971326379924 neg 0.30881448002857087	false	0.5
kurz	neg 1.0		off 0.3691038800257511 __DUMMY__ 0.32611916049492506 neg 0.304776959479324	false	0.5
unsinnig	neg 1.0		off 0.3690885972427147 __DUMMY__ 0.3239689428199272 neg 0.306942459937358	false	0.5
penner	off 1.0	off 1.0	off 0.682101529098664 neg 0.16561926669296767 __DUMMY__ 0.15227920420836843	false	1.0
seicht	neg 1.0		off 0.38437042353249784 __DUMMY__ 0.31522865585015986 neg 0.3004009206173424	false	0.5
dummheit	off 1.0	off 1.0	off 0.676279878737742 neg 0.16852170494594432 __DUMMY__ 0.15519841631631356	false	1.0
unerfreulich	neg 1.0		off 0.36613856094362063 __DUMMY__ 0.32673034967836084 neg 0.3071310893780187	false	0.5
motherfucker	off 1.0	off 1.0	off 0.6794131072020678 neg 0.16632654008223427 __DUMMY__ 0.15426035271569788	false	1.0
pikiert	neg 1.0		off 0.37572819216354425 __DUMMY__ 0.3209427430991426 neg 0.30332906473731325	false	0.5
wrack	neg 1.0		off 0.37145081857861584 __DUMMY__ 0.32830821573713265 neg 0.30024096568425157	false	0.5
gangster	neg 1.0		off 0.37465624480333237 __DUMMY__ 0.3225989787931476 neg 0.30274477640352	false	0.5
krank	neg 1.0		off 0.3773577762926305 __DUMMY__ 0.3213125885655015 neg 0.3013296351418681	false	0.5
reich	neg 1.0		off 0.37302603819893476 __DUMMY__ 0.3197753094072589 neg 0.3071986523938064	false	0.5
gnadenlos	neg 1.0		off 0.37207380613358826 __DUMMY__ 0.32432393520936176 neg 0.30360225865704993	false	0.5
niedergeschlagen	neg 1.0		off 0.3685639779382358 __DUMMY__ 0.3261096116664958 neg 0.3053264103952684	false	0.5
terrorisieren	off 1.0	off 1.0	off 0.6728168485294999 neg 0.16963810268656987 __DUMMY__ 0.1575450487839303	false	1.0
sinnlosigkeit	neg 1.0		off 0.36888009516894776 __DUMMY__ 0.3253319651745464 neg 0.3057879396565059	false	0.5
behindern	neg 1.0		off 0.3702893432094883 __DUMMY__ 0.32418223483764275 neg 0.3055284219528689	false	0.5
undemokratisch	neg 1.0		off 0.37271900248085815 __DUMMY__ 0.3226364683423905 neg 0.30464452917675133	false	0.5
wirtschaftskrise	neg 1.0		off 0.3668181650268459 __DUMMY__ 0.32349442305883447 neg 0.30968741191431975	false	0.5
neid	neg 1.0		off 0.3737708640623818 __DUMMY__ 0.32224792777176603 neg 0.3039812081658522	false	0.5
rutschen	neg 1.0		off 0.361625394701911 __DUMMY__ 0.3291443827697778 neg 0.30923022252831106	false	0.5
rezession	neg 1.0		off 0.3769153148423576 __DUMMY__ 0.31667609469871344 neg 0.30640859045892915	false	0.5
fehlgeburt	neg 1.0		off 0.371663003787152 __DUMMY__ 0.32475808687402696 neg 0.3035789093388211	false	0.5
charakterschwach	off 1.0		off 0.37664902760581004 __DUMMY__ 0.32094291203820424 neg 0.3024080603559858	false	1.0
isolation	neg 1.0		off 0.3754826736271828 __DUMMY__ 0.32309025787485857 neg 0.30142706849795864	false	0.5
ablenkung	neg 1.0		off 0.3707685246019837 __DUMMY__ 0.32500251472213987 neg 0.3042289606758765	false	0.5
pech	neg 1.0		off 0.37462332033408086 __DUMMY__ 0.3216726704372473 neg 0.30370400922867175	false	0.5
vermeidung	neg 1.0		off 0.37650099171597434 __DUMMY__ 0.32035515784923413 neg 0.3031438504347915	false	0.5
dominieren	neg 1.0		off 0.3694394023648593 __DUMMY__ 0.3253358043000074 neg 0.3052247933351333	false	0.5
schwindlig	neg 1.0		off 0.3721975942405939 __DUMMY__ 0.32276110005498126 neg 0.3050413057044249	false	0.5
lutscher	neg 1.0		off 0.3863176938856736 __DUMMY__ 0.31449591447886305 neg 0.2991863916354633	false	0.5
pflicht	neg 1.0		off 0.36554570552700566 __DUMMY__ 0.3277281389234717 neg 0.30672615554952276	false	0.5
faschist	off 1.0		off 0.3749230699780893 __DUMMY__ 0.32263472309126584 neg 0.3024422069306448	false	1.0
verschleudern	neg 1.0		off 0.3650878955962012 __DUMMY__ 0.3237173910809147 neg 0.3111947133228842	false	0.5
wenn			off 0.3752587272584533 __DUMMY__ 0.32162729562446685 neg 0.30311397711707994	false	0.0
ehebruch	neg 1.0		off 0.3677001751700725 __DUMMY__ 0.32546775747982015 neg 0.30683206735010726	false	0.5
spott	off 1.0		off 0.36842454570585204 __DUMMY__ 0.3264736701069979 neg 0.30510178418715006	false	1.0
trostlosigkeit	neg 1.0		off 0.3642007424512333 __DUMMY__ 0.32628418825779154 neg 0.3095150692909751	false	0.5
lutschen	neg 1.0		off 0.3757947913053722 __DUMMY__ 0.3227927683519897 neg 0.30141244034263814	false	0.5
undiszipliniert	neg 1.0		off 0.37863655247216693 __DUMMY__ 0.32025490430018144 neg 0.3011085432276517	false	0.5
kopfschmerz	neg 1.0		off 0.36539152896533456 __DUMMY__ 0.3236884000734383 neg 0.3109200709612271	false	0.5
unvorhergesehen	neg 1.0		off 0.3656428370916003 __DUMMY__ 0.3275214678573711 neg 0.3068356950510286	false	0.5
desinteressiert	neg 1.0		off 0.3779098606365661 __DUMMY__ 0.3204500797455041 neg 0.3016400596179297	false	0.5
armselig	off 1.0		off 0.38049693518769906 __DUMMY__ 0.3197416423397505 neg 0.2997614224725504	false	1.0
desaster	neg 1.0		off 0.3637960684387004 __DUMMY__ 0.3267341117744949 neg 0.3094698197868047	false	0.5
tod	neg 1.0		off 0.36736239229365725 __DUMMY__ 0.3264100580301968 neg 0.306227549676146	false	0.5
herzlos	neg 1.0		off 0.3796512924784987 __DUMMY__ 0.319682552972847 neg 0.30066615454865436	false	0.5
unwissenheit	neg 1.0		off 0.3684607685646525 __DUMMY__ 0.3253590448827676 neg 0.3061801865525798	false	0.5
widersinnig	neg 1.0		off 0.36856641668871654 __DUMMY__ 0.32321742648898966 neg 0.3082161568222938	false	0.5
bedenklich	neg 1.0		off 0.3672029606679541 __DUMMY__ 0.32536396103960796 neg 0.3074330782924379	false	0.5
beanstanden	neg 1.0		off 0.3665941871052356 __DUMMY__ 0.32783918638838083 neg 0.3055666265063834	false	0.5
panisch	neg 1.0		off 0.37282417730811945 __DUMMY__ 0.32374605074693386 neg 0.30342977194494664	false	0.5
debil	off 1.0		off 0.3601571205348824 __DUMMY__ 0.3305399083006519 neg 0.30930297116446576	false	1.0
abstrich	neg 1.0		off 0.3695563210812425 __DUMMY__ 0.3251410471903192 neg 0.3053026317284384	false	0.5
primitiv	neg 1.0		off 0.37832797286085207 __DUMMY__ 0.32068694445952334 neg 0.30098508267962465	false	0.5
abschaum	off 1.0	off 1.0	off 0.6785852691335893 neg 0.16611337533123305 __DUMMY__ 0.15530135553517757	false	1.0
provozieren	neg 1.0		off 0.37146683518467377 __DUMMY__ 0.32361243505971293 neg 0.30492072975561346	false	0.5
tot	neg 1.0		off 0.36897709251598226 __DUMMY__ 0.3255304220246558 neg 0.30549248545936186	false	0.5
instabil	neg 1.0		off 0.3796639564785355 __DUMMY__ 0.31833534332280755 neg 0.30200070019865705	false	0.5
schwuchtel	off 1.0	off 1.0	off 0.6863735398793187 neg 0.16324247155112936 __DUMMY__ 0.15038398856955196	false	1.0
zerren	neg 1.0		off 0.36838876591698777 __DUMMY__ 0.3260195706844339 neg 0.3055916633985784	false	0.5
kinderficker	off 1.0		off 0.3827698328933628 __DUMMY__ 0.3184348875184804 neg 0.2987952795881568	false	1.0
gefahr	neg 1.0		off 0.36598935667699206 __DUMMY__ 0.327449367077175 neg 0.30656127624583296	false	0.5
rabiat	neg 1.0		off 0.36926495737460646 __DUMMY__ 0.3240690618927357 neg 0.3066659807326579	false	0.5
verlangsamung	neg 1.0		off 0.38368701382266496 __DUMMY__ 0.31668124205993076 neg 0.29963174411740423	false	0.5
ausgestorben	neg 1.0		off 0.36984328683119916 __DUMMY__ 0.3253268525513016 neg 0.30482986061749934	false	0.5
anklagen	neg 1.0		off 0.36937540936086893 __DUMMY__ 0.3251860227981953 neg 0.3054385678409358	false	0.5
trott	neg 1.0		off 0.3708701364961847 __DUMMY__ 0.3245211584195089 neg 0.30460870508430643	false	0.5
verminderung	neg 1.0		off 0.3765563068952324 __DUMMY__ 0.3203251733066794 neg 0.3031185197980882	false	0.5
nach			off 0.3612819952802093 __DUMMY__ 0.3306746673368874 neg 0.3080433373829034	false	0.0
rost	neg 1.0		off 0.3872342872301678 __DUMMY__ 0.3184862981844432 neg 0.294279414585389	false	0.5
destruktiv	neg 1.0		off 0.37024090548951505 __DUMMY__ 0.3239609232418082 neg 0.3057981712686768	false	0.5
unzumutbarkeit	neg 1.0		off 0.3778525790029111 __DUMMY__ 0.3217568998375954 neg 0.3003905211594936	false	0.5
labil	off 1.0	off 1.0	off 0.6777414837391319 neg 0.1672512384719158 __DUMMY__ 0.1550072777889523	false	1.0
ziemlich	neg 1.0		off 0.3770105840319497 __DUMMY__ 0.3220218576781493 neg 0.30096755828990096	false	0.5
lachnummer	off 1.0		off 0.37158006669916055 __DUMMY__ 0.3245089997106309 neg 0.30391093359020854	false	1.0
oder			off 0.3715521493774813 __DUMMY__ 0.3245954881308634 neg 0.30385236249165515	false	0.0
verfall	neg 1.0		off 0.36166034443138617 __DUMMY__ 0.3275347947190271 neg 0.31080486084958675	false	0.5
ausgrenzung	neg 1.0		off 0.3725966970331821 __DUMMY__ 0.32260825782201036 neg 0.3047950451448076	false	0.5
unordnung	neg 1.0		off 0.38175760464833136 __DUMMY__ 0.31973390067318397 neg 0.2985084946784846	false	0.5
fehlverhalten	neg 1.0		off 0.36689642776962833 __DUMMY__ 0.3264353876590226 neg 0.3066681845713491	false	0.5
eine			off 0.3642755880566904 __DUMMY__ 0.3269519108818714 neg 0.3087725010614381	false	0.0
nille	neg 1.0		off 0.37176969012930033 __DUMMY__ 0.32489411154284287 neg 0.3033361983278568	false	0.5
qual	neg 1.0		off 0.3704032890066518 __DUMMY__ 0.3245289525483736 neg 0.30506775844497447	false	0.5
verschwenden	neg 1.0		off 0.3655498857635698 __DUMMY__ 0.3254034900303195 neg 0.3090466242061108	false	0.5
riesig	neg 1.0		off 0.3677059375518671 __DUMMY__ 0.3268657205633042 neg 0.30542834188482865	false	0.5
verurteilen	neg 1.0		off 0.36898347201825116 __DUMMY__ 0.3252245974039728 neg 0.30579193057777615	false	0.5
klischee	neg 1.0	neg 1.0	neg 0.638396949671634 off 0.20674224373736885 __DUMMY__ 0.15486080659099719	false	1.0
diktatorisch	neg 1.0		off 0.3729651107026468 __DUMMY__ 0.3226923689290661 neg 0.304342520368287	false	0.5
vorhersehbar	neg 1.0		off 0.37339203483833827 __DUMMY__ 0.3221652221595086 neg 0.3044427430021532	false	0.5
sowie			off 0.38118367635024275 __DUMMY__ 0.31770580776035173 neg 0.30111051588940557	false	0.0
stornieren	neg 1.0		off 0.37595244903073083 __DUMMY__ 0.32548574187384566 neg 0.29856180909542346	false	0.5
besteuerung	neg 1.0	neg 1.0	neg 0.6410176788809222 off 0.2042650880138475 __DUMMY__ 0.15471723310523036	false	1.0
ungeschminkt	neg 1.0		off 0.37851243785064015 __DUMMY__ 0.3206878701071063 neg 0.30079969204225343	false	0.5
kritisch	neg 1.0		off 0.3685274912290703 __DUMMY__ 0.3255134577055252 neg 0.30595905106540444	false	0.5
schlamperei	off 1.0		off 0.3673086861915052 __DUMMY__ 0.3261440815800995 neg 0.3065472322283953	false	1.0
sucht	neg 1.0	neg 1.0	neg 0.6368377286101237 off 0.2063787323710422 __DUMMY__ 0.1567835390188341	false	1.0
egoistisch	off 1.0	off 1.0	off 0.6815672287688007 neg 0.16493089373134298 __DUMMY__ 0.15350187749985625	false	1.0
ausbeuter	off 1.0		off 0.36538824813888804 __DUMMY__ 0.32513416183307564 neg 0.30947759002803626	false	1.0
arschgeburt	off 1.0		off 0.39106974834127695 __DUMMY__ 0.3131894645189866 neg 0.2957407871397364	false	1.0
schubs	neg 1.0		off 0.3665631961024344 __DUMMY__ 0.3244852496039758 neg 0.3089515542935898	false	0.5
unsolide	neg 1.0		off 0.37358214766284537 __DUMMY__ 0.32266459189523505 neg 0.3037532604419196	false	0.5
beschwerde	neg 1.0		off 0.36915212653306134 __DUMMY__ 0.3256318164639436 neg 0.305216057002995	false	0.5
stocken	neg 1.0		off 0.36769755171912016 __DUMMY__ 0.32576394379475976 neg 0.30653850448612013	false	0.5
isolieren	neg 1.0		off 0.3679996524751771 __DUMMY__ 0.32443918113622616 neg 0.30756116638859665	false	0.5
unheilbar	neg 1.0		off 0.3706227722316262 __DUMMY__ 0.32404715875592865 neg 0.3053300690124451	false	0.5
pisser	off 1.0	off 1.0	off 0.68043994360956 neg 0.16507388570117648 __DUMMY__ 0.1544861706892636	false	1.0
löschen	neg 1.0		off 0.3715454295063637 __DUMMY__ 0.3242084357155266 neg 0.3042461347781096	false	0.5
durchfallen	neg 1.0		off 0.3684140159609055 __DUMMY__ 0.32570696346222755 neg 0.30587902057686706	false	0.5
wichser	off 1.0	off 1.0	off 0.6839279362867466 neg 0.16461998904286487 __DUMMY__ 0.15145207467038846	false	1.0
terror	neg 1.0		off 0.37436348427507443 __DUMMY__ 0.3229216371598179 neg 0.30271487856510765	false	0.5
krass	neg 1.0		off 0.3815488092735956 __DUMMY__ 0.31892964208392155 neg 0.29952154864248287	false	0.5
revolte	neg 1.0		off 0.3731583863860883 __DUMMY__ 0.32067858174817326 neg 0.3061630318657385	false	0.5
besorgt	neg 1.0		off 0.36944270077940555 __DUMMY__ 0.3262861988087424 neg 0.30427110041185207	false	0.5
nachlassen	neg 1.0		off 0.3683408143772294 __DUMMY__ 0.3265653986735616 neg 0.305093786949209	false	0.5
alt	neg 1.0		off 0.36467202584319175 __DUMMY__ 0.32293512359911963 neg 0.3123928505576887	false	0.5
hundesohn	off 1.0	off 1.0	off 0.683665932716417 neg 0.16432448921878576 __DUMMY__ 0.1520095780647972	false	1.0
als			off 0.36810930655356705 __DUMMY__ 0.32475194246728895 neg 0.307138750979144	false	0.0
abschreckung	neg 1.0		off 0.36562038596061386 __DUMMY__ 0.3263330850552315 neg 0.30804652898415463	false	0.5
unqualifiziert	neg 1.0		off 0.37551536975397354 __DUMMY__ 0.32230167803185455 neg 0.30218295221417196	false	0.5
abgewichst	off 1.0		off 0.3709135552227708 __DUMMY__ 0.3250616607757917 neg 0.3040247840014374	false	1.0
schwer	neg 1.0		off 0.36970561178402134 __DUMMY__ 0.32425917427917594 neg 0.3060352139368028	false	0.5
bedeutungslosigkeit	neg 1.0		off 0.36630376274302356 __DUMMY__ 0.3262806805817005 neg 0.3074155566752759	false	0.5
kapitulation	neg 1.0		off 0.367393616251708 __DUMMY__ 0.32462372577804893 neg 0.307982657970243	false	0.5
unscharf	neg 1.0		off 0.37090778484529985 __DUMMY__ 0.32080494605116167 neg 0.30828726910353843	false	0.5
schwinden	neg 1.0		off 0.36556867558163775 __DUMMY__ 0.32531744964441217 neg 0.30911387477395	false	0.5
versklavung	neg 1.0	neg 1.0	neg 0.639116983632374 off 0.20548078620354018 __DUMMY__ 0.15540223016408583	false	1.0
schlecht	neg 1.0		off 0.3773084245795954 __DUMMY__ 0.322158600024232 neg 0.3005329753961726	false	0.5
verhasst	neg 1.0		off 0.37218463698889864 __DUMMY__ 0.3232768976241121 neg 0.30453846538698925	false	0.5
beschweren	neg 1.0		off 0.3732176126951475 __DUMMY__ 0.32402188362807355 neg 0.3027605036767788	false	0.5
scheiden	neg 1.0		off 0.3701542358698082 __DUMMY__ 0.3236512854963664 neg 0.30619447863382543	false	0.5
frustriert	neg 1.0		off 0.369425996822943 __DUMMY__ 0.32519804825170323 neg 0.30537595492535374	false	0.5
schimmelig	neg 1.0		off 0.3665755500661514 __DUMMY__ 0.3241909018261098 neg 0.30923354810773857	false	0.5
fisch	neg 1.0		off 0.36235977662286334 __DUMMY__ 0.3246676008890895 neg 0.31297262248804714	false	0.5
schmuggel	neg 1.0		off 0.3656304404605024 __DUMMY__ 0.32811253599570284 neg 0.30625702354379475	false	0.5
auffallen	neg 1.0		off 0.3730803935612027 __DUMMY__ 0.32314329755319615 neg 0.30377630888560103	false	0.5
konkurrenz	neg 1.0		off 0.36627747676193784 __DUMMY__ 0.3270820773676809 neg 0.3066404458703813	false	0.5
teufelskreis	neg 1.0	neg 1.0	neg 0.6407011873552892 off 0.20360683919871292 __DUMMY__ 0.1556919734459978	false	1.0
aufschreien	neg 1.0		off 0.3733164565285672 __DUMMY__ 0.322314429332088 neg 0.30436911413934487	false	0.5
schuldner	neg 1.0		off 0.36458598872086045 __DUMMY__ 0.3244926257297186 neg 0.31092138554942106	false	0.5
missgeburt	off 1.0	off 1.0	off 0.6836515428281256 neg 0.162924595143828 __DUMMY__ 0.1534238620280464	false	1.0
arbeitslos	neg 1.0		off 0.3682123224879048 __DUMMY__ 0.32563025387591443 neg 0.3061574236361808	false	0.5
befallen	neg 1.0		off 0.36811546511380716 __DUMMY__ 0.32285032124431395 neg 0.3090342136418789	false	0.5
miesepetrig	off 1.0	off 1.0	off 0.6775896956220381 neg 0.16756499286563575 __DUMMY__ 0.15484531151232617	false	1.0
alarmieren	neg 1.0		off 0.37614932128171225 __DUMMY__ 0.3222950712963062 neg 0.3015556074219816	false	0.5
ungeduscht	off 1.0		off 0.3749366024337062 __DUMMY__ 0.32155559159872077 neg 0.30350780596757315	false	1.0
knappheit	neg 1.0		off 0.36712571601178784 __DUMMY__ 0.3237117994611498 neg 0.30916248452706246	false	0.5
schlange	neg 1.0		off 0.37103290244546056 __DUMMY__ 0.3242075814020313 neg 0.30475951615250807	false	0.5
harsch	neg 1.0		off 0.3825585404730684 __DUMMY__ 0.3210315026459459 neg 0.29640995688098565	false	0.5
lang	neg 1.0		off 0.37238383837199796 __DUMMY__ 0.3239272327239022 neg 0.3036889289040998	false	0.5
ziellos	neg 1.0		off 0.36678120765724137 __DUMMY__ 0.3266591359400014 neg 0.30655965640275734	false	0.5
selbstverliebt	neg 1.0		off 0.38890834009926917 __DUMMY__ 0.31555347431207237 neg 0.2955381855886584	false	0.5
beseitigen	neg 1.0		off 0.3719464244241831 __DUMMY__ 0.3257648766762721 neg 0.30228869889954496	false	0.5
dumm	off 1.0		off 0.38347746252384723 __DUMMY__ 0.31779228561955947 neg 0.2987302518565934	false	1.0
arbeitsloser	neg 1.0		off 0.3700262861097521 __DUMMY__ 0.32751089209479206 neg 0.3024628217954558	false	0.5
blitzen	neg 1.0		off 0.3751265579920208 __DUMMY__ 0.32248065147682 neg 0.30239279053115914	false	0.5
hilflos	neg 1.0		off 0.368130168195724 __DUMMY__ 0.32538182277689603 neg 0.3064880090273798	false	0.5
eklig	off 1.0		off 0.3830827173905939 __DUMMY__ 0.3165849179239961 neg 0.30033236468541	false	1.0
begriff			off 0.3704347629630289 __DUMMY__ 0.32464893957835855 neg 0.30491629745861243	false	0.0
hungersnot	neg 1.0		off 0.3674085627943773 __DUMMY__ 0.3239545820647617 neg 0.3086368551408611	false	0.5
ungesetzlich	neg 1.0		off 0.37260182557221255 __DUMMY__ 0.32237381101095713 neg 0.3050243634168305	false	0.5
verschwendung	neg 1.0		off 0.36612025561288797 __DUMMY__ 0.3261319681273436 neg 0.3077477762597684	false	0.5
schmerzvoll	neg 1.0		off 0.37169443508683014 __DUMMY__ 0.3229756508263876 neg 0.3053299140867824	false	0.5
vorzeitig	neg 1.0		off 0.37741438103112845 __DUMMY__ 0.3230841086214931 neg 0.2995015103473784	false	0.5
unvollkommenheit	neg 1.0		off 0.36969983781461974 __DUMMY__ 0.3254601761822927 neg 0.3048399860030875	false	0.5
intervenieren	neg 1.0		off 0.3659806877689682 __DUMMY__ 0.3247850026312405 neg 0.30923430959979137	false	0.5
banause	off 1.0		off 0.3835413477163812 __DUMMY__ 0.3145508776683754 neg 0.3019077746152435	false	1.0
rebell	neg 1.0		off 0.3614240039300291 __DUMMY__ 0.32655832610717433 neg 0.31201766996279645	false	0.5
unlogisch	neg 1.0		off 0.3792820658821605 __DUMMY__ 0.3200734922960145 neg 0.3006444418218249	false	0.5
leiden	neg 1.0		off 0.3665519633105057 __DUMMY__ 0.32847729950912236 neg 0.3049707371803719	false	0.5
abschaffung	neg 1.0		off 0.37120912993814925 __DUMMY__ 0.3227857895608173 neg 0.3060050805010334	false	0.5
sturz	neg 1.0		off 0.37519091762119317 __DUMMY__ 0.3257295126700956 neg 0.2990795697087112	false	0.5
verkleinerung	neg 1.0		off 0.37356484992665095 __DUMMY__ 0.3202507278889236 neg 0.3061844221844256	false	0.5
schmarotzer	off 1.0		off 0.36884114584613126 __DUMMY__ 0.3248397123196425 neg 0.30631914183422626	false	1.0
bestrafung	neg 1.0	neg 1.0	neg 0.6380670071774653 off 0.20543990681723112 __DUMMY__ 0.15649308600530348	false	1.0
achtlos	neg 1.0		off 0.36924091457460656 __DUMMY__ 0.32502244102573247 neg 0.3057366443996609	false	0.5
ungeheuer	neg 1.0		off 0.3699770722825982 __DUMMY__ 0.32275340761602844 neg 0.3072695201013733	false	0.5
unaufrichtig	neg 1.0		off 0.37581995466452184 __DUMMY__ 0.32265599808383283 neg 0.3015240472516454	false	0.5
groggy	neg 1.0		off 0.3749042023938716 __DUMMY__ 0.3234626502158659 neg 0.3016331473902624	false	0.5
verletzlich	neg 1.0		off 0.3746547565087455 __DUMMY__ 0.3197875179083028 neg 0.30555772558295174	false	0.5
ablehnen	neg 1.0		off 0.368073550493282 __DUMMY__ 0.3254615277882937 neg 0.3064649217184244	false	0.5
