unsolidarisch	neg 1.0		off 0.5249431857927421 neg 0.43419742650985343 __DUMMY__ 0.04085938769740446	false	0.5
nachteilig	neg 1.0		off 0.5243471503939523 neg 0.43422785576094874 __DUMMY__ 0.04142499384509894	false	0.5
skeptisch	neg 1.0		off 0.5220511091941042 neg 0.4365607217376644 __DUMMY__ 0.04138816906823135	false	0.5
schrecklich	neg 1.0		off 0.5331978970231057 neg 0.4263233503194133 __DUMMY__ 0.0404787526574809	false	0.5
schlapp	neg 1.0	neg 1.0	neg 0.6988066634228769 off 0.28183826262935807 __DUMMY__ 0.01935507394776498	false	1.0
abfall	neg 1.0		off 0.5199813386107336 neg 0.438387250110599 __DUMMY__ 0.04163141127866739	false	0.5
widerspenstig	neg 1.0		off 0.5238183829045407 neg 0.43521452992360704 __DUMMY__ 0.040967087171852226	false	0.5
abrupt	neg 1.0		off 0.5199645952440703 neg 0.4387912800589897 __DUMMY__ 0.041244124696939985	false	0.5
unwirksam	neg 1.0		off 0.5218303375286794 neg 0.4375557628473592 __DUMMY__ 0.04061389962396136	false	0.5
angreifen	neg 1.0		off 0.5212821220549586 neg 0.43731546957949935 __DUMMY__ 0.04140240836554216	false	0.5
inkonsistent	neg 1.0		off 0.5267206100407882 neg 0.43251653061864187 __DUMMY__ 0.04076285934056981	false	0.5
abrutschen	neg 1.0		off 0.5189957992880325 neg 0.43941842758904004 __DUMMY__ 0.041585773122927404	false	0.5
unsicher	neg 1.0		off 0.5262120204410425 neg 0.4326438522587309 __DUMMY__ 0.04114412730022657	false	0.5
bauernkind	off 1.0	off 1.0	off 0.7527802088958551 neg 0.2282204988742625 __DUMMY__ 0.018999292229882465	false	1.0
angreifer	neg 1.0		off 0.5318611291796809 neg 0.4270332801035181 __DUMMY__ 0.041105590716801164	false	0.5
trennen	neg 1.0		off 0.5216056650640482 neg 0.43693083780698944 __DUMMY__ 0.04146349712896242	false	0.5
schmutz	neg 1.0		off 0.5317469150796407 neg 0.4270533594114894 __DUMMY__ 0.041199725508869835	false	0.5
inkonsistenz	neg 1.0		off 0.5301682950302111 neg 0.4290538308745101 __DUMMY__ 0.04077787409527891	false	0.5
erschreckend	neg 1.0		off 0.5250273138891013 neg 0.43385449574949403 __DUMMY__ 0.0411181903614048	false	0.5
ertrinken	neg 1.0		off 0.5197614751804761 neg 0.4389172083965785 __DUMMY__ 0.04132131642294527	false	0.5
pickelface	off 1.0		off 0.5270565721167446 neg 0.4318397132636891 __DUMMY__ 0.041103714619566224	false	1.0
seiner			off 0.5222439219117647 neg 0.43631740613279285 __DUMMY__ 0.04143867195544254	false	0.0
lauch	neg 1.0	neg 1.0	neg 0.7033046586435299 off 0.27685213609313414 __DUMMY__ 0.019843205263336	false	1.0
unwichtig	neg 1.0		off 0.5297777509901238 neg 0.4294684207777728 __DUMMY__ 0.04075382823210326	false	0.5
steuerhinterziehung	neg 1.0		off 0.5241047468946346 neg 0.43489099078584403 __DUMMY__ 0.04100426231952135	false	0.5
schock	neg 1.0		off 0.5241111738514888 neg 0.4347272387878607 __DUMMY__ 0.04116158736065062	false	0.5
beule	neg 1.0		off 0.530598703002905 neg 0.42891128408433776 __DUMMY__ 0.04049001291275719	false	0.5
vergelten	neg 1.0		off 0.5355035694734005 neg 0.4239536889390519 __DUMMY__ 0.04054274158754755	false	0.5
verdorbenheit	neg 1.0		off 0.5272164094441696 neg 0.4317522808819204 __DUMMY__ 0.04103130967391004	false	0.5
trauma	neg 1.0		off 0.5264634604750167 neg 0.43259903409229844 __DUMMY__ 0.04093750543268485	false	0.5
sinnlos	neg 1.0		off 0.527417621387914 neg 0.43162927952506946 __DUMMY__ 0.04095309908701652	false	0.5
fettsack	off 1.0	off 1.0	off 0.7542934903075784 neg 0.22666285162152242 __DUMMY__ 0.01904365807089922	false	1.0
feige	off 1.0	off 1.0	off 0.752063334869314 neg 0.22861525406267877 __DUMMY__ 0.01932141106800728	false	1.0
abdanken	neg 1.0		off 0.5259876141296298 neg 0.43286634057715906 __DUMMY__ 0.04114604529321116	false	0.5
wichtigtuer	off 1.0	off 1.0	off 0.751115813409982 neg 0.22940350813552937 __DUMMY__ 0.019480678454488476	false	1.0
misslingen	neg 1.0		off 0.530470525406588 neg 0.4282438636374184 __DUMMY__ 0.04128561095599352	false	0.5
untreu	off 1.0		off 0.5301171776784337 neg 0.42926493175606606 __DUMMY__ 0.040617890565500296	false	1.0
missmutig	neg 1.0		off 0.5275202805268434 neg 0.4317552921622857 __DUMMY__ 0.04072442731087086	false	0.5
hurenbock	off 1.0		off 0.5233940092919753 neg 0.43583082443602283 __DUMMY__ 0.04077516627200185	false	1.0
betrunken	neg 1.0		off 0.5315331241253755 neg 0.42799029794413956 __DUMMY__ 0.04047657793048503	false	0.5
korrupt	off 1.0		off 0.5229353198344331 neg 0.43609625575291044 __DUMMY__ 0.04096842441265645	false	1.0
unmut	neg 1.0		off 0.520526185805307 neg 0.4379764976840105 __DUMMY__ 0.041497316510682634	false	0.5
hackfresse	off 1.0		off 0.5364018597044088 neg 0.4234626168557596 __DUMMY__ 0.04013552343983165	false	1.0
aufblasen	neg 1.0		off 0.5250446293932306 neg 0.43399135336950395 __DUMMY__ 0.04096401723726538	false	0.5
gewaltsam	neg 1.0		off 0.5271172304998717 neg 0.4316529828754407 __DUMMY__ 0.04122978662468755	false	0.5
unbeliebtheit	neg 1.0		off 0.5314851113138581 neg 0.42780297155748576 __DUMMY__ 0.04071191712865624	false	0.5
sturheit	neg 1.0		off 0.5262538699242617 neg 0.43250743296873484 __DUMMY__ 0.04123869710700351	false	0.5
kuh	neg 1.0		off 0.5231116441178187 neg 0.43653648197748235 __DUMMY__ 0.04035187390469893	false	0.5
erschrecken	neg 1.0		off 0.5288849729876639 neg 0.430313852501417 __DUMMY__ 0.04080117451091912	false	0.5
opfer	neg 1.0		off 0.5245528955427645 neg 0.4340140169831066 __DUMMY__ 0.041433087474128875	false	0.5
sinken	neg 1.0		off 0.5193826583784668 neg 0.43930648576439 __DUMMY__ 0.04131085585714319	false	0.5
stinktier	neg 1.0		off 0.531604885026663 neg 0.4284013895127698 __DUMMY__ 0.0399937254605673	false	0.5
tucke	off 1.0		off 0.535590234280785 neg 0.4246581741831727 __DUMMY__ 0.039751591536042324	false	1.0
ein			off 0.5223228285349473 neg 0.4368016833764844 __DUMMY__ 0.04087548808856848	false	0.0
abstieg	neg 1.0		off 0.5272501038839508 neg 0.4312498901608386 __DUMMY__ 0.04150000595521068	false	0.5
missverstehen	neg 1.0		off 0.5280568643464827 neg 0.4310584087593167 __DUMMY__ 0.04088472689420056	false	0.5
ergebnislos	neg 1.0		off 0.5249623070153718 neg 0.43354038776085796 __DUMMY__ 0.041497305223770195	false	0.5
unter			off 0.5177994864792478 neg 0.44019738371027384 __DUMMY__ 0.04200312981047839	false	0.0
manipulieren	neg 1.0		off 0.5227061489118614 neg 0.43589616554459526 __DUMMY__ 0.041397685543543235	false	0.5
unbewiesen	neg 1.0		off 0.5261576764038394 neg 0.4329051783705492 __DUMMY__ 0.04093714522561134	false	0.5
verschleppen	neg 1.0		off 0.5230689425380601 neg 0.43574244894852265 __DUMMY__ 0.04118860851341723	false	0.5
weib	off 1.0		off 0.537608470787336 neg 0.42245576745773533 __DUMMY__ 0.03993576175492877	false	1.0
opposition	neg 1.0		off 0.525725271731647 neg 0.4334552284146896 __DUMMY__ 0.04081949985366355	false	0.5
verkehrswidrig	neg 1.0		off 0.5379437949510328 neg 0.42138039591862814 __DUMMY__ 0.040675809130339025	false	0.5
inkorrekt	neg 1.0		off 0.5328712683001667 neg 0.426658580261558 __DUMMY__ 0.040470151438275294	false	0.5
vermeiden	neg 1.0		off 0.5199087765591706 neg 0.4383683784767022 __DUMMY__ 0.041722844964127266	false	0.5
abweichung	neg 1.0		off 0.5245613612927571 neg 0.4341682847190675 __DUMMY__ 0.0412703539881753	false	0.5
alkoholisiert	neg 1.0		off 0.5248493646588192 neg 0.4335040405015381 __DUMMY__ 0.04164659483964259	false	0.5
scheiss	off 1.0	off 1.0	off 0.7526185317603888 neg 0.22812845470081536 __DUMMY__ 0.019253013538795764	false	1.0
herausforderung	neg 1.0		off 0.5237821109063784 neg 0.43497902744255773 __DUMMY__ 0.04123886165106398	false	0.5
pervers	off 1.0		off 0.5398539429860304 neg 0.4203253142848792 __DUMMY__ 0.03982074272909031	false	1.0
wackelig	neg 1.0		off 0.5236224121813313 neg 0.43513436380918113 __DUMMY__ 0.041243224009487434	false	0.5
verwickeln	neg 1.0		off 0.5269248475762951 neg 0.43216587337266843 __DUMMY__ 0.040909279051036467	false	0.5
vorwand	neg 1.0		off 0.5211898260298974 neg 0.4373666322845402 __DUMMY__ 0.0414435416855623	false	0.5
muschi	off 1.0		off 0.5269308802236896 neg 0.43182909522608154 __DUMMY__ 0.041240024550228856	false	1.0
entmutigung	neg 1.0		off 0.5247086397650054 neg 0.4346745657533164 __DUMMY__ 0.04061679448167818	false	0.5
unangemessen	neg 1.0		off 0.5251321327455049 neg 0.43368830943907277 __DUMMY__ 0.04117955781542246	false	0.5
unstetig	neg 1.0		off 0.5298942614481316 neg 0.4292518429494455 __DUMMY__ 0.040853895602422766	false	0.5
entmutigen	neg 1.0		off 0.526031431278939 neg 0.43300085046635434 __DUMMY__ 0.04096771825470662	false	0.5
schwanz	neg 1.0		off 0.5245397714319961 neg 0.4341613789889221 __DUMMY__ 0.04129884957908185	false	0.5
verbot	neg 1.0		off 0.5235401136929344 neg 0.43539120523241814 __DUMMY__ 0.04106868107464733	false	0.5
leid	neg 1.0		off 0.5343240794396459 neg 0.42533088572343064 __DUMMY__ 0.04034503483692336	false	0.5
archaisch	neg 1.0		off 0.5243572767633327 neg 0.43449949141873856 __DUMMY__ 0.041143231817928734	false	0.5
gegen			off 0.5221774973079505 neg 0.43623709259961113 __DUMMY__ 0.04158541009243847	false	0.0
scheidung	neg 1.0		off 0.5456250970851861 neg 0.41447656051311205 __DUMMY__ 0.039898342401701835	false	0.5
einschlag	neg 1.0		off 0.5364524302055765 neg 0.42282715647952784 __DUMMY__ 0.040720413314895516	false	0.5
m			off 0.5242995237914401 neg 0.43446571537659834 __DUMMY__ 0.04123476083196155	false	0.0
abgestanden	neg 1.0		off 0.5203762221612899 neg 0.43908444298700733 __DUMMY__ 0.04053933485170285	false	0.5
schmierig	off 1.0		off 0.5330452023843227 neg 0.4266721387201211 __DUMMY__ 0.04028265889555629	false	1.0
unpraktisch	neg 1.0		off 0.5271842334399005 neg 0.4318109888407505 __DUMMY__ 0.041004777719349045	false	0.5
wixxer	off 1.0		off 0.5391361132176278 neg 0.421160590673079 __DUMMY__ 0.039703296109293316	false	1.0
bezeichnet			off 0.5267329005189262 neg 0.43214580740943165 __DUMMY__ 0.04112129207164207	false	0.0
jammerlappen	off 1.0		off 0.5296477642478288 neg 0.4296421725532154 __DUMMY__ 0.04071006319895588	false	1.0
farce	neg 1.0		off 0.524573033732794 neg 0.43448863015019856 __DUMMY__ 0.04093833611700736	false	0.5
zwecklos	neg 1.0		off 0.5235557471937968 neg 0.4352730991973278 __DUMMY__ 0.04117115360887523	false	0.5
turbulent	neg 1.0		off 0.530893167971164 neg 0.4286103854708542 __DUMMY__ 0.040496446557981805	false	0.5
invasion	neg 1.0		off 0.527826228922271 neg 0.4312877111753876 __DUMMY__ 0.04088605990234136	false	0.5
schuld	neg 1.0		off 0.5267947501482088 neg 0.43220843017803123 __DUMMY__ 0.04099681967376	false	0.5
risiko	neg 1.0		off 0.5257598669722872 neg 0.43348080406097045 __DUMMY__ 0.04075932896674231	false	0.5
finster	neg 1.0		off 0.5229101275534863 neg 0.4362475990950032 __DUMMY__ 0.040842273351510514	false	0.5
geisteskrank	off 1.0		off 0.5318664972134673 neg 0.427578298333552 __DUMMY__ 0.04055520445298062	false	1.0
zusammenbrechen	neg 1.0		off 0.5233044887392297 neg 0.4355675082729713 __DUMMY__ 0.041128002987799	false	0.5
ausbeute	neg 1.0		off 0.5262971792530176 neg 0.43243235688352477 __DUMMY__ 0.04127046386345761	false	0.5
hinterhalt	neg 1.0		off 0.525043376288477 neg 0.4337821668730258 __DUMMY__ 0.04117445683849725	false	0.5
kritik	neg 1.0		off 0.5243638924921423 neg 0.4346785018409747 __DUMMY__ 0.04095760566688293	false	0.5
einschrumpfen	neg 1.0		off 0.5290020947155993 neg 0.4303940053947842 __DUMMY__ 0.04060389988961644	false	0.5
riskant	neg 1.0		off 0.5218281913377719 neg 0.43683432496818 __DUMMY__ 0.04133748369404799	false	0.5
frustrieren	neg 1.0		off 0.5221677559335031 neg 0.4365876922753729 __DUMMY__ 0.04124455179112417	false	0.5
groll	neg 1.0		off 0.5248634266538217 neg 0.4338773698971116 __DUMMY__ 0.041259203449066646	false	0.5
gibt			off 0.5238585064138988 neg 0.4349036624233078 __DUMMY__ 0.041237831162793524	false	0.0
qualvoll	neg 1.0		off 0.526711045929732 neg 0.4324273128567535 __DUMMY__ 0.040861641213514585	false	0.5
wackeln	neg 1.0		off 0.5248955396387478 neg 0.43407334618501764 __DUMMY__ 0.041031114176234625	false	0.5
klagen	neg 1.0		off 0.5207982050946253 neg 0.43782753191771584 __DUMMY__ 0.04137426298765892	false	0.5
bankrott	neg 1.0		off 0.5304348927862825 neg 0.42871779927764814 __DUMMY__ 0.04084730793606936	false	0.5
trauern	neg 1.0		off 0.5249421193125674 neg 0.4334535802665628 __DUMMY__ 0.04160430042086972	false	0.5
ablehnung	neg 1.0		off 0.5239768529465443 neg 0.4350120869085822 __DUMMY__ 0.041011060144873476	false	0.5
stur	neg 1.0		off 0.5258853636442389 neg 0.4331996931531673 __DUMMY__ 0.04091494320259375	false	0.5
aufruhr	neg 1.0		off 0.5251866351818059 neg 0.4338238373738318 __DUMMY__ 0.040989527444362336	false	0.5
melancholie	neg 1.0		off 0.5190295356264777 neg 0.4398541797230437 __DUMMY__ 0.04111628465047863	false	0.5
ist			off 0.527011281374645 neg 0.4320369961759133 __DUMMY__ 0.04095172244944168	false	0.0
torheit	neg 1.0		off 0.5269891186875298 neg 0.4320192838276206 __DUMMY__ 0.040991597484849644	false	0.5
dreckskind	off 1.0		off 0.5373626005235971 neg 0.42258152823013984 __DUMMY__ 0.04005587124626309	false	1.0
umtauschen	neg 1.0		off 0.5246736188732253 neg 0.4342767653847777 __DUMMY__ 0.04104961574199695	false	0.5
zum			off 0.5224735814902958 neg 0.4355773278683341 __DUMMY__ 0.04194909064137022	false	0.0
zersetzen	neg 1.0		off 0.5206903267765658 neg 0.43805839864909407 __DUMMY__ 0.04125127457434018	false	0.5
zur			off 0.5203939225659949 neg 0.43785579920501794 __DUMMY__ 0.04175027822898715	false	0.0
frust	neg 1.0		off 0.5231615427963509 neg 0.4356877236462021 __DUMMY__ 0.041150733557447035	false	0.5
unerbittlichkeit	neg 1.0		off 0.5236058582337778 neg 0.4349927919828418 __DUMMY__ 0.04140134978338043	false	0.5
zwei			off 0.5192150583997754 neg 0.4390719187984825 __DUMMY__ 0.041713022801742036	false	0.0
unkorrekt	neg 1.0		off 0.5316605653187365 neg 0.4278219627875926 __DUMMY__ 0.04051747189367093	false	0.5
hexe	off 1.0		off 0.5266513374491449 neg 0.4328900449093025 __DUMMY__ 0.040458617641552674	false	1.0
lasch	neg 1.0		off 0.5288118160980614 neg 0.43043455774617156 __DUMMY__ 0.040753626155767074	false	0.5
rivale	neg 1.0		off 0.5339242090799451 neg 0.42554580807197295 __DUMMY__ 0.04052998284808202	false	0.5
mutlos	off 1.0	off 1.0	off 0.7486028492869484 neg 0.23173701590952467 __DUMMY__ 0.019660134803526953	false	1.0
wirr	off 1.0		off 0.5325289919772617 neg 0.4271439075361437 __DUMMY__ 0.04032710048659471	false	1.0
jahr			off 0.5255985740586671 neg 0.43270641163006834 __DUMMY__ 0.04169501431126463	false	0.0
wird			off 0.5236603877055469 neg 0.4350466621886189 __DUMMY__ 0.04129295010583426	false	0.0
strafbar	neg 1.0		off 0.5229407060469483 neg 0.4357029957810134 __DUMMY__ 0.04135629817203815	false	0.5
erosion	neg 1.0		off 0.5264682231035255 neg 0.4324317717747311 __DUMMY__ 0.04110000512174346	false	0.5
eingehen	neg 1.0		off 0.5218000892374614 neg 0.4369640504631816 __DUMMY__ 0.04123586029935695	false	0.5
faul	off 1.0		off 0.5292042350996136 neg 0.4300255938892206 __DUMMY__ 0.040770171011165854	false	1.0
provisorium	neg 1.0		off 0.5182418685967513 neg 0.43972704329158185 __DUMMY__ 0.04203108811166681	false	0.5
schmerzen	neg 1.0		off 0.5227925860330405 neg 0.43624401700347987 __DUMMY__ 0.040963396963479635	false	0.5
schrumpfen	neg 1.0		off 0.5171868279261723 neg 0.44136508978289535 __DUMMY__ 0.041448082290932386	false	0.5
geistlos	off 1.0		off 0.5272614098078415 neg 0.4319715393337003 __DUMMY__ 0.0407670508584581	false	1.0
fehlkauf	neg 1.0		off 0.5275702766280231 neg 0.43157680907939183 __DUMMY__ 0.04085291429258504	false	0.5
frustrierend	neg 1.0		off 0.5284583037727316 neg 0.43076397889243506 __DUMMY__ 0.0407777173348333	false	0.5
unzufrieden	neg 1.0		off 0.5237382114239549 neg 0.43504442007083677 __DUMMY__ 0.04121736850520819	false	0.5
verzweifeln	neg 1.0		off 0.5248727005628764 neg 0.4339826695542143 __DUMMY__ 0.04114462988290941	false	0.5
verzweifelt	neg 1.0		off 0.5259790755625882 neg 0.43310350657376606 __DUMMY__ 0.04091741786364573	false	0.5
misstrauensantrag	neg 1.0		off 0.5266820295127395 neg 0.43247022198141893 __DUMMY__ 0.04084774850584164	false	0.5
abfallen	neg 1.0		off 0.5248133948747452 neg 0.43422361229624473 __DUMMY__ 0.040962992829010045	false	0.5
fucker	off 1.0		off 0.5330849876184759 neg 0.4263557376027464 __DUMMY__ 0.040559274778777875	false	1.0
ungezogen	neg 1.0		off 0.5384285713548321 neg 0.42156322177284616 __DUMMY__ 0.04000820687232163	false	0.5
irrsinnig	neg 1.0	neg 1.0	neg 0.7005214163943182 off 0.2799647058309149 __DUMMY__ 0.01951387777476692	false	1.0
unfassbar	neg 1.0		off 0.5309782287504937 neg 0.4283209304351129 __DUMMY__ 0.04070084081439348	false	0.5
hart	neg 1.0		off 0.5290140349825466 neg 0.43054088789136535 __DUMMY__ 0.04044507712608799	false	0.5
widerlich	off 1.0		off 0.5310316874061144 neg 0.42834767557216313 __DUMMY__ 0.0406206370217224	false	1.0
fatal	neg 1.0	neg 1.0	neg 0.7009906168280722 off 0.2796598865401533 __DUMMY__ 0.019349496631774602	false	1.0
bruch	neg 1.0		off 0.5199148095449537 neg 0.4385991874117708 __DUMMY__ 0.04148600304327571	false	0.5
aushungern	neg 1.0		off 0.5235950856124238 neg 0.4353570627990642 __DUMMY__ 0.04104785158851195	false	0.5
anspannung	neg 1.0		off 0.5203564101552223 neg 0.43784385087565175 __DUMMY__ 0.041799738969125935	false	0.5
von			off 0.5215416969511767 neg 0.4370267394654231 __DUMMY__ 0.04143156358340019	false	0.0
kraftlos	neg 1.0		off 0.5228085273674149 neg 0.43599370104314655 __DUMMY__ 0.0411977715894386	false	0.5
vom			off 0.5196258463543112 neg 0.43828137755880936 __DUMMY__ 0.04209277608687941	false	0.0
grenzdebil	off 1.0		off 0.5301419350600594 neg 0.42928195941750125 __DUMMY__ 0.040576105522439405	false	1.0
vor			off 0.5206059978659203 neg 0.4378778763867677 __DUMMY__ 0.04151612574731189	false	0.0
unterwerfen	neg 1.0		off 0.5239134195058063 neg 0.4347303772533176 __DUMMY__ 0.04135620324087603	false	0.5
versenkung	neg 1.0		off 0.5235078484370449 neg 0.4350873519336439 __DUMMY__ 0.0414047996293113	false	0.5
entziehen	neg 1.0		off 0.5212362211848602 neg 0.43730214811480467 __DUMMY__ 0.04146163070033522	false	0.5
finanzkrise	neg 1.0		off 0.5201767211310253 neg 0.43923326437159516 __DUMMY__ 0.04059001449737961	false	0.5
schimpfend	neg 1.0		off 0.5274230781879394 neg 0.4314762072508294 __DUMMY__ 0.0411007145612312	false	0.5
profan	neg 1.0		off 0.5268488645673735 neg 0.432316474686608 __DUMMY__ 0.040834660746018506	false	0.5
korruption	neg 1.0		off 0.5223135693850836 neg 0.43667778693984904 __DUMMY__ 0.04100864367506731	false	0.5
â			off 0.5235766553411197 neg 0.4351728286544618 __DUMMY__ 0.04125051600441853	false	0.0
schmutzig	neg 1.0		off 0.5300978015376555 neg 0.4293462191637511 __DUMMY__ 0.04055597929859334	false	0.5
sexy	neg 1.0		off 0.5296001392428302 neg 0.42952447302327895 __DUMMY__ 0.04087538773389073	false	0.5
abraten	neg 1.0		off 0.5276944032035856 neg 0.43133128162319634 __DUMMY__ 0.04097431517321809	false	0.5
schwarz	neg 1.0		off 0.5280388090561438 neg 0.4310065260063953 __DUMMY__ 0.04095466493746091	false	0.5
fotze	off 1.0	off 1.0	off 0.7495385195468997 neg 0.23077851266786456 __DUMMY__ 0.019682967785235886	false	1.0
verwirren	neg 1.0		off 0.5276732066066387 neg 0.43144978612374857 __DUMMY__ 0.04087700726961263	false	0.5
zahnlos	off 1.0		off 0.5245138592447028 neg 0.43432946732673106 __DUMMY__ 0.04115667342856606	false	1.0
verheeren	neg 1.0		off 0.5396347203568024 neg 0.4204155373587693 __DUMMY__ 0.03994974228442837	false	0.5
hippie	neg 1.0		off 0.5288476484575454 neg 0.4302987552747656 __DUMMY__ 0.04085359626768909	false	0.5
rammen	neg 1.0		off 0.5271081925405219 neg 0.4318112179934228 __DUMMY__ 0.041080589466055355	false	0.5
unlauter	neg 1.0		off 0.5265970030878707 neg 0.43257084142818497 __DUMMY__ 0.04083215548394427	false	0.5
unheilvoll	neg 1.0		off 0.5258983953724036 neg 0.4332007516182714 __DUMMY__ 0.040900853009324875	false	0.5
niedrig	neg 1.0		off 0.5214436062621786 neg 0.4374843788752589 __DUMMY__ 0.04107201486256266	false	0.5
explosion	neg 1.0		off 0.5291651963507044 neg 0.42994402223408906 __DUMMY__ 0.040890781415206544	false	0.5
weichei	off 1.0	off 1.0	off 0.753731669263246 neg 0.2272152885043963 __DUMMY__ 0.019053042232357747	false	1.0
minusmensch	off 1.0		off 0.5394252259689792 neg 0.4206196568238704 __DUMMY__ 0.039955117207150254	false	1.0
farblos	neg 1.0		off 0.5268473342594114 neg 0.43218260948492865 __DUMMY__ 0.04097005625565984	false	0.5
unwissend	neg 1.0	neg 1.0	neg 0.69904439122144 off 0.2815945940963594 __DUMMY__ 0.019361014682200525	false	1.0
traurig	neg 1.0		off 0.5330412082058654 neg 0.42643662215923733 __DUMMY__ 0.04052216963489726	false	0.5
senkung	neg 1.0		off 0.5243587126100375 neg 0.43513416372360303 __DUMMY__ 0.04050712366635946	false	0.5
ungleich	neg 1.0	neg 1.0	neg 0.7021828854779651 off 0.27815330492775237 __DUMMY__ 0.0196638095942824	false	1.0
heikel	neg 1.0		off 0.5221360019393475 neg 0.4365238218029692 __DUMMY__ 0.04134017625768336	false	0.5
drosselung	neg 1.0		off 0.5284353729168335 neg 0.43119220203880587 __DUMMY__ 0.04037242504436061	false	0.5
falsch	neg 1.0		off 0.5296781391191429 neg 0.42947068709449754 __DUMMY__ 0.040851173786359773	false	0.5
unzufriedenheit	neg 1.0		off 0.5207901274808208 neg 0.4379569053789583 __DUMMY__ 0.04125296714022091	false	0.5
kurz	neg 1.0		off 0.5248766536439191 neg 0.4338317718421358 __DUMMY__ 0.04129157451394503	false	0.5
unsinnig	neg 1.0		off 0.5237633328593877 neg 0.43522546619404506 __DUMMY__ 0.041011200946567225	false	0.5
penner	off 1.0	off 1.0	off 0.7550055828939239 neg 0.22595774605376928 __DUMMY__ 0.019036671052306744	false	1.0
seicht	neg 1.0		off 0.5354098441405467 neg 0.42473721645377727 __DUMMY__ 0.039852939405675934	false	0.5
dummheit	off 1.0	off 1.0	off 0.7505330604587639 neg 0.2300574250663235 __DUMMY__ 0.019409514474912525	false	1.0
unerfreulich	neg 1.0		off 0.5220576416929232 neg 0.43656825921492926 __DUMMY__ 0.04137409909214756	false	0.5
motherfucker	off 1.0	off 1.0	off 0.7532341577025302 neg 0.22747590829159955 __DUMMY__ 0.01928993400587026	false	1.0
pikiert	neg 1.0		off 0.5292195797967598 neg 0.4301713708594739 __DUMMY__ 0.040609049343766135	false	0.5
wrack	neg 1.0		off 0.5284096595856111 neg 0.4300198650207702 __DUMMY__ 0.04157047539361879	false	0.5
gangster	neg 1.0		off 0.5289246946951813 neg 0.4302454494723568 __DUMMY__ 0.04082985583246188	false	0.5
krank	neg 1.0		off 0.5311268014027974 neg 0.4282188248559508 __DUMMY__ 0.04065437374125176	false	0.5
reich	neg 1.0		off 0.5258527108699202 neg 0.43370348219026045 __DUMMY__ 0.040443806939819256	false	0.5
gnadenlos	neg 1.0		off 0.5270541455691509 neg 0.4318879155693179 __DUMMY__ 0.04105793886153131	false	0.5
niedergeschlagen	neg 1.0		off 0.5243024123004911 neg 0.4344075264607207 __DUMMY__ 0.041290061238788145	false	0.5
terrorisieren	off 1.0	off 1.0	off 0.748157477138678 neg 0.2321340947432805 __DUMMY__ 0.01970842811804162	false	1.0
sinnlosigkeit	neg 1.0		off 0.5242145467421574 neg 0.43459476753670595 __DUMMY__ 0.0411906857211367	false	0.5
behindern	neg 1.0		off 0.5251599301532862 neg 0.43380232663149143 __DUMMY__ 0.0410377432152223	false	0.5
undemokratisch	neg 1.0		off 0.5268701925095552 neg 0.4322972358010588 __DUMMY__ 0.040832571689385935	false	0.5
wirtschaftskrise	neg 1.0		off 0.5211525882209096 neg 0.437902493662684 __DUMMY__ 0.04094491811640637	false	0.5
neid	neg 1.0		off 0.5278422252885465 neg 0.4313795417572681 __DUMMY__ 0.04077823295418535	false	0.5
rutschen	neg 1.0		off 0.518568677490049 neg 0.43974162764852115 __DUMMY__ 0.041689694861429746	false	0.5
rezession	neg 1.0		off 0.5283466616562754 neg 0.4316110631935925 __DUMMY__ 0.04004227515013207	false	0.5
fehlgeburt	neg 1.0		off 0.5268982378150849 neg 0.43200097794170406 __DUMMY__ 0.0411007842432111	false	0.5
charakterschwach	off 1.0		off 0.5301739845684835 neg 0.42921766321563587 __DUMMY__ 0.04060835221588058	false	1.0
isolation	neg 1.0		off 0.530043549084397 neg 0.42906468108623386 __DUMMY__ 0.040891769829369186	false	0.5
ablenkung	neg 1.0		off 0.5260439345818548 neg 0.43281042985577434 __DUMMY__ 0.041145635562370844	false	0.5
pech	neg 1.0		off 0.5284726957588702 neg 0.4308283322246506 __DUMMY__ 0.040698972016479186	false	0.5
vermeidung	neg 1.0		off 0.5297636553277931 neg 0.429708924999861 __DUMMY__ 0.04052741967234594	false	0.5
dominieren	neg 1.0		off 0.5248152994857461 neg 0.43399991245493436 __DUMMY__ 0.04118478805931957	false	0.5
schwindlig	neg 1.0		off 0.5264816207057145 neg 0.43267391299137564 __DUMMY__ 0.040844466302909936	false	0.5
lutscher	neg 1.0		off 0.5371052326688038 neg 0.42314118628419445 __DUMMY__ 0.039753581047001565	false	0.5
pflicht	neg 1.0		off 0.5219115277023104 neg 0.4365807863023734 __DUMMY__ 0.041507685995316145	false	0.5
faschist	off 1.0		off 0.5291754525322101 neg 0.42999332874117535 __DUMMY__ 0.040831218726614445	false	1.0
verschleudern	neg 1.0		off 0.519465201708562 neg 0.4395613789571358 __DUMMY__ 0.04097341933430211	false	0.5
wenn			off 0.5290625964028526 neg 0.43023696875694384 __DUMMY__ 0.04070043484020355	false	0.0
ehebruch	neg 1.0		off 0.523044297155215 neg 0.4357486836834764 __DUMMY__ 0.041207019161308485	false	0.5
spott	off 1.0		off 0.524294560452561 neg 0.43436486006008734 __DUMMY__ 0.04134057948735167	false	1.0
trostlosigkeit	neg 1.0		off 0.5198014431243436 neg 0.43888476627190437 __DUMMY__ 0.04131379060375203	false	0.5
lutschen	neg 1.0		off 0.5302136241029916 neg 0.4289371155684261 __DUMMY__ 0.04084926032858235	false	0.5
undiszipliniert	neg 1.0		off 0.5319336649786517 neg 0.427550880013524 __DUMMY__ 0.04051545500782428	false	0.5
kopfschmerz	neg 1.0		off 0.5198334259009255 neg 0.43920174512014204 __DUMMY__ 0.04096482897893244	false	0.5
unvorhergesehen	neg 1.0		off 0.521981768393957 neg 0.4365472556341232 __DUMMY__ 0.0414709759719197	false	0.5
desinteressiert	neg 1.0		off 0.5312603345858113 neg 0.42819630708044115 __DUMMY__ 0.04054335833374741	false	0.5
armselig	off 1.0		off 0.5335923251723996 neg 0.425956694341742 __DUMMY__ 0.04045098048585839	false	1.0
desaster	neg 1.0		off 0.5195897339765604 neg 0.439034556615004 __DUMMY__ 0.041375709408435636	false	0.5
tod	neg 1.0		off 0.5232123499590173 neg 0.43546636443169245 __DUMMY__ 0.04132128560929018	false	0.5
herzlos	neg 1.0		off 0.5326932911695313 neg 0.42686471732448156 __DUMMY__ 0.04044199150598714	false	0.5
unwissenheit	neg 1.0		off 0.5237907520872952 neg 0.4350155912521518 __DUMMY__ 0.041193656660552996	false	0.5
widersinnig	neg 1.0		off 0.5228315251766825 neg 0.43625781997677865 __DUMMY__ 0.04091065484653872	false	0.5
bedenklich	neg 1.0		off 0.5224844218125316 neg 0.43631979531759923 __DUMMY__ 0.04119578286986923	false	0.5
beanstanden	neg 1.0		off 0.5230647994162901 neg 0.43541390871295027 __DUMMY__ 0.041521291870759654	false	0.5
panisch	neg 1.0		off 0.52759358533592 neg 0.431429918842164 __DUMMY__ 0.04097649582191578	false	0.5
debil	off 1.0		off 0.5177409891579758 neg 0.44038666969197515 __DUMMY__ 0.04187234115004901	false	1.0
abstrich	neg 1.0		off 0.5249533945400829 neg 0.433900421755342 __DUMMY__ 0.04114618370457499	false	0.5
primitiv	neg 1.0		off 0.5318003810817119 neg 0.4276240338276936 __DUMMY__ 0.04057558509059457	false	0.5
abschaum	off 1.0	off 1.0	off 0.7528915664078456 neg 0.2276861555485615 __DUMMY__ 0.019422278043592933	false	1.0
provozieren	neg 1.0		off 0.5260731768137172 neg 0.43296265691124264 __DUMMY__ 0.04096416627504014	false	0.5
tot	neg 1.0		off 0.5244827990033035 neg 0.43431452642944296 __DUMMY__ 0.04120267456725358	false	0.5
instabil	neg 1.0		off 0.5320400496473601 neg 0.42770220501030237 __DUMMY__ 0.04025774534233756	false	0.5
schwuchtel	off 1.0	off 1.0	off 0.7583883822403693 neg 0.2228159879035864 __DUMMY__ 0.01879562985604433	false	1.0
zerren	neg 1.0		off 0.5240564118758495 neg 0.43466264190972875 __DUMMY__ 0.0412809462144216	false	0.5
kinderficker	off 1.0		off 0.5353175196369871 neg 0.424407019124398 __DUMMY__ 0.04027546123861487	false	1.0
gefahr	neg 1.0		off 0.5222338932645085 neg 0.4362983583260907 __DUMMY__ 0.041467748409400824	false	0.5
rabiat	neg 1.0		off 0.5240105442198625 neg 0.4349663625986626 __DUMMY__ 0.041023093181474894	false	0.5
verlangsamung	neg 1.0		off 0.5353943224293302 neg 0.4245657276352146 __DUMMY__ 0.040039949935455295	false	0.5
ausgestorben	neg 1.0		off 0.5252305777619136 neg 0.43358062241562795 __DUMMY__ 0.0411887998224585	false	0.5
anklagen	neg 1.0		off 0.5246587146210632 neg 0.43417396066112723 __DUMMY__ 0.04116732471780969	false	0.5
trott	neg 1.0		off 0.5259296515386265 neg 0.4329865614227903 __DUMMY__ 0.0410837870385833	false	0.5
verminderung	neg 1.0		off 0.5298147827669205 neg 0.42966185275746327 __DUMMY__ 0.040523364475616226	false	0.5
nach			off 0.5189671506513956 neg 0.4391400536565832 __DUMMY__ 0.041892795692021124	false	0.0
rost	neg 1.0		off 0.5400131632321603 neg 0.4197110692425119 __DUMMY__ 0.04027576752532781	false	0.5
destruktiv	neg 1.0		off 0.524964565573908 neg 0.4340264787179757 __DUMMY__ 0.041008955708116475	false	0.5
unzumutbarkeit	neg 1.0		off 0.531849684701613 neg 0.42744025962293153 __DUMMY__ 0.04071005567545549	false	0.5
labil	off 1.0	off 1.0	off 0.7519093901324497 neg 0.22870547389258433 __DUMMY__ 0.019385135974965956	false	1.0
ziemlich	neg 1.0		off 0.5310920671406919 neg 0.4281577210288567 __DUMMY__ 0.04075021183045158	false	0.5
lachnummer	off 1.0		off 0.5266157986863498 neg 0.43230155836580125 __DUMMY__ 0.04108264294784899	false	1.0
oder			off 0.5266738984412621 neg 0.43223559230729386 __DUMMY__ 0.041090509251444016	false	0.0
verfall	neg 1.0		off 0.5177693626107966 neg 0.4407493018262387 __DUMMY__ 0.04148133556296467	false	0.5
ausgrenzung	neg 1.0		off 0.5267331700991275 neg 0.4324384292974767 __DUMMY__ 0.04082840060339578	false	0.5
unordnung	neg 1.0		off 0.5349278610604526 neg 0.42463290513648205 __DUMMY__ 0.040439233803065314	false	0.5
fehlverhalten	neg 1.0		off 0.5226773620544573 neg 0.4359857425595143 __DUMMY__ 0.04133689538602851	false	0.5
eine			off 0.5202303953447057 neg 0.43836534850753633 __DUMMY__ 0.04140425614775802	false	0.0
nille	neg 1.0		off 0.5270272575698004 neg 0.43184118898074547 __DUMMY__ 0.0411315534494542	false	0.5
qual	neg 1.0		off 0.5254430718060564 neg 0.4334719099765128 __DUMMY__ 0.041085018217430734	false	0.5
verschwenden	neg 1.0		off 0.5207965425020958 neg 0.43800431110409643 __DUMMY__ 0.04119914639380766	false	0.5
riesig	neg 1.0		off 0.5238028059512133 neg 0.4348119178594983 __DUMMY__ 0.04138527618928843	false	0.5
verurteilen	neg 1.0		off 0.5242560467654208 neg 0.4345680846887075 __DUMMY__ 0.04117586854587151	false	0.5
klischee	neg 1.0	neg 1.0	neg 0.6997973130219745 off 0.28083603931199425 __DUMMY__ 0.019366647666031262	false	1.0
diktatorisch	neg 1.0		off 0.5271509902318929 neg 0.432009434391137 __DUMMY__ 0.040839575376970166	false	0.5
vorhersehbar	neg 1.0		off 0.5273696488627758 neg 0.4318586938177478 __DUMMY__ 0.04077165731947631	false	0.5
sowie			off 0.5333253989860864 neg 0.42649529362579786 __DUMMY__ 0.040179307388115766	false	0.0
stornieren	neg 1.0		off 0.5316971807877502 neg 0.42710185366255565 __DUMMY__ 0.04120096554969433	false	0.5
besteuerung	neg 1.0	neg 1.0	neg 0.7023604660079419 off 0.2782934076743697 __DUMMY__ 0.019346126317688322	false	1.0
ungeschminkt	neg 1.0		off 0.5320482931506881 neg 0.42738212182540275 __DUMMY__ 0.040569585023909234	false	0.5
kritisch	neg 1.0		off 0.5239243536733765 neg 0.4348602948316094 __DUMMY__ 0.0412153514950143	false	0.5
schlamperei	off 1.0		off 0.5229651713670188 neg 0.43573977272042197 __DUMMY__ 0.041295055912559095	false	1.0
sucht	neg 1.0	neg 1.0	neg 0.6989840237900349 off 0.28140972180944906 __DUMMY__ 0.019606254400515936	false	1.0
egoistisch	off 1.0	off 1.0	off 0.7550504723098048 neg 0.22575737064859022 __DUMMY__ 0.019192157041604988	false	1.0
ausbeuter	off 1.0		off 0.5204626446000216 neg 0.43837243084729416 __DUMMY__ 0.041164924552684175	false	1.0
arschgeburt	off 1.0		off 0.5413743709253358 neg 0.4190431569981236 __DUMMY__ 0.0395824720765405	false	1.0
schubs	neg 1.0		off 0.5214619744035488 neg 0.4374679615193828 __DUMMY__ 0.04107006407706855	false	0.5
unsolide	neg 1.0		off 0.5277996891327517 neg 0.431367882878531 __DUMMY__ 0.04083242798871743	false	0.5
beschwerde	neg 1.0		off 0.5246390373726627 neg 0.4341343214561904 __DUMMY__ 0.04122664117114697	false	0.5
stocken	neg 1.0		off 0.5231874732051989 neg 0.43556860478270076 __DUMMY__ 0.04124392201210045	false	0.5
isolieren	neg 1.0		off 0.5228467206480024 neg 0.43608526310267615 __DUMMY__ 0.04106801624932156	false	0.5
unheilbar	neg 1.0		off 0.5253934611537937 neg 0.43358837901878056 __DUMMY__ 0.0410181598274259	false	0.5
pisser	off 1.0	off 1.0	off 0.7543869046812607 neg 0.22629681552256914 __DUMMY__ 0.019316279796170132	false	1.0
löschen	neg 1.0		off 0.5264666280073138 neg 0.4324915561197956 __DUMMY__ 0.04104181587289061	false	0.5
durchfallen	neg 1.0		off 0.5239213174747069 neg 0.4348390575385798 __DUMMY__ 0.041239624986713255	false	0.5
wichser	off 1.0	off 1.0	off 0.7564459389875585 neg 0.22462252782391237 __DUMMY__ 0.018931533188529137	false	1.0
terror	neg 1.0		off 0.5287950683101239 neg 0.4303363486684403 __DUMMY__ 0.04086858302143583	false	0.5
krass	neg 1.0		off 0.5343402167155435 neg 0.4253218812422325 __DUMMY__ 0.04033790204222389	false	0.5
revolte	neg 1.0		off 0.5263742453845063 neg 0.4330525861153082 __DUMMY__ 0.04057316850018538	false	0.5
besorgt	neg 1.0		off 0.5252870536601894 neg 0.43339995295991196 __DUMMY__ 0.04131299337989879	false	0.5
nachlassen	neg 1.0		off 0.5242919878317247 neg 0.4343606977679043 __DUMMY__ 0.04134731440037114	false	0.5
alt	neg 1.0		off 0.5187328957120995 neg 0.4404024832579454 __DUMMY__ 0.040864621029955216	false	0.5
hundesohn	off 1.0	off 1.0	off 0.7564309276451537 neg 0.2245665184851552 __DUMMY__ 0.019002553869690925	false	1.0
als			off 0.5231400391376617 neg 0.43574709437407483 __DUMMY__ 0.04111286648826341	false	0.0
abschreckung	neg 1.0		off 0.5212906522079621 neg 0.4373867729751461 __DUMMY__ 0.041322574816891854	false	0.5
unqualifiziert	neg 1.0		off 0.5296433325275282 neg 0.4295676136801912 __DUMMY__ 0.040789053792280566	false	0.5
abgewichst	off 1.0		off 0.5262321451691963 neg 0.43261449765602566 __DUMMY__ 0.041153357174777964	false	1.0
schwer	neg 1.0		off 0.5245632393656686 neg 0.43438758344713185 __DUMMY__ 0.04104917718719947	false	0.5
bedeutungslosigkeit	neg 1.0		off 0.5219818182254151 neg 0.43670152990555083 __DUMMY__ 0.04131665186903409	false	0.5
kapitulation	neg 1.0		off 0.5222986560471528 neg 0.4366054232879876 __DUMMY__ 0.04109592066485967	false	0.5
unscharf	neg 1.0		off 0.5241971524840141 neg 0.43521925171939135 __DUMMY__ 0.040583595796594464	false	0.5
schwinden	neg 1.0		off 0.5207393967635496 neg 0.43807488069997397 __DUMMY__ 0.041185722536476524	false	0.5
versklavung	neg 1.0	neg 1.0	neg 0.7007524109577405 off 0.27981272138687696 __DUMMY__ 0.019434867655382607	false	1.0
schlecht	neg 1.0		off 0.5314634200128073 neg 0.4277674933904269 __DUMMY__ 0.040769086596765945	false	0.5
verhasst	neg 1.0		off 0.5266530798302607 neg 0.43242761357140047 __DUMMY__ 0.04091930659833885	false	0.5
beschweren	neg 1.0		off 0.5281084045207746 neg 0.43087466250743933 __DUMMY__ 0.041016932971786046	false	0.5
scheiden	neg 1.0		off 0.5247683077095004 neg 0.4342738264677224 __DUMMY__ 0.040957865822777204	false	0.5
frustriert	neg 1.0		off 0.5247248082821758 neg 0.43410175458971983 __DUMMY__ 0.041173437128104416	false	0.5
schimmelig	neg 1.0		off 0.5213496719454155 neg 0.4376213595217184 __DUMMY__ 0.04102896853286611	false	0.5
fisch	neg 1.0		off 0.517189668244363 neg 0.4417211132185191 __DUMMY__ 0.04108921853711797	false	0.5
schmuggel	neg 1.0		off 0.5222065990831596 neg 0.43624380836993804 __DUMMY__ 0.041549592546902395	false	0.5
auffallen	neg 1.0		off 0.5275365404596654 neg 0.4315631659417769 __DUMMY__ 0.0409002935985579	false	0.5
konkurrenz	neg 1.0		off 0.5223440545569451 neg 0.43623652308790983 __DUMMY__ 0.04141942235514503	false	0.5
teufelskreis	neg 1.0	neg 1.0	neg 0.702453728264205 off 0.2780733203585982 __DUMMY__ 0.019472951377196734	false	1.0
aufschreien	neg 1.0		off 0.5273710777083184 neg 0.43183701015708953 __DUMMY__ 0.0407919121345922	false	0.5
schuldner	neg 1.0		off 0.519318496728599 neg 0.43960432700696445 __DUMMY__ 0.04107717626443658	false	0.5
missgeburt	off 1.0	off 1.0	off 0.7571089101764593 neg 0.22371045385871852 __DUMMY__ 0.01918063596482203	false	1.0
arbeitslos	neg 1.0		off 0.5236661053784722 neg 0.4351031203491569 __DUMMY__ 0.041230774272370894	false	0.5
befallen	neg 1.0		off 0.5221914427651809 neg 0.436952009715027 __DUMMY__ 0.04085654751979196	false	0.5
miesepetrig	off 1.0	off 1.0	off 0.7517098049240306 neg 0.22892816466657415 __DUMMY__ 0.019362030409395176	false	1.0
alarmieren	neg 1.0		off 0.5302875508106274 neg 0.42892783802352547 __DUMMY__ 0.04078461116584722	false	0.5
ungeduscht	off 1.0		off 0.5287604989913373 neg 0.4305560360163667 __DUMMY__ 0.04068346499229602	false	1.0
knappheit	neg 1.0		off 0.5215847448792827 neg 0.43744318342814353 __DUMMY__ 0.04097207169257377	false	0.5
schlange	neg 1.0		off 0.5259439110091747 neg 0.4330174227203218 __DUMMY__ 0.04103866627050348	false	0.5
harsch	neg 1.0		off 0.536400394854639 neg 0.4229851997016671 __DUMMY__ 0.04061440544369392	false	0.5
lang	neg 1.0		off 0.5272034705902819 neg 0.4317911504632179 __DUMMY__ 0.04100537894650018	false	0.5
ziellos	neg 1.0		off 0.5226942481978142 neg 0.4359414840625991 __DUMMY__ 0.041364267739586694	false	0.5
selbstverliebt	neg 1.0		off 0.540311132789583 neg 0.41979402719240183 __DUMMY__ 0.03989484001801522	false	0.5
beseitigen	neg 1.0		off 0.5276384447989919 neg 0.4311221842489259 __DUMMY__ 0.04123937095208218	false	0.5
dumm	off 1.0		off 0.5357614763172674 neg 0.42404734878428796 __DUMMY__ 0.04019117489844455	false	1.0
arbeitsloser	neg 1.0		off 0.5264683752821299 neg 0.4320550785986267 __DUMMY__ 0.04147654611924361	false	0.5
blitzen	neg 1.0		off 0.5293512408803976 neg 0.4298357952242065 __DUMMY__ 0.04081296389539591	false	0.5
hilflos	neg 1.0		off 0.5234770068262933 neg 0.4353259054859476 __DUMMY__ 0.0411970876877592	false	0.5
eklig	off 1.0		off 0.5347662733781767 neg 0.42520355325384634 __DUMMY__ 0.040030173367976964	false	1.0
begriff			off 0.5255055727419522 neg 0.4333945831440185 __DUMMY__ 0.04109984411402926	false	0.0
hungersnot	neg 1.0		off 0.5220005698969427 neg 0.43699617731663043 __DUMMY__ 0.04100325278642688	false	0.5
ungesetzlich	neg 1.0		off 0.5266021724710669 neg 0.43259958968258805 __DUMMY__ 0.04079823784634501	false	0.5
verschwendung	neg 1.0		off 0.5217349031068876 neg 0.43696811832109006 __DUMMY__ 0.041296978572022205	false	0.5
schmerzvoll	neg 1.0		off 0.526009430153408 neg 0.43311199926107025 __DUMMY__ 0.0408785705855218	false	0.5
vorzeitig	neg 1.0		off 0.532034490822069 neg 0.42707962854477993 __DUMMY__ 0.04088588063315101	false	0.5
unvollkommenheit	neg 1.0		off 0.525164976215904 neg 0.4336356031226036 __DUMMY__ 0.04119942066149251	false	0.5
intervenieren	neg 1.0		off 0.5209053937458303 neg 0.4379763484661156 __DUMMY__ 0.041118257788054065	false	0.5
banause	off 1.0		off 0.5342433369398433 neg 0.4259959367761106 __DUMMY__ 0.039760726284046276	false	1.0
rebell	neg 1.0		off 0.5171137411806188 neg 0.44154111674739444 __DUMMY__ 0.04134514207198677	false	0.5
unlogisch	neg 1.0		off 0.5325083633638623 neg 0.42699882811365725 __DUMMY__ 0.040492808522480404	false	0.5
leiden	neg 1.0		off 0.5233889165865282 neg 0.4350129429841325 __DUMMY__ 0.04159814042933926	false	0.5
abschaffung	neg 1.0		off 0.5253928597882195 neg 0.43375654723262147 __DUMMY__ 0.040850592979159266	false	0.5
sturz	neg 1.0		off 0.5310105007369419 neg 0.42775396194729975 __DUMMY__ 0.04123553731575833	false	0.5
verkleinerung	neg 1.0		off 0.526605951585327 neg 0.4328799072273934 __DUMMY__ 0.04051414118727972	false	0.5
schmarotzer	off 1.0		off 0.5239254617347253 neg 0.43494862905393555 __DUMMY__ 0.04112590921133918	false	1.0
bestrafung	neg 1.0	neg 1.0	neg 0.7001256353095968 off 0.28030052515135817 __DUMMY__ 0.019573839539045047	false	1.0
achtlos	neg 1.0		off 0.5244572133360822 neg 0.4343947527803953 __DUMMY__ 0.04114803388352242	false	0.5
ungeheuer	neg 1.0		off 0.5241212724456414 neg 0.4350354948574429 __DUMMY__ 0.040843232696915574	false	0.5
unaufrichtig	neg 1.0		off 0.5301352399351695 neg 0.4290320091452182 __DUMMY__ 0.04083275091961222	false	0.5
groggy	neg 1.0		off 0.5295778469877743 neg 0.4294781557061902 __DUMMY__ 0.04094399730603557	false	0.5
