unsolidarisch	neg 1.0		off 0.5434652998456102 neg 0.44956322992088993 __DUMMY__ 0.006971470233499911	false	0.5
nachteilig	neg 1.0		off 0.5431247926783674 neg 0.4498068907368609 __DUMMY__ 0.007068316584771561	false	0.5
skeptisch	neg 1.0		off 0.5408023671381424 neg 0.4521355573626899 __DUMMY__ 0.007062075499167723	false	0.5
schrecklich	neg 1.0		off 0.5515864051920011 neg 0.4415073737882406 __DUMMY__ 0.006906221019758406	false	0.5
schlapp	neg 1.0	neg 1.0	neg 0.7060834134187747 off 0.29061848683691893 __DUMMY__ 0.0032980997443062894	false	1.0
abfall	neg 1.0		off 0.5388331678389675 neg 0.45406314564716516 __DUMMY__ 0.007103686513867369	false	0.5
widerspenstig	neg 1.0		off 0.5423910464234929 neg 0.4506191038984228 __DUMMY__ 0.006989849678084455	false	0.5
abrupt	neg 1.0		off 0.5386454016203267 neg 0.4543173824500826 __DUMMY__ 0.007037215929590753	false	0.5
unwirksam	neg 1.0		off 0.5402336866503372 neg 0.45283696101251675 __DUMMY__ 0.006929352337146057	false	0.5
angreifen	neg 1.0		off 0.5400359397875594 neg 0.4528995398287688 __DUMMY__ 0.007064520383671788	false	0.5
inkonsistent	neg 1.0		off 0.5452135417357203 neg 0.4478316450478234 __DUMMY__ 0.006954813216456346	false	0.5
abrutschen	neg 1.0		off 0.537824168726585 neg 0.45507991852207946 __DUMMY__ 0.007095912751335583	false	0.5
unsicher	neg 1.0		off 0.5448707474829543 neg 0.44810900213323956 __DUMMY__ 0.00702025038380619	false	0.5
bauernkind	off 1.0	off 1.0	off 0.7614020047955462 neg 0.2353606449893532 __DUMMY__ 0.0032373502151005575	false	1.0
angreifer	neg 1.0		off 0.5505238757710779 neg 0.4424625848849429 __DUMMY__ 0.007013539343979093	false	0.5
trennen	neg 1.0		off 0.5403912347066203 neg 0.4525338326108945 __DUMMY__ 0.007074932682485143	false	0.5
schmutz	neg 1.0		off 0.550453755169691 neg 0.4425167029992095 __DUMMY__ 0.007029541831099545	false	0.5
inkonsistenz	neg 1.0		off 0.5486777315931682 neg 0.4443648172884674 __DUMMY__ 0.006957451118364443	false	0.5
erschreckend	neg 1.0		off 0.5436684633517339 neg 0.449315699935671 __DUMMY__ 0.007015836712595048	false	0.5
ertrinken	neg 1.0		off 0.5384742298383778 neg 0.4544751921882059 __DUMMY__ 0.007050577973416172	false	0.5
pickelface	off 1.0		off 0.545701865905967 neg 0.44728485401654405 __DUMMY__ 0.007013280077488907	false	1.0
seiner			off 0.5410196292695053 neg 0.4519096528760719 __DUMMY__ 0.00707071785442286	false	0.0
lauch	neg 1.0	neg 1.0	neg 0.7107693640449962 off 0.285849211818913 __DUMMY__ 0.0033814241360907277	false	1.0
unwichtig	neg 1.0		off 0.5482756627005809 neg 0.4447709537652126 __DUMMY__ 0.006953383534206479	false	0.5
steuerhinterziehung	neg 1.0		off 0.5426895761910289 neg 0.4503141857556275 __DUMMY__ 0.006996238053343578	false	0.5
schock	neg 1.0		off 0.5427706196373163 neg 0.45020617982337796 __DUMMY__ 0.007023200539305759	false	0.5
beule	neg 1.0		off 0.5489843725648526 neg 0.44410754552719695 __DUMMY__ 0.006908081907950628	false	0.5
vergelten	neg 1.0		off 0.5539273044471115 neg 0.43915562817772746 __DUMMY__ 0.00691706737516114	false	0.5
verdorbenheit	neg 1.0		off 0.5458337660546243 neg 0.447165403957628 __DUMMY__ 0.007000829987747684	false	0.5
trauma	neg 1.0		off 0.5450314994288671 neg 0.4479836154008106 __DUMMY__ 0.006984885170322346	false	0.5
sinnlos	neg 1.0		off 0.545995145948229 neg 0.4470173218232409 __DUMMY__ 0.006987532228530102	false	0.5
fettsack	off 1.0	off 1.0	off 0.762934763534371 neg 0.23382029875142737 __DUMMY__ 0.0032449377142015775	false	1.0
feige	off 1.0	off 1.0	off 0.7608259735157376 neg 0.235881634413473 __DUMMY__ 0.0032923920707894536	false	1.0
abdanken	neg 1.0		off 0.5446431510953359 neg 0.44833631680143593 __DUMMY__ 0.007020532103228161	false	0.5
wichtigtuer	off 1.0	off 1.0	off 0.7599497033401469 neg 0.23673071892234304 __DUMMY__ 0.0033195777375100593	false	1.0
misslingen	neg 1.0		off 0.5492119360772346 neg 0.44374374091716207 __DUMMY__ 0.007044323005603257	false	0.5
untreu	off 1.0		off 0.5485550159603484 neg 0.44451489091516505 __DUMMY__ 0.006930093124486518	false	1.0
missmutig	neg 1.0		off 0.5459963537572156 neg 0.4470553542802636 __DUMMY__ 0.006948291962520921	false	0.5
hurenbock	off 1.0		off 0.5418799220947191 neg 0.45116322096177003 __DUMMY__ 0.006956856943510773	false	1.0
betrunken	neg 1.0		off 0.5499149861203209 neg 0.4431791828898341 __DUMMY__ 0.006905830989844941	false	0.5
korrupt	off 1.0		off 0.541498635272039 neg 0.4515112080057311 __DUMMY__ 0.006990156722229947	false	1.0
unmut	neg 1.0		off 0.539319406674598 neg 0.4535998236064364 __DUMMY__ 0.007080769718965584	false	0.5
hackfresse	off 1.0		off 0.5546489933874618 neg 0.43850359674397393 __DUMMY__ 0.0068474098685643876	false	1.0
aufblasen	neg 1.0		off 0.5436195223737538 neg 0.44939112854967095 __DUMMY__ 0.006989349076575255	false	0.5
gewaltsam	neg 1.0		off 0.5458182868739072 neg 0.4471468941030862 __DUMMY__ 0.007034819023006593	false	0.5
unbeliebtheit	neg 1.0		off 0.5499686835866104 neg 0.44308524119339027 __DUMMY__ 0.006946075219999325	false	0.5
sturheit	neg 1.0		off 0.5449527186443568 neg 0.4480108269766211 __DUMMY__ 0.007036454379022095	false	0.5
kuh	neg 1.0		off 0.5414065494224438 neg 0.45170907080701156 __DUMMY__ 0.006884379770544753	false	0.5
erschrecken	neg 1.0		off 0.5474006274354855 neg 0.4456378908879193 __DUMMY__ 0.006961481676595154	false	0.5
opfer	neg 1.0		off 0.543334337866248 neg 0.44959591746508126 __DUMMY__ 0.007069744668670757	false	0.5
sinken	neg 1.0		off 0.5380878353899372 neg 0.45486343257765277 __DUMMY__ 0.007048732032409859	false	0.5
stinktier	neg 1.0		off 0.5497689495863128 neg 0.4434079592064905 __DUMMY__ 0.006823091207196765	false	0.5
tucke	off 1.0		off 0.5536624228301369 neg 0.43955601217765927 __DUMMY__ 0.006781564992203785	false	1.0
ein			off 0.5408479829252503 neg 0.452177885131414 __DUMMY__ 0.006974131943335769	false	0.0
abstieg	neg 1.0		off 0.5460716038709634 neg 0.44684729144638324 __DUMMY__ 0.007081104682653257	false	0.5
missverstehen	neg 1.0		off 0.5466057819456791 neg 0.44641840219816553 __DUMMY__ 0.0069758158561554805	false	0.5
ergebnislos	neg 1.0		off 0.5437735658203419 neg 0.44914575107260934 __DUMMY__ 0.007080683107048776	false	0.5
unter			off 0.5368130546502256 neg 0.4560195852166078 __DUMMY__ 0.00716736013316673	false	0.0
manipulieren	neg 1.0		off 0.5414625174596662 neg 0.4514738131799462 __DUMMY__ 0.0070636693603875434	false	0.5
unbewiesen	neg 1.0		off 0.5447189127527413 neg 0.4482963178685857 __DUMMY__ 0.006984769378672972	false	0.5
verschleppen	neg 1.0		off 0.5417324220870551 neg 0.45123977246676017 __DUMMY__ 0.007027805446184745	false	0.5
weib	off 1.0		off 0.5557694244415932 neg 0.4374174114249835 __DUMMY__ 0.006813164133423265	false	1.0
opposition	neg 1.0		off 0.5442382970912983 neg 0.44879713913141217 __DUMMY__ 0.006964563777289472	false	0.5
verkehrswidrig	neg 1.0		off 0.5564430432280366 neg 0.43661712209927744 __DUMMY__ 0.006939834672686044	false	0.5
inkorrekt	neg 1.0		off 0.5512514109092367 neg 0.4418438429599396 __DUMMY__ 0.006904746130823779	false	0.5
vermeiden	neg 1.0		off 0.5388038463866603 neg 0.45407683140082117 __DUMMY__ 0.007119322212518374	false	0.5
abweichung	neg 1.0		off 0.5432696026599989 neg 0.4496886029401834 __DUMMY__ 0.007041794399817785	false	0.5
alkoholisiert	neg 1.0		off 0.5437359306278864 neg 0.4491579910431871 __DUMMY__ 0.007106078328926474	false	0.5
scheiss	off 1.0	off 1.0	off 0.761354880520908 neg 0.23536445752045554 __DUMMY__ 0.0032806619586364166	false	1.0
herausforderung	neg 1.0		off 0.5424728175355901 neg 0.45049079222548843 __DUMMY__ 0.007036390238921401	false	0.5
pervers	off 1.0		off 0.5579726066673841 neg 0.43523392817374945 __DUMMY__ 0.006793465158866512	false	1.0
wackelig	neg 1.0		off 0.5423185307420989 neg 0.45064430584499 __DUMMY__ 0.007037163412911009	false	0.5
verwickeln	neg 1.0		off 0.5454800383113805 neg 0.4475399355735142 __DUMMY__ 0.006980026115105346	false	0.5
vorwand	neg 1.0		off 0.5399622593443308 neg 0.4529661848369329 __DUMMY__ 0.007071555818736398	false	0.5
muschi	off 1.0		off 0.5456372198640252 neg 0.447326143926234 __DUMMY__ 0.0070366362097407965	false	1.0
entmutigung	neg 1.0		off 0.5431204801833927 neg 0.44994965169331197 __DUMMY__ 0.006929868123295247	false	0.5
unangemessen	neg 1.0		off 0.5438009764510889 neg 0.4491726876678744 __DUMMY__ 0.007026335881036729	false	0.5
unstetig	neg 1.0		off 0.5484395081819858 neg 0.4445901543891324 __DUMMY__ 0.006970337428881865	false	0.5
entmutigen	neg 1.0		off 0.5446105712519488 neg 0.4483994287298266 __DUMMY__ 0.006990000018224687	false	0.5
schwanz	neg 1.0		off 0.5432652459528935 neg 0.44968808294011037 __DUMMY__ 0.007046671106996115	false	0.5
verbot	neg 1.0		off 0.542150717971217 neg 0.4508419766176536 __DUMMY__ 0.007007305411129384	false	0.5
leid	neg 1.0		off 0.5526584584880734 neg 0.44045824838238784 __DUMMY__ 0.006883293129538683	false	0.5
archaisch	neg 1.0		off 0.5430070008153132 neg 0.44997292458529187 __DUMMY__ 0.007020074599394989	false	0.5
gegen			off 0.5410161459116489 neg 0.45188802781061177 __DUMMY__ 0.007095826277739175	false	0.0
scheidung	neg 1.0		off 0.5637972054793994 neg 0.4293961479995814 __DUMMY__ 0.006806646521019092	false	0.5
einschlag	neg 1.0		off 0.5549631483570903 neg 0.4380893035352926 __DUMMY__ 0.006947548107617092	false	0.5
m			off 0.5429944343860597 neg 0.4499697685504267 __DUMMY__ 0.007035797063513779	false	0.0
abgestanden	neg 1.0		off 0.5387469692260222 neg 0.454336539618823 __DUMMY__ 0.006916491155154967	false	0.5
schmierig	off 1.0		off 0.5513449762828067 neg 0.4417824052381919 __DUMMY__ 0.006872618479001542	false	1.0
unpraktisch	neg 1.0		off 0.5457875897915091 neg 0.44721610133012796 __DUMMY__ 0.006996308878362948	false	0.5
wixxer	off 1.0		off 0.5571986260466235 neg 0.4360280250947115 __DUMMY__ 0.00677334885866505	false	1.0
bezeichnet			off 0.5453824104785733 neg 0.4476012365120116 __DUMMY__ 0.007016353009415218	false	0.0
jammerlappen	off 1.0		off 0.5481247254885305 neg 0.4449293824256608 __DUMMY__ 0.006945892085808774	false	1.0
farce	neg 1.0		off 0.543129573712855 neg 0.44988545307948635 __DUMMY__ 0.006984973207658689	false	0.5
zwecklos	neg 1.0		off 0.5422146978282004 neg 0.45076039712499955 __DUMMY__ 0.007024905046799979	false	0.5
turbulent	neg 1.0		off 0.5492807111924537 neg 0.44381019001916805 __DUMMY__ 0.0069090987883782045	false	0.5
invasion	neg 1.0		off 0.546376933986252 neg 0.44664701656859773 __DUMMY__ 0.006976049445150143	false	0.5
schuld	neg 1.0		off 0.5453886931179562 neg 0.4476162662694827 __DUMMY__ 0.0069950406125610645	false	0.5
risiko	neg 1.0		off 0.5442417429458838 neg 0.4488040444680091 __DUMMY__ 0.006954212586107248	false	0.5
finster	neg 1.0		off 0.5414256629921527 neg 0.45160592731376253 __DUMMY__ 0.006968409694084791	false	0.5
geisteskrank	off 1.0		off 0.5502818630772242 neg 0.4427987696376872 __DUMMY__ 0.006919367285088678	false	1.0
zusammenbrechen	neg 1.0		off 0.5419436069968796 neg 0.45103888373971807 __DUMMY__ 0.007017509263402395	false	0.5
ausbeute	neg 1.0		off 0.5450160227169187 neg 0.4479422405991026 __DUMMY__ 0.0070417366839786175	false	0.5
hinterhalt	neg 1.0		off 0.5437136764420798 neg 0.449261069873351 __DUMMY__ 0.007025253684569067	false	0.5
kritik	neg 1.0		off 0.5429279527998231 neg 0.45008376545574874 __DUMMY__ 0.0069882817444282585	false	0.5
einschrumpfen	neg 1.0		off 0.547429402257272 neg 0.44564292955025536 __DUMMY__ 0.006927668192472511	false	0.5
riskant	neg 1.0		off 0.540555847235331 neg 0.4523907528181606 __DUMMY__ 0.007053399946508303	false	0.5
frustrieren	neg 1.0		off 0.5408547081835728 neg 0.45210781406860345 __DUMMY__ 0.007037477747823702	false	0.5
groll	neg 1.0		off 0.543567050010458 neg 0.4493929849313956 __DUMMY__ 0.007039965058146403	false	0.5
gibt			off 0.5425490020794087 neg 0.450414674122605 __DUMMY__ 0.007036323797986174	false	0.0
qualvoll	neg 1.0		off 0.5452459325652714 neg 0.44778227447836355 __DUMMY__ 0.006971792956364909	false	0.5
wackeln	neg 1.0		off 0.5434993887207403 neg 0.44949976261529095 __DUMMY__ 0.007000848663968694	false	0.5
klagen	neg 1.0		off 0.5395366652932256 neg 0.4534036680580871 __DUMMY__ 0.0070596666486873235	false	0.5
bankrott	neg 1.0		off 0.5489805282835459 neg 0.4440501163389873 __DUMMY__ 0.006969355377466886	false	0.5
trauern	neg 1.0		off 0.5438028993504814 neg 0.4490980900631985 __DUMMY__ 0.007099010586320018	false	0.5
ablehnung	neg 1.0		off 0.5425631076168028 neg 0.450439443346523 __DUMMY__ 0.006997449036674106	false	0.5
stur	neg 1.0		off 0.5444392137224107 neg 0.44857977847138236 __DUMMY__ 0.006981007806206984	false	0.5
aufruhr	neg 1.0		off 0.5437701558476082 neg 0.449236147101709 __DUMMY__ 0.006993697050682534	false	0.5
melancholie	neg 1.0		off 0.5376506600877698 neg 0.4553339598767597 __DUMMY__ 0.007015380035470358	false	0.5
ist			off 0.5455868013510736 neg 0.44742590598101756 __DUMMY__ 0.006987292667908851	false	0.0
torheit	neg 1.0		off 0.54558003189774 neg 0.44742590183876874 __DUMMY__ 0.006994066263491336	false	0.5
dreckskind	off 1.0		off 0.5555770401687062 neg 0.43758920427000053 __DUMMY__ 0.006833755561293089	false	1.0
umtauschen	neg 1.0		off 0.5432890993002101 neg 0.4497069459280541 __DUMMY__ 0.0070039547717358815	false	0.5
zum			off 0.541482041536161 neg 0.45135990877000454 __DUMMY__ 0.007158049693834569	false	0.0
zersetzen	neg 1.0		off 0.5393736401627428 neg 0.45358773992108536 __DUMMY__ 0.007038619916171853	false	0.5
zur			off 0.5393018065747779 neg 0.4535741407813977 __DUMMY__ 0.007124052643824424	false	0.0
frust	neg 1.0		off 0.5418097567233133 neg 0.4511688391775736 __DUMMY__ 0.007021404099113173	false	0.5
unerbittlichkeit	neg 1.0		off 0.5423682931175277 neg 0.4505673955097716 __DUMMY__ 0.00706431137270072	false	0.5
zwei			off 0.538105483544856 neg 0.45477687841709835 __DUMMY__ 0.007117638038045722	false	0.0
unkorrekt	neg 1.0		off 0.5500602594034718 neg 0.4430269333784208 __DUMMY__ 0.006912807218107452	false	0.5
hexe	off 1.0		off 0.5450064990655223 neg 0.44809082642704656 __DUMMY__ 0.006902674507431167	false	1.0
lasch	neg 1.0		off 0.5473038569967793 neg 0.44574280440617037 __DUMMY__ 0.006953338597050383	false	0.5
rivale	neg 1.0		off 0.552339220003046 neg 0.44074585397024385 __DUMMY__ 0.006914926026710064	false	0.5
mutlos	off 1.0	off 1.0	off 0.757515048994238 neg 0.2391347352719091 __DUMMY__ 0.0033502157338528614	false	1.0
wirr	off 1.0		off 0.5508463873098747 neg 0.4422734402330798 __DUMMY__ 0.006880172457045516	false	1.0
jahr			off 0.5445051254263116 neg 0.4483803906312835 __DUMMY__ 0.00711448394240494	false	0.0
wird			off 0.5423763574175743 neg 0.45057788301818 __DUMMY__ 0.007045759564245543	false	0.0
strafbar	neg 1.0		off 0.5416803823105278 neg 0.4512630259566263 __DUMMY__ 0.007056591732845698	false	0.5
erosion	neg 1.0		off 0.5451112027058951 neg 0.4478761163740879 __DUMMY__ 0.007012680920016889	false	0.5
eingehen	neg 1.0		off 0.5404813835727379 neg 0.45248262542509327 __DUMMY__ 0.0070359910021688754	false	0.5
faul	off 1.0		off 0.5477104229244569 neg 0.4453334663477422 __DUMMY__ 0.006956110727800862	false	1.0
provisorium	neg 1.0		off 0.5372709631564528 neg 0.4555569034894773 __DUMMY__ 0.007172133354069831	false	0.5
schmerzen	neg 1.0		off 0.5413613623413448 neg 0.45164944696001263 __DUMMY__ 0.006989190698642628	false	0.5
schrumpfen	neg 1.0		off 0.5359439493570883 neg 0.4569837588787525 __DUMMY__ 0.007072291764159069	false	0.5
geistlos	off 1.0		off 0.5457521664617055 neg 0.44729220312563456 __DUMMY__ 0.006955630412659985	false	1.0
fehlkauf	neg 1.0		off 0.5461043862802814 neg 0.44692526045199454 __DUMMY__ 0.006970353267723975	false	0.5
frustrierend	neg 1.0		off 0.5469611109728757 neg 0.44608142068799406 __DUMMY__ 0.006957468339130178	false	0.5
unzufrieden	neg 1.0		off 0.5424188227140759 neg 0.4505483522270529 __DUMMY__ 0.007032825058871088	false	0.5
verzweifeln	neg 1.0		off 0.5435257886486368 neg 0.4494538564745115 __DUMMY__ 0.007020354876851642	false	0.5
verzweifelt	neg 1.0		off 0.5445346589125623 neg 0.44848390614890105 __DUMMY__ 0.006981434938536728	false	0.5
misstrauensantrag	neg 1.0		off 0.5452119200993251 neg 0.44781866859972075 __DUMMY__ 0.006969411300954242	false	0.5
abfallen	neg 1.0		off 0.5433885894452241 neg 0.44962224806209283 __DUMMY__ 0.006989162492683121	false	0.5
fucker	off 1.0		off 0.5515075156106106 neg 0.44157240345001714 __DUMMY__ 0.0069200809393722236	false	1.0
ungezogen	neg 1.0		off 0.5566267490286733 neg 0.43654768420747997 __DUMMY__ 0.006825566763846747	false	0.5
irrsinnig	neg 1.0	neg 1.0	neg 0.70786165256181 off 0.288813103175859 __DUMMY__ 0.0033252442623310477	false	1.0
unfassbar	neg 1.0		off 0.549457169325988 neg 0.44359853924276854 __DUMMY__ 0.006944291431243517	false	0.5
hart	neg 1.0		off 0.5473719977277077 neg 0.4457276522464898 __DUMMY__ 0.006900350025802562	false	0.5
widerlich	off 1.0		off 0.5494745137467479 neg 0.44359492773254533 __DUMMY__ 0.006930558520706632	false	1.0
fatal	neg 1.0	neg 1.0	neg 0.7082678709949776 off 0.28843494107349493 __DUMMY__ 0.0032971879315274897	false	1.0
bruch	neg 1.0		off 0.5387002600287224 neg 0.4542209849633662 __DUMMY__ 0.00707875500791124	false	0.5
aushungern	neg 1.0		off 0.5421955314956388 neg 0.4508007374863791 __DUMMY__ 0.007003731017981939	false	0.5
anspannung	neg 1.0		off 0.5392867706503564 neg 0.4535807493015475 __DUMMY__ 0.007132480048096086	false	0.5
von			off 0.5403126835345777 neg 0.4526179702416962 __DUMMY__ 0.007069346223726188	false	0.0
kraftlos	neg 1.0		off 0.541478406644935 neg 0.45149218416873377 __DUMMY__ 0.0070294091863312294	false	0.5
vom			off 0.5386894058971327 neg 0.4541279389169253 __DUMMY__ 0.007182655185942047	false	0.0
grenzdebil	off 1.0		off 0.5485616241239641 neg 0.4445154533067387 __DUMMY__ 0.006922922569297107	false	1.0
vor			off 0.5394101951047684 neg 0.45350581384340793 __DUMMY__ 0.007083991051823717	false	0.0
unterwerfen	neg 1.0		off 0.5426568718352371 neg 0.4502865618426655 __DUMMY__ 0.007056566322097368	false	0.5
versenkung	neg 1.0		off 0.5422712721131843 neg 0.4506638117200003 __DUMMY__ 0.007064916166815523	false	0.5
entziehen	neg 1.0		off 0.5400165849189292 neg 0.452908751837688 __DUMMY__ 0.0070746632433826935	false	0.5
finanzkrise	neg 1.0		off 0.5385605801570964 neg 0.45451413845311794 __DUMMY__ 0.006925281389785598	false	0.5
schimpfend	neg 1.0		off 0.5460712711086528 neg 0.4469160721758525 __DUMMY__ 0.007012656715494715	false	0.5
profan	neg 1.0		off 0.5453715289626764 neg 0.4476612593545545 __DUMMY__ 0.006967211682769233	false	0.5
korruption	neg 1.0		off 0.5408931286763844 neg 0.45210984824134587 __DUMMY__ 0.006997023082269553	false	0.5
â			off 0.5422758174344445 neg 0.4506856928168085 __DUMMY__ 0.007038489748747002	false	0.0
schmutzig	neg 1.0		off 0.5485078816879854 neg 0.44457265521585104 __DUMMY__ 0.0069194630961637036	false	0.5
sexy	neg 1.0		off 0.548153207347754 neg 0.44487256418560156 __DUMMY__ 0.006974228466644471	false	0.5
abraten	neg 1.0		off 0.5462844924366893 neg 0.4467243872277935 __DUMMY__ 0.006991120335517308	false	0.5
schwarz	neg 1.0		off 0.5466208021615078 neg 0.4463913859485759 __DUMMY__ 0.006987811889916341	false	0.5
fotze	off 1.0	off 1.0	off 0.7584639794476677 neg 0.23818193901586926 __DUMMY__ 0.0033540815364629596	false	1.0
verwirren	neg 1.0		off 0.5462178857416621 neg 0.4468076222677852 __DUMMY__ 0.006974491990552814	false	0.5
zahnlos	off 1.0		off 0.5431694321789546 neg 0.44980813681010934 __DUMMY__ 0.007022431010935925	false	1.0
verheeren	neg 1.0		off 0.5578076132816335 neg 0.4353768617934063 __DUMMY__ 0.006815524924960207	false	0.5
hippie	neg 1.0		off 0.547387109046109 neg 0.4456423826639985 __DUMMY__ 0.00697050828989242	false	0.5
rammen	neg 1.0		off 0.5457462106314414 neg 0.4472446265687594 __DUMMY__ 0.007009162799799365	false	0.5
unlauter	neg 1.0		off 0.5451160521727306 neg 0.4479172241381573 __DUMMY__ 0.006966723689112145	false	0.5
unheilvoll	neg 1.0		off 0.5444498139240539 neg 0.44857172242953647 __DUMMY__ 0.006978463646409556	false	0.5
niedrig	neg 1.0		off 0.5400516472945553 neg 0.4529405947344004 __DUMMY__ 0.007007757971044185	false	0.5
explosion	neg 1.0		off 0.5477234509167663 neg 0.4452997118095093 __DUMMY__ 0.006976837273724547	false	0.5
weichei	off 1.0	off 1.0	off 0.7623764163234433 neg 0.23437703005161678 __DUMMY__ 0.0032465536249399276	false	1.0
minusmensch	off 1.0		off 0.557598366450423 neg 0.4355851465905223 __DUMMY__ 0.006816486959054721	false	1.0
farblos	neg 1.0		off 0.5454350404800157 neg 0.44757473886500043 __DUMMY__ 0.006990220654983951	false	0.5
unwissend	neg 1.0	neg 1.0	neg 0.7063248415339892 off 0.29037601637951893 __DUMMY__ 0.003299142086491888	false	1.0
traurig	neg 1.0		off 0.5514483212758949 neg 0.4416380108660559 __DUMMY__ 0.0069136678580491865	false	0.5
senkung	neg 1.0		off 0.5427244010354216 neg 0.45036454744535315 __DUMMY__ 0.006911051519225241	false	0.5
ungleich	neg 1.0	neg 1.0	neg 0.709581704797261 off 0.2870674569320909 __DUMMY__ 0.003350838270648151	false	1.0
heikel	neg 1.0		off 0.5408661793692379 neg 0.4520799706209956 __DUMMY__ 0.00705385000976659	false	0.5
drosselung	neg 1.0		off 0.5467584133239732 neg 0.44635364265111116 __DUMMY__ 0.006887944024915568	false	0.5
falsch	neg 1.0		off 0.548220259147825 neg 0.4448096901754661 __DUMMY__ 0.006970050676708855	false	0.5
unzufriedenheit	neg 1.0		off 0.5394738148386358 neg 0.45348726458324007 __DUMMY__ 0.007038920578124142	false	0.5
kurz	neg 1.0		off 0.5435991196554737 neg 0.44935540915120614 __DUMMY__ 0.007045471193320137	false	0.5
unsinnig	neg 1.0		off 0.5423512614824038 neg 0.4506512362071421 __DUMMY__ 0.006997502310453948	false	0.5
penner	off 1.0	off 1.0	off 0.7636425880667285 neg 0.23311364622935427 __DUMMY__ 0.003243765703917332	false	1.0
seicht	neg 1.0		off 0.5535229657770351 neg 0.4396780109386008 __DUMMY__ 0.006799023284364156	false	0.5
dummheit	off 1.0	off 1.0	off 0.7593348162479817 neg 0.2373577516213424 __DUMMY__ 0.003307432130675917	false	1.0
unerfreulich	neg 1.0		off 0.5408034433509753 neg 0.45213692079425105 __DUMMY__ 0.007059635854773638	false	0.5
motherfucker	off 1.0	off 1.0	off 0.761983230946496 neg 0.23472975291996 __DUMMY__ 0.003287016133544058	false	1.0
pikiert	neg 1.0		off 0.547649944220238 neg 0.44542148240966745 __DUMMY__ 0.006928573370094601	false	0.5
wrack	neg 1.0		off 0.5472722260814163 neg 0.4456347069612349 __DUMMY__ 0.00709306695734859	false	0.5
gangster	neg 1.0		off 0.5474543228313619 neg 0.4455792402855635 __DUMMY__ 0.006966436883074726	false	0.5
krank	neg 1.0		off 0.5495876016708972 neg 0.4434761185588329 __DUMMY__ 0.006936279770269936	false	0.5
reich	neg 1.0		off 0.5441971565284242 neg 0.448902779989771 __DUMMY__ 0.006900063481804893	false	0.5
gnadenlos	neg 1.0		off 0.5456765716920478 neg 0.44731792021625805 __DUMMY__ 0.007005508091694086	false	0.5
niedergeschlagen	neg 1.0		off 0.5430212238937396 neg 0.44993357244909926 __DUMMY__ 0.007045203657161086	false	0.5
terrorisieren	off 1.0	off 1.0	off 0.7570915721093197 neg 0.23954996729922395 __DUMMY__ 0.0033584605914564456	false	1.0
sinnlosigkeit	neg 1.0		off 0.5428849608247713 neg 0.45008679946083624 __DUMMY__ 0.007028239714392446	false	0.5
behindern	neg 1.0		off 0.5437691921785908 neg 0.4492287806569869 __DUMMY__ 0.007002027164422496	false	0.5
undemokratisch	neg 1.0		off 0.54538756099808 neg 0.44764558484496664 __DUMMY__ 0.006966854156953362	false	0.5
wirtschaftskrise	neg 1.0		off 0.5396991305391166 neg 0.4533147868329141 __DUMMY__ 0.006986082627969388	false	0.5
neid	neg 1.0		off 0.5463453476966327 neg 0.4466971516331994 __DUMMY__ 0.00695750067016789	false	0.5
rutschen	neg 1.0		off 0.5374456227605523 neg 0.4554407350314119 __DUMMY__ 0.007113642208035755	false	0.5
rezession	neg 1.0		off 0.5465168467750884 neg 0.44665173009455134 __DUMMY__ 0.006831423130360302	false	0.5
fehlgeburt	neg 1.0		off 0.5455444022973279 neg 0.4474430079434201 __DUMMY__ 0.007012589759251959	false	0.5
charakterschwach	off 1.0		off 0.5486072132021177 neg 0.4444643473105161 __DUMMY__ 0.006928439487366217	false	1.0
isolation	neg 1.0		off 0.5486069000880663 neg 0.4444161093705312 __DUMMY__ 0.006976990541402275	false	0.5
ablenkung	neg 1.0		off 0.5447034567030582 neg 0.4482760450612503 __DUMMY__ 0.007020498235691497	false	0.5
pech	neg 1.0		off 0.5469448500612286 neg 0.44611128432399016 __DUMMY__ 0.006943865614781173	false	0.5
vermeidung	neg 1.0		off 0.5481619176466543 neg 0.4449235621878575 __DUMMY__ 0.006914520165488086	false	0.5
dominieren	neg 1.0		off 0.543486672554815 neg 0.44948621512504244 __DUMMY__ 0.007027112320142545	false	0.5
schwindlig	neg 1.0		off 0.5450118187686387 neg 0.4480193578363113 __DUMMY__ 0.006968823395050039	false	0.5
lutscher	neg 1.0		off 0.5551826790482063 neg 0.43803535925010767 __DUMMY__ 0.0067819617016859615	false	0.5
pflicht	neg 1.0		off 0.5407151916230286 neg 0.452202258929737 __DUMMY__ 0.0070825494472343455	false	0.5
faschist	off 1.0		off 0.54770206704307 neg 0.44533133002469316 __DUMMY__ 0.0069666029322368655	false	1.0
verschleudern	neg 1.0		off 0.5380185381049758 neg 0.45499051571881555 __DUMMY__ 0.006990946176208712	false	0.5
wenn			off 0.5475331973858759 neg 0.44552255792848217 __DUMMY__ 0.006944244685641961	false	0.0
ehebruch	neg 1.0		off 0.541716653475428 neg 0.45125234017259874 __DUMMY__ 0.0070310063519731635	false	0.5
spott	off 1.0		off 0.5430321236164998 neg 0.44991397675679207 __DUMMY__ 0.007053899626708239	false	1.0
trostlosigkeit	neg 1.0		off 0.538509449400798 neg 0.4544412732986725 __DUMMY__ 0.007049277300529362	false	0.5
lutschen	neg 1.0		off 0.5487574147607933 neg 0.44427293561243303 __DUMMY__ 0.006969649626773789	false	0.5
undiszipliniert	neg 1.0		off 0.5503344666798741 neg 0.44275303918887693 __DUMMY__ 0.006912494131248923	false	0.5
kopfschmerz	neg 1.0		off 0.5383906250895989 neg 0.454619976556658 __DUMMY__ 0.006989398353743244	false	0.5
unvorhergesehen	neg 1.0		off 0.5407756789019007 neg 0.4521482204206868 __DUMMY__ 0.007076100677412481	false	0.5
desinteressiert	neg 1.0		off 0.5496699948962389 neg 0.443412693300805 __DUMMY__ 0.006917311802956093	false	0.5
armselig	off 1.0		off 0.5519679855020989 neg 0.44113050842690466 __DUMMY__ 0.006901506070996411	false	1.0
desaster	neg 1.0		off 0.5383238282475522 neg 0.45461624432055897 __DUMMY__ 0.007059927431888615	false	0.5
tod	neg 1.0		off 0.5419419757888015 neg 0.45100762119485605 __DUMMY__ 0.00705040301634234	false	0.5
herzlos	neg 1.0		off 0.5510624493174292 neg 0.4420376035494735 __DUMMY__ 0.006899947133097308	false	0.5
unwissenheit	neg 1.0		off 0.5424607775786622 neg 0.4505104846944314 __DUMMY__ 0.007028737726906425	false	0.5
widersinnig	neg 1.0		off 0.5413686315049733 neg 0.4516511156428992 __DUMMY__ 0.006980252852127516	false	0.5
bedenklich	neg 1.0		off 0.5411505728858199 neg 0.4518202990051479 __DUMMY__ 0.007029128109032154	false	0.5
beanstanden	neg 1.0		off 0.5418796445852605 neg 0.45103549357411066 __DUMMY__ 0.007084861840628843	false	0.5
panisch	neg 1.0		off 0.5461852716840793 neg 0.4468232576808927 __DUMMY__ 0.006991470635027961	false	0.5
debil	off 1.0		off 0.5366984706547099 neg 0.45615662758960934 __DUMMY__ 0.0071449017556807605	false	1.0
abstrich	neg 1.0		off 0.5436182494369572 neg 0.4493614659777753 __DUMMY__ 0.007020284585267475	false	0.5
primitiv	neg 1.0		off 0.5502255234712075 neg 0.4428516289576061 __DUMMY__ 0.006922847571186507	false	0.5
abschaum	off 1.0	off 1.0	off 0.7616994750782459 neg 0.23499091927677646 __DUMMY__ 0.003309605644977766	false	1.0
provozieren	neg 1.0		off 0.5446496135230724 neg 0.44836093866913457 __DUMMY__ 0.006989447807792917	false	0.5
tot	neg 1.0		off 0.5431658065472718 neg 0.44980414797660523 __DUMMY__ 0.007030045476123063	false	0.5
instabil	neg 1.0		off 0.5503229063127265 neg 0.4428088288000731 __DUMMY__ 0.006868264887200322	false	0.5
schwuchtel	off 1.0	off 1.0	off 0.766917592947119 neg 0.22987978627934708 __DUMMY__ 0.003202620773533965	false	1.0
zerren	neg 1.0		off 0.5427684263099798 neg 0.4501878808366522 __DUMMY__ 0.007043692853368189	false	0.5
kinderficker	off 1.0		off 0.5536205643269307 neg 0.43950805033214696 __DUMMY__ 0.006871385340922306	false	1.0
gefahr	neg 1.0		off 0.5410203819511268 neg 0.4519039663203137 __DUMMY__ 0.007075651728559611	false	0.5
rabiat	neg 1.0		off 0.5426061375977758 neg 0.4503943477695317 __DUMMY__ 0.006999514632692536	false	0.5
verlangsamung	neg 1.0		off 0.5535897742964662 neg 0.43957925358998357 __DUMMY__ 0.0068309721135503465	false	0.5
ausgestorben	neg 1.0		off 0.5439055290526786 neg 0.44906657462507577 __DUMMY__ 0.00702789632224562	false	0.5
anklagen	neg 1.0		off 0.5433201114824956 neg 0.4496557239412869 __DUMMY__ 0.007024164576217562	false	0.5
trott	neg 1.0		off 0.5445625352581295 neg 0.4484275275430973 __DUMMY__ 0.007009937198773196	false	0.5
verminderung	neg 1.0		off 0.5482122131630865 neg 0.4448739618307778 __DUMMY__ 0.006913825006135711	false	0.5
nach			off 0.5379375920484939 neg 0.4549139583104763 __DUMMY__ 0.007148449641029865	false	0.0
rost	neg 1.0		off 0.5583362298242822 neg 0.43479244474890016 __DUMMY__ 0.006871325426817504	false	0.5
destruktiv	neg 1.0		off 0.5435565385477429 neg 0.4494463638533544 __DUMMY__ 0.006997097598902739	false	0.5
unzumutbarkeit	neg 1.0		off 0.550337165810023 neg 0.44271707250740594 __DUMMY__ 0.006945761682570984	false	0.5
labil	off 1.0	off 1.0	off 0.7607006843649432 neg 0.23599604593318138 __DUMMY__ 0.003303269701875513	false	1.0
ziemlich	neg 1.0		off 0.5495939159582444 neg 0.4434533510492968 __DUMMY__ 0.006952732992458842	false	0.5
lachnummer	off 1.0		off 0.5452461684521931 neg 0.4477440901791211 __DUMMY__ 0.007009741368685801	false	1.0
oder			off 0.5453123042384711 neg 0.4476766636296875 __DUMMY__ 0.007011032131841278	false	0.0
verfall	neg 1.0		off 0.5365450611638898 neg 0.4563769173435573 __DUMMY__ 0.007078021492552734	false	0.5
ausgrenzung	neg 1.0		off 0.5452485247315544 neg 0.44778534214134613 __DUMMY__ 0.006966133127099374	false	0.5
unordnung	neg 1.0		off 0.5533054653783835 neg 0.43979523362966555 __DUMMY__ 0.006899300991950897	false	0.5
fehlverhalten	neg 1.0		off 0.5414064274167496 neg 0.45154028073591157 __DUMMY__ 0.007053291847338818	false	0.5
eine			off 0.5389831980898303 neg 0.4539519851716318 __DUMMY__ 0.007064816738537716	false	0.0
nille	neg 1.0		off 0.5456835949865916 neg 0.44729831737433956 __DUMMY__ 0.007018087639068796	false	0.5
qual	neg 1.0		off 0.5440742283964995 neg 0.4489156203178119 __DUMMY__ 0.007010151285688446	false	0.5
verschwenden	neg 1.0		off 0.5394590390177108 neg 0.45351128923682127 __DUMMY__ 0.007029671745468099	false	0.5
riesig	neg 1.0		off 0.5425645740536135 neg 0.4503739886021748 __DUMMY__ 0.007061437344211699	false	0.5
verurteilen	neg 1.0		off 0.5429185691943638 neg 0.45005574238543394 __DUMMY__ 0.00702568842020225	false	0.5
klischee	neg 1.0	neg 1.0	neg 0.7070813350070623 off 0.2896185488403955 __DUMMY__ 0.003300116152542119	false	1.0
diktatorisch	neg 1.0		off 0.5456722796867127 neg 0.4473596735412498 __DUMMY__ 0.006968046772037658	false	0.5
vorhersehbar	neg 1.0		off 0.5458645111885283 neg 0.44717904356347804 __DUMMY__ 0.006956445247993587	false	0.5
sowie			off 0.5515792581237373 neg 0.44156582302404757 __DUMMY__ 0.006854918852215128	false	0.0
stornieren	neg 1.0		off 0.5504046943203739 neg 0.44256548071753954 __DUMMY__ 0.007029824962086679	false	0.5
besteuerung	neg 1.0	neg 1.0	neg 0.7096365989857275 off 0.28706682536608413 __DUMMY__ 0.0032965756481883875	false	1.0
ungeschminkt	neg 1.0		off 0.5504768223302441 neg 0.4426014603126194 __DUMMY__ 0.006921717357136529	false	0.5
kritisch	neg 1.0		off 0.5426035911430755 neg 0.4503639332208317 __DUMMY__ 0.007032475636092688	false	0.5
schlamperei	off 1.0		off 0.5416764916702747 neg 0.45127744347669396 __DUMMY__ 0.007046064853031483	false	1.0
sucht	neg 1.0	neg 1.0	neg 0.7063565165144742 off 0.290302550110772 __DUMMY__ 0.0033409333747538884	false	1.0
egoistisch	off 1.0	off 1.0	off 0.7637575176402285 neg 0.2329721765843048 __DUMMY__ 0.0032703057754666968	false	1.0
ausbeuter	off 1.0		off 0.5391052012262342 neg 0.453870968634277 __DUMMY__ 0.0070238301394888805	false	1.0
arschgeburt	off 1.0		off 0.5593874962064646 neg 0.43385983381255505 __DUMMY__ 0.006752669980980552	false	1.0
schubs	neg 1.0		off 0.5400744867556073 neg 0.4529180854805784 __DUMMY__ 0.007007427763814196	false	0.5
unsolide	neg 1.0		off 0.5463220348115412 neg 0.4467112045217491 __DUMMY__ 0.006966760666709746	false	0.5
beschwerde	neg 1.0		off 0.54332650928293 neg 0.44963915865082066 __DUMMY__ 0.0070343320662492655	false	0.5
stocken	neg 1.0		off 0.5418769897960399 neg 0.45108572052246576 __DUMMY__ 0.007037289681494316	false	0.5
isolieren	neg 1.0		off 0.5414551520948135 neg 0.451537708509797 __DUMMY__ 0.007007139395389291	false	0.5
unheilbar	neg 1.0		off 0.5439900664226515 neg 0.44901130090771213 __DUMMY__ 0.006998632669636428	false	0.5
pisser	off 1.0	off 1.0	off 0.763149568317216 neg 0.23355895833953869 __DUMMY__ 0.0032914733432453745	false	1.0
löschen	neg 1.0		off 0.5450813886241392 neg 0.44791587749613665 __DUMMY__ 0.007002733879724085	false	0.5
durchfallen	neg 1.0		off 0.5426133995893594 neg 0.4503499882178346 __DUMMY__ 0.007036612192805943	false	0.5
wichser	off 1.0	off 1.0	off 0.7650361292110992 neg 0.23173805030017836 __DUMMY__ 0.0032258204887223333	false	1.0
terror	neg 1.0		off 0.5473431210252182 neg 0.4456838765282666 __DUMMY__ 0.006973002446515206	false	0.5
krass	neg 1.0		off 0.5526725623114054 neg 0.4404453995145737 __DUMMY__ 0.006882038174020936	false	0.5
revolte	neg 1.0		off 0.5447735851807946 neg 0.44830401305646617 __DUMMY__ 0.006922401762739294	false	0.5
besorgt	neg 1.0		off 0.5440182983195397 neg 0.44893257753984 __DUMMY__ 0.007049124140620246	false	0.5
nachlassen	neg 1.0		off 0.5430362323073848 neg 0.44990880835674735 __DUMMY__ 0.00705495933586788	false	0.5
alt	neg 1.0		off 0.5372424373190007 neg 0.45578534223350103 __DUMMY__ 0.0069722204474982515	false	0.5
hundesohn	off 1.0	off 1.0	off 0.7650514339105925 neg 0.23171062344905718 __DUMMY__ 0.0032379426403503007	false	1.0
als			off 0.5417724827199751 neg 0.45121263128174116 __DUMMY__ 0.007014885998283656	false	0.0
abschreckung	neg 1.0		off 0.5400071425218393 neg 0.4529420340540043 __DUMMY__ 0.007050823424156239	false	0.5
unqualifiziert	neg 1.0		off 0.5481542867550583 neg 0.4448862992930421 __DUMMY__ 0.006959413951899473	false	0.5
abgewichst	off 1.0		off 0.5448966250733176 neg 0.4480815551865661 __DUMMY__ 0.00702181974011624	false	1.0
schwer	neg 1.0		off 0.5431728209662937 neg 0.4498231774922754 __DUMMY__ 0.007004001541430914	false	0.5
bedeutungslosigkeit	neg 1.0		off 0.5406988676644935 neg 0.4522513047517896 __DUMMY__ 0.007049827583716912	false	0.5
kapitulation	neg 1.0		off 0.5409169503002087 neg 0.45207106832094557 __DUMMY__ 0.00701198137884575	false	0.5
unscharf	neg 1.0		off 0.5426027638683367 neg 0.4504731472782481 __DUMMY__ 0.006924088853415187	false	0.5
schwinden	neg 1.0		off 0.5393921437311934 neg 0.4535805243101624 __DUMMY__ 0.007027331958644267	false	0.5
versklavung	neg 1.0	neg 1.0	neg 0.7080641158121407 off 0.28862413574882434 __DUMMY__ 0.003311748439034916	false	1.0
schlecht	neg 1.0		off 0.5499746537554703 neg 0.4430693665066178 __DUMMY__ 0.006955979737911923	false	0.5
verhasst	neg 1.0		off 0.5452112305313966 neg 0.44780701634058995 __DUMMY__ 0.006981753128013517	false	0.5
beschweren	neg 1.0		off 0.5467174849818331 neg 0.4462840501752937 __DUMMY__ 0.006998464842873305	false	0.5
scheiden	neg 1.0		off 0.5433405688244586 neg 0.4496712649266898 __DUMMY__ 0.006988166248851623	false	0.5
frustriert	neg 1.0		off 0.5433901881652948 neg 0.449584518493549 __DUMMY__ 0.00702529334115618	false	0.5
schimmelig	neg 1.0		off 0.5399450064180604 neg 0.45305464260238376 __DUMMY__ 0.00700035097955581	false	0.5
fisch	neg 1.0		off 0.5357956367163803 neg 0.4571937415345861 __DUMMY__ 0.00701062174903361	false	0.5
schmuggel	neg 1.0		off 0.5410316292272999 neg 0.45187880364461275 __DUMMY__ 0.007089567128087346	false	0.5
auffallen	neg 1.0		off 0.5460910930456997 neg 0.4469304328230799 __DUMMY__ 0.006978474131220269	false	0.5
konkurrenz	neg 1.0		off 0.5411082899920198 neg 0.45182433715689724 __DUMMY__ 0.007067372851083176	false	0.5
teufelskreis	neg 1.0	neg 1.0	neg 0.7097800302106914 off 0.2869016996809343 __DUMMY__ 0.0033182701083742877	false	1.0
aufschreien	neg 1.0		off 0.5458757719962449 neg 0.4471643007527789 __DUMMY__ 0.006959927250976109	false	0.5
schuldner	neg 1.0		off 0.5379176072740351 neg 0.45507364701829184 __DUMMY__ 0.007008745707673059	false	0.5
missgeburt	off 1.0	off 1.0	off 0.7658117595855015 neg 0.23091992882599208 __DUMMY__ 0.003268311588506495	false	1.0
arbeitslos	neg 1.0		off 0.5423525439729657 neg 0.4506123380912951 __DUMMY__ 0.0070351179357392435	false	0.5
befallen	neg 1.0		off 0.5407024262316987 neg 0.4523266918515631 __DUMMY__ 0.0069708819167382	false	0.5
miesepetrig	off 1.0	off 1.0	off 0.7604934094219082 neg 0.23620730445541474 __DUMMY__ 0.0032992861226770185	false	1.0
alarmieren	neg 1.0		off 0.5487976014517528 neg 0.44424381017900255 __DUMMY__ 0.006958588369244465	false	0.5
ungeduscht	off 1.0		off 0.5472286356687833 neg 0.44583015037969187 __DUMMY__ 0.006941213951524843	false	1.0
knappheit	neg 1.0		off 0.5401456237972968 neg 0.45286366892057756 __DUMMY__ 0.006990707282125587	false	0.5
schlange	neg 1.0		off 0.54455624411415 neg 0.44844161716871517 __DUMMY__ 0.007002138717134775	false	0.5
harsch	neg 1.0		off 0.554862937929557 neg 0.43820768340827915 __DUMMY__ 0.0069293786621637795	false	0.5
lang	neg 1.0		off 0.5458048650544789 neg 0.44719863022376616 __DUMMY__ 0.006996504721754824	false	0.5
ziellos	neg 1.0		off 0.5414383076035256 neg 0.4515037480041629 __DUMMY__ 0.007057944392311364	false	0.5
selbstverliebt	neg 1.0		off 0.5584635257829672 neg 0.43473028732480823 __DUMMY__ 0.006806186892224707	false	0.5
beseitigen	neg 1.0		off 0.5463453511568956 neg 0.446618218593974 __DUMMY__ 0.007036430249130352	false	0.5
dumm	off 1.0		off 0.554030548848023 neg 0.43911248865485675 __DUMMY__ 0.0068569624971201535	false	1.0
arbeitsloser	neg 1.0		off 0.5452751798240902 neg 0.44764764927352885 __DUMMY__ 0.007077170902380825	false	0.5
blitzen	neg 1.0		off 0.5478743155270841 neg 0.4451621651264747 __DUMMY__ 0.0069635193464413	false	0.5
hilflos	neg 1.0		off 0.5421493197010582 neg 0.45082134484355313 __DUMMY__ 0.007029335455388697	false	0.5
eklig	off 1.0		off 0.5529597804284356 neg 0.4402108635872989 __DUMMY__ 0.0068293559842654734	false	1.0
begriff			off 0.5441407068014812 neg 0.44884662529369584 __DUMMY__ 0.007012667904822894	false	0.0
hungersnot	neg 1.0		off 0.5405772491280836 neg 0.4524267187003337 __DUMMY__ 0.006996032171582596	false	0.5
ungesetzlich	neg 1.0		off 0.5451013869551604 neg 0.44793763767631595 __DUMMY__ 0.006960975368523676	false	0.5
verschwendung	neg 1.0		off 0.5404438417240411 neg 0.45250969862421353 __DUMMY__ 0.007046459651745276	false	0.5
schmerzvoll	neg 1.0		off 0.5445481954409307 neg 0.44847704438466446 __DUMMY__ 0.006974760174405047	false	0.5
vorzeitig	neg 1.0		off 0.5506008692537384 neg 0.44242324417996753 __DUMMY__ 0.006975886566294042	false	0.5
unvollkommenheit	neg 1.0		off 0.5438459014634713 neg 0.4491245068730438 __DUMMY__ 0.007029591663484742	false	0.5
intervenieren	neg 1.0		off 0.5395283347487824 neg 0.4534558392992601 __DUMMY__ 0.007015825951957386	false	0.5
banause	off 1.0		off 0.5523132254604166 neg 0.4409035915689694 __DUMMY__ 0.006783182970613909	false	1.0
rebell	neg 1.0		off 0.5358320716661811 neg 0.457113360528545 __DUMMY__ 0.007054567805273913	false	0.5
unlogisch	neg 1.0		off 0.5509004080626977 neg 0.44219095374132705 __DUMMY__ 0.006908638195975362	false	0.5
leiden	neg 1.0		off 0.5422446625007138 neg 0.45065743585731227 __DUMMY__ 0.007097901641973825	false	0.5
abschaffung	neg 1.0		off 0.5439147305695254 neg 0.44911535401475866 __DUMMY__ 0.0069699154157157805	false	0.5
sturz	neg 1.0		off 0.5497297289558507 neg 0.4432344853353744 __DUMMY__ 0.007035785708774724	false	0.5
verkleinerung	neg 1.0		off 0.5449813019193931 neg 0.44810645031191837 __DUMMY__ 0.006912247768688573	false	0.5
schmarotzer	off 1.0		off 0.542564903222284 neg 0.45041795052245387 __DUMMY__ 0.007017146255262123	false	1.0
bestrafung	neg 1.0	neg 1.0	neg 0.7074887919721061 off 0.28917573276907854 __DUMMY__ 0.003335475258815439	false	1.0
achtlos	neg 1.0		off 0.5431111429382839 neg 0.44986795377464467 __DUMMY__ 0.007020903287071439	false	0.5
ungeheuer	neg 1.0		off 0.5426374901242728 neg 0.45039391049179106 __DUMMY__ 0.006968599383936262	false	0.5
