unsolidarisch	neg 1.0		__DUMMY__ 0.46055831604590225 off 0.29543227859363314 neg 0.24400940536046456	false	0.5
nachteilig	neg 1.0		__DUMMY__ 0.466529656246377 off 0.2918930252460293 neg 0.24157731850759379	false	0.5
skeptisch	neg 1.0		__DUMMY__ 0.46607798367391534 off 0.28999154310531217 neg 0.2439304732207725	false	0.5
schrecklich	neg 1.0		__DUMMY__ 0.4566323002347785 off 0.30496175584394514 neg 0.2384059439212764	false	0.5
schlapp	neg 1.0	neg 1.0	neg 0.6068774107301088 __DUMMY__ 0.22238466420105157 off 0.17073792506883953	false	1.0
abfall	neg 1.0		__DUMMY__ 0.46867608930608584 off 0.286799688777689 neg 0.2445242219162252	false	0.5
widerspenstig	neg 1.0		__DUMMY__ 0.4617637745927682 off 0.2936864246070754 neg 0.24454980080015645	false	0.5
abrupt	neg 1.0		__DUMMY__ 0.4647403535348478 off 0.2886557532741958 neg 0.2466038931909564	false	0.5
unwirksam	neg 1.0		__DUMMY__ 0.4580562398658091 off 0.2936944619380549 neg 0.24824929819613598	false	0.5
angreifen	neg 1.0		__DUMMY__ 0.4662174666913999 off 0.28922064252185364 neg 0.24456189078674634	false	0.5
inkonsistent	neg 1.0		__DUMMY__ 0.45967246646604526 off 0.29740057220024546 neg 0.24292696133370936	false	0.5
abrutschen	neg 1.0		__DUMMY__ 0.4681579843154458 off 0.2861223133847784 neg 0.24571970229977577	false	0.5
unsicher	neg 1.0		__DUMMY__ 0.4635425589114874 off 0.29509588027493955 neg 0.24136156081357313	false	0.5
bauernkind	off 1.0	off 1.0	off 0.6435980917686239 __DUMMY__ 0.21843088273756966 neg 0.1379710254938064	false	1.0
angreifer	neg 1.0		__DUMMY__ 0.463239511966914 off 0.3005151983179906 neg 0.23624528971509554	false	0.5
trennen	neg 1.0		__DUMMY__ 0.4669086849216478 off 0.28913342506425055 neg 0.24395789001410173	false	0.5
schmutz	neg 1.0		__DUMMY__ 0.46435112922240745 off 0.29982327373628703 neg 0.2358255970413055	false	0.5
inkonsistenz	neg 1.0		__DUMMY__ 0.4597642127578985 off 0.3006303948645922 neg 0.23960539237750939	false	0.5
erschreckend	neg 1.0		__DUMMY__ 0.4632423976809494 off 0.29416027853529664 neg 0.24259732378375415	false	0.5
ertrinken	neg 1.0		__DUMMY__ 0.46541790499130054 off 0.28817222045275176 neg 0.24640987455594762	false	0.5
pickelface	off 1.0		__DUMMY__ 0.46316746830487604 off 0.2960399556999847 neg 0.24079257599513923	false	1.0
seiner			__DUMMY__ 0.46661364679014156 off 0.28989269658153133 neg 0.24349365662832698	false	0.0
lauch	neg 1.0	neg 1.0	neg 0.6090544675101169 __DUMMY__ 0.22782953810676138 off 0.16311599438312183	false	1.0
unwichtig	neg 1.0		__DUMMY__ 0.4594679589464128 off 0.30040154021229903 neg 0.24013050084128829	false	0.5
steuerhinterziehung	neg 1.0		__DUMMY__ 0.46212509039174765 off 0.2938680785970666 neg 0.24400683101118584	false	0.5
schock	neg 1.0		__DUMMY__ 0.46376021376539167 off 0.2930124634696831 neg 0.24322732276492534	false	0.5
beule	neg 1.0		__DUMMY__ 0.4568190043253104 off 0.3024088571826314 neg 0.24077213849205817	false	0.5
vergelten	neg 1.0		__DUMMY__ 0.4573991737148845 off 0.30677072483215534 neg 0.23583010145296027	false	0.5
verdorbenheit	neg 1.0		__DUMMY__ 0.46246194872538543 off 0.2964692855293566 neg 0.24106876574525812	false	0.5
trauma	neg 1.0		__DUMMY__ 0.46135773740346153 off 0.29638141592073003 neg 0.2422608466758085	false	0.5
sinnlos	neg 1.0		__DUMMY__ 0.4615408579725005 off 0.2972002493598684 neg 0.24125889266763112	false	0.5
fettsack	off 1.0	off 1.0	off 0.6448840594105129 __DUMMY__ 0.2189106644594145 neg 0.13620527613007266	false	1.0
feige	off 1.0	off 1.0	off 0.6412141822090134 __DUMMY__ 0.22196232370708519 neg 0.1368234940839014	false	1.0
abdanken	neg 1.0		__DUMMY__ 0.46359962057170373 off 0.2949065372804417 neg 0.24149384214785455	false	0.5
wichtigtuer	off 1.0	off 1.0	off 0.6393966968419044 __DUMMY__ 0.22374204906741899 neg 0.1368612540906766	false	1.0
misslingen	neg 1.0		__DUMMY__ 0.46518676635706296 off 0.29821183286102804 neg 0.23660140078190905	false	0.5
untreu	off 1.0		__DUMMY__ 0.458046996703555 off 0.30141870342125404 neg 0.24053429987519098	false	1.0
missmutig	neg 1.0		__DUMMY__ 0.4592107182225014 off 0.29841889942137395 neg 0.24237038235612463	false	0.5
hurenbock	off 1.0		__DUMMY__ 0.45986149221319 off 0.29419884155563647 neg 0.24593966623117344	false	1.0
betrunken	neg 1.0		__DUMMY__ 0.45662621042487445 off 0.30339937381998594 neg 0.23997441575513967	false	0.5
korrupt	off 1.0		__DUMMY__ 0.46169172589362173 off 0.29300591189391983 neg 0.24530236221245838	false	1.0
unmut	neg 1.0		__DUMMY__ 0.46722001793019946 off 0.2880293593867257 neg 0.24475062268307496	false	0.5
hackfresse	off 1.0		__DUMMY__ 0.4530538861767556 off 0.3096921850834218 neg 0.23725392873982257	false	1.0
aufblasen	neg 1.0		__DUMMY__ 0.46170745903844423 off 0.29487761153592046 neg 0.24341492942563528	false	0.5
gewaltsam	neg 1.0		__DUMMY__ 0.4645367267852532 off 0.29544273778496166 neg 0.24002053542978505	false	0.5
unbeliebtheit	neg 1.0		__DUMMY__ 0.4591462379168139 off 0.30217953101230793 neg 0.2386742310708781	false	0.5
sturheit	neg 1.0		__DUMMY__ 0.46452691708682076 off 0.2946928853175957 neg 0.24078019759558367	false	0.5
kuh	neg 1.0		__DUMMY__ 0.4554000445339055 off 0.2961146592609212 neg 0.2484852962051734	false	0.5
erschrecken	neg 1.0		__DUMMY__ 0.4599761330766851 off 0.29932202137871705 neg 0.24070184554459798	false	0.5
opfer	neg 1.0		__DUMMY__ 0.46657156480065703 off 0.2920763037270384 neg 0.2413521314723046	false	0.5
sinken	neg 1.0		__DUMMY__ 0.46535788771348446 off 0.287868301924983 neg 0.24677381036153256	false	0.5
stinktier	neg 1.0		__DUMMY__ 0.4515909400846224 off 0.30594650018890446 neg 0.24246255972647326	false	0.5
tucke	off 1.0		__DUMMY__ 0.44910246071762067 off 0.31085391526774486 neg 0.24004362401463453	false	1.0
ein			__DUMMY__ 0.46082288282976885 off 0.2927608661347896 neg 0.24641625103544146	false	0.0
abstieg	neg 1.0		__DUMMY__ 0.4673655806455874 off 0.29420604295976177 neg 0.2384283763946508	false	0.5
missverstehen	neg 1.0		__DUMMY__ 0.46082736558151804 off 0.29815033954530157 neg 0.24102229487318036	false	0.5
ergebnislos	neg 1.0		__DUMMY__ 0.46730328877030775 off 0.29210769298465217 neg 0.24058901824504	false	0.5
unter			__DUMMY__ 0.47257249125159556 off 0.2828073655777558 neg 0.24462014317064848	false	0.0
manipulieren	neg 1.0		__DUMMY__ 0.46620870952040444 off 0.29056415552270604 neg 0.24322713495688955	false	0.5
unbewiesen	neg 1.0		__DUMMY__ 0.46139181032017257 off 0.2961643005471603 neg 0.2424438891326673	false	0.5
verschleppen	neg 1.0		__DUMMY__ 0.46406461485820244 off 0.29195534307967813 neg 0.24398004206211937	false	0.5
weib	off 1.0		__DUMMY__ 0.45098397722891664 off 0.3118466120027257 neg 0.23716941076835757	false	1.0
opposition	neg 1.0		__DUMMY__ 0.4602243868014 off 0.29622925431148306 neg 0.24354635888711698	false	0.5
verkehrswidrig	neg 1.0		__DUMMY__ 0.4588337914481513 off 0.3082417515400392 neg 0.23292445701180958	false	0.5
inkorrekt	neg 1.0		__DUMMY__ 0.45653191229229995 off 0.304757061739833 neg 0.23871102596786706	false	0.5
vermeiden	neg 1.0		__DUMMY__ 0.46966542065615935 off 0.28620702294613054 neg 0.24412755639771014	false	0.5
abweichung	neg 1.0		__DUMMY__ 0.4649375064524522 off 0.292882642744087 neg 0.2421798508034607	false	0.5
alkoholisiert	neg 1.0		__DUMMY__ 0.46904412049634475 off 0.2910032104323665 neg 0.23995266907128876	false	0.5
scheiss	off 1.0	off 1.0	off 0.6420335467425466 __DUMMY__ 0.22126438101592444 neg 0.136702072241529	false	1.0
herausforderung	neg 1.0		__DUMMY__ 0.46461007598339454 off 0.29232253000373587 neg 0.2430673940128696	false	0.5
pervers	off 1.0		__DUMMY__ 0.4497768994606918 off 0.31451995974131003 neg 0.235703140797998	false	1.0
wackelig	neg 1.0		__DUMMY__ 0.4646446898341868 off 0.29209297751089214 neg 0.24326233265492103	false	0.5
verwickeln	neg 1.0		__DUMMY__ 0.46107734090843505 off 0.2969788376159737 neg 0.24194382147559124	false	0.5
vorwand	neg 1.0		__DUMMY__ 0.4666616985784077 off 0.28890836014183485 neg 0.24442994127975737	false	0.5
muschi	off 1.0		__DUMMY__ 0.4645906023704679 off 0.29522221957632516 neg 0.24018717805320688	false	1.0
entmutigung	neg 1.0		__DUMMY__ 0.45805870685827116 off 0.29644091061364103 neg 0.24550038252808776	false	0.5
unangemessen	neg 1.0		__DUMMY__ 0.463896834430013 off 0.2939411166508742 neg 0.2421620489191129	false	0.5
unstetig	neg 1.0		__DUMMY__ 0.4606912072322273 off 0.2998726011511234 neg 0.2394361916166492	false	0.5
entmutigen	neg 1.0		__DUMMY__ 0.4617247601330128 off 0.29580902129368775 neg 0.24246621857329953	false	0.5
schwanz	neg 1.0		__DUMMY__ 0.46524952258083496 off 0.29263649046744833 neg 0.24211398695171676	false	0.5
verbot	neg 1.0		__DUMMY__ 0.4627665475821868 off 0.2930446847256714 neg 0.24418876769214173	false	0.5
leid	neg 1.0		__DUMMY__ 0.4552538871111075 off 0.30665915027474455 neg 0.23808696261414783	false	0.5
archaisch	neg 1.0		__DUMMY__ 0.4635539633370176 off 0.2933818990649859 neg 0.24306413759799644	false	0.5
gegen			__DUMMY__ 0.4681701204250917 off 0.2891118617297151 neg 0.24271801784519317	false	0.0
scheidung	neg 1.0		__DUMMY__ 0.4506838783600996 off 0.31951463283301396 neg 0.22980148880688656	false	0.5
einschlag	neg 1.0		__DUMMY__ 0.4592299048225626 off 0.3067050697011327 neg 0.2340650254763046	false	0.5
m			__DUMMY__ 0.4644805465138491 off 0.292808032344716 neg 0.24271142114143482	false	0.0
abgestanden	neg 1.0		__DUMMY__ 0.4573677672214098 off 0.29256630245728626 neg 0.250065930321304	false	0.5
schmierig	off 1.0		__DUMMY__ 0.45458926000196653 off 0.30581915831112716 neg 0.23959158168690647	false	1.0
unpraktisch	neg 1.0		__DUMMY__ 0.4621609642589373 off 0.2966194901311428 neg 0.2412195456099199	false	0.5
wixxer	off 1.0		__DUMMY__ 0.4485431803648306 off 0.3144641133565943 neg 0.23699270627857513	false	1.0
bezeichnet			__DUMMY__ 0.46329034823761345 off 0.2957199903228076 neg 0.240989661439579	false	0.0
jammerlappen	off 1.0		__DUMMY__ 0.4590035430657573 off 0.30052086486619584 neg 0.24047559206804694	false	1.0
farce	neg 1.0		__DUMMY__ 0.4614059031634782 off 0.2946652768682496 neg 0.2439288199682723	false	0.5
zwecklos	neg 1.0		__DUMMY__ 0.463799497362624 off 0.2925199424914354 neg 0.24368056014594064	false	0.5
turbulent	neg 1.0		__DUMMY__ 0.4569503133615809 off 0.3026498498293458 neg 0.24039983680907334	false	0.5
invasion	neg 1.0		__DUMMY__ 0.4608406563660789 off 0.2978960953819255 neg 0.24126324825199555	false	0.5
schuld	neg 1.0		__DUMMY__ 0.4619784995051772 off 0.29641877973459474 neg 0.24160272076022793	false	0.5
risiko	neg 1.0		__DUMMY__ 0.4596264584265512 off 0.2966207123085478 neg 0.243752829264901	false	0.5
finster	neg 1.0		__DUMMY__ 0.4605193479067936 off 0.2934067468123415 neg 0.24607390528086479	false	0.5
geisteskrank	off 1.0		__DUMMY__ 0.4573780620755589 off 0.30339414141678434 neg 0.23922779650765674	false	1.0
zusammenbrechen	neg 1.0		__DUMMY__ 0.4633513377477978 off 0.29249716892821065 neg 0.24415149332399136	false	0.5
ausbeute	neg 1.0		__DUMMY__ 0.4650152285859033 off 0.294398961711065 neg 0.24058580970303164	false	0.5
hinterhalt	neg 1.0		__DUMMY__ 0.4640432299485743 off 0.293712683495483 neg 0.24224408655594273	false	0.5
kritik	neg 1.0		__DUMMY__ 0.4615998850861261 off 0.2943809818074697 neg 0.24401913310640416	false	0.5
einschrumpfen	neg 1.0		__DUMMY__ 0.45792730966656436 off 0.30043436484871605 neg 0.24163832548471964	false	0.5
riskant	neg 1.0		__DUMMY__ 0.4655399463072654 off 0.29004711991951737 neg 0.24441293377321727	false	0.5
frustrieren	neg 1.0		__DUMMY__ 0.46456833883199383 off 0.2908432769581807 neg 0.24458838420982548	false	0.5
groll	neg 1.0		__DUMMY__ 0.46474395978444255 off 0.29327484161579076 neg 0.2419811985997666	false	0.5
gibt			__DUMMY__ 0.46450001654101575 off 0.2924533978714222 neg 0.24304658558756193	false	0.0
qualvoll	neg 1.0		__DUMMY__ 0.4606509947238336 off 0.2969549397543306 neg 0.24239406552183576	false	0.5
wackeln	neg 1.0		__DUMMY__ 0.46240073177629076 off 0.2944096754682699 neg 0.24318959275543933	false	0.5
klagen	neg 1.0		__DUMMY__ 0.4659541755753743 off 0.2889098884588284 neg 0.24513593596579739	false	0.5
bankrott	neg 1.0		__DUMMY__ 0.46049089136288235 off 0.3004613977769344 neg 0.23904771086018328	false	0.5
trauern	neg 1.0		__DUMMY__ 0.4684257483028098 off 0.2915147831331063 neg 0.24005946856408392	false	0.5
ablehnung	neg 1.0		__DUMMY__ 0.4621503964854907 off 0.29375635168390335 neg 0.24409325183060596	false	0.5
stur	neg 1.0		__DUMMY__ 0.46112685495618405 off 0.2959838336747907 neg 0.24288931136902525	false	0.5
aufruhr	neg 1.0		__DUMMY__ 0.46198601724797655 off 0.29492638352218303 neg 0.24308759922984033	false	0.5
melancholie	neg 1.0		__DUMMY__ 0.46335235870192654 off 0.2884435963201709 neg 0.24820404497790258	false	0.5
ist			__DUMMY__ 0.4615286481520836 off 0.29682445537750235 neg 0.241646896470414	false	0.0
torheit	neg 1.0		__DUMMY__ 0.4619943722650698 off 0.296611174878587 neg 0.24139445285634323	false	0.5
dreckskind	off 1.0		__DUMMY__ 0.45222429173052253 off 0.3110030489651989 neg 0.2367726593042784	false	1.0
umtauschen	neg 1.0		__DUMMY__ 0.46266321053585135 off 0.29400376851808446 neg 0.2433330209460641	false	0.5
zum			__DUMMY__ 0.4720587668217607 off 0.2873978181348694 neg 0.2405434150433698	false	0.0
zersetzen	neg 1.0		__DUMMY__ 0.4646469215346526 off 0.2894415180340777 neg 0.2459115604312696	false	0.5
zur			__DUMMY__ 0.4699160990554074 off 0.28656045702726723 neg 0.24352344391732525	false	0.0
frust	neg 1.0		__DUMMY__ 0.4635860003920485 off 0.2922581839872445 neg 0.244155815620707	false	0.5
unerbittlichkeit	neg 1.0		__DUMMY__ 0.4662361030006568 off 0.29137481360903866 neg 0.2423890833903046	false	0.5
zwei			__DUMMY__ 0.4695592825746419 off 0.2855735332898699 neg 0.24486718413548827	false	0.0
unkorrekt	neg 1.0		__DUMMY__ 0.45707362495497295 off 0.30331297841197513 neg 0.2396133966330518	false	0.5
hexe	off 1.0		__DUMMY__ 0.456512006176786 off 0.29889520451253926 neg 0.2445927893106747	false	1.0
lasch	neg 1.0		__DUMMY__ 0.4594706485398418 off 0.29953162242253767 neg 0.24099772903762068	false	0.5
rivale	neg 1.0		__DUMMY__ 0.4572335646935276 off 0.3053307196766007 neg 0.23743571562987162	false	0.5
mutlos	off 1.0	off 1.0	off 0.6359425660031375 __DUMMY__ 0.22573735523721325 neg 0.13832007875964925	false	1.0
wirr	off 1.0		__DUMMY__ 0.4550994261801211 off 0.3050905544342553 neg 0.2398100193856237	false	1.0
jahr			__DUMMY__ 0.46943892204158855 off 0.2915896252187656 neg 0.23897145273964573	false	0.0
wird			__DUMMY__ 0.465087152358649 off 0.29195718704823215 neg 0.2429556605931188	false	0.0
strafbar	neg 1.0		__DUMMY__ 0.46576546677969866 off 0.2909838232324848 neg 0.2432507099878165	false	0.5
erosion	neg 1.0		__DUMMY__ 0.46309867452537873 off 0.2955015533024889 neg 0.24139977217213238	false	0.5
eingehen	neg 1.0		__DUMMY__ 0.46447417670791485 off 0.2905520300393759 neg 0.2449737932527092	false	0.5
faul	off 1.0		__DUMMY__ 0.45971642516249717 off 0.29969188692232923 neg 0.2405916879151736	false	1.0
provisorium	neg 1.0		__DUMMY__ 0.47288397773426805 off 0.28304661531116715 neg 0.24406940695456478	false	0.5
schmerzen	neg 1.0		__DUMMY__ 0.4617549924219867 off 0.2927053891693352 neg 0.245539618408678	false	0.5
schrumpfen	neg 1.0		__DUMMY__ 0.4667435513684815 off 0.2851643018822647 neg 0.2480921467492537	false	0.5
geistlos	off 1.0		__DUMMY__ 0.4596135203543388 off 0.2980365188552756 neg 0.24234996079038562	false	1.0
fehlkauf	neg 1.0		__DUMMY__ 0.46051063951119375 off 0.29782906753602084 neg 0.24166029295278543	false	0.5
frustrierend	neg 1.0		__DUMMY__ 0.45972273101866123 off 0.29905893646858983 neg 0.24121833251274893	false	0.5
unzufrieden	neg 1.0		__DUMMY__ 0.46427957142285436 off 0.29245248921192557 neg 0.24326793936522004	false	0.5
verzweifeln	neg 1.0		__DUMMY__ 0.4635299856934549 off 0.2938648469271912 neg 0.2426051673793539	false	0.5
verzweifelt	neg 1.0		__DUMMY__ 0.4611488873823794 off 0.29605701221637093 neg 0.24279410040124963	false	0.5
misstrauensantrag	neg 1.0		__DUMMY__ 0.46051243120637714 off 0.29697336460279733 neg 0.24251420419082553	false	0.5
abfallen	neg 1.0		__DUMMY__ 0.4617113285206215 off 0.2946329224775283 neg 0.2436557490018502	false	0.5
fucker	off 1.0		__DUMMY__ 0.45740689040422045 off 0.3045081689503424 neg 0.2380849406454371	false	1.0
ungezogen	neg 1.0		__DUMMY__ 0.45175295477138994 off 0.31221056720372925 neg 0.23603647802488087	false	0.5
irrsinnig	neg 1.0	neg 1.0	neg 0.6078163871828444 __DUMMY__ 0.22411258967336828 off 0.16807102314378738	false	1.0
unfassbar	neg 1.0		__DUMMY__ 0.45892676953736816 off 0.301782422306851 neg 0.23929080815578094	false	0.5
hart	neg 1.0		__DUMMY__ 0.4563711585897389 off 0.30117011742613425 neg 0.24245872398412677	false	0.5
widerlich	off 1.0		__DUMMY__ 0.45808351719585283 off 0.30224921892534823 neg 0.239667263878799	false	1.0
fatal	neg 1.0	neg 1.0	neg 0.6090649557242861 __DUMMY__ 0.2222731442234301 off 0.1686619000522838	false	1.0
bruch	neg 1.0		__DUMMY__ 0.4671701064919699 off 0.2874856791662984 neg 0.24534421434173168	false	0.5
aushungern	neg 1.0		__DUMMY__ 0.46255163004272265 off 0.2932170950909668 neg 0.24423127486631055	false	0.5
anspannung	neg 1.0		__DUMMY__ 0.470477732692992 off 0.2862430924126816 neg 0.2432791748943263	false	0.5
von			__DUMMY__ 0.46667940144110887 off 0.2891805124521213 neg 0.24414008610676977	false	0.0
kraftlos	neg 1.0		__DUMMY__ 0.46413474434039875 off 0.2916276341062738 neg 0.24423762155332757	false	0.5
vom			__DUMMY__ 0.4735717213954658 off 0.28397635107154856 neg 0.2424519275329856	false	0.0
grenzdebil	off 1.0		__DUMMY__ 0.45762545832852897 off 0.30163902056918307 neg 0.24073552110228796	false	1.0
vor			__DUMMY__ 0.46741919804789767 off 0.28797147081838215 neg 0.2446093311337202	false	0.0
unterwerfen	neg 1.0		__DUMMY__ 0.4657757042187899 off 0.29188458676182194 neg 0.24233970901938814	false	0.5
versenkung	neg 1.0		__DUMMY__ 0.466254408328192 off 0.29127886801937347 neg 0.24246672365243474	false	0.5
entziehen	neg 1.0		__DUMMY__ 0.46684226879661334 off 0.28886975327764935 neg 0.24428797792573725	false	0.5
finanzkrise	neg 1.0		__DUMMY__ 0.45778263193557434 off 0.2923250907825127 neg 0.24989227728191316	false	0.5
schimpfend	neg 1.0		__DUMMY__ 0.46324626933677904 off 0.2962942459312147 neg 0.24045948473200615	false	0.5
profan	neg 1.0		__DUMMY__ 0.46033113806432563 off 0.29725162604560057 neg 0.24241723589007383	false	0.5
korruption	neg 1.0		__DUMMY__ 0.4621378632492614 off 0.2921977406532729 neg 0.24566439609746565	false	0.5
â			__DUMMY__ 0.4646520215661151 off 0.29205018098069774 neg 0.24329779745318705	false	0.0
schmutzig	neg 1.0		__DUMMY__ 0.4574247960070542 off 0.3017024488700247 neg 0.24087275512292117	false	0.5
sexy	neg 1.0		__DUMMY__ 0.46072441158907607 off 0.29960279756506064 neg 0.2396727908458633	false	0.5
abraten	neg 1.0		__DUMMY__ 0.46180791943678756 off 0.2972940323593486 neg 0.24089804820386368	false	0.5
schwarz	neg 1.0		__DUMMY__ 0.46154928585786387 off 0.297753534213132 neg 0.24069717992900397	false	0.5
fotze	off 1.0	off 1.0	off 0.6366817847355681 __DUMMY__ 0.22602889073763308 neg 0.13728932452679873	false	1.0
verwirren	neg 1.0		__DUMMY__ 0.4607497825751961 off 0.2978197945337744 neg 0.24143042289102956	false	0.5
zahnlos	off 1.0		__DUMMY__ 0.4636411304223901 off 0.2935004011341341 neg 0.24285846844347592	false	1.0
verheeren	neg 1.0		__DUMMY__ 0.4511556507092321 off 0.31368670936277776 neg 0.23515763992799005	false	0.5
hippie	neg 1.0		__DUMMY__ 0.4604822446387849 off 0.29903475266739327 neg 0.24048300269382186	false	0.5
rammen	neg 1.0		__DUMMY__ 0.4630831361253199 off 0.29607683337067825 neg 0.24084003050400196	false	0.5
unlauter	neg 1.0		__DUMMY__ 0.46035642180609926 off 0.2970256314736594 neg 0.2426179467202412	false	0.5
unheilvoll	neg 1.0		__DUMMY__ 0.46111145785728164 off 0.29593593645693106 neg 0.24295260568578742	false	0.5
niedrig	neg 1.0		__DUMMY__ 0.46291790029790797 off 0.2909459735912989 neg 0.24613612611079325	false	0.5
explosion	neg 1.0		__DUMMY__ 0.4609122757009157 off 0.2991045700526355 neg 0.2399831542464487	false	0.5
weichei	off 1.0	off 1.0	off 0.644292099099267 __DUMMY__ 0.21900018503210092 neg 0.1367077158686321	false	1.0
minusmensch	off 1.0		__DUMMY__ 0.4511679048019196 off 0.3135078537240182 neg 0.23532424147406214	false	1.0
farblos	neg 1.0		__DUMMY__ 0.46192777168955274 off 0.2963919636771243 neg 0.241680264633323	false	0.5
unwissend	neg 1.0	neg 1.0	neg 0.6070781104814719 __DUMMY__ 0.2224175085311927 off 0.17050438098733534	false	1.0
traurig	neg 1.0		__DUMMY__ 0.45707671264590743 off 0.3046032045463832 neg 0.23832008280770933	false	0.5
senkung	neg 1.0		__DUMMY__ 0.45695219056926645 off 0.29658370714695065 neg 0.24646410228378296	false	0.5
ungleich	neg 1.0	neg 1.0	neg 0.6087509649865396 __DUMMY__ 0.22578436969381546 off 0.165464665319645	false	1.0
heikel	neg 1.0		__DUMMY__ 0.4655798114986941 off 0.29031178147179776 neg 0.24410840702950817	false	0.5
drosselung	neg 1.0		__DUMMY__ 0.4555736353478461 off 0.3010244286582704 neg 0.24340193599388363	false	0.5
falsch	neg 1.0		__DUMMY__ 0.46049771980543897 off 0.2997907278302574 neg 0.23971155236430366	false	0.5
unzufriedenheit	neg 1.0		__DUMMY__ 0.4646519305574105 off 0.28954503181668473 neg 0.2458030376259048	false	0.5
kurz	neg 1.0		__DUMMY__ 0.4651270528202185 off 0.2930311296489698 neg 0.24184181753081171	false	0.5
unsinnig	neg 1.0		__DUMMY__ 0.462126743367273 off 0.2935312704204651 neg 0.24434198621226186	false	0.5
penner	off 1.0	off 1.0	off 0.6456671351700316 __DUMMY__ 0.21880891493730753 neg 0.1355239498926609	false	1.0
seicht	neg 1.0		__DUMMY__ 0.45006437616703787 off 0.310282399890089 neg 0.2396532239428733	false	0.5
dummheit	off 1.0	off 1.0	off 0.6392090066758616 __DUMMY__ 0.22294472770698226 neg 0.13784626561715613	false	1.0
unerfreulich	neg 1.0		__DUMMY__ 0.46595821643714125 off 0.29004183735532174 neg 0.24399994620753698	false	0.5
motherfucker	off 1.0	off 1.0	off 0.6425468784461523 __DUMMY__ 0.2216137564060724 neg 0.1358393651477754	false	1.0
pikiert	neg 1.0		__DUMMY__ 0.4579597587102639 off 0.30062385392417285 neg 0.24141638736556337	false	0.5
wrack	neg 1.0		__DUMMY__ 0.4682211894457659 off 0.2947846137122914 neg 0.23699419684194284	false	0.5
gangster	neg 1.0		__DUMMY__ 0.46023886792784136 off 0.2992167293303397 neg 0.240544402741819	false	0.5
krank	neg 1.0		__DUMMY__ 0.45849713163695277 off 0.3020944089910788 neg 0.23940845937196836	false	0.5
reich	neg 1.0		__DUMMY__ 0.45641122997967776 off 0.2982121588211594 neg 0.24537661119916288	false	0.5
gnadenlos	neg 1.0		__DUMMY__ 0.46262008545415717 off 0.29634670882936853 neg 0.24103320571647444	false	0.5
niedergeschlagen	neg 1.0		__DUMMY__ 0.4651129306820087 off 0.2925136398696322 neg 0.24237342944835905	false	0.5
terrorisieren	off 1.0	off 1.0	off 0.63522967562797 __DUMMY__ 0.2262750050364904 neg 0.13849531933553974	false	1.0
sinnlosigkeit	neg 1.0		__DUMMY__ 0.4640159957637283 off 0.2930257493809105 neg 0.24295825485536104	false	0.5
behindern	neg 1.0		__DUMMY__ 0.46243688667454014 off 0.2946166740422955 neg 0.24294643928316428	false	0.5
undemokratisch	neg 1.0		__DUMMY__ 0.46029962966993015 off 0.2973574285063722 neg 0.24234294182369764	false	0.5
wirtschaftskrise	neg 1.0		__DUMMY__ 0.4614928555606664 off 0.2914282587984907 neg 0.247078885640843	false	0.5
neid	neg 1.0		__DUMMY__ 0.4597873051507089 off 0.29841001396446765 neg 0.2418026808848235	false	0.5
rutschen	neg 1.0		__DUMMY__ 0.469319064178973 off 0.28509662791741286 neg 0.24558430790361402	false	0.5
rezession	neg 1.0		__DUMMY__ 0.45207738425628846 off 0.30272160804036374 neg 0.24520100770334785	false	0.5
fehlgeburt	neg 1.0		__DUMMY__ 0.4633134933617352 off 0.2957682775971517 neg 0.2409182290411131	false	0.5
charakterschwach	off 1.0		__DUMMY__ 0.45796349593948016 off 0.3015195346611401 neg 0.24051696939937986	false	1.0
isolation	neg 1.0		__DUMMY__ 0.4609377717252518 off 0.29989046293490396 neg 0.2391717653398442	false	0.5
ablenkung	neg 1.0		__DUMMY__ 0.4635721952748612 off 0.2949118375291278 neg 0.24151596719601098	false	0.5
pech	neg 1.0		__DUMMY__ 0.45901329201981805 off 0.29933871504617354 neg 0.24164799293400846	false	0.5
vermeidung	neg 1.0		__DUMMY__ 0.45717394060510463 off 0.30147409132149816 neg 0.24135196807339712	false	0.5
dominieren	neg 1.0		__DUMMY__ 0.46406023074122155 off 0.29353876060111567 neg 0.2424010086576628	false	0.5
schwindlig	neg 1.0		__DUMMY__ 0.46050983033609927 off 0.2967455203776235 neg 0.24274464928627731	false	0.5
lutscher	neg 1.0		__DUMMY__ 0.4490705104544901 off 0.3123090805679832 neg 0.23862040897752665	false	0.5
pflicht	neg 1.0		__DUMMY__ 0.46732528139601404 off 0.28926330301919356 neg 0.24341141558479237	false	0.5
faschist	off 1.0		__DUMMY__ 0.46030476393681696 off 0.29948803218570713 neg 0.24020720387747596	false	1.0
verschleudern	neg 1.0		__DUMMY__ 0.4618060356342966 off 0.28969263823847896 neg 0.2485013261272245	false	0.5
wenn			__DUMMY__ 0.45889998534336374 off 0.3000226408412317 neg 0.24107737381540453	false	0.0
ehebruch	neg 1.0		__DUMMY__ 0.464212221365714 off 0.29185030930610095 neg 0.24393746932818505	false	0.5
spott	off 1.0		__DUMMY__ 0.4656000867824437 off 0.2923317179157344 neg 0.24206819530182191	false	1.0
trostlosigkeit	neg 1.0		__DUMMY__ 0.4653479743989832 off 0.2882669676253995 neg 0.2463850579756172	false	0.5
lutschen	neg 1.0		__DUMMY__ 0.4605458287959348 off 0.3002552081877785 neg 0.23919896301628668	false	0.5
undiszipliniert	neg 1.0		__DUMMY__ 0.4570276667049036 off 0.30357729994510846 neg 0.23939503334998807	false	0.5
kopfschmerz	neg 1.0		__DUMMY__ 0.46180202395933506 off 0.28993434174867344 neg 0.2482636342919915	false	0.5
unvorhergesehen	neg 1.0		__DUMMY__ 0.46710452247844064 off 0.289326750773142 neg 0.2435687267484172	false	0.5
desinteressiert	neg 1.0		__DUMMY__ 0.4572839864817302 off 0.3028427051557407 neg 0.23987330836252904	false	0.5
armselig	off 1.0		__DUMMY__ 0.45629492477273076 off 0.305526175076786 neg 0.23817890015048335	false	1.0
desaster	neg 1.0		__DUMMY__ 0.4659535835756263 off 0.28778953529084167 neg 0.24625688113353203	false	0.5
tod	neg 1.0		__DUMMY__ 0.4655833647479443 off 0.2912441837635576 neg 0.24317245148849803	false	0.5
herzlos	neg 1.0		__DUMMY__ 0.45622208575414375 off 0.3047068180577334 neg 0.2390710961881227	false	0.5
unwissenheit	neg 1.0		__DUMMY__ 0.464057255118355 off 0.2926105411779824 neg 0.24333220370366257	false	0.5
widersinnig	neg 1.0		__DUMMY__ 0.4610937243263589 off 0.29319918990072485 neg 0.24570708577291622	false	0.5
bedenklich	neg 1.0		__DUMMY__ 0.4640544998451903 off 0.29139172749131276 neg 0.24455377266349687	false	0.5
beanstanden	neg 1.0		__DUMMY__ 0.4674860428112028 off 0.29024924183401885 neg 0.24226471535477834	false	0.5
panisch	neg 1.0		__DUMMY__ 0.46185688607960174 off 0.2971593083848745 neg 0.24098380553552384	false	0.5
debil	off 1.0		__DUMMY__ 0.4712610197424525 off 0.2833447883021678 neg 0.24539419195537981	false	1.0
abstrich	neg 1.0		__DUMMY__ 0.4638830140645497 off 0.29357828385489365 neg 0.24253870208055664	false	0.5
primitiv	neg 1.0		__DUMMY__ 0.45760456437578445 off 0.30320723112800885 neg 0.23918820449620684	false	0.5
abschaum	off 1.0	off 1.0	off 0.6414865016543917 __DUMMY__ 0.2230937599851534 neg 0.13541973836045504	false	1.0
provozieren	neg 1.0		__DUMMY__ 0.4616344642735224 off 0.29591472957127646 neg 0.24245080615520098	false	0.5
tot	neg 1.0		__DUMMY__ 0.4643849941243505 off 0.29298503258342196 neg 0.24262997329222746	false	0.5
instabil	neg 1.0		__DUMMY__ 0.45439368006807734 off 0.30500346146765517 neg 0.24060285846426763	false	0.5
schwuchtel	off 1.0	off 1.0	off 0.6503655589304018 __DUMMY__ 0.2161148609122127 neg 0.1335195801573855	false	1.0
zerren	neg 1.0		__DUMMY__ 0.4649713981138435 off 0.29238414545058966 neg 0.2426444564355667	false	0.5
kinderficker	off 1.0		__DUMMY__ 0.45450508188706024 off 0.3080144948168693 neg 0.2374804232960704	false	1.0
gefahr	neg 1.0		__DUMMY__ 0.46695913050965304 off 0.2897481646603737 neg 0.24329270482997323	false	0.5
rabiat	neg 1.0		__DUMMY__ 0.46227296531429934 off 0.29366759603476844 neg 0.24405943865093224	false	0.5
verlangsamung	neg 1.0		__DUMMY__ 0.4521042661530991 off 0.3092932785543574 neg 0.2386024552925434	false	0.5
ausgestorben	neg 1.0		__DUMMY__ 0.4640174719743168 off 0.29394861997521377 neg 0.24203390805046937	false	0.5
anklagen	neg 1.0		__DUMMY__ 0.46383988264509607 off 0.29352647908512136 neg 0.24263363826978254	false	0.5
trott	neg 1.0		__DUMMY__ 0.46289735571641827 off 0.2951109760073865 neg 0.24199166827619534	false	0.5
verminderung	neg 1.0		__DUMMY__ 0.45713387307969605 off 0.3015284331399695 neg 0.24133769378033443	false	0.5
nach			__DUMMY__ 0.4714281909520907 off 0.28442471815868237 neg 0.244147090889227	false	0.0
rost	neg 1.0		__DUMMY__ 0.45461967800416125 off 0.3123055127533627 neg 0.23307480924247614	false	0.5
destruktiv	neg 1.0		__DUMMY__ 0.4621239321323197 off 0.29464485591475487 neg 0.24323121195292532	false	0.5
unzumutbarkeit	neg 1.0		__DUMMY__ 0.45912881433696323 off 0.3024750666977949 neg 0.23839611896524182	false	0.5
labil	off 1.0	off 1.0	off 0.6407104738132828 __DUMMY__ 0.222673601551361 neg 0.1366159246353562	false	1.0
ziemlich	neg 1.0		__DUMMY__ 0.45946264471521125 off 0.3016215623716499 neg 0.238915792913139	false	0.5
lachnummer	off 1.0		__DUMMY__ 0.462872246123922 off 0.2958373009179451 neg 0.24129045295813278	false	1.0
oder			__DUMMY__ 0.4630189707718935 off 0.29574964706846335 neg 0.24123138215964313	false	0.0
verfall	neg 1.0		__DUMMY__ 0.4670633689045422 off 0.2855296276159265 neg 0.24740700347953126	false	0.5
ausgrenzung	neg 1.0		__DUMMY__ 0.4602643995040844 off 0.29724031026694825 neg 0.24249529022896743	false	0.5
unordnung	neg 1.0		__DUMMY__ 0.45635153796496003 off 0.30670276684468334 neg 0.23694569519035652	false	0.5
fehlverhalten	neg 1.0		__DUMMY__ 0.465537606296524 off 0.29086504246008255 neg 0.2435973512433934	false	0.5
eine			__DUMMY__ 0.466258263039094 off 0.28818377289836955 neg 0.24555796406253635	false	0.0
nille	neg 1.0		__DUMMY__ 0.4634191140939403 off 0.29591341997775894 neg 0.24066746592830063	false	0.5
qual	neg 1.0		__DUMMY__ 0.4629065758883302 off 0.294659186880479 neg 0.24243423723119076	false	0.5
verschwenden	neg 1.0		__DUMMY__ 0.46412139201620783 off 0.2897623206129189 neg 0.2461162873708732	false	0.5
riesig	neg 1.0		__DUMMY__ 0.4661924458313654 off 0.2914814476317734 neg 0.24232610653686112	false	0.5
verurteilen	neg 1.0		__DUMMY__ 0.4638704237826385 off 0.29315680532189636 neg 0.24297277089546498	false	0.5
klischee	neg 1.0	neg 1.0	neg 0.6077872664845088 __DUMMY__ 0.22246430008630833 off 0.16974843342918292	false	1.0
diktatorisch	neg 1.0		__DUMMY__ 0.460379132049448 off 0.2975848621631305 neg 0.24203600578742135	false	0.5
vorhersehbar	neg 1.0		__DUMMY__ 0.4596408287522132 off 0.2980999620462521 neg 0.24225920920153457	false	0.5
sowie			__DUMMY__ 0.4534973097738744 off 0.30662398237710564 neg 0.23987870784901996	false	0.0
stornieren	neg 1.0		__DUMMY__ 0.46429476655938795 off 0.2998028920443715 neg 0.23590234139624056	false	0.5
besteuerung	neg 1.0	neg 1.0	neg 0.6104286939931463 __DUMMY__ 0.2222774163990039 off 0.16729388960784985	false	1.0
ungeschminkt	neg 1.0		__DUMMY__ 0.45764941172699514 off 0.3033294065571134 neg 0.2390211817158916	false	0.5
kritisch	neg 1.0		__DUMMY__ 0.46426142212543736 off 0.29265339377486155 neg 0.2430851840997012	false	0.5
schlamperei	off 1.0		__DUMMY__ 0.46515629262120023 off 0.29131846862893956 neg 0.24352523874986018	false	1.0
sucht	neg 1.0	neg 1.0	neg 0.6058556618105744 __DUMMY__ 0.22523440795371089 off 0.16890993023571477	false	1.0
egoistisch	off 1.0	off 1.0	off 0.6448537661301381 __DUMMY__ 0.2205466971321332 neg 0.13459953673772865	false	1.0
ausbeuter	off 1.0		__DUMMY__ 0.46373802588341567 off 0.289691182966463 neg 0.24657079115012134	false	1.0
arschgeburt	off 1.0		__DUMMY__ 0.44725025774614285 off 0.31724537518428875 neg 0.23550436706956845	false	1.0
schubs	neg 1.0		__DUMMY__ 0.46290598298976665 off 0.29088390949444615 neg 0.24621010751578706	false	0.5
unsolide	neg 1.0		__DUMMY__ 0.46036308814878707 off 0.29816692249011567 neg 0.24146998936109737	false	0.5
beschwerde	neg 1.0		__DUMMY__ 0.46445277948148395 off 0.2932166300551881 neg 0.24233059046332792	false	0.5
stocken	neg 1.0		__DUMMY__ 0.4646368802854465 off 0.29177494047789115 neg 0.24358817923666243	false	0.5
isolieren	neg 1.0		__DUMMY__ 0.4628101622089499 off 0.2923618873818205 neg 0.2448279504092296	false	0.5
unheilbar	neg 1.0		__DUMMY__ 0.4622553774698711 off 0.29499819520822707 neg 0.2427464273219019	false	0.5
pisser	off 1.0	off 1.0	off 0.6435002630516586 __DUMMY__ 0.22195248094132494 neg 0.13454725600701645	false	1.0
löschen	neg 1.0		__DUMMY__ 0.4624679854879594 off 0.295842720721402 neg 0.2416892937906385	false	0.5
durchfallen	neg 1.0		__DUMMY__ 0.4645381457169301 off 0.29248313913245577 neg 0.2429787151506142	false	0.5
wichser	off 1.0	off 1.0	off 0.6476783267169905 __DUMMY__ 0.21763302935994508 neg 0.1346886439230644	false	1.0
terror	neg 1.0		__DUMMY__ 0.460710514056823 off 0.2988378800614135 neg 0.2404516058817635	false	0.5
krass	neg 1.0		__DUMMY__ 0.4552134782896676 off 0.30667454017056894 neg 0.2381119815397635	false	0.5
revolte	neg 1.0		__DUMMY__ 0.45759573887903915 off 0.29821068456794925 neg 0.2441935765530116	false	0.5
besorgt	neg 1.0		__DUMMY__ 0.46535908852594593 off 0.29333830131555855 neg 0.24130261015849538	false	0.5
nachlassen	neg 1.0		__DUMMY__ 0.4657625532283175 off 0.2921876922794188 neg 0.24204975449226376	false	0.5
alt	neg 1.0		__DUMMY__ 0.460765252813739 off 0.28938702610620953 neg 0.24984772108005154	false	0.5
hundesohn	off 1.0	off 1.0	off 0.6473020406406818 __DUMMY__ 0.21842267983659033 neg 0.1342752795227279	false	1.0
als			__DUMMY__ 0.4632204707107565 off 0.2923939108662317 neg 0.2443856184230118	false	0.0
abschreckung	neg 1.0		__DUMMY__ 0.46540070437632386 off 0.28965071797880404 neg 0.24494857764487218	false	0.5
unqualifiziert	neg 1.0		__DUMMY__ 0.4598334487471464 off 0.3001331820463028 neg 0.24003336920655086	false	0.5
abgewichst	off 1.0		__DUMMY__ 0.463654848420508 off 0.29503364971796914 neg 0.24131150186152278	false	1.0
schwer	neg 1.0		__DUMMY__ 0.4625305381408201 off 0.2940560902278247 neg 0.24341337163135535	false	0.5
bedeutungslosigkeit	neg 1.0		__DUMMY__ 0.46532249054200164 off 0.29032567795733993 neg 0.24435183150065845	false	0.5
kapitulation	neg 1.0		__DUMMY__ 0.46304219428965476 off 0.29174831887695707 neg 0.24520948683338822	false	0.5
unscharf	neg 1.0		__DUMMY__ 0.4578188131296712 off 0.29590575424370696 neg 0.24627543262662177	false	0.5
schwinden	neg 1.0		__DUMMY__ 0.4640132073223294 off 0.28981627655699593 neg 0.2461705161206746	false	0.5
versklavung	neg 1.0	neg 1.0	neg 0.6083885000231163 __DUMMY__ 0.22323736142000616 off 0.16837413855687738	false	1.0
schlecht	neg 1.0		__DUMMY__ 0.4596458717595859 off 0.3018873313423912 neg 0.2384667968980229	false	0.5
verhasst	neg 1.0		__DUMMY__ 0.46117355269737215 off 0.2966865060184427 neg 0.24213994128418512	false	0.5
beschweren	neg 1.0		__DUMMY__ 0.46221005101847823 off 0.29751359965531043 neg 0.24027634932621134	false	0.5
scheiden	neg 1.0		__DUMMY__ 0.4617621697217661 off 0.29456749231167645 neg 0.2436703379665575	false	0.5
frustriert	neg 1.0		__DUMMY__ 0.4638283095702595 off 0.29358223654302457 neg 0.24258945388671588	false	0.5
schimmelig	neg 1.0		__DUMMY__ 0.46251472316330916 off 0.29094062258115555 neg 0.24654465425553546	false	0.5
fisch	neg 1.0		__DUMMY__ 0.46319012257750436 off 0.2867344877566552 neg 0.2500753896658403	false	0.5
schmuggel	neg 1.0		__DUMMY__ 0.4679115321147102 off 0.2892223487442043 neg 0.24286611914108566	false	0.5
auffallen	neg 1.0		__DUMMY__ 0.46099903383082136 off 0.29757120071954796 neg 0.24142976544963057	false	0.5
konkurrenz	neg 1.0		__DUMMY__ 0.46644739878024155 off 0.2901175425864061 neg 0.2434350586333522	false	0.5
teufelskreis	neg 1.0	neg 1.0	neg 0.6099193018070009 __DUMMY__ 0.22364015046429844 off 0.1664405477287005	false	1.0
aufschreien	neg 1.0		__DUMMY__ 0.4598453932372439 off 0.29798998117253706 neg 0.24216462559021895	false	0.5
schuldner	neg 1.0		__DUMMY__ 0.462870492224122 off 0.2890401763240182 neg 0.2480893314518599	false	0.5
missgeburt	off 1.0	off 1.0	off 0.646942531888117 __DUMMY__ 0.220447249880781 neg 0.132610218231102	false	1.0
arbeitslos	neg 1.0		__DUMMY__ 0.4644232419160025 off 0.29231331903698443 neg 0.24326343904701325	false	0.5
befallen	neg 1.0		__DUMMY__ 0.4606204892943073 off 0.29281949109675415 neg 0.2465600196089386	false	0.5
miesepetrig	off 1.0	off 1.0	off 0.6405657871397374 __DUMMY__ 0.22246390765687246 neg 0.1369703052033901	false	1.0
alarmieren	neg 1.0		__DUMMY__ 0.4598464820418211 off 0.3007480738770866 neg 0.2394054440810923	false	0.5
ungeduscht	off 1.0		__DUMMY__ 0.45885530410109776 off 0.2996546904077902 neg 0.24149000549111213	false	1.0
knappheit	neg 1.0		__DUMMY__ 0.4618040723638035 off 0.2916705398324764 neg 0.2465253878037201	false	0.5
schlange	neg 1.0		__DUMMY__ 0.4624851802508815 off 0.29532903426885476 neg 0.2421857854802637	false	0.5
harsch	neg 1.0		__DUMMY__ 0.4581239726256262 off 0.30720418167429725 neg 0.23467184570007657	false	0.5
lang	neg 1.0		__DUMMY__ 0.4620745694616764 off 0.2967204640302732 neg 0.2412049665080505	false	0.5
ziellos	neg 1.0		__DUMMY__ 0.4658625898833148 off 0.2906792619427715 neg 0.24345814817391367	false	0.5
selbstverliebt	neg 1.0		__DUMMY__ 0.45052253545555143 off 0.31460408213378677 neg 0.23487338241066183	false	0.5
beseitigen	neg 1.0		__DUMMY__ 0.46467033462906576 off 0.29586991104930904 neg 0.23945975432162517	false	0.5
dumm	off 1.0		__DUMMY__ 0.4536159303513525 off 0.3088302624102063 neg 0.23755380723844122	false	1.0
arbeitsloser	neg 1.0		__DUMMY__ 0.46704002942849293 off 0.29365797132473065 neg 0.23930199924677656	false	0.5
blitzen	neg 1.0		__DUMMY__ 0.4600823669867291 off 0.2996993557172655 neg 0.24021827729600528	false	0.5
hilflos	neg 1.0		__DUMMY__ 0.4640876697937054 off 0.2922728163731574 neg 0.2436395138331372	false	0.5
eklig	off 1.0		__DUMMY__ 0.45195630923055136 off 0.3087034904506129 neg 0.2393402003188357	false	1.0
begriff			__DUMMY__ 0.4630758389396229 off 0.29467998394742334 neg 0.2422441771129536	false	0.0
hungersnot	neg 1.0		__DUMMY__ 0.4621450383780246 off 0.2918876801729258 neg 0.2459672814490495	false	0.5
ungesetzlich	neg 1.0		__DUMMY__ 0.4599316025054845 off 0.297314963977617 neg 0.24275343351689851	false	0.5
verschwendung	neg 1.0		__DUMMY__ 0.4651187990863747 off 0.2901684841533667 neg 0.2447127167602587	false	0.5
schmerzvoll	neg 1.0		__DUMMY__ 0.4607643274508814 off 0.2962642918453377 neg 0.24297138070378083	false	0.5
vorzeitig	neg 1.0		__DUMMY__ 0.4609586000947607 off 0.3017652643810476 neg 0.23727613552419158	false	0.5
unvollkommenheit	neg 1.0		__DUMMY__ 0.46424685814450417 off 0.29374579442415005 neg 0.24200734743134564	false	0.5
intervenieren	neg 1.0		__DUMMY__ 0.4632584486345302 off 0.2903440923311609 neg 0.2463974590343089	false	0.5
banause	off 1.0		__DUMMY__ 0.44914679085423986 off 0.30959841293938845 neg 0.24125479620637164	false	1.0
rebell	neg 1.0		__DUMMY__ 0.46576245684728956 off 0.2854470347058214 neg 0.24879050844688905	false	0.5
unlogisch	neg 1.0		__DUMMY__ 0.45676839372114153 off 0.30425398910838836 neg 0.23897761717046997	false	0.5
leiden	neg 1.0		__DUMMY__ 0.4684213636969548 off 0.2900062179330027 neg 0.24157241837004245	false	0.5
abschaffung	neg 1.0		__DUMMY__ 0.4605199929637099 off 0.2958371405032326 neg 0.24364286653305756	false	0.5
sturz	neg 1.0		__DUMMY__ 0.46461423522960565 off 0.29902623006167195 neg 0.23635953470872237	false	0.5
verkleinerung	neg 1.0		__DUMMY__ 0.45702161836882393 off 0.2986798660860061 neg 0.2442985155451699	false	0.5
schmarotzer	off 1.0		__DUMMY__ 0.46333273496877453 off 0.29310220094683004 neg 0.24356506408439543	false	1.0
bestrafung	neg 1.0	neg 1.0	neg 0.6071363946129223 __DUMMY__ 0.22478691945353604 off 0.1680766859335417	false	1.0
achtlos	neg 1.0		__DUMMY__ 0.4636001640683142 off 0.29342694066657116 neg 0.24297289526511456	false	0.5
ungeheuer	neg 1.0		__DUMMY__ 0.46049471831641203 off 0.2946206873572522 neg 0.24488459432633566	false	0.5
unaufrichtig	neg 1.0		__DUMMY__ 0.460343039857297 off 0.30034065607143356 neg 0.23931630407126953	false	0.5
groggy	neg 1.0		__DUMMY__ 0.4614296661229932 off 0.2992868748422436 neg 0.23928345903476317	false	0.5
verletzlich	neg 1.0		__DUMMY__ 0.45637776430169164 off 0.299816680004251 neg 0.2438055556940574	false	0.5
