unsolidarisch	neg 1.0		off 0.5249431857927425 neg 0.434197426509853 __DUMMY__ 0.04085938769740457	false	0.5
nachteilig	neg 1.0		off 0.5243471503939532 neg 0.4342278557609477 __DUMMY__ 0.04142499384509896	false	0.5
skeptisch	neg 1.0		off 0.5220511091941046 neg 0.4365607217376642 __DUMMY__ 0.04138816906823135	false	0.5
schrecklich	neg 1.0		off 0.5331978970231056 neg 0.4263233503194133 __DUMMY__ 0.04047875265748096	false	0.5
schlapp	neg 1.0	neg 1.0	neg 0.698806663422877 off 0.2818382626293579 __DUMMY__ 0.019355073947764992	false	1.0
abfall	neg 1.0		off 0.5199813386107336 neg 0.438387250110599 __DUMMY__ 0.041631411278667395	false	0.5
widerspenstig	neg 1.0		off 0.5238183829045414 neg 0.4352145299236063 __DUMMY__ 0.040967087171852226	false	0.5
abrupt	neg 1.0		off 0.5199645952440702 neg 0.4387912800589897 __DUMMY__ 0.041244124696939985	false	0.5
unwirksam	neg 1.0		off 0.5218303375286788 neg 0.4375557628473598 __DUMMY__ 0.04061389962396141	false	0.5
angreifen	neg 1.0		off 0.5212821220549586 neg 0.4373154695794993 __DUMMY__ 0.041402408365542195	false	0.5
inkonsistent	neg 1.0		off 0.526720610040788 neg 0.4325165306186422 __DUMMY__ 0.04076285934056979	false	0.5
abrutschen	neg 1.0		off 0.5189957992880324 neg 0.43941842758904026 __DUMMY__ 0.04158577312292753	false	0.5
unsicher	neg 1.0		off 0.5262120204410422 neg 0.4326438522587312 __DUMMY__ 0.041144127300226575	false	0.5
bauernkind	off 1.0	off 1.0	off 0.752780208895855 neg 0.22822049887426257 __DUMMY__ 0.01899929222988244	false	1.0
angreifer	neg 1.0		off 0.531861129179681 neg 0.427033280103518 __DUMMY__ 0.04110559071680124	false	0.5
trennen	neg 1.0		off 0.5216056650640485 neg 0.43693083780698916 __DUMMY__ 0.041463497128962454	false	0.5
schmutz	neg 1.0		off 0.5317469150796406 neg 0.4270533594114897 __DUMMY__ 0.041199725508869856	false	0.5
inkonsistenz	neg 1.0		off 0.5301682950302112 neg 0.42905383087451 __DUMMY__ 0.04077787409527891	false	0.5
erschreckend	neg 1.0		off 0.5250273138891013 neg 0.43385449574949403 __DUMMY__ 0.041118190361404766	false	0.5
ertrinken	neg 1.0		off 0.5197614751804761 neg 0.4389172083965787 __DUMMY__ 0.04132131642294525	false	0.5
pickelface	off 1.0		off 0.5270565721167448 neg 0.431839713263689 __DUMMY__ 0.041103714619566196	false	1.0
seiner			off 0.5222439219117653 neg 0.4363174061327922 __DUMMY__ 0.041438671955442506	false	0.0
lauch	neg 1.0	neg 1.0	neg 0.7033046586435301 off 0.27685213609313397 __DUMMY__ 0.019843205263336022	false	1.0
unwichtig	neg 1.0		off 0.5297777509901237 neg 0.42946842077777314 __DUMMY__ 0.04075382823210311	false	0.5
steuerhinterziehung	neg 1.0		off 0.5241047468946349 neg 0.4348909907858437 __DUMMY__ 0.04100426231952135	false	0.5
schock	neg 1.0		off 0.5241111738514883 neg 0.43472723878786107 __DUMMY__ 0.041161587360650655	false	0.5
beule	neg 1.0		off 0.5305987030029049 neg 0.42891128408433793 __DUMMY__ 0.04049001291275717	false	0.5
vergelten	neg 1.0		off 0.5355035694734005 neg 0.4239536889390519 __DUMMY__ 0.04054274158754755	false	0.5
verdorbenheit	neg 1.0		off 0.5272164094441699 neg 0.43175228088192014 __DUMMY__ 0.04103130967391003	false	0.5
trauma	neg 1.0		off 0.5264634604750168 neg 0.4325990340922984 __DUMMY__ 0.04093750543268488	false	0.5
sinnlos	neg 1.0		off 0.5274176213879135 neg 0.43162927952506996 __DUMMY__ 0.04095309908701653	false	0.5
fettsack	off 1.0	off 1.0	off 0.7542934903075784 neg 0.22666285162152228 __DUMMY__ 0.019043658070899222	false	1.0
feige	off 1.0	off 1.0	off 0.752063334869314 neg 0.22861525406267877 __DUMMY__ 0.01932141106800731	false	1.0
abdanken	neg 1.0		off 0.5259876141296304 neg 0.4328663405771584 __DUMMY__ 0.041146045293211114	false	0.5
wichtigtuer	off 1.0	off 1.0	off 0.7511158134099818 neg 0.22940350813552962 __DUMMY__ 0.019480678454488472	false	1.0
misslingen	neg 1.0		off 0.530470525406588 neg 0.42824386363741845 __DUMMY__ 0.041285610955993576	false	0.5
untreu	off 1.0		off 0.5301171776784339 neg 0.42926493175606584 __DUMMY__ 0.040617890565500275	false	1.0
missmutig	neg 1.0		off 0.5275202805268439 neg 0.4317552921622853 __DUMMY__ 0.04072442731087084	false	0.5
hurenbock	off 1.0		off 0.5233940092919754 neg 0.4358308244360227 __DUMMY__ 0.040775166272001825	false	1.0
betrunken	neg 1.0		off 0.5315331241253761 neg 0.4279902979441389 __DUMMY__ 0.04047657793048505	false	0.5
korrupt	off 1.0		off 0.5229353198344324 neg 0.43609625575291106 __DUMMY__ 0.040968424412656405	false	1.0
unmut	neg 1.0		off 0.5205261858053073 neg 0.43797649768401004 __DUMMY__ 0.04149731651068265	false	0.5
hackfresse	off 1.0		off 0.5364018597044096 neg 0.4234626168557587 __DUMMY__ 0.04013552343983164	false	1.0
aufblasen	neg 1.0		off 0.525044629393231 neg 0.43399135336950345 __DUMMY__ 0.04096401723726539	false	0.5
gewaltsam	neg 1.0		off 0.5271172304998721 neg 0.43165298287544024 __DUMMY__ 0.041229786624687584	false	0.5
unbeliebtheit	neg 1.0		off 0.5314851113138582 neg 0.42780297155748553 __DUMMY__ 0.04071191712865617	false	0.5
sturheit	neg 1.0		off 0.5262538699242618 neg 0.4325074329687347 __DUMMY__ 0.04123869710700358	false	0.5
kuh	neg 1.0		off 0.5231116441178191 neg 0.436536481977482 __DUMMY__ 0.04035187390469898	false	0.5
erschrecken	neg 1.0		off 0.5288849729876642 neg 0.43031385250141657 __DUMMY__ 0.040801174510919094	false	0.5
opfer	neg 1.0		off 0.5245528955427642 neg 0.4340140169831068 __DUMMY__ 0.0414330874741289	false	0.5
sinken	neg 1.0		off 0.5193826583784674 neg 0.43930648576438935 __DUMMY__ 0.04131085585714319	false	0.5
stinktier	neg 1.0		off 0.5316048850266628 neg 0.42840138951277 __DUMMY__ 0.03999372546056731	false	0.5
tucke	off 1.0		off 0.5355902342807851 neg 0.42465817418317253 __DUMMY__ 0.03975159153604232	false	1.0
ein			off 0.5223228285349476 neg 0.436801683376484 __DUMMY__ 0.04087548808856841	false	0.0
abstieg	neg 1.0		off 0.5272501038839503 neg 0.43124989016083903 __DUMMY__ 0.041500005955210716	false	0.5
missverstehen	neg 1.0		off 0.5280568643464825 neg 0.43105840875931706 __DUMMY__ 0.040884726894200606	false	0.5
ergebnislos	neg 1.0		off 0.5249623070153707 neg 0.4335403877608589 __DUMMY__ 0.041497305223770216	false	0.5
unter			off 0.5177994864792476 neg 0.4401973837102739 __DUMMY__ 0.04200312981047845	false	0.0
manipulieren	neg 1.0		off 0.5227061489118614 neg 0.4358961655445951 __DUMMY__ 0.04139768554354337	false	0.5
unbewiesen	neg 1.0		off 0.5261576764038396 neg 0.43290517837054904 __DUMMY__ 0.04093714522561138	false	0.5
verschleppen	neg 1.0		off 0.5230689425380611 neg 0.4357424489485217 __DUMMY__ 0.04118860851341725	false	0.5
weib	off 1.0		off 0.5376084707873362 neg 0.422455767457735 __DUMMY__ 0.03993576175492882	false	1.0
opposition	neg 1.0		off 0.5257252717316468 neg 0.43345522841468964 __DUMMY__ 0.04081949985366353	false	0.5
verkehrswidrig	neg 1.0		off 0.537943794951033 neg 0.421380395918628 __DUMMY__ 0.04067580913033908	false	0.5
inkorrekt	neg 1.0		off 0.5328712683001668 neg 0.4266585802615579 __DUMMY__ 0.040470151438275294	false	0.5
vermeiden	neg 1.0		off 0.5199087765591703 neg 0.43836837847670224 __DUMMY__ 0.04172284496412738	false	0.5
abweichung	neg 1.0		off 0.5245613612927571 neg 0.4341682847190675 __DUMMY__ 0.041270353988175336	false	0.5
alkoholisiert	neg 1.0		off 0.5248493646588195 neg 0.43350404050153785 __DUMMY__ 0.04164659483964255	false	0.5
scheiss	off 1.0	off 1.0	off 0.7526185317603892 neg 0.2281284547008151 __DUMMY__ 0.01925301353879569	false	1.0
herausforderung	neg 1.0		off 0.5237821109063784 neg 0.4349790274425578 __DUMMY__ 0.04123886165106397	false	0.5
pervers	off 1.0		off 0.5398539429860302 neg 0.42032531428487957 __DUMMY__ 0.039820742729090294	false	1.0
wackelig	neg 1.0		off 0.5236224121813314 neg 0.435134363809181 __DUMMY__ 0.041243224009487454	false	0.5
verwickeln	neg 1.0		off 0.5269248475762954 neg 0.43216587337266804 __DUMMY__ 0.040909279051036467	false	0.5
vorwand	neg 1.0		off 0.5211898260298975 neg 0.43736663228454026 __DUMMY__ 0.04144354168556227	false	0.5
muschi	off 1.0		off 0.52693088022369 neg 0.4318290952260812 __DUMMY__ 0.0412400245502288	false	1.0
entmutigung	neg 1.0		off 0.5247086397650046 neg 0.4346745657533171 __DUMMY__ 0.04061679448167824	false	0.5
unangemessen	neg 1.0		off 0.5251321327455044 neg 0.433688309439073 __DUMMY__ 0.041179557815422485	false	0.5
unstetig	neg 1.0		off 0.5298942614481312 neg 0.4292518429494459 __DUMMY__ 0.04085389560242287	false	0.5
entmutigen	neg 1.0		off 0.5260314312789389 neg 0.4330008504663546 __DUMMY__ 0.04096771825470658	false	0.5
schwanz	neg 1.0		off 0.524539771431996 neg 0.4341613789889221 __DUMMY__ 0.04129884957908181	false	0.5
verbot	neg 1.0		off 0.5235401136929346 neg 0.43539120523241787 __DUMMY__ 0.04106868107464737	false	0.5
leid	neg 1.0		off 0.5343240794396461 neg 0.4253308857234306 __DUMMY__ 0.04034503483692329	false	0.5
archaisch	neg 1.0		off 0.5243572767633328 neg 0.43449949141873856 __DUMMY__ 0.041143231817928796	false	0.5
gegen			off 0.5221774973079509 neg 0.43623709259961063 __DUMMY__ 0.04158541009243843	false	0.0
scheidung	neg 1.0		off 0.5456250970851859 neg 0.4144765605131123 __DUMMY__ 0.0398983424017018	false	0.5
einschlag	neg 1.0		off 0.5364524302055771 neg 0.42282715647952734 __DUMMY__ 0.040720413314895565	false	0.5
m			off 0.5242995237914404 neg 0.43446571537659817 __DUMMY__ 0.041234760831961495	false	0.0
abgestanden	neg 1.0		off 0.5203762221612901 neg 0.43908444298700716 __DUMMY__ 0.04053933485170287	false	0.5
schmierig	off 1.0		off 0.5330452023843228 neg 0.4266721387201209 __DUMMY__ 0.04028265889555625	false	1.0
unpraktisch	neg 1.0		off 0.527184233439901 neg 0.43181098884074987 __DUMMY__ 0.041004777719349045	false	0.5
wixxer	off 1.0		off 0.5391361132176273 neg 0.4211605906730793 __DUMMY__ 0.039703296109293296	false	1.0
bezeichnet			off 0.5267329005189265 neg 0.43214580740943137 __DUMMY__ 0.041121292071642036	false	0.0
jammerlappen	off 1.0		off 0.5296477642478282 neg 0.42964217255321574 __DUMMY__ 0.04071006319895595	false	1.0
farce	neg 1.0		off 0.5245730337327946 neg 0.434488630150198 __DUMMY__ 0.04093833611700734	false	0.5
zwecklos	neg 1.0		off 0.5235557471937965 neg 0.43527309919732843 __DUMMY__ 0.04117115360887523	false	0.5
turbulent	neg 1.0		off 0.5308931679711637 neg 0.42861038547085456 __DUMMY__ 0.040496446557981826	false	0.5
invasion	neg 1.0		off 0.5278262289222709 neg 0.43128771117538767 __DUMMY__ 0.04088605990234135	false	0.5
schuld	neg 1.0		off 0.5267947501482088 neg 0.4322084301780312 __DUMMY__ 0.040996819673760156	false	0.5
risiko	neg 1.0		off 0.5257598669722872 neg 0.43348080406097067 __DUMMY__ 0.04075932896674227	false	0.5
finster	neg 1.0		off 0.5229101275534868 neg 0.43624759909500266 __DUMMY__ 0.04084227335151052	false	0.5
geisteskrank	off 1.0		off 0.5318664972134677 neg 0.4275782983335519 __DUMMY__ 0.040555204452980574	false	1.0
zusammenbrechen	neg 1.0		off 0.5233044887392299 neg 0.43556750827297114 __DUMMY__ 0.04112800298779898	false	0.5
ausbeute	neg 1.0		off 0.5262971792530173 neg 0.4324323568835252 __DUMMY__ 0.04127046386345757	false	0.5
hinterhalt	neg 1.0		off 0.5250433762884771 neg 0.4337821668730256 __DUMMY__ 0.04117445683849731	false	0.5
kritik	neg 1.0		off 0.524363892492142 neg 0.43467850184097495 __DUMMY__ 0.04095760566688296	false	0.5
einschrumpfen	neg 1.0		off 0.5290020947155997 neg 0.43039400539478395 __DUMMY__ 0.040603899889616456	false	0.5
riskant	neg 1.0		off 0.5218281913377715 neg 0.43683432496818037 __DUMMY__ 0.04133748369404802	false	0.5
frustrieren	neg 1.0		off 0.522167755933503 neg 0.43658769227537286 __DUMMY__ 0.04124455179112409	false	0.5
groll	neg 1.0		off 0.5248634266538215 neg 0.43387736989711184 __DUMMY__ 0.041259203449066605	false	0.5
gibt			off 0.5238585064138982 neg 0.43490366242330836 __DUMMY__ 0.0412378311627935	false	0.0
qualvoll	neg 1.0		off 0.5267110459297316 neg 0.4324273128567539 __DUMMY__ 0.040861641213514634	false	0.5
wackeln	neg 1.0		off 0.5248955396387472 neg 0.4340733461850182 __DUMMY__ 0.041031114176234604	false	0.5
klagen	neg 1.0		off 0.5207982050946249 neg 0.4378275319177161 __DUMMY__ 0.04137426298765896	false	0.5
bankrott	neg 1.0		off 0.5304348927862825 neg 0.42871779927764797 __DUMMY__ 0.04084730793606946	false	0.5
trauern	neg 1.0		off 0.5249421193125681 neg 0.43345358026656244 __DUMMY__ 0.04160430042086963	false	0.5
ablehnung	neg 1.0		off 0.5239768529465444 neg 0.4350120869085822 __DUMMY__ 0.041011060144873435	false	0.5
stur	neg 1.0		off 0.525885363644239 neg 0.43319969315316725 __DUMMY__ 0.04091494320259381	false	0.5
aufruhr	neg 1.0		off 0.5251866351818052 neg 0.43382383737383223 __DUMMY__ 0.04098952744436239	false	0.5
melancholie	neg 1.0		off 0.5190295356264776 neg 0.43985417972304375 __DUMMY__ 0.04111628465047862	false	0.5
ist			off 0.5270112813746453 neg 0.4320369961759131 __DUMMY__ 0.040951722449441647	false	0.0
torheit	neg 1.0		off 0.5269891186875296 neg 0.4320192838276208 __DUMMY__ 0.04099159748484966	false	0.5
dreckskind	off 1.0		off 0.5373626005235967 neg 0.4225815282301401 __DUMMY__ 0.04005587124626312	false	1.0
umtauschen	neg 1.0		off 0.5246736188732253 neg 0.4342767653847776 __DUMMY__ 0.04104961574199701	false	0.5
zum			off 0.522473581490296 neg 0.43557732786833375 __DUMMY__ 0.04194909064137027	false	0.0
zersetzen	neg 1.0		off 0.5206903267765658 neg 0.438058398649094 __DUMMY__ 0.041251274574340156	false	0.5
zur			off 0.5203939225659953 neg 0.43785579920501766 __DUMMY__ 0.041750278228987046	false	0.0
frust	neg 1.0		off 0.5231615427963516 neg 0.43568772364620145 __DUMMY__ 0.04115073355744703	false	0.5
unerbittlichkeit	neg 1.0		off 0.5236058582337779 neg 0.43499279198284163 __DUMMY__ 0.041401349783380344	false	0.5
zwei			off 0.5192150583997757 neg 0.4390719187984823 __DUMMY__ 0.041713022801742036	false	0.0
unkorrekt	neg 1.0		off 0.5316605653187365 neg 0.4278219627875926 __DUMMY__ 0.0405174718936709	false	0.5
hexe	off 1.0		off 0.5266513374491453 neg 0.4328900449093021 __DUMMY__ 0.040458617641552765	false	1.0
lasch	neg 1.0		off 0.5288118160980608 neg 0.43043455774617206 __DUMMY__ 0.04075362615576712	false	0.5
rivale	neg 1.0		off 0.5339242090799452 neg 0.42554580807197284 __DUMMY__ 0.04052998284808199	false	0.5
mutlos	off 1.0	off 1.0	off 0.7486028492869486 neg 0.2317370159095244 __DUMMY__ 0.019660134803526956	false	1.0
wirr	off 1.0		off 0.5325289919772616 neg 0.42714390753614395 __DUMMY__ 0.04032710048659466	false	1.0
jahr			off 0.5255985740586673 neg 0.432706411630068 __DUMMY__ 0.0416950143112646	false	0.0
wird			off 0.5236603877055465 neg 0.43504666218861926 __DUMMY__ 0.04129295010583426	false	0.0
strafbar	neg 1.0		off 0.5229407060469482 neg 0.43570299578101346 __DUMMY__ 0.041356298172038244	false	0.5
erosion	neg 1.0		off 0.5264682231035253 neg 0.4324317717747313 __DUMMY__ 0.041100005121743464	false	0.5
eingehen	neg 1.0		off 0.5218000892374614 neg 0.4369640504631818 __DUMMY__ 0.0412358602993569	false	0.5
faul	off 1.0		off 0.5292042350996141 neg 0.4300255938892202 __DUMMY__ 0.04077017101116575	false	1.0
provisorium	neg 1.0		off 0.5182418685967506 neg 0.4397270432915825 __DUMMY__ 0.04203108811166681	false	0.5
schmerzen	neg 1.0		off 0.5227925860330407 neg 0.4362440170034797 __DUMMY__ 0.04096339696347957	false	0.5
schrumpfen	neg 1.0		off 0.517186827926172 neg 0.4413650897828957 __DUMMY__ 0.04144808229093234	false	0.5
geistlos	off 1.0		off 0.5272614098078413 neg 0.4319715393337006 __DUMMY__ 0.04076705085845805	false	1.0
fehlkauf	neg 1.0		off 0.5275702766280224 neg 0.4315768090793926 __DUMMY__ 0.04085291429258507	false	0.5
frustrierend	neg 1.0		off 0.5284583037727317 neg 0.43076397889243506 __DUMMY__ 0.04077771733483321	false	0.5
unzufrieden	neg 1.0		off 0.5237382114239552 neg 0.43504442007083666 __DUMMY__ 0.04121736850520827	false	0.5
verzweifeln	neg 1.0		off 0.5248727005628762 neg 0.4339826695542145 __DUMMY__ 0.041144629882909435	false	0.5
verzweifelt	neg 1.0		off 0.5259790755625884 neg 0.4331035065737659 __DUMMY__ 0.04091741786364577	false	0.5
misstrauensantrag	neg 1.0		off 0.5266820295127393 neg 0.43247022198141893 __DUMMY__ 0.04084774850584167	false	0.5
abfallen	neg 1.0		off 0.5248133948747449 neg 0.4342236122962451 __DUMMY__ 0.040962992829010045	false	0.5
fucker	off 1.0		off 0.5330849876184763 neg 0.42635573760274587 __DUMMY__ 0.04055927477877789	false	1.0
ungezogen	neg 1.0		off 0.5384285713548324 neg 0.4215632217728459 __DUMMY__ 0.04000820687232162	false	0.5
irrsinnig	neg 1.0	neg 1.0	neg 0.7005214163943182 off 0.2799647058309149 __DUMMY__ 0.019513877774766944	false	1.0
unfassbar	neg 1.0		off 0.5309782287504935 neg 0.42832093043511305 __DUMMY__ 0.0407008408143935	false	0.5
hart	neg 1.0		off 0.5290140349825468 neg 0.43054088789136524 __DUMMY__ 0.04044507712608797	false	0.5
widerlich	off 1.0		off 0.5310316874061136 neg 0.4283476755721639 __DUMMY__ 0.040620637021722444	false	1.0
fatal	neg 1.0	neg 1.0	neg 0.7009906168280723 off 0.2796598865401532 __DUMMY__ 0.01934949663177464	false	1.0
bruch	neg 1.0		off 0.5199148095449536 neg 0.43859918741177056 __DUMMY__ 0.04148600304327573	false	0.5
aushungern	neg 1.0		off 0.523595085612424 neg 0.43535706279906405 __DUMMY__ 0.04104785158851194	false	0.5
anspannung	neg 1.0		off 0.5203564101552227 neg 0.43784385087565125 __DUMMY__ 0.04179973896912588	false	0.5
von			off 0.5215416969511767 neg 0.4370267394654231 __DUMMY__ 0.04143156358340016	false	0.0
kraftlos	neg 1.0		off 0.5228085273674156 neg 0.435993701043146 __DUMMY__ 0.04119777158943848	false	0.5
vom			off 0.5196258463543106 neg 0.4382813775588099 __DUMMY__ 0.04209277608687944	false	0.0
grenzdebil	off 1.0		off 0.5301419350600594 neg 0.4292819594175012 __DUMMY__ 0.040576105522439405	false	1.0
vor			off 0.5206059978659212 neg 0.43787787638676695 __DUMMY__ 0.041516125747311845	false	0.0
unterwerfen	neg 1.0		off 0.5239134195058062 neg 0.43473037725331787 __DUMMY__ 0.04135620324087596	false	0.5
versenkung	neg 1.0		off 0.523507848437045 neg 0.4350873519336438 __DUMMY__ 0.04140479962931121	false	0.5
entziehen	neg 1.0		off 0.52123622118486 neg 0.4373021481148047 __DUMMY__ 0.041461630700335414	false	0.5
finanzkrise	neg 1.0		off 0.5201767211310252 neg 0.43923326437159516 __DUMMY__ 0.04059001449737961	false	0.5
schimpfend	neg 1.0		off 0.5274230781879392 neg 0.43147620725082947 __DUMMY__ 0.04110071456123124	false	0.5
profan	neg 1.0		off 0.5268488645673739 neg 0.4323164746866075 __DUMMY__ 0.040834660746018554	false	0.5
korruption	neg 1.0		off 0.5223135693850832 neg 0.4366777869398495 __DUMMY__ 0.041008643675067284	false	0.5
â			off 0.5235766553411209 neg 0.43517282865446083 __DUMMY__ 0.041250516004418473	false	0.0
schmutzig	neg 1.0		off 0.5300978015376558 neg 0.4293462191637508 __DUMMY__ 0.040555979298593337	false	0.5
sexy	neg 1.0		off 0.52960013924283 neg 0.42952447302327906 __DUMMY__ 0.040875387733890774	false	0.5
abraten	neg 1.0		off 0.5276944032035862 neg 0.4313312816231958 __DUMMY__ 0.04097431517321814	false	0.5
schwarz	neg 1.0		off 0.5280388090561433 neg 0.43100652600639583 __DUMMY__ 0.04095466493746099	false	0.5
fotze	off 1.0	off 1.0	off 0.7495385195468992 neg 0.23077851266786495 __DUMMY__ 0.01968296778523586	false	1.0
verwirren	neg 1.0		off 0.5276732066066386 neg 0.43144978612374874 __DUMMY__ 0.040877007269612575	false	0.5
zahnlos	off 1.0		off 0.5245138592447036 neg 0.43432946732673033 __DUMMY__ 0.04115667342856607	false	1.0
verheeren	neg 1.0		off 0.539634720356802 neg 0.42041553735876963 __DUMMY__ 0.03994974228442837	false	0.5
hippie	neg 1.0		off 0.5288476484575457 neg 0.43029875527476513 __DUMMY__ 0.04085359626768916	false	0.5
rammen	neg 1.0		off 0.5271081925405215 neg 0.431811217993423 __DUMMY__ 0.04108058946605542	false	0.5
unlauter	neg 1.0		off 0.5265970030878704 neg 0.4325708414281853 __DUMMY__ 0.04083215548394428	false	0.5
unheilvoll	neg 1.0		off 0.525898395372404 neg 0.433200751618271 __DUMMY__ 0.04090085300932486	false	0.5
niedrig	neg 1.0		off 0.5214436062621782 neg 0.437484378875259 __DUMMY__ 0.04107201486256269	false	0.5
explosion	neg 1.0		off 0.5291651963507045 neg 0.42994402223408895 __DUMMY__ 0.040890781415206585	false	0.5
weichei	off 1.0	off 1.0	off 0.7537316692632462 neg 0.227215288504396 __DUMMY__ 0.019053042232357813	false	1.0
minusmensch	off 1.0		off 0.5394252259689796 neg 0.42061965682387037 __DUMMY__ 0.039955117207150226	false	1.0
farblos	neg 1.0		off 0.5268473342594123 neg 0.4321826094849279 __DUMMY__ 0.04097005625565984	false	0.5
unwissend	neg 1.0	neg 1.0	neg 0.6990443912214402 off 0.2815945940963594 __DUMMY__ 0.019361014682200486	false	1.0
traurig	neg 1.0		off 0.533041208205866 neg 0.4264366221592368 __DUMMY__ 0.040522169634897263	false	0.5
senkung	neg 1.0		off 0.5243587126100372 neg 0.4351341637236034 __DUMMY__ 0.04050712366635949	false	0.5
ungleich	neg 1.0	neg 1.0	neg 0.7021828854779653 off 0.2781533049277523 __DUMMY__ 0.0196638095942824	false	1.0
heikel	neg 1.0		off 0.5221360019393474 neg 0.4365238218029692 __DUMMY__ 0.04134017625768336	false	0.5
drosselung	neg 1.0		off 0.5284353729168337 neg 0.43119220203880565 __DUMMY__ 0.04037242504436053	false	0.5
falsch	neg 1.0		off 0.5296781391191433 neg 0.42947068709449693 __DUMMY__ 0.04085117378635976	false	0.5
unzufriedenheit	neg 1.0		off 0.5207901274808204 neg 0.43795690537895876 __DUMMY__ 0.0412529671402209	false	0.5
kurz	neg 1.0		off 0.5248766536439192 neg 0.43383177184213567 __DUMMY__ 0.04129157451394512	false	0.5
unsinnig	neg 1.0		off 0.523763332859388 neg 0.4352254661940449 __DUMMY__ 0.0410112009465672	false	0.5
penner	off 1.0	off 1.0	off 0.7550055828939244 neg 0.22595774605376895 __DUMMY__ 0.019036671052306765	false	1.0
seicht	neg 1.0		off 0.5354098441405468 neg 0.42473721645377716 __DUMMY__ 0.03985293940567592	false	0.5
dummheit	off 1.0	off 1.0	off 0.7505330604587647 neg 0.23005742506632285 __DUMMY__ 0.019409514474912522	false	1.0
unerfreulich	neg 1.0		off 0.5220576416929231 neg 0.43656825921492937 __DUMMY__ 0.04137409909214757	false	0.5
motherfucker	off 1.0	off 1.0	off 0.7532341577025305 neg 0.22747590829159922 __DUMMY__ 0.01928993400587026	false	1.0
pikiert	neg 1.0		off 0.5292195797967598 neg 0.43017137085947404 __DUMMY__ 0.04060904934376619	false	0.5
wrack	neg 1.0		off 0.5284096595856108 neg 0.4300198650207706 __DUMMY__ 0.041570475393618744	false	0.5
gangster	neg 1.0		off 0.5289246946951818 neg 0.4302454494723563 __DUMMY__ 0.04082985583246192	false	0.5
krank	neg 1.0		off 0.5311268014027979 neg 0.42821882485595036 __DUMMY__ 0.04065437374125171	false	0.5
reich	neg 1.0		off 0.52585271086992 neg 0.43370348219026067 __DUMMY__ 0.04044380693981929	false	0.5
gnadenlos	neg 1.0		off 0.5270541455691506 neg 0.4318879155693182 __DUMMY__ 0.041057938861531265	false	0.5
niedergeschlagen	neg 1.0		off 0.5243024123004906 neg 0.43440752646072117 __DUMMY__ 0.041290061238788145	false	0.5
terrorisieren	off 1.0	off 1.0	off 0.7481574771386778 neg 0.2321340947432805 __DUMMY__ 0.019708428118041667	false	1.0
sinnlosigkeit	neg 1.0		off 0.5242145467421573 neg 0.4345947675367062 __DUMMY__ 0.04119068572113661	false	0.5
behindern	neg 1.0		off 0.525159930153287 neg 0.43380232663149065 __DUMMY__ 0.04103774321522236	false	0.5
undemokratisch	neg 1.0		off 0.5268701925095549 neg 0.4322972358010593 __DUMMY__ 0.040832571689385894	false	0.5
wirtschaftskrise	neg 1.0		off 0.52115258822091 neg 0.4379024936626837 __DUMMY__ 0.04094491811640633	false	0.5
neid	neg 1.0		off 0.527842225288547 neg 0.43137954175726767 __DUMMY__ 0.04077823295418527	false	0.5
rutschen	neg 1.0		off 0.5185686774900491 neg 0.4397416276485212 __DUMMY__ 0.04168969486142964	false	0.5
rezession	neg 1.0		off 0.5283466616562755 neg 0.4316110631935925 __DUMMY__ 0.040042275150132076	false	0.5
fehlgeburt	neg 1.0		off 0.526898237815085 neg 0.43200097794170395 __DUMMY__ 0.041100784243211105	false	0.5
charakterschwach	off 1.0		off 0.5301739845684832 neg 0.42921766321563615 __DUMMY__ 0.040608352215880626	false	1.0
isolation	neg 1.0		off 0.5300435490843973 neg 0.4290646810862335 __DUMMY__ 0.04089176982936915	false	0.5
ablenkung	neg 1.0		off 0.526043934581855 neg 0.4328104298557742 __DUMMY__ 0.04114563556237078	false	0.5
pech	neg 1.0		off 0.5284726957588703 neg 0.43082833222465033 __DUMMY__ 0.040698972016479214	false	0.5
vermeidung	neg 1.0		off 0.529763655327793 neg 0.429708924999861 __DUMMY__ 0.04052741967234602	false	0.5
dominieren	neg 1.0		off 0.5248152994857466 neg 0.4339999124549338 __DUMMY__ 0.04118478805931951	false	0.5
schwindlig	neg 1.0		off 0.5264816207057139 neg 0.4326739129913761 __DUMMY__ 0.04084446630290997	false	0.5
lutscher	neg 1.0		off 0.5371052326688035 neg 0.4231411862841948 __DUMMY__ 0.03975358104700166	false	0.5
pflicht	neg 1.0		off 0.5219115277023102 neg 0.43658078630237374 __DUMMY__ 0.04150768599531604	false	0.5
faschist	off 1.0		off 0.5291754525322101 neg 0.4299933287411753 __DUMMY__ 0.040831218726614424	false	1.0
verschleudern	neg 1.0		off 0.5194652017085623 neg 0.43956137895713565 __DUMMY__ 0.040973419334302125	false	0.5
wenn			off 0.5290625964028521 neg 0.4302369687569443 __DUMMY__ 0.04070043484020349	false	0.0
ehebruch	neg 1.0		off 0.5230442971552156 neg 0.4357486836834759 __DUMMY__ 0.041207019161308554	false	0.5
spott	off 1.0		off 0.5242945604525617 neg 0.4343648600600867 __DUMMY__ 0.0413405794873516	false	1.0
trostlosigkeit	neg 1.0		off 0.5198014431243438 neg 0.43888476627190426 __DUMMY__ 0.04131379060375203	false	0.5
lutschen	neg 1.0		off 0.5302136241029914 neg 0.4289371155684262 __DUMMY__ 0.04084926032858237	false	0.5
undiszipliniert	neg 1.0		off 0.531933664978651 neg 0.42755088001352476 __DUMMY__ 0.04051545500782427	false	0.5
kopfschmerz	neg 1.0		off 0.5198334259009263 neg 0.4392017451201414 __DUMMY__ 0.040964828978932374	false	0.5
unvorhergesehen	neg 1.0		off 0.5219817683939568 neg 0.43654725563412344 __DUMMY__ 0.04147097597191969	false	0.5
desinteressiert	neg 1.0		off 0.5312603345858111 neg 0.42819630708044154 __DUMMY__ 0.0405433583337473	false	0.5
armselig	off 1.0		off 0.5335923251723995 neg 0.425956694341742 __DUMMY__ 0.04045098048585841	false	1.0
desaster	neg 1.0		off 0.5195897339765598 neg 0.4390345566150044 __DUMMY__ 0.0413757094084357	false	0.5
tod	neg 1.0		off 0.5232123499590174 neg 0.4354663644316925 __DUMMY__ 0.04132128560929016	false	0.5
herzlos	neg 1.0		off 0.5326932911695309 neg 0.426864717324482 __DUMMY__ 0.04044199150598722	false	0.5
unwissenheit	neg 1.0		off 0.5237907520872942 neg 0.4350155912521527 __DUMMY__ 0.041193656660553	false	0.5
widersinnig	neg 1.0		off 0.522831525176683 neg 0.4362578199767782 __DUMMY__ 0.04091065484653872	false	0.5
bedenklich	neg 1.0		off 0.5224844218125304 neg 0.4363197953176003 __DUMMY__ 0.041195782869869274	false	0.5
beanstanden	neg 1.0		off 0.5230647994162899 neg 0.43541390871295044 __DUMMY__ 0.041521291870759675	false	0.5
panisch	neg 1.0		off 0.5275935853359198 neg 0.4314299188421643 __DUMMY__ 0.040976495821915794	false	0.5
debil	off 1.0		off 0.5177409891579752 neg 0.4403866696919757 __DUMMY__ 0.041872341150049175	false	1.0
abstrich	neg 1.0		off 0.5249533945400829 neg 0.433900421755342 __DUMMY__ 0.04114618370457498	false	0.5
primitiv	neg 1.0		off 0.5318003810817119 neg 0.4276240338276936 __DUMMY__ 0.04057558509059453	false	0.5
abschaum	off 1.0	off 1.0	off 0.7528915664078456 neg 0.22768615554856134 __DUMMY__ 0.01942227804359296	false	1.0
provozieren	neg 1.0		off 0.526073176813718 neg 0.43296265691124164 __DUMMY__ 0.04096416627504023	false	0.5
tot	neg 1.0		off 0.5244827990033035 neg 0.4343145264294428 __DUMMY__ 0.04120267456725359	false	0.5
instabil	neg 1.0		off 0.5320400496473602 neg 0.42770220501030237 __DUMMY__ 0.0402577453423375	false	0.5
schwuchtel	off 1.0	off 1.0	off 0.7583883822403695 neg 0.22281598790358617 __DUMMY__ 0.018795629856044334	false	1.0
zerren	neg 1.0		off 0.5240564118758491 neg 0.4346626419097292 __DUMMY__ 0.041280946214421625	false	0.5
kinderficker	off 1.0		off 0.5353175196369874 neg 0.42440701912439777 __DUMMY__ 0.0402754612386148	false	1.0
gefahr	neg 1.0		off 0.5222338932645084 neg 0.43629835832609076 __DUMMY__ 0.0414677484094008	false	0.5
rabiat	neg 1.0		off 0.5240105442198623 neg 0.43496636259866267 __DUMMY__ 0.041023093181475005	false	0.5
verlangsamung	neg 1.0		off 0.5353943224293302 neg 0.42456572763521466 __DUMMY__ 0.040039949935455295	false	0.5
ausgestorben	neg 1.0		off 0.5252305777619144 neg 0.43358062241562706 __DUMMY__ 0.04118879982245855	false	0.5
anklagen	neg 1.0		off 0.5246587146210628 neg 0.43417396066112746 __DUMMY__ 0.041167324717809754	false	0.5
trott	neg 1.0		off 0.5259296515386265 neg 0.4329865614227903 __DUMMY__ 0.04108378703858327	false	0.5
verminderung	neg 1.0		off 0.5298147827669208 neg 0.42966185275746294 __DUMMY__ 0.040523364475616205	false	0.5
nach			off 0.5189671506513961 neg 0.43914005365658293 __DUMMY__ 0.041892795692021034	false	0.0
rost	neg 1.0		off 0.5400131632321604 neg 0.4197110692425118 __DUMMY__ 0.040275767525327834	false	0.5
destruktiv	neg 1.0		off 0.5249645655739077 neg 0.434026478717976 __DUMMY__ 0.04100895570811645	false	0.5
unzumutbarkeit	neg 1.0		off 0.5318496847016133 neg 0.4274402596229313 __DUMMY__ 0.04071005567545549	false	0.5
labil	off 1.0	off 1.0	off 0.7519093901324497 neg 0.2287054738925843 __DUMMY__ 0.01938513597496596	false	1.0
ziemlich	neg 1.0		off 0.5310920671406917 neg 0.4281577210288569 __DUMMY__ 0.040750211830451556	false	0.5
lachnummer	off 1.0		off 0.52661579868635 neg 0.43230155836580103 __DUMMY__ 0.04108264294784899	false	1.0
oder			off 0.5266738984412617 neg 0.4322355923072943 __DUMMY__ 0.04109050925144404	false	0.0
verfall	neg 1.0		off 0.5177693626107962 neg 0.44074930182623906 __DUMMY__ 0.04148133556296462	false	0.5
ausgrenzung	neg 1.0		off 0.5267331700991278 neg 0.4324384292974762 __DUMMY__ 0.04082840060339589	false	0.5
unordnung	neg 1.0		off 0.5349278610604525 neg 0.42463290513648216 __DUMMY__ 0.04043923380306531	false	0.5
fehlverhalten	neg 1.0		off 0.5226773620544576 neg 0.43598574255951394 __DUMMY__ 0.04133689538602851	false	0.5
eine			off 0.5202303953447059 neg 0.43836534850753606 __DUMMY__ 0.041404256147758035	false	0.0
nille	neg 1.0		off 0.5270272575698003 neg 0.4318411889807456 __DUMMY__ 0.041131553449454135	false	0.5
qual	neg 1.0		off 0.5254430718060565 neg 0.43347190997651264 __DUMMY__ 0.04108501821743074	false	0.5
verschwenden	neg 1.0		off 0.5207965425020963 neg 0.4380043111040962 __DUMMY__ 0.04119914639380763	false	0.5
riesig	neg 1.0		off 0.5238028059512131 neg 0.4348119178594985 __DUMMY__ 0.041385276189288486	false	0.5
verurteilen	neg 1.0		off 0.524256046765421 neg 0.4345680846887074 __DUMMY__ 0.041175868545871526	false	0.5
klischee	neg 1.0	neg 1.0	neg 0.6997973130219746 off 0.2808360393119942 __DUMMY__ 0.019366647666031262	false	1.0
diktatorisch	neg 1.0		off 0.5271509902318926 neg 0.43200943439113715 __DUMMY__ 0.040839575376970194	false	0.5
vorhersehbar	neg 1.0		off 0.5273696488627758 neg 0.4318586938177478 __DUMMY__ 0.04077165731947642	false	0.5
sowie			off 0.533325398986086 neg 0.4264952936257981 __DUMMY__ 0.04017930738811585	false	0.0
stornieren	neg 1.0		off 0.53169718078775 neg 0.42710185366255576 __DUMMY__ 0.04120096554969428	false	0.5
besteuerung	neg 1.0	neg 1.0	neg 0.7023604660079418 off 0.2782934076743699 __DUMMY__ 0.019346126317688322	false	1.0
ungeschminkt	neg 1.0		off 0.532048293150688 neg 0.4273821218254027 __DUMMY__ 0.04056958502390926	false	0.5
kritisch	neg 1.0		off 0.5239243536733771 neg 0.4348602948316088 __DUMMY__ 0.041215351495014325	false	0.5
schlamperei	off 1.0		off 0.5229651713670187 neg 0.43573977272042214 __DUMMY__ 0.041295055912559095	false	1.0
sucht	neg 1.0	neg 1.0	neg 0.6989840237900348 off 0.2814097218094492 __DUMMY__ 0.019606254400515923	false	1.0
egoistisch	off 1.0	off 1.0	off 0.7550504723098048 neg 0.2257573706485902 __DUMMY__ 0.01919215704160496	false	1.0
ausbeuter	off 1.0		off 0.5204626446000216 neg 0.4383724308472944 __DUMMY__ 0.04116492455268416	false	1.0
arschgeburt	off 1.0		off 0.541374370925336 neg 0.41904315699812344 __DUMMY__ 0.0395824720765405	false	1.0
schubs	neg 1.0		off 0.5214619744035494 neg 0.4374679615193822 __DUMMY__ 0.041070064077068515	false	0.5
unsolide	neg 1.0		off 0.5277996891327517 neg 0.43136788287853106 __DUMMY__ 0.040832427988717425	false	0.5
beschwerde	neg 1.0		off 0.5246390373726629 neg 0.43413432145619013 __DUMMY__ 0.04122664117114695	false	0.5
stocken	neg 1.0		off 0.523187473205198 neg 0.4355686047827015 __DUMMY__ 0.04124392201210047	false	0.5
isolieren	neg 1.0		off 0.5228467206480026 neg 0.43608526310267576 __DUMMY__ 0.04106801624932155	false	0.5
unheilbar	neg 1.0		off 0.5253934611537934 neg 0.4335883790187809 __DUMMY__ 0.041018159827425855	false	0.5
pisser	off 1.0	off 1.0	off 0.754386904681261 neg 0.22629681552256886 __DUMMY__ 0.019316279796170142	false	1.0
löschen	neg 1.0		off 0.526466628007314 neg 0.4324915561197953 __DUMMY__ 0.041041815872890686	false	0.5
durchfallen	neg 1.0		off 0.5239213174747066 neg 0.43483905753858015 __DUMMY__ 0.04123962498671327	false	0.5
wichser	off 1.0	off 1.0	off 0.756445938987559 neg 0.22462252782391193 __DUMMY__ 0.01893153318852914	false	1.0
terror	neg 1.0		off 0.5287950683101239 neg 0.4303363486684402 __DUMMY__ 0.04086858302143595	false	0.5
krass	neg 1.0		off 0.5343402167155433 neg 0.4253218812422327 __DUMMY__ 0.04033790204222389	false	0.5
revolte	neg 1.0		off 0.526374245384506 neg 0.43305258611530856 __DUMMY__ 0.040573168500185434	false	0.5
besorgt	neg 1.0		off 0.5252870536601892 neg 0.43339995295991196 __DUMMY__ 0.0413129933798988	false	0.5
nachlassen	neg 1.0		off 0.5242919878317246 neg 0.4343606977679042 __DUMMY__ 0.04134731440037112	false	0.5
alt	neg 1.0		off 0.5187328957120997 neg 0.4404024832579451 __DUMMY__ 0.040864621029955285	false	0.5
hundesohn	off 1.0	off 1.0	off 0.7564309276451537 neg 0.22456651848515533 __DUMMY__ 0.019002553869690915	false	1.0
als			off 0.5231400391376617 neg 0.43574709437407494 __DUMMY__ 0.04111286648826347	false	0.0
abschreckung	neg 1.0		off 0.5212906522079613 neg 0.4373867729751469 __DUMMY__ 0.0413225748168919	false	0.5
unqualifiziert	neg 1.0		off 0.5296433325275275 neg 0.4295676136801918 __DUMMY__ 0.040789053792280594	false	0.5
abgewichst	off 1.0		off 0.5262321451691963 neg 0.4326144976560259 __DUMMY__ 0.04115335717477796	false	1.0
schwer	neg 1.0		off 0.5245632393656683 neg 0.43438758344713213 __DUMMY__ 0.041049177187199484	false	0.5
bedeutungslosigkeit	neg 1.0		off 0.5219818182254149 neg 0.43670152990555106 __DUMMY__ 0.041316651869034125	false	0.5
kapitulation	neg 1.0		off 0.5222986560471523 neg 0.4366054232879882 __DUMMY__ 0.04109592066485965	false	0.5
unscharf	neg 1.0		off 0.5241971524840137 neg 0.43521925171939185 __DUMMY__ 0.04058359579659448	false	0.5
schwinden	neg 1.0		off 0.5207393967635496 neg 0.4380748806999738 __DUMMY__ 0.041185722536476496	false	0.5
versklavung	neg 1.0	neg 1.0	neg 0.7007524109577402 off 0.27981272138687713 __DUMMY__ 0.019434867655382614	false	1.0
schlecht	neg 1.0		off 0.5314634200128078 neg 0.42776749339042636 __DUMMY__ 0.04076908659676596	false	0.5
verhasst	neg 1.0		off 0.5266530798302606 neg 0.4324276135714007 __DUMMY__ 0.04091930659833886	false	0.5
beschweren	neg 1.0		off 0.5281084045207741 neg 0.4308746625074398 __DUMMY__ 0.04101693297178605	false	0.5
scheiden	neg 1.0		off 0.5247683077095007 neg 0.4342738264677221 __DUMMY__ 0.04095786582277718	false	0.5
frustriert	neg 1.0		off 0.5247248082821763 neg 0.4341017545897192 __DUMMY__ 0.041173437128104486	false	0.5
schimmelig	neg 1.0		off 0.5213496719454154 neg 0.4376213595217185 __DUMMY__ 0.041028968532866125	false	0.5
fisch	neg 1.0		off 0.517189668244363 neg 0.4417211132185191 __DUMMY__ 0.041089218537117986	false	0.5
schmuggel	neg 1.0		off 0.5222065990831594 neg 0.43624380836993826 __DUMMY__ 0.04154959254690241	false	0.5
auffallen	neg 1.0		off 0.5275365404596652 neg 0.43156316594177674 __DUMMY__ 0.04090029359855788	false	0.5
konkurrenz	neg 1.0		off 0.5223440545569459 neg 0.43623652308790906 __DUMMY__ 0.04141942235514506	false	0.5
teufelskreis	neg 1.0	neg 1.0	neg 0.7024537282642052 off 0.278073320358598 __DUMMY__ 0.01947295137719678	false	1.0
aufschreien	neg 1.0		off 0.5273710777083184 neg 0.43183701015708953 __DUMMY__ 0.04079191213459222	false	0.5
schuldner	neg 1.0		off 0.519318496728599 neg 0.43960432700696456 __DUMMY__ 0.04107717626443651	false	0.5
missgeburt	off 1.0	off 1.0	off 0.7571089101764593 neg 0.22371045385871857 __DUMMY__ 0.019180635964822015	false	1.0
arbeitslos	neg 1.0		off 0.523666105378472 neg 0.4351031203491571 __DUMMY__ 0.041230774272370846	false	0.5
befallen	neg 1.0		off 0.5221914427651809 neg 0.436952009715027 __DUMMY__ 0.040856547519792015	false	0.5
miesepetrig	off 1.0	off 1.0	off 0.7517098049240304 neg 0.2289281646665745 __DUMMY__ 0.01936203040939515	false	1.0
alarmieren	neg 1.0		off 0.5302875508106271 neg 0.4289278380235258 __DUMMY__ 0.04078461116584719	false	0.5
ungeduscht	off 1.0		off 0.5287604989913374 neg 0.43055603601636633 __DUMMY__ 0.04068346499229614	false	1.0
knappheit	neg 1.0		off 0.5215847448792832 neg 0.43744318342814303 __DUMMY__ 0.0409720716925738	false	0.5
schlange	neg 1.0		off 0.5259439110091754 neg 0.4330174227203211 __DUMMY__ 0.04103866627050341	false	0.5
harsch	neg 1.0		off 0.5364003948546393 neg 0.42298519970166676 __DUMMY__ 0.04061440544369393	false	0.5
lang	neg 1.0		off 0.5272034705902823 neg 0.43179115046321753 __DUMMY__ 0.04100537894650017	false	0.5
ziellos	neg 1.0		off 0.5226942481978138 neg 0.4359414840625992 __DUMMY__ 0.04136426773958678	false	0.5
selbstverliebt	neg 1.0		off 0.5403111327895831 neg 0.41979402719240166 __DUMMY__ 0.03989484001801527	false	0.5
beseitigen	neg 1.0		off 0.5276384447989916 neg 0.4311221842489263 __DUMMY__ 0.041239370952082244	false	0.5
dumm	off 1.0		off 0.5357614763172672 neg 0.4240473487842881 __DUMMY__ 0.04019117489844462	false	1.0
arbeitsloser	neg 1.0		off 0.5264683752821299 neg 0.43205507859862635 __DUMMY__ 0.04147654611924364	false	0.5
blitzen	neg 1.0		off 0.5293512408803984 neg 0.4298357952242058 __DUMMY__ 0.04081296389539589	false	0.5
hilflos	neg 1.0		off 0.5234770068262934 neg 0.4353259054859474 __DUMMY__ 0.04119708768775918	false	0.5
eklig	off 1.0		off 0.5347662733781765 neg 0.4252035532538466 __DUMMY__ 0.04003017336797691	false	1.0
begriff			off 0.5255055727419523 neg 0.4333945831440185 __DUMMY__ 0.04109984411402922	false	0.0
hungersnot	neg 1.0		off 0.5220005698969429 neg 0.43699617731663026 __DUMMY__ 0.04100325278642688	false	0.5
ungesetzlich	neg 1.0		off 0.5266021724710667 neg 0.4325995896825883 __DUMMY__ 0.040798237846344974	false	0.5
verschwendung	neg 1.0		off 0.5217349031068876 neg 0.43696811832109017 __DUMMY__ 0.041296978572022205	false	0.5
schmerzvoll	neg 1.0		off 0.5260094301534088 neg 0.43311199926106936 __DUMMY__ 0.040878570585521884	false	0.5
vorzeitig	neg 1.0		off 0.5320344908220689 neg 0.42707962854478004 __DUMMY__ 0.04088588063315104	false	0.5
unvollkommenheit	neg 1.0		off 0.5251649762159042 neg 0.4336356031226034 __DUMMY__ 0.041199420661492465	false	0.5
intervenieren	neg 1.0		off 0.5209053937458302 neg 0.4379763484661158 __DUMMY__ 0.04111825778805407	false	0.5
banause	off 1.0		off 0.5342433369398437 neg 0.4259959367761101 __DUMMY__ 0.039760726284046276	false	1.0
rebell	neg 1.0		off 0.5171137411806187 neg 0.4415411167473944 __DUMMY__ 0.04134514207198671	false	0.5
unlogisch	neg 1.0		off 0.5325083633638628 neg 0.4269988281136568 __DUMMY__ 0.040492808522480384	false	0.5
leiden	neg 1.0		off 0.5233889165865279 neg 0.43501294298413284 __DUMMY__ 0.04159814042933924	false	0.5
abschaffung	neg 1.0		off 0.525392859788219 neg 0.43375654723262164 __DUMMY__ 0.0408505929791593	false	0.5
sturz	neg 1.0		off 0.5310105007369422 neg 0.4277539619472994 __DUMMY__ 0.04123553731575832	false	0.5
verkleinerung	neg 1.0		off 0.5266059515853265 neg 0.43287990722739383 __DUMMY__ 0.04051414118727965	false	0.5
schmarotzer	off 1.0		off 0.5239254617347253 neg 0.43494862905393544 __DUMMY__ 0.04112590921133924	false	1.0
bestrafung	neg 1.0	neg 1.0	neg 0.7001256353095971 off 0.28030052515135784 __DUMMY__ 0.01957383953904503	false	1.0
achtlos	neg 1.0		off 0.5244572133360824 neg 0.4343947527803951 __DUMMY__ 0.041148033883522485	false	0.5
ungeheuer	neg 1.0		off 0.5241212724456417 neg 0.43503549485744275 __DUMMY__ 0.04084323269691556	false	0.5
unaufrichtig	neg 1.0		off 0.5301352399351688 neg 0.42903200914521905 __DUMMY__ 0.04083275091961224	false	0.5
groggy	neg 1.0		off 0.5295778469877735 neg 0.42947815570619086 __DUMMY__ 0.04094399730603552	false	0.5
verletzlich	neg 1.0		off 0.5275540246221214 neg 0.431991905687302 __DUMMY__ 0.04045406969057651	false	0.5
