unsolidarisch	neg 1.0		__DUMMY__ 0.8753651798990305 off 0.0681764356588836 neg 0.056458384442085854	false	0.5
nachteilig	neg 1.0		__DUMMY__ 0.8837828106719879 off 0.063355405852404 neg 0.052861783475608014	false	0.5
skeptisch	neg 1.0		__DUMMY__ 0.882943969981402 off 0.06226100836392669 neg 0.05479502165467137	false	0.5
schrecklich	neg 1.0		__DUMMY__ 0.8704729783423789 off 0.07599884546544093 neg 0.053528176192180164	false	0.5
schlapp	neg 1.0	neg 1.0	neg 0.511603959109351 __DUMMY__ 0.4337891796738899 off 0.05460686121675904	false	1.0
abfall	neg 1.0		__DUMMY__ 0.8865657260446942 off 0.05907080343890479 neg 0.05436347051640104	false	0.5
widerspenstig	neg 1.0		__DUMMY__ 0.877427613665154 off 0.06602174844169402 neg 0.056550637893152	false	0.5
abrupt	neg 1.0		__DUMMY__ 0.881486293822778 off 0.06142481768574668 neg 0.05708888849147524	false	0.5
unwirksam	neg 1.0		__DUMMY__ 0.872252130051163 off 0.06740595455186599 neg 0.06034191539697105	false	0.5
angreifen	neg 1.0		__DUMMY__ 0.8830270393605204 off 0.061743956796869566 neg 0.05522900384261013	false	0.5
inkonsistent	neg 1.0		__DUMMY__ 0.8746652864129886 off 0.06934121956676986 neg 0.05599349402024154	false	0.5
abrutschen	neg 1.0		__DUMMY__ 0.8857823867280092 off 0.05874392497481887 neg 0.05547368829717196	false	0.5
unsicher	neg 1.0		__DUMMY__ 0.879547709203413 off 0.06677129141662495 neg 0.05368099937996206	false	0.5
bauernkind	off 1.0	off 1.0	off 0.529015515741958 __DUMMY__ 0.42668154694708194 neg 0.044302937310960015	false	1.0
angreifer	neg 1.0		__DUMMY__ 0.8793365698284994 off 0.07076790090565656 neg 0.049895529265844084	false	0.5
trennen	neg 1.0		__DUMMY__ 0.8841357469359904 off 0.06125179412090931 neg 0.05461245894310028	false	0.5
schmutz	neg 1.0		__DUMMY__ 0.8813628683451824 off 0.06953810546913819 neg 0.04909902618567941	false	0.5
inkonsistenz	neg 1.0		__DUMMY__ 0.8745663715419731 off 0.07194894187912836 neg 0.05348468657889841	false	0.5
erschreckend	neg 1.0		__DUMMY__ 0.8790539373350138 off 0.06627150665260538 neg 0.05467455601238075	false	0.5
ertrinken	neg 1.0		__DUMMY__ 0.8820827585426049 off 0.061108347900305254 neg 0.05680889355708983	false	0.5
pickelface	off 1.0		__DUMMY__ 0.8792285271699064 off 0.06740459173011076 neg 0.053366881099982735	false	1.0
seiner			__DUMMY__ 0.8836601064352951 off 0.06198278229724467 neg 0.05435711126746019	false	0.0
lauch	neg 1.0	neg 1.0	neg 0.5115824741362367 __DUMMY__ 0.4435596779223165 off 0.044857847941446816	false	1.0
unwichtig	neg 1.0		__DUMMY__ 0.8741222323154909 off 0.07187683018213675 neg 0.05400093750237228	false	0.5
steuerhinterziehung	neg 1.0		__DUMMY__ 0.8776839725360452 off 0.06639511242927978 neg 0.05592091503467501	false	0.5
schock	neg 1.0		__DUMMY__ 0.8798634994731181 off 0.06511324069481364 neg 0.05502325983206832	false	0.5
beule	neg 1.0		__DUMMY__ 0.8709907977436495 off 0.07382826040117832 neg 0.05518094185517221	false	0.5
vergelten	neg 1.0		__DUMMY__ 0.8715401625681353 off 0.07716975074084836 neg 0.05129008669101634	false	0.5
verdorbenheit	neg 1.0		__DUMMY__ 0.878551523409897 off 0.06764651586531546 neg 0.0538019607247876	false	0.5
trauma	neg 1.0		__DUMMY__ 0.8766418527492029 off 0.06832820779613738 neg 0.055029939454659595	false	0.5
sinnlos	neg 1.0		__DUMMY__ 0.8768863634604093 off 0.06892786595680686 neg 0.0541857705827839	false	0.5
fettsack	off 1.0	off 1.0	off 0.5301671964872995 __DUMMY__ 0.42747512057040565 neg 0.042357682942294826	false	1.0
feige	off 1.0	off 1.0	off 0.5255751390954019 __DUMMY__ 0.43268330528774135 neg 0.04174155561685681	false	1.0
abdanken	neg 1.0		__DUMMY__ 0.879593535132967 off 0.06674293370536026 neg 0.05366353116167281	false	0.5
wichtigtuer	off 1.0	off 1.0	off 0.5230092899209347 __DUMMY__ 0.4359303846347283 neg 0.04106032544433696	false	1.0
misslingen	neg 1.0		__DUMMY__ 0.8823658812057655 off 0.06811163392686699 neg 0.04952248486736749	false	0.5
untreu	off 1.0		__DUMMY__ 0.8721631926898851 off 0.07311264933142118 neg 0.054724157978693705	false	1.0
missmutig	neg 1.0		__DUMMY__ 0.8738709063565319 off 0.07044960515422086 neg 0.055679488489247295	false	0.5
hurenbock	off 1.0		__DUMMY__ 0.8750594272038852 off 0.06684662795019541 neg 0.05809394484591942	false	1.0
betrunken	neg 1.0		__DUMMY__ 0.8705090284056715 off 0.07479698308911494 neg 0.054693988505213634	false	0.5
korrupt	off 1.0		__DUMMY__ 0.876880655780278 off 0.06604079509966004 neg 0.05707854912006189	false	1.0
unmut	neg 1.0		__DUMMY__ 0.8844312165986359 off 0.06053215082060926 neg 0.05503663258075488	false	0.5
hackfresse	off 1.0		__DUMMY__ 0.865658649482463 off 0.08057132309522742 neg 0.05377002742230965	false	1.0
aufblasen	neg 1.0		__DUMMY__ 0.8772792584156915 off 0.06701345230649416 neg 0.055707289277814355	false	0.5
gewaltsam	neg 1.0		__DUMMY__ 0.8811212191363448 off 0.0665669632148886 neg 0.0523118176487667	false	0.5
unbeliebtheit	neg 1.0		__DUMMY__ 0.8738977538356704 off 0.07326298554273122 neg 0.05283926062159839	false	0.5
sturheit	neg 1.0		__DUMMY__ 0.8808438424637796 off 0.06627183141289918 neg 0.05288432612332124	false	0.5
kuh	neg 1.0		__DUMMY__ 0.868961326812668 off 0.06967150312179338 neg 0.06136717006553848	false	0.5
erschrecken	neg 1.0		__DUMMY__ 0.8748550323638259 off 0.07091404262194358 neg 0.054230925014230484	false	0.5
opfer	neg 1.0		__DUMMY__ 0.8836631850145371 off 0.06359527309015452 neg 0.0527415418953084	false	0.5
sinken	neg 1.0		__DUMMY__ 0.8821050049040992 off 0.060901358679602835 neg 0.05699363641629801	false	0.5
stinktier	neg 1.0		__DUMMY__ 0.8636261868051021 off 0.07833317689502424 neg 0.058040636299873764	false	0.5
tucke	off 1.0		__DUMMY__ 0.8603825807056885 off 0.08259797740320135 neg 0.05701944189111016	false	1.0
ein			__DUMMY__ 0.8760581695213061 off 0.0657174352265002 neg 0.058224395252193764	false	0.0
abstieg	neg 1.0		__DUMMY__ 0.8849030072030323 off 0.06484867211553544 neg 0.05024832068143227	false	0.5
missverstehen	neg 1.0		__DUMMY__ 0.8758978883464378 off 0.06986908989544977 neg 0.05423302175811251	false	0.5
ergebnislos	neg 1.0		__DUMMY__ 0.8848230666437632 off 0.06332876910184401 neg 0.05184816425439282	false	0.5
unter			__DUMMY__ 0.8919185433121625 off 0.054726313469101846 neg 0.05335514321873571	false	0.0
manipulieren	neg 1.0		__DUMMY__ 0.8831425666554109 off 0.06269987918640975 neg 0.0541575541581793	false	0.5
unbewiesen	neg 1.0		__DUMMY__ 0.8765428242395068 off 0.06844777695478574 neg 0.055009398805707536	false	0.5
verschleppen	neg 1.0		__DUMMY__ 0.8803218199576027 off 0.06437399935893318 neg 0.05530418068346401	false	0.5
weib	off 1.0		__DUMMY__ 0.8628379702368202 off 0.08286457245508605 neg 0.05429745730809362	false	1.0
opposition	neg 1.0		__DUMMY__ 0.8753876394583123 off 0.06839085749620669 neg 0.05622150304548095	false	0.5
verkehrswidrig	neg 1.0		__DUMMY__ 0.8738927289583652 off 0.07732265734846076 neg 0.04878461369317396	false	0.5
inkorrekt	neg 1.0		__DUMMY__ 0.8700949045014817 off 0.07612268773766707 neg 0.05378240776085127	false	0.5
vermeiden	neg 1.0		__DUMMY__ 0.8881189643185985 off 0.05810255133913151 neg 0.05377848434226999	false	0.5
abweichung	neg 1.0		__DUMMY__ 0.8816213956361069 off 0.06462167556967689 neg 0.05375692879421631	false	0.5
alkoholisiert	neg 1.0		__DUMMY__ 0.8878223556839733 off 0.06126247167465234 neg 0.05091517264137438	false	0.5
scheiss	off 1.0	off 1.0	off 0.526175187952797 __DUMMY__ 0.43189605814566706 neg 0.041928753901535935	false	1.0
herausforderung	neg 1.0		__DUMMY__ 0.8810509127810054 off 0.06440301222531285 neg 0.054546074993681734	false	0.5
pervers	off 1.0		__DUMMY__ 0.8612058621889829 off 0.0851830373918521 neg 0.05361110041916491	false	1.0
wackelig	neg 1.0		__DUMMY__ 0.8813182357338925 off 0.06394960198444086 neg 0.05473216228166673	false	0.5
verwickeln	neg 1.0		__DUMMY__ 0.8761638258156422 off 0.06898237217914065 neg 0.054853802005217105	false	0.5
vorwand	neg 1.0		__DUMMY__ 0.8837336301613111 off 0.06129233003598757 neg 0.05497403980270131	false	0.5
muschi	off 1.0		__DUMMY__ 0.8811838233131443 off 0.06632959172948735 neg 0.0524865849573684	false	1.0
entmutigung	neg 1.0		__DUMMY__ 0.8720171183816303 off 0.06970705305867947 neg 0.058275828559690254	false	0.5
unangemessen	neg 1.0		__DUMMY__ 0.8799692037849399 off 0.06589066259129109 neg 0.05414013362376896	false	0.5
unstetig	neg 1.0		__DUMMY__ 0.8762008298799182 off 0.07079573445024816 neg 0.05300343566983364	false	0.5
entmutigen	neg 1.0		__DUMMY__ 0.8771489504693576 off 0.06781320828799431 neg 0.0550378412426481	false	0.5
schwanz	neg 1.0		__DUMMY__ 0.8822574915274563 off 0.06403576744587502 neg 0.05370674102666872	false	0.5
verbot	neg 1.0		__DUMMY__ 0.878426380821419 off 0.06569034886135089 neg 0.05588327031723008	false	0.5
leid	neg 1.0		__DUMMY__ 0.8686755374734156 off 0.07757177633248674 neg 0.05375268619409767	false	0.5
archaisch	neg 1.0		__DUMMY__ 0.8796176145654941 off 0.06552498479387779 neg 0.054857400640627996	false	0.5
gegen			__DUMMY__ 0.8857101052340688 off 0.06105881748675015 neg 0.053231077279181124	false	0.0
scheidung	neg 1.0		__DUMMY__ 0.8624656460579748 off 0.08873071230263568 neg 0.048803641639389425	false	0.5
einschlag	neg 1.0		__DUMMY__ 0.8742098976606308 off 0.0762937450138524 neg 0.04949635732551679	false	0.5
m			__DUMMY__ 0.8809634458211127 off 0.0645920220805437 neg 0.05444453209834346	false	0.0
abgestanden	neg 1.0		__DUMMY__ 0.8717223530831393 off 0.06630423528322488 neg 0.061973411633635844	false	0.5
schmierig	off 1.0		__DUMMY__ 0.8677076512175531 off 0.07727552444422305 neg 0.05501682433822385	false	1.0
unpraktisch	neg 1.0		__DUMMY__ 0.8780692174582512 off 0.06797943940050177 neg 0.05395134314124713	false	0.5
wixxer	off 1.0		__DUMMY__ 0.8594859165115122 off 0.08558225767786727 neg 0.05493182581062045	false	1.0
bezeichnet			__DUMMY__ 0.8791878352429479 off 0.0673438896103151 neg 0.053468275146737035	false	0.0
jammerlappen	off 1.0		__DUMMY__ 0.8734548986865728 off 0.07217009738599145 neg 0.05437500392743572	false	1.0
farce	neg 1.0		__DUMMY__ 0.876593267785251 off 0.06728598355892929 neg 0.05612074865581975	false	0.5
zwecklos	neg 1.0		__DUMMY__ 0.8797903192526101 off 0.06490676654437424 neg 0.055302914203015634	false	0.5
turbulent	neg 1.0		__DUMMY__ 0.871018377700525 off 0.07412349962709675 neg 0.05485812267237824	false	0.5
invasion	neg 1.0		__DUMMY__ 0.8759894611505671 off 0.0695609404535677 neg 0.05444959839586516	false	0.5
schuld	neg 1.0		__DUMMY__ 0.8773911043134031 off 0.06828821634478528 neg 0.05432067934181167	false	0.5
risiko	neg 1.0		__DUMMY__ 0.8744826364915074 off 0.06909502867632474 neg 0.05642233483216791	false	0.5
finster	neg 1.0		__DUMMY__ 0.8760153767900746 off 0.0659703441105059 neg 0.0580142790994195	false	0.5
geisteskrank	off 1.0		__DUMMY__ 0.8712102053549174 off 0.07483550209692476 neg 0.05395429254815787	false	1.0
zusammenbrechen	neg 1.0		__DUMMY__ 0.879180955695087 off 0.06502258802050791 neg 0.055796456284405	false	0.5
ausbeute	neg 1.0		__DUMMY__ 0.8820003360275223 off 0.06541890257141474 neg 0.05258076140106298	false	0.5
hinterhalt	neg 1.0		__DUMMY__ 0.8807343408120628 off 0.06521562141156624 neg 0.05405003777637107	false	0.5
kritik	neg 1.0		__DUMMY__ 0.8768265617646185 off 0.06704496625346486 neg 0.056128471981916686	false	0.5
einschrumpfen	neg 1.0		__DUMMY__ 0.8720751862280576 off 0.07237338025585666 neg 0.055551433516085824	false	0.5
riskant	neg 1.0		__DUMMY__ 0.8821747444187719 off 0.06249719140833544 neg 0.0553280641728927	false	0.5
frustrieren	neg 1.0		__DUMMY__ 0.8808332614457905 off 0.06341441031049216 neg 0.05575232824371734	false	0.5
groll	neg 1.0		__DUMMY__ 0.8811521074638156 off 0.06511160073591242 neg 0.05373629180027205	false	0.5
gibt			__DUMMY__ 0.8807319890073843 off 0.06463245714931505 neg 0.054635553843300676	false	0.0
qualvoll	neg 1.0		__DUMMY__ 0.8758348716005624 off 0.06890122416863828 neg 0.0552639042307993	false	0.5
wackeln	neg 1.0		__DUMMY__ 0.8781247532132161 off 0.0665262630104758 neg 0.05534898377630794	false	0.5
klagen	neg 1.0		__DUMMY__ 0.8827687069819804 off 0.06157572891177696 neg 0.05565556410624263	false	0.5
bankrott	neg 1.0		__DUMMY__ 0.8757181655249812 off 0.07136254994493671 neg 0.05291928453008213	false	0.5
trauern	neg 1.0		__DUMMY__ 0.8863811022573567 off 0.062450745080284996 neg 0.05116815266235828	false	0.5
ablehnung	neg 1.0		__DUMMY__ 0.877565939172394 off 0.06642785399928104 neg 0.056006206828324974	false	0.5
stur	neg 1.0		__DUMMY__ 0.8762231461152883 off 0.06823597045192765 neg 0.05554088343278401	false	0.5
aufruhr	neg 1.0		__DUMMY__ 0.8775175860881345 off 0.06716245245405299 neg 0.05531996145781244	false	0.5
melancholie	neg 1.0		__DUMMY__ 0.8796669672741259 off 0.06162126863583967 neg 0.05871176409003449	false	0.5
ist			__DUMMY__ 0.8768480428484309 off 0.06866220197144735 neg 0.05448975518012175	false	0.0
torheit	neg 1.0		__DUMMY__ 0.8775089440324568 off 0.06842221016634711 neg 0.054068845801195975	false	0.5
dreckskind	off 1.0		__DUMMY__ 0.8644506636512803 off 0.08186006734514413 neg 0.05368926900357549	false	1.0
umtauschen	neg 1.0		__DUMMY__ 0.878832594863692 off 0.06577769912889675 neg 0.0553897060074112	false	0.5
zum			__DUMMY__ 0.8913817081992728 off 0.05814399730331827 neg 0.05047429449740901	false	0.0
zersetzen	neg 1.0		__DUMMY__ 0.8809508741519769 off 0.06238534758928705 neg 0.05666377825873614	false	0.5
zur			__DUMMY__ 0.88822829957669 off 0.0584614551467422 neg 0.05331024527656773	false	0.0
frust	neg 1.0		__DUMMY__ 0.8794475160962484 off 0.06482255084742103 neg 0.05572993305633054	false	0.5
unerbittlichkeit	neg 1.0		__DUMMY__ 0.8832016703886716 off 0.06323243902194355 neg 0.05356589058938492	false	0.5
zwei			__DUMMY__ 0.8878649463295302 off 0.05763654830449721 neg 0.0544985053659727	false	0.0
unkorrekt	neg 1.0		__DUMMY__ 0.871021990241928 off 0.07465896348839217 neg 0.054319046269679844	false	0.5
hexe	off 1.0		__DUMMY__ 0.8705161750890084 off 0.07141537373899359 neg 0.058068451171998034	false	1.0
lasch	neg 1.0		__DUMMY__ 0.8740482825076542 off 0.07135609429988458 neg 0.05459562319246123	false	0.5
rivale	neg 1.0		__DUMMY__ 0.8714182877698263 off 0.07597978704533662 neg 0.05260192518483702	false	0.5
mutlos	off 1.0	off 1.0	off 0.518899185108223 __DUMMY__ 0.43943995328963836 neg 0.041660861602138693	false	1.0
wirr	off 1.0		__DUMMY__ 0.8683127261582637 off 0.07662458455406176 neg 0.05506268928767451	false	1.0
jahr			__DUMMY__ 0.887932648427219 off 0.0620020189325974 neg 0.05006533264018366	false	0.0
wird			__DUMMY__ 0.8816362957672461 off 0.06396133851580883 neg 0.05440236571694506	false	0.0
strafbar	neg 1.0		__DUMMY__ 0.8825443671075462 off 0.06310070332479804 neg 0.05435492956765569	false	0.5
erosion	neg 1.0		__DUMMY__ 0.8791313525245358 off 0.06698174039410121 neg 0.05388690708136301	false	0.5
eingehen	neg 1.0		__DUMMY__ 0.8806740287051951 off 0.06326149234395516 neg 0.05606447895084981	false	0.5
faul	off 1.0		__DUMMY__ 0.8748270930070032 off 0.07095891611924082 neg 0.05421399087375602	false	1.0
provisorium	neg 1.0		__DUMMY__ 0.8924576906322176 off 0.05469082858870651 neg 0.05285148077907601	false	0.5
schmerzen	neg 1.0		__DUMMY__ 0.87757539303868 off 0.0651509107849153 neg 0.0572736961764046	false	0.5
schrumpfen	neg 1.0		__DUMMY__ 0.8838334719434013 off 0.05859861067562653 neg 0.05756791738097218	false	0.5
geistlos	off 1.0		__DUMMY__ 0.8741527790794751 off 0.07030649182803149 neg 0.05554072909249333	false	1.0
fehlkauf	neg 1.0		__DUMMY__ 0.8755844518779134 off 0.0696163729401811 neg 0.054799175181905496	false	0.5
frustrierend	neg 1.0		__DUMMY__ 0.8744304671114826 off 0.07086988258149185 neg 0.05469965030702549	false	0.5
unzufrieden	neg 1.0		__DUMMY__ 0.8804191714834135 off 0.06471159182462209 neg 0.05486923669196433	false	0.5
verzweifeln	neg 1.0		__DUMMY__ 0.8794766707184908 off 0.06592501939875145 neg 0.05459830988275785	false	0.5
verzweifelt	neg 1.0		__DUMMY__ 0.8762229574583073 off 0.06829584194503154 neg 0.05548120059666118	false	0.5
misstrauensantrag	neg 1.0		__DUMMY__ 0.8757636724262329 off 0.06883708680037393 neg 0.05539924077339315	false	0.5
abfallen	neg 1.0		__DUMMY__ 0.8773997832284065 off 0.06670248272662896 neg 0.055897734044964474	false	0.5
fucker	off 1.0		__DUMMY__ 0.8712369981303507 off 0.07564380675603384 neg 0.05311919511361551	false	1.0
ungezogen	neg 1.0		__DUMMY__ 0.8639777873319039 off 0.08277552408593784 neg 0.05324668858215825	false	0.5
irrsinnig	neg 1.0	neg 1.0	neg 0.5118461922705213 __DUMMY__ 0.43658077358357666 off 0.05157303414590194	false	1.0
unfassbar	neg 1.0		__DUMMY__ 0.8734031340767301 off 0.07305378158188064 neg 0.053543084341389234	false	0.5
hart	neg 1.0		__DUMMY__ 0.8702591847419318 off 0.07316457033626224 neg 0.05657624492180604	false	0.5
widerlich	off 1.0		__DUMMY__ 0.8722939834736374 off 0.07365225314929094 neg 0.05405376337707175	false	1.0
fatal	neg 1.0	neg 1.0	neg 0.513857810857934 __DUMMY__ 0.4332146808587592 off 0.05292750828330675	false	1.0
bruch	neg 1.0		__DUMMY__ 0.884466292405388 off 0.06010673819725613 neg 0.05542696939735582	false	0.5
aushungern	neg 1.0		__DUMMY__ 0.878090975060157 off 0.06594962507254402 neg 0.055959399867299	false	0.5
anspannung	neg 1.0		__DUMMY__ 0.8891201780755625 off 0.05797502346307322 neg 0.052904798461364304	false	0.5
von			__DUMMY__ 0.8840089929841035 off 0.061255515490706416 neg 0.0547354915251901	false	0.0
kraftlos	neg 1.0		__DUMMY__ 0.8804645456615204 off 0.06396156971307998 neg 0.055573884625399604	false	0.5
vom			__DUMMY__ 0.8934806834016834 off 0.055052014331223934 neg 0.05146730226709254	false	0.0
grenzdebil	off 1.0		__DUMMY__ 0.8717066004364076 off 0.07332702222548881 neg 0.05496637733810363	false	1.0
vor			__DUMMY__ 0.8847297592667968 off 0.06033032084084799 neg 0.05493991989235528	false	0.0
unterwerfen	neg 1.0		__DUMMY__ 0.882637276903697 off 0.06371758975321419 neg 0.05364513334308882	false	0.5
versenkung	neg 1.0		__DUMMY__ 0.8830844090197363 off 0.06324889453501199 neg 0.0536666964452517	false	0.5
entziehen	neg 1.0		__DUMMY__ 0.8839453746272155 off 0.0612405310287915 neg 0.05481409434399298	false	0.5
finanzkrise	neg 1.0		__DUMMY__ 0.8717455404234185 off 0.06665160556802523 neg 0.06160285400855623	false	0.5
schimpfend	neg 1.0		__DUMMY__ 0.8797431864290604 off 0.0672515674034766 neg 0.053005246167463035	false	0.5
profan	neg 1.0		__DUMMY__ 0.8753231461938249 off 0.06928596933074656 neg 0.05539088447542849	false	0.5
korruption	neg 1.0		__DUMMY__ 0.8776086478888407 off 0.06521905645217274 neg 0.057172295658986544	false	0.5
â			__DUMMY__ 0.881227489511413 off 0.06396302865780343 neg 0.05480948183078362	false	0.0
schmutzig	neg 1.0		__DUMMY__ 0.871435147652541 off 0.07346041113821544 neg 0.05510444120924343	false	0.5
sexy	neg 1.0		__DUMMY__ 0.875861993369712 off 0.07082855328269726 neg 0.053309453347590685	false	0.5
abraten	neg 1.0		__DUMMY__ 0.8773885900464014 off 0.06875495948152716 neg 0.05385645047207147	false	0.5
schwarz	neg 1.0		__DUMMY__ 0.8769311470725585 off 0.0692532355243763 neg 0.05381561740306525	false	0.5
fotze	off 1.0	off 1.0	off 0.5192120241888748 __DUMMY__ 0.44020698330561364 neg 0.04058099250551165	false	1.0
verwirren	neg 1.0		__DUMMY__ 0.8758305872479575 off 0.06961177125034843 neg 0.05455764150169406	false	0.5
zahnlos	off 1.0		__DUMMY__ 0.8795457572307245 off 0.06571802648109426 neg 0.05473621628818118	false	1.0
verheeren	neg 1.0		__DUMMY__ 0.862998629849654 off 0.08430658014512096 neg 0.05269479000522498	false	0.5
hippie	neg 1.0		__DUMMY__ 0.875459254457724 off 0.07056405113286723 neg 0.05397669440940872	false	0.5
rammen	neg 1.0		__DUMMY__ 0.8797160246074713 off 0.06703501224506835 neg 0.05324896314746027	false	0.5
unlauter	neg 1.0		__DUMMY__ 0.8754161013194309 off 0.06913457471576404 neg 0.05544932396480509	false	0.5
unheilvoll	neg 1.0		__DUMMY__ 0.8767106499863807 off 0.06777698624101412 neg 0.05551236377260515	false	0.5
niedrig	neg 1.0		__DUMMY__ 0.8790131544743961 off 0.06373412478622853 neg 0.05725272073937533	false	0.5
explosion	neg 1.0		__DUMMY__ 0.8761904601699558 off 0.07036130895435913 neg 0.05344823087568506	false	0.5
weichei	off 1.0	off 1.0	off 0.5296312651546153 __DUMMY__ 0.42755862080031226 neg 0.04281011404507243	false	1.0
minusmensch	off 1.0		__DUMMY__ 0.862814339742364 off 0.08431669758096491 neg 0.05286896267667105	false	1.0
farblos	neg 1.0		__DUMMY__ 0.8780514719231267 off 0.06765684258258976 neg 0.05429168549428342	false	0.5
unwissend	neg 1.0	neg 1.0	neg 0.51182095692255 __DUMMY__ 0.4336170006076079 off 0.05456204246984214	false	1.0
traurig	neg 1.0		__DUMMY__ 0.8710282517231143 off 0.07562903240198975 neg 0.053342715874896	false	0.5
senkung	neg 1.0		__DUMMY__ 0.870871055831759 off 0.06980518773385853 neg 0.05932375643438258	false	0.5
ungleich	neg 1.0	neg 1.0	neg 0.5120652026183373 __DUMMY__ 0.43957350971317727 off 0.048361287668485346	false	1.0
heikel	neg 1.0		__DUMMY__ 0.8822832480359845 off 0.06264017315986513 neg 0.05507657880415047	false	0.5
drosselung	neg 1.0		__DUMMY__ 0.8690785124136895 off 0.07338262861611783 neg 0.05753885897019261	false	0.5
falsch	neg 1.0		__DUMMY__ 0.8756006454103237 off 0.07102371127055696 neg 0.05337564331911944	false	0.5
unzufriedenheit	neg 1.0		__DUMMY__ 0.8808758849506931 off 0.06253486414902182 neg 0.056589250900285056	false	0.5
kurz	neg 1.0		__DUMMY__ 0.8819131560499304 off 0.06452653830812352 neg 0.053560305641946145	false	0.5
unsinnig	neg 1.0		__DUMMY__ 0.877510528451427 off 0.06618596617519815 neg 0.056303505373374835	false	0.5
penner	off 1.0	off 1.0	off 0.531152083497252 __DUMMY__ 0.42713585489219885 neg 0.041712061610549196	false	1.0
seicht	neg 1.0		__DUMMY__ 0.8612963697678788 off 0.08224579065777259 neg 0.05645783957434857	false	0.5
dummheit	off 1.0	off 1.0	off 0.5231883556761019 __DUMMY__ 0.4344531905056564 neg 0.04235845381824174	false	1.0
unerfreulich	neg 1.0		__DUMMY__ 0.8828444144243514 off 0.06227257899098174 neg 0.0548830065846669	false	0.5
motherfucker	off 1.0	off 1.0	off 0.5270257727998355 __DUMMY__ 0.4320614290636925 neg 0.04091279813647192	false	1.0
pikiert	neg 1.0		__DUMMY__ 0.8720706575568695 off 0.0725322076138177 neg 0.05539713482931273	false	0.5
wrack	neg 1.0		__DUMMY__ 0.8866483958067906 off 0.0644896774287219 neg 0.04886192676448741	false	0.5
gangster	neg 1.0		__DUMMY__ 0.8751577020367143 off 0.07073607564317735 neg 0.0541062223201084	false	0.5
krank	neg 1.0		__DUMMY__ 0.8731150222768934 off 0.07317892748276379 neg 0.053706050240342744	false	0.5
reich	neg 1.0		__DUMMY__ 0.8702175901645127 off 0.07106418889351454 neg 0.058718220941972786	false	0.5
gnadenlos	neg 1.0		__DUMMY__ 0.8782549515499564 off 0.06803939996407798 neg 0.05370564848596567	false	0.5
niedergeschlagen	neg 1.0		__DUMMY__ 0.8817859277893513 off 0.0642271286547662 neg 0.05398694355588244	false	0.5
terrorisieren	off 1.0	off 1.0	off 0.5179566308339978 __DUMMY__ 0.4404020932741103 neg 0.041641275891891906	false	1.0
sinnlosigkeit	neg 1.0		__DUMMY__ 0.8801419174097327 off 0.06517635914910196 neg 0.05468172344116529	false	0.5
behindern	neg 1.0		__DUMMY__ 0.8782316784358023 off 0.0665671530628277 neg 0.05520116850137003	false	0.5
undemokratisch	neg 1.0		__DUMMY__ 0.8750853715511404 off 0.06964745870424109 neg 0.05526716974461846	false	0.5
wirtschaftskrise	neg 1.0		__DUMMY__ 0.8767760801165237 off 0.06483304280705773 neg 0.05839087707641848	false	0.5
neid	neg 1.0		__DUMMY__ 0.874794384122714 off 0.07011380815321512 neg 0.05509180772407089	false	0.5
rutschen	neg 1.0		__DUMMY__ 0.8876297635486208 off 0.05733965882220268 neg 0.05503057762917651	false	0.5
rezession	neg 1.0		__DUMMY__ 0.8640848864095741 off 0.07605247509571102 neg 0.05986263849471494	false	0.5
fehlgeburt	neg 1.0		__DUMMY__ 0.8798553631593552 off 0.06682080872798696 neg 0.05332382811265783	false	0.5
charakterschwach	off 1.0		__DUMMY__ 0.8720547408019902 off 0.07322054160337203 neg 0.054724717594637685	false	1.0
isolation	neg 1.0		__DUMMY__ 0.8762616075578304 off 0.0708624136154234 neg 0.0528759788267461	false	0.5
ablenkung	neg 1.0		__DUMMY__ 0.8796980359410225 off 0.0665373301035591 neg 0.0537646339554183	false	0.5
pech	neg 1.0		__DUMMY__ 0.8739125140046096 off 0.0708619128471888 neg 0.05522557314820159	false	0.5
vermeidung	neg 1.0		__DUMMY__ 0.8712233534002675 off 0.07320419050311915 neg 0.0555724560966135	false	0.5
dominieren	neg 1.0		__DUMMY__ 0.8803857074822516 off 0.06538937934016624 neg 0.05422491317758221	false	0.5
schwindlig	neg 1.0		__DUMMY__ 0.8759857099284707 off 0.06844602938331422 neg 0.05556826068821501	false	0.5
lutscher	neg 1.0		__DUMMY__ 0.8602029437771278 off 0.08381901807804522 neg 0.05597803814482701	false	0.5
pflicht	neg 1.0		__DUMMY__ 0.8845614764057207 off 0.06140045963939486 neg 0.05403806395488443	false	0.5
faschist	off 1.0		__DUMMY__ 0.8751639090265775 off 0.07112919692828434 neg 0.053706894045138086	false	1.0
verschleudern	neg 1.0		__DUMMY__ 0.8771813478330438 off 0.06344628036025793 neg 0.0593723718066983	false	0.5
wenn			__DUMMY__ 0.8732868810452251 off 0.07184581028400662 neg 0.054867308670768285	false	0.0
ehebruch	neg 1.0		__DUMMY__ 0.8803974396516859 off 0.06427829550833444 neg 0.05532426483997961	false	0.5
spott	off 1.0		__DUMMY__ 0.8823129086301477 off 0.06415935021609662 neg 0.05352774115375566	false	1.0
trostlosigkeit	neg 1.0		__DUMMY__ 0.881978812671684 off 0.06125864078555138 neg 0.05676254654276462	false	0.5
lutschen	neg 1.0		__DUMMY__ 0.875824451622464 off 0.07123604955776965 neg 0.05293949881976625	false	0.5
undiszipliniert	neg 1.0		__DUMMY__ 0.8709980972045709 off 0.07482546803691077 neg 0.05417643475851833	false	0.5
kopfschmerz	neg 1.0		__DUMMY__ 0.877651785216234 off 0.06312726106081856 neg 0.05922095372294749	false	0.5
unvorhergesehen	neg 1.0		__DUMMY__ 0.8849075381006488 off 0.06092005019150115 neg 0.05417241170785007	false	0.5
desinteressiert	neg 1.0		__DUMMY__ 0.8712544201991614 off 0.07429419991427594 neg 0.05445137988656254	false	0.5
armselig	off 1.0		__DUMMY__ 0.8697757284266528 off 0.07671485666303844 neg 0.05350941491030869	false	1.0
desaster	neg 1.0		__DUMMY__ 0.8826608213667707 off 0.0608234091212259 neg 0.056515769512003385	false	0.5
tod	neg 1.0		__DUMMY__ 0.8828426334910193 off 0.06287750999097798 neg 0.05427985651800269	false	0.5
herzlos	neg 1.0		__DUMMY__ 0.8697892841144595 off 0.0760403109155253 neg 0.054170404970015164	false	0.5
unwissenheit	neg 1.0		__DUMMY__ 0.88022592346688 off 0.06483661360785917 neg 0.05493746292526085	false	0.5
widersinnig	neg 1.0		__DUMMY__ 0.8760718796530949 off 0.06636749153433859 neg 0.05756062881256664	false	0.5
bedenklich	neg 1.0		__DUMMY__ 0.8801483518392177 off 0.06397577218763809 neg 0.055875875973144265	false	0.5
beanstanden	neg 1.0		__DUMMY__ 0.8848473898418547 off 0.06201102926036965 neg 0.053141580897775646	false	0.5
panisch	neg 1.0		__DUMMY__ 0.8775991716522495 off 0.06852917100333476 neg 0.05387165734441565	false	0.5
debil	off 1.0		__DUMMY__ 0.890415775904103 off 0.05526282207585332 neg 0.054321402020043666	false	1.0
abstrich	neg 1.0		__DUMMY__ 0.8811900287210366 off 0.0644826188316131 neg 0.0543273524473504	false	0.5
primitiv	neg 1.0		__DUMMY__ 0.8716038288744997 off 0.07454637657793022 neg 0.053849794547570044	false	0.5
abschaum	off 1.0	off 1.0	off 0.5253434754902591 __DUMMY__ 0.43477920533052583 neg 0.03987731917921512	false	1.0
provozieren	neg 1.0		__DUMMY__ 0.8768922957456422 off 0.06804080359901017 neg 0.05506690065534763	false	0.5
tot	neg 1.0		__DUMMY__ 0.8814466081495261 off 0.06434274259174454 neg 0.054210649258729225	false	0.5
instabil	neg 1.0		__DUMMY__ 0.8673044356160274 off 0.07688198515974556 neg 0.05581357922422699	false	0.5
schwuchtel	off 1.0	off 1.0	off 0.5369930881053011 __DUMMY__ 0.4221778001062142 neg 0.0408291117884848	false	1.0
zerren	neg 1.0		__DUMMY__ 0.8815062855337147 off 0.06430148550997637 neg 0.05419222895630905	false	0.5
kinderficker	off 1.0		__DUMMY__ 0.8674094008862252 off 0.07908801227820056 neg 0.053502586835574205	false	1.0
gefahr	neg 1.0		__DUMMY__ 0.8841760108062539 off 0.06183190129806669 neg 0.053992087895679504	false	0.5
rabiat	neg 1.0		__DUMMY__ 0.8777287033726139 off 0.06617665241281506 neg 0.05609464421457107	false	0.5
verlangsamung	neg 1.0		__DUMMY__ 0.8642817200306576 off 0.08083662951528733 neg 0.054881650454055	false	0.5
ausgestorben	neg 1.0		__DUMMY__ 0.8802336582284913 off 0.06575331856721943 neg 0.05401302320428928	false	0.5
anklagen	neg 1.0		__DUMMY__ 0.8800653240459937 off 0.0655206511351312 neg 0.05441402481887505	false	0.5
trott	neg 1.0		__DUMMY__ 0.8787961955769622 off 0.06682136446006902 neg 0.05438243996296882	false	0.5
verminderung	neg 1.0		__DUMMY__ 0.8712121166618727 off 0.0731993191487088 neg 0.05558856418941851	false	0.5
nach			__DUMMY__ 0.890413816578213 off 0.05617531881701557 neg 0.05341086460477141	false	0.0
rost	neg 1.0		__DUMMY__ 0.8679434769508604 off 0.08195328444086922 neg 0.05010323860827032	false	0.5
destruktiv	neg 1.0		__DUMMY__ 0.8775960606503983 off 0.06693596256058208 neg 0.05546797678901958	false	0.5
unzumutbarkeit	neg 1.0		__DUMMY__ 0.8740103336519183 off 0.07328281911749372 neg 0.052706847230587994	false	0.5
labil	off 1.0	off 1.0	off 0.5247781705482014 __DUMMY__ 0.4339680220140704 neg 0.041253807437728156	false	1.0
ziemlich	neg 1.0		__DUMMY__ 0.8742557910046842 off 0.07269478679705603 neg 0.053049422198259755	false	0.5
lachnummer	off 1.0		__DUMMY__ 0.8784894990622316 off 0.06768950879705699 neg 0.053820992140711434	false	1.0
oder			__DUMMY__ 0.8790500097816188 off 0.06722799068267461 neg 0.05372199953570642	false	0.0
verfall	neg 1.0		__DUMMY__ 0.8842576184050617 off 0.05870697728303474 neg 0.057035404311903556	false	0.5
ausgrenzung	neg 1.0		__DUMMY__ 0.8751027707861928 off 0.06952198377192172 neg 0.055375245441885504	false	0.5
unordnung	neg 1.0		__DUMMY__ 0.8702612681165095 off 0.07726302001766175 neg 0.052475711865828806	false	0.5
fehlverhalten	neg 1.0		__DUMMY__ 0.8821279771531103 off 0.06318078024484827 neg 0.05469124260204153	false	0.5
eine			__DUMMY__ 0.8831782439516938 off 0.060830665482052154 neg 0.0559910905662541	false	0.0
nille	neg 1.0		__DUMMY__ 0.8794035285663199 off 0.06738249058233649 neg 0.053213980851343684	false	0.5
qual	neg 1.0		__DUMMY__ 0.8787875175868414 off 0.06651225821199142 neg 0.054700224201167234	false	0.5
verschwenden	neg 1.0		__DUMMY__ 0.8803344952951192 off 0.06265548798534877 neg 0.057010016719531945	false	0.5
riesig	neg 1.0		__DUMMY__ 0.8836640879976247 off 0.06280947839161193 neg 0.05352643361076326	false	0.5
verurteilen	neg 1.0		__DUMMY__ 0.8799215805234395 off 0.06537858689178248 neg 0.054699832584778056	false	0.5
klischee	neg 1.0	neg 1.0	neg 0.5124903373385394 __DUMMY__ 0.4335608218746888 off 0.05394884078677165	false	1.0
diktatorisch	neg 1.0		__DUMMY__ 0.8752005729653788 off 0.06979573391388925 neg 0.055003693120732035	false	0.5
vorhersehbar	neg 1.0		__DUMMY__ 0.874195299518936 off 0.07028563035845674 neg 0.05551907012260727	false	0.5
sowie			__DUMMY__ 0.8660914114575151 off 0.07830757434745729 neg 0.05560101419502764	false	0.0
stornieren	neg 1.0		__DUMMY__ 0.8810561422202524 off 0.06965407963515635 neg 0.0492897781445912	false	0.5
besteuerung	neg 1.0	neg 1.0	neg 0.5150929946768847 __DUMMY__ 0.43346889887284173 off 0.051438106450273496	false	1.0
ungeschminkt	neg 1.0		__DUMMY__ 0.872147696772584 off 0.07415217491347538 neg 0.053700128313940707	false	0.5
kritisch	neg 1.0		__DUMMY__ 0.8803926751304653 off 0.06490917030258789 neg 0.05469815456694685	false	0.5
schlamperei	off 1.0		__DUMMY__ 0.881759858503017 off 0.06356013165634739 neg 0.054680009840635674	false	1.0
sucht	neg 1.0	neg 1.0	neg 0.5093673098634177 __DUMMY__ 0.43917089489849154 off 0.051461795238090774	false	1.0
egoistisch	off 1.0	off 1.0	off 0.5295663432137258 __DUMMY__ 0.4303139704566269 neg 0.04011968632964732	false	1.0
ausbeuter	off 1.0		__DUMMY__ 0.8796508929265962 off 0.06293435381660296 neg 0.05741475325680092	false	1.0
arschgeburt	off 1.0		__DUMMY__ 0.8574575021945608 off 0.08834162224080928 neg 0.054200875564629894	false	1.0
schubs	neg 1.0		__DUMMY__ 0.879250911863641 off 0.06333651763930181 neg 0.05741257049705717	false	0.5
unsolide	neg 1.0		__DUMMY__ 0.8753363325856783 off 0.07007559408265453 neg 0.05458807333166713	false	0.5
beschwerde	neg 1.0		__DUMMY__ 0.8808389165586266 off 0.0651499992902769 neg 0.05401108415109657	false	0.5
stocken	neg 1.0		__DUMMY__ 0.8811104280767851 off 0.06402816236906732 neg 0.054861409554147554	false	0.5
isolieren	neg 1.0		__DUMMY__ 0.8786395808108788 off 0.06506357256785805 neg 0.05629684662126308	false	0.5
unheilbar	neg 1.0		__DUMMY__ 0.8777808754594053 off 0.06720888869734598 neg 0.05501023584324869	false	0.5
pisser	off 1.0	off 1.0	off 0.5275850142424623 __DUMMY__ 0.43292616274493945 neg 0.03948882301259834	false	1.0
löschen	neg 1.0		__DUMMY__ 0.878187560223488 off 0.06756406698313124 neg 0.054248372793380746	false	0.5
durchfallen	neg 1.0		__DUMMY__ 0.8808663455837594 off 0.06456694775023653 neg 0.054566706666004126	false	0.5
wichser	off 1.0	off 1.0	off 0.5336429476822446 __DUMMY__ 0.42498655287282766 neg 0.04137049944492765	false	1.0
terror	neg 1.0		__DUMMY__ 0.8759963063538615 off 0.0701426745912944 neg 0.05386101905484414	false	0.5
krass	neg 1.0		__DUMMY__ 0.8687665241723409 off 0.07747090000160739 neg 0.05376257582605177	false	0.5
revolte	neg 1.0		__DUMMY__ 0.871373607594134 off 0.07114241294046854 neg 0.05748397946539756	false	0.5
besorgt	neg 1.0		__DUMMY__ 0.8821115939671256 off 0.0648340557318281 neg 0.05305435030104634	false	0.5
nachlassen	neg 1.0		__DUMMY__ 0.8828239875855557 off 0.06370693362622246 neg 0.053469078788221755	false	0.5
alt	neg 1.0		__DUMMY__ 0.876302239264675 off 0.06293153917087373 neg 0.06076622156445135	false	0.5
hundesohn	off 1.0	off 1.0	off 0.5330798127977234 __DUMMY__ 0.4263010141844352 neg 0.040619173017841334	false	1.0
als			__DUMMY__ 0.8790565549411264 off 0.06492246871158917 neg 0.05602097634728435	false	0.0
abschreckung	neg 1.0		__DUMMY__ 0.8819500309998982 off 0.062357226698626526 neg 0.05569274230147513	false	0.5
unqualifiziert	neg 1.0		__DUMMY__ 0.8744829792827139 off 0.07172133902586786 neg 0.05379568169141834	false	0.5
abgewichst	off 1.0		__DUMMY__ 0.8798320151518684 off 0.06654479862295481 neg 0.053623186225176936	false	1.0
schwer	neg 1.0		__DUMMY__ 0.8780758818106877 off 0.0663836364043794 neg 0.05554048178493274	false	0.5
bedeutungslosigkeit	neg 1.0		__DUMMY__ 0.8818294127299217 off 0.06286656778047928 neg 0.05530401948959907	false	0.5
kapitulation	neg 1.0		__DUMMY__ 0.8787716838265767 off 0.06465048755895882 neg 0.056577828614464504	false	0.5
unscharf	neg 1.0		__DUMMY__ 0.872353480668532 off 0.06859793346274597 neg 0.059048585868722095	false	0.5
schwinden	neg 1.0		__DUMMY__ 0.8801683824330251 off 0.06288105771026309 neg 0.05695055985671186	false	0.5
versklavung	neg 1.0	neg 1.0	neg 0.5126957027365441 __DUMMY__ 0.43495844317682925 off 0.05234585408662658	false	1.0
schlecht	neg 1.0		__DUMMY__ 0.8744357749060845 off 0.07289045351108728 neg 0.05267377158282817	false	0.5
verhasst	neg 1.0		__DUMMY__ 0.8762739055664642 off 0.06876576080498858 neg 0.05496033362854721	false	0.5
beschweren	neg 1.0		__DUMMY__ 0.8777738436085014 off 0.0689483039321157 neg 0.05327785245938292	false	0.5
scheiden	neg 1.0		__DUMMY__ 0.877612549138015 off 0.06656786610873007 neg 0.05581958475325492	false	0.5
frustriert	neg 1.0		__DUMMY__ 0.8798797534308281 off 0.06562441909838572 neg 0.054495827470786205	false	0.5
schimmelig	neg 1.0		__DUMMY__ 0.8788982137090996 off 0.06332766981290287 neg 0.05777411647799763	false	0.5
fisch	neg 1.0		__DUMMY__ 0.8798791302232757 neg 0.06012336814206479 off 0.05999750163465957	false	1.0
schmuggel	neg 1.0		__DUMMY__ 0.8856513545430843 off 0.060969879263292094 neg 0.05337876619362366	false	0.5
auffallen	neg 1.0		__DUMMY__ 0.8761632089528612 off 0.06935648930980108 neg 0.05448030173733781	false	0.5
konkurrenz	neg 1.0		__DUMMY__ 0.8833425514921351 off 0.0623877733506946 neg 0.05426967515717025	false	0.5
teufelskreis	neg 1.0	neg 1.0	neg 0.5141045667212548 __DUMMY__ 0.43558192425230563 off 0.05031350902643941	false	1.0
aufschreien	neg 1.0		__DUMMY__ 0.8745327756546296 off 0.07007820809673161 neg 0.05538901624863872	false	0.5
schuldner	neg 1.0		__DUMMY__ 0.8786230418335824 off 0.06263731547141968 neg 0.05873964269499786	false	0.5
missgeburt	off 1.0	off 1.0	off 0.5315616915485212 __DUMMY__ 0.43026445050034384 neg 0.03817385795113492	false	1.0
arbeitslos	neg 1.0		__DUMMY__ 0.8806229079649627 off 0.06455344631280846 neg 0.05482364572222886	false	0.5
befallen	neg 1.0		__DUMMY__ 0.8756011527155125 off 0.0661270789497813 neg 0.058271768334706125	false	0.5
miesepetrig	off 1.0	off 1.0	off 0.5243716389567654 __DUMMY__ 0.43395066439213437 neg 0.041677696651100285	false	1.0
alarmieren	neg 1.0		__DUMMY__ 0.8746233315782506 off 0.07217387057290911 neg 0.05320279784884031	false	0.5
ungeduscht	off 1.0		__DUMMY__ 0.8738778089872073 off 0.07097101342557771 neg 0.05515117758721494	false	1.0
knappheit	neg 1.0		__DUMMY__ 0.8772979497121898 off 0.06484393743144944 neg 0.05785811285636081	false	0.5
schlange	neg 1.0		__DUMMY__ 0.8782905726940731 off 0.06710532237245531 neg 0.054604104933471544	false	0.5
harsch	neg 1.0		__DUMMY__ 0.8726001616413184 off 0.07710050483233394 neg 0.050299333526347814	false	0.5
lang	neg 1.0		__DUMMY__ 0.8776193307292677 off 0.06834803330274011 neg 0.05403263596799218	false	0.5
ziellos	neg 1.0		__DUMMY__ 0.882735456151066 off 0.06276211550190855 neg 0.054502428347025435	false	0.5
selbstverliebt	neg 1.0		__DUMMY__ 0.8620861883501024 off 0.08513265182074686 neg 0.052781159829150784	false	0.5
beseitigen	neg 1.0		__DUMMY__ 0.8814720565446719 off 0.0667735168860314 neg 0.05175442656929675	false	0.5
dumm	off 1.0		__DUMMY__ 0.8663275353577605 off 0.07983126257294881 neg 0.05384120206929065	false	1.0
arbeitsloser	neg 1.0		__DUMMY__ 0.8842617191601934 off 0.0646980810996093 neg 0.051040199740197384	false	0.5
blitzen	neg 1.0		__DUMMY__ 0.8749586227240789 off 0.07115143488042504 neg 0.053889942395496125	false	0.5
hilflos	neg 1.0		__DUMMY__ 0.8803210664212051 off 0.06448011316716666 neg 0.05519882041162822	false	0.5
eklig	off 1.0		__DUMMY__ 0.8641503832335555 off 0.08020333926961792 neg 0.055646277496826664	false	1.0
begriff			__DUMMY__ 0.8789141467316286 off 0.06663810880962608 neg 0.05444774445874529	false	0.0
hungersnot	neg 1.0		__DUMMY__ 0.8777792336518574 off 0.06487598334843767 neg 0.05734478299970499	false	0.5
ungesetzlich	neg 1.0		__DUMMY__ 0.8744475770292848 off 0.06987569786355557 neg 0.05567672510715966	false	0.5
verschwendung	neg 1.0		__DUMMY__ 0.8816364958027932 off 0.06270725269164312 neg 0.055656251505563636	false	0.5
schmerzvoll	neg 1.0		__DUMMY__ 0.875817034881804 off 0.06848858624642999 neg 0.05569437887176604	false	0.5
vorzeitig	neg 1.0		__DUMMY__ 0.8763650862427493 off 0.07227756081449338 neg 0.05135735294275729	false	0.5
unvollkommenheit	neg 1.0		__DUMMY__ 0.8808732733700454 off 0.06528790645670507 neg 0.05383882017324943	false	0.5
intervenieren	neg 1.0		__DUMMY__ 0.8790123834937938 off 0.06357592366203757 neg 0.057411692844168624	false	0.5
banause	off 1.0		__DUMMY__ 0.8602872423028866 off 0.08180054577198707 neg 0.057912211925126376	false	1.0
rebell	neg 1.0		__DUMMY__ 0.8829656930626809 off 0.05854272267586579 neg 0.058491584261453296	false	0.5
unlogisch	neg 1.0		__DUMMY__ 0.8705894320538684 off 0.07546944431419493 neg 0.05394112363193669	false	0.5
leiden	neg 1.0		__DUMMY__ 0.8867053228891819 off 0.06101482808466075 neg 0.05227984902615732	false	0.5
abschaffung	neg 1.0		__DUMMY__ 0.875602580853909 off 0.06826112773129489 neg 0.05613629141479612	false	0.5
sturz	neg 1.0		__DUMMY__ 0.881266723987709 off 0.06914078960425439 neg 0.04959248640803657	false	0.5
verkleinerung	neg 1.0		__DUMMY__ 0.870773524987705 off 0.07151249973096385 neg 0.057713975281331195	false	0.5
schmarotzer	off 1.0		__DUMMY__ 0.8791583416567489 off 0.06550317719794431 neg 0.05533848114530674	false	1.0
bestrafung	neg 1.0	neg 1.0	neg 0.5108938084986089 __DUMMY__ 0.4378320428871163 off 0.05127414861427486	false	1.0
achtlos	neg 1.0		__DUMMY__ 0.8796935576247803 off 0.06547990593434402 neg 0.05482653644087564	false	0.5
ungeheuer	neg 1.0		__DUMMY__ 0.875691402186317 off 0.06720887926218003 neg 0.057099718551503004	false	0.5
unaufrichtig	neg 1.0		__DUMMY__ 0.8753005522704457 off 0.07164773685592449 neg 0.05305171087362989	false	0.5
