unsolidarisch	neg 1.0		__DUMMY__ 0.46055831604590225 off 0.2954322785936329 neg 0.2440094053604648	false	0.5
nachteilig	neg 1.0		__DUMMY__ 0.4665296562463769 off 0.29189302524602934 neg 0.2415773185075937	false	0.5
skeptisch	neg 1.0		__DUMMY__ 0.4660779836739153 off 0.28999154310531233 neg 0.24393047322077244	false	0.5
schrecklich	neg 1.0		__DUMMY__ 0.456632300234778 off 0.3049617558439456 neg 0.2384059439212764	false	0.5
schlapp	neg 1.0	neg 1.0	neg 0.6068774107301089 __DUMMY__ 0.22238466420105163 off 0.17073792506883942	false	1.0
abfall	neg 1.0		__DUMMY__ 0.46867608930608606 off 0.2867996887776888 neg 0.24452422191622508	false	0.5
widerspenstig	neg 1.0		__DUMMY__ 0.46176377459276796 off 0.2936864246070752 neg 0.2445498008001568	false	0.5
abrupt	neg 1.0		__DUMMY__ 0.46474035353484805 off 0.2886557532741958 neg 0.24660389319095605	false	0.5
unwirksam	neg 1.0		__DUMMY__ 0.45805623986580873 off 0.293694461938055 neg 0.2482492981961363	false	0.5
angreifen	neg 1.0		__DUMMY__ 0.46621746669140013 off 0.2892206425218536 neg 0.2445618907867464	false	0.5
inkonsistent	neg 1.0		__DUMMY__ 0.45967246646604526 off 0.2974005722002455 neg 0.24292696133370925	false	0.5
abrutschen	neg 1.0		__DUMMY__ 0.46815798431544625 off 0.2861223133847783 neg 0.2457197022997754	false	0.5
unsicher	neg 1.0		__DUMMY__ 0.463542558911487 off 0.2950958802749401 neg 0.24136156081357302	false	0.5
bauernkind	off 1.0	off 1.0	off 0.6435980917686238 __DUMMY__ 0.21843088273756966 neg 0.13797102549380647	false	1.0
angreifer	neg 1.0		__DUMMY__ 0.463239511966914 off 0.30051519831799056 neg 0.23624528971509554	false	0.5
trennen	neg 1.0		__DUMMY__ 0.4669086849216479 off 0.2891334250642508 neg 0.24395789001410143	false	0.5
schmutz	neg 1.0		__DUMMY__ 0.46435112922240757 off 0.2998232737362869 neg 0.23582559704130557	false	0.5
inkonsistenz	neg 1.0		__DUMMY__ 0.45976421275789864 off 0.30063039486459214 neg 0.23960539237750936	false	0.5
erschreckend	neg 1.0		__DUMMY__ 0.46324239768094855 off 0.2941602785352969 neg 0.24259732378375465	false	0.5
ertrinken	neg 1.0		__DUMMY__ 0.4654179049912997 off 0.28817222045275254 neg 0.2464098745559477	false	0.5
pickelface	off 1.0		__DUMMY__ 0.46316746830487615 off 0.29603995569998415 neg 0.2407925759951398	false	1.0
seiner			__DUMMY__ 0.46661364679014167 off 0.28989269658153105 neg 0.24349365662832714	false	0.0
lauch	neg 1.0	neg 1.0	neg 0.6090544675101166 __DUMMY__ 0.22782953810676132 off 0.163115994383122	false	1.0
unwichtig	neg 1.0		__DUMMY__ 0.45946795894641285 off 0.30040154021229903 neg 0.24013050084128798	false	0.5
steuerhinterziehung	neg 1.0		__DUMMY__ 0.46212509039174804 off 0.29386807859706604 neg 0.24400683101118575	false	0.5
schock	neg 1.0		__DUMMY__ 0.4637602137653917 off 0.2930124634696827 neg 0.24322732276492554	false	0.5
beule	neg 1.0		__DUMMY__ 0.4568190043253106 off 0.30240885718263105 neg 0.24077213849205842	false	0.5
vergelten	neg 1.0		__DUMMY__ 0.4573991737148844 off 0.3067707248321553 neg 0.23583010145296027	false	0.5
verdorbenheit	neg 1.0		__DUMMY__ 0.46246194872538565 off 0.29646928552935625 neg 0.24106876574525818	false	0.5
trauma	neg 1.0		__DUMMY__ 0.4613577374034617 off 0.2963814159207299 neg 0.24226084667580827	false	0.5
sinnlos	neg 1.0		__DUMMY__ 0.4615408579725007 off 0.2972002493598687 neg 0.24125889266763062	false	0.5
fettsack	off 1.0	off 1.0	off 0.6448840594105129 __DUMMY__ 0.21891066445941476 neg 0.13620527613007233	false	1.0
feige	off 1.0	off 1.0	off 0.6412141822090134 __DUMMY__ 0.2219623237070852 neg 0.13682349408390132	false	1.0
abdanken	neg 1.0		__DUMMY__ 0.4635996205717036 off 0.2949065372804418 neg 0.24149384214785455	false	0.5
wichtigtuer	off 1.0	off 1.0	off 0.6393966968419045 __DUMMY__ 0.22374204906741893 neg 0.1368612540906766	false	1.0
misslingen	neg 1.0		__DUMMY__ 0.4651867663570628 off 0.298211832861028 neg 0.23660140078190925	false	0.5
untreu	off 1.0		__DUMMY__ 0.45804699670355464 off 0.3014187034212539 neg 0.24053429987519134	false	1.0
missmutig	neg 1.0		__DUMMY__ 0.45921071822250126 off 0.298418899421374 neg 0.24237038235612474	false	0.5
hurenbock	off 1.0		__DUMMY__ 0.45986149221319017 off 0.2941988415556363 neg 0.2459396662311736	false	1.0
betrunken	neg 1.0		__DUMMY__ 0.4566262104248747 off 0.30339937381998583 neg 0.2399744157551394	false	0.5
korrupt	off 1.0		__DUMMY__ 0.46169172589362173 off 0.2930059118939195 neg 0.24530236221245874	false	1.0
unmut	neg 1.0		__DUMMY__ 0.4672200179301993 off 0.28802935938672575 neg 0.2447506226830751	false	0.5
hackfresse	off 1.0		__DUMMY__ 0.4530538861767555 off 0.30969218508342167 neg 0.23725392873982282	false	1.0
aufblasen	neg 1.0		__DUMMY__ 0.4617074590384441 off 0.29487761153592024 neg 0.24341492942563564	false	0.5
gewaltsam	neg 1.0		__DUMMY__ 0.46453672678525343 off 0.2954427377849618 neg 0.2400205354297848	false	0.5
unbeliebtheit	neg 1.0		__DUMMY__ 0.4591462379168141 off 0.302179531012308 neg 0.23867423107087798	false	0.5
sturheit	neg 1.0		__DUMMY__ 0.46452691708682065 off 0.2946928853175957 neg 0.24078019759558367	false	0.5
kuh	neg 1.0		__DUMMY__ 0.4554000445339055 off 0.2961146592609211 neg 0.24848529620517334	false	0.5
erschrecken	neg 1.0		__DUMMY__ 0.45997613307668517 off 0.299322021378717 neg 0.24070184554459786	false	0.5
opfer	neg 1.0		__DUMMY__ 0.46657156480065715 off 0.2920763037270386 neg 0.24135213147230425	false	0.5
sinken	neg 1.0		__DUMMY__ 0.4653578877134846 off 0.287868301924983 neg 0.2467738103615324	false	0.5
stinktier	neg 1.0		__DUMMY__ 0.45159094008462264 off 0.30594650018890396 neg 0.24246255972647338	false	0.5
tucke	off 1.0		__DUMMY__ 0.4491024607176212 off 0.3108539152677444 neg 0.2400436240146344	false	1.0
ein			__DUMMY__ 0.4608228828297691 off 0.2927608661347896 neg 0.24641625103544126	false	0.0
abstieg	neg 1.0		__DUMMY__ 0.4673655806455873 off 0.2942060429597617 neg 0.23842837639465111	false	0.5
missverstehen	neg 1.0		__DUMMY__ 0.4608273655815177 off 0.29815033954530207 neg 0.2410222948731802	false	0.5
ergebnislos	neg 1.0		__DUMMY__ 0.4673032887703074 off 0.29210769298465245 neg 0.24058901824504011	false	0.5
unter			__DUMMY__ 0.47257249125159556 off 0.28280736557775615 neg 0.2446201431706483	false	0.0
manipulieren	neg 1.0		__DUMMY__ 0.46620870952040383 off 0.29056415552270604 neg 0.2432271349568902	false	0.5
unbewiesen	neg 1.0		__DUMMY__ 0.46139181032017285 off 0.2961643005471598 neg 0.24244388913266746	false	0.5
verschleppen	neg 1.0		__DUMMY__ 0.46406461485820205 off 0.2919553430796787 neg 0.24398004206211932	false	0.5
weib	off 1.0		__DUMMY__ 0.45098397722891614 off 0.3118466120027262 neg 0.23716941076835774	false	1.0
opposition	neg 1.0		__DUMMY__ 0.4602243868013999 off 0.29622925431148317 neg 0.24354635888711698	false	0.5
verkehrswidrig	neg 1.0		__DUMMY__ 0.4588337914481511 off 0.30824175154003947 neg 0.23292445701180933	false	0.5
inkorrekt	neg 1.0		__DUMMY__ 0.4565319122923 off 0.3047570617398329 neg 0.2387110259678671	false	0.5
vermeiden	neg 1.0		__DUMMY__ 0.4696654206561592 off 0.2862070229461309 neg 0.24412755639771003	false	0.5
abweichung	neg 1.0		__DUMMY__ 0.46493750645245174 off 0.29288264274408743 neg 0.2421798508034608	false	0.5
alkoholisiert	neg 1.0		__DUMMY__ 0.46904412049634536 off 0.29100321043236593 neg 0.23995266907128865	false	0.5
scheiss	off 1.0	off 1.0	off 0.6420335467425468 __DUMMY__ 0.22126438101592433 neg 0.136702072241529	false	1.0
herausforderung	neg 1.0		__DUMMY__ 0.4646100759833948 off 0.2923225300037358 neg 0.24306739401286942	false	0.5
pervers	off 1.0		__DUMMY__ 0.4497768994606919 off 0.31451995974131003 neg 0.23570314079799806	false	1.0
wackelig	neg 1.0		__DUMMY__ 0.4646446898341868 off 0.29209297751089236 neg 0.24326233265492078	false	0.5
verwickeln	neg 1.0		__DUMMY__ 0.4610773409084351 off 0.2969788376159737 neg 0.24194382147559113	false	0.5
vorwand	neg 1.0		__DUMMY__ 0.4666616985784077 off 0.2889083601418351 neg 0.2444299412797572	false	0.5
muschi	off 1.0		__DUMMY__ 0.4645906023704679 off 0.2952222195763254 neg 0.24018717805320675	false	1.0
entmutigung	neg 1.0		__DUMMY__ 0.4580587068582709 off 0.29644091061364125 neg 0.2455003825280879	false	0.5
unangemessen	neg 1.0		__DUMMY__ 0.4638968344300129 off 0.29394111665087397 neg 0.24216204891911314	false	0.5
unstetig	neg 1.0		__DUMMY__ 0.46069120723222684 off 0.2998726011511238 neg 0.23943619161664925	false	0.5
entmutigen	neg 1.0		__DUMMY__ 0.46172476013301267 off 0.29580902129368786 neg 0.24246621857329953	false	0.5
schwanz	neg 1.0		__DUMMY__ 0.4652495225808349 off 0.29263649046744833 neg 0.24211398695171688	false	0.5
verbot	neg 1.0		__DUMMY__ 0.4627665475821868 off 0.2930446847256717 neg 0.24418876769214143	false	0.5
leid	neg 1.0		__DUMMY__ 0.45525388711110754 off 0.3066591502747449 neg 0.23808696261414752	false	0.5
archaisch	neg 1.0		__DUMMY__ 0.46355396333701704 off 0.29338189906498635 neg 0.24306413759799653	false	0.5
gegen			__DUMMY__ 0.4681701204250915 off 0.2891118617297149 neg 0.24271801784519345	false	0.0
scheidung	neg 1.0		__DUMMY__ 0.45068387836009943 off 0.3195146328330139 neg 0.22980148880688672	false	0.5
einschlag	neg 1.0		__DUMMY__ 0.4592299048225624 off 0.306705069701133 neg 0.23406502547630464	false	0.5
m			__DUMMY__ 0.4644805465138489 off 0.29280803234471636 neg 0.24271142114143465	false	0.0
abgestanden	neg 1.0		__DUMMY__ 0.4573677672214097 off 0.2925663024572861 neg 0.25006593032130425	false	0.5
schmierig	off 1.0		__DUMMY__ 0.45458926000196653 off 0.3058191583111267 neg 0.23959158168690659	false	1.0
unpraktisch	neg 1.0		__DUMMY__ 0.4621609642589372 off 0.2966194901311423 neg 0.24121954560992045	false	0.5
wixxer	off 1.0		__DUMMY__ 0.44854318036483026 off 0.3144641133565942 neg 0.2369927062785755	false	1.0
bezeichnet			__DUMMY__ 0.4632903482376133 off 0.2957199903228081 neg 0.24098966143957867	false	0.0
jammerlappen	off 1.0		__DUMMY__ 0.45900354306575714 off 0.30052086486619595 neg 0.24047559206804675	false	1.0
farce	neg 1.0		__DUMMY__ 0.4614059031634784 off 0.2946652768682494 neg 0.24392881996827234	false	0.5
zwecklos	neg 1.0		__DUMMY__ 0.4637994973626242 off 0.29251994249143554 neg 0.2436805601459403	false	0.5
turbulent	neg 1.0		__DUMMY__ 0.456950313361581 off 0.3026498498293459 neg 0.24039983680907323	false	0.5
invasion	neg 1.0		__DUMMY__ 0.4608406563660784 off 0.297896095381926 neg 0.24126324825199555	false	0.5
schuld	neg 1.0		__DUMMY__ 0.46197849950517716 off 0.2964187797345946 neg 0.24160272076022835	false	0.5
risiko	neg 1.0		__DUMMY__ 0.45962645842655125 off 0.296620712308548 neg 0.2437528292649008	false	0.5
finster	neg 1.0		__DUMMY__ 0.4605193479067935 off 0.29340674681234186 neg 0.24607390528086473	false	0.5
geisteskrank	off 1.0		__DUMMY__ 0.4573780620755584 off 0.30339414141678445 neg 0.23922779650765716	false	1.0
zusammenbrechen	neg 1.0		__DUMMY__ 0.4633513377477979 off 0.29249716892821076 neg 0.24415149332399122	false	0.5
ausbeute	neg 1.0		__DUMMY__ 0.4650152285859033 off 0.2943989617110649 neg 0.24058580970303184	false	0.5
hinterhalt	neg 1.0		__DUMMY__ 0.46404322994857405 off 0.29371268349548274 neg 0.2422440865559431	false	0.5
kritik	neg 1.0		__DUMMY__ 0.4615998850861257 off 0.2943809818074699 neg 0.24401913310640436	false	0.5
einschrumpfen	neg 1.0		__DUMMY__ 0.4579273096665638 off 0.3004343648487164 neg 0.24163832548471986	false	0.5
riskant	neg 1.0		__DUMMY__ 0.46553994630726514 off 0.29004711991951776 neg 0.24441293377321724	false	0.5
frustrieren	neg 1.0		__DUMMY__ 0.46456833883199405 off 0.29084327695818085 neg 0.24458838420982523	false	0.5
groll	neg 1.0		__DUMMY__ 0.46474395978444266 off 0.29327484161579104 neg 0.24198119859976622	false	0.5
gibt			__DUMMY__ 0.46450001654101625 off 0.2924533978714219 neg 0.24304658558756193	false	0.0
qualvoll	neg 1.0		__DUMMY__ 0.4606509947238336 off 0.29695493975433046 neg 0.2423940655218359	false	0.5
wackeln	neg 1.0		__DUMMY__ 0.4624007317762912 off 0.29440967546826996 neg 0.24318959275543892	false	0.5
klagen	neg 1.0		__DUMMY__ 0.4659541755753745 off 0.28890988845882826 neg 0.24513593596579727	false	0.5
bankrott	neg 1.0		__DUMMY__ 0.4604908913628824 off 0.30046139777693415 neg 0.2390477108601834	false	0.5
trauern	neg 1.0		__DUMMY__ 0.46842574830281003 off 0.2915147831331061 neg 0.24005946856408397	false	0.5
ablehnung	neg 1.0		__DUMMY__ 0.4621503964854911 off 0.2937563516839029 neg 0.244093251830606	false	0.5
stur	neg 1.0		__DUMMY__ 0.4611268549561845 off 0.2959838336747904 neg 0.242889311369025	false	0.5
aufruhr	neg 1.0		__DUMMY__ 0.4619860172479767 off 0.2949263835221831 neg 0.24308759922984033	false	0.5
melancholie	neg 1.0		__DUMMY__ 0.46335235870192665 off 0.28844359632017086 neg 0.24820404497790235	false	0.5
ist			__DUMMY__ 0.4615286481520839 off 0.29682445537750196 neg 0.2416468964704142	false	0.0
torheit	neg 1.0		__DUMMY__ 0.4619943722650695 off 0.2966111748785871 neg 0.24139445285634337	false	0.5
dreckskind	off 1.0		__DUMMY__ 0.45222429173052286 off 0.31100304896519865 neg 0.2367726593042784	false	1.0
umtauschen	neg 1.0		__DUMMY__ 0.4626632105358516 off 0.2940037685180844 neg 0.24333302094606396	false	0.5
zum			__DUMMY__ 0.4720587668217608 off 0.2873978181348694 neg 0.2405434150433697	false	0.0
zersetzen	neg 1.0		__DUMMY__ 0.46464692153465237 off 0.2894415180340783 neg 0.2459115604312693	false	0.5
zur			__DUMMY__ 0.4699160990554074 off 0.2865604570272673 neg 0.24352344391732525	false	0.0
frust	neg 1.0		__DUMMY__ 0.4635860003920481 off 0.2922581839872446 neg 0.24415581562070726	false	0.5
unerbittlichkeit	neg 1.0		__DUMMY__ 0.46623610300065665 off 0.2913748136090387 neg 0.24238908339030465	false	0.5
zwei			__DUMMY__ 0.4695592825746419 off 0.28557353328987006 neg 0.24486718413548814	false	0.0
unkorrekt	neg 1.0		__DUMMY__ 0.4570736249549731 off 0.3033129784119751 neg 0.23961339663305178	false	0.5
hexe	off 1.0		__DUMMY__ 0.45651200617678633 off 0.2988952045125391 neg 0.24459278931067457	false	1.0
lasch	neg 1.0		__DUMMY__ 0.4594706485398416 off 0.29953162242253784 neg 0.2409977290376206	false	0.5
rivale	neg 1.0		__DUMMY__ 0.45723356469352766 off 0.3053307196766006 neg 0.23743571562987187	false	0.5
mutlos	off 1.0	off 1.0	off 0.6359425660031377 __DUMMY__ 0.22573735523721294 neg 0.13832007875964944	false	1.0
wirr	off 1.0		__DUMMY__ 0.45509942618012067 off 0.30509055443425565 neg 0.23981001938562363	false	1.0
jahr			__DUMMY__ 0.46943892204158844 off 0.29158962521876564 neg 0.23897145273964587	false	0.0
wird			__DUMMY__ 0.4650871523586494 off 0.2919571870482321 neg 0.24295566059311863	false	0.0
strafbar	neg 1.0		__DUMMY__ 0.46576546677969866 off 0.2909838232324846 neg 0.24325070998781667	false	0.5
erosion	neg 1.0		__DUMMY__ 0.463098674525379 off 0.2955015533024888 neg 0.24139977217213227	false	0.5
eingehen	neg 1.0		__DUMMY__ 0.46447417670791485 off 0.2905520300393759 neg 0.24497379325270913	false	0.5
faul	off 1.0		__DUMMY__ 0.459716425162497 off 0.299691886922329 neg 0.24059168791517407	false	1.0
provisorium	neg 1.0		__DUMMY__ 0.47288397773426827 off 0.2830466153111671 neg 0.24406940695456467	false	0.5
schmerzen	neg 1.0		__DUMMY__ 0.4617549924219864 off 0.29270538916933525 neg 0.24553961840867827	false	0.5
schrumpfen	neg 1.0		__DUMMY__ 0.4667435513684817 off 0.2851643018822644 neg 0.24809214674925384	false	0.5
geistlos	off 1.0		__DUMMY__ 0.4596135203543388 off 0.2980365188552753 neg 0.24234996079038587	false	1.0
fehlkauf	neg 1.0		__DUMMY__ 0.46051063951119386 off 0.29782906753602095 neg 0.24166029295278513	false	0.5
frustrierend	neg 1.0		__DUMMY__ 0.45972273101866196 off 0.29905893646858955 neg 0.24121833251274846	false	0.5
unzufrieden	neg 1.0		__DUMMY__ 0.4642795714228548 off 0.29245248921192557 neg 0.24326793936521968	false	0.5
verzweifeln	neg 1.0		__DUMMY__ 0.4635299856934548 off 0.29386484692719117 neg 0.242605167379354	false	0.5
verzweifelt	neg 1.0		__DUMMY__ 0.46114888738237997 off 0.2960570122163706 neg 0.24279410040124957	false	0.5
misstrauensantrag	neg 1.0		__DUMMY__ 0.46051243120637697 off 0.29697336460279766 neg 0.24251420419082553	false	0.5
abfallen	neg 1.0		__DUMMY__ 0.4617113285206218 off 0.29463292247752815 neg 0.24365574900184994	false	0.5
fucker	off 1.0		__DUMMY__ 0.4574068904042205 off 0.3045081689503426 neg 0.2380849406454369	false	1.0
ungezogen	neg 1.0		__DUMMY__ 0.4517529547713896 off 0.3122105672037295 neg 0.23603647802488092	false	0.5
irrsinnig	neg 1.0	neg 1.0	neg 0.6078163871828443 __DUMMY__ 0.2241125896733681 off 0.16807102314378758	false	1.0
unfassbar	neg 1.0		__DUMMY__ 0.45892676953736855 off 0.301782422306851 neg 0.23929080815578058	false	0.5
hart	neg 1.0		__DUMMY__ 0.4563711585897392 off 0.3011701174261339 neg 0.24245872398412688	false	0.5
widerlich	off 1.0		__DUMMY__ 0.45808351719585316 off 0.30224921892534756 neg 0.23966726387879916	false	1.0
fatal	neg 1.0	neg 1.0	neg 0.6090649557242864 __DUMMY__ 0.22227314422342984 off 0.1686619000522838	false	1.0
bruch	neg 1.0		__DUMMY__ 0.4671701064919697 off 0.28748567916629847 neg 0.2453442143417318	false	0.5
aushungern	neg 1.0		__DUMMY__ 0.46255163004272254 off 0.2932170950909666 neg 0.24423127486631074	false	0.5
anspannung	neg 1.0		__DUMMY__ 0.4704777326929924 off 0.2862430924126814 neg 0.24327917489432616	false	0.5
von			__DUMMY__ 0.46667940144110925 off 0.28918051245212134 neg 0.24414008610676952	false	0.0
kraftlos	neg 1.0		__DUMMY__ 0.4641347443403987 off 0.29162763410627424 neg 0.2442376215533271	false	0.5
vom			__DUMMY__ 0.47357172139546555 off 0.2839763510715486 neg 0.24245192753298567	false	0.0
grenzdebil	off 1.0		__DUMMY__ 0.457625458328529 off 0.3016390205691825 neg 0.24073552110228844	false	1.0
vor			__DUMMY__ 0.46741919804789733 off 0.2879714708183822 neg 0.24460933113372033	false	0.0
unterwerfen	neg 1.0		__DUMMY__ 0.46577570421878994 off 0.29188458676182205 neg 0.242339709019388	false	0.5
versenkung	neg 1.0		__DUMMY__ 0.46625440832819176 off 0.2912788680193731 neg 0.24246672365243518	false	0.5
entziehen	neg 1.0		__DUMMY__ 0.466842268796613 off 0.2888697532776494 neg 0.24428797792573761	false	0.5
finanzkrise	neg 1.0		__DUMMY__ 0.45778263193557445 off 0.2923250907825126 neg 0.249892277281913	false	0.5
schimpfend	neg 1.0		__DUMMY__ 0.4632462693367786 off 0.2962942459312149 neg 0.24045948473200637	false	0.5
profan	neg 1.0		__DUMMY__ 0.46033113806432563 off 0.29725162604560074 neg 0.24241723589007377	false	0.5
korruption	neg 1.0		__DUMMY__ 0.4621378632492616 off 0.2921977406532727 neg 0.2456643960974657	false	0.5
â			__DUMMY__ 0.4646520215661142 off 0.29205018098069807 neg 0.24329779745318772	false	0.0
schmutzig	neg 1.0		__DUMMY__ 0.4574247960070536 off 0.30170244887002473 neg 0.24087275512292164	false	0.5
sexy	neg 1.0		__DUMMY__ 0.4607244115890758 off 0.29960279756506064 neg 0.2396727908458635	false	0.5
abraten	neg 1.0		__DUMMY__ 0.4618079194367874 off 0.2972940323593487 neg 0.24089804820386398	false	0.5
schwarz	neg 1.0		__DUMMY__ 0.461549285857864 off 0.297753534213132 neg 0.24069717992900388	false	0.5
fotze	off 1.0	off 1.0	off 0.6366817847355685 __DUMMY__ 0.2260288907376327 neg 0.13728932452679882	false	1.0
verwirren	neg 1.0		__DUMMY__ 0.4607497825751961 off 0.2978197945337744 neg 0.2414304228910295	false	0.5
zahnlos	off 1.0		__DUMMY__ 0.4636411304223902 off 0.2935004011341338 neg 0.24285846844347606	false	1.0
verheeren	neg 1.0		__DUMMY__ 0.4511556507092324 off 0.3136867093627778 neg 0.23515763992798977	false	0.5
hippie	neg 1.0		__DUMMY__ 0.4604822446387844 off 0.29903475266739293 neg 0.2404830026938228	false	0.5
rammen	neg 1.0		__DUMMY__ 0.4630831361253202 off 0.2960768333706778 neg 0.24084003050400196	false	0.5
unlauter	neg 1.0		__DUMMY__ 0.46035642180609904 off 0.2970256314736593 neg 0.24261794672024162	false	0.5
unheilvoll	neg 1.0		__DUMMY__ 0.4611114578572813 off 0.29593593645693117 neg 0.24295260568578758	false	0.5
niedrig	neg 1.0		__DUMMY__ 0.46291790029790747 off 0.29094597359129926 neg 0.24613612611079339	false	0.5
explosion	neg 1.0		__DUMMY__ 0.4609122757009158 off 0.29910457005263513 neg 0.23998315424644898	false	0.5
weichei	off 1.0	off 1.0	off 0.6442920990992671 __DUMMY__ 0.21900018503210095 neg 0.136707715868632	false	1.0
minusmensch	off 1.0		__DUMMY__ 0.45116790480191993 off 0.3135078537240183 neg 0.23532424147406183	false	1.0
farblos	neg 1.0		__DUMMY__ 0.4619277716895531 off 0.29639196367712417 neg 0.24168026463332284	false	0.5
unwissend	neg 1.0	neg 1.0	neg 0.6070781104814716 __DUMMY__ 0.22241750853119288 off 0.1705043809873355	false	1.0
traurig	neg 1.0		__DUMMY__ 0.457076712645907 off 0.3046032045463838 neg 0.23832008280770922	false	0.5
senkung	neg 1.0		__DUMMY__ 0.4569521905692658 off 0.29658370714695104 neg 0.24646410228378327	false	0.5
ungleich	neg 1.0	neg 1.0	neg 0.6087509649865391 __DUMMY__ 0.22578436969381604 off 0.16546466531964468	false	1.0
heikel	neg 1.0		__DUMMY__ 0.4655798114986941 off 0.29031178147179754 neg 0.24410840702950834	false	0.5
drosselung	neg 1.0		__DUMMY__ 0.4555736353478466 off 0.30102442865826984 neg 0.24340193599388357	false	0.5
falsch	neg 1.0		__DUMMY__ 0.46049771980543874 off 0.2997907278302572 neg 0.23971155236430408	false	0.5
unzufriedenheit	neg 1.0		__DUMMY__ 0.46465193055741044 off 0.28954503181668445 neg 0.24580303762590505	false	0.5
kurz	neg 1.0		__DUMMY__ 0.46512705282021877 off 0.29303112964896966 neg 0.24184181753081171	false	0.5
unsinnig	neg 1.0		__DUMMY__ 0.46212674336727316 off 0.29353127042046523 neg 0.2443419862122615	false	0.5
penner	off 1.0	off 1.0	off 0.645667135170031 __DUMMY__ 0.21880891493730784 neg 0.13552394989266112	false	1.0
seicht	neg 1.0		__DUMMY__ 0.4500643761670378 off 0.310282399890089 neg 0.2396532239428732	false	0.5
dummheit	off 1.0	off 1.0	off 0.6392090066758614 __DUMMY__ 0.22294472770698237 neg 0.1378462656171562	false	1.0
unerfreulich	neg 1.0		__DUMMY__ 0.4659582164371414 off 0.2900418373553215 neg 0.24399994620753698	false	0.5
motherfucker	off 1.0	off 1.0	off 0.642546878446152 __DUMMY__ 0.22161375640607253 neg 0.13583936514777553	false	1.0
pikiert	neg 1.0		__DUMMY__ 0.45795975871026434 off 0.3006238539241724 neg 0.24141638736556342	false	0.5
wrack	neg 1.0		__DUMMY__ 0.4682211894457659 off 0.29478461371229175 neg 0.2369941968419425	false	0.5
gangster	neg 1.0		__DUMMY__ 0.4602388679278413 off 0.29921672933033944 neg 0.24054440274181918	false	0.5
krank	neg 1.0		__DUMMY__ 0.45849713163695316 off 0.3020944089910786 neg 0.23940845937196817	false	0.5
reich	neg 1.0		__DUMMY__ 0.4564112299796776 off 0.2982121588211594 neg 0.24537661119916288	false	0.5
gnadenlos	neg 1.0		__DUMMY__ 0.4626200854541565 off 0.2963467088293691 neg 0.2410332057164744	false	0.5
niedergeschlagen	neg 1.0		__DUMMY__ 0.4651129306820085 off 0.2925136398696319 neg 0.24237342944835952	false	0.5
terrorisieren	off 1.0	off 1.0	off 0.6352296756279702 __DUMMY__ 0.22627500503649028 neg 0.1384953193355396	false	1.0
sinnlosigkeit	neg 1.0		__DUMMY__ 0.4640159957637286 off 0.2930257493809111 neg 0.2429582548553604	false	0.5
behindern	neg 1.0		__DUMMY__ 0.4624368866745403 off 0.29461667404229536 neg 0.24294643928316428	false	0.5
undemokratisch	neg 1.0		__DUMMY__ 0.46029962966993015 off 0.2973574285063723 neg 0.24234294182369742	false	0.5
wirtschaftskrise	neg 1.0		__DUMMY__ 0.461492855560666 off 0.29142825879849077 neg 0.24707888564084307	false	0.5
neid	neg 1.0		__DUMMY__ 0.4597873051507091 off 0.2984100139644674 neg 0.24180268088482346	false	0.5
rutschen	neg 1.0		__DUMMY__ 0.46931906417897334 off 0.2850966279174128 neg 0.2455843079036137	false	0.5
rezession	neg 1.0		__DUMMY__ 0.45207738425628846 off 0.30272160804036374 neg 0.2452010077033479	false	0.5
fehlgeburt	neg 1.0		__DUMMY__ 0.46331349336173516 off 0.29576827759715146 neg 0.24091822904111335	false	0.5
charakterschwach	off 1.0		__DUMMY__ 0.45796349593948005 off 0.3015195346611402 neg 0.24051696939937972	false	1.0
isolation	neg 1.0		__DUMMY__ 0.46093777172525147 off 0.2998904629349044 neg 0.23917176533984422	false	0.5
ablenkung	neg 1.0		__DUMMY__ 0.4635721952748616 off 0.2949118375291272 neg 0.2415159671960112	false	0.5
pech	neg 1.0		__DUMMY__ 0.4590132920198179 off 0.2993387150461737 neg 0.24164799293400846	false	0.5
vermeidung	neg 1.0		__DUMMY__ 0.4571739406051044 off 0.3014740913214982 neg 0.2413519680733974	false	0.5
dominieren	neg 1.0		__DUMMY__ 0.4640602307412215 off 0.29353876060111567 neg 0.2424010086576629	false	0.5
schwindlig	neg 1.0		__DUMMY__ 0.4605098303360993 off 0.29674552037762325 neg 0.2427446492862775	false	0.5
lutscher	neg 1.0		__DUMMY__ 0.4490705104544906 off 0.3123090805679829 neg 0.23862040897752645	false	0.5
pflicht	neg 1.0		__DUMMY__ 0.46732528139601337 off 0.28926330301919384 neg 0.24341141558479273	false	0.5
faschist	off 1.0		__DUMMY__ 0.46030476393681674 off 0.2994880321857074 neg 0.24020720387747585	false	1.0
verschleudern	neg 1.0		__DUMMY__ 0.46180603563429673 off 0.289692638238479 neg 0.24850132612722425	false	0.5
wenn			__DUMMY__ 0.4588999853433643 off 0.3000226408412317 neg 0.2410773738154041	false	0.0
ehebruch	neg 1.0		__DUMMY__ 0.4642122213657145 off 0.2918503093061007 neg 0.24393746932818472	false	0.5
spott	off 1.0		__DUMMY__ 0.46560008678244363 off 0.29233171791573437 neg 0.24206819530182183	false	1.0
trostlosigkeit	neg 1.0		__DUMMY__ 0.46534797439898284 off 0.2882669676254 neg 0.24638505797561716	false	0.5
lutschen	neg 1.0		__DUMMY__ 0.4605458287959346 off 0.3002552081877784 neg 0.23919896301628701	false	0.5
undiszipliniert	neg 1.0		__DUMMY__ 0.45702766670490313 off 0.30357729994510824 neg 0.23939503334998855	false	0.5
kopfschmerz	neg 1.0		__DUMMY__ 0.4618020239593353 off 0.2899343417486733 neg 0.2482636342919914	false	0.5
unvorhergesehen	neg 1.0		__DUMMY__ 0.46710452247844064 off 0.28932675077314224 neg 0.24356872674841704	false	0.5
desinteressiert	neg 1.0		__DUMMY__ 0.4572839864817302 off 0.30284270515574035 neg 0.2398733083625295	false	0.5
armselig	off 1.0		__DUMMY__ 0.4562949247727303 off 0.30552617507678603 neg 0.2381789001504836	false	1.0
desaster	neg 1.0		__DUMMY__ 0.4659535835756261 off 0.2877895352908417 neg 0.24625688113353217	false	0.5
tod	neg 1.0		__DUMMY__ 0.46558336474794404 off 0.29124418376355776 neg 0.24317245148849828	false	0.5
herzlos	neg 1.0		__DUMMY__ 0.4562220857541431 off 0.30470681805773403 neg 0.2390710961881228	false	0.5
unwissenheit	neg 1.0		__DUMMY__ 0.46405725511835516 off 0.29261054117798224 neg 0.24333220370366263	false	0.5
widersinnig	neg 1.0		__DUMMY__ 0.4610937243263589 off 0.2931991899007244 neg 0.24570708577291664	false	0.5
bedenklich	neg 1.0		__DUMMY__ 0.4640544998451906 off 0.2913917274913125 neg 0.24455377266349687	false	0.5
beanstanden	neg 1.0		__DUMMY__ 0.4674860428112022 off 0.2902492418340186 neg 0.24226471535477898	false	0.5
panisch	neg 1.0		__DUMMY__ 0.4618568860796015 off 0.29715930838487487 neg 0.2409838055355236	false	0.5
debil	off 1.0		__DUMMY__ 0.47126101974245255 off 0.28334478830216797 neg 0.24539419195537956	false	1.0
abstrich	neg 1.0		__DUMMY__ 0.46388301406454924 off 0.29357828385489376 neg 0.24253870208055697	false	0.5
primitiv	neg 1.0		__DUMMY__ 0.4576045643757847 off 0.3032072311280088 neg 0.23918820449620662	false	0.5
abschaum	off 1.0	off 1.0	off 0.6414865016543916 __DUMMY__ 0.22309375998515343 neg 0.13541973836045498	false	1.0
provozieren	neg 1.0		__DUMMY__ 0.4616344642735224 off 0.29591472957127646 neg 0.24245080615520115	false	0.5
tot	neg 1.0		__DUMMY__ 0.46438499412435047 off 0.2929850325834218 neg 0.24262997329222766	false	0.5
instabil	neg 1.0		__DUMMY__ 0.4543936800680777 off 0.30500346146765467 neg 0.24060285846426768	false	0.5
schwuchtel	off 1.0	off 1.0	off 0.6503655589304016 __DUMMY__ 0.21611486091221277 neg 0.1335195801573856	false	1.0
zerren	neg 1.0		__DUMMY__ 0.46497139811384314 off 0.2923841454505896 neg 0.24264445643556712	false	0.5
kinderficker	off 1.0		__DUMMY__ 0.45450508188706046 off 0.30801449481686927 neg 0.2374804232960703	false	1.0
gefahr	neg 1.0		__DUMMY__ 0.4669591305096527 off 0.28974816466037384 neg 0.24329270482997334	false	0.5
rabiat	neg 1.0		__DUMMY__ 0.46227296531429923 off 0.2936675960347685 neg 0.2440594386509323	false	0.5
verlangsamung	neg 1.0		__DUMMY__ 0.4521042661530987 off 0.3092932785543577 neg 0.23860245529254365	false	0.5
ausgestorben	neg 1.0		__DUMMY__ 0.4640174719743166 off 0.29394861997521415 neg 0.24203390805046943	false	0.5
anklagen	neg 1.0		__DUMMY__ 0.463839882645096 off 0.29352647908512175 neg 0.24263363826978213	false	0.5
trott	neg 1.0		__DUMMY__ 0.46289735571641827 off 0.29511097600738634 neg 0.2419916682761954	false	0.5
verminderung	neg 1.0		__DUMMY__ 0.45713387307969583 off 0.30152843313996963 neg 0.2413376937803346	false	0.5
nach			__DUMMY__ 0.4714281909520908 off 0.28442471815868237 neg 0.24414709088922687	false	0.0
rost	neg 1.0		__DUMMY__ 0.4546196780041608 off 0.3123055127533628 neg 0.23307480924247637	false	0.5
destruktiv	neg 1.0		__DUMMY__ 0.4621239321323194 off 0.2946448559147549 neg 0.24323121195292569	false	0.5
unzumutbarkeit	neg 1.0		__DUMMY__ 0.4591288143369631 off 0.30247506669779517 neg 0.2383961189652416	false	0.5
labil	off 1.0	off 1.0	off 0.6407104738132832 __DUMMY__ 0.22267360155136054 neg 0.1366159246353562	false	1.0
ziemlich	neg 1.0		__DUMMY__ 0.4594626447152114 off 0.3016215623716498 neg 0.23891579291313889	false	0.5
lachnummer	off 1.0		__DUMMY__ 0.46287224612392197 off 0.29583730091794536 neg 0.24129045295813267	false	1.0
oder			__DUMMY__ 0.4630189707718935 off 0.2957496470684637 neg 0.2412313821596427	false	0.0
verfall	neg 1.0		__DUMMY__ 0.4670633689045424 off 0.2855296276159266 neg 0.247407003479531	false	0.5
ausgrenzung	neg 1.0		__DUMMY__ 0.46026439950408454 off 0.297240310266948 neg 0.24249529022896738	false	0.5
unordnung	neg 1.0		__DUMMY__ 0.4563515379649598 off 0.3067027668446833 neg 0.236945695190357	false	0.5
fehlverhalten	neg 1.0		__DUMMY__ 0.46553760629652396 off 0.29086504246008216 neg 0.24359735124339385	false	0.5
eine			__DUMMY__ 0.4662582630390944 off 0.28818377289836933 neg 0.2455579640625363	false	0.0
nille	neg 1.0		__DUMMY__ 0.46341911409394065 off 0.2959134199777586 neg 0.24066746592830074	false	0.5
qual	neg 1.0		__DUMMY__ 0.46290657588832984 off 0.29465918688047904 neg 0.24243423723119112	false	0.5
verschwenden	neg 1.0		__DUMMY__ 0.4641213920162075 off 0.2897623206129189 neg 0.24611628737087352	false	0.5
riesig	neg 1.0		__DUMMY__ 0.46619244583136593 off 0.29148144763177325 neg 0.2423261065368609	false	0.5
verurteilen	neg 1.0		__DUMMY__ 0.46387042378263876 off 0.29315680532189614 neg 0.2429727708954651	false	0.5
klischee	neg 1.0	neg 1.0	neg 0.6077872664845088 __DUMMY__ 0.22246430008630877 off 0.1697484334291825	false	1.0
diktatorisch	neg 1.0		__DUMMY__ 0.46037913204944786 off 0.29758486216313046 neg 0.24203600578742174	false	0.5
vorhersehbar	neg 1.0		__DUMMY__ 0.4596408287522132 off 0.29809996204625167 neg 0.242259209201535	false	0.5
sowie			__DUMMY__ 0.453497309773874 off 0.30662398237710603 neg 0.23987870784902002	false	0.0
stornieren	neg 1.0		__DUMMY__ 0.46429476655938773 off 0.29980289204437194 neg 0.23590234139624036	false	0.5
besteuerung	neg 1.0	neg 1.0	neg 0.6104286939931461 __DUMMY__ 0.22227741639900384 off 0.16729388960784994	false	1.0
ungeschminkt	neg 1.0		__DUMMY__ 0.457649411726995 off 0.3033294065571133 neg 0.2390211817158916	false	0.5
kritisch	neg 1.0		__DUMMY__ 0.46426142212543686 off 0.2926533937748614 neg 0.2430851840997016	false	0.5
schlamperei	off 1.0		__DUMMY__ 0.46515629262120034 off 0.2913184686289395 neg 0.24352523874986023	false	1.0
sucht	neg 1.0	neg 1.0	neg 0.6058556618105745 __DUMMY__ 0.2252344079537109 off 0.1689099302357146	false	1.0
egoistisch	off 1.0	off 1.0	off 0.6448537661301379 __DUMMY__ 0.22054669713213332 neg 0.13459953673772865	false	1.0
ausbeuter	off 1.0		__DUMMY__ 0.46373802588341506 off 0.28969118296646335 neg 0.2465707911501215	false	1.0
arschgeburt	off 1.0		__DUMMY__ 0.4472502577461431 off 0.31724537518428897 neg 0.23550436706956815	false	1.0
schubs	neg 1.0		__DUMMY__ 0.4629059829897668 off 0.29088390949444576 neg 0.24621010751578742	false	0.5
unsolide	neg 1.0		__DUMMY__ 0.46036308814878674 off 0.2981669224901156 neg 0.2414699893610977	false	0.5
beschwerde	neg 1.0		__DUMMY__ 0.464452779481484 off 0.293216630055188 neg 0.242330590463328	false	0.5
stocken	neg 1.0		__DUMMY__ 0.4646368802854462 off 0.29177494047789115 neg 0.24358817923666268	false	0.5
isolieren	neg 1.0		__DUMMY__ 0.46281016220895 off 0.29236188738182023 neg 0.24482795040922975	false	0.5
unheilbar	neg 1.0		__DUMMY__ 0.4622553774698713 off 0.2949981952082267 neg 0.2427464273219019	false	0.5
pisser	off 1.0	off 1.0	off 0.6435002630516585 __DUMMY__ 0.221952480941325 neg 0.13454725600701653	false	1.0
löschen	neg 1.0		__DUMMY__ 0.4624679854879593 off 0.29584272072140194 neg 0.2416892937906387	false	0.5
durchfallen	neg 1.0		__DUMMY__ 0.4645381457169301 off 0.29248313913245577 neg 0.2429787151506142	false	0.5
wichser	off 1.0	off 1.0	off 0.6476783267169902 __DUMMY__ 0.21763302935994513 neg 0.13468864392306462	false	1.0
terror	neg 1.0		__DUMMY__ 0.46071051405682323 off 0.29883788006141326 neg 0.2404516058817636	false	0.5
krass	neg 1.0		__DUMMY__ 0.4552134782896676 off 0.3066745401705691 neg 0.23811198153976332	false	0.5
revolte	neg 1.0		__DUMMY__ 0.4575957388790391 off 0.2982106845679493 neg 0.2441935765530116	false	0.5
besorgt	neg 1.0		__DUMMY__ 0.4653590885259461 off 0.2933383013155589 neg 0.24130261015849505	false	0.5
nachlassen	neg 1.0		__DUMMY__ 0.46576255322831706 off 0.2921876922794191 neg 0.2420497544922637	false	0.5
alt	neg 1.0		__DUMMY__ 0.4607652528137392 off 0.2893870261062095 neg 0.2498477210800513	false	0.5
hundesohn	off 1.0	off 1.0	off 0.6473020406406819 __DUMMY__ 0.21842267983659025 neg 0.13427527952272794	false	1.0
als			__DUMMY__ 0.4632204707107565 off 0.2923939108662316 neg 0.24438561842301174	false	0.0
abschreckung	neg 1.0		__DUMMY__ 0.46540070437632386 off 0.28965071797880426 neg 0.24494857764487193	false	0.5
unqualifiziert	neg 1.0		__DUMMY__ 0.45983344874714654 off 0.3001331820463026 neg 0.24003336920655097	false	0.5
abgewichst	off 1.0		__DUMMY__ 0.46365484842050864 off 0.29503364971796847 neg 0.24131150186152284	false	1.0
schwer	neg 1.0		__DUMMY__ 0.46253053814082057 off 0.29405609022782436 neg 0.24341337163135504	false	0.5
bedeutungslosigkeit	neg 1.0		__DUMMY__ 0.46532249054200187 off 0.2903256779573399 neg 0.2443518315006582	false	0.5
kapitulation	neg 1.0		__DUMMY__ 0.46304219428965493 off 0.2917483188769567 neg 0.24520948683338833	false	0.5
unscharf	neg 1.0		__DUMMY__ 0.45781881312967154 off 0.29590575424370685 neg 0.24627543262662172	false	0.5
schwinden	neg 1.0		__DUMMY__ 0.4640132073223293 off 0.2898162765569961 neg 0.24617051612067464	false	0.5
versklavung	neg 1.0	neg 1.0	neg 0.6083885000231166 __DUMMY__ 0.22323736142000633 off 0.16837413855687716	false	1.0
schlecht	neg 1.0		__DUMMY__ 0.45964587175958577 off 0.30188733134239165 neg 0.2384667968980226	false	0.5
verhasst	neg 1.0		__DUMMY__ 0.4611735526973719 off 0.2966865060184432 neg 0.24213994128418492	false	0.5
beschweren	neg 1.0		__DUMMY__ 0.4622100510184782 off 0.29751359965531066 neg 0.24027634932621103	false	0.5
scheiden	neg 1.0		__DUMMY__ 0.46176216972176615 off 0.29456749231167645 neg 0.2436703379665575	false	0.5
frustriert	neg 1.0		__DUMMY__ 0.46382830957026006 off 0.29358223654302423 neg 0.24258945388671577	false	0.5
schimmelig	neg 1.0		__DUMMY__ 0.4625147231633089 off 0.2909406225811557 neg 0.24654465425553537	false	0.5
fisch	neg 1.0		__DUMMY__ 0.4631901225775047 off 0.28673448775665517 neg 0.2500753896658402	false	0.5
schmuggel	neg 1.0		__DUMMY__ 0.4679115321147102 off 0.28922234874420416 neg 0.24286611914108566	false	0.5
auffallen	neg 1.0		__DUMMY__ 0.46099903383082136 off 0.2975712007195483 neg 0.24142976544963046	false	0.5
konkurrenz	neg 1.0		__DUMMY__ 0.46644739878024144 off 0.2901175425864061 neg 0.24343505863335246	false	0.5
teufelskreis	neg 1.0	neg 1.0	neg 0.6099193018070012 __DUMMY__ 0.22364015046429847 off 0.16644054772870048	false	1.0
aufschreien	neg 1.0		__DUMMY__ 0.45984539323724366 off 0.2979899811725373 neg 0.24216462559021895	false	0.5
schuldner	neg 1.0		__DUMMY__ 0.46287049222412197 off 0.28904017632401796 neg 0.24808933145186005	false	0.5
missgeburt	off 1.0	off 1.0	off 0.6469425318881173 __DUMMY__ 0.22044724988078077 neg 0.13261021823110197	false	1.0
arbeitslos	neg 1.0		__DUMMY__ 0.46442324191600265 off 0.2923133190369842 neg 0.24326343904701317	false	0.5
befallen	neg 1.0		__DUMMY__ 0.4606204892943073 off 0.29281949109675376 neg 0.24656001960893886	false	0.5
miesepetrig	off 1.0	off 1.0	off 0.6405657871397373 __DUMMY__ 0.22246390765687246 neg 0.13697030520339007	false	1.0
alarmieren	neg 1.0		__DUMMY__ 0.4598464820418213 off 0.30074807387708635 neg 0.2394054440810923	false	0.5
ungeduscht	off 1.0		__DUMMY__ 0.45885530410109765 off 0.29965469040778975 neg 0.2414900054911125	false	1.0
knappheit	neg 1.0		__DUMMY__ 0.4618040723638033 off 0.29167053983247626 neg 0.24652538780372046	false	0.5
schlange	neg 1.0		__DUMMY__ 0.46248518025088164 off 0.2953290342688543 neg 0.242185785480264	false	0.5
harsch	neg 1.0		__DUMMY__ 0.458123972625626 off 0.3072041816742975 neg 0.2346718457000765	false	0.5
lang	neg 1.0		__DUMMY__ 0.4620745694616758 off 0.2967204640302739 neg 0.24120496650805034	false	0.5
ziellos	neg 1.0		__DUMMY__ 0.4658625898833144 off 0.29067926194277177 neg 0.2434581481739138	false	0.5
selbstverliebt	neg 1.0		__DUMMY__ 0.4505225354555512 off 0.31460408213378693 neg 0.23487338241066175	false	0.5
beseitigen	neg 1.0		__DUMMY__ 0.46467033462906565 off 0.29586991104930915 neg 0.23945975432162517	false	0.5
dumm	off 1.0		__DUMMY__ 0.4536159303513525 off 0.30883026241020606 neg 0.23755380723844138	false	1.0
arbeitsloser	neg 1.0		__DUMMY__ 0.46704002942849226 off 0.29365797132473065 neg 0.2393019992467771	false	0.5
blitzen	neg 1.0		__DUMMY__ 0.4600823669867293 off 0.2996993557172651 neg 0.2402182772960056	false	0.5
hilflos	neg 1.0		__DUMMY__ 0.46408766979370525 off 0.2922728163731571 neg 0.24363951383313764	false	0.5
eklig	off 1.0		__DUMMY__ 0.4519563092305515 off 0.3087034904506128 neg 0.23934020031883563	false	1.0
begriff			__DUMMY__ 0.4630758389396224 off 0.29467998394742423 neg 0.24224417711295337	false	0.0
hungersnot	neg 1.0		__DUMMY__ 0.46214503837802484 off 0.2918876801729255 neg 0.2459672814490496	false	0.5
ungesetzlich	neg 1.0		__DUMMY__ 0.4599316025054842 off 0.2973149639776173 neg 0.2427534335168986	false	0.5
verschwendung	neg 1.0		__DUMMY__ 0.46511879908637416 off 0.2901684841533673 neg 0.2447127167602585	false	0.5
schmerzvoll	neg 1.0		__DUMMY__ 0.4607643274508819 off 0.29626429184533676 neg 0.2429713807037812	false	0.5
vorzeitig	neg 1.0		__DUMMY__ 0.4609586000947608 off 0.3017652643810473 neg 0.2372761355241918	false	0.5
unvollkommenheit	neg 1.0		__DUMMY__ 0.46424685814450417 off 0.2937457944241502 neg 0.24200734743134558	false	0.5
intervenieren	neg 1.0		__DUMMY__ 0.4632584486345298 off 0.2903440923311616 neg 0.2463974590343086	false	0.5
banause	off 1.0		__DUMMY__ 0.44914679085423953 off 0.30959841293938883 neg 0.24125479620637172	false	1.0
rebell	neg 1.0		__DUMMY__ 0.4657624568472896 off 0.2854470347058213 neg 0.2487905084468891	false	0.5
unlogisch	neg 1.0		__DUMMY__ 0.45676839372114175 off 0.3042539891083886 neg 0.23897761717046967	false	0.5
leiden	neg 1.0		__DUMMY__ 0.4684213636969546 off 0.29000621793300285 neg 0.24157241837004245	false	0.5
abschaffung	neg 1.0		__DUMMY__ 0.4605199929637099 off 0.2958371405032328 neg 0.24364286653305725	false	0.5
sturz	neg 1.0		__DUMMY__ 0.46461423522960604 off 0.2990262300616719 neg 0.23635953470872195	false	0.5
verkleinerung	neg 1.0		__DUMMY__ 0.4570216183688238 off 0.29867986608600644 neg 0.2442985155451697	false	0.5
schmarotzer	off 1.0		__DUMMY__ 0.4633327349687739 off 0.29310220094683015 neg 0.24356506408439585	false	1.0
bestrafung	neg 1.0	neg 1.0	neg 0.6071363946129222 __DUMMY__ 0.2247869194535361 off 0.16807668593354164	false	1.0
achtlos	neg 1.0		__DUMMY__ 0.46360016406831367 off 0.2934269406665715 neg 0.24297289526511484	false	0.5
ungeheuer	neg 1.0		__DUMMY__ 0.46049471831641214 off 0.2946206873572522 neg 0.24488459432633566	false	0.5
unaufrichtig	neg 1.0		__DUMMY__ 0.4603430398572969 off 0.3003406560714337 neg 0.23931630407126941	false	0.5
groggy	neg 1.0		__DUMMY__ 0.46142966612299346 off 0.2992868748422434 neg 0.23928345903476322	false	0.5
verletzlich	neg 1.0		__DUMMY__ 0.45637776430169213 off 0.2998166800042503 neg 0.24380555569405754	false	0.5
