unsolidarisch	neg 1.0		__DUMMY__ 0.8753651798990307 off 0.06817643565888348 neg 0.05645838444208581	false	0.5
nachteilig	neg 1.0		__DUMMY__ 0.8837828106719882 off 0.0633554058524039 neg 0.05286178347560802	false	0.5
skeptisch	neg 1.0		__DUMMY__ 0.8829439699814018 off 0.062261008363926736 neg 0.0547950216546714	false	0.5
schrecklich	neg 1.0		__DUMMY__ 0.8704729783423789 off 0.07599884546544086 neg 0.05352817619218017	false	0.5
schlapp	neg 1.0	neg 1.0	neg 0.511603959109351 __DUMMY__ 0.4337891796738899 off 0.05460686121675904	false	1.0
abfall	neg 1.0		__DUMMY__ 0.8865657260446943 off 0.059070803438904675 neg 0.054363470516401	false	0.5
widerspenstig	neg 1.0		__DUMMY__ 0.8774276136651542 off 0.06602174844169387 neg 0.05655063789315193	false	0.5
abrupt	neg 1.0		__DUMMY__ 0.881486293822778 off 0.06142481768574668 neg 0.05708888849147524	false	0.5
unwirksam	neg 1.0		__DUMMY__ 0.8722521300511631 off 0.06740595455186589 neg 0.060341915396971105	false	0.5
angreifen	neg 1.0		__DUMMY__ 0.8830270393605204 off 0.06174395679686946 neg 0.055229003842610196	false	0.5
inkonsistent	neg 1.0		__DUMMY__ 0.8746652864129885 off 0.06934121956676995 neg 0.05599349402024164	false	0.5
abrutschen	neg 1.0		__DUMMY__ 0.8857823867280089 off 0.05874392497481904 neg 0.05547368829717199	false	0.5
unsicher	neg 1.0		__DUMMY__ 0.879547709203413 off 0.0667712914166248 neg 0.053680999379962104	false	0.5
bauernkind	off 1.0	off 1.0	off 0.529015515741958 __DUMMY__ 0.42668154694708194 neg 0.04430293731096	false	1.0
angreifer	neg 1.0		__DUMMY__ 0.8793365698284994 off 0.07076790090565656 neg 0.04989552926584411	false	0.5
trennen	neg 1.0		__DUMMY__ 0.8841357469359904 off 0.06125179412090927 neg 0.05461245894310025	false	0.5
schmutz	neg 1.0		__DUMMY__ 0.8813628683451824 off 0.06953810546913815 neg 0.04909902618567939	false	0.5
inkonsistenz	neg 1.0		__DUMMY__ 0.8745663715419728 off 0.07194894187912858 neg 0.0534846865788985	false	0.5
erschreckend	neg 1.0		__DUMMY__ 0.8790539373350138 off 0.06627150665260538 neg 0.054674556012380734	false	0.5
ertrinken	neg 1.0		__DUMMY__ 0.8820827585426047 off 0.0611083479003054 neg 0.05680889355708993	false	0.5
pickelface	off 1.0		__DUMMY__ 0.8792285271699067 off 0.06740459173011058 neg 0.05336688109998269	false	1.0
seiner			__DUMMY__ 0.8836601064352952 off 0.061982782297244694 neg 0.05435711126746005	false	0.0
lauch	neg 1.0	neg 1.0	neg 0.5115824741362367 __DUMMY__ 0.4435596779223166 off 0.04485784794144679	false	1.0
unwichtig	neg 1.0		__DUMMY__ 0.8741222323154908 off 0.07187683018213681 neg 0.05400093750237229	false	0.5
steuerhinterziehung	neg 1.0		__DUMMY__ 0.8776839725360452 off 0.06639511242927978 neg 0.05592091503467498	false	0.5
schock	neg 1.0		__DUMMY__ 0.8798634994731181 off 0.06511324069481364 neg 0.055023259832068315	false	0.5
beule	neg 1.0		__DUMMY__ 0.8709907977436494 off 0.07382826040117846 neg 0.05518094185517221	false	0.5
vergelten	neg 1.0		__DUMMY__ 0.8715401625681353 off 0.07716975074084836 neg 0.05129008669101639	false	0.5
verdorbenheit	neg 1.0		__DUMMY__ 0.878551523409897 off 0.0676465158653154 neg 0.05380196072478758	false	0.5
trauma	neg 1.0		__DUMMY__ 0.8766418527492031 off 0.0683282077961373 neg 0.05502993945465958	false	0.5
sinnlos	neg 1.0		__DUMMY__ 0.8768863634604095 off 0.06892786595680662 neg 0.05418577058278388	false	0.5
fettsack	off 1.0	off 1.0	off 0.5301671964872996 __DUMMY__ 0.42747512057040554 neg 0.04235768294229485	false	1.0
feige	off 1.0	off 1.0	off 0.525575139095402 __DUMMY__ 0.4326833052877413 neg 0.04174155561685674	false	1.0
abdanken	neg 1.0		__DUMMY__ 0.879593535132967 off 0.06674293370536012 neg 0.053663531161672794	false	0.5
wichtigtuer	off 1.0	off 1.0	off 0.5230092899209348 __DUMMY__ 0.4359303846347283 neg 0.041060325444336965	false	1.0
misslingen	neg 1.0		__DUMMY__ 0.8823658812057659 off 0.06811163392686678 neg 0.04952248486736746	false	0.5
untreu	off 1.0		__DUMMY__ 0.8721631926898852 off 0.07311264933142118 neg 0.054724157978693615	false	1.0
missmutig	neg 1.0		__DUMMY__ 0.8738709063565319 off 0.07044960515422088 neg 0.05567948848924734	false	0.5
hurenbock	off 1.0		__DUMMY__ 0.8750594272038854 off 0.06684662795019532 neg 0.05809394484591927	false	1.0
betrunken	neg 1.0		__DUMMY__ 0.8705090284056713 off 0.07479698308911495 neg 0.0546939885052137	false	0.5
korrupt	off 1.0		__DUMMY__ 0.876880655780278 off 0.06604079509966006 neg 0.05707854912006195	false	1.0
unmut	neg 1.0		__DUMMY__ 0.8844312165986358 off 0.06053215082060935 neg 0.055036632580754884	false	0.5
hackfresse	off 1.0		__DUMMY__ 0.865658649482463 off 0.08057132309522737 neg 0.05377002742230976	false	1.0
aufblasen	neg 1.0		__DUMMY__ 0.8772792584156917 off 0.06701345230649415 neg 0.05570728927781427	false	0.5
gewaltsam	neg 1.0		__DUMMY__ 0.8811212191363447 off 0.06656696321488863 neg 0.05231181764876669	false	0.5
unbeliebtheit	neg 1.0		__DUMMY__ 0.8738977538356705 off 0.07326298554273111 neg 0.05283926062159841	false	0.5
sturheit	neg 1.0		__DUMMY__ 0.8808438424637793 off 0.06627183141289933 neg 0.052884326123321265	false	0.5
kuh	neg 1.0		__DUMMY__ 0.8689613268126679 off 0.06967150312179356 neg 0.0613671700655386	false	0.5
erschrecken	neg 1.0		__DUMMY__ 0.8748550323638259 off 0.07091404262194362 neg 0.05423092501423045	false	0.5
opfer	neg 1.0		__DUMMY__ 0.8836631850145373 off 0.06359527309015445 neg 0.05274154189530829	false	0.5
sinken	neg 1.0		__DUMMY__ 0.882105004904099 off 0.060901358679602904 neg 0.05699363641629806	false	0.5
stinktier	neg 1.0		__DUMMY__ 0.8636261868051021 off 0.07833317689502416 neg 0.05804063629987381	false	0.5
tucke	off 1.0		__DUMMY__ 0.8603825807056888 off 0.08259797740320114 neg 0.05701944189111001	false	1.0
ein			__DUMMY__ 0.8760581695213059 off 0.06571743522650021 neg 0.0582243952521938	false	0.0
abstieg	neg 1.0		__DUMMY__ 0.8849030072030323 off 0.06484867211553551 neg 0.050248320681432264	false	0.5
missverstehen	neg 1.0		__DUMMY__ 0.8758978883464379 off 0.06986908989544968 neg 0.054233021758112517	false	0.5
ergebnislos	neg 1.0		__DUMMY__ 0.8848230666437632 off 0.06332876910184392 neg 0.05184816425439288	false	0.5
unter			__DUMMY__ 0.8919185433121624 off 0.054726313469101846 neg 0.05335514321873578	false	0.0
manipulieren	neg 1.0		__DUMMY__ 0.8831425666554108 off 0.06269987918640982 neg 0.05415755415817931	false	0.5
unbewiesen	neg 1.0		__DUMMY__ 0.8765428242395068 off 0.06844777695478572 neg 0.05500939880570745	false	0.5
verschleppen	neg 1.0		__DUMMY__ 0.8803218199576028 off 0.06437399935893325 neg 0.055304180683463926	false	0.5
weib	off 1.0		__DUMMY__ 0.8628379702368204 off 0.08286457245508608 neg 0.05429745730809354	false	1.0
opposition	neg 1.0		__DUMMY__ 0.8753876394583122 off 0.06839085749620673 neg 0.05622150304548099	false	0.5
verkehrswidrig	neg 1.0		__DUMMY__ 0.8738927289583652 off 0.07732265734846072 neg 0.04878461369317397	false	0.5
inkorrekt	neg 1.0		__DUMMY__ 0.8700949045014817 off 0.076122687737667 neg 0.05378240776085122	false	0.5
vermeiden	neg 1.0		__DUMMY__ 0.8881189643185988 off 0.05810255133913136 neg 0.053778484342269915	false	0.5
abweichung	neg 1.0		__DUMMY__ 0.8816213956361071 off 0.06462167556967677 neg 0.053756928794216285	false	0.5
alkoholisiert	neg 1.0		__DUMMY__ 0.8878223556839735 off 0.06126247167465222 neg 0.05091517264137428	false	0.5
scheiss	off 1.0	off 1.0	off 0.5261751879527972 __DUMMY__ 0.431896058145667 neg 0.04192875390153591	false	1.0
herausforderung	neg 1.0		__DUMMY__ 0.8810509127810054 off 0.06440301222531279 neg 0.05454607499368176	false	0.5
pervers	off 1.0		__DUMMY__ 0.8612058621889828 off 0.08518303739185223 neg 0.053611100419164934	false	1.0
wackelig	neg 1.0		__DUMMY__ 0.8813182357338926 off 0.06394960198444082 neg 0.05473216228166668	false	0.5
verwickeln	neg 1.0		__DUMMY__ 0.8761638258156423 off 0.06898237217914062 neg 0.05485380200521706	false	0.5
vorwand	neg 1.0		__DUMMY__ 0.8837336301613111 off 0.06129233003598762 neg 0.05497403980270124	false	0.5
muschi	off 1.0		__DUMMY__ 0.8811838233131443 off 0.06632959172948734 neg 0.052486584957368354	false	1.0
entmutigung	neg 1.0		__DUMMY__ 0.8720171183816303 off 0.06970705305867937 neg 0.058275828559690226	false	0.5
unangemessen	neg 1.0		__DUMMY__ 0.87996920378494 off 0.065890662591291 neg 0.05414013362376897	false	0.5
unstetig	neg 1.0		__DUMMY__ 0.8762008298799182 off 0.07079573445024819 neg 0.05300343566983365	false	0.5
entmutigen	neg 1.0		__DUMMY__ 0.8771489504693576 off 0.06781320828799421 neg 0.05503784124264824	false	0.5
schwanz	neg 1.0		__DUMMY__ 0.8822574915274564 off 0.06403576744587501 neg 0.053706741026668704	false	0.5
verbot	neg 1.0		__DUMMY__ 0.8784263808214191 off 0.06569034886135089 neg 0.055883270317230026	false	0.5
leid	neg 1.0		__DUMMY__ 0.8686755374734154 off 0.07757177633248678 neg 0.0537526861940977	false	0.5
archaisch	neg 1.0		__DUMMY__ 0.8796176145654943 off 0.06552498479387767 neg 0.05485740064062806	false	0.5
gegen			__DUMMY__ 0.8857101052340688 off 0.06105881748675014 neg 0.05323107727918112	false	0.0
scheidung	neg 1.0		__DUMMY__ 0.8624656460579747 off 0.08873071230263578 neg 0.04880364163938949	false	0.5
einschlag	neg 1.0		__DUMMY__ 0.874209897660631 off 0.07629374501385223 neg 0.04949635732551677	false	0.5
m			__DUMMY__ 0.8809634458211126 off 0.06459202208054383 neg 0.05444453209834349	false	0.0
abgestanden	neg 1.0		__DUMMY__ 0.8717223530831393 off 0.06630423528322489 neg 0.06197341163363587	false	0.5
schmierig	off 1.0		__DUMMY__ 0.8677076512175532 off 0.07727552444422293 neg 0.05501682433822373	false	1.0
unpraktisch	neg 1.0		__DUMMY__ 0.8780692174582512 off 0.06797943940050177 neg 0.05395134314124716	false	0.5
wixxer	off 1.0		__DUMMY__ 0.8594859165115125 off 0.08558225767786706 neg 0.05493182581062042	false	1.0
bezeichnet			__DUMMY__ 0.8791878352429475 off 0.06734388961031525 neg 0.053468275146737146	false	0.0
jammerlappen	off 1.0		__DUMMY__ 0.873454898686573 off 0.0721700973859913 neg 0.05437500392743569	false	1.0
farce	neg 1.0		__DUMMY__ 0.876593267785251 off 0.06728598355892933 neg 0.05612074865581972	false	0.5
zwecklos	neg 1.0		__DUMMY__ 0.87979031925261 off 0.06490676654437436 neg 0.05530291420301565	false	0.5
turbulent	neg 1.0		__DUMMY__ 0.871018377700525 off 0.07412349962709677 neg 0.05485812267237825	false	0.5
invasion	neg 1.0		__DUMMY__ 0.8759894611505673 off 0.06956094045356767 neg 0.05444959839586508	false	0.5
schuld	neg 1.0		__DUMMY__ 0.8773911043134031 off 0.06828821634478521 neg 0.05432067934181168	false	0.5
risiko	neg 1.0		__DUMMY__ 0.8744826364915075 off 0.06909502867632476 neg 0.0564223348321678	false	0.5
finster	neg 1.0		__DUMMY__ 0.8760153767900747 off 0.0659703441105058 neg 0.058014279099419454	false	0.5
geisteskrank	off 1.0		__DUMMY__ 0.8712102053549178 off 0.07483550209692444 neg 0.0539542925481578	false	1.0
zusammenbrechen	neg 1.0		__DUMMY__ 0.8791809556950869 off 0.06502258802050798 neg 0.05579645628440501	false	0.5
ausbeute	neg 1.0		__DUMMY__ 0.8820003360275224 off 0.06541890257141465 neg 0.052580761401062895	false	0.5
hinterhalt	neg 1.0		__DUMMY__ 0.8807343408120628 off 0.06521562141156613 neg 0.054050037776371115	false	0.5
kritik	neg 1.0		__DUMMY__ 0.8768265617646183 off 0.06704496625346494 neg 0.05612847198191678	false	0.5
einschrumpfen	neg 1.0		__DUMMY__ 0.8720751862280574 off 0.07237338025585677 neg 0.05555143351608593	false	0.5
riskant	neg 1.0		__DUMMY__ 0.8821747444187715 off 0.062497191408335664 neg 0.05532806417289288	false	0.5
frustrieren	neg 1.0		__DUMMY__ 0.8808332614457903 off 0.06341441031049229 neg 0.055752328243717245	false	0.5
groll	neg 1.0		__DUMMY__ 0.8811521074638157 off 0.06511160073591232 neg 0.05373629180027203	false	0.5
gibt			__DUMMY__ 0.8807319890073844 off 0.06463245714931495 neg 0.05463555384330064	false	0.0
qualvoll	neg 1.0		__DUMMY__ 0.8758348716005625 off 0.06890122416863828 neg 0.05526390423079923	false	0.5
wackeln	neg 1.0		__DUMMY__ 0.8781247532132161 off 0.06652626301047584 neg 0.05534898377630793	false	0.5
klagen	neg 1.0		__DUMMY__ 0.8827687069819807 off 0.0615757289117768 neg 0.05565556410624246	false	0.5
bankrott	neg 1.0		__DUMMY__ 0.875718165524981 off 0.07136254994493678 neg 0.05291928453008209	false	0.5
trauern	neg 1.0		__DUMMY__ 0.8863811022573567 off 0.062450745080284954 neg 0.051168152662358336	false	0.5
ablehnung	neg 1.0		__DUMMY__ 0.877565939172394 off 0.06642785399928114 neg 0.05600620682832493	false	0.5
stur	neg 1.0		__DUMMY__ 0.8762231461152883 off 0.06823597045192778 neg 0.05554088343278399	false	0.5
aufruhr	neg 1.0		__DUMMY__ 0.8775175860881345 off 0.06716245245405297 neg 0.055319961457812455	false	0.5
melancholie	neg 1.0		__DUMMY__ 0.879666967274126 off 0.06162126863583954 neg 0.058711764090034396	false	0.5
ist			__DUMMY__ 0.8768480428484309 off 0.06866220197144732 neg 0.054489755180121835	false	0.0
torheit	neg 1.0		__DUMMY__ 0.877508944032457 off 0.06842221016634702 neg 0.05406884580119594	false	0.5
dreckskind	off 1.0		__DUMMY__ 0.8644506636512808 off 0.0818600673451439 neg 0.05368926900357539	false	1.0
umtauschen	neg 1.0		__DUMMY__ 0.8788325948636919 off 0.06577769912889685 neg 0.05538970600741119	false	0.5
zum			__DUMMY__ 0.8913817081992729 off 0.05814399730331815 neg 0.050474294497409	false	0.0
zersetzen	neg 1.0		__DUMMY__ 0.880950874151977 off 0.062385347589286884 neg 0.05666377825873596	false	0.5
zur			__DUMMY__ 0.88822829957669 off 0.058461455146742156 neg 0.053310245276567775	false	0.0
frust	neg 1.0		__DUMMY__ 0.8794475160962483 off 0.06482255084742108 neg 0.055729933056330595	false	0.5
unerbittlichkeit	neg 1.0		__DUMMY__ 0.8832016703886717 off 0.06323243902194345 neg 0.05356589058938483	false	0.5
zwei			__DUMMY__ 0.8878649463295301 off 0.05763654830449718 neg 0.05449850536597277	false	0.0
unkorrekt	neg 1.0		__DUMMY__ 0.871021990241928 off 0.07465896348839202 neg 0.05431904626967997	false	0.5
hexe	off 1.0		__DUMMY__ 0.8705161750890082 off 0.07141537373899369 neg 0.058068451171998034	false	1.0
lasch	neg 1.0		__DUMMY__ 0.8740482825076543 off 0.07135609429988458 neg 0.05459562319246116	false	0.5
rivale	neg 1.0		__DUMMY__ 0.8714182877698262 off 0.0759797870453367 neg 0.05260192518483711	false	0.5
mutlos	off 1.0	off 1.0	off 0.5188991851082232 __DUMMY__ 0.43943995328963814 neg 0.041660861602138735	false	1.0
wirr	off 1.0		__DUMMY__ 0.868312726158264 off 0.0766245845540616 neg 0.05506268928767448	false	1.0
jahr			__DUMMY__ 0.887932648427219 off 0.06200201893259742 neg 0.05006533264018369	false	0.0
wird			__DUMMY__ 0.8816362957672461 off 0.06396133851580886 neg 0.05440236571694499	false	0.0
strafbar	neg 1.0		__DUMMY__ 0.8825443671075464 off 0.06310070332479796 neg 0.05435492956765567	false	0.5
erosion	neg 1.0		__DUMMY__ 0.8791313525245358 off 0.0669817403941013 neg 0.05388690708136295	false	0.5
eingehen	neg 1.0		__DUMMY__ 0.8806740287051947 off 0.06326149234395535 neg 0.05606447895084995	false	0.5
faul	off 1.0		__DUMMY__ 0.8748270930070029 off 0.07095891611924104 neg 0.054213990873756064	false	1.0
provisorium	neg 1.0		__DUMMY__ 0.8924576906322172 off 0.05469082858870659 neg 0.05285148077907617	false	0.5
schmerzen	neg 1.0		__DUMMY__ 0.8775753930386802 off 0.06515091078491529 neg 0.057273696176404466	false	0.5
schrumpfen	neg 1.0		__DUMMY__ 0.8838334719434011 off 0.05859861067562654 neg 0.05756791738097235	false	0.5
geistlos	off 1.0		__DUMMY__ 0.8741527790794752 off 0.07030649182803139 neg 0.05554072909249327	false	1.0
fehlkauf	neg 1.0		__DUMMY__ 0.8755844518779134 off 0.0696163729401811 neg 0.05479917518190543	false	0.5
frustrierend	neg 1.0		__DUMMY__ 0.8744304671114825 off 0.07086988258149196 neg 0.05469965030702549	false	0.5
unzufrieden	neg 1.0		__DUMMY__ 0.8804191714834135 off 0.06471159182462205 neg 0.054869236691964356	false	0.5
verzweifeln	neg 1.0		__DUMMY__ 0.8794766707184904 off 0.0659250193987516 neg 0.054598309882757906	false	0.5
verzweifelt	neg 1.0		__DUMMY__ 0.8762229574583075 off 0.0682958419450315 neg 0.055481200596661104	false	0.5
misstrauensantrag	neg 1.0		__DUMMY__ 0.8757636724262329 off 0.06883708680037393 neg 0.05539924077339317	false	0.5
abfallen	neg 1.0		__DUMMY__ 0.8773997832284067 off 0.0667024827266289 neg 0.055897734044964426	false	0.5
fucker	off 1.0		__DUMMY__ 0.8712369981303506 off 0.07564380675603391 neg 0.05311919511361555	false	1.0
ungezogen	neg 1.0		__DUMMY__ 0.8639777873319037 off 0.08277552408593798 neg 0.053246688582158315	false	0.5
irrsinnig	neg 1.0	neg 1.0	neg 0.5118461922705214 __DUMMY__ 0.4365807735835766 off 0.051573034145901905	false	1.0
unfassbar	neg 1.0		__DUMMY__ 0.8734031340767302 off 0.0730537815818806 neg 0.05354308434138918	false	0.5
hart	neg 1.0		__DUMMY__ 0.8702591847419319 off 0.07316457033626214 neg 0.05657624492180597	false	0.5
widerlich	off 1.0		__DUMMY__ 0.8722939834736374 off 0.07365225314929098 neg 0.05405376337707172	false	1.0
fatal	neg 1.0	neg 1.0	neg 0.5138578108579341 __DUMMY__ 0.4332146808587592 off 0.05292750828330675	false	1.0
bruch	neg 1.0		__DUMMY__ 0.8844662924053881 off 0.06010673819725613 neg 0.05542696939735577	false	0.5
aushungern	neg 1.0		__DUMMY__ 0.8780909750601571 off 0.06594962507254384 neg 0.05595939986729901	false	0.5
anspannung	neg 1.0		__DUMMY__ 0.8891201780755625 off 0.05797502346307319 neg 0.05290479846136431	false	0.5
von			__DUMMY__ 0.8840089929841034 off 0.061255515490706444 neg 0.054735491525190104	false	0.0
kraftlos	neg 1.0		__DUMMY__ 0.8804645456615203 off 0.06396156971308016 neg 0.055573884625399535	false	0.5
vom			__DUMMY__ 0.8934806834016834 off 0.05505201433122398 neg 0.05146730226709256	false	0.0
grenzdebil	off 1.0		__DUMMY__ 0.8717066004364075 off 0.07332702222548876 neg 0.05496637733810375	false	1.0
vor			__DUMMY__ 0.8847297592667968 off 0.06033032084084797 neg 0.054939919892355256	false	0.0
unterwerfen	neg 1.0		__DUMMY__ 0.882637276903697 off 0.06371758975321423 neg 0.053645133343088666	false	0.5
versenkung	neg 1.0		__DUMMY__ 0.8830844090197361 off 0.06324889453501209 neg 0.05366669644525186	false	0.5
entziehen	neg 1.0		__DUMMY__ 0.8839453746272152 off 0.06124053102879154 neg 0.054814094343993106	false	0.5
finanzkrise	neg 1.0		__DUMMY__ 0.8717455404234183 off 0.0666516055680253 neg 0.06160285400855631	false	0.5
schimpfend	neg 1.0		__DUMMY__ 0.8797431864290604 off 0.06725156740347658 neg 0.05300524616746301	false	0.5
profan	neg 1.0		__DUMMY__ 0.8753231461938251 off 0.06928596933074642 neg 0.05539088447542847	false	0.5
korruption	neg 1.0		__DUMMY__ 0.8776086478888407 off 0.06521905645217276 neg 0.057172295658986544	false	0.5
â			__DUMMY__ 0.8812274895114127 off 0.06396302865780351 neg 0.05480948183078371	false	0.0
schmutzig	neg 1.0		__DUMMY__ 0.8714351476525413 off 0.07346041113821535 neg 0.05510444120924336	false	0.5
sexy	neg 1.0		__DUMMY__ 0.8758619933697118 off 0.07082855328269728 neg 0.05330945334759083	false	0.5
abraten	neg 1.0		__DUMMY__ 0.8773885900464012 off 0.06875495948152727 neg 0.05385645047207158	false	0.5
schwarz	neg 1.0		__DUMMY__ 0.8769311470725584 off 0.06925323552437634 neg 0.05381561740306525	false	0.5
fotze	off 1.0	off 1.0	off 0.5192120241888747 __DUMMY__ 0.44020698330561364 neg 0.040580992505511684	false	1.0
verwirren	neg 1.0		__DUMMY__ 0.8758305872479576 off 0.06961177125034829 neg 0.054557641501693996	false	0.5
zahnlos	off 1.0		__DUMMY__ 0.8795457572307245 off 0.06571802648109433 neg 0.054736216288181205	false	1.0
verheeren	neg 1.0		__DUMMY__ 0.862998629849654 off 0.08430658014512098 neg 0.052694790005225034	false	0.5
hippie	neg 1.0		__DUMMY__ 0.8754592544577239 off 0.07056405113286719 neg 0.05397669440940883	false	0.5
rammen	neg 1.0		__DUMMY__ 0.8797160246074716 off 0.06703501224506829 neg 0.053248963147460235	false	0.5
unlauter	neg 1.0		__DUMMY__ 0.8754161013194308 off 0.06913457471576413 neg 0.05544932396480505	false	0.5
unheilvoll	neg 1.0		__DUMMY__ 0.8767106499863807 off 0.06777698624101411 neg 0.05551236377260524	false	0.5
niedrig	neg 1.0		__DUMMY__ 0.879013154474396 off 0.06373412478622863 neg 0.05725272073937536	false	0.5
explosion	neg 1.0		__DUMMY__ 0.8761904601699558 off 0.070361308954359 neg 0.053448230875685204	false	0.5
weichei	off 1.0	off 1.0	off 0.5296312651546153 __DUMMY__ 0.42755862080031226 neg 0.042810114045072394	false	1.0
minusmensch	off 1.0		__DUMMY__ 0.8628143397423641 off 0.08431669758096487 neg 0.052868962676671016	false	1.0
farblos	neg 1.0		__DUMMY__ 0.8780514719231268 off 0.06765684258258975 neg 0.05429168549428338	false	0.5
unwissend	neg 1.0	neg 1.0	neg 0.5118209569225499 __DUMMY__ 0.4336170006076078 off 0.054562042469842184	false	1.0
traurig	neg 1.0		__DUMMY__ 0.8710282517231143 off 0.07562903240198965 neg 0.053342715874896	false	0.5
senkung	neg 1.0		__DUMMY__ 0.8708710558317591 off 0.0698051877338585 neg 0.059323756434382514	false	0.5
ungleich	neg 1.0	neg 1.0	neg 0.5120652026183372 __DUMMY__ 0.4395735097131773 off 0.048361287668485395	false	1.0
heikel	neg 1.0		__DUMMY__ 0.8822832480359843 off 0.06264017315986516 neg 0.055076578804150546	false	0.5
drosselung	neg 1.0		__DUMMY__ 0.8690785124136895 off 0.07338262861611779 neg 0.05753885897019272	false	0.5
falsch	neg 1.0		__DUMMY__ 0.8756006454103237 off 0.07102371127055686 neg 0.05337564331911945	false	0.5
unzufriedenheit	neg 1.0		__DUMMY__ 0.8808758849506932 off 0.06253486414902172 neg 0.056589250900285	false	0.5
kurz	neg 1.0		__DUMMY__ 0.8819131560499301 off 0.06452653830812353 neg 0.053560305641946235	false	0.5
unsinnig	neg 1.0		__DUMMY__ 0.8775105284514269 off 0.06618596617519826 neg 0.05630350537337479	false	0.5
penner	off 1.0	off 1.0	off 0.5311520834972517 __DUMMY__ 0.4271358548921991 neg 0.04171206161054913	false	1.0
seicht	neg 1.0		__DUMMY__ 0.8612963697678788 off 0.08224579065777261 neg 0.05645783957434863	false	0.5
dummheit	off 1.0	off 1.0	off 0.5231883556761018 __DUMMY__ 0.43445319050565656 neg 0.042358453818241645	false	1.0
unerfreulich	neg 1.0		__DUMMY__ 0.882844414424351 off 0.06227257899098193 neg 0.05488300658466696	false	0.5
motherfucker	off 1.0	off 1.0	off 0.5270257727998356 __DUMMY__ 0.4320614290636925 neg 0.04091279813647189	false	1.0
pikiert	neg 1.0		__DUMMY__ 0.8720706575568695 off 0.07253220761381766 neg 0.055397134829312876	false	0.5
wrack	neg 1.0		__DUMMY__ 0.8866483958067909 off 0.06448967742872184 neg 0.04886192676448736	false	0.5
gangster	neg 1.0		__DUMMY__ 0.8751577020367144 off 0.07073607564317734 neg 0.054106222320108276	false	0.5
krank	neg 1.0		__DUMMY__ 0.8731150222768934 off 0.07317892748276388 neg 0.05370605024034263	false	0.5
reich	neg 1.0		__DUMMY__ 0.8702175901645126 off 0.0710641888935145 neg 0.058718220941972835	false	0.5
gnadenlos	neg 1.0		__DUMMY__ 0.8782549515499561 off 0.06803939996407818 neg 0.053705648485965735	false	0.5
niedergeschlagen	neg 1.0		__DUMMY__ 0.8817859277893513 off 0.06422712865476621 neg 0.05398694355588245	false	0.5
terrorisieren	off 1.0	off 1.0	off 0.5179566308339978 __DUMMY__ 0.44040209327411023 neg 0.041641275891891864	false	1.0
sinnlosigkeit	neg 1.0		__DUMMY__ 0.8801419174097328 off 0.0651763591491019 neg 0.054681723441165266	false	0.5
behindern	neg 1.0		__DUMMY__ 0.8782316784358022 off 0.06656715306282789 neg 0.05520116850137005	false	0.5
undemokratisch	neg 1.0		__DUMMY__ 0.8750853715511403 off 0.06964745870424124 neg 0.05526716974461854	false	0.5
wirtschaftskrise	neg 1.0		__DUMMY__ 0.8767760801165235 off 0.06483304280705783 neg 0.05839087707641855	false	0.5
neid	neg 1.0		__DUMMY__ 0.874794384122714 off 0.07011380815321513 neg 0.055091807724070845	false	0.5
rutschen	neg 1.0		__DUMMY__ 0.8876297635486209 off 0.0573396588222027 neg 0.055030577629176375	false	0.5
rezession	neg 1.0		__DUMMY__ 0.8640848864095739 off 0.07605247509571106 neg 0.05986263849471502	false	0.5
fehlgeburt	neg 1.0		__DUMMY__ 0.8798553631593552 off 0.06682080872798692 neg 0.05332382811265783	false	0.5
charakterschwach	off 1.0		__DUMMY__ 0.8720547408019901 off 0.07322054160337214 neg 0.054724717594637796	false	1.0
isolation	neg 1.0		__DUMMY__ 0.8762616075578306 off 0.07086241361542332 neg 0.052875978826746065	false	0.5
ablenkung	neg 1.0		__DUMMY__ 0.8796980359410227 off 0.06653733010355913 neg 0.05376463395541821	false	0.5
pech	neg 1.0		__DUMMY__ 0.8739125140046093 off 0.07086191284718887 neg 0.05522557314820167	false	0.5
vermeidung	neg 1.0		__DUMMY__ 0.8712233534002672 off 0.07320419050311928 neg 0.055572456096613425	false	0.5
dominieren	neg 1.0		__DUMMY__ 0.8803857074822516 off 0.06538937934016625 neg 0.054224913177582164	false	0.5
schwindlig	neg 1.0		__DUMMY__ 0.8759857099284707 off 0.06844602938331426 neg 0.05556826068821502	false	0.5
lutscher	neg 1.0		__DUMMY__ 0.8602029437771276 off 0.08381901807804533 neg 0.0559780381448271	false	0.5
pflicht	neg 1.0		__DUMMY__ 0.8845614764057207 off 0.06140045963939498 neg 0.05403806395488439	false	0.5
faschist	off 1.0		__DUMMY__ 0.8751639090265776 off 0.07112919692828423 neg 0.05370689404513808	false	1.0
verschleudern	neg 1.0		__DUMMY__ 0.8771813478330438 off 0.06344628036025787 neg 0.05937237180669833	false	0.5
wenn			__DUMMY__ 0.8732868810452251 off 0.0718458102840066 neg 0.05486730867076828	false	0.0
ehebruch	neg 1.0		__DUMMY__ 0.8803974396516857 off 0.06427829550833455 neg 0.05532426483997969	false	0.5
spott	off 1.0		__DUMMY__ 0.8823129086301477 off 0.06415935021609674 neg 0.05352774115375563	false	1.0
trostlosigkeit	neg 1.0		__DUMMY__ 0.8819788126716841 off 0.06125864078555118 neg 0.056762546542764594	false	0.5
lutschen	neg 1.0		__DUMMY__ 0.8758244516224639 off 0.07123604955776984 neg 0.05293949881976627	false	0.5
undiszipliniert	neg 1.0		__DUMMY__ 0.870998097204571 off 0.07482546803691083 neg 0.05417643475851823	false	0.5
kopfschmerz	neg 1.0		__DUMMY__ 0.877651785216234 off 0.0631272610608186 neg 0.05922095372294743	false	0.5
unvorhergesehen	neg 1.0		__DUMMY__ 0.8849075381006488 off 0.0609200501915011 neg 0.054172411707850046	false	0.5
desinteressiert	neg 1.0		__DUMMY__ 0.8712544201991616 off 0.07429419991427594 neg 0.05445137988656252	false	0.5
armselig	off 1.0		__DUMMY__ 0.8697757284266525 off 0.07671485666303864 neg 0.05350941491030881	false	1.0
desaster	neg 1.0		__DUMMY__ 0.8826608213667705 off 0.06082340912122593 neg 0.05651576951200353	false	0.5
tod	neg 1.0		__DUMMY__ 0.8828426334910193 off 0.06287750999097803 neg 0.0542798565180027	false	0.5
herzlos	neg 1.0		__DUMMY__ 0.8697892841144597 off 0.07604031091552527 neg 0.0541704049700151	false	0.5
unwissenheit	neg 1.0		__DUMMY__ 0.8802259234668799 off 0.06483661360785907 neg 0.054937462925260916	false	0.5
widersinnig	neg 1.0		__DUMMY__ 0.8760718796530949 off 0.06636749153433859 neg 0.05756062881256657	false	0.5
bedenklich	neg 1.0		__DUMMY__ 0.8801483518392177 off 0.06397577218763811 neg 0.05587587597314418	false	0.5
beanstanden	neg 1.0		__DUMMY__ 0.8848473898418547 off 0.06201102926036967 neg 0.05314158089777564	false	0.5
panisch	neg 1.0		__DUMMY__ 0.8775991716522495 off 0.06852917100333482 neg 0.0538716573444157	false	0.5
debil	off 1.0		__DUMMY__ 0.890415775904103 off 0.0552628220758533 neg 0.05432140202004369	false	1.0
abstrich	neg 1.0		__DUMMY__ 0.8811900287210366 off 0.0644826188316131 neg 0.05432735244735034	false	0.5
primitiv	neg 1.0		__DUMMY__ 0.8716038288744996 off 0.07454637657793028 neg 0.05384979454757005	false	0.5
abschaum	off 1.0	off 1.0	off 0.5253434754902591 __DUMMY__ 0.4347792053305257 neg 0.03987731917921517	false	1.0
provozieren	neg 1.0		__DUMMY__ 0.876892295745642 off 0.06804080359901032 neg 0.05506690065534763	false	0.5
tot	neg 1.0		__DUMMY__ 0.8814466081495265 off 0.06434274259174447 neg 0.05421064925872909	false	0.5
instabil	neg 1.0		__DUMMY__ 0.8673044356160274 off 0.07688198515974556 neg 0.05581357922422701	false	0.5
schwuchtel	off 1.0	off 1.0	off 0.536993088105301 __DUMMY__ 0.4221778001062142 neg 0.040829111788484786	false	1.0
zerren	neg 1.0		__DUMMY__ 0.8815062855337148 off 0.06430148550997633 neg 0.054192228956308944	false	0.5
kinderficker	off 1.0		__DUMMY__ 0.8674094008862252 off 0.07908801227820052 neg 0.05350258683557419	false	1.0
gefahr	neg 1.0		__DUMMY__ 0.8841760108062536 off 0.06183190129806673 neg 0.05399208789567961	false	0.5
rabiat	neg 1.0		__DUMMY__ 0.8777287033726139 off 0.066176652412815 neg 0.05609464421457099	false	0.5
verlangsamung	neg 1.0		__DUMMY__ 0.8642817200306575 off 0.08083662951528738 neg 0.05488165045405506	false	0.5
ausgestorben	neg 1.0		__DUMMY__ 0.8802336582284913 off 0.06575331856721929 neg 0.05401302320428932	false	0.5
anklagen	neg 1.0		__DUMMY__ 0.8800653240459938 off 0.06552065113513116 neg 0.05441402481887507	false	0.5
trott	neg 1.0		__DUMMY__ 0.8787961955769625 off 0.06682136446006888 neg 0.05438243996296857	false	0.5
verminderung	neg 1.0		__DUMMY__ 0.8712121166618729 off 0.0731993191487086 neg 0.05558856418941851	false	0.5
nach			__DUMMY__ 0.890413816578213 off 0.056175318817015596 neg 0.053410864604771444	false	0.0
rost	neg 1.0		__DUMMY__ 0.8679434769508606 off 0.08195328444086919 neg 0.050103238608270186	false	0.5
destruktiv	neg 1.0		__DUMMY__ 0.8775960606503983 off 0.0669359625605821 neg 0.05546797678901955	false	0.5
unzumutbarkeit	neg 1.0		__DUMMY__ 0.8740103336519183 off 0.07328281911749368 neg 0.052706847230587994	false	0.5
labil	off 1.0	off 1.0	off 0.5247781705482013 __DUMMY__ 0.43396802201407053 neg 0.041253807437728156	false	1.0
ziemlich	neg 1.0		__DUMMY__ 0.8742557910046841 off 0.07269478679705604 neg 0.053049422198259776	false	0.5
lachnummer	off 1.0		__DUMMY__ 0.8784894990622315 off 0.06768950879705707 neg 0.0538209921407114	false	1.0
oder			__DUMMY__ 0.8790500097816191 off 0.06722799068267453 neg 0.053721999535706416	false	0.0
verfall	neg 1.0		__DUMMY__ 0.8842576184050617 off 0.05870697728303477 neg 0.05703540431190356	false	0.5
ausgrenzung	neg 1.0		__DUMMY__ 0.8751027707861927 off 0.06952198377192174 neg 0.05537524544188554	false	0.5
unordnung	neg 1.0		__DUMMY__ 0.8702612681165092 off 0.07726302001766189 neg 0.05247571186582886	false	0.5
fehlverhalten	neg 1.0		__DUMMY__ 0.8821279771531103 off 0.06318078024484827 neg 0.05469124260204152	false	0.5
eine			__DUMMY__ 0.8831782439516935 off 0.06083066548205213 neg 0.05599109056625429	false	0.0
nille	neg 1.0		__DUMMY__ 0.8794035285663198 off 0.06738249058233643 neg 0.053213980851343795	false	0.5
qual	neg 1.0		__DUMMY__ 0.8787875175868415 off 0.06651225821199126 neg 0.054700224201167234	false	0.5
verschwenden	neg 1.0		__DUMMY__ 0.8803344952951191 off 0.0626554879853489 neg 0.05701001671953207	false	0.5
riesig	neg 1.0		__DUMMY__ 0.8836640879976247 off 0.06280947839161186 neg 0.053526433610763285	false	0.5
verurteilen	neg 1.0		__DUMMY__ 0.8799215805234393 off 0.06537858689178248 neg 0.054699832584778146	false	0.5
klischee	neg 1.0	neg 1.0	neg 0.5124903373385394 __DUMMY__ 0.4335608218746888 off 0.053948840786771736	false	1.0
diktatorisch	neg 1.0		__DUMMY__ 0.8752005729653788 off 0.06979573391388916 neg 0.05500369312073198	false	0.5
vorhersehbar	neg 1.0		__DUMMY__ 0.8741952995189359 off 0.07028563035845686 neg 0.05551907012260727	false	0.5
sowie			__DUMMY__ 0.866091411457515 off 0.07830757434745736 neg 0.055601014195027644	false	0.0
stornieren	neg 1.0		__DUMMY__ 0.8810561422202525 off 0.06965407963515621 neg 0.04928977814459123	false	0.5
besteuerung	neg 1.0	neg 1.0	neg 0.5150929946768847 __DUMMY__ 0.4334688988728418 off 0.05143810645027346	false	1.0
ungeschminkt	neg 1.0		__DUMMY__ 0.872147696772584 off 0.07415217491347528 neg 0.053700128313940734	false	0.5
kritisch	neg 1.0		__DUMMY__ 0.8803926751304649 off 0.06490917030258798 neg 0.05469815456694705	false	0.5
schlamperei	off 1.0		__DUMMY__ 0.881759858503017 off 0.06356013165634741 neg 0.05468000984063572	false	1.0
sucht	neg 1.0	neg 1.0	neg 0.5093673098634177 __DUMMY__ 0.4391708948984916 off 0.05146179523809072	false	1.0
egoistisch	off 1.0	off 1.0	off 0.5295663432137259 __DUMMY__ 0.43031397045662684 neg 0.0401196863296473	false	1.0
ausbeuter	off 1.0		__DUMMY__ 0.8796508929265962 off 0.06293435381660287 neg 0.0574147532568009	false	1.0
arschgeburt	off 1.0		__DUMMY__ 0.857457502194561 off 0.08834162224080919 neg 0.0542008755646299	false	1.0
schubs	neg 1.0		__DUMMY__ 0.8792509118636411 off 0.06333651763930176 neg 0.057412570497057204	false	0.5
unsolide	neg 1.0		__DUMMY__ 0.8753363325856783 off 0.07007559408265451 neg 0.05458807333166716	false	0.5
beschwerde	neg 1.0		__DUMMY__ 0.8808389165586266 off 0.06514999929027691 neg 0.054011084151096574	false	0.5
stocken	neg 1.0		__DUMMY__ 0.8811104280767851 off 0.06402816236906742 neg 0.054861409554147506	false	0.5
isolieren	neg 1.0		__DUMMY__ 0.8786395808108788 off 0.06506357256785808 neg 0.056296846621263115	false	0.5
unheilbar	neg 1.0		__DUMMY__ 0.8777808754594053 off 0.06720888869734601 neg 0.05501023584324874	false	0.5
pisser	off 1.0	off 1.0	off 0.5275850142424622 __DUMMY__ 0.43292616274493934 neg 0.039488823012598415	false	1.0
löschen	neg 1.0		__DUMMY__ 0.8781875602234879 off 0.06756406698313125 neg 0.054248372793380815	false	0.5
durchfallen	neg 1.0		__DUMMY__ 0.8808663455837593 off 0.0645669477502367 neg 0.05456670666600405	false	0.5
wichser	off 1.0	off 1.0	off 0.5336429476822447 __DUMMY__ 0.4249865528728275 neg 0.041370499444927725	false	1.0
terror	neg 1.0		__DUMMY__ 0.8759963063538612 off 0.07014267459129446 neg 0.05386101905484433	false	0.5
krass	neg 1.0		__DUMMY__ 0.868766524172341 off 0.07747090000160733 neg 0.05376257582605171	false	0.5
revolte	neg 1.0		__DUMMY__ 0.8713736075941341 off 0.07114241294046846 neg 0.05748397946539746	false	0.5
besorgt	neg 1.0		__DUMMY__ 0.8821115939671256 off 0.06483405573182807 neg 0.0530543503010464	false	0.5
nachlassen	neg 1.0		__DUMMY__ 0.8828239875855557 off 0.06370693362622246 neg 0.053469078788221804	false	0.5
alt	neg 1.0		__DUMMY__ 0.8763022392646749 off 0.06293153917087377 neg 0.06076622156445131	false	0.5
hundesohn	off 1.0	off 1.0	off 0.5330798127977234 __DUMMY__ 0.4263010141844352 neg 0.04061917301784135	false	1.0
als			__DUMMY__ 0.8790565549411266 off 0.06492246871158916 neg 0.0560209763472842	false	0.0
abschreckung	neg 1.0		__DUMMY__ 0.8819500309998984 off 0.0623572266986265 neg 0.05569274230147504	false	0.5
unqualifiziert	neg 1.0		__DUMMY__ 0.8744829792827137 off 0.07172133902586787 neg 0.05379568169141844	false	0.5
abgewichst	off 1.0		__DUMMY__ 0.8798320151518682 off 0.0665447986229548 neg 0.05362318622517695	false	1.0
schwer	neg 1.0		__DUMMY__ 0.8780758818106877 off 0.06638363640437955 neg 0.055540481784932684	false	0.5
bedeutungslosigkeit	neg 1.0		__DUMMY__ 0.8818294127299217 off 0.06286656778047932 neg 0.055304019489598975	false	0.5
kapitulation	neg 1.0		__DUMMY__ 0.8787716838265766 off 0.06465048755895893 neg 0.05657782861446448	false	0.5
unscharf	neg 1.0		__DUMMY__ 0.8723534806685319 off 0.06859793346274604 neg 0.059048585868722046	false	0.5
schwinden	neg 1.0		__DUMMY__ 0.8801683824330249 off 0.06288105771026307 neg 0.05695055985671198	false	0.5
versklavung	neg 1.0	neg 1.0	neg 0.5126957027365442 __DUMMY__ 0.43495844317682925 off 0.052345854086626564	false	1.0
schlecht	neg 1.0		__DUMMY__ 0.8744357749060847 off 0.07289045351108712 neg 0.052673771582828134	false	0.5
verhasst	neg 1.0		__DUMMY__ 0.8762739055664642 off 0.06876576080498849 neg 0.05496033362854732	false	0.5
beschweren	neg 1.0		__DUMMY__ 0.8777738436085013 off 0.0689483039321158 neg 0.05327785245938298	false	0.5
scheiden	neg 1.0		__DUMMY__ 0.8776125491380149 off 0.06656786610873017 neg 0.055819584753254894	false	0.5
frustriert	neg 1.0		__DUMMY__ 0.8798797534308279 off 0.06562441909838578 neg 0.054495827470786296	false	0.5
schimmelig	neg 1.0		__DUMMY__ 0.8788982137090996 off 0.06332766981290285 neg 0.057774116477997677	false	0.5
fisch	neg 1.0		__DUMMY__ 0.8798791302232757 neg 0.060123368142064745 off 0.05999750163465959	false	1.0
schmuggel	neg 1.0		__DUMMY__ 0.8856513545430842 off 0.06096987926329213 neg 0.05337876619362364	false	0.5
auffallen	neg 1.0		__DUMMY__ 0.8761632089528613 off 0.06935648930980089 neg 0.0544803017373378	false	0.5
konkurrenz	neg 1.0		__DUMMY__ 0.8833425514921351 off 0.06238777335069465 neg 0.05426967515717028	false	0.5
teufelskreis	neg 1.0	neg 1.0	neg 0.5141045667212549 __DUMMY__ 0.43558192425230563 off 0.05031350902643938	false	1.0
aufschreien	neg 1.0		__DUMMY__ 0.8745327756546297 off 0.07007820809673149 neg 0.05538901624863879	false	0.5
schuldner	neg 1.0		__DUMMY__ 0.8786230418335828 off 0.06263731547141964 neg 0.058739642694997665	false	0.5
missgeburt	off 1.0	off 1.0	off 0.5315616915485211 __DUMMY__ 0.43026445050034406 neg 0.03817385795113486	false	1.0
arbeitslos	neg 1.0		__DUMMY__ 0.8806229079649628 off 0.06455344631280839 neg 0.05482364572222879	false	0.5
befallen	neg 1.0		__DUMMY__ 0.8756011527155126 off 0.06612707894978119 neg 0.0582717683347062	false	0.5
miesepetrig	off 1.0	off 1.0	off 0.5243716389567654 __DUMMY__ 0.43395066439213426 neg 0.04167769665110039	false	1.0
alarmieren	neg 1.0		__DUMMY__ 0.8746233315782508 off 0.07217387057290904 neg 0.053202797848840244	false	0.5
ungeduscht	off 1.0		__DUMMY__ 0.8738778089872071 off 0.07097101342557775 neg 0.05515117758721509	false	1.0
knappheit	neg 1.0		__DUMMY__ 0.8772979497121898 off 0.06484393743144945 neg 0.05785811285636079	false	0.5
schlange	neg 1.0		__DUMMY__ 0.8782905726940731 off 0.06710532237245534 neg 0.0546041049334716	false	0.5
harsch	neg 1.0		__DUMMY__ 0.8726001616413182 off 0.07710050483233395 neg 0.05029933352634785	false	0.5
lang	neg 1.0		__DUMMY__ 0.8776193307292679 off 0.06834803330274007 neg 0.05403263596799204	false	0.5
ziellos	neg 1.0		__DUMMY__ 0.882735456151066 off 0.06276211550190869 neg 0.054502428347025435	false	0.5
selbstverliebt	neg 1.0		__DUMMY__ 0.8620861883501024 off 0.08513265182074685 neg 0.052781159829150784	false	0.5
beseitigen	neg 1.0		__DUMMY__ 0.881472056544672 off 0.06677351688603136 neg 0.051754426569296734	false	0.5
dumm	off 1.0		__DUMMY__ 0.8663275353577604 off 0.07983126257294891 neg 0.053841202069290654	false	1.0
arbeitsloser	neg 1.0		__DUMMY__ 0.8842617191601934 off 0.06469808109960934 neg 0.05104019974019729	false	0.5
blitzen	neg 1.0		__DUMMY__ 0.8749586227240789 off 0.07115143488042494 neg 0.0538899423954962	false	0.5
hilflos	neg 1.0		__DUMMY__ 0.8803210664212051 off 0.06448011316716663 neg 0.0551988204116283	false	0.5
eklig	off 1.0		__DUMMY__ 0.8641503832335553 off 0.08020333926961794 neg 0.05564627749682678	false	1.0
begriff			__DUMMY__ 0.8789141467316287 off 0.06663810880962606 neg 0.054447744458745194	false	0.0
hungersnot	neg 1.0		__DUMMY__ 0.8777792336518572 off 0.06487598334843767 neg 0.057344782999705066	false	0.5
ungesetzlich	neg 1.0		__DUMMY__ 0.8744475770292849 off 0.06987569786355556 neg 0.05567672510715961	false	0.5
verschwendung	neg 1.0		__DUMMY__ 0.8816364958027932 off 0.06270725269164298 neg 0.05565625150556377	false	0.5
schmerzvoll	neg 1.0		__DUMMY__ 0.8758170348818038 off 0.06848858624643014 neg 0.055694378871766065	false	0.5
vorzeitig	neg 1.0		__DUMMY__ 0.8763650862427493 off 0.07227756081449331 neg 0.05135735294275732	false	0.5
unvollkommenheit	neg 1.0		__DUMMY__ 0.8808732733700453 off 0.06528790645670525 neg 0.053838820173249445	false	0.5
intervenieren	neg 1.0		__DUMMY__ 0.879012383493794 off 0.0635759236620376 neg 0.0574116928441684	false	0.5
banause	off 1.0		__DUMMY__ 0.8602872423028864 off 0.08180054577198706 neg 0.057912211925126404	false	1.0
rebell	neg 1.0		__DUMMY__ 0.8829656930626808 off 0.05854272267586586 neg 0.05849158426145329	false	0.5
unlogisch	neg 1.0		__DUMMY__ 0.8705894320538684 off 0.07546944431419493 neg 0.053941123631936566	false	0.5
leiden	neg 1.0		__DUMMY__ 0.8867053228891821 off 0.06101482808466068 neg 0.0522798490261572	false	0.5
abschaffung	neg 1.0		__DUMMY__ 0.8756025808539091 off 0.06826112773129481 neg 0.05613629141479607	false	0.5
sturz	neg 1.0		__DUMMY__ 0.881266723987709 off 0.06914078960425439 neg 0.049592486408036617	false	0.5
verkleinerung	neg 1.0		__DUMMY__ 0.870773524987705 off 0.07151249973096388 neg 0.057713975281331195	false	0.5
schmarotzer	off 1.0		__DUMMY__ 0.879158341656749 off 0.06550317719794424 neg 0.0553384811453068	false	1.0
bestrafung	neg 1.0	neg 1.0	neg 0.5108938084986089 __DUMMY__ 0.4378320428871162 off 0.05127414861427491	false	1.0
achtlos	neg 1.0		__DUMMY__ 0.8796935576247803 off 0.065479905934344 neg 0.054826536440875616	false	0.5
ungeheuer	neg 1.0		__DUMMY__ 0.8756914021863169 off 0.06720887926218007 neg 0.057099718551503045	false	0.5
unaufrichtig	neg 1.0		__DUMMY__ 0.8753005522704456 off 0.07164773685592468 neg 0.053051710873629795	false	0.5
