unsolidarisch	neg 1.0		off 0.5107382009930035 neg 0.4224144548756444 __DUMMY__ 0.0668473441313523	false	0.5
nachteilig	neg 1.0		off 0.5099475038072844 neg 0.42228241386412585 __DUMMY__ 0.06777008232858982	false	0.5
skeptisch	neg 1.0		off 0.5076721115806714 neg 0.42461836483862275 __DUMMY__ 0.0677095235807058	false	0.5
schrecklich	neg 1.0		off 0.5190932215938399 neg 0.41467983395594404 __DUMMY__ 0.06622694445021621	false	0.5
schlapp	neg 1.0	neg 1.0	neg 0.6932136619564668 off 0.2750886087287198 __DUMMY__ 0.03169772931481332	false	1.0
abfall	neg 1.0		off 0.5055258790398308 neg 0.42636748599393776 __DUMMY__ 0.06810663496623146	false	0.5
widerspenstig	neg 1.0		off 0.5095746409173921 neg 0.4234018453140207 __DUMMY__ 0.06702351376858717	false	0.5
abrupt	neg 1.0		off 0.5056387548272702 neg 0.4268852565065009 __DUMMY__ 0.0674759886662289	false	0.5
unwirksam	neg 1.0		off 0.5077158126804056 neg 0.4258367004189797 __DUMMY__ 0.0664474869006148	false	0.5
angreifen	neg 1.0		off 0.5069013213776249 neg 0.42536597842052604 __DUMMY__ 0.06773270020184909	false	0.5
inkonsistent	neg 1.0		off 0.5125369644261917 neg 0.420772197142531 __DUMMY__ 0.06669083843127734	false	0.5
abrutschen	neg 1.0		off 0.5045584592325336 neg 0.4274096632938482 __DUMMY__ 0.0680318774736183	false	0.5
unsicher	neg 1.0		off 0.5119028134460031 neg 0.42078550247601976 __DUMMY__ 0.06731168407797727	false	0.5
bauernkind	off 1.0	off 1.0	off 0.7461518064582228 neg 0.22273218414158516 __DUMMY__ 0.03111600940019206	false	1.0
angreifer	neg 1.0		off 0.5175477476193131 neg 0.41520259700526657 __DUMMY__ 0.06724965537542021	false	0.5
trennen	neg 1.0		off 0.5072003857891825 neg 0.42496689537541266 __DUMMY__ 0.06783271883540502	false	0.5
schmutz	neg 1.0		off 0.5173994781285414 neg 0.4151964214119994 __DUMMY__ 0.06740410045945924	false	0.5
inkonsistenz	neg 1.0		off 0.5159719781893918 neg 0.4173131916780194 __DUMMY__ 0.06671483013258891	false	0.5
erschreckend	neg 1.0		off 0.510731778598025 neg 0.42199905654826314 __DUMMY__ 0.06726916485371194	false	0.5
ertrinken	neg 1.0		off 0.5054119055839552 neg 0.42698725789877295 __DUMMY__ 0.06760083651727179	false	0.5
pickelface	off 1.0		off 0.5127572594983031 neg 0.41999660508457853 __DUMMY__ 0.06724613541711828	false	1.0
seiner			off 0.5078462321425775 neg 0.42436181697821873 __DUMMY__ 0.06779195087920376	false	0.0
lauch	neg 1.0	neg 1.0	neg 0.6975675399859605 off 0.2699364365061135 __DUMMY__ 0.03249602350792592	false	1.0
unwichtig	neg 1.0		off 0.5155904259176454 neg 0.41773434125678005 __DUMMY__ 0.06667523282557458	false	0.5
steuerhinterziehung	neg 1.0		off 0.509851935757547 neg 0.42306408121260936 __DUMMY__ 0.0670839830298437	false	0.5
schock	neg 1.0		off 0.5098015149245654 neg 0.42285802395596084 __DUMMY__ 0.06734046111947385	false	0.5
beule	neg 1.0		off 0.5164962149918314 neg 0.41725796498036405 __DUMMY__ 0.06624582002780455	false	0.5
vergelten	neg 1.0		off 0.5213714334727275 neg 0.4122964140276473 __DUMMY__ 0.06633215249962522	false	0.5
verdorbenheit	neg 1.0		off 0.5129380634607259 neg 0.41993352442087795 __DUMMY__ 0.06712841211839614	false	0.5
trauma	neg 1.0		off 0.5122233157625751 neg 0.42080218254765417 __DUMMY__ 0.06697450168977089	false	0.5
sinnlos	neg 1.0		off 0.5131700806369621 neg 0.4198298082937085 __DUMMY__ 0.06700011106932952	false	0.5
fettsack	off 1.0	off 1.0	off 0.7476502334901016 neg 0.2211613083557452 __DUMMY__ 0.03118845815415327	false	1.0
feige	off 1.0	off 1.0	off 0.7453273589407373 neg 0.2230302601055927 __DUMMY__ 0.03164238095366996	false	1.0
abdanken	neg 1.0		off 0.5116807740664273 neg 0.42100406863153134 __DUMMY__ 0.06731515730204136	false	0.5
wichtigtuer	off 1.0	off 1.0	off 0.7443252615152576 neg 0.22377187858101358 __DUMMY__ 0.03190285990372892	false	1.0
misslingen	neg 1.0		off 0.5160971651597723 neg 0.4163591833929239 __DUMMY__ 0.06754365144730387	false	0.5
untreu	off 1.0		off 0.5159755264981003 neg 0.4175709033935762 __DUMMY__ 0.06645357010832355	false	1.0
missmutig	neg 1.0		off 0.5133496667187348 neg 0.4200226370285215 __DUMMY__ 0.06662769625274356	false	0.5
hurenbock	off 1.0		off 0.5092158942589096 neg 0.42407271490351 __DUMMY__ 0.06671139083758038	false	1.0
betrunken	neg 1.0		off 0.5174336377121905 neg 0.4163428334642446 __DUMMY__ 0.06622352882356478	false	0.5
korrupt	off 1.0		off 0.5086992661403579 neg 0.42427563118732653 __DUMMY__ 0.06702510267231566	false	1.0
unmut	neg 1.0		off 0.5061154679990175 neg 0.4259969874229286 __DUMMY__ 0.06788754457805382	false	0.5
hackfresse	off 1.0		off 0.5224042995436955 neg 0.4119283908681515 __DUMMY__ 0.06566730958815294	false	1.0
aufblasen	neg 1.0		off 0.5107991595757562 neg 0.42218252253622446 __DUMMY__ 0.06701831788801935	false	0.5
gewaltsam	neg 1.0		off 0.5127752948734069 neg 0.4197725409310538 __DUMMY__ 0.06745216419553934	false	0.5
unbeliebtheit	neg 1.0		off 0.5173080678802733 neg 0.4160840885659639 __DUMMY__ 0.06660784355376287	false	0.5
sturheit	neg 1.0		off 0.5119141991996589 neg 0.4206199204370299 __DUMMY__ 0.06746588036331132	false	0.5
kuh	neg 1.0		off 0.5090790489286767 neg 0.4249001300340815 __DUMMY__ 0.06602082103724186	false	0.5
erschrecken	neg 1.0		off 0.5146842207332347 neg 0.41856323942413914 __DUMMY__ 0.0667525398426262	false	0.5
opfer	neg 1.0		off 0.5101504994793632 neg 0.4220665326762017 __DUMMY__ 0.06778296784443505	false	0.5
sinken	neg 1.0		off 0.5050387443904861 neg 0.4273770754676931 __DUMMY__ 0.06758418014182083	false	0.5
stinktier	neg 1.0		off 0.5176710846248449 neg 0.4168926459399416 __DUMMY__ 0.0654362694352136	false	0.5
tucke	off 1.0		off 0.5217256272947849 neg 0.4132326221794406 __DUMMY__ 0.0650417505257745	false	1.0
ein			off 0.5081153601595081 neg 0.42501031457509436 __DUMMY__ 0.06687432526539748	false	0.0
abstieg	neg 1.0		off 0.5128165109246463 neg 0.41929061872757667 __DUMMY__ 0.06789287034777704	false	0.5
missverstehen	neg 1.0		off 0.5138310050896043 neg 0.4192803580673996 __DUMMY__ 0.06688863684299604	false	0.5
ergebnislos	neg 1.0		off 0.5105369570258517 neg 0.4215748809830355 __DUMMY__ 0.06788816199111282	false	0.5
unter			off 0.5032211145053157 neg 0.42806601911629316 __DUMMY__ 0.06871286637839119	false	0.0
manipulieren	neg 1.0		off 0.5083230913067737 neg 0.42395159578752356 __DUMMY__ 0.06772531290570273	false	0.5
unbewiesen	neg 1.0		off 0.5119226975299103 neg 0.4211029928082609 __DUMMY__ 0.06697430966182884	false	0.5
verschleppen	neg 1.0		off 0.5087563679453537 neg 0.4238589261339431 __DUMMY__ 0.06738470592070307	false	0.5
weib	off 1.0		off 0.523676280047895 neg 0.4109819949358219 __DUMMY__ 0.06534172501628298	false	1.0
opposition	neg 1.0		off 0.5115266797168442 neg 0.4216904662395739 __DUMMY__ 0.06678285404358195	false	0.5
verkehrswidrig	neg 1.0		off 0.5237535985177433 neg 0.4096970219702109 __DUMMY__ 0.06654937951204581	false	0.5
inkorrekt	neg 1.0		off 0.5187730797976406 neg 0.41501399997319566 __DUMMY__ 0.06621292022916368	false	0.5
vermeiden	neg 1.0		off 0.505420248308381 neg 0.42632379659340097 __DUMMY__ 0.06825595509821812	false	0.5
abweichung	neg 1.0		off 0.5102144116091033 neg 0.42226746039739255 __DUMMY__ 0.06751812799350423	false	0.5
alkoholisiert	neg 1.0		off 0.5103658254244621 neg 0.42150120510819084 __DUMMY__ 0.06813296946734718	false	0.5
scheiss	off 1.0	off 1.0	off 0.7459023702881373 neg 0.22256668918274886 __DUMMY__ 0.031530940529113816	false	1.0
herausforderung	neg 1.0		off 0.5094485870904424 neg 0.42308457747393113 __DUMMY__ 0.06746683543562651	false	0.5
pervers	off 1.0		off 0.525953644213656 neg 0.4088922370525049 __DUMMY__ 0.06515411873383928	false	1.0
wackelig	neg 1.0		off 0.5092847753857819 neg 0.4232414593090492 __DUMMY__ 0.06747376530516887	false	0.5
verwickeln	neg 1.0		off 0.51269438721812 neg 0.42037697056048484 __DUMMY__ 0.06692864222139526	false	0.5
vorwand	neg 1.0		off 0.5067948138234801 neg 0.42540532136633624 __DUMMY__ 0.06779986481018353	false	0.5
muschi	off 1.0		off 0.5125851373707363 neg 0.4199464718947878 __DUMMY__ 0.06746839073447584	false	1.0
entmutigung	neg 1.0		off 0.5105874590054047 neg 0.4229604881512351 __DUMMY__ 0.06645205284336028	false	0.5
unangemessen	neg 1.0		off 0.5108154626314552 neg 0.4218151940587449 __DUMMY__ 0.06736934330979995	false	0.5
unstetig	neg 1.0		off 0.5156701582025709 neg 0.41749001176099954 __DUMMY__ 0.06683983003642961	false	0.5
entmutigen	neg 1.0		off 0.5117826936177252 neg 0.4211930833342365 __DUMMY__ 0.0670242230480384	false	0.5
schwanz	neg 1.0		off 0.5101795652337245 neg 0.4222557940402994 __DUMMY__ 0.06756464072597612	false	0.5
verbot	neg 1.0		off 0.5092679020971956 neg 0.42354330193019096 __DUMMY__ 0.06718879597261328	false	0.5
leid	neg 1.0		off 0.5202603297381087 neg 0.41373063385637604 __DUMMY__ 0.06600903640551534	false	0.5
archaisch	neg 1.0		off 0.5100551141473668 neg 0.4226344949850062 __DUMMY__ 0.06731039086762694	false	0.5
gegen			off 0.5077318847981164 neg 0.4242366529539262 __DUMMY__ 0.06803146224795743	false	0.0
scheidung	neg 1.0		off 0.5316830813058433 neg 0.4030354202744839 __DUMMY__ 0.0652814984196727	false	0.5
einschlag	neg 1.0		off 0.5222540361424649 neg 0.4111243873996441 __DUMMY__ 0.06662157645789112	false	0.5
m			off 0.5099630203637295 neg 0.4225776380958302 __DUMMY__ 0.06745934154044023	false	0.0
abgestanden	neg 1.0		off 0.5062861964343698 neg 0.4273872542065304 __DUMMY__ 0.06632654935909975	false	0.5
schmierig	off 1.0		off 0.5190080408937532 neg 0.41508472697596854 __DUMMY__ 0.06590723213027815	false	1.0
unpraktisch	neg 1.0		off 0.512916689555551 neg 0.4199983465298634 __DUMMY__ 0.06708496391458559	false	0.5
wixxer	off 1.0		off 0.5252786685894365 neg 0.4097587687503669 __DUMMY__ 0.06496256266019661	false	1.0
bezeichnet			off 0.5124307139844504 neg 0.4202949494783309 __DUMMY__ 0.06727433653721865	false	0.0
jammerlappen	off 1.0		off 0.5154764449917012 neg 0.4179197381140977 __DUMMY__ 0.0666038168942012	false	1.0
farce	neg 1.0		off 0.5103418082458396 neg 0.42268193763802214 __DUMMY__ 0.06697625411613815	false	0.5
zwecklos	neg 1.0		off 0.5092468448974498 neg 0.4233975843419672 __DUMMY__ 0.067355570760583	false	0.5
turbulent	neg 1.0		off 0.5167889638862893 neg 0.41695409780949255 __DUMMY__ 0.06625693830421821	false	0.5
invasion	neg 1.0		off 0.513599003733042 neg 0.4195102217241448 __DUMMY__ 0.06689077454281317	false	0.5
schuld	neg 1.0		off 0.5125348833182136 neg 0.42039384797654816 __DUMMY__ 0.06707126870523827	false	0.5
risiko	neg 1.0		off 0.5115849356249953 neg 0.4217300178521653 __DUMMY__ 0.06668504652283926	false	0.5
finster	neg 1.0		off 0.5087097012983095 neg 0.42446988868627744 __DUMMY__ 0.06682041001541308	false	0.5
geisteskrank	off 1.0		off 0.5177417941288723 neg 0.4159069599332165 __DUMMY__ 0.06635124593791113	false	1.0
zusammenbrechen	neg 1.0		off 0.5090106883397985 neg 0.42370408256773356 __DUMMY__ 0.06728522909246795	false	0.5
ausbeute	neg 1.0		off 0.5119415562796614 neg 0.42053956098598355 __DUMMY__ 0.06751888273435498	false	0.5
hinterhalt	neg 1.0		off 0.5107247411934728 neg 0.4219126733402187 __DUMMY__ 0.06736258546630854	false	0.5
kritik	neg 1.0		off 0.5101270073148417 neg 0.42286537056527845 __DUMMY__ 0.06700762211987984	false	0.5
einschrumpfen	neg 1.0		off 0.5148684932864964 neg 0.4187005413389573 __DUMMY__ 0.06643096537454618	false	0.5
riskant	neg 1.0		off 0.5074672121798054 neg 0.4249059762101635 __DUMMY__ 0.06762681161003105	false	0.5
frustrieren	neg 1.0		off 0.5078377090673216 neg 0.42468701589052327 __DUMMY__ 0.0674752750421553	false	0.5
groll	neg 1.0		off 0.510520267735518 neg 0.4219803935200094 __DUMMY__ 0.06749933874447266	false	0.5
gibt			off 0.5095255370291877 neg 0.4230101283360709 __DUMMY__ 0.0674643346347415	false	0.0
qualvoll	neg 1.0		off 0.5124957530994063 neg 0.42065274757683474 __DUMMY__ 0.06685149932375901	false	0.5
wackeln	neg 1.0		off 0.5106280899493202 neg 0.42224421381838134 __DUMMY__ 0.06712769623229842	false	0.5
klagen	neg 1.0		off 0.5064290577572749 neg 0.42588389974214685 __DUMMY__ 0.06768704250057835	false	0.5
bankrott	neg 1.0		off 0.5162109256371678 neg 0.41696107829336015 __DUMMY__ 0.06682799606947214	false	0.5
trauern	neg 1.0		off 0.5104790353838247 neg 0.42145830279838437 __DUMMY__ 0.0680626618177909	false	0.5
ablehnung	neg 1.0		off 0.5097231725261516 neg 0.42318210755267965 __DUMMY__ 0.06709471992116885	false	0.5
stur	neg 1.0		off 0.51165609654241 neg 0.42140610861358824 __DUMMY__ 0.06693779484400174	false	0.5
aufruhr	neg 1.0		off 0.5109345895850977 neg 0.4220053316816914 __DUMMY__ 0.06706007873321082	false	0.5
melancholie	neg 1.0		off 0.5047494313585162 neg 0.4279835327073319 __DUMMY__ 0.0672670359341519	false	0.5
ist			off 0.5127653015093171 neg 0.4202368054178238 __DUMMY__ 0.06699789307285899	false	0.0
torheit	neg 1.0		off 0.5127312778181394 neg 0.4202053765531264 __DUMMY__ 0.06706334562873414	false	0.5
dreckskind	off 1.0		off 0.5233897788269863 neg 0.4110727416529029 __DUMMY__ 0.06553747952011069	false	1.0
umtauschen	neg 1.0		off 0.5103969970922921 neg 0.4224446543266909 __DUMMY__ 0.06715834858101705	false	0.5
zum			off 0.5078982717657426 neg 0.4234765900023305 __DUMMY__ 0.06862513823192688	false	0.0
zersetzen	neg 1.0		off 0.5063632292717697 neg 0.42615046172179455 __DUMMY__ 0.06748630900643575	false	0.5
zur			off 0.5058957309975979 neg 0.4258038121296694 __DUMMY__ 0.06830045687273284	false	0.0
frust	neg 1.0		off 0.5088608577132846 neg 0.4238168528394769 __DUMMY__ 0.0673222894472385	false	0.5
unerbittlichkeit	neg 1.0		off 0.5092180920246959 neg 0.4230507246761593 __DUMMY__ 0.06773118329914485	false	0.5
zwei			off 0.5047300871201847 neg 0.4270299672740851 __DUMMY__ 0.06823994560573035	false	0.0
unkorrekt	neg 1.0		off 0.5175474057897236 neg 0.416162162929776 __DUMMY__ 0.06629043128050036	false	0.5
hexe	off 1.0		off 0.512572502352372 neg 0.42123266283894656 __DUMMY__ 0.06619483480868152	false	1.0
lasch	neg 1.0		off 0.5146291008282701 neg 0.4186959221286936 __DUMMY__ 0.06667497704303632	false	0.5
rivale	neg 1.0		off 0.5197989916967083 neg 0.41388998746250477 __DUMMY__ 0.06631102084078692	false	0.5
mutlos	off 1.0	off 1.0	off 0.7417523917289444 neg 0.22605130006402646 __DUMMY__ 0.032196308207029165	false	1.0
wirr	off 1.0		off 0.5184782779175899 neg 0.41554157955136817 __DUMMY__ 0.06598014253104185	false	1.0
jahr			off 0.5111002663807162 neg 0.42068863722124844 __DUMMY__ 0.06821109639803534	false	0.0
wird			off 0.5093079918044464 neg 0.4231377343227695 __DUMMY__ 0.06755427387278407	false	0.0
strafbar	neg 1.0		off 0.5085703372300239 neg 0.42377193535400814 __DUMMY__ 0.06765772741596777	false	0.5
erosion	neg 1.0		off 0.5121708409281202 neg 0.4205893416478918 __DUMMY__ 0.06723981742398799	false	0.5
eingehen	neg 1.0		off 0.5074744133546469 neg 0.42506450266616347 __DUMMY__ 0.06746108397918976	false	0.5
faul	off 1.0		off 0.515010337171861 neg 0.41828723010493835 __DUMMY__ 0.0667024327232007	false	1.0
provisorium	neg 1.0		off 0.5036515294989664 neg 0.42758988593199293 __DUMMY__ 0.06875858456904069	false	0.5
schmerzen	neg 1.0		off 0.5085517907854366 neg 0.4244305096544137 __DUMMY__ 0.06701769956014968	false	0.5
schrumpfen	neg 1.0		off 0.5028038867395744 neg 0.42938853387665116 __DUMMY__ 0.06780757938377432	false	0.5
geistlos	off 1.0		off 0.5130798780155956 neg 0.4202231962008798 __DUMMY__ 0.0666969257835245	false	1.0
fehlkauf	neg 1.0		off 0.5133556653143293 neg 0.4198074786565204 __DUMMY__ 0.06683685602915028	false	0.5
frustrierend	neg 1.0		off 0.5142674205693151 neg 0.4190183333595639 __DUMMY__ 0.06671424607112103	false	0.5
unzufrieden	neg 1.0		off 0.5094128080149152 neg 0.42315627760687347 __DUMMY__ 0.06743091437821129	false	0.5
verzweifeln	neg 1.0		off 0.5105680433778482 neg 0.4221195908776228 __DUMMY__ 0.06731236574452888	false	0.5
verzweifelt	neg 1.0		off 0.5117484848550978 neg 0.4213097091676696 __DUMMY__ 0.06694180597723245	false	0.5
misstrauensantrag	neg 1.0		off 0.5124704968120087 neg 0.42070064346710456 __DUMMY__ 0.06682885972088684	false	0.5
abfallen	neg 1.0		off 0.5105676390975872 neg 0.42241562776837427 __DUMMY__ 0.06701673313403855	false	0.5
fucker	off 1.0		off 0.5189547247625903 neg 0.4146875127237828 __DUMMY__ 0.06635776251362693	false	1.0
ungezogen	neg 1.0		off 0.5244678759189885 neg 0.4100721955966529 __DUMMY__ 0.06545992848435864	false	0.5
irrsinnig	neg 1.0	neg 1.0	neg 0.694879788238789 off 0.27316305294868853 __DUMMY__ 0.03195715881252249	false	1.0
unfassbar	neg 1.0		off 0.5168051286818989 neg 0.41660593861957196 __DUMMY__ 0.0665889326985292	false	0.5
hart	neg 1.0		off 0.5149327473527813 neg 0.41889446565781885 __DUMMY__ 0.06617278698939992	false	0.5
widerlich	off 1.0		off 0.5168860939656124 neg 0.4166558169051792 __DUMMY__ 0.06645808912920848	false	1.0
fatal	neg 1.0	neg 1.0	neg 0.6953972869062419 off 0.2729144136231186 __DUMMY__ 0.031688299470639544	false	1.0
bruch	neg 1.0		off 0.5055098146069956 neg 0.4266205201847357 __DUMMY__ 0.06786966520826872	false	0.5
aushungern	neg 1.0		off 0.5093306032355861 neg 0.4235145252924141 __DUMMY__ 0.06715487147199979	false	0.5
anspannung	neg 1.0		off 0.5058409445198707 neg 0.4257775966393343 __DUMMY__ 0.06838145884079487	false	0.5
von			off 0.5071471001934418 neg 0.4250713934170995 __DUMMY__ 0.06778150638945878	false	0.0
kraftlos	neg 1.0		off 0.5084911540210157 neg 0.4241094471415888 __DUMMY__ 0.06739939883739543	false	0.5
vom			off 0.5050088949424534 neg 0.42613157843471927 __DUMMY__ 0.06885952662282727	false	0.0
grenzdebil	off 1.0		off 0.5160140328352276 neg 0.417600443824773 __DUMMY__ 0.06638552333999936	false	1.0
vor			off 0.5061868566688509 neg 0.42589491745112257 __DUMMY__ 0.06791822588002647	false	0.0
unterwerfen	neg 1.0		off 0.509540016322374 neg 0.4228023408524705 __DUMMY__ 0.06765764282515552	false	0.5
versenkung	neg 1.0		off 0.509119402421245 neg 0.42314389485390363 __DUMMY__ 0.06773670272485144	false	0.5
entziehen	neg 1.0		off 0.5068352096965282 neg 0.4253354910876176 __DUMMY__ 0.06782929921585427	false	0.5
finanzkrise	neg 1.0		off 0.5060773823443653 neg 0.42751424051971815 __DUMMY__ 0.06640837713591664	false	0.5
schimpfend	neg 1.0		off 0.5131210413884859 neg 0.41963689228433176 __DUMMY__ 0.06724206632718226	false	0.5
profan	neg 1.0		off 0.5126430197819993 neg 0.4205497841643742 __DUMMY__ 0.06680719605362635	false	0.5
korruption	neg 1.0		off 0.5080651329518987 neg 0.42484399717032184 __DUMMY__ 0.06709086987777928	false	0.5
â			off 0.5092369869761405 neg 0.4232779305346435 __DUMMY__ 0.06748508248921606	false	0.0
schmutzig	neg 1.0		off 0.5159771886395256 neg 0.4176700229311273 __DUMMY__ 0.06635278842934701	false	0.5
sexy	neg 1.0		off 0.5153709053308331 neg 0.4177557768296817 __DUMMY__ 0.0668733178394852	false	0.5
abraten	neg 1.0		off 0.5134370413549539 neg 0.4195279008081487 __DUMMY__ 0.06703505783689724	false	0.5
schwarz	neg 1.0		off 0.5137877895028959 neg 0.41920962932073685 __DUMMY__ 0.06700258117636723	false	0.5
fotze	off 1.0	off 1.0	off 0.7426777051675778 neg 0.22508840287047824 __DUMMY__ 0.03223389196194393	false	1.0
verwirren	neg 1.0		off 0.513450601481899 neg 0.4196733387351339 __DUMMY__ 0.06687605978296708	false	0.5
zahnlos	off 1.0		off 0.5102074432730528 neg 0.4224606494388549 __DUMMY__ 0.06733190728809231	false	1.0
verheeren	neg 1.0		off 0.5256931221963729 neg 0.40894210249927987 __DUMMY__ 0.06536477530434703	false	0.5
hippie	neg 1.0		off 0.5146289395536257 neg 0.41853337757470666 __DUMMY__ 0.06683768287166769	false	0.5
rammen	neg 1.0		off 0.5128137670698736 neg 0.41997663727970214 __DUMMY__ 0.06720959565042439	false	0.5
unlauter	neg 1.0		off 0.5123937665087939 neg 0.42080268577776736 __DUMMY__ 0.06680354771343879	false	0.5
unheilvoll	neg 1.0		off 0.5116703954914752 neg 0.42141380617897634 __DUMMY__ 0.06691579832954833	false	0.5
niedrig	neg 1.0		off 0.5071730756409113 neg 0.42563180173446047 __DUMMY__ 0.06719512262462828	false	0.5
explosion	neg 1.0		off 0.514931968467358 neg 0.41816939843772877 __DUMMY__ 0.06689863309491335	false	0.5
weichei	off 1.0	off 1.0	off 0.7470858255581756 neg 0.22171047559247986 __DUMMY__ 0.031203698849344555	false	1.0
minusmensch	off 1.0		off 0.5254836491613051 neg 0.4091431223904691 __DUMMY__ 0.06537322844822574	false	1.0
farblos	neg 1.0		off 0.5125911930952046 neg 0.4203794194500604 __DUMMY__ 0.06702938745473486	false	0.5
unwissend	neg 1.0	neg 1.0	neg 0.6934486054632901 off 0.2748441656099217 __DUMMY__ 0.031707228926788115	false	1.0
traurig	neg 1.0		off 0.5189224348520924 neg 0.4147798861920427 __DUMMY__ 0.066297678955865	false	0.5
senkung	neg 1.0		off 0.5102724754276373 neg 0.4234540944258011 __DUMMY__ 0.0662734301465617	false	0.5
ungleich	neg 1.0	neg 1.0	neg 0.6964963186314146 off 0.27130132678861824 __DUMMY__ 0.03220235457996718	false	1.0
heikel	neg 1.0		off 0.5077730177239916 neg 0.42459569516582646 __DUMMY__ 0.06763128711018208	false	0.5
drosselung	neg 1.0		off 0.5143808899717166 neg 0.41956510127830426 __DUMMY__ 0.0660540087499793	false	0.5
falsch	neg 1.0		off 0.5154571269190913 neg 0.4177088215501415 __DUMMY__ 0.06683405153076734	false	0.5
unzufriedenheit	neg 1.0		off 0.5064627929404791 neg 0.42604821975537327 __DUMMY__ 0.06748898730414758	false	0.5
kurz	neg 1.0		off 0.5105188999871 neg 0.4219286719214062 __DUMMY__ 0.06755242809149384	false	0.5
unsinnig	neg 1.0		off 0.5095084475582861 neg 0.42339681930122036 __DUMMY__ 0.06709473314049351	false	0.5
penner	off 1.0	off 1.0	off 0.7483657052692434 neg 0.2204574207844367 __DUMMY__ 0.031176873946319926	false	1.0
seicht	neg 1.0		off 0.5215145700832683 neg 0.41327913009854766 __DUMMY__ 0.06520629981818411	false	0.5
dummheit	off 1.0	off 1.0	off 0.7437671364978844 neg 0.22444640277784209 __DUMMY__ 0.03178646072427354	false	1.0
unerfreulich	neg 1.0		off 0.5076826676056284 neg 0.4246305346111409 __DUMMY__ 0.06768679778323067	false	0.5
motherfucker	off 1.0	off 1.0	off 0.7465085493965217 neg 0.22190052679352754 __DUMMY__ 0.03159092380995081	false	1.0
pikiert	neg 1.0		off 0.5150837105166216 neg 0.41847709853727044 __DUMMY__ 0.06643919094610803	false	0.5
wrack	neg 1.0		off 0.513944127070811 neg 0.4180472510574684 __DUMMY__ 0.06800862187172066	false	0.5
gangster	neg 1.0		off 0.5147134270295276 neg 0.41848757165966355 __DUMMY__ 0.0667990013108088	false	0.5
krank	neg 1.0		off 0.5169672412229459 neg 0.416519213431166 __DUMMY__ 0.0665135453458881	false	0.5
reich	neg 1.0		off 0.5117818924750689 neg 0.42204688419166286 __DUMMY__ 0.06617122333326841	false	0.5
gnadenlos	neg 1.0		off 0.5127725599500713 neg 0.42005647882237407 __DUMMY__ 0.06717096122755466	false	0.5
niedergeschlagen	neg 1.0		off 0.5099475015763719 neg 0.42250248033157184 __DUMMY__ 0.06755001809205634	false	0.5
terrorisieren	off 1.0	off 1.0	off 0.7412902474542826 neg 0.22643447361315613 __DUMMY__ 0.03227527893256119	false	1.0
sinnlosigkeit	neg 1.0		off 0.5098967906586354 neg 0.42271570003090725 __DUMMY__ 0.0673875093104574	false	0.5
behindern	neg 1.0		off 0.5108884392168327 neg 0.4219733698400384 __DUMMY__ 0.06713819094312877	false	0.5
undemokratisch	neg 1.0		off 0.5126684941308077 neg 0.42052772569939434 __DUMMY__ 0.06680378016979785	false	0.5
wirtschaftskrise	neg 1.0		off 0.5069293406593539 neg 0.426083535094799 __DUMMY__ 0.06698712424584705	false	0.5
neid	neg 1.0		off 0.5136509060629862 neg 0.4196335837640531 __DUMMY__ 0.06671551017296061	false	0.5
rutschen	neg 1.0		off 0.5040940643914301 neg 0.42770403321166717 __DUMMY__ 0.06820190239690267	false	0.5
rezession	neg 1.0		off 0.514408768588559 neg 0.4200759048075827 __DUMMY__ 0.06551532660385836	false	0.5
fehlgeburt	neg 1.0		off 0.5125975227967051 neg 0.42015971260240564 __DUMMY__ 0.0672427646008893	false	0.5
charakterschwach	off 1.0		off 0.5160357732959079 neg 0.41752606627657635 __DUMMY__ 0.06643816042751571	false	1.0
isolation	neg 1.0		off 0.5158062373313809 neg 0.417293397566851 __DUMMY__ 0.06690036510176807	false	0.5
ablenkung	neg 1.0		off 0.5117340844763307 neg 0.4209516903453644 __DUMMY__ 0.06731422517830482	false	0.5
pech	neg 1.0		off 0.5143045948298672 neg 0.41910872520779036 __DUMMY__ 0.06658667996234233	false	0.5
vermeidung	neg 1.0		off 0.5156518313835767 neg 0.41804157733490804 __DUMMY__ 0.06630659128151518	false	0.5
dominieren	neg 1.0		off 0.5104962753448761 neg 0.42212496054718157 __DUMMY__ 0.06737876410794237	false	0.5
schwindlig	neg 1.0		off 0.5122697159313196 neg 0.4209065799328576 __DUMMY__ 0.06682370413582277	false	0.5
lutscher	neg 1.0		off 0.5232366748478395 neg 0.4117187482430378 __DUMMY__ 0.06504457690912259	false	0.5
pflicht	neg 1.0		off 0.5074926856542565 neg 0.42460288444527916 __DUMMY__ 0.06790442990046427	false	0.5
faschist	off 1.0		off 0.514966320415197 neg 0.41823195968985133 __DUMMY__ 0.06680171989495155	false	1.0
verschleudern	neg 1.0		off 0.5052369196066954 neg 0.42772933702540533 __DUMMY__ 0.06703374336789927	false	0.5
wenn			off 0.514896196073515 neg 0.41851570453091047 __DUMMY__ 0.06658809939557443	false	0.0
ehebruch	neg 1.0		off 0.5087251197471242 neg 0.4238605026203509 __DUMMY__ 0.06741437763252488	false	0.5
spott	off 1.0		off 0.5099256344962352 neg 0.4224422768744215 __DUMMY__ 0.06763208862934342	false	1.0
trostlosigkeit	neg 1.0		off 0.5054554785533235 neg 0.42695587377862815 __DUMMY__ 0.06758864766804835	false	0.5
lutschen	neg 1.0		off 0.5159909880830627 neg 0.4171775335469934 __DUMMY__ 0.06683147836994403	false	0.5
undiszipliniert	neg 1.0		off 0.5178197244440393 neg 0.4158933719049793 __DUMMY__ 0.06628690365098137	false	0.5
kopfschmerz	neg 1.0		off 0.505601710072198 neg 0.4273779757381653 __DUMMY__ 0.06702031418963665	false	0.5
unvorhergesehen	neg 1.0		off 0.5075695830023176 neg 0.4245846476210192 __DUMMY__ 0.06784576937666315	false	0.5
desinteressiert	neg 1.0		off 0.5171399047308013 neg 0.4165279686430709 __DUMMY__ 0.06633212662612774	false	0.5
armselig	off 1.0		off 0.519497580591661 neg 0.4143210890428622 __DUMMY__ 0.06618133036547687	false	1.0
desaster	neg 1.0		off 0.5052241233345627 neg 0.42708657498436453 __DUMMY__ 0.06768930168107265	false	0.5
tod	neg 1.0		off 0.5088487755685809 neg 0.42354916503704715 __DUMMY__ 0.06760205939437189	false	0.5
herzlos	neg 1.0		off 0.518603515925318 neg 0.41522966805036626 __DUMMY__ 0.0661668160243159	false	0.5
unwissenheit	neg 1.0		off 0.5094733054398981 neg 0.4231342586208549 __DUMMY__ 0.06739243593924692	false	0.5
widersinnig	neg 1.0		off 0.5086154005828105 neg 0.4244536511151707 __DUMMY__ 0.06693094830201889	false	0.5
bedenklich	neg 1.0		off 0.5081701838522805 neg 0.42443410859146397 __DUMMY__ 0.06739570755625565	false	0.5
beanstanden	neg 1.0		off 0.5086372140701833 neg 0.4234360293691775 __DUMMY__ 0.06792675656063918	false	0.5
panisch	neg 1.0		off 0.5133349105031835 neg 0.4196262985551878 __DUMMY__ 0.06703879094162864	false	0.5
debil	off 1.0		off 0.5032050312960835 neg 0.4282949880687414 __DUMMY__ 0.0684999806351751	false	1.0
abstrich	neg 1.0		off 0.5106382422912241 neg 0.42204432783489565 __DUMMY__ 0.06731742987388019	false	0.5
primitiv	neg 1.0		off 0.5176681822645799 neg 0.4159472504722746 __DUMMY__ 0.06638456726314557	false	0.5
abschaum	off 1.0	off 1.0	off 0.7461208971581178 neg 0.2220717281525449 __DUMMY__ 0.03180737468933729	false	1.0
provozieren	neg 1.0		off 0.5118267297158192 neg 0.42115526072360804 __DUMMY__ 0.06701800956057277	false	0.5
tot	neg 1.0		off 0.5101543487040131 neg 0.42243672887386047 __DUMMY__ 0.06740892242212637	false	0.5
instabil	neg 1.0		off 0.5180156321043619 neg 0.4161171343014548 __DUMMY__ 0.06586723359418328	false	0.5
schwuchtel	off 1.0	off 1.0	off 0.7518310638344017 neg 0.217386273369504 __DUMMY__ 0.030782662796094318	false	1.0
zerren	neg 1.0		off 0.5097069396312034 neg 0.42275828484048333 __DUMMY__ 0.06753477552831312	false	0.5
kinderficker	off 1.0		off 0.5212776310230458 neg 0.41282688005260204 __DUMMY__ 0.0658954889243521	false	1.0
gefahr	neg 1.0		off 0.5078278884019067 neg 0.42433239271746126 __DUMMY__ 0.06783971888063182	false	0.5
rabiat	neg 1.0		off 0.5097496677841874 neg 0.4231360201766479 __DUMMY__ 0.0671143120391646	false	0.5
verlangsamung	neg 1.0		off 0.5214361236784144 neg 0.4130519464988123 __DUMMY__ 0.06551192982277344	false	0.5
ausgestorben	neg 1.0		off 0.5109091255543651 neg 0.42170628719802183 __DUMMY__ 0.06738458724761312	false	0.5
anklagen	neg 1.0		off 0.51034750171528 neg 0.4223025387316246 __DUMMY__ 0.06734995955309547	false	0.5
trott	neg 1.0		off 0.5116401678267064 neg 0.4211467208813162 __DUMMY__ 0.06721311129197739	false	0.5
verminderung	neg 1.0		off 0.5157035609784255 neg 0.41799645605592617 __DUMMY__ 0.06629998296564824	false	0.5
nach			off 0.5044213623609214 neg 0.42704563179501537 __DUMMY__ 0.06853300584406329	false	0.0
rost	neg 1.0		off 0.5259569782093378 neg 0.40814618898255917 __DUMMY__ 0.065896832808103	false	0.5
destruktiv	neg 1.0		off 0.5107063602373887 neg 0.42220241672267417 __DUMMY__ 0.067091223039937	false	0.5
unzumutbarkeit	neg 1.0		off 0.5176695494847139 neg 0.4157256776495936 __DUMMY__ 0.06660477286569252	false	0.5
labil	off 1.0	off 1.0	off 0.7451514641658911 neg 0.2231019365652658 __DUMMY__ 0.03174659926884318	false	1.0
ziemlich	neg 1.0		off 0.516901453722659 neg 0.4164289767070202 __DUMMY__ 0.0666695695703208	false	0.5
lachnummer	off 1.0		off 0.512328265308203 neg 0.4204604994051058 __DUMMY__ 0.06721123528669116	false	1.0
oder			off 0.5123799227738273 neg 0.4203955812763397 __DUMMY__ 0.0672244959498331	false	0.0
verfall	neg 1.0		off 0.5033722884210369 neg 0.4287661491253847 __DUMMY__ 0.06786156245357833	false	0.5
ausgrenzung	neg 1.0		off 0.5125329873658103 neg 0.4206699844988978 __DUMMY__ 0.0667970281352917	false	0.5
unordnung	neg 1.0		off 0.5208307072228754 neg 0.41300567835756696 __DUMMY__ 0.06616361441955758	false	0.5
fehlverhalten	neg 1.0		off 0.5083152149484876 neg 0.4240588802795161 __DUMMY__ 0.06762590477199619	false	0.5
eine			off 0.5058503705798376 neg 0.42641376319194135 __DUMMY__ 0.06773586622822096	false	0.0
nille	neg 1.0		off 0.5127197244250274 neg 0.4199890315015933 __DUMMY__ 0.06729124407337939	false	0.5
qual	neg 1.0		off 0.5111549874249167 neg 0.4216299177132728 __DUMMY__ 0.06721509486181056	false	0.5
verschwenden	neg 1.0		off 0.506485150559968 neg 0.4261134124222401 __DUMMY__ 0.06740143701779186	false	0.5
riesig	neg 1.0		off 0.5094149233007164 neg 0.4228791972186614 __DUMMY__ 0.06770587948062223	false	0.5
verurteilen	neg 1.0		off 0.509944278516575 neg 0.4226922806235913 __DUMMY__ 0.06736344085983359	false	0.5
klischee	neg 1.0	neg 1.0	neg 0.6941987905281897 off 0.27408486472406834 __DUMMY__ 0.03171634474774205	false	1.0
diktatorisch	neg 1.0		off 0.5129462529576548 neg 0.4202384920775835 __DUMMY__ 0.06681525496476168	false	0.5
vorhersehbar	neg 1.0		off 0.513185031584281 neg 0.42011072043768966 __DUMMY__ 0.06670424797802949	false	0.5
sowie			off 0.5193231793334993 neg 0.41493817652067616 __DUMMY__ 0.06573864414582462	false	0.0
stornieren	neg 1.0		off 0.517349488979994 neg 0.41524491897951443 __DUMMY__ 0.06740559204049144	false	0.5
besteuerung	neg 1.0	neg 1.0	neg 0.6967678749568863 off 0.2715490560857721 __DUMMY__ 0.03168306895734156	false	1.0
ungeschminkt	neg 1.0		off 0.517912969670528 neg 0.4157114746273556 __DUMMY__ 0.06637555570211637	false	0.5
kritisch	neg 1.0		off 0.509599987681602 neg 0.4229723586581679 __DUMMY__ 0.06742765366023006	false	0.5
schlamperei	off 1.0		off 0.5086162765589831 neg 0.423825604304848 __DUMMY__ 0.06755811913616877	false	1.0
sucht	neg 1.0	neg 1.0	neg 0.6933175025555296 off 0.27457365826649544 __DUMMY__ 0.032108839177975	false	1.0
egoistisch	off 1.0	off 1.0	off 0.7483569303573291 neg 0.22021189998807505 __DUMMY__ 0.031431169654595886	false	1.0
ausbeuter	off 1.0		off 0.5061666323808253 neg 0.42648789919863045 __DUMMY__ 0.06734546842054423	false	1.0
arschgeburt	off 1.0		off 0.52755439777261 neg 0.40768022923083047 __DUMMY__ 0.06476537299655942	false	1.0
schubs	neg 1.0		off 0.5071879064276438 neg 0.4256201735554835 __DUMMY__ 0.06719192001687277	false	0.5
unsolide	neg 1.0		off 0.5135937924666458 neg 0.4196021465370264 __DUMMY__ 0.06680406099632784	false	0.5
beschwerde	neg 1.0		off 0.5103080194202776 neg 0.42224533550272736 __DUMMY__ 0.06744664507699503	false	0.5
stocken	neg 1.0		off 0.5088550813681558 neg 0.4236700712418443 __DUMMY__ 0.06747484738999986	false	0.5
isolieren	neg 1.0		off 0.5085760417453725 neg 0.42423585559232185 __DUMMY__ 0.06718810266230575	false	0.5
unheilbar	neg 1.0		off 0.5111315592015307 neg 0.4217618989670981 __DUMMY__ 0.06710654183137119	false	0.5
pisser	off 1.0	off 1.0	off 0.747650686778544 neg 0.2207149989334336 __DUMMY__ 0.03163431428802247	false	1.0
löschen	neg 1.0		off 0.5121908552204436 neg 0.4206643818537531 __DUMMY__ 0.06714476292580315	false	0.5
durchfallen	neg 1.0		off 0.5095870454620283 neg 0.4229455521393326 __DUMMY__ 0.06746740239863928	false	0.5
wichser	off 1.0	off 1.0	off 0.7498419165555396 neg 0.21915316796063378 __DUMMY__ 0.031004915483826643	false	1.0
terror	neg 1.0		off 0.5145695047341534 neg 0.41856782301065487 __DUMMY__ 0.06686267225519175	false	0.5
krass	neg 1.0		off 0.5202778605974528 neg 0.41372448575420645 __DUMMY__ 0.06599765364834068	false	0.5
revolte	neg 1.0		off 0.5122623727195236 neg 0.4213567722590911 __DUMMY__ 0.0663808550213853	false	0.5
besorgt	neg 1.0		off 0.5109225719045853 neg 0.4214899537881817 __DUMMY__ 0.06758747430723287	false	0.5
nachlassen	neg 1.0		off 0.5099175385301872 neg 0.42243868392601935 __DUMMY__ 0.06764377754379348	false	0.5
alt	neg 1.0		off 0.5045374965004993 neg 0.4286055207995852 __DUMMY__ 0.06685698269991552	false	0.5
hundesohn	off 1.0	off 1.0	off 0.749803721135435 neg 0.21907520940428155 __DUMMY__ 0.031121069460283396	false	1.0
als			off 0.5088512068167018 neg 0.4238880228925587 __DUMMY__ 0.06726077029073933	false	0.0
abschreckung	neg 1.0		off 0.5069382199147864 neg 0.42545911644290774 __DUMMY__ 0.06760266364230604	false	0.5
unqualifiziert	neg 1.0		off 0.5154461447332044 neg 0.41782115183309104 __DUMMY__ 0.06673270343370456	false	0.5
abgewichst	off 1.0		off 0.511918467600861 neg 0.4207547049762346 __DUMMY__ 0.0673268274229043	false	1.0
schwer	neg 1.0		off 0.5102917118339751 neg 0.422551575613395 __DUMMY__ 0.06715671255262981	false	0.5
bedeutungslosigkeit	neg 1.0		off 0.5076289255004037 neg 0.4247782095652612 __DUMMY__ 0.06759286493433517	false	0.5
kapitulation	neg 1.0		off 0.5080207796599282 neg 0.42474607444819706 __DUMMY__ 0.06723314589187468	false	0.5
unscharf	neg 1.0		off 0.5100801494277032 neg 0.42352123479552467 __DUMMY__ 0.06639861577677199	false	0.5
schwinden	neg 1.0		off 0.506435380443826 neg 0.4261847774331831 __DUMMY__ 0.06737984212299097	false	0.5
versklavung	neg 1.0	neg 1.0	neg 0.6951325865743887 off 0.2730394044218504 __DUMMY__ 0.031828009003760975	false	1.0
schlecht	neg 1.0		off 0.5172656797277673 neg 0.4160340709448481 __DUMMY__ 0.06670024932738457	false	0.5
verhasst	neg 1.0		off 0.5124204481208074 neg 0.4206346257945222 __DUMMY__ 0.06694492608467027	false	0.5
beschweren	neg 1.0		off 0.513836744360282 neg 0.41905902610057166 __DUMMY__ 0.06710422953914633	false	0.5
scheiden	neg 1.0		off 0.5105243696637892 neg 0.4224663807357713 __DUMMY__ 0.06700924960043952	false	0.5
frustriert	neg 1.0		off 0.5104108299784922 neg 0.4222298521642681 __DUMMY__ 0.06735931785723974	false	0.5
schimmelig	neg 1.0		off 0.5070885064062186 neg 0.4257863137576049 __DUMMY__ 0.0671251798361765	false	0.5
fisch	neg 1.0		off 0.5029207730306411 neg 0.4298554159673178 __DUMMY__ 0.06722381100204117	false	0.5
schmuggel	neg 1.0		off 0.5077708335600403 neg 0.42425519270296536 __DUMMY__ 0.06797397373699443	false	0.5
auffallen	neg 1.0		off 0.5133064157981617 neg 0.4197794977188819 __DUMMY__ 0.06691408648295648	false	0.5
konkurrenz	neg 1.0		off 0.5079550007089081 neg 0.4242840925298067 __DUMMY__ 0.06776090676128521	false	0.5
teufelskreis	neg 1.0	neg 1.0	neg 0.6968227749630255 off 0.2712870905027593 __DUMMY__ 0.03189013453421519	false	1.0
aufschreien	neg 1.0		off 0.5131790016459653 neg 0.42008380739472395 __DUMMY__ 0.06673719095931087	false	0.5
schuldner	neg 1.0		off 0.5050554949144982 neg 0.42774174244644725 __DUMMY__ 0.06720276263905463	false	0.5
missgeburt	off 1.0	off 1.0	off 0.7504184521169177 neg 0.2181690118038967 __DUMMY__ 0.031412536079185725	false	1.0
arbeitslos	neg 1.0		off 0.5093362602654853 neg 0.42321093619955874 __DUMMY__ 0.06745280353495614	false	0.5
befallen	neg 1.0		off 0.50799489525531 neg 0.42516163390144684 __DUMMY__ 0.06684347084324307	false	0.5
miesepetrig	off 1.0	off 1.0	off 0.7449575493974329 neg 0.22333333602889813 __DUMMY__ 0.031709114573669026	false	1.0
alarmieren	neg 1.0		off 0.5160907744192363 neg 0.4171832853971261 __DUMMY__ 0.06672594018363757	false	0.5
ungeduscht	off 1.0		off 0.5145953832477624 neg 0.4188432553933233 __DUMMY__ 0.06656136135891426	false	1.0
knappheit	neg 1.0		off 0.5073504206549432 neg 0.4256179704719723 __DUMMY__ 0.06703160887308443	false	0.5
schlange	neg 1.0		off 0.511669826916614 neg 0.42119013210069833 __DUMMY__ 0.0671400409826875	false	0.5
harsch	neg 1.0		off 0.5222386527431138 neg 0.4113125803608226 __DUMMY__ 0.06644876689606366	false	0.5
lang	neg 1.0		off 0.5129378176140843 neg 0.41997693602734015 __DUMMY__ 0.06708524635857536	false	0.5
ziellos	neg 1.0		off 0.5083204890400673 neg 0.42400869133701724 __DUMMY__ 0.0676708196229154	false	0.5
selbstverliebt	neg 1.0		off 0.5263852454136889 neg 0.40834001243771867 __DUMMY__ 0.06527474214859236	false	0.5
beseitigen	neg 1.0		off 0.5132918916907577 neg 0.4192400818236171 __DUMMY__ 0.06746802648562529	false	0.5
dumm	off 1.0		off 0.521747388170139 neg 0.41249469083489554 __DUMMY__ 0.06575792099496554	false	1.0
arbeitsloser	neg 1.0		off 0.5120464068321883 neg 0.4200996171132798 __DUMMY__ 0.06785397605453183	false	0.5
blitzen	neg 1.0		off 0.5151448331051823 neg 0.41808353619581395 __DUMMY__ 0.06677163069900374	false	0.5
hilflos	neg 1.0		off 0.5091578463033705 neg 0.4234441942794062 __DUMMY__ 0.06739795941722326	false	0.5
eklig	off 1.0		off 0.5208097128602491 neg 0.4136947330341255 __DUMMY__ 0.06549555410562544	false	1.0
begriff			off 0.511214445889753 neg 0.42154611338771686 __DUMMY__ 0.06723944072253026	false	0.0
hungersnot	neg 1.0		off 0.5077541010111297 neg 0.42516331629191995 __DUMMY__ 0.06708258269695043	false	0.5
ungesetzlich	neg 1.0		off 0.5124143821157063 neg 0.4208378546284407 __DUMMY__ 0.06674776325585287	false	0.5
verschwendung	neg 1.0		off 0.5073881785877148 neg 0.425051053387415 __DUMMY__ 0.06756076802487027	false	0.5
schmerzvoll	neg 1.0		off 0.5117915476990927 neg 0.4213298468903448 __DUMMY__ 0.06687860541056233	false	0.5
vorzeitig	neg 1.0		off 0.5177943269428085 neg 0.4153142056180144 __DUMMY__ 0.06689146743917705	false	0.5
unvollkommenheit	neg 1.0		off 0.5108384906058981 neg 0.42175867278382656 __DUMMY__ 0.0674028366102753	false	0.5
intervenieren	neg 1.0		off 0.5066242268224204 neg 0.42610633545252524 __DUMMY__ 0.06726943772505438	false	0.5
banause	off 1.0		off 0.5203808838396381 neg 0.4145628669246729 __DUMMY__ 0.06505624923568891	false	1.0
rebell	neg 1.0		off 0.5027597885244899 neg 0.4295998284884044 __DUMMY__ 0.06764038298710574	false	0.5
unlogisch	neg 1.0		off 0.5184011208183935 neg 0.415349083648954 __DUMMY__ 0.06624979553265248	false	0.5
leiden	neg 1.0		off 0.5089295662807125 neg 0.4230174094270154 __DUMMY__ 0.06805302429227206	false	0.5
abschaffung	neg 1.0		off 0.5111877743295582 neg 0.4219788575329616 __DUMMY__ 0.06683336813748016	false	0.5
sturz	neg 1.0		off 0.5166541525276436 neg 0.4158841671184056 __DUMMY__ 0.06746168035395092	false	0.5
verkleinerung	neg 1.0		off 0.5125121087993374 neg 0.4212029793890477 __DUMMY__ 0.06628491181161494	false	0.5
schmarotzer	off 1.0		off 0.509631344526189 neg 0.42308680910691565 __DUMMY__ 0.06728184636689531	false	1.0
bestrafung	neg 1.0	neg 1.0	neg 0.6944664249836744 off 0.2734783195465508 __DUMMY__ 0.03205525546977488	false	1.0
achtlos	neg 1.0		off 0.5101518182599205 neg 0.4225300038157458 __DUMMY__ 0.06731817792433363	false	0.5
ungeheuer	neg 1.0		off 0.509920385503393 neg 0.4232578370315928 __DUMMY__ 0.06682177746501405	false	0.5
unaufrichtig	neg 1.0		off 0.51592141729253 neg 0.41727420046424807 __DUMMY__ 0.06680438224322184	false	0.5
groggy	neg 1.0		off 0.5153276899266311 neg 0.4176871405297556 __DUMMY__ 0.06698516954361312	false	0.5
verletzlich	neg 1.0		off 0.5134748063322911 neg 0.4203384334707442 __DUMMY__ 0.06618676019696464	false	0.5
ablehnen	neg 1.0		off 0.509106789869257 neg 0.42347787650991564 __DUMMY__ 0.06741533362082748	false	0.5
