unsolidarisch	neg 1.0		off 0.37077716643124375 __DUMMY__ 0.3228297288769598 neg 0.3063931046917965	false	0.5
nachteilig	neg 1.0		off 0.3681452936159965 __DUMMY__ 0.32713243383849494 neg 0.30472227254550865	false	0.5
skeptisch	neg 1.0		off 0.3660969567936639 __DUMMY__ 0.32682444333869515 neg 0.307078599867641	false	0.5
schrecklich	neg 1.0		off 0.3799907316761929 __DUMMY__ 0.3199716436689206 neg 0.30003762465488654	false	0.5
schlapp	neg 1.0	neg 1.0	neg 0.637462981315042 off 0.2077469821066132 __DUMMY__ 0.15479003657834478	false	1.0
abfall	neg 1.0		off 0.36323903808179436 __DUMMY__ 0.3286895050313509 neg 0.30807145688685467	false	0.5
widerspenstig	neg 1.0		off 0.3692331375209476 __DUMMY__ 0.32367785876601635 neg 0.307089003713036	false	0.5
abrupt	neg 1.0		off 0.36454243623128746 __DUMMY__ 0.3258112347824993 neg 0.3096463289862134	false	0.5
unwirksam	neg 1.0		off 0.36861173319422696 __DUMMY__ 0.3210006208613263 neg 0.3103876459444468	false	0.5
angreifen	neg 1.0		off 0.36531841256506636 __DUMMY__ 0.32692872248568466 neg 0.30775286494924897	false	0.5
inkonsistent	neg 1.0		off 0.37272661926672396 __DUMMY__ 0.3221531578141468 neg 0.3051202229191293	false	0.5
abrutschen	neg 1.0		off 0.36245660244222583 __DUMMY__ 0.3283256258758087 neg 0.30921777168196546	false	0.5
unsicher	neg 1.0		off 0.37094566107534466 __DUMMY__ 0.3249856009494756 neg 0.3040687379751797	false	0.5
bauernkind	off 1.0	off 1.0	off 0.6799896090453609 neg 0.16800847110262285 __DUMMY__ 0.15200191985201625	false	1.0
angreifer	neg 1.0		off 0.3764868623224975 __DUMMY__ 0.32473955913173974 neg 0.2987735785457627	false	0.5
trennen	neg 1.0		off 0.365369850540938 __DUMMY__ 0.32741401030607364 neg 0.3072161391529883	false	0.5
schmutz	neg 1.0		off 0.37599123996680067 __DUMMY__ 0.32550703905770934 neg 0.29850172097548994	false	0.5
inkonsistenz	neg 1.0		off 0.3760333872306473 __DUMMY__ 0.32223801565300664 neg 0.30172859711634614	false	0.5
erschreckend	neg 1.0		off 0.36992024911197835 __DUMMY__ 0.3247765381068834 neg 0.3053032127811382	false	0.5
ertrinken	neg 1.0		off 0.3641232625063991 __DUMMY__ 0.3263368187968485 neg 0.3095399186967525	false	0.5
pickelface	off 1.0		off 0.3718742665813212 __DUMMY__ 0.32470063748657296 neg 0.3034250959321057	false	1.0
seiner			off 0.3660906610479081 __DUMMY__ 0.32721017205646125 neg 0.3066991668956307	false	0.0
lauch	neg 1.0	neg 1.0	neg 0.6403993641803101 off 0.20097576200789063 __DUMMY__ 0.1586248738117993	false	1.0
unwichtig	neg 1.0		off 0.37574767118260166 __DUMMY__ 0.32203520491215454 neg 0.3022171239052438	false	0.5
steuerhinterziehung	neg 1.0		off 0.3694368152841752 __DUMMY__ 0.32394839990694774 neg 0.30661478480887705	false	0.5
schock	neg 1.0		off 0.36884799152202796 __DUMMY__ 0.32513413143471026 neg 0.3060178770432618	false	0.5
beule	neg 1.0		off 0.37741810111367724 __DUMMY__ 0.3200869668818936 neg 0.3024949320044293	false	0.5
vergelten	neg 1.0		off 0.38197605979571125 __DUMMY__ 0.3205018342988334 neg 0.29752210590545536	false	0.5
verdorbenheit	neg 1.0		off 0.37223503905594135 __DUMMY__ 0.3241745786536884 neg 0.3035903822903701	false	0.5
trauma	neg 1.0		off 0.3719164000918369 __DUMMY__ 0.3234104566063 neg 0.3046731433018631	false	0.5
sinnlos	neg 1.0		off 0.37278387834539645 __DUMMY__ 0.3235379866659081 neg 0.30367813498869545	false	0.5
fettsack	off 1.0	off 1.0	off 0.681346532688017 neg 0.1663094805531315 __DUMMY__ 0.15234398675885155	false	1.0
feige	off 1.0	off 1.0	off 0.6781318996366489 neg 0.16736161516058964 __DUMMY__ 0.15450648520276142	false	1.0
abdanken	neg 1.0		off 0.3707444850365714 __DUMMY__ 0.3250180778207628 neg 0.30423743714266577	false	0.5
wichtigtuer	off 1.0	off 1.0	off 0.6765963908094964 neg 0.1676448226659116 __DUMMY__ 0.15575878652459207	false	1.0
misslingen	neg 1.0		off 0.37446639413393695 __DUMMY__ 0.32612842160528055 neg 0.2994051842607824	false	0.5
untreu	off 1.0		off 0.37655971765902424 __DUMMY__ 0.3210073599180352 neg 0.30243292242294073	false	1.0
missmutig	neg 1.0		off 0.3736719069757372 __DUMMY__ 0.3218356287219351 neg 0.30449246430232774	false	0.5
hurenbock	off 1.0		off 0.3694717454519197 __DUMMY__ 0.3222735108997654 neg 0.3082547436483149	false	1.0
betrunken	neg 1.0		off 0.3783887074651877 __DUMMY__ 0.3199626474564845 neg 0.3016486450783278	false	0.5
korrupt	off 1.0		off 0.3684636192262246 __DUMMY__ 0.3236516094307644 neg 0.307884771343011	false	1.0
unmut	neg 1.0		off 0.3642558620292035 __DUMMY__ 0.32765110096005523 neg 0.30809303701074114	false	0.5
hackfresse	off 1.0		off 0.3842798481046943 __DUMMY__ 0.31737980406629623 neg 0.2983403478290094	false	1.0
aufblasen	neg 1.0		off 0.3704385356195031 __DUMMY__ 0.32364381161145334 neg 0.30591765276904365	false	0.5
gewaltsam	neg 1.0		off 0.3714828339589458 __DUMMY__ 0.32567818048364106 neg 0.30283898555741307	false	0.5
unbeliebtheit	neg 1.0		off 0.37752820598572184 __DUMMY__ 0.321771380319067 neg 0.3007004136952111	false	0.5
sturheit	neg 1.0		off 0.3706749226536969 __DUMMY__ 0.32569933562813724 neg 0.3036257417181658	false	0.5
kuh	neg 1.0		off 0.3707109795199912 __DUMMY__ 0.31905512936463654 neg 0.3102338911153722	false	0.5
erschrecken	neg 1.0		off 0.3747203141138663 __DUMMY__ 0.3223991154281081 neg 0.3028805704580256	false	0.5
opfer	neg 1.0		off 0.3683300549623543 __DUMMY__ 0.3271751134318491 neg 0.30449483160579666	false	0.5
sinken	neg 1.0		off 0.36379849906512374 __DUMMY__ 0.32628014836146907 neg 0.3099213525734072	false	0.5
stinktier	neg 1.0		off 0.38018104045506096 __DUMMY__ 0.31631697180924684 neg 0.3035019877356922	false	0.5
tucke	off 1.0		off 0.38484283270751973 __DUMMY__ 0.3145045745928502 neg 0.30065259269962996	false	1.0
ein			off 0.36812388741667607 __DUMMY__ 0.322993838210233 neg 0.30888227437309096	false	0.0
abstieg	neg 1.0		off 0.37066317061662907 __DUMMY__ 0.32772447761272394 neg 0.30161235177064705	false	0.5
missverstehen	neg 1.0		off 0.3736433773155139 __DUMMY__ 0.3230216872806547 neg 0.3033349354038314	false	0.5
ergebnislos	neg 1.0		off 0.36848674795146863 __DUMMY__ 0.32768785659401983 neg 0.3038253954545115	false	0.5
unter			off 0.35978978484965124 __DUMMY__ 0.33150535113109364 neg 0.3087048640192551	false	0.0
manipulieren	neg 1.0		off 0.3667008635232919 __DUMMY__ 0.3269110587802287 neg 0.3063880776964795	false	0.5
unbewiesen	neg 1.0		off 0.3716668686541922 __DUMMY__ 0.3234271871857997 neg 0.304905944160008	false	0.5
verschleppen	neg 1.0		off 0.36778572318125347 __DUMMY__ 0.3253485487193072 neg 0.3068657280994392	false	0.5
weib	off 1.0		off 0.38615421696933366 __DUMMY__ 0.3158777269092431 neg 0.2979680561214233	false	1.0
opposition	neg 1.0		off 0.37159484110389374 __DUMMY__ 0.3225627287611897 neg 0.3058424301349166	false	0.5
verkehrswidrig	neg 1.0		off 0.38377545178476125 __DUMMY__ 0.32152499305130455 neg 0.29469955516393426	false	0.5
inkorrekt	neg 1.0		off 0.37974019839204637 __DUMMY__ 0.31990405393007515 neg 0.30035574767787854	false	0.5
vermeiden	neg 1.0		off 0.362812996633322 __DUMMY__ 0.3293949231440358 neg 0.3077920802226423	false	0.5
abweichung	neg 1.0		off 0.36890172952918066 __DUMMY__ 0.32597440882091433 neg 0.305123861649905	false	0.5
alkoholisiert	neg 1.0		off 0.3677204785245285 __DUMMY__ 0.32889626937971395 neg 0.30338325209575745	false	0.5
scheiss	off 1.0	off 1.0	off 0.6788811567988015 neg 0.1671230299548142 __DUMMY__ 0.15399581324638434	false	1.0
herausforderung	neg 1.0		off 0.3682682532604766 __DUMMY__ 0.32573825558322833 neg 0.3059934911562951	false	0.5
pervers	off 1.0		off 0.3887131042411174 __DUMMY__ 0.31500548847169424 neg 0.2962814072871883	false	1.0
wackelig	neg 1.0		off 0.36806386844713207 __DUMMY__ 0.3257638285102518 neg 0.30617230304261595	false	0.5
verwickeln	neg 1.0		off 0.3724743435368436 __DUMMY__ 0.3232049236922073 neg 0.3043207327709491	false	0.5
vorwand	neg 1.0		off 0.365075597357088 __DUMMY__ 0.32724560125889485 neg 0.30767880138401704	false	0.5
muschi	off 1.0		off 0.37126701405432916 __DUMMY__ 0.32573050776366064 neg 0.30300247818201015	false	1.0
entmutigung	neg 1.0		off 0.37140889845076336 __DUMMY__ 0.32101170260375916 neg 0.30757939894547764	false	0.5
unangemessen	neg 1.0		off 0.36980216476685324 __DUMMY__ 0.32524659404164635 neg 0.30495124119150047	false	0.5
unstetig	neg 1.0		off 0.37544241373577736 __DUMMY__ 0.32287203681325943 neg 0.30168554945096315	false	0.5
entmutigen	neg 1.0		off 0.3713890412180092 __DUMMY__ 0.32366319865073034 neg 0.3049477601312604	false	0.5
schwanz	neg 1.0		off 0.3687328750468509 __DUMMY__ 0.32619456166040633 neg 0.30507256329274274	false	0.5
verbot	neg 1.0		off 0.3686827221253131 __DUMMY__ 0.3244217330281527 neg 0.30689554484653425	false	0.5
leid	neg 1.0		off 0.3815267387398301 __DUMMY__ 0.3189688025616651 neg 0.29950445869850484	false	0.5
archaisch	neg 1.0		off 0.3691768680769364 __DUMMY__ 0.32498821978384224 neg 0.30583491213922137	false	0.5
gegen			off 0.3655260839495313 __DUMMY__ 0.32833133651783303 neg 0.3061425795326357	false	0.0
scheidung	neg 1.0		off 0.3939911661367742 __DUMMY__ 0.3156374935074561 neg 0.29037134035576967	false	0.5
einschlag	neg 1.0		off 0.38222902732885333 __DUMMY__ 0.3218312438456781 neg 0.2959397288254685	false	0.5
m			off 0.36876247812323276 __DUMMY__ 0.3256652074634681 neg 0.30557231441329913	false	0.0
abgestanden	neg 1.0		off 0.36739575091475246 __DUMMY__ 0.32047587316236065 neg 0.312128375922887	false	0.5
schmierig	off 1.0		off 0.380539710061692 __DUMMY__ 0.31849168484191126 neg 0.3009686050963968	false	1.0
unpraktisch	neg 1.0		off 0.3723233978893752 __DUMMY__ 0.3239634080714704 neg 0.3037131940391544	false	0.5
wixxer	off 1.0		off 0.3884485325397527 __DUMMY__ 0.314114805872381 neg 0.2974366615878664	false	1.0
bezeichnet			off 0.37153924861027854 __DUMMY__ 0.32480673324114545 neg 0.3036540181485759	false	0.0
jammerlappen	off 1.0		off 0.3757878304705392 __DUMMY__ 0.3217012554174823 neg 0.30251091411197834	false	1.0
farce	neg 1.0		off 0.37013222857466616 __DUMMY__ 0.3234366623955038 neg 0.3064311090298303	false	0.5
zwecklos	neg 1.0		off 0.36832112039859966 __DUMMY__ 0.325178958774792 neg 0.30649992082660826	false	0.5
turbulent	neg 1.0		off 0.37768175249273017 __DUMMY__ 0.32016748820385865 neg 0.30215075930341123	false	0.5
invasion	neg 1.0		off 0.3733976334700668 __DUMMY__ 0.3230306902954252 neg 0.3035716762345081	false	0.5
schuld	neg 1.0		off 0.3720427317423653 __DUMMY__ 0.3238603559488199 neg 0.30409691230881486	false	0.5
risiko	neg 1.0		off 0.37187520171535643 __DUMMY__ 0.32212331998403576 neg 0.30600147830060787	false	0.5
finster	neg 1.0		off 0.36876706778728785 __DUMMY__ 0.3227597359623316 neg 0.3084731962503806	false	0.5
geisteskrank	off 1.0		off 0.37847532823699404 __DUMMY__ 0.32052726472537324 neg 0.30099740703763256	false	1.0
zusammenbrechen	neg 1.0		off 0.36822768842606296 __DUMMY__ 0.32485393630119397 neg 0.306918375272743	false	0.5
ausbeute	neg 1.0		off 0.3705125924804535 __DUMMY__ 0.32600886107864624 neg 0.3034785464409002	false	0.5
hinterhalt	neg 1.0		off 0.36964776440181824 __DUMMY__ 0.32529721652243443 neg 0.3050550190757473	false	0.5
kritik	neg 1.0		off 0.3698679123118223 __DUMMY__ 0.3235791624841033 neg 0.3065529252040744	false	0.5
einschrumpfen	neg 1.0		off 0.37553158369115436 __DUMMY__ 0.3209134639403255 neg 0.30355495236852015	false	0.5
riskant	neg 1.0		off 0.36606476999577303 __DUMMY__ 0.32643755558590687 neg 0.3074976744183201	false	0.5
frustrieren	neg 1.0		off 0.3667235174104718 __DUMMY__ 0.3257348375276921 neg 0.30754164506183607	false	0.5
groll	neg 1.0		off 0.3692572773495729 __DUMMY__ 0.3258555708381011 neg 0.30488715181232595	false	0.5
gibt			off 0.3683700936274477 __DUMMY__ 0.3256849716953673 neg 0.305944934677185	false	0.0
qualvoll	neg 1.0		off 0.372403130979234 __DUMMY__ 0.32287612044643343 neg 0.3047207485743325	false	0.5
wackeln	neg 1.0		off 0.3700645441921356 __DUMMY__ 0.32414835046955415 neg 0.3057871053383102	false	0.5
klagen	neg 1.0		off 0.3649546356747662 __DUMMY__ 0.3267295908942074 neg 0.30831577343102634	false	0.5
bankrott	neg 1.0		off 0.37600495348334095 __DUMMY__ 0.32276184850418715 neg 0.301233198012472	false	0.5
trauern	neg 1.0		off 0.3680712105382169 __DUMMY__ 0.328498660370171 neg 0.30343012909161204	false	0.5
ablehnung	neg 1.0		off 0.36931160204375607 __DUMMY__ 0.3239796118618033 neg 0.3067087860944406	false	0.5
stur	neg 1.0		off 0.3714574287063746 __DUMMY__ 0.32324322485552165 neg 0.30529934643810364	false	0.5
aufruhr	neg 1.0		off 0.37051322258714886 __DUMMY__ 0.3238438174044364 neg 0.30564296000841484	false	0.5
melancholie	neg 1.0		off 0.3640990972889332 __DUMMY__ 0.32481920961364097 neg 0.31108169309742584	false	0.5
ist			off 0.37239626572302537 __DUMMY__ 0.3235288035605526 neg 0.3040749307164221	false	0.0
torheit	neg 1.0		off 0.37224432319630757 __DUMMY__ 0.3238534096753756 neg 0.30390226712831686	false	0.5
dreckskind	off 1.0		off 0.38548992158567474 __DUMMY__ 0.31677962697470957 neg 0.29773045143961574	false	1.0
umtauschen	neg 1.0		off 0.36972899654993296 __DUMMY__ 0.3243176462011235 neg 0.3059533572489435	false	0.5
zum			off 0.3644466338499855 __DUMMY__ 0.33111933096302104 neg 0.3044340351869935	false	0.0
zersetzen	neg 1.0		off 0.3652882607390328 __DUMMY__ 0.32578955095347106 neg 0.30892218830749624	false	0.5
zur			off 0.3632027108577389 __DUMMY__ 0.329587532006443 neg 0.30720975713581816	false	0.0
frust	neg 1.0		off 0.3680156505243742 __DUMMY__ 0.3250249651263028 neg 0.30695938434932296	false	0.5
unerbittlichkeit	neg 1.0		off 0.36754513586100523 __DUMMY__ 0.32693339367967406 neg 0.3055214704593206	false	0.5
zwei			off 0.36215842522454733 __DUMMY__ 0.3293199843759317 neg 0.3085215903995208	false	0.0
unkorrekt	neg 1.0		off 0.3783695413120052 __DUMMY__ 0.32028240253302565 neg 0.301348056154969	false	0.5
hexe	off 1.0		off 0.37374535116538277 __DUMMY__ 0.319860147348165 neg 0.30639450148645225	false	1.0
lasch	neg 1.0		off 0.37483927725882493 __DUMMY__ 0.3220367488992122 neg 0.3031239738419629	false	0.5
rivale	neg 1.0		off 0.3804833076432066 __DUMMY__ 0.3203890323792452 neg 0.2991276599775482	false	0.5
mutlos	off 1.0	off 1.0	off 0.6734429838915269 neg 0.16939089153824513 __DUMMY__ 0.15716612457022797	false	1.0
wirr	off 1.0		off 0.3798771851147814 __DUMMY__ 0.31885031490536253 neg 0.30127249997985595	false	1.0
jahr			off 0.3683397552240916 __DUMMY__ 0.32921376152811005 neg 0.3024464832477983	false	0.0
wird			off 0.3679673016461889 __DUMMY__ 0.3261060052823557 neg 0.30592669307145537	false	0.0
strafbar	neg 1.0		off 0.3670659018080077 __DUMMY__ 0.32659298114618046 neg 0.30634111704581196	false	0.5
erosion	neg 1.0		off 0.37131472182629327 __DUMMY__ 0.324658298511958 neg 0.30402697966174874	false	0.5
eingehen	neg 1.0		off 0.3664053706843557 __DUMMY__ 0.3256678304452133 neg 0.30792679887043106	false	0.5
faul	off 1.0		off 0.37509070447627846 __DUMMY__ 0.3221920254273355 neg 0.30271727009638605	false	1.0
provisorium	neg 1.0		off 0.36009863981455387 __DUMMY__ 0.3317247888353488 neg 0.3081765713500973	false	0.5
schmerzen	neg 1.0		off 0.3682378675764631 __DUMMY__ 0.32366250285292525 neg 0.3080996295706117	false	0.5
schrumpfen	neg 1.0		off 0.3612260507756396 __DUMMY__ 0.32729636971602644 neg 0.31147757950833405	false	0.5
geistlos	off 1.0		off 0.3733147125892574 __DUMMY__ 0.3221403738889369 neg 0.30454491352180546	false	1.0
fehlkauf	neg 1.0		off 0.37327255013584854 __DUMMY__ 0.32278743737772386 neg 0.30394001248642755	false	0.5
frustrierend	neg 1.0		off 0.3744021021943587 __DUMMY__ 0.3222186034917901 neg 0.30337929431385113	false	0.5
unzufrieden	neg 1.0		off 0.36833091192441386 __DUMMY__ 0.3255272644490717 neg 0.30614182362651443	false	0.5
verzweifeln	neg 1.0		off 0.36966894546789475 __DUMMY__ 0.32498147526273624 neg 0.30534957926936906	false	0.5
verzweifelt	neg 1.0		off 0.3715371020196948 __DUMMY__ 0.3232603774797696 neg 0.30520252050053553	false	0.5
misstrauensantrag	neg 1.0		off 0.3724101635523673 __DUMMY__ 0.32277307423738405 neg 0.3048167622102487	false	0.5
abfallen	neg 1.0		off 0.3702008760106719 __DUMMY__ 0.3236418516677536 neg 0.3061572723215744	false	0.5
fucker	off 1.0		off 0.37962850949450544 __DUMMY__ 0.3205515775126097 neg 0.2998199129928848	false	1.0
ungezogen	neg 1.0		off 0.3866669454688914 __DUMMY__ 0.31643025059468455 neg 0.29690280393642404	false	0.5
irrsinnig	neg 1.0	neg 1.0	neg 0.6386537254296648 off 0.20532649563114244 __DUMMY__ 0.15601977893919272	false	1.0
unfassbar	neg 1.0		off 0.3770836398134825 __DUMMY__ 0.3216403069715693 neg 0.3012760532149482	false	0.5
hart	neg 1.0		off 0.3760632994156468 __DUMMY__ 0.31975874483969563 neg 0.3041779557446576	false	0.5
widerlich	off 1.0		off 0.37742403844039907 __DUMMY__ 0.32103108609184267 neg 0.30154487546775827	false	1.0
fatal	neg 1.0	neg 1.0	neg 0.6396467741643953 off 0.20562703160424486 __DUMMY__ 0.15472619423135994	false	1.0
bruch	neg 1.0		off 0.36369553003242383 __DUMMY__ 0.327596972903097 neg 0.30870749706447936	false	0.5
aushungern	neg 1.0		off 0.368818469010828 __DUMMY__ 0.3242659691109365 neg 0.30691556187823554	false	0.5
anspannung	neg 1.0		off 0.36297674891025206 __DUMMY__ 0.3299814870500229 neg 0.3070417640397251	false	0.5
von			off 0.36539618249143035 __DUMMY__ 0.3272203247352816 neg 0.307383492773288	false	0.0
kraftlos	neg 1.0		off 0.3674780256962931 __DUMMY__ 0.3254051438859575 neg 0.30711683041774945	false	0.5
vom			off 0.3611840662327063 __DUMMY__ 0.33221082929556867 neg 0.3066051044717249	false	0.0
grenzdebil	off 1.0		off 0.376723612809626 __DUMMY__ 0.3206974442383101 neg 0.3025789429520637	false	1.0
vor			off 0.3642437394336504 __DUMMY__ 0.32779423013634235 neg 0.3079620304300072	false	0.0
unterwerfen	neg 1.0		off 0.367997180028871 __DUMMY__ 0.3265968276650084 neg 0.30540599230612064	false	0.5
versenkung	neg 1.0		off 0.3674445889721582 __DUMMY__ 0.3269523951726247 neg 0.3056030158552171	false	0.5
entziehen	neg 1.0		off 0.36506154241473615 __DUMMY__ 0.32737869149400206 neg 0.30755976609126173	false	0.5
finanzkrise	neg 1.0		off 0.36713744716270613 __DUMMY__ 0.32080996611785906 neg 0.3120525867194347	false	0.5
schimpfend	neg 1.0		off 0.3721839519414449 __DUMMY__ 0.32472618824626104 neg 0.30308985981229397	false	0.5
profan	neg 1.0		off 0.372646598779669 __DUMMY__ 0.32265488984463137 neg 0.30469851137569975	false	0.5
korruption	neg 1.0		off 0.36771236989121897 __DUMMY__ 0.3239667899727741 neg 0.3083208401360069	false	0.5
â			off 0.3680112071656161 __DUMMY__ 0.32578729320581795 neg 0.306201499628566	false	0.0
schmutzig	neg 1.0		off 0.3767544057047081 __DUMMY__ 0.320549799697746 neg 0.30269579459754603	false	0.5
sexy	neg 1.0		off 0.3751371452359574 __DUMMY__ 0.3229474452917229 neg 0.30191540947231965	false	0.5
abraten	neg 1.0		off 0.37294421676785033 __DUMMY__ 0.323718569702966 neg 0.3033372135291835	false	0.5
schwarz	neg 1.0		off 0.3733633742733232 __DUMMY__ 0.3235457363567389 neg 0.30309088936993783	false	0.5
fotze	off 1.0	off 1.0	off 0.6742552012786853 neg 0.16838402475334815 __DUMMY__ 0.15736077396796647	false	1.0
verwirren	neg 1.0		off 0.3732952302229736 __DUMMY__ 0.32296436231182307 neg 0.3037404074652032	false	0.5
zahnlos	off 1.0		off 0.3692996896679151 __DUMMY__ 0.3250664175699364 neg 0.3056338927621486	false	1.0
verheeren	neg 1.0		off 0.3880647577093139 __DUMMY__ 0.31599623037172203 neg 0.29593901191896393	false	0.5
hippie	neg 1.0		off 0.3745042712928433 __DUMMY__ 0.3227765360441641 neg 0.3027191926629926	false	0.5
rammen	neg 1.0		off 0.37194137821704404 __DUMMY__ 0.32459451447089416 neg 0.3034641073120618	false	0.5
unlauter	neg 1.0		off 0.37241558600626024 __DUMMY__ 0.32265982357863426 neg 0.30492459041510545	false	0.5
unheilvoll	neg 1.0		off 0.3714516847537002 __DUMMY__ 0.32319427653001426 neg 0.3053540387162855	false	0.5
niedrig	neg 1.0		off 0.3665911956088061 __DUMMY__ 0.3244984718180597 neg 0.3089103325731343	false	0.5
explosion	neg 1.0		off 0.3746587995076173 __DUMMY__ 0.3230759635116963 neg 0.3022652369806863	false	0.5
weichei	off 1.0	off 1.0	off 0.6807611112409923 neg 0.1668276328616237 __DUMMY__ 0.15241125589738405	false	1.0
minusmensch	off 1.0		off 0.38786736577299885 __DUMMY__ 0.31601806389564374 neg 0.29611457033135746	false	1.0
farblos	neg 1.0		off 0.37207928136468615 __DUMMY__ 0.32375952152226606 neg 0.30416119711304773	false	0.5
unwissend	neg 1.0	neg 1.0	neg 0.6376735663764469 off 0.20750347501416078 __DUMMY__ 0.15482295860939224	false	1.0
traurig	neg 1.0		off 0.37969096276241965 __DUMMY__ 0.3202960126741401 neg 0.3000130245634403	false	0.5
senkung	neg 1.0		off 0.3714111237450939 __DUMMY__ 0.32019763693005193 neg 0.3083912393248541	false	0.5
ungleich	neg 1.0	neg 1.0	neg 0.6398270681611478 off 0.20297552045963665 __DUMMY__ 0.1571974113792155	false	1.0
heikel	neg 1.0		off 0.36634669494065336 __DUMMY__ 0.3264629763732208 neg 0.3071903286861259	false	0.5
drosselung	neg 1.0		off 0.3757759865005674 __DUMMY__ 0.31919207902187824 neg 0.30503193447755417	false	0.5
falsch	neg 1.0		off 0.37529509736436234 __DUMMY__ 0.32277643800375755 neg 0.30192846463188006	false	0.5
unzufriedenheit	neg 1.0		off 0.3653883873334369 __DUMMY__ 0.32579713263799254 neg 0.3088144800285705	false	0.5
kurz	neg 1.0		off 0.3691038800257511 __DUMMY__ 0.3261191604949252 neg 0.3047769594793237	false	0.5
unsinnig	neg 1.0		off 0.36908859724271453 __DUMMY__ 0.3239689428199273 neg 0.3069424599373583	false	0.5
penner	off 1.0	off 1.0	off 0.6821015290986636 neg 0.1656192666929678 __DUMMY__ 0.15227920420836843	false	1.0
seicht	neg 1.0		off 0.3843704235324977 __DUMMY__ 0.3152286558501597 neg 0.3004009206173426	false	0.5
dummheit	off 1.0	off 1.0	off 0.6762798787377421 neg 0.16852170494594398 __DUMMY__ 0.1551984163163139	false	1.0
unerfreulich	neg 1.0		off 0.3661385609436202 __DUMMY__ 0.3267303496783608 neg 0.30713108937801903	false	0.5
motherfucker	off 1.0	off 1.0	off 0.6794131072020678 neg 0.16632654008223421 __DUMMY__ 0.15426035271569807	false	1.0
pikiert	neg 1.0		off 0.37572819216354436 __DUMMY__ 0.32094274309914267 neg 0.30332906473731297	false	0.5
wrack	neg 1.0		off 0.371450818578616 __DUMMY__ 0.32830821573713226 neg 0.30024096568425174	false	0.5
gangster	neg 1.0		off 0.37465624480333204 __DUMMY__ 0.32259897879314786 neg 0.30274477640352	false	0.5
krank	neg 1.0		off 0.37735777629263073 __DUMMY__ 0.32131258856550116 neg 0.3013296351418682	false	0.5
reich	neg 1.0		off 0.3730260381989349 __DUMMY__ 0.3197753094072589 neg 0.3071986523938063	false	0.5
gnadenlos	neg 1.0		off 0.37207380613358804 __DUMMY__ 0.32432393520936176 neg 0.3036022586570502	false	0.5
niedergeschlagen	neg 1.0		off 0.36856397793823603 __DUMMY__ 0.32610961166649555 neg 0.3053264103952684	false	0.5
terrorisieren	off 1.0	off 1.0	off 0.6728168485294999 neg 0.16963810268656998 __DUMMY__ 0.1575450487839302	false	1.0
sinnlosigkeit	neg 1.0		off 0.3688800951689481 __DUMMY__ 0.3253319651745465 neg 0.3057879396565054	false	0.5
behindern	neg 1.0		off 0.3702893432094885 __DUMMY__ 0.32418223483764247 neg 0.3055284219528691	false	0.5
undemokratisch	neg 1.0		off 0.3727190024808586 __DUMMY__ 0.32263646834239046 neg 0.304644529176751	false	0.5
wirtschaftskrise	neg 1.0		off 0.3668181650268457 __DUMMY__ 0.32349442305883486 neg 0.3096874119143194	false	0.5
neid	neg 1.0		off 0.3737708640623822 __DUMMY__ 0.3222479277717661 neg 0.3039812081658517	false	0.5
rutschen	neg 1.0		off 0.3616253947019114 __DUMMY__ 0.3291443827697779 neg 0.3092302225283108	false	0.5
rezession	neg 1.0		off 0.3769153148423574 __DUMMY__ 0.31667609469871333 neg 0.3064085904589292	false	0.5
fehlgeburt	neg 1.0		off 0.37166300378715195 __DUMMY__ 0.3247580868740269 neg 0.30357890933882103	false	0.5
charakterschwach	off 1.0		off 0.3766490276058107 __DUMMY__ 0.3209429120382036 neg 0.30240806035598583	false	1.0
isolation	neg 1.0		off 0.3754826736271825 __DUMMY__ 0.3230902578748588 neg 0.30142706849795875	false	0.5
ablenkung	neg 1.0		off 0.3707685246019837 __DUMMY__ 0.3250025147221398 neg 0.30422896067587646	false	0.5
pech	neg 1.0		off 0.3746233203340809 __DUMMY__ 0.3216726704372479 neg 0.3037040092286711	false	0.5
vermeidung	neg 1.0		off 0.3765009917159744 __DUMMY__ 0.3203551578492338 neg 0.3031438504347917	false	0.5
dominieren	neg 1.0		off 0.36943940236485945 __DUMMY__ 0.32533580430000747 neg 0.30522479333513314	false	0.5
schwindlig	neg 1.0		off 0.3721975942405945 __DUMMY__ 0.32276110005498077 neg 0.30504130570442484	false	0.5
lutscher	neg 1.0		off 0.38631769388567383 __DUMMY__ 0.3144959144788627 neg 0.2991863916354634	false	0.5
pflicht	neg 1.0		off 0.3655457055270068 __DUMMY__ 0.32772813892347114 neg 0.3067261555495221	false	0.5
faschist	off 1.0		off 0.37492306997808916 __DUMMY__ 0.3226347230912658 neg 0.30244220693064505	false	1.0
verschleudern	neg 1.0		off 0.3650878955962014 __DUMMY__ 0.3237173910809143 neg 0.3111947133228842	false	0.5
wenn			off 0.3752587272584534 __DUMMY__ 0.32162729562446735 neg 0.3031139771170792	false	0.0
ehebruch	neg 1.0		off 0.3677001751700722 __DUMMY__ 0.3254677574798203 neg 0.3068320673501074	false	0.5
spott	off 1.0		off 0.36842454570585165 __DUMMY__ 0.32647367010699807 neg 0.30510178418715034	false	1.0
trostlosigkeit	neg 1.0		off 0.3642007424512331 __DUMMY__ 0.32628418825779176 neg 0.30951506929097516	false	0.5
lutschen	neg 1.0		off 0.375794791305372 __DUMMY__ 0.32279276835198994 neg 0.3014124403426379	false	0.5
undiszipliniert	neg 1.0		off 0.3786365524721669 __DUMMY__ 0.3202549043001818 neg 0.30110854322765135	false	0.5
kopfschmerz	neg 1.0		off 0.3653915289653344 __DUMMY__ 0.32368840007343824 neg 0.31092007096122737	false	0.5
unvorhergesehen	neg 1.0		off 0.3656428370916001 __DUMMY__ 0.327521467857371 neg 0.3068356950510288	false	0.5
desinteressiert	neg 1.0		off 0.37790986063656606 __DUMMY__ 0.32045007974550427 neg 0.3016400596179297	false	0.5
armselig	off 1.0		off 0.3804969351876991 __DUMMY__ 0.3197416423397505 neg 0.29976142247255044	false	1.0
desaster	neg 1.0		off 0.36379606843870055 __DUMMY__ 0.3267341117744951 neg 0.3094698197868044	false	0.5
tod	neg 1.0		off 0.36736239229365736 __DUMMY__ 0.3264100580301965 neg 0.306227549676146	false	0.5
herzlos	neg 1.0		off 0.37965129247849844 __DUMMY__ 0.3196825529728468 neg 0.30066615454865475	false	0.5
unwissenheit	neg 1.0		off 0.3684607685646527 __DUMMY__ 0.32535904488276746 neg 0.3061801865525798	false	0.5
widersinnig	neg 1.0		off 0.3685664166887161 __DUMMY__ 0.3232174264889894 neg 0.3082161568222947	false	0.5
bedenklich	neg 1.0		off 0.36720296066795477 __DUMMY__ 0.3253639610396078 neg 0.30743307829243743	false	0.5
beanstanden	neg 1.0		off 0.3665941871052359 __DUMMY__ 0.3278391863883808 neg 0.30556662650638333	false	0.5
panisch	neg 1.0		off 0.3728241773081197 __DUMMY__ 0.3237460507469342 neg 0.30342977194494625	false	0.5
debil	off 1.0		off 0.3601571205348823 __DUMMY__ 0.3305399083006518 neg 0.3093029711644658	false	1.0
abstrich	neg 1.0		off 0.36955632108124237 __DUMMY__ 0.3251410471903192 neg 0.30530263172843847	false	0.5
primitiv	neg 1.0		off 0.3783279728608524 __DUMMY__ 0.3206869444595234 neg 0.30098508267962426	false	0.5
abschaum	off 1.0	off 1.0	off 0.6785852691335895 neg 0.16611337533123283 __DUMMY__ 0.1553013555351777	false	1.0
provozieren	neg 1.0		off 0.37146683518467327 __DUMMY__ 0.32361243505971304 neg 0.30492072975561374	false	0.5
tot	neg 1.0		off 0.36897709251598226 __DUMMY__ 0.3255304220246558 neg 0.30549248545936186	false	0.5
instabil	neg 1.0		off 0.3796639564785354 __DUMMY__ 0.3183353433228074 neg 0.3020007001986572	false	0.5
schwuchtel	off 1.0	off 1.0	off 0.6863735398793187 neg 0.16324247155112942 __DUMMY__ 0.15038398856955193	false	1.0
zerren	neg 1.0		off 0.36838876591698777 __DUMMY__ 0.3260195706844339 neg 0.30559166339857835	false	0.5
kinderficker	off 1.0		off 0.38276983289336325 __DUMMY__ 0.3184348875184799 neg 0.2987952795881568	false	1.0
gefahr	neg 1.0		off 0.3659893566769919 __DUMMY__ 0.32744936707717553 neg 0.30656127624583257	false	0.5
rabiat	neg 1.0		off 0.3692649573746067 __DUMMY__ 0.3240690618927357 neg 0.3066659807326576	false	0.5
verlangsamung	neg 1.0		off 0.38368701382266474 __DUMMY__ 0.3166812420599308 neg 0.2996317441174044	false	0.5
ausgestorben	neg 1.0		off 0.36984328683119905 __DUMMY__ 0.3253268525513014 neg 0.30482986061749945	false	0.5
anklagen	neg 1.0		off 0.36937540936086916 __DUMMY__ 0.32518602279819514 neg 0.30543856784093576	false	0.5
trott	neg 1.0		off 0.37087013649618555 __DUMMY__ 0.3245211584195084 neg 0.30460870508430604	false	0.5
verminderung	neg 1.0		off 0.3765563068952324 __DUMMY__ 0.3203251733066792 neg 0.30311851979808835	false	0.5
nach			off 0.3612819952802092 __DUMMY__ 0.3306746673368874 neg 0.3080433373829033	false	0.0
rost	neg 1.0		off 0.38723428723016773 __DUMMY__ 0.31848629818444313 neg 0.2942794145853891	false	0.5
destruktiv	neg 1.0		off 0.3702409054895152 __DUMMY__ 0.32396092324180825 neg 0.30579817126867653	false	0.5
unzumutbarkeit	neg 1.0		off 0.37785257900291114 __DUMMY__ 0.32175689983759503 neg 0.3003905211594937	false	0.5
labil	off 1.0	off 1.0	off 0.6777414837391318 neg 0.167251238471916 __DUMMY__ 0.15500727778895218	false	1.0
ziemlich	neg 1.0		off 0.3770105840319496 __DUMMY__ 0.32202185767814895 neg 0.30096755828990135	false	0.5
lachnummer	off 1.0		off 0.3715800666991608 __DUMMY__ 0.32450899971063096 neg 0.3039109335902082	false	1.0
oder			off 0.3715521493774818 __DUMMY__ 0.32459548813086314 neg 0.303852362491655	false	0.0
verfall	neg 1.0		off 0.3616603444313863 __DUMMY__ 0.32753479471902663 neg 0.3108048608495869	false	0.5
ausgrenzung	neg 1.0		off 0.3725966970331826 __DUMMY__ 0.32260825782201014 neg 0.30479504514480726	false	0.5
unordnung	neg 1.0		off 0.3817576046483311 __DUMMY__ 0.31973390067318375 neg 0.29850849467848506	false	0.5
fehlverhalten	neg 1.0		off 0.3668964277696284 __DUMMY__ 0.32643538765902275 neg 0.30666818457134887	false	0.5
eine			off 0.36427558805668986 __DUMMY__ 0.3269519108818717 neg 0.3087725010614384	false	0.0
nille	neg 1.0		off 0.37176969012930017 __DUMMY__ 0.324894111542843 neg 0.3033361983278569	false	0.5
qual	neg 1.0		off 0.37040328900665165 __DUMMY__ 0.32452895254837266 neg 0.30506775844497575	false	0.5
verschwenden	neg 1.0		off 0.36554988576357 __DUMMY__ 0.32540349003031954 neg 0.3090466242061104	false	0.5
riesig	neg 1.0		off 0.3677059375518672 __DUMMY__ 0.326865720563304 neg 0.30542834188482887	false	0.5
verurteilen	neg 1.0		off 0.3689834720182507 __DUMMY__ 0.3252245974039727 neg 0.3057919305777766	false	0.5
klischee	neg 1.0	neg 1.0	neg 0.6383969496716341 off 0.2067422437373687 __DUMMY__ 0.15486080659099719	false	1.0
diktatorisch	neg 1.0		off 0.37296511070264743 __DUMMY__ 0.32269236892906555 neg 0.3043425203682871	false	0.5
vorhersehbar	neg 1.0		off 0.37339203483833805 __DUMMY__ 0.32216522215950866 neg 0.3044427430021533	false	0.5
sowie			off 0.3811836763502428 __DUMMY__ 0.317705807760352 neg 0.3011105158894052	false	0.0
stornieren	neg 1.0		off 0.37595244903073044 __DUMMY__ 0.3254857418738461 neg 0.29856180909542346	false	0.5
besteuerung	neg 1.0	neg 1.0	neg 0.6410176788809222 off 0.20426508801384774 __DUMMY__ 0.15471723310523017	false	1.0
ungeschminkt	neg 1.0		off 0.37851243785064004 __DUMMY__ 0.32068787010710653 neg 0.3007996920422535	false	0.5
kritisch	neg 1.0		off 0.36852749122907 __DUMMY__ 0.3255134577055251 neg 0.30595905106540494	false	0.5
schlamperei	off 1.0		off 0.36730868619150486 __DUMMY__ 0.3261440815800998 neg 0.30654723222839536	false	1.0
sucht	neg 1.0	neg 1.0	neg 0.6368377286101238 off 0.2063787323710422 __DUMMY__ 0.15678353901883396	false	1.0
egoistisch	off 1.0	off 1.0	off 0.6815672287688008 neg 0.16493089373134284 __DUMMY__ 0.15350187749985625	false	1.0
ausbeuter	off 1.0		off 0.3653882481388881 __DUMMY__ 0.32513416183307603 neg 0.309477590028036	false	1.0
arschgeburt	off 1.0		off 0.39106974834127756 __DUMMY__ 0.31318946451898627 neg 0.29574078713973617	false	1.0
schubs	neg 1.0		off 0.36656319610243426 __DUMMY__ 0.324485249603976 neg 0.3089515542935899	false	0.5
unsolide	neg 1.0		off 0.37358214766284553 __DUMMY__ 0.322664591895235 neg 0.3037532604419197	false	0.5
beschwerde	neg 1.0		off 0.36915212653306134 __DUMMY__ 0.3256318164639439 neg 0.3052160570029947	false	0.5
stocken	neg 1.0		off 0.36769755171912044 __DUMMY__ 0.32576394379475965 neg 0.30653850448612	false	0.5
isolieren	neg 1.0		off 0.367999652475177 __DUMMY__ 0.3244391811362266 neg 0.3075611663885965	false	0.5
unheilbar	neg 1.0		off 0.37062277223162604 __DUMMY__ 0.32404715875592927 neg 0.3053300690124448	false	0.5
pisser	off 1.0	off 1.0	off 0.6804399436095601 neg 0.1650738857011765 __DUMMY__ 0.15448617068926337	false	1.0
löschen	neg 1.0		off 0.37154542950636416 __DUMMY__ 0.3242084357155262 neg 0.30424613477810963	false	0.5
durchfallen	neg 1.0		off 0.36841401596090495 __DUMMY__ 0.32570696346222777 neg 0.3058790205768674	false	0.5
wichser	off 1.0	off 1.0	off 0.6839279362867469 neg 0.16461998904286484 __DUMMY__ 0.15145207467038826	false	1.0
terror	neg 1.0		off 0.37436348427507465 __DUMMY__ 0.32292163715981775 neg 0.30271487856510737	false	0.5
krass	neg 1.0		off 0.38154880927359497 __DUMMY__ 0.31892964208392155 neg 0.29952154864248354	false	0.5
revolte	neg 1.0		off 0.37315838638608856 __DUMMY__ 0.3206785817481732 neg 0.30616303186573823	false	0.5
besorgt	neg 1.0		off 0.36944270077940555 __DUMMY__ 0.32628619880874243 neg 0.304271100411852	false	0.5
nachlassen	neg 1.0		off 0.36834081437722926 __DUMMY__ 0.32656539867356177 neg 0.30509378694920886	false	0.5
alt	neg 1.0		off 0.3646720258431916 __DUMMY__ 0.32293512359911963 neg 0.31239285055768884	false	0.5
hundesohn	off 1.0	off 1.0	off 0.6836659327164171 neg 0.16432448921878562 __DUMMY__ 0.15200957806479737	false	1.0
als			off 0.3681093065535671 __DUMMY__ 0.324751942467289 neg 0.3071387509791438	false	0.0
abschreckung	neg 1.0		off 0.36562038596061425 __DUMMY__ 0.3263330850552309 neg 0.3080465289841549	false	0.5
unqualifiziert	neg 1.0		off 0.3755153697539735 __DUMMY__ 0.3223016780318544 neg 0.3021829522141721	false	0.5
abgewichst	off 1.0		off 0.3709135552227707 __DUMMY__ 0.3250616607757914 neg 0.3040247840014379	false	1.0
schwer	neg 1.0		off 0.36970561178402106 __DUMMY__ 0.32425917427917583 neg 0.30603521393680316	false	0.5
bedeutungslosigkeit	neg 1.0		off 0.36630376274302334 __DUMMY__ 0.3262806805817005 neg 0.30741555667527604	false	0.5
kapitulation	neg 1.0		off 0.3673936162517078 __DUMMY__ 0.32462372577804927 neg 0.30798265797024293	false	0.5
unscharf	neg 1.0		off 0.37090778484530024 __DUMMY__ 0.3208049460511614 neg 0.3082872691035383	false	0.5
schwinden	neg 1.0		off 0.3655686755816376 __DUMMY__ 0.32531744964441256 neg 0.30911387477394975	false	0.5
versklavung	neg 1.0	neg 1.0	neg 0.639116983632374 off 0.20548078620354004 __DUMMY__ 0.1554022301640859	false	1.0
schlecht	neg 1.0		off 0.3773084245795957 __DUMMY__ 0.3221586000242318 neg 0.3005329753961726	false	0.5
verhasst	neg 1.0		off 0.37218463698889853 __DUMMY__ 0.3232768976241121 neg 0.30453846538698937	false	0.5
beschweren	neg 1.0		off 0.3732176126951471 __DUMMY__ 0.324021883628074 neg 0.3027605036767788	false	0.5
scheiden	neg 1.0		off 0.3701542358698083 __DUMMY__ 0.3236512854963663 neg 0.3061944786338255	false	0.5
frustriert	neg 1.0		off 0.369425996822943 __DUMMY__ 0.3251980482517034 neg 0.30537595492535363	false	0.5
schimmelig	neg 1.0		off 0.36657555006615156 __DUMMY__ 0.3241909018261102 neg 0.3092335481077383	false	0.5
fisch	neg 1.0		off 0.3623597766228631 __DUMMY__ 0.32466760088908964 neg 0.3129726224880472	false	0.5
schmuggel	neg 1.0		off 0.365630440460502 __DUMMY__ 0.328112535995703 neg 0.3062570235437948	false	0.5
auffallen	neg 1.0		off 0.373080393561203 __DUMMY__ 0.32314329755319676 neg 0.30377630888560037	false	0.5
konkurrenz	neg 1.0		off 0.3662774767619381 __DUMMY__ 0.32708207736768097 neg 0.3066404458703809	false	0.5
teufelskreis	neg 1.0	neg 1.0	neg 0.6407011873552896 off 0.20360683919871306 __DUMMY__ 0.15569197344599742	false	1.0
aufschreien	neg 1.0		off 0.37331645652856726 __DUMMY__ 0.322314429332088 neg 0.3043691141393447	false	0.5
schuldner	neg 1.0		off 0.3645859887208604 __DUMMY__ 0.32449262572971876 neg 0.31092138554942084	false	0.5
missgeburt	off 1.0	off 1.0	off 0.6836515428281257 neg 0.1629245951438279 __DUMMY__ 0.15342386202804642	false	1.0
arbeitslos	neg 1.0		off 0.36821232248790475 __DUMMY__ 0.3256302538759147 neg 0.3061574236361805	false	0.5
befallen	neg 1.0		off 0.3681154651138067 __DUMMY__ 0.32285032124431434 neg 0.30903421364187894	false	0.5
miesepetrig	off 1.0	off 1.0	off 0.6775896956220381 neg 0.1675649928656356 __DUMMY__ 0.15484531151232628	false	1.0
alarmieren	neg 1.0		off 0.37614932128171186 __DUMMY__ 0.32229507129630663 neg 0.3015556074219817	false	0.5
ungeduscht	off 1.0		off 0.37493660243370686 __DUMMY__ 0.3215555915987204 neg 0.30350780596757276	false	1.0
knappheit	neg 1.0		off 0.36712571601178834 __DUMMY__ 0.3237117994611495 neg 0.3091624845270621	false	0.5
schlange	neg 1.0		off 0.3710329024454608 __DUMMY__ 0.3242075814020311 neg 0.3047595161525081	false	0.5
harsch	neg 1.0		off 0.3825585404730688 __DUMMY__ 0.32103150264594604 neg 0.29640995688098526	false	0.5
lang	neg 1.0		off 0.37238383837199845 __DUMMY__ 0.32392723272390145 neg 0.30368892890410015	false	0.5
ziellos	neg 1.0		off 0.36678120765724187 __DUMMY__ 0.3266591359400009 neg 0.30655965640275745	false	0.5
selbstverliebt	neg 1.0		off 0.3889083400992693 __DUMMY__ 0.31555347431207226 neg 0.2955381855886584	false	0.5
beseitigen	neg 1.0		off 0.37194642442418263 __DUMMY__ 0.3257648766762721 neg 0.30228869889954524	false	0.5
dumm	off 1.0		off 0.3834774625238476 __DUMMY__ 0.31779228561955947 neg 0.2987302518565929	false	1.0
arbeitsloser	neg 1.0		off 0.37002628610975197 __DUMMY__ 0.32751089209479234 neg 0.30246282179545575	false	0.5
blitzen	neg 1.0		off 0.3751265579920205 __DUMMY__ 0.3224806514768198 neg 0.3023927905311596	false	0.5
hilflos	neg 1.0		off 0.36813016819572425 __DUMMY__ 0.3253818227768962 neg 0.3064880090273796	false	0.5
eklig	off 1.0		off 0.38308271739059374 __DUMMY__ 0.3165849179239959 neg 0.3003323646854103	false	1.0
begriff			off 0.3704347629630285 __DUMMY__ 0.3246489395783592 neg 0.30491629745861226	false	0.0
hungersnot	neg 1.0		off 0.3674085627943776 __DUMMY__ 0.3239545820647618 neg 0.3086368551408606	false	0.5
ungesetzlich	neg 1.0		off 0.37260182557221216 __DUMMY__ 0.3223738110109571 neg 0.30502436341683076	false	0.5
verschwendung	neg 1.0		off 0.3661202556128878 __DUMMY__ 0.32613196812734324 neg 0.3077477762597689	false	0.5
schmerzvoll	neg 1.0		off 0.37169443508683037 __DUMMY__ 0.3229756508263876 neg 0.3053299140867822	false	0.5
vorzeitig	neg 1.0		off 0.37741438103112834 __DUMMY__ 0.32308410862149317 neg 0.2995015103473785	false	0.5
unvollkommenheit	neg 1.0		off 0.36969983781461946 __DUMMY__ 0.32546017618229295 neg 0.30483998600308754	false	0.5
intervenieren	neg 1.0		off 0.36598068776896836 __DUMMY__ 0.3247850026312401 neg 0.3092343095997914	false	0.5
banause	off 1.0		off 0.3835413477163815 __DUMMY__ 0.3145508776683754 neg 0.3019077746152431	false	1.0
rebell	neg 1.0		off 0.36142400393002944 __DUMMY__ 0.32655832610717395 neg 0.3120176699627965	false	0.5
unlogisch	neg 1.0		off 0.3792820658821603 __DUMMY__ 0.3200734922960151 neg 0.3006444418218247	false	0.5
leiden	neg 1.0		off 0.3665519633105059 __DUMMY__ 0.3284772995091221 neg 0.304970737180372	false	0.5
abschaffung	neg 1.0		off 0.3712091299381488 __DUMMY__ 0.32278578956081716 neg 0.30600508050103403	false	0.5
sturz	neg 1.0		off 0.37519091762119317 __DUMMY__ 0.3257295126700957 neg 0.2990795697087111	false	0.5
verkleinerung	neg 1.0		off 0.37356484992665134 __DUMMY__ 0.32025072788892317 neg 0.3061844221844256	false	0.5
schmarotzer	off 1.0		off 0.36884114584613115 __DUMMY__ 0.32483971231964287 neg 0.30631914183422604	false	1.0
bestrafung	neg 1.0	neg 1.0	neg 0.6380670071774652 off 0.2054399068172311 __DUMMY__ 0.15649308600530373	false	1.0
achtlos	neg 1.0		off 0.36924091457460595 __DUMMY__ 0.32502244102573274 neg 0.30573664439966136	false	0.5
ungeheuer	neg 1.0		off 0.3699770722825985 __DUMMY__ 0.32275340761602844 neg 0.30726952010137304	false	0.5
unaufrichtig	neg 1.0		off 0.37581995466452156 __DUMMY__ 0.32265599808383316 neg 0.30152404725164533	false	0.5
groggy	neg 1.0		off 0.37490420239387173 __DUMMY__ 0.32346265021586584 neg 0.3016331473902624	false	0.5
verletzlich	neg 1.0		off 0.37465475650874547 __DUMMY__ 0.3197875179083027 neg 0.30555772558295186	false	0.5
ablehnen	neg 1.0		off 0.3680735504932824 __DUMMY__ 0.3254615277882939 neg 0.30646492171842377	false	0.5
