unsolidarisch	neg 1.0		__DUMMY__ 0.8753651798990305 off 0.0681764356588836 neg 0.05645838444208589	false	0.5
nachteilig	neg 1.0		__DUMMY__ 0.8837828106719882 off 0.0633554058524039 neg 0.052861783475607965	false	0.5
skeptisch	neg 1.0		__DUMMY__ 0.8829439699814018 off 0.062261008363926826 neg 0.054795021654671434	false	0.5
schrecklich	neg 1.0		__DUMMY__ 0.8704729783423792 off 0.07599884546544074 neg 0.05352817619217997	false	0.5
schlapp	neg 1.0	neg 1.0	neg 0.511603959109351 __DUMMY__ 0.43378917967388997 off 0.054606861216759	false	1.0
abfall	neg 1.0		__DUMMY__ 0.8865657260446943 off 0.05907080343890465 neg 0.05436347051640098	false	0.5
widerspenstig	neg 1.0		__DUMMY__ 0.8774276136651541 off 0.06602174844169398 neg 0.05655063789315198	false	0.5
abrupt	neg 1.0		__DUMMY__ 0.881486293822778 off 0.06142481768574669 neg 0.057088888491475275	false	0.5
unwirksam	neg 1.0		__DUMMY__ 0.8722521300511632 off 0.06740595455186583 neg 0.06034191539697098	false	0.5
angreifen	neg 1.0		__DUMMY__ 0.8830270393605204 off 0.06174395679686951 neg 0.05522900384261021	false	0.5
inkonsistent	neg 1.0		__DUMMY__ 0.8746652864129887 off 0.06934121956676984 neg 0.05599349402024145	false	0.5
abrutschen	neg 1.0		__DUMMY__ 0.8857823867280094 off 0.058743924974818805 neg 0.05547368829717188	false	0.5
unsicher	neg 1.0		__DUMMY__ 0.879547709203413 off 0.06677129141662493 neg 0.05368099937996209	false	0.5
bauernkind	off 1.0	off 1.0	off 0.5290155157419579 __DUMMY__ 0.426681546947082 neg 0.04430293731096004	false	1.0
angreifer	neg 1.0		__DUMMY__ 0.8793365698284993 off 0.07076790090565657 neg 0.049895529265844125	false	0.5
trennen	neg 1.0		__DUMMY__ 0.8841357469359904 off 0.06125179412090934 neg 0.054612458943100316	false	0.5
schmutz	neg 1.0		__DUMMY__ 0.8813628683451823 off 0.06953810546913824 neg 0.049099026185679455	false	0.5
inkonsistenz	neg 1.0		__DUMMY__ 0.874566371541973 off 0.0719489418791285 neg 0.053484686578898474	false	0.5
erschreckend	neg 1.0		__DUMMY__ 0.8790539373350137 off 0.06627150665260553 neg 0.05467455601238089	false	0.5
ertrinken	neg 1.0		__DUMMY__ 0.8820827585426049 off 0.06110834790030538 neg 0.05680889355708983	false	0.5
pickelface	off 1.0		__DUMMY__ 0.8792285271699067 off 0.0674045917301106 neg 0.05336688109998268	false	1.0
seiner			__DUMMY__ 0.883660106435295 off 0.061982782297244764 neg 0.05435711126746022	false	0.0
lauch	neg 1.0	neg 1.0	neg 0.5115824741362368 __DUMMY__ 0.44355967792231643 off 0.04485784794144683	false	1.0
unwichtig	neg 1.0		__DUMMY__ 0.8741222323154911 off 0.07187683018213671 neg 0.05400093750237216	false	0.5
steuerhinterziehung	neg 1.0		__DUMMY__ 0.8776839725360454 off 0.06639511242927973 neg 0.0559209150346749	false	0.5
schock	neg 1.0		__DUMMY__ 0.8798634994731179 off 0.06511324069481364 neg 0.05502325983206834	false	0.5
beule	neg 1.0		__DUMMY__ 0.8709907977436493 off 0.07382826040117854 neg 0.055180941855172146	false	0.5
vergelten	neg 1.0		__DUMMY__ 0.8715401625681354 off 0.07716975074084834 neg 0.05129008669101633	false	0.5
verdorbenheit	neg 1.0		__DUMMY__ 0.878551523409897 off 0.0676465158653154 neg 0.05380196072478757	false	0.5
trauma	neg 1.0		__DUMMY__ 0.8766418527492031 off 0.06832820779613738 neg 0.055029939454659546	false	0.5
sinnlos	neg 1.0		__DUMMY__ 0.8768863634604094 off 0.06892786595680674 neg 0.054185770582783954	false	0.5
fettsack	off 1.0	off 1.0	off 0.5301671964872994 __DUMMY__ 0.42747512057040593 neg 0.04235768294229475	false	1.0
feige	off 1.0	off 1.0	off 0.5255751390954019 __DUMMY__ 0.43268330528774124 neg 0.04174155561685685	false	1.0
abdanken	neg 1.0		__DUMMY__ 0.8795935351329671 off 0.06674293370536014 neg 0.05366353116167271	false	0.5
wichtigtuer	off 1.0	off 1.0	off 0.5230092899209347 __DUMMY__ 0.4359303846347283 neg 0.041060325444337006	false	1.0
misslingen	neg 1.0		__DUMMY__ 0.8823658812057659 off 0.0681116339268668 neg 0.04952248486736735	false	0.5
untreu	off 1.0		__DUMMY__ 0.8721631926898851 off 0.07311264933142123 neg 0.054724157978693705	false	1.0
missmutig	neg 1.0		__DUMMY__ 0.873870906356532 off 0.07044960515422077 neg 0.05567948848924725	false	0.5
hurenbock	off 1.0		__DUMMY__ 0.8750594272038853 off 0.06684662795019533 neg 0.058093944845919294	false	1.0
betrunken	neg 1.0		__DUMMY__ 0.8705090284056715 off 0.0747969830891149 neg 0.054693988505213696	false	0.5
korrupt	off 1.0		__DUMMY__ 0.8768806557802779 off 0.06604079509966013 neg 0.05707854912006198	false	1.0
unmut	neg 1.0		__DUMMY__ 0.8844312165986359 off 0.06053215082060917 neg 0.05503663258075496	false	0.5
hackfresse	off 1.0		__DUMMY__ 0.8656586494824628 off 0.08057132309522744 neg 0.05377002742230972	false	1.0
aufblasen	neg 1.0		__DUMMY__ 0.8772792584156917 off 0.06701345230649408 neg 0.05570728927781429	false	0.5
gewaltsam	neg 1.0		__DUMMY__ 0.8811212191363448 off 0.06656696321488863 neg 0.052311817648766724	false	0.5
unbeliebtheit	neg 1.0		__DUMMY__ 0.8738977538356705 off 0.07326298554273107 neg 0.05283926062159844	false	0.5
sturheit	neg 1.0		__DUMMY__ 0.8808438424637793 off 0.06627183141289941 neg 0.05288432612332129	false	0.5
kuh	neg 1.0		__DUMMY__ 0.868961326812668 off 0.06967150312179352 neg 0.061367170065538545	false	0.5
erschrecken	neg 1.0		__DUMMY__ 0.874855032363826 off 0.07091404262194353 neg 0.054230925014230456	false	0.5
opfer	neg 1.0		__DUMMY__ 0.8836631850145372 off 0.06359527309015446 neg 0.05274154189530836	false	0.5
sinken	neg 1.0		__DUMMY__ 0.8821050049040993 off 0.06090135867960274 neg 0.05699363641629803	false	0.5
stinktier	neg 1.0		__DUMMY__ 0.8636261868051021 off 0.07833317689502417 neg 0.05804063629987379	false	0.5
tucke	off 1.0		__DUMMY__ 0.8603825807056884 off 0.08259797740320139 neg 0.057019441891110134	false	1.0
ein			__DUMMY__ 0.8760581695213061 off 0.06571743522650007 neg 0.0582243952521938	false	0.0
abstieg	neg 1.0		__DUMMY__ 0.8849030072030324 off 0.06484867211553548 neg 0.05024832068143218	false	0.5
missverstehen	neg 1.0		__DUMMY__ 0.8758978883464376 off 0.06986908989544989 neg 0.05423302175811254	false	0.5
ergebnislos	neg 1.0		__DUMMY__ 0.8848230666437633 off 0.0633287691018439 neg 0.05184816425439277	false	0.5
unter			__DUMMY__ 0.8919185433121625 off 0.054726313469101895 neg 0.0533551432187357	false	0.0
manipulieren	neg 1.0		__DUMMY__ 0.8831425666554108 off 0.06269987918640986 neg 0.0541575541581793	false	0.5
unbewiesen	neg 1.0		__DUMMY__ 0.8765428242395068 off 0.06844777695478571 neg 0.05500939880570743	false	0.5
verschleppen	neg 1.0		__DUMMY__ 0.8803218199576026 off 0.06437399935893337 neg 0.055304180683463995	false	0.5
weib	off 1.0		__DUMMY__ 0.8628379702368204 off 0.08286457245508604 neg 0.054297457308093475	false	1.0
opposition	neg 1.0		__DUMMY__ 0.8753876394583122 off 0.06839085749620681 neg 0.05622150304548104	false	0.5
verkehrswidrig	neg 1.0		__DUMMY__ 0.8738927289583652 off 0.0773226573484608 neg 0.048784613693173995	false	0.5
inkorrekt	neg 1.0		__DUMMY__ 0.8700949045014819 off 0.07612268773766691 neg 0.05378240776085118	false	0.5
vermeiden	neg 1.0		__DUMMY__ 0.8881189643185986 off 0.05810255133913147 neg 0.05377848434226992	false	0.5
abweichung	neg 1.0		__DUMMY__ 0.8816213956361071 off 0.0646216755696767 neg 0.05375692879421624	false	0.5
alkoholisiert	neg 1.0		__DUMMY__ 0.8878223556839733 off 0.061262471674652354 neg 0.05091517264137433	false	0.5
scheiss	off 1.0	off 1.0	off 0.526175187952797 __DUMMY__ 0.43189605814566706 neg 0.0419287539015359	false	1.0
herausforderung	neg 1.0		__DUMMY__ 0.8810509127810054 off 0.06440301222531275 neg 0.05454607499368177	false	0.5
pervers	off 1.0		__DUMMY__ 0.861205862188983 off 0.08518303739185211 neg 0.053611100419164885	false	1.0
wackelig	neg 1.0		__DUMMY__ 0.8813182357338922 off 0.06394960198444091 neg 0.05473216228166681	false	0.5
verwickeln	neg 1.0		__DUMMY__ 0.8761638258156423 off 0.06898237217914055 neg 0.05485380200521709	false	0.5
vorwand	neg 1.0		__DUMMY__ 0.8837336301613111 off 0.061292330035987615 neg 0.054974039802701234	false	0.5
muschi	off 1.0		__DUMMY__ 0.881183823313144 off 0.06632959172948755 neg 0.052486584957368465	false	1.0
entmutigung	neg 1.0		__DUMMY__ 0.8720171183816302 off 0.06970705305867952 neg 0.058275828559690296	false	0.5
unangemessen	neg 1.0		__DUMMY__ 0.8799692037849399 off 0.06589066259129099 neg 0.05414013362376901	false	0.5
unstetig	neg 1.0		__DUMMY__ 0.8762008298799182 off 0.07079573445024816 neg 0.05300343566983364	false	0.5
entmutigen	neg 1.0		__DUMMY__ 0.8771489504693576 off 0.06781320828799431 neg 0.05503784124264815	false	0.5
schwanz	neg 1.0		__DUMMY__ 0.8822574915274564 off 0.06403576744587494 neg 0.05370674102666872	false	0.5
verbot	neg 1.0		__DUMMY__ 0.878426380821419 off 0.06569034886135082 neg 0.05588327031723015	false	0.5
leid	neg 1.0		__DUMMY__ 0.8686755374734155 off 0.07757177633248676 neg 0.05375268619409772	false	0.5
archaisch	neg 1.0		__DUMMY__ 0.8796176145654941 off 0.0655249847938778 neg 0.054857400640628086	false	0.5
gegen			__DUMMY__ 0.8857101052340688 off 0.061058817486750135 neg 0.053231077279181145	false	0.0
scheidung	neg 1.0		__DUMMY__ 0.8624656460579748 off 0.08873071230263568 neg 0.048803641639389474	false	0.5
einschlag	neg 1.0		__DUMMY__ 0.874209897660631 off 0.07629374501385232 neg 0.049496357325516764	false	0.5
m			__DUMMY__ 0.8809634458211127 off 0.06459202208054372 neg 0.054444532098343434	false	0.0
abgestanden	neg 1.0		__DUMMY__ 0.8717223530831393 off 0.06630423528322488 neg 0.06197341163363583	false	0.5
schmierig	off 1.0		__DUMMY__ 0.8677076512175532 off 0.07727552444422293 neg 0.055016824338223726	false	1.0
unpraktisch	neg 1.0		__DUMMY__ 0.878069217458251 off 0.06797943940050184 neg 0.05395134314124717	false	0.5
wixxer	off 1.0		__DUMMY__ 0.8594859165115125 off 0.08558225767786715 neg 0.05493182581062036	false	1.0
bezeichnet			__DUMMY__ 0.8791878352429476 off 0.06734388961031514 neg 0.053468275146737104	false	0.0
jammerlappen	off 1.0		__DUMMY__ 0.8734548986865732 off 0.07217009738599121 neg 0.05437500392743557	false	1.0
farce	neg 1.0		__DUMMY__ 0.876593267785251 off 0.06728598355892916 neg 0.05612074865581981	false	0.5
zwecklos	neg 1.0		__DUMMY__ 0.8797903192526101 off 0.0649067665443743 neg 0.05530291420301561	false	0.5
turbulent	neg 1.0		__DUMMY__ 0.8710183777005251 off 0.07412349962709669 neg 0.05485812267237817	false	0.5
invasion	neg 1.0		__DUMMY__ 0.8759894611505671 off 0.06956094045356777 neg 0.054449598395865044	false	0.5
schuld	neg 1.0		__DUMMY__ 0.8773911043134034 off 0.06828821634478509 neg 0.054320679341811576	false	0.5
risiko	neg 1.0		__DUMMY__ 0.8744826364915074 off 0.06909502867632479 neg 0.05642233483216784	false	0.5
finster	neg 1.0		__DUMMY__ 0.8760153767900746 off 0.06597034411050592 neg 0.05801427909941949	false	0.5
geisteskrank	off 1.0		__DUMMY__ 0.8712102053549174 off 0.07483550209692463 neg 0.05395429254815789	false	1.0
zusammenbrechen	neg 1.0		__DUMMY__ 0.8791809556950869 off 0.06502258802050798 neg 0.05579645628440501	false	0.5
ausbeute	neg 1.0		__DUMMY__ 0.8820003360275224 off 0.06541890257141468 neg 0.05258076140106297	false	0.5
hinterhalt	neg 1.0		__DUMMY__ 0.8807343408120628 off 0.0652156214115661 neg 0.054050037776371115	false	0.5
kritik	neg 1.0		__DUMMY__ 0.8768265617646184 off 0.06704496625346489 neg 0.05612847198191674	false	0.5
einschrumpfen	neg 1.0		__DUMMY__ 0.8720751862280572 off 0.0723733802558568 neg 0.05555143351608598	false	0.5
riskant	neg 1.0		__DUMMY__ 0.8821747444187715 off 0.06249719140833557 neg 0.05532806417289282	false	0.5
frustrieren	neg 1.0		__DUMMY__ 0.8808332614457907 off 0.06341441031049214 neg 0.05575232824371727	false	0.5
groll	neg 1.0		__DUMMY__ 0.8811521074638156 off 0.06511160073591232 neg 0.05373629180027209	false	0.5
gibt			__DUMMY__ 0.8807319890073843 off 0.06463245714931512 neg 0.05463555384330061	false	0.0
qualvoll	neg 1.0		__DUMMY__ 0.8758348716005625 off 0.06890122416863821 neg 0.055263904230799264	false	0.5
wackeln	neg 1.0		__DUMMY__ 0.8781247532132164 off 0.06652626301047578 neg 0.05534898377630786	false	0.5
klagen	neg 1.0		__DUMMY__ 0.8827687069819806 off 0.06157572891177694 neg 0.055655564106242505	false	0.5
bankrott	neg 1.0		__DUMMY__ 0.8757181655249814 off 0.07136254994493653 neg 0.052919284530082066	false	0.5
trauern	neg 1.0		__DUMMY__ 0.8863811022573566 off 0.062450745080285086 neg 0.05116815266235834	false	0.5
ablehnung	neg 1.0		__DUMMY__ 0.877565939172394 off 0.06642785399928117 neg 0.05600620682832493	false	0.5
stur	neg 1.0		__DUMMY__ 0.8762231461152883 off 0.0682359704519277 neg 0.055540883432784016	false	0.5
aufruhr	neg 1.0		__DUMMY__ 0.8775175860881345 off 0.06716245245405303 neg 0.05531996145781248	false	0.5
melancholie	neg 1.0		__DUMMY__ 0.879666967274126 off 0.06162126863583958 neg 0.058711764090034424	false	0.5
ist			__DUMMY__ 0.8768480428484309 off 0.06866220197144722 neg 0.05448975518012185	false	0.0
torheit	neg 1.0		__DUMMY__ 0.8775089440324568 off 0.06842221016634713 neg 0.05406884580119595	false	0.5
dreckskind	off 1.0		__DUMMY__ 0.8644506636512804 off 0.08186006734514406 neg 0.053689269003575534	false	1.0
umtauschen	neg 1.0		__DUMMY__ 0.8788325948636918 off 0.06577769912889692 neg 0.055389706007411374	false	0.5
zum			__DUMMY__ 0.8913817081992729 off 0.05814399730331811 neg 0.050474294497409006	false	0.0
zersetzen	neg 1.0		__DUMMY__ 0.8809508741519769 off 0.062385347589287064 neg 0.05666377825873604	false	0.5
zur			__DUMMY__ 0.8882282995766901 off 0.0584614551467421 neg 0.0533102452765677	false	0.0
frust	neg 1.0		__DUMMY__ 0.8794475160962484 off 0.06482255084742097 neg 0.05572993305633056	false	0.5
unerbittlichkeit	neg 1.0		__DUMMY__ 0.8832016703886715 off 0.06323243902194355 neg 0.053565890589385	false	0.5
zwei			__DUMMY__ 0.8878649463295301 off 0.05763654830449723 neg 0.05449850536597271	false	0.0
unkorrekt	neg 1.0		__DUMMY__ 0.8710219902419278 off 0.07465896348839217 neg 0.05431904626968001	false	0.5
hexe	off 1.0		__DUMMY__ 0.8705161750890084 off 0.07141537373899365 neg 0.058068451171997985	false	1.0
lasch	neg 1.0		__DUMMY__ 0.8740482825076542 off 0.07135609429988464 neg 0.05459562319246124	false	0.5
rivale	neg 1.0		__DUMMY__ 0.8714182877698262 off 0.07597978704533671 neg 0.052601925184837015	false	0.5
mutlos	off 1.0	off 1.0	off 0.5188991851082232 __DUMMY__ 0.43943995328963803 neg 0.041660861602138756	false	1.0
wirr	off 1.0		__DUMMY__ 0.8683127261582638 off 0.07662458455406164 neg 0.05506268928767446	false	1.0
jahr			__DUMMY__ 0.8879326484272188 off 0.0620020189325975 neg 0.05006533264018368	false	0.0
wird			__DUMMY__ 0.8816362957672463 off 0.0639613385158088 neg 0.054402365716944935	false	0.0
strafbar	neg 1.0		__DUMMY__ 0.8825443671075466 off 0.06310070332479785 neg 0.054354929567655606	false	0.5
erosion	neg 1.0		__DUMMY__ 0.879131352524536 off 0.06698174039410108 neg 0.05388690708136295	false	0.5
eingehen	neg 1.0		__DUMMY__ 0.8806740287051951 off 0.06326149234395514 neg 0.056064478950849865	false	0.5
faul	off 1.0		__DUMMY__ 0.8748270930070029 off 0.07095891611924096 neg 0.05421399087375614	false	1.0
provisorium	neg 1.0		__DUMMY__ 0.8924576906322172 off 0.054690828588706615 neg 0.05285148077907608	false	0.5
schmerzen	neg 1.0		__DUMMY__ 0.8775753930386802 off 0.06515091078491532 neg 0.05727369617640454	false	0.5
schrumpfen	neg 1.0		__DUMMY__ 0.8838334719434012 off 0.05859861067562647 neg 0.057567917380972326	false	0.5
geistlos	off 1.0		__DUMMY__ 0.8741527790794752 off 0.0703064918280315 neg 0.05554072909249329	false	1.0
fehlkauf	neg 1.0		__DUMMY__ 0.8755844518779132 off 0.06961637294018116 neg 0.054799175181905496	false	0.5
frustrierend	neg 1.0		__DUMMY__ 0.8744304671114826 off 0.07086988258149188 neg 0.054699650307025435	false	0.5
unzufrieden	neg 1.0		__DUMMY__ 0.8804191714834136 off 0.06471159182462202 neg 0.054869236691964376	false	0.5
verzweifeln	neg 1.0		__DUMMY__ 0.8794766707184904 off 0.06592501939875163 neg 0.05459830988275791	false	0.5
verzweifelt	neg 1.0		__DUMMY__ 0.8762229574583075 off 0.06829584194503148 neg 0.05548120059666108	false	0.5
misstrauensantrag	neg 1.0		__DUMMY__ 0.875763672426233 off 0.06883708680037393 neg 0.055399240773393095	false	0.5
abfallen	neg 1.0		__DUMMY__ 0.8773997832284067 off 0.06670248272662883 neg 0.05589773404496449	false	0.5
fucker	off 1.0		__DUMMY__ 0.8712369981303506 off 0.0756438067560338 neg 0.053119195113615555	false	1.0
ungezogen	neg 1.0		__DUMMY__ 0.8639777873319038 off 0.08277552408593791 neg 0.05324668858215831	false	0.5
irrsinnig	neg 1.0	neg 1.0	neg 0.5118461922705214 __DUMMY__ 0.43658077358357655 off 0.05157303414590199	false	1.0
unfassbar	neg 1.0		__DUMMY__ 0.8734031340767302 off 0.07305378158188067 neg 0.05354308434138916	false	0.5
hart	neg 1.0		__DUMMY__ 0.8702591847419319 off 0.07316457033626203 neg 0.05657624492180599	false	0.5
widerlich	off 1.0		__DUMMY__ 0.8722939834736374 off 0.07365225314929086 neg 0.054053763377071795	false	1.0
fatal	neg 1.0	neg 1.0	neg 0.5138578108579339 __DUMMY__ 0.4332146808587594 off 0.05292750828330665	false	1.0
bruch	neg 1.0		__DUMMY__ 0.8844662924053882 off 0.06010673819725609 neg 0.05542696939735576	false	0.5
aushungern	neg 1.0		__DUMMY__ 0.8780909750601569 off 0.06594962507254405 neg 0.05595939986729911	false	0.5
anspannung	neg 1.0		__DUMMY__ 0.8891201780755622 off 0.057975023463073365 neg 0.05290479846136436	false	0.5
von			__DUMMY__ 0.8840089929841035 off 0.061255515490706465 neg 0.05473549152519006	false	0.0
kraftlos	neg 1.0		__DUMMY__ 0.8804645456615203 off 0.0639615697130802 neg 0.055573884625399535	false	0.5
vom			__DUMMY__ 0.8934806834016836 off 0.05505201433122389 neg 0.051467302267092424	false	0.0
grenzdebil	off 1.0		__DUMMY__ 0.8717066004364075 off 0.07332702222548887 neg 0.05496637733810364	false	1.0
vor			__DUMMY__ 0.884729759266797 off 0.06033032084084786 neg 0.054939919892355166	false	0.0
unterwerfen	neg 1.0		__DUMMY__ 0.8826372769036972 off 0.06371758975321415 neg 0.0536451333430887	false	0.5
versenkung	neg 1.0		__DUMMY__ 0.8830844090197361 off 0.0632488945350122 neg 0.053666696445251835	false	0.5
entziehen	neg 1.0		__DUMMY__ 0.8839453746272156 off 0.061240531028791456 neg 0.05481409434399298	false	0.5
finanzkrise	neg 1.0		__DUMMY__ 0.8717455404234183 off 0.06665160556802528 neg 0.061602854008556356	false	0.5
schimpfend	neg 1.0		__DUMMY__ 0.8797431864290604 off 0.06725156740347664 neg 0.05300524616746296	false	0.5
profan	neg 1.0		__DUMMY__ 0.8753231461938252 off 0.06928596933074636 neg 0.05539088447542847	false	0.5
korruption	neg 1.0		__DUMMY__ 0.8776086478888409 off 0.06521905645217263 neg 0.057172295658986516	false	0.5
â			__DUMMY__ 0.8812274895114128 off 0.06396302865780346 neg 0.054809481830783664	false	0.0
schmutzig	neg 1.0		__DUMMY__ 0.8714351476525413 off 0.07346041113821539 neg 0.05510444120924336	false	0.5
sexy	neg 1.0		__DUMMY__ 0.8758619933697118 off 0.07082855328269737 neg 0.053309453347590845	false	0.5
abraten	neg 1.0		__DUMMY__ 0.8773885900464012 off 0.0687549594815272 neg 0.05385645047207151	false	0.5
schwarz	neg 1.0		__DUMMY__ 0.8769311470725585 off 0.06925323552437627 neg 0.05381561740306523	false	0.5
fotze	off 1.0	off 1.0	off 0.5192120241888748 __DUMMY__ 0.44020698330561353 neg 0.040580992505511754	false	1.0
verwirren	neg 1.0		__DUMMY__ 0.8758305872479574 off 0.06961177125034847 neg 0.054557641501694114	false	0.5
zahnlos	off 1.0		__DUMMY__ 0.8795457572307244 off 0.06571802648109445 neg 0.05473621628818125	false	1.0
verheeren	neg 1.0		__DUMMY__ 0.8629986298496538 off 0.08430658014512113 neg 0.05269479000522501	false	0.5
hippie	neg 1.0		__DUMMY__ 0.8754592544577243 off 0.07056405113286708 neg 0.053976694409408596	false	0.5
rammen	neg 1.0		__DUMMY__ 0.8797160246074716 off 0.06703501224506829 neg 0.053248963147460256	false	0.5
unlauter	neg 1.0		__DUMMY__ 0.8754161013194309 off 0.06913457471576412 neg 0.05544932396480495	false	0.5
unheilvoll	neg 1.0		__DUMMY__ 0.8767106499863806 off 0.06777698624101416 neg 0.05551236377260521	false	0.5
niedrig	neg 1.0		__DUMMY__ 0.879013154474396 off 0.06373412478622863 neg 0.05725272073937533	false	0.5
explosion	neg 1.0		__DUMMY__ 0.8761904601699556 off 0.07036130895435917 neg 0.05344823087568521	false	0.5
weichei	off 1.0	off 1.0	off 0.5296312651546153 __DUMMY__ 0.42755862080031226 neg 0.042810114045072394	false	1.0
minusmensch	off 1.0		__DUMMY__ 0.862814339742364 off 0.08431669758096495 neg 0.05286896267667104	false	1.0
farblos	neg 1.0		__DUMMY__ 0.8780514719231267 off 0.06765684258258986 neg 0.05429168549428338	false	0.5
unwissend	neg 1.0	neg 1.0	neg 0.51182095692255 __DUMMY__ 0.43361700060760755 off 0.05456204246984234	false	1.0
traurig	neg 1.0		__DUMMY__ 0.8710282517231138 off 0.07562903240198994 neg 0.053342715874896154	false	0.5
senkung	neg 1.0		__DUMMY__ 0.870871055831759 off 0.06980518773385853 neg 0.05932375643438256	false	0.5
ungleich	neg 1.0	neg 1.0	neg 0.5120652026183373 __DUMMY__ 0.43957350971317727 off 0.048361287668485374	false	1.0
heikel	neg 1.0		__DUMMY__ 0.8822832480359843 off 0.06264017315986517 neg 0.05507657880415053	false	0.5
drosselung	neg 1.0		__DUMMY__ 0.8690785124136895 off 0.07338262861611788 neg 0.057538858970192674	false	0.5
falsch	neg 1.0		__DUMMY__ 0.8756006454103235 off 0.0710237112705569 neg 0.05337564331911955	false	0.5
unzufriedenheit	neg 1.0		__DUMMY__ 0.880875884950693 off 0.06253486414902179 neg 0.05658925090028508	false	0.5
kurz	neg 1.0		__DUMMY__ 0.8819131560499304 off 0.0645265383081235 neg 0.053560305641946186	false	0.5
unsinnig	neg 1.0		__DUMMY__ 0.8775105284514271 off 0.06618596617519812 neg 0.056303505373374786	false	0.5
penner	off 1.0	off 1.0	off 0.531152083497252 __DUMMY__ 0.4271358548921988 neg 0.041712061610549245	false	1.0
seicht	neg 1.0		__DUMMY__ 0.8612963697678788 off 0.08224579065777256 neg 0.0564578395743486	false	0.5
dummheit	off 1.0	off 1.0	off 0.5231883556761018 __DUMMY__ 0.4344531905056566 neg 0.04235845381824165	false	1.0
unerfreulich	neg 1.0		__DUMMY__ 0.882844414424351 off 0.06227257899098193 neg 0.05488300658466697	false	0.5
motherfucker	off 1.0	off 1.0	off 0.5270257727998356 __DUMMY__ 0.43206142906369244 neg 0.04091279813647198	false	1.0
pikiert	neg 1.0		__DUMMY__ 0.8720706575568694 off 0.07253220761381775 neg 0.05539713482931288	false	0.5
wrack	neg 1.0		__DUMMY__ 0.8866483958067908 off 0.0644896774287219 neg 0.0488619267644874	false	0.5
gangster	neg 1.0		__DUMMY__ 0.8751577020367144 off 0.07073607564317724 neg 0.05410622232010824	false	0.5
krank	neg 1.0		__DUMMY__ 0.8731150222768933 off 0.0731789274827639 neg 0.053706050240342716	false	0.5
reich	neg 1.0		__DUMMY__ 0.8702175901645127 off 0.07106418889351448 neg 0.058718220941972765	false	0.5
gnadenlos	neg 1.0		__DUMMY__ 0.8782549515499559 off 0.0680393999640782 neg 0.05370564848596589	false	0.5
niedergeschlagen	neg 1.0		__DUMMY__ 0.8817859277893513 off 0.06422712865476611 neg 0.053986943555882495	false	0.5
terrorisieren	off 1.0	off 1.0	off 0.5179566308339978 __DUMMY__ 0.4404020932741102 neg 0.041641275891891955	false	1.0
sinnlosigkeit	neg 1.0		__DUMMY__ 0.8801419174097327 off 0.06517635914910203 neg 0.05468172344116527	false	0.5
behindern	neg 1.0		__DUMMY__ 0.878231678435802 off 0.0665671530628278 neg 0.055201168501370135	false	0.5
undemokratisch	neg 1.0		__DUMMY__ 0.8750853715511404 off 0.06964745870424104 neg 0.055267169744618524	false	0.5
wirtschaftskrise	neg 1.0		__DUMMY__ 0.8767760801165236 off 0.0648330428070578 neg 0.05839087707641849	false	0.5
neid	neg 1.0		__DUMMY__ 0.874794384122714 off 0.07011380815321519 neg 0.055091807724070865	false	0.5
rutschen	neg 1.0		__DUMMY__ 0.8876297635486208 off 0.05733965882220276 neg 0.05503057762917653	false	0.5
rezession	neg 1.0		__DUMMY__ 0.8640848864095739 off 0.07605247509571096 neg 0.059862638494715015	false	0.5
fehlgeburt	neg 1.0		__DUMMY__ 0.8798553631593552 off 0.06682080872798699 neg 0.05332382811265788	false	0.5
charakterschwach	off 1.0		__DUMMY__ 0.8720547408019899 off 0.07322054160337221 neg 0.054724717594637824	false	1.0
isolation	neg 1.0		__DUMMY__ 0.8762616075578306 off 0.07086241361542338 neg 0.05287597882674611	false	0.5
ablenkung	neg 1.0		__DUMMY__ 0.8796980359410227 off 0.06653733010355914 neg 0.0537646339554182	false	0.5
pech	neg 1.0		__DUMMY__ 0.8739125140046096 off 0.07086191284718887 neg 0.055225573148201666	false	0.5
vermeidung	neg 1.0		__DUMMY__ 0.8712233534002672 off 0.07320419050311924 neg 0.05557245609661352	false	0.5
dominieren	neg 1.0		__DUMMY__ 0.8803857074822516 off 0.06538937934016621 neg 0.05422491317758217	false	0.5
schwindlig	neg 1.0		__DUMMY__ 0.8759857099284708 off 0.06844602938331425 neg 0.05556826068821495	false	0.5
lutscher	neg 1.0		__DUMMY__ 0.8602029437771277 off 0.0838190180780453 neg 0.055978038144826985	false	0.5
pflicht	neg 1.0		__DUMMY__ 0.8845614764057208 off 0.06140045963939485 neg 0.054038063954884225	false	0.5
faschist	off 1.0		__DUMMY__ 0.8751639090265775 off 0.07112919692828439 neg 0.05370689404513807	false	1.0
verschleudern	neg 1.0		__DUMMY__ 0.8771813478330437 off 0.06344628036025805 neg 0.059372371806698326	false	0.5
wenn			__DUMMY__ 0.8732868810452251 off 0.07184581028400662 neg 0.05486730867076826	false	0.0
ehebruch	neg 1.0		__DUMMY__ 0.8803974396516859 off 0.06427829550833453 neg 0.05532426483997953	false	0.5
spott	off 1.0		__DUMMY__ 0.8823129086301477 off 0.06415935021609671 neg 0.053527741153755616	false	1.0
trostlosigkeit	neg 1.0		__DUMMY__ 0.8819788126716841 off 0.061258640785551266 neg 0.056762546542764504	false	0.5
lutschen	neg 1.0		__DUMMY__ 0.875824451622464 off 0.07123604955776972 neg 0.05293949881976623	false	0.5
undiszipliniert	neg 1.0		__DUMMY__ 0.8709980972045709 off 0.07482546803691077 neg 0.0541764347585183	false	0.5
kopfschmerz	neg 1.0		__DUMMY__ 0.877651785216234 off 0.06312726106081858 neg 0.059220953722947396	false	0.5
unvorhergesehen	neg 1.0		__DUMMY__ 0.8849075381006488 off 0.060920050191501054 neg 0.054172411707850046	false	0.5
desinteressiert	neg 1.0		__DUMMY__ 0.8712544201991617 off 0.0742941999142758 neg 0.0544513798865625	false	0.5
armselig	off 1.0		__DUMMY__ 0.8697757284266524 off 0.07671485666303879 neg 0.05350941491030876	false	1.0
desaster	neg 1.0		__DUMMY__ 0.8826608213667705 off 0.06082340912122599 neg 0.05651576951200352	false	0.5
tod	neg 1.0		__DUMMY__ 0.8828426334910191 off 0.06287750999097806 neg 0.05427985651800274	false	0.5
herzlos	neg 1.0		__DUMMY__ 0.8697892841144595 off 0.07604031091552518 neg 0.054170404970015164	false	0.5
unwissenheit	neg 1.0		__DUMMY__ 0.8802259234668801 off 0.06483661360785913 neg 0.054937462925260826	false	0.5
widersinnig	neg 1.0		__DUMMY__ 0.876071879653095 off 0.06636749153433852 neg 0.05756062881256648	false	0.5
bedenklich	neg 1.0		__DUMMY__ 0.8801483518392177 off 0.06397577218763809 neg 0.055875875973144244	false	0.5
beanstanden	neg 1.0		__DUMMY__ 0.8848473898418547 off 0.06201102926036967 neg 0.0531415808977756	false	0.5
panisch	neg 1.0		__DUMMY__ 0.8775991716522494 off 0.06852917100333486 neg 0.05387165734441575	false	0.5
debil	off 1.0		__DUMMY__ 0.890415775904103 off 0.055262822075853306 neg 0.0543214020200436	false	1.0
abstrich	neg 1.0		__DUMMY__ 0.8811900287210366 off 0.06448261883161309 neg 0.0543273524473503	false	0.5
primitiv	neg 1.0		__DUMMY__ 0.8716038288744997 off 0.07454637657793015 neg 0.053849794547570023	false	0.5
abschaum	off 1.0	off 1.0	off 0.525343475490259 __DUMMY__ 0.43477920533052594 neg 0.03987731917921509	false	1.0
provozieren	neg 1.0		__DUMMY__ 0.8768922957456422 off 0.06804080359901024 neg 0.055066900655347584	false	0.5
tot	neg 1.0		__DUMMY__ 0.8814466081495265 off 0.0643427425917444 neg 0.05421064925872913	false	0.5
instabil	neg 1.0		__DUMMY__ 0.8673044356160275 off 0.07688198515974556 neg 0.05581357922422697	false	0.5
schwuchtel	off 1.0	off 1.0	off 0.536993088105301 __DUMMY__ 0.42217780010621414 neg 0.04082911178848481	false	1.0
zerren	neg 1.0		__DUMMY__ 0.8815062855337144 off 0.06430148550997646 neg 0.05419222895630915	false	0.5
kinderficker	off 1.0		__DUMMY__ 0.8674094008862252 off 0.07908801227820055 neg 0.053502586835574226	false	1.0
gefahr	neg 1.0		__DUMMY__ 0.8841760108062536 off 0.061831901298066726 neg 0.05399208789567962	false	0.5
rabiat	neg 1.0		__DUMMY__ 0.8777287033726139 off 0.06617665241281503 neg 0.05609464421457112	false	0.5
verlangsamung	neg 1.0		__DUMMY__ 0.8642817200306576 off 0.08083662951528742 neg 0.05488165045405502	false	0.5
ausgestorben	neg 1.0		__DUMMY__ 0.8802336582284912 off 0.06575331856721935 neg 0.054013023204289405	false	0.5
anklagen	neg 1.0		__DUMMY__ 0.8800653240459937 off 0.06552065113513118 neg 0.054414024818875015	false	0.5
trott	neg 1.0		__DUMMY__ 0.8787961955769622 off 0.06682136446006899 neg 0.05438243996296875	false	0.5
verminderung	neg 1.0		__DUMMY__ 0.8712121166618729 off 0.07319931914870854 neg 0.05558856418941845	false	0.5
nach			__DUMMY__ 0.8904138165782128 off 0.05617531881701568 neg 0.05341086460477146	false	0.0
rost	neg 1.0		__DUMMY__ 0.8679434769508606 off 0.0819532844408692 neg 0.05010323860827022	false	0.5
destruktiv	neg 1.0		__DUMMY__ 0.8775960606503983 off 0.06693596256058214 neg 0.055467976789019616	false	0.5
unzumutbarkeit	neg 1.0		__DUMMY__ 0.8740103336519185 off 0.07328281911749357 neg 0.05270684723058793	false	0.5
labil	off 1.0	off 1.0	off 0.5247781705482013 __DUMMY__ 0.43396802201407064 neg 0.041253807437728114	false	1.0
ziemlich	neg 1.0		__DUMMY__ 0.8742557910046842 off 0.07269478679705604 neg 0.053049422198259685	false	0.5
lachnummer	off 1.0		__DUMMY__ 0.8784894990622315 off 0.06768950879705701 neg 0.05382099214071137	false	1.0
oder			__DUMMY__ 0.8790500097816191 off 0.06722799068267453 neg 0.05372199953570637	false	0.0
verfall	neg 1.0		__DUMMY__ 0.8842576184050617 off 0.05870697728303471 neg 0.057035404311903556	false	0.5
ausgrenzung	neg 1.0		__DUMMY__ 0.8751027707861928 off 0.06952198377192179 neg 0.05537524544188549	false	0.5
unordnung	neg 1.0		__DUMMY__ 0.8702612681165094 off 0.07726302001766182 neg 0.05247571186582889	false	0.5
fehlverhalten	neg 1.0		__DUMMY__ 0.8821279771531101 off 0.06318078024484831 neg 0.054691242602041494	false	0.5
eine			__DUMMY__ 0.8831782439516939 off 0.06083066548205201 neg 0.05599109056625414	false	0.0
nille	neg 1.0		__DUMMY__ 0.8794035285663199 off 0.06738249058233639 neg 0.053213980851343705	false	0.5
qual	neg 1.0		__DUMMY__ 0.8787875175868415 off 0.06651225821199129 neg 0.054700224201167234	false	0.5
verschwenden	neg 1.0		__DUMMY__ 0.880334495295119 off 0.0626554879853489 neg 0.057010016719532125	false	0.5
riesig	neg 1.0		__DUMMY__ 0.8836640879976247 off 0.06280947839161188 neg 0.053526433610763396	false	0.5
verurteilen	neg 1.0		__DUMMY__ 0.8799215805234392 off 0.06537858689178257 neg 0.054699832584778244	false	0.5
klischee	neg 1.0	neg 1.0	neg 0.5124903373385394 __DUMMY__ 0.4335608218746888 off 0.05394884078677171	false	1.0
diktatorisch	neg 1.0		__DUMMY__ 0.8752005729653788 off 0.06979573391388913 neg 0.055003693120732014	false	0.5
vorhersehbar	neg 1.0		__DUMMY__ 0.8741952995189357 off 0.07028563035845699 neg 0.0555190701226073	false	0.5
sowie			__DUMMY__ 0.8660914114575147 off 0.07830757434745754 neg 0.05560101419502777	false	0.0
stornieren	neg 1.0		__DUMMY__ 0.8810561422202524 off 0.06965407963515632 neg 0.04928977814459124	false	0.5
besteuerung	neg 1.0	neg 1.0	neg 0.5150929946768849 __DUMMY__ 0.4334688988728416 off 0.05143810645027355	false	1.0
ungeschminkt	neg 1.0		__DUMMY__ 0.8721476967725839 off 0.07415217491347531 neg 0.053700128313940804	false	0.5
kritisch	neg 1.0		__DUMMY__ 0.8803926751304652 off 0.06490917030258792 neg 0.054698154566946905	false	0.5
schlamperei	off 1.0		__DUMMY__ 0.881759858503017 off 0.06356013165634733 neg 0.054680009840635806	false	1.0
sucht	neg 1.0	neg 1.0	neg 0.5093673098634177 __DUMMY__ 0.4391708948984915 off 0.0514617952380908	false	1.0
egoistisch	off 1.0	off 1.0	off 0.5295663432137259 __DUMMY__ 0.430313970456627 neg 0.040119686329647256	false	1.0
ausbeuter	off 1.0		__DUMMY__ 0.8796508929265962 off 0.06293435381660303 neg 0.05741475325680089	false	1.0
arschgeburt	off 1.0		__DUMMY__ 0.8574575021945611 off 0.08834162224080913 neg 0.054200875564629825	false	1.0
schubs	neg 1.0		__DUMMY__ 0.8792509118636411 off 0.0633365176393017 neg 0.05741257049705714	false	0.5
unsolide	neg 1.0		__DUMMY__ 0.8753363325856786 off 0.07007559408265439 neg 0.05458807333166709	false	0.5
beschwerde	neg 1.0		__DUMMY__ 0.8808389165586265 off 0.06514999929027693 neg 0.054011084151096615	false	0.5
stocken	neg 1.0		__DUMMY__ 0.881110428076785 off 0.06402816236906746 neg 0.05486140955414756	false	0.5
isolieren	neg 1.0		__DUMMY__ 0.8786395808108788 off 0.06506357256785814 neg 0.056296846621263164	false	0.5
unheilbar	neg 1.0		__DUMMY__ 0.8777808754594053 off 0.06720888869734605 neg 0.0550102358432487	false	0.5
pisser	off 1.0	off 1.0	off 0.5275850142424623 __DUMMY__ 0.43292616274493934 neg 0.03948882301259837	false	1.0
löschen	neg 1.0		__DUMMY__ 0.8781875602234878 off 0.06756406698313136 neg 0.05424837279338088	false	0.5
durchfallen	neg 1.0		__DUMMY__ 0.8808663455837591 off 0.06456694775023672 neg 0.054566706666004106	false	0.5
wichser	off 1.0	off 1.0	off 0.5336429476822446 __DUMMY__ 0.4249865528728277 neg 0.041370499444927634	false	1.0
terror	neg 1.0		__DUMMY__ 0.8759963063538614 off 0.07014267459129435 neg 0.053861019054844216	false	0.5
krass	neg 1.0		__DUMMY__ 0.8687665241723408 off 0.0774709000016074 neg 0.05376257582605188	false	0.5
revolte	neg 1.0		__DUMMY__ 0.8713736075941341 off 0.07114241294046843 neg 0.05748397946539747	false	0.5
besorgt	neg 1.0		__DUMMY__ 0.8821115939671255 off 0.06483405573182817 neg 0.05305435030104639	false	0.5
nachlassen	neg 1.0		__DUMMY__ 0.8828239875855557 off 0.06370693362622255 neg 0.05346907878822174	false	0.5
alt	neg 1.0		__DUMMY__ 0.876302239264675 off 0.06293153917087374 neg 0.060766221564451287	false	0.5
hundesohn	off 1.0	off 1.0	off 0.5330798127977237 __DUMMY__ 0.426301014184435 neg 0.040619173017841397	false	1.0
als			__DUMMY__ 0.8790565549411264 off 0.06492246871158926 neg 0.056020976347284354	false	0.0
abschreckung	neg 1.0		__DUMMY__ 0.8819500309998985 off 0.06235722669862643 neg 0.055692742301475015	false	0.5
unqualifiziert	neg 1.0		__DUMMY__ 0.8744829792827135 off 0.07172133902586804 neg 0.053795681691418504	false	0.5
abgewichst	off 1.0		__DUMMY__ 0.8798320151518684 off 0.06654479862295487 neg 0.053623186225176804	false	1.0
schwer	neg 1.0		__DUMMY__ 0.878075881810688 off 0.06638363640437955 neg 0.055540481784932545	false	0.5
bedeutungslosigkeit	neg 1.0		__DUMMY__ 0.8818294127299219 off 0.06286656778047918 neg 0.055304019489598975	false	0.5
kapitulation	neg 1.0		__DUMMY__ 0.8787716838265764 off 0.06465048755895902 neg 0.056577828614464525	false	0.5
unscharf	neg 1.0		__DUMMY__ 0.8723534806685319 off 0.06859793346274606 neg 0.0590485858687221	false	0.5
schwinden	neg 1.0		__DUMMY__ 0.8801683824330251 off 0.06288105771026298 neg 0.056950559856711894	false	0.5
versklavung	neg 1.0	neg 1.0	neg 0.5126957027365442 __DUMMY__ 0.4349584431768293 off 0.05234585408662648	false	1.0
schlecht	neg 1.0		__DUMMY__ 0.8744357749060848 off 0.07289045351108706 neg 0.05267377158282812	false	0.5
verhasst	neg 1.0		__DUMMY__ 0.8762739055664642 off 0.06876576080498846 neg 0.05496033362854734	false	0.5
beschweren	neg 1.0		__DUMMY__ 0.8777738436085013 off 0.06894830393211576 neg 0.05327785245938294	false	0.5
scheiden	neg 1.0		__DUMMY__ 0.877612549138015 off 0.06656786610873013 neg 0.05581958475325486	false	0.5
frustriert	neg 1.0		__DUMMY__ 0.8798797534308279 off 0.06562441909838584 neg 0.054495827470786164	false	0.5
schimmelig	neg 1.0		__DUMMY__ 0.8788982137090996 off 0.06332766981290287 neg 0.0577741164779976	false	0.5
fisch	neg 1.0		__DUMMY__ 0.8798791302232757 neg 0.06012336814206479 off 0.0599975016346596	false	1.0
schmuggel	neg 1.0		__DUMMY__ 0.8856513545430842 off 0.06096987926329213 neg 0.05337876619362364	false	0.5
auffallen	neg 1.0		__DUMMY__ 0.8761632089528612 off 0.06935648930980101 neg 0.05448030173733781	false	0.5
konkurrenz	neg 1.0		__DUMMY__ 0.8833425514921351 off 0.062387773350694654 neg 0.054269675157170155	false	0.5
teufelskreis	neg 1.0	neg 1.0	neg 0.5141045667212548 __DUMMY__ 0.43558192425230574 off 0.05031350902643934	false	1.0
aufschreien	neg 1.0		__DUMMY__ 0.87453277565463 off 0.07007820809673142 neg 0.055389016248638664	false	0.5
schuldner	neg 1.0		__DUMMY__ 0.8786230418335824 off 0.06263731547141978 neg 0.05873964269499772	false	0.5
missgeburt	off 1.0	off 1.0	off 0.5315616915485212 __DUMMY__ 0.4302644505003439 neg 0.038173857951134905	false	1.0
arbeitslos	neg 1.0		__DUMMY__ 0.8806229079649628 off 0.06455344631280847 neg 0.05482364572222879	false	0.5
befallen	neg 1.0		__DUMMY__ 0.8756011527155126 off 0.06612707894978113 neg 0.058271768334706105	false	0.5
miesepetrig	off 1.0	off 1.0	off 0.5243716389567654 __DUMMY__ 0.43395066439213426 neg 0.04167769665110036	false	1.0
alarmieren	neg 1.0		__DUMMY__ 0.8746233315782506 off 0.07217387057290911 neg 0.05320279784884026	false	0.5
ungeduscht	off 1.0		__DUMMY__ 0.8738778089872071 off 0.07097101342557785 neg 0.055151177587215064	false	1.0
knappheit	neg 1.0		__DUMMY__ 0.8772979497121896 off 0.0648439374314495 neg 0.05785811285636088	false	0.5
schlange	neg 1.0		__DUMMY__ 0.8782905726940731 off 0.06710532237245534 neg 0.05460410493347158	false	0.5
harsch	neg 1.0		__DUMMY__ 0.8726001616413184 off 0.07710050483233385 neg 0.05029933352634773	false	0.5
lang	neg 1.0		__DUMMY__ 0.8776193307292677 off 0.06834803330274025 neg 0.05403263596799213	false	0.5
ziellos	neg 1.0		__DUMMY__ 0.882735456151066 off 0.0627621155019086 neg 0.054502428347025504	false	0.5
selbstverliebt	neg 1.0		__DUMMY__ 0.8620861883501025 off 0.08513265182074674 neg 0.052781159829150694	false	0.5
beseitigen	neg 1.0		__DUMMY__ 0.881472056544672 off 0.06677351688603135 neg 0.051754426569296776	false	0.5
dumm	off 1.0		__DUMMY__ 0.8663275353577605 off 0.0798312625729489 neg 0.05384120206929058	false	1.0
arbeitsloser	neg 1.0		__DUMMY__ 0.8842617191601934 off 0.06469808109960933 neg 0.05104019974019731	false	0.5
blitzen	neg 1.0		__DUMMY__ 0.874958622724079 off 0.07115143488042494 neg 0.0538899423954961	false	0.5
hilflos	neg 1.0		__DUMMY__ 0.880321066421205 off 0.06448011316716663 neg 0.05519882041162834	false	0.5
eklig	off 1.0		__DUMMY__ 0.8641503832335553 off 0.08020333926961788 neg 0.05564627749682672	false	1.0
begriff			__DUMMY__ 0.8789141467316286 off 0.06663810880962613 neg 0.054447744458745256	false	0.0
hungersnot	neg 1.0		__DUMMY__ 0.8777792336518574 off 0.06487598334843768 neg 0.05734478299970497	false	0.5
ungesetzlich	neg 1.0		__DUMMY__ 0.8744475770292849 off 0.06987569786355556 neg 0.055676725107159625	false	0.5
verschwendung	neg 1.0		__DUMMY__ 0.8816364958027934 off 0.06270725269164291 neg 0.05565625150556369	false	0.5
schmerzvoll	neg 1.0		__DUMMY__ 0.8758170348818041 off 0.06848858624642998 neg 0.055694378871766016	false	0.5
vorzeitig	neg 1.0		__DUMMY__ 0.8763650862427492 off 0.0722775608144935 neg 0.05135735294275732	false	0.5
unvollkommenheit	neg 1.0		__DUMMY__ 0.8808732733700453 off 0.06528790645670524 neg 0.053838820173249397	false	0.5
intervenieren	neg 1.0		__DUMMY__ 0.879012383493794 off 0.06357592366203757 neg 0.057411692844168485	false	0.5
banause	off 1.0		__DUMMY__ 0.8602872423028864 off 0.0818005457719871 neg 0.05791221192512645	false	1.0
rebell	neg 1.0		__DUMMY__ 0.8829656930626808 off 0.05854272267586588 neg 0.05849158426145337	false	0.5
unlogisch	neg 1.0		__DUMMY__ 0.8705894320538684 off 0.07546944431419496 neg 0.05394112363193666	false	0.5
leiden	neg 1.0		__DUMMY__ 0.8867053228891819 off 0.061014828084660765 neg 0.05227984902615732	false	0.5
abschaffung	neg 1.0		__DUMMY__ 0.875602580853909 off 0.06826112773129497 neg 0.05613629141479611	false	0.5
sturz	neg 1.0		__DUMMY__ 0.8812667239877091 off 0.06914078960425434 neg 0.049592486408036554	false	0.5
verkleinerung	neg 1.0		__DUMMY__ 0.870773524987705 off 0.07151249973096385 neg 0.057713975281331195	false	0.5
schmarotzer	off 1.0		__DUMMY__ 0.8791583416567487 off 0.0655031771979445 neg 0.05533848114530685	false	1.0
bestrafung	neg 1.0	neg 1.0	neg 0.5108938084986089 __DUMMY__ 0.43783204288711625 off 0.05127414861427491	false	1.0
achtlos	neg 1.0		__DUMMY__ 0.8796935576247803 off 0.06547990593434402 neg 0.05482653644087569	false	0.5
ungeheuer	neg 1.0		__DUMMY__ 0.8756914021863169 off 0.06720887926218003 neg 0.05709971855150312	false	0.5
unaufrichtig	neg 1.0		__DUMMY__ 0.8753005522704459 off 0.07164773685592439 neg 0.05305171087362979	false	0.5
