unsolidarisch	neg 1.0		off 0.5249431857927427 neg 0.4341974265098527 __DUMMY__ 0.0408593876974045	false	0.5
nachteilig	neg 1.0		off 0.5243471503939525 neg 0.4342278557609485 __DUMMY__ 0.04142499384509892	false	0.5
skeptisch	neg 1.0		off 0.5220511091941047 neg 0.436560721737664 __DUMMY__ 0.04138816906823136	false	0.5
schrecklich	neg 1.0		off 0.5331978970231056 neg 0.4263233503194135 __DUMMY__ 0.04047875265748095	false	0.5
schlapp	neg 1.0	neg 1.0	neg 0.6988066634228771 off 0.2818382626293579 __DUMMY__ 0.019355073947765016	false	1.0
abfall	neg 1.0		off 0.5199813386107338 neg 0.4383872501105988 __DUMMY__ 0.04163141127866742	false	0.5
widerspenstig	neg 1.0		off 0.5238183829045413 neg 0.4352145299236065 __DUMMY__ 0.04096708717185223	false	0.5
abrupt	neg 1.0		off 0.5199645952440702 neg 0.4387912800589898 __DUMMY__ 0.041244124696940034	false	0.5
unwirksam	neg 1.0		off 0.5218303375286794 neg 0.43755576284735925 __DUMMY__ 0.0406138996239614	false	0.5
angreifen	neg 1.0		off 0.5212821220549584 neg 0.4373154695794995 __DUMMY__ 0.041402408365542175	false	0.5
inkonsistent	neg 1.0		off 0.5267206100407877 neg 0.4325165306186425 __DUMMY__ 0.040762859340569835	false	0.5
abrutschen	neg 1.0		off 0.5189957992880322 neg 0.43941842758904043 __DUMMY__ 0.041585773122927445	false	0.5
unsicher	neg 1.0		off 0.5262120204410424 neg 0.43264385225873103 __DUMMY__ 0.04114412730022655	false	0.5
bauernkind	off 1.0	off 1.0	off 0.752780208895855 neg 0.22822049887426266 __DUMMY__ 0.018999292229882475	false	1.0
angreifer	neg 1.0		off 0.5318611291796808 neg 0.42703328010351804 __DUMMY__ 0.04110559071680123	false	0.5
trennen	neg 1.0		off 0.5216056650640485 neg 0.4369308378069892 __DUMMY__ 0.041463497128962405	false	0.5
schmutz	neg 1.0		off 0.5317469150796407 neg 0.42705335941148953 __DUMMY__ 0.0411997255088698	false	0.5
inkonsistenz	neg 1.0		off 0.5301682950302118 neg 0.4290538308745094 __DUMMY__ 0.04077787409527894	false	0.5
erschreckend	neg 1.0		off 0.5250273138891011 neg 0.43385449574949425 __DUMMY__ 0.04111819036140478	false	0.5
ertrinken	neg 1.0		off 0.5197614751804766 neg 0.43891720839657833 __DUMMY__ 0.04132131642294521	false	0.5
pickelface	off 1.0		off 0.5270565721167444 neg 0.4318397132636893 __DUMMY__ 0.04110371461956618	false	1.0
seiner			off 0.5222439219117648 neg 0.43631740613279263 __DUMMY__ 0.04143867195544258	false	0.0
lauch	neg 1.0	neg 1.0	neg 0.7033046586435298 off 0.27685213609313425 __DUMMY__ 0.019843205263336	false	1.0
unwichtig	neg 1.0		off 0.5297777509901239 neg 0.42946842077777286 __DUMMY__ 0.04075382823210319	false	0.5
steuerhinterziehung	neg 1.0		off 0.5241047468946346 neg 0.43489099078584414 __DUMMY__ 0.041004262319521284	false	0.5
schock	neg 1.0		off 0.5241111738514883 neg 0.43472723878786107 __DUMMY__ 0.0411615873606506	false	0.5
beule	neg 1.0		off 0.530598703002905 neg 0.4289112840843378 __DUMMY__ 0.04049001291275719	false	0.5
vergelten	neg 1.0		off 0.5355035694734007 neg 0.4239536889390517 __DUMMY__ 0.04054274158754757	false	0.5
verdorbenheit	neg 1.0		off 0.5272164094441693 neg 0.4317522808819208 __DUMMY__ 0.041031309673910006	false	0.5
trauma	neg 1.0		off 0.5264634604750174 neg 0.43259903409229783 __DUMMY__ 0.04093750543268471	false	0.5
sinnlos	neg 1.0		off 0.5274176213879136 neg 0.4316292795250698 __DUMMY__ 0.040953099087016484	false	0.5
fettsack	off 1.0	off 1.0	off 0.7542934903075783 neg 0.22666285162152244 __DUMMY__ 0.019043658070899208	false	1.0
feige	off 1.0	off 1.0	off 0.7520633348693138 neg 0.2286152540626788 __DUMMY__ 0.019321411068007357	false	1.0
abdanken	neg 1.0		off 0.5259876141296299 neg 0.43286634057715884 __DUMMY__ 0.04114604529321119	false	0.5
wichtigtuer	off 1.0	off 1.0	off 0.7511158134099819 neg 0.2294035081355295 __DUMMY__ 0.01948067845448851	false	1.0
misslingen	neg 1.0		off 0.5304705254065876 neg 0.4282438636374188 __DUMMY__ 0.04128561095599355	false	0.5
untreu	off 1.0		off 0.530117177678434 neg 0.4292649317560658 __DUMMY__ 0.04061789056550022	false	1.0
missmutig	neg 1.0		off 0.5275202805268437 neg 0.43175529216228536 __DUMMY__ 0.040724427310870885	false	0.5
hurenbock	off 1.0		off 0.5233940092919755 neg 0.4358308244360227 __DUMMY__ 0.04077516627200179	false	1.0
betrunken	neg 1.0		off 0.5315331241253759 neg 0.4279902979441389 __DUMMY__ 0.040476577930485064	false	0.5
korrupt	off 1.0		off 0.5229353198344332 neg 0.43609625575291033 __DUMMY__ 0.040968424412656454	false	1.0
unmut	neg 1.0		off 0.5205261858053074 neg 0.4379764976840099 __DUMMY__ 0.04149731651068269	false	0.5
hackfresse	off 1.0		off 0.5364018597044088 neg 0.4234626168557594 __DUMMY__ 0.04013552343983168	false	1.0
aufblasen	neg 1.0		off 0.5250446293932305 neg 0.43399135336950406 __DUMMY__ 0.04096401723726535	false	0.5
gewaltsam	neg 1.0		off 0.5271172304998717 neg 0.43165298287544074 __DUMMY__ 0.04122978662468758	false	0.5
unbeliebtheit	neg 1.0		off 0.5314851113138577 neg 0.42780297155748603 __DUMMY__ 0.04071191712865623	false	0.5
sturheit	neg 1.0		off 0.5262538699242615 neg 0.43250743296873495 __DUMMY__ 0.04123869710700358	false	0.5
kuh	neg 1.0		off 0.5231116441178185 neg 0.4365364819774824 __DUMMY__ 0.040351873904698916	false	0.5
erschrecken	neg 1.0		off 0.5288849729876639 neg 0.43031385250141685 __DUMMY__ 0.0408011745109191	false	0.5
opfer	neg 1.0		off 0.524552895542764 neg 0.43401401698310715 __DUMMY__ 0.04143308747412896	false	0.5
sinken	neg 1.0		off 0.5193826583784671 neg 0.43930648576438974 __DUMMY__ 0.04131085585714319	false	0.5
stinktier	neg 1.0		off 0.5316048850266633 neg 0.42840138951276957 __DUMMY__ 0.039993725460567287	false	0.5
tucke	off 1.0		off 0.5355902342807852 neg 0.4246581741831724 __DUMMY__ 0.03975159153604229	false	1.0
ein			off 0.522322828534947 neg 0.4368016833764845 __DUMMY__ 0.040875488088568473	false	0.0
abstieg	neg 1.0		off 0.5272501038839499 neg 0.43124989016083937 __DUMMY__ 0.041500005955210736	false	0.5
missverstehen	neg 1.0		off 0.5280568643464828 neg 0.43105840875931667 __DUMMY__ 0.040884726894200606	false	0.5
ergebnislos	neg 1.0		off 0.5249623070153709 neg 0.43354038776085874 __DUMMY__ 0.04149730522377021	false	0.5
unter			off 0.5177994864792478 neg 0.44019738371027395 __DUMMY__ 0.04200312981047839	false	0.0
manipulieren	neg 1.0		off 0.5227061489118615 neg 0.4358961655445951 __DUMMY__ 0.04139768554354335	false	0.5
unbewiesen	neg 1.0		off 0.5261576764038398 neg 0.4329051783705489 __DUMMY__ 0.04093714522561133	false	0.5
verschleppen	neg 1.0		off 0.5230689425380608 neg 0.4357424489485219 __DUMMY__ 0.04118860851341722	false	0.5
weib	off 1.0		off 0.5376084707873363 neg 0.4224557674577348 __DUMMY__ 0.039935761754928786	false	1.0
opposition	neg 1.0		off 0.5257252717316474 neg 0.433455228414689 __DUMMY__ 0.04081949985366353	false	0.5
verkehrswidrig	neg 1.0		off 0.537943794951033 neg 0.42138039591862797 __DUMMY__ 0.04067580913033911	false	0.5
inkorrekt	neg 1.0		off 0.5328712683001667 neg 0.4266585802615581 __DUMMY__ 0.040470151438275294	false	0.5
vermeiden	neg 1.0		off 0.5199087765591708 neg 0.43836837847670185 __DUMMY__ 0.04172284496412738	false	0.5
abweichung	neg 1.0		off 0.5245613612927571 neg 0.43416828471906765 __DUMMY__ 0.041270353988175176	false	0.5
alkoholisiert	neg 1.0		off 0.5248493646588195 neg 0.43350404050153785 __DUMMY__ 0.04164659483964259	false	0.5
scheiss	off 1.0	off 1.0	off 0.752618531760389 neg 0.2281284547008154 __DUMMY__ 0.01925301353879569	false	1.0
herausforderung	neg 1.0		off 0.5237821109063786 neg 0.43497902744255756 __DUMMY__ 0.04123886165106394	false	0.5
pervers	off 1.0		off 0.5398539429860303 neg 0.42032531428487946 __DUMMY__ 0.03982074272909025	false	1.0
wackelig	neg 1.0		off 0.5236224121813314 neg 0.435134363809181 __DUMMY__ 0.04124322400948743	false	0.5
verwickeln	neg 1.0		off 0.5269248475762949 neg 0.43216587337266854 __DUMMY__ 0.040909279051036536	false	0.5
vorwand	neg 1.0		off 0.5211898260298976 neg 0.4373666322845401 __DUMMY__ 0.04144354168556223	false	0.5
muschi	off 1.0		off 0.5269308802236902 neg 0.4318290952260811 __DUMMY__ 0.04124002455022891	false	1.0
entmutigung	neg 1.0		off 0.5247086397650054 neg 0.4346745657533165 __DUMMY__ 0.040616794481678244	false	0.5
unangemessen	neg 1.0		off 0.5251321327455055 neg 0.43368830943907216 __DUMMY__ 0.04117955781542244	false	0.5
unstetig	neg 1.0		off 0.5298942614481317 neg 0.4292518429494454 __DUMMY__ 0.04085389560242279	false	0.5
entmutigen	neg 1.0		off 0.5260314312789396 neg 0.433000850466354 __DUMMY__ 0.04096771825470657	false	0.5
schwanz	neg 1.0		off 0.5245397714319963 neg 0.434161378988922 __DUMMY__ 0.041298849579081774	false	0.5
verbot	neg 1.0		off 0.5235401136929346 neg 0.4353912052324181 __DUMMY__ 0.04106868107464733	false	0.5
leid	neg 1.0		off 0.534324079439646 neg 0.42533088572343075 __DUMMY__ 0.040345034836923255	false	0.5
archaisch	neg 1.0		off 0.5243572767633325 neg 0.4344994914187387 __DUMMY__ 0.04114323181792868	false	0.5
gegen			off 0.5221774973079504 neg 0.4362370925996112 __DUMMY__ 0.041585410092438435	false	0.0
scheidung	neg 1.0		off 0.5456250970851859 neg 0.4144765605131124 __DUMMY__ 0.039898342401701814	false	0.5
einschlag	neg 1.0		off 0.536452430205577 neg 0.42282715647952746 __DUMMY__ 0.04072041331489553	false	0.5
m			off 0.5242995237914396 neg 0.4344657153765987 __DUMMY__ 0.04123476083196154	false	0.0
abgestanden	neg 1.0		off 0.5203762221612901 neg 0.43908444298700705 __DUMMY__ 0.04053933485170285	false	0.5
schmierig	off 1.0		off 0.5330452023843228 neg 0.42667213872012094 __DUMMY__ 0.04028265889555626	false	1.0
unpraktisch	neg 1.0		off 0.5271842334399007 neg 0.43181098884075014 __DUMMY__ 0.041004777719349114	false	0.5
wixxer	off 1.0		off 0.5391361132176278 neg 0.421160590673079 __DUMMY__ 0.039703296109293296	false	1.0
bezeichnet			off 0.5267329005189266 neg 0.4321458074094313 __DUMMY__ 0.04112129207164199	false	0.0
jammerlappen	off 1.0		off 0.5296477642478282 neg 0.42964217255321574 __DUMMY__ 0.040710063198955926	false	1.0
farce	neg 1.0		off 0.5245730337327941 neg 0.4344886301501984 __DUMMY__ 0.04093833611700738	false	0.5
zwecklos	neg 1.0		off 0.5235557471937967 neg 0.4352730991973281 __DUMMY__ 0.04117115360887521	false	0.5
turbulent	neg 1.0		off 0.5308931679711636 neg 0.4286103854708546 __DUMMY__ 0.040496446557981805	false	0.5
invasion	neg 1.0		off 0.5278262289222712 neg 0.43128771117538733 __DUMMY__ 0.040886059902341426	false	0.5
schuld	neg 1.0		off 0.5267947501482084 neg 0.4322084301780315 __DUMMY__ 0.040996819673760114	false	0.5
risiko	neg 1.0		off 0.5257598669722872 neg 0.43348080406097045 __DUMMY__ 0.04075932896674231	false	0.5
finster	neg 1.0		off 0.5229101275534863 neg 0.4362475990950032 __DUMMY__ 0.04084227335151049	false	0.5
geisteskrank	off 1.0		off 0.5318664972134668 neg 0.42757829833355254 __DUMMY__ 0.04055520445298063	false	1.0
zusammenbrechen	neg 1.0		off 0.5233044887392295 neg 0.4355675082729716 __DUMMY__ 0.041128002987798916	false	0.5
ausbeute	neg 1.0		off 0.5262971792530172 neg 0.43243235688352516 __DUMMY__ 0.04127046386345756	false	0.5
hinterhalt	neg 1.0		off 0.5250433762884766 neg 0.4337821668730261 __DUMMY__ 0.04117445683849727	false	0.5
kritik	neg 1.0		off 0.5243638924921423 neg 0.4346785018409749 __DUMMY__ 0.04095760566688291	false	0.5
einschrumpfen	neg 1.0		off 0.5290020947155994 neg 0.4303940053947841 __DUMMY__ 0.040603899889616456	false	0.5
riskant	neg 1.0		off 0.5218281913377721 neg 0.43683432496817987 __DUMMY__ 0.04133748369404804	false	0.5
frustrieren	neg 1.0		off 0.5221677559335024 neg 0.4365876922753735 __DUMMY__ 0.041244551791124164	false	0.5
groll	neg 1.0		off 0.5248634266538216 neg 0.4338773698971117 __DUMMY__ 0.04125920344906659	false	0.5
gibt			off 0.5238585064138981 neg 0.43490366242330847 __DUMMY__ 0.04123783116279347	false	0.0
qualvoll	neg 1.0		off 0.5267110459297317 neg 0.43242731285675373 __DUMMY__ 0.04086164121351461	false	0.5
wackeln	neg 1.0		off 0.5248955396387476 neg 0.4340733461850178 __DUMMY__ 0.04103111417623458	false	0.5
klagen	neg 1.0		off 0.5207982050946252 neg 0.43782753191771595 __DUMMY__ 0.041374262987658963	false	0.5
bankrott	neg 1.0		off 0.530434892786282 neg 0.4287177992776486 __DUMMY__ 0.040847307936069416	false	0.5
trauern	neg 1.0		off 0.5249421193125683 neg 0.4334535802665622 __DUMMY__ 0.041604300420869614	false	0.5
ablehnung	neg 1.0		off 0.523976852946545 neg 0.4350120869085816 __DUMMY__ 0.04101106014487346	false	0.5
stur	neg 1.0		off 0.5258853636442384 neg 0.4331996931531677 __DUMMY__ 0.04091494320259376	false	0.5
aufruhr	neg 1.0		off 0.5251866351818056 neg 0.43382383737383184 __DUMMY__ 0.04098952744436237	false	0.5
melancholie	neg 1.0		off 0.5190295356264778 neg 0.4398541797230437 __DUMMY__ 0.04111628465047864	false	0.5
ist			off 0.527011281374644 neg 0.4320369961759141 __DUMMY__ 0.04095172244944175	false	0.0
torheit	neg 1.0		off 0.5269891186875302 neg 0.4320192838276203 __DUMMY__ 0.04099159748484964	false	0.5
dreckskind	off 1.0		off 0.5373626005235971 neg 0.42258152823013984 __DUMMY__ 0.040055871246263156	false	1.0
umtauschen	neg 1.0		off 0.5246736188732253 neg 0.43427676538477766 __DUMMY__ 0.04104961574199695	false	0.5
zum			off 0.5224735814902955 neg 0.4355773278683342 __DUMMY__ 0.04194909064137025	false	0.0
zersetzen	neg 1.0		off 0.5206903267765655 neg 0.4380583986490944 __DUMMY__ 0.04125127457434014	false	0.5
zur			off 0.5203939225659955 neg 0.43785579920501755 __DUMMY__ 0.04175027822898703	false	0.0
frust	neg 1.0		off 0.5231615427963509 neg 0.43568772364620223 __DUMMY__ 0.041150733557447056	false	0.5
unerbittlichkeit	neg 1.0		off 0.523605858233778 neg 0.43499279198284146 __DUMMY__ 0.041401349783380455	false	0.5
zwei			off 0.5192150583997753 neg 0.43907191879848245 __DUMMY__ 0.04171302280174211	false	0.0
unkorrekt	neg 1.0		off 0.5316605653187363 neg 0.42782196278759266 __DUMMY__ 0.04051747189367095	false	0.5
hexe	off 1.0		off 0.5266513374491449 neg 0.4328900449093022 __DUMMY__ 0.04045861764155271	false	1.0
lasch	neg 1.0		off 0.5288118160980607 neg 0.43043455774617223 __DUMMY__ 0.04075362615576706	false	0.5
rivale	neg 1.0		off 0.5339242090799454 neg 0.4255458080719726 __DUMMY__ 0.04052998284808197	false	0.5
mutlos	off 1.0	off 1.0	off 0.7486028492869485 neg 0.23173701590952445 __DUMMY__ 0.019660134803526932	false	1.0
wirr	off 1.0		off 0.5325289919772618 neg 0.4271439075361436 __DUMMY__ 0.040327100486594644	false	1.0
jahr			off 0.525598574058667 neg 0.43270641163006834 __DUMMY__ 0.04169501431126463	false	0.0
wird			off 0.5236603877055463 neg 0.4350466621886192 __DUMMY__ 0.04129295010583432	false	0.0
strafbar	neg 1.0		off 0.5229407060469479 neg 0.4357029957810139 __DUMMY__ 0.04135629817203822	false	0.5
erosion	neg 1.0		off 0.5264682231035253 neg 0.43243177177473124 __DUMMY__ 0.041100005121743534	false	0.5
eingehen	neg 1.0		off 0.5218000892374617 neg 0.4369640504631815 __DUMMY__ 0.041235860299356906	false	0.5
faul	off 1.0		off 0.5292042350996136 neg 0.4300255938892207 __DUMMY__ 0.04077017101116582	false	1.0
provisorium	neg 1.0		off 0.5182418685967511 neg 0.4397270432915819 __DUMMY__ 0.04203108811166687	false	0.5
schmerzen	neg 1.0		off 0.5227925860330405 neg 0.43624401700347987 __DUMMY__ 0.04096339696347967	false	0.5
schrumpfen	neg 1.0		off 0.5171868279261721 neg 0.4413650897828955 __DUMMY__ 0.041448082290932366	false	0.5
geistlos	off 1.0		off 0.5272614098078411 neg 0.4319715393337008 __DUMMY__ 0.040767050858458026	false	1.0
fehlkauf	neg 1.0		off 0.5275702766280226 neg 0.4315768090793924 __DUMMY__ 0.040852914292585155	false	0.5
frustrierend	neg 1.0		off 0.5284583037727314 neg 0.43076397889243545 __DUMMY__ 0.04077771733483329	false	0.5
unzufrieden	neg 1.0		off 0.5237382114239543 neg 0.43504442007083743 __DUMMY__ 0.04121736850520815	false	0.5
verzweifeln	neg 1.0		off 0.5248727005628759 neg 0.4339826695542147 __DUMMY__ 0.04114462988290939	false	0.5
verzweifelt	neg 1.0		off 0.5259790755625883 neg 0.43310350657376606 __DUMMY__ 0.0409174178636457	false	0.5
misstrauensantrag	neg 1.0		off 0.5266820295127392 neg 0.43247022198141927 __DUMMY__ 0.04084774850584157	false	0.5
abfallen	neg 1.0		off 0.524813394874745 neg 0.43422361229624484 __DUMMY__ 0.04096299282900999	false	0.5
fucker	off 1.0		off 0.5330849876184757 neg 0.4263557376027463 __DUMMY__ 0.040559274778777986	false	1.0
ungezogen	neg 1.0		off 0.5384285713548321 neg 0.42156322177284616 __DUMMY__ 0.04000820687232161	false	0.5
irrsinnig	neg 1.0	neg 1.0	neg 0.7005214163943183 off 0.2799647058309147 __DUMMY__ 0.019513877774766947	false	1.0
unfassbar	neg 1.0		off 0.5309782287504936 neg 0.428320930435113 __DUMMY__ 0.040700840814393444	false	0.5
hart	neg 1.0		off 0.5290140349825473 neg 0.4305408878913648 __DUMMY__ 0.04044507712608795	false	0.5
widerlich	off 1.0		off 0.5310316874061138 neg 0.4283476755721638 __DUMMY__ 0.040620637021722375	false	1.0
fatal	neg 1.0	neg 1.0	neg 0.7009906168280724 off 0.27965988654015295 __DUMMY__ 0.01934949663177465	false	1.0
bruch	neg 1.0		off 0.5199148095449536 neg 0.43859918741177073 __DUMMY__ 0.04148600304327574	false	0.5
aushungern	neg 1.0		off 0.5235950856124234 neg 0.4353570627990644 __DUMMY__ 0.04104785158851201	false	0.5
anspannung	neg 1.0		off 0.5203564101552225 neg 0.4378438508756515 __DUMMY__ 0.04179973896912596	false	0.5
von			off 0.5215416969511761 neg 0.43702673946542375 __DUMMY__ 0.04143156358340017	false	0.0
kraftlos	neg 1.0		off 0.522808527367415 neg 0.43599370104314655 __DUMMY__ 0.041197771589438444	false	0.5
vom			off 0.519625846354311 neg 0.43828137755880964 __DUMMY__ 0.042092776086879426	false	0.0
grenzdebil	off 1.0		off 0.5301419350600595 neg 0.42928195941750114 __DUMMY__ 0.0405761055224394	false	1.0
vor			off 0.5206059978659207 neg 0.4378778763867675 __DUMMY__ 0.041516125747311804	false	0.0
unterwerfen	neg 1.0		off 0.5239134195058058 neg 0.4347303772533182 __DUMMY__ 0.041356203240875924	false	0.5
versenkung	neg 1.0		off 0.5235078484370451 neg 0.4350873519336436 __DUMMY__ 0.04140479962931126	false	0.5
entziehen	neg 1.0		off 0.5212362211848609 neg 0.43730214811480395 __DUMMY__ 0.04146163070033519	false	0.5
finanzkrise	neg 1.0		off 0.5201767211310244 neg 0.43923326437159604 __DUMMY__ 0.0405900144973796	false	0.5
schimpfend	neg 1.0		off 0.5274230781879394 neg 0.43147620725082936 __DUMMY__ 0.04110071456123122	false	0.5
profan	neg 1.0		off 0.5268488645673733 neg 0.4323164746866082 __DUMMY__ 0.04083466074601853	false	0.5
korruption	neg 1.0		off 0.522313569385084 neg 0.43667778693984866 __DUMMY__ 0.04100864367506737	false	0.5
â			off 0.5235766553411211 neg 0.43517282865446055 __DUMMY__ 0.04125051600441841	false	0.0
schmutzig	neg 1.0		off 0.5300978015376555 neg 0.42934621916375126 __DUMMY__ 0.04055597929859337	false	0.5
sexy	neg 1.0		off 0.5296001392428308 neg 0.4295244730232784 __DUMMY__ 0.040875387733890725	false	0.5
abraten	neg 1.0		off 0.5276944032035864 neg 0.43133128162319556 __DUMMY__ 0.04097431517321811	false	0.5
schwarz	neg 1.0		off 0.5280388090561435 neg 0.43100652600639555 __DUMMY__ 0.04095466493746091	false	0.5
fotze	off 1.0	off 1.0	off 0.7495385195468995 neg 0.2307785126678647 __DUMMY__ 0.01968296778523585	false	1.0
verwirren	neg 1.0		off 0.5276732066066382 neg 0.43144978612374907 __DUMMY__ 0.0408770072696126	false	0.5
zahnlos	off 1.0		off 0.5245138592447031 neg 0.43432946732673094 __DUMMY__ 0.04115667342856609	false	1.0
verheeren	neg 1.0		off 0.5396347203568018 neg 0.4204155373587697 __DUMMY__ 0.03994974228442839	false	0.5
hippie	neg 1.0		off 0.5288476484575452 neg 0.4302987552747656 __DUMMY__ 0.04085359626768923	false	0.5
rammen	neg 1.0		off 0.5271081925405213 neg 0.4318112179934233 __DUMMY__ 0.04108058946605532	false	0.5
unlauter	neg 1.0		off 0.5265970030878703 neg 0.43257084142818536 __DUMMY__ 0.04083215548394429	false	0.5
unheilvoll	neg 1.0		off 0.5258983953724038 neg 0.4332007516182715 __DUMMY__ 0.04090085300932486	false	0.5
niedrig	neg 1.0		off 0.5214436062621787 neg 0.4374843788752588 __DUMMY__ 0.041072014862562616	false	0.5
explosion	neg 1.0		off 0.5291651963507046 neg 0.4299440222340889 __DUMMY__ 0.040890781415206495	false	0.5
weichei	off 1.0	off 1.0	off 0.753731669263246 neg 0.2272152885043963 __DUMMY__ 0.019053042232357757	false	1.0
minusmensch	off 1.0		off 0.5394252259689795 neg 0.4206196568238703 __DUMMY__ 0.039955117207150274	false	1.0
farblos	neg 1.0		off 0.5268473342594115 neg 0.43218260948492854 __DUMMY__ 0.040970056255659866	false	0.5
unwissend	neg 1.0	neg 1.0	neg 0.6990443912214401 off 0.28159459409635934 __DUMMY__ 0.01936101468220045	false	1.0
traurig	neg 1.0		off 0.5330412082058659 neg 0.4264366221592369 __DUMMY__ 0.04052216963489728	false	0.5
senkung	neg 1.0		off 0.5243587126100372 neg 0.43513416372360336 __DUMMY__ 0.04050712366635945	false	0.5
ungleich	neg 1.0	neg 1.0	neg 0.7021828854779654 off 0.27815330492775214 __DUMMY__ 0.019663809594282405	false	1.0
heikel	neg 1.0		off 0.522136001939347 neg 0.4365238218029697 __DUMMY__ 0.041340176257683374	false	0.5
drosselung	neg 1.0		off 0.5284353729168324 neg 0.4311922020388069 __DUMMY__ 0.04037242504436057	false	0.5
falsch	neg 1.0		off 0.5296781391191431 neg 0.42947068709449715 __DUMMY__ 0.04085117378635985	false	0.5
unzufriedenheit	neg 1.0		off 0.5207901274808204 neg 0.43795690537895876 __DUMMY__ 0.0412529671402209	false	0.5
kurz	neg 1.0		off 0.524876653643919 neg 0.43383177184213584 __DUMMY__ 0.04129157451394502	false	0.5
unsinnig	neg 1.0		off 0.5237633328593877 neg 0.4352254661940451 __DUMMY__ 0.041011200946567315	false	0.5
penner	off 1.0	off 1.0	off 0.7550055828939239 neg 0.22595774605376928 __DUMMY__ 0.01903667105230677	false	1.0
seicht	neg 1.0		off 0.5354098441405467 neg 0.42473721645377743 __DUMMY__ 0.03985293940567592	false	0.5
dummheit	off 1.0	off 1.0	off 0.7505330604587642 neg 0.2300574250663233 __DUMMY__ 0.01940951447491251	false	1.0
unerfreulich	neg 1.0		off 0.5220576416929232 neg 0.43656825921492914 __DUMMY__ 0.04137409909214757	false	0.5
motherfucker	off 1.0	off 1.0	off 0.7532341577025301 neg 0.22747590829159964 __DUMMY__ 0.019289934005870247	false	1.0
pikiert	neg 1.0		off 0.5292195797967596 neg 0.4301713708594741 __DUMMY__ 0.04060904934376617	false	0.5
wrack	neg 1.0		off 0.528409659585611 neg 0.4300198650207703 __DUMMY__ 0.04157047539361873	false	0.5
gangster	neg 1.0		off 0.5289246946951819 neg 0.4302454494723561 __DUMMY__ 0.04082985583246186	false	0.5
krank	neg 1.0		off 0.5311268014027976 neg 0.42821882485595075 __DUMMY__ 0.04065437374125176	false	0.5
reich	neg 1.0		off 0.52585271086992 neg 0.4337034821902606 __DUMMY__ 0.04044380693981924	false	0.5
gnadenlos	neg 1.0		off 0.5270541455691509 neg 0.4318879155693179 __DUMMY__ 0.04105793886153136	false	0.5
niedergeschlagen	neg 1.0		off 0.5243024123004907 neg 0.4344075264607211 __DUMMY__ 0.041290061238788124	false	0.5
terrorisieren	off 1.0	off 1.0	off 0.7481574771386775 neg 0.23213409474328087 __DUMMY__ 0.019708428118041636	false	1.0
sinnlosigkeit	neg 1.0		off 0.5242145467421567 neg 0.43459476753670667 __DUMMY__ 0.04119068572113666	false	0.5
behindern	neg 1.0		off 0.5251599301532871 neg 0.4338023266314905 __DUMMY__ 0.04103774321522239	false	0.5
undemokratisch	neg 1.0		off 0.5268701925095549 neg 0.43229723580105894 __DUMMY__ 0.04083257168938593	false	0.5
wirtschaftskrise	neg 1.0		off 0.5211525882209104 neg 0.4379024936626833 __DUMMY__ 0.04094491811640635	false	0.5
neid	neg 1.0		off 0.5278422252885469 neg 0.4313795417572678 __DUMMY__ 0.04077823295418534	false	0.5
rutschen	neg 1.0		off 0.5185686774900484 neg 0.4397416276485217 __DUMMY__ 0.04168969486142977	false	0.5
rezession	neg 1.0		off 0.5283466616562755 neg 0.4316110631935925 __DUMMY__ 0.04004227515013204	false	0.5
fehlgeburt	neg 1.0		off 0.5268982378150849 neg 0.432000977941704 __DUMMY__ 0.04110078424321106	false	0.5
charakterschwach	off 1.0		off 0.5301739845684827 neg 0.4292176632156367 __DUMMY__ 0.04060835221588061	false	1.0
isolation	neg 1.0		off 0.5300435490843969 neg 0.4290646810862339 __DUMMY__ 0.040891769829369144	false	0.5
ablenkung	neg 1.0		off 0.526043934581855 neg 0.4328104298557743 __DUMMY__ 0.04114563556237078	false	0.5
pech	neg 1.0		off 0.5284726957588705 neg 0.4308283322246504 __DUMMY__ 0.04069897201647918	false	0.5
vermeidung	neg 1.0		off 0.5297636553277931 neg 0.4297089249998608 __DUMMY__ 0.040527419672346	false	0.5
dominieren	neg 1.0		off 0.5248152994857465 neg 0.433999912454934 __DUMMY__ 0.04118478805931958	false	0.5
schwindlig	neg 1.0		off 0.5264816207057146 neg 0.4326739129913754 __DUMMY__ 0.04084446630291005	false	0.5
lutscher	neg 1.0		off 0.537105232668804 neg 0.4231411862841945 __DUMMY__ 0.03975358104700164	false	0.5
pflicht	neg 1.0		off 0.5219115277023105 neg 0.4365807863023734 __DUMMY__ 0.0415076859953161	false	0.5
faschist	off 1.0		off 0.5291754525322107 neg 0.4299933287411748 __DUMMY__ 0.04083121872661445	false	1.0
verschleudern	neg 1.0		off 0.519465201708562 neg 0.4395613789571359 __DUMMY__ 0.04097341933430208	false	0.5
wenn			off 0.529062596402852 neg 0.43023696875694434 __DUMMY__ 0.040700434840203574	false	0.0
ehebruch	neg 1.0		off 0.5230442971552153 neg 0.4357486836834762 __DUMMY__ 0.04120701916130844	false	0.5
spott	off 1.0		off 0.5242945604525613 neg 0.434364860060087 __DUMMY__ 0.04134057948735172	false	1.0
trostlosigkeit	neg 1.0		off 0.5198014431243441 neg 0.4388847662719039 __DUMMY__ 0.041313790603752044	false	0.5
lutschen	neg 1.0		off 0.530213624102991 neg 0.42893711556842656 __DUMMY__ 0.040849260328582354	false	0.5
undiszipliniert	neg 1.0		off 0.5319336649786514 neg 0.4275508800135244 __DUMMY__ 0.04051545500782423	false	0.5
kopfschmerz	neg 1.0		off 0.5198334259009266 neg 0.4392017451201409 __DUMMY__ 0.04096482897893238	false	0.5
unvorhergesehen	neg 1.0		off 0.5219817683939566 neg 0.43654725563412367 __DUMMY__ 0.04147097597191964	false	0.5
desinteressiert	neg 1.0		off 0.5312603345858108 neg 0.4281963070804418 __DUMMY__ 0.04054335833374732	false	0.5
armselig	off 1.0		off 0.5335923251723993 neg 0.4259566943417425 __DUMMY__ 0.04045098048585833	false	1.0
desaster	neg 1.0		off 0.5195897339765605 neg 0.4390345566150037 __DUMMY__ 0.041375709408435754	false	0.5
tod	neg 1.0		off 0.523212349959017 neg 0.43546636443169273 __DUMMY__ 0.04132128560929016	false	0.5
herzlos	neg 1.0		off 0.5326932911695307 neg 0.4268647173244822 __DUMMY__ 0.04044199150598708	false	0.5
unwissenheit	neg 1.0		off 0.5237907520872948 neg 0.4350155912521522 __DUMMY__ 0.04119365666055302	false	0.5
widersinnig	neg 1.0		off 0.5228315251766831 neg 0.43625781997677804 __DUMMY__ 0.040910654846538747	false	0.5
bedenklich	neg 1.0		off 0.522484421812531 neg 0.4363197953175997 __DUMMY__ 0.041195782869869274	false	0.5
beanstanden	neg 1.0		off 0.5230647994162905 neg 0.4354139087129498 __DUMMY__ 0.041521291870759654	false	0.5
panisch	neg 1.0		off 0.5275935853359202 neg 0.4314299188421641 __DUMMY__ 0.04097649582191574	false	0.5
debil	off 1.0		off 0.5177409891579754 neg 0.4403866696919754 __DUMMY__ 0.0418723411500491	false	1.0
abstrich	neg 1.0		off 0.5249533945400829 neg 0.43390042175534205 __DUMMY__ 0.041146183704575	false	0.5
primitiv	neg 1.0		off 0.5318003810817119 neg 0.42762403382769365 __DUMMY__ 0.04057558509059452	false	0.5
abschaum	off 1.0	off 1.0	off 0.7528915664078455 neg 0.22768615554856145 __DUMMY__ 0.019422278043592957	false	1.0
provozieren	neg 1.0		off 0.526073176813717 neg 0.4329626569112427 __DUMMY__ 0.04096416627504017	false	0.5
tot	neg 1.0		off 0.5244827990033035 neg 0.43431452642944285 __DUMMY__ 0.0412026745672536	false	0.5
instabil	neg 1.0		off 0.5320400496473607 neg 0.42770220501030165 __DUMMY__ 0.040257745342337566	false	0.5
schwuchtel	off 1.0	off 1.0	off 0.7583883822403695 neg 0.22281598790358634 __DUMMY__ 0.01879562985604429	false	1.0
zerren	neg 1.0		off 0.5240564118758488 neg 0.4346626419097295 __DUMMY__ 0.04128094621442162	false	0.5
kinderficker	off 1.0		off 0.5353175196369869 neg 0.42440701912439827 __DUMMY__ 0.04027546123861485	false	1.0
gefahr	neg 1.0		off 0.5222338932645084 neg 0.43629835832609076 __DUMMY__ 0.04146774840940083	false	0.5
rabiat	neg 1.0		off 0.5240105442198626 neg 0.43496636259866256 __DUMMY__ 0.041023093181474936	false	0.5
verlangsamung	neg 1.0		off 0.5353943224293297 neg 0.42456572763521516 __DUMMY__ 0.04003994993545528	false	0.5
ausgestorben	neg 1.0		off 0.5252305777619137 neg 0.4335806224156279 __DUMMY__ 0.04118879982245846	false	0.5
anklagen	neg 1.0		off 0.5246587146210632 neg 0.4341739606611272 __DUMMY__ 0.041167324717809727	false	0.5
trott	neg 1.0		off 0.5259296515386266 neg 0.43298656142279013 __DUMMY__ 0.04108378703858338	false	0.5
verminderung	neg 1.0		off 0.529814782766921 neg 0.42966185275746277 __DUMMY__ 0.040523364475616226	false	0.5
nach			off 0.5189671506513961 neg 0.43914005365658276 __DUMMY__ 0.04189279569202111	false	0.0
rost	neg 1.0		off 0.5400131632321605 neg 0.4197110692425116 __DUMMY__ 0.04027576752532782	false	0.5
destruktiv	neg 1.0		off 0.524964565573908 neg 0.43402647871797556 __DUMMY__ 0.04100895570811646	false	0.5
unzumutbarkeit	neg 1.0		off 0.5318496847016134 neg 0.42744025962293125 __DUMMY__ 0.04071005567545542	false	0.5
labil	off 1.0	off 1.0	off 0.7519093901324495 neg 0.2287054738925846 __DUMMY__ 0.01938513597496597	false	1.0
ziemlich	neg 1.0		off 0.5310920671406916 neg 0.42815772102885696 __DUMMY__ 0.040750211830451515	false	0.5
lachnummer	off 1.0		off 0.5266157986863506 neg 0.43230155836580036 __DUMMY__ 0.041082642947849	false	1.0
oder			off 0.5266738984412616 neg 0.43223559230729447 __DUMMY__ 0.041090509251443974	false	0.0
verfall	neg 1.0		off 0.5177693626107965 neg 0.4407493018262388 __DUMMY__ 0.04148133556296464	false	0.5
ausgrenzung	neg 1.0		off 0.5267331700991277 neg 0.4324384292974764 __DUMMY__ 0.04082840060339584	false	0.5
unordnung	neg 1.0		off 0.5349278610604524 neg 0.42463290513648233 __DUMMY__ 0.040439233803065286	false	0.5
fehlverhalten	neg 1.0		off 0.5226773620544569 neg 0.43598574255951456 __DUMMY__ 0.04133689538602854	false	0.5
eine			off 0.5202303953447062 neg 0.4383653485075359 __DUMMY__ 0.04140425614775804	false	0.0
nille	neg 1.0		off 0.5270272575698005 neg 0.43184118898074525 __DUMMY__ 0.041131553449454177	false	0.5
qual	neg 1.0		off 0.5254430718060564 neg 0.43347190997651275 __DUMMY__ 0.04108501821743069	false	0.5
verschwenden	neg 1.0		off 0.520796542502096 neg 0.43800431110409643 __DUMMY__ 0.0411991463938076	false	0.5
riesig	neg 1.0		off 0.5238028059512134 neg 0.4348119178594981 __DUMMY__ 0.04138527618928852	false	0.5
verurteilen	neg 1.0		off 0.5242560467654208 neg 0.4345680846887075 __DUMMY__ 0.041175868545871575	false	0.5
klischee	neg 1.0	neg 1.0	neg 0.6997973130219745 off 0.28083603931199425 __DUMMY__ 0.01936664766603131	false	1.0
diktatorisch	neg 1.0		off 0.5271509902318927 neg 0.43200943439113704 __DUMMY__ 0.040839575376970194	false	0.5
vorhersehbar	neg 1.0		off 0.5273696488627763 neg 0.4318586938177473 __DUMMY__ 0.040771657319476344	false	0.5
sowie			off 0.533325398986086 neg 0.42649529362579824 __DUMMY__ 0.04017930738811579	false	0.0
stornieren	neg 1.0		off 0.5316971807877501 neg 0.42710185366255576 __DUMMY__ 0.0412009655496943	false	0.5
besteuerung	neg 1.0	neg 1.0	neg 0.7023604660079418 off 0.27829340767436983 __DUMMY__ 0.01934612631768834	false	1.0
ungeschminkt	neg 1.0		off 0.5320482931506881 neg 0.42738212182540264 __DUMMY__ 0.0405695850239093	false	0.5
kritisch	neg 1.0		off 0.523924353673377 neg 0.4348602948316088 __DUMMY__ 0.041215351495014235	false	0.5
schlamperei	off 1.0		off 0.5229651713670188 neg 0.4357397727204221 __DUMMY__ 0.04129505591255913	false	1.0
sucht	neg 1.0	neg 1.0	neg 0.6989840237900351 off 0.2814097218094489 __DUMMY__ 0.01960625440051593	false	1.0
egoistisch	off 1.0	off 1.0	off 0.7550504723098049 neg 0.22575737064859006 __DUMMY__ 0.019192157041604967	false	1.0
ausbeuter	off 1.0		off 0.5204626446000217 neg 0.4383724308472941 __DUMMY__ 0.04116492455268419	false	1.0
arschgeburt	off 1.0		off 0.541374370925336 neg 0.41904315699812356 __DUMMY__ 0.03958247207654038	false	1.0
schubs	neg 1.0		off 0.521461974403549 neg 0.43746796151938244 __DUMMY__ 0.04107006407706851	false	0.5
unsolide	neg 1.0		off 0.5277996891327515 neg 0.431367882878531 __DUMMY__ 0.04083242798871742	false	0.5
beschwerde	neg 1.0		off 0.5246390373726627 neg 0.43413432145619024 __DUMMY__ 0.04122664117114699	false	0.5
stocken	neg 1.0		off 0.5231874732051982 neg 0.43556860478270126 __DUMMY__ 0.04124392201210045	false	0.5
isolieren	neg 1.0		off 0.5228467206480026 neg 0.43608526310267587 __DUMMY__ 0.04106801624932156	false	0.5
unheilbar	neg 1.0		off 0.5253934611537933 neg 0.4335883790187809 __DUMMY__ 0.041018159827425904	false	0.5
pisser	off 1.0	off 1.0	off 0.7543869046812607 neg 0.22629681552256914 __DUMMY__ 0.019316279796170104	false	1.0
löschen	neg 1.0		off 0.5264666280073137 neg 0.4324915561197957 __DUMMY__ 0.04104181587289061	false	0.5
durchfallen	neg 1.0		off 0.5239213174747067 neg 0.43483905753858015 __DUMMY__ 0.041239624986713186	false	0.5
wichser	off 1.0	off 1.0	off 0.7564459389875587 neg 0.22462252782391215 __DUMMY__ 0.018931533188529165	false	1.0
terror	neg 1.0		off 0.5287950683101245 neg 0.43033634866843956 __DUMMY__ 0.0408685830214359	false	0.5
krass	neg 1.0		off 0.5343402167155434 neg 0.4253218812422326 __DUMMY__ 0.04033790204222389	false	0.5
revolte	neg 1.0		off 0.5263742453845061 neg 0.43305258611530856 __DUMMY__ 0.04057316850018534	false	0.5
besorgt	neg 1.0		off 0.5252870536601899 neg 0.43339995295991135 __DUMMY__ 0.04131299337989875	false	0.5
nachlassen	neg 1.0		off 0.5242919878317249 neg 0.434360697767904 __DUMMY__ 0.04134731440037114	false	0.5
alt	neg 1.0		off 0.5187328957120997 neg 0.4404024832579452 __DUMMY__ 0.04086462102995523	false	0.5
hundesohn	off 1.0	off 1.0	off 0.7564309276451535 neg 0.22456651848515544 __DUMMY__ 0.01900255386969092	false	1.0
als			off 0.5231400391376626 neg 0.43574709437407394 __DUMMY__ 0.04111286648826341	false	0.0
abschreckung	neg 1.0		off 0.5212906522079623 neg 0.4373867729751459 __DUMMY__ 0.041322574816891874	false	0.5
unqualifiziert	neg 1.0		off 0.5296433325275282 neg 0.42956761368019114 __DUMMY__ 0.04078905379228058	false	0.5
abgewichst	off 1.0		off 0.5262321451691959 neg 0.4326144976560261 __DUMMY__ 0.04115335717477789	false	1.0
schwer	neg 1.0		off 0.5245632393656688 neg 0.43438758344713185 __DUMMY__ 0.041049177187199436	false	0.5
bedeutungslosigkeit	neg 1.0		off 0.5219818182254151 neg 0.43670152990555083 __DUMMY__ 0.041316651869034084	false	0.5
kapitulation	neg 1.0		off 0.5222986560471529 neg 0.4366054232879875 __DUMMY__ 0.04109592066485973	false	0.5
unscharf	neg 1.0		off 0.5241971524840136 neg 0.4352192517193919 __DUMMY__ 0.040583595796594464	false	0.5
schwinden	neg 1.0		off 0.5207393967635494 neg 0.4380748806999741 __DUMMY__ 0.04118572253647652	false	0.5
versklavung	neg 1.0	neg 1.0	neg 0.7007524109577403 off 0.27981272138687696 __DUMMY__ 0.019434867655382628	false	1.0
schlecht	neg 1.0		off 0.5314634200128077 neg 0.42776749339042636 __DUMMY__ 0.040769086596765904	false	0.5
verhasst	neg 1.0		off 0.5266530798302604 neg 0.4324276135714005 __DUMMY__ 0.04091930659833881	false	0.5
beschweren	neg 1.0		off 0.5281084045207747 neg 0.43087466250743933 __DUMMY__ 0.041016932971786005	false	0.5
scheiden	neg 1.0		off 0.5247683077095009 neg 0.434273826467722 __DUMMY__ 0.04095786582277716	false	0.5
frustriert	neg 1.0		off 0.5247248082821762 neg 0.4341017545897194 __DUMMY__ 0.04117343712810445	false	0.5
schimmelig	neg 1.0		off 0.5213496719454155 neg 0.4376213595217183 __DUMMY__ 0.041028968532866104	false	0.5
fisch	neg 1.0		off 0.5171896682443631 neg 0.44172111321851903 __DUMMY__ 0.04108921853711799	false	0.5
schmuggel	neg 1.0		off 0.5222065990831595 neg 0.4362438083699383 __DUMMY__ 0.0415495925469024	false	0.5
auffallen	neg 1.0		off 0.5275365404596652 neg 0.43156316594177674 __DUMMY__ 0.0409002935985579	false	0.5
konkurrenz	neg 1.0		off 0.5223440545569457 neg 0.4362365230879092 __DUMMY__ 0.04141942235514506	false	0.5
teufelskreis	neg 1.0	neg 1.0	neg 0.7024537282642055 off 0.2780733203585978 __DUMMY__ 0.01947295137719677	false	1.0
aufschreien	neg 1.0		off 0.527371077708318 neg 0.43183701015708986 __DUMMY__ 0.040791912134592136	false	0.5
schuldner	neg 1.0		off 0.5193184967285992 neg 0.43960432700696433 __DUMMY__ 0.04107717626443652	false	0.5
missgeburt	off 1.0	off 1.0	off 0.7571089101764593 neg 0.22371045385871854 __DUMMY__ 0.019180635964822012	false	1.0
arbeitslos	neg 1.0		off 0.523666105378472 neg 0.43510312034915694 __DUMMY__ 0.04123077427237092	false	0.5
befallen	neg 1.0		off 0.5221914427651808 neg 0.4369520097150271 __DUMMY__ 0.040856547519792	false	0.5
miesepetrig	off 1.0	off 1.0	off 0.7517098049240304 neg 0.22892816466657448 __DUMMY__ 0.019362030409395166	false	1.0
alarmieren	neg 1.0		off 0.530287550810627 neg 0.42892783802352596 __DUMMY__ 0.040784611165847216	false	0.5
ungeduscht	off 1.0		off 0.5287604989913376 neg 0.43055603601636633 __DUMMY__ 0.040683464992296116	false	1.0
knappheit	neg 1.0		off 0.5215847448792825 neg 0.4374431834281437 __DUMMY__ 0.04097207169257381	false	0.5
schlange	neg 1.0		off 0.5259439110091747 neg 0.43301742272032195 __DUMMY__ 0.041038666270503496	false	0.5
harsch	neg 1.0		off 0.536400394854639 neg 0.4229851997016671 __DUMMY__ 0.04061440544369398	false	0.5
lang	neg 1.0		off 0.5272034705902812 neg 0.43179115046321864 __DUMMY__ 0.041005378946500186	false	0.5
ziellos	neg 1.0		off 0.5226942481978142 neg 0.4359414840625991 __DUMMY__ 0.04136426773958674	false	0.5
selbstverliebt	neg 1.0		off 0.5403111327895825 neg 0.4197940271924022 __DUMMY__ 0.039894840018015174	false	0.5
beseitigen	neg 1.0		off 0.5276384447989919 neg 0.431122184248926 __DUMMY__ 0.04123937095208223	false	0.5
dumm	off 1.0		off 0.5357614763172677 neg 0.4240473487842877 __DUMMY__ 0.04019117489844458	false	1.0
arbeitsloser	neg 1.0		off 0.5264683752821301 neg 0.4320550785986263 __DUMMY__ 0.04147654611924362	false	0.5
blitzen	neg 1.0		off 0.5293512408803979 neg 0.4298357952242062 __DUMMY__ 0.040812963895395966	false	0.5
hilflos	neg 1.0		off 0.5234770068262936 neg 0.4353259054859473 __DUMMY__ 0.04119708768775924	false	0.5
eklig	off 1.0		off 0.5347662733781762 neg 0.42520355325384684 __DUMMY__ 0.04003017336797696	false	1.0
begriff			off 0.5255055727419525 neg 0.43339458314401824 __DUMMY__ 0.041099844114029276	false	0.0
hungersnot	neg 1.0		off 0.5220005698969429 neg 0.4369961773166303 __DUMMY__ 0.0410032527864269	false	0.5
ungesetzlich	neg 1.0		off 0.5266021724710673 neg 0.43259958968258777 __DUMMY__ 0.04079823784634499	false	0.5
verschwendung	neg 1.0		off 0.5217349031068876 neg 0.43696811832109017 __DUMMY__ 0.04129697857202218	false	0.5
schmerzvoll	neg 1.0		off 0.5260094301534084 neg 0.43311199926106975 __DUMMY__ 0.0408785705855219	false	0.5
vorzeitig	neg 1.0		off 0.5320344908220691 neg 0.4270796285447798 __DUMMY__ 0.04088588063315106	false	0.5
unvollkommenheit	neg 1.0		off 0.5251649762159044 neg 0.43363560312260313 __DUMMY__ 0.041199420661492514	false	0.5
intervenieren	neg 1.0		off 0.520905393745831 neg 0.437976348466115 __DUMMY__ 0.04111825778805415	false	0.5
banause	off 1.0		off 0.5342433369398437 neg 0.42599593677611003 __DUMMY__ 0.039760726284046345	false	1.0
rebell	neg 1.0		off 0.5171137411806191 neg 0.44154111674739394 __DUMMY__ 0.04134514207198676	false	0.5
unlogisch	neg 1.0		off 0.5325083633638631 neg 0.4269988281136566 __DUMMY__ 0.040492808522480384	false	0.5
leiden	neg 1.0		off 0.5233889165865285 neg 0.4350129429841323 __DUMMY__ 0.04159814042933921	false	0.5
abschaffung	neg 1.0		off 0.5253928597882191 neg 0.43375654723262147 __DUMMY__ 0.04085059297915928	false	0.5
sturz	neg 1.0		off 0.5310105007369417 neg 0.42775396194730003 __DUMMY__ 0.04123553731575836	false	0.5
verkleinerung	neg 1.0		off 0.5266059515853272 neg 0.4328799072273932 __DUMMY__ 0.040514141187279744	false	0.5
schmarotzer	off 1.0		off 0.5239254617347253 neg 0.43494862905393544 __DUMMY__ 0.041125909211339184	false	1.0
bestrafung	neg 1.0	neg 1.0	neg 0.7001256353095968 off 0.2803005251513582 __DUMMY__ 0.01957383953904499	false	1.0
achtlos	neg 1.0		off 0.5244572133360826 neg 0.4343947527803949 __DUMMY__ 0.041148033883522464	false	0.5
ungeheuer	neg 1.0		off 0.5241212724456419 neg 0.43503549485744264 __DUMMY__ 0.040843232696915595	false	0.5
unaufrichtig	neg 1.0		off 0.530135239935169 neg 0.4290320091452188 __DUMMY__ 0.040832750919612214	false	0.5
groggy	neg 1.0		off 0.5295778469877742 neg 0.4294781557061901 __DUMMY__ 0.04094399730603564	false	0.5
verletzlich	neg 1.0		off 0.527554024622122 neg 0.4319919056873014 __DUMMY__ 0.040454069690576536	false	0.5
