unsolidarisch	neg 1.0		__DUMMY__ 0.460558316045902 off 0.29543227859363363 neg 0.24400940536046445	false	0.5
nachteilig	neg 1.0		__DUMMY__ 0.46652965624637716 off 0.2918930252460291 neg 0.2415773185075937	false	0.5
skeptisch	neg 1.0		__DUMMY__ 0.46607798367391484 off 0.28999154310531255 neg 0.24393047322077255	false	0.5
schrecklich	neg 1.0		__DUMMY__ 0.4566323002347781 off 0.30496175584394575 neg 0.23840594392127615	false	0.5
schlapp	neg 1.0	neg 1.0	neg 0.6068774107301088 __DUMMY__ 0.22238466420105163 off 0.17073792506883945	false	1.0
abfall	neg 1.0		__DUMMY__ 0.4686760893060859 off 0.28679968877768885 neg 0.2445242219162252	false	0.5
widerspenstig	neg 1.0		__DUMMY__ 0.46176377459276796 off 0.29368642460707545 neg 0.24454980080015656	false	0.5
abrupt	neg 1.0		__DUMMY__ 0.4647403535348478 off 0.28865575327419596 neg 0.2466038931909563	false	0.5
unwirksam	neg 1.0		__DUMMY__ 0.4580562398658091 off 0.29369446193805493 neg 0.24824929819613592	false	0.5
angreifen	neg 1.0		__DUMMY__ 0.46621746669140013 off 0.2892206425218536 neg 0.2445618907867464	false	0.5
inkonsistent	neg 1.0		__DUMMY__ 0.4596724664660453 off 0.29740057220024524 neg 0.24292696133370958	false	0.5
abrutschen	neg 1.0		__DUMMY__ 0.46815798431544625 off 0.2861223133847782 neg 0.24571970229977552	false	0.5
unsicher	neg 1.0		__DUMMY__ 0.46354255891148677 off 0.2950958802749399 neg 0.2413615608135733	false	0.5
bauernkind	off 1.0	off 1.0	off 0.6435980917686238 __DUMMY__ 0.2184308827375699 neg 0.13797102549380638	false	1.0
angreifer	neg 1.0		__DUMMY__ 0.4632395119669137 off 0.3005151983179905 neg 0.23624528971509556	false	0.5
trennen	neg 1.0		__DUMMY__ 0.46690868492164755 off 0.2891334250642504 neg 0.24395789001410204	false	0.5
schmutz	neg 1.0		__DUMMY__ 0.46435112922240734 off 0.29982327373628714 neg 0.2358255970413055	false	0.5
inkonsistenz	neg 1.0		__DUMMY__ 0.45976421275789875 off 0.3006303948645921 neg 0.23960539237750925	false	0.5
erschreckend	neg 1.0		__DUMMY__ 0.46324239768094877 off 0.29416027853529686 neg 0.2425973237837543	false	0.5
ertrinken	neg 1.0		__DUMMY__ 0.4654179049912998 off 0.2881722204527524 neg 0.2464098745559477	false	0.5
pickelface	off 1.0		__DUMMY__ 0.46316746830487626 off 0.29603995569998415 neg 0.24079257599513956	false	1.0
seiner			__DUMMY__ 0.466613646790142 off 0.28989269658153094 neg 0.24349365662832698	false	0.0
lauch	neg 1.0	neg 1.0	neg 0.6090544675101166 __DUMMY__ 0.2278295381067614 off 0.1631159943831219	false	1.0
unwichtig	neg 1.0		__DUMMY__ 0.45946795894641257 off 0.30040154021229915 neg 0.24013050084128845	false	0.5
steuerhinterziehung	neg 1.0		__DUMMY__ 0.46212509039174743 off 0.2938680785970667 neg 0.2440068310111859	false	0.5
schock	neg 1.0		__DUMMY__ 0.4637602137653916 off 0.2930124634696827 neg 0.24322732276492565	false	0.5
beule	neg 1.0		__DUMMY__ 0.4568190043253105 off 0.30240885718263116 neg 0.24077213849205825	false	0.5
vergelten	neg 1.0		__DUMMY__ 0.45739917371488437 off 0.3067707248321554 neg 0.23583010145296027	false	0.5
verdorbenheit	neg 1.0		__DUMMY__ 0.4624619487253855 off 0.29646928552935653 neg 0.24106876574525812	false	0.5
trauma	neg 1.0		__DUMMY__ 0.4613577374034616 off 0.29638141592073 neg 0.24226084667580838	false	0.5
sinnlos	neg 1.0		__DUMMY__ 0.4615408579725007 off 0.29720024935986883 neg 0.24125889266763045	false	0.5
fettsack	off 1.0	off 1.0	off 0.644884059410513 __DUMMY__ 0.21891066445941457 neg 0.13620527613007244	false	1.0
feige	off 1.0	off 1.0	off 0.6412141822090136 __DUMMY__ 0.22196232370708519 neg 0.13682349408390132	false	1.0
abdanken	neg 1.0		__DUMMY__ 0.46359962057170384 off 0.29490653728044164 neg 0.2414938421478545	false	0.5
wichtigtuer	off 1.0	off 1.0	off 0.6393966968419046 __DUMMY__ 0.22374204906741885 neg 0.13686125409067657	false	1.0
misslingen	neg 1.0		__DUMMY__ 0.46518676635706296 off 0.29821183286102804 neg 0.2366014007819091	false	0.5
untreu	off 1.0		__DUMMY__ 0.4580469967035551 off 0.30141870342125354 neg 0.24053429987519145	false	1.0
missmutig	neg 1.0		__DUMMY__ 0.45921071822250126 off 0.2984188994213737 neg 0.242370382356125	false	0.5
hurenbock	off 1.0		__DUMMY__ 0.4598614922131897 off 0.29419884155563647 neg 0.24593966623117386	false	1.0
betrunken	neg 1.0		__DUMMY__ 0.45662621042487433 off 0.3033993738199857 neg 0.2399744157551398	false	0.5
korrupt	off 1.0		__DUMMY__ 0.46169172589362184 off 0.2930059118939196 neg 0.24530236221245852	false	1.0
unmut	neg 1.0		__DUMMY__ 0.46722001793019874 off 0.2880293593867258 neg 0.24475062268307557	false	0.5
hackfresse	off 1.0		__DUMMY__ 0.4530538861767556 off 0.30969218508342194 neg 0.23725392873982246	false	1.0
aufblasen	neg 1.0		__DUMMY__ 0.4617074590384441 off 0.29487761153592035 neg 0.24341492942563553	false	0.5
gewaltsam	neg 1.0		__DUMMY__ 0.4645367267852532 off 0.29544273778496166 neg 0.24002053542978516	false	0.5
unbeliebtheit	neg 1.0		__DUMMY__ 0.45914623791681397 off 0.30217953101230777 neg 0.2386742310708782	false	0.5
sturheit	neg 1.0		__DUMMY__ 0.4645269170868206 off 0.2946928853175957 neg 0.24078019759558375	false	0.5
kuh	neg 1.0		__DUMMY__ 0.45540004453390553 off 0.2961146592609211 neg 0.24848529620517318	false	0.5
erschrecken	neg 1.0		__DUMMY__ 0.4599761330766851 off 0.2993220213787171 neg 0.24070184554459792	false	0.5
opfer	neg 1.0		__DUMMY__ 0.46657156480065726 off 0.29207630372703813 neg 0.2413521314723046	false	0.5
sinken	neg 1.0		__DUMMY__ 0.46535788771348446 off 0.2878683019249833 neg 0.2467738103615324	false	0.5
stinktier	neg 1.0		__DUMMY__ 0.4515909400846224 off 0.30594650018890446 neg 0.24246255972647315	false	0.5
tucke	off 1.0		__DUMMY__ 0.4491024607176211 off 0.3108539152677444 neg 0.24004362401463453	false	1.0
ein			__DUMMY__ 0.46082288282976896 off 0.2927608661347894 neg 0.24641625103544174	false	0.0
abstieg	neg 1.0		__DUMMY__ 0.4673655806455876 off 0.2942060429597617 neg 0.23842837639465075	false	0.5
missverstehen	neg 1.0		__DUMMY__ 0.4608273655815176 off 0.2981503395453017 neg 0.24102229487318066	false	0.5
ergebnislos	neg 1.0		__DUMMY__ 0.46730328877030775 off 0.292107692984652 neg 0.24058901824504025	false	0.5
unter			__DUMMY__ 0.47257249125159545 off 0.28280736557775604 neg 0.24462014317064842	false	0.0
manipulieren	neg 1.0		__DUMMY__ 0.4662087095204041 off 0.2905641555227061 neg 0.24322713495688977	false	0.5
unbewiesen	neg 1.0		__DUMMY__ 0.46139181032017296 off 0.2961643005471601 neg 0.24244388913266698	false	0.5
verschleppen	neg 1.0		__DUMMY__ 0.4640646148582027 off 0.29195534307967835 neg 0.2439800420621189	false	0.5
weib	off 1.0		__DUMMY__ 0.45098397722891614 off 0.3118466120027261 neg 0.2371694107683578	false	1.0
opposition	neg 1.0		__DUMMY__ 0.4602243868013998 off 0.29622925431148306 neg 0.24354635888711706	false	0.5
verkehrswidrig	neg 1.0		__DUMMY__ 0.45883379144815095 off 0.3082417515400396 neg 0.23292445701180942	false	0.5
inkorrekt	neg 1.0		__DUMMY__ 0.45653191229229995 off 0.3047570617398329 neg 0.23871102596786722	false	0.5
vermeiden	neg 1.0		__DUMMY__ 0.4696654206561592 off 0.28620702294613076 neg 0.24412755639771003	false	0.5
abweichung	neg 1.0		__DUMMY__ 0.4649375064524519 off 0.2928826427440872 neg 0.24217985080346086	false	0.5
alkoholisiert	neg 1.0		__DUMMY__ 0.469044120496345 off 0.291003210432366 neg 0.23995266907128895	false	0.5
scheiss	off 1.0	off 1.0	off 0.6420335467425468 __DUMMY__ 0.2212643810159244 neg 0.13670207224152892	false	1.0
herausforderung	neg 1.0		__DUMMY__ 0.4646100759833948 off 0.29232253000373565 neg 0.24306739401286942	false	0.5
pervers	off 1.0		__DUMMY__ 0.4497768994606919 off 0.3145199597413097 neg 0.23570314079799828	false	1.0
wackelig	neg 1.0		__DUMMY__ 0.4646446898341868 off 0.29209297751089197 neg 0.24326233265492114	false	0.5
verwickeln	neg 1.0		__DUMMY__ 0.46107734090843466 off 0.2969788376159739 neg 0.2419438214755913	false	0.5
vorwand	neg 1.0		__DUMMY__ 0.46666169857840795 off 0.2889083601418348 neg 0.24442994127975712	false	0.5
muschi	off 1.0		__DUMMY__ 0.46459060237046834 off 0.29522221957632483 neg 0.24018717805320686	false	1.0
entmutigung	neg 1.0		__DUMMY__ 0.458058706858271 off 0.29644091061364114 neg 0.24550038252808778	false	0.5
unangemessen	neg 1.0		__DUMMY__ 0.463896834430013 off 0.29394111665087425 neg 0.24216204891911272	false	0.5
unstetig	neg 1.0		__DUMMY__ 0.4606912072322273 off 0.2998726011511235 neg 0.2394361916166492	false	0.5
entmutigen	neg 1.0		__DUMMY__ 0.46172476013301283 off 0.2958090212936875 neg 0.24246621857329975	false	0.5
schwanz	neg 1.0		__DUMMY__ 0.46524952258083463 off 0.2926364904674485 neg 0.24211398695171682	false	0.5
verbot	neg 1.0		__DUMMY__ 0.4627665475821866 off 0.2930446847256717 neg 0.24418876769214165	false	0.5
leid	neg 1.0		__DUMMY__ 0.45525388711110726 off 0.30665915027474455 neg 0.23808696261414813	false	0.5
archaisch	neg 1.0		__DUMMY__ 0.4635539633370173 off 0.2933818990649862 neg 0.2430641375979964	false	0.5
gegen			__DUMMY__ 0.46817012042509104 off 0.28911186172971515 neg 0.24271801784519376	false	0.0
scheidung	neg 1.0		__DUMMY__ 0.4506838783600998 off 0.3195146328330138 neg 0.22980148880688647	false	0.5
einschlag	neg 1.0		__DUMMY__ 0.45922990482256204 off 0.30670506970113326 neg 0.2340650254763048	false	0.5
m			__DUMMY__ 0.4644805465138491 off 0.29280803234471603 neg 0.24271142114143493	false	0.0
abgestanden	neg 1.0		__DUMMY__ 0.45736776722140954 off 0.2925663024572863 neg 0.25006593032130414	false	0.5
schmierig	off 1.0		__DUMMY__ 0.45458926000196676 off 0.30581915831112666 neg 0.23959158168690672	false	1.0
unpraktisch	neg 1.0		__DUMMY__ 0.4621609642589369 off 0.2966194901311428 neg 0.24121954560992032	false	0.5
wixxer	off 1.0		__DUMMY__ 0.4485431803648304 off 0.31446411335659447 neg 0.23699270627857502	false	1.0
bezeichnet			__DUMMY__ 0.46329034823761295 off 0.2957199903228081 neg 0.2409896614395789	false	0.0
jammerlappen	off 1.0		__DUMMY__ 0.45900354306575714 off 0.30052086486619584 neg 0.2404755920680471	false	1.0
farce	neg 1.0		__DUMMY__ 0.461405903163478 off 0.2946652768682498 neg 0.2439288199682724	false	0.5
zwecklos	neg 1.0		__DUMMY__ 0.4637994973626243 off 0.29251994249143504 neg 0.24368056014594078	false	0.5
turbulent	neg 1.0		__DUMMY__ 0.45695031336158093 off 0.3026498498293456 neg 0.2403998368090733	false	0.5
invasion	neg 1.0		__DUMMY__ 0.46084065636607874 off 0.2978960953819254 neg 0.24126324825199597	false	0.5
schuld	neg 1.0		__DUMMY__ 0.461978499505177 off 0.2964187797345949 neg 0.241602720760228	false	0.5
risiko	neg 1.0		__DUMMY__ 0.45962645842655125 off 0.29662071230854803 neg 0.24375282926490074	false	0.5
finster	neg 1.0		__DUMMY__ 0.4605193479067936 off 0.2934067468123421 neg 0.24607390528086437	false	0.5
geisteskrank	off 1.0		__DUMMY__ 0.4573780620755588 off 0.3033941414167845 neg 0.2392277965076568	false	1.0
zusammenbrechen	neg 1.0		__DUMMY__ 0.46335133774779824 off 0.2924971689282103 neg 0.2441514933239913	false	0.5
ausbeute	neg 1.0		__DUMMY__ 0.4650152285859035 off 0.29439896171106456 neg 0.24058580970303195	false	0.5
hinterhalt	neg 1.0		__DUMMY__ 0.46404322994857405 off 0.29371268349548274 neg 0.24224408655594304	false	0.5
kritik	neg 1.0		__DUMMY__ 0.46159988508612587 off 0.29438098180747013 neg 0.244019133106404	false	0.5
einschrumpfen	neg 1.0		__DUMMY__ 0.4579273096665641 off 0.3004343648487161 neg 0.2416383254847198	false	0.5
riskant	neg 1.0		__DUMMY__ 0.4655399463072654 off 0.2900471199195175 neg 0.24441293377321724	false	0.5
frustrieren	neg 1.0		__DUMMY__ 0.46456833883199444 off 0.29084327695818024 neg 0.24458838420982543	false	0.5
groll	neg 1.0		__DUMMY__ 0.46474395978444266 off 0.29327484161579076 neg 0.2419811985997666	false	0.5
gibt			__DUMMY__ 0.4645000165410164 off 0.29245339787142177 neg 0.24304658558756176	false	0.0
qualvoll	neg 1.0		__DUMMY__ 0.4606509947238333 off 0.2969549397543308 neg 0.24239406552183596	false	0.5
wackeln	neg 1.0		__DUMMY__ 0.4624007317762905 off 0.29440967546826985 neg 0.24318959275543955	false	0.5
klagen	neg 1.0		__DUMMY__ 0.4659541755753741 off 0.28890988845882837 neg 0.24513593596579758	false	0.5
bankrott	neg 1.0		__DUMMY__ 0.4604908913628821 off 0.3004613977769346 neg 0.2390477108601834	false	0.5
trauern	neg 1.0		__DUMMY__ 0.4684257483028099 off 0.2915147831331059 neg 0.24005946856408417	false	0.5
ablehnung	neg 1.0		__DUMMY__ 0.4621503964854913 off 0.29375635168390285 neg 0.2440932518306058	false	0.5
stur	neg 1.0		__DUMMY__ 0.46112685495618433 off 0.2959838336747902 neg 0.24288931136902567	false	0.5
aufruhr	neg 1.0		__DUMMY__ 0.46198601724797655 off 0.294926383522183 neg 0.24308759922984052	false	0.5
melancholie	neg 1.0		__DUMMY__ 0.4633523587019267 off 0.28844359632017086 neg 0.2482040449779024	false	0.5
ist			__DUMMY__ 0.46152864815208355 off 0.29682445537750196 neg 0.24164689647041443	false	0.0
torheit	neg 1.0		__DUMMY__ 0.46199437226506956 off 0.29661117487858724 neg 0.24139445285634306	false	0.5
dreckskind	off 1.0		__DUMMY__ 0.45222429173052336 off 0.31100304896519854 neg 0.236772659304278	false	1.0
umtauschen	neg 1.0		__DUMMY__ 0.4626632105358516 off 0.29400376851808463 neg 0.24333302094606385	false	0.5
zum			__DUMMY__ 0.472058766821761 off 0.2873978181348691 neg 0.24054341504336985	false	0.0
zersetzen	neg 1.0		__DUMMY__ 0.46464692153465253 off 0.28944151803407775 neg 0.24591156043126983	false	0.5
zur			__DUMMY__ 0.4699160990554077 off 0.28656045702726707 neg 0.2435234439173251	false	0.0
frust	neg 1.0		__DUMMY__ 0.4635860003920483 off 0.2922581839872447 neg 0.24415581562070704	false	0.5
unerbittlichkeit	neg 1.0		__DUMMY__ 0.46623610300065693 off 0.2913748136090387 neg 0.24238908339030443	false	0.5
zwei			__DUMMY__ 0.4695592825746417 off 0.2855735332898699 neg 0.2448671841354885	false	0.0
unkorrekt	neg 1.0		__DUMMY__ 0.45707362495497333 off 0.3033129784119749 neg 0.23961339663305167	false	0.5
hexe	off 1.0		__DUMMY__ 0.45651200617678594 off 0.2988952045125392 neg 0.24459278931067482	false	1.0
lasch	neg 1.0		__DUMMY__ 0.4594706485398416 off 0.2995316224225375 neg 0.24099772903762096	false	0.5
rivale	neg 1.0		__DUMMY__ 0.457233564693527 off 0.30533071967660114 neg 0.23743571562987184	false	0.5
mutlos	off 1.0	off 1.0	off 0.6359425660031377 __DUMMY__ 0.225737355237213 neg 0.1383200787596493	false	1.0
wirr	off 1.0		__DUMMY__ 0.4550994261801207 off 0.30509055443425553 neg 0.23981001938562377	false	1.0
jahr			__DUMMY__ 0.46943892204158855 off 0.29158962521876575 neg 0.23897145273964562	false	0.0
wird			__DUMMY__ 0.46508715235864934 off 0.2919571870482319 neg 0.24295566059311866	false	0.0
strafbar	neg 1.0		__DUMMY__ 0.4657654667796987 off 0.29098382323248506 neg 0.24325070998781614	false	0.5
erosion	neg 1.0		__DUMMY__ 0.4630986745253792 off 0.29550155330248856 neg 0.24139977217213232	false	0.5
eingehen	neg 1.0		__DUMMY__ 0.4644741767079151 off 0.2905520300393755 neg 0.24497379325270927	false	0.5
faul	off 1.0		__DUMMY__ 0.459716425162497 off 0.29969188692232923 neg 0.2405916879151737	false	1.0
provisorium	neg 1.0		__DUMMY__ 0.47288397773426794 off 0.28304661531116715 neg 0.2440694069545649	false	0.5
schmerzen	neg 1.0		__DUMMY__ 0.4617549924219866 off 0.29270538916933503 neg 0.2455396184086783	false	0.5
schrumpfen	neg 1.0		__DUMMY__ 0.4667435513684816 off 0.2851643018822645 neg 0.24809214674925378	false	0.5
geistlos	off 1.0		__DUMMY__ 0.4596135203543391 off 0.2980365188552753 neg 0.24234996079038562	false	1.0
fehlkauf	neg 1.0		__DUMMY__ 0.4605106395111946 off 0.2978290675360199 neg 0.2416602929527856	false	0.5
frustrierend	neg 1.0		__DUMMY__ 0.4597227310186617 off 0.29905893646859005 neg 0.24121833251274832	false	0.5
unzufrieden	neg 1.0		__DUMMY__ 0.4642795714228544 off 0.2924524892119258 neg 0.2432679393652199	false	0.5
verzweifeln	neg 1.0		__DUMMY__ 0.46352998569345455 off 0.29386484692719134 neg 0.24260516737935395	false	0.5
verzweifelt	neg 1.0		__DUMMY__ 0.4611488873823796 off 0.29605701221637054 neg 0.24279410040124993	false	0.5
misstrauensantrag	neg 1.0		__DUMMY__ 0.4605124312063771 off 0.29697336460279766 neg 0.24251420419082534	false	0.5
abfallen	neg 1.0		__DUMMY__ 0.461711328520622 off 0.29463292247752776 neg 0.24365574900185025	false	0.5
fucker	off 1.0		__DUMMY__ 0.4574068904042201 off 0.30450816895034283 neg 0.23808494064543706	false	1.0
ungezogen	neg 1.0		__DUMMY__ 0.45175295477139005 off 0.31221056720372936 neg 0.2360364780248806	false	0.5
irrsinnig	neg 1.0	neg 1.0	neg 0.6078163871828445 __DUMMY__ 0.22411258967336795 off 0.16807102314378752	false	1.0
unfassbar	neg 1.0		__DUMMY__ 0.458926769537369 off 0.3017824223068506 neg 0.23929080815578044	false	0.5
hart	neg 1.0		__DUMMY__ 0.45637115858973926 off 0.30117011742613387 neg 0.24245872398412677	false	0.5
widerlich	off 1.0		__DUMMY__ 0.45808351719585333 off 0.3022492189253478 neg 0.239667263878799	false	1.0
fatal	neg 1.0	neg 1.0	neg 0.6090649557242862 __DUMMY__ 0.2222731442234301 off 0.16866190005228382	false	1.0
bruch	neg 1.0		__DUMMY__ 0.4671701064919697 off 0.28748567916629836 neg 0.24534421434173195	false	0.5
aushungern	neg 1.0		__DUMMY__ 0.4625516300427231 off 0.2932170950909662 neg 0.2442312748663108	false	0.5
anspannung	neg 1.0		__DUMMY__ 0.4704777326929923 off 0.2862430924126817 neg 0.243279174894326	false	0.5
von			__DUMMY__ 0.46667940144110887 off 0.2891805124521215 neg 0.2441400861067697	false	0.0
kraftlos	neg 1.0		__DUMMY__ 0.46413474434039864 off 0.29162763410627407 neg 0.24423762155332734	false	0.5
vom			__DUMMY__ 0.4735717213954659 off 0.28397635107154856 neg 0.24245192753298556	false	0.0
grenzdebil	off 1.0		__DUMMY__ 0.45762545832852863 off 0.3016390205691829 neg 0.24073552110228832	false	1.0
vor			__DUMMY__ 0.4674191980478978 off 0.28797147081838215 neg 0.24460933113372002	false	0.0
unterwerfen	neg 1.0		__DUMMY__ 0.4657757042187904 off 0.2918845867618219 neg 0.24233970901938762	false	0.5
versenkung	neg 1.0		__DUMMY__ 0.4662544083281917 off 0.2912788680193731 neg 0.2424667236524353	false	0.5
entziehen	neg 1.0		__DUMMY__ 0.46684226879661345 off 0.2888697532776489 neg 0.2442879779257377	false	0.5
finanzkrise	neg 1.0		__DUMMY__ 0.45778263193557417 off 0.2923250907825128 neg 0.2498922772819131	false	0.5
schimpfend	neg 1.0		__DUMMY__ 0.463246269336779 off 0.29629424593121495 neg 0.24045948473200615	false	0.5
profan	neg 1.0		__DUMMY__ 0.46033113806432563 off 0.29725162604560057 neg 0.24241723589007366	false	0.5
korruption	neg 1.0		__DUMMY__ 0.462137863249261 off 0.29219774065327325 neg 0.24566439609746582	false	0.5
â			__DUMMY__ 0.4646520215661147 off 0.2920501809806978 neg 0.24329779745318766	false	0.0
schmutzig	neg 1.0		__DUMMY__ 0.45742479600705355 off 0.3017024488700249 neg 0.24087275512292158	false	0.5
sexy	neg 1.0		__DUMMY__ 0.46072441158907623 off 0.29960279756506064 neg 0.23967279084586313	false	0.5
abraten	neg 1.0		__DUMMY__ 0.46180791943678734 off 0.29729403235934915 neg 0.2408980482038635	false	0.5
schwarz	neg 1.0		__DUMMY__ 0.4615492858578638 off 0.29775353421313244 neg 0.24069717992900377	false	0.5
fotze	off 1.0	off 1.0	off 0.6366817847355684 __DUMMY__ 0.22602889073763308 neg 0.13728932452679854	false	1.0
verwirren	neg 1.0		__DUMMY__ 0.46074978257519633 off 0.29781979453377444 neg 0.24143042289102928	false	0.5
zahnlos	off 1.0		__DUMMY__ 0.46364113042239047 off 0.29350040113413384 neg 0.24285846844347575	false	1.0
verheeren	neg 1.0		__DUMMY__ 0.4511556507092322 off 0.31368670936277776 neg 0.23515763992798994	false	0.5
hippie	neg 1.0		__DUMMY__ 0.4604822446387846 off 0.2990347526673934 neg 0.24048300269382192	false	0.5
rammen	neg 1.0		__DUMMY__ 0.4630831361253197 off 0.2960768333706782 neg 0.24084003050400207	false	0.5
unlauter	neg 1.0		__DUMMY__ 0.4603564218060994 off 0.29702563147365907 neg 0.24261794672024145	false	0.5
unheilvoll	neg 1.0		__DUMMY__ 0.4611114578572813 off 0.29593593645693117 neg 0.2429526056857877	false	0.5
niedrig	neg 1.0		__DUMMY__ 0.46291790029790775 off 0.29094597359129915 neg 0.24613612611079314	false	0.5
explosion	neg 1.0		__DUMMY__ 0.46091227570091564 off 0.2991045700526356 neg 0.23998315424644867	false	0.5
weichei	off 1.0	off 1.0	off 0.6442920990992671 __DUMMY__ 0.21900018503210084 neg 0.1367077158686321	false	1.0
minusmensch	off 1.0		__DUMMY__ 0.4511679048019194 off 0.3135078537240185 neg 0.23532424147406206	false	1.0
farblos	neg 1.0		__DUMMY__ 0.4619277716895531 off 0.29639196367712406 neg 0.24168026463332284	false	0.5
unwissend	neg 1.0	neg 1.0	neg 0.607078110481472 __DUMMY__ 0.22241750853119271 off 0.17050438098733534	false	1.0
traurig	neg 1.0		__DUMMY__ 0.4570767126459068 off 0.3046032045463839 neg 0.23832008280770928	false	0.5
senkung	neg 1.0		__DUMMY__ 0.4569521905692662 off 0.2965837071469505 neg 0.24646410228378327	false	0.5
ungleich	neg 1.0	neg 1.0	neg 0.6087509649865395 __DUMMY__ 0.22578436969381557 off 0.16546466531964502	false	1.0
heikel	neg 1.0		__DUMMY__ 0.4655798114986942 off 0.29031178147179726 neg 0.24410840702950865	false	0.5
drosselung	neg 1.0		__DUMMY__ 0.4555736353478466 off 0.30102442865826984 neg 0.24340193599388357	false	0.5
falsch	neg 1.0		__DUMMY__ 0.46049771980543874 off 0.29979072783025745 neg 0.23971155236430375	false	0.5
unzufriedenheit	neg 1.0		__DUMMY__ 0.4646519305574103 off 0.28954503181668456 neg 0.24580303762590522	false	0.5
kurz	neg 1.0		__DUMMY__ 0.4651270528202187 off 0.2930311296489695 neg 0.24184181753081194	false	0.5
unsinnig	neg 1.0		__DUMMY__ 0.46212674336727283 off 0.2935312704204655 neg 0.24434198621226175	false	0.5
penner	off 1.0	off 1.0	off 0.6456671351700313 __DUMMY__ 0.21880891493730767 neg 0.13552394989266114	false	1.0
seicht	neg 1.0		__DUMMY__ 0.45006437616703787 off 0.31028239989008893 neg 0.239653223942873	false	0.5
dummheit	off 1.0	off 1.0	off 0.6392090066758616 __DUMMY__ 0.22294472770698218 neg 0.1378462656171563	false	1.0
unerfreulich	neg 1.0		__DUMMY__ 0.465958216437141 off 0.2900418373553219 neg 0.24399994620753718	false	0.5
motherfucker	off 1.0	off 1.0	off 0.642546878446152 __DUMMY__ 0.22161375640607245 neg 0.13583936514777548	false	1.0
pikiert	neg 1.0		__DUMMY__ 0.45795975871026406 off 0.30062385392417296 neg 0.24141638736556306	false	0.5
wrack	neg 1.0		__DUMMY__ 0.4682211894457656 off 0.2947846137122917 neg 0.23699419684194267	false	0.5
gangster	neg 1.0		__DUMMY__ 0.4602388679278407 off 0.2992167293303399 neg 0.24054440274181932	false	0.5
krank	neg 1.0		__DUMMY__ 0.4584971316369529 off 0.3020944089910788 neg 0.2394084593719683	false	0.5
reich	neg 1.0		__DUMMY__ 0.4564112299796778 off 0.2982121588211594 neg 0.24537661119916282	false	0.5
gnadenlos	neg 1.0		__DUMMY__ 0.46262008545415695 off 0.2963467088293689 neg 0.24103320571647419	false	0.5
niedergeschlagen	neg 1.0		__DUMMY__ 0.4651129306820086 off 0.2925136398696321 neg 0.24237342944835924	false	0.5
terrorisieren	off 1.0	off 1.0	off 0.6352296756279697 __DUMMY__ 0.2262750050364903 neg 0.13849531933553985	false	1.0
sinnlosigkeit	neg 1.0		__DUMMY__ 0.46401599576372804 off 0.29302574938091047 neg 0.2429582548553614	false	0.5
behindern	neg 1.0		__DUMMY__ 0.46243688667454025 off 0.29461667404229525 neg 0.24294643928316456	false	0.5
undemokratisch	neg 1.0		__DUMMY__ 0.46029962966993 off 0.29735742850637226 neg 0.2423429418236977	false	0.5
wirtschaftskrise	neg 1.0		__DUMMY__ 0.46149285556066594 off 0.2914282587984907 neg 0.24707888564084324	false	0.5
neid	neg 1.0		__DUMMY__ 0.45978730515070904 off 0.2984100139644671 neg 0.24180268088482373	false	0.5
rutschen	neg 1.0		__DUMMY__ 0.4693190641789726 off 0.2850966279174135 neg 0.24558430790361388	false	0.5
rezession	neg 1.0		__DUMMY__ 0.45207738425628774 off 0.302721608040364 neg 0.24520100770334832	false	0.5
fehlgeburt	neg 1.0		__DUMMY__ 0.4633134933617351 off 0.2957682775971517 neg 0.24091822904111318	false	0.5
charakterschwach	off 1.0		__DUMMY__ 0.45796349593948005 off 0.30151953466114056 neg 0.24051696939937936	false	1.0
isolation	neg 1.0		__DUMMY__ 0.4609377717252521 off 0.2998904629349038 neg 0.23917176533984413	false	0.5
ablenkung	neg 1.0		__DUMMY__ 0.4635721952748615 off 0.29491183752912764 neg 0.24151596719601093	false	0.5
pech	neg 1.0		__DUMMY__ 0.4590132920198178 off 0.29933871504617376 neg 0.2416479929340084	false	0.5
vermeidung	neg 1.0		__DUMMY__ 0.45717394060510497 off 0.30147409132149794 neg 0.24135196807339712	false	0.5
dominieren	neg 1.0		__DUMMY__ 0.4640602307412219 off 0.29353876060111517 neg 0.2424010086576628	false	0.5
schwindlig	neg 1.0		__DUMMY__ 0.46050983033609905 off 0.2967455203776235 neg 0.24274464928627743	false	0.5
lutscher	neg 1.0		__DUMMY__ 0.44907051045449026 off 0.3123090805679832 neg 0.2386204089775265	false	0.5
pflicht	neg 1.0		__DUMMY__ 0.4673252813960133 off 0.28926330301919406 neg 0.24341141558479254	false	0.5
faschist	off 1.0		__DUMMY__ 0.4603047639368168 off 0.2994880321857074 neg 0.2402072038774758	false	1.0
verschleudern	neg 1.0		__DUMMY__ 0.4618060356342966 off 0.2896926382384793 neg 0.24850132612722403	false	0.5
wenn			__DUMMY__ 0.45889998534336396 off 0.3000226408412318 neg 0.24107737381540434	false	0.0
ehebruch	neg 1.0		__DUMMY__ 0.4642122213657144 off 0.2918503093061007 neg 0.24393746932818494	false	0.5
spott	off 1.0		__DUMMY__ 0.46560008678244386 off 0.292331717915734 neg 0.24206819530182208	false	1.0
trostlosigkeit	neg 1.0		__DUMMY__ 0.46534797439898323 off 0.2882669676253997 neg 0.246385057975617	false	0.5
lutschen	neg 1.0		__DUMMY__ 0.4605458287959348 off 0.3002552081877784 neg 0.2391989630162868	false	0.5
undiszipliniert	neg 1.0		__DUMMY__ 0.45702766670490325 off 0.3035772999451083 neg 0.2393950333499884	false	0.5
kopfschmerz	neg 1.0		__DUMMY__ 0.4618020239593348 off 0.2899343417486736 neg 0.24826363429199164	false	0.5
unvorhergesehen	neg 1.0		__DUMMY__ 0.4671045224784405 off 0.28932675077314224 neg 0.24356872674841726	false	0.5
desinteressiert	neg 1.0		__DUMMY__ 0.45728398648173035 off 0.3028427051557406 neg 0.23987330836252901	false	0.5
armselig	off 1.0		__DUMMY__ 0.4562949247727304 off 0.30552617507678587 neg 0.2381789001504837	false	1.0
desaster	neg 1.0		__DUMMY__ 0.46595358357562605 off 0.2877895352908417 neg 0.24625688113353233	false	0.5
tod	neg 1.0		__DUMMY__ 0.46558336474794404 off 0.29124418376355776 neg 0.24317245148849823	false	0.5
herzlos	neg 1.0		__DUMMY__ 0.4562220857541435 off 0.30470681805773353 neg 0.23907109618812303	false	0.5
unwissenheit	neg 1.0		__DUMMY__ 0.4640572551183548 off 0.2926105411779825 neg 0.24333220370366276	false	0.5
widersinnig	neg 1.0		__DUMMY__ 0.46109372432635937 off 0.29319918990072447 neg 0.24570708577291622	false	0.5
bedenklich	neg 1.0		__DUMMY__ 0.46405449984519004 off 0.2913917274913132 neg 0.24455377266349682	false	0.5
beanstanden	neg 1.0		__DUMMY__ 0.4674860428112028 off 0.29024924183401907 neg 0.2422647153547782	false	0.5
panisch	neg 1.0		__DUMMY__ 0.4618568860796016 off 0.29715930838487475 neg 0.24098380553552365	false	0.5
debil	off 1.0		__DUMMY__ 0.47126101974245277 off 0.28334478830216764 neg 0.24539419195537965	false	1.0
abstrich	neg 1.0		__DUMMY__ 0.4638830140645494 off 0.2935782838548939 neg 0.2425387020805567	false	0.5
primitiv	neg 1.0		__DUMMY__ 0.45760456437578423 off 0.30320723112800896 neg 0.23918820449620684	false	0.5
abschaum	off 1.0	off 1.0	off 0.6414865016543916 __DUMMY__ 0.22309375998515338 neg 0.13541973836045496	false	1.0
provozieren	neg 1.0		__DUMMY__ 0.4616344642735224 off 0.2959147295712762 neg 0.2424508061552013	false	0.5
tot	neg 1.0		__DUMMY__ 0.4643849941243505 off 0.29298503258342184 neg 0.24262997329222757	false	0.5
instabil	neg 1.0		__DUMMY__ 0.45439368006807723 off 0.3050034614676552 neg 0.24060285846426752	false	0.5
schwuchtel	off 1.0	off 1.0	off 0.6503655589304017 __DUMMY__ 0.21611486091221285 neg 0.13351958015738535	false	1.0
zerren	neg 1.0		__DUMMY__ 0.46497139811384325 off 0.29238414545059005 neg 0.2426444564355667	false	0.5
kinderficker	off 1.0		__DUMMY__ 0.45450508188706024 off 0.30801449481686916 neg 0.2374804232960705	false	1.0
gefahr	neg 1.0		__DUMMY__ 0.4669591305096528 off 0.28974816466037406 neg 0.2432927048299731	false	0.5
rabiat	neg 1.0		__DUMMY__ 0.4622729653142997 off 0.2936675960347682 neg 0.2440594386509322	false	0.5
verlangsamung	neg 1.0		__DUMMY__ 0.4521042661530989 off 0.30929327855435734 neg 0.23860245529254365	false	0.5
ausgestorben	neg 1.0		__DUMMY__ 0.4640174719743169 off 0.2939486199752138 neg 0.24203390805046937	false	0.5
anklagen	neg 1.0		__DUMMY__ 0.4638398826450959 off 0.2935264790851217 neg 0.24263363826978238	false	0.5
trott	neg 1.0		__DUMMY__ 0.4628973557164179 off 0.295110976007387 neg 0.2419916682761952	false	0.5
verminderung	neg 1.0		__DUMMY__ 0.45713387307969583 off 0.30152843313996963 neg 0.24133769378033443	false	0.5
nach			__DUMMY__ 0.4714281909520908 off 0.2844247181586821 neg 0.24414709088922718	false	0.0
rost	neg 1.0		__DUMMY__ 0.4546196780041611 off 0.3123055127533627 neg 0.23307480924247626	false	0.5
destruktiv	neg 1.0		__DUMMY__ 0.4621239321323195 off 0.29464485591475487 neg 0.24323121195292557	false	0.5
unzumutbarkeit	neg 1.0		__DUMMY__ 0.45912881433696295 off 0.30247506669779534 neg 0.23839611896524177	false	0.5
labil	off 1.0	off 1.0	off 0.6407104738132829 __DUMMY__ 0.2226736015513609 neg 0.13661592463535618	false	1.0
ziemlich	neg 1.0		__DUMMY__ 0.45946264471521125 off 0.3016215623716496 neg 0.23891579291313925	false	0.5
lachnummer	off 1.0		__DUMMY__ 0.46287224612392214 off 0.29583730091794497 neg 0.24129045295813292	false	1.0
oder			__DUMMY__ 0.4630189707718932 off 0.29574964706846363 neg 0.24123138215964324	false	0.0
verfall	neg 1.0		__DUMMY__ 0.467063368904542 off 0.2855296276159267 neg 0.2474070034795312	false	0.5
ausgrenzung	neg 1.0		__DUMMY__ 0.46026439950408415 off 0.29724031026694825 neg 0.24249529022896768	false	0.5
unordnung	neg 1.0		__DUMMY__ 0.45635153796496014 off 0.3067027668446833 neg 0.23694569519035652	false	0.5
fehlverhalten	neg 1.0		__DUMMY__ 0.4655376062965238 off 0.2908650424600829 neg 0.24359735124339318	false	0.5
eine			__DUMMY__ 0.4662582630390943 off 0.28818377289836955 neg 0.2455579640625361	false	0.0
nille	neg 1.0		__DUMMY__ 0.4634191140939404 off 0.2959134199777587 neg 0.240667465928301	false	0.5
qual	neg 1.0		__DUMMY__ 0.46290657588832956 off 0.2946591868804794 neg 0.2424342372311911	false	0.5
verschwenden	neg 1.0		__DUMMY__ 0.4641213920162074 off 0.289762320612919 neg 0.24611628737087346	false	0.5
riesig	neg 1.0		__DUMMY__ 0.46619244583136604 off 0.2914814476317731 neg 0.24232610653686107	false	0.5
verurteilen	neg 1.0		__DUMMY__ 0.46387042378263893 off 0.2931568053218962 neg 0.2429727708954648	false	0.5
klischee	neg 1.0	neg 1.0	neg 0.607787266484509 __DUMMY__ 0.22246430008630855 off 0.16974843342918244	false	1.0
diktatorisch	neg 1.0		__DUMMY__ 0.46037913204944786 off 0.29758486216313057 neg 0.2420360057874217	false	0.5
vorhersehbar	neg 1.0		__DUMMY__ 0.4596408287522125 off 0.2980999620462523 neg 0.24225920920153513	false	0.5
sowie			__DUMMY__ 0.4534973097738744 off 0.3066239823771059 neg 0.2398787078490196	false	0.0
stornieren	neg 1.0		__DUMMY__ 0.4642947665593876 off 0.29980289204437166 neg 0.23590234139624067	false	0.5
besteuerung	neg 1.0	neg 1.0	neg 0.610428693993146 __DUMMY__ 0.22227741639900403 off 0.16729388960785	false	1.0
ungeschminkt	neg 1.0		__DUMMY__ 0.4576494117269953 off 0.3033294065571131 neg 0.23902118171589157	false	0.5
kritisch	neg 1.0		__DUMMY__ 0.4642614221254369 off 0.2926533937748616 neg 0.24308518409970153	false	0.5
schlamperei	off 1.0		__DUMMY__ 0.4651562926212005 off 0.2913184686289394 neg 0.24352523874986018	false	1.0
sucht	neg 1.0	neg 1.0	neg 0.6058556618105744 __DUMMY__ 0.2252344079537113 off 0.1689099302357144	false	1.0
egoistisch	off 1.0	off 1.0	off 0.6448537661301382 __DUMMY__ 0.22054669713213304 neg 0.13459953673772881	false	1.0
ausbeuter	off 1.0		__DUMMY__ 0.46373802588341545 off 0.2896911829664632 neg 0.2465707911501214	false	1.0
arschgeburt	off 1.0		__DUMMY__ 0.44725025774614313 off 0.3172453751842888 neg 0.2355043670695682	false	1.0
schubs	neg 1.0		__DUMMY__ 0.4629059829897668 off 0.2908839094944459 neg 0.24621010751578706	false	0.5
unsolide	neg 1.0		__DUMMY__ 0.46036308814878696 off 0.29816692249011545 neg 0.24146998936109765	false	0.5
beschwerde	neg 1.0		__DUMMY__ 0.4644527794814842 off 0.2932166300551877 neg 0.24233059046332797	false	0.5
stocken	neg 1.0		__DUMMY__ 0.46463688028544636 off 0.2917749404778909 neg 0.2435881792366627	false	0.5
isolieren	neg 1.0		__DUMMY__ 0.4628101622089497 off 0.2923618873818204 neg 0.2448279504092298	false	0.5
unheilbar	neg 1.0		__DUMMY__ 0.46225537746987155 off 0.29499819520822695 neg 0.2427464273219015	false	0.5
pisser	off 1.0	off 1.0	off 0.6435002630516584 __DUMMY__ 0.22195248094132503 neg 0.13454725600701656	false	1.0
löschen	neg 1.0		__DUMMY__ 0.46246798548795964 off 0.29584272072140166 neg 0.24168929379063875	false	0.5
durchfallen	neg 1.0		__DUMMY__ 0.4645381457169301 off 0.29248313913245555 neg 0.24297871515061434	false	0.5
wichser	off 1.0	off 1.0	off 0.6476783267169904 __DUMMY__ 0.21763302935994522 neg 0.1346886439230644	false	1.0
terror	neg 1.0		__DUMMY__ 0.4607105140568223 off 0.29883788006141365 neg 0.24045160588176417	false	0.5
krass	neg 1.0		__DUMMY__ 0.4552134782896674 off 0.3066745401705691 neg 0.23811198153976362	false	0.5
revolte	neg 1.0		__DUMMY__ 0.4575957388790394 off 0.2982106845679492 neg 0.24419357655301133	false	0.5
besorgt	neg 1.0		__DUMMY__ 0.46535908852594576 off 0.29333830131555894 neg 0.24130261015849538	false	0.5
nachlassen	neg 1.0		__DUMMY__ 0.4657625532283174 off 0.2921876922794188 neg 0.2420497544922638	false	0.5
alt	neg 1.0		__DUMMY__ 0.4607652528137387 off 0.28938702610620987 neg 0.2498477210800514	false	0.5
hundesohn	off 1.0	off 1.0	off 0.6473020406406821 __DUMMY__ 0.21842267983659014 neg 0.1342752795227278	false	1.0
als			__DUMMY__ 0.46322047071075667 off 0.2923939108662313 neg 0.244385618423012	false	0.0
abschreckung	neg 1.0		__DUMMY__ 0.46540070437632414 off 0.28965071797880415 neg 0.24494857764487177	false	0.5
unqualifiziert	neg 1.0		__DUMMY__ 0.45983344874714643 off 0.3001331820463028 neg 0.24003336920655066	false	0.5
abgewichst	off 1.0		__DUMMY__ 0.4636548484205075 off 0.29503364971796936 neg 0.24131150186152306	false	1.0
schwer	neg 1.0		__DUMMY__ 0.46253053814082 off 0.29405609022782475 neg 0.2434133716313553	false	0.5
bedeutungslosigkeit	neg 1.0		__DUMMY__ 0.46532249054200203 off 0.2903256779573396 neg 0.2443518315006583	false	0.5
kapitulation	neg 1.0		__DUMMY__ 0.4630421942896543 off 0.2917483188769566 neg 0.24520948683338895	false	0.5
unscharf	neg 1.0		__DUMMY__ 0.4578188131296712 off 0.29590575424370685 neg 0.24627543262662183	false	0.5
schwinden	neg 1.0		__DUMMY__ 0.46401320732232904 off 0.28981627655699616 neg 0.24617051612067495	false	0.5
versklavung	neg 1.0	neg 1.0	neg 0.6083885000231164 __DUMMY__ 0.22323736142000594 off 0.16837413855687752	false	1.0
schlecht	neg 1.0		__DUMMY__ 0.4596458717595864 off 0.30188733134239126 neg 0.2384667968980223	false	0.5
verhasst	neg 1.0		__DUMMY__ 0.461173552697372 off 0.2966865060184432 neg 0.2421399412841848	false	0.5
beschweren	neg 1.0		__DUMMY__ 0.462210051018478 off 0.2975135996553108 neg 0.2402763493262112	false	0.5
scheiden	neg 1.0		__DUMMY__ 0.46176216972176615 off 0.2945674923116764 neg 0.24367033796655754	false	0.5
frustriert	neg 1.0		__DUMMY__ 0.46382830957025906 off 0.29358223654302473 neg 0.24258945388671624	false	0.5
schimmelig	neg 1.0		__DUMMY__ 0.46251472316330877 off 0.29094062258115566 neg 0.2465446542555355	false	0.5
fisch	neg 1.0		__DUMMY__ 0.4631901225775046 off 0.28673448775665533 neg 0.2500753896658401	false	0.5
schmuggel	neg 1.0		__DUMMY__ 0.46791153211471 off 0.28922234874420427 neg 0.24286611914108577	false	0.5
auffallen	neg 1.0		__DUMMY__ 0.46099903383082097 off 0.29757120071954835 neg 0.24142976544963068	false	0.5
konkurrenz	neg 1.0		__DUMMY__ 0.46644739878024133 off 0.29011754258640593 neg 0.24343505863335277	false	0.5
teufelskreis	neg 1.0	neg 1.0	neg 0.6099193018070009 __DUMMY__ 0.22364015046429858 off 0.16644054772870048	false	1.0
aufschreien	neg 1.0		__DUMMY__ 0.4598453932372442 off 0.29798998117253644 neg 0.24216462559021923	false	0.5
schuldner	neg 1.0		__DUMMY__ 0.462870492224122 off 0.28904017632401824 neg 0.2480893314518598	false	0.5
missgeburt	off 1.0	off 1.0	off 0.6469425318881171 __DUMMY__ 0.2204472498807809 neg 0.13261021823110195	false	1.0
arbeitslos	neg 1.0		__DUMMY__ 0.4644232419160025 off 0.29231331903698454 neg 0.2432634390470131	false	0.5
befallen	neg 1.0		__DUMMY__ 0.4606204892943072 off 0.29281949109675387 neg 0.24656001960893886	false	0.5
miesepetrig	off 1.0	off 1.0	off 0.6405657871397374 __DUMMY__ 0.2224639076568728 neg 0.13697030520338985	false	1.0
alarmieren	neg 1.0		__DUMMY__ 0.4598464820418206 off 0.30074807387708663 neg 0.23940544408109266	false	0.5
ungeduscht	off 1.0		__DUMMY__ 0.45885530410109737 off 0.2996546904077903 neg 0.24149000549111238	false	1.0
knappheit	neg 1.0		__DUMMY__ 0.4618040723638033 off 0.29167053983247637 neg 0.24652538780372027	false	0.5
schlange	neg 1.0		__DUMMY__ 0.4624851802508818 off 0.29532903426885454 neg 0.24218578548026365	false	0.5
harsch	neg 1.0		__DUMMY__ 0.4581239726256265 off 0.3072041816742972 neg 0.23467184570007626	false	0.5
lang	neg 1.0		__DUMMY__ 0.4620745694616763 off 0.29672046403027325 neg 0.24120496650805062	false	0.5
ziellos	neg 1.0		__DUMMY__ 0.4658625898833144 off 0.29067926194277205 neg 0.24345814817391356	false	0.5
selbstverliebt	neg 1.0		__DUMMY__ 0.4505225354555512 off 0.31460408213378716 neg 0.23487338241066147	false	0.5
beseitigen	neg 1.0		__DUMMY__ 0.46467033462906565 off 0.295869911049309 neg 0.23945975432162542	false	0.5
dumm	off 1.0		__DUMMY__ 0.4536159303513523 off 0.3088302624102061 neg 0.23755380723844155	false	1.0
arbeitsloser	neg 1.0		__DUMMY__ 0.4670400294284924 off 0.293657971324731 neg 0.23930199924677656	false	0.5
blitzen	neg 1.0		__DUMMY__ 0.4600823669867295 off 0.29969935571726486 neg 0.2402182772960058	false	0.5
hilflos	neg 1.0		__DUMMY__ 0.46408766979370536 off 0.29227281637315705 neg 0.24363951383313756	false	0.5
eklig	off 1.0		__DUMMY__ 0.451956309230552 off 0.3087034904506127 neg 0.2393402003188353	false	1.0
begriff			__DUMMY__ 0.4630758389396224 off 0.29467998394742384 neg 0.24224417711295365	false	0.0
hungersnot	neg 1.0		__DUMMY__ 0.462145038378025 off 0.2918876801729257 neg 0.24596728144904942	false	0.5
ungesetzlich	neg 1.0		__DUMMY__ 0.4599316025054843 off 0.2973149639776172 neg 0.24275343351689846	false	0.5
verschwendung	neg 1.0		__DUMMY__ 0.46511879908637477 off 0.29016848415336666 neg 0.24471271676025855	false	0.5
schmerzvoll	neg 1.0		__DUMMY__ 0.46076432745088164 off 0.29626429184533737 neg 0.242971380703781	false	0.5
vorzeitig	neg 1.0		__DUMMY__ 0.46095860009476114 off 0.30176526438104756 neg 0.23727613552419133	false	0.5
unvollkommenheit	neg 1.0		__DUMMY__ 0.46424685814450434 off 0.29374579442415016 neg 0.24200734743134547	false	0.5
intervenieren	neg 1.0		__DUMMY__ 0.4632584486345297 off 0.29034409233116143 neg 0.24639745903430896	false	0.5
banause	off 1.0		__DUMMY__ 0.4491467908542401 off 0.3095984129393882 neg 0.24125479620637172	false	1.0
rebell	neg 1.0		__DUMMY__ 0.46576245684729023 off 0.2854470347058208 neg 0.248790508446889	false	0.5
unlogisch	neg 1.0		__DUMMY__ 0.4567683937211418 off 0.3042539891083883 neg 0.23897761717046986	false	0.5
leiden	neg 1.0		__DUMMY__ 0.4684213636969542 off 0.2900062179330031 neg 0.24157241837004276	false	0.5
abschaffung	neg 1.0		__DUMMY__ 0.46051999296370977 off 0.29583714050323295 neg 0.24364286653305714	false	0.5
sturz	neg 1.0		__DUMMY__ 0.46461423522960565 off 0.29902623006167217 neg 0.2363595347087221	false	0.5
verkleinerung	neg 1.0		__DUMMY__ 0.457021618368824 off 0.29867986608600616 neg 0.2442985155451698	false	0.5
schmarotzer	off 1.0		__DUMMY__ 0.46333273496877425 off 0.29310220094683 neg 0.2435650640843958	false	1.0
bestrafung	neg 1.0	neg 1.0	neg 0.6071363946129221 __DUMMY__ 0.22478691945353635 off 0.1680766859335415	false	1.0
achtlos	neg 1.0		__DUMMY__ 0.463600164068314 off 0.2934269406665715 neg 0.24297289526511456	false	0.5
ungeheuer	neg 1.0		__DUMMY__ 0.4604947183164121 off 0.294620687357252 neg 0.24488459432633586	false	0.5
unaufrichtig	neg 1.0		__DUMMY__ 0.4603430398572969 off 0.3003406560714335 neg 0.23931630407126953	false	0.5
groggy	neg 1.0		__DUMMY__ 0.4614296661229935 off 0.29928687484224326 neg 0.23928345903476314	false	0.5
verletzlich	neg 1.0		__DUMMY__ 0.4563777643016921 off 0.2998166800042505 neg 0.24380555569405735	false	0.5
