unsolidarisch	neg 1.0		__DUMMY__ 0.46055831604590164 off 0.29543227859363347 neg 0.24400940536046486	false	0.5
nachteilig	neg 1.0		__DUMMY__ 0.4665296562463771 off 0.29189302524602945 neg 0.24157731850759354	false	0.5
skeptisch	neg 1.0		__DUMMY__ 0.4660779836739154 off 0.28999154310531217 neg 0.24393047322077233	false	0.5
schrecklich	neg 1.0		__DUMMY__ 0.4566323002347783 off 0.30496175584394547 neg 0.2384059439212762	false	0.5
schlapp	neg 1.0	neg 1.0	neg 0.6068774107301088 __DUMMY__ 0.22238466420105174 off 0.1707379250688395	false	1.0
abfall	neg 1.0		__DUMMY__ 0.46867608930608595 off 0.2867996887776891 neg 0.24452422191622483	false	0.5
widerspenstig	neg 1.0		__DUMMY__ 0.46176377459276774 off 0.29368642460707534 neg 0.24454980080015698	false	0.5
abrupt	neg 1.0		__DUMMY__ 0.4647403535348477 off 0.28865575327419607 neg 0.2466038931909562	false	0.5
unwirksam	neg 1.0		__DUMMY__ 0.4580562398658091 off 0.29369446193805476 neg 0.24824929819613598	false	0.5
angreifen	neg 1.0		__DUMMY__ 0.46621746669139985 off 0.2892206425218534 neg 0.24456189078674676	false	0.5
inkonsistent	neg 1.0		__DUMMY__ 0.4596724664660451 off 0.29740057220024535 neg 0.24292696133370953	false	0.5
abrutschen	neg 1.0		__DUMMY__ 0.46815798431544636 off 0.2861223133847781 neg 0.24571970229977547	false	0.5
unsicher	neg 1.0		__DUMMY__ 0.4635425589114871 off 0.2950958802749396 neg 0.24136156081357338	false	0.5
bauernkind	off 1.0	off 1.0	off 0.6435980917686237 __DUMMY__ 0.2184308827375698 neg 0.13797102549380647	false	1.0
angreifer	neg 1.0		__DUMMY__ 0.4632395119669135 off 0.30051519831799084 neg 0.23624528971509579	false	0.5
trennen	neg 1.0		__DUMMY__ 0.4669086849216479 off 0.28913342506425066 neg 0.24395789001410148	false	0.5
schmutz	neg 1.0		__DUMMY__ 0.46435112922240734 off 0.2998232737362873 neg 0.23582559704130543	false	0.5
inkonsistenz	neg 1.0		__DUMMY__ 0.4597642127578985 off 0.3006303948645923 neg 0.2396053923775092	false	0.5
erschreckend	neg 1.0		__DUMMY__ 0.46324239768094905 off 0.2941602785352963 neg 0.2425973237837546	false	0.5
ertrinken	neg 1.0		__DUMMY__ 0.4654179049913001 off 0.28817222045275204 neg 0.24640987455594793	false	0.5
pickelface	off 1.0		__DUMMY__ 0.46316746830487554 off 0.2960399556999845 neg 0.24079257599513992	false	1.0
seiner			__DUMMY__ 0.4666136467901419 off 0.2898926965815316 neg 0.24349365662832656	false	0.0
lauch	neg 1.0	neg 1.0	neg 0.6090544675101167 __DUMMY__ 0.2278295381067614 off 0.16311599438312183	false	1.0
unwichtig	neg 1.0		__DUMMY__ 0.45946795894641296 off 0.3004015402122992 neg 0.24013050084128787	false	0.5
steuerhinterziehung	neg 1.0		__DUMMY__ 0.4621250903917473 off 0.2938680785970668 neg 0.24400683101118575	false	0.5
schock	neg 1.0		__DUMMY__ 0.4637602137653919 off 0.29301246346968296 neg 0.24322732276492517	false	0.5
beule	neg 1.0		__DUMMY__ 0.4568190043253104 off 0.3024088571826315 neg 0.2407721384920582	false	0.5
vergelten	neg 1.0		__DUMMY__ 0.4573991737148842 off 0.30677072483215545 neg 0.23583010145296038	false	0.5
verdorbenheit	neg 1.0		__DUMMY__ 0.4624619487253858 off 0.296469285529356 neg 0.24106876574525823	false	0.5
trauma	neg 1.0		__DUMMY__ 0.4613577374034615 off 0.2963814159207302 neg 0.24226084667580824	false	0.5
sinnlos	neg 1.0		__DUMMY__ 0.4615408579725007 off 0.29720024935986866 neg 0.2412588926676305	false	0.5
fettsack	off 1.0	off 1.0	off 0.6448840594105131 __DUMMY__ 0.21891066445941462 neg 0.1362052761300724	false	1.0
feige	off 1.0	off 1.0	off 0.6412141822090136 __DUMMY__ 0.22196232370708516 neg 0.13682349408390124	false	1.0
abdanken	neg 1.0		__DUMMY__ 0.46359962057170406 off 0.2949065372804415 neg 0.24149384214785458	false	0.5
wichtigtuer	off 1.0	off 1.0	off 0.6393966968419045 __DUMMY__ 0.223742049067419 neg 0.13686125409067648	false	1.0
misslingen	neg 1.0		__DUMMY__ 0.4651867663570626 off 0.2982118328610281 neg 0.23660140078190925	false	0.5
untreu	off 1.0		__DUMMY__ 0.4580469967035552 off 0.3014187034212538 neg 0.24053429987519104	false	1.0
missmutig	neg 1.0		__DUMMY__ 0.45921071822250137 off 0.2984188994213738 neg 0.24237038235612474	false	0.5
hurenbock	off 1.0		__DUMMY__ 0.45986149221318995 off 0.2941988415556365 neg 0.2459396662311736	false	1.0
betrunken	neg 1.0		__DUMMY__ 0.45662621042487483 off 0.3033993738199856 neg 0.23997441575513961	false	0.5
korrupt	off 1.0		__DUMMY__ 0.46169172589362145 off 0.29300591189392 neg 0.24530236221245857	false	1.0
unmut	neg 1.0		__DUMMY__ 0.46722001793019946 off 0.2880293593867254 neg 0.2447506226830752	false	0.5
hackfresse	off 1.0		__DUMMY__ 0.45305388617675624 off 0.3096921850834218 neg 0.2372539287398221	false	1.0
aufblasen	neg 1.0		__DUMMY__ 0.461707459038444 off 0.2948776115359205 neg 0.24341492942563553	false	0.5
gewaltsam	neg 1.0		__DUMMY__ 0.46453672678525354 off 0.2954427377849617 neg 0.24002053542978463	false	0.5
unbeliebtheit	neg 1.0		__DUMMY__ 0.4591462379168139 off 0.3021795310123079 neg 0.2386742310708782	false	0.5
sturheit	neg 1.0		__DUMMY__ 0.4645269170868206 off 0.2946928853175959 neg 0.24078019759558345	false	0.5
kuh	neg 1.0		__DUMMY__ 0.4554000445339053 off 0.29611465926092145 neg 0.24848529620517323	false	0.5
erschrecken	neg 1.0		__DUMMY__ 0.4599761330766854 off 0.2993220213787167 neg 0.24070184554459798	false	0.5
opfer	neg 1.0		__DUMMY__ 0.4665715648006568 off 0.29207630372703836 neg 0.24135213147230483	false	0.5
sinken	neg 1.0		__DUMMY__ 0.4653578877134847 off 0.2878683019249832 neg 0.24677381036153215	false	0.5
stinktier	neg 1.0		__DUMMY__ 0.4515909400846226 off 0.30594650018890435 neg 0.2424625597264731	false	0.5
tucke	off 1.0		__DUMMY__ 0.44910246071762083 off 0.3108539152677448 neg 0.2400436240146345	false	1.0
ein			__DUMMY__ 0.4608228828297692 off 0.29276086613478947 neg 0.24641625103544143	false	0.0
abstieg	neg 1.0		__DUMMY__ 0.46736558064558753 off 0.2942060429597617 neg 0.2384283763946509	false	0.5
missverstehen	neg 1.0		__DUMMY__ 0.460827365581518 off 0.2981503395453018 neg 0.24102229487318025	false	0.5
ergebnislos	neg 1.0		__DUMMY__ 0.46730328877030775 off 0.29210769298465245 neg 0.24058901824503995	false	0.5
unter			__DUMMY__ 0.47257249125159556 off 0.2828073655777563 neg 0.24462014317064815	false	0.0
manipulieren	neg 1.0		__DUMMY__ 0.4662087095204041 off 0.29056415552270615 neg 0.24322713495688983	false	0.5
unbewiesen	neg 1.0		__DUMMY__ 0.461391810320173 off 0.2961643005471598 neg 0.24244388913266723	false	0.5
verschleppen	neg 1.0		__DUMMY__ 0.4640646148582024 off 0.29195534307967835 neg 0.2439800420621193	false	0.5
weib	off 1.0		__DUMMY__ 0.45098397722891653 off 0.31184661200272584 neg 0.23716941076835757	false	1.0
opposition	neg 1.0		__DUMMY__ 0.4602243868014 off 0.29622925431148295 neg 0.24354635888711706	false	0.5
verkehrswidrig	neg 1.0		__DUMMY__ 0.45883379144815134 off 0.30824175154003947 neg 0.2329244570118092	false	0.5
inkorrekt	neg 1.0		__DUMMY__ 0.4565319122922996 off 0.3047570617398332 neg 0.23871102596786722	false	0.5
vermeiden	neg 1.0		__DUMMY__ 0.46966542065615946 off 0.2862070229461307 neg 0.24412755639770972	false	0.5
abweichung	neg 1.0		__DUMMY__ 0.46493750645245213 off 0.29288264274408715 neg 0.24217985080346063	false	0.5
alkoholisiert	neg 1.0		__DUMMY__ 0.4690441204963449 off 0.29100321043236643 neg 0.2399526690712887	false	0.5
scheiss	off 1.0	off 1.0	off 0.6420335467425466 __DUMMY__ 0.2212643810159244 neg 0.13670207224152892	false	1.0
herausforderung	neg 1.0		__DUMMY__ 0.4646100759833948 off 0.2923225300037359 neg 0.24306739401286936	false	0.5
pervers	off 1.0		__DUMMY__ 0.4497768994606916 off 0.3145199597413103 neg 0.23570314079799812	false	1.0
wackelig	neg 1.0		__DUMMY__ 0.46464468983418633 off 0.2920929775108926 neg 0.2432623326549211	false	0.5
verwickeln	neg 1.0		__DUMMY__ 0.4610773409084353 off 0.29697883761597377 neg 0.24194382147559101	false	0.5
vorwand	neg 1.0		__DUMMY__ 0.4666616985784077 off 0.28890836014183513 neg 0.244429941279757	false	0.5
muschi	off 1.0		__DUMMY__ 0.46459060237046773 off 0.29522221957632533 neg 0.24018717805320686	false	1.0
entmutigung	neg 1.0		__DUMMY__ 0.4580587068582714 off 0.29644091061364103 neg 0.2455003825280876	false	0.5
unangemessen	neg 1.0		__DUMMY__ 0.4638968344300124 off 0.2939411166508747 neg 0.24216204891911303	false	0.5
unstetig	neg 1.0		__DUMMY__ 0.46069120723222695 off 0.29987260115112385 neg 0.23943619161664914	false	0.5
entmutigen	neg 1.0		__DUMMY__ 0.46172476013301256 off 0.29580902129368764 neg 0.2424662185732998	false	0.5
schwanz	neg 1.0		__DUMMY__ 0.465249522580835 off 0.2926364904674484 neg 0.24211398695171657	false	0.5
verbot	neg 1.0		__DUMMY__ 0.4627665475821868 off 0.2930446847256716 neg 0.24418876769214154	false	0.5
leid	neg 1.0		__DUMMY__ 0.45525388711110754 off 0.3066591502747449 neg 0.23808696261414772	false	0.5
archaisch	neg 1.0		__DUMMY__ 0.4635539633370175 off 0.29338189906498624 neg 0.24306413759799644	false	0.5
gegen			__DUMMY__ 0.4681701204250919 off 0.28911186172971504 neg 0.24271801784519315	false	0.0
scheidung	neg 1.0		__DUMMY__ 0.4506838783600996 off 0.319514632833014 neg 0.2298014888068864	false	0.5
einschlag	neg 1.0		__DUMMY__ 0.45922990482256243 off 0.3067050697011329 neg 0.2340650254763048	false	0.5
m			__DUMMY__ 0.46448054651384924 off 0.2928080323447157 neg 0.24271142114143499	false	0.0
abgestanden	neg 1.0		__DUMMY__ 0.45736776722140965 off 0.29256630245728604 neg 0.2500659303213044	false	0.5
schmierig	off 1.0		__DUMMY__ 0.45458926000196676 off 0.3058191583111271 neg 0.2395915816869061	false	1.0
unpraktisch	neg 1.0		__DUMMY__ 0.46216096425893666 off 0.2966194901311431 neg 0.24121954560992032	false	0.5
wixxer	off 1.0		__DUMMY__ 0.4485431803648304 off 0.3144641133565946 neg 0.236992706278575	false	1.0
bezeichnet			__DUMMY__ 0.4632903482376129 off 0.29571999032280816 neg 0.24098966143957906	false	0.0
jammerlappen	off 1.0		__DUMMY__ 0.45900354306575686 off 0.30052086486619584 neg 0.24047559206804722	false	1.0
farce	neg 1.0		__DUMMY__ 0.4614059031634784 off 0.2946652768682495 neg 0.24392881996827223	false	0.5
zwecklos	neg 1.0		__DUMMY__ 0.4637994973626241 off 0.29251994249143537 neg 0.24368056014594058	false	0.5
turbulent	neg 1.0		__DUMMY__ 0.4569503133615808 off 0.30264984982934595 neg 0.24039983680907312	false	0.5
invasion	neg 1.0		__DUMMY__ 0.46084065636607846 off 0.29789609538192563 neg 0.24126324825199602	false	0.5
schuld	neg 1.0		__DUMMY__ 0.4619784995051773 off 0.2964187797345949 neg 0.24160272076022787	false	0.5
risiko	neg 1.0		__DUMMY__ 0.45962645842655137 off 0.2966207123085481 neg 0.24375282926490052	false	0.5
finster	neg 1.0		__DUMMY__ 0.4605193479067936 off 0.2934067468123415 neg 0.24607390528086484	false	0.5
geisteskrank	off 1.0		__DUMMY__ 0.45737806207555864 off 0.30339414141678445 neg 0.2392277965076569	false	1.0
zusammenbrechen	neg 1.0		__DUMMY__ 0.4633513377477982 off 0.29249716892821104 neg 0.2441514933239908	false	0.5
ausbeute	neg 1.0		__DUMMY__ 0.46501522858590344 off 0.2943989617110648 neg 0.24058580970303184	false	0.5
hinterhalt	neg 1.0		__DUMMY__ 0.4640432299485744 off 0.2937126834954825 neg 0.24224408655594304	false	0.5
kritik	neg 1.0		__DUMMY__ 0.4615998850861262 off 0.29438098180746997 neg 0.24401913310640388	false	0.5
einschrumpfen	neg 1.0		__DUMMY__ 0.45792730966656436 off 0.3004343648487161 neg 0.24163832548471934	false	0.5
riskant	neg 1.0		__DUMMY__ 0.46553994630726486 off 0.29004711991951787 neg 0.24441293377321735	false	0.5
frustrieren	neg 1.0		__DUMMY__ 0.464568338831994 off 0.29084327695818074 neg 0.24458838420982537	false	0.5
groll	neg 1.0		__DUMMY__ 0.46474395978444255 off 0.293274841615791 neg 0.24198119859976655	false	0.5
gibt			__DUMMY__ 0.4645000165410164 off 0.29245339787142166 neg 0.243046585587562	false	0.0
qualvoll	neg 1.0		__DUMMY__ 0.4606509947238341 off 0.29695493975433007 neg 0.24239406552183584	false	0.5
wackeln	neg 1.0		__DUMMY__ 0.4624007317762904 off 0.2944096754682703 neg 0.24318959275543933	false	0.5
klagen	neg 1.0		__DUMMY__ 0.46595417557537455 off 0.2889098884588283 neg 0.24513593596579722	false	0.5
bankrott	neg 1.0		__DUMMY__ 0.4604908913628827 off 0.300461397776934 neg 0.23904771086018334	false	0.5
trauern	neg 1.0		__DUMMY__ 0.46842574830281003 off 0.291514783133106 neg 0.24005946856408386	false	0.5
ablehnung	neg 1.0		__DUMMY__ 0.4621503964854904 off 0.29375635168390357 neg 0.244093251830606	false	0.5
stur	neg 1.0		__DUMMY__ 0.4611268549561848 off 0.29598383367479 neg 0.2428893113690253	false	0.5
aufruhr	neg 1.0		__DUMMY__ 0.4619860172479765 off 0.2949263835221832 neg 0.24308759922984038	false	0.5
melancholie	neg 1.0		__DUMMY__ 0.4633523587019263 off 0.28844359632017086 neg 0.24820404497790283	false	0.5
ist			__DUMMY__ 0.46152864815208394 off 0.2968244553775021 neg 0.2416468964704138	false	0.0
torheit	neg 1.0		__DUMMY__ 0.46199437226506984 off 0.2966111748785869 neg 0.24139445285634328	false	0.5
dreckskind	off 1.0		__DUMMY__ 0.45222429173052325 off 0.31100304896519876 neg 0.236772659304278	false	1.0
umtauschen	neg 1.0		__DUMMY__ 0.4626632105358513 off 0.2940037685180847 neg 0.24333302094606402	false	0.5
zum			__DUMMY__ 0.4720587668217611 off 0.2873978181348691 neg 0.24054341504336985	false	0.0
zersetzen	neg 1.0		__DUMMY__ 0.46464692153465226 off 0.2894415180340781 neg 0.2459115604312696	false	0.5
zur			__DUMMY__ 0.4699160990554077 off 0.28656045702726707 neg 0.2435234439173251	false	0.0
frust	neg 1.0		__DUMMY__ 0.4635860003920485 off 0.29225818398724446 neg 0.24415581562070715	false	0.5
unerbittlichkeit	neg 1.0		__DUMMY__ 0.4662361030006566 off 0.29137481360903855 neg 0.24238908339030496	false	0.5
zwei			__DUMMY__ 0.4695592825746413 off 0.2855735332898704 neg 0.24486718413548844	false	0.0
unkorrekt	neg 1.0		__DUMMY__ 0.45707362495497317 off 0.30331297841197513 neg 0.23961339663305173	false	0.5
hexe	off 1.0		__DUMMY__ 0.4565120061767859 off 0.2988952045125392 neg 0.24459278931067488	false	1.0
lasch	neg 1.0		__DUMMY__ 0.459470648539841 off 0.2995316224225382 neg 0.2409977290376207	false	0.5
rivale	neg 1.0		__DUMMY__ 0.45723356469352744 off 0.3053307196766006 neg 0.23743571562987192	false	0.5
mutlos	off 1.0	off 1.0	off 0.6359425660031376 __DUMMY__ 0.22573735523721297 neg 0.13832007875964938	false	1.0
wirr	off 1.0		__DUMMY__ 0.4550994261801206 off 0.3050905544342555 neg 0.23981001938562388	false	1.0
jahr			__DUMMY__ 0.46943892204158844 off 0.29158962521876547 neg 0.23897145273964593	false	0.0
wird			__DUMMY__ 0.4650871523586495 off 0.29195718704823176 neg 0.24295566059311868	false	0.0
strafbar	neg 1.0		__DUMMY__ 0.4657654667796991 off 0.2909838232324844 neg 0.2432507099878165	false	0.5
erosion	neg 1.0		__DUMMY__ 0.4630986745253793 off 0.2955015533024888 neg 0.24139977217213196	false	0.5
eingehen	neg 1.0		__DUMMY__ 0.46447417670791485 off 0.2905520300393761 neg 0.24497379325270896	false	0.5
faul	off 1.0		__DUMMY__ 0.45971642516249683 off 0.29969188692232923 neg 0.24059168791517385	false	1.0
provisorium	neg 1.0		__DUMMY__ 0.4728839777342684 off 0.2830466153111666 neg 0.24406940695456508	false	0.5
schmerzen	neg 1.0		__DUMMY__ 0.4617549924219867 off 0.292705389169335 neg 0.24553961840867836	false	0.5
schrumpfen	neg 1.0		__DUMMY__ 0.46674355136848167 off 0.2851643018822645 neg 0.2480921467492539	false	0.5
geistlos	off 1.0		__DUMMY__ 0.4596135203543388 off 0.2980365188552756 neg 0.24234996079038562	false	1.0
fehlkauf	neg 1.0		__DUMMY__ 0.4605106395111941 off 0.29782906753602073 neg 0.24166029295278518	false	0.5
frustrierend	neg 1.0		__DUMMY__ 0.459722731018662 off 0.2990589364685895 neg 0.24121833251274852	false	0.5
unzufrieden	neg 1.0		__DUMMY__ 0.46427957142285425 off 0.2924524892119261 neg 0.24326793936521968	false	0.5
verzweifeln	neg 1.0		__DUMMY__ 0.46352998569345455 off 0.29386484692719117 neg 0.2426051673793543	false	0.5
verzweifelt	neg 1.0		__DUMMY__ 0.4611488873823802 off 0.2960570122163703 neg 0.24279410040124952	false	0.5
misstrauensantrag	neg 1.0		__DUMMY__ 0.46051243120637725 off 0.2969733646027972 neg 0.24251420419082553	false	0.5
abfallen	neg 1.0		__DUMMY__ 0.46171132852062163 off 0.2946329224775283 neg 0.24365574900185008	false	0.5
fucker	off 1.0		__DUMMY__ 0.4574068904042203 off 0.30450816895034233 neg 0.2380849406454373	false	1.0
ungezogen	neg 1.0		__DUMMY__ 0.45175295477138994 off 0.31221056720372925 neg 0.23603647802488092	false	0.5
irrsinnig	neg 1.0	neg 1.0	neg 0.6078163871828443 __DUMMY__ 0.22411258967336817 off 0.16807102314378747	false	1.0
unfassbar	neg 1.0		__DUMMY__ 0.458926769537369 off 0.30178242230685054 neg 0.23929080815578063	false	0.5
hart	neg 1.0		__DUMMY__ 0.4563711585897392 off 0.3011701174261341 neg 0.24245872398412688	false	0.5
widerlich	off 1.0		__DUMMY__ 0.4580835171958531 off 0.30224921892534795 neg 0.23966726387879883	false	1.0
fatal	neg 1.0	neg 1.0	neg 0.6090649557242863 __DUMMY__ 0.22227314422343 off 0.16866190005228363	false	1.0
bruch	neg 1.0		__DUMMY__ 0.46717010649197 off 0.2874856791662984 neg 0.24534421434173168	false	0.5
aushungern	neg 1.0		__DUMMY__ 0.4625516300427231 off 0.29321709509096633 neg 0.24423127486631044	false	0.5
anspannung	neg 1.0		__DUMMY__ 0.47047773269299187 off 0.28624309241268237 neg 0.24327917489432588	false	0.5
von			__DUMMY__ 0.46667940144110903 off 0.28918051245212145 neg 0.24414008610676952	false	0.0
kraftlos	neg 1.0		__DUMMY__ 0.4641347443403986 off 0.2916276341062742 neg 0.2442376215533272	false	0.5
vom			__DUMMY__ 0.4735717213954661 off 0.2839763510715484 neg 0.24245192753298556	false	0.0
grenzdebil	off 1.0		__DUMMY__ 0.4576254583285286 off 0.30163902056918335 neg 0.24073552110228813	false	1.0
vor			__DUMMY__ 0.46741919804789733 off 0.28797147081838254 neg 0.24460933113372002	false	0.0
unterwerfen	neg 1.0		__DUMMY__ 0.4657757042187906 off 0.29188458676182183 neg 0.24233970901938762	false	0.5
versenkung	neg 1.0		__DUMMY__ 0.46625440832819165 off 0.29127886801937314 neg 0.24246672365243518	false	0.5
entziehen	neg 1.0		__DUMMY__ 0.46684226879661345 off 0.2888697532776494 neg 0.24428797792573725	false	0.5
finanzkrise	neg 1.0		__DUMMY__ 0.45778263193557434 off 0.2923250907825126 neg 0.24989227728191316	false	0.5
schimpfend	neg 1.0		__DUMMY__ 0.4632462693367787 off 0.29629424593121484 neg 0.24045948473200637	false	0.5
profan	neg 1.0		__DUMMY__ 0.4603311380643252 off 0.29725162604560057 neg 0.24241723589007408	false	0.5
korruption	neg 1.0		__DUMMY__ 0.462137863249261 off 0.2921977406532732 neg 0.24566439609746576	false	0.5
â			__DUMMY__ 0.46465202156611457 off 0.2920501809806978 neg 0.24329779745318753	false	0.0
schmutzig	neg 1.0		__DUMMY__ 0.4574247960070538 off 0.30170244887002473 neg 0.24087275512292142	false	0.5
sexy	neg 1.0		__DUMMY__ 0.46072441158907645 off 0.29960279756506036 neg 0.23967279084586307	false	0.5
abraten	neg 1.0		__DUMMY__ 0.4618079194367874 off 0.2972940323593489 neg 0.2408980482038638	false	0.5
schwarz	neg 1.0		__DUMMY__ 0.4615492858578644 off 0.29775353421313194 neg 0.24069717992900372	false	0.5
fotze	off 1.0	off 1.0	off 0.6366817847355685 __DUMMY__ 0.22602889073763308 neg 0.13728932452679843	false	1.0
verwirren	neg 1.0		__DUMMY__ 0.4607497825751963 off 0.2978197945337743 neg 0.2414304228910294	false	0.5
zahnlos	off 1.0		__DUMMY__ 0.46364113042238986 off 0.2935004011341341 neg 0.24285846844347606	false	1.0
verheeren	neg 1.0		__DUMMY__ 0.45115565070923225 off 0.31368670936277815 neg 0.23515763992798971	false	0.5
hippie	neg 1.0		__DUMMY__ 0.46048224463878445 off 0.29903475266739366 neg 0.24048300269382197	false	0.5
rammen	neg 1.0		__DUMMY__ 0.4630831361253199 off 0.296076833370678 neg 0.24084003050400218	false	0.5
unlauter	neg 1.0		__DUMMY__ 0.46035642180609937 off 0.29702563147365924 neg 0.2426179467202414	false	0.5
unheilvoll	neg 1.0		__DUMMY__ 0.46111145785728175 off 0.29593593645693117 neg 0.24295260568578717	false	0.5
niedrig	neg 1.0		__DUMMY__ 0.4629179002979075 off 0.29094597359129915 neg 0.24613612611079344	false	0.5
explosion	neg 1.0		__DUMMY__ 0.4609122757009152 off 0.2991045700526359 neg 0.23998315424644887	false	0.5
weichei	off 1.0	off 1.0	off 0.6442920990992672 __DUMMY__ 0.21900018503210084 neg 0.1367077158686321	false	1.0
minusmensch	off 1.0		__DUMMY__ 0.4511679048019198 off 0.31350785372401835 neg 0.2353242414740619	false	1.0
farblos	neg 1.0		__DUMMY__ 0.4619277716895529 off 0.29639196367712417 neg 0.2416802646333229	false	0.5
unwissend	neg 1.0	neg 1.0	neg 0.6070781104814718 __DUMMY__ 0.22241750853119277 off 0.1705043809873355	false	1.0
traurig	neg 1.0		__DUMMY__ 0.4570767126459067 off 0.30460320454638373 neg 0.23832008280770947	false	0.5
senkung	neg 1.0		__DUMMY__ 0.45695219056926606 off 0.29658370714695087 neg 0.24646410228378307	false	0.5
ungleich	neg 1.0	neg 1.0	neg 0.6087509649865394 __DUMMY__ 0.22578436969381557 off 0.16546466531964504	false	1.0
heikel	neg 1.0		__DUMMY__ 0.4655798114986942 off 0.290311781471797 neg 0.24410840702950884	false	0.5
drosselung	neg 1.0		__DUMMY__ 0.45557363534784695 off 0.3010244286582696 neg 0.2434019359938834	false	0.5
falsch	neg 1.0		__DUMMY__ 0.46049771980543897 off 0.29979072783025773 neg 0.2397115523643033	false	0.5
unzufriedenheit	neg 1.0		__DUMMY__ 0.4646519305574102 off 0.2895450318166845 neg 0.24580303762590547	false	0.5
kurz	neg 1.0		__DUMMY__ 0.4651270528202183 off 0.2930311296489698 neg 0.24184181753081194	false	0.5
unsinnig	neg 1.0		__DUMMY__ 0.46212674336727255 off 0.2935312704204656 neg 0.2443419862122618	false	0.5
penner	off 1.0	off 1.0	off 0.6456671351700314 __DUMMY__ 0.2188089149373076 neg 0.13552394989266114	false	1.0
seicht	neg 1.0		__DUMMY__ 0.4500643761670376 off 0.3102823998900891 neg 0.2396532239428732	false	0.5
dummheit	off 1.0	off 1.0	off 0.6392090066758616 __DUMMY__ 0.2229447277069822 neg 0.13784626561715618	false	1.0
unerfreulich	neg 1.0		__DUMMY__ 0.4659582164371415 off 0.29004183735532163 neg 0.24399994620753687	false	0.5
motherfucker	off 1.0	off 1.0	off 0.642546878446152 __DUMMY__ 0.22161375640607267 neg 0.13583936514777528	false	1.0
pikiert	neg 1.0		__DUMMY__ 0.4579597587102639 off 0.3006238539241727 neg 0.24141638736556337	false	0.5
wrack	neg 1.0		__DUMMY__ 0.4682211894457655 off 0.2947846137122919 neg 0.23699419684194262	false	0.5
gangster	neg 1.0		__DUMMY__ 0.4602388679278415 off 0.2992167293303398 neg 0.24054440274181876	false	0.5
krank	neg 1.0		__DUMMY__ 0.45849713163695266 off 0.302094408991079 neg 0.23940845937196836	false	0.5
reich	neg 1.0		__DUMMY__ 0.4564112299796777 off 0.2982121588211595 neg 0.24537661119916288	false	0.5
gnadenlos	neg 1.0		__DUMMY__ 0.46262008545415717 off 0.29634670882936887 neg 0.24103320571647405	false	0.5
niedergeschlagen	neg 1.0		__DUMMY__ 0.4651129306820083 off 0.29251363986963214 neg 0.24237342944835957	false	0.5
terrorisieren	off 1.0	off 1.0	off 0.6352296756279702 __DUMMY__ 0.22627500503649003 neg 0.13849531933553982	false	1.0
sinnlosigkeit	neg 1.0		__DUMMY__ 0.4640159957637279 off 0.2930257493809111 neg 0.24295825485536104	false	0.5
behindern	neg 1.0		__DUMMY__ 0.4624368866745407 off 0.29461667404229525 neg 0.24294643928316415	false	0.5
undemokratisch	neg 1.0		__DUMMY__ 0.4602996296699306 off 0.29735742850637215 neg 0.24234294182369728	false	0.5
wirtschaftskrise	neg 1.0		__DUMMY__ 0.4614928555606662 off 0.29142825879849077 neg 0.24707888564084304	false	0.5
neid	neg 1.0		__DUMMY__ 0.45978730515070854 off 0.2984100139644676 neg 0.24180268088482382	false	0.5
rutschen	neg 1.0		__DUMMY__ 0.4693190641789731 off 0.285096627917413 neg 0.2455843079036137	false	0.5
rezession	neg 1.0		__DUMMY__ 0.45207738425628796 off 0.30272160804036374 neg 0.24520100770334838	false	0.5
fehlgeburt	neg 1.0		__DUMMY__ 0.46331349336173516 off 0.2957682775971514 neg 0.2409182290411134	false	0.5
charakterschwach	off 1.0		__DUMMY__ 0.4579634959394802 off 0.30151953466114056 neg 0.2405169693993792	false	1.0
isolation	neg 1.0		__DUMMY__ 0.4609377717252522 off 0.29989046293490357 neg 0.23917176533984413	false	0.5
ablenkung	neg 1.0		__DUMMY__ 0.46357219527486154 off 0.2949118375291277 neg 0.2415159671960108	false	0.5
pech	neg 1.0		__DUMMY__ 0.45901329201981766 off 0.29933871504617376 neg 0.24164799293400852	false	0.5
vermeidung	neg 1.0		__DUMMY__ 0.4571739406051048 off 0.3014740913214981 neg 0.24135196807339698	false	0.5
dominieren	neg 1.0		__DUMMY__ 0.4640602307412216 off 0.2935387606011156 neg 0.24240100865766284	false	0.5
schwindlig	neg 1.0		__DUMMY__ 0.46050983033609966 off 0.2967455203776226 neg 0.24274464928627768	false	0.5
lutscher	neg 1.0		__DUMMY__ 0.44907051045449037 off 0.3123090805679832 neg 0.23862040897752634	false	0.5
pflicht	neg 1.0		__DUMMY__ 0.46732528139601337 off 0.28926330301919406 neg 0.24341141558479254	false	0.5
faschist	off 1.0		__DUMMY__ 0.4603047639368171 off 0.29948803218570735 neg 0.24020720387747566	false	1.0
verschleudern	neg 1.0		__DUMMY__ 0.4618060356342967 off 0.289692638238479 neg 0.24850132612722445	false	0.5
wenn			__DUMMY__ 0.45889998534336335 off 0.300022640841232 neg 0.24107737381540464	false	0.0
ehebruch	neg 1.0		__DUMMY__ 0.4642122213657143 off 0.29185030930610106 neg 0.24393746932818472	false	0.5
spott	off 1.0		__DUMMY__ 0.46560008678244375 off 0.29233171791573453 neg 0.24206819530182172	false	1.0
trostlosigkeit	neg 1.0		__DUMMY__ 0.4653479743989829 off 0.28826696762540016 neg 0.24638505797561694	false	0.5
lutschen	neg 1.0		__DUMMY__ 0.4605458287959345 off 0.30025520818777846 neg 0.23919896301628701	false	0.5
undiszipliniert	neg 1.0		__DUMMY__ 0.45702766670490336 off 0.3035772999451083 neg 0.2393950333499884	false	0.5
kopfschmerz	neg 1.0		__DUMMY__ 0.46180202395933495 off 0.2899343417486736 neg 0.24826363429199144	false	0.5
unvorhergesehen	neg 1.0		__DUMMY__ 0.4671045224784405 off 0.2893267507731421 neg 0.24356872674841734	false	0.5
desinteressiert	neg 1.0		__DUMMY__ 0.4572839864817302 off 0.3028427051557403 neg 0.2398733083625295	false	0.5
armselig	off 1.0		__DUMMY__ 0.4562949247727305 off 0.305526175076786 neg 0.2381789001504834	false	1.0
desaster	neg 1.0		__DUMMY__ 0.4659535835756263 off 0.28778953529084206 neg 0.2462568811335317	false	0.5
tod	neg 1.0		__DUMMY__ 0.46558336474794415 off 0.2912441837635577 neg 0.24317245148849828	false	0.5
herzlos	neg 1.0		__DUMMY__ 0.45622208575414336 off 0.30470681805773375 neg 0.23907109618812292	false	0.5
unwissenheit	neg 1.0		__DUMMY__ 0.4640572551183547 off 0.2926105411779827 neg 0.24333220370366263	false	0.5
widersinnig	neg 1.0		__DUMMY__ 0.46109372432635937 off 0.2931991899007244 neg 0.24570708577291628	false	0.5
bedenklich	neg 1.0		__DUMMY__ 0.46405449984518976 off 0.2913917274913134 neg 0.2445537726634968	false	0.5
beanstanden	neg 1.0		__DUMMY__ 0.46748604281120243 off 0.290249241834019 neg 0.24226471535477856	false	0.5
panisch	neg 1.0		__DUMMY__ 0.46185688607960174 off 0.29715930838487464 neg 0.24098380553552368	false	0.5
debil	off 1.0		__DUMMY__ 0.47126101974245216 off 0.2833447883021681 neg 0.24539419195537976	false	1.0
abstrich	neg 1.0		__DUMMY__ 0.46388301406454946 off 0.2935782838548936 neg 0.24253870208055703	false	0.5
primitiv	neg 1.0		__DUMMY__ 0.45760456437578434 off 0.3032072311280087 neg 0.23918820449620704	false	0.5
abschaum	off 1.0	off 1.0	off 0.6414865016543917 __DUMMY__ 0.22309375998515335 neg 0.13541973836045496	false	1.0
provozieren	neg 1.0		__DUMMY__ 0.4616344642735224 off 0.29591472957127635 neg 0.24245080615520115	false	0.5
tot	neg 1.0		__DUMMY__ 0.46438499412435086 off 0.29298503258342173 neg 0.2426299732922274	false	0.5
instabil	neg 1.0		__DUMMY__ 0.4543936800680775 off 0.30500346146765506 neg 0.24060285846426757	false	0.5
schwuchtel	off 1.0	off 1.0	off 0.6503655589304015 __DUMMY__ 0.21611486091221283 neg 0.13351958015738558	false	1.0
zerren	neg 1.0		__DUMMY__ 0.4649713981138432 off 0.29238414545058994 neg 0.24264445643556692	false	0.5
kinderficker	off 1.0		__DUMMY__ 0.45450508188706024 off 0.3080144948168694 neg 0.23748042329607044	false	1.0
gefahr	neg 1.0		__DUMMY__ 0.4669591305096528 off 0.28974816466037395 neg 0.2432927048299731	false	0.5
rabiat	neg 1.0		__DUMMY__ 0.4622729653142992 off 0.29366759603476866 neg 0.24405943865093213	false	0.5
verlangsamung	neg 1.0		__DUMMY__ 0.4521042661530994 off 0.3092932785543573 neg 0.23860245529254337	false	0.5
ausgestorben	neg 1.0		__DUMMY__ 0.46401747197431664 off 0.2939486199752137 neg 0.24203390805046957	false	0.5
anklagen	neg 1.0		__DUMMY__ 0.46383988264509574 off 0.29352647908512175 neg 0.24263363826978238	false	0.5
trott	neg 1.0		__DUMMY__ 0.4628973557164178 off 0.29511097600738684 neg 0.24199166827619534	false	0.5
verminderung	neg 1.0		__DUMMY__ 0.4571338730796959 off 0.3015284331399699 neg 0.2413376937803343	false	0.5
nach			__DUMMY__ 0.4714281909520903 off 0.2844247181586826 neg 0.24414709088922706	false	0.0
rost	neg 1.0		__DUMMY__ 0.45461967800416114 off 0.3123055127533628 neg 0.23307480924247612	false	0.5
destruktiv	neg 1.0		__DUMMY__ 0.4621239321323195 off 0.29464485591475503 neg 0.24323121195292532	false	0.5
unzumutbarkeit	neg 1.0		__DUMMY__ 0.45912881433696284 off 0.3024750666977953 neg 0.23839611896524185	false	0.5
labil	off 1.0	off 1.0	off 0.6407104738132832 __DUMMY__ 0.22267360155136076 neg 0.13661592463535607	false	1.0
ziemlich	neg 1.0		__DUMMY__ 0.4594626447152107 off 0.30162156237165016 neg 0.23891579291313925	false	0.5
lachnummer	off 1.0		__DUMMY__ 0.46287224612392197 off 0.2958373009179452 neg 0.24129045295813292	false	1.0
oder			__DUMMY__ 0.4630189707718936 off 0.2957496470684638 neg 0.24123138215964265	false	0.0
verfall	neg 1.0		__DUMMY__ 0.4670633689045424 off 0.2855296276159263 neg 0.24740700347953112	false	0.5
ausgrenzung	neg 1.0		__DUMMY__ 0.4602643995040841 off 0.297240310266948 neg 0.24249529022896774	false	0.5
unordnung	neg 1.0		__DUMMY__ 0.45635153796496053 off 0.306702766844683 neg 0.23694569519035658	false	0.5
fehlverhalten	neg 1.0		__DUMMY__ 0.46553760629652385 off 0.29086504246008266 neg 0.2435973512433935	false	0.5
eine			__DUMMY__ 0.4662582630390939 off 0.2881837728983694 neg 0.24555796406253666	false	0.0
nille	neg 1.0		__DUMMY__ 0.4634191140939399 off 0.2959134199777587 neg 0.24066746592830135	false	0.5
qual	neg 1.0		__DUMMY__ 0.46290657588833 off 0.29465918688047904 neg 0.24243423723119098	false	0.5
verschwenden	neg 1.0		__DUMMY__ 0.4641213920162077 off 0.28976232061291884 neg 0.24611628737087335	false	0.5
riesig	neg 1.0		__DUMMY__ 0.4661924458313659 off 0.2914814476317733 neg 0.24232610653686082	false	0.5
verurteilen	neg 1.0		__DUMMY__ 0.463870423782639 off 0.2931568053218965 neg 0.24297277089546457	false	0.5
klischee	neg 1.0	neg 1.0	neg 0.607787266484509 __DUMMY__ 0.22246430008630863 off 0.16974843342918236	false	1.0
diktatorisch	neg 1.0		__DUMMY__ 0.4603791320494477 off 0.29758486216313057 neg 0.2420360057874217	false	0.5
vorhersehbar	neg 1.0		__DUMMY__ 0.4596408287522132 off 0.298099962046252 neg 0.24225920920153476	false	0.5
sowie			__DUMMY__ 0.45349730977387376 off 0.3066239823771065 neg 0.23987870784901985	false	0.0
stornieren	neg 1.0		__DUMMY__ 0.46429476655938756 off 0.29980289204437155 neg 0.2359023413962409	false	0.5
besteuerung	neg 1.0	neg 1.0	neg 0.610428693993146 __DUMMY__ 0.2222774163990039 off 0.16729388960785008	false	1.0
ungeschminkt	neg 1.0		__DUMMY__ 0.45764941172699514 off 0.3033294065571134 neg 0.23902118171589157	false	0.5
kritisch	neg 1.0		__DUMMY__ 0.4642614221254368 off 0.2926533937748617 neg 0.24308518409970142	false	0.5
schlamperei	off 1.0		__DUMMY__ 0.46515629262120045 off 0.2913184686289391 neg 0.2435252387498603	false	1.0
sucht	neg 1.0	neg 1.0	neg 0.6058556618105745 __DUMMY__ 0.22523440795371105 off 0.16890993023571454	false	1.0
egoistisch	off 1.0	off 1.0	off 0.644853766130138 __DUMMY__ 0.22054669713213337 neg 0.13459953673772873	false	1.0
ausbeuter	off 1.0		__DUMMY__ 0.4637380258834154 off 0.289691182966463 neg 0.24657079115012162	false	1.0
arschgeburt	off 1.0		__DUMMY__ 0.44725025774614324 off 0.31724537518428847 neg 0.2355043670695683	false	1.0
schubs	neg 1.0		__DUMMY__ 0.4629059829897668 off 0.290883909494446 neg 0.24621010751578717	false	0.5
unsolide	neg 1.0		__DUMMY__ 0.460363088148787 off 0.29816692249011534 neg 0.24146998936109748	false	0.5
beschwerde	neg 1.0		__DUMMY__ 0.46445277948148433 off 0.2932166300551881 neg 0.24233059046332764	false	0.5
stocken	neg 1.0		__DUMMY__ 0.4646368802854462 off 0.2917749404778911 neg 0.24358817923666273	false	0.5
isolieren	neg 1.0		__DUMMY__ 0.4628101622089501 off 0.2923618873818202 neg 0.24482795040922975	false	0.5
unheilbar	neg 1.0		__DUMMY__ 0.46225537746987155 off 0.2949981952082266 neg 0.24274642732190185	false	0.5
pisser	off 1.0	off 1.0	off 0.6435002630516585 __DUMMY__ 0.22195248094132486 neg 0.1345472560070166	false	1.0
löschen	neg 1.0		__DUMMY__ 0.46246798548795975 off 0.2958427207214019 neg 0.24168929379063844	false	0.5
durchfallen	neg 1.0		__DUMMY__ 0.46453814571693 off 0.2924831391324559 neg 0.2429787151506141	false	0.5
wichser	off 1.0	off 1.0	off 0.6476783267169904 __DUMMY__ 0.21763302935994508 neg 0.13468864392306457	false	1.0
terror	neg 1.0		__DUMMY__ 0.4607105140568231 off 0.2988378800614134 neg 0.2404516058817635	false	0.5
krass	neg 1.0		__DUMMY__ 0.45521347828966746 off 0.30667454017056905 neg 0.23811198153976337	false	0.5
revolte	neg 1.0		__DUMMY__ 0.45759573887903926 off 0.2982106845679492 neg 0.2441935765530117	false	0.5
besorgt	neg 1.0		__DUMMY__ 0.46535908852594576 off 0.2933383013155588 neg 0.24130261015849533	false	0.5
nachlassen	neg 1.0		__DUMMY__ 0.46576255322831706 off 0.29218769227941904 neg 0.2420497544922638	false	0.5
alt	neg 1.0		__DUMMY__ 0.4607652528137389 off 0.2893870261062097 neg 0.24984772108005135	false	0.5
hundesohn	off 1.0	off 1.0	off 0.6473020406406818 __DUMMY__ 0.21842267983659017 neg 0.13427527952272802	false	1.0
als			__DUMMY__ 0.46322047071075695 off 0.2923939108662314 neg 0.24438561842301154	false	0.0
abschreckung	neg 1.0		__DUMMY__ 0.4654007043763236 off 0.2896507179788042 neg 0.24494857764487213	false	0.5
unqualifiziert	neg 1.0		__DUMMY__ 0.4598334487471463 off 0.30013318204630285 neg 0.2400333692065508	false	0.5
abgewichst	off 1.0		__DUMMY__ 0.46365484842050814 off 0.295033649717969 neg 0.24131150186152295	false	1.0
schwer	neg 1.0		__DUMMY__ 0.46253053814082035 off 0.2940560902278243 neg 0.2434133716313553	false	0.5
bedeutungslosigkeit	neg 1.0		__DUMMY__ 0.4653224905420017 off 0.29032567795733966 neg 0.24435183150065862	false	0.5
kapitulation	neg 1.0		__DUMMY__ 0.4630421942896544 off 0.29174831887695707 neg 0.24520948683338864	false	0.5
unscharf	neg 1.0		__DUMMY__ 0.45781881312967154 off 0.2959057542437071 neg 0.24627543262662124	false	0.5
schwinden	neg 1.0		__DUMMY__ 0.464013207322329 off 0.2898162765569961 neg 0.246170516120675	false	0.5
versklavung	neg 1.0	neg 1.0	neg 0.6083885000231163 __DUMMY__ 0.2232373614200061 off 0.16837413855687752	false	1.0
schlecht	neg 1.0		__DUMMY__ 0.4596458717595858 off 0.30188733134239143 neg 0.23846679689802278	false	0.5
verhasst	neg 1.0		__DUMMY__ 0.46117355269737204 off 0.29668650601844315 neg 0.24213994128418476	false	0.5
beschweren	neg 1.0		__DUMMY__ 0.4622100510184784 off 0.29751359965531055 neg 0.24027634932621095	false	0.5
scheiden	neg 1.0		__DUMMY__ 0.4617621697217663 off 0.29456749231167656 neg 0.24367033796655724	false	0.5
frustriert	neg 1.0		__DUMMY__ 0.4638283095702591 off 0.2935822365430245 neg 0.24258945388671646	false	0.5
schimmelig	neg 1.0		__DUMMY__ 0.46251472316330927 off 0.2909406225811554 neg 0.24654465425553537	false	0.5
fisch	neg 1.0		__DUMMY__ 0.46319012257750436 off 0.28673448775665544 neg 0.25007538966584014	false	0.5
schmuggel	neg 1.0		__DUMMY__ 0.4679115321147102 off 0.2892223487442043 neg 0.2428661191410856	false	0.5
auffallen	neg 1.0		__DUMMY__ 0.46099903383082147 off 0.2975712007195484 neg 0.2414297654496302	false	0.5
konkurrenz	neg 1.0		__DUMMY__ 0.4664473987802412 off 0.2901175425864061 neg 0.24343505863335266	false	0.5
teufelskreis	neg 1.0	neg 1.0	neg 0.6099193018070008 __DUMMY__ 0.22364015046429844 off 0.16644054772870073	false	1.0
aufschreien	neg 1.0		__DUMMY__ 0.45984539323724405 off 0.2979899811725373 neg 0.2421646255902186	false	0.5
schuldner	neg 1.0		__DUMMY__ 0.4628704922241219 off 0.28904017632401796 neg 0.2480893314518601	false	0.5
missgeburt	off 1.0	off 1.0	off 0.6469425318881173 __DUMMY__ 0.22044724988078085 neg 0.1326102182311018	false	1.0
arbeitslos	neg 1.0		__DUMMY__ 0.46442324191600204 off 0.29231331903698454 neg 0.24326343904701347	false	0.5
befallen	neg 1.0		__DUMMY__ 0.4606204892943075 off 0.2928194910967538 neg 0.2465600196089387	false	0.5
miesepetrig	off 1.0	off 1.0	off 0.6405657871397374 __DUMMY__ 0.22246390765687243 neg 0.13697030520339018	false	1.0
alarmieren	neg 1.0		__DUMMY__ 0.45984648204182127 off 0.3007480738770864 neg 0.23940544408109238	false	0.5
ungeduscht	off 1.0		__DUMMY__ 0.45885530410109737 off 0.2996546904077899 neg 0.24149000549111266	false	1.0
knappheit	neg 1.0		__DUMMY__ 0.4618040723638035 off 0.2916705398324763 neg 0.24652538780372033	false	0.5
schlange	neg 1.0		__DUMMY__ 0.4624851802508813 off 0.2953290342688547 neg 0.24218578548026384	false	0.5
harsch	neg 1.0		__DUMMY__ 0.4581239726256262 off 0.3072041816742975 neg 0.23467184570007638	false	0.5
lang	neg 1.0		__DUMMY__ 0.46207456946167647 off 0.2967204640302732 neg 0.24120496650805034	false	0.5
ziellos	neg 1.0		__DUMMY__ 0.4658625898833144 off 0.2906792619427718 neg 0.2434581481739137	false	0.5
selbstverliebt	neg 1.0		__DUMMY__ 0.4505225354555513 off 0.3146040821337875 neg 0.23487338241066139	false	0.5
beseitigen	neg 1.0		__DUMMY__ 0.4646703346290659 off 0.29586991104930893 neg 0.23945975432162522	false	0.5
dumm	off 1.0		__DUMMY__ 0.4536159303513523 off 0.3088302624102067 neg 0.23755380723844102	false	1.0
arbeitsloser	neg 1.0		__DUMMY__ 0.4670400294284922 off 0.2936579713247309 neg 0.23930199924677678	false	0.5
blitzen	neg 1.0		__DUMMY__ 0.4600823669867291 off 0.29969935571726525 neg 0.2402182772960056	false	0.5
hilflos	neg 1.0		__DUMMY__ 0.4640876697937057 off 0.292272816373157 neg 0.24363951383313723	false	0.5
eklig	off 1.0		__DUMMY__ 0.45195630923055163 off 0.3087034904506128 neg 0.23934020031883552	false	1.0
begriff			__DUMMY__ 0.4630758389396225 off 0.29467998394742373 neg 0.24224417711295385	false	0.0
hungersnot	neg 1.0		__DUMMY__ 0.46214503837802495 off 0.291887680172926 neg 0.24596728144904906	false	0.5
ungesetzlich	neg 1.0		__DUMMY__ 0.4599316025054844 off 0.2973149639776172 neg 0.24275343351689851	false	0.5
verschwendung	neg 1.0		__DUMMY__ 0.46511879908637443 off 0.2901684841533671 neg 0.2447127167602586	false	0.5
schmerzvoll	neg 1.0		__DUMMY__ 0.46076432745088153 off 0.2962642918453373 neg 0.24297138070378108	false	0.5
vorzeitig	neg 1.0		__DUMMY__ 0.46095860009476103 off 0.30176526438104756 neg 0.23727613552419133	false	0.5
unvollkommenheit	neg 1.0		__DUMMY__ 0.4642468581445043 off 0.2937457944241499 neg 0.24200734743134567	false	0.5
intervenieren	neg 1.0		__DUMMY__ 0.4632584486345298 off 0.2903440923311612 neg 0.24639745903430896	false	0.5
banause	off 1.0		__DUMMY__ 0.44914679085424014 off 0.30959841293938817 neg 0.24125479620637177	false	1.0
rebell	neg 1.0		__DUMMY__ 0.46576245684728995 off 0.2854470347058211 neg 0.24879050844688888	false	0.5
unlogisch	neg 1.0		__DUMMY__ 0.4567683937211418 off 0.30425398910838836 neg 0.23897761717046972	false	0.5
leiden	neg 1.0		__DUMMY__ 0.4684213636969546 off 0.2900062179330032 neg 0.24157241837004229	false	0.5
abschaffung	neg 1.0		__DUMMY__ 0.46051999296371 off 0.2958371405032329 neg 0.2436428665330572	false	0.5
sturz	neg 1.0		__DUMMY__ 0.4646142352296064 off 0.29902623006167184 neg 0.2363595347087219	false	0.5
verkleinerung	neg 1.0		__DUMMY__ 0.45702161836882405 off 0.29867986608600616 neg 0.24429851554516965	false	0.5
schmarotzer	off 1.0		__DUMMY__ 0.46333273496877425 off 0.2931022009468299 neg 0.2435650640843959	false	1.0
bestrafung	neg 1.0	neg 1.0	neg 0.6071363946129221 __DUMMY__ 0.22478691945353615 off 0.16807668593354183	false	1.0
achtlos	neg 1.0		__DUMMY__ 0.46360016406831406 off 0.2934269406665713 neg 0.24297289526511473	false	0.5
ungeheuer	neg 1.0		__DUMMY__ 0.4604947183164121 off 0.2946206873572524 neg 0.24488459432633555	false	0.5
unaufrichtig	neg 1.0		__DUMMY__ 0.4603430398572966 off 0.3003406560714338 neg 0.23931630407126972	false	0.5
groggy	neg 1.0		__DUMMY__ 0.4614296661229934 off 0.29928687484224326 neg 0.23928345903476328	false	0.5
verletzlich	neg 1.0		__DUMMY__ 0.4563777643016919 off 0.2998166800042508 neg 0.24380555569405735	false	0.5
