unsolidarisch	neg 1.0		__DUMMY__ 0.46055831604590225 off 0.2954322785936329 neg 0.24400940536046475	false	0.5
nachteilig	neg 1.0		__DUMMY__ 0.4665296562463773 off 0.29189302524602906 neg 0.24157731850759373	false	0.5
skeptisch	neg 1.0		__DUMMY__ 0.46607798367391573 off 0.28999154310531217 neg 0.24393047322077208	false	0.5
schrecklich	neg 1.0		__DUMMY__ 0.4566323002347782 off 0.30496175584394536 neg 0.23840594392127637	false	0.5
schlapp	neg 1.0	neg 1.0	neg 0.6068774107301089 __DUMMY__ 0.22238466420105168 off 0.1707379250688394	false	1.0
abfall	neg 1.0		__DUMMY__ 0.46867608930608606 off 0.28679968877768885 neg 0.24452422191622508	false	0.5
widerspenstig	neg 1.0		__DUMMY__ 0.46176377459276835 off 0.29368642460707517 neg 0.24454980080015662	false	0.5
abrupt	neg 1.0		__DUMMY__ 0.46474035353484805 off 0.28865575327419585 neg 0.2466038931909561	false	0.5
unwirksam	neg 1.0		__DUMMY__ 0.4580562398658091 off 0.2936944619380549 neg 0.24824929819613598	false	0.5
angreifen	neg 1.0		__DUMMY__ 0.46621746669139963 off 0.28922064252185353 neg 0.2445618907867469	false	0.5
inkonsistent	neg 1.0		__DUMMY__ 0.4596724664660453 off 0.29740057220024546 neg 0.24292696133370936	false	0.5
abrutschen	neg 1.0		__DUMMY__ 0.46815798431544614 off 0.2861223133847779 neg 0.245719702299776	false	0.5
unsicher	neg 1.0		__DUMMY__ 0.4635425589114869 off 0.29509588027494016 neg 0.241361560813573	false	0.5
bauernkind	off 1.0	off 1.0	off 0.6435980917686239 __DUMMY__ 0.21843088273756975 neg 0.1379710254938064	false	1.0
angreifer	neg 1.0		__DUMMY__ 0.4632395119669137 off 0.30051519831799056 neg 0.23624528971509567	false	0.5
trennen	neg 1.0		__DUMMY__ 0.46690868492164816 off 0.28913342506425044 neg 0.24395789001410131	false	0.5
schmutz	neg 1.0		__DUMMY__ 0.46435112922240734 off 0.299823273736287 neg 0.23582559704130568	false	0.5
inkonsistenz	neg 1.0		__DUMMY__ 0.4597642127578985 off 0.30063039486459225 neg 0.23960539237750925	false	0.5
erschreckend	neg 1.0		__DUMMY__ 0.46324239768094916 off 0.29416027853529664 neg 0.2425973237837543	false	0.5
ertrinken	neg 1.0		__DUMMY__ 0.4654179049913003 off 0.28817222045275226 neg 0.24640987455594746	false	0.5
pickelface	off 1.0		__DUMMY__ 0.463167468304876 off 0.29603995569998454 neg 0.24079257599513965	false	1.0
seiner			__DUMMY__ 0.46661364679014167 off 0.289892696581531 neg 0.24349365662832714	false	0.0
lauch	neg 1.0	neg 1.0	neg 0.6090544675101166 __DUMMY__ 0.22782953810676154 off 0.16311599438312177	false	1.0
unwichtig	neg 1.0		__DUMMY__ 0.45946795894641257 off 0.3004015402122992 neg 0.24013050084128817	false	0.5
steuerhinterziehung	neg 1.0		__DUMMY__ 0.46212509039174743 off 0.2938680785970666 neg 0.2440068310111858	false	0.5
schock	neg 1.0		__DUMMY__ 0.46376021376539245 off 0.2930124634696823 neg 0.24322732276492529	false	0.5
beule	neg 1.0		__DUMMY__ 0.45681900432531086 off 0.30240885718263105 neg 0.2407721384920582	false	0.5
vergelten	neg 1.0		__DUMMY__ 0.4573991737148841 off 0.30677072483215534 neg 0.2358301014529606	false	0.5
verdorbenheit	neg 1.0		__DUMMY__ 0.46246194872538543 off 0.2964692855293565 neg 0.241068765745258	false	0.5
trauma	neg 1.0		__DUMMY__ 0.46135773740346137 off 0.29638141592072975 neg 0.2422608466758089	false	0.5
sinnlos	neg 1.0		__DUMMY__ 0.4615408579725006 off 0.2972002493598685 neg 0.24125889266763087	false	0.5
fettsack	off 1.0	off 1.0	off 0.6448840594105129 __DUMMY__ 0.21891066445941468 neg 0.1362052761300724	false	1.0
feige	off 1.0	off 1.0	off 0.6412141822090137 __DUMMY__ 0.221962323707085 neg 0.13682349408390124	false	1.0
abdanken	neg 1.0		__DUMMY__ 0.46359962057170384 off 0.29490653728044175 neg 0.24149384214785444	false	0.5
wichtigtuer	off 1.0	off 1.0	off 0.6393966968419043 __DUMMY__ 0.2237420490674191 neg 0.13686125409067662	false	1.0
misslingen	neg 1.0		__DUMMY__ 0.46518676635706296 off 0.2982118328610278 neg 0.23660140078190922	false	0.5
untreu	off 1.0		__DUMMY__ 0.45804699670355487 off 0.30141870342125393 neg 0.2405342998751914	false	1.0
missmutig	neg 1.0		__DUMMY__ 0.45921071822250203 off 0.29841889942137334 neg 0.24237038235612474	false	0.5
hurenbock	off 1.0		__DUMMY__ 0.45986149221318995 off 0.29419884155563664 neg 0.24593966623117333	false	1.0
betrunken	neg 1.0		__DUMMY__ 0.4566262104248749 off 0.30339937381998533 neg 0.23997441575513986	false	0.5
korrupt	off 1.0		__DUMMY__ 0.4616917258936218 off 0.2930059118939198 neg 0.24530236221245844	false	1.0
unmut	neg 1.0		__DUMMY__ 0.46722001793019896 off 0.28802935938672575 neg 0.24475062268307532	false	0.5
hackfresse	off 1.0		__DUMMY__ 0.45305388617675574 off 0.3096921850834219 neg 0.2372539287398225	false	1.0
aufblasen	neg 1.0		__DUMMY__ 0.46170745903844435 off 0.2948776115359203 neg 0.24341492942563542	false	0.5
gewaltsam	neg 1.0		__DUMMY__ 0.46453672678525326 off 0.29544273778496166 neg 0.24002053542978494	false	0.5
unbeliebtheit	neg 1.0		__DUMMY__ 0.4591462379168141 off 0.30217953101230793 neg 0.23867423107087804	false	0.5
sturheit	neg 1.0		__DUMMY__ 0.46452691708682026 off 0.29469288531759597 neg 0.2407801975955838	false	0.5
kuh	neg 1.0		__DUMMY__ 0.4554000445339055 off 0.29611465926092106 neg 0.2484852962051734	false	0.5
erschrecken	neg 1.0		__DUMMY__ 0.4599761330766848 off 0.29932202137871733 neg 0.24070184554459798	false	0.5
opfer	neg 1.0		__DUMMY__ 0.4665715648006575 off 0.29207630372703824 neg 0.24135213147230442	false	0.5
sinken	neg 1.0		__DUMMY__ 0.46535788771348463 off 0.28786830192498297 neg 0.24677381036153237	false	0.5
stinktier	neg 1.0		__DUMMY__ 0.4515909400846222 off 0.3059465001889048 neg 0.24246255972647296	false	0.5
tucke	off 1.0		__DUMMY__ 0.4491024607176208 off 0.31085391526774464 neg 0.2400436240146347	false	1.0
ein			__DUMMY__ 0.46082288282976885 off 0.2927608661347893 neg 0.2464162510354418	false	0.0
abstieg	neg 1.0		__DUMMY__ 0.4673655806455876 off 0.29420604295976194 neg 0.23842837639465053	false	0.5
missverstehen	neg 1.0		__DUMMY__ 0.4608273655815177 off 0.298150339545302 neg 0.24102229487318036	false	0.5
ergebnislos	neg 1.0		__DUMMY__ 0.46730328877030775 off 0.2921076929846521 neg 0.2405890182450402	false	0.5
unter			__DUMMY__ 0.47257249125159534 off 0.2828073655777563 neg 0.2446201431706483	false	0.0
manipulieren	neg 1.0		__DUMMY__ 0.4662087095204043 off 0.29056415552270587 neg 0.24322713495688983	false	0.5
unbewiesen	neg 1.0		__DUMMY__ 0.4613918103201727 off 0.29616430054716014 neg 0.2424438891326671	false	0.5
verschleppen	neg 1.0		__DUMMY__ 0.4640646148582022 off 0.29195534307967874 neg 0.24398004206211923	false	0.5
weib	off 1.0		__DUMMY__ 0.4509839772289163 off 0.3118466120027259 neg 0.23716941076835774	false	1.0
opposition	neg 1.0		__DUMMY__ 0.46022438680139965 off 0.29622925431148345 neg 0.24354635888711687	false	0.5
verkehrswidrig	neg 1.0		__DUMMY__ 0.4588337914481512 off 0.30824175154003947 neg 0.23292445701180933	false	0.5
inkorrekt	neg 1.0		__DUMMY__ 0.4565319122923 off 0.30475706173983297 neg 0.23871102596786706	false	0.5
vermeiden	neg 1.0		__DUMMY__ 0.4696654206561591 off 0.286207022946131 neg 0.24412755639771003	false	0.5
abweichung	neg 1.0		__DUMMY__ 0.4649375064524522 off 0.292882642744087 neg 0.24217985080346074	false	0.5
alkoholisiert	neg 1.0		__DUMMY__ 0.469044120496345 off 0.29100321043236604 neg 0.23995266907128895	false	0.5
scheiss	off 1.0	off 1.0	off 0.6420335467425466 __DUMMY__ 0.2212643810159244 neg 0.13670207224152892	false	1.0
herausforderung	neg 1.0		__DUMMY__ 0.46461007598339477 off 0.2923225300037356 neg 0.24306739401286964	false	0.5
pervers	off 1.0		__DUMMY__ 0.4497768994606919 off 0.3145199597413097 neg 0.2357031407979983	false	1.0
wackelig	neg 1.0		__DUMMY__ 0.4646446898341871 off 0.2920929775108918 neg 0.24326233265492114	false	0.5
verwickeln	neg 1.0		__DUMMY__ 0.4610773409084356 off 0.2969788376159735 neg 0.2419438214755909	false	0.5
vorwand	neg 1.0		__DUMMY__ 0.4666616985784075 off 0.2889083601418351 neg 0.24442994127975748	false	0.5
muschi	off 1.0		__DUMMY__ 0.4645906023704679 off 0.2952222195763254 neg 0.24018717805320675	false	1.0
entmutigung	neg 1.0		__DUMMY__ 0.4580587068582713 off 0.29644091061364103 neg 0.24550038252808776	false	0.5
unangemessen	neg 1.0		__DUMMY__ 0.4638968344300125 off 0.2939411166508744 neg 0.24216204891911314	false	0.5
unstetig	neg 1.0		__DUMMY__ 0.46069120723222695 off 0.29987260115112374 neg 0.23943619161664925	false	0.5
entmutigen	neg 1.0		__DUMMY__ 0.46172476013301267 off 0.2958090212936874 neg 0.24246621857329992	false	0.5
schwanz	neg 1.0		__DUMMY__ 0.46524952258083524 off 0.29263649046744794 neg 0.24211398695171665	false	0.5
verbot	neg 1.0		__DUMMY__ 0.4627665475821868 off 0.29304468472567186 neg 0.24418876769214123	false	0.5
leid	neg 1.0		__DUMMY__ 0.4552538871111075 off 0.3066591502747445 neg 0.23808696261414794	false	0.5
archaisch	neg 1.0		__DUMMY__ 0.46355396333701665 off 0.29338189906498685 neg 0.24306413759799658	false	0.5
gegen			__DUMMY__ 0.46817012042509115 off 0.28911186172971504 neg 0.2427180178451938	false	0.0
scheidung	neg 1.0		__DUMMY__ 0.45068387836009993 off 0.3195146328330139 neg 0.22980148880688625	false	0.5
einschlag	neg 1.0		__DUMMY__ 0.4592299048225625 off 0.30670506970113287 neg 0.23406502547630464	false	0.5
m			__DUMMY__ 0.46448054651384885 off 0.2928080323447165 neg 0.24271142114143465	false	0.0
abgestanden	neg 1.0		__DUMMY__ 0.4573677672214097 off 0.29256630245728626 neg 0.2500659303213042	false	0.5
schmierig	off 1.0		__DUMMY__ 0.45458926000196714 off 0.3058191583111267 neg 0.23959158168690625	false	1.0
unpraktisch	neg 1.0		__DUMMY__ 0.462160964258937 off 0.2966194901311425 neg 0.2412195456099204	false	0.5
wixxer	off 1.0		__DUMMY__ 0.4485431803648305 off 0.3144641133565945 neg 0.23699270627857502	false	1.0
bezeichnet			__DUMMY__ 0.4632903482376134 off 0.2957199903228077 neg 0.24098966143957895	false	0.0
jammerlappen	off 1.0		__DUMMY__ 0.45900354306575764 off 0.30052086486619545 neg 0.24047559206804692	false	1.0
farce	neg 1.0		__DUMMY__ 0.4614059031634782 off 0.2946652768682497 neg 0.2439288199682722	false	0.5
zwecklos	neg 1.0		__DUMMY__ 0.4637994973626239 off 0.29251994249143565 neg 0.24368056014594047	false	0.5
turbulent	neg 1.0		__DUMMY__ 0.45695031336158093 off 0.3026498498293458 neg 0.2403998368090733	false	0.5
invasion	neg 1.0		__DUMMY__ 0.46084065636607907 off 0.29789609538192546 neg 0.2412632482519956	false	0.5
schuld	neg 1.0		__DUMMY__ 0.4619784995051774 off 0.296418779734595 neg 0.24160272076022757	false	0.5
risiko	neg 1.0		__DUMMY__ 0.45962645842655137 off 0.29662071230854803 neg 0.24375282926490063	false	0.5
finster	neg 1.0		__DUMMY__ 0.4605193479067934 off 0.29340674681234163 neg 0.24607390528086504	false	0.5
geisteskrank	off 1.0		__DUMMY__ 0.45737806207555853 off 0.3033941414167846 neg 0.2392277965076568	false	1.0
zusammenbrechen	neg 1.0		__DUMMY__ 0.4633513377477979 off 0.29249716892821054 neg 0.24415149332399147	false	0.5
ausbeute	neg 1.0		__DUMMY__ 0.4650152285859035 off 0.29439896171106467 neg 0.24058580970303178	false	0.5
hinterhalt	neg 1.0		__DUMMY__ 0.4640432299485742 off 0.29371268349548285 neg 0.242244086555943	false	0.5
kritik	neg 1.0		__DUMMY__ 0.46159988508612626 off 0.29438098180746985 neg 0.244019133106404	false	0.5
einschrumpfen	neg 1.0		__DUMMY__ 0.4579273096665643 off 0.3004343648487162 neg 0.24163832548471958	false	0.5
riskant	neg 1.0		__DUMMY__ 0.465539946307265 off 0.29004711991951765 neg 0.24441293377321752	false	0.5
frustrieren	neg 1.0		__DUMMY__ 0.46456833883199355 off 0.29084327695818074 neg 0.24458838420982573	false	0.5
groll	neg 1.0		__DUMMY__ 0.4647439597844429 off 0.29327484161579076 neg 0.2419811985997662	false	0.5
gibt			__DUMMY__ 0.4645000165410168 off 0.2924533978714215 neg 0.24304658558756181	false	0.0
qualvoll	neg 1.0		__DUMMY__ 0.46065099472383353 off 0.2969549397543305 neg 0.2423940655218359	false	0.5
wackeln	neg 1.0		__DUMMY__ 0.46240073177629065 off 0.29440967546827007 neg 0.24318959275543908	false	0.5
klagen	neg 1.0		__DUMMY__ 0.46595417557537416 off 0.28890988845882853 neg 0.24513593596579733	false	0.5
bankrott	neg 1.0		__DUMMY__ 0.46049089136288224 off 0.3004613977769345 neg 0.23904771086018342	false	0.5
trauern	neg 1.0		__DUMMY__ 0.46842574830280964 off 0.29151478313310647 neg 0.2400594685640838	false	0.5
ablehnung	neg 1.0		__DUMMY__ 0.4621503964854908 off 0.2937563516839032 neg 0.244093251830606	false	0.5
stur	neg 1.0		__DUMMY__ 0.461126854956185 off 0.2959838336747897 neg 0.2428893113690252	false	0.5
aufruhr	neg 1.0		__DUMMY__ 0.46198601724797683 off 0.29492638352218276 neg 0.24308759922984044	false	0.5
melancholie	neg 1.0		__DUMMY__ 0.46335235870192665 off 0.2884435963201708 neg 0.24820404497790252	false	0.5
ist			__DUMMY__ 0.46152864815208433 off 0.29682445537750174 neg 0.2416468964704139	false	0.0
torheit	neg 1.0		__DUMMY__ 0.46199437226506984 off 0.29661117487858707 neg 0.24139445285634312	false	0.5
dreckskind	off 1.0		__DUMMY__ 0.452224291730523 off 0.31100304896519826 neg 0.2367726593042786	false	1.0
umtauschen	neg 1.0		__DUMMY__ 0.4626632105358513 off 0.29400376851808446 neg 0.2433330209460642	false	0.5
zum			__DUMMY__ 0.4720587668217606 off 0.28739781813486964 neg 0.2405434150433697	false	0.0
zersetzen	neg 1.0		__DUMMY__ 0.46464692153465176 off 0.2894415180340786 neg 0.24591156043126955	false	0.5
zur			__DUMMY__ 0.4699160990554075 off 0.2865604570272673 neg 0.24352344391732517	false	0.0
frust	neg 1.0		__DUMMY__ 0.4635860003920486 off 0.2922581839872443 neg 0.24415581562070715	false	0.5
unerbittlichkeit	neg 1.0		__DUMMY__ 0.4662361030006566 off 0.29137481360903883 neg 0.2423890833903046	false	0.5
zwei			__DUMMY__ 0.4695592825746413 off 0.28557353328987034 neg 0.2448671841354883	false	0.0
unkorrekt	neg 1.0		__DUMMY__ 0.4570736249549732 off 0.303312978411975 neg 0.23961339663305167	false	0.5
hexe	off 1.0		__DUMMY__ 0.456512006176786 off 0.29889520451253926 neg 0.2445927893106747	false	1.0
lasch	neg 1.0		__DUMMY__ 0.45947064853984165 off 0.2995316224225378 neg 0.24099772903762048	false	0.5
rivale	neg 1.0		__DUMMY__ 0.45723356469352755 off 0.30533071967660097 neg 0.2374357156298715	false	0.5
mutlos	off 1.0	off 1.0	off 0.6359425660031376 __DUMMY__ 0.2257373552372132 neg 0.13832007875964925	false	1.0
wirr	off 1.0		__DUMMY__ 0.45509942618012045 off 0.3050905544342555 neg 0.23981001938562405	false	1.0
jahr			__DUMMY__ 0.46943892204158855 off 0.2915896252187656 neg 0.2389714527396458	false	0.0
wird			__DUMMY__ 0.46508715235864917 off 0.2919571870482322 neg 0.2429556605931186	false	0.0
strafbar	neg 1.0		__DUMMY__ 0.4657654667796991 off 0.29098382323248456 neg 0.24325070998781637	false	0.5
erosion	neg 1.0		__DUMMY__ 0.4630986745253796 off 0.29550155330248834 neg 0.24139977217213207	false	0.5
eingehen	neg 1.0		__DUMMY__ 0.4644741767079152 off 0.2905520300393756 neg 0.24497379325270913	false	0.5
faul	off 1.0		__DUMMY__ 0.4597164251624974 off 0.29969188692232873 neg 0.24059168791517385	false	1.0
provisorium	neg 1.0		__DUMMY__ 0.47288397773426827 off 0.2830466153111668 neg 0.24406940695456483	false	0.5
schmerzen	neg 1.0		__DUMMY__ 0.46175499242198637 off 0.29270538916933525 neg 0.2455396184086783	false	0.5
schrumpfen	neg 1.0		__DUMMY__ 0.4667435513684817 off 0.28516430188226444 neg 0.2480921467492537	false	0.5
geistlos	off 1.0		__DUMMY__ 0.45961352035433894 off 0.2980365188552754 neg 0.24234996079038582	false	1.0
fehlkauf	neg 1.0		__DUMMY__ 0.4605106395111943 off 0.2978290675360204 neg 0.24166029295278532	false	0.5
frustrierend	neg 1.0		__DUMMY__ 0.4597227310186614 off 0.29905893646859016 neg 0.24121833251274838	false	0.5
unzufrieden	neg 1.0		__DUMMY__ 0.46427957142285364 off 0.29245248921192607 neg 0.24326793936522015	false	0.5
verzweifeln	neg 1.0		__DUMMY__ 0.46352998569345455 off 0.29386484692719145 neg 0.2426051673793538	false	0.5
verzweifelt	neg 1.0		__DUMMY__ 0.46114888738237936 off 0.2960570122163707 neg 0.24279410040125007	false	0.5
misstrauensantrag	neg 1.0		__DUMMY__ 0.4605124312063776 off 0.29697336460279683 neg 0.24251420419082553	false	0.5
abfallen	neg 1.0		__DUMMY__ 0.46171132852062224 off 0.2946329224775277 neg 0.24365574900185014	false	0.5
fucker	off 1.0		__DUMMY__ 0.4574068904042207 off 0.3045081689503425 neg 0.2380849406454369	false	1.0
ungezogen	neg 1.0		__DUMMY__ 0.45175295477138977 off 0.3122105672037291 neg 0.236036478024881	false	0.5
irrsinnig	neg 1.0	neg 1.0	neg 0.6078163871828445 __DUMMY__ 0.22411258967336783 off 0.1680710231437877	false	1.0
unfassbar	neg 1.0		__DUMMY__ 0.4589267695373688 off 0.3017824223068509 neg 0.23929080815578052	false	0.5
hart	neg 1.0		__DUMMY__ 0.4563711585897394 off 0.30117011742613375 neg 0.24245872398412693	false	0.5
widerlich	off 1.0		__DUMMY__ 0.4580835171958529 off 0.3022492189253482 neg 0.239667263878799	false	1.0
fatal	neg 1.0	neg 1.0	neg 0.6090649557242862 __DUMMY__ 0.22227314422342997 off 0.1686619000522838	false	1.0
bruch	neg 1.0		__DUMMY__ 0.4671701064919699 off 0.28748567916629864 neg 0.2453442143417316	false	0.5
aushungern	neg 1.0		__DUMMY__ 0.4625516300427228 off 0.29321709509096633 neg 0.2442312748663108	false	0.5
anspannung	neg 1.0		__DUMMY__ 0.470477732692992 off 0.2862430924126817 neg 0.24327917489432624	false	0.5
von			__DUMMY__ 0.46667940144110925 off 0.28918051245212106 neg 0.2441400861067697	false	0.0
kraftlos	neg 1.0		__DUMMY__ 0.4641347443403986 off 0.2916276341062739 neg 0.2442376215533275	false	0.5
vom			__DUMMY__ 0.473571721395466 off 0.2839763510715485 neg 0.24245192753298545	false	0.0
grenzdebil	off 1.0		__DUMMY__ 0.45762545832852897 off 0.301639020569183 neg 0.24073552110228819	false	1.0
vor			__DUMMY__ 0.467419198047898 off 0.2879714708183819 neg 0.2446093311337202	false	0.0
unterwerfen	neg 1.0		__DUMMY__ 0.4657757042187902 off 0.29188458676182183 neg 0.2423397090193879	false	0.5
versenkung	neg 1.0		__DUMMY__ 0.4662544083281918 off 0.29127886801937325 neg 0.2424667236524348	false	0.5
entziehen	neg 1.0		__DUMMY__ 0.46684226879661334 off 0.288869753277649 neg 0.24428797792573761	false	0.5
finanzkrise	neg 1.0		__DUMMY__ 0.45778263193557434 off 0.29232509078251245 neg 0.24989227728191335	false	0.5
schimpfend	neg 1.0		__DUMMY__ 0.463246269336779 off 0.29629424593121484 neg 0.2404594847320061	false	0.5
profan	neg 1.0		__DUMMY__ 0.4603311380643253 off 0.2972516260456005 neg 0.2424172358900742	false	0.5
korruption	neg 1.0		__DUMMY__ 0.4621378632492611 off 0.29219774065327314 neg 0.24566439609746576	false	0.5
â			__DUMMY__ 0.4646520215661143 off 0.2920501809806979 neg 0.24329779745318778	false	0.0
schmutzig	neg 1.0		__DUMMY__ 0.45742479600705327 off 0.3017024488700252 neg 0.24087275512292164	false	0.5
sexy	neg 1.0		__DUMMY__ 0.46072441158907584 off 0.2996027975650607 neg 0.2396727908458635	false	0.5
abraten	neg 1.0		__DUMMY__ 0.4618079194367878 off 0.2972940323593487 neg 0.2408980482038635	false	0.5
schwarz	neg 1.0		__DUMMY__ 0.4615492858578637 off 0.29775353421313194 neg 0.24069717992900438	false	0.5
fotze	off 1.0	off 1.0	off 0.6366817847355685 __DUMMY__ 0.22602889073763283 neg 0.13728932452679865	false	1.0
verwirren	neg 1.0		__DUMMY__ 0.46074978257519644 off 0.2978197945337744 neg 0.24143042289102923	false	0.5
zahnlos	off 1.0		__DUMMY__ 0.4636411304223903 off 0.2935004011341341 neg 0.24285846844347575	false	1.0
verheeren	neg 1.0		__DUMMY__ 0.45115565070923247 off 0.3136867093627781 neg 0.23515763992798952	false	0.5
hippie	neg 1.0		__DUMMY__ 0.4604822446387844 off 0.2990347526673934 neg 0.24048300269382222	false	0.5
rammen	neg 1.0		__DUMMY__ 0.4630831361253201 off 0.29607683337067786 neg 0.24084003050400202	false	0.5
unlauter	neg 1.0		__DUMMY__ 0.4603564218060994 off 0.29702563147365907 neg 0.2426179467202415	false	0.5
unheilvoll	neg 1.0		__DUMMY__ 0.4611114578572813 off 0.29593593645693117 neg 0.24295260568578758	false	0.5
niedrig	neg 1.0		__DUMMY__ 0.4629179002979077 off 0.290945973591299 neg 0.24613612611079344	false	0.5
explosion	neg 1.0		__DUMMY__ 0.4609122757009158 off 0.2991045700526357 neg 0.2399831542464484	false	0.5
weichei	off 1.0	off 1.0	off 0.6442920990992672 __DUMMY__ 0.21900018503210072 neg 0.13670771586863206	false	1.0
minusmensch	off 1.0		__DUMMY__ 0.4511679048019198 off 0.31350785372401835 neg 0.23532424147406178	false	1.0
farblos	neg 1.0		__DUMMY__ 0.461927771689553 off 0.29639196367712417 neg 0.2416802646333229	false	0.5
unwissend	neg 1.0	neg 1.0	neg 0.6070781104814718 __DUMMY__ 0.22241750853119288 off 0.17050438098733547	false	1.0
traurig	neg 1.0		__DUMMY__ 0.45707671264590716 off 0.30460320454638345 neg 0.23832008280770936	false	0.5
senkung	neg 1.0		__DUMMY__ 0.4569521905692663 off 0.2965837071469506 neg 0.24646410228378313	false	0.5
ungleich	neg 1.0	neg 1.0	neg 0.6087509649865392 __DUMMY__ 0.225784369693816 off 0.16546466531964477	false	1.0
heikel	neg 1.0		__DUMMY__ 0.465579811498694 off 0.29031178147179704 neg 0.2441084070295089	false	0.5
drosselung	neg 1.0		__DUMMY__ 0.45557363534784656 off 0.30102442865826984 neg 0.24340193599388363	false	0.5
falsch	neg 1.0		__DUMMY__ 0.46049771980543874 off 0.29979072783025784 neg 0.23971155236430344	false	0.5
unzufriedenheit	neg 1.0		__DUMMY__ 0.46465193055741055 off 0.2895450318166844 neg 0.24580303762590494	false	0.5
kurz	neg 1.0		__DUMMY__ 0.4651270528202178 off 0.2930311296489703 neg 0.24184181753081174	false	0.5
unsinnig	neg 1.0		__DUMMY__ 0.46212674336727294 off 0.29353127042046534 neg 0.24434198621226166	false	0.5
penner	off 1.0	off 1.0	off 0.645667135170031 __DUMMY__ 0.21880891493730772 neg 0.13552394989266112	false	1.0
seicht	neg 1.0		__DUMMY__ 0.45006437616703776 off 0.3102823998900888 neg 0.23965322394287342	false	0.5
dummheit	off 1.0	off 1.0	off 0.6392090066758616 __DUMMY__ 0.22294472770698237 neg 0.1378462656171561	false	1.0
unerfreulich	neg 1.0		__DUMMY__ 0.4659582164371415 off 0.2900418373553216 neg 0.24399994620753693	false	0.5
motherfucker	off 1.0	off 1.0	off 0.6425468784461524 __DUMMY__ 0.22161375640607237 neg 0.1358393651477753	false	1.0
pikiert	neg 1.0		__DUMMY__ 0.45795975871026384 off 0.30062385392417285 neg 0.2414163873655633	false	0.5
wrack	neg 1.0		__DUMMY__ 0.4682211894457654 off 0.29478461371229164 neg 0.23699419684194298	false	0.5
gangster	neg 1.0		__DUMMY__ 0.4602388679278413 off 0.29921672933033944 neg 0.24054440274181918	false	0.5
krank	neg 1.0		__DUMMY__ 0.45849713163695316 off 0.3020944089910786 neg 0.23940845937196842	false	0.5
reich	neg 1.0		__DUMMY__ 0.45641122997967765 off 0.29821215882115937 neg 0.24537661119916293	false	0.5
gnadenlos	neg 1.0		__DUMMY__ 0.4626200854541566 off 0.2963467088293688 neg 0.24103320571647455	false	0.5
niedergeschlagen	neg 1.0		__DUMMY__ 0.4651129306820087 off 0.2925136398696323 neg 0.24237342944835885	false	0.5
terrorisieren	off 1.0	off 1.0	off 0.6352296756279701 __DUMMY__ 0.22627500503649048 neg 0.13849531933553946	false	1.0
sinnlosigkeit	neg 1.0		__DUMMY__ 0.46401599576372804 off 0.2930257493809108 neg 0.24295825485536104	false	0.5
behindern	neg 1.0		__DUMMY__ 0.46243688667454047 off 0.2946166740422953 neg 0.24294643928316417	false	0.5
undemokratisch	neg 1.0		__DUMMY__ 0.46029962966993015 off 0.29735742850637215 neg 0.24234294182369776	false	0.5
wirtschaftskrise	neg 1.0		__DUMMY__ 0.4614928555606666 off 0.2914282587984904 neg 0.247078885640843	false	0.5
neid	neg 1.0		__DUMMY__ 0.4597873051507089 off 0.2984100139644671 neg 0.24180268088482398	false	0.5
rutschen	neg 1.0		__DUMMY__ 0.4693190641789726 off 0.28509662791741325 neg 0.24558430790361407	false	0.5
rezession	neg 1.0		__DUMMY__ 0.45207738425628846 off 0.3027216080403636 neg 0.24520100770334807	false	0.5
fehlgeburt	neg 1.0		__DUMMY__ 0.463313493361735 off 0.2957682775971518 neg 0.24091822904111315	false	0.5
charakterschwach	off 1.0		__DUMMY__ 0.45796349593948005 off 0.3015195346611404 neg 0.24051696939937944	false	1.0
isolation	neg 1.0		__DUMMY__ 0.4609377717252516 off 0.2998904629349042 neg 0.2391717653398442	false	0.5
ablenkung	neg 1.0		__DUMMY__ 0.46357219527486115 off 0.2949118375291277 neg 0.24151596719601115	false	0.5
pech	neg 1.0		__DUMMY__ 0.45901329201981755 off 0.29933871504617376 neg 0.24164799293400863	false	0.5
vermeidung	neg 1.0		__DUMMY__ 0.45717394060510463 off 0.3014740913214982 neg 0.24135196807339718	false	0.5
dominieren	neg 1.0		__DUMMY__ 0.4640602307412219 off 0.2935387606011153 neg 0.24240100865766284	false	0.5
schwindlig	neg 1.0		__DUMMY__ 0.46050983033609993 off 0.296745520377623 neg 0.2427446492862772	false	0.5
lutscher	neg 1.0		__DUMMY__ 0.44907051045449026 off 0.312309080567983 neg 0.23862040897752676	false	0.5
pflicht	neg 1.0		__DUMMY__ 0.4673252813960138 off 0.28926330301919384 neg 0.24341141558479232	false	0.5
faschist	off 1.0		__DUMMY__ 0.4603047639368171 off 0.2994880321857071 neg 0.24020720387747596	false	1.0
verschleudern	neg 1.0		__DUMMY__ 0.46180603563429706 off 0.2896926382384784 neg 0.2485013261272245	false	0.5
wenn			__DUMMY__ 0.45889998534336396 off 0.30002264084123176 neg 0.24107737381540423	false	0.0
ehebruch	neg 1.0		__DUMMY__ 0.4642122213657145 off 0.2918503093061009 neg 0.24393746932818458	false	0.5
spott	off 1.0		__DUMMY__ 0.46560008678244363 off 0.2923317179157343 neg 0.24206819530182197	false	1.0
trostlosigkeit	neg 1.0		__DUMMY__ 0.4653479743989832 off 0.2882669676253998 neg 0.24638505797561705	false	0.5
lutschen	neg 1.0		__DUMMY__ 0.46054582879593486 off 0.30025520818777796 neg 0.23919896301628715	false	0.5
undiszipliniert	neg 1.0		__DUMMY__ 0.4570276667049032 off 0.3035772999451085 neg 0.23939503334998813	false	0.5
kopfschmerz	neg 1.0		__DUMMY__ 0.46180202395933495 off 0.28993434174867333 neg 0.24826363429199164	false	0.5
unvorhergesehen	neg 1.0		__DUMMY__ 0.46710452247844053 off 0.2893267507731422 neg 0.2435687267484173	false	0.5
desinteressiert	neg 1.0		__DUMMY__ 0.45728398648172996 off 0.30284270515574074 neg 0.23987330836252932	false	0.5
armselig	off 1.0		__DUMMY__ 0.4562949247727305 off 0.3055261750767859 neg 0.23817890015048357	false	1.0
desaster	neg 1.0		__DUMMY__ 0.46595358357562633 off 0.2877895352908417 neg 0.24625688113353192	false	0.5
tod	neg 1.0		__DUMMY__ 0.4655833647479442 off 0.29124418376355776 neg 0.24317245148849798	false	0.5
herzlos	neg 1.0		__DUMMY__ 0.456222085754143 off 0.3047068180577339 neg 0.23907109618812286	false	0.5
unwissenheit	neg 1.0		__DUMMY__ 0.4640572551183547 off 0.29261054117798235 neg 0.2433322037036631	false	0.5
widersinnig	neg 1.0		__DUMMY__ 0.46109372432635926 off 0.2931991899007242 neg 0.24570708577291647	false	0.5
bedenklich	neg 1.0		__DUMMY__ 0.46405449984519026 off 0.29139172749131304 neg 0.24455377266349662	false	0.5
beanstanden	neg 1.0		__DUMMY__ 0.4674860428112023 off 0.29024924183401923 neg 0.24226471535477834	false	0.5
panisch	neg 1.0		__DUMMY__ 0.46185688607960174 off 0.2971593083848748 neg 0.24098380553552365	false	0.5
debil	off 1.0		__DUMMY__ 0.471261019742453 off 0.2833447883021676 neg 0.24539419195537945	false	1.0
abstrich	neg 1.0		__DUMMY__ 0.4638830140645492 off 0.2935782838548938 neg 0.24253870208055703	false	0.5
primitiv	neg 1.0		__DUMMY__ 0.45760456437578434 off 0.303207231128009 neg 0.23918820449620662	false	0.5
abschaum	off 1.0	off 1.0	off 0.6414865016543914 __DUMMY__ 0.22309375998515335 neg 0.13541973836045518	false	1.0
provozieren	neg 1.0		__DUMMY__ 0.46163446427352217 off 0.2959147295712765 neg 0.2424508061552012	false	0.5
tot	neg 1.0		__DUMMY__ 0.46438499412435075 off 0.29298503258342196 neg 0.24262997329222727	false	0.5
instabil	neg 1.0		__DUMMY__ 0.45439368006807745 off 0.30500346146765506 neg 0.24060285846426763	false	0.5
schwuchtel	off 1.0	off 1.0	off 0.6503655589304018 __DUMMY__ 0.2161148609122125 neg 0.13351958015738563	false	1.0
zerren	neg 1.0		__DUMMY__ 0.4649713981138435 off 0.29238414545058966 neg 0.24264445643556673	false	0.5
kinderficker	off 1.0		__DUMMY__ 0.45450508188706024 off 0.30801449481686927 neg 0.2374804232960704	false	1.0
gefahr	neg 1.0		__DUMMY__ 0.4669591305096527 off 0.2897481646603739 neg 0.2432927048299734	false	0.5
rabiat	neg 1.0		__DUMMY__ 0.4622729653142992 off 0.29366759603476855 neg 0.2440594386509323	false	0.5
verlangsamung	neg 1.0		__DUMMY__ 0.4521042661530989 off 0.3092932785543576 neg 0.23860245529254354	false	0.5
ausgestorben	neg 1.0		__DUMMY__ 0.46401747197431703 off 0.2939486199752137 neg 0.24203390805046943	false	0.5
anklagen	neg 1.0		__DUMMY__ 0.4638398826450958 off 0.2935264790851218 neg 0.24263363826978232	false	0.5
trott	neg 1.0		__DUMMY__ 0.4628973557164181 off 0.29511097600738695 neg 0.24199166827619492	false	0.5
verminderung	neg 1.0		__DUMMY__ 0.45713387307969594 off 0.30152843313996963 neg 0.24133769378033437	false	0.5
nach			__DUMMY__ 0.4714281909520904 off 0.2844247181586824 neg 0.24414709088922723	false	0.0
rost	neg 1.0		__DUMMY__ 0.45461967800416053 off 0.3123055127533628 neg 0.23307480924247662	false	0.5
destruktiv	neg 1.0		__DUMMY__ 0.4621239321323192 off 0.29464485591475525 neg 0.24323121195292546	false	0.5
unzumutbarkeit	neg 1.0		__DUMMY__ 0.4591288143369637 off 0.3024750666977949 neg 0.23839611896524154	false	0.5
labil	off 1.0	off 1.0	off 0.6407104738132827 __DUMMY__ 0.2226736015513612 neg 0.13661592463535616	false	1.0
ziemlich	neg 1.0		__DUMMY__ 0.4594626447152113 off 0.3016215623716495 neg 0.2389157929131392	false	0.5
lachnummer	off 1.0		__DUMMY__ 0.46287224612392175 off 0.2958373009179454 neg 0.24129045295813267	false	1.0
oder			__DUMMY__ 0.4630189707718935 off 0.29574964706846363 neg 0.24123138215964282	false	0.0
verfall	neg 1.0		__DUMMY__ 0.4670633689045421 off 0.28552962761592654 neg 0.24740700347953132	false	0.5
ausgrenzung	neg 1.0		__DUMMY__ 0.46026439950408454 off 0.2972403102669482 neg 0.24249529022896724	false	0.5
unordnung	neg 1.0		__DUMMY__ 0.45635153796496 off 0.3067027668446832 neg 0.2369456951903569	false	0.5
fehlverhalten	neg 1.0		__DUMMY__ 0.4655376062965235 off 0.29086504246008277 neg 0.24359735124339366	false	0.5
eine			__DUMMY__ 0.4662582630390939 off 0.28818377289836966 neg 0.2455579640625364	false	0.0
nille	neg 1.0		__DUMMY__ 0.46341911409394065 off 0.2959134199777584 neg 0.240667465928301	false	0.5
qual	neg 1.0		__DUMMY__ 0.46290657588832945 off 0.29465918688047943 neg 0.24243423723119112	false	0.5
verschwenden	neg 1.0		__DUMMY__ 0.4641213920162076 off 0.2897623206129191 neg 0.24611628737087315	false	0.5
riesig	neg 1.0		__DUMMY__ 0.466192445831366 off 0.29148144763177286 neg 0.24232610653686107	false	0.5
verurteilen	neg 1.0		__DUMMY__ 0.46387042378263893 off 0.29315680532189614 neg 0.24297277089546487	false	0.5
klischee	neg 1.0	neg 1.0	neg 0.607787266484509 __DUMMY__ 0.22246430008630866 off 0.16974843342918244	false	1.0
diktatorisch	neg 1.0		__DUMMY__ 0.46037913204944786 off 0.2975848621631306 neg 0.24203600578742143	false	0.5
vorhersehbar	neg 1.0		__DUMMY__ 0.459640828752213 off 0.2980999620462518 neg 0.24225920920153507	false	0.5
sowie			__DUMMY__ 0.45349730977387415 off 0.3066239823771058 neg 0.23987870784902016	false	0.0
stornieren	neg 1.0		__DUMMY__ 0.4642947665593878 off 0.29980289204437166 neg 0.2359023413962406	false	0.5
besteuerung	neg 1.0	neg 1.0	neg 0.6104286939931463 __DUMMY__ 0.22227741639900375 off 0.16729388960784997	false	1.0
ungeschminkt	neg 1.0		__DUMMY__ 0.457649411726995 off 0.30332940655711366 neg 0.2390211817158913	false	0.5
kritisch	neg 1.0		__DUMMY__ 0.46426142212543703 off 0.29265339377486144 neg 0.24308518409970148	false	0.5
schlamperei	off 1.0		__DUMMY__ 0.4651562926212007 off 0.2913184686289392 neg 0.24352523874986007	false	1.0
sucht	neg 1.0	neg 1.0	neg 0.6058556618105745 __DUMMY__ 0.22523440795371105 off 0.16890993023571452	false	1.0
egoistisch	off 1.0	off 1.0	off 0.6448537661301378 __DUMMY__ 0.22054669713213335 neg 0.13459953673772873	false	1.0
ausbeuter	off 1.0		__DUMMY__ 0.4637380258834147 off 0.28969118296646346 neg 0.24657079115012187	false	1.0
arschgeburt	off 1.0		__DUMMY__ 0.4472502577461428 off 0.3172453751842888 neg 0.23550436706956845	false	1.0
schubs	neg 1.0		__DUMMY__ 0.46290598298976665 off 0.29088390949444615 neg 0.24621010751578723	false	0.5
unsolide	neg 1.0		__DUMMY__ 0.46036308814878685 off 0.2981669224901157 neg 0.24146998936109748	false	0.5
beschwerde	neg 1.0		__DUMMY__ 0.4644527794814836 off 0.2932166300551886 neg 0.2423305904633278	false	0.5
stocken	neg 1.0		__DUMMY__ 0.46463688028544675 off 0.2917749404778908 neg 0.24358817923666237	false	0.5
isolieren	neg 1.0		__DUMMY__ 0.46281016220895027 off 0.2923618873818203 neg 0.24482795040922956	false	0.5
unheilbar	neg 1.0		__DUMMY__ 0.4622553774698713 off 0.2949981952082269 neg 0.2427464273219018	false	0.5
pisser	off 1.0	off 1.0	off 0.6435002630516584 __DUMMY__ 0.22195248094132491 neg 0.1345472560070167	false	1.0
löschen	neg 1.0		__DUMMY__ 0.46246798548795964 off 0.295842720721402 neg 0.24168929379063844	false	0.5
durchfallen	neg 1.0		__DUMMY__ 0.4645381457169299 off 0.292483139132456 neg 0.2429787151506141	false	0.5
wichser	off 1.0	off 1.0	off 0.6476783267169902 __DUMMY__ 0.21763302935994525 neg 0.1346886439230646	false	1.0
terror	neg 1.0		__DUMMY__ 0.46071051405682256 off 0.2988378800614136 neg 0.2404516058817638	false	0.5
krass	neg 1.0		__DUMMY__ 0.45521347828966746 off 0.3066745401705692 neg 0.23811198153976337	false	0.5
revolte	neg 1.0		__DUMMY__ 0.45759573887903937 off 0.29821068456794936 neg 0.24419357655301138	false	0.5
besorgt	neg 1.0		__DUMMY__ 0.4653590885259457 off 0.2933383013155588 neg 0.24130261015849538	false	0.5
nachlassen	neg 1.0		__DUMMY__ 0.46576255322831717 off 0.292187692279419 neg 0.2420497544922638	false	0.5
alt	neg 1.0		__DUMMY__ 0.46076525281373837 off 0.28938702610621003 neg 0.24984772108005154	false	0.5
hundesohn	off 1.0	off 1.0	off 0.6473020406406819 __DUMMY__ 0.2184226798365903 neg 0.13427527952272786	false	1.0
als			__DUMMY__ 0.4632204707107562 off 0.2923939108662317 neg 0.24438561842301196	false	0.0
abschreckung	neg 1.0		__DUMMY__ 0.4654007043763238 off 0.2896507179788043 neg 0.24494857764487193	false	0.5
unqualifiziert	neg 1.0		__DUMMY__ 0.45983344874714643 off 0.30013318204630246 neg 0.24003336920655105	false	0.5
abgewichst	off 1.0		__DUMMY__ 0.4636548484205084 off 0.2950336497179686 neg 0.24131150186152295	false	1.0
schwer	neg 1.0		__DUMMY__ 0.46253053814082024 off 0.2940560902278247 neg 0.2434133716313552	false	0.5
bedeutungslosigkeit	neg 1.0		__DUMMY__ 0.46532249054200153 off 0.2903256779573402 neg 0.24435183150065826	false	0.5
kapitulation	neg 1.0		__DUMMY__ 0.46304219428965454 off 0.29174831887695685 neg 0.2452094868333887	false	0.5
unscharf	neg 1.0		__DUMMY__ 0.4578188131296712 off 0.2959057542437068 neg 0.24627543262662202	false	0.5
schwinden	neg 1.0		__DUMMY__ 0.464013207322329 off 0.2898162765569963 neg 0.2461705161206747	false	0.5
versklavung	neg 1.0	neg 1.0	neg 0.6083885000231164 __DUMMY__ 0.22323736142000628 off 0.16837413855687736	false	1.0
schlecht	neg 1.0		__DUMMY__ 0.4596458717595865 off 0.30188733134239115 neg 0.23846679689802242	false	0.5
verhasst	neg 1.0		__DUMMY__ 0.46117355269737187 off 0.29668650601844304 neg 0.24213994128418512	false	0.5
beschweren	neg 1.0		__DUMMY__ 0.46221005101847795 off 0.2975135996553104 neg 0.2402763493262116	false	0.5
scheiden	neg 1.0		__DUMMY__ 0.4617621697217662 off 0.2945674923116762 neg 0.24367033796655754	false	0.5
frustriert	neg 1.0		__DUMMY__ 0.4638283095702595 off 0.2935822365430246 neg 0.24258945388671588	false	0.5
schimmelig	neg 1.0		__DUMMY__ 0.462514723163309 off 0.29094062258115566 neg 0.2465446542555354	false	0.5
fisch	neg 1.0		__DUMMY__ 0.46319012257750475 off 0.2867344877566553 neg 0.25007538966584014	false	0.5
schmuggel	neg 1.0		__DUMMY__ 0.4679115321147101 off 0.28922234874420427 neg 0.24286611914108572	false	0.5
auffallen	neg 1.0		__DUMMY__ 0.46099903383082136 off 0.29757120071954796 neg 0.24142976544963068	false	0.5
konkurrenz	neg 1.0		__DUMMY__ 0.46644739878024155 off 0.2901175425864058 neg 0.24343505863335263	false	0.5
teufelskreis	neg 1.0	neg 1.0	neg 0.6099193018070009 __DUMMY__ 0.2236401504642983 off 0.16644054772870065	false	1.0
aufschreien	neg 1.0		__DUMMY__ 0.45984539323724455 off 0.2979899811725365 neg 0.24216462559021887	false	0.5
schuldner	neg 1.0		__DUMMY__ 0.462870492224122 off 0.2890401763240182 neg 0.2480893314518598	false	0.5
missgeburt	off 1.0	off 1.0	off 0.6469425318881172 __DUMMY__ 0.22044724988078093 neg 0.1326102182311019	false	1.0
arbeitslos	neg 1.0		__DUMMY__ 0.4644232419160019 off 0.2923133190369846 neg 0.24326343904701342	false	0.5
befallen	neg 1.0		__DUMMY__ 0.4606204892943071 off 0.2928194910967542 neg 0.24656001960893875	false	0.5
miesepetrig	off 1.0	off 1.0	off 0.6405657871397373 __DUMMY__ 0.22246390765687257 neg 0.1369703052033901	false	1.0
alarmieren	neg 1.0		__DUMMY__ 0.4598464820418214 off 0.30074807387708624 neg 0.23940544408109232	false	0.5
ungeduscht	off 1.0		__DUMMY__ 0.45885530410109754 off 0.2996546904077901 neg 0.24149000549111235	false	1.0
knappheit	neg 1.0		__DUMMY__ 0.46180407236380333 off 0.29167053983247615 neg 0.24652538780372063	false	0.5
schlange	neg 1.0		__DUMMY__ 0.46248518025088126 off 0.2953290342688546 neg 0.24218578548026407	false	0.5
harsch	neg 1.0		__DUMMY__ 0.4581239726256265 off 0.3072041816742972 neg 0.23467184570007632	false	0.5
lang	neg 1.0		__DUMMY__ 0.4620745694616764 off 0.29672046403027347 neg 0.24120496650805026	false	0.5
ziellos	neg 1.0		__DUMMY__ 0.4658625898833148 off 0.29067926194277166 neg 0.24345814817391356	false	0.5
selbstverliebt	neg 1.0		__DUMMY__ 0.45052253545555154 off 0.31460408213378666 neg 0.234873382410662	false	0.5
beseitigen	neg 1.0		__DUMMY__ 0.46467033462906554 off 0.29586991104930893 neg 0.23945975432162564	false	0.5
dumm	off 1.0		__DUMMY__ 0.4536159303513531 off 0.30883026241020606 neg 0.23755380723844086	false	1.0
arbeitsloser	neg 1.0		__DUMMY__ 0.4670400294284927 off 0.29365797132473037 neg 0.23930199924677692	false	0.5
blitzen	neg 1.0		__DUMMY__ 0.46008236698672916 off 0.29969935571726547 neg 0.24021827729600523	false	0.5
hilflos	neg 1.0		__DUMMY__ 0.46408766979370497 off 0.2922728163731574 neg 0.24363951383313756	false	0.5
eklig	off 1.0		__DUMMY__ 0.4519563092305517 off 0.308703490450613 neg 0.23934020031883535	false	1.0
begriff			__DUMMY__ 0.4630758389396229 off 0.29467998394742345 neg 0.2422441771129536	false	0.0
hungersnot	neg 1.0		__DUMMY__ 0.46214503837802473 off 0.2918876801729257 neg 0.2459672814490495	false	0.5
ungesetzlich	neg 1.0		__DUMMY__ 0.4599316025054842 off 0.29731496397761714 neg 0.2427534335168986	false	0.5
verschwendung	neg 1.0		__DUMMY__ 0.46511879908637505 off 0.2901684841533666 neg 0.2447127167602585	false	0.5
schmerzvoll	neg 1.0		__DUMMY__ 0.4607643274508814 off 0.2962642918453376 neg 0.24297138070378083	false	0.5
vorzeitig	neg 1.0		__DUMMY__ 0.4609586000947611 off 0.3017652643810474 neg 0.23727613552419152	false	0.5
unvollkommenheit	neg 1.0		__DUMMY__ 0.4642468581445042 off 0.29374579442415033 neg 0.24200734743134558	false	0.5
intervenieren	neg 1.0		__DUMMY__ 0.4632584486345298 off 0.2903440923311614 neg 0.2463974590343087	false	0.5
banause	off 1.0		__DUMMY__ 0.4491467908542401 off 0.30959841293938833 neg 0.24125479620637158	false	1.0
rebell	neg 1.0		__DUMMY__ 0.4657624568472897 off 0.28544703470582156 neg 0.2487905084468888	false	0.5
unlogisch	neg 1.0		__DUMMY__ 0.45676839372114175 off 0.30425398910838825 neg 0.23897761717046992	false	0.5
leiden	neg 1.0		__DUMMY__ 0.4684213636969547 off 0.29000621793300274 neg 0.24157241837004248	false	0.5
abschaffung	neg 1.0		__DUMMY__ 0.4605199929637096 off 0.2958371405032329 neg 0.24364286653305745	false	0.5
sturz	neg 1.0		__DUMMY__ 0.4646142352296059 off 0.29902623006167195 neg 0.2363595347087222	false	0.5
verkleinerung	neg 1.0		__DUMMY__ 0.45702161836882393 off 0.2986798660860063 neg 0.24429851554516965	false	0.5
schmarotzer	off 1.0		__DUMMY__ 0.46333273496877414 off 0.2931022009468302 neg 0.24356506408439574	false	1.0
bestrafung	neg 1.0	neg 1.0	neg 0.6071363946129223 __DUMMY__ 0.22478691945353596 off 0.16807668593354175	false	1.0
achtlos	neg 1.0		__DUMMY__ 0.4636001640683142 off 0.2934269406665714 neg 0.24297289526511442	false	0.5
ungeheuer	neg 1.0		__DUMMY__ 0.4604947183164121 off 0.29462068735725216 neg 0.2448845943263358	false	0.5
unaufrichtig	neg 1.0		__DUMMY__ 0.4603430398572971 off 0.30034065607143356 neg 0.23931630407126925	false	0.5
groggy	neg 1.0		__DUMMY__ 0.46142966612299363 off 0.29928687484224314 neg 0.23928345903476322	false	0.5
verletzlich	neg 1.0		__DUMMY__ 0.4563777643016919 off 0.2998166800042506 neg 0.24380555569405754	false	0.5
