unsolidarisch	neg 1.0		off 0.510738200993003 neg 0.42241445487564466 __DUMMY__ 0.0668473441313524	false	0.5
nachteilig	neg 1.0		off 0.5099475038072847 neg 0.4222824138641254 __DUMMY__ 0.06777008232858985	false	0.5
skeptisch	neg 1.0		off 0.5076721115806718 neg 0.4246183648386226 __DUMMY__ 0.06770952358070559	false	0.5
schrecklich	neg 1.0		off 0.5190932215938399 neg 0.41467983395594377 __DUMMY__ 0.06622694445021628	false	0.5
schlapp	neg 1.0	neg 1.0	neg 0.6932136619564666 off 0.27508860872872004 __DUMMY__ 0.03169772931481331	false	1.0
abfall	neg 1.0		off 0.5055258790398308 neg 0.4263674859939378 __DUMMY__ 0.06810663496623137	false	0.5
widerspenstig	neg 1.0		off 0.5095746409173924 neg 0.42340184531402053 __DUMMY__ 0.06702351376858717	false	0.5
abrupt	neg 1.0		off 0.5056387548272704 neg 0.4268852565065008 __DUMMY__ 0.06747598866622889	false	0.5
unwirksam	neg 1.0		off 0.5077158126804052 neg 0.42583670041898003 __DUMMY__ 0.06644748690061476	false	0.5
angreifen	neg 1.0		off 0.5069013213776253 neg 0.42536597842052554 __DUMMY__ 0.06773270020184907	false	0.5
inkonsistent	neg 1.0		off 0.5125369644261916 neg 0.4207721971425311 __DUMMY__ 0.06669083843127732	false	0.5
abrutschen	neg 1.0		off 0.5045584592325336 neg 0.42740966329384794 __DUMMY__ 0.0680318774736185	false	0.5
unsicher	neg 1.0		off 0.5119028134460032 neg 0.42078550247601954 __DUMMY__ 0.06731168407797733	false	0.5
bauernkind	off 1.0	off 1.0	off 0.7461518064582225 neg 0.22273218414158538 __DUMMY__ 0.03111600940019212	false	1.0
angreifer	neg 1.0		off 0.5175477476193138 neg 0.41520259700526607 __DUMMY__ 0.0672496553754203	false	0.5
trennen	neg 1.0		off 0.5072003857891818 neg 0.42496689537541305 __DUMMY__ 0.06783271883540509	false	0.5
schmutz	neg 1.0		off 0.517399478128541 neg 0.41519642141199964 __DUMMY__ 0.06740410045945926	false	0.5
inkonsistenz	neg 1.0		off 0.5159719781893919 neg 0.41731319167801934 __DUMMY__ 0.06671483013258878	false	0.5
erschreckend	neg 1.0		off 0.5107317785980254 neg 0.4219990565482628 __DUMMY__ 0.06726916485371184	false	0.5
ertrinken	neg 1.0		off 0.5054119055839549 neg 0.4269872578987733 __DUMMY__ 0.06760083651727186	false	0.5
pickelface	off 1.0		off 0.5127572594983034 neg 0.4199966050845784 __DUMMY__ 0.06724613541711817	false	1.0
seiner			off 0.5078462321425774 neg 0.42436181697821895 __DUMMY__ 0.06779195087920374	false	0.0
lauch	neg 1.0	neg 1.0	neg 0.6975675399859608 off 0.2699364365061133 __DUMMY__ 0.03249602350792598	false	1.0
unwichtig	neg 1.0		off 0.5155904259176455 neg 0.41773434125678005 __DUMMY__ 0.0666752328255745	false	0.5
steuerhinterziehung	neg 1.0		off 0.5098519357575471 neg 0.4230640812126094 __DUMMY__ 0.06708398302984361	false	0.5
schock	neg 1.0		off 0.5098015149245662 neg 0.4228580239559601 __DUMMY__ 0.06734046111947373	false	0.5
beule	neg 1.0		off 0.5164962149918317 neg 0.4172579649803637 __DUMMY__ 0.0662458200278046	false	0.5
vergelten	neg 1.0		off 0.5213714334727275 neg 0.4122964140276473 __DUMMY__ 0.06633215249962526	false	0.5
verdorbenheit	neg 1.0		off 0.5129380634607256 neg 0.4199335244208782 __DUMMY__ 0.06712841211839612	false	0.5
trauma	neg 1.0		off 0.5122233157625746 neg 0.4208021825476546 __DUMMY__ 0.0669745016897709	false	0.5
sinnlos	neg 1.0		off 0.5131700806369618 neg 0.41982980829370864 __DUMMY__ 0.06700011106932958	false	0.5
fettsack	off 1.0	off 1.0	off 0.7476502334901017 neg 0.22116130835574488 __DUMMY__ 0.031188458154153286	false	1.0
feige	off 1.0	off 1.0	off 0.7453273589407373 neg 0.22303026010559274 __DUMMY__ 0.03164238095366996	false	1.0
abdanken	neg 1.0		off 0.5116807740664273 neg 0.42100406863153134 __DUMMY__ 0.06731515730204134	false	0.5
wichtigtuer	off 1.0	off 1.0	off 0.7443252615152575 neg 0.22377187858101363 __DUMMY__ 0.0319028599037289	false	1.0
misslingen	neg 1.0		off 0.5160971651597714 neg 0.4163591833929248 __DUMMY__ 0.06754365144730386	false	0.5
untreu	off 1.0		off 0.5159755264981 neg 0.4175709033935764 __DUMMY__ 0.06645357010832362	false	1.0
missmutig	neg 1.0		off 0.5133496667187348 neg 0.4200226370285215 __DUMMY__ 0.06662769625274358	false	0.5
hurenbock	off 1.0		off 0.5092158942589096 neg 0.42407271490350984 __DUMMY__ 0.06671139083758053	false	1.0
betrunken	neg 1.0		off 0.5174336377121903 neg 0.41634283346424483 __DUMMY__ 0.06622352882356478	false	0.5
korrupt	off 1.0		off 0.5086992661403581 neg 0.42427563118732625 __DUMMY__ 0.0670251026723157	false	1.0
unmut	neg 1.0		off 0.5061154679990179 neg 0.42599698742292824 __DUMMY__ 0.06788754457805392	false	0.5
hackfresse	off 1.0		off 0.5224042995436962 neg 0.4119283908681507 __DUMMY__ 0.06566730958815294	false	1.0
aufblasen	neg 1.0		off 0.5107991595757567 neg 0.4221825225362242 __DUMMY__ 0.06701831788801912	false	0.5
gewaltsam	neg 1.0		off 0.5127752948734071 neg 0.4197725409310536 __DUMMY__ 0.06745216419553926	false	0.5
unbeliebtheit	neg 1.0		off 0.5173080678802727 neg 0.4160840885659644 __DUMMY__ 0.06660784355376279	false	0.5
sturheit	neg 1.0		off 0.5119141991996592 neg 0.42061992043702956 __DUMMY__ 0.06746588036331126	false	0.5
kuh	neg 1.0		off 0.5090790489286764 neg 0.4249001300340819 __DUMMY__ 0.06602082103724183	false	0.5
erschrecken	neg 1.0		off 0.5146842207332345 neg 0.41856323942413926 __DUMMY__ 0.06675253984262614	false	0.5
opfer	neg 1.0		off 0.5101504994793636 neg 0.4220665326762014 __DUMMY__ 0.06778296784443513	false	0.5
sinken	neg 1.0		off 0.5050387443904862 neg 0.42737707546769305 __DUMMY__ 0.06758418014182081	false	0.5
stinktier	neg 1.0		off 0.5176710846248451 neg 0.4168926459399413 __DUMMY__ 0.06543626943521356	false	0.5
tucke	off 1.0		off 0.5217256272947848 neg 0.41323262217944057 __DUMMY__ 0.06504175052577463	false	1.0
ein			off 0.508115360159508 neg 0.42501031457509436 __DUMMY__ 0.0668743252653975	false	0.0
abstieg	neg 1.0		off 0.5128165109246464 neg 0.41929061872757656 __DUMMY__ 0.06789287034777707	false	0.5
missverstehen	neg 1.0		off 0.5138310050896048 neg 0.41928035806739933 __DUMMY__ 0.06688863684299609	false	0.5
ergebnislos	neg 1.0		off 0.5105369570258521 neg 0.4215748809830352 __DUMMY__ 0.06788816199111282	false	0.5
unter			off 0.5032211145053155 neg 0.42806601911629344 __DUMMY__ 0.0687128663783912	false	0.0
manipulieren	neg 1.0		off 0.5083230913067738 neg 0.4239515957875236 __DUMMY__ 0.06772531290570273	false	0.5
unbewiesen	neg 1.0		off 0.5119226975299109 neg 0.42110299280826025 __DUMMY__ 0.06697430966182885	false	0.5
verschleppen	neg 1.0		off 0.5087563679453541 neg 0.42385892613394305 __DUMMY__ 0.06738470592070304	false	0.5
weib	off 1.0		off 0.5236762800478949 neg 0.410981994935822 __DUMMY__ 0.065341725016283	false	1.0
opposition	neg 1.0		off 0.5115266797168433 neg 0.4216904662395745 __DUMMY__ 0.06678285404358204	false	0.5
verkehrswidrig	neg 1.0		off 0.5237535985177435 neg 0.40969702197021085 __DUMMY__ 0.06654937951204572	false	0.5
inkorrekt	neg 1.0		off 0.5187730797976415 neg 0.41501399997319494 __DUMMY__ 0.06621292022916357	false	0.5
vermeiden	neg 1.0		off 0.5054202483083806 neg 0.426323796593401 __DUMMY__ 0.06825595509821819	false	0.5
abweichung	neg 1.0		off 0.5102144116091031 neg 0.4222674603973928 __DUMMY__ 0.06751812799350419	false	0.5
alkoholisiert	neg 1.0		off 0.5103658254244621 neg 0.4215012051081908 __DUMMY__ 0.06813296946734727	false	0.5
scheiss	off 1.0	off 1.0	off 0.7459023702881376 neg 0.22256668918274866 __DUMMY__ 0.03153094052911381	false	1.0
herausforderung	neg 1.0		off 0.5094485870904424 neg 0.4230845774739311 __DUMMY__ 0.06746683543562648	false	0.5
pervers	off 1.0		off 0.5259536442136556 neg 0.4088922370525051 __DUMMY__ 0.06515411873383925	false	1.0
wackelig	neg 1.0		off 0.5092847753857819 neg 0.42324145930904933 __DUMMY__ 0.06747376530516891	false	0.5
verwickeln	neg 1.0		off 0.5126943872181199 neg 0.42037697056048495 __DUMMY__ 0.06692864222139519	false	0.5
vorwand	neg 1.0		off 0.5067948138234802 neg 0.4254053213663362 __DUMMY__ 0.06779986481018349	false	0.5
muschi	off 1.0		off 0.5125851373707364 neg 0.4199464718947876 __DUMMY__ 0.06746839073447583	false	1.0
entmutigung	neg 1.0		off 0.5105874590054043 neg 0.4229604881512355 __DUMMY__ 0.06645205284336028	false	0.5
unangemessen	neg 1.0		off 0.5108154626314558 neg 0.42181519405874424 __DUMMY__ 0.06736934330979992	false	0.5
unstetig	neg 1.0		off 0.5156701582025709 neg 0.41749001176099965 __DUMMY__ 0.06683983003642954	false	0.5
entmutigen	neg 1.0		off 0.5117826936177254 neg 0.4211930833342361 __DUMMY__ 0.06702422304803837	false	0.5
schwanz	neg 1.0		off 0.5101795652337249 neg 0.4222557940402991 __DUMMY__ 0.06756464072597615	false	0.5
verbot	neg 1.0		off 0.5092679020971964 neg 0.4235433019301903 __DUMMY__ 0.06718879597261335	false	0.5
leid	neg 1.0		off 0.5202603297381087 neg 0.413730633856376 __DUMMY__ 0.06600903640551532	false	0.5
archaisch	neg 1.0		off 0.5100551141473674 neg 0.42263449498500577 __DUMMY__ 0.0673103908676269	false	0.5
gegen			off 0.5077318847981162 neg 0.4242366529539263 __DUMMY__ 0.06803146224795747	false	0.0
scheidung	neg 1.0		off 0.5316830813058431 neg 0.403035420274484 __DUMMY__ 0.06528149841967276	false	0.5
einschlag	neg 1.0		off 0.5222540361424639 neg 0.411124387399645 __DUMMY__ 0.06662157645789109	false	0.5
m			off 0.5099630203637299 neg 0.4225776380958298 __DUMMY__ 0.06745934154044028	false	0.0
abgestanden	neg 1.0		off 0.50628619643437 neg 0.42738725420653023 __DUMMY__ 0.06632654935909969	false	0.5
schmierig	off 1.0		off 0.5190080408937532 neg 0.41508472697596877 __DUMMY__ 0.0659072321302781	false	1.0
unpraktisch	neg 1.0		off 0.5129166895555509 neg 0.41999834652986345 __DUMMY__ 0.0670849639145856	false	0.5
wixxer	off 1.0		off 0.5252786685894364 neg 0.40975876875036676 __DUMMY__ 0.06496256266019663	false	1.0
bezeichnet			off 0.5124307139844503 neg 0.4202949494783309 __DUMMY__ 0.06727433653721875	false	0.0
jammerlappen	off 1.0		off 0.5154764449917016 neg 0.41791973811409727 __DUMMY__ 0.06660381689420113	false	1.0
farce	neg 1.0		off 0.5103418082458399 neg 0.42268193763802203 __DUMMY__ 0.06697625411613826	false	0.5
zwecklos	neg 1.0		off 0.5092468448974506 neg 0.42339758434196617 __DUMMY__ 0.06735557076058307	false	0.5
turbulent	neg 1.0		off 0.5167889638862893 neg 0.41695409780949244 __DUMMY__ 0.06625693830421825	false	0.5
invasion	neg 1.0		off 0.5135990037330421 neg 0.41951022172414454 __DUMMY__ 0.06689077454281324	false	0.5
schuld	neg 1.0		off 0.5125348833182136 neg 0.4203938479765482 __DUMMY__ 0.06707126870523827	false	0.5
risiko	neg 1.0		off 0.5115849356249954 neg 0.42173001785216535 __DUMMY__ 0.06668504652283934	false	0.5
finster	neg 1.0		off 0.50870970129831 neg 0.424469888686277 __DUMMY__ 0.06682041001541308	false	0.5
geisteskrank	off 1.0		off 0.5177417941288721 neg 0.4159069599332168 __DUMMY__ 0.066351245937911	false	1.0
zusammenbrechen	neg 1.0		off 0.5090106883397986 neg 0.42370408256773345 __DUMMY__ 0.06728522909246792	false	0.5
ausbeute	neg 1.0		off 0.5119415562796619 neg 0.4205395609859831 __DUMMY__ 0.06751888273435504	false	0.5
hinterhalt	neg 1.0		off 0.5107247411934731 neg 0.42191267334021837 __DUMMY__ 0.06736258546630859	false	0.5
kritik	neg 1.0		off 0.5101270073148413 neg 0.422865370565279 __DUMMY__ 0.06700762211987968	false	0.5
einschrumpfen	neg 1.0		off 0.5148684932864958 neg 0.4187005413389579 __DUMMY__ 0.06643096537454621	false	0.5
riskant	neg 1.0		off 0.5074672121798053 neg 0.4249059762101637 __DUMMY__ 0.06762681161003099	false	0.5
frustrieren	neg 1.0		off 0.507837709067321 neg 0.42468701589052377 __DUMMY__ 0.06747527504215539	false	0.5
groll	neg 1.0		off 0.5105202677355181 neg 0.42198039352000927 __DUMMY__ 0.06749933874447275	false	0.5
gibt			off 0.509525537029188 neg 0.4230101283360707 __DUMMY__ 0.06746433463474143	false	0.0
qualvoll	neg 1.0		off 0.5124957530994061 neg 0.4206527475768348 __DUMMY__ 0.06685149932375903	false	0.5
wackeln	neg 1.0		off 0.5106280899493203 neg 0.4222442138183811 __DUMMY__ 0.06712769623229839	false	0.5
klagen	neg 1.0		off 0.5064290577572746 neg 0.42588389974214685 __DUMMY__ 0.06768704250057847	false	0.5
bankrott	neg 1.0		off 0.516210925637168 neg 0.41696107829335993 __DUMMY__ 0.06682799606947214	false	0.5
trauern	neg 1.0		off 0.5104790353838249 neg 0.42145830279838425 __DUMMY__ 0.06806266181779082	false	0.5
ablehnung	neg 1.0		off 0.5097231725261516 neg 0.4231821075526797 __DUMMY__ 0.06709471992116875	false	0.5
stur	neg 1.0		off 0.5116560965424102 neg 0.4214061086135879 __DUMMY__ 0.0669377948440018	false	0.5
aufruhr	neg 1.0		off 0.5109345895850974 neg 0.42200533168169185 __DUMMY__ 0.06706007873321086	false	0.5
melancholie	neg 1.0		off 0.5047494313585161 neg 0.4279835327073319 __DUMMY__ 0.067267035934152	false	0.5
ist			off 0.5127653015093175 neg 0.42023680541782366 __DUMMY__ 0.06699789307285886	false	0.0
torheit	neg 1.0		off 0.5127312778181394 neg 0.4202053765531263 __DUMMY__ 0.0670633456287342	false	0.5
dreckskind	off 1.0		off 0.5233897788269867 neg 0.4110727416529028 __DUMMY__ 0.06553747952011059	false	1.0
umtauschen	neg 1.0		off 0.5103969970922925 neg 0.4224446543266907 __DUMMY__ 0.06715834858101694	false	0.5
zum			off 0.5078982717657426 neg 0.42347659000233057 __DUMMY__ 0.06862513823192684	false	0.0
zersetzen	neg 1.0		off 0.5063632292717694 neg 0.42615046172179477 __DUMMY__ 0.06748630900643572	false	0.5
zur			off 0.5058957309975979 neg 0.42580381212966917 __DUMMY__ 0.06830045687273288	false	0.0
frust	neg 1.0		off 0.508860857713284 neg 0.42381685283947745 __DUMMY__ 0.0673222894472385	false	0.5
unerbittlichkeit	neg 1.0		off 0.5092180920246956 neg 0.42305072467615945 __DUMMY__ 0.06773118329914496	false	0.5
zwei			off 0.504730087120185 neg 0.4270299672740848 __DUMMY__ 0.06823994560573018	false	0.0
unkorrekt	neg 1.0		off 0.5175474057897237 neg 0.41616216292977587 __DUMMY__ 0.0662904312805004	false	0.5
hexe	off 1.0		off 0.512572502352372 neg 0.4212326628389466 __DUMMY__ 0.06619483480868141	false	1.0
lasch	neg 1.0		off 0.5146291008282702 neg 0.4186959221286936 __DUMMY__ 0.06667497704303624	false	0.5
rivale	neg 1.0		off 0.5197989916967081 neg 0.413889987462505 __DUMMY__ 0.066311020840787	false	0.5
mutlos	off 1.0	off 1.0	off 0.741752391728944 neg 0.22605130006402668 __DUMMY__ 0.032196308207029206	false	1.0
wirr	off 1.0		off 0.5184782779175906 neg 0.4155415795513674 __DUMMY__ 0.06598014253104181	false	1.0
jahr			off 0.5111002663807158 neg 0.42068863722124883 __DUMMY__ 0.06821109639803538	false	0.0
wird			off 0.5093079918044463 neg 0.4231377343227697 __DUMMY__ 0.06755427387278407	false	0.0
strafbar	neg 1.0		off 0.5085703372300242 neg 0.42377193535400787 __DUMMY__ 0.06765772741596786	false	0.5
erosion	neg 1.0		off 0.51217084092812 neg 0.42058934164789225 __DUMMY__ 0.06723981742398791	false	0.5
eingehen	neg 1.0		off 0.5074744133546469 neg 0.4250645026661633 __DUMMY__ 0.06746108397918965	false	0.5
faul	off 1.0		off 0.5150103371718606 neg 0.41828723010493873 __DUMMY__ 0.06670243272320071	false	1.0
provisorium	neg 1.0		off 0.5036515294989665 neg 0.4275898859319927 __DUMMY__ 0.06875858456904062	false	0.5
schmerzen	neg 1.0		off 0.5085517907854362 neg 0.42443050965441415 __DUMMY__ 0.06701769956014975	false	0.5
schrumpfen	neg 1.0		off 0.5028038867395744 neg 0.42938853387665116 __DUMMY__ 0.06780757938377424	false	0.5
geistlos	off 1.0		off 0.5130798780155953 neg 0.4202231962008802 __DUMMY__ 0.06669692578352447	false	1.0
fehlkauf	neg 1.0		off 0.5133556653143289 neg 0.4198074786565207 __DUMMY__ 0.06683685602915043	false	0.5
frustrierend	neg 1.0		off 0.5142674205693147 neg 0.4190183333595642 __DUMMY__ 0.06671424607112107	false	0.5
unzufrieden	neg 1.0		off 0.509412808014915 neg 0.42315627760687363 __DUMMY__ 0.06743091437821132	false	0.5
verzweifeln	neg 1.0		off 0.5105680433778477 neg 0.42211959087762335 __DUMMY__ 0.06731236574452887	false	0.5
verzweifelt	neg 1.0		off 0.5117484848550977 neg 0.4213097091676698 __DUMMY__ 0.06694180597723255	false	0.5
misstrauensantrag	neg 1.0		off 0.5124704968120086 neg 0.42070064346710445 __DUMMY__ 0.0668288597208867	false	0.5
abfallen	neg 1.0		off 0.5105676390975866 neg 0.4224156277683749 __DUMMY__ 0.06701673313403846	false	0.5
fucker	off 1.0		off 0.5189547247625905 neg 0.41468751272378257 __DUMMY__ 0.06635776251362693	false	1.0
ungezogen	neg 1.0		off 0.5244678759189885 neg 0.41007219559665276 __DUMMY__ 0.06545992848435862	false	0.5
irrsinnig	neg 1.0	neg 1.0	neg 0.6948797882387887 off 0.2731630529486887 __DUMMY__ 0.03195715881252255	false	1.0
unfassbar	neg 1.0		off 0.5168051286818987 neg 0.41660593861957207 __DUMMY__ 0.06658893269852938	false	0.5
hart	neg 1.0		off 0.5149327473527813 neg 0.4188944656578189 __DUMMY__ 0.06617278698939998	false	0.5
widerlich	off 1.0		off 0.5168860939656122 neg 0.4166558169051794 __DUMMY__ 0.0664580891292084	false	1.0
fatal	neg 1.0	neg 1.0	neg 0.6953972869062419 off 0.2729144136231185 __DUMMY__ 0.03168829947063945	false	1.0
bruch	neg 1.0		off 0.5055098146069956 neg 0.42662052018473573 __DUMMY__ 0.06786966520826869	false	0.5
aushungern	neg 1.0		off 0.509330603235586 neg 0.42351452529241423 __DUMMY__ 0.06715487147199983	false	0.5
anspannung	neg 1.0		off 0.5058409445198705 neg 0.4257775966393346 __DUMMY__ 0.06838145884079493	false	0.5
von			off 0.5071471001934419 neg 0.42507139341709943 __DUMMY__ 0.06778150638945879	false	0.0
kraftlos	neg 1.0		off 0.5084911540210154 neg 0.42410944714158916 __DUMMY__ 0.0673993988373955	false	0.5
vom			off 0.5050088949424533 neg 0.42613157843471955 __DUMMY__ 0.06885952662282732	false	0.0
grenzdebil	off 1.0		off 0.516014032835228 neg 0.41760044382477257 __DUMMY__ 0.06638552333999939	false	1.0
vor			off 0.5061868566688511 neg 0.4258949174511224 __DUMMY__ 0.06791822588002659	false	0.0
unterwerfen	neg 1.0		off 0.5095400163223742 neg 0.4228023408524701 __DUMMY__ 0.0676576428251556	false	0.5
versenkung	neg 1.0		off 0.5091194024212455 neg 0.4231438948539031 __DUMMY__ 0.0677367027248514	false	0.5
entziehen	neg 1.0		off 0.5068352096965274 neg 0.4253354910876183 __DUMMY__ 0.0678292992158543	false	0.5
finanzkrise	neg 1.0		off 0.506077382344365 neg 0.4275142405197184 __DUMMY__ 0.06640837713591663	false	0.5
schimpfend	neg 1.0		off 0.5131210413884859 neg 0.41963689228433193 __DUMMY__ 0.06724206632718213	false	0.5
profan	neg 1.0		off 0.5126430197819984 neg 0.4205497841643751 __DUMMY__ 0.06680719605362641	false	0.5
korruption	neg 1.0		off 0.5080651329518985 neg 0.4248439971703223 __DUMMY__ 0.06709086987777939	false	0.5
â			off 0.5092369869761402 neg 0.42327793053464385 __DUMMY__ 0.06748508248921611	false	0.0
schmutzig	neg 1.0		off 0.5159771886395261 neg 0.41767002293112704 __DUMMY__ 0.06635278842934687	false	0.5
sexy	neg 1.0		off 0.5153709053308329 neg 0.41775577682968196 __DUMMY__ 0.0668733178394851	false	0.5
abraten	neg 1.0		off 0.5134370413549546 neg 0.4195279008081483 __DUMMY__ 0.0670350578368972	false	0.5
schwarz	neg 1.0		off 0.5137877895028949 neg 0.41920962932073763 __DUMMY__ 0.0670025811763674	false	0.5
fotze	off 1.0	off 1.0	off 0.7426777051675777 neg 0.22508840287047824 __DUMMY__ 0.032233891961943976	false	1.0
verwirren	neg 1.0		off 0.5134506014818988 neg 0.41967333873513407 __DUMMY__ 0.06687605978296701	false	0.5
zahnlos	off 1.0		off 0.5102074432730529 neg 0.42246064943885503 __DUMMY__ 0.06733190728809216	false	1.0
verheeren	neg 1.0		off 0.5256931221963733 neg 0.40894210249927965 __DUMMY__ 0.06536477530434706	false	0.5
hippie	neg 1.0		off 0.5146289395536268 neg 0.4185333775747055 __DUMMY__ 0.06683768287166769	false	0.5
rammen	neg 1.0		off 0.5128137670698741 neg 0.4199766372797016 __DUMMY__ 0.06720959565042439	false	0.5
unlauter	neg 1.0		off 0.5123937665087941 neg 0.4208026857777671 __DUMMY__ 0.06680354771343881	false	0.5
unheilvoll	neg 1.0		off 0.5116703954914746 neg 0.42141380617897695 __DUMMY__ 0.06691579832954843	false	0.5
niedrig	neg 1.0		off 0.5071730756409111 neg 0.42563180173446075 __DUMMY__ 0.06719512262462829	false	0.5
explosion	neg 1.0		off 0.5149319684673573 neg 0.4181693984377294 __DUMMY__ 0.06689863309491328	false	0.5
weichei	off 1.0	off 1.0	off 0.7470858255581758 neg 0.22171047559247964 __DUMMY__ 0.031203698849344545	false	1.0
minusmensch	off 1.0		off 0.5254836491613051 neg 0.40914312239046924 __DUMMY__ 0.06537322844822575	false	1.0
farblos	neg 1.0		off 0.5125911930952042 neg 0.42037941945006085 __DUMMY__ 0.06702938745473491	false	0.5
unwissend	neg 1.0	neg 1.0	neg 0.6934486054632905 off 0.2748441656099214 __DUMMY__ 0.03170722892678815	false	1.0
traurig	neg 1.0		off 0.5189224348520924 neg 0.4147798861920425 __DUMMY__ 0.06629767895586496	false	0.5
senkung	neg 1.0		off 0.5102724754276374 neg 0.4234540944258009 __DUMMY__ 0.06627343014656152	false	0.5
ungleich	neg 1.0	neg 1.0	neg 0.6964963186314146 off 0.2713013267886183 __DUMMY__ 0.03220235457996716	false	1.0
heikel	neg 1.0		off 0.5077730177239921 neg 0.4245956951658259 __DUMMY__ 0.0676312871101821	false	0.5
drosselung	neg 1.0		off 0.5143808899717164 neg 0.4195651012783045 __DUMMY__ 0.0660540087499792	false	0.5
falsch	neg 1.0		off 0.5154571269190913 neg 0.4177088215501415 __DUMMY__ 0.06683405153076728	false	0.5
unzufriedenheit	neg 1.0		off 0.5064627929404789 neg 0.4260482197553734 __DUMMY__ 0.06748898730414776	false	0.5
kurz	neg 1.0		off 0.5105188999871001 neg 0.4219286719214061 __DUMMY__ 0.06755242809149385	false	0.5
unsinnig	neg 1.0		off 0.5095084475582854 neg 0.42339681930122125 __DUMMY__ 0.0670947331404934	false	0.5
penner	off 1.0	off 1.0	off 0.7483657052692433 neg 0.22045742078443684 __DUMMY__ 0.031176873946319874	false	1.0
seicht	neg 1.0		off 0.5215145700832681 neg 0.41327913009854783 __DUMMY__ 0.06520629981818395	false	0.5
dummheit	off 1.0	off 1.0	off 0.7437671364978843 neg 0.22444640277784206 __DUMMY__ 0.03178646072427361	false	1.0
unerfreulich	neg 1.0		off 0.5076826676056282 neg 0.4246305346111411 __DUMMY__ 0.06768679778323071	false	0.5
motherfucker	off 1.0	off 1.0	off 0.7465085493965216 neg 0.2219005267935276 __DUMMY__ 0.03159092380995085	false	1.0
pikiert	neg 1.0		off 0.5150837105166214 neg 0.41847709853727066 __DUMMY__ 0.06643919094610802	false	0.5
wrack	neg 1.0		off 0.5139441270708109 neg 0.41804725105746837 __DUMMY__ 0.06800862187172063	false	0.5
gangster	neg 1.0		off 0.5147134270295273 neg 0.41848757165966394 __DUMMY__ 0.06679900131080882	false	0.5
krank	neg 1.0		off 0.5169672412229458 neg 0.4165192134311661 __DUMMY__ 0.06651354534588806	false	0.5
reich	neg 1.0		off 0.5117818924750688 neg 0.422046884191663 __DUMMY__ 0.06617122333326841	false	0.5
gnadenlos	neg 1.0		off 0.5127725599500704 neg 0.42005647882237473 __DUMMY__ 0.06717096122755468	false	0.5
niedergeschlagen	neg 1.0		off 0.5099475015763715 neg 0.4225024803315722 __DUMMY__ 0.06755001809205632	false	0.5
terrorisieren	off 1.0	off 1.0	off 0.741290247454283 neg 0.22643447361315588 __DUMMY__ 0.03227527893256113	false	1.0
sinnlosigkeit	neg 1.0		off 0.5098967906586357 neg 0.42271570003090697 __DUMMY__ 0.06738750931045735	false	0.5
behindern	neg 1.0		off 0.5108884392168331 neg 0.4219733698400378 __DUMMY__ 0.06713819094312894	false	0.5
undemokratisch	neg 1.0		off 0.5126684941308083 neg 0.42052772569939384 __DUMMY__ 0.06680378016979796	false	0.5
wirtschaftskrise	neg 1.0		off 0.5069293406593538 neg 0.42608353509479935 __DUMMY__ 0.06698712424584695	false	0.5
neid	neg 1.0		off 0.5136509060629871 neg 0.41963358376405213 __DUMMY__ 0.06671551017296072	false	0.5
rutschen	neg 1.0		off 0.5040940643914305 neg 0.42770403321166695 __DUMMY__ 0.0682019023969027	false	0.5
rezession	neg 1.0		off 0.5144087685885592 neg 0.4200759048075823 __DUMMY__ 0.06551532660385843	false	0.5
fehlgeburt	neg 1.0		off 0.5125975227967051 neg 0.42015971260240564 __DUMMY__ 0.06724276460088938	false	0.5
charakterschwach	off 1.0		off 0.5160357732959079 neg 0.4175260662765765 __DUMMY__ 0.06643816042751573	false	1.0
isolation	neg 1.0		off 0.5158062373313813 neg 0.4172933975668506 __DUMMY__ 0.06690036510176807	false	0.5
ablenkung	neg 1.0		off 0.511734084476331 neg 0.4209516903453641 __DUMMY__ 0.0673142251783048	false	0.5
pech	neg 1.0		off 0.5143045948298676 neg 0.41910872520779013 __DUMMY__ 0.06658667996234231	false	0.5
vermeidung	neg 1.0		off 0.5156518313835767 neg 0.4180415773349081 __DUMMY__ 0.06630659128151511	false	0.5
dominieren	neg 1.0		off 0.5104962753448758 neg 0.42212496054718185 __DUMMY__ 0.06737876410794229	false	0.5
schwindlig	neg 1.0		off 0.5122697159313194 neg 0.4209065799328578 __DUMMY__ 0.06682370413582273	false	0.5
lutscher	neg 1.0		off 0.523236674847839 neg 0.4117187482430383 __DUMMY__ 0.06504457690912273	false	0.5
pflicht	neg 1.0		off 0.507492685654257 neg 0.4246028844452788 __DUMMY__ 0.06790442990046427	false	0.5
faschist	off 1.0		off 0.5149663204151972 neg 0.4182319596898511 __DUMMY__ 0.06680171989495164	false	1.0
verschleudern	neg 1.0		off 0.5052369196066953 neg 0.4277293370254054 __DUMMY__ 0.06703374336789936	false	0.5
wenn			off 0.5148961960735156 neg 0.41851570453091 __DUMMY__ 0.06658809939557439	false	0.0
ehebruch	neg 1.0		off 0.508725119747124 neg 0.4238605026203513 __DUMMY__ 0.06741437763252478	false	0.5
spott	off 1.0		off 0.509925634496235 neg 0.42244227687442154 __DUMMY__ 0.06763208862934343	false	1.0
trostlosigkeit	neg 1.0		off 0.5054554785533235 neg 0.4269558737786281 __DUMMY__ 0.06758864766804834	false	0.5
lutschen	neg 1.0		off 0.5159909880830624 neg 0.4171775335469935 __DUMMY__ 0.066831478369944	false	0.5
undiszipliniert	neg 1.0		off 0.5178197244440397 neg 0.41589337190497916 __DUMMY__ 0.06628690365098122	false	0.5
kopfschmerz	neg 1.0		off 0.5056017100721979 neg 0.42737797573816544 __DUMMY__ 0.06702031418963672	false	0.5
unvorhergesehen	neg 1.0		off 0.5075695830023172 neg 0.4245846476210197 __DUMMY__ 0.06784576937666302	false	0.5
desinteressiert	neg 1.0		off 0.5171399047308013 neg 0.4165279686430709 __DUMMY__ 0.0663321266261277	false	0.5
armselig	off 1.0		off 0.5194975805916608 neg 0.41432108904286236 __DUMMY__ 0.06618133036547676	false	1.0
desaster	neg 1.0		off 0.5052241233345626 neg 0.42708657498436475 __DUMMY__ 0.06768930168107265	false	0.5
tod	neg 1.0		off 0.5088487755685811 neg 0.42354916503704715 __DUMMY__ 0.06760205939437185	false	0.5
herzlos	neg 1.0		off 0.518603515925318 neg 0.41522966805036604 __DUMMY__ 0.06616681602431593	false	0.5
unwissenheit	neg 1.0		off 0.5094733054398982 neg 0.4231342586208549 __DUMMY__ 0.06739243593924692	false	0.5
widersinnig	neg 1.0		off 0.5086154005828111 neg 0.4244536511151702 __DUMMY__ 0.06693094830201879	false	0.5
bedenklich	neg 1.0		off 0.5081701838522809 neg 0.42443410859146363 __DUMMY__ 0.0673957075562555	false	0.5
beanstanden	neg 1.0		off 0.5086372140701833 neg 0.4234360293691776 __DUMMY__ 0.06792675656063912	false	0.5
panisch	neg 1.0		off 0.513334910503183 neg 0.41962629855518824 __DUMMY__ 0.06703879094162886	false	0.5
debil	off 1.0		off 0.5032050312960833 neg 0.42829498806874167 __DUMMY__ 0.06849998063517508	false	1.0
abstrich	neg 1.0		off 0.5106382422912241 neg 0.4220443278348956 __DUMMY__ 0.06731742987388017	false	0.5
primitiv	neg 1.0		off 0.5176681822645799 neg 0.4159472504722745 __DUMMY__ 0.06638456726314558	false	0.5
abschaum	off 1.0	off 1.0	off 0.7461208971581177 neg 0.22207172815254492 __DUMMY__ 0.03180737468933737	false	1.0
provozieren	neg 1.0		off 0.5118267297158194 neg 0.4211552607236077 __DUMMY__ 0.06701800956057288	false	0.5
tot	neg 1.0		off 0.5101543487040137 neg 0.42243672887386013 __DUMMY__ 0.06740892242212636	false	0.5
instabil	neg 1.0		off 0.518015632104362 neg 0.4161171343014547 __DUMMY__ 0.06586723359418324	false	0.5
schwuchtel	off 1.0	off 1.0	off 0.7518310638344018 neg 0.21738627336950395 __DUMMY__ 0.030782662796094297	false	1.0
zerren	neg 1.0		off 0.5097069396312033 neg 0.4227582848404836 __DUMMY__ 0.06753477552831319	false	0.5
kinderficker	off 1.0		off 0.5212776310230457 neg 0.41282688005260226 __DUMMY__ 0.06589548892435206	false	1.0
gefahr	neg 1.0		off 0.5078278884019074 neg 0.42433239271746076 __DUMMY__ 0.06783971888063182	false	0.5
rabiat	neg 1.0		off 0.5097496677841874 neg 0.423136020176648 __DUMMY__ 0.06711431203916467	false	0.5
verlangsamung	neg 1.0		off 0.5214361236784145 neg 0.41305194649881205 __DUMMY__ 0.06551192982277342	false	0.5
ausgestorben	neg 1.0		off 0.510909125554366 neg 0.42170628719802095 __DUMMY__ 0.06738458724761306	false	0.5
anklagen	neg 1.0		off 0.5103475017152803 neg 0.42230253873162427 __DUMMY__ 0.06734995955309539	false	0.5
trott	neg 1.0		off 0.5116401678267054 neg 0.4211467208813172 __DUMMY__ 0.06721311129197736	false	0.5
verminderung	neg 1.0		off 0.5157035609784257 neg 0.4179964560559262 __DUMMY__ 0.06629998296564818	false	0.5
nach			off 0.5044213623609214 neg 0.4270456317950153 __DUMMY__ 0.06853300584406324	false	0.0
rost	neg 1.0		off 0.525956978209338 neg 0.408146188982559 __DUMMY__ 0.06589683280810311	false	0.5
destruktiv	neg 1.0		off 0.5107063602373888 neg 0.42220241672267417 __DUMMY__ 0.0670912230399371	false	0.5
unzumutbarkeit	neg 1.0		off 0.5176695494847138 neg 0.4157256776495937 __DUMMY__ 0.06660477286569247	false	0.5
labil	off 1.0	off 1.0	off 0.7451514641658906 neg 0.22310193656526625 __DUMMY__ 0.0317465992688432	false	1.0
ziemlich	neg 1.0		off 0.5169014537226589 neg 0.4164289767070204 __DUMMY__ 0.06666956957032073	false	0.5
lachnummer	off 1.0		off 0.5123282653082029 neg 0.42046049940510616 __DUMMY__ 0.06721123528669107	false	1.0
oder			off 0.5123799227738273 neg 0.4203955812763396 __DUMMY__ 0.06722449594983315	false	0.0
verfall	neg 1.0		off 0.5033722884210369 neg 0.4287661491253848 __DUMMY__ 0.06786156245357831	false	0.5
ausgrenzung	neg 1.0		off 0.5125329873658104 neg 0.4206699844988978 __DUMMY__ 0.0667970281352917	false	0.5
unordnung	neg 1.0		off 0.5208307072228755 neg 0.4130056783575669 __DUMMY__ 0.06616361441955763	false	0.5
fehlverhalten	neg 1.0		off 0.508315214948488 neg 0.42405888027951594 __DUMMY__ 0.06762590477199618	false	0.5
eine			off 0.505850370579838 neg 0.42641376319194096 __DUMMY__ 0.06773586622822103	false	0.0
nille	neg 1.0		off 0.5127197244250271 neg 0.4199890315015935 __DUMMY__ 0.06729124407337932	false	0.5
qual	neg 1.0		off 0.5111549874249164 neg 0.42162991771327313 __DUMMY__ 0.0672150948618105	false	0.5
verschwenden	neg 1.0		off 0.506485150559968 neg 0.42611341242224005 __DUMMY__ 0.06740143701779192	false	0.5
riesig	neg 1.0		off 0.5094149233007164 neg 0.4228791972186614 __DUMMY__ 0.06770587948062225	false	0.5
verurteilen	neg 1.0		off 0.5099442785165751 neg 0.42269228062359143 __DUMMY__ 0.06736344085983353	false	0.5
klischee	neg 1.0	neg 1.0	neg 0.6941987905281896 off 0.27408486472406834 __DUMMY__ 0.03171634474774202	false	1.0
diktatorisch	neg 1.0		off 0.5129462529576543 neg 0.42023849207758407 __DUMMY__ 0.06681525496476165	false	0.5
vorhersehbar	neg 1.0		off 0.513185031584281 neg 0.42011072043768966 __DUMMY__ 0.06670424797802943	false	0.5
sowie			off 0.519323179333499 neg 0.41493817652067655 __DUMMY__ 0.0657386441458246	false	0.0
stornieren	neg 1.0		off 0.5173494889799943 neg 0.41524491897951443 __DUMMY__ 0.06740559204049143	false	0.5
besteuerung	neg 1.0	neg 1.0	neg 0.6967678749568862 off 0.2715490560857721 __DUMMY__ 0.03168306895734155	false	1.0
ungeschminkt	neg 1.0		off 0.517912969670528 neg 0.4157114746273557 __DUMMY__ 0.06637555570211637	false	0.5
kritisch	neg 1.0		off 0.5095999876816021 neg 0.42297235865816807 __DUMMY__ 0.06742765366023001	false	0.5
schlamperei	off 1.0		off 0.5086162765589832 neg 0.4238256043048482 __DUMMY__ 0.06755811913616867	false	1.0
sucht	neg 1.0	neg 1.0	neg 0.6933175025555296 off 0.27457365826649544 __DUMMY__ 0.032108839177975	false	1.0
egoistisch	off 1.0	off 1.0	off 0.7483569303573293 neg 0.220211899988075 __DUMMY__ 0.03143116965459577	false	1.0
ausbeuter	off 1.0		off 0.5061666323808252 neg 0.4264878991986306 __DUMMY__ 0.06734546842054426	false	1.0
arschgeburt	off 1.0		off 0.5275543977726098 neg 0.4076802292308306 __DUMMY__ 0.06476537299655945	false	1.0
schubs	neg 1.0		off 0.5071879064276439 neg 0.42562017355548337 __DUMMY__ 0.0671919200168727	false	0.5
unsolide	neg 1.0		off 0.5135937924666456 neg 0.4196021465370265 __DUMMY__ 0.06680406099632782	false	0.5
beschwerde	neg 1.0		off 0.5103080194202778 neg 0.4222453355027272 __DUMMY__ 0.06744664507699498	false	0.5
stocken	neg 1.0		off 0.5088550813681559 neg 0.4236700712418442 __DUMMY__ 0.06747484738999984	false	0.5
isolieren	neg 1.0		off 0.5085760417453725 neg 0.42423585559232185 __DUMMY__ 0.06718810266230572	false	0.5
unheilbar	neg 1.0		off 0.5111315592015312 neg 0.4217618989670976 __DUMMY__ 0.06710654183137126	false	0.5
pisser	off 1.0	off 1.0	off 0.7476506867785441 neg 0.2207149989334335 __DUMMY__ 0.03163431428802243	false	1.0
löschen	neg 1.0		off 0.5121908552204434 neg 0.42066438185375327 __DUMMY__ 0.0671447629258033	false	0.5
durchfallen	neg 1.0		off 0.5095870454620283 neg 0.42294555213933255 __DUMMY__ 0.06746740239863908	false	0.5
wichser	off 1.0	off 1.0	off 0.7498419165555398 neg 0.21915316796063358 __DUMMY__ 0.031004915483826563	false	1.0
terror	neg 1.0		off 0.5145695047341529 neg 0.4185678230106553 __DUMMY__ 0.0668626722551919	false	0.5
krass	neg 1.0		off 0.520277860597453 neg 0.41372448575420656 __DUMMY__ 0.06599765364834058	false	0.5
revolte	neg 1.0		off 0.5122623727195235 neg 0.4213567722590913 __DUMMY__ 0.06638085502138533	false	0.5
besorgt	neg 1.0		off 0.5109225719045849 neg 0.42148995378818205 __DUMMY__ 0.06758747430723293	false	0.5
nachlassen	neg 1.0		off 0.5099175385301868 neg 0.42243868392601946 __DUMMY__ 0.06764377754379362	false	0.5
alt	neg 1.0		off 0.5045374965004995 neg 0.42860552079958497 __DUMMY__ 0.06685698269991548	false	0.5
hundesohn	off 1.0	off 1.0	off 0.7498037211354351 neg 0.21907520940428146 __DUMMY__ 0.031121069460283406	false	1.0
als			off 0.5088512068167025 neg 0.4238880228925582 __DUMMY__ 0.06726077029073928	false	0.0
abschreckung	neg 1.0		off 0.5069382199147858 neg 0.4254591164429083 __DUMMY__ 0.067602663642306	false	0.5
unqualifiziert	neg 1.0		off 0.5154461447332039 neg 0.41782115183309165 __DUMMY__ 0.06673270343370453	false	0.5
abgewichst	off 1.0		off 0.5119184676008608 neg 0.420754704976235 __DUMMY__ 0.06732682742290415	false	1.0
schwer	neg 1.0		off 0.5102917118339749 neg 0.42255157561339524 __DUMMY__ 0.06715671255262977	false	0.5
bedeutungslosigkeit	neg 1.0		off 0.5076289255004041 neg 0.42477820956526097 __DUMMY__ 0.06759286493433504	false	0.5
kapitulation	neg 1.0		off 0.508020779659928 neg 0.42474607444819756 __DUMMY__ 0.06723314589187457	false	0.5
unscharf	neg 1.0		off 0.5100801494277035 neg 0.42352123479552445 __DUMMY__ 0.06639861577677202	false	0.5
schwinden	neg 1.0		off 0.506435380443826 neg 0.426184777433183 __DUMMY__ 0.06737984212299095	false	0.5
versklavung	neg 1.0	neg 1.0	neg 0.6951325865743887 off 0.2730394044218504 __DUMMY__ 0.03182800900376097	false	1.0
schlecht	neg 1.0		off 0.5172656797277682 neg 0.4160340709448471 __DUMMY__ 0.06670024932738468	false	0.5
verhasst	neg 1.0		off 0.5124204481208074 neg 0.42063462579452243 __DUMMY__ 0.0669449260846702	false	0.5
beschweren	neg 1.0		off 0.5138367443602817 neg 0.419059026100572 __DUMMY__ 0.06710422953914635	false	0.5
scheiden	neg 1.0		off 0.5105243696637899 neg 0.4224663807357705 __DUMMY__ 0.0670092496004395	false	0.5
frustriert	neg 1.0		off 0.5104108299784925 neg 0.42222985216426767 __DUMMY__ 0.06735931785723971	false	0.5
schimmelig	neg 1.0		off 0.5070885064062187 neg 0.42578631375760456 __DUMMY__ 0.06712517983617661	false	0.5
fisch	neg 1.0		off 0.5029207730306409 neg 0.4298554159673179 __DUMMY__ 0.06722381100204117	false	0.5
schmuggel	neg 1.0		off 0.5077708335600404 neg 0.4242551927029652 __DUMMY__ 0.06797397373699444	false	0.5
auffallen	neg 1.0		off 0.5133064157981618 neg 0.41977949771888157 __DUMMY__ 0.06691408648295656	false	0.5
konkurrenz	neg 1.0		off 0.5079550007089082 neg 0.42428409252980676 __DUMMY__ 0.06776090676128517	false	0.5
teufelskreis	neg 1.0	neg 1.0	neg 0.6968227749630255 off 0.2712870905027593 __DUMMY__ 0.031890134534215166	false	1.0
aufschreien	neg 1.0		off 0.513179001645965 neg 0.4200838073947242 __DUMMY__ 0.0667371909593108	false	0.5
schuldner	neg 1.0		off 0.5050554949144976 neg 0.42774174244644764 __DUMMY__ 0.06720276263905463	false	0.5
missgeburt	off 1.0	off 1.0	off 0.7504184521169177 neg 0.21816901180389653 __DUMMY__ 0.031412536079185774	false	1.0
arbeitslos	neg 1.0		off 0.5093362602654853 neg 0.4232109361995587 __DUMMY__ 0.06745280353495613	false	0.5
befallen	neg 1.0		off 0.5079948952553098 neg 0.4251616339014471 __DUMMY__ 0.06684347084324312	false	0.5
miesepetrig	off 1.0	off 1.0	off 0.7449575493974326 neg 0.22333333602889824 __DUMMY__ 0.031709114573669074	false	1.0
alarmieren	neg 1.0		off 0.5160907744192362 neg 0.41718328539712596 __DUMMY__ 0.06672594018363764	false	0.5
ungeduscht	off 1.0		off 0.5145953832477627 neg 0.4188432553933232 __DUMMY__ 0.0665613613589142	false	1.0
knappheit	neg 1.0		off 0.5073504206549432 neg 0.42561797047197225 __DUMMY__ 0.06703160887308451	false	0.5
schlange	neg 1.0		off 0.5116698269166143 neg 0.42119013210069833 __DUMMY__ 0.0671400409826874	false	0.5
harsch	neg 1.0		off 0.5222386527431135 neg 0.41131258036082285 __DUMMY__ 0.06644876689606362	false	0.5
lang	neg 1.0		off 0.5129378176140831 neg 0.41997693602734143 __DUMMY__ 0.06708524635857536	false	0.5
ziellos	neg 1.0		off 0.5083204890400679 neg 0.4240086913370167 __DUMMY__ 0.0676708196229154	false	0.5
selbstverliebt	neg 1.0		off 0.5263852454136887 neg 0.408340012437719 __DUMMY__ 0.06527474214859244	false	0.5
beseitigen	neg 1.0		off 0.5132918916907578 neg 0.4192400818236169 __DUMMY__ 0.06746802648562532	false	0.5
dumm	off 1.0		off 0.521747388170139 neg 0.41249469083489554 __DUMMY__ 0.06575792099496547	false	1.0
arbeitsloser	neg 1.0		off 0.5120464068321886 neg 0.4200996171132794 __DUMMY__ 0.06785397605453182	false	0.5
blitzen	neg 1.0		off 0.5151448331051819 neg 0.41808353619581445 __DUMMY__ 0.06677163069900355	false	0.5
hilflos	neg 1.0		off 0.5091578463033706 neg 0.42344419427940627 __DUMMY__ 0.06739795941722322	false	0.5
eklig	off 1.0		off 0.5208097128602491 neg 0.4136947330341255 __DUMMY__ 0.06549555410562535	false	1.0
begriff			off 0.511214445889753 neg 0.42154611338771697 __DUMMY__ 0.06723944072253013	false	0.0
hungersnot	neg 1.0		off 0.507754101011129 neg 0.4251633162919205 __DUMMY__ 0.0670825826969504	false	0.5
ungesetzlich	neg 1.0		off 0.5124143821157061 neg 0.42083785462844103 __DUMMY__ 0.06674776325585287	false	0.5
verschwendung	neg 1.0		off 0.5073881785877151 neg 0.42505105338741467 __DUMMY__ 0.0675607680248702	false	0.5
schmerzvoll	neg 1.0		off 0.5117915476990922 neg 0.42132984689034547 __DUMMY__ 0.06687860541056248	false	0.5
vorzeitig	neg 1.0		off 0.5177943269428082 neg 0.41531420561801474 __DUMMY__ 0.06689146743917702	false	0.5
unvollkommenheit	neg 1.0		off 0.5108384906058985 neg 0.4217586727838261 __DUMMY__ 0.06740283661027535	false	0.5
intervenieren	neg 1.0		off 0.5066242268224209 neg 0.4261063354525248 __DUMMY__ 0.06726943772505448	false	0.5
banause	off 1.0		off 0.5203808838396381 neg 0.414562866924673 __DUMMY__ 0.06505624923568884	false	1.0
rebell	neg 1.0		off 0.5027597885244898 neg 0.4295998284884045 __DUMMY__ 0.06764038298710574	false	0.5
unlogisch	neg 1.0		off 0.5184011208183936 neg 0.415349083648954 __DUMMY__ 0.06624979553265252	false	0.5
leiden	neg 1.0		off 0.5089295662807121 neg 0.4230174094270159 __DUMMY__ 0.06805302429227203	false	0.5
abschaffung	neg 1.0		off 0.5111877743295589 neg 0.42197885753296094 __DUMMY__ 0.06683336813748014	false	0.5
sturz	neg 1.0		off 0.5166541525276437 neg 0.41588416711840526 __DUMMY__ 0.06746168035395105	false	0.5
verkleinerung	neg 1.0		off 0.5125121087993375 neg 0.4212029793890475 __DUMMY__ 0.06628491181161505	false	0.5
schmarotzer	off 1.0		off 0.5096313445261897 neg 0.42308680910691504 __DUMMY__ 0.06728184636689517	false	1.0
bestrafung	neg 1.0	neg 1.0	neg 0.6944664249836742 off 0.2734783195465509 __DUMMY__ 0.0320552554697749	false	1.0
achtlos	neg 1.0		off 0.51015181825992 neg 0.42253000381574646 __DUMMY__ 0.06731817792433364	false	0.5
ungeheuer	neg 1.0		off 0.5099203855033927 neg 0.42325783703159325 __DUMMY__ 0.06682177746501403	false	0.5
unaufrichtig	neg 1.0		off 0.5159214172925299 neg 0.4172742004642481 __DUMMY__ 0.06680438224322194	false	0.5
groggy	neg 1.0		off 0.5153276899266316 neg 0.41768714052975514 __DUMMY__ 0.06698516954361314	false	0.5
verletzlich	neg 1.0		off 0.5134748063322915 neg 0.4203384334707439 __DUMMY__ 0.0661867601969646	false	0.5
ablehnen	neg 1.0		off 0.5091067898692573 neg 0.4234778765099151 __DUMMY__ 0.06741533362082751	false	0.5
