unsolidarisch	neg 1.0		__DUMMY__ 0.46055831604590175 off 0.29543227859363363 neg 0.24400940536046462	false	0.5
nachteilig	neg 1.0		__DUMMY__ 0.4665296562463769 off 0.29189302524602945 neg 0.24157731850759379	false	0.5
skeptisch	neg 1.0		__DUMMY__ 0.46607798367391534 off 0.28999154310531233 neg 0.24393047322077233	false	0.5
schrecklich	neg 1.0		__DUMMY__ 0.456632300234778 off 0.3049617558439456 neg 0.23840594392127631	false	0.5
schlapp	neg 1.0	neg 1.0	neg 0.6068774107301089 __DUMMY__ 0.22238466420105174 off 0.17073792506883942	false	1.0
abfall	neg 1.0		__DUMMY__ 0.4686760893060858 off 0.28679968877768874 neg 0.2445242219162255	false	0.5
widerspenstig	neg 1.0		__DUMMY__ 0.4617637745927684 off 0.2936864246070749 neg 0.24454980080015662	false	0.5
abrupt	neg 1.0		__DUMMY__ 0.4647403535348482 off 0.2886557532741957 neg 0.24660389319095605	false	0.5
unwirksam	neg 1.0		__DUMMY__ 0.45805623986580923 off 0.29369446193805443 neg 0.2482492981961363	false	0.5
angreifen	neg 1.0		__DUMMY__ 0.4662174666913998 off 0.2892206425218537 neg 0.24456189078674664	false	0.5
inkonsistent	neg 1.0		__DUMMY__ 0.45967246646604515 off 0.2974005722002453 neg 0.24292696133370947	false	0.5
abrutschen	neg 1.0		__DUMMY__ 0.4681579843154459 off 0.2861223133847784 neg 0.24571970229977558	false	0.5
unsicher	neg 1.0		__DUMMY__ 0.4635425589114869 off 0.29509588027494 neg 0.24136156081357324	false	0.5
bauernkind	off 1.0	off 1.0	off 0.6435980917686237 __DUMMY__ 0.2184308827375698 neg 0.13797102549380652	false	1.0
angreifer	neg 1.0		__DUMMY__ 0.46323951196691376 off 0.30051519831799056 neg 0.23624528971509562	false	0.5
trennen	neg 1.0		__DUMMY__ 0.46690868492164794 off 0.28913342506425055 neg 0.2439578900141015	false	0.5
schmutz	neg 1.0		__DUMMY__ 0.46435112922240734 off 0.29982327373628703 neg 0.2358255970413055	false	0.5
inkonsistenz	neg 1.0		__DUMMY__ 0.45976421275789875 off 0.30063039486459187 neg 0.23960539237750936	false	0.5
erschreckend	neg 1.0		__DUMMY__ 0.4632423976809494 off 0.29416027853529636 neg 0.24259732378375415	false	0.5
ertrinken	neg 1.0		__DUMMY__ 0.46541790499130004 off 0.2881722204527525 neg 0.24640987455594746	false	0.5
pickelface	off 1.0		__DUMMY__ 0.4631674683048759 off 0.29603995569998454 neg 0.2407925759951397	false	1.0
seiner			__DUMMY__ 0.466613646790142 off 0.2898926965815314 neg 0.24349365662832673	false	0.0
lauch	neg 1.0	neg 1.0	neg 0.6090544675101168 __DUMMY__ 0.22782953810676146 off 0.16311599438312174	false	1.0
unwichtig	neg 1.0		__DUMMY__ 0.4594679589464125 off 0.3004015402122995 neg 0.24013050084128804	false	0.5
steuerhinterziehung	neg 1.0		__DUMMY__ 0.46212509039174804 off 0.2938680785970662 neg 0.2440068310111858	false	0.5
schock	neg 1.0		__DUMMY__ 0.4637602137653921 off 0.2930124634696824 neg 0.24322732276492565	false	0.5
beule	neg 1.0		__DUMMY__ 0.4568190043253108 off 0.30240885718263105 neg 0.2407721384920582	false	0.5
vergelten	neg 1.0		__DUMMY__ 0.45739917371488414 off 0.3067707248321553 neg 0.23583010145296054	false	0.5
verdorbenheit	neg 1.0		__DUMMY__ 0.4624619487253855 off 0.29646928552935636 neg 0.24106876574525812	false	0.5
trauma	neg 1.0		__DUMMY__ 0.4613577374034614 off 0.2963814159207299 neg 0.24226084667580863	false	0.5
sinnlos	neg 1.0		__DUMMY__ 0.46154085797250005 off 0.2972002493598692 neg 0.2412588926676307	false	0.5
fettsack	off 1.0	off 1.0	off 0.6448840594105129 __DUMMY__ 0.21891066445941457 neg 0.13620527613007266	false	1.0
feige	off 1.0	off 1.0	off 0.6412141822090138 __DUMMY__ 0.22196232370708505 neg 0.13682349408390115	false	1.0
abdanken	neg 1.0		__DUMMY__ 0.46359962057170384 off 0.29490653728044164 neg 0.24149384214785455	false	0.5
wichtigtuer	off 1.0	off 1.0	off 0.6393966968419045 __DUMMY__ 0.22374204906741896 neg 0.1368612540906766	false	1.0
misslingen	neg 1.0		__DUMMY__ 0.465186766357063 off 0.29821183286102804 neg 0.23660140078190905	false	0.5
untreu	off 1.0		__DUMMY__ 0.45804699670355525 off 0.3014187034212536 neg 0.24053429987519118	false	1.0
missmutig	neg 1.0		__DUMMY__ 0.4592107182225015 off 0.29841889942137395 neg 0.24237038235612463	false	0.5
hurenbock	off 1.0		__DUMMY__ 0.45986149221318995 off 0.29419884155563636 neg 0.24593966623117375	false	1.0
betrunken	neg 1.0		__DUMMY__ 0.4566262104248747 off 0.30339937381998555 neg 0.23997441575513967	false	0.5
korrupt	off 1.0		__DUMMY__ 0.46169172589362134 off 0.2930059118939202 neg 0.24530236221245857	false	1.0
unmut	neg 1.0		__DUMMY__ 0.46722001793019907 off 0.28802935938672625 neg 0.24475062268307485	false	0.5
hackfresse	off 1.0		__DUMMY__ 0.4530538861767553 off 0.309692185083422 neg 0.23725392873982268	false	1.0
aufblasen	neg 1.0		__DUMMY__ 0.4617074590384436 off 0.2948776115359207 neg 0.24341492942563558	false	0.5
gewaltsam	neg 1.0		__DUMMY__ 0.4645367267852535 off 0.29544273778496166 neg 0.24002053542978483	false	0.5
unbeliebtheit	neg 1.0		__DUMMY__ 0.459146237916814 off 0.30217953101230793 neg 0.2386742310708781	false	0.5
sturheit	neg 1.0		__DUMMY__ 0.464526917086821 off 0.2946928853175953 neg 0.24078019759558386	false	0.5
kuh	neg 1.0		__DUMMY__ 0.45540004453390537 off 0.2961146592609213 neg 0.2484852962051734	false	0.5
erschrecken	neg 1.0		__DUMMY__ 0.459976133076685 off 0.29932202137871716 neg 0.24070184554459775	false	0.5
opfer	neg 1.0		__DUMMY__ 0.4665715648006568 off 0.2920763037270385 neg 0.2413521314723046	false	0.5
sinken	neg 1.0		__DUMMY__ 0.46535788771348463 off 0.28786830192498314 neg 0.24677381036153226	false	0.5
stinktier	neg 1.0		__DUMMY__ 0.45159094008462225 off 0.3059465001889047 neg 0.2424625597264731	false	0.5
tucke	off 1.0		__DUMMY__ 0.449102460717621 off 0.31085391526774453 neg 0.24004362401463444	false	1.0
ein			__DUMMY__ 0.4608228828297691 off 0.2927608661347893 neg 0.24641625103544162	false	0.0
abstieg	neg 1.0		__DUMMY__ 0.4673655806455874 off 0.29420604295976177 neg 0.23842837639465086	false	0.5
missverstehen	neg 1.0		__DUMMY__ 0.4608273655815176 off 0.2981503395453023 neg 0.24102229487318025	false	0.5
ergebnislos	neg 1.0		__DUMMY__ 0.4673032887703078 off 0.2921076929846524 neg 0.24058901824503995	false	0.5
unter			__DUMMY__ 0.4725724912515957 off 0.28280736557775593 neg 0.24462014317064845	false	0.0
manipulieren	neg 1.0		__DUMMY__ 0.4662087095204041 off 0.2905641555227059 neg 0.24322713495688977	false	0.5
unbewiesen	neg 1.0		__DUMMY__ 0.46139181032017285 off 0.29616430054716003 neg 0.2424438891326671	false	0.5
verschleppen	neg 1.0		__DUMMY__ 0.4640646148582025 off 0.29195534307967846 neg 0.24398004206211907	false	0.5
weib	off 1.0		__DUMMY__ 0.4509839772289166 off 0.31184661200272595 neg 0.23716941076835754	false	1.0
opposition	neg 1.0		__DUMMY__ 0.46022438680139993 off 0.296229254311483 neg 0.24354635888711704	false	0.5
verkehrswidrig	neg 1.0		__DUMMY__ 0.4588337914481511 off 0.30824175154003924 neg 0.23292445701180967	false	0.5
inkorrekt	neg 1.0		__DUMMY__ 0.4565319122923 off 0.30475706173983286 neg 0.23871102596786728	false	0.5
vermeiden	neg 1.0		__DUMMY__ 0.4696654206561592 off 0.28620702294613076 neg 0.24412755639771003	false	0.5
abweichung	neg 1.0		__DUMMY__ 0.4649375064524519 off 0.2928826427440868 neg 0.24217985080346122	false	0.5
alkoholisiert	neg 1.0		__DUMMY__ 0.46904412049634514 off 0.29100321043236604 neg 0.23995266907128865	false	0.5
scheiss	off 1.0	off 1.0	off 0.6420335467425468 __DUMMY__ 0.2212643810159243 neg 0.136702072241529	false	1.0
herausforderung	neg 1.0		__DUMMY__ 0.4646100759833949 off 0.29232253000373554 neg 0.24306739401286964	false	0.5
pervers	off 1.0		__DUMMY__ 0.4497768994606922 off 0.31451995974130936 neg 0.23570314079799828	false	1.0
wackelig	neg 1.0		__DUMMY__ 0.464644689834187 off 0.2920929775108918 neg 0.2432623326549211	false	0.5
verwickeln	neg 1.0		__DUMMY__ 0.46107734090843505 off 0.29697883761597393 neg 0.24194382147559096	false	0.5
vorwand	neg 1.0		__DUMMY__ 0.46666169857840784 off 0.28890836014183496 neg 0.2444299412797572	false	0.5
muschi	off 1.0		__DUMMY__ 0.464590602370468 off 0.2952222195763252 neg 0.2401871780532068	false	1.0
entmutigung	neg 1.0		__DUMMY__ 0.4580587068582714 off 0.2964409106136408 neg 0.24550038252808784	false	0.5
unangemessen	neg 1.0		__DUMMY__ 0.4638968344300133 off 0.29394111665087386 neg 0.24216204891911283	false	0.5
unstetig	neg 1.0		__DUMMY__ 0.4606912072322273 off 0.2998726011511235 neg 0.2394361916166492	false	0.5
entmutigen	neg 1.0		__DUMMY__ 0.46172476013301283 off 0.2958090212936877 neg 0.24246621857329945	false	0.5
schwanz	neg 1.0		__DUMMY__ 0.46524952258083463 off 0.2926364904674486 neg 0.24211398695171665	false	0.5
verbot	neg 1.0		__DUMMY__ 0.4627665475821866 off 0.2930446847256715 neg 0.2441887676921417	false	0.5
leid	neg 1.0		__DUMMY__ 0.4552538871111077 off 0.30665915027474466 neg 0.23808696261414772	false	0.5
archaisch	neg 1.0		__DUMMY__ 0.4635539633370172 off 0.2933818990649864 neg 0.24306413759799628	false	0.5
gegen			__DUMMY__ 0.4681701204250915 off 0.28911186172971476 neg 0.24271801784519376	false	0.0
scheidung	neg 1.0		__DUMMY__ 0.4506838783600996 off 0.3195146328330138 neg 0.22980148880688653	false	0.5
einschlag	neg 1.0		__DUMMY__ 0.4592299048225622 off 0.3067050697011331 neg 0.2340650254763046	false	0.5
m			__DUMMY__ 0.4644805465138493 off 0.292808032344716 neg 0.2427114211414346	false	0.0
abgestanden	neg 1.0		__DUMMY__ 0.4573677672214094 off 0.2925663024572864 neg 0.25006593032130414	false	0.5
schmierig	off 1.0		__DUMMY__ 0.45458926000196676 off 0.3058191583111266 neg 0.23959158168690683	false	1.0
unpraktisch	neg 1.0		__DUMMY__ 0.462160964258937 off 0.2966194901311425 neg 0.2412195456099204	false	0.5
wixxer	off 1.0		__DUMMY__ 0.448543180364831 off 0.3144641133565941 neg 0.23699270627857502	false	1.0
bezeichnet			__DUMMY__ 0.4632903482376129 off 0.2957199903228084 neg 0.24098966143957873	false	0.0
jammerlappen	off 1.0		__DUMMY__ 0.45900354306575747 off 0.3005208648661955 neg 0.24047559206804692	false	1.0
farce	neg 1.0		__DUMMY__ 0.46140590316347824 off 0.2946652768682496 neg 0.24392881996827223	false	0.5
zwecklos	neg 1.0		__DUMMY__ 0.4637994973626241 off 0.292519942491435 neg 0.2436805601459409	false	0.5
turbulent	neg 1.0		__DUMMY__ 0.45695031336158104 off 0.3026498498293457 neg 0.24039983680907318	false	0.5
invasion	neg 1.0		__DUMMY__ 0.46084065636607874 off 0.29789609538192596 neg 0.24126324825199533	false	0.5
schuld	neg 1.0		__DUMMY__ 0.4619784995051774 off 0.2964187797345943 neg 0.24160272076022823	false	0.5
risiko	neg 1.0		__DUMMY__ 0.45962645842655125 off 0.2966207123085479 neg 0.2437528292649008	false	0.5
finster	neg 1.0		__DUMMY__ 0.46051934790679383 off 0.2934067468123417 neg 0.24607390528086456	false	0.5
geisteskrank	off 1.0		__DUMMY__ 0.4573780620755588 off 0.30339414141678467 neg 0.2392277965076566	false	1.0
zusammenbrechen	neg 1.0		__DUMMY__ 0.463351337747798 off 0.29249716892821087 neg 0.24415149332399116	false	0.5
ausbeute	neg 1.0		__DUMMY__ 0.4650152285859032 off 0.29439896171106494 neg 0.24058580970303195	false	0.5
hinterhalt	neg 1.0		__DUMMY__ 0.4640432299485741 off 0.2937126834954826 neg 0.24224408655594326	false	0.5
kritik	neg 1.0		__DUMMY__ 0.4615998850861259 off 0.29438098180747013 neg 0.244019133106404	false	0.5
einschrumpfen	neg 1.0		__DUMMY__ 0.4579273096665644 off 0.30043436484871605 neg 0.24163832548471956	false	0.5
riskant	neg 1.0		__DUMMY__ 0.4655399463072652 off 0.29004711991951765 neg 0.24441293377321716	false	0.5
frustrieren	neg 1.0		__DUMMY__ 0.4645683388319944 off 0.2908432769581802 neg 0.24458838420982548	false	0.5
groll	neg 1.0		__DUMMY__ 0.4647439597844428 off 0.293274841615791 neg 0.24198119859976627	false	0.5
gibt			__DUMMY__ 0.46450001654101647 off 0.29245339787142177 neg 0.24304658558756181	false	0.0
qualvoll	neg 1.0		__DUMMY__ 0.46065099472383314 off 0.2969549397543306 neg 0.2423940655218362	false	0.5
wackeln	neg 1.0		__DUMMY__ 0.4624007317762907 off 0.29440967546827007 neg 0.24318959275543925	false	0.5
klagen	neg 1.0		__DUMMY__ 0.4659541755753744 off 0.28890988845882837 neg 0.24513593596579722	false	0.5
bankrott	neg 1.0		__DUMMY__ 0.46049089136288285 off 0.300461397776934 neg 0.23904771086018317	false	0.5
trauern	neg 1.0		__DUMMY__ 0.4684257483028092 off 0.2915147831331064 neg 0.24005946856408428	false	0.5
ablehnung	neg 1.0		__DUMMY__ 0.46215039648549083 off 0.29375635168390324 neg 0.24409325183060585	false	0.5
stur	neg 1.0		__DUMMY__ 0.46112685495618466 off 0.2959838336747898 neg 0.24288931136902545	false	0.5
aufruhr	neg 1.0		__DUMMY__ 0.4619860172479763 off 0.29492638352218326 neg 0.24308759922984038	false	0.5
melancholie	neg 1.0		__DUMMY__ 0.4633523587019264 off 0.2884435963201711 neg 0.2482040449779024	false	0.5
ist			__DUMMY__ 0.46152864815208394 off 0.2968244553775024 neg 0.2416468964704138	false	0.0
torheit	neg 1.0		__DUMMY__ 0.46199437226506956 off 0.29661117487858707 neg 0.24139445285634342	false	0.5
dreckskind	off 1.0		__DUMMY__ 0.4522242917305231 off 0.3110030489651987 neg 0.23677265930427815	false	1.0
umtauschen	neg 1.0		__DUMMY__ 0.4626632105358517 off 0.29400376851808446 neg 0.24333302094606385	false	0.5
zum			__DUMMY__ 0.4720587668217607 off 0.2873978181348694 neg 0.24054341504336985	false	0.0
zersetzen	neg 1.0		__DUMMY__ 0.4646469215346524 off 0.28944151803407786 neg 0.24591156043126983	false	0.5
zur			__DUMMY__ 0.4699160990554076 off 0.28656045702726735 neg 0.243523443917325	false	0.0
frust	neg 1.0		__DUMMY__ 0.4635860003920488 off 0.2922581839872442 neg 0.2441558156207071	false	0.5
unerbittlichkeit	neg 1.0		__DUMMY__ 0.4662361030006567 off 0.2913748136090388 neg 0.2423890833903045	false	0.5
zwei			__DUMMY__ 0.4695592825746417 off 0.2855735332898699 neg 0.2448671841354885	false	0.0
unkorrekt	neg 1.0		__DUMMY__ 0.45707362495497295 off 0.3033129784119754 neg 0.2396133966330515	false	0.5
hexe	off 1.0		__DUMMY__ 0.4565120061767859 off 0.2988952045125392 neg 0.24459278931067488	false	1.0
lasch	neg 1.0		__DUMMY__ 0.45947064853984143 off 0.29953162242253817 neg 0.24099772903762037	false	0.5
rivale	neg 1.0		__DUMMY__ 0.45723356469352755 off 0.30533071967660086 neg 0.23743571562987167	false	0.5
mutlos	off 1.0	off 1.0	off 0.6359425660031377 __DUMMY__ 0.22573735523721303 neg 0.13832007875964927	false	1.0
wirr	off 1.0		__DUMMY__ 0.4550994261801207 off 0.30509055443425553 neg 0.23981001938562369	false	1.0
jahr			__DUMMY__ 0.4694389220415889 off 0.29158962521876547 neg 0.23897145273964557	false	0.0
wird			__DUMMY__ 0.46508715235864945 off 0.2919571870482322 neg 0.24295566059311832	false	0.0
strafbar	neg 1.0		__DUMMY__ 0.46576546677969877 off 0.2909838232324846 neg 0.24325070998781667	false	0.5
erosion	neg 1.0		__DUMMY__ 0.46309867452537923 off 0.2955015533024889 neg 0.2413997721721319	false	0.5
eingehen	neg 1.0		__DUMMY__ 0.4644741767079147 off 0.2905520300393757 neg 0.2449737932527095	false	0.5
faul	off 1.0		__DUMMY__ 0.45971642516249694 off 0.2996918869223292 neg 0.24059168791517382	false	1.0
provisorium	neg 1.0		__DUMMY__ 0.47288397773426805 off 0.2830466153111669 neg 0.24406940695456497	false	0.5
schmerzen	neg 1.0		__DUMMY__ 0.46175499242198675 off 0.29270538916933525 neg 0.24553961840867794	false	0.5
schrumpfen	neg 1.0		__DUMMY__ 0.4667435513684819 off 0.2851643018822642 neg 0.24809214674925378	false	0.5
geistlos	off 1.0		__DUMMY__ 0.45961352035433883 off 0.2980365188552756 neg 0.24234996079038568	false	1.0
fehlkauf	neg 1.0		__DUMMY__ 0.4605106395111943 off 0.29782906753602034 neg 0.24166029295278532	false	0.5
frustrierend	neg 1.0		__DUMMY__ 0.45972273101866207 off 0.2990589364685896 neg 0.24121833251274852	false	0.5
unzufrieden	neg 1.0		__DUMMY__ 0.4642795714228539 off 0.29245248921192607 neg 0.2432679393652201	false	0.5
verzweifeln	neg 1.0		__DUMMY__ 0.4635299856934542 off 0.2938648469271918 neg 0.242605167379354	false	0.5
verzweifelt	neg 1.0		__DUMMY__ 0.4611488873823797 off 0.29605701221637076 neg 0.24279410040124963	false	0.5
misstrauensantrag	neg 1.0		__DUMMY__ 0.4605124312063773 off 0.2969733646027972 neg 0.24251420419082548	false	0.5
abfallen	neg 1.0		__DUMMY__ 0.4617113285206221 off 0.29463292247752776 neg 0.24365574900185014	false	0.5
fucker	off 1.0		__DUMMY__ 0.4574068904042206 off 0.3045081689503423 neg 0.2380849406454371	false	1.0
ungezogen	neg 1.0		__DUMMY__ 0.45175295477138977 off 0.31221056720372925 neg 0.23603647802488087	false	0.5
irrsinnig	neg 1.0	neg 1.0	neg 0.6078163871828445 __DUMMY__ 0.22411258967336822 off 0.1680710231437873	false	1.0
unfassbar	neg 1.0		__DUMMY__ 0.4589267695373688 off 0.30178242230685054 neg 0.23929080815578083	false	0.5
hart	neg 1.0		__DUMMY__ 0.45637115858973915 off 0.3011701174261341 neg 0.2424587239841267	false	0.5
widerlich	off 1.0		__DUMMY__ 0.45808351719585283 off 0.30224921892534823 neg 0.2396672638787989	false	1.0
fatal	neg 1.0	neg 1.0	neg 0.6090649557242862 __DUMMY__ 0.22227314422342992 off 0.1686619000522838	false	1.0
bruch	neg 1.0		__DUMMY__ 0.4671701064919698 off 0.28748567916629825 neg 0.24534421434173195	false	0.5
aushungern	neg 1.0		__DUMMY__ 0.46255163004272276 off 0.2932170950909664 neg 0.2442312748663108	false	0.5
anspannung	neg 1.0		__DUMMY__ 0.4704777326929921 off 0.28624309241268164 neg 0.2432791748943263	false	0.5
von			__DUMMY__ 0.46667940144110925 off 0.289180512452121 neg 0.24414008610676968	false	0.0
kraftlos	neg 1.0		__DUMMY__ 0.464134744340399 off 0.29162763410627385 neg 0.2442376215533273	false	0.5
vom			__DUMMY__ 0.47357172139546566 off 0.2839763510715487 neg 0.2424519275329855	false	0.0
grenzdebil	off 1.0		__DUMMY__ 0.4576254583285287 off 0.30163902056918285 neg 0.2407355211022885	false	1.0
vor			__DUMMY__ 0.46741919804789744 off 0.2879714708183822 neg 0.24460933113372021	false	0.0
unterwerfen	neg 1.0		__DUMMY__ 0.4657757042187901 off 0.2918845867618218 neg 0.24233970901938814	false	0.5
versenkung	neg 1.0		__DUMMY__ 0.46625440832819137 off 0.2912788680193734 neg 0.24246672365243516	false	0.5
entziehen	neg 1.0		__DUMMY__ 0.4668422687966132 off 0.2888697532776493 neg 0.24428797792573745	false	0.5
finanzkrise	neg 1.0		__DUMMY__ 0.4577826319355744 off 0.2923250907825127 neg 0.24989227728191293	false	0.5
schimpfend	neg 1.0		__DUMMY__ 0.46324626933677926 off 0.29629424593121445 neg 0.24045948473200632	false	0.5
profan	neg 1.0		__DUMMY__ 0.4603311380643251 off 0.2972516260456009 neg 0.24241723589007402	false	0.5
korruption	neg 1.0		__DUMMY__ 0.4621378632492613 off 0.2921977406532728 neg 0.24566439609746582	false	0.5
â			__DUMMY__ 0.46465202156611407 off 0.29205018098069785 neg 0.24329779745318794	false	0.0
schmutzig	neg 1.0		__DUMMY__ 0.4574247960070533 off 0.3017024488700252 neg 0.24087275512292147	false	0.5
sexy	neg 1.0		__DUMMY__ 0.460724411589076 off 0.2996027975650601 neg 0.23967279084586374	false	0.5
abraten	neg 1.0		__DUMMY__ 0.46180791943678756 off 0.2972940323593487 neg 0.24089804820386357	false	0.5
schwarz	neg 1.0		__DUMMY__ 0.4615492858578641 off 0.29775353421313167 neg 0.24069717992900425	false	0.5
fotze	off 1.0	off 1.0	off 0.6366817847355684 __DUMMY__ 0.22602889073763294 neg 0.13728932452679882	false	1.0
verwirren	neg 1.0		__DUMMY__ 0.46074978257519655 off 0.2978197945337744 neg 0.2414304228910292	false	0.5
zahnlos	off 1.0		__DUMMY__ 0.4636411304223901 off 0.2935004011341342 neg 0.2428584684434757	false	1.0
verheeren	neg 1.0		__DUMMY__ 0.45115565070923197 off 0.3136867093627782 neg 0.23515763992798977	false	0.5
hippie	neg 1.0		__DUMMY__ 0.4604822446387848 off 0.2990347526673934 neg 0.24048300269382186	false	0.5
rammen	neg 1.0		__DUMMY__ 0.4630831361253201 off 0.2960768333706779 neg 0.24084003050400207	false	0.5
unlauter	neg 1.0		__DUMMY__ 0.4603564218060994 off 0.29702563147365935 neg 0.2426179467202412	false	0.5
unheilvoll	neg 1.0		__DUMMY__ 0.4611114578572812 off 0.2959359364569313 neg 0.24295260568578764	false	0.5
niedrig	neg 1.0		__DUMMY__ 0.46291790029790764 off 0.290945973591299 neg 0.24613612611079344	false	0.5
explosion	neg 1.0		__DUMMY__ 0.4609122757009154 off 0.2991045700526362 neg 0.23998315424644845	false	0.5
weichei	off 1.0	off 1.0	off 0.644292099099267 __DUMMY__ 0.21900018503210097 neg 0.1367077158686321	false	1.0
minusmensch	off 1.0		__DUMMY__ 0.45116790480192 off 0.3135078537240182 neg 0.23532424147406183	false	1.0
farblos	neg 1.0		__DUMMY__ 0.46192777168955274 off 0.29639196367712417 neg 0.24168026463332307	false	0.5
unwissend	neg 1.0	neg 1.0	neg 0.6070781104814718 __DUMMY__ 0.222417508531193 off 0.17050438098733525	false	1.0
traurig	neg 1.0		__DUMMY__ 0.457076712645907 off 0.3046032045463835 neg 0.23832008280770947	false	0.5
senkung	neg 1.0		__DUMMY__ 0.4569521905692664 off 0.29658370714695065 neg 0.24646410228378307	false	0.5
ungleich	neg 1.0	neg 1.0	neg 0.6087509649865391 __DUMMY__ 0.22578436969381574 off 0.1654646653196451	false	1.0
heikel	neg 1.0		__DUMMY__ 0.4655798114986942 off 0.2903117814717976 neg 0.24410840702950834	false	0.5
drosselung	neg 1.0		__DUMMY__ 0.45557363534784623 off 0.30102442865827034 neg 0.24340193599388363	false	0.5
falsch	neg 1.0		__DUMMY__ 0.46049771980543847 off 0.299790727830258 neg 0.2397115523643035	false	0.5
unzufriedenheit	neg 1.0		__DUMMY__ 0.4646519305574102 off 0.2895450318166847 neg 0.24580303762590522	false	0.5
kurz	neg 1.0		__DUMMY__ 0.4651270528202183 off 0.2930311296489697 neg 0.24184181753081213	false	0.5
unsinnig	neg 1.0		__DUMMY__ 0.4621267433672728 off 0.29353127042046545 neg 0.2443419862122618	false	0.5
penner	off 1.0	off 1.0	off 0.6456671351700314 __DUMMY__ 0.21880891493730767 neg 0.13552394989266092	false	1.0
seicht	neg 1.0		__DUMMY__ 0.45006437616703804 off 0.31028239989008893 neg 0.239653223942873	false	0.5
dummheit	off 1.0	off 1.0	off 0.6392090066758617 __DUMMY__ 0.2229447277069819 neg 0.13784626561715643	false	1.0
unerfreulich	neg 1.0		__DUMMY__ 0.465958216437141 off 0.2900418373553221 neg 0.24399994620753693	false	0.5
motherfucker	off 1.0	off 1.0	off 0.6425468784461521 __DUMMY__ 0.22161375640607262 neg 0.13583936514777528	false	1.0
pikiert	neg 1.0		__DUMMY__ 0.4579597587102644 off 0.30062385392417235 neg 0.2414163873655633	false	0.5
wrack	neg 1.0		__DUMMY__ 0.4682211894457655 off 0.2947846137122917 neg 0.23699419684194298	false	0.5
gangster	neg 1.0		__DUMMY__ 0.46023886792784097 off 0.29921672933033955 neg 0.24054440274181949	false	0.5
krank	neg 1.0		__DUMMY__ 0.4584971316369535 off 0.30209440899107826 neg 0.23940845937196825	false	0.5
reich	neg 1.0		__DUMMY__ 0.45641122997967737 off 0.29821215882115965 neg 0.24537661119916293	false	0.5
gnadenlos	neg 1.0		__DUMMY__ 0.4626200854541567 off 0.296346708829369 neg 0.24103320571647424	false	0.5
niedergeschlagen	neg 1.0		__DUMMY__ 0.46511293068200843 off 0.29251363986963225 neg 0.24237342944835935	false	0.5
terrorisieren	off 1.0	off 1.0	off 0.63522967562797 __DUMMY__ 0.2262750050364902 neg 0.1384953193355397	false	1.0
sinnlosigkeit	neg 1.0		__DUMMY__ 0.4640159957637281 off 0.29302574938091097 neg 0.24295825485536082	false	0.5
behindern	neg 1.0		__DUMMY__ 0.46243688667454014 off 0.2946166740422958 neg 0.24294643928316417	false	0.5
undemokratisch	neg 1.0		__DUMMY__ 0.4602996296699301 off 0.2973574285063721 neg 0.2423429418236979	false	0.5
wirtschaftskrise	neg 1.0		__DUMMY__ 0.4614928555606666 off 0.2914282587984901 neg 0.24707888564084318	false	0.5
neid	neg 1.0		__DUMMY__ 0.4597873051507088 off 0.2984100139644673 neg 0.24180268088482382	false	0.5
rutschen	neg 1.0		__DUMMY__ 0.46931906417897273 off 0.28509662791741325 neg 0.24558430790361394	false	0.5
rezession	neg 1.0		__DUMMY__ 0.45207738425628796 off 0.3027216080403639 neg 0.24520100770334813	false	0.5
fehlgeburt	neg 1.0		__DUMMY__ 0.4633134933617352 off 0.2957682775971516 neg 0.2409182290411133	false	0.5
charakterschwach	off 1.0		__DUMMY__ 0.45796349593948 off 0.30151953466114034 neg 0.24051696939937955	false	1.0
isolation	neg 1.0		__DUMMY__ 0.4609377717252524 off 0.29989046293490396 neg 0.23917176533984366	false	0.5
ablenkung	neg 1.0		__DUMMY__ 0.4635721952748611 off 0.2949118375291276 neg 0.24151596719601132	false	0.5
pech	neg 1.0		__DUMMY__ 0.4590132920198176 off 0.2993387150461738 neg 0.24164799293400857	false	0.5
vermeidung	neg 1.0		__DUMMY__ 0.4571739406051045 off 0.3014740913214983 neg 0.24135196807339723	false	0.5
dominieren	neg 1.0		__DUMMY__ 0.46406023074122177 off 0.2935387606011153 neg 0.242401008657663	false	0.5
schwindlig	neg 1.0		__DUMMY__ 0.4605098303360993 off 0.29674552037762336 neg 0.24274464928627745	false	0.5
lutscher	neg 1.0		__DUMMY__ 0.4490705104544902 off 0.31230908056798334 neg 0.2386204089775264	false	0.5
pflicht	neg 1.0		__DUMMY__ 0.467325281396013 off 0.28926330301919434 neg 0.2434114155847927	false	0.5
faschist	off 1.0		__DUMMY__ 0.46030476393681724 off 0.299488032185707 neg 0.24020720387747574	false	1.0
verschleudern	neg 1.0		__DUMMY__ 0.46180603563429706 off 0.28969263823847874 neg 0.2485013261272241	false	0.5
wenn			__DUMMY__ 0.4588999853433638 off 0.30002264084123204 neg 0.2410773738154041	false	0.0
ehebruch	neg 1.0		__DUMMY__ 0.46421222136571416 off 0.29185030930610084 neg 0.24393746932818505	false	0.5
spott	off 1.0		__DUMMY__ 0.4656000867824436 off 0.2923317179157343 neg 0.24206819530182208	false	1.0
trostlosigkeit	neg 1.0		__DUMMY__ 0.4653479743989833 off 0.2882669676253998 neg 0.246385057975617	false	0.5
lutschen	neg 1.0		__DUMMY__ 0.46054582879593453 off 0.30025520818777846 neg 0.23919896301628701	false	0.5
undiszipliniert	neg 1.0		__DUMMY__ 0.45702766670490297 off 0.30357729994510835 neg 0.2393950333499886	false	0.5
kopfschmerz	neg 1.0		__DUMMY__ 0.46180202395933484 off 0.2899343417486737 neg 0.2482636342919915	false	0.5
unvorhergesehen	neg 1.0		__DUMMY__ 0.4671045224784405 off 0.28932675077314235 neg 0.2435687267484173	false	0.5
desinteressiert	neg 1.0		__DUMMY__ 0.4572839864817301 off 0.30284270515574035 neg 0.23987330836252946	false	0.5
armselig	off 1.0		__DUMMY__ 0.4562949247727307 off 0.3055261750767855 neg 0.23817890015048365	false	1.0
desaster	neg 1.0		__DUMMY__ 0.46595358357562666 off 0.287789535290842 neg 0.24625688113353134	false	0.5
tod	neg 1.0		__DUMMY__ 0.46558336474794404 off 0.29124418376355793 neg 0.24317245148849806	false	0.5
herzlos	neg 1.0		__DUMMY__ 0.456222085754143 off 0.3047068180577336 neg 0.23907109618812328	false	0.5
unwissenheit	neg 1.0		__DUMMY__ 0.46405725511835505 off 0.2926105411779823 neg 0.24333220370366268	false	0.5
widersinnig	neg 1.0		__DUMMY__ 0.46109372432635914 off 0.2931991899007247 neg 0.24570708577291622	false	0.5
bedenklich	neg 1.0		__DUMMY__ 0.46405449984518965 off 0.29139172749131315 neg 0.24455377266349723	false	0.5
beanstanden	neg 1.0		__DUMMY__ 0.46748604281120243 off 0.2902492418340193 neg 0.24226471535477834	false	0.5
panisch	neg 1.0		__DUMMY__ 0.4618568860796015 off 0.2971593083848749 neg 0.2409838055355236	false	0.5
debil	off 1.0		__DUMMY__ 0.47126101974245277 off 0.2833447883021679 neg 0.24539419195537934	false	1.0
abstrich	neg 1.0		__DUMMY__ 0.4638830140645495 off 0.29357828385489365 neg 0.2425387020805568	false	0.5
primitiv	neg 1.0		__DUMMY__ 0.4576045643757844 off 0.30320723112800857 neg 0.2391882044962071	false	0.5
abschaum	off 1.0	off 1.0	off 0.6414865016543915 __DUMMY__ 0.2230937599851536 neg 0.13541973836045484	false	1.0
provozieren	neg 1.0		__DUMMY__ 0.4616344642735225 off 0.29591472957127624 neg 0.2424508061552013	false	0.5
tot	neg 1.0		__DUMMY__ 0.4643849941243508 off 0.2929850325834219 neg 0.2426299732922273	false	0.5
instabil	neg 1.0		__DUMMY__ 0.45439368006807695 off 0.3050034614676552 neg 0.24060285846426774	false	0.5
schwuchtel	off 1.0	off 1.0	off 0.6503655589304017 __DUMMY__ 0.2161148609122129 neg 0.13351958015738535	false	1.0
zerren	neg 1.0		__DUMMY__ 0.4649713981138429 off 0.2923841454505902 neg 0.2426444564355668	false	0.5
kinderficker	off 1.0		__DUMMY__ 0.4545050818870607 off 0.3080144948168687 neg 0.2374804232960706	false	1.0
gefahr	neg 1.0		__DUMMY__ 0.4669591305096527 off 0.2897481646603739 neg 0.2432927048299734	false	0.5
rabiat	neg 1.0		__DUMMY__ 0.46227296531429923 off 0.2936675960347685 neg 0.24405943865093224	false	0.5
verlangsamung	neg 1.0		__DUMMY__ 0.4521042661530988 off 0.3092932785543575 neg 0.23860245529254365	false	0.5
ausgestorben	neg 1.0		__DUMMY__ 0.46401747197431664 off 0.29394861997521415 neg 0.24203390805046926	false	0.5
anklagen	neg 1.0		__DUMMY__ 0.4638398826450962 off 0.2935264790851212 neg 0.24263363826978263	false	0.5
trott	neg 1.0		__DUMMY__ 0.462897355716418 off 0.2951109760073868 neg 0.2419916682761952	false	0.5
verminderung	neg 1.0		__DUMMY__ 0.45713387307969583 off 0.30152843313996947 neg 0.2413376937803346	false	0.5
nach			__DUMMY__ 0.47142819095209104 off 0.2844247181586821 neg 0.24414709088922695	false	0.0
rost	neg 1.0		__DUMMY__ 0.454619678004161 off 0.3123055127533625 neg 0.23307480924247648	false	0.5
destruktiv	neg 1.0		__DUMMY__ 0.4621239321323195 off 0.29464485591475487 neg 0.24323121195292546	false	0.5
unzumutbarkeit	neg 1.0		__DUMMY__ 0.45912881433696345 off 0.30247506669779495 neg 0.2383961189652415	false	0.5
labil	off 1.0	off 1.0	off 0.6407104738132828 __DUMMY__ 0.22267360155136107 neg 0.13661592463535613	false	1.0
ziemlich	neg 1.0		__DUMMY__ 0.45946264471521125 off 0.3016215623716497 neg 0.2389157929131391	false	0.5
lachnummer	off 1.0		__DUMMY__ 0.4628722461239218 off 0.2958373009179454 neg 0.24129045295813267	false	1.0
oder			__DUMMY__ 0.46301897077189347 off 0.2957496470684636 neg 0.24123138215964293	false	0.0
verfall	neg 1.0		__DUMMY__ 0.467063368904542 off 0.2855296276159267 neg 0.24740700347953137	false	0.5
ausgrenzung	neg 1.0		__DUMMY__ 0.46026439950408476 off 0.29724031026694775 neg 0.24249529022896749	false	0.5
unordnung	neg 1.0		__DUMMY__ 0.45635153796496014 off 0.3067027668446829 neg 0.23694569519035694	false	0.5
fehlverhalten	neg 1.0		__DUMMY__ 0.46553760629652374 off 0.2908650424600828 neg 0.24359735124339346	false	0.5
eine			__DUMMY__ 0.466258263039094 off 0.28818377289836966 neg 0.24555796406253635	false	0.0
nille	neg 1.0		__DUMMY__ 0.46341911409394004 off 0.29591341997775883 neg 0.2406674659283011	false	0.5
qual	neg 1.0		__DUMMY__ 0.4629065758883296 off 0.2946591868804792 neg 0.24243423723119112	false	0.5
verschwenden	neg 1.0		__DUMMY__ 0.4641213920162075 off 0.28976232061291923 neg 0.24611628737087315	false	0.5
riesig	neg 1.0		__DUMMY__ 0.46619244583136554 off 0.2914814476317734 neg 0.24232610653686096	false	0.5
verurteilen	neg 1.0		__DUMMY__ 0.4638704237826389 off 0.2931568053218961 neg 0.24297277089546498	false	0.5
klischee	neg 1.0	neg 1.0	neg 0.6077872664845092 __DUMMY__ 0.2224643000863084 off 0.16974843342918247	false	1.0
diktatorisch	neg 1.0		__DUMMY__ 0.4603791320494477 off 0.29758486216313085 neg 0.24203600578742143	false	0.5
vorhersehbar	neg 1.0		__DUMMY__ 0.4596408287522127 off 0.29809996204625244 neg 0.24225920920153482	false	0.5
sowie			__DUMMY__ 0.45349730977387426 off 0.30662398237710575 neg 0.23987870784902002	false	0.0
stornieren	neg 1.0		__DUMMY__ 0.4642947665593881 off 0.2998028920443715 neg 0.23590234139624056	false	0.5
besteuerung	neg 1.0	neg 1.0	neg 0.6104286939931463 __DUMMY__ 0.2222774163990038 off 0.16729388960785005	false	1.0
ungeschminkt	neg 1.0		__DUMMY__ 0.45764941172699525 off 0.3033294065571133 neg 0.2390211817158916	false	0.5
kritisch	neg 1.0		__DUMMY__ 0.4642614221254367 off 0.2926533937748619 neg 0.24308518409970142	false	0.5
schlamperei	off 1.0		__DUMMY__ 0.4651562926212005 off 0.2913184686289393 neg 0.24352523874986026	false	1.0
sucht	neg 1.0	neg 1.0	neg 0.6058556618105745 __DUMMY__ 0.2252344079537112 off 0.16890993023571443	false	1.0
egoistisch	off 1.0	off 1.0	off 0.644853766130138 __DUMMY__ 0.22054669713213332 neg 0.13459953673772856	false	1.0
ausbeuter	off 1.0		__DUMMY__ 0.4637380258834155 off 0.289691182966463 neg 0.2465707911501214	false	1.0
arschgeburt	off 1.0		__DUMMY__ 0.4472502577461425 off 0.31724537518428925 neg 0.23550436706956826	false	1.0
schubs	neg 1.0		__DUMMY__ 0.4629059829897667 off 0.2908839094944459 neg 0.24621010751578734	false	0.5
unsolide	neg 1.0		__DUMMY__ 0.4603630881487868 off 0.2981669224901156 neg 0.2414699893610976	false	0.5
beschwerde	neg 1.0		__DUMMY__ 0.46445277948148384 off 0.29321663005518817 neg 0.2423305904633281	false	0.5
stocken	neg 1.0		__DUMMY__ 0.4646368802854462 off 0.291774940477891 neg 0.24358817923666273	false	0.5
isolieren	neg 1.0		__DUMMY__ 0.4628101622089504 off 0.29236188738181984 neg 0.2448279504092298	false	0.5
unheilbar	neg 1.0		__DUMMY__ 0.4622553774698713 off 0.294998195208227 neg 0.24274642732190158	false	0.5
pisser	off 1.0	off 1.0	off 0.6435002630516585 __DUMMY__ 0.2219524809413248 neg 0.1345472560070167	false	1.0
löschen	neg 1.0		__DUMMY__ 0.46246798548795975 off 0.2958427207214017 neg 0.24168929379063853	false	0.5
durchfallen	neg 1.0		__DUMMY__ 0.46453814571693003 off 0.292483139132456 neg 0.24297871515061398	false	0.5
wichser	off 1.0	off 1.0	off 0.6476783267169903 __DUMMY__ 0.2176330293599451 neg 0.1346886439230646	false	1.0
terror	neg 1.0		__DUMMY__ 0.4607105140568229 off 0.2988378800614135 neg 0.2404516058817636	false	0.5
krass	neg 1.0		__DUMMY__ 0.4552134782896677 off 0.30667454017056867 neg 0.23811198153976357	false	0.5
revolte	neg 1.0		__DUMMY__ 0.4575957388790393 off 0.29821068456794886 neg 0.24419357655301185	false	0.5
besorgt	neg 1.0		__DUMMY__ 0.46535908852594604 off 0.29333830131555866 neg 0.24130261015849522	false	0.5
nachlassen	neg 1.0		__DUMMY__ 0.4657625532283175 off 0.29218769227941876 neg 0.24204975449226376	false	0.5
alt	neg 1.0		__DUMMY__ 0.4607652528137389 off 0.2893870261062097 neg 0.2498477210800514	false	0.5
hundesohn	off 1.0	off 1.0	off 0.6473020406406818 __DUMMY__ 0.21842267983659006 neg 0.13427527952272808	false	1.0
als			__DUMMY__ 0.46322047071075656 off 0.2923939108662316 neg 0.24438561842301174	false	0.0
abschreckung	neg 1.0		__DUMMY__ 0.4654007043763233 off 0.2896507179788045 neg 0.24494857764487235	false	0.5
unqualifiziert	neg 1.0		__DUMMY__ 0.45983344874714654 off 0.30013318204630285 neg 0.24003336920655075	false	0.5
abgewichst	off 1.0		__DUMMY__ 0.463654848420508 off 0.2950336497179692 neg 0.24131150186152278	false	1.0
schwer	neg 1.0		__DUMMY__ 0.46253053814082057 off 0.29405609022782425 neg 0.24341337163135515	false	0.5
bedeutungslosigkeit	neg 1.0		__DUMMY__ 0.4653224905420023 off 0.2903256779573397 neg 0.24435183150065798	false	0.5
kapitulation	neg 1.0		__DUMMY__ 0.46304219428965443 off 0.2917483188769568 neg 0.24520948683338875	false	0.5
unscharf	neg 1.0		__DUMMY__ 0.4578188131296708 off 0.2959057542437075 neg 0.24627543262662166	false	0.5
schwinden	neg 1.0		__DUMMY__ 0.4640132073223288 off 0.28981627655699627 neg 0.24617051612067484	false	0.5
versklavung	neg 1.0	neg 1.0	neg 0.6083885000231165 __DUMMY__ 0.22323736142000605 off 0.1683741385568775	false	1.0
schlecht	neg 1.0		__DUMMY__ 0.4596458717595863 off 0.30188733134239104 neg 0.23846679689802258	false	0.5
verhasst	neg 1.0		__DUMMY__ 0.4611735526973717 off 0.2966865060184432 neg 0.242139941284185	false	0.5
beschweren	neg 1.0		__DUMMY__ 0.4622100510184783 off 0.29751359965531055 neg 0.24027634932621114	false	0.5
scheiden	neg 1.0		__DUMMY__ 0.4617621697217663 off 0.29456749231167617 neg 0.24367033796655738	false	0.5
frustriert	neg 1.0		__DUMMY__ 0.46382830957025956 off 0.2935822365430247 neg 0.24258945388671588	false	0.5
schimmelig	neg 1.0		__DUMMY__ 0.462514723163309 off 0.2909406225811558 neg 0.2465446542555351	false	0.5
fisch	neg 1.0		__DUMMY__ 0.4631901225775044 off 0.2867344877566552 neg 0.2500753896658405	false	0.5
schmuggel	neg 1.0		__DUMMY__ 0.46791153211470976 off 0.2892223487442045 neg 0.24286611914108588	false	0.5
auffallen	neg 1.0		__DUMMY__ 0.4609990338308214 off 0.29757120071954823 neg 0.24142976544963032	false	0.5
konkurrenz	neg 1.0		__DUMMY__ 0.46644739878024144 off 0.290117542586406 neg 0.24343505863335246	false	0.5
teufelskreis	neg 1.0	neg 1.0	neg 0.6099193018070009 __DUMMY__ 0.22364015046429847 off 0.1664405477287006	false	1.0
aufschreien	neg 1.0		__DUMMY__ 0.4598453932372439 off 0.29798998117253694 neg 0.24216462559021912	false	0.5
schuldner	neg 1.0		__DUMMY__ 0.4628704922241218 off 0.2890401763240182 neg 0.24808933145185996	false	0.5
missgeburt	off 1.0	off 1.0	off 0.6469425318881173 __DUMMY__ 0.2204472498807808 neg 0.13261021823110192	false	1.0
arbeitslos	neg 1.0		__DUMMY__ 0.4644232419160024 off 0.292313319036984 neg 0.2432634390470136	false	0.5
befallen	neg 1.0		__DUMMY__ 0.4606204892943075 off 0.29281949109675376 neg 0.24656001960893867	false	0.5
miesepetrig	off 1.0	off 1.0	off 0.6405657871397374 __DUMMY__ 0.22246390765687252 neg 0.13697030520339004	false	1.0
alarmieren	neg 1.0		__DUMMY__ 0.45984648204182077 off 0.3007480738770866 neg 0.23940544408109266	false	0.5
ungeduscht	off 1.0		__DUMMY__ 0.45885530410109737 off 0.29965469040779 neg 0.24149000549111255	false	1.0
knappheit	neg 1.0		__DUMMY__ 0.46180407236380316 off 0.2916705398324765 neg 0.24652538780372033	false	0.5
schlange	neg 1.0		__DUMMY__ 0.46248518025088153 off 0.2953290342688547 neg 0.24218578548026376	false	0.5
harsch	neg 1.0		__DUMMY__ 0.4581239726256263 off 0.30720418167429714 neg 0.2346718457000765	false	0.5
lang	neg 1.0		__DUMMY__ 0.4620745694616766 off 0.2967204640302733 neg 0.24120496650805015	false	0.5
ziellos	neg 1.0		__DUMMY__ 0.4658625898833144 off 0.2906792619427719 neg 0.24345814817391362	false	0.5
selbstverliebt	neg 1.0		__DUMMY__ 0.4505225354555513 off 0.31460408213378704 neg 0.23487338241066152	false	0.5
beseitigen	neg 1.0		__DUMMY__ 0.4646703346290662 off 0.29586991104930876 neg 0.2394597543216251	false	0.5
dumm	off 1.0		__DUMMY__ 0.4536159303513525 off 0.30883026241020634 neg 0.23755380723844122	false	1.0
arbeitsloser	neg 1.0		__DUMMY__ 0.4670400294284927 off 0.2936579713247308 neg 0.23930199924677656	false	0.5
blitzen	neg 1.0		__DUMMY__ 0.4600823669867289 off 0.2996993557172654 neg 0.24021827729600553	false	0.5
hilflos	neg 1.0		__DUMMY__ 0.46408766979370547 off 0.2922728163731573 neg 0.24363951383313714	false	0.5
eklig	off 1.0		__DUMMY__ 0.4519563092305515 off 0.3087034904506128 neg 0.2393402003188357	false	1.0
begriff			__DUMMY__ 0.4630758389396227 off 0.29467998394742384 neg 0.24224417711295354	false	0.0
hungersnot	neg 1.0		__DUMMY__ 0.4621450383780251 off 0.29188768017292566 neg 0.24596728144904936	false	0.5
ungesetzlich	neg 1.0		__DUMMY__ 0.4599316025054845 off 0.29731496397761714 neg 0.24275343351689835	false	0.5
verschwendung	neg 1.0		__DUMMY__ 0.46511879908637466 off 0.29016848415336705 neg 0.24471271676025833	false	0.5
schmerzvoll	neg 1.0		__DUMMY__ 0.4607643274508817 off 0.2962642918453373 neg 0.242971380703781	false	0.5
vorzeitig	neg 1.0		__DUMMY__ 0.460958600094761 off 0.30176526438104745 neg 0.23727613552419163	false	0.5
unvollkommenheit	neg 1.0		__DUMMY__ 0.4642468581445045 off 0.2937457944241501 neg 0.24200734743134547	false	0.5
intervenieren	neg 1.0		__DUMMY__ 0.4632584486345298 off 0.2903440923311613 neg 0.24639745903430896	false	0.5
banause	off 1.0		__DUMMY__ 0.44914679085424014 off 0.3095984129393884 neg 0.2412547962063714	false	1.0
rebell	neg 1.0		__DUMMY__ 0.46576245684728995 off 0.2854470347058212 neg 0.24879050844688888	false	0.5
unlogisch	neg 1.0		__DUMMY__ 0.4567683937211416 off 0.3042539891083884 neg 0.23897761717046992	false	0.5
leiden	neg 1.0		__DUMMY__ 0.46842136369695425 off 0.29000621793300313 neg 0.24157241837004248	false	0.5
abschaffung	neg 1.0		__DUMMY__ 0.4605199929637101 off 0.295837140503233 neg 0.24364286653305697	false	0.5
sturz	neg 1.0		__DUMMY__ 0.46461423522960565 off 0.29902623006167206 neg 0.23635953470872215	false	0.5
verkleinerung	neg 1.0		__DUMMY__ 0.4570216183688235 off 0.29867986608600655 neg 0.24429851554516996	false	0.5
schmarotzer	off 1.0		__DUMMY__ 0.46333273496877475 off 0.2931022009468295 neg 0.2435650640843958	false	1.0
bestrafung	neg 1.0	neg 1.0	neg 0.6071363946129222 __DUMMY__ 0.22478691945353602 off 0.16807668593354175	false	1.0
achtlos	neg 1.0		__DUMMY__ 0.46360016406831395 off 0.2934269406665717 neg 0.24297289526511437	false	0.5
ungeheuer	neg 1.0		__DUMMY__ 0.4604947183164122 off 0.29462068735725205 neg 0.2448845943263356	false	0.5
unaufrichtig	neg 1.0		__DUMMY__ 0.46034303985729697 off 0.3003406560714332 neg 0.23931630407126978	false	0.5
groggy	neg 1.0		__DUMMY__ 0.46142966612299374 off 0.29928687484224265 neg 0.23928345903476358	false	0.5
verletzlich	neg 1.0		__DUMMY__ 0.4563777643016925 off 0.2998166800042502 neg 0.2438055556940573	false	0.5
