unsolidarisch	neg 1.0		__DUMMY__ 0.9221937629983852 off 0.042500020348500145 neg 0.035306216653114744	false	0.5
nachteilig	neg 1.0		__DUMMY__ 0.929542416975933 off 0.03829804321439059 neg 0.03215953980967635	false	0.5
skeptisch	neg 1.0		__DUMMY__ 0.9287552395355165 off 0.037455812806653596 neg 0.03378894765782987	false	0.5
schrecklich	neg 1.0		__DUMMY__ 0.9182067258053973 off 0.04882899426391789 neg 0.03296427993068479	false	0.5
schlapp	neg 1.0	neg 1.0	neg 0.500974437048451 __DUMMY__ 0.45764923421373044 off 0.041376328737818484	false	1.0
abfall	neg 1.0		__DUMMY__ 0.9318579964897182 off 0.03479939365704235 neg 0.03334260985323943	false	0.5
widerspenstig	neg 1.0		__DUMMY__ 0.92413585962979 off 0.040508091982343945 neg 0.035356048387866074	false	0.5
abrupt	neg 1.0		__DUMMY__ 0.9275376386195281 off 0.0367352562729219 neg 0.03572710510755006	false	0.5
unwirksam	neg 1.0		__DUMMY__ 0.919624094797669 off 0.04179672227258021 neg 0.038579182929750724	false	0.5
angreifen	neg 1.0		__DUMMY__ 0.9287694118910603 off 0.03707413322321135 neg 0.03415645488572832	false	0.5
inkonsistent	neg 1.0		__DUMMY__ 0.9217663906132721 off 0.04326439700462583 neg 0.034969212382102086	false	0.5
abrutschen	neg 1.0		__DUMMY__ 0.9311808032837662 off 0.03452674965189715 neg 0.03429244706433665	false	0.5
unsicher	neg 1.0		__DUMMY__ 0.9258477744508277 off 0.04120939328737166 neg 0.03294283226180061	false	0.5
bauernkind	off 1.0	off 1.0	off 0.515804839774767 __DUMMY__ 0.45034708435984194 neg 0.033848075865391	false	1.0
angreifer	neg 1.0		__DUMMY__ 0.9256820419639028 off 0.044511343847061687 neg 0.02980661418903551	false	0.5
trennen	neg 1.0		__DUMMY__ 0.9297633925018356 off 0.0365904754751211 neg 0.033646132023043326	false	0.5
schmutz	neg 1.0		__DUMMY__ 0.9276035128812601 off 0.04334017773900112 neg 0.029056309379738878	false	0.5
inkonsistenz	neg 1.0		__DUMMY__ 0.921619301399696 off 0.04550345147521999 neg 0.032877247125084066	false	0.5
erschreckend	neg 1.0		__DUMMY__ 0.9254061447847566 off 0.040827120621262154 neg 0.033766734593981274	false	0.5
ertrinken	neg 1.0		__DUMMY__ 0.9279904101490803 off 0.03653007869397891 neg 0.035479511156940716	false	0.5
pickelface	off 1.0		__DUMMY__ 0.9256460495064599 off 0.04166021153711927 neg 0.032693738956420824	false	1.0
seiner			__DUMMY__ 0.9293523149022249 off 0.03721187360288512 neg 0.03343581149488988	false	0.0
lauch	neg 1.0	neg 1.0	neg 0.5007471394692532 __DUMMY__ 0.46764623284132845 off 0.03160662768941836	false	1.0
unwichtig	neg 1.0		__DUMMY__ 0.9212580375537182 off 0.04543422227489647 neg 0.03330774017138529	false	0.5
steuerhinterziehung	neg 1.0		__DUMMY__ 0.9242424657287166 off 0.04096218733152243 neg 0.034795346939760954	false	0.5
schock	neg 1.0		__DUMMY__ 0.9260918961612895 off 0.039833014153757354 neg 0.03407508968495314	false	0.5
beule	neg 1.0		__DUMMY__ 0.9187393440798315 off 0.046947609984414516 neg 0.03431304593575397	false	0.5
vergelten	neg 1.0		__DUMMY__ 0.9190277076100589 off 0.04987284778862152 neg 0.03109944460131954	false	0.5
verdorbenheit	neg 1.0		__DUMMY__ 0.9251781113974461 off 0.041755285155608 neg 0.03306660344694599	false	0.5
trauma	neg 1.0		__DUMMY__ 0.9234219417028299 off 0.0424701161326504 neg 0.03410794216451965	false	0.5
sinnlos	neg 1.0		__DUMMY__ 0.9236068123168283 off 0.04299773360799456 neg 0.03339545407517717	false	0.5
fettsack	off 1.0	off 1.0	off 0.5169770120449371 __DUMMY__ 0.4511349414322684 neg 0.03188804652279453	false	1.0
feige	off 1.0	off 1.0	off 0.5124990986109748 __DUMMY__ 0.456344986845462 neg 0.031155914543563257	false	1.0
abdanken	neg 1.0		__DUMMY__ 0.9258338110664271 off 0.041251458181417615 neg 0.032914730752155175	false	0.5
wichtigtuer	off 1.0	off 1.0	off 0.5098991252682356 __DUMMY__ 0.45970043513802616 neg 0.03040043959373828	false	1.0
misslingen	neg 1.0		__DUMMY__ 0.9284525268493599 off 0.042136991063621586 neg 0.029410482087018453	false	0.5
untreu	off 1.0		__DUMMY__ 0.9195565266200552 off 0.04649779017743432 neg 0.033945683202510527	false	1.0
missmutig	neg 1.0		__DUMMY__ 0.9210455154040894 off 0.044260342276776894 neg 0.034694142319133724	false	0.5
hurenbock	off 1.0		__DUMMY__ 0.9221199219657443 off 0.041193406249111775 neg 0.036686671785143836	false	1.0
betrunken	neg 1.0		__DUMMY__ 0.9182456989110251 off 0.04782077473282884 neg 0.03393352635614599	false	0.5
korrupt	off 1.0		__DUMMY__ 0.9234875110504808 off 0.04072105829561578 neg 0.0357914306539034	false	1.0
unmut	neg 1.0		__DUMMY__ 0.9299917394973347 off 0.0360486503705216 neg 0.03395961013214367	false	0.5
hackfresse	off 1.0		__DUMMY__ 0.9140953802300579 off 0.05263790100361648 neg 0.03326671876632563	false	1.0
aufblasen	neg 1.0		__DUMMY__ 0.9239876393679654 off 0.04136657596333988 neg 0.034645784668694654	false	0.5
gewaltsam	neg 1.0		__DUMMY__ 0.9272308446545269 off 0.04099359611783967 neg 0.03177555922763335	false	0.5
unbeliebtheit	neg 1.0		__DUMMY__ 0.9210681065984268 off 0.046616203285810176 neg 0.03231569011576309	false	0.5
sturheit	neg 1.0		__DUMMY__ 0.9269463264007732 off 0.04081825658930087 neg 0.032235417009925944	false	0.5
kuh	neg 1.0		__DUMMY__ 0.9169097778136089 off 0.04356753714208473 neg 0.0395226850443063	false	0.5
erschrecken	neg 1.0		__DUMMY__ 0.9218945681242731 off 0.04463754789935617 neg 0.033467883976370884	false	0.5
opfer	neg 1.0		__DUMMY__ 0.9293772213731425 off 0.038539384743655244 neg 0.032083393883202346	false	0.5
sinken	neg 1.0		__DUMMY__ 0.928023502687098 off 0.03637047823786707 neg 0.03560601907503489	false	0.5
stinktier	neg 1.0		__DUMMY__ 0.9123013164032053 off 0.05084952934603508 neg 0.03684915425075966	false	0.5
tucke	off 1.0		__DUMMY__ 0.9095567419315711 off 0.054360406186779335 neg 0.03608285188164961	false	1.0
ein			__DUMMY__ 0.9228829770507574 off 0.04032719260157213 neg 0.03678983034767052	false	0.0
abstieg	neg 1.0		__DUMMY__ 0.9304346358456826 off 0.03957686774399028 neg 0.029988496410327022	false	0.5
missverstehen	neg 1.0		__DUMMY__ 0.9227485614418245 off 0.04378977313343336 neg 0.03346166542474214	false	0.5
ergebnislos	neg 1.0		__DUMMY__ 0.9304083650677684 off 0.03830195317320626 neg 0.03128968175902538	false	0.5
unter			__DUMMY__ 0.9364758020010473 neg 0.03243880686543236 off 0.031085391133520327	false	0.0
manipulieren	neg 1.0		__DUMMY__ 0.928905136758924 off 0.037854700274549416 neg 0.03324016296652658	false	0.5
unbewiesen	neg 1.0		__DUMMY__ 0.9232097278305372 off 0.042716913877687744 neg 0.034073358291775026	false	0.5
verschleppen	neg 1.0		__DUMMY__ 0.9264952180969943 off 0.03927107764394843 neg 0.03423370425905721	false	0.5
weib	off 1.0		__DUMMY__ 0.9116485325868728 off 0.05459445801694898 neg 0.03375700939617822	false	1.0
opposition	neg 1.0		__DUMMY__ 0.9224122069171589 off 0.0424887141924918 neg 0.03509907889034937	false	0.5
verkehrswidrig	neg 1.0		__DUMMY__ 0.9212499299941039 off 0.0497642408513148 neg 0.028985829154581276	false	0.5
inkorrekt	neg 1.0		__DUMMY__ 0.9177486369800282 off 0.04904469975156669 neg 0.03320666326840507	false	0.5
vermeiden	neg 1.0		__DUMMY__ 0.9332859973137527 off 0.03388896868266512 neg 0.03282503400358213	false	0.5
abweichung	neg 1.0		__DUMMY__ 0.9276609304435911 off 0.03939564204107646 neg 0.03294342751533237	false	0.5
alkoholisiert	neg 1.0		__DUMMY__ 0.9331755373525035 off 0.036318956792548505 neg 0.030505505854947955	false	0.5
scheiss	off 1.0	off 1.0	off 0.512862502262846 __DUMMY__ 0.45577273440621086 neg 0.03136476333094314	false	1.0
herausforderung	neg 1.0		__DUMMY__ 0.9270874617300997 off 0.03927782395596536 neg 0.033634714313934916	false	0.5
pervers	off 1.0		__DUMMY__ 0.9102575860710787 off 0.05651088451778944 neg 0.03323152941113196	false	1.0
wackelig	neg 1.0		__DUMMY__ 0.9274625787751193 off 0.03876547877265029 neg 0.033771942452230454	false	0.5
verwickeln	neg 1.0		__DUMMY__ 0.9229375549511829 off 0.04308173430331674 neg 0.033980710745500436	false	0.5
vorwand	neg 1.0		__DUMMY__ 0.9294266004286146 off 0.036654321350816234 neg 0.033919078220569214	false	0.5
muschi	off 1.0		__DUMMY__ 0.9273387560250506 off 0.04074039498792047 neg 0.031920848987029016	false	1.0
entmutigung	neg 1.0		__DUMMY__ 0.9193083017820406 off 0.043816896341073705 neg 0.036874801876885716	false	0.5
unangemessen	neg 1.0		__DUMMY__ 0.9261967833851908 off 0.0404975656312927 neg 0.033305650983516365	false	0.5
unstetig	neg 1.0		__DUMMY__ 0.9231037013651127 off 0.04445527941623844 neg 0.032441019218648906	false	0.5
entmutigen	neg 1.0		__DUMMY__ 0.9238069471126537 off 0.04207551396034568 neg 0.03411753892700076	false	0.5
schwanz	neg 1.0		__DUMMY__ 0.9283238991398994 off 0.03876519253827117 neg 0.0329109083218294	false	0.5
verbot	neg 1.0		__DUMMY__ 0.9248361100341366 off 0.040407594629468246 neg 0.03475629533639521	false	0.5
leid	neg 1.0		__DUMMY__ 0.9166915027551084 off 0.05010145324780158 neg 0.03320704399709007	false	0.5
archaisch	neg 1.0		__DUMMY__ 0.9259244557646845 off 0.04018517642512336 neg 0.03389036781019211	false	0.5
gegen			__DUMMY__ 0.931047486233908 off 0.036503452557941705 neg 0.03244906120815033	false	0.0
scheidung	neg 1.0		__DUMMY__ 0.9112421776782947 off 0.05955472717258266 neg 0.02920309514912252	false	0.5
einschlag	neg 1.0		__DUMMY__ 0.9214649170520537 off 0.048981638745549144 neg 0.02955344420239717	false	0.5
m			__DUMMY__ 0.9271616368487081 off 0.039292317270872214 neg 0.03354604588041978	false	0.0
abgestanden	neg 1.0		__DUMMY__ 0.9193208430935997 off 0.04070426329792188 neg 0.039974893608478404	false	0.5
schmierig	off 1.0		__DUMMY__ 0.9158325962378463 off 0.04991513353910999 neg 0.03425227022304362	false	1.0
unpraktisch	neg 1.0		__DUMMY__ 0.9247441990075351 off 0.04208214367240126 neg 0.03317365732006354	false	0.5
wixxer	off 1.0		__DUMMY__ 0.9087614043734049 off 0.05687980303089605 neg 0.03435879259569903	false	1.0
bezeichnet			__DUMMY__ 0.9255500769645124 off 0.041683568912207106 neg 0.03276635412328043	false	0.0
jammerlappen	off 1.0		__DUMMY__ 0.920668809274111 off 0.04570953500909645 neg 0.0336216557167926	false	1.0
farce	neg 1.0		__DUMMY__ 0.9232702469978268 off 0.041733229102775826 neg 0.03499652389939741	false	0.5
zwecklos	neg 1.0		__DUMMY__ 0.926022339103893 off 0.03970257019224845 neg 0.0342750907038586	false	0.5
turbulent	neg 1.0		__DUMMY__ 0.9185964924668871 off 0.047309379256623166 neg 0.034094128276489756	false	0.5
invasion	neg 1.0		__DUMMY__ 0.9228694218511838 off 0.0434844130926657 neg 0.03364616505615045	false	0.5
schuld	neg 1.0		__DUMMY__ 0.9240076278202366 off 0.042489068885354586 neg 0.0335033032944088	false	0.5
risiko	neg 1.0		__DUMMY__ 0.9215452992990096 off 0.04319788381751921 neg 0.03525681688347114	false	0.5
finster	neg 1.0		__DUMMY__ 0.9230282627049166 off 0.04039277499433121 neg 0.03657896230075225	false	0.5
geisteskrank	off 1.0		__DUMMY__ 0.9187311357570886 off 0.047943496767881975 neg 0.03332536747502943	false	1.0
zusammenbrechen	neg 1.0		__DUMMY__ 0.9254912863359847 off 0.03980949089911033 neg 0.03469922276490508	false	0.5
ausbeute	neg 1.0		__DUMMY__ 0.9280679858950981 off 0.03995239648409286 neg 0.031979617620808996	false	0.5
hinterhalt	neg 1.0		__DUMMY__ 0.9269810406852198 off 0.039807560007382246 neg 0.03321139930739805	false	0.5
kritik	neg 1.0		__DUMMY__ 0.9234599657576752 off 0.04154257037239912 neg 0.034997463869925735	false	0.5
einschrumpfen	neg 1.0		__DUMMY__ 0.9195014083048892 off 0.0458691002270902 neg 0.03462949146802049	false	0.5
riskant	neg 1.0		__DUMMY__ 0.9280780458264299 off 0.03767176040566345 neg 0.034250193767906646	false	0.5
frustrieren	neg 1.0		__DUMMY__ 0.9269137778078409 off 0.03845547637196518 neg 0.0346307458201939	false	0.5
groll	neg 1.0		__DUMMY__ 0.9272163328782415 off 0.039837684798599636 neg 0.032945982323158915	false	0.5
gibt			__DUMMY__ 0.9268163588015955 off 0.03947338951560377 neg 0.033710251682800785	false	0.0
qualvoll	neg 1.0		__DUMMY__ 0.922726964926557 off 0.042959672590918145 neg 0.03431336248252486	false	0.5
wackeln	neg 1.0		__DUMMY__ 0.924660652123073 off 0.040993592827151676 neg 0.03434575504977532	false	0.5
klagen	neg 1.0		__DUMMY__ 0.9285780069590461 off 0.03693189988000435 neg 0.03449009316094959	false	0.5
bankrott	neg 1.0		__DUMMY__ 0.9227008571456897 off 0.044908107882164844 neg 0.032391034972145454	false	0.5
trauern	neg 1.0		__DUMMY__ 0.9317623846845464 off 0.03752321240491837 neg 0.030714402910535187	false	0.5
ablehnung	neg 1.0		__DUMMY__ 0.9240988926728032 off 0.041027152535337355 neg 0.03487395479185934	false	0.5
stur	neg 1.0		__DUMMY__ 0.9229931708469876 off 0.04246212474196933 neg 0.03454470441104309	false	0.5
aufruhr	neg 1.0		__DUMMY__ 0.9240956584440283 off 0.04158408300840431 neg 0.03432025854756737	false	0.5
melancholie	neg 1.0		__DUMMY__ 0.9260755258928856 neg 0.037080409904397656 off 0.03684406420271678	false	1.0
ist			__DUMMY__ 0.9235562566885462 off 0.042787700827363405 neg 0.03365604248409034	false	0.0
torheit	neg 1.0		__DUMMY__ 0.9240943381226779 off 0.04262229112709758 neg 0.033283370750224486	false	0.5
dreckskind	off 1.0		__DUMMY__ 0.9130054158853085 off 0.053747886313072896 neg 0.03324669780161869	false	1.0
umtauschen	neg 1.0		__DUMMY__ 0.9254123897163855 off 0.040218907273604956 neg 0.0343687030100095	false	0.5
zum			__DUMMY__ 0.9360568356167551 off 0.033879120175047364 neg 0.030064044208197575	false	0.0
zersetzen	neg 1.0		__DUMMY__ 0.927014942090233 off 0.03761521304456163 neg 0.035369844865205294	false	0.5
zur			__DUMMY__ 0.9332748604626516 off 0.03426103854803127 neg 0.03246410098931702	false	0.0
frust	neg 1.0		__DUMMY__ 0.9256908076097807 off 0.03966557309220665 neg 0.034643619298012705	false	0.5
unerbittlichkeit	neg 1.0		__DUMMY__ 0.9289829676271464 off 0.03826041047542282 neg 0.032756621897430865	false	0.5
zwei			__DUMMY__ 0.9329960680502015 off 0.033513463048461825 neg 0.033490468901336584	false	0.0
unkorrekt	neg 1.0		__DUMMY__ 0.918610891347802 off 0.04773994591729473 neg 0.033649162734903246	false	0.5
hexe	off 1.0		__DUMMY__ 0.9182733056685234 off 0.04500904760901831 neg 0.036717646722458266	false	1.0
lasch	neg 1.0		__DUMMY__ 0.9211435274053805 off 0.045061198739495066 neg 0.03379527385512442	false	0.5
rivale	neg 1.0		__DUMMY__ 0.9190235694651518 off 0.04878773230130633 neg 0.0321886982335418	false	0.5
mutlos	off 1.0	off 1.0	off 0.5058452690056959 __DUMMY__ 0.4632476396715232 neg 0.030907091322780782	false	1.0
wirr	off 1.0		__DUMMY__ 0.9162465968812971 off 0.04942375625654805 neg 0.034329646862154825	false	1.0
jahr			__DUMMY__ 0.9331247423747147 off 0.037090021934552984 neg 0.029785235690732274	false	0.0
wird			__DUMMY__ 0.9276472584205648 off 0.03885510481463393 neg 0.03349763676480127	false	0.0
strafbar	neg 1.0		__DUMMY__ 0.9284072354433937 off 0.03816379848161944 neg 0.03342896607498693	false	0.5
erosion	neg 1.0		__DUMMY__ 0.9255878245820564 off 0.041284600551047775 neg 0.0331275748668959	false	0.5
eingehen	neg 1.0		__DUMMY__ 0.9267604723105716 off 0.038346053847778776 neg 0.03489347384164954	false	0.5
faul	off 1.0		__DUMMY__ 0.922003468066233 off 0.0445497570586686 neg 0.033446774875098326	false	1.0
provisorium	neg 1.0		__DUMMY__ 0.9369889563634193 neg 0.03200717067611416 off 0.031003872960466517	false	1.0
schmerzen	neg 1.0		__DUMMY__ 0.9243274000086666 off 0.03972882022697834 neg 0.03594377976435497	false	0.5
schrumpfen	neg 1.0		__DUMMY__ 0.9294663764723401 neg 0.03604655456111502 off 0.034487068966544916	false	1.0
geistlos	off 1.0		__DUMMY__ 0.9211751285946728 off 0.04424150562911981 neg 0.03458336577620741	false	1.0
fehlkauf	neg 1.0		__DUMMY__ 0.922533999213909 off 0.04353490187642907 neg 0.03393109890966184	false	0.5
frustrierend	neg 1.0		__DUMMY__ 0.9214893258405753 off 0.044637528878847255 neg 0.03387314528057747	false	0.5
unzufrieden	neg 1.0		__DUMMY__ 0.9265493866244728 off 0.039540005477047474 neg 0.033910607898479744	false	0.5
verzweifeln	neg 1.0		__DUMMY__ 0.925773503841712 off 0.04052832595844786 neg 0.033698170199840095	false	0.5
verzweifelt	neg 1.0		__DUMMY__ 0.9229752204394425 off 0.04252271017645651 neg 0.03450206938410099	false	0.5
misstrauensantrag	neg 1.0		__DUMMY__ 0.9227324042419648 off 0.04284787189740751 neg 0.03441972386062765	false	0.5
abfallen	neg 1.0		__DUMMY__ 0.9241466965217154 off 0.04105230981523779 neg 0.034800993663046786	false	0.5
fucker	off 1.0		__DUMMY__ 0.9187548425740859 off 0.04861254759980647 neg 0.03263260982610758	false	1.0
ungezogen	neg 1.0		__DUMMY__ 0.9126728750008604 off 0.05445977017068365 neg 0.03286735482845589	false	0.5
irrsinnig	neg 1.0	neg 1.0	neg 0.5011627341380667 __DUMMY__ 0.46034985517234145 off 0.038487410689591814	false	1.0
unfassbar	neg 1.0		__DUMMY__ 0.9206352576312319 off 0.046417881415270104 neg 0.03294686095349791	false	0.5
hart	neg 1.0		__DUMMY__ 0.9180137870460819 off 0.046470175509597415 neg 0.035516037444320595	false	0.5
widerlich	off 1.0		__DUMMY__ 0.9197143531451425 off 0.04690814797453919 neg 0.033377498880318254	false	1.0
fatal	neg 1.0	neg 1.0	neg 0.5032598986832332 __DUMMY__ 0.456871357472879 off 0.03986874384388785	false	1.0
bruch	neg 1.0		__DUMMY__ 0.9300100330649008 off 0.03570960344449777 neg 0.03428036349060141	false	0.5
aushungern	neg 1.0		__DUMMY__ 0.9245187524012684 off 0.040656865297051245 neg 0.0348243823016803	false	0.5
anspannung	neg 1.0		__DUMMY__ 0.9340683713855035 off 0.0338362835719792 neg 0.03209534504251729	false	0.5
von			__DUMMY__ 0.929656225283121 off 0.036591516067524976 neg 0.03375225864935408	false	0.0
kraftlos	neg 1.0		__DUMMY__ 0.9266705835147796 off 0.0388562907671201 neg 0.03447312571810032	false	0.5
vom			__DUMMY__ 0.9378738044540241 off 0.031265546576691484 neg 0.03086064896928439	false	0.0
grenzdebil	off 1.0		__DUMMY__ 0.9192208715146744 off 0.04664262953531165 neg 0.034136498950013895	false	1.0
vor			__DUMMY__ 0.9302566310512052 off 0.03584639116576997 neg 0.0338969777830248	false	0.0
unterwerfen	neg 1.0		__DUMMY__ 0.9285245613153744 off 0.03865220555241674 neg 0.032823233132208925	false	0.5
versenkung	neg 1.0		__DUMMY__ 0.9288087478249044 off 0.03832476318552209 neg 0.03286648898957349	false	0.5
entziehen	neg 1.0		__DUMMY__ 0.9295965286030037 off 0.036621881211614464 neg 0.03378159018538183	false	0.5
finanzkrise	neg 1.0		__DUMMY__ 0.9191341831902466 off 0.04124440356596462 neg 0.039621413243788726	false	0.5
schimpfend	neg 1.0		__DUMMY__ 0.9262154580283933 off 0.041428705278122334 neg 0.032355836693484345	false	0.5
profan	neg 1.0		__DUMMY__ 0.92228352977021 off 0.043293362200152376 neg 0.03442310802963763	false	0.5
korruption	neg 1.0		__DUMMY__ 0.9241585678330295 off 0.040003227641083904 neg 0.03583820452588656	false	0.5
â			__DUMMY__ 0.9274012415628863 off 0.03876244739677411 neg 0.03383631104033954	false	0.0
schmutzig	neg 1.0		__DUMMY__ 0.9189751599319882 off 0.04677438198201158 neg 0.03425045808600017	false	0.5
sexy	neg 1.0		__DUMMY__ 0.9227836374143148 off 0.04451732410664971 neg 0.03269903847903553	false	0.5
abraten	neg 1.0		__DUMMY__ 0.924074088786842 off 0.04279771170436085 neg 0.03312819950879711	false	0.5
schwarz	neg 1.0		__DUMMY__ 0.9236752688224419 off 0.043224124029766095 neg 0.03310060714779202	false	0.5
fotze	off 1.0	off 1.0	off 0.5060113281054405 __DUMMY__ 0.46414874529563155 neg 0.029839926598927907	false	1.0
verwirren	neg 1.0		__DUMMY__ 0.9227073822637569 off 0.04356586197078954 neg 0.03372675576545362	false	0.5
zahnlos	off 1.0		__DUMMY__ 0.9258026943134267 off 0.040389406034944814 neg 0.033807899651628594	false	1.0
verheeren	neg 1.0		__DUMMY__ 0.9117074123507066 off 0.055871647078935584 neg 0.03242094057035785	false	0.5
hippie	neg 1.0		__DUMMY__ 0.9224081859123311 off 0.044333644731195145 neg 0.03325816935647379	false	0.5
rammen	neg 1.0		__DUMMY__ 0.9262624948383064 off 0.04121046117858509 neg 0.032527043983108545	false	0.5
unlauter	neg 1.0		__DUMMY__ 0.9223444960761711 off 0.04319635244275145 neg 0.034459151481077505	false	0.5
unheilvoll	neg 1.0		__DUMMY__ 0.9235820819396614 off 0.04192637100815882 neg 0.034491547052179675	false	0.5
niedrig	neg 1.0		__DUMMY__ 0.9254452113160008 off 0.038670368316219374 neg 0.035884420367779966	false	0.5
explosion	neg 1.0		__DUMMY__ 0.9230829243541064 off 0.044116657981089914 neg 0.03280041766480355	false	0.5
weichei	off 1.0	off 1.0	off 0.5164848524484366 __DUMMY__ 0.4511877993581219 neg 0.03232734819344142	false	1.0
minusmensch	off 1.0		__DUMMY__ 0.9114781692836804 off 0.05592821513638683 neg 0.03259361557993271	false	1.0
farblos	neg 1.0		__DUMMY__ 0.9247763121236494 off 0.04175849783592143 neg 0.03346519004042914	false	0.5
unwissend	neg 1.0	neg 1.0	neg 0.501213375710877 __DUMMY__ 0.4573614745134201 off 0.04142514977570303	false	1.0
traurig	neg 1.0		__DUMMY__ 0.9186639635334833 off 0.04853049675569255 neg 0.0328055397108241	false	0.5
senkung	neg 1.0		__DUMMY__ 0.9184989515544241 off 0.043757554277749286 neg 0.03774349416782673	false	0.5
ungleich	neg 1.0	neg 1.0	neg 0.5013026845331054 __DUMMY__ 0.4634092688947558 off 0.035288046572138784	false	1.0
heikel	neg 1.0		__DUMMY__ 0.9281942725723672 off 0.03777063351716745 neg 0.03403509391046533	false	0.5
drosselung	neg 1.0		__DUMMY__ 0.9169757493735229 off 0.04669074403797767 neg 0.036333506588499376	false	0.5
falsch	neg 1.0		__DUMMY__ 0.9225623543715188 off 0.04468172412635819 neg 0.03275592150212305	false	0.5
unzufriedenheit	neg 1.0		__DUMMY__ 0.9269135999331094 off 0.03777123104878352 neg 0.03531516901810708	false	0.5
kurz	neg 1.0		__DUMMY__ 0.9279614530053795 off 0.03924369843387344 neg 0.03279484856074707	false	0.5
unsinnig	neg 1.0		__DUMMY__ 0.9240618587993786 off 0.04078640137066441 neg 0.03515173982995696	false	0.5
penner	off 1.0	off 1.0	off 0.5180446457244975 __DUMMY__ 0.45070979966405345 neg 0.03124555461144913	false	1.0
seicht	neg 1.0		__DUMMY__ 0.9102040579154866 off 0.0541973265167204 neg 0.035598615567792986	false	0.5
dummheit	off 1.0	off 1.0	off 0.5101108400504274 __DUMMY__ 0.45816009438608574 neg 0.03172906556348689	false	1.0
unerfreulich	neg 1.0		__DUMMY__ 0.9286766252272367 off 0.03745336261172728 neg 0.03387001216103606	false	0.5
motherfucker	off 1.0	off 1.0	off 0.5139495810045654 __DUMMY__ 0.4557044045866602 neg 0.030346014408774297	false	1.0
pikiert	neg 1.0		__DUMMY__ 0.9194914171265517 off 0.04600453697104358 neg 0.03450404590240474	false	0.5
wrack	neg 1.0		__DUMMY__ 0.9321653917834783 off 0.03905871320177975 neg 0.02877589501474188	false	0.5
gangster	neg 1.0		__DUMMY__ 0.9221627920550074 off 0.0444621103589189 neg 0.03337509758607371	false	0.5
krank	neg 1.0		__DUMMY__ 0.9205091731038582 off 0.04642928028724761 neg 0.0330615466088942	false	0.5
reich	neg 1.0		__DUMMY__ 0.9178516902997342 off 0.04482327859104934 neg 0.037325031109216304	false	0.5
gnadenlos	neg 1.0		__DUMMY__ 0.924738963442691 off 0.04228270539636179 neg 0.03297833116094712	false	0.5
niedergeschlagen	neg 1.0		__DUMMY__ 0.9277856017339878 off 0.03903721624223185 neg 0.03317718202378036	false	0.5
terrorisieren	off 1.0	off 1.0	off 0.5048942603040354 __DUMMY__ 0.46422990714574264 neg 0.030875832550222016	false	1.0
sinnlosigkeit	neg 1.0		__DUMMY__ 0.9263459694644011 off 0.03990919014982619 neg 0.033744840385772815	false	0.5
behindern	neg 1.0		__DUMMY__ 0.9248293201170077 off 0.04095392969468783 neg 0.034216750188304515	false	0.5
undemokratisch	neg 1.0		__DUMMY__ 0.9219732024198178 off 0.04371280666929735 neg 0.03431399091088484	false	0.5
wirtschaftskrise	neg 1.0		__DUMMY__ 0.9234474597125926 off 0.03969242496616549 neg 0.03686011532124202	false	0.5
neid	neg 1.0		__DUMMY__ 0.9219116460981731 off 0.043904361358904326 neg 0.034183992542922544	false	0.5
rutschen	neg 1.0		__DUMMY__ 0.9328469960151469 neg 0.03389843077199014 off 0.03325457321286298	false	1.0
rezession	neg 1.0		__DUMMY__ 0.912587978043165 off 0.04907718272712013 neg 0.03833483922971485	false	0.5
fehlgeburt	neg 1.0		__DUMMY__ 0.9262521606948881 off 0.041096724436304646 neg 0.032651114868807195	false	0.5
charakterschwach	off 1.0		__DUMMY__ 0.9194526413752787 off 0.04659345222259429 neg 0.03395390640212695	false	1.0
isolation	neg 1.0		__DUMMY__ 0.9231480477839992 off 0.04450920338007833 neg 0.032342748835922475	false	0.5
ablenkung	neg 1.0		__DUMMY__ 0.9260302522779631 off 0.040974497226526775 neg 0.03299525049551003	false	0.5
pech	neg 1.0		__DUMMY__ 0.9211990235595074 off 0.04447343105122959 neg 0.03432754538926301	false	0.5
vermeidung	neg 1.0		__DUMMY__ 0.9188197496095014 off 0.046511982473459106 neg 0.034668267917039544	false	0.5
dominieren	neg 1.0		__DUMMY__ 0.9265508865876457 off 0.04006598573696153 neg 0.03338312767539275	false	0.5
schwindlig	neg 1.0		__DUMMY__ 0.9230294871567633 off 0.042425503676344324 neg 0.03454500916689254	false	0.5
lutscher	neg 1.0		__DUMMY__ 0.9093754905900536 off 0.05541263966494544 neg 0.03521186974500095	false	0.5
pflicht	neg 1.0		__DUMMY__ 0.9300967979088756 off 0.03676427354643358 neg 0.03313892854469094	false	0.5
faschist	off 1.0		__DUMMY__ 0.9220671619306797 off 0.04490054740850204 neg 0.0330322906608182	false	1.0
verschleudern	neg 1.0		__DUMMY__ 0.9237635905616768 off 0.038552473803687023 neg 0.03768393563463621	false	0.5
wenn			__DUMMY__ 0.9205085515511084 off 0.045451850153101145 neg 0.0340395982957904	false	0.0
ehebruch	neg 1.0		__DUMMY__ 0.9265344259170721 off 0.03918665468492318 neg 0.03427891939800469	false	0.5
spott	off 1.0		__DUMMY__ 0.9282065874640392 off 0.03904511941219482 neg 0.03274829312376601	false	1.0
trostlosigkeit	neg 1.0		__DUMMY__ 0.9278902669861172 off 0.036679019291172794 neg 0.03543071372271006	false	0.5
lutschen	neg 1.0		__DUMMY__ 0.9227796939008467 off 0.0448263095777201 neg 0.03239399652143327	false	0.5
undiszipliniert	neg 1.0		__DUMMY__ 0.9186370744407323 off 0.04784950519576696 neg 0.0335134203635008	false	0.5
kopfschmerz	neg 1.0		__DUMMY__ 0.9243626460624982 off 0.03808996543136425 neg 0.03754738850613759	false	0.5
unvorhergesehen	neg 1.0		__DUMMY__ 0.9306108737543586 off 0.036155337842674176 neg 0.03323378840296733	false	0.5
desinteressiert	neg 1.0		__DUMMY__ 0.9188409410990002 off 0.04743165467810349 neg 0.03372740422289646	false	0.5
armselig	off 1.0		__DUMMY__ 0.917515020216406 off 0.049499172924869474 neg 0.03298580685872449	false	1.0
desaster	neg 1.0		__DUMMY__ 0.9284351954161143 off 0.03634488895796348 neg 0.03521991562592222	false	0.5
tod	neg 1.0		__DUMMY__ 0.9287944372168825 off 0.03784064889767691 neg 0.03336491388544064	false	0.5
herzlos	neg 1.0		__DUMMY__ 0.9175709122734212 off 0.04890741040391359 neg 0.03352167732266517	false	0.5
unwissenheit	neg 1.0		__DUMMY__ 0.9264276009270422 off 0.039617040243952815 neg 0.03395535882900492	false	0.5
widersinnig	neg 1.0		__DUMMY__ 0.9227873672760547 off 0.04100263653163094 neg 0.03620999619231437	false	0.5
bedenklich	neg 1.0		__DUMMY__ 0.9263402129608392 off 0.0389181968861366 neg 0.03474159015302425	false	0.5
beanstanden	neg 1.0		__DUMMY__ 0.9303643263003297 off 0.03724184007327551 neg 0.032393833626394766	false	0.5
panisch	neg 1.0		__DUMMY__ 0.9243137752191026 off 0.04256657114900328 neg 0.03311965363189412	false	0.5
debil	off 1.0		__DUMMY__ 0.9353000697587341 neg 0.03326726265526108 off 0.03143266758600475	false	0.5
abstrich	neg 1.0		__DUMMY__ 0.9276449498867241 off 0.038920793345229694 neg 0.03343425676804629	false	0.5
primitiv	neg 1.0		__DUMMY__ 0.919107004498576 off 0.04766777701648098 neg 0.0332252184849431	false	0.5
abschaum	off 1.0	off 1.0	off 0.5122298812850767 __DUMMY__ 0.45852791529999615 neg 0.02924220341492711	false	1.0
provozieren	neg 1.0		__DUMMY__ 0.9235641600196329 off 0.04229604856848946 neg 0.03413979141187756	false	0.5
tot	neg 1.0		__DUMMY__ 0.927695976267441 off 0.03898389310326808 neg 0.0333201306292909	false	0.5
instabil	neg 1.0		__DUMMY__ 0.9153254143646756 off 0.049708594234572585 neg 0.03496599140075178	false	0.5
schwuchtel	off 1.0	off 1.0	off 0.5239430482201202 __DUMMY__ 0.44555720299072044 neg 0.030499748789159287	false	1.0
zerren	neg 1.0		__DUMMY__ 0.9275421021621848 off 0.039135314545734 neg 0.03332258329208122	false	0.5
kinderficker	off 1.0		__DUMMY__ 0.9154784976709577 off 0.05148814970102126 neg 0.033033352628021075	false	1.0
gefahr	neg 1.0		__DUMMY__ 0.9297798732307251 off 0.03712424263283015 neg 0.0330958841364447	false	0.5
rabiat	neg 1.0		__DUMMY__ 0.9242342049913339 off 0.04076545610318647 neg 0.03500033890547965	false	0.5
verlangsamung	neg 1.0		__DUMMY__ 0.9128008953990728 off 0.05301916347899494 neg 0.03417994112193221	false	0.5
ausgestorben	neg 1.0		__DUMMY__ 0.926454751439891 off 0.04034992627230207 neg 0.03319532228780699	false	0.5
anklagen	neg 1.0		__DUMMY__ 0.9263071566096494 off 0.04018221045207885 neg 0.03351063293827183	false	0.5
trott	neg 1.0		__DUMMY__ 0.9252974293043399 off 0.04116877253565428 neg 0.03353379816000581	false	0.5
verminderung	neg 1.0		__DUMMY__ 0.9188350547976869 off 0.046480688829151184 neg 0.034684256373161984	false	0.5
nach			__DUMMY__ 0.9352036094539059 neg 0.03253788319019144 off 0.03225850735590264	false	0.0
rost	neg 1.0		__DUMMY__ 0.9160435181268474 off 0.05377658542411624 neg 0.0301798964490364	false	0.5
destruktiv	neg 1.0		__DUMMY__ 0.9241706507481136 off 0.04137499525135151 neg 0.03445435400053494	false	0.5
unzumutbarkeit	neg 1.0		__DUMMY__ 0.9212446920570758 off 0.046539972224131775 neg 0.03221533571879239	false	0.5
labil	off 1.0	off 1.0	off 0.5116966881176609 __DUMMY__ 0.45766263752365866 neg 0.030640674358680522	false	1.0
ziemlich	neg 1.0		__DUMMY__ 0.9214212334497036 off 0.04608422961348081 neg 0.032494536936815595	false	0.5
lachnummer	off 1.0		__DUMMY__ 0.9248838659278593 off 0.04203550670513343 neg 0.03308062736700733	false	1.0
oder			__DUMMY__ 0.925511881216122 off 0.04151511145384664 neg 0.032973007330031376	false	0.0
verfall	neg 1.0		__DUMMY__ 0.9298561473084862 neg 0.03561348740470689 off 0.03453036528680701	false	1.0
ausgrenzung	neg 1.0		__DUMMY__ 0.9220197105946258 off 0.04358610118973709 neg 0.034394188215637035	false	0.5
unordnung	neg 1.0		__DUMMY__ 0.9179836624792247 off 0.04988968934371442 neg 0.032126648177060894	false	0.5
fehlverhalten	neg 1.0		__DUMMY__ 0.9280102517509311 off 0.03827105125823962 neg 0.03371869699082928	false	0.5
eine			__DUMMY__ 0.9289312642923968 off 0.036269972844341185 neg 0.03479876286326205	false	0.0
nille	neg 1.0		__DUMMY__ 0.9257336333985408 off 0.04169958290171114 neg 0.03256678369974815	false	0.5
qual	neg 1.0		__DUMMY__ 0.9252814203568569 off 0.040923492155345347 neg 0.03379508748779774	false	0.5
verschwenden	neg 1.0		__DUMMY__ 0.9265208451236728 off 0.03779860805226673 neg 0.03568054682406051	false	0.5
riesig	neg 1.0		__DUMMY__ 0.9295652032348979 off 0.03771629978511436 neg 0.0327184969799878	false	0.5
verurteilen	neg 1.0		__DUMMY__ 0.9261368213734783 off 0.04010448879080829 neg 0.033758689835713424	false	0.5
klischee	neg 1.0	neg 1.0	neg 0.5018790867122163 __DUMMY__ 0.457226299807503 off 0.04089461348028084	false	1.0
diktatorisch	neg 1.0		__DUMMY__ 0.9220708454156942 off 0.04383756950429385 neg 0.034091585080012	false	0.5
vorhersehbar	neg 1.0		__DUMMY__ 0.921234543027392 off 0.044193264466821536 neg 0.03457219250578645	false	0.5
sowie			__DUMMY__ 0.9143737895804501 off 0.05083219098802505 neg 0.03479401943152488	false	0.0
stornieren	neg 1.0		__DUMMY__ 0.9272712837688032 off 0.04347347934930021 neg 0.02925523688189655	false	0.5
besteuerung	neg 1.0	neg 1.0	neg 0.5044328440684607 __DUMMY__ 0.45723985361846564 off 0.038327302313073706	false	1.0
ungeschminkt	neg 1.0		__DUMMY__ 0.9197538924945211 off 0.04715761402683754 neg 0.03308849347864146	false	0.5
kritisch	neg 1.0		__DUMMY__ 0.9265253750151314 off 0.03971863815756051 neg 0.033755986827308015	false	0.5
schlamperei	off 1.0		__DUMMY__ 0.9277251865585566 off 0.03857473725336649 neg 0.033700076188076925	false	1.0
sucht	neg 1.0	neg 1.0	neg 0.4985987975827432 __DUMMY__ 0.4632714838277499 off 0.038129718589506846	false	1.0
egoistisch	off 1.0	off 1.0	off 0.5164005114808952 __DUMMY__ 0.45400150806092715 neg 0.029597980458177617	false	1.0
ausbeuter	off 1.0		__DUMMY__ 0.9258668540535993 off 0.038115548872196856 neg 0.036017597074203905	false	1.0
arschgeburt	off 1.0		__DUMMY__ 0.9068839899092239 off 0.05931525463550275 neg 0.03380075545527333	false	1.0
schubs	neg 1.0		__DUMMY__ 0.9257980504428618 off 0.03817282004064143 neg 0.03602912951649684	false	0.5
unsolide	neg 1.0		__DUMMY__ 0.9222186369704358 off 0.04402507957800801 neg 0.0337562834515562	false	0.5
beschwerde	neg 1.0		__DUMMY__ 0.9269416676807535 off 0.03989132557542615 neg 0.03316700674382042	false	0.5
stocken	neg 1.0		__DUMMY__ 0.927184217055736 off 0.0389617418902028 neg 0.03385404105406121	false	0.5
isolieren	neg 1.0		__DUMMY__ 0.9250578393611488 off 0.039858014149171464 neg 0.0350841464896797	false	0.5
unheilbar	neg 1.0		__DUMMY__ 0.9242906717590393 off 0.04164537787191177 neg 0.03406395036904885	false	0.5
pisser	off 1.0	off 1.0	off 0.5143828709278283 __DUMMY__ 0.45670329698509937 neg 0.028913832087072305	false	1.0
löschen	neg 1.0		__DUMMY__ 0.9247501315549196 off 0.04182286915344434 neg 0.03342699929163613	false	0.5
durchfallen	neg 1.0		__DUMMY__ 0.9269646898524271 off 0.039384987692385805 neg 0.0336503224551871	false	0.5
wichser	off 1.0	off 1.0	off 0.5205490182036561 __DUMMY__ 0.448488339838076 neg 0.0309626419582679	false	1.0
terror	neg 1.0		__DUMMY__ 0.9229301003718594 off 0.04391618777892272 neg 0.033153711849217865	false	0.5
krass	neg 1.0		__DUMMY__ 0.9168230832389228 off 0.04996974616759592 neg 0.033207170593481335	false	0.5
revolte	neg 1.0		__DUMMY__ 0.9187525545473815 off 0.04500432569044272 neg 0.0362431197621758	false	0.5
besorgt	neg 1.0		__DUMMY__ 0.928052989165241 off 0.03957126893312601 neg 0.032375741901633066	false	0.5
nachlassen	neg 1.0		__DUMMY__ 0.9287190466162019 off 0.038576849498972596 neg 0.03270410388482551	false	0.5
alt	neg 1.0		__DUMMY__ 0.9232372005574178 neg 0.0388805214651853 off 0.0378822779773969	false	1.0
hundesohn	off 1.0	off 1.0	off 0.520050364420959 __DUMMY__ 0.44976123436791265 neg 0.03018840121112854	false	1.0
als			__DUMMY__ 0.9253892510872562 off 0.03970960039928422 neg 0.03490114851345954	false	0.0
abschreckung	neg 1.0		__DUMMY__ 0.927849196240848 off 0.037609125133254886 neg 0.034541678625897014	false	0.5
unqualifiziert	neg 1.0		__DUMMY__ 0.9214879136168174 off 0.04537534671482469 neg 0.033136739668357985	false	0.5
abgewichst	off 1.0		__DUMMY__ 0.9261600831384748 off 0.04094966266251476 neg 0.032890254199010545	false	1.0
schwer	neg 1.0		__DUMMY__ 0.9245448550961071 off 0.04092850771668598 neg 0.03452663718720695	false	0.5
bedeutungslosigkeit	neg 1.0		__DUMMY__ 0.9277539182440485 off 0.03801959486174545 neg 0.03422648689420606	false	0.5
kapitulation	neg 1.0		__DUMMY__ 0.9251250569794258 off 0.039542601757973535 neg 0.03533234126260067	false	0.5
unscharf	neg 1.0		__DUMMY__ 0.9198884673241668 off 0.04257191847463531 neg 0.0375396142011979	false	0.5
schwinden	neg 1.0		__DUMMY__ 0.9263343186219513 off 0.038064168087231974 neg 0.035601513290816816	false	0.5
versklavung	neg 1.0	neg 1.0	neg 0.5020271162731329 __DUMMY__ 0.4586413443690554 off 0.03933153935781182	false	1.0
schlecht	neg 1.0		__DUMMY__ 0.9215479780349578 off 0.04626682437424901 neg 0.03218519759079307	false	0.5
verhasst	neg 1.0		__DUMMY__ 0.9230303358147456 off 0.04290867598100198 neg 0.034060988204252456	false	0.5
beschweren	neg 1.0		__DUMMY__ 0.9243519627130422 off 0.04301000503223308 neg 0.032638032254724704	false	0.5
scheiden	neg 1.0		__DUMMY__ 0.924307392081047 off 0.04094977430171273 neg 0.03474283361724037	false	0.5
frustriert	neg 1.0		__DUMMY__ 0.9261221215252825 off 0.0402737713899837 neg 0.03360410708473377	false	0.5
schimmelig	neg 1.0		__DUMMY__ 0.9255663687983389 off 0.03809797041576001 neg 0.03633566078590107	false	0.5
fisch	neg 1.0		__DUMMY__ 0.9263976030788975 neg 0.03825371716595519 off 0.035348679755147265	false	1.0
schmuggel	neg 1.0		__DUMMY__ 0.931049460122057 off 0.036366778322386016 neg 0.03258376155555699	false	0.5
auffallen	neg 1.0		__DUMMY__ 0.9229817888022741 off 0.04335924106897589 neg 0.03365897012875001	false	0.5
konkurrenz	neg 1.0		__DUMMY__ 0.9289830079572706 off 0.03765755663498322 neg 0.03335943540774622	false	0.5
teufelskreis	neg 1.0	neg 1.0	neg 0.5034342071407544 __DUMMY__ 0.4592426850481483 off 0.037323107811097295	false	1.0
aufschreien	neg 1.0		__DUMMY__ 0.9215695412501297 off 0.043982229615332796 neg 0.03444822913453751	false	0.5
schuldner	neg 1.0		__DUMMY__ 0.925022657034058 off 0.037857813302107586 neg 0.03711952966383454	false	0.5
missgeburt	off 1.0	off 1.0	off 0.5183383616392667 __DUMMY__ 0.4539972122667988 neg 0.027664426093934456	false	1.0
arbeitslos	neg 1.0		__DUMMY__ 0.9267260550774028 off 0.039403369107857404 neg 0.03387057581473971	false	0.5
befallen	neg 1.0		__DUMMY__ 0.9223853430536938 off 0.0408043375488756 neg 0.0368103193974306	false	0.5
miesepetrig	off 1.0	off 1.0	off 0.5111219267163478 __DUMMY__ 0.4578270161070535 neg 0.031051057176598697	false	1.0
alarmieren	neg 1.0		__DUMMY__ 0.9216158029952897 off 0.045775031899157555 neg 0.03260916510555283	false	0.5
ungeduscht	off 1.0		__DUMMY__ 0.9212780160884773 off 0.044474506418678235 neg 0.03424747749284448	false	1.0
knappheit	neg 1.0		__DUMMY__ 0.9239258747390552 off 0.039674652692175474 neg 0.03639947256876928	false	0.5
schlange	neg 1.0		__DUMMY__ 0.9248287827694115 off 0.04143909493387666 neg 0.03373212229671184	false	0.5
harsch	neg 1.0		__DUMMY__ 0.9200069638947993 off 0.04972441016314438 neg 0.0302686259420563	false	0.5
lang	neg 1.0		__DUMMY__ 0.9242545999649936 off 0.04247913006961783 neg 0.03326626996538857	false	0.5
ziellos	neg 1.0		__DUMMY__ 0.9285845907001524 off 0.0378618318469786 neg 0.03355357745286897	false	0.5
selbstverliebt	neg 1.0		__DUMMY__ 0.9109630362626592 off 0.056506720845138206 neg 0.03253024289220259	false	0.5
beseitigen	neg 1.0		__DUMMY__ 0.9276011624118612 off 0.04113445447566552 neg 0.031264383112473274	false	0.5
dumm	off 1.0		__DUMMY__ 0.9146325641807154 off 0.05204717939752309 neg 0.033320256421761514	false	1.0
arbeitsloser	neg 1.0		__DUMMY__ 0.9298508046384063 off 0.03949213935651073 neg 0.030657056005082974	false	0.5
blitzen	neg 1.0		__DUMMY__ 0.9219806171186955 off 0.044817743177079296 neg 0.03320163970422521	false	0.5
hilflos	neg 1.0		__DUMMY__ 0.9265441745287153 off 0.03927974766735587 neg 0.034176077803928895	false	0.5
eklig	off 1.0		__DUMMY__ 0.9127840989111612 off 0.052361581592522556 neg 0.034854319496316295	false	1.0
begriff			__DUMMY__ 0.925314854986093 off 0.04110494043326567 neg 0.0335802045806414	false	0.0
hungersnot	neg 1.0		__DUMMY__ 0.9243336684329606 off 0.03969430216459192 neg 0.03597202940244745	false	0.5
ungesetzlich	neg 1.0		__DUMMY__ 0.9213495728504043 off 0.043975831312953746 neg 0.034674595836641946	false	0.5
verschwendung	neg 1.0		__DUMMY__ 0.9276360597662767 off 0.037841791462260736 neg 0.034522148771462584	false	0.5
schmerzvoll	neg 1.0		__DUMMY__ 0.9226762636110868 off 0.042652671853721645 neg 0.03467106453519153	false	0.5
vorzeitig	neg 1.0		__DUMMY__ 0.9231939937169524 off 0.04573194086092916 neg 0.031074065422118314	false	0.5
unvollkommenheit	neg 1.0		__DUMMY__ 0.9270792211176381 off 0.03988995106173433 neg 0.03303082782062763	false	0.5
intervenieren	neg 1.0		__DUMMY__ 0.9253179274509541 off 0.03865929603460008 neg 0.0360227765144458	false	0.5
banause	off 1.0		__DUMMY__ 0.9094322439266566 off 0.05375068984145965 neg 0.036817066231883855	false	1.0
rebell	neg 1.0		__DUMMY__ 0.9289050521639519 neg 0.03687151024823912 off 0.03422343758780897	false	1.0
unlogisch	neg 1.0		__DUMMY__ 0.9182773055892727 off 0.04840351508712644 neg 0.03331917932360089	false	0.5
leiden	neg 1.0		__DUMMY__ 0.9321784422926542 off 0.03620284360646029 neg 0.03161871410088549	false	0.5
abschaffung	neg 1.0		__DUMMY__ 0.9225157014368864 off 0.042480060416964734 neg 0.0350042381461488	false	0.5
sturz	neg 1.0		__DUMMY__ 0.9273594799325419 off 0.043110300664956254 neg 0.029530219402501952	false	0.5
verkleinerung	neg 1.0		__DUMMY__ 0.9182999805077118 off 0.04526151086198963 neg 0.03643850863029855	false	0.5
schmarotzer	off 1.0		__DUMMY__ 0.9254765411819008 off 0.040210355557200234 neg 0.03431310326089895	false	1.0
bestrafung	neg 1.0	neg 1.0	neg 0.5001855082126729 __DUMMY__ 0.4616542252337347 off 0.03816026655359231	false	1.0
achtlos	neg 1.0		__DUMMY__ 0.9259962593370205 off 0.0401258613852517 neg 0.033877879277727875	false	0.5
ungeheuer	neg 1.0		__DUMMY__ 0.9226091085254483 off 0.041565146109122784 neg 0.035825745365428846	false	0.5
