unsolidarisch	neg 1.0		off 0.54346529984561 neg 0.44956322992089 __DUMMY__ 0.00697147023349991	false	0.5
nachteilig	neg 1.0		off 0.5431247926783681 neg 0.4498068907368604 __DUMMY__ 0.007068316584771574	false	0.5
skeptisch	neg 1.0		off 0.540802367138142 neg 0.4521355573626903 __DUMMY__ 0.007062075499167744	false	0.5
schrecklich	neg 1.0		off 0.551586405192001 neg 0.44150737378824056 __DUMMY__ 0.006906221019758406	false	0.5
schlapp	neg 1.0	neg 1.0	neg 0.7060834134187746 off 0.290618486836919 __DUMMY__ 0.0032980997443062886	false	1.0
abfall	neg 1.0		off 0.5388331678389672 neg 0.4540631456471655 __DUMMY__ 0.007103686513867364	false	0.5
widerspenstig	neg 1.0		off 0.5423910464234927 neg 0.450619103898423 __DUMMY__ 0.006989849678084449	false	0.5
abrupt	neg 1.0		off 0.5386454016203266 neg 0.4543173824500827 __DUMMY__ 0.007037215929590756	false	0.5
unwirksam	neg 1.0		off 0.5402336866503373 neg 0.45283696101251664 __DUMMY__ 0.006929352337146063	false	0.5
angreifen	neg 1.0		off 0.5400359397875595 neg 0.4528995398287687 __DUMMY__ 0.007064520383671786	false	0.5
inkonsistent	neg 1.0		off 0.5452135417357211 neg 0.44783164504782264 __DUMMY__ 0.006954813216456342	false	0.5
abrutschen	neg 1.0		off 0.5378241687265852 neg 0.45507991852207935 __DUMMY__ 0.007095912751335574	false	0.5
unsicher	neg 1.0		off 0.5448707474829537 neg 0.44810900213324 __DUMMY__ 0.0070202503838061835	false	0.5
bauernkind	off 1.0	off 1.0	off 0.7614020047955466 neg 0.23536064498935272 __DUMMY__ 0.003237350215100556	false	1.0
angreifer	neg 1.0		off 0.5505238757710784 neg 0.44246258488494244 __DUMMY__ 0.007013539343979084	false	0.5
trennen	neg 1.0		off 0.5403912347066212 neg 0.4525338326108937 __DUMMY__ 0.007074932682485142	false	0.5
schmutz	neg 1.0		off 0.5504537551696913 neg 0.4425167029992092 __DUMMY__ 0.007029541831099544	false	0.5
inkonsistenz	neg 1.0		off 0.5486777315931679 neg 0.4443648172884677 __DUMMY__ 0.006957451118364435	false	0.5
erschreckend	neg 1.0		off 0.5436684633517334 neg 0.4493156999356715 __DUMMY__ 0.007015836712595032	false	0.5
ertrinken	neg 1.0		off 0.5384742298383782 neg 0.45447519218820565 __DUMMY__ 0.007050577973416165	false	0.5
pickelface	off 1.0		off 0.5457018659059671 neg 0.44728485401654394 __DUMMY__ 0.007013280077488904	false	1.0
seiner			off 0.5410196292695054 neg 0.45190965287607177 __DUMMY__ 0.0070707178544228465	false	0.0
lauch	neg 1.0	neg 1.0	neg 0.7107693640449962 off 0.28584921181891304 __DUMMY__ 0.00338142413609073	false	1.0
unwichtig	neg 1.0		off 0.5482756627005814 neg 0.44477095376521225 __DUMMY__ 0.006953383534206485	false	0.5
steuerhinterziehung	neg 1.0		off 0.542689576191029 neg 0.4503141857556275 __DUMMY__ 0.006996238053343575	false	0.5
schock	neg 1.0		off 0.5427706196373163 neg 0.450206179823378 __DUMMY__ 0.007023200539305772	false	0.5
beule	neg 1.0		off 0.5489843725648528 neg 0.4441075455271967 __DUMMY__ 0.00690808190795062	false	0.5
vergelten	neg 1.0		off 0.5539273044471117 neg 0.4391556281777272 __DUMMY__ 0.006917067375161136	false	0.5
verdorbenheit	neg 1.0		off 0.5458337660546236 neg 0.4471654039576287 __DUMMY__ 0.007000829987747676	false	0.5
trauma	neg 1.0		off 0.5450314994288673 neg 0.4479836154008104 __DUMMY__ 0.006984885170322331	false	0.5
sinnlos	neg 1.0		off 0.545995145948229 neg 0.44701732182324094 __DUMMY__ 0.006987532228530104	false	0.5
fettsack	off 1.0	off 1.0	off 0.7629347635343714 neg 0.233820298751427 __DUMMY__ 0.0032449377142015757	false	1.0
feige	off 1.0	off 1.0	off 0.7608259735157374 neg 0.23588163441347312 __DUMMY__ 0.003292392070789449	false	1.0
abdanken	neg 1.0		off 0.5446431510953356 neg 0.4483363168014363 __DUMMY__ 0.007020532103228157	false	0.5
wichtigtuer	off 1.0	off 1.0	off 0.7599497033401467 neg 0.23673071892234335 __DUMMY__ 0.003319577737510061	false	1.0
misslingen	neg 1.0		off 0.5492119360772344 neg 0.4437437409171624 __DUMMY__ 0.007044323005603269	false	0.5
untreu	off 1.0		off 0.548555015960348 neg 0.44451489091516555 __DUMMY__ 0.006930093124486517	false	1.0
missmutig	neg 1.0		off 0.5459963537572166 neg 0.44705535428026266 __DUMMY__ 0.00694829196252091	false	0.5
hurenbock	off 1.0		off 0.5418799220947199 neg 0.45116322096176925 __DUMMY__ 0.006956856943510774	false	1.0
betrunken	neg 1.0		off 0.5499149861203206 neg 0.4431791828898344 __DUMMY__ 0.006905830989844949	false	0.5
korrupt	off 1.0		off 0.5414986352720388 neg 0.45151120800573125 __DUMMY__ 0.0069901567222299356	false	1.0
unmut	neg 1.0		off 0.5393194066745983 neg 0.4535998236064362 __DUMMY__ 0.007080769718965573	false	0.5
hackfresse	off 1.0		off 0.5546489933874609 neg 0.4385035967439749 __DUMMY__ 0.006847409868564392	false	1.0
aufblasen	neg 1.0		off 0.5436195223737534 neg 0.44939112854967134 __DUMMY__ 0.00698934907657526	false	0.5
gewaltsam	neg 1.0		off 0.5458182868739075 neg 0.44714689410308595 __DUMMY__ 0.0070348190230066	false	0.5
unbeliebtheit	neg 1.0		off 0.5499686835866099 neg 0.4430852411933907 __DUMMY__ 0.006946075219999334	false	0.5
sturheit	neg 1.0		off 0.5449527186443569 neg 0.4480108269766209 __DUMMY__ 0.007036454379022098	false	0.5
kuh	neg 1.0		off 0.5414065494224435 neg 0.4517090708070117 __DUMMY__ 0.006884379770544758	false	0.5
erschrecken	neg 1.0		off 0.5474006274354852 neg 0.44563789088791955 __DUMMY__ 0.00696148167659514	false	0.5
opfer	neg 1.0		off 0.5433343378662481 neg 0.44959591746508115 __DUMMY__ 0.007069744668670766	false	0.5
sinken	neg 1.0		off 0.5380878353899373 neg 0.45486343257765277 __DUMMY__ 0.0070487320324098554	false	0.5
stinktier	neg 1.0		off 0.5497689495863132 neg 0.4434079592064902 __DUMMY__ 0.006823091207196752	false	0.5
tucke	off 1.0		off 0.5536624228301369 neg 0.4395560121776592 __DUMMY__ 0.006781564992203792	false	1.0
ein			off 0.5408479829252504 neg 0.45217788513141394 __DUMMY__ 0.006974131943335771	false	0.0
abstieg	neg 1.0		off 0.5460716038709635 neg 0.4468472914463833 __DUMMY__ 0.007081104682653254	false	0.5
missverstehen	neg 1.0		off 0.5466057819456781 neg 0.4464184021981666 __DUMMY__ 0.006975815856155482	false	0.5
ergebnislos	neg 1.0		off 0.5437735658203421 neg 0.44914575107260923 __DUMMY__ 0.007080683107048779	false	0.5
unter			off 0.5368130546502244 neg 0.45601958521660885 __DUMMY__ 0.00716736013316673	false	0.0
manipulieren	neg 1.0		off 0.5414625174596667 neg 0.4514738131799458 __DUMMY__ 0.00706366936038755	false	0.5
unbewiesen	neg 1.0		off 0.5447189127527412 neg 0.4482963178685858 __DUMMY__ 0.006984769378672969	false	0.5
verschleppen	neg 1.0		off 0.5417324220870552 neg 0.45123977246676 __DUMMY__ 0.007027805446184746	false	0.5
weib	off 1.0		off 0.5557694244415929 neg 0.43741741142498386 __DUMMY__ 0.006813164133423273	false	1.0
opposition	neg 1.0		off 0.5442382970912981 neg 0.44879713913141245 __DUMMY__ 0.006964563777289466	false	0.5
verkehrswidrig	neg 1.0		off 0.5564430432280366 neg 0.43661712209927733 __DUMMY__ 0.006939834672686034	false	0.5
inkorrekt	neg 1.0		off 0.5512514109092369 neg 0.4418438429599395 __DUMMY__ 0.0069047461308237666	false	0.5
vermeiden	neg 1.0		off 0.5388038463866603 neg 0.45407683140082117 __DUMMY__ 0.007119322212518381	false	0.5
abweichung	neg 1.0		off 0.5432696026599982 neg 0.449688602940184 __DUMMY__ 0.007041794399817785	false	0.5
alkoholisiert	neg 1.0		off 0.5437359306278858 neg 0.44915799104318777 __DUMMY__ 0.007106078328926472	false	0.5
scheiss	off 1.0	off 1.0	off 0.7613548805209079 neg 0.2353644575204557 __DUMMY__ 0.003280661958636415	false	1.0
herausforderung	neg 1.0		off 0.5424728175355897 neg 0.4504907922254888 __DUMMY__ 0.007036390238921404	false	0.5
pervers	off 1.0		off 0.5579726066673844 neg 0.4352339281737491 __DUMMY__ 0.006793465158866507	false	1.0
wackelig	neg 1.0		off 0.5423185307420993 neg 0.4506443058449897 __DUMMY__ 0.007037163412911014	false	0.5
verwickeln	neg 1.0		off 0.5454800383113795 neg 0.4475399355735151 __DUMMY__ 0.006980026115105358	false	0.5
vorwand	neg 1.0		off 0.5399622593443313 neg 0.4529661848369324 __DUMMY__ 0.007071555818736394	false	0.5
muschi	off 1.0		off 0.5456372198640256 neg 0.44732614392623354 __DUMMY__ 0.007036636209740785	false	1.0
entmutigung	neg 1.0		off 0.543120480183393 neg 0.4499496516933117 __DUMMY__ 0.00692986812329524	false	0.5
unangemessen	neg 1.0		off 0.543800976451089 neg 0.44917268766787416 __DUMMY__ 0.007026335881036722	false	0.5
unstetig	neg 1.0		off 0.5484395081819855 neg 0.4445901543891325 __DUMMY__ 0.006970337428881871	false	0.5
entmutigen	neg 1.0		off 0.5446105712519488 neg 0.4483994287298265 __DUMMY__ 0.0069900000182246845	false	0.5
schwanz	neg 1.0		off 0.5432652459528938 neg 0.44968808294011003 __DUMMY__ 0.00704667110699611	false	0.5
verbot	neg 1.0		off 0.5421507179712167 neg 0.45084197661765385 __DUMMY__ 0.007007305411129394	false	0.5
leid	neg 1.0		off 0.552658458488073 neg 0.4404582483823884 __DUMMY__ 0.0068832931295386875	false	0.5
archaisch	neg 1.0		off 0.543007000815314 neg 0.44997292458529115 __DUMMY__ 0.007020074599394981	false	0.5
gegen			off 0.5410161459116489 neg 0.4518880278106119 __DUMMY__ 0.00709582627773916	false	0.0
scheidung	neg 1.0		off 0.5637972054793992 neg 0.42939614799958176 __DUMMY__ 0.0068066465210190955	false	0.5
einschlag	neg 1.0		off 0.5549631483570905 neg 0.4380893035352924 __DUMMY__ 0.006947548107617087	false	0.5
m			off 0.5429944343860604 neg 0.44996976855042575 __DUMMY__ 0.007035797063513778	false	0.0
abgestanden	neg 1.0		off 0.5387469692260223 neg 0.4543365396188227 __DUMMY__ 0.006916491155154972	false	0.5
schmierig	off 1.0		off 0.5513449762828068 neg 0.44178240523819184 __DUMMY__ 0.00687261847900154	false	1.0
unpraktisch	neg 1.0		off 0.545787589791509 neg 0.4472161013301281 __DUMMY__ 0.006996308878362948	false	0.5
wixxer	off 1.0		off 0.5571986260466232 neg 0.4360280250947119 __DUMMY__ 0.006773348858665046	false	1.0
bezeichnet			off 0.5453824104785728 neg 0.44760123651201206 __DUMMY__ 0.007016353009415235	false	0.0
jammerlappen	off 1.0		off 0.54812472548853 neg 0.44492938242566127 __DUMMY__ 0.0069458920858087745	false	1.0
farce	neg 1.0		off 0.5431295737128543 neg 0.449885453079487 __DUMMY__ 0.006984973207658677	false	0.5
zwecklos	neg 1.0		off 0.5422146978282005 neg 0.4507603971249994 __DUMMY__ 0.007024905046799971	false	0.5
turbulent	neg 1.0		off 0.5492807111924538 neg 0.4438101900191679 __DUMMY__ 0.006909098788378205	false	0.5
invasion	neg 1.0		off 0.5463769339862515 neg 0.4466470165685983 __DUMMY__ 0.006976049445150131	false	0.5
schuld	neg 1.0		off 0.5453886931179561 neg 0.44761626626948287 __DUMMY__ 0.0069950406125610575	false	0.5
risiko	neg 1.0		off 0.5442417429458836 neg 0.44880404446800926 __DUMMY__ 0.006954212586107249	false	0.5
finster	neg 1.0		off 0.5414256629921528 neg 0.45160592731376253 __DUMMY__ 0.006968409694084784	false	0.5
geisteskrank	off 1.0		off 0.5502818630772247 neg 0.44279876963768666 __DUMMY__ 0.006919367285088664	false	1.0
zusammenbrechen	neg 1.0		off 0.5419436069968795 neg 0.451038883739718 __DUMMY__ 0.007017509263402393	false	0.5
ausbeute	neg 1.0		off 0.5450160227169193 neg 0.44794224059910215 __DUMMY__ 0.0070417366839786175	false	0.5
hinterhalt	neg 1.0		off 0.5437136764420805 neg 0.4492610698733505 __DUMMY__ 0.007025253684569071	false	0.5
kritik	neg 1.0		off 0.542927952799824 neg 0.4500837654557478 __DUMMY__ 0.006988281744428266	false	0.5
einschrumpfen	neg 1.0		off 0.5474294022572718 neg 0.4456429295502558 __DUMMY__ 0.0069276681924725185	false	0.5
riskant	neg 1.0		off 0.5405558472353317 neg 0.45239075281815994 __DUMMY__ 0.0070533999465083016	false	0.5
frustrieren	neg 1.0		off 0.5408547081835731 neg 0.4521078140686032 __DUMMY__ 0.007037477747823709	false	0.5
groll	neg 1.0		off 0.5435670500104585 neg 0.4493929849313951 __DUMMY__ 0.0070399650581463875	false	0.5
gibt			off 0.5425490020794093 neg 0.45041467412260455 __DUMMY__ 0.007036323797986178	false	0.0
qualvoll	neg 1.0		off 0.5452459325652722 neg 0.4477822744783628 __DUMMY__ 0.006971792956364892	false	0.5
wackeln	neg 1.0		off 0.543499388720741 neg 0.44949976261529023 __DUMMY__ 0.007000848663968692	false	0.5
klagen	neg 1.0		off 0.539536665293225 neg 0.4534036680580876 __DUMMY__ 0.0070596666486873174	false	0.5
bankrott	neg 1.0		off 0.5489805282835452 neg 0.4440501163389881 __DUMMY__ 0.00696935537746689	false	0.5
trauern	neg 1.0		off 0.5438028993504811 neg 0.4490980900631989 __DUMMY__ 0.00709901058632002	false	0.5
ablehnung	neg 1.0		off 0.5425631076168029 neg 0.4504394433465228 __DUMMY__ 0.006997449036674106	false	0.5
stur	neg 1.0		off 0.544439213722411 neg 0.4485797784713818 __DUMMY__ 0.006981007806206987	false	0.5
aufruhr	neg 1.0		off 0.5437701558476085 neg 0.44923614710170895 __DUMMY__ 0.006993697050682527	false	0.5
melancholie	neg 1.0		off 0.5376506600877703 neg 0.4553339598767593 __DUMMY__ 0.007015380035470355	false	0.5
ist			off 0.5455868013510741 neg 0.4474259059810171 __DUMMY__ 0.006987292667908856	false	0.0
torheit	neg 1.0		off 0.5455800318977402 neg 0.4474259018387685 __DUMMY__ 0.00699406626349134	false	0.5
dreckskind	off 1.0		off 0.5555770401687066 neg 0.43758920427000036 __DUMMY__ 0.006833755561293073	false	1.0
umtauschen	neg 1.0		off 0.5432890993002104 neg 0.44970694592805377 __DUMMY__ 0.007003954771735865	false	0.5
zum			off 0.5414820415361612 neg 0.45135990877000415 __DUMMY__ 0.007158049693834562	false	0.0
zersetzen	neg 1.0		off 0.5393736401627425 neg 0.4535877399210857 __DUMMY__ 0.00703861991617185	false	0.5
zur			off 0.5393018065747782 neg 0.4535741407813972 __DUMMY__ 0.007124052643824425	false	0.0
frust	neg 1.0		off 0.5418097567233128 neg 0.4511688391775739 __DUMMY__ 0.007021404099113189	false	0.5
unerbittlichkeit	neg 1.0		off 0.5423682931175275 neg 0.4505673955097718 __DUMMY__ 0.007064311372700719	false	0.5
zwei			off 0.5381054835448565 neg 0.4547768784170978 __DUMMY__ 0.007117638038045726	false	0.0
unkorrekt	neg 1.0		off 0.5500602594034719 neg 0.44302693337842064 __DUMMY__ 0.006912807218107447	false	0.5
hexe	off 1.0		off 0.545006499065523 neg 0.4480908264270458 __DUMMY__ 0.006902674507431161	false	1.0
lasch	neg 1.0		off 0.5473038569967799 neg 0.44574280440616976 __DUMMY__ 0.006953338597050404	false	0.5
rivale	neg 1.0		off 0.5523392200030461 neg 0.4407458539702438 __DUMMY__ 0.006914926026710069	false	0.5
mutlos	off 1.0	off 1.0	off 0.7575150489942383 neg 0.23913473527190882 __DUMMY__ 0.003350215733852857	false	1.0
wirr	off 1.0		off 0.5508463873098748 neg 0.44227344023307963 __DUMMY__ 0.006880172457045521	false	1.0
jahr			off 0.5445051254263119 neg 0.4483803906312832 __DUMMY__ 0.007114483942404939	false	0.0
wird			off 0.5423763574175743 neg 0.45057788301817997 __DUMMY__ 0.007045759564245531	false	0.0
strafbar	neg 1.0		off 0.5416803823105278 neg 0.4512630259566265 __DUMMY__ 0.007056591732845694	false	0.5
erosion	neg 1.0		off 0.5451112027058954 neg 0.44787611637408775 __DUMMY__ 0.007012680920016878	false	0.5
eingehen	neg 1.0		off 0.540481383572738 neg 0.45248262542509315 __DUMMY__ 0.007035991002168869	false	0.5
faul	off 1.0		off 0.5477104229244576 neg 0.44533346634774157 __DUMMY__ 0.006956110727800857	false	1.0
provisorium	neg 1.0		off 0.5372709631564531 neg 0.4555569034894771 __DUMMY__ 0.007172133354069831	false	0.5
schmerzen	neg 1.0		off 0.5413613623413451 neg 0.4516494469600123 __DUMMY__ 0.00698919069864262	false	0.5
schrumpfen	neg 1.0		off 0.5359439493570888 neg 0.4569837588787521 __DUMMY__ 0.007072291764159079	false	0.5
geistlos	off 1.0		off 0.5457521664617059 neg 0.447292203125634 __DUMMY__ 0.00695563041265999	false	1.0
fehlkauf	neg 1.0		off 0.5461043862802812 neg 0.44692526045199477 __DUMMY__ 0.006970353267723975	false	0.5
frustrierend	neg 1.0		off 0.5469611109728759 neg 0.446081420687994 __DUMMY__ 0.0069574683391301715	false	0.5
unzufrieden	neg 1.0		off 0.5424188227140759 neg 0.4505483522270529 __DUMMY__ 0.0070328250588710855	false	0.5
verzweifeln	neg 1.0		off 0.5435257886486373 neg 0.4494538564745109 __DUMMY__ 0.00702035487685165	false	0.5
verzweifelt	neg 1.0		off 0.5445346589125626 neg 0.4484839061489007 __DUMMY__ 0.006981434938536725	false	0.5
misstrauensantrag	neg 1.0		off 0.5452119200993251 neg 0.4478186685997207 __DUMMY__ 0.006969411300954241	false	0.5
abfallen	neg 1.0		off 0.5433885894452241 neg 0.4496222480620928 __DUMMY__ 0.006989162492683137	false	0.5
fucker	off 1.0		off 0.5515075156106111 neg 0.4415724034500168 __DUMMY__ 0.0069200809393722106	false	1.0
ungezogen	neg 1.0		off 0.5566267490286734 neg 0.43654768420747997 __DUMMY__ 0.006825566763846748	false	0.5
irrsinnig	neg 1.0	neg 1.0	neg 0.7078616525618101 off 0.28881310317585884 __DUMMY__ 0.00332524426233104	false	1.0
unfassbar	neg 1.0		off 0.549457169325989 neg 0.44359853924276743 __DUMMY__ 0.006944291431243513	false	0.5
hart	neg 1.0		off 0.5473719977277084 neg 0.44572765224648897 __DUMMY__ 0.006900350025802557	false	0.5
widerlich	off 1.0		off 0.5494745137467484 neg 0.44359492773254483 __DUMMY__ 0.00693055852070663	false	1.0
fatal	neg 1.0	neg 1.0	neg 0.7082678709949775 off 0.28843494107349504 __DUMMY__ 0.0032971879315274845	false	1.0
bruch	neg 1.0		off 0.5387002600287224 neg 0.45422098496336627 __DUMMY__ 0.00707875500791124	false	0.5
aushungern	neg 1.0		off 0.5421955314956388 neg 0.4508007374863793 __DUMMY__ 0.00700373101798194	false	0.5
anspannung	neg 1.0		off 0.5392867706503562 neg 0.4535807493015475 __DUMMY__ 0.0071324800480960845	false	0.5
von			off 0.5403126835345774 neg 0.45261797024169637 __DUMMY__ 0.007069346223726188	false	0.0
kraftlos	neg 1.0		off 0.541478406644935 neg 0.4514921841687339 __DUMMY__ 0.007029409186331221	false	0.5
vom			off 0.5386894058971333 neg 0.4541279389169246 __DUMMY__ 0.007182655185942051	false	0.0
grenzdebil	off 1.0		off 0.5485616241239647 neg 0.44451545330673825 __DUMMY__ 0.006922922569297114	false	1.0
vor			off 0.5394101951047687 neg 0.4535058138434076 __DUMMY__ 0.007083991051823708	false	0.0
unterwerfen	neg 1.0		off 0.5426568718352374 neg 0.45028656184266536 __DUMMY__ 0.007056566322097368	false	0.5
versenkung	neg 1.0		off 0.5422712721131847 neg 0.45066381171999975 __DUMMY__ 0.00706491616681551	false	0.5
entziehen	neg 1.0		off 0.5400165849189286 neg 0.4529087518376887 __DUMMY__ 0.007074663243382688	false	0.5
finanzkrise	neg 1.0		off 0.5385605801570965 neg 0.45451413845311783 __DUMMY__ 0.006925281389785597	false	0.5
schimpfend	neg 1.0		off 0.5460712711086528 neg 0.4469160721758524 __DUMMY__ 0.0070126567154947025	false	0.5
profan	neg 1.0		off 0.5453715289626763 neg 0.4476612593545545 __DUMMY__ 0.006967211682769215	false	0.5
korruption	neg 1.0		off 0.5408931286763843 neg 0.45210984824134626 __DUMMY__ 0.006997023082269548	false	0.5
â			off 0.5422758174344441 neg 0.45068569281680887 __DUMMY__ 0.007038489748747015	false	0.0
schmutzig	neg 1.0		off 0.548507881687985 neg 0.4445726552158514 __DUMMY__ 0.006919463096163713	false	0.5
sexy	neg 1.0		off 0.5481532073477547 neg 0.44487256418560084 __DUMMY__ 0.006974228466644458	false	0.5
abraten	neg 1.0		off 0.5462844924366892 neg 0.44672438722779345 __DUMMY__ 0.0069911203355173	false	0.5
schwarz	neg 1.0		off 0.5466208021615082 neg 0.44639138594857536 __DUMMY__ 0.006987811889916324	false	0.5
fotze	off 1.0	off 1.0	off 0.7584639794476675 neg 0.23818193901586954 __DUMMY__ 0.0033540815364629657	false	1.0
verwirren	neg 1.0		off 0.5462178857416622 neg 0.44680762226778503 __DUMMY__ 0.0069744919905528144	false	0.5
zahnlos	off 1.0		off 0.5431694321789542 neg 0.44980813681010995 __DUMMY__ 0.007022431010935922	false	1.0
verheeren	neg 1.0		off 0.5578076132816333 neg 0.4353768617934064 __DUMMY__ 0.006815524924960204	false	0.5
hippie	neg 1.0		off 0.5473871090461087 neg 0.445642382663999 __DUMMY__ 0.006970508289892415	false	0.5
rammen	neg 1.0		off 0.5457462106314411 neg 0.4472446265687596 __DUMMY__ 0.007009162799799365	false	0.5
unlauter	neg 1.0		off 0.5451160521727303 neg 0.44791722413815754 __DUMMY__ 0.006966723689112156	false	0.5
unheilvoll	neg 1.0		off 0.544449813924054 neg 0.44857172242953647 __DUMMY__ 0.00697846364640955	false	0.5
niedrig	neg 1.0		off 0.5400516472945556 neg 0.45294059473440024 __DUMMY__ 0.007007757971044199	false	0.5
explosion	neg 1.0		off 0.5477234509167666 neg 0.44529971180950906 __DUMMY__ 0.0069768372737245374	false	0.5
weichei	off 1.0	off 1.0	off 0.7623764163234436 neg 0.2343770300516166 __DUMMY__ 0.0032465536249399233	false	1.0
minusmensch	off 1.0		off 0.5575983664504228 neg 0.43558514659052255 __DUMMY__ 0.006816486959054729	false	1.0
farblos	neg 1.0		off 0.5454350404800157 neg 0.44757473886500043 __DUMMY__ 0.006990220654983949	false	0.5
unwissend	neg 1.0	neg 1.0	neg 0.7063248415339892 off 0.29037601637951893 __DUMMY__ 0.0032991420864918936	false	1.0
traurig	neg 1.0		off 0.5514483212758944 neg 0.44163801086605636 __DUMMY__ 0.006913667858049188	false	0.5
senkung	neg 1.0		off 0.5427244010354215 neg 0.45036454744535315 __DUMMY__ 0.006911051519225239	false	0.5
ungleich	neg 1.0	neg 1.0	neg 0.7095817047972609 off 0.287067456932091 __DUMMY__ 0.00335083827064815	false	1.0
heikel	neg 1.0		off 0.5408661793692385 neg 0.45207997062099503 __DUMMY__ 0.007053850009766586	false	0.5
drosselung	neg 1.0		off 0.5467584133239738 neg 0.4463536426511105 __DUMMY__ 0.00688794402491557	false	0.5
falsch	neg 1.0		off 0.5482202591478259 neg 0.4448096901754652 __DUMMY__ 0.006970050676708854	false	0.5
unzufriedenheit	neg 1.0		off 0.5394738148386358 neg 0.45348726458324007 __DUMMY__ 0.00703892057812415	false	0.5
kurz	neg 1.0		off 0.5435991196554744 neg 0.4493554091512056 __DUMMY__ 0.007045471193320123	false	0.5
unsinnig	neg 1.0		off 0.5423512614824035 neg 0.45065123620714237 __DUMMY__ 0.00699750231045395	false	0.5
penner	off 1.0	off 1.0	off 0.7636425880667286 neg 0.23311364622935413 __DUMMY__ 0.003243765703917327	false	1.0
seicht	neg 1.0		off 0.5535229657770346 neg 0.43967801093860126 __DUMMY__ 0.0067990232843641455	false	0.5
dummheit	off 1.0	off 1.0	off 0.7593348162479816 neg 0.23735775162134248 __DUMMY__ 0.0033074321306759205	false	1.0
unerfreulich	neg 1.0		off 0.5408034433509759 neg 0.4521369207942505 __DUMMY__ 0.007059635854773625	false	0.5
motherfucker	off 1.0	off 1.0	off 0.7619832309464956 neg 0.2347297529199605 __DUMMY__ 0.003287016133544063	false	1.0
pikiert	neg 1.0		off 0.5476499442202382 neg 0.44542148240966734 __DUMMY__ 0.006928573370094603	false	0.5
wrack	neg 1.0		off 0.5472722260814169 neg 0.4456347069612343 __DUMMY__ 0.007093066957348592	false	0.5
gangster	neg 1.0		off 0.5474543228313618 neg 0.44557924028556356 __DUMMY__ 0.006966436883074741	false	0.5
krank	neg 1.0		off 0.5495876016708975 neg 0.4434761185588326 __DUMMY__ 0.006936279770269938	false	0.5
reich	neg 1.0		off 0.5441971565284245 neg 0.4489027799897707 __DUMMY__ 0.006900063481804886	false	0.5
gnadenlos	neg 1.0		off 0.5456765716920479 neg 0.447317920216258 __DUMMY__ 0.007005508091694079	false	0.5
niedergeschlagen	neg 1.0		off 0.5430212238937399 neg 0.4499335724490989 __DUMMY__ 0.007045203657161085	false	0.5
terrorisieren	off 1.0	off 1.0	off 0.7570915721093198 neg 0.23954996729922384 __DUMMY__ 0.003358460591456438	false	1.0
sinnlosigkeit	neg 1.0		off 0.5428849608247716 neg 0.45008679946083596 __DUMMY__ 0.007028239714392446	false	0.5
behindern	neg 1.0		off 0.54376919217859 neg 0.4492287806569874 __DUMMY__ 0.007002027164422485	false	0.5
undemokratisch	neg 1.0		off 0.5453875609980794 neg 0.44764558484496725 __DUMMY__ 0.006966854156953354	false	0.5
wirtschaftskrise	neg 1.0		off 0.5396991305391162 neg 0.4533147868329145 __DUMMY__ 0.006986082627969375	false	0.5
neid	neg 1.0		off 0.5463453476966332 neg 0.44669715163319895 __DUMMY__ 0.006957500670167898	false	0.5
rutschen	neg 1.0		off 0.5374456227605522 neg 0.45544073503141214 __DUMMY__ 0.00711364220803576	false	0.5
rezession	neg 1.0		off 0.5465168467750886 neg 0.44665173009455106 __DUMMY__ 0.006831423130360296	false	0.5
fehlgeburt	neg 1.0		off 0.5455444022973278 neg 0.4474430079434202 __DUMMY__ 0.00701258975925195	false	0.5
charakterschwach	off 1.0		off 0.5486072132021172 neg 0.4444643473105165 __DUMMY__ 0.006928439487366218	false	1.0
isolation	neg 1.0		off 0.5486069000880669 neg 0.4444161093705307 __DUMMY__ 0.00697699054140228	false	0.5
ablenkung	neg 1.0		off 0.5447034567030576 neg 0.4482760450612509 __DUMMY__ 0.007020498235691487	false	0.5
pech	neg 1.0		off 0.5469448500612285 neg 0.4461112843239903 __DUMMY__ 0.006943865614781182	false	0.5
vermeidung	neg 1.0		off 0.5481619176466541 neg 0.44492356218785784 __DUMMY__ 0.006914520165488084	false	0.5
dominieren	neg 1.0		off 0.5434866725548149 neg 0.44948621512504244 __DUMMY__ 0.0070271123201425464	false	0.5
schwindlig	neg 1.0		off 0.5450118187686388 neg 0.44801935783631114 __DUMMY__ 0.006968823395050014	false	0.5
lutscher	neg 1.0		off 0.5551826790482064 neg 0.43803535925010756 __DUMMY__ 0.006781961701685968	false	0.5
pflicht	neg 1.0		off 0.5407151916230291 neg 0.45220225892973664 __DUMMY__ 0.00708254944723434	false	0.5
faschist	off 1.0		off 0.5477020670430697 neg 0.4453313300246935 __DUMMY__ 0.006966602932236877	false	1.0
verschleudern	neg 1.0		off 0.5380185381049757 neg 0.45499051571881555 __DUMMY__ 0.0069909461762087234	false	0.5
wenn			off 0.5475331973858751 neg 0.44552255792848294 __DUMMY__ 0.006944244685641953	false	0.0
ehebruch	neg 1.0		off 0.5417166534754276 neg 0.45125234017259913 __DUMMY__ 0.007031006351973149	false	0.5
spott	off 1.0		off 0.5430321236164999 neg 0.44991397675679184 __DUMMY__ 0.00705389962670823	false	1.0
trostlosigkeit	neg 1.0		off 0.5385094494007977 neg 0.4544412732986731 __DUMMY__ 0.007049277300529353	false	0.5
lutschen	neg 1.0		off 0.5487574147607938 neg 0.44427293561243253 __DUMMY__ 0.00696964962677377	false	0.5
undiszipliniert	neg 1.0		off 0.5503344666798741 neg 0.4427530391888771 __DUMMY__ 0.006912494131248917	false	0.5
kopfschmerz	neg 1.0		off 0.5383906250895988 neg 0.4546199765566581 __DUMMY__ 0.006989398353743239	false	0.5
unvorhergesehen	neg 1.0		off 0.5407756789019013 neg 0.4521482204206863 __DUMMY__ 0.0070761006774124795	false	0.5
desinteressiert	neg 1.0		off 0.5496699948962385 neg 0.4434126933008054 __DUMMY__ 0.00691731180295608	false	0.5
armselig	off 1.0		off 0.5519679855020991 neg 0.44113050842690454 __DUMMY__ 0.006901506070996412	false	1.0
desaster	neg 1.0		off 0.5383238282475525 neg 0.45461624432055875 __DUMMY__ 0.007059927431888616	false	0.5
tod	neg 1.0		off 0.541941975788802 neg 0.4510076211948557 __DUMMY__ 0.007050403016342334	false	0.5
herzlos	neg 1.0		off 0.5510624493174293 neg 0.4420376035494734 __DUMMY__ 0.0068999471330973075	false	0.5
unwissenheit	neg 1.0		off 0.5424607775786622 neg 0.4505104846944314 __DUMMY__ 0.007028737726906414	false	0.5
widersinnig	neg 1.0		off 0.5413686315049738 neg 0.4516511156428987 __DUMMY__ 0.006980252852127513	false	0.5
bedenklich	neg 1.0		off 0.5411505728858199 neg 0.4518202990051479 __DUMMY__ 0.0070291281090321695	false	0.5
beanstanden	neg 1.0		off 0.5418796445852612 neg 0.45103549357410994 __DUMMY__ 0.007084861840628827	false	0.5
panisch	neg 1.0		off 0.5461852716840793 neg 0.44682325768089276 __DUMMY__ 0.0069914706350279665	false	0.5
debil	off 1.0		off 0.5366984706547094 neg 0.45615662758960973 __DUMMY__ 0.007144901755680754	false	1.0
abstrich	neg 1.0		off 0.5436182494369575 neg 0.449361465977775 __DUMMY__ 0.007020284585267462	false	0.5
primitiv	neg 1.0		off 0.5502255234712075 neg 0.44285162895760616 __DUMMY__ 0.006922847571186515	false	0.5
abschaum	off 1.0	off 1.0	off 0.7616994750782462 neg 0.23499091927677604 __DUMMY__ 0.003309605644977767	false	1.0
provozieren	neg 1.0		off 0.5446496135230725 neg 0.44836093866913446 __DUMMY__ 0.006989447807792901	false	0.5
tot	neg 1.0		off 0.5431658065472716 neg 0.44980414797660545 __DUMMY__ 0.007030045476123067	false	0.5
instabil	neg 1.0		off 0.5503229063127264 neg 0.4428088288000732 __DUMMY__ 0.0068682648872003356	false	0.5
schwuchtel	off 1.0	off 1.0	off 0.7669175929471189 neg 0.22987978627934713 __DUMMY__ 0.0032026207735339615	false	1.0
zerren	neg 1.0		off 0.5427684263099802 neg 0.45018788083665157 __DUMMY__ 0.0070436928533681945	false	0.5
kinderficker	off 1.0		off 0.5536205643269315 neg 0.4395080503321462 __DUMMY__ 0.006871385340922303	false	1.0
gefahr	neg 1.0		off 0.5410203819511272 neg 0.45190396632031316 __DUMMY__ 0.007075651728559606	false	0.5
rabiat	neg 1.0		off 0.5426061375977757 neg 0.4503943477695319 __DUMMY__ 0.006999514632692519	false	0.5
verlangsamung	neg 1.0		off 0.5535897742964669 neg 0.43957925358998284 __DUMMY__ 0.006830972113550351	false	0.5
ausgestorben	neg 1.0		off 0.5439055290526785 neg 0.4490665746250759 __DUMMY__ 0.007027896322245608	false	0.5
anklagen	neg 1.0		off 0.5433201114824957 neg 0.44965572394128683 __DUMMY__ 0.007024164576217563	false	0.5
trott	neg 1.0		off 0.5445625352581299 neg 0.4484275275430969 __DUMMY__ 0.007009937198773197	false	0.5
verminderung	neg 1.0		off 0.5482122131630859 neg 0.4448739618307785 __DUMMY__ 0.006913825006135715	false	0.5
nach			off 0.5379375920484941 neg 0.45491395831047604 __DUMMY__ 0.007148449641029881	false	0.0
rost	neg 1.0		off 0.5583362298242827 neg 0.4347924447488999 __DUMMY__ 0.006871325426817503	false	0.5
destruktiv	neg 1.0		off 0.5435565385477431 neg 0.4494463638533542 __DUMMY__ 0.0069970975989027346	false	0.5
unzumutbarkeit	neg 1.0		off 0.5503371658100229 neg 0.44271707250740605 __DUMMY__ 0.006945761682570975	false	0.5
labil	off 1.0	off 1.0	off 0.7607006843649432 neg 0.23599604593318135 __DUMMY__ 0.00330326970187551	false	1.0
ziemlich	neg 1.0		off 0.5495939159582441 neg 0.44345335104929695 __DUMMY__ 0.006952732992458838	false	0.5
lachnummer	off 1.0		off 0.5452461684521935 neg 0.4477440901791206 __DUMMY__ 0.007009741368685798	false	1.0
oder			off 0.5453123042384715 neg 0.4476766636296871 __DUMMY__ 0.007011032131841283	false	0.0
verfall	neg 1.0		off 0.5365450611638898 neg 0.4563769173435575 __DUMMY__ 0.0070780214925527515	false	0.5
ausgrenzung	neg 1.0		off 0.5452485247315546 neg 0.4477853421413459 __DUMMY__ 0.006966133127099366	false	0.5
unordnung	neg 1.0		off 0.553305465378384 neg 0.43979523362966505 __DUMMY__ 0.006899300991950898	false	0.5
fehlverhalten	neg 1.0		off 0.5414064274167488 neg 0.45154028073591224 __DUMMY__ 0.007053291847338827	false	0.5
eine			off 0.5389831980898308 neg 0.45395198517163143 __DUMMY__ 0.0070648167385377195	false	0.0
nille	neg 1.0		off 0.5456835949865918 neg 0.44729831737433945 __DUMMY__ 0.00701808763906879	false	0.5
qual	neg 1.0		off 0.5440742283964997 neg 0.4489156203178119 __DUMMY__ 0.00701015128568844	false	0.5
verschwenden	neg 1.0		off 0.5394590390177113 neg 0.4535112892368207 __DUMMY__ 0.007029671745468095	false	0.5
riesig	neg 1.0		off 0.5425645740536129 neg 0.4503739886021753 __DUMMY__ 0.007061437344211709	false	0.5
verurteilen	neg 1.0		off 0.5429185691943638 neg 0.4500557423854339 __DUMMY__ 0.007025688420202244	false	0.5
klischee	neg 1.0	neg 1.0	neg 0.7070813350070626 off 0.2896185488403952 __DUMMY__ 0.0033001161525421196	false	1.0
diktatorisch	neg 1.0		off 0.5456722796867118 neg 0.4473596735412506 __DUMMY__ 0.0069680467720376555	false	0.5
vorhersehbar	neg 1.0		off 0.5458645111885285 neg 0.44717904356347776 __DUMMY__ 0.00695644524799358	false	0.5
sowie			off 0.5515792581237374 neg 0.4415658230240475 __DUMMY__ 0.006854918852215119	false	0.0
stornieren	neg 1.0		off 0.5504046943203739 neg 0.44256548071753943 __DUMMY__ 0.007029824962086681	false	0.5
besteuerung	neg 1.0	neg 1.0	neg 0.7096365989857274 off 0.28706682536608424 __DUMMY__ 0.0032965756481883783	false	1.0
ungeschminkt	neg 1.0		off 0.5504768223302446 neg 0.44260146031261877 __DUMMY__ 0.006921717357136516	false	0.5
kritisch	neg 1.0		off 0.5426035911430757 neg 0.4503639332208316 __DUMMY__ 0.007032475636092693	false	0.5
schlamperei	off 1.0		off 0.541676491670275 neg 0.4512774434766936 __DUMMY__ 0.00704606485303147	false	1.0
sucht	neg 1.0	neg 1.0	neg 0.7063565165144744 off 0.2903025501107718 __DUMMY__ 0.003340933374753891	false	1.0
egoistisch	off 1.0	off 1.0	off 0.7637575176402286 neg 0.23297217658430472 __DUMMY__ 0.0032703057754666933	false	1.0
ausbeuter	off 1.0		off 0.5391052012262344 neg 0.45387096863427673 __DUMMY__ 0.0070238301394888805	false	1.0
arschgeburt	off 1.0		off 0.5593874962064653 neg 0.43385983381255433 __DUMMY__ 0.006752669980980554	false	1.0
schubs	neg 1.0		off 0.5400744867556073 neg 0.45291808548057844 __DUMMY__ 0.00700742776381418	false	0.5
unsolide	neg 1.0		off 0.5463220348115412 neg 0.44671120452174895 __DUMMY__ 0.006966760666709738	false	0.5
beschwerde	neg 1.0		off 0.5433265092829298 neg 0.4496391586508209 __DUMMY__ 0.007034332066249258	false	0.5
stocken	neg 1.0		off 0.5418769897960397 neg 0.451085720522466 __DUMMY__ 0.007037289681494303	false	0.5
isolieren	neg 1.0		off 0.5414551520948141 neg 0.4515377085097966 __DUMMY__ 0.007007139395389296	false	0.5
unheilbar	neg 1.0		off 0.543990066422652 neg 0.4490113009077116 __DUMMY__ 0.006998632669636428	false	0.5
pisser	off 1.0	off 1.0	off 0.7631495683172164 neg 0.23355895833953827 __DUMMY__ 0.0032914733432453723	false	1.0
löschen	neg 1.0		off 0.5450813886241391 neg 0.4479158774961368 __DUMMY__ 0.007002733879724085	false	0.5
durchfallen	neg 1.0		off 0.5426133995893591 neg 0.450349988217835 __DUMMY__ 0.007036612192805931	false	0.5
wichser	off 1.0	off 1.0	off 0.7650361292110992 neg 0.23173805030017844 __DUMMY__ 0.003225820488722337	false	1.0
terror	neg 1.0		off 0.547343121025219 neg 0.44568387652826574 __DUMMY__ 0.006973002446515211	false	0.5
krass	neg 1.0		off 0.5526725623114058 neg 0.44044539951457334 __DUMMY__ 0.00688203817402094	false	0.5
revolte	neg 1.0		off 0.5447735851807952 neg 0.4483040130564654 __DUMMY__ 0.006922401762739291	false	0.5
besorgt	neg 1.0		off 0.5440182983195394 neg 0.4489325775398403 __DUMMY__ 0.007049124140620248	false	0.5
nachlassen	neg 1.0		off 0.5430362323073845 neg 0.4499088083567475 __DUMMY__ 0.0070549593358678764	false	0.5
alt	neg 1.0		off 0.5372424373190011 neg 0.45578534223350076 __DUMMY__ 0.006972220447498248	false	0.5
hundesohn	off 1.0	off 1.0	off 0.7650514339105924 neg 0.23171062344905727 __DUMMY__ 0.003237942640350303	false	1.0
als			off 0.5417724827199747 neg 0.45121263128174155 __DUMMY__ 0.007014885998283652	false	0.0
abschreckung	neg 1.0		off 0.5400071425218399 neg 0.4529420340540038 __DUMMY__ 0.007050823424156241	false	0.5
unqualifiziert	neg 1.0		off 0.5481542867550585 neg 0.44488629929304185 __DUMMY__ 0.006959413951899462	false	0.5
abgewichst	off 1.0		off 0.5448966250733176 neg 0.44808155518656617 __DUMMY__ 0.007021819740116239	false	1.0
schwer	neg 1.0		off 0.5431728209662937 neg 0.44982317749227535 __DUMMY__ 0.007004001541430916	false	0.5
bedeutungslosigkeit	neg 1.0		off 0.5406988676644937 neg 0.45225130475178926 __DUMMY__ 0.007049827583716902	false	0.5
kapitulation	neg 1.0		off 0.5409169503002089 neg 0.4520710683209454 __DUMMY__ 0.007011981378845734	false	0.5
unscharf	neg 1.0		off 0.542602763868337 neg 0.4504731472782479 __DUMMY__ 0.00692408885341519	false	0.5
schwinden	neg 1.0		off 0.5393921437311942 neg 0.4535805243101616 __DUMMY__ 0.007027331958644259	false	0.5
versklavung	neg 1.0	neg 1.0	neg 0.7080641158121407 off 0.28862413574882445 __DUMMY__ 0.003311748439034908	false	1.0
schlecht	neg 1.0		off 0.5499746537554712 neg 0.4430693665066169 __DUMMY__ 0.006955979737911909	false	0.5
verhasst	neg 1.0		off 0.5452112305313965 neg 0.4478070163405899 __DUMMY__ 0.0069817531280135115	false	0.5
beschweren	neg 1.0		off 0.5467174849818328 neg 0.44628405017529393 __DUMMY__ 0.006998464842873309	false	0.5
scheiden	neg 1.0		off 0.5433405688244586 neg 0.44967126492668985 __DUMMY__ 0.0069881662488516195	false	0.5
frustriert	neg 1.0		off 0.5433901881652949 neg 0.44958451849354886 __DUMMY__ 0.007025293341156177	false	0.5
schimmelig	neg 1.0		off 0.5399450064180601 neg 0.45305464260238404 __DUMMY__ 0.007000350979555814	false	0.5
fisch	neg 1.0		off 0.5357956367163801 neg 0.45719374153458625 __DUMMY__ 0.007010621749033618	false	0.5
schmuggel	neg 1.0		off 0.5410316292272999 neg 0.4518788036446128 __DUMMY__ 0.007089567128087343	false	0.5
auffallen	neg 1.0		off 0.5460910930457 neg 0.44693043282307976 __DUMMY__ 0.006978474131220254	false	0.5
konkurrenz	neg 1.0		off 0.54110828999202 neg 0.4518243371568969 __DUMMY__ 0.007067372851083173	false	0.5
teufelskreis	neg 1.0	neg 1.0	neg 0.7097800302106911 off 0.28690169968093454 __DUMMY__ 0.0033182701083742817	false	1.0
aufschreien	neg 1.0		off 0.5458757719962457 neg 0.44716430075277813 __DUMMY__ 0.006959927250976095	false	0.5
schuldner	neg 1.0		off 0.5379176072740354 neg 0.4550736470182916 __DUMMY__ 0.0070087457076730445	false	0.5
missgeburt	off 1.0	off 1.0	off 0.7658117595855015 neg 0.23091992882599213 __DUMMY__ 0.0032683115885064964	false	1.0
arbeitslos	neg 1.0		off 0.5423525439729657 neg 0.4506123380912951 __DUMMY__ 0.0070351179357392435	false	0.5
befallen	neg 1.0		off 0.5407024262316991 neg 0.4523266918515627 __DUMMY__ 0.006970881916738195	false	0.5
miesepetrig	off 1.0	off 1.0	off 0.7604934094219084 neg 0.2362073044554146 __DUMMY__ 0.0032992861226770268	false	1.0
alarmieren	neg 1.0		off 0.5487976014517529 neg 0.4442438101790026 __DUMMY__ 0.0069585883692444605	false	0.5
ungeduscht	off 1.0		off 0.5472286356687834 neg 0.44583015037969165 __DUMMY__ 0.006941213951524847	false	1.0
knappheit	neg 1.0		off 0.5401456237972965 neg 0.45286366892057794 __DUMMY__ 0.006990707282125576	false	0.5
schlange	neg 1.0		off 0.5445562441141506 neg 0.4484416171687147 __DUMMY__ 0.007002138717134768	false	0.5
harsch	neg 1.0		off 0.5548629379295571 neg 0.43820768340827904 __DUMMY__ 0.006929378662163786	false	0.5
lang	neg 1.0		off 0.545804865054481 neg 0.4471986302237642 __DUMMY__ 0.006996504721754824	false	0.5
ziellos	neg 1.0		off 0.5414383076035258 neg 0.45150374800416293 __DUMMY__ 0.007057944392311356	false	0.5
selbstverliebt	neg 1.0		off 0.5584635257829671 neg 0.43473028732480834 __DUMMY__ 0.006806186892224706	false	0.5
beseitigen	neg 1.0		off 0.5463453511568962 neg 0.4466182185939734 __DUMMY__ 0.007036430249130347	false	0.5
dumm	off 1.0		off 0.5540305488480228 neg 0.439112488654857 __DUMMY__ 0.0068569624971201604	false	1.0
arbeitsloser	neg 1.0		off 0.5452751798240905 neg 0.4476476492735288 __DUMMY__ 0.007077170902380827	false	0.5
blitzen	neg 1.0		off 0.5478743155270844 neg 0.44516216512647433 __DUMMY__ 0.006963519346441305	false	0.5
hilflos	neg 1.0		off 0.5421493197010585 neg 0.4508213448435528 __DUMMY__ 0.0070293354553887	false	0.5
eklig	off 1.0		off 0.5529597804284355 neg 0.44021086358729894 __DUMMY__ 0.006829355984265471	false	1.0
begriff			off 0.5441407068014814 neg 0.4488466252936957 __DUMMY__ 0.007012667904822894	false	0.0
hungersnot	neg 1.0		off 0.5405772491280842 neg 0.45242671870033313 __DUMMY__ 0.0069960321715826015	false	0.5
ungesetzlich	neg 1.0		off 0.5451013869551604 neg 0.4479376376763159 __DUMMY__ 0.006960975368523687	false	0.5
verschwendung	neg 1.0		off 0.5404438417240408 neg 0.45250969862421386 __DUMMY__ 0.007046459651745286	false	0.5
schmerzvoll	neg 1.0		off 0.5445481954409306 neg 0.4484770443846644 __DUMMY__ 0.006974760174405043	false	0.5
vorzeitig	neg 1.0		off 0.5506008692537384 neg 0.4424232441799675 __DUMMY__ 0.006975886566294029	false	0.5
unvollkommenheit	neg 1.0		off 0.5438459014634713 neg 0.4491245068730439 __DUMMY__ 0.007029591663484737	false	0.5
intervenieren	neg 1.0		off 0.539528334748783 neg 0.4534558392992595 __DUMMY__ 0.007015825951957392	false	0.5
banause	off 1.0		off 0.5523132254604173 neg 0.44090359156896886 __DUMMY__ 0.0067831829706139	false	1.0
rebell	neg 1.0		off 0.5358320716661809 neg 0.4571133605285451 __DUMMY__ 0.00705456780527392	false	0.5
unlogisch	neg 1.0		off 0.5509004080626976 neg 0.44219095374132716 __DUMMY__ 0.006908638195975353	false	0.5
leiden	neg 1.0		off 0.5422446625007138 neg 0.4506574358573123 __DUMMY__ 0.007097901641973834	false	0.5
abschaffung	neg 1.0		off 0.5439147305695256 neg 0.44911535401475877 __DUMMY__ 0.006969915415715777	false	0.5
sturz	neg 1.0		off 0.5497297289558514 neg 0.44323448533537385 __DUMMY__ 0.00703578570877472	false	0.5
verkleinerung	neg 1.0		off 0.544981301919393 neg 0.44810645031191837 __DUMMY__ 0.00691224776868856	false	0.5
schmarotzer	off 1.0		off 0.5425649032222831 neg 0.45041795052245476 __DUMMY__ 0.007017146255262115	false	1.0
bestrafung	neg 1.0	neg 1.0	neg 0.7074887919721062 off 0.2891757327690784 __DUMMY__ 0.003335475258815441	false	1.0
achtlos	neg 1.0		off 0.5431111429382834 neg 0.44986795377464506 __DUMMY__ 0.0070209032870714476	false	0.5
ungeheuer	neg 1.0		off 0.542637490124273 neg 0.45039391049179084 __DUMMY__ 0.006968599383936252	false	0.5
