unsolidarisch	neg 1.0		off 0.5434652998456098 neg 0.4495632299208902 __DUMMY__ 0.006971470233499916	false	0.5
nachteilig	neg 1.0		off 0.5431247926783686 neg 0.44980689073686 __DUMMY__ 0.007068316584771565	false	0.5
skeptisch	neg 1.0		off 0.540802367138143 neg 0.4521355573626894 __DUMMY__ 0.007062075499167729	false	0.5
schrecklich	neg 1.0		off 0.5515864051920009 neg 0.44150737378824084 __DUMMY__ 0.006906221019758406	false	0.5
schlapp	neg 1.0	neg 1.0	neg 0.7060834134187749 off 0.29061848683691877 __DUMMY__ 0.00329809974430629	false	1.0
abfall	neg 1.0		off 0.5388331678389668 neg 0.45406314564716577 __DUMMY__ 0.007103686513867375	false	0.5
widerspenstig	neg 1.0		off 0.5423910464234922 neg 0.4506191038984233 __DUMMY__ 0.006989849678084447	false	0.5
abrupt	neg 1.0		off 0.5386454016203264 neg 0.45431738245008285 __DUMMY__ 0.007037215929590751	false	0.5
unwirksam	neg 1.0		off 0.5402336866503379 neg 0.45283696101251597 __DUMMY__ 0.006929352337146053	false	0.5
angreifen	neg 1.0		off 0.5400359397875594 neg 0.45289953982876874 __DUMMY__ 0.007064520383671783	false	0.5
inkonsistent	neg 1.0		off 0.5452135417357207 neg 0.4478316450478231 __DUMMY__ 0.006954813216456343	false	0.5
abrutschen	neg 1.0		off 0.5378241687265847 neg 0.45507991852207985 __DUMMY__ 0.00709591275133558	false	0.5
unsicher	neg 1.0		off 0.5448707474829537 neg 0.4481090021332401 __DUMMY__ 0.00702025038380619	false	0.5
bauernkind	off 1.0	off 1.0	off 0.7614020047955462 neg 0.2353606449893532 __DUMMY__ 0.0032373502151005575	false	1.0
angreifer	neg 1.0		off 0.5505238757710783 neg 0.44246258488494244 __DUMMY__ 0.0070135393439791	false	0.5
trennen	neg 1.0		off 0.54039123470662 neg 0.45253383261089486 __DUMMY__ 0.00707493268248514	false	0.5
schmutz	neg 1.0		off 0.5504537551696913 neg 0.4425167029992091 __DUMMY__ 0.007029541831099541	false	0.5
inkonsistenz	neg 1.0		off 0.5486777315931682 neg 0.4443648172884674 __DUMMY__ 0.006957451118364437	false	0.5
erschreckend	neg 1.0		off 0.5436684633517337 neg 0.4493156999356713 __DUMMY__ 0.007015836712595046	false	0.5
ertrinken	neg 1.0		off 0.5384742298383781 neg 0.45447519218820576 __DUMMY__ 0.0070505779734161686	false	0.5
pickelface	off 1.0		off 0.5457018659059676 neg 0.44728485401654355 __DUMMY__ 0.007013280077488911	false	1.0
seiner			off 0.5410196292695053 neg 0.4519096528760718 __DUMMY__ 0.0070707178544228404	false	0.0
lauch	neg 1.0	neg 1.0	neg 0.710769364044996 off 0.2858492118189132 __DUMMY__ 0.003381424136090729	false	1.0
unwichtig	neg 1.0		off 0.5482756627005811 neg 0.4447709537652125 __DUMMY__ 0.006953383534206478	false	0.5
steuerhinterziehung	neg 1.0		off 0.5426895761910291 neg 0.45031418575562737 __DUMMY__ 0.006996238053343576	false	0.5
schock	neg 1.0		off 0.542770619637316 neg 0.4502061798233783 __DUMMY__ 0.007023200539305779	false	0.5
beule	neg 1.0		off 0.5489843725648527 neg 0.4441075455271968 __DUMMY__ 0.006908081907950611	false	0.5
vergelten	neg 1.0		off 0.5539273044471115 neg 0.43915562817772735 __DUMMY__ 0.006917067375161145	false	0.5
verdorbenheit	neg 1.0		off 0.5458337660546234 neg 0.4471654039576289 __DUMMY__ 0.007000829987747673	false	0.5
trauma	neg 1.0		off 0.5450314994288675 neg 0.4479836154008102 __DUMMY__ 0.006984885170322342	false	0.5
sinnlos	neg 1.0		off 0.545995145948229 neg 0.44701732182324105 __DUMMY__ 0.006987532228530087	false	0.5
fettsack	off 1.0	off 1.0	off 0.7629347635343712 neg 0.23382029875142712 __DUMMY__ 0.0032449377142015783	false	1.0
feige	off 1.0	off 1.0	off 0.7608259735157374 neg 0.23588163441347315 __DUMMY__ 0.0032923920707894527	false	1.0
abdanken	neg 1.0		off 0.5446431510953355 neg 0.44833631680143643 __DUMMY__ 0.007020532103228152	false	0.5
wichtigtuer	off 1.0	off 1.0	off 0.759949703340147 neg 0.2367307189223429 __DUMMY__ 0.003319577737510056	false	1.0
misslingen	neg 1.0		off 0.5492119360772344 neg 0.4437437409171624 __DUMMY__ 0.007044323005603271	false	0.5
untreu	off 1.0		off 0.5485550159603485 neg 0.4445148909151649 __DUMMY__ 0.006930093124486524	false	1.0
missmutig	neg 1.0		off 0.5459963537572156 neg 0.4470553542802635 __DUMMY__ 0.006948291962520907	false	0.5
hurenbock	off 1.0		off 0.5418799220947195 neg 0.4511632209617698 __DUMMY__ 0.006956856943510775	false	1.0
betrunken	neg 1.0		off 0.5499149861203209 neg 0.44317918288983427 __DUMMY__ 0.006905830989844944	false	0.5
korrupt	off 1.0		off 0.5414986352720386 neg 0.45151120800573163 __DUMMY__ 0.006990156722229938	false	1.0
unmut	neg 1.0		off 0.5393194066745989 neg 0.4535998236064355 __DUMMY__ 0.007080769718965575	false	0.5
hackfresse	off 1.0		off 0.5546489933874623 neg 0.4385035967439734 __DUMMY__ 0.006847409868564377	false	1.0
aufblasen	neg 1.0		off 0.5436195223737538 neg 0.44939112854967095 __DUMMY__ 0.00698934907657526	false	0.5
gewaltsam	neg 1.0		off 0.5458182868739071 neg 0.44714689410308633 __DUMMY__ 0.007034819023006594	false	0.5
unbeliebtheit	neg 1.0		off 0.5499686835866103 neg 0.4430852411933902 __DUMMY__ 0.006946075219999322	false	0.5
sturheit	neg 1.0		off 0.5449527186443563 neg 0.4480108269766216 __DUMMY__ 0.007036454379022084	false	0.5
kuh	neg 1.0		off 0.5414065494224433 neg 0.451709070807012 __DUMMY__ 0.006884379770544743	false	0.5
erschrecken	neg 1.0		off 0.5474006274354851 neg 0.4456378908879197 __DUMMY__ 0.006961481676595151	false	0.5
opfer	neg 1.0		off 0.5433343378662481 neg 0.4495959174650812 __DUMMY__ 0.007069744668670763	false	0.5
sinken	neg 1.0		off 0.5380878353899377 neg 0.45486343257765244 __DUMMY__ 0.007048732032409859	false	0.5
stinktier	neg 1.0		off 0.5497689495863132 neg 0.44340795920649007 __DUMMY__ 0.0068230912071967605	false	0.5
tucke	off 1.0		off 0.5536624228301371 neg 0.439556012177659 __DUMMY__ 0.006781564992203783	false	1.0
ein			off 0.54084798292525 neg 0.45217788513141427 __DUMMY__ 0.006974131943335772	false	0.0
abstieg	neg 1.0		off 0.5460716038709633 neg 0.44684729144638347 __DUMMY__ 0.007081104682653248	false	0.5
missverstehen	neg 1.0		off 0.5466057819456784 neg 0.4464184021981661 __DUMMY__ 0.006975815856155489	false	0.5
ergebnislos	neg 1.0		off 0.5437735658203423 neg 0.44914575107260907 __DUMMY__ 0.007080683107048772	false	0.5
unter			off 0.5368130546502252 neg 0.45601958521660807 __DUMMY__ 0.0071673601331667305	false	0.0
manipulieren	neg 1.0		off 0.5414625174596661 neg 0.45147381317994645 __DUMMY__ 0.007063669360387544	false	0.5
unbewiesen	neg 1.0		off 0.5447189127527414 neg 0.4482963178685856 __DUMMY__ 0.006984769378672977	false	0.5
verschleppen	neg 1.0		off 0.5417324220870551 neg 0.4512397724667601 __DUMMY__ 0.007027805446184733	false	0.5
weib	off 1.0		off 0.5557694244415928 neg 0.43741741142498397 __DUMMY__ 0.006813164133423276	false	1.0
opposition	neg 1.0		off 0.5442382970912985 neg 0.4487971391314121 __DUMMY__ 0.006964563777289477	false	0.5
verkehrswidrig	neg 1.0		off 0.5564430432280367 neg 0.4366171220992773 __DUMMY__ 0.0069398346726860325	false	0.5
inkorrekt	neg 1.0		off 0.5512514109092371 neg 0.4418438429599391 __DUMMY__ 0.006904746130823778	false	0.5
vermeiden	neg 1.0		off 0.5388038463866601 neg 0.45407683140082133 __DUMMY__ 0.007119322212518386	false	0.5
abweichung	neg 1.0		off 0.5432696026599987 neg 0.4496886029401837 __DUMMY__ 0.007041794399817795	false	0.5
alkoholisiert	neg 1.0		off 0.543735930627886 neg 0.4491579910431876 __DUMMY__ 0.007106078328926468	false	0.5
scheiss	off 1.0	off 1.0	off 0.7613548805209076 neg 0.2353644575204561 __DUMMY__ 0.0032806619586364222	false	1.0
herausforderung	neg 1.0		off 0.5424728175355902 neg 0.4504907922254885 __DUMMY__ 0.0070363902389214035	false	0.5
pervers	off 1.0		off 0.5579726066673835 neg 0.43523392817375 __DUMMY__ 0.0067934651588665235	false	1.0
wackelig	neg 1.0		off 0.5423185307420992 neg 0.4506443058449898 __DUMMY__ 0.007037163412911016	false	0.5
verwickeln	neg 1.0		off 0.54548003831138 neg 0.4475399355735146 __DUMMY__ 0.0069800261151053405	false	0.5
vorwand	neg 1.0		off 0.5399622593443305 neg 0.45296618483693313 __DUMMY__ 0.007071555818736398	false	0.5
muschi	off 1.0		off 0.5456372198640254 neg 0.4473261439262338 __DUMMY__ 0.007036636209740787	false	1.0
entmutigung	neg 1.0		off 0.5431204801833927 neg 0.4499496516933121 __DUMMY__ 0.006929868123295245	false	0.5
unangemessen	neg 1.0		off 0.5438009764510893 neg 0.44917268766787394 __DUMMY__ 0.007026335881036718	false	0.5
unstetig	neg 1.0		off 0.5484395081819856 neg 0.4445901543891324 __DUMMY__ 0.0069703374288818745	false	0.5
entmutigen	neg 1.0		off 0.5446105712519492 neg 0.44839942872982597 __DUMMY__ 0.006990000018224677	false	0.5
schwanz	neg 1.0		off 0.5432652459528938 neg 0.4496880829401101 __DUMMY__ 0.007046671106996109	false	0.5
verbot	neg 1.0		off 0.5421507179712166 neg 0.45084197661765396 __DUMMY__ 0.007007305411129397	false	0.5
leid	neg 1.0		off 0.5526584584880729 neg 0.4404582483823883 __DUMMY__ 0.0068832931295386875	false	0.5
archaisch	neg 1.0		off 0.5430070008153134 neg 0.4499729245852917 __DUMMY__ 0.0070200745993949775	false	0.5
gegen			off 0.5410161459116485 neg 0.45188802781061216 __DUMMY__ 0.007095826277739163	false	0.0
scheidung	neg 1.0		off 0.563797205479399 neg 0.42939614799958176 __DUMMY__ 0.00680664652101909	false	0.5
einschlag	neg 1.0		off 0.5549631483570905 neg 0.43808930353529246 __DUMMY__ 0.006947548107617095	false	0.5
m			off 0.5429944343860598 neg 0.4499697685504264 __DUMMY__ 0.007035797063513763	false	0.0
abgestanden	neg 1.0		off 0.5387469692260227 neg 0.45433653961882237 __DUMMY__ 0.006916491155154969	false	0.5
schmierig	off 1.0		off 0.5513449762828068 neg 0.4417824052381917 __DUMMY__ 0.006872618479001548	false	1.0
unpraktisch	neg 1.0		off 0.5457875897915089 neg 0.4472161013301283 __DUMMY__ 0.006996308878362949	false	0.5
wixxer	off 1.0		off 0.5571986260466236 neg 0.4360280250947113 __DUMMY__ 0.006773348858665058	false	1.0
bezeichnet			off 0.5453824104785737 neg 0.4476012365120111 __DUMMY__ 0.007016353009415221	false	0.0
jammerlappen	off 1.0		off 0.54812472548853 neg 0.4449293824256611 __DUMMY__ 0.006945892085808781	false	1.0
farce	neg 1.0		off 0.5431295737128549 neg 0.44988545307948646 __DUMMY__ 0.006984973207658676	false	0.5
zwecklos	neg 1.0		off 0.5422146978282013 neg 0.4507603971249987 __DUMMY__ 0.007024905046799969	false	0.5
turbulent	neg 1.0		off 0.5492807111924539 neg 0.4438101900191679 __DUMMY__ 0.006909098788378215	false	0.5
invasion	neg 1.0		off 0.5463769339862516 neg 0.44664701656859823 __DUMMY__ 0.00697604944515013	false	0.5
schuld	neg 1.0		off 0.5453886931179567 neg 0.44761626626948237 __DUMMY__ 0.00699504061256107	false	0.5
risiko	neg 1.0		off 0.5442417429458837 neg 0.4488040444680091 __DUMMY__ 0.006954212586107251	false	0.5
finster	neg 1.0		off 0.5414256629921524 neg 0.45160592731376287 __DUMMY__ 0.006968409694084801	false	0.5
geisteskrank	off 1.0		off 0.5502818630772246 neg 0.4427987696376868 __DUMMY__ 0.0069193672850886585	false	1.0
zusammenbrechen	neg 1.0		off 0.5419436069968794 neg 0.4510388837397182 __DUMMY__ 0.007017509263402397	false	0.5
ausbeute	neg 1.0		off 0.5450160227169188 neg 0.4479422405991025 __DUMMY__ 0.00704173668397862	false	0.5
hinterhalt	neg 1.0		off 0.5437136764420801 neg 0.4492610698733507 __DUMMY__ 0.0070252536845690685	false	0.5
kritik	neg 1.0		off 0.5429279527998234 neg 0.4500837654557484 __DUMMY__ 0.006988281744428252	false	0.5
einschrumpfen	neg 1.0		off 0.547429402257272 neg 0.44564292955025553 __DUMMY__ 0.00692766819247252	false	0.5
riskant	neg 1.0		off 0.540555847235331 neg 0.45239075281816077 __DUMMY__ 0.007053399946508306	false	0.5
frustrieren	neg 1.0		off 0.5408547081835736 neg 0.4521078140686027 __DUMMY__ 0.007037477747823705	false	0.5
groll	neg 1.0		off 0.5435670500104579 neg 0.4493929849313956 __DUMMY__ 0.007039965058146396	false	0.5
gibt			off 0.5425490020794095 neg 0.4504146741226043 __DUMMY__ 0.007036323797986171	false	0.0
qualvoll	neg 1.0		off 0.5452459325652718 neg 0.4477822744783632 __DUMMY__ 0.006971792956364897	false	0.5
wackeln	neg 1.0		off 0.5434993887207411 neg 0.44949976261529023 __DUMMY__ 0.0070008486639686835	false	0.5
klagen	neg 1.0		off 0.539536665293225 neg 0.45340366805808774 __DUMMY__ 0.007059666648687315	false	0.5
bankrott	neg 1.0		off 0.5489805282835455 neg 0.44405011633898767 __DUMMY__ 0.006969355377466884	false	0.5
trauern	neg 1.0		off 0.5438028993504816 neg 0.44909809006319834 __DUMMY__ 0.007099010586320013	false	0.5
ablehnung	neg 1.0		off 0.5425631076168029 neg 0.4504394433465229 __DUMMY__ 0.006997449036674104	false	0.5
stur	neg 1.0		off 0.5444392137224108 neg 0.44857977847138214 __DUMMY__ 0.006981007806206981	false	0.5
aufruhr	neg 1.0		off 0.5437701558476083 neg 0.44923614710170895 __DUMMY__ 0.006993697050682529	false	0.5
melancholie	neg 1.0		off 0.5376506600877702 neg 0.45533395987675945 __DUMMY__ 0.007015380035470354	false	0.5
ist			off 0.5455868013510736 neg 0.44742590598101756 __DUMMY__ 0.006987292667908858	false	0.0
torheit	neg 1.0		off 0.5455800318977402 neg 0.4474259018387686 __DUMMY__ 0.00699406626349134	false	0.5
dreckskind	off 1.0		off 0.555577040168707 neg 0.43758920426999987 __DUMMY__ 0.006833755561293085	false	1.0
umtauschen	neg 1.0		off 0.5432890993002097 neg 0.4497069459280545 __DUMMY__ 0.0070039547717358945	false	0.5
zum			off 0.5414820415361611 neg 0.45135990877000426 __DUMMY__ 0.007158049693834564	false	0.0
zersetzen	neg 1.0		off 0.539373640162742 neg 0.45358773992108603 __DUMMY__ 0.007038619916171838	false	0.5
zur			off 0.5393018065747784 neg 0.4535741407813971 __DUMMY__ 0.007124052643824433	false	0.0
frust	neg 1.0		off 0.5418097567233131 neg 0.4511688391775739 __DUMMY__ 0.007021404099113188	false	0.5
unerbittlichkeit	neg 1.0		off 0.5423682931175279 neg 0.4505673955097714 __DUMMY__ 0.00706431137270071	false	0.5
zwei			off 0.538105483544856 neg 0.45477687841709824 __DUMMY__ 0.007117638038045724	false	0.0
unkorrekt	neg 1.0		off 0.5500602594034715 neg 0.4430269333784211 __DUMMY__ 0.006912807218107453	false	0.5
hexe	off 1.0		off 0.5450064990655227 neg 0.44809082642704623 __DUMMY__ 0.00690267450743117	false	1.0
lasch	neg 1.0		off 0.5473038569967795 neg 0.44574280440617003 __DUMMY__ 0.006953338597050397	false	0.5
rivale	neg 1.0		off 0.5523392200030459 neg 0.44074585397024396 __DUMMY__ 0.006914926026710058	false	0.5
mutlos	off 1.0	off 1.0	off 0.7575150489942383 neg 0.23913473527190887 __DUMMY__ 0.0033502157338528636	false	1.0
wirr	off 1.0		off 0.5508463873098745 neg 0.44227344023308 __DUMMY__ 0.006880172457045515	false	1.0
jahr			off 0.5445051254263115 neg 0.4483803906312836 __DUMMY__ 0.007114483942404935	false	0.0
wird			off 0.5423763574175736 neg 0.45057788301818064 __DUMMY__ 0.00704575956424554	false	0.0
strafbar	neg 1.0		off 0.5416803823105278 neg 0.4512630259566263 __DUMMY__ 0.007056591732845701	false	0.5
erosion	neg 1.0		off 0.5451112027058953 neg 0.44787611637408786 __DUMMY__ 0.007012680920016882	false	0.5
eingehen	neg 1.0		off 0.5404813835727382 neg 0.45248262542509293 __DUMMY__ 0.007035991002168873	false	0.5
faul	off 1.0		off 0.5477104229244572 neg 0.44533346634774196 __DUMMY__ 0.006956110727800857	false	1.0
provisorium	neg 1.0		off 0.5372709631564526 neg 0.4555569034894774 __DUMMY__ 0.007172133354069826	false	0.5
schmerzen	neg 1.0		off 0.5413613623413451 neg 0.45164944696001225 __DUMMY__ 0.006989190698642623	false	0.5
schrumpfen	neg 1.0		off 0.535943949357089 neg 0.456983758878752 __DUMMY__ 0.007072291764159081	false	0.5
geistlos	off 1.0		off 0.5457521664617049 neg 0.447292203125635 __DUMMY__ 0.006955630412660006	false	1.0
fehlkauf	neg 1.0		off 0.5461043862802818 neg 0.44692526045199427 __DUMMY__ 0.006970353267723982	false	0.5
frustrierend	neg 1.0		off 0.5469611109728758 neg 0.44608142068799395 __DUMMY__ 0.006957468339130192	false	0.5
unzufrieden	neg 1.0		off 0.5424188227140765 neg 0.45054835222705236 __DUMMY__ 0.007032825058871077	false	0.5
verzweifeln	neg 1.0		off 0.5435257886486362 neg 0.44945385647451197 __DUMMY__ 0.007020354876851648	false	0.5
verzweifelt	neg 1.0		off 0.5445346589125619 neg 0.44848390614890155 __DUMMY__ 0.006981434938536727	false	0.5
misstrauensantrag	neg 1.0		off 0.5452119200993243 neg 0.4478186685997214 __DUMMY__ 0.006969411300954237	false	0.5
abfallen	neg 1.0		off 0.543388589445224 neg 0.4496222480620929 __DUMMY__ 0.00698916249268313	false	0.5
fucker	off 1.0		off 0.5515075156106111 neg 0.44157240345001686 __DUMMY__ 0.006920080939372198	false	1.0
ungezogen	neg 1.0		off 0.556626749028674 neg 0.4365476842074792 __DUMMY__ 0.006825566763846752	false	0.5
irrsinnig	neg 1.0	neg 1.0	neg 0.7078616525618101 off 0.28881310317585895 __DUMMY__ 0.003325244262331042	false	1.0
unfassbar	neg 1.0		off 0.5494571693259883 neg 0.4435985392427681 __DUMMY__ 0.006944291431243517	false	0.5
hart	neg 1.0		off 0.547371997727708 neg 0.44572765224648947 __DUMMY__ 0.00690035002580256	false	0.5
widerlich	off 1.0		off 0.5494745137467484 neg 0.44359492773254483 __DUMMY__ 0.006930558520706636	false	1.0
fatal	neg 1.0	neg 1.0	neg 0.7082678709949773 off 0.2884349410734952 __DUMMY__ 0.0032971879315274928	false	1.0
bruch	neg 1.0		off 0.538700260028722 neg 0.45422098496336666 __DUMMY__ 0.007078755007911245	false	0.5
aushungern	neg 1.0		off 0.5421955314956389 neg 0.450800737486379 __DUMMY__ 0.007003731017981941	false	0.5
anspannung	neg 1.0		off 0.539286770650356 neg 0.4535807493015478 __DUMMY__ 0.0071324800480960905	false	0.5
von			off 0.5403126835345775 neg 0.4526179702416963 __DUMMY__ 0.007069346223726191	false	0.0
kraftlos	neg 1.0		off 0.541478406644935 neg 0.45149218416873377 __DUMMY__ 0.007029409186331228	false	0.5
vom			off 0.5386894058971334 neg 0.4541279389169245 __DUMMY__ 0.007182655185942043	false	0.0
grenzdebil	off 1.0		off 0.5485616241239648 neg 0.44451545330673814 __DUMMY__ 0.00692292256929712	false	1.0
vor			off 0.539410195104769 neg 0.45350581384340727 __DUMMY__ 0.0070839910518236925	false	0.0
unterwerfen	neg 1.0		off 0.542656871835237 neg 0.45028656184266563 __DUMMY__ 0.0070565663220973724	false	0.5
versenkung	neg 1.0		off 0.5422712721131847 neg 0.45066381171999975 __DUMMY__ 0.007064916166815525	false	0.5
entziehen	neg 1.0		off 0.540016584918929 neg 0.4529087518376883 __DUMMY__ 0.007074663243382688	false	0.5
finanzkrise	neg 1.0		off 0.5385605801570966 neg 0.4545141384531177 __DUMMY__ 0.006925281389785595	false	0.5
schimpfend	neg 1.0		off 0.5460712711086527 neg 0.4469160721758526 __DUMMY__ 0.007012656715494719	false	0.5
profan	neg 1.0		off 0.5453715289626764 neg 0.44766125935455453 __DUMMY__ 0.006967211682769216	false	0.5
korruption	neg 1.0		off 0.5408931286763844 neg 0.4521098482413461 __DUMMY__ 0.006997023082269537	false	0.5
â			off 0.5422758174344444 neg 0.45068569281680854 __DUMMY__ 0.007038489748746988	false	0.0
schmutzig	neg 1.0		off 0.548507881687985 neg 0.4445726552158514 __DUMMY__ 0.006919463096163701	false	0.5
sexy	neg 1.0		off 0.5481532073477544 neg 0.4448725641856009 __DUMMY__ 0.006974228466644469	false	0.5
abraten	neg 1.0		off 0.5462844924366893 neg 0.4467243872277935 __DUMMY__ 0.006991120335517301	false	0.5
schwarz	neg 1.0		off 0.5466208021615077 neg 0.446391385948576 __DUMMY__ 0.006987811889916348	false	0.5
fotze	off 1.0	off 1.0	off 0.7584639794476679 neg 0.23818193901586923 __DUMMY__ 0.0033540815364629566	false	1.0
verwirren	neg 1.0		off 0.5462178857416619 neg 0.44680762226778536 __DUMMY__ 0.006974491990552826	false	0.5
zahnlos	off 1.0		off 0.5431694321789543 neg 0.4498081368101097 __DUMMY__ 0.007022431010935928	false	1.0
verheeren	neg 1.0		off 0.5578076132816338 neg 0.4353768617934061 __DUMMY__ 0.0068155249249602055	false	0.5
hippie	neg 1.0		off 0.5473871090461082 neg 0.4456423826639994 __DUMMY__ 0.006970508289892405	false	0.5
rammen	neg 1.0		off 0.5457462106314412 neg 0.4472446265687595 __DUMMY__ 0.007009162799799367	false	0.5
unlauter	neg 1.0		off 0.5451160521727304 neg 0.44791722413815743 __DUMMY__ 0.00696672368911216	false	0.5
unheilvoll	neg 1.0		off 0.5444498139240538 neg 0.4485717224295366 __DUMMY__ 0.006978463646409562	false	0.5
niedrig	neg 1.0		off 0.5400516472945558 neg 0.4529405947344001 __DUMMY__ 0.007007757971044189	false	0.5
explosion	neg 1.0		off 0.5477234509167666 neg 0.445299711809509 __DUMMY__ 0.006976837273724541	false	0.5
weichei	off 1.0	off 1.0	off 0.7623764163234432 neg 0.2343770300516169 __DUMMY__ 0.003246553624939925	false	1.0
minusmensch	off 1.0		off 0.5575983664504225 neg 0.4355851465905229 __DUMMY__ 0.006816486959054732	false	1.0
farblos	neg 1.0		off 0.5454350404800157 neg 0.4475747388650004 __DUMMY__ 0.00699022065498394	false	0.5
unwissend	neg 1.0	neg 1.0	neg 0.7063248415339893 off 0.2903760163795188 __DUMMY__ 0.0032991420864919	false	1.0
traurig	neg 1.0		off 0.5514483212758947 neg 0.441638010866056 __DUMMY__ 0.006913667858049203	false	0.5
senkung	neg 1.0		off 0.5427244010354215 neg 0.4503645474453532 __DUMMY__ 0.006911051519225226	false	0.5
ungleich	neg 1.0	neg 1.0	neg 0.709581704797261 off 0.2870674569320909 __DUMMY__ 0.0033508382706481437	false	1.0
heikel	neg 1.0		off 0.5408661793692384 neg 0.4520799706209951 __DUMMY__ 0.0070538500097665855	false	0.5
drosselung	neg 1.0		off 0.5467584133239733 neg 0.44635364265111105 __DUMMY__ 0.006887944024915568	false	0.5
falsch	neg 1.0		off 0.548220259147825 neg 0.4448096901754661 __DUMMY__ 0.006970050676708864	false	0.5
unzufriedenheit	neg 1.0		off 0.5394738148386358 neg 0.45348726458324 __DUMMY__ 0.0070389205781241386	false	0.5
kurz	neg 1.0		off 0.5435991196554734 neg 0.4493554091512065 __DUMMY__ 0.007045471193320135	false	0.5
unsinnig	neg 1.0		off 0.542351261482404 neg 0.45065123620714204 __DUMMY__ 0.006997502310453951	false	0.5
penner	off 1.0	off 1.0	off 0.7636425880667286 neg 0.23311364622935413 __DUMMY__ 0.0032437657039173272	false	1.0
seicht	neg 1.0		off 0.553522965777035 neg 0.439678010938601 __DUMMY__ 0.006799023284364155	false	0.5
dummheit	off 1.0	off 1.0	off 0.7593348162479817 neg 0.23735775162134232 __DUMMY__ 0.0033074321306759222	false	1.0
unerfreulich	neg 1.0		off 0.540803443350976 neg 0.4521369207942504 __DUMMY__ 0.007059635854773636	false	0.5
motherfucker	off 1.0	off 1.0	off 0.7619832309464956 neg 0.2347297529199605 __DUMMY__ 0.003287016133544053	false	1.0
pikiert	neg 1.0		off 0.5476499442202385 neg 0.445421482409667 __DUMMY__ 0.006928573370094601	false	0.5
wrack	neg 1.0		off 0.5472722260814166 neg 0.44563470696123475 __DUMMY__ 0.007093066957348595	false	0.5
gangster	neg 1.0		off 0.5474543228313623 neg 0.445579240285563 __DUMMY__ 0.00696643688307475	false	0.5
krank	neg 1.0		off 0.549587601670897 neg 0.4434761185588331 __DUMMY__ 0.006936279770269938	false	0.5
reich	neg 1.0		off 0.5441971565284245 neg 0.44890277998977063 __DUMMY__ 0.006900063481804882	false	0.5
gnadenlos	neg 1.0		off 0.545676571692048 neg 0.4473179202162579 __DUMMY__ 0.007005508091694084	false	0.5
niedergeschlagen	neg 1.0		off 0.5430212238937397 neg 0.4499335724490991 __DUMMY__ 0.007045203657161081	false	0.5
terrorisieren	off 1.0	off 1.0	off 0.7570915721093197 neg 0.23954996729922384 __DUMMY__ 0.0033584605914564465	false	1.0
sinnlosigkeit	neg 1.0		off 0.5428849608247719 neg 0.4500867994608356 __DUMMY__ 0.007028239714392447	false	0.5
behindern	neg 1.0		off 0.5437691921785895 neg 0.44922878065698796 __DUMMY__ 0.007002027164422487	false	0.5
undemokratisch	neg 1.0		off 0.5453875609980796 neg 0.44764558484496697 __DUMMY__ 0.006966854156953347	false	0.5
wirtschaftskrise	neg 1.0		off 0.5396991305391162 neg 0.4533147868329143 __DUMMY__ 0.0069860826279693825	false	0.5
neid	neg 1.0		off 0.5463453476966336 neg 0.4466971516331986 __DUMMY__ 0.0069575006701678805	false	0.5
rutschen	neg 1.0		off 0.5374456227605517 neg 0.45544073503141264 __DUMMY__ 0.007113642208035755	false	0.5
rezession	neg 1.0		off 0.5465168467750887 neg 0.4466517300945509 __DUMMY__ 0.006831423130360294	false	0.5
fehlgeburt	neg 1.0		off 0.5455444022973278 neg 0.4474430079434201 __DUMMY__ 0.0070125897592519465	false	0.5
charakterschwach	off 1.0		off 0.548607213202118 neg 0.4444643473105158 __DUMMY__ 0.006928439487366214	false	1.0
isolation	neg 1.0		off 0.5486069000880668 neg 0.44441610937053094 __DUMMY__ 0.006976990541402289	false	0.5
ablenkung	neg 1.0		off 0.5447034567030581 neg 0.4482760450612503 __DUMMY__ 0.007020498235691505	false	0.5
pech	neg 1.0		off 0.5469448500612283 neg 0.4461112843239904 __DUMMY__ 0.00694386561478117	false	0.5
vermeidung	neg 1.0		off 0.5481619176466539 neg 0.44492356218785806 __DUMMY__ 0.006914520165488086	false	0.5
dominieren	neg 1.0		off 0.543486672554815 neg 0.4494862151250424 __DUMMY__ 0.007027112320142547	false	0.5
schwindlig	neg 1.0		off 0.545011818768639 neg 0.448019357836311 __DUMMY__ 0.006968823395050025	false	0.5
lutscher	neg 1.0		off 0.5551826790482063 neg 0.4380353592501078 __DUMMY__ 0.006781961701685961	false	0.5
pflicht	neg 1.0		off 0.5407151916230287 neg 0.4522022589297369 __DUMMY__ 0.007082549447234334	false	0.5
faschist	off 1.0		off 0.5477020670430696 neg 0.4453313300246935 __DUMMY__ 0.006966602932236882	false	1.0
verschleudern	neg 1.0		off 0.5380185381049754 neg 0.4549905157188159 __DUMMY__ 0.006990946176208703	false	0.5
wenn			off 0.547533197385876 neg 0.44552255792848217 __DUMMY__ 0.006944244685641952	false	0.0
ehebruch	neg 1.0		off 0.541716653475428 neg 0.4512523401725988 __DUMMY__ 0.007031006351973159	false	0.5
spott	off 1.0		off 0.5430321236164998 neg 0.44991397675679207 __DUMMY__ 0.007053899626708219	false	1.0
trostlosigkeit	neg 1.0		off 0.5385094494007979 neg 0.4544412732986729 __DUMMY__ 0.007049277300529346	false	0.5
lutschen	neg 1.0		off 0.5487574147607938 neg 0.4442729356124324 __DUMMY__ 0.0069696496267737705	false	0.5
undiszipliniert	neg 1.0		off 0.550334466679874 neg 0.44275303918887704 __DUMMY__ 0.006912494131248908	false	0.5
kopfschmerz	neg 1.0		off 0.5383906250895988 neg 0.45461997655665803 __DUMMY__ 0.006989398353743251	false	0.5
unvorhergesehen	neg 1.0		off 0.5407756789019014 neg 0.4521482204206861 __DUMMY__ 0.00707610067741248	false	0.5
desinteressiert	neg 1.0		off 0.5496699948962392 neg 0.4434126933008048 __DUMMY__ 0.006917311802956092	false	0.5
armselig	off 1.0		off 0.5519679855020987 neg 0.44113050842690493 __DUMMY__ 0.00690150607099639	false	1.0
desaster	neg 1.0		off 0.5383238282475521 neg 0.4546162443205592 __DUMMY__ 0.007059927431888625	false	0.5
tod	neg 1.0		off 0.5419419757888018 neg 0.45100762119485593 __DUMMY__ 0.0070504030163423366	false	0.5
herzlos	neg 1.0		off 0.5510624493174289 neg 0.4420376035494737 __DUMMY__ 0.006899947133097318	false	0.5
unwissenheit	neg 1.0		off 0.5424607775786622 neg 0.4505104846944314 __DUMMY__ 0.007028737726906433	false	0.5
widersinnig	neg 1.0		off 0.5413686315049739 neg 0.45165111564289867 __DUMMY__ 0.006980252852127516	false	0.5
bedenklich	neg 1.0		off 0.5411505728858204 neg 0.45182029900514736 __DUMMY__ 0.007029128109032166	false	0.5
beanstanden	neg 1.0		off 0.5418796445852604 neg 0.4510354935741107 __DUMMY__ 0.007084861840628839	false	0.5
panisch	neg 1.0		off 0.546185271684079 neg 0.44682325768089287 __DUMMY__ 0.0069914706350279665	false	0.5
debil	off 1.0		off 0.53669847065471 neg 0.4561566275896093 __DUMMY__ 0.0071449017556807475	false	1.0
abstrich	neg 1.0		off 0.5436182494369574 neg 0.44936146597777515 __DUMMY__ 0.007020284585267468	false	0.5
primitiv	neg 1.0		off 0.5502255234712072 neg 0.44285162895760627 __DUMMY__ 0.006922847571186514	false	0.5
abschaum	off 1.0	off 1.0	off 0.7616994750782463 neg 0.23499091927677596 __DUMMY__ 0.003309605644977761	false	1.0
provozieren	neg 1.0		off 0.544649613523072 neg 0.4483609386691351 __DUMMY__ 0.0069894478077929196	false	0.5
tot	neg 1.0		off 0.5431658065472719 neg 0.449804147976605 __DUMMY__ 0.00703004547612307	false	0.5
instabil	neg 1.0		off 0.5503229063127263 neg 0.4428088288000733 __DUMMY__ 0.0068682648872003225	false	0.5
schwuchtel	off 1.0	off 1.0	off 0.7669175929471188 neg 0.22987978627934724 __DUMMY__ 0.003202620773533961	false	1.0
zerren	neg 1.0		off 0.54276842630998 neg 0.4501878808366519 __DUMMY__ 0.007043692853368192	false	0.5
kinderficker	off 1.0		off 0.5536205643269314 neg 0.43950805033214635 __DUMMY__ 0.006871385340922295	false	1.0
gefahr	neg 1.0		off 0.5410203819511269 neg 0.4519039663203135 __DUMMY__ 0.007075651728559611	false	0.5
rabiat	neg 1.0		off 0.5426061375977753 neg 0.4503943477695321 __DUMMY__ 0.006999514632692533	false	0.5
verlangsamung	neg 1.0		off 0.5535897742964667 neg 0.4395792535899829 __DUMMY__ 0.006830972113550343	false	0.5
ausgestorben	neg 1.0		off 0.5439055290526783 neg 0.44906657462507604 __DUMMY__ 0.007027896322245608	false	0.5
anklagen	neg 1.0		off 0.5433201114824957 neg 0.44965572394128683 __DUMMY__ 0.007024164576217553	false	0.5
trott	neg 1.0		off 0.5445625352581289 neg 0.4484275275430979 __DUMMY__ 0.007009937198773192	false	0.5
verminderung	neg 1.0		off 0.5482122131630867 neg 0.44487396183077776 __DUMMY__ 0.006913825006135712	false	0.5
nach			off 0.537937592048494 neg 0.4549139583104762 __DUMMY__ 0.007148449641029874	false	0.0
rost	neg 1.0		off 0.5583362298242824 neg 0.43479244474889994 __DUMMY__ 0.006871325426817504	false	0.5
destruktiv	neg 1.0		off 0.5435565385477433 neg 0.449446363853354 __DUMMY__ 0.006997097598902726	false	0.5
unzumutbarkeit	neg 1.0		off 0.5503371658100231 neg 0.442717072507406 __DUMMY__ 0.006945761682570981	false	0.5
labil	off 1.0	off 1.0	off 0.7607006843649431 neg 0.2359960459331813 __DUMMY__ 0.0033032697018755175	false	1.0
ziemlich	neg 1.0		off 0.5495939159582443 neg 0.44345335104929695 __DUMMY__ 0.006952732992458843	false	0.5
lachnummer	off 1.0		off 0.5452461684521931 neg 0.44774409017912103 __DUMMY__ 0.0070097413686857945	false	1.0
oder			off 0.5453123042384718 neg 0.44767666362968694 __DUMMY__ 0.007011032131841292	false	0.0
verfall	neg 1.0		off 0.5365450611638899 neg 0.45637691734355745 __DUMMY__ 0.0070780214925527515	false	0.5
ausgrenzung	neg 1.0		off 0.5452485247315544 neg 0.44778534214134613 __DUMMY__ 0.006966133127099369	false	0.5
unordnung	neg 1.0		off 0.5533054653783837 neg 0.4397952336296655 __DUMMY__ 0.006899300991950896	false	0.5
fehlverhalten	neg 1.0		off 0.5414064274167487 neg 0.4515402807359124 __DUMMY__ 0.007053291847338821	false	0.5
eine			off 0.5389831980898298 neg 0.45395198517163243 __DUMMY__ 0.007064816738537724	false	0.0
nille	neg 1.0		off 0.5456835949865921 neg 0.4472983173743391 __DUMMY__ 0.007018087639068785	false	0.5
qual	neg 1.0		off 0.5440742283964998 neg 0.4489156203178117 __DUMMY__ 0.007010151285688451	false	0.5
verschwenden	neg 1.0		off 0.5394590390177112 neg 0.4535112892368209 __DUMMY__ 0.007029671745468095	false	0.5
riesig	neg 1.0		off 0.5425645740536135 neg 0.45037398860217476 __DUMMY__ 0.007061437344211698	false	0.5
verurteilen	neg 1.0		off 0.5429185691943633 neg 0.45005574238543433 __DUMMY__ 0.007025688420202238	false	0.5
klischee	neg 1.0	neg 1.0	neg 0.707081335007062 off 0.28961854884039584 __DUMMY__ 0.0033001161525421196	false	1.0
diktatorisch	neg 1.0		off 0.5456722796867121 neg 0.4473596735412503 __DUMMY__ 0.006968046772037657	false	0.5
vorhersehbar	neg 1.0		off 0.5458645111885283 neg 0.44717904356347793 __DUMMY__ 0.0069564452479935765	false	0.5
sowie			off 0.5515792581237379 neg 0.44156582302404696 __DUMMY__ 0.00685491885221512	false	0.0
stornieren	neg 1.0		off 0.5504046943203739 neg 0.44256548071753943 __DUMMY__ 0.007029824962086677	false	0.5
besteuerung	neg 1.0	neg 1.0	neg 0.7096365989857276 off 0.28706682536608413 __DUMMY__ 0.003296575648188384	false	1.0
ungeschminkt	neg 1.0		off 0.5504768223302441 neg 0.4426014603126193 __DUMMY__ 0.006921717357136523	false	0.5
kritisch	neg 1.0		off 0.5426035911430752 neg 0.4503639332208321 __DUMMY__ 0.007032475636092698	false	0.5
schlamperei	off 1.0		off 0.5416764916702749 neg 0.4512774434766937 __DUMMY__ 0.0070460648530314895	false	1.0
sucht	neg 1.0	neg 1.0	neg 0.7063565165144741 off 0.29030255011077205 __DUMMY__ 0.0033409333747538945	false	1.0
egoistisch	off 1.0	off 1.0	off 0.7637575176402285 neg 0.23297217658430489 __DUMMY__ 0.0032703057754666968	false	1.0
ausbeuter	off 1.0		off 0.5391052012262343 neg 0.45387096863427684 __DUMMY__ 0.007023830139488895	false	1.0
arschgeburt	off 1.0		off 0.5593874962064649 neg 0.4338598338125546 __DUMMY__ 0.006752669980980558	false	1.0
schubs	neg 1.0		off 0.5400744867556074 neg 0.45291808548057827 __DUMMY__ 0.007007427763814181	false	0.5
unsolide	neg 1.0		off 0.5463220348115414 neg 0.44671120452174873 __DUMMY__ 0.006966760666709738	false	0.5
beschwerde	neg 1.0		off 0.5433265092829298 neg 0.44963915865082105 __DUMMY__ 0.007034332066249272	false	0.5
stocken	neg 1.0		off 0.5418769897960396 neg 0.451085720522466 __DUMMY__ 0.007037289681494313	false	0.5
isolieren	neg 1.0		off 0.5414551520948139 neg 0.4515377085097968 __DUMMY__ 0.007007139395389288	false	0.5
unheilbar	neg 1.0		off 0.5439900664226514 neg 0.44901130090771235 __DUMMY__ 0.006998632669636421	false	0.5
pisser	off 1.0	off 1.0	off 0.7631495683172164 neg 0.2335589583395383 __DUMMY__ 0.0032914733432453753	false	1.0
löschen	neg 1.0		off 0.5450813886241391 neg 0.44791587749613687 __DUMMY__ 0.00700273387972409	false	0.5
durchfallen	neg 1.0		off 0.5426133995893593 neg 0.4503499882178347 __DUMMY__ 0.00703661219280593	false	0.5
wichser	off 1.0	off 1.0	off 0.765036129211099 neg 0.23173805030017858 __DUMMY__ 0.0032258204887223385	false	1.0
terror	neg 1.0		off 0.5473431210252188 neg 0.44568387652826597 __DUMMY__ 0.006973002446515214	false	0.5
krass	neg 1.0		off 0.5526725623114059 neg 0.44044539951457307 __DUMMY__ 0.00688203817402093	false	0.5
revolte	neg 1.0		off 0.5447735851807944 neg 0.44830401305646617 __DUMMY__ 0.006922401762739283	false	0.5
besorgt	neg 1.0		off 0.5440182983195395 neg 0.4489325775398403 __DUMMY__ 0.007049124140620242	false	0.5
nachlassen	neg 1.0		off 0.5430362323073841 neg 0.449908808356748 __DUMMY__ 0.007054959335867873	false	0.5
alt	neg 1.0		off 0.5372424373190009 neg 0.4557853422335008 __DUMMY__ 0.006972220447498253	false	0.5
hundesohn	off 1.0	off 1.0	off 0.7650514339105926 neg 0.23171062344905713 __DUMMY__ 0.003237942640350297	false	1.0
als			off 0.5417724827199748 neg 0.45121263128174144 __DUMMY__ 0.007014885998283656	false	0.0
abschreckung	neg 1.0		off 0.5400071425218398 neg 0.45294203405400385 __DUMMY__ 0.007050823424156241	false	0.5
unqualifiziert	neg 1.0		off 0.5481542867550581 neg 0.44488629929304246 __DUMMY__ 0.006959413951899477	false	0.5
abgewichst	off 1.0		off 0.5448966250733182 neg 0.4480815551865656 __DUMMY__ 0.007021819740116241	false	1.0
schwer	neg 1.0		off 0.5431728209662933 neg 0.4498231774922758 __DUMMY__ 0.007004001541430914	false	0.5
bedeutungslosigkeit	neg 1.0		off 0.5406988676644936 neg 0.45225130475178954 __DUMMY__ 0.007049827583716904	false	0.5
kapitulation	neg 1.0		off 0.5409169503002088 neg 0.4520710683209454 __DUMMY__ 0.007011981378845726	false	0.5
unscharf	neg 1.0		off 0.5426027638683375 neg 0.4504731472782474 __DUMMY__ 0.006924088853415184	false	0.5
schwinden	neg 1.0		off 0.539392143731194 neg 0.45358052431016177 __DUMMY__ 0.007027331958644275	false	0.5
versklavung	neg 1.0	neg 1.0	neg 0.7080641158121405 off 0.2886241357488246 __DUMMY__ 0.003311748439034915	false	1.0
schlecht	neg 1.0		off 0.5499746537554712 neg 0.443069366506617 __DUMMY__ 0.006955979737911904	false	0.5
verhasst	neg 1.0		off 0.5452112305313964 neg 0.4478070163405901 __DUMMY__ 0.006981753128013504	false	0.5
beschweren	neg 1.0		off 0.5467174849818327 neg 0.4462840501752941 __DUMMY__ 0.00699846484287331	false	0.5
scheiden	neg 1.0		off 0.5433405688244586 neg 0.44967126492668974 __DUMMY__ 0.006988166248851624	false	0.5
frustriert	neg 1.0		off 0.543390188165295 neg 0.44958451849354875 __DUMMY__ 0.007025293341156186	false	0.5
schimmelig	neg 1.0		off 0.5399450064180608 neg 0.4530546426023834 __DUMMY__ 0.007000350979555817	false	0.5
fisch	neg 1.0		off 0.5357956367163806 neg 0.45719374153458575 __DUMMY__ 0.007010621749033612	false	0.5
schmuggel	neg 1.0		off 0.5410316292272997 neg 0.45187880364461286 __DUMMY__ 0.0070895671280873426	false	0.5
auffallen	neg 1.0		off 0.5460910930456994 neg 0.4469304328230804 __DUMMY__ 0.0069784741312202605	false	0.5
konkurrenz	neg 1.0		off 0.54110828999202 neg 0.45182433715689696 __DUMMY__ 0.007067372851083163	false	0.5
teufelskreis	neg 1.0	neg 1.0	neg 0.7097800302106912 off 0.2869016996809344 __DUMMY__ 0.0033182701083742734	false	1.0
aufschreien	neg 1.0		off 0.5458757719962459 neg 0.44716430075277797 __DUMMY__ 0.0069599272509761065	false	0.5
schuldner	neg 1.0		off 0.537917607274035 neg 0.4550736470182919 __DUMMY__ 0.007008745707673049	false	0.5
missgeburt	off 1.0	off 1.0	off 0.7658117595855015 neg 0.23091992882599197 __DUMMY__ 0.003268311588506494	false	1.0
arbeitslos	neg 1.0		off 0.5423525439729663 neg 0.4506123380912945 __DUMMY__ 0.0070351179357392365	false	0.5
befallen	neg 1.0		off 0.5407024262316987 neg 0.45232669185156293 __DUMMY__ 0.006970881916738193	false	0.5
miesepetrig	off 1.0	off 1.0	off 0.7604934094219086 neg 0.2362073044554145 __DUMMY__ 0.0032992861226770263	false	1.0
alarmieren	neg 1.0		off 0.548797601451753 neg 0.44424381017900255 __DUMMY__ 0.006958588369244458	false	0.5
ungeduscht	off 1.0		off 0.5472286356687841 neg 0.44583015037969104 __DUMMY__ 0.006941213951524837	false	1.0
knappheit	neg 1.0		off 0.5401456237972966 neg 0.4528636689205777 __DUMMY__ 0.006990707282125586	false	0.5
schlange	neg 1.0		off 0.5445562441141506 neg 0.4484416171687146 __DUMMY__ 0.007002138717134758	false	0.5
harsch	neg 1.0		off 0.5548629379295572 neg 0.43820768340827887 __DUMMY__ 0.006929378662163794	false	0.5
lang	neg 1.0		off 0.5458048650544804 neg 0.4471986302237646 __DUMMY__ 0.006996504721754829	false	0.5
ziellos	neg 1.0		off 0.5414383076035262 neg 0.45150374800416254 __DUMMY__ 0.007057944392311353	false	0.5
selbstverliebt	neg 1.0		off 0.558463525782967 neg 0.4347302873248084 __DUMMY__ 0.006806186892224697	false	0.5
beseitigen	neg 1.0		off 0.5463453511568961 neg 0.4466182185939737 __DUMMY__ 0.0070364302491303455	false	0.5
dumm	off 1.0		off 0.5540305488480235 neg 0.4391124886548563 __DUMMY__ 0.0068569624971201535	false	1.0
arbeitsloser	neg 1.0		off 0.5452751798240907 neg 0.4476476492735286 __DUMMY__ 0.00707717090238082	false	0.5
blitzen	neg 1.0		off 0.5478743155270845 neg 0.4451621651264742 __DUMMY__ 0.006963519346441303	false	0.5
hilflos	neg 1.0		off 0.5421493197010582 neg 0.4508213448435532 __DUMMY__ 0.007029335455388692	false	0.5
eklig	off 1.0		off 0.5529597804284353 neg 0.44021086358729916 __DUMMY__ 0.006829355984265473	false	1.0
begriff			off 0.5441407068014813 neg 0.4488466252936958 __DUMMY__ 0.007012667904822908	false	0.0
hungersnot	neg 1.0		off 0.5405772491280842 neg 0.452426718700333 __DUMMY__ 0.006996032171582591	false	0.5
ungesetzlich	neg 1.0		off 0.5451013869551604 neg 0.44793763767631595 __DUMMY__ 0.006960975368523689	false	0.5
verschwendung	neg 1.0		off 0.5404438417240408 neg 0.4525096986242138 __DUMMY__ 0.007046459651745301	false	0.5
schmerzvoll	neg 1.0		off 0.54454819544093 neg 0.44847704438466496 __DUMMY__ 0.006974760174405047	false	0.5
vorzeitig	neg 1.0		off 0.5506008692537381 neg 0.4424232441799679 __DUMMY__ 0.006975886566294029	false	0.5
unvollkommenheit	neg 1.0		off 0.5438459014634711 neg 0.44912450687304406 __DUMMY__ 0.007029591663484733	false	0.5
intervenieren	neg 1.0		off 0.5395283347487831 neg 0.4534558392992594 __DUMMY__ 0.007015825951957387	false	0.5
banause	off 1.0		off 0.5523132254604172 neg 0.4409035915689688 __DUMMY__ 0.006783182970613907	false	1.0
rebell	neg 1.0		off 0.5358320716661812 neg 0.45711336052854495 __DUMMY__ 0.007054567805273929	false	0.5
unlogisch	neg 1.0		off 0.5509004080626974 neg 0.4421909537413274 __DUMMY__ 0.0069086381959753565	false	0.5
leiden	neg 1.0		off 0.5422446625007137 neg 0.4506574358573124 __DUMMY__ 0.007097901641973829	false	0.5
abschaffung	neg 1.0		off 0.5439147305695258 neg 0.44911535401475833 __DUMMY__ 0.006969915415715776	false	0.5
sturz	neg 1.0		off 0.5497297289558513 neg 0.4432344853353739 __DUMMY__ 0.007035785708774709	false	0.5
verkleinerung	neg 1.0		off 0.544981301919393 neg 0.44810645031191837 __DUMMY__ 0.006912247768688569	false	0.5
schmarotzer	off 1.0		off 0.5425649032222838 neg 0.450417950522454 __DUMMY__ 0.007017146255262123	false	1.0
bestrafung	neg 1.0	neg 1.0	neg 0.7074887919721061 off 0.28917573276907854 __DUMMY__ 0.0033354752588154383	false	1.0
achtlos	neg 1.0		off 0.5431111429382837 neg 0.44986795377464484 __DUMMY__ 0.0070209032870714545	false	0.5
ungeheuer	neg 1.0		off 0.5426374901242726 neg 0.45039391049179117 __DUMMY__ 0.006968599383936256	false	0.5
