unsolidarisch	neg 1.0		__DUMMY__ 0.4605583160459021 off 0.2954322785936333 neg 0.24400940536046445	false	0.5
nachteilig	neg 1.0		__DUMMY__ 0.46652965624637677 off 0.2918930252460294 neg 0.24157731850759384	false	0.5
skeptisch	neg 1.0		__DUMMY__ 0.4660779836739152 off 0.2899915431053124 neg 0.2439304732207725	false	0.5
schrecklich	neg 1.0		__DUMMY__ 0.4566323002347786 off 0.30496175584394514 neg 0.23840594392127634	false	0.5
schlapp	neg 1.0	neg 1.0	neg 0.606877410730109 __DUMMY__ 0.2223846642010515 off 0.1707379250688395	false	1.0
abfall	neg 1.0		__DUMMY__ 0.46867608930608606 off 0.28679968877768874 neg 0.24452422191622514	false	0.5
widerspenstig	neg 1.0		__DUMMY__ 0.4617637745927688 off 0.293686424607075 neg 0.24454980080015634	false	0.5
abrupt	neg 1.0		__DUMMY__ 0.46474035353484805 off 0.2886557532741957 neg 0.24660389319095616	false	0.5
unwirksam	neg 1.0		__DUMMY__ 0.45805623986580934 off 0.2936944619380547 neg 0.2482492981961359	false	0.5
angreifen	neg 1.0		__DUMMY__ 0.4662174666913995 off 0.28922064252185375 neg 0.24456189078674684	false	0.5
inkonsistent	neg 1.0		__DUMMY__ 0.4596724664660452 off 0.29740057220024524 neg 0.24292696133370953	false	0.5
abrutschen	neg 1.0		__DUMMY__ 0.46815798431544564 off 0.28612231338477845 neg 0.24571970229977583	false	0.5
unsicher	neg 1.0		__DUMMY__ 0.463542558911487 off 0.29509588027493977 neg 0.2413615608135733	false	0.5
bauernkind	off 1.0	off 1.0	off 0.6435980917686239 __DUMMY__ 0.2184308827375696 neg 0.1379710254938065	false	1.0
angreifer	neg 1.0		__DUMMY__ 0.46323951196691365 off 0.3005151983179907 neg 0.23624528971509562	false	0.5
trennen	neg 1.0		__DUMMY__ 0.4669086849216483 off 0.2891334250642505 neg 0.24395789001410137	false	0.5
schmutz	neg 1.0		__DUMMY__ 0.46435112922240745 off 0.2998232737362869 neg 0.23582559704130573	false	0.5
inkonsistenz	neg 1.0		__DUMMY__ 0.4597642127578985 off 0.3006303948645921 neg 0.2396053923775093	false	0.5
erschreckend	neg 1.0		__DUMMY__ 0.4632423976809496 off 0.2941602785352965 neg 0.24259732378375404	false	0.5
ertrinken	neg 1.0		__DUMMY__ 0.46541790499130015 off 0.28817222045275215 neg 0.24640987455594768	false	0.5
pickelface	off 1.0		__DUMMY__ 0.4631674683048764 off 0.2960399556999843 neg 0.24079257599513923	false	1.0
seiner			__DUMMY__ 0.46661364679014167 off 0.2898926965815312 neg 0.24349365662832692	false	0.0
lauch	neg 1.0	neg 1.0	neg 0.6090544675101167 __DUMMY__ 0.22782953810676146 off 0.16311599438312177	false	1.0
unwichtig	neg 1.0		__DUMMY__ 0.45946795894641235 off 0.30040154021229953 neg 0.24013050084128812	false	0.5
steuerhinterziehung	neg 1.0		__DUMMY__ 0.46212509039174743 off 0.2938680785970665 neg 0.24400683101118617	false	0.5
schock	neg 1.0		__DUMMY__ 0.4637602137653921 off 0.29301246346968246 neg 0.2432273227649254	false	0.5
beule	neg 1.0		__DUMMY__ 0.45681900432531025 off 0.3024088571826314 neg 0.24077213849205825	false	0.5
vergelten	neg 1.0		__DUMMY__ 0.45739917371488437 off 0.30677072483215523 neg 0.23583010145296038	false	0.5
verdorbenheit	neg 1.0		__DUMMY__ 0.4624619487253853 off 0.29646928552935625 neg 0.24106876574525843	false	0.5
trauma	neg 1.0		__DUMMY__ 0.4613577374034618 off 0.29638141592073003 neg 0.24226084667580822	false	0.5
sinnlos	neg 1.0		__DUMMY__ 0.46154085797250094 off 0.2972002493598679 neg 0.24125889266763118	false	0.5
fettsack	off 1.0	off 1.0	off 0.6448840594105129 __DUMMY__ 0.21891066445941484 neg 0.13620527613007236	false	1.0
feige	off 1.0	off 1.0	off 0.6412141822090136 __DUMMY__ 0.22196232370708516 neg 0.1368234940839013	false	1.0
abdanken	neg 1.0		__DUMMY__ 0.46359962057170345 off 0.2949065372804419 neg 0.2414938421478546	false	0.5
wichtigtuer	off 1.0	off 1.0	off 0.6393966968419045 __DUMMY__ 0.22374204906741899 neg 0.13686125409067657	false	1.0
misslingen	neg 1.0		__DUMMY__ 0.4651867663570629 off 0.29821183286102787 neg 0.2366014007819093	false	0.5
untreu	off 1.0		__DUMMY__ 0.45804699670355536 off 0.3014187034212535 neg 0.24053429987519112	false	1.0
missmutig	neg 1.0		__DUMMY__ 0.4592107182225014 off 0.2984188994213736 neg 0.2423703823561248	false	0.5
hurenbock	off 1.0		__DUMMY__ 0.4598614922131897 off 0.2941988415556366 neg 0.24593966623117355	false	1.0
betrunken	neg 1.0		__DUMMY__ 0.45662621042487506 off 0.30339937381998533 neg 0.23997441575513956	false	0.5
korrupt	off 1.0		__DUMMY__ 0.4616917258936218 off 0.2930059118939197 neg 0.24530236221245844	false	1.0
unmut	neg 1.0		__DUMMY__ 0.4672200179301985 off 0.2880293593867259 neg 0.24475062268307557	false	0.5
hackfresse	off 1.0		__DUMMY__ 0.4530538861767555 off 0.3096921850834221 neg 0.23725392873982246	false	1.0
aufblasen	neg 1.0		__DUMMY__ 0.461707459038444 off 0.29487761153592024 neg 0.24341492942563575	false	0.5
gewaltsam	neg 1.0		__DUMMY__ 0.4645367267852534 off 0.2954427377849618 neg 0.24002053542978488	false	0.5
unbeliebtheit	neg 1.0		__DUMMY__ 0.45914623791681397 off 0.30217953101230793 neg 0.2386742310708781	false	0.5
sturheit	neg 1.0		__DUMMY__ 0.4645269170868208 off 0.29469288531759547 neg 0.24078019759558367	false	0.5
kuh	neg 1.0		__DUMMY__ 0.4554000445339055 off 0.2961146592609211 neg 0.2484852962051733	false	0.5
erschrecken	neg 1.0		__DUMMY__ 0.45997613307668495 off 0.2993220213787173 neg 0.24070184554459786	false	0.5
opfer	neg 1.0		__DUMMY__ 0.4665715648006569 off 0.29207630372703836 neg 0.24135213147230472	false	0.5
sinken	neg 1.0		__DUMMY__ 0.4653578877134844 off 0.2878683019249831 neg 0.24677381036153245	false	0.5
stinktier	neg 1.0		__DUMMY__ 0.4515909400846219 off 0.30594650018890474 neg 0.2424625597264732	false	0.5
tucke	off 1.0		__DUMMY__ 0.4491024607176212 off 0.3108539152677445 neg 0.24004362401463433	false	1.0
ein			__DUMMY__ 0.46082288282976896 off 0.29276086613478963 neg 0.24641625103544146	false	0.0
abstieg	neg 1.0		__DUMMY__ 0.4673655806455874 off 0.2942060429597619 neg 0.2384283763946507	false	0.5
missverstehen	neg 1.0		__DUMMY__ 0.4608273655815177 off 0.2981503395453018 neg 0.24102229487318047	false	0.5
ergebnislos	neg 1.0		__DUMMY__ 0.46730328877030763 off 0.29210769298465233 neg 0.24058901824504	false	0.5
unter			__DUMMY__ 0.47257249125159534 off 0.2828073655777562 neg 0.24462014317064842	false	0.0
manipulieren	neg 1.0		__DUMMY__ 0.46620870952040394 off 0.29056415552270587 neg 0.24322713495689008	false	0.5
unbewiesen	neg 1.0		__DUMMY__ 0.4613918103201729 off 0.29616430054716014 neg 0.24244388913266704	false	0.5
verschleppen	neg 1.0		__DUMMY__ 0.46406461485820216 off 0.29195534307967885 neg 0.24398004206211896	false	0.5
weib	off 1.0		__DUMMY__ 0.450983977228916 off 0.3118466120027263 neg 0.23716941076835768	false	1.0
opposition	neg 1.0		__DUMMY__ 0.46022438680139965 off 0.29622925431148334 neg 0.24354635888711687	false	0.5
verkehrswidrig	neg 1.0		__DUMMY__ 0.45883379144815145 off 0.30824175154003947 neg 0.23292445701180917	false	0.5
inkorrekt	neg 1.0		__DUMMY__ 0.45653191229230006 off 0.3047570617398329 neg 0.2387110259678671	false	0.5
vermeiden	neg 1.0		__DUMMY__ 0.46966542065615935 off 0.2862070229461305 neg 0.24412755639771008	false	0.5
abweichung	neg 1.0		__DUMMY__ 0.4649375064524523 off 0.292882642744087 neg 0.24217985080346063	false	0.5
alkoholisiert	neg 1.0		__DUMMY__ 0.46904412049634503 off 0.29100321043236616 neg 0.23995266907128876	false	0.5
scheiss	off 1.0	off 1.0	off 0.642033546742547 __DUMMY__ 0.22126438101592394 neg 0.1367020722415291	false	1.0
herausforderung	neg 1.0		__DUMMY__ 0.46461007598339477 off 0.2923225300037355 neg 0.24306739401286964	false	0.5
pervers	off 1.0		__DUMMY__ 0.4497768994606919 off 0.31451995974131003 neg 0.23570314079799806	false	1.0
wackelig	neg 1.0		__DUMMY__ 0.46464468983418694 off 0.29209297751089197 neg 0.24326233265492098	false	0.5
verwickeln	neg 1.0		__DUMMY__ 0.4610773409084351 off 0.29697883761597355 neg 0.2419438214755913	false	0.5
vorwand	neg 1.0		__DUMMY__ 0.46666169857840795 off 0.28890836014183513 neg 0.24442994127975695	false	0.5
muschi	off 1.0		__DUMMY__ 0.4645906023704675 off 0.2952222195763256 neg 0.240187178053207	false	1.0
entmutigung	neg 1.0		__DUMMY__ 0.45805870685827127 off 0.29644091061364114 neg 0.2455003825280876	false	0.5
unangemessen	neg 1.0		__DUMMY__ 0.4638968344300128 off 0.2939411166508743 neg 0.24216204891911294	false	0.5
unstetig	neg 1.0		__DUMMY__ 0.4606912072322273 off 0.2998726011511237 neg 0.2394361916166489	false	0.5
entmutigen	neg 1.0		__DUMMY__ 0.46172476013301256 off 0.29580902129368786 neg 0.24246621857329959	false	0.5
schwanz	neg 1.0		__DUMMY__ 0.4652495225808349 off 0.29263649046744833 neg 0.24211398695171676	false	0.5
verbot	neg 1.0		__DUMMY__ 0.4627665475821867 off 0.29304468472567163 neg 0.24418876769214165	false	0.5
leid	neg 1.0		__DUMMY__ 0.45525388711110726 off 0.3066591502747448 neg 0.23808696261414777	false	0.5
archaisch	neg 1.0		__DUMMY__ 0.46355396333701715 off 0.29338189906498635 neg 0.24306413759799653	false	0.5
gegen			__DUMMY__ 0.4681701204250916 off 0.28911186172971504 neg 0.2427180178451934	false	0.0
scheidung	neg 1.0		__DUMMY__ 0.45068387836009943 off 0.3195146328330143 neg 0.22980148880688647	false	0.5
einschlag	neg 1.0		__DUMMY__ 0.4592299048225622 off 0.3067050697011332 neg 0.23406502547630456	false	0.5
m			__DUMMY__ 0.464480546513849 off 0.2928080323447163 neg 0.24271142114143457	false	0.0
abgestanden	neg 1.0		__DUMMY__ 0.45736776722140937 off 0.2925663024572865 neg 0.25006593032130414	false	0.5
schmierig	off 1.0		__DUMMY__ 0.45458926000196703 off 0.3058191583111266 neg 0.23959158168690647	false	1.0
unpraktisch	neg 1.0		__DUMMY__ 0.4621609642589368 off 0.2966194901311427 neg 0.2412195456099205	false	0.5
wixxer	off 1.0		__DUMMY__ 0.44854318036483026 off 0.3144641133565944 neg 0.23699270627857535	false	1.0
bezeichnet			__DUMMY__ 0.46329034823761267 off 0.29571999032280794 neg 0.24098966143957937	false	0.0
jammerlappen	off 1.0		__DUMMY__ 0.45900354306575797 off 0.30052086486619517 neg 0.24047559206804686	false	1.0
farce	neg 1.0		__DUMMY__ 0.4614059031634783 off 0.29466527686824967 neg 0.24392881996827204	false	0.5
zwecklos	neg 1.0		__DUMMY__ 0.46379949736262444 off 0.29251994249143526 neg 0.24368056014594022	false	0.5
turbulent	neg 1.0		__DUMMY__ 0.4569503133615808 off 0.30264984982934584 neg 0.24039983680907334	false	0.5
invasion	neg 1.0		__DUMMY__ 0.4608406563660785 off 0.29789609538192574 neg 0.2412632482519959	false	0.5
schuld	neg 1.0		__DUMMY__ 0.4619784995051771 off 0.29641877973459485 neg 0.24160272076022807	false	0.5
risiko	neg 1.0		__DUMMY__ 0.45962645842655164 off 0.2966207123085476 neg 0.2437528292649007	false	0.5
finster	neg 1.0		__DUMMY__ 0.4605193479067934 off 0.2934067468123422 neg 0.2460739052808645	false	0.5
geisteskrank	off 1.0		__DUMMY__ 0.4573780620755588 off 0.30339414141678483 neg 0.23922779650765638	false	1.0
zusammenbrechen	neg 1.0		__DUMMY__ 0.46335133774779824 off 0.2924971689282107 neg 0.24415149332399105	false	0.5
ausbeute	neg 1.0		__DUMMY__ 0.4650152285859032 off 0.29439896171106517 neg 0.2405858097030316	false	0.5
hinterhalt	neg 1.0		__DUMMY__ 0.46404322994857417 off 0.2937126834954827 neg 0.24224408655594315	false	0.5
kritik	neg 1.0		__DUMMY__ 0.461599885086126 off 0.2943809818074697 neg 0.24401913310640425	false	0.5
einschrumpfen	neg 1.0		__DUMMY__ 0.45792730966656464 off 0.30043436484871594 neg 0.2416383254847195	false	0.5
riskant	neg 1.0		__DUMMY__ 0.46553994630726514 off 0.2900471199195174 neg 0.24441293377321752	false	0.5
frustrieren	neg 1.0		__DUMMY__ 0.4645683388319943 off 0.2908432769581802 neg 0.24458838420982554	false	0.5
groll	neg 1.0		__DUMMY__ 0.46474395978444266 off 0.2932748416157912 neg 0.2419811985997662	false	0.5
gibt			__DUMMY__ 0.4645000165410159 off 0.29245339787142205 neg 0.24304658558756198	false	0.0
qualvoll	neg 1.0		__DUMMY__ 0.4606509947238338 off 0.2969549397543303 neg 0.2423940655218359	false	0.5
wackeln	neg 1.0		__DUMMY__ 0.46240073177629093 off 0.2944096754682699 neg 0.2431895927554392	false	0.5
klagen	neg 1.0		__DUMMY__ 0.4659541755753749 off 0.28890988845882803 neg 0.24513593596579702	false	0.5
bankrott	neg 1.0		__DUMMY__ 0.4604908913628824 off 0.30046139777693415 neg 0.23904771086018342	false	0.5
trauern	neg 1.0		__DUMMY__ 0.4684257483028094 off 0.2915147831331065 neg 0.240059468564084	false	0.5
ablehnung	neg 1.0		__DUMMY__ 0.46215039648549083 off 0.2937563516839035 neg 0.2440932518306057	false	0.5
stur	neg 1.0		__DUMMY__ 0.4611268549561845 off 0.29598383367479025 neg 0.24288931136902536	false	0.5
aufruhr	neg 1.0		__DUMMY__ 0.46198601724797655 off 0.294926383522183 neg 0.24308759922984044	false	0.5
melancholie	neg 1.0		__DUMMY__ 0.4633523587019267 off 0.2884435963201708 neg 0.24820404497790247	false	0.5
ist			__DUMMY__ 0.46152864815208317 off 0.2968244553775024 neg 0.24164689647041443	false	0.0
torheit	neg 1.0		__DUMMY__ 0.4619943722650698 off 0.296611174878587 neg 0.24139445285634326	false	0.5
dreckskind	off 1.0		__DUMMY__ 0.45222429173052303 off 0.3110030489651984 neg 0.23677265930427846	false	1.0
umtauschen	neg 1.0		__DUMMY__ 0.4626632105358521 off 0.2940037685180842 neg 0.2433330209460638	false	0.5
zum			__DUMMY__ 0.4720587668217607 off 0.2873978181348693 neg 0.24054341504337	false	0.0
zersetzen	neg 1.0		__DUMMY__ 0.46464692153465253 off 0.28944151803407814 neg 0.2459115604312694	false	0.5
zur			__DUMMY__ 0.4699160990554077 off 0.286560457027267 neg 0.24352344391732536	false	0.0
frust	neg 1.0		__DUMMY__ 0.4635860003920484 off 0.29225818398724424 neg 0.24415581562070743	false	0.5
unerbittlichkeit	neg 1.0		__DUMMY__ 0.4662361030006564 off 0.29137481360903883 neg 0.2423890833903048	false	0.5
zwei			__DUMMY__ 0.4695592825746418 off 0.28557353328986995 neg 0.24486718413548825	false	0.0
unkorrekt	neg 1.0		__DUMMY__ 0.45707362495497306 off 0.30331297841197513 neg 0.23961339663305187	false	0.5
hexe	off 1.0		__DUMMY__ 0.4565120061767858 off 0.29889520451253937 neg 0.24459278931067482	false	1.0
lasch	neg 1.0		__DUMMY__ 0.45947064853984143 off 0.2995316224225378 neg 0.24099772903762073	false	0.5
rivale	neg 1.0		__DUMMY__ 0.4572335646935273 off 0.30533071967660075 neg 0.23743571562987198	false	0.5
mutlos	off 1.0	off 1.0	off 0.6359425660031376 __DUMMY__ 0.22573735523721294 neg 0.1383200787596494	false	1.0
wirr	off 1.0		__DUMMY__ 0.45509942618012067 off 0.30509055443425537 neg 0.23981001938562393	false	1.0
jahr			__DUMMY__ 0.46943892204158877 off 0.2915896252187655 neg 0.23897145273964568	false	0.0
wird			__DUMMY__ 0.4650871523586496 off 0.29195718704823215 neg 0.24295566059311824	false	0.0
strafbar	neg 1.0		__DUMMY__ 0.465765466779699 off 0.29098382323248484 neg 0.24325070998781614	false	0.5
erosion	neg 1.0		__DUMMY__ 0.4630986745253793 off 0.2955015533024889 neg 0.2413997721721319	false	0.5
eingehen	neg 1.0		__DUMMY__ 0.46447417670791485 off 0.2905520300393758 neg 0.24497379325270927	false	0.5
faul	off 1.0		__DUMMY__ 0.4597164251624975 off 0.2996918869223291 neg 0.2405916879151735	false	1.0
provisorium	neg 1.0		__DUMMY__ 0.47288397773426805 off 0.283046615311167 neg 0.24406940695456497	false	0.5
schmerzen	neg 1.0		__DUMMY__ 0.46175499242198664 off 0.2927053891693352 neg 0.2455396184086781	false	0.5
schrumpfen	neg 1.0		__DUMMY__ 0.4667435513684819 off 0.2851643018822644 neg 0.24809214674925384	false	0.5
geistlos	off 1.0		__DUMMY__ 0.459613520354339 off 0.2980365188552754 neg 0.24234996079038568	false	1.0
fehlkauf	neg 1.0		__DUMMY__ 0.460510639511194 off 0.2978290675360208 neg 0.24166029295278518	false	0.5
frustrierend	neg 1.0		__DUMMY__ 0.4597227310186616 off 0.29905893646858983 neg 0.24121833251274838	false	0.5
unzufrieden	neg 1.0		__DUMMY__ 0.4642795714228543 off 0.29245248921192585 neg 0.24326793936521984	false	0.5
verzweifeln	neg 1.0		__DUMMY__ 0.4635299856934543 off 0.29386484692719184 neg 0.24260516737935375	false	0.5
verzweifelt	neg 1.0		__DUMMY__ 0.4611488873823793 off 0.2960570122163708 neg 0.24279410040124993	false	0.5
misstrauensantrag	neg 1.0		__DUMMY__ 0.46051243120637747 off 0.29697336460279716 neg 0.2425142041908254	false	0.5
abfallen	neg 1.0		__DUMMY__ 0.46171132852062186 off 0.2946329224775283 neg 0.24365574900184983	false	0.5
fucker	off 1.0		__DUMMY__ 0.4574068904042204 off 0.30450816895034233 neg 0.2380849406454373	false	1.0
ungezogen	neg 1.0		__DUMMY__ 0.4517529547713901 off 0.3122105672037291 neg 0.23603647802488076	false	0.5
irrsinnig	neg 1.0	neg 1.0	neg 0.6078163871828445 __DUMMY__ 0.2241125896733681 off 0.16807102314378744	false	1.0
unfassbar	neg 1.0		__DUMMY__ 0.45892676953736844 off 0.3017824223068508 neg 0.23929080815578083	false	0.5
hart	neg 1.0		__DUMMY__ 0.456371158589739 off 0.30117011742613414 neg 0.24245872398412682	false	0.5
widerlich	off 1.0		__DUMMY__ 0.4580835171958532 off 0.30224921892534773 neg 0.23966726387879905	false	1.0
fatal	neg 1.0	neg 1.0	neg 0.609064955724286 __DUMMY__ 0.22227314422342995 off 0.16866190005228412	false	1.0
bruch	neg 1.0		__DUMMY__ 0.4671701064919699 off 0.28748567916629836 neg 0.24534421434173184	false	0.5
aushungern	neg 1.0		__DUMMY__ 0.4625516300427231 off 0.29321709509096633 neg 0.2442312748663106	false	0.5
anspannung	neg 1.0		__DUMMY__ 0.4704777326929922 off 0.28624309241268175 neg 0.24327917489432588	false	0.5
von			__DUMMY__ 0.4666794014411093 off 0.2891805124521212 neg 0.24414008610676968	false	0.0
kraftlos	neg 1.0		__DUMMY__ 0.4641347443403989 off 0.2916276341062738 neg 0.2442376215533274	false	0.5
vom			__DUMMY__ 0.47357172139546544 off 0.28397635107154884 neg 0.2424519275329856	false	0.0
grenzdebil	off 1.0		__DUMMY__ 0.45762545832852886 off 0.3016390205691829 neg 0.24073552110228832	false	1.0
vor			__DUMMY__ 0.46741919804789733 off 0.28797147081838204 neg 0.24460933113372058	false	0.0
unterwerfen	neg 1.0		__DUMMY__ 0.4657757042187902 off 0.29188458676182205 neg 0.24233970901938773	false	0.5
versenkung	neg 1.0		__DUMMY__ 0.46625440832819176 off 0.2912788680193728 neg 0.24246672365243535	false	0.5
entziehen	neg 1.0		__DUMMY__ 0.4668422687966136 off 0.28886975327764935 neg 0.24428797792573703	false	0.5
finanzkrise	neg 1.0		__DUMMY__ 0.45778263193557406 off 0.2923250907825128 neg 0.24989227728191324	false	0.5
schimpfend	neg 1.0		__DUMMY__ 0.46324626933677915 off 0.29629424593121456 neg 0.24045948473200637	false	0.5
profan	neg 1.0		__DUMMY__ 0.46033113806432574 off 0.29725162604560046 neg 0.24241723589007383	false	0.5
korruption	neg 1.0		__DUMMY__ 0.46213786324926087 off 0.29219774065327314 neg 0.24566439609746596	false	0.5
â			__DUMMY__ 0.4646520215661147 off 0.2920501809806977 neg 0.24329779745318764	false	0.0
schmutzig	neg 1.0		__DUMMY__ 0.4574247960070541 off 0.3017024488700246 neg 0.24087275512292128	false	0.5
sexy	neg 1.0		__DUMMY__ 0.4607244115890762 off 0.299602797565061 neg 0.23967279084586296	false	0.5
abraten	neg 1.0		__DUMMY__ 0.4618079194367872 off 0.29729403235934904 neg 0.24089804820386368	false	0.5
schwarz	neg 1.0		__DUMMY__ 0.4615492858578635 off 0.29775353421313194 neg 0.2406971799290045	false	0.5
fotze	off 1.0	off 1.0	off 0.6366817847355682 __DUMMY__ 0.22602889073763316 neg 0.13728932452679862	false	1.0
verwirren	neg 1.0		__DUMMY__ 0.4607497825751963 off 0.2978197945337745 neg 0.24143042289102903	false	0.5
zahnlos	off 1.0		__DUMMY__ 0.46364113042239 off 0.2935004011341342 neg 0.2428584684434758	false	1.0
verheeren	neg 1.0		__DUMMY__ 0.4511556507092324 off 0.31368670936277804 neg 0.23515763992798958	false	0.5
hippie	neg 1.0		__DUMMY__ 0.4604822446387846 off 0.2990347526673934 neg 0.24048300269382208	false	0.5
rammen	neg 1.0		__DUMMY__ 0.4630831361253201 off 0.29607683337067786 neg 0.24084003050400207	false	0.5
unlauter	neg 1.0		__DUMMY__ 0.46035642180609915 off 0.29702563147365924 neg 0.24261794672024162	false	0.5
unheilvoll	neg 1.0		__DUMMY__ 0.4611114578572812 off 0.2959359364569307 neg 0.242952605685788	false	0.5
niedrig	neg 1.0		__DUMMY__ 0.46291790029790747 off 0.29094597359129915 neg 0.24613612611079344	false	0.5
explosion	neg 1.0		__DUMMY__ 0.4609122757009158 off 0.29910457005263524 neg 0.23998315424644903	false	0.5
weichei	off 1.0	off 1.0	off 0.644292099099267 __DUMMY__ 0.21900018503210109 neg 0.13670771586863198	false	1.0
minusmensch	off 1.0		__DUMMY__ 0.4511679048019198 off 0.3135078537240182 neg 0.23532424147406195	false	1.0
farblos	neg 1.0		__DUMMY__ 0.4619277716895531 off 0.29639196367712417 neg 0.2416802646333228	false	0.5
unwissend	neg 1.0	neg 1.0	neg 0.6070781104814716 __DUMMY__ 0.22241750853119308 off 0.17050438098733528	false	1.0
traurig	neg 1.0		__DUMMY__ 0.4570767126459073 off 0.3046032045463836 neg 0.238320082807709	false	0.5
senkung	neg 1.0		__DUMMY__ 0.4569521905692663 off 0.29658370714695065 neg 0.24646410228378307	false	0.5
ungleich	neg 1.0	neg 1.0	neg 0.6087509649865395 __DUMMY__ 0.2257843696938157 off 0.16546466531964493	false	1.0
heikel	neg 1.0		__DUMMY__ 0.4655798114986939 off 0.2903117814717977 neg 0.2441084070295084	false	0.5
drosselung	neg 1.0		__DUMMY__ 0.4555736353478461 off 0.30102442865827 neg 0.24340193599388388	false	0.5
falsch	neg 1.0		__DUMMY__ 0.46049771980543874 off 0.2997907278302574 neg 0.23971155236430386	false	0.5
unzufriedenheit	neg 1.0		__DUMMY__ 0.46465193055741033 off 0.2895450318166845 neg 0.24580303762590522	false	0.5
kurz	neg 1.0		__DUMMY__ 0.46512705282021866 off 0.2930311296489698 neg 0.24184181753081152	false	0.5
unsinnig	neg 1.0		__DUMMY__ 0.4621267433672727 off 0.2935312704204658 neg 0.24434198621226144	false	0.5
penner	off 1.0	off 1.0	off 0.6456671351700314 __DUMMY__ 0.21880891493730742 neg 0.1355239498926613	false	1.0
seicht	neg 1.0		__DUMMY__ 0.45006437616703787 off 0.310282399890089 neg 0.2396532239428731	false	0.5
dummheit	off 1.0	off 1.0	off 0.6392090066758616 __DUMMY__ 0.22294472770698218 neg 0.1378462656171563	false	1.0
unerfreulich	neg 1.0		__DUMMY__ 0.4659582164371411 off 0.2900418373553219 neg 0.24399994620753715	false	0.5
motherfucker	off 1.0	off 1.0	off 0.6425468784461521 __DUMMY__ 0.2216137564060725 neg 0.13583936514777534	false	1.0
pikiert	neg 1.0		__DUMMY__ 0.4579597587102641 off 0.3006238539241723 neg 0.24141638736556353	false	0.5
wrack	neg 1.0		__DUMMY__ 0.4682211894457658 off 0.29478461371229137 neg 0.23699419684194284	false	0.5
gangster	neg 1.0		__DUMMY__ 0.460238867927841 off 0.29921672933033944 neg 0.24054440274181954	false	0.5
krank	neg 1.0		__DUMMY__ 0.4584971316369534 off 0.30209440899107853 neg 0.2394084593719682	false	0.5
reich	neg 1.0		__DUMMY__ 0.45641122997967776 off 0.2982121588211596 neg 0.24537661119916282	false	0.5
gnadenlos	neg 1.0		__DUMMY__ 0.46262008545415667 off 0.29634670882936937 neg 0.24103320571647394	false	0.5
niedergeschlagen	neg 1.0		__DUMMY__ 0.46511293068200854 off 0.2925136398696322 neg 0.2423734294483592	false	0.5
terrorisieren	off 1.0	off 1.0	off 0.6352296756279703 __DUMMY__ 0.2262750050364901 neg 0.13849531933553963	false	1.0
sinnlosigkeit	neg 1.0		__DUMMY__ 0.4640159957637286 off 0.2930257493809107 neg 0.24295825485536082	false	0.5
behindern	neg 1.0		__DUMMY__ 0.4624368866745402 off 0.2946166740422957 neg 0.2429464392831641	false	0.5
undemokratisch	neg 1.0		__DUMMY__ 0.4602996296699301 off 0.2973574285063721 neg 0.24234294182369784	false	0.5
wirtschaftskrise	neg 1.0		__DUMMY__ 0.4614928555606661 off 0.29142825879849055 neg 0.24707888564084324	false	0.5
neid	neg 1.0		__DUMMY__ 0.45978730515070854 off 0.29841001396446726 neg 0.24180268088482418	false	0.5
rutschen	neg 1.0		__DUMMY__ 0.46931906417897273 off 0.2850966279174133 neg 0.24558430790361402	false	0.5
rezession	neg 1.0		__DUMMY__ 0.45207738425628785 off 0.3027216080403638 neg 0.24520100770334832	false	0.5
fehlgeburt	neg 1.0		__DUMMY__ 0.46331349336173505 off 0.2957682775971518 neg 0.2409182290411133	false	0.5
charakterschwach	off 1.0		__DUMMY__ 0.4579634959394802 off 0.30151953466114023 neg 0.24051696939937942	false	1.0
isolation	neg 1.0		__DUMMY__ 0.4609377717252521 off 0.29989046293490396 neg 0.23917176533984402	false	0.5
ablenkung	neg 1.0		__DUMMY__ 0.46357219527486143 off 0.29491183752912753 neg 0.24151596719601104	false	0.5
pech	neg 1.0		__DUMMY__ 0.4590132920198176 off 0.2993387150461736 neg 0.24164799293400868	false	0.5
vermeidung	neg 1.0		__DUMMY__ 0.4571739406051046 off 0.3014740913214982 neg 0.24135196807339718	false	0.5
dominieren	neg 1.0		__DUMMY__ 0.4640602307412215 off 0.29353876060111556 neg 0.24240100865766284	false	0.5
schwindlig	neg 1.0		__DUMMY__ 0.46050983033609943 off 0.2967455203776232 neg 0.24274464928627737	false	0.5
lutscher	neg 1.0		__DUMMY__ 0.44907051045449026 off 0.31230908056798323 neg 0.2386204089775264	false	0.5
pflicht	neg 1.0		__DUMMY__ 0.4673252813960142 off 0.28926330301919345 neg 0.24341141558479248	false	0.5
faschist	off 1.0		__DUMMY__ 0.46030476393681674 off 0.2994880321857074 neg 0.24020720387747574	false	1.0
verschleudern	neg 1.0		__DUMMY__ 0.4618060356342969 off 0.2896926382384789 neg 0.2485013261272242	false	0.5
wenn			__DUMMY__ 0.4588999853433637 off 0.30002264084123187 neg 0.2410773738154045	false	0.0
ehebruch	neg 1.0		__DUMMY__ 0.46421222136571405 off 0.29185030930610095 neg 0.24393746932818489	false	0.5
spott	off 1.0		__DUMMY__ 0.4656000867824435 off 0.2923317179157343 neg 0.24206819530182225	false	1.0
trostlosigkeit	neg 1.0		__DUMMY__ 0.4653479743989831 off 0.28826696762539994 neg 0.2463850579756171	false	0.5
lutschen	neg 1.0		__DUMMY__ 0.46054582879593475 off 0.3002552081877781 neg 0.23919896301628707	false	0.5
undiszipliniert	neg 1.0		__DUMMY__ 0.45702766670490325 off 0.3035772999451081 neg 0.23939503334998855	false	0.5
kopfschmerz	neg 1.0		__DUMMY__ 0.4618020239593353 off 0.28993434174867316 neg 0.24826363429199155	false	0.5
unvorhergesehen	neg 1.0		__DUMMY__ 0.4671045224784405 off 0.2893267507731422 neg 0.24356872674841734	false	0.5
desinteressiert	neg 1.0		__DUMMY__ 0.4572839864817303 off 0.30284270515574024 neg 0.23987330836252957	false	0.5
armselig	off 1.0		__DUMMY__ 0.4562949247727307 off 0.3055261750767856 neg 0.23817890015048365	false	1.0
desaster	neg 1.0		__DUMMY__ 0.4659535835756263 off 0.2877895352908419 neg 0.24625688113353186	false	0.5
tod	neg 1.0		__DUMMY__ 0.46558336474794393 off 0.2912441837635579 neg 0.24317245148849823	false	0.5
herzlos	neg 1.0		__DUMMY__ 0.4562220857541435 off 0.30470681805773375 neg 0.2390710961881228	false	0.5
unwissenheit	neg 1.0		__DUMMY__ 0.464057255118355 off 0.2926105411779826 neg 0.24333220370366246	false	0.5
widersinnig	neg 1.0		__DUMMY__ 0.46109372432635887 off 0.29319918990072474 neg 0.24570708577291633	false	0.5
bedenklich	neg 1.0		__DUMMY__ 0.4640544998451899 off 0.29139172749131326 neg 0.24455377266349673	false	0.5
beanstanden	neg 1.0		__DUMMY__ 0.4674860428112028 off 0.29024924183401896 neg 0.24226471535477814	false	0.5
panisch	neg 1.0		__DUMMY__ 0.46185688607960185 off 0.2971593083848747 neg 0.2409838055355236	false	0.5
debil	off 1.0		__DUMMY__ 0.47126101974245277 off 0.2833447883021678 neg 0.24539419195537945	false	1.0
abstrich	neg 1.0		__DUMMY__ 0.4638830140645492 off 0.29357828385489376 neg 0.2425387020805571	false	0.5
primitiv	neg 1.0		__DUMMY__ 0.4576045643757843 off 0.30320723112800896 neg 0.23918820449620687	false	0.5
abschaum	off 1.0	off 1.0	off 0.6414865016543918 __DUMMY__ 0.22309375998515332 neg 0.13541973836045493	false	1.0
provozieren	neg 1.0		__DUMMY__ 0.46163446427352256 off 0.2959147295712764 neg 0.24245080615520118	false	0.5
tot	neg 1.0		__DUMMY__ 0.4643849941243507 off 0.29298503258342184 neg 0.24262997329222746	false	0.5
instabil	neg 1.0		__DUMMY__ 0.4543936800680769 off 0.3050034614676554 neg 0.24060285846426774	false	0.5
schwuchtel	off 1.0	off 1.0	off 0.6503655589304017 __DUMMY__ 0.21611486091221271 neg 0.13351958015738546	false	1.0
zerren	neg 1.0		__DUMMY__ 0.4649713981138434 off 0.2923841454505897 neg 0.24264445643556692	false	0.5
kinderficker	off 1.0		__DUMMY__ 0.4545050818870604 off 0.30801449481686904 neg 0.2374804232960704	false	1.0
gefahr	neg 1.0		__DUMMY__ 0.46695913050965304 off 0.2897481646603737 neg 0.24329270482997323	false	0.5
rabiat	neg 1.0		__DUMMY__ 0.4622729653142993 off 0.29366759603476844 neg 0.24405943865093233	false	0.5
verlangsamung	neg 1.0		__DUMMY__ 0.45210426615309873 off 0.3092932785543578 neg 0.2386024552925434	false	0.5
ausgestorben	neg 1.0		__DUMMY__ 0.46401747197431653 off 0.29394861997521393 neg 0.2420339080504695	false	0.5
anklagen	neg 1.0		__DUMMY__ 0.4638398826450959 off 0.2935264790851216 neg 0.24263363826978232	false	0.5
trott	neg 1.0		__DUMMY__ 0.4628973557164183 off 0.2951109760073865 neg 0.2419916682761951	false	0.5
verminderung	neg 1.0		__DUMMY__ 0.457133873079696 off 0.3015284331399698 neg 0.24133769378033418	false	0.5
nach			__DUMMY__ 0.4714281909520906 off 0.2844247181586824 neg 0.244147090889227	false	0.0
rost	neg 1.0		__DUMMY__ 0.45461967800416087 off 0.3123055127533627 neg 0.23307480924247637	false	0.5
destruktiv	neg 1.0		__DUMMY__ 0.46212393213231867 off 0.2946448559147556 neg 0.24323121195292557	false	0.5
unzumutbarkeit	neg 1.0		__DUMMY__ 0.4591288143369633 off 0.30247506669779495 neg 0.2383961189652416	false	0.5
labil	off 1.0	off 1.0	off 0.6407104738132828 __DUMMY__ 0.22267360155136093 neg 0.13661592463535627	false	1.0
ziemlich	neg 1.0		__DUMMY__ 0.45946264471521103 off 0.30162156237164994 neg 0.23891579291313914	false	0.5
lachnummer	off 1.0		__DUMMY__ 0.46287224612392214 off 0.29583730091794497 neg 0.24129045295813273	false	1.0
oder			__DUMMY__ 0.46301897077189413 off 0.29574964706846324 neg 0.24123138215964265	false	0.0
verfall	neg 1.0		__DUMMY__ 0.4670633689045424 off 0.28552962761592626 neg 0.24740700347953137	false	0.5
ausgrenzung	neg 1.0		__DUMMY__ 0.46026439950408415 off 0.2972403102669481 neg 0.24249529022896765	false	0.5
unordnung	neg 1.0		__DUMMY__ 0.4563515379649603 off 0.30670276684468284 neg 0.23694569519035674	false	0.5
fehlverhalten	neg 1.0		__DUMMY__ 0.4655376062965241 off 0.2908650424600825 neg 0.2435973512433935	false	0.5
eine			__DUMMY__ 0.4662582630390942 off 0.2881837728983697 neg 0.24555796406253616	false	0.0
nille	neg 1.0		__DUMMY__ 0.46341911409394054 off 0.29591341997775855 neg 0.24066746592830088	false	0.5
qual	neg 1.0		__DUMMY__ 0.46290657588832973 off 0.2946591868804792 neg 0.24243423723119112	false	0.5
verschwenden	neg 1.0		__DUMMY__ 0.4641213920162075 off 0.28976232061291923 neg 0.2461162873708732	false	0.5
riesig	neg 1.0		__DUMMY__ 0.4661924458313658 off 0.29148144763177347 neg 0.24232610653686087	false	0.5
verurteilen	neg 1.0		__DUMMY__ 0.4638704237826385 off 0.2931568053218966 neg 0.2429727708954648	false	0.5
klischee	neg 1.0	neg 1.0	neg 0.6077872664845091 __DUMMY__ 0.22246430008630838 off 0.16974843342918258	false	1.0
diktatorisch	neg 1.0		__DUMMY__ 0.4603791320494485 off 0.29758486216313035 neg 0.2420360057874213	false	0.5
vorhersehbar	neg 1.0		__DUMMY__ 0.459640828752213 off 0.2980999620462519 neg 0.24225920920153518	false	0.5
sowie			__DUMMY__ 0.4534973097738742 off 0.306623982377106 neg 0.23987870784901985	false	0.0
stornieren	neg 1.0		__DUMMY__ 0.4642947665593879 off 0.2998028920443717 neg 0.23590234139624053	false	0.5
besteuerung	neg 1.0	neg 1.0	neg 0.6104286939931463 __DUMMY__ 0.22227741639900386 off 0.16729388960784994	false	1.0
ungeschminkt	neg 1.0		__DUMMY__ 0.45764941172699486 off 0.30332940655711343 neg 0.23902118171589176	false	0.5
kritisch	neg 1.0		__DUMMY__ 0.4642614221254373 off 0.2926533937748617 neg 0.243085184099701	false	0.5
schlamperei	off 1.0		__DUMMY__ 0.4651562926212004 off 0.2913184686289396 neg 0.24352523874986007	false	1.0
sucht	neg 1.0	neg 1.0	neg 0.6058556618105743 __DUMMY__ 0.22523440795371114 off 0.16890993023571457	false	1.0
egoistisch	off 1.0	off 1.0	off 0.6448537661301383 __DUMMY__ 0.220546697132133 neg 0.1345995367377287	false	1.0
ausbeuter	off 1.0		__DUMMY__ 0.4637380258834154 off 0.2896911829664631 neg 0.24657079115012145	false	1.0
arschgeburt	off 1.0		__DUMMY__ 0.44725025774614324 off 0.3172453751842886 neg 0.23550436706956823	false	1.0
schubs	neg 1.0		__DUMMY__ 0.4629059829897668 off 0.2908839094944461 neg 0.24621010751578706	false	0.5
unsolide	neg 1.0		__DUMMY__ 0.4603630881487866 off 0.2981669224901157 neg 0.24146998936109773	false	0.5
beschwerde	neg 1.0		__DUMMY__ 0.4644527794814841 off 0.2932166300551881 neg 0.2423305904633277	false	0.5
stocken	neg 1.0		__DUMMY__ 0.46463688028544614 off 0.2917749404778915 neg 0.24358817923666254	false	0.5
isolieren	neg 1.0		__DUMMY__ 0.46281016220894966 off 0.2923618873818203 neg 0.24482795040923006	false	0.5
unheilbar	neg 1.0		__DUMMY__ 0.4622553774698713 off 0.2949981952082271 neg 0.2427464273219017	false	0.5
pisser	off 1.0	off 1.0	off 0.6435002630516585 __DUMMY__ 0.221952480941325 neg 0.13454725600701656	false	1.0
löschen	neg 1.0		__DUMMY__ 0.46246798548795953 off 0.29584272072140194 neg 0.24168929379063858	false	0.5
durchfallen	neg 1.0		__DUMMY__ 0.46453814571692986 off 0.292483139132456 neg 0.2429787151506142	false	0.5
wichser	off 1.0	off 1.0	off 0.6476783267169904 __DUMMY__ 0.21763302935994505 neg 0.13468864392306457	false	1.0
terror	neg 1.0		__DUMMY__ 0.4607105140568228 off 0.298837880061413 neg 0.24045160588176423	false	0.5
krass	neg 1.0		__DUMMY__ 0.4552134782896678 off 0.30667454017056894 neg 0.23811198153976337	false	0.5
revolte	neg 1.0		__DUMMY__ 0.4575957388790392 off 0.29821068456794925 neg 0.24419357655301155	false	0.5
besorgt	neg 1.0		__DUMMY__ 0.4653590885259462 off 0.29333830131555855 neg 0.24130261015849527	false	0.5
nachlassen	neg 1.0		__DUMMY__ 0.46576255322831717 off 0.2921876922794191 neg 0.2420497544922637	false	0.5
alt	neg 1.0		__DUMMY__ 0.460765252813739 off 0.2893870261062094 neg 0.2498477210800516	false	0.5
hundesohn	off 1.0	off 1.0	off 0.6473020406406819 __DUMMY__ 0.21842267983659008 neg 0.134275279522728	false	1.0
als			__DUMMY__ 0.4632204707107565 off 0.29239391086623157 neg 0.2443856184230119	false	0.0
abschreckung	neg 1.0		__DUMMY__ 0.4654007043763234 off 0.28965071797880476 neg 0.24494857764487188	false	0.5
unqualifiziert	neg 1.0		__DUMMY__ 0.45983344874714654 off 0.30013318204630296 neg 0.24003336920655033	false	0.5
abgewichst	off 1.0		__DUMMY__ 0.4636548484205082 off 0.2950336497179688 neg 0.24131150186152295	false	1.0
schwer	neg 1.0		__DUMMY__ 0.46253053814082057 off 0.29405609022782453 neg 0.2434133716313551	false	0.5
bedeutungslosigkeit	neg 1.0		__DUMMY__ 0.4653224905420019 off 0.29032567795733966 neg 0.2443518315006585	false	0.5
kapitulation	neg 1.0		__DUMMY__ 0.4630421942896545 off 0.291748318876957 neg 0.24520948683338853	false	0.5
unscharf	neg 1.0		__DUMMY__ 0.45781881312967104 off 0.2959057542437072 neg 0.24627543262662172	false	0.5
schwinden	neg 1.0		__DUMMY__ 0.46401320732232904 off 0.28981627655699604 neg 0.24617051612067478	false	0.5
versklavung	neg 1.0	neg 1.0	neg 0.6083885000231165 __DUMMY__ 0.223237361420006 off 0.16837413855687747	false	1.0
schlecht	neg 1.0		__DUMMY__ 0.4596458717595863 off 0.30188733134239126 neg 0.23846679689802253	false	0.5
verhasst	neg 1.0		__DUMMY__ 0.46117355269737237 off 0.296686506018443 neg 0.2421399412841847	false	0.5
beschweren	neg 1.0		__DUMMY__ 0.4622100510184781 off 0.29751359965531055 neg 0.2402763493262112	false	0.5
scheiden	neg 1.0		__DUMMY__ 0.46176216972176626 off 0.29456749231167617 neg 0.24367033796655754	false	0.5
frustriert	neg 1.0		__DUMMY__ 0.46382830957025956 off 0.2935822365430246 neg 0.24258945388671588	false	0.5
schimmelig	neg 1.0		__DUMMY__ 0.46251472316330905 off 0.2909406225811554 neg 0.24654465425553557	false	0.5
fisch	neg 1.0		__DUMMY__ 0.4631901225775046 off 0.2867344877566554 neg 0.25007538966584003	false	0.5
schmuggel	neg 1.0		__DUMMY__ 0.46791153211471026 off 0.2892223487442041 neg 0.24286611914108566	false	0.5
auffallen	neg 1.0		__DUMMY__ 0.46099903383082147 off 0.2975712007195479 neg 0.2414297654496307	false	0.5
konkurrenz	neg 1.0		__DUMMY__ 0.46644739878024183 off 0.2901175425864057 neg 0.24343505863335246	false	0.5
teufelskreis	neg 1.0	neg 1.0	neg 0.609919301807001 __DUMMY__ 0.22364015046429828 off 0.16644054772870062	false	1.0
aufschreien	neg 1.0		__DUMMY__ 0.4598453932372441 off 0.2979899811725365 neg 0.24216462559021937	false	0.5
schuldner	neg 1.0		__DUMMY__ 0.46287049222412224 off 0.28904017632401796 neg 0.2480893314518599	false	0.5
missgeburt	off 1.0	off 1.0	off 0.6469425318881171 __DUMMY__ 0.22044724988078113 neg 0.1326102182311018	false	1.0
arbeitslos	neg 1.0		__DUMMY__ 0.46442324191600237 off 0.29231331903698443 neg 0.2432634390470132	false	0.5
befallen	neg 1.0		__DUMMY__ 0.4606204892943075 off 0.29281949109675365 neg 0.24656001960893867	false	0.5
miesepetrig	off 1.0	off 1.0	off 0.6405657871397372 __DUMMY__ 0.2224639076568726 neg 0.13697030520339012	false	1.0
alarmieren	neg 1.0		__DUMMY__ 0.4598464820418211 off 0.30074807387708646 neg 0.2394054440810925	false	0.5
ungeduscht	off 1.0		__DUMMY__ 0.45885530410109737 off 0.29965469040779014 neg 0.24149000549111244	false	1.0
knappheit	neg 1.0		__DUMMY__ 0.46180407236380333 off 0.2916705398324763 neg 0.24652538780372044	false	0.5
schlange	neg 1.0		__DUMMY__ 0.4624851802508815 off 0.2953290342688546 neg 0.242185785480264	false	0.5
harsch	neg 1.0		__DUMMY__ 0.4581239726256268 off 0.307204181674297 neg 0.23467184570007615	false	0.5
lang	neg 1.0		__DUMMY__ 0.462074569461676 off 0.2967204640302736 neg 0.2412049665080505	false	0.5
ziellos	neg 1.0		__DUMMY__ 0.46586258988331475 off 0.2906792619427716 neg 0.24345814817391367	false	0.5
selbstverliebt	neg 1.0		__DUMMY__ 0.4505225354555513 off 0.3146040821337868 neg 0.23487338241066175	false	0.5
beseitigen	neg 1.0		__DUMMY__ 0.46467033462906565 off 0.295869911049309 neg 0.23945975432162533	false	0.5
dumm	off 1.0		__DUMMY__ 0.4536159303513522 off 0.30883026241020656 neg 0.23755380723844133	false	1.0
arbeitsloser	neg 1.0		__DUMMY__ 0.4670400294284922 off 0.2936579713247311 neg 0.23930199924677678	false	0.5
blitzen	neg 1.0		__DUMMY__ 0.46008236698672944 off 0.29969935571726514 neg 0.24021827729600548	false	0.5
hilflos	neg 1.0		__DUMMY__ 0.4640876697937055 off 0.29227281637315733 neg 0.24363951383313698	false	0.5
eklig	off 1.0		__DUMMY__ 0.4519563092305515 off 0.30870349045061285 neg 0.23934020031883566	false	1.0
begriff			__DUMMY__ 0.4630758389396228 off 0.2946799839474238 neg 0.24224417711295332	false	0.0
hungersnot	neg 1.0		__DUMMY__ 0.4621450383780248 off 0.2918876801729259 neg 0.2459672814490492	false	0.5
ungesetzlich	neg 1.0		__DUMMY__ 0.4599316025054842 off 0.2973149639776173 neg 0.2427534335168986	false	0.5
verschwendung	neg 1.0		__DUMMY__ 0.46511879908637505 off 0.2901684841533667 neg 0.24471271676025827	false	0.5
schmerzvoll	neg 1.0		__DUMMY__ 0.46076432745088153 off 0.2962642918453375 neg 0.24297138070378088	false	0.5
vorzeitig	neg 1.0		__DUMMY__ 0.46095860009476086 off 0.3017652643810475 neg 0.2372761355241917	false	0.5
unvollkommenheit	neg 1.0		__DUMMY__ 0.4642468581445043 off 0.29374579442415016 neg 0.24200734743134558	false	0.5
intervenieren	neg 1.0		__DUMMY__ 0.4632584486345302 off 0.29034409233116093 neg 0.2463974590343089	false	0.5
banause	off 1.0		__DUMMY__ 0.4491467908542402 off 0.30959841293938833 neg 0.2412547962063714	false	1.0
rebell	neg 1.0		__DUMMY__ 0.46576245684728956 off 0.2854470347058214 neg 0.248790508446889	false	0.5
unlogisch	neg 1.0		__DUMMY__ 0.45676839372114175 off 0.3042539891083883 neg 0.23897761717046984	false	0.5
leiden	neg 1.0		__DUMMY__ 0.4684213636969546 off 0.29000621793300296 neg 0.2415724183700424	false	0.5
abschaffung	neg 1.0		__DUMMY__ 0.46051999296370977 off 0.295837140503233 neg 0.2436428665330572	false	0.5
sturz	neg 1.0		__DUMMY__ 0.46461423522960565 off 0.2990262300616719 neg 0.2363595347087223	false	0.5
verkleinerung	neg 1.0		__DUMMY__ 0.4570216183688239 off 0.29867986608600644 neg 0.2442985155451698	false	0.5
schmarotzer	off 1.0		__DUMMY__ 0.46333273496877375 off 0.2931022009468304 neg 0.2435650640843959	false	1.0
bestrafung	neg 1.0	neg 1.0	neg 0.6071363946129223 __DUMMY__ 0.2247869194535359 off 0.16807668593354175	false	1.0
achtlos	neg 1.0		__DUMMY__ 0.4636001640683139 off 0.29342694066657127 neg 0.2429728952651149	false	0.5
ungeheuer	neg 1.0		__DUMMY__ 0.4604947183164119 off 0.2946206873572522 neg 0.24488459432633575	false	0.5
unaufrichtig	neg 1.0		__DUMMY__ 0.46034303985729724 off 0.30034065607143334 neg 0.23931630407126936	false	0.5
groggy	neg 1.0		__DUMMY__ 0.46142966612299385 off 0.29928687484224303 neg 0.23928345903476322	false	0.5
verletzlich	neg 1.0		__DUMMY__ 0.4563777643016918 off 0.29981668000425105 neg 0.24380555569405707	false	0.5
