unsolidarisch	neg 1.0		off 0.5107382009930032 neg 0.42241445487564455 __DUMMY__ 0.06684734413135243	false	0.5
nachteilig	neg 1.0		off 0.5099475038072848 neg 0.4222824138641252 __DUMMY__ 0.06777008232858987	false	0.5
skeptisch	neg 1.0		off 0.5076721115806718 neg 0.4246183648386225 __DUMMY__ 0.06770952358070571	false	0.5
schrecklich	neg 1.0		off 0.51909322159384 neg 0.41467983395594377 __DUMMY__ 0.0662269444502163	false	0.5
schlapp	neg 1.0	neg 1.0	neg 0.6932136619564666 off 0.27508860872872 __DUMMY__ 0.03169772931481336	false	1.0
abfall	neg 1.0		off 0.5055258790398308 neg 0.42636748599393753 __DUMMY__ 0.06810663496623152	false	0.5
widerspenstig	neg 1.0		off 0.5095746409173925 neg 0.4234018453140204 __DUMMY__ 0.06702351376858712	false	0.5
abrupt	neg 1.0		off 0.5056387548272705 neg 0.42688525650650055 __DUMMY__ 0.06747598866622885	false	0.5
unwirksam	neg 1.0		off 0.5077158126804052 neg 0.42583670041898 __DUMMY__ 0.0664474869006148	false	0.5
angreifen	neg 1.0		off 0.5069013213776249 neg 0.42536597842052587 __DUMMY__ 0.06773270020184924	false	0.5
inkonsistent	neg 1.0		off 0.5125369644261919 neg 0.4207721971425307 __DUMMY__ 0.06669083843127728	false	0.5
abrutschen	neg 1.0		off 0.5045584592325337 neg 0.4274096632938479 __DUMMY__ 0.06803187747361839	false	0.5
unsicher	neg 1.0		off 0.511902813446003 neg 0.4207855024760196 __DUMMY__ 0.06731168407797727	false	0.5
bauernkind	off 1.0	off 1.0	off 0.746151806458223 neg 0.22273218414158494 __DUMMY__ 0.031116009400192126	false	1.0
angreifer	neg 1.0		off 0.5175477476193137 neg 0.41520259700526607 __DUMMY__ 0.06724965537542019	false	0.5
trennen	neg 1.0		off 0.5072003857891824 neg 0.4249668953754127 __DUMMY__ 0.06783271883540506	false	0.5
schmutz	neg 1.0		off 0.517399478128541 neg 0.4151964214119998 __DUMMY__ 0.06740410045945928	false	0.5
inkonsistenz	neg 1.0		off 0.5159719781893916 neg 0.4173131916780195 __DUMMY__ 0.06671483013258885	false	0.5
erschreckend	neg 1.0		off 0.5107317785980257 neg 0.42199905654826236 __DUMMY__ 0.06726916485371189	false	0.5
ertrinken	neg 1.0		off 0.505411905583955 neg 0.4269872578987731 __DUMMY__ 0.06760083651727183	false	0.5
pickelface	off 1.0		off 0.5127572594983033 neg 0.4199966050845785 __DUMMY__ 0.06724613541711823	false	1.0
seiner			off 0.5078462321425772 neg 0.42436181697821906 __DUMMY__ 0.06779195087920373	false	0.0
lauch	neg 1.0	neg 1.0	neg 0.6975675399859604 off 0.2699364365061137 __DUMMY__ 0.03249602350792592	false	1.0
unwichtig	neg 1.0		off 0.515590425917646 neg 0.41773434125677944 __DUMMY__ 0.06667523282557455	false	0.5
steuerhinterziehung	neg 1.0		off 0.5098519357575468 neg 0.4230640812126094 __DUMMY__ 0.06708398302984364	false	0.5
schock	neg 1.0		off 0.5098015149245658 neg 0.4228580239559602 __DUMMY__ 0.06734046111947392	false	0.5
beule	neg 1.0		off 0.5164962149918313 neg 0.41725796498036405 __DUMMY__ 0.06624582002780456	false	0.5
vergelten	neg 1.0		off 0.5213714334727275 neg 0.4122964140276473 __DUMMY__ 0.06633215249962529	false	0.5
verdorbenheit	neg 1.0		off 0.5129380634607258 neg 0.41993352442087806 __DUMMY__ 0.06712841211839615	false	0.5
trauma	neg 1.0		off 0.5122233157625751 neg 0.42080218254765406 __DUMMY__ 0.06697450168977082	false	0.5
sinnlos	neg 1.0		off 0.5131700806369621 neg 0.4198298082937085 __DUMMY__ 0.06700011106932958	false	0.5
fettsack	off 1.0	off 1.0	off 0.7476502334901016 neg 0.2211613083557451 __DUMMY__ 0.031188458154153324	false	1.0
feige	off 1.0	off 1.0	off 0.7453273589407373 neg 0.22303026010559274 __DUMMY__ 0.031642380953669995	false	1.0
abdanken	neg 1.0		off 0.5116807740664271 neg 0.4210040686315315 __DUMMY__ 0.06731515730204135	false	0.5
wichtigtuer	off 1.0	off 1.0	off 0.7443252615152575 neg 0.22377187858101358 __DUMMY__ 0.03190285990372893	false	1.0
misslingen	neg 1.0		off 0.5160971651597721 neg 0.4163591833929241 __DUMMY__ 0.06754365144730391	false	0.5
untreu	off 1.0		off 0.5159755264981 neg 0.4175709033935765 __DUMMY__ 0.06645357010832358	false	1.0
missmutig	neg 1.0		off 0.5133496667187353 neg 0.4200226370285211 __DUMMY__ 0.06662769625274355	false	0.5
hurenbock	off 1.0		off 0.5092158942589095 neg 0.42407271490351006 __DUMMY__ 0.06671139083758039	false	1.0
betrunken	neg 1.0		off 0.5174336377121899 neg 0.4163428334642455 __DUMMY__ 0.06622352882356469	false	0.5
korrupt	off 1.0		off 0.508699266140358 neg 0.42427563118732614 __DUMMY__ 0.06702510267231573	false	1.0
unmut	neg 1.0		off 0.506115467999018 neg 0.42599698742292824 __DUMMY__ 0.06788754457805388	false	0.5
hackfresse	off 1.0		off 0.5224042995436963 neg 0.4119283908681506 __DUMMY__ 0.06566730958815305	false	1.0
aufblasen	neg 1.0		off 0.510799159575757 neg 0.4221825225362239 __DUMMY__ 0.06701831788801921	false	0.5
gewaltsam	neg 1.0		off 0.5127752948734067 neg 0.41977254093105404 __DUMMY__ 0.06745216419553926	false	0.5
unbeliebtheit	neg 1.0		off 0.5173080678802727 neg 0.41608408856596446 __DUMMY__ 0.06660784355376283	false	0.5
sturheit	neg 1.0		off 0.5119141991996587 neg 0.4206199204370301 __DUMMY__ 0.06746588036331123	false	0.5
kuh	neg 1.0		off 0.5090790489286766 neg 0.4249001300340815 __DUMMY__ 0.06602082103724187	false	0.5
erschrecken	neg 1.0		off 0.5146842207332352 neg 0.4185632394241387 __DUMMY__ 0.06675253984262615	false	0.5
opfer	neg 1.0		off 0.5101504994793635 neg 0.4220665326762015 __DUMMY__ 0.06778296784443506	false	0.5
sinken	neg 1.0		off 0.5050387443904862 neg 0.42737707546769305 __DUMMY__ 0.0675841801418208	false	0.5
stinktier	neg 1.0		off 0.5176710846248447 neg 0.4168926459399418 __DUMMY__ 0.06543626943521352	false	0.5
tucke	off 1.0		off 0.521725627294785 neg 0.41323262217944057 __DUMMY__ 0.06504175052577453	false	1.0
ein			off 0.5081153601595079 neg 0.42501031457509464 __DUMMY__ 0.06687432526539748	false	0.0
abstieg	neg 1.0		off 0.5128165109246462 neg 0.41929061872757684 __DUMMY__ 0.06789287034777716	false	0.5
missverstehen	neg 1.0		off 0.5138310050896043 neg 0.41928035806739977 __DUMMY__ 0.06688863684299606	false	0.5
ergebnislos	neg 1.0		off 0.5105369570258519 neg 0.4215748809830352 __DUMMY__ 0.06788816199111296	false	0.5
unter			off 0.5032211145053159 neg 0.42806601911629266 __DUMMY__ 0.06871286637839136	false	0.0
manipulieren	neg 1.0		off 0.5083230913067733 neg 0.4239515957875239 __DUMMY__ 0.06772531290570279	false	0.5
unbewiesen	neg 1.0		off 0.5119226975299099 neg 0.42110299280826113 __DUMMY__ 0.06697430966182888	false	0.5
verschleppen	neg 1.0		off 0.5087563679453537 neg 0.4238589261339432 __DUMMY__ 0.0673847059207031	false	0.5
weib	off 1.0		off 0.5236762800478953 neg 0.41098199493582166 __DUMMY__ 0.06534172501628302	false	1.0
opposition	neg 1.0		off 0.5115266797168441 neg 0.421690466239574 __DUMMY__ 0.06678285404358189	false	0.5
verkehrswidrig	neg 1.0		off 0.5237535985177435 neg 0.4096970219702107 __DUMMY__ 0.0665493795120457	false	0.5
inkorrekt	neg 1.0		off 0.5187730797976416 neg 0.4150139999731948 __DUMMY__ 0.06621292022916367	false	0.5
vermeiden	neg 1.0		off 0.5054202483083813 neg 0.42632379659340053 __DUMMY__ 0.06825595509821823	false	0.5
abweichung	neg 1.0		off 0.5102144116091031 neg 0.42226746039739266 __DUMMY__ 0.06751812799350425	false	0.5
alkoholisiert	neg 1.0		off 0.5103658254244622 neg 0.42150120510819067 __DUMMY__ 0.06813296946734727	false	0.5
scheiss	off 1.0	off 1.0	off 0.7459023702881374 neg 0.22256668918274877 __DUMMY__ 0.03153094052911379	false	1.0
herausforderung	neg 1.0		off 0.5094485870904425 neg 0.42308457747393086 __DUMMY__ 0.06746683543562655	false	0.5
pervers	off 1.0		off 0.5259536442136555 neg 0.4088922370525051 __DUMMY__ 0.06515411873383939	false	1.0
wackelig	neg 1.0		off 0.5092847753857819 neg 0.4232414593090492 __DUMMY__ 0.06747376530516888	false	0.5
verwickeln	neg 1.0		off 0.5126943872181203 neg 0.42037697056048445 __DUMMY__ 0.06692864222139532	false	0.5
vorwand	neg 1.0		off 0.5067948138234807 neg 0.4254053213663357 __DUMMY__ 0.06779986481018352	false	0.5
muschi	off 1.0		off 0.5125851373707361 neg 0.41994647189478795 __DUMMY__ 0.06746839073447583	false	1.0
entmutigung	neg 1.0		off 0.5105874590054045 neg 0.42296048815123527 __DUMMY__ 0.0664520528433603	false	0.5
unangemessen	neg 1.0		off 0.5108154626314555 neg 0.4218151940587445 __DUMMY__ 0.0673693433097999	false	0.5
unstetig	neg 1.0		off 0.5156701582025708 neg 0.4174900117609996 __DUMMY__ 0.06683983003642958	false	0.5
entmutigen	neg 1.0		off 0.5117826936177253 neg 0.4211930833342363 __DUMMY__ 0.06702422304803829	false	0.5
schwanz	neg 1.0		off 0.5101795652337243 neg 0.4222557940402994 __DUMMY__ 0.06756464072597619	false	0.5
verbot	neg 1.0		off 0.5092679020971956 neg 0.4235433019301912 __DUMMY__ 0.06718879597261322	false	0.5
leid	neg 1.0		off 0.5202603297381085 neg 0.41373063385637604 __DUMMY__ 0.06600903640551539	false	0.5
archaisch	neg 1.0		off 0.5100551141473674 neg 0.42263449498500577 __DUMMY__ 0.0673103908676269	false	0.5
gegen			off 0.5077318847981158 neg 0.4242366529539268 __DUMMY__ 0.06803146224795746	false	0.0
scheidung	neg 1.0		off 0.5316830813058435 neg 0.4030354202744836 __DUMMY__ 0.06528149841967276	false	0.5
einschlag	neg 1.0		off 0.5222540361424644 neg 0.4111243873996446 __DUMMY__ 0.06662157645789106	false	0.5
m			off 0.5099630203637299 neg 0.42257763809582993 __DUMMY__ 0.06745934154044024	false	0.0
abgestanden	neg 1.0		off 0.50628619643437 neg 0.4273872542065302 __DUMMY__ 0.06632654935909976	false	0.5
schmierig	off 1.0		off 0.5190080408937539 neg 0.41508472697596815 __DUMMY__ 0.0659072321302781	false	1.0
unpraktisch	neg 1.0		off 0.5129166895555509 neg 0.41999834652986345 __DUMMY__ 0.06708496391458557	false	0.5
wixxer	off 1.0		off 0.5252786685894361 neg 0.40975876875036726 __DUMMY__ 0.06496256266019662	false	1.0
bezeichnet			off 0.5124307139844498 neg 0.42029494947833146 __DUMMY__ 0.0672743365372187	false	0.0
jammerlappen	off 1.0		off 0.5154764449917016 neg 0.4179197381140972 __DUMMY__ 0.0666038168942012	false	1.0
farce	neg 1.0		off 0.5103418082458399 neg 0.422681937638022 __DUMMY__ 0.06697625411613815	false	0.5
zwecklos	neg 1.0		off 0.5092468448974501 neg 0.4233975843419668 __DUMMY__ 0.06735557076058299	false	0.5
turbulent	neg 1.0		off 0.5167889638862894 neg 0.4169540978094925 __DUMMY__ 0.06625693830421818	false	0.5
invasion	neg 1.0		off 0.5135990037330419 neg 0.41951022172414476 __DUMMY__ 0.06689077454281325	false	0.5
schuld	neg 1.0		off 0.5125348833182141 neg 0.4203938479765478 __DUMMY__ 0.06707126870523825	false	0.5
risiko	neg 1.0		off 0.5115849356249956 neg 0.421730017852165 __DUMMY__ 0.06668504652283923	false	0.5
finster	neg 1.0		off 0.5087097012983098 neg 0.424469888686277 __DUMMY__ 0.06682041001541303	false	0.5
geisteskrank	off 1.0		off 0.5177417941288727 neg 0.4159069599332163 __DUMMY__ 0.06635124593791109	false	1.0
zusammenbrechen	neg 1.0		off 0.5090106883397977 neg 0.4237040825677344 __DUMMY__ 0.06728522909246791	false	0.5
ausbeute	neg 1.0		off 0.5119415562796611 neg 0.4205395609859838 __DUMMY__ 0.0675188827343551	false	0.5
hinterhalt	neg 1.0		off 0.510724741193473 neg 0.42191267334021854 __DUMMY__ 0.06736258546630851	false	0.5
kritik	neg 1.0		off 0.5101270073148408 neg 0.42286537056527956 __DUMMY__ 0.06700762211987973	false	0.5
einschrumpfen	neg 1.0		off 0.5148684932864958 neg 0.4187005413389579 __DUMMY__ 0.0664309653745462	false	0.5
riskant	neg 1.0		off 0.5074672121798052 neg 0.4249059762101639 __DUMMY__ 0.06762681161003095	false	0.5
frustrieren	neg 1.0		off 0.5078377090673208 neg 0.42468701589052377 __DUMMY__ 0.06747527504215531	false	0.5
groll	neg 1.0		off 0.510520267735518 neg 0.4219803935200093 __DUMMY__ 0.06749933874447271	false	0.5
gibt			off 0.5095255370291873 neg 0.42301012833607116 __DUMMY__ 0.06746433463474147	false	0.0
qualvoll	neg 1.0		off 0.5124957530994063 neg 0.42065274757683463 __DUMMY__ 0.06685149932375894	false	0.5
wackeln	neg 1.0		off 0.5106280899493201 neg 0.42224421381838145 __DUMMY__ 0.06712769623229844	false	0.5
klagen	neg 1.0		off 0.5064290577572748 neg 0.4258838997421469 __DUMMY__ 0.0676870425005784	false	0.5
bankrott	neg 1.0		off 0.5162109256371681 neg 0.41696107829335977 __DUMMY__ 0.06682799606947218	false	0.5
trauern	neg 1.0		off 0.5104790353838252 neg 0.42145830279838387 __DUMMY__ 0.06806266181779075	false	0.5
ablehnung	neg 1.0		off 0.5097231725261513 neg 0.4231821075526799 __DUMMY__ 0.06709471992116882	false	0.5
stur	neg 1.0		off 0.5116560965424101 neg 0.42140610861358796 __DUMMY__ 0.06693779484400192	false	0.5
aufruhr	neg 1.0		off 0.5109345895850977 neg 0.42200533168169163 __DUMMY__ 0.06706007873321077	false	0.5
melancholie	neg 1.0		off 0.504749431358516 neg 0.4279835327073321 __DUMMY__ 0.06726703593415194	false	0.5
ist			off 0.5127653015093174 neg 0.42023680541782377 __DUMMY__ 0.06699789307285885	false	0.0
torheit	neg 1.0		off 0.5127312778181393 neg 0.4202053765531266 __DUMMY__ 0.06706334562873406	false	0.5
dreckskind	off 1.0		off 0.5233897788269863 neg 0.4110727416529031 __DUMMY__ 0.0655374795201106	false	1.0
umtauschen	neg 1.0		off 0.5103969970922918 neg 0.42244465432669104 __DUMMY__ 0.06715834858101709	false	0.5
zum			off 0.507898271765743 neg 0.4234765900023302 __DUMMY__ 0.06862513823192685	false	0.0
zersetzen	neg 1.0		off 0.506363229271769 neg 0.4261504617217952 __DUMMY__ 0.0674863090064357	false	0.5
zur			off 0.5058957309975982 neg 0.4258038121296689 __DUMMY__ 0.06830045687273276	false	0.0
frust	neg 1.0		off 0.5088608577132833 neg 0.4238168528394782 __DUMMY__ 0.06732228944723857	false	0.5
unerbittlichkeit	neg 1.0		off 0.5092180920246956 neg 0.42305072467615956 __DUMMY__ 0.06773118329914488	false	0.5
zwei			off 0.5047300871201846 neg 0.4270299672740852 __DUMMY__ 0.06823994560573027	false	0.0
unkorrekt	neg 1.0		off 0.5175474057897235 neg 0.41616216292977626 __DUMMY__ 0.0662904312805004	false	0.5
hexe	off 1.0		off 0.5125725023523722 neg 0.4212326628389463 __DUMMY__ 0.06619483480868157	false	1.0
lasch	neg 1.0		off 0.5146291008282703 neg 0.41869592212869344 __DUMMY__ 0.0666749770430363	false	0.5
rivale	neg 1.0		off 0.5197989916967084 neg 0.4138899874625045 __DUMMY__ 0.06631102084078694	false	0.5
mutlos	off 1.0	off 1.0	off 0.7417523917289442 neg 0.22605130006402663 __DUMMY__ 0.03219630820702917	false	1.0
wirr	off 1.0		off 0.5184782779175907 neg 0.41554157955136745 __DUMMY__ 0.06598014253104184	false	1.0
jahr			off 0.5111002663807164 neg 0.4206886372212484 __DUMMY__ 0.06821109639803528	false	0.0
wird			off 0.5093079918044471 neg 0.4231377343227689 __DUMMY__ 0.067554273872784	false	0.0
strafbar	neg 1.0		off 0.5085703372300244 neg 0.4237719353540077 __DUMMY__ 0.06765772741596786	false	0.5
erosion	neg 1.0		off 0.5121708409281207 neg 0.4205893416478916 __DUMMY__ 0.06723981742398782	false	0.5
eingehen	neg 1.0		off 0.5074744133546467 neg 0.4250645026661636 __DUMMY__ 0.06746108397918972	false	0.5
faul	off 1.0		off 0.5150103371718607 neg 0.4182872301049386 __DUMMY__ 0.06670243272320066	false	1.0
provisorium	neg 1.0		off 0.5036515294989659 neg 0.42758988593199343 __DUMMY__ 0.06875858456904071	false	0.5
schmerzen	neg 1.0		off 0.5085517907854368 neg 0.42443050965441337 __DUMMY__ 0.06701769956014986	false	0.5
schrumpfen	neg 1.0		off 0.5028038867395747 neg 0.4293885338766511 __DUMMY__ 0.06780757938377426	false	0.5
geistlos	off 1.0		off 0.5130798780155951 neg 0.4202231962008804 __DUMMY__ 0.06669692578352454	false	1.0
fehlkauf	neg 1.0		off 0.5133556653143291 neg 0.4198074786565206 __DUMMY__ 0.06683685602915036	false	0.5
frustrierend	neg 1.0		off 0.5142674205693152 neg 0.41901833335956373 __DUMMY__ 0.06671424607112102	false	0.5
unzufrieden	neg 1.0		off 0.5094128080149152 neg 0.42315627760687347 __DUMMY__ 0.06743091437821122	false	0.5
verzweifeln	neg 1.0		off 0.5105680433778481 neg 0.4221195908776231 __DUMMY__ 0.06731236574452884	false	0.5
verzweifelt	neg 1.0		off 0.5117484848550979 neg 0.4213097091676696 __DUMMY__ 0.06694180597723243	false	0.5
misstrauensantrag	neg 1.0		off 0.512470496812009 neg 0.4207006434671043 __DUMMY__ 0.0668288597208867	false	0.5
abfallen	neg 1.0		off 0.5105676390975868 neg 0.4224156277683747 __DUMMY__ 0.06701673313403844	false	0.5
fucker	off 1.0		off 0.5189547247625906 neg 0.41468751272378235 __DUMMY__ 0.06635776251362699	false	1.0
ungezogen	neg 1.0		off 0.5244678759189886 neg 0.4100721955966528 __DUMMY__ 0.06545992848435868	false	0.5
irrsinnig	neg 1.0	neg 1.0	neg 0.6948797882387892 off 0.2731630529486885 __DUMMY__ 0.031957158812522424	false	1.0
unfassbar	neg 1.0		off 0.5168051286818989 neg 0.4166059386195721 __DUMMY__ 0.06658893269852915	false	0.5
hart	neg 1.0		off 0.5149327473527813 neg 0.41889446565781857 __DUMMY__ 0.0661727869894	false	0.5
widerlich	off 1.0		off 0.5168860939656126 neg 0.41665581690517894 __DUMMY__ 0.06645808912920832	false	1.0
fatal	neg 1.0	neg 1.0	neg 0.695397286906242 off 0.2729144136231185 __DUMMY__ 0.031688299470639406	false	1.0
bruch	neg 1.0		off 0.5055098146069955 neg 0.4266205201847358 __DUMMY__ 0.0678696652082687	false	0.5
aushungern	neg 1.0		off 0.5093306032355865 neg 0.4235145252924137 __DUMMY__ 0.06715487147199985	false	0.5
anspannung	neg 1.0		off 0.5058409445198705 neg 0.4257775966393345 __DUMMY__ 0.06838145884079486	false	0.5
von			off 0.507147100193442 neg 0.4250713934170993 __DUMMY__ 0.0677815063894587	false	0.0
kraftlos	neg 1.0		off 0.5084911540210157 neg 0.42410944714158866 __DUMMY__ 0.06739939883739558	false	0.5
vom			off 0.5050088949424534 neg 0.42613157843471944 __DUMMY__ 0.0688595266228272	false	0.0
grenzdebil	off 1.0		off 0.5160140328352275 neg 0.417600443824773 __DUMMY__ 0.0663855233399994	false	1.0
vor			off 0.5061868566688511 neg 0.4258949174511223 __DUMMY__ 0.06791822588002652	false	0.0
unterwerfen	neg 1.0		off 0.5095400163223738 neg 0.42280234085247054 __DUMMY__ 0.06765764282515557	false	0.5
versenkung	neg 1.0		off 0.5091194024212455 neg 0.42314389485390325 __DUMMY__ 0.06773670272485134	false	0.5
entziehen	neg 1.0		off 0.5068352096965278 neg 0.4253354910876178 __DUMMY__ 0.06782929921585429	false	0.5
finanzkrise	neg 1.0		off 0.5060773823443648 neg 0.42751424051971865 __DUMMY__ 0.06640837713591656	false	0.5
schimpfend	neg 1.0		off 0.5131210413884856 neg 0.41963689228433215 __DUMMY__ 0.06724206632718217	false	0.5
profan	neg 1.0		off 0.5126430197819991 neg 0.42054978416437444 __DUMMY__ 0.06680719605362634	false	0.5
korruption	neg 1.0		off 0.5080651329518987 neg 0.42484399717032184 __DUMMY__ 0.0670908698777793	false	0.5
â			off 0.5092369869761402 neg 0.42327793053464374 __DUMMY__ 0.0674850824892161	false	0.0
schmutzig	neg 1.0		off 0.5159771886395257 neg 0.4176700229311272 __DUMMY__ 0.06635278842934694	false	0.5
sexy	neg 1.0		off 0.5153709053308342 neg 0.41775577682968085 __DUMMY__ 0.06687331783948507	false	0.5
abraten	neg 1.0		off 0.5134370413549539 neg 0.41952790080814883 __DUMMY__ 0.06703505783689721	false	0.5
schwarz	neg 1.0		off 0.5137877895028959 neg 0.41920962932073674 __DUMMY__ 0.06700258117636741	false	0.5
fotze	off 1.0	off 1.0	off 0.7426777051675778 neg 0.2250884028704783 __DUMMY__ 0.03223389196194389	false	1.0
verwirren	neg 1.0		off 0.5134506014818986 neg 0.4196733387351344 __DUMMY__ 0.06687605978296707	false	0.5
zahnlos	off 1.0		off 0.510207443273053 neg 0.4224606494388548 __DUMMY__ 0.06733190728809224	false	1.0
verheeren	neg 1.0		off 0.525693122196373 neg 0.40894210249927987 __DUMMY__ 0.06536477530434705	false	0.5
hippie	neg 1.0		off 0.5146289395536265 neg 0.4185333775747058 __DUMMY__ 0.06683768287166766	false	0.5
rammen	neg 1.0		off 0.5128137670698736 neg 0.41997663727970197 __DUMMY__ 0.0672095956504244	false	0.5
unlauter	neg 1.0		off 0.512393766508794 neg 0.42080268577776725 __DUMMY__ 0.06680354771343872	false	0.5
unheilvoll	neg 1.0		off 0.5116703954914751 neg 0.4214138061789765 __DUMMY__ 0.06691579832954848	false	0.5
niedrig	neg 1.0		off 0.5071730756409116 neg 0.4256318017344601 __DUMMY__ 0.06719512262462833	false	0.5
explosion	neg 1.0		off 0.5149319684673586 neg 0.4181693984377281 __DUMMY__ 0.06689863309491333	false	0.5
weichei	off 1.0	off 1.0	off 0.7470858255581762 neg 0.2217104755924793 __DUMMY__ 0.03120369884934456	false	1.0
minusmensch	off 1.0		off 0.525483649161305 neg 0.40914312239046935 __DUMMY__ 0.06537322844822575	false	1.0
farblos	neg 1.0		off 0.5125911930952044 neg 0.4203794194500608 __DUMMY__ 0.06702938745473483	false	0.5
unwissend	neg 1.0	neg 1.0	neg 0.6934486054632905 off 0.2748441656099213 __DUMMY__ 0.031707228926788164	false	1.0
traurig	neg 1.0		off 0.5189224348520928 neg 0.41477988619204226 __DUMMY__ 0.06629767895586486	false	0.5
senkung	neg 1.0		off 0.5102724754276367 neg 0.42345409442580145 __DUMMY__ 0.06627343014656183	false	0.5
ungleich	neg 1.0	neg 1.0	neg 0.6964963186314148 off 0.271301326788618 __DUMMY__ 0.03220235457996713	false	1.0
heikel	neg 1.0		off 0.5077730177239923 neg 0.42459569516582557 __DUMMY__ 0.06763128711018213	false	0.5
drosselung	neg 1.0		off 0.5143808899717163 neg 0.4195651012783046 __DUMMY__ 0.06605400874997927	false	0.5
falsch	neg 1.0		off 0.5154571269190913 neg 0.4177088215501415 __DUMMY__ 0.06683405153076728	false	0.5
unzufriedenheit	neg 1.0		off 0.5064627929404791 neg 0.42604821975537316 __DUMMY__ 0.06748898730414774	false	0.5
kurz	neg 1.0		off 0.5105188999870993 neg 0.4219286719214069 __DUMMY__ 0.0675524280914939	false	0.5
unsinnig	neg 1.0		off 0.5095084475582855 neg 0.4233968193012209 __DUMMY__ 0.06709473314049347	false	0.5
penner	off 1.0	off 1.0	off 0.7483657052692435 neg 0.22045742078443673 __DUMMY__ 0.031176873946319805	false	1.0
seicht	neg 1.0		off 0.5215145700832684 neg 0.4132791300985476 __DUMMY__ 0.06520629981818403	false	0.5
dummheit	off 1.0	off 1.0	off 0.7437671364978844 neg 0.22444640277784206 __DUMMY__ 0.0317864607242736	false	1.0
unerfreulich	neg 1.0		off 0.5076826676056285 neg 0.4246305346111408 __DUMMY__ 0.06768679778323074	false	0.5
motherfucker	off 1.0	off 1.0	off 0.7465085493965214 neg 0.2219005267935278 __DUMMY__ 0.03159092380995085	false	1.0
pikiert	neg 1.0		off 0.5150837105166214 neg 0.4184770985372707 __DUMMY__ 0.06643919094610796	false	0.5
wrack	neg 1.0		off 0.5139441270708113 neg 0.41804725105746804 __DUMMY__ 0.06800862187172063	false	0.5
gangster	neg 1.0		off 0.514713427029528 neg 0.418487571659663 __DUMMY__ 0.0667990013108088	false	0.5
krank	neg 1.0		off 0.5169672412229457 neg 0.41651921343116605 __DUMMY__ 0.06651354534588817	false	0.5
reich	neg 1.0		off 0.5117818924750688 neg 0.42204688419166286 __DUMMY__ 0.06617122333326837	false	0.5
gnadenlos	neg 1.0		off 0.5127725599500708 neg 0.4200564788223747 __DUMMY__ 0.06717096122755456	false	0.5
niedergeschlagen	neg 1.0		off 0.5099475015763721 neg 0.4225024803315717 __DUMMY__ 0.06755001809205631	false	0.5
terrorisieren	off 1.0	off 1.0	off 0.7412902474542826 neg 0.22643447361315625 __DUMMY__ 0.03227527893256116	false	1.0
sinnlosigkeit	neg 1.0		off 0.5098967906586357 neg 0.422715700030907 __DUMMY__ 0.06738750931045731	false	0.5
behindern	neg 1.0		off 0.5108884392168327 neg 0.4219733698400382 __DUMMY__ 0.067138190943129	false	0.5
undemokratisch	neg 1.0		off 0.5126684941308084 neg 0.42052772569939356 __DUMMY__ 0.06680378016979785	false	0.5
wirtschaftskrise	neg 1.0		off 0.5069293406593536 neg 0.42608353509479946 __DUMMY__ 0.06698712424584702	false	0.5
neid	neg 1.0		off 0.5136509060629867 neg 0.4196335837640527 __DUMMY__ 0.06671551017296075	false	0.5
rutschen	neg 1.0		off 0.5040940643914305 neg 0.4277040332116668 __DUMMY__ 0.06820190239690276	false	0.5
rezession	neg 1.0		off 0.5144087685885589 neg 0.42007590480758267 __DUMMY__ 0.06551532660385849	false	0.5
fehlgeburt	neg 1.0		off 0.5125975227967055 neg 0.42015971260240526 __DUMMY__ 0.06724276460088936	false	0.5
charakterschwach	off 1.0		off 0.5160357732959077 neg 0.4175260662765766 __DUMMY__ 0.06643816042751569	false	1.0
isolation	neg 1.0		off 0.5158062373313821 neg 0.41729339756684986 __DUMMY__ 0.06690036510176806	false	0.5
ablenkung	neg 1.0		off 0.511734084476331 neg 0.42095169034536417 __DUMMY__ 0.0673142251783048	false	0.5
pech	neg 1.0		off 0.5143045948298675 neg 0.4191087252077903 __DUMMY__ 0.06658667996234222	false	0.5
vermeidung	neg 1.0		off 0.5156518313835771 neg 0.4180415773349079 __DUMMY__ 0.06630659128151509	false	0.5
dominieren	neg 1.0		off 0.5104962753448761 neg 0.4221249605471817 __DUMMY__ 0.06737876410794229	false	0.5
schwindlig	neg 1.0		off 0.51226971593132 neg 0.4209065799328572 __DUMMY__ 0.06682370413582268	false	0.5
lutscher	neg 1.0		off 0.523236674847839 neg 0.41171874824303833 __DUMMY__ 0.06504457690912262	false	0.5
pflicht	neg 1.0		off 0.5074926856542571 neg 0.42460288444527866 __DUMMY__ 0.06790442990046425	false	0.5
faschist	off 1.0		off 0.5149663204151974 neg 0.41823195968985094 __DUMMY__ 0.06680171989495168	false	1.0
verschleudern	neg 1.0		off 0.5052369196066954 neg 0.4277293370254054 __DUMMY__ 0.06703374336789919	false	0.5
wenn			off 0.5148961960735156 neg 0.41851570453090986 __DUMMY__ 0.06658809939557447	false	0.0
ehebruch	neg 1.0		off 0.5087251197471236 neg 0.42386050262035146 __DUMMY__ 0.0674143776325248	false	0.5
spott	off 1.0		off 0.5099256344962352 neg 0.42244227687442126 __DUMMY__ 0.06763208862934346	false	1.0
trostlosigkeit	neg 1.0		off 0.5054554785533233 neg 0.42695587377862837 __DUMMY__ 0.06758864766804831	false	0.5
lutschen	neg 1.0		off 0.5159909880830623 neg 0.41717753354699366 __DUMMY__ 0.06683147836994408	false	0.5
undiszipliniert	neg 1.0		off 0.5178197244440396 neg 0.41589337190497927 __DUMMY__ 0.06628690365098125	false	0.5
kopfschmerz	neg 1.0		off 0.5056017100721979 neg 0.4273779757381654 __DUMMY__ 0.06702031418963672	false	0.5
unvorhergesehen	neg 1.0		off 0.5075695830023171 neg 0.4245846476210198 __DUMMY__ 0.06784576937666316	false	0.5
desinteressiert	neg 1.0		off 0.5171399047308014 neg 0.4165279686430708 __DUMMY__ 0.06633212662612781	false	0.5
armselig	off 1.0		off 0.5194975805916603 neg 0.4143210890428628 __DUMMY__ 0.06618133036547687	false	1.0
desaster	neg 1.0		off 0.5052241233345632 neg 0.4270865749843642 __DUMMY__ 0.06768930168107257	false	0.5
tod	neg 1.0		off 0.5088487755685804 neg 0.4235491650370478 __DUMMY__ 0.06760205939437186	false	0.5
herzlos	neg 1.0		off 0.5186035159253173 neg 0.4152296680503666 __DUMMY__ 0.06616681602431593	false	0.5
unwissenheit	neg 1.0		off 0.509473305439898 neg 0.42313425862085513 __DUMMY__ 0.06739243593924682	false	0.5
widersinnig	neg 1.0		off 0.5086154005828105 neg 0.4244536511151706 __DUMMY__ 0.06693094830201889	false	0.5
bedenklich	neg 1.0		off 0.5081701838522805 neg 0.42443410859146374 __DUMMY__ 0.06739570755625562	false	0.5
beanstanden	neg 1.0		off 0.5086372140701835 neg 0.4234360293691774 __DUMMY__ 0.06792675656063914	false	0.5
panisch	neg 1.0		off 0.5133349105031827 neg 0.41962629855518857 __DUMMY__ 0.06703879094162886	false	0.5
debil	off 1.0		off 0.5032050312960838 neg 0.42829498806874106 __DUMMY__ 0.06849998063517508	false	1.0
abstrich	neg 1.0		off 0.5106382422912239 neg 0.4220443278348958 __DUMMY__ 0.06731742987388019	false	0.5
primitiv	neg 1.0		off 0.5176681822645799 neg 0.4159472504722744 __DUMMY__ 0.06638456726314561	false	0.5
abschaum	off 1.0	off 1.0	off 0.7461208971581178 neg 0.22207172815254478 __DUMMY__ 0.0318073746893373	false	1.0
provozieren	neg 1.0		off 0.5118267297158192 neg 0.4211552607236078 __DUMMY__ 0.06701800956057286	false	0.5
tot	neg 1.0		off 0.5101543487040131 neg 0.4224367288738605 __DUMMY__ 0.06740892242212637	false	0.5
instabil	neg 1.0		off 0.5180156321043623 neg 0.4161171343014543 __DUMMY__ 0.06586723359418327	false	0.5
schwuchtel	off 1.0	off 1.0	off 0.751831063834402 neg 0.21738627336950375 __DUMMY__ 0.03078266279609433	false	1.0
zerren	neg 1.0		off 0.5097069396312036 neg 0.4227582848404834 __DUMMY__ 0.06753477552831298	false	0.5
kinderficker	off 1.0		off 0.5212776310230456 neg 0.4128268800526022 __DUMMY__ 0.06589548892435208	false	1.0
gefahr	neg 1.0		off 0.507827888401907 neg 0.42433239271746104 __DUMMY__ 0.06783971888063185	false	0.5
rabiat	neg 1.0		off 0.5097496677841874 neg 0.423136020176648 __DUMMY__ 0.06711431203916451	false	0.5
verlangsamung	neg 1.0		off 0.5214361236784143 neg 0.41305194649881244 __DUMMY__ 0.06551192982277342	false	0.5
ausgestorben	neg 1.0		off 0.5109091255543659 neg 0.4217062871980212 __DUMMY__ 0.06738458724761302	false	0.5
anklagen	neg 1.0		off 0.5103475017152798 neg 0.4223025387316247 __DUMMY__ 0.06734995955309543	false	0.5
trott	neg 1.0		off 0.5116401678267053 neg 0.4211467208813172 __DUMMY__ 0.06721311129197734	false	0.5
verminderung	neg 1.0		off 0.5157035609784254 neg 0.41799645605592656 __DUMMY__ 0.0662999829656482	false	0.5
nach			off 0.5044213623609212 neg 0.4270456317950156 __DUMMY__ 0.0685330058440632	false	0.0
rost	neg 1.0		off 0.5259569782093377 neg 0.4081461889825592 __DUMMY__ 0.0658968328081031	false	0.5
destruktiv	neg 1.0		off 0.5107063602373886 neg 0.4222024167226745 __DUMMY__ 0.067091223039937	false	0.5
unzumutbarkeit	neg 1.0		off 0.517669549484714 neg 0.4157256776495935 __DUMMY__ 0.06660477286569254	false	0.5
labil	off 1.0	off 1.0	off 0.7451514641658907 neg 0.22310193656526597 __DUMMY__ 0.03174659926884328	false	1.0
ziemlich	neg 1.0		off 0.5169014537226588 neg 0.41642897670702056 __DUMMY__ 0.06666956957032057	false	0.5
lachnummer	off 1.0		off 0.5123282653082026 neg 0.42046049940510627 __DUMMY__ 0.06721123528669116	false	1.0
oder			off 0.5123799227738275 neg 0.42039558127633947 __DUMMY__ 0.06722449594983303	false	0.0
verfall	neg 1.0		off 0.5033722884210371 neg 0.4287661491253845 __DUMMY__ 0.0678615624535784	false	0.5
ausgrenzung	neg 1.0		off 0.5125329873658103 neg 0.42066998449889803 __DUMMY__ 0.06679702813529163	false	0.5
unordnung	neg 1.0		off 0.5208307072228753 neg 0.4130056783575671 __DUMMY__ 0.06616361441955765	false	0.5
fehlverhalten	neg 1.0		off 0.5083152149484881 neg 0.4240588802795157 __DUMMY__ 0.0676259047719962	false	0.5
eine			off 0.5058503705798383 neg 0.4264137631919408 __DUMMY__ 0.06773586622822093	false	0.0
nille	neg 1.0		off 0.5127197244250277 neg 0.419989031501593 __DUMMY__ 0.06729124407337937	false	0.5
qual	neg 1.0		off 0.5111549874249164 neg 0.421629917713273 __DUMMY__ 0.06721509486181057	false	0.5
verschwenden	neg 1.0		off 0.5064851505599681 neg 0.42611341242224 __DUMMY__ 0.06740143701779182	false	0.5
riesig	neg 1.0		off 0.5094149233007162 neg 0.4228791972186617 __DUMMY__ 0.06770587948062219	false	0.5
verurteilen	neg 1.0		off 0.5099442785165752 neg 0.42269228062359104 __DUMMY__ 0.06736344085983367	false	0.5
klischee	neg 1.0	neg 1.0	neg 0.6941987905281898 off 0.2740848647240681 __DUMMY__ 0.031716344747742035	false	1.0
diktatorisch	neg 1.0		off 0.5129462529576552 neg 0.4202384920775831 __DUMMY__ 0.06681525496476168	false	0.5
vorhersehbar	neg 1.0		off 0.513185031584281 neg 0.4201107204376897 __DUMMY__ 0.06670424797802943	false	0.5
sowie			off 0.5193231793334989 neg 0.41493817652067666 __DUMMY__ 0.06573864414582449	false	0.0
stornieren	neg 1.0		off 0.5173494889799941 neg 0.4152449189795144 __DUMMY__ 0.06740559204049147	false	0.5
besteuerung	neg 1.0	neg 1.0	neg 0.6967678749568862 off 0.2715490560857723 __DUMMY__ 0.03168306895734153	false	1.0
ungeschminkt	neg 1.0		off 0.5179129696705282 neg 0.41571147462735547 __DUMMY__ 0.06637555570211633	false	0.5
kritisch	neg 1.0		off 0.5095999876816024 neg 0.42297235865816774 __DUMMY__ 0.06742765366022996	false	0.5
schlamperei	off 1.0		off 0.5086162765589831 neg 0.42382560430484817 __DUMMY__ 0.06755811913616873	false	1.0
sucht	neg 1.0	neg 1.0	neg 0.6933175025555295 off 0.27457365826649555 __DUMMY__ 0.03210883917797505	false	1.0
egoistisch	off 1.0	off 1.0	off 0.7483569303573293 neg 0.22021189998807494 __DUMMY__ 0.03143116965459582	false	1.0
ausbeuter	off 1.0		off 0.5061666323808254 neg 0.4264878991986302 __DUMMY__ 0.06734546842054427	false	1.0
arschgeburt	off 1.0		off 0.52755439777261 neg 0.4076802292308304 __DUMMY__ 0.06476537299655943	false	1.0
schubs	neg 1.0		off 0.5071879064276438 neg 0.4256201735554834 __DUMMY__ 0.06719192001687274	false	0.5
unsolide	neg 1.0		off 0.5135937924666455 neg 0.41960214653702677 __DUMMY__ 0.06680406099632781	false	0.5
beschwerde	neg 1.0		off 0.5103080194202776 neg 0.42224533550272725 __DUMMY__ 0.06744664507699509	false	0.5
stocken	neg 1.0		off 0.5088550813681557 neg 0.4236700712418446 __DUMMY__ 0.06747484738999979	false	0.5
isolieren	neg 1.0		off 0.5085760417453729 neg 0.4242358555923213 __DUMMY__ 0.06718810266230581	false	0.5
unheilbar	neg 1.0		off 0.5111315592015306 neg 0.4217618989670981 __DUMMY__ 0.06710654183137127	false	0.5
pisser	off 1.0	off 1.0	off 0.7476506867785436 neg 0.2207149989334339 __DUMMY__ 0.03163431428802243	false	1.0
löschen	neg 1.0		off 0.512190855220443 neg 0.42066438185375393 __DUMMY__ 0.06714476292580313	false	0.5
durchfallen	neg 1.0		off 0.5095870454620278 neg 0.42294555213933294 __DUMMY__ 0.06746740239863921	false	0.5
wichser	off 1.0	off 1.0	off 0.7498419165555399 neg 0.21915316796063355 __DUMMY__ 0.031004915483826567	false	1.0
terror	neg 1.0		off 0.5145695047341533 neg 0.418567823010655 __DUMMY__ 0.06686267225519181	false	0.5
krass	neg 1.0		off 0.5202778605974534 neg 0.4137244857542061 __DUMMY__ 0.0659976536483406	false	0.5
revolte	neg 1.0		off 0.5122623727195232 neg 0.4213567722590915 __DUMMY__ 0.06638085502138526	false	0.5
besorgt	neg 1.0		off 0.5109225719045852 neg 0.4214899537881818 __DUMMY__ 0.06758747430723291	false	0.5
nachlassen	neg 1.0		off 0.5099175385301867 neg 0.42243868392601946 __DUMMY__ 0.06764377754379364	false	0.5
alt	neg 1.0		off 0.5045374965004995 neg 0.428605520799585 __DUMMY__ 0.0668569826999155	false	0.5
hundesohn	off 1.0	off 1.0	off 0.7498037211354353 neg 0.21907520940428132 __DUMMY__ 0.031121069460283417	false	1.0
als			off 0.5088512068167026 neg 0.42388802289255795 __DUMMY__ 0.06726077029073937	false	0.0
abschreckung	neg 1.0		off 0.5069382199147852 neg 0.4254591164429088 __DUMMY__ 0.067602663642306	false	0.5
unqualifiziert	neg 1.0		off 0.5154461447332042 neg 0.41782115183309115 __DUMMY__ 0.06673270343370456	false	0.5
abgewichst	off 1.0		off 0.5119184676008611 neg 0.4207547049762346 __DUMMY__ 0.06732682742290434	false	1.0
schwer	neg 1.0		off 0.5102917118339754 neg 0.42255157561339485 __DUMMY__ 0.0671567125526298	false	0.5
bedeutungslosigkeit	neg 1.0		off 0.5076289255004043 neg 0.42477820956526063 __DUMMY__ 0.06759286493433506	false	0.5
kapitulation	neg 1.0		off 0.5080207796599281 neg 0.4247460744481973 __DUMMY__ 0.06723314589187457	false	0.5
unscharf	neg 1.0		off 0.510080149427704 neg 0.423521234795524 __DUMMY__ 0.0663986157767721	false	0.5
schwinden	neg 1.0		off 0.5064353804438255 neg 0.42618477743318345 __DUMMY__ 0.067379842122991	false	0.5
versklavung	neg 1.0	neg 1.0	neg 0.6951325865743885 off 0.2730394044218505 __DUMMY__ 0.03182800900376096	false	1.0
schlecht	neg 1.0		off 0.517265679727767 neg 0.41603407094484834 __DUMMY__ 0.06670024932738461	false	0.5
verhasst	neg 1.0		off 0.5124204481208079 neg 0.42063462579452204 __DUMMY__ 0.0669449260846702	false	0.5
beschweren	neg 1.0		off 0.5138367443602816 neg 0.419059026100572 __DUMMY__ 0.06710422953914646	false	0.5
scheiden	neg 1.0		off 0.5105243696637898 neg 0.42246638073577075 __DUMMY__ 0.06700924960043951	false	0.5
frustriert	neg 1.0		off 0.5104108299784925 neg 0.42222985216426767 __DUMMY__ 0.0673593178572397	false	0.5
schimmelig	neg 1.0		off 0.5070885064062186 neg 0.42578631375760495 __DUMMY__ 0.06712517983617657	false	0.5
fisch	neg 1.0		off 0.502920773030641 neg 0.42985541596731786 __DUMMY__ 0.06722381100204121	false	0.5
schmuggel	neg 1.0		off 0.50777083356004 neg 0.42425519270296563 __DUMMY__ 0.06797397373699444	false	0.5
auffallen	neg 1.0		off 0.5133064157981617 neg 0.41977949771888184 __DUMMY__ 0.06691408648295642	false	0.5
konkurrenz	neg 1.0		off 0.5079550007089086 neg 0.4242840925298063 __DUMMY__ 0.06776090676128507	false	0.5
teufelskreis	neg 1.0	neg 1.0	neg 0.6968227749630255 off 0.2712870905027593 __DUMMY__ 0.03189013453421517	false	1.0
aufschreien	neg 1.0		off 0.5131790016459649 neg 0.42008380739472423 __DUMMY__ 0.06673719095931084	false	0.5
schuldner	neg 1.0		off 0.5050554949144977 neg 0.4277417424464477 __DUMMY__ 0.06720276263905459	false	0.5
missgeburt	off 1.0	off 1.0	off 0.7504184521169175 neg 0.2181690118038968 __DUMMY__ 0.031412536079185725	false	1.0
arbeitslos	neg 1.0		off 0.5093362602654852 neg 0.42321093619955874 __DUMMY__ 0.06745280353495603	false	0.5
befallen	neg 1.0		off 0.50799489525531 neg 0.42516163390144696 __DUMMY__ 0.06684347084324305	false	0.5
miesepetrig	off 1.0	off 1.0	off 0.7449575493974328 neg 0.22333333602889824 __DUMMY__ 0.031709114573669026	false	1.0
alarmieren	neg 1.0		off 0.5160907744192361 neg 0.41718328539712635 __DUMMY__ 0.06672594018363757	false	0.5
ungeduscht	off 1.0		off 0.5145953832477626 neg 0.4188432553933231 __DUMMY__ 0.06656136135891429	false	1.0
knappheit	neg 1.0		off 0.5073504206549431 neg 0.4256179704719725 __DUMMY__ 0.06703160887308435	false	0.5
schlange	neg 1.0		off 0.511669826916614 neg 0.42119013210069867 __DUMMY__ 0.06714004098268743	false	0.5
harsch	neg 1.0		off 0.5222386527431137 neg 0.4113125803608227 __DUMMY__ 0.06644876689606372	false	0.5
lang	neg 1.0		off 0.5129378176140834 neg 0.41997693602734143 __DUMMY__ 0.06708524635857536	false	0.5
ziellos	neg 1.0		off 0.5083204890400677 neg 0.42400869133701696 __DUMMY__ 0.06767081962291545	false	0.5
selbstverliebt	neg 1.0		off 0.526385245413689 neg 0.4083400124377186 __DUMMY__ 0.06527474214859243	false	0.5
beseitigen	neg 1.0		off 0.5132918916907575 neg 0.4192400818236173 __DUMMY__ 0.06746802648562526	false	0.5
dumm	off 1.0		off 0.5217473881701391 neg 0.4124946908348954 __DUMMY__ 0.06575792099496555	false	1.0
arbeitsloser	neg 1.0		off 0.5120464068321885 neg 0.42009961711327964 __DUMMY__ 0.06785397605453188	false	0.5
blitzen	neg 1.0		off 0.5151448331051811 neg 0.41808353619581545 __DUMMY__ 0.06677163069900353	false	0.5
hilflos	neg 1.0		off 0.5091578463033707 neg 0.42344419427940594 __DUMMY__ 0.06739795941722333	false	0.5
eklig	off 1.0		off 0.5208097128602488 neg 0.4136947330341258 __DUMMY__ 0.06549555410562542	false	1.0
begriff			off 0.5112144458897528 neg 0.42154611338771697 __DUMMY__ 0.06723944072253012	false	0.0
hungersnot	neg 1.0		off 0.5077541010111298 neg 0.4251633162919199 __DUMMY__ 0.06708258269695024	false	0.5
ungesetzlich	neg 1.0		off 0.5124143821157059 neg 0.42083785462844125 __DUMMY__ 0.06674776325585297	false	0.5
verschwendung	neg 1.0		off 0.5073881785877142 neg 0.42505105338741545 __DUMMY__ 0.06756076802487035	false	0.5
schmerzvoll	neg 1.0		off 0.511791547699092 neg 0.42132984689034575 __DUMMY__ 0.06687860541056236	false	0.5
vorzeitig	neg 1.0		off 0.5177943269428085 neg 0.4153142056180145 __DUMMY__ 0.06689146743917701	false	0.5
unvollkommenheit	neg 1.0		off 0.5108384906058985 neg 0.4217586727838261 __DUMMY__ 0.06740283661027535	false	0.5
intervenieren	neg 1.0		off 0.5066242268224208 neg 0.42610633545252474 __DUMMY__ 0.06726943772505456	false	0.5
banause	off 1.0		off 0.5203808838396383 neg 0.41456286692467265 __DUMMY__ 0.06505624923568892	false	1.0
rebell	neg 1.0		off 0.5027597885244897 neg 0.4295998284884046 __DUMMY__ 0.06764038298710584	false	0.5
unlogisch	neg 1.0		off 0.5184011208183938 neg 0.4153490836489538 __DUMMY__ 0.06624979553265244	false	0.5
leiden	neg 1.0		off 0.5089295662807123 neg 0.4230174094270157 __DUMMY__ 0.06805302429227214	false	0.5
abschaffung	neg 1.0		off 0.5111877743295583 neg 0.42197885753296177 __DUMMY__ 0.06683336813748	false	0.5
sturz	neg 1.0		off 0.5166541525276436 neg 0.4158841671184053 __DUMMY__ 0.06746168035395095	false	0.5
verkleinerung	neg 1.0		off 0.5125121087993373 neg 0.42120297938904755 __DUMMY__ 0.06628491181161511	false	0.5
schmarotzer	off 1.0		off 0.5096313445261894 neg 0.4230868091069153 __DUMMY__ 0.06728184636689523	false	1.0
bestrafung	neg 1.0	neg 1.0	neg 0.6944664249836745 off 0.2734783195465506 __DUMMY__ 0.03205525546977492	false	1.0
achtlos	neg 1.0		off 0.5101518182599202 neg 0.42253000381574607 __DUMMY__ 0.0673181779243336	false	0.5
ungeheuer	neg 1.0		off 0.5099203855033928 neg 0.4232578370315931 __DUMMY__ 0.06682177746501405	false	0.5
unaufrichtig	neg 1.0		off 0.5159214172925305 neg 0.4172742004642478 __DUMMY__ 0.06680438224322192	false	0.5
groggy	neg 1.0		off 0.5153276899266321 neg 0.4176871405297549 __DUMMY__ 0.06698516954361307	false	0.5
verletzlich	neg 1.0		off 0.5134748063322907 neg 0.4203384334707447 __DUMMY__ 0.06618676019696466	false	0.5
ablehnen	neg 1.0		off 0.5091067898692572 neg 0.4234778765099155 __DUMMY__ 0.06741533362082745	false	0.5
