unsolidarisch	neg 1.0		off 0.5434652998456105 neg 0.4495632299208895 __DUMMY__ 0.006971470233499898	false	0.5
nachteilig	neg 1.0		off 0.5431247926783682 neg 0.4498068907368603 __DUMMY__ 0.007068316584771565	false	0.5
skeptisch	neg 1.0		off 0.5408023671381422 neg 0.45213555736269007 __DUMMY__ 0.007062075499167735	false	0.5
schrecklich	neg 1.0		off 0.5515864051920008 neg 0.44150737378824095 __DUMMY__ 0.006906221019758408	false	0.5
schlapp	neg 1.0	neg 1.0	neg 0.7060834134187747 off 0.29061848683691893 __DUMMY__ 0.0032980997443062864	false	1.0
abfall	neg 1.0		off 0.5388331678389673 neg 0.45406314564716543 __DUMMY__ 0.0071036865138673685	false	0.5
widerspenstig	neg 1.0		off 0.5423910464234928 neg 0.4506191038984228 __DUMMY__ 0.006989849678084448	false	0.5
abrupt	neg 1.0		off 0.5386454016203266 neg 0.45431738245008263 __DUMMY__ 0.007037215929590747	false	0.5
unwirksam	neg 1.0		off 0.5402336866503377 neg 0.45283696101251625 __DUMMY__ 0.006929352337146052	false	0.5
angreifen	neg 1.0		off 0.54003593978756 neg 0.45289953982876807 __DUMMY__ 0.007064520383671777	false	0.5
inkonsistent	neg 1.0		off 0.5452135417357202 neg 0.4478316450478234 __DUMMY__ 0.006954813216456342	false	0.5
abrutschen	neg 1.0		off 0.5378241687265854 neg 0.4550799185220791 __DUMMY__ 0.007095912751335572	false	0.5
unsicher	neg 1.0		off 0.5448707474829544 neg 0.4481090021332393 __DUMMY__ 0.007020250383806182	false	0.5
bauernkind	off 1.0	off 1.0	off 0.761402004795546 neg 0.23536064498935336 __DUMMY__ 0.003237350215100555	false	1.0
angreifer	neg 1.0		off 0.5505238757710778 neg 0.442462584884943 __DUMMY__ 0.007013539343979099	false	0.5
trennen	neg 1.0		off 0.540391234706621 neg 0.4525338326108939 __DUMMY__ 0.007074932682485129	false	0.5
schmutz	neg 1.0		off 0.5504537551696913 neg 0.4425167029992091 __DUMMY__ 0.007029541831099542	false	0.5
inkonsistenz	neg 1.0		off 0.5486777315931676 neg 0.44436481728846794 __DUMMY__ 0.006957451118364441	false	0.5
erschreckend	neg 1.0		off 0.5436684633517341 neg 0.4493156999356707 __DUMMY__ 0.007015836712595038	false	0.5
ertrinken	neg 1.0		off 0.5384742298383781 neg 0.4544751921882057 __DUMMY__ 0.007050577973416172	false	0.5
pickelface	off 1.0		off 0.5457018659059668 neg 0.4472848540165442 __DUMMY__ 0.007013280077488903	false	1.0
seiner			off 0.5410196292695055 neg 0.4519096528760716 __DUMMY__ 0.00707071785442284	false	0.0
lauch	neg 1.0	neg 1.0	neg 0.7107693640449962 off 0.285849211818913 __DUMMY__ 0.003381424136090731	false	1.0
unwichtig	neg 1.0		off 0.5482756627005808 neg 0.4447709537652128 __DUMMY__ 0.006953383534206475	false	0.5
steuerhinterziehung	neg 1.0		off 0.5426895761910286 neg 0.45031418575562776 __DUMMY__ 0.006996238053343586	false	0.5
schock	neg 1.0		off 0.5427706196373159 neg 0.4502061798233784 __DUMMY__ 0.007023200539305785	false	0.5
beule	neg 1.0		off 0.5489843725648528 neg 0.4441075455271967 __DUMMY__ 0.006908081907950616	false	0.5
vergelten	neg 1.0		off 0.5539273044471118 neg 0.4391556281777272 __DUMMY__ 0.0069170673751611355	false	0.5
verdorbenheit	neg 1.0		off 0.5458337660546244 neg 0.4471654039576279 __DUMMY__ 0.00700082998774768	false	0.5
trauma	neg 1.0		off 0.545031499428867 neg 0.44798361540081083 __DUMMY__ 0.006984885170322339	false	0.5
sinnlos	neg 1.0		off 0.5459951459482288 neg 0.447017321823241 __DUMMY__ 0.00698753222853008	false	0.5
fettsack	off 1.0	off 1.0	off 0.7629347635343712 neg 0.23382029875142724 __DUMMY__ 0.003244937714201583	false	1.0
feige	off 1.0	off 1.0	off 0.7608259735157374 neg 0.23588163441347312 __DUMMY__ 0.003292392070789448	false	1.0
abdanken	neg 1.0		off 0.544643151095336 neg 0.4483363168014357 __DUMMY__ 0.007020532103228162	false	0.5
wichtigtuer	off 1.0	off 1.0	off 0.759949703340147 neg 0.236730718922343 __DUMMY__ 0.0033195777375100623	false	1.0
misslingen	neg 1.0		off 0.5492119360772343 neg 0.4437437409171624 __DUMMY__ 0.007044323005603266	false	0.5
untreu	off 1.0		off 0.5485550159603481 neg 0.44451489091516544 __DUMMY__ 0.0069300931244865175	false	1.0
missmutig	neg 1.0		off 0.5459963537572157 neg 0.44705535428026333 __DUMMY__ 0.006948291962520917	false	0.5
hurenbock	off 1.0		off 0.5418799220947196 neg 0.45116322096176964 __DUMMY__ 0.006956856943510767	false	1.0
betrunken	neg 1.0		off 0.5499149861203207 neg 0.4431791828898342 __DUMMY__ 0.0069058309898449325	false	0.5
korrupt	off 1.0		off 0.5414986352720387 neg 0.4515112080057315 __DUMMY__ 0.006990156722229942	false	1.0
unmut	neg 1.0		off 0.5393194066745983 neg 0.4535998236064362 __DUMMY__ 0.007080769718965563	false	0.5
hackfresse	off 1.0		off 0.5546489933874618 neg 0.43850359674397404 __DUMMY__ 0.006847409868564385	false	1.0
aufblasen	neg 1.0		off 0.5436195223737535 neg 0.4493911285496712 __DUMMY__ 0.006989349076575264	false	0.5
gewaltsam	neg 1.0		off 0.5458182868739069 neg 0.44714689410308645 __DUMMY__ 0.007034819023006594	false	0.5
unbeliebtheit	neg 1.0		off 0.54996868358661 neg 0.44308524119339054 __DUMMY__ 0.006946075219999324	false	0.5
sturheit	neg 1.0		off 0.5449527186443568 neg 0.44801082697662103 __DUMMY__ 0.007036454379022094	false	0.5
kuh	neg 1.0		off 0.5414065494224438 neg 0.4517090708070114 __DUMMY__ 0.00688437977054475	false	0.5
erschrecken	neg 1.0		off 0.5474006274354856 neg 0.44563789088791933 __DUMMY__ 0.00696148167659514	false	0.5
opfer	neg 1.0		off 0.543334337866248 neg 0.4495959174650814 __DUMMY__ 0.007069744668670769	false	0.5
sinken	neg 1.0		off 0.5380878353899372 neg 0.45486343257765294 __DUMMY__ 0.007048732032409856	false	0.5
stinktier	neg 1.0		off 0.549768949586313 neg 0.4434079592064903 __DUMMY__ 0.0068230912071967536	false	0.5
tucke	off 1.0		off 0.5536624228301371 neg 0.43955601217765905 __DUMMY__ 0.006781564992203782	false	1.0
ein			off 0.5408479829252502 neg 0.45217788513141394 __DUMMY__ 0.0069741319433357755	false	0.0
abstieg	neg 1.0		off 0.5460716038709637 neg 0.446847291446383 __DUMMY__ 0.007081104682653253	false	0.5
missverstehen	neg 1.0		off 0.5466057819456781 neg 0.4464184021981666 __DUMMY__ 0.006975815856155492	false	0.5
ergebnislos	neg 1.0		off 0.5437735658203422 neg 0.4491457510726092 __DUMMY__ 0.007080683107048777	false	0.5
unter			off 0.5368130546502246 neg 0.45601958521660874 __DUMMY__ 0.007167360133166735	false	0.0
manipulieren	neg 1.0		off 0.5414625174596664 neg 0.4514738131799461 __DUMMY__ 0.007063669360387547	false	0.5
unbewiesen	neg 1.0		off 0.5447189127527419 neg 0.44829631786858515 __DUMMY__ 0.006984769378672983	false	0.5
verschleppen	neg 1.0		off 0.541732422087055 neg 0.4512397724667603 __DUMMY__ 0.007027805446184735	false	0.5
weib	off 1.0		off 0.5557694244415928 neg 0.43741741142498397 __DUMMY__ 0.0068131641334232725	false	1.0
opposition	neg 1.0		off 0.5442382970912985 neg 0.44879713913141217 __DUMMY__ 0.006964563777289477	false	0.5
verkehrswidrig	neg 1.0		off 0.5564430432280367 neg 0.4366171220992772 __DUMMY__ 0.006939834672686041	false	0.5
inkorrekt	neg 1.0		off 0.5512514109092368 neg 0.4418438429599396 __DUMMY__ 0.00690474613082377	false	0.5
vermeiden	neg 1.0		off 0.5388038463866605 neg 0.4540768314008211 __DUMMY__ 0.007119322212518372	false	0.5
abweichung	neg 1.0		off 0.5432696026599989 neg 0.4496886029401834 __DUMMY__ 0.00704179439981779	false	0.5
alkoholisiert	neg 1.0		off 0.5437359306278865 neg 0.44915799104318704 __DUMMY__ 0.007106078328926472	false	0.5
scheiss	off 1.0	off 1.0	off 0.7613548805209077 neg 0.23536445752045593 __DUMMY__ 0.003280661958636416	false	1.0
herausforderung	neg 1.0		off 0.5424728175355907 neg 0.4504907922254879 __DUMMY__ 0.007036390238921407	false	0.5
pervers	off 1.0		off 0.5579726066673837 neg 0.43523392817374984 __DUMMY__ 0.006793465158866516	false	1.0
wackelig	neg 1.0		off 0.5423185307420993 neg 0.4506443058449897 __DUMMY__ 0.007037163412911019	false	0.5
verwickeln	neg 1.0		off 0.5454800383113804 neg 0.4475399355735143 __DUMMY__ 0.0069800261151053465	false	0.5
vorwand	neg 1.0		off 0.5399622593443311 neg 0.4529661848369326 __DUMMY__ 0.007071555818736405	false	0.5
muschi	off 1.0		off 0.5456372198640248 neg 0.44732614392623443 __DUMMY__ 0.007036636209740792	false	1.0
entmutigung	neg 1.0		off 0.5431204801833929 neg 0.44994965169331175 __DUMMY__ 0.006929868123295242	false	0.5
unangemessen	neg 1.0		off 0.543800976451089 neg 0.4491726876678741 __DUMMY__ 0.007026335881036732	false	0.5
unstetig	neg 1.0		off 0.5484395081819857 neg 0.4445901543891324 __DUMMY__ 0.006970337428881869	false	0.5
entmutigen	neg 1.0		off 0.544610571251949 neg 0.44839942872982635 __DUMMY__ 0.00699000001822468	false	0.5
schwanz	neg 1.0		off 0.5432652459528935 neg 0.4496880829401103 __DUMMY__ 0.007046671106996117	false	0.5
verbot	neg 1.0		off 0.5421507179712166 neg 0.45084197661765396 __DUMMY__ 0.007007305411129398	false	0.5
leid	neg 1.0		off 0.5526584584880728 neg 0.44045824838238845 __DUMMY__ 0.0068832931295387005	false	0.5
archaisch	neg 1.0		off 0.5430070008153133 neg 0.4499729245852917 __DUMMY__ 0.007020074599394979	false	0.5
gegen			off 0.541016145911649 neg 0.4518880278106118 __DUMMY__ 0.007095826277739163	false	0.0
scheidung	neg 1.0		off 0.5637972054793993 neg 0.4293961479995817 __DUMMY__ 0.006806646521019087	false	0.5
einschlag	neg 1.0		off 0.5549631483570902 neg 0.4380893035352927 __DUMMY__ 0.0069475481076170945	false	0.5
m			off 0.54299443438606 neg 0.4499697685504262 __DUMMY__ 0.007035797063513776	false	0.0
abgestanden	neg 1.0		off 0.5387469692260227 neg 0.45433653961882237 __DUMMY__ 0.0069164911551549725	false	0.5
schmierig	off 1.0		off 0.551344976282807 neg 0.44178240523819157 __DUMMY__ 0.006872618479001543	false	1.0
unpraktisch	neg 1.0		off 0.5457875897915093 neg 0.44721610133012785 __DUMMY__ 0.0069963088783629454	false	0.5
wixxer	off 1.0		off 0.5571986260466236 neg 0.43602802509471145 __DUMMY__ 0.006773348858665048	false	1.0
bezeichnet			off 0.5453824104785732 neg 0.44760123651201167 __DUMMY__ 0.00701635300941523	false	0.0
jammerlappen	off 1.0		off 0.5481247254885303 neg 0.4449293824256609 __DUMMY__ 0.00694589208580878	false	1.0
farce	neg 1.0		off 0.5431295737128546 neg 0.44988545307948646 __DUMMY__ 0.006984973207658677	false	0.5
zwecklos	neg 1.0		off 0.5422146978282004 neg 0.4507603971249995 __DUMMY__ 0.00702490504679997	false	0.5
turbulent	neg 1.0		off 0.549280711192454 neg 0.44381019001916766 __DUMMY__ 0.006909098788378208	false	0.5
invasion	neg 1.0		off 0.5463769339862522 neg 0.4466470165685975 __DUMMY__ 0.006976049445150129	false	0.5
schuld	neg 1.0		off 0.5453886931179561 neg 0.4476162662694829 __DUMMY__ 0.006995040612561047	false	0.5
risiko	neg 1.0		off 0.5442417429458838 neg 0.4488040444680091 __DUMMY__ 0.006954212586107248	false	0.5
finster	neg 1.0		off 0.5414256629921526 neg 0.45160592731376265 __DUMMY__ 0.006968409694084789	false	0.5
geisteskrank	off 1.0		off 0.550281863077224 neg 0.4427987696376873 __DUMMY__ 0.0069193672850886645	false	1.0
zusammenbrechen	neg 1.0		off 0.5419436069968797 neg 0.45103888373971796 __DUMMY__ 0.0070175092634024066	false	0.5
ausbeute	neg 1.0		off 0.545016022716919 neg 0.44794224059910237 __DUMMY__ 0.007041736683978617	false	0.5
hinterhalt	neg 1.0		off 0.5437136764420804 neg 0.4492610698733506 __DUMMY__ 0.007025253684569073	false	0.5
kritik	neg 1.0		off 0.5429279527998235 neg 0.4500837654557482 __DUMMY__ 0.006988281744428246	false	0.5
einschrumpfen	neg 1.0		off 0.5474294022572718 neg 0.44564292955025575 __DUMMY__ 0.006927668192472504	false	0.5
riskant	neg 1.0		off 0.540555847235331 neg 0.4523907528181607 __DUMMY__ 0.007053399946508314	false	0.5
frustrieren	neg 1.0		off 0.5408547081835732 neg 0.45210781406860306 __DUMMY__ 0.007037477747823703	false	0.5
groll	neg 1.0		off 0.5435670500104576 neg 0.449392984931396 __DUMMY__ 0.007039965058146403	false	0.5
gibt			off 0.5425490020794089 neg 0.45041467412260483 __DUMMY__ 0.007036323797986166	false	0.0
qualvoll	neg 1.0		off 0.5452459325652723 neg 0.4477822744783627 __DUMMY__ 0.006971792956364897	false	0.5
wackeln	neg 1.0		off 0.5434993887207411 neg 0.4494997626152901 __DUMMY__ 0.00700084866396869	false	0.5
klagen	neg 1.0		off 0.5395366652932252 neg 0.4534036680580874 __DUMMY__ 0.007059666648687317	false	0.5
bankrott	neg 1.0		off 0.5489805282835458 neg 0.44405011633898744 __DUMMY__ 0.006969355377466883	false	0.5
trauern	neg 1.0		off 0.543802899350481 neg 0.449098090063199 __DUMMY__ 0.007099010586320018	false	0.5
ablehnung	neg 1.0		off 0.5425631076168029 neg 0.4504394433465228 __DUMMY__ 0.006997449036674111	false	0.5
stur	neg 1.0		off 0.5444392137224108 neg 0.4485797784713823 __DUMMY__ 0.006981007806207002	false	0.5
aufruhr	neg 1.0		off 0.5437701558476079 neg 0.44923614710170945 __DUMMY__ 0.0069936970506825355	false	0.5
melancholie	neg 1.0		off 0.5376506600877701 neg 0.4553339598767595 __DUMMY__ 0.007015380035470368	false	0.5
ist			off 0.5455868013510734 neg 0.4474259059810176 __DUMMY__ 0.006987292667908876	false	0.0
torheit	neg 1.0		off 0.5455800318977406 neg 0.4474259018387682 __DUMMY__ 0.006994066263491324	false	0.5
dreckskind	off 1.0		off 0.5555770401687071 neg 0.4375892042699997 __DUMMY__ 0.00683375556129308	false	1.0
umtauschen	neg 1.0		off 0.5432890993002105 neg 0.44970694592805355 __DUMMY__ 0.007003954771735883	false	0.5
zum			off 0.5414820415361612 neg 0.45135990877000415 __DUMMY__ 0.007158049693834562	false	0.0
zersetzen	neg 1.0		off 0.5393736401627426 neg 0.45358773992108553 __DUMMY__ 0.00703861991617185	false	0.5
zur			off 0.539301806574778 neg 0.4535741407813975 __DUMMY__ 0.007124052643824431	false	0.0
frust	neg 1.0		off 0.5418097567233133 neg 0.4511688391775736 __DUMMY__ 0.00702140409911319	false	0.5
unerbittlichkeit	neg 1.0		off 0.5423682931175284 neg 0.45056739550977076 __DUMMY__ 0.007064311372700715	false	0.5
zwei			off 0.5381054835448562 neg 0.45477687841709813 __DUMMY__ 0.007117638038045721	false	0.0
unkorrekt	neg 1.0		off 0.5500602594034711 neg 0.4430269333784215 __DUMMY__ 0.0069128072181074505	false	0.5
hexe	off 1.0		off 0.5450064990655228 neg 0.4480908264270461 __DUMMY__ 0.006902674507431168	false	1.0
lasch	neg 1.0		off 0.5473038569967794 neg 0.4457428044061703 __DUMMY__ 0.006953338597050381	false	0.5
rivale	neg 1.0		off 0.5523392200030459 neg 0.44074585397024396 __DUMMY__ 0.006914926026710063	false	0.5
mutlos	off 1.0	off 1.0	off 0.7575150489942382 neg 0.239134735271909 __DUMMY__ 0.0033502157338528593	false	1.0
wirr	off 1.0		off 0.5508463873098745 neg 0.4422734402330799 __DUMMY__ 0.006880172457045516	false	1.0
jahr			off 0.5445051254263115 neg 0.4483803906312836 __DUMMY__ 0.007114483942404936	false	0.0
wird			off 0.5423763574175738 neg 0.45057788301818047 __DUMMY__ 0.007045759564245531	false	0.0
strafbar	neg 1.0		off 0.5416803823105286 neg 0.4512630259566257 __DUMMY__ 0.007056591732845698	false	0.5
erosion	neg 1.0		off 0.5451112027058944 neg 0.44787611637408853 __DUMMY__ 0.007012680920016895	false	0.5
eingehen	neg 1.0		off 0.5404813835727373 neg 0.4524826254250937 __DUMMY__ 0.0070359910021688754	false	0.5
faul	off 1.0		off 0.5477104229244566 neg 0.44533346634774246 __DUMMY__ 0.006956110727800871	false	1.0
provisorium	neg 1.0		off 0.5372709631564531 neg 0.4555569034894771 __DUMMY__ 0.0071721333540698306	false	0.5
schmerzen	neg 1.0		off 0.5413613623413452 neg 0.45164944696001214 __DUMMY__ 0.006989190698642604	false	0.5
schrumpfen	neg 1.0		off 0.5359439493570887 neg 0.45698375887875214 __DUMMY__ 0.0070722917641590725	false	0.5
geistlos	off 1.0		off 0.5457521664617053 neg 0.4472922031256347 __DUMMY__ 0.006955630412659995	false	1.0
fehlkauf	neg 1.0		off 0.5461043862802815 neg 0.4469252604519946 __DUMMY__ 0.006970353267723967	false	0.5
frustrierend	neg 1.0		off 0.5469611109728756 neg 0.44608142068799417 __DUMMY__ 0.006957468339130179	false	0.5
unzufrieden	neg 1.0		off 0.542418822714076 neg 0.45054835222705286 __DUMMY__ 0.007032825058871074	false	0.5
verzweifeln	neg 1.0		off 0.543525788648637 neg 0.44945385647451125 __DUMMY__ 0.00702035487685164	false	0.5
verzweifelt	neg 1.0		off 0.5445346589125627 neg 0.44848390614890077 __DUMMY__ 0.006981434938536722	false	0.5
misstrauensantrag	neg 1.0		off 0.5452119200993247 neg 0.44781866859972114 __DUMMY__ 0.006969411300954236	false	0.5
abfallen	neg 1.0		off 0.5433885894452241 neg 0.44962224806209267 __DUMMY__ 0.006989162492683132	false	0.5
fucker	off 1.0		off 0.5515075156106107 neg 0.4415724034500171 __DUMMY__ 0.0069200809393722305	false	1.0
ungezogen	neg 1.0		off 0.5566267490286737 neg 0.4365476842074795 __DUMMY__ 0.00682556676384675	false	0.5
irrsinnig	neg 1.0	neg 1.0	neg 0.7078616525618101 off 0.2888131031758589 __DUMMY__ 0.003325244262331039	false	1.0
unfassbar	neg 1.0		off 0.5494571693259886 neg 0.4435985392427679 __DUMMY__ 0.00694429143124353	false	0.5
hart	neg 1.0		off 0.547371997727708 neg 0.4457276522464894 __DUMMY__ 0.0069003500258025445	false	0.5
widerlich	off 1.0		off 0.5494745137467486 neg 0.4435949277325446 __DUMMY__ 0.006930558520706639	false	1.0
fatal	neg 1.0	neg 1.0	neg 0.7082678709949778 off 0.2884349410734947 __DUMMY__ 0.003297187931527483	false	1.0
bruch	neg 1.0		off 0.538700260028722 neg 0.45422098496336666 __DUMMY__ 0.007078755007911235	false	0.5
aushungern	neg 1.0		off 0.5421955314956388 neg 0.4508007374863792 __DUMMY__ 0.007003731017981935	false	0.5
anspannung	neg 1.0		off 0.5392867706503566 neg 0.4535807493015472 __DUMMY__ 0.0071324800480960845	false	0.5
von			off 0.5403126835345772 neg 0.4526179702416966 __DUMMY__ 0.007069346223726188	false	0.0
kraftlos	neg 1.0		off 0.5414784066449352 neg 0.4514921841687337 __DUMMY__ 0.007029409186331224	false	0.5
vom			off 0.5386894058971333 neg 0.4541279389169246 __DUMMY__ 0.007182655185942044	false	0.0
grenzdebil	off 1.0		off 0.5485616241239647 neg 0.44451545330673825 __DUMMY__ 0.006922922569297119	false	1.0
vor			off 0.5394101951047685 neg 0.4535058138434078 __DUMMY__ 0.00708399105182371	false	0.0
unterwerfen	neg 1.0		off 0.5426568718352373 neg 0.4502865618426654 __DUMMY__ 0.007056566322097375	false	0.5
versenkung	neg 1.0		off 0.5422712721131847 neg 0.45066381171999975 __DUMMY__ 0.007064916166815523	false	0.5
entziehen	neg 1.0		off 0.5400165849189286 neg 0.4529087518376888 __DUMMY__ 0.007074663243382694	false	0.5
finanzkrise	neg 1.0		off 0.5385605801570964 neg 0.45451413845311806 __DUMMY__ 0.006925281389785584	false	0.5
schimpfend	neg 1.0		off 0.5460712711086525 neg 0.44691607217585283 __DUMMY__ 0.007012656715494712	false	0.5
profan	neg 1.0		off 0.5453715289626768 neg 0.4476612593545539 __DUMMY__ 0.00696721168276923	false	0.5
korruption	neg 1.0		off 0.5408931286763843 neg 0.45210984824134604 __DUMMY__ 0.00699702308226956	false	0.5
â			off 0.5422758174344442 neg 0.4506856928168088 __DUMMY__ 0.007038489748747013	false	0.0
schmutzig	neg 1.0		off 0.5485078816879857 neg 0.4445726552158507 __DUMMY__ 0.0069194630961637105	false	0.5
sexy	neg 1.0		off 0.5481532073477544 neg 0.4448725641856009 __DUMMY__ 0.006974228466644483	false	0.5
abraten	neg 1.0		off 0.5462844924366895 neg 0.44672438722779323 __DUMMY__ 0.006991120335517311	false	0.5
schwarz	neg 1.0		off 0.5466208021615075 neg 0.44639138594857614 __DUMMY__ 0.006987811889916324	false	0.5
fotze	off 1.0	off 1.0	off 0.7584639794476677 neg 0.2381819390158693 __DUMMY__ 0.0033540815364629553	false	1.0
verwirren	neg 1.0		off 0.5462178857416622 neg 0.44680762226778503 __DUMMY__ 0.006974491990552808	false	0.5
zahnlos	off 1.0		off 0.543169432178954 neg 0.44980813681011 __DUMMY__ 0.007022431010935927	false	1.0
verheeren	neg 1.0		off 0.5578076132816341 neg 0.4353768617934058 __DUMMY__ 0.006815524924960199	false	0.5
hippie	neg 1.0		off 0.547387109046109 neg 0.4456423826639987 __DUMMY__ 0.006970508289892428	false	0.5
rammen	neg 1.0		off 0.545746210631441 neg 0.44724462656875974 __DUMMY__ 0.007009162799799364	false	0.5
unlauter	neg 1.0		off 0.5451160521727304 neg 0.4479172241381574 __DUMMY__ 0.006966723689112159	false	0.5
unheilvoll	neg 1.0		off 0.5444498139240536 neg 0.4485717224295368 __DUMMY__ 0.00697846364640956	false	0.5
niedrig	neg 1.0		off 0.540051647294556 neg 0.4529405947343999 __DUMMY__ 0.007007757971044195	false	0.5
explosion	neg 1.0		off 0.5477234509167663 neg 0.4452997118095092 __DUMMY__ 0.0069768372737245374	false	0.5
weichei	off 1.0	off 1.0	off 0.7623764163234434 neg 0.2343770300516167 __DUMMY__ 0.0032465536249399267	false	1.0
minusmensch	off 1.0		off 0.5575983664504227 neg 0.4355851465905226 __DUMMY__ 0.006816486959054725	false	1.0
farblos	neg 1.0		off 0.5454350404800155 neg 0.44757473886500054 __DUMMY__ 0.006990220654983951	false	0.5
unwissend	neg 1.0	neg 1.0	neg 0.7063248415339893 off 0.2903760163795188 __DUMMY__ 0.003299142086491891	false	1.0
traurig	neg 1.0		off 0.5514483212758954 neg 0.4416380108660554 __DUMMY__ 0.006913667858049185	false	0.5
senkung	neg 1.0		off 0.5427244010354213 neg 0.45036454744535337 __DUMMY__ 0.006911051519225249	false	0.5
ungleich	neg 1.0	neg 1.0	neg 0.709581704797261 off 0.2870674569320909 __DUMMY__ 0.003350838270648149	false	1.0
heikel	neg 1.0		off 0.5408661793692378 neg 0.4520799706209957 __DUMMY__ 0.007053850009766593	false	0.5
drosselung	neg 1.0		off 0.5467584133239739 neg 0.44635364265111044 __DUMMY__ 0.00688794402491556	false	0.5
falsch	neg 1.0		off 0.5482202591478257 neg 0.4448096901754654 __DUMMY__ 0.006970050676708841	false	0.5
unzufriedenheit	neg 1.0		off 0.5394738148386353 neg 0.45348726458324057 __DUMMY__ 0.007038920578124165	false	0.5
kurz	neg 1.0		off 0.5435991196554738 neg 0.44935540915120586 __DUMMY__ 0.007045471193320134	false	0.5
unsinnig	neg 1.0		off 0.5423512614824041 neg 0.45065123620714187 __DUMMY__ 0.006997502310453951	false	0.5
penner	off 1.0	off 1.0	off 0.7636425880667284 neg 0.23311364622935427 __DUMMY__ 0.003243765703917325	false	1.0
seicht	neg 1.0		off 0.5535229657770349 neg 0.4396780109386009 __DUMMY__ 0.006799023284364164	false	0.5
dummheit	off 1.0	off 1.0	off 0.7593348162479817 neg 0.2373577516213423 __DUMMY__ 0.003307432130675921	false	1.0
unerfreulich	neg 1.0		off 0.5408034433509762 neg 0.4521369207942502 __DUMMY__ 0.0070596358547736346	false	0.5
motherfucker	off 1.0	off 1.0	off 0.7619832309464954 neg 0.2347297529199605 __DUMMY__ 0.003287016133544053	false	1.0
pikiert	neg 1.0		off 0.5476499442202383 neg 0.4454214824096673 __DUMMY__ 0.006928573370094613	false	0.5
wrack	neg 1.0		off 0.5472722260814167 neg 0.4456347069612346 __DUMMY__ 0.007093066957348601	false	0.5
gangster	neg 1.0		off 0.5474543228313614 neg 0.445579240285564 __DUMMY__ 0.006966436883074753	false	0.5
krank	neg 1.0		off 0.5495876016708975 neg 0.4434761185588326 __DUMMY__ 0.006936279770269945	false	0.5
reich	neg 1.0		off 0.5441971565284243 neg 0.44890277998977096 __DUMMY__ 0.006900063481804888	false	0.5
gnadenlos	neg 1.0		off 0.5456765716920481 neg 0.4473179202162577 __DUMMY__ 0.007005508091694088	false	0.5
niedergeschlagen	neg 1.0		off 0.5430212238937397 neg 0.449933572449099 __DUMMY__ 0.0070452036571610884	false	0.5
terrorisieren	off 1.0	off 1.0	off 0.7570915721093197 neg 0.23954996729922395 __DUMMY__ 0.0033584605914564426	false	1.0
sinnlosigkeit	neg 1.0		off 0.542884960824772 neg 0.45008679946083574 __DUMMY__ 0.007028239714392444	false	0.5
behindern	neg 1.0		off 0.5437691921785907 neg 0.449228780656987 __DUMMY__ 0.007002027164422485	false	0.5
undemokratisch	neg 1.0		off 0.5453875609980798 neg 0.4476455848449668 __DUMMY__ 0.006966854156953362	false	0.5
wirtschaftskrise	neg 1.0		off 0.5396991305391159 neg 0.4533147868329147 __DUMMY__ 0.00698608262796939	false	0.5
neid	neg 1.0		off 0.5463453476966331 neg 0.44669715163319895 __DUMMY__ 0.006957500670167892	false	0.5
rutschen	neg 1.0		off 0.537445622760552 neg 0.4554407350314124 __DUMMY__ 0.007113642208035756	false	0.5
rezession	neg 1.0		off 0.5465168467750885 neg 0.44665173009455117 __DUMMY__ 0.006831423130360302	false	0.5
fehlgeburt	neg 1.0		off 0.5455444022973277 neg 0.4474430079434202 __DUMMY__ 0.007012589759251948	false	0.5
charakterschwach	off 1.0		off 0.5486072132021179 neg 0.4444643473105157 __DUMMY__ 0.006928439487366215	false	1.0
isolation	neg 1.0		off 0.5486069000880668 neg 0.44441610937053083 __DUMMY__ 0.006976990541402293	false	0.5
ablenkung	neg 1.0		off 0.5447034567030581 neg 0.4482760450612504 __DUMMY__ 0.007020498235691489	false	0.5
pech	neg 1.0		off 0.5469448500612282 neg 0.4461112843239905 __DUMMY__ 0.0069438656147811665	false	0.5
vermeidung	neg 1.0		off 0.548161917646654 neg 0.44492356218785795 __DUMMY__ 0.00691452016548808	false	0.5
dominieren	neg 1.0		off 0.5434866725548153 neg 0.44948621512504217 __DUMMY__ 0.007027112320142534	false	0.5
schwindlig	neg 1.0		off 0.5450118187686388 neg 0.4480193578363112 __DUMMY__ 0.0069688233950500325	false	0.5
lutscher	neg 1.0		off 0.5551826790482063 neg 0.4380353592501076 __DUMMY__ 0.006781961701685973	false	0.5
pflicht	neg 1.0		off 0.5407151916230283 neg 0.4522022589297373 __DUMMY__ 0.00708254944723434	false	0.5
faschist	off 1.0		off 0.5477020670430699 neg 0.4453313300246933 __DUMMY__ 0.006966602932236879	false	1.0
verschleudern	neg 1.0		off 0.5380185381049757 neg 0.4549905157188156 __DUMMY__ 0.006990946176208709	false	0.5
wenn			off 0.5475331973858757 neg 0.4455225579284825 __DUMMY__ 0.00694424468564194	false	0.0
ehebruch	neg 1.0		off 0.5417166534754283 neg 0.4512523401725985 __DUMMY__ 0.007031006351973159	false	0.5
spott	off 1.0		off 0.5430321236164998 neg 0.44991397675679196 __DUMMY__ 0.007053899626708225	false	1.0
trostlosigkeit	neg 1.0		off 0.538509449400798 neg 0.4544412732986726 __DUMMY__ 0.007049277300529348	false	0.5
lutschen	neg 1.0		off 0.5487574147607941 neg 0.44427293561243225 __DUMMY__ 0.006969649626773784	false	0.5
undiszipliniert	neg 1.0		off 0.5503344666798744 neg 0.44275303918887665 __DUMMY__ 0.006912494131248912	false	0.5
kopfschmerz	neg 1.0		off 0.5383906250895985 neg 0.4546199765566583 __DUMMY__ 0.006989398353743242	false	0.5
unvorhergesehen	neg 1.0		off 0.5407756789019015 neg 0.452148220420686 __DUMMY__ 0.007076100677412481	false	0.5
desinteressiert	neg 1.0		off 0.5496699948962392 neg 0.4434126933008048 __DUMMY__ 0.006917311802956092	false	0.5
armselig	off 1.0		off 0.551967985502099 neg 0.44113050842690454 __DUMMY__ 0.006901506070996401	false	1.0
desaster	neg 1.0		off 0.538323828247552 neg 0.4546162443205593 __DUMMY__ 0.007059927431888622	false	0.5
tod	neg 1.0		off 0.5419419757888015 neg 0.45100762119485605 __DUMMY__ 0.007050403016342328	false	0.5
herzlos	neg 1.0		off 0.5510624493174295 neg 0.44203760354947325 __DUMMY__ 0.00689994713309731	false	0.5
unwissenheit	neg 1.0		off 0.5424607775786623 neg 0.4505104846944313 __DUMMY__ 0.0070287377269064154	false	0.5
widersinnig	neg 1.0		off 0.5413686315049736 neg 0.4516511156428989 __DUMMY__ 0.00698025285212753	false	0.5
bedenklich	neg 1.0		off 0.5411505728858198 neg 0.4518202990051481 __DUMMY__ 0.007029128109032166	false	0.5
beanstanden	neg 1.0		off 0.5418796445852603 neg 0.4510354935741109 __DUMMY__ 0.007084861840628839	false	0.5
panisch	neg 1.0		off 0.5461852716840794 neg 0.44682325768089265 __DUMMY__ 0.006991470635027956	false	0.5
debil	off 1.0		off 0.5366984706547102 neg 0.4561566275896092 __DUMMY__ 0.007144901755680739	false	1.0
abstrich	neg 1.0		off 0.5436182494369574 neg 0.4493614659777752 __DUMMY__ 0.0070202845852674715	false	0.5
primitiv	neg 1.0		off 0.5502255234712073 neg 0.4428516289576062 __DUMMY__ 0.006922847571186495	false	0.5
abschaum	off 1.0	off 1.0	off 0.7616994750782462 neg 0.2349909192767761 __DUMMY__ 0.0033096056449777585	false	1.0
provozieren	neg 1.0		off 0.5446496135230718 neg 0.44836093866913523 __DUMMY__ 0.006989447807792903	false	0.5
tot	neg 1.0		off 0.5431658065472715 neg 0.4498041479766055 __DUMMY__ 0.007030045476123071	false	0.5
instabil	neg 1.0		off 0.5503229063127266 neg 0.442808828800073 __DUMMY__ 0.006868264887200324	false	0.5
schwuchtel	off 1.0	off 1.0	off 0.766917592947119 neg 0.22987978627934708 __DUMMY__ 0.0032026207735339606	false	1.0
zerren	neg 1.0		off 0.5427684263099801 neg 0.45018788083665173 __DUMMY__ 0.007043692853368181	false	0.5
kinderficker	off 1.0		off 0.5536205643269307 neg 0.439508050332147 __DUMMY__ 0.006871385340922301	false	1.0
gefahr	neg 1.0		off 0.5410203819511269 neg 0.4519039663203135 __DUMMY__ 0.007075651728559606	false	0.5
rabiat	neg 1.0		off 0.5426061375977753 neg 0.4503943477695322 __DUMMY__ 0.006999514632692531	false	0.5
verlangsamung	neg 1.0		off 0.5535897742964666 neg 0.4395792535899832 __DUMMY__ 0.006830972113550345	false	0.5
ausgestorben	neg 1.0		off 0.5439055290526789 neg 0.44906657462507554 __DUMMY__ 0.0070278963222456204	false	0.5
anklagen	neg 1.0		off 0.5433201114824958 neg 0.4496557239412867 __DUMMY__ 0.007024164576217557	false	0.5
trott	neg 1.0		off 0.5445625352581297 neg 0.4484275275430971 __DUMMY__ 0.0070099371987731975	false	0.5
verminderung	neg 1.0		off 0.5482122131630865 neg 0.4448739618307778 __DUMMY__ 0.00691382500613571	false	0.5
nach			off 0.5379375920484939 neg 0.4549139583104763 __DUMMY__ 0.007148449641029881	false	0.0
rost	neg 1.0		off 0.5583362298242823 neg 0.4347924447489001 __DUMMY__ 0.006871325426817515	false	0.5
destruktiv	neg 1.0		off 0.5435565385477437 neg 0.4494463638533537 __DUMMY__ 0.0069970975989027155	false	0.5
unzumutbarkeit	neg 1.0		off 0.5503371658100232 neg 0.44271707250740583 __DUMMY__ 0.006945761682570976	false	0.5
labil	off 1.0	off 1.0	off 0.760700684364943 neg 0.2359960459331815 __DUMMY__ 0.003303269701875518	false	1.0
ziemlich	neg 1.0		off 0.5495939159582446 neg 0.4434533510492966 __DUMMY__ 0.006952732992458835	false	0.5
lachnummer	off 1.0		off 0.5452461684521933 neg 0.44774409017912076 __DUMMY__ 0.007009741368685803	false	1.0
oder			off 0.5453123042384711 neg 0.4476766636296875 __DUMMY__ 0.007011032131841277	false	0.0
verfall	neg 1.0		off 0.5365450611638897 neg 0.45637691734355745 __DUMMY__ 0.00707802149255274	false	0.5
ausgrenzung	neg 1.0		off 0.5452485247315542 neg 0.4477853421413463 __DUMMY__ 0.0069661331270993625	false	0.5
unordnung	neg 1.0		off 0.553305465378384 neg 0.43979523362966516 __DUMMY__ 0.006899300991950901	false	0.5
fehlverhalten	neg 1.0		off 0.5414064274167494 neg 0.45154028073591185 __DUMMY__ 0.007053291847338822	false	0.5
eine			off 0.5389831980898301 neg 0.45395198517163204 __DUMMY__ 0.007064816738537724	false	0.0
nille	neg 1.0		off 0.5456835949865914 neg 0.4472983173743399 __DUMMY__ 0.007018087639068789	false	0.5
qual	neg 1.0		off 0.5440742283965004 neg 0.44891562031781107 __DUMMY__ 0.007010151285688432	false	0.5
verschwenden	neg 1.0		off 0.5394590390177109 neg 0.45351128923682105 __DUMMY__ 0.0070296717454680965	false	0.5
riesig	neg 1.0		off 0.5425645740536135 neg 0.45037398860217476 __DUMMY__ 0.00706143734421171	false	0.5
verurteilen	neg 1.0		off 0.5429185691943635 neg 0.45005574238543417 __DUMMY__ 0.0070256884202022415	false	0.5
klischee	neg 1.0	neg 1.0	neg 0.7070813350070626 off 0.28961854884039523 __DUMMY__ 0.003300116152542121	false	1.0
diktatorisch	neg 1.0		off 0.5456722796867121 neg 0.44735967354125034 __DUMMY__ 0.006968046772037668	false	0.5
vorhersehbar	neg 1.0		off 0.5458645111885281 neg 0.44717904356347815 __DUMMY__ 0.006956445247993575	false	0.5
sowie			off 0.5515792581237374 neg 0.4415658230240474 __DUMMY__ 0.006854918852215118	false	0.0
stornieren	neg 1.0		off 0.5504046943203744 neg 0.442565480717539 __DUMMY__ 0.0070298249620866825	false	0.5
besteuerung	neg 1.0	neg 1.0	neg 0.7096365989857274 off 0.2870668253660842 __DUMMY__ 0.003296575648188386	false	1.0
ungeschminkt	neg 1.0		off 0.5504768223302448 neg 0.44260146031261866 __DUMMY__ 0.006921717357136521	false	0.5
kritisch	neg 1.0		off 0.5426035911430755 neg 0.45036393322083174 __DUMMY__ 0.007032475636092686	false	0.5
schlamperei	off 1.0		off 0.5416764916702752 neg 0.45127744347669324 __DUMMY__ 0.007046064853031486	false	1.0
sucht	neg 1.0	neg 1.0	neg 0.7063565165144742 off 0.29030255011077194 __DUMMY__ 0.003340933374753889	false	1.0
egoistisch	off 1.0	off 1.0	off 0.7637575176402285 neg 0.23297217658430483 __DUMMY__ 0.003270305775466695	false	1.0
ausbeuter	off 1.0		off 0.5391052012262342 neg 0.453870968634277 __DUMMY__ 0.007023830139488889	false	1.0
arschgeburt	off 1.0		off 0.5593874962064651 neg 0.43385983381255455 __DUMMY__ 0.0067526699809805505	false	1.0
schubs	neg 1.0		off 0.5400744867556081 neg 0.4529180854805777 __DUMMY__ 0.007007427763814185	false	0.5
unsolide	neg 1.0		off 0.5463220348115413 neg 0.44671120452174884 __DUMMY__ 0.006966760666709747	false	0.5
beschwerde	neg 1.0		off 0.5433265092829294 neg 0.4496391586508215 __DUMMY__ 0.007034332066249278	false	0.5
stocken	neg 1.0		off 0.5418769897960398 neg 0.4510857205224659 __DUMMY__ 0.0070372896814943145	false	0.5
isolieren	neg 1.0		off 0.5414551520948143 neg 0.45153770850979635 __DUMMY__ 0.007007139395389288	false	0.5
unheilbar	neg 1.0		off 0.5439900664226514 neg 0.4490113009077122 __DUMMY__ 0.0069986326696364265	false	0.5
pisser	off 1.0	off 1.0	off 0.7631495683172164 neg 0.23355895833953827 __DUMMY__ 0.003291473343245375	false	1.0
löschen	neg 1.0		off 0.5450813886241394 neg 0.44791587749613654 __DUMMY__ 0.00700273387972409	false	0.5
durchfallen	neg 1.0		off 0.5426133995893594 neg 0.4503499882178346 __DUMMY__ 0.007036612192805932	false	0.5
wichser	off 1.0	off 1.0	off 0.7650361292110992 neg 0.23173805030017836 __DUMMY__ 0.00322582048872233	false	1.0
terror	neg 1.0		off 0.547343121025219 neg 0.4456838765282658 __DUMMY__ 0.006973002446515216	false	0.5
krass	neg 1.0		off 0.5526725623114056 neg 0.4404453995145735 __DUMMY__ 0.006882038174020945	false	0.5
revolte	neg 1.0		off 0.5447735851807949 neg 0.4483040130564659 __DUMMY__ 0.006922401762739277	false	0.5
besorgt	neg 1.0		off 0.5440182983195396 neg 0.44893257753984017 __DUMMY__ 0.007049124140620249	false	0.5
nachlassen	neg 1.0		off 0.5430362323073846 neg 0.44990880835674746 __DUMMY__ 0.007054959335867869	false	0.5
alt	neg 1.0		off 0.5372424373190016 neg 0.45578534223350026 __DUMMY__ 0.006972220447498248	false	0.5
hundesohn	off 1.0	off 1.0	off 0.7650514339105924 neg 0.23171062344905732 __DUMMY__ 0.0032379426403503033	false	1.0
als			off 0.5417724827199749 neg 0.45121263128174144 __DUMMY__ 0.00701488599828365	false	0.0
abschreckung	neg 1.0		off 0.5400071425218396 neg 0.45294203405400413 __DUMMY__ 0.007050823424156242	false	0.5
unqualifiziert	neg 1.0		off 0.5481542867550588 neg 0.4448862992930418 __DUMMY__ 0.006959413951899463	false	0.5
abgewichst	off 1.0		off 0.5448966250733176 neg 0.4480815551865663 __DUMMY__ 0.007021819740116256	false	1.0
schwer	neg 1.0		off 0.543172820966294 neg 0.4498231774922749 __DUMMY__ 0.007004001541430907	false	0.5
bedeutungslosigkeit	neg 1.0		off 0.5406988676644939 neg 0.45225130475178915 __DUMMY__ 0.007049827583716897	false	0.5
kapitulation	neg 1.0		off 0.5409169503002089 neg 0.4520710683209453 __DUMMY__ 0.0070119813788457296	false	0.5
unscharf	neg 1.0		off 0.542602763868337 neg 0.4504731472782479 __DUMMY__ 0.006924088853415194	false	0.5
schwinden	neg 1.0		off 0.5393921437311939 neg 0.4535805243101619 __DUMMY__ 0.00702733195864426	false	0.5
versklavung	neg 1.0	neg 1.0	neg 0.7080641158121406 off 0.2886241357488246 __DUMMY__ 0.003311748439034921	false	1.0
schlecht	neg 1.0		off 0.5499746537554708 neg 0.44306936650661727 __DUMMY__ 0.0069559797379119106	false	0.5
verhasst	neg 1.0		off 0.5452112305313963 neg 0.4478070163405902 __DUMMY__ 0.006981753128013503	false	0.5
beschweren	neg 1.0		off 0.5467174849818329 neg 0.4462840501752939 __DUMMY__ 0.00699846484287332	false	0.5
scheiden	neg 1.0		off 0.5433405688244588 neg 0.4496712649266895 __DUMMY__ 0.006988166248851623	false	0.5
frustriert	neg 1.0		off 0.5433901881652947 neg 0.449584518493549 __DUMMY__ 0.007025293341156171	false	0.5
schimmelig	neg 1.0		off 0.5399450064180605 neg 0.4530546426023837 __DUMMY__ 0.0070003509795558	false	0.5
fisch	neg 1.0		off 0.5357956367163808 neg 0.4571937415345856 __DUMMY__ 0.007010621749033603	false	0.5
schmuggel	neg 1.0		off 0.5410316292272997 neg 0.45187880364461286 __DUMMY__ 0.007089567128087344	false	0.5
auffallen	neg 1.0		off 0.5460910930457002 neg 0.44693043282307937 __DUMMY__ 0.006978474131220249	false	0.5
konkurrenz	neg 1.0		off 0.5411082899920201 neg 0.45182433715689685 __DUMMY__ 0.007067372851083161	false	0.5
teufelskreis	neg 1.0	neg 1.0	neg 0.7097800302106909 off 0.2869016996809348 __DUMMY__ 0.003318270108374283	false	1.0
aufschreien	neg 1.0		off 0.5458757719962457 neg 0.44716430075277824 __DUMMY__ 0.006959927250976099	false	0.5
schuldner	neg 1.0		off 0.5379176072740355 neg 0.45507364701829145 __DUMMY__ 0.007008745707673058	false	0.5
missgeburt	off 1.0	off 1.0	off 0.7658117595855016 neg 0.23091992882599183 __DUMMY__ 0.003268311588506496	false	1.0
arbeitslos	neg 1.0		off 0.5423525439729658 neg 0.450612338091295 __DUMMY__ 0.007035117935739243	false	0.5
befallen	neg 1.0		off 0.5407024262316988 neg 0.4523266918515631 __DUMMY__ 0.0069708819167382035	false	0.5
miesepetrig	off 1.0	off 1.0	off 0.7604934094219081 neg 0.2362073044554149 __DUMMY__ 0.0032992861226770237	false	1.0
alarmieren	neg 1.0		off 0.548797601451753 neg 0.4442438101790025 __DUMMY__ 0.006958588369244456	false	0.5
ungeduscht	off 1.0		off 0.5472286356687833 neg 0.44583015037969176 __DUMMY__ 0.006941213951524843	false	1.0
knappheit	neg 1.0		off 0.5401456237972964 neg 0.45286366892057794 __DUMMY__ 0.006990707282125573	false	0.5
schlange	neg 1.0		off 0.5445562441141499 neg 0.4484416171687153 __DUMMY__ 0.0070021387171347585	false	0.5
harsch	neg 1.0		off 0.5548629379295564 neg 0.4382076834082798 __DUMMY__ 0.006929378662163795	false	0.5
lang	neg 1.0		off 0.54580486505448 neg 0.4471986302237651 __DUMMY__ 0.006996504721754833	false	0.5
ziellos	neg 1.0		off 0.5414383076035256 neg 0.4515037480041631 __DUMMY__ 0.007057944392311357	false	0.5
selbstverliebt	neg 1.0		off 0.5584635257829672 neg 0.4347302873248083 __DUMMY__ 0.006806186892224701	false	0.5
beseitigen	neg 1.0		off 0.546345351156896 neg 0.4466182185939736 __DUMMY__ 0.007036430249130351	false	0.5
dumm	off 1.0		off 0.5540305488480226 neg 0.43911248865485725 __DUMMY__ 0.006856962497120159	false	1.0
arbeitsloser	neg 1.0		off 0.5452751798240904 neg 0.4476476492735289 __DUMMY__ 0.007077170902380837	false	0.5
blitzen	neg 1.0		off 0.5478743155270844 neg 0.4451621651264742 __DUMMY__ 0.006963519346441292	false	0.5
hilflos	neg 1.0		off 0.5421493197010585 neg 0.4508213448435529 __DUMMY__ 0.0070293354553887044	false	0.5
eklig	off 1.0		off 0.5529597804284355 neg 0.4402108635872989 __DUMMY__ 0.006829355984265475	false	1.0
begriff			off 0.5441407068014812 neg 0.4488466252936958 __DUMMY__ 0.007012667904822906	false	0.0
hungersnot	neg 1.0		off 0.5405772491280844 neg 0.45242671870033296 __DUMMY__ 0.006996032171582596	false	0.5
ungesetzlich	neg 1.0		off 0.5451013869551598 neg 0.4479376376763166 __DUMMY__ 0.006960975368523687	false	0.5
verschwendung	neg 1.0		off 0.5404438417240401 neg 0.45250969862421464 __DUMMY__ 0.007046459651745286	false	0.5
schmerzvoll	neg 1.0		off 0.5445481954409306 neg 0.44847704438466446 __DUMMY__ 0.00697476017440503	false	0.5
vorzeitig	neg 1.0		off 0.5506008692537379 neg 0.4424232441799681 __DUMMY__ 0.00697588656629403	false	0.5
unvollkommenheit	neg 1.0		off 0.5438459014634712 neg 0.449124506873044 __DUMMY__ 0.0070295916634847315	false	0.5
intervenieren	neg 1.0		off 0.5395283347487831 neg 0.4534558392992594 __DUMMY__ 0.0070158259519573895	false	0.5
banause	off 1.0		off 0.552313225460417 neg 0.4409035915689692 __DUMMY__ 0.00678318297061391	false	1.0
rebell	neg 1.0		off 0.5358320716661809 neg 0.4571133605285452 __DUMMY__ 0.0070545678052739095	false	0.5
unlogisch	neg 1.0		off 0.5509004080626974 neg 0.44219095374132744 __DUMMY__ 0.006908638195975341	false	0.5
leiden	neg 1.0		off 0.5422446625007138 neg 0.45065743585731227 __DUMMY__ 0.007097901641973823	false	0.5
abschaffung	neg 1.0		off 0.5439147305695253 neg 0.44911535401475877 __DUMMY__ 0.0069699154157157675	false	0.5
sturz	neg 1.0		off 0.5497297289558507 neg 0.4432344853353744 __DUMMY__ 0.007035785708774717	false	0.5
verkleinerung	neg 1.0		off 0.5449813019193931 neg 0.44810645031191826 __DUMMY__ 0.006912247768688573	false	0.5
schmarotzer	off 1.0		off 0.5425649032222841 neg 0.45041795052245376 __DUMMY__ 0.00701714625526212	false	1.0
bestrafung	neg 1.0	neg 1.0	neg 0.7074887919721065 off 0.2891757327690782 __DUMMY__ 0.0033354752588154396	false	1.0
achtlos	neg 1.0		off 0.5431111429382837 neg 0.44986795377464495 __DUMMY__ 0.007020903287071451	false	0.5
ungeheuer	neg 1.0		off 0.5426374901242728 neg 0.450393910491791 __DUMMY__ 0.006968599383936256	false	0.5
