unsolidarisch	neg 1.0		off 0.5107382009930039 neg 0.4224144548756439 __DUMMY__ 0.06684734413135231	false	0.5
nachteilig	neg 1.0		off 0.509947503807285 neg 0.4222824138641253 __DUMMY__ 0.0677700823285898	false	0.5
skeptisch	neg 1.0		off 0.5076721115806716 neg 0.42461836483862275 __DUMMY__ 0.06770952358070575	false	0.5
schrecklich	neg 1.0		off 0.5190932215938401 neg 0.41467983395594366 __DUMMY__ 0.06622694445021629	false	0.5
schlapp	neg 1.0	neg 1.0	neg 0.6932136619564669 off 0.27508860872871976 __DUMMY__ 0.031697729314813315	false	1.0
abfall	neg 1.0		off 0.5055258790398307 neg 0.42636748599393787 __DUMMY__ 0.06810663496623146	false	0.5
widerspenstig	neg 1.0		off 0.5095746409173924 neg 0.4234018453140205 __DUMMY__ 0.06702351376858708	false	0.5
abrupt	neg 1.0		off 0.5056387548272704 neg 0.4268852565065007 __DUMMY__ 0.06747598866622882	false	0.5
unwirksam	neg 1.0		off 0.5077158126804054 neg 0.42583670041897975 __DUMMY__ 0.06644748690061479	false	0.5
angreifen	neg 1.0		off 0.5069013213776249 neg 0.425365978420526 __DUMMY__ 0.06773270020184916	false	0.5
inkonsistent	neg 1.0		off 0.5125369644261919 neg 0.42077219714253067 __DUMMY__ 0.06669083843127736	false	0.5
abrutschen	neg 1.0		off 0.5045584592325336 neg 0.427409663293848 __DUMMY__ 0.06803187747361841	false	0.5
unsicher	neg 1.0		off 0.5119028134460033 neg 0.4207855024760194 __DUMMY__ 0.06731168407797733	false	0.5
bauernkind	off 1.0	off 1.0	off 0.7461518064582228 neg 0.2227321841415851 __DUMMY__ 0.031116009400192067	false	1.0
angreifer	neg 1.0		off 0.5175477476193135 neg 0.4152025970052663 __DUMMY__ 0.06724965537542026	false	0.5
trennen	neg 1.0		off 0.507200385789182 neg 0.42496689537541293 __DUMMY__ 0.06783271883540508	false	0.5
schmutz	neg 1.0		off 0.5173994781285413 neg 0.41519642141199953 __DUMMY__ 0.06740410045945919	false	0.5
inkonsistenz	neg 1.0		off 0.5159719781893917 neg 0.41731319167801956 __DUMMY__ 0.06671483013258882	false	0.5
erschreckend	neg 1.0		off 0.5107317785980253 neg 0.42199905654826286 __DUMMY__ 0.0672691648537119	false	0.5
ertrinken	neg 1.0		off 0.5054119055839545 neg 0.4269872578987735 __DUMMY__ 0.06760083651727179	false	0.5
pickelface	off 1.0		off 0.5127572594983032 neg 0.41999660508457837 __DUMMY__ 0.06724613541711835	false	1.0
seiner			off 0.507846232142577 neg 0.4243618169782193 __DUMMY__ 0.06779195087920359	false	0.0
lauch	neg 1.0	neg 1.0	neg 0.6975675399859603 off 0.26993643650611376 __DUMMY__ 0.03249602350792591	false	1.0
unwichtig	neg 1.0		off 0.5155904259176453 neg 0.41773434125678016 __DUMMY__ 0.06667523282557454	false	0.5
steuerhinterziehung	neg 1.0		off 0.5098519357575468 neg 0.4230640812126094 __DUMMY__ 0.0670839830298437	false	0.5
schock	neg 1.0		off 0.509801514924566 neg 0.42285802395596 __DUMMY__ 0.06734046111947385	false	0.5
beule	neg 1.0		off 0.5164962149918314 neg 0.4172579649803642 __DUMMY__ 0.06624582002780449	false	0.5
vergelten	neg 1.0		off 0.5213714334727276 neg 0.41229641402764705 __DUMMY__ 0.06633215249962528	false	0.5
verdorbenheit	neg 1.0		off 0.5129380634607258 neg 0.41993352442087795 __DUMMY__ 0.0671284121183962	false	0.5
trauma	neg 1.0		off 0.5122233157625747 neg 0.42080218254765417 __DUMMY__ 0.06697450168977097	false	0.5
sinnlos	neg 1.0		off 0.5131700806369627 neg 0.4198298082937078 __DUMMY__ 0.06700011106932954	false	0.5
fettsack	off 1.0	off 1.0	off 0.7476502334901016 neg 0.22116130835574502 __DUMMY__ 0.031188458154153307	false	1.0
feige	off 1.0	off 1.0	off 0.7453273589407378 neg 0.22303026010559232 __DUMMY__ 0.03164238095366992	false	1.0
abdanken	neg 1.0		off 0.5116807740664275 neg 0.42100406863153117 __DUMMY__ 0.06731515730204138	false	0.5
wichtigtuer	off 1.0	off 1.0	off 0.7443252615152576 neg 0.2237718785810135 __DUMMY__ 0.03190285990372886	false	1.0
misslingen	neg 1.0		off 0.5160971651597717 neg 0.4163591833929244 __DUMMY__ 0.06754365144730388	false	0.5
untreu	off 1.0		off 0.5159755264981001 neg 0.4175709033935764 __DUMMY__ 0.06645357010832356	false	1.0
missmutig	neg 1.0		off 0.5133496667187352 neg 0.42002263702852116 __DUMMY__ 0.06662769625274358	false	0.5
hurenbock	off 1.0		off 0.5092158942589097 neg 0.42407271490350973 __DUMMY__ 0.06671139083758044	false	1.0
betrunken	neg 1.0		off 0.5174336377121909 neg 0.41634283346424433 __DUMMY__ 0.06622352882356475	false	0.5
korrupt	off 1.0		off 0.5086992661403579 neg 0.4242756311873264 __DUMMY__ 0.06702510267231576	false	1.0
unmut	neg 1.0		off 0.5061154679990173 neg 0.4259969874229288 __DUMMY__ 0.0678875445780539	false	0.5
hackfresse	off 1.0		off 0.5224042995436959 neg 0.4119283908681509 __DUMMY__ 0.06566730958815292	false	1.0
aufblasen	neg 1.0		off 0.5107991595757563 neg 0.42218252253622457 __DUMMY__ 0.0670183178880192	false	0.5
gewaltsam	neg 1.0		off 0.5127752948734067 neg 0.4197725409310541 __DUMMY__ 0.0674521641955392	false	0.5
unbeliebtheit	neg 1.0		off 0.5173080678802728 neg 0.41608408856596435 __DUMMY__ 0.06660784355376279	false	0.5
sturheit	neg 1.0		off 0.511914199199659 neg 0.4206199204370298 __DUMMY__ 0.06746588036331126	false	0.5
kuh	neg 1.0		off 0.5090790489286761 neg 0.4249001300340821 __DUMMY__ 0.06602082103724188	false	0.5
erschrecken	neg 1.0		off 0.5146842207332345 neg 0.41856323942413926 __DUMMY__ 0.06675253984262619	false	0.5
opfer	neg 1.0		off 0.5101504994793633 neg 0.4220665326762017 __DUMMY__ 0.06778296784443508	false	0.5
sinken	neg 1.0		off 0.505038744390486 neg 0.42737707546769327 __DUMMY__ 0.06758418014182074	false	0.5
stinktier	neg 1.0		off 0.5176710846248447 neg 0.4168926459399417 __DUMMY__ 0.06543626943521354	false	0.5
tucke	off 1.0		off 0.521725627294785 neg 0.4132326221794403 __DUMMY__ 0.06504175052577464	false	1.0
ein			off 0.5081153601595079 neg 0.4250103145750946 __DUMMY__ 0.06687432526539745	false	0.0
abstieg	neg 1.0		off 0.5128165109246462 neg 0.4192906187275767 __DUMMY__ 0.06789287034777709	false	0.5
missverstehen	neg 1.0		off 0.5138310050896042 neg 0.41928035806739966 __DUMMY__ 0.06688863684299622	false	0.5
ergebnislos	neg 1.0		off 0.5105369570258512 neg 0.42157488098303597 __DUMMY__ 0.0678881619911128	false	0.5
unter			off 0.5032211145053157 neg 0.42806601911629305 __DUMMY__ 0.06871286637839125	false	0.0
manipulieren	neg 1.0		off 0.5083230913067733 neg 0.42395159578752395 __DUMMY__ 0.06772531290570279	false	0.5
unbewiesen	neg 1.0		off 0.5119226975299098 neg 0.42110299280826147 __DUMMY__ 0.06697430966182875	false	0.5
verschleppen	neg 1.0		off 0.5087563679453536 neg 0.42385892613394344 __DUMMY__ 0.06738470592070299	false	0.5
weib	off 1.0		off 0.5236762800478951 neg 0.41098199493582177 __DUMMY__ 0.065341725016283	false	1.0
opposition	neg 1.0		off 0.5115266797168442 neg 0.4216904662395739 __DUMMY__ 0.06678285404358188	false	0.5
verkehrswidrig	neg 1.0		off 0.5237535985177438 neg 0.40969702197021046 __DUMMY__ 0.06654937951204569	false	0.5
inkorrekt	neg 1.0		off 0.5187730797976411 neg 0.4150139999731951 __DUMMY__ 0.06621292022916377	false	0.5
vermeiden	neg 1.0		off 0.5054202483083813 neg 0.42632379659340053 __DUMMY__ 0.06825595509821816	false	0.5
abweichung	neg 1.0		off 0.5102144116091032 neg 0.4222674603973925 __DUMMY__ 0.0675181279935043	false	0.5
alkoholisiert	neg 1.0		off 0.510365825424462 neg 0.4215012051081906 __DUMMY__ 0.06813296946734722	false	0.5
scheiss	off 1.0	off 1.0	off 0.7459023702881373 neg 0.2225666891827488 __DUMMY__ 0.0315309405291138	false	1.0
herausforderung	neg 1.0		off 0.5094485870904425 neg 0.4230845774739311 __DUMMY__ 0.06746683543562654	false	0.5
pervers	off 1.0		off 0.5259536442136556 neg 0.40889223705250516 __DUMMY__ 0.0651541187338393	false	1.0
wackelig	neg 1.0		off 0.509284775385782 neg 0.4232414593090491 __DUMMY__ 0.06747376530516885	false	0.5
verwickeln	neg 1.0		off 0.5126943872181199 neg 0.4203769705604849 __DUMMY__ 0.06692864222139529	false	0.5
vorwand	neg 1.0		off 0.5067948138234804 neg 0.42540532136633635 __DUMMY__ 0.06779986481018344	false	0.5
muschi	off 1.0		off 0.5125851373707361 neg 0.4199464718947883 __DUMMY__ 0.06746839073447575	false	1.0
entmutigung	neg 1.0		off 0.5105874590054044 neg 0.4229604881512353 __DUMMY__ 0.06645205284336039	false	0.5
unangemessen	neg 1.0		off 0.5108154626314556 neg 0.4218151940587444 __DUMMY__ 0.0673693433097999	false	0.5
unstetig	neg 1.0		off 0.515670158202571 neg 0.4174900117609994 __DUMMY__ 0.0668398300364296	false	0.5
entmutigen	neg 1.0		off 0.5117826936177252 neg 0.4211930833342365 __DUMMY__ 0.06702422304803834	false	0.5
schwanz	neg 1.0		off 0.5101795652337248 neg 0.42225579404029917 __DUMMY__ 0.06756464072597615	false	0.5
verbot	neg 1.0		off 0.5092679020971957 neg 0.4235433019301911 __DUMMY__ 0.06718879597261325	false	0.5
leid	neg 1.0		off 0.5202603297381088 neg 0.41373063385637593 __DUMMY__ 0.06600903640551535	false	0.5
archaisch	neg 1.0		off 0.510055114147367 neg 0.42263449498500605 __DUMMY__ 0.06731039086762686	false	0.5
gegen			off 0.5077318847981163 neg 0.4242366529539263 __DUMMY__ 0.06803146224795749	false	0.0
scheidung	neg 1.0		off 0.5316830813058429 neg 0.40303542027448436 __DUMMY__ 0.06528149841967273	false	0.5
einschlag	neg 1.0		off 0.5222540361424647 neg 0.41112438739964424 __DUMMY__ 0.06662157645789109	false	0.5
m			off 0.5099630203637292 neg 0.42257763809583054 __DUMMY__ 0.06745934154044024	false	0.0
abgestanden	neg 1.0		off 0.5062861964343703 neg 0.42738725420653007 __DUMMY__ 0.06632654935909975	false	0.5
schmierig	off 1.0		off 0.5190080408937534 neg 0.41508472697596843 __DUMMY__ 0.06590723213027805	false	1.0
unpraktisch	neg 1.0		off 0.5129166895555509 neg 0.41999834652986334 __DUMMY__ 0.06708496391458572	false	0.5
wixxer	off 1.0		off 0.5252786685894358 neg 0.4097587687503675 __DUMMY__ 0.06496256266019662	false	1.0
bezeichnet			off 0.5124307139844502 neg 0.42029494947833107 __DUMMY__ 0.06727433653721872	false	0.0
jammerlappen	off 1.0		off 0.515476444991701 neg 0.4179197381140979 __DUMMY__ 0.06660381689420122	false	1.0
farce	neg 1.0		off 0.5103418082458393 neg 0.4226819376380226 __DUMMY__ 0.06697625411613814	false	0.5
zwecklos	neg 1.0		off 0.5092468448974505 neg 0.42339758434196634 __DUMMY__ 0.067355570760583	false	0.5
turbulent	neg 1.0		off 0.516788963886289 neg 0.4169540978094928 __DUMMY__ 0.06625693830421817	false	0.5
invasion	neg 1.0		off 0.5135990037330421 neg 0.41951022172414465 __DUMMY__ 0.06689077454281325	false	0.5
schuld	neg 1.0		off 0.5125348833182135 neg 0.42039384797654805 __DUMMY__ 0.06707126870523843	false	0.5
risiko	neg 1.0		off 0.511584935624996 neg 0.4217300178521647 __DUMMY__ 0.06668504652283924	false	0.5
finster	neg 1.0		off 0.5087097012983096 neg 0.4244698886862772 __DUMMY__ 0.06682041001541301	false	0.5
geisteskrank	off 1.0		off 0.5177417941288717 neg 0.41590695993321747 __DUMMY__ 0.06635124593791092	false	1.0
zusammenbrechen	neg 1.0		off 0.5090106883397979 neg 0.42370408256773423 __DUMMY__ 0.06728522909246797	false	0.5
ausbeute	neg 1.0		off 0.5119415562796614 neg 0.4205395609859835 __DUMMY__ 0.06751888273435502	false	0.5
hinterhalt	neg 1.0		off 0.510724741193473 neg 0.42191267334021854 __DUMMY__ 0.06736258546630848	false	0.5
kritik	neg 1.0		off 0.5101270073148416 neg 0.4228653705652787 __DUMMY__ 0.06700762211987976	false	0.5
einschrumpfen	neg 1.0		off 0.5148684932864961 neg 0.41870054133895773 __DUMMY__ 0.06643096537454614	false	0.5
riskant	neg 1.0		off 0.5074672121798053 neg 0.4249059762101638 __DUMMY__ 0.06762681161003092	false	0.5
frustrieren	neg 1.0		off 0.5078377090673217 neg 0.42468701589052305 __DUMMY__ 0.0674752750421553	false	0.5
groll	neg 1.0		off 0.5105202677355178 neg 0.42198039352000943 __DUMMY__ 0.06749933874447277	false	0.5
gibt			off 0.5095255370291878 neg 0.4230101283360709 __DUMMY__ 0.06746433463474144	false	0.0
qualvoll	neg 1.0		off 0.5124957530994061 neg 0.4206527475768348 __DUMMY__ 0.06685149932375896	false	0.5
wackeln	neg 1.0		off 0.5106280899493201 neg 0.4222442138183816 __DUMMY__ 0.06712769623229839	false	0.5
klagen	neg 1.0		off 0.5064290577572743 neg 0.42588389974214724 __DUMMY__ 0.06768704250057841	false	0.5
bankrott	neg 1.0		off 0.5162109256371681 neg 0.4169610782933597 __DUMMY__ 0.0668279960694721	false	0.5
trauern	neg 1.0		off 0.5104790353838252 neg 0.4214583027983838 __DUMMY__ 0.0680626618177909	false	0.5
ablehnung	neg 1.0		off 0.5097231725261515 neg 0.4231821075526796 __DUMMY__ 0.0670947199211689	false	0.5
stur	neg 1.0		off 0.5116560965424101 neg 0.42140610861358796 __DUMMY__ 0.06693779484400181	false	0.5
aufruhr	neg 1.0		off 0.5109345895850979 neg 0.4220053316816913 __DUMMY__ 0.06706007873321074	false	0.5
melancholie	neg 1.0		off 0.5047494313585157 neg 0.42798353270733236 __DUMMY__ 0.06726703593415195	false	0.5
ist			off 0.5127653015093177 neg 0.4202368054178236 __DUMMY__ 0.0669978930728588	false	0.0
torheit	neg 1.0		off 0.5127312778181402 neg 0.42020537655312556 __DUMMY__ 0.06706334562873426	false	0.5
dreckskind	off 1.0		off 0.5233897788269861 neg 0.41107274165290325 __DUMMY__ 0.06553747952011059	false	1.0
umtauschen	neg 1.0		off 0.5103969970922919 neg 0.4224446543266913 __DUMMY__ 0.06715834858101698	false	0.5
zum			off 0.5078982717657426 neg 0.4234765900023305 __DUMMY__ 0.06862513823192692	false	0.0
zersetzen	neg 1.0		off 0.5063632292717692 neg 0.4261504617217949 __DUMMY__ 0.0674863090064358	false	0.5
zur			off 0.505895730997598 neg 0.4258038121296693 __DUMMY__ 0.06830045687273284	false	0.0
frust	neg 1.0		off 0.5088608577132839 neg 0.42381685283947756 __DUMMY__ 0.06732228944723859	false	0.5
unerbittlichkeit	neg 1.0		off 0.5092180920246954 neg 0.4230507246761596 __DUMMY__ 0.06773118329914492	false	0.5
zwei			off 0.5047300871201847 neg 0.42702996727408504 __DUMMY__ 0.06823994560573028	false	0.0
unkorrekt	neg 1.0		off 0.5175474057897234 neg 0.4161621629297762 __DUMMY__ 0.06629043128050038	false	0.5
hexe	off 1.0		off 0.5125725023523718 neg 0.42123266283894667 __DUMMY__ 0.06619483480868155	false	1.0
lasch	neg 1.0		off 0.5146291008282695 neg 0.41869592212869405 __DUMMY__ 0.0666749770430363	false	0.5
rivale	neg 1.0		off 0.5197989916967081 neg 0.4138899874625051 __DUMMY__ 0.06631102084078701	false	0.5
mutlos	off 1.0	off 1.0	off 0.7417523917289442 neg 0.2260513000640266 __DUMMY__ 0.0321963082070292	false	1.0
wirr	off 1.0		off 0.5184782779175902 neg 0.4155415795513679 __DUMMY__ 0.06598014253104181	false	1.0
jahr			off 0.511100266380716 neg 0.42068863722124855 __DUMMY__ 0.06821109639803541	false	0.0
wird			off 0.5093079918044466 neg 0.42313773432276935 __DUMMY__ 0.06755427387278412	false	0.0
strafbar	neg 1.0		off 0.5085703372300244 neg 0.4237719353540077 __DUMMY__ 0.06765772741596783	false	0.5
erosion	neg 1.0		off 0.5121708409281209 neg 0.42058934164789136 __DUMMY__ 0.06723981742398785	false	0.5
eingehen	neg 1.0		off 0.507474413354647 neg 0.42506450266616336 __DUMMY__ 0.06746108397918961	false	0.5
faul	off 1.0		off 0.5150103371718607 neg 0.41828723010493857 __DUMMY__ 0.06670243272320066	false	1.0
provisorium	neg 1.0		off 0.5036515294989664 neg 0.42758988593199315 __DUMMY__ 0.06875858456904056	false	0.5
schmerzen	neg 1.0		off 0.5085517907854362 neg 0.4244305096544138 __DUMMY__ 0.06701769956014983	false	0.5
schrumpfen	neg 1.0		off 0.5028038867395748 neg 0.42938853387665094 __DUMMY__ 0.06780757938377431	false	0.5
geistlos	off 1.0		off 0.513079878015595 neg 0.4202231962008805 __DUMMY__ 0.06669692578352449	false	1.0
fehlkauf	neg 1.0		off 0.5133556653143292 neg 0.41980747865652046 __DUMMY__ 0.06683685602915042	false	0.5
frustrierend	neg 1.0		off 0.5142674205693148 neg 0.41901833335956407 __DUMMY__ 0.06671424607112106	false	0.5
unzufrieden	neg 1.0		off 0.5094128080149155 neg 0.4231562776068731 __DUMMY__ 0.06743091437821133	false	0.5
verzweifeln	neg 1.0		off 0.5105680433778476 neg 0.42211959087762374 __DUMMY__ 0.0673123657445288	false	0.5
verzweifelt	neg 1.0		off 0.5117484848550979 neg 0.4213097091676696 __DUMMY__ 0.06694180597723244	false	0.5
misstrauensantrag	neg 1.0		off 0.5124704968120086 neg 0.4207006434671047 __DUMMY__ 0.06682885972088672	false	0.5
abfallen	neg 1.0		off 0.5105676390975863 neg 0.42241562776837527 __DUMMY__ 0.06701673313403851	false	0.5
fucker	off 1.0		off 0.5189547247625903 neg 0.4146875127237826 __DUMMY__ 0.06635776251362704	false	1.0
ungezogen	neg 1.0		off 0.5244678759189885 neg 0.41007219559665276 __DUMMY__ 0.06545992848435858	false	0.5
irrsinnig	neg 1.0	neg 1.0	neg 0.694879788238789 off 0.2731630529486883 __DUMMY__ 0.03195715881252254	false	1.0
unfassbar	neg 1.0		off 0.5168051286818984 neg 0.4166059386195723 __DUMMY__ 0.0665889326985293	false	0.5
hart	neg 1.0		off 0.5149327473527813 neg 0.41889446565781857 __DUMMY__ 0.06617278698939999	false	0.5
widerlich	off 1.0		off 0.516886093965613 neg 0.41665581690517867 __DUMMY__ 0.06645808912920839	false	1.0
fatal	neg 1.0	neg 1.0	neg 0.6953972869062419 off 0.27291441362311863 __DUMMY__ 0.03168829947063945	false	1.0
bruch	neg 1.0		off 0.5055098146069953 neg 0.426620520184736 __DUMMY__ 0.06786966520826869	false	0.5
aushungern	neg 1.0		off 0.5093306032355867 neg 0.4235145252924134 __DUMMY__ 0.06715487147199986	false	0.5
anspannung	neg 1.0		off 0.5058409445198709 neg 0.4257775966393342 __DUMMY__ 0.06838145884079484	false	0.5
von			off 0.5071471001934418 neg 0.4250713934170994 __DUMMY__ 0.06778150638945876	false	0.0
kraftlos	neg 1.0		off 0.5084911540210151 neg 0.42410944714158944 __DUMMY__ 0.0673993988373955	false	0.5
vom			off 0.5050088949424534 neg 0.42613157843471927 __DUMMY__ 0.06885952662282722	false	0.0
grenzdebil	off 1.0		off 0.5160140328352276 neg 0.41760044382477296 __DUMMY__ 0.06638552333999942	false	1.0
vor			off 0.5061868566688508 neg 0.42589491745112257 __DUMMY__ 0.06791822588002659	false	0.0
unterwerfen	neg 1.0		off 0.5095400163223741 neg 0.4228023408524702 __DUMMY__ 0.06765764282515555	false	0.5
versenkung	neg 1.0		off 0.5091194024212455 neg 0.42314389485390314 __DUMMY__ 0.06773670272485134	false	0.5
entziehen	neg 1.0		off 0.5068352096965285 neg 0.42533549108761715 __DUMMY__ 0.06782929921585422	false	0.5
finanzkrise	neg 1.0		off 0.5060773823443647 neg 0.42751424051971887 __DUMMY__ 0.06640837713591646	false	0.5
schimpfend	neg 1.0		off 0.5131210413884857 neg 0.41963689228433204 __DUMMY__ 0.06724206632718215	false	0.5
profan	neg 1.0		off 0.5126430197819989 neg 0.42054978416437455 __DUMMY__ 0.06680719605362644	false	0.5
korruption	neg 1.0		off 0.5080651329518985 neg 0.4248439971703221 __DUMMY__ 0.06709086987777935	false	0.5
â			off 0.5092369869761401 neg 0.4232779305346438 __DUMMY__ 0.06748508248921617	false	0.0
schmutzig	neg 1.0		off 0.515977188639526 neg 0.41767002293112704 __DUMMY__ 0.06635278842934685	false	0.5
sexy	neg 1.0		off 0.5153709053308339 neg 0.41775577682968107 __DUMMY__ 0.06687331783948508	false	0.5
abraten	neg 1.0		off 0.5134370413549542 neg 0.4195279008081486 __DUMMY__ 0.06703505783689723	false	0.5
schwarz	neg 1.0		off 0.5137877895028957 neg 0.41920962932073697 __DUMMY__ 0.0670025811763675	false	0.5
fotze	off 1.0	off 1.0	off 0.7426777051675778 neg 0.22508840287047818 __DUMMY__ 0.032233891961943914	false	1.0
verwirren	neg 1.0		off 0.5134506014818985 neg 0.4196733387351345 __DUMMY__ 0.06687605978296707	false	0.5
zahnlos	off 1.0		off 0.5102074432730527 neg 0.42246064943885503 __DUMMY__ 0.06733190728809221	false	1.0
verheeren	neg 1.0		off 0.5256931221963725 neg 0.4089421024992803 __DUMMY__ 0.06536477530434709	false	0.5
hippie	neg 1.0		off 0.5146289395536263 neg 0.41853337757470593 __DUMMY__ 0.06683768287166769	false	0.5
rammen	neg 1.0		off 0.5128137670698737 neg 0.41997663727970186 __DUMMY__ 0.0672095956504244	false	0.5
unlauter	neg 1.0		off 0.5123937665087943 neg 0.420802685777767 __DUMMY__ 0.06680354771343872	false	0.5
unheilvoll	neg 1.0		off 0.5116703954914744 neg 0.4214138061789774 __DUMMY__ 0.06691579832954828	false	0.5
niedrig	neg 1.0		off 0.5071730756409111 neg 0.4256318017344605 __DUMMY__ 0.06719512262462829	false	0.5
explosion	neg 1.0		off 0.5149319684673581 neg 0.41816939843772855 __DUMMY__ 0.06689863309491323	false	0.5
weichei	off 1.0	off 1.0	off 0.7470858255581759 neg 0.22171047559247953 __DUMMY__ 0.031203698849344496	false	1.0
minusmensch	off 1.0		off 0.5254836491613051 neg 0.40914312239046907 __DUMMY__ 0.06537322844822575	false	1.0
farblos	neg 1.0		off 0.5125911930952043 neg 0.4203794194500609 __DUMMY__ 0.06702938745473484	false	0.5
unwissend	neg 1.0	neg 1.0	neg 0.6934486054632902 off 0.2748441656099216 __DUMMY__ 0.03170722892678814	false	1.0
traurig	neg 1.0		off 0.5189224348520923 neg 0.41477988619204287 __DUMMY__ 0.06629767895586497	false	0.5
senkung	neg 1.0		off 0.5102724754276371 neg 0.4234540944258012 __DUMMY__ 0.06627343014656172	false	0.5
ungleich	neg 1.0	neg 1.0	neg 0.6964963186314147 off 0.27130132678861807 __DUMMY__ 0.032202354579967195	false	1.0
heikel	neg 1.0		off 0.5077730177239922 neg 0.42459569516582557 __DUMMY__ 0.06763128711018217	false	0.5
drosselung	neg 1.0		off 0.5143808899717159 neg 0.4195651012783047 __DUMMY__ 0.06605400874997938	false	0.5
falsch	neg 1.0		off 0.5154571269190915 neg 0.4177088215501412 __DUMMY__ 0.0668340515307674	false	0.5
unzufriedenheit	neg 1.0		off 0.5064627929404798 neg 0.42604821975537255 __DUMMY__ 0.06748898730414764	false	0.5
kurz	neg 1.0		off 0.5105188999870995 neg 0.4219286719214067 __DUMMY__ 0.06755242809149377	false	0.5
unsinnig	neg 1.0		off 0.5095084475582858 neg 0.4233968193012207 __DUMMY__ 0.06709473314049344	false	0.5
penner	off 1.0	off 1.0	off 0.7483657052692433 neg 0.22045742078443686 __DUMMY__ 0.031176873946319846	false	1.0
seicht	neg 1.0		off 0.5215145700832681 neg 0.41327913009854794 __DUMMY__ 0.06520629981818404	false	0.5
dummheit	off 1.0	off 1.0	off 0.7437671364978844 neg 0.22444640277784206 __DUMMY__ 0.03178646072427357	false	1.0
unerfreulich	neg 1.0		off 0.5076826676056283 neg 0.4246305346111412 __DUMMY__ 0.06768679778323057	false	0.5
motherfucker	off 1.0	off 1.0	off 0.7465085493965214 neg 0.22190052679352776 __DUMMY__ 0.03159092380995084	false	1.0
pikiert	neg 1.0		off 0.5150837105166217 neg 0.4184770985372701 __DUMMY__ 0.06643919094610805	false	0.5
wrack	neg 1.0		off 0.5139441270708112 neg 0.4180472510574682 __DUMMY__ 0.06800862187172067	false	0.5
gangster	neg 1.0		off 0.5147134270295278 neg 0.4184875716596632 __DUMMY__ 0.06679900131080897	false	0.5
krank	neg 1.0		off 0.516967241222946 neg 0.41651921343116594 __DUMMY__ 0.06651354534588817	false	0.5
reich	neg 1.0		off 0.511781892475069 neg 0.42204688419166275 __DUMMY__ 0.06617122333326837	false	0.5
gnadenlos	neg 1.0		off 0.5127725599500706 neg 0.42005647882237485 __DUMMY__ 0.06717096122755459	false	0.5
niedergeschlagen	neg 1.0		off 0.5099475015763718 neg 0.42250248033157195 __DUMMY__ 0.06755001809205632	false	0.5
terrorisieren	off 1.0	off 1.0	off 0.7412902474542826 neg 0.22643447361315622 __DUMMY__ 0.032275278932561165	false	1.0
sinnlosigkeit	neg 1.0		off 0.5098967906586356 neg 0.4227157000309071 __DUMMY__ 0.06738750931045732	false	0.5
behindern	neg 1.0		off 0.5108884392168332 neg 0.4219733698400377 __DUMMY__ 0.06713819094312891	false	0.5
undemokratisch	neg 1.0		off 0.512668494130808 neg 0.42052772569939434 __DUMMY__ 0.06680378016979785	false	0.5
wirtschaftskrise	neg 1.0		off 0.5069293406593539 neg 0.42608353509479924 __DUMMY__ 0.06698712424584694	false	0.5
neid	neg 1.0		off 0.5136509060629864 neg 0.4196335837640531 __DUMMY__ 0.06671551017296068	false	0.5
rutschen	neg 1.0		off 0.50409406439143 neg 0.42770403321166744 __DUMMY__ 0.06820190239690274	false	0.5
rezession	neg 1.0		off 0.5144087685885588 neg 0.42007590480758283 __DUMMY__ 0.06551532660385845	false	0.5
fehlgeburt	neg 1.0		off 0.5125975227967048 neg 0.4201597126024059 __DUMMY__ 0.06724276460088935	false	0.5
charakterschwach	off 1.0		off 0.5160357732959079 neg 0.4175260662765762 __DUMMY__ 0.06643816042751577	false	1.0
isolation	neg 1.0		off 0.5158062373313821 neg 0.4172933975668497 __DUMMY__ 0.0669003651017681	false	0.5
ablenkung	neg 1.0		off 0.511734084476331 neg 0.4209516903453642 __DUMMY__ 0.06731422517830485	false	0.5
pech	neg 1.0		off 0.5143045948298673 neg 0.4191087252077903 __DUMMY__ 0.06658667996234238	false	0.5
vermeidung	neg 1.0		off 0.5156518313835764 neg 0.4180415773349085 __DUMMY__ 0.06630659128151502	false	0.5
dominieren	neg 1.0		off 0.5104962753448757 neg 0.4221249605471818 __DUMMY__ 0.06737876410794232	false	0.5
schwindlig	neg 1.0		off 0.51226971593132 neg 0.42090657993285724 __DUMMY__ 0.06682370413582271	false	0.5
lutscher	neg 1.0		off 0.5232366748478391 neg 0.41171874824303817 __DUMMY__ 0.06504457690912265	false	0.5
pflicht	neg 1.0		off 0.507492685654257 neg 0.42460288444527866 __DUMMY__ 0.06790442990046443	false	0.5
faschist	off 1.0		off 0.5149663204151971 neg 0.4182319596898512 __DUMMY__ 0.06680171989495165	false	1.0
verschleudern	neg 1.0		off 0.5052369196066947 neg 0.42772933702540605 __DUMMY__ 0.06703374336789925	false	0.5
wenn			off 0.5148961960735153 neg 0.4185157045309101 __DUMMY__ 0.06658809939557449	false	0.0
ehebruch	neg 1.0		off 0.5087251197471243 neg 0.423860502620351 __DUMMY__ 0.06741437763252478	false	0.5
spott	off 1.0		off 0.5099256344962346 neg 0.4224422768744219 __DUMMY__ 0.06763208862934346	false	1.0
trostlosigkeit	neg 1.0		off 0.5054554785533236 neg 0.426955873778628 __DUMMY__ 0.06758864766804835	false	0.5
lutschen	neg 1.0		off 0.5159909880830621 neg 0.4171775335469939 __DUMMY__ 0.06683147836994405	false	0.5
undiszipliniert	neg 1.0		off 0.5178197244440393 neg 0.41589337190497927 __DUMMY__ 0.0662869036509813	false	0.5
kopfschmerz	neg 1.0		off 0.5056017100721977 neg 0.4273779757381655 __DUMMY__ 0.06702031418963679	false	0.5
unvorhergesehen	neg 1.0		off 0.5075695830023176 neg 0.4245846476210194 __DUMMY__ 0.06784576937666315	false	0.5
desinteressiert	neg 1.0		off 0.5171399047308013 neg 0.4165279686430709 __DUMMY__ 0.06633212662612778	false	0.5
armselig	off 1.0		off 0.519497580591661 neg 0.4143210890428623 __DUMMY__ 0.06618133036547677	false	1.0
desaster	neg 1.0		off 0.5052241233345626 neg 0.4270865749843647 __DUMMY__ 0.06768930168107266	false	0.5
tod	neg 1.0		off 0.5088487755685805 neg 0.42354916503704765 __DUMMY__ 0.06760205939437189	false	0.5
herzlos	neg 1.0		off 0.518603515925317 neg 0.415229668050367 __DUMMY__ 0.06616681602431596	false	0.5
unwissenheit	neg 1.0		off 0.5094733054398972 neg 0.4231342586208559 __DUMMY__ 0.06739243593924696	false	0.5
widersinnig	neg 1.0		off 0.5086154005828104 neg 0.4244536511151707 __DUMMY__ 0.06693094830201878	false	0.5
bedenklich	neg 1.0		off 0.5081701838522801 neg 0.4244341085914643 __DUMMY__ 0.06739570755625561	false	0.5
beanstanden	neg 1.0		off 0.5086372140701833 neg 0.4234360293691776 __DUMMY__ 0.06792675656063918	false	0.5
panisch	neg 1.0		off 0.5133349105031829 neg 0.41962629855518846 __DUMMY__ 0.0670387909416287	false	0.5
debil	off 1.0		off 0.5032050312960835 neg 0.4282949880687415 __DUMMY__ 0.06849998063517511	false	1.0
abstrich	neg 1.0		off 0.5106382422912238 neg 0.42204432783489626 __DUMMY__ 0.06731742987388009	false	0.5
primitiv	neg 1.0		off 0.5176681822645801 neg 0.41594725047227443 __DUMMY__ 0.06638456726314547	false	0.5
abschaum	off 1.0	off 1.0	off 0.746120897158118 neg 0.22207172815254467 __DUMMY__ 0.03180737468933726	false	1.0
provozieren	neg 1.0		off 0.511826729715819 neg 0.42115526072360804 __DUMMY__ 0.06701800956057286	false	0.5
tot	neg 1.0		off 0.5101543487040131 neg 0.42243672887386063 __DUMMY__ 0.06740892242212634	false	0.5
instabil	neg 1.0		off 0.5180156321043623 neg 0.4161171343014545 __DUMMY__ 0.06586723359418327	false	0.5
schwuchtel	off 1.0	off 1.0	off 0.7518310638344018 neg 0.21738627336950392 __DUMMY__ 0.03078266279609436	false	1.0
zerren	neg 1.0		off 0.5097069396312038 neg 0.42275828484048306 __DUMMY__ 0.06753477552831319	false	0.5
kinderficker	off 1.0		off 0.521277631023046 neg 0.412826880052602 __DUMMY__ 0.0658954889243521	false	1.0
gefahr	neg 1.0		off 0.507827888401907 neg 0.4243323927174614 __DUMMY__ 0.06783971888063178	false	0.5
rabiat	neg 1.0		off 0.509749667784188 neg 0.4231360201766475 __DUMMY__ 0.06711431203916461	false	0.5
verlangsamung	neg 1.0		off 0.5214361236784143 neg 0.4130519464988124 __DUMMY__ 0.0655119298227734	false	0.5
ausgestorben	neg 1.0		off 0.5109091255543657 neg 0.4217062871980212 __DUMMY__ 0.06738458724761309	false	0.5
anklagen	neg 1.0		off 0.5103475017152801 neg 0.42230253873162454 __DUMMY__ 0.0673499595530954	false	0.5
trott	neg 1.0		off 0.511640167826706 neg 0.4211467208813167 __DUMMY__ 0.06721311129197735	false	0.5
verminderung	neg 1.0		off 0.5157035609784261 neg 0.41799645605592567 __DUMMY__ 0.06629998296564832	false	0.5
nach			off 0.5044213623609206 neg 0.42704563179501626 __DUMMY__ 0.06853300584406331	false	0.0
rost	neg 1.0		off 0.5259569782093378 neg 0.4081461889825592 __DUMMY__ 0.065896832808103	false	0.5
destruktiv	neg 1.0		off 0.5107063602373889 neg 0.4222024167226741 __DUMMY__ 0.06709122303993705	false	0.5
unzumutbarkeit	neg 1.0		off 0.5176695494847143 neg 0.4157256776495933 __DUMMY__ 0.06660477286569252	false	0.5
labil	off 1.0	off 1.0	off 0.7451514641658905 neg 0.22310193656526625 __DUMMY__ 0.03174659926884325	false	1.0
ziemlich	neg 1.0		off 0.516901453722659 neg 0.41642897670702034 __DUMMY__ 0.06666956957032066	false	0.5
lachnummer	off 1.0		off 0.5123282653082031 neg 0.42046049940510594 __DUMMY__ 0.06721123528669105	false	1.0
oder			off 0.512379922773827 neg 0.4203955812763398 __DUMMY__ 0.06722449594983307	false	0.0
verfall	neg 1.0		off 0.5033722884210365 neg 0.4287661491253851 __DUMMY__ 0.0678615624535784	false	0.5
ausgrenzung	neg 1.0		off 0.5125329873658105 neg 0.4206699844988976 __DUMMY__ 0.06679702813529174	false	0.5
unordnung	neg 1.0		off 0.5208307072228756 neg 0.4130056783575668 __DUMMY__ 0.06616361441955763	false	0.5
fehlverhalten	neg 1.0		off 0.5083152149484881 neg 0.42405888027951577 __DUMMY__ 0.06762590477199609	false	0.5
eine			off 0.5058503705798382 neg 0.42641376319194074 __DUMMY__ 0.06773586622822104	false	0.0
nille	neg 1.0		off 0.5127197244250272 neg 0.4199890315015932 __DUMMY__ 0.0672912440733794	false	0.5
qual	neg 1.0		off 0.5111549874249165 neg 0.42162991771327285 __DUMMY__ 0.06721509486181065	false	0.5
verschwenden	neg 1.0		off 0.5064851505599677 neg 0.4261134124222403 __DUMMY__ 0.06740143701779198	false	0.5
riesig	neg 1.0		off 0.509414923300716 neg 0.4228791972186616 __DUMMY__ 0.06770587948062232	false	0.5
verurteilen	neg 1.0		off 0.5099442785165751 neg 0.4226922806235912 __DUMMY__ 0.06736344085983366	false	0.5
klischee	neg 1.0	neg 1.0	neg 0.6941987905281898 off 0.2740848647240681 __DUMMY__ 0.03171634474774205	false	1.0
diktatorisch	neg 1.0		off 0.5129462529576546 neg 0.4202384920775837 __DUMMY__ 0.06681525496476169	false	0.5
vorhersehbar	neg 1.0		off 0.5131850315842809 neg 0.4201107204376896 __DUMMY__ 0.06670424797802949	false	0.5
sowie			off 0.519323179333499 neg 0.4149381765206764 __DUMMY__ 0.06573864414582468	false	0.0
stornieren	neg 1.0		off 0.517349488979994 neg 0.41524491897951454 __DUMMY__ 0.06740559204049149	false	0.5
besteuerung	neg 1.0	neg 1.0	neg 0.6967678749568865 off 0.271549056085772 __DUMMY__ 0.0316830689573415	false	1.0
ungeschminkt	neg 1.0		off 0.5179129696705281 neg 0.41571147462735547 __DUMMY__ 0.06637555570211633	false	0.5
kritisch	neg 1.0		off 0.509599987681602 neg 0.4229723586581682 __DUMMY__ 0.06742765366023001	false	0.5
schlamperei	off 1.0		off 0.5086162765589829 neg 0.4238256043048485 __DUMMY__ 0.06755811913616869	false	1.0
sucht	neg 1.0	neg 1.0	neg 0.6933175025555295 off 0.2745736582664955 __DUMMY__ 0.032108839177974996	false	1.0
egoistisch	off 1.0	off 1.0	off 0.748356930357329 neg 0.22021189998807517 __DUMMY__ 0.031431169654595824	false	1.0
ausbeuter	off 1.0		off 0.5061666323808249 neg 0.4264878991986307 __DUMMY__ 0.06734546842054429	false	1.0
arschgeburt	off 1.0		off 0.5275543977726098 neg 0.40768022923083064 __DUMMY__ 0.06476537299655948	false	1.0
schubs	neg 1.0		off 0.5071879064276439 neg 0.4256201735554833 __DUMMY__ 0.06719192001687287	false	0.5
unsolide	neg 1.0		off 0.5135937924666454 neg 0.41960214653702677 __DUMMY__ 0.06680406099632784	false	0.5
beschwerde	neg 1.0		off 0.5103080194202775 neg 0.4222453355027274 __DUMMY__ 0.06744664507699498	false	0.5
stocken	neg 1.0		off 0.5088550813681559 neg 0.42367007124184425 __DUMMY__ 0.0674748473899998	false	0.5
isolieren	neg 1.0		off 0.5085760417453722 neg 0.4242358555923221 __DUMMY__ 0.06718810266230583	false	0.5
unheilbar	neg 1.0		off 0.5111315592015307 neg 0.4217618989670981 __DUMMY__ 0.06710654183137128	false	0.5
pisser	off 1.0	off 1.0	off 0.7476506867785437 neg 0.22071499893343383 __DUMMY__ 0.03163431428802248	false	1.0
löschen	neg 1.0		off 0.5121908552204432 neg 0.42066438185375365 __DUMMY__ 0.06714476292580321	false	0.5
durchfallen	neg 1.0		off 0.5095870454620285 neg 0.4229455521393326 __DUMMY__ 0.06746740239863905	false	0.5
wichser	off 1.0	off 1.0	off 0.7498419165555401 neg 0.21915316796063322 __DUMMY__ 0.03100491548382663	false	1.0
terror	neg 1.0		off 0.5145695047341527 neg 0.41856782301065537 __DUMMY__ 0.06686267225519185	false	0.5
krass	neg 1.0		off 0.5202778605974532 neg 0.4137244857542062 __DUMMY__ 0.06599765364834069	false	0.5
revolte	neg 1.0		off 0.5122623727195232 neg 0.4213567722590913 __DUMMY__ 0.06638085502138538	false	0.5
besorgt	neg 1.0		off 0.5109225719045852 neg 0.42148995378818166 __DUMMY__ 0.06758747430723294	false	0.5
nachlassen	neg 1.0		off 0.5099175385301865 neg 0.42243868392601974 __DUMMY__ 0.06764377754379362	false	0.5
alt	neg 1.0		off 0.5045374965004992 neg 0.4286055207995855 __DUMMY__ 0.06685698269991541	false	0.5
hundesohn	off 1.0	off 1.0	off 0.7498037211354353 neg 0.2190752094042814 __DUMMY__ 0.0311210694602834	false	1.0
als			off 0.5088512068167028 neg 0.4238880228925578 __DUMMY__ 0.0672607702907393	false	0.0
abschreckung	neg 1.0		off 0.5069382199147854 neg 0.42545911644290857 __DUMMY__ 0.06760266364230608	false	0.5
unqualifiziert	neg 1.0		off 0.5154461447332039 neg 0.4178211518330914 __DUMMY__ 0.06673270343370458	false	0.5
abgewichst	off 1.0		off 0.5119184676008611 neg 0.4207547049762346 __DUMMY__ 0.06732682742290434	false	1.0
schwer	neg 1.0		off 0.5102917118339754 neg 0.4225515756133947 __DUMMY__ 0.06715671255262987	false	0.5
bedeutungslosigkeit	neg 1.0		off 0.5076289255004041 neg 0.42477820956526113 __DUMMY__ 0.06759286493433499	false	0.5
kapitulation	neg 1.0		off 0.5080207796599278 neg 0.42474607444819745 __DUMMY__ 0.06723314589187473	false	0.5
unscharf	neg 1.0		off 0.5100801494277032 neg 0.4235212347955248 __DUMMY__ 0.06639861577677206	false	0.5
schwinden	neg 1.0		off 0.5064353804438257 neg 0.42618477743318334 __DUMMY__ 0.06737984212299092	false	0.5
versklavung	neg 1.0	neg 1.0	neg 0.6951325865743887 off 0.2730394044218503 __DUMMY__ 0.031828009003761	false	1.0
schlecht	neg 1.0		off 0.5172656797277683 neg 0.4160340709448473 __DUMMY__ 0.06670024932738453	false	0.5
verhasst	neg 1.0		off 0.5124204481208076 neg 0.4206346257945222 __DUMMY__ 0.06694492608467023	false	0.5
beschweren	neg 1.0		off 0.513836744360282 neg 0.4190590261005716 __DUMMY__ 0.06710422953914633	false	0.5
scheiden	neg 1.0		off 0.5105243696637891 neg 0.42246638073577125 __DUMMY__ 0.06700924960043951	false	0.5
frustriert	neg 1.0		off 0.5104108299784922 neg 0.42222985216426806 __DUMMY__ 0.06735931785723978	false	0.5
schimmelig	neg 1.0		off 0.5070885064062183 neg 0.425786313757605 __DUMMY__ 0.06712517983617655	false	0.5
fisch	neg 1.0		off 0.5029207730306408 neg 0.429855415967318 __DUMMY__ 0.0672238110020412	false	0.5
schmuggel	neg 1.0		off 0.5077708335600402 neg 0.4242551927029653 __DUMMY__ 0.06797397373699449	false	0.5
auffallen	neg 1.0		off 0.5133064157981619 neg 0.4197794977188815 __DUMMY__ 0.06691408648295648	false	0.5
konkurrenz	neg 1.0		off 0.5079550007089079 neg 0.42428409252980703 __DUMMY__ 0.06776090676128507	false	0.5
teufelskreis	neg 1.0	neg 1.0	neg 0.6968227749630256 off 0.27128709050275923 __DUMMY__ 0.03189013453421517	false	1.0
aufschreien	neg 1.0		off 0.513179001645965 neg 0.4200838073947242 __DUMMY__ 0.06673719095931079	false	0.5
schuldner	neg 1.0		off 0.5050554949144979 neg 0.4277417424464474 __DUMMY__ 0.06720276263905463	false	0.5
missgeburt	off 1.0	off 1.0	off 0.7504184521169175 neg 0.2181690118038967 __DUMMY__ 0.031412536079185746	false	1.0
arbeitslos	neg 1.0		off 0.5093362602654858 neg 0.423210936199558 __DUMMY__ 0.06745280353495596	false	0.5
befallen	neg 1.0		off 0.5079948952553098 neg 0.42516163390144723 __DUMMY__ 0.06684347084324309	false	0.5
miesepetrig	off 1.0	off 1.0	off 0.7449575493974329 neg 0.22333333602889816 __DUMMY__ 0.03170911457366904	false	1.0
alarmieren	neg 1.0		off 0.516090774419236 neg 0.41718328539712635 __DUMMY__ 0.06672594018363764	false	0.5
ungeduscht	off 1.0		off 0.5145953832477631 neg 0.4188432553933228 __DUMMY__ 0.06656136135891415	false	1.0
knappheit	neg 1.0		off 0.5073504206549433 neg 0.42561797047197225 __DUMMY__ 0.0670316088730844	false	0.5
schlange	neg 1.0		off 0.511669826916614 neg 0.4211901321006986 __DUMMY__ 0.06714004098268748	false	0.5
harsch	neg 1.0		off 0.5222386527431135 neg 0.4113125803608227 __DUMMY__ 0.0664487668960637	false	0.5
lang	neg 1.0		off 0.5129378176140836 neg 0.419976936027341 __DUMMY__ 0.06708524635857556	false	0.5
ziellos	neg 1.0		off 0.5083204890400679 neg 0.4240086913370167 __DUMMY__ 0.06767081962291549	false	0.5
selbstverliebt	neg 1.0		off 0.5263852454136887 neg 0.40834001243771884 __DUMMY__ 0.06527474214859243	false	0.5
beseitigen	neg 1.0		off 0.5132918916907575 neg 0.41924008182361727 __DUMMY__ 0.06746802648562525	false	0.5
dumm	off 1.0		off 0.5217473881701387 neg 0.4124946908348959 __DUMMY__ 0.06575792099496547	false	1.0
arbeitsloser	neg 1.0		off 0.5120464068321884 neg 0.42009961711327976 __DUMMY__ 0.06785397605453185	false	0.5
blitzen	neg 1.0		off 0.5151448331051821 neg 0.41808353619581456 __DUMMY__ 0.06677163069900349	false	0.5
hilflos	neg 1.0		off 0.509157846303371 neg 0.4234441942794059 __DUMMY__ 0.06739795941722318	false	0.5
eklig	off 1.0		off 0.5208097128602496 neg 0.4136947330341251 __DUMMY__ 0.06549555410562548	false	1.0
begriff			off 0.511214445889753 neg 0.4215461133877171 __DUMMY__ 0.06723944072253005	false	0.0
hungersnot	neg 1.0		off 0.5077541010111297 neg 0.42516331629191983 __DUMMY__ 0.06708258269695039	false	0.5
ungesetzlich	neg 1.0		off 0.5124143821157063 neg 0.42083785462844076 __DUMMY__ 0.06674776325585287	false	0.5
verschwendung	neg 1.0		off 0.5073881785877143 neg 0.42505105338741533 __DUMMY__ 0.06756076802487025	false	0.5
schmerzvoll	neg 1.0		off 0.5117915476990916 neg 0.4213298468903459 __DUMMY__ 0.06687860541056236	false	0.5
vorzeitig	neg 1.0		off 0.5177943269428086 neg 0.41531420561801435 __DUMMY__ 0.066891467439177	false	0.5
unvollkommenheit	neg 1.0		off 0.5108384906058983 neg 0.42175867278382645 __DUMMY__ 0.06740283661027535	false	0.5
intervenieren	neg 1.0		off 0.5066242268224203 neg 0.42610633545252513 __DUMMY__ 0.06726943772505455	false	0.5
banause	off 1.0		off 0.5203808838396389 neg 0.4145628669246723 __DUMMY__ 0.06505624923568883	false	1.0
rebell	neg 1.0		off 0.5027597885244898 neg 0.4295998284884044 __DUMMY__ 0.06764038298710577	false	0.5
unlogisch	neg 1.0		off 0.5184011208183928 neg 0.41534908364895456 __DUMMY__ 0.06624979553265258	false	0.5
leiden	neg 1.0		off 0.5089295662807124 neg 0.42301740942701554 __DUMMY__ 0.06805302429227202	false	0.5
abschaffung	neg 1.0		off 0.5111877743295583 neg 0.4219788575329617 __DUMMY__ 0.06683336813748011	false	0.5
sturz	neg 1.0		off 0.5166541525276434 neg 0.4158841671184055 __DUMMY__ 0.06746168035395105	false	0.5
verkleinerung	neg 1.0		off 0.5125121087993372 neg 0.4212029793890476 __DUMMY__ 0.06628491181161512	false	0.5
schmarotzer	off 1.0		off 0.5096313445261895 neg 0.4230868091069152 __DUMMY__ 0.0672818463668953	false	1.0
bestrafung	neg 1.0	neg 1.0	neg 0.6944664249836743 off 0.2734783195465509 __DUMMY__ 0.03205525546977482	false	1.0
achtlos	neg 1.0		off 0.5101518182599207 neg 0.4225300038157456 __DUMMY__ 0.06731817792433362	false	0.5
ungeheuer	neg 1.0		off 0.5099203855033928 neg 0.42325783703159314 __DUMMY__ 0.06682177746501401	false	0.5
unaufrichtig	neg 1.0		off 0.5159214172925297 neg 0.4172742004642483 __DUMMY__ 0.066804382243222	false	0.5
groggy	neg 1.0		off 0.5153276899266317 neg 0.4176871405297552 __DUMMY__ 0.06698516954361304	false	0.5
verletzlich	neg 1.0		off 0.513474806332291 neg 0.42033843347074434 __DUMMY__ 0.06618676019696465	false	0.5
ablehnen	neg 1.0		off 0.5091067898692572 neg 0.4234778765099154 __DUMMY__ 0.06741533362082737	false	0.5
