unsolidarisch	neg 1.0		off 0.5434652998456104 neg 0.4495632299208897 __DUMMY__ 0.006971470233499912	false	0.5
nachteilig	neg 1.0		off 0.5431247926783677 neg 0.44980689073686064 __DUMMY__ 0.0070683165847715695	false	0.5
skeptisch	neg 1.0		off 0.5408023671381427 neg 0.4521355573626898 __DUMMY__ 0.007062075499167732	false	0.5
schrecklich	neg 1.0		off 0.5515864051920009 neg 0.44150737378824084 __DUMMY__ 0.006906221019758401	false	0.5
schlapp	neg 1.0	neg 1.0	neg 0.7060834134187748 off 0.29061848683691877 __DUMMY__ 0.0032980997443062946	false	1.0
abfall	neg 1.0		off 0.5388331678389671 neg 0.4540631456471657 __DUMMY__ 0.007103686513867374	false	0.5
widerspenstig	neg 1.0		off 0.5423910464234927 neg 0.450619103898423 __DUMMY__ 0.006989849678084442	false	0.5
abrupt	neg 1.0		off 0.5386454016203267 neg 0.45431738245008246 __DUMMY__ 0.00703721592959074	false	0.5
unwirksam	neg 1.0		off 0.5402336866503376 neg 0.45283696101251636 __DUMMY__ 0.006929352337146056	false	0.5
angreifen	neg 1.0		off 0.5400359397875598 neg 0.4528995398287684 __DUMMY__ 0.0070645203836717935	false	0.5
inkonsistent	neg 1.0		off 0.5452135417357207 neg 0.44783164504782297 __DUMMY__ 0.0069548132164563336	false	0.5
abrutschen	neg 1.0		off 0.5378241687265851 neg 0.45507991852207935 __DUMMY__ 0.007095912751335582	false	0.5
unsicher	neg 1.0		off 0.5448707474829543 neg 0.44810900213323945 __DUMMY__ 0.007020250383806191	false	0.5
bauernkind	off 1.0	off 1.0	off 0.7614020047955463 neg 0.23536064498935302 __DUMMY__ 0.003237350215100558	false	1.0
angreifer	neg 1.0		off 0.5505238757710776 neg 0.4424625848849432 __DUMMY__ 0.007013539343979101	false	0.5
trennen	neg 1.0		off 0.5403912347066202 neg 0.4525338326108945 __DUMMY__ 0.007074932682485149	false	0.5
schmutz	neg 1.0		off 0.5504537551696912 neg 0.44251670299920925 __DUMMY__ 0.007029541831099547	false	0.5
inkonsistenz	neg 1.0		off 0.5486777315931683 neg 0.44436481728846733 __DUMMY__ 0.00695745111836444	false	0.5
erschreckend	neg 1.0		off 0.5436684633517338 neg 0.44931569993567116 __DUMMY__ 0.007015836712595054	false	0.5
ertrinken	neg 1.0		off 0.5384742298383779 neg 0.4544751921882061 __DUMMY__ 0.0070505779734161686	false	0.5
pickelface	off 1.0		off 0.5457018659059671 neg 0.44728485401654405 __DUMMY__ 0.007013280077488911	false	1.0
seiner			off 0.5410196292695059 neg 0.4519096528760713 __DUMMY__ 0.007070717854422846	false	0.0
lauch	neg 1.0	neg 1.0	neg 0.710769364044996 off 0.2858492118189132 __DUMMY__ 0.0033814241360907334	false	1.0
unwichtig	neg 1.0		off 0.5482756627005816 neg 0.4447709537652119 __DUMMY__ 0.0069533835342064695	false	0.5
steuerhinterziehung	neg 1.0		off 0.5426895761910292 neg 0.45031418575562726 __DUMMY__ 0.0069962380533435805	false	0.5
schock	neg 1.0		off 0.5427706196373163 neg 0.450206179823378 __DUMMY__ 0.007023200539305777	false	0.5
beule	neg 1.0		off 0.5489843725648521 neg 0.4441075455271974 __DUMMY__ 0.006908081907950621	false	0.5
vergelten	neg 1.0		off 0.5539273044471119 neg 0.439155628177727 __DUMMY__ 0.006917067375161144	false	0.5
verdorbenheit	neg 1.0		off 0.5458337660546241 neg 0.4471654039576283 __DUMMY__ 0.00700082998774768	false	0.5
trauma	neg 1.0		off 0.545031499428867 neg 0.4479836154008109 __DUMMY__ 0.00698488517032233	false	0.5
sinnlos	neg 1.0		off 0.5459951459482295 neg 0.44701732182324033 __DUMMY__ 0.006987532228530102	false	0.5
fettsack	off 1.0	off 1.0	off 0.7629347635343715 neg 0.23382029875142682 __DUMMY__ 0.003244937714201577	false	1.0
feige	off 1.0	off 1.0	off 0.7608259735157373 neg 0.23588163441347326 __DUMMY__ 0.0032923920707894545	false	1.0
abdanken	neg 1.0		off 0.544643151095336 neg 0.4483363168014357 __DUMMY__ 0.007020532103228163	false	0.5
wichtigtuer	off 1.0	off 1.0	off 0.7599497033401467 neg 0.23673071892234326 __DUMMY__ 0.0033195777375100654	false	1.0
misslingen	neg 1.0		off 0.5492119360772346 neg 0.4437437409171622 __DUMMY__ 0.007044323005603258	false	0.5
untreu	off 1.0		off 0.5485550159603482 neg 0.4445148909151652 __DUMMY__ 0.006930093124486522	false	1.0
missmutig	neg 1.0		off 0.5459963537572156 neg 0.4470553542802636 __DUMMY__ 0.006948291962520915	false	0.5
hurenbock	off 1.0		off 0.5418799220947189 neg 0.45116322096177036 __DUMMY__ 0.006956856943510775	false	1.0
betrunken	neg 1.0		off 0.5499149861203207 neg 0.4431791828898342 __DUMMY__ 0.006905830989844947	false	0.5
korrupt	off 1.0		off 0.5414986352720389 neg 0.4515112080057312 __DUMMY__ 0.006990156722229942	false	1.0
unmut	neg 1.0		off 0.5393194066745975 neg 0.45359982360643686 __DUMMY__ 0.007080769718965581	false	0.5
hackfresse	off 1.0		off 0.5546489933874621 neg 0.4385035967439737 __DUMMY__ 0.006847409868564391	false	1.0
aufblasen	neg 1.0		off 0.5436195223737538 neg 0.4493911285496709 __DUMMY__ 0.006989349076575244	false	0.5
gewaltsam	neg 1.0		off 0.5458182868739073 neg 0.447146894103086 __DUMMY__ 0.007034819023006598	false	0.5
unbeliebtheit	neg 1.0		off 0.5499686835866103 neg 0.44308524119339027 __DUMMY__ 0.006946075219999321	false	0.5
sturheit	neg 1.0		off 0.5449527186443565 neg 0.44801082697662137 __DUMMY__ 0.0070364543790220856	false	0.5
kuh	neg 1.0		off 0.5414065494224437 neg 0.4517090708070116 __DUMMY__ 0.006884379770544761	false	0.5
erschrecken	neg 1.0		off 0.5474006274354855 neg 0.4456378908879193 __DUMMY__ 0.006961481676595154	false	0.5
opfer	neg 1.0		off 0.5433343378662467 neg 0.4495959174650826 __DUMMY__ 0.007069744668670765	false	0.5
sinken	neg 1.0		off 0.5380878353899369 neg 0.4548634325776531 __DUMMY__ 0.007048732032409858	false	0.5
stinktier	neg 1.0		off 0.549768949586313 neg 0.4434079592064903 __DUMMY__ 0.006823091207196758	false	0.5
tucke	off 1.0		off 0.5536624228301369 neg 0.4395560121776592 __DUMMY__ 0.006781564992203785	false	1.0
ein			off 0.5408479829252502 neg 0.4521778851314142 __DUMMY__ 0.006974131943335765	false	0.0
abstieg	neg 1.0		off 0.5460716038709633 neg 0.4468472914463835 __DUMMY__ 0.007081104682653255	false	0.5
missverstehen	neg 1.0		off 0.5466057819456785 neg 0.44641840219816614 __DUMMY__ 0.006975815856155481	false	0.5
ergebnislos	neg 1.0		off 0.5437735658203418 neg 0.4491457510726096 __DUMMY__ 0.007080683107048775	false	0.5
unter			off 0.5368130546502249 neg 0.4560195852166084 __DUMMY__ 0.007167360133166715	false	0.0
manipulieren	neg 1.0		off 0.5414625174596664 neg 0.4514738131799461 __DUMMY__ 0.007063669360387545	false	0.5
unbewiesen	neg 1.0		off 0.5447189127527414 neg 0.44829631786858565 __DUMMY__ 0.0069847693786729715	false	0.5
verschleppen	neg 1.0		off 0.541732422087055 neg 0.4512397724667603 __DUMMY__ 0.007027805446184741	false	0.5
weib	off 1.0		off 0.555769424441593 neg 0.43741741142498375 __DUMMY__ 0.006813164133423265	false	1.0
opposition	neg 1.0		off 0.5442382970912977 neg 0.4487971391314128 __DUMMY__ 0.006964563777289477	false	0.5
verkehrswidrig	neg 1.0		off 0.5564430432280367 neg 0.4366171220992773 __DUMMY__ 0.006939834672686042	false	0.5
inkorrekt	neg 1.0		off 0.5512514109092365 neg 0.44184384295993995 __DUMMY__ 0.006904746130823768	false	0.5
vermeiden	neg 1.0		off 0.5388038463866606 neg 0.45407683140082106 __DUMMY__ 0.00711932221251838	false	0.5
abweichung	neg 1.0		off 0.5432696026599988 neg 0.44968860294018353 __DUMMY__ 0.0070417943998177975	false	0.5
alkoholisiert	neg 1.0		off 0.5437359306278867 neg 0.4491579910431868 __DUMMY__ 0.007106078328926471	false	0.5
scheiss	off 1.0	off 1.0	off 0.761354880520908 neg 0.2353644575204556 __DUMMY__ 0.003280661958636414	false	1.0
herausforderung	neg 1.0		off 0.5424728175355901 neg 0.4504907922254885 __DUMMY__ 0.007036390238921408	false	0.5
pervers	off 1.0		off 0.557972606667384 neg 0.4352339281737495 __DUMMY__ 0.006793465158866522	false	1.0
wackelig	neg 1.0		off 0.5423185307420998 neg 0.45064430584498927 __DUMMY__ 0.007037163412911016	false	0.5
verwickeln	neg 1.0		off 0.5454800383113799 neg 0.4475399355735148 __DUMMY__ 0.006980026115105342	false	0.5
vorwand	neg 1.0		off 0.5399622593443302 neg 0.4529661848369336 __DUMMY__ 0.007071555818736409	false	0.5
muschi	off 1.0		off 0.5456372198640252 neg 0.4473261439262338 __DUMMY__ 0.00703663620974081	false	1.0
entmutigung	neg 1.0		off 0.5431204801833932 neg 0.4499496516933114 __DUMMY__ 0.006929868123295248	false	0.5
unangemessen	neg 1.0		off 0.5438009764510889 neg 0.44917268766787427 __DUMMY__ 0.007026335881036713	false	0.5
unstetig	neg 1.0		off 0.5484395081819858 neg 0.44459015438913224 __DUMMY__ 0.006970337428881873	false	0.5
entmutigen	neg 1.0		off 0.5446105712519488 neg 0.4483994287298264 __DUMMY__ 0.0069900000182246845	false	0.5
schwanz	neg 1.0		off 0.5432652459528938 neg 0.4496880829401099 __DUMMY__ 0.007046671106996127	false	0.5
verbot	neg 1.0		off 0.542150717971217 neg 0.4508419766176535 __DUMMY__ 0.007007305411129386	false	0.5
leid	neg 1.0		off 0.5526584584880733 neg 0.4404582483823882 __DUMMY__ 0.006883293129538699	false	0.5
archaisch	neg 1.0		off 0.5430070008153137 neg 0.4499729245852912 __DUMMY__ 0.007020074599394986	false	0.5
gegen			off 0.5410161459116486 neg 0.45188802781061216 __DUMMY__ 0.007095826277739169	false	0.0
scheidung	neg 1.0		off 0.5637972054793994 neg 0.4293961479995814 __DUMMY__ 0.006806646521019089	false	0.5
einschlag	neg 1.0		off 0.5549631483570908 neg 0.438089303535292 __DUMMY__ 0.00694754810761709	false	0.5
m			off 0.5429944343860595 neg 0.4499697685504267 __DUMMY__ 0.007035797063513779	false	0.0
abgestanden	neg 1.0		off 0.5387469692260223 neg 0.45433653961882287 __DUMMY__ 0.006916491155154962	false	0.5
schmierig	off 1.0		off 0.5513449762828071 neg 0.44178240523819146 __DUMMY__ 0.006872618479001556	false	1.0
unpraktisch	neg 1.0		off 0.5457875897915092 neg 0.44721610133012796 __DUMMY__ 0.00699630887836295	false	0.5
wixxer	off 1.0		off 0.5571986260466236 neg 0.4360280250947114 __DUMMY__ 0.006773348858665052	false	1.0
bezeichnet			off 0.5453824104785737 neg 0.44760123651201106 __DUMMY__ 0.007016353009415234	false	0.0
jammerlappen	off 1.0		off 0.5481247254885306 neg 0.44492938242566044 __DUMMY__ 0.006945892085808778	false	1.0
farce	neg 1.0		off 0.5431295737128554 neg 0.44988545307948596 __DUMMY__ 0.006984973207658684	false	0.5
zwecklos	neg 1.0		off 0.5422146978282005 neg 0.4507603971249995 __DUMMY__ 0.007024905046799971	false	0.5
turbulent	neg 1.0		off 0.5492807111924543 neg 0.44381019001916744 __DUMMY__ 0.006909098788378213	false	0.5
invasion	neg 1.0		off 0.5463769339862513 neg 0.44664701656859856 __DUMMY__ 0.006976049445150134	false	0.5
schuld	neg 1.0		off 0.5453886931179565 neg 0.4476162662694826 __DUMMY__ 0.006995040612561061	false	0.5
risiko	neg 1.0		off 0.5442417429458839 neg 0.4488040444680089 __DUMMY__ 0.006954212586107249	false	0.5
finster	neg 1.0		off 0.5414256629921526 neg 0.4516059273137626 __DUMMY__ 0.006968409694084785	false	0.5
geisteskrank	off 1.0		off 0.5502818630772247 neg 0.44279876963768666 __DUMMY__ 0.006919367285088665	false	1.0
zusammenbrechen	neg 1.0		off 0.5419436069968795 neg 0.45103888373971807 __DUMMY__ 0.0070175092634024005	false	0.5
ausbeute	neg 1.0		off 0.5450160227169187 neg 0.44794224059910254 __DUMMY__ 0.007041736683978619	false	0.5
hinterhalt	neg 1.0		off 0.5437136764420802 neg 0.44926106987335074 __DUMMY__ 0.007025253684569068	false	0.5
kritik	neg 1.0		off 0.5429279527998239 neg 0.45008376545574785 __DUMMY__ 0.006988281744428257	false	0.5
einschrumpfen	neg 1.0		off 0.5474294022572712 neg 0.4456429295502562 __DUMMY__ 0.006927668192472515	false	0.5
riskant	neg 1.0		off 0.5405558472353319 neg 0.4523907528181598 __DUMMY__ 0.007053399946508326	false	0.5
frustrieren	neg 1.0		off 0.5408547081835734 neg 0.45210781406860284 __DUMMY__ 0.007037477747823703	false	0.5
groll	neg 1.0		off 0.5435670500104582 neg 0.44939298493139546 __DUMMY__ 0.0070399650581464	false	0.5
gibt			off 0.5425490020794091 neg 0.4504146741226047 __DUMMY__ 0.007036323797986169	false	0.0
qualvoll	neg 1.0		off 0.5452459325652722 neg 0.4477822744783628 __DUMMY__ 0.006971792956364913	false	0.5
wackeln	neg 1.0		off 0.5434993887207407 neg 0.44949976261529057 __DUMMY__ 0.007000848663968697	false	0.5
klagen	neg 1.0		off 0.5395366652932253 neg 0.45340366805808746 __DUMMY__ 0.007059666648687317	false	0.5
bankrott	neg 1.0		off 0.5489805282835454 neg 0.4440501163389877 __DUMMY__ 0.006969355377466889	false	0.5
trauern	neg 1.0		off 0.5438028993504811 neg 0.449098090063199 __DUMMY__ 0.007099010586320027	false	0.5
ablehnung	neg 1.0		off 0.5425631076168029 neg 0.4504394433465228 __DUMMY__ 0.006997449036674102	false	0.5
stur	neg 1.0		off 0.5444392137224109 neg 0.44857977847138214 __DUMMY__ 0.006981007806206996	false	0.5
aufruhr	neg 1.0		off 0.5437701558476082 neg 0.4492361471017091 __DUMMY__ 0.006993697050682532	false	0.5
melancholie	neg 1.0		off 0.5376506600877702 neg 0.45533395987675934 __DUMMY__ 0.007015380035470352	false	0.5
ist			off 0.5455868013510738 neg 0.44742590598101717 __DUMMY__ 0.006987292667908859	false	0.0
torheit	neg 1.0		off 0.5455800318977403 neg 0.44742590183876835 __DUMMY__ 0.006994066263491339	false	0.5
dreckskind	off 1.0		off 0.5555770401687066 neg 0.4375892042700003 __DUMMY__ 0.006833755561293089	false	1.0
umtauschen	neg 1.0		off 0.5432890993002103 neg 0.44970694592805377 __DUMMY__ 0.00700395477173588	false	0.5
zum			off 0.5414820415361612 neg 0.4513599087700042 __DUMMY__ 0.00715804969383457	false	0.0
zersetzen	neg 1.0		off 0.5393736401627427 neg 0.4535877399210855 __DUMMY__ 0.007038619916171846	false	0.5
zur			off 0.5393018065747782 neg 0.45357414078139735 __DUMMY__ 0.007124052643824435	false	0.0
frust	neg 1.0		off 0.5418097567233132 neg 0.4511688391775738 __DUMMY__ 0.007021404099113188	false	0.5
unerbittlichkeit	neg 1.0		off 0.5423682931175275 neg 0.45056739550977176 __DUMMY__ 0.007064311372700708	false	0.5
zwei			off 0.5381054835448563 neg 0.4547768784170979 __DUMMY__ 0.007117638038045721	false	0.0
unkorrekt	neg 1.0		off 0.5500602594034717 neg 0.4430269333784209 __DUMMY__ 0.006912807218107449	false	0.5
hexe	off 1.0		off 0.5450064990655228 neg 0.4480908264270461 __DUMMY__ 0.006902674507431168	false	1.0
lasch	neg 1.0		off 0.5473038569967794 neg 0.4457428044061703 __DUMMY__ 0.006953338597050402	false	0.5
rivale	neg 1.0		off 0.552339220003046 neg 0.44074585397024374 __DUMMY__ 0.006914926026710074	false	0.5
mutlos	off 1.0	off 1.0	off 0.7575150489942379 neg 0.23913473527190918 __DUMMY__ 0.0033502157338528653	false	1.0
wirr	off 1.0		off 0.5508463873098743 neg 0.44227344023308013 __DUMMY__ 0.006880172457045518	false	1.0
jahr			off 0.5445051254263117 neg 0.4483803906312833 __DUMMY__ 0.007114483942404949	false	0.0
wird			off 0.542376357417574 neg 0.45057788301818047 __DUMMY__ 0.007045759564245524	false	0.0
strafbar	neg 1.0		off 0.5416803823105283 neg 0.45126302595662604 __DUMMY__ 0.007056591732845685	false	0.5
erosion	neg 1.0		off 0.5451112027058952 neg 0.44787611637408775 __DUMMY__ 0.007012680920016894	false	0.5
eingehen	neg 1.0		off 0.5404813835727377 neg 0.4524826254250934 __DUMMY__ 0.007035991002168864	false	0.5
faul	off 1.0		off 0.5477104229244569 neg 0.4453334663477423 __DUMMY__ 0.006956110727800857	false	1.0
provisorium	neg 1.0		off 0.5372709631564528 neg 0.4555569034894772 __DUMMY__ 0.007172133354069833	false	0.5
schmerzen	neg 1.0		off 0.5413613623413449 neg 0.4516494469600124 __DUMMY__ 0.006989190698642627	false	0.5
schrumpfen	neg 1.0		off 0.5359439493570888 neg 0.4569837588787522 __DUMMY__ 0.007072291764159081	false	0.5
geistlos	off 1.0		off 0.5457521664617053 neg 0.4472922031256346 __DUMMY__ 0.006955630412659992	false	1.0
fehlkauf	neg 1.0		off 0.5461043862802818 neg 0.4469252604519942 __DUMMY__ 0.006970353267723963	false	0.5
frustrierend	neg 1.0		off 0.5469611109728754 neg 0.44608142068799456 __DUMMY__ 0.006957468339130178	false	0.5
unzufrieden	neg 1.0		off 0.5424188227140759 neg 0.450548352227053 __DUMMY__ 0.007032825058871075	false	0.5
verzweifeln	neg 1.0		off 0.543525788648637 neg 0.44945385647451136 __DUMMY__ 0.007020354876851647	false	0.5
verzweifelt	neg 1.0		off 0.544534658912562 neg 0.4484839061489013 __DUMMY__ 0.00698143493853672	false	0.5
misstrauensantrag	neg 1.0		off 0.5452119200993247 neg 0.44781866859972097 __DUMMY__ 0.0069694113009542355	false	0.5
abfallen	neg 1.0		off 0.5433885894452246 neg 0.44962224806209217 __DUMMY__ 0.006989162492683121	false	0.5
fucker	off 1.0		off 0.551507515610611 neg 0.4415724034500168 __DUMMY__ 0.006920080939372205	false	1.0
ungezogen	neg 1.0		off 0.5566267490286733 neg 0.43654768420748014 __DUMMY__ 0.006825566763846752	false	0.5
irrsinnig	neg 1.0	neg 1.0	neg 0.7078616525618101 off 0.28881310317585895 __DUMMY__ 0.0033252442623310403	false	1.0
unfassbar	neg 1.0		off 0.549457169325988 neg 0.4435985392427685 __DUMMY__ 0.006944291431243519	false	0.5
hart	neg 1.0		off 0.5473719977277081 neg 0.4457276522464893 __DUMMY__ 0.006900350025802562	false	0.5
widerlich	off 1.0		off 0.5494745137467482 neg 0.443594927732545 __DUMMY__ 0.0069305585207066365	false	1.0
fatal	neg 1.0	neg 1.0	neg 0.7082678709949777 off 0.28843494107349477 __DUMMY__ 0.0032971879315274854	false	1.0
bruch	neg 1.0		off 0.5387002600287224 neg 0.45422098496336627 __DUMMY__ 0.007078755007911237	false	0.5
aushungern	neg 1.0		off 0.5421955314956389 neg 0.45080073748637906 __DUMMY__ 0.007003731017981929	false	0.5
anspannung	neg 1.0		off 0.5392867706503561 neg 0.4535807493015478 __DUMMY__ 0.00713248004809609	false	0.5
von			off 0.5403126835345772 neg 0.45261797024169664 __DUMMY__ 0.007069346223726185	false	0.0
kraftlos	neg 1.0		off 0.5414784066449349 neg 0.451492184168734 __DUMMY__ 0.007029409186331228	false	0.5
vom			off 0.5386894058971333 neg 0.45412793891692466 __DUMMY__ 0.0071826551859420495	false	0.0
grenzdebil	off 1.0		off 0.5485616241239648 neg 0.4445154533067382 __DUMMY__ 0.006922922569297116	false	1.0
vor			off 0.5394101951047685 neg 0.4535058138434077 __DUMMY__ 0.007083991051823706	false	0.0
unterwerfen	neg 1.0		off 0.5426568718352376 neg 0.45028656184266497 __DUMMY__ 0.00705656632209736	false	0.5
versenkung	neg 1.0		off 0.5422712721131843 neg 0.4506638117200003 __DUMMY__ 0.007064916166815521	false	0.5
entziehen	neg 1.0		off 0.5400165849189291 neg 0.45290875183768825 __DUMMY__ 0.007074663243382696	false	0.5
finanzkrise	neg 1.0		off 0.5385605801570963 neg 0.45451413845311817 __DUMMY__ 0.006925281389785595	false	0.5
schimpfend	neg 1.0		off 0.5460712711086528 neg 0.44691607217585244 __DUMMY__ 0.007012656715494715	false	0.5
profan	neg 1.0		off 0.5453715289626766 neg 0.4476612593545542 __DUMMY__ 0.006967211682769214	false	0.5
korruption	neg 1.0		off 0.5408931286763841 neg 0.45210984824134653 __DUMMY__ 0.006997023082269548	false	0.5
â			off 0.5422758174344448 neg 0.4506856928168083 __DUMMY__ 0.00703848974874703	false	0.0
schmutzig	neg 1.0		off 0.548507881687985 neg 0.4445726552158512 __DUMMY__ 0.006919463096163717	false	0.5
sexy	neg 1.0		off 0.5481532073477553 neg 0.44487256418560017 __DUMMY__ 0.006974228466644472	false	0.5
abraten	neg 1.0		off 0.5462844924366893 neg 0.4467243872277934 __DUMMY__ 0.006991120335517296	false	0.5
schwarz	neg 1.0		off 0.5466208021615079 neg 0.4463913859485758 __DUMMY__ 0.006987811889916343	false	0.5
fotze	off 1.0	off 1.0	off 0.7584639794476679 neg 0.23818193901586918 __DUMMY__ 0.0033540815364629566	false	1.0
verwirren	neg 1.0		off 0.546217885741662 neg 0.44680762226778525 __DUMMY__ 0.006974491990552819	false	0.5
zahnlos	off 1.0		off 0.5431694321789542 neg 0.44980813681010995 __DUMMY__ 0.007022431010935922	false	1.0
verheeren	neg 1.0		off 0.5578076132816336 neg 0.43537686179340607 __DUMMY__ 0.006815524924960211	false	0.5
hippie	neg 1.0		off 0.547387109046109 neg 0.44564238266399864 __DUMMY__ 0.006970508289892418	false	0.5
rammen	neg 1.0		off 0.5457462106314409 neg 0.44724462656875974 __DUMMY__ 0.007009162799799364	false	0.5
unlauter	neg 1.0		off 0.5451160521727307 neg 0.44791722413815716 __DUMMY__ 0.006966723689112156	false	0.5
unheilvoll	neg 1.0		off 0.5444498139240538 neg 0.4485717224295366 __DUMMY__ 0.006978463646409566	false	0.5
niedrig	neg 1.0		off 0.5400516472945559 neg 0.4529405947344 __DUMMY__ 0.00700775797104419	false	0.5
explosion	neg 1.0		off 0.5477234509167662 neg 0.4452997118095092 __DUMMY__ 0.006976837273724544	false	0.5
weichei	off 1.0	off 1.0	off 0.762376416323443 neg 0.23437703005161717 __DUMMY__ 0.0032465536249399202	false	1.0
minusmensch	off 1.0		off 0.557598366450423 neg 0.4355851465905222 __DUMMY__ 0.006816486959054727	false	1.0
farblos	neg 1.0		off 0.5454350404800157 neg 0.44757473886500043 __DUMMY__ 0.006990220654983944	false	0.5
unwissend	neg 1.0	neg 1.0	neg 0.7063248415339891 off 0.29037601637951904 __DUMMY__ 0.0032991420864919045	false	1.0
traurig	neg 1.0		off 0.5514483212758954 neg 0.44163801086605536 __DUMMY__ 0.0069136678580491865	false	0.5
senkung	neg 1.0		off 0.5427244010354213 neg 0.4503645474453534 __DUMMY__ 0.006911051519225235	false	0.5
ungleich	neg 1.0	neg 1.0	neg 0.709581704797261 off 0.2870674569320909 __DUMMY__ 0.003350838270648154	false	1.0
heikel	neg 1.0		off 0.5408661793692378 neg 0.4520799706209957 __DUMMY__ 0.007053850009766579	false	0.5
drosselung	neg 1.0		off 0.5467584133239738 neg 0.4463536426511105 __DUMMY__ 0.006887944024915562	false	0.5
falsch	neg 1.0		off 0.5482202591478259 neg 0.4448096901754652 __DUMMY__ 0.006970050676708856	false	0.5
unzufriedenheit	neg 1.0		off 0.5394738148386357 neg 0.45348726458324023 __DUMMY__ 0.007038920578124148	false	0.5
kurz	neg 1.0		off 0.5435991196554741 neg 0.44935540915120575 __DUMMY__ 0.007045471193320127	false	0.5
unsinnig	neg 1.0		off 0.542351261482404 neg 0.450651236207142 __DUMMY__ 0.006997502310453947	false	0.5
penner	off 1.0	off 1.0	off 0.7636425880667286 neg 0.23311364622935415 __DUMMY__ 0.0032437657039173316	false	1.0
seicht	neg 1.0		off 0.5535229657770347 neg 0.4396780109386012 __DUMMY__ 0.006799023284364161	false	0.5
dummheit	off 1.0	off 1.0	off 0.7593348162479814 neg 0.23735775162134265 __DUMMY__ 0.0033074321306759227	false	1.0
unerfreulich	neg 1.0		off 0.5408034433509759 neg 0.4521369207942505 __DUMMY__ 0.0070596358547736346	false	0.5
motherfucker	off 1.0	off 1.0	off 0.7619832309464958 neg 0.23472975291996018 __DUMMY__ 0.0032870161335440476	false	1.0
pikiert	neg 1.0		off 0.5476499442202377 neg 0.44542148240966756 __DUMMY__ 0.0069285733700945994	false	0.5
wrack	neg 1.0		off 0.5472722260814165 neg 0.44563470696123475 __DUMMY__ 0.007093066957348594	false	0.5
gangster	neg 1.0		off 0.547454322831362 neg 0.44557924028556334 __DUMMY__ 0.006966436883074741	false	0.5
krank	neg 1.0		off 0.5495876016708975 neg 0.44347611855883273 __DUMMY__ 0.006936279770269937	false	0.5
reich	neg 1.0		off 0.5441971565284243 neg 0.4489027799897709 __DUMMY__ 0.006900063481804885	false	0.5
gnadenlos	neg 1.0		off 0.5456765716920483 neg 0.44731792021625766 __DUMMY__ 0.007005508091694091	false	0.5
niedergeschlagen	neg 1.0		off 0.5430212238937403 neg 0.4499335724490987 __DUMMY__ 0.00704520365716108	false	0.5
terrorisieren	off 1.0	off 1.0	off 0.7570915721093194 neg 0.2395499672992241 __DUMMY__ 0.0033584605914564504	false	1.0
sinnlosigkeit	neg 1.0		off 0.5428849608247714 neg 0.4500867994608361 __DUMMY__ 0.007028239714392444	false	0.5
behindern	neg 1.0		off 0.5437691921785903 neg 0.44922878065698707 __DUMMY__ 0.007002027164422496	false	0.5
undemokratisch	neg 1.0		off 0.5453875609980795 neg 0.44764558484496714 __DUMMY__ 0.006966854156953368	false	0.5
wirtschaftskrise	neg 1.0		off 0.5396991305391162 neg 0.4533147868329144 __DUMMY__ 0.006986082627969388	false	0.5
neid	neg 1.0		off 0.5463453476966332 neg 0.446697151633199 __DUMMY__ 0.006957500670167883	false	0.5
rutschen	neg 1.0		off 0.5374456227605522 neg 0.4554407350314121 __DUMMY__ 0.00711364220803576	false	0.5
rezession	neg 1.0		off 0.5465168467750882 neg 0.44665173009455145 __DUMMY__ 0.006831423130360294	false	0.5
fehlgeburt	neg 1.0		off 0.5455444022973277 neg 0.4474430079434202 __DUMMY__ 0.00701258975925195	false	0.5
charakterschwach	off 1.0		off 0.5486072132021179 neg 0.444464347310516 __DUMMY__ 0.0069284394873662105	false	1.0
isolation	neg 1.0		off 0.548606900088067 neg 0.44441610937053067 __DUMMY__ 0.0069769905414022795	false	0.5
ablenkung	neg 1.0		off 0.5447034567030579 neg 0.4482760450612506 __DUMMY__ 0.007020498235691481	false	0.5
pech	neg 1.0		off 0.5469448500612282 neg 0.44611128432399055 __DUMMY__ 0.0069438656147811735	false	0.5
vermeidung	neg 1.0		off 0.548161917646654 neg 0.4449235621878579 __DUMMY__ 0.006914520165488081	false	0.5
dominieren	neg 1.0		off 0.5434866725548148 neg 0.4494862151250429 __DUMMY__ 0.007027112320142539	false	0.5
schwindlig	neg 1.0		off 0.5450118187686384 neg 0.44801935783631164 __DUMMY__ 0.0069688233950500255	false	0.5
lutscher	neg 1.0		off 0.5551826790482057 neg 0.43803535925010817 __DUMMY__ 0.00678196170168597	false	0.5
pflicht	neg 1.0		off 0.5407151916230285 neg 0.4522022589297371 __DUMMY__ 0.0070825494472343264	false	0.5
faschist	off 1.0		off 0.5477020670430695 neg 0.4453313300246936 __DUMMY__ 0.006966602932236876	false	1.0
verschleudern	neg 1.0		off 0.5380185381049756 neg 0.4549905157188157 __DUMMY__ 0.006990946176208721	false	0.5
wenn			off 0.5475331973858752 neg 0.44552255792848294 __DUMMY__ 0.00694424468564195	false	0.0
ehebruch	neg 1.0		off 0.5417166534754277 neg 0.4512523401725991 __DUMMY__ 0.007031006351973157	false	0.5
spott	off 1.0		off 0.5430321236164998 neg 0.4499139767567921 __DUMMY__ 0.007053899626708216	false	1.0
trostlosigkeit	neg 1.0		off 0.5385094494007978 neg 0.45444127329867295 __DUMMY__ 0.007049277300529346	false	0.5
lutschen	neg 1.0		off 0.5487574147607936 neg 0.4442729356124327 __DUMMY__ 0.006969649626773781	false	0.5
undiszipliniert	neg 1.0		off 0.5503344666798743 neg 0.4427530391888767 __DUMMY__ 0.006912494131248922	false	0.5
kopfschmerz	neg 1.0		off 0.5383906250895987 neg 0.4546199765566581 __DUMMY__ 0.006989398353743246	false	0.5
unvorhergesehen	neg 1.0		off 0.5407756789019009 neg 0.45214822042068664 __DUMMY__ 0.007076100677412473	false	0.5
desinteressiert	neg 1.0		off 0.5496699948962388 neg 0.44341269330080524 __DUMMY__ 0.006917311802956086	false	0.5
armselig	off 1.0		off 0.5519679855020996 neg 0.4411305084269041 __DUMMY__ 0.006901506070996413	false	1.0
desaster	neg 1.0		off 0.538323828247552 neg 0.45461624432055936 __DUMMY__ 0.007059927431888613	false	0.5
tod	neg 1.0		off 0.5419419757888017 neg 0.451007621194856 __DUMMY__ 0.007050403016342336	false	0.5
herzlos	neg 1.0		off 0.5510624493174289 neg 0.4420376035494738 __DUMMY__ 0.006899947133097326	false	0.5
unwissenheit	neg 1.0		off 0.5424607775786626 neg 0.4505104846944309 __DUMMY__ 0.007028737726906409	false	0.5
widersinnig	neg 1.0		off 0.5413686315049732 neg 0.4516511156428994 __DUMMY__ 0.006980252852127519	false	0.5
bedenklich	neg 1.0		off 0.5411505728858201 neg 0.4518202990051477 __DUMMY__ 0.007029128109032156	false	0.5
beanstanden	neg 1.0		off 0.5418796445852607 neg 0.45103549357411044 __DUMMY__ 0.007084861840628844	false	0.5
panisch	neg 1.0		off 0.5461852716840797 neg 0.44682325768089237 __DUMMY__ 0.006991470635027945	false	0.5
debil	off 1.0		off 0.53669847065471 neg 0.4561566275896093 __DUMMY__ 0.007144901755680738	false	1.0
abstrich	neg 1.0		off 0.5436182494369572 neg 0.44936146597777515 __DUMMY__ 0.0070202845852674655	false	0.5
primitiv	neg 1.0		off 0.5502255234712076 neg 0.44285162895760594 __DUMMY__ 0.0069228475711865115	false	0.5
abschaum	off 1.0	off 1.0	off 0.7616994750782462 neg 0.23499091927677618 __DUMMY__ 0.003309605644977763	false	1.0
provozieren	neg 1.0		off 0.5446496135230716 neg 0.44836093866913546 __DUMMY__ 0.006989447807792912	false	0.5
tot	neg 1.0		off 0.5431658065472714 neg 0.4498041479766056 __DUMMY__ 0.007030045476123069	false	0.5
instabil	neg 1.0		off 0.5503229063127266 neg 0.4428088288000731 __DUMMY__ 0.00686826488720031	false	0.5
schwuchtel	off 1.0	off 1.0	off 0.7669175929471191 neg 0.22987978627934685 __DUMMY__ 0.0032026207735339645	false	1.0
zerren	neg 1.0		off 0.5427684263099797 neg 0.4501878808366521 __DUMMY__ 0.007043692853368185	false	0.5
kinderficker	off 1.0		off 0.5536205643269312 neg 0.4395080503321465 __DUMMY__ 0.0068713853409223	false	1.0
gefahr	neg 1.0		off 0.5410203819511269 neg 0.4519039663203135 __DUMMY__ 0.007075651728559612	false	0.5
rabiat	neg 1.0		off 0.5426061375977752 neg 0.45039434776953224 __DUMMY__ 0.0069995146326925235	false	0.5
verlangsamung	neg 1.0		off 0.5535897742964664 neg 0.4395792535899833 __DUMMY__ 0.006830972113550341	false	0.5
ausgestorben	neg 1.0		off 0.5439055290526786 neg 0.4490665746250757 __DUMMY__ 0.007027896322245617	false	0.5
anklagen	neg 1.0		off 0.5433201114824957 neg 0.4496557239412868 __DUMMY__ 0.007024164576217559	false	0.5
trott	neg 1.0		off 0.5445625352581291 neg 0.44842752754309756 __DUMMY__ 0.007009937198773192	false	0.5
verminderung	neg 1.0		off 0.5482122131630867 neg 0.4448739618307776 __DUMMY__ 0.006913825006135725	false	0.5
nach			off 0.5379375920484941 neg 0.45491395831047593 __DUMMY__ 0.007148449641029872	false	0.0
rost	neg 1.0		off 0.5583362298242827 neg 0.4347924447488998 __DUMMY__ 0.006871325426817496	false	0.5
destruktiv	neg 1.0		off 0.5435565385477432 neg 0.4494463638533541 __DUMMY__ 0.006997097598902731	false	0.5
unzumutbarkeit	neg 1.0		off 0.5503371658100232 neg 0.4427170725074059 __DUMMY__ 0.006945761682570987	false	0.5
labil	off 1.0	off 1.0	off 0.7607006843649429 neg 0.2359960459331817 __DUMMY__ 0.0033032697018755097	false	1.0
ziemlich	neg 1.0		off 0.5495939159582445 neg 0.44345335104929673 __DUMMY__ 0.006952732992458832	false	0.5
lachnummer	off 1.0		off 0.5452461684521925 neg 0.44774409017912153 __DUMMY__ 0.0070097413686858135	false	1.0
oder			off 0.5453123042384709 neg 0.4476766636296877 __DUMMY__ 0.007011032131841279	false	0.0
verfall	neg 1.0		off 0.5365450611638898 neg 0.4563769173435574 __DUMMY__ 0.007078021492552738	false	0.5
ausgrenzung	neg 1.0		off 0.5452485247315542 neg 0.44778534214134647 __DUMMY__ 0.006966133127099365	false	0.5
unordnung	neg 1.0		off 0.553305465378384 neg 0.4397952336296651 __DUMMY__ 0.006899300991950903	false	0.5
fehlverhalten	neg 1.0		off 0.5414064274167493 neg 0.45154028073591185 __DUMMY__ 0.007053291847338825	false	0.5
eine			off 0.53898319808983 neg 0.45395198517163216 __DUMMY__ 0.007064816738537727	false	0.0
nille	neg 1.0		off 0.5456835949865917 neg 0.44729831737433945 __DUMMY__ 0.007018087639068779	false	0.5
qual	neg 1.0		off 0.5440742283965007 neg 0.44891562031781085 __DUMMY__ 0.007010151285688426	false	0.5
verschwenden	neg 1.0		off 0.5394590390177114 neg 0.4535112892368205 __DUMMY__ 0.00702967174546809	false	0.5
riesig	neg 1.0		off 0.5425645740536132 neg 0.45037398860217503 __DUMMY__ 0.007061437344211695	false	0.5
verurteilen	neg 1.0		off 0.5429185691943634 neg 0.45005574238543433 __DUMMY__ 0.007025688420202252	false	0.5
klischee	neg 1.0	neg 1.0	neg 0.7070813350070625 off 0.2896185488403954 __DUMMY__ 0.0033001161525421157	false	1.0
diktatorisch	neg 1.0		off 0.5456722796867123 neg 0.44735967354125006 __DUMMY__ 0.00696804677203766	false	0.5
vorhersehbar	neg 1.0		off 0.5458645111885283 neg 0.44717904356347793 __DUMMY__ 0.006956445247993576	false	0.5
sowie			off 0.5515792581237373 neg 0.4415658230240475 __DUMMY__ 0.006854918852215132	false	0.0
stornieren	neg 1.0		off 0.5504046943203741 neg 0.4425654807175393 __DUMMY__ 0.007029824962086684	false	0.5
besteuerung	neg 1.0	neg 1.0	neg 0.7096365989857277 off 0.2870668253660838 __DUMMY__ 0.003296575648188382	false	1.0
ungeschminkt	neg 1.0		off 0.5504768223302449 neg 0.44260146031261866 __DUMMY__ 0.006921717357136526	false	0.5
kritisch	neg 1.0		off 0.5426035911430762 neg 0.450363933220831 __DUMMY__ 0.007032475636092697	false	0.5
schlamperei	off 1.0		off 0.5416764916702751 neg 0.45127744347669335 __DUMMY__ 0.007046064853031481	false	1.0
sucht	neg 1.0	neg 1.0	neg 0.706356516514474 off 0.2903025501107721 __DUMMY__ 0.003340933374753888	false	1.0
egoistisch	off 1.0	off 1.0	off 0.7637575176402285 neg 0.23297217658430486 __DUMMY__ 0.0032703057754667015	false	1.0
ausbeuter	off 1.0		off 0.5391052012262341 neg 0.453870968634277 __DUMMY__ 0.007023830139488896	false	1.0
arschgeburt	off 1.0		off 0.5593874962064648 neg 0.4338598338125549 __DUMMY__ 0.006752669980980555	false	1.0
schubs	neg 1.0		off 0.5400744867556079 neg 0.452918085480578 __DUMMY__ 0.007007427763814187	false	0.5
unsolide	neg 1.0		off 0.5463220348115415 neg 0.4467112045217487 __DUMMY__ 0.00696676066670974	false	0.5
beschwerde	neg 1.0		off 0.5433265092829294 neg 0.4496391586508214 __DUMMY__ 0.0070343320662492655	false	0.5
stocken	neg 1.0		off 0.5418769897960397 neg 0.45108572052246604 __DUMMY__ 0.007037289681494314	false	0.5
isolieren	neg 1.0		off 0.541455152094814 neg 0.4515377085097966 __DUMMY__ 0.007007139395389292	false	0.5
unheilbar	neg 1.0		off 0.5439900664226516 neg 0.44901130090771213 __DUMMY__ 0.0069986326696364265	false	0.5
pisser	off 1.0	off 1.0	off 0.7631495683172164 neg 0.2335589583395383 __DUMMY__ 0.0032914733432453697	false	1.0
löschen	neg 1.0		off 0.5450813886241388 neg 0.44791587749613704 __DUMMY__ 0.007002733879724084	false	0.5
durchfallen	neg 1.0		off 0.5426133995893598 neg 0.4503499882178341 __DUMMY__ 0.007036612192805934	false	0.5
wichser	off 1.0	off 1.0	off 0.7650361292110991 neg 0.23173805030017855 __DUMMY__ 0.0032258204887223333	false	1.0
terror	neg 1.0		off 0.5473431210252188 neg 0.445683876528266 __DUMMY__ 0.006973002446515213	false	0.5
krass	neg 1.0		off 0.5526725623114059 neg 0.4404453995145732 __DUMMY__ 0.00688203817402094	false	0.5
revolte	neg 1.0		off 0.5447735851807946 neg 0.44830401305646606 __DUMMY__ 0.006922401762739291	false	0.5
besorgt	neg 1.0		off 0.5440182983195399 neg 0.4489325775398399 __DUMMY__ 0.007049124140620239	false	0.5
nachlassen	neg 1.0		off 0.5430362323073847 neg 0.44990880835674746 __DUMMY__ 0.007054959335867876	false	0.5
alt	neg 1.0		off 0.537242437319001 neg 0.4557853422335008 __DUMMY__ 0.006972220447498262	false	0.5
hundesohn	off 1.0	off 1.0	off 0.7650514339105925 neg 0.23171062344905718 __DUMMY__ 0.003237942640350299	false	1.0
als			off 0.5417724827199747 neg 0.45121263128174155 __DUMMY__ 0.0070148859982836495	false	0.0
abschreckung	neg 1.0		off 0.5400071425218395 neg 0.4529420340540043 __DUMMY__ 0.007050823424156247	false	0.5
unqualifiziert	neg 1.0		off 0.5481542867550585 neg 0.44488629929304185 __DUMMY__ 0.006959413951899468	false	0.5
abgewichst	off 1.0		off 0.5448966250733175 neg 0.4480815551865664 __DUMMY__ 0.007021819740116241	false	1.0
schwer	neg 1.0		off 0.5431728209662945 neg 0.44982317749227463 __DUMMY__ 0.007004001541430902	false	0.5
bedeutungslosigkeit	neg 1.0		off 0.5406988676644936 neg 0.4522513047517895 __DUMMY__ 0.0070498275837169	false	0.5
kapitulation	neg 1.0		off 0.5409169503002091 neg 0.4520710683209451 __DUMMY__ 0.007011981378845737	false	0.5
unscharf	neg 1.0		off 0.542602763868337 neg 0.4504731472782479 __DUMMY__ 0.0069240888534151885	false	0.5
schwinden	neg 1.0		off 0.5393921437311939 neg 0.45358052431016177 __DUMMY__ 0.007027331958644269	false	0.5
versklavung	neg 1.0	neg 1.0	neg 0.7080641158121405 off 0.2886241357488247 __DUMMY__ 0.0033117484390349145	false	1.0
schlecht	neg 1.0		off 0.5499746537554705 neg 0.44306936650661755 __DUMMY__ 0.006955979737911921	false	0.5
verhasst	neg 1.0		off 0.5452112305313961 neg 0.4478070163405904 __DUMMY__ 0.006981753128013515	false	0.5
beschweren	neg 1.0		off 0.5467174849818329 neg 0.44628405017529393 __DUMMY__ 0.006998464842873313	false	0.5
scheiden	neg 1.0		off 0.5433405688244586 neg 0.4496712649266898 __DUMMY__ 0.0069881662488516195	false	0.5
frustriert	neg 1.0		off 0.543390188165295 neg 0.4495845184935487 __DUMMY__ 0.007025293341156173	false	0.5
schimmelig	neg 1.0		off 0.5399450064180602 neg 0.45305464260238415 __DUMMY__ 0.007000350979555807	false	0.5
fisch	neg 1.0		off 0.5357956367163803 neg 0.45719374153458603 __DUMMY__ 0.007010621749033613	false	0.5
schmuggel	neg 1.0		off 0.5410316292272997 neg 0.45187880364461286 __DUMMY__ 0.0070895671280873495	false	0.5
auffallen	neg 1.0		off 0.5460910930456994 neg 0.44693043282308026 __DUMMY__ 0.006978474131220266	false	0.5
konkurrenz	neg 1.0		off 0.5411082899920203 neg 0.4518243371568966 __DUMMY__ 0.007067372851083164	false	0.5
teufelskreis	neg 1.0	neg 1.0	neg 0.7097800302106912 off 0.2869016996809344 __DUMMY__ 0.003318270108374281	false	1.0
aufschreien	neg 1.0		off 0.5458757719962459 neg 0.44716430075277785 __DUMMY__ 0.0069599272509761065	false	0.5
schuldner	neg 1.0		off 0.5379176072740354 neg 0.4550736470182915 __DUMMY__ 0.007008745707673058	false	0.5
missgeburt	off 1.0	off 1.0	off 0.7658117595855016 neg 0.2309199288259919 __DUMMY__ 0.0032683115885064947	false	1.0
arbeitslos	neg 1.0		off 0.5423525439729661 neg 0.45061233809129475 __DUMMY__ 0.007035117935739242	false	0.5
befallen	neg 1.0		off 0.5407024262316987 neg 0.45232669185156293 __DUMMY__ 0.006970881916738207	false	0.5
miesepetrig	off 1.0	off 1.0	off 0.7604934094219084 neg 0.2362073044554147 __DUMMY__ 0.003299286122677021	false	1.0
alarmieren	neg 1.0		off 0.5487976014517524 neg 0.4442438101790031 __DUMMY__ 0.006958588369244465	false	0.5
ungeduscht	off 1.0		off 0.5472286356687835 neg 0.44583015037969165 __DUMMY__ 0.006941213951524851	false	1.0
knappheit	neg 1.0		off 0.5401456237972968 neg 0.4528636689205776 __DUMMY__ 0.006990707282125576	false	0.5
schlange	neg 1.0		off 0.5445562441141502 neg 0.4484416171687151 __DUMMY__ 0.007002138717134763	false	0.5
harsch	neg 1.0		off 0.5548629379295571 neg 0.43820768340827904 __DUMMY__ 0.006929378662163795	false	0.5
lang	neg 1.0		off 0.5458048650544793 neg 0.4471986302237658 __DUMMY__ 0.006996504721754829	false	0.5
ziellos	neg 1.0		off 0.5414383076035255 neg 0.45150374800416326 __DUMMY__ 0.007057944392311365	false	0.5
selbstverliebt	neg 1.0		off 0.558463525782967 neg 0.43473028732480845 __DUMMY__ 0.006806186892224701	false	0.5
beseitigen	neg 1.0		off 0.5463453511568958 neg 0.446618218593974 __DUMMY__ 0.007036430249130351	false	0.5
dumm	off 1.0		off 0.5540305488480228 neg 0.439112488654857 __DUMMY__ 0.006856962497120168	false	1.0
arbeitsloser	neg 1.0		off 0.5452751798240904 neg 0.44764764927352885 __DUMMY__ 0.0070771709023808305	false	0.5
blitzen	neg 1.0		off 0.547874315527085 neg 0.4451621651264738 __DUMMY__ 0.006963519346441296	false	0.5
hilflos	neg 1.0		off 0.5421493197010584 neg 0.45082134484355296 __DUMMY__ 0.007029335455388694	false	0.5
eklig	off 1.0		off 0.552959780428436 neg 0.44021086358729844 __DUMMY__ 0.006829355984265468	false	1.0
begriff			off 0.5441407068014812 neg 0.44884662529369573 __DUMMY__ 0.007012667904822906	false	0.0
hungersnot	neg 1.0		off 0.5405772491280839 neg 0.4524267187003333 __DUMMY__ 0.006996032171582595	false	0.5
ungesetzlich	neg 1.0		off 0.54510138695516 neg 0.44793763767631617 __DUMMY__ 0.006960975368523693	false	0.5
verschwendung	neg 1.0		off 0.5404438417240407 neg 0.45250969862421386 __DUMMY__ 0.0070464596517452755	false	0.5
schmerzvoll	neg 1.0		off 0.5445481954409306 neg 0.44847704438466446 __DUMMY__ 0.006974760174405044	false	0.5
vorzeitig	neg 1.0		off 0.5506008692537385 neg 0.4424232441799675 __DUMMY__ 0.006975886566294037	false	0.5
unvollkommenheit	neg 1.0		off 0.5438459014634713 neg 0.4491245068730439 __DUMMY__ 0.007029591663484739	false	0.5
intervenieren	neg 1.0		off 0.539528334748783 neg 0.4534558392992595 __DUMMY__ 0.007015825951957384	false	0.5
banause	off 1.0		off 0.5523132254604166 neg 0.44090359156896936 __DUMMY__ 0.00678318297061391	false	1.0
rebell	neg 1.0		off 0.5358320716661806 neg 0.4571133605285454 __DUMMY__ 0.007054567805273925	false	0.5
unlogisch	neg 1.0		off 0.5509004080626975 neg 0.4421909537413273 __DUMMY__ 0.006908638195975355	false	0.5
leiden	neg 1.0		off 0.5422446625007139 neg 0.45065743585731227 __DUMMY__ 0.007097901641973814	false	0.5
abschaffung	neg 1.0		off 0.5439147305695258 neg 0.44911535401475855 __DUMMY__ 0.00696991541571577	false	0.5
sturz	neg 1.0		off 0.5497297289558507 neg 0.4432344853353744 __DUMMY__ 0.007035785708774719	false	0.5
verkleinerung	neg 1.0		off 0.5449813019193934 neg 0.4481064503119181 __DUMMY__ 0.006912247768688571	false	0.5
schmarotzer	off 1.0		off 0.5425649032222847 neg 0.45041795052245315 __DUMMY__ 0.0070171462552621276	false	1.0
bestrafung	neg 1.0	neg 1.0	neg 0.7074887919721061 off 0.28917573276907854 __DUMMY__ 0.003335475258815431	false	1.0
achtlos	neg 1.0		off 0.5431111429382844 neg 0.4498679537746441 __DUMMY__ 0.007020903287071446	false	0.5
ungeheuer	neg 1.0		off 0.5426374901242724 neg 0.4503939104917913 __DUMMY__ 0.00696859938393626	false	0.5
