unsolidarisch	neg 1.0		off 0.3707771664312437 __DUMMY__ 0.3228297288769594 neg 0.3063931046917969	false	0.5
nachteilig	neg 1.0		off 0.36814529361599624 __DUMMY__ 0.3271324338384952 neg 0.30472227254550854	false	0.5
skeptisch	neg 1.0		off 0.3660969567936633 __DUMMY__ 0.3268244433386955 neg 0.30707859986764113	false	0.5
schrecklich	neg 1.0		off 0.37999073167619246 __DUMMY__ 0.31997164366892095 neg 0.30003762465488665	false	0.5
schlapp	neg 1.0	neg 1.0	neg 0.6374629813150419 off 0.2077469821066133 __DUMMY__ 0.15479003657834475	false	1.0
abfall	neg 1.0		off 0.3632390380817939 __DUMMY__ 0.32868950503135125 neg 0.3080714568868548	false	0.5
widerspenstig	neg 1.0		off 0.3692331375209477 __DUMMY__ 0.3236778587660163 neg 0.30708900371303594	false	0.5
abrupt	neg 1.0		off 0.3645424362312871 __DUMMY__ 0.32581123478249924 neg 0.3096463289862135	false	0.5
unwirksam	neg 1.0		off 0.3686117331942274 __DUMMY__ 0.3210006208613259 neg 0.3103876459444467	false	0.5
angreifen	neg 1.0		off 0.3653184125650663 __DUMMY__ 0.3269287224856853 neg 0.3077528649492485	false	0.5
inkonsistent	neg 1.0		off 0.37272661926672357 __DUMMY__ 0.32215315781414716 neg 0.30512022291912927	false	0.5
abrutschen	neg 1.0		off 0.3624566024422252 __DUMMY__ 0.32832562587580916 neg 0.3092177716819656	false	0.5
unsicher	neg 1.0		off 0.37094566107534505 __DUMMY__ 0.32498560094947543 neg 0.3040687379751795	false	0.5
bauernkind	off 1.0	off 1.0	off 0.679989609045361 neg 0.16800847110262263 __DUMMY__ 0.15200191985201633	false	1.0
angreifer	neg 1.0		off 0.37648686232249784 __DUMMY__ 0.3247395591317396 neg 0.2987735785457627	false	0.5
trennen	neg 1.0		off 0.3653698505409385 __DUMMY__ 0.3274140103060732 neg 0.30721613915298823	false	0.5
schmutz	neg 1.0		off 0.3759912399668011 __DUMMY__ 0.3255070390577091 neg 0.2985017209754897	false	0.5
inkonsistenz	neg 1.0		off 0.37603338723064716 __DUMMY__ 0.3222380156530067 neg 0.30172859711634625	false	0.5
erschreckend	neg 1.0		off 0.36992024911197846 __DUMMY__ 0.32477653810688334 neg 0.30530321278113837	false	0.5
ertrinken	neg 1.0		off 0.3641232625063987 __DUMMY__ 0.32633681879684856 neg 0.30953991869675285	false	0.5
pickelface	off 1.0		off 0.37187426658132106 __DUMMY__ 0.32470063748657324 neg 0.3034250959321056	false	1.0
seiner			off 0.36609066104790833 __DUMMY__ 0.3272101720564606 neg 0.30669916689563115	false	0.0
lauch	neg 1.0	neg 1.0	neg 0.6403993641803103 off 0.20097576200789055 __DUMMY__ 0.1586248738117992	false	1.0
unwichtig	neg 1.0		off 0.37574767118260155 __DUMMY__ 0.3220352049121548 neg 0.3022171239052437	false	0.5
steuerhinterziehung	neg 1.0		off 0.3694368152841752 __DUMMY__ 0.32394839990694757 neg 0.30661478480887727	false	0.5
schock	neg 1.0		off 0.36884799152202785 __DUMMY__ 0.3251341314347101 neg 0.30601787704326194	false	0.5
beule	neg 1.0		off 0.37741810111367685 __DUMMY__ 0.3200869668818938 neg 0.30249493200442934	false	0.5
vergelten	neg 1.0		off 0.3819760597957114 __DUMMY__ 0.32050183429883317 neg 0.29752210590545547	false	0.5
verdorbenheit	neg 1.0		off 0.37223503905594163 __DUMMY__ 0.32417457865368826 neg 0.3035903822903699	false	0.5
trauma	neg 1.0		off 0.3719164000918369 __DUMMY__ 0.32341045660629947 neg 0.3046731433018636	false	0.5
sinnlos	neg 1.0		off 0.3727838783453968 __DUMMY__ 0.32353798666590766 neg 0.30367813498869567	false	0.5
fettsack	off 1.0	off 1.0	off 0.6813465326880168 neg 0.16630948055313174 __DUMMY__ 0.1523439867588515	false	1.0
feige	off 1.0	off 1.0	off 0.6781318996366488 neg 0.16736161516058978 __DUMMY__ 0.15450648520276142	false	1.0
abdanken	neg 1.0		off 0.3707444850365719 __DUMMY__ 0.32501807782076236 neg 0.3042374371426657	false	0.5
wichtigtuer	off 1.0	off 1.0	off 0.6765963908094965 neg 0.16764482266591174 __DUMMY__ 0.15575878652459182	false	1.0
misslingen	neg 1.0		off 0.37446639413393684 __DUMMY__ 0.3261284216052807 neg 0.2994051842607824	false	0.5
untreu	off 1.0		off 0.37655971765902413 __DUMMY__ 0.3210073599180351 neg 0.3024329224229408	false	1.0
missmutig	neg 1.0		off 0.3736719069757371 __DUMMY__ 0.3218356287219351 neg 0.30449246430232785	false	0.5
hurenbock	off 1.0		off 0.36947174545192 __DUMMY__ 0.3222735108997656 neg 0.3082547436483144	false	1.0
betrunken	neg 1.0		off 0.3783887074651877 __DUMMY__ 0.3199626474564842 neg 0.3016486450783281	false	0.5
korrupt	off 1.0		off 0.36846361922622484 __DUMMY__ 0.3236516094307642 neg 0.30788477134301095	false	1.0
unmut	neg 1.0		off 0.3642558620292042 __DUMMY__ 0.3276511009600548 neg 0.30809303701074103	false	0.5
hackfresse	off 1.0		off 0.3842798481046942 __DUMMY__ 0.31737980406629696 neg 0.2983403478290089	false	1.0
aufblasen	neg 1.0		off 0.3704385356195028 __DUMMY__ 0.3236438116114532 neg 0.305917652769044	false	0.5
gewaltsam	neg 1.0		off 0.37148283395894605 __DUMMY__ 0.3256781804836408 neg 0.30283898555741323	false	0.5
unbeliebtheit	neg 1.0		off 0.37752820598572173 __DUMMY__ 0.3217713803190672 neg 0.3007004136952111	false	0.5
sturheit	neg 1.0		off 0.37067492265369706 __DUMMY__ 0.3256993356281377 neg 0.3036257417181652	false	0.5
kuh	neg 1.0		off 0.3707109795199908 __DUMMY__ 0.31905512936463687 neg 0.31023389111537225	false	0.5
erschrecken	neg 1.0		off 0.37472031411386625 __DUMMY__ 0.3223991154281081 neg 0.3028805704580256	false	0.5
opfer	neg 1.0		off 0.3683300549623535 __DUMMY__ 0.3271751134318497 neg 0.30449483160579693	false	0.5
sinken	neg 1.0		off 0.3637984990651238 __DUMMY__ 0.3262801483614691 neg 0.3099213525734071	false	0.5
stinktier	neg 1.0		off 0.3801810404550613 __DUMMY__ 0.3163169718092468 neg 0.3035019877356921	false	0.5
tucke	off 1.0		off 0.38484283270752 __DUMMY__ 0.31450457459285 neg 0.30065259269963	false	1.0
ein			off 0.36812388741667623 __DUMMY__ 0.3229938382102328 neg 0.30888227437309107	false	0.0
abstieg	neg 1.0		off 0.370663170616629 __DUMMY__ 0.32772447761272394 neg 0.30161235177064705	false	0.5
missverstehen	neg 1.0		off 0.3736433773155134 __DUMMY__ 0.32302168728065506 neg 0.3033349354038314	false	0.5
ergebnislos	neg 1.0		off 0.3684867479514685 __DUMMY__ 0.3276878565940202 neg 0.30382539545451126	false	0.5
unter			off 0.3597897848496511 __DUMMY__ 0.3315053511310939 neg 0.30870486401925507	false	0.0
manipulieren	neg 1.0		off 0.36670086352329156 __DUMMY__ 0.3269110587802285 neg 0.3063880776964799	false	0.5
unbewiesen	neg 1.0		off 0.3716668686541923 __DUMMY__ 0.32342718718579966 neg 0.3049059441600079	false	0.5
verschleppen	neg 1.0		off 0.3677857231812537 __DUMMY__ 0.3253485487193072 neg 0.3068657280994392	false	0.5
weib	off 1.0		off 0.3861542169693331 __DUMMY__ 0.3158777269092437 neg 0.29796805612142324	false	1.0
opposition	neg 1.0		off 0.37159484110389335 __DUMMY__ 0.3225627287611896 neg 0.305842430134917	false	0.5
verkehrswidrig	neg 1.0		off 0.3837754517847608 __DUMMY__ 0.3215249930513048 neg 0.29469955516393437	false	0.5
inkorrekt	neg 1.0		off 0.3797401983920466 __DUMMY__ 0.31990405393007504 neg 0.30035574767787826	false	0.5
vermeiden	neg 1.0		off 0.36281299663332234 __DUMMY__ 0.3293949231440354 neg 0.3077920802226423	false	0.5
abweichung	neg 1.0		off 0.36890172952918054 __DUMMY__ 0.32597440882091444 neg 0.30512386164990496	false	0.5
alkoholisiert	neg 1.0		off 0.36772047852452816 __DUMMY__ 0.32889626937971417 neg 0.30338325209575756	false	0.5
scheiss	off 1.0	off 1.0	off 0.6788811567988015 neg 0.16712302995481412 __DUMMY__ 0.15399581324638442	false	1.0
herausforderung	neg 1.0		off 0.3682682532604765 __DUMMY__ 0.32573825558322844 neg 0.30599349115629504	false	0.5
pervers	off 1.0		off 0.3887131042411172 __DUMMY__ 0.3150054884716948 neg 0.2962814072871878	false	1.0
wackelig	neg 1.0		off 0.3680638684471324 __DUMMY__ 0.32576382851025154 neg 0.3061723030426159	false	0.5
verwickeln	neg 1.0		off 0.37247434353684356 __DUMMY__ 0.3232049236922075 neg 0.30432073277094884	false	0.5
vorwand	neg 1.0		off 0.3650755973570883 __DUMMY__ 0.32724560125889435 neg 0.3076788013840173	false	0.5
muschi	off 1.0		off 0.37126701405432916 __DUMMY__ 0.32573050776366086 neg 0.30300247818201004	false	1.0
entmutigung	neg 1.0		off 0.3714088984507634 __DUMMY__ 0.32101170260375916 neg 0.3075793989454774	false	0.5
unangemessen	neg 1.0		off 0.36980216476685307 __DUMMY__ 0.32524659404164635 neg 0.3049512411915007	false	0.5
unstetig	neg 1.0		off 0.3754424137357773 __DUMMY__ 0.3228720368132594 neg 0.30168554945096326	false	0.5
entmutigen	neg 1.0		off 0.37138904121800953 __DUMMY__ 0.32366319865073023 neg 0.30494776013126035	false	0.5
schwanz	neg 1.0		off 0.3687328750468509 __DUMMY__ 0.3261945616604065 neg 0.30507256329274257	false	0.5
verbot	neg 1.0		off 0.36868272212531333 __DUMMY__ 0.32442173302815286 neg 0.30689554484653386	false	0.5
leid	neg 1.0		off 0.3815267387398306 __DUMMY__ 0.3189688025616651 neg 0.2995044586985043	false	0.5
archaisch	neg 1.0		off 0.3691768680769366 __DUMMY__ 0.3249882197838427 neg 0.30583491213922076	false	0.5
gegen			off 0.3655260839495317 __DUMMY__ 0.32833133651783314 neg 0.3061425795326352	false	0.0
scheidung	neg 1.0		off 0.3939911661367746 __DUMMY__ 0.3156374935074559 neg 0.2903713403557694	false	0.5
einschlag	neg 1.0		off 0.3822290273288536 __DUMMY__ 0.32183124384567774 neg 0.2959397288254687	false	0.5
m			off 0.3687624781232336 __DUMMY__ 0.325665207463468 neg 0.30557231441329846	false	0.0
abgestanden	neg 1.0		off 0.3673957509147523 __DUMMY__ 0.320475873162361 neg 0.31212837592288684	false	0.5
schmierig	off 1.0		off 0.38053971006169174 __DUMMY__ 0.31849168484191165 neg 0.30096860509639656	false	1.0
unpraktisch	neg 1.0		off 0.3723233978893753 __DUMMY__ 0.32396340807147017 neg 0.30371319403915453	false	0.5
wixxer	off 1.0		off 0.38844853253975287 __DUMMY__ 0.3141148058723808 neg 0.29743666158786647	false	1.0
bezeichnet			off 0.3715392486102785 __DUMMY__ 0.3248067332411457 neg 0.3036540181485759	false	0.0
jammerlappen	off 1.0		off 0.37578783047053954 __DUMMY__ 0.3217012554174825 neg 0.30251091411197806	false	1.0
farce	neg 1.0		off 0.3701322285746661 __DUMMY__ 0.3234366623955035 neg 0.30643110902983045	false	0.5
zwecklos	neg 1.0		off 0.36832112039859993 __DUMMY__ 0.32517895877479147 neg 0.3064999208266086	false	0.5
turbulent	neg 1.0		off 0.37768175249273006 __DUMMY__ 0.32016748820385865 neg 0.3021507593034113	false	0.5
invasion	neg 1.0		off 0.373397633470066 __DUMMY__ 0.3230306902954253 neg 0.30357167623450865	false	0.5
schuld	neg 1.0		off 0.37204273174236413 __DUMMY__ 0.3238603559488203 neg 0.3040969123088156	false	0.5
risiko	neg 1.0		off 0.37187520171535654 __DUMMY__ 0.3221233199840359 neg 0.3060014783006076	false	0.5
finster	neg 1.0		off 0.36876706778728774 __DUMMY__ 0.3227597359623318 neg 0.30847319625038055	false	0.5
geisteskrank	off 1.0		off 0.3784753282369941 __DUMMY__ 0.320527264725373 neg 0.30099740703763284	false	1.0
zusammenbrechen	neg 1.0		off 0.3682276884260634 __DUMMY__ 0.32485393630119386 neg 0.30691837527274274	false	0.5
ausbeute	neg 1.0		off 0.3705125924804535 __DUMMY__ 0.3260088610786461 neg 0.30347854644090044	false	0.5
hinterhalt	neg 1.0		off 0.369647764401818 __DUMMY__ 0.3252972165224347 neg 0.3050550190757473	false	0.5
kritik	neg 1.0		off 0.369867912311822 __DUMMY__ 0.3235791624841034 neg 0.3065529252040746	false	0.5
einschrumpfen	neg 1.0		off 0.3755315836911539 __DUMMY__ 0.3209134639403258 neg 0.30355495236852026	false	0.5
riskant	neg 1.0		off 0.3660647699957729 __DUMMY__ 0.32643755558590704 neg 0.3074976744183199	false	0.5
frustrieren	neg 1.0		off 0.36672351741047127 __DUMMY__ 0.3257348375276926 neg 0.30754164506183623	false	0.5
groll	neg 1.0		off 0.36925727734957287 __DUMMY__ 0.3258555708381013 neg 0.30488715181232595	false	0.5
gibt			off 0.3683700936274476 __DUMMY__ 0.325684971695367 neg 0.3059449346771853	false	0.0
qualvoll	neg 1.0		off 0.37240313097923355 __DUMMY__ 0.32287612044643366 neg 0.3047207485743327	false	0.5
wackeln	neg 1.0		off 0.37006454419213564 __DUMMY__ 0.3241483504695542 neg 0.30578710533831016	false	0.5
klagen	neg 1.0		off 0.3649546356747659 __DUMMY__ 0.32672959089420756 neg 0.30831577343102645	false	0.5
bankrott	neg 1.0		off 0.3760049534833409 __DUMMY__ 0.322761848504187 neg 0.30123319801247217	false	0.5
trauern	neg 1.0		off 0.36807121053821695 __DUMMY__ 0.328498660370171 neg 0.3034301290916121	false	0.5
ablehnung	neg 1.0		off 0.36931160204375585 __DUMMY__ 0.3239796118618036 neg 0.3067087860944405	false	0.5
stur	neg 1.0		off 0.37145742870637477 __DUMMY__ 0.3232432248555214 neg 0.3052993464381038	false	0.5
aufruhr	neg 1.0		off 0.37051322258714886 __DUMMY__ 0.32384381740443663 neg 0.30564296000841457	false	0.5
melancholie	neg 1.0		off 0.3640990972889329 __DUMMY__ 0.32481920961364086 neg 0.3110816930974263	false	0.5
ist			off 0.3723962657230258 __DUMMY__ 0.3235288035605521 neg 0.30407493071642205	false	0.0
torheit	neg 1.0		off 0.3722443231963072 __DUMMY__ 0.3238534096753754 neg 0.3039022671283174	false	0.5
dreckskind	off 1.0		off 0.38548992158567513 __DUMMY__ 0.31677962697470885 neg 0.2977304514396159	false	1.0
umtauschen	neg 1.0		off 0.36972899654993313 __DUMMY__ 0.32431764620112385 neg 0.3059533572489431	false	0.5
zum			off 0.3644466338499855 __DUMMY__ 0.33111933096302126 neg 0.3044340351869933	false	0.0
zersetzen	neg 1.0		off 0.3652882607390325 __DUMMY__ 0.32578955095347084 neg 0.3089221883074968	false	0.5
zur			off 0.36320271085773903 __DUMMY__ 0.3295875320064428 neg 0.30720975713581816	false	0.0
frust	neg 1.0		off 0.3680156505243738 __DUMMY__ 0.32502496512630313 neg 0.30695938434932313	false	0.5
unerbittlichkeit	neg 1.0		off 0.36754513586100496 __DUMMY__ 0.32693339367967383 neg 0.3055214704593212	false	0.5
zwei			off 0.36215842522454744 __DUMMY__ 0.3293199843759318 neg 0.30852159039952076	false	0.0
unkorrekt	neg 1.0		off 0.3783695413120055 __DUMMY__ 0.32028240253302565 neg 0.3013480561549687	false	0.5
hexe	off 1.0		off 0.3737453511653824 __DUMMY__ 0.3198601473481653 neg 0.3063945014864523	false	1.0
lasch	neg 1.0		off 0.3748392772588246 __DUMMY__ 0.3220367488992124 neg 0.30312397384196316	false	0.5
rivale	neg 1.0		off 0.38048330764320637 __DUMMY__ 0.32038903237924526 neg 0.2991276599775485	false	0.5
mutlos	off 1.0	off 1.0	off 0.6734429838915266 neg 0.16939089153824527 __DUMMY__ 0.15716612457022802	false	1.0
wirr	off 1.0		off 0.37987718511478125 __DUMMY__ 0.31885031490536264 neg 0.3012724999798561	false	1.0
jahr			off 0.3683397552240913 __DUMMY__ 0.32921376152811016 neg 0.30244648324779866	false	0.0
wird			off 0.36796730164618885 __DUMMY__ 0.32610600528235567 neg 0.30592669307145565	false	0.0
strafbar	neg 1.0		off 0.367065901808008 __DUMMY__ 0.32659298114618046 neg 0.3063411170458116	false	0.5
erosion	neg 1.0		off 0.3713147218262933 __DUMMY__ 0.3246582985119579 neg 0.3040269796617488	false	0.5
eingehen	neg 1.0		off 0.36640537068435597 __DUMMY__ 0.32566783044521286 neg 0.3079267988704311	false	0.5
faul	off 1.0		off 0.3750907044762784 __DUMMY__ 0.32219202542733555 neg 0.30271727009638594	false	1.0
provisorium	neg 1.0		off 0.3600986398145538 __DUMMY__ 0.3317247888353485 neg 0.3081765713500978	false	0.5
schmerzen	neg 1.0		off 0.368237867576463 __DUMMY__ 0.32366250285292536 neg 0.3080996295706117	false	0.5
schrumpfen	neg 1.0		off 0.36122605077563946 __DUMMY__ 0.32729636971602666 neg 0.3114775795083337	false	0.5
geistlos	off 1.0		off 0.37331471258925764 __DUMMY__ 0.32214037388893696 neg 0.3045449135218054	false	1.0
fehlkauf	neg 1.0		off 0.3732725501358483 __DUMMY__ 0.3227874373777238 neg 0.3039400124864279	false	0.5
frustrierend	neg 1.0		off 0.3744021021943581 __DUMMY__ 0.3222186034917902 neg 0.30337929431385163	false	0.5
unzufrieden	neg 1.0		off 0.36833091192441386 __DUMMY__ 0.32552726444907193 neg 0.3061418236265141	false	0.5
verzweifeln	neg 1.0		off 0.369668945467895 __DUMMY__ 0.32498147526273585 neg 0.30534957926936923	false	0.5
verzweifelt	neg 1.0		off 0.371537102019695 __DUMMY__ 0.3232603774797697 neg 0.3052025205005353	false	0.5
misstrauensantrag	neg 1.0		off 0.37241016355236733 __DUMMY__ 0.32277307423738416 neg 0.3048167622102486	false	0.5
abfallen	neg 1.0		off 0.3702008760106718 __DUMMY__ 0.32364185166775317 neg 0.30615727232157497	false	0.5
fucker	off 1.0		off 0.37962850949450505 __DUMMY__ 0.32055157751260993 neg 0.2998199129928851	false	1.0
ungezogen	neg 1.0		off 0.38666694546889135 __DUMMY__ 0.31643025059468444 neg 0.2969028039364242	false	0.5
irrsinnig	neg 1.0	neg 1.0	neg 0.638653725429665 off 0.20532649563114239 __DUMMY__ 0.1560197789391926	false	1.0
unfassbar	neg 1.0		off 0.3770836398134828 __DUMMY__ 0.3216403069715692 neg 0.301276053214948	false	0.5
hart	neg 1.0		off 0.3760632994156466 __DUMMY__ 0.31975874483969535 neg 0.30417795574465795	false	0.5
widerlich	off 1.0		off 0.37742403844039907 __DUMMY__ 0.32103108609184283 neg 0.30154487546775827	false	1.0
fatal	neg 1.0	neg 1.0	neg 0.639646774164395 off 0.2056270316042451 __DUMMY__ 0.15472619423135994	false	1.0
bruch	neg 1.0		off 0.36369553003242405 __DUMMY__ 0.3275969729030968 neg 0.3087074970644791	false	0.5
aushungern	neg 1.0		off 0.3688184690108279 __DUMMY__ 0.32426596911093675 neg 0.3069155618782354	false	0.5
anspannung	neg 1.0		off 0.36297674891025217 __DUMMY__ 0.3299814870500227 neg 0.3070417640397252	false	0.5
von			off 0.36539618249143047 __DUMMY__ 0.32722032473528134 neg 0.3073834927732882	false	0.0
kraftlos	neg 1.0		off 0.3674780256962928 __DUMMY__ 0.3254051438859577 neg 0.30711683041774956	false	0.5
vom			off 0.3611840662327064 __DUMMY__ 0.33221082929556905 neg 0.30660510447172457	false	0.0
grenzdebil	off 1.0		off 0.3767236128096256 __DUMMY__ 0.3206974442383105 neg 0.30257894295206383	false	1.0
vor			off 0.3642437394336502 __DUMMY__ 0.32779423013634246 neg 0.30796203043000736	false	0.0
unterwerfen	neg 1.0		off 0.36799718002887133 __DUMMY__ 0.3265968276650081 neg 0.3054059923061205	false	0.5
versenkung	neg 1.0		off 0.36744458897215826 __DUMMY__ 0.3269523951726246 neg 0.3056030158552172	false	0.5
entziehen	neg 1.0		off 0.3650615424147367 __DUMMY__ 0.32737869149400184 neg 0.3075597660912615	false	0.5
finanzkrise	neg 1.0		off 0.3671374471627061 __DUMMY__ 0.32080996611785967 neg 0.31205258671943437	false	0.5
schimpfend	neg 1.0		off 0.3721839519414447 __DUMMY__ 0.32472618824626115 neg 0.30308985981229397	false	0.5
profan	neg 1.0		off 0.3726465987796686 __DUMMY__ 0.3226548898446314 neg 0.30469851137570003	false	0.5
korruption	neg 1.0		off 0.3677123698912189 __DUMMY__ 0.32396678997277417 neg 0.30832084013600697	false	0.5
â			off 0.3680112071656162 __DUMMY__ 0.32578729320581806 neg 0.30620149962856574	false	0.0
schmutzig	neg 1.0		off 0.37675440570470836 __DUMMY__ 0.3205497996977459 neg 0.3026957945975458	false	0.5
sexy	neg 1.0		off 0.3751371452359574 __DUMMY__ 0.32294744529172276 neg 0.30191540947231976	false	0.5
abraten	neg 1.0		off 0.37294421676785017 __DUMMY__ 0.32371856970296614 neg 0.3033372135291837	false	0.5
schwarz	neg 1.0		off 0.37336337427332367 __DUMMY__ 0.32354573635673867 neg 0.3030908893699378	false	0.5
fotze	off 1.0	off 1.0	off 0.6742552012786851 neg 0.1683840247533482 __DUMMY__ 0.15736077396796652	false	1.0
verwirren	neg 1.0		off 0.37329523022297334 __DUMMY__ 0.3229643623118232 neg 0.30374040746520353	false	0.5
zahnlos	off 1.0		off 0.36929968966791504 __DUMMY__ 0.3250664175699361 neg 0.30563389276214886	false	1.0
verheeren	neg 1.0		off 0.388064757709314 __DUMMY__ 0.3159962303717222 neg 0.2959390119189638	false	0.5
hippie	neg 1.0		off 0.37450427129284275 __DUMMY__ 0.3227765360441643 neg 0.302719192662993	false	0.5
rammen	neg 1.0		off 0.37194137821704404 __DUMMY__ 0.3245945144708941 neg 0.30346410731206197	false	0.5
unlauter	neg 1.0		off 0.37241558600626 __DUMMY__ 0.3226598235786342 neg 0.30492459041510583	false	0.5
unheilvoll	neg 1.0		off 0.3714516847537004 __DUMMY__ 0.32319427653001437 neg 0.30535403871628525	false	0.5
niedrig	neg 1.0		off 0.36659119560880615 __DUMMY__ 0.32449847181805924 neg 0.3089103325731345	false	0.5
explosion	neg 1.0		off 0.37465879950761716 __DUMMY__ 0.3230759635116961 neg 0.30226523698068686	false	0.5
weichei	off 1.0	off 1.0	off 0.6807611112409926 neg 0.16682763286162372 __DUMMY__ 0.15241125589738375	false	1.0
minusmensch	off 1.0		off 0.3878673657729988 __DUMMY__ 0.3160180638956439 neg 0.2961145703313573	false	1.0
farblos	neg 1.0		off 0.3720792813646863 __DUMMY__ 0.3237595215222659 neg 0.3041611971130478	false	0.5
unwissend	neg 1.0	neg 1.0	neg 0.6376735663764471 off 0.2075034750141607 __DUMMY__ 0.1548229586093921	false	1.0
traurig	neg 1.0		off 0.3796909627624194 __DUMMY__ 0.3202960126741405 neg 0.3000130245634401	false	0.5
senkung	neg 1.0		off 0.3714111237450937 __DUMMY__ 0.320197636930052 neg 0.3083912393248543	false	0.5
ungleich	neg 1.0	neg 1.0	neg 0.6398270681611478 off 0.2029755204596368 __DUMMY__ 0.1571974113792154	false	1.0
heikel	neg 1.0		off 0.36634669494065364 __DUMMY__ 0.32646297637322036 neg 0.307190328686126	false	0.5
drosselung	neg 1.0		off 0.375775986500567 __DUMMY__ 0.3191920790218787 neg 0.3050319344775544	false	0.5
falsch	neg 1.0		off 0.3752950973643625 __DUMMY__ 0.3227764380037578 neg 0.3019284646318798	false	0.5
unzufriedenheit	neg 1.0		off 0.3653883873334368 __DUMMY__ 0.32579713263799265 neg 0.30881448002857054	false	0.5
kurz	neg 1.0		off 0.369103880025751 __DUMMY__ 0.3261191604949252 neg 0.3047769594793239	false	0.5
unsinnig	neg 1.0		off 0.3690885972427146 __DUMMY__ 0.32396894281992733 neg 0.3069424599373582	false	0.5
penner	off 1.0	off 1.0	off 0.6821015290986636 neg 0.16561926669296795 __DUMMY__ 0.15227920420836835	false	1.0
seicht	neg 1.0		off 0.38437042353249773 __DUMMY__ 0.3152286558501596 neg 0.30040092061734264	false	0.5
dummheit	off 1.0	off 1.0	off 0.6762798787377422 neg 0.1685217049459443 __DUMMY__ 0.1551984163163135	false	1.0
unerfreulich	neg 1.0		off 0.36613856094362035 __DUMMY__ 0.32673034967836084 neg 0.30713108937801886	false	0.5
motherfucker	off 1.0	off 1.0	off 0.6794131072020677 neg 0.16632654008223421 __DUMMY__ 0.15426035271569818	false	1.0
pikiert	neg 1.0		off 0.37572819216354486 __DUMMY__ 0.32094274309914217 neg 0.3033290647373131	false	0.5
wrack	neg 1.0		off 0.3714508185786157 __DUMMY__ 0.32830821573713226 neg 0.30024096568425196	false	0.5
gangster	neg 1.0		off 0.3746562448033325 __DUMMY__ 0.3225989787931477 neg 0.3027447764035197	false	0.5
krank	neg 1.0		off 0.37735777629263023 __DUMMY__ 0.3213125885655016 neg 0.30132963514186806	false	0.5
reich	neg 1.0		off 0.37302603819893493 __DUMMY__ 0.31977530940725873 neg 0.30719865239380634	false	0.5
gnadenlos	neg 1.0		off 0.372073806133588 __DUMMY__ 0.3243239352093616 neg 0.30360225865705043	false	0.5
niedergeschlagen	neg 1.0		off 0.3685639779382358 __DUMMY__ 0.3261096116664954 neg 0.3053264103952687	false	0.5
terrorisieren	off 1.0	off 1.0	off 0.6728168485294999 neg 0.1696381026865701 __DUMMY__ 0.15754504878393003	false	1.0
sinnlosigkeit	neg 1.0		off 0.3688800951689479 __DUMMY__ 0.32533196517454643 neg 0.3057879396565057	false	0.5
behindern	neg 1.0		off 0.37028934320948853 __DUMMY__ 0.3241822348376427 neg 0.30552842195286883	false	0.5
undemokratisch	neg 1.0		off 0.37271900248085804 __DUMMY__ 0.32263646834239085 neg 0.3046445291767513	false	0.5
wirtschaftskrise	neg 1.0		off 0.3668181650268459 __DUMMY__ 0.32349442305883436 neg 0.3096874119143197	false	0.5
neid	neg 1.0		off 0.3737708640623821 __DUMMY__ 0.3222479277717661 neg 0.3039812081658519	false	0.5
rutschen	neg 1.0		off 0.36162539470191124 __DUMMY__ 0.3291443827697779 neg 0.309230222528311	false	0.5
rezession	neg 1.0		off 0.37691531484235785 __DUMMY__ 0.31667609469871305 neg 0.306408590458929	false	0.5
fehlgeburt	neg 1.0		off 0.37166300378715206 __DUMMY__ 0.3247580868740268 neg 0.3035789093388211	false	0.5
charakterschwach	off 1.0		off 0.3766490276058102 __DUMMY__ 0.320942912038204 neg 0.30240806035598583	false	1.0
isolation	neg 1.0		off 0.37548267362718313 __DUMMY__ 0.32309025787485846 neg 0.3014270684979583	false	0.5
ablenkung	neg 1.0		off 0.3707685246019839 __DUMMY__ 0.3250025147221398 neg 0.30422896067587635	false	0.5
pech	neg 1.0		off 0.374623320334081 __DUMMY__ 0.32167267043724745 neg 0.30370400922867136	false	0.5
vermeidung	neg 1.0		off 0.3765009917159744 __DUMMY__ 0.3203551578492338 neg 0.3031438504347918	false	0.5
dominieren	neg 1.0		off 0.3694394023648594 __DUMMY__ 0.3253358043000077 neg 0.305224793335133	false	0.5
schwindlig	neg 1.0		off 0.37219759424059407 __DUMMY__ 0.3227611000549811 neg 0.30504130570442495	false	0.5
lutscher	neg 1.0		off 0.38631769388567333 __DUMMY__ 0.31449591447886305 neg 0.2991863916354635	false	0.5
pflicht	neg 1.0		off 0.3655457055270063 __DUMMY__ 0.3277281389234713 neg 0.30672615554952254	false	0.5
faschist	off 1.0		off 0.3749230699780892 __DUMMY__ 0.3226347230912659 neg 0.3024422069306449	false	1.0
verschleudern	neg 1.0		off 0.36508789559620125 __DUMMY__ 0.32371739108091424 neg 0.31119471332288456	false	0.5
wenn			off 0.37525872725845344 __DUMMY__ 0.3216272956244671 neg 0.30311397711707944	false	0.0
ehebruch	neg 1.0		off 0.36770017517007214 __DUMMY__ 0.32546775747982043 neg 0.3068320673501073	false	0.5
spott	off 1.0		off 0.3684245457058518 __DUMMY__ 0.32647367010699785 neg 0.30510178418715045	false	1.0
trostlosigkeit	neg 1.0		off 0.3642007424512335 __DUMMY__ 0.32628418825779115 neg 0.3095150692909753	false	0.5
lutschen	neg 1.0		off 0.37579479130537186 __DUMMY__ 0.3227927683519902 neg 0.301412440342638	false	0.5
undiszipliniert	neg 1.0		off 0.3786365524721667 __DUMMY__ 0.3202549043001816 neg 0.3011085432276517	false	0.5
kopfschmerz	neg 1.0		off 0.3653915289653346 __DUMMY__ 0.323688400073438 neg 0.31092007096122737	false	0.5
unvorhergesehen	neg 1.0		off 0.3656428370916 __DUMMY__ 0.32752146785737146 neg 0.3068356950510287	false	0.5
desinteressiert	neg 1.0		off 0.37790986063656634 __DUMMY__ 0.3204500797455039 neg 0.3016400596179298	false	0.5
armselig	off 1.0		off 0.3804969351876992 __DUMMY__ 0.3197416423397503 neg 0.29976142247255055	false	1.0
desaster	neg 1.0		off 0.36379606843870077 __DUMMY__ 0.32673411177449463 neg 0.30946981978680455	false	0.5
tod	neg 1.0		off 0.36736239229365775 __DUMMY__ 0.3264100580301967 neg 0.30622754967614557	false	0.5
herzlos	neg 1.0		off 0.3796512924784984 __DUMMY__ 0.31968255297284703 neg 0.30066615454865453	false	0.5
unwissenheit	neg 1.0		off 0.3684607685646523 __DUMMY__ 0.3253590448827678 neg 0.3061801865525797	false	0.5
widersinnig	neg 1.0		off 0.36856641668871615 __DUMMY__ 0.3232174264889897 neg 0.3082161568222941	false	0.5
bedenklich	neg 1.0		off 0.3672029606679545 __DUMMY__ 0.32536396103960796 neg 0.3074330782924377	false	0.5
beanstanden	neg 1.0		off 0.36659418710523606 __DUMMY__ 0.32783918638838055 neg 0.30556662650638333	false	0.5
panisch	neg 1.0		off 0.3728241773081195 __DUMMY__ 0.3237460507469343 neg 0.30342977194494625	false	0.5
debil	off 1.0		off 0.36015712053488197 __DUMMY__ 0.33053990830065194 neg 0.309302971164466	false	1.0
abstrich	neg 1.0		off 0.3695563210812425 __DUMMY__ 0.32514104719031917 neg 0.3053026317284383	false	0.5
primitiv	neg 1.0		off 0.3783279728608527 __DUMMY__ 0.3206869444595229 neg 0.3009850826796245	false	0.5
abschaum	off 1.0	off 1.0	off 0.6785852691335897 neg 0.16611337533123285 __DUMMY__ 0.15530135553517738	false	1.0
provozieren	neg 1.0		off 0.37146683518467355 __DUMMY__ 0.323612435059713 neg 0.3049207297556134	false	0.5
tot	neg 1.0		off 0.36897709251598215 __DUMMY__ 0.325530422024656 neg 0.30549248545936175	false	0.5
instabil	neg 1.0		off 0.3796639564785357 __DUMMY__ 0.31833534332280755 neg 0.30200070019865694	false	0.5
schwuchtel	off 1.0	off 1.0	off 0.6863735398793187 neg 0.16324247155112934 __DUMMY__ 0.15038398856955193	false	1.0
zerren	neg 1.0		off 0.36838876591698755 __DUMMY__ 0.32601957068443405 neg 0.3055916633985785	false	0.5
kinderficker	off 1.0		off 0.3827698328933627 __DUMMY__ 0.3184348875184801 neg 0.29879527958815716	false	1.0
gefahr	neg 1.0		off 0.3659893566769919 __DUMMY__ 0.32744936707717487 neg 0.3065612762458332	false	0.5
rabiat	neg 1.0		off 0.36926495737460624 __DUMMY__ 0.324069061892736 neg 0.3066659807326578	false	0.5
verlangsamung	neg 1.0		off 0.38368701382266496 __DUMMY__ 0.3166812420599308 neg 0.2996317441174042	false	0.5
ausgestorben	neg 1.0		off 0.369843286831199 __DUMMY__ 0.32532685255130117 neg 0.30482986061749984	false	0.5
anklagen	neg 1.0		off 0.36937540936086866 __DUMMY__ 0.3251860227981955 neg 0.305438567840936	false	0.5
trott	neg 1.0		off 0.37087013649618544 __DUMMY__ 0.32452115841950846 neg 0.30460870508430604	false	0.5
verminderung	neg 1.0		off 0.37655630689523273 __DUMMY__ 0.3203251733066791 neg 0.3031185197980881	false	0.5
nach			off 0.3612819952802096 __DUMMY__ 0.33067466733688694 neg 0.3080433373829033	false	0.0
rost	neg 1.0		off 0.38723428723016784 __DUMMY__ 0.31848629818444324 neg 0.2942794145853889	false	0.5
destruktiv	neg 1.0		off 0.3702409054895152 __DUMMY__ 0.3239609232418083 neg 0.30579817126867637	false	0.5
unzumutbarkeit	neg 1.0		off 0.37785257900291175 __DUMMY__ 0.3217568998375951 neg 0.30039052115949316	false	0.5
labil	off 1.0	off 1.0	off 0.6777414837391323 neg 0.1672512384719155 __DUMMY__ 0.15500727778895218	false	1.0
ziemlich	neg 1.0		off 0.37701058403194965 __DUMMY__ 0.32202185767814906 neg 0.3009675582899014	false	0.5
lachnummer	off 1.0		off 0.37158006669916066 __DUMMY__ 0.324508999710631 neg 0.30391093359020843	false	1.0
oder			off 0.37155214937748154 __DUMMY__ 0.3245954881308635 neg 0.30385236249165504	false	0.0
verfall	neg 1.0		off 0.3616603444313861 __DUMMY__ 0.32753479471902675 neg 0.3108048608495871	false	0.5
ausgrenzung	neg 1.0		off 0.3725966970331826 __DUMMY__ 0.32260825782201025 neg 0.30479504514480704	false	0.5
unordnung	neg 1.0		off 0.3817576046483315 __DUMMY__ 0.31973390067318397 neg 0.29850849467848456	false	0.5
fehlverhalten	neg 1.0		off 0.36689642776962816 __DUMMY__ 0.32643538765902275 neg 0.306668184571349	false	0.5
eine			off 0.36427558805669 __DUMMY__ 0.3269519108818714 neg 0.30877250106143855	false	0.0
nille	neg 1.0		off 0.3717696901293004 __DUMMY__ 0.32489411154284265 neg 0.30333619832785697	false	0.5
qual	neg 1.0		off 0.37040328900665126 __DUMMY__ 0.32452895254837355 neg 0.3050677584449752	false	0.5
verschwenden	neg 1.0		off 0.36554988576357 __DUMMY__ 0.3254034900303194 neg 0.3090466242061106	false	0.5
riesig	neg 1.0		off 0.3677059375518676 __DUMMY__ 0.3268657205633037 neg 0.30542834188482865	false	0.5
verurteilen	neg 1.0		off 0.36898347201825143 __DUMMY__ 0.3252245974039727 neg 0.30579193057777576	false	0.5
klischee	neg 1.0	neg 1.0	neg 0.6383969496716342 off 0.20674224373736874 __DUMMY__ 0.15486080659099705	false	1.0
diktatorisch	neg 1.0		off 0.37296511070264726 __DUMMY__ 0.32269236892906616 neg 0.3043425203682865	false	0.5
vorhersehbar	neg 1.0		off 0.3733920348383378 __DUMMY__ 0.3221652221595089 neg 0.30444274300215335	false	0.5
sowie			off 0.3811836763502432 __DUMMY__ 0.317705807760352 neg 0.3011105158894049	false	0.0
stornieren	neg 1.0		off 0.3759524490307306 __DUMMY__ 0.3254857418738459 neg 0.29856180909542346	false	0.5
besteuerung	neg 1.0	neg 1.0	neg 0.6410176788809221 off 0.20426508801384768 __DUMMY__ 0.15471723310523017	false	1.0
ungeschminkt	neg 1.0		off 0.3785124378506401 __DUMMY__ 0.3206878701071062 neg 0.30079969204225365	false	0.5
kritisch	neg 1.0		off 0.3685274912290701 __DUMMY__ 0.32551345770552537 neg 0.30595905106540455	false	0.5
schlamperei	off 1.0		off 0.3673086861915052 __DUMMY__ 0.32614408158009917 neg 0.3065472322283957	false	1.0
sucht	neg 1.0	neg 1.0	neg 0.6368377286101238 off 0.20637873237104237 __DUMMY__ 0.15678353901883396	false	1.0
egoistisch	off 1.0	off 1.0	off 0.6815672287688009 neg 0.16493089373134273 __DUMMY__ 0.15350187749985628	false	1.0
ausbeuter	off 1.0		off 0.3653882481388877 __DUMMY__ 0.325134161833076 neg 0.3094775900280362	false	1.0
arschgeburt	off 1.0		off 0.39106974834127756 __DUMMY__ 0.3131894645189863 neg 0.29574078713973617	false	1.0
schubs	neg 1.0		off 0.36656319610243443 __DUMMY__ 0.324485249603976 neg 0.3089515542935897	false	0.5
unsolide	neg 1.0		off 0.37358214766284514 __DUMMY__ 0.3226645918952349 neg 0.3037532604419199	false	0.5
beschwerde	neg 1.0		off 0.36915212653306106 __DUMMY__ 0.32563181646394385 neg 0.3052160570029951	false	0.5
stocken	neg 1.0		off 0.36769755171912016 __DUMMY__ 0.3257639437947598 neg 0.30653850448612	false	0.5
isolieren	neg 1.0		off 0.3679996524751771 __DUMMY__ 0.32443918113622644 neg 0.3075611663885965	false	0.5
unheilbar	neg 1.0		off 0.37062277223162615 __DUMMY__ 0.32404715875592904 neg 0.30533006901244475	false	0.5
pisser	off 1.0	off 1.0	off 0.6804399436095603 neg 0.16507388570117654 __DUMMY__ 0.1544861706892633	false	1.0
löschen	neg 1.0		off 0.3715454295063644 __DUMMY__ 0.3242084357155257 neg 0.30424613477810986	false	0.5
durchfallen	neg 1.0		off 0.36841401596090484 __DUMMY__ 0.32570696346222777 neg 0.3058790205768673	false	0.5
wichser	off 1.0	off 1.0	off 0.6839279362867469 neg 0.16461998904286476 __DUMMY__ 0.15145207467038843	false	1.0
terror	neg 1.0		off 0.3743634842750742 __DUMMY__ 0.3229216371598185 neg 0.3027148785651074	false	0.5
krass	neg 1.0		off 0.38154880927359536 __DUMMY__ 0.318929642083922 neg 0.29952154864248276	false	0.5
revolte	neg 1.0		off 0.3731583863860882 __DUMMY__ 0.3206785817481735 neg 0.3061630318657383	false	0.5
besorgt	neg 1.0		off 0.3694427007794054 __DUMMY__ 0.32628619880874277 neg 0.30427110041185196	false	0.5
nachlassen	neg 1.0		off 0.3683408143772293 __DUMMY__ 0.3265653986735618 neg 0.30509378694920886	false	0.5
alt	neg 1.0		off 0.3646720258431918 __DUMMY__ 0.32293512359911947 neg 0.3123928505576888	false	0.5
hundesohn	off 1.0	off 1.0	off 0.683665932716417 neg 0.1643244892187857 __DUMMY__ 0.15200957806479728	false	1.0
als			off 0.3681093065535669 __DUMMY__ 0.3247519424672891 neg 0.307138750979144	false	0.0
abschreckung	neg 1.0		off 0.3656203859606138 __DUMMY__ 0.3263330850552318 neg 0.3080465289841545	false	0.5
unqualifiziert	neg 1.0		off 0.3755153697539733 __DUMMY__ 0.3223016780318546 neg 0.302182952214172	false	0.5
abgewichst	off 1.0		off 0.3709135552227706 __DUMMY__ 0.3250616607757914 neg 0.30402478400143806	false	1.0
schwer	neg 1.0		off 0.3697056117840214 __DUMMY__ 0.3242591742791756 neg 0.30603521393680294	false	0.5
bedeutungslosigkeit	neg 1.0		off 0.3663037627430235 __DUMMY__ 0.32628068058170046 neg 0.30741555667527604	false	0.5
kapitulation	neg 1.0		off 0.36739361625170847 __DUMMY__ 0.324623725778049 neg 0.30798265797024255	false	0.5
unscharf	neg 1.0		off 0.3709077848453003 __DUMMY__ 0.32080494605116155 neg 0.30828726910353815	false	0.5
schwinden	neg 1.0		off 0.3655686755816374 __DUMMY__ 0.32531744964441234 neg 0.3091138747739502	false	0.5
versklavung	neg 1.0	neg 1.0	neg 0.6391169836323738 off 0.20548078620354013 __DUMMY__ 0.155402230164086	false	1.0
schlecht	neg 1.0		off 0.37730842457959535 __DUMMY__ 0.32215860002423236 neg 0.30053297539617235	false	0.5
verhasst	neg 1.0		off 0.37218463698889875 __DUMMY__ 0.32327689762411216 neg 0.3045384653869891	false	0.5
beschweren	neg 1.0		off 0.37321761269514764 __DUMMY__ 0.324021883628074 neg 0.3027605036767784	false	0.5
scheiden	neg 1.0		off 0.3701542358698083 __DUMMY__ 0.3236512854963665 neg 0.30619447863382515	false	0.5
frustriert	neg 1.0		off 0.36942599682294314 __DUMMY__ 0.3251980482517034 neg 0.30537595492535347	false	0.5
schimmelig	neg 1.0		off 0.36657555006615183 __DUMMY__ 0.3241909018261098 neg 0.3092335481077383	false	0.5
fisch	neg 1.0		off 0.36235977662286345 __DUMMY__ 0.3246676008890896 neg 0.3129726224880469	false	0.5
schmuggel	neg 1.0		off 0.36563044046050214 __DUMMY__ 0.3281125359957027 neg 0.306257023543795	false	0.5
auffallen	neg 1.0		off 0.37308039356120287 __DUMMY__ 0.3231432975531967 neg 0.3037763088856004	false	0.5
konkurrenz	neg 1.0		off 0.3662774767619381 __DUMMY__ 0.32708207736768097 neg 0.306640445870381	false	0.5
teufelskreis	neg 1.0	neg 1.0	neg 0.6407011873552896 off 0.20360683919871306 __DUMMY__ 0.15569197344599747	false	1.0
aufschreien	neg 1.0		off 0.37331645652856676 __DUMMY__ 0.3223144293320887 neg 0.30436911413934464	false	0.5
schuldner	neg 1.0		off 0.3645859887208602 __DUMMY__ 0.32449262572971854 neg 0.31092138554942134	false	0.5
missgeburt	off 1.0	off 1.0	off 0.6836515428281257 neg 0.16292459514382804 __DUMMY__ 0.15342386202804628	false	1.0
arbeitslos	neg 1.0		off 0.3682123224879046 __DUMMY__ 0.3256302538759147 neg 0.3061574236361807	false	0.5
befallen	neg 1.0		off 0.3681154651138066 __DUMMY__ 0.3228503212443143 neg 0.30903421364187916	false	0.5
miesepetrig	off 1.0	off 1.0	off 0.677589695622038 neg 0.16756499286563567 __DUMMY__ 0.15484531151232633	false	1.0
alarmieren	neg 1.0		off 0.37614932128171213 __DUMMY__ 0.32229507129630647 neg 0.3015556074219815	false	0.5
ungeduscht	off 1.0		off 0.37493660243370663 __DUMMY__ 0.3215555915987206 neg 0.3035078059675728	false	1.0
knappheit	neg 1.0		off 0.36712571601178823 __DUMMY__ 0.3237117994611496 neg 0.30916248452706224	false	0.5
schlange	neg 1.0		off 0.37103290244546083 __DUMMY__ 0.3242075814020312 neg 0.30475951615250807	false	0.5
harsch	neg 1.0		off 0.38255854047306825 __DUMMY__ 0.32103150264594627 neg 0.29640995688098554	false	0.5
lang	neg 1.0		off 0.37238383837199845 __DUMMY__ 0.32392723272390145 neg 0.3036889289041001	false	0.5
ziellos	neg 1.0		off 0.3667812076572416 __DUMMY__ 0.3266591359400008 neg 0.3065596564027576	false	0.5
selbstverliebt	neg 1.0		off 0.38890834009926906 __DUMMY__ 0.31555347431207237 neg 0.2955381855886587	false	0.5
beseitigen	neg 1.0		off 0.371946424424183 __DUMMY__ 0.3257648766762721 neg 0.30228869889954496	false	0.5
dumm	off 1.0		off 0.38347746252384723 __DUMMY__ 0.3177922856195595 neg 0.29873025185659324	false	1.0
arbeitsloser	neg 1.0		off 0.3700262861097519 __DUMMY__ 0.3275108920947925 neg 0.3024628217954556	false	0.5
blitzen	neg 1.0		off 0.3751265579920208 __DUMMY__ 0.32248065147682 neg 0.30239279053115925	false	0.5
hilflos	neg 1.0		off 0.3681301681957244 __DUMMY__ 0.325381822776896 neg 0.30648800902737977	false	0.5
eklig	off 1.0		off 0.383082717390594 __DUMMY__ 0.316584917923996 neg 0.3003323646854099	false	1.0
begriff			off 0.37043476296302813 __DUMMY__ 0.32464893957835916 neg 0.3049162974586126	false	0.0
hungersnot	neg 1.0		off 0.3674085627943777 __DUMMY__ 0.3239545820647618 neg 0.30863685514086037	false	0.5
ungesetzlich	neg 1.0		off 0.3726018255722117 __DUMMY__ 0.3223738110109571 neg 0.30502436341683126	false	0.5
verschwendung	neg 1.0		off 0.3661202556128882 __DUMMY__ 0.32613196812734346 neg 0.3077477762597685	false	0.5
schmerzvoll	neg 1.0		off 0.37169443508683103 __DUMMY__ 0.32297565082638724 neg 0.30532991408678184	false	0.5
vorzeitig	neg 1.0		off 0.3774143810311287 __DUMMY__ 0.32308410862149295 neg 0.29950151034737843	false	0.5
unvollkommenheit	neg 1.0		off 0.3696998378146197 __DUMMY__ 0.3254601761822926 neg 0.30483998600308776	false	0.5
intervenieren	neg 1.0		off 0.3659806877689682 __DUMMY__ 0.324785002631241 neg 0.30923430959979087	false	0.5
banause	off 1.0		off 0.38354134771638126 __DUMMY__ 0.31455087766837536 neg 0.30190777461524354	false	1.0
rebell	neg 1.0		off 0.36142400393002916 __DUMMY__ 0.3265583261071743 neg 0.3120176699627965	false	0.5
unlogisch	neg 1.0		off 0.3792820658821602 __DUMMY__ 0.3200734922960152 neg 0.30064444182182465	false	0.5
leiden	neg 1.0		off 0.3665519633105059 __DUMMY__ 0.3284772995091222 neg 0.30497073718037193	false	0.5
abschaffung	neg 1.0		off 0.3712091299381485 __DUMMY__ 0.32278578956081777 neg 0.30600508050103375	false	0.5
sturz	neg 1.0		off 0.3751909176211935 __DUMMY__ 0.32572951267009526 neg 0.2990795697087112	false	0.5
verkleinerung	neg 1.0		off 0.3735648499266512 __DUMMY__ 0.3202507278889233 neg 0.30618442218442565	false	0.5
schmarotzer	off 1.0		off 0.3688411458461315 __DUMMY__ 0.3248397123196428 neg 0.30631914183422576	false	1.0
bestrafung	neg 1.0	neg 1.0	neg 0.6380670071774651 off 0.20543990681723126 __DUMMY__ 0.1564930860053036	false	1.0
achtlos	neg 1.0		off 0.3692409145746063 __DUMMY__ 0.32502244102573263 neg 0.30573664439966114	false	0.5
ungeheuer	neg 1.0		off 0.3699770722825987 __DUMMY__ 0.3227534076160279 neg 0.3072695201013734	false	0.5
unaufrichtig	neg 1.0		off 0.37581995466452156 __DUMMY__ 0.3226559980838329 neg 0.30152404725164544	false	0.5
groggy	neg 1.0		off 0.3749042023938726 __DUMMY__ 0.3234626502158653 neg 0.30163314739026204	false	0.5
verletzlich	neg 1.0		off 0.37465475650874536 __DUMMY__ 0.31978751790830295 neg 0.3055577255829517	false	0.5
ablehnen	neg 1.0		off 0.3680735504932824 __DUMMY__ 0.3254615277882936 neg 0.30646492171842393	false	0.5
