unsolidarisch	neg 1.0		off 0.5249431857927426 neg 0.434197426509853 __DUMMY__ 0.040859387697404506	false	0.5
nachteilig	neg 1.0		off 0.5243471503939525 neg 0.4342278557609485 __DUMMY__ 0.041424993845099	false	0.5
skeptisch	neg 1.0		off 0.5220511091941042 neg 0.4365607217376644 __DUMMY__ 0.04138816906823132	false	0.5
schrecklich	neg 1.0		off 0.5331978970231062 neg 0.426323350319413 __DUMMY__ 0.04047875265748093	false	0.5
schlapp	neg 1.0	neg 1.0	neg 0.6988066634228772 off 0.2818382626293578 __DUMMY__ 0.01935507394776501	false	1.0
abfall	neg 1.0		off 0.5199813386107335 neg 0.4383872501105992 __DUMMY__ 0.04163141127866741	false	0.5
widerspenstig	neg 1.0		off 0.5238183829045411 neg 0.4352145299236067 __DUMMY__ 0.040967087171852226	false	0.5
abrupt	neg 1.0		off 0.5199645952440702 neg 0.43879128005898976 __DUMMY__ 0.04124412469694005	false	0.5
unwirksam	neg 1.0		off 0.5218303375286794 neg 0.4375557628473592 __DUMMY__ 0.040613899623961364	false	0.5
angreifen	neg 1.0		off 0.5212821220549582 neg 0.43731546957949957 __DUMMY__ 0.04140240836554223	false	0.5
inkonsistent	neg 1.0		off 0.5267206100407879 neg 0.4325165306186422 __DUMMY__ 0.04076285934056986	false	0.5
abrutschen	neg 1.0		off 0.5189957992880323 neg 0.4394184275890403 __DUMMY__ 0.04158577312292749	false	0.5
unsicher	neg 1.0		off 0.5262120204410434 neg 0.43264385225873 __DUMMY__ 0.041144127300226534	false	0.5
bauernkind	off 1.0	off 1.0	off 0.752780208895855 neg 0.22822049887426263 __DUMMY__ 0.018999292229882458	false	1.0
angreifer	neg 1.0		off 0.531861129179681 neg 0.4270332801035179 __DUMMY__ 0.041105590716801206	false	0.5
trennen	neg 1.0		off 0.5216056650640479 neg 0.4369308378069897 __DUMMY__ 0.04146349712896243	false	0.5
schmutz	neg 1.0		off 0.5317469150796409 neg 0.4270533594114893 __DUMMY__ 0.04119972550886981	false	0.5
inkonsistenz	neg 1.0		off 0.5301682950302113 neg 0.4290538308745099 __DUMMY__ 0.040777874095278874	false	0.5
erschreckend	neg 1.0		off 0.5250273138891008 neg 0.4338544957494944 __DUMMY__ 0.0411181903614048	false	0.5
ertrinken	neg 1.0		off 0.5197614751804764 neg 0.4389172083965783 __DUMMY__ 0.04132131642294524	false	0.5
pickelface	off 1.0		off 0.5270565721167443 neg 0.4318397132636896 __DUMMY__ 0.041103714619566224	false	1.0
seiner			off 0.5222439219117644 neg 0.43631740613279324 __DUMMY__ 0.04143867195544256	false	0.0
lauch	neg 1.0	neg 1.0	neg 0.70330465864353 off 0.276852136093134 __DUMMY__ 0.019843205263336015	false	1.0
unwichtig	neg 1.0		off 0.5297777509901236 neg 0.4294684207777732 __DUMMY__ 0.04075382823210317	false	0.5
steuerhinterziehung	neg 1.0		off 0.5241047468946345 neg 0.4348909907858442 __DUMMY__ 0.04100426231952136	false	0.5
schock	neg 1.0		off 0.5241111738514885 neg 0.43472723878786096 __DUMMY__ 0.04116158736065059	false	0.5
beule	neg 1.0		off 0.5305987030029045 neg 0.4289112840843383 __DUMMY__ 0.04049001291275715	false	0.5
vergelten	neg 1.0		off 0.5355035694734006 neg 0.4239536889390518 __DUMMY__ 0.0405427415875475	false	0.5
verdorbenheit	neg 1.0		off 0.5272164094441703 neg 0.43175228088191986 __DUMMY__ 0.041031309673909985	false	0.5
trauma	neg 1.0		off 0.5264634604750171 neg 0.43259903409229794 __DUMMY__ 0.040937505432684825	false	0.5
sinnlos	neg 1.0		off 0.5274176213879138 neg 0.4316292795250697 __DUMMY__ 0.04095309908701649	false	0.5
fettsack	off 1.0	off 1.0	off 0.7542934903075784 neg 0.22666285162152236 __DUMMY__ 0.019043658070899222	false	1.0
feige	off 1.0	off 1.0	off 0.7520633348693136 neg 0.228615254062679 __DUMMY__ 0.0193214110680073	false	1.0
abdanken	neg 1.0		off 0.52598761412963 neg 0.4328663405771588 __DUMMY__ 0.04114604529321115	false	0.5
wichtigtuer	off 1.0	off 1.0	off 0.7511158134099821 neg 0.22940350813552937 __DUMMY__ 0.01948067845448851	false	1.0
misslingen	neg 1.0		off 0.5304705254065877 neg 0.4282438636374187 __DUMMY__ 0.041285610955993514	false	0.5
untreu	off 1.0		off 0.5301171776784342 neg 0.42926493175606556 __DUMMY__ 0.040617890565500275	false	1.0
missmutig	neg 1.0		off 0.5275202805268442 neg 0.431755292162285 __DUMMY__ 0.040724427310870885	false	0.5
hurenbock	off 1.0		off 0.5233940092919751 neg 0.43583082443602306 __DUMMY__ 0.04077516627200182	false	1.0
betrunken	neg 1.0		off 0.5315331241253758 neg 0.4279902979441392 __DUMMY__ 0.04047657793048503	false	0.5
korrupt	off 1.0		off 0.5229353198344329 neg 0.4360962557529107 __DUMMY__ 0.04096842441265639	false	1.0
unmut	neg 1.0		off 0.5205261858053072 neg 0.43797649768401026 __DUMMY__ 0.04149731651068266	false	0.5
hackfresse	off 1.0		off 0.5364018597044092 neg 0.42346261685575903 __DUMMY__ 0.04013552343983166	false	1.0
aufblasen	neg 1.0		off 0.5250446293932305 neg 0.43399135336950406 __DUMMY__ 0.04096401723726538	false	0.5
gewaltsam	neg 1.0		off 0.5271172304998721 neg 0.43165298287544024 __DUMMY__ 0.04122978662468755	false	0.5
unbeliebtheit	neg 1.0		off 0.5314851113138578 neg 0.427802971557486 __DUMMY__ 0.04071191712865621	false	0.5
sturheit	neg 1.0		off 0.5262538699242619 neg 0.4325074329687344 __DUMMY__ 0.041238697107003605	false	0.5
kuh	neg 1.0		off 0.5231116441178185 neg 0.4365364819774825 __DUMMY__ 0.04035187390469898	false	0.5
erschrecken	neg 1.0		off 0.5288849729876646 neg 0.4303138525014163 __DUMMY__ 0.040801174510919094	false	0.5
opfer	neg 1.0		off 0.5245528955427643 neg 0.43401401698310677 __DUMMY__ 0.04143308747412892	false	0.5
sinken	neg 1.0		off 0.5193826583784673 neg 0.4393064857643894 __DUMMY__ 0.041310855857143176	false	0.5
stinktier	neg 1.0		off 0.5316048850266626 neg 0.4284013895127702 __DUMMY__ 0.039993725460567266	false	0.5
tucke	off 1.0		off 0.5355902342807848 neg 0.42465817418317287 __DUMMY__ 0.039751591536042345	false	1.0
ein			off 0.5223228285349476 neg 0.43680168337648406 __DUMMY__ 0.04087548808856848	false	0.0
abstieg	neg 1.0		off 0.5272501038839507 neg 0.43124989016083864 __DUMMY__ 0.041500005955210736	false	0.5
missverstehen	neg 1.0		off 0.5280568643464829 neg 0.4310584087593164 __DUMMY__ 0.040884726894200696	false	0.5
ergebnislos	neg 1.0		off 0.5249623070153712 neg 0.43354038776085846 __DUMMY__ 0.04149730522377026	false	0.5
unter			off 0.5177994864792477 neg 0.44019738371027406 __DUMMY__ 0.04200312981047839	false	0.0
manipulieren	neg 1.0		off 0.5227061489118614 neg 0.43589616554459515 __DUMMY__ 0.041397685543543304	false	0.5
unbewiesen	neg 1.0		off 0.5261576764038398 neg 0.432905178370549 __DUMMY__ 0.04093714522561127	false	0.5
verschleppen	neg 1.0		off 0.523068942538061 neg 0.4357424489485217 __DUMMY__ 0.041188608513417296	false	0.5
weib	off 1.0		off 0.5376084707873358 neg 0.4224557674577355 __DUMMY__ 0.03993576175492872	false	1.0
opposition	neg 1.0		off 0.5257252717316473 neg 0.43345522841468914 __DUMMY__ 0.040819499853663524	false	0.5
verkehrswidrig	neg 1.0		off 0.5379437949510326 neg 0.42138039591862836 __DUMMY__ 0.04067580913033904	false	0.5
inkorrekt	neg 1.0		off 0.5328712683001665 neg 0.4266585802615583 __DUMMY__ 0.04047015143827534	false	0.5
vermeiden	neg 1.0		off 0.5199087765591708 neg 0.43836837847670185 __DUMMY__ 0.04172284496412736	false	0.5
abweichung	neg 1.0		off 0.5245613612927571 neg 0.4341682847190676 __DUMMY__ 0.04127035398817526	false	0.5
alkoholisiert	neg 1.0		off 0.5248493646588194 neg 0.4335040405015379 __DUMMY__ 0.04164659483964259	false	0.5
scheiss	off 1.0	off 1.0	off 0.7526185317603888 neg 0.22812845470081536 __DUMMY__ 0.019253013538795744	false	1.0
herausforderung	neg 1.0		off 0.5237821109063784 neg 0.43497902744255773 __DUMMY__ 0.041238861651063996	false	0.5
pervers	off 1.0		off 0.5398539429860304 neg 0.4203253142848792 __DUMMY__ 0.0398207427290903	false	1.0
wackelig	neg 1.0		off 0.5236224121813317 neg 0.43513436380918086 __DUMMY__ 0.04124322400948744	false	0.5
verwickeln	neg 1.0		off 0.5269248475762954 neg 0.432165873372668 __DUMMY__ 0.04090927905103646	false	0.5
vorwand	neg 1.0		off 0.5211898260298975 neg 0.43736663228454026 __DUMMY__ 0.041443541685562225	false	0.5
muschi	off 1.0		off 0.5269308802236898 neg 0.4318290952260814 __DUMMY__ 0.04124002455022885	false	1.0
entmutigung	neg 1.0		off 0.5247086397650054 neg 0.43467456575331653 __DUMMY__ 0.040616794481678174	false	0.5
unangemessen	neg 1.0		off 0.5251321327455049 neg 0.43368830943907266 __DUMMY__ 0.04117955781542241	false	0.5
unstetig	neg 1.0		off 0.5298942614481319 neg 0.4292518429494452 __DUMMY__ 0.04085389560242279	false	0.5
entmutigen	neg 1.0		off 0.5260314312789389 neg 0.4330008504663545 __DUMMY__ 0.04096771825470657	false	0.5
schwanz	neg 1.0		off 0.5245397714319958 neg 0.4341613789889222 __DUMMY__ 0.04129884957908189	false	0.5
verbot	neg 1.0		off 0.5235401136929343 neg 0.4353912052324183 __DUMMY__ 0.04106868107464728	false	0.5
leid	neg 1.0		off 0.534324079439646 neg 0.4253308857234306 __DUMMY__ 0.04034503483692334	false	0.5
archaisch	neg 1.0		off 0.5243572767633332 neg 0.43449949141873817 __DUMMY__ 0.04114323181792874	false	0.5
gegen			off 0.5221774973079505 neg 0.43623709259961113 __DUMMY__ 0.041585410092438435	false	0.0
scheidung	neg 1.0		off 0.5456250970851856 neg 0.41447656051311266 __DUMMY__ 0.039898342401701814	false	0.5
einschlag	neg 1.0		off 0.5364524302055766 neg 0.4228271564795279 __DUMMY__ 0.040720413314895475	false	0.5
m			off 0.5242995237914402 neg 0.4344657153765982 __DUMMY__ 0.04123476083196153	false	0.0
abgestanden	neg 1.0		off 0.52037622216129 neg 0.4390844429870072 __DUMMY__ 0.04053933485170282	false	0.5
schmierig	off 1.0		off 0.5330452023843227 neg 0.4266721387201211 __DUMMY__ 0.040282658895556225	false	1.0
unpraktisch	neg 1.0		off 0.5271842334399007 neg 0.4318109888407501 __DUMMY__ 0.04100477771934911	false	0.5
wixxer	off 1.0		off 0.539136113217628 neg 0.4211605906730788 __DUMMY__ 0.03970329610929324	false	1.0
bezeichnet			off 0.5267329005189266 neg 0.4321458074094313 __DUMMY__ 0.041121292071642	false	0.0
jammerlappen	off 1.0		off 0.529647764247828 neg 0.429642172553216 __DUMMY__ 0.04071006319895602	false	1.0
farce	neg 1.0		off 0.5245730337327941 neg 0.43448863015019845 __DUMMY__ 0.04093833611700736	false	0.5
zwecklos	neg 1.0		off 0.5235557471937968 neg 0.43527309919732793 __DUMMY__ 0.04117115360887522	false	0.5
turbulent	neg 1.0		off 0.5308931679711638 neg 0.42861038547085445 __DUMMY__ 0.04049644655798181	false	0.5
invasion	neg 1.0		off 0.5278262289222715 neg 0.431287711175387 __DUMMY__ 0.04088605990234141	false	0.5
schuld	neg 1.0		off 0.5267947501482088 neg 0.4322084301780311 __DUMMY__ 0.04099681967376015	false	0.5
risiko	neg 1.0		off 0.5257598669722872 neg 0.4334808040609705 __DUMMY__ 0.040759328966742316	false	0.5
finster	neg 1.0		off 0.5229101275534865 neg 0.4362475990950029 __DUMMY__ 0.040842273351510534	false	0.5
geisteskrank	off 1.0		off 0.5318664972134676 neg 0.42757829833355204 __DUMMY__ 0.04055520445298059	false	1.0
zusammenbrechen	neg 1.0		off 0.5233044887392297 neg 0.43556750827297136 __DUMMY__ 0.04112800298779887	false	0.5
ausbeute	neg 1.0		off 0.5262971792530174 neg 0.43243235688352505 __DUMMY__ 0.04127046386345755	false	0.5
hinterhalt	neg 1.0		off 0.5250433762884773 neg 0.43378216687302557 __DUMMY__ 0.041174456838497214	false	0.5
kritik	neg 1.0		off 0.5243638924921425 neg 0.43467850184097456 __DUMMY__ 0.04095760566688285	false	0.5
einschrumpfen	neg 1.0		off 0.5290020947155997 neg 0.4303940053947839 __DUMMY__ 0.04060389988961643	false	0.5
riskant	neg 1.0		off 0.5218281913377719 neg 0.43683432496818014 __DUMMY__ 0.041337483694047925	false	0.5
frustrieren	neg 1.0		off 0.5221677559335033 neg 0.4365876922753726 __DUMMY__ 0.04124455179112408	false	0.5
groll	neg 1.0		off 0.5248634266538218 neg 0.4338773698971115 __DUMMY__ 0.04125920344906669	false	0.5
gibt			off 0.523858506413898 neg 0.4349036624233085 __DUMMY__ 0.041237831162793476	false	0.0
qualvoll	neg 1.0		off 0.526711045929732 neg 0.43242731285675357 __DUMMY__ 0.04086164121351456	false	0.5
wackeln	neg 1.0		off 0.524895539638748 neg 0.4340733461850175 __DUMMY__ 0.041031114176234534	false	0.5
klagen	neg 1.0		off 0.5207982050946255 neg 0.4378275319177156 __DUMMY__ 0.041374262987658936	false	0.5
bankrott	neg 1.0		off 0.5304348927862819 neg 0.4287177992776487 __DUMMY__ 0.04084730793606946	false	0.5
trauern	neg 1.0		off 0.5249421193125683 neg 0.43345358026656206 __DUMMY__ 0.04160430042086963	false	0.5
ablehnung	neg 1.0		off 0.5239768529465445 neg 0.4350120869085821 __DUMMY__ 0.04101106014487337	false	0.5
stur	neg 1.0		off 0.5258853636442384 neg 0.4331996931531678 __DUMMY__ 0.040914943202593756	false	0.5
aufruhr	neg 1.0		off 0.5251866351818059 neg 0.43382383737383184 __DUMMY__ 0.040989527444362316	false	0.5
melancholie	neg 1.0		off 0.5190295356264774 neg 0.43985417972304397 __DUMMY__ 0.04111628465047867	false	0.5
ist			off 0.527011281374645 neg 0.43203699617591323 __DUMMY__ 0.04095172244944176	false	0.0
torheit	neg 1.0		off 0.5269891186875297 neg 0.4320192838276206 __DUMMY__ 0.040991597484849644	false	0.5
dreckskind	off 1.0		off 0.5373626005235967 neg 0.4225815282301401 __DUMMY__ 0.04005587124626301	false	1.0
umtauschen	neg 1.0		off 0.5246736188732255 neg 0.43427676538477755 __DUMMY__ 0.04104961574199696	false	0.5
zum			off 0.5224735814902957 neg 0.4355773278683341 __DUMMY__ 0.041949090641370236	false	0.0
zersetzen	neg 1.0		off 0.5206903267765655 neg 0.4380583986490943 __DUMMY__ 0.041251274574340115	false	0.5
zur			off 0.5203939225659955 neg 0.43785579920501755 __DUMMY__ 0.041750278228987095	false	0.0
frust	neg 1.0		off 0.5231615427963509 neg 0.435687723646202 __DUMMY__ 0.041150733557447076	false	0.5
unerbittlichkeit	neg 1.0		off 0.5236058582337784 neg 0.43499279198284113 __DUMMY__ 0.04140134978338048	false	0.5
zwei			off 0.5192150583997759 neg 0.439071918798482 __DUMMY__ 0.04171302280174202	false	0.0
unkorrekt	neg 1.0		off 0.5316605653187362 neg 0.42782196278759294 __DUMMY__ 0.04051747189367091	false	0.5
hexe	off 1.0		off 0.5266513374491449 neg 0.4328900449093025 __DUMMY__ 0.04045861764155266	false	1.0
lasch	neg 1.0		off 0.5288118160980606 neg 0.4304345577461722 __DUMMY__ 0.04075362615576709	false	0.5
rivale	neg 1.0		off 0.5339242090799449 neg 0.4255458080719731 __DUMMY__ 0.040529982848081965	false	0.5
mutlos	off 1.0	off 1.0	off 0.7486028492869488 neg 0.23173701590952428 __DUMMY__ 0.019660134803526925	false	1.0
wirr	off 1.0		off 0.5325289919772617 neg 0.4271439075361438 __DUMMY__ 0.04032710048659465	false	1.0
jahr			off 0.5255985740586668 neg 0.43270641163006857 __DUMMY__ 0.041695014311264614	false	0.0
wird			off 0.5236603877055461 neg 0.43504666218861954 __DUMMY__ 0.04129295010583435	false	0.0
strafbar	neg 1.0		off 0.5229407060469482 neg 0.4357029957810136 __DUMMY__ 0.04135629817203825	false	0.5
erosion	neg 1.0		off 0.5264682231035258 neg 0.4324317717747307 __DUMMY__ 0.04110000512174348	false	0.5
eingehen	neg 1.0		off 0.5218000892374615 neg 0.4369640504631816 __DUMMY__ 0.04123586029935697	false	0.5
faul	off 1.0		off 0.5292042350996136 neg 0.4300255938892206 __DUMMY__ 0.0407701710111658	false	1.0
provisorium	neg 1.0		off 0.518241868596751 neg 0.43972704329158196 __DUMMY__ 0.042031088111666844	false	0.5
schmerzen	neg 1.0		off 0.5227925860330408 neg 0.43624401700347953 __DUMMY__ 0.040963396963479635	false	0.5
schrumpfen	neg 1.0		off 0.5171868279261724 neg 0.44136508978289535 __DUMMY__ 0.04144808229093234	false	0.5
geistlos	off 1.0		off 0.5272614098078412 neg 0.43197153933370075 __DUMMY__ 0.04076705085845809	false	1.0
fehlkauf	neg 1.0		off 0.527570276628023 neg 0.43157680907939194 __DUMMY__ 0.04085291429258516	false	0.5
frustrierend	neg 1.0		off 0.5284583037727316 neg 0.43076397889243495 __DUMMY__ 0.04077771733483329	false	0.5
unzufrieden	neg 1.0		off 0.5237382114239548 neg 0.43504442007083693 __DUMMY__ 0.041217368505208206	false	0.5
verzweifeln	neg 1.0		off 0.5248727005628767 neg 0.43398266955421383 __DUMMY__ 0.04114462988290942	false	0.5
verzweifelt	neg 1.0		off 0.525979075562588 neg 0.4331035065737663 __DUMMY__ 0.04091741786364568	false	0.5
misstrauensantrag	neg 1.0		off 0.5266820295127395 neg 0.43247022198141905 __DUMMY__ 0.04084774850584163	false	0.5
abfallen	neg 1.0		off 0.524813394874745 neg 0.4342236122962449 __DUMMY__ 0.04096299282901001	false	0.5
fucker	off 1.0		off 0.5330849876184762 neg 0.426355737602746 __DUMMY__ 0.04055927477877785	false	1.0
ungezogen	neg 1.0		off 0.5384285713548324 neg 0.42156322177284594 __DUMMY__ 0.04000820687232155	false	0.5
irrsinnig	neg 1.0	neg 1.0	neg 0.7005214163943181 off 0.279964705830915 __DUMMY__ 0.019513877774766954	false	1.0
unfassbar	neg 1.0		off 0.5309782287504937 neg 0.4283209304351129 __DUMMY__ 0.040700840814393464	false	0.5
hart	neg 1.0		off 0.5290140349825467 neg 0.4305408878913652 __DUMMY__ 0.04044507712608798	false	0.5
widerlich	off 1.0		off 0.5310316874061137 neg 0.4283476755721637 __DUMMY__ 0.04062063702172245	false	1.0
fatal	neg 1.0	neg 1.0	neg 0.7009906168280717 off 0.27965988654015367 __DUMMY__ 0.01934949663177463	false	1.0
bruch	neg 1.0		off 0.5199148095449535 neg 0.43859918741177073 __DUMMY__ 0.04148600304327575	false	0.5
aushungern	neg 1.0		off 0.5235950856124237 neg 0.4353570627990642 __DUMMY__ 0.04104785158851203	false	0.5
anspannung	neg 1.0		off 0.5203564101552226 neg 0.4378438508756515 __DUMMY__ 0.04179973896912591	false	0.5
von			off 0.5215416969511766 neg 0.43702673946542325 __DUMMY__ 0.04143156358340016	false	0.0
kraftlos	neg 1.0		off 0.5228085273674151 neg 0.43599370104314655 __DUMMY__ 0.04119777158943844	false	0.5
vom			off 0.519625846354311 neg 0.4382813775588095 __DUMMY__ 0.04209277608687937	false	0.0
grenzdebil	off 1.0		off 0.5301419350600589 neg 0.42928195941750175 __DUMMY__ 0.04057610552243944	false	1.0
vor			off 0.5206059978659209 neg 0.4378778763867674 __DUMMY__ 0.041516125747311845	false	0.0
unterwerfen	neg 1.0		off 0.523913419505806 neg 0.4347303772533181 __DUMMY__ 0.04135620324087595	false	0.5
versenkung	neg 1.0		off 0.5235078484370458 neg 0.43508735193364306 __DUMMY__ 0.04140479962931127	false	0.5
entziehen	neg 1.0		off 0.5212362211848603 neg 0.4373021481148043 __DUMMY__ 0.04146163070033531	false	0.5
finanzkrise	neg 1.0		off 0.5201767211310249 neg 0.43923326437159554 __DUMMY__ 0.04059001449737962	false	0.5
schimpfend	neg 1.0		off 0.5274230781879391 neg 0.4314762072508295 __DUMMY__ 0.04110071456123124	false	0.5
profan	neg 1.0		off 0.5268488645673736 neg 0.43231647468660794 __DUMMY__ 0.04083466074601851	false	0.5
korruption	neg 1.0		off 0.5223135693850839 neg 0.43667778693984877 __DUMMY__ 0.04100864367506734	false	0.5
â			off 0.5235766553411195 neg 0.43517282865446183 __DUMMY__ 0.04125051600441853	false	0.0
schmutzig	neg 1.0		off 0.5300978015376556 neg 0.42934621916375115 __DUMMY__ 0.04055597929859335	false	0.5
sexy	neg 1.0		off 0.5296001392428301 neg 0.42952447302327895 __DUMMY__ 0.04087538773389083	false	0.5
abraten	neg 1.0		off 0.5276944032035857 neg 0.4313312816231961 __DUMMY__ 0.040974315173218076	false	0.5
schwarz	neg 1.0		off 0.5280388090561439 neg 0.43100652600639516 __DUMMY__ 0.040954664937461	false	0.5
fotze	off 1.0	off 1.0	off 0.7495385195468994 neg 0.23077851266786478 __DUMMY__ 0.019682967785235858	false	1.0
verwirren	neg 1.0		off 0.5276732066066382 neg 0.43144978612374907 __DUMMY__ 0.04087700726961259	false	0.5
zahnlos	off 1.0		off 0.5245138592447028 neg 0.43432946732673117 __DUMMY__ 0.04115667342856604	false	1.0
verheeren	neg 1.0		off 0.5396347203568025 neg 0.4204155373587692 __DUMMY__ 0.03994974228442833	false	0.5
hippie	neg 1.0		off 0.5288476484575457 neg 0.430298755274765 __DUMMY__ 0.04085359626768922	false	0.5
rammen	neg 1.0		off 0.5271081925405213 neg 0.43181121799342326 __DUMMY__ 0.041080589466055334	false	0.5
unlauter	neg 1.0		off 0.5265970030878703 neg 0.43257084142818547 __DUMMY__ 0.040832155483944296	false	0.5
unheilvoll	neg 1.0		off 0.5258983953724038 neg 0.43320075161827115 __DUMMY__ 0.04090085300932487	false	0.5
niedrig	neg 1.0		off 0.5214436062621788 neg 0.4374843788752586 __DUMMY__ 0.04107201486256265	false	0.5
explosion	neg 1.0		off 0.5291651963507045 neg 0.42994402223408884 __DUMMY__ 0.040890781415206585	false	0.5
weichei	off 1.0	off 1.0	off 0.7537316692632459 neg 0.22721528850439635 __DUMMY__ 0.01905304223235779	false	1.0
minusmensch	off 1.0		off 0.5394252259689795 neg 0.4206196568238704 __DUMMY__ 0.039955117207150205	false	1.0
farblos	neg 1.0		off 0.5268473342594121 neg 0.43218260948492804 __DUMMY__ 0.04097005625565985	false	0.5
unwissend	neg 1.0	neg 1.0	neg 0.6990443912214398 off 0.2815945940963596 __DUMMY__ 0.019361014682200497	false	1.0
traurig	neg 1.0		off 0.5330412082058661 neg 0.42643662215923683 __DUMMY__ 0.04052216963489722	false	0.5
senkung	neg 1.0		off 0.5243587126100371 neg 0.43513416372360336 __DUMMY__ 0.04050712366635944	false	0.5
ungleich	neg 1.0	neg 1.0	neg 0.7021828854779656 off 0.27815330492775214 __DUMMY__ 0.01966380959428238	false	1.0
heikel	neg 1.0		off 0.5221360019393465 neg 0.43652382180297006 __DUMMY__ 0.041340176257683374	false	0.5
drosselung	neg 1.0		off 0.528435372916833 neg 0.43119220203880665 __DUMMY__ 0.040372425044360526	false	0.5
falsch	neg 1.0		off 0.5296781391191427 neg 0.4294706870944976 __DUMMY__ 0.04085117378635978	false	0.5
unzufriedenheit	neg 1.0		off 0.5207901274808212 neg 0.4379569053789579 __DUMMY__ 0.041252967140220906	false	0.5
kurz	neg 1.0		off 0.5248766536439183 neg 0.4338317718421365 __DUMMY__ 0.04129157451394501	false	0.5
unsinnig	neg 1.0		off 0.5237633328593884 neg 0.4352254661940445 __DUMMY__ 0.04101120094656733	false	0.5
penner	off 1.0	off 1.0	off 0.7550055828939239 neg 0.22595774605376934 __DUMMY__ 0.019036671052306744	false	1.0
seicht	neg 1.0		off 0.5354098441405467 neg 0.42473721645377743 __DUMMY__ 0.039852939405675906	false	0.5
dummheit	off 1.0	off 1.0	off 0.7505330604587643 neg 0.23005742506632326 __DUMMY__ 0.019409514474912504	false	1.0
unerfreulich	neg 1.0		off 0.5220576416929229 neg 0.4365682592149296 __DUMMY__ 0.04137409909214752	false	0.5
motherfucker	off 1.0	off 1.0	off 0.7532341577025303 neg 0.22747590829159944 __DUMMY__ 0.019289934005870254	false	1.0
pikiert	neg 1.0		off 0.52921957979676 neg 0.43017137085947377 __DUMMY__ 0.04060904934376619	false	0.5
wrack	neg 1.0		off 0.528409659585611 neg 0.4300198650207702 __DUMMY__ 0.04157047539361877	false	0.5
gangster	neg 1.0		off 0.5289246946951819 neg 0.4302454494723561 __DUMMY__ 0.04082985583246192	false	0.5
krank	neg 1.0		off 0.5311268014027979 neg 0.42821882485595036 __DUMMY__ 0.04065437374125178	false	0.5
reich	neg 1.0		off 0.5258527108699204 neg 0.43370348219026045 __DUMMY__ 0.04044380693981924	false	0.5
gnadenlos	neg 1.0		off 0.5270541455691505 neg 0.4318879155693182 __DUMMY__ 0.04105793886153131	false	0.5
niedergeschlagen	neg 1.0		off 0.5243024123004907 neg 0.4344075264607212 __DUMMY__ 0.04129006123878817	false	0.5
terrorisieren	off 1.0	off 1.0	off 0.7481574771386778 neg 0.23213409474328064 __DUMMY__ 0.019708428118041646	false	1.0
sinnlosigkeit	neg 1.0		off 0.524214546742157 neg 0.4345947675367065 __DUMMY__ 0.041190685721136655	false	0.5
behindern	neg 1.0		off 0.5251599301532867 neg 0.433802326631491 __DUMMY__ 0.04103774321522239	false	0.5
undemokratisch	neg 1.0		off 0.5268701925095551 neg 0.43229723580105894 __DUMMY__ 0.040832571689385866	false	0.5
wirtschaftskrise	neg 1.0		off 0.5211525882209104 neg 0.4379024936626833 __DUMMY__ 0.04094491811640632	false	0.5
neid	neg 1.0		off 0.527842225288547 neg 0.43137954175726767 __DUMMY__ 0.04077823295418532	false	0.5
rutschen	neg 1.0		off 0.5185686774900486 neg 0.4397416276485216 __DUMMY__ 0.04168969486142974	false	0.5
rezession	neg 1.0		off 0.5283466616562759 neg 0.4316110631935921 __DUMMY__ 0.04004227515013201	false	0.5
fehlgeburt	neg 1.0		off 0.5268982378150847 neg 0.4320009779417042 __DUMMY__ 0.04110078424321106	false	0.5
charakterschwach	off 1.0		off 0.5301739845684839 neg 0.4292176632156355 __DUMMY__ 0.040608352215880536	false	1.0
isolation	neg 1.0		off 0.5300435490843978 neg 0.42906468108623314 __DUMMY__ 0.04089176982936909	false	0.5
ablenkung	neg 1.0		off 0.5260439345818548 neg 0.4328104298557743 __DUMMY__ 0.0411456355623708	false	0.5
pech	neg 1.0		off 0.5284726957588701 neg 0.43082833222465067 __DUMMY__ 0.040698972016479214	false	0.5
vermeidung	neg 1.0		off 0.5297636553277927 neg 0.42970892499986124 __DUMMY__ 0.04052741967234604	false	0.5
dominieren	neg 1.0		off 0.5248152994857465 neg 0.4339999124549341 __DUMMY__ 0.04118478805931956	false	0.5
schwindlig	neg 1.0		off 0.5264816207057147 neg 0.43267391299137536 __DUMMY__ 0.040844466302909936	false	0.5
lutscher	neg 1.0		off 0.5371052326688041 neg 0.42314118628419434 __DUMMY__ 0.039753581047001586	false	0.5
pflicht	neg 1.0		off 0.5219115277023104 neg 0.43658078630237357 __DUMMY__ 0.041507685995316124	false	0.5
faschist	off 1.0		off 0.5291754525322101 neg 0.4299933287411753 __DUMMY__ 0.040831218726614424	false	1.0
verschleudern	neg 1.0		off 0.519465201708562 neg 0.4395613789571359 __DUMMY__ 0.040973419334302125	false	0.5
wenn			off 0.5290625964028518 neg 0.43023696875694467 __DUMMY__ 0.040700434840203546	false	0.0
ehebruch	neg 1.0		off 0.5230442971552156 neg 0.4357486836834759 __DUMMY__ 0.04120701916130852	false	0.5
spott	off 1.0		off 0.5242945604525612 neg 0.4343648600600872 __DUMMY__ 0.04134057948735163	false	1.0
trostlosigkeit	neg 1.0		off 0.519801443124344 neg 0.4388847662719042 __DUMMY__ 0.04131379060375203	false	0.5
lutschen	neg 1.0		off 0.5302136241029912 neg 0.42893711556842645 __DUMMY__ 0.04084926032858231	false	0.5
undiszipliniert	neg 1.0		off 0.5319336649786511 neg 0.42755088001352465 __DUMMY__ 0.04051545500782431	false	0.5
kopfschmerz	neg 1.0		off 0.519833425900926 neg 0.4392017451201416 __DUMMY__ 0.04096482897893239	false	0.5
unvorhergesehen	neg 1.0		off 0.5219817683939568 neg 0.4365472556341235 __DUMMY__ 0.04147097597191966	false	0.5
desinteressiert	neg 1.0		off 0.531260334585811 neg 0.4281963070804417 __DUMMY__ 0.040543358333747365	false	0.5
armselig	off 1.0		off 0.5335923251723995 neg 0.42595669434174205 __DUMMY__ 0.04045098048585838	false	1.0
desaster	neg 1.0		off 0.5195897339765599 neg 0.4390345566150044 __DUMMY__ 0.0413757094084357	false	0.5
tod	neg 1.0		off 0.523212349959017 neg 0.4354663644316928 __DUMMY__ 0.041321285609290125	false	0.5
herzlos	neg 1.0		off 0.5326932911695307 neg 0.4268647173244822 __DUMMY__ 0.04044199150598722	false	0.5
unwissenheit	neg 1.0		off 0.523790752087295 neg 0.4350155912521521 __DUMMY__ 0.04119365666055295	false	0.5
widersinnig	neg 1.0		off 0.5228315251766829 neg 0.4362578199767783 __DUMMY__ 0.040910654846538705	false	0.5
bedenklich	neg 1.0		off 0.5224844218125311 neg 0.4363197953175996 __DUMMY__ 0.04119578286986929	false	0.5
beanstanden	neg 1.0		off 0.5230647994162906 neg 0.43541390871294977 __DUMMY__ 0.04152129187075965	false	0.5
panisch	neg 1.0		off 0.5275935853359202 neg 0.4314299188421641 __DUMMY__ 0.040976495821915725	false	0.5
debil	off 1.0		off 0.5177409891579761 neg 0.4403866696919748 __DUMMY__ 0.04187234115004914	false	1.0
abstrich	neg 1.0		off 0.524953394540083 neg 0.43390042175534205 __DUMMY__ 0.04114618370457498	false	0.5
primitiv	neg 1.0		off 0.5318003810817111 neg 0.42762403382769437 __DUMMY__ 0.0405755850905945	false	0.5
abschaum	off 1.0	off 1.0	off 0.7528915664078457 neg 0.22768615554856128 __DUMMY__ 0.019422278043592957	false	1.0
provozieren	neg 1.0		off 0.5260731768137176 neg 0.4329626569112422 __DUMMY__ 0.04096416627504017	false	0.5
tot	neg 1.0		off 0.5244827990033039 neg 0.43431452642944257 __DUMMY__ 0.04120267456725354	false	0.5
instabil	neg 1.0		off 0.5320400496473603 neg 0.4277022050103021 __DUMMY__ 0.04025774534233754	false	0.5
schwuchtel	off 1.0	off 1.0	off 0.7583883822403693 neg 0.22281598790358634 __DUMMY__ 0.018795629856044323	false	1.0
zerren	neg 1.0		off 0.5240564118758492 neg 0.43466264190972914 __DUMMY__ 0.041280946214421604	false	0.5
kinderficker	off 1.0		off 0.5353175196369878 neg 0.42440701912439727 __DUMMY__ 0.0402754612386148	false	1.0
gefahr	neg 1.0		off 0.5222338932645084 neg 0.43629835832609065 __DUMMY__ 0.04146774840940079	false	0.5
rabiat	neg 1.0		off 0.5240105442198623 neg 0.434966362598663 __DUMMY__ 0.04102309318147492	false	0.5
verlangsamung	neg 1.0		off 0.5353943224293298 neg 0.42456572763521505 __DUMMY__ 0.04003994993545531	false	0.5
ausgestorben	neg 1.0		off 0.5252305777619138 neg 0.4335806224156276 __DUMMY__ 0.04118879982245856	false	0.5
anklagen	neg 1.0		off 0.524658714621063 neg 0.43417396066112734 __DUMMY__ 0.04116732471780973	false	0.5
trott	neg 1.0		off 0.525929651538626 neg 0.43298656142279063 __DUMMY__ 0.041083787038583335	false	0.5
verminderung	neg 1.0		off 0.5298147827669211 neg 0.4296618527574628 __DUMMY__ 0.0405233644756162	false	0.5
nach			off 0.5189671506513962 neg 0.4391400536565827 __DUMMY__ 0.041892795692021034	false	0.0
rost	neg 1.0		off 0.5400131632321603 neg 0.41971106924251184 __DUMMY__ 0.04027576752532778	false	0.5
destruktiv	neg 1.0		off 0.5249645655739072 neg 0.43402647871797634 __DUMMY__ 0.04100895570811649	false	0.5
unzumutbarkeit	neg 1.0		off 0.5318496847016132 neg 0.4274402596229314 __DUMMY__ 0.04071005567545541	false	0.5
labil	off 1.0	off 1.0	off 0.7519093901324494 neg 0.22870547389258464 __DUMMY__ 0.019385135974965925	false	1.0
ziemlich	neg 1.0		off 0.5310920671406921 neg 0.4281577210288563 __DUMMY__ 0.04075021183045154	false	0.5
lachnummer	off 1.0		off 0.5266157986863507 neg 0.4323015583658005 __DUMMY__ 0.041082642947849045	false	1.0
oder			off 0.5266738984412622 neg 0.43223559230729386 __DUMMY__ 0.041090509251443995	false	0.0
verfall	neg 1.0		off 0.517769362610796 neg 0.44074930182623945 __DUMMY__ 0.0414813355629646	false	0.5
ausgrenzung	neg 1.0		off 0.5267331700991278 neg 0.4324384292974764 __DUMMY__ 0.04082840060339589	false	0.5
unordnung	neg 1.0		off 0.5349278610604528 neg 0.4246329051364819 __DUMMY__ 0.040439233803065314	false	0.5
fehlverhalten	neg 1.0		off 0.5226773620544568 neg 0.43598574255951467 __DUMMY__ 0.041336895386028555	false	0.5
eine			off 0.5202303953447059 neg 0.4383653485075359 __DUMMY__ 0.041404256147758056	false	0.0
nille	neg 1.0		off 0.5270272575698005 neg 0.43184118898074525 __DUMMY__ 0.04113155344945418	false	0.5
qual	neg 1.0		off 0.5254430718060562 neg 0.433471909976513 __DUMMY__ 0.0410850182174307	false	0.5
verschwenden	neg 1.0		off 0.5207965425020956 neg 0.4380043111040966 __DUMMY__ 0.041199146393807694	false	0.5
riesig	neg 1.0		off 0.5238028059512135 neg 0.43481191785949797 __DUMMY__ 0.0413852761892885	false	0.5
verurteilen	neg 1.0		off 0.5242560467654209 neg 0.43456808468870745 __DUMMY__ 0.04117586854587149	false	0.5
klischee	neg 1.0	neg 1.0	neg 0.6997973130219746 off 0.28083603931199413 __DUMMY__ 0.019366647666031283	false	1.0
diktatorisch	neg 1.0		off 0.5271509902318928 neg 0.432009434391137 __DUMMY__ 0.04083957537697014	false	0.5
vorhersehbar	neg 1.0		off 0.5273696488627764 neg 0.43185869381774716 __DUMMY__ 0.04077165731947643	false	0.5
sowie			off 0.533325398986086 neg 0.42649529362579813 __DUMMY__ 0.040179307388115766	false	0.0
stornieren	neg 1.0		off 0.5316971807877499 neg 0.4271018536625558 __DUMMY__ 0.04120096554969432	false	0.5
besteuerung	neg 1.0	neg 1.0	neg 0.7023604660079417 off 0.27829340767436994 __DUMMY__ 0.01934612631768833	false	1.0
ungeschminkt	neg 1.0		off 0.5320482931506879 neg 0.42738212182540275 __DUMMY__ 0.04056958502390926	false	0.5
kritisch	neg 1.0		off 0.5239243536733769 neg 0.43486029483160876 __DUMMY__ 0.04121535149501433	false	0.5
schlamperei	off 1.0		off 0.5229651713670185 neg 0.43573977272042247 __DUMMY__ 0.04129505591255902	false	1.0
sucht	neg 1.0	neg 1.0	neg 0.6989840237900349 off 0.28140972180944906 __DUMMY__ 0.019606254400515947	false	1.0
egoistisch	off 1.0	off 1.0	off 0.755050472309805 neg 0.22575737064859003 __DUMMY__ 0.019192157041604978	false	1.0
ausbeuter	off 1.0		off 0.5204626446000215 neg 0.43837243084729427 __DUMMY__ 0.041164924552684196	false	1.0
arschgeburt	off 1.0		off 0.5413743709253361 neg 0.41904315699812333 __DUMMY__ 0.039582472076540455	false	1.0
schubs	neg 1.0		off 0.5214619744035492 neg 0.4374679615193823 __DUMMY__ 0.04107006407706852	false	0.5
unsolide	neg 1.0		off 0.5277996891327517 neg 0.43136788287853106 __DUMMY__ 0.0408324279887174	false	0.5
beschwerde	neg 1.0		off 0.524639037372663 neg 0.4341343214561901 __DUMMY__ 0.041226641171146966	false	0.5
stocken	neg 1.0		off 0.5231874732051983 neg 0.43556860478270115 __DUMMY__ 0.04124392201210045	false	0.5
isolieren	neg 1.0		off 0.5228467206480031 neg 0.43608526310267554 __DUMMY__ 0.041068016249321514	false	0.5
unheilbar	neg 1.0		off 0.5253934611537935 neg 0.4335883790187806 __DUMMY__ 0.04101815982742592	false	0.5
pisser	off 1.0	off 1.0	off 0.7543869046812609 neg 0.22629681552256892 __DUMMY__ 0.019316279796170132	false	1.0
löschen	neg 1.0		off 0.5264666280073141 neg 0.4324915561197953 __DUMMY__ 0.041041815872890616	false	0.5
durchfallen	neg 1.0		off 0.5239213174747068 neg 0.43483905753858004 __DUMMY__ 0.041239624986713234	false	0.5
wichser	off 1.0	off 1.0	off 0.7564459389875589 neg 0.22462252782391198 __DUMMY__ 0.018931533188529148	false	1.0
terror	neg 1.0		off 0.5287950683101237 neg 0.43033634866844045 __DUMMY__ 0.040868583021435936	false	0.5
krass	neg 1.0		off 0.5343402167155435 neg 0.42532188124223275 __DUMMY__ 0.04033790204222385	false	0.5
revolte	neg 1.0		off 0.5263742453845063 neg 0.43305258611530834 __DUMMY__ 0.04057316850018537	false	0.5
besorgt	neg 1.0		off 0.5252870536601896 neg 0.43339995295991174 __DUMMY__ 0.04131299337989877	false	0.5
nachlassen	neg 1.0		off 0.5242919878317244 neg 0.43436069776790465 __DUMMY__ 0.04134731440037106	false	0.5
alt	neg 1.0		off 0.5187328957120997 neg 0.4404024832579451 __DUMMY__ 0.040864621029955216	false	0.5
hundesohn	off 1.0	off 1.0	off 0.7564309276451537 neg 0.22456651848515533 __DUMMY__ 0.019002553869690908	false	1.0
als			off 0.5231400391376624 neg 0.43574709437407433 __DUMMY__ 0.04111286648826337	false	0.0
abschreckung	neg 1.0		off 0.521290652207962 neg 0.4373867729751461 __DUMMY__ 0.04132257481689192	false	0.5
unqualifiziert	neg 1.0		off 0.5296433325275277 neg 0.4295676136801916 __DUMMY__ 0.040789053792280615	false	0.5
abgewichst	off 1.0		off 0.5262321451691965 neg 0.4326144976560258 __DUMMY__ 0.041153357174777846	false	1.0
schwer	neg 1.0		off 0.5245632393656687 neg 0.43438758344713185 __DUMMY__ 0.04104917718719942	false	0.5
bedeutungslosigkeit	neg 1.0		off 0.5219818182254148 neg 0.4367015299055512 __DUMMY__ 0.0413166518690341	false	0.5
kapitulation	neg 1.0		off 0.5222986560471526 neg 0.4366054232879877 __DUMMY__ 0.04109592066485973	false	0.5
unscharf	neg 1.0		off 0.5241971524840136 neg 0.4352192517193919 __DUMMY__ 0.04058359579659449	false	0.5
schwinden	neg 1.0		off 0.5207393967635495 neg 0.43807488069997397 __DUMMY__ 0.04118572253647648	false	0.5
versklavung	neg 1.0	neg 1.0	neg 0.7007524109577404 off 0.2798127213868769 __DUMMY__ 0.019434867655382625	false	1.0
schlecht	neg 1.0		off 0.5314634200128077 neg 0.42776749339042647 __DUMMY__ 0.04076908659676584	false	0.5
verhasst	neg 1.0		off 0.5266530798302603 neg 0.43242761357140086 __DUMMY__ 0.040919306598338846	false	0.5
beschweren	neg 1.0		off 0.5281084045207746 neg 0.4308746625074394 __DUMMY__ 0.04101693297178602	false	0.5
scheiden	neg 1.0		off 0.5247683077095002 neg 0.43427382646772256 __DUMMY__ 0.040957865822777134	false	0.5
frustriert	neg 1.0		off 0.5247248082821759 neg 0.4341017545897196 __DUMMY__ 0.04117343712810449	false	0.5
schimmelig	neg 1.0		off 0.521349671945415 neg 0.43762135952171877 __DUMMY__ 0.041028968532866104	false	0.5
fisch	neg 1.0		off 0.517189668244363 neg 0.44172111321851903 __DUMMY__ 0.041089218537117986	false	0.5
schmuggel	neg 1.0		off 0.5222065990831595 neg 0.43624380836993815 __DUMMY__ 0.04154959254690241	false	0.5
auffallen	neg 1.0		off 0.5275365404596649 neg 0.431563165941777 __DUMMY__ 0.04090029359855797	false	0.5
konkurrenz	neg 1.0		off 0.5223440545569455 neg 0.43623652308790944 __DUMMY__ 0.04141942235514499	false	0.5
teufelskreis	neg 1.0	neg 1.0	neg 0.7024537282642053 off 0.27807332035859805 __DUMMY__ 0.019472951377196786	false	1.0
aufschreien	neg 1.0		off 0.5273710777083184 neg 0.43183701015708936 __DUMMY__ 0.04079191213459214	false	0.5
schuldner	neg 1.0		off 0.5193184967285994 neg 0.439604327006964 __DUMMY__ 0.041077176264436514	false	0.5
missgeburt	off 1.0	off 1.0	off 0.7571089101764593 neg 0.22371045385871857 __DUMMY__ 0.019180635964822005	false	1.0
arbeitslos	neg 1.0		off 0.5236661053784721 neg 0.435103120349157 __DUMMY__ 0.04123077427237094	false	0.5
befallen	neg 1.0		off 0.5221914427651807 neg 0.43695200971502723 __DUMMY__ 0.040856547519791994	false	0.5
miesepetrig	off 1.0	off 1.0	off 0.7517098049240304 neg 0.22892816466657434 __DUMMY__ 0.01936203040939515	false	1.0
alarmieren	neg 1.0		off 0.5302875508106273 neg 0.4289278380235256 __DUMMY__ 0.04078461116584718	false	0.5
ungeduscht	off 1.0		off 0.5287604989913374 neg 0.4305560360163665 __DUMMY__ 0.0406834649922961	false	1.0
knappheit	neg 1.0		off 0.5215847448792827 neg 0.43744318342814353 __DUMMY__ 0.04097207169257379	false	0.5
schlange	neg 1.0		off 0.5259439110091749 neg 0.4330174227203215 __DUMMY__ 0.04103866627050344	false	0.5
harsch	neg 1.0		off 0.5364003948546393 neg 0.42298519970166676 __DUMMY__ 0.04061440544369393	false	0.5
lang	neg 1.0		off 0.5272034705902812 neg 0.4317911504632186 __DUMMY__ 0.04100537894650024	false	0.5
ziellos	neg 1.0		off 0.5226942481978137 neg 0.4359414840625995 __DUMMY__ 0.041364267739586694	false	0.5
selbstverliebt	neg 1.0		off 0.5403111327895826 neg 0.41979402719240216 __DUMMY__ 0.03989484001801524	false	0.5
beseitigen	neg 1.0		off 0.5276384447989919 neg 0.431122184248926 __DUMMY__ 0.04123937095208218	false	0.5
dumm	off 1.0		off 0.5357614763172676 neg 0.42404734878428796 __DUMMY__ 0.04019117489844452	false	1.0
arbeitsloser	neg 1.0		off 0.5264683752821302 neg 0.43205507859862624 __DUMMY__ 0.04147654611924356	false	0.5
blitzen	neg 1.0		off 0.529351240880398 neg 0.4298357952242061 __DUMMY__ 0.04081296389539593	false	0.5
hilflos	neg 1.0		off 0.523477006826294 neg 0.43532590548594696 __DUMMY__ 0.04119708768775916	false	0.5
eklig	off 1.0		off 0.5347662733781761 neg 0.4252035532538468 __DUMMY__ 0.04003017336797701	false	1.0
begriff			off 0.5255055727419524 neg 0.43339458314401824 __DUMMY__ 0.04109984411402921	false	0.0
hungersnot	neg 1.0		off 0.5220005698969429 neg 0.43699617731663015 __DUMMY__ 0.04100325278642691	false	0.5
ungesetzlich	neg 1.0		off 0.5266021724710669 neg 0.43259958968258816 __DUMMY__ 0.04079823784634495	false	0.5
verschwendung	neg 1.0		off 0.5217349031068881 neg 0.4369681183210897 __DUMMY__ 0.04129697857202226	false	0.5
schmerzvoll	neg 1.0		off 0.5260094301534085 neg 0.4331119992610697 __DUMMY__ 0.04087857058552185	false	0.5
vorzeitig	neg 1.0		off 0.5320344908220696 neg 0.4270796285447794 __DUMMY__ 0.04088588063315099	false	0.5
unvollkommenheit	neg 1.0		off 0.5251649762159045 neg 0.433635603122603 __DUMMY__ 0.041199420661492465	false	0.5
intervenieren	neg 1.0		off 0.5209053937458308 neg 0.437976348466115 __DUMMY__ 0.04111825778805415	false	0.5
banause	off 1.0		off 0.5342433369398433 neg 0.42599593677611036 __DUMMY__ 0.03976072628404635	false	1.0
rebell	neg 1.0		off 0.5171137411806194 neg 0.4415411167473939 __DUMMY__ 0.04134514207198673	false	0.5
unlogisch	neg 1.0		off 0.5325083633638619 neg 0.4269988281136578 __DUMMY__ 0.04049280852248039	false	0.5
leiden	neg 1.0		off 0.5233889165865283 neg 0.43501294298413257 __DUMMY__ 0.041598140429339195	false	0.5
abschaffung	neg 1.0		off 0.5253928597882197 neg 0.4337565472326211 __DUMMY__ 0.040850592979159335	false	0.5
sturz	neg 1.0		off 0.5310105007369422 neg 0.42775396194729953 __DUMMY__ 0.041235537315758373	false	0.5
verkleinerung	neg 1.0		off 0.5266059515853261 neg 0.4328799072273942 __DUMMY__ 0.040514141187279716	false	0.5
schmarotzer	off 1.0		off 0.5239254617347259 neg 0.4349486290539349 __DUMMY__ 0.041125909211339254	false	1.0
bestrafung	neg 1.0	neg 1.0	neg 0.7001256353095968 off 0.2803005251513581 __DUMMY__ 0.019573839539045013	false	1.0
achtlos	neg 1.0		off 0.5244572133360826 neg 0.4343947527803949 __DUMMY__ 0.041148033883522436	false	0.5
ungeheuer	neg 1.0		off 0.5241212724456419 neg 0.4350354948574425 __DUMMY__ 0.040843232696915546	false	0.5
unaufrichtig	neg 1.0		off 0.5301352399351693 neg 0.4290320091452184 __DUMMY__ 0.04083275091961223	false	0.5
groggy	neg 1.0		off 0.5295778469877738 neg 0.4294781557061907 __DUMMY__ 0.04094399730603566	false	0.5
