unsolidarisch	neg 1.0		off 0.5434652998456103 neg 0.4495632299208898 __DUMMY__ 0.0069714702334999126	false	0.5
nachteilig	neg 1.0		off 0.5431247926783682 neg 0.44980689073686037 __DUMMY__ 0.007068316584771562	false	0.5
skeptisch	neg 1.0		off 0.5408023671381428 neg 0.4521355573626895 __DUMMY__ 0.007062075499167735	false	0.5
schrecklich	neg 1.0		off 0.5515864051920006 neg 0.44150737378824106 __DUMMY__ 0.00690622101975841	false	0.5
schlapp	neg 1.0	neg 1.0	neg 0.7060834134187748 off 0.2906184868369189 __DUMMY__ 0.003298099744306297	false	1.0
abfall	neg 1.0		off 0.5388331678389675 neg 0.454063145647165 __DUMMY__ 0.007103686513867357	false	0.5
widerspenstig	neg 1.0		off 0.5423910464234923 neg 0.45061910389842325 __DUMMY__ 0.006989849678084452	false	0.5
abrupt	neg 1.0		off 0.5386454016203266 neg 0.4543173824500827 __DUMMY__ 0.007037215929590757	false	0.5
unwirksam	neg 1.0		off 0.5402336866503379 neg 0.4528369610125161 __DUMMY__ 0.006929352337146054	false	0.5
angreifen	neg 1.0		off 0.5400359397875599 neg 0.45289953982876835 __DUMMY__ 0.007064520383671783	false	0.5
inkonsistent	neg 1.0		off 0.5452135417357209 neg 0.44783164504782275 __DUMMY__ 0.006954813216456351	false	0.5
abrutschen	neg 1.0		off 0.5378241687265851 neg 0.45507991852207946 __DUMMY__ 0.007095912751335576	false	0.5
unsicher	neg 1.0		off 0.544870747482954 neg 0.4481090021332397 __DUMMY__ 0.007020250383806172	false	0.5
bauernkind	off 1.0	off 1.0	off 0.7614020047955462 neg 0.2353606449893532 __DUMMY__ 0.0032373502151005645	false	1.0
angreifer	neg 1.0		off 0.5505238757710782 neg 0.44246258488494267 __DUMMY__ 0.007013539343979093	false	0.5
trennen	neg 1.0		off 0.5403912347066206 neg 0.4525338326108942 __DUMMY__ 0.0070749326824851395	false	0.5
schmutz	neg 1.0		off 0.5504537551696912 neg 0.44251670299920914 __DUMMY__ 0.007029541831099543	false	0.5
inkonsistenz	neg 1.0		off 0.5486777315931682 neg 0.4443648172884674 __DUMMY__ 0.006957451118364426	false	0.5
erschreckend	neg 1.0		off 0.5436684633517339 neg 0.449315699935671 __DUMMY__ 0.007015836712595045	false	0.5
ertrinken	neg 1.0		off 0.5384742298383778 neg 0.4544751921882061 __DUMMY__ 0.007050577973416158	false	0.5
pickelface	off 1.0		off 0.5457018659059664 neg 0.44728485401654466 __DUMMY__ 0.007013280077488903	false	1.0
seiner			off 0.5410196292695051 neg 0.45190965287607204 __DUMMY__ 0.007070717854422857	false	0.0
lauch	neg 1.0	neg 1.0	neg 0.7107693640449962 off 0.285849211818913 __DUMMY__ 0.003381424136090734	false	1.0
unwichtig	neg 1.0		off 0.5482756627005811 neg 0.44477095376521236 __DUMMY__ 0.0069533835342064625	false	0.5
steuerhinterziehung	neg 1.0		off 0.5426895761910286 neg 0.45031418575562776 __DUMMY__ 0.0069962380533435675	false	0.5
schock	neg 1.0		off 0.5427706196373165 neg 0.4502061798233778 __DUMMY__ 0.007023200539305775	false	0.5
beule	neg 1.0		off 0.5489843725648526 neg 0.44410754552719695 __DUMMY__ 0.0069080819079506296	false	0.5
vergelten	neg 1.0		off 0.5539273044471115 neg 0.43915562817772735 __DUMMY__ 0.0069170673751611355	false	0.5
verdorbenheit	neg 1.0		off 0.545833766054624 neg 0.4471654039576284 __DUMMY__ 0.007000829987747683	false	0.5
trauma	neg 1.0		off 0.5450314994288673 neg 0.4479836154008104 __DUMMY__ 0.00698488517032232	false	0.5
sinnlos	neg 1.0		off 0.5459951459482286 neg 0.4470173218232412 __DUMMY__ 0.006987532228530108	false	0.5
fettsack	off 1.0	off 1.0	off 0.7629347635343715 neg 0.23382029875142693 __DUMMY__ 0.003244937714201584	false	1.0
feige	off 1.0	off 1.0	off 0.7608259735157378 neg 0.23588163441347287 __DUMMY__ 0.003292392070789459	false	1.0
abdanken	neg 1.0		off 0.5446431510953356 neg 0.4483363168014363 __DUMMY__ 0.0070205321032281555	false	0.5
wichtigtuer	off 1.0	off 1.0	off 0.759949703340147 neg 0.23673071892234301 __DUMMY__ 0.0033195777375100593	false	1.0
misslingen	neg 1.0		off 0.5492119360772348 neg 0.44374374091716196 __DUMMY__ 0.0070443230056032695	false	0.5
untreu	off 1.0		off 0.5485550159603478 neg 0.4445148909151656 __DUMMY__ 0.006930093124486509	false	1.0
missmutig	neg 1.0		off 0.5459963537572159 neg 0.4470553542802633 __DUMMY__ 0.006948291962520915	false	0.5
hurenbock	off 1.0		off 0.5418799220947195 neg 0.4511632209617698 __DUMMY__ 0.006956856943510771	false	1.0
betrunken	neg 1.0		off 0.5499149861203214 neg 0.4431791828898337 __DUMMY__ 0.006905830989844957	false	0.5
korrupt	off 1.0		off 0.5414986352720385 neg 0.45151120800573175 __DUMMY__ 0.0069901567222299356	false	1.0
unmut	neg 1.0		off 0.5393194066745978 neg 0.45359982360643664 __DUMMY__ 0.007080769718965579	false	0.5
hackfresse	off 1.0		off 0.5546489933874618 neg 0.43850359674397393 __DUMMY__ 0.006847409868564379	false	1.0
aufblasen	neg 1.0		off 0.5436195223737538 neg 0.44939112854967106 __DUMMY__ 0.0069893490765752546	false	0.5
gewaltsam	neg 1.0		off 0.5458182868739071 neg 0.4471468941030863 __DUMMY__ 0.007034819023006595	false	0.5
unbeliebtheit	neg 1.0		off 0.5499686835866103 neg 0.4430852411933902 __DUMMY__ 0.006946075219999329	false	0.5
sturheit	neg 1.0		off 0.5449527186443567 neg 0.44801082697662115 __DUMMY__ 0.007036454379022077	false	0.5
kuh	neg 1.0		off 0.5414065494224435 neg 0.45170907080701184 __DUMMY__ 0.006884379770544762	false	0.5
erschrecken	neg 1.0		off 0.5474006274354855 neg 0.4456378908879194 __DUMMY__ 0.006961481676595149	false	0.5
opfer	neg 1.0		off 0.5433343378662477 neg 0.44959591746508154 __DUMMY__ 0.007069744668670756	false	0.5
sinken	neg 1.0		off 0.5380878353899373 neg 0.45486343257765266 __DUMMY__ 0.0070487320324098615	false	0.5
stinktier	neg 1.0		off 0.5497689495863134 neg 0.44340795920648984 __DUMMY__ 0.006823091207196756	false	0.5
tucke	off 1.0		off 0.553662422830137 neg 0.4395560121776592 __DUMMY__ 0.006781564992203775	false	1.0
ein			off 0.5408479829252506 neg 0.4521778851314137 __DUMMY__ 0.006974131943335772	false	0.0
abstieg	neg 1.0		off 0.5460716038709633 neg 0.4468472914463835 __DUMMY__ 0.007081104682653251	false	0.5
missverstehen	neg 1.0		off 0.5466057819456783 neg 0.44641840219816636 __DUMMY__ 0.006975815856155492	false	0.5
ergebnislos	neg 1.0		off 0.5437735658203419 neg 0.44914575107260934 __DUMMY__ 0.007080683107048767	false	0.5
unter			off 0.5368130546502246 neg 0.4560195852166086 __DUMMY__ 0.00716736013316674	false	0.0
manipulieren	neg 1.0		off 0.5414625174596664 neg 0.451473813179946 __DUMMY__ 0.0070636693603875434	false	0.5
unbewiesen	neg 1.0		off 0.5447189127527419 neg 0.44829631786858504 __DUMMY__ 0.006984769378672978	false	0.5
verschleppen	neg 1.0		off 0.5417324220870555 neg 0.4512397724667597 __DUMMY__ 0.0070278054461847435	false	0.5
weib	off 1.0		off 0.5557694244415928 neg 0.43741741142498386 __DUMMY__ 0.006813164133423267	false	1.0
opposition	neg 1.0		off 0.544238297091298 neg 0.4487971391314125 __DUMMY__ 0.006964563777289464	false	0.5
verkehrswidrig	neg 1.0		off 0.5564430432280372 neg 0.4366171220992767 __DUMMY__ 0.006939834672686044	false	0.5
inkorrekt	neg 1.0		off 0.551251410909237 neg 0.4418438429599393 __DUMMY__ 0.006904746130823774	false	0.5
vermeiden	neg 1.0		off 0.5388038463866603 neg 0.4540768314008212 __DUMMY__ 0.007119322212518383	false	0.5
abweichung	neg 1.0		off 0.5432696026599984 neg 0.4496886029401839 __DUMMY__ 0.007041794399817784	false	0.5
alkoholisiert	neg 1.0		off 0.5437359306278864 neg 0.44915799104318715 __DUMMY__ 0.007106078328926468	false	0.5
scheiss	off 1.0	off 1.0	off 0.761354880520908 neg 0.23536445752045562 __DUMMY__ 0.003280661958636416	false	1.0
herausforderung	neg 1.0		off 0.5424728175355898 neg 0.4504907922254888 __DUMMY__ 0.007036390238921405	false	0.5
pervers	off 1.0		off 0.5579726066673841 neg 0.43523392817374945 __DUMMY__ 0.006793465158866518	false	1.0
wackelig	neg 1.0		off 0.5423185307420992 neg 0.4506443058449897 __DUMMY__ 0.007037163412911019	false	0.5
verwickeln	neg 1.0		off 0.5454800383113796 neg 0.44753993557351507 __DUMMY__ 0.006980026115105342	false	0.5
vorwand	neg 1.0		off 0.5399622593443307 neg 0.452966184836933 __DUMMY__ 0.007071555818736402	false	0.5
muschi	off 1.0		off 0.5456372198640256 neg 0.44732614392623354 __DUMMY__ 0.0070366362097407965	false	1.0
entmutigung	neg 1.0		off 0.5431204801833932 neg 0.4499496516933115 __DUMMY__ 0.006929868123295239	false	0.5
unangemessen	neg 1.0		off 0.5438009764510888 neg 0.44917268766787444 __DUMMY__ 0.0070263358810367235	false	0.5
unstetig	neg 1.0		off 0.5484395081819861 neg 0.4445901543891321 __DUMMY__ 0.006970337428881873	false	0.5
entmutigen	neg 1.0		off 0.544610571251949 neg 0.44839942872982635 __DUMMY__ 0.0069900000182246845	false	0.5
schwanz	neg 1.0		off 0.5432652459528936 neg 0.44968808294011015 __DUMMY__ 0.007046671106996112	false	0.5
verbot	neg 1.0		off 0.5421507179712164 neg 0.4508419766176543 __DUMMY__ 0.007007305411129393	false	0.5
leid	neg 1.0		off 0.5526584584880732 neg 0.44045824838238806 __DUMMY__ 0.00688329312953869	false	0.5
archaisch	neg 1.0		off 0.5430070008153141 neg 0.44997292458529103 __DUMMY__ 0.007020074599394994	false	0.5
gegen			off 0.5410161459116486 neg 0.45188802781061216 __DUMMY__ 0.0070958262777391645	false	0.0
scheidung	neg 1.0		off 0.5637972054793995 neg 0.4293961479995814 __DUMMY__ 0.006806646521019087	false	0.5
einschlag	neg 1.0		off 0.5549631483570907 neg 0.4380893035352922 __DUMMY__ 0.006947548107617087	false	0.5
m			off 0.5429944343860599 neg 0.44996976855042636 __DUMMY__ 0.007035797063513766	false	0.0
abgestanden	neg 1.0		off 0.5387469692260226 neg 0.4543365396188224 __DUMMY__ 0.006916491155154979	false	0.5
schmierig	off 1.0		off 0.5513449762828068 neg 0.4417824052381917 __DUMMY__ 0.006872618479001534	false	1.0
unpraktisch	neg 1.0		off 0.5457875897915085 neg 0.44721610133012846 __DUMMY__ 0.00699630887836295	false	0.5
wixxer	off 1.0		off 0.5571986260466235 neg 0.4360280250947115 __DUMMY__ 0.006773348858665046	false	1.0
bezeichnet			off 0.5453824104785732 neg 0.4476012365120117 __DUMMY__ 0.007016353009415217	false	0.0
jammerlappen	off 1.0		off 0.5481247254885304 neg 0.4449293824256607 __DUMMY__ 0.006945892085808779	false	1.0
farce	neg 1.0		off 0.543129573712855 neg 0.44988545307948635 __DUMMY__ 0.006984973207658679	false	0.5
zwecklos	neg 1.0		off 0.5422146978282011 neg 0.4507603971249989 __DUMMY__ 0.007024905046799979	false	0.5
turbulent	neg 1.0		off 0.5492807111924536 neg 0.4438101900191681 __DUMMY__ 0.006909098788378208	false	0.5
invasion	neg 1.0		off 0.5463769339862515 neg 0.44664701656859834 __DUMMY__ 0.006976049445150138	false	0.5
schuld	neg 1.0		off 0.5453886931179568 neg 0.44761626626948214 __DUMMY__ 0.006995040612561061	false	0.5
risiko	neg 1.0		off 0.5442417429458839 neg 0.4488040444680088 __DUMMY__ 0.0069542125861072465	false	0.5
finster	neg 1.0		off 0.5414256629921527 neg 0.45160592731376265 __DUMMY__ 0.006968409694084791	false	0.5
geisteskrank	off 1.0		off 0.5502818630772246 neg 0.4427987696376867 __DUMMY__ 0.006919367285088661	false	1.0
zusammenbrechen	neg 1.0		off 0.5419436069968793 neg 0.4510388837397184 __DUMMY__ 0.007017509263402397	false	0.5
ausbeute	neg 1.0		off 0.5450160227169188 neg 0.4479422405991025 __DUMMY__ 0.007041736683978613	false	0.5
hinterhalt	neg 1.0		off 0.5437136764420801 neg 0.4492610698733507 __DUMMY__ 0.007025253684569074	false	0.5
kritik	neg 1.0		off 0.5429279527998238 neg 0.45008376545574813 __DUMMY__ 0.0069882817444282515	false	0.5
einschrumpfen	neg 1.0		off 0.5474294022572714 neg 0.44564292955025603 __DUMMY__ 0.006927668192472513	false	0.5
riskant	neg 1.0		off 0.5405558472353313 neg 0.4523907528181603 __DUMMY__ 0.007053399946508307	false	0.5
frustrieren	neg 1.0		off 0.5408547081835734 neg 0.4521078140686029 __DUMMY__ 0.007037477747823706	false	0.5
groll	neg 1.0		off 0.543567050010458 neg 0.4493929849313955 __DUMMY__ 0.007039965058146401	false	0.5
gibt			off 0.5425490020794091 neg 0.45041467412260466 __DUMMY__ 0.007036323797986163	false	0.0
qualvoll	neg 1.0		off 0.5452459325652725 neg 0.4477822744783625 __DUMMY__ 0.006971792956364902	false	0.5
wackeln	neg 1.0		off 0.5434993887207409 neg 0.44949976261529034 __DUMMY__ 0.0070008486639686895	false	0.5
klagen	neg 1.0		off 0.5395366652932249 neg 0.45340366805808785 __DUMMY__ 0.007059666648687315	false	0.5
bankrott	neg 1.0		off 0.5489805282835449 neg 0.44405011633898817 __DUMMY__ 0.006969355377466886	false	0.5
trauern	neg 1.0		off 0.5438028993504811 neg 0.44909809006319895 __DUMMY__ 0.007099010586320002	false	0.5
ablehnung	neg 1.0		off 0.542563107616803 neg 0.45043944334652286 __DUMMY__ 0.006997449036674106	false	0.5
stur	neg 1.0		off 0.5444392137224114 neg 0.4485797784713816 __DUMMY__ 0.006981007806206989	false	0.5
aufruhr	neg 1.0		off 0.5437701558476081 neg 0.44923614710170917 __DUMMY__ 0.006993697050682522	false	0.5
melancholie	neg 1.0		off 0.5376506600877698 neg 0.4553339598767597 __DUMMY__ 0.007015380035470361	false	0.5
ist			off 0.5455868013510736 neg 0.44742590598101745 __DUMMY__ 0.006987292667908865	false	0.0
torheit	neg 1.0		off 0.5455800318977404 neg 0.44742590183876835 __DUMMY__ 0.006994066263491326	false	0.5
dreckskind	off 1.0		off 0.5555770401687067 neg 0.43758920427000025 __DUMMY__ 0.006833755561293077	false	1.0
umtauschen	neg 1.0		off 0.5432890993002101 neg 0.4497069459280541 __DUMMY__ 0.007003954771735879	false	0.5
zum			off 0.5414820415361613 neg 0.45135990877000404 __DUMMY__ 0.0071580496938345685	false	0.0
zersetzen	neg 1.0		off 0.5393736401627428 neg 0.45358773992108536 __DUMMY__ 0.007038619916171853	false	0.5
zur			off 0.5393018065747781 neg 0.45357414078139735 __DUMMY__ 0.0071240526438244405	false	0.0
frust	neg 1.0		off 0.5418097567233134 neg 0.4511688391775735 __DUMMY__ 0.007021404099113189	false	0.5
unerbittlichkeit	neg 1.0		off 0.5423682931175282 neg 0.4505673955097711 __DUMMY__ 0.0070643113727007255	false	0.5
zwei			off 0.538105483544856 neg 0.45477687841709824 __DUMMY__ 0.007117638038045711	false	0.0
unkorrekt	neg 1.0		off 0.5500602594034714 neg 0.44302693337842114 __DUMMY__ 0.00691280721810745	false	0.5
hexe	off 1.0		off 0.5450064990655227 neg 0.4480908264270461 __DUMMY__ 0.006902674507431171	false	1.0
lasch	neg 1.0		off 0.5473038569967802 neg 0.44574280440616953 __DUMMY__ 0.006953338597050388	false	0.5
rivale	neg 1.0		off 0.552339220003046 neg 0.4407458539702439 __DUMMY__ 0.006914926026710073	false	0.5
mutlos	off 1.0	off 1.0	off 0.7575150489942383 neg 0.23913473527190884 __DUMMY__ 0.00335021573385286	false	1.0
wirr	off 1.0		off 0.5508463873098742 neg 0.4422734402330803 __DUMMY__ 0.0068801724570455155	false	1.0
jahr			off 0.5445051254263118 neg 0.4483803906312833 __DUMMY__ 0.007114483942404936	false	0.0
wird			off 0.5423763574175743 neg 0.45057788301818 __DUMMY__ 0.007045759564245531	false	0.0
strafbar	neg 1.0		off 0.5416803823105281 neg 0.45126302595662615 __DUMMY__ 0.007056591732845697	false	0.5
erosion	neg 1.0		off 0.5451112027058947 neg 0.4478761163740885 __DUMMY__ 0.007012680920016881	false	0.5
eingehen	neg 1.0		off 0.5404813835727384 neg 0.45248262542509265 __DUMMY__ 0.0070359910021688754	false	0.5
faul	off 1.0		off 0.5477104229244573 neg 0.4453334663477418 __DUMMY__ 0.006956110727800865	false	1.0
provisorium	neg 1.0		off 0.5372709631564526 neg 0.4555569034894775 __DUMMY__ 0.007172133354069819	false	0.5
schmerzen	neg 1.0		off 0.5413613623413452 neg 0.45164944696001225 __DUMMY__ 0.006989190698642627	false	0.5
schrumpfen	neg 1.0		off 0.5359439493570889 neg 0.45698375887875214 __DUMMY__ 0.007072291764159067	false	0.5
geistlos	off 1.0		off 0.5457521664617051 neg 0.4472922031256349 __DUMMY__ 0.0069556304126599956	false	1.0
fehlkauf	neg 1.0		off 0.5461043862802818 neg 0.44692526045199416 __DUMMY__ 0.006970353267723987	false	0.5
frustrierend	neg 1.0		off 0.5469611109728756 neg 0.4460814206879942 __DUMMY__ 0.006957468339130174	false	0.5
unzufrieden	neg 1.0		off 0.5424188227140762 neg 0.4505483522270528 __DUMMY__ 0.007032825058871077	false	0.5
verzweifeln	neg 1.0		off 0.5435257886486369 neg 0.4494538564745114 __DUMMY__ 0.007020354876851652	false	0.5
verzweifelt	neg 1.0		off 0.5445346589125616 neg 0.44848390614890177 __DUMMY__ 0.006981434938536716	false	0.5
misstrauensantrag	neg 1.0		off 0.5452119200993252 neg 0.4478186685997206 __DUMMY__ 0.006969411300954232	false	0.5
abfallen	neg 1.0		off 0.543388589445224 neg 0.44962224806209283 __DUMMY__ 0.006989162492683137	false	0.5
fucker	off 1.0		off 0.5515075156106112 neg 0.4415724034500166 __DUMMY__ 0.006920080939372209	false	1.0
ungezogen	neg 1.0		off 0.5566267490286732 neg 0.4365476842074801 __DUMMY__ 0.006825566763846746	false	0.5
irrsinnig	neg 1.0	neg 1.0	neg 0.7078616525618108 off 0.2888131031758583 __DUMMY__ 0.0033252442623310377	false	1.0
unfassbar	neg 1.0		off 0.5494571693259883 neg 0.44359853924276815 __DUMMY__ 0.006944291431243498	false	0.5
hart	neg 1.0		off 0.5473719977277081 neg 0.4457276522464893 __DUMMY__ 0.006900350025802557	false	0.5
widerlich	off 1.0		off 0.549474513746748 neg 0.4435949277325453 __DUMMY__ 0.006930558520706644	false	1.0
fatal	neg 1.0	neg 1.0	neg 0.7082678709949777 off 0.2884349410734949 __DUMMY__ 0.003297187931527488	false	1.0
bruch	neg 1.0		off 0.5387002600287221 neg 0.4542209849633666 __DUMMY__ 0.00707875500791124	false	0.5
aushungern	neg 1.0		off 0.5421955314956393 neg 0.45080073748637883 __DUMMY__ 0.0070037310179819415	false	0.5
anspannung	neg 1.0		off 0.539286770650356 neg 0.45358074930154774 __DUMMY__ 0.007132480048096078	false	0.5
von			off 0.5403126835345775 neg 0.45261797024169625 __DUMMY__ 0.007069346223726195	false	0.0
kraftlos	neg 1.0		off 0.5414784066449345 neg 0.4514921841687342 __DUMMY__ 0.007029409186331219	false	0.5
vom			off 0.5386894058971334 neg 0.45412793891692443 __DUMMY__ 0.007182655185942044	false	0.0
grenzdebil	off 1.0		off 0.5485616241239648 neg 0.4445154533067381 __DUMMY__ 0.006922922569297109	false	1.0
vor			off 0.5394101951047686 neg 0.4535058138434077 __DUMMY__ 0.007083991051823698	false	0.0
unterwerfen	neg 1.0		off 0.542656871835237 neg 0.45028656184266563 __DUMMY__ 0.007056566322097369	false	0.5
versenkung	neg 1.0		off 0.5422712721131849 neg 0.4506638117199996 __DUMMY__ 0.007064916166815517	false	0.5
entziehen	neg 1.0		off 0.5400165849189289 neg 0.45290875183768836 __DUMMY__ 0.007074663243382686	false	0.5
finanzkrise	neg 1.0		off 0.5385605801570966 neg 0.45451413845311783 __DUMMY__ 0.006925281389785592	false	0.5
schimpfend	neg 1.0		off 0.5460712711086524 neg 0.44691607217585294 __DUMMY__ 0.007012656715494722	false	0.5
profan	neg 1.0		off 0.5453715289626765 neg 0.44766125935455425 __DUMMY__ 0.006967211682769211	false	0.5
korruption	neg 1.0		off 0.5408931286763845 neg 0.4521098482413459 __DUMMY__ 0.006997023082269548	false	0.5
â			off 0.5422758174344441 neg 0.45068569281680904 __DUMMY__ 0.007038489748746994	false	0.0
schmutzig	neg 1.0		off 0.5485078816879853 neg 0.44457265521585104 __DUMMY__ 0.006919463096163716	false	0.5
sexy	neg 1.0		off 0.548153207347755 neg 0.44487256418560045 __DUMMY__ 0.00697422846664448	false	0.5
abraten	neg 1.0		off 0.5462844924366898 neg 0.44672438722779295 __DUMMY__ 0.006991120335517306	false	0.5
schwarz	neg 1.0		off 0.5466208021615075 neg 0.4463913859485761 __DUMMY__ 0.0069878118899163325	false	0.5
fotze	off 1.0	off 1.0	off 0.7584639794476679 neg 0.23818193901586923 __DUMMY__ 0.003354081536462961	false	1.0
verwirren	neg 1.0		off 0.5462178857416623 neg 0.4468076222677848 __DUMMY__ 0.006974491990552805	false	0.5
zahnlos	off 1.0		off 0.5431694321789537 neg 0.44980813681011034 __DUMMY__ 0.007022431010935926	false	1.0
verheeren	neg 1.0		off 0.5578076132816342 neg 0.4353768617934057 __DUMMY__ 0.006815524924960204	false	0.5
hippie	neg 1.0		off 0.5473871090461091 neg 0.4456423826639986 __DUMMY__ 0.006970508289892418	false	0.5
rammen	neg 1.0		off 0.5457462106314412 neg 0.44724462656875946 __DUMMY__ 0.007009162799799371	false	0.5
unlauter	neg 1.0		off 0.5451160521727302 neg 0.4479172241381577 __DUMMY__ 0.006966723689112148	false	0.5
unheilvoll	neg 1.0		off 0.5444498139240532 neg 0.44857172242953725 __DUMMY__ 0.006978463646409548	false	0.5
niedrig	neg 1.0		off 0.5400516472945556 neg 0.4529405947344002 __DUMMY__ 0.0070077579710441954	false	0.5
explosion	neg 1.0		off 0.5477234509167668 neg 0.4452997118095087 __DUMMY__ 0.0069768372737245435	false	0.5
weichei	off 1.0	off 1.0	off 0.7623764163234432 neg 0.2343770300516168 __DUMMY__ 0.0032465536249399215	false	1.0
minusmensch	off 1.0		off 0.5575983664504225 neg 0.43558514659052283 __DUMMY__ 0.006816486959054722	false	1.0
farblos	neg 1.0		off 0.5454350404800158 neg 0.4475747388650002 __DUMMY__ 0.006990220654983955	false	0.5
unwissend	neg 1.0	neg 1.0	neg 0.7063248415339892 off 0.2903760163795189 __DUMMY__ 0.0032991420864918967	false	1.0
traurig	neg 1.0		off 0.5514483212758949 neg 0.4416380108660559 __DUMMY__ 0.006913667858049183	false	0.5
senkung	neg 1.0		off 0.5427244010354214 neg 0.45036454744535337 __DUMMY__ 0.006911051519225246	false	0.5
ungleich	neg 1.0	neg 1.0	neg 0.7095817047972612 off 0.2870674569320908 __DUMMY__ 0.0033508382706481507	false	1.0
heikel	neg 1.0		off 0.5408661793692382 neg 0.45207997062099525 __DUMMY__ 0.0070538500097665725	false	0.5
drosselung	neg 1.0		off 0.546758413323974 neg 0.4463536426511104 __DUMMY__ 0.006887944024915559	false	0.5
falsch	neg 1.0		off 0.5482202591478254 neg 0.44480969017546573 __DUMMY__ 0.006970050676708858	false	0.5
unzufriedenheit	neg 1.0		off 0.5394738148386354 neg 0.4534872645832403 __DUMMY__ 0.007038920578124138	false	0.5
kurz	neg 1.0		off 0.5435991196554741 neg 0.4493554091512057 __DUMMY__ 0.007045471193320132	false	0.5
unsinnig	neg 1.0		off 0.5423512614824034 neg 0.4506512362071425 __DUMMY__ 0.006997502310453944	false	0.5
penner	off 1.0	off 1.0	off 0.7636425880667286 neg 0.23311364622935415 __DUMMY__ 0.0032437657039173277	false	1.0
seicht	neg 1.0		off 0.5535229657770352 neg 0.43967801093860065 __DUMMY__ 0.006799023284364164	false	0.5
dummheit	off 1.0	off 1.0	off 0.7593348162479816 neg 0.23735775162134254 __DUMMY__ 0.003307432130675923	false	1.0
unerfreulich	neg 1.0		off 0.5408034433509761 neg 0.4521369207942504 __DUMMY__ 0.0070596358547736285	false	0.5
motherfucker	off 1.0	off 1.0	off 0.7619832309464956 neg 0.23472975291996045 __DUMMY__ 0.00328701613354405	false	1.0
pikiert	neg 1.0		off 0.5476499442202379 neg 0.4454214824096675 __DUMMY__ 0.006928573370094596	false	0.5
wrack	neg 1.0		off 0.5472722260814169 neg 0.44563470696123436 __DUMMY__ 0.007093066957348595	false	0.5
gangster	neg 1.0		off 0.547454322831362 neg 0.4455792402855633 __DUMMY__ 0.00696643688307475	false	0.5
krank	neg 1.0		off 0.5495876016708974 neg 0.4434761185588328 __DUMMY__ 0.006936279770269939	false	0.5
reich	neg 1.0		off 0.5441971565284243 neg 0.44890277998977085 __DUMMY__ 0.006900063481804877	false	0.5
gnadenlos	neg 1.0		off 0.5456765716920481 neg 0.4473179202162577 __DUMMY__ 0.007005508091694079	false	0.5
niedergeschlagen	neg 1.0		off 0.5430212238937399 neg 0.449933572449099 __DUMMY__ 0.0070452036571610815	false	0.5
terrorisieren	off 1.0	off 1.0	off 0.7570915721093199 neg 0.23954996729922376 __DUMMY__ 0.0033584605914564495	false	1.0
sinnlosigkeit	neg 1.0		off 0.5428849608247722 neg 0.4500867994608354 __DUMMY__ 0.007028239714392444	false	0.5
behindern	neg 1.0		off 0.5437691921785907 neg 0.4492287806569868 __DUMMY__ 0.007002027164422486	false	0.5
undemokratisch	neg 1.0		off 0.5453875609980796 neg 0.447645584844967 __DUMMY__ 0.006966854156953354	false	0.5
wirtschaftskrise	neg 1.0		off 0.5396991305391161 neg 0.45331478683291454 __DUMMY__ 0.006986082627969379	false	0.5
neid	neg 1.0		off 0.546345347696633 neg 0.4466971516331992 __DUMMY__ 0.006957500670167898	false	0.5
rutschen	neg 1.0		off 0.5374456227605521 neg 0.4554407350314123 __DUMMY__ 0.007113642208035774	false	0.5
rezession	neg 1.0		off 0.5465168467750884 neg 0.44665173009455134 __DUMMY__ 0.006831423130360292	false	0.5
fehlgeburt	neg 1.0		off 0.5455444022973275 neg 0.4474430079434204 __DUMMY__ 0.007012589759251945	false	0.5
charakterschwach	off 1.0		off 0.5486072132021175 neg 0.44446434731051637 __DUMMY__ 0.006928439487366219	false	1.0
isolation	neg 1.0		off 0.5486069000880668 neg 0.44441610937053094 __DUMMY__ 0.0069769905414022865	false	0.5
ablenkung	neg 1.0		off 0.5447034567030579 neg 0.4482760450612507 __DUMMY__ 0.007020498235691507	false	0.5
pech	neg 1.0		off 0.5469448500612282 neg 0.44611128432399055 __DUMMY__ 0.006943865614781173	false	0.5
vermeidung	neg 1.0		off 0.5481619176466536 neg 0.4449235621878583 __DUMMY__ 0.006914520165488088	false	0.5
dominieren	neg 1.0		off 0.5434866725548155 neg 0.449486215125042 __DUMMY__ 0.007027112320142536	false	0.5
schwindlig	neg 1.0		off 0.5450118187686387 neg 0.4480193578363114 __DUMMY__ 0.0069688233950500325	false	0.5
lutscher	neg 1.0		off 0.5551826790482062 neg 0.438035359250108 __DUMMY__ 0.006781961701685974	false	0.5
pflicht	neg 1.0		off 0.5407151916230288 neg 0.45220225892973687 __DUMMY__ 0.007082549447234333	false	0.5
faschist	off 1.0		off 0.5477020670430696 neg 0.4453313300246935 __DUMMY__ 0.006966602932236877	false	1.0
verschleudern	neg 1.0		off 0.5380185381049757 neg 0.45499051571881555 __DUMMY__ 0.00699094617620871	false	0.5
wenn			off 0.5475331973858757 neg 0.44552255792848244 __DUMMY__ 0.006944244685641944	false	0.0
ehebruch	neg 1.0		off 0.5417166534754281 neg 0.4512523401725988 __DUMMY__ 0.007031006351973158	false	0.5
spott	off 1.0		off 0.5430321236165003 neg 0.44991397675679157 __DUMMY__ 0.007053899626708223	false	1.0
trostlosigkeit	neg 1.0		off 0.538509449400798 neg 0.4544412732986726 __DUMMY__ 0.007049277300529356	false	0.5
lutschen	neg 1.0		off 0.5487574147607939 neg 0.44427293561243236 __DUMMY__ 0.0069696496267737836	false	0.5
undiszipliniert	neg 1.0		off 0.5503344666798745 neg 0.44275303918887654 __DUMMY__ 0.006912494131248917	false	0.5
kopfschmerz	neg 1.0		off 0.5383906250895988 neg 0.45461997655665803 __DUMMY__ 0.0069893983537432395	false	0.5
unvorhergesehen	neg 1.0		off 0.5407756789019013 neg 0.4521482204206862 __DUMMY__ 0.007076100677412487	false	0.5
desinteressiert	neg 1.0		off 0.5496699948962387 neg 0.44341269330080524 __DUMMY__ 0.006917311802956088	false	0.5
armselig	off 1.0		off 0.5519679855020995 neg 0.44113050842690404 __DUMMY__ 0.006901506070996401	false	1.0
desaster	neg 1.0		off 0.538323828247552 neg 0.4546162443205592 __DUMMY__ 0.007059927431888619	false	0.5
tod	neg 1.0		off 0.5419419757888018 neg 0.45100762119485577 __DUMMY__ 0.007050403016342331	false	0.5
herzlos	neg 1.0		off 0.5510624493174288 neg 0.44203760354947397 __DUMMY__ 0.006899947133097308	false	0.5
unwissenheit	neg 1.0		off 0.5424607775786625 neg 0.45051048469443095 __DUMMY__ 0.007028737726906434	false	0.5
widersinnig	neg 1.0		off 0.5413686315049734 neg 0.4516511156428991 __DUMMY__ 0.006980252852127516	false	0.5
bedenklich	neg 1.0		off 0.5411505728858201 neg 0.4518202990051477 __DUMMY__ 0.007029128109032171	false	0.5
beanstanden	neg 1.0		off 0.5418796445852603 neg 0.45103549357411094 __DUMMY__ 0.007084861840628837	false	0.5
panisch	neg 1.0		off 0.5461852716840792 neg 0.44682325768089276 __DUMMY__ 0.006991470635027962	false	0.5
debil	off 1.0		off 0.5366984706547098 neg 0.4561566275896094 __DUMMY__ 0.007144901755680764	false	1.0
abstrich	neg 1.0		off 0.5436182494369571 neg 0.4493614659777754 __DUMMY__ 0.00702028458526747	false	0.5
primitiv	neg 1.0		off 0.5502255234712075 neg 0.44285162895760605 __DUMMY__ 0.006922847571186521	false	0.5
abschaum	off 1.0	off 1.0	off 0.7616994750782461 neg 0.23499091927677618 __DUMMY__ 0.003309605644977762	false	1.0
provozieren	neg 1.0		off 0.5446496135230724 neg 0.44836093866913473 __DUMMY__ 0.00698944780779291	false	0.5
tot	neg 1.0		off 0.543165806547272 neg 0.44980414797660495 __DUMMY__ 0.007030045476123059	false	0.5
instabil	neg 1.0		off 0.5503229063127265 neg 0.4428088288000731 __DUMMY__ 0.006868264887200326	false	0.5
schwuchtel	off 1.0	off 1.0	off 0.7669175929471189 neg 0.22987978627934708 __DUMMY__ 0.00320262077353396	false	1.0
zerren	neg 1.0		off 0.5427684263099793 neg 0.4501878808366525 __DUMMY__ 0.0070436928533681884	false	0.5
kinderficker	off 1.0		off 0.5536205643269315 neg 0.43950805033214624 __DUMMY__ 0.006871385340922296	false	1.0
gefahr	neg 1.0		off 0.5410203819511269 neg 0.4519039663203136 __DUMMY__ 0.007075651728559614	false	0.5
rabiat	neg 1.0		off 0.5426061375977752 neg 0.45039434776953224 __DUMMY__ 0.006999514632692533	false	0.5
verlangsamung	neg 1.0		off 0.5535897742964664 neg 0.43957925358998323 __DUMMY__ 0.006830972113550347	false	0.5
ausgestorben	neg 1.0		off 0.5439055290526784 neg 0.44906657462507593 __DUMMY__ 0.007027896322245614	false	0.5
anklagen	neg 1.0		off 0.5433201114824955 neg 0.44965572394128694 __DUMMY__ 0.007024164576217565	false	0.5
trott	neg 1.0		off 0.5445625352581287 neg 0.448427527543098 __DUMMY__ 0.0070099371987731975	false	0.5
verminderung	neg 1.0		off 0.5482122131630862 neg 0.4448739618307781 __DUMMY__ 0.006913825006135719	false	0.5
nach			off 0.5379375920484941 neg 0.45491395831047604 __DUMMY__ 0.007148449641029872	false	0.0
rost	neg 1.0		off 0.5583362298242828 neg 0.4347924447488997 __DUMMY__ 0.0068713254268175	false	0.5
destruktiv	neg 1.0		off 0.543556538547743 neg 0.44944636385335424 __DUMMY__ 0.006997097598902735	false	0.5
unzumutbarkeit	neg 1.0		off 0.550337165810023 neg 0.44271707250740605 __DUMMY__ 0.00694576168257098	false	0.5
labil	off 1.0	off 1.0	off 0.7607006843649432 neg 0.23599604593318127 __DUMMY__ 0.0033032697018755166	false	1.0
ziemlich	neg 1.0		off 0.5495939159582441 neg 0.44345335104929706 __DUMMY__ 0.006952732992458847	false	0.5
lachnummer	off 1.0		off 0.545246168452193 neg 0.4477440901791212 __DUMMY__ 0.007009741368685799	false	1.0
oder			off 0.5453123042384715 neg 0.4476766636296871 __DUMMY__ 0.007011032131841276	false	0.0
verfall	neg 1.0		off 0.5365450611638901 neg 0.45637691734355723 __DUMMY__ 0.00707802149255274	false	0.5
ausgrenzung	neg 1.0		off 0.5452485247315544 neg 0.44778534214134613 __DUMMY__ 0.006966133127099375	false	0.5
unordnung	neg 1.0		off 0.5533054653783835 neg 0.43979523362966555 __DUMMY__ 0.006899300991950889	false	0.5
fehlverhalten	neg 1.0		off 0.5414064274167499 neg 0.45154028073591124 __DUMMY__ 0.007053291847338811	false	0.5
eine			off 0.5389831980898305 neg 0.4539519851716317 __DUMMY__ 0.007064816738537723	false	0.0
nille	neg 1.0		off 0.5456835949865919 neg 0.4472983173743392 __DUMMY__ 0.007018087639068778	false	0.5
qual	neg 1.0		off 0.5440742283965001 neg 0.44891562031781135 __DUMMY__ 0.007010151285688436	false	0.5
verschwenden	neg 1.0		off 0.5394590390177112 neg 0.4535112892368208 __DUMMY__ 0.00702967174546809	false	0.5
riesig	neg 1.0		off 0.5425645740536132 neg 0.4503739886021749 __DUMMY__ 0.007061437344211706	false	0.5
verurteilen	neg 1.0		off 0.5429185691943634 neg 0.4500557423854343 __DUMMY__ 0.0070256884202022475	false	0.5
klischee	neg 1.0	neg 1.0	neg 0.7070813350070626 off 0.2896185488403952 __DUMMY__ 0.0033001161525421183	false	1.0
diktatorisch	neg 1.0		off 0.5456722796867123 neg 0.44735967354125017 __DUMMY__ 0.00696804677203766	false	0.5
vorhersehbar	neg 1.0		off 0.5458645111885282 neg 0.44717904356347804 __DUMMY__ 0.00695644524799358	false	0.5
sowie			off 0.5515792581237379 neg 0.4415658230240469 __DUMMY__ 0.006854918852215122	false	0.0
stornieren	neg 1.0		off 0.5504046943203742 neg 0.4425654807175392 __DUMMY__ 0.007029824962086681	false	0.5
besteuerung	neg 1.0	neg 1.0	neg 0.7096365989857274 off 0.28706682536608424 __DUMMY__ 0.003296575648188384	false	1.0
ungeschminkt	neg 1.0		off 0.5504768223302446 neg 0.4426014603126189 __DUMMY__ 0.006921717357136533	false	0.5
kritisch	neg 1.0		off 0.5426035911430761 neg 0.4503639332208312 __DUMMY__ 0.007032475636092695	false	0.5
schlamperei	off 1.0		off 0.5416764916702752 neg 0.45127744347669324 __DUMMY__ 0.007046064853031484	false	1.0
sucht	neg 1.0	neg 1.0	neg 0.7063565165144743 off 0.2903025501107719 __DUMMY__ 0.0033409333747538915	false	1.0
egoistisch	off 1.0	off 1.0	off 0.7637575176402286 neg 0.23297217658430477 __DUMMY__ 0.0032703057754666937	false	1.0
ausbeuter	off 1.0		off 0.5391052012262343 neg 0.4538709686342769 __DUMMY__ 0.007023830139488892	false	1.0
arschgeburt	off 1.0		off 0.5593874962064649 neg 0.4338598338125548 __DUMMY__ 0.00675266998098056	false	1.0
schubs	neg 1.0		off 0.540074486755608 neg 0.4529180854805779 __DUMMY__ 0.0070074277638141926	false	0.5
unsolide	neg 1.0		off 0.5463220348115412 neg 0.4467112045217491 __DUMMY__ 0.00696676066670975	false	0.5
beschwerde	neg 1.0		off 0.5433265092829299 neg 0.44963915865082094 __DUMMY__ 0.0070343320662492725	false	0.5
stocken	neg 1.0		off 0.5418769897960398 neg 0.4510857205224659 __DUMMY__ 0.007037289681494312	false	0.5
isolieren	neg 1.0		off 0.5414551520948143 neg 0.45153770850979635 __DUMMY__ 0.007007139395389287	false	0.5
unheilbar	neg 1.0		off 0.5439900664226516 neg 0.4490113009077121 __DUMMY__ 0.006998632669636426	false	0.5
pisser	off 1.0	off 1.0	off 0.7631495683172164 neg 0.2335589583395383 __DUMMY__ 0.003291473343245376	false	1.0
löschen	neg 1.0		off 0.5450813886241394 neg 0.4479158774961365 __DUMMY__ 0.007002733879724091	false	0.5
durchfallen	neg 1.0		off 0.542613399589359 neg 0.450349988217835 __DUMMY__ 0.007036612192805942	false	0.5
wichser	off 1.0	off 1.0	off 0.7650361292110994 neg 0.23173805030017813 __DUMMY__ 0.0032258204887223385	false	1.0
terror	neg 1.0		off 0.5473431210252184 neg 0.4456838765282663 __DUMMY__ 0.0069730024465152205	false	0.5
krass	neg 1.0		off 0.5526725623114056 neg 0.4404453995145734 __DUMMY__ 0.00688203817402093	false	0.5
revolte	neg 1.0		off 0.5447735851807947 neg 0.44830401305646594 __DUMMY__ 0.006922401762739291	false	0.5
besorgt	neg 1.0		off 0.5440182983195396 neg 0.44893257753984006 __DUMMY__ 0.007049124140620248	false	0.5
nachlassen	neg 1.0		off 0.543036232307385 neg 0.44990880835674724 __DUMMY__ 0.0070549593358678764	false	0.5
alt	neg 1.0		off 0.5372424373190015 neg 0.4557853422335004 __DUMMY__ 0.006972220447498258	false	0.5
hundesohn	off 1.0	off 1.0	off 0.7650514339105924 neg 0.23171062344905735 __DUMMY__ 0.003237942640350302	false	1.0
als			off 0.5417724827199751 neg 0.4512126312817412 __DUMMY__ 0.007014885998283642	false	0.0
abschreckung	neg 1.0		off 0.5400071425218397 neg 0.452942034054004 __DUMMY__ 0.007050823424156235	false	0.5
unqualifiziert	neg 1.0		off 0.5481542867550585 neg 0.444886299293042 __DUMMY__ 0.006959413951899462	false	0.5
abgewichst	off 1.0		off 0.544896625073318 neg 0.44808155518656567 __DUMMY__ 0.007021819740116246	false	1.0
schwer	neg 1.0		off 0.5431728209662943 neg 0.44982317749227485 __DUMMY__ 0.007004001541430915	false	0.5
bedeutungslosigkeit	neg 1.0		off 0.5406988676644944 neg 0.45225130475178876 __DUMMY__ 0.0070498275837169	false	0.5
kapitulation	neg 1.0		off 0.5409169503002095 neg 0.45207106832094474 __DUMMY__ 0.007011981378845734	false	0.5
unscharf	neg 1.0		off 0.5426027638683372 neg 0.45047314727824767 __DUMMY__ 0.006924088853415185	false	0.5
schwinden	neg 1.0		off 0.539392143731194 neg 0.4535805243101618 __DUMMY__ 0.007027331958644266	false	0.5
versklavung	neg 1.0	neg 1.0	neg 0.7080641158121407 off 0.2886241357488245 __DUMMY__ 0.0033117484390349132	false	1.0
schlecht	neg 1.0		off 0.549974653755471 neg 0.44306936650661694 __DUMMY__ 0.0069559797379119175	false	0.5
verhasst	neg 1.0		off 0.5452112305313968 neg 0.44780701634058967 __DUMMY__ 0.006981753128013505	false	0.5
beschweren	neg 1.0		off 0.5467174849818331 neg 0.44628405017529355 __DUMMY__ 0.0069984648428733165	false	0.5
scheiden	neg 1.0		off 0.5433405688244588 neg 0.44967126492668963 __DUMMY__ 0.006988166248851627	false	0.5
frustriert	neg 1.0		off 0.5433901881652953 neg 0.4495845184935486 __DUMMY__ 0.007025293341156166	false	0.5
schimmelig	neg 1.0		off 0.5399450064180602 neg 0.453054642602384 __DUMMY__ 0.00700035097955581	false	0.5
fisch	neg 1.0		off 0.5357956367163808 neg 0.45719374153458564 __DUMMY__ 0.007010621749033619	false	0.5
schmuggel	neg 1.0		off 0.5410316292272995 neg 0.4518788036446131 __DUMMY__ 0.0070895671280873495	false	0.5
auffallen	neg 1.0		off 0.546091093045699 neg 0.4469304328230806 __DUMMY__ 0.006978474131220263	false	0.5
konkurrenz	neg 1.0		off 0.5411082899920197 neg 0.45182433715689735 __DUMMY__ 0.007067372851083173	false	0.5
teufelskreis	neg 1.0	neg 1.0	neg 0.709780030210691 off 0.2869016996809346 __DUMMY__ 0.003318270108374279	false	1.0
aufschreien	neg 1.0		off 0.5458757719962453 neg 0.4471643007527786 __DUMMY__ 0.006959927250976097	false	0.5
schuldner	neg 1.0		off 0.5379176072740355 neg 0.45507364701829145 __DUMMY__ 0.007008745707673059	false	0.5
missgeburt	off 1.0	off 1.0	off 0.7658117595855017 neg 0.23091992882599188 __DUMMY__ 0.0032683115885064964	false	1.0
arbeitslos	neg 1.0		off 0.5423525439729656 neg 0.4506123380912952 __DUMMY__ 0.007035117935739245	false	0.5
befallen	neg 1.0		off 0.5407024262316992 neg 0.4523266918515627 __DUMMY__ 0.006970881916738193	false	0.5
miesepetrig	off 1.0	off 1.0	off 0.7604934094219081 neg 0.23620730445541488 __DUMMY__ 0.003299286122677026	false	1.0
alarmieren	neg 1.0		off 0.5487976014517527 neg 0.4442438101790028 __DUMMY__ 0.006958588369244461	false	0.5
ungeduscht	off 1.0		off 0.5472286356687835 neg 0.44583015037969154 __DUMMY__ 0.006941213951524865	false	1.0
knappheit	neg 1.0		off 0.540145623797297 neg 0.45286366892057733 __DUMMY__ 0.006990707282125571	false	0.5
schlange	neg 1.0		off 0.5445562441141506 neg 0.4484416171687146 __DUMMY__ 0.00700213871713477	false	0.5
harsch	neg 1.0		off 0.5548629379295571 neg 0.4382076834082791 __DUMMY__ 0.006929378662163791	false	0.5
lang	neg 1.0		off 0.5458048650544801 neg 0.44719863022376494 __DUMMY__ 0.006996504721754829	false	0.5
ziellos	neg 1.0		off 0.5414383076035257 neg 0.451503748004163 __DUMMY__ 0.007057944392311345	false	0.5
selbstverliebt	neg 1.0		off 0.5584635257829673 neg 0.43473028732480806 __DUMMY__ 0.0068061868922247035	false	0.5
beseitigen	neg 1.0		off 0.5463453511568958 neg 0.4466182185939739 __DUMMY__ 0.0070364302491303645	false	0.5
dumm	off 1.0		off 0.5540305488480238 neg 0.43911248865485597 __DUMMY__ 0.006856962497120153	false	1.0
arbeitsloser	neg 1.0		off 0.5452751798240904 neg 0.4476476492735288 __DUMMY__ 0.0070771709023808235	false	0.5
blitzen	neg 1.0		off 0.5478743155270855 neg 0.4451621651264732 __DUMMY__ 0.006963519346441291	false	0.5
hilflos	neg 1.0		off 0.5421493197010581 neg 0.45082134484355335 __DUMMY__ 0.007029335455388693	false	0.5
eklig	off 1.0		off 0.5529597804284359 neg 0.4402108635872986 __DUMMY__ 0.006829355984265466	false	1.0
begriff			off 0.5441407068014813 neg 0.4488466252936956 __DUMMY__ 0.0070126679048228965	false	0.0
hungersnot	neg 1.0		off 0.5405772491280838 neg 0.4524267187003335 __DUMMY__ 0.006996032171582597	false	0.5
ungesetzlich	neg 1.0		off 0.5451013869551598 neg 0.4479376376763164 __DUMMY__ 0.006960975368523686	false	0.5
verschwendung	neg 1.0		off 0.5404438417240404 neg 0.4525096986242143 __DUMMY__ 0.007046459651745297	false	0.5
schmerzvoll	neg 1.0		off 0.54454819544093 neg 0.44847704438466485 __DUMMY__ 0.006974760174405045	false	0.5
vorzeitig	neg 1.0		off 0.5506008692537385 neg 0.4424232441799674 __DUMMY__ 0.006975886566294039	false	0.5
unvollkommenheit	neg 1.0		off 0.543845901463471 neg 0.4491245068730442 __DUMMY__ 0.0070295916634847255	false	0.5
intervenieren	neg 1.0		off 0.5395283347487834 neg 0.4534558392992591 __DUMMY__ 0.007015825951957398	false	0.5
banause	off 1.0		off 0.5523132254604172 neg 0.44090359156896897 __DUMMY__ 0.006783182970613911	false	1.0
rebell	neg 1.0		off 0.5358320716661807 neg 0.45711336052854534 __DUMMY__ 0.007054567805273915	false	0.5
unlogisch	neg 1.0		off 0.5509004080626974 neg 0.44219095374132733 __DUMMY__ 0.006908638195975363	false	0.5
leiden	neg 1.0		off 0.5422446625007135 neg 0.45065743585731266 __DUMMY__ 0.007097901641973826	false	0.5
abschaffung	neg 1.0		off 0.5439147305695259 neg 0.44911535401475844 __DUMMY__ 0.0069699154157157675	false	0.5
sturz	neg 1.0		off 0.5497297289558508 neg 0.44323448533537446 __DUMMY__ 0.007035785708774715	false	0.5
verkleinerung	neg 1.0		off 0.5449813019193931 neg 0.4481064503119183 __DUMMY__ 0.006912247768688565	false	0.5
schmarotzer	off 1.0		off 0.542564903222284 neg 0.4504179505224538 __DUMMY__ 0.0070171462552621215	false	1.0
bestrafung	neg 1.0	neg 1.0	neg 0.7074887919721063 off 0.28917573276907826 __DUMMY__ 0.00333547525881544	false	1.0
achtlos	neg 1.0		off 0.5431111429382839 neg 0.4498679537746447 __DUMMY__ 0.007020903287071446	false	0.5
