unsolidarisch	neg 1.0		__DUMMY__ 0.9221937629983853 off 0.04250002034850001 neg 0.03530621665311469	false	0.5
nachteilig	neg 1.0		__DUMMY__ 0.9295424169759331 off 0.03829804321439051 neg 0.032159539809676306	false	0.5
skeptisch	neg 1.0		__DUMMY__ 0.9287552395355164 off 0.037455812806653686 neg 0.03378894765782997	false	0.5
schrecklich	neg 1.0		__DUMMY__ 0.9182067258053974 off 0.04882899426391787 neg 0.0329642799306847	false	0.5
schlapp	neg 1.0	neg 1.0	neg 0.500974437048451 __DUMMY__ 0.4576492342137303 off 0.04137632873781857	false	1.0
abfall	neg 1.0		__DUMMY__ 0.9318579964897182 off 0.03479939365704235 neg 0.03334260985323943	false	0.5
widerspenstig	neg 1.0		__DUMMY__ 0.9241358596297901 off 0.0405080919823439 neg 0.035356048387865956	false	0.5
abrupt	neg 1.0		__DUMMY__ 0.9275376386195281 off 0.0367352562729219 neg 0.03572710510755006	false	0.5
unwirksam	neg 1.0		__DUMMY__ 0.919624094797669 off 0.041796722272580224 neg 0.038579182929750724	false	0.5
angreifen	neg 1.0		__DUMMY__ 0.9287694118910603 off 0.03707413322321134 neg 0.03415645488572826	false	0.5
inkonsistent	neg 1.0		__DUMMY__ 0.9217663906132721 off 0.04326439700462583 neg 0.03496921238210203	false	0.5
abrutschen	neg 1.0		__DUMMY__ 0.9311808032837662 off 0.034526749651897184 neg 0.03429244706433669	false	0.5
unsicher	neg 1.0		__DUMMY__ 0.9258477744508274 off 0.04120939328737184 neg 0.03294283226180076	false	0.5
bauernkind	off 1.0	off 1.0	off 0.5158048397747669 __DUMMY__ 0.45034708435984216 neg 0.033848075865390945	false	1.0
angreifer	neg 1.0		__DUMMY__ 0.9256820419639029 off 0.04451134384706163 neg 0.029806614189035536	false	0.5
trennen	neg 1.0		__DUMMY__ 0.9297633925018355 off 0.03659047547512114 neg 0.033646132023043354	false	0.5
schmutz	neg 1.0		__DUMMY__ 0.9276035128812601 off 0.0433401777390011 neg 0.029056309379738837	false	0.5
inkonsistenz	neg 1.0		__DUMMY__ 0.921619301399696 off 0.04550345147522001 neg 0.03287724712508403	false	0.5
erschreckend	neg 1.0		__DUMMY__ 0.9254061447847566 off 0.04082712062126212 neg 0.03376673459398129	false	0.5
ertrinken	neg 1.0		__DUMMY__ 0.9279904101490803 off 0.036530078693978965 neg 0.03547951115694068	false	0.5
pickelface	off 1.0		__DUMMY__ 0.9256460495064599 off 0.04166021153711921 neg 0.03269373895642087	false	1.0
seiner			__DUMMY__ 0.9293523149022248 off 0.03721187360288525 neg 0.033435811494889965	false	0.0
lauch	neg 1.0	neg 1.0	neg 0.5007471394692533 __DUMMY__ 0.46764623284132834 off 0.03160662768941839	false	1.0
unwichtig	neg 1.0		__DUMMY__ 0.921258037553718 off 0.04543422227489653 neg 0.03330774017138537	false	0.5
steuerhinterziehung	neg 1.0		__DUMMY__ 0.9242424657287166 off 0.04096218733152246 neg 0.034795346939760906	false	0.5
schock	neg 1.0		__DUMMY__ 0.9260918961612896 off 0.039833014153757375 neg 0.03407508968495308	false	0.5
beule	neg 1.0		__DUMMY__ 0.9187393440798315 off 0.046947609984414544 neg 0.03431304593575394	false	0.5
vergelten	neg 1.0		__DUMMY__ 0.919027707610059 off 0.0498728477886215 neg 0.031099444601319505	false	0.5
verdorbenheit	neg 1.0		__DUMMY__ 0.925178111397446 off 0.04175528515560809 neg 0.033066603446946036	false	0.5
trauma	neg 1.0		__DUMMY__ 0.9234219417028303 off 0.04247011613265012 neg 0.03410794216451957	false	0.5
sinnlos	neg 1.0		__DUMMY__ 0.9236068123168283 off 0.04299773360799456 neg 0.03339545407517716	false	0.5
fettsack	off 1.0	off 1.0	off 0.5169770120449371 __DUMMY__ 0.4511349414322685 neg 0.03188804652279448	false	1.0
feige	off 1.0	off 1.0	off 0.5124990986109748 __DUMMY__ 0.4563449868454619 neg 0.03115591454356328	false	1.0
abdanken	neg 1.0		__DUMMY__ 0.9258338110664274 off 0.04125145818141757 neg 0.0329147307521551	false	0.5
wichtigtuer	off 1.0	off 1.0	off 0.5098991252682356 __DUMMY__ 0.45970043513802616 neg 0.030400439593738296	false	1.0
misslingen	neg 1.0		__DUMMY__ 0.9284525268493599 off 0.0421369910636216 neg 0.029410482087018443	false	0.5
untreu	off 1.0		__DUMMY__ 0.9195565266200552 off 0.04649779017743428 neg 0.03394568320251055	false	1.0
missmutig	neg 1.0		__DUMMY__ 0.9210455154040894 off 0.044260342276776894 neg 0.03469414231913372	false	0.5
hurenbock	off 1.0		__DUMMY__ 0.9221199219657443 off 0.04119340624911182 neg 0.03668667178514387	false	1.0
betrunken	neg 1.0		__DUMMY__ 0.918245698911025 off 0.047820774732828884 neg 0.033933526356146056	false	0.5
korrupt	off 1.0		__DUMMY__ 0.9234875110504809 off 0.04072105829561571 neg 0.035791430653903444	false	1.0
unmut	neg 1.0		__DUMMY__ 0.9299917394973347 off 0.03604865037052157 neg 0.03395961013214368	false	0.5
hackfresse	off 1.0		__DUMMY__ 0.914095380230058 off 0.05263790100361637 neg 0.03326671876632565	false	1.0
aufblasen	neg 1.0		__DUMMY__ 0.9239876393679654 off 0.04136657596333992 neg 0.034645784668694724	false	0.5
gewaltsam	neg 1.0		__DUMMY__ 0.9272308446545271 off 0.040993596117839634 neg 0.03177555922763336	false	0.5
unbeliebtheit	neg 1.0		__DUMMY__ 0.9210681065984266 off 0.04661620328581023 neg 0.03231569011576311	false	0.5
sturheit	neg 1.0		__DUMMY__ 0.9269463264007732 off 0.0408182565893009 neg 0.03223541700992592	false	0.5
kuh	neg 1.0		__DUMMY__ 0.9169097778136089 off 0.04356753714208475 neg 0.039522685044306304	false	0.5
erschrecken	neg 1.0		__DUMMY__ 0.9218945681242731 off 0.04463754789935613 neg 0.033467883976370835	false	0.5
opfer	neg 1.0		__DUMMY__ 0.9293772213731425 off 0.03853938474365527 neg 0.032083393883202305	false	0.5
sinken	neg 1.0		__DUMMY__ 0.9280235026870981 off 0.036370478237866995 neg 0.035606019075034905	false	0.5
stinktier	neg 1.0		__DUMMY__ 0.9123013164032053 off 0.05084952934603506 neg 0.03684915425075968	false	0.5
tucke	off 1.0		__DUMMY__ 0.9095567419315711 off 0.054360406186779286 neg 0.03608285188164957	false	1.0
ein			__DUMMY__ 0.9228829770507574 off 0.04032719260157212 neg 0.036789830347670464	false	0.0
abstieg	neg 1.0		__DUMMY__ 0.9304346358456826 off 0.039576867743990225 neg 0.029988496410327043	false	0.5
missverstehen	neg 1.0		__DUMMY__ 0.9227485614418244 off 0.043789773133433484 neg 0.03346166542474218	false	0.5
ergebnislos	neg 1.0		__DUMMY__ 0.9304083650677681 off 0.038301953173206386 neg 0.03128968175902544	false	0.5
unter			__DUMMY__ 0.9364758020010474 neg 0.03243880686543238 off 0.031085391133520258	false	0.0
manipulieren	neg 1.0		__DUMMY__ 0.9289051367589238 off 0.0378547002745495 neg 0.03324016296652666	false	0.5
unbewiesen	neg 1.0		__DUMMY__ 0.9232097278305372 off 0.042716913877687744 neg 0.03407335829177497	false	0.5
verschleppen	neg 1.0		__DUMMY__ 0.9264952180969945 off 0.039271077643948396 neg 0.034233704259057175	false	0.5
weib	off 1.0		__DUMMY__ 0.911648532586873 off 0.0545944580169488 neg 0.0337570093961782	false	1.0
opposition	neg 1.0		__DUMMY__ 0.9224122069171588 off 0.042488714192491825 neg 0.03509907889034947	false	0.5
verkehrswidrig	neg 1.0		__DUMMY__ 0.921249929994104 off 0.04976424085131476 neg 0.028985829154581273	false	0.5
inkorrekt	neg 1.0		__DUMMY__ 0.9177486369800283 off 0.04904469975156669 neg 0.033206663268405	false	0.5
vermeiden	neg 1.0		__DUMMY__ 0.9332859973137527 off 0.03388896868266515 neg 0.03282503400358214	false	0.5
abweichung	neg 1.0		__DUMMY__ 0.9276609304435911 off 0.039395642041076435 neg 0.032943427515332434	false	0.5
alkoholisiert	neg 1.0		__DUMMY__ 0.9331755373525035 off 0.0363189567925485 neg 0.030505505854947976	false	0.5
scheiss	off 1.0	off 1.0	off 0.512862502262846 __DUMMY__ 0.4557727344062108 neg 0.03136476333094318	false	1.0
herausforderung	neg 1.0		__DUMMY__ 0.9270874617300997 off 0.03927782395596535 neg 0.03363471431393491	false	0.5
pervers	off 1.0		__DUMMY__ 0.9102575860710787 off 0.056510884517789434 neg 0.03323152941113196	false	1.0
wackelig	neg 1.0		__DUMMY__ 0.9274625787751193 off 0.038765478772650276 neg 0.03377194245223042	false	0.5
verwickeln	neg 1.0		__DUMMY__ 0.922937554951183 off 0.043081734303316556 neg 0.03398071074550045	false	0.5
vorwand	neg 1.0		__DUMMY__ 0.9294266004286147 off 0.03665432135081615 neg 0.033919078220569186	false	0.5
muschi	off 1.0		__DUMMY__ 0.9273387560250506 off 0.040740394987920446 neg 0.031920848987028926	false	1.0
entmutigung	neg 1.0		__DUMMY__ 0.9193083017820404 off 0.043816896341073795 neg 0.03687480187688581	false	0.5
unangemessen	neg 1.0		__DUMMY__ 0.9261967833851911 off 0.040497565631292656 neg 0.0333056509835163	false	0.5
unstetig	neg 1.0		__DUMMY__ 0.9231037013651128 off 0.044455279416238384 neg 0.03244101921864885	false	0.5
entmutigen	neg 1.0		__DUMMY__ 0.9238069471126537 off 0.04207551396034568 neg 0.03411753892700072	false	0.5
schwanz	neg 1.0		__DUMMY__ 0.9283238991398995 off 0.03876519253827119 neg 0.032910908321829364	false	0.5
verbot	neg 1.0		__DUMMY__ 0.9248361100341363 off 0.040407594629468344 neg 0.03475629533639527	false	0.5
leid	neg 1.0		__DUMMY__ 0.9166915027551084 off 0.050101453247801714 neg 0.033207043997089965	false	0.5
archaisch	neg 1.0		__DUMMY__ 0.9259244557646844 off 0.04018517642512346 neg 0.03389036781019213	false	0.5
gegen			__DUMMY__ 0.9310474862339079 off 0.03650345255794174 neg 0.03244906120815032	false	0.0
scheidung	neg 1.0		__DUMMY__ 0.9112421776782947 off 0.0595547271725827 neg 0.029203095149122553	false	0.5
einschlag	neg 1.0		__DUMMY__ 0.9214649170520536 off 0.04898163874554921 neg 0.0295534442023972	false	0.5
m			__DUMMY__ 0.9271616368487082 off 0.03929231727087212 neg 0.03354604588041972	false	0.0
abgestanden	neg 1.0		__DUMMY__ 0.9193208430935997 off 0.04070426329792189 neg 0.03997489360847836	false	0.5
schmierig	off 1.0		__DUMMY__ 0.9158325962378463 off 0.049915133539109896 neg 0.03425227022304369	false	1.0
unpraktisch	neg 1.0		__DUMMY__ 0.9247441990075354 off 0.0420821436724012 neg 0.03317365732006354	false	0.5
wixxer	off 1.0		__DUMMY__ 0.9087614043734048 off 0.056879803030896146 neg 0.034358792595699045	false	1.0
bezeichnet			__DUMMY__ 0.9255500769645124 off 0.04168356891220707 neg 0.032766354123280494	false	0.0
jammerlappen	off 1.0		__DUMMY__ 0.9206688092741111 off 0.04570953500909635 neg 0.03362165571679254	false	1.0
farce	neg 1.0		__DUMMY__ 0.9232702469978267 off 0.04173322910277585 neg 0.03499652389939741	false	0.5
zwecklos	neg 1.0		__DUMMY__ 0.926022339103893 off 0.03970257019224845 neg 0.03427509070385856	false	0.5
turbulent	neg 1.0		__DUMMY__ 0.9185964924668871 off 0.0473093792566232 neg 0.03409412827648971	false	0.5
invasion	neg 1.0		__DUMMY__ 0.922869421851184 off 0.04348441309266565 neg 0.03364616505615042	false	0.5
schuld	neg 1.0		__DUMMY__ 0.9240076278202367 off 0.04248906888535459 neg 0.03350330329440871	false	0.5
risiko	neg 1.0		__DUMMY__ 0.9215452992990096 off 0.04319788381751916 neg 0.035256816883471126	false	0.5
finster	neg 1.0		__DUMMY__ 0.9230282627049167 off 0.04039277499433115 neg 0.036578962300752194	false	0.5
geisteskrank	off 1.0		__DUMMY__ 0.9187311357570886 off 0.04794349676788191 neg 0.03332536747502941	false	1.0
zusammenbrechen	neg 1.0		__DUMMY__ 0.9254912863359844 off 0.0398094908991104 neg 0.03469922276490519	false	0.5
ausbeute	neg 1.0		__DUMMY__ 0.9280679858950981 off 0.039952396484092836 neg 0.03197961762080906	false	0.5
hinterhalt	neg 1.0		__DUMMY__ 0.9269810406852197 off 0.03980756000738226 neg 0.033211399307398026	false	0.5
kritik	neg 1.0		__DUMMY__ 0.9234599657576752 off 0.04154257037239914 neg 0.034997463869925687	false	0.5
einschrumpfen	neg 1.0		__DUMMY__ 0.919501408304889 off 0.04586910022709036 neg 0.03462949146802054	false	0.5
riskant	neg 1.0		__DUMMY__ 0.9280780458264299 off 0.03767176040566344 neg 0.03425019376790664	false	0.5
frustrieren	neg 1.0		__DUMMY__ 0.926913777807841 off 0.03845547637196511 neg 0.034630745820193834	false	0.5
groll	neg 1.0		__DUMMY__ 0.9272163328782415 off 0.039837684798599594 neg 0.032945982323158936	false	0.5
gibt			__DUMMY__ 0.9268163588015954 off 0.03947338951560377 neg 0.03371025168280079	false	0.0
qualvoll	neg 1.0		__DUMMY__ 0.9227269649265571 off 0.04295967259091806 neg 0.03431336248252478	false	0.5
wackeln	neg 1.0		__DUMMY__ 0.9246606521230729 off 0.04099359282715173 neg 0.034345755049775314	false	0.5
klagen	neg 1.0		__DUMMY__ 0.928578006959046 off 0.036931899880004386 neg 0.03449009316094958	false	0.5
bankrott	neg 1.0		__DUMMY__ 0.9227008571456896 off 0.04490810788216494 neg 0.03239103497214543	false	0.5
trauern	neg 1.0		__DUMMY__ 0.9317623846845465 off 0.03752321240491832 neg 0.03071440291053511	false	0.5
ablehnung	neg 1.0		__DUMMY__ 0.9240988926728032 off 0.04102715253533735 neg 0.034873954791859424	false	0.5
stur	neg 1.0		__DUMMY__ 0.9229931708469875 off 0.04246212474196937 neg 0.034544704411043084	false	0.5
aufruhr	neg 1.0		__DUMMY__ 0.9240956584440284 off 0.0415840830084043 neg 0.03432025854756727	false	0.5
melancholie	neg 1.0		__DUMMY__ 0.9260755258928856 neg 0.03708040990439768 off 0.03684406420271677	false	1.0
ist			__DUMMY__ 0.9235562566885464 off 0.04278770082736332 neg 0.033656042484090314	false	0.0
torheit	neg 1.0		__DUMMY__ 0.9240943381226779 off 0.042622291127097645 neg 0.03328337075022449	false	0.5
dreckskind	off 1.0		__DUMMY__ 0.9130054158853085 off 0.0537478863130729 neg 0.033246697801618666	false	1.0
umtauschen	neg 1.0		__DUMMY__ 0.9254123897163856 off 0.04021890727360491 neg 0.03436870301000953	false	0.5
zum			__DUMMY__ 0.9360568356167551 off 0.03387912017504732 neg 0.03006404420819753	false	0.0
zersetzen	neg 1.0		__DUMMY__ 0.927014942090233 off 0.03761521304456162 neg 0.03536984486520531	false	0.5
zur			__DUMMY__ 0.9332748604626516 off 0.03426103854803134 neg 0.032464100989317034	false	0.0
frust	neg 1.0		__DUMMY__ 0.9256908076097806 off 0.03966557309220665 neg 0.03464361929801274	false	0.5
unerbittlichkeit	neg 1.0		__DUMMY__ 0.9289829676271464 off 0.038260410475422814 neg 0.03275662189743085	false	0.5
zwei			__DUMMY__ 0.9329960680502015 off 0.03351346304846179 neg 0.03349046890133662	false	0.0
unkorrekt	neg 1.0		__DUMMY__ 0.918610891347802 off 0.04773994591729473 neg 0.03364916273490326	false	0.5
hexe	off 1.0		__DUMMY__ 0.9182733056685233 off 0.04500904760901836 neg 0.036717646722458315	false	1.0
lasch	neg 1.0		__DUMMY__ 0.9211435274053804 off 0.04506119873949512 neg 0.033795273855124465	false	0.5
rivale	neg 1.0		__DUMMY__ 0.9190235694651517 off 0.04878773230130637 neg 0.03218869823354184	false	0.5
mutlos	off 1.0	off 1.0	off 0.5058452690056959 __DUMMY__ 0.46324763967152305 neg 0.03090709132278087	false	1.0
wirr	off 1.0		__DUMMY__ 0.9162465968812971 off 0.04942375625654802 neg 0.03432964686215482	false	1.0
jahr			__DUMMY__ 0.9331247423747147 off 0.03709002193455302 neg 0.029785235690732294	false	0.0
wird			__DUMMY__ 0.9276472584205648 off 0.038855104814633855 neg 0.033497636764801296	false	0.0
strafbar	neg 1.0		__DUMMY__ 0.9284072354433937 off 0.03816379848161951 neg 0.03342896607498694	false	0.5
erosion	neg 1.0		__DUMMY__ 0.9255878245820565 off 0.04128460055104772 neg 0.03312757486689581	false	0.5
eingehen	neg 1.0		__DUMMY__ 0.9267604723105716 off 0.038346053847778824 neg 0.034893473841649515	false	0.5
faul	off 1.0		__DUMMY__ 0.9220034680662329 off 0.04454975705866867 neg 0.033446774875098395	false	1.0
provisorium	neg 1.0		__DUMMY__ 0.9369889563634194 neg 0.0320071706761142 off 0.03100387296046642	false	1.0
schmerzen	neg 1.0		__DUMMY__ 0.9243274000086666 off 0.03972882022697838 neg 0.03594377976435498	false	0.5
schrumpfen	neg 1.0		__DUMMY__ 0.9294663764723401 neg 0.03604655456111499 off 0.03448706896654491	false	1.0
geistlos	off 1.0		__DUMMY__ 0.9211751285946728 off 0.0442415056291198 neg 0.03458336577620741	false	1.0
fehlkauf	neg 1.0		__DUMMY__ 0.922533999213909 off 0.0435349018764291 neg 0.033931098909661825	false	0.5
frustrierend	neg 1.0		__DUMMY__ 0.9214893258405753 off 0.0446375288788473 neg 0.03387314528057742	false	0.5
unzufrieden	neg 1.0		__DUMMY__ 0.9265493866244726 off 0.039540005477047585 neg 0.03391060789847977	false	0.5
verzweifeln	neg 1.0		__DUMMY__ 0.9257735038417119 off 0.04052832595844792 neg 0.03369817019984016	false	0.5
verzweifelt	neg 1.0		__DUMMY__ 0.9229752204394424 off 0.04252271017645654 neg 0.03450206938410108	false	0.5
misstrauensantrag	neg 1.0		__DUMMY__ 0.9227324042419649 off 0.0428478718974074 neg 0.03441972386062761	false	0.5
abfallen	neg 1.0		__DUMMY__ 0.9241466965217153 off 0.04105230981523787 neg 0.03480099366304681	false	0.5
fucker	off 1.0		__DUMMY__ 0.9187548425740858 off 0.04861254759980656 neg 0.03263260982610764	false	1.0
ungezogen	neg 1.0		__DUMMY__ 0.9126728750008604 off 0.054459770170683625 neg 0.03286735482845597	false	0.5
irrsinnig	neg 1.0	neg 1.0	neg 0.5011627341380667 __DUMMY__ 0.4603498551723415 off 0.03848741068959176	false	1.0
unfassbar	neg 1.0		__DUMMY__ 0.9206352576312318 off 0.0464178814152702 neg 0.032946860953497956	false	0.5
hart	neg 1.0		__DUMMY__ 0.9180137870460819 off 0.04647017550959743 neg 0.03551603744432059	false	0.5
widerlich	off 1.0		__DUMMY__ 0.9197143531451424 off 0.04690814797453933 neg 0.033377498880318233	false	1.0
fatal	neg 1.0	neg 1.0	neg 0.5032598986832332 __DUMMY__ 0.4568713574728789 off 0.039868743843887916	false	1.0
bruch	neg 1.0		__DUMMY__ 0.9300100330649008 off 0.03570960344449775 neg 0.03428036349060141	false	0.5
aushungern	neg 1.0		__DUMMY__ 0.9245187524012684 off 0.04065686529705125 neg 0.03482438230168033	false	0.5
anspannung	neg 1.0		__DUMMY__ 0.9340683713855036 off 0.03383628357197911 neg 0.032095345042517244	false	0.5
von			__DUMMY__ 0.929656225283121 off 0.03659151606752499 neg 0.03375225864935406	false	0.0
kraftlos	neg 1.0		__DUMMY__ 0.9266705835147796 off 0.03885629076712008 neg 0.03447312571810028	false	0.5
vom			__DUMMY__ 0.9378738044540241 off 0.031265546576691505 neg 0.030860648969284393	false	0.0
grenzdebil	off 1.0		__DUMMY__ 0.9192208715146742 off 0.04664262953531172 neg 0.034136498950013965	false	1.0
vor			__DUMMY__ 0.9302566310512053 off 0.03584639116576999 neg 0.03389697778302476	false	0.0
unterwerfen	neg 1.0		__DUMMY__ 0.9285245613153741 off 0.038652205552416795 neg 0.03282323313220904	false	0.5
versenkung	neg 1.0		__DUMMY__ 0.9288087478249044 off 0.03832476318552205 neg 0.032866488989573596	false	0.5
entziehen	neg 1.0		__DUMMY__ 0.9295965286030037 off 0.03662188121161446 neg 0.03378159018538184	false	0.5
finanzkrise	neg 1.0		__DUMMY__ 0.9191341831902466 off 0.04124440356596462 neg 0.03962141324378873	false	0.5
schimpfend	neg 1.0		__DUMMY__ 0.9262154580283933 off 0.041428705278122355 neg 0.032355836693484345	false	0.5
profan	neg 1.0		__DUMMY__ 0.9222835297702101 off 0.0432933622001523 neg 0.034423108029637633	false	0.5
korruption	neg 1.0		__DUMMY__ 0.9241585678330295 off 0.04000322764108393 neg 0.03583820452588653	false	0.5
â			__DUMMY__ 0.9274012415628864 off 0.03876244739677415 neg 0.033836311040339476	false	0.0
schmutzig	neg 1.0		__DUMMY__ 0.9189751599319882 off 0.04677438198201155 neg 0.03425045808600017	false	0.5
sexy	neg 1.0		__DUMMY__ 0.9227836374143148 off 0.044517324106649665 neg 0.032699038479035485	false	0.5
abraten	neg 1.0		__DUMMY__ 0.924074088786842 off 0.04279771170436084 neg 0.0331281995087971	false	0.5
schwarz	neg 1.0		__DUMMY__ 0.9236752688224417 off 0.04322412402976623 neg 0.033100607147792116	false	0.5
fotze	off 1.0	off 1.0	off 0.5060113281054407 __DUMMY__ 0.46414874529563144 neg 0.029839926598927955	false	1.0
verwirren	neg 1.0		__DUMMY__ 0.922707382263757 off 0.04356586197078951 neg 0.03372675576545348	false	0.5
zahnlos	off 1.0		__DUMMY__ 0.9258026943134263 off 0.04038940603494486 neg 0.0338078996516287	false	1.0
verheeren	neg 1.0		__DUMMY__ 0.9117074123507066 off 0.05587164707893565 neg 0.032420940570357784	false	0.5
hippie	neg 1.0		__DUMMY__ 0.922408185912331 off 0.04433364473119512 neg 0.03325816935647384	false	0.5
rammen	neg 1.0		__DUMMY__ 0.9262624948383062 off 0.04121046117858514 neg 0.03252704398310855	false	0.5
unlauter	neg 1.0		__DUMMY__ 0.9223444960761711 off 0.043196352442751426 neg 0.03445915148107747	false	0.5
unheilvoll	neg 1.0		__DUMMY__ 0.9235820819396616 off 0.04192637100815884 neg 0.034491547052179564	false	0.5
niedrig	neg 1.0		__DUMMY__ 0.9254452113160008 off 0.03867036831621933 neg 0.03588442036777995	false	0.5
explosion	neg 1.0		__DUMMY__ 0.9230829243541067 off 0.04411665798108979 neg 0.03280041766480356	false	0.5
weichei	off 1.0	off 1.0	off 0.5164848524484367 __DUMMY__ 0.4511877993581219 neg 0.032327348193441414	false	1.0
minusmensch	off 1.0		__DUMMY__ 0.9114781692836805 off 0.05592821513638674 neg 0.032593615579932705	false	1.0
farblos	neg 1.0		__DUMMY__ 0.9247763121236494 off 0.04175849783592139 neg 0.03346519004042919	false	0.5
unwissend	neg 1.0	neg 1.0	neg 0.5012133757108769 __DUMMY__ 0.45736147451341996 off 0.041425149775703086	false	1.0
traurig	neg 1.0		__DUMMY__ 0.9186639635334832 off 0.04853049675569256 neg 0.03280553971082415	false	0.5
senkung	neg 1.0		__DUMMY__ 0.918498951554424 off 0.04375755427774934 neg 0.037743494167826734	false	0.5
ungleich	neg 1.0	neg 1.0	neg 0.5013026845331054 __DUMMY__ 0.4634092688947557 off 0.035288046572138784	false	1.0
heikel	neg 1.0		__DUMMY__ 0.9281942725723673 off 0.037770633517167404 neg 0.034035093910465254	false	0.5
drosselung	neg 1.0		__DUMMY__ 0.9169757493735232 off 0.04669074403797755 neg 0.03633350658849934	false	0.5
falsch	neg 1.0		__DUMMY__ 0.9225623543715189 off 0.044681724126358124 neg 0.03275592150212301	false	0.5
unzufriedenheit	neg 1.0		__DUMMY__ 0.9269135999331094 off 0.03777123104878352 neg 0.03531516901810708	false	0.5
kurz	neg 1.0		__DUMMY__ 0.9279614530053796 off 0.03924369843387335 neg 0.03279484856074706	false	0.5
unsinnig	neg 1.0		__DUMMY__ 0.9240618587993789 off 0.04078640137066429 neg 0.03515173982995686	false	0.5
penner	off 1.0	off 1.0	off 0.5180446457244974 __DUMMY__ 0.45070979966405345 neg 0.031245554611449095	false	1.0
seicht	neg 1.0		__DUMMY__ 0.9102040579154864 off 0.054197326516720504 neg 0.03559861556779309	false	0.5
dummheit	off 1.0	off 1.0	off 0.5101108400504274 __DUMMY__ 0.4581600943860856 neg 0.031729065563486945	false	1.0
unerfreulich	neg 1.0		__DUMMY__ 0.9286766252272368 off 0.03745336261172724 neg 0.03387001216103601	false	0.5
motherfucker	off 1.0	off 1.0	off 0.5139495810045657 __DUMMY__ 0.45570440458666006 neg 0.030346014408774335	false	1.0
pikiert	neg 1.0		__DUMMY__ 0.9194914171265518 off 0.04600453697104351 neg 0.034504045902404724	false	0.5
wrack	neg 1.0		__DUMMY__ 0.9321653917834785 off 0.03905871320177974 neg 0.02877589501474184	false	0.5
gangster	neg 1.0		__DUMMY__ 0.9221627920550073 off 0.04446211035891901 neg 0.033375097586073765	false	0.5
krank	neg 1.0		__DUMMY__ 0.920509173103858 off 0.04642928028724761 neg 0.033061546608894245	false	0.5
reich	neg 1.0		__DUMMY__ 0.9178516902997343 off 0.0448232785910493 neg 0.037325031109216346	false	0.5
gnadenlos	neg 1.0		__DUMMY__ 0.924738963442691 off 0.04228270539636183 neg 0.0329783311609471	false	0.5
niedergeschlagen	neg 1.0		__DUMMY__ 0.9277856017339877 off 0.03903721624223189 neg 0.03317718202378033	false	0.5
terrorisieren	off 1.0	off 1.0	off 0.5048942603040354 __DUMMY__ 0.46422990714574247 neg 0.030875832550222023	false	1.0
sinnlosigkeit	neg 1.0		__DUMMY__ 0.9263459694644008 off 0.03990919014982621 neg 0.03374484038577284	false	0.5
behindern	neg 1.0		__DUMMY__ 0.9248293201170077 off 0.04095392969468788 neg 0.0342167501883045	false	0.5
undemokratisch	neg 1.0		__DUMMY__ 0.9219732024198178 off 0.0437128066692973 neg 0.03431399091088477	false	0.5
wirtschaftskrise	neg 1.0		__DUMMY__ 0.9234474597125926 off 0.039692424966165527 neg 0.036860115321242004	false	0.5
neid	neg 1.0		__DUMMY__ 0.9219116460981731 off 0.04390436135890426 neg 0.03418399254292255	false	0.5
rutschen	neg 1.0		__DUMMY__ 0.9328469960151469 neg 0.033898430771990104 off 0.03325457321286303	false	1.0
rezession	neg 1.0		__DUMMY__ 0.9125879780431652 off 0.049077182727120056 neg 0.038334839229714805	false	0.5
fehlgeburt	neg 1.0		__DUMMY__ 0.9262521606948882 off 0.041096724436304646 neg 0.03265111486880718	false	0.5
charakterschwach	off 1.0		__DUMMY__ 0.9194526413752787 off 0.04659345222259429 neg 0.03395390640212698	false	1.0
isolation	neg 1.0		__DUMMY__ 0.9231480477839993 off 0.04450920338007824 neg 0.03234274883592244	false	0.5
ablenkung	neg 1.0		__DUMMY__ 0.926030252277963 off 0.04097449722652681 neg 0.03299525049551011	false	0.5
pech	neg 1.0		__DUMMY__ 0.9211990235595073 off 0.04447343105122958 neg 0.034327545389263074	false	0.5
vermeidung	neg 1.0		__DUMMY__ 0.9188197496095013 off 0.04651198247345914 neg 0.03466826791703959	false	0.5
dominieren	neg 1.0		__DUMMY__ 0.9265508865876457 off 0.04006598573696152 neg 0.03338312767539276	false	0.5
schwindlig	neg 1.0		__DUMMY__ 0.9230294871567633 off 0.042425503676344296 neg 0.03454500916689248	false	0.5
lutscher	neg 1.0		__DUMMY__ 0.9093754905900535 off 0.05541263966494555 neg 0.035211869745000984	false	0.5
pflicht	neg 1.0		__DUMMY__ 0.9300967979088756 off 0.03676427354643358 neg 0.03313892854469093	false	0.5
faschist	off 1.0		__DUMMY__ 0.9220671619306798 off 0.04490054740850193 neg 0.033032290660818225	false	1.0
verschleudern	neg 1.0		__DUMMY__ 0.9237635905616769 off 0.03855247380368696 neg 0.037683935634636186	false	0.5
wenn			__DUMMY__ 0.9205085515511086 off 0.04545185015310103 neg 0.03403959829579043	false	0.0
ehebruch	neg 1.0		__DUMMY__ 0.9265344259170721 off 0.0391866546849232 neg 0.03427891939800467	false	0.5
spott	off 1.0		__DUMMY__ 0.9282065874640393 off 0.03904511941219479 neg 0.03274829312376591	false	1.0
trostlosigkeit	neg 1.0		__DUMMY__ 0.9278902669861172 off 0.03667901929117278 neg 0.0354307137227101	false	0.5
lutschen	neg 1.0		__DUMMY__ 0.9227796939008466 off 0.044826309577720054 neg 0.03239399652143335	false	0.5
undiszipliniert	neg 1.0		__DUMMY__ 0.9186370744407323 off 0.047849505195766945 neg 0.03351342036350076	false	0.5
kopfschmerz	neg 1.0		__DUMMY__ 0.9243626460624981 off 0.03808996543136425 neg 0.03754738850613767	false	0.5
unvorhergesehen	neg 1.0		__DUMMY__ 0.9306108737543586 off 0.036155337842674176 neg 0.03323378840296735	false	0.5
desinteressiert	neg 1.0		__DUMMY__ 0.9188409410989999 off 0.047431654678103584 neg 0.03372740422289644	false	0.5
armselig	off 1.0		__DUMMY__ 0.917515020216406 off 0.049499172924869494 neg 0.03298580685872444	false	1.0
desaster	neg 1.0		__DUMMY__ 0.9284351954161143 off 0.03634488895796349 neg 0.035219915625922214	false	0.5
tod	neg 1.0		__DUMMY__ 0.9287944372168824 off 0.03784064889767696 neg 0.03336491388544066	false	0.5
herzlos	neg 1.0		__DUMMY__ 0.9175709122734211 off 0.04890741040391366 neg 0.033521677322665186	false	0.5
unwissenheit	neg 1.0		__DUMMY__ 0.9264276009270422 off 0.03961704024395286 neg 0.03395535882900485	false	0.5
widersinnig	neg 1.0		__DUMMY__ 0.9227873672760549 off 0.041002636531630846 neg 0.03620999619231429	false	0.5
bedenklich	neg 1.0		__DUMMY__ 0.9263402129608392 off 0.03891819688613662 neg 0.034741590153024214	false	0.5
beanstanden	neg 1.0		__DUMMY__ 0.9303643263003297 off 0.03724184007327548 neg 0.032393833626394704	false	0.5
panisch	neg 1.0		__DUMMY__ 0.9243137752191026 off 0.04256657114900328 neg 0.03311965363189411	false	0.5
debil	off 1.0		__DUMMY__ 0.9353000697587341 neg 0.03326726265526109 off 0.03143266758600475	false	0.5
abstrich	neg 1.0		__DUMMY__ 0.9276449498867241 off 0.038920793345229666 neg 0.03343425676804628	false	0.5
primitiv	neg 1.0		__DUMMY__ 0.919107004498576 off 0.04766777701648097 neg 0.03322521848494312	false	0.5
abschaum	off 1.0	off 1.0	off 0.5122298812850766 __DUMMY__ 0.45852791529999626 neg 0.029242203414927066	false	1.0
provozieren	neg 1.0		__DUMMY__ 0.9235641600196329 off 0.0422960485684894 neg 0.03413979141187756	false	0.5
tot	neg 1.0		__DUMMY__ 0.927695976267441 off 0.038983893103268115 neg 0.033320130629290894	false	0.5
instabil	neg 1.0		__DUMMY__ 0.9153254143646756 off 0.04970859423457259 neg 0.03496599140075178	false	0.5
schwuchtel	off 1.0	off 1.0	off 0.5239430482201202 __DUMMY__ 0.44555720299072055 neg 0.030499748789159276	false	1.0
zerren	neg 1.0		__DUMMY__ 0.9275421021621848 off 0.03913531454573401 neg 0.03332258329208125	false	0.5
kinderficker	off 1.0		__DUMMY__ 0.9154784976709577 off 0.05148814970102122 neg 0.03303335262802106	false	1.0
gefahr	neg 1.0		__DUMMY__ 0.929779873230725 off 0.03712424263283018 neg 0.03309588413644485	false	0.5
rabiat	neg 1.0		__DUMMY__ 0.9242342049913339 off 0.04076545610318648 neg 0.035000338905479635	false	0.5
verlangsamung	neg 1.0		__DUMMY__ 0.9128008953990728 off 0.053019163478994935 neg 0.034179941121932206	false	0.5
ausgestorben	neg 1.0		__DUMMY__ 0.926454751439891 off 0.04034992627230209 neg 0.033195322287807014	false	0.5
anklagen	neg 1.0		__DUMMY__ 0.9263071566096492 off 0.04018221045207886 neg 0.03351063293827183	false	0.5
trott	neg 1.0		__DUMMY__ 0.9252974293043399 off 0.041168772535654194 neg 0.033533798160005915	false	0.5
verminderung	neg 1.0		__DUMMY__ 0.9188350547976869 off 0.046480688829151184 neg 0.03468425637316198	false	0.5
nach			__DUMMY__ 0.9352036094539059 neg 0.032537883190191505 off 0.03225850735590262	false	0.0
rost	neg 1.0		__DUMMY__ 0.9160435181268474 off 0.05377658542411626 neg 0.030179896449036372	false	0.5
destruktiv	neg 1.0		__DUMMY__ 0.9241706507481137 off 0.04137499525135148 neg 0.0344543540005349	false	0.5
unzumutbarkeit	neg 1.0		__DUMMY__ 0.921244692057076 off 0.046539972224131726 neg 0.032215335718792336	false	0.5
labil	off 1.0	off 1.0	off 0.5116966881176608 __DUMMY__ 0.45766263752365866 neg 0.030640674358680522	false	1.0
ziemlich	neg 1.0		__DUMMY__ 0.9214212334497037 off 0.04608422961348083 neg 0.032494536936815484	false	0.5
lachnummer	off 1.0		__DUMMY__ 0.9248838659278593 off 0.04203550670513334 neg 0.03308062736700729	false	1.0
oder			__DUMMY__ 0.9255118812161219 off 0.04151511145384664 neg 0.03297300733003142	false	0.0
verfall	neg 1.0		__DUMMY__ 0.9298561473084862 neg 0.03561348740470689 off 0.03453036528680698	false	1.0
ausgrenzung	neg 1.0		__DUMMY__ 0.922019710594626 off 0.04358610118973707 neg 0.034394188215637	false	0.5
unordnung	neg 1.0		__DUMMY__ 0.9179836624792246 off 0.04988968934371447 neg 0.03212664817706091	false	0.5
fehlverhalten	neg 1.0		__DUMMY__ 0.9280102517509311 off 0.03827105125823952 neg 0.033718696990829314	false	0.5
eine			__DUMMY__ 0.9289312642923967 off 0.03626997284434122 neg 0.03479876286326209	false	0.0
nille	neg 1.0		__DUMMY__ 0.9257336333985406 off 0.041699582901711184 neg 0.032566783699748164	false	0.5
qual	neg 1.0		__DUMMY__ 0.9252814203568569 off 0.040923492155345305 neg 0.03379508748779773	false	0.5
verschwenden	neg 1.0		__DUMMY__ 0.9265208451236728 off 0.03779860805226672 neg 0.0356805468240605	false	0.5
riesig	neg 1.0		__DUMMY__ 0.929565203234898 off 0.03771629978511431 neg 0.03271849697998775	false	0.5
verurteilen	neg 1.0		__DUMMY__ 0.9261368213734784 off 0.04010448879080827 neg 0.03375868983571337	false	0.5
klischee	neg 1.0	neg 1.0	neg 0.5018790867122163 __DUMMY__ 0.45722629980750296 off 0.04089461348028086	false	1.0
diktatorisch	neg 1.0		__DUMMY__ 0.9220708454156943 off 0.04383756950429382 neg 0.034091585080011914	false	0.5
vorhersehbar	neg 1.0		__DUMMY__ 0.921234543027392 off 0.04419326446682153 neg 0.03457219250578651	false	0.5
sowie			__DUMMY__ 0.9143737895804502 off 0.05083219098802496 neg 0.03479401943152486	false	0.0
stornieren	neg 1.0		__DUMMY__ 0.9272712837688033 off 0.04347347934930017 neg 0.02925523688189657	false	0.5
besteuerung	neg 1.0	neg 1.0	neg 0.5044328440684606 __DUMMY__ 0.45723985361846575 off 0.03832730231307369	false	1.0
ungeschminkt	neg 1.0		__DUMMY__ 0.9197538924945211 off 0.04715761402683756 neg 0.03308849347864143	false	0.5
kritisch	neg 1.0		__DUMMY__ 0.9265253750151315 off 0.03971863815756047 neg 0.033755986827308036	false	0.5
schlamperei	off 1.0		__DUMMY__ 0.9277251865585566 off 0.038574737253366506 neg 0.033700076188076904	false	1.0
sucht	neg 1.0	neg 1.0	neg 0.4985987975827433 __DUMMY__ 0.46327148382774985 off 0.038129718589506825	false	1.0
egoistisch	off 1.0	off 1.0	off 0.5164005114808952 __DUMMY__ 0.45400150806092715 neg 0.029597980458177627	false	1.0
ausbeuter	off 1.0		__DUMMY__ 0.9258668540535991 off 0.038115548872196876 neg 0.03601759707420397	false	1.0
arschgeburt	off 1.0		__DUMMY__ 0.9068839899092238 off 0.05931525463550281 neg 0.033800755455273376	false	1.0
schubs	neg 1.0		__DUMMY__ 0.9257980504428618 off 0.03817282004064141 neg 0.03602912951649683	false	0.5
unsolide	neg 1.0		__DUMMY__ 0.9222186369704358 off 0.04402507957800801 neg 0.033756283451556186	false	0.5
beschwerde	neg 1.0		__DUMMY__ 0.9269416676807534 off 0.0398913255754262 neg 0.03316700674382042	false	0.5
stocken	neg 1.0		__DUMMY__ 0.9271842170557361 off 0.03896174189020276 neg 0.0338540410540612	false	0.5
isolieren	neg 1.0		__DUMMY__ 0.9250578393611487 off 0.039858014149171526 neg 0.0350841464896798	false	0.5
unheilbar	neg 1.0		__DUMMY__ 0.9242906717590393 off 0.04164537787191181 neg 0.03406395036904886	false	0.5
pisser	off 1.0	off 1.0	off 0.5143828709278283 __DUMMY__ 0.45670329698509954 neg 0.02891383208707225	false	1.0
löschen	neg 1.0		__DUMMY__ 0.9247501315549191 off 0.041822869153444596 neg 0.033426999291636214	false	0.5
durchfallen	neg 1.0		__DUMMY__ 0.9269646898524271 off 0.03938498769238578 neg 0.033650322455187086	false	0.5
wichser	off 1.0	off 1.0	off 0.5205490182036561 __DUMMY__ 0.448488339838076 neg 0.030962641958267922	false	1.0
terror	neg 1.0		__DUMMY__ 0.9229301003718594 off 0.04391618777892269 neg 0.033153711849217886	false	0.5
krass	neg 1.0		__DUMMY__ 0.9168230832389228 off 0.04996974616759594 neg 0.03320717059348126	false	0.5
revolte	neg 1.0		__DUMMY__ 0.9187525545473815 off 0.04500432569044268 neg 0.03624311976217583	false	0.5
besorgt	neg 1.0		__DUMMY__ 0.9280529891652408 off 0.03957126893312606 neg 0.03237574190163313	false	0.5
nachlassen	neg 1.0		__DUMMY__ 0.928719046616202 off 0.03857684949897248 neg 0.03270410388482554	false	0.5
alt	neg 1.0		__DUMMY__ 0.9232372005574179 neg 0.03888052146518527 off 0.03788227797739686	false	1.0
hundesohn	off 1.0	off 1.0	off 0.520050364420959 __DUMMY__ 0.44976123436791243 neg 0.03018840121112856	false	1.0
als			__DUMMY__ 0.9253892510872562 off 0.03970960039928426 neg 0.03490114851345954	false	0.0
abschreckung	neg 1.0		__DUMMY__ 0.927849196240848 off 0.03760912513325487 neg 0.034541678625897035	false	0.5
unqualifiziert	neg 1.0		__DUMMY__ 0.9214879136168173 off 0.04537534671482476 neg 0.03313673966835803	false	0.5
abgewichst	off 1.0		__DUMMY__ 0.9261600831384748 off 0.04094966266251469 neg 0.03289025419901051	false	1.0
schwer	neg 1.0		__DUMMY__ 0.9245448550961072 off 0.04092850771668591 neg 0.03452663718720694	false	0.5
bedeutungslosigkeit	neg 1.0		__DUMMY__ 0.9277539182440485 off 0.03801959486174544 neg 0.034226486894206105	false	0.5
kapitulation	neg 1.0		__DUMMY__ 0.9251250569794258 off 0.039542601757973535 neg 0.0353323412626007	false	0.5
unscharf	neg 1.0		__DUMMY__ 0.9198884673241668 off 0.04257191847463526 neg 0.03753961420119792	false	0.5
schwinden	neg 1.0		__DUMMY__ 0.9263343186219513 off 0.03806416808723199 neg 0.03560151329081679	false	0.5
versklavung	neg 1.0	neg 1.0	neg 0.5020271162731329 __DUMMY__ 0.4586413443690554 off 0.03933153935781181	false	1.0
schlecht	neg 1.0		__DUMMY__ 0.921547978034958 off 0.046266824374248984 neg 0.03218519759079308	false	0.5
verhasst	neg 1.0		__DUMMY__ 0.9230303358147458 off 0.04290867598100189 neg 0.034060988204252345	false	0.5
beschweren	neg 1.0		__DUMMY__ 0.9243519627130423 off 0.04301000503223303 neg 0.0326380322547247	false	0.5
scheiden	neg 1.0		__DUMMY__ 0.924307392081047 off 0.04094977430171274 neg 0.03474283361724033	false	0.5
frustriert	neg 1.0		__DUMMY__ 0.9261221215252826 off 0.040273771389983774 neg 0.033604107084733686	false	0.5
schimmelig	neg 1.0		__DUMMY__ 0.9255663687983389 off 0.038097970415760005 neg 0.036335660785901065	false	0.5
fisch	neg 1.0		__DUMMY__ 0.9263976030788976 neg 0.03825371716595518 off 0.03534867975514722	false	1.0
schmuggel	neg 1.0		__DUMMY__ 0.931049460122057 off 0.036366778322385974 neg 0.032583761555557	false	0.5
auffallen	neg 1.0		__DUMMY__ 0.9229817888022738 off 0.043359241068976075 neg 0.033658970128750076	false	0.5
konkurrenz	neg 1.0		__DUMMY__ 0.9289830079572706 off 0.03765755663498321 neg 0.033359435407746205	false	0.5
teufelskreis	neg 1.0	neg 1.0	neg 0.5034342071407544 __DUMMY__ 0.45924268504814836 off 0.03732310781109722	false	1.0
aufschreien	neg 1.0		__DUMMY__ 0.9215695412501297 off 0.043982229615332775 neg 0.034448229134537496	false	0.5
schuldner	neg 1.0		__DUMMY__ 0.9250226570340578 off 0.03785781330210768 neg 0.0371195296638345	false	0.5
missgeburt	off 1.0	off 1.0	off 0.5183383616392667 __DUMMY__ 0.45399721226679873 neg 0.027664426093934488	false	1.0
arbeitslos	neg 1.0		__DUMMY__ 0.9267260550774028 off 0.039403369107857446 neg 0.03387057581473974	false	0.5
befallen	neg 1.0		__DUMMY__ 0.9223853430536938 off 0.04080433754887563 neg 0.03681031939743062	false	0.5
miesepetrig	off 1.0	off 1.0	off 0.5111219267163478 __DUMMY__ 0.4578270161070535 neg 0.03105105717659872	false	1.0
alarmieren	neg 1.0		__DUMMY__ 0.9216158029952896 off 0.045775031899157555 neg 0.03260916510555285	false	0.5
ungeduscht	off 1.0		__DUMMY__ 0.9212780160884774 off 0.04447450641867819 neg 0.03424747749284445	false	1.0
knappheit	neg 1.0		__DUMMY__ 0.9239258747390552 off 0.03967465269217551 neg 0.03639947256876931	false	0.5
schlange	neg 1.0		__DUMMY__ 0.9248287827694115 off 0.0414390949338767 neg 0.03373212229671184	false	0.5
harsch	neg 1.0		__DUMMY__ 0.9200069638947993 off 0.049724410163144356 neg 0.03026862594205632	false	0.5
lang	neg 1.0		__DUMMY__ 0.9242545999649936 off 0.042479130069617836 neg 0.03326626996538861	false	0.5
ziellos	neg 1.0		__DUMMY__ 0.9285845907001524 off 0.03786183184697861 neg 0.033553577452869	false	0.5
selbstverliebt	neg 1.0		__DUMMY__ 0.9109630362626593 off 0.05650672084513811 neg 0.03253024289220259	false	0.5
beseitigen	neg 1.0		__DUMMY__ 0.9276011624118612 off 0.04113445447566553 neg 0.03126438311247327	false	0.5
dumm	off 1.0		__DUMMY__ 0.9146325641807151 off 0.052047179397523194 neg 0.03332025642176168	false	1.0
arbeitsloser	neg 1.0		__DUMMY__ 0.9298508046384065 off 0.039492139356510546 neg 0.03065705600508288	false	0.5
blitzen	neg 1.0		__DUMMY__ 0.9219806171186955 off 0.04481774317707926 neg 0.0332016397042252	false	0.5
hilflos	neg 1.0		__DUMMY__ 0.9265441745287153 off 0.03927974766735594 neg 0.03417607780392886	false	0.5
eklig	off 1.0		__DUMMY__ 0.9127840989111612 off 0.052361581592522514 neg 0.03485431949631627	false	1.0
begriff			__DUMMY__ 0.925314854986093 off 0.04110494043326568 neg 0.03358020458064136	false	0.0
hungersnot	neg 1.0		__DUMMY__ 0.9243336684329606 off 0.03969430216459194 neg 0.03597202940244749	false	0.5
ungesetzlich	neg 1.0		__DUMMY__ 0.9213495728504043 off 0.043975831312953816 neg 0.03467459583664197	false	0.5
verschwendung	neg 1.0		__DUMMY__ 0.9276360597662767 off 0.037841791462260736 neg 0.03452214877146262	false	0.5
schmerzvoll	neg 1.0		__DUMMY__ 0.9226762636110867 off 0.04265267185372169 neg 0.03467106453519156	false	0.5
vorzeitig	neg 1.0		__DUMMY__ 0.9231939937169524 off 0.04573194086092915 neg 0.031074065422118335	false	0.5
unvollkommenheit	neg 1.0		__DUMMY__ 0.9270792211176381 off 0.03988995106173433 neg 0.03303082782062765	false	0.5
intervenieren	neg 1.0		__DUMMY__ 0.9253179274509539 off 0.03865929603460015 neg 0.036022776514445944	false	0.5
banause	off 1.0		__DUMMY__ 0.9094322439266564 off 0.05375068984145968 neg 0.0368170662318839	false	1.0
rebell	neg 1.0		__DUMMY__ 0.9289050521639519 neg 0.036871510248239064 off 0.0342234375878089	false	1.0
unlogisch	neg 1.0		__DUMMY__ 0.9182773055892727 off 0.04840351508712648 neg 0.03331917932360094	false	0.5
leiden	neg 1.0		__DUMMY__ 0.9321784422926541 off 0.036202843606460366 neg 0.03161871410088551	false	0.5
abschaffung	neg 1.0		__DUMMY__ 0.9225157014368867 off 0.04248006041696466 neg 0.03500423814614875	false	0.5
sturz	neg 1.0		__DUMMY__ 0.9273594799325419 off 0.04311030066495624 neg 0.029530219402501917	false	0.5
verkleinerung	neg 1.0		__DUMMY__ 0.918299980507712 off 0.04526151086198948 neg 0.036438508630298586	false	0.5
schmarotzer	off 1.0		__DUMMY__ 0.9254765411819009 off 0.04021035555720021 neg 0.03431310326089894	false	1.0
bestrafung	neg 1.0	neg 1.0	neg 0.500185508212673 __DUMMY__ 0.4616542252337347 off 0.03816026655359234	false	1.0
achtlos	neg 1.0		__DUMMY__ 0.9259962593370203 off 0.04012586138525172 neg 0.0338778792777279	false	0.5
ungeheuer	neg 1.0		__DUMMY__ 0.9226091085254484 off 0.04156514610912276 neg 0.035825745365428825	false	0.5
