unsolidarisch	neg 1.0		__DUMMY__ 0.8753651798990305 off 0.06817643565888358 neg 0.056458384442085875	false	0.5
nachteilig	neg 1.0		__DUMMY__ 0.8837828106719883 off 0.06335540585240387 neg 0.052861783475607944	false	0.5
skeptisch	neg 1.0		__DUMMY__ 0.8829439699814017 off 0.0622610083639269 neg 0.05479502165467148	false	0.5
schrecklich	neg 1.0		__DUMMY__ 0.8704729783423791 off 0.07599884546544082 neg 0.05352817619218004	false	0.5
schlapp	neg 1.0	neg 1.0	neg 0.511603959109351 __DUMMY__ 0.4337891796738899 off 0.05460686121675912	false	1.0
abfall	neg 1.0		__DUMMY__ 0.8865657260446942 off 0.0590708034389048 neg 0.05436347051640097	false	0.5
widerspenstig	neg 1.0		__DUMMY__ 0.8774276136651541 off 0.06602174844169398 neg 0.056550637893152	false	0.5
abrupt	neg 1.0		__DUMMY__ 0.881486293822778 off 0.06142481768574665 neg 0.05708888849147525	false	0.5
unwirksam	neg 1.0		__DUMMY__ 0.872252130051163 off 0.06740595455186593 neg 0.060341915396971146	false	0.5
angreifen	neg 1.0		__DUMMY__ 0.8830270393605204 off 0.06174395679686952 neg 0.055229003842610196	false	0.5
inkonsistent	neg 1.0		__DUMMY__ 0.8746652864129887 off 0.06934121956676984 neg 0.05599349402024151	false	0.5
abrutschen	neg 1.0		__DUMMY__ 0.8857823867280091 off 0.058743924974818895 neg 0.05547368829717198	false	0.5
unsicher	neg 1.0		__DUMMY__ 0.879547709203413 off 0.06677129141662498 neg 0.05368099937996206	false	0.5
bauernkind	off 1.0	off 1.0	off 0.529015515741958 __DUMMY__ 0.4266815469470819 neg 0.04430293731096004	false	1.0
angreifer	neg 1.0		__DUMMY__ 0.8793365698284994 off 0.07076790090565653 neg 0.049895529265844056	false	0.5
trennen	neg 1.0		__DUMMY__ 0.8841357469359905 off 0.06125179412090924 neg 0.05461245894310027	false	0.5
schmutz	neg 1.0		__DUMMY__ 0.8813628683451824 off 0.06953810546913818 neg 0.049099026185679434	false	0.5
inkonsistenz	neg 1.0		__DUMMY__ 0.8745663715419728 off 0.07194894187912865 neg 0.05348468657889854	false	0.5
erschreckend	neg 1.0		__DUMMY__ 0.8790539373350137 off 0.0662715066526055 neg 0.05467455601238081	false	0.5
ertrinken	neg 1.0		__DUMMY__ 0.8820827585426047 off 0.061108347900305414 neg 0.05680889355708998	false	0.5
pickelface	off 1.0		__DUMMY__ 0.8792285271699066 off 0.06740459173011064 neg 0.053366881099982756	false	1.0
seiner			__DUMMY__ 0.8836601064352949 off 0.06198278229724486 neg 0.05435711126746025	false	0.0
lauch	neg 1.0	neg 1.0	neg 0.5115824741362367 __DUMMY__ 0.44355967792231654 off 0.04485784794144679	false	1.0
unwichtig	neg 1.0		__DUMMY__ 0.8741222323154909 off 0.0718768301821368 neg 0.05400093750237222	false	0.5
steuerhinterziehung	neg 1.0		__DUMMY__ 0.8776839725360452 off 0.06639511242927974 neg 0.05592091503467496	false	0.5
schock	neg 1.0		__DUMMY__ 0.8798634994731181 off 0.06511324069481368 neg 0.05502325983206827	false	0.5
beule	neg 1.0		__DUMMY__ 0.8709907977436494 off 0.07382826040117835 neg 0.05518094185517216	false	0.5
vergelten	neg 1.0		__DUMMY__ 0.8715401625681352 off 0.07716975074084843 neg 0.05129008669101638	false	0.5
verdorbenheit	neg 1.0		__DUMMY__ 0.878551523409897 off 0.06764651586531546 neg 0.05380196072478763	false	0.5
trauma	neg 1.0		__DUMMY__ 0.8766418527492031 off 0.06832820779613726 neg 0.0550299394546596	false	0.5
sinnlos	neg 1.0		__DUMMY__ 0.8768863634604093 off 0.06892786595680676 neg 0.05418577058278401	false	0.5
fettsack	off 1.0	off 1.0	off 0.5301671964872995 __DUMMY__ 0.42747512057040576 neg 0.04235768294229476	false	1.0
feige	off 1.0	off 1.0	off 0.525575139095402 __DUMMY__ 0.4326833052877414 neg 0.041741555616856676	false	1.0
abdanken	neg 1.0		__DUMMY__ 0.8795935351329671 off 0.06674293370536011 neg 0.05366353116167269	false	0.5
wichtigtuer	off 1.0	off 1.0	off 0.5230092899209348 __DUMMY__ 0.43593038463472816 neg 0.041060325444336986	false	1.0
misslingen	neg 1.0		__DUMMY__ 0.8823658812057656 off 0.06811163392686682 neg 0.04952248486736744	false	0.5
untreu	off 1.0		__DUMMY__ 0.8721631926898847 off 0.07311264933142149 neg 0.05472415797869383	false	1.0
missmutig	neg 1.0		__DUMMY__ 0.8738709063565319 off 0.0704496051542209 neg 0.05567948848924725	false	0.5
hurenbock	off 1.0		__DUMMY__ 0.8750594272038853 off 0.06684662795019537 neg 0.058093944845919315	false	1.0
betrunken	neg 1.0		__DUMMY__ 0.8705090284056713 off 0.07479698308911499 neg 0.05469398850521373	false	0.5
korrupt	off 1.0		__DUMMY__ 0.8768806557802779 off 0.06604079509966007 neg 0.05707854912006208	false	1.0
unmut	neg 1.0		__DUMMY__ 0.884431216598636 off 0.060532150820609205 neg 0.05503663258075481	false	0.5
hackfresse	off 1.0		__DUMMY__ 0.865658649482463 off 0.08057132309522735 neg 0.05377002742230969	false	1.0
aufblasen	neg 1.0		__DUMMY__ 0.8772792584156917 off 0.0670134523064941 neg 0.05570728927781424	false	0.5
gewaltsam	neg 1.0		__DUMMY__ 0.8811212191363444 off 0.0665669632148888 neg 0.05231181764876677	false	0.5
unbeliebtheit	neg 1.0		__DUMMY__ 0.8738977538356704 off 0.07326298554273124 neg 0.052839260621598355	false	0.5
sturheit	neg 1.0		__DUMMY__ 0.8808438424637796 off 0.06627183141289922 neg 0.052884326123321244	false	0.5
kuh	neg 1.0		__DUMMY__ 0.8689613268126679 off 0.06967150312179353 neg 0.06136717006553861	false	0.5
erschrecken	neg 1.0		__DUMMY__ 0.8748550323638262 off 0.07091404262194345 neg 0.05423092501423035	false	0.5
opfer	neg 1.0		__DUMMY__ 0.8836631850145371 off 0.06359527309015447 neg 0.05274154189530845	false	0.5
sinken	neg 1.0		__DUMMY__ 0.8821050049040992 off 0.060901358679602766 neg 0.05699363641629811	false	0.5
stinktier	neg 1.0		__DUMMY__ 0.8636261868051021 off 0.07833317689502414 neg 0.05804063629987383	false	0.5
tucke	off 1.0		__DUMMY__ 0.8603825807056887 off 0.08259797740320125 neg 0.05701944189111004	false	1.0
ein			__DUMMY__ 0.8760581695213061 off 0.06571743522650016 neg 0.05822439525219379	false	0.0
abstieg	neg 1.0		__DUMMY__ 0.8849030072030322 off 0.06484867211553559 neg 0.05024832068143228	false	0.5
missverstehen	neg 1.0		__DUMMY__ 0.8758978883464376 off 0.06986908989544979 neg 0.05423302175811255	false	0.5
ergebnislos	neg 1.0		__DUMMY__ 0.8848230666437634 off 0.06332876910184386 neg 0.05184816425439277	false	0.5
unter			__DUMMY__ 0.8919185433121626 off 0.05472631346910177 neg 0.05335514321873554	false	0.0
manipulieren	neg 1.0		__DUMMY__ 0.8831425666554109 off 0.06269987918640972 neg 0.054157554158179286	false	0.5
unbewiesen	neg 1.0		__DUMMY__ 0.8765428242395068 off 0.06844777695478571 neg 0.05500939880570756	false	0.5
verschleppen	neg 1.0		__DUMMY__ 0.8803218199576027 off 0.06437399935893318 neg 0.05530418068346401	false	0.5
weib	off 1.0		__DUMMY__ 0.8628379702368205 off 0.08286457245508592 neg 0.05429745730809357	false	1.0
opposition	neg 1.0		__DUMMY__ 0.8753876394583123 off 0.0683908574962067 neg 0.056221503045481014	false	0.5
verkehrswidrig	neg 1.0		__DUMMY__ 0.8738927289583652 off 0.07732265734846085 neg 0.04878461369317394	false	0.5
inkorrekt	neg 1.0		__DUMMY__ 0.8700949045014819 off 0.07612268773766695 neg 0.053782407760851275	false	0.5
vermeiden	neg 1.0		__DUMMY__ 0.8881189643185985 off 0.05810255133913154 neg 0.053778484342269964	false	0.5
abweichung	neg 1.0		__DUMMY__ 0.8816213956361069 off 0.06462167556967682 neg 0.05375692879421632	false	0.5
alkoholisiert	neg 1.0		__DUMMY__ 0.8878223556839735 off 0.06126247167465226 neg 0.05091517264137426	false	0.5
scheiss	off 1.0	off 1.0	off 0.526175187952797 __DUMMY__ 0.43189605814566706 neg 0.04192875390153595	false	1.0
herausforderung	neg 1.0		__DUMMY__ 0.8810509127810054 off 0.06440301222531279 neg 0.05454607499368172	false	0.5
pervers	off 1.0		__DUMMY__ 0.8612058621889831 off 0.08518303739185197 neg 0.053611100419164906	false	1.0
wackelig	neg 1.0		__DUMMY__ 0.8813182357338925 off 0.06394960198444093 neg 0.054732162281666705	false	0.5
verwickeln	neg 1.0		__DUMMY__ 0.8761638258156422 off 0.06898237217914063 neg 0.054853802005217125	false	0.5
vorwand	neg 1.0		__DUMMY__ 0.8837336301613111 off 0.06129233003598767 neg 0.05497403980270126	false	0.5
muschi	off 1.0		__DUMMY__ 0.8811838233131443 off 0.06632959172948742 neg 0.052486584957368354	false	1.0
entmutigung	neg 1.0		__DUMMY__ 0.8720171183816303 off 0.0697070530586794 neg 0.0582758285596902	false	0.5
unangemessen	neg 1.0		__DUMMY__ 0.8799692037849403 off 0.06589066259129091 neg 0.05414013362376891	false	0.5
unstetig	neg 1.0		__DUMMY__ 0.876200829879918 off 0.07079573445024827 neg 0.05300343566983374	false	0.5
entmutigen	neg 1.0		__DUMMY__ 0.8771489504693577 off 0.06781320828799424 neg 0.05503784124264815	false	0.5
schwanz	neg 1.0		__DUMMY__ 0.8822574915274564 off 0.06403576744587497 neg 0.05370674102666859	false	0.5
verbot	neg 1.0		__DUMMY__ 0.8784263808214192 off 0.06569034886135082 neg 0.05588327031723001	false	0.5
leid	neg 1.0		__DUMMY__ 0.8686755374734156 off 0.07757177633248667 neg 0.05375268619409766	false	0.5
archaisch	neg 1.0		__DUMMY__ 0.879617614565494 off 0.06552498479387785 neg 0.054857400640628155	false	0.5
gegen			__DUMMY__ 0.8857101052340686 off 0.061058817486750246 neg 0.05323107727918114	false	0.0
scheidung	neg 1.0		__DUMMY__ 0.8624656460579748 off 0.08873071230263567 neg 0.04880364163938945	false	0.5
einschlag	neg 1.0		__DUMMY__ 0.874209897660631 off 0.07629374501385221 neg 0.049496357325516764	false	0.5
m			__DUMMY__ 0.8809634458211129 off 0.06459202208054379 neg 0.05444453209834337	false	0.0
abgestanden	neg 1.0		__DUMMY__ 0.8717223530831393 off 0.06630423528322484 neg 0.06197341163363589	false	0.5
schmierig	off 1.0		__DUMMY__ 0.8677076512175531 off 0.07727552444422311 neg 0.055016824338223795	false	1.0
unpraktisch	neg 1.0		__DUMMY__ 0.878069217458251 off 0.06797943940050193 neg 0.05395134314124708	false	0.5
wixxer	off 1.0		__DUMMY__ 0.8594859165115124 off 0.08558225767786724 neg 0.054931825810620324	false	1.0
bezeichnet			__DUMMY__ 0.879187835242948 off 0.06734388961031496 neg 0.053468275146737125	false	0.0
jammerlappen	off 1.0		__DUMMY__ 0.873454898686573 off 0.07217009738599138 neg 0.05437500392743565	false	1.0
farce	neg 1.0		__DUMMY__ 0.876593267785251 off 0.06728598355892919 neg 0.056120748655819695	false	0.5
zwecklos	neg 1.0		__DUMMY__ 0.8797903192526101 off 0.06490676654437419 neg 0.0553029142030156	false	0.5
turbulent	neg 1.0		__DUMMY__ 0.871018377700525 off 0.0741234996270967 neg 0.05485812267237826	false	0.5
invasion	neg 1.0		__DUMMY__ 0.8759894611505674 off 0.06956094045356762 neg 0.05444959839586502	false	0.5
schuld	neg 1.0		__DUMMY__ 0.8773911043134033 off 0.06828821634478514 neg 0.054320679341811694	false	0.5
risiko	neg 1.0		__DUMMY__ 0.8744826364915075 off 0.06909502867632483 neg 0.05642233483216772	false	0.5
finster	neg 1.0		__DUMMY__ 0.8760153767900747 off 0.06597034411050579 neg 0.05801427909941944	false	0.5
geisteskrank	off 1.0		__DUMMY__ 0.8712102053549176 off 0.07483550209692462 neg 0.05395429254815775	false	1.0
zusammenbrechen	neg 1.0		__DUMMY__ 0.8791809556950869 off 0.06502258802050799 neg 0.05579645628440511	false	0.5
ausbeute	neg 1.0		__DUMMY__ 0.8820003360275224 off 0.06541890257141462 neg 0.052580761401062985	false	0.5
hinterhalt	neg 1.0		__DUMMY__ 0.8807343408120628 off 0.06521562141156617 neg 0.054050037776371115	false	0.5
kritik	neg 1.0		__DUMMY__ 0.8768265617646184 off 0.06704496625346493 neg 0.05612847198191674	false	0.5
einschrumpfen	neg 1.0		__DUMMY__ 0.8720751862280574 off 0.0723733802558568 neg 0.05555143351608588	false	0.5
riskant	neg 1.0		__DUMMY__ 0.8821747444187716 off 0.062497191408335435 neg 0.05532806417289286	false	0.5
frustrieren	neg 1.0		__DUMMY__ 0.8808332614457907 off 0.0634144103104921 neg 0.05575232824371723	false	0.5
groll	neg 1.0		__DUMMY__ 0.8811521074638156 off 0.06511160073591238 neg 0.053736291800272014	false	0.5
gibt			__DUMMY__ 0.8807319890073843 off 0.06463245714931501 neg 0.05463555384330068	false	0.0
qualvoll	neg 1.0		__DUMMY__ 0.8758348716005624 off 0.06890122416863838 neg 0.05526390423079928	false	0.5
wackeln	neg 1.0		__DUMMY__ 0.8781247532132161 off 0.06652626301047579 neg 0.05534898377630796	false	0.5
klagen	neg 1.0		__DUMMY__ 0.8827687069819807 off 0.06157572891177678 neg 0.05565556410624241	false	0.5
bankrott	neg 1.0		__DUMMY__ 0.875718165524981 off 0.07136254994493674 neg 0.052919284530082183	false	0.5
trauern	neg 1.0		__DUMMY__ 0.8863811022573567 off 0.06245074508028497 neg 0.051168152662358336	false	0.5
ablehnung	neg 1.0		__DUMMY__ 0.877565939172394 off 0.06642785399928107 neg 0.05600620682832491	false	0.5
stur	neg 1.0		__DUMMY__ 0.8762231461152881 off 0.06823597045192778 neg 0.055540883432784086	false	0.5
aufruhr	neg 1.0		__DUMMY__ 0.8775175860881345 off 0.06716245245405303 neg 0.05531996145781249	false	0.5
melancholie	neg 1.0		__DUMMY__ 0.8796669672741261 off 0.06162126863583953 neg 0.05871176409003439	false	0.5
ist			__DUMMY__ 0.8768480428484311 off 0.06866220197144722 neg 0.054489755180121766	false	0.0
torheit	neg 1.0		__DUMMY__ 0.8775089440324572 off 0.06842221016634698 neg 0.05406884580119594	false	0.5
dreckskind	off 1.0		__DUMMY__ 0.8644506636512803 off 0.08186006734514407 neg 0.05368926900357554	false	1.0
umtauschen	neg 1.0		__DUMMY__ 0.8788325948636919 off 0.06577769912889686 neg 0.05538970600741132	false	0.5
zum			__DUMMY__ 0.8913817081992731 off 0.05814399730331812 neg 0.05047429449740883	false	0.0
zersetzen	neg 1.0		__DUMMY__ 0.880950874151977 off 0.06238534758928698 neg 0.05666377825873596	false	0.5
zur			__DUMMY__ 0.88822829957669 off 0.058461455146742204 neg 0.05331024527656787	false	0.0
frust	neg 1.0		__DUMMY__ 0.8794475160962484 off 0.064822550847421 neg 0.05572993305633056	false	0.5
unerbittlichkeit	neg 1.0		__DUMMY__ 0.8832016703886716 off 0.06323243902194352 neg 0.05356589058938493	false	0.5
zwei			__DUMMY__ 0.8878649463295302 off 0.05763654830449719 neg 0.054498505365972685	false	0.0
unkorrekt	neg 1.0		__DUMMY__ 0.871021990241928 off 0.07465896348839211 neg 0.05431904626967994	false	0.5
hexe	off 1.0		__DUMMY__ 0.8705161750890082 off 0.07141537373899369 neg 0.058068451171998034	false	1.0
lasch	neg 1.0		__DUMMY__ 0.8740482825076542 off 0.07135609429988467 neg 0.05459562319246121	false	0.5
rivale	neg 1.0		__DUMMY__ 0.8714182877698263 off 0.07597978704533662 neg 0.05260192518483704	false	0.5
mutlos	off 1.0	off 1.0	off 0.5188991851082231 __DUMMY__ 0.4394399532896382 neg 0.04166086160213875	false	1.0
wirr	off 1.0		__DUMMY__ 0.8683127261582637 off 0.07662458455406175 neg 0.05506268928767453	false	1.0
jahr			__DUMMY__ 0.887932648427219 off 0.062002018932597366 neg 0.05006533264018366	false	0.0
wird			__DUMMY__ 0.8816362957672461 off 0.0639613385158089 neg 0.05440236571694499	false	0.0
strafbar	neg 1.0		__DUMMY__ 0.8825443671075466 off 0.06310070332479797 neg 0.05435492956765551	false	0.5
erosion	neg 1.0		__DUMMY__ 0.8791313525245357 off 0.06698174039410132 neg 0.05388690708136297	false	0.5
eingehen	neg 1.0		__DUMMY__ 0.8806740287051947 off 0.0632614923439553 neg 0.0560644789508499	false	0.5
faul	off 1.0		__DUMMY__ 0.8748270930070028 off 0.07095891611924109 neg 0.05421399087375618	false	1.0
provisorium	neg 1.0		__DUMMY__ 0.8924576906322172 off 0.054690828588706594 neg 0.05285148077907618	false	0.5
schmerzen	neg 1.0		__DUMMY__ 0.87757539303868 off 0.06515091078491532 neg 0.05727369617640459	false	0.5
schrumpfen	neg 1.0		__DUMMY__ 0.8838334719434012 off 0.05859861067562647 neg 0.057567917380972326	false	0.5
geistlos	off 1.0		__DUMMY__ 0.8741527790794752 off 0.07030649182803131 neg 0.055540729092493364	false	1.0
fehlkauf	neg 1.0		__DUMMY__ 0.8755844518779134 off 0.0696163729401811 neg 0.054799175181905406	false	0.5
frustrierend	neg 1.0		__DUMMY__ 0.8744304671114825 off 0.07086988258149192 neg 0.0546996503070255	false	0.5
unzufrieden	neg 1.0		__DUMMY__ 0.8804191714834135 off 0.06471159182462206 neg 0.05486923669196439	false	0.5
verzweifeln	neg 1.0		__DUMMY__ 0.8794766707184904 off 0.06592501939875167 neg 0.05459830988275796	false	0.5
verzweifelt	neg 1.0		__DUMMY__ 0.8762229574583073 off 0.06829584194503155 neg 0.05548120059666115	false	0.5
misstrauensantrag	neg 1.0		__DUMMY__ 0.875763672426233 off 0.06883708680037386 neg 0.05539924077339313	false	0.5
abfallen	neg 1.0		__DUMMY__ 0.8773997832284067 off 0.0667024827266288 neg 0.05589773404496444	false	0.5
fucker	off 1.0		__DUMMY__ 0.8712369981303506 off 0.07564380675603383 neg 0.05311919511361566	false	1.0
ungezogen	neg 1.0		__DUMMY__ 0.8639777873319039 off 0.08277552408593782 neg 0.05324668858215827	false	0.5
irrsinnig	neg 1.0	neg 1.0	neg 0.5118461922705214 __DUMMY__ 0.43658077358357666 off 0.051573034145901954	false	1.0
unfassbar	neg 1.0		__DUMMY__ 0.8734031340767302 off 0.0730537815818807 neg 0.05354308434138916	false	0.5
hart	neg 1.0		__DUMMY__ 0.8702591847419318 off 0.07316457033626216 neg 0.05657624492180602	false	0.5
widerlich	off 1.0		__DUMMY__ 0.8722939834736375 off 0.07365225314929083 neg 0.05405376337707164	false	1.0
fatal	neg 1.0	neg 1.0	neg 0.513857810857934 __DUMMY__ 0.43321468085875925 off 0.05292750828330663	false	1.0
bruch	neg 1.0		__DUMMY__ 0.884466292405388 off 0.060106738197256156 neg 0.05542696939735577	false	0.5
aushungern	neg 1.0		__DUMMY__ 0.878090975060157 off 0.0659496250725441 neg 0.05595939986729896	false	0.5
anspannung	neg 1.0		__DUMMY__ 0.8891201780755625 off 0.057975023463073205 neg 0.052904798461364276	false	0.5
von			__DUMMY__ 0.8840089929841035 off 0.06125551549070639 neg 0.054735491525190035	false	0.0
kraftlos	neg 1.0		__DUMMY__ 0.8804645456615204 off 0.06396156971308008 neg 0.05557388462539941	false	0.5
vom			__DUMMY__ 0.8934806834016836 off 0.055052014331223934 neg 0.0514673022670925	false	0.0
grenzdebil	off 1.0		__DUMMY__ 0.8717066004364076 off 0.07332702222548877 neg 0.05496637733810368	false	1.0
vor			__DUMMY__ 0.8847297592667971 off 0.06033032084084779 neg 0.05493991989235511	false	0.0
unterwerfen	neg 1.0		__DUMMY__ 0.882637276903697 off 0.06371758975321425 neg 0.05364513334308878	false	0.5
versenkung	neg 1.0		__DUMMY__ 0.8830844090197361 off 0.06324889453501212 neg 0.053666696445251814	false	0.5
entziehen	neg 1.0		__DUMMY__ 0.8839453746272156 off 0.061240531028791456 neg 0.054814094343992904	false	0.5
finanzkrise	neg 1.0		__DUMMY__ 0.8717455404234185 off 0.06665160556802527 neg 0.06160285400855634	false	0.5
schimpfend	neg 1.0		__DUMMY__ 0.8797431864290604 off 0.06725156740347667 neg 0.05300524616746299	false	0.5
profan	neg 1.0		__DUMMY__ 0.8753231461938251 off 0.06928596933074643 neg 0.05539088447542845	false	0.5
korruption	neg 1.0		__DUMMY__ 0.8776086478888407 off 0.06521905645217274 neg 0.05717229565898653	false	0.5
â			__DUMMY__ 0.8812274895114128 off 0.0639630286578035 neg 0.054809481830783595	false	0.0
schmutzig	neg 1.0		__DUMMY__ 0.8714351476525413 off 0.07346041113821539 neg 0.05510444120924341	false	0.5
sexy	neg 1.0		__DUMMY__ 0.8758619933697116 off 0.07082855328269748 neg 0.05330945334759096	false	0.5
abraten	neg 1.0		__DUMMY__ 0.8773885900464014 off 0.06875495948152704 neg 0.05385645047207147	false	0.5
schwarz	neg 1.0		__DUMMY__ 0.8769311470725581 off 0.06925323552437641 neg 0.05381561740306543	false	0.5
fotze	off 1.0	off 1.0	off 0.5192120241888748 __DUMMY__ 0.4402069833056134 neg 0.040580992505511816	false	1.0
verwirren	neg 1.0		__DUMMY__ 0.8758305872479576 off 0.06961177125034836 neg 0.05455764150169393	false	0.5
zahnlos	off 1.0		__DUMMY__ 0.8795457572307245 off 0.06571802648109436 neg 0.05473621628818118	false	1.0
verheeren	neg 1.0		__DUMMY__ 0.8629986298496539 off 0.08430658014512107 neg 0.05269479000522496	false	0.5
hippie	neg 1.0		__DUMMY__ 0.8754592544577242 off 0.07056405113286714 neg 0.05397669440940864	false	0.5
rammen	neg 1.0		__DUMMY__ 0.8797160246074716 off 0.06703501224506829 neg 0.053248963147460214	false	0.5
unlauter	neg 1.0		__DUMMY__ 0.8754161013194309 off 0.06913457471576413 neg 0.05544932396480502	false	0.5
unheilvoll	neg 1.0		__DUMMY__ 0.8767106499863807 off 0.06777698624101414 neg 0.0555123637726052	false	0.5
niedrig	neg 1.0		__DUMMY__ 0.8790131544743962 off 0.06373412478622853 neg 0.057252720739375255	false	0.5
explosion	neg 1.0		__DUMMY__ 0.8761904601699556 off 0.07036130895435905 neg 0.05344823087568527	false	0.5
weichei	off 1.0	off 1.0	off 0.5296312651546154 __DUMMY__ 0.4275586208003121 neg 0.042810114045072456	false	1.0
minusmensch	off 1.0		__DUMMY__ 0.8628143397423641 off 0.08431669758096487 neg 0.052868962676670975	false	1.0
farblos	neg 1.0		__DUMMY__ 0.8780514719231267 off 0.06765684258258987 neg 0.054291685494283516	false	0.5
unwissend	neg 1.0	neg 1.0	neg 0.51182095692255 __DUMMY__ 0.43361700060760777 off 0.05456204246984221	false	1.0
traurig	neg 1.0		__DUMMY__ 0.8710282517231143 off 0.07562903240198979 neg 0.05334271587489598	false	0.5
senkung	neg 1.0		__DUMMY__ 0.870871055831759 off 0.0698051877338585 neg 0.05932375643438256	false	0.5
ungleich	neg 1.0	neg 1.0	neg 0.5120652026183373 __DUMMY__ 0.43957350971317755 off 0.048361287668485256	false	1.0
heikel	neg 1.0		__DUMMY__ 0.8822832480359841 off 0.0626401731598652 neg 0.0550765788041506	false	0.5
drosselung	neg 1.0		__DUMMY__ 0.8690785124136894 off 0.0733826286161179 neg 0.057538858970192716	false	0.5
falsch	neg 1.0		__DUMMY__ 0.8756006454103238 off 0.07102371127055682 neg 0.05337564331911946	false	0.5
unzufriedenheit	neg 1.0		__DUMMY__ 0.8808758849506931 off 0.06253486414902175 neg 0.05658925090028503	false	0.5
kurz	neg 1.0		__DUMMY__ 0.8819131560499303 off 0.06452653830812358 neg 0.05356030564194617	false	0.5
unsinnig	neg 1.0		__DUMMY__ 0.877510528451427 off 0.06618596617519822 neg 0.056303505373374765	false	0.5
penner	off 1.0	off 1.0	off 0.531152083497252 __DUMMY__ 0.42713585489219885 neg 0.04171206161054918	false	1.0
seicht	neg 1.0		__DUMMY__ 0.8612963697678787 off 0.08224579065777264 neg 0.05645783957434864	false	0.5
dummheit	off 1.0	off 1.0	off 0.5231883556761019 __DUMMY__ 0.43445319050565645 neg 0.04235845381824167	false	1.0
unerfreulich	neg 1.0		__DUMMY__ 0.882844414424351 off 0.062272578990982035 neg 0.05488300658466695	false	0.5
motherfucker	off 1.0	off 1.0	off 0.5270257727998355 __DUMMY__ 0.43206142906369255 neg 0.04091279813647193	false	1.0
pikiert	neg 1.0		__DUMMY__ 0.8720706575568694 off 0.0725322076138178 neg 0.05539713482931287	false	0.5
wrack	neg 1.0		__DUMMY__ 0.8866483958067908 off 0.06448967742872184 neg 0.04886192676448743	false	0.5
gangster	neg 1.0		__DUMMY__ 0.8751577020367144 off 0.07073607564317728 neg 0.05410622232010824	false	0.5
krank	neg 1.0		__DUMMY__ 0.8731150222768933 off 0.07317892748276396 neg 0.053706050240342716	false	0.5
reich	neg 1.0		__DUMMY__ 0.8702175901645127 off 0.07106418889351446 neg 0.05871822094197276	false	0.5
gnadenlos	neg 1.0		__DUMMY__ 0.8782549515499563 off 0.06803939996407801 neg 0.05370564848596576	false	0.5
niedergeschlagen	neg 1.0		__DUMMY__ 0.8817859277893513 off 0.06422712865476615 neg 0.05398694355588247	false	0.5
terrorisieren	off 1.0	off 1.0	off 0.5179566308339978 __DUMMY__ 0.4404020932741103 neg 0.041641275891891906	false	1.0
sinnlosigkeit	neg 1.0		__DUMMY__ 0.8801419174097327 off 0.06517635914910196 neg 0.054681723441165286	false	0.5
behindern	neg 1.0		__DUMMY__ 0.8782316784358022 off 0.06656715306282782 neg 0.055201168501369975	false	0.5
undemokratisch	neg 1.0		__DUMMY__ 0.8750853715511404 off 0.06964745870424112 neg 0.055267169744618476	false	0.5
wirtschaftskrise	neg 1.0		__DUMMY__ 0.8767760801165239 off 0.06483304280705772 neg 0.05839087707641854	false	0.5
neid	neg 1.0		__DUMMY__ 0.874794384122714 off 0.07011380815321515 neg 0.0550918077240709	false	0.5
rutschen	neg 1.0		__DUMMY__ 0.8876297635486208 off 0.05733965882220271 neg 0.05503057762917645	false	0.5
rezession	neg 1.0		__DUMMY__ 0.8640848864095739 off 0.07605247509571113 neg 0.05986263849471501	false	0.5
fehlgeburt	neg 1.0		__DUMMY__ 0.8798553631593554 off 0.06682080872798686 neg 0.05332382811265781	false	0.5
charakterschwach	off 1.0		__DUMMY__ 0.87205474080199 off 0.07322054160337226 neg 0.05472471759463778	false	1.0
isolation	neg 1.0		__DUMMY__ 0.8762616075578304 off 0.07086241361542339 neg 0.05287597882674616	false	0.5
ablenkung	neg 1.0		__DUMMY__ 0.8796980359410227 off 0.06653733010355914 neg 0.05376463395541823	false	0.5
pech	neg 1.0		__DUMMY__ 0.8739125140046096 off 0.07086191284718889 neg 0.05522557314820165	false	0.5
vermeidung	neg 1.0		__DUMMY__ 0.8712233534002675 off 0.07320419050311919 neg 0.055572456096613404	false	0.5
dominieren	neg 1.0		__DUMMY__ 0.8803857074822516 off 0.06538937934016617 neg 0.054224913177582136	false	0.5
schwindlig	neg 1.0		__DUMMY__ 0.8759857099284708 off 0.06844602938331426 neg 0.05556826068821494	false	0.5
lutscher	neg 1.0		__DUMMY__ 0.8602029437771277 off 0.08381901807804529 neg 0.05597803814482708	false	0.5
pflicht	neg 1.0		__DUMMY__ 0.8845614764057207 off 0.06140045963939492 neg 0.05403806395488442	false	0.5
faschist	off 1.0		__DUMMY__ 0.8751639090265776 off 0.07112919692828429 neg 0.05370689404513799	false	1.0
verschleudern	neg 1.0		__DUMMY__ 0.8771813478330436 off 0.06344628036025804 neg 0.05937237180669835	false	0.5
wenn			__DUMMY__ 0.8732868810452251 off 0.07184581028400659 neg 0.05486730867076829	false	0.0
ehebruch	neg 1.0		__DUMMY__ 0.8803974396516859 off 0.06427829550833453 neg 0.05532426483997953	false	0.5
spott	off 1.0		__DUMMY__ 0.8823129086301477 off 0.06415935021609663 neg 0.05352774115375564	false	1.0
trostlosigkeit	neg 1.0		__DUMMY__ 0.8819788126716842 off 0.0612586407855512 neg 0.05676254654276461	false	0.5
lutschen	neg 1.0		__DUMMY__ 0.875824451622464 off 0.07123604955776972 neg 0.05293949881976621	false	0.5
undiszipliniert	neg 1.0		__DUMMY__ 0.870998097204571 off 0.07482546803691077 neg 0.054176434758518285	false	0.5
kopfschmerz	neg 1.0		__DUMMY__ 0.8776517852162339 off 0.06312726106081859 neg 0.05922095372294749	false	0.5
unvorhergesehen	neg 1.0		__DUMMY__ 0.8849075381006488 off 0.060920050191501186 neg 0.05417241170785006	false	0.5
desinteressiert	neg 1.0		__DUMMY__ 0.8712544201991617 off 0.07429419991427585 neg 0.05445137988656249	false	0.5
armselig	off 1.0		__DUMMY__ 0.8697757284266524 off 0.07671485666303869 neg 0.05350941491030884	false	1.0
desaster	neg 1.0		__DUMMY__ 0.8826608213667707 off 0.060823409121225865 neg 0.056515769512003544	false	0.5
tod	neg 1.0		__DUMMY__ 0.8828426334910191 off 0.062877509990978 neg 0.054279856518002774	false	0.5
herzlos	neg 1.0		__DUMMY__ 0.8697892841144595 off 0.07604031091552532 neg 0.05417040497001513	false	0.5
unwissenheit	neg 1.0		__DUMMY__ 0.8802259234668801 off 0.06483661360785914 neg 0.054937462925260826	false	0.5
widersinnig	neg 1.0		__DUMMY__ 0.876071879653095 off 0.06636749153433845 neg 0.05756062881256659	false	0.5
bedenklich	neg 1.0		__DUMMY__ 0.8801483518392175 off 0.06397577218763816 neg 0.05587587597314434	false	0.5
beanstanden	neg 1.0		__DUMMY__ 0.8848473898418545 off 0.06201102926036974 neg 0.05314158089777569	false	0.5
panisch	neg 1.0		__DUMMY__ 0.8775991716522494 off 0.0685291710033349 neg 0.05387165734441568	false	0.5
debil	off 1.0		__DUMMY__ 0.8904157759041029 off 0.055262822075853354 neg 0.05432140202004367	false	1.0
abstrich	neg 1.0		__DUMMY__ 0.8811900287210364 off 0.06448261883161313 neg 0.054327352447350395	false	0.5
primitiv	neg 1.0		__DUMMY__ 0.8716038288744999 off 0.07454637657793 neg 0.05384979454757005	false	0.5
abschaum	off 1.0	off 1.0	off 0.5253434754902591 __DUMMY__ 0.4347792053305258 neg 0.039877319179215144	false	1.0
provozieren	neg 1.0		__DUMMY__ 0.8768922957456422 off 0.06804080359901023 neg 0.0550669006553476	false	0.5
tot	neg 1.0		__DUMMY__ 0.8814466081495265 off 0.06434274259174443 neg 0.05421064925872913	false	0.5
instabil	neg 1.0		__DUMMY__ 0.8673044356160272 off 0.0768819851597456 neg 0.05581357922422707	false	0.5
schwuchtel	off 1.0	off 1.0	off 0.5369930881053009 __DUMMY__ 0.4221778001062143 neg 0.04082911178848477	false	1.0
zerren	neg 1.0		__DUMMY__ 0.8815062855337146 off 0.06430148550997634 neg 0.0541922289563091	false	0.5
kinderficker	off 1.0		__DUMMY__ 0.8674094008862252 off 0.07908801227820052 neg 0.053502586835574205	false	1.0
gefahr	neg 1.0		__DUMMY__ 0.8841760108062536 off 0.06183190129806683 neg 0.05399208789567967	false	0.5
rabiat	neg 1.0		__DUMMY__ 0.877728703372614 off 0.06617665241281498 neg 0.056094644214571054	false	0.5
verlangsamung	neg 1.0		__DUMMY__ 0.8642817200306577 off 0.08083662951528729 neg 0.054881650454055	false	0.5
ausgestorben	neg 1.0		__DUMMY__ 0.8802336582284913 off 0.06575331856721939 neg 0.054013023204289315	false	0.5
anklagen	neg 1.0		__DUMMY__ 0.880065324045994 off 0.0655206511351311 neg 0.054414024818874945	false	0.5
trott	neg 1.0		__DUMMY__ 0.8787961955769623 off 0.06682136446006891 neg 0.05438243996296873	false	0.5
verminderung	neg 1.0		__DUMMY__ 0.8712121166618729 off 0.07319931914870857 neg 0.05558856418941846	false	0.5
nach			__DUMMY__ 0.890413816578213 off 0.05617531881701561 neg 0.053410864604771485	false	0.0
rost	neg 1.0		__DUMMY__ 0.8679434769508607 off 0.08195328444086912 neg 0.0501032386082702	false	0.5
destruktiv	neg 1.0		__DUMMY__ 0.8775960606503983 off 0.06693596256058208 neg 0.055467976789019664	false	0.5
unzumutbarkeit	neg 1.0		__DUMMY__ 0.8740103336519185 off 0.07328281911749358 neg 0.05270684723058796	false	0.5
labil	off 1.0	off 1.0	off 0.5247781705482014 __DUMMY__ 0.43396802201407053 neg 0.041253807437728114	false	1.0
ziemlich	neg 1.0		__DUMMY__ 0.8742557910046842 off 0.07269478679705599 neg 0.05304942219825968	false	0.5
lachnummer	off 1.0		__DUMMY__ 0.8784894990622316 off 0.06768950879705696 neg 0.05382099214071142	false	1.0
oder			__DUMMY__ 0.8790500097816192 off 0.06722799068267452 neg 0.053721999535706375	false	0.0
verfall	neg 1.0		__DUMMY__ 0.8842576184050618 off 0.058706977283034666 neg 0.057035404311903425	false	0.5
ausgrenzung	neg 1.0		__DUMMY__ 0.8751027707861928 off 0.06952198377192176 neg 0.05537524544188551	false	0.5
unordnung	neg 1.0		__DUMMY__ 0.8702612681165092 off 0.07726302001766192 neg 0.05247571186582895	false	0.5
fehlverhalten	neg 1.0		__DUMMY__ 0.8821279771531103 off 0.06318078024484822 neg 0.05469124260204154	false	0.5
eine			__DUMMY__ 0.8831782439516938 off 0.060830665482052175 neg 0.05599109056625414	false	0.0
nille	neg 1.0		__DUMMY__ 0.8794035285663198 off 0.06738249058233654 neg 0.05321398085134375	false	0.5
qual	neg 1.0		__DUMMY__ 0.8787875175868413 off 0.06651225821199147 neg 0.05470022420116732	false	0.5
verschwenden	neg 1.0		__DUMMY__ 0.8803344952951191 off 0.06265548798534887 neg 0.05701001671953206	false	0.5
riesig	neg 1.0		__DUMMY__ 0.8836640879976246 off 0.06280947839161201 neg 0.053526433610763445	false	0.5
verurteilen	neg 1.0		__DUMMY__ 0.8799215805234392 off 0.06537858689178265 neg 0.05469983258477822	false	0.5
klischee	neg 1.0	neg 1.0	neg 0.5124903373385395 __DUMMY__ 0.4335608218746888 off 0.0539488407867717	false	1.0
diktatorisch	neg 1.0		__DUMMY__ 0.8752005729653788 off 0.06979573391388916 neg 0.05500369312073201	false	0.5
vorhersehbar	neg 1.0		__DUMMY__ 0.874195299518936 off 0.07028563035845681 neg 0.05551907012260718	false	0.5
sowie			__DUMMY__ 0.8660914114575148 off 0.0783075743474575 neg 0.05560101419502772	false	0.0
stornieren	neg 1.0		__DUMMY__ 0.8810561422202524 off 0.06965407963515637 neg 0.04928977814459122	false	0.5
besteuerung	neg 1.0	neg 1.0	neg 0.5150929946768847 __DUMMY__ 0.4334688988728418 off 0.05143810645027347	false	1.0
ungeschminkt	neg 1.0		__DUMMY__ 0.8721476967725841 off 0.07415217491347519 neg 0.053700128313940734	false	0.5
kritisch	neg 1.0		__DUMMY__ 0.880392675130465 off 0.06490917030258801 neg 0.05469815456694695	false	0.5
schlamperei	off 1.0		__DUMMY__ 0.8817598585030171 off 0.06356013165634729 neg 0.054680009840635695	false	1.0
sucht	neg 1.0	neg 1.0	neg 0.5093673098634177 __DUMMY__ 0.4391708948984915 off 0.05146179523809077	false	1.0
egoistisch	off 1.0	off 1.0	off 0.5295663432137258 __DUMMY__ 0.43031397045662695 neg 0.0401196863296473	false	1.0
ausbeuter	off 1.0		__DUMMY__ 0.879650892926596 off 0.06293435381660294 neg 0.057414753256800996	false	1.0
arschgeburt	off 1.0		__DUMMY__ 0.8574575021945606 off 0.08834162224080941 neg 0.05420087556462989	false	1.0
schubs	neg 1.0		__DUMMY__ 0.8792509118636411 off 0.06333651763930175 neg 0.05741257049705722	false	0.5
unsolide	neg 1.0		__DUMMY__ 0.8753363325856783 off 0.07007559408265449 neg 0.05458807333166713	false	0.5
beschwerde	neg 1.0		__DUMMY__ 0.8808389165586266 off 0.06514999929027686 neg 0.05401108415109649	false	0.5
stocken	neg 1.0		__DUMMY__ 0.8811104280767851 off 0.06402816236906739 neg 0.05486140955414755	false	0.5
isolieren	neg 1.0		__DUMMY__ 0.8786395808108788 off 0.06506357256785812 neg 0.05629684662126315	false	0.5
unheilbar	neg 1.0		__DUMMY__ 0.8777808754594054 off 0.06720888869734597 neg 0.05501023584324863	false	0.5
pisser	off 1.0	off 1.0	off 0.5275850142424621 __DUMMY__ 0.43292616274493967 neg 0.039488823012598276	false	1.0
löschen	neg 1.0		__DUMMY__ 0.8781875602234879 off 0.06756406698313126 neg 0.05424837279338083	false	0.5
durchfallen	neg 1.0		__DUMMY__ 0.8808663455837594 off 0.06456694775023665 neg 0.05456670666600394	false	0.5
wichser	off 1.0	off 1.0	off 0.5336429476822446 __DUMMY__ 0.4249865528728276 neg 0.041370499444927704	false	1.0
terror	neg 1.0		__DUMMY__ 0.8759963063538614 off 0.07014267459129434 neg 0.05386101905484424	false	0.5
krass	neg 1.0		__DUMMY__ 0.8687665241723409 off 0.07747090000160729 neg 0.05376257582605178	false	0.5
revolte	neg 1.0		__DUMMY__ 0.8713736075941341 off 0.07114241294046837 neg 0.057483979465397565	false	0.5
besorgt	neg 1.0		__DUMMY__ 0.8821115939671257 off 0.06483405573182793 neg 0.05305435030104636	false	0.5
nachlassen	neg 1.0		__DUMMY__ 0.8828239875855557 off 0.06370693362622255 neg 0.05346907878822176	false	0.5
alt	neg 1.0		__DUMMY__ 0.8763022392646749 off 0.06293153917087377 neg 0.06076622156445145	false	0.5
hundesohn	off 1.0	off 1.0	off 0.5330798127977234 __DUMMY__ 0.4263010141844351 neg 0.04061917301784132	false	1.0
als			__DUMMY__ 0.8790565549411264 off 0.06492246871158922 neg 0.056020976347284306	false	0.0
abschreckung	neg 1.0		__DUMMY__ 0.8819500309998984 off 0.0623572266986265 neg 0.05569274230147504	false	0.5
unqualifiziert	neg 1.0		__DUMMY__ 0.8744829792827137 off 0.0717213390258679 neg 0.05379568169141843	false	0.5
abgewichst	off 1.0		__DUMMY__ 0.8798320151518685 off 0.06654479862295481 neg 0.05362318622517679	false	1.0
schwer	neg 1.0		__DUMMY__ 0.8780758818106879 off 0.06638363640437951 neg 0.055540481784932656	false	0.5
bedeutungslosigkeit	neg 1.0		__DUMMY__ 0.8818294127299218 off 0.06286656778047923 neg 0.05530401948959896	false	0.5
kapitulation	neg 1.0		__DUMMY__ 0.8787716838265764 off 0.06465048755895893 neg 0.056577828614464594	false	0.5
unscharf	neg 1.0		__DUMMY__ 0.872353480668532 off 0.06859793346274591 neg 0.05904858586872207	false	0.5
schwinden	neg 1.0		__DUMMY__ 0.8801683824330252 off 0.06288105771026291 neg 0.0569505598567119	false	0.5
versklavung	neg 1.0	neg 1.0	neg 0.5126957027365442 __DUMMY__ 0.43495844317682936 off 0.05234585408662648	false	1.0
schlecht	neg 1.0		__DUMMY__ 0.8744357749060847 off 0.07289045351108722 neg 0.052673771582828016	false	0.5
verhasst	neg 1.0		__DUMMY__ 0.8762739055664642 off 0.06876576080498858 neg 0.0549603336285472	false	0.5
beschweren	neg 1.0		__DUMMY__ 0.8777738436085011 off 0.06894830393211587 neg 0.053277852459383	false	0.5
scheiden	neg 1.0		__DUMMY__ 0.8776125491380151 off 0.06656786610873011 neg 0.05581958475325484	false	0.5
frustriert	neg 1.0		__DUMMY__ 0.8798797534308279 off 0.0656244190983858 neg 0.054495827470786275	false	0.5
schimmelig	neg 1.0		__DUMMY__ 0.8788982137090993 off 0.06332766981290294 neg 0.05777411647799773	false	0.5
fisch	neg 1.0		__DUMMY__ 0.8798791302232757 neg 0.060123368142064856 off 0.05999750163465955	false	1.0
schmuggel	neg 1.0		__DUMMY__ 0.8856513545430843 off 0.060969879263292115 neg 0.05337876619362366	false	0.5
auffallen	neg 1.0		__DUMMY__ 0.8761632089528612 off 0.06935648930980108 neg 0.05448030173733777	false	0.5
konkurrenz	neg 1.0		__DUMMY__ 0.8833425514921351 off 0.06238777335069469 neg 0.05426967515717023	false	0.5
teufelskreis	neg 1.0	neg 1.0	neg 0.5141045667212548 __DUMMY__ 0.4355819242523058 off 0.05031350902643932	false	1.0
aufschreien	neg 1.0		__DUMMY__ 0.8745327756546295 off 0.0700782080967317 neg 0.055389016248638775	false	0.5
schuldner	neg 1.0		__DUMMY__ 0.8786230418335826 off 0.0626373154714197 neg 0.05873964269499769	false	0.5
missgeburt	off 1.0	off 1.0	off 0.5315616915485212 __DUMMY__ 0.43026445050034384 neg 0.03817385795113494	false	1.0
arbeitslos	neg 1.0		__DUMMY__ 0.8806229079649628 off 0.0645534463128085 neg 0.05482364572222874	false	0.5
befallen	neg 1.0		__DUMMY__ 0.8756011527155129 off 0.06612707894978107 neg 0.058271768334706035	false	0.5
miesepetrig	off 1.0	off 1.0	off 0.5243716389567653 __DUMMY__ 0.43395066439213426 neg 0.041677696651100375	false	1.0
alarmieren	neg 1.0		__DUMMY__ 0.8746233315782508 off 0.07217387057290914 neg 0.05320279784884019	false	0.5
ungeduscht	off 1.0		__DUMMY__ 0.8738778089872071 off 0.07097101342557777 neg 0.05515117758721503	false	1.0
knappheit	neg 1.0		__DUMMY__ 0.8772979497121899 off 0.06484393743144931 neg 0.05785811285636081	false	0.5
schlange	neg 1.0		__DUMMY__ 0.8782905726940734 off 0.06710532237245523 neg 0.054604104933471405	false	0.5
harsch	neg 1.0		__DUMMY__ 0.8726001616413182 off 0.077100504832334 neg 0.05029933352634778	false	0.5
lang	neg 1.0		__DUMMY__ 0.8776193307292676 off 0.06834803330274034 neg 0.05403263596799206	false	0.5
ziellos	neg 1.0		__DUMMY__ 0.8827354561510659 off 0.06276211550190865 neg 0.054502428347025504	false	0.5
selbstverliebt	neg 1.0		__DUMMY__ 0.8620861883501024 off 0.08513265182074682 neg 0.052781159829150694	false	0.5
beseitigen	neg 1.0		__DUMMY__ 0.8814720565446718 off 0.06677351688603138 neg 0.05175442656929682	false	0.5
dumm	off 1.0		__DUMMY__ 0.8663275353577604 off 0.0798312625729489 neg 0.053841202069290654	false	1.0
arbeitsloser	neg 1.0		__DUMMY__ 0.8842617191601932 off 0.06469808109960933 neg 0.05104019974019745	false	0.5
blitzen	neg 1.0		__DUMMY__ 0.8749586227240791 off 0.07115143488042489 neg 0.053889942395496056	false	0.5
hilflos	neg 1.0		__DUMMY__ 0.8803210664212052 off 0.06448011316716651 neg 0.05519882041162827	false	0.5
eklig	off 1.0		__DUMMY__ 0.8641503832335553 off 0.08020333926961788 neg 0.05564627749682676	false	1.0
begriff			__DUMMY__ 0.8789141467316287 off 0.06663810880962605 neg 0.054447744458745236	false	0.0
hungersnot	neg 1.0		__DUMMY__ 0.8777792336518573 off 0.0648759833484377 neg 0.05734478299970502	false	0.5
ungesetzlich	neg 1.0		__DUMMY__ 0.8744475770292848 off 0.06987569786355553 neg 0.05567672510715965	false	0.5
verschwendung	neg 1.0		__DUMMY__ 0.8816364958027931 off 0.0627072526916431 neg 0.05565625150556372	false	0.5
schmerzvoll	neg 1.0		__DUMMY__ 0.8758170348818041 off 0.06848858624642996 neg 0.055694378871766016	false	0.5
vorzeitig	neg 1.0		__DUMMY__ 0.8763650862427492 off 0.07227756081449341 neg 0.05135735294275734	false	0.5
unvollkommenheit	neg 1.0		__DUMMY__ 0.8808732733700453 off 0.06528790645670521 neg 0.05383882017324942	false	0.5
intervenieren	neg 1.0		__DUMMY__ 0.879012383493794 off 0.0635759236620376 neg 0.05741169284416846	false	0.5
banause	off 1.0		__DUMMY__ 0.8602872423028863 off 0.08180054577198713 neg 0.057912211925126494	false	1.0
rebell	neg 1.0		__DUMMY__ 0.8829656930626809 off 0.0585427226758658 neg 0.0584915842614533	false	0.5
unlogisch	neg 1.0		__DUMMY__ 0.8705894320538684 off 0.07546944431419493 neg 0.05394112363193662	false	0.5
leiden	neg 1.0		__DUMMY__ 0.886705322889182 off 0.061014828084660674 neg 0.05227984902615723	false	0.5
abschaffung	neg 1.0		__DUMMY__ 0.875602580853909 off 0.06826112773129497 neg 0.05613629141479612	false	0.5
sturz	neg 1.0		__DUMMY__ 0.8812667239877091 off 0.06914078960425438 neg 0.04959248640803653	false	0.5
verkleinerung	neg 1.0		__DUMMY__ 0.8707735249877049 off 0.07151249973096384 neg 0.05771397528133125	false	0.5
schmarotzer	off 1.0		__DUMMY__ 0.8791583416567487 off 0.06550317719794438 neg 0.05533848114530684	false	1.0
bestrafung	neg 1.0	neg 1.0	neg 0.5108938084986089 __DUMMY__ 0.43783204288711625 off 0.051274148614274935	false	1.0
achtlos	neg 1.0		__DUMMY__ 0.8796935576247802 off 0.0654799059343441 neg 0.05482653644087571	false	0.5
ungeheuer	neg 1.0		__DUMMY__ 0.875691402186317 off 0.06720887926218004 neg 0.05709971855150299	false	0.5
unaufrichtig	neg 1.0		__DUMMY__ 0.8753005522704458 off 0.0716477368559244 neg 0.05305171087362978	false	0.5
