unsolidarisch	neg 1.0		off 0.3707771664312438 __DUMMY__ 0.3228297288769596 neg 0.3063931046917966	false	0.5
nachteilig	neg 1.0		off 0.3681452936159962 __DUMMY__ 0.3271324338384954 neg 0.30472227254550854	false	0.5
skeptisch	neg 1.0		off 0.36609695679366355 __DUMMY__ 0.3268244433386951 neg 0.3070785998676413	false	0.5
schrecklich	neg 1.0		off 0.37999073167619263 __DUMMY__ 0.31997164366892095 neg 0.3000376246548865	false	0.5
schlapp	neg 1.0	neg 1.0	neg 0.6374629813150422 off 0.20774698210661302 __DUMMY__ 0.15479003657834475	false	1.0
abfall	neg 1.0		off 0.36323903808179425 __DUMMY__ 0.3286895050313512 neg 0.3080714568868545	false	0.5
widerspenstig	neg 1.0		off 0.36923313752094744 __DUMMY__ 0.32367785876601646 neg 0.30708900371303605	false	0.5
abrupt	neg 1.0		off 0.36454243623128707 __DUMMY__ 0.32581123478249935 neg 0.3096463289862135	false	0.5
unwirksam	neg 1.0		off 0.368611733194227 __DUMMY__ 0.3210006208613262 neg 0.31038764594444684	false	0.5
angreifen	neg 1.0		off 0.3653184125650667 __DUMMY__ 0.32692872248568483 neg 0.3077528649492484	false	0.5
inkonsistent	neg 1.0		off 0.37272661926672357 __DUMMY__ 0.3221531578141472 neg 0.30512022291912916	false	0.5
abrutschen	neg 1.0		off 0.3624566024422256 __DUMMY__ 0.32832562587580866 neg 0.3092177716819657	false	0.5
unsicher	neg 1.0		off 0.3709456610753446 __DUMMY__ 0.3249856009494755 neg 0.30406873797517986	false	0.5
bauernkind	off 1.0	off 1.0	off 0.6799896090453609 neg 0.16800847110262285 __DUMMY__ 0.15200191985201625	false	1.0
angreifer	neg 1.0		off 0.376486862322498 __DUMMY__ 0.3247395591317393 neg 0.2987735785457626	false	0.5
trennen	neg 1.0		off 0.36536985054093857 __DUMMY__ 0.3274140103060732 neg 0.3072161391529883	false	0.5
schmutz	neg 1.0		off 0.3759912399668008 __DUMMY__ 0.3255070390577091 neg 0.29850172097549005	false	0.5
inkonsistenz	neg 1.0		off 0.3760333872306474 __DUMMY__ 0.3222380156530065 neg 0.30172859711634614	false	0.5
erschreckend	neg 1.0		off 0.3699202491119782 __DUMMY__ 0.3247765381068834 neg 0.3053032127811385	false	0.5
ertrinken	neg 1.0		off 0.3641232625063988 __DUMMY__ 0.3263368187968484 neg 0.3095399186967528	false	0.5
pickelface	off 1.0		off 0.37187426658132156 __DUMMY__ 0.32470063748657285 neg 0.30342509593210565	false	1.0
seiner			off 0.3660906610479081 __DUMMY__ 0.32721017205646086 neg 0.30669916689563104	false	0.0
lauch	neg 1.0	neg 1.0	neg 0.6403993641803104 off 0.2009757620078907 __DUMMY__ 0.1586248738117989	false	1.0
unwichtig	neg 1.0		off 0.37574767118260144 __DUMMY__ 0.32203520491215487 neg 0.30221712390524363	false	0.5
steuerhinterziehung	neg 1.0		off 0.3694368152841752 __DUMMY__ 0.32394839990694796 neg 0.30661478480887683	false	0.5
schock	neg 1.0		off 0.3688479915220279 __DUMMY__ 0.3251341314347106 neg 0.30601787704326144	false	0.5
beule	neg 1.0		off 0.3774181011136771 __DUMMY__ 0.32008696688189353 neg 0.3024949320044294	false	0.5
vergelten	neg 1.0		off 0.38197605979571103 __DUMMY__ 0.32050183429883317 neg 0.29752210590545586	false	0.5
verdorbenheit	neg 1.0		off 0.3722350390559421 __DUMMY__ 0.32417457865368765 neg 0.3035903822903701	false	0.5
trauma	neg 1.0		off 0.3719164000918373 __DUMMY__ 0.32341045660629936 neg 0.30467314330186324	false	0.5
sinnlos	neg 1.0		off 0.3727838783453961 __DUMMY__ 0.32353798666590766 neg 0.3036781349886961	false	0.5
fettsack	off 1.0	off 1.0	off 0.6813465326880169 neg 0.1663094805531316 __DUMMY__ 0.15234398675885155	false	1.0
feige	off 1.0	off 1.0	off 0.6781318996366488 neg 0.1673616151605897 __DUMMY__ 0.1545064852027615	false	1.0
abdanken	neg 1.0		off 0.3707444850365714 __DUMMY__ 0.3250180778207626 neg 0.3042374371426658	false	0.5
wichtigtuer	off 1.0	off 1.0	off 0.6765963908094962 neg 0.16764482266591185 __DUMMY__ 0.15575878652459205	false	1.0
misslingen	neg 1.0		off 0.3744663941339368 __DUMMY__ 0.3261284216052809 neg 0.2994051842607823	false	0.5
untreu	off 1.0		off 0.37655971765902446 __DUMMY__ 0.321007359918035 neg 0.3024329224229407	false	1.0
missmutig	neg 1.0		off 0.37367190697573704 __DUMMY__ 0.3218356287219352 neg 0.30449246430232757	false	0.5
hurenbock	off 1.0		off 0.3694717454519197 __DUMMY__ 0.32227351089976547 neg 0.3082547436483148	false	1.0
betrunken	neg 1.0		off 0.3783887074651873 __DUMMY__ 0.31996264745648473 neg 0.3016486450783279	false	0.5
korrupt	off 1.0		off 0.36846361922622484 __DUMMY__ 0.32365160943076443 neg 0.30788477134301084	false	1.0
unmut	neg 1.0		off 0.36425586202920396 __DUMMY__ 0.32765110096005473 neg 0.30809303701074126	false	0.5
hackfresse	off 1.0		off 0.3842798481046943 __DUMMY__ 0.31737980406629646 neg 0.2983403478290092	false	1.0
aufblasen	neg 1.0		off 0.3704385356195027 __DUMMY__ 0.3236438116114536 neg 0.3059176527690438	false	0.5
gewaltsam	neg 1.0		off 0.37148283395894627 __DUMMY__ 0.32567818048364033 neg 0.30283898555741334	false	0.5
unbeliebtheit	neg 1.0		off 0.37752820598572184 __DUMMY__ 0.3217713803190671 neg 0.300700413695211	false	0.5
sturheit	neg 1.0		off 0.3706749226536968 __DUMMY__ 0.32569933562813735 neg 0.30362574171816586	false	0.5
kuh	neg 1.0		off 0.370710979519991 __DUMMY__ 0.31905512936463676 neg 0.3102338911153722	false	0.5
erschrecken	neg 1.0		off 0.37472031411386614 __DUMMY__ 0.32239911542810823 neg 0.3028805704580256	false	0.5
opfer	neg 1.0		off 0.36833005496235377 __DUMMY__ 0.3271751134318493 neg 0.30449483160579693	false	0.5
sinken	neg 1.0		off 0.36379849906512374 __DUMMY__ 0.3262801483614692 neg 0.3099213525734071	false	0.5
stinktier	neg 1.0		off 0.38018104045506096 __DUMMY__ 0.3163169718092468 neg 0.3035019877356922	false	0.5
tucke	off 1.0		off 0.38484283270751984 __DUMMY__ 0.3145045745928501 neg 0.3006525926996301	false	1.0
ein			off 0.3681238874166762 __DUMMY__ 0.322993838210233 neg 0.3088822743730908	false	0.0
abstieg	neg 1.0		off 0.3706631706166292 __DUMMY__ 0.3277244776127237 neg 0.3016123517706471	false	0.5
missverstehen	neg 1.0		off 0.3736433773155134 __DUMMY__ 0.3230216872806546 neg 0.30333493540383194	false	0.5
ergebnislos	neg 1.0		off 0.36848674795146874 __DUMMY__ 0.32768785659401983 neg 0.30382539545451154	false	0.5
unter			off 0.35978978484965096 __DUMMY__ 0.3315053511310939 neg 0.3087048640192552	false	0.0
manipulieren	neg 1.0		off 0.36670086352329156 __DUMMY__ 0.32691105878022864 neg 0.3063880776964798	false	0.5
unbewiesen	neg 1.0		off 0.37166686865419246 __DUMMY__ 0.3234271871857996 neg 0.304905944160008	false	0.5
verschleppen	neg 1.0		off 0.3677857231812536 __DUMMY__ 0.3253485487193072 neg 0.3068657280994391	false	0.5
weib	off 1.0		off 0.38615421696933344 __DUMMY__ 0.3158777269092433 neg 0.29796805612142324	false	1.0
opposition	neg 1.0		off 0.37159484110389385 __DUMMY__ 0.32256272876118985 neg 0.30584243013491635	false	0.5
verkehrswidrig	neg 1.0		off 0.3837754517847611 __DUMMY__ 0.32152499305130466 neg 0.2946995551639342	false	0.5
inkorrekt	neg 1.0		off 0.3797401983920465 __DUMMY__ 0.3199040539300752 neg 0.3003557476778783	false	0.5
vermeiden	neg 1.0		off 0.3628129966333225 __DUMMY__ 0.32939492314403607 neg 0.30779208022264154	false	0.5
abweichung	neg 1.0		off 0.3689017295291809 __DUMMY__ 0.3259744088209143 neg 0.30512386164990485	false	0.5
alkoholisiert	neg 1.0		off 0.3677204785245281 __DUMMY__ 0.328896269379714 neg 0.3033832520957578	false	0.5
scheiss	off 1.0	off 1.0	off 0.6788811567988016 neg 0.167123029954814 __DUMMY__ 0.1539958132463844	false	1.0
herausforderung	neg 1.0		off 0.3682682532604768 __DUMMY__ 0.3257382555832282 neg 0.3059934911562951	false	0.5
pervers	off 1.0		off 0.3887131042411176 __DUMMY__ 0.31500548847169435 neg 0.29628140728718805	false	1.0
wackelig	neg 1.0		off 0.3680638684471324 __DUMMY__ 0.3257638285102513 neg 0.3061723030426163	false	0.5
verwickeln	neg 1.0		off 0.37247434353684356 __DUMMY__ 0.3232049236922072 neg 0.30432073277094923	false	0.5
vorwand	neg 1.0		off 0.3650755973570877 __DUMMY__ 0.3272456012588947 neg 0.3076788013840177	false	0.5
muschi	off 1.0		off 0.3712670140543293 __DUMMY__ 0.3257305077636604 neg 0.30300247818201026	false	1.0
entmutigung	neg 1.0		off 0.371408898450763 __DUMMY__ 0.3210117026037594 neg 0.3075793989454775	false	0.5
unangemessen	neg 1.0		off 0.3698021647668528 __DUMMY__ 0.3252465940416463 neg 0.30495124119150097	false	0.5
unstetig	neg 1.0		off 0.3754424137357771 __DUMMY__ 0.3228720368132596 neg 0.30168554945096315	false	0.5
entmutigen	neg 1.0		off 0.3713890412180091 __DUMMY__ 0.3236631986507303 neg 0.3049477601312605	false	0.5
schwanz	neg 1.0		off 0.36873287504685115 __DUMMY__ 0.3261945616604059 neg 0.3050725632927429	false	0.5
verbot	neg 1.0		off 0.3686827221253129 __DUMMY__ 0.3244217330281527 neg 0.30689554484653436	false	0.5
leid	neg 1.0		off 0.38152673873983 __DUMMY__ 0.3189688025616654 neg 0.2995044586985047	false	0.5
archaisch	neg 1.0		off 0.36917686807693667 __DUMMY__ 0.3249882197838425 neg 0.30583491213922087	false	0.5
gegen			off 0.36552608394953157 __DUMMY__ 0.3283313365178326 neg 0.306142579532636	false	0.0
scheidung	neg 1.0		off 0.39399116613677443 __DUMMY__ 0.3156374935074559 neg 0.29037134035576956	false	0.5
einschlag	neg 1.0		off 0.38222902732885367 __DUMMY__ 0.32183124384567796 neg 0.29593972882546843	false	0.5
m			off 0.36876247812323354 __DUMMY__ 0.3256652074634678 neg 0.30557231441329874	false	0.0
abgestanden	neg 1.0		off 0.3673957509147522 __DUMMY__ 0.32047587316236076 neg 0.31212837592288706	false	0.5
schmierig	off 1.0		off 0.38053971006169224 __DUMMY__ 0.31849168484191115 neg 0.30096860509639667	false	1.0
unpraktisch	neg 1.0		off 0.37232339788937546 __DUMMY__ 0.32396340807147017 neg 0.3037131940391544	false	0.5
wixxer	off 1.0		off 0.3884485325397528 __DUMMY__ 0.31411480587238094 neg 0.29743666158786625	false	1.0
bezeichnet			off 0.371539248610279 __DUMMY__ 0.3248067332411453 neg 0.30365401814857573	false	0.0
jammerlappen	off 1.0		off 0.3757878304705395 __DUMMY__ 0.32170125541748246 neg 0.3025109141119781	false	1.0
farce	neg 1.0		off 0.3701322285746664 __DUMMY__ 0.3234366623955033 neg 0.30643110902983045	false	0.5
zwecklos	neg 1.0		off 0.3683211203985995 __DUMMY__ 0.32517895877479186 neg 0.30649992082660876	false	0.5
turbulent	neg 1.0		off 0.37768175249273017 __DUMMY__ 0.32016748820385854 neg 0.30215075930341145	false	0.5
invasion	neg 1.0		off 0.3733976334700663 __DUMMY__ 0.3230306902954254 neg 0.30357167623450826	false	0.5
schuld	neg 1.0		off 0.3720427317423651 __DUMMY__ 0.3238603559488199 neg 0.30409691230881497	false	0.5
risiko	neg 1.0		off 0.3718752017153568 __DUMMY__ 0.32212331998403565 neg 0.3060014783006076	false	0.5
finster	neg 1.0		off 0.36876706778728774 __DUMMY__ 0.32275973596233193 neg 0.3084731962503804	false	0.5
geisteskrank	off 1.0		off 0.3784753282369938 __DUMMY__ 0.3205272647253731 neg 0.3009974070376331	false	1.0
zusammenbrechen	neg 1.0		off 0.3682276884260632 __DUMMY__ 0.3248539363011939 neg 0.30691837527274285	false	0.5
ausbeute	neg 1.0		off 0.3705125924804536 __DUMMY__ 0.3260088610786461 neg 0.30347854644090044	false	0.5
hinterhalt	neg 1.0		off 0.36964776440181807 __DUMMY__ 0.32529721652243454 neg 0.3050550190757473	false	0.5
kritik	neg 1.0		off 0.36986791231182237 __DUMMY__ 0.3235791624841033 neg 0.3065529252040744	false	0.5
einschrumpfen	neg 1.0		off 0.37553158369115386 __DUMMY__ 0.3209134639403258 neg 0.3035549523685205	false	0.5
riskant	neg 1.0		off 0.36606476999577275 __DUMMY__ 0.3264375555859078 neg 0.30749767441831954	false	0.5
frustrieren	neg 1.0		off 0.3667235174104712 __DUMMY__ 0.3257348375276922 neg 0.3075416450618365	false	0.5
groll	neg 1.0		off 0.3692572773495731 __DUMMY__ 0.3258555708381013 neg 0.30488715181232556	false	0.5
gibt			off 0.36837009362744777 __DUMMY__ 0.3256849716953674 neg 0.30594493467718487	false	0.0
qualvoll	neg 1.0		off 0.3724031309792337 __DUMMY__ 0.3228761204464339 neg 0.30472074857433246	false	0.5
wackeln	neg 1.0		off 0.37006454419213536 __DUMMY__ 0.3241483504695542 neg 0.3057871053383105	false	0.5
klagen	neg 1.0		off 0.3649546356747661 __DUMMY__ 0.3267295908942078 neg 0.308315773431026	false	0.5
bankrott	neg 1.0		off 0.3760049534833413 __DUMMY__ 0.32276184850418665 neg 0.301233198012472	false	0.5
trauern	neg 1.0		off 0.36807121053821673 __DUMMY__ 0.3284986603701708 neg 0.3034301290916125	false	0.5
ablehnung	neg 1.0		off 0.36931160204375585 __DUMMY__ 0.3239796118618037 neg 0.30670878609444063	false	0.5
stur	neg 1.0		off 0.37145742870637427 __DUMMY__ 0.3232432248555218 neg 0.3052993464381039	false	0.5
aufruhr	neg 1.0		off 0.3705132225871484 __DUMMY__ 0.32384381740443674 neg 0.30564296000841495	false	0.5
melancholie	neg 1.0		off 0.3640990972889331 __DUMMY__ 0.3248192096136412 neg 0.31108169309742556	false	0.5
ist			off 0.37239626572302564 __DUMMY__ 0.32352880356055236 neg 0.30407493071642194	false	0.0
torheit	neg 1.0		off 0.3722443231963072 __DUMMY__ 0.3238534096753755 neg 0.30390226712831725	false	0.5
dreckskind	off 1.0		off 0.38548992158567497 __DUMMY__ 0.3167796269747094 neg 0.2977304514396155	false	1.0
umtauschen	neg 1.0		off 0.36972899654993296 __DUMMY__ 0.3243176462011235 neg 0.3059533572489435	false	0.5
zum			off 0.36444663384998566 __DUMMY__ 0.3311193309630208 neg 0.3044340351869935	false	0.0
zersetzen	neg 1.0		off 0.36528826073903253 __DUMMY__ 0.32578955095347084 neg 0.30892218830749657	false	0.5
zur			off 0.36320271085773903 __DUMMY__ 0.3295875320064429 neg 0.3072097571358181	false	0.0
frust	neg 1.0		off 0.3680156505243742 __DUMMY__ 0.32502496512630297 neg 0.3069593843493228	false	0.5
unerbittlichkeit	neg 1.0		off 0.3675451358610048 __DUMMY__ 0.3269333936796743 neg 0.30552147045932077	false	0.5
zwei			off 0.36215842522454744 __DUMMY__ 0.32931998437593185 neg 0.30852159039952054	false	0.0
unkorrekt	neg 1.0		off 0.3783695413120057 __DUMMY__ 0.3202824025330256 neg 0.30134805615496874	false	0.5
hexe	off 1.0		off 0.37374535116538277 __DUMMY__ 0.319860147348165 neg 0.3063945014864521	false	1.0
lasch	neg 1.0		off 0.37483927725882454 __DUMMY__ 0.32203674889921247 neg 0.30312397384196293	false	0.5
rivale	neg 1.0		off 0.38048330764320587 __DUMMY__ 0.3203890323792455 neg 0.2991276599775485	false	0.5
mutlos	off 1.0	off 1.0	off 0.673442983891527 neg 0.16939089153824502 __DUMMY__ 0.157166124570228	false	1.0
wirr	off 1.0		off 0.37987718511478147 __DUMMY__ 0.3188503149053625 neg 0.30127249997985606	false	1.0
jahr			off 0.36833975522409135 __DUMMY__ 0.32921376152811 neg 0.30244648324779866	false	0.0
wird			off 0.3679673016461891 __DUMMY__ 0.3261060052823558 neg 0.30592669307145504	false	0.0
strafbar	neg 1.0		off 0.36706590180800786 __DUMMY__ 0.3265929811461805 neg 0.3063411170458118	false	0.5
erosion	neg 1.0		off 0.37131472182629305 __DUMMY__ 0.3246582985119585 neg 0.3040269796617484	false	0.5
eingehen	neg 1.0		off 0.3664053706843559 __DUMMY__ 0.32566783044521314 neg 0.307926798870431	false	0.5
faul	off 1.0		off 0.3750907044762787 __DUMMY__ 0.3221920254273353 neg 0.30271727009638605	false	1.0
provisorium	neg 1.0		off 0.3600986398145539 __DUMMY__ 0.33172478883534834 neg 0.3081765713500977	false	0.5
schmerzen	neg 1.0		off 0.3682378675764627 __DUMMY__ 0.32366250285292547 neg 0.30809962957061166	false	0.5
schrumpfen	neg 1.0		off 0.36122605077563935 __DUMMY__ 0.32729636971602677 neg 0.31147757950833377	false	0.5
geistlos	off 1.0		off 0.37331471258925736 __DUMMY__ 0.32214037388893707 neg 0.3045449135218055	false	1.0
fehlkauf	neg 1.0		off 0.37327255013584826 __DUMMY__ 0.32278743737772386 neg 0.3039400124864279	false	0.5
frustrierend	neg 1.0		off 0.3744021021943584 __DUMMY__ 0.3222186034917903 neg 0.30337929431385136	false	0.5
unzufrieden	neg 1.0		off 0.36833091192441364 __DUMMY__ 0.32552726444907204 neg 0.3061418236265144	false	0.5
verzweifeln	neg 1.0		off 0.36966894546789464 __DUMMY__ 0.32498147526273613 neg 0.3053495792693691	false	0.5
verzweifelt	neg 1.0		off 0.3715371020196951 __DUMMY__ 0.3232603774797698 neg 0.30520252050053504	false	0.5
misstrauensantrag	neg 1.0		off 0.3724101635523669 __DUMMY__ 0.32277307423738477 neg 0.30481676221024845	false	0.5
abfallen	neg 1.0		off 0.37020087601067164 __DUMMY__ 0.3236418516677536 neg 0.3061572723215748	false	0.5
fucker	off 1.0		off 0.3796285094945048 __DUMMY__ 0.32055157751261 neg 0.2998199129928852	false	1.0
ungezogen	neg 1.0		off 0.38666694546889124 __DUMMY__ 0.3164302505946842 neg 0.29690280393642443	false	0.5
irrsinnig	neg 1.0	neg 1.0	neg 0.6386537254296647 off 0.20532649563114225 __DUMMY__ 0.15601977893919303	false	1.0
unfassbar	neg 1.0		off 0.3770836398134826 __DUMMY__ 0.3216403069715689 neg 0.3012760532149484	false	0.5
hart	neg 1.0		off 0.37606329941564687 __DUMMY__ 0.31975874483969574 neg 0.30417795574465745	false	0.5
widerlich	off 1.0		off 0.37742403844039885 __DUMMY__ 0.3210310860918432 neg 0.301544875467758	false	1.0
fatal	neg 1.0	neg 1.0	neg 0.639646774164395 off 0.20562703160424523 __DUMMY__ 0.1547261942313599	false	1.0
bruch	neg 1.0		off 0.36369553003242405 __DUMMY__ 0.327596972903097 neg 0.30870749706447903	false	0.5
aushungern	neg 1.0		off 0.3688184690108281 __DUMMY__ 0.32426596911093636 neg 0.30691556187823554	false	0.5
anspannung	neg 1.0		off 0.3629767489102523 __DUMMY__ 0.32998148705002267 neg 0.30704176403972505	false	0.5
von			off 0.36539618249143063 __DUMMY__ 0.3272203247352814 neg 0.3073834927732879	false	0.0
kraftlos	neg 1.0		off 0.36747802569629284 __DUMMY__ 0.32540514388595765 neg 0.30711683041774956	false	0.5
vom			off 0.3611840662327062 __DUMMY__ 0.3322108292955692 neg 0.3066051044717246	false	0.0
grenzdebil	off 1.0		off 0.37672361280962546 __DUMMY__ 0.3206974442383105 neg 0.302578942952064	false	1.0
vor			off 0.36424373943365074 __DUMMY__ 0.32779423013634207 neg 0.30796203043000725	false	0.0
unterwerfen	neg 1.0		off 0.36799718002887116 __DUMMY__ 0.32659682766500797 neg 0.305405992306121	false	0.5
versenkung	neg 1.0		off 0.3674445889721584 __DUMMY__ 0.32695239517262453 neg 0.305603015855217	false	0.5
entziehen	neg 1.0		off 0.36506154241473676 __DUMMY__ 0.3273786914940017 neg 0.30755976609126173	false	0.5
finanzkrise	neg 1.0		off 0.36713744716270597 __DUMMY__ 0.32080996611785967 neg 0.31205258671943437	false	0.5
schimpfend	neg 1.0		off 0.3721839519414445 __DUMMY__ 0.32472618824626154 neg 0.30308985981229397	false	0.5
profan	neg 1.0		off 0.37264659877966844 __DUMMY__ 0.3226548898446317 neg 0.3046985113756998	false	0.5
korruption	neg 1.0		off 0.36771236989121897 __DUMMY__ 0.3239667899727738 neg 0.30832084013600736	false	0.5
â			off 0.368011207165616 __DUMMY__ 0.32578729320581795 neg 0.3062014996285661	false	0.0
schmutzig	neg 1.0		off 0.37675440570470786 __DUMMY__ 0.3205497996977461 neg 0.3026957945975461	false	0.5
sexy	neg 1.0		off 0.375137145235957 __DUMMY__ 0.3229474452917231 neg 0.30191540947231993	false	0.5
abraten	neg 1.0		off 0.37294421676785017 __DUMMY__ 0.32371856970296614 neg 0.3033372135291837	false	0.5
schwarz	neg 1.0		off 0.3733633742733235 __DUMMY__ 0.3235457363567389 neg 0.30309088936993756	false	0.5
fotze	off 1.0	off 1.0	off 0.6742552012786854 neg 0.16838402475334807 __DUMMY__ 0.15736077396796652	false	1.0
verwirren	neg 1.0		off 0.37329523022297306 __DUMMY__ 0.3229643623118233 neg 0.3037404074652037	false	0.5
zahnlos	off 1.0		off 0.369299689667915 __DUMMY__ 0.32506641756993615 neg 0.3056338927621488	false	1.0
verheeren	neg 1.0		off 0.38806475770931387 __DUMMY__ 0.31599623037172236 neg 0.2959390119189639	false	0.5
hippie	neg 1.0		off 0.37450427129284297 __DUMMY__ 0.3227765360441638 neg 0.3027191926629932	false	0.5
rammen	neg 1.0		off 0.37194137821704387 __DUMMY__ 0.32459451447089416 neg 0.30346410731206197	false	0.5
unlauter	neg 1.0		off 0.3724155860062599 __DUMMY__ 0.3226598235786345 neg 0.3049245904151056	false	0.5
unheilvoll	neg 1.0		off 0.3714516847537005 __DUMMY__ 0.32319427653001426 neg 0.3053540387162852	false	0.5
niedrig	neg 1.0		off 0.3665911956088064 __DUMMY__ 0.32449847181805924 neg 0.3089103325731345	false	0.5
explosion	neg 1.0		off 0.3746587995076174 __DUMMY__ 0.32307596351169576 neg 0.30226523698068686	false	0.5
weichei	off 1.0	off 1.0	off 0.6807611112409921 neg 0.16682763286162364 __DUMMY__ 0.15241125589738416	false	1.0
minusmensch	off 1.0		off 0.387867365772999 __DUMMY__ 0.3160180638956436 neg 0.2961145703313574	false	1.0
farblos	neg 1.0		off 0.372079281364686 __DUMMY__ 0.32375952152226595 neg 0.30416119711304795	false	0.5
unwissend	neg 1.0	neg 1.0	neg 0.637673566376447 off 0.20750347501416072 __DUMMY__ 0.15482295860939232	false	1.0
traurig	neg 1.0		off 0.37969096276241954 __DUMMY__ 0.32029601267414 neg 0.30001302456344037	false	0.5
senkung	neg 1.0		off 0.37141112374509344 __DUMMY__ 0.3201976369300524 neg 0.3083912393248541	false	0.5
ungleich	neg 1.0	neg 1.0	neg 0.6398270681611478 off 0.20297552045963668 __DUMMY__ 0.1571974113792156	false	1.0
heikel	neg 1.0		off 0.36634669494065353 __DUMMY__ 0.32646297637322047 neg 0.30719032868612606	false	0.5
drosselung	neg 1.0		off 0.3757759865005675 __DUMMY__ 0.31919207902187846 neg 0.30503193447755395	false	0.5
falsch	neg 1.0		off 0.3752950973643624 __DUMMY__ 0.3227764380037578 neg 0.3019284646318799	false	0.5
unzufriedenheit	neg 1.0		off 0.3653883873334368 __DUMMY__ 0.3257971326379924 neg 0.3088144800285708	false	0.5
kurz	neg 1.0		off 0.3691038800257515 __DUMMY__ 0.32611916049492506 neg 0.30477695947932354	false	0.5
unsinnig	neg 1.0		off 0.3690885972427145 __DUMMY__ 0.3239689428199275 neg 0.306942459937358	false	0.5
penner	off 1.0	off 1.0	off 0.6821015290986638 neg 0.16561926669296784 __DUMMY__ 0.15227920420836838	false	1.0
seicht	neg 1.0		off 0.38437042353249806 __DUMMY__ 0.31522865585015936 neg 0.30040092061734264	false	0.5
dummheit	off 1.0	off 1.0	off 0.6762798787377422 neg 0.16852170494594407 __DUMMY__ 0.15519841631631368	false	1.0
unerfreulich	neg 1.0		off 0.36613856094362024 __DUMMY__ 0.32673034967836123 neg 0.30713108937801864	false	0.5
motherfucker	off 1.0	off 1.0	off 0.6794131072020677 neg 0.16632654008223433 __DUMMY__ 0.15426035271569805	false	1.0
pikiert	neg 1.0		off 0.37572819216354436 __DUMMY__ 0.32094274309914234 neg 0.3033290647373133	false	0.5
wrack	neg 1.0		off 0.3714508185786161 __DUMMY__ 0.3283082157371323 neg 0.30024096568425157	false	0.5
gangster	neg 1.0		off 0.37465624480333226 __DUMMY__ 0.32259897879314786 neg 0.30274477640352	false	0.5
krank	neg 1.0		off 0.3773577762926305 __DUMMY__ 0.3213125885655016 neg 0.3013296351418681	false	0.5
reich	neg 1.0		off 0.3730260381989352 __DUMMY__ 0.3197753094072588 neg 0.30719865239380606	false	0.5
gnadenlos	neg 1.0		off 0.3720738061335882 __DUMMY__ 0.3243239352093614 neg 0.3036022586570503	false	0.5
niedergeschlagen	neg 1.0		off 0.3685639779382362 __DUMMY__ 0.3261096116664952 neg 0.30532641039526853	false	0.5
terrorisieren	off 1.0	off 1.0	off 0.6728168485294999 neg 0.16963810268657 __DUMMY__ 0.15754504878393022	false	1.0
sinnlosigkeit	neg 1.0		off 0.36888009516894793 __DUMMY__ 0.32533196517454654 neg 0.3057879396565055	false	0.5
behindern	neg 1.0		off 0.3702893432094881 __DUMMY__ 0.32418223483764297 neg 0.3055284219528691	false	0.5
undemokratisch	neg 1.0		off 0.3727190024808579 __DUMMY__ 0.32263646834239096 neg 0.3046445291767512	false	0.5
wirtschaftskrise	neg 1.0		off 0.3668181650268461 __DUMMY__ 0.3234944230588342 neg 0.3096874119143197	false	0.5
neid	neg 1.0		off 0.3737708640623824 __DUMMY__ 0.3222479277717658 neg 0.30398120816585184	false	0.5
rutschen	neg 1.0		off 0.36162539470191146 __DUMMY__ 0.3291443827697779 neg 0.3092302225283108	false	0.5
rezession	neg 1.0		off 0.37691531484235785 __DUMMY__ 0.3166760946987132 neg 0.30640859045892904	false	0.5
fehlgeburt	neg 1.0		off 0.3716630037871521 __DUMMY__ 0.3247580868740266 neg 0.30357890933882126	false	0.5
charakterschwach	off 1.0		off 0.3766490276058103 __DUMMY__ 0.3209429120382038 neg 0.3024080603559859	false	1.0
isolation	neg 1.0		off 0.3754826736271829 __DUMMY__ 0.3230902578748586 neg 0.3014270684979584	false	0.5
ablenkung	neg 1.0		off 0.37076852460198356 __DUMMY__ 0.32500251472213987 neg 0.30422896067587657	false	0.5
pech	neg 1.0		off 0.37462332033408113 __DUMMY__ 0.3216726704372477 neg 0.30370400922867125	false	0.5
vermeidung	neg 1.0		off 0.3765009917159745 __DUMMY__ 0.32035515784923413 neg 0.3031438504347913	false	0.5
dominieren	neg 1.0		off 0.3694394023648591 __DUMMY__ 0.3253358043000075 neg 0.30522479333513325	false	0.5
schwindlig	neg 1.0		off 0.3721975942405947 __DUMMY__ 0.3227611000549807 neg 0.30504130570442467	false	0.5
lutscher	neg 1.0		off 0.3863176938856737 __DUMMY__ 0.3144959144788632 neg 0.29918639163546296	false	0.5
pflicht	neg 1.0		off 0.3655457055270063 __DUMMY__ 0.3277281389234714 neg 0.30672615554952226	false	0.5
faschist	off 1.0		off 0.3749230699780892 __DUMMY__ 0.3226347230912659 neg 0.30244220693064483	false	1.0
verschleudern	neg 1.0		off 0.36508789559620136 __DUMMY__ 0.3237173910809144 neg 0.3111947133228843	false	0.5
wenn			off 0.37525872725845316 __DUMMY__ 0.3216272956244675 neg 0.3031139771170794	false	0.0
ehebruch	neg 1.0		off 0.3677001751700724 __DUMMY__ 0.3254677574798204 neg 0.3068320673501071	false	0.5
spott	off 1.0		off 0.36842454570585176 __DUMMY__ 0.32647367010699824 neg 0.30510178418715	false	1.0
trostlosigkeit	neg 1.0		off 0.3642007424512336 __DUMMY__ 0.32628418825779154 neg 0.30951506929097494	false	0.5
lutschen	neg 1.0		off 0.3757947913053718 __DUMMY__ 0.32279276835199033 neg 0.3014124403426378	false	0.5
undiszipliniert	neg 1.0		off 0.3786365524721672 __DUMMY__ 0.3202549043001816 neg 0.3011085432276512	false	0.5
kopfschmerz	neg 1.0		off 0.3653915289653351 __DUMMY__ 0.3236884000734379 neg 0.3109200709612269	false	0.5
unvorhergesehen	neg 1.0		off 0.36564283709160045 __DUMMY__ 0.3275214678573711 neg 0.30683569505102853	false	0.5
desinteressiert	neg 1.0		off 0.377909860636566 __DUMMY__ 0.3204500797455039 neg 0.3016400596179301	false	0.5
armselig	off 1.0		off 0.38049693518769917 __DUMMY__ 0.3197416423397505 neg 0.29976142247255033	false	1.0
desaster	neg 1.0		off 0.3637960684387007 __DUMMY__ 0.32673411177449474 neg 0.30946981978680455	false	0.5
tod	neg 1.0		off 0.3673623922936575 __DUMMY__ 0.32641005803019657 neg 0.30622754967614585	false	0.5
herzlos	neg 1.0		off 0.37965129247849844 __DUMMY__ 0.3196825529728472 neg 0.3006661545486544	false	0.5
unwissenheit	neg 1.0		off 0.36846076856465276 __DUMMY__ 0.32535904488276757 neg 0.3061801865525798	false	0.5
widersinnig	neg 1.0		off 0.3685664166887158 __DUMMY__ 0.3232174264889899 neg 0.30821615682229436	false	0.5
bedenklich	neg 1.0		off 0.3672029606679547 __DUMMY__ 0.3253639610396075 neg 0.3074330782924377	false	0.5
beanstanden	neg 1.0		off 0.3665941871052357 __DUMMY__ 0.32783918638838083 neg 0.30556662650638344	false	0.5
panisch	neg 1.0		off 0.372824177308119 __DUMMY__ 0.32374605074693463 neg 0.3034297719449465	false	0.5
debil	off 1.0		off 0.36015712053488214 __DUMMY__ 0.3305399083006523 neg 0.3093029711644656	false	1.0
abstrich	neg 1.0		off 0.36955632108124264 __DUMMY__ 0.325141047190319 neg 0.3053026317284383	false	0.5
primitiv	neg 1.0		off 0.37832797286085246 __DUMMY__ 0.3206869444595234 neg 0.3009850826796242	false	0.5
abschaum	off 1.0	off 1.0	off 0.6785852691335894 neg 0.1661133753312332 __DUMMY__ 0.15530135553517743	false	1.0
provozieren	neg 1.0		off 0.37146683518467344 __DUMMY__ 0.32361243505971327 neg 0.3049207297556134	false	0.5
tot	neg 1.0		off 0.3689770925159821 __DUMMY__ 0.3255304220246558 neg 0.3054924854593621	false	0.5
instabil	neg 1.0		off 0.3796639564785356 __DUMMY__ 0.3183353433228075 neg 0.30200070019865677	false	0.5
schwuchtel	off 1.0	off 1.0	off 0.6863735398793186 neg 0.16324247155112948 __DUMMY__ 0.15038398856955196	false	1.0
zerren	neg 1.0		off 0.36838876591698755 __DUMMY__ 0.32601957068443427 neg 0.3055916633985783	false	0.5
kinderficker	off 1.0		off 0.38276983289336264 __DUMMY__ 0.31843488751848026 neg 0.2987952795881571	false	1.0
gefahr	neg 1.0		off 0.3659893566769924 __DUMMY__ 0.32744936707717487 neg 0.30656127624583285	false	0.5
rabiat	neg 1.0		off 0.3692649573746065 __DUMMY__ 0.32406906189273577 neg 0.30666598073265766	false	0.5
verlangsamung	neg 1.0		off 0.3836870138226648 __DUMMY__ 0.316681242059931 neg 0.29963174411740406	false	0.5
ausgestorben	neg 1.0		off 0.369843286831199 __DUMMY__ 0.32532685255130167 neg 0.3048298606174994	false	0.5
anklagen	neg 1.0		off 0.3693754093608692 __DUMMY__ 0.32518602279819536 neg 0.3054385678409355	false	0.5
trott	neg 1.0		off 0.3708701364961847 __DUMMY__ 0.3245211584195092 neg 0.3046087050843061	false	0.5
verminderung	neg 1.0		off 0.3765563068952327 __DUMMY__ 0.3203251733066793 neg 0.303118519798088	false	0.5
nach			off 0.36128199528020954 __DUMMY__ 0.33067466733688733 neg 0.3080433373829032	false	0.0
rost	neg 1.0		off 0.38723428723016773 __DUMMY__ 0.3184862981844433 neg 0.2942794145853889	false	0.5
destruktiv	neg 1.0		off 0.37024090548951516 __DUMMY__ 0.32396092324180853 neg 0.3057981712686763	false	0.5
unzumutbarkeit	neg 1.0		off 0.3778525790029114 __DUMMY__ 0.32175689983759526 neg 0.30039052115949344	false	0.5
labil	off 1.0	off 1.0	off 0.6777414837391317 neg 0.1672512384719158 __DUMMY__ 0.15500727778895254	false	1.0
ziemlich	neg 1.0		off 0.37701058403194976 __DUMMY__ 0.32202185767814884 neg 0.3009675582899014	false	0.5
lachnummer	off 1.0		off 0.37158006669916055 __DUMMY__ 0.32450899971063096 neg 0.30391093359020854	false	1.0
oder			off 0.3715521493774813 __DUMMY__ 0.3245954881308634 neg 0.30385236249165515	false	0.0
verfall	neg 1.0		off 0.3616603444313856 __DUMMY__ 0.3275347947190272 neg 0.31080486084958725	false	0.5
ausgrenzung	neg 1.0		off 0.3725966970331825 __DUMMY__ 0.32260825782201025 neg 0.3047950451448073	false	0.5
unordnung	neg 1.0		off 0.38175760464833147 __DUMMY__ 0.31973390067318397 neg 0.29850849467848456	false	0.5
fehlverhalten	neg 1.0		off 0.36689642776962844 __DUMMY__ 0.3264353876590226 neg 0.3066681845713491	false	0.5
eine			off 0.36427558805668986 __DUMMY__ 0.32695191088187164 neg 0.30877250106143844	false	0.0
nille	neg 1.0		off 0.37176969012930045 __DUMMY__ 0.3248941115428428 neg 0.3033361983278566	false	0.5
qual	neg 1.0		off 0.37040328900665115 __DUMMY__ 0.32452895254837305 neg 0.30506775844497586	false	0.5
verschwenden	neg 1.0		off 0.36554988576356956 __DUMMY__ 0.3254034900303193 neg 0.3090466242061112	false	0.5
riesig	neg 1.0		off 0.36770593755186753 __DUMMY__ 0.3268657205633039 neg 0.3054283418848286	false	0.5
verurteilen	neg 1.0		off 0.36898347201825116 __DUMMY__ 0.32522459740397247 neg 0.3057919305777765	false	0.5
klischee	neg 1.0	neg 1.0	neg 0.6383969496716342 off 0.2067422437373687 __DUMMY__ 0.15486080659099702	false	1.0
diktatorisch	neg 1.0		off 0.3729651107026473 __DUMMY__ 0.3226923689290664 neg 0.30434252036828646	false	0.5
vorhersehbar	neg 1.0		off 0.37339203483833844 __DUMMY__ 0.32216522215950855 neg 0.30444274300215307	false	0.5
sowie			off 0.3811836763502434 __DUMMY__ 0.3177058077603514 neg 0.3011105158894052	false	0.0
stornieren	neg 1.0		off 0.37595244903073055 __DUMMY__ 0.325485741873846 neg 0.29856180909542335	false	0.5
besteuerung	neg 1.0	neg 1.0	neg 0.6410176788809222 off 0.2042650880138476 __DUMMY__ 0.15471723310523017	false	1.0
ungeschminkt	neg 1.0		off 0.3785124378506405 __DUMMY__ 0.320687870107106 neg 0.3007996920422536	false	0.5
kritisch	neg 1.0		off 0.36852749122907025 __DUMMY__ 0.3255134577055251 neg 0.3059590510654047	false	0.5
schlamperei	off 1.0		off 0.36730868619150536 __DUMMY__ 0.32614408158009944 neg 0.30654723222839514	false	1.0
sucht	neg 1.0	neg 1.0	neg 0.6368377286101237 off 0.2063787323710422 __DUMMY__ 0.15678353901883418	false	1.0
egoistisch	off 1.0	off 1.0	off 0.6815672287688008 neg 0.16493089373134287 __DUMMY__ 0.15350187749985628	false	1.0
ausbeuter	off 1.0		off 0.36538824813888776 __DUMMY__ 0.3251341618330763 neg 0.30947759002803593	false	1.0
arschgeburt	off 1.0		off 0.3910697483412772 __DUMMY__ 0.31318946451898666 neg 0.29574078713973606	false	1.0
schubs	neg 1.0		off 0.3665631961024342 __DUMMY__ 0.324485249603976 neg 0.3089515542935897	false	0.5
unsolide	neg 1.0		off 0.37358214766284537 __DUMMY__ 0.32266459189523494 neg 0.30375326044191986	false	0.5
beschwerde	neg 1.0		off 0.3691521265330613 __DUMMY__ 0.32563181646394357 neg 0.30521605700299514	false	0.5
stocken	neg 1.0		off 0.36769755171912044 __DUMMY__ 0.3257639437947597 neg 0.30653850448611986	false	0.5
isolieren	neg 1.0		off 0.36799965247517685 __DUMMY__ 0.32443918113622655 neg 0.3075611663885965	false	0.5
unheilbar	neg 1.0		off 0.3706227722316264 __DUMMY__ 0.32404715875592854 neg 0.30533006901244514	false	0.5
pisser	off 1.0	off 1.0	off 0.6804399436095601 neg 0.16507388570117662 __DUMMY__ 0.15448617068926337	false	1.0
löschen	neg 1.0		off 0.371545429506364 __DUMMY__ 0.32420843571552665 neg 0.3042461347781093	false	0.5
durchfallen	neg 1.0		off 0.36841401596090506 __DUMMY__ 0.32570696346222794 neg 0.3058790205768669	false	0.5
wichser	off 1.0	off 1.0	off 0.6839279362867468 neg 0.1646199890428647 __DUMMY__ 0.15145207467038857	false	1.0
terror	neg 1.0		off 0.3743634842750742 __DUMMY__ 0.3229216371598183 neg 0.3027148785651075	false	0.5
krass	neg 1.0		off 0.381548809273595 __DUMMY__ 0.31892964208392216 neg 0.2995215486424829	false	0.5
revolte	neg 1.0		off 0.37315838638608784 __DUMMY__ 0.32067858174817354 neg 0.30616303186573857	false	0.5
besorgt	neg 1.0		off 0.3694427007794056 __DUMMY__ 0.326286198808742 neg 0.30427110041185235	false	0.5
nachlassen	neg 1.0		off 0.36834081437722943 __DUMMY__ 0.3265653986735617 neg 0.30509378694920875	false	0.5
alt	neg 1.0		off 0.36467202584319164 __DUMMY__ 0.32293512359911963 neg 0.31239285055768873	false	0.5
hundesohn	off 1.0	off 1.0	off 0.683665932716417 neg 0.1643244892187858 __DUMMY__ 0.15200957806479726	false	1.0
als			off 0.3681093065535669 __DUMMY__ 0.3247519424672895 neg 0.3071387509791435	false	0.0
abschreckung	neg 1.0		off 0.36562038596061436 __DUMMY__ 0.32633308505523145 neg 0.30804652898415424	false	0.5
unqualifiziert	neg 1.0		off 0.3755153697539736 __DUMMY__ 0.3223016780318546 neg 0.30218295221417185	false	0.5
abgewichst	off 1.0		off 0.37091355522277075 __DUMMY__ 0.32506166077579157 neg 0.3040247840014377	false	1.0
schwer	neg 1.0		off 0.36970561178402117 __DUMMY__ 0.3242591742791759 neg 0.3060352139368029	false	0.5
bedeutungslosigkeit	neg 1.0		off 0.3663037627430234 __DUMMY__ 0.32628068058170034 neg 0.3074155566752762	false	0.5
kapitulation	neg 1.0		off 0.36739361625170813 __DUMMY__ 0.32462372577804904 neg 0.30798265797024277	false	0.5
unscharf	neg 1.0		off 0.3709077848453004 __DUMMY__ 0.32080494605116155 neg 0.3082872691035381	false	0.5
schwinden	neg 1.0		off 0.36556867558163764 __DUMMY__ 0.3253174496444125 neg 0.30911387477394975	false	0.5
versklavung	neg 1.0	neg 1.0	neg 0.6391169836323739 off 0.20548078620354016 __DUMMY__ 0.15540223016408597	false	1.0
schlecht	neg 1.0		off 0.37730842457959535 __DUMMY__ 0.3221586000242325 neg 0.300532975396172	false	0.5
verhasst	neg 1.0		off 0.372184636988899 __DUMMY__ 0.3232768976241123 neg 0.30453846538698887	false	0.5
beschweren	neg 1.0		off 0.37321761269514764 __DUMMY__ 0.32402188362807344 neg 0.30276050367677887	false	0.5
scheiden	neg 1.0		off 0.37015423586980845 __DUMMY__ 0.32365128549636624 neg 0.3061944786338252	false	0.5
frustriert	neg 1.0		off 0.36942599682294297 __DUMMY__ 0.32519804825170334 neg 0.3053759549253537	false	0.5
schimmelig	neg 1.0		off 0.36657555006615183 __DUMMY__ 0.32419090182611 neg 0.30923354810773823	false	0.5
fisch	neg 1.0		off 0.36235977662286345 __DUMMY__ 0.3246676008890896 neg 0.31297262248804686	false	0.5
schmuggel	neg 1.0		off 0.3656304404605023 __DUMMY__ 0.3281125359957029 neg 0.30625702354379475	false	0.5
auffallen	neg 1.0		off 0.37308039356120287 __DUMMY__ 0.32314329755319704 neg 0.30377630888560014	false	0.5
konkurrenz	neg 1.0		off 0.3662774767619381 __DUMMY__ 0.3270820773676811 neg 0.30664044587038086	false	0.5
teufelskreis	neg 1.0	neg 1.0	neg 0.6407011873552895 off 0.20360683919871295 __DUMMY__ 0.1556919734459975	false	1.0
aufschreien	neg 1.0		off 0.3733164565285669 __DUMMY__ 0.3223144293320887 neg 0.3043691141393444	false	0.5
schuldner	neg 1.0		off 0.3645859887208603 __DUMMY__ 0.32449262572971876 neg 0.310921385549421	false	0.5
missgeburt	off 1.0	off 1.0	off 0.6836515428281258 neg 0.16292459514382798 __DUMMY__ 0.15342386202804623	false	1.0
arbeitslos	neg 1.0		off 0.368212322487905 __DUMMY__ 0.3256302538759145 neg 0.30615742363618054	false	0.5
befallen	neg 1.0		off 0.3681154651138067 __DUMMY__ 0.3228503212443145 neg 0.30903421364187894	false	0.5
miesepetrig	off 1.0	off 1.0	off 0.6775896956220381 neg 0.16756499286563573 __DUMMY__ 0.15484531151232625	false	1.0
alarmieren	neg 1.0		off 0.37614932128171225 __DUMMY__ 0.32229507129630613 neg 0.3015556074219817	false	0.5
ungeduscht	off 1.0		off 0.37493660243370663 __DUMMY__ 0.3215555915987203 neg 0.30350780596757304	false	1.0
knappheit	neg 1.0		off 0.36712571601178806 __DUMMY__ 0.3237117994611498 neg 0.3091624845270622	false	0.5
schlange	neg 1.0		off 0.37103290244546083 __DUMMY__ 0.3242075814020312 neg 0.304759516152508	false	0.5
harsch	neg 1.0		off 0.3825585404730685 __DUMMY__ 0.32103150264594604 neg 0.2964099568809855	false	0.5
lang	neg 1.0		off 0.37238383837199834 __DUMMY__ 0.3239272327239015 neg 0.3036889289041001	false	0.5
ziellos	neg 1.0		off 0.3667812076572415 __DUMMY__ 0.326659135940001 neg 0.3065596564027576	false	0.5
selbstverliebt	neg 1.0		off 0.3889083400992694 __DUMMY__ 0.31555347431207237 neg 0.29553818558865813	false	0.5
beseitigen	neg 1.0		off 0.3719464244241827 __DUMMY__ 0.3257648766762721 neg 0.30228869889954524	false	0.5
dumm	off 1.0		off 0.3834774625238474 __DUMMY__ 0.31779228561955924 neg 0.29873025185659324	false	1.0
arbeitsloser	neg 1.0		off 0.37002628610975197 __DUMMY__ 0.32751089209479217 neg 0.3024628217954559	false	0.5
blitzen	neg 1.0		off 0.3751265579920208 __DUMMY__ 0.32248065147681987 neg 0.30239279053115925	false	0.5
hilflos	neg 1.0		off 0.3681301681957239 __DUMMY__ 0.3253818227768966 neg 0.30648800902737966	false	0.5
eklig	off 1.0		off 0.3830827173905939 __DUMMY__ 0.3165849179239962 neg 0.3003323646854101	false	1.0
begriff			off 0.37043476296302874 __DUMMY__ 0.324648939578359 neg 0.3049162974586122	false	0.0
hungersnot	neg 1.0		off 0.36740856279437756 __DUMMY__ 0.32395458206476174 neg 0.3086368551408606	false	0.5
ungesetzlich	neg 1.0		off 0.3726018255722121 __DUMMY__ 0.32237381101095675 neg 0.30502436341683115	false	0.5
verschwendung	neg 1.0		off 0.3661202556128881 __DUMMY__ 0.32613196812734346 neg 0.3077477762597685	false	0.5
schmerzvoll	neg 1.0		off 0.37169443508683053 __DUMMY__ 0.3229756508263874 neg 0.30532991408678206	false	0.5
vorzeitig	neg 1.0		off 0.3774143810311289 __DUMMY__ 0.3230841086214929 neg 0.2995015103473783	false	0.5
unvollkommenheit	neg 1.0		off 0.3696998378146195 __DUMMY__ 0.32546017618229295 neg 0.3048399860030875	false	0.5
intervenieren	neg 1.0		off 0.3659806877689684 __DUMMY__ 0.32478500263124016 neg 0.3092343095997914	false	0.5
banause	off 1.0		off 0.3835413477163814 __DUMMY__ 0.3145508776683753 neg 0.3019077746152432	false	1.0
rebell	neg 1.0		off 0.36142400393002955 __DUMMY__ 0.326558326107174 neg 0.31201766996279645	false	0.5
unlogisch	neg 1.0		off 0.37928206588216 __DUMMY__ 0.32007349229601534 neg 0.3006444418218246	false	0.5
leiden	neg 1.0		off 0.36655196331050566 __DUMMY__ 0.32847729950912236 neg 0.30497073718037193	false	0.5
abschaffung	neg 1.0		off 0.37120912993814914 __DUMMY__ 0.3227857895608172 neg 0.3060050805010338	false	0.5
sturz	neg 1.0		off 0.37519091762119317 __DUMMY__ 0.32572951267009553 neg 0.2990795697087112	false	0.5
verkleinerung	neg 1.0		off 0.37356484992665095 __DUMMY__ 0.3202507278889233 neg 0.3061844221844257	false	0.5
schmarotzer	off 1.0		off 0.3688411458461315 __DUMMY__ 0.3248397123196426 neg 0.306319141834226	false	1.0
bestrafung	neg 1.0	neg 1.0	neg 0.6380670071774652 off 0.20543990681723096 __DUMMY__ 0.15649308600530384	false	1.0
achtlos	neg 1.0		off 0.3692409145746064 __DUMMY__ 0.32502244102573224 neg 0.30573664439966136	false	0.5
ungeheuer	neg 1.0		off 0.36997707228259813 __DUMMY__ 0.32275340761602833 neg 0.30726952010137343	false	0.5
unaufrichtig	neg 1.0		off 0.3758199546645216 __DUMMY__ 0.32265599808383316 neg 0.30152404725164517	false	0.5
groggy	neg 1.0		off 0.37490420239387195 __DUMMY__ 0.3234626502158658 neg 0.30163314739026237	false	0.5
verletzlich	neg 1.0		off 0.3746547565087455 __DUMMY__ 0.3197875179083025 neg 0.3055577255829519	false	0.5
ablehnen	neg 1.0		off 0.3680735504932823 __DUMMY__ 0.3254615277882936 neg 0.30646492171842415	false	0.5
