unsolidarisch	neg 1.0		__DUMMY__ 0.8753651798990305 off 0.06817643565888354 neg 0.05645838444208589	false	0.5
nachteilig	neg 1.0		__DUMMY__ 0.8837828106719879 off 0.06335540585240397 neg 0.05286178347560804	false	0.5
skeptisch	neg 1.0		__DUMMY__ 0.8829439699814018 off 0.062261008363926826 neg 0.05479502165467142	false	0.5
schrecklich	neg 1.0		__DUMMY__ 0.8704729783423792 off 0.07599884546544065 neg 0.053528176192180046	false	0.5
schlapp	neg 1.0	neg 1.0	neg 0.5116039591093511 __DUMMY__ 0.4337891796738898 off 0.05460686121675912	false	1.0
abfall	neg 1.0		__DUMMY__ 0.8865657260446943 off 0.05907080343890468 neg 0.05436347051640101	false	0.5
widerspenstig	neg 1.0		__DUMMY__ 0.8774276136651542 off 0.0660217484416939 neg 0.056550637893152005	false	0.5
abrupt	neg 1.0		__DUMMY__ 0.8814862938227782 off 0.06142481768574661 neg 0.05708888849147518	false	0.5
unwirksam	neg 1.0		__DUMMY__ 0.8722521300511631 off 0.06740595455186588 neg 0.06034191539697098	false	0.5
angreifen	neg 1.0		__DUMMY__ 0.8830270393605204 off 0.0617439567968694 neg 0.055229003842610175	false	0.5
inkonsistent	neg 1.0		__DUMMY__ 0.8746652864129886 off 0.0693412195667699 neg 0.05599349402024158	false	0.5
abrutschen	neg 1.0		__DUMMY__ 0.8857823867280092 off 0.05874392497481889 neg 0.05547368829717186	false	0.5
unsicher	neg 1.0		__DUMMY__ 0.879547709203413 off 0.06677129141662494 neg 0.053680999379962076	false	0.5
bauernkind	off 1.0	off 1.0	off 0.529015515741958 __DUMMY__ 0.42668154694708194 neg 0.04430293731096	false	1.0
angreifer	neg 1.0		__DUMMY__ 0.8793365698284993 off 0.07076790090565657 neg 0.04989552926584413	false	0.5
trennen	neg 1.0		__DUMMY__ 0.8841357469359901 off 0.061251794120909454 neg 0.05461245894310037	false	0.5
schmutz	neg 1.0		__DUMMY__ 0.8813628683451824 off 0.0695381054691382 neg 0.04909902618567939	false	0.5
inkonsistenz	neg 1.0		__DUMMY__ 0.8745663715419728 off 0.07194894187912863 neg 0.05348468657889855	false	0.5
erschreckend	neg 1.0		__DUMMY__ 0.879053937335014 off 0.06627150665260542 neg 0.05467455601238061	false	0.5
ertrinken	neg 1.0		__DUMMY__ 0.8820827585426047 off 0.06110834790030535 neg 0.05680889355708988	false	0.5
pickelface	off 1.0		__DUMMY__ 0.8792285271699067 off 0.06740459173011062 neg 0.05336688109998265	false	1.0
seiner			__DUMMY__ 0.8836601064352952 off 0.061982782297244625 neg 0.05435711126746011	false	0.0
lauch	neg 1.0	neg 1.0	neg 0.5115824741362368 __DUMMY__ 0.4435596779223164 off 0.044857847941446864	false	1.0
unwichtig	neg 1.0		__DUMMY__ 0.8741222323154911 off 0.0718768301821368 neg 0.05400093750237219	false	0.5
steuerhinterziehung	neg 1.0		__DUMMY__ 0.8776839725360452 off 0.06639511242927984 neg 0.05592091503467501	false	0.5
schock	neg 1.0		__DUMMY__ 0.8798634994731179 off 0.06511324069481367 neg 0.055023259832068336	false	0.5
beule	neg 1.0		__DUMMY__ 0.8709907977436494 off 0.07382826040117846 neg 0.05518094185517215	false	0.5
vergelten	neg 1.0		__DUMMY__ 0.8715401625681352 off 0.07716975074084838 neg 0.05129008669101638	false	0.5
verdorbenheit	neg 1.0		__DUMMY__ 0.8785515234098971 off 0.06764651586531534 neg 0.05380196072478756	false	0.5
trauma	neg 1.0		__DUMMY__ 0.8766418527492031 off 0.06832820779613737 neg 0.055029939454659574	false	0.5
sinnlos	neg 1.0		__DUMMY__ 0.8768863634604094 off 0.06892786595680679 neg 0.05418577058278391	false	0.5
fettsack	off 1.0	off 1.0	off 0.5301671964872995 __DUMMY__ 0.42747512057040576 neg 0.04235768294229482	false	1.0
feige	off 1.0	off 1.0	off 0.5255751390954019 __DUMMY__ 0.4326833052877414 neg 0.04174155561685674	false	1.0
abdanken	neg 1.0		__DUMMY__ 0.8795935351329671 off 0.06674293370536016 neg 0.05366353116167266	false	0.5
wichtigtuer	off 1.0	off 1.0	off 0.5230092899209349 __DUMMY__ 0.435930384634728 neg 0.041060325444337124	false	1.0
misslingen	neg 1.0		__DUMMY__ 0.8823658812057659 off 0.06811163392686685 neg 0.04952248486736733	false	0.5
untreu	off 1.0		__DUMMY__ 0.8721631926898851 off 0.07311264933142128 neg 0.05472415797869371	false	1.0
missmutig	neg 1.0		__DUMMY__ 0.8738709063565319 off 0.07044960515422077 neg 0.055679488489247315	false	0.5
hurenbock	off 1.0		__DUMMY__ 0.8750594272038853 off 0.06684662795019533 neg 0.058093944845919315	false	1.0
betrunken	neg 1.0		__DUMMY__ 0.8705090284056713 off 0.07479698308911491 neg 0.05469398850521378	false	0.5
korrupt	off 1.0		__DUMMY__ 0.8768806557802782 off 0.06604079509965997 neg 0.05707854912006195	false	1.0
unmut	neg 1.0		__DUMMY__ 0.8844312165986359 off 0.06053215082060915 neg 0.05503663258075494	false	0.5
hackfresse	off 1.0		__DUMMY__ 0.8656586494824628 off 0.08057132309522745 neg 0.053770027422309685	false	1.0
aufblasen	neg 1.0		__DUMMY__ 0.8772792584156915 off 0.0670134523064941 neg 0.05570728927781432	false	0.5
gewaltsam	neg 1.0		__DUMMY__ 0.8811212191363447 off 0.06656696321488867 neg 0.052311817648766676	false	0.5
unbeliebtheit	neg 1.0		__DUMMY__ 0.8738977538356706 off 0.07326298554273108 neg 0.05283926062159835	false	0.5
sturheit	neg 1.0		__DUMMY__ 0.8808438424637796 off 0.06627183141289919 neg 0.05288432612332126	false	0.5
kuh	neg 1.0		__DUMMY__ 0.868961326812668 off 0.06967150312179354 neg 0.06136717006553844	false	0.5
erschrecken	neg 1.0		__DUMMY__ 0.874855032363826 off 0.07091404262194347 neg 0.054230925014230456	false	0.5
opfer	neg 1.0		__DUMMY__ 0.8836631850145371 off 0.06359527309015459 neg 0.05274154189530838	false	0.5
sinken	neg 1.0		__DUMMY__ 0.8821050049040992 off 0.06090135867960281 neg 0.05699363641629801	false	0.5
stinktier	neg 1.0		__DUMMY__ 0.8636261868051021 off 0.07833317689502414 neg 0.05804063629987385	false	0.5
tucke	off 1.0		__DUMMY__ 0.8603825807056884 off 0.08259797740320138 neg 0.057019441891110224	false	1.0
ein			__DUMMY__ 0.8760581695213059 off 0.06571743522650013 neg 0.05822439525219388	false	0.0
abstieg	neg 1.0		__DUMMY__ 0.8849030072030323 off 0.06484867211553551 neg 0.050248320681432264	false	0.5
missverstehen	neg 1.0		__DUMMY__ 0.8758978883464376 off 0.06986908989544985 neg 0.05423302175811265	false	0.5
ergebnislos	neg 1.0		__DUMMY__ 0.8848230666437633 off 0.06332876910184389 neg 0.051848164254392815	false	0.5
unter			__DUMMY__ 0.8919185433121625 off 0.05472631346910188 neg 0.0533551432187357	false	0.0
manipulieren	neg 1.0		__DUMMY__ 0.8831425666554109 off 0.06269987918640971 neg 0.05415755415817926	false	0.5
unbewiesen	neg 1.0		__DUMMY__ 0.8765428242395067 off 0.06844777695478575 neg 0.05500939880570753	false	0.5
verschleppen	neg 1.0		__DUMMY__ 0.8803218199576028 off 0.06437399935893325 neg 0.0553041806834639	false	0.5
weib	off 1.0		__DUMMY__ 0.8628379702368205 off 0.08286457245508602 neg 0.054297457308093544	false	1.0
opposition	neg 1.0		__DUMMY__ 0.8753876394583122 off 0.06839085749620676 neg 0.05622150304548106	false	0.5
verkehrswidrig	neg 1.0		__DUMMY__ 0.8738927289583651 off 0.07732265734846082 neg 0.048784613693173995	false	0.5
inkorrekt	neg 1.0		__DUMMY__ 0.8700949045014817 off 0.07612268773766695 neg 0.05378240776085132	false	0.5
vermeiden	neg 1.0		__DUMMY__ 0.8881189643185986 off 0.0581025513391314 neg 0.05377848434226996	false	0.5
abweichung	neg 1.0		__DUMMY__ 0.8816213956361068 off 0.06462167556967692 neg 0.05375692879421638	false	0.5
alkoholisiert	neg 1.0		__DUMMY__ 0.8878223556839735 off 0.06126247167465232 neg 0.05091517264137428	false	0.5
scheiss	off 1.0	off 1.0	off 0.526175187952797 __DUMMY__ 0.4318960581456671 neg 0.041928753901535866	false	1.0
herausforderung	neg 1.0		__DUMMY__ 0.8810509127810054 off 0.06440301222531283 neg 0.05454607499368177	false	0.5
pervers	off 1.0		__DUMMY__ 0.8612058621889832 off 0.08518303739185192 neg 0.05361110041916491	false	1.0
wackelig	neg 1.0		__DUMMY__ 0.8813182357338925 off 0.06394960198444084 neg 0.05473216228166673	false	0.5
verwickeln	neg 1.0		__DUMMY__ 0.8761638258156424 off 0.06898237217914044 neg 0.054853802005217105	false	0.5
vorwand	neg 1.0		__DUMMY__ 0.8837336301613111 off 0.061292330035987615 neg 0.054974039802701304	false	0.5
muschi	off 1.0		__DUMMY__ 0.8811838233131443 off 0.06632959172948746 neg 0.052486584957368396	false	1.0
entmutigung	neg 1.0		__DUMMY__ 0.8720171183816303 off 0.06970705305867947 neg 0.05827582855969014	false	0.5
unangemessen	neg 1.0		__DUMMY__ 0.8799692037849403 off 0.06589066259129082 neg 0.05414013362376885	false	0.5
unstetig	neg 1.0		__DUMMY__ 0.8762008298799181 off 0.0707957344502482 neg 0.05300343566983367	false	0.5
entmutigen	neg 1.0		__DUMMY__ 0.8771489504693576 off 0.06781320828799428 neg 0.0550378412426482	false	0.5
schwanz	neg 1.0		__DUMMY__ 0.8822574915274564 off 0.06403576744587502 neg 0.05370674102666867	false	0.5
verbot	neg 1.0		__DUMMY__ 0.8784263808214191 off 0.06569034886135086 neg 0.055883270317230095	false	0.5
leid	neg 1.0		__DUMMY__ 0.8686755374734156 off 0.0775717763324868 neg 0.05375268619409752	false	0.5
archaisch	neg 1.0		__DUMMY__ 0.8796176145654944 off 0.06552498479387761 neg 0.054857400640628017	false	0.5
gegen			__DUMMY__ 0.8857101052340686 off 0.06105881748675019 neg 0.0532310772791812	false	0.0
scheidung	neg 1.0		__DUMMY__ 0.8624656460579748 off 0.08873071230263573 neg 0.04880364163938949	false	0.5
einschlag	neg 1.0		__DUMMY__ 0.874209897660631 off 0.07629374501385236 neg 0.04949635732551675	false	0.5
m			__DUMMY__ 0.8809634458211125 off 0.06459202208054399 neg 0.05444453209834357	false	0.0
abgestanden	neg 1.0		__DUMMY__ 0.8717223530831393 off 0.06630423528322484 neg 0.061973411633635914	false	0.5
schmierig	off 1.0		__DUMMY__ 0.8677076512175532 off 0.077275524444223 neg 0.055016824338223705	false	1.0
unpraktisch	neg 1.0		__DUMMY__ 0.8780692174582513 off 0.0679794394005017 neg 0.05395134314124708	false	0.5
wixxer	off 1.0		__DUMMY__ 0.8594859165115124 off 0.08558225767786724 neg 0.05493182581062037	false	1.0
bezeichnet			__DUMMY__ 0.879187835242948 off 0.06734388961031505 neg 0.05346827514673703	false	0.0
jammerlappen	off 1.0		__DUMMY__ 0.873454898686573 off 0.07217009738599145 neg 0.05437500392743567	false	1.0
farce	neg 1.0		__DUMMY__ 0.8765932677852512 off 0.06728598355892917 neg 0.056120748655819695	false	0.5
zwecklos	neg 1.0		__DUMMY__ 0.87979031925261 off 0.0649067665443743 neg 0.05530291420301565	false	0.5
turbulent	neg 1.0		__DUMMY__ 0.871018377700525 off 0.07412349962709677 neg 0.05485812267237824	false	0.5
invasion	neg 1.0		__DUMMY__ 0.8759894611505671 off 0.06956094045356781 neg 0.054449598395865176	false	0.5
schuld	neg 1.0		__DUMMY__ 0.8773911043134033 off 0.06828821634478516 neg 0.05432067934181165	false	0.5
risiko	neg 1.0		__DUMMY__ 0.8744826364915075 off 0.06909502867632476 neg 0.05642233483216776	false	0.5
finster	neg 1.0		__DUMMY__ 0.8760153767900747 off 0.06597034411050577 neg 0.0580142790994195	false	0.5
geisteskrank	off 1.0		__DUMMY__ 0.8712102053549174 off 0.07483550209692466 neg 0.05395429254815787	false	1.0
zusammenbrechen	neg 1.0		__DUMMY__ 0.879180955695087 off 0.06502258802050787 neg 0.05579645628440504	false	0.5
ausbeute	neg 1.0		__DUMMY__ 0.8820003360275224 off 0.0654189025714147 neg 0.05258076140106296	false	0.5
hinterhalt	neg 1.0		__DUMMY__ 0.8807343408120625 off 0.06521562141156625 neg 0.05405003777637124	false	0.5
kritik	neg 1.0		__DUMMY__ 0.8768265617646184 off 0.06704496625346495 neg 0.056128471981916714	false	0.5
einschrumpfen	neg 1.0		__DUMMY__ 0.8720751862280574 off 0.0723733802558568 neg 0.05555143351608588	false	0.5
riskant	neg 1.0		__DUMMY__ 0.8821747444187714 off 0.06249719140833566 neg 0.055328064172892884	false	0.5
frustrieren	neg 1.0		__DUMMY__ 0.8808332614457905 off 0.06341441031049211 neg 0.05575232824371734	false	0.5
groll	neg 1.0		__DUMMY__ 0.8811521074638156 off 0.06511160073591235 neg 0.05373629180027202	false	0.5
gibt			__DUMMY__ 0.8807319890073845 off 0.06463245714931504 neg 0.05463555384330058	false	0.0
qualvoll	neg 1.0		__DUMMY__ 0.8758348716005625 off 0.06890122416863817 neg 0.05526390423079925	false	0.5
wackeln	neg 1.0		__DUMMY__ 0.8781247532132164 off 0.06652626301047578 neg 0.055348983776307904	false	0.5
klagen	neg 1.0		__DUMMY__ 0.8827687069819806 off 0.06157572891177683 neg 0.055655564106242464	false	0.5
bankrott	neg 1.0		__DUMMY__ 0.875718165524981 off 0.0713625499449368 neg 0.05291928453008214	false	0.5
trauern	neg 1.0		__DUMMY__ 0.8863811022573568 off 0.06245074508028487 neg 0.05116815266235824	false	0.5
ablehnung	neg 1.0		__DUMMY__ 0.8775659391723941 off 0.06642785399928093 neg 0.05600620682832495	false	0.5
stur	neg 1.0		__DUMMY__ 0.8762231461152883 off 0.06823597045192777 neg 0.05554088343278399	false	0.5
aufruhr	neg 1.0		__DUMMY__ 0.8775175860881343 off 0.06716245245405297 neg 0.05531996145781258	false	0.5
melancholie	neg 1.0		__DUMMY__ 0.879666967274126 off 0.0616212686358396 neg 0.058711764090034445	false	0.5
ist			__DUMMY__ 0.8768480428484309 off 0.06866220197144733 neg 0.05448975518012188	false	0.0
torheit	neg 1.0		__DUMMY__ 0.8775089440324572 off 0.06842221016634693 neg 0.054068845801195975	false	0.5
dreckskind	off 1.0		__DUMMY__ 0.8644506636512804 off 0.08186006734514409 neg 0.05368926900357542	false	1.0
umtauschen	neg 1.0		__DUMMY__ 0.8788325948636919 off 0.06577769912889676 neg 0.05538970600741126	false	0.5
zum			__DUMMY__ 0.891381708199273 off 0.05814399730331812 neg 0.05047429449740893	false	0.0
zersetzen	neg 1.0		__DUMMY__ 0.8809508741519769 off 0.06238534758928699 neg 0.05666377825873602	false	0.5
zur			__DUMMY__ 0.8882282995766901 off 0.05846145514674215 neg 0.053310245276567726	false	0.0
frust	neg 1.0		__DUMMY__ 0.8794475160962484 off 0.06482255084742096 neg 0.055729933056330595	false	0.5
unerbittlichkeit	neg 1.0		__DUMMY__ 0.8832016703886716 off 0.06323243902194348 neg 0.053565890589384955	false	0.5
zwei			__DUMMY__ 0.8878649463295302 off 0.05763654830449713 neg 0.054498505365972685	false	0.0
unkorrekt	neg 1.0		__DUMMY__ 0.871021990241928 off 0.07465896348839211 neg 0.05431904626967989	false	0.5
hexe	off 1.0		__DUMMY__ 0.8705161750890084 off 0.07141537373899358 neg 0.058068451171997985	false	1.0
lasch	neg 1.0		__DUMMY__ 0.874048282507654 off 0.07135609429988478 neg 0.05459562319246123	false	0.5
rivale	neg 1.0		__DUMMY__ 0.8714182877698263 off 0.07597978704533656 neg 0.05260192518483704	false	0.5
mutlos	off 1.0	off 1.0	off 0.5188991851082231 __DUMMY__ 0.4394399532896382 neg 0.04166086160213875	false	1.0
wirr	off 1.0		__DUMMY__ 0.8683127261582637 off 0.0766245845540618 neg 0.055062689287674584	false	1.0
jahr			__DUMMY__ 0.8879326484272191 off 0.06200201893259728 neg 0.05006533264018357	false	0.0
wird			__DUMMY__ 0.8816362957672463 off 0.0639613385158088 neg 0.054402365716944845	false	0.0
strafbar	neg 1.0		__DUMMY__ 0.8825443671075464 off 0.06310070332479795 neg 0.0543549295676557	false	0.5
erosion	neg 1.0		__DUMMY__ 0.879131352524536 off 0.06698174039410117 neg 0.053886907081362866	false	0.5
eingehen	neg 1.0		__DUMMY__ 0.880674028705195 off 0.06326149234395521 neg 0.05606447895084988	false	0.5
faul	off 1.0		__DUMMY__ 0.8748270930070032 off 0.07095891611924081 neg 0.05421399087375603	false	1.0
provisorium	neg 1.0		__DUMMY__ 0.8924576906322174 off 0.05469082858870656 neg 0.0528514807790761	false	0.5
schmerzen	neg 1.0		__DUMMY__ 0.8775753930386802 off 0.06515091078491529 neg 0.057273696176404564	false	0.5
schrumpfen	neg 1.0		__DUMMY__ 0.8838334719434011 off 0.05859861067562665 neg 0.057567917380972285	false	0.5
geistlos	off 1.0		__DUMMY__ 0.8741527790794751 off 0.0703064918280315 neg 0.055540729092493364	false	1.0
fehlkauf	neg 1.0		__DUMMY__ 0.8755844518779134 off 0.0696163729401811 neg 0.05479917518190544	false	0.5
frustrierend	neg 1.0		__DUMMY__ 0.8744304671114826 off 0.07086988258149182 neg 0.05469965030702551	false	0.5
unzufrieden	neg 1.0		__DUMMY__ 0.8804191714834135 off 0.06471159182462213 neg 0.054869236691964404	false	0.5
verzweifeln	neg 1.0		__DUMMY__ 0.8794766707184906 off 0.06592501939875162 neg 0.05459830988275786	false	0.5
verzweifelt	neg 1.0		__DUMMY__ 0.8762229574583073 off 0.06829584194503151 neg 0.05548120059666114	false	0.5
misstrauensantrag	neg 1.0		__DUMMY__ 0.8757636724262329 off 0.06883708680037386 neg 0.05539924077339321	false	0.5
abfallen	neg 1.0		__DUMMY__ 0.8773997832284067 off 0.06670248272662874 neg 0.05589773404496451	false	0.5
fucker	off 1.0		__DUMMY__ 0.8712369981303506 off 0.07564380675603383 neg 0.053119195113615555	false	1.0
ungezogen	neg 1.0		__DUMMY__ 0.8639777873319038 off 0.08277552408593797 neg 0.05324668858215827	false	0.5
irrsinnig	neg 1.0	neg 1.0	neg 0.5118461922705213 __DUMMY__ 0.4365807735835768 off 0.05157303414590191	false	1.0
unfassbar	neg 1.0		__DUMMY__ 0.8734031340767302 off 0.07305378158188064 neg 0.053543084341389234	false	0.5
hart	neg 1.0		__DUMMY__ 0.8702591847419318 off 0.07316457033626222 neg 0.05657624492180604	false	0.5
widerlich	off 1.0		__DUMMY__ 0.8722939834736375 off 0.07365225314929086 neg 0.05405376337707172	false	1.0
fatal	neg 1.0	neg 1.0	neg 0.513857810857934 __DUMMY__ 0.4332146808587593 off 0.052927508283306675	false	1.0
bruch	neg 1.0		__DUMMY__ 0.8844662924053882 off 0.06010673819725601 neg 0.05542696939735575	false	0.5
aushungern	neg 1.0		__DUMMY__ 0.878090975060157 off 0.065949625072544 neg 0.055959399867299	false	0.5
anspannung	neg 1.0		__DUMMY__ 0.8891201780755624 off 0.05797502346307326 neg 0.05290479846136437	false	0.5
von			__DUMMY__ 0.8840089929841034 off 0.06125551549070651 neg 0.05473549152519006	false	0.0
kraftlos	neg 1.0		__DUMMY__ 0.8804645456615203 off 0.06396156971308016 neg 0.05557388462539955	false	0.5
vom			__DUMMY__ 0.8934806834016836 off 0.055052014331223934 neg 0.05146730226709247	false	0.0
grenzdebil	off 1.0		__DUMMY__ 0.8717066004364076 off 0.07332702222548876 neg 0.05496637733810368	false	1.0
vor			__DUMMY__ 0.884729759266797 off 0.0603303208408479 neg 0.05493991989235524	false	0.0
unterwerfen	neg 1.0		__DUMMY__ 0.8826372769036969 off 0.06371758975321425 neg 0.05364513334308886	false	0.5
versenkung	neg 1.0		__DUMMY__ 0.8830844090197361 off 0.06324889453501209 neg 0.053666696445251835	false	0.5
entziehen	neg 1.0		__DUMMY__ 0.8839453746272155 off 0.061240531028791616 neg 0.05481409434399301	false	0.5
finanzkrise	neg 1.0		__DUMMY__ 0.8717455404234186 off 0.06665160556802517 neg 0.06160285400855616	false	0.5
schimpfend	neg 1.0		__DUMMY__ 0.8797431864290604 off 0.06725156740347664 neg 0.053005246167462994	false	0.5
profan	neg 1.0		__DUMMY__ 0.8753231461938252 off 0.06928596933074634 neg 0.05539088447542852	false	0.5
korruption	neg 1.0		__DUMMY__ 0.8776086478888409 off 0.06521905645217257 neg 0.057172295658986454	false	0.5
â			__DUMMY__ 0.881227489511413 off 0.06396302865780353 neg 0.054809481830783525	false	0.0
schmutzig	neg 1.0		__DUMMY__ 0.8714351476525415 off 0.07346041113821526 neg 0.05510444120924325	false	0.5
sexy	neg 1.0		__DUMMY__ 0.8758619933697118 off 0.0708285532826974 neg 0.05330945334759082	false	0.5
abraten	neg 1.0		__DUMMY__ 0.8773885900464014 off 0.06875495948152717 neg 0.0538564504720715	false	0.5
schwarz	neg 1.0		__DUMMY__ 0.8769311470725586 off 0.06925323552437618 neg 0.053815617403065154	false	0.5
fotze	off 1.0	off 1.0	off 0.5192120241888748 __DUMMY__ 0.44020698330561353 neg 0.040580992505511795	false	1.0
verwirren	neg 1.0		__DUMMY__ 0.8758305872479579 off 0.06961177125034822 neg 0.0545576415016939	false	0.5
zahnlos	off 1.0		__DUMMY__ 0.8795457572307244 off 0.06571802648109439 neg 0.05473621628818123	false	1.0
verheeren	neg 1.0		__DUMMY__ 0.8629986298496539 off 0.08430658014512106 neg 0.05269479000522492	false	0.5
hippie	neg 1.0		__DUMMY__ 0.8754592544577242 off 0.07056405113286708 neg 0.05397669440940866	false	0.5
rammen	neg 1.0		__DUMMY__ 0.8797160246074713 off 0.06703501224506835 neg 0.05324896314746022	false	0.5
unlauter	neg 1.0		__DUMMY__ 0.875416101319431 off 0.06913457471576404 neg 0.055449323964804946	false	0.5
unheilvoll	neg 1.0		__DUMMY__ 0.8767106499863806 off 0.06777698624101426 neg 0.05551236377260517	false	0.5
niedrig	neg 1.0		__DUMMY__ 0.879013154474396 off 0.06373412478622859 neg 0.05725272073937534	false	0.5
explosion	neg 1.0		__DUMMY__ 0.8761904601699556 off 0.07036130895435912 neg 0.053448230875685204	false	0.5
weichei	off 1.0	off 1.0	off 0.5296312651546153 __DUMMY__ 0.42755862080031215 neg 0.04281011404507242	false	1.0
minusmensch	off 1.0		__DUMMY__ 0.862814339742364 off 0.08431669758096498 neg 0.0528689626766711	false	1.0
farblos	neg 1.0		__DUMMY__ 0.8780514719231267 off 0.06765684258258986 neg 0.054291685494283475	false	0.5
unwissend	neg 1.0	neg 1.0	neg 0.5118209569225501 __DUMMY__ 0.4336170006076079 off 0.054562042469842094	false	1.0
traurig	neg 1.0		__DUMMY__ 0.8710282517231143 off 0.07562903240198969 neg 0.053342715874896	false	0.5
senkung	neg 1.0		__DUMMY__ 0.870871055831759 off 0.06980518773385853 neg 0.05932375643438256	false	0.5
ungleich	neg 1.0	neg 1.0	neg 0.5120652026183373 __DUMMY__ 0.43957350971317743 off 0.048361287668485325	false	1.0
heikel	neg 1.0		__DUMMY__ 0.8822832480359845 off 0.06264017315986517 neg 0.05507657880415043	false	0.5
drosselung	neg 1.0		__DUMMY__ 0.8690785124136894 off 0.0733826286161179 neg 0.05753885897019269	false	0.5
falsch	neg 1.0		__DUMMY__ 0.8756006454103237 off 0.0710237112705569 neg 0.053375643319119495	false	0.5
unzufriedenheit	neg 1.0		__DUMMY__ 0.8808758849506934 off 0.06253486414902168 neg 0.05658925090028494	false	0.5
kurz	neg 1.0		__DUMMY__ 0.8819131560499304 off 0.0645265383081235 neg 0.05356030564194612	false	0.5
unsinnig	neg 1.0		__DUMMY__ 0.8775105284514272 off 0.06618596617519813 neg 0.05630350537337476	false	0.5
penner	off 1.0	off 1.0	off 0.531152083497252 __DUMMY__ 0.42713585489219874 neg 0.04171206161054926	false	1.0
seicht	neg 1.0		__DUMMY__ 0.8612963697678789 off 0.08224579065777246 neg 0.05645783957434853	false	0.5
dummheit	off 1.0	off 1.0	off 0.5231883556761018 __DUMMY__ 0.4344531905056567 neg 0.042358453818241576	false	1.0
unerfreulich	neg 1.0		__DUMMY__ 0.8828444144243512 off 0.06227257899098194 neg 0.05488300658466692	false	0.5
motherfucker	off 1.0	off 1.0	off 0.5270257727998356 __DUMMY__ 0.4320614290636924 neg 0.040912798136472	false	1.0
pikiert	neg 1.0		__DUMMY__ 0.8720706575568695 off 0.07253220761381778 neg 0.05539713482931278	false	0.5
wrack	neg 1.0		__DUMMY__ 0.8866483958067908 off 0.06448967742872187 neg 0.04886192676448742	false	0.5
gangster	neg 1.0		__DUMMY__ 0.8751577020367143 off 0.07073607564317734 neg 0.054106222320108296	false	0.5
krank	neg 1.0		__DUMMY__ 0.8731150222768933 off 0.07317892748276392 neg 0.053706050240342695	false	0.5
reich	neg 1.0		__DUMMY__ 0.8702175901645127 off 0.07106418889351446 neg 0.05871822094197278	false	0.5
gnadenlos	neg 1.0		__DUMMY__ 0.878254951549956 off 0.06803939996407815 neg 0.0537056484859658	false	0.5
niedergeschlagen	neg 1.0		__DUMMY__ 0.8817859277893513 off 0.06422712865476611 neg 0.05398694355588247	false	0.5
terrorisieren	off 1.0	off 1.0	off 0.5179566308339979 __DUMMY__ 0.4404020932741102 neg 0.041641275891891934	false	1.0
sinnlosigkeit	neg 1.0		__DUMMY__ 0.8801419174097327 off 0.06517635914910204 neg 0.05468172344116522	false	0.5
behindern	neg 1.0		__DUMMY__ 0.8782316784358023 off 0.06656715306282773 neg 0.05520116850137	false	0.5
undemokratisch	neg 1.0		__DUMMY__ 0.8750853715511404 off 0.06964745870424115 neg 0.055267169744618524	false	0.5
wirtschaftskrise	neg 1.0		__DUMMY__ 0.8767760801165235 off 0.06483304280705787 neg 0.05839087707641856	false	0.5
neid	neg 1.0		__DUMMY__ 0.874794384122714 off 0.07011380815321518 neg 0.05509180772407085	false	0.5
rutschen	neg 1.0		__DUMMY__ 0.8876297635486209 off 0.0573396588222027 neg 0.05503057762917645	false	0.5
rezession	neg 1.0		__DUMMY__ 0.8640848864095741 off 0.07605247509571096 neg 0.05986263849471497	false	0.5
fehlgeburt	neg 1.0		__DUMMY__ 0.8798553631593552 off 0.06682080872798692 neg 0.05332382811265786	false	0.5
charakterschwach	off 1.0		__DUMMY__ 0.8720547408019901 off 0.07322054160337219 neg 0.05472471759463775	false	1.0
isolation	neg 1.0		__DUMMY__ 0.8762616075578304 off 0.07086241361542352 neg 0.0528759788267461	false	0.5
ablenkung	neg 1.0		__DUMMY__ 0.8796980359410225 off 0.0665373301035591 neg 0.0537646339554183	false	0.5
pech	neg 1.0		__DUMMY__ 0.8739125140046096 off 0.07086191284718879 neg 0.055225573148201604	false	0.5
vermeidung	neg 1.0		__DUMMY__ 0.8712233534002672 off 0.07320419050311926 neg 0.05557245609661346	false	0.5
dominieren	neg 1.0		__DUMMY__ 0.8803857074822518 off 0.0653893793401661 neg 0.054224913177582094	false	0.5
schwindlig	neg 1.0		__DUMMY__ 0.8759857099284707 off 0.06844602938331425 neg 0.05556826068821496	false	0.5
lutscher	neg 1.0		__DUMMY__ 0.8602029437771276 off 0.08381901807804533 neg 0.055978038144827165	false	0.5
pflicht	neg 1.0		__DUMMY__ 0.8845614764057207 off 0.06140045963939488 neg 0.05403806395488448	false	0.5
faschist	off 1.0		__DUMMY__ 0.8751639090265776 off 0.07112919692828436 neg 0.053706894045137975	false	1.0
verschleudern	neg 1.0		__DUMMY__ 0.8771813478330438 off 0.06344628036025793 neg 0.05937237180669826	false	0.5
wenn			__DUMMY__ 0.873286881045225 off 0.07184581028400662 neg 0.054867308670768306	false	0.0
ehebruch	neg 1.0		__DUMMY__ 0.8803974396516858 off 0.06427829550833453 neg 0.055324264839979695	false	0.5
spott	off 1.0		__DUMMY__ 0.8823129086301477 off 0.06415935021609682 neg 0.05352774115375555	false	1.0
trostlosigkeit	neg 1.0		__DUMMY__ 0.8819788126716844 off 0.06125864078555109 neg 0.05676254654276445	false	0.5
lutschen	neg 1.0		__DUMMY__ 0.8758244516224639 off 0.07123604955776987 neg 0.052939498819766305	false	0.5
undiszipliniert	neg 1.0		__DUMMY__ 0.8709980972045712 off 0.07482546803691065 neg 0.05417643475851824	false	0.5
kopfschmerz	neg 1.0		__DUMMY__ 0.8776517852162339 off 0.0631272610608186 neg 0.0592209537229475	false	0.5
unvorhergesehen	neg 1.0		__DUMMY__ 0.8849075381006488 off 0.0609200501915011 neg 0.05417241170785001	false	0.5
desinteressiert	neg 1.0		__DUMMY__ 0.8712544201991618 off 0.07429419991427585 neg 0.05445137988656246	false	0.5
armselig	off 1.0		__DUMMY__ 0.8697757284266527 off 0.07671485666303854 neg 0.05350941491030869	false	1.0
desaster	neg 1.0		__DUMMY__ 0.8826608213667705 off 0.06082340912122599 neg 0.05651576951200347	false	0.5
tod	neg 1.0		__DUMMY__ 0.8828426334910193 off 0.06287750999097798 neg 0.0542798565180027	false	0.5
herzlos	neg 1.0		__DUMMY__ 0.8697892841144595 off 0.07604031091552531 neg 0.054170404970015094	false	0.5
unwissenheit	neg 1.0		__DUMMY__ 0.8802259234668799 off 0.06483661360785914 neg 0.054937462925260944	false	0.5
widersinnig	neg 1.0		__DUMMY__ 0.8760718796530951 off 0.06636749153433841 neg 0.05756062881256645	false	0.5
bedenklich	neg 1.0		__DUMMY__ 0.8801483518392175 off 0.06397577218763817 neg 0.055875875973144244	false	0.5
beanstanden	neg 1.0		__DUMMY__ 0.8848473898418547 off 0.06201102926036969 neg 0.05314158089777559	false	0.5
panisch	neg 1.0		__DUMMY__ 0.8775991716522495 off 0.06852917100333486 neg 0.05387165734441566	false	0.5
debil	off 1.0		__DUMMY__ 0.890415775904103 off 0.05526282207585326 neg 0.054321402020043694	false	1.0
abstrich	neg 1.0		__DUMMY__ 0.8811900287210366 off 0.0644826188316131 neg 0.05432735244735039	false	0.5
primitiv	neg 1.0		__DUMMY__ 0.8716038288744999 off 0.07454637657793006 neg 0.05384979454757002	false	0.5
abschaum	off 1.0	off 1.0	off 0.5253434754902591 __DUMMY__ 0.43477920533052583 neg 0.03987731917921515	false	1.0
provozieren	neg 1.0		__DUMMY__ 0.8768922957456422 off 0.06804080359901034 neg 0.05506690065534752	false	0.5
tot	neg 1.0		__DUMMY__ 0.8814466081495264 off 0.06434274259174451 neg 0.054210649258729135	false	0.5
instabil	neg 1.0		__DUMMY__ 0.8673044356160272 off 0.07688198515974562 neg 0.0558135792242271	false	0.5
schwuchtel	off 1.0	off 1.0	off 0.5369930881053011 __DUMMY__ 0.4221778001062142 neg 0.040829111788484786	false	1.0
zerren	neg 1.0		__DUMMY__ 0.8815062855337146 off 0.0643014855099764 neg 0.05419222895630907	false	0.5
kinderficker	off 1.0		__DUMMY__ 0.8674094008862252 off 0.07908801227820064 neg 0.05350258683557413	false	1.0
gefahr	neg 1.0		__DUMMY__ 0.8841760108062536 off 0.06183190129806678 neg 0.05399208789567952	false	0.5
rabiat	neg 1.0		__DUMMY__ 0.877728703372614 off 0.06617665241281499 neg 0.05609464421457096	false	0.5
verlangsamung	neg 1.0		__DUMMY__ 0.8642817200306575 off 0.0808366295152874 neg 0.05488165045405502	false	0.5
ausgestorben	neg 1.0		__DUMMY__ 0.8802336582284913 off 0.06575331856721928 neg 0.05401302320428936	false	0.5
anklagen	neg 1.0		__DUMMY__ 0.8800653240459939 off 0.06552065113513106 neg 0.05441402481887501	false	0.5
trott	neg 1.0		__DUMMY__ 0.8787961955769622 off 0.06682136446006899 neg 0.054382439962968786	false	0.5
verminderung	neg 1.0		__DUMMY__ 0.8712121166618729 off 0.07319931914870863 neg 0.05558856418941844	false	0.5
nach			__DUMMY__ 0.890413816578213 off 0.056175318817015575 neg 0.05341086460477144	false	0.0
rost	neg 1.0		__DUMMY__ 0.8679434769508606 off 0.0819532844408692 neg 0.05010323860827027	false	0.5
destruktiv	neg 1.0		__DUMMY__ 0.8775960606503982 off 0.06693596256058212 neg 0.05546797678901978	false	0.5
unzumutbarkeit	neg 1.0		__DUMMY__ 0.8740103336519184 off 0.07328281911749364 neg 0.052706847230587946	false	0.5
labil	off 1.0	off 1.0	off 0.5247781705482013 __DUMMY__ 0.4339680220140705 neg 0.041253807437728184	false	1.0
ziemlich	neg 1.0		__DUMMY__ 0.8742557910046842 off 0.07269478679705609 neg 0.0530494221982597	false	0.5
lachnummer	off 1.0		__DUMMY__ 0.8784894990622315 off 0.067689508797057 neg 0.05382099214071138	false	1.0
oder			__DUMMY__ 0.8790500097816192 off 0.06722799068267449 neg 0.053721999535706395	false	0.0
verfall	neg 1.0		__DUMMY__ 0.8842576184050618 off 0.05870697728303469 neg 0.057035404311903556	false	0.5
ausgrenzung	neg 1.0		__DUMMY__ 0.8751027707861926 off 0.06952198377192183 neg 0.055375245441885594	false	0.5
unordnung	neg 1.0		__DUMMY__ 0.8702612681165092 off 0.07726302001766187 neg 0.05247571186582886	false	0.5
fehlverhalten	neg 1.0		__DUMMY__ 0.8821279771531103 off 0.06318078024484826 neg 0.05469124260204154	false	0.5
eine			__DUMMY__ 0.8831782439516935 off 0.060830665482052244 neg 0.05599109056625413	false	0.0
nille	neg 1.0		__DUMMY__ 0.8794035285663201 off 0.0673824905823363 neg 0.05321398085134358	false	0.5
qual	neg 1.0		__DUMMY__ 0.8787875175868414 off 0.06651225821199144 neg 0.054700224201167214	false	0.5
verschwenden	neg 1.0		__DUMMY__ 0.8803344952951191 off 0.06265548798534883 neg 0.05701001671953211	false	0.5
riesig	neg 1.0		__DUMMY__ 0.8836640879976247 off 0.06280947839161193 neg 0.053526433610763306	false	0.5
verurteilen	neg 1.0		__DUMMY__ 0.8799215805234393 off 0.06537858689178255 neg 0.05469983258477808	false	0.5
klischee	neg 1.0	neg 1.0	neg 0.5124903373385394 __DUMMY__ 0.43356082187468886 off 0.0539488407867717	false	1.0
diktatorisch	neg 1.0		__DUMMY__ 0.8752005729653788 off 0.06979573391388925 neg 0.05500369312073203	false	0.5
vorhersehbar	neg 1.0		__DUMMY__ 0.8741952995189359 off 0.07028563035845692 neg 0.05551907012260718	false	0.5
sowie			__DUMMY__ 0.866091411457515 off 0.07830757434745747 neg 0.055601014195027665	false	0.0
stornieren	neg 1.0		__DUMMY__ 0.8810561422202525 off 0.0696540796351563 neg 0.049289778144591165	false	0.5
besteuerung	neg 1.0	neg 1.0	neg 0.5150929946768847 __DUMMY__ 0.4334688988728418 off 0.05143810645027349	false	1.0
ungeschminkt	neg 1.0		__DUMMY__ 0.8721476967725841 off 0.07415217491347524 neg 0.05370012831394066	false	0.5
kritisch	neg 1.0		__DUMMY__ 0.8803926751304653 off 0.06490917030258778 neg 0.05469815456694698	false	0.5
schlamperei	off 1.0		__DUMMY__ 0.881759858503017 off 0.06356013165634737 neg 0.05468000984063567	false	1.0
sucht	neg 1.0	neg 1.0	neg 0.5093673098634177 __DUMMY__ 0.4391708948984915 off 0.05146179523809075	false	1.0
egoistisch	off 1.0	off 1.0	off 0.5295663432137258 __DUMMY__ 0.430313970456627 neg 0.040119686329647235	false	1.0
ausbeuter	off 1.0		__DUMMY__ 0.879650892926596 off 0.06293435381660296 neg 0.057414753256800996	false	1.0
arschgeburt	off 1.0		__DUMMY__ 0.857457502194561 off 0.08834162224080923 neg 0.05420087556462982	false	1.0
schubs	neg 1.0		__DUMMY__ 0.8792509118636411 off 0.0633365176393018 neg 0.057412570497057176	false	0.5
unsolide	neg 1.0		__DUMMY__ 0.8753363325856782 off 0.07007559408265446 neg 0.05458807333166726	false	0.5
beschwerde	neg 1.0		__DUMMY__ 0.8808389165586266 off 0.06514999929027687 neg 0.05401108415109651	false	0.5
stocken	neg 1.0		__DUMMY__ 0.881110428076785 off 0.06402816236906736 neg 0.05486140955414758	false	0.5
isolieren	neg 1.0		__DUMMY__ 0.8786395808108788 off 0.0650635725678582 neg 0.05629684662126299	false	0.5
unheilbar	neg 1.0		__DUMMY__ 0.8777808754594053 off 0.06720888869734595 neg 0.055010235843248816	false	0.5
pisser	off 1.0	off 1.0	off 0.5275850142424623 __DUMMY__ 0.43292616274493934 neg 0.039488823012598394	false	1.0
löschen	neg 1.0		__DUMMY__ 0.8781875602234878 off 0.06756406698313129 neg 0.05424837279338092	false	0.5
durchfallen	neg 1.0		__DUMMY__ 0.8808663455837594 off 0.06456694775023669 neg 0.05456670666600396	false	0.5
wichser	off 1.0	off 1.0	off 0.5336429476822447 __DUMMY__ 0.42498655287282766 neg 0.04137049944492763	false	1.0
terror	neg 1.0		__DUMMY__ 0.8759963063538614 off 0.07014267459129435 neg 0.05386101905484416	false	0.5
krass	neg 1.0		__DUMMY__ 0.8687665241723408 off 0.07747090000160747 neg 0.053762575826051755	false	0.5
revolte	neg 1.0		__DUMMY__ 0.8713736075941341 off 0.07114241294046844 neg 0.05748397946539746	false	0.5
besorgt	neg 1.0		__DUMMY__ 0.8821115939671257 off 0.06483405573182793 neg 0.05305435030104633	false	0.5
nachlassen	neg 1.0		__DUMMY__ 0.8828239875855555 off 0.06370693362622262 neg 0.05346907878822186	false	0.5
alt	neg 1.0		__DUMMY__ 0.876302239264675 off 0.06293153917087373 neg 0.060766221564451335	false	0.5
hundesohn	off 1.0	off 1.0	off 0.5330798127977234 __DUMMY__ 0.4263010141844351 neg 0.04061917301784134	false	1.0
als			__DUMMY__ 0.8790565549411266 off 0.06492246871158915 neg 0.05602097634728428	false	0.0
abschreckung	neg 1.0		__DUMMY__ 0.8819500309998984 off 0.06235722669862661 neg 0.05569274230147504	false	0.5
unqualifiziert	neg 1.0		__DUMMY__ 0.8744829792827137 off 0.07172133902586786 neg 0.053795681691418434	false	0.5
abgewichst	off 1.0		__DUMMY__ 0.8798320151518684 off 0.06654479862295486 neg 0.053623186225176825	false	1.0
schwer	neg 1.0		__DUMMY__ 0.878075881810688 off 0.06638363640437951 neg 0.05554048178493257	false	0.5
bedeutungslosigkeit	neg 1.0		__DUMMY__ 0.8818294127299218 off 0.06286656778047922 neg 0.05530401948959898	false	0.5
kapitulation	neg 1.0		__DUMMY__ 0.8787716838265767 off 0.06465048755895886 neg 0.05657782861446441	false	0.5
unscharf	neg 1.0		__DUMMY__ 0.8723534806685319 off 0.06859793346274601 neg 0.0590485858687221	false	0.5
schwinden	neg 1.0		__DUMMY__ 0.8801683824330251 off 0.06288105771026294 neg 0.0569505598567119	false	0.5
versklavung	neg 1.0	neg 1.0	neg 0.5126957027365442 __DUMMY__ 0.4349584431768292 off 0.05234585408662658	false	1.0
schlecht	neg 1.0		__DUMMY__ 0.8744357749060845 off 0.07289045351108729 neg 0.05267377158282826	false	0.5
verhasst	neg 1.0		__DUMMY__ 0.8762739055664639 off 0.06876576080498872 neg 0.05496033362854732	false	0.5
beschweren	neg 1.0		__DUMMY__ 0.8777738436085013 off 0.06894830393211573 neg 0.053277852459382956	false	0.5
scheiden	neg 1.0		__DUMMY__ 0.8776125491380151 off 0.06656786610873004 neg 0.05581958475325481	false	0.5
frustriert	neg 1.0		__DUMMY__ 0.8798797534308281 off 0.0656244190983857 neg 0.05449582747078618	false	0.5
schimmelig	neg 1.0		__DUMMY__ 0.8788982137090994 off 0.0633276698129029 neg 0.0577741164779977	false	0.5
fisch	neg 1.0		__DUMMY__ 0.8798791302232755 neg 0.06012336814206488 off 0.0599975016346596	false	1.0
schmuggel	neg 1.0		__DUMMY__ 0.8856513545430841 off 0.06096987926329217 neg 0.05337876619362366	false	0.5
auffallen	neg 1.0		__DUMMY__ 0.8761632089528612 off 0.06935648930980101 neg 0.05448030173733782	false	0.5
konkurrenz	neg 1.0		__DUMMY__ 0.8833425514921353 off 0.06238777335069462 neg 0.054269675157170134	false	0.5
teufelskreis	neg 1.0	neg 1.0	neg 0.5141045667212549 __DUMMY__ 0.43558192425230563 off 0.05031350902643939	false	1.0
aufschreien	neg 1.0		__DUMMY__ 0.8745327756546296 off 0.07007820809673164 neg 0.05538901624863875	false	0.5
schuldner	neg 1.0		__DUMMY__ 0.8786230418335824 off 0.06263731547141978 neg 0.05873964269499777	false	0.5
missgeburt	off 1.0	off 1.0	off 0.5315616915485213 __DUMMY__ 0.4302644505003438 neg 0.03817385795113491	false	1.0
arbeitslos	neg 1.0		__DUMMY__ 0.8806229079649628 off 0.06455344631280847 neg 0.054823645722228836	false	0.5
befallen	neg 1.0		__DUMMY__ 0.8756011527155126 off 0.06612707894978115 neg 0.05827176833470613	false	0.5
miesepetrig	off 1.0	off 1.0	off 0.5243716389567654 __DUMMY__ 0.43395066439213414 neg 0.041677696651100375	false	1.0
alarmieren	neg 1.0		__DUMMY__ 0.8746233315782506 off 0.07217387057290905 neg 0.053202797848840286	false	0.5
ungeduscht	off 1.0		__DUMMY__ 0.8738778089872072 off 0.07097101342557774 neg 0.055151177587215036	false	1.0
knappheit	neg 1.0		__DUMMY__ 0.8772979497121896 off 0.06484393743144952 neg 0.05785811285636098	false	0.5
schlange	neg 1.0		__DUMMY__ 0.8782905726940734 off 0.0671053223724552 neg 0.05460410493347145	false	0.5
harsch	neg 1.0		__DUMMY__ 0.8726001616413185 off 0.07710050483233387 neg 0.05029933352634773	false	0.5
lang	neg 1.0		__DUMMY__ 0.8776193307292677 off 0.06834803330274024 neg 0.05403263596799214	false	0.5
ziellos	neg 1.0		__DUMMY__ 0.882735456151066 off 0.06276211550190855 neg 0.05450242834702545	false	0.5
selbstverliebt	neg 1.0		__DUMMY__ 0.8620861883501022 off 0.08513265182074695 neg 0.05278115982915087	false	0.5
beseitigen	neg 1.0		__DUMMY__ 0.881472056544672 off 0.06677351688603128 neg 0.051754426569296734	false	0.5
dumm	off 1.0		__DUMMY__ 0.8663275353577606 off 0.07983126257294879 neg 0.05384120206929056	false	1.0
arbeitsloser	neg 1.0		__DUMMY__ 0.8842617191601932 off 0.06469808109960941 neg 0.051040199740197356	false	0.5
blitzen	neg 1.0		__DUMMY__ 0.8749586227240789 off 0.07115143488042501 neg 0.053889942395496125	false	0.5
hilflos	neg 1.0		__DUMMY__ 0.8803210664212052 off 0.06448011316716666 neg 0.05519882041162812	false	0.5
eklig	off 1.0		__DUMMY__ 0.8641503832335553 off 0.08020333926961788 neg 0.05564627749682677	false	1.0
begriff			__DUMMY__ 0.8789141467316289 off 0.06663810880962599 neg 0.05444774445874517	false	0.0
hungersnot	neg 1.0		__DUMMY__ 0.8777792336518574 off 0.06487598334843762 neg 0.057344782999704975	false	0.5
ungesetzlich	neg 1.0		__DUMMY__ 0.8744475770292846 off 0.06987569786355557 neg 0.055676725107159764	false	0.5
verschwendung	neg 1.0		__DUMMY__ 0.8816364958027931 off 0.06270725269164307 neg 0.055656251505563734	false	0.5
schmerzvoll	neg 1.0		__DUMMY__ 0.8758170348818041 off 0.06848858624642991 neg 0.055694378871766044	false	0.5
vorzeitig	neg 1.0		__DUMMY__ 0.8763650862427493 off 0.07227756081449341 neg 0.05135735294275734	false	0.5
unvollkommenheit	neg 1.0		__DUMMY__ 0.8808732733700453 off 0.06528790645670522 neg 0.05383882017324948	false	0.5
intervenieren	neg 1.0		__DUMMY__ 0.8790123834937941 off 0.06357592366203754 neg 0.05741169284416841	false	0.5
banause	off 1.0		__DUMMY__ 0.8602872423028864 off 0.081800545771987 neg 0.0579122119251265	false	1.0
rebell	neg 1.0		__DUMMY__ 0.8829656930626809 off 0.058542722675865834 neg 0.05849158426145322	false	0.5
unlogisch	neg 1.0		__DUMMY__ 0.8705894320538684 off 0.07546944431419492 neg 0.05394112363193666	false	0.5
leiden	neg 1.0		__DUMMY__ 0.886705322889182 off 0.061014828084660695 neg 0.0522798490261573	false	0.5
abschaffung	neg 1.0		__DUMMY__ 0.8756025808539091 off 0.06826112773129495 neg 0.05613629141479606	false	0.5
sturz	neg 1.0		__DUMMY__ 0.881266723987709 off 0.06914078960425438 neg 0.04959248640803655	false	0.5
verkleinerung	neg 1.0		__DUMMY__ 0.870773524987705 off 0.07151249973096385 neg 0.057713975281331216	false	0.5
schmarotzer	off 1.0		__DUMMY__ 0.8791583416567489 off 0.06550317719794435 neg 0.05533848114530678	false	1.0
bestrafung	neg 1.0	neg 1.0	neg 0.5108938084986089 __DUMMY__ 0.43783204288711625 off 0.05127414861427487	false	1.0
achtlos	neg 1.0		__DUMMY__ 0.8796935576247802 off 0.06547990593434407 neg 0.05482653644087571	false	0.5
ungeheuer	neg 1.0		__DUMMY__ 0.875691402186317 off 0.06720887926218 neg 0.05709971855150303	false	0.5
unaufrichtig	neg 1.0		__DUMMY__ 0.8753005522704456 off 0.07164773685592453 neg 0.053051710873629816	false	0.5
