unsolidarisch	neg 1.0		off 0.5107382009930034 neg 0.4224144548756443 __DUMMY__ 0.06684734413135235	false	0.5
nachteilig	neg 1.0		off 0.509947503807285 neg 0.42228241386412524 __DUMMY__ 0.0677700823285898	false	0.5
skeptisch	neg 1.0		off 0.5076721115806722 neg 0.4246183648386222 __DUMMY__ 0.0677095235807057	false	0.5
schrecklich	neg 1.0		off 0.5190932215938406 neg 0.41467983395594304 __DUMMY__ 0.06622694445021622	false	0.5
schlapp	neg 1.0	neg 1.0	neg 0.6932136619564667 off 0.2750886087287199 __DUMMY__ 0.03169772931481332	false	1.0
abfall	neg 1.0		off 0.5055258790398305 neg 0.426367485993938 __DUMMY__ 0.06810663496623143	false	0.5
widerspenstig	neg 1.0		off 0.5095746409173925 neg 0.42340184531402036 __DUMMY__ 0.06702351376858715	false	0.5
abrupt	neg 1.0		off 0.5056387548272703 neg 0.4268852565065009 __DUMMY__ 0.06747598866622885	false	0.5
unwirksam	neg 1.0		off 0.5077158126804056 neg 0.4258367004189796 __DUMMY__ 0.06644748690061479	false	0.5
angreifen	neg 1.0		off 0.5069013213776251 neg 0.4253659784205258 __DUMMY__ 0.06773270020184916	false	0.5
inkonsistent	neg 1.0		off 0.5125369644261918 neg 0.4207721971425308 __DUMMY__ 0.06669083843127731	false	0.5
abrutschen	neg 1.0		off 0.5045584592325336 neg 0.4274096632938479 __DUMMY__ 0.06803187747361836	false	0.5
unsicher	neg 1.0		off 0.511902813446003 neg 0.42078550247601976 __DUMMY__ 0.06731168407797727	false	0.5
bauernkind	off 1.0	off 1.0	off 0.7461518064582229 neg 0.22273218414158502 __DUMMY__ 0.031116009400192057	false	1.0
angreifer	neg 1.0		off 0.5175477476193137 neg 0.415202597005266 __DUMMY__ 0.06724965537542021	false	0.5
trennen	neg 1.0		off 0.5072003857891816 neg 0.42496689537541327 __DUMMY__ 0.06783271883540508	false	0.5
schmutz	neg 1.0		off 0.517399478128541 neg 0.4151964214119997 __DUMMY__ 0.06740410045945927	false	0.5
inkonsistenz	neg 1.0		off 0.515971978189392 neg 0.41731319167801906 __DUMMY__ 0.06671483013258882	false	0.5
erschreckend	neg 1.0		off 0.5107317785980254 neg 0.42199905654826286 __DUMMY__ 0.0672691648537118	false	0.5
ertrinken	neg 1.0		off 0.5054119055839557 neg 0.4269872578987725 __DUMMY__ 0.06760083651727178	false	0.5
pickelface	off 1.0		off 0.5127572594983032 neg 0.4199966050845785 __DUMMY__ 0.06724613541711824	false	1.0
seiner			off 0.5078462321425774 neg 0.42436181697821884 __DUMMY__ 0.06779195087920376	false	0.0
lauch	neg 1.0	neg 1.0	neg 0.6975675399859604 off 0.26993643650611354 __DUMMY__ 0.032496023507926	false	1.0
unwichtig	neg 1.0		off 0.5155904259176454 neg 0.41773434125678 __DUMMY__ 0.06667523282557465	false	0.5
steuerhinterziehung	neg 1.0		off 0.5098519357575467 neg 0.4230640812126095 __DUMMY__ 0.06708398302984372	false	0.5
schock	neg 1.0		off 0.5098015149245655 neg 0.4228580239559608 __DUMMY__ 0.06734046111947374	false	0.5
beule	neg 1.0		off 0.5164962149918315 neg 0.41725796498036394 __DUMMY__ 0.06624582002780467	false	0.5
vergelten	neg 1.0		off 0.5213714334727274 neg 0.4122964140276473 __DUMMY__ 0.06633215249962529	false	0.5
verdorbenheit	neg 1.0		off 0.5129380634607257 neg 0.4199335244208782 __DUMMY__ 0.06712841211839604	false	0.5
trauma	neg 1.0		off 0.5122233157625748 neg 0.42080218254765417 __DUMMY__ 0.066974501689771	false	0.5
sinnlos	neg 1.0		off 0.5131700806369621 neg 0.41982980829370836 __DUMMY__ 0.06700011106932957	false	0.5
fettsack	off 1.0	off 1.0	off 0.7476502334901017 neg 0.221161308355745 __DUMMY__ 0.03118845815415332	false	1.0
feige	off 1.0	off 1.0	off 0.7453273589407373 neg 0.2230302601055927 __DUMMY__ 0.03164238095367003	false	1.0
abdanken	neg 1.0		off 0.5116807740664273 neg 0.4210040686315313 __DUMMY__ 0.0673151573020414	false	0.5
wichtigtuer	off 1.0	off 1.0	off 0.7443252615152579 neg 0.22377187858101313 __DUMMY__ 0.03190285990372897	false	1.0
misslingen	neg 1.0		off 0.5160971651597719 neg 0.41635918339292427 __DUMMY__ 0.06754365144730386	false	0.5
untreu	off 1.0		off 0.5159755264981 neg 0.4175709033935764 __DUMMY__ 0.0664535701083236	false	1.0
missmutig	neg 1.0		off 0.5133496667187349 neg 0.42002263702852144 __DUMMY__ 0.06662769625274363	false	0.5
hurenbock	off 1.0		off 0.5092158942589096 neg 0.42407271490351 __DUMMY__ 0.06671139083758042	false	1.0
betrunken	neg 1.0		off 0.5174336377121906 neg 0.4163428334642445 __DUMMY__ 0.06622352882356473	false	0.5
korrupt	off 1.0		off 0.508699266140358 neg 0.42427563118732614 __DUMMY__ 0.06702510267231576	false	1.0
unmut	neg 1.0		off 0.5061154679990176 neg 0.4259969874229285 __DUMMY__ 0.06788754457805392	false	0.5
hackfresse	off 1.0		off 0.5224042995436965 neg 0.41192839086815053 __DUMMY__ 0.06566730958815295	false	1.0
aufblasen	neg 1.0		off 0.5107991595757565 neg 0.4221825225362243 __DUMMY__ 0.06701831788801922	false	0.5
gewaltsam	neg 1.0		off 0.512775294873407 neg 0.41977254093105365 __DUMMY__ 0.06745216419553936	false	0.5
unbeliebtheit	neg 1.0		off 0.517308067880273 neg 0.4160840885659641 __DUMMY__ 0.06660784355376285	false	0.5
sturheit	neg 1.0		off 0.511914199199659 neg 0.4206199204370299 __DUMMY__ 0.06746588036331116	false	0.5
kuh	neg 1.0		off 0.5090790489286766 neg 0.4249001300340816 __DUMMY__ 0.06602082103724183	false	0.5
erschrecken	neg 1.0		off 0.5146842207332342 neg 0.41856323942413953 __DUMMY__ 0.06675253984262614	false	0.5
opfer	neg 1.0		off 0.5101504994793638 neg 0.42206653267620114 __DUMMY__ 0.06778296784443512	false	0.5
sinken	neg 1.0		off 0.5050387443904863 neg 0.427377075467693 __DUMMY__ 0.06758418014182076	false	0.5
stinktier	neg 1.0		off 0.5176710846248449 neg 0.41689264593994163 __DUMMY__ 0.06543626943521355	false	0.5
tucke	off 1.0		off 0.5217256272947848 neg 0.4132326221794407 __DUMMY__ 0.06504175052577454	false	1.0
ein			off 0.5081153601595075 neg 0.4250103145750951 __DUMMY__ 0.06687432526539742	false	0.0
abstieg	neg 1.0		off 0.5128165109246463 neg 0.4192906187275766 __DUMMY__ 0.06789287034777705	false	0.5
missverstehen	neg 1.0		off 0.5138310050896047 neg 0.41928035806739933 __DUMMY__ 0.06688863684299601	false	0.5
ergebnislos	neg 1.0		off 0.5105369570258517 neg 0.42157488098303536 __DUMMY__ 0.06788816199111296	false	0.5
unter			off 0.5032211145053157 neg 0.4280660191162931 __DUMMY__ 0.06871286637839118	false	0.0
manipulieren	neg 1.0		off 0.5083230913067737 neg 0.4239515957875236 __DUMMY__ 0.06772531290570283	false	0.5
unbewiesen	neg 1.0		off 0.51192269752991 neg 0.4211029928082612 __DUMMY__ 0.06697430966182885	false	0.5
verschleppen	neg 1.0		off 0.5087563679453537 neg 0.42385892613394344 __DUMMY__ 0.06738470592070295	false	0.5
weib	off 1.0		off 0.5236762800478948 neg 0.41098199493582205 __DUMMY__ 0.065341725016283	false	1.0
opposition	neg 1.0		off 0.5115266797168438 neg 0.4216904662395741 __DUMMY__ 0.06678285404358195	false	0.5
verkehrswidrig	neg 1.0		off 0.5237535985177437 neg 0.4096970219702105 __DUMMY__ 0.0665493795120457	false	0.5
inkorrekt	neg 1.0		off 0.5187730797976412 neg 0.41501399997319505 __DUMMY__ 0.06621292022916368	false	0.5
vermeiden	neg 1.0		off 0.505420248308381 neg 0.4263237965934008 __DUMMY__ 0.06825595509821815	false	0.5
abweichung	neg 1.0		off 0.5102144116091031 neg 0.42226746039739266 __DUMMY__ 0.0675181279935042	false	0.5
alkoholisiert	neg 1.0		off 0.5103658254244622 neg 0.4215012051081907 __DUMMY__ 0.06813296946734719	false	0.5
scheiss	off 1.0	off 1.0	off 0.7459023702881373 neg 0.22256668918274877 __DUMMY__ 0.03153094052911381	false	1.0
herausforderung	neg 1.0		off 0.5094485870904422 neg 0.42308457747393136 __DUMMY__ 0.06746683543562652	false	0.5
pervers	off 1.0		off 0.5259536442136559 neg 0.40889223705250494 __DUMMY__ 0.06515411873383932	false	1.0
wackelig	neg 1.0		off 0.5092847753857818 neg 0.42324145930904933 __DUMMY__ 0.06747376530516887	false	0.5
verwickeln	neg 1.0		off 0.5126943872181196 neg 0.4203769705604851 __DUMMY__ 0.06692864222139529	false	0.5
vorwand	neg 1.0		off 0.5067948138234804 neg 0.42540532136633613 __DUMMY__ 0.06779986481018352	false	0.5
muschi	off 1.0		off 0.5125851373707357 neg 0.4199464718947883 __DUMMY__ 0.06746839073447582	false	1.0
entmutigung	neg 1.0		off 0.5105874590054047 neg 0.42296048815123505 __DUMMY__ 0.06645205284336028	false	0.5
unangemessen	neg 1.0		off 0.5108154626314556 neg 0.4218151940587447 __DUMMY__ 0.0673693433097998	false	0.5
unstetig	neg 1.0		off 0.5156701582025703 neg 0.4174900117610001 __DUMMY__ 0.06683983003642963	false	0.5
entmutigen	neg 1.0		off 0.511782693617725 neg 0.42119308333423655 __DUMMY__ 0.06702422304803834	false	0.5
schwanz	neg 1.0		off 0.5101795652337248 neg 0.42225579404029917 __DUMMY__ 0.06756464072597616	false	0.5
verbot	neg 1.0		off 0.5092679020971956 neg 0.4235433019301909 __DUMMY__ 0.06718879597261326	false	0.5
leid	neg 1.0		off 0.520260329738109 neg 0.4137306338563756 __DUMMY__ 0.06600903640551534	false	0.5
archaisch	neg 1.0		off 0.5100551141473672 neg 0.42263449498500594 __DUMMY__ 0.06731039086762695	false	0.5
gegen			off 0.5077318847981165 neg 0.424236652953926 __DUMMY__ 0.06803146224795754	false	0.0
scheidung	neg 1.0		off 0.5316830813058432 neg 0.40303542027448397 __DUMMY__ 0.06528149841967272	false	0.5
einschlag	neg 1.0		off 0.5222540361424644 neg 0.4111243873996445 __DUMMY__ 0.0666215764578911	false	0.5
m			off 0.5099630203637299 neg 0.42257763809583004 __DUMMY__ 0.06745934154044021	false	0.0
abgestanden	neg 1.0		off 0.5062861964343702 neg 0.4273872542065301 __DUMMY__ 0.06632654935909975	false	0.5
schmierig	off 1.0		off 0.5190080408937534 neg 0.41508472697596865 __DUMMY__ 0.06590723213027803	false	1.0
unpraktisch	neg 1.0		off 0.5129166895555505 neg 0.41999834652986384 __DUMMY__ 0.06708496391458561	false	0.5
wixxer	off 1.0		off 0.5252786685894363 neg 0.409758768750367 __DUMMY__ 0.06496256266019668	false	1.0
bezeichnet			off 0.5124307139844502 neg 0.420294949478331 __DUMMY__ 0.06727433653721872	false	0.0
jammerlappen	off 1.0		off 0.5154764449917013 neg 0.4179197381140974 __DUMMY__ 0.06660381689420128	false	1.0
farce	neg 1.0		off 0.5103418082458397 neg 0.4226819376380221 __DUMMY__ 0.06697625411613825	false	0.5
zwecklos	neg 1.0		off 0.5092468448974504 neg 0.4233975843419664 __DUMMY__ 0.06735557076058306	false	0.5
turbulent	neg 1.0		off 0.5167889638862894 neg 0.4169540978094924 __DUMMY__ 0.06625693830421821	false	0.5
invasion	neg 1.0		off 0.5135990037330421 neg 0.4195102217241447 __DUMMY__ 0.06689077454281328	false	0.5
schuld	neg 1.0		off 0.5125348833182134 neg 0.4203938479765482 __DUMMY__ 0.06707126870523834	false	0.5
risiko	neg 1.0		off 0.5115849356249955 neg 0.4217300178521651 __DUMMY__ 0.06668504652283921	false	0.5
finster	neg 1.0		off 0.50870970129831 neg 0.42446988868627683 __DUMMY__ 0.06682041001541306	false	0.5
geisteskrank	off 1.0		off 0.5177417941288721 neg 0.4159069599332169 __DUMMY__ 0.06635124593791107	false	1.0
zusammenbrechen	neg 1.0		off 0.5090106883397987 neg 0.4237040825677334 __DUMMY__ 0.06728522909246787	false	0.5
ausbeute	neg 1.0		off 0.5119415562796618 neg 0.4205395609859833 __DUMMY__ 0.06751888273435507	false	0.5
hinterhalt	neg 1.0		off 0.510724741193473 neg 0.4219126733402185 __DUMMY__ 0.06736258546630862	false	0.5
kritik	neg 1.0		off 0.5101270073148418 neg 0.42286537056527856 __DUMMY__ 0.06700762211987964	false	0.5
einschrumpfen	neg 1.0		off 0.5148684932864955 neg 0.4187005413389581 __DUMMY__ 0.06643096537454621	false	0.5
riskant	neg 1.0		off 0.5074672121798048 neg 0.4249059762101643 __DUMMY__ 0.06762681161003081	false	0.5
frustrieren	neg 1.0		off 0.5078377090673216 neg 0.4246870158905231 __DUMMY__ 0.06747527504215534	false	0.5
groll	neg 1.0		off 0.5105202677355182 neg 0.4219803935200092 __DUMMY__ 0.0674993387444727	false	0.5
gibt			off 0.5095255370291877 neg 0.42301012833607093 __DUMMY__ 0.06746433463474143	false	0.0
qualvoll	neg 1.0		off 0.5124957530994055 neg 0.42065274757683535 __DUMMY__ 0.06685149932375899	false	0.5
wackeln	neg 1.0		off 0.5106280899493202 neg 0.4222442138183814 __DUMMY__ 0.06712769623229829	false	0.5
klagen	neg 1.0		off 0.5064290577572745 neg 0.425883899742147 __DUMMY__ 0.06768704250057837	false	0.5
bankrott	neg 1.0		off 0.5162109256371683 neg 0.4169610782933596 __DUMMY__ 0.06682799606947208	false	0.5
trauern	neg 1.0		off 0.5104790353838249 neg 0.4214583027983842 __DUMMY__ 0.06806266181779085	false	0.5
ablehnung	neg 1.0		off 0.5097231725261508 neg 0.4231821075526803 __DUMMY__ 0.06709471992116876	false	0.5
stur	neg 1.0		off 0.51165609654241 neg 0.4214061086135881 __DUMMY__ 0.06693779484400178	false	0.5
aufruhr	neg 1.0		off 0.5109345895850977 neg 0.4220053316816915 __DUMMY__ 0.06706007873321078	false	0.5
melancholie	neg 1.0		off 0.5047494313585165 neg 0.42798353270733164 __DUMMY__ 0.06726703593415193	false	0.5
ist			off 0.5127653015093172 neg 0.4202368054178238 __DUMMY__ 0.06699789307285892	false	0.0
torheit	neg 1.0		off 0.5127312778181393 neg 0.42020537655312656 __DUMMY__ 0.06706334562873419	false	0.5
dreckskind	off 1.0		off 0.5233897788269868 neg 0.4110727416529026 __DUMMY__ 0.06553747952011058	false	1.0
umtauschen	neg 1.0		off 0.5103969970922919 neg 0.42244465432669115 __DUMMY__ 0.06715834858101699	false	0.5
zum			off 0.5078982717657424 neg 0.42347659000233073 __DUMMY__ 0.06862513823192691	false	0.0
zersetzen	neg 1.0		off 0.506363229271769 neg 0.4261504617217951 __DUMMY__ 0.06748630900643572	false	0.5
zur			off 0.5058957309975982 neg 0.42580381212966906 __DUMMY__ 0.06830045687273278	false	0.0
frust	neg 1.0		off 0.508860857713284 neg 0.42381685283947745 __DUMMY__ 0.06732228944723857	false	0.5
unerbittlichkeit	neg 1.0		off 0.5092180920246954 neg 0.42305072467615973 __DUMMY__ 0.06773118329914489	false	0.5
zwei			off 0.5047300871201852 neg 0.42702996727408465 __DUMMY__ 0.06823994560573028	false	0.0
unkorrekt	neg 1.0		off 0.5175474057897237 neg 0.4161621629297761 __DUMMY__ 0.06629043128050033	false	0.5
hexe	off 1.0		off 0.5125725023523717 neg 0.4212326628389468 __DUMMY__ 0.06619483480868153	false	1.0
lasch	neg 1.0		off 0.5146291008282705 neg 0.41869592212869333 __DUMMY__ 0.06667497704303622	false	0.5
rivale	neg 1.0		off 0.5197989916967086 neg 0.41388998746250455 __DUMMY__ 0.06631102084078697	false	0.5
mutlos	off 1.0	off 1.0	off 0.7417523917289444 neg 0.22605130006402646 __DUMMY__ 0.03219630820702914	false	1.0
wirr	off 1.0		off 0.5184782779175905 neg 0.4155415795513676 __DUMMY__ 0.06598014253104181	false	1.0
jahr			off 0.511100266380716 neg 0.4206886372212486 __DUMMY__ 0.0682110963980352	false	0.0
wird			off 0.5093079918044462 neg 0.4231377343227698 __DUMMY__ 0.06755427387278408	false	0.0
strafbar	neg 1.0		off 0.5085703372300241 neg 0.423771935354008 __DUMMY__ 0.06765772741596793	false	0.5
erosion	neg 1.0		off 0.5121708409281205 neg 0.42058934164789163 __DUMMY__ 0.06723981742398788	false	0.5
eingehen	neg 1.0		off 0.5074744133546473 neg 0.425064502666163 __DUMMY__ 0.06746108397918964	false	0.5
faul	off 1.0		off 0.5150103371718611 neg 0.4182872301049381 __DUMMY__ 0.06670243272320071	false	1.0
provisorium	neg 1.0		off 0.5036515294989665 neg 0.4275898859319928 __DUMMY__ 0.06875858456904074	false	0.5
schmerzen	neg 1.0		off 0.5085517907854368 neg 0.4244305096544134 __DUMMY__ 0.0670176995601498	false	0.5
schrumpfen	neg 1.0		off 0.5028038867395745 neg 0.4293885338766512 __DUMMY__ 0.06780757938377434	false	0.5
geistlos	off 1.0		off 0.5130798780155951 neg 0.42022319620088033 __DUMMY__ 0.06669692578352446	false	1.0
fehlkauf	neg 1.0		off 0.5133556653143293 neg 0.4198074786565203 __DUMMY__ 0.06683685602915047	false	0.5
frustrierend	neg 1.0		off 0.5142674205693145 neg 0.4190183333595645 __DUMMY__ 0.06671424607112104	false	0.5
unzufrieden	neg 1.0		off 0.509412808014916 neg 0.4231562776068728 __DUMMY__ 0.06743091437821126	false	0.5
verzweifeln	neg 1.0		off 0.5105680433778477 neg 0.4221195908776233 __DUMMY__ 0.06731236574452885	false	0.5
verzweifelt	neg 1.0		off 0.5117484848550979 neg 0.4213097091676695 __DUMMY__ 0.06694180597723247	false	0.5
misstrauensantrag	neg 1.0		off 0.5124704968120085 neg 0.4207006434671047 __DUMMY__ 0.06682885972088673	false	0.5
abfallen	neg 1.0		off 0.5105676390975866 neg 0.422415627768375 __DUMMY__ 0.06701673313403847	false	0.5
fucker	off 1.0		off 0.5189547247625909 neg 0.41468751272378235 __DUMMY__ 0.06635776251362689	false	1.0
ungezogen	neg 1.0		off 0.5244678759189889 neg 0.41007219559665264 __DUMMY__ 0.06545992848435851	false	0.5
irrsinnig	neg 1.0	neg 1.0	neg 0.6948797882387892 off 0.2731630529486885 __DUMMY__ 0.03195715881252247	false	1.0
unfassbar	neg 1.0		off 0.5168051286818989 neg 0.41660593861957196 __DUMMY__ 0.06658893269852915	false	0.5
hart	neg 1.0		off 0.5149327473527814 neg 0.41889446565781846 __DUMMY__ 0.06617278698940002	false	0.5
widerlich	off 1.0		off 0.5168860939656128 neg 0.4166558169051789 __DUMMY__ 0.06645808912920843	false	1.0
fatal	neg 1.0	neg 1.0	neg 0.6953972869062418 off 0.2729144136231188 __DUMMY__ 0.0316882994706394	false	1.0
bruch	neg 1.0		off 0.505509814606995 neg 0.4266205201847363 __DUMMY__ 0.06786966520826866	false	0.5
aushungern	neg 1.0		off 0.5093306032355861 neg 0.4235145252924141 __DUMMY__ 0.06715487147199982	false	0.5
anspannung	neg 1.0		off 0.5058409445198706 neg 0.4257775966393345 __DUMMY__ 0.06838145884079493	false	0.5
von			off 0.5071471001934419 neg 0.42507139341709926 __DUMMY__ 0.06778150638945873	false	0.0
kraftlos	neg 1.0		off 0.5084911540210157 neg 0.4241094471415889 __DUMMY__ 0.06739939883739546	false	0.5
vom			off 0.5050088949424533 neg 0.42613157843471944 __DUMMY__ 0.0688595266228273	false	0.0
grenzdebil	off 1.0		off 0.5160140328352282 neg 0.4176004438247725 __DUMMY__ 0.06638552333999939	false	1.0
vor			off 0.5061868566688511 neg 0.42589491745112223 __DUMMY__ 0.06791822588002659	false	0.0
unterwerfen	neg 1.0		off 0.509540016322374 neg 0.4228023408524705 __DUMMY__ 0.06765764282515557	false	0.5
versenkung	neg 1.0		off 0.5091194024212453 neg 0.4231438948539033 __DUMMY__ 0.06773670272485136	false	0.5
entziehen	neg 1.0		off 0.5068352096965278 neg 0.4253354910876178 __DUMMY__ 0.06782929921585426	false	0.5
finanzkrise	neg 1.0		off 0.5060773823443654 neg 0.42751424051971804 __DUMMY__ 0.06640837713591659	false	0.5
schimpfend	neg 1.0		off 0.5131210413884859 neg 0.4196368922843321 __DUMMY__ 0.06724206632718209	false	0.5
profan	neg 1.0		off 0.5126430197819996 neg 0.4205497841643739 __DUMMY__ 0.06680719605362642	false	0.5
korruption	neg 1.0		off 0.5080651329518987 neg 0.42484399717032206 __DUMMY__ 0.06709086987777928	false	0.5
â			off 0.5092369869761401 neg 0.4232779305346441 __DUMMY__ 0.067485082489216	false	0.0
schmutzig	neg 1.0		off 0.515977188639526 neg 0.4176700229311272 __DUMMY__ 0.06635278842934683	false	0.5
sexy	neg 1.0		off 0.5153709053308341 neg 0.4177557768296809 __DUMMY__ 0.06687331783948511	false	0.5
abraten	neg 1.0		off 0.5134370413549538 neg 0.4195279008081489 __DUMMY__ 0.06703505783689716	false	0.5
schwarz	neg 1.0		off 0.513787789502896 neg 0.41920962932073663 __DUMMY__ 0.06700258117636736	false	0.5
fotze	off 1.0	off 1.0	off 0.7426777051675779 neg 0.22508840287047818 __DUMMY__ 0.03223389196194385	false	1.0
verwirren	neg 1.0		off 0.5134506014818988 neg 0.4196733387351341 __DUMMY__ 0.06687605978296704	false	0.5
zahnlos	off 1.0		off 0.5102074432730529 neg 0.422460649438855 __DUMMY__ 0.06733190728809228	false	1.0
verheeren	neg 1.0		off 0.5256931221963729 neg 0.40894210249928 __DUMMY__ 0.0653647753043471	false	0.5
hippie	neg 1.0		off 0.5146289395536262 neg 0.418533377574706 __DUMMY__ 0.06683768287166766	false	0.5
rammen	neg 1.0		off 0.5128137670698734 neg 0.41997663727970236 __DUMMY__ 0.06720959565042438	false	0.5
unlauter	neg 1.0		off 0.512393766508794 neg 0.42080268577776725 __DUMMY__ 0.06680354771343863	false	0.5
unheilvoll	neg 1.0		off 0.5116703954914747 neg 0.4214138061789769 __DUMMY__ 0.06691579832954833	false	0.5
niedrig	neg 1.0		off 0.5071730756409113 neg 0.4256318017344603 __DUMMY__ 0.06719512262462833	false	0.5
explosion	neg 1.0		off 0.514931968467358 neg 0.4181693984377287 __DUMMY__ 0.06689863309491334	false	0.5
weichei	off 1.0	off 1.0	off 0.7470858255581762 neg 0.22171047559247922 __DUMMY__ 0.031203698849344493	false	1.0
minusmensch	off 1.0		off 0.5254836491613054 neg 0.4091431223904688 __DUMMY__ 0.06537322844822573	false	1.0
farblos	neg 1.0		off 0.5125911930952042 neg 0.420379419450061 __DUMMY__ 0.06702938745473491	false	0.5
unwissend	neg 1.0	neg 1.0	neg 0.6934486054632902 off 0.2748441656099216 __DUMMY__ 0.031707228926788136	false	1.0
traurig	neg 1.0		off 0.5189224348520919 neg 0.4147798861920432 __DUMMY__ 0.06629767895586496	false	0.5
senkung	neg 1.0		off 0.5102724754276375 neg 0.4234540944258009 __DUMMY__ 0.06627343014656173	false	0.5
ungleich	neg 1.0	neg 1.0	neg 0.6964963186314146 off 0.27130132678861824 __DUMMY__ 0.03220235457996716	false	1.0
heikel	neg 1.0		off 0.5077730177239922 neg 0.42459569516582574 __DUMMY__ 0.06763128711018211	false	0.5
drosselung	neg 1.0		off 0.5143808899717162 neg 0.41956510127830454 __DUMMY__ 0.06605400874997926	false	0.5
falsch	neg 1.0		off 0.5154571269190914 neg 0.41770882155014133 __DUMMY__ 0.06683405153076738	false	0.5
unzufriedenheit	neg 1.0		off 0.5064627929404791 neg 0.4260482197553733 __DUMMY__ 0.0674889873041476	false	0.5
kurz	neg 1.0		off 0.5105188999870998 neg 0.42192867192140654 __DUMMY__ 0.06755242809149387	false	0.5
unsinnig	neg 1.0		off 0.5095084475582865 neg 0.42339681930122014 __DUMMY__ 0.06709473314049343	false	0.5
penner	off 1.0	off 1.0	off 0.7483657052692433 neg 0.2204574207844368 __DUMMY__ 0.031176873946319916	false	1.0
seicht	neg 1.0		off 0.5215145700832681 neg 0.4132791300985479 __DUMMY__ 0.06520629981818404	false	0.5
dummheit	off 1.0	off 1.0	off 0.7437671364978845 neg 0.22444640277784192 __DUMMY__ 0.03178646072427352	false	1.0
unerfreulich	neg 1.0		off 0.5076826676056286 neg 0.4246305346111406 __DUMMY__ 0.06768679778323064	false	0.5
motherfucker	off 1.0	off 1.0	off 0.7465085493965213 neg 0.22190052679352784 __DUMMY__ 0.03159092380995086	false	1.0
pikiert	neg 1.0		off 0.5150837105166218 neg 0.4184770985372702 __DUMMY__ 0.06643919094610798	false	0.5
wrack	neg 1.0		off 0.513944127070811 neg 0.41804725105746837 __DUMMY__ 0.06800862187172071	false	0.5
gangster	neg 1.0		off 0.5147134270295278 neg 0.41848757165966327 __DUMMY__ 0.06679900131080893	false	0.5
krank	neg 1.0		off 0.5169672412229456 neg 0.4165192134311662 __DUMMY__ 0.06651354534588809	false	0.5
reich	neg 1.0		off 0.5117818924750687 neg 0.4220468841916631 __DUMMY__ 0.0661712233332684	false	0.5
gnadenlos	neg 1.0		off 0.5127725599500705 neg 0.42005647882237496 __DUMMY__ 0.06717096122755466	false	0.5
niedergeschlagen	neg 1.0		off 0.5099475015763724 neg 0.42250248033157134 __DUMMY__ 0.06755001809205631	false	0.5
terrorisieren	off 1.0	off 1.0	off 0.7412902474542831 neg 0.22643447361315588 __DUMMY__ 0.03227527893256119	false	1.0
sinnlosigkeit	neg 1.0		off 0.509896790658635 neg 0.4227157000309075 __DUMMY__ 0.06738750931045738	false	0.5
behindern	neg 1.0		off 0.5108884392168328 neg 0.42197336984003814 __DUMMY__ 0.067138190943129	false	0.5
undemokratisch	neg 1.0		off 0.5126684941308076 neg 0.4205277256993945 __DUMMY__ 0.06680378016979785	false	0.5
wirtschaftskrise	neg 1.0		off 0.506929340659354 neg 0.42608353509479907 __DUMMY__ 0.06698712424584691	false	0.5
neid	neg 1.0		off 0.5136509060629864 neg 0.41963358376405296 __DUMMY__ 0.0667155101729607	false	0.5
rutschen	neg 1.0		off 0.5040940643914299 neg 0.4277040332116672 __DUMMY__ 0.06820190239690276	false	0.5
rezession	neg 1.0		off 0.5144087685885588 neg 0.42007590480758283 __DUMMY__ 0.06551532660385838	false	0.5
fehlgeburt	neg 1.0		off 0.512597522796705 neg 0.4201597126024058 __DUMMY__ 0.06724276460088927	false	0.5
charakterschwach	off 1.0		off 0.516035773295908 neg 0.4175260662765764 __DUMMY__ 0.06643816042751567	false	1.0
isolation	neg 1.0		off 0.5158062373313815 neg 0.41729339756685047 __DUMMY__ 0.06690036510176806	false	0.5
ablenkung	neg 1.0		off 0.5117340844763312 neg 0.4209516903453639 __DUMMY__ 0.06731422517830483	false	0.5
pech	neg 1.0		off 0.5143045948298671 neg 0.4191087252077905 __DUMMY__ 0.06658667996234234	false	0.5
vermeidung	neg 1.0		off 0.5156518313835772 neg 0.4180415773349078 __DUMMY__ 0.06630659128151509	false	0.5
dominieren	neg 1.0		off 0.5104962753448761 neg 0.42212496054718174 __DUMMY__ 0.06737876410794232	false	0.5
schwindlig	neg 1.0		off 0.5122697159313192 neg 0.42090657993285796 __DUMMY__ 0.06682370413582266	false	0.5
lutscher	neg 1.0		off 0.5232366748478388 neg 0.4117187482430386 __DUMMY__ 0.06504457690912269	false	0.5
pflicht	neg 1.0		off 0.5074926856542563 neg 0.4246028844452792 __DUMMY__ 0.06790442990046439	false	0.5
faschist	off 1.0		off 0.5149663204151974 neg 0.4182319596898509 __DUMMY__ 0.06680171989495165	false	1.0
verschleudern	neg 1.0		off 0.505236919606695 neg 0.42772933702540555 __DUMMY__ 0.0670337433678992	false	0.5
wenn			off 0.5148961960735157 neg 0.41851570453090997 __DUMMY__ 0.0665880993955744	false	0.0
ehebruch	neg 1.0		off 0.5087251197471234 neg 0.4238605026203517 __DUMMY__ 0.06741437763252486	false	0.5
spott	off 1.0		off 0.5099256344962352 neg 0.42244227687442126 __DUMMY__ 0.06763208862934342	false	1.0
trostlosigkeit	neg 1.0		off 0.5054554785533234 neg 0.4269558737786284 __DUMMY__ 0.06758864766804826	false	0.5
lutschen	neg 1.0		off 0.5159909880830625 neg 0.4171775335469934 __DUMMY__ 0.06683147836994408	false	0.5
undiszipliniert	neg 1.0		off 0.51781972444404 neg 0.4158933719049789 __DUMMY__ 0.06628690365098124	false	0.5
kopfschmerz	neg 1.0		off 0.5056017100721981 neg 0.42737797573816516 __DUMMY__ 0.06702031418963676	false	0.5
unvorhergesehen	neg 1.0		off 0.5075695830023174 neg 0.42458464762101966 __DUMMY__ 0.06784576937666308	false	0.5
desinteressiert	neg 1.0		off 0.5171399047308013 neg 0.4165279686430711 __DUMMY__ 0.06633212662612765	false	0.5
armselig	off 1.0		off 0.5194975805916615 neg 0.4143210890428615 __DUMMY__ 0.06618133036547687	false	1.0
desaster	neg 1.0		off 0.5052241233345625 neg 0.4270865749843647 __DUMMY__ 0.06768930168107273	false	0.5
tod	neg 1.0		off 0.5088487755685808 neg 0.4235491650370475 __DUMMY__ 0.06760205939437185	false	0.5
herzlos	neg 1.0		off 0.5186035159253171 neg 0.41522966805036704 __DUMMY__ 0.06616681602431589	false	0.5
unwissenheit	neg 1.0		off 0.509473305439898 neg 0.4231342586208551 __DUMMY__ 0.06739243593924689	false	0.5
widersinnig	neg 1.0		off 0.5086154005828106 neg 0.4244536511151705 __DUMMY__ 0.0669309483020189	false	0.5
bedenklich	neg 1.0		off 0.5081701838522805 neg 0.42443410859146385 __DUMMY__ 0.06739570755625562	false	0.5
beanstanden	neg 1.0		off 0.5086372140701835 neg 0.4234360293691773 __DUMMY__ 0.06792675656063916	false	0.5
panisch	neg 1.0		off 0.5133349105031828 neg 0.41962629855518846 __DUMMY__ 0.06703879094162873	false	0.5
debil	off 1.0		off 0.5032050312960838 neg 0.4282949880687412 __DUMMY__ 0.06849998063517505	false	1.0
abstrich	neg 1.0		off 0.510638242291224 neg 0.4220443278348958 __DUMMY__ 0.06731742987388015	false	0.5
primitiv	neg 1.0		off 0.5176681822645802 neg 0.41594725047227404 __DUMMY__ 0.06638456726314565	false	0.5
abschaum	off 1.0	off 1.0	off 0.7461208971581176 neg 0.22207172815254514 __DUMMY__ 0.031807374689337295	false	1.0
provozieren	neg 1.0		off 0.5118267297158191 neg 0.42115526072360804 __DUMMY__ 0.06701800956057295	false	0.5
tot	neg 1.0		off 0.5101543487040132 neg 0.42243672887386047 __DUMMY__ 0.06740892242212632	false	0.5
instabil	neg 1.0		off 0.5180156321043622 neg 0.4161171343014546 __DUMMY__ 0.06586723359418326	false	0.5
schwuchtel	off 1.0	off 1.0	off 0.7518310638344018 neg 0.21738627336950392 __DUMMY__ 0.030782662796094293	false	1.0
zerren	neg 1.0		off 0.5097069396312035 neg 0.4227582848404834 __DUMMY__ 0.06753477552831312	false	0.5
kinderficker	off 1.0		off 0.5212776310230457 neg 0.4128268800526023 __DUMMY__ 0.06589548892435211	false	1.0
gefahr	neg 1.0		off 0.5078278884019068 neg 0.42433239271746137 __DUMMY__ 0.06783971888063187	false	0.5
rabiat	neg 1.0		off 0.5097496677841874 neg 0.423136020176648 __DUMMY__ 0.06711431203916464	false	0.5
verlangsamung	neg 1.0		off 0.5214361236784143 neg 0.41305194649881244 __DUMMY__ 0.06551192982277339	false	0.5
ausgestorben	neg 1.0		off 0.5109091255543656 neg 0.4217062871980213 __DUMMY__ 0.06738458724761316	false	0.5
anklagen	neg 1.0		off 0.5103475017152797 neg 0.422302538731625 __DUMMY__ 0.06734995955309535	false	0.5
trott	neg 1.0		off 0.5116401678267057 neg 0.4211467208813169 __DUMMY__ 0.06721311129197736	false	0.5
verminderung	neg 1.0		off 0.515703560978426 neg 0.4179964560559258 __DUMMY__ 0.06629998296564832	false	0.5
nach			off 0.5044213623609216 neg 0.4270456317950151 __DUMMY__ 0.06853300584406329	false	0.0
rost	neg 1.0		off 0.5259569782093375 neg 0.40814618898255944 __DUMMY__ 0.06589683280810305	false	0.5
destruktiv	neg 1.0		off 0.5107063602373888 neg 0.42220241672267417 __DUMMY__ 0.06709122303993702	false	0.5
unzumutbarkeit	neg 1.0		off 0.5176695494847141 neg 0.4157256776495935 __DUMMY__ 0.06660477286569251	false	0.5
labil	off 1.0	off 1.0	off 0.7451514641658907 neg 0.223101936565266 __DUMMY__ 0.03174659926884326	false	1.0
ziemlich	neg 1.0		off 0.5169014537226593 neg 0.41642897670701995 __DUMMY__ 0.06666956957032065	false	0.5
lachnummer	off 1.0		off 0.5123282653082029 neg 0.420460499405106 __DUMMY__ 0.06721123528669115	false	1.0
oder			off 0.5123799227738274 neg 0.42039558127633947 __DUMMY__ 0.06722449594983314	false	0.0
verfall	neg 1.0		off 0.5033722884210372 neg 0.42876614912538435 __DUMMY__ 0.06786156245357831	false	0.5
ausgrenzung	neg 1.0		off 0.5125329873658107 neg 0.42066998449889775 __DUMMY__ 0.0667970281352916	false	0.5
unordnung	neg 1.0		off 0.5208307072228753 neg 0.41300567835756696 __DUMMY__ 0.06616361441955763	false	0.5
fehlverhalten	neg 1.0		off 0.508315214948488 neg 0.42405888027951594 __DUMMY__ 0.06762590477199613	false	0.5
eine			off 0.5058503705798377 neg 0.42641376319194135 __DUMMY__ 0.06773586622822092	false	0.0
nille	neg 1.0		off 0.5127197244250272 neg 0.41998903150159317 __DUMMY__ 0.06729124407337944	false	0.5
qual	neg 1.0		off 0.5111549874249172 neg 0.4216299177132723 __DUMMY__ 0.06721509486181054	false	0.5
verschwenden	neg 1.0		off 0.5064851505599681 neg 0.42611341242224005 __DUMMY__ 0.06740143701779189	false	0.5
riesig	neg 1.0		off 0.5094149233007164 neg 0.4228791972186612 __DUMMY__ 0.06770587948062236	false	0.5
verurteilen	neg 1.0		off 0.509944278516575 neg 0.4226922806235913 __DUMMY__ 0.06736344085983358	false	0.5
klischee	neg 1.0	neg 1.0	neg 0.6941987905281897 off 0.2740848647240683 __DUMMY__ 0.03171634474774199	false	1.0
diktatorisch	neg 1.0		off 0.5129462529576548 neg 0.42023849207758346 __DUMMY__ 0.06681525496476169	false	0.5
vorhersehbar	neg 1.0		off 0.5131850315842815 neg 0.4201107204376891 __DUMMY__ 0.06670424797802943	false	0.5
sowie			off 0.5193231793334987 neg 0.41493817652067655 __DUMMY__ 0.06573864414582467	false	0.0
stornieren	neg 1.0		off 0.5173494889799941 neg 0.4152449189795144 __DUMMY__ 0.06740559204049146	false	0.5
besteuerung	neg 1.0	neg 1.0	neg 0.6967678749568863 off 0.27154905608577223 __DUMMY__ 0.031683068957341506	false	1.0
ungeschminkt	neg 1.0		off 0.5179129696705282 neg 0.41571147462735547 __DUMMY__ 0.06637555570211637	false	0.5
kritisch	neg 1.0		off 0.5095999876816014 neg 0.4229723586581684 __DUMMY__ 0.06742765366023006	false	0.5
schlamperei	off 1.0		off 0.5086162765589834 neg 0.423825604304848 __DUMMY__ 0.0675581191361686	false	1.0
sucht	neg 1.0	neg 1.0	neg 0.6933175025555297 off 0.2745736582664952 __DUMMY__ 0.03210883917797502	false	1.0
egoistisch	off 1.0	off 1.0	off 0.7483569303573291 neg 0.2202118999880751 __DUMMY__ 0.03143116965459581	false	1.0
ausbeuter	off 1.0		off 0.5061666323808252 neg 0.42648789919863056 __DUMMY__ 0.0673454684205442	false	1.0
arschgeburt	off 1.0		off 0.52755439777261 neg 0.40768022923083047 __DUMMY__ 0.06476537299655952	false	1.0
schubs	neg 1.0		off 0.507187906427644 neg 0.42562017355548337 __DUMMY__ 0.06719192001687271	false	0.5
unsolide	neg 1.0		off 0.5135937924666458 neg 0.4196021465370262 __DUMMY__ 0.06680406099632785	false	0.5
beschwerde	neg 1.0		off 0.5103080194202778 neg 0.4222453355027272 __DUMMY__ 0.06744664507699502	false	0.5
stocken	neg 1.0		off 0.508855081368156 neg 0.4236700712418442 __DUMMY__ 0.0674748473899999	false	0.5
isolieren	neg 1.0		off 0.5085760417453724 neg 0.42423585559232196 __DUMMY__ 0.06718810266230568	false	0.5
unheilbar	neg 1.0		off 0.5111315592015306 neg 0.4217618989670983 __DUMMY__ 0.0671065418313712	false	0.5
pisser	off 1.0	off 1.0	off 0.747650686778544 neg 0.2207149989334336 __DUMMY__ 0.03163431428802248	false	1.0
löschen	neg 1.0		off 0.5121908552204428 neg 0.42066438185375404 __DUMMY__ 0.06714476292580325	false	0.5
durchfallen	neg 1.0		off 0.5095870454620283 neg 0.42294555213933255 __DUMMY__ 0.06746740239863912	false	0.5
wichser	off 1.0	off 1.0	off 0.74984191655554 neg 0.21915316796063333 __DUMMY__ 0.0310049154838266	false	1.0
terror	neg 1.0		off 0.5145695047341527 neg 0.4185678230106554 __DUMMY__ 0.0668626722551919	false	0.5
krass	neg 1.0		off 0.5202778605974534 neg 0.4137244857542061 __DUMMY__ 0.06599765364834058	false	0.5
revolte	neg 1.0		off 0.5122623727195236 neg 0.4213567722590912 __DUMMY__ 0.0663808550213852	false	0.5
besorgt	neg 1.0		off 0.5109225719045853 neg 0.42148995378818155 __DUMMY__ 0.06758747430723297	false	0.5
nachlassen	neg 1.0		off 0.5099175385301866 neg 0.4224386839260198 __DUMMY__ 0.06764377754379361	false	0.5
alt	neg 1.0		off 0.5045374965004991 neg 0.4286055207995854 __DUMMY__ 0.06685698269991544	false	0.5
hundesohn	off 1.0	off 1.0	off 0.7498037211354353 neg 0.21907520940428138 __DUMMY__ 0.03112106946028343	false	1.0
als			off 0.5088512068167027 neg 0.42388802289255806 __DUMMY__ 0.0672607702907392	false	0.0
abschreckung	neg 1.0		off 0.5069382199147856 neg 0.42545911644290846 __DUMMY__ 0.06760266364230606	false	0.5
unqualifiziert	neg 1.0		off 0.515446144733204 neg 0.41782115183309126 __DUMMY__ 0.06673270343370465	false	0.5
abgewichst	off 1.0		off 0.5119184676008612 neg 0.4207547049762344 __DUMMY__ 0.06732682742290426	false	1.0
schwer	neg 1.0		off 0.5102917118339759 neg 0.4225515756133941 __DUMMY__ 0.06715671255262991	false	0.5
bedeutungslosigkeit	neg 1.0		off 0.5076289255004038 neg 0.4247782095652612 __DUMMY__ 0.067592864934335	false	0.5
kapitulation	neg 1.0		off 0.5080207796599283 neg 0.4247460744481972 __DUMMY__ 0.06723314589187464	false	0.5
unscharf	neg 1.0		off 0.5100801494277036 neg 0.42352123479552434 __DUMMY__ 0.06639861577677207	false	0.5
schwinden	neg 1.0		off 0.506435380443826 neg 0.42618477743318317 __DUMMY__ 0.06737984212299097	false	0.5
versklavung	neg 1.0	neg 1.0	neg 0.6951325865743886 off 0.27303940442185054 __DUMMY__ 0.03182800900376097	false	1.0
schlecht	neg 1.0		off 0.5172656797277676 neg 0.4160340709448476 __DUMMY__ 0.06670024932738458	false	0.5
verhasst	neg 1.0		off 0.5124204481208073 neg 0.4206346257945226 __DUMMY__ 0.06694492608467024	false	0.5
beschweren	neg 1.0		off 0.5138367443602817 neg 0.41905902610057183 __DUMMY__ 0.0671042295391464	false	0.5
scheiden	neg 1.0		off 0.5105243696637896 neg 0.42246638073577086 __DUMMY__ 0.0670092496004395	false	0.5
frustriert	neg 1.0		off 0.5104108299784923 neg 0.422229852164268 __DUMMY__ 0.06735931785723978	false	0.5
schimmelig	neg 1.0		off 0.507088506406219 neg 0.4257863137576044 __DUMMY__ 0.06712517983617648	false	0.5
fisch	neg 1.0		off 0.5029207730306406 neg 0.4298554159673181 __DUMMY__ 0.0672238110020412	false	0.5
schmuggel	neg 1.0		off 0.5077708335600406 neg 0.42425519270296513 __DUMMY__ 0.06797397373699442	false	0.5
auffallen	neg 1.0		off 0.5133064157981624 neg 0.4197794977188812 __DUMMY__ 0.0669140864829565	false	0.5
konkurrenz	neg 1.0		off 0.5079550007089082 neg 0.42428409252980664 __DUMMY__ 0.06776090676128517	false	0.5
teufelskreis	neg 1.0	neg 1.0	neg 0.6968227749630254 off 0.2712870905027595 __DUMMY__ 0.03189013453421514	false	1.0
aufschreien	neg 1.0		off 0.5131790016459646 neg 0.42008380739472456 __DUMMY__ 0.0667371909593108	false	0.5
schuldner	neg 1.0		off 0.5050554949144973 neg 0.42774174244644797 __DUMMY__ 0.0672027626390547	false	0.5
missgeburt	off 1.0	off 1.0	off 0.7504184521169176 neg 0.2181690118038967 __DUMMY__ 0.03141253607918572	false	1.0
arbeitslos	neg 1.0		off 0.5093362602654855 neg 0.4232109361995584 __DUMMY__ 0.06745280353495603	false	0.5
befallen	neg 1.0		off 0.50799489525531 neg 0.4251616339014469 __DUMMY__ 0.06684347084324312	false	0.5
miesepetrig	off 1.0	off 1.0	off 0.7449575493974331 neg 0.22333333602889777 __DUMMY__ 0.03170911457366908	false	1.0
alarmieren	neg 1.0		off 0.5160907744192361 neg 0.41718328539712635 __DUMMY__ 0.06672594018363749	false	0.5
ungeduscht	off 1.0		off 0.5145953832477631 neg 0.41884325539332273 __DUMMY__ 0.06656136135891415	false	1.0
knappheit	neg 1.0		off 0.5073504206549428 neg 0.4256179704719727 __DUMMY__ 0.06703160887308442	false	0.5
schlange	neg 1.0		off 0.5116698269166143 neg 0.42119013210069817 __DUMMY__ 0.06714004098268744	false	0.5
harsch	neg 1.0		off 0.5222386527431131 neg 0.41131258036082297 __DUMMY__ 0.06644876689606383	false	0.5
lang	neg 1.0		off 0.5129378176140839 neg 0.4199769360273408 __DUMMY__ 0.06708524635857542	false	0.5
ziellos	neg 1.0		off 0.5083204890400672 neg 0.42400869133701735 __DUMMY__ 0.06767081962291549	false	0.5
selbstverliebt	neg 1.0		off 0.5263852454136891 neg 0.40834001243771867 __DUMMY__ 0.06527474214859234	false	0.5
beseitigen	neg 1.0		off 0.5132918916907577 neg 0.41924008182361716 __DUMMY__ 0.06746802648562514	false	0.5
dumm	off 1.0		off 0.521747388170139 neg 0.41249469083489543 __DUMMY__ 0.06575792099496551	false	1.0
arbeitsloser	neg 1.0		off 0.5120464068321883 neg 0.42009961711327976 __DUMMY__ 0.06785397605453189	false	0.5
blitzen	neg 1.0		off 0.515144833105182 neg 0.41808353619581434 __DUMMY__ 0.06677163069900355	false	0.5
hilflos	neg 1.0		off 0.5091578463033704 neg 0.4234441942794064 __DUMMY__ 0.06739795941722326	false	0.5
eklig	off 1.0		off 0.5208097128602492 neg 0.41369473303412546 __DUMMY__ 0.06549555410562544	false	1.0
begriff			off 0.5112144458897528 neg 0.421546113387717 __DUMMY__ 0.06723944072253023	false	0.0
hungersnot	neg 1.0		off 0.5077541010111292 neg 0.4251633162919204 __DUMMY__ 0.06708258269695035	false	0.5
ungesetzlich	neg 1.0		off 0.5124143821157062 neg 0.4208378546284409 __DUMMY__ 0.06674776325585298	false	0.5
verschwendung	neg 1.0		off 0.5073881785877147 neg 0.42505105338741506 __DUMMY__ 0.06756076802487032	false	0.5
schmerzvoll	neg 1.0		off 0.5117915476990923 neg 0.42132984689034536 __DUMMY__ 0.06687860541056241	false	0.5
vorzeitig	neg 1.0		off 0.5177943269428084 neg 0.41531420561801474 __DUMMY__ 0.06689146743917695	false	0.5
unvollkommenheit	neg 1.0		off 0.510838490605898 neg 0.4217586727838264 __DUMMY__ 0.06740283661027544	false	0.5
intervenieren	neg 1.0		off 0.506624226822421 neg 0.4261063354525245 __DUMMY__ 0.06726943772505453	false	0.5
banause	off 1.0		off 0.5203808838396385 neg 0.4145628669246725 __DUMMY__ 0.06505624923568888	false	1.0
rebell	neg 1.0		off 0.5027597885244901 neg 0.42959982848840406 __DUMMY__ 0.06764038298710581	false	0.5
unlogisch	neg 1.0		off 0.5184011208183935 neg 0.41534908364895395 __DUMMY__ 0.06624979553265264	false	0.5
leiden	neg 1.0		off 0.5089295662807127 neg 0.42301740942701516 __DUMMY__ 0.0680530242922721	false	0.5
abschaffung	neg 1.0		off 0.5111877743295588 neg 0.4219788575329613 __DUMMY__ 0.06683336813747996	false	0.5
sturz	neg 1.0		off 0.5166541525276437 neg 0.4158841671184053 __DUMMY__ 0.067461680353951	false	0.5
verkleinerung	neg 1.0		off 0.5125121087993368 neg 0.42120297938904794 __DUMMY__ 0.06628491181161512	false	0.5
schmarotzer	off 1.0		off 0.5096313445261895 neg 0.4230868091069152 __DUMMY__ 0.06728184636689531	false	1.0
bestrafung	neg 1.0	neg 1.0	neg 0.6944664249836741 off 0.273478319546551 __DUMMY__ 0.03205525546977489	false	1.0
achtlos	neg 1.0		off 0.5101518182599203 neg 0.422530003815746 __DUMMY__ 0.06731817792433371	false	0.5
ungeheuer	neg 1.0		off 0.5099203855033928 neg 0.42325783703159303 __DUMMY__ 0.06682177746501401	false	0.5
unaufrichtig	neg 1.0		off 0.51592141729253 neg 0.417274200464248 __DUMMY__ 0.06680438224322192	false	0.5
groggy	neg 1.0		off 0.5153276899266321 neg 0.4176871405297548 __DUMMY__ 0.06698516954361296	false	0.5
verletzlich	neg 1.0		off 0.5134748063322915 neg 0.42033843347074384 __DUMMY__ 0.0661867601969646	false	0.5
ablehnen	neg 1.0		off 0.5091067898692571 neg 0.4234778765099156 __DUMMY__ 0.06741533362082745	false	0.5
