unsolidarisch	neg 1.0		off 0.5434652998456105 neg 0.4495632299208895 __DUMMY__ 0.006971470233499911	false	0.5
nachteilig	neg 1.0		off 0.5431247926783676 neg 0.44980689073686075 __DUMMY__ 0.007068316584771573	false	0.5
skeptisch	neg 1.0		off 0.540802367138143 neg 0.45213555736268946 __DUMMY__ 0.007062075499167744	false	0.5
schrecklich	neg 1.0		off 0.5515864051920011 neg 0.4415073737882405 __DUMMY__ 0.00690622101975841	false	0.5
schlapp	neg 1.0	neg 1.0	neg 0.7060834134187746 off 0.290618486836919 __DUMMY__ 0.003298099744306292	false	1.0
abfall	neg 1.0		off 0.5388331678389674 neg 0.45406314564716527 __DUMMY__ 0.007103686513867379	false	0.5
widerspenstig	neg 1.0		off 0.5423910464234922 neg 0.45061910389842347 __DUMMY__ 0.006989849678084452	false	0.5
abrupt	neg 1.0		off 0.5386454016203264 neg 0.45431738245008285 __DUMMY__ 0.007037215929590756	false	0.5
unwirksam	neg 1.0		off 0.5402336866503378 neg 0.452836961012516 __DUMMY__ 0.006929352337146057	false	0.5
angreifen	neg 1.0		off 0.5400359397875595 neg 0.4528995398287686 __DUMMY__ 0.007064520383671783	false	0.5
inkonsistent	neg 1.0		off 0.5452135417357208 neg 0.4478316450478229 __DUMMY__ 0.00695481321645634	false	0.5
abrutschen	neg 1.0		off 0.5378241687265853 neg 0.45507991852207924 __DUMMY__ 0.0070959127513355695	false	0.5
unsicher	neg 1.0		off 0.5448707474829545 neg 0.4481090021332393 __DUMMY__ 0.00702025038380619	false	0.5
bauernkind	off 1.0	off 1.0	off 0.7614020047955462 neg 0.2353606449893531 __DUMMY__ 0.003237350215100558	false	1.0
angreifer	neg 1.0		off 0.5505238757710779 neg 0.44246258488494294 __DUMMY__ 0.007013539343979104	false	0.5
trennen	neg 1.0		off 0.5403912347066211 neg 0.4525338326108938 __DUMMY__ 0.007074932682485138	false	0.5
schmutz	neg 1.0		off 0.5504537551696915 neg 0.4425167029992089 __DUMMY__ 0.007029541831099548	false	0.5
inkonsistenz	neg 1.0		off 0.5486777315931682 neg 0.44436481728846733 __DUMMY__ 0.006957451118364434	false	0.5
erschreckend	neg 1.0		off 0.5436684633517339 neg 0.4493156999356711 __DUMMY__ 0.007015836712595054	false	0.5
ertrinken	neg 1.0		off 0.5384742298383774 neg 0.4544751921882064 __DUMMY__ 0.007050577973416167	false	0.5
pickelface	off 1.0		off 0.5457018659059668 neg 0.44728485401654433 __DUMMY__ 0.007013280077488912	false	1.0
seiner			off 0.5410196292695053 neg 0.451909652876072 __DUMMY__ 0.007070717854422819	false	0.0
lauch	neg 1.0	neg 1.0	neg 0.7107693640449961 off 0.2858492118189132 __DUMMY__ 0.003381424136090733	false	1.0
unwichtig	neg 1.0		off 0.5482756627005808 neg 0.4447709537652128 __DUMMY__ 0.006953383534206486	false	0.5
steuerhinterziehung	neg 1.0		off 0.5426895761910289 neg 0.4503141857556274 __DUMMY__ 0.00699623805334358	false	0.5
schock	neg 1.0		off 0.5427706196373165 neg 0.4502061798233778 __DUMMY__ 0.007023200539305781	false	0.5
beule	neg 1.0		off 0.5489843725648528 neg 0.44410754552719667 __DUMMY__ 0.00690808190795062	false	0.5
vergelten	neg 1.0		off 0.5539273044471118 neg 0.4391556281777272 __DUMMY__ 0.006917067375161136	false	0.5
verdorbenheit	neg 1.0		off 0.5458337660546241 neg 0.4471654039576282 __DUMMY__ 0.007000829987747674	false	0.5
trauma	neg 1.0		off 0.545031499428867 neg 0.4479836154008108 __DUMMY__ 0.006984885170322344	false	0.5
sinnlos	neg 1.0		off 0.5459951459482291 neg 0.44701732182324083 __DUMMY__ 0.0069875322285301	false	0.5
fettsack	off 1.0	off 1.0	off 0.7629347635343712 neg 0.23382029875142718 __DUMMY__ 0.0032449377142015783	false	1.0
feige	off 1.0	off 1.0	off 0.7608259735157374 neg 0.23588163441347315 __DUMMY__ 0.003292392070789451	false	1.0
abdanken	neg 1.0		off 0.5446431510953358 neg 0.44833631680143604 __DUMMY__ 0.007020532103228154	false	0.5
wichtigtuer	off 1.0	off 1.0	off 0.759949703340147 neg 0.23673071892234301 __DUMMY__ 0.0033195777375100532	false	1.0
misslingen	neg 1.0		off 0.5492119360772345 neg 0.44374374091716223 __DUMMY__ 0.0070443230056032695	false	0.5
untreu	off 1.0		off 0.5485550159603485 neg 0.4445148909151649 __DUMMY__ 0.0069300931244865105	false	1.0
missmutig	neg 1.0		off 0.5459963537572151 neg 0.44705535428026405 __DUMMY__ 0.006948291962520916	false	0.5
hurenbock	off 1.0		off 0.5418799220947195 neg 0.4511632209617697 __DUMMY__ 0.00695685694351078	false	1.0
betrunken	neg 1.0		off 0.5499149861203206 neg 0.4431791828898343 __DUMMY__ 0.0069058309898449455	false	0.5
korrupt	off 1.0		off 0.5414986352720383 neg 0.4515112080057317 __DUMMY__ 0.006990156722229925	false	1.0
unmut	neg 1.0		off 0.5393194066745979 neg 0.4535998236064366 __DUMMY__ 0.007080769718965567	false	0.5
hackfresse	off 1.0		off 0.5546489933874614 neg 0.43850359674397427 __DUMMY__ 0.006847409868564384	false	1.0
aufblasen	neg 1.0		off 0.5436195223737535 neg 0.44939112854967117 __DUMMY__ 0.006989349076575256	false	0.5
gewaltsam	neg 1.0		off 0.5458182868739069 neg 0.4471468941030864 __DUMMY__ 0.007034819023006593	false	0.5
unbeliebtheit	neg 1.0		off 0.5499686835866103 neg 0.4430852411933902 __DUMMY__ 0.006946075219999322	false	0.5
sturheit	neg 1.0		off 0.5449527186443565 neg 0.4480108269766214 __DUMMY__ 0.007036454379022092	false	0.5
kuh	neg 1.0		off 0.5414065494224436 neg 0.4517090708070116 __DUMMY__ 0.0068843797705447456	false	0.5
erschrecken	neg 1.0		off 0.5474006274354856 neg 0.4456378908879192 __DUMMY__ 0.006961481676595147	false	0.5
opfer	neg 1.0		off 0.5433343378662477 neg 0.4495959174650816 __DUMMY__ 0.007069744668670764	false	0.5
sinken	neg 1.0		off 0.5380878353899377 neg 0.4548634325776524 __DUMMY__ 0.007048732032409859	false	0.5
stinktier	neg 1.0		off 0.5497689495863133 neg 0.4434079592064899 __DUMMY__ 0.006823091207196762	false	0.5
tucke	off 1.0		off 0.5536624228301371 neg 0.43955601217765905 __DUMMY__ 0.00678156499220378	false	1.0
ein			off 0.5408479829252504 neg 0.45217788513141394 __DUMMY__ 0.006974131943335771	false	0.0
abstieg	neg 1.0		off 0.5460716038709635 neg 0.4468472914463832 __DUMMY__ 0.007081104682653247	false	0.5
missverstehen	neg 1.0		off 0.5466057819456782 neg 0.4464184021981665 __DUMMY__ 0.006975815856155486	false	0.5
ergebnislos	neg 1.0		off 0.5437735658203419 neg 0.44914575107260946 __DUMMY__ 0.007080683107048778	false	0.5
unter			off 0.5368130546502252 neg 0.45601958521660807 __DUMMY__ 0.007167360133166719	false	0.0
manipulieren	neg 1.0		off 0.5414625174596662 neg 0.45147381317994617 __DUMMY__ 0.007063669360387549	false	0.5
unbewiesen	neg 1.0		off 0.5447189127527416 neg 0.44829631786858526 __DUMMY__ 0.006984769378672972	false	0.5
verschleppen	neg 1.0		off 0.5417324220870547 neg 0.45123977246676056 __DUMMY__ 0.007027805446184748	false	0.5
weib	off 1.0		off 0.5557694244415928 neg 0.43741741142498397 __DUMMY__ 0.006813164133423279	false	1.0
opposition	neg 1.0		off 0.5442382970912986 neg 0.44879713913141206 __DUMMY__ 0.006964563777289477	false	0.5
verkehrswidrig	neg 1.0		off 0.5564430432280367 neg 0.43661712209927733 __DUMMY__ 0.006939834672686054	false	0.5
inkorrekt	neg 1.0		off 0.5512514109092368 neg 0.4418438429599396 __DUMMY__ 0.006904746130823775	false	0.5
vermeiden	neg 1.0		off 0.5388038463866598 neg 0.45407683140082183 __DUMMY__ 0.007119322212518379	false	0.5
abweichung	neg 1.0		off 0.543269602659999 neg 0.44968860294018337 __DUMMY__ 0.007041794399817782	false	0.5
alkoholisiert	neg 1.0		off 0.5437359306278862 neg 0.44915799104318743 __DUMMY__ 0.007106078328926472	false	0.5
scheiss	off 1.0	off 1.0	off 0.761354880520908 neg 0.23536445752045557 __DUMMY__ 0.0032806619586364214	false	1.0
herausforderung	neg 1.0		off 0.5424728175355904 neg 0.45049079222548816 __DUMMY__ 0.007036390238921411	false	0.5
pervers	off 1.0		off 0.5579726066673842 neg 0.4352339281737492 __DUMMY__ 0.0067934651588665235	false	1.0
wackelig	neg 1.0		off 0.5423185307420996 neg 0.4506443058449895 __DUMMY__ 0.007037163412911015	false	0.5
verwickeln	neg 1.0		off 0.5454800383113798 neg 0.4475399355735149 __DUMMY__ 0.006980026115105347	false	0.5
vorwand	neg 1.0		off 0.5399622593443304 neg 0.4529661848369333 __DUMMY__ 0.007071555818736392	false	0.5
muschi	off 1.0		off 0.5456372198640256 neg 0.4473261439262336 __DUMMY__ 0.007036636209740785	false	1.0
entmutigung	neg 1.0		off 0.5431204801833933 neg 0.44994965169331136 __DUMMY__ 0.0069298681232952365	false	0.5
unangemessen	neg 1.0		off 0.5438009764510887 neg 0.4491726876678745 __DUMMY__ 0.007026335881036727	false	0.5
unstetig	neg 1.0		off 0.548439508181986 neg 0.4445901543891321 __DUMMY__ 0.0069703374288818684	false	0.5
entmutigen	neg 1.0		off 0.5446105712519489 neg 0.44839942872982635 __DUMMY__ 0.006990000018224683	false	0.5
schwanz	neg 1.0		off 0.5432652459528938 neg 0.44968808294011 __DUMMY__ 0.007046671106996109	false	0.5
verbot	neg 1.0		off 0.5421507179712163 neg 0.45084197661765446 __DUMMY__ 0.0070073054111294	false	0.5
leid	neg 1.0		off 0.5526584584880728 neg 0.4404582483823886 __DUMMY__ 0.006883293129538693	false	0.5
archaisch	neg 1.0		off 0.5430070008153137 neg 0.4499729245852913 __DUMMY__ 0.007020074599394983	false	0.5
gegen			off 0.5410161459116487 neg 0.45188802781061194 __DUMMY__ 0.007095826277739173	false	0.0
scheidung	neg 1.0		off 0.5637972054793996 neg 0.42939614799958126 __DUMMY__ 0.006806646521019092	false	0.5
einschlag	neg 1.0		off 0.5549631483570904 neg 0.4380893035352925 __DUMMY__ 0.006947548107617087	false	0.5
m			off 0.5429944343860605 neg 0.44996976855042564 __DUMMY__ 0.007035797063513764	false	0.0
abgestanden	neg 1.0		off 0.5387469692260225 neg 0.45433653961882253 __DUMMY__ 0.006916491155154966	false	0.5
schmierig	off 1.0		off 0.551344976282807 neg 0.44178240523819146 __DUMMY__ 0.006872618479001551	false	1.0
unpraktisch	neg 1.0		off 0.5457875897915095 neg 0.44721610133012757 __DUMMY__ 0.006996308878362953	false	0.5
wixxer	off 1.0		off 0.5571986260466238 neg 0.4360280250947112 __DUMMY__ 0.006773348858665048	false	1.0
bezeichnet			off 0.5453824104785727 neg 0.44760123651201217 __DUMMY__ 0.007016353009415241	false	0.0
jammerlappen	off 1.0		off 0.54812472548853 neg 0.4449293824256612 __DUMMY__ 0.006945892085808784	false	1.0
farce	neg 1.0		off 0.5431295737128548 neg 0.4498854530794866 __DUMMY__ 0.006984973207658676	false	0.5
zwecklos	neg 1.0		off 0.5422146978282009 neg 0.45076039712499916 __DUMMY__ 0.007024905046799981	false	0.5
turbulent	neg 1.0		off 0.5492807111924543 neg 0.4438101900191676 __DUMMY__ 0.006909098788378204	false	0.5
invasion	neg 1.0		off 0.5463769339862516 neg 0.44664701656859823 __DUMMY__ 0.00697604944515014	false	0.5
schuld	neg 1.0		off 0.5453886931179566 neg 0.4476162662694824 __DUMMY__ 0.0069950406125610575	false	0.5
risiko	neg 1.0		off 0.544241742945884 neg 0.44880404446800876 __DUMMY__ 0.006954212586107242	false	0.5
finster	neg 1.0		off 0.5414256629921522 neg 0.451605927313763 __DUMMY__ 0.00696840969408479	false	0.5
geisteskrank	off 1.0		off 0.5502818630772244 neg 0.44279876963768705 __DUMMY__ 0.006919367285088675	false	1.0
zusammenbrechen	neg 1.0		off 0.5419436069968799 neg 0.45103888373971773 __DUMMY__ 0.007017509263402398	false	0.5
ausbeute	neg 1.0		off 0.5450160227169193 neg 0.44794224059910215 __DUMMY__ 0.007041736683978611	false	0.5
hinterhalt	neg 1.0		off 0.5437136764420802 neg 0.4492610698733507 __DUMMY__ 0.00702525368456907	false	0.5
kritik	neg 1.0		off 0.5429279527998229 neg 0.45008376545574885 __DUMMY__ 0.006988281744428262	false	0.5
einschrumpfen	neg 1.0		off 0.5474294022572719 neg 0.44564292955025553 __DUMMY__ 0.006927668192472508	false	0.5
riskant	neg 1.0		off 0.5405558472353317 neg 0.4523907528181601 __DUMMY__ 0.00705339994650831	false	0.5
frustrieren	neg 1.0		off 0.5408547081835737 neg 0.4521078140686026 __DUMMY__ 0.007037477747823699	false	0.5
groll	neg 1.0		off 0.5435670500104571 neg 0.44939298493139646 __DUMMY__ 0.0070399650581464	false	0.5
gibt			off 0.542549002079409 neg 0.45041467412260466 __DUMMY__ 0.007036323797986168	false	0.0
qualvoll	neg 1.0		off 0.5452459325652717 neg 0.4477822744783633 __DUMMY__ 0.0069717929563649006	false	0.5
wackeln	neg 1.0		off 0.543499388720741 neg 0.4494997626152903 __DUMMY__ 0.007000848663968683	false	0.5
klagen	neg 1.0		off 0.5395366652932247 neg 0.45340366805808785 __DUMMY__ 0.007059666648687325	false	0.5
bankrott	neg 1.0		off 0.5489805282835454 neg 0.4440501163389877 __DUMMY__ 0.006969355377466876	false	0.5
trauern	neg 1.0		off 0.5438028993504811 neg 0.44909809006319895 __DUMMY__ 0.007099010586320016	false	0.5
ablehnung	neg 1.0		off 0.5425631076168035 neg 0.45043944334652225 __DUMMY__ 0.006997449036674101	false	0.5
stur	neg 1.0		off 0.5444392137224112 neg 0.4485797784713817 __DUMMY__ 0.006981007806206987	false	0.5
aufruhr	neg 1.0		off 0.5437701558476082 neg 0.449236147101709 __DUMMY__ 0.006993697050682534	false	0.5
melancholie	neg 1.0		off 0.5376506600877702 neg 0.45533395987675934 __DUMMY__ 0.00701538003547036	false	0.5
ist			off 0.5455868013510738 neg 0.4474259059810173 __DUMMY__ 0.006987292667908854	false	0.0
torheit	neg 1.0		off 0.5455800318977404 neg 0.44742590183876824 __DUMMY__ 0.006994066263491342	false	0.5
dreckskind	off 1.0		off 0.5555770401687073 neg 0.43758920426999953 __DUMMY__ 0.006833755561293077	false	1.0
umtauschen	neg 1.0		off 0.5432890993002105 neg 0.4497069459280537 __DUMMY__ 0.007003954771735886	false	0.5
zum			off 0.5414820415361612 neg 0.45135990877000426 __DUMMY__ 0.007158049693834562	false	0.0
zersetzen	neg 1.0		off 0.5393736401627425 neg 0.4535877399210856 __DUMMY__ 0.007038619916171843	false	0.5
zur			off 0.5393018065747783 neg 0.45357414078139724 __DUMMY__ 0.007124052643824426	false	0.0
frust	neg 1.0		off 0.541809756723313 neg 0.45116883917757383 __DUMMY__ 0.007021404099113199	false	0.5
unerbittlichkeit	neg 1.0		off 0.542368293117528 neg 0.45056739550977126 __DUMMY__ 0.007064311372700719	false	0.5
zwei			off 0.5381054835448557 neg 0.4547768784170986 __DUMMY__ 0.007117638038045715	false	0.0
unkorrekt	neg 1.0		off 0.5500602594034714 neg 0.4430269333784212 __DUMMY__ 0.006912807218107448	false	0.5
hexe	off 1.0		off 0.5450064990655228 neg 0.4480908264270461 __DUMMY__ 0.006902674507431162	false	1.0
lasch	neg 1.0		off 0.5473038569967802 neg 0.4457428044061695 __DUMMY__ 0.006953338597050393	false	0.5
rivale	neg 1.0		off 0.5523392200030455 neg 0.44074585397024435 __DUMMY__ 0.006914926026710066	false	0.5
mutlos	off 1.0	off 1.0	off 0.757515048994238 neg 0.23913473527190912 __DUMMY__ 0.003350215733852858	false	1.0
wirr	off 1.0		off 0.550846387309874 neg 0.44227344023308046 __DUMMY__ 0.0068801724570455155	false	1.0
jahr			off 0.5445051254263116 neg 0.4483803906312834 __DUMMY__ 0.007114483942404938	false	0.0
wird			off 0.5423763574175742 neg 0.45057788301818025 __DUMMY__ 0.0070457595642455274	false	0.0
strafbar	neg 1.0		off 0.5416803823105281 neg 0.4512630259566261 __DUMMY__ 0.007056591732845688	false	0.5
erosion	neg 1.0		off 0.5451112027058951 neg 0.447876116374088 __DUMMY__ 0.007012680920016888	false	0.5
eingehen	neg 1.0		off 0.5404813835727378 neg 0.4524826254250933 __DUMMY__ 0.007035991002168869	false	0.5
faul	off 1.0		off 0.547710422924457 neg 0.4453334663477421 __DUMMY__ 0.006956110727800866	false	1.0
provisorium	neg 1.0		off 0.5372709631564528 neg 0.4555569034894772 __DUMMY__ 0.007172133354069832	false	0.5
schmerzen	neg 1.0		off 0.5413613623413456 neg 0.4516494469600119 __DUMMY__ 0.006989190698642623	false	0.5
schrumpfen	neg 1.0		off 0.5359439493570884 neg 0.4569837588787525 __DUMMY__ 0.007072291764159079	false	0.5
geistlos	off 1.0		off 0.5457521664617052 neg 0.4472922031256348 __DUMMY__ 0.006955630412660006	false	1.0
fehlkauf	neg 1.0		off 0.5461043862802816 neg 0.4469252604519944 __DUMMY__ 0.0069703532677239674	false	0.5
frustrierend	neg 1.0		off 0.5469611109728763 neg 0.4460814206879935 __DUMMY__ 0.006957468339130176	false	0.5
unzufrieden	neg 1.0		off 0.542418822714076 neg 0.45054835222705286 __DUMMY__ 0.00703282505887108	false	0.5
verzweifeln	neg 1.0		off 0.5435257886486372 neg 0.4494538564745111 __DUMMY__ 0.007020354876851647	false	0.5
verzweifelt	neg 1.0		off 0.5445346589125619 neg 0.4484839061489015 __DUMMY__ 0.006981434938536714	false	0.5
misstrauensantrag	neg 1.0		off 0.5452119200993246 neg 0.44781866859972114 __DUMMY__ 0.006969411300954245	false	0.5
abfallen	neg 1.0		off 0.5433885894452242 neg 0.4496222480620927 __DUMMY__ 0.006989162492683116	false	0.5
fucker	off 1.0		off 0.5515075156106108 neg 0.441572403450017 __DUMMY__ 0.006920080939372206	false	1.0
ungezogen	neg 1.0		off 0.5566267490286736 neg 0.4365476842074797 __DUMMY__ 0.006825566763846747	false	0.5
irrsinnig	neg 1.0	neg 1.0	neg 0.7078616525618102 off 0.28881310317585873 __DUMMY__ 0.0033252442623310403	false	1.0
unfassbar	neg 1.0		off 0.5494571693259882 neg 0.44359853924276826 __DUMMY__ 0.006944291431243517	false	0.5
hart	neg 1.0		off 0.5473719977277084 neg 0.44572765224648914 __DUMMY__ 0.006900350025802557	false	0.5
widerlich	off 1.0		off 0.5494745137467483 neg 0.44359492773254505 __DUMMY__ 0.006930558520706635	false	1.0
fatal	neg 1.0	neg 1.0	neg 0.7082678709949778 off 0.28843494107349466 __DUMMY__ 0.0032971879315274897	false	1.0
bruch	neg 1.0		off 0.5387002600287224 neg 0.45422098496336627 __DUMMY__ 0.007078755007911237	false	0.5
aushungern	neg 1.0		off 0.5421955314956388 neg 0.4508007374863793 __DUMMY__ 0.007003731017981946	false	0.5
anspannung	neg 1.0		off 0.5392867706503559 neg 0.453580749301548 __DUMMY__ 0.007132480048096086	false	0.5
von			off 0.5403126835345771 neg 0.4526179702416967 __DUMMY__ 0.007069346223726195	false	0.0
kraftlos	neg 1.0		off 0.5414784066449347 neg 0.4514921841687341 __DUMMY__ 0.007029409186331207	false	0.5
vom			off 0.5386894058971333 neg 0.4541279389169247 __DUMMY__ 0.007182655185942053	false	0.0
grenzdebil	off 1.0		off 0.5485616241239646 neg 0.4445154533067384 __DUMMY__ 0.006922922569297114	false	1.0
vor			off 0.5394101951047688 neg 0.4535058138434075 __DUMMY__ 0.00708399105182371	false	0.0
unterwerfen	neg 1.0		off 0.5426568718352377 neg 0.45028656184266497 __DUMMY__ 0.007056566322097374	false	0.5
versenkung	neg 1.0		off 0.5422712721131847 neg 0.45066381171999975 __DUMMY__ 0.007064916166815517	false	0.5
entziehen	neg 1.0		off 0.5400165849189289 neg 0.45290875183768836 __DUMMY__ 0.007074663243382689	false	0.5
finanzkrise	neg 1.0		off 0.5385605801570966 neg 0.4545141384531177 __DUMMY__ 0.006925281389785581	false	0.5
schimpfend	neg 1.0		off 0.5460712711086528 neg 0.44691607217585244 __DUMMY__ 0.007012656715494716	false	0.5
profan	neg 1.0		off 0.5453715289626766 neg 0.4476612593545542 __DUMMY__ 0.0069672116827692145	false	0.5
korruption	neg 1.0		off 0.540893128676384 neg 0.4521098482413464 __DUMMY__ 0.006997023082269553	false	0.5
â			off 0.5422758174344443 neg 0.45068569281680876 __DUMMY__ 0.0070384897487469926	false	0.0
schmutzig	neg 1.0		off 0.5485078816879855 neg 0.4445726552158508 __DUMMY__ 0.006919463096163717	false	0.5
sexy	neg 1.0		off 0.548153207347754 neg 0.44487256418560145 __DUMMY__ 0.006974228466644475	false	0.5
abraten	neg 1.0		off 0.5462844924366892 neg 0.4467243872277935 __DUMMY__ 0.006991120335517294	false	0.5
schwarz	neg 1.0		off 0.5466208021615075 neg 0.446391385948576 __DUMMY__ 0.006987811889916331	false	0.5
fotze	off 1.0	off 1.0	off 0.7584639794476677 neg 0.23818193901586923 __DUMMY__ 0.003354081536462954	false	1.0
verwirren	neg 1.0		off 0.5462178857416623 neg 0.44680762226778487 __DUMMY__ 0.006974491990552808	false	0.5
zahnlos	off 1.0		off 0.5431694321789546 neg 0.44980813681010934 __DUMMY__ 0.007022431010935919	false	1.0
verheeren	neg 1.0		off 0.5578076132816341 neg 0.43537686179340573 __DUMMY__ 0.0068155249249602055	false	0.5
hippie	neg 1.0		off 0.5473871090461089 neg 0.44564238266399875 __DUMMY__ 0.006970508289892423	false	0.5
rammen	neg 1.0		off 0.5457462106314411 neg 0.4472446265687595 __DUMMY__ 0.007009162799799361	false	0.5
unlauter	neg 1.0		off 0.5451160521727302 neg 0.44791722413815765 __DUMMY__ 0.0069667236891121555	false	0.5
unheilvoll	neg 1.0		off 0.5444498139240536 neg 0.4485717224295368 __DUMMY__ 0.006978463646409562	false	0.5
niedrig	neg 1.0		off 0.5400516472945558 neg 0.4529405947344001 __DUMMY__ 0.007007757971044193	false	0.5
explosion	neg 1.0		off 0.5477234509167669 neg 0.4452997118095086 __DUMMY__ 0.006976837273724551	false	0.5
weichei	off 1.0	off 1.0	off 0.7623764163234433 neg 0.2343770300516168 __DUMMY__ 0.0032465536249399194	false	1.0
minusmensch	off 1.0		off 0.5575983664504228 neg 0.43558514659052255 __DUMMY__ 0.006816486959054743	false	1.0
farblos	neg 1.0		off 0.5454350404800158 neg 0.44757473886500027 __DUMMY__ 0.0069902206549839535	false	0.5
unwissend	neg 1.0	neg 1.0	neg 0.7063248415339892 off 0.29037601637951893 __DUMMY__ 0.0032991420864918906	false	1.0
traurig	neg 1.0		off 0.551448321275895 neg 0.4416380108660557 __DUMMY__ 0.006913667858049187	false	0.5
senkung	neg 1.0		off 0.5427244010354214 neg 0.45036454744535337 __DUMMY__ 0.006911051519225247	false	0.5
ungleich	neg 1.0	neg 1.0	neg 0.709581704797261 off 0.2870674569320909 __DUMMY__ 0.0033508382706481463	false	1.0
heikel	neg 1.0		off 0.5408661793692379 neg 0.4520799706209954 __DUMMY__ 0.007053850009766572	false	0.5
drosselung	neg 1.0		off 0.5467584133239736 neg 0.4463536426511107 __DUMMY__ 0.006887944024915563	false	0.5
falsch	neg 1.0		off 0.5482202591478252 neg 0.4448096901754658 __DUMMY__ 0.0069700506767088576	false	0.5
unzufriedenheit	neg 1.0		off 0.5394738148386357 neg 0.4534872645832401 __DUMMY__ 0.00703892057812414	false	0.5
kurz	neg 1.0		off 0.5435991196554737 neg 0.44935540915120625 __DUMMY__ 0.007045471193320127	false	0.5
unsinnig	neg 1.0		off 0.5423512614824038 neg 0.45065123620714226 __DUMMY__ 0.006997502310453948	false	0.5
penner	off 1.0	off 1.0	off 0.7636425880667285 neg 0.2331136462293542 __DUMMY__ 0.0032437657039173233	false	1.0
seicht	neg 1.0		off 0.5535229657770351 neg 0.43967801093860087 __DUMMY__ 0.006799023284364166	false	0.5
dummheit	off 1.0	off 1.0	off 0.7593348162479818 neg 0.23735775162134218 __DUMMY__ 0.0033074321306759227	false	1.0
unerfreulich	neg 1.0		off 0.5408034433509759 neg 0.45213692079425055 __DUMMY__ 0.007059635854773633	false	0.5
motherfucker	off 1.0	off 1.0	off 0.7619832309464953 neg 0.23472975291996065 __DUMMY__ 0.0032870161335440545	false	1.0
pikiert	neg 1.0		off 0.5476499442202383 neg 0.44542148240966717 __DUMMY__ 0.006928573370094594	false	0.5
wrack	neg 1.0		off 0.5472722260814166 neg 0.4456347069612348 __DUMMY__ 0.0070930669573485965	false	0.5
gangster	neg 1.0		off 0.5474543228313627 neg 0.4455792402855626 __DUMMY__ 0.006966436883074736	false	0.5
krank	neg 1.0		off 0.5495876016708977 neg 0.44347611855883234 __DUMMY__ 0.006936279770269948	false	0.5
reich	neg 1.0		off 0.5441971565284246 neg 0.44890277998977063 __DUMMY__ 0.006900063481804884	false	0.5
gnadenlos	neg 1.0		off 0.5456765716920481 neg 0.44731792021625777 __DUMMY__ 0.0070055080916940895	false	0.5
niedergeschlagen	neg 1.0		off 0.5430212238937399 neg 0.4499335724490989 __DUMMY__ 0.007045203657161089	false	0.5
terrorisieren	off 1.0	off 1.0	off 0.7570915721093198 neg 0.23954996729922381 __DUMMY__ 0.0033584605914564435	false	1.0
sinnlosigkeit	neg 1.0		off 0.5428849608247718 neg 0.45008679946083574 __DUMMY__ 0.007028239714392435	false	0.5
behindern	neg 1.0		off 0.54376919217859 neg 0.44922878065698746 __DUMMY__ 0.007002027164422473	false	0.5
undemokratisch	neg 1.0		off 0.54538756099808 neg 0.4476455848449667 __DUMMY__ 0.006966854156953352	false	0.5
wirtschaftskrise	neg 1.0		off 0.5396991305391166 neg 0.45331478683291404 __DUMMY__ 0.006986082627969397	false	0.5
neid	neg 1.0		off 0.546345347696633 neg 0.4466971516331992 __DUMMY__ 0.006957500670167888	false	0.5
rutschen	neg 1.0		off 0.5374456227605516 neg 0.4554407350314126 __DUMMY__ 0.007113642208035764	false	0.5
rezession	neg 1.0		off 0.5465168467750883 neg 0.4466517300945515 __DUMMY__ 0.006831423130360295	false	0.5
fehlgeburt	neg 1.0		off 0.5455444022973275 neg 0.44744300794342046 __DUMMY__ 0.007012589759251957	false	0.5
charakterschwach	off 1.0		off 0.5486072132021175 neg 0.44446434731051637 __DUMMY__ 0.006928439487366215	false	1.0
isolation	neg 1.0		off 0.5486069000880669 neg 0.44441610937053083 __DUMMY__ 0.006976990541402279	false	0.5
ablenkung	neg 1.0		off 0.5447034567030584 neg 0.44827604506125 __DUMMY__ 0.007020498235691491	false	0.5
pech	neg 1.0		off 0.546944850061228 neg 0.44611128432399083 __DUMMY__ 0.0069438656147811735	false	0.5
vermeidung	neg 1.0		off 0.5481619176466543 neg 0.44492356218785767 __DUMMY__ 0.006914520165488075	false	0.5
dominieren	neg 1.0		off 0.5434866725548156 neg 0.44948621512504183 __DUMMY__ 0.007027112320142544	false	0.5
schwindlig	neg 1.0		off 0.5450118187686391 neg 0.4480193578363108 __DUMMY__ 0.006968823395050033	false	0.5
lutscher	neg 1.0		off 0.5551826790482058 neg 0.43803535925010817 __DUMMY__ 0.006781961701685971	false	0.5
pflicht	neg 1.0		off 0.5407151916230291 neg 0.45220225892973664 __DUMMY__ 0.007082549447234339	false	0.5
faschist	off 1.0		off 0.5477020670430702 neg 0.44533133002469294 __DUMMY__ 0.0069666029322368725	false	1.0
verschleudern	neg 1.0		off 0.5380185381049756 neg 0.4549905157188157 __DUMMY__ 0.006990946176208713	false	0.5
wenn			off 0.5475331973858758 neg 0.4455225579284822 __DUMMY__ 0.006944244685641957	false	0.0
ehebruch	neg 1.0		off 0.541716653475428 neg 0.45125234017259885 __DUMMY__ 0.007031006351973152	false	0.5
spott	off 1.0		off 0.5430321236164999 neg 0.44991397675679184 __DUMMY__ 0.007053899626708224	false	1.0
trostlosigkeit	neg 1.0		off 0.5385094494007977 neg 0.4544412732986729 __DUMMY__ 0.007049277300529361	false	0.5
lutschen	neg 1.0		off 0.5487574147607939 neg 0.4442729356124324 __DUMMY__ 0.006969649626773765	false	0.5
undiszipliniert	neg 1.0		off 0.5503344666798747 neg 0.4427530391888764 __DUMMY__ 0.006912494131248928	false	0.5
kopfschmerz	neg 1.0		off 0.5383906250895983 neg 0.45461997655665837 __DUMMY__ 0.006989398353743242	false	0.5
unvorhergesehen	neg 1.0		off 0.5407756789019013 neg 0.4521482204206862 __DUMMY__ 0.007076100677412479	false	0.5
desinteressiert	neg 1.0		off 0.5496699948962395 neg 0.4434126933008045 __DUMMY__ 0.0069173118029560885	false	0.5
armselig	off 1.0		off 0.551967985502099 neg 0.4411305084269045 __DUMMY__ 0.006901506070996389	false	1.0
desaster	neg 1.0		off 0.5383238282475521 neg 0.45461624432055914 __DUMMY__ 0.007059927431888612	false	0.5
tod	neg 1.0		off 0.5419419757888017 neg 0.451007621194856 __DUMMY__ 0.007050403016342337	false	0.5
herzlos	neg 1.0		off 0.5510624493174291 neg 0.44203760354947347 __DUMMY__ 0.006899947133097324	false	0.5
unwissenheit	neg 1.0		off 0.5424607775786625 neg 0.45051048469443106 __DUMMY__ 0.007028737726906411	false	0.5
widersinnig	neg 1.0		off 0.5413686315049736 neg 0.45165111564289884 __DUMMY__ 0.006980252852127524	false	0.5
bedenklich	neg 1.0		off 0.5411505728858198 neg 0.4518202990051481 __DUMMY__ 0.00702912810903216	false	0.5
beanstanden	neg 1.0		off 0.54187964458526 neg 0.4510354935741111 __DUMMY__ 0.007084861840628832	false	0.5
panisch	neg 1.0		off 0.5461852716840792 neg 0.4468232576808929 __DUMMY__ 0.006991470635027961	false	0.5
debil	off 1.0		off 0.53669847065471 neg 0.45615662758960923 __DUMMY__ 0.007144901755680749	false	1.0
abstrich	neg 1.0		off 0.5436182494369572 neg 0.44936146597777527 __DUMMY__ 0.0070202845852674715	false	0.5
primitiv	neg 1.0		off 0.5502255234712078 neg 0.44285162895760577 __DUMMY__ 0.006922847571186506	false	0.5
abschaum	off 1.0	off 1.0	off 0.7616994750782459 neg 0.23499091927677643 __DUMMY__ 0.003309605644977769	false	1.0
provozieren	neg 1.0		off 0.5446496135230716 neg 0.44836093866913546 __DUMMY__ 0.006989447807792902	false	0.5
tot	neg 1.0		off 0.5431658065472718 neg 0.4498041479766052 __DUMMY__ 0.0070300454761230615	false	0.5
instabil	neg 1.0		off 0.5503229063127265 neg 0.4428088288000732 __DUMMY__ 0.006868264887200318	false	0.5
schwuchtel	off 1.0	off 1.0	off 0.7669175929471189 neg 0.22987978627934708 __DUMMY__ 0.0032026207735339563	false	1.0
zerren	neg 1.0		off 0.5427684263099798 neg 0.4501878808366522 __DUMMY__ 0.007043692853368191	false	0.5
kinderficker	off 1.0		off 0.5536205643269313 neg 0.4395080503321463 __DUMMY__ 0.0068713853409222946	false	1.0
gefahr	neg 1.0		off 0.5410203819511271 neg 0.45190396632031327 __DUMMY__ 0.007075651728559607	false	0.5
rabiat	neg 1.0		off 0.5426061375977754 neg 0.45039434776953213 __DUMMY__ 0.006999514632692531	false	0.5
verlangsamung	neg 1.0		off 0.5535897742964667 neg 0.439579253589983 __DUMMY__ 0.006830972113550352	false	0.5
ausgestorben	neg 1.0		off 0.5439055290526784 neg 0.449066574625076 __DUMMY__ 0.007027896322245631	false	0.5
anklagen	neg 1.0		off 0.5433201114824957 neg 0.4496557239412867 __DUMMY__ 0.007024164576217547	false	0.5
trott	neg 1.0		off 0.5445625352581293 neg 0.4484275275430976 __DUMMY__ 0.007009937198773191	false	0.5
verminderung	neg 1.0		off 0.5482122131630862 neg 0.44487396183077815 __DUMMY__ 0.0069138250061357215	false	0.5
nach			off 0.5379375920484942 neg 0.4549139583104759 __DUMMY__ 0.007148449641029868	false	0.0
rost	neg 1.0		off 0.5583362298242822 neg 0.4347924447489002 __DUMMY__ 0.006871325426817511	false	0.5
destruktiv	neg 1.0		off 0.5435565385477432 neg 0.4494463638533541 __DUMMY__ 0.0069970975989027346	false	0.5
unzumutbarkeit	neg 1.0		off 0.5503371658100228 neg 0.4427170725074063 __DUMMY__ 0.006945761682570987	false	0.5
labil	off 1.0	off 1.0	off 0.760700684364943 neg 0.23599604593318152 __DUMMY__ 0.003303269701875512	false	1.0
ziemlich	neg 1.0		off 0.5495939159582449 neg 0.4434533510492961 __DUMMY__ 0.006952732992458841	false	0.5
lachnummer	off 1.0		off 0.5452461684521931 neg 0.44774409017912103 __DUMMY__ 0.007009741368685795	false	1.0
oder			off 0.5453123042384711 neg 0.4476766636296875 __DUMMY__ 0.007011032131841287	false	0.0
verfall	neg 1.0		off 0.5365450611638899 neg 0.4563769173435572 __DUMMY__ 0.007078021492552734	false	0.5
ausgrenzung	neg 1.0		off 0.5452485247315542 neg 0.44778534214134647 __DUMMY__ 0.006966133127099369	false	0.5
unordnung	neg 1.0		off 0.5533054653783835 neg 0.4397952336296655 __DUMMY__ 0.0068993009919509	false	0.5
fehlverhalten	neg 1.0		off 0.541406427416749 neg 0.45154028073591207 __DUMMY__ 0.0070532918473388195	false	0.5
eine			off 0.5389831980898299 neg 0.45395198517163227 __DUMMY__ 0.007064816738537729	false	0.0
nille	neg 1.0		off 0.5456835949865911 neg 0.4472983173743401 __DUMMY__ 0.007018087639068776	false	0.5
qual	neg 1.0		off 0.5440742283965 neg 0.44891562031781157 __DUMMY__ 0.007010151285688441	false	0.5
verschwenden	neg 1.0		off 0.539459039017711 neg 0.45351128923682094 __DUMMY__ 0.007029671745468096	false	0.5
riesig	neg 1.0		off 0.5425645740536137 neg 0.45037398860217465 __DUMMY__ 0.007061437344211698	false	0.5
verurteilen	neg 1.0		off 0.5429185691943634 neg 0.4500557423854344 __DUMMY__ 0.007025688420202249	false	0.5
klischee	neg 1.0	neg 1.0	neg 0.7070813350070622 off 0.2896185488403957 __DUMMY__ 0.003300116152542125	false	1.0
diktatorisch	neg 1.0		off 0.5456722796867125 neg 0.4473596735412499 __DUMMY__ 0.006968046772037654	false	0.5
vorhersehbar	neg 1.0		off 0.5458645111885287 neg 0.4471790435634776 __DUMMY__ 0.006956445247993586	false	0.5
sowie			off 0.551579258123737 neg 0.4415658230240479 __DUMMY__ 0.00685491885221513	false	0.0
stornieren	neg 1.0		off 0.5504046943203742 neg 0.44256548071753904 __DUMMY__ 0.0070298249620866825	false	0.5
besteuerung	neg 1.0	neg 1.0	neg 0.7096365989857273 off 0.2870668253660843 __DUMMY__ 0.0032965756481883857	false	1.0
ungeschminkt	neg 1.0		off 0.550476822330245 neg 0.4426014603126185 __DUMMY__ 0.006921717357136546	false	0.5
kritisch	neg 1.0		off 0.5426035911430758 neg 0.45036393322083146 __DUMMY__ 0.007032475636092693	false	0.5
schlamperei	off 1.0		off 0.5416764916702753 neg 0.45127744347669313 __DUMMY__ 0.007046064853031477	false	1.0
sucht	neg 1.0	neg 1.0	neg 0.706356516514474 off 0.29030255011077216 __DUMMY__ 0.0033409333747538906	false	1.0
egoistisch	off 1.0	off 1.0	off 0.7637575176402284 neg 0.232972176584305 __DUMMY__ 0.0032703057754667	false	1.0
ausbeuter	off 1.0		off 0.5391052012262337 neg 0.45387096863427734 __DUMMY__ 0.007023830139488897	false	1.0
arschgeburt	off 1.0		off 0.5593874962064646 neg 0.43385983381255494 __DUMMY__ 0.006752669980980561	false	1.0
schubs	neg 1.0		off 0.5400744867556078 neg 0.452918085480578 __DUMMY__ 0.007007427763814192	false	0.5
unsolide	neg 1.0		off 0.5463220348115411 neg 0.4467112045217492 __DUMMY__ 0.00696676066670974	false	0.5
beschwerde	neg 1.0		off 0.5433265092829291 neg 0.44963915865082166 __DUMMY__ 0.0070343320662492725	false	0.5
stocken	neg 1.0		off 0.5418769897960397 neg 0.4510857205224659 __DUMMY__ 0.007037289681494319	false	0.5
isolieren	neg 1.0		off 0.5414551520948142 neg 0.4515377085097965 __DUMMY__ 0.00700713939538929	false	0.5
unheilbar	neg 1.0		off 0.5439900664226516 neg 0.4490113009077121 __DUMMY__ 0.006998632669636426	false	0.5
pisser	off 1.0	off 1.0	off 0.763149568317216 neg 0.23355895833953857 __DUMMY__ 0.0032914733432453766	false	1.0
löschen	neg 1.0		off 0.5450813886241388 neg 0.44791587749613704 __DUMMY__ 0.0070027338797241	false	0.5
durchfallen	neg 1.0		off 0.5426133995893588 neg 0.4503499882178351 __DUMMY__ 0.007036612192805923	false	0.5
wichser	off 1.0	off 1.0	off 0.765036129211099 neg 0.2317380503001786 __DUMMY__ 0.0032258204887223346	false	1.0
terror	neg 1.0		off 0.5473431210252189 neg 0.4456838765282659 __DUMMY__ 0.00697300244651522	false	0.5
krass	neg 1.0		off 0.5526725623114052 neg 0.44044539951457395 __DUMMY__ 0.006882038174020939	false	0.5
revolte	neg 1.0		off 0.5447735851807948 neg 0.44830401305646594 __DUMMY__ 0.006922401762739289	false	0.5
besorgt	neg 1.0		off 0.5440182983195399 neg 0.44893257753983984 __DUMMY__ 0.007049124140620249	false	0.5
nachlassen	neg 1.0		off 0.5430362323073847 neg 0.4499088083567474 __DUMMY__ 0.007054959335867877	false	0.5
alt	neg 1.0		off 0.5372424373190011 neg 0.45578534223350076 __DUMMY__ 0.006972220447498248	false	0.5
hundesohn	off 1.0	off 1.0	off 0.7650514339105924 neg 0.23171062344905727 __DUMMY__ 0.0032379426403502964	false	1.0
als			off 0.5417724827199749 neg 0.4512126312817413 __DUMMY__ 0.007014885998283657	false	0.0
abschreckung	neg 1.0		off 0.5400071425218398 neg 0.4529420340540039 __DUMMY__ 0.007050823424156234	false	0.5
unqualifiziert	neg 1.0		off 0.5481542867550585 neg 0.44488629929304213 __DUMMY__ 0.006959413951899471	false	0.5
abgewichst	off 1.0		off 0.5448966250733179 neg 0.44808155518656595 __DUMMY__ 0.007021819740116249	false	1.0
schwer	neg 1.0		off 0.5431728209662939 neg 0.449823177492275 __DUMMY__ 0.007004001541430912	false	0.5
bedeutungslosigkeit	neg 1.0		off 0.5406988676644936 neg 0.45225130475178943 __DUMMY__ 0.007049827583716902	false	0.5
kapitulation	neg 1.0		off 0.5409169503002088 neg 0.45207106832094546 __DUMMY__ 0.00701198137884574	false	0.5
unscharf	neg 1.0		off 0.542602763868337 neg 0.4504731472782479 __DUMMY__ 0.006924088853415182	false	0.5
schwinden	neg 1.0		off 0.5393921437311937 neg 0.45358052431016216 __DUMMY__ 0.007027331958644266	false	0.5
versklavung	neg 1.0	neg 1.0	neg 0.7080641158121408 off 0.28862413574882434 __DUMMY__ 0.0033117484390349145	false	1.0
schlecht	neg 1.0		off 0.549974653755471 neg 0.443069366506617 __DUMMY__ 0.006955979737911926	false	0.5
verhasst	neg 1.0		off 0.5452112305313962 neg 0.4478070163405904 __DUMMY__ 0.0069817531280135115	false	0.5
beschweren	neg 1.0		off 0.5467174849818326 neg 0.44628405017529427 __DUMMY__ 0.006998464842873312	false	0.5
scheiden	neg 1.0		off 0.5433405688244585 neg 0.44967126492668985 __DUMMY__ 0.006988166248851622	false	0.5
frustriert	neg 1.0		off 0.543390188165295 neg 0.4495845184935487 __DUMMY__ 0.007025293341156171	false	0.5
schimmelig	neg 1.0		off 0.5399450064180609 neg 0.4530546426023833 __DUMMY__ 0.007000350979555814	false	0.5
fisch	neg 1.0		off 0.5357956367163809 neg 0.45719374153458553 __DUMMY__ 0.007010621749033612	false	0.5
schmuggel	neg 1.0		off 0.5410316292272995 neg 0.451878803644613 __DUMMY__ 0.007089567128087356	false	0.5
auffallen	neg 1.0		off 0.5460910930456995 neg 0.4469304328230802 __DUMMY__ 0.006978474131220252	false	0.5
konkurrenz	neg 1.0		off 0.5411082899920199 neg 0.45182433715689707 __DUMMY__ 0.007067372851083171	false	0.5
teufelskreis	neg 1.0	neg 1.0	neg 0.7097800302106909 off 0.2869016996809347 __DUMMY__ 0.0033182701083742817	false	1.0
aufschreien	neg 1.0		off 0.5458757719962455 neg 0.44716430075277835 __DUMMY__ 0.006959927250976098	false	0.5
schuldner	neg 1.0		off 0.5379176072740351 neg 0.4550736470182917 __DUMMY__ 0.007008745707673052	false	0.5
missgeburt	off 1.0	off 1.0	off 0.7658117595855015 neg 0.23091992882599208 __DUMMY__ 0.0032683115885064943	false	1.0
arbeitslos	neg 1.0		off 0.5423525439729656 neg 0.4506123380912952 __DUMMY__ 0.007035117935739248	false	0.5
befallen	neg 1.0		off 0.5407024262316988 neg 0.4523266918515631 __DUMMY__ 0.0069708819167382035	false	0.5
miesepetrig	off 1.0	off 1.0	off 0.7604934094219084 neg 0.23620730445541463 __DUMMY__ 0.0032992861226770263	false	1.0
alarmieren	neg 1.0		off 0.5487976014517527 neg 0.44424381017900294 __DUMMY__ 0.006958588369244463	false	0.5
ungeduscht	off 1.0		off 0.5472286356687842 neg 0.44583015037969104 __DUMMY__ 0.006941213951524846	false	1.0
knappheit	neg 1.0		off 0.5401456237972966 neg 0.45286366892057783 __DUMMY__ 0.006990707282125585	false	0.5
schlange	neg 1.0		off 0.5445562441141508 neg 0.4484416171687144 __DUMMY__ 0.0070021387171347585	false	0.5
harsch	neg 1.0		off 0.5548629379295568 neg 0.4382076834082794 __DUMMY__ 0.006929378662163786	false	0.5
lang	neg 1.0		off 0.5458048650544798 neg 0.4471986302237653 __DUMMY__ 0.006996504721754831	false	0.5
ziellos	neg 1.0		off 0.5414383076035256 neg 0.4515037480041631 __DUMMY__ 0.007057944392311354	false	0.5
selbstverliebt	neg 1.0		off 0.558463525782967 neg 0.43473028732480845 __DUMMY__ 0.006806186892224708	false	0.5
beseitigen	neg 1.0		off 0.5463453511568959 neg 0.44661821859397366 __DUMMY__ 0.007036430249130362	false	0.5
dumm	off 1.0		off 0.5540305488480233 neg 0.4391124886548566 __DUMMY__ 0.006856962497120148	false	1.0
arbeitsloser	neg 1.0		off 0.5452751798240901 neg 0.44764764927352907 __DUMMY__ 0.007077170902380825	false	0.5
blitzen	neg 1.0		off 0.5478743155270849 neg 0.4451621651264738 __DUMMY__ 0.006963519346441291	false	0.5
hilflos	neg 1.0		off 0.5421493197010581 neg 0.4508213448435532 __DUMMY__ 0.007029335455388696	false	0.5
eklig	off 1.0		off 0.5529597804284354 neg 0.4402108635872991 __DUMMY__ 0.006829355984265453	false	1.0
begriff			off 0.5441407068014811 neg 0.448846625293696 __DUMMY__ 0.007012667904822902	false	0.0
hungersnot	neg 1.0		off 0.5405772491280845 neg 0.4524267187003329 __DUMMY__ 0.00699603217158259	false	0.5
ungesetzlich	neg 1.0		off 0.5451013869551602 neg 0.4479376376763162 __DUMMY__ 0.006960975368523695	false	0.5
verschwendung	neg 1.0		off 0.540443841724041 neg 0.4525096986242136 __DUMMY__ 0.0070464596517452955	false	0.5
schmerzvoll	neg 1.0		off 0.5445481954409298 neg 0.44847704438466524 __DUMMY__ 0.006974760174405027	false	0.5
vorzeitig	neg 1.0		off 0.5506008692537379 neg 0.4424232441799681 __DUMMY__ 0.006975886566294029	false	0.5
unvollkommenheit	neg 1.0		off 0.5438459014634711 neg 0.4491245068730441 __DUMMY__ 0.007029591663484731	false	0.5
intervenieren	neg 1.0		off 0.5395283347487828 neg 0.45345583929925964 __DUMMY__ 0.007015825951957387	false	0.5
banause	off 1.0		off 0.5523132254604166 neg 0.44090359156896936 __DUMMY__ 0.0067831829706139065	false	1.0
rebell	neg 1.0		off 0.5358320716661811 neg 0.4571133605285449 __DUMMY__ 0.007054567805273925	false	0.5
unlogisch	neg 1.0		off 0.5509004080626975 neg 0.4421909537413274 __DUMMY__ 0.006908638195975346	false	0.5
leiden	neg 1.0		off 0.5422446625007138 neg 0.45065743585731244 __DUMMY__ 0.007097901641973822	false	0.5
abschaffung	neg 1.0		off 0.5439147305695252 neg 0.44911535401475894 __DUMMY__ 0.006969915415715786	false	0.5
sturz	neg 1.0		off 0.5497297289558514 neg 0.4432344853353738 __DUMMY__ 0.0070357857087747205	false	0.5
verkleinerung	neg 1.0		off 0.5449813019193931 neg 0.44810645031191837 __DUMMY__ 0.006912247768688569	false	0.5
schmarotzer	off 1.0		off 0.5425649032222837 neg 0.45041795052245415 __DUMMY__ 0.0070171462552621276	false	1.0
bestrafung	neg 1.0	neg 1.0	neg 0.7074887919721062 off 0.2891757327690783 __DUMMY__ 0.0033354752588154405	false	1.0
achtlos	neg 1.0		off 0.5431111429382838 neg 0.4498679537746447 __DUMMY__ 0.007020903287071434	false	0.5
ungeheuer	neg 1.0		off 0.5426374901242723 neg 0.45039391049179134 __DUMMY__ 0.006968599383936259	false	0.5
