unsolidarisch	neg 1.0		__DUMMY__ 0.8753651798990307 off 0.06817643565888354 neg 0.05645838444208584	false	0.5
nachteilig	neg 1.0		__DUMMY__ 0.8837828106719882 off 0.06335540585240387 neg 0.05286178347560803	false	0.5
skeptisch	neg 1.0		__DUMMY__ 0.8829439699814017 off 0.06226100836392675 neg 0.05479502165467153	false	0.5
schrecklich	neg 1.0		__DUMMY__ 0.8704729783423789 off 0.07599884546544085 neg 0.05352817619218014	false	0.5
schlapp	neg 1.0	neg 1.0	neg 0.5116039591093511 __DUMMY__ 0.4337891796738899 off 0.05460686121675898	false	1.0
abfall	neg 1.0		__DUMMY__ 0.8865657260446942 off 0.05907080343890475 neg 0.054363470516401016	false	0.5
widerspenstig	neg 1.0		__DUMMY__ 0.8774276136651539 off 0.06602174844169403 neg 0.05655063789315209	false	0.5
abrupt	neg 1.0		__DUMMY__ 0.8814862938227782 off 0.06142481768574664 neg 0.05708888849147524	false	0.5
unwirksam	neg 1.0		__DUMMY__ 0.8722521300511628 off 0.06740595455186602 neg 0.06034191539697112	false	0.5
angreifen	neg 1.0		__DUMMY__ 0.8830270393605204 off 0.061743956796869545 neg 0.0552290038426101	false	0.5
inkonsistent	neg 1.0		__DUMMY__ 0.8746652864129886 off 0.0693412195667699 neg 0.055993494020241515	false	0.5
abrutschen	neg 1.0		__DUMMY__ 0.8857823867280092 off 0.05874392497481892 neg 0.05547368829717193	false	0.5
unsicher	neg 1.0		__DUMMY__ 0.8795477092034132 off 0.06677129141662481 neg 0.05368099937996201	false	0.5
bauernkind	off 1.0	off 1.0	off 0.529015515741958 __DUMMY__ 0.42668154694708205 neg 0.04430293731095995	false	1.0
angreifer	neg 1.0		__DUMMY__ 0.8793365698284995 off 0.07076790090565645 neg 0.04989552926584403	false	0.5
trennen	neg 1.0		__DUMMY__ 0.8841357469359904 off 0.061251794120909295 neg 0.054612458943100226	false	0.5
schmutz	neg 1.0		__DUMMY__ 0.8813628683451824 off 0.06953810546913816 neg 0.049099026185679386	false	0.5
inkonsistenz	neg 1.0		__DUMMY__ 0.874566371541973 off 0.07194894187912855 neg 0.05348468657889841	false	0.5
erschreckend	neg 1.0		__DUMMY__ 0.8790539373350138 off 0.0662715066526055 neg 0.054674556012380755	false	0.5
ertrinken	neg 1.0		__DUMMY__ 0.8820827585426047 off 0.06110834790030533 neg 0.05680889355708989	false	0.5
pickelface	off 1.0		__DUMMY__ 0.8792285271699066 off 0.06740459173011061 neg 0.053366881099982756	false	1.0
seiner			__DUMMY__ 0.883660106435295 off 0.06198278229724483 neg 0.05435711126746024	false	0.0
lauch	neg 1.0	neg 1.0	neg 0.5115824741362368 __DUMMY__ 0.4435596779223164 off 0.04485784794144686	false	1.0
unwichtig	neg 1.0		__DUMMY__ 0.8741222323154912 off 0.07187683018213671 neg 0.05400093750237212	false	0.5
steuerhinterziehung	neg 1.0		__DUMMY__ 0.8776839725360454 off 0.06639511242927972 neg 0.055920915034674924	false	0.5
schock	neg 1.0		__DUMMY__ 0.879863499473118 off 0.06511324069481367 neg 0.05502325983206832	false	0.5
beule	neg 1.0		__DUMMY__ 0.8709907977436494 off 0.07382826040117844 neg 0.05518094185517216	false	0.5
vergelten	neg 1.0		__DUMMY__ 0.8715401625681352 off 0.07716975074084846 neg 0.051290086691016375	false	0.5
verdorbenheit	neg 1.0		__DUMMY__ 0.8785515234098972 off 0.06764651586531532 neg 0.053801960724787525	false	0.5
trauma	neg 1.0		__DUMMY__ 0.8766418527492031 off 0.06832820779613741 neg 0.05502993945465947	false	0.5
sinnlos	neg 1.0		__DUMMY__ 0.8768863634604094 off 0.06892786595680672 neg 0.05418577058278396	false	0.5
fettsack	off 1.0	off 1.0	off 0.5301671964872995 __DUMMY__ 0.4274751205704057 neg 0.042357682942294805	false	1.0
feige	off 1.0	off 1.0	off 0.525575139095402 __DUMMY__ 0.43268330528774124 neg 0.041741555616856704	false	1.0
abdanken	neg 1.0		__DUMMY__ 0.8795935351329671 off 0.06674293370536016 neg 0.05366353116167266	false	0.5
wichtigtuer	off 1.0	off 1.0	off 0.5230092899209349 __DUMMY__ 0.43593038463472805 neg 0.041060325444337034	false	1.0
misslingen	neg 1.0		__DUMMY__ 0.8823658812057656 off 0.06811163392686688 neg 0.04952248486736746	false	0.5
untreu	off 1.0		__DUMMY__ 0.8721631926898852 off 0.07311264933142121 neg 0.054724157978693615	false	1.0
missmutig	neg 1.0		__DUMMY__ 0.8738709063565319 off 0.07044960515422086 neg 0.05567948848924729	false	0.5
hurenbock	off 1.0		__DUMMY__ 0.8750594272038853 off 0.0668466279501953 neg 0.05809394484591932	false	1.0
betrunken	neg 1.0		__DUMMY__ 0.8705090284056713 off 0.07479698308911487 neg 0.05469398850521372	false	0.5
korrupt	off 1.0		__DUMMY__ 0.876880655780278 off 0.0660407950996601 neg 0.05707854912006191	false	1.0
unmut	neg 1.0		__DUMMY__ 0.8844312165986358 off 0.06053215082060933 neg 0.05503663258075493	false	0.5
hackfresse	off 1.0		__DUMMY__ 0.865658649482463 off 0.08057132309522734 neg 0.05377002742230965	false	1.0
aufblasen	neg 1.0		__DUMMY__ 0.8772792584156915 off 0.0670134523064942 neg 0.055707289277814244	false	0.5
gewaltsam	neg 1.0		__DUMMY__ 0.8811212191363446 off 0.06656696321488863 neg 0.05231181764876675	false	0.5
unbeliebtheit	neg 1.0		__DUMMY__ 0.8738977538356706 off 0.07326298554273104 neg 0.05283926062159832	false	0.5
sturheit	neg 1.0		__DUMMY__ 0.8808438424637796 off 0.06627183141289922 neg 0.05288432612332121	false	0.5
kuh	neg 1.0		__DUMMY__ 0.8689613268126679 off 0.06967150312179363 neg 0.06136717006553854	false	0.5
erschrecken	neg 1.0		__DUMMY__ 0.8748550323638259 off 0.07091404262194369 neg 0.05423092501423041	false	0.5
opfer	neg 1.0		__DUMMY__ 0.8836631850145373 off 0.0635952730901544 neg 0.05274154189530835	false	0.5
sinken	neg 1.0		__DUMMY__ 0.8821050049040992 off 0.060901358679602786 neg 0.05699363641629805	false	0.5
stinktier	neg 1.0		__DUMMY__ 0.8636261868051021 off 0.07833317689502414 neg 0.058040636299873744	false	0.5
tucke	off 1.0		__DUMMY__ 0.8603825807056886 off 0.08259797740320123 neg 0.057019441891110134	false	1.0
ein			__DUMMY__ 0.876058169521306 off 0.06571743522650017 neg 0.05822439525219379	false	0.0
abstieg	neg 1.0		__DUMMY__ 0.8849030072030323 off 0.06484867211553554 neg 0.050248320681432236	false	0.5
missverstehen	neg 1.0		__DUMMY__ 0.8758978883464374 off 0.0698690898954499 neg 0.0542330217581126	false	0.5
ergebnislos	neg 1.0		__DUMMY__ 0.8848230666437632 off 0.06332876910184398 neg 0.05184816425439284	false	0.5
unter			__DUMMY__ 0.8919185433121625 off 0.05472631346910182 neg 0.05335514321873573	false	0.0
manipulieren	neg 1.0		__DUMMY__ 0.8831425666554109 off 0.06269987918640982 neg 0.05415755415817928	false	0.5
unbewiesen	neg 1.0		__DUMMY__ 0.8765428242395067 off 0.0684477769547858 neg 0.05500939880570753	false	0.5
verschleppen	neg 1.0		__DUMMY__ 0.8803218199576026 off 0.06437399935893343 neg 0.05530418068346398	false	0.5
weib	off 1.0		__DUMMY__ 0.8628379702368204 off 0.08286457245508598 neg 0.0542974573080936	false	1.0
opposition	neg 1.0		__DUMMY__ 0.8753876394583123 off 0.06839085749620663 neg 0.05622150304548108	false	0.5
verkehrswidrig	neg 1.0		__DUMMY__ 0.8738927289583652 off 0.07732265734846076 neg 0.048784613693173946	false	0.5
inkorrekt	neg 1.0		__DUMMY__ 0.8700949045014819 off 0.0761226877376669 neg 0.053782407760851275	false	0.5
vermeiden	neg 1.0		__DUMMY__ 0.8881189643185988 off 0.058102551339131385 neg 0.05377848434226991	false	0.5
abweichung	neg 1.0		__DUMMY__ 0.8816213956361069 off 0.06462167556967689 neg 0.05375692879421629	false	0.5
alkoholisiert	neg 1.0		__DUMMY__ 0.8878223556839733 off 0.06126247167465239 neg 0.05091517264137438	false	0.5
scheiss	off 1.0	off 1.0	off 0.5261751879527972 __DUMMY__ 0.4318960581456669 neg 0.04192875390153593	false	1.0
herausforderung	neg 1.0		__DUMMY__ 0.8810509127810053 off 0.06440301222531286 neg 0.05454607499368182	false	0.5
pervers	off 1.0		__DUMMY__ 0.861205862188983 off 0.0851830373918521 neg 0.05361110041916495	false	1.0
wackelig	neg 1.0		__DUMMY__ 0.8813182357338922 off 0.06394960198444101 neg 0.054732162281666774	false	0.5
verwickeln	neg 1.0		__DUMMY__ 0.8761638258156422 off 0.06898237217914065 neg 0.054853802005217125	false	0.5
vorwand	neg 1.0		__DUMMY__ 0.8837336301613111 off 0.061292330035987656 neg 0.05497403980270126	false	0.5
muschi	off 1.0		__DUMMY__ 0.8811838233131444 off 0.0663295917294872 neg 0.05248658495736835	false	1.0
entmutigung	neg 1.0		__DUMMY__ 0.8720171183816302 off 0.06970705305867943 neg 0.05827582855969034	false	0.5
unangemessen	neg 1.0		__DUMMY__ 0.8799692037849401 off 0.06589066259129094 neg 0.054140133623768884	false	0.5
unstetig	neg 1.0		__DUMMY__ 0.8762008298799181 off 0.07079573445024825 neg 0.05300343566983362	false	0.5
entmutigen	neg 1.0		__DUMMY__ 0.8771489504693578 off 0.06781320828799418 neg 0.055037841242648	false	0.5
schwanz	neg 1.0		__DUMMY__ 0.8822574915274563 off 0.06403576744587501 neg 0.05370674102666872	false	0.5
verbot	neg 1.0		__DUMMY__ 0.8784263808214191 off 0.06569034886135085 neg 0.05588327031723	false	0.5
leid	neg 1.0		__DUMMY__ 0.8686755374734157 off 0.07757177633248667 neg 0.053752686194097545	false	0.5
archaisch	neg 1.0		__DUMMY__ 0.8796176145654941 off 0.06552498479387778 neg 0.05485740064062809	false	0.5
gegen			__DUMMY__ 0.8857101052340688 off 0.06105881748675012 neg 0.053231077279181166	false	0.0
scheidung	neg 1.0		__DUMMY__ 0.8624656460579748 off 0.08873071230263567 neg 0.04880364163938947	false	0.5
einschlag	neg 1.0		__DUMMY__ 0.874209897660631 off 0.0762937450138523 neg 0.04949635732551681	false	0.5
m			__DUMMY__ 0.8809634458211126 off 0.06459202208054382 neg 0.0544445320983435	false	0.0
abgestanden	neg 1.0		__DUMMY__ 0.8717223530831393 off 0.06630423528322488 neg 0.06197341163363588	false	0.5
schmierig	off 1.0		__DUMMY__ 0.8677076512175531 off 0.07727552444422296 neg 0.055016824338223844	false	1.0
unpraktisch	neg 1.0		__DUMMY__ 0.878069217458251 off 0.06797943940050184 neg 0.05395134314124718	false	0.5
wixxer	off 1.0		__DUMMY__ 0.8594859165115124 off 0.08558225767786722 neg 0.054931825810620345	false	1.0
bezeichnet			__DUMMY__ 0.879187835242948 off 0.06734388961031497 neg 0.053468275146737076	false	0.0
jammerlappen	off 1.0		__DUMMY__ 0.873454898686573 off 0.07217009738599134 neg 0.05437500392743571	false	1.0
farce	neg 1.0		__DUMMY__ 0.8765932677852508 off 0.06728598355892938 neg 0.0561207486558198	false	0.5
zwecklos	neg 1.0		__DUMMY__ 0.8797903192526103 off 0.06490676654437418 neg 0.05530291420301563	false	0.5
turbulent	neg 1.0		__DUMMY__ 0.871018377700525 off 0.0741234996270967 neg 0.0548581226723783	false	0.5
invasion	neg 1.0		__DUMMY__ 0.8759894611505674 off 0.06956094045356757 neg 0.05444959839586506	false	0.5
schuld	neg 1.0		__DUMMY__ 0.877391104313403 off 0.06828821634478525 neg 0.05432067934181182	false	0.5
risiko	neg 1.0		__DUMMY__ 0.8744826364915075 off 0.06909502867632472 neg 0.05642233483216781	false	0.5
finster	neg 1.0		__DUMMY__ 0.8760153767900746 off 0.06597034411050585 neg 0.05801427909941952	false	0.5
geisteskrank	off 1.0		__DUMMY__ 0.8712102053549176 off 0.07483550209692463 neg 0.05395429254815773	false	1.0
zusammenbrechen	neg 1.0		__DUMMY__ 0.879180955695087 off 0.06502258802050796 neg 0.055796456284405	false	0.5
ausbeute	neg 1.0		__DUMMY__ 0.8820003360275224 off 0.06541890257141461 neg 0.05258076140106291	false	0.5
hinterhalt	neg 1.0		__DUMMY__ 0.8807343408120626 off 0.06521562141156621 neg 0.054050037776371115	false	0.5
kritik	neg 1.0		__DUMMY__ 0.8768265617646182 off 0.06704496625346498 neg 0.05612847198191679	false	0.5
einschrumpfen	neg 1.0		__DUMMY__ 0.8720751862280571 off 0.07237338025585682 neg 0.05555143351608597	false	0.5
riskant	neg 1.0		__DUMMY__ 0.8821747444187716 off 0.062497191408335484 neg 0.05532806417289279	false	0.5
frustrieren	neg 1.0		__DUMMY__ 0.8808332614457903 off 0.06341441031049228 neg 0.05575232824371739	false	0.5
groll	neg 1.0		__DUMMY__ 0.8811521074638158 off 0.06511160073591225 neg 0.05373629180027205	false	0.5
gibt			__DUMMY__ 0.8807319890073843 off 0.06463245714931502 neg 0.05463555384330068	false	0.0
qualvoll	neg 1.0		__DUMMY__ 0.8758348716005625 off 0.06890122416863824 neg 0.055263904230799174	false	0.5
wackeln	neg 1.0		__DUMMY__ 0.8781247532132161 off 0.0665262630104759 neg 0.05534898377630784	false	0.5
klagen	neg 1.0		__DUMMY__ 0.8827687069819806 off 0.06157572891177689 neg 0.05565556410624245	false	0.5
bankrott	neg 1.0		__DUMMY__ 0.8757181655249812 off 0.07136254994493674 neg 0.05291928453008213	false	0.5
trauern	neg 1.0		__DUMMY__ 0.8863811022573568 off 0.06245074508028489 neg 0.05116815266235828	false	0.5
ablehnung	neg 1.0		__DUMMY__ 0.8775659391723941 off 0.06642785399928097 neg 0.05600620682832498	false	0.5
stur	neg 1.0		__DUMMY__ 0.8762231461152884 off 0.06823597045192768 neg 0.05554088343278392	false	0.5
aufruhr	neg 1.0		__DUMMY__ 0.8775175860881347 off 0.06716245245405283 neg 0.05531996145781252	false	0.5
melancholie	neg 1.0		__DUMMY__ 0.8796669672741259 off 0.06162126863583964 neg 0.05871176409003448	false	0.5
ist			__DUMMY__ 0.8768480428484309 off 0.06866220197144722 neg 0.05448975518012178	false	0.0
torheit	neg 1.0		__DUMMY__ 0.8775089440324568 off 0.06842221016634706 neg 0.05406884580119605	false	0.5
dreckskind	off 1.0		__DUMMY__ 0.8644506636512803 off 0.08186006734514412 neg 0.05368926900357559	false	1.0
umtauschen	neg 1.0		__DUMMY__ 0.8788325948636919 off 0.06577769912889692 neg 0.05538970600741125	false	0.5
zum			__DUMMY__ 0.891381708199273 off 0.05814399730331813 neg 0.050474294497408916	false	0.0
zersetzen	neg 1.0		__DUMMY__ 0.8809508741519769 off 0.06238534758928703 neg 0.05666377825873602	false	0.5
zur			__DUMMY__ 0.88822829957669 off 0.05846145514674215 neg 0.05331024527656778	false	0.0
frust	neg 1.0		__DUMMY__ 0.8794475160962484 off 0.06482255084742106 neg 0.055729933056330526	false	0.5
unerbittlichkeit	neg 1.0		__DUMMY__ 0.8832016703886716 off 0.06323243902194348 neg 0.053565890589384976	false	0.5
zwei			__DUMMY__ 0.8878649463295298 off 0.057636548304497284 neg 0.05449850536597279	false	0.0
unkorrekt	neg 1.0		__DUMMY__ 0.871021990241928 off 0.07465896348839211 neg 0.05431904626967995	false	0.5
hexe	off 1.0		__DUMMY__ 0.8705161750890082 off 0.07141537373899366 neg 0.05806845117199805	false	1.0
lasch	neg 1.0		__DUMMY__ 0.8740482825076543 off 0.07135609429988456 neg 0.05459562319246115	false	0.5
rivale	neg 1.0		__DUMMY__ 0.871418287769826 off 0.07597978704533687 neg 0.05260192518483714	false	0.5
mutlos	off 1.0	off 1.0	off 0.5188991851082231 __DUMMY__ 0.43943995328963814 neg 0.04166086160213881	false	1.0
wirr	off 1.0		__DUMMY__ 0.868312726158264 off 0.07662458455406164 neg 0.0550626892876744	false	1.0
jahr			__DUMMY__ 0.887932648427219 off 0.062002018932597415 neg 0.05006533264018364	false	0.0
wird			__DUMMY__ 0.8816362957672461 off 0.06396133851580886 neg 0.05440236571694502	false	0.0
strafbar	neg 1.0		__DUMMY__ 0.8825443671075462 off 0.06310070332479802 neg 0.05435492956765576	false	0.5
erosion	neg 1.0		__DUMMY__ 0.8791313525245358 off 0.06698174039410115 neg 0.05388690708136299	false	0.5
eingehen	neg 1.0		__DUMMY__ 0.880674028705195 off 0.06326149234395523 neg 0.05606447895084982	false	0.5
faul	off 1.0		__DUMMY__ 0.8748270930070029 off 0.07095891611924098 neg 0.05421399087375615	false	1.0
provisorium	neg 1.0		__DUMMY__ 0.8924576906322174 off 0.054690828588706636 neg 0.052851480779076025	false	0.5
schmerzen	neg 1.0		__DUMMY__ 0.87757539303868 off 0.06515091078491546 neg 0.057273696176404584	false	0.5
schrumpfen	neg 1.0		__DUMMY__ 0.8838334719434011 off 0.058598610675626626 neg 0.057567917380972354	false	0.5
geistlos	off 1.0		__DUMMY__ 0.8741527790794752 off 0.0703064918280315 neg 0.05554072909249324	false	1.0
fehlkauf	neg 1.0		__DUMMY__ 0.8755844518779136 off 0.06961637294018105 neg 0.05479917518190543	false	0.5
frustrierend	neg 1.0		__DUMMY__ 0.8744304671114826 off 0.07086988258149184 neg 0.054699650307025435	false	0.5
unzufrieden	neg 1.0		__DUMMY__ 0.8804191714834134 off 0.06471159182462216 neg 0.05486923669196446	false	0.5
verzweifeln	neg 1.0		__DUMMY__ 0.8794766707184904 off 0.06592501939875156 neg 0.05459830988275796	false	0.5
verzweifelt	neg 1.0		__DUMMY__ 0.8762229574583075 off 0.06829584194503147 neg 0.055481200596661145	false	0.5
misstrauensantrag	neg 1.0		__DUMMY__ 0.8757636724262329 off 0.06883708680037393 neg 0.055399240773393164	false	0.5
abfallen	neg 1.0		__DUMMY__ 0.8773997832284067 off 0.06670248272662883 neg 0.055897734044964474	false	0.5
fucker	off 1.0		__DUMMY__ 0.8712369981303505 off 0.07564380675603392 neg 0.05311919511361558	false	1.0
ungezogen	neg 1.0		__DUMMY__ 0.8639777873319037 off 0.08277552408593805 neg 0.0532466885821583	false	0.5
irrsinnig	neg 1.0	neg 1.0	neg 0.5118461922705213 __DUMMY__ 0.43658077358357666 off 0.0515730341459019	false	1.0
unfassbar	neg 1.0		__DUMMY__ 0.8734031340767302 off 0.07305378158188065 neg 0.05354308434138916	false	0.5
hart	neg 1.0		__DUMMY__ 0.8702591847419319 off 0.07316457033626213 neg 0.05657624492180601	false	0.5
widerlich	off 1.0		__DUMMY__ 0.8722939834736374 off 0.07365225314929098 neg 0.05405376337707169	false	1.0
fatal	neg 1.0	neg 1.0	neg 0.513857810857934 __DUMMY__ 0.43321468085875914 off 0.05292750828330673	false	1.0
bruch	neg 1.0		__DUMMY__ 0.8844662924053881 off 0.06010673819725608 neg 0.05542696939735585	false	0.5
aushungern	neg 1.0		__DUMMY__ 0.8780909750601571 off 0.06594962507254395 neg 0.055959399867298955	false	0.5
anspannung	neg 1.0		__DUMMY__ 0.8891201780755625 off 0.05797502346307317 neg 0.05290479846136428	false	0.5
von			__DUMMY__ 0.8840089929841034 off 0.06125551549070647 neg 0.05473549152519003	false	0.0
kraftlos	neg 1.0		__DUMMY__ 0.8804645456615201 off 0.0639615697130802 neg 0.055573884625399646	false	0.5
vom			__DUMMY__ 0.8934806834016836 off 0.05505201433122397 neg 0.05146730226709248	false	0.0
grenzdebil	off 1.0		__DUMMY__ 0.8717066004364075 off 0.07332702222548888 neg 0.05496637733810368	false	1.0
vor			__DUMMY__ 0.8847297592667968 off 0.06033032084084797 neg 0.05493991989235523	false	0.0
unterwerfen	neg 1.0		__DUMMY__ 0.882637276903697 off 0.06371758975321425 neg 0.05364513334308877	false	0.5
versenkung	neg 1.0		__DUMMY__ 0.8830844090197361 off 0.06324889453501215 neg 0.05366669644525181	false	0.5
entziehen	neg 1.0		__DUMMY__ 0.8839453746272156 off 0.06124053102879143 neg 0.05481409434399295	false	0.5
finanzkrise	neg 1.0		__DUMMY__ 0.8717455404234185 off 0.06665160556802525 neg 0.06160285400855635	false	0.5
schimpfend	neg 1.0		__DUMMY__ 0.8797431864290604 off 0.06725156740347671 neg 0.053005246167463035	false	0.5
profan	neg 1.0		__DUMMY__ 0.8753231461938252 off 0.06928596933074646 neg 0.0553908844754284	false	0.5
korruption	neg 1.0		__DUMMY__ 0.8776086478888407 off 0.0652190564521727 neg 0.057172295658986544	false	0.5
â			__DUMMY__ 0.881227489511413 off 0.06396302865780343 neg 0.054809481830783637	false	0.0
schmutzig	neg 1.0		__DUMMY__ 0.8714351476525414 off 0.07346041113821532 neg 0.05510444120924334	false	0.5
sexy	neg 1.0		__DUMMY__ 0.8758619933697118 off 0.07082855328269738 neg 0.05330945334759075	false	0.5
abraten	neg 1.0		__DUMMY__ 0.8773885900464016 off 0.06875495948152707 neg 0.05385645047207143	false	0.5
schwarz	neg 1.0		__DUMMY__ 0.8769311470725585 off 0.06925323552437629 neg 0.053815617403065154	false	0.5
fotze	off 1.0	off 1.0	off 0.5192120241888747 __DUMMY__ 0.4402069833056136 neg 0.040580992505511684	false	1.0
verwirren	neg 1.0		__DUMMY__ 0.8758305872479578 off 0.06961177125034838 neg 0.05455764150169389	false	0.5
zahnlos	off 1.0		__DUMMY__ 0.8795457572307245 off 0.06571802648109426 neg 0.05473621628818118	false	1.0
verheeren	neg 1.0		__DUMMY__ 0.862998629849654 off 0.084306580145121 neg 0.052694790005224944	false	0.5
hippie	neg 1.0		__DUMMY__ 0.8754592544577242 off 0.07056405113286697 neg 0.0539766944094089	false	0.5
rammen	neg 1.0		__DUMMY__ 0.8797160246074713 off 0.0670350122450684 neg 0.05324896314746028	false	0.5
unlauter	neg 1.0		__DUMMY__ 0.8754161013194309 off 0.06913457471576406 neg 0.055449323964804995	false	0.5
unheilvoll	neg 1.0		__DUMMY__ 0.8767106499863809 off 0.06777698624101403 neg 0.05551236377260509	false	0.5
niedrig	neg 1.0		__DUMMY__ 0.879013154474396 off 0.06373412478622857 neg 0.05725272073937534	false	0.5
explosion	neg 1.0		__DUMMY__ 0.8761904601699556 off 0.0703613089543591 neg 0.05344823087568528	false	0.5
weichei	off 1.0	off 1.0	off 0.5296312651546154 __DUMMY__ 0.42755862080031215 neg 0.04281011404507248	false	1.0
minusmensch	off 1.0		__DUMMY__ 0.8628143397423641 off 0.08431669758096486 neg 0.052868962676670996	false	1.0
farblos	neg 1.0		__DUMMY__ 0.8780514719231268 off 0.06765684258258978 neg 0.05429168549428338	false	0.5
unwissend	neg 1.0	neg 1.0	neg 0.5118209569225501 __DUMMY__ 0.43361700060760755 off 0.0545620424698423	false	1.0
traurig	neg 1.0		__DUMMY__ 0.8710282517231143 off 0.07562903240198969 neg 0.053342715874896	false	0.5
senkung	neg 1.0		__DUMMY__ 0.870871055831759 off 0.0698051877338585 neg 0.059323756434382625	false	0.5
ungleich	neg 1.0	neg 1.0	neg 0.5120652026183373 __DUMMY__ 0.4395735097131774 off 0.0483612876684853	false	1.0
heikel	neg 1.0		__DUMMY__ 0.8822832480359843 off 0.06264017315986521 neg 0.05507657880415047	false	0.5
drosselung	neg 1.0		__DUMMY__ 0.8690785124136895 off 0.07338262861611788 neg 0.05753885897019264	false	0.5
falsch	neg 1.0		__DUMMY__ 0.8756006454103237 off 0.07102371127055682 neg 0.05337564331911956	false	0.5
unzufriedenheit	neg 1.0		__DUMMY__ 0.880875884950693 off 0.06253486414902183 neg 0.056589250900285056	false	0.5
kurz	neg 1.0		__DUMMY__ 0.8819131560499304 off 0.0645265383081235 neg 0.05356030564194614	false	0.5
unsinnig	neg 1.0		__DUMMY__ 0.8775105284514272 off 0.06618596617519817 neg 0.05630350537337472	false	0.5
penner	off 1.0	off 1.0	off 0.531152083497252 __DUMMY__ 0.42713585489219874 neg 0.04171206161054932	false	1.0
seicht	neg 1.0		__DUMMY__ 0.8612963697678788 off 0.08224579065777254 neg 0.05645783957434862	false	0.5
dummheit	off 1.0	off 1.0	off 0.5231883556761018 __DUMMY__ 0.4344531905056565 neg 0.04235845381824165	false	1.0
unerfreulich	neg 1.0		__DUMMY__ 0.8828444144243512 off 0.06227257899098184 neg 0.0548830065846669	false	0.5
motherfucker	off 1.0	off 1.0	off 0.5270257727998355 __DUMMY__ 0.4320614290636927 neg 0.0409127981364718	false	1.0
pikiert	neg 1.0		__DUMMY__ 0.8720706575568694 off 0.07253220761381778 neg 0.055397134829312925	false	0.5
wrack	neg 1.0		__DUMMY__ 0.8866483958067909 off 0.0644896774287218 neg 0.04886192676448735	false	0.5
gangster	neg 1.0		__DUMMY__ 0.8751577020367143 off 0.07073607564317737 neg 0.054106222320108394	false	0.5
krank	neg 1.0		__DUMMY__ 0.8731150222768936 off 0.07317892748276379 neg 0.05370605024034263	false	0.5
reich	neg 1.0		__DUMMY__ 0.8702175901645127 off 0.07106418889351443 neg 0.05871822094197276	false	0.5
gnadenlos	neg 1.0		__DUMMY__ 0.8782549515499561 off 0.06803939996407808 neg 0.05370564848596583	false	0.5
niedergeschlagen	neg 1.0		__DUMMY__ 0.8817859277893513 off 0.06422712865476615 neg 0.053986943555882454	false	0.5
terrorisieren	off 1.0	off 1.0	off 0.5179566308339978 __DUMMY__ 0.4404020932741103 neg 0.04164127589189191	false	1.0
sinnlosigkeit	neg 1.0		__DUMMY__ 0.880141917409733 off 0.0651763591491018 neg 0.05468172344116515	false	0.5
behindern	neg 1.0		__DUMMY__ 0.8782316784358021 off 0.06656715306282783 neg 0.055201168501370086	false	0.5
undemokratisch	neg 1.0		__DUMMY__ 0.8750853715511403 off 0.06964745870424124 neg 0.055267169744618524	false	0.5
wirtschaftskrise	neg 1.0		__DUMMY__ 0.8767760801165236 off 0.06483304280705783 neg 0.05839087707641853	false	0.5
neid	neg 1.0		__DUMMY__ 0.874794384122714 off 0.07011380815321516 neg 0.055091807724070865	false	0.5
rutschen	neg 1.0		__DUMMY__ 0.8876297635486208 off 0.057339658822202634 neg 0.05503057762917653	false	0.5
rezession	neg 1.0		__DUMMY__ 0.8640848864095741 off 0.07605247509571098 neg 0.0598626384947149	false	0.5
fehlgeburt	neg 1.0		__DUMMY__ 0.8798553631593552 off 0.0668208087279869 neg 0.05332382811265784	false	0.5
charakterschwach	off 1.0		__DUMMY__ 0.8720547408019902 off 0.07322054160337214 neg 0.05472471759463775	false	1.0
isolation	neg 1.0		__DUMMY__ 0.8762616075578306 off 0.07086241361542332 neg 0.05287597882674613	false	0.5
ablenkung	neg 1.0		__DUMMY__ 0.8796980359410228 off 0.066537330103559 neg 0.05376463395541821	false	0.5
pech	neg 1.0		__DUMMY__ 0.8739125140046096 off 0.07086191284718887 neg 0.055225573148201604	false	0.5
vermeidung	neg 1.0		__DUMMY__ 0.8712233534002675 off 0.07320419050311917 neg 0.05557245609661338	false	0.5
dominieren	neg 1.0		__DUMMY__ 0.8803857074822516 off 0.0653893793401662 neg 0.05422491317758217	false	0.5
schwindlig	neg 1.0		__DUMMY__ 0.8759857099284708 off 0.0684460293833141 neg 0.055568260688215035	false	0.5
lutscher	neg 1.0		__DUMMY__ 0.8602029437771279 off 0.08381901807804518 neg 0.055978038144826964	false	0.5
pflicht	neg 1.0		__DUMMY__ 0.8845614764057207 off 0.06140045963939489 neg 0.0540380639548844	false	0.5
faschist	off 1.0		__DUMMY__ 0.8751639090265776 off 0.07112919692828426 neg 0.05370689404513809	false	1.0
verschleudern	neg 1.0		__DUMMY__ 0.8771813478330438 off 0.06344628036025789 neg 0.059372371806698326	false	0.5
wenn			__DUMMY__ 0.8732868810452251 off 0.07184581028400659 neg 0.05486730867076826	false	0.0
ehebruch	neg 1.0		__DUMMY__ 0.8803974396516859 off 0.06427829550833446 neg 0.055324264839979605	false	0.5
spott	off 1.0		__DUMMY__ 0.8823129086301474 off 0.0641593502160968 neg 0.053527741153755734	false	1.0
trostlosigkeit	neg 1.0		__DUMMY__ 0.8819788126716843 off 0.06125864078555121 neg 0.05676254654276457	false	0.5
lutschen	neg 1.0		__DUMMY__ 0.875824451622464 off 0.07123604955776977 neg 0.052939498819766125	false	0.5
undiszipliniert	neg 1.0		__DUMMY__ 0.8709980972045709 off 0.07482546803691081 neg 0.0541764347585183	false	0.5
kopfschmerz	neg 1.0		__DUMMY__ 0.877651785216234 off 0.06312726106081855 neg 0.05922095372294743	false	0.5
unvorhergesehen	neg 1.0		__DUMMY__ 0.8849075381006488 off 0.06092005019150108 neg 0.05417241170785009	false	0.5
desinteressiert	neg 1.0		__DUMMY__ 0.8712544201991619 off 0.07429419991427572 neg 0.05445137988656245	false	0.5
armselig	off 1.0		__DUMMY__ 0.8697757284266528 off 0.07671485666303846 neg 0.053509414910308646	false	1.0
desaster	neg 1.0		__DUMMY__ 0.8826608213667707 off 0.06082340912122589 neg 0.056515769512003516	false	0.5
tod	neg 1.0		__DUMMY__ 0.8828426334910193 off 0.06287750999097796 neg 0.054279856518002725	false	0.5
herzlos	neg 1.0		__DUMMY__ 0.8697892841144594 off 0.07604031091552538 neg 0.05417040497001514	false	0.5
unwissenheit	neg 1.0		__DUMMY__ 0.8802259234668801 off 0.06483661360785907 neg 0.05493746292526085	false	0.5
widersinnig	neg 1.0		__DUMMY__ 0.876071879653095 off 0.0663674915343385 neg 0.057560628812566544	false	0.5
bedenklich	neg 1.0		__DUMMY__ 0.8801483518392175 off 0.0639757721876382 neg 0.055875875973144216	false	0.5
beanstanden	neg 1.0		__DUMMY__ 0.8848473898418545 off 0.062011029260369735 neg 0.05314158089777566	false	0.5
panisch	neg 1.0		__DUMMY__ 0.8775991716522495 off 0.06852917100333487 neg 0.05387165734441565	false	0.5
debil	off 1.0		__DUMMY__ 0.8904157759041028 off 0.05526282207585342 neg 0.054321402020043805	false	1.0
abstrich	neg 1.0		__DUMMY__ 0.8811900287210366 off 0.06448261883161312 neg 0.054327352447350374	false	0.5
primitiv	neg 1.0		__DUMMY__ 0.8716038288744999 off 0.07454637657793006 neg 0.05384979454756998	false	0.5
abschaum	off 1.0	off 1.0	off 0.5253434754902592 __DUMMY__ 0.4347792053305257 neg 0.03987731917921516	false	1.0
provozieren	neg 1.0		__DUMMY__ 0.8768922957456421 off 0.06804080359901027 neg 0.055066900655347605	false	0.5
tot	neg 1.0		__DUMMY__ 0.8814466081495265 off 0.06434274259174438 neg 0.05421064925872916	false	0.5
instabil	neg 1.0		__DUMMY__ 0.8673044356160274 off 0.07688198515974558 neg 0.055813579224227056	false	0.5
schwuchtel	off 1.0	off 1.0	off 0.5369930881053011 __DUMMY__ 0.4221778001062141 neg 0.0408291117884848	false	1.0
zerren	neg 1.0		__DUMMY__ 0.8815062855337148 off 0.0643014855099762 neg 0.05419222895630897	false	0.5
kinderficker	off 1.0		__DUMMY__ 0.8674094008862252 off 0.07908801227820057 neg 0.05350258683557413	false	1.0
gefahr	neg 1.0		__DUMMY__ 0.8841760108062536 off 0.06183190129806678 neg 0.05399208789567956	false	0.5
rabiat	neg 1.0		__DUMMY__ 0.8777287033726138 off 0.06617665241281506 neg 0.05609464421457112	false	0.5
verlangsamung	neg 1.0		__DUMMY__ 0.8642817200306577 off 0.08083662951528732 neg 0.05488165045405497	false	0.5
ausgestorben	neg 1.0		__DUMMY__ 0.8802336582284912 off 0.06575331856721936 neg 0.054013023204289384	false	0.5
anklagen	neg 1.0		__DUMMY__ 0.8800653240459939 off 0.0655206511351311 neg 0.05441402481887496	false	0.5
trott	neg 1.0		__DUMMY__ 0.8787961955769622 off 0.06682136446006902 neg 0.054382439962968786	false	0.5
verminderung	neg 1.0		__DUMMY__ 0.8712121166618728 off 0.07319931914870866 neg 0.055588564189418474	false	0.5
nach			__DUMMY__ 0.890413816578213 off 0.056175318817015533 neg 0.05341086460477144	false	0.0
rost	neg 1.0		__DUMMY__ 0.8679434769508607 off 0.08195328444086905 neg 0.050103238608270186	false	0.5
destruktiv	neg 1.0		__DUMMY__ 0.8775960606503984 off 0.06693596256058205 neg 0.05546797678901951	false	0.5
unzumutbarkeit	neg 1.0		__DUMMY__ 0.8740103336519185 off 0.0732828191174936 neg 0.05270684723058788	false	0.5
labil	off 1.0	off 1.0	off 0.5247781705482013 __DUMMY__ 0.4339680220140704 neg 0.041253807437728184	false	1.0
ziemlich	neg 1.0		__DUMMY__ 0.8742557910046842 off 0.07269478679705606 neg 0.053049422198259685	false	0.5
lachnummer	off 1.0		__DUMMY__ 0.8784894990622317 off 0.06768950879705682 neg 0.05382099214071141	false	1.0
oder			__DUMMY__ 0.8790500097816192 off 0.06722799068267452 neg 0.053721999535706375	false	0.0
verfall	neg 1.0		__DUMMY__ 0.8842576184050617 off 0.05870697728303474 neg 0.05703540431190355	false	0.5
ausgrenzung	neg 1.0		__DUMMY__ 0.8751027707861927 off 0.06952198377192172 neg 0.055375245441885546	false	0.5
unordnung	neg 1.0		__DUMMY__ 0.8702612681165092 off 0.07726302001766189 neg 0.0524757118658289	false	0.5
fehlverhalten	neg 1.0		__DUMMY__ 0.8821279771531104 off 0.06318078024484812 neg 0.05469124260204143	false	0.5
eine			__DUMMY__ 0.8831782439516935 off 0.06083066548205221 neg 0.055991090566254245	false	0.0
nille	neg 1.0		__DUMMY__ 0.8794035285663198 off 0.06738249058233652 neg 0.053213980851343726	false	0.5
qual	neg 1.0		__DUMMY__ 0.8787875175868414 off 0.06651225821199139 neg 0.05470022420116724	false	0.5
verschwenden	neg 1.0		__DUMMY__ 0.8803344952951191 off 0.06265548798534883 neg 0.057010016719532	false	0.5
riesig	neg 1.0		__DUMMY__ 0.8836640879976246 off 0.06280947839161194 neg 0.053526433610763376	false	0.5
verurteilen	neg 1.0		__DUMMY__ 0.8799215805234393 off 0.06537858689178257 neg 0.054699832584778084	false	0.5
klischee	neg 1.0	neg 1.0	neg 0.5124903373385394 __DUMMY__ 0.433560821874689 off 0.0539488407867716	false	1.0
diktatorisch	neg 1.0		__DUMMY__ 0.875200572965379 off 0.06979573391388914 neg 0.05500369312073196	false	0.5
vorhersehbar	neg 1.0		__DUMMY__ 0.8741952995189357 off 0.07028563035845686 neg 0.0555190701226073	false	0.5
sowie			__DUMMY__ 0.8660914114575147 off 0.0783075743474576 neg 0.05560101419502777	false	0.0
stornieren	neg 1.0		__DUMMY__ 0.8810561422202525 off 0.0696540796351563 neg 0.049289778144591165	false	0.5
besteuerung	neg 1.0	neg 1.0	neg 0.5150929946768847 __DUMMY__ 0.4334688988728418 off 0.0514381064502735	false	1.0
ungeschminkt	neg 1.0		__DUMMY__ 0.872147696772584 off 0.0741521749134753 neg 0.05370012831394068	false	0.5
kritisch	neg 1.0		__DUMMY__ 0.8803926751304652 off 0.0649091703025879 neg 0.054698154566946953	false	0.5
schlamperei	off 1.0		__DUMMY__ 0.881759858503017 off 0.06356013165634741 neg 0.05468000984063564	false	1.0
sucht	neg 1.0	neg 1.0	neg 0.5093673098634178 __DUMMY__ 0.4391708948984913 off 0.051461795238090836	false	1.0
egoistisch	off 1.0	off 1.0	off 0.5295663432137259 __DUMMY__ 0.43031397045662684 neg 0.04011968632964734	false	1.0
ausbeuter	off 1.0		__DUMMY__ 0.8796508929265962 off 0.06293435381660296 neg 0.05741475325680092	false	1.0
arschgeburt	off 1.0		__DUMMY__ 0.857457502194561 off 0.08834162224080921 neg 0.05420087556462976	false	1.0
schubs	neg 1.0		__DUMMY__ 0.8792509118636411 off 0.06333651763930184 neg 0.057412570497057135	false	0.5
unsolide	neg 1.0		__DUMMY__ 0.8753363325856782 off 0.07007559408265457 neg 0.054588073331667236	false	0.5
beschwerde	neg 1.0		__DUMMY__ 0.8808389165586267 off 0.06514999929027677 neg 0.05401108415109652	false	0.5
stocken	neg 1.0		__DUMMY__ 0.881110428076785 off 0.06402816236906746 neg 0.05486140955414761	false	0.5
isolieren	neg 1.0		__DUMMY__ 0.8786395808108788 off 0.06506357256785814 neg 0.05629684662126315	false	0.5
unheilbar	neg 1.0		__DUMMY__ 0.8777808754594053 off 0.06720888869734605 neg 0.05501023584324867	false	0.5
pisser	off 1.0	off 1.0	off 0.5275850142424622 __DUMMY__ 0.43292616274493945 neg 0.03948882301259833	false	1.0
löschen	neg 1.0		__DUMMY__ 0.8781875602234878 off 0.06756406698313136 neg 0.05424837279338092	false	0.5
durchfallen	neg 1.0		__DUMMY__ 0.8808663455837594 off 0.06456694775023665 neg 0.05456670666600399	false	0.5
wichser	off 1.0	off 1.0	off 0.5336429476822446 __DUMMY__ 0.4249865528728276 neg 0.04137049944492769	false	1.0
terror	neg 1.0		__DUMMY__ 0.8759963063538616 off 0.07014267459129421 neg 0.05386101905484411	false	0.5
krass	neg 1.0		__DUMMY__ 0.8687665241723407 off 0.07747090000160742 neg 0.05376257582605186	false	0.5
revolte	neg 1.0		__DUMMY__ 0.8713736075941341 off 0.07114241294046844 neg 0.05748397946539749	false	0.5
besorgt	neg 1.0		__DUMMY__ 0.8821115939671256 off 0.06483405573182807 neg 0.053054350301046375	false	0.5
nachlassen	neg 1.0		__DUMMY__ 0.8828239875855557 off 0.06370693362622253 neg 0.05346907878822179	false	0.5
alt	neg 1.0		__DUMMY__ 0.8763022392646749 off 0.0629315391708738 neg 0.060766221564451384	false	0.5
hundesohn	off 1.0	off 1.0	off 0.5330798127977234 __DUMMY__ 0.4263010141844351 neg 0.040619173017841306	false	1.0
als			__DUMMY__ 0.8790565549411264 off 0.06492246871158924 neg 0.05602097634728427	false	0.0
abschreckung	neg 1.0		__DUMMY__ 0.8819500309998984 off 0.06235722669862649 neg 0.05569274230147509	false	0.5
unqualifiziert	neg 1.0		__DUMMY__ 0.8744829792827139 off 0.0717213390258678 neg 0.05379568169141841	false	0.5
abgewichst	off 1.0		__DUMMY__ 0.8798320151518684 off 0.06654479862295486 neg 0.05362318622517683	false	1.0
schwer	neg 1.0		__DUMMY__ 0.8780758818106877 off 0.06638363640437961 neg 0.055540481784932705	false	0.5
bedeutungslosigkeit	neg 1.0		__DUMMY__ 0.8818294127299217 off 0.06286656778047929 neg 0.055304019489599	false	0.5
kapitulation	neg 1.0		__DUMMY__ 0.8787716838265767 off 0.0646504875589589 neg 0.05657782861446448	false	0.5
unscharf	neg 1.0		__DUMMY__ 0.8723534806685319 off 0.06859793346274601 neg 0.05904858586872215	false	0.5
schwinden	neg 1.0		__DUMMY__ 0.8801683824330251 off 0.06288105771026296 neg 0.05695055985671193	false	0.5
versklavung	neg 1.0	neg 1.0	neg 0.5126957027365442 __DUMMY__ 0.43495844317682925 off 0.05234585408662658	false	1.0
schlecht	neg 1.0		__DUMMY__ 0.8744357749060847 off 0.0728904535110871 neg 0.05267377158282821	false	0.5
verhasst	neg 1.0		__DUMMY__ 0.8762739055664639 off 0.06876576080498865 neg 0.054960333628547325	false	0.5
beschweren	neg 1.0		__DUMMY__ 0.8777738436085013 off 0.06894830393211569 neg 0.053277852459383025	false	0.5
scheiden	neg 1.0		__DUMMY__ 0.877612549138015 off 0.06656786610873014 neg 0.05581958475325486	false	0.5
frustriert	neg 1.0		__DUMMY__ 0.8798797534308279 off 0.06562441909838578 neg 0.054495827470786275	false	0.5
schimmelig	neg 1.0		__DUMMY__ 0.8788982137090996 off 0.06332766981290286 neg 0.057774116477997635	false	0.5
fisch	neg 1.0		__DUMMY__ 0.8798791302232757 neg 0.06012336814206479 off 0.05999750163465961	false	1.0
schmuggel	neg 1.0		__DUMMY__ 0.8856513545430843 off 0.060969879263292094 neg 0.05337876619362364	false	0.5
auffallen	neg 1.0		__DUMMY__ 0.8761632089528609 off 0.06935648930980112 neg 0.05448030173733791	false	0.5
konkurrenz	neg 1.0		__DUMMY__ 0.8833425514921353 off 0.06238777335069457 neg 0.05426967515717022	false	0.5
teufelskreis	neg 1.0	neg 1.0	neg 0.5141045667212549 __DUMMY__ 0.4355819242523057 off 0.050313509026439406	false	1.0
aufschreien	neg 1.0		__DUMMY__ 0.8745327756546296 off 0.07007820809673158 neg 0.05538901624863882	false	0.5
schuldner	neg 1.0		__DUMMY__ 0.8786230418335826 off 0.06263731547141975 neg 0.05873964269499768	false	0.5
missgeburt	off 1.0	off 1.0	off 0.5315616915485212 __DUMMY__ 0.4302644505003439 neg 0.03817385795113488	false	1.0
arbeitslos	neg 1.0		__DUMMY__ 0.8806229079649627 off 0.06455344631280856 neg 0.05482364572222873	false	0.5
befallen	neg 1.0		__DUMMY__ 0.8756011527155128 off 0.06612707894978118 neg 0.058271768334706105	false	0.5
miesepetrig	off 1.0	off 1.0	off 0.5243716389567654 __DUMMY__ 0.43395066439213426 neg 0.04167769665110036	false	1.0
alarmieren	neg 1.0		__DUMMY__ 0.8746233315782508 off 0.07217387057290914 neg 0.053202797848840196	false	0.5
ungeduscht	off 1.0		__DUMMY__ 0.8738778089872071 off 0.0709710134255778 neg 0.055151177587215015	false	1.0
knappheit	neg 1.0		__DUMMY__ 0.8772979497121898 off 0.06484393743144944 neg 0.05785811285636079	false	0.5
schlange	neg 1.0		__DUMMY__ 0.8782905726940733 off 0.06710532237245524 neg 0.054604104933471564	false	0.5
harsch	neg 1.0		__DUMMY__ 0.8726001616413184 off 0.07710050483233387 neg 0.050299333526347786	false	0.5
lang	neg 1.0		__DUMMY__ 0.8776193307292679 off 0.06834803330274006 neg 0.05403263596799207	false	0.5
ziellos	neg 1.0		__DUMMY__ 0.882735456151066 off 0.0627621155019086 neg 0.05450242834702543	false	0.5
selbstverliebt	neg 1.0		__DUMMY__ 0.8620861883501022 off 0.08513265182074696 neg 0.05278115982915084	false	0.5
beseitigen	neg 1.0		__DUMMY__ 0.881472056544672 off 0.06677351688603134 neg 0.051754426569296796	false	0.5
dumm	off 1.0		__DUMMY__ 0.8663275353577604 off 0.07983126257294902 neg 0.053841202069290696	false	1.0
arbeitsloser	neg 1.0		__DUMMY__ 0.8842617191601934 off 0.06469808109960927 neg 0.051040199740197335	false	0.5
blitzen	neg 1.0		__DUMMY__ 0.8749586227240789 off 0.07115143488042495 neg 0.05388994239549615	false	0.5
hilflos	neg 1.0		__DUMMY__ 0.8803210664212054 off 0.06448011316716644 neg 0.05519882041162822	false	0.5
eklig	off 1.0		__DUMMY__ 0.8641503832335553 off 0.08020333926961785 neg 0.05564627749682676	false	1.0
begriff			__DUMMY__ 0.8789141467316289 off 0.06663810880962598 neg 0.054447744458745145	false	0.0
hungersnot	neg 1.0		__DUMMY__ 0.8777792336518572 off 0.06487598334843771 neg 0.057344782999705045	false	0.5
ungesetzlich	neg 1.0		__DUMMY__ 0.8744475770292848 off 0.06987569786355555 neg 0.05567672510715966	false	0.5
verschwendung	neg 1.0		__DUMMY__ 0.8816364958027932 off 0.06270725269164311 neg 0.05565625150556367	false	0.5
schmerzvoll	neg 1.0		__DUMMY__ 0.8758170348818041 off 0.06848858624642998 neg 0.05569437887176602	false	0.5
vorzeitig	neg 1.0		__DUMMY__ 0.8763650862427494 off 0.07227756081449331 neg 0.05135735294275724	false	0.5
unvollkommenheit	neg 1.0		__DUMMY__ 0.8808732733700453 off 0.06528790645670524 neg 0.0538388201732494	false	0.5
intervenieren	neg 1.0		__DUMMY__ 0.879012383493794 off 0.0635759236620376 neg 0.05741169284416845	false	0.5
banause	off 1.0		__DUMMY__ 0.8602872423028866 off 0.08180054577198692 neg 0.057912211925126446	false	1.0
rebell	neg 1.0		__DUMMY__ 0.8829656930626806 off 0.058542722675865966 neg 0.05849158426145339	false	0.5
unlogisch	neg 1.0		__DUMMY__ 0.8705894320538686 off 0.07546944431419482 neg 0.053941123631936636	false	0.5
leiden	neg 1.0		__DUMMY__ 0.886705322889182 off 0.061014828084660744 neg 0.05227984902615726	false	0.5
abschaffung	neg 1.0		__DUMMY__ 0.875602580853909 off 0.06826112773129493 neg 0.05613629141479612	false	0.5
sturz	neg 1.0		__DUMMY__ 0.8812667239877091 off 0.06914078960425422 neg 0.04959248640803655	false	0.5
verkleinerung	neg 1.0		__DUMMY__ 0.870773524987705 off 0.07151249973096384 neg 0.05771397528133121	false	0.5
schmarotzer	off 1.0		__DUMMY__ 0.8791583416567487 off 0.06550317719794435 neg 0.055338481145306866	false	1.0
bestrafung	neg 1.0	neg 1.0	neg 0.5108938084986088 __DUMMY__ 0.4378320428871163 off 0.0512741486142749	false	1.0
achtlos	neg 1.0		__DUMMY__ 0.8796935576247802 off 0.06547990593434405 neg 0.05482653644087568	false	0.5
ungeheuer	neg 1.0		__DUMMY__ 0.8756914021863169 off 0.06720887926218007 neg 0.05709971855150304	false	0.5
unaufrichtig	neg 1.0		__DUMMY__ 0.8753005522704457 off 0.07164773685592446 neg 0.053051710873629886	false	0.5
