unsolidarisch	neg 1.0		off 0.4976720982186497 neg 0.4334571383470516 __DUMMY__ 0.06887076343429865	false	0.5
nachteilig	neg 1.0		off 0.4956162195035755 neg 0.4348763752054035 __DUMMY__ 0.06950740529102102	false	0.5
skeptisch	neg 1.0		off 0.4950550407616874 neg 0.4353861314375417 __DUMMY__ 0.06955882780077087	false	0.5
schrecklich	neg 1.0		off 0.5091649934951538 neg 0.4223717499694583 __DUMMY__ 0.06846325653538796	false	0.5
schlapp	neg 1.0		off 0.5059192842739412 neg 0.4252292212504911 __DUMMY__ 0.06885149447556768	false	0.5
abfall	neg 1.0		off 0.4935549448384675 neg 0.43632942420770354 __DUMMY__ 0.07011563095382899	false	0.5
widerspenstig	neg 1.0		off 0.5011588995237146 neg 0.4295353102171778 __DUMMY__ 0.06930579025910759	false	0.5
abrupt	neg 1.0		off 0.4986266843378506 neg 0.43145987085544635 __DUMMY__ 0.06991344480670306	false	0.5
unwirksam	neg 1.0		off 0.49684725734373053 neg 0.4344431953217125 __DUMMY__ 0.068709547334557	false	0.5
angreifen	neg 1.0		off 0.49524794438466513 neg 0.4351554293576535 __DUMMY__ 0.06959662625768145	false	0.5
inkonsistent	neg 1.0		off 0.5011005552224144 neg 0.4298001359610035 __DUMMY__ 0.06909930881658209	false	0.5
abrutschen	neg 1.0		off 0.49230471003294257 neg 0.43788435188473435 __DUMMY__ 0.06981093808232318	false	0.5
unsicher	neg 1.0		off 0.5009683591854002 neg 0.4296437153225316 __DUMMY__ 0.06938792549206814	false	0.5
bauernkind	off 1.0	off 1.0	off 0.7396468464155422 neg 0.22808768317516565 __DUMMY__ 0.03226547040929214	false	1.0
angreifer	neg 1.0	neg 1.0	neg 0.6977084600692874 off 0.2690196678229455 __DUMMY__ 0.03327187210776696	false	1.0
trennen	neg 1.0		off 0.4972259072056082 neg 0.43280011263656243 __DUMMY__ 0.06997398015782921	false	0.5
schmutz	neg 1.0		off 0.5066257730231332 neg 0.42351337155166163 __DUMMY__ 0.06986085542520501	false	0.5
inkonsistenz	neg 1.0		off 0.5016892763513685 neg 0.4301086106667532 __DUMMY__ 0.06820211298187827	false	0.5
erschreckend	neg 1.0		off 0.4986439128824513 neg 0.43218853946926683 __DUMMY__ 0.06916754764828187	false	0.5
ertrinken	neg 1.0		off 0.49735594489681156 neg 0.43283296317554587 __DUMMY__ 0.06981109192764255	false	0.5
pickelface	off 1.0		off 0.50047641757725 neg 0.43003746781055235 __DUMMY__ 0.06948611461219774	false	1.0
seiner			off 0.4960962425522168 neg 0.43425587683516165 __DUMMY__ 0.06964788061262156	false	0.0
lauch	neg 1.0		off 0.4947787236864562 neg 0.43514687567026783 __DUMMY__ 0.07007440064327594	false	0.5
unwichtig	neg 1.0		off 0.5038415926324736 neg 0.4275120512147738 __DUMMY__ 0.06864635615275248	false	0.5
steuerhinterziehung	neg 1.0	neg 1.0	neg 0.7016361900867124 off 0.2651785558363257 __DUMMY__ 0.033185254076961906	false	1.0
schock	neg 1.0		off 0.5006945711395534 neg 0.42979398685669645 __DUMMY__ 0.06951144200375016	false	0.5
beule	neg 1.0		off 0.5067178946104425 neg 0.4245496096420771 __DUMMY__ 0.06873249574748036	false	0.5
vergelten	neg 1.0		off 0.5098505110198788 neg 0.42128558903748003 __DUMMY__ 0.06886389994264121	false	0.5
verdorbenheit	neg 1.0		off 0.5033853702448943 neg 0.427029066316469 __DUMMY__ 0.0695855634386368	false	0.5
trauma	neg 1.0		off 0.5019171688645345 neg 0.4287982803361781 __DUMMY__ 0.06928455079928739	false	0.5
sinnlos	neg 1.0		off 0.5028691004040158 neg 0.4279953748534736 __DUMMY__ 0.06913552474251053	false	0.5
fettsack	off 1.0	off 1.0	off 0.7412107750728769 neg 0.2263973435642108 __DUMMY__ 0.03239188136291239	false	1.0
feige	off 1.0	off 1.0	off 0.7387366538190235 neg 0.22852421277982843 __DUMMY__ 0.03273913340114799	false	1.0
abdanken	neg 1.0		off 0.49994700545548665 neg 0.43068984570912827 __DUMMY__ 0.06936314883538505	false	0.5
wichtigtuer	off 1.0	off 1.0	off 0.7377134038259803 neg 0.22939015583783207 __DUMMY__ 0.03289644033618777	false	1.0
misslingen	neg 1.0		off 0.5043916675733072 neg 0.42580916906755245 __DUMMY__ 0.06979916335914034	false	0.5
untreu	off 1.0		off 0.5053000006067171 neg 0.42594677943816944 __DUMMY__ 0.06875321995511345	false	1.0
missmutig	neg 1.0		off 0.5057342470862007 neg 0.4252817608658424 __DUMMY__ 0.06898399204795681	false	0.5
hurenbock	off 1.0		off 0.5048295448571682 neg 0.4256880899692874 __DUMMY__ 0.06948236517354435	false	1.0
betrunken	neg 1.0		off 0.5077404558933342 neg 0.4235135816252808 __DUMMY__ 0.06874596248138513	false	0.5
korrupt	off 1.0		off 0.4954300850435067 neg 0.43553481700595387 __DUMMY__ 0.06903509795053939	false	1.0
unmut	neg 1.0		off 0.4929431888782894 neg 0.43715650036540354 __DUMMY__ 0.06990031075630698	false	0.5
hackfresse	off 1.0		off 0.5115886755817309 neg 0.4204142062285328 __DUMMY__ 0.06799711818973632	false	1.0
aufblasen	neg 1.0		off 0.5033918723537383 neg 0.4273127336098508 __DUMMY__ 0.06929539403641098	false	0.5
gewaltsam	neg 1.0		off 0.5001986626497287 neg 0.4302350507953227 __DUMMY__ 0.0695662865549487	false	0.5
unbeliebtheit	neg 1.0		off 0.5016880989455751 neg 0.4298138439545029 __DUMMY__ 0.06849805709992193	false	0.5
sturheit	neg 1.0		off 0.4984071597901314 neg 0.4323260296725974 __DUMMY__ 0.06926681053727123	false	0.5
kuh	neg 1.0		off 0.49925925343122374 neg 0.43231057145425594 __DUMMY__ 0.06843017511452035	false	0.5
erschrecken	neg 1.0		off 0.5060641705579632 neg 0.42481502932382287 __DUMMY__ 0.06912080011821388	false	0.5
opfer	neg 1.0		off 0.4972790156594858 neg 0.433137636298582 __DUMMY__ 0.06958334804193235	false	0.5
sinken	neg 1.0		off 0.4942796992382362 neg 0.43576749283840466 __DUMMY__ 0.06995280792335912	false	0.5
stinktier	neg 1.0		off 0.5057738815677674 neg 0.4265220577556704 __DUMMY__ 0.06770406067656223	false	0.5
tucke	off 1.0		off 0.5125868945562898 neg 0.41956043430000456 __DUMMY__ 0.06785267114370559	false	1.0
ein			off 0.5016666470669604 neg 0.4291414342520641 __DUMMY__ 0.06919191868097557	false	0.0
abstieg	neg 1.0		off 0.4961584392215528 neg 0.4341967692595432 __DUMMY__ 0.06964479151890414	false	0.5
missverstehen	neg 1.0		off 0.5013173026253356 neg 0.42999067084814535 __DUMMY__ 0.0686920265265191	false	0.5
ergebnislos	neg 1.0		off 0.49584721854126307 neg 0.43447620029405737 __DUMMY__ 0.06967658116467966	false	0.5
unter			off 0.49042525024735883 neg 0.4389700413671983 __DUMMY__ 0.07060470838544293	false	0.0
manipulieren	neg 1.0		off 0.49583245497819484 neg 0.4343977254014251 __DUMMY__ 0.06976981962038006	false	0.5
unbewiesen	neg 1.0		off 0.49701500628451617 neg 0.43421852405209416 __DUMMY__ 0.06876646966338977	false	0.5
verschleppen	neg 1.0		off 0.49669143270012894 neg 0.4338963119591802 __DUMMY__ 0.06941225534069094	false	0.5
weib	off 1.0		off 0.5101717584332353 neg 0.4222460255692669 __DUMMY__ 0.06758221599749781	false	1.0
opposition	neg 1.0		off 0.5007991166981325 neg 0.43026152952814334 __DUMMY__ 0.06893935377372411	false	0.5
verkehrswidrig	neg 1.0		off 0.512082628207414 neg 0.41896031849441834 __DUMMY__ 0.0689570532981676	false	0.5
inkorrekt	neg 1.0		off 0.5066001105354963 neg 0.4251748205413311 __DUMMY__ 0.06822506892317257	false	0.5
vermeiden	neg 1.0		off 0.491923176756676 neg 0.4379850008470495 __DUMMY__ 0.07009182239627458	false	0.5
abweichung	neg 1.0		off 0.49593869264897195 neg 0.43467532927686786 __DUMMY__ 0.06938597807416011	false	0.5
alkoholisiert	neg 1.0		off 0.4969933808065106 neg 0.4332890019270187 __DUMMY__ 0.0697176172664706	false	0.5
scheiss	off 1.0	off 1.0	off 0.7397901196493725 neg 0.22738631829277886 __DUMMY__ 0.03282356205784866	false	1.0
herausforderung	neg 1.0		off 0.4961186598440264 neg 0.4341605096795465 __DUMMY__ 0.06972083047642715	false	0.5
pervers	off 1.0		off 0.5144126675903878 neg 0.41794361985157824 __DUMMY__ 0.06764371255803392	false	1.0
wackelig	neg 1.0		off 0.5008878220939222 neg 0.42930950966929543 __DUMMY__ 0.06980266823678238	false	0.5
verwickeln	neg 1.0		off 0.500881792117021 neg 0.43036747439679646 __DUMMY__ 0.06875073348618257	false	0.5
vorwand	neg 1.0		off 0.494783147461907 neg 0.4355869852097714 __DUMMY__ 0.06962986732832172	false	0.5
muschi	off 1.0		off 0.5003755195586328 neg 0.430181021597762 __DUMMY__ 0.0694434588436051	false	1.0
entmutigung	neg 1.0		off 0.5009648435329689 neg 0.42995431655367317 __DUMMY__ 0.06908083991335784	false	0.5
unangemessen	neg 1.0		off 0.49654111530262074 neg 0.43443545615324064 __DUMMY__ 0.06902342854413872	false	0.5
unstetig	neg 1.0		off 0.503023988398426 neg 0.42795137995452653 __DUMMY__ 0.0690246316470474	false	0.5
entmutigen	neg 1.0		off 0.5014589914949239 neg 0.42933763377535467 __DUMMY__ 0.06920337472972152	false	0.5
schwanz	neg 1.0		off 0.49813489721798176 neg 0.4322192750963425 __DUMMY__ 0.06964582768567584	false	0.5
verbot	neg 1.0		off 0.4968917855939784 neg 0.4337378184785268 __DUMMY__ 0.06937039592749496	false	0.5
leid	neg 1.0		off 0.5095340967179219 neg 0.42233720484113485 __DUMMY__ 0.06812869844094319	false	0.5
archaisch	neg 1.0		off 0.49887851450795373 neg 0.4317943041344355 __DUMMY__ 0.06932718135761076	false	0.5
gegen			off 0.49374822025054516 neg 0.436377817906884 __DUMMY__ 0.06987396184257091	false	0.0
scheidung	neg 1.0		off 0.522254585184415 neg 0.40979232829164935 __DUMMY__ 0.06795308652393552	false	0.5
einschlag	neg 1.0		off 0.5081452253138738 neg 0.4232672078012921 __DUMMY__ 0.06858756688483399	false	0.5
m			off 0.4991479006470008 neg 0.43124188761918103 __DUMMY__ 0.06961021173381816	false	0.0
abgestanden	neg 1.0		off 0.5006694111602834 neg 0.4302518723697403 __DUMMY__ 0.06907871646997621	false	0.5
schmierig	off 1.0		off 0.5103938246300854 neg 0.421166258938069 __DUMMY__ 0.06843991643184559	false	1.0
unpraktisch	neg 1.0		off 0.502115851188193 neg 0.4287361389894507 __DUMMY__ 0.06914800982235629	false	0.5
wixxer	off 1.0		off 0.5133132714244298 neg 0.41926945301886903 __DUMMY__ 0.06741727555670121	false	1.0
bezeichnet			off 0.49858081073566274 neg 0.43247089027701896 __DUMMY__ 0.06894829898731848	false	0.0
jammerlappen	off 1.0		off 0.5055976029395014 neg 0.42547902653321434 __DUMMY__ 0.06892337052728417	false	1.0
farce	neg 1.0		off 0.497439188733 neg 0.4333432094762531 __DUMMY__ 0.0692176017907468	false	0.5
zwecklos	neg 1.0		off 0.49741079683693995 neg 0.4333502905616616 __DUMMY__ 0.06923891260139853	false	0.5
turbulent	neg 1.0		off 0.5063888899403705 neg 0.4249641419150956 __DUMMY__ 0.0686469681445341	false	0.5
invasion	neg 1.0		off 0.5019179726799382 neg 0.42905464018954526 __DUMMY__ 0.06902738713051655	false	0.5
schuld	neg 1.0		off 0.5004282281756223 neg 0.4305714863577454 __DUMMY__ 0.06900028546663248	false	0.5
risiko	neg 1.0	neg 1.0	neg 0.6980269101203082 off 0.2686692512494362 __DUMMY__ 0.03330383863025563	false	1.0
finster	neg 1.0		off 0.5003237254171784 neg 0.430797622757368 __DUMMY__ 0.06887865182545355	false	0.5
geisteskrank	off 1.0		off 0.5042320305932604 neg 0.4274988472788929 __DUMMY__ 0.0682691221278466	false	1.0
zusammenbrechen	neg 1.0		off 0.49860439494342723 neg 0.4319884321012489 __DUMMY__ 0.06940717295532396	false	0.5
ausbeute	neg 1.0		off 0.5019633428598499 neg 0.42771909379635836 __DUMMY__ 0.07031756334379159	false	0.5
hinterhalt	neg 1.0		off 0.5041213107247273 neg 0.4256507401560868 __DUMMY__ 0.07022794911918585	false	0.5
kritik	neg 1.0		off 0.49705635936834924 neg 0.43374105507884386 __DUMMY__ 0.06920258555280671	false	0.5
einschrumpfen	neg 1.0		off 0.5033346453668085 neg 0.4278995536798182 __DUMMY__ 0.06876580095337347	false	0.5
riskant	neg 1.0		off 0.49504726685854905 neg 0.43553442867049275 __DUMMY__ 0.06941830447095831	false	0.5
frustrieren	neg 1.0		off 0.4962226977682407 neg 0.43437534471881173 __DUMMY__ 0.06940195751294771	false	0.5
groll	neg 1.0		off 0.49683264383142345 neg 0.433913950413984 __DUMMY__ 0.06925340575459236	false	0.5
gibt			off 0.4987015884436164 neg 0.43188341493010407 __DUMMY__ 0.06941499662627951	false	0.0
qualvoll	neg 1.0		off 0.5045621901683931 neg 0.426270195613077 __DUMMY__ 0.06916761421853003	false	0.5
wackeln	neg 1.0		off 0.5035316026680456 neg 0.42691865015930225 __DUMMY__ 0.06954974717265193	false	0.5
klagen	neg 1.0		off 0.49307377865083346 neg 0.4371861113610925 __DUMMY__ 0.06974010998807403	false	0.5
bankrott	neg 1.0		off 0.5061280172568253 neg 0.42473081325641815 __DUMMY__ 0.06914116948675644	false	0.5
trauern	neg 1.0		off 0.49864728269774283 neg 0.4314538111948699 __DUMMY__ 0.06989890610738723	false	0.5
ablehnung	neg 1.0		off 0.4965139231326027 neg 0.43430007472725096 __DUMMY__ 0.06918600214014635	false	0.5
stur	neg 1.0		off 0.5003741832428485 neg 0.4306743187751722 __DUMMY__ 0.06895149798197919	false	0.5
aufruhr	neg 1.0		off 0.49955446649244956 neg 0.4310607512082724 __DUMMY__ 0.06938478229927797	false	0.5
melancholie	neg 1.0		off 0.4982266761186584 neg 0.4321716304350076 __DUMMY__ 0.06960169344633399	false	0.5
ist			off 0.5023509208832954 neg 0.42853904749148286 __DUMMY__ 0.06911003162522189	false	0.0
torheit	neg 1.0		off 0.5007922122571057 neg 0.42996423483768925 __DUMMY__ 0.06924355290520495	false	0.5
dreckskind	off 1.0		off 0.509274447846638 neg 0.42287563180585347 __DUMMY__ 0.06784992034750847	false	1.0
umtauschen	neg 1.0		off 0.5003809061162963 neg 0.4303245948974943 __DUMMY__ 0.06929449898620937	false	0.5
zum			off 0.49488553833173815 neg 0.4345551320681659 __DUMMY__ 0.07055932960009599	false	0.0
zersetzen	neg 1.0		off 0.4944502969585684 neg 0.43604681659113126 __DUMMY__ 0.0695028864503002	false	0.5
zur			off 0.4924722056075255 neg 0.4371963407117224 __DUMMY__ 0.07033145368075211	false	0.0
frust	neg 1.0		off 0.4988305013491672 neg 0.43171709330245905 __DUMMY__ 0.06945240534837371	false	0.5
unerbittlichkeit	neg 1.0		off 0.49510928735756005 neg 0.43526961400052944 __DUMMY__ 0.06962109864191064	false	0.5
zwei			off 0.49527422610065247 neg 0.43436468682720686 __DUMMY__ 0.07036108707214081	false	0.0
unkorrekt	neg 1.0		off 0.5070392203903116 neg 0.42458233474324364 __DUMMY__ 0.0683784448664448	false	0.5
hexe	off 1.0		off 0.5037073768295811 neg 0.4277994673506536 __DUMMY__ 0.06849315581976523	false	1.0
lasch	neg 1.0		off 0.5022744234878765 neg 0.4291058977380817 __DUMMY__ 0.06861967877404167	false	0.5
rivale	neg 1.0		off 0.5074572145597113 neg 0.4239054428948684 __DUMMY__ 0.06863734254542017	false	0.5
mutlos	off 1.0	off 1.0	off 0.7341849375778818 neg 0.23260512889555077 __DUMMY__ 0.03320993352656749	false	1.0
wirr	off 1.0		off 0.5079880532541652 neg 0.4236994404038461 __DUMMY__ 0.06831250634198872	false	1.0
jahr			off 0.4990404146455038 neg 0.43057403440965264 __DUMMY__ 0.07038555094484354	false	0.0
wird			off 0.4973003614206058 neg 0.433257239509605 __DUMMY__ 0.06944239906978916	false	0.0
strafbar	neg 1.0		off 0.4954587720136144 neg 0.43515598448721804 __DUMMY__ 0.0693852434991677	false	0.5
erosion	neg 1.0		off 0.5022928423019145 neg 0.42815813147388654 __DUMMY__ 0.06954902622419894	false	0.5
eingehen	neg 1.0		off 0.49559514458773607 neg 0.43504858936997454 __DUMMY__ 0.06935626604228937	false	0.5
faul	off 1.0		off 0.5056203049375637 neg 0.4253263344330323 __DUMMY__ 0.06905336062940398	false	1.0
provisorium	neg 1.0		off 0.4913687010647471 neg 0.4380055882364407 __DUMMY__ 0.07062571069881218	false	0.5
schmerzen	neg 1.0		off 0.49896162645498143 neg 0.43182105882734007 __DUMMY__ 0.0692173147176784	false	0.5
schrumpfen	neg 1.0		off 0.49031856721512224 neg 0.43979035960183294 __DUMMY__ 0.06989107318304486	false	0.5
geistlos	off 1.0		off 0.5004281125471599 neg 0.43097432473899167 __DUMMY__ 0.06859756271384837	false	1.0
fehlkauf	neg 1.0		off 0.5036351883689368 neg 0.42703552783135523 __DUMMY__ 0.06932928379970787	false	0.5
frustrierend	neg 1.0		off 0.504004658786928 neg 0.427095349530157 __DUMMY__ 0.06889999168291498	false	0.5
unzufrieden	neg 1.0		off 0.49660022782798713 neg 0.43421001691024763 __DUMMY__ 0.06918975526176518	false	0.5
verzweifeln	neg 1.0		off 0.4992227529062557 neg 0.4314765062558234 __DUMMY__ 0.06930074083792095	false	0.5
verzweifelt	neg 1.0	neg 1.0	neg 0.700329557877176 off 0.26672876546460533 __DUMMY__ 0.03294167665821868	false	1.0
misstrauensantrag	neg 1.0		off 0.50237830233219 neg 0.42857463068271406 __DUMMY__ 0.06904706698509602	false	0.5
abfallen	neg 1.0		off 0.5030526642808715 neg 0.4274958604528618 __DUMMY__ 0.06945147526626674	false	0.5
fucker	off 1.0		off 0.50893935312562 neg 0.42227651593787496 __DUMMY__ 0.06878413093650493	false	1.0
ungezogen	neg 1.0		off 0.5139553356892941 neg 0.4182640116807166 __DUMMY__ 0.06778065262998947	false	0.5
irrsinnig	neg 1.0	neg 1.0	neg 0.7000169449319282 off 0.26699339119396576 __DUMMY__ 0.03298966387410594	false	1.0
unfassbar	neg 1.0		off 0.5064851248266408 neg 0.4247269342609404 __DUMMY__ 0.06878794091241901	false	0.5
hart	neg 1.0		off 0.5061822351019812 neg 0.4250136545506009 __DUMMY__ 0.06880411034741787	false	0.5
widerlich	off 1.0		off 0.5053490380011529 neg 0.426204136500245 __DUMMY__ 0.06844682549860188	false	1.0
fatal	neg 1.0		off 0.5032562811706632 neg 0.4275782242798399 __DUMMY__ 0.06916549454949687	false	0.5
bruch	neg 1.0		off 0.49379722646863267 neg 0.4364288023394255 __DUMMY__ 0.06977397119194191	false	0.5
aushungern	neg 1.0		off 0.49923198687545034 neg 0.43122483889826724 __DUMMY__ 0.06954317422628242	false	0.5
anspannung	neg 1.0		off 0.49392337894463273 neg 0.43568284609417757 __DUMMY__ 0.07039377496118972	false	0.5
von			off 0.5003601510944488 neg 0.42904460894797375 __DUMMY__ 0.07059523995757745	false	0.0
kraftlos	neg 1.0		off 0.49894096879186794 neg 0.4314865597499167 __DUMMY__ 0.06957247145821537	false	0.5
vom			off 0.49305841597462735 neg 0.4361622880779117 __DUMMY__ 0.07077929594746094	false	0.0
grenzdebil	off 1.0		off 0.5073693288525559 neg 0.4237910969916317 __DUMMY__ 0.06883957415581243	false	1.0
vor			off 0.4961281472567058 neg 0.4338689091337491 __DUMMY__ 0.07000294360954507	false	0.0
unterwerfen	neg 1.0		off 0.4969869928716992 neg 0.4334662830069048 __DUMMY__ 0.06954672412139602	false	0.5
versenkung	neg 1.0		off 0.4980092012158105 neg 0.4322827304351598 __DUMMY__ 0.06970806834902966	false	0.5
entziehen	neg 1.0		off 0.49366756160745334 neg 0.4366104608285801 __DUMMY__ 0.06972197756396666	false	0.5
finanzkrise	neg 1.0		off 0.498287026127953 neg 0.4325456009816284 __DUMMY__ 0.06916737289041862	false	0.5
schimpfend	neg 1.0		off 0.5027073660314042 neg 0.4281815248294624 __DUMMY__ 0.06911110913913326	false	0.5
profan	neg 1.0		off 0.5023054164392998 neg 0.42879375882204196 __DUMMY__ 0.06890082473865827	false	0.5
korruption	neg 1.0		off 0.49700656349257355 neg 0.43355787135667484 __DUMMY__ 0.06943556515075168	false	0.5
â			off 0.4995212135223316 neg 0.430692146652694 __DUMMY__ 0.06978663982497439	false	0.0
schmutzig	neg 1.0		off 0.5084515948388092 neg 0.4226381422720423 __DUMMY__ 0.06891026288914846	false	0.5
sexy	neg 1.0		off 0.5050455969571078 neg 0.4258144054511079 __DUMMY__ 0.06913999759178435	false	0.5
abraten	neg 1.0		off 0.5024320519231062 neg 0.4284854996030934 __DUMMY__ 0.06908244847380043	false	0.5
schwarz	neg 1.0		off 0.5022358618501193 neg 0.42860031849080726 __DUMMY__ 0.0691638196590734	false	0.5
fotze	off 1.0	off 1.0	off 0.7364935747202912 neg 0.2301590912634349 __DUMMY__ 0.03334733401627391	false	1.0
verwirren	neg 1.0		off 0.503423148425858 neg 0.4275930852624756 __DUMMY__ 0.06898376631166644	false	0.5
zahnlos	off 1.0		off 0.4979263057089447 neg 0.4328529848089424 __DUMMY__ 0.06922070948211281	false	1.0
verheeren	neg 1.0		off 0.5173464433349493 neg 0.41460870846403536 __DUMMY__ 0.06804484820101522	false	0.5
hippie	neg 1.0		off 0.5046535434214213 neg 0.42618437408486903 __DUMMY__ 0.06916208249370971	false	0.5
rammen	neg 1.0		off 0.5011874494071618 neg 0.42984633667533184 __DUMMY__ 0.06896621391750653	false	0.5
unlauter	neg 1.0		off 0.4987955615831794 neg 0.4324498176739938 __DUMMY__ 0.06875462074282673	false	0.5
unheilvoll	neg 1.0		off 0.503521580706907 neg 0.4272021379578156 __DUMMY__ 0.06927628133527737	false	0.5
niedrig	neg 1.0		off 0.4944200621500859 neg 0.4362245004172535 __DUMMY__ 0.06935543743266051	false	0.5
explosion	neg 1.0		off 0.5036593180813888 neg 0.42723611363983094 __DUMMY__ 0.06910456827878024	false	0.5
weichei	off 1.0	off 1.0	off 0.7422356401279927 neg 0.2252350138355745 __DUMMY__ 0.03252934603643279	false	1.0
minusmensch	off 1.0		off 0.5114617918690305 neg 0.42085293228806814 __DUMMY__ 0.06768527584290138	false	1.0
farblos	neg 1.0		off 0.5016590771041626 neg 0.428850082212604 __DUMMY__ 0.06949084068323329	false	0.5
unwissend	neg 1.0	neg 1.0	neg 0.6982373845567171 off 0.26895815947685664 __DUMMY__ 0.03280445596642614	false	1.0
traurig	neg 1.0		off 0.5088052537129161 neg 0.42260999713136016 __DUMMY__ 0.0685847491557238	false	0.5
senkung	neg 1.0		off 0.5010439513730636 neg 0.430262426863709 __DUMMY__ 0.0686936217632274	false	0.5
ungleich	neg 1.0	neg 1.0	neg 0.7029836120681766 off 0.2637966446410168 __DUMMY__ 0.033219743290806604	false	1.0
heikel	neg 1.0		off 0.49467954386303464 neg 0.4359523510990845 __DUMMY__ 0.06936810503788088	false	0.5
drosselung	neg 1.0		off 0.5067353374773463 neg 0.4245163433195702 __DUMMY__ 0.06874831920308355	false	0.5
falsch	neg 1.0		off 0.503517105353866 neg 0.42771604735956814 __DUMMY__ 0.06876684728656594	false	0.5
unzufriedenheit	neg 1.0		off 0.49445815226534207 neg 0.4358632584600262 __DUMMY__ 0.06967858927463173	false	0.5
kurz	neg 1.0		off 0.5007472568623664 neg 0.42959461380495795 __DUMMY__ 0.06965812933267561	false	0.5
unsinnig	neg 1.0		off 0.4974219041930081 neg 0.43349440236188436 __DUMMY__ 0.06908369344510759	false	0.5
penner	off 1.0	off 1.0	off 0.7432526248558811 neg 0.2242376705323365 __DUMMY__ 0.03250970461178246	false	1.0
seicht	neg 1.0		off 0.5121683774652871 neg 0.42020099748173617 __DUMMY__ 0.06763062505297673	false	0.5
dummheit	off 1.0	off 1.0	off 0.7379474950046601 neg 0.22916053617104234 __DUMMY__ 0.032891968824297534	false	1.0
unerfreulich	neg 1.0		off 0.49505886930230203 neg 0.4353254352177848 __DUMMY__ 0.06961569547991318	false	0.5
motherfucker	off 1.0	off 1.0	off 0.7410545496866602 neg 0.2260686992729148 __DUMMY__ 0.032876751040424985	false	1.0
pikiert	neg 1.0		off 0.5052972905216074 neg 0.4260875481608725 __DUMMY__ 0.06861516131752002	false	0.5
wrack	neg 1.0		off 0.4999462490855989 neg 0.43038020560538676 __DUMMY__ 0.06967354530901423	false	0.5
gangster	neg 1.0		off 0.5046709638469914 neg 0.4261808784456033 __DUMMY__ 0.06914815770740533	false	0.5
krank	neg 1.0		off 0.5073068584912096 neg 0.42387004467886685 __DUMMY__ 0.0688230968299236	false	0.5
reich	neg 1.0		off 0.5078731909834209 neg 0.4229570523830342 __DUMMY__ 0.06916975663354492	false	0.5
gnadenlos	neg 1.0		off 0.5011482540099125 neg 0.42975364091515333 __DUMMY__ 0.069098105074934	false	0.5
niedergeschlagen	neg 1.0		off 0.5000389539716952 neg 0.4304476546065003 __DUMMY__ 0.06951339142180438	false	0.5
terrorisieren	off 1.0	off 1.0	off 0.7351884768669645 neg 0.23146854246606888 __DUMMY__ 0.03334298066696659	false	1.0
sinnlosigkeit	neg 1.0		off 0.49781668191612366 neg 0.43287251623601863 __DUMMY__ 0.06931080184785764	false	0.5
behindern	neg 1.0		off 0.5004949104343865 neg 0.43007039379561146 __DUMMY__ 0.069434695770002	false	0.5
undemokratisch	neg 1.0		off 0.5007107009779018 neg 0.43019232156035847 __DUMMY__ 0.06909697746173978	false	0.5
wirtschaftskrise	neg 1.0		off 0.49642803180073264 neg 0.4341967036147819 __DUMMY__ 0.06937526458448542	false	0.5
neid	neg 1.0		off 0.5051931871670015 neg 0.42574650080453236 __DUMMY__ 0.06906031202846619	false	0.5
rutschen	neg 1.0		off 0.4958775584095933 neg 0.43363980142599157 __DUMMY__ 0.07048264016441505	false	0.5
rezession	neg 1.0		off 0.5051153905067608 neg 0.42698341218108005 __DUMMY__ 0.06790119731215918	false	0.5
fehlgeburt	neg 1.0		off 0.5036096845124397 neg 0.4270819027364561 __DUMMY__ 0.06930841275110414	false	0.5
charakterschwach	off 1.0		off 0.5051733093786627 neg 0.4263584408388571 __DUMMY__ 0.06846824978248023	false	1.0
isolation	neg 1.0		off 0.5043447443974257 neg 0.42664802216792425 __DUMMY__ 0.06900723343464998	false	0.5
ablenkung	neg 1.0		off 0.5011977336258877 neg 0.4294425715247925 __DUMMY__ 0.06935969484931988	false	0.5
pech	neg 1.0		off 0.5031144398826127 neg 0.42812361220309586 __DUMMY__ 0.06876194791429142	false	0.5
vermeidung	neg 1.0		off 0.5077676588664878 neg 0.42334341658996677 __DUMMY__ 0.06888892454354532	false	0.5
dominieren	neg 1.0		off 0.497637214391266 neg 0.43267678851242586 __DUMMY__ 0.06968599709630814	false	0.5
schwindlig	neg 1.0		off 0.5039245350723823 neg 0.42682573314194305 __DUMMY__ 0.06924973178567463	false	0.5
lutscher	neg 1.0		off 0.5133148208044173 neg 0.4189873986568808 __DUMMY__ 0.0676977805387019	false	0.5
pflicht	neg 1.0		off 0.4938462228776766 neg 0.4366423155186808 __DUMMY__ 0.06951146160364256	false	0.5
faschist	off 1.0		off 0.5035637723947912 neg 0.4274615216680502 __DUMMY__ 0.06897470593715846	false	1.0
verschleudern	neg 1.0		off 0.49455401792468684 neg 0.43607778329061286 __DUMMY__ 0.06936819878470038	false	0.5
wenn			off 0.5044992953256349 neg 0.4266107457041321 __DUMMY__ 0.06888995897023302	false	0.0
ehebruch	neg 1.0		off 0.49766761084534045 neg 0.4327838590432642 __DUMMY__ 0.06954853011139543	false	0.5
spott	off 1.0		off 0.4961484119483725 neg 0.4344253985825856 __DUMMY__ 0.06942618946904187	false	1.0
trostlosigkeit	neg 1.0		off 0.4961641057714582 neg 0.43385043014863744 __DUMMY__ 0.06998546407990443	false	0.5
lutschen	neg 1.0		off 0.5037615183480975 neg 0.42735986930967995 __DUMMY__ 0.06887861234222255	false	0.5
undiszipliniert	neg 1.0		off 0.5074869995755161 neg 0.4240264320765952 __DUMMY__ 0.06848656834788874	false	0.5
kopfschmerz	neg 1.0		off 0.4982735611549431 neg 0.4323949429465965 __DUMMY__ 0.06933149589846027	false	0.5
unvorhergesehen	neg 1.0		off 0.4985250559557744 neg 0.43144885012304424 __DUMMY__ 0.0700260939211814	false	0.5
desinteressiert	neg 1.0		off 0.5070450540339879 neg 0.42441684219199355 __DUMMY__ 0.06853810377401846	false	0.5
armselig	off 1.0		off 0.5067551287678194 neg 0.42502110340175847 __DUMMY__ 0.06822376783042233	false	1.0
desaster	neg 1.0		off 0.4931882912564372 neg 0.43699621938617583 __DUMMY__ 0.06981548935738692	false	0.5
tod	neg 1.0		off 0.5020134143962589 neg 0.42783999299898134 __DUMMY__ 0.07014659260475965	false	0.5
herzlos	neg 1.0		off 0.508074668924037 neg 0.4234827756399883 __DUMMY__ 0.06844255543597466	false	0.5
unwissenheit	neg 1.0		off 0.49740888504925274 neg 0.43327074995905274 __DUMMY__ 0.06932036499169458	false	0.5
widersinnig	neg 1.0		off 0.49514736122367203 neg 0.4359100631955614 __DUMMY__ 0.06894257558076666	false	0.5
bedenklich	neg 1.0		off 0.49596530252024384 neg 0.43473253852820354 __DUMMY__ 0.06930215895155264	false	0.5
beanstanden	neg 1.0		off 0.4938794047107293 neg 0.436524955291157 __DUMMY__ 0.06959563999811368	false	0.5
panisch	neg 1.0	neg 1.0	neg 0.6971712693331024 off 0.26957347904958473 __DUMMY__ 0.033255251617312916	false	1.0
debil	off 1.0		off 0.49238954075191865 neg 0.43704008027694397 __DUMMY__ 0.07057037897113744	false	1.0
abstrich	neg 1.0		off 0.5052787469092678 neg 0.424536193051158 __DUMMY__ 0.07018506003957424	false	0.5
primitiv	neg 1.0		off 0.5054485178368273 neg 0.42613348835559606 __DUMMY__ 0.06841799380757645	false	0.5
abschaum	off 1.0	off 1.0	off 0.73947129692087 neg 0.22767804642712153 __DUMMY__ 0.03285065665200844	false	1.0
provozieren	neg 1.0		off 0.4997441754420683 neg 0.4313439686341332 __DUMMY__ 0.0689118559237986	false	0.5
tot	neg 1.0		off 0.49811094648142545 neg 0.4324466209972921 __DUMMY__ 0.0694424325212823	false	0.5
instabil	neg 1.0		off 0.5071187696718202 neg 0.42448840903746576 __DUMMY__ 0.06839282129071403	false	0.5
schwuchtel	off 1.0	off 1.0	off 0.745375216163838 neg 0.22249711136530162 __DUMMY__ 0.032127672470860416	false	1.0
zerren	neg 1.0		off 0.49927270805955787 neg 0.4312023013472685 __DUMMY__ 0.06952499059317375	false	0.5
kinderficker	off 1.0		off 0.5108619650089016 neg 0.42086284413202973 __DUMMY__ 0.06827519085906869	false	1.0
gefahr	neg 1.0		off 0.4953527884462912 neg 0.4347873907278513 __DUMMY__ 0.06985982082585762	false	0.5
rabiat	neg 1.0		off 0.5008829205668207 neg 0.42982765611538154 __DUMMY__ 0.06928942331779775	false	0.5
verlangsamung	neg 1.0		off 0.5103965380833357 neg 0.42179075997554216 __DUMMY__ 0.06781270194112217	false	0.5
ausgestorben	neg 1.0		off 0.5011351986168546 neg 0.42945672189317885 __DUMMY__ 0.06940807948996651	false	0.5
anklagen	neg 1.0		off 0.49761511610982745 neg 0.43290603672844985 __DUMMY__ 0.06947884716172278	false	0.5
trott	neg 1.0		off 0.5007140338206875 neg 0.4298893908470226 __DUMMY__ 0.06939657533228985	false	0.5
verminderung	neg 1.0		off 0.507120389672246 neg 0.4241803855063142 __DUMMY__ 0.06869922482143954	false	0.5
nach			off 0.4940578868034902 neg 0.43546368558175 __DUMMY__ 0.07047842761475967	false	0.0
rost	neg 1.0		off 0.5109076937791052 neg 0.4209228872407522 __DUMMY__ 0.0681694189801426	false	0.5
destruktiv	neg 1.0		off 0.4988508238212538 neg 0.4320990309189024 __DUMMY__ 0.0690501452598438	false	0.5
unzumutbarkeit	neg 1.0		off 0.5067505050403776 neg 0.4243026652457875 __DUMMY__ 0.06894682971383487	false	0.5
labil	off 1.0	off 1.0	off 0.7393910226183329 neg 0.22767299982187592 __DUMMY__ 0.032935977559791156	false	1.0
ziemlich	neg 1.0		off 0.5067884043144774 neg 0.424342942690757 __DUMMY__ 0.06886865299476563	false	0.5
lachnummer	off 1.0		off 0.4996216506362069 neg 0.431349127458656 __DUMMY__ 0.06902922190513708	false	1.0
oder			off 0.502068503293907 neg 0.4286193491576874 __DUMMY__ 0.06931214754840577	false	0.0
verfall	neg 1.0		off 0.4914822589371318 neg 0.43845488637144314 __DUMMY__ 0.0700628546914251	false	0.5
ausgrenzung	neg 1.0		off 0.5017232388668066 neg 0.4291609671812393 __DUMMY__ 0.06911579395195422	false	0.5
unordnung	neg 1.0		off 0.5109502187154781 neg 0.4200181365084384 __DUMMY__ 0.06903164477608348	false	0.5
fehlverhalten	neg 1.0		off 0.49395205725654695 neg 0.43666854803983923 __DUMMY__ 0.06937939470361384	false	0.5
eine			off 0.4960648398817744 neg 0.4340819604908933 __DUMMY__ 0.06985319962733243	false	0.0
nille	neg 1.0		off 0.5012988152596162 neg 0.429188447692142 __DUMMY__ 0.06951273704824186	false	0.5
qual	neg 1.0		off 0.5004933884241927 neg 0.43005296085510064 __DUMMY__ 0.06945365072070661	false	0.5
verschwenden	neg 1.0		off 0.4952622297036588 neg 0.43541647422736246 __DUMMY__ 0.06932129606897873	false	0.5
riesig	neg 1.0		off 0.49907401625617853 neg 0.43111948460115185 __DUMMY__ 0.06980649914266958	false	0.5
verurteilen	neg 1.0		off 0.4965760312330212 neg 0.43421592889008487 __DUMMY__ 0.06920803987689396	false	0.5
klischee	neg 1.0	neg 1.0	neg 0.6987664124384226 off 0.2683574577866167 __DUMMY__ 0.032876129774960655	false	1.0
diktatorisch	neg 1.0		off 0.5003891138591868 neg 0.43060771110469526 __DUMMY__ 0.06900317503611805	false	0.5
vorhersehbar	neg 1.0		off 0.5014829172249228 neg 0.42986210788554763 __DUMMY__ 0.06865497488952946	false	0.5
sowie			off 0.5100590848226851 neg 0.42167303193126243 __DUMMY__ 0.06826788324605242	false	0.0
stornieren	neg 1.0		off 0.5060804152402731 neg 0.4242114246288262 __DUMMY__ 0.06970816013090049	false	0.5
besteuerung	neg 1.0		off 0.4986426577548351 neg 0.43256860861631574 __DUMMY__ 0.06878873362884912	false	0.5
ungeschminkt	neg 1.0		off 0.5046555326139065 neg 0.427025419846078 __DUMMY__ 0.06831904754001551	false	0.5
kritisch	neg 1.0		off 0.4960423493117429 neg 0.43457556180209217 __DUMMY__ 0.06938208888616483	false	0.5
schlamperei	off 1.0		off 0.4959867184592077 neg 0.43433712790150375 __DUMMY__ 0.06967615363928857	false	1.0
sucht	neg 1.0	neg 1.0	neg 0.6958630316132226 off 0.27050242969860183 __DUMMY__ 0.033634538688175515	false	1.0
egoistisch	off 1.0		off 0.5093903345469573 neg 0.42262232988308546 __DUMMY__ 0.06798733556995722	false	1.0
ausbeuter	off 1.0		off 0.4933959839440734 neg 0.43731795796486106 __DUMMY__ 0.06928605809106549	false	1.0
arschgeburt	off 1.0		off 0.5151972935215074 neg 0.41763283565201903 __DUMMY__ 0.0671698708264734	false	1.0
schubs	neg 1.0		off 0.49868573500473096 neg 0.43193308650239826 __DUMMY__ 0.06938117849287073	false	0.5
unsolide	neg 1.0		off 0.5000580314186458 neg 0.43116441166712777 __DUMMY__ 0.06877755691422652	false	0.5
beschwerde	neg 1.0		off 0.4954104412414504 neg 0.43519573670717077 __DUMMY__ 0.06939382205137899	false	0.5
stocken	neg 1.0		off 0.4965932720535278 neg 0.43372495960072394 __DUMMY__ 0.06968176834574809	false	0.5
isolieren	neg 1.0		off 0.49743702557335445 neg 0.4330959717850412 __DUMMY__ 0.06946700264160435	false	0.5
unheilbar	neg 1.0		off 0.5019158998406151 neg 0.4286808820623594 __DUMMY__ 0.06940321809702556	false	0.5
pisser	off 1.0		off 0.5073441541499634 neg 0.4242485806156076 __DUMMY__ 0.06840726523442912	false	1.0
löschen	neg 1.0		off 0.5013550678786094 neg 0.4292212418686085 __DUMMY__ 0.0694236902527821	false	0.5
durchfallen	neg 1.0		off 0.49535447307838165 neg 0.4355356217071914 __DUMMY__ 0.06910990521442698	false	0.5
wichser	off 1.0	off 1.0	off 0.744704153867053 neg 0.22293685532259105 __DUMMY__ 0.03235899081035586	false	1.0
terror	neg 1.0		off 0.5043515771655965 neg 0.42648814449915584 __DUMMY__ 0.06916027833524774	false	0.5
krass	neg 1.0		off 0.5084791721637199 neg 0.42319832000435226 __DUMMY__ 0.06832250783192796	false	0.5
revolte	neg 1.0		off 0.5026507914991556 neg 0.42820162706283843 __DUMMY__ 0.06914758143800602	false	0.5
besorgt	neg 1.0		off 0.502112617341652 neg 0.4279495143571456 __DUMMY__ 0.06993786830120241	false	0.5
nachlassen	neg 1.0		off 0.49845532997058234 neg 0.43157537416086617 __DUMMY__ 0.06996929586855147	false	0.5
alt	neg 1.0		off 0.4984438452086733 neg 0.4320906246129736 __DUMMY__ 0.06946553017835323	false	0.5
hundesohn	off 1.0		off 0.5136491813568346 neg 0.4185942155618934 __DUMMY__ 0.06775660308127196	false	1.0
als			off 0.4981511502240131 neg 0.43247510345916296 __DUMMY__ 0.06937374631682394	false	0.0
abschreckung	neg 1.0		off 0.4943814622529944 neg 0.43590133950067583 __DUMMY__ 0.06971719824632984	false	0.5
unqualifiziert	neg 1.0		off 0.5019898208300703 neg 0.4294658148186778 __DUMMY__ 0.06854436435125194	false	0.5
abgewichst	off 1.0		off 0.5006683618959884 neg 0.4297687029828188 __DUMMY__ 0.06956293512119281	false	1.0
schwer	neg 1.0		off 0.4991438365795463 neg 0.43168850820782845 __DUMMY__ 0.06916765521262529	false	0.5
bedeutungslosigkeit	neg 1.0		off 0.49478624826700784 neg 0.4356642754330913 __DUMMY__ 0.06954947629990078	false	0.5
kapitulation	neg 1.0		off 0.49700889009632765 neg 0.4333890710842596 __DUMMY__ 0.0696020388194128	false	0.5
unscharf	neg 1.0		off 0.5017179858686532 neg 0.4294815006810727 __DUMMY__ 0.06880051345027395	false	0.5
schwinden	neg 1.0		off 0.49615188300042784 neg 0.4340364208526868 __DUMMY__ 0.06981169614688532	false	0.5
versklavung	neg 1.0		off 0.502129512147415 neg 0.4285114018254566 __DUMMY__ 0.06935908602712838	false	0.5
schlecht	neg 1.0		off 0.5069399218145965 neg 0.4241969295939672 __DUMMY__ 0.06886314859143644	false	0.5
verhasst	neg 1.0		off 0.49954080764403236 neg 0.431712241264916 __DUMMY__ 0.06874695109105176	false	0.5
beschweren	neg 1.0		off 0.502116284149361 neg 0.42883712011158626 __DUMMY__ 0.06904659573905261	false	0.5
scheiden	neg 1.0		off 0.5020440883970193 neg 0.42845182333755794 __DUMMY__ 0.0695040882654228	false	0.5
frustriert	neg 1.0		off 0.4982045336370053 neg 0.43257369341097435 __DUMMY__ 0.06922177295202042	false	0.5
schimmelig	neg 1.0		off 0.49628582619325234 neg 0.4345535296738646 __DUMMY__ 0.06916064413288299	false	0.5
fisch	neg 1.0		off 0.4940394505397176 neg 0.43649408731789113 __DUMMY__ 0.06946646214239124	false	0.5
schmuggel	neg 1.0		off 0.4964876990431891 neg 0.4338184029009155 __DUMMY__ 0.0696938980558955	false	0.5
auffallen	neg 1.0		off 0.5029438208821908 neg 0.42806500122907254 __DUMMY__ 0.06899117788873665	false	0.5
konkurrenz	neg 1.0		off 0.4940023671999689 neg 0.43625698566323234 __DUMMY__ 0.06974064713679864	false	0.5
teufelskreis	neg 1.0		off 0.49912360274290324 neg 0.43174408657661567 __DUMMY__ 0.06913231068048113	false	0.5
aufschreien	neg 1.0		off 0.5021730662905903 neg 0.42898751922521344 __DUMMY__ 0.06883941448419627	false	0.5
schuldner	neg 1.0		off 0.49354651179885056 neg 0.43700237289594446 __DUMMY__ 0.06945111530520498	false	0.5
missgeburt	off 1.0	off 1.0	off 0.7423585044245751 neg 0.2251680248289431 __DUMMY__ 0.0324734707464818	false	1.0
arbeitslos	neg 1.0		off 0.4955793194066422 neg 0.4353458864663462 __DUMMY__ 0.06907479412701158	false	0.5
befallen	neg 1.0		off 0.5010723510213654 neg 0.42925642193907343 __DUMMY__ 0.06967122703956108	false	0.5
miesepetrig	off 1.0	off 1.0	off 0.7399494440853542 neg 0.2271519007575929 __DUMMY__ 0.03289865515705291	false	1.0
alarmieren	neg 1.0		off 0.5039017934079728 neg 0.42732669433543347 __DUMMY__ 0.06877151225659367	false	0.5
ungeduscht	off 1.0		off 0.5036705363821504 neg 0.427639851283804 __DUMMY__ 0.06868961233404575	false	1.0
knappheit	neg 1.0		off 0.4951704554413897 neg 0.4357215141971426 __DUMMY__ 0.06910803036146772	false	0.5
schlange	neg 1.0		off 0.5046468532062001 neg 0.42579325774852356 __DUMMY__ 0.06955988904527637	false	0.5
harsch	neg 1.0		off 0.5123681945487902 neg 0.41887544840573937 __DUMMY__ 0.06875635704547026	false	0.5
lang	neg 1.0		off 0.5023595414044771 neg 0.42825325426109834 __DUMMY__ 0.06938720433442452	false	0.5
ziellos	neg 1.0		off 0.4984451972301771 neg 0.43185642913303807 __DUMMY__ 0.06969837363678476	false	0.5
selbstverliebt	neg 1.0		off 0.5136103573840034 neg 0.4189577893872031 __DUMMY__ 0.06743185322879355	false	0.5
beseitigen	neg 1.0		off 0.500237221782708 neg 0.4302057880502901 __DUMMY__ 0.06955699016700188	false	0.5
dumm	off 1.0		off 0.5107936230471475 neg 0.4211564383290768 __DUMMY__ 0.06804993862377577	false	1.0
arbeitsloser	neg 1.0		off 0.4971908677734431 neg 0.4334505066497001 __DUMMY__ 0.0693586255768568	false	0.5
blitzen	neg 1.0		off 0.5043939295541859 neg 0.42646771801254524 __DUMMY__ 0.06913835243326895	false	0.5
hilflos	neg 1.0		off 0.4981038861125393 neg 0.432596453935954 __DUMMY__ 0.06929965995150665	false	0.5
eklig	off 1.0		off 0.5103997629616072 neg 0.4217827342138626 __DUMMY__ 0.06781750282453022	false	1.0
begriff			off 0.4991636926847212 neg 0.4316215565577861 __DUMMY__ 0.06921475075749278	false	0.0
hungersnot	neg 1.0		off 0.49956066383280684 neg 0.4307485510109807 __DUMMY__ 0.0696907851562125	false	0.5
ungesetzlich	neg 1.0		off 0.49803020132609405 neg 0.43326821846072877 __DUMMY__ 0.06870158021317722	false	0.5
verschwendung	neg 1.0		off 0.4960557908978408 neg 0.4343749053113526 __DUMMY__ 0.06956930379080678	false	0.5
schmerzvoll	neg 1.0		off 0.5024943109613913 neg 0.4283424873862165 __DUMMY__ 0.06916320165239231	false	0.5
vorzeitig	neg 1.0		off 0.5043705462584677 neg 0.42643445756519754 __DUMMY__ 0.06919499617633476	false	0.5
unvollkommenheit	neg 1.0		off 0.500715173805538 neg 0.4293332177448422 __DUMMY__ 0.06995160844961988	false	0.5
intervenieren	neg 1.0		off 0.49460760891450034 neg 0.4360052342247829 __DUMMY__ 0.06938715686071685	false	0.5
banause	off 1.0		off 0.5116283698782431 neg 0.4209524025959007 __DUMMY__ 0.06741922752585612	false	1.0
rebell	neg 1.0		off 0.4927445722746317 neg 0.4374074209037503 __DUMMY__ 0.06984800682161811	false	0.5
unlogisch	neg 1.0		off 0.5065208036796477 neg 0.4252464800108239 __DUMMY__ 0.06823271630952846	false	0.5
leiden	neg 1.0		off 0.4964856841322372 neg 0.4336619198432304 __DUMMY__ 0.06985239602453253	false	0.5
abschaffung	neg 1.0		off 0.499992373981854 neg 0.4308860609468146 __DUMMY__ 0.06912156507133148	false	0.5
sturz	neg 1.0		off 0.5022242651232078 neg 0.4282507355730702 __DUMMY__ 0.06952499930372205	false	0.5
verkleinerung	neg 1.0		off 0.5001416197207412 neg 0.4313551810382686 __DUMMY__ 0.06850319924099017	false	0.5
schmarotzer	off 1.0		off 0.4955648602754805 neg 0.4355422701360128 __DUMMY__ 0.06889286958850661	false	1.0
bestrafung	neg 1.0		off 0.5021008877509084 neg 0.428631522287896 __DUMMY__ 0.06926758996119552	false	0.5
achtlos	neg 1.0	neg 1.0	neg 0.6996405852568567 off 0.26711179685332637 __DUMMY__ 0.03324761788981697	false	1.0
ungeheuer	neg 1.0		off 0.5040015143456767 neg 0.42677317137073695 __DUMMY__ 0.06922531428358632	false	0.5
unaufrichtig	neg 1.0		off 0.5049303245464203 neg 0.4258063518349373 __DUMMY__ 0.06926332361864233	false	0.5
groggy	neg 1.0		off 0.5042909193588837 neg 0.4265485111381295 __DUMMY__ 0.0691605695029868	false	0.5
verletzlich	neg 1.0		off 0.5051723112837393 neg 0.42635502383988444 __DUMMY__ 0.06847266487637625	false	0.5
