unsolidarisch	neg 1.0		off 0.5120076667852019 neg 0.4458837797332641 __DUMMY__ 0.04210855348153406	false	0.5
nachteilig	neg 1.0		off 0.5100796180111262 neg 0.44742148732203424 __DUMMY__ 0.042498894666839496	false	0.5
skeptisch	neg 1.0		off 0.5095270545889077 neg 0.447942173104564 __DUMMY__ 0.042530772306528235	false	0.5
schrecklich	neg 1.0		off 0.5234615813566108 neg 0.434679915573106 __DUMMY__ 0.04185850307028324	false	0.5
schlapp	neg 1.0		off 0.5202885650494239 neg 0.4376149755329453 __DUMMY__ 0.04209645941763072	false	0.5
abfall	neg 1.0		off 0.5081382082470597 neg 0.44898979388739274 __DUMMY__ 0.042871997865547705	false	0.5
widerspenstig	neg 1.0		off 0.5156042010266924 neg 0.44202068554541757 __DUMMY__ 0.042375113427890194	false	0.5
abrupt	neg 1.0		off 0.5131892784276639 neg 0.4440633365770018 __DUMMY__ 0.04274738499533429	false	0.5
unwirksam	neg 1.0		off 0.5111531777266356 neg 0.4468373705843508 __DUMMY__ 0.042009451689013586	false	0.5
angreifen	neg 1.0		off 0.5097280430771582 neg 0.4477179786273415 __DUMMY__ 0.04255397829550033	false	0.5
inkonsistent	neg 1.0		off 0.5155038369655545 neg 0.4422479589088993 __DUMMY__ 0.04224820412554629	false	0.5
abrutschen	neg 1.0		off 0.5068211781661998 neg 0.4504934473070111 __DUMMY__ 0.04268537452678911	false	0.5
unsicher	neg 1.0		off 0.5154265172564682 neg 0.44214765149048046 __DUMMY__ 0.04242583125305158	false	0.5
bauernkind	off 1.0	off 1.0	off 0.7463848673221312 neg 0.23390852772153306 __DUMMY__ 0.019706604956335784	false	1.0
angreifer	neg 1.0	neg 1.0	neg 0.7037170655854624 off 0.275960743058743 __DUMMY__ 0.020322191355794526	false	1.0
trennen	neg 1.0		off 0.5117946149646834 neg 0.4454202208748823 __DUMMY__ 0.0427851641604343	false	0.5
schmutz	neg 1.0		off 0.5212035070769643 neg 0.43608162566502595 __DUMMY__ 0.04271486725800977	false	0.5
inkonsistenz	neg 1.0		off 0.5159025480156622 neg 0.4423991480264302 __DUMMY__ 0.041698303957907586	false	0.5
erschreckend	neg 1.0		off 0.5130471248474978 neg 0.4446620429877549 __DUMMY__ 0.04229083216474731	false	0.5
ertrinken	neg 1.0		off 0.5118904317223781 neg 0.44542429442877246 __DUMMY__ 0.04268527384884925	false	0.5
pickelface	off 1.0		off 0.5149535504834815 neg 0.4425605803805213 __DUMMY__ 0.042485869135997285	false	1.0
seiner			off 0.510591440086003 neg 0.4468231965788209 __DUMMY__ 0.04258536333517607	false	0.0
lauch	neg 1.0		off 0.5093605815616087 neg 0.4477927459089974 __DUMMY__ 0.042846672529393906	false	0.5
unwichtig	neg 1.0		off 0.5181559572484108 neg 0.43987305837852436 __DUMMY__ 0.04197098437306487	false	0.5
steuerhinterziehung	neg 1.0	neg 1.0	neg 0.7076318012483733 off 0.27209893945450025 __DUMMY__ 0.020269259297126356	false	1.0
schock	neg 1.0		off 0.5151792252414802 neg 0.44231935016344154 __DUMMY__ 0.042501424595078205	false	0.5
beule	neg 1.0		off 0.5210659749624356 neg 0.43691067045405574 __DUMMY__ 0.04202335458350857	false	0.5
vergelten	neg 1.0		off 0.5242292397027142 neg 0.43366710355469906 __DUMMY__ 0.04210365674258667	false	0.5
verdorbenheit	neg 1.0		off 0.5178982827938462 neg 0.4395550281904765 __DUMMY__ 0.04254668901567744	false	0.5
trauma	neg 1.0		off 0.5163586086730826 neg 0.4412787719271707 __DUMMY__ 0.042362619399746705	false	0.5
sinnlos	neg 1.0		off 0.5172813873215977 neg 0.4404475553021401 __DUMMY__ 0.042271057376262286	false	0.5
fettsack	off 1.0	off 1.0	off 0.7479745629981794 neg 0.23224147140910995 __DUMMY__ 0.01978396559271059	false	1.0
feige	off 1.0	off 1.0	off 0.7455679909904157 neg 0.23443551053615197 __DUMMY__ 0.019996498473432347	false	1.0
abdanken	neg 1.0		off 0.5143914882164919 neg 0.44319810318247904 __DUMMY__ 0.042410408601028904	false	0.5
wichtigtuer	off 1.0	off 1.0	off 0.7445764126347896 neg 0.23533086331455003 __DUMMY__ 0.020092724050660416	false	1.0
misslingen	neg 1.0		off 0.518948571943847 neg 0.43837412201959525 __DUMMY__ 0.04267730603655777	false	0.5
untreu	off 1.0		off 0.5196427650915834 neg 0.43832076877721265 __DUMMY__ 0.04203646613120409	false	1.0
missmutig	neg 1.0		off 0.5201269501416467 neg 0.4376952581822462 __DUMMY__ 0.042177791676107086	false	0.5
hurenbock	off 1.0		off 0.5193246314811973 neg 0.4381924222289423 __DUMMY__ 0.04248294628986031	false	1.0
betrunken	neg 1.0		off 0.5220930097005022 neg 0.4358752160957407 __DUMMY__ 0.042031774203757026	false	0.5
korrupt	off 1.0		off 0.5097922855391335 neg 0.4479983089548111 __DUMMY__ 0.04220940550605556	false	1.0
unmut	neg 1.0		off 0.5074778632674818 neg 0.44978197797394553 __DUMMY__ 0.042740158758572566	false	0.5
hackfresse	off 1.0		off 0.5257975138096698 neg 0.4326299680863828 __DUMMY__ 0.041572518103947506	false	1.0
aufblasen	neg 1.0		off 0.5178416340000106 neg 0.43978948621643194 __DUMMY__ 0.04236887978355747	false	0.5
gewaltsam	neg 1.0		off 0.5146915425731551 neg 0.4427736644521872 __DUMMY__ 0.04253479297465774	false	0.5
unbeliebtheit	neg 1.0		off 0.5159637074946023 neg 0.44215679230642296 __DUMMY__ 0.041879500198974746	false	0.5
sturheit	neg 1.0		off 0.5128280918424643 neg 0.4448203207930041 __DUMMY__ 0.04235158736453161	false	0.5
kuh	neg 1.0		off 0.5135195993833789 neg 0.4446426443087859 __DUMMY__ 0.04183775630783537	false	0.5
erschrecken	neg 1.0		off 0.5204855763326525 neg 0.4372525289761129 __DUMMY__ 0.04226189469123482	false	0.5
opfer	neg 1.0		off 0.5117633591664247 neg 0.44569093485478795 __DUMMY__ 0.04254570597878741	false	0.5
sinken	neg 1.0		off 0.5088318533161191 neg 0.44839623879834845 __DUMMY__ 0.04277190788553242	false	0.5
stinktier	neg 1.0		off 0.5199034552888717 neg 0.4387038352811525 __DUMMY__ 0.041392709429975645	false	0.5
tucke	off 1.0		off 0.5267706423614092 neg 0.43174582945841666 __DUMMY__ 0.04148352818017407	false	1.0
ein			off 0.5160908137338998 neg 0.44160402076663546 __DUMMY__ 0.042305165499464795	false	0.0
abstieg	neg 1.0		off 0.5106523394485699 neg 0.4467647035711749 __DUMMY__ 0.04258295698025518	false	0.5
missverstehen	neg 1.0		off 0.5156314375234154 neg 0.4423695107836694 __DUMMY__ 0.04199905169291525	false	0.5
ergebnislos	neg 1.0		off 0.5103460091850643 neg 0.4470513405323185 __DUMMY__ 0.04260265028261712	false	0.5
unter			off 0.5051019929207825 neg 0.4517260177021364 __DUMMY__ 0.0431719893770811	false	0.0
manipulieren	neg 1.0		off 0.5103492135129282 neg 0.4469908514078185 __DUMMY__ 0.042659935079253336	false	0.5
unbewiesen	neg 1.0		off 0.5113266976462375 neg 0.4466287815028317 __DUMMY__ 0.04204452085093081	false	0.5
verschleppen	neg 1.0		off 0.5111372131072444 neg 0.4464223020117842 __DUMMY__ 0.042440484880971484	false	0.5
weib	off 1.0		off 0.5242902557536844 neg 0.43439175088246124 __DUMMY__ 0.04131799336385435	false	1.0
opposition	neg 1.0		off 0.5151675544099864 neg 0.44268196854984304 __DUMMY__ 0.04215047704017048	false	0.5
verkehrswidrig	neg 1.0		off 0.5264942231677356 neg 0.43134500002170034 __DUMMY__ 0.04216077681056404	false	0.5
inkorrekt	neg 1.0		off 0.520833269392197 neg 0.43745439092928573 __DUMMY__ 0.0417123396785174	false	0.5
vermeiden	neg 1.0		off 0.5064975797716926 neg 0.4506451288471668 __DUMMY__ 0.04285729138114071	false	0.5
abweichung	neg 1.0		off 0.5103780671617225 neg 0.4471976884240652 __DUMMY__ 0.04242424441421232	false	0.5
alkoholisiert	neg 1.0		off 0.5115146222291342 neg 0.44585827807110934 __DUMMY__ 0.04262709969975634	false	0.5
scheiss	off 1.0	off 1.0	off 0.746644263435757 neg 0.23330781894909652 __DUMMY__ 0.020047917615146578	false	1.0
herausforderung	neg 1.0		off 0.5106297341175374 neg 0.4467407128927771 __DUMMY__ 0.04262955298968554	false	0.5
pervers	off 1.0		off 0.52855737058365 neg 0.4300869635360036 __DUMMY__ 0.04135566588034637	false	1.0
wackelig	neg 1.0		off 0.5154355489998614 neg 0.4418845106661775 __DUMMY__ 0.04267994033396113	false	0.5
verwickeln	neg 1.0		off 0.5152064056146773 neg 0.4427585421247625 __DUMMY__ 0.04203505226056015	false	0.5
vorwand	neg 1.0		off 0.509268412685937 neg 0.44815727637431774 __DUMMY__ 0.04257431093974529	false	0.5
muschi	off 1.0		off 0.5148432571669858 neg 0.44269694248149954 __DUMMY__ 0.042459800351514615	false	1.0
entmutigung	neg 1.0		off 0.5153555005066155 neg 0.4424073329771905 __DUMMY__ 0.04223716651619391	false	0.5
unangemessen	neg 1.0		off 0.5109060979692523 neg 0.4468915217168803 __DUMMY__ 0.04220238031386741	false	0.5
unstetig	neg 1.0		off 0.5174179112006425 neg 0.4403799319708206 __DUMMY__ 0.042202156828536855	false	0.5
entmutigen	neg 1.0		off 0.5158805399373025 neg 0.44180699030545634 __DUMMY__ 0.04231246975724128	false	0.5
schwanz	neg 1.0		off 0.5126395641993239 neg 0.44477670103124145 __DUMMY__ 0.04258373476943479	false	0.5
verbot	neg 1.0		off 0.5113281796447726 neg 0.4462568732449707 __DUMMY__ 0.04241494711025687	false	0.5
leid	neg 1.0		off 0.5237633770417801 neg 0.4345834038719489 __DUMMY__ 0.041653219086271134	false	0.5
archaisch	neg 1.0		off 0.5133161503664191 neg 0.44429536431808836 __DUMMY__ 0.04238848531549257	false	0.5
gegen			off 0.5082792000039404 neg 0.4489969231663506 __DUMMY__ 0.04272387682970909	false	0.0
scheidung	neg 1.0		off 0.5364849356974793 neg 0.42197018313008616 __DUMMY__ 0.04154488117243439	false	0.5
einschlag	neg 1.0		off 0.5224638367303117 neg 0.4356016524053487 __DUMMY__ 0.04193451086433966	false	0.5
m			off 0.513648869551345 neg 0.44378877590603244 __DUMMY__ 0.042562354542622485	false	0.0
abgestanden	neg 1.0		off 0.515072008366823 neg 0.44269252789483915 __DUMMY__ 0.04223546373833794	false	0.5
schmierig	off 1.0		off 0.5246901277280445 neg 0.4334657907628978 __DUMMY__ 0.041844081509057655	false	1.0
unpraktisch	neg 1.0		off 0.5165327718299721 neg 0.4411887990290052 __DUMMY__ 0.04227842914102266	false	0.5
wixxer	off 1.0		off 0.5274077140732907 neg 0.43137546748961275 __DUMMY__ 0.0412168184370967	false	1.0
bezeichnet			off 0.5129380714413097 neg 0.4449056236449955 __DUMMY__ 0.04215630491369476	false	0.0
jammerlappen	off 1.0		off 0.519975485456023 neg 0.4378836361674736 __DUMMY__ 0.04214087837650337	false	1.0
farce	neg 1.0		off 0.511846436200344 neg 0.44583236319969777 __DUMMY__ 0.04232120059995816	false	0.5
zwecklos	neg 1.0		off 0.5118242806428183 neg 0.4458411560775548 __DUMMY__ 0.042334563279626904	false	0.5
turbulent	neg 1.0		off 0.5207146714143778 neg 0.43731486616284526 __DUMMY__ 0.04197046242277692	false	0.5
invasion	neg 1.0		off 0.5163066424493774 neg 0.44148856634389194 __DUMMY__ 0.04220479120673065	false	0.5
schuld	neg 1.0		off 0.5148033786381551 neg 0.4430083984123699 __DUMMY__ 0.04218822294947493	false	0.5
risiko	neg 1.0	neg 1.0	neg 0.7040416255563403 off 0.2756167069777064 __DUMMY__ 0.020341667465953204	false	1.0
finster	neg 1.0		off 0.5146821100529099 neg 0.44320488113881973 __DUMMY__ 0.04211300880827046	false	0.5
geisteskrank	off 1.0		off 0.518468700521026 neg 0.43979166027667754 __DUMMY__ 0.04173963920229653	false	1.0
zusammenbrechen	neg 1.0		off 0.513058429449822 neg 0.4445038366797915 __DUMMY__ 0.04243773387038648	false	0.5
ausbeute	neg 1.0		off 0.5166226174052536 neg 0.44038211932525395 __DUMMY__ 0.04299526326949249	false	0.5
hinterhalt	neg 1.0		off 0.518767053671321 neg 0.43829280578281427 __DUMMY__ 0.04294014054586477	false	0.5
kritik	neg 1.0		off 0.5114589329281845 neg 0.446229036156317 __DUMMY__ 0.04231203091549861	false	0.5
einschrumpfen	neg 1.0		off 0.5176724494124186 neg 0.4402834375576738 __DUMMY__ 0.04204411302990754	false	0.5
riskant	neg 1.0		off 0.5094908195338536 neg 0.4480645431976766 __DUMMY__ 0.0424446372684699	false	0.5
frustrieren	neg 1.0		off 0.5106665114278363 neg 0.4468989316607965 __DUMMY__ 0.04243455691136735	false	0.5
groll	neg 1.0		off 0.5112468162555863 neg 0.44640981326086865 __DUMMY__ 0.04234337048354509	false	0.5
gibt			off 0.5131566102190245 neg 0.4444008335292324 __DUMMY__ 0.04244255625174317	false	0.0
qualvoll	neg 1.0		off 0.5189895060620936 neg 0.43872007240701744 __DUMMY__ 0.04229042153088902	false	0.5
wackeln	neg 1.0		off 0.5180340295749387 neg 0.4394410802999663 __DUMMY__ 0.04252489012509512	false	0.5
klagen	neg 1.0		off 0.5075751482835816 neg 0.4497830775041625 __DUMMY__ 0.04264177421225574	false	0.5
bankrott	neg 1.0		off 0.5205569872722524 neg 0.4371686726948982 __DUMMY__ 0.04227434003284935	false	0.5
trauern	neg 1.0		off 0.5132022196004179 neg 0.4440587977683128 __DUMMY__ 0.04273898263126927	false	0.5
ablehnung	neg 1.0		off 0.5109106653247764 neg 0.4467874264991368 __DUMMY__ 0.04230190817608694	false	0.5
stur	neg 1.0		off 0.5147394012563686 neg 0.44310235644540585 __DUMMY__ 0.042158242298225436	false	0.5
aufruhr	neg 1.0		off 0.5140059357674631 neg 0.4435704529925611 __DUMMY__ 0.04242361123997574	false	0.5
melancholie	neg 1.0		off 0.5127253432672084 neg 0.44471812098568586 __DUMMY__ 0.042556535747105585	false	0.5
ist			off 0.516756929368199 neg 0.44098765520712035 __DUMMY__ 0.04225541542468069	false	0.0
torheit	neg 1.0		off 0.5152170368235344 neg 0.4424459769358912 __DUMMY__ 0.042336986240574324	false	0.5
dreckskind	off 1.0		off 0.5234444409475499 neg 0.4350733288540985 __DUMMY__ 0.041482230198351545	false	1.0
umtauschen	neg 1.0		off 0.5148248931279445 neg 0.4428069762904515 __DUMMY__ 0.042368130581603845	false	0.5
zum			off 0.5095691523596639 neg 0.44728690717433894 __DUMMY__ 0.04314394046599724	false	0.0
zersetzen	neg 1.0		off 0.5089083906401162 neg 0.44859522135001434 __DUMMY__ 0.04249638800986947	false	0.5
zur			off 0.5070962837420145 neg 0.4498993456590328 __DUMMY__ 0.04300437059895267	false	0.0
frust	neg 1.0		off 0.5132938399867366 neg 0.44424069103160263 __DUMMY__ 0.04246546898166073	false	0.5
unerbittlichkeit	neg 1.0		off 0.5095938107054705 neg 0.44783735504010885 __DUMMY__ 0.04256883425442059	false	0.5
zwei			off 0.5099190835607837 neg 0.4470584697775292 __DUMMY__ 0.04302244666168717	false	0.0
unkorrekt	neg 1.0		off 0.5213081013593579 neg 0.4368856725186687 __DUMMY__ 0.04180622612197341	false	0.5
hexe	off 1.0		off 0.5179953744178285 neg 0.44012815837561137 __DUMMY__ 0.04187646720656014	false	1.0
lasch	neg 1.0		off 0.5165764571740424 neg 0.44146897980395555 __DUMMY__ 0.041954563022002206	false	0.5
rivale	neg 1.0		off 0.5217850672908219 neg 0.43624993338974655 __DUMMY__ 0.04196499931943164	false	0.5
mutlos	off 1.0	off 1.0	off 0.7411097256600003 neg 0.23860581591003704 __DUMMY__ 0.020284458429962637	false	1.0
wirr	off 1.0		off 0.5222483705290316 neg 0.43598594565082366 __DUMMY__ 0.04176568382014482	false	1.0
jahr			off 0.5137026652249572 neg 0.44326018778758347 __DUMMY__ 0.04303714698745938	false	0.0
wird			off 0.5117580103542527 neg 0.44578262635737265 __DUMMY__ 0.04245936328837467	false	0.0
strafbar	neg 1.0		off 0.509894353204639 neg 0.44768147565067073 __DUMMY__ 0.042424171144690194	false	0.5
erosion	neg 1.0		off 0.5167918616698688 neg 0.44068350164225223 __DUMMY__ 0.04252463668787897	false	0.5
eingehen	neg 1.0		off 0.5100271574508211 neg 0.44756629895919753 __DUMMY__ 0.042406543589981326	false	0.5
faul	off 1.0		off 0.5200297209508463 neg 0.4377499782042762 __DUMMY__ 0.04222030084487745	false	1.0
provisorium	neg 1.0		off 0.506053938626909 neg 0.4507612517198369 __DUMMY__ 0.043184809653254164	false	0.5
schmerzen	neg 1.0		off 0.5133847387581966 neg 0.44429445994325095 __DUMMY__ 0.04232080129855249	false	0.5
schrumpfen	neg 1.0		off 0.5048436768974018 neg 0.45242202556495964 __DUMMY__ 0.0427342975376385	false	0.5
geistlos	off 1.0		off 0.5147173210136404 neg 0.44334175532658715 __DUMMY__ 0.0419409236597724	false	1.0
fehlkauf	neg 1.0		off 0.5180907897719826 neg 0.43951937314517775 __DUMMY__ 0.042389837082839645	false	0.5
frustrierend	neg 1.0		off 0.5183728073327453 neg 0.43950069123300645 __DUMMY__ 0.04212650143424811	false	0.5
unzufrieden	neg 1.0		off 0.5110007982230101 neg 0.4466947586127169 __DUMMY__ 0.042304443164273065	false	0.5
verzweifeln	neg 1.0		off 0.5136566658639214 neg 0.44397087217130826 __DUMMY__ 0.04237246196477046	false	0.5
verzweifelt	neg 1.0	neg 1.0	neg 0.7062779568856119 off 0.2736016403557895 __DUMMY__ 0.020120402758598593	false	1.0
misstrauensantrag	neg 1.0		off 0.5167745445217634 neg 0.44100890715172597 __DUMMY__ 0.04221654832651066	false	0.5
abfallen	neg 1.0		off 0.5175356010433769 neg 0.4399998517398001 __DUMMY__ 0.04246454721682301	false	0.5
fucker	off 1.0		off 0.5232995931826857 neg 0.43464478120036837 __DUMMY__ 0.04205562561694596	false	1.0
ungezogen	neg 1.0		off 0.5281272048066903 neg 0.4304331533402645 __DUMMY__ 0.04143964185304512	false	0.5
irrsinnig	neg 1.0	neg 1.0	neg 0.7059742423828098 off 0.273876012912783 __DUMMY__ 0.020149744704407085	false	1.0
unfassbar	neg 1.0		off 0.5208384423344826 neg 0.43710382209666804 __DUMMY__ 0.042057735568849224	false	0.5
hart	neg 1.0		off 0.520539741259554 neg 0.43739316308006587 __DUMMY__ 0.042067095660379944	false	0.5
widerlich	off 1.0		off 0.5196273558118322 neg 0.4385240831375586 __DUMMY__ 0.0418485610506092	false	1.0
fatal	neg 1.0		off 0.5176768494167039 neg 0.4400335378407494 __DUMMY__ 0.042289612742546605	false	0.5
bruch	neg 1.0		off 0.5083079551964867 neg 0.44902969828775324 __DUMMY__ 0.042662346515759945	false	0.5
aushungern	neg 1.0		off 0.5137106742386037 neg 0.4437684844279763 __DUMMY__ 0.04252084133342011	false	0.5
anspannung	neg 1.0		off 0.5085674611383977 neg 0.4483900635130766 __DUMMY__ 0.04304247534852571	false	0.5
von			off 0.515068335419404 neg 0.441766124613832 __DUMMY__ 0.04316553996676391	false	0.0
kraftlos	neg 1.0		off 0.5134320979121544 neg 0.44402899582499955 __DUMMY__ 0.04253890626284604	false	0.5
vom			off 0.5077827221703272 neg 0.4489384545531884 __DUMMY__ 0.043278823276484524	false	0.0
grenzdebil	off 1.0		off 0.5217371163334769 neg 0.436173514407877 __DUMMY__ 0.042089369258646155	false	1.0
vor			off 0.5106973007547124 neg 0.44649956281125047 __DUMMY__ 0.042803136434037055	false	0.0
unterwerfen	neg 1.0		off 0.511461890172357 neg 0.44601492974382156 __DUMMY__ 0.04252318008382146	false	0.5
versenkung	neg 1.0		off 0.5125209670760564 neg 0.4448567900417757 __DUMMY__ 0.04262224288216777	false	0.5
entziehen	neg 1.0		off 0.5081681299622292 neg 0.44920103447718485 __DUMMY__ 0.04263083556058588	false	0.5
finanzkrise	neg 1.0		off 0.5126895521205497 neg 0.44502016502686487 __DUMMY__ 0.04229028285258549	false	0.5
schimpfend	neg 1.0		off 0.5171204319184595 neg 0.4406240876515295 __DUMMY__ 0.04225548043001099	false	0.5
profan	neg 1.0		off 0.5166687228875088 neg 0.4412043037466045 __DUMMY__ 0.04212697336588676	false	0.5
korruption	neg 1.0		off 0.5114576263000957 neg 0.44608746720517917 __DUMMY__ 0.04245490649472519	false	0.5
â			off 0.5140599678920188 neg 0.44326949978287017 __DUMMY__ 0.04267053232511098	false	0.0
schmutzig	neg 1.0		off 0.5228377730063479 neg 0.43502955170034774 __DUMMY__ 0.04213267529330448	false	0.5
sexy	neg 1.0		off 0.5194680070250426 neg 0.4382580814314877 __DUMMY__ 0.04227391154346976	false	0.5
abraten	neg 1.0		off 0.5168338841386261 neg 0.44092782953578125 __DUMMY__ 0.04223828632559269	false	0.5
schwarz	neg 1.0		off 0.5166530958886794 neg 0.44105837889446625 __DUMMY__ 0.04228852521685457	false	0.5
fotze	off 1.0	off 1.0	off 0.7434501270167315 neg 0.23618147880622603 __DUMMY__ 0.020368394177042393	false	1.0
verwirren	neg 1.0		off 0.5178063504924643 neg 0.44001568522363904 __DUMMY__ 0.04217796428389662	false	0.5
zahnlos	off 1.0		off 0.5123370172424642 neg 0.4453395530952731 __DUMMY__ 0.04232342966226283	false	1.0
verheeren	neg 1.0		off 0.5315809360996192 neg 0.4268175462972943 __DUMMY__ 0.041601517603086495	false	0.5
hippie	neg 1.0		off 0.5190785614959325 neg 0.43863393157150676 __DUMMY__ 0.04228750693256089	false	0.5
rammen	neg 1.0		off 0.5155659628129615 neg 0.4422675709308809 __DUMMY__ 0.04216646625615747	false	0.5
unlauter	neg 1.0		off 0.5131145018069744 neg 0.44484846872728656 __DUMMY__ 0.042037029465739124	false	0.5
unheilvoll	neg 1.0		off 0.5179696496222744 neg 0.43967346757182757 __DUMMY__ 0.04235688280589816	false	0.5
niedrig	neg 1.0		off 0.508852505596662 neg 0.44874220369933093 __DUMMY__ 0.04240529070400707	false	0.5
explosion	neg 1.0		off 0.5180698213703073 neg 0.43967814371450836 __DUMMY__ 0.04225203491518429	false	0.5
weichei	off 1.0	off 1.0	off 0.7490279776204446 neg 0.23110396579403183 __DUMMY__ 0.01986805658552349	false	1.0
minusmensch	off 1.0		off 0.5256007704177262 neg 0.4330180265457837 __DUMMY__ 0.04138120303648994	false	1.0
farblos	neg 1.0		off 0.5161471292576162 neg 0.44136478415425795 __DUMMY__ 0.04248808658812578	false	0.5
unwissend	neg 1.0	neg 1.0	neg 0.7041593941358509 off 0.27580419838356085 __DUMMY__ 0.02003640748058823	false	1.0
traurig	neg 1.0		off 0.523125199184579 neg 0.4349417605906645 __DUMMY__ 0.04193304022475636	false	0.5
senkung	neg 1.0		off 0.5153617534663683 neg 0.4426385673327255 __DUMMY__ 0.04199967920090623	false	0.5
ungleich	neg 1.0	neg 1.0	neg 0.7089856559897849 off 0.2707239188314541 __DUMMY__ 0.020290425178761035	false	1.0
heikel	neg 1.0		off 0.5091109326546039 neg 0.4484752796149389 __DUMMY__ 0.04241378773045725	false	0.5
drosselung	neg 1.0		off 0.5210847733173906 neg 0.4368821822409064 __DUMMY__ 0.04203304444170305	false	0.5
falsch	neg 1.0		off 0.517856266028705 neg 0.44009887273488635 __DUMMY__ 0.04204486123640865	false	0.5
unzufriedenheit	neg 1.0		off 0.5089519351160842 neg 0.44844389800249124 __DUMMY__ 0.04260416688142456	false	0.5
kurz	neg 1.0		off 0.5152637167817239 neg 0.4421448620550362 __DUMMY__ 0.04259142116323972	false	0.5
unsinnig	neg 1.0		off 0.5118033408646966 neg 0.44595733863235204 __DUMMY__ 0.04223932050295145	false	0.5
penner	off 1.0	off 1.0	off 0.7500406526712939 neg 0.23010328249646406 __DUMMY__ 0.019856064832242032	false	1.0
seicht	neg 1.0		off 0.5262994834922881 neg 0.43235276386127575 __DUMMY__ 0.04134775264643615	false	0.5
dummheit	off 1.0	off 1.0	off 0.7448099400747078 neg 0.2351000781342842 __DUMMY__ 0.020089981791008002	false	1.0
unerfreulich	neg 1.0		off 0.5095440865621901 neg 0.44789042388440226 __DUMMY__ 0.04256548955340777	false	0.5
motherfucker	off 1.0	off 1.0	off 0.747915817253746 neg 0.23200351744416833 __DUMMY__ 0.02008066530208567	false	1.0
pikiert	neg 1.0		off 0.5196100774683238 neg 0.43843814713213314 __DUMMY__ 0.041951775399543215	false	0.5
wrack	neg 1.0		off 0.5144641119967577 neg 0.44293567654259325 __DUMMY__ 0.042600211460649066	false	0.5
gangster	neg 1.0		off 0.519093593885188 neg 0.4386274682686112 __DUMMY__ 0.042278937846200744	false	0.5
krank	neg 1.0		off 0.5216733441985676 neg 0.4362475705671806 __DUMMY__ 0.04207908523425191	false	0.5
reich	neg 1.0		off 0.5223115763244638 neg 0.4353975028468533 __DUMMY__ 0.04229092082868281	false	0.5
gnadenlos	neg 1.0		off 0.5155462145229384 neg 0.4422055649408207 __DUMMY__ 0.04224822053624095	false	0.5
niedergeschlagen	neg 1.0		off 0.5145214751630792 neg 0.4429759205168464 __DUMMY__ 0.04250260432007444	false	0.5
terrorisieren	off 1.0	off 1.0	off 0.7421415679874404 neg 0.23749259277097004 __DUMMY__ 0.0203658392415896	false	1.0
sinnlosigkeit	neg 1.0		off 0.5122470932877602 neg 0.44537427840133004 __DUMMY__ 0.0423786283109097	false	0.5
behindern	neg 1.0		off 0.5149641002487689 neg 0.4425813100756629 __DUMMY__ 0.04245458967556815	false	0.5
undemokratisch	neg 1.0		off 0.5151028124915185 neg 0.44265001241601265 __DUMMY__ 0.0422471750924688	false	0.5
wirtschaftskrise	neg 1.0		off 0.5108658073072571 neg 0.44671633604712846 __DUMMY__ 0.042417856645614475	false	0.5
neid	neg 1.0		off 0.5196010674909849 neg 0.43817435262966303 __DUMMY__ 0.04222457987935216	false	0.5
rutschen	neg 1.0		off 0.5105496287101248 neg 0.4463533738327666 __DUMMY__ 0.043096997457108537	false	0.5
rezession	neg 1.0		off 0.5192809503774857 neg 0.43920538120296476 __DUMMY__ 0.04151366841954935	false	0.5
fehlgeburt	neg 1.0		off 0.5180636346664966 neg 0.4395602996961297 __DUMMY__ 0.04237606563737361	false	0.5
charakterschwach	off 1.0		off 0.5194538904421914 neg 0.43868451317393375 __DUMMY__ 0.0418615963838747	false	1.0
isolation	neg 1.0		off 0.5187384878640279 neg 0.4390692323235178 __DUMMY__ 0.04219227981245431	false	0.5
ablenkung	neg 1.0		off 0.5156519456829515 neg 0.4419395549102753 __DUMMY__ 0.04240849940677312	false	0.5
pech	neg 1.0		off 0.5174570231226056 neg 0.4405015850404422 __DUMMY__ 0.042041391836952366	false	0.5
vermeidung	neg 1.0		off 0.5221495832685745 neg 0.43573098799005366 __DUMMY__ 0.04211942874137187	false	0.5
dominieren	neg 1.0		off 0.5121463550904469 neg 0.4452454762864777 __DUMMY__ 0.04260816862307533	false	0.5
schwindlig	neg 1.0		off 0.5183706416681666 neg 0.4392886634705427 __DUMMY__ 0.04234069486129077	false	0.5
lutscher	neg 1.0		off 0.5274673747526497 neg 0.43114379566817196 __DUMMY__ 0.04138882957917839	false	0.5
pflicht	neg 1.0		off 0.508303356750325 neg 0.4491948988063919 __DUMMY__ 0.0425017444432831	false	0.5
faschist	off 1.0		off 0.5179400471740901 neg 0.43988782639703167 __DUMMY__ 0.04217212642887809	false	1.0
verschleudern	neg 1.0		off 0.5089849876518502 neg 0.44860162836286716 __DUMMY__ 0.04241338398528261	false	0.5
wenn			off 0.5188674027421196 neg 0.4390122055399282 __DUMMY__ 0.04212039171795218	false	0.0
ehebruch	neg 1.0		off 0.5121445109844035 neg 0.44533128128508326 __DUMMY__ 0.04252420773051317	false	0.5
spott	off 1.0		off 0.5105946648464322 neg 0.44695603227438657 __DUMMY__ 0.04244930287918142	false	1.0
trostlosigkeit	neg 1.0		off 0.5107286724133596 neg 0.4464792151278398 __DUMMY__ 0.04279211245880068	false	0.5
lutschen	neg 1.0		off 0.5181248176156592 neg 0.43976200501426216 __DUMMY__ 0.0421131773700788	false	0.5
undiszipliniert	neg 1.0		off 0.5217828784783807 neg 0.43634439655755786 __DUMMY__ 0.04187272496406151	false	0.5
kopfschmerz	neg 1.0		off 0.5127183313388942 neg 0.44489100022188943 __DUMMY__ 0.04239066843921643	false	0.5
unvorhergesehen	neg 1.0		off 0.5131140526749246 neg 0.4440692466626334 __DUMMY__ 0.04281670066244206	false	0.5
desinteressiert	neg 1.0		off 0.521348760977783 neg 0.4367467511440723 __DUMMY__ 0.04190448787814475	false	0.5
armselig	off 1.0		off 0.5209911176742367 neg 0.4372971103279101 __DUMMY__ 0.04171177199785329	false	1.0
desaster	neg 1.0		off 0.5077053732180862 neg 0.4496065577438522 __DUMMY__ 0.042688069038061736	false	0.5
tod	neg 1.0		off 0.5166347526768691 neg 0.4404749804518852 __DUMMY__ 0.042890266871245586	false	0.5
herzlos	neg 1.0		off 0.5223623172366196 neg 0.43579180991765015 __DUMMY__ 0.04184587284573029	false	0.5
unwissenheit	neg 1.0		off 0.5118384666540061 neg 0.4457771306699994 __DUMMY__ 0.04238440267599443	false	0.5
widersinnig	neg 1.0		off 0.5094895912781268 neg 0.4483578086953402 __DUMMY__ 0.04215260002653307	false	0.5
bedenklich	neg 1.0		off 0.5103871623816824 neg 0.44723946327322217 __DUMMY__ 0.04237337434509541	false	0.5
beanstanden	neg 1.0		off 0.5083540482453868 neg 0.44909270413659375 __DUMMY__ 0.04255324761801952	false	0.5
panisch	neg 1.0	neg 1.0	neg 0.703173749006042 off 0.2765142220395026 __DUMMY__ 0.020312028954455396	false	1.0
debil	off 1.0		off 0.507067307807183 neg 0.4497819401712619 __DUMMY__ 0.043150752021555036	false	1.0
abstrich	neg 1.0		off 0.5199272117312266 neg 0.4371594402479205 __DUMMY__ 0.04291334802085276	false	0.5
primitiv	neg 1.0		off 0.5197208773825501 neg 0.43844822249761045 __DUMMY__ 0.04183090011983938	false	0.5
abschaum	off 1.0	off 1.0	off 0.7463252677809078 neg 0.23361003159438778 __DUMMY__ 0.020064700624704276	false	1.0
provozieren	neg 1.0		off 0.5140984650967775 neg 0.44376755159214676 __DUMMY__ 0.042133983311075734	false	0.5
tot	neg 1.0		off 0.5125764223557444 neg 0.44496523130436655 __DUMMY__ 0.042458346339889035	false	0.5
instabil	neg 1.0		off 0.5213935013513451 neg 0.4367917226923299 __DUMMY__ 0.041814775956325	false	0.5
schwuchtel	off 1.0	off 1.0	off 0.7520839931096462 neg 0.22829357941867898 __DUMMY__ 0.019622427471674878	false	1.0
zerren	neg 1.0		off 0.513753791414234 neg 0.4437362446490429 __DUMMY__ 0.04250996393672303	false	0.5
kinderficker	off 1.0		off 0.5251203757420794 neg 0.43313663559334775 __DUMMY__ 0.041742988664572954	false	1.0
gefahr	neg 1.0		off 0.509886695093451 neg 0.4473982112443292 __DUMMY__ 0.04271509366221979	false	0.5
rabiat	neg 1.0		off 0.5153198900384863 neg 0.442314733143097 __DUMMY__ 0.04236537681841667	false	0.5
verlangsamung	neg 1.0		off 0.5245593468098377 neg 0.4339815042766913 __DUMMY__ 0.04145914891347089	false	0.5
ausgestorben	neg 1.0		off 0.5155980670557927 neg 0.441963746578435 __DUMMY__ 0.04243818636577219	false	0.5
anklagen	neg 1.0		off 0.5120786308656622 neg 0.4454400372213562 __DUMMY__ 0.04248133191298152	false	0.5
trott	neg 1.0		off 0.5151758005417719 neg 0.4423928719981183 __DUMMY__ 0.04243132746010975	false	0.5
verminderung	neg 1.0		off 0.5214615600350728 neg 0.43653535660730086 __DUMMY__ 0.04200308335762627	false	0.5
nach			off 0.5087216041094852 neg 0.448183887009866 __DUMMY__ 0.043094508880648794	false	0.0
rost	neg 1.0		off 0.5251492435000714 neg 0.4331730061378978 __DUMMY__ 0.04167775036203066	false	0.5
destruktiv	neg 1.0		off 0.5132295979895591 neg 0.4445517504908919 __DUMMY__ 0.04221865151954884	false	0.5
unzumutbarkeit	neg 1.0		off 0.5211391360286628 neg 0.4367061031627806 __DUMMY__ 0.04215476080855674	false	0.5
labil	off 1.0	off 1.0	off 0.7462634374406131 neg 0.23361965470547305 __DUMMY__ 0.02011690785391379	false	1.0
ziemlich	neg 1.0		off 0.5211604137815227 neg 0.43673239625762983 __DUMMY__ 0.042107189960847474	false	0.5
lachnummer	off 1.0		off 0.5139971649708447 neg 0.4437968894008402 __DUMMY__ 0.042205945628315186	false	1.0
oder			off 0.5165173553851415 neg 0.44110340853241364 __DUMMY__ 0.04237923608244466	false	0.0
verfall	neg 1.0		off 0.5060469539164839 neg 0.45111325349712267 __DUMMY__ 0.04283979258639337	false	0.5
ausgrenzung	neg 1.0		off 0.5161229698959943 neg 0.4416183065080869 __DUMMY__ 0.0422587235959188	false	0.5
unordnung	neg 1.0		off 0.5253706189928237 neg 0.43242298615618574 __DUMMY__ 0.04220639485099077	false	0.5
fehlverhalten	neg 1.0		off 0.5083812352403146 neg 0.449198067711602 __DUMMY__ 0.04242069704808332	false	0.5
eine			off 0.5106037685980218 neg 0.4466850154270441 __DUMMY__ 0.042711215974934054	false	0.0
nille	neg 1.0		off 0.5157828322824493 neg 0.4417147932364589 __DUMMY__ 0.042502374481091974	false	0.5
qual	neg 1.0		off 0.5149657426395666 neg 0.44256792132377504 __DUMMY__ 0.04246633603665829	false	0.5
verschwenden	neg 1.0		off 0.5096883056852229 neg 0.4479267192758005 __DUMMY__ 0.042384975038976556	false	0.5
riesig	neg 1.0		off 0.5136159672830082 neg 0.44370190752875005 __DUMMY__ 0.042682125188241715	false	0.5
verurteilen	neg 1.0		off 0.5109784925755945 neg 0.4467060005785426 __DUMMY__ 0.04231550684586289	false	0.5
klischee	neg 1.0	neg 1.0	neg 0.7047025064846917 off 0.2752171983698596 __DUMMY__ 0.020080295145448686	false	1.0
diktatorisch	neg 1.0		off 0.5147602848612847 neg 0.4430500891102587 __DUMMY__ 0.042189626028456495	false	0.5
vorhersehbar	neg 1.0		off 0.5157897495928866 neg 0.4422339713767138 __DUMMY__ 0.041976279030399695	false	0.5
sowie			off 0.524317717454116 neg 0.43394364545764136 __DUMMY__ 0.04173863708824259	false	0.0
stornieren	neg 1.0		off 0.5206243762594808 neg 0.43675405456625377 __DUMMY__ 0.04262156917426562	false	0.5
besteuerung	neg 1.0		off 0.5129720289223456 neg 0.444969950030296 __DUMMY__ 0.042058021047358445	false	0.5
ungeschminkt	neg 1.0		off 0.5189106404782966 neg 0.439319464678454 __DUMMY__ 0.04176989484324928	false	0.5
kritisch	neg 1.0		off 0.5104795604292344 neg 0.4470981005551953 __DUMMY__ 0.042422339015570396	false	0.5
schlamperei	off 1.0		off 0.510483957987629 neg 0.44691365780184644 __DUMMY__ 0.04260238421052439	false	1.0
sucht	neg 1.0	neg 1.0	neg 0.7019342386907793 off 0.2775219864105742 __DUMMY__ 0.020543774898646432	false	1.0
egoistisch	off 1.0		off 0.5235876742934076 neg 0.4348457286177646 __DUMMY__ 0.041566597088827865	false	1.0
ausbeuter	off 1.0		off 0.507803894929734 neg 0.4498327040792639 __DUMMY__ 0.04236340099100219	false	1.0
arschgeburt	off 1.0		off 0.5292419807305945 neg 0.42969286537752455 __DUMMY__ 0.04106515389188093	false	1.0
schubs	neg 1.0		off 0.5131420859917734 neg 0.44443672067397194 __DUMMY__ 0.0424211933342548	false	0.5
unsolide	neg 1.0		off 0.5143836288245378 neg 0.443565355649169 __DUMMY__ 0.042051015526293305	false	0.5
beschwerde	neg 1.0		off 0.5098484226243502 neg 0.44772237594339975 __DUMMY__ 0.04242920143225002	false	0.5
stocken	neg 1.0		off 0.5110959740699499 neg 0.4462982052549618 __DUMMY__ 0.04260582067508842	false	0.5
isolieren	neg 1.0		off 0.5118972910118114 neg 0.4456287455662817 __DUMMY__ 0.04247396342190689	false	0.5
unheilbar	neg 1.0		off 0.5163782948971473 neg 0.44118672659193514 __DUMMY__ 0.04243497851091742	false	0.5
pisser	off 1.0		off 0.5216215404121072 neg 0.4365544338893464 __DUMMY__ 0.04182402569854645	false	1.0
löschen	neg 1.0		off 0.5158232449337149 neg 0.4417288882568452 __DUMMY__ 0.04244786680943977	false	0.5
durchfallen	neg 1.0		off 0.5097349747330047 neg 0.448009672291314 __DUMMY__ 0.04225535297568136	false	0.5
wichser	off 1.0	off 1.0	off 0.7514612882537868 neg 0.22877482239667213 __DUMMY__ 0.019763889349541052	false	1.0
terror	neg 1.0		off 0.5187780541816291 neg 0.43893587321881555 __DUMMY__ 0.04228607259955536	false	0.5
krass	neg 1.0		off 0.5227473622953723 neg 0.43548067781719974 __DUMMY__ 0.04177195988742792	false	0.5
revolte	neg 1.0		off 0.517062171116067 neg 0.4406596784262214 __DUMMY__ 0.042278150457711584	false	0.5
besorgt	neg 1.0		off 0.516688667957512 neg 0.4405484840142102 __DUMMY__ 0.042762848028277844	false	0.5
nachlassen	neg 1.0		off 0.5130275873506499 neg 0.4441904830612695 __DUMMY__ 0.042781929588080594	false	0.5
alt	neg 1.0		off 0.5129159822982526 neg 0.444611250717541 __DUMMY__ 0.04247276698420632	false	0.5
hundesohn	off 1.0		off 0.5278087698728988 neg 0.43076618969771174 __DUMMY__ 0.04142504042938937	false	1.0
als			off 0.5125970270300997 neg 0.44498591243496116 __DUMMY__ 0.04241706053493913	false	0.0
abschreckung	neg 1.0		off 0.5088817649381594 neg 0.44849047291342237 __DUMMY__ 0.04262776214841822	false	0.5
unqualifiziert	neg 1.0		off 0.516273552877889 neg 0.44181807765692305 __DUMMY__ 0.04190836946518799	false	0.5
abgewichst	off 1.0		off 0.5151623352625561 neg 0.44230449881230144 __DUMMY__ 0.0425331659251427	false	1.0
schwer	neg 1.0		off 0.5135509727765473 neg 0.4441582190906504 __DUMMY__ 0.04229080813280231	false	0.5
bedeutungslosigkeit	neg 1.0		off 0.5092538637257068 neg 0.44822111230750067 __DUMMY__ 0.04252502396679254	false	0.5
kapitulation	neg 1.0		off 0.5114938432904287 neg 0.4459491231535509 __DUMMY__ 0.04255703355602057	false	0.5
unscharf	neg 1.0		off 0.5160654748809691 neg 0.44186955493210467 __DUMMY__ 0.04206497018692634	false	0.5
schwinden	neg 1.0		off 0.5106792448439955 neg 0.4466352470831033 __DUMMY__ 0.04268550807290125	false	0.5
versklavung	neg 1.0		off 0.5165820382343215 neg 0.44101009186547857 __DUMMY__ 0.04240786990019987	false	0.5
schlecht	neg 1.0		off 0.5213103426190654 neg 0.43658578102325507 __DUMMY__ 0.04210387635767967	false	0.5
verhasst	neg 1.0		off 0.513860127123705 neg 0.4441070665547072 __DUMMY__ 0.04203280632158771	false	0.5
beschweren	neg 1.0		off 0.5165075426191044 neg 0.4412759405431732 __DUMMY__ 0.04221651683772247	false	0.5
scheiden	neg 1.0		off 0.5165346259508744 neg 0.44096911715750925 __DUMMY__ 0.042496256891616443	false	0.5
frustriert	neg 1.0		off 0.5126185307239358 neg 0.44505740495884755 __DUMMY__ 0.042324064317216636	false	0.5
schimmelig	neg 1.0		off 0.5106899053311158 neg 0.4470242721187862 __DUMMY__ 0.0422858225500979	false	0.5
fisch	neg 1.0		off 0.5084998782700753 neg 0.44902704301900787 __DUMMY__ 0.04247307871091693	false	0.5
schmuggel	neg 1.0		off 0.5109931828122698 neg 0.4463938921305834 __DUMMY__ 0.042612925057146735	false	0.5
auffallen	neg 1.0		off 0.5173270398662647 neg 0.44049048252149337 __DUMMY__ 0.04218247761224191	false	0.5
konkurrenz	neg 1.0		off 0.5085073626642383 neg 0.44885065553701087 __DUMMY__ 0.0426419817987509	false	0.5
teufelskreis	neg 1.0		off 0.5135212198118814 neg 0.44420961982003093 __DUMMY__ 0.04226916036808771	false	0.5
aufschreien	neg 1.0		off 0.5165215708040491 neg 0.44138896998010263 __DUMMY__ 0.042089459215848155	false	0.5
schuldner	neg 1.0		off 0.5079902166521825 neg 0.4495454138153658 __DUMMY__ 0.04246436953245167	false	0.5
missgeburt	off 1.0	off 1.0	off 0.7491378900597159 neg 0.23102824840306696 __DUMMY__ 0.019833861537217088	false	1.0
arbeitslos	neg 1.0		off 0.509952673843552 neg 0.44781339399925674 __DUMMY__ 0.04223393215719121	false	0.5
befallen	neg 1.0		off 0.515588187422567 neg 0.4418128208279119 __DUMMY__ 0.042598991749520976	false	0.5
miesepetrig	off 1.0	off 1.0	off 0.7468176062227032 neg 0.23308848411075253 __DUMMY__ 0.020093909666544237	false	1.0
alarmieren	neg 1.0		off 0.518239273103493 neg 0.43971326176858744 __DUMMY__ 0.04204746512791957	false	0.5
ungeduscht	off 1.0		off 0.5180010050965804 neg 0.4400018948901046 __DUMMY__ 0.04199710001331497	false	1.0
knappheit	neg 1.0		off 0.5095495160340675 neg 0.44819664884381893 __DUMMY__ 0.04225383512211362	false	0.5
schlange	neg 1.0		off 0.5191555990822176 neg 0.4383133159042743 __DUMMY__ 0.04253108501350813	false	0.5
harsch	neg 1.0		off 0.5267371976598089 neg 0.43122479331230584 __DUMMY__ 0.04203800902788527	false	0.5
lang	neg 1.0		off 0.5168235812758761 neg 0.4407508785510534 __DUMMY__ 0.04242554017307044	false	0.5
ziellos	neg 1.0		off 0.5129599435707055 neg 0.44442384804770346 __DUMMY__ 0.042616208381591025	false	0.5
selbstverliebt	neg 1.0		off 0.5277065535338684 neg 0.431067566673839 __DUMMY__ 0.041225879792292607	false	0.5
beseitigen	neg 1.0		off 0.5147284875878313 neg 0.4427425650969778 __DUMMY__ 0.0425289473151909	false	0.5
dumm	off 1.0		off 0.5250094954811406 neg 0.4333855289590028 __DUMMY__ 0.04160497555985664	false	1.0
arbeitsloser	neg 1.0		off 0.5116259338289907 neg 0.44596627706286396 __DUMMY__ 0.04240778910814537	false	0.5
blitzen	neg 1.0		off 0.5188121192712434 neg 0.4389151059031016 __DUMMY__ 0.04227277482565502	false	0.5
hilflos	neg 1.0		off 0.512534642618517 neg 0.4450935478377355 __DUMMY__ 0.04237180954374739	false	0.5
eklig	off 1.0		off 0.5245680568146157 neg 0.4339695849753372 __DUMMY__ 0.04146235821004711	false	1.0
begriff			off 0.5135779565593297 neg 0.4441024232445221 __DUMMY__ 0.04231962019614806	false	0.0
hungersnot	neg 1.0		off 0.5140751721775945 neg 0.4433136580296203 __DUMMY__ 0.04261116979278512	false	0.5
ungesetzlich	neg 1.0		off 0.5123303151604415 neg 0.4456649802662417 __DUMMY__ 0.04200470457331679	false	0.5
verschwendung	neg 1.0		off 0.5105340414910939 neg 0.446928747283479 __DUMMY__ 0.04253721122542709	false	0.5
schmerzvoll	neg 1.0		off 0.5169120838374062 neg 0.4407999116677624 __DUMMY__ 0.04228800449483146	false	0.5
vorzeitig	neg 1.0		off 0.51880173732153 neg 0.43889129409777794 __DUMMY__ 0.04230696858069212	false	0.5
unvollkommenheit	neg 1.0		off 0.5152911025597586 neg 0.44193798773332027 __DUMMY__ 0.04277090970692116	false	0.5
intervenieren	neg 1.0		off 0.5090401359061814 neg 0.4485345288325871 __DUMMY__ 0.04242533526123161	false	0.5
banause	off 1.0		off 0.5257179146304249 neg 0.43306408809981467 __DUMMY__ 0.041217997269760304	false	1.0
rebell	neg 1.0		off 0.5072750114778585 neg 0.450017438751851 __DUMMY__ 0.042707549770290607	false	0.5
unlogisch	neg 1.0		off 0.5207600939714639 neg 0.4375227557249099 __DUMMY__ 0.04171715030362611	false	0.5
leiden	neg 1.0		off 0.5110291727698801 neg 0.4462605997119697 __DUMMY__ 0.04271022751815012	false	0.5
abschaffung	neg 1.0		off 0.5143906907041051 neg 0.44334708642487425 __DUMMY__ 0.04226222287102065	false	0.5
sturz	neg 1.0		off 0.5167156861840159 neg 0.44077491614958075 __DUMMY__ 0.042509397666403353	false	0.5
verkleinerung	neg 1.0		off 0.5144131374149693 neg 0.4437040514568045 __DUMMY__ 0.04188281112822621	false	0.5
schmarotzer	off 1.0		off 0.5098993552639997 neg 0.44797833482850724 __DUMMY__ 0.042122309907493084	false	1.0
bestrafung	neg 1.0		off 0.5165363827080467 neg 0.4411116792306348 __DUMMY__ 0.04235193806131838	false	0.5
achtlos	neg 1.0	neg 1.0	neg 0.7056442719807917 off 0.27404826432334584 __DUMMY__ 0.020307463695862345	false	1.0
ungeheuer	neg 1.0		off 0.5184392286287529 neg 0.43923513131584807 __DUMMY__ 0.04232564005539903	false	0.5
unaufrichtig	neg 1.0		off 0.5193732278916962 neg 0.4382777459336354 __DUMMY__ 0.04234902617466833	false	0.5
groggy	neg 1.0		off 0.5187112481919255 neg 0.43900224567925705 __DUMMY__ 0.042286506128817444	false	0.5
verletzlich	neg 1.0		off 0.5194578965557879 neg 0.43867788870140784 __DUMMY__ 0.041864214742804336	false	0.5
