unsolidarisch	neg 1.0		__DUMMY__ 0.8833641870634369 off 0.061311998170414515 neg 0.055323814766148637	false	0.5
nachteilig	neg 1.0		__DUMMY__ 0.889054741666327 off 0.05701578678279543 neg 0.05392947155087756	false	0.5
skeptisch	neg 1.0		__DUMMY__ 0.8891518712893711 off 0.056605413863532406 neg 0.05424271484709643	false	0.5
schrecklich	neg 1.0		__DUMMY__ 0.8801876727219738 off 0.07011258605579104 neg 0.04969974122223507	false	0.5
schlapp	neg 1.0		__DUMMY__ 0.8836993627935013 off 0.06604094747116807 neg 0.05025968973533069	false	0.5
abfall	neg 1.0		__DUMMY__ 0.8941166473360809 off 0.05316114545273733 neg 0.05272220721118179	false	0.5
widerspenstig	neg 1.0		__DUMMY__ 0.8874942721792949 off 0.06115557582491723 neg 0.05135015199578793	false	0.5
abrupt	neg 1.0		__DUMMY__ 0.8927963888834654 off 0.056930736119449724 neg 0.050272874997084854	false	0.5
unwirksam	neg 1.0		__DUMMY__ 0.8821788611848792 off 0.060916464076927745 neg 0.056904674738193106	false	0.5
angreifen	neg 1.0		__DUMMY__ 0.8893651257173695 off 0.056664259952582334 neg 0.05397061433004819	false	0.5
inkonsistent	neg 1.0		__DUMMY__ 0.8858989614602628 off 0.06181410652293471 neg 0.05228693201680238	false	0.5
abrutschen	neg 1.0		__DUMMY__ 0.8912736234078452 neg 0.055069142461800606 off 0.05365723413035416	false	1.0
unsicher	neg 1.0		__DUMMY__ 0.8878171835275368 off 0.06111802808774098 neg 0.05106478838472217	false	0.5
bauernkind	off 1.0	off 1.0	off 0.5236326702333821 __DUMMY__ 0.43341387125905073 neg 0.04295345850756719	false	1.0
angreifer	neg 1.0	neg 1.0	neg 0.5068453865833524 __DUMMY__ 0.4454727583993134 off 0.047681855017334185	false	1.0
trennen	neg 1.0		__DUMMY__ 0.8928763299397235 off 0.05606663866382926 neg 0.05105703139644714	false	0.5
schmutz	neg 1.0		__DUMMY__ 0.8927230798041721 off 0.06237694121892043 neg 0.04489997897690748	false	0.5
inkonsistenz	neg 1.0		__DUMMY__ 0.8777196551064981 off 0.06653900608795105 neg 0.055741338805550905	false	0.5
erschreckend	neg 1.0		__DUMMY__ 0.8857376898465701 off 0.060644836254021964 neg 0.053617473899408	false	0.5
ertrinken	neg 1.0		__DUMMY__ 0.8914260720807806 off 0.05690967403846895 neg 0.051664253880750376	false	0.5
pickelface	off 1.0		__DUMMY__ 0.8888267725460834 off 0.06025694731817526 neg 0.05091628013574132	false	1.0
seiner			__DUMMY__ 0.8898860888009169 off 0.05687360184154133 neg 0.05324030935754175	false	0.0
lauch	neg 1.0		__DUMMY__ 0.8938979987716468 off 0.053870667241070494 neg 0.05223133398728275	false	0.5
unwichtig	neg 1.0		__DUMMY__ 0.8815255783839986 off 0.0660416919846103 neg 0.052432729631391096	false	0.5
steuerhinterziehung	neg 1.0	neg 1.0	neg 0.510984564940755 __DUMMY__ 0.44440766646391927 off 0.04460776859532581	false	1.0
schock	neg 1.0		__DUMMY__ 0.8888771030946887 off 0.06030742129891137 neg 0.05081547560639999	false	0.5
beule	neg 1.0		__DUMMY__ 0.8827670349035924 off 0.0669685449895621 neg 0.05026442010684538	false	0.5
vergelten	neg 1.0		__DUMMY__ 0.8838300700137588 off 0.06903461587272783 neg 0.047135314113513425	false	0.5
verdorbenheit	neg 1.0		__DUMMY__ 0.8899497373021208 off 0.061328702099735115 neg 0.048721560598144156	false	0.5
trauma	neg 1.0		__DUMMY__ 0.886873908082784 off 0.062096867071390796 neg 0.05102922484582518	false	0.5
sinnlos	neg 1.0		__DUMMY__ 0.8856925216367246 off 0.06340611696854465 neg 0.050901361394730754	false	0.5
fettsack	off 1.0	off 1.0	off 0.5245097572925534 __DUMMY__ 0.43491514901306416 neg 0.0405750936943825	false	1.0
feige	off 1.0	off 1.0	off 0.5205128624745564 __DUMMY__ 0.43889886201854345 neg 0.04058827550690006	false	1.0
abdanken	neg 1.0		__DUMMY__ 0.8876220675123782 off 0.06084039508783071 neg 0.05153753739979112	false	0.5
wichtigtuer	off 1.0	off 1.0	off 0.5186615369108496 __DUMMY__ 0.4407869835191658 neg 0.0405514795699846	false	1.0
misslingen	neg 1.0		__DUMMY__ 0.8920886730486689 off 0.0612063041228933 neg 0.04670502282843785	false	0.5
untreu	off 1.0		__DUMMY__ 0.8825121415808518 off 0.06646183786572765 neg 0.05102602055342052	false	1.0
missmutig	neg 1.0		__DUMMY__ 0.884623113166524 off 0.06569785501787655 neg 0.04967903181559954	false	0.5
hurenbock	off 1.0		__DUMMY__ 0.8891953266260897 off 0.06275678631992285 neg 0.04804788705398744	false	1.0
betrunken	neg 1.0		__DUMMY__ 0.8827625029398232 off 0.06777706667472377 neg 0.04946043038545301	false	0.5
korrupt	off 1.0		__DUMMY__ 0.884702714290497 off 0.05915532020915923 neg 0.05614196550034384	false	1.0
unmut	neg 1.0		__DUMMY__ 0.8921086186452553 neg 0.054062618438240145 off 0.05382876291650469	false	1.0
hackfresse	off 1.0		__DUMMY__ 0.8762728841075434 off 0.07356528673026505 neg 0.050161829162191564	false	1.0
aufblasen	neg 1.0		__DUMMY__ 0.8872589895844314 off 0.06284073463489571 neg 0.04990027578067283	false	0.5
gewaltsam	neg 1.0		__DUMMY__ 0.8895572051919894 off 0.05973002821706876 neg 0.05071276659094174	false	0.5
unbeliebtheit	neg 1.0		__DUMMY__ 0.8804303001384853 off 0.06518337150182613 neg 0.05438632835968848	false	0.5
sturheit	neg 1.0		__DUMMY__ 0.8866727715682239 off 0.060159838375450414 neg 0.053167390056325696	false	0.5
kuh	neg 1.0		__DUMMY__ 0.8800679631994379 off 0.06325762609231868 neg 0.05667441070824327	false	0.5
erschrecken	neg 1.0		__DUMMY__ 0.8857240889020386 off 0.06544445967294787 neg 0.048831451425013654	false	0.5
opfer	neg 1.0		__DUMMY__ 0.8894093613802524 off 0.05798216808377012 neg 0.05260847053597743	false	0.5
sinken	neg 1.0		__DUMMY__ 0.892862209636338 off 0.05423901318187911 neg 0.052898777181782916	false	0.5
stinktier	neg 1.0		__DUMMY__ 0.8735831844542779 off 0.07089882856941353 neg 0.055517986976308706	false	0.5
tucke	off 1.0		__DUMMY__ 0.8752648404357235 off 0.07461532553622985 neg 0.05011983402804665	false	1.0
ein			__DUMMY__ 0.8863958623792779 off 0.06199020001952778 neg 0.05161393760119425	false	0.0
abstieg	neg 1.0		__DUMMY__ 0.8901027630244815 off 0.05687607638845597 neg 0.05302116058706241	false	0.5
missverstehen	neg 1.0		__DUMMY__ 0.8817976501998396 off 0.06429532046226485 neg 0.053907029337895505	false	0.5
ergebnislos	neg 1.0		__DUMMY__ 0.8903363451873801 off 0.056592146178416104 neg 0.0530715086342038	false	0.5
unter			__DUMMY__ 0.8983156626842271 neg 0.05281492732003751 off 0.04886940999573536	false	0.0
manipulieren	neg 1.0		__DUMMY__ 0.8911763888572835 off 0.05625411222873977 neg 0.052569498913976775	false	0.5
unbewiesen	neg 1.0		__DUMMY__ 0.8824562923391678 off 0.0613148279077747 neg 0.056228879753057515	false	0.5
verschleppen	neg 1.0		__DUMMY__ 0.8880729878798971 off 0.058314335789390534 neg 0.05361267633071236	false	0.5
weib	off 1.0		__DUMMY__ 0.8725605124171877 off 0.07437836260396395 neg 0.053061124978848434	false	1.0
opposition	neg 1.0		__DUMMY__ 0.8841342811172389 off 0.06251934306123051 neg 0.053346375821530664	false	0.5
verkehrswidrig	neg 1.0		__DUMMY__ 0.884859735436754 off 0.06963007897302195 neg 0.04551018559022399	false	0.5
inkorrekt	neg 1.0		__DUMMY__ 0.8780083678570149 off 0.06977972477135622 neg 0.05221190737162883	false	0.5
vermeiden	neg 1.0		__DUMMY__ 0.8941082705178489 neg 0.05392976049837849 off 0.0519619689837725	false	1.0
abweichung	neg 1.0		__DUMMY__ 0.8880891693317227 off 0.057693982284455256 neg 0.05421684838382218	false	0.5
alkoholisiert	neg 1.0		__DUMMY__ 0.8912806365864876 off 0.0562397272642121 neg 0.052479636149300235	false	0.5
scheiss	off 1.0	off 1.0	off 0.5203398086064391 __DUMMY__ 0.4403928436556833 neg 0.03926734773787749	false	1.0
herausforderung	neg 1.0		__DUMMY__ 0.8909021246221074 off 0.056362789322016514 neg 0.05273508605587608	false	0.5
pervers	off 1.0		__DUMMY__ 0.8732405629685541 off 0.07694281691468507 neg 0.04981662011676071	false	1.0
wackelig	neg 1.0		__DUMMY__ 0.8916854825292924 off 0.05895074989769392 neg 0.0493637675730138	false	0.5
verwickeln	neg 1.0		__DUMMY__ 0.8822742462736936 off 0.0637921003454735 neg 0.05393365338083305	false	0.5
vorwand	neg 1.0		__DUMMY__ 0.8897763360103904 off 0.056154696317608284 neg 0.054068967672001374	false	0.5
muschi	off 1.0		__DUMMY__ 0.8883470238361733 off 0.06044116801554812 neg 0.05121180814827853	false	1.0
entmutigung	neg 1.0		__DUMMY__ 0.8853153562065161 off 0.06255098930062503 neg 0.05213365449285884	false	0.5
unangemessen	neg 1.0		__DUMMY__ 0.884524462227401 off 0.0598938545880914 neg 0.055581683184507555	false	0.5
unstetig	neg 1.0		__DUMMY__ 0.8852985281051751 off 0.0634252205555363 neg 0.051276251339288606	false	0.5
entmutigen	neg 1.0		__DUMMY__ 0.8863882685375581 off 0.062122219129203175 neg 0.05148951233323865	false	0.5
schwanz	neg 1.0		__DUMMY__ 0.89029079408334 off 0.05783035704799144 neg 0.0518788488686685	false	0.5
verbot	neg 1.0		__DUMMY__ 0.8876784049651882 off 0.05872348197652511 neg 0.05359811305828665	false	0.5
leid	neg 1.0		__DUMMY__ 0.8773783766010703 off 0.07165070163833068 neg 0.05097092176059895	false	0.5
archaisch	neg 1.0		__DUMMY__ 0.8873345601002041 off 0.05999010732354707 neg 0.05267533257624879	false	0.5
gegen			__DUMMY__ 0.8918218092841035 off 0.05458095934103747 neg 0.05359723137485899	false	0.0
scheidung	neg 1.0		__DUMMY__ 0.8760476604874621 off 0.0812017503187973 neg 0.04275058919374061	false	0.5
einschlag	neg 1.0		__DUMMY__ 0.8813444720669291 off 0.06888628829063574 neg 0.0497692396424351	false	0.5
m			__DUMMY__ 0.8896873069616459 off 0.05880097173395487 neg 0.05151172130439928	false	0.0
abgestanden	neg 1.0		__DUMMY__ 0.8858714439989414 off 0.06120855876178808 neg 0.05291999723927055	false	0.5
schmierig	off 1.0		__DUMMY__ 0.8801211772654709 off 0.0709366647037531 neg 0.04894215803077606	false	1.0
unpraktisch	neg 1.0		__DUMMY__ 0.8860873858820542 off 0.06241337762032001 neg 0.05149923649762582	false	0.5
wixxer	off 1.0		__DUMMY__ 0.8711929218666702 off 0.07716773008485232 neg 0.05163934804847747	false	1.0
bezeichnet			__DUMMY__ 0.8838984818016682 off 0.061495653632210746 neg 0.054605864566121064	false	0.0
jammerlappen	off 1.0		__DUMMY__ 0.8839436675369863 off 0.06604634430577326 neg 0.050009988157240545	false	1.0
farce	neg 1.0		__DUMMY__ 0.8864176580424753 off 0.05964915753440154 neg 0.053933184423123066	false	0.5
zwecklos	neg 1.0		__DUMMY__ 0.8863685825929017 off 0.059535163333861225 neg 0.05409625407323692	false	0.5
turbulent	neg 1.0		__DUMMY__ 0.882005164926715 off 0.0673456028340435 neg 0.05064923223924152	false	0.5
invasion	neg 1.0		__DUMMY__ 0.8847171870210326 off 0.06310474830400556 neg 0.052178064674961694	false	0.5
schuld	neg 1.0		__DUMMY__ 0.8843599291713379 off 0.062463463835379145 neg 0.05317660699328311	false	0.5
risiko	neg 1.0	neg 1.0	neg 0.5068587831430104 __DUMMY__ 0.4460861650838266 off 0.047055051773163006	false	1.0
finster	neg 1.0		__DUMMY__ 0.883866356601249 off 0.06206534132115056 neg 0.05406830207760035	false	0.5
geisteskrank	off 1.0		__DUMMY__ 0.8782192368732854 off 0.06793986269814845 neg 0.05384090042856614	false	1.0
zusammenbrechen	neg 1.0		__DUMMY__ 0.8878518767501092 off 0.05952876601838753 neg 0.052619357231503176	false	0.5
ausbeute	neg 1.0		__DUMMY__ 0.8964700065656402 off 0.05727128931210409 neg 0.0462587041222557	false	0.5
hinterhalt	neg 1.0		__DUMMY__ 0.8957681696209701 off 0.059204472293375575 neg 0.04502735808565445	false	0.5
kritik	neg 1.0		__DUMMY__ 0.8862398353082035 off 0.05949734742907889 neg 0.05426281726271759	false	0.5
einschrumpfen	neg 1.0		__DUMMY__ 0.8825999216367125 off 0.06515308413518896 neg 0.05224699422809856	false	0.5
riskant	neg 1.0		__DUMMY__ 0.8878552224158139 off 0.05718818375417095 neg 0.05495659383001518	false	0.5
frustrieren	neg 1.0		__DUMMY__ 0.887781667530252 off 0.0580277167926863 neg 0.0541906156770616	false	0.5
groll	neg 1.0		__DUMMY__ 0.886542468597613 off 0.05908042862422022 neg 0.05437710277816685	false	0.5
gibt			__DUMMY__ 0.8878592943917966 off 0.059653373038649246 neg 0.05248733256955418	false	0.0
qualvoll	neg 1.0		__DUMMY__ 0.8861590291469171 off 0.06414830548594681 neg 0.04969266536713596	false	0.5
wackeln	neg 1.0		__DUMMY__ 0.8893786148512032 off 0.06195357729481207 neg 0.04866780785398478	false	0.5
klagen	neg 1.0		__DUMMY__ 0.8908492670570788 neg 0.054591441765393114 off 0.05455929117752819	false	1.0
bankrott	neg 1.0		__DUMMY__ 0.8859190632028079 off 0.06518303791505625 neg 0.04889789888213584	false	0.5
trauern	neg 1.0		__DUMMY__ 0.8923339341199027 off 0.05745735986407118 neg 0.05020870601602607	false	0.5
ablehnung	neg 1.0		__DUMMY__ 0.8860750384615684 off 0.05925034936751104 neg 0.054674612170920525	false	0.5
stur	neg 1.0		__DUMMY__ 0.8839879505667382 off 0.06258316827069202 neg 0.05342888116256991	false	0.5
aufruhr	neg 1.0		__DUMMY__ 0.8878718826239436 off 0.060218572104057 neg 0.05190954527199934	false	0.5
melancholie	neg 1.0		__DUMMY__ 0.8900150601796207 off 0.05786114549675209 neg 0.052123794323627154	false	0.5
ist			__DUMMY__ 0.8854323914268549 off 0.06314105754946489 neg 0.05142655102368027	false	0.0
torheit	neg 1.0		__DUMMY__ 0.8867647124407992 off 0.06166444389190932 neg 0.051570843667291484	false	0.5
dreckskind	off 1.0		__DUMMY__ 0.8748398501254323 off 0.07273654679927719 neg 0.05242360307529051	false	1.0
umtauschen	neg 1.0		__DUMMY__ 0.8874227863984747 off 0.060438970578234254 neg 0.052138243023291043	false	0.5
zum			__DUMMY__ 0.8980775715446293 off 0.05189787299767507 neg 0.05002455545769563	false	0.0
zersetzen	neg 1.0		__DUMMY__ 0.8887236956058746 off 0.05642159650515224 neg 0.054854707888973155	false	0.5
zur			__DUMMY__ 0.8959786484309865 neg 0.052469653997969795 off 0.05155169757104366	false	0.0
frust	neg 1.0		__DUMMY__ 0.8882064542501292 off 0.0595661270991612 neg 0.05222741865070945	false	0.5
unerbittlichkeit	neg 1.0		__DUMMY__ 0.8898068027605885 off 0.056353859335980576 neg 0.05383933790343085	false	0.5
zwei			__DUMMY__ 0.8962920304221389 off 0.05295444158733872 neg 0.050753527990522476	false	0.0
unkorrekt	neg 1.0		__DUMMY__ 0.8795237057874854 off 0.06918011552791895 neg 0.05129617868459568	false	0.5
hexe	off 1.0		__DUMMY__ 0.880572517880745 off 0.0660355056956298 neg 0.05339197642362535	false	1.0
lasch	neg 1.0		__DUMMY__ 0.8812393828721581 off 0.06522388418643005 neg 0.05353673294141177	false	0.5
rivale	neg 1.0		__DUMMY__ 0.881773056674971 off 0.06814399934866057 neg 0.050082943976368394	false	0.5
mutlos	off 1.0	off 1.0	off 0.5135983514830688 __DUMMY__ 0.4445591768905712 neg 0.04184247162636012	false	1.0
wirr	off 1.0		__DUMMY__ 0.8789249267682975 off 0.06999473964250179 neg 0.051080333589200784	false	1.0
jahr			__DUMMY__ 0.8967703538263878 off 0.05526755006602305 neg 0.04796209610758914	false	0.0
wird			__DUMMY__ 0.8881559193512 off 0.05845883531124013 neg 0.053385245337559915	false	0.0
strafbar	neg 1.0		__DUMMY__ 0.8877499153788752 off 0.057662141911099266 neg 0.054587942710025525	false	0.5
erosion	neg 1.0		__DUMMY__ 0.8893263833122914 off 0.06107221904543932 neg 0.049601397642269326	false	0.5
eingehen	neg 1.0		__DUMMY__ 0.887351718226779 off 0.057831578788902174 neg 0.05481670298431866	false	0.5
faul	off 1.0		__DUMMY__ 0.8854418154721091 off 0.06504603735454789 neg 0.04951214717334305	false	1.0
provisorium	neg 1.0		__DUMMY__ 0.898605433995994 neg 0.052096080223746614 off 0.049298485780259284	false	1.0
schmerzen	neg 1.0		__DUMMY__ 0.8867655338833387 off 0.05980892116069745 neg 0.05342554495596387	false	0.5
schrumpfen	neg 1.0		__DUMMY__ 0.8920970048814385 neg 0.05589367256306714 off 0.05200932255549434	false	1.0
geistlos	off 1.0		__DUMMY__ 0.881033174896111 off 0.06421506359404316 neg 0.0547517615098459	false	1.0
fehlkauf	neg 1.0		__DUMMY__ 0.8874522483172596 off 0.06301910497291228 neg 0.04952864670982815	false	0.5
frustrierend	neg 1.0		__DUMMY__ 0.8837033735927221 off 0.0650762624293862 neg 0.05122036397789165	false	0.5
unzufrieden	neg 1.0		__DUMMY__ 0.8858870335200958 off 0.05923240244198363 neg 0.05488056403792059	false	0.5
verzweifeln	neg 1.0		__DUMMY__ 0.8869548113303598 off 0.06038227966345497 neg 0.052662909006185275	false	0.5
verzweifelt	neg 1.0	neg 1.0	neg 0.5113134854660148 __DUMMY__ 0.44127498019507405 off 0.04741153433891115	false	1.0
misstrauensantrag	neg 1.0		__DUMMY__ 0.8851007951631001 off 0.06310315443748413 neg 0.051796050399415684	false	0.5
abfallen	neg 1.0		__DUMMY__ 0.8887621916313853 off 0.06175718895445735 neg 0.04948061941415733	false	0.5
fucker	off 1.0		__DUMMY__ 0.8825701452293148 off 0.06895564760595117 neg 0.048474207164734134	false	1.0
ungezogen	neg 1.0		__DUMMY__ 0.8744391223167669 off 0.07604028125982297 neg 0.049520596423410244	false	0.5
irrsinnig	neg 1.0	neg 1.0	neg 0.5107171403934547 __DUMMY__ 0.44188565047464834 off 0.04739720913189693	false	1.0
unfassbar	neg 1.0		__DUMMY__ 0.8828143912169546 off 0.06715213259024023 neg 0.05003347619280519	false	0.5
hart	neg 1.0		__DUMMY__ 0.8833150283273861 off 0.06657198010247596 neg 0.050112991570138	false	0.5
widerlich	off 1.0		__DUMMY__ 0.8798766492322999 off 0.0678253174628026 neg 0.052298033304897455	false	1.0
fatal	neg 1.0		__DUMMY__ 0.8858189004544558 off 0.06354786579898274 neg 0.050633233746561396	false	0.5
bruch	neg 1.0		__DUMMY__ 0.891131066745187 off 0.05492217806166641 neg 0.053946755193146546	false	0.5
aushungern	neg 1.0		__DUMMY__ 0.8892197940191605 off 0.059639081432097764 neg 0.051141124548741757	false	0.5
anspannung	neg 1.0		__DUMMY__ 0.8965089394557582 off 0.052140126815679234 neg 0.05135093372856269	false	0.5
von			__DUMMY__ 0.8987572616060043 off 0.05531796920419796 neg 0.04592476918979765	false	0.0
kraftlos	neg 1.0		__DUMMY__ 0.8894917114486277 off 0.05885176592952944 neg 0.051656522621842865	false	0.5
vom			__DUMMY__ 0.9000053539796471 neg 0.05033468363872008 off 0.04965996238163288	false	0.0
grenzdebil	off 1.0		__DUMMY__ 0.8833996818862856 off 0.0674095519111945 neg 0.049190766202520005	false	1.0
vor			__DUMMY__ 0.8929638415183695 off 0.05540524452635303 neg 0.051630913955277476	false	0.0
unterwerfen	neg 1.0		__DUMMY__ 0.8892134557499998 off 0.057932717470889857 neg 0.05285382677911045	false	0.5
versenkung	neg 1.0		__DUMMY__ 0.8903928714872384 off 0.058071148509028704 neg 0.05153598000373275	false	0.5
entziehen	neg 1.0		__DUMMY__ 0.8905501032100368 off 0.05503813194670957 neg 0.054411764843253704	false	0.5
finanzkrise	neg 1.0		__DUMMY__ 0.8860993095334394 off 0.06019312737693764 neg 0.053707563089622844	false	0.5
schimpfend	neg 1.0		__DUMMY__ 0.8858685938205342 off 0.06279741974518259 neg 0.05133398643428326	false	0.5
profan	neg 1.0		__DUMMY__ 0.8837598165740358 off 0.06385795048282668 neg 0.05238223294313755	false	0.5
korruption	neg 1.0		__DUMMY__ 0.8883229359543069 off 0.05843557842203178 neg 0.05324148562366135	false	0.5
â			__DUMMY__ 0.8912540341905083 off 0.058295706649038284 neg 0.0504502591604534	false	0.0
schmutzig	neg 1.0		__DUMMY__ 0.8840110254568728 off 0.06784471749476749 neg 0.04814425704835974	false	0.5
sexy	neg 1.0		__DUMMY__ 0.8856809971867624 off 0.06474524840482937 neg 0.04957375440840825	false	0.5
abraten	neg 1.0		__DUMMY__ 0.8854243166262615 off 0.06310966459523551 neg 0.051466018778502994	false	0.5
schwarz	neg 1.0		__DUMMY__ 0.8858446776402673 off 0.0628210651358747 neg 0.05133425722385797	false	0.5
fotze	off 1.0	off 1.0	off 0.5147120714161109 __DUMMY__ 0.446389767485135 neg 0.038898161098754026	false	1.0
verwirren	neg 1.0		__DUMMY__ 0.8843920599085734 off 0.06437188297354657 neg 0.05123605711787999	false	0.5
zahnlos	off 1.0		__DUMMY__ 0.8861734030451819 off 0.06002262670866953 neg 0.053803970246148566	false	1.0
verheeren	neg 1.0		__DUMMY__ 0.8766359399817625 off 0.0775088871297193 neg 0.04585517288851817	false	0.5
hippie	neg 1.0		__DUMMY__ 0.8858017113435719 off 0.06446699888377858 neg 0.04973128977264962	false	0.5
rammen	neg 1.0		__DUMMY__ 0.8847217370582777 off 0.06229012488391738 neg 0.05298813805780488	false	0.5
unlauter	neg 1.0		__DUMMY__ 0.8825985409133857 off 0.06220686140186202 neg 0.055194597684752184	false	0.5
unheilvoll	neg 1.0		__DUMMY__ 0.887346504806403 off 0.06274891001109435 neg 0.04990458518250265	false	0.5
niedrig	neg 1.0		__DUMMY__ 0.8879027484372608 off 0.056480203088160236 neg 0.055617048474578976	false	0.5
explosion	neg 1.0		__DUMMY__ 0.8855023133465468 off 0.06389156250486765 neg 0.05060612414858553	false	0.5
weichei	off 1.0	off 1.0	off 0.5246974165983185 __DUMMY__ 0.43663930155535907 neg 0.03866328184632246	false	1.0
minusmensch	off 1.0		__DUMMY__ 0.8732169664951761 off 0.07527687482806755 neg 0.05150615867675628	false	1.0
farblos	neg 1.0		__DUMMY__ 0.8893820638273552 off 0.060393073315434954 neg 0.05022486285720981	false	0.5
unwissend	neg 1.0	neg 1.0	neg 0.5099975473024257 __DUMMY__ 0.43981343269392476 off 0.050189020003649415	false	1.0
traurig	neg 1.0		__DUMMY__ 0.8812184680905686 off 0.06941258519422516 neg 0.04936894671520624	false	0.5
senkung	neg 1.0		__DUMMY__ 0.8820998857058494 off 0.06369989866855358 neg 0.054200215625597084	false	0.5
ungleich	neg 1.0	neg 1.0	neg 0.5121631486485254 __DUMMY__ 0.4447653134059266 off 0.043071537945548	false	1.0
heikel	neg 1.0		__DUMMY__ 0.8875064998090441 off 0.05713439462745945 neg 0.05535910556349647	false	0.5
drosselung	neg 1.0		__DUMMY__ 0.8827465789052786 off 0.06712692658200138 neg 0.05012649451271999	false	0.5
falsch	neg 1.0		__DUMMY__ 0.8826235196777515 off 0.06523754767756496 neg 0.05213893264468361	false	0.5
unzufriedenheit	neg 1.0		__DUMMY__ 0.8902127399857915 off 0.05575960673344207 neg 0.054027653280766426	false	0.5
kurz	neg 1.0		__DUMMY__ 0.8903249590806975 off 0.0595653594614259 neg 0.050109681457876615	false	0.5
unsinnig	neg 1.0		__DUMMY__ 0.8850931459130708 off 0.060151333234565674 neg 0.054755520852363515	false	0.5
penner	off 1.0	off 1.0	off 0.5258862590035556 __DUMMY__ 0.4363380715781716 neg 0.037775669418272796	false	1.0
seicht	neg 1.0		__DUMMY__ 0.872940573001124 off 0.07580144517076194 neg 0.0512579818281139	false	0.5
dummheit	off 1.0	off 1.0	off 0.5188852714954804 __DUMMY__ 0.44074154236688184 neg 0.04037318613763787	false	1.0
unerfreulich	neg 1.0		__DUMMY__ 0.889787422426305 off 0.056216838128096365 neg 0.05399573944559864	false	0.5
motherfucker	off 1.0	off 1.0	off 0.5219047099855262 __DUMMY__ 0.44055893145809616 neg 0.037536358556377714	false	1.0
pikiert	neg 1.0		__DUMMY__ 0.8813316879389297 off 0.0671032795068499 neg 0.0515650325542204	false	0.5
wrack	neg 1.0		__DUMMY__ 0.890805163443558 off 0.05872368426217054 neg 0.050471152294271494	false	0.5
gangster	neg 1.0		__DUMMY__ 0.885732916809285 off 0.06448021996855728 neg 0.0497868632221578	false	0.5
krank	neg 1.0		__DUMMY__ 0.8834203176758594 off 0.06720886307343985 neg 0.049370819250700755	false	0.5
reich	neg 1.0		__DUMMY__ 0.8866588833893213 off 0.06615508380958736 neg 0.0471860328010913	false	0.5
gnadenlos	neg 1.0		__DUMMY__ 0.8851716555352127 off 0.06255705627176651 neg 0.0522712881930208	false	0.5
niedergeschlagen	neg 1.0		__DUMMY__ 0.8889746429655359 off 0.059833314184161816 neg 0.05119204285030223	false	0.5
terrorisieren	off 1.0	off 1.0	off 0.5137593358251736 __DUMMY__ 0.44616088823289235 neg 0.04007977594193405	false	1.0
sinnlosigkeit	neg 1.0		__DUMMY__ 0.8870109128374543 off 0.05945705327833025 neg 0.05353203388421552	false	0.5
behindern	neg 1.0		__DUMMY__ 0.8882891115648341 off 0.0603673276505361 neg 0.05134356078462979	false	0.5
undemokratisch	neg 1.0		__DUMMY__ 0.8854498649969998 off 0.06238429835862428 neg 0.05216583664437593	false	0.5
wirtschaftskrise	neg 1.0		__DUMMY__ 0.8877783379681471 off 0.05824102143747709 neg 0.05398064059437587	false	0.5
neid	neg 1.0		__DUMMY__ 0.8854065696024485 off 0.06487089317476086 neg 0.049722537222790665	false	0.5
rutschen	neg 1.0		__DUMMY__ 0.8974462102248859 off 0.05280514762010278 neg 0.049748642155011284	false	0.5
rezession	neg 1.0		__DUMMY__ 0.8750993133521373 off 0.06992067796670132 neg 0.054980008681161326	false	0.5
fehlgeburt	neg 1.0		__DUMMY__ 0.8877827410444629 off 0.06267428824328693 neg 0.04954297071225024	false	0.5
charakterschwach	off 1.0		__DUMMY__ 0.8800665616794017 off 0.06771907948023254 neg 0.05221435884036585	false	1.0
isolation	neg 1.0		__DUMMY__ 0.8846780752630045 off 0.06468102296065648 neg 0.05064090177633909	false	0.5
ablenkung	neg 1.0		__DUMMY__ 0.8876374421320127 off 0.061282861711295655 neg 0.05107969615669169	false	0.5
pech	neg 1.0		__DUMMY__ 0.882904654809563 off 0.06445387948508097 neg 0.0526414657053559	false	0.5
vermeidung	neg 1.0		__DUMMY__ 0.8838522982693788 off 0.06729931119766258 neg 0.048848390532958585	false	0.5
dominieren	neg 1.0		__DUMMY__ 0.8906083446145698 off 0.05751170902729365 neg 0.05187994635813655	false	0.5
schwindlig	neg 1.0		__DUMMY__ 0.8871918881737904 off 0.06295453916657676 neg 0.04985357265963288	false	0.5
lutscher	neg 1.0		__DUMMY__ 0.8736649084923285 off 0.07597915494300221 neg 0.050355936564669225	false	0.5
pflicht	neg 1.0		__DUMMY__ 0.888611690865135 off 0.05612705087305043 neg 0.05526125826181455	false	0.5
faschist	off 1.0		__DUMMY__ 0.8844205826769977 off 0.06478703941649394 neg 0.050792377906508236	false	1.0
verschleudern	neg 1.0		__DUMMY__ 0.8878083936560135 off 0.05691174085696275 neg 0.05527986548702368	false	0.5
wenn			__DUMMY__ 0.8836340702563938 off 0.06541124720810186 neg 0.05095468253550431	false	0.0
ehebruch	neg 1.0		__DUMMY__ 0.8892344721338135 off 0.05842020085599833 neg 0.05234532701018827	false	0.5
spott	off 1.0		__DUMMY__ 0.8880659382678171 off 0.057978123525280895 neg 0.05395593820690197	false	1.0
trostlosigkeit	neg 1.0		__DUMMY__ 0.8930370948592489 off 0.05545303128373554 neg 0.05150987385701555	false	0.5
lutschen	neg 1.0		__DUMMY__ 0.8835924947830862 off 0.06491669886913579 neg 0.051490806347778056	false	0.5
undiszipliniert	neg 1.0		__DUMMY__ 0.8804025403583577 off 0.06887386375433906 neg 0.050723595887303276	false	0.5
kopfschmerz	neg 1.0		__DUMMY__ 0.8877688072208572 off 0.058856273065680496 neg 0.053374919713462296	false	0.5
unvorhergesehen	neg 1.0		__DUMMY__ 0.8937519804869347 off 0.056178573178828 neg 0.05006944633423725	false	0.5
desinteressiert	neg 1.0		__DUMMY__ 0.8807608664823626 off 0.06848896078244344 neg 0.05075017273519389	false	0.5
armselig	off 1.0		__DUMMY__ 0.8779129881955362 off 0.06976630483139216 neg 0.05232070697307158	false	1.0
desaster	neg 1.0		__DUMMY__ 0.8913725729939082 off 0.05440863334318139 neg 0.0542187936629105	false	0.5
tod	neg 1.0		__DUMMY__ 0.8950068652364134 off 0.05818587841473223 neg 0.04680725634885444	false	0.5
herzlos	neg 1.0		__DUMMY__ 0.8799389949286629 off 0.06955924117310036 neg 0.05050176389823678	false	0.5
unwissenheit	neg 1.0		__DUMMY__ 0.8872101789250993 off 0.05916877595235304 neg 0.05362104512254765	false	0.5
widersinnig	neg 1.0		__DUMMY__ 0.8839602763969777 off 0.05931745057424724 neg 0.05672227302877495	false	0.5
bedenklich	neg 1.0		__DUMMY__ 0.8869206885758828 off 0.05829041091179433 neg 0.054788900512322936	false	0.5
beanstanden	neg 1.0		__DUMMY__ 0.8895077436950961 off 0.055715406870324787 neg 0.054776849434579146	false	0.5
panisch	neg 1.0	neg 1.0	neg 0.5065795506575186 __DUMMY__ 0.44547548786255836 off 0.04794496147992298	false	1.0
debil	off 1.0		__DUMMY__ 0.8982291609903633 neg 0.0516577226033375 off 0.0501131164062992	false	0.5
abstrich	neg 1.0		__DUMMY__ 0.896013877489742 off 0.05933335423695425 neg 0.04465276827330365	false	0.5
primitiv	neg 1.0		__DUMMY__ 0.8795974868701278 off 0.06804423608782251 neg 0.05235827704204964	false	0.5
abschaum	off 1.0	off 1.0	off 0.5206203039841546 __DUMMY__ 0.4402749012258133 neg 0.03910479479003203	false	1.0
provozieren	neg 1.0		__DUMMY__ 0.8835772328912487 off 0.062392358100673645 neg 0.054030409008077776	false	0.5
tot	neg 1.0		__DUMMY__ 0.8889338698693063 off 0.05828263038171577 neg 0.05278349974897789	false	0.5
instabil	neg 1.0		__DUMMY__ 0.8796638660255932 off 0.0690228206166103 neg 0.051313313357796396	false	0.5
schwuchtel	off 1.0	off 1.0	off 0.5303355526272637 __DUMMY__ 0.4315448801486975 neg 0.03811956722403879	false	1.0
zerren	neg 1.0		__DUMMY__ 0.888922821081585 off 0.05943149864305974 neg 0.05164568027535523	false	0.5
kinderficker	off 1.0		__DUMMY__ 0.8786191027269945 off 0.07229893428492641 neg 0.04908196298807913	false	1.0
gefahr	neg 1.0		__DUMMY__ 0.8918810445063491 off 0.05559078552945749 neg 0.052528169964193495	false	0.5
rabiat	neg 1.0		__DUMMY__ 0.8869314997444996 off 0.06151224023722587 neg 0.051556260018274555	false	0.5
verlangsamung	neg 1.0		__DUMMY__ 0.8745428960768827 off 0.07387277777132731 neg 0.051584326151789844	false	0.5
ausgestorben	neg 1.0		__DUMMY__ 0.8879872093515493 off 0.06114507356632705 neg 0.050867717082123634	false	0.5
anklagen	neg 1.0		__DUMMY__ 0.8887400690361048 off 0.05855381870632063 neg 0.05270611225757448	false	0.5
trott	neg 1.0		__DUMMY__ 0.8878468937477274 off 0.06074827801526525 neg 0.05140482823700735	false	0.5
verminderung	neg 1.0		__DUMMY__ 0.8822525263360279 off 0.06758281613458977 neg 0.050164657529382324	false	0.5
nach			__DUMMY__ 0.8972572957293143 off 0.051755779513174775 neg 0.05098692475751082	false	0.0
rost	neg 1.0		__DUMMY__ 0.8778803903100477 off 0.0723816944979796 neg 0.049737915191972584	false	0.5
destruktiv	neg 1.0		__DUMMY__ 0.884913803567654 off 0.06121873272844428 neg 0.05386746370390161	false	0.5
unzumutbarkeit	neg 1.0		__DUMMY__ 0.8844690714368206 off 0.06644163111506207 neg 0.04908929744811737	false	0.5
labil	off 1.0	off 1.0	off 0.5200132889251422 __DUMMY__ 0.4412449588145823 neg 0.03874175226027541	false	1.0
ziemlich	neg 1.0		__DUMMY__ 0.8836053441566337 off 0.06692046138687925 neg 0.049474194456487035	false	0.5
lachnummer	off 1.0		__DUMMY__ 0.8845234103538836 off 0.06203222220371213 neg 0.05344436744240423	false	1.0
oder			__DUMMY__ 0.8873488378215442 off 0.06190645562176654 neg 0.050744706556689216	false	0.0
verfall	neg 1.0		__DUMMY__ 0.893582876545918 neg 0.05436155862298046 off 0.05205556483110163	false	1.0
ausgrenzung	neg 1.0		__DUMMY__ 0.885608141237575 off 0.06296627708234948 neg 0.051425581680075466	false	0.5
unordnung	neg 1.0		__DUMMY__ 0.8854156129811207 off 0.06878962727154453 neg 0.04579475974733481	false	0.5
fehlverhalten	neg 1.0		__DUMMY__ 0.8875604837108013 off 0.05675596732163307 neg 0.0556835489675656	false	0.5
eine			__DUMMY__ 0.8917644880082115 off 0.05587249948634752 neg 0.052363012505440946	false	0.0
nille	neg 1.0		__DUMMY__ 0.8888577528625952 off 0.06089590300310789 neg 0.05024634413429699	false	0.5
qual	neg 1.0		__DUMMY__ 0.888339496392076 off 0.060393958822580855 neg 0.0512665447853431	false	0.5
verschwenden	neg 1.0		__DUMMY__ 0.8871903104572133 off 0.05753007890726655 neg 0.05527961063552018	false	0.5
riesig	neg 1.0		__DUMMY__ 0.8917834315972982 off 0.05769128345421492 neg 0.05052528494848697	false	0.5
verurteilen	neg 1.0		__DUMMY__ 0.8861756733312306 off 0.059176772190282514 neg 0.054647554478486925	false	0.5
klischee	neg 1.0	neg 1.0	neg 0.5101121631110803 __DUMMY__ 0.44054039377073734 off 0.049347443118182344	false	1.0
diktatorisch	neg 1.0		__DUMMY__ 0.8846214534441204 off 0.06259124612774924 neg 0.052787300428130346	false	0.5
vorhersehbar	neg 1.0		__DUMMY__ 0.881471402892181 off 0.06458242362437676 neg 0.05394617348344221	false	0.5
sowie			__DUMMY__ 0.8784062108577773 off 0.07159853244931286 neg 0.04999525669290997	false	0.0
stornieren	neg 1.0		__DUMMY__ 0.8910648386383792 off 0.0628329545577552 neg 0.046102206803865675	false	0.5
besteuerung	neg 1.0		__DUMMY__ 0.8829249059994216 off 0.06169290441213378 neg 0.05538218958844459	false	0.5
ungeschminkt	neg 1.0		__DUMMY__ 0.8790258310731638 off 0.06740049221370148 neg 0.053573676713134705	false	0.5
kritisch	neg 1.0		__DUMMY__ 0.8876467941790649 off 0.05808696920312643 neg 0.05426623661780866	false	0.5
schlamperei	off 1.0		__DUMMY__ 0.890424676334431 off 0.05676053666038285 neg 0.05281478700518613	false	1.0
sucht	neg 1.0	neg 1.0	neg 0.5031259477703193 __DUMMY__ 0.45045744091484163 off 0.04641661131483905	false	1.0
egoistisch	off 1.0		__DUMMY__ 0.8760115849067417 off 0.07235499402530783 neg 0.051633421067950526	false	1.0
ausbeuter	off 1.0		__DUMMY__ 0.8868063347548704 off 0.05674788728575286 neg 0.056445777959376636	false	1.0
arschgeburt	off 1.0		__DUMMY__ 0.8687733879668755 off 0.07992264053726157 neg 0.05130397149586294	false	1.0
schubs	neg 1.0		__DUMMY__ 0.8882103924573143 off 0.05890595356998377 neg 0.05288365397270201	false	0.5
unsolide	neg 1.0		__DUMMY__ 0.8827845630093933 off 0.06311277886361703 neg 0.05410265812698961	false	0.5
beschwerde	neg 1.0		__DUMMY__ 0.8879604710374857 off 0.05748937925819594 neg 0.05455014970431836	false	0.5
stocken	neg 1.0		__DUMMY__ 0.8904163918348901 off 0.05703614857008952 neg 0.052547459595020385	false	0.5
isolieren	neg 1.0		__DUMMY__ 0.8886960906648615 off 0.0584747838515754 neg 0.052829125483563104	false	0.5
unheilbar	neg 1.0		__DUMMY__ 0.8880602006718885 off 0.06176438663553055 neg 0.05017541269258094	false	0.5
pisser	off 1.0		__DUMMY__ 0.8795769406151249 off 0.06927137479671182 neg 0.051151684588163264	false	1.0
löschen	neg 1.0		__DUMMY__ 0.888120814686976 off 0.061133598399666464 neg 0.05074558691335754	false	0.5
durchfallen	neg 1.0		__DUMMY__ 0.885317608527494 off 0.05862360738251895 neg 0.05605878408998704	false	0.5
wichser	off 1.0	off 1.0	off 0.5281964895527616 __DUMMY__ 0.43449248212172525 neg 0.03731102832551331	false	1.0
terror	neg 1.0		__DUMMY__ 0.8860575880873062 off 0.06396015046713983 neg 0.049982261445554	false	0.5
krass	neg 1.0		__DUMMY__ 0.8791771820080071 off 0.0699224719959711 neg 0.050900345996021765	false	0.5
revolte	neg 1.0		__DUMMY__ 0.8858442086339043 off 0.06335198937193225 neg 0.0508038019941634	false	0.5
besorgt	neg 1.0		__DUMMY__ 0.8927583435515511 off 0.05949613535185537 neg 0.0477455210965935	false	0.5
nachlassen	neg 1.0		__DUMMY__ 0.893215804231712 off 0.05668698255090562 neg 0.05009721321738247	false	0.5
alt	neg 1.0		__DUMMY__ 0.8890917421774563 off 0.05836397204054352 neg 0.052544285782000204	false	0.5
hundesohn	off 1.0		__DUMMY__ 0.8738019292730284 off 0.07656044117395545 neg 0.04963762955301621	false	1.0
als			__DUMMY__ 0.8877045243617703 off 0.05926985548889519 neg 0.053025620149334596	false	0.0
abschreckung	neg 1.0		__DUMMY__ 0.890595173800298 off 0.055600316905335734 neg 0.05380450929436629	false	0.5
unqualifiziert	neg 1.0		__DUMMY__ 0.8805833979223012 off 0.06546356058895506 neg 0.05395304148874371	false	0.5
abgewichst	off 1.0		__DUMMY__ 0.8893816005112816 off 0.06010901730963135 neg 0.05050938217908697	false	1.0
schwer	neg 1.0		__DUMMY__ 0.8858029317000788 off 0.060816083310725744 neg 0.05338098498919545	false	0.5
bedeutungslosigkeit	neg 1.0		__DUMMY__ 0.8890312023828152 off 0.05658178677794869 neg 0.05438701083923604	false	0.5
kapitulation	neg 1.0		__DUMMY__ 0.8897030219078176 off 0.05781101631991373 neg 0.05248596177226865	false	0.5
unscharf	neg 1.0		__DUMMY__ 0.8833557073209976 off 0.06318382008132017 neg 0.05346047259768231	false	0.5
schwinden	neg 1.0		__DUMMY__ 0.8915388708168929 off 0.05624840994942413 neg 0.052212719233682994	false	0.5
versklavung	neg 1.0		__DUMMY__ 0.8877369024884667 off 0.06214822355836624 neg 0.05011487395316708	false	0.5
schlecht	neg 1.0		__DUMMY__ 0.8834736590061583 off 0.0671501900144319 neg 0.049376150979409755	false	0.5
verhasst	neg 1.0		__DUMMY__ 0.8821492355564952 off 0.0629490809527738 neg 0.05490168349073096	false	0.5
beschweren	neg 1.0		__DUMMY__ 0.88487677271719 off 0.06330153890925773 neg 0.05182168837355229	false	0.5
scheiden	neg 1.0		__DUMMY__ 0.8894708626771777 off 0.06072330905377317 neg 0.04980582826904924	false	0.5
frustriert	neg 1.0		__DUMMY__ 0.8862278778798813 off 0.0600555131724598 neg 0.05371660894765884	false	0.5
schimmelig	neg 1.0		__DUMMY__ 0.8864077857075965 off 0.05805395167442295 neg 0.055538262617980505	false	0.5
fisch	neg 1.0		__DUMMY__ 0.8893014585030135 neg 0.05557554995609809 off 0.05512299154088847	false	1.0
schmuggel	neg 1.0		__DUMMY__ 0.8905593183004512 off 0.056859098880328356 neg 0.052581582819220395	false	0.5
auffallen	neg 1.0		__DUMMY__ 0.8844554139666555 off 0.06401736169432809 neg 0.05152722433901644	false	0.5
konkurrenz	neg 1.0		__DUMMY__ 0.8907428477302721 off 0.05522778596162525 neg 0.05402936630810261	false	0.5
teufelskreis	neg 1.0		__DUMMY__ 0.8854305667010746 off 0.06111532437855409 neg 0.05345410892037138	false	0.5
aufschreien	neg 1.0		__DUMMY__ 0.8831131080930819 off 0.06417550545177904 neg 0.05271138645513916	false	0.5
schuldner	neg 1.0		__DUMMY__ 0.8884753121580438 off 0.055977925979904336 neg 0.05554676186205198	false	0.5
missgeburt	off 1.0	off 1.0	off 0.5253311457083252 __DUMMY__ 0.4358318116409254 neg 0.03883704265074936	false	1.0
arbeitslos	neg 1.0		__DUMMY__ 0.8848770290170549 off 0.05902962940310194 neg 0.056093341579843095	false	0.5
befallen	neg 1.0		__DUMMY__ 0.8905728362240644 off 0.05994086410405589 neg 0.049486299671879674	false	0.5
miesepetrig	off 1.0	off 1.0	off 0.5202682668680071 __DUMMY__ 0.4411887574689761 neg 0.03854297566301678	false	1.0
alarmieren	neg 1.0		__DUMMY__ 0.8825617507915935 off 0.06579401671135596 neg 0.051644232497050545	false	0.5
ungeduscht	off 1.0		__DUMMY__ 0.8823727641446955 off 0.06500876789173182 neg 0.05261846796357273	false	1.0
knappheit	neg 1.0		__DUMMY__ 0.8855766531431206 off 0.05840526975702089 neg 0.05601807709985859	false	0.5
schlange	neg 1.0		__DUMMY__ 0.8895424752829786 off 0.06258881275689586 neg 0.04786871196012552	false	0.5
harsch	neg 1.0		__DUMMY__ 0.8826548366578053 off 0.07103680828711248 neg 0.04630835505508232	false	0.5
lang	neg 1.0		__DUMMY__ 0.8877767608053938 off 0.06197082418889974 neg 0.05025241500570642	false	0.5
ziellos	neg 1.0		__DUMMY__ 0.8904457494348513 off 0.058118521230027156 neg 0.05143572933512152	false	0.5
selbstverliebt	neg 1.0		__DUMMY__ 0.8712031825915489 off 0.0775136068436622 neg 0.051283210564788885	false	0.5
beseitigen	neg 1.0		__DUMMY__ 0.8896825364365673 off 0.05968865215581931 neg 0.05062881140761355	false	0.5
dumm	off 1.0		__DUMMY__ 0.8766684037734638 off 0.07292340316149153 neg 0.050408193065044765	false	1.0
arbeitsloser	neg 1.0		__DUMMY__ 0.8874478238628967 off 0.059035690932863184 neg 0.05351648520424019	false	0.5
blitzen	neg 1.0		__DUMMY__ 0.8857562415755136 off 0.06437073255535973 neg 0.04987302586912671	false	0.5
hilflos	neg 1.0		__DUMMY__ 0.8869663577585887 off 0.059562529889368734 neg 0.05347111235204261	false	0.5
eklig	off 1.0		__DUMMY__ 0.8746410173664136 off 0.07351703962939957 neg 0.051841943004186805	false	1.0
begriff			__DUMMY__ 0.8863432464547095 off 0.06072096842538873 neg 0.0529357851199017	false	0.0
hungersnot	neg 1.0		__DUMMY__ 0.890659586845108 off 0.05889930541856187 neg 0.05044110773633013	false	0.5
ungesetzlich	neg 1.0		__DUMMY__ 0.8818352652718582 off 0.062401385000762234 neg 0.055763349727379556	false	0.5
verschwendung	neg 1.0		__DUMMY__ 0.8892592807405955 off 0.05717963977768683 neg 0.05356107948171777	false	0.5
schmerzvoll	neg 1.0		__DUMMY__ 0.8859352541154178 off 0.06297537325981468 neg 0.05108937262476758	false	0.5
vorzeitig	neg 1.0		__DUMMY__ 0.8865145784493171 off 0.0639176811138707 neg 0.04956774043681217	false	0.5
unvollkommenheit	neg 1.0		__DUMMY__ 0.8932494654523871 off 0.05819621739038519 neg 0.04855431715722758	false	0.5
intervenieren	neg 1.0		__DUMMY__ 0.8877538119219087 off 0.05712963744115838 neg 0.055116550636932896	false	0.5
banause	off 1.0		__DUMMY__ 0.8711981867286386 off 0.07601913438370483 neg 0.0527826788876566	false	1.0
rebell	neg 1.0		__DUMMY__ 0.892133995094161 neg 0.05466172745645597 off 0.053204277449383046	false	1.0
unlogisch	neg 1.0		__DUMMY__ 0.878110051557346 off 0.0693770968246811 neg 0.052512851617972846	false	0.5
leiden	neg 1.0		__DUMMY__ 0.8922895018516508 off 0.05567133719643275 neg 0.05203916095191648	false	0.5
abschaffung	neg 1.0		__DUMMY__ 0.8857360120633635 off 0.06153971968292903 neg 0.052724268253707435	false	0.5
sturz	neg 1.0		__DUMMY__ 0.8892404022976264 off 0.06122876781787783 neg 0.0495308298844959	false	0.5
verkleinerung	neg 1.0		__DUMMY__ 0.8803499896340954 off 0.06418786185529346 neg 0.055462148510611174	false	0.5
schmarotzer	off 1.0		__DUMMY__ 0.8833459623975644 off 0.059819306063506265 neg 0.05683473153892951	false	1.0
bestrafung	neg 1.0		__DUMMY__ 0.886860761397685 off 0.06241612545721416 neg 0.050723113145100834	false	0.5
achtlos	neg 1.0	neg 1.0	neg 0.508968132035626 __DUMMY__ 0.44512451542902115 off 0.04590735253535286	false	1.0
ungeheuer	neg 1.0		__DUMMY__ 0.8867262301751064 off 0.06347351738010244 neg 0.04980025244479112	false	0.5
unaufrichtig	neg 1.0		__DUMMY__ 0.8870537276167949 off 0.06430009686292189 neg 0.048646175520283205	false	0.5
