unsolidarisch	neg 1.0		__DUMMY__ 0.9274883260571192 off 0.037851698804615974 neg 0.03465997513826483	false	0.5
nachteilig	neg 1.0		__DUMMY__ 0.9324377858276867 off 0.03415511419188022 neg 0.03340709998043304	false	0.5
skeptisch	neg 1.0		__DUMMY__ 0.9324401673331245 off 0.03385818470870448 neg 0.033701647958170954	false	0.5
schrecklich	neg 1.0		__DUMMY__ 0.9249038249879243 off 0.04491465313708 neg 0.030181521874995655	false	0.5
schlapp	neg 1.0		__DUMMY__ 0.9279526459279653 off 0.04144513057961924 neg 0.03060222349241534	false	0.5
abfall	neg 1.0		__DUMMY__ 0.9366982561613134 neg 0.032355099094653963 off 0.03094664474403269	false	1.0
widerspenstig	neg 1.0		__DUMMY__ 0.9311500775434824 off 0.03744781181785884 neg 0.0314021106386587	false	0.5
abrupt	neg 1.0		__DUMMY__ 0.9355956463780994 off 0.03396624223201034 neg 0.030438111389890186	false	0.5
unwirksam	neg 1.0		__DUMMY__ 0.926504529266772 off 0.03741591565648519 neg 0.03607955507674283	false	0.5
angreifen	neg 1.0		__DUMMY__ 0.9325685534042869 off 0.03394058381714834 neg 0.03349086277856476	false	0.5
inkonsistent	neg 1.0		__DUMMY__ 0.9297972116846024 off 0.03798484358403727 neg 0.032217944731360255	false	0.5
abrutschen	neg 1.0		__DUMMY__ 0.9342225659975062 neg 0.03436981434166136 off 0.03140761966083245	false	1.0
unsicher	neg 1.0		__DUMMY__ 0.9313275059605919 off 0.03753664607604985 neg 0.031135847963358186	false	0.5
bauernkind	off 1.0	off 1.0	off 0.511380911791174 __DUMMY__ 0.4557104213157168 neg 0.03290866689310927	false	1.0
angreifer	neg 1.0	neg 1.0	neg 0.49647451919290997 __DUMMY__ 0.4680078656241945 off 0.035517615182895555	false	1.0
trennen	neg 1.0		__DUMMY__ 0.9356344512660106 off 0.03330174551082856 neg 0.03106380322316077	false	0.5
schmutz	neg 1.0		__DUMMY__ 0.9356559295453193 off 0.03837821409406775 neg 0.025965856360612913	false	0.5
inkonsistenz	neg 1.0		__DUMMY__ 0.9226626061729415 off 0.04216223776672154 neg 0.03517515606033698	false	0.5
erschreckend	neg 1.0		__DUMMY__ 0.9295006351345946 off 0.037225452369683394 neg 0.03327391249572203	false	0.5
ertrinken	neg 1.0		__DUMMY__ 0.934370399983755 off 0.034042973360032265 neg 0.0315866266562127	false	0.5
pickelface	off 1.0		__DUMMY__ 0.9322269209164389 off 0.03677561652402022 neg 0.030997462559540917	false	1.0
seiner			__DUMMY__ 0.9330415577614088 off 0.034057031413537615 neg 0.032901410825053504	false	0.0
lauch	neg 1.0		__DUMMY__ 0.9365730068737029 neg 0.03199803641184312 off 0.03142895671445399	false	1.0
unwichtig	neg 1.0		__DUMMY__ 0.9259806322997987 off 0.04163372408523969 neg 0.03238564361496167	false	0.5
steuerhinterziehung	neg 1.0	neg 1.0	neg 0.5005347077487153 __DUMMY__ 0.46693685385966877 off 0.03252843839161583	false	1.0
schock	neg 1.0		__DUMMY__ 0.9321806498741599 off 0.036848311897969444 neg 0.030971038227870677	false	0.5
beule	neg 1.0		__DUMMY__ 0.9271646224213178 off 0.042195992232942243 neg 0.030639385345739886	false	0.5
vergelten	neg 1.0		__DUMMY__ 0.9279446177744892 off 0.044082786172072876 neg 0.027972596053438	false	0.5
verdorbenheit	neg 1.0		__DUMMY__ 0.9332733849050932 off 0.03749876882971338 neg 0.0292278462651935	false	0.5
trauma	neg 1.0		__DUMMY__ 0.930552669701093 off 0.038297496631992875 neg 0.031149833666914265	false	0.5
sinnlos	neg 1.0		__DUMMY__ 0.9295431474608541 off 0.03942187455095537 neg 0.031034977988190555	false	0.5
fettsack	off 1.0	off 1.0	off 0.5122531344714075 __DUMMY__ 0.4572555089296367 neg 0.0304913565989558	false	1.0
feige	off 1.0	off 1.0	off 0.5083810371912159 __DUMMY__ 0.4612779281103653 neg 0.03034103469841878	false	1.0
abdanken	neg 1.0		__DUMMY__ 0.9311031109384872 off 0.037427955753485266 neg 0.031468933308027545	false	0.5
wichtigtuer	off 1.0	off 1.0	off 0.5065423790365644 __DUMMY__ 0.46320853925476674 neg 0.03024908170866881	false	1.0
misslingen	neg 1.0		__DUMMY__ 0.9351485865211708 off 0.037413135041961004 neg 0.027438278436868208	false	0.5
untreu	off 1.0		__DUMMY__ 0.9268419697294648 off 0.04193101094348661 neg 0.03122701932704853	false	1.0
missmutig	neg 1.0		__DUMMY__ 0.9286483375545471 off 0.04126284840701909 neg 0.030088814038433758	false	0.5
hurenbock	off 1.0		__DUMMY__ 0.9325524319397953 off 0.03875295297851478 neg 0.028694615081689925	false	1.0
betrunken	neg 1.0		__DUMMY__ 0.9271483117936321 off 0.042901068219600914 neg 0.029950619986766912	false	0.5
korrupt	off 1.0		__DUMMY__ 0.9286146764329244 off 0.03607045114339545 neg 0.035314872423680164	false	1.0
unmut	neg 1.0		__DUMMY__ 0.9349685209417163 neg 0.033474274948483554 off 0.031557204109800105	false	1.0
hackfresse	off 1.0		__DUMMY__ 0.9215746998592643 off 0.047772230338578615 neg 0.030653069802157047	false	1.0
aufblasen	neg 1.0		__DUMMY__ 0.9309130232880163 off 0.038875657543235756 neg 0.030211319168747943	false	0.5
gewaltsam	neg 1.0		__DUMMY__ 0.932792747815961 off 0.03637244673568327 neg 0.030834805448355634	false	0.5
unbeliebtheit	neg 1.0		__DUMMY__ 0.9249679012520131 off 0.04101059170041153 neg 0.03402150704757533	false	0.5
sturheit	neg 1.0		__DUMMY__ 0.9303088132351376 off 0.036843685779337505 neg 0.03284750098552491	false	0.5
kuh	neg 1.0		__DUMMY__ 0.9247431175054747 off 0.039251441036352225 neg 0.03600544145817312	false	0.5
erschrecken	neg 1.0		__DUMMY__ 0.9296133693030929 off 0.041044646206566573 neg 0.02934198449034055	false	0.5
opfer	neg 1.0		__DUMMY__ 0.9326536946785546 off 0.03498506733992758 neg 0.03236123798151785	false	0.5
sinken	neg 1.0		__DUMMY__ 0.9356313262202307 neg 0.032524292123977214 off 0.031844381655792085	false	1.0
stinktier	neg 1.0		__DUMMY__ 0.9191538933435252 off 0.04567446245218203 neg 0.035171644204292786	false	0.5
tucke	off 1.0		__DUMMY__ 0.9207095811370039 off 0.04861741956807039 neg 0.03067299929492573	false	1.0
ein			__DUMMY__ 0.9301070549701459 off 0.03819363187810339 neg 0.031699313151750716	false	0.0
abstieg	neg 1.0		__DUMMY__ 0.9331952200437211 off 0.03409793233957337 neg 0.032706847616705476	false	0.5
missverstehen	neg 1.0		__DUMMY__ 0.9261661849645842 off 0.04024502581613566 neg 0.03358878921928015	false	0.5
ergebnislos	neg 1.0		__DUMMY__ 0.9334384971484215 off 0.0338486768444781 neg 0.03271282600710034	false	0.5
unter			__DUMMY__ 0.9402983611183477 neg 0.03238982112671344 off 0.02731181775493887	false	0.0
manipulieren	neg 1.0		__DUMMY__ 0.9342116325846141 off 0.03355130633521038 neg 0.032237061080175405	false	0.5
unbewiesen	neg 1.0		__DUMMY__ 0.926682582854019 off 0.03788611963529147 neg 0.035431297510689484	false	0.5
verschleppen	neg 1.0		__DUMMY__ 0.9314895333996217 off 0.03531978358865838 neg 0.03319068301171989	false	0.5
weib	off 1.0		__DUMMY__ 0.9182960561482473 off 0.04854057421287005 neg 0.033163369638882695	false	1.0
opposition	neg 1.0		__DUMMY__ 0.9281910680504794 off 0.038656476978785714 neg 0.03315245497073491	false	0.5
verkehrswidrig	neg 1.0		__DUMMY__ 0.9289449289363985 off 0.04437016696934751 neg 0.026684904094254055	false	0.5
inkorrekt	neg 1.0		__DUMMY__ 0.9229457744134137 off 0.04481715760223801 neg 0.03223706798434821	false	0.5
vermeiden	neg 1.0		__DUMMY__ 0.9367662135552464 neg 0.03333875411095074 off 0.029895032333802862	false	1.0
abweichung	neg 1.0		__DUMMY__ 0.9315960565282598 off 0.03473410844335203 neg 0.033669835028388204	false	0.5
alkoholisiert	neg 1.0		__DUMMY__ 0.9343312324921983 off 0.03330623753950556 neg 0.03236252996829615	false	0.5
scheiss	off 1.0	off 1.0	off 0.507930159175239 __DUMMY__ 0.46299243772907805 neg 0.029077403095682856	false	1.0
herausforderung	neg 1.0		__DUMMY__ 0.9339448650193808 off 0.03360306726768871 neg 0.0324520677129306	false	0.5
pervers	off 1.0		__DUMMY__ 0.9189476007353414 off 0.0506079364088079 neg 0.030444462855850736	false	1.0
wackelig	neg 1.0		__DUMMY__ 0.9347173693594233 off 0.03559023062885702 neg 0.029692400011719574	false	0.5
verwickeln	neg 1.0		__DUMMY__ 0.9265573896041229 off 0.039840345976445764 neg 0.033602264419431274	false	0.5
vorwand	neg 1.0		__DUMMY__ 0.9329731725282199 neg 0.03353866908434626 off 0.03348815838743396	false	1.0
muschi	off 1.0		__DUMMY__ 0.9317833423822828 off 0.03695831345627976 neg 0.03125834416143755	false	1.0
entmutigung	neg 1.0		__DUMMY__ 0.9291612029708924 off 0.03882601451324596 neg 0.03201278251586155	false	0.5
unangemessen	neg 1.0		__DUMMY__ 0.928459742925561 off 0.03665114710658002 neg 0.03488910996785908	false	0.5
unstetig	neg 1.0		__DUMMY__ 0.9292235119634387 off 0.03935675898439669 neg 0.031419729052164655	false	0.5
entmutigen	neg 1.0		__DUMMY__ 0.930136647877866 off 0.03835831799918422 neg 0.031505034122949825	false	0.5
schwanz	neg 1.0		__DUMMY__ 0.9334994250399733 off 0.034711629504697986 neg 0.031788945455328774	false	0.5
verbot	neg 1.0		__DUMMY__ 0.9311784946342891 off 0.03567043554046213 neg 0.033151069825248666	false	0.5
leid	neg 1.0		__DUMMY__ 0.9225068306592644 off 0.04619305444616051 neg 0.03130011489457506	false	0.5
archaisch	neg 1.0		__DUMMY__ 0.9309095036714177 off 0.036629612185070305 neg 0.032460884143512066	false	0.5
gegen			__DUMMY__ 0.9346496748361267 neg 0.033109471978280444 off 0.03224085318559286	false	0.0
scheidung	neg 1.0		__DUMMY__ 0.9212549131135702 off 0.05421810228281171 neg 0.024526984603618074	false	0.5
einschlag	neg 1.0		__DUMMY__ 0.9258653256168905 off 0.043910087167698626 neg 0.030224587215410836	false	0.5
m			__DUMMY__ 0.9329676687362091 off 0.03552745282399011 neg 0.0315048784398008	false	0.0
abgestanden	neg 1.0		__DUMMY__ 0.9298150444307465 off 0.03737100162595882 neg 0.032813953943294755	false	0.5
schmierig	off 1.0		__DUMMY__ 0.9248861793573669 off 0.04556075753856586 neg 0.02955306310406719	false	1.0
unpraktisch	neg 1.0		__DUMMY__ 0.9299434445708193 off 0.03848662703281178 neg 0.03156992839636885	false	0.5
wixxer	off 1.0		__DUMMY__ 0.9171491767538398 off 0.050839737359978474 neg 0.03201108588618177	false	1.0
bezeichnet			__DUMMY__ 0.9279357808634939 off 0.03794491570305023 neg 0.03411930343345582	false	0.0
jammerlappen	off 1.0		__DUMMY__ 0.9280684613018688 off 0.041588756051191014 neg 0.03034278264694012	false	1.0
farce	neg 1.0		__DUMMY__ 0.9301167199641205 off 0.03642438468860533 neg 0.033458895347274295	false	0.5
zwecklos	neg 1.0		__DUMMY__ 0.930038638919654 off 0.036313285886417884 neg 0.03364807519392808	false	0.5
turbulent	neg 1.0		__DUMMY__ 0.9263570215200785 off 0.0426656787539922 neg 0.030977299725929306	false	0.5
invasion	neg 1.0		__DUMMY__ 0.9287017039193278 off 0.03915255077000925 neg 0.03214574531066283	false	0.5
schuld	neg 1.0		__DUMMY__ 0.9283468059855028 off 0.038711030351385206 neg 0.032942163663112096	false	0.5
risiko	neg 1.0	neg 1.0	neg 0.49641540845545734 __DUMMY__ 0.4687446167819797 off 0.03483997476256298	false	1.0
finster	neg 1.0		__DUMMY__ 0.9280217870392724 off 0.03818482503217822 neg 0.03379338792854943	false	0.5
geisteskrank	off 1.0		__DUMMY__ 0.923124719388609 off 0.04326244834537914 neg 0.033612832266011916	false	1.0
zusammenbrechen	neg 1.0		__DUMMY__ 0.9313170191157918 off 0.03625863998462485 neg 0.03242434089958346	false	0.5
ausbeute	neg 1.0		__DUMMY__ 0.9388580131317135 off 0.034083090326616924 neg 0.02705889654166961	false	0.5
hinterhalt	neg 1.0		__DUMMY__ 0.9382440600489409 off 0.03573066246861256 neg 0.026025277482446575	false	0.5
kritik	neg 1.0		__DUMMY__ 0.9299508400672035 off 0.036315615131739795 neg 0.033733544801056725	false	0.5
einschrumpfen	neg 1.0		__DUMMY__ 0.9268856337471051 off 0.0408851846312554 neg 0.03222918162163954	false	0.5
riskant	neg 1.0		__DUMMY__ 0.9312965119839722 off 0.034364519349649215 neg 0.0343389686663785	false	0.5
frustrieren	neg 1.0		__DUMMY__ 0.9312522479383243 off 0.035047531835681454 neg 0.03370022022599426	false	0.5
groll	neg 1.0		__DUMMY__ 0.9301904016879962 off 0.03593949877971334 neg 0.03387009953229055	false	0.5
gibt			__DUMMY__ 0.9312983760837092 off 0.036391204934055316 neg 0.03231041898223546	false	0.0
qualvoll	neg 1.0		__DUMMY__ 0.9299419689828221 off 0.039975979258536715 neg 0.03008205175864121	false	0.5
wackeln	neg 1.0		__DUMMY__ 0.9326935398464822 off 0.03814521559341956 neg 0.029161244560098238	false	0.5
klagen	neg 1.0		__DUMMY__ 0.9339136708504603 neg 0.03390901455024948 off 0.032177314599290185	false	1.0
bankrott	neg 1.0		__DUMMY__ 0.9297736651895326 off 0.040765150867105256 neg 0.029461183943362033	false	0.5
trauern	neg 1.0		__DUMMY__ 0.9351877957864368 off 0.03448688523806184 neg 0.030325318975501298	false	0.5
ablehnung	neg 1.0		__DUMMY__ 0.9298139181762465 off 0.03612512154373559 neg 0.03406096028001799	false	0.5
stur	neg 1.0		__DUMMY__ 0.9280352324276061 off 0.03880542030156094 neg 0.033159347270832945	false	0.5
aufruhr	neg 1.0		__DUMMY__ 0.9313269910982475 off 0.036843784641279125 neg 0.03182922426047342	false	0.5
melancholie	neg 1.0		__DUMMY__ 0.9332730340088509 off 0.034697369897027645 neg 0.03202959609412146	false	0.5
ist			__DUMMY__ 0.9292950124805254 off 0.03921093172252827 neg 0.03149405579694629	false	0.0
torheit	neg 1.0		__DUMMY__ 0.9304381190140654 off 0.03803481777354372 neg 0.031527063212390884	false	0.5
dreckskind	off 1.0		__DUMMY__ 0.9202521433826651 off 0.04717182391618022 neg 0.03257603270115465	false	1.0
umtauschen	neg 1.0		__DUMMY__ 0.931080414951327 off 0.03680143564145452 neg 0.0321181494072185	false	0.5
zum			__DUMMY__ 0.9401049366501602 neg 0.03012525600476215 off 0.029769807345077712	false	0.0
zersetzen	neg 1.0		__DUMMY__ 0.9320792355204812 neg 0.03420475048972357 off 0.03371601398979519	false	1.0
zur			__DUMMY__ 0.9382986652124494 neg 0.03210338140040561 off 0.029597953387144993	false	0.0
frust	neg 1.0		__DUMMY__ 0.93159967865095 off 0.03631122453970531 neg 0.03208909680934478	false	0.5
unerbittlichkeit	neg 1.0		__DUMMY__ 0.9330259758715523 off 0.03363477481195978 neg 0.03333924931648788	false	0.5
zwei			__DUMMY__ 0.938560687552088 neg 0.030786828743748294 off 0.03065248370416382	false	0.0
unkorrekt	neg 1.0		__DUMMY__ 0.9242914092732395 off 0.0442288979649947 neg 0.03147969276176579	false	0.5
hexe	off 1.0		__DUMMY__ 0.9251795950787526 off 0.04153098015088591 neg 0.03328942477036158	false	1.0
lasch	neg 1.0		__DUMMY__ 0.9256870282840307 off 0.04101938776224255 neg 0.033293583953726724	false	0.5
rivale	neg 1.0		__DUMMY__ 0.9262182080133808 off 0.04328278492285781 neg 0.030499007063761376	false	0.5
mutlos	off 1.0	off 1.0	off 0.5015487675047524 __DUMMY__ 0.4670557196435976 neg 0.03139551285165	false	1.0
wirr	off 1.0		__DUMMY__ 0.9237248186413459 off 0.044904548247847204 neg 0.03137063311080684	false	1.0
jahr			__DUMMY__ 0.9390183147172201 off 0.0325204464247579 neg 0.028461238858022025	false	0.0
wird			__DUMMY__ 0.9315863865875116 off 0.03535747892971303 neg 0.033056134482775335	false	0.0
strafbar	neg 1.0		__DUMMY__ 0.9312472359319763 off 0.034774023862045735 neg 0.03397874020597791	false	0.5
erosion	neg 1.0		__DUMMY__ 0.9326870897385917 off 0.03737577674932186 neg 0.029937133512086416	false	0.5
eingehen	neg 1.0		__DUMMY__ 0.9308668379936957 off 0.034908940709264466 neg 0.034224221297039774	false	0.5
faul	off 1.0		__DUMMY__ 0.9294590632216609 off 0.040608257258422154 neg 0.02993267951991691	false	1.0
provisorium	neg 1.0		__DUMMY__ 0.9405859077480896 neg 0.03179372211608095 off 0.027620370135829526	false	1.0
schmerzen	neg 1.0		__DUMMY__ 0.9305252067688284 off 0.03629403813419881 neg 0.03318075509697275	false	0.5
schrumpfen	neg 1.0		__DUMMY__ 0.934930969053177 neg 0.03500063192823987 off 0.030068399018583245	false	1.0
geistlos	off 1.0		__DUMMY__ 0.925478728263658 off 0.04025124290886729 neg 0.03427002882747485	false	1.0
fehlkauf	neg 1.0		__DUMMY__ 0.9310849635296812 off 0.03903750668761456 neg 0.029877529782704332	false	0.5
frustrierend	neg 1.0		__DUMMY__ 0.9278264776299372 off 0.040816470692483085 neg 0.031357051677579725	false	0.5
unzufrieden	neg 1.0		__DUMMY__ 0.9296031024486786 off 0.0360906260439823 neg 0.03430627150733908	false	0.5
verzweifeln	neg 1.0		__DUMMY__ 0.930560898634241 off 0.03696725828707057 neg 0.032471843078688466	false	0.5
verzweifelt	neg 1.0	neg 1.0	neg 0.5010245649647516 __DUMMY__ 0.46367232622158777 off 0.03530310881366069	false	1.0
misstrauensantrag	neg 1.0		__DUMMY__ 0.9290429564310431 off 0.039104156838937976 neg 0.03185288673001895	false	0.5
abfallen	neg 1.0		__DUMMY__ 0.9322688176075674 off 0.03789065933571808 neg 0.02984052305671444	false	0.5
fucker	off 1.0		__DUMMY__ 0.9268417054847691 off 0.04401952509984709 neg 0.029138769415383733	false	1.0
ungezogen	neg 1.0		__DUMMY__ 0.9199808094178785 off 0.04984174781152411 neg 0.030177442770597324	false	0.5
irrsinnig	neg 1.0	neg 1.0	neg 0.5004064095202857 __DUMMY__ 0.4643127884064976 off 0.03528080207321661	false	1.0
unfassbar	neg 1.0		__DUMMY__ 0.9270945817440269 off 0.04250625780337587 neg 0.030399160452597232	false	0.5
hart	neg 1.0		__DUMMY__ 0.9275398212674117 off 0.04197270229581907 neg 0.030487476436769183	false	0.5
widerlich	off 1.0		__DUMMY__ 0.9245911244526108 off 0.04310138400481528 neg 0.032307491542573834	false	1.0
fatal	neg 1.0		__DUMMY__ 0.9296368746935019 off 0.03952129280333643 neg 0.030841832503161734	false	0.5
bruch	neg 1.0		__DUMMY__ 0.9340848856696871 neg 0.03340370830705444 off 0.03251140602325849	false	1.0
aushungern	neg 1.0		__DUMMY__ 0.9325050389263103 off 0.03641741422073137 neg 0.03107754685295828	false	0.5
anspannung	neg 1.0		__DUMMY__ 0.9387072624307554 neg 0.031232396780609524 off 0.030060340788635044	false	1.0
von			__DUMMY__ 0.9407542679056276 off 0.032548404541917694 neg 0.02669732755245469	false	0.0
kraftlos	neg 1.0		__DUMMY__ 0.9327723314532261 off 0.03562004156211182 neg 0.031607626984662095	false	0.5
vom			__DUMMY__ 0.9417672516748994 neg 0.030358001660980845 off 0.02787474666411984	false	0.0
grenzdebil	off 1.0		__DUMMY__ 0.9276619475681372 off 0.04265938510134391 neg 0.029678667330518757	false	1.0
vor			__DUMMY__ 0.9356901258803586 off 0.03279988380191105 neg 0.03150999031773035	false	0.0
unterwerfen	neg 1.0		__DUMMY__ 0.9325305102971778 off 0.03494101397776407 neg 0.03252847572505806	false	0.5
versenkung	neg 1.0		__DUMMY__ 0.9334584226683882 off 0.035087293796633647 neg 0.03145428353497822	false	0.5
entziehen	neg 1.0		__DUMMY__ 0.9336360670610891 neg 0.033800638819586094 off 0.032563294119324675	false	1.0
finanzkrise	neg 1.0		__DUMMY__ 0.9298670662037505 off 0.03681418483382773 neg 0.03331874896242173	false	0.5
schimpfend	neg 1.0		__DUMMY__ 0.9297067726374912 off 0.03879422675971 neg 0.031499000602798775	false	0.5
profan	neg 1.0		__DUMMY__ 0.9278896420659396 off 0.03979388095137821 neg 0.0323164769826822	false	0.5
korruption	neg 1.0		__DUMMY__ 0.931773394799492 off 0.03538591268795595 neg 0.03284069251255209	false	0.5
â			__DUMMY__ 0.9343272473061375 off 0.035077958760861866 neg 0.03059479393300057	false	0.0
schmutzig	neg 1.0		__DUMMY__ 0.9281691887118803 off 0.04301897988223155 neg 0.028811831405888187	false	0.5
sexy	neg 1.0		__DUMMY__ 0.9295409851306238 off 0.04047412312045027 neg 0.029984891748925973	false	0.5
abraten	neg 1.0		__DUMMY__ 0.9293455126150703 off 0.039129707923177284 neg 0.03152477946175243	false	0.5
schwarz	neg 1.0		__DUMMY__ 0.9296615607326637 off 0.038915808644887584 neg 0.03142263062244871	false	0.5
fotze	off 1.0	off 1.0	off 0.5025137392763284 __DUMMY__ 0.4689825716451763 neg 0.02850368907849526	false	1.0
verwirren	neg 1.0		__DUMMY__ 0.9284266803211746 off 0.040225896157859535 neg 0.03134742352096585	false	0.5
zahnlos	off 1.0		__DUMMY__ 0.9298613028470408 off 0.03673430628680253 neg 0.03340439086615673	false	1.0
verheeren	neg 1.0		__DUMMY__ 0.9217647081431444 off 0.05114014686248479 neg 0.027095144994370813	false	0.5
hippie	neg 1.0		__DUMMY__ 0.9296230157364217 off 0.040267173221623986 neg 0.030109811041954315	false	0.5
rammen	neg 1.0		__DUMMY__ 0.9287310447352679 off 0.038383640369434556 neg 0.0328853148952975	false	0.5
unlauter	neg 1.0		__DUMMY__ 0.9268618735150286 off 0.0385218261429773 neg 0.034616300341994165	false	0.5
unheilvoll	neg 1.0		__DUMMY__ 0.9310376868411933 off 0.03872925815507693 neg 0.030233055003729765	false	0.5
niedrig	neg 1.0		__DUMMY__ 0.9314028665568548 neg 0.034917927232832595 off 0.03367920621031265	false	1.0
explosion	neg 1.0		__DUMMY__ 0.929410065926361 off 0.03976452011265186 neg 0.030825413960987053	false	0.5
weichei	off 1.0	off 1.0	off 0.5124012246634372 __DUMMY__ 0.4590706673132473 neg 0.028528108023315502	false	1.0
minusmensch	off 1.0		__DUMMY__ 0.9187343082417858 off 0.04943267138444945 neg 0.03183302037376475	false	1.0
farblos	neg 1.0		__DUMMY__ 0.9327587542898493 off 0.03673875378454077 neg 0.030502491925609828	false	0.5
unwissend	neg 1.0	neg 1.0	neg 0.499739848152339 __DUMMY__ 0.4622700470026963 off 0.0379901048449646	false	1.0
traurig	neg 1.0		__DUMMY__ 0.9257869092174744 off 0.04433474242364209 neg 0.029878348358883536	false	0.5
senkung	neg 1.0		__DUMMY__ 0.926465201582415 off 0.039661081489844534 neg 0.03387371692774052	false	0.5
ungleich	neg 1.0	neg 1.0	neg 0.5017044689015673 __DUMMY__ 0.46730487257608455 off 0.030990658522348325	false	1.0
heikel	neg 1.0		__DUMMY__ 0.9310248031647087 neg 0.03465750016445376 off 0.03431769667083755	false	1.0
drosselung	neg 1.0		__DUMMY__ 0.9270548732778731 off 0.04241448842530803 neg 0.03053063829681894	false	0.5
falsch	neg 1.0		__DUMMY__ 0.9269468125489525 off 0.04092877291486979 neg 0.032124414536177794	false	0.5
unzufriedenheit	neg 1.0		__DUMMY__ 0.9333481624113134 neg 0.033484162988235165 off 0.03316767460045147	false	1.0
kurz	neg 1.0		__DUMMY__ 0.9335315082533594 off 0.0361403443046056 neg 0.030328147442034985	false	0.5
unsinnig	neg 1.0		__DUMMY__ 0.9289652127541764 off 0.036828475779802 neg 0.034206311466021634	false	0.5
penner	off 1.0	off 1.0	off 0.5136178934269836 __DUMMY__ 0.4587320700651945 neg 0.027650036507821853	false	1.0
seicht	neg 1.0		__DUMMY__ 0.9186271041879183 off 0.049774793857588574 neg 0.031598101954493134	false	0.5
dummheit	off 1.0	off 1.0	off 0.506755871747591 __DUMMY__ 0.46316274128323515 neg 0.03008138696917392	false	1.0
unerfreulich	neg 1.0		__DUMMY__ 0.9330105419293274 off 0.03349574405958159 neg 0.033493714011090955	false	0.5
motherfucker	off 1.0	off 1.0	off 0.5097221349275355 __DUMMY__ 0.46297226438622874 neg 0.027305600686235748	false	1.0
pikiert	neg 1.0		__DUMMY__ 0.9258321377418613 off 0.04249190972603552 neg 0.03167595253210309	false	0.5
wrack	neg 1.0		__DUMMY__ 0.9339190360064697 off 0.0354319358810556 neg 0.030649028112474563	false	0.5
gangster	neg 1.0		__DUMMY__ 0.9295832326490991 off 0.040259519098190526 neg 0.03015724825271042	false	0.5
krank	neg 1.0		__DUMMY__ 0.9277090136842334 off 0.04243848279687644 neg 0.029852503518890093	false	0.5
reich	neg 1.0		__DUMMY__ 0.9303686475534669 off 0.04162295042686903 neg 0.028008402019664085	false	0.5
gnadenlos	neg 1.0		__DUMMY__ 0.9290252747229165 off 0.0387863778308741 neg 0.03218834744620933	false	0.5
niedergeschlagen	neg 1.0		__DUMMY__ 0.9323051002788691 off 0.03643949323574787 neg 0.03125540648538291	false	0.5
terrorisieren	off 1.0	off 1.0	off 0.5016730983970329 __DUMMY__ 0.4686927924379539 neg 0.029634109165013175	false	1.0
sinnlosigkeit	neg 1.0		__DUMMY__ 0.9305924609263722 off 0.036225781268031124 neg 0.03318175780559671	false	0.5
behindern	neg 1.0		__DUMMY__ 0.9317940093276188 off 0.03681647407750001 neg 0.03138951659488109	false	0.5
undemokratisch	neg 1.0		__DUMMY__ 0.9293115260386468 off 0.038690844119866626 neg 0.03199762984148663	false	0.5
wirtschaftskrise	neg 1.0		__DUMMY__ 0.9312703071281009 off 0.03523551334439111 neg 0.03349417952750796	false	0.5
neid	neg 1.0		__DUMMY__ 0.9293830105654955 off 0.04051289475657558 neg 0.03010409467792885	false	0.5
rutschen	neg 1.0		__DUMMY__ 0.9396078580379794 off 0.030484604617381287 neg 0.02990753734463932	false	0.5
rezession	neg 1.0		__DUMMY__ 0.9203674130249311 off 0.0449558765112854 neg 0.03467671046378356	false	0.5
fehlgeburt	neg 1.0		__DUMMY__ 0.9313290812371865 off 0.03872989256982538 neg 0.029941026192988163	false	0.5
charakterschwach	off 1.0		__DUMMY__ 0.9247233675923597 off 0.04305731020434807 neg 0.032219322203292294	false	1.0
isolation	neg 1.0		__DUMMY__ 0.9286916464171975 off 0.04041249816932024 neg 0.030895855413482224	false	0.5
ablenkung	neg 1.0		__DUMMY__ 0.9312018007088607 off 0.03763799358504972 neg 0.03116020570608951	false	0.5
pech	neg 1.0		__DUMMY__ 0.9272099442437363 off 0.04016142358615308 neg 0.03262863217011065	false	0.5
vermeidung	neg 1.0		__DUMMY__ 0.9279926413365297 off 0.042545875785796994 neg 0.02946148287767337	false	0.5
dominieren	neg 1.0		__DUMMY__ 0.9336909592766777 off 0.03454646979329535 neg 0.031762570930027025	false	0.5
schwindlig	neg 1.0		__DUMMY__ 0.9309757818629024 off 0.03882558944575638 neg 0.030198628691341205	false	0.5
lutscher	neg 1.0		__DUMMY__ 0.9192892440858697 off 0.04981517455892683 neg 0.03089558135520346	false	0.5
pflicht	neg 1.0		__DUMMY__ 0.9319120889424916 neg 0.03455670482557236 off 0.03353120623193606	false	1.0
faschist	off 1.0		__DUMMY__ 0.9284253898246604 off 0.040669637534311645 neg 0.030904972641027918	false	1.0
verschleudern	neg 1.0		__DUMMY__ 0.9312995438633912 neg 0.03456941689154806 off 0.03413103924506076	false	1.0
wenn			__DUMMY__ 0.9277918130124037 off 0.041068328587629994 neg 0.03113985839996636	false	0.0
ehebruch	neg 1.0		__DUMMY__ 0.9325269186327796 off 0.035361996299603606 neg 0.03211108506761683	false	0.5
spott	off 1.0		__DUMMY__ 0.9315047288944981 off 0.0350338493931112 neg 0.03346142171239071	false	1.0
trostlosigkeit	neg 1.0		__DUMMY__ 0.9357792847238621 off 0.0328407567822496 neg 0.0313799584938884	false	0.5
lutschen	neg 1.0		__DUMMY__ 0.9277048731193095 off 0.04067710705808473 neg 0.0316180198226059	false	0.5
undiszipliniert	neg 1.0		__DUMMY__ 0.9250709490902017 off 0.04390158881172986 neg 0.031027462098068483	false	0.5
kopfschmerz	neg 1.0		__DUMMY__ 0.931340142959551 off 0.03552271261765572 neg 0.033137144422793245	false	0.5
unvorhergesehen	neg 1.0		__DUMMY__ 0.9364770772381577 off 0.03323493058948619 neg 0.030287992172356146	false	0.5
desinteressiert	neg 1.0		__DUMMY__ 0.9253834902656499 off 0.043600040200754385 neg 0.031016469533595686	false	0.5
armselig	off 1.0		__DUMMY__ 0.9228914101084479 off 0.044745742946054524 neg 0.03236284694549764	false	1.0
desaster	neg 1.0		__DUMMY__ 0.9343130327702421 neg 0.03360950171193298 off 0.032077465517824894	false	1.0
tod	neg 1.0		__DUMMY__ 0.9375656420095897 off 0.03493034638659319 neg 0.027504011603817144	false	0.5
herzlos	neg 1.0		__DUMMY__ 0.9246751607293193 off 0.044487904466274694 neg 0.030836934804405972	false	0.5
unwissenheit	neg 1.0		__DUMMY__ 0.9308011814555656 off 0.03598836362882603 neg 0.033210454915608416	false	0.5
widersinnig	neg 1.0		__DUMMY__ 0.9279879833517658 off 0.03621177135017262 neg 0.035800245298061584	false	0.5
bedenklich	neg 1.0		__DUMMY__ 0.9305234472926754 off 0.035276333350200695 neg 0.034200219357123855	false	0.5
beanstanden	neg 1.0		__DUMMY__ 0.932734598195911 neg 0.0341140321732347 off 0.03315136963085431	false	1.0
panisch	neg 1.0	neg 1.0	neg 0.49623696701806086 __DUMMY__ 0.46814822681586304 off 0.03561480616607618	false	1.0
debil	off 1.0		__DUMMY__ 0.9402794738507663 neg 0.03145494696617581 off 0.028265579183057873	false	0.5
abstrich	neg 1.0		__DUMMY__ 0.9386310956286221 off 0.03558174785805763 neg 0.02578715651332017	false	0.5
primitiv	neg 1.0		__DUMMY__ 0.9243426682525784 off 0.04329354658491846 neg 0.0323637851625031	false	0.5
abschaum	off 1.0	off 1.0	off 0.5084795619116906 __DUMMY__ 0.46270081281809816 neg 0.02881962527021123	false	1.0
provozieren	neg 1.0		__DUMMY__ 0.9276643218927695 off 0.03867291275200061 neg 0.03366276535523	false	0.5
tot	neg 1.0		__DUMMY__ 0.9323397565820994 off 0.03505801605294083 neg 0.032602227364959685	false	0.5
instabil	neg 1.0		__DUMMY__ 0.9243266541633878 off 0.04410811940530062 neg 0.03156522643131165	false	0.5
schwuchtel	off 1.0	off 1.0	off 0.5181626020523111 __DUMMY__ 0.45372235387265425 neg 0.028115044075034644	false	1.0
zerren	neg 1.0		__DUMMY__ 0.9322567954244325 off 0.03613986200260122 neg 0.031603342572966195	false	0.5
kinderficker	off 1.0		__DUMMY__ 0.923539286679468 off 0.046817992029394746 neg 0.029642721291137163	false	1.0
gefahr	neg 1.0		__DUMMY__ 0.9347639476484116 off 0.0330225769360962 neg 0.03221347541549214	false	0.5
rabiat	neg 1.0		__DUMMY__ 0.9305365638887918 off 0.03789423374683407 neg 0.03156920236437416	false	0.5
verlangsamung	neg 1.0		__DUMMY__ 0.9199251645773656 off 0.048228190643457645 neg 0.031846644779176696	false	0.5
ausgestorben	neg 1.0		__DUMMY__ 0.9314700402877749 off 0.037554606651759595 neg 0.030975353060465463	false	0.5
anklagen	neg 1.0		__DUMMY__ 0.9321138756760311 off 0.03545989894473246 neg 0.032426225379236444	false	0.5
trott	neg 1.0		__DUMMY__ 0.9313905586843338 off 0.03715448262512138 neg 0.031454958690544786	false	0.5
verminderung	neg 1.0		__DUMMY__ 0.9266412697386084 off 0.04277775730400022 neg 0.03058097295739139	false	0.5
nach			__DUMMY__ 0.9393961939690159 neg 0.030931612472923177 off 0.029672193558061007	false	0.0
rost	neg 1.0		__DUMMY__ 0.922873941287616 off 0.04683220274752183 neg 0.030293855964862122	false	0.5
destruktiv	neg 1.0		__DUMMY__ 0.928842833231967 off 0.0376932527075549 neg 0.03346391406047809	false	0.5
unzumutbarkeit	neg 1.0		__DUMMY__ 0.9285283209192651 off 0.041868071648157895 neg 0.029603607432577	false	0.5
labil	off 1.0	off 1.0	off 0.5078637373633743 __DUMMY__ 0.4636658605192478 neg 0.02847040211737797	false	1.0
ziemlich	neg 1.0		__DUMMY__ 0.9278073608454033 off 0.04227412956306895 neg 0.029918509591527767	false	0.5
lachnummer	off 1.0		__DUMMY__ 0.9284345989023058 off 0.038436027367119055 neg 0.033129373730575035	false	1.0
oder			__DUMMY__ 0.9309866331808347 off 0.038109987287435296 neg 0.03090337953172996	false	0.0
verfall	neg 1.0		__DUMMY__ 0.9362539225073762 neg 0.03370084161893965 off 0.03004523587368421	false	1.0
ausgrenzung	neg 1.0		__DUMMY__ 0.9294467591811838 off 0.039158230040293396 neg 0.031395010778522824	false	0.5
unordnung	neg 1.0		__DUMMY__ 0.9293355469762852 off 0.043770687417919715 neg 0.026893765605795088	false	0.5
fehlverhalten	neg 1.0		__DUMMY__ 0.9310454695304287 neg 0.03489508443858935 off 0.034059446030982	false	1.0
eine			__DUMMY__ 0.934685105276476 off 0.03317146278878809 neg 0.032143431934736	false	0.0
nille	neg 1.0		__DUMMY__ 0.9322015220657808 off 0.037356658666137174 neg 0.030441819268081975	false	0.5
qual	neg 1.0		__DUMMY__ 0.9318148071665063 off 0.03686375564641789 neg 0.03132143718707585	false	0.5
verschwenden	neg 1.0		__DUMMY__ 0.9307645086694355 neg 0.03463253960030239 off 0.03460295173026218	false	1.0
riesig	neg 1.0		__DUMMY__ 0.9347869559985643 off 0.034556212225169206 neg 0.030656831776266484	false	0.5
verurteilen	neg 1.0		__DUMMY__ 0.9298779392127674 off 0.03605064487639106 neg 0.03407141591084146	false	0.5
klischee	neg 1.0	neg 1.0	neg 0.49983809747594493 __DUMMY__ 0.4629497999411799 off 0.037212102582875134	false	1.0
diktatorisch	neg 1.0		__DUMMY__ 0.928584956053398 off 0.03888785672934605 neg 0.03252718721725595	false	0.5
vorhersehbar	neg 1.0		__DUMMY__ 0.9258670005132258 off 0.04050373485910277 neg 0.0336292646276715	false	0.5
sowie			__DUMMY__ 0.9233091150268723 off 0.04620126311682607 neg 0.030489621856301698	false	0.0
stornieren	neg 1.0		__DUMMY__ 0.9341601678503223 off 0.03882066891750952 neg 0.02701916323216825	false	0.5
besteuerung	neg 1.0		__DUMMY__ 0.9271791444596836 off 0.038000109562495936 neg 0.03482074597782041	false	0.5
ungeschminkt	neg 1.0		__DUMMY__ 0.923898304073799 off 0.0426403630725089 neg 0.03346133285369212	false	0.5
kritisch	neg 1.0		__DUMMY__ 0.9311492120051812 off 0.03512420756858458 neg 0.03372658042623419	false	0.5
schlamperei	off 1.0		__DUMMY__ 0.9335651516554484 off 0.03399277338461438 neg 0.03244207495993721	false	1.0
sucht	neg 1.0	neg 1.0	neg 0.4926697204033103 __DUMMY__ 0.4733774079747235 off 0.03395287162196611	false	1.0
egoistisch	off 1.0		__DUMMY__ 0.921279427581865 off 0.046862186407357516 neg 0.031858386010777395	false	1.0
ausbeuter	off 1.0		__DUMMY__ 0.9304104341145454 neg 0.035529141389119875 off 0.03406042449633473	false	0.5
arschgeburt	off 1.0		__DUMMY__ 0.9149425698654392 off 0.053300824572981305 neg 0.03175660556157949	false	1.0
schubs	neg 1.0		__DUMMY__ 0.9317472332069484 off 0.03552864606581515 neg 0.03272412072723638	false	0.5
unsolide	neg 1.0		__DUMMY__ 0.9269912312337069 off 0.039317934947178994 neg 0.03369083381911414	false	0.5
beschwerde	neg 1.0		__DUMMY__ 0.9314260041237077 off 0.03462527951632909 neg 0.0339487163599633	false	0.5
stocken	neg 1.0		__DUMMY__ 0.933522140098625 off 0.03419968975585818 neg 0.032278170145516795	false	0.5
isolieren	neg 1.0		__DUMMY__ 0.932073855643094 off 0.03540608935039302 neg 0.03252005500651293	false	0.5
unheilbar	neg 1.0		__DUMMY__ 0.9315235947978914 off 0.038103417535699756 neg 0.030372987666408897	false	0.5
pisser	off 1.0		__DUMMY__ 0.9242665476905623 off 0.04431313631382338 neg 0.031420315995614394	false	1.0
löschen	neg 1.0		__DUMMY__ 0.9316191426092272 off 0.03749437245315075 neg 0.03088648493762209	false	0.5
durchfallen	neg 1.0		__DUMMY__ 0.9291425488280758 off 0.035574038180526714 neg 0.0352834129913975	false	0.5
wichser	off 1.0	off 1.0	off 0.5159377445310546 __DUMMY__ 0.45683027621268263 neg 0.027231979256262827	false	1.0
terror	neg 1.0		__DUMMY__ 0.9298826566112003 off 0.0397787476364716 neg 0.03033859575232814	false	0.5
krass	neg 1.0		__DUMMY__ 0.9240771477952541 off 0.044687103808058674 neg 0.031235748396687222	false	0.5
revolte	neg 1.0		__DUMMY__ 0.9296039528055561 off 0.03945643910382512 neg 0.030939608090618895	false	0.5
besorgt	neg 1.0		__DUMMY__ 0.9355866500514771 off 0.036111068405304314 neg 0.028302281543218503	false	0.5
nachlassen	neg 1.0		__DUMMY__ 0.9360199818187451 off 0.0337429456563937 neg 0.03023707252486115	false	0.5
alt	neg 1.0		__DUMMY__ 0.9325373197040457 off 0.03506325204326879 neg 0.032399428252685575	false	0.5
hundesohn	off 1.0		__DUMMY__ 0.9192495837487671 off 0.050494888490637574 neg 0.030255527760595324	false	1.0
als			__DUMMY__ 0.9312128794250899 off 0.03602939082143399 neg 0.03275772975347609	false	0.0
abschreckung	neg 1.0		__DUMMY__ 0.9336780133809083 neg 0.03326985157476305 off 0.03305213504432855	false	1.0
unqualifiziert	neg 1.0		__DUMMY__ 0.9251211224285345 off 0.04126353620538513 neg 0.033615341366080326	false	0.5
abgewichst	off 1.0		__DUMMY__ 0.9327014717561332 off 0.03664495387888984 neg 0.030653574364977013	false	1.0
schwer	neg 1.0		__DUMMY__ 0.9295606059405573 off 0.03732843599840034 neg 0.033110958061042375	false	0.5
bedeutungslosigkeit	neg 1.0		__DUMMY__ 0.9323124199874998 off 0.03388101206315293 neg 0.033806567949347194	false	0.5
kapitulation	neg 1.0		__DUMMY__ 0.9329353772000201 off 0.034871886406135484 neg 0.03219273639384441	false	0.5
unscharf	neg 1.0		__DUMMY__ 0.9276375175323325 off 0.039055919111413956 neg 0.03330656335625356	false	0.5
schwinden	neg 1.0		__DUMMY__ 0.9344861907804284 off 0.03354894379424892 neg 0.03196486542532271	false	0.5
versklavung	neg 1.0		__DUMMY__ 0.9312654780536427 off 0.03843648700038233 neg 0.030298034945975053	false	0.5
schlecht	neg 1.0		__DUMMY__ 0.9276686852197297 off 0.04249652073450516 neg 0.029834794045765223	false	0.5
verhasst	neg 1.0		__DUMMY__ 0.9264246150585613 off 0.03916139149167889 neg 0.03441399344975984	false	0.5
beschweren	neg 1.0		__DUMMY__ 0.92881724187852 off 0.03936622171780453 neg 0.03181653640367538	false	0.5
scheiden	neg 1.0		__DUMMY__ 0.9328372107819844 off 0.03704591988254181 neg 0.030116869335473747	false	0.5
frustriert	neg 1.0		__DUMMY__ 0.9299240986431233 off 0.036719312551318224 neg 0.033356588805558515	false	0.5
schimmelig	neg 1.0		__DUMMY__ 0.9302195025901092 neg 0.03496398697241379 off 0.034816510437477	false	1.0
fisch	neg 1.0		__DUMMY__ 0.9327428736315474 neg 0.0349142723475319 off 0.03234285402092073	false	1.0
schmuggel	neg 1.0		__DUMMY__ 0.9335544129724389 off 0.03408781463801792 neg 0.03235777238954319	false	0.5
auffallen	neg 1.0		__DUMMY__ 0.9284694523619332 off 0.03994106772064923 neg 0.0315894799174176	false	0.5
konkurrenz	neg 1.0		__DUMMY__ 0.9337185476917073 neg 0.033498665530728944 off 0.0327827867775639	false	1.0
teufelskreis	neg 1.0		__DUMMY__ 0.9292150452223519 off 0.03762989184097952 neg 0.03315506293666857	false	0.5
aufschreien	neg 1.0		__DUMMY__ 0.9273222824150329 off 0.04009347333314577 neg 0.03258424425182127	false	0.5
schuldner	neg 1.0		__DUMMY__ 0.9318899938621872 neg 0.03474791135469538 off 0.033362094783117434	false	1.0
missgeburt	off 1.0	off 1.0	off 0.5131277984839346 __DUMMY__ 0.4581445421907087 neg 0.028727659325356602	false	1.0
arbeitslos	neg 1.0		__DUMMY__ 0.9287261663231129 off 0.03594508866122359 neg 0.035328745015663486	false	0.5
befallen	neg 1.0		__DUMMY__ 0.9336716699006908 off 0.036559779926190444 neg 0.02976855017311871	false	0.5
miesepetrig	off 1.0	off 1.0	off 0.5079281699449046 __DUMMY__ 0.46376734652947654 neg 0.02830448352561883	false	1.0
alarmieren	neg 1.0		__DUMMY__ 0.9267547036467267 off 0.04153905685559285 neg 0.03170623949768038	false	0.5
ungeduscht	off 1.0		__DUMMY__ 0.9268281532549474 off 0.040563166534663145 neg 0.03260868021038946	false	1.0
knappheit	neg 1.0		__DUMMY__ 0.9293975199410136 off 0.03538807798709288 neg 0.03521440207189357	false	0.5
schlange	neg 1.0		__DUMMY__ 0.9328683710245635 off 0.03863467962414261 neg 0.028496949351293887	false	0.5
harsch	neg 1.0		__DUMMY__ 0.9268965409844789 off 0.04568789915193223 neg 0.027415559863588762	false	0.5
lang	neg 1.0		__DUMMY__ 0.9313240583357387 off 0.03818474201877665 neg 0.030491199645484624	false	0.5
ziellos	neg 1.0		__DUMMY__ 0.933545748042006 off 0.03504424267920461 neg 0.03141000927878944	false	0.5
selbstverliebt	neg 1.0		__DUMMY__ 0.9171353125093421 off 0.05117956622519837 neg 0.03168512126545951	false	0.5
beseitigen	neg 1.0		__DUMMY__ 0.9329654045182849 off 0.03630654800006053 neg 0.030728047481654485	false	0.5
dumm	off 1.0		__DUMMY__ 0.9219020193197083 off 0.04727031228523979 neg 0.030827668395051987	false	1.0
arbeitsloser	neg 1.0		__DUMMY__ 0.9309293033961598 off 0.03595670865502179 neg 0.03311398794881837	false	0.5
blitzen	neg 1.0		__DUMMY__ 0.9296156182050591 off 0.040187418899382266 neg 0.030196962895558618	false	0.5
hilflos	neg 1.0		__DUMMY__ 0.9305868063052681 off 0.03626535275493372 neg 0.0331478409397982	false	0.5
eklig	off 1.0		__DUMMY__ 0.9201276764739127 off 0.04777542366993233 neg 0.03209689985615497	false	1.0
begriff			__DUMMY__ 0.9300780920258446 off 0.03725177847575488 neg 0.03267012949840047	false	0.0
hungersnot	neg 1.0		__DUMMY__ 0.9337616388160451 off 0.03569921575778876 neg 0.03053914542616611	false	0.5
ungesetzlich	neg 1.0		__DUMMY__ 0.9261099691315788 off 0.038839756366387174 neg 0.03505027450203391	false	0.5
verschwendung	neg 1.0		__DUMMY__ 0.932545027490724 off 0.03430673897282985 neg 0.03314823353644618	false	0.5
schmerzvoll	neg 1.0		__DUMMY__ 0.9297438458794205 off 0.039051565900423406 neg 0.031204588220156076	false	0.5
vorzeitig	neg 1.0		__DUMMY__ 0.9302347427694313 off 0.039807382818283624 neg 0.029957874412285077	false	0.5
unvollkommenheit	neg 1.0		__DUMMY__ 0.9360939037659487 off 0.0349579302171643 neg 0.02894816601688698	false	0.5
intervenieren	neg 1.0		__DUMMY__ 0.9312413707674161 neg 0.03440305954516693 off 0.034355569687416966	false	1.0
banause	off 1.0		__DUMMY__ 0.9171403167460469 off 0.049904486129040214 neg 0.032955197124912905	false	1.0
rebell	neg 1.0		__DUMMY__ 0.9350734153053566 neg 0.034062012591626493 off 0.030864572103016873	false	1.0
unlogisch	neg 1.0		__DUMMY__ 0.9230876032893975 off 0.04437423527446613 neg 0.032538161436136345	false	0.5
leiden	neg 1.0		__DUMMY__ 0.9352664116918571 off 0.03286409888761006 neg 0.03186948942053285	false	0.5
abschaffung	neg 1.0		__DUMMY__ 0.9295835245139502 off 0.0379167563157111 neg 0.03249971917033869	false	0.5
sturz	neg 1.0		__DUMMY__ 0.9325179728823232 off 0.03760527825440069 neg 0.029876748863276043	false	0.5
verkleinerung	neg 1.0		__DUMMY__ 0.9248820417846938 off 0.04020704841335855 neg 0.03491090980194765	false	0.5
schmarotzer	off 1.0		__DUMMY__ 0.9274213762665339 off 0.03662854002080927 neg 0.03595008371265689	false	1.0
bestrafung	neg 1.0		__DUMMY__ 0.9305273287321443 off 0.03862078237501476 neg 0.030851888892840948	false	0.5
achtlos	neg 1.0	neg 1.0	neg 0.49860105189461296 __DUMMY__ 0.46767681796641486 off 0.033722130138972115	false	1.0
ungeheuer	neg 1.0		__DUMMY__ 0.9304116223485591 off 0.03941376471843409 neg 0.030174612933006807	false	0.5
