unsolidarisch	neg 1.0		off 0.3569908663773088 __DUMMY__ 0.3314590110963788 neg 0.3115501225263125	false	0.5
nachteilig	neg 1.0		off 0.3537407167455944 __DUMMY__ 0.3344184352332462 neg 0.31184084802115947	false	0.5
skeptisch	neg 1.0		off 0.3531173683888964 __DUMMY__ 0.3346270319044735 neg 0.31225559970663014	false	0.5
schrecklich	neg 1.0		off 0.36873213627965606 __DUMMY__ 0.3295846508676724 neg 0.30168321285267136	false	0.5
schlapp	neg 1.0		off 0.3648185615640981 __DUMMY__ 0.3313961108874323 neg 0.3037853275484697	false	0.5
abfall	neg 1.0		off 0.35057280036839167 __DUMMY__ 0.3372278503855765 neg 0.3121993492460319	false	0.5
widerspenstig	neg 1.0		off 0.35939035989764395 __DUMMY__ 0.33349647359137524 neg 0.30711316651098075	false	0.5
abrupt	neg 1.0		off 0.3557632890261629 __DUMMY__ 0.33634268178651267 neg 0.3078940291873245	false	0.5
unwirksam	neg 1.0		off 0.356429775988858 __DUMMY__ 0.33073192306734384 neg 0.3128383009437983	false	0.5
angreifen	neg 1.0		off 0.353234898117179 __DUMMY__ 0.33479913236429226 neg 0.3119659695185287	false	0.5
inkonsistent	neg 1.0		off 0.35971474118228636 __DUMMY__ 0.3325629825181924 neg 0.30772227629952126	false	0.5
abrutschen	neg 1.0		off 0.34996969728923066 __DUMMY__ 0.3357955887852534 neg 0.314234713925516	false	0.5
unsicher	neg 1.0		off 0.35910203744579466 __DUMMY__ 0.33384660470581257 neg 0.3070513578483929	false	0.5
bauernkind	off 1.0	off 1.0	off 0.6726351894445081 neg 0.17026016616653222 __DUMMY__ 0.15710464438895969	false	1.0
angreifer	neg 1.0	neg 1.0	neg 0.6380374269905488 off 0.20004178463799552 __DUMMY__ 0.16192078837145568	false	1.0
trennen	neg 1.0		off 0.35434582642106427 __DUMMY__ 0.33656847074813256 neg 0.309085702830803	false	0.5
schmutz	neg 1.0		off 0.3635419970200199 __DUMMY__ 0.3361232213323957 neg 0.3003347816475843	false	0.5
inkonsistenz	neg 1.0		off 0.36211097719712865 __DUMMY__ 0.32837589982172466 neg 0.3095131229811467	false	0.5
erschreckend	neg 1.0		off 0.35732310824207886 __DUMMY__ 0.332811833592212 neg 0.3098650581657092	false	0.5
ertrinken	neg 1.0		off 0.3547987109140773 __DUMMY__ 0.33581282802703427 neg 0.30938846105888856	false	0.5
pickelface	off 1.0		off 0.3584276133400398 __DUMMY__ 0.3343169300344823 neg 0.30725545662547793	false	1.0
seiner			off 0.3539285639503648 __DUMMY__ 0.3350411203516995 neg 0.3110303156979357	false	0.0
lauch	neg 1.0		off 0.35179078571597205 __DUMMY__ 0.33704122398899655 neg 0.3111679902950315	false	0.5
unwichtig	neg 1.0		off 0.3632994227884936 __DUMMY__ 0.3304159982227509 neg 0.3062845789887556	false	0.5
steuerhinterziehung	neg 1.0	neg 1.0	neg 0.6420879916220914 off 0.19640996576621295 __DUMMY__ 0.1615020426116956	false	1.0
schock	neg 1.0		off 0.3585722123865385 __DUMMY__ 0.33443092305161365 neg 0.30699686456184777	false	0.5
beule	neg 1.0		off 0.36580308352681346 __DUMMY__ 0.33085531263070306 neg 0.30334160384248354	false	0.5
vergelten	neg 1.0		off 0.3686253949178458 __DUMMY__ 0.33148539768458646 neg 0.2998892073975677	false	0.5
verdorbenheit	neg 1.0		off 0.36095743899838123 __DUMMY__ 0.3347935123768915 neg 0.3042490486247272	false	0.5
trauma	neg 1.0		off 0.360203454196917 __DUMMY__ 0.3333528195806691 neg 0.3064437262224139	false	0.5
sinnlos	neg 1.0		off 0.36141804064170713 __DUMMY__ 0.33267621810057624 neg 0.30590574125771663	false	0.5
fettsack	off 1.0	off 1.0	off 0.6739505424305963 neg 0.1683431044093684 __DUMMY__ 0.1577063531600354	false	1.0
feige	off 1.0	off 1.0	off 0.6708331113721132 neg 0.1698104254446245 __DUMMY__ 0.15935646318326221	false	1.0
abdanken	neg 1.0		off 0.3582196488575406 __DUMMY__ 0.3337494019912663 neg 0.30803094915119317	false	0.5
wichtigtuer	off 1.0	off 1.0	off 0.6695035143120323 neg 0.1703876519845643 __DUMMY__ 0.16010883370340354	false	1.0
misslingen	neg 1.0		off 0.36153390744690933 __DUMMY__ 0.33581530118415065 neg 0.3026507913689401	false	0.5
untreu	off 1.0		off 0.364473433416539 __DUMMY__ 0.33091608570494985 neg 0.3046104808785111	false	1.0
missmutig	neg 1.0		off 0.3644254017005953 __DUMMY__ 0.3320021368796343 neg 0.30357246141977035	false	0.5
hurenbock	off 1.0		off 0.36254290181304283 __DUMMY__ 0.3343515742617878 neg 0.30310552392516943	false	1.0
betrunken	neg 1.0		off 0.3667847956092101 __DUMMY__ 0.3309041302926601 neg 0.3023110740981297	false	0.5
korrupt	off 1.0		off 0.35452016708861483 __DUMMY__ 0.3322143464480554 neg 0.31326548646332986	false	1.0
unmut	neg 1.0		off 0.3504349681282663 __DUMMY__ 0.33621229367365907 neg 0.3133527381980746	false	0.5
hackfresse	off 1.0		off 0.3719540616230528 __DUMMY__ 0.32743444085719037 neg 0.3006114975197567	false	1.0
aufblasen	neg 1.0		off 0.3615701463950208 __DUMMY__ 0.33343594772124674 neg 0.30499390588373243	false	0.5
gewaltsam	neg 1.0		off 0.3579954400366518 __DUMMY__ 0.3347075721170318 neg 0.30729698784631626	false	0.5
unbeliebtheit	neg 1.0		off 0.36151049963956516 __DUMMY__ 0.3297718751027146 neg 0.3087176252577203	false	0.5
sturheit	neg 1.0		off 0.35692104273768344 __DUMMY__ 0.33328178793576535 neg 0.3097971693265512	false	0.5
kuh	neg 1.0		off 0.3592265346888293 __DUMMY__ 0.32946827681528124 neg 0.3113051884958895	false	0.5
erschrecken	neg 1.0		off 0.36449183216052633 __DUMMY__ 0.33261976059537984 neg 0.3028884072440938	false	0.5
opfer	neg 1.0		off 0.3552027951932934 __DUMMY__ 0.3347490844527314 neg 0.31004812035397533	false	0.5
sinken	neg 1.0		off 0.351574479006518 __DUMMY__ 0.3364928791693598 neg 0.3119326418241222	false	0.5
stinktier	neg 1.0		off 0.36693005818790014 __DUMMY__ 0.3260813120144107 neg 0.3069886297976891	false	0.5
tucke	off 1.0		off 0.37316100822294607 __DUMMY__ 0.3267985570672516 neg 0.30004043470980235	false	1.0
ein			off 0.3600877125109651 __DUMMY__ 0.3329763941106533 neg 0.3069358933783818	false	0.0
abstieg	neg 1.0		off 0.35398498556222885 __DUMMY__ 0.3350685717517806 neg 0.31094644268599064	false	0.5
missverstehen	neg 1.0		off 0.360803902795162 __DUMMY__ 0.33062188446739643 neg 0.3085742127374415	false	0.5
ergebnislos	neg 1.0		off 0.35363890763865713 __DUMMY__ 0.3352002710595386 neg 0.31116082130180434	false	0.5
unter			off 0.3465874746535783 __DUMMY__ 0.3394899370827795 neg 0.31392258826364233	false	0.0
manipulieren	neg 1.0		off 0.3534613334622725 __DUMMY__ 0.33562468083676084 neg 0.31091398570096673	false	0.5
unbewiesen	neg 1.0		off 0.35656154961375947 __DUMMY__ 0.33098117982479164 neg 0.3124572705614489	false	0.5
verschleppen	neg 1.0		off 0.3549742036273325 __DUMMY__ 0.3339802875429196 neg 0.31104550882974785	false	0.5
weib	off 1.0		off 0.37139584682023996 __DUMMY__ 0.32551636059512207 neg 0.30308779258463797	false	1.0
opposition	neg 1.0		off 0.3597600317124893 __DUMMY__ 0.3317895896653648 neg 0.3084503786221459	false	0.5
verkehrswidrig	neg 1.0		off 0.37051565007456566 __DUMMY__ 0.3319199966205191 neg 0.2975643533049152	false	0.5
inkorrekt	neg 1.0		off 0.3667936018472687 __DUMMY__ 0.3284864499364825 neg 0.3047199482162487	false	0.5
vermeiden	neg 1.0		off 0.34903041545551006 __DUMMY__ 0.3371275693565093 neg 0.31384201518798055	false	0.5
abweichung	neg 1.0		off 0.35427936634795376 __DUMMY__ 0.3338705767996276 neg 0.3118500568524186	false	0.5
alkoholisiert	neg 1.0		off 0.35451538077502004 __DUMMY__ 0.3354515251077313 neg 0.31003309411724866	false	0.5
scheiss	off 1.0	off 1.0	off 0.6716431546679981 neg 0.16857492213134548 __DUMMY__ 0.15978192320065648	false	1.0
herausforderung	neg 1.0		off 0.35377899467763807 __DUMMY__ 0.33542520394650105 neg 0.3107958013758608	false	0.5
pervers	off 1.0		off 0.3753534650483919 __DUMMY__ 0.3258060201825752 neg 0.2988405147690328	false	1.0
wackelig	neg 1.0		off 0.3581622152852971 __DUMMY__ 0.3357900182210412 neg 0.30604776649366155	false	0.5
verwickeln	neg 1.0		off 0.3602741371122393 __DUMMY__ 0.33089384689696394 neg 0.3088320159907968	false	0.5
vorwand	neg 1.0		off 0.3527231672108693 __DUMMY__ 0.33495848232194525 neg 0.3123183504671854	false	0.5
muschi	off 1.0		off 0.35842023373838067 __DUMMY__ 0.3341111786721768 neg 0.30746858758944257	false	1.0
entmutigung	neg 1.0		off 0.3597279305334159 __DUMMY__ 0.3324509200151116 neg 0.30782114945147243	false	0.5
unangemessen	neg 1.0		off 0.3555976751857293 __DUMMY__ 0.33214943148729065 neg 0.3122528933269802	false	0.5
unstetig	neg 1.0		off 0.3617014865291724 __DUMMY__ 0.332236607250232 neg 0.3060619062205955	false	0.5
entmutigen	neg 1.0		off 0.3599252938926796 __DUMMY__ 0.3330069509701749 neg 0.30706775513714557	false	0.5
schwanz	neg 1.0		off 0.35583919218691085 __DUMMY__ 0.33506423070021685 neg 0.30909657711287236	false	0.5
verbot	neg 1.0		off 0.355268730754265 __DUMMY__ 0.33377569268957863 neg 0.31095557655615647	false	0.5
leid	neg 1.0		off 0.3697250184030965 __DUMMY__ 0.32804340223112577 neg 0.3022315793657779	false	0.5
archaisch	neg 1.0		off 0.35722097526787383 __DUMMY__ 0.33357265741847736 neg 0.30920636731364887	false	0.5
gegen			off 0.35126587464003645 __DUMMY__ 0.3360990509361092 neg 0.3126350744238542	false	0.0
scheidung	neg 1.0		off 0.3823143236332641 __DUMMY__ 0.3272807315435156 neg 0.2904049448232204	false	0.5
einschlag	neg 1.0		off 0.36750590480902473 __DUMMY__ 0.33017911428215724 neg 0.302314980908818	false	0.5
m			off 0.356895966339937 __DUMMY__ 0.334860752761683 neg 0.30824328089838005	false	0.0
abgestanden	neg 1.0		off 0.35927888898534316 __DUMMY__ 0.33247769638669483 neg 0.308243414627962	false	0.5
schmierig	off 1.0		off 0.36994776628434356 __DUMMY__ 0.3294861136548071 neg 0.3005661200608495	false	1.0
unpraktisch	neg 1.0		off 0.36060701730386063 __DUMMY__ 0.3327588824109099 neg 0.3066341002852295	false	0.5
wixxer	off 1.0		off 0.3747365024318896 __DUMMY__ 0.32475421650947545 neg 0.3005092810586349	false	1.0
bezeichnet			off 0.35769037650517604 __DUMMY__ 0.3318015384259132 neg 0.3105080850689107	false	0.0
jammerlappen	off 1.0		off 0.36444296608634086 __DUMMY__ 0.3316993180836905 neg 0.30385771582996873	false	1.0
farce	neg 1.0		off 0.3560823381264724 __DUMMY__ 0.33307144738604355 neg 0.31084621448748406	false	0.5
zwecklos	neg 1.0		off 0.3560033013405613 __DUMMY__ 0.3331453762706591 neg 0.31085132238877944	false	0.5
turbulent	neg 1.0		off 0.3656779666568674 __DUMMY__ 0.3304925900264698 neg 0.3038294433166628	false	0.5
invasion	neg 1.0		off 0.36069507706656867 __DUMMY__ 0.33217071039942303 neg 0.3071342125340082	false	0.5
schuld	neg 1.0		off 0.35935338737326883 __DUMMY__ 0.3320398333550301 neg 0.30860677927170105	false	0.5
risiko	neg 1.0	neg 1.0	neg 0.6382922801997669 off 0.1996261355448135 __DUMMY__ 0.1620815842554196	false	1.0
finster	neg 1.0		off 0.35936531767862695 __DUMMY__ 0.3315294310421834 neg 0.30910525127918953	false	0.5
geisteskrank	off 1.0		off 0.3644189354165849 __DUMMY__ 0.32866716712400534 neg 0.30691389745940967	false	1.0
zusammenbrechen	neg 1.0		off 0.3568015218125078 __DUMMY__ 0.33392690544272785 neg 0.30927157274476424	false	0.5
ausbeute	neg 1.0		off 0.35815918426242765 __DUMMY__ 0.3382138980857118 neg 0.3036269176518606	false	0.5
hinterhalt	neg 1.0		off 0.36042428162323054 __DUMMY__ 0.33781198302348453 neg 0.301763735353285	false	0.5
kritik	neg 1.0		off 0.3557489342994065 __DUMMY__ 0.3329983536514932 neg 0.31125271204910043	false	0.5
einschrumpfen	neg 1.0		off 0.36257083945317314 __DUMMY__ 0.33097942830048077 neg 0.306449732246346	false	0.5
riskant	neg 1.0		off 0.3533780383936567 __DUMMY__ 0.3339716330526816 neg 0.3126503285536616	false	0.5
frustrieren	neg 1.0		off 0.3545392233328927 __DUMMY__ 0.3339008015392588 neg 0.3115599751278485	false	0.5
groll	neg 1.0		off 0.35542109622081747 __DUMMY__ 0.3332192242862881 neg 0.31135967949289456	false	0.5
gibt			off 0.35689166788147203 __DUMMY__ 0.333960688764735 neg 0.309147643353793	false	0.0
qualvoll	neg 1.0		off 0.36293793292932297 __DUMMY__ 0.33285109035723104 neg 0.3042109767134459	false	0.5
wackeln	neg 1.0		off 0.3612157016524032 __DUMMY__ 0.3346121596041002 neg 0.30417213874349674	false	0.5
klagen	neg 1.0		off 0.3508733178509763 __DUMMY__ 0.33548172433022333 neg 0.3136449578188005	false	0.5
bankrott	neg 1.0		off 0.364475769228049 __DUMMY__ 0.3327179545951589 neg 0.302806276176792	false	0.5
trauern	neg 1.0		off 0.35588470283130713 __DUMMY__ 0.3362323637820615 neg 0.3078829333866312	false	0.5
ablehnung	neg 1.0		off 0.3552689313981631 __DUMMY__ 0.3329176355159467 neg 0.3118134330858901	false	0.5
stur	neg 1.0		off 0.3593901150328837 __DUMMY__ 0.331818901633017 neg 0.3087909833340992	false	0.5
aufruhr	neg 1.0		off 0.35775469491354916 __DUMMY__ 0.33385529352048127 neg 0.3083900115659697	false	0.5
melancholie	neg 1.0		off 0.35597615639859315 __DUMMY__ 0.3348710253526965 neg 0.3091528182487101	false	0.5
ist			off 0.360961843551674 __DUMMY__ 0.33255828594912124 neg 0.3064798704992047	false	0.0
torheit	neg 1.0		off 0.3592342326117006 __DUMMY__ 0.3332029026479338 neg 0.3075628647403655	false	0.5
dreckskind	off 1.0		off 0.370026085468155 __DUMMY__ 0.32675189548653283 neg 0.3032220190453121	false	1.0
umtauschen	neg 1.0		off 0.3586219985164678 __DUMMY__ 0.333448932103807 neg 0.30792906937972503	false	0.5
zum			off 0.35093404314127363 __DUMMY__ 0.3392980718106059 neg 0.3097678850481204	false	0.0
zersetzen	neg 1.0		off 0.3526462289189135 __DUMMY__ 0.3343742484789705 neg 0.3129795226021158	false	0.5
zur			off 0.34911646968983867 __DUMMY__ 0.3382268422454763 neg 0.31265668806468494	false	0.0
frust	neg 1.0		off 0.3569399052241485 __DUMMY__ 0.3341365156313804 neg 0.30892357914447105	false	0.5
unerbittlichkeit	neg 1.0		off 0.3530494034708157 __DUMMY__ 0.3349265143552432 neg 0.3120240821739411	false	0.5
zwei			off 0.3516851589566046 __DUMMY__ 0.33837230063768814 neg 0.30994254040570723	false	0.0
unkorrekt	neg 1.0		off 0.3668808937605555 __DUMMY__ 0.3292125617617497 neg 0.3039065444776947	false	0.5
hexe	off 1.0		off 0.3633808835764401 __DUMMY__ 0.3297531216559964 neg 0.30686599476756354	false	1.0
lasch	neg 1.0		off 0.3618626628473178 __DUMMY__ 0.3302964675048295 neg 0.3078408696478527	false	0.5
rivale	neg 1.0		off 0.3667331553792382 __DUMMY__ 0.3304126761813512 neg 0.3028541684394106	false	0.5
mutlos	off 1.0	off 1.0	off 0.6653791355096822 neg 0.17301006740744074 __DUMMY__ 0.16161079708287712	false	1.0
wirr	off 1.0		off 0.36789499035265943 __DUMMY__ 0.32891474586113945 neg 0.3031902637862012	false	1.0
jahr			off 0.35524419452997086 __DUMMY__ 0.33851160378557493 neg 0.3062442016844543	false	0.0
wird			off 0.3554741013583017 __DUMMY__ 0.3340881255316393 neg 0.3104377731100589	false	0.0
strafbar	neg 1.0		off 0.353858113154231 __DUMMY__ 0.3338348285857595 neg 0.31230705826000943	false	0.5
erosion	neg 1.0		off 0.36002433997486805 __DUMMY__ 0.3345938272993829 neg 0.3053818327257489	false	0.5
eingehen	neg 1.0		off 0.3540289654231803 __DUMMY__ 0.33368809741407535 neg 0.3122829371627444	false	0.5
faul	off 1.0		off 0.36414760669135326 __DUMMY__ 0.3323283084118924 neg 0.30352408489675436	false	1.0
provisorium	neg 1.0		off 0.347438394035573 __DUMMY__ 0.33959295589794686 neg 0.31296865006648017	false	0.5
schmerzen	neg 1.0		off 0.357411515887175 __DUMMY__ 0.3330908926924736 neg 0.3094975914203512	false	0.5
schrumpfen	neg 1.0		off 0.3479133080105374 __DUMMY__ 0.3361852541996348 neg 0.3159014377898278	false	0.5
geistlos	off 1.0		off 0.3601541221197441 __DUMMY__ 0.3301996656274378 neg 0.30964621225281797	false	1.0
fehlkauf	neg 1.0		off 0.3617666551430267 __DUMMY__ 0.333578600127287 neg 0.3046547447296864	false	0.5
frustrierend	neg 1.0		off 0.3629532676515306 __DUMMY__ 0.3315936483974942 neg 0.30545308395097526	false	0.5
unzufrieden	neg 1.0		off 0.35532250156468115 __DUMMY__ 0.33291495719234976 neg 0.3117625412429691	false	0.5
verzweifeln	neg 1.0		off 0.3576039675536503 __DUMMY__ 0.3334339017615068 neg 0.308962130684843	false	0.5
verzweifelt	neg 1.0	neg 1.0	neg 0.6412532885187031 off 0.19842248818217817 __DUMMY__ 0.1603242232991188	false	1.0
misstrauensantrag	neg 1.0		off 0.361064260007922 __DUMMY__ 0.3322880604682763 neg 0.3066476795238017	false	0.5
abfallen	neg 1.0		off 0.36091525175793415 __DUMMY__ 0.3341648642927401 neg 0.30491988394932573	false	0.5
fucker	off 1.0		off 0.3679279036599593 __DUMMY__ 0.33104168726008026 neg 0.30103040907996054	false	1.0
ungezogen	neg 1.0		off 0.37464369408031034 __DUMMY__ 0.3264412162549006 neg 0.29891508966478914	false	0.5
irrsinnig	neg 1.0	neg 1.0	neg 0.6408529772018696 off 0.1985920647753354 __DUMMY__ 0.16055495802279499	false	1.0
unfassbar	neg 1.0		off 0.36554958391806913 __DUMMY__ 0.33107885234578455 neg 0.3033715637361465	false	0.5
hart	neg 1.0		off 0.3651843416862534 __DUMMY__ 0.33120015005904835 neg 0.3036155082546982	false	0.5
widerlich	off 1.0		off 0.36513003544814704 __DUMMY__ 0.3294964308820743 neg 0.30537353366977876	false	1.0
fatal	neg 1.0		off 0.3617291717588333 __DUMMY__ 0.33280026496303305 neg 0.30547056327813366	false	0.5
bruch	neg 1.0		off 0.3514959898293151 __DUMMY__ 0.3356534545089032 neg 0.3128505556617816	false	0.5
aushungern	neg 1.0		off 0.3571913618437643 __DUMMY__ 0.33458192663254727 neg 0.3082267115236883	false	0.5
anspannung	neg 1.0		off 0.3503588531595843 __DUMMY__ 0.3385244727731917 neg 0.31111667406722404	false	0.5
von			off 0.3561164812021298 __DUMMY__ 0.3395006905539813 neg 0.304382828243889	false	0.0
kraftlos	neg 1.0		off 0.3567748033104253 __DUMMY__ 0.33471047126257525 neg 0.3085147254269994	false	0.5
vom			off 0.348736566833048 __DUMMY__ 0.3403189651848924 neg 0.3109444679820596	false	0.0
grenzdebil	off 1.0		off 0.36628678979841983 __DUMMY__ 0.3313219467931479 neg 0.30239126340843214	false	1.0
vor			off 0.353265124653802 __DUMMY__ 0.33668492081531176 neg 0.3100499545308863	false	0.0
unterwerfen	neg 1.0		off 0.3550009113758779 __DUMMY__ 0.3345855961761498 neg 0.3104134924479723	false	0.5
versenkung	neg 1.0		off 0.3556731186368746 __DUMMY__ 0.3353223609250899 neg 0.30900452043803545	false	0.5
entziehen	neg 1.0		off 0.35147469689242916 __DUMMY__ 0.335382352188784 neg 0.31314295091878697	false	0.5
finanzkrise	neg 1.0		off 0.3569571905624964 __DUMMY__ 0.3328486163689525 neg 0.3101941930685511	false	0.5
schimpfend	neg 1.0		off 0.3612142334419323 __DUMMY__ 0.3326133726711629 neg 0.3061723938869048	false	0.5
profan	neg 1.0		off 0.3613109462373696 __DUMMY__ 0.33160098864119697 neg 0.30708806512143344	false	0.5
korruption	neg 1.0		off 0.35524233190224386 __DUMMY__ 0.33407905458063325 neg 0.3106786135171229	false	0.5
â			off 0.3569098099967198 __DUMMY__ 0.3356803610103304 neg 0.30740982899294994	false	0.0
schmutzig	neg 1.0		off 0.3671852279485964 __DUMMY__ 0.33165305692596625 neg 0.30116171512543743	false	0.5
sexy	neg 1.0		off 0.3634810346528969 __DUMMY__ 0.33268791989208574 neg 0.30383104545501743	false	0.5
abraten	neg 1.0		off 0.3610702532311727 __DUMMY__ 0.33244913352154537 neg 0.3064806132472818	false	0.5
schwarz	neg 1.0		off 0.3607455823203567 __DUMMY__ 0.3327975418213171 neg 0.3064568758583263	false	0.5
fotze	off 1.0	off 1.0	off 0.6673667260998353 neg 0.17035496426649666 __DUMMY__ 0.16227830963366813	false	1.0
verwirren	neg 1.0		off 0.3622389826568294 __DUMMY__ 0.3319748836276695 neg 0.30578613371550106	false	0.5
zahnlos	off 1.0		off 0.3565431865177042 __DUMMY__ 0.33305833431057935 neg 0.3103984791717164	false	1.0
verheeren	neg 1.0		off 0.37741947550574323 __DUMMY__ 0.32767612096555 neg 0.29490440352870667	false	0.5
hippie	neg 1.0		off 0.36307125889164676 __DUMMY__ 0.3327856166106118 neg 0.30414312449774156	false	0.5
rammen	neg 1.0		off 0.36002506035468684 __DUMMY__ 0.33195478918472976 neg 0.30802015046058345	false	0.5
unlauter	neg 1.0		off 0.35824230857234524 __DUMMY__ 0.3309460355246409 neg 0.31081165590301385	false	0.5
unheilvoll	neg 1.0		off 0.36169964896728307 __DUMMY__ 0.33337107781136943 neg 0.30492927322134744	false	0.5
niedrig	neg 1.0		off 0.3528216313707061 __DUMMY__ 0.33374707933885817 neg 0.31343128929043557	false	0.5
explosion	neg 1.0		off 0.36221244851954315 __DUMMY__ 0.3325364332734357 neg 0.30525111820702117	false	0.5
weichei	off 1.0	off 1.0	off 0.6746973014016179 neg 0.1669385947685734 __DUMMY__ 0.15836410382980876	false	1.0
minusmensch	off 1.0		off 0.37249414831324806 __DUMMY__ 0.32599114482862657 neg 0.30151470685812537	false	1.0
farblos	neg 1.0		off 0.3594588332678958 __DUMMY__ 0.33439637052835725 neg 0.306144796203747	false	0.5
unwissend	neg 1.0	neg 1.0	neg 0.639419340319633 off 0.20090686985821196 __DUMMY__ 0.15967378982215513	false	1.0
traurig	neg 1.0		off 0.36815811377504654 __DUMMY__ 0.33014523725579914 neg 0.3016966489691544	false	0.5
senkung	neg 1.0		off 0.3604762488047936 __DUMMY__ 0.330659172913919 neg 0.3088645782812875	false	0.5
ungleich	neg 1.0	neg 1.0	neg 0.6433747240874003 off 0.19496418980039912 __DUMMY__ 0.16166108611220054	false	1.0
heikel	neg 1.0		off 0.3531260760989755 __DUMMY__ 0.3337447205334322 neg 0.3131292033675924	false	0.5
drosselung	neg 1.0		off 0.3658119099059713 __DUMMY__ 0.3309281836797716 neg 0.303259906414257	false	0.5
falsch	neg 1.0		off 0.3627418623219976 __DUMMY__ 0.33097625714503315 neg 0.3062818805329692	false	0.5
unzufriedenheit	neg 1.0		off 0.35232093798261804 __DUMMY__ 0.3351862549813049 neg 0.31249280703607724	false	0.5
kurz	neg 1.0		off 0.3583234393529731 __DUMMY__ 0.33510964628460194 neg 0.306566914362425	false	0.5
unsinnig	neg 1.0		off 0.3563134290092705 __DUMMY__ 0.33243064716132353 neg 0.31125592382940603	false	0.5
penner	off 1.0	off 1.0	off 0.6757578694058188 neg 0.1659742828049676 __DUMMY__ 0.15826784778921366	false	1.0
seicht	neg 1.0		off 0.3732678436138334 __DUMMY__ 0.3257347925950547 neg 0.300997363791112	false	0.5
dummheit	off 1.0	off 1.0	off 0.6697420529110751 neg 0.17016987244911436 __DUMMY__ 0.1600880746398105	false	1.0
unerfreulich	neg 1.0		off 0.3529880234277381 __DUMMY__ 0.33490418553572154 neg 0.31210779103654035	false	0.5
motherfucker	off 1.0	off 1.0	off 0.6728562166384247 neg 0.16712791451474854 __DUMMY__ 0.16001586884682692	false	1.0
pikiert	neg 1.0		off 0.36475423140423735 __DUMMY__ 0.3302781689571128 neg 0.3049675996386499	false	0.5
wrack	neg 1.0		off 0.3574886747152749 __DUMMY__ 0.3352355635967079 neg 0.3072757616880173	false	0.5
gangster	neg 1.0		off 0.3631087731675321 __DUMMY__ 0.33272385433870183 neg 0.30416737249376613	false	0.5
krank	neg 1.0		off 0.3662253675861768 __DUMMY__ 0.3312609927763724 neg 0.30251363963745087	false	0.5
reich	neg 1.0		off 0.36608614843806514 __DUMMY__ 0.33292846234422324 neg 0.30098538921771173	false	0.5
gnadenlos	neg 1.0		off 0.35985311025039035 __DUMMY__ 0.33249225249860564 neg 0.307654637251004	false	0.5
niedergeschlagen	neg 1.0		off 0.3579418342035519 __DUMMY__ 0.33444195409319233 neg 0.30761621170325576	false	0.5
terrorisieren	off 1.0	off 1.0	off 0.6661054045660525 neg 0.17164702150498853 __DUMMY__ 0.1622475739289589	false	1.0
sinnlosigkeit	neg 1.0		off 0.3562443257549242 __DUMMY__ 0.33348048908881534 neg 0.31027518515626046	false	0.5
behindern	neg 1.0		off 0.35852506423329905 __DUMMY__ 0.3340582172140911 neg 0.3074167185526099	false	0.5
undemokratisch	neg 1.0		off 0.3594684436778311 __DUMMY__ 0.3325170374490785 neg 0.30801451887309045	false	0.5
wirtschaftskrise	neg 1.0		off 0.3547891328792649 __DUMMY__ 0.33380470636816856 neg 0.31140616075256655	false	0.5
neid	neg 1.0		off 0.36374252211079694 __DUMMY__ 0.3323583315242947 neg 0.30389914636490833	false	0.5
rutschen	neg 1.0		off 0.352027227196897 __DUMMY__ 0.33893621225937826 neg 0.3090365605437248	false	0.5
rezession	neg 1.0		off 0.36594749206400295 __DUMMY__ 0.3269883969743473 neg 0.30706411096164976	false	0.5
fehlgeburt	neg 1.0		off 0.3617145650968371 __DUMMY__ 0.33356173161567365 neg 0.3047237032874894	false	0.5
charakterschwach	off 1.0		off 0.364933980081252 __DUMMY__ 0.329603719540884 neg 0.3054623003778641	false	1.0
isolation	neg 1.0		off 0.36304520316048355 __DUMMY__ 0.3320903354868717 neg 0.3048644613526447	false	0.5
ablenkung	neg 1.0		off 0.35936329260181066 __DUMMY__ 0.33371787202502046 neg 0.3069188353731689	false	0.5
pech	neg 1.0		off 0.3622807216931165 __DUMMY__ 0.3309925596801712 neg 0.3067267186267124	false	0.5
vermeidung	neg 1.0		off 0.3665362298348225 __DUMMY__ 0.3315667807910909 neg 0.3018969893740867	false	0.5
dominieren	neg 1.0		off 0.3553015876290684 __DUMMY__ 0.3352655282215473 neg 0.30943288414938436	false	0.5
schwindlig	neg 1.0		off 0.3621163530992804 __DUMMY__ 0.3332415626677357 neg 0.30464208423298406	false	0.5
lutscher	neg 1.0		off 0.3741908293362073 __DUMMY__ 0.3260557496444669 neg 0.29975342101932595	false	0.5
pflicht	neg 1.0		off 0.3520622710723305 __DUMMY__ 0.3344046461389703 neg 0.3135330827886991	false	0.5
faschist	off 1.0		off 0.36244360741526943 __DUMMY__ 0.3319554975126975 neg 0.3056008950720331	false	1.0
verschleudern	neg 1.0		off 0.3529879302044342 __DUMMY__ 0.3337836034916255 neg 0.3132284663039401	false	0.5
wenn			off 0.3634446582106334 __DUMMY__ 0.3315440021491332 neg 0.30501133964023336	false	0.0
ehebruch	neg 1.0		off 0.35565527800962743 __DUMMY__ 0.33460014388818177 neg 0.3097445781021907	false	0.5
spott	off 1.0		off 0.35444259545348616 __DUMMY__ 0.3340226037543768 neg 0.3115348007921372	false	1.0
trostlosigkeit	neg 1.0		off 0.3533339915506745 __DUMMY__ 0.3366295112099796 neg 0.31003649723934595	false	0.5
lutschen	neg 1.0		off 0.3627485271872871 __DUMMY__ 0.3315116299436797 neg 0.3057398428690333	false	0.5
undiszipliniert	neg 1.0		off 0.36707214190284615 __DUMMY__ 0.32969855293348466 neg 0.30322930516366936	false	0.5
kopfschmerz	neg 1.0		off 0.35651957146197255 __DUMMY__ 0.3336323064150679 neg 0.30984812212295954	false	0.5
unvorhergesehen	neg 1.0		off 0.35541567857811424 __DUMMY__ 0.3368468094647993 neg 0.3077375119570866	false	0.5
desinteressiert	neg 1.0		off 0.36656902515677803 __DUMMY__ 0.329924365338784 neg 0.303506609504438	false	0.5
armselig	off 1.0		off 0.36692419901591594 __DUMMY__ 0.3284618986175498 neg 0.3046139023665342	false	1.0
desaster	neg 1.0		off 0.3508427185325745 __DUMMY__ 0.3358246470824443 neg 0.3133326343849813	false	0.5
tod	neg 1.0		off 0.35856576174329957 __DUMMY__ 0.33743284674991986 neg 0.3040013915067805	false	0.5
herzlos	neg 1.0		off 0.367739688520193 __DUMMY__ 0.32948299081113624 neg 0.3027773206686707	false	0.5
unwissenheit	neg 1.0		off 0.355846728865127 __DUMMY__ 0.33353287810155025 neg 0.31062039303332273	false	0.5
widersinnig	neg 1.0		off 0.3544249176097347 __DUMMY__ 0.3317910845535648 neg 0.31378399783670036	false	0.5
bedenklich	neg 1.0		off 0.354491945898025 __DUMMY__ 0.3334366865627109 neg 0.3120713675392642	false	0.5
beanstanden	neg 1.0		off 0.3519254367321951 __DUMMY__ 0.3348057174621617 neg 0.31326884580564324	false	0.5
panisch	neg 1.0	neg 1.0	neg 0.6375658418991386 off 0.20059179408901068 __DUMMY__ 0.1618423640118507	false	1.0
debil	off 1.0		off 0.34851441296080155 __DUMMY__ 0.3393470910208854 neg 0.312138496018313	false	1.0
abstrich	neg 1.0		off 0.3615099563304727 __DUMMY__ 0.3376570615636932 neg 0.300832982105834	false	0.5
primitiv	neg 1.0		off 0.3652861448419739 __DUMMY__ 0.32936091812184337 neg 0.3053529370361826	false	0.5
abschaum	off 1.0	off 1.0	off 0.6713475860571801 neg 0.16876090070577154 __DUMMY__ 0.15989151323704834	false	1.0
provozieren	neg 1.0		off 0.3588715279099696 __DUMMY__ 0.3316304672120505 neg 0.30949800487797974	false	0.5
tot	neg 1.0		off 0.3561531051333648 __DUMMY__ 0.33417582281006913 neg 0.30967107205656597	false	0.5
instabil	neg 1.0		off 0.36689039480957925 __DUMMY__ 0.3292999543284743 neg 0.30380965086194645	false	0.5
schwuchtel	off 1.0	off 1.0	off 0.6786547449680115 neg 0.16491041402489387 __DUMMY__ 0.15643484100709468	false	1.0
zerren	neg 1.0		off 0.3572077734139264 __DUMMY__ 0.33447527505792185 neg 0.30831695152815186	false	0.5
kinderficker	off 1.0		off 0.37077630851023125 __DUMMY__ 0.3287273457093381 neg 0.3004963457804307	false	1.0
gefahr	neg 1.0		off 0.3528233674038802 __DUMMY__ 0.336043849432882 neg 0.3111327831632377	false	0.5
rabiat	neg 1.0		off 0.35921593733805723 __DUMMY__ 0.33339327630460885 neg 0.3073907863573339	false	0.5
verlangsamung	neg 1.0		off 0.37120401076399073 __DUMMY__ 0.3265994063128148 neg 0.30219658292319435	false	0.5
ausgestorben	neg 1.0		off 0.3592229457619067 __DUMMY__ 0.3339403203704808 neg 0.30683673386761245	false	0.5
anklagen	neg 1.0		off 0.35572134264203054 __DUMMY__ 0.33428917905469635 neg 0.30998947830327317	false	0.5
trott	neg 1.0		off 0.35881736445240575 __DUMMY__ 0.33387152379567786 neg 0.30731111175191644	false	0.5
verminderung	neg 1.0		off 0.36627573689587695 __DUMMY__ 0.3306886605316891 neg 0.303035602572434	false	0.5
nach			off 0.3503082664698802 __DUMMY__ 0.33890783927282886 neg 0.31078389425729086	false	0.0
rost	neg 1.0		off 0.37095656977656416 __DUMMY__ 0.3282675754242092 neg 0.3007758547992266	false	0.5
destruktiv	neg 1.0		off 0.35775211518961164 __DUMMY__ 0.3322835479387711 neg 0.30996433687161734	false	0.5
unzumutbarkeit	neg 1.0		off 0.3654615411998402 __DUMMY__ 0.3318500706433895 neg 0.3026883881567703	false	0.5
labil	off 1.0	off 1.0	off 0.6710871439196922 neg 0.16861497617650806 __DUMMY__ 0.16029787990379982	false	1.0
ziemlich	neg 1.0		off 0.3656707606001426 __DUMMY__ 0.3314572360791706 neg 0.3028720033206868	false	0.5
lachnummer	off 1.0		off 0.35855566790319643 __DUMMY__ 0.33217481893169276 neg 0.30926951316511064	false	1.0
oder			off 0.3602696916868132 __DUMMY__ 0.3335067468047771 neg 0.3062235615084097	false	0.0
verfall	neg 1.0		off 0.3486995546687477 __DUMMY__ 0.33697008466307826 neg 0.3143303606681739	false	0.5
ausgrenzung	neg 1.0		off 0.36040035235599915 __DUMMY__ 0.33260352281412175 neg 0.30699612482987915	false	0.5
unordnung	neg 1.0		off 0.369311717643739 __DUMMY__ 0.33227449089732 neg 0.2984137914589409	false	0.5
fehlverhalten	neg 1.0		off 0.3524294821497945 __DUMMY__ 0.3337976680588814 neg 0.313772849791324	false	0.5
eine			off 0.3534810181328081 __DUMMY__ 0.3359985894900136 neg 0.3105203923771782	false	0.0
nille	neg 1.0		off 0.35918853278187607 __DUMMY__ 0.3344246058500643 neg 0.30638686136805965	false	0.5
qual	neg 1.0		off 0.3585002188944243 __DUMMY__ 0.3341355627781899 neg 0.3073642183273859	false	0.5
verschwenden	neg 1.0		off 0.3537449035972297 __DUMMY__ 0.3335368731098515 neg 0.3127182232929187	false	0.5
riesig	neg 1.0		off 0.3564124219644093 __DUMMY__ 0.3358210183252571 neg 0.3077665597103336	false	0.5
verurteilen	neg 1.0		off 0.35527807079091567 __DUMMY__ 0.33301244794436063 neg 0.3117094812647236	false	0.5
klischee	neg 1.0	neg 1.0	neg 0.6398105658322586 off 0.20017736588827648 __DUMMY__ 0.16001206827946493	false	1.0
diktatorisch	neg 1.0		off 0.35934656741741616 __DUMMY__ 0.33208389322799786 neg 0.30856953935458603	false	0.5
vorhersehbar	neg 1.0		off 0.36103553837524865 __DUMMY__ 0.33045395832208363 neg 0.3085105033026675	false	0.5
sowie			off 0.36997503887556477 __DUMMY__ 0.3286820946955222 neg 0.301342866428913	false	0.0
stornieren	neg 1.0		off 0.36333340666822644 __DUMMY__ 0.3353856582307165 neg 0.30128093510105697	false	0.5
besteuerung	neg 1.0		off 0.3579871729590889 __DUMMY__ 0.3310990060918696 neg 0.31091382094904135	false	0.5
ungeschminkt	neg 1.0		off 0.36463737979294875 __DUMMY__ 0.32893018940057006 neg 0.3064324308064813	false	0.5
kritisch	neg 1.0		off 0.35442481877656057 __DUMMY__ 0.3338115921280336 neg 0.3117635890954059	false	0.5
schlamperei	off 1.0		off 0.3537949969516805 __DUMMY__ 0.33519948291007234 neg 0.3110055201382472	false	1.0
sucht	neg 1.0	neg 1.0	neg 0.6355777724551462 off 0.2007413465975045 __DUMMY__ 0.16368088094734914	false	1.0
egoistisch	off 1.0		off 0.36989044321035386 __DUMMY__ 0.3273813154444132 neg 0.30272824134523285	false	1.0
ausbeuter	off 1.0		off 0.35207603922350766 __DUMMY__ 0.333369893614908 neg 0.31455406716158446	false	1.0
arschgeburt	off 1.0		off 0.3770857195171241 __DUMMY__ 0.32360010603598693 neg 0.2993141744468888	false	1.0
schubs	neg 1.0		off 0.3568210354694438 __DUMMY__ 0.33385831741961486 neg 0.30932064711094126	false	0.5
unsolide	neg 1.0		off 0.3594332036514953 __DUMMY__ 0.33105832895851284 neg 0.3095084673899919	false	0.5
beschwerde	neg 1.0		off 0.35377745502686336 __DUMMY__ 0.33389369821655385 neg 0.3123288467565827	false	0.5
stocken	neg 1.0		off 0.3543406859656084 __DUMMY__ 0.3352254990001416 neg 0.31043381503424994	false	0.5
isolieren	neg 1.0		off 0.35557188635886355 __DUMMY__ 0.3342429179268106 neg 0.310185195714326	false	0.5
unheilbar	neg 1.0		off 0.35999691873222406 __DUMMY__ 0.3339363283333053 neg 0.30606675293447083	false	0.5
pisser	off 1.0		off 0.3671056981705155 __DUMMY__ 0.3293346136101491 neg 0.3035596882193354	false	1.0
löschen	neg 1.0		off 0.3593919786767153 __DUMMY__ 0.33400443596473156 neg 0.30660358535855303	false	0.5
durchfallen	neg 1.0		off 0.3542698833746993 __DUMMY__ 0.3325553646679377 neg 0.313174751957363	false	0.5
wichser	off 1.0	off 1.0	off 0.6775101127757945 neg 0.16494450460402457 __DUMMY__ 0.1575453826201809	false	1.0
terror	neg 1.0		off 0.3627396213719206 __DUMMY__ 0.33280519069462505 neg 0.30445518793345444	false	0.5
krass	neg 1.0		off 0.3683037222086853 __DUMMY__ 0.32895180993076034 neg 0.3027444678605545	false	0.5
revolte	neg 1.0		off 0.3612043170830498 __DUMMY__ 0.3327556644983821 neg 0.3060400184185682	false	0.5
besorgt	neg 1.0		off 0.35911785438731214 __DUMMY__ 0.3364160756295031 neg 0.30446606998318493	false	0.5
nachlassen	neg 1.0		off 0.355515695412594 __DUMMY__ 0.33657831681766165 neg 0.3079059877697444	false	0.5
alt	neg 1.0		off 0.3564279878398169 __DUMMY__ 0.3342627726711347 neg 0.3093092394890485	false	0.5
hundesohn	off 1.0		off 0.37447558391050734 __DUMMY__ 0.3263141127527191 neg 0.2992103033367736	false	1.0
als			off 0.3564213185935405 __DUMMY__ 0.333786749232918 neg 0.3097919321735415	false	0.0
abschreckung	neg 1.0		off 0.35218282030000403 __DUMMY__ 0.3353719799448274 neg 0.31244519975516866	false	0.5
unqualifiziert	neg 1.0		off 0.36175598287745636 __DUMMY__ 0.3299477903186065 neg 0.30829622680393715	false	0.5
abgewichst	off 1.0		off 0.3584662528696414 __DUMMY__ 0.33465765134851033 neg 0.30687609578184816	false	1.0
schwer	neg 1.0		off 0.3577741412758649 __DUMMY__ 0.33281991769348335 neg 0.30940594103065167	false	0.5
bedeutungslosigkeit	neg 1.0		off 0.3528950027353136 __DUMMY__ 0.33458429757875907 neg 0.3125206996859273	false	0.5
kapitulation	neg 1.0		off 0.3549285592137054 __DUMMY__ 0.3348473740639105 neg 0.31022406672238423	false	0.5
unscharf	neg 1.0		off 0.3608434661252569 __DUMMY__ 0.3311780503354938 neg 0.3079784835392493	false	0.5
schwinden	neg 1.0		off 0.353672909355982 __DUMMY__ 0.33582712388925096 neg 0.310499966754767	false	0.5
versklavung	neg 1.0		off 0.3603024107682863 __DUMMY__ 0.3337357249692285 neg 0.30596186426248506	false	0.5
schlecht	neg 1.0		off 0.36584048112557965 __DUMMY__ 0.3314261135821119 neg 0.30273340529230847	false	0.5
verhasst	neg 1.0		off 0.35899734463568306 __DUMMY__ 0.33086971910437013 neg 0.3101329362599468	false	0.5
beschweren	neg 1.0		off 0.36086972364919084 __DUMMY__ 0.33226384960390415 neg 0.306866426746905	false	0.5
scheiden	neg 1.0		off 0.35982239088230517 __DUMMY__ 0.33445396198054855 neg 0.3057236471371463	false	0.5
frustriert	neg 1.0		off 0.35678326330369364 __DUMMY__ 0.33306510198027467 neg 0.3101516347160318	false	0.5
schimmelig	neg 1.0		off 0.35492506856468803 __DUMMY__ 0.33284680272805184 neg 0.31222812870726013	false	0.5
fisch	neg 1.0		off 0.35215541293463454 __DUMMY__ 0.33428908529567974 neg 0.31355550176968566	false	0.5
schmuggel	neg 1.0		off 0.35419648323296476 __DUMMY__ 0.3353078330168708 neg 0.31049568375016445	false	0.5
auffallen	neg 1.0		off 0.3617623374564509 __DUMMY__ 0.33201169177444323 neg 0.3062259707691059	false	0.5
konkurrenz	neg 1.0		off 0.3517555968719335 __DUMMY__ 0.3354925164873434 neg 0.3127518866407232	false	0.5
teufelskreis	neg 1.0		off 0.35784906627747604 __DUMMY__ 0.3326532842992769 neg 0.30949764942324703	false	0.5
aufschreien	neg 1.0		off 0.3613277366938365 __DUMMY__ 0.3313039041135154 neg 0.30736835919264793	false	0.5
schuldner	neg 1.0		off 0.35187633679541963 __DUMMY__ 0.33415694414818675 neg 0.3139667190563935	false	0.5
missgeburt	off 1.0	off 1.0	off 0.6749488505722876 neg 0.16695398903334954 __DUMMY__ 0.15809716039436292	false	1.0
arbeitslos	neg 1.0		off 0.35456591655538955 __DUMMY__ 0.3323826868450936 neg 0.3130513965995167	false	0.5
befallen	neg 1.0		off 0.35864315206868275 __DUMMY__ 0.3352071423300232 neg 0.3061497056012942	false	0.5
miesepetrig	off 1.0	off 1.0	off 0.6716719254617705 neg 0.16819231369737606 __DUMMY__ 0.16013576084085357	false	1.0
alarmieren	neg 1.0		off 0.36313846493802926 __DUMMY__ 0.3310166092490935 neg 0.30584492581287726	false	0.5
ungeduscht	off 1.0		off 0.3629458879974552 __DUMMY__ 0.33065291433599486 neg 0.3064011976665498	false	1.0
knappheit	neg 1.0		off 0.35408755584342905 __DUMMY__ 0.3325776937315429 neg 0.31333475042502806	false	0.5
schlange	neg 1.0		off 0.3622597702213377 __DUMMY__ 0.33466181931587613 neg 0.3030784104627861	false	0.5
harsch	neg 1.0		off 0.37121705271487443 __DUMMY__ 0.3309611581604753 neg 0.2978217891246502	false	0.5
lang	neg 1.0		off 0.360428582626709 __DUMMY__ 0.3338312930020646 neg 0.3057401243712263	false	0.5
ziellos	neg 1.0		off 0.356066699383492 __DUMMY__ 0.3352856895545301 neg 0.3086476110619778	false	0.5
selbstverliebt	neg 1.0		off 0.3750240547175158 __DUMMY__ 0.32481127772820595 neg 0.30016466755427823	false	0.5
beseitigen	neg 1.0		off 0.3580425709145279 __DUMMY__ 0.3346776555365803 neg 0.3072797735488918	false	0.5
dumm	off 1.0		off 0.3711047335689483 __DUMMY__ 0.3276736719896319 neg 0.30122159444141994	false	1.0
arbeitsloser	neg 1.0		off 0.3555804068283698 __DUMMY__ 0.333715224967781 neg 0.3107043682038493	false	0.5
blitzen	neg 1.0		off 0.36287284304698175 __DUMMY__ 0.3326909751058808 neg 0.30443618184713733	false	0.5
hilflos	neg 1.0		off 0.3565227513587387 __DUMMY__ 0.3334282822710309 neg 0.3100489663702304	false	0.5
eklig	off 1.0		off 0.3711554840723002 __DUMMY__ 0.32660182413097805 neg 0.3022426917967218	false	1.0
begriff			off 0.3577286455063121 __DUMMY__ 0.3330448485811924 neg 0.3092265059124955	false	0.0
hungersnot	neg 1.0		off 0.3571642934968305 __DUMMY__ 0.3352828267079967 neg 0.3075528797951729	false	0.5
ungesetzlich	neg 1.0		off 0.35767967031394093 __DUMMY__ 0.33068151615995667 neg 0.3116388135261025	false	0.5
verschwendung	neg 1.0		off 0.3540499427808023 __DUMMY__ 0.33467466451996686 neg 0.31127539269923077	false	0.5
schmerzvoll	neg 1.0		off 0.3609919337859225 __DUMMY__ 0.3328065506246139 neg 0.30620151558946374	false	0.5
vorzeitig	neg 1.0		off 0.36270436623956703 __DUMMY__ 0.33299801189522965 neg 0.3042976218652033	false	0.5
unvollkommenheit	neg 1.0		off 0.3577150699860234 __DUMMY__ 0.33651149496811456 neg 0.305773435045862	false	0.5
intervenieren	neg 1.0		off 0.35304389757995264 __DUMMY__ 0.33384427507293896 neg 0.3131118273471084	false	0.5
banause	off 1.0		off 0.3731108952668737 __DUMMY__ 0.32476456475604837 neg 0.302124539977078	false	1.0
rebell	neg 1.0		off 0.35024198162615783 __DUMMY__ 0.33601566321293524 neg 0.31374235516090687	false	0.5
unlogisch	neg 1.0		off 0.36665207182731285 __DUMMY__ 0.3285130187895301 neg 0.30483490938315705	false	0.5
leiden	neg 1.0		off 0.3538283954392563 __DUMMY__ 0.33603825959748035 neg 0.3101333449632633	false	0.5
abschaffung	neg 1.0		off 0.35868945859920204 __DUMMY__ 0.33263415326177254 neg 0.30867638813902554	false	0.5
sturz	neg 1.0		off 0.36001415224420275 __DUMMY__ 0.3345224127546261 neg 0.3054634350011713	false	0.5
verkleinerung	neg 1.0		off 0.36002193804484195 __DUMMY__ 0.32978235456411437 neg 0.31019570739104363	false	0.5
schmarotzer	off 1.0		off 0.35491698328337196 __DUMMY__ 0.3315440644406904 neg 0.31353895227593764	false	1.0
bestrafung	neg 1.0		off 0.3604368982754598 __DUMMY__ 0.3332970014245846 neg 0.30626610029995555	false	0.5
achtlos	neg 1.0	neg 1.0	neg 0.6400221677498833 off 0.19818221785231152 __DUMMY__ 0.16179561439780527	false	1.0
ungeheuer	neg 1.0		off 0.3622772089230248 __DUMMY__ 0.33313202918245693 neg 0.3045907618945183	false	0.5
unaufrichtig	neg 1.0		off 0.36316335858547844 __DUMMY__ 0.3333022394482199 neg 0.3035344019663016	false	0.5
groggy	neg 1.0		off 0.3627598800521455 __DUMMY__ 0.33278346293114364 neg 0.3044566570167109	false	0.5
verletzlich	neg 1.0		off 0.36487419823400397 __DUMMY__ 0.32963208388162313 neg 0.305493717884373	false	0.5
ablehnen	neg 1.0		off 0.355085776832958 __DUMMY__ 0.3335109961628176 neg 0.31140322700422446	false	0.5
kollaps	neg 1.0		off 0.3587023554936138 __DUMMY__ 0.3324981050428332 neg 0.30879953946355293	false	0.5
