unsolidarisch	neg 1.0		off 0.49767209821864994 neg 0.4334571383470514 __DUMMY__ 0.06887076343429858	false	0.5
nachteilig	neg 1.0		off 0.49561621950357554 neg 0.4348763752054034 __DUMMY__ 0.06950740529102097	false	0.5
skeptisch	neg 1.0		off 0.4950550407616874 neg 0.4353861314375416 __DUMMY__ 0.06955882780077086	false	0.5
schrecklich	neg 1.0		off 0.5091649934951542 neg 0.42237174996945787 __DUMMY__ 0.06846325653538798	false	0.5
schlapp	neg 1.0		off 0.5059192842739418 neg 0.42522922125049056 __DUMMY__ 0.06885149447556765	false	0.5
abfall	neg 1.0		off 0.4935549448384675 neg 0.4363294242077033 __DUMMY__ 0.07011563095382906	false	0.5
widerspenstig	neg 1.0		off 0.5011588995237153 neg 0.4295353102171772 __DUMMY__ 0.06930579025910746	false	0.5
abrupt	neg 1.0		off 0.4986266843378504 neg 0.4314598708554465 __DUMMY__ 0.06991344480670306	false	0.5
unwirksam	neg 1.0		off 0.4968472573437303 neg 0.4344431953217128 __DUMMY__ 0.06870954733455699	false	0.5
angreifen	neg 1.0		off 0.49524794438466446 neg 0.4351554293576541 __DUMMY__ 0.06959662625768158	false	0.5
inkonsistent	neg 1.0		off 0.5011005552224147 neg 0.42980013596100325 __DUMMY__ 0.06909930881658208	false	0.5
abrutschen	neg 1.0		off 0.49230471003294274 neg 0.4378843518847341 __DUMMY__ 0.06981093808232318	false	0.5
unsicher	neg 1.0		off 0.5009683591853994 neg 0.4296437153225325 __DUMMY__ 0.06938792549206807	false	0.5
bauernkind	off 1.0	off 1.0	off 0.7396468464155423 neg 0.2280876831751656 __DUMMY__ 0.03226547040929212	false	1.0
angreifer	neg 1.0	neg 1.0	neg 0.6977084600692874 off 0.2690196678229456 __DUMMY__ 0.033271872107766935	false	1.0
trennen	neg 1.0		off 0.497225907205608 neg 0.43280011263656243 __DUMMY__ 0.06997398015782944	false	0.5
schmutz	neg 1.0		off 0.5066257730231332 neg 0.4235133715516618 __DUMMY__ 0.06986085542520501	false	0.5
inkonsistenz	neg 1.0		off 0.5016892763513685 neg 0.43010861066675327 __DUMMY__ 0.06820211298187817	false	0.5
erschreckend	neg 1.0		off 0.49864391288245086 neg 0.4321885394692673 __DUMMY__ 0.06916754764828184	false	0.5
ertrinken	neg 1.0		off 0.4973559448968111 neg 0.43283296317554615 __DUMMY__ 0.06981109192764257	false	0.5
pickelface	off 1.0		off 0.5004764175772498 neg 0.4300374678105525 __DUMMY__ 0.06948611461219781	false	1.0
seiner			off 0.49609624255221624 neg 0.43425587683516226 __DUMMY__ 0.06964788061262148	false	0.0
lauch	neg 1.0		off 0.4947787236864559 neg 0.4351468756702681 __DUMMY__ 0.07007440064327589	false	0.5
unwichtig	neg 1.0		off 0.5038415926324739 neg 0.42751205121477376 __DUMMY__ 0.06864635615275237	false	0.5
steuerhinterziehung	neg 1.0	neg 1.0	neg 0.7016361900867127 off 0.26517855583632544 __DUMMY__ 0.03318525407696186	false	1.0
schock	neg 1.0		off 0.5006945711395535 neg 0.4297939868566964 __DUMMY__ 0.06951144200375009	false	0.5
beule	neg 1.0		off 0.5067178946104421 neg 0.4245496096420775 __DUMMY__ 0.06873249574748033	false	0.5
vergelten	neg 1.0		off 0.5098505110198783 neg 0.42128558903748037 __DUMMY__ 0.06886389994264118	false	0.5
verdorbenheit	neg 1.0		off 0.5033853702448942 neg 0.42702906631646886 __DUMMY__ 0.0695855634386369	false	0.5
trauma	neg 1.0		off 0.5019171688645344 neg 0.428798280336178 __DUMMY__ 0.0692845507992874	false	0.5
sinnlos	neg 1.0		off 0.5028691004040158 neg 0.42799537485347366 __DUMMY__ 0.06913552474251056	false	0.5
fettsack	off 1.0	off 1.0	off 0.7412107750728769 neg 0.2263973435642109 __DUMMY__ 0.03239188136291228	false	1.0
feige	off 1.0	off 1.0	off 0.7387366538190236 neg 0.22852421277982835 __DUMMY__ 0.03273913340114799	false	1.0
abdanken	neg 1.0		off 0.49994700545548665 neg 0.43068984570912827 __DUMMY__ 0.06936314883538511	false	0.5
wichtigtuer	off 1.0	off 1.0	off 0.7377134038259799 neg 0.2293901558378322 __DUMMY__ 0.032896440336187806	false	1.0
misslingen	neg 1.0		off 0.504391667573307 neg 0.42580916906755245 __DUMMY__ 0.0697991633591404	false	0.5
untreu	off 1.0		off 0.505300000606717 neg 0.42594677943816955 __DUMMY__ 0.06875321995511359	false	1.0
missmutig	neg 1.0		off 0.505734247086201 neg 0.42528176086584224 __DUMMY__ 0.06898399204795683	false	0.5
hurenbock	off 1.0		off 0.5048295448571684 neg 0.42568808996928725 __DUMMY__ 0.06948236517354432	false	1.0
betrunken	neg 1.0		off 0.5077404558933344 neg 0.4235135816252805 __DUMMY__ 0.06874596248138522	false	0.5
korrupt	off 1.0		off 0.4954300850435065 neg 0.43553481700595437 __DUMMY__ 0.06903509795053928	false	1.0
unmut	neg 1.0		off 0.4929431888782892 neg 0.43715650036540377 __DUMMY__ 0.069900310756307	false	0.5
hackfresse	off 1.0		off 0.511588675581731 neg 0.4204142062285327 __DUMMY__ 0.0679971181897363	false	1.0
aufblasen	neg 1.0		off 0.5033918723537382 neg 0.4273127336098509 __DUMMY__ 0.06929539403641102	false	0.5
gewaltsam	neg 1.0		off 0.500198662649729 neg 0.4302350507953222 __DUMMY__ 0.06956628655494872	false	0.5
unbeliebtheit	neg 1.0		off 0.5016880989455752 neg 0.4298138439545029 __DUMMY__ 0.06849805709992185	false	0.5
sturheit	neg 1.0		off 0.4984071597901315 neg 0.4323260296725973 __DUMMY__ 0.06926681053727125	false	0.5
kuh	neg 1.0		off 0.4992592534312234 neg 0.43231057145425633 __DUMMY__ 0.06843017511452032	false	0.5
erschrecken	neg 1.0		off 0.5060641705579636 neg 0.4248150293238225 __DUMMY__ 0.06912080011821391	false	0.5
opfer	neg 1.0		off 0.49727901565948596 neg 0.43313763629858165 __DUMMY__ 0.06958334804193234	false	0.5
sinken	neg 1.0		off 0.4942796992382359 neg 0.4357674928384049 __DUMMY__ 0.06995280792335917	false	0.5
stinktier	neg 1.0		off 0.5057738815677677 neg 0.4265220577556701 __DUMMY__ 0.06770406067656212	false	0.5
tucke	off 1.0		off 0.5125868945562897 neg 0.4195604343000047 __DUMMY__ 0.06785267114370563	false	1.0
ein			off 0.5016666470669603 neg 0.42914143425206414 __DUMMY__ 0.06919191868097561	false	0.0
abstieg	neg 1.0		off 0.49615843922155267 neg 0.4341967692595433 __DUMMY__ 0.06964479151890406	false	0.5
missverstehen	neg 1.0		off 0.5013173026253357 neg 0.42999067084814535 __DUMMY__ 0.06869202652651908	false	0.5
ergebnislos	neg 1.0		off 0.4958472185412626 neg 0.43447620029405754 __DUMMY__ 0.06967658116467973	false	0.5
unter			off 0.49042525024735895 neg 0.43897004136719825 __DUMMY__ 0.07060470838544287	false	0.0
manipulieren	neg 1.0		off 0.4958324549781943 neg 0.43439772540142574 __DUMMY__ 0.06976981962038002	false	0.5
unbewiesen	neg 1.0		off 0.4970150062845157 neg 0.4342185240520947 __DUMMY__ 0.06876646966338959	false	0.5
verschleppen	neg 1.0		off 0.4966914327001287 neg 0.43389631195918016 __DUMMY__ 0.06941225534069105	false	0.5
weib	off 1.0		off 0.5101717584332353 neg 0.4222460255692669 __DUMMY__ 0.0675822159974978	false	1.0
opposition	neg 1.0		off 0.500799116698132 neg 0.4302615295281438 __DUMMY__ 0.0689393537737243	false	0.5
verkehrswidrig	neg 1.0		off 0.5120826282074139 neg 0.4189603184944184 __DUMMY__ 0.06895705329816758	false	0.5
inkorrekt	neg 1.0		off 0.5066001105354963 neg 0.4251748205413312 __DUMMY__ 0.06822506892317244	false	0.5
vermeiden	neg 1.0		off 0.49192317675667613 neg 0.43798500084704917 __DUMMY__ 0.07009182239627464	false	0.5
abweichung	neg 1.0		off 0.4959386926489718 neg 0.4346753292768682 __DUMMY__ 0.0693859780741601	false	0.5
alkoholisiert	neg 1.0		off 0.49699338080651073 neg 0.43328900192701864 __DUMMY__ 0.06971761726647054	false	0.5
scheiss	off 1.0	off 1.0	off 0.7397901196493728 neg 0.2273863182927786 __DUMMY__ 0.03282356205784867	false	1.0
herausforderung	neg 1.0		off 0.4961186598440266 neg 0.4341605096795462 __DUMMY__ 0.06972083047642717	false	0.5
pervers	off 1.0		off 0.5144126675903878 neg 0.41794361985157835 __DUMMY__ 0.06764371255803403	false	1.0
wackelig	neg 1.0		off 0.5008878220939218 neg 0.4293095096692959 __DUMMY__ 0.06980266823678233	false	0.5
verwickeln	neg 1.0		off 0.5008817921170207 neg 0.43036747439679673 __DUMMY__ 0.06875073348618262	false	0.5
vorwand	neg 1.0		off 0.4947831474619071 neg 0.4355869852097712 __DUMMY__ 0.06962986732832172	false	0.5
muschi	off 1.0		off 0.500375519558633 neg 0.43018102159776167 __DUMMY__ 0.06944345884360531	false	1.0
entmutigung	neg 1.0		off 0.5009648435329697 neg 0.42995431655367256 __DUMMY__ 0.06908083991335776	false	0.5
unangemessen	neg 1.0		off 0.4965411153026212 neg 0.43443545615324025 __DUMMY__ 0.06902342854413862	false	0.5
unstetig	neg 1.0		off 0.5030239883984262 neg 0.4279513799545264 __DUMMY__ 0.06902463164704739	false	0.5
entmutigen	neg 1.0		off 0.5014589914949242 neg 0.4293376337753543 __DUMMY__ 0.0692033747297215	false	0.5
schwanz	neg 1.0		off 0.4981348972179821 neg 0.43221927509634206 __DUMMY__ 0.06964582768567594	false	0.5
verbot	neg 1.0		off 0.49689178559397806 neg 0.43373781847852705 __DUMMY__ 0.06937039592749492	false	0.5
leid	neg 1.0		off 0.5095340967179219 neg 0.4223372048411349 __DUMMY__ 0.06812869844094316	false	0.5
archaisch	neg 1.0		off 0.4988785145079536 neg 0.4317943041344356 __DUMMY__ 0.06932718135761085	false	0.5
gegen			off 0.49374822025054443 neg 0.4363778179068847 __DUMMY__ 0.06987396184257084	false	0.0
scheidung	neg 1.0		off 0.5222545851844157 neg 0.4097923282916488 __DUMMY__ 0.06795308652393552	false	0.5
einschlag	neg 1.0		off 0.5081452253138736 neg 0.4232672078012924 __DUMMY__ 0.06858756688483392	false	0.5
m			off 0.4991479006470006 neg 0.4312418876191813 __DUMMY__ 0.06961021173381812	false	0.0
abgestanden	neg 1.0		off 0.5006694111602834 neg 0.4302518723697405 __DUMMY__ 0.06907871646997617	false	0.5
schmierig	off 1.0		off 0.5103938246300858 neg 0.42116625893806864 __DUMMY__ 0.06843991643184559	false	1.0
unpraktisch	neg 1.0		off 0.5021158511881934 neg 0.4287361389894504 __DUMMY__ 0.06914800982235629	false	0.5
wixxer	off 1.0		off 0.5133132714244297 neg 0.41926945301886925 __DUMMY__ 0.06741727555670109	false	1.0
bezeichnet			off 0.49858081073566296 neg 0.4324708902770186 __DUMMY__ 0.06894829898731843	false	0.0
jammerlappen	off 1.0		off 0.5055976029395015 neg 0.42547902653321423 __DUMMY__ 0.06892337052728433	false	1.0
farce	neg 1.0		off 0.49743918873300025 neg 0.433343209476253 __DUMMY__ 0.0692176017907468	false	0.5
zwecklos	neg 1.0		off 0.49741079683694006 neg 0.4333502905616615 __DUMMY__ 0.06923891260139842	false	0.5
turbulent	neg 1.0		off 0.5063888899403706 neg 0.4249641419150953 __DUMMY__ 0.06864696814453411	false	0.5
invasion	neg 1.0		off 0.5019179726799391 neg 0.42905464018954437 __DUMMY__ 0.06902738713051654	false	0.5
schuld	neg 1.0		off 0.5004282281756224 neg 0.43057148635774506 __DUMMY__ 0.06900028546663257	false	0.5
risiko	neg 1.0	neg 1.0	neg 0.6980269101203083 off 0.2686692512494361 __DUMMY__ 0.03330383863025559	false	1.0
finster	neg 1.0		off 0.5003237254171788 neg 0.4307976227573677 __DUMMY__ 0.06887865182545358	false	0.5
geisteskrank	off 1.0		off 0.5042320305932604 neg 0.42749884727889315 __DUMMY__ 0.06826912212784643	false	1.0
zusammenbrechen	neg 1.0		off 0.49860439494342756 neg 0.4319884321012485 __DUMMY__ 0.06940717295532396	false	0.5
ausbeute	neg 1.0		off 0.5019633428598496 neg 0.42771909379635886 __DUMMY__ 0.07031756334379159	false	0.5
hinterhalt	neg 1.0		off 0.5041213107247272 neg 0.42565074015608684 __DUMMY__ 0.07022794911918587	false	0.5
kritik	neg 1.0		off 0.49705635936834913 neg 0.43374105507884414 __DUMMY__ 0.06920258555280669	false	0.5
einschrumpfen	neg 1.0		off 0.5033346453668086 neg 0.42789955367981786 __DUMMY__ 0.06876580095337353	false	0.5
riskant	neg 1.0		off 0.495047266858549 neg 0.4355344286704927 __DUMMY__ 0.06941830447095824	false	0.5
frustrieren	neg 1.0		off 0.49622269776824085 neg 0.43437534471881156 __DUMMY__ 0.06940195751294771	false	0.5
groll	neg 1.0		off 0.49683264383142356 neg 0.43391395041398406 __DUMMY__ 0.06925340575459235	false	0.5
gibt			off 0.4987015884436165 neg 0.43188341493010374 __DUMMY__ 0.06941499662627965	false	0.0
qualvoll	neg 1.0		off 0.504562190168393 neg 0.426270195613077 __DUMMY__ 0.0691676142185301	false	0.5
wackeln	neg 1.0		off 0.503531602668045 neg 0.4269186501593032 __DUMMY__ 0.06954974717265199	false	0.5
klagen	neg 1.0		off 0.4930737786508336 neg 0.4371861113610923 __DUMMY__ 0.06974010998807409	false	0.5
bankrott	neg 1.0		off 0.5061280172568253 neg 0.42473081325641826 __DUMMY__ 0.06914116948675647	false	0.5
trauern	neg 1.0		off 0.49864728269774306 neg 0.4314538111948697 __DUMMY__ 0.06989890610738715	false	0.5
ablehnung	neg 1.0		off 0.49651392313260345 neg 0.43430007472725024 __DUMMY__ 0.06918600214014631	false	0.5
stur	neg 1.0		off 0.5003741832428484 neg 0.43067431877517265 __DUMMY__ 0.06895149798197893	false	0.5
aufruhr	neg 1.0		off 0.49955446649244956 neg 0.43106075120827236 __DUMMY__ 0.06938478229927793	false	0.5
melancholie	neg 1.0		off 0.49822667611865873 neg 0.4321716304350072 __DUMMY__ 0.06960169344633396	false	0.5
ist			off 0.5023509208832955 neg 0.42853904749148275 __DUMMY__ 0.06911003162522178	false	0.0
torheit	neg 1.0		off 0.500792212257105 neg 0.42996423483769025 __DUMMY__ 0.06924355290520484	false	0.5
dreckskind	off 1.0		off 0.5092744478466384 neg 0.422875631805853 __DUMMY__ 0.06784992034750842	false	1.0
umtauschen	neg 1.0		off 0.5003809061162963 neg 0.43032459489749436 __DUMMY__ 0.06929449898620937	false	0.5
zum			off 0.49488553833173843 neg 0.43455513206816554 __DUMMY__ 0.07055932960009605	false	0.0
zersetzen	neg 1.0		off 0.4944502969585686 neg 0.4360468165911314 __DUMMY__ 0.0695028864503001	false	0.5
zur			off 0.49247220560752475 neg 0.43719634071172303 __DUMMY__ 0.07033145368075219	false	0.0
frust	neg 1.0		off 0.4988305013491663 neg 0.43171709330245994 __DUMMY__ 0.06945240534837363	false	0.5
unerbittlichkeit	neg 1.0		off 0.4951092873575602 neg 0.4352696140005293 __DUMMY__ 0.06962109864191063	false	0.5
zwei			off 0.49527422610065225 neg 0.434364686827207 __DUMMY__ 0.07036108707214087	false	0.0
unkorrekt	neg 1.0		off 0.5070392203903111 neg 0.4245823347432439 __DUMMY__ 0.06837844486644486	false	0.5
hexe	off 1.0		off 0.5037073768295814 neg 0.42779946735065355 __DUMMY__ 0.06849315581976517	false	1.0
lasch	neg 1.0		off 0.5022744234878765 neg 0.42910589773808183 __DUMMY__ 0.06861967877404161	false	0.5
rivale	neg 1.0		off 0.5074572145597112 neg 0.4239054428948687 __DUMMY__ 0.06863734254542012	false	0.5
mutlos	off 1.0	off 1.0	off 0.7341849375778816 neg 0.232605128895551 __DUMMY__ 0.03320993352656744	false	1.0
wirr	off 1.0		off 0.5079880532541654 neg 0.423699440403846 __DUMMY__ 0.06831250634198874	false	1.0
jahr			off 0.4990404146455039 neg 0.43057403440965264 __DUMMY__ 0.07038555094484343	false	0.0
wird			off 0.4973003614206049 neg 0.43325723950960576 __DUMMY__ 0.06944239906978927	false	0.0
strafbar	neg 1.0		off 0.49545877201361405 neg 0.4351559844872183 __DUMMY__ 0.06938524349916761	false	0.5
erosion	neg 1.0		off 0.5022928423019144 neg 0.42815813147388654 __DUMMY__ 0.06954902622419905	false	0.5
eingehen	neg 1.0		off 0.4955951445877361 neg 0.43504858936997454 __DUMMY__ 0.06935626604228944	false	0.5
faul	off 1.0		off 0.5056203049375639 neg 0.42532633443303236 __DUMMY__ 0.06905336062940383	false	1.0
provisorium	neg 1.0		off 0.4913687010647472 neg 0.4380055882364404 __DUMMY__ 0.07062571069881235	false	0.5
schmerzen	neg 1.0		off 0.49896162645498165 neg 0.4318210588273399 __DUMMY__ 0.06921731471767843	false	0.5
schrumpfen	neg 1.0		off 0.4903185672151221 neg 0.439790359601833 __DUMMY__ 0.06989107318304488	false	0.5
geistlos	off 1.0		off 0.5004281125471598 neg 0.43097432473899183 __DUMMY__ 0.06859756271384845	false	1.0
fehlkauf	neg 1.0		off 0.5036351883689368 neg 0.42703552783135523 __DUMMY__ 0.06932928379970793	false	0.5
frustrierend	neg 1.0		off 0.504004658786928 neg 0.42709534953015693 __DUMMY__ 0.06889999168291507	false	0.5
unzufrieden	neg 1.0		off 0.4966002278279878 neg 0.4342100169102472 __DUMMY__ 0.06918975526176506	false	0.5
verzweifeln	neg 1.0		off 0.49922275290625656 neg 0.43147650625582257 __DUMMY__ 0.06930074083792098	false	0.5
verzweifelt	neg 1.0	neg 1.0	neg 0.700329557877176 off 0.26672876546460544 __DUMMY__ 0.0329416766582187	false	1.0
misstrauensantrag	neg 1.0		off 0.5023783023321893 neg 0.42857463068271473 __DUMMY__ 0.06904706698509597	false	0.5
abfallen	neg 1.0		off 0.5030526642808715 neg 0.4274958604528617 __DUMMY__ 0.06945147526626677	false	0.5
fucker	off 1.0		off 0.5089393531256198 neg 0.42227651593787535 __DUMMY__ 0.06878413093650482	false	1.0
ungezogen	neg 1.0		off 0.5139553356892945 neg 0.41826401168071614 __DUMMY__ 0.06778065262998949	false	0.5
irrsinnig	neg 1.0	neg 1.0	neg 0.7000169449319282 off 0.2669933911939658 __DUMMY__ 0.032989663874105984	false	1.0
unfassbar	neg 1.0		off 0.5064851248266404 neg 0.42472693426094055 __DUMMY__ 0.068787940912419	false	0.5
hart	neg 1.0		off 0.5061822351019815 neg 0.4250136545506005 __DUMMY__ 0.06880411034741789	false	0.5
widerlich	off 1.0		off 0.5053490380011524 neg 0.42620413650024547 __DUMMY__ 0.06844682549860207	false	1.0
fatal	neg 1.0		off 0.5032562811706636 neg 0.42757822427983955 __DUMMY__ 0.06916549454949686	false	0.5
bruch	neg 1.0		off 0.4937972264686325 neg 0.4364288023394256 __DUMMY__ 0.06977397119194181	false	0.5
aushungern	neg 1.0		off 0.49923198687545056 neg 0.4312248388982671 __DUMMY__ 0.06954317422628234	false	0.5
anspannung	neg 1.0		off 0.49392337894463245 neg 0.4356828460941778 __DUMMY__ 0.07039377496118976	false	0.5
von			off 0.5003601510944488 neg 0.42904460894797375 __DUMMY__ 0.07059523995757747	false	0.0
kraftlos	neg 1.0		off 0.49894096879186794 neg 0.43148655974991684 __DUMMY__ 0.0695724714582153	false	0.5
vom			off 0.4930584159746273 neg 0.43616228807791174 __DUMMY__ 0.07077929594746085	false	0.0
grenzdebil	off 1.0		off 0.5073693288525563 neg 0.4237910969916315 __DUMMY__ 0.06883957415581236	false	1.0
vor			off 0.4961281472567062 neg 0.4338689091337488 __DUMMY__ 0.07000294360954515	false	0.0
unterwerfen	neg 1.0		off 0.49698699287169906 neg 0.43346628300690493 __DUMMY__ 0.06954672412139615	false	0.5
versenkung	neg 1.0		off 0.4980092012158107 neg 0.4322827304351597 __DUMMY__ 0.06970806834902958	false	0.5
entziehen	neg 1.0		off 0.49366756160745306 neg 0.43661046082858024 __DUMMY__ 0.06972197756396677	false	0.5
finanzkrise	neg 1.0		off 0.49828702612795367 neg 0.4325456009816278 __DUMMY__ 0.06916737289041845	false	0.5
schimpfend	neg 1.0		off 0.502707366031404 neg 0.42818152482946287 __DUMMY__ 0.06911110913913325	false	0.5
profan	neg 1.0		off 0.5023054164393005 neg 0.4287937588220413 __DUMMY__ 0.0689008247386583	false	0.5
korruption	neg 1.0		off 0.49700656349257344 neg 0.4335578713566749 __DUMMY__ 0.0694355651507516	false	0.5
â			off 0.49952121352233214 neg 0.4306921466526935 __DUMMY__ 0.0697866398249743	false	0.0
schmutzig	neg 1.0		off 0.5084515948388093 neg 0.42263814227204227 __DUMMY__ 0.06891026288914849	false	0.5
sexy	neg 1.0		off 0.5050455969571076 neg 0.425814405451108 __DUMMY__ 0.0691399975917845	false	0.5
abraten	neg 1.0		off 0.5024320519231065 neg 0.42848549960309323 __DUMMY__ 0.06908244847380039	false	0.5
schwarz	neg 1.0		off 0.5022358618501196 neg 0.4286003184908069 __DUMMY__ 0.06916381965907345	false	0.5
fotze	off 1.0	off 1.0	off 0.7364935747202911 neg 0.23015909126343492 __DUMMY__ 0.03334733401627392	false	1.0
verwirren	neg 1.0		off 0.5034231484258576 neg 0.4275930852624761 __DUMMY__ 0.0689837663116664	false	0.5
zahnlos	off 1.0		off 0.49792630570894447 neg 0.4328529848089427 __DUMMY__ 0.06922070948211273	false	1.0
verheeren	neg 1.0		off 0.5173464433349495 neg 0.4146087084640352 __DUMMY__ 0.06804484820101525	false	0.5
hippie	neg 1.0		off 0.5046535434214208 neg 0.4261843740848696 __DUMMY__ 0.06916208249370968	false	0.5
rammen	neg 1.0		off 0.5011874494071616 neg 0.4298463366753319 __DUMMY__ 0.06896621391750647	false	0.5
unlauter	neg 1.0		off 0.4987955615831795 neg 0.4324498176739937 __DUMMY__ 0.0687546207428267	false	0.5
unheilvoll	neg 1.0		off 0.5035215807069066 neg 0.4272021379578161 __DUMMY__ 0.06927628133527733	false	0.5
niedrig	neg 1.0		off 0.4944200621500861 neg 0.4362245004172534 __DUMMY__ 0.06935543743266058	false	0.5
explosion	neg 1.0		off 0.5036593180813889 neg 0.4272361136398309 __DUMMY__ 0.06910456827878021	false	0.5
weichei	off 1.0	off 1.0	off 0.7422356401279927 neg 0.22523501383557454 __DUMMY__ 0.03252934603643278	false	1.0
minusmensch	off 1.0		off 0.5114617918690304 neg 0.4208529322880683 __DUMMY__ 0.06768527584290128	false	1.0
farblos	neg 1.0		off 0.5016590771041627 neg 0.42885008221260396 __DUMMY__ 0.06949084068323329	false	0.5
unwissend	neg 1.0	neg 1.0	neg 0.6982373845567174 off 0.2689581594768564 __DUMMY__ 0.03280445596642615	false	1.0
traurig	neg 1.0		off 0.5088052537129161 neg 0.42260999713136027 __DUMMY__ 0.06858474915572377	false	0.5
senkung	neg 1.0		off 0.5010439513730637 neg 0.430262426863709 __DUMMY__ 0.06869362176322745	false	0.5
ungleich	neg 1.0	neg 1.0	neg 0.7029836120681765 off 0.26379664464101676 __DUMMY__ 0.03321974329080667	false	1.0
heikel	neg 1.0		off 0.49467954386303453 neg 0.43595235109908465 __DUMMY__ 0.06936810503788089	false	0.5
drosselung	neg 1.0		off 0.5067353374773464 neg 0.42451634331956983 __DUMMY__ 0.0687483192030836	false	0.5
falsch	neg 1.0		off 0.503517105353865 neg 0.427716047359569 __DUMMY__ 0.06876684728656594	false	0.5
unzufriedenheit	neg 1.0		off 0.4944581522653416 neg 0.4358632584600265 __DUMMY__ 0.0696785892746318	false	0.5
kurz	neg 1.0		off 0.500747256862366 neg 0.4295946138049582 __DUMMY__ 0.06965812933267569	false	0.5
unsinnig	neg 1.0		off 0.49742190419300775 neg 0.4334944023618845 __DUMMY__ 0.06908369344510772	false	0.5
penner	off 1.0	off 1.0	off 0.7432526248558812 neg 0.22423767053233642 __DUMMY__ 0.032509704611782424	false	1.0
seicht	neg 1.0		off 0.5121683774652873 neg 0.42020099748173595 __DUMMY__ 0.06763062505297673	false	0.5
dummheit	off 1.0	off 1.0	off 0.73794749500466 neg 0.22916053617104243 __DUMMY__ 0.03289196882429748	false	1.0
unerfreulich	neg 1.0		off 0.4950588693023023 neg 0.4353254352177844 __DUMMY__ 0.06961569547991321	false	0.5
motherfucker	off 1.0	off 1.0	off 0.7410545496866601 neg 0.22606869927291498 __DUMMY__ 0.032876751040425034	false	1.0
pikiert	neg 1.0		off 0.5052972905216075 neg 0.4260875481608726 __DUMMY__ 0.06861516131751991	false	0.5
wrack	neg 1.0		off 0.49994624908559926 neg 0.4303802056053865 __DUMMY__ 0.06967354530901419	false	0.5
gangster	neg 1.0		off 0.5046709638469912 neg 0.42618087844560343 __DUMMY__ 0.06914815770740532	false	0.5
krank	neg 1.0		off 0.5073068584912095 neg 0.42387004467886696 __DUMMY__ 0.0688230968299236	false	0.5
reich	neg 1.0		off 0.5078731909834204 neg 0.42295705238303466 __DUMMY__ 0.0691697566335449	false	0.5
gnadenlos	neg 1.0		off 0.5011482540099124 neg 0.4297536409151536 __DUMMY__ 0.06909810507493401	false	0.5
niedergeschlagen	neg 1.0		off 0.5000389539716953 neg 0.43044765460650025 __DUMMY__ 0.0695133914218045	false	0.5
terrorisieren	off 1.0	off 1.0	off 0.7351884768669644 neg 0.2314685424660689 __DUMMY__ 0.033342980666966615	false	1.0
sinnlosigkeit	neg 1.0		off 0.49781668191612394 neg 0.4328725162360185 __DUMMY__ 0.06931080184785757	false	0.5
behindern	neg 1.0		off 0.5004949104343862 neg 0.43007039379561174 __DUMMY__ 0.06943469577000203	false	0.5
undemokratisch	neg 1.0		off 0.5007107009779017 neg 0.4301923215603586 __DUMMY__ 0.06909697746173978	false	0.5
wirtschaftskrise	neg 1.0		off 0.4964280318007331 neg 0.43419670361478163 __DUMMY__ 0.06937526458448531	false	0.5
neid	neg 1.0		off 0.5051931871670013 neg 0.4257465008045325 __DUMMY__ 0.06906031202846613	false	0.5
rutschen	neg 1.0		off 0.49587755840959324 neg 0.4336398014259917 __DUMMY__ 0.07048264016441502	false	0.5
rezession	neg 1.0		off 0.5051153905067608 neg 0.42698341218107994 __DUMMY__ 0.06790119731215913	false	0.5
fehlgeburt	neg 1.0		off 0.5036096845124397 neg 0.4270819027364561 __DUMMY__ 0.06930841275110412	false	0.5
charakterschwach	off 1.0		off 0.5051733093786626 neg 0.4263584408388572 __DUMMY__ 0.0684682497824801	false	1.0
isolation	neg 1.0		off 0.5043447443974253 neg 0.4266480221679248 __DUMMY__ 0.06900723343464986	false	0.5
ablenkung	neg 1.0		off 0.5011977336258876 neg 0.42944257152479265 __DUMMY__ 0.0693596948493198	false	0.5
pech	neg 1.0		off 0.5031144398826125 neg 0.42812361220309597 __DUMMY__ 0.0687619479142915	false	0.5
vermeidung	neg 1.0		off 0.5077676588664876 neg 0.423343416589967 __DUMMY__ 0.06888892454354541	false	0.5
dominieren	neg 1.0		off 0.4976372143912658 neg 0.432676788512426 __DUMMY__ 0.06968599709630814	false	0.5
schwindlig	neg 1.0		off 0.503924535072383 neg 0.42682573314194233 __DUMMY__ 0.06924973178567459	false	0.5
lutscher	neg 1.0		off 0.5133148208044175 neg 0.4189873986568807 __DUMMY__ 0.06769778053870193	false	0.5
pflicht	neg 1.0		off 0.4938462228776761 neg 0.4366423155186813 __DUMMY__ 0.06951146160364256	false	0.5
faschist	off 1.0		off 0.5035637723947913 neg 0.42746152166805007 __DUMMY__ 0.0689747059371585	false	1.0
verschleudern	neg 1.0		off 0.4945540179246866 neg 0.43607778329061314 __DUMMY__ 0.06936819878470034	false	0.5
wenn			off 0.5044992953256346 neg 0.42661074570413227 __DUMMY__ 0.06888995897023312	false	0.0
ehebruch	neg 1.0		off 0.49766761084534067 neg 0.432783859043264 __DUMMY__ 0.06954853011139536	false	0.5
spott	off 1.0		off 0.49614841194837284 neg 0.4344253985825853 __DUMMY__ 0.06942618946904193	false	1.0
trostlosigkeit	neg 1.0		off 0.4961641057714575 neg 0.43385043014863806 __DUMMY__ 0.06998546407990446	false	0.5
lutschen	neg 1.0		off 0.5037615183480972 neg 0.4273598693096802 __DUMMY__ 0.06887861234222256	false	0.5
undiszipliniert	neg 1.0		off 0.5074869995755158 neg 0.4240264320765953 __DUMMY__ 0.06848656834788883	false	0.5
kopfschmerz	neg 1.0		off 0.4982735611549431 neg 0.4323949429465966 __DUMMY__ 0.0693314958984603	false	0.5
unvorhergesehen	neg 1.0		off 0.4985250559557742 neg 0.43144885012304435 __DUMMY__ 0.07002609392118134	false	0.5
desinteressiert	neg 1.0		off 0.5070450540339884 neg 0.4244168421919932 __DUMMY__ 0.06853810377401853	false	0.5
armselig	off 1.0		off 0.5067551287678189 neg 0.4250211034017588 __DUMMY__ 0.0682237678304223	false	1.0
desaster	neg 1.0		off 0.49318829125643765 neg 0.43699621938617556 __DUMMY__ 0.06981548935738677	false	0.5
tod	neg 1.0		off 0.5020134143962586 neg 0.4278399929989819 __DUMMY__ 0.0701465926047596	false	0.5
herzlos	neg 1.0		off 0.5080746689240366 neg 0.42348277563998865 __DUMMY__ 0.0684425554359747	false	0.5
unwissenheit	neg 1.0		off 0.49740888504925235 neg 0.433270749959053 __DUMMY__ 0.06932036499169462	false	0.5
widersinnig	neg 1.0		off 0.49514736122367214 neg 0.43591006319556136 __DUMMY__ 0.06894257558076657	false	0.5
bedenklich	neg 1.0		off 0.495965302520244 neg 0.4347325385282033 __DUMMY__ 0.06930215895155253	false	0.5
beanstanden	neg 1.0		off 0.4938794047107287 neg 0.4365249552911578 __DUMMY__ 0.06959563999811354	false	0.5
panisch	neg 1.0	neg 1.0	neg 0.6971712693331028 off 0.2695734790495843 __DUMMY__ 0.03325525161731294	false	1.0
debil	off 1.0		off 0.4923895407519182 neg 0.4370400802769443 __DUMMY__ 0.07057037897113747	false	1.0
abstrich	neg 1.0		off 0.5052787469092674 neg 0.42453619305115825 __DUMMY__ 0.07018506003957427	false	0.5
primitiv	neg 1.0		off 0.5054485178368273 neg 0.4261334883555962 __DUMMY__ 0.06841799380757646	false	0.5
abschaum	off 1.0	off 1.0	off 0.73947129692087 neg 0.22767804642712156 __DUMMY__ 0.03285065665200843	false	1.0
provozieren	neg 1.0		off 0.49974417544206784 neg 0.43134396863413355 __DUMMY__ 0.06891185592379866	false	0.5
tot	neg 1.0		off 0.49811094648142545 neg 0.4324466209972922 __DUMMY__ 0.06944243252128234	false	0.5
instabil	neg 1.0		off 0.5071187696718201 neg 0.42448840903746565 __DUMMY__ 0.06839282129071406	false	0.5
schwuchtel	off 1.0	off 1.0	off 0.7453752161638378 neg 0.22249711136530184 __DUMMY__ 0.03212767247086036	false	1.0
zerren	neg 1.0		off 0.49927270805955776 neg 0.4312023013472685 __DUMMY__ 0.06952499059317375	false	0.5
kinderficker	off 1.0		off 0.5108619650089012 neg 0.42086284413202996 __DUMMY__ 0.06827519085906865	false	1.0
gefahr	neg 1.0		off 0.4953527884462909 neg 0.43478739072785155 __DUMMY__ 0.06985982082585764	false	0.5
rabiat	neg 1.0		off 0.500882920566821 neg 0.4298276561153813 __DUMMY__ 0.06928942331779775	false	0.5
verlangsamung	neg 1.0		off 0.5103965380833355 neg 0.42179075997554244 __DUMMY__ 0.06781270194112213	false	0.5
ausgestorben	neg 1.0		off 0.5011351986168546 neg 0.429456721893179 __DUMMY__ 0.06940807948996645	false	0.5
anklagen	neg 1.0		off 0.4976151161098276 neg 0.4329060367284495 __DUMMY__ 0.06947884716172271	false	0.5
trott	neg 1.0		off 0.5007140338206875 neg 0.42988939084702266 __DUMMY__ 0.06939657533228985	false	0.5
verminderung	neg 1.0		off 0.507120389672246 neg 0.4241803855063144 __DUMMY__ 0.06869922482143946	false	0.5
nach			off 0.4940578868034901 neg 0.4354636855817503 __DUMMY__ 0.07047842761475959	false	0.0
rost	neg 1.0		off 0.5109076937791047 neg 0.42092288724075266 __DUMMY__ 0.06816941898014267	false	0.5
destruktiv	neg 1.0		off 0.4988508238212529 neg 0.4320990309189032 __DUMMY__ 0.06905014525984385	false	0.5
unzumutbarkeit	neg 1.0		off 0.5067505050403776 neg 0.4243026652457876 __DUMMY__ 0.06894682971383491	false	0.5
labil	off 1.0	off 1.0	off 0.7393910226183332 neg 0.22767299982187567 __DUMMY__ 0.03293597755979119	false	1.0
ziemlich	neg 1.0		off 0.5067884043144772 neg 0.4243429426907572 __DUMMY__ 0.06886865299476562	false	0.5
lachnummer	off 1.0		off 0.4996216506362072 neg 0.4313491274586555 __DUMMY__ 0.0690292219051371	false	1.0
oder			off 0.5020685032939068 neg 0.4286193491576874 __DUMMY__ 0.06931214754840581	false	0.0
verfall	neg 1.0		off 0.49148225893713166 neg 0.43845488637144314 __DUMMY__ 0.07006285469142513	false	0.5
ausgrenzung	neg 1.0		off 0.5017232388668065 neg 0.42916096718123947 __DUMMY__ 0.06911579395195414	false	0.5
unordnung	neg 1.0		off 0.5109502187154781 neg 0.4200181365084386 __DUMMY__ 0.06903164477608333	false	0.5
fehlverhalten	neg 1.0		off 0.49395205725654623 neg 0.4366685480398397 __DUMMY__ 0.06937939470361404	false	0.5
eine			off 0.4960648398817746 neg 0.434081960490893 __DUMMY__ 0.0698531996273324	false	0.0
nille	neg 1.0		off 0.5012988152596151 neg 0.42918844769214326 __DUMMY__ 0.06951273704824175	false	0.5
qual	neg 1.0		off 0.5004933884241936 neg 0.43005296085509953 __DUMMY__ 0.06945365072070683	false	0.5
verschwenden	neg 1.0		off 0.4952622297036588 neg 0.43541647422736235 __DUMMY__ 0.06932129606897881	false	0.5
riesig	neg 1.0		off 0.4990740162561783 neg 0.43111948460115207 __DUMMY__ 0.06980649914266968	false	0.5
verurteilen	neg 1.0		off 0.4965760312330212 neg 0.4342159288900849 __DUMMY__ 0.0692080398768939	false	0.5
klischee	neg 1.0	neg 1.0	neg 0.6987664124384223 off 0.26835745778661696 __DUMMY__ 0.03287612977496067	false	1.0
diktatorisch	neg 1.0		off 0.5003891138591866 neg 0.4306077111046952 __DUMMY__ 0.06900317503611816	false	0.5
vorhersehbar	neg 1.0		off 0.501482917224923 neg 0.4298621078855477 __DUMMY__ 0.06865497488952944	false	0.5
sowie			off 0.5100590848226851 neg 0.4216730319312624 __DUMMY__ 0.06826788324605254	false	0.0
stornieren	neg 1.0		off 0.5060804152402735 neg 0.42421142462882605 __DUMMY__ 0.06970816013090045	false	0.5
besteuerung	neg 1.0		off 0.4986426577548352 neg 0.43256860861631574 __DUMMY__ 0.06878873362884902	false	0.5
ungeschminkt	neg 1.0		off 0.5046555326139068 neg 0.4270254198460778 __DUMMY__ 0.06831904754001561	false	0.5
kritisch	neg 1.0		off 0.4960423493117431 neg 0.4345755618020921 __DUMMY__ 0.06938208888616483	false	0.5
schlamperei	off 1.0		off 0.49598671845920744 neg 0.43433712790150397 __DUMMY__ 0.06967615363928858	false	1.0
sucht	neg 1.0	neg 1.0	neg 0.6958630316132227 off 0.2705024296986018 __DUMMY__ 0.03363453868817553	false	1.0
egoistisch	off 1.0		off 0.5093903345469571 neg 0.4226223298830856 __DUMMY__ 0.06798733556995729	false	1.0
ausbeuter	off 1.0		off 0.4933959839440732 neg 0.43731795796486117 __DUMMY__ 0.06928605809106554	false	1.0
arschgeburt	off 1.0		off 0.5151972935215079 neg 0.4176328356520187 __DUMMY__ 0.06716987082647334	false	1.0
schubs	neg 1.0		off 0.49868573500473107 neg 0.43193308650239814 __DUMMY__ 0.06938117849287079	false	0.5
unsolide	neg 1.0		off 0.5000580314186459 neg 0.4311644116671276 __DUMMY__ 0.0687775569142265	false	0.5
beschwerde	neg 1.0		off 0.49541044124145067 neg 0.43519573670717043 __DUMMY__ 0.06939382205137896	false	0.5
stocken	neg 1.0		off 0.49659327205352793 neg 0.43372495960072405 __DUMMY__ 0.06968176834574803	false	0.5
isolieren	neg 1.0		off 0.4974370255733548 neg 0.43309597178504083 __DUMMY__ 0.06946700264160431	false	0.5
unheilbar	neg 1.0		off 0.5019158998406158 neg 0.4286808820623587 __DUMMY__ 0.06940321809702549	false	0.5
pisser	off 1.0		off 0.5073441541499633 neg 0.4242485806156075 __DUMMY__ 0.06840726523442914	false	1.0
löschen	neg 1.0		off 0.501355067878609 neg 0.42922124186860894 __DUMMY__ 0.0694236902527821	false	0.5
durchfallen	neg 1.0		off 0.49535447307838226 neg 0.4355356217071907 __DUMMY__ 0.06910990521442702	false	0.5
wichser	off 1.0	off 1.0	off 0.744704153867053 neg 0.22293685532259108 __DUMMY__ 0.032358990810355835	false	1.0
terror	neg 1.0		off 0.5043515771655969 neg 0.4264881444991554 __DUMMY__ 0.06916027833524786	false	0.5
krass	neg 1.0		off 0.50847917216372 neg 0.4231983200043521 __DUMMY__ 0.06832250783192795	false	0.5
revolte	neg 1.0		off 0.5026507914991553 neg 0.4282016270628388 __DUMMY__ 0.069147581438006	false	0.5
besorgt	neg 1.0		off 0.5021126173416519 neg 0.4279495143571459 __DUMMY__ 0.0699378683012023	false	0.5
nachlassen	neg 1.0		off 0.4984553299705822 neg 0.4315753741608664 __DUMMY__ 0.06996929586855144	false	0.5
alt	neg 1.0		off 0.4984438452086733 neg 0.4320906246129735 __DUMMY__ 0.0694655301783532	false	0.5
hundesohn	off 1.0		off 0.5136491813568342 neg 0.41859421556189386 __DUMMY__ 0.06775660308127196	false	1.0
als			off 0.49815115022401263 neg 0.4324751034591633 __DUMMY__ 0.069373746316824	false	0.0
abschreckung	neg 1.0		off 0.49438146225299423 neg 0.43590133950067594 __DUMMY__ 0.06971719824632985	false	0.5
unqualifiziert	neg 1.0		off 0.5019898208300707 neg 0.4294658148186773 __DUMMY__ 0.06854436435125198	false	0.5
abgewichst	off 1.0		off 0.5006683618959885 neg 0.4297687029828189 __DUMMY__ 0.06956293512119269	false	1.0
schwer	neg 1.0		off 0.4991438365795464 neg 0.4316885082078283 __DUMMY__ 0.06916765521262522	false	0.5
bedeutungslosigkeit	neg 1.0		off 0.4947862482670076 neg 0.4356642754330914 __DUMMY__ 0.06954947629990094	false	0.5
kapitulation	neg 1.0		off 0.4970088900963272 neg 0.4333890710842599 __DUMMY__ 0.06960203881941275	false	0.5
unscharf	neg 1.0		off 0.5017179858686531 neg 0.42948150068107305 __DUMMY__ 0.06880051345027388	false	0.5
schwinden	neg 1.0		off 0.49615188300042806 neg 0.4340364208526867 __DUMMY__ 0.06981169614688525	false	0.5
versklavung	neg 1.0		off 0.5021295121474154 neg 0.42851140182545616 __DUMMY__ 0.06935908602712838	false	0.5
schlecht	neg 1.0		off 0.5069399218145972 neg 0.4241969295939665 __DUMMY__ 0.06886314859143636	false	0.5
verhasst	neg 1.0		off 0.49954080764403247 neg 0.43171224126491586 __DUMMY__ 0.06874695109105175	false	0.5
beschweren	neg 1.0		off 0.5021162841493618 neg 0.42883712011158553 __DUMMY__ 0.06904659573905257	false	0.5
scheiden	neg 1.0		off 0.5020440883970194 neg 0.42845182333755777 __DUMMY__ 0.06950408826542283	false	0.5
frustriert	neg 1.0		off 0.4982045336370054 neg 0.4325736934109743 __DUMMY__ 0.06922177295202034	false	0.5
schimmelig	neg 1.0		off 0.4962858261932528 neg 0.4345535296738642 __DUMMY__ 0.06916064413288303	false	0.5
fisch	neg 1.0		off 0.4940394505397177 neg 0.43649408731789113 __DUMMY__ 0.0694664621423913	false	0.5
schmuggel	neg 1.0		off 0.49648769904318896 neg 0.4338184029009155 __DUMMY__ 0.06969389805589553	false	0.5
auffallen	neg 1.0		off 0.5029438208821907 neg 0.4280650012290728 __DUMMY__ 0.06899117788873653	false	0.5
konkurrenz	neg 1.0		off 0.49400236719996843 neg 0.43625698566323284 __DUMMY__ 0.06974064713679866	false	0.5
teufelskreis	neg 1.0		off 0.49912360274290324 neg 0.43174408657661545 __DUMMY__ 0.06913231068048123	false	0.5
aufschreien	neg 1.0		off 0.5021730662905903 neg 0.42898751922521355 __DUMMY__ 0.06883941448419627	false	0.5
schuldner	neg 1.0		off 0.4935465117988504 neg 0.4370023728959447 __DUMMY__ 0.06945111530520491	false	0.5
missgeburt	off 1.0	off 1.0	off 0.7423585044245751 neg 0.2251680248289432 __DUMMY__ 0.03247347074648183	false	1.0
arbeitslos	neg 1.0		off 0.49557931940664296 neg 0.4353458864663457 __DUMMY__ 0.06907479412701137	false	0.5
befallen	neg 1.0		off 0.501072351021365 neg 0.42925642193907376 __DUMMY__ 0.06967122703956105	false	0.5
miesepetrig	off 1.0	off 1.0	off 0.7399494440853539 neg 0.22715190075759314 __DUMMY__ 0.03289865515705291	false	1.0
alarmieren	neg 1.0		off 0.5039017934079725 neg 0.42732669433543374 __DUMMY__ 0.06877151225659381	false	0.5
ungeduscht	off 1.0		off 0.5036705363821505 neg 0.4276398512838039 __DUMMY__ 0.06868961233404572	false	1.0
knappheit	neg 1.0		off 0.49517045544138955 neg 0.43572151419714283 __DUMMY__ 0.06910803036146763	false	0.5
schlange	neg 1.0		off 0.5046468532062006 neg 0.425793257748523 __DUMMY__ 0.06955988904527645	false	0.5
harsch	neg 1.0		off 0.5123681945487895 neg 0.4188754484057402 __DUMMY__ 0.06875635704547041	false	0.5
lang	neg 1.0		off 0.5023595414044765 neg 0.4282532542610988 __DUMMY__ 0.06938720433442465	false	0.5
ziellos	neg 1.0		off 0.498445197230177 neg 0.43185642913303823 __DUMMY__ 0.06969837363678474	false	0.5
selbstverliebt	neg 1.0		off 0.5136103573840031 neg 0.4189577893872034 __DUMMY__ 0.0674318532287936	false	0.5
beseitigen	neg 1.0		off 0.5002372217827082 neg 0.4302057880502898 __DUMMY__ 0.06955699016700191	false	0.5
dumm	off 1.0		off 0.5107936230471476 neg 0.4211564383290767 __DUMMY__ 0.0680499386237757	false	1.0
arbeitsloser	neg 1.0		off 0.49719086777344235 neg 0.43345050664970075 __DUMMY__ 0.06935862557685687	false	0.5
blitzen	neg 1.0		off 0.504393929554186 neg 0.42646771801254496 __DUMMY__ 0.06913835243326903	false	0.5
hilflos	neg 1.0		off 0.4981038861125392 neg 0.43259645393595403 __DUMMY__ 0.06929965995150673	false	0.5
eklig	off 1.0		off 0.5103997629616068 neg 0.421782734213863 __DUMMY__ 0.06781750282453024	false	1.0
begriff			off 0.4991636926847212 neg 0.4316215565577859 __DUMMY__ 0.0692147507574928	false	0.0
hungersnot	neg 1.0		off 0.49956066383280684 neg 0.4307485510109806 __DUMMY__ 0.0696907851562125	false	0.5
ungesetzlich	neg 1.0		off 0.4980302013260937 neg 0.43326821846072905 __DUMMY__ 0.06870158021317727	false	0.5
verschwendung	neg 1.0		off 0.49605579089783997 neg 0.4343749053113535 __DUMMY__ 0.06956930379080664	false	0.5
schmerzvoll	neg 1.0		off 0.5024943109613907 neg 0.4283424873862169 __DUMMY__ 0.06916320165239233	false	0.5
vorzeitig	neg 1.0		off 0.5043705462584672 neg 0.426434457565198 __DUMMY__ 0.06919499617633473	false	0.5
unvollkommenheit	neg 1.0		off 0.500715173805538 neg 0.4293332177448423 __DUMMY__ 0.06995160844961981	false	0.5
intervenieren	neg 1.0		off 0.4946076089145003 neg 0.4360052342247829 __DUMMY__ 0.06938715686071695	false	0.5
banause	off 1.0		off 0.5116283698782434 neg 0.4209524025959004 __DUMMY__ 0.06741922752585613	false	1.0
rebell	neg 1.0		off 0.4927445722746317 neg 0.43740742090375023 __DUMMY__ 0.06984800682161808	false	0.5
unlogisch	neg 1.0		off 0.5065208036796474 neg 0.42524648001082405 __DUMMY__ 0.06823271630952858	false	0.5
leiden	neg 1.0		off 0.49648568413223665 neg 0.4336619198432308 __DUMMY__ 0.0698523960245326	false	0.5
abschaffung	neg 1.0		off 0.49999237398185387 neg 0.4308860609468148 __DUMMY__ 0.06912156507133142	false	0.5
sturz	neg 1.0		off 0.502224265123208 neg 0.42825073557307014 __DUMMY__ 0.06952499930372204	false	0.5
verkleinerung	neg 1.0		off 0.5001416197207406 neg 0.43135518103826914 __DUMMY__ 0.06850319924099024	false	0.5
schmarotzer	off 1.0		off 0.4955648602754797 neg 0.4355422701360138 __DUMMY__ 0.06889286958850656	false	1.0
bestrafung	neg 1.0		off 0.5021008877509084 neg 0.42863152228789597 __DUMMY__ 0.06926758996119554	false	0.5
achtlos	neg 1.0	neg 1.0	neg 0.6996405852568567 off 0.26711179685332637 __DUMMY__ 0.03324761788981696	false	1.0
ungeheuer	neg 1.0		off 0.5040015143456766 neg 0.4267731713707372 __DUMMY__ 0.06922531428358632	false	0.5
unaufrichtig	neg 1.0		off 0.5049303245464203 neg 0.4258063518349372 __DUMMY__ 0.06926332361864247	false	0.5
groggy	neg 1.0		off 0.5042909193588835 neg 0.42654851113812964 __DUMMY__ 0.06916056950298682	false	0.5
verletzlich	neg 1.0		off 0.5051723112837392 neg 0.4263550238398844 __DUMMY__ 0.06847266487637631	false	0.5
