unsolidarisch	neg 1.0		off 0.5307131950783314 neg 0.46209953089504135 __DUMMY__ 0.007187274026627217	false	0.5
nachteilig	neg 1.0		off 0.5289532695642368 neg 0.46379259791928745 __DUMMY__ 0.007254132516475749	false	0.5
skeptisch	neg 1.0		off 0.5284124781946492 neg 0.4643278533972317 __DUMMY__ 0.007259668408119058	false	0.5
schrecklich	neg 1.0		off 0.5421133608297104 neg 0.45074223611935627 __DUMMY__ 0.007144403050933471	false	0.5
schlapp	neg 1.0		off 0.5390361729540872 neg 0.4537786843172582 __DUMMY__ 0.007185142728654588	false	0.5
abfall	neg 1.0		off 0.5271697982049355 neg 0.4655121239945946 __DUMMY__ 0.007318077800469895	false	0.5
widerspenstig	neg 1.0		off 0.5344527028240244 neg 0.4583144018939316 __DUMMY__ 0.007232895282044041	false	0.5
abrupt	neg 1.0		off 0.5321919788850494 neg 0.46051142856868804 __DUMMY__ 0.0072965925462624166	false	0.5
unwirksam	neg 1.0		off 0.5298193816936708 neg 0.46301037426079183 __DUMMY__ 0.007170244045537463	false	0.5
angreifen	neg 1.0		off 0.5286240983262445 neg 0.4641122521847479 __DUMMY__ 0.007263649489007547	false	0.5
inkonsistent	neg 1.0		off 0.5342968090096569 neg 0.45849210068269103 __DUMMY__ 0.007211090307651994	false	0.5
abrutschen	neg 1.0		off 0.5257654435448518 neg 0.46694840198806076 __DUMMY__ 0.007286154467087431	false	0.5
unsicher	neg 1.0		off 0.5342924563506087 neg 0.45846588360824425 __DUMMY__ 0.007241660041147042	false	0.5
bauernkind	off 1.0	off 1.0	off 0.7551548349608411 neg 0.2414861193572244 __DUMMY__ 0.003359045681934392	false	1.0
angreifer	neg 1.0	neg 1.0	neg 0.7115396223133472 off 0.28499620678721677 __DUMMY__ 0.003464170899436046	false	1.0
trennen	neg 1.0		off 0.530806340505645 neg 0.46189045109411986 __DUMMY__ 0.007303208400235121	false	0.5
schmutz	neg 1.0		off 0.5402244116358007 neg 0.4524846245233172 __DUMMY__ 0.007290963840882068	false	0.5
inkonsistenz	neg 1.0		off 0.5344463404612619 neg 0.4584367152251822 __DUMMY__ 0.0071169443135559295	false	0.5
erschreckend	neg 1.0		off 0.531841503838507 neg 0.46093993292554986 __DUMMY__ 0.007218563235943009	false	0.5
ertrinken	neg 1.0		off 0.5308572121264274 neg 0.46185669318507067 __DUMMY__ 0.007286094688501967	false	0.5
pickelface	off 1.0		off 0.5338443076374091 neg 0.45890378476524324 __DUMMY__ 0.007251907597347617	false	1.0
seiner			off 0.5295070588913751 neg 0.4632239245803145 __DUMMY__ 0.007269016528310467	false	0.0
lauch	neg 1.0		off 0.5283899201128486 neg 0.46429634942973047 __DUMMY__ 0.007313730457421047	false	0.5
unwichtig	neg 1.0		off 0.5368323549503613 neg 0.45600392887089714 __DUMMY__ 0.007163716178741629	false	0.5
steuerhinterziehung	neg 1.0	neg 1.0	neg 0.7154373110025468 off 0.28110754660252346 __DUMMY__ 0.003455142394929635	false	1.0
schock	neg 1.0		off 0.5340797890916384 neg 0.4586656337470995 __DUMMY__ 0.007254577161262012	false	0.5
beule	neg 1.0		off 0.5397854166020758 neg 0.45304199349356916 __DUMMY__ 0.007172589904355063	false	0.5
vergelten	neg 1.0		off 0.5429884103721738 neg 0.4498253045345156 __DUMMY__ 0.007186285093310565	false	0.5
verdorbenheit	neg 1.0		off 0.5368351202722325 neg 0.45590258802158645 __DUMMY__ 0.007262291706180945	false	0.5
trauma	neg 1.0		off 0.5352025221651437 neg 0.45756660735567095 __DUMMY__ 0.007230870479185252	false	0.5
sinnlos	neg 1.0		off 0.5360867202993911 neg 0.4566981336880327 __DUMMY__ 0.0072151460125761116	false	0.5
fettsack	off 1.0	off 1.0	off 0.7567782484315912 neg 0.23984948632998745 __DUMMY__ 0.0033722652384212924	false	1.0
feige	off 1.0	off 1.0	off 0.7544602414255797 neg 0.24213117067558038 __DUMMY__ 0.0034085878988400356	false	1.0
abdanken	neg 1.0		off 0.5332396312831138 neg 0.4595214014687954 __DUMMY__ 0.007238967248090878	false	0.5
wichtigtuer	off 1.0	off 1.0	off 0.7535100827820046 neg 0.24306489541023413 __DUMMY__ 0.00342502180776121	false	1.0
misslingen	neg 1.0		off 0.5379428096275913 neg 0.45477260207724596 __DUMMY__ 0.00728458829516261	false	0.5
untreu	off 1.0		off 0.5383561001434689 neg 0.45446897634880185 __DUMMY__ 0.007174923507729244	false	1.0
missmutig	neg 1.0		off 0.538905593081496 neg 0.4538953135470616 __DUMMY__ 0.007199093371442537	false	0.5
hurenbock	off 1.0		off 0.5382373849524071 neg 0.45451134451029596 __DUMMY__ 0.007251270537296935	false	1.0
betrunken	neg 1.0		off 0.5408183853622262 neg 0.4520075470809116 __DUMMY__ 0.007174067556862294	false	0.5
korrupt	off 1.0		off 0.5285332802548397 neg 0.46426215121319436 __DUMMY__ 0.007204568531966066	false	1.0
unmut	neg 1.0		off 0.5264460125275419 neg 0.4662584520676177 __DUMMY__ 0.007295535404840504	false	0.5
hackfresse	off 1.0		off 0.5443334007166725 neg 0.4485712200143813 __DUMMY__ 0.007095379268946224	false	1.0
aufblasen	neg 1.0		off 0.5366957776145035 neg 0.45607236427834186 __DUMMY__ 0.007231858107154829	false	0.5
gewaltsam	neg 1.0		off 0.533602796947728 neg 0.45913696687519334 __DUMMY__ 0.00726023617707855	false	0.5
unbeliebtheit	neg 1.0		off 0.5345890680286789 neg 0.45826300802553954 __DUMMY__ 0.007147923945781659	false	0.5
sturheit	neg 1.0		off 0.5316457635853004 neg 0.46112529004833613 __DUMMY__ 0.007228946366363562	false	0.5
kuh	neg 1.0		off 0.5321249198465274 neg 0.46073433257772006 __DUMMY__ 0.007140747575752655	false	0.5
erschrecken	neg 1.0		off 0.5393021143475188 neg 0.45348433817456724 __DUMMY__ 0.007213547477913752	false	0.5
opfer	neg 1.0		off 0.5306644800458811 neg 0.46207331573144156 __DUMMY__ 0.0072622042226774645	false	0.5
sinken	neg 1.0		off 0.5278221894892605 neg 0.46487693286846943 __DUMMY__ 0.007300877642270011	false	0.5
stinktier	neg 1.0		off 0.5383361199125442 neg 0.45459932738856107 __DUMMY__ 0.007064552698894756	false	0.5
tucke	off 1.0		off 0.545272901741169 neg 0.4476470544610454 __DUMMY__ 0.007080043797785565	false	1.0
ein			off 0.5349113069749311 neg 0.4578678077575121 __DUMMY__ 0.007220885267556779	false	0.0
abstieg	neg 1.0		off 0.5295657667394992 neg 0.463165741316706 __DUMMY__ 0.007268491943794803	false	0.5
missverstehen	neg 1.0		off 0.5343081047099953 neg 0.45852335770702796 __DUMMY__ 0.007168537582976839	false	0.5
ergebnislos	neg 1.0		off 0.5292661468165591 neg 0.4634619435702833 __DUMMY__ 0.007271909613157583	false	0.5
unter			off 0.5242569181793737 neg 0.46837359367874787 __DUMMY__ 0.007369488141878545	false	0.0
manipulieren	neg 1.0		off 0.5292931244080874 neg 0.46342512798044194 __DUMMY__ 0.007281747611470529	false	0.5
unbewiesen	neg 1.0		off 0.5300009021110991 neg 0.46282281077357595 __DUMMY__ 0.0071762871153249926	false	0.5
verschleppen	neg 1.0		off 0.5299875272567125 neg 0.4627683610231775 __DUMMY__ 0.007244111720109963	false	0.5
weib	off 1.0		off 0.5427075993089412 neg 0.4502406474631998 __DUMMY__ 0.007051753227858928	false	1.0
opposition	neg 1.0		off 0.5339152027245296 neg 0.4588903707743704 __DUMMY__ 0.007194426501099887	false	0.5
verkehrswidrig	neg 1.0		off 0.5452958931522945 neg 0.44750803608863543 __DUMMY__ 0.0071960707590698995	false	0.5
inkorrekt	neg 1.0		off 0.5394023151533215 neg 0.453478344787901 __DUMMY__ 0.007119340058777587	false	0.5
vermeiden	neg 1.0		off 0.5255176492647959 neg 0.4671668151567764 __DUMMY__ 0.007315535578427681	false	0.5
abweichung	neg 1.0		off 0.5292199067579199 neg 0.46353879079435834 __DUMMY__ 0.007241302447721909	false	0.5
alkoholisiert	neg 1.0		off 0.5304628769870291 neg 0.46226118059153004 __DUMMY__ 0.007275942421440801	false	0.5
scheiss	off 1.0	off 1.0	off 0.7555658433798642 neg 0.24101683557283338 __DUMMY__ 0.003417321047302498	false	1.0
herausforderung	neg 1.0		off 0.5295656311126022 neg 0.4631579009975375 __DUMMY__ 0.007276467889860253	false	0.5
pervers	off 1.0		off 0.5470083678983945 neg 0.4459334329234265 __DUMMY__ 0.007058199178179147	false	1.0
wackelig	neg 1.0		off 0.5344187795347267 neg 0.4582960752721455 __DUMMY__ 0.007285145193127857	false	0.5
verwickeln	neg 1.0		off 0.5338969287701395 neg 0.4589283662971697 __DUMMY__ 0.007174704932690902	false	0.5
vorwand	neg 1.0		off 0.5281712922608279 neg 0.46456158586212687 __DUMMY__ 0.007267121877045073	false	0.5
muschi	off 1.0		off 0.5337217906993903 neg 0.4590307485043819 __DUMMY__ 0.007247460796227768	false	1.0
entmutigung	neg 1.0		off 0.5341325676859113 neg 0.4586581709491566 __DUMMY__ 0.007209261364932199	false	0.5
unangemessen	neg 1.0		off 0.5296506143698183 neg 0.4631459919854943 __DUMMY__ 0.007203393644687459	false	0.5
unstetig	neg 1.0		off 0.5361980005499816 neg 0.4565988536702837 __DUMMY__ 0.007203145779734756	false	0.5
entmutigen	neg 1.0		off 0.5346980988677594 neg 0.45807970321156993 __DUMMY__ 0.007222197920670802	false	0.5
schwanz	neg 1.0		off 0.5315667417110658 neg 0.4611646008406895 __DUMMY__ 0.007268657448244758	false	0.5
verbot	neg 1.0		off 0.5301663190995625 neg 0.46259391526175203 __DUMMY__ 0.00723976563868535	false	0.5
leid	neg 1.0		off 0.5423265013998967 neg 0.450564291267472 __DUMMY__ 0.007109207332631274	false	0.5
archaisch	neg 1.0		off 0.5321554436685099 neg 0.46060931537038663 __DUMMY__ 0.007235240961103496	false	0.5
gegen			off 0.5272422684915852 neg 0.46546501317219197 __DUMMY__ 0.0072927183362228535	false	0.0
scheidung	neg 1.0		off 0.5550467462193631 neg 0.4378627491652773 __DUMMY__ 0.007090504615359558	false	0.5
einschlag	neg 1.0		off 0.5411445196427732 neg 0.4516981048250918 __DUMMY__ 0.0071573755321348975	false	0.5
m			off 0.5325714647149786 neg 0.46016343991793957 __DUMMY__ 0.007265095367081816	false	0.0
abgestanden	neg 1.0		off 0.5338638240531183 neg 0.4589272925609554 __DUMMY__ 0.007208883385926289	false	0.5
schmierig	off 1.0		off 0.5433411809812635 neg 0.4495169101474079 __DUMMY__ 0.007141908871328702	false	1.0
unpraktisch	neg 1.0		off 0.5353438422686428 neg 0.45743981056645766 __DUMMY__ 0.007216347164899528	false	0.5
wixxer	off 1.0		off 0.5457928747385867 neg 0.44717271119296936 __DUMMY__ 0.007034414068443973	false	1.0
bezeichnet			off 0.5316720240284527 neg 0.4611324765956904 __DUMMY__ 0.007195499375856832	false	0.0
jammerlappen	off 1.0		off 0.5387350245071756 neg 0.45407214877697605 __DUMMY__ 0.007192826715848459	false	1.0
farce	neg 1.0		off 0.5306461047606312 neg 0.4621302005666248 __DUMMY__ 0.007223694672744046	false	0.5
zwecklos	neg 1.0		off 0.5306323609981315 neg 0.462141590872026 __DUMMY__ 0.007226048129842614	false	0.5
turbulent	neg 1.0		off 0.539404579301372 neg 0.4534319905527989 __DUMMY__ 0.007163430145829067	false	0.5
invasion	neg 1.0		off 0.5350810787239358 neg 0.4577151176028693 __DUMMY__ 0.007203803673194857	false	0.5
schuld	neg 1.0		off 0.5335605017289858 neg 0.45923852220198064 __DUMMY__ 0.007200976069033414	false	0.5
risiko	neg 1.0	neg 1.0	neg 0.7118720783889998 off 0.2846604410103535 __DUMMY__ 0.0034674806006466667	false	1.0
finster	neg 1.0		off 0.5334162134127041 neg 0.4593958319992135 __DUMMY__ 0.007187954588082521	false	0.5
geisteskrank	off 1.0		off 0.5370429737808579 neg 0.45583294692548376 __DUMMY__ 0.0071240792936583105	false	1.0
zusammenbrechen	neg 1.0		off 0.5319194877858491 neg 0.46083679155885693 __DUMMY__ 0.007243720655294027	false	0.5
ausbeute	neg 1.0		off 0.5357517072925261 neg 0.4569092199854459 __DUMMY__ 0.007339072722027956	false	0.5
hinterhalt	neg 1.0		off 0.5378779030504076 neg 0.454792504766111 __DUMMY__ 0.00732959218348145	false	0.5
kritik	neg 1.0		off 0.5302525820760171 neg 0.4625252858103787 __DUMMY__ 0.0072221321136041895	false	0.5
einschrumpfen	neg 1.0		off 0.5363795922725837 neg 0.4564441893516886 __DUMMY__ 0.007176218375727579	false	0.5
riskant	neg 1.0		off 0.5283388642942995 neg 0.4644162156796476 __DUMMY__ 0.007244920026052895	false	0.5
frustrieren	neg 1.0		off 0.5295146414711903 neg 0.46324217754455405 __DUMMY__ 0.007243180984255754	false	0.5
groll	neg 1.0		off 0.5300558383237235 neg 0.46271662233063 __DUMMY__ 0.0072275393456464965	false	0.5
gibt			off 0.5320190145989372 neg 0.4607364333727649 __DUMMY__ 0.007244552028297984	false	0.0
qualvoll	neg 1.0		off 0.5378138425846054 neg 0.4549677626984695 __DUMMY__ 0.007218394716925183	false	0.5
wackeln	neg 1.0		off 0.5369573943403325 neg 0.4557840131070674 __DUMMY__ 0.007258592552600072	false	0.5
klagen	neg 1.0		off 0.526499399467905 neg 0.46622195167219177 __DUMMY__ 0.0072786488599031664	false	0.5
bankrott	neg 1.0		off 0.539383263073542 neg 0.45340106737780456 __DUMMY__ 0.007215669548653323	false	0.5
trauern	neg 1.0		off 0.5321955749942323 neg 0.46050915977237755 __DUMMY__ 0.007295265233390226	false	0.5
ablehnung	neg 1.0		off 0.5296968248873144 neg 0.46308276696110495 __DUMMY__ 0.007220408151580584	false	0.5
stur	neg 1.0		off 0.5334834067357662 neg 0.4593207670927619 __DUMMY__ 0.0071958261714717385	false	0.5
aufruhr	neg 1.0		off 0.5328631001086106 neg 0.4598956846012511 __DUMMY__ 0.007241215290138243	false	0.5
melancholie	neg 1.0		off 0.5316443705026556 neg 0.46109166105375393 __DUMMY__ 0.0072639684435904395	false	0.5
ist			off 0.5355540678482563 neg 0.4572334679948589 __DUMMY__ 0.007212464156884627	false	0.0
torheit	neg 1.0		off 0.5340390157459076 neg 0.4587346131152399 __DUMMY__ 0.00722637113885258	false	0.5
dreckskind	off 1.0		off 0.541929713510774 neg 0.4509903806396754 __DUMMY__ 0.007079905849550677	false	1.0
umtauschen	neg 1.0		off 0.5336715920556943 neg 0.459096721811742 __DUMMY__ 0.007231686132563708	false	0.5
zum			off 0.5287320174559589 neg 0.46390334801416605 __DUMMY__ 0.007364634529875045	false	0.0
zersetzen	neg 1.0		off 0.5277755681717635 neg 0.464970671416731 __DUMMY__ 0.007253760411505497	false	0.5
zur			off 0.5261817247782574 neg 0.46647751435200324 __DUMMY__ 0.007340760869739397	false	0.0
frust	neg 1.0		off 0.5321671147309094 neg 0.460584413848907 __DUMMY__ 0.007248471420183516	false	0.5
unerbittlichkeit	neg 1.0		off 0.528495555187595 neg 0.46423828277197343 __DUMMY__ 0.00726616204043154	false	0.5
zwei			off 0.5290309922581763 neg 0.4636251710967224 __DUMMY__ 0.007343836645101431	false	0.0
unkorrekt	neg 1.0		off 0.5399237181801569 neg 0.4529408937865785 __DUMMY__ 0.007135388033264494	false	0.5
hexe	off 1.0		off 0.5366363261012475 neg 0.456216274846813 __DUMMY__ 0.007147399051939453	false	1.0
lasch	neg 1.0		off 0.5352369415055314 neg 0.4576021695475949 __DUMMY__ 0.007160888946873691	false	0.5
rivale	neg 1.0		off 0.5404779274093041 neg 0.4523594816869689 __DUMMY__ 0.007162590903727055	false	0.5
mutlos	off 1.0	off 1.0	off 0.7501242190766404 neg 0.24641802056415144 __DUMMY__ 0.003457760359208074	false	1.0
wirr	off 1.0		off 0.5408523763633951 neg 0.45201920496873177 __DUMMY__ 0.007128418667873063	false	1.0
jahr			off 0.5328364502994364 neg 0.45981726029243397 __DUMMY__ 0.007346289408129603	false	0.0
wird			off 0.5306240498421265 neg 0.46212851786560305 __DUMMY__ 0.007247432292270403	false	0.0
strafbar	neg 1.0		off 0.5287317622502594 neg 0.46402686575033164 __DUMMY__ 0.007241371999408823	false	0.5
erosion	neg 1.0		off 0.5357111189299758 neg 0.4570302903784149 __DUMMY__ 0.00725859069160915	false	0.5
eingehen	neg 1.0		off 0.5288599150196793 neg 0.4639017019835389 __DUMMY__ 0.007238382996781856	false	0.5
faul	off 1.0		off 0.5388301931170388 neg 0.45396343660120225 __DUMMY__ 0.007206370281758932	false	1.0
provisorium	neg 1.0		off 0.525219751182954 neg 0.46740857693468696 __DUMMY__ 0.007371671882359095	false	0.5
schmerzen	neg 1.0		off 0.532204278311249 neg 0.46057214334235524 __DUMMY__ 0.007223578346395949	false	0.5
schrumpfen	neg 1.0		off 0.5237994914608052 neg 0.4689060204625831 __DUMMY__ 0.007294488076611644	false	0.5
geistlos	off 1.0		off 0.5333613016367631 neg 0.45948016322630486 __DUMMY__ 0.007158535136932185	false	1.0
fehlkauf	neg 1.0		off 0.5369528165514807 neg 0.45581169666418225 __DUMMY__ 0.007235486784336947	false	0.5
frustrierend	neg 1.0		off 0.5371197909429926 neg 0.45568985444076643 __DUMMY__ 0.007190354616240954	false	0.5
unzufrieden	neg 1.0		off 0.5297920889244868 neg 0.4629870178403509 __DUMMY__ 0.007220893235162143	false	0.5
verzweifeln	neg 1.0		off 0.5324911784382949 neg 0.4602762840717728 __DUMMY__ 0.007232537489932437	false	0.5
verzweifelt	neg 1.0	neg 1.0	neg 0.7140220598837906 off 0.28254818971422363 __DUMMY__ 0.003429750401985732	false	1.0
misstrauensantrag	neg 1.0		off 0.5355584462766771 neg 0.45723580381833095 __DUMMY__ 0.0072057499049918775	false	0.5
abfallen	neg 1.0		off 0.5364332568892979 neg 0.4563185050540746 __DUMMY__ 0.007248238056627418	false	0.5
fucker	off 1.0		off 0.542035482738116 neg 0.45078626710217223 __DUMMY__ 0.007178250159711743	false	1.0
ungezogen	neg 1.0		off 0.5466139617446866 neg 0.4463134523689351 __DUMMY__ 0.007072585886378353	false	0.5
irrsinnig	neg 1.0	neg 1.0	neg 0.7137299482802424 off 0.2828352927173784 __DUMMY__ 0.0034347590023792005	false	1.0
unfassbar	neg 1.0		off 0.5395654310199675 neg 0.45325600660534215 __DUMMY__ 0.007178562374690324	false	0.5
hart	neg 1.0		off 0.5392716390344524 neg 0.45354831649696437 __DUMMY__ 0.007180044468583201	false	0.5
widerlich	off 1.0		off 0.5382560454332719 neg 0.4546012258191682 __DUMMY__ 0.007142728747559908	false	1.0
fatal	neg 1.0		off 0.5364931321519391 neg 0.45628850434493606 __DUMMY__ 0.007218363503124732	false	0.5
bruch	neg 1.0		off 0.527244180835444 neg 0.465473688519801 __DUMMY__ 0.007282130644754942	false	0.5
aushungern	neg 1.0		off 0.5326039526003796 neg 0.4601381529515596 __DUMMY__ 0.007257894448060878	false	0.5
anspannung	neg 1.0		off 0.5276787118038014 neg 0.46497402421424533 __DUMMY__ 0.007347263981953144	false	0.5
von			off 0.5342621150873657 neg 0.4583696418505961 __DUMMY__ 0.007368243062038376	false	0.0
kraftlos	neg 1.0		off 0.5323415581356679 neg 0.46039743053553495 __DUMMY__ 0.007261011328797307	false	0.5
vom			off 0.5269993148372752 neg 0.46561294425680266 __DUMMY__ 0.007387740905922053	false	0.0
grenzdebil	off 1.0		off 0.5404828909579611 neg 0.4523331331729481 __DUMMY__ 0.007183975869090771	false	1.0
vor			off 0.5297101040473151 neg 0.4629835625533691 __DUMMY__ 0.007306333399315773	false	0.0
unterwerfen	neg 1.0		off 0.5303506250179244 neg 0.4623910441859246 __DUMMY__ 0.007258330796151045	false	0.5
versenkung	neg 1.0		off 0.5314580808999761 neg 0.4612665910001684 __DUMMY__ 0.007275328099855388	false	0.5
entziehen	neg 1.0		off 0.52709135924997 neg 0.4656318264577017 __DUMMY__ 0.007276814292328357	false	0.5
finanzkrise	neg 1.0		off 0.5314826252305286 neg 0.46129900201614643 __DUMMY__ 0.007218372753324888	false	0.5
schimpfend	neg 1.0		off 0.5359259258330538 neg 0.456861728962001 __DUMMY__ 0.007212345204945297	false	0.5
profan	neg 1.0		off 0.5354095817004683 neg 0.4573999912482299 __DUMMY__ 0.007190427051301754	false	0.5
korruption	neg 1.0		off 0.5303149770045777 neg 0.46243841222189586 __DUMMY__ 0.007246610773526369	false	0.5
â			off 0.5330321229270246 neg 0.45968425165930155 __DUMMY__ 0.00728362541367407	false	0.0
schmutzig	neg 1.0		off 0.5416074682101358 neg 0.45120114619078994 __DUMMY__ 0.007191385599074261	false	0.5
sexy	neg 1.0		off 0.5382862711450938 neg 0.4544980694415767 __DUMMY__ 0.00721565941332962	false	0.5
abraten	neg 1.0		off 0.5356252482647786 neg 0.4571652685847386 __DUMMY__ 0.007209483150482749	false	0.5
schwarz	neg 1.0		off 0.5354651027594765 neg 0.45731673326169187 __DUMMY__ 0.007218163978831567	false	0.5
fotze	off 1.0	off 1.0	off 0.7525058570666951 neg 0.24402207195800255 __DUMMY__ 0.003472070975302275	false	1.0
verwirren	neg 1.0		off 0.5365733201677041 neg 0.4562274889952372 __DUMMY__ 0.00719919083705849	false	0.5
zahnlos	off 1.0		off 0.5311414232590594 neg 0.46163442972490987 __DUMMY__ 0.007224147016030653	false	1.0
verheeren	neg 1.0		off 0.5501493720904616 neg 0.44275034042776634 __DUMMY__ 0.007100287481772168	false	0.5
hippie	neg 1.0		off 0.5379004039958933 neg 0.4548815961782417 __DUMMY__ 0.007217999825864933	false	0.5
rammen	neg 1.0		off 0.5343261515724796 neg 0.45847678794663377 __DUMMY__ 0.007197060480886601	false	0.5
unlauter	neg 1.0		off 0.531797519828762 neg 0.46102752529697694 __DUMMY__ 0.007174954874261095	false	0.5
unheilvoll	neg 1.0		off 0.5368211800540786 neg 0.45594907730007744 __DUMMY__ 0.007229742645843935	false	0.5
niedrig	neg 1.0		off 0.5276850910699875 neg 0.46507690311506567 __DUMMY__ 0.007238005814947027	false	0.5
explosion	neg 1.0		off 0.5368725383691295 neg 0.45591558282708633 __DUMMY__ 0.007211878803784162	false	0.5
weichei	off 1.0	off 1.0	off 0.7578689644039163 neg 0.23874440797911758 __DUMMY__ 0.0033866276169661398	false	1.0
minusmensch	off 1.0		off 0.5440450273508098 neg 0.44889238916515223 __DUMMY__ 0.007062583484038042	false	1.0
farblos	neg 1.0		off 0.5350510674367546 neg 0.4576967935951281 __DUMMY__ 0.00725213896811729	false	0.5
unwissend	neg 1.0	neg 1.0	neg 0.7118690497089398 off 0.28471555698071604 __DUMMY__ 0.0034153933103440305	false	1.0
traurig	neg 1.0		off 0.5418077905834972 neg 0.45103502931464334 __DUMMY__ 0.0071571801018595485	false	0.5
senkung	neg 1.0		off 0.5340427518067377 neg 0.45878867952671376 __DUMMY__ 0.007168568666548501	false	0.5
ungleich	neg 1.0	neg 1.0	neg 0.7167996202794491 off 0.27974160754889876 __DUMMY__ 0.0034587721716520343	false	1.0
heikel	neg 1.0		off 0.5279430179050545 neg 0.46481736135819407 __DUMMY__ 0.007239620736751407	false	0.5
drosselung	neg 1.0		off 0.5398060661993801 neg 0.45301968748936744 __DUMMY__ 0.007174246311252447	false	0.5
falsch	neg 1.0		off 0.5365652475288725 neg 0.4562583822578079 __DUMMY__ 0.007176370213319579	false	0.5
unzufriedenheit	neg 1.0		off 0.527866063902765 neg 0.46486170412746 __DUMMY__ 0.007272231969775066	false	0.5
kurz	neg 1.0		off 0.5342060494307077 neg 0.45852394500178495 __DUMMY__ 0.007270005567507214	false	0.5
unsinnig	neg 1.0		off 0.5305692563423798 neg 0.46222102483775834 __DUMMY__ 0.00720971881986198	false	0.5
penner	off 1.0	off 1.0	off 0.7588760434887147 neg 0.23773937202199072 __DUMMY__ 0.0033845844892945957	false	1.0
seicht	neg 1.0		off 0.5447332853772204 neg 0.44820984702434497 __DUMMY__ 0.00705686759843459	false	0.5
dummheit	off 1.0	off 1.0	off 0.7537428507072587 neg 0.24283259734060095 __DUMMY__ 0.0034245519521403944	false	1.0
unerfreulich	neg 1.0		off 0.5284466399194754 neg 0.46428777784529596 __DUMMY__ 0.007265582235228808	false	0.5
motherfucker	off 1.0	off 1.0	off 0.7568470945593746 neg 0.23972994631831168 __DUMMY__ 0.00342295912231371	false	1.0
pikiert	neg 1.0		off 0.5382840551186191 neg 0.4545555368095848 __DUMMY__ 0.007160408071796081	false	0.5
wrack	neg 1.0		off 0.533407716764681 neg 0.4593209171096538 __DUMMY__ 0.007271366125665171	false	0.5
gangster	neg 1.0		off 0.5379122456886146 neg 0.4548712289527673 __DUMMY__ 0.007216525358618154	false	0.5
krank	neg 1.0		off 0.540417138187915 neg 0.45240068685867957 __DUMMY__ 0.007182174953405521	false	0.5
reich	neg 1.0		off 0.5411490512015835 neg 0.4516326468246952 __DUMMY__ 0.0072183019737213595	false	0.5
gnadenlos	neg 1.0		off 0.5343331832634196 neg 0.4584555595489335 __DUMMY__ 0.007211257187646857	false	0.5
niedergeschlagen	neg 1.0		off 0.5334193524752469 neg 0.4593258714123555 __DUMMY__ 0.00725477611239763	false	0.5
terrorisieren	off 1.0	off 1.0	off 0.7511930005613829 neg 0.24533534150093514 __DUMMY__ 0.0034716579376818935	false	1.0
sinnlosigkeit	neg 1.0		off 0.5310772902566527 neg 0.4616891167291771 __DUMMY__ 0.007233593014170079	false	0.5
behindern	neg 1.0		off 0.533844562117282 neg 0.45890883357849516 __DUMMY__ 0.007246604304222763	false	0.5
undemokratisch	neg 1.0		off 0.5338819980854512 neg 0.45890700101910376 __DUMMY__ 0.007211000895445082	false	0.5
wirtschaftskrise	neg 1.0		off 0.5297056849435733 neg 0.46305406755608547 __DUMMY__ 0.007240247500341368	false	0.5
neid	neg 1.0		off 0.538399679944823 neg 0.45439321350504175 __DUMMY__ 0.007207106550135241	false	0.5
rutschen	neg 1.0		off 0.5296971925907565 neg 0.46294619605169535 __DUMMY__ 0.007356611357548025	false	0.5
rezession	neg 1.0		off 0.5377612038971666 neg 0.4551535064578175 __DUMMY__ 0.007085289645015794	false	0.5
fehlgeburt	neg 1.0		off 0.5369223965600763 neg 0.4558446891140265 __DUMMY__ 0.007232914325897195	false	0.5
charakterschwach	off 1.0		off 0.5380855507572252 neg 0.454769510017663 __DUMMY__ 0.0071449392251119485	false	1.0
isolation	neg 1.0		off 0.5375189478374199 neg 0.4552794251176623 __DUMMY__ 0.007201627044917822	false	0.5
ablenkung	neg 1.0		off 0.534512588986455 neg 0.4582487243806635 __DUMMY__ 0.007238686632881375	false	0.5
pech	neg 1.0		off 0.5361698491810447 neg 0.4566544765305596 __DUMMY__ 0.007175674288395768	false	0.5
vermeidung	neg 1.0		off 0.5409135396074929 neg 0.45189737973459243 __DUMMY__ 0.007189080657914628	false	0.5
dominieren	neg 1.0		off 0.5310794042794682 neg 0.46164779653478116 __DUMMY__ 0.007272799185750559	false	0.5
schwindlig	neg 1.0		off 0.5372195221671677 neg 0.4555534875680535 __DUMMY__ 0.007226990264778901	false	0.5
lutscher	neg 1.0		off 0.545928877086597 neg 0.4470072406917029 __DUMMY__ 0.007063882221700152	false	0.5
pflicht	neg 1.0		off 0.5271695150842599 neg 0.46557578594376153 __DUMMY__ 0.007254698971978479	false	0.5
faschist	off 1.0		off 0.5366978386677289 neg 0.4561040325914335 __DUMMY__ 0.007198128740837653	false	1.0
verschleudern	neg 1.0		off 0.5278160836176506 neg 0.46494446566673236 __DUMMY__ 0.007239450715617009	false	0.5
wenn			off 0.5376142672017002 neg 0.45519641538348105 __DUMMY__ 0.007189317414818832	false	0.0
ehebruch	neg 1.0		off 0.5310357002844317 neg 0.46170581052277493 __DUMMY__ 0.0072584891927933515	false	0.5
spott	off 1.0		off 0.5294459950614478 neg 0.4633083226138166 __DUMMY__ 0.007245682324735594	false	1.0
trostlosigkeit	neg 1.0		off 0.5297351791800551 neg 0.46296044262551755 __DUMMY__ 0.0073043781944274015	false	0.5
lutschen	neg 1.0		off 0.536865229656954 neg 0.4559467453678103 __DUMMY__ 0.007188024975235661	false	0.5
undiszipliniert	neg 1.0		off 0.5404339506719578 neg 0.4524192260464407 __DUMMY__ 0.007146823281601471	false	0.5
kopfschmerz	neg 1.0		off 0.5315662851843284 neg 0.46119820056759 __DUMMY__ 0.00723551424808171	false	0.5
unvorhergesehen	neg 1.0		off 0.5321515467156565 neg 0.4605399335756238 __DUMMY__ 0.0073085197087196605	false	0.5
desinteressiert	neg 1.0		off 0.5400104172474637 neg 0.4528372829030248 __DUMMY__ 0.007152299849511379	false	0.5
armselig	off 1.0		off 0.5395639744184744 neg 0.4533167321671767 __DUMMY__ 0.007119293414348968	false	1.0
desaster	neg 1.0		off 0.5266503296167857 neg 0.4660630754307994 __DUMMY__ 0.007286594952414954	false	0.5
tod	neg 1.0		off 0.5357139589654606 neg 0.4569649896756174 __DUMMY__ 0.007321051358922105	false	0.5
herzlos	neg 1.0		off 0.5410026557497751 neg 0.4518550910461312 __DUMMY__ 0.007142253204093774	false	0.5
unwissenheit	neg 1.0		off 0.5306676164334653 neg 0.46209782076968353 __DUMMY__ 0.007234562796851073	false	0.5
widersinnig	neg 1.0		off 0.5282043281760875 neg 0.46460084990073214 __DUMMY__ 0.007194821923180213	false	0.5
bedenklich	neg 1.0		off 0.5292065304141207 neg 0.4635607665369815 __DUMMY__ 0.007232703048897696	false	0.5
beanstanden	neg 1.0		off 0.5272430869195942 neg 0.46549341601931776 __DUMMY__ 0.0072634970610881075	false	0.5
panisch	neg 1.0	neg 1.0	neg 0.7109884444802822 off 0.2855491186691757 __DUMMY__ 0.0034624368505420445	false	1.0
debil	off 1.0		off 0.526222961822311 neg 0.46641122857779804 __DUMMY__ 0.007365809599891087	false	1.0
abstrich	neg 1.0		off 0.539040584431256 neg 0.4536345196957875 __DUMMY__ 0.007324895872956461	false	0.5
primitiv	neg 1.0		off 0.5383417534033474 neg 0.4545185392888438 __DUMMY__ 0.00713970730780888	false	0.5
abschaum	off 1.0	off 1.0	off 0.7552470911720376 neg 0.2413326767073792 __DUMMY__ 0.0034202321205832296	false	1.0
provozieren	neg 1.0		off 0.5328283025925526 neg 0.4599800163013128 __DUMMY__ 0.007191681106134517	false	0.5
tot	neg 1.0		off 0.5314513221705239 neg 0.46130164616806985 __DUMMY__ 0.007247031661406152	false	0.5
instabil	neg 1.0		off 0.5400164145730479 neg 0.4528467914644791 __DUMMY__ 0.007136793962473119	false	0.5
schwuchtel	off 1.0	off 1.0	off 0.760815900718152 neg 0.23583940531064448 __DUMMY__ 0.0033446939712034663	false	1.0
zerren	neg 1.0		off 0.532650225789481 neg 0.46009368329196393 __DUMMY__ 0.007256090918555075	false	0.5
kinderficker	off 1.0		off 0.5437217080447981 neg 0.4491537197741663 __DUMMY__ 0.007124572181035458	false	1.0
gefahr	neg 1.0		off 0.5288531833373884 neg 0.4638556269680981 __DUMMY__ 0.007291189694513401	false	0.5
rabiat	neg 1.0		off 0.534157975189894 neg 0.45861073290922455 __DUMMY__ 0.0072312919008812905	false	0.5
verlangsamung	neg 1.0		off 0.5430348704842712 neg 0.44988923485235477 __DUMMY__ 0.007075894663374091	false	0.5
ausgestorben	neg 1.0		off 0.5344701590035372 neg 0.4582860651911899 __DUMMY__ 0.007243775805272773	false	0.5
anklagen	neg 1.0		off 0.5309520498103981 neg 0.46179683784159714 __DUMMY__ 0.007251112348004654	false	0.5
trott	neg 1.0		off 0.5340465982356463 neg 0.45871075784106885 __DUMMY__ 0.007242643923284816	false	0.5
verminderung	neg 1.0		off 0.5401720437191587 neg 0.4526588110235563 __DUMMY__ 0.007169145257284937	false	0.5
nach			off 0.5278586749711506 neg 0.46478511969668607 __DUMMY__ 0.007356205332163313	false	0.0
rost	neg 1.0		off 0.5437278255432588 neg 0.44915886118101733 __DUMMY__ 0.007113313275723698	false	0.5
destruktiv	neg 1.0		off 0.5319916780787741 neg 0.4608021649240159 __DUMMY__ 0.007206156997209934	false	0.5
unzumutbarkeit	neg 1.0		off 0.5399119921983649 neg 0.4528929128571796 __DUMMY__ 0.007195094944455556	false	0.5
labil	off 1.0	off 1.0	off 0.7552093422714373 neg 0.24136150604907525 __DUMMY__ 0.0034291516794873614	false	1.0
ziemlich	neg 1.0		off 0.5399118254786608 neg 0.45290114832659717 __DUMMY__ 0.007187026194742072	false	0.5
lachnummer	off 1.0		off 0.5327550170134809 neg 0.46004097594775717 __DUMMY__ 0.007204007038761911	false	1.0
oder			off 0.5353706250570205 neg 0.4573957245727148 __DUMMY__ 0.007233650370264807	false	0.0
verfall	neg 1.0		off 0.5250547092355718 neg 0.46763269551981496 __DUMMY__ 0.007312595244613318	false	0.5
ausgrenzung	neg 1.0		off 0.5349119771552072 neg 0.45787504135603835 __DUMMY__ 0.007212981488754436	false	0.5
unordnung	neg 1.0		off 0.5441840613175553 neg 0.44861208049333234 __DUMMY__ 0.007203858189112312	false	0.5
fehlverhalten	neg 1.0		off 0.5272106256114152 neg 0.4655485732218338 __DUMMY__ 0.007240801166751118	false	0.5
eine			off 0.5295767371273701 neg 0.46313269728273215 __DUMMY__ 0.0072905655898976365	false	0.0
nille	neg 1.0		off 0.5346827300717664 neg 0.4580624957146695 __DUMMY__ 0.007254774213564099	false	0.5
qual	neg 1.0		off 0.5338505194788936 neg 0.4589008371811767 __DUMMY__ 0.007248643339929736	false	0.5
verschwenden	neg 1.0		off 0.5285130940077115 neg 0.4642522449155953 __DUMMY__ 0.007234661076693187	false	0.5
riesig	neg 1.0		off 0.5325917819149361 neg 0.4601227347230983 __DUMMY__ 0.007285483361965701	false	0.5
verurteilen	neg 1.0		off 0.5297721946024557 neg 0.4630050492217551 __DUMMY__ 0.007222756175789243	false	0.5
klischee	neg 1.0	neg 1.0	neg 0.7124305477191023 off 0.28414655421135027 __DUMMY__ 0.0034228980695474066	false	1.0
diktatorisch	neg 1.0		off 0.5335120078994278 neg 0.45928685635980704 __DUMMY__ 0.007201135740765043	false	0.5
vorhersehbar	neg 1.0		off 0.5344567515047318 neg 0.4583786236989774 __DUMMY__ 0.00716462479629061	false	0.5
sowie			off 0.5429194301942806 neg 0.44995671499790074 __DUMMY__ 0.007123854807818718	false	0.0
stornieren	neg 1.0		off 0.5396013650119208 neg 0.45312358108858075 __DUMMY__ 0.007275053899498364	false	0.5
besteuerung	neg 1.0		off 0.5316686805983086 neg 0.46115275209157564 __DUMMY__ 0.007178567310115694	false	0.5
ungeschminkt	neg 1.0		off 0.5375084037816611 neg 0.4553624117198431 __DUMMY__ 0.007129184498495756	false	0.5
kritisch	neg 1.0		off 0.5293190955845555 neg 0.4634398239370861 __DUMMY__ 0.007241080478358365	false	0.5
schlamperei	off 1.0		off 0.5294021124106971 neg 0.46332602405467604 __DUMMY__ 0.007271863534626875	false	1.0
sucht	neg 1.0	neg 1.0	neg 0.7098384739736502 off 0.2866595677967076 __DUMMY__ 0.003501958229642149	false	1.0
egoistisch	off 1.0		off 0.5421090238237097 neg 0.4507965947515803 __DUMMY__ 0.0070943814247101614	false	1.0
ausbeuter	off 1.0		off 0.5266053892232871 neg 0.46616363835643954 __DUMMY__ 0.007230972420273334	false	1.0
arschgeburt	off 1.0		off 0.5475616986154906 neg 0.445429859958881 __DUMMY__ 0.00700844142562825	false	1.0
schubs	neg 1.0		off 0.5320052342443761 neg 0.46075400917121384 __DUMMY__ 0.0072407565844101705	false	0.5
unsolide	neg 1.0		off 0.5330751843572545 neg 0.459747482272938 __DUMMY__ 0.0071773333698074435	false	0.5
beschwerde	neg 1.0		off 0.5286887316818298 neg 0.4640690849509428 __DUMMY__ 0.0072421833672274925	false	0.5
stocken	neg 1.0		off 0.5300210917646954 neg 0.4627064576603971 __DUMMY__ 0.0072724505749074825	false	0.5
isolieren	neg 1.0		off 0.5307663792347239 neg 0.46198379378527943 __DUMMY__ 0.007249826979996759	false	0.5
unheilbar	neg 1.0		off 0.5352494842074578 neg 0.4575073392641265 __DUMMY__ 0.007243176528415756	false	0.5
pisser	off 1.0		off 0.5402483378980657 neg 0.4526131975654027 __DUMMY__ 0.007138464536531627	false	1.0
löschen	neg 1.0		off 0.5347023180487286 neg 0.4580522239360844 __DUMMY__ 0.007245458015186901	false	0.5
durchfallen	neg 1.0		off 0.5284999715210159 neg 0.4642875721722353 __DUMMY__ 0.007212456306748795	false	0.5
wichser	off 1.0	off 1.0	off 0.7602563184274108 neg 0.2363748356462827 __DUMMY__ 0.003368845926306438	false	1.0
terror	neg 1.0		off 0.5376014148873178 neg 0.45518090247785514 __DUMMY__ 0.007217682634827048	false	0.5
krass	neg 1.0		off 0.5413615832577885 neg 0.45150889056700555 __DUMMY__ 0.007129526175205942	false	0.5
revolte	neg 1.0		off 0.5358661601396109 neg 0.4569175449944768 __DUMMY__ 0.007216294865912286	false	0.5
besorgt	neg 1.0		off 0.5357090484516317 neg 0.4569916034232617 __DUMMY__ 0.007299348125106658	false	0.5
nachlassen	neg 1.0		off 0.5320433671232485 neg 0.46065405720526587 __DUMMY__ 0.007302575671485585	false	0.5
alt	neg 1.0		off 0.5317997933462638 neg 0.460950647899364 __DUMMY__ 0.007249558754372291	false	0.5
hundesohn	off 1.0		off 0.5462798714607162 neg 0.4466500134989179 __DUMMY__ 0.007070115040365968	false	1.0
als			off 0.5314472588824588 neg 0.46131260036073035 __DUMMY__ 0.007240140756810811	false	0.0
abschreckung	neg 1.0		off 0.5278044440350962 neg 0.46491929942256915 __DUMMY__ 0.007276256542334662	false	0.5
unqualifiziert	neg 1.0		off 0.5349101141828858 neg 0.4579369125640309 __DUMMY__ 0.0071529732530832245	false	0.5
abgewichst	off 1.0		off 0.5340753628849738 neg 0.45866458552211453 __DUMMY__ 0.007260051592911566	false	1.0
schwer	neg 1.0		off 0.5323502326238864 neg 0.46043122789941204 __DUMMY__ 0.007218539476701495	false	0.5
bedeutungslosigkeit	neg 1.0		off 0.528133610609587 neg 0.46460770898776815 __DUMMY__ 0.007258680402644844	false	0.5
kapitulation	neg 1.0		off 0.5303957833660196 neg 0.46234010095489236 __DUMMY__ 0.00726411567908806	false	0.5
unscharf	neg 1.0		off 0.534784853018787 neg 0.4580354485716027 __DUMMY__ 0.00717969840961039	false	0.5
schwinden	neg 1.0		off 0.5296368851028741 neg 0.4630770098332981 __DUMMY__ 0.007286105063827855	false	0.5
versklavung	neg 1.0		off 0.5354402378907775 neg 0.45732123961497095 __DUMMY__ 0.007238522494251662	false	0.5
schlecht	neg 1.0		off 0.5400597445193692 neg 0.45275378362033647 __DUMMY__ 0.007186471860294303	false	0.5
verhasst	neg 1.0		off 0.5325440103438676 neg 0.4602816536023034 __DUMMY__ 0.007174336053829076	false	0.5
beschweren	neg 1.0		off 0.535285383089806 neg 0.4575088163299957 __DUMMY__ 0.007205800580198246	false	0.5
scheiden	neg 1.0		off 0.5354418813475358 neg 0.45730456978660394 __DUMMY__ 0.007253548865860301	false	0.5
frustriert	neg 1.0		off 0.5314270961546876 neg 0.4613486517698435 __DUMMY__ 0.007224252075468906	false	0.5
schimmelig	neg 1.0		off 0.5294846124927203 neg 0.46329785128107065 __DUMMY__ 0.007217536226208943	false	0.5
fisch	neg 1.0		off 0.5273687180134399 neg 0.46538172649165155 __DUMMY__ 0.007249555494908476	false	0.5
schmuggel	neg 1.0		off 0.5299216075586547 neg 0.46280479849230083 __DUMMY__ 0.007273593949044436	false	0.5
auffallen	neg 1.0		off 0.5360940839650031 neg 0.45670595899236116 __DUMMY__ 0.007199957042635755	false	0.5
konkurrenz	neg 1.0		off 0.5274360731915726 neg 0.4652852697813015 __DUMMY__ 0.007278657027125975	false	0.5
teufelskreis	neg 1.0		off 0.5323080954485546 neg 0.46047706812940753 __DUMMY__ 0.007214836422037734	false	0.5
aufschreien	neg 1.0		off 0.5352432201379861 neg 0.4575727481792061 __DUMMY__ 0.007184031682807798	false	0.5
schuldner	neg 1.0		off 0.5268384112293168 neg 0.4659133728427704 __DUMMY__ 0.0072482159279126926	false	0.5
missgeburt	off 1.0	off 1.0	off 0.7579619972969917 neg 0.2386572189582304 __DUMMY__ 0.003380783744777883	false	1.0
arbeitslos	neg 1.0		off 0.5287083786992354 neg 0.46408281090520775 __DUMMY__ 0.007208810395556853	false	0.5
befallen	neg 1.0		off 0.5345293643844882 neg 0.4581994346438505 __DUMMY__ 0.0072712009716614625	false	0.5
miesepetrig	off 1.0	off 1.0	off 0.755757630451519 neg 0.2408171814334358 __DUMMY__ 0.0034251881150452294	false	1.0
alarmieren	neg 1.0		off 0.5369458914278756 neg 0.4558773495267925 __DUMMY__ 0.007176759045331919	false	0.5
ungeduscht	off 1.0		off 0.5366978362403255 neg 0.4561340623545072 __DUMMY__ 0.007168101405167175	false	1.0
knappheit	neg 1.0		off 0.5283123026383212 neg 0.4644755814488041 __DUMMY__ 0.007212115912874656	false	0.5
schlange	neg 1.0		off 0.5380870171259767 neg 0.45465333411981473 __DUMMY__ 0.007259648754208568	false	0.5
harsch	neg 1.0		off 0.5454832610452023 neg 0.4473416348991329 __DUMMY__ 0.007175104055664917	false	0.5
lang	neg 1.0		off 0.5356970830784491 neg 0.4570612734355515 __DUMMY__ 0.007241643485999509	false	0.5
ziellos	neg 1.0		off 0.5319006535292827 neg 0.46082507139381884 __DUMMY__ 0.007274275076898291	false	0.5
selbstverliebt	neg 1.0		off 0.5460941880959195 neg 0.4468698189686753 __DUMMY__ 0.007035992935405282	false	0.5
beseitigen	neg 1.0		off 0.5336374652762164 neg 0.45910333121965957 __DUMMY__ 0.0072592035041240234	false	0.5
dumm	off 1.0		off 0.5435548899053217 neg 0.4493441558426215 __DUMMY__ 0.007100954252056689	false	1.0
arbeitsloser	neg 1.0		off 0.5304623315564679 neg 0.462299116360712 __DUMMY__ 0.007238552082819956	false	0.5
blitzen	neg 1.0		off 0.5376248986915796 neg 0.45515966458312523 __DUMMY__ 0.007215436725295315	false	0.5
hilflos	neg 1.0		off 0.5313651817129567 neg 0.46140239018524853 __DUMMY__ 0.007232428101794738	false	0.5
eklig	off 1.0		off 0.5430508517695601 neg 0.4498726448255955 __DUMMY__ 0.0070765034048441665	false	1.0
begriff			off 0.5323866189277235 neg 0.46038992017330876 __DUMMY__ 0.00722346089896768	false	0.0
hungersnot	neg 1.0		off 0.5330150765448733 neg 0.45971159569474496 __DUMMY__ 0.0072733277603816504	false	0.5
ungesetzlich	neg 1.0		off 0.530989170345846 neg 0.4618413693675148 __DUMMY__ 0.0071694602866392496	false	0.5
verschwendung	neg 1.0		off 0.5294274612617095 neg 0.4633117638917604 __DUMMY__ 0.007260774846530205	false	0.5
schmerzvoll	neg 1.0		off 0.5357246230293491 neg 0.45705733316843206 __DUMMY__ 0.0072180438022189375	false	0.5
vorzeitig	neg 1.0		off 0.5376310006640684 neg 0.45514782342879556 __DUMMY__ 0.007221175907136113	false	0.5
unvollkommenheit	neg 1.0		off 0.5343111298827364 neg 0.4583882199622678 __DUMMY__ 0.007300650154995779	false	0.5
intervenieren	neg 1.0		off 0.5278737043447491 neg 0.4648847263171159 __DUMMY__ 0.0072415693381349035	false	0.5
banause	off 1.0		off 0.5440969153965958 neg 0.4488684726429369 __DUMMY__ 0.007034611960467245	false	1.0
rebell	neg 1.0		off 0.5262367721217013 neg 0.46647339532097293 __DUMMY__ 0.007289832557325869	false	0.5
unlogisch	neg 1.0		off 0.5393371261269815 neg 0.4535426827121532 __DUMMY__ 0.0071201911608652305	false	0.5
leiden	neg 1.0		off 0.5300074072262093 neg 0.46270230404830404 __DUMMY__ 0.007290288725486693	false	0.5
abschaffung	neg 1.0		off 0.5331779755042491 neg 0.4596084519795867 __DUMMY__ 0.007213572516164337	false	0.5
sturz	neg 1.0		off 0.5356245684985889 neg 0.45711956281004745 __DUMMY__ 0.0072558686913637436	false	0.5
verkleinerung	neg 1.0		off 0.5330335638761433 neg 0.45981791058771593 __DUMMY__ 0.007148525536140835	false	0.5
schmarotzer	off 1.0		off 0.5286039950782586 neg 0.4642063306975235 __DUMMY__ 0.007189674224217985	false	1.0
bestrafung	neg 1.0		off 0.5353723006885904 neg 0.457398720284347 __DUMMY__ 0.00722897902706238	false	0.5
achtlos	neg 1.0	neg 1.0	neg 0.7134605200398836 off 0.28307780054251913 __DUMMY__ 0.0034616794175973457	false	1.0
ungeheuer	neg 1.0		off 0.5372771444139269 neg 0.45549846351531753 __DUMMY__ 0.007224392070755436	false	0.5
