unsolidarisch	neg 1.0		__DUMMY__ 0.8833641870634366 off 0.061311998170414606 neg 0.055323814766148734	false	0.5
nachteilig	neg 1.0		__DUMMY__ 0.889054741666327 off 0.05701578678279533 neg 0.0539294715508775	false	0.5
skeptisch	neg 1.0		__DUMMY__ 0.8891518712893711 off 0.056605413863532454 neg 0.054242714847096384	false	0.5
schrecklich	neg 1.0		__DUMMY__ 0.8801876727219741 off 0.07011258605579093 neg 0.04969974122223498	false	0.5
schlapp	neg 1.0		__DUMMY__ 0.8836993627935013 off 0.06604094747116818 neg 0.050259689735330605	false	0.5
abfall	neg 1.0		__DUMMY__ 0.8941166473360809 off 0.053161145452737354 neg 0.052722207211181815	false	0.5
widerspenstig	neg 1.0		__DUMMY__ 0.887494272179295 off 0.06115557582491723 neg 0.05135015199578788	false	0.5
abrupt	neg 1.0		__DUMMY__ 0.8927963888834654 off 0.05693073611944977 neg 0.05027287499708492	false	0.5
unwirksam	neg 1.0		__DUMMY__ 0.8821788611848792 off 0.060916464076927745 neg 0.056904674738193085	false	0.5
angreifen	neg 1.0		__DUMMY__ 0.8893651257173696 off 0.05666425995258236 neg 0.05397061433004805	false	0.5
inkonsistent	neg 1.0		__DUMMY__ 0.8858989614602628 off 0.06181410652293481 neg 0.05228693201680239	false	0.5
abrutschen	neg 1.0		__DUMMY__ 0.891273623407845 neg 0.055069142461800724 off 0.05365723413035429	false	1.0
unsicher	neg 1.0		__DUMMY__ 0.8878171835275368 off 0.06111802808774108 neg 0.05106478838472217	false	0.5
bauernkind	off 1.0	off 1.0	off 0.523632670233382 __DUMMY__ 0.4334138712590508 neg 0.04295345850756716	false	1.0
angreifer	neg 1.0	neg 1.0	neg 0.5068453865833524 __DUMMY__ 0.44547275839931344 off 0.04768185501733416	false	1.0
trennen	neg 1.0		__DUMMY__ 0.8928763299397238 off 0.05606663866382917 neg 0.05105703139644706	false	0.5
schmutz	neg 1.0		__DUMMY__ 0.8927230798041721 off 0.062376941218920436 neg 0.04489997897690743	false	0.5
inkonsistenz	neg 1.0		__DUMMY__ 0.8777196551064981 off 0.06653900608795099 neg 0.05574133880555086	false	0.5
erschreckend	neg 1.0		__DUMMY__ 0.8857376898465699 off 0.06064483625402201 neg 0.053617473899408095	false	0.5
ertrinken	neg 1.0		__DUMMY__ 0.8914260720807807 off 0.0569096740384689 neg 0.05166425388075039	false	0.5
pickelface	off 1.0		__DUMMY__ 0.8888267725460833 off 0.060256947318175325 neg 0.05091628013574132	false	1.0
seiner			__DUMMY__ 0.8898860888009171 off 0.05687360184154119 neg 0.053240309357541586	false	0.0
lauch	neg 1.0		__DUMMY__ 0.8938979987716471 off 0.05387066724107044 neg 0.05223133398728254	false	0.5
unwichtig	neg 1.0		__DUMMY__ 0.8815255783839986 off 0.0660416919846103 neg 0.052432729631391145	false	0.5
steuerhinterziehung	neg 1.0	neg 1.0	neg 0.5109845649407551 __DUMMY__ 0.44440766646391916 off 0.04460776859532583	false	1.0
schock	neg 1.0		__DUMMY__ 0.8888771030946885 off 0.060307421298911396 neg 0.05081547560640004	false	0.5
beule	neg 1.0		__DUMMY__ 0.8827670349035924 off 0.06696854498956216 neg 0.050264420106845384	false	0.5
vergelten	neg 1.0		__DUMMY__ 0.8838300700137588 off 0.06903461587272783 neg 0.04713531411351343	false	0.5
verdorbenheit	neg 1.0		__DUMMY__ 0.8899497373021206 off 0.06132870209973509 neg 0.04872156059814424	false	0.5
trauma	neg 1.0		__DUMMY__ 0.886873908082784 off 0.062096867071390845 neg 0.051029224845825144	false	0.5
sinnlos	neg 1.0		__DUMMY__ 0.8856925216367244 off 0.0634061169685448 neg 0.050901361394730824	false	0.5
fettsack	off 1.0	off 1.0	off 0.5245097572925534 __DUMMY__ 0.4349151490130641 neg 0.04057509369438253	false	1.0
feige	off 1.0	off 1.0	off 0.5205128624745564 __DUMMY__ 0.43889886201854345 neg 0.040588275506900064	false	1.0
abdanken	neg 1.0		__DUMMY__ 0.887622067512378 off 0.060840395087830734 neg 0.0515375373997912	false	0.5
wichtigtuer	off 1.0	off 1.0	off 0.5186615369108496 __DUMMY__ 0.44078698351916573 neg 0.04055147956998463	false	1.0
misslingen	neg 1.0		__DUMMY__ 0.8920886730486689 off 0.06120630412289324 neg 0.0467050228284378	false	0.5
untreu	off 1.0		__DUMMY__ 0.8825121415808519 off 0.06646183786572764 neg 0.05102602055342045	false	1.0
missmutig	neg 1.0		__DUMMY__ 0.8846231131665236 off 0.06569785501787669 neg 0.049679031815599614	false	0.5
hurenbock	off 1.0		__DUMMY__ 0.8891953266260898 off 0.06275678631992278 neg 0.04804788705398738	false	1.0
betrunken	neg 1.0		__DUMMY__ 0.8827625029398234 off 0.06777706667472369 neg 0.04946043038545297	false	0.5
korrupt	off 1.0		__DUMMY__ 0.8847027142904968 off 0.059155320209159264 neg 0.056141965500343914	false	1.0
unmut	neg 1.0		__DUMMY__ 0.8921086186452553 neg 0.054062618438240194 off 0.05382876291650462	false	1.0
hackfresse	off 1.0		__DUMMY__ 0.8762728841075433 off 0.07356528673026504 neg 0.050161829162191585	false	1.0
aufblasen	neg 1.0		__DUMMY__ 0.8872589895844316 off 0.06284073463489567 neg 0.049900275780672715	false	0.5
gewaltsam	neg 1.0		__DUMMY__ 0.8895572051919894 off 0.059730028217068694 neg 0.0507127665909418	false	0.5
unbeliebtheit	neg 1.0		__DUMMY__ 0.8804303001384857 off 0.06518337150182599 neg 0.05438632835968841	false	0.5
sturheit	neg 1.0		__DUMMY__ 0.886672771568224 off 0.060159838375450345 neg 0.053167390056325654	false	0.5
kuh	neg 1.0		__DUMMY__ 0.8800679631994378 off 0.06325762609231875 neg 0.056674410708243424	false	0.5
erschrecken	neg 1.0		__DUMMY__ 0.8857240889020386 off 0.06544445967294787 neg 0.04883145142501362	false	0.5
opfer	neg 1.0		__DUMMY__ 0.8894093613802526 off 0.05798216808377013 neg 0.05260847053597734	false	0.5
sinken	neg 1.0		__DUMMY__ 0.892862209636338 off 0.05423901318187915 neg 0.05289877718178283	false	0.5
stinktier	neg 1.0		__DUMMY__ 0.8735831844542779 off 0.07089882856941349 neg 0.05551798697630869	false	0.5
tucke	off 1.0		__DUMMY__ 0.8752648404357234 off 0.07461532553622985 neg 0.050119834028046734	false	1.0
ein			__DUMMY__ 0.8863958623792779 off 0.06199020001952786 neg 0.051613937601194204	false	0.0
abstieg	neg 1.0		__DUMMY__ 0.8901027630244819 off 0.056876076388455904 neg 0.05302116058706229	false	0.5
missverstehen	neg 1.0		__DUMMY__ 0.8817976501998395 off 0.06429532046226502 neg 0.053907029337895554	false	0.5
ergebnislos	neg 1.0		__DUMMY__ 0.89033634518738 off 0.05659214617841627 neg 0.05307150863420379	false	0.5
unter			__DUMMY__ 0.8983156626842271 neg 0.05281492732003746 off 0.04886940999573548	false	0.0
manipulieren	neg 1.0		__DUMMY__ 0.8911763888572835 off 0.05625411222873978 neg 0.05256949891397676	false	0.5
unbewiesen	neg 1.0		__DUMMY__ 0.8824562923391677 off 0.06131482790777469 neg 0.05622887975305752	false	0.5
verschleppen	neg 1.0		__DUMMY__ 0.888072987879897 off 0.058314335789390506 neg 0.053612676330712476	false	0.5
weib	off 1.0		__DUMMY__ 0.8725605124171878 off 0.07437836260396374 neg 0.05306112497884847	false	1.0
opposition	neg 1.0		__DUMMY__ 0.8841342811172387 off 0.06251934306123061 neg 0.05334637582153076	false	0.5
verkehrswidrig	neg 1.0		__DUMMY__ 0.8848597354367542 off 0.06963007897302194 neg 0.04551018559022393	false	0.5
inkorrekt	neg 1.0		__DUMMY__ 0.8780083678570149 off 0.06977972477135627 neg 0.05221190737162885	false	0.5
vermeiden	neg 1.0		__DUMMY__ 0.8941082705178488 neg 0.05392976049837866 off 0.051961968983772505	false	1.0
abweichung	neg 1.0		__DUMMY__ 0.8880891693317227 off 0.057693982284455256 neg 0.05421684838382212	false	0.5
alkoholisiert	neg 1.0		__DUMMY__ 0.8912806365864876 off 0.056239727264212044 neg 0.05247963614930028	false	0.5
scheiss	off 1.0	off 1.0	off 0.5203398086064391 __DUMMY__ 0.44039284365568343 neg 0.039267347737877475	false	1.0
herausforderung	neg 1.0		__DUMMY__ 0.8909021246221074 off 0.0563627893220165 neg 0.052735086055876144	false	0.5
pervers	off 1.0		__DUMMY__ 0.8732405629685541 off 0.0769428169146852 neg 0.049816620116760725	false	1.0
wackelig	neg 1.0		__DUMMY__ 0.8916854825292925 off 0.05895074989769383 neg 0.04936376757301374	false	0.5
verwickeln	neg 1.0		__DUMMY__ 0.8822742462736936 off 0.06379210034547352 neg 0.053933653380832884	false	0.5
vorwand	neg 1.0		__DUMMY__ 0.8897763360103903 off 0.05615469631760826 neg 0.0540689676720014	false	0.5
muschi	off 1.0		__DUMMY__ 0.8883470238361733 off 0.06044116801554819 neg 0.0512118081482785	false	1.0
entmutigung	neg 1.0		__DUMMY__ 0.8853153562065162 off 0.062550989300625 neg 0.052133654492858804	false	0.5
unangemessen	neg 1.0		__DUMMY__ 0.8845244622274011 off 0.05989385458809143 neg 0.05558168318450746	false	0.5
unstetig	neg 1.0		__DUMMY__ 0.885298528105175 off 0.0634252205555364 neg 0.05127625133928865	false	0.5
entmutigen	neg 1.0		__DUMMY__ 0.8863882685375581 off 0.06212221912920311 neg 0.051489512333238764	false	0.5
schwanz	neg 1.0		__DUMMY__ 0.89029079408334 off 0.05783035704799143 neg 0.05187884886866859	false	0.5
verbot	neg 1.0		__DUMMY__ 0.8876784049651881 off 0.05872348197652527 neg 0.05359811305828661	false	0.5
leid	neg 1.0		__DUMMY__ 0.8773783766010705 off 0.07165070163833058 neg 0.05097092176059889	false	0.5
archaisch	neg 1.0		__DUMMY__ 0.8873345601002041 off 0.059990107323547114 neg 0.052675332576248755	false	0.5
gegen			__DUMMY__ 0.8918218092841036 off 0.05458095934103748 neg 0.05359723137485896	false	0.0
scheidung	neg 1.0		__DUMMY__ 0.8760476604874623 off 0.0812017503187972 neg 0.04275058919374058	false	0.5
einschlag	neg 1.0		__DUMMY__ 0.8813444720669291 off 0.06888628829063576 neg 0.049769239642435105	false	0.5
m			__DUMMY__ 0.889687306961646 off 0.058800971733954745 neg 0.051511721304399204	false	0.0
abgestanden	neg 1.0		__DUMMY__ 0.8858714439989414 off 0.06120855876178809 neg 0.05291999723927053	false	0.5
schmierig	off 1.0		__DUMMY__ 0.8801211772654711 off 0.07093666470375291 neg 0.048942158030775965	false	1.0
unpraktisch	neg 1.0		__DUMMY__ 0.8860873858820542 off 0.06241337762032003 neg 0.051499236497625875	false	0.5
wixxer	off 1.0		__DUMMY__ 0.8711929218666702 off 0.07716773008485239 neg 0.05163934804847746	false	1.0
bezeichnet			__DUMMY__ 0.883898481801668 off 0.06149565363221087 neg 0.05460586456612115	false	0.0
jammerlappen	off 1.0		__DUMMY__ 0.8839436675369862 off 0.06604634430577334 neg 0.05000998815724054	false	1.0
farce	neg 1.0		__DUMMY__ 0.8864176580424752 off 0.05964915753440154 neg 0.05393318442312321	false	0.5
zwecklos	neg 1.0		__DUMMY__ 0.8863685825929021 off 0.05953516333386106 neg 0.05409625407323683	false	0.5
turbulent	neg 1.0		__DUMMY__ 0.8820051649267149 off 0.06734560283404356 neg 0.0506492322392415	false	0.5
invasion	neg 1.0		__DUMMY__ 0.8847171870210323 off 0.0631047483040057 neg 0.05217806467496196	false	0.5
schuld	neg 1.0		__DUMMY__ 0.8843599291713377 off 0.06246346383537916 neg 0.053176606993283144	false	0.5
risiko	neg 1.0	neg 1.0	neg 0.5068587831430104 __DUMMY__ 0.44608616508382654 off 0.04705505177316313	false	1.0
finster	neg 1.0		__DUMMY__ 0.8838663566012489 off 0.06206534132115066 neg 0.05406830207760042	false	0.5
geisteskrank	off 1.0		__DUMMY__ 0.8782192368732854 off 0.06793986269814847 neg 0.05384090042856608	false	1.0
zusammenbrechen	neg 1.0		__DUMMY__ 0.8878518767501091 off 0.05952876601838766 neg 0.05261935723150325	false	0.5
ausbeute	neg 1.0		__DUMMY__ 0.8964700065656401 off 0.05727128931210416 neg 0.04625870412225573	false	0.5
hinterhalt	neg 1.0		__DUMMY__ 0.8957681696209702 off 0.05920447229337545 neg 0.045027358085654445	false	0.5
kritik	neg 1.0		__DUMMY__ 0.8862398353082037 off 0.0594973474290788 neg 0.054262817262717436	false	0.5
einschrumpfen	neg 1.0		__DUMMY__ 0.8825999216367125 off 0.0651530841351889 neg 0.05224699422809852	false	0.5
riskant	neg 1.0		__DUMMY__ 0.8878552224158137 off 0.05718818375417088 neg 0.054956593830015305	false	0.5
frustrieren	neg 1.0		__DUMMY__ 0.8877816675302521 off 0.058027716792686264 neg 0.05419061567706157	false	0.5
groll	neg 1.0		__DUMMY__ 0.8865424685976129 off 0.05908042862422023 neg 0.054377102778166826	false	0.5
gibt			__DUMMY__ 0.8878592943917963 off 0.059653373038649364 neg 0.05248733256955428	false	0.0
qualvoll	neg 1.0		__DUMMY__ 0.8861590291469171 off 0.06414830548594692 neg 0.04969266536713592	false	0.5
wackeln	neg 1.0		__DUMMY__ 0.8893786148512033 off 0.06195357729481197 neg 0.04866780785398471	false	0.5
klagen	neg 1.0		__DUMMY__ 0.8908492670570786 neg 0.05459144176539322 off 0.05455929117752819	false	1.0
bankrott	neg 1.0		__DUMMY__ 0.8859190632028081 off 0.0651830379150563 neg 0.048897898882135665	false	0.5
trauern	neg 1.0		__DUMMY__ 0.8923339341199027 off 0.05745735986407113 neg 0.050208706016026096	false	0.5
ablehnung	neg 1.0		__DUMMY__ 0.8860750384615684 off 0.05925034936751116 neg 0.054674612170920525	false	0.5
stur	neg 1.0		__DUMMY__ 0.8839879505667383 off 0.06258316827069191 neg 0.05342888116256982	false	0.5
aufruhr	neg 1.0		__DUMMY__ 0.8878718826239436 off 0.06021857210405713 neg 0.05190954527199933	false	0.5
melancholie	neg 1.0		__DUMMY__ 0.8900150601796208 off 0.05786114549675206 neg 0.052123794323627126	false	0.5
ist			__DUMMY__ 0.8854323914268554 off 0.06314105754946457 neg 0.05142655102368019	false	0.0
torheit	neg 1.0		__DUMMY__ 0.8867647124407995 off 0.061664443891909226 neg 0.051570843667291436	false	0.5
dreckskind	off 1.0		__DUMMY__ 0.8748398501254325 off 0.07273654679927703 neg 0.05242360307529045	false	1.0
umtauschen	neg 1.0		__DUMMY__ 0.8874227863984743 off 0.060438970578234455 neg 0.05213824302329122	false	0.5
zum			__DUMMY__ 0.8980775715446293 off 0.051897872997674996 neg 0.050024555457695595	false	0.0
zersetzen	neg 1.0		__DUMMY__ 0.8887236956058745 off 0.056421596505152306 neg 0.05485470788897318	false	0.5
zur			__DUMMY__ 0.8959786484309865 neg 0.05246965399796981 off 0.051551697571043706	false	0.0
frust	neg 1.0		__DUMMY__ 0.8882064542501292 off 0.059566127099161245 neg 0.05222741865070941	false	0.5
unerbittlichkeit	neg 1.0		__DUMMY__ 0.8898068027605887 off 0.056353859335980576 neg 0.0538393379034308	false	0.5
zwei			__DUMMY__ 0.896292030422139 off 0.0529544415873386 neg 0.05075352799052241	false	0.0
unkorrekt	neg 1.0		__DUMMY__ 0.8795237057874855 off 0.06918011552791889 neg 0.0512961786845956	false	0.5
hexe	off 1.0		__DUMMY__ 0.8805725178807448 off 0.06603550569562981 neg 0.05339197642362541	false	1.0
lasch	neg 1.0		__DUMMY__ 0.881239382872158 off 0.06522388418643012 neg 0.05353673294141184	false	0.5
rivale	neg 1.0		__DUMMY__ 0.8817730566749712 off 0.06814399934866051 neg 0.050082943976368324	false	0.5
mutlos	off 1.0	off 1.0	off 0.5135983514830688 __DUMMY__ 0.44455917689057095 neg 0.041842471626360275	false	1.0
wirr	off 1.0		__DUMMY__ 0.8789249267682975 off 0.06999473964250173 neg 0.051080333589200784	false	1.0
jahr			__DUMMY__ 0.8967703538263878 off 0.05526755006602307 neg 0.04796209610758923	false	0.0
wird			__DUMMY__ 0.8881559193512 off 0.05845883531124008 neg 0.05338524533755996	false	0.0
strafbar	neg 1.0		__DUMMY__ 0.8877499153788755 off 0.05766214191109922 neg 0.05458794271002534	false	0.5
erosion	neg 1.0		__DUMMY__ 0.8893263833122913 off 0.061072219045439406 neg 0.04960139764226929	false	0.5
eingehen	neg 1.0		__DUMMY__ 0.8873517182267793 off 0.05783157878890212 neg 0.054816702984318635	false	0.5
faul	off 1.0		__DUMMY__ 0.8854418154721089 off 0.06504603735454792 neg 0.049512147173343186	false	1.0
provisorium	neg 1.0		__DUMMY__ 0.8986054339959944 neg 0.052096080223746455 off 0.04929848578025922	false	1.0
schmerzen	neg 1.0		__DUMMY__ 0.8867655338833388 off 0.05980892116069741 neg 0.05342554495596378	false	0.5
schrumpfen	neg 1.0		__DUMMY__ 0.8920970048814388 neg 0.05589367256306703 off 0.05200932255549425	false	1.0
geistlos	off 1.0		__DUMMY__ 0.881033174896111 off 0.06421506359404312 neg 0.05475176150984595	false	1.0
fehlkauf	neg 1.0		__DUMMY__ 0.8874522483172597 off 0.06301910497291227 neg 0.04952864670982804	false	0.5
frustrierend	neg 1.0		__DUMMY__ 0.8837033735927219 off 0.0650762624293864 neg 0.05122036397789163	false	0.5
unzufrieden	neg 1.0		__DUMMY__ 0.8858870335200958 off 0.05923240244198361 neg 0.0548805640379206	false	0.5
verzweifeln	neg 1.0		__DUMMY__ 0.8869548113303601 off 0.06038227966345482 neg 0.05266290900618509	false	0.5
verzweifelt	neg 1.0	neg 1.0	neg 0.511313485466015 __DUMMY__ 0.44127498019507383 off 0.04741153433891116	false	1.0
misstrauensantrag	neg 1.0		__DUMMY__ 0.8851007951631003 off 0.0631031544374841 neg 0.05179605039941566	false	0.5
abfallen	neg 1.0		__DUMMY__ 0.8887621916313853 off 0.06175718895445737 neg 0.04948061941415738	false	0.5
fucker	off 1.0		__DUMMY__ 0.8825701452293148 off 0.06895564760595113 neg 0.04847420716473407	false	1.0
ungezogen	neg 1.0		__DUMMY__ 0.8744391223167669 off 0.0760402812598229 neg 0.049520596423410196	false	0.5
irrsinnig	neg 1.0	neg 1.0	neg 0.5107171403934546 __DUMMY__ 0.4418856504746484 off 0.04739720913189692	false	1.0
unfassbar	neg 1.0		__DUMMY__ 0.8828143912169544 off 0.0671521325902403 neg 0.050033476192805335	false	0.5
hart	neg 1.0		__DUMMY__ 0.8833150283273858 off 0.06657198010247599 neg 0.05011299157013805	false	0.5
widerlich	off 1.0		__DUMMY__ 0.8798766492323 off 0.06782531746280243 neg 0.052298033304897545	false	1.0
fatal	neg 1.0		__DUMMY__ 0.8858189004544557 off 0.06354786579898287 neg 0.05063323374656143	false	0.5
bruch	neg 1.0		__DUMMY__ 0.8911310667451873 off 0.054922178061666334 neg 0.0539467551931465	false	0.5
aushungern	neg 1.0		__DUMMY__ 0.8892197940191603 off 0.0596390814320979 neg 0.051141124548741784	false	0.5
anspannung	neg 1.0		__DUMMY__ 0.896508939455758 off 0.05214012681567922 neg 0.05135093372856281	false	0.5
von			__DUMMY__ 0.8987572616060046 off 0.05531796920419794 neg 0.04592476918979759	false	0.0
kraftlos	neg 1.0		__DUMMY__ 0.8894917114486276 off 0.05885176592952946 neg 0.05165652262184293	false	0.5
vom			__DUMMY__ 0.9000053539796471 neg 0.050334683638719985 off 0.04965996238163294	false	0.0
grenzdebil	off 1.0		__DUMMY__ 0.8833996818862855 off 0.06740955191119458 neg 0.049190766202519956	false	1.0
vor			__DUMMY__ 0.8929638415183696 off 0.055405244526352905 neg 0.05163091395527743	false	0.0
unterwerfen	neg 1.0		__DUMMY__ 0.8892134557499998 off 0.05793271747088973 neg 0.05285382677911043	false	0.5
versenkung	neg 1.0		__DUMMY__ 0.8903928714872387 off 0.058071148509028676 neg 0.051535980003732676	false	0.5
entziehen	neg 1.0		__DUMMY__ 0.8905501032100366 off 0.05503813194670956 neg 0.054411764843253795	false	0.5
finanzkrise	neg 1.0		__DUMMY__ 0.8860993095334396 off 0.06019312737693761 neg 0.05370756308962284	false	0.5
schimpfend	neg 1.0		__DUMMY__ 0.8858685938205342 off 0.0627974197451826 neg 0.051333986434283316	false	0.5
profan	neg 1.0		__DUMMY__ 0.8837598165740358 off 0.0638579504828267 neg 0.052382232943137576	false	0.5
korruption	neg 1.0		__DUMMY__ 0.8883229359543068 off 0.05843557842203184 neg 0.05324148562366134	false	0.5
â			__DUMMY__ 0.8912540341905083 off 0.05829570664903837 neg 0.050450259160453356	false	0.0
schmutzig	neg 1.0		__DUMMY__ 0.8840110254568725 off 0.06784471749476777 neg 0.04814425704835976	false	0.5
sexy	neg 1.0		__DUMMY__ 0.8856809971867625 off 0.06474524840482938 neg 0.04957375440840814	false	0.5
abraten	neg 1.0		__DUMMY__ 0.8854243166262614 off 0.06310966459523557 neg 0.051466018778502966	false	0.5
schwarz	neg 1.0		__DUMMY__ 0.8858446776402672 off 0.06282106513587483 neg 0.05133425722385798	false	0.5
fotze	off 1.0	off 1.0	off 0.5147120714161109 __DUMMY__ 0.44638976748513526 neg 0.038898161098753894	false	1.0
verwirren	neg 1.0		__DUMMY__ 0.8843920599085732 off 0.06437188297354676 neg 0.05123605711788008	false	0.5
zahnlos	off 1.0		__DUMMY__ 0.8861734030451819 off 0.06002262670866948 neg 0.05380397024614858	false	1.0
verheeren	neg 1.0		__DUMMY__ 0.8766359399817625 off 0.07750888712971929 neg 0.04585517288851815	false	0.5
hippie	neg 1.0		__DUMMY__ 0.8858017113435716 off 0.06446699888377866 neg 0.0497312897726497	false	0.5
rammen	neg 1.0		__DUMMY__ 0.8847217370582777 off 0.06229012488391738 neg 0.0529881380578049	false	0.5
unlauter	neg 1.0		__DUMMY__ 0.8825985409133856 off 0.062206861401862136 neg 0.05519459768475221	false	0.5
unheilvoll	neg 1.0		__DUMMY__ 0.887346504806403 off 0.06274891001109432 neg 0.0499045851825027	false	0.5
niedrig	neg 1.0		__DUMMY__ 0.8879027484372606 off 0.05648020308816034 neg 0.055617048474579024	false	0.5
explosion	neg 1.0		__DUMMY__ 0.8855023133465468 off 0.06389156250486759 neg 0.05060612414858555	false	0.5
weichei	off 1.0	off 1.0	off 0.5246974165983185 __DUMMY__ 0.43663930155535907 neg 0.03866328184632243	false	1.0
minusmensch	off 1.0		__DUMMY__ 0.8732169664951762 off 0.07527687482806769 neg 0.051506158676756134	false	1.0
farblos	neg 1.0		__DUMMY__ 0.8893820638273553 off 0.06039307331543498 neg 0.050224862857209764	false	0.5
unwissend	neg 1.0	neg 1.0	neg 0.5099975473024257 __DUMMY__ 0.4398134326939248 off 0.05018902000364947	false	1.0
traurig	neg 1.0		__DUMMY__ 0.8812184680905686 off 0.06941258519422516 neg 0.04936894671520624	false	0.5
senkung	neg 1.0		__DUMMY__ 0.8820998857058493 off 0.06369989866855355 neg 0.05420021562559714	false	0.5
ungleich	neg 1.0	neg 1.0	neg 0.5121631486485254 __DUMMY__ 0.4447653134059265 off 0.04307153794554802	false	1.0
heikel	neg 1.0		__DUMMY__ 0.8875064998090441 off 0.0571343946274595 neg 0.05535910556349643	false	0.5
drosselung	neg 1.0		__DUMMY__ 0.8827465789052786 off 0.06712692658200133 neg 0.050126494512719985	false	0.5
falsch	neg 1.0		__DUMMY__ 0.8826235196777513 off 0.06523754767756494 neg 0.05213893264468368	false	0.5
unzufriedenheit	neg 1.0		__DUMMY__ 0.8902127399857913 off 0.05575960673344214 neg 0.054027653280766454	false	0.5
kurz	neg 1.0		__DUMMY__ 0.8903249590806975 off 0.05956535946142593 neg 0.05010968145787661	false	0.5
unsinnig	neg 1.0		__DUMMY__ 0.8850931459130708 off 0.06015133323456564 neg 0.0547555208523636	false	0.5
penner	off 1.0	off 1.0	off 0.5258862590035557 __DUMMY__ 0.43633807157817134 neg 0.03777566941827295	false	1.0
seicht	neg 1.0		__DUMMY__ 0.8729405730011243 off 0.07580144517076187 neg 0.051257981828113836	false	0.5
dummheit	off 1.0	off 1.0	off 0.5188852714954804 __DUMMY__ 0.44074154236688196 neg 0.04037318613763778	false	1.0
unerfreulich	neg 1.0		__DUMMY__ 0.889787422426305 off 0.05621683812809636 neg 0.05399573944559861	false	0.5
motherfucker	off 1.0	off 1.0	off 0.5219047099855261 __DUMMY__ 0.4405589314580964 neg 0.03753635855637758	false	1.0
pikiert	neg 1.0		__DUMMY__ 0.8813316879389297 off 0.06710327950684986 neg 0.051565032554220416	false	0.5
wrack	neg 1.0		__DUMMY__ 0.890805163443558 off 0.05872368426217047 neg 0.05047115229427157	false	0.5
gangster	neg 1.0		__DUMMY__ 0.8857329168092851 off 0.06448021996855716 neg 0.04978686322215769	false	0.5
krank	neg 1.0		__DUMMY__ 0.8834203176758595 off 0.06720886307343972 neg 0.049370819250700845	false	0.5
reich	neg 1.0		__DUMMY__ 0.8866588833893214 off 0.06615508380958732 neg 0.04718603280109133	false	0.5
gnadenlos	neg 1.0		__DUMMY__ 0.8851716555352126 off 0.06255705627176648 neg 0.0522712881930209	false	0.5
niedergeschlagen	neg 1.0		__DUMMY__ 0.8889746429655359 off 0.059833314184161754 neg 0.05119204285030235	false	0.5
terrorisieren	off 1.0	off 1.0	off 0.5137593358251737 __DUMMY__ 0.4461608882328922 neg 0.04007977594193408	false	1.0
sinnlosigkeit	neg 1.0		__DUMMY__ 0.887010912837454 off 0.059457053278330375 neg 0.05353203388421552	false	0.5
behindern	neg 1.0		__DUMMY__ 0.8882891115648344 off 0.06036732765053596 neg 0.05134356078462972	false	0.5
undemokratisch	neg 1.0		__DUMMY__ 0.885449864997 off 0.062384298358624184 neg 0.05216583664437584	false	0.5
wirtschaftskrise	neg 1.0		__DUMMY__ 0.8877783379681471 off 0.058241021437477065 neg 0.053980640594375774	false	0.5
neid	neg 1.0		__DUMMY__ 0.8854065696024486 off 0.06487089317476084 neg 0.049722537222790686	false	0.5
rutschen	neg 1.0		__DUMMY__ 0.8974462102248861 off 0.05280514762010268 neg 0.04974864215501127	false	0.5
rezession	neg 1.0		__DUMMY__ 0.8750993133521375 off 0.0699206779667013 neg 0.05498000868116128	false	0.5
fehlgeburt	neg 1.0		__DUMMY__ 0.8877827410444629 off 0.0626742882432868 neg 0.0495429707122502	false	0.5
charakterschwach	off 1.0		__DUMMY__ 0.8800665616794017 off 0.06771907948023258 neg 0.05221435884036575	false	1.0
isolation	neg 1.0		__DUMMY__ 0.8846780752630042 off 0.06468102296065664 neg 0.050640901776339106	false	0.5
ablenkung	neg 1.0		__DUMMY__ 0.8876374421320126 off 0.06128286171129568 neg 0.05107969615669172	false	0.5
pech	neg 1.0		__DUMMY__ 0.8829046548095629 off 0.06445387948508109 neg 0.05264146570535597	false	0.5
vermeidung	neg 1.0		__DUMMY__ 0.8838522982693788 off 0.06729931119766265 neg 0.04884839053295857	false	0.5
dominieren	neg 1.0		__DUMMY__ 0.8906083446145697 off 0.05751170902729372 neg 0.05187994635813665	false	0.5
schwindlig	neg 1.0		__DUMMY__ 0.8871918881737904 off 0.06295453916657669 neg 0.04985357265963296	false	0.5
lutscher	neg 1.0		__DUMMY__ 0.8736649084923287 off 0.07597915494300216 neg 0.05035593656466924	false	0.5
pflicht	neg 1.0		__DUMMY__ 0.888611690865135 off 0.056127050873050366 neg 0.05526125826181455	false	0.5
faschist	off 1.0		__DUMMY__ 0.8844205826769979 off 0.06478703941649393 neg 0.05079237790650824	false	1.0
verschleudern	neg 1.0		__DUMMY__ 0.8878083936560135 off 0.05691174085696271 neg 0.055279865487023766	false	0.5
wenn			__DUMMY__ 0.883634070256394 off 0.06541124720810182 neg 0.050954682535504184	false	0.0
ehebruch	neg 1.0		__DUMMY__ 0.8892344721338131 off 0.0584202008559985 neg 0.052345327010188375	false	0.5
spott	off 1.0		__DUMMY__ 0.8880659382678171 off 0.05797812352528095 neg 0.053955938206902025	false	1.0
trostlosigkeit	neg 1.0		__DUMMY__ 0.8930370948592489 off 0.05545303128373554 neg 0.05150987385701553	false	0.5
lutschen	neg 1.0		__DUMMY__ 0.883592494783086 off 0.06491669886913581 neg 0.051490806347778126	false	0.5
undiszipliniert	neg 1.0		__DUMMY__ 0.8804025403583577 off 0.06887386375433902 neg 0.05072359588730324	false	0.5
kopfschmerz	neg 1.0		__DUMMY__ 0.8877688072208572 off 0.05885627306568054 neg 0.05337491971346233	false	0.5
unvorhergesehen	neg 1.0		__DUMMY__ 0.8937519804869349 off 0.056178573178827886 neg 0.050069446334237176	false	0.5
desinteressiert	neg 1.0		__DUMMY__ 0.8807608664823628 off 0.06848896078244339 neg 0.050750172735193784	false	0.5
armselig	off 1.0		__DUMMY__ 0.8779129881955362 off 0.06976630483139214 neg 0.052320706973071666	false	1.0
desaster	neg 1.0		__DUMMY__ 0.8913725729939082 off 0.05440863334318134 neg 0.05421879366291042	false	0.5
tod	neg 1.0		__DUMMY__ 0.8950068652364134 off 0.058185878414732155 neg 0.04680725634885443	false	0.5
herzlos	neg 1.0		__DUMMY__ 0.879938994928663 off 0.06955924117310029 neg 0.05050176389823675	false	0.5
unwissenheit	neg 1.0		__DUMMY__ 0.887210178925099 off 0.059168775952353085 neg 0.05362104512254791	false	0.5
widersinnig	neg 1.0		__DUMMY__ 0.8839602763969779 off 0.05931745057424725 neg 0.05672227302877488	false	0.5
bedenklich	neg 1.0		__DUMMY__ 0.8869206885758827 off 0.0582904109117943 neg 0.054788900512323	false	0.5
beanstanden	neg 1.0		__DUMMY__ 0.8895077436950961 off 0.05571540687032482 neg 0.054776849434579174	false	0.5
panisch	neg 1.0	neg 1.0	neg 0.5065795506575186 __DUMMY__ 0.44547548786255836 off 0.047944961479923096	false	1.0
debil	off 1.0		__DUMMY__ 0.8982291609903635 neg 0.05165772260333742 off 0.050113116406299126	false	0.5
abstrich	neg 1.0		__DUMMY__ 0.8960138774897421 off 0.05933335423695419 neg 0.0446527682733036	false	0.5
primitiv	neg 1.0		__DUMMY__ 0.8795974868701278 off 0.06804423608782253 neg 0.05235827704204969	false	0.5
abschaum	off 1.0	off 1.0	off 0.5206203039841546 __DUMMY__ 0.4402749012258133 neg 0.03910479479003209	false	1.0
provozieren	neg 1.0		__DUMMY__ 0.8835772328912487 off 0.06239235810067368 neg 0.054030409008077686	false	0.5
tot	neg 1.0		__DUMMY__ 0.8889338698693063 off 0.05828263038171575 neg 0.05278349974897788	false	0.5
instabil	neg 1.0		__DUMMY__ 0.8796638660255932 off 0.06902282061661032 neg 0.051313313357796424	false	0.5
schwuchtel	off 1.0	off 1.0	off 0.5303355526272638 __DUMMY__ 0.4315448801486974 neg 0.03811956722403879	false	1.0
zerren	neg 1.0		__DUMMY__ 0.888922821081585 off 0.0594314986430597 neg 0.051645680275355266	false	0.5
kinderficker	off 1.0		__DUMMY__ 0.8786191027269944 off 0.07229893428492652 neg 0.04908196298807909	false	1.0
gefahr	neg 1.0		__DUMMY__ 0.891881044506349 off 0.05559078552945753 neg 0.05252816996419345	false	0.5
rabiat	neg 1.0		__DUMMY__ 0.8869314997444995 off 0.06151224023722598 neg 0.051556260018274576	false	0.5
verlangsamung	neg 1.0		__DUMMY__ 0.8745428960768827 off 0.07387277777132732 neg 0.05158432615178984	false	0.5
ausgestorben	neg 1.0		__DUMMY__ 0.8879872093515492 off 0.061145073566327215 neg 0.05086771708212358	false	0.5
anklagen	neg 1.0		__DUMMY__ 0.8887400690361048 off 0.05855381870632062 neg 0.05270611225757457	false	0.5
trott	neg 1.0		__DUMMY__ 0.8878468937477274 off 0.06074827801526528 neg 0.051404828237007316	false	0.5
verminderung	neg 1.0		__DUMMY__ 0.8822525263360278 off 0.06758281613458993 neg 0.05016465752938228	false	0.5
nach			__DUMMY__ 0.8972572957293145 off 0.051755779513174775 neg 0.05098692475751074	false	0.0
rost	neg 1.0		__DUMMY__ 0.8778803903100478 off 0.0723816944979796 neg 0.04973791519197256	false	0.5
destruktiv	neg 1.0		__DUMMY__ 0.884913803567654 off 0.0612187327284444 neg 0.053867463703901615	false	0.5
unzumutbarkeit	neg 1.0		__DUMMY__ 0.8844690714368206 off 0.06644163111506203 neg 0.04908929744811733	false	0.5
labil	off 1.0	off 1.0	off 0.5200132889251423 __DUMMY__ 0.4412449588145821 neg 0.03874175226027551	false	1.0
ziemlich	neg 1.0		__DUMMY__ 0.8836053441566337 off 0.06692046138687921 neg 0.04947419445648705	false	0.5
lachnummer	off 1.0		__DUMMY__ 0.8845234103538835 off 0.06203222220371222 neg 0.05344436744240433	false	1.0
oder			__DUMMY__ 0.8873488378215445 off 0.06190645562176649 neg 0.05074470655668902	false	0.0
verfall	neg 1.0		__DUMMY__ 0.893582876545918 neg 0.05436155862298039 off 0.05205556483110162	false	1.0
ausgrenzung	neg 1.0		__DUMMY__ 0.8856081412375753 off 0.06296627708234943 neg 0.05142558168007542	false	0.5
unordnung	neg 1.0		__DUMMY__ 0.8854156129811207 off 0.06878962727154445 neg 0.045794759747334816	false	0.5
fehlverhalten	neg 1.0		__DUMMY__ 0.8875604837108013 off 0.0567559673216329 neg 0.05568354896756567	false	0.5
eine			__DUMMY__ 0.8917644880082115 off 0.055872499486347454 neg 0.05236301250544097	false	0.0
nille	neg 1.0		__DUMMY__ 0.8888577528625952 off 0.060895903003107855 neg 0.05024634413429699	false	0.5
qual	neg 1.0		__DUMMY__ 0.888339496392076 off 0.06039395882258089 neg 0.05126654478534311	false	0.5
verschwenden	neg 1.0		__DUMMY__ 0.8871903104572134 off 0.057530078907266385 neg 0.05527961063552018	false	0.5
riesig	neg 1.0		__DUMMY__ 0.8917834315972983 off 0.05769128345421487 neg 0.05052528494848685	false	0.5
verurteilen	neg 1.0		__DUMMY__ 0.8861756733312308 off 0.05917677219028241 neg 0.0546475544784868	false	0.5
klischee	neg 1.0	neg 1.0	neg 0.5101121631110804 __DUMMY__ 0.4405403937707372 off 0.04934744311818242	false	1.0
diktatorisch	neg 1.0		__DUMMY__ 0.8846214534441202 off 0.06259124612774931 neg 0.052787300428130415	false	0.5
vorhersehbar	neg 1.0		__DUMMY__ 0.881471402892181 off 0.06458242362437673 neg 0.05394617348344227	false	0.5
sowie			__DUMMY__ 0.8784062108577771 off 0.07159853244931291 neg 0.04999525669290996	false	0.0
stornieren	neg 1.0		__DUMMY__ 0.8910648386383793 off 0.06283295455775512 neg 0.04610220680386561	false	0.5
besteuerung	neg 1.0		__DUMMY__ 0.8829249059994216 off 0.06169290441213376 neg 0.05538218958844452	false	0.5
ungeschminkt	neg 1.0		__DUMMY__ 0.8790258310731636 off 0.0674004922137016 neg 0.05357367671313477	false	0.5
kritisch	neg 1.0		__DUMMY__ 0.8876467941790649 off 0.05808696920312641 neg 0.054266236617808675	false	0.5
schlamperei	off 1.0		__DUMMY__ 0.8904246763344311 off 0.05676053666038277 neg 0.05281478700518611	false	1.0
sucht	neg 1.0	neg 1.0	neg 0.5031259477703193 __DUMMY__ 0.45045744091484163 off 0.04641661131483905	false	1.0
egoistisch	off 1.0		__DUMMY__ 0.8760115849067418 off 0.07235499402530778 neg 0.05163342106795039	false	1.0
ausbeuter	off 1.0		__DUMMY__ 0.8868063347548706 off 0.056747887285752814 neg 0.056445777959376685	false	1.0
arschgeburt	off 1.0		__DUMMY__ 0.8687733879668753 off 0.07992264053726161 neg 0.05130397149586294	false	1.0
schubs	neg 1.0		__DUMMY__ 0.8882103924573143 off 0.058905953569983745 neg 0.05288365397270206	false	0.5
unsolide	neg 1.0		__DUMMY__ 0.8827845630093931 off 0.06311277886361712 neg 0.05410265812698971	false	0.5
beschwerde	neg 1.0		__DUMMY__ 0.8879604710374855 off 0.057489379258196104 neg 0.054550149704318325	false	0.5
stocken	neg 1.0		__DUMMY__ 0.8904163918348901 off 0.05703614857008951 neg 0.05254745959502047	false	0.5
isolieren	neg 1.0		__DUMMY__ 0.8886960906648617 off 0.05847478385157531 neg 0.05282912548356307	false	0.5
unheilbar	neg 1.0		__DUMMY__ 0.8880602006718886 off 0.06176438663553043 neg 0.05017541269258099	false	0.5
pisser	off 1.0		__DUMMY__ 0.8795769406151249 off 0.06927137479671186 neg 0.0511516845881632	false	1.0
löschen	neg 1.0		__DUMMY__ 0.888120814686976 off 0.06113359839966648 neg 0.050745586913357614	false	0.5
durchfallen	neg 1.0		__DUMMY__ 0.8853176085274941 off 0.058623607382518976 neg 0.05605878408998698	false	0.5
wichser	off 1.0	off 1.0	off 0.5281964895527616 __DUMMY__ 0.4344924821217251 neg 0.0373110283255133	false	1.0
terror	neg 1.0		__DUMMY__ 0.8860575880873062 off 0.06396015046713989 neg 0.04998226144555394	false	0.5
krass	neg 1.0		__DUMMY__ 0.8791771820080071 off 0.06992247199597117 neg 0.05090034599602181	false	0.5
revolte	neg 1.0		__DUMMY__ 0.8858442086339042 off 0.06335198937193232 neg 0.05080380199416345	false	0.5
besorgt	neg 1.0		__DUMMY__ 0.8927583435515511 off 0.05949613535185548 neg 0.0477455210965934	false	0.5
nachlassen	neg 1.0		__DUMMY__ 0.8932158042317121 off 0.05668698255090551 neg 0.05009721321738246	false	0.5
alt	neg 1.0		__DUMMY__ 0.8890917421774563 off 0.05836397204054346 neg 0.05254428578200015	false	0.5
hundesohn	off 1.0		__DUMMY__ 0.8738019292730282 off 0.0765604411739555 neg 0.04963762955301619	false	1.0
als			__DUMMY__ 0.8877045243617703 off 0.059269855488895185 neg 0.053025620149334596	false	0.0
abschreckung	neg 1.0		__DUMMY__ 0.8905951738002978 off 0.05560031690533583 neg 0.05380450929436632	false	0.5
unqualifiziert	neg 1.0		__DUMMY__ 0.8805833979223012 off 0.065463560588955 neg 0.05395304148874381	false	0.5
abgewichst	off 1.0		__DUMMY__ 0.8893816005112818 off 0.06010901730963133 neg 0.05050938217908687	false	1.0
schwer	neg 1.0		__DUMMY__ 0.8858029317000787 off 0.06081608331072575 neg 0.05338098498919557	false	0.5
bedeutungslosigkeit	neg 1.0		__DUMMY__ 0.8890312023828154 off 0.056581786777948694 neg 0.05438701083923602	false	0.5
kapitulation	neg 1.0		__DUMMY__ 0.8897030219078176 off 0.05781101631991382 neg 0.05248596177226858	false	0.5
unscharf	neg 1.0		__DUMMY__ 0.8833557073209974 off 0.06318382008132024 neg 0.05346047259768238	false	0.5
schwinden	neg 1.0		__DUMMY__ 0.8915388708168929 off 0.05624840994942422 neg 0.052212719233683015	false	0.5
versklavung	neg 1.0		__DUMMY__ 0.8877369024884666 off 0.06214822355836627 neg 0.050114873953167056	false	0.5
schlecht	neg 1.0		__DUMMY__ 0.8834736590061585 off 0.06715019001443195 neg 0.049376150979409665	false	0.5
verhasst	neg 1.0		__DUMMY__ 0.8821492355564952 off 0.06294908095277388 neg 0.05490168349073101	false	0.5
beschweren	neg 1.0		__DUMMY__ 0.8848767727171898 off 0.06330153890925781 neg 0.051821688373552374	false	0.5
scheiden	neg 1.0		__DUMMY__ 0.8894708626771777 off 0.06072330905377313 neg 0.049805828269049224	false	0.5
frustriert	neg 1.0		__DUMMY__ 0.8862278778798812 off 0.06005551317245995 neg 0.05371660894765883	false	0.5
schimmelig	neg 1.0		__DUMMY__ 0.8864077857075964 off 0.05805395167442294 neg 0.055538262617980595	false	0.5
fisch	neg 1.0		__DUMMY__ 0.8893014585030132 neg 0.05557554995609818 off 0.055122991540888476	false	1.0
schmuggel	neg 1.0		__DUMMY__ 0.8905593183004512 off 0.05685909888032839 neg 0.05258158281922038	false	0.5
auffallen	neg 1.0		__DUMMY__ 0.8844554139666554 off 0.06401736169432813 neg 0.051527224339016485	false	0.5
konkurrenz	neg 1.0		__DUMMY__ 0.8907428477302722 off 0.05522778596162528 neg 0.05402936630810256	false	0.5
teufelskreis	neg 1.0		__DUMMY__ 0.8854305667010746 off 0.06111532437855399 neg 0.0534541089203715	false	0.5
aufschreien	neg 1.0		__DUMMY__ 0.8831131080930819 off 0.06417550545177896 neg 0.052711386455139175	false	0.5
schuldner	neg 1.0		__DUMMY__ 0.8884753121580435 off 0.05597792597990434 neg 0.05554676186205207	false	0.5
missgeburt	off 1.0	off 1.0	off 0.5253311457083251 __DUMMY__ 0.4358318116409255 neg 0.03883704265074934	false	1.0
arbeitslos	neg 1.0		__DUMMY__ 0.884877029017055 off 0.059029629403101996 neg 0.05609334157984303	false	0.5
befallen	neg 1.0		__DUMMY__ 0.8905728362240644 off 0.05994086410405598 neg 0.049486299671879716	false	0.5
miesepetrig	off 1.0	off 1.0	off 0.5202682668680071 __DUMMY__ 0.4411887574689761 neg 0.038542975663016794	false	1.0
alarmieren	neg 1.0		__DUMMY__ 0.8825617507915938 off 0.06579401671135583 neg 0.05164423249705045	false	0.5
ungeduscht	off 1.0		__DUMMY__ 0.8823727641446955 off 0.06500876789173181 neg 0.05261846796357273	false	1.0
knappheit	neg 1.0		__DUMMY__ 0.8855766531431206 off 0.058405269757020796 neg 0.05601807709985862	false	0.5
schlange	neg 1.0		__DUMMY__ 0.8895424752829787 off 0.0625888127568958 neg 0.04786871196012553	false	0.5
harsch	neg 1.0		__DUMMY__ 0.8826548366578053 off 0.07103680828711247 neg 0.04630835505508226	false	0.5
lang	neg 1.0		__DUMMY__ 0.8877767608053935 off 0.061970824188899924 neg 0.050252415005706645	false	0.5
ziellos	neg 1.0		__DUMMY__ 0.8904457494348511 off 0.05811852123002719 neg 0.0514357293351216	false	0.5
selbstverliebt	neg 1.0		__DUMMY__ 0.871203182591549 off 0.07751360684366206 neg 0.05128321056478888	false	0.5
beseitigen	neg 1.0		__DUMMY__ 0.8896825364365673 off 0.05968865215581935 neg 0.05062881140761349	false	0.5
dumm	off 1.0		__DUMMY__ 0.8766684037734634 off 0.0729234031614917 neg 0.05040819306504484	false	1.0
arbeitsloser	neg 1.0		__DUMMY__ 0.8874478238628966 off 0.05903569093286317 neg 0.05351648520424022	false	0.5
blitzen	neg 1.0		__DUMMY__ 0.8857562415755136 off 0.0643707325553597 neg 0.04987302586912671	false	0.5
hilflos	neg 1.0		__DUMMY__ 0.8869663577585888 off 0.05956252988936848 neg 0.05347111235204267	false	0.5
eklig	off 1.0		__DUMMY__ 0.8746410173664138 off 0.0735170396293995 neg 0.051841943004186694	false	1.0
begriff			__DUMMY__ 0.8863432464547095 off 0.060720968425388815 neg 0.05293578511990169	false	0.0
hungersnot	neg 1.0		__DUMMY__ 0.8906595868451077 off 0.058899305418562004 neg 0.05044110773633025	false	0.5
ungesetzlich	neg 1.0		__DUMMY__ 0.8818352652718582 off 0.06240138500076224 neg 0.055763349727379535	false	0.5
verschwendung	neg 1.0		__DUMMY__ 0.8892592807405958 off 0.057179639777686635 neg 0.05356107948171753	false	0.5
schmerzvoll	neg 1.0		__DUMMY__ 0.8859352541154177 off 0.0629753732598147 neg 0.05108937262476756	false	0.5
vorzeitig	neg 1.0		__DUMMY__ 0.8865145784493171 off 0.0639176811138708 neg 0.049567740436812065	false	0.5
unvollkommenheit	neg 1.0		__DUMMY__ 0.8932494654523874 off 0.05819621739038513 neg 0.048554317157227585	false	0.5
intervenieren	neg 1.0		__DUMMY__ 0.8877538119219089 off 0.05712963744115842 neg 0.055116550636932646	false	0.5
banause	off 1.0		__DUMMY__ 0.8711981867286385 off 0.07601913438370482 neg 0.05278267888765669	false	1.0
rebell	neg 1.0		__DUMMY__ 0.892133995094161 neg 0.0546617274564559 off 0.05320427744938299	false	1.0
unlogisch	neg 1.0		__DUMMY__ 0.878110051557346 off 0.06937709682468109 neg 0.052512851617972846	false	0.5
leiden	neg 1.0		__DUMMY__ 0.8922895018516508 off 0.05567133719643277 neg 0.052039160951916484	false	0.5
abschaffung	neg 1.0		__DUMMY__ 0.8857360120633635 off 0.06153971968292908 neg 0.05272426825370749	false	0.5
sturz	neg 1.0		__DUMMY__ 0.8892404022976264 off 0.06122876781787781 neg 0.04953082988449586	false	0.5
verkleinerung	neg 1.0		__DUMMY__ 0.8803499896340954 off 0.06418786185529346 neg 0.05546214851061121	false	0.5
schmarotzer	off 1.0		__DUMMY__ 0.8833459623975641 off 0.059819306063506265 neg 0.0568347315389295	false	1.0
bestrafung	neg 1.0		__DUMMY__ 0.886860761397685 off 0.062416125457214214 neg 0.05072311314510079	false	0.5
achtlos	neg 1.0	neg 1.0	neg 0.5089681320356261 __DUMMY__ 0.4451245154290212 off 0.04590735253535277	false	1.0
ungeheuer	neg 1.0		__DUMMY__ 0.8867262301751063 off 0.06347351738010253 neg 0.04980025244479111	false	0.5
unaufrichtig	neg 1.0		__DUMMY__ 0.8870537276167948 off 0.06430009686292185 neg 0.048646175520283254	false	0.5
