unsolidarisch	neg 1.0		__DUMMY__ 0.8833641870634369 off 0.06131199817041451 neg 0.05532381476614863	false	0.5
nachteilig	neg 1.0		__DUMMY__ 0.889054741666327 off 0.05701578678279546 neg 0.053929471550877454	false	0.5
skeptisch	neg 1.0		__DUMMY__ 0.889151871289371 off 0.056605413863532475 neg 0.05424271484709649	false	0.5
schrecklich	neg 1.0		__DUMMY__ 0.880187672721974 off 0.07011258605579102 neg 0.049699741222235	false	0.5
schlapp	neg 1.0		__DUMMY__ 0.8836993627935013 off 0.06604094747116813 neg 0.050259689735330675	false	0.5
abfall	neg 1.0		__DUMMY__ 0.894116647336081 off 0.05316114545273724 neg 0.05272220721118177	false	0.5
widerspenstig	neg 1.0		__DUMMY__ 0.887494272179295 off 0.06115557582491717 neg 0.0513501519957879	false	0.5
abrupt	neg 1.0		__DUMMY__ 0.8927963888834654 off 0.05693073611944975 neg 0.050272874997084833	false	0.5
unwirksam	neg 1.0		__DUMMY__ 0.8821788611848791 off 0.06091646407692776 neg 0.0569046747381931	false	0.5
angreifen	neg 1.0		__DUMMY__ 0.8893651257173696 off 0.05666425995258229 neg 0.05397061433004805	false	0.5
inkonsistent	neg 1.0		__DUMMY__ 0.8858989614602628 off 0.06181410652293472 neg 0.05228693201680243	false	0.5
abrutschen	neg 1.0		__DUMMY__ 0.891273623407845 neg 0.05506914246180068 off 0.05365723413035422	false	1.0
unsicher	neg 1.0		__DUMMY__ 0.887817183527537 off 0.06111802808774096 neg 0.05106478838472207	false	0.5
bauernkind	off 1.0	off 1.0	off 0.5236326702333819 __DUMMY__ 0.43341387125905084 neg 0.042953458507567245	false	1.0
angreifer	neg 1.0	neg 1.0	neg 0.5068453865833523 __DUMMY__ 0.4454727583993134 off 0.04768185501733421	false	1.0
trennen	neg 1.0		__DUMMY__ 0.8928763299397237 off 0.05606663866382918 neg 0.051057031396447204	false	0.5
schmutz	neg 1.0		__DUMMY__ 0.8927230798041722 off 0.06237694121892041 neg 0.04489997897690746	false	0.5
inkonsistenz	neg 1.0		__DUMMY__ 0.8777196551064982 off 0.06653900608795096 neg 0.05574133880555084	false	0.5
erschreckend	neg 1.0		__DUMMY__ 0.8857376898465699 off 0.06064483625402195 neg 0.05361747389940816	false	0.5
ertrinken	neg 1.0		__DUMMY__ 0.8914260720807807 off 0.05690967403846888 neg 0.051664253880750265	false	0.5
pickelface	off 1.0		__DUMMY__ 0.8888267725460834 off 0.060256947318175345 neg 0.0509162801357413	false	1.0
seiner			__DUMMY__ 0.8898860888009171 off 0.056873601841541166 neg 0.05324030935754168	false	0.0
lauch	neg 1.0		__DUMMY__ 0.8938979987716469 off 0.0538706672410705 neg 0.05223133398728261	false	0.5
unwichtig	neg 1.0		__DUMMY__ 0.8815255783839986 off 0.0660416919846103 neg 0.0524327296313912	false	0.5
steuerhinterziehung	neg 1.0	neg 1.0	neg 0.5109845649407551 __DUMMY__ 0.44440766646391927 off 0.044607768595325795	false	1.0
schock	neg 1.0		__DUMMY__ 0.8888771030946888 off 0.06030742129891123 neg 0.050815475606399964	false	0.5
beule	neg 1.0		__DUMMY__ 0.8827670349035922 off 0.06696854498956231 neg 0.05026442010684548	false	0.5
vergelten	neg 1.0		__DUMMY__ 0.8838300700137587 off 0.06903461587272794 neg 0.047135314113513425	false	0.5
verdorbenheit	neg 1.0		__DUMMY__ 0.8899497373021208 off 0.06132870209973504 neg 0.04872156059814424	false	0.5
trauma	neg 1.0		__DUMMY__ 0.8868739080827842 off 0.062096867071390616 neg 0.05102922484582519	false	0.5
sinnlos	neg 1.0		__DUMMY__ 0.8856925216367244 off 0.06340611696854472 neg 0.050901361394730886	false	0.5
fettsack	off 1.0	off 1.0	off 0.5245097572925534 __DUMMY__ 0.4349151490130641 neg 0.04057509369438247	false	1.0
feige	off 1.0	off 1.0	off 0.5205128624745565 __DUMMY__ 0.43889886201854333 neg 0.04058827550690008	false	1.0
abdanken	neg 1.0		__DUMMY__ 0.887622067512378 off 0.06084039508783074 neg 0.051537537399791236	false	0.5
wichtigtuer	off 1.0	off 1.0	off 0.5186615369108496 __DUMMY__ 0.44078698351916573 neg 0.04055147956998463	false	1.0
misslingen	neg 1.0		__DUMMY__ 0.892088673048669 off 0.06120630412289326 neg 0.04670502282843778	false	0.5
untreu	off 1.0		__DUMMY__ 0.8825121415808519 off 0.06646183786572764 neg 0.051026020553420474	false	1.0
missmutig	neg 1.0		__DUMMY__ 0.8846231131665239 off 0.06569785501787662 neg 0.04967903181559955	false	0.5
hurenbock	off 1.0		__DUMMY__ 0.8891953266260899 off 0.06275678631992274 neg 0.048047887053987305	false	1.0
betrunken	neg 1.0		__DUMMY__ 0.8827625029398232 off 0.06777706667472382 neg 0.049460430385452996	false	0.5
korrupt	off 1.0		__DUMMY__ 0.884702714290497 off 0.059155320209159146 neg 0.05614196550034381	false	1.0
unmut	neg 1.0		__DUMMY__ 0.8921086186452553 neg 0.054062618438240076 off 0.05382876291650472	false	1.0
hackfresse	off 1.0		__DUMMY__ 0.8762728841075437 off 0.07356528673026481 neg 0.050161829162191564	false	1.0
aufblasen	neg 1.0		__DUMMY__ 0.8872589895844315 off 0.06284073463489574 neg 0.04990027578067279	false	0.5
gewaltsam	neg 1.0		__DUMMY__ 0.8895572051919896 off 0.05973002821706868 neg 0.05071276659094178	false	0.5
unbeliebtheit	neg 1.0		__DUMMY__ 0.8804303001384854 off 0.06518337150182602 neg 0.054386328359688436	false	0.5
sturheit	neg 1.0		__DUMMY__ 0.8866727715682239 off 0.0601598383754504 neg 0.053167390056325696	false	0.5
kuh	neg 1.0		__DUMMY__ 0.8800679631994379 off 0.06325762609231868 neg 0.056674410708243354	false	0.5
erschrecken	neg 1.0		__DUMMY__ 0.8857240889020387 off 0.06544445967294779 neg 0.04883145142501362	false	0.5
opfer	neg 1.0		__DUMMY__ 0.8894093613802523 off 0.05798216808377026 neg 0.052608470535977475	false	0.5
sinken	neg 1.0		__DUMMY__ 0.892862209636338 off 0.05423901318187911 neg 0.05289877718178288	false	0.5
stinktier	neg 1.0		__DUMMY__ 0.8735831844542779 off 0.07089882856941342 neg 0.05551798697630868	false	0.5
tucke	off 1.0		__DUMMY__ 0.8752648404357235 off 0.07461532553622978 neg 0.050119834028046685	false	1.0
ein			__DUMMY__ 0.886395862379278 off 0.06199020001952784 neg 0.051613937601194176	false	0.0
abstieg	neg 1.0		__DUMMY__ 0.8901027630244815 off 0.056876076388455946 neg 0.05302116058706248	false	0.5
missverstehen	neg 1.0		__DUMMY__ 0.8817976501998395 off 0.06429532046226505 neg 0.05390702933789555	false	0.5
ergebnislos	neg 1.0		__DUMMY__ 0.89033634518738 off 0.05659214617841627 neg 0.05307150863420382	false	0.5
unter			__DUMMY__ 0.8983156626842271 neg 0.0528149273200374 off 0.04886940999573534	false	0.0
manipulieren	neg 1.0		__DUMMY__ 0.8911763888572837 off 0.05625411222873967 neg 0.052569498913976734	false	0.5
unbewiesen	neg 1.0		__DUMMY__ 0.882456292339168 off 0.06131482790777465 neg 0.05622887975305739	false	0.5
verschleppen	neg 1.0		__DUMMY__ 0.8880729878798972 off 0.058314335789390485 neg 0.05361267633071234	false	0.5
weib	off 1.0		__DUMMY__ 0.8725605124171878 off 0.07437836260396374 neg 0.05306112497884852	false	1.0
opposition	neg 1.0		__DUMMY__ 0.8841342811172387 off 0.06251934306123061 neg 0.05334637582153075	false	0.5
verkehrswidrig	neg 1.0		__DUMMY__ 0.8848597354367542 off 0.0696300789730219 neg 0.04551018559022392	false	0.5
inkorrekt	neg 1.0		__DUMMY__ 0.878008367857015 off 0.06977972477135619 neg 0.05221190737162885	false	0.5
vermeiden	neg 1.0		__DUMMY__ 0.8941082705178489 neg 0.05392976049837855 off 0.05196196898377242	false	1.0
abweichung	neg 1.0		__DUMMY__ 0.8880891693317224 off 0.057693982284455256 neg 0.05421684838382225	false	0.5
alkoholisiert	neg 1.0		__DUMMY__ 0.8912806365864876 off 0.05623972726421201 neg 0.052479636149300256	false	0.5
scheiss	off 1.0	off 1.0	off 0.5203398086064391 __DUMMY__ 0.44039284365568354 neg 0.039267347737877406	false	1.0
herausforderung	neg 1.0		__DUMMY__ 0.8909021246221073 off 0.056362789322016535 neg 0.05273508605587615	false	0.5
pervers	off 1.0		__DUMMY__ 0.8732405629685541 off 0.07694281691468512 neg 0.049816620116760746	false	1.0
wackelig	neg 1.0		__DUMMY__ 0.8916854825292924 off 0.05895074989769385 neg 0.04936376757301375	false	0.5
verwickeln	neg 1.0		__DUMMY__ 0.8822742462736936 off 0.06379210034547364 neg 0.053933653380832884	false	0.5
vorwand	neg 1.0		__DUMMY__ 0.8897763360103903 off 0.05615469631760835 neg 0.054068967672001325	false	0.5
muschi	off 1.0		__DUMMY__ 0.8883470238361734 off 0.0604411680155482 neg 0.051211808148278436	false	1.0
entmutigung	neg 1.0		__DUMMY__ 0.8853153562065161 off 0.06255098930062503 neg 0.052133654492858866	false	0.5
unangemessen	neg 1.0		__DUMMY__ 0.884524462227401 off 0.05989385458809151 neg 0.05558168318450744	false	0.5
unstetig	neg 1.0		__DUMMY__ 0.885298528105175 off 0.06342522055553637 neg 0.05127625133928865	false	0.5
entmutigen	neg 1.0		__DUMMY__ 0.886388268537558 off 0.062122219129203175 neg 0.051489512333238736	false	0.5
schwanz	neg 1.0		__DUMMY__ 0.8902907940833399 off 0.05783035704799152 neg 0.051878848868668566	false	0.5
verbot	neg 1.0		__DUMMY__ 0.8876784049651882 off 0.05872348197652517 neg 0.05359811305828656	false	0.5
leid	neg 1.0		__DUMMY__ 0.8773783766010703 off 0.07165070163833072 neg 0.050970921760598926	false	0.5
archaisch	neg 1.0		__DUMMY__ 0.8873345601002041 off 0.059990107323547016 neg 0.05267533257624888	false	0.5
gegen			__DUMMY__ 0.8918218092841035 off 0.05458095934103754 neg 0.05359723137485897	false	0.0
scheidung	neg 1.0		__DUMMY__ 0.8760476604874621 off 0.08120175031879723 neg 0.04275058919374062	false	0.5
einschlag	neg 1.0		__DUMMY__ 0.8813444720669292 off 0.06888628829063567 neg 0.04976923964243512	false	0.5
m			__DUMMY__ 0.8896873069616459 off 0.058800971733954856 neg 0.05151172130439923	false	0.0
abgestanden	neg 1.0		__DUMMY__ 0.8858714439989414 off 0.06120855876178813 neg 0.0529199972392705	false	0.5
schmierig	off 1.0		__DUMMY__ 0.8801211772654709 off 0.07093666470375314 neg 0.04894215803077602	false	1.0
unpraktisch	neg 1.0		__DUMMY__ 0.8860873858820543 off 0.06241337762031991 neg 0.05149923649762578	false	0.5
wixxer	off 1.0		__DUMMY__ 0.8711929218666702 off 0.07716773008485231 neg 0.05163934804847745	false	1.0
bezeichnet			__DUMMY__ 0.8838984818016682 off 0.06149565363221075 neg 0.054605864566121036	false	0.0
jammerlappen	off 1.0		__DUMMY__ 0.8839436675369863 off 0.06604634430577332 neg 0.05000998815724045	false	1.0
farce	neg 1.0		__DUMMY__ 0.8864176580424755 off 0.05964915753440139 neg 0.05393318442312301	false	0.5
zwecklos	neg 1.0		__DUMMY__ 0.886368582592902 off 0.05953516333386115 neg 0.05409625407323688	false	0.5
turbulent	neg 1.0		__DUMMY__ 0.8820051649267152 off 0.06734560283404346 neg 0.05064923223924145	false	0.5
invasion	neg 1.0		__DUMMY__ 0.8847171870210329 off 0.0631047483040055 neg 0.05217806467496173	false	0.5
schuld	neg 1.0		__DUMMY__ 0.8843599291713379 off 0.062463463835379096 neg 0.05317660699328305	false	0.5
risiko	neg 1.0	neg 1.0	neg 0.5068587831430104 __DUMMY__ 0.44608616508382654 off 0.04705505177316306	false	1.0
finster	neg 1.0		__DUMMY__ 0.883866356601249 off 0.06206534132115056 neg 0.05406830207760037	false	0.5
geisteskrank	off 1.0		__DUMMY__ 0.8782192368732854 off 0.0679398626981485 neg 0.05384090042856618	false	1.0
zusammenbrechen	neg 1.0		__DUMMY__ 0.8878518767501091 off 0.05952876601838759 neg 0.05261935723150325	false	0.5
ausbeute	neg 1.0		__DUMMY__ 0.8964700065656404 off 0.05727128931210402 neg 0.046258704122255676	false	0.5
hinterhalt	neg 1.0		__DUMMY__ 0.8957681696209702 off 0.059204472293375505 neg 0.04502735808565437	false	0.5
kritik	neg 1.0		__DUMMY__ 0.8862398353082035 off 0.05949734742907894 neg 0.054262817262717526	false	0.5
einschrumpfen	neg 1.0		__DUMMY__ 0.8825999216367125 off 0.06515308413518892 neg 0.052246994228098476	false	0.5
riskant	neg 1.0		__DUMMY__ 0.8878552224158139 off 0.05718818375417088 neg 0.05495659383001525	false	0.5
frustrieren	neg 1.0		__DUMMY__ 0.8877816675302521 off 0.05802771679268618 neg 0.054190615677061606	false	0.5
groll	neg 1.0		__DUMMY__ 0.886542468597613 off 0.05908042862422016 neg 0.054377102778166875	false	0.5
gibt			__DUMMY__ 0.8878592943917967 off 0.05965337303864917 neg 0.05248733256955415	false	0.0
qualvoll	neg 1.0		__DUMMY__ 0.8861590291469175 off 0.06414830548594673 neg 0.04969266536713586	false	0.5
wackeln	neg 1.0		__DUMMY__ 0.8893786148512032 off 0.06195357729481203 neg 0.04866780785398473	false	0.5
klagen	neg 1.0		__DUMMY__ 0.8908492670570785 neg 0.054591441765393246 off 0.05455929117752832	false	1.0
bankrott	neg 1.0		__DUMMY__ 0.8859190632028081 off 0.06518303791505617 neg 0.04889789888213569	false	0.5
trauern	neg 1.0		__DUMMY__ 0.8923339341199029 off 0.05745735986407114 neg 0.05020870601602603	false	0.5
ablehnung	neg 1.0		__DUMMY__ 0.8860750384615684 off 0.059250349367511196 neg 0.054674612170920435	false	0.5
stur	neg 1.0		__DUMMY__ 0.8839879505667382 off 0.06258316827069196 neg 0.05342888116256987	false	0.5
aufruhr	neg 1.0		__DUMMY__ 0.8878718826239438 off 0.060218572104057025 neg 0.05190954527199928	false	0.5
melancholie	neg 1.0		__DUMMY__ 0.8900150601796208 off 0.057861145496752 neg 0.052123794323627085	false	0.5
ist			__DUMMY__ 0.8854323914268551 off 0.06314105754946467 neg 0.05142655102368012	false	0.0
torheit	neg 1.0		__DUMMY__ 0.8867647124407991 off 0.06166444389190929 neg 0.051570843667291554	false	0.5
dreckskind	off 1.0		__DUMMY__ 0.8748398501254324 off 0.07273654679927703 neg 0.05242360307529046	false	1.0
umtauschen	neg 1.0		__DUMMY__ 0.8874227863984745 off 0.06043897057823431 neg 0.05213824302329113	false	0.5
zum			__DUMMY__ 0.8980775715446293 off 0.051897872997675065 neg 0.050024555457695595	false	0.0
zersetzen	neg 1.0		__DUMMY__ 0.8887236956058745 off 0.05642159650515232 neg 0.054854707888973175	false	0.5
zur			__DUMMY__ 0.8959786484309865 neg 0.052469653997969774 off 0.05155169757104376	false	0.0
frust	neg 1.0		__DUMMY__ 0.8882064542501292 off 0.05956612709916126 neg 0.052227418650709415	false	0.5
unerbittlichkeit	neg 1.0		__DUMMY__ 0.8898068027605884 off 0.05635385933598058 neg 0.0538393379034309	false	0.5
zwei			__DUMMY__ 0.896292030422139 off 0.05295444158733859 neg 0.050753527990522435	false	0.0
unkorrekt	neg 1.0		__DUMMY__ 0.8795237057874855 off 0.06918011552791888 neg 0.051296178684595614	false	0.5
hexe	off 1.0		__DUMMY__ 0.880572517880745 off 0.06603550569562966 neg 0.053391976423625365	false	1.0
lasch	neg 1.0		__DUMMY__ 0.8812393828721581 off 0.06522388418643017 neg 0.053536732941411744	false	0.5
rivale	neg 1.0		__DUMMY__ 0.881773056674971 off 0.0681439993486606 neg 0.05008294397636842	false	0.5
mutlos	off 1.0	off 1.0	off 0.5135983514830688 __DUMMY__ 0.4445591768905712 neg 0.04184247162636013	false	1.0
wirr	off 1.0		__DUMMY__ 0.8789249267682977 off 0.0699947396425016 neg 0.05108033358920068	false	1.0
jahr			__DUMMY__ 0.8967703538263878 off 0.055267550066023 neg 0.04796209610758914	false	0.0
wird			__DUMMY__ 0.8881559193511998 off 0.058458835311240125 neg 0.05338524533756	false	0.0
strafbar	neg 1.0		__DUMMY__ 0.8877499153788754 off 0.05766214191109922 neg 0.054587942710025456	false	0.5
erosion	neg 1.0		__DUMMY__ 0.8893263833122914 off 0.06107221904543933 neg 0.04960139764226923	false	0.5
eingehen	neg 1.0		__DUMMY__ 0.8873517182267794 off 0.0578315787889021 neg 0.05481670298431853	false	0.5
faul	off 1.0		__DUMMY__ 0.8854418154721089 off 0.06504603735454795 neg 0.04951214717334304	false	1.0
provisorium	neg 1.0		__DUMMY__ 0.8986054339959941 neg 0.05209608022374655 off 0.049298485780259284	false	1.0
schmerzen	neg 1.0		__DUMMY__ 0.8867655338833388 off 0.05980892116069737 neg 0.05342554495596383	false	0.5
schrumpfen	neg 1.0		__DUMMY__ 0.8920970048814385 neg 0.0558936725630671 off 0.05200932255549436	false	1.0
geistlos	off 1.0		__DUMMY__ 0.8810331748961108 off 0.06421506359404319 neg 0.05475176150984594	false	1.0
fehlkauf	neg 1.0		__DUMMY__ 0.8874522483172596 off 0.06301910497291237 neg 0.04952864670982815	false	0.5
frustrierend	neg 1.0		__DUMMY__ 0.8837033735927222 off 0.0650762624293862 neg 0.051220363977891585	false	0.5
unzufrieden	neg 1.0		__DUMMY__ 0.8858870335200957 off 0.059232402441983696 neg 0.05488056403792063	false	0.5
verzweifeln	neg 1.0		__DUMMY__ 0.8869548113303598 off 0.06038227966345497 neg 0.052662909006185164	false	0.5
verzweifelt	neg 1.0	neg 1.0	neg 0.511313485466015 __DUMMY__ 0.441274980195074 off 0.04741153433891113	false	1.0
misstrauensantrag	neg 1.0		__DUMMY__ 0.8851007951631001 off 0.06310315443748411 neg 0.05179605039941571	false	0.5
abfallen	neg 1.0		__DUMMY__ 0.8887621916313854 off 0.06175718895445735 neg 0.04948061941415728	false	0.5
fucker	off 1.0		__DUMMY__ 0.8825701452293148 off 0.0689556476059511 neg 0.048474207164734044	false	1.0
ungezogen	neg 1.0		__DUMMY__ 0.8744391223167669 off 0.07604028125982297 neg 0.049520596423410244	false	0.5
irrsinnig	neg 1.0	neg 1.0	neg 0.5107171403934546 __DUMMY__ 0.4418856504746484 off 0.04739720913189697	false	1.0
unfassbar	neg 1.0		__DUMMY__ 0.8828143912169546 off 0.0671521325902402 neg 0.050033476192805196	false	0.5
hart	neg 1.0		__DUMMY__ 0.8833150283273861 off 0.06657198010247599 neg 0.05011299157013794	false	0.5
widerlich	off 1.0		__DUMMY__ 0.8798766492322999 off 0.06782531746280251 neg 0.05229803330489751	false	1.0
fatal	neg 1.0		__DUMMY__ 0.8858189004544558 off 0.06354786579898276 neg 0.05063323374656141	false	0.5
bruch	neg 1.0		__DUMMY__ 0.8911310667451872 off 0.054922178061666306 neg 0.05394675519314649	false	0.5
aushungern	neg 1.0		__DUMMY__ 0.8892197940191603 off 0.05963908143209791 neg 0.051141124548741805	false	0.5
anspannung	neg 1.0		__DUMMY__ 0.896508939455758 off 0.05214012681567923 neg 0.05135093372856274	false	0.5
von			__DUMMY__ 0.8987572616060043 off 0.05531796920419798 neg 0.0459247691897976	false	0.0
kraftlos	neg 1.0		__DUMMY__ 0.8894917114486279 off 0.05885176592952935 neg 0.05165652262184279	false	0.5
vom			__DUMMY__ 0.9000053539796472 neg 0.05033468363871987 off 0.049659962381632825	false	0.0
grenzdebil	off 1.0		__DUMMY__ 0.8833996818862856 off 0.06740955191119453 neg 0.04919076620251986	false	1.0
vor			__DUMMY__ 0.8929638415183695 off 0.05540524452635302 neg 0.051630913955277406	false	0.0
unterwerfen	neg 1.0		__DUMMY__ 0.8892134557499998 off 0.05793271747088988 neg 0.0528538267791104	false	0.5
versenkung	neg 1.0		__DUMMY__ 0.8903928714872388 off 0.058071148509028565 neg 0.05153598000373258	false	0.5
entziehen	neg 1.0		__DUMMY__ 0.8905501032100368 off 0.05503813194670956 neg 0.05441176484325372	false	0.5
finanzkrise	neg 1.0		__DUMMY__ 0.8860993095334396 off 0.060193127376937654 neg 0.05370756308962281	false	0.5
schimpfend	neg 1.0		__DUMMY__ 0.8858685938205343 off 0.06279741974518253 neg 0.05133398643428319	false	0.5
profan	neg 1.0		__DUMMY__ 0.8837598165740359 off 0.06385795048282661 neg 0.05238223294313746	false	0.5
korruption	neg 1.0		__DUMMY__ 0.8883229359543068 off 0.05843557842203183 neg 0.053241485623661364	false	0.5
â			__DUMMY__ 0.8912540341905083 off 0.058295706649038284 neg 0.05045025916045341	false	0.0
schmutzig	neg 1.0		__DUMMY__ 0.8840110254568726 off 0.06784471749476766 neg 0.04814425704835978	false	0.5
sexy	neg 1.0		__DUMMY__ 0.8856809971867624 off 0.06474524840482943 neg 0.04957375440840819	false	0.5
abraten	neg 1.0		__DUMMY__ 0.8854243166262615 off 0.06310966459523548 neg 0.051466018778503014	false	0.5
schwarz	neg 1.0		__DUMMY__ 0.8858446776402674 off 0.06282106513587454 neg 0.051334257223858024	false	0.5
fotze	off 1.0	off 1.0	off 0.5147120714161109 __DUMMY__ 0.44638976748513504 neg 0.03889816109875402	false	1.0
verwirren	neg 1.0		__DUMMY__ 0.8843920599085732 off 0.06437188297354668 neg 0.051236057117880075	false	0.5
zahnlos	off 1.0		__DUMMY__ 0.8861734030451818 off 0.06002262670866949 neg 0.0538039702461487	false	1.0
verheeren	neg 1.0		__DUMMY__ 0.8766359399817625 off 0.07750888712971934 neg 0.04585517288851819	false	0.5
hippie	neg 1.0		__DUMMY__ 0.885801711343572 off 0.06446699888377852 neg 0.04973128977264949	false	0.5
rammen	neg 1.0		__DUMMY__ 0.8847217370582776 off 0.06229012488391745 neg 0.052988138057804904	false	0.5
unlauter	neg 1.0		__DUMMY__ 0.8825985409133856 off 0.06220686140186208 neg 0.055194597684752225	false	0.5
unheilvoll	neg 1.0		__DUMMY__ 0.887346504806403 off 0.06274891001109438 neg 0.04990458518250267	false	0.5
niedrig	neg 1.0		__DUMMY__ 0.8879027484372608 off 0.05648020308816032 neg 0.055617048474578934	false	0.5
explosion	neg 1.0		__DUMMY__ 0.8855023133465468 off 0.06389156250486763 neg 0.05060612414858549	false	0.5
weichei	off 1.0	off 1.0	off 0.5246974165983185 __DUMMY__ 0.4366393015553591 neg 0.03866328184632244	false	1.0
minusmensch	off 1.0		__DUMMY__ 0.8732169664951762 off 0.07527687482806754 neg 0.05150615867675625	false	1.0
farblos	neg 1.0		__DUMMY__ 0.8893820638273553 off 0.060393073315434996 neg 0.05022486285720975	false	0.5
unwissend	neg 1.0	neg 1.0	neg 0.5099975473024257 __DUMMY__ 0.43981343269392487 off 0.05018902000364943	false	1.0
traurig	neg 1.0		__DUMMY__ 0.8812184680905686 off 0.06941258519422512 neg 0.049368946715206224	false	0.5
senkung	neg 1.0		__DUMMY__ 0.8820998857058496 off 0.06369989866855334 neg 0.05420021562559702	false	0.5
ungleich	neg 1.0	neg 1.0	neg 0.5121631486485255 __DUMMY__ 0.4447653134059266 off 0.043071537945548036	false	1.0
heikel	neg 1.0		__DUMMY__ 0.8875064998090441 off 0.057134394627459596 neg 0.05535910556349643	false	0.5
drosselung	neg 1.0		__DUMMY__ 0.8827465789052786 off 0.0671269265820013 neg 0.05012649451272002	false	0.5
falsch	neg 1.0		__DUMMY__ 0.8826235196777514 off 0.06523754767756497 neg 0.0521389326446836	false	0.5
unzufriedenheit	neg 1.0		__DUMMY__ 0.8902127399857913 off 0.05575960673344216 neg 0.054027653280766495	false	0.5
kurz	neg 1.0		__DUMMY__ 0.8903249590806974 off 0.059565359461425944 neg 0.05010968145787663	false	0.5
unsinnig	neg 1.0		__DUMMY__ 0.8850931459130708 off 0.060151333234565715 neg 0.05475552085236353	false	0.5
penner	off 1.0	off 1.0	off 0.5258862590035556 __DUMMY__ 0.4363380715781715 neg 0.037775669418272886	false	1.0
seicht	neg 1.0		__DUMMY__ 0.8729405730011244 off 0.07580144517076175 neg 0.05125798182811382	false	0.5
dummheit	off 1.0	off 1.0	off 0.5188852714954804 __DUMMY__ 0.44074154236688184 neg 0.04037318613763784	false	1.0
unerfreulich	neg 1.0		__DUMMY__ 0.8897874224263049 off 0.05621683812809646 neg 0.05399573944559863	false	0.5
motherfucker	off 1.0	off 1.0	off 0.5219047099855261 __DUMMY__ 0.44055893145809627 neg 0.03753635855637769	false	1.0
pikiert	neg 1.0		__DUMMY__ 0.8813316879389297 off 0.06710327950684991 neg 0.05156503255422034	false	0.5
wrack	neg 1.0		__DUMMY__ 0.8908051634435579 off 0.058723684262170575 neg 0.05047115229427152	false	0.5
gangster	neg 1.0		__DUMMY__ 0.885732916809285 off 0.06448021996855714 neg 0.04978686322215783	false	0.5
krank	neg 1.0		__DUMMY__ 0.8834203176758595 off 0.06720886307343968 neg 0.049370819250700824	false	0.5
reich	neg 1.0		__DUMMY__ 0.8866588833893213 off 0.06615508380958735 neg 0.04718603280109132	false	0.5
gnadenlos	neg 1.0		__DUMMY__ 0.8851716555352127 off 0.06255705627176646 neg 0.05227128819302092	false	0.5
niedergeschlagen	neg 1.0		__DUMMY__ 0.8889746429655359 off 0.059833314184161907 neg 0.05119204285030225	false	0.5
terrorisieren	off 1.0	off 1.0	off 0.5137593358251736 __DUMMY__ 0.44616088823289224 neg 0.04007977594193406	false	1.0
sinnlosigkeit	neg 1.0		__DUMMY__ 0.8870109128374543 off 0.05945705327833035 neg 0.05353203388421543	false	0.5
behindern	neg 1.0		__DUMMY__ 0.8882891115648343 off 0.06036732765053606 neg 0.05134356078462963	false	0.5
undemokratisch	neg 1.0		__DUMMY__ 0.885449864997 off 0.062384298358624184 neg 0.05216583664437593	false	0.5
wirtschaftskrise	neg 1.0		__DUMMY__ 0.8877783379681471 off 0.05824102143747708 neg 0.05398064059437593	false	0.5
neid	neg 1.0		__DUMMY__ 0.8854065696024486 off 0.0648708931747609 neg 0.04972253722279059	false	0.5
rutschen	neg 1.0		__DUMMY__ 0.8974462102248861 off 0.05280514762010262 neg 0.04974864215501129	false	0.5
rezession	neg 1.0		__DUMMY__ 0.8750993133521372 off 0.06992067796670146 neg 0.05498000868116139	false	0.5
fehlgeburt	neg 1.0		__DUMMY__ 0.8877827410444629 off 0.06267428824328686 neg 0.049542970712250174	false	0.5
charakterschwach	off 1.0		__DUMMY__ 0.8800665616794017 off 0.06771907948023255 neg 0.05221435884036571	false	1.0
isolation	neg 1.0		__DUMMY__ 0.8846780752630046 off 0.06468102296065643 neg 0.050640901776338926	false	0.5
ablenkung	neg 1.0		__DUMMY__ 0.8876374421320126 off 0.061282861711295794 neg 0.05107969615669164	false	0.5
pech	neg 1.0		__DUMMY__ 0.882904654809563 off 0.064453879485081 neg 0.05264146570535597	false	0.5
vermeidung	neg 1.0		__DUMMY__ 0.8838522982693787 off 0.06729931119766266 neg 0.04884839053295862	false	0.5
dominieren	neg 1.0		__DUMMY__ 0.8906083446145697 off 0.05751170902729375 neg 0.05187994635813662	false	0.5
schwindlig	neg 1.0		__DUMMY__ 0.8871918881737905 off 0.06295453916657669 neg 0.049853572659632875	false	0.5
lutscher	neg 1.0		__DUMMY__ 0.8736649084923287 off 0.07597915494300211 neg 0.05035593656466923	false	0.5
pflicht	neg 1.0		__DUMMY__ 0.888611690865135 off 0.05612705087305043 neg 0.05526125826181451	false	0.5
faschist	off 1.0		__DUMMY__ 0.8844205826769977 off 0.06478703941649391 neg 0.05079237790650821	false	1.0
verschleudern	neg 1.0		__DUMMY__ 0.8878083936560137 off 0.05691174085696267 neg 0.05527986548702367	false	0.5
wenn			__DUMMY__ 0.883634070256394 off 0.06541124720810186 neg 0.05095468253550419	false	0.0
ehebruch	neg 1.0		__DUMMY__ 0.8892344721338135 off 0.05842020085599836 neg 0.05234532701018816	false	0.5
spott	off 1.0		__DUMMY__ 0.8880659382678171 off 0.057978123525280915 neg 0.05395593820690198	false	1.0
trostlosigkeit	neg 1.0		__DUMMY__ 0.8930370948592491 off 0.05545303128373551 neg 0.051509873857015526	false	0.5
lutschen	neg 1.0		__DUMMY__ 0.8835924947830862 off 0.06491669886913579 neg 0.05149080634777805	false	0.5
undiszipliniert	neg 1.0		__DUMMY__ 0.8804025403583579 off 0.06887386375433899 neg 0.05072359588730323	false	0.5
kopfschmerz	neg 1.0		__DUMMY__ 0.8877688072208572 off 0.058856273065680566 neg 0.05337491971346231	false	0.5
unvorhergesehen	neg 1.0		__DUMMY__ 0.8937519804869347 off 0.05617857317882798 neg 0.050069446334237294	false	0.5
desinteressiert	neg 1.0		__DUMMY__ 0.8807608664823627 off 0.0684889607824435 neg 0.05075017273519387	false	0.5
armselig	off 1.0		__DUMMY__ 0.8779129881955362 off 0.06976630483139212 neg 0.0523207069730716	false	1.0
desaster	neg 1.0		__DUMMY__ 0.891372572993908 off 0.054408633343181356 neg 0.05421879366291059	false	0.5
tod	neg 1.0		__DUMMY__ 0.8950068652364134 off 0.058185878414732224 neg 0.04680725634885446	false	0.5
herzlos	neg 1.0		__DUMMY__ 0.879938994928663 off 0.06955924117310025 neg 0.05050176389823668	false	0.5
unwissenheit	neg 1.0		__DUMMY__ 0.8872101789250992 off 0.059168775952353016 neg 0.05362104512254774	false	0.5
widersinnig	neg 1.0		__DUMMY__ 0.8839602763969777 off 0.05931745057424724 neg 0.05672227302877499	false	0.5
bedenklich	neg 1.0		__DUMMY__ 0.886920688575883 off 0.05829041091179416 neg 0.05478890051232278	false	0.5
beanstanden	neg 1.0		__DUMMY__ 0.8895077436950962 off 0.055715406870324745 neg 0.05477684943457908	false	0.5
panisch	neg 1.0	neg 1.0	neg 0.5065795506575186 __DUMMY__ 0.44547548786255836 off 0.04794496147992305	false	1.0
debil	off 1.0		__DUMMY__ 0.8982291609903634 neg 0.05165772260333742 off 0.050113116406299174	false	0.5
abstrich	neg 1.0		__DUMMY__ 0.8960138774897421 off 0.05933335423695419 neg 0.044652768273303604	false	0.5
primitiv	neg 1.0		__DUMMY__ 0.879597486870128 off 0.06804423608782247 neg 0.05235827704204964	false	0.5
abschaum	off 1.0	off 1.0	off 0.5206203039841547 __DUMMY__ 0.44027490122581325 neg 0.03910479479003211	false	1.0
provozieren	neg 1.0		__DUMMY__ 0.8835772328912487 off 0.06239235810067362 neg 0.054030409008077734	false	0.5
tot	neg 1.0		__DUMMY__ 0.8889338698693063 off 0.058282630381715855 neg 0.0527834997489779	false	0.5
instabil	neg 1.0		__DUMMY__ 0.8796638660255934 off 0.06902282061661022 neg 0.05131331335779641	false	0.5
schwuchtel	off 1.0	off 1.0	off 0.5303355526272636 __DUMMY__ 0.43154488014869763 neg 0.038119567224038774	false	1.0
zerren	neg 1.0		__DUMMY__ 0.8889228210815849 off 0.05943149864305983 neg 0.05164568027535524	false	0.5
kinderficker	off 1.0		__DUMMY__ 0.8786191027269946 off 0.07229893428492631 neg 0.04908196298807913	false	1.0
gefahr	neg 1.0		__DUMMY__ 0.8918810445063489 off 0.0555907855294576 neg 0.05252816996419355	false	0.5
rabiat	neg 1.0		__DUMMY__ 0.8869314997444998 off 0.06151224023722581 neg 0.05155626001827443	false	0.5
verlangsamung	neg 1.0		__DUMMY__ 0.874542896076883 off 0.07387277777132721 neg 0.05158432615178984	false	0.5
ausgestorben	neg 1.0		__DUMMY__ 0.8879872093515493 off 0.06114507356632705 neg 0.050867717082123634	false	0.5
anklagen	neg 1.0		__DUMMY__ 0.8887400690361048 off 0.05855381870632063 neg 0.0527061122575745	false	0.5
trott	neg 1.0		__DUMMY__ 0.8878468937477276 off 0.0607482780152652 neg 0.05140482823700719	false	0.5
verminderung	neg 1.0		__DUMMY__ 0.8822525263360278 off 0.06758281613458993 neg 0.05016465752938222	false	0.5
nach			__DUMMY__ 0.8972572957293147 off 0.0517557795131747 neg 0.05098692475751069	false	0.0
rost	neg 1.0		__DUMMY__ 0.8778803903100476 off 0.07238169449797968 neg 0.049737915191972654	false	0.5
destruktiv	neg 1.0		__DUMMY__ 0.8849138035676539 off 0.06121873272844453 neg 0.05386746370390166	false	0.5
unzumutbarkeit	neg 1.0		__DUMMY__ 0.8844690714368207 off 0.06644163111506197 neg 0.04908929744811725	false	0.5
labil	off 1.0	off 1.0	off 0.5200132889251422 __DUMMY__ 0.4412449588145823 neg 0.03874175226027544	false	1.0
ziemlich	neg 1.0		__DUMMY__ 0.8836053441566336 off 0.06692046138687936 neg 0.0494741944564871	false	0.5
lachnummer	off 1.0		__DUMMY__ 0.8845234103538833 off 0.06203222220371235 neg 0.05344436744240443	false	1.0
oder			__DUMMY__ 0.8873488378215444 off 0.061906455621766526 neg 0.05074470655668914	false	0.0
verfall	neg 1.0		__DUMMY__ 0.893582876545918 neg 0.054361558622980435 off 0.052055564831101665	false	1.0
ausgrenzung	neg 1.0		__DUMMY__ 0.885608141237575 off 0.06296627708234953 neg 0.051425581680075515	false	0.5
unordnung	neg 1.0		__DUMMY__ 0.8854156129811207 off 0.06878962727154449 neg 0.0457947597473348	false	0.5
fehlverhalten	neg 1.0		__DUMMY__ 0.8875604837108012 off 0.056755967321632995 neg 0.05568354896756573	false	0.5
eine			__DUMMY__ 0.8917644880082115 off 0.055872499486347524 neg 0.05236301250544094	false	0.0
nille	neg 1.0		__DUMMY__ 0.8888577528625953 off 0.060895903003107786 neg 0.0502463441342969	false	0.5
qual	neg 1.0		__DUMMY__ 0.888339496392076 off 0.060393958822580945 neg 0.051266544785343156	false	0.5
verschwenden	neg 1.0		__DUMMY__ 0.8871903104572133 off 0.05753007890726645 neg 0.05527961063552023	false	0.5
riesig	neg 1.0		__DUMMY__ 0.8917834315972982 off 0.057691283454214856 neg 0.050525284948486925	false	0.5
verurteilen	neg 1.0		__DUMMY__ 0.8861756733312308 off 0.05917677219028236 neg 0.0546475544784868	false	0.5
klischee	neg 1.0	neg 1.0	neg 0.5101121631110802 __DUMMY__ 0.4405403937707372 off 0.04934744311818247	false	1.0
diktatorisch	neg 1.0		__DUMMY__ 0.8846214534441206 off 0.06259124612774913 neg 0.05278730042813034	false	0.5
vorhersehbar	neg 1.0		__DUMMY__ 0.8814714028921808 off 0.06458242362437681 neg 0.053946173483442286	false	0.5
sowie			__DUMMY__ 0.8784062108577771 off 0.07159853244931288 neg 0.049995256692910016	false	0.0
stornieren	neg 1.0		__DUMMY__ 0.8910648386383792 off 0.06283295455775521 neg 0.04610220680386565	false	0.5
besteuerung	neg 1.0		__DUMMY__ 0.8829249059994216 off 0.06169290441213378 neg 0.05538218958844452	false	0.5
ungeschminkt	neg 1.0		__DUMMY__ 0.8790258310731637 off 0.06740049221370147 neg 0.05357367671313482	false	0.5
kritisch	neg 1.0		__DUMMY__ 0.8876467941790651 off 0.058086969203126275 neg 0.05426623661780868	false	0.5
schlamperei	off 1.0		__DUMMY__ 0.8904246763344313 off 0.05676053666038267 neg 0.0528147870051861	false	1.0
sucht	neg 1.0	neg 1.0	neg 0.5031259477703193 __DUMMY__ 0.4504574409148416 off 0.04641661131483913	false	1.0
egoistisch	off 1.0		__DUMMY__ 0.8760115849067415 off 0.07235499402530791 neg 0.051633421067950505	false	1.0
ausbeuter	off 1.0		__DUMMY__ 0.8868063347548705 off 0.056747887285752883 neg 0.05644577795937663	false	1.0
arschgeburt	off 1.0		__DUMMY__ 0.8687733879668753 off 0.07992264053726157 neg 0.051303971495863035	false	1.0
schubs	neg 1.0		__DUMMY__ 0.8882103924573143 off 0.05890595356998381 neg 0.05288365397270197	false	0.5
unsolide	neg 1.0		__DUMMY__ 0.8827845630093933 off 0.06311277886361706 neg 0.05410265812698969	false	0.5
beschwerde	neg 1.0		__DUMMY__ 0.8879604710374855 off 0.05748937925819594 neg 0.05455014970431843	false	0.5
stocken	neg 1.0		__DUMMY__ 0.8904163918348901 off 0.05703614857008947 neg 0.0525474595950204	false	0.5
isolieren	neg 1.0		__DUMMY__ 0.8886960906648617 off 0.05847478385157529 neg 0.05282912548356305	false	0.5
unheilbar	neg 1.0		__DUMMY__ 0.8880602006718886 off 0.06176438663553048 neg 0.05017541269258094	false	0.5
pisser	off 1.0		__DUMMY__ 0.8795769406151248 off 0.06927137479671185 neg 0.051151684588163285	false	1.0
löschen	neg 1.0		__DUMMY__ 0.8881208146869761 off 0.06113359839966643 neg 0.050745586913357385	false	0.5
durchfallen	neg 1.0		__DUMMY__ 0.8853176085274941 off 0.05862360738251895 neg 0.05605878408998689	false	0.5
wichser	off 1.0	off 1.0	off 0.5281964895527616 __DUMMY__ 0.43449248212172503 neg 0.037311028325513314	false	1.0
terror	neg 1.0		__DUMMY__ 0.8860575880873062 off 0.06396015046713982 neg 0.04998226144555396	false	0.5
krass	neg 1.0		__DUMMY__ 0.879177182008007 off 0.06992247199597125 neg 0.050900345996021806	false	0.5
revolte	neg 1.0		__DUMMY__ 0.8858442086339043 off 0.0633519893719323 neg 0.05080380199416339	false	0.5
besorgt	neg 1.0		__DUMMY__ 0.892758343551551 off 0.05949613535185549 neg 0.04774552109659344	false	0.5
nachlassen	neg 1.0		__DUMMY__ 0.8932158042317119 off 0.056686982550905644 neg 0.050097213217382495	false	0.5
alt	neg 1.0		__DUMMY__ 0.8890917421774563 off 0.05836397204054347 neg 0.05254428578200018	false	0.5
hundesohn	off 1.0		__DUMMY__ 0.8738019292730282 off 0.07656044117395555 neg 0.04963762955301622	false	1.0
als			__DUMMY__ 0.8877045243617703 off 0.059269855488895205 neg 0.05302562014933454	false	0.0
abschreckung	neg 1.0		__DUMMY__ 0.8905951738002981 off 0.05560031690533573 neg 0.05380450929436623	false	0.5
unqualifiziert	neg 1.0		__DUMMY__ 0.8805833979223012 off 0.06546356058895496 neg 0.053953041488743754	false	0.5
abgewichst	off 1.0		__DUMMY__ 0.8893816005112818 off 0.0601090173096313 neg 0.05050938217908687	false	1.0
schwer	neg 1.0		__DUMMY__ 0.8858029317000787 off 0.060816083310725716 neg 0.05338098498919555	false	0.5
bedeutungslosigkeit	neg 1.0		__DUMMY__ 0.8890312023828154 off 0.05658178677794863 neg 0.05438701083923594	false	0.5
kapitulation	neg 1.0		__DUMMY__ 0.8897030219078175 off 0.05781101631991382 neg 0.05248596177226863	false	0.5
unscharf	neg 1.0		__DUMMY__ 0.8833557073209976 off 0.06318382008132013 neg 0.05346047259768224	false	0.5
schwinden	neg 1.0		__DUMMY__ 0.891538870816893 off 0.0562484099494242 neg 0.052212719233682925	false	0.5
versklavung	neg 1.0		__DUMMY__ 0.8877369024884666 off 0.06214822355836624 neg 0.050114873953167126	false	0.5
schlecht	neg 1.0		__DUMMY__ 0.8834736590061585 off 0.06715019001443191 neg 0.049376150979409665	false	0.5
verhasst	neg 1.0		__DUMMY__ 0.8821492355564952 off 0.06294908095277384 neg 0.05490168349073097	false	0.5
beschweren	neg 1.0		__DUMMY__ 0.8848767727171898 off 0.06330153890925794 neg 0.051821688373552326	false	0.5
scheiden	neg 1.0		__DUMMY__ 0.8894708626771777 off 0.06072330905377318 neg 0.04980582826904927	false	0.5
frustriert	neg 1.0		__DUMMY__ 0.8862278778798812 off 0.060055513172459836 neg 0.05371660894765893	false	0.5
schimmelig	neg 1.0		__DUMMY__ 0.8864077857075967 off 0.05805395167442284 neg 0.05553826261798055	false	0.5
fisch	neg 1.0		__DUMMY__ 0.8893014585030132 neg 0.055575549956098154 off 0.055122991540888504	false	1.0
schmuggel	neg 1.0		__DUMMY__ 0.8905593183004512 off 0.05685909888032834 neg 0.052581582819220374	false	0.5
auffallen	neg 1.0		__DUMMY__ 0.8844554139666553 off 0.06401736169432819 neg 0.05152722433901651	false	0.5
konkurrenz	neg 1.0		__DUMMY__ 0.8907428477302722 off 0.055227785961625205 neg 0.054029366308102546	false	0.5
teufelskreis	neg 1.0		__DUMMY__ 0.8854305667010745 off 0.061115324378554055 neg 0.053454108920371494	false	0.5
aufschreien	neg 1.0		__DUMMY__ 0.8831131080930817 off 0.06417550545177901 neg 0.052711386455139245	false	0.5
schuldner	neg 1.0		__DUMMY__ 0.8884753121580438 off 0.055977925979904274 neg 0.05554676186205197	false	0.5
missgeburt	off 1.0	off 1.0	off 0.5253311457083252 __DUMMY__ 0.43583181164092544 neg 0.038837042650749325	false	1.0
arbeitslos	neg 1.0		__DUMMY__ 0.8848770290170549 off 0.05902962940310204 neg 0.05609334157984311	false	0.5
befallen	neg 1.0		__DUMMY__ 0.8905728362240642 off 0.059940864104055976 neg 0.049486299671879744	false	0.5
miesepetrig	off 1.0	off 1.0	off 0.5202682668680069 __DUMMY__ 0.4411887574689763 neg 0.03854297566301674	false	1.0
alarmieren	neg 1.0		__DUMMY__ 0.8825617507915935 off 0.06579401671135596 neg 0.05164423249705045	false	0.5
ungeduscht	off 1.0		__DUMMY__ 0.8823727641446953 off 0.06500876789173185 neg 0.05261846796357283	false	1.0
knappheit	neg 1.0		__DUMMY__ 0.8855766531431206 off 0.05840526975702087 neg 0.05601807709985862	false	0.5
schlange	neg 1.0		__DUMMY__ 0.8895424752829786 off 0.06258881275689586 neg 0.04786871196012558	false	0.5
harsch	neg 1.0		__DUMMY__ 0.8826548366578053 off 0.07103680828711241 neg 0.04630835505508226	false	0.5
lang	neg 1.0		__DUMMY__ 0.8877767608053937 off 0.06197082418889979 neg 0.05025241500570651	false	0.5
ziellos	neg 1.0		__DUMMY__ 0.8904457494348513 off 0.05811852123002719 neg 0.05143572933512148	false	0.5
selbstverliebt	neg 1.0		__DUMMY__ 0.871203182591549 off 0.07751360684366204 neg 0.05128321056478882	false	0.5
beseitigen	neg 1.0		__DUMMY__ 0.889682536436567 off 0.059688652155819345 neg 0.05062881140761353	false	0.5
dumm	off 1.0		__DUMMY__ 0.8766684037734634 off 0.07292340316149161 neg 0.050408193065044876	false	1.0
arbeitsloser	neg 1.0		__DUMMY__ 0.8874478238628967 off 0.05903569093286312 neg 0.053516485204240107	false	0.5
blitzen	neg 1.0		__DUMMY__ 0.8857562415755136 off 0.06437073255535976 neg 0.04987302586912672	false	0.5
hilflos	neg 1.0		__DUMMY__ 0.8869663577585887 off 0.05956252988936866 neg 0.05347111235204271	false	0.5
eklig	off 1.0		__DUMMY__ 0.8746410173664139 off 0.07351703962939939 neg 0.051841943004186694	false	1.0
begriff			__DUMMY__ 0.8863432464547095 off 0.060720968425388856 neg 0.052935785119901706	false	0.0
hungersnot	neg 1.0		__DUMMY__ 0.8906595868451079 off 0.05889930541856196 neg 0.05044110773633018	false	0.5
ungesetzlich	neg 1.0		__DUMMY__ 0.8818352652718582 off 0.06240138500076222 neg 0.05576334972737956	false	0.5
verschwendung	neg 1.0		__DUMMY__ 0.8892592807405957 off 0.0571796397776867 neg 0.05356107948171768	false	0.5
schmerzvoll	neg 1.0		__DUMMY__ 0.8859352541154177 off 0.06297537325981467 neg 0.05108937262476763	false	0.5
vorzeitig	neg 1.0		__DUMMY__ 0.8865145784493174 off 0.0639176811138706 neg 0.049567740436812044	false	0.5
unvollkommenheit	neg 1.0		__DUMMY__ 0.8932494654523871 off 0.0581962173903852 neg 0.04855431715722754	false	0.5
intervenieren	neg 1.0		__DUMMY__ 0.8877538119219089 off 0.05712963744115831 neg 0.055116550636932674	false	0.5
banause	off 1.0		__DUMMY__ 0.8711981867286386 off 0.07601913438370478 neg 0.05278267888765663	false	1.0
rebell	neg 1.0		__DUMMY__ 0.8921339950941612 neg 0.054661727456455866 off 0.05320427744938299	false	1.0
unlogisch	neg 1.0		__DUMMY__ 0.878110051557346 off 0.0693770968246811 neg 0.052512851617972894	false	0.5
leiden	neg 1.0		__DUMMY__ 0.8922895018516508 off 0.055671337196432726 neg 0.0520391609519165	false	0.5
abschaffung	neg 1.0		__DUMMY__ 0.8857360120633635 off 0.061539719682929074 neg 0.05272426825370746	false	0.5
sturz	neg 1.0		__DUMMY__ 0.8892404022976265 off 0.06122876781787769 neg 0.049530829884495794	false	0.5
verkleinerung	neg 1.0		__DUMMY__ 0.8803499896340954 off 0.06418786185529349 neg 0.055462148510611146	false	0.5
schmarotzer	off 1.0		__DUMMY__ 0.8833459623975641 off 0.05981930606350637 neg 0.056834731538929525	false	1.0
bestrafung	neg 1.0		__DUMMY__ 0.8868607613976848 off 0.06241612545721429 neg 0.050723113145100876	false	0.5
achtlos	neg 1.0	neg 1.0	neg 0.508968132035626 __DUMMY__ 0.44512451542902126 off 0.045907352535352754	false	1.0
ungeheuer	neg 1.0		__DUMMY__ 0.8867262301751062 off 0.06347351738010264 neg 0.04980025244479116	false	0.5
unaufrichtig	neg 1.0		__DUMMY__ 0.8870537276167948 off 0.06430009686292193 neg 0.04864617552028331	false	0.5
